dep;jour;n_dose1;n_complet;n_cum_dose1;n_cum_complet;couv_dose1;couv_complet
01;2020-12-27;0;0;0;0;0.0;0.0
01;2020-12-28;0;0;0;0;0.0;0.0
01;2020-12-29;0;0;0;0;0.0;0.0
01;2020-12-30;0;0;0;0;0.0;0.0
01;2020-12-31;0;0;0;0;0.0;0.0
01;2021-01-01;0;0;0;0;0.0;0.0
01;2021-01-02;0;0;0;0;0.0;0.0
01;2021-01-03;0;0;0;0;0.0;0.0
01;2021-01-04;0;0;0;0;0.0;0.0
01;2021-01-05;1;0;1;0;0.0;0.0
01;2021-01-06;1;0;2;0;0.0;0.0
01;2021-01-07;67;0;69;0;0.0;0.0
01;2021-01-08;159;0;228;0;0.0;0.0
01;2021-01-09;2;0;230;0;0.0;0.0
01;2021-01-10;0;0;230;0;0.0;0.0
01;2021-01-11;147;0;377;0;0.1;0.0
01;2021-01-12;317;2;694;2;0.1;0.0
01;2021-01-13;444;1;1138;3;0.2;0.0
01;2021-01-14;526;3;1664;6;0.3;0.0
01;2021-01-15;396;3;2060;9;0.3;0.0
01;2021-01-16;202;0;2262;9;0.3;0.0
01;2021-01-17;128;0;2390;9;0.4;0.0
01;2021-01-18;378;2;2768;11;0.4;0.0
01;2021-01-19;1039;1;3807;12;0.6;0.0
01;2021-01-20;1259;2;5066;14;0.8;0.0
01;2021-01-21;1094;4;6160;18;0.9;0.0
01;2021-01-22;646;0;6806;18;1.0;0.0
01;2021-01-23;222;0;7028;18;1.1;0.0
01;2021-01-24;71;1;7099;19;1.1;0.0
01;2021-01-25;479;1;7578;20;1.2;0.0
01;2021-01-26;738;3;8316;23;1.3;0.0
01;2021-01-27;516;5;8832;28;1.3;0.0
01;2021-01-28;679;54;9511;82;1.4;0.0
01;2021-01-29;635;101;10146;183;1.5;0.0
01;2021-01-30;234;15;10380;198;1.6;0.0
01;2021-01-31;59;0;10439;198;1.6;0.0
01;2021-02-01;448;75;10887;273;1.7;0.0
01;2021-02-02;509;184;11396;457;1.7;0.1
01;2021-02-03;371;298;11767;755;1.8;0.1
01;2021-02-04;477;419;12244;1174;1.9;0.2
01;2021-02-05;437;281;12681;1455;1.9;0.2
01;2021-02-06;260;139;12941;1594;2.0;0.2
01;2021-02-07;2;113;12943;1707;2.0;0.3
01;2021-02-08;504;408;13447;2115;2.0;0.3
01;2021-02-09;769;854;14216;2969;2.2;0.5
01;2021-02-10;941;720;15157;3689;2.3;0.6
01;2021-02-11;787;772;15944;4461;2.4;0.7
01;2021-02-12;636;554;16580;5015;2.5;0.8
01;2021-02-13;158;149;16738;5164;2.5;0.8
01;2021-02-14;0;9;16738;5173;2.5;0.8
01;2021-02-15;435;445;17173;5618;2.6;0.9
01;2021-02-16;653;411;17826;6029;2.7;0.9
01;2021-02-17;516;244;18342;6273;2.8;1.0
01;2021-02-18;589;564;18931;6837;2.9;1.0
01;2021-02-19;576;244;19507;7081;3.0;1.1
01;2021-02-20;200;154;19707;7235;3.0;1.1
01;2021-02-21;0;1;19707;7236;3.0;1.1
01;2021-02-22;427;554;20134;7790;3.1;1.2
01;2021-02-23;480;521;20614;8311;3.1;1.3
01;2021-02-24;435;465;21049;8776;3.2;1.3
01;2021-02-25;815;606;21864;9382;3.3;1.4
01;2021-02-26;866;562;22730;9944;3.5;1.5
01;2021-02-27;480;112;23210;10056;3.5;1.5
01;2021-02-28;20;3;23230;10059;3.5;1.5
01;2021-03-01;626;450;23856;10509;3.6;1.6
01;2021-03-02;948;550;24804;11059;3.8;1.7
01;2021-03-03;935;657;25739;11716;3.9;1.8
01;2021-03-04;1192;626;26931;12342;4.1;1.9
01;2021-03-05;1353;487;28284;12829;4.3;2.0
01;2021-03-06;779;91;29063;12920;4.4;2.0
01;2021-03-07;43;1;29106;12921;4.4;2.0
01;2021-03-08;665;617;29771;13538;4.5;2.1
01;2021-03-09;1330;597;31101;14135;4.7;2.2
01;2021-03-10;1161;525;32262;14660;4.9;2.2
01;2021-03-11;1667;618;33929;15278;5.2;2.3
01;2021-03-12;1999;620;35928;15898;5.5;2.4
01;2021-03-13;1499;78;37427;15976;5.7;2.4
01;2021-03-14;129;55;37556;16031;5.7;2.4
01;2021-03-15;1150;394;38706;16425;5.9;2.5
01;2021-03-16;1004;550;39710;16975;6.0;2.6
01;2021-03-17;833;337;40543;17312;6.2;2.6
01;2021-03-18;1279;456;41822;17768;6.4;2.7
01;2021-03-19;1741;519;43563;18287;6.6;2.8
01;2021-03-20;1442;121;45005;18408;6.9;2.8
01;2021-03-21;97;10;45102;18418;6.9;2.8
01;2021-03-22;1572;482;46674;18900;7.1;2.9
01;2021-03-23;2190;640;48864;19540;7.4;3.0
01;2021-03-24;1605;400;50469;19940;7.7;3.0
01;2021-03-25;2900;586;53369;20526;8.1;3.1
01;2021-03-26;2866;592;56235;21118;8.6;3.2
01;2021-03-27;1308;144;57543;21262;8.8;3.2
01;2021-03-28;21;1;57564;21263;8.8;3.2
01;2021-03-29;1926;541;59490;21804;9.1;3.3
01;2021-03-30;2508;740;61998;22544;9.4;3.4
01;2021-03-31;1864;616;63862;23160;9.7;3.5
01;2021-04-01;2552;827;66414;23987;10.1;3.7
01;2021-04-02;2813;687;69227;24674;10.5;3.8
01;2021-04-03;1256;116;70483;24790;10.7;3.8
01;2021-04-04;1;0;70484;24790;10.7;3.8
01;2021-04-05;1258;54;71742;24844;10.9;3.8
01;2021-04-06;2806;784;74548;25628;11.3;3.9
01;2021-04-07;2731;694;77279;26322;11.8;4.0
01;2021-04-08;3238;980;80517;27302;12.3;4.2
01;2021-04-09;3972;1302;84489;28604;12.9;4.4
01;2021-04-10;1822;291;86311;28895;13.1;4.4
01;2021-04-11;41;22;86352;28917;13.1;4.4
01;2021-04-12;2710;1211;89062;30128;13.6;4.6
01;2021-04-13;2928;1297;91990;31425;14.0;4.8
01;2021-04-14;3110;1068;95100;32493;14.5;4.9
01;2021-04-15;3070;1453;98170;33946;14.9;5.2
01;2021-04-16;2860;1560;101030;35506;15.4;5.4
01;2021-04-17;1654;676;102684;36182;15.6;5.5
01;2021-04-18;13;0;102697;36182;15.6;5.5
01;2021-04-19;2037;1519;104734;37701;15.9;5.7
01;2021-04-20;2658;1562;107392;39263;16.3;6.0
01;2021-04-21;2680;1336;110072;40599;16.8;6.2
01;2021-04-22;2828;1516;112900;42115;17.2;6.4
01;2021-04-23;2753;1506;115653;43621;17.6;6.6
01;2021-04-24;1444;645;117097;44266;17.8;6.7
01;2021-04-25;9;0;117106;44266;17.8;6.7
01;2021-04-26;1969;1714;119075;45980;18.1;7.0
01;2021-04-27;2568;1538;121643;47518;18.5;7.2
01;2021-04-28;2498;1563;124141;49081;18.9;7.5
01;2021-04-29;2716;1761;126857;50842;19.3;7.7
01;2021-04-30;2983;2222;129840;53064;19.8;8.1
01;2021-05-01;1469;855;131309;53919;20.0;8.2
01;2021-05-02;543;73;131852;53992;20.1;8.2
01;2021-05-03;2292;2478;134144;56470;20.4;8.6
01;2021-05-04;2543;2648;136687;59118;20.8;9.0
01;2021-05-05;2520;2487;139207;61605;21.2;9.4
01;2021-05-06;2993;2504;142200;64109;21.6;9.8
01;2021-05-07;3218;2782;145418;66891;22.1;10.2
01;2021-05-08;1642;922;147060;67813;22.4;10.3
01;2021-05-09;1023;158;148083;67971;22.5;10.3
01;2021-05-10;2498;3066;150581;71037;22.9;10.8
01;2021-05-11;3580;3045;154161;74082;23.5;11.3
01;2021-05-12;3647;2966;157808;77048;24.0;11.7
01;2021-05-13;4087;1496;161895;78544;24.6;12.0
01;2021-05-14;4270;2336;166165;80880;25.3;12.3
01;2021-05-15;3152;1425;169317;82305;25.8;12.5
01;2021-05-16;1410;149;170727;82454;26.0;12.6
01;2021-05-17;3432;2461;174159;84915;26.5;12.9
01;2021-05-18;4066;1944;178225;86859;27.1;13.2
01;2021-05-19;3967;1894;182192;88753;27.7;13.5
01;2021-05-20;4523;2008;186715;90761;28.4;13.8
01;2021-05-21;4611;2193;191326;92954;29.1;14.1
01;2021-05-22;3363;944;194689;93898;29.6;14.3
01;2021-05-23;830;82;195519;93980;29.8;14.3
01;2021-05-24;2761;499;198280;94479;30.2;14.4
01;2021-05-25;3554;2422;201834;96901;30.7;14.8
01;2021-05-26;3568;2240;205402;99141;31.3;15.1
01;2021-05-27;3845;2095;209247;101236;31.9;15.4
01;2021-05-28;3663;2640;212910;103876;32.4;15.8
01;2021-05-29;3056;1297;215966;105173;32.9;16.0
01;2021-05-30;613;89;216579;105262;33.0;16.0
01;2021-05-31;2400;2513;218979;107775;33.3;16.4
01;2021-06-01;2762;2577;221741;110352;33.8;16.8
01;2021-06-02;2870;2176;224611;112528;34.2;17.1
01;2021-06-03;3357;2422;227968;114950;34.7;17.5
01;2021-06-04;4499;3348;232467;118298;35.4;18.0
01;2021-06-05;3250;1716;235717;120014;35.9;18.3
01;2021-06-06;669;78;236386;120092;36.0;18.3
01;2021-06-07;3388;2865;239774;122957;36.5;18.7
01;2021-06-08;3643;2705;243417;125662;37.1;19.1
01;2021-06-09;2932;2627;246349;128289;37.5;19.5
01;2021-06-10;2741;2035;249090;130324;37.9;19.8
01;2021-06-11;3058;3358;252148;133682;38.4;20.3
01;2021-06-12;2397;2195;254545;135877;38.7;20.7
01;2021-06-13;199;478;254744;136355;38.8;20.8
01;2021-06-14;2109;3156;256853;139511;39.1;21.2
01;2021-06-15;1989;3356;258842;142867;39.4;21.7
01;2021-06-16;2161;3279;261003;146146;39.7;22.2
01;2021-06-17;1945;3166;262948;149312;40.0;22.7
01;2021-06-18;2572;4158;265520;153470;40.4;23.4
01;2021-06-19;1722;2553;267242;156023;40.7;23.7
01;2021-06-20;158;498;267400;156521;40.7;23.8
01;2021-06-21;1788;3706;269188;160227;41.0;24.4
01;2021-06-22;1541;4001;270729;164228;41.2;25.0
01;2021-06-23;1579;3756;272308;167984;41.5;25.6
01;2021-06-24;1460;3571;273768;171555;41.7;26.1
01;2021-06-25;1877;4575;275645;176130;42.0;26.8
01;2021-06-26;1198;2951;276843;179081;42.1;27.3
01;2021-06-27;170;340;277013;179421;42.2;27.3
01;2021-06-28;1370;4031;278383;183452;42.4;27.9
01;2021-06-29;1370;3854;279753;187306;42.6;28.5
01;2021-06-30;1345;4159;281098;191465;42.8;29.1
01;2021-07-01;1361;4089;282459;195554;43.0;29.8
01;2021-07-02;1562;4984;284021;200538;43.2;30.5
01;2021-07-03;852;3370;284873;203908;43.4;31.0
01;2021-07-04;101;498;284974;204406;43.4;31.1
01;2021-07-05;1458;4088;286432;208494;43.6;31.7
01;2021-07-06;1086;4286;287518;212780;43.8;32.4
01;2021-07-07;1625;3703;289143;216483;44.0;33.0
01;2021-07-08;1446;3677;290589;220160;44.2;33.5
01;2021-07-09;1873;4362;292462;224522;44.5;34.2
01;2021-07-10;1111;3448;293573;227970;44.7;34.7
01;2021-07-11;104;419;293677;228389;44.7;34.8
01;2021-07-12;1409;3845;295086;232234;44.9;35.4
01;2021-07-13;2039;4117;297125;236351;45.2;36.0
01;2021-07-14;137;180;297262;236531;45.2;36.0
01;2021-07-15;3070;4182;300332;240713;45.7;36.6
01;2021-07-16;3729;4809;304061;245522;46.3;37.4
01;2021-07-17;2158;3020;306219;248542;46.6;37.8
01;2021-07-18;286;552;306505;249094;46.7;37.9
01;2021-07-19;2899;3840;309404;252934;47.1;38.5
01;2021-07-20;3264;3675;312668;256609;47.6;39.1
01;2021-07-21;3901;3536;316569;260145;48.2;39.6
02;2020-12-27;0;0;0;0;0.0;0.0
02;2020-12-28;0;0;0;0;0.0;0.0
02;2020-12-29;0;0;0;0;0.0;0.0
02;2020-12-30;0;0;0;0;0.0;0.0
02;2020-12-31;0;0;0;0;0.0;0.0
02;2021-01-01;0;0;0;0;0.0;0.0
02;2021-01-02;0;0;0;0;0.0;0.0
02;2021-01-03;0;0;0;0;0.0;0.0
02;2021-01-04;0;0;0;0;0.0;0.0
02;2021-01-05;0;0;0;0;0.0;0.0
02;2021-01-06;22;0;22;0;0.0;0.0
02;2021-01-07;261;1;283;1;0.1;0.0
02;2021-01-08;488;2;771;3;0.1;0.0
02;2021-01-09;74;0;845;3;0.2;0.0
02;2021-01-10;49;0;894;3;0.2;0.0
02;2021-01-11;267;0;1161;3;0.2;0.0
02;2021-01-12;355;1;1516;4;0.3;0.0
02;2021-01-13;468;2;1984;6;0.4;0.0
02;2021-01-14;650;10;2634;16;0.5;0.0
02;2021-01-15;629;6;3263;22;0.6;0.0
02;2021-01-16;333;5;3596;27;0.7;0.0
02;2021-01-17;61;0;3657;27;0.7;0.0
02;2021-01-18;810;4;4467;31;0.8;0.0
02;2021-01-19;942;5;5409;36;1.0;0.0
02;2021-01-20;1429;5;6838;41;1.3;0.0
02;2021-01-21;2597;2;9435;43;1.8;0.0
02;2021-01-22;1418;1;10853;44;2.1;0.0
02;2021-01-23;288;1;11141;45;2.1;0.0
02;2021-01-24;67;0;11208;45;2.1;0.0
02;2021-01-25;432;10;11640;55;2.2;0.0
02;2021-01-26;704;13;12344;68;2.3;0.0
02;2021-01-27;159;2;12503;70;2.4;0.0
02;2021-01-28;69;248;12572;318;2.4;0.1
02;2021-01-29;119;421;12691;739;2.4;0.1
02;2021-01-30;4;14;12695;753;2.4;0.1
02;2021-01-31;0;10;12695;763;2.4;0.1
02;2021-02-01;11;214;12706;977;2.4;0.2
02;2021-02-02;45;331;12751;1308;2.4;0.2
02;2021-02-03;124;340;12875;1648;2.4;0.3
02;2021-02-04;225;359;13100;2007;2.5;0.4
02;2021-02-05;178;418;13278;2425;2.5;0.5
02;2021-02-06;65;175;13343;2600;2.5;0.5
02;2021-02-07;9;0;13352;2600;2.5;0.5
02;2021-02-08;305;436;13657;3036;2.6;0.6
02;2021-02-09;322;681;13979;3717;2.7;0.7
02;2021-02-10;484;1046;14463;4763;2.7;0.9
02;2021-02-11;940;1907;15403;6670;2.9;1.3
02;2021-02-12;885;1120;16288;7790;3.1;1.5
02;2021-02-13;290;129;16578;7919;3.2;1.5
02;2021-02-14;1;5;16579;7924;3.2;1.5
02;2021-02-15;344;682;16923;8606;3.2;1.6
02;2021-02-16;410;571;17333;9177;3.3;1.7
02;2021-02-17;498;634;17831;9811;3.4;1.9
02;2021-02-18;507;446;18338;10257;3.5;1.9
02;2021-02-19;443;572;18781;10829;3.6;2.1
02;2021-02-20;372;231;19153;11060;3.6;2.1
02;2021-02-21;39;17;19192;11077;3.6;2.1
02;2021-02-22;377;316;19569;11393;3.7;2.2
02;2021-02-23;432;362;20001;11755;3.8;2.2
02;2021-02-24;600;145;20601;11900;3.9;2.3
02;2021-02-25;869;135;21470;12035;4.1;2.3
02;2021-02-26;806;70;22276;12105;4.2;2.3
02;2021-02-27;443;9;22719;12114;4.3;2.3
02;2021-02-28;54;1;22773;12115;4.3;2.3
02;2021-03-01;637;24;23410;12139;4.5;2.3
02;2021-03-02;1032;100;24442;12239;4.6;2.3
02;2021-03-03;752;204;25194;12443;4.8;2.4
02;2021-03-04;1160;665;26354;13108;5.0;2.5
02;2021-03-05;1047;500;27401;13608;5.2;2.6
02;2021-03-06;2138;92;29539;13700;5.6;2.6
02;2021-03-07;1503;36;31042;13736;5.9;2.6
02;2021-03-08;571;363;31613;14099;6.0;2.7
02;2021-03-09;997;396;32610;14495;6.2;2.8
02;2021-03-10;894;461;33504;14956;6.4;2.8
02;2021-03-11;1294;383;34798;15339;6.6;2.9
02;2021-03-12;1702;403;36500;15742;6.9;3.0
02;2021-03-13;2590;217;39090;15959;7.4;3.0
02;2021-03-14;1454;31;40544;15990;7.7;3.0
02;2021-03-15;612;450;41156;16440;7.8;3.1
02;2021-03-16;863;394;42019;16834;8.0;3.2
02;2021-03-17;758;450;42777;17284;8.1;3.3
02;2021-03-18;607;620;43384;17904;8.2;3.4
02;2021-03-19;1172;297;44556;18201;8.5;3.5
02;2021-03-20;2428;141;46984;18342;8.9;3.5
02;2021-03-21;1488;66;48472;18408;9.2;3.5
02;2021-03-22;759;496;49231;18904;9.4;3.6
02;2021-03-23;1196;542;50427;19446;9.6;3.7
02;2021-03-24;1581;489;52008;19935;9.9;3.8
02;2021-03-25;1693;581;53701;20516;10.2;3.9
02;2021-03-26;2410;472;56111;20988;10.7;4.0
02;2021-03-27;2496;110;58607;21098;11.1;4.0
02;2021-03-28;637;9;59244;21107;11.3;4.0
02;2021-03-29;1037;855;60281;21962;11.5;4.2
02;2021-03-30;1554;836;61835;22798;11.8;4.3
02;2021-03-31;1299;713;63134;23511;12.0;4.5
02;2021-04-01;1290;846;64424;24357;12.2;4.6
02;2021-04-02;1180;1225;65604;25582;12.5;4.9
02;2021-04-03;2646;840;68250;26422;13.0;5.0
02;2021-04-04;727;235;68977;26657;13.1;5.1
02;2021-04-05;1508;125;70485;26782;13.4;5.1
02;2021-04-06;1541;845;72026;27627;13.7;5.3
02;2021-04-07;1862;773;73888;28400;14.0;5.4
02;2021-04-08;1919;1097;75807;29497;14.4;5.6
02;2021-04-09;2431;1077;78238;30574;14.9;5.8
02;2021-04-10;2429;1195;80667;31769;15.3;6.0
02;2021-04-11;476;415;81143;32184;15.4;6.1
02;2021-04-12;1824;623;82967;32807;15.8;6.2
02;2021-04-13;1596;916;84563;33723;16.1;6.4
02;2021-04-14;2585;950;87148;34673;16.6;6.6
02;2021-04-15;2496;750;89644;35423;17.0;6.7
02;2021-04-16;2437;1110;92081;36533;17.5;6.9
02;2021-04-17;1888;2136;93969;38669;17.9;7.4
02;2021-04-18;270;814;94239;39483;17.9;7.5
02;2021-04-19;1159;627;95398;40110;18.1;7.6
02;2021-04-20;1676;756;97074;40866;18.5;7.8
02;2021-04-21;1549;977;98623;41843;18.7;8.0
02;2021-04-22;1749;694;100372;42537;19.1;8.1
02;2021-04-23;1925;1397;102297;43934;19.4;8.4
02;2021-04-24;1708;1634;104005;45568;19.8;8.7
02;2021-04-25;462;234;104467;45802;19.9;8.7
02;2021-04-26;1340;556;105807;46358;20.1;8.8
02;2021-04-27;1626;1091;107433;47449;20.4;9.0
02;2021-04-28;1593;1432;109026;48881;20.7;9.3
02;2021-04-29;1881;1172;110907;50053;21.1;9.5
02;2021-04-30;2716;1644;113623;51697;21.6;9.8
02;2021-05-01;1987;1211;115610;52908;22.0;10.1
02;2021-05-02;1983;405;117593;53313;22.4;10.1
02;2021-05-03;2223;979;119816;54292;22.8;10.3
02;2021-05-04;1525;1314;121341;55606;23.1;10.6
02;2021-05-05;2329;1832;123670;57438;23.5;10.9
02;2021-05-06;2120;1724;125790;59162;23.9;11.2
02;2021-05-07;2357;2168;128147;61330;24.4;11.7
02;2021-05-08;2916;933;131063;62263;24.9;11.8
02;2021-05-09;1822;420;132885;62683;25.3;11.9
02;2021-05-10;2374;1474;135259;64157;25.7;12.2
02;2021-05-11;2876;1560;138135;65717;26.3;12.5
02;2021-05-12;2671;1618;140806;67335;26.8;12.8
02;2021-05-13;2988;1035;143794;68370;27.3;13.0
02;2021-05-14;3378;1202;147172;69572;28.0;13.2
02;2021-05-15;4372;1073;151544;70645;28.8;13.4
02;2021-05-16;2796;209;154340;70854;29.3;13.5
02;2021-05-17;2147;655;156487;71509;29.7;13.6
02;2021-05-18;2634;960;159121;72469;30.2;13.8
02;2021-05-19;2851;986;161972;73455;30.8;14.0
02;2021-05-20;3552;1222;165524;74677;31.5;14.2
02;2021-05-21;3815;1055;169339;75732;32.2;14.4
02;2021-05-22;5849;953;175188;76685;33.3;14.6
02;2021-05-23;2658;237;177846;76922;33.8;14.6
02;2021-05-24;3542;536;181388;77458;34.5;14.7
02;2021-05-25;2261;1148;183649;78606;34.9;14.9
02;2021-05-26;3079;1486;186728;80092;35.5;15.2
02;2021-05-27;3650;1481;190378;81573;36.2;15.5
02;2021-05-28;3512;1579;193890;83152;36.9;15.8
02;2021-05-29;4082;1577;197972;84729;37.6;16.1
02;2021-05-30;1449;182;199421;84911;37.9;16.1
02;2021-05-31;2579;1191;202000;86102;38.4;16.4
02;2021-06-01;2866;1867;204866;87969;38.9;16.7
02;2021-06-02;3159;1635;208025;89604;39.5;17.0
02;2021-06-03;2840;1827;210865;91431;40.1;17.4
02;2021-06-04;3139;2050;214004;93481;40.7;17.8
02;2021-06-05;3429;1726;217433;95207;41.3;18.1
02;2021-06-06;1731;258;219164;95465;41.7;18.1
02;2021-06-07;1612;1497;220776;96962;42.0;18.4
02;2021-06-08;2058;1840;222834;98802;42.4;18.8
02;2021-06-09;2052;1648;224886;100450;42.7;19.1
02;2021-06-10;1996;1830;226882;102280;43.1;19.4
02;2021-06-11;2195;3071;229077;105351;43.5;20.0
02;2021-06-12;2310;2590;231387;107941;44.0;20.5
02;2021-06-13;681;1386;232068;109327;44.1;20.8
02;2021-06-14;1047;2394;233115;111721;44.3;21.2
02;2021-06-15;1519;2462;234634;114183;44.6;21.7
02;2021-06-16;1528;2746;236162;116929;44.9;22.2
02;2021-06-17;1773;2855;237935;119784;45.2;22.8
02;2021-06-18;2304;3564;240239;123348;45.7;23.4
02;2021-06-19;1835;3816;242074;127164;46.0;24.2
02;2021-06-20;643;1520;242717;128684;46.1;24.5
02;2021-06-21;804;3196;243521;131880;46.3;25.1
02;2021-06-22;1145;3669;244666;135549;46.5;25.8
02;2021-06-23;1204;3594;245870;139143;46.7;26.5
02;2021-06-24;1316;3157;247186;142300;47.0;27.1
02;2021-06-25;1391;4562;248577;146862;47.3;27.9
02;2021-06-26;1342;4227;249919;151089;47.5;28.7
02;2021-06-27;595;2333;250514;153422;47.6;29.2
02;2021-06-28;873;3031;251387;156453;47.8;29.7
02;2021-06-29;907;2928;252294;159381;48.0;30.3
02;2021-06-30;1400;3157;253694;162538;48.2;30.9
02;2021-07-01;1182;3588;254876;166126;48.5;31.6
02;2021-07-02;1308;5143;256184;171269;48.7;32.6
02;2021-07-03;990;5987;257174;177256;48.9;33.7
02;2021-07-04;507;2374;257681;179630;49.0;34.1
02;2021-07-05;651;3943;258332;183573;49.1;34.9
02;2021-07-06;665;3046;258997;186619;49.2;35.5
02;2021-07-07;1307;3735;260304;190354;49.5;36.2
02;2021-07-08;1385;3877;261689;194231;49.7;36.9
02;2021-07-09;1273;4215;262962;198446;50.0;37.7
02;2021-07-10;1323;4606;264285;203052;50.2;38.6
02;2021-07-11;479;1965;264764;205017;50.3;39.0
02;2021-07-12;1404;3717;266168;208734;50.6;39.7
02;2021-07-13;2057;3649;268225;212383;51.0;40.4
02;2021-07-14;1752;1591;269977;213974;51.3;40.7
02;2021-07-15;2710;3530;272687;217504;51.8;41.3
02;2021-07-16;3136;4206;275823;221710;52.4;42.1
02;2021-07-17;3546;4190;279369;225900;53.1;42.9
02;2021-07-18;2035;1599;281404;227499;53.5;43.2
02;2021-07-19;3415;3001;284819;230500;54.1;43.8
02;2021-07-20;3471;3271;288290;233771;54.8;44.4
02;2021-07-21;3742;2879;292032;236650;55.5;45.0
03;2020-12-27;0;0;0;0;0.0;0.0
03;2020-12-28;0;0;0;0;0.0;0.0
03;2020-12-29;0;0;0;0;0.0;0.0
03;2020-12-30;0;0;0;0;0.0;0.0
03;2020-12-31;0;0;0;0;0.0;0.0
03;2021-01-01;0;0;0;0;0.0;0.0
03;2021-01-02;0;0;0;0;0.0;0.0
03;2021-01-03;0;0;0;0;0.0;0.0
03;2021-01-04;0;0;0;0;0.0;0.0
03;2021-01-05;0;0;0;0;0.0;0.0
03;2021-01-06;10;0;10;0;0.0;0.0
03;2021-01-07;61;0;71;0;0.0;0.0
03;2021-01-08;146;1;217;1;0.1;0.0
03;2021-01-09;122;0;339;1;0.1;0.0
03;2021-01-10;6;0;345;1;0.1;0.0
03;2021-01-11;412;0;757;1;0.2;0.0
03;2021-01-12;631;0;1388;1;0.4;0.0
03;2021-01-13;669;2;2057;3;0.6;0.0
03;2021-01-14;860;4;2917;7;0.9;0.0
03;2021-01-15;322;1;3239;8;1.0;0.0
03;2021-01-16;277;0;3516;8;1.1;0.0
03;2021-01-17;42;0;3558;8;1.1;0.0
03;2021-01-18;878;0;4436;8;1.3;0.0
03;2021-01-19;1150;1;5586;9;1.7;0.0
03;2021-01-20;1289;2;6875;11;2.1;0.0
03;2021-01-21;1199;5;8074;16;2.4;0.0
03;2021-01-22;1116;3;9190;19;2.8;0.0
03;2021-01-23;465;0;9655;19;2.9;0.0
03;2021-01-24;0;0;9655;19;2.9;0.0
03;2021-01-25;187;0;9842;19;3.0;0.0
03;2021-01-26;678;14;10520;33;3.2;0.0
03;2021-01-27;695;10;11215;43;3.4;0.0
03;2021-01-28;1018;45;12233;88;3.7;0.0
03;2021-01-29;855;82;13088;170;4.0;0.1
03;2021-01-30;600;2;13688;172;4.1;0.1
03;2021-01-31;0;0;13688;172;4.1;0.1
03;2021-02-01;160;76;13848;248;4.2;0.1
03;2021-02-02;765;269;14613;517;4.4;0.2
03;2021-02-03;1055;491;15668;1008;4.7;0.3
03;2021-02-04;1545;632;17213;1640;5.2;0.5
03;2021-02-05;943;316;18156;1956;5.5;0.6
03;2021-02-06;150;13;18306;1969;5.5;0.6
03;2021-02-07;5;0;18311;1969;5.5;0.6
03;2021-02-08;128;56;18439;2025;5.6;0.6
03;2021-02-09;610;441;19049;2466;5.7;0.7
03;2021-02-10;483;339;19532;2805;5.9;0.8
03;2021-02-11;1025;576;20557;3381;6.2;1.0
03;2021-02-12;1074;550;21631;3931;6.5;1.2
03;2021-02-13;126;168;21757;4099;6.6;1.2
03;2021-02-14;0;1;21757;4100;6.6;1.2
03;2021-02-15;308;861;22065;4961;6.7;1.5
03;2021-02-16;547;1171;22612;6132;6.8;1.9
03;2021-02-17;453;1364;23065;7496;7.0;2.3
03;2021-02-18;367;1273;23432;8769;7.1;2.6
03;2021-02-19;496;798;23928;9567;7.2;2.9
03;2021-02-20;128;185;24056;9752;7.3;2.9
03;2021-02-21;1;1;24057;9753;7.3;2.9
03;2021-02-22;159;205;24216;9958;7.3;3.0
03;2021-02-23;721;950;24937;10908;7.5;3.3
03;2021-02-24;609;1022;25546;11930;7.7;3.6
03;2021-02-25;1090;1836;26636;13766;8.0;4.2
03;2021-02-26;820;1371;27456;15137;8.3;4.6
03;2021-02-27;96;258;27552;15395;8.3;4.6
03;2021-02-28;0;15;27552;15410;8.3;4.7
03;2021-03-01;178;241;27730;15651;8.4;4.7
03;2021-03-02;818;662;28548;16313;8.6;4.9
03;2021-03-03;893;445;29441;16758;8.9;5.1
03;2021-03-04;1527;583;30968;17341;9.3;5.2
03;2021-03-05;1118;717;32086;18058;9.7;5.5
03;2021-03-06;913;109;32999;18167;10.0;5.5
03;2021-03-07;2;0;33001;18167;10.0;5.5
03;2021-03-08;237;245;33238;18412;10.0;5.6
03;2021-03-09;1015;435;34253;18847;10.3;5.7
03;2021-03-10;940;543;35193;19390;10.6;5.9
03;2021-03-11;1674;641;36867;20031;11.1;6.0
03;2021-03-12;1300;860;38167;20891;11.5;6.3
03;2021-03-13;861;108;39028;20999;11.8;6.3
03;2021-03-14;2;9;39030;21008;11.8;6.3
03;2021-03-15;249;200;39279;21208;11.9;6.4
03;2021-03-16;650;398;39929;21606;12.1;6.5
03;2021-03-17;1300;436;41229;22042;12.4;6.7
03;2021-03-18;1720;386;42949;22428;13.0;6.8
03;2021-03-19;1726;355;44675;22783;13.5;6.9
03;2021-03-20;301;20;44976;22803;13.6;6.9
03;2021-03-21;0;0;44976;22803;13.6;6.9
03;2021-03-22;222;394;45198;23197;13.6;7.0
03;2021-03-23;1350;350;46548;23547;14.0;7.1
03;2021-03-24;1819;351;48367;23898;14.6;7.2
03;2021-03-25;2366;560;50733;24458;15.3;7.4
03;2021-03-26;2232;434;52965;24892;16.0;7.5
03;2021-03-27;816;20;53781;24912;16.2;7.5
03;2021-03-28;1;39;53782;24951;16.2;7.5
03;2021-03-29;657;175;54439;25126;16.4;7.6
03;2021-03-30;1906;440;56345;25566;17.0;7.7
03;2021-03-31;1011;986;57356;26552;17.3;8.0
03;2021-04-01;1331;1088;58687;27640;17.7;8.3
03;2021-04-02;1707;601;60394;28241;18.2;8.5
03;2021-04-03;365;95;60759;28336;18.3;8.6
03;2021-04-04;1;0;60760;28336;18.3;8.6
03;2021-04-05;16;14;60776;28350;18.3;8.6
03;2021-04-06;1071;403;61847;28753;18.7;8.7
03;2021-04-07;1561;502;63408;29255;19.1;8.8
03;2021-04-08;2119;467;65527;29722;19.8;9.0
03;2021-04-09;2057;1152;67584;30874;20.4;9.3
03;2021-04-10;1011;70;68595;30944;20.7;9.3
03;2021-04-11;477;9;69072;30953;20.8;9.3
03;2021-04-12;985;220;70057;31173;21.1;9.4
03;2021-04-13;1871;953;71928;32126;21.7;9.7
03;2021-04-14;2330;1197;74258;33323;22.4;10.1
03;2021-04-15;2619;1385;76877;34708;23.2;10.5
03;2021-04-16;2832;1151;79709;35859;24.1;10.8
03;2021-04-17;1082;433;80791;36292;24.4;11.0
03;2021-04-18;0;0;80791;36292;24.4;11.0
03;2021-04-19;1192;581;81983;36873;24.7;11.1
03;2021-04-20;1751;1260;83734;38133;25.3;11.5
03;2021-04-21;1123;1284;84857;39417;25.6;11.9
03;2021-04-22;1672;982;86529;40399;26.1;12.2
03;2021-04-23;2473;1235;89002;41634;26.9;12.6
03;2021-04-24;1302;898;90304;42532;27.3;12.8
03;2021-04-25;350;13;90654;42545;27.4;12.8
03;2021-04-26;1331;457;91985;43002;27.8;13.0
03;2021-04-27;1765;1502;93750;44504;28.3;13.4
03;2021-04-28;1928;1103;95678;45607;28.9;13.8
03;2021-04-29;2371;1229;98049;46836;29.6;14.1
03;2021-04-30;1929;796;99978;47632;30.2;14.4
03;2021-05-01;437;482;100415;48114;30.3;14.5
03;2021-05-02;1;1;100416;48115;30.3;14.5
03;2021-05-03;1909;768;102325;48883;30.9;14.8
03;2021-05-04;2840;1612;105165;50495;31.7;15.2
03;2021-05-05;2601;1309;107766;51804;32.5;15.6
03;2021-05-06;3093;2002;110859;53806;33.5;16.2
03;2021-05-07;4727;1782;115586;55588;34.9;16.8
03;2021-05-08;659;378;116245;55966;35.1;16.9
03;2021-05-09;48;512;116293;56478;35.1;17.0
03;2021-05-10;1891;1458;118184;57936;35.7;17.5
03;2021-05-11;3898;1822;122082;59758;36.8;18.0
03;2021-05-12;2970;1516;125052;61274;37.7;18.5
03;2021-05-13;4377;397;129429;61671;39.1;18.6
03;2021-05-14;3654;1685;133083;63356;40.2;19.1
03;2021-05-15;1942;488;135025;63844;40.8;19.3
03;2021-05-16;517;56;135542;63900;40.9;19.3
03;2021-05-17;1276;859;136818;64759;41.3;19.5
03;2021-05-18;3067;1492;139885;66251;42.2;20.0
03;2021-05-19;2617;959;142502;67210;43.0;20.3
03;2021-05-20;3329;1124;145831;68334;44.0;20.6
03;2021-05-21;4189;1273;150020;69607;45.3;21.0
03;2021-05-22;2012;357;152032;69964;45.9;21.1
03;2021-05-23;638;73;152670;70037;46.1;21.1
03;2021-05-24;2653;208;155323;70245;46.9;21.2
03;2021-05-25;3068;1681;158391;71926;47.8;21.7
03;2021-05-26;2336;1039;160727;72965;48.5;22.0
03;2021-05-27;2944;1119;163671;74084;49.4;22.4
03;2021-05-28;3841;2268;167512;76352;50.6;23.0
03;2021-05-29;1746;596;169258;76948;51.1;23.2
03;2021-05-30;243;23;169501;76971;51.2;23.2
03;2021-05-31;692;569;170193;77540;51.4;23.4
03;2021-06-01;2298;2343;172491;79883;52.1;24.1
03;2021-06-02;1529;1745;174020;81628;52.5;24.6
03;2021-06-03;2055;2752;176075;84380;53.1;25.5
03;2021-06-04;1697;2503;177772;86883;53.7;26.2
03;2021-06-05;1076;1141;178848;88024;54.0;26.6
03;2021-06-06;57;6;178905;88030;54.0;26.6
03;2021-06-07;782;1809;179687;89839;54.2;27.1
03;2021-06-08;1447;2549;181134;92388;54.7;27.9
03;2021-06-09;1240;1870;182374;94258;55.0;28.4
03;2021-06-10;1320;2119;183694;96377;55.4;29.1
03;2021-06-11;1417;3447;185111;99824;55.9;30.1
03;2021-06-12;828;823;185939;100647;56.1;30.4
03;2021-06-13;19;10;185958;100657;56.1;30.4
03;2021-06-14;379;2178;186337;102835;56.2;31.0
03;2021-06-15;1216;3834;187553;106669;56.6;32.2
03;2021-06-16;758;2882;188311;109551;56.8;33.1
03;2021-06-17;1039;3333;189350;112884;57.2;34.1
03;2021-06-18;1085;3979;190435;116863;57.5;35.3
03;2021-06-19;639;1619;191074;118482;57.7;35.8
03;2021-06-20;15;8;191089;118490;57.7;35.8
03;2021-06-21;421;2639;191510;121129;57.8;36.6
03;2021-06-22;940;4005;192450;125134;58.1;37.8
03;2021-06-23;645;3281;193095;128415;58.3;38.8
03;2021-06-24;949;3867;194044;132282;58.6;39.9
03;2021-06-25;875;3888;194919;136170;58.8;41.1
03;2021-06-26;491;2041;195410;138211;59.0;41.7
03;2021-06-27;49;485;195459;138696;59.0;41.9
03;2021-06-28;628;2097;196087;140793;59.2;42.5
03;2021-06-29;1012;3337;197099;144130;59.5;43.5
03;2021-06-30;823;3120;197922;147250;59.7;44.4
03;2021-07-01;959;2938;198881;150188;60.0;45.3
03;2021-07-02;890;4093;199771;154281;60.3;46.6
03;2021-07-03;470;1884;200241;156165;60.4;47.1
03;2021-07-04;19;333;200260;156498;60.4;47.2
03;2021-07-05;756;2380;201016;158878;60.7;48.0
03;2021-07-06;1090;3455;202106;162333;61.0;49.0
03;2021-07-07;792;2614;202898;164947;61.2;49.8
03;2021-07-08;1044;3036;203942;167983;61.6;50.7
03;2021-07-09;1425;3626;205367;171609;62.0;51.8
03;2021-07-10;485;1929;205852;173538;62.1;52.4
03;2021-07-11;60;493;205912;174031;62.1;52.5
03;2021-07-12;920;1151;206832;175182;62.4;52.9
03;2021-07-13;2516;3150;209348;178332;63.2;53.8
03;2021-07-14;193;22;209541;178354;63.2;53.8
03;2021-07-15;2548;2448;212089;180802;64.0;54.6
03;2021-07-16;2686;2253;214775;183055;64.8;55.3
03;2021-07-17;1018;1615;215793;184670;65.1;55.7
03;2021-07-18;20;5;215813;184675;65.1;55.7
03;2021-07-19;2374;1259;218187;185934;65.9;56.1
03;2021-07-20;3051;3024;221238;188958;66.8;57.0
03;2021-07-21;3194;1413;224432;190371;67.7;57.5
04;2020-12-27;0;0;0;0;0.0;0.0
04;2020-12-28;0;0;0;0;0.0;0.0
04;2020-12-29;0;0;0;0;0.0;0.0
04;2020-12-30;0;0;0;0;0.0;0.0
04;2020-12-31;0;0;0;0;0.0;0.0
04;2021-01-01;0;0;0;0;0.0;0.0
04;2021-01-02;0;0;0;0;0.0;0.0
04;2021-01-03;0;0;0;0;0.0;0.0
04;2021-01-04;0;0;0;0;0.0;0.0
04;2021-01-05;4;0;4;0;0.0;0.0
04;2021-01-06;0;0;4;0;0.0;0.0
04;2021-01-07;61;0;65;0;0.0;0.0
04;2021-01-08;88;0;153;0;0.1;0.0
04;2021-01-09;56;0;209;0;0.1;0.0
04;2021-01-10;0;0;209;0;0.1;0.0
04;2021-01-11;76;0;285;0;0.2;0.0
04;2021-01-12;418;1;703;1;0.4;0.0
04;2021-01-13;245;1;948;2;0.6;0.0
04;2021-01-14;90;2;1038;4;0.6;0.0
04;2021-01-15;165;3;1203;7;0.7;0.0
04;2021-01-16;105;2;1308;9;0.8;0.0
04;2021-01-17;14;0;1322;9;0.8;0.0
04;2021-01-18;235;9;1557;18;0.9;0.0
04;2021-01-19;466;4;2023;22;1.2;0.0
04;2021-01-20;572;5;2595;27;1.6;0.0
04;2021-01-21;612;5;3207;32;1.9;0.0
04;2021-01-22;637;1;3844;33;2.3;0.0
04;2021-01-23;109;0;3953;33;2.4;0.0
04;2021-01-24;0;0;3953;33;2.4;0.0
04;2021-01-25;239;0;4192;33;2.5;0.0
04;2021-01-26;656;0;4848;33;2.9;0.0
04;2021-01-27;480;0;5328;33;3.2;0.0
04;2021-01-28;665;21;5993;54;3.6;0.0
04;2021-01-29;367;41;6360;95;3.8;0.1
04;2021-01-30;65;41;6425;136;3.9;0.1
04;2021-01-31;1;5;6426;141;3.9;0.1
04;2021-02-01;236;149;6662;290;4.0;0.2
04;2021-02-02;530;223;7192;513;4.4;0.3
04;2021-02-03;367;162;7559;675;4.6;0.4
04;2021-02-04;355;52;7914;727;4.8;0.4
04;2021-02-05;377;224;8291;951;5.0;0.6
04;2021-02-06;50;96;8341;1047;5.0;0.6
04;2021-02-07;2;22;8343;1069;5.1;0.6
04;2021-02-08;163;71;8506;1140;5.1;0.7
04;2021-02-09;193;144;8699;1284;5.3;0.8
04;2021-02-10;252;171;8951;1455;5.4;0.9
04;2021-02-11;364;293;9315;1748;5.6;1.1
04;2021-02-12;292;318;9607;2066;5.8;1.3
04;2021-02-13;26;94;9633;2160;5.8;1.3
04;2021-02-14;0;0;9633;2160;5.8;1.3
04;2021-02-15;31;165;9664;2325;5.8;1.4
04;2021-02-16;82;521;9746;2846;5.9;1.7
04;2021-02-17;67;433;9813;3279;5.9;2.0
04;2021-02-18;45;613;9858;3892;6.0;2.4
04;2021-02-19;51;379;9909;4271;6.0;2.6
04;2021-02-20;5;71;9914;4342;6.0;2.6
04;2021-02-21;0;0;9914;4342;6.0;2.6
04;2021-02-22;7;298;9921;4640;6.0;2.8
04;2021-02-23;19;595;9940;5235;6.0;3.2
04;2021-02-24;38;428;9978;5663;6.0;3.4
04;2021-02-25;70;379;10048;6042;6.1;3.7
04;2021-02-26;215;332;10263;6374;6.2;3.9
04;2021-02-27;177;75;10440;6449;6.3;3.9
04;2021-02-28;1;0;10441;6449;6.3;3.9
04;2021-03-01;17;73;10458;6522;6.3;3.9
04;2021-03-02;135;41;10593;6563;6.4;4.0
04;2021-03-03;375;642;10968;7205;6.6;4.4
04;2021-03-04;207;490;11175;7695;6.8;4.7
04;2021-03-05;234;359;11409;8054;6.9;4.9
04;2021-03-06;911;66;12320;8120;7.5;4.9
04;2021-03-07;497;24;12817;8144;7.8;4.9
04;2021-03-08;44;83;12861;8227;7.8;5.0
04;2021-03-09;215;256;13076;8483;7.9;5.1
04;2021-03-10;401;371;13477;8854;8.2;5.4
04;2021-03-11;495;341;13972;9195;8.5;5.6
04;2021-03-12;696;202;14668;9397;8.9;5.7
04;2021-03-13;1082;58;15750;9455;9.5;5.7
04;2021-03-14;459;3;16209;9458;9.8;5.7
04;2021-03-15;92;13;16301;9471;9.9;5.7
04;2021-03-16;74;9;16375;9480;9.9;5.7
04;2021-03-17;531;73;16906;9553;10.2;5.8
04;2021-03-18;814;21;17720;9574;10.7;5.8
04;2021-03-19;722;30;18442;9604;11.2;5.8
04;2021-03-20;158;2;18600;9606;11.3;5.8
04;2021-03-21;0;0;18600;9606;11.3;5.8
04;2021-03-22;105;12;18705;9618;11.3;5.8
04;2021-03-23;243;6;18948;9624;11.5;5.8
04;2021-03-24;1021;50;19969;9674;12.1;5.9
04;2021-03-25;1324;42;21293;9716;12.9;5.9
04;2021-03-26;1448;60;22741;9776;13.8;5.9
04;2021-03-27;264;19;23005;9795;13.9;5.9
04;2021-03-28;2;0;23007;9795;13.9;5.9
04;2021-03-29;678;11;23685;9806;14.3;5.9
04;2021-03-30;1085;142;24770;9948;15.0;6.0
04;2021-03-31;1327;100;26097;10048;15.8;6.1
04;2021-04-01;1131;122;27228;10170;16.5;6.2
04;2021-04-02;1183;106;28411;10276;17.2;6.2
04;2021-04-03;248;20;28659;10296;17.3;6.2
04;2021-04-04;1;0;28660;10296;17.3;6.2
04;2021-04-05;33;1;28693;10297;17.4;6.2
04;2021-04-06;927;142;29620;10439;17.9;6.3
04;2021-04-07;883;428;30503;10867;18.5;6.6
04;2021-04-08;924;693;31427;11560;19.0;7.0
04;2021-04-09;675;413;32102;11973;19.4;7.2
04;2021-04-10;231;192;32333;12165;19.6;7.4
04;2021-04-11;153;65;32486;12230;19.7;7.4
04;2021-04-12;594;98;33080;12328;20.0;7.5
04;2021-04-13;1190;236;34270;12564;20.7;7.6
04;2021-04-14;990;498;35260;13062;21.3;7.9
04;2021-04-15;921;665;36181;13727;21.9;8.3
04;2021-04-16;817;455;36998;14182;22.4;8.6
04;2021-04-17;211;69;37209;14251;22.5;8.6
04;2021-04-18;0;13;37209;14264;22.5;8.6
04;2021-04-19;338;290;37547;14554;22.7;8.8
04;2021-04-20;1003;443;38550;14997;23.3;9.1
04;2021-04-21;654;745;39204;15742;23.7;9.5
04;2021-04-22;760;855;39964;16597;24.2;10.0
04;2021-04-23;693;532;40657;17129;24.6;10.4
04;2021-04-24;161;65;40818;17194;24.7;10.4
04;2021-04-25;0;0;40818;17194;24.7;10.4
04;2021-04-26;171;612;40989;17806;24.8;10.8
04;2021-04-27;394;965;41383;18771;25.1;11.4
04;2021-04-28;431;1087;41814;19858;25.3;12.0
04;2021-04-29;686;1126;42500;20984;25.7;12.7
04;2021-04-30;434;849;42934;21833;26.0;13.2
04;2021-05-01;104;22;43038;21855;26.1;13.2
04;2021-05-02;8;132;43046;21987;26.1;13.3
04;2021-05-03;151;552;43197;22539;26.1;13.6
04;2021-05-04;564;839;43761;23378;26.5;14.2
04;2021-05-05;510;928;44271;24306;26.8;14.7
04;2021-05-06;1160;588;45431;24894;27.5;15.1
04;2021-05-07;658;760;46089;25654;27.9;15.5
04;2021-05-08;48;98;46137;25752;27.9;15.6
04;2021-05-09;0;0;46137;25752;27.9;15.6
04;2021-05-10;466;296;46603;26048;28.2;15.8
04;2021-05-11;1202;907;47805;26955;28.9;16.3
04;2021-05-12;1390;736;49195;27691;29.8;16.8
04;2021-05-13;378;130;49573;27821;30.0;16.8
04;2021-05-14;441;294;50014;28115;30.3;17.0
04;2021-05-15;98;163;50112;28278;30.3;17.1
04;2021-05-16;1;6;50113;28284;30.3;17.1
04;2021-05-17;154;297;50267;28581;30.4;17.3
04;2021-05-18;391;975;50658;29556;30.7;17.9
04;2021-05-19;769;688;51427;30244;31.1;18.3
04;2021-05-20;1258;553;52685;30797;31.9;18.6
04;2021-05-21;848;786;53533;31583;32.4;19.1
04;2021-05-22;105;146;53638;31729;32.5;19.2
04;2021-05-23;1;1;53639;31730;32.5;19.2
04;2021-05-24;0;36;53639;31766;32.5;19.2
04;2021-05-25;866;595;54505;32361;33.0;19.6
04;2021-05-26;1047;786;55552;33147;33.6;20.1
04;2021-05-27;1357;631;56909;33778;34.4;20.4
04;2021-05-28;1120;657;58029;34435;35.1;20.8
04;2021-05-29;88;397;58117;34832;35.2;21.1
04;2021-05-30;3;1;58120;34833;35.2;21.1
04;2021-05-31;421;418;58541;35251;35.4;21.3
04;2021-06-01;641;636;59182;35887;35.8;21.7
04;2021-06-02;867;1062;60049;36949;36.3;22.4
04;2021-06-03;1195;853;61244;37802;37.1;22.9
04;2021-06-04;977;777;62221;38579;37.7;23.4
04;2021-06-05;141;201;62362;38780;37.8;23.5
04;2021-06-06;6;12;62368;38792;37.8;23.5
04;2021-06-07;564;317;62932;39109;38.1;23.7
04;2021-06-08;838;595;63770;39704;38.6;24.0
04;2021-06-09;1149;687;64919;40391;39.3;24.5
04;2021-06-10;1140;583;66059;40974;40.0;24.8
04;2021-06-11;944;611;67003;41585;40.6;25.2
04;2021-06-12;210;147;67213;41732;40.7;25.3
04;2021-06-13;1;1;67214;41733;40.7;25.3
04;2021-06-14;476;303;67690;42036;41.0;25.4
04;2021-06-15;641;1001;68331;43037;41.4;26.1
04;2021-06-16;1016;784;69347;43821;42.0;26.5
04;2021-06-17;993;959;70340;44780;42.6;27.1
04;2021-06-18;758;886;71098;45666;43.0;27.6
04;2021-06-19;38;85;71136;45751;43.1;27.7
04;2021-06-20;7;9;71143;45760;43.1;27.7
04;2021-06-21;304;614;71447;46374;43.2;28.1
04;2021-06-22;359;1304;71806;47678;43.5;28.9
04;2021-06-23;470;1312;72276;48990;43.8;29.7
04;2021-06-24;847;818;73123;49808;44.3;30.2
04;2021-06-25;460;636;73583;50444;44.5;30.5
04;2021-06-26;56;130;73639;50574;44.6;30.6
04;2021-06-27;4;4;73643;50578;44.6;30.6
04;2021-06-28;160;342;73803;50920;44.7;30.8
04;2021-06-29;367;829;74170;51749;44.9;31.3
04;2021-06-30;537;1121;74707;52870;45.2;32.0
04;2021-07-01;573;1212;75280;54082;45.6;32.7
04;2021-07-02;554;1085;75834;55167;45.9;33.4
04;2021-07-03;65;162;75899;55329;45.9;33.5
04;2021-07-04;6;6;75905;55335;45.9;33.5
04;2021-07-05;106;295;76011;55630;46.0;33.7
04;2021-07-06;498;1382;76509;57012;46.3;34.5
04;2021-07-07;485;1343;76994;58355;46.6;35.3
04;2021-07-08;713;1345;77707;59700;47.0;36.1
04;2021-07-09;580;1062;78287;60762;47.4;36.8
04;2021-07-10;91;175;78378;60937;47.4;36.9
04;2021-07-11;0;21;78378;60958;47.4;36.9
04;2021-07-12;125;654;78503;61612;47.5;37.3
04;2021-07-13;869;1537;79372;63149;48.0;38.2
04;2021-07-14;24;43;79396;63192;48.1;38.3
04;2021-07-15;1210;1727;80606;64919;48.8;39.3
04;2021-07-16;1076;1108;81682;66027;49.4;40.0
04;2021-07-17;439;228;82121;66255;49.7;40.1
04;2021-07-18;112;18;82233;66273;49.8;40.1
04;2021-07-19;482;651;82715;66924;50.1;40.5
04;2021-07-20;1286;1445;84001;68369;50.8;41.4
04;2021-07-21;1108;1154;85109;69523;51.5;42.1
05;2020-12-27;0;0;0;0;0.0;0.0
05;2020-12-28;1;0;1;0;0.0;0.0
05;2020-12-29;1;0;2;0;0.0;0.0
05;2020-12-30;0;0;2;0;0.0;0.0
05;2020-12-31;0;0;2;0;0.0;0.0
05;2021-01-01;1;0;3;0;0.0;0.0
05;2021-01-02;2;0;5;0;0.0;0.0
05;2021-01-03;1;0;6;0;0.0;0.0
05;2021-01-04;2;0;8;0;0.0;0.0
05;2021-01-05;0;0;8;0;0.0;0.0
05;2021-01-06;20;0;28;0;0.0;0.0
05;2021-01-07;128;0;156;0;0.1;0.0
05;2021-01-08;146;0;302;0;0.2;0.0
05;2021-01-09;11;0;313;0;0.2;0.0
05;2021-01-10;0;0;313;0;0.2;0.0
05;2021-01-11;43;0;356;0;0.3;0.0
05;2021-01-12;105;0;461;0;0.3;0.0
05;2021-01-13;140;0;601;0;0.4;0.0
05;2021-01-14;166;0;767;0;0.5;0.0
05;2021-01-15;128;1;895;1;0.6;0.0
05;2021-01-16;13;0;908;1;0.6;0.0
05;2021-01-17;0;0;908;1;0.6;0.0
05;2021-01-18;224;1;1132;2;0.8;0.0
05;2021-01-19;226;0;1358;2;1.0;0.0
05;2021-01-20;212;0;1570;2;1.1;0.0
05;2021-01-21;255;0;1825;2;1.3;0.0
05;2021-01-22;194;1;2019;3;1.4;0.0
05;2021-01-23;112;0;2131;3;1.5;0.0
05;2021-01-24;0;0;2131;3;1.5;0.0
05;2021-01-25;315;0;2446;3;1.7;0.0
05;2021-01-26;486;1;2932;4;2.1;0.0
05;2021-01-27;389;4;3321;8;2.3;0.0
05;2021-01-28;362;55;3683;63;2.6;0.0
05;2021-01-29;363;112;4046;175;2.9;0.1
05;2021-01-30;97;8;4143;183;2.9;0.1
05;2021-01-31;3;0;4146;183;2.9;0.1
05;2021-02-01;175;21;4321;204;3.0;0.1
05;2021-02-02;186;122;4507;326;3.2;0.2
05;2021-02-03;205;65;4712;391;3.3;0.3
05;2021-02-04;197;129;4909;520;3.5;0.4
05;2021-02-05;183;111;5092;631;3.6;0.4
05;2021-02-06;73;23;5165;654;3.6;0.5
05;2021-02-07;0;5;5165;659;3.6;0.5
05;2021-02-08;84;125;5249;784;3.7;0.6
05;2021-02-09;97;118;5346;902;3.8;0.6
05;2021-02-10;81;178;5427;1080;3.8;0.8
05;2021-02-11;87;138;5514;1218;3.9;0.9
05;2021-02-12;84;149;5598;1367;3.9;1.0
05;2021-02-13;75;32;5673;1399;4.0;1.0
05;2021-02-14;0;0;5673;1399;4.0;1.0
05;2021-02-15;97;191;5770;1590;4.1;1.1
05;2021-02-16;110;286;5880;1876;4.1;1.3
05;2021-02-17;136;233;6016;2109;4.2;1.5
05;2021-02-18;154;299;6170;2408;4.4;1.7
05;2021-02-19;158;322;6328;2730;4.5;1.9
05;2021-02-20;31;87;6359;2817;4.5;2.0
05;2021-02-21;0;0;6359;2817;4.5;2.0
05;2021-02-22;70;245;6429;3062;4.5;2.2
05;2021-02-23;18;238;6447;3300;4.5;2.3
05;2021-02-24;21;196;6468;3496;4.6;2.5
05;2021-02-25;56;178;6524;3674;4.6;2.6
05;2021-02-26;145;213;6669;3887;4.7;2.7
05;2021-02-27;65;171;6734;4058;4.8;2.9
05;2021-02-28;10;0;6744;4058;4.8;2.9
05;2021-03-01;90;170;6834;4228;4.8;3.0
05;2021-03-02;92;197;6926;4425;4.9;3.1
05;2021-03-03;111;225;7037;4650;5.0;3.3
05;2021-03-04;241;164;7278;4814;5.1;3.4
05;2021-03-05;576;189;7854;5003;5.5;3.5
05;2021-03-06;668;59;8522;5062;6.0;3.6
05;2021-03-07;515;16;9037;5078;6.4;3.6
05;2021-03-08;556;133;9593;5211;6.8;3.7
05;2021-03-09;517;158;10110;5369;7.1;3.8
05;2021-03-10;496;139;10606;5508;7.5;3.9
05;2021-03-11;372;131;10978;5639;7.7;4.0
05;2021-03-12;435;86;11413;5725;8.1;4.0
05;2021-03-13;791;82;12204;5807;8.6;4.1
05;2021-03-14;668;6;12872;5813;9.1;4.1
05;2021-03-15;353;125;13225;5938;9.3;4.2
05;2021-03-16;148;138;13373;6076;9.4;4.3
05;2021-03-17;261;120;13634;6196;9.6;4.4
05;2021-03-18;364;34;13998;6230;9.9;4.4
05;2021-03-19;449;58;14447;6288;10.2;4.4
05;2021-03-20;167;32;14614;6320;10.3;4.5
05;2021-03-21;0;0;14614;6320;10.3;4.5
05;2021-03-22;715;28;15329;6348;10.8;4.5
05;2021-03-23;804;9;16133;6357;11.4;4.5
05;2021-03-24;786;71;16919;6428;11.9;4.5
05;2021-03-25;899;49;17818;6477;12.6;4.6
05;2021-03-26;1021;41;18839;6518;13.3;4.6
05;2021-03-27;466;33;19305;6551;13.6;4.6
05;2021-03-28;10;0;19315;6551;13.6;4.6
05;2021-03-29;903;62;20218;6613;14.3;4.7
05;2021-03-30;1140;65;21358;6678;15.1;4.7
05;2021-03-31;823;249;22181;6927;15.6;4.9
05;2021-04-01;896;238;23077;7165;16.3;5.1
05;2021-04-02;665;373;23742;7538;16.7;5.3
05;2021-04-03;550;180;24292;7718;17.1;5.4
05;2021-04-04;350;62;24642;7780;17.4;5.5
05;2021-04-05;155;11;24797;7791;17.5;5.5
05;2021-04-06;646;265;25443;8056;17.9;5.7
05;2021-04-07;772;323;26215;8379;18.5;5.9
05;2021-04-08;734;331;26949;8710;19.0;6.1
05;2021-04-09;881;395;27830;9105;19.6;6.4
05;2021-04-10;713;385;28543;9490;20.1;6.7
05;2021-04-11;190;174;28733;9664;20.3;6.8
05;2021-04-12;732;257;29465;9921;20.8;7.0
05;2021-04-13;916;220;30381;10141;21.4;7.2
05;2021-04-14;665;325;31046;10466;21.9;7.4
05;2021-04-15;764;397;31810;10863;22.4;7.7
05;2021-04-16;732;408;32542;11271;23.0;8.0
05;2021-04-17;670;236;33212;11507;23.4;8.1
05;2021-04-18;305;23;33517;11530;23.6;8.1
05;2021-04-19;363;535;33880;12065;23.9;8.5
05;2021-04-20;479;625;34359;12690;24.2;9.0
05;2021-04-21;494;629;34853;13319;24.6;9.4
05;2021-04-22;385;545;35238;13864;24.9;9.8
05;2021-04-23;522;648;35760;14512;25.2;10.2
05;2021-04-24;346;383;36106;14895;25.5;10.5
05;2021-04-25;288;22;36394;14917;25.7;10.5
05;2021-04-26;365;704;36759;15621;25.9;11.0
05;2021-04-27;657;748;37416;16369;26.4;11.5
05;2021-04-28;466;719;37882;17088;26.7;12.1
05;2021-04-29;701;748;38583;17836;27.2;12.6
05;2021-04-30;506;751;39089;18587;27.6;13.1
05;2021-05-01;137;109;39226;18696;27.7;13.2
05;2021-05-02;266;110;39492;18806;27.9;13.3
05;2021-05-03;456;495;39948;19301;28.2;13.6
05;2021-05-04;383;502;40331;19803;28.5;14.0
05;2021-05-05;463;670;40794;20473;28.8;14.4
05;2021-05-06;646;717;41440;21190;29.2;14.9
05;2021-05-07;595;800;42035;21990;29.7;15.5
05;2021-05-08;480;174;42515;22164;30.0;15.6
05;2021-05-09;208;57;42723;22221;30.1;15.7
05;2021-05-10;498;691;43221;22912;30.5;16.2
05;2021-05-11;668;912;43889;23824;31.0;16.8
05;2021-05-12;646;731;44535;24555;31.4;17.3
05;2021-05-13;958;113;45493;24668;32.1;17.4
05;2021-05-14;825;492;46318;25160;32.7;17.7
05;2021-05-15;1042;353;47360;25513;33.4;18.0
05;2021-05-16;235;52;47595;25565;33.6;18.0
05;2021-05-17;483;431;48078;25996;33.9;18.3
05;2021-05-18;515;418;48593;26414;34.3;18.6
05;2021-05-19;724;456;49317;26870;34.8;19.0
05;2021-05-20;745;433;50062;27303;35.3;19.3
05;2021-05-21;706;511;50768;27814;35.8;19.6
05;2021-05-22;606;238;51374;28052;36.2;19.8
05;2021-05-23;277;59;51651;28111;36.4;19.8
05;2021-05-24;508;156;52159;28267;36.8;19.9
05;2021-05-25;513;482;52672;28749;37.2;20.3
05;2021-05-26;694;359;53366;29108;37.6;20.5
05;2021-05-27;797;570;54163;29678;38.2;20.9
05;2021-05-28;664;646;54827;30324;38.7;21.4
05;2021-05-29;567;546;55394;30870;39.1;21.8
05;2021-05-30;212;82;55606;30952;39.2;21.8
05;2021-05-31;575;496;56181;31448;39.6;22.2
05;2021-06-01;588;583;56769;32031;40.0;22.6
05;2021-06-02;682;702;57451;32733;40.5;23.1
05;2021-06-03;714;649;58165;33382;41.0;23.5
05;2021-06-04;1016;815;59181;34197;41.7;24.1
05;2021-06-05;807;503;59988;34700;42.3;24.5
05;2021-06-06;199;88;60187;34788;42.5;24.5
05;2021-06-07;605;836;60792;35624;42.9;25.1
05;2021-06-08;697;655;61489;36279;43.4;25.6
05;2021-06-09;648;780;62137;37059;43.8;26.1
05;2021-06-10;539;713;62676;37772;44.2;26.6
05;2021-06-11;763;722;63439;38494;44.8;27.2
05;2021-06-12;587;485;64026;38979;45.2;27.5
05;2021-06-13;112;91;64138;39070;45.2;27.6
05;2021-06-14;399;670;64537;39740;45.5;28.0
05;2021-06-15;543;913;65080;40653;45.9;28.7
05;2021-06-16;434;672;65514;41325;46.2;29.2
05;2021-06-17;356;802;65870;42127;46.5;29.7
05;2021-06-18;394;724;66264;42851;46.7;30.2
05;2021-06-19;420;572;66684;43423;47.0;30.6
05;2021-06-20;61;77;66745;43500;47.1;30.7
05;2021-06-21;317;645;67062;44145;47.3;31.1
05;2021-06-22;353;831;67415;44976;47.6;31.7
05;2021-06-23;352;764;67767;45740;47.8;32.3
05;2021-06-24;383;1021;68150;46761;48.1;33.0
05;2021-06-25;222;895;68372;47656;48.2;33.6
05;2021-06-26;290;1074;68662;48730;48.4;34.4
05;2021-06-27;126;169;68788;48899;48.5;34.5
05;2021-06-28;250;794;69038;49693;48.7;35.1
05;2021-06-29;248;784;69286;50477;48.9;35.6
05;2021-06-30;321;790;69607;51267;49.1;36.2
05;2021-07-01;377;791;69984;52058;49.4;36.7
05;2021-07-02;365;869;70349;52927;49.6;37.3
05;2021-07-03;301;738;70650;53665;49.8;37.9
05;2021-07-04;177;176;70827;53841;50.0;38.0
05;2021-07-05;262;783;71089;54624;50.1;38.5
05;2021-07-06;330;859;71419;55483;50.4;39.1
05;2021-07-07;390;783;71809;56266;50.7;39.7
05;2021-07-08;422;853;72231;57119;51.0;40.3
05;2021-07-09;417;998;72648;58117;51.2;41.0
05;2021-07-10;310;726;72958;58843;51.5;41.5
05;2021-07-11;172;116;73130;58959;51.6;41.6
05;2021-07-12;413;1013;73543;59972;51.9;42.3
05;2021-07-13;478;871;74021;60843;52.2;42.9
05;2021-07-14;836;301;74857;61144;52.8;43.1
05;2021-07-15;702;990;75559;62134;53.3;43.8
05;2021-07-16;1015;1440;76574;63574;54.0;44.8
05;2021-07-17;666;1295;77240;64869;54.5;45.8
05;2021-07-18;284;126;77524;64995;54.7;45.8
05;2021-07-19;566;794;78090;65789;55.1;46.4
05;2021-07-20;752;798;78842;66587;55.6;47.0
05;2021-07-21;863;837;79705;67424;56.2;47.6
06;2020-12-27;1;0;1;0;0.0;0.0
06;2020-12-28;1;0;2;0;0.0;0.0
06;2020-12-29;0;0;2;0;0.0;0.0
06;2020-12-30;3;0;5;0;0.0;0.0
06;2020-12-31;19;0;24;0;0.0;0.0
06;2021-01-01;8;0;32;0;0.0;0.0
06;2021-01-02;4;0;36;0;0.0;0.0
06;2021-01-03;2;0;38;0;0.0;0.0
06;2021-01-04;134;1;172;1;0.0;0.0
06;2021-01-05;172;1;344;2;0.0;0.0
06;2021-01-06;210;0;554;2;0.1;0.0
06;2021-01-07;497;0;1051;2;0.1;0.0
06;2021-01-08;664;2;1715;4;0.2;0.0
06;2021-01-09;391;2;2106;6;0.2;0.0
06;2021-01-10;71;0;2177;6;0.2;0.0
06;2021-01-11;1126;0;3303;6;0.3;0.0
06;2021-01-12;2203;5;5506;11;0.5;0.0
06;2021-01-13;1711;6;7217;17;0.7;0.0
06;2021-01-14;2041;16;9258;33;0.9;0.0
06;2021-01-15;1825;4;11083;37;1.0;0.0
06;2021-01-16;962;3;12045;40;1.1;0.0
06;2021-01-17;226;0;12271;40;1.1;0.0
06;2021-01-18;2446;7;14717;47;1.4;0.0
06;2021-01-19;2722;4;17439;51;1.6;0.0
06;2021-01-20;3316;6;20755;57;1.9;0.0
06;2021-01-21;2997;23;23752;80;2.2;0.0
06;2021-01-22;2756;12;26508;92;2.5;0.0
06;2021-01-23;1291;2;27799;94;2.6;0.0
06;2021-01-24;28;0;27827;94;2.6;0.0
06;2021-01-25;2045;14;29872;108;2.8;0.0
06;2021-01-26;3338;37;33210;145;3.1;0.0
06;2021-01-27;2519;95;35729;240;3.3;0.0
06;2021-01-28;2764;205;38493;445;3.6;0.0
06;2021-01-29;2482;308;40975;753;3.8;0.1
06;2021-01-30;662;43;41637;796;3.9;0.1
06;2021-01-31;2;0;41639;796;3.9;0.1
06;2021-02-01;997;478;42636;1274;3.9;0.1
06;2021-02-02;1476;428;44112;1702;4.1;0.2
06;2021-02-03;329;137;44441;1839;4.1;0.2
06;2021-02-04;705;896;45146;2735;4.2;0.3
06;2021-02-05;1004;1118;46150;3853;4.3;0.4
06;2021-02-06;145;464;46295;4317;4.3;0.4
06;2021-02-07;5;49;46300;4366;4.3;0.4
06;2021-02-08;523;1089;46823;5455;4.3;0.5
06;2021-02-09;306;740;47129;6195;4.4;0.6
06;2021-02-10;362;672;47491;6867;4.4;0.6
06;2021-02-11;462;1076;47953;7943;4.4;0.7
06;2021-02-12;635;1312;48588;9255;4.5;0.9
06;2021-02-13;203;527;48791;9782;4.5;0.9
06;2021-02-14;2;2;48793;9784;4.5;0.9
06;2021-02-15;456;1282;49249;11066;4.6;1.0
06;2021-02-16;857;2036;50106;13102;4.6;1.2
06;2021-02-17;815;2158;50921;15260;4.7;1.4
06;2021-02-18;1782;2708;52703;17968;4.9;1.7
06;2021-02-19;1740;2150;54443;20118;5.0;1.9
06;2021-02-20;274;531;54717;20649;5.1;1.9
06;2021-02-21;20;55;54737;20704;5.1;1.9
06;2021-02-22;1067;1626;55804;22330;5.2;2.1
06;2021-02-23;1727;1557;57531;23887;5.3;2.2
06;2021-02-24;2093;1296;59624;25183;5.5;2.3
06;2021-02-25;3818;1714;63442;26897;5.9;2.5
06;2021-02-26;3369;1599;66811;28496;6.2;2.6
06;2021-02-27;1407;325;68218;28821;6.3;2.7
06;2021-02-28;80;23;68298;28844;6.3;2.7
06;2021-03-01;2398;813;70696;29657;6.5;2.7
06;2021-03-02;2430;983;73126;30640;6.8;2.8
06;2021-03-03;2815;559;75941;31199;7.0;2.9
06;2021-03-04;4568;603;80509;31802;7.5;2.9
06;2021-03-05;3870;1008;84379;32810;7.8;3.0
06;2021-03-06;11784;300;96163;33110;8.9;3.1
06;2021-03-07;10113;254;106276;33364;9.8;3.1
06;2021-03-08;4102;1180;110378;34544;10.2;3.2
06;2021-03-09;4915;910;115293;35454;10.7;3.3
06;2021-03-10;4642;820;119935;36274;11.1;3.4
06;2021-03-11;6683;849;126618;37123;11.7;3.4
06;2021-03-12;6821;971;133439;38094;12.4;3.5
06;2021-03-13;11136;283;144575;38377;13.4;3.6
06;2021-03-14;487;48;145062;38425;13.4;3.6
06;2021-03-15;4797;748;149859;39173;13.9;3.6
06;2021-03-16;3703;1028;153562;40201;14.2;3.7
06;2021-03-17;6084;1859;159646;42060;14.8;3.9
06;2021-03-18;5081;1802;164727;43862;15.3;4.1
06;2021-03-19;6764;1976;171491;45838;15.9;4.2
06;2021-03-20;2347;554;173838;46392;16.1;4.3
06;2021-03-21;399;24;174237;46416;16.1;4.3
06;2021-03-22;3933;677;178170;47093;16.5;4.4
06;2021-03-23;5943;1188;184113;48281;17.1;4.5
06;2021-03-24;4183;3323;188296;51604;17.4;4.8
06;2021-03-25;5813;3215;194109;54819;18.0;5.1
06;2021-03-26;6322;1977;200431;56796;18.6;5.3
06;2021-03-27;2017;362;202448;57158;18.8;5.3
06;2021-03-28;201;2;202649;57160;18.8;5.3
06;2021-03-29;3176;2081;205825;59241;19.1;5.5
06;2021-03-30;5157;2533;210982;61774;19.5;5.7
06;2021-03-31;7965;1609;218947;63383;20.3;5.9
06;2021-04-01;7593;2420;226540;65803;21.0;6.1
06;2021-04-02;7178;2662;233718;68465;21.7;6.3
06;2021-04-03;2701;1351;236419;69816;21.9;6.5
06;2021-04-04;294;547;236713;70363;21.9;6.5
06;2021-04-05;1385;689;238098;71052;22.1;6.6
06;2021-04-06;6579;3283;244677;74335;22.7;6.9
06;2021-04-07;6183;3854;250860;78189;23.2;7.2
06;2021-04-08;5690;5615;256550;83804;23.8;7.8
06;2021-04-09;9268;5764;265818;89568;24.6;8.3
06;2021-04-10;2381;2783;268199;92351;24.8;8.6
06;2021-04-11;173;56;268372;92407;24.9;8.6
06;2021-04-12;4345;3509;272717;95916;25.3;8.9
06;2021-04-13;6211;5072;278928;100988;25.8;9.4
06;2021-04-14;5414;4453;284342;105441;26.3;9.8
06;2021-04-15;5509;4343;289851;109784;26.9;10.2
06;2021-04-16;7005;5133;296856;114917;27.5;10.6
06;2021-04-17;2758;3076;299614;117993;27.8;10.9
06;2021-04-18;252;222;299866;118215;27.8;11.0
06;2021-04-19;5436;4021;305302;122236;28.3;11.3
06;2021-04-20;5592;4822;310894;127058;28.8;11.8
06;2021-04-21;8221;4112;319115;131170;29.6;12.2
06;2021-04-22;8481;4119;327596;135289;30.3;12.5
06;2021-04-23;8608;4083;336204;139372;31.1;12.9
06;2021-04-24;2313;1474;338517;140846;31.4;13.0
06;2021-04-25;115;28;338632;140874;31.4;13.1
06;2021-04-26;4109;2278;342741;143152;31.8;13.3
06;2021-04-27;4548;3974;347289;147126;32.2;13.6
06;2021-04-28;4105;4524;351394;151650;32.6;14.0
06;2021-04-29;6006;5395;357400;157045;33.1;14.5
06;2021-04-30;6693;5116;364093;162161;33.7;15.0
06;2021-05-01;4094;772;368187;162933;34.1;15.1
06;2021-05-02;481;155;368668;163088;34.2;15.1
06;2021-05-03;6831;3476;375499;166564;34.8;15.4
06;2021-05-04;5689;5320;381188;171884;35.3;15.9
06;2021-05-05;4487;3854;385675;175738;35.7;16.3
06;2021-05-06;5153;4690;390828;180428;36.2;16.7
06;2021-05-07;5568;5631;396396;186059;36.7;17.2
06;2021-05-08;4796;1272;401192;187331;37.2;17.4
06;2021-05-09;182;307;401374;187638;37.2;17.4
06;2021-05-10;4765;5010;406139;192648;37.6;17.8
06;2021-05-11;4864;5513;411003;198161;38.1;18.4
06;2021-05-12;8948;4763;419951;202924;38.9;18.8
06;2021-05-13;9088;2007;429039;204931;39.7;19.0
06;2021-05-14;10730;3253;439769;208184;40.7;19.3
06;2021-05-15;9121;2146;448890;210330;41.6;19.5
06;2021-05-16;1489;283;450379;210613;41.7;19.5
06;2021-05-17;7440;3706;457819;214319;42.4;19.9
06;2021-05-18;9600;3123;467419;217442;43.3;20.1
06;2021-05-19;7581;2873;475000;220315;44.0;20.4
06;2021-05-20;7634;3581;482634;223896;44.7;20.7
06;2021-05-21;8693;3853;491327;227749;45.5;21.1
06;2021-05-22;3007;1319;494334;229068;45.8;21.2
06;2021-05-23;120;628;494454;229696;45.8;21.3
06;2021-05-24;3142;983;497596;230679;46.1;21.4
06;2021-05-25;4743;4933;502339;235612;46.5;21.8
06;2021-05-26;5559;6554;507898;242166;47.1;22.4
06;2021-05-27;5483;6238;513381;248404;47.6;23.0
06;2021-05-28;4872;7223;518253;255627;48.0;23.7
06;2021-05-29;1620;2930;519873;258557;48.2;24.0
06;2021-05-30;255;1124;520128;259681;48.2;24.1
06;2021-05-31;4356;5074;524484;264755;48.6;24.5
06;2021-06-01;5590;7358;530074;272113;49.1;25.2
06;2021-06-02;3198;8507;533272;280620;49.4;26.0
06;2021-06-03;4382;8282;537654;288902;49.8;26.8
06;2021-06-04;5393;7709;543047;296611;50.3;27.5
06;2021-06-05;2406;3333;545453;299944;50.5;27.8
06;2021-06-06;173;235;545626;300179;50.5;27.8
06;2021-06-07;4081;5570;549707;305749;50.9;28.3
06;2021-06-08;4383;5143;554090;310892;51.3;28.8
06;2021-06-09;4008;7318;558098;318210;51.7;29.5
06;2021-06-10;4546;6818;562644;325028;52.1;30.1
06;2021-06-11;3722;8333;566366;333361;52.5;30.9
06;2021-06-12;1690;3737;568056;337098;52.6;31.2
06;2021-06-13;135;434;568191;337532;52.6;31.3
06;2021-06-14;2586;8570;570777;346102;52.9;32.1
06;2021-06-15;3094;9455;573871;355557;53.2;32.9
06;2021-06-16;3365;6971;577236;362528;53.5;33.6
06;2021-06-17;3443;7126;580679;369654;53.8;34.2
06;2021-06-18;2440;5896;583119;375550;54.0;34.8
06;2021-06-19;1180;1640;584299;377190;54.1;34.9
06;2021-06-20;196;344;584495;377534;54.2;35.0
06;2021-06-21;1496;6264;585991;383798;54.3;35.6
06;2021-06-22;2112;7349;588103;391147;54.5;36.2
06;2021-06-23;1879;6525;589982;397672;54.7;36.8
06;2021-06-24;3206;8913;593188;406585;55.0;37.7
06;2021-06-25;2127;9585;595315;416170;55.2;38.6
06;2021-06-26;847;2275;596162;418445;55.2;38.8
06;2021-06-27;369;1184;596531;419629;55.3;38.9
06;2021-06-28;2343;8106;598874;427735;55.5;39.6
06;2021-06-29;2204;7685;601078;435420;55.7;40.3
06;2021-06-30;1276;7684;602354;443104;55.8;41.1
06;2021-07-01;2702;7451;605056;450555;56.1;41.7
06;2021-07-02;2652;8035;607708;458590;56.3;42.5
06;2021-07-03;1160;4309;608868;462899;56.4;42.9
06;2021-07-04;293;297;609161;463196;56.4;42.9
06;2021-07-05;3339;5069;612500;468265;56.7;43.4
06;2021-07-06;1864;5815;614364;474080;56.9;43.9
06;2021-07-07;3175;5906;617539;479986;57.2;44.5
06;2021-07-08;3294;6248;620833;486234;57.5;45.0
06;2021-07-09;3651;6169;624484;492403;57.9;45.6
06;2021-07-10;1637;2313;626121;494716;58.0;45.8
06;2021-07-11;314;319;626435;495035;58.0;45.9
06;2021-07-12;3643;7067;630078;502102;58.4;46.5
06;2021-07-13;5505;8898;635583;511000;58.9;47.3
06;2021-07-14;939;417;636522;511417;59.0;47.4
06;2021-07-15;5516;7787;642038;519204;59.5;48.1
06;2021-07-16;7145;8895;649183;528099;60.1;48.9
06;2021-07-17;2819;5366;652002;533465;60.4;49.4
06;2021-07-18;1021;5311;653023;538776;60.5;49.9
06;2021-07-19;5555;7941;658578;546717;61.0;50.7
06;2021-07-20;7020;10119;665598;556836;61.7;51.6
06;2021-07-21;6991;8525;672589;565361;62.3;52.4
07;2020-12-27;0;0;0;0;0.0;0.0
07;2020-12-28;0;0;0;0;0.0;0.0
07;2020-12-29;0;0;0;0;0.0;0.0
07;2020-12-30;0;0;0;0;0.0;0.0
07;2020-12-31;0;0;0;0;0.0;0.0
07;2021-01-01;7;0;7;0;0.0;0.0
07;2021-01-02;0;0;7;0;0.0;0.0
07;2021-01-03;0;0;7;0;0.0;0.0
07;2021-01-04;0;0;7;0;0.0;0.0
07;2021-01-05;0;0;7;0;0.0;0.0
07;2021-01-06;31;0;38;0;0.0;0.0
07;2021-01-07;129;1;167;1;0.1;0.0
07;2021-01-08;45;1;212;2;0.1;0.0
07;2021-01-09;17;0;229;2;0.1;0.0
07;2021-01-10;0;0;229;2;0.1;0.0
07;2021-01-11;157;1;386;3;0.1;0.0
07;2021-01-12;308;0;694;3;0.2;0.0
07;2021-01-13;303;1;997;4;0.3;0.0
07;2021-01-14;478;0;1475;4;0.5;0.0
07;2021-01-15;187;0;1662;4;0.5;0.0
07;2021-01-16;17;0;1679;4;0.5;0.0
07;2021-01-17;2;0;1681;4;0.5;0.0
07;2021-01-18;363;1;2044;5;0.6;0.0
07;2021-01-19;829;1;2873;6;0.9;0.0
07;2021-01-20;596;1;3469;7;1.1;0.0
07;2021-01-21;451;1;3920;8;1.2;0.0
07;2021-01-22;291;0;4211;8;1.3;0.0
07;2021-01-23;107;0;4318;8;1.3;0.0
07;2021-01-24;0;0;4318;8;1.3;0.0
07;2021-01-25;164;0;4482;8;1.4;0.0
07;2021-01-26;489;1;4971;9;1.5;0.0
07;2021-01-27;552;7;5523;16;1.7;0.0
07;2021-01-28;1201;99;6724;115;2.1;0.0
07;2021-01-29;704;15;7428;130;2.3;0.0
07;2021-01-30;213;4;7641;134;2.3;0.0
07;2021-01-31;7;0;7648;134;2.3;0.0
07;2021-02-01;267;32;7915;166;2.4;0.1
07;2021-02-02;645;241;8560;407;2.6;0.1
07;2021-02-03;1044;221;9604;628;2.9;0.2
07;2021-02-04;719;258;10323;886;3.2;0.3
07;2021-02-05;482;252;10805;1138;3.3;0.3
07;2021-02-06;96;2;10901;1140;3.3;0.3
07;2021-02-07;12;1;10913;1141;3.3;0.3
07;2021-02-08;239;179;11152;1320;3.4;0.4
07;2021-02-09;485;326;11637;1646;3.6;0.5
07;2021-02-10;537;397;12174;2043;3.7;0.6
07;2021-02-11;399;285;12573;2328;3.8;0.7
07;2021-02-12;266;160;12839;2488;3.9;0.8
07;2021-02-13;68;20;12907;2508;3.9;0.8
07;2021-02-14;0;0;12907;2508;3.9;0.8
07;2021-02-15;270;131;13177;2639;4.0;0.8
07;2021-02-16;345;365;13522;3004;4.1;0.9
07;2021-02-17;466;334;13988;3338;4.3;1.0
07;2021-02-18;560;764;14548;4102;4.5;1.3
07;2021-02-19;455;503;15003;4605;4.6;1.4
07;2021-02-20;107;68;15110;4673;4.6;1.4
07;2021-02-21;15;0;15125;4673;4.6;1.4
07;2021-02-22;423;217;15548;4890;4.8;1.5
07;2021-02-23;644;616;16192;5506;5.0;1.7
07;2021-02-24;927;701;17119;6207;5.2;1.9
07;2021-02-25;708;532;17827;6739;5.5;2.1
07;2021-02-26;841;290;18668;7029;5.7;2.2
07;2021-02-27;190;142;18858;7171;5.8;2.2
07;2021-02-28;1;0;18859;7171;5.8;2.2
07;2021-03-01;432;214;19291;7385;5.9;2.3
07;2021-03-02;648;564;19939;7949;6.1;2.4
07;2021-03-03;683;534;20622;8483;6.3;2.6
07;2021-03-04;1097;350;21719;8833;6.6;2.7
07;2021-03-05;1081;363;22800;9196;7.0;2.8
07;2021-03-06;1121;88;23921;9284;7.3;2.8
07;2021-03-07;717;14;24638;9298;7.5;2.8
07;2021-03-08;349;314;24987;9612;7.6;2.9
07;2021-03-09;1087;428;26074;10040;8.0;3.1
07;2021-03-10;857;509;26931;10549;8.2;3.2
07;2021-03-11;1368;452;28299;11001;8.7;3.4
07;2021-03-12;1612;554;29911;11555;9.2;3.5
07;2021-03-13;679;99;30590;11654;9.4;3.6
07;2021-03-14;4;0;30594;11654;9.4;3.6
07;2021-03-15;527;293;31121;11947;9.5;3.7
07;2021-03-16;1200;476;32321;12423;9.9;3.8
07;2021-03-17;1184;761;33505;13184;10.3;4.0
07;2021-03-18;1218;407;34723;13591;10.6;4.2
07;2021-03-19;1264;417;35987;14008;11.0;4.3
07;2021-03-20;465;106;36452;14114;11.2;4.3
07;2021-03-21;3;2;36455;14116;11.2;4.3
07;2021-03-22;788;529;37243;14645;11.4;4.5
07;2021-03-23;1512;706;38755;15351;11.9;4.7
07;2021-03-24;1252;657;40007;16008;12.2;4.9
07;2021-03-25;1846;505;41853;16513;12.8;5.1
07;2021-03-26;1833;424;43686;16937;13.4;5.2
07;2021-03-27;382;92;44068;17029;13.5;5.2
07;2021-03-28;5;1;44073;17030;13.5;5.2
07;2021-03-29;785;353;44858;17383;13.7;5.3
07;2021-03-30;1523;505;46381;17888;14.2;5.5
07;2021-03-31;1652;494;48033;18382;14.7;5.6
07;2021-04-01;1573;650;49606;19032;15.2;5.8
07;2021-04-02;1520;423;51126;19455;15.6;6.0
07;2021-04-03;227;105;51353;19560;15.7;6.0
07;2021-04-04;0;1;51353;19561;15.7;6.0
07;2021-04-05;0;66;51353;19627;15.7;6.0
07;2021-04-06;1161;752;52514;20379;16.1;6.2
07;2021-04-07;1317;882;53831;21261;16.5;6.5
07;2021-04-08;1971;1163;55802;22424;17.1;6.9
07;2021-04-09;2422;557;58224;22981;17.8;7.0
07;2021-04-10;807;154;59031;23135;18.1;7.1
07;2021-04-11;339;13;59370;23148;18.2;7.1
07;2021-04-12;1275;579;60645;23727;18.6;7.3
07;2021-04-13;1765;1326;62410;25053;19.1;7.7
07;2021-04-14;1664;974;64074;26027;19.6;8.0
07;2021-04-15;1442;838;65516;26865;20.0;8.2
07;2021-04-16;1506;895;67022;27760;20.5;8.5
07;2021-04-17;867;211;67889;27971;20.8;8.6
07;2021-04-18;698;34;68587;28005;21.0;8.6
07;2021-04-19;1161;567;69748;28572;21.3;8.7
07;2021-04-20;1440;1313;71188;29885;21.8;9.1
07;2021-04-21;1709;905;72897;30790;22.3;9.4
07;2021-04-22;1813;954;74710;31744;22.9;9.7
07;2021-04-23;1407;967;76117;32711;23.3;10.0
07;2021-04-24;958;244;77075;32955;23.6;10.1
07;2021-04-25;714;56;77789;33011;23.8;10.1
07;2021-04-26;1136;681;78925;33692;24.1;10.3
07;2021-04-27;1392;1562;80317;35254;24.6;10.8
07;2021-04-28;1633;1745;81950;36999;25.1;11.3
07;2021-04-29;1936;1528;83886;38527;25.7;11.8
07;2021-04-30;1659;1475;85545;40002;26.2;12.2
07;2021-05-01;960;113;86505;40115;26.5;12.3
07;2021-05-02;845;151;87350;40266;26.7;12.3
07;2021-05-03;1282;428;88632;40694;27.1;12.4
07;2021-05-04;2169;1558;90801;42252;27.8;12.9
07;2021-05-05;1741;1384;92542;43636;28.3;13.3
07;2021-05-06;2103;1583;94645;45219;29.0;13.8
07;2021-05-07;1591;1552;96236;46771;29.4;14.3
07;2021-05-08;1223;405;97459;47176;29.8;14.4
07;2021-05-09;1029;325;98488;47501;30.1;14.5
07;2021-05-10;1403;1174;99891;48675;30.6;14.9
07;2021-05-11;2470;1699;102361;50374;31.3;15.4
07;2021-05-12;2159;1274;104520;51648;32.0;15.8
07;2021-05-13;1711;268;106231;51916;32.5;15.9
07;2021-05-14;1734;997;107965;52913;33.0;16.2
07;2021-05-15;1623;492;109588;53405;33.5;16.3
07;2021-05-16;1442;203;111030;53608;34.0;16.4
07;2021-05-17;1771;859;112801;54467;34.5;16.7
07;2021-05-18;2292;1297;115093;55764;35.2;17.1
07;2021-05-19;2376;993;117469;56757;35.9;17.4
07;2021-05-20;2156;1310;119625;58067;36.6;17.8
07;2021-05-21;1758;1319;121383;59386;37.1;18.2
07;2021-05-22;936;542;122319;59928;37.4;18.3
07;2021-05-23;857;155;123176;60083;37.7;18.4
07;2021-05-24;1650;341;124826;60424;38.2;18.5
07;2021-05-25;2188;1477;127014;61901;38.9;18.9
07;2021-05-26;1527;1383;128541;63284;39.3;19.4
07;2021-05-27;2019;1402;130560;64686;39.9;19.8
07;2021-05-28;1767;2083;132327;66769;40.5;20.4
07;2021-05-29;943;682;133270;67451;40.8;20.6
07;2021-05-30;623;570;133893;68021;41.0;20.8
07;2021-05-31;1132;1286;135025;69307;41.3;21.2
07;2021-06-01;2154;2003;137179;71310;42.0;21.8
07;2021-06-02;1528;1651;138707;72961;42.4;22.3
07;2021-06-03;1710;1257;140417;74218;43.0;22.7
07;2021-06-04;1676;1594;142093;75812;43.5;23.2
07;2021-06-05;988;955;143081;76767;43.8;23.5
07;2021-06-06;598;623;143679;77390;44.0;23.7
07;2021-06-07;957;1195;144636;78585;44.2;24.0
07;2021-06-08;1546;1769;146182;80354;44.7;24.6
07;2021-06-09;1025;1422;147207;81776;45.0;25.0
07;2021-06-10;789;1390;147996;83166;45.3;25.4
07;2021-06-11;1153;2036;149149;85202;45.6;26.1
07;2021-06-12;642;1217;149791;86419;45.8;26.4
07;2021-06-13;392;442;150183;86861;45.9;26.6
07;2021-06-14;562;1963;150745;88824;46.1;27.2
07;2021-06-15;932;2556;151677;91380;46.4;28.0
07;2021-06-16;1018;1852;152695;93232;46.7;28.5
07;2021-06-17;884;1950;153579;95182;47.0;29.1
07;2021-06-18;868;2287;154447;97469;47.2;29.8
07;2021-06-19;605;1457;155052;98926;47.4;30.3
07;2021-06-20;367;730;155419;99656;47.5;30.5
07;2021-06-21;512;2146;155931;101802;47.7;31.1
07;2021-06-22;648;2666;156579;104468;47.9;32.0
07;2021-06-23;674;1962;157253;106430;48.1;32.6
07;2021-06-24;643;1857;157896;108287;48.3;33.1
07;2021-06-25;698;2182;158594;110469;48.5;33.8
07;2021-06-26;351;1430;158945;111899;48.6;34.2
07;2021-06-27;279;1073;159224;112972;48.7;34.6
07;2021-06-28;501;2244;159725;115216;48.9;35.2
07;2021-06-29;537;2993;160262;118209;49.0;36.2
07;2021-06-30;811;2291;161073;120500;49.3;36.9
07;2021-07-01;762;1981;161835;122481;49.5;37.5
07;2021-07-02;872;2306;162707;124787;49.8;38.2
07;2021-07-03;410;1137;163117;125924;49.9;38.5
07;2021-07-04;207;855;163324;126779;50.0;38.8
07;2021-07-05;660;1684;163984;128463;50.2;39.3
07;2021-07-06;870;2632;164854;131095;50.4;40.1
07;2021-07-07;952;1950;165806;133045;50.7;40.7
07;2021-07-08;922;1969;166728;135014;51.0;41.3
07;2021-07-09;990;2262;167718;137276;51.3;42.0
07;2021-07-10;594;1102;168312;138378;51.5;42.3
07;2021-07-11;238;615;168550;138993;51.6;42.5
07;2021-07-12;801;1769;169351;140762;51.8;43.1
07;2021-07-13;1744;3166;171095;143928;52.3;44.0
07;2021-07-14;166;132;171261;144060;52.4;44.1
07;2021-07-15;1936;2444;173197;146504;53.0;44.8
07;2021-07-16;2046;1969;175243;148473;53.6;45.4
07;2021-07-17;1479;1240;176722;149713;54.1;45.8
07;2021-07-18;770;482;177492;150195;54.3;45.9
07;2021-07-19;1511;1703;179003;151898;54.8;46.5
07;2021-07-20;2442;2654;181445;154552;55.5;47.3
07;2021-07-21;1842;1885;183287;156437;56.1;47.9
08;2020-12-27;0;0;0;0;0.0;0.0
08;2020-12-28;0;0;0;0;0.0;0.0
08;2020-12-29;0;0;0;0;0.0;0.0
08;2020-12-30;0;0;0;0;0.0;0.0
08;2020-12-31;0;0;0;0;0.0;0.0
08;2021-01-01;0;0;0;0;0.0;0.0
08;2021-01-02;0;0;0;0;0.0;0.0
08;2021-01-03;1;0;1;0;0.0;0.0
08;2021-01-04;22;0;23;0;0.0;0.0
08;2021-01-05;1;0;24;0;0.0;0.0
08;2021-01-06;0;0;24;0;0.0;0.0
08;2021-01-07;188;0;212;0;0.1;0.0
08;2021-01-08;314;0;526;0;0.2;0.0
08;2021-01-09;113;0;639;0;0.2;0.0
08;2021-01-10;1;0;640;0;0.2;0.0
08;2021-01-11;67;0;707;0;0.3;0.0
08;2021-01-12;156;0;863;0;0.3;0.0
08;2021-01-13;477;1;1340;1;0.5;0.0
08;2021-01-14;532;9;1872;10;0.7;0.0
08;2021-01-15;288;2;2160;12;0.8;0.0
08;2021-01-16;104;0;2264;12;0.9;0.0
08;2021-01-17;1;0;2265;12;0.9;0.0
08;2021-01-18;362;2;2627;14;1.0;0.0
08;2021-01-19;868;1;3495;15;1.3;0.0
08;2021-01-20;910;2;4405;17;1.7;0.0
08;2021-01-21;741;1;5146;18;1.9;0.0
08;2021-01-22;678;0;5824;18;2.2;0.0
08;2021-01-23;237;0;6061;18;2.3;0.0
08;2021-01-24;0;0;6061;18;2.3;0.0
08;2021-01-25;205;0;6266;18;2.4;0.0
08;2021-01-26;301;2;6567;20;2.5;0.0
08;2021-01-27;411;0;6978;20;2.6;0.0
08;2021-01-28;565;185;7543;205;2.8;0.1
08;2021-01-29;587;183;8130;388;3.1;0.1
08;2021-01-30;222;63;8352;451;3.1;0.2
08;2021-01-31;0;0;8352;451;3.1;0.2
08;2021-02-01;79;46;8431;497;3.2;0.2
08;2021-02-02;190;175;8621;672;3.2;0.3
08;2021-02-03;138;170;8759;842;3.3;0.3
08;2021-02-04;307;287;9066;1129;3.4;0.4
08;2021-02-05;499;359;9565;1488;3.6;0.6
08;2021-02-06;148;75;9713;1563;3.7;0.6
08;2021-02-07;8;0;9721;1563;3.7;0.6
08;2021-02-08;40;175;9761;1738;3.7;0.7
08;2021-02-09;215;646;9976;2384;3.8;0.9
08;2021-02-10;333;639;10309;3023;3.9;1.1
08;2021-02-11;460;364;10769;3387;4.1;1.3
08;2021-02-12;674;384;11443;3771;4.3;1.4
08;2021-02-13;140;118;11583;3889;4.4;1.5
08;2021-02-14;3;60;11586;3949;4.4;1.5
08;2021-02-15;228;210;11814;4159;4.4;1.6
08;2021-02-16;131;375;11945;4534;4.5;1.7
08;2021-02-17;112;420;12057;4954;4.5;1.9
08;2021-02-18;215;520;12272;5474;4.6;2.1
08;2021-02-19;304;425;12576;5899;4.7;2.2
08;2021-02-20;7;209;12583;6108;4.7;2.3
08;2021-02-21;0;0;12583;6108;4.7;2.3
08;2021-02-22;132;179;12715;6287;4.8;2.4
08;2021-02-23;150;321;12865;6608;4.8;2.5
08;2021-02-24;164;387;13029;6995;4.9;2.6
08;2021-02-25;499;526;13528;7521;5.1;2.8
08;2021-02-26;602;627;14130;8148;5.3;3.1
08;2021-02-27;317;191;14447;8339;5.4;3.1
08;2021-02-28;19;1;14466;8340;5.4;3.1
08;2021-03-01;197;103;14663;8443;5.5;3.2
08;2021-03-02;652;278;15315;8721;5.8;3.3
08;2021-03-03;895;193;16210;8914;6.1;3.4
08;2021-03-04;733;324;16943;9238;6.4;3.5
08;2021-03-05;1022;538;17965;9776;6.8;3.7
08;2021-03-06;691;133;18656;9909;7.0;3.7
08;2021-03-07;75;1;18731;9910;7.1;3.7
08;2021-03-08;217;113;18948;10023;7.1;3.8
08;2021-03-09;685;135;19633;10158;7.4;3.8
08;2021-03-10;1037;112;20670;10270;7.8;3.9
08;2021-03-11;979;242;21649;10512;8.2;4.0
08;2021-03-12;1630;504;23279;11016;8.8;4.1
08;2021-03-13;792;118;24071;11134;9.1;4.2
08;2021-03-14;22;0;24093;11134;9.1;4.2
08;2021-03-15;291;72;24384;11206;9.2;4.2
08;2021-03-16;563;35;24947;11241;9.4;4.2
08;2021-03-17;802;54;25749;11295;9.7;4.3
08;2021-03-18;813;150;26562;11445;10.0;4.3
08;2021-03-19;1133;281;27695;11726;10.4;4.4
08;2021-03-20;505;14;28200;11740;10.6;4.4
08;2021-03-21;13;0;28213;11740;10.6;4.4
08;2021-03-22;364;41;28577;11781;10.8;4.4
08;2021-03-23;733;61;29310;11842;11.0;4.5
08;2021-03-24;1327;60;30637;11902;11.5;4.5
08;2021-03-25;1903;86;32540;11988;12.3;4.5
08;2021-03-26;2561;165;35101;12153;13.2;4.6
08;2021-03-27;898;121;35999;12274;13.6;4.6
08;2021-03-28;228;4;36227;12278;13.6;4.6
08;2021-03-29;260;180;36487;12458;13.7;4.7
08;2021-03-30;832;480;37319;12938;14.1;4.9
08;2021-03-31;852;524;38171;13462;14.4;5.1
08;2021-04-01;1680;440;39851;13902;15.0;5.2
08;2021-04-02;1496;509;41347;14411;15.6;5.4
08;2021-04-03;1327;189;42674;14600;16.1;5.5
08;2021-04-04;134;4;42808;14604;16.1;5.5
08;2021-04-05;16;0;42824;14604;16.1;5.5
08;2021-04-06;699;475;43523;15079;16.4;5.7
08;2021-04-07;910;699;44433;15778;16.7;5.9
08;2021-04-08;1741;510;46174;16288;17.4;6.1
08;2021-04-09;2346;714;48520;17002;18.3;6.4
08;2021-04-10;1449;213;49969;17215;18.8;6.5
08;2021-04-11;10;6;49979;17221;18.8;6.5
08;2021-04-12;671;226;50650;17447;19.1;6.6
08;2021-04-13;1306;605;51956;18052;19.6;6.8
08;2021-04-14;1281;862;53237;18914;20.0;7.1
08;2021-04-15;1607;790;54844;19704;20.7;7.4
08;2021-04-16;1873;868;56717;20572;21.4;7.7
08;2021-04-17;1112;399;57829;20971;21.8;7.9
08;2021-04-18;23;14;57852;20985;21.8;7.9
08;2021-04-19;1147;297;58999;21282;22.2;8.0
08;2021-04-20;1117;540;60116;21822;22.6;8.2
08;2021-04-21;1139;735;61255;22557;23.1;8.5
08;2021-04-22;1329;877;62584;23434;23.6;8.8
08;2021-04-23;1670;1162;64254;24596;24.2;9.3
08;2021-04-24;1323;642;65577;25238;24.7;9.5
08;2021-04-25;26;198;65603;25436;24.7;9.6
08;2021-04-26;1039;154;66642;25590;25.1;9.6
08;2021-04-27;1337;599;67979;26189;25.6;9.9
08;2021-04-28;1452;680;69431;26869;26.1;10.1
08;2021-04-29;1174;1309;70605;28178;26.6;10.6
08;2021-04-30;1771;1618;72376;29796;27.3;11.2
08;2021-05-01;1049;487;73425;30283;27.7;11.4
08;2021-05-02;626;180;74051;30463;27.9;11.5
08;2021-05-03;1168;366;75219;30829;28.3;11.6
08;2021-05-04;1328;857;76547;31686;28.8;11.9
08;2021-05-05;1566;1325;78113;33011;29.4;12.4
08;2021-05-06;1971;1647;80084;34658;30.2;13.1
08;2021-05-07;1859;2097;81943;36755;30.9;13.8
08;2021-05-08;924;764;82867;37519;31.2;14.1
08;2021-05-09;443;71;83310;37590;31.4;14.2
08;2021-05-10;1191;661;84501;38251;31.8;14.4
08;2021-05-11;1909;939;86410;39190;32.5;14.8
08;2021-05-12;1809;1231;88219;40421;33.2;15.2
08;2021-05-13;1305;614;89524;41035;33.7;15.5
08;2021-05-14;2535;1032;92059;42067;34.7;15.8
08;2021-05-15;1820;712;93879;42779;35.4;16.1
08;2021-05-16;820;101;94699;42880;35.7;16.1
08;2021-05-17;699;908;95398;43788;35.9;16.5
08;2021-05-18;1250;838;96648;44626;36.4;16.8
08;2021-05-19;1611;957;98259;45583;37.0;17.2
08;2021-05-20;2147;954;100406;46537;37.8;17.5
08;2021-05-21;2335;1274;102741;47811;38.7;18.0
08;2021-05-22;1820;761;104561;48572;39.4;18.3
08;2021-05-23;862;90;105423;48662;39.7;18.3
08;2021-05-24;714;103;106137;48765;40.0;18.4
08;2021-05-25;1452;671;107589;49436;40.5;18.6
08;2021-05-26;1512;1005;109101;50441;41.1;19.0
08;2021-05-27;2007;1148;111108;51589;41.8;19.4
08;2021-05-28;1973;1823;113081;53412;42.6;20.1
08;2021-05-29;1768;968;114849;54380;43.3;20.5
08;2021-05-30;835;100;115684;54480;43.6;20.5
08;2021-05-31;755;574;116439;55054;43.9;20.7
08;2021-06-01;1349;879;117788;55933;44.4;21.1
08;2021-06-02;1296;1192;119084;57125;44.8;21.5
08;2021-06-03;1384;1520;120468;58645;45.4;22.1
08;2021-06-04;1777;2426;122245;61071;46.0;23.0
08;2021-06-05;1178;1377;123423;62448;46.5;23.5
08;2021-06-06;906;107;124329;62555;46.8;23.6
08;2021-06-07;659;1173;124988;63728;47.1;24.0
08;2021-06-08;923;1496;125911;65224;47.4;24.6
08;2021-06-09;822;1391;126733;66615;47.7;25.1
08;2021-06-10;1708;1550;128441;68165;48.4;25.7
08;2021-06-11;1719;2209;130160;70374;49.0;26.5
08;2021-06-12;1413;1528;131573;71902;49.6;27.1
08;2021-06-13;386;597;131959;72499;49.7;27.3
08;2021-06-14;379;1304;132338;73803;49.8;27.8
08;2021-06-15;739;1552;133077;75355;50.1;28.4
08;2021-06-16;803;2053;133880;77408;50.4;29.2
08;2021-06-17;1280;1854;135160;79262;50.9;29.9
08;2021-06-18;1604;2600;136764;81862;51.5;30.8
08;2021-06-19;1321;1408;138085;83270;52.0;31.4
08;2021-06-20;116;423;138201;83693;52.0;31.5
08;2021-06-21;495;1400;138696;85093;52.2;32.0
08;2021-06-22;807;2025;139503;87118;52.5;32.8
08;2021-06-23;847;1674;140350;88792;52.9;33.4
08;2021-06-24;1034;1928;141384;90720;53.2;34.2
08;2021-06-25;1077;2737;142461;93457;53.7;35.2
08;2021-06-26;1010;1787;143471;95244;54.0;35.9
08;2021-06-27;350;648;143821;95892;54.2;36.1
08;2021-06-28;397;1326;144218;97218;54.3;36.6
08;2021-06-29;621;1472;144839;98690;54.5;37.2
08;2021-06-30;847;1690;145686;100380;54.9;37.8
08;2021-07-01;869;2193;146555;102573;55.2;38.6
08;2021-07-02;932;2647;147487;105220;55.5;39.6
08;2021-07-03;779;2146;148266;107366;55.8;40.4
08;2021-07-04;128;861;148394;108227;55.9;40.8
08;2021-07-05;102;1196;148496;109423;55.9;41.2
08;2021-07-06;421;1838;148917;111261;56.1;41.9
08;2021-07-07;365;1782;149282;113043;56.2;42.6
08;2021-07-08;710;2013;149992;115056;56.5;43.3
08;2021-07-09;728;2440;150720;117496;56.8;44.2
08;2021-07-10;652;1996;151372;119492;57.0;45.0
08;2021-07-11;237;727;151609;120219;57.1;45.3
08;2021-07-12;308;1194;151917;121413;57.2;45.7
08;2021-07-13;938;1788;152855;123201;57.6;46.4
08;2021-07-14;177;331;153032;123532;57.6;46.5
08;2021-07-15;756;2451;153788;125983;57.9;47.4
08;2021-07-16;1073;2410;154861;128393;58.3;48.4
08;2021-07-17;991;2105;155852;130498;58.7;49.1
08;2021-07-18;344;737;156196;131235;58.8;49.4
08;2021-07-19;455;920;156651;132155;59.0;49.8
08;2021-07-20;874;1437;157525;133592;59.3;50.3
08;2021-07-21;1198;1709;158723;135301;59.8;51.0
09;2020-12-27;0;0;0;0;0.0;0.0
09;2020-12-28;1;0;1;0;0.0;0.0
09;2020-12-29;0;0;1;0;0.0;0.0
09;2020-12-30;0;0;1;0;0.0;0.0
09;2020-12-31;0;0;1;0;0.0;0.0
09;2021-01-01;0;0;1;0;0.0;0.0
09;2021-01-02;0;0;1;0;0.0;0.0
09;2021-01-03;0;0;1;0;0.0;0.0
09;2021-01-04;2;1;3;1;0.0;0.0
09;2021-01-05;0;0;3;1;0.0;0.0
09;2021-01-06;3;0;6;1;0.0;0.0
09;2021-01-07;256;2;262;3;0.2;0.0
09;2021-01-08;227;0;489;3;0.3;0.0
09;2021-01-09;103;0;592;3;0.4;0.0
09;2021-01-10;59;0;651;3;0.4;0.0
09;2021-01-11;175;0;826;3;0.5;0.0
09;2021-01-12;304;0;1130;3;0.7;0.0
09;2021-01-13;196;0;1326;3;0.9;0.0
09;2021-01-14;432;8;1758;11;1.2;0.0
09;2021-01-15;223;1;1981;12;1.3;0.0
09;2021-01-16;194;2;2175;14;1.4;0.0
09;2021-01-17;123;0;2298;14;1.5;0.0
09;2021-01-18;267;1;2565;15;1.7;0.0
09;2021-01-19;258;0;2823;15;1.9;0.0
09;2021-01-20;346;1;3169;16;2.1;0.0
09;2021-01-21;333;1;3502;17;2.3;0.0
09;2021-01-22;330;1;3832;18;2.5;0.0
09;2021-01-23;236;0;4068;18;2.7;0.0
09;2021-01-24;85;1;4153;19;2.7;0.0
09;2021-01-25;203;12;4356;31;2.9;0.0
09;2021-01-26;633;25;4989;56;3.3;0.0
09;2021-01-27;471;41;5460;97;3.6;0.1
09;2021-01-28;285;206;5745;303;3.8;0.2
09;2021-01-29;251;129;5996;432;3.9;0.3
09;2021-01-30;143;57;6139;489;4.0;0.3
09;2021-01-31;56;10;6195;499;4.1;0.3
09;2021-02-01;82;143;6277;642;4.1;0.4
09;2021-02-02;57;295;6334;937;4.2;0.6
09;2021-02-03;87;206;6421;1143;4.2;0.8
09;2021-02-04;49;299;6470;1442;4.2;0.9
09;2021-02-05;89;157;6559;1599;4.3;1.0
09;2021-02-06;67;50;6626;1649;4.3;1.1
09;2021-02-07;6;74;6632;1723;4.4;1.1
09;2021-02-08;22;177;6654;1900;4.4;1.2
09;2021-02-09;54;291;6708;2191;4.4;1.4
09;2021-02-10;15;196;6723;2387;4.4;1.6
09;2021-02-11;6;221;6729;2608;4.4;1.7
09;2021-02-12;149;174;6878;2782;4.5;1.8
09;2021-02-13;7;145;6885;2927;4.5;1.9
09;2021-02-14;0;54;6885;2981;4.5;2.0
09;2021-02-15;75;134;6960;3115;4.6;2.0
09;2021-02-16;227;509;7187;3624;4.7;2.4
09;2021-02-17;82;391;7269;4015;4.8;2.6
09;2021-02-18;88;450;7357;4465;4.8;2.9
09;2021-02-19;65;285;7422;4750;4.9;3.1
09;2021-02-20;58;200;7480;4950;4.9;3.2
09;2021-02-21;0;51;7480;5001;4.9;3.3
09;2021-02-22;127;218;7607;5219;5.0;3.4
09;2021-02-23;160;146;7767;5365;5.1;3.5
09;2021-02-24;74;178;7841;5543;5.1;3.6
09;2021-02-25;211;170;8052;5713;5.3;3.7
09;2021-02-26;162;176;8214;5889;5.4;3.9
09;2021-02-27;65;71;8279;5960;5.4;3.9
09;2021-02-28;43;17;8322;5977;5.5;3.9
09;2021-03-01;246;97;8568;6074;5.6;4.0
09;2021-03-02;284;77;8852;6151;5.8;4.0
09;2021-03-03;252;132;9104;6283;6.0;4.1
09;2021-03-04;411;31;9515;6314;6.2;4.1
09;2021-03-05;332;64;9847;6378;6.5;4.2
09;2021-03-06;396;45;10243;6423;6.7;4.2
09;2021-03-07;124;4;10367;6427;6.8;4.2
09;2021-03-08;380;63;10747;6490;7.1;4.3
09;2021-03-09;434;138;11181;6628;7.3;4.3
09;2021-03-10;562;69;11743;6697;7.7;4.4
09;2021-03-11;695;72;12438;6769;8.2;4.4
09;2021-03-12;658;31;13096;6800;8.6;4.5
09;2021-03-13;384;2;13480;6802;8.8;4.5
09;2021-03-14;120;3;13600;6805;8.9;4.5
09;2021-03-15;467;48;14067;6853;9.2;4.5
09;2021-03-16;370;79;14437;6932;9.5;4.5
09;2021-03-17;399;72;14836;7004;9.7;4.6
09;2021-03-18;452;42;15288;7046;10.0;4.6
09;2021-03-19;523;54;15811;7100;10.4;4.7
09;2021-03-20;313;40;16124;7140;10.6;4.7
09;2021-03-21;104;0;16228;7140;10.6;4.7
09;2021-03-22;421;117;16649;7257;10.9;4.8
09;2021-03-23;566;173;17215;7430;11.3;4.9
09;2021-03-24;711;40;17926;7470;11.8;4.9
09;2021-03-25;869;135;18795;7605;12.3;5.0
09;2021-03-26;751;44;19546;7649;12.8;5.0
09;2021-03-27;624;69;20170;7718;13.2;5.1
09;2021-03-28;132;24;20302;7742;13.3;5.1
09;2021-03-29;496;277;20798;8019;13.6;5.3
09;2021-03-30;729;155;21527;8174;14.1;5.4
09;2021-03-31;801;178;22328;8352;14.7;5.5
09;2021-04-01;734;256;23062;8608;15.1;5.6
09;2021-04-02;692;266;23754;8874;15.6;5.8
09;2021-04-03;770;115;24524;8989;16.1;5.9
09;2021-04-04;122;57;24646;9046;16.2;5.9
09;2021-04-05;237;61;24883;9107;16.3;6.0
09;2021-04-06;1056;391;25939;9498;17.0;6.2
09;2021-04-07;1209;356;27148;9854;17.8;6.5
09;2021-04-08;1467;396;28615;10250;18.8;6.7
09;2021-04-09;1137;409;29752;10659;19.5;7.0
09;2021-04-10;1349;191;31101;10850;20.4;7.1
09;2021-04-11;173;102;31274;10952;20.5;7.2
09;2021-04-12;735;343;32009;11295;21.0;7.4
09;2021-04-13;1047;409;33056;11704;21.7;7.7
09;2021-04-14;1331;511;34387;12215;22.6;8.0
09;2021-04-15;1145;504;35532;12719;23.3;8.3
09;2021-04-16;1034;414;36566;13133;24.0;8.6
09;2021-04-17;1195;354;37761;13487;24.8;8.8
09;2021-04-18;102;96;37863;13583;24.8;8.9
09;2021-04-19;696;406;38559;13989;25.3;9.2
09;2021-04-20;766;532;39325;14521;25.8;9.5
09;2021-04-21;939;592;40264;15113;26.4;9.9
09;2021-04-22;667;610;40931;15723;26.9;10.3
09;2021-04-23;771;427;41702;16150;27.4;10.6
09;2021-04-24;740;672;42442;16822;27.8;11.0
09;2021-04-25;74;113;42516;16935;27.9;11.1
09;2021-04-26;383;539;42899;17474;28.1;11.5
09;2021-04-27;443;724;43342;18198;28.4;11.9
09;2021-04-28;805;796;44147;18994;29.0;12.5
09;2021-04-29;549;773;44696;19767;29.3;13.0
09;2021-04-30;622;723;45318;20490;29.7;13.4
09;2021-05-01;478;455;45796;20945;30.1;13.7
09;2021-05-02;51;100;45847;21045;30.1;13.8
09;2021-05-03;521;666;46368;21711;30.4;14.2
09;2021-05-04;557;1345;46925;23056;30.8;15.1
09;2021-05-05;823;1347;47748;24403;31.3;16.0
09;2021-05-06;848;1032;48596;25435;31.9;16.7
09;2021-05-07;978;822;49574;26257;32.5;17.2
09;2021-05-08;394;461;49968;26718;32.8;17.5
09;2021-05-09;264;84;50232;26802;33.0;17.6
09;2021-05-10;504;966;50736;27768;33.3;18.2
09;2021-05-11;740;1049;51476;28817;33.8;18.9
09;2021-05-12;1535;1405;53011;30222;34.8;19.8
09;2021-05-13;1383;425;54394;30647;35.7;20.1
09;2021-05-14;987;660;55381;31307;36.3;20.5
09;2021-05-15;1236;789;56617;32096;37.2;21.1
09;2021-05-16;296;47;56913;32143;37.3;21.1
09;2021-05-17;875;412;57788;32555;37.9;21.4
09;2021-05-18;1290;401;59078;32956;38.8;21.6
09;2021-05-19;1495;365;60573;33321;39.7;21.9
09;2021-05-20;1380;406;61953;33727;40.7;22.1
09;2021-05-21;1164;495;63117;34222;41.4;22.5
09;2021-05-22;1546;364;64663;34586;42.4;22.7
09;2021-05-23;272;25;64935;34611;42.6;22.7
09;2021-05-24;177;89;65112;34700;42.7;22.8
09;2021-05-25;997;488;66109;35188;43.4;23.1
09;2021-05-26;1285;443;67394;35631;44.2;23.4
09;2021-05-27;964;399;68358;36030;44.9;23.6
09;2021-05-28;958;505;69316;36535;45.5;24.0
09;2021-05-29;1797;594;71113;37129;46.7;24.4
09;2021-05-30;541;197;71654;37326;47.0;24.5
09;2021-05-31;717;589;72371;37915;47.5;24.9
09;2021-06-01;967;639;73338;38554;48.1;25.3
09;2021-06-02;1006;891;74344;39445;48.8;25.9
09;2021-06-03;809;678;75153;40123;49.3;26.3
09;2021-06-04;876;796;76029;40919;49.9;26.9
09;2021-06-05;1320;872;77349;41791;50.8;27.4
09;2021-06-06;302;106;77651;41897;51.0;27.5
09;2021-06-07;624;512;78275;42409;51.4;27.8
09;2021-06-08;822;489;79097;42898;51.9;28.1
09;2021-06-09;809;830;79906;43728;52.4;28.7
09;2021-06-10;634;529;80540;44257;52.8;29.0
09;2021-06-11;830;759;81370;45016;53.4;29.5
09;2021-06-12;627;806;81997;45822;53.8;30.1
09;2021-06-13;93;131;82090;45953;53.9;30.2
09;2021-06-14;622;706;82712;46659;54.3;30.6
09;2021-06-15;819;889;83531;47548;54.8;31.2
09;2021-06-16;625;1079;84156;48627;55.2;31.9
09;2021-06-17;779;854;84935;49481;55.7;32.5
09;2021-06-18;633;1151;85568;50632;56.1;33.2
09;2021-06-19;514;1573;86082;52205;56.5;34.3
09;2021-06-20;8;279;86090;52484;56.5;34.4
09;2021-06-21;472;697;86562;53181;56.8;34.9
09;2021-06-22;457;1066;87019;54247;57.1;35.6
09;2021-06-23;432;1222;87451;55469;57.4;36.4
09;2021-06-24;580;776;88031;56245;57.8;36.9
09;2021-06-25;409;1068;88440;57313;58.0;37.6
09;2021-06-26;441;1088;88881;58401;58.3;38.3
09;2021-06-27;1;276;88882;58677;58.3;38.5
09;2021-06-28;238;1050;89120;59727;58.5;39.2
09;2021-06-29;309;1231;89429;60958;58.7;40.0
09;2021-06-30;453;1491;89882;62449;59.0;41.0
09;2021-07-01;377;1430;90259;63879;59.2;41.9
09;2021-07-02;308;1163;90567;65042;59.4;42.7
09;2021-07-03;206;1619;90773;66661;59.6;43.7
09;2021-07-04;3;254;90776;66915;59.6;43.9
09;2021-07-05;187;713;90963;67628;59.7;44.4
09;2021-07-06;288;1225;91251;68853;59.9;45.2
09;2021-07-07;412;1395;91663;70248;60.1;46.1
09;2021-07-08;319;1061;91982;71309;60.4;46.8
09;2021-07-09;290;1157;92272;72466;60.5;47.6
09;2021-07-10;344;1726;92616;74192;60.8;48.7
09;2021-07-11;147;391;92763;74583;60.9;48.9
09;2021-07-12;182;1072;92945;75655;61.0;49.6
09;2021-07-13;630;1302;93575;76957;61.4;50.5
09;2021-07-14;485;220;94060;77177;61.7;50.6
09;2021-07-15;814;1166;94874;78343;62.3;51.4
09;2021-07-16;607;1193;95481;79536;62.7;52.2
09;2021-07-17;1016;1446;96497;80982;63.3;53.1
09;2021-07-18;299;220;96796;81202;63.5;53.3
09;2021-07-19;480;969;97276;82171;63.8;53.9
09;2021-07-20;813;1247;98089;83418;64.4;54.7
09;2021-07-21;1013;1166;99102;84584;65.0;55.5
10;2020-12-27;0;0;0;0;0.0;0.0
10;2020-12-28;0;0;0;0;0.0;0.0
10;2020-12-29;0;0;0;0;0.0;0.0
10;2020-12-30;0;0;0;0;0.0;0.0
10;2020-12-31;0;0;0;0;0.0;0.0
10;2021-01-01;0;0;0;0;0.0;0.0
10;2021-01-02;0;0;0;0;0.0;0.0
10;2021-01-03;0;0;0;0;0.0;0.0
10;2021-01-04;0;0;0;0;0.0;0.0
10;2021-01-05;1;0;1;0;0.0;0.0
10;2021-01-06;0;0;1;0;0.0;0.0
10;2021-01-07;84;0;85;0;0.0;0.0
10;2021-01-08;254;0;339;0;0.1;0.0
10;2021-01-09;0;0;339;0;0.1;0.0
10;2021-01-10;0;0;339;0;0.1;0.0
10;2021-01-11;117;0;456;0;0.1;0.0
10;2021-01-12;191;0;647;0;0.2;0.0
10;2021-01-13;313;0;960;0;0.3;0.0
10;2021-01-14;391;7;1351;7;0.4;0.0
10;2021-01-15;359;2;1710;9;0.6;0.0
10;2021-01-16;55;0;1765;9;0.6;0.0
10;2021-01-17;0;0;1765;9;0.6;0.0
10;2021-01-18;699;1;2464;10;0.8;0.0
10;2021-01-19;1359;2;3823;12;1.2;0.0
10;2021-01-20;1050;3;4873;15;1.6;0.0
10;2021-01-21;1143;1;6016;16;1.9;0.0
10;2021-01-22;818;0;6834;16;2.2;0.0
10;2021-01-23;309;0;7143;16;2.3;0.0
10;2021-01-24;0;0;7143;16;2.3;0.0
10;2021-01-25;445;9;7588;25;2.4;0.0
10;2021-01-26;487;16;8075;41;2.6;0.0
10;2021-01-27;459;15;8534;56;2.8;0.0
10;2021-01-28;357;48;8891;104;2.9;0.0
10;2021-01-29;430;194;9321;298;3.0;0.1
10;2021-01-30;30;0;9351;298;3.0;0.1
10;2021-01-31;0;0;9351;298;3.0;0.1
10;2021-02-01;404;141;9755;439;3.1;0.1
10;2021-02-02;182;153;9937;592;3.2;0.2
10;2021-02-03;345;217;10282;809;3.3;0.3
10;2021-02-04;342;271;10624;1080;3.4;0.3
10;2021-02-05;327;321;10951;1401;3.5;0.5
10;2021-02-06;3;35;10954;1436;3.5;0.5
10;2021-02-07;0;0;10954;1436;3.5;0.5
10;2021-02-08;190;411;11144;1847;3.6;0.6
10;2021-02-09;480;585;11624;2432;3.8;0.8
10;2021-02-10;666;472;12290;2904;4.0;0.9
10;2021-02-11;755;598;13045;3502;4.2;1.1
10;2021-02-12;579;550;13624;4052;4.4;1.3
10;2021-02-13;36;120;13660;4172;4.4;1.3
10;2021-02-14;0;0;13660;4172;4.4;1.3
10;2021-02-15;142;451;13802;4623;4.5;1.5
10;2021-02-16;116;546;13918;5169;4.5;1.7
10;2021-02-17;129;607;14047;5776;4.5;1.9
10;2021-02-18;216;554;14263;6330;4.6;2.0
10;2021-02-19;187;472;14450;6802;4.7;2.2
10;2021-02-20;24;183;14474;6985;4.7;2.3
10;2021-02-21;0;0;14474;6985;4.7;2.3
10;2021-02-22;77;449;14551;7434;4.7;2.4
10;2021-02-23;76;563;14627;7997;4.7;2.6
10;2021-02-24;97;375;14724;8372;4.8;2.7
10;2021-02-25;323;375;15047;8747;4.9;2.8
10;2021-02-26;351;281;15398;9028;5.0;2.9
10;2021-02-27;275;130;15673;9158;5.1;3.0
10;2021-02-28;0;0;15673;9158;5.1;3.0
10;2021-03-01;257;334;15930;9492;5.1;3.1
10;2021-03-02;434;369;16364;9861;5.3;3.2
10;2021-03-03;446;581;16810;10442;5.4;3.4
10;2021-03-04;634;498;17444;10940;5.6;3.5
10;2021-03-05;677;250;18121;11190;5.8;3.6
10;2021-03-06;948;40;19069;11230;6.2;3.6
10;2021-03-07;769;4;19838;11234;6.4;3.6
10;2021-03-08;502;443;20340;11677;6.6;3.8
10;2021-03-09;673;435;21013;12112;6.8;3.9
10;2021-03-10;657;359;21670;12471;7.0;4.0
10;2021-03-11;1168;231;22838;12702;7.4;4.1
10;2021-03-12;1327;233;24165;12935;7.8;4.2
10;2021-03-13;891;33;25056;12968;8.1;4.2
10;2021-03-14;1381;10;26437;12978;8.5;4.2
10;2021-03-15;821;79;27258;13057;8.8;4.2
10;2021-03-16;687;59;27945;13116;9.0;4.2
10;2021-03-17;831;61;28776;13177;9.3;4.3
10;2021-03-18;885;77;29661;13254;9.6;4.3
10;2021-03-19;951;66;30612;13320;9.9;4.3
10;2021-03-20;552;14;31164;13334;10.1;4.3
10;2021-03-21;1845;28;33009;13362;10.7;4.3
10;2021-03-22;879;65;33888;13427;10.9;4.3
10;2021-03-23;1245;87;35133;13514;11.3;4.4
10;2021-03-24;1307;50;36440;13564;11.8;4.4
10;2021-03-25;1677;223;38117;13787;12.3;4.4
10;2021-03-26;1429;113;39546;13900;12.8;4.5
10;2021-03-27;762;79;40308;13979;13.0;4.5
10;2021-03-28;1220;25;41528;14004;13.4;4.5
10;2021-03-29;648;303;42176;14307;13.6;4.6
10;2021-03-30;926;375;43102;14682;13.9;4.7
10;2021-03-31;616;359;43718;15041;14.1;4.9
10;2021-04-01;882;680;44600;15721;14.4;5.1
10;2021-04-02;1068;584;45668;16305;14.7;5.3
10;2021-04-03;540;607;46208;16912;14.9;5.5
10;2021-04-04;1823;251;48031;17163;15.5;5.5
10;2021-04-05;1843;30;49874;17193;16.1;5.5
10;2021-04-06;514;648;50388;17841;16.3;5.8
10;2021-04-07;589;538;50977;18379;16.4;5.9
10;2021-04-08;1057;598;52034;18977;16.8;6.1
10;2021-04-09;1129;609;53163;19586;17.2;6.3
10;2021-04-10;1770;347;54933;19933;17.7;6.4
10;2021-04-11;55;1225;54988;21158;17.7;6.8
10;2021-04-12;1004;808;55992;21966;18.1;7.1
10;2021-04-13;1503;880;57495;22846;18.6;7.4
10;2021-04-14;806;594;58301;23440;18.8;7.6
10;2021-04-15;1418;887;59719;24327;19.3;7.8
10;2021-04-16;1104;695;60823;25022;19.6;8.1
10;2021-04-17;2391;350;63214;25372;20.4;8.2
10;2021-04-18;1421;1780;64635;27152;20.9;8.8
10;2021-04-19;835;836;65470;27988;21.1;9.0
10;2021-04-20;545;1036;66015;29024;21.3;9.4
10;2021-04-21;637;986;66652;30010;21.5;9.7
10;2021-04-22;933;970;67585;30980;21.8;10.0
10;2021-04-23;2171;771;69756;31751;22.5;10.2
10;2021-04-24;2296;369;72052;32120;23.2;10.4
10;2021-04-25;1990;1213;74042;33333;23.9;10.8
10;2021-04-26;773;616;74815;33949;24.1;11.0
10;2021-04-27;895;534;75710;34483;24.4;11.1
10;2021-04-28;873;401;76583;34884;24.7;11.3
10;2021-04-29;1433;667;78016;35551;25.2;11.5
10;2021-04-30;2171;756;80187;36307;25.9;11.7
10;2021-05-01;1987;2166;82174;38473;26.5;12.4
10;2021-05-02;1949;1893;84123;40366;27.1;13.0
10;2021-05-03;621;445;84744;40811;27.3;13.2
10;2021-05-04;1145;1248;85889;42059;27.7;13.6
10;2021-05-05;1753;1017;87642;43076;28.3;13.9
10;2021-05-06;2251;932;89893;44008;29.0;14.2
10;2021-05-07;2211;1128;92104;45136;29.7;14.6
10;2021-05-08;2268;855;94372;45991;30.5;14.8
10;2021-05-09;2005;99;96377;46090;31.1;14.9
10;2021-05-10;527;1091;96904;47181;31.3;15.2
10;2021-05-11;1051;1020;97955;48201;31.6;15.6
10;2021-05-12;2062;882;100017;49083;32.3;15.8
10;2021-05-13;2181;431;102198;49514;33.0;16.0
10;2021-05-14;2729;662;104927;50176;33.9;16.2
10;2021-05-15;2427;2034;107354;52210;34.6;16.8
10;2021-05-16;2081;1447;109435;53657;35.3;17.3
10;2021-05-17;1450;438;110885;54095;35.8;17.5
10;2021-05-18;2510;630;113395;54725;36.6;17.7
10;2021-05-19;1553;637;114948;55362;37.1;17.9
10;2021-05-20;1891;845;116839;56207;37.7;18.1
10;2021-05-21;2318;612;119157;56819;38.4;18.3
10;2021-05-22;2181;419;121338;57238;39.2;18.5
10;2021-05-23;1817;138;123155;57376;39.7;18.5
10;2021-05-24;1968;176;125123;57552;40.4;18.6
10;2021-05-25;2193;485;127316;58037;41.1;18.7
10;2021-05-26;1676;419;128992;58456;41.6;18.9
10;2021-05-27;1659;753;130651;59209;42.2;19.1
10;2021-05-28;1718;1183;132369;60392;42.7;19.5
10;2021-05-29;2170;635;134539;61027;43.4;19.7
10;2021-05-30;1029;133;135568;61160;43.7;19.7
10;2021-05-31;1038;747;136606;61907;44.1;20.0
10;2021-06-01;1132;885;137738;62792;44.4;20.3
10;2021-06-02;1032;713;138770;63505;44.8;20.5
10;2021-06-03;1470;1068;140240;64573;45.3;20.8
10;2021-06-04;1764;2598;142004;67171;45.8;21.7
10;2021-06-05;1511;2450;143515;69621;46.3;22.5
10;2021-06-06;1004;1869;144519;71490;46.6;23.1
10;2021-06-07;698;1112;145217;72602;46.9;23.4
10;2021-06-08;892;1168;146109;73770;47.1;23.8
10;2021-06-09;874;909;146983;74679;47.4;24.1
10;2021-06-10;675;1071;147658;75750;47.6;24.4
10;2021-06-11;1199;2210;148857;77960;48.0;25.2
10;2021-06-12;855;2385;149712;80345;48.3;25.9
10;2021-06-13;400;1838;150112;82183;48.4;26.5
10;2021-06-14;534;740;150646;82923;48.6;26.8
10;2021-06-15;739;2132;151385;85055;48.8;27.4
10;2021-06-16;739;1854;152124;86909;49.1;28.0
10;2021-06-17;846;2459;152970;89368;49.4;28.8
10;2021-06-18;1031;2474;154001;91842;49.7;29.6
10;2021-06-19;978;2594;154979;94436;50.0;30.5
10;2021-06-20;549;1598;155528;96034;50.2;31.0
10;2021-06-21;679;1045;156207;97079;50.4;31.3
10;2021-06-22;738;1524;156945;98603;50.6;31.8
10;2021-06-23;642;2408;157587;101011;50.8;32.6
10;2021-06-24;776;2617;158363;103628;51.1;33.4
10;2021-06-25;731;3038;159094;106666;51.3;34.4
10;2021-06-26;513;2742;159607;109408;51.5;35.3
10;2021-06-27;402;1940;160009;111348;51.6;35.9
10;2021-06-28;682;1786;160691;113134;51.9;36.5
10;2021-06-29;613;2696;161304;115830;52.0;37.4
10;2021-06-30;532;1526;161836;117356;52.2;37.9
10;2021-07-01;545;2173;162381;119529;52.4;38.6
10;2021-07-02;662;2729;163043;122258;52.6;39.4
10;2021-07-03;521;2598;163564;124856;52.8;40.3
10;2021-07-04;409;1730;163973;126586;52.9;40.8
10;2021-07-05;665;2221;164638;128807;53.1;41.6
10;2021-07-06;647;2185;165285;130992;53.3;42.3
10;2021-07-07;629;1701;165914;132693;53.5;42.8
10;2021-07-08;744;1454;166658;134147;53.8;43.3
10;2021-07-09;814;1943;167472;136090;54.0;43.9
10;2021-07-10;627;2094;168099;138184;54.2;44.6
10;2021-07-11;500;1377;168599;139561;54.4;45.0
10;2021-07-12;776;1620;169375;141181;54.7;45.6
10;2021-07-13;1121;1874;170496;143055;55.0;46.2
10;2021-07-14;1171;1055;171667;144110;55.4;46.5
10;2021-07-15;1469;1978;173136;146088;55.9;47.1
10;2021-07-16;1239;2270;174375;148358;56.3;47.9
10;2021-07-17;1281;1731;175656;150089;56.7;48.4
10;2021-07-18;941;1217;176597;151306;57.0;48.8
10;2021-07-19;1356;1610;177953;152916;57.4;49.3
10;2021-07-20;1675;1417;179628;154333;58.0;49.8
10;2021-07-21;1381;1475;181009;155808;58.4;50.3
11;2020-12-27;0;0;0;0;0.0;0.0
11;2020-12-28;0;0;0;0;0.0;0.0
11;2020-12-29;0;0;0;0;0.0;0.0
11;2020-12-30;0;0;0;0;0.0;0.0
11;2020-12-31;0;0;0;0;0.0;0.0
11;2021-01-01;0;0;0;0;0.0;0.0
11;2021-01-02;2;0;2;0;0.0;0.0
11;2021-01-03;0;0;2;0;0.0;0.0
11;2021-01-04;0;0;2;0;0.0;0.0
11;2021-01-05;94;0;96;0;0.0;0.0
11;2021-01-06;25;0;121;0;0.0;0.0
11;2021-01-07;113;0;234;0;0.1;0.0
11;2021-01-08;90;1;324;1;0.1;0.0
11;2021-01-09;86;0;410;1;0.1;0.0
11;2021-01-10;67;0;477;1;0.1;0.0
11;2021-01-11;136;0;613;1;0.2;0.0
11;2021-01-12;544;3;1157;4;0.3;0.0
11;2021-01-13;410;0;1567;4;0.4;0.0
11;2021-01-14;635;6;2202;10;0.6;0.0
11;2021-01-15;342;4;2544;14;0.7;0.0
11;2021-01-16;77;1;2621;15;0.7;0.0
11;2021-01-17;46;1;2667;16;0.7;0.0
11;2021-01-18;387;0;3054;16;0.8;0.0
11;2021-01-19;516;3;3570;19;1.0;0.0
11;2021-01-20;676;5;4246;24;1.1;0.0
11;2021-01-21;640;1;4886;25;1.3;0.0
11;2021-01-22;524;1;5410;26;1.5;0.0
11;2021-01-23;155;0;5565;26;1.5;0.0
11;2021-01-24;139;0;5704;26;1.5;0.0
11;2021-01-25;372;20;6076;46;1.6;0.0
11;2021-01-26;836;83;6912;129;1.9;0.0
11;2021-01-27;789;23;7701;152;2.1;0.0
11;2021-01-28;640;62;8341;214;2.2;0.1
11;2021-01-29;432;124;8773;338;2.4;0.1
11;2021-01-30;128;0;8901;338;2.4;0.1
11;2021-01-31;79;0;8980;338;2.4;0.1
11;2021-02-01;344;196;9324;534;2.5;0.1
11;2021-02-02;403;407;9727;941;2.6;0.3
11;2021-02-03;388;353;10115;1294;2.7;0.3
11;2021-02-04;372;497;10487;1791;2.8;0.5
11;2021-02-05;308;337;10795;2128;2.9;0.6
11;2021-02-06;204;61;10999;2189;3.0;0.6
11;2021-02-07;108;13;11107;2202;3.0;0.6
11;2021-02-08;310;161;11417;2363;3.1;0.6
11;2021-02-09;293;280;11710;2643;3.1;0.7
11;2021-02-10;330;447;12040;3090;3.2;0.8
11;2021-02-11;609;631;12649;3721;3.4;1.0
11;2021-02-12;397;379;13046;4100;3.5;1.1
11;2021-02-13;191;120;13237;4220;3.6;1.1
11;2021-02-14;65;27;13302;4247;3.6;1.1
11;2021-02-15;237;209;13539;4456;3.6;1.2
11;2021-02-16;261;514;13800;4970;3.7;1.3
11;2021-02-17;451;619;14251;5589;3.8;1.5
11;2021-02-18;456;576;14707;6165;3.9;1.7
11;2021-02-19;300;540;15007;6705;4.0;1.8
11;2021-02-20;146;75;15153;6780;4.1;1.8
11;2021-02-21;57;45;15210;6825;4.1;1.8
11;2021-02-22;122;333;15332;7158;4.1;1.9
11;2021-02-23;283;324;15615;7482;4.2;2.0
11;2021-02-24;250;380;15865;7862;4.3;2.1
11;2021-02-25;559;336;16424;8198;4.4;2.2
11;2021-02-26;520;321;16944;8519;4.5;2.3
11;2021-02-27;318;98;17262;8617;4.6;2.3
11;2021-02-28;95;24;17357;8641;4.7;2.3
11;2021-03-01;339;320;17696;8961;4.7;2.4
11;2021-03-02;562;389;18258;9350;4.9;2.5
11;2021-03-03;599;434;18857;9784;5.1;2.6
11;2021-03-04;1075;407;19932;10191;5.3;2.7
11;2021-03-05;1001;406;20933;10597;5.6;2.8
11;2021-03-06;1093;201;22026;10798;5.9;2.9
11;2021-03-07;657;34;22683;10832;6.1;2.9
11;2021-03-08;378;351;23061;11183;6.2;3.0
11;2021-03-09;994;393;24055;11576;6.5;3.1
11;2021-03-10;1169;548;25224;12124;6.8;3.3
11;2021-03-11;1570;439;26794;12563;7.2;3.4
11;2021-03-12;1452;438;28246;13001;7.6;3.5
11;2021-03-13;1156;235;29402;13236;7.9;3.6
11;2021-03-14;524;49;29926;13285;8.0;3.6
11;2021-03-15;650;241;30576;13526;8.2;3.6
11;2021-03-16;852;199;31428;13725;8.4;3.7
11;2021-03-17;907;219;32335;13944;8.7;3.7
11;2021-03-18;1172;286;33507;14230;9.0;3.8
11;2021-03-19;1369;241;34876;14471;9.4;3.9
11;2021-03-20;786;169;35662;14640;9.6;3.9
11;2021-03-21;225;65;35887;14705;9.6;3.9
11;2021-03-22;809;215;36696;14920;9.8;4.0
11;2021-03-23;1799;389;38495;15309;10.3;4.1
11;2021-03-24;1834;315;40329;15624;10.8;4.2
11;2021-03-25;2190;368;42519;15992;11.4;4.3
11;2021-03-26;2120;440;44639;16432;12.0;4.4
11;2021-03-27;1177;143;45816;16575;12.3;4.4
11;2021-03-28;264;41;46080;16616;12.4;4.5
11;2021-03-29;1181;217;47261;16833;12.7;4.5
11;2021-03-30;1990;317;49251;17150;13.2;4.6
11;2021-03-31;1609;379;50860;17529;13.6;4.7
11;2021-04-01;2145;423;53005;17952;14.2;4.8
11;2021-04-02;1638;428;54643;18380;14.7;4.9
11;2021-04-03;718;142;55361;18522;14.9;5.0
11;2021-04-04;198;73;55559;18595;14.9;5.0
11;2021-04-05;257;4;55816;18599;15.0;5.0
11;2021-04-06;1570;545;57386;19144;15.4;5.1
11;2021-04-07;1776;571;59162;19715;15.9;5.3
11;2021-04-08;1783;681;60945;20396;16.4;5.5
11;2021-04-09;2258;593;63203;20989;17.0;5.6
11;2021-04-10;1168;174;64371;21163;17.3;5.7
11;2021-04-11;545;107;64916;21270;17.4;5.7
11;2021-04-12;1610;521;66526;21791;17.8;5.8
11;2021-04-13;2258;879;68784;22670;18.5;6.1
11;2021-04-14;1658;1006;70442;23676;18.9;6.4
11;2021-04-15;1837;1124;72279;24800;19.4;6.7
11;2021-04-16;1833;843;74112;25643;19.9;6.9
11;2021-04-17;1771;559;75883;26202;20.4;7.0
11;2021-04-18;114;155;75997;26357;20.4;7.1
11;2021-04-19;1380;734;77377;27091;20.8;7.3
11;2021-04-20;1726;1283;79103;28374;21.2;7.6
11;2021-04-21;1782;1313;80885;29687;21.7;8.0
11;2021-04-22;1746;1320;82631;31007;22.2;8.3
11;2021-04-23;2005;1223;84636;32230;22.7;8.6
11;2021-04-24;1734;467;86370;32697;23.2;8.8
11;2021-04-25;658;178;87028;32875;23.4;8.8
11;2021-04-26;1376;835;88404;33710;23.7;9.0
11;2021-04-27;1833;1543;90237;35253;24.2;9.5
11;2021-04-28;2000;1464;92237;36717;24.7;9.9
11;2021-04-29;2246;1633;94483;38350;25.4;10.3
11;2021-04-30;2149;1420;96632;39770;25.9;10.7
11;2021-05-01;1336;341;97968;40111;26.3;10.8
11;2021-05-02;583;335;98551;40446;26.4;10.9
11;2021-05-03;1486;736;100037;41182;26.8;11.0
11;2021-05-04;1877;1427;101914;42609;27.3;11.4
11;2021-05-05;1889;1431;103803;44040;27.9;11.8
11;2021-05-06;2189;1472;105992;45512;28.4;12.2
11;2021-05-07;2099;1554;108091;47066;29.0;12.6
11;2021-05-08;892;725;108983;47791;29.2;12.8
11;2021-05-09;627;544;109610;48335;29.4;13.0
11;2021-05-10;1325;1649;110935;49984;29.8;13.4
11;2021-05-11;2034;1860;112969;51844;30.3;13.9
11;2021-05-12;1830;1630;114799;53474;30.8;14.3
11;2021-05-13;1405;413;116204;53887;31.2;14.5
11;2021-05-14;1712;1186;117916;55073;31.6;14.8
11;2021-05-15;1156;901;119072;55974;31.9;15.0
11;2021-05-16;805;162;119877;56136;32.2;15.1
11;2021-05-17;1468;1047;121345;57183;32.6;15.3
11;2021-05-18;1899;1198;123244;58381;33.1;15.7
11;2021-05-19;1848;1119;125092;59500;33.6;16.0
11;2021-05-20;1968;1091;127060;60591;34.1;16.3
11;2021-05-21;2274;1087;129334;61678;34.7;16.5
11;2021-05-22;1483;723;130817;62401;35.1;16.7
11;2021-05-23;768;68;131585;62469;35.3;16.8
11;2021-05-24;1410;226;132995;62695;35.7;16.8
11;2021-05-25;1810;1354;134805;64049;36.2;17.2
11;2021-05-26;1932;1305;136737;65354;36.7;17.5
11;2021-05-27;1984;1720;138721;67074;37.2;18.0
11;2021-05-28;1758;1891;140479;68965;37.7;18.5
11;2021-05-29;1426;1596;141905;70561;38.1;18.9
11;2021-05-30;485;395;142390;70956;38.2;19.0
11;2021-05-31;1258;1620;143648;72576;38.5;19.5
11;2021-06-01;1855;1905;145503;74481;39.0;20.0
11;2021-06-02;1758;2075;147261;76556;39.5;20.5
11;2021-06-03;2594;2410;149855;78966;40.2;21.2
11;2021-06-04;2143;2667;151998;81633;40.8;21.9
11;2021-06-05;1588;1903;153586;83536;41.2;22.4
11;2021-06-06;876;861;154462;84397;41.4;22.6
11;2021-06-07;1526;1713;155988;86110;41.9;23.1
11;2021-06-08;2031;1990;158019;88100;42.4;23.6
11;2021-06-09;1781;2190;159800;90290;42.9;24.2
11;2021-06-10;1806;2425;161606;92715;43.4;24.9
11;2021-06-11;1859;2488;163465;95203;43.9;25.5
11;2021-06-12;1452;1623;164917;96826;44.2;26.0
11;2021-06-13;711;722;165628;97548;44.4;26.2
11;2021-06-14;1030;1969;166658;99517;44.7;26.7
11;2021-06-15;1389;2685;168047;102202;45.1;27.4
11;2021-06-16;1330;2528;169377;104730;45.4;28.1
11;2021-06-17;1453;2534;170830;107264;45.8;28.8
11;2021-06-18;1512;2492;172342;109756;46.2;29.4
11;2021-06-19;1233;1405;173575;111161;46.6;29.8
11;2021-06-20;298;600;173873;111761;46.7;30.0
11;2021-06-21;838;2120;174711;113881;46.9;30.6
11;2021-06-22;1012;2602;175723;116483;47.1;31.3
11;2021-06-23;1091;2084;176814;118567;47.4;31.8
11;2021-06-24;901;2248;177715;120815;47.7;32.4
11;2021-06-25;973;2538;178688;123353;47.9;33.1
11;2021-06-26;768;1653;179456;125006;48.1;33.5
11;2021-06-27;208;687;179664;125693;48.2;33.7
11;2021-06-28;694;2301;180358;127994;48.4;34.3
11;2021-06-29;950;2595;181308;130589;48.6;35.0
11;2021-06-30;891;2516;182199;133105;48.9;35.7
11;2021-07-01;987;1885;183186;134990;49.2;36.2
11;2021-07-02;959;2537;184145;137527;49.4;36.9
11;2021-07-03;726;1801;184871;139328;49.6;37.4
11;2021-07-04;335;1109;185206;140437;49.7;37.7
11;2021-07-05;692;2128;185898;142565;49.9;38.3
11;2021-07-06;964;2520;186862;145085;50.1;38.9
11;2021-07-07;928;2514;187790;147599;50.4;39.6
11;2021-07-08;1178;1898;188968;149497;50.7;40.1
11;2021-07-09;821;1789;189789;151286;50.9;40.6
11;2021-07-10;366;1300;190155;152586;51.0;40.9
11;2021-07-11;311;560;190466;153146;51.1;41.1
11;2021-07-12;493;2665;190959;155811;51.2;41.8
11;2021-07-13;1293;3065;192252;158876;51.6;42.6
11;2021-07-14;205;234;192457;159110;51.6;42.7
11;2021-07-15;1405;2953;193862;162063;52.0;43.5
11;2021-07-16;1832;2716;195694;164779;52.5;44.2
11;2021-07-17;1073;2159;196767;166938;52.8;44.8
11;2021-07-18;650;939;197417;167877;53.0;45.0
11;2021-07-19;1322;2082;198739;169959;53.3;45.6
11;2021-07-20;1967;2398;200706;172357;53.9;46.2
11;2021-07-21;1913;2388;202619;174745;54.4;46.9
12;2020-12-27;0;0;0;0;0.0;0.0
12;2020-12-28;0;0;0;0;0.0;0.0
12;2020-12-29;0;0;0;0;0.0;0.0
12;2020-12-30;0;0;0;0;0.0;0.0
12;2020-12-31;0;0;0;0;0.0;0.0
12;2021-01-01;0;0;0;0;0.0;0.0
12;2021-01-02;0;0;0;0;0.0;0.0
12;2021-01-03;0;0;0;0;0.0;0.0
12;2021-01-04;1;0;1;0;0.0;0.0
12;2021-01-05;0;0;1;0;0.0;0.0
12;2021-01-06;13;0;14;0;0.0;0.0
12;2021-01-07;202;0;216;0;0.1;0.0
12;2021-01-08;64;0;280;0;0.1;0.0
12;2021-01-09;0;0;280;0;0.1;0.0
12;2021-01-10;1;0;281;0;0.1;0.0
12;2021-01-11;99;0;380;0;0.1;0.0
12;2021-01-12;360;1;740;1;0.3;0.0
12;2021-01-13;285;0;1025;1;0.4;0.0
12;2021-01-14;589;9;1614;10;0.6;0.0
12;2021-01-15;366;10;1980;20;0.7;0.0
12;2021-01-16;138;2;2118;22;0.8;0.0
12;2021-01-17;0;0;2118;22;0.8;0.0
12;2021-01-18;452;0;2570;22;0.9;0.0
12;2021-01-19;602;3;3172;25;1.1;0.0
12;2021-01-20;877;2;4049;27;1.5;0.0
12;2021-01-21;722;0;4771;27;1.7;0.0
12;2021-01-22;798;1;5569;28;2.0;0.0
12;2021-01-23;381;0;5950;28;2.1;0.0
12;2021-01-24;0;0;5950;28;2.1;0.0
12;2021-01-25;450;0;6400;28;2.3;0.0
12;2021-01-26;648;0;7048;28;2.5;0.0
12;2021-01-27;1826;14;8874;42;3.2;0.0
12;2021-01-28;1882;210;10756;252;3.9;0.1
12;2021-01-29;1329;43;12085;295;4.3;0.1
12;2021-01-30;359;2;12444;297;4.5;0.1
12;2021-01-31;0;0;12444;297;4.5;0.1
12;2021-02-01;333;89;12777;386;4.6;0.1
12;2021-02-02;457;243;13234;629;4.8;0.2
12;2021-02-03;456;166;13690;795;4.9;0.3
12;2021-02-04;453;522;14143;1317;5.1;0.5
12;2021-02-05;447;183;14590;1500;5.2;0.5
12;2021-02-06;219;68;14809;1568;5.3;0.6
12;2021-02-07;8;0;14817;1568;5.3;0.6
12;2021-02-08;105;316;14922;1884;5.4;0.7
12;2021-02-09;207;341;15129;2225;5.4;0.8
12;2021-02-10;464;470;15593;2695;5.6;1.0
12;2021-02-11;538;344;16131;3039;5.8;1.1
12;2021-02-12;570;343;16701;3382;6.0;1.2
12;2021-02-13;175;133;16876;3515;6.1;1.3
12;2021-02-14;0;0;16876;3515;6.1;1.3
12;2021-02-15;173;380;17049;3895;6.1;1.4
12;2021-02-16;167;512;17216;4407;6.2;1.6
12;2021-02-17;363;1436;17579;5843;6.3;2.1
12;2021-02-18;671;1655;18250;7498;6.6;2.7
12;2021-02-19;577;970;18827;8468;6.8;3.0
12;2021-02-20;102;396;18929;8864;6.8;3.2
12;2021-02-21;0;0;18929;8864;6.8;3.2
12;2021-02-22;149;404;19078;9268;6.9;3.3
12;2021-02-23;157;561;19235;9829;6.9;3.5
12;2021-02-24;157;689;19392;10518;7.0;3.8
12;2021-02-25;198;767;19590;11285;7.0;4.1
12;2021-02-26;320;654;19910;11939;7.2;4.3
12;2021-02-27;190;350;20100;12289;7.2;4.4
12;2021-02-28;12;0;20112;12289;7.2;4.4
12;2021-03-01;50;350;20162;12639;7.2;4.5
12;2021-03-02;190;504;20352;13143;7.3;4.7
12;2021-03-03;243;388;20595;13531;7.4;4.9
12;2021-03-04;277;361;20872;13892;7.5;5.0
12;2021-03-05;421;367;21293;14259;7.6;5.1
12;2021-03-06;793;122;22086;14381;7.9;5.2
12;2021-03-07;140;31;22226;14412;8.0;5.2
12;2021-03-08;234;209;22460;14621;8.1;5.3
12;2021-03-09;716;234;23176;14855;8.3;5.3
12;2021-03-10;782;730;23958;15585;8.6;5.6
12;2021-03-11;916;648;24874;16233;8.9;5.8
12;2021-03-12;1252;519;26126;16752;9.4;6.0
12;2021-03-13;896;132;27022;16884;9.7;6.1
12;2021-03-14;45;2;27067;16886;9.7;6.1
12;2021-03-15;558;152;27625;17038;9.9;6.1
12;2021-03-16;817;157;28442;17195;10.2;6.2
12;2021-03-17;1503;158;29945;17353;10.8;6.2
12;2021-03-18;993;248;30938;17601;11.1;6.3
12;2021-03-19;1378;269;32316;17870;11.6;6.4
12;2021-03-20;724;79;33040;17949;11.9;6.4
12;2021-03-21;262;10;33302;17959;12.0;6.5
12;2021-03-22;606;172;33908;18131;12.2;6.5
12;2021-03-23;1214;171;35122;18302;12.6;6.6
12;2021-03-24;1421;193;36543;18495;13.1;6.6
12;2021-03-25;1843;197;38386;18692;13.8;6.7
12;2021-03-26;1976;216;40362;18908;14.5;6.8
12;2021-03-27;978;64;41340;18972;14.9;6.8
12;2021-03-28;60;1;41400;18973;14.9;6.8
12;2021-03-29;960;76;42360;19049;15.2;6.8
12;2021-03-30;1734;112;44094;19161;15.8;6.9
12;2021-03-31;1459;93;45553;19254;16.4;6.9
12;2021-04-01;1958;144;47511;19398;17.1;7.0
12;2021-04-02;1614;335;49125;19733;17.6;7.1
12;2021-04-03;882;93;50007;19826;18.0;7.1
12;2021-04-04;1;0;50008;19826;18.0;7.1
12;2021-04-05;645;11;50653;19837;18.2;7.1
12;2021-04-06;1153;536;51806;20373;18.6;7.3
12;2021-04-07;1649;623;53455;20996;19.2;7.5
12;2021-04-08;2094;544;55549;21540;20.0;7.7
12;2021-04-09;2091;622;57640;22162;20.7;8.0
12;2021-04-10;1427;214;59067;22376;21.2;8.0
12;2021-04-11;120;1;59187;22377;21.3;8.0
12;2021-04-12;1836;499;61023;22876;21.9;8.2
12;2021-04-13;1904;770;62927;23646;22.6;8.5
12;2021-04-14;1830;1316;64757;24962;23.3;9.0
12;2021-04-15;1938;897;66695;25859;24.0;9.3
12;2021-04-16;1674;1190;68369;27049;24.6;9.7
12;2021-04-17;1554;563;69923;27612;25.1;9.9
12;2021-04-18;0;0;69923;27612;25.1;9.9
12;2021-04-19;1686;546;71609;28158;25.7;10.1
12;2021-04-20;1546;980;73155;29138;26.3;10.5
12;2021-04-21;1686;1179;74841;30317;26.9;10.9
12;2021-04-22;1689;1092;76530;31409;27.5;11.3
12;2021-04-23;1381;1326;77911;32735;28.0;11.8
12;2021-04-24;1452;718;79363;33453;28.5;12.0
12;2021-04-25;59;0;79422;33453;28.5;12.0
12;2021-04-26;1459;897;80881;34350;29.1;12.3
12;2021-04-27;1319;1276;82200;35626;29.5;12.8
12;2021-04-28;1113;1867;83313;37493;29.9;13.5
12;2021-04-29;1570;1909;84883;39402;30.5;14.2
12;2021-04-30;1812;1818;86695;41220;31.1;14.8
12;2021-05-01;1614;258;88309;41478;31.7;14.9
12;2021-05-02;0;0;88309;41478;31.7;14.9
12;2021-05-03;1713;1244;90022;42722;32.3;15.3
12;2021-05-04;1480;1389;91502;44111;32.9;15.8
12;2021-05-05;1290;1676;92792;45787;33.3;16.4
12;2021-05-06;1752;1376;94544;47163;34.0;16.9
12;2021-05-07;1477;1773;96021;48936;34.5;17.6
12;2021-05-08;1329;459;97350;49395;35.0;17.7
12;2021-05-09;13;34;97363;49429;35.0;17.8
12;2021-05-10;826;2213;98189;51642;35.3;18.6
12;2021-05-11;931;1852;99120;53494;35.6;19.2
12;2021-05-12;949;1821;100069;55315;35.9;19.9
12;2021-05-13;1586;810;101655;56125;36.5;20.2
12;2021-05-14;1236;1530;102891;57655;37.0;20.7
12;2021-05-15;1064;1112;103955;58767;37.3;21.1
12;2021-05-16;2;19;103957;58786;37.3;21.1
12;2021-05-17;1082;1811;105039;60597;37.7;21.8
12;2021-05-18;1426;1534;106465;62131;38.2;22.3
12;2021-05-19;1914;1327;108379;63458;38.9;22.8
12;2021-05-20;2112;870;110491;64328;39.7;23.1
12;2021-05-21;1823;1253;112314;65581;40.3;23.6
12;2021-05-22;1205;1013;113519;66594;40.8;23.9
12;2021-05-23;7;12;113526;66606;40.8;23.9
12;2021-05-24;1955;539;115481;67145;41.5;24.1
12;2021-05-25;1737;1160;117218;68305;42.1;24.5
12;2021-05-26;1997;777;119215;69082;42.8;24.8
12;2021-05-27;2159;739;121374;69821;43.6;25.1
12;2021-05-28;1928;1030;123302;70851;44.3;25.5
12;2021-05-29;1636;804;124938;71655;44.9;25.7
12;2021-05-30;9;43;124947;71698;44.9;25.8
12;2021-05-31;1700;814;126647;72512;45.5;26.0
12;2021-06-01;1889;1027;128536;73539;46.2;26.4
12;2021-06-02;1975;1047;130511;74586;46.9;26.8
12;2021-06-03;2119;830;132630;75416;47.6;27.1
12;2021-06-04;1966;1414;134596;76830;48.4;27.6
12;2021-06-05;1736;981;136332;77811;49.0;28.0
12;2021-06-06;5;6;136337;77817;49.0;28.0
12;2021-06-07;1089;1800;137426;79617;49.4;28.6
12;2021-06-08;1333;1200;138759;80817;49.8;29.0
12;2021-06-09;894;1286;139653;82103;50.2;29.5
12;2021-06-10;1014;917;140667;83020;50.5;29.8
12;2021-06-11;1196;2080;141863;85100;51.0;30.6
12;2021-06-12;1032;1317;142895;86417;51.3;31.0
12;2021-06-13;6;47;142901;86464;51.3;31.1
12;2021-06-14;659;1831;143560;88295;51.6;31.7
12;2021-06-15;746;1881;144306;90176;51.8;32.4
12;2021-06-16;820;1814;145126;91990;52.1;33.0
12;2021-06-17;672;989;145798;92979;52.4;33.4
12;2021-06-18;1131;1838;146929;94817;52.8;34.1
12;2021-06-19;913;1404;147842;96221;53.1;34.6
12;2021-06-20;2;10;147844;96231;53.1;34.6
12;2021-06-21;509;1738;148353;97969;53.3;35.2
12;2021-06-22;500;1478;148853;99447;53.5;35.7
12;2021-06-23;578;1306;149431;100753;53.7;36.2
12;2021-06-24;243;543;149674;101296;53.8;36.4
12;2021-06-25;869;1835;150543;103131;54.1;37.0
12;2021-06-26;671;1527;151214;104658;54.3;37.6
12;2021-06-27;0;9;151214;104667;54.3;37.6
12;2021-06-28;467;2452;151681;107119;54.5;38.5
12;2021-06-29;563;1959;152244;109078;54.7;39.2
12;2021-06-30;829;2133;153073;111211;55.0;40.0
12;2021-07-01;339;1083;153412;112294;55.1;40.3
12;2021-07-02;783;2622;154195;114916;55.4;41.3
12;2021-07-03;561;1870;154756;116786;55.6;42.0
12;2021-07-04;0;0;154756;116786;55.6;42.0
12;2021-07-05;436;2410;155192;119196;55.8;42.8
12;2021-07-06;638;2503;155830;121699;56.0;43.7
12;2021-07-07;682;2120;156512;123819;56.2;44.5
12;2021-07-08;291;913;156803;124732;56.3;44.8
12;2021-07-09;714;2593;157517;127325;56.6;45.7
12;2021-07-10;442;2076;157959;129401;56.7;46.5
12;2021-07-11;0;0;157959;129401;56.7;46.5
12;2021-07-12;578;2442;158537;131843;57.0;47.4
12;2021-07-13;833;2590;159370;134433;57.3;48.3
12;2021-07-14;43;25;159413;134458;57.3;48.3
12;2021-07-15;787;2107;160200;136565;57.6;49.1
12;2021-07-16;1237;2553;161437;139118;58.0;50.0
12;2021-07-17;782;2007;162219;141125;58.3;50.7
12;2021-07-18;22;11;162241;141136;58.3;50.7
12;2021-07-19;1306;1998;163547;143134;58.8;51.4
12;2021-07-20;1416;1473;164963;144607;59.3;51.9
12;2021-07-21;999;934;165962;145541;59.6;52.3
13;2020-12-27;0;0;0;0;0.0;0.0
13;2020-12-28;1;0;1;0;0.0;0.0
13;2020-12-29;0;0;1;0;0.0;0.0
13;2020-12-30;0;0;1;0;0.0;0.0
13;2020-12-31;0;0;1;0;0.0;0.0
13;2021-01-01;3;0;4;0;0.0;0.0
13;2021-01-02;3;0;7;0;0.0;0.0
13;2021-01-03;0;0;7;0;0.0;0.0
13;2021-01-04;0;0;7;0;0.0;0.0
13;2021-01-05;75;0;82;0;0.0;0.0
13;2021-01-06;118;0;200;0;0.0;0.0
13;2021-01-07;173;1;373;1;0.0;0.0
13;2021-01-08;185;0;558;1;0.0;0.0
13;2021-01-09;10;0;568;1;0.0;0.0
13;2021-01-10;2;0;570;1;0.0;0.0
13;2021-01-11;479;2;1049;3;0.1;0.0
13;2021-01-12;812;1;1861;4;0.1;0.0
13;2021-01-13;1084;1;2945;5;0.1;0.0
13;2021-01-14;1562;18;4507;23;0.2;0.0
13;2021-01-15;1526;6;6033;29;0.3;0.0
13;2021-01-16;406;2;6439;31;0.3;0.0
13;2021-01-17;38;0;6477;31;0.3;0.0
13;2021-01-18;2368;9;8845;40;0.4;0.0
13;2021-01-19;7395;26;16240;66;0.8;0.0
13;2021-01-20;5542;16;21782;82;1.1;0.0
13;2021-01-21;5338;22;27120;104;1.3;0.0
13;2021-01-22;3981;16;31101;120;1.5;0.0
13;2021-01-23;1334;5;32435;125;1.6;0.0
13;2021-01-24;487;3;32922;128;1.6;0.0
13;2021-01-25;2327;24;35249;152;1.7;0.0
13;2021-01-26;2945;89;38194;241;1.9;0.0
13;2021-01-27;3108;120;41302;361;2.0;0.0
13;2021-01-28;3230;188;44532;549;2.2;0.0
13;2021-01-29;2505;122;47037;671;2.3;0.0
13;2021-01-30;1016;7;48053;678;2.4;0.0
13;2021-01-31;246;0;48299;678;2.4;0.0
13;2021-02-01;1852;297;50151;975;2.5;0.0
13;2021-02-02;2253;613;52404;1588;2.6;0.1
13;2021-02-03;1856;579;54260;2167;2.7;0.1
13;2021-02-04;1896;929;56156;3096;2.8;0.2
13;2021-02-05;2624;1558;58780;4654;2.9;0.2
13;2021-02-06;840;314;59620;4968;2.9;0.2
13;2021-02-07;274;6;59894;4974;2.9;0.2
13;2021-02-08;1893;1548;61787;6522;3.0;0.3
13;2021-02-09;3300;4450;65087;10972;3.2;0.5
13;2021-02-10;3204;3428;68291;14400;3.4;0.7
13;2021-02-11;3562;3579;71853;17979;3.5;0.9
13;2021-02-12;2825;3153;74678;21132;3.7;1.0
13;2021-02-13;728;597;75406;21729;3.7;1.1
13;2021-02-14;70;378;75476;22107;3.7;1.1
13;2021-02-15;962;2036;76438;24143;3.8;1.2
13;2021-02-16;1390;2645;77828;26788;3.8;1.3
13;2021-02-17;1343;3009;79171;29797;3.9;1.5
13;2021-02-18;1890;2690;81061;32487;4.0;1.6
13;2021-02-19;1512;2193;82573;34680;4.1;1.7
13;2021-02-20;456;787;83029;35467;4.1;1.7
13;2021-02-21;28;286;83057;35753;4.1;1.8
13;2021-02-22;1021;2274;84078;38027;4.1;1.9
13;2021-02-23;1277;2685;85355;40712;4.2;2.0
13;2021-02-24;1504;2625;86859;43337;4.3;2.1
13;2021-02-25;2379;2153;89238;45490;4.4;2.2
13;2021-02-26;2454;2113;91692;47603;4.5;2.3
13;2021-02-27;980;746;92672;48349;4.6;2.4
13;2021-02-28;192;203;92864;48552;4.6;2.4
13;2021-03-01;1907;1527;94771;50079;4.7;2.5
13;2021-03-02;3000;2608;97771;52687;4.8;2.6
13;2021-03-03;3472;2618;101243;55305;5.0;2.7
13;2021-03-04;4175;3153;105418;58458;5.2;2.9
13;2021-03-05;4041;2777;109459;61235;5.4;3.0
13;2021-03-06;5289;818;114748;62053;5.6;3.1
13;2021-03-07;4286;355;119034;62408;5.9;3.1
13;2021-03-08;3918;1986;122952;64394;6.0;3.2
13;2021-03-09;5058;2261;128010;66655;6.3;3.3
13;2021-03-10;5165;1952;133175;68607;6.5;3.4
13;2021-03-11;7289;2089;140464;70696;6.9;3.5
13;2021-03-12;8311;2044;148775;72740;7.3;3.6
13;2021-03-13;6366;694;155141;73434;7.6;3.6
13;2021-03-14;2309;135;157450;73569;7.7;3.6
13;2021-03-15;6345;1268;163795;74837;8.1;3.7
13;2021-03-16;5062;1494;168857;76331;8.3;3.8
13;2021-03-17;5169;1375;174026;77706;8.6;3.8
13;2021-03-18;5810;1842;179836;79548;8.8;3.9
13;2021-03-19;6790;1590;186626;81138;9.2;4.0
13;2021-03-20;4031;684;190657;81822;9.4;4.0
13;2021-03-21;715;80;191372;81902;9.4;4.0
13;2021-03-22;7285;1539;198657;83441;9.8;4.1
13;2021-03-23;9103;1709;207760;85150;10.2;4.2
13;2021-03-24;8836;2147;216596;87297;10.6;4.3
13;2021-03-25;10887;2055;227483;89352;11.2;4.4
13;2021-03-26;10698;1846;238181;91198;11.7;4.5
13;2021-03-27;4859;820;243040;92018;11.9;4.5
13;2021-03-28;1114;80;244154;92098;12.0;4.5
13;2021-03-29;7553;1959;251707;94057;12.4;4.6
13;2021-03-30;12584;2446;264291;96503;13.0;4.7
13;2021-03-31;10795;3078;275086;99581;13.5;4.9
13;2021-04-01;12239;3003;287325;102584;14.1;5.0
13;2021-04-02;9776;3838;297101;106422;14.6;5.2
13;2021-04-03;3999;2798;301100;109220;14.8;5.4
13;2021-04-04;625;305;301725;109525;14.8;5.4
13;2021-04-05;3512;708;305237;110233;15.0;5.4
13;2021-04-06;8496;4208;313733;114441;15.4;5.6
13;2021-04-07;10067;4633;323800;119074;15.9;5.9
13;2021-04-08;10091;5426;333891;124500;16.4;6.1
13;2021-04-09;11237;5073;345128;129573;17.0;6.4
13;2021-04-10;7287;2068;352415;131641;17.3;6.5
13;2021-04-11;1374;528;353789;132169;17.4;6.5
13;2021-04-12;7958;4755;361747;136924;17.8;6.7
13;2021-04-13;9129;5442;370876;142366;18.2;7.0
13;2021-04-14;9517;5767;380393;148133;18.7;7.3
13;2021-04-15;9857;5914;390250;154047;19.2;7.6
13;2021-04-16;9953;5522;400203;159569;19.7;7.8
13;2021-04-17;4070;2001;404273;161570;19.9;7.9
13;2021-04-18;2516;1416;406789;162986;20.0;8.0
13;2021-04-19;6439;6387;413228;169373;20.3;8.3
13;2021-04-20;7391;7579;420619;176952;20.7;8.7
13;2021-04-21;7758;7337;428377;184289;21.1;9.1
13;2021-04-22;8453;7886;436830;192175;21.5;9.4
13;2021-04-23;8341;6723;445171;198898;21.9;9.8
13;2021-04-24;4611;3808;449782;202706;22.1;10.0
13;2021-04-25;869;523;450651;203229;22.2;10.0
13;2021-04-26;6154;7102;456805;210331;22.5;10.3
13;2021-04-27;7245;8007;464050;218338;22.8;10.7
13;2021-04-28;9442;7685;473492;226023;23.3;11.1
13;2021-04-29;11388;7510;484880;233533;23.8;11.5
13;2021-04-30;10912;7285;495792;240818;24.4;11.8
13;2021-05-01;5368;3778;501160;244596;24.6;12.0
13;2021-05-02;2095;745;503255;245341;24.7;12.1
13;2021-05-03;7283;7841;510538;253182;25.1;12.4
13;2021-05-04;8423;8506;518961;261688;25.5;12.9
13;2021-05-05;8199;8948;527160;270636;25.9;13.3
13;2021-05-06;10129;8560;537289;279196;26.4;13.7
13;2021-05-07;8838;10010;546127;289206;26.8;14.2
13;2021-05-08;4563;3915;550690;293121;27.1;14.4
13;2021-05-09;935;684;551625;293805;27.1;14.4
13;2021-05-10;7703;8756;559328;302561;27.5;14.9
13;2021-05-11;10942;9559;570270;312120;28.0;15.3
13;2021-05-12;12831;8699;583101;320819;28.7;15.8
13;2021-05-13;9503;3617;592604;324436;29.1;15.9
13;2021-05-14;13648;6425;606252;330861;29.8;16.3
13;2021-05-15;10194;4523;616446;335384;30.3;16.5
13;2021-05-16;3122;788;619568;336172;30.5;16.5
13;2021-05-17;10836;6797;630404;342969;31.0;16.9
13;2021-05-18;11897;6441;642301;349410;31.6;17.2
13;2021-05-19;12148;6319;654449;355729;32.2;17.5
13;2021-05-20;13426;6427;667875;362156;32.8;17.8
13;2021-05-21;12966;6762;680841;368918;33.5;18.1
13;2021-05-22;7510;3631;688351;372549;33.8;18.3
13;2021-05-23;861;636;689212;373185;33.9;18.3
13;2021-05-24;6758;2471;695970;375656;34.2;18.5
13;2021-05-25;9264;7587;705234;383243;34.7;18.8
13;2021-05-26;10121;7835;715355;391078;35.2;19.2
13;2021-05-27;10339;8405;725694;399483;35.7;19.6
13;2021-05-28;8973;9154;734667;408637;36.1;20.1
13;2021-05-29;7170;4626;741837;413263;36.5;20.3
13;2021-05-30;888;527;742725;413790;36.5;20.3
13;2021-05-31;8181;8019;750906;421809;36.9;20.7
13;2021-06-01;9334;9293;760240;431102;37.4;21.2
13;2021-06-02;9650;8764;769890;439866;37.8;21.6
13;2021-06-03;12224;9463;782114;449329;38.4;22.1
13;2021-06-04;12015;10027;794129;459356;39.0;22.6
13;2021-06-05;7741;5569;801870;464925;39.4;22.9
13;2021-06-06;1666;880;803536;465805;39.5;22.9
13;2021-06-07;6663;9877;810199;475682;39.8;23.4
13;2021-06-08;8271;9972;818470;485654;40.2;23.9
13;2021-06-09;8311;9703;826781;495357;40.6;24.3
13;2021-06-10;8863;9735;835644;505092;41.1;24.8
13;2021-06-11;8188;12688;843832;517780;41.5;25.5
13;2021-06-12;5743;6693;849575;524473;41.8;25.8
13;2021-06-13;943;1212;850518;525685;41.8;25.8
13;2021-06-14;5953;11131;856471;536816;42.1;26.4
13;2021-06-15;7184;11387;863655;548203;42.5;26.9
13;2021-06-16;7232;9871;870887;558074;42.8;27.4
13;2021-06-17;7311;10683;878198;568757;43.2;28.0
13;2021-06-18;7396;11052;885594;579809;43.5;28.5
13;2021-06-19;4567;7468;890161;587277;43.8;28.9
13;2021-06-20;940;1040;891101;588317;43.8;28.9
13;2021-06-21;4418;12250;895519;600567;44.0;29.5
13;2021-06-22;4873;13863;900392;614430;44.3;30.2
13;2021-06-23;5029;13550;905421;627980;44.5;30.9
13;2021-06-24;5240;12828;910661;640808;44.8;31.5
13;2021-06-25;5111;14676;915772;655484;45.0;32.2
13;2021-06-26;2990;9664;918762;665148;45.2;32.7
13;2021-06-27;530;928;919292;666076;45.2;32.7
13;2021-06-28;3645;12548;922937;678624;45.4;33.4
13;2021-06-29;4346;12883;927283;691507;45.6;34.0
13;2021-06-30;4760;12679;932043;704186;45.8;34.6
13;2021-07-01;5284;11451;937327;715637;46.1;35.2
13;2021-07-02;5387;12363;942714;728000;46.3;35.8
13;2021-07-03;3456;9144;946170;737144;46.5;36.2
13;2021-07-04;466;868;946636;738012;46.5;36.3
13;2021-07-05;3650;11766;950286;749778;46.7;36.9
13;2021-07-06;5371;11655;955657;761433;47.0;37.4
13;2021-07-07;5531;10656;961188;772089;47.2;38.0
13;2021-07-08;6112;10248;967300;782337;47.5;38.5
13;2021-07-09;5817;11878;973117;794215;47.8;39.0
13;2021-07-10;3127;8616;976244;802831;48.0;39.5
13;2021-07-11;421;1008;976665;803839;48.0;39.5
13;2021-07-12;4409;10938;981074;814777;48.2;40.0
13;2021-07-13;8844;13056;989918;827833;48.7;40.7
13;2021-07-14;5561;4794;995479;832627;48.9;40.9
13;2021-07-15;11265;12792;1006744;845419;49.5;41.6
13;2021-07-16;11991;12745;1018735;858164;50.1;42.2
13;2021-07-17;6511;8371;1025246;866535;50.4;42.6
13;2021-07-18;709;1050;1025955;867585;50.4;42.6
13;2021-07-19;9692;11060;1035647;878645;50.9;43.2
13;2021-07-20;12077;11494;1047724;890139;51.5;43.8
13;2021-07-21;12360;10100;1060084;900239;52.1;44.2
14;2020-12-27;0;0;0;0;0.0;0.0
14;2020-12-28;1;0;1;0;0.0;0.0
14;2020-12-29;0;0;1;0;0.0;0.0
14;2020-12-30;0;0;1;0;0.0;0.0
14;2020-12-31;3;0;4;0;0.0;0.0
14;2021-01-01;1;0;5;0;0.0;0.0
14;2021-01-02;1;0;6;0;0.0;0.0
14;2021-01-03;0;0;6;0;0.0;0.0
14;2021-01-04;0;0;6;0;0.0;0.0
14;2021-01-05;13;0;19;0;0.0;0.0
14;2021-01-06;348;0;367;0;0.1;0.0
14;2021-01-07;396;1;763;1;0.1;0.0
14;2021-01-08;613;2;1376;3;0.2;0.0
14;2021-01-09;125;0;1501;3;0.2;0.0
14;2021-01-10;41;0;1542;3;0.2;0.0
14;2021-01-11;662;1;2204;4;0.3;0.0
14;2021-01-12;934;0;3138;4;0.5;0.0
14;2021-01-13;846;1;3984;5;0.6;0.0
14;2021-01-14;2798;17;6782;22;1.0;0.0
14;2021-01-15;1877;16;8659;38;1.3;0.0
14;2021-01-16;268;2;8927;40;1.3;0.0
14;2021-01-17;145;4;9072;44;1.3;0.0
14;2021-01-18;1084;2;10156;46;1.5;0.0
14;2021-01-19;1148;1;11304;47;1.6;0.0
14;2021-01-20;1987;4;13291;51;1.9;0.0
14;2021-01-21;1811;5;15102;56;2.2;0.0
14;2021-01-22;1486;2;16588;58;2.4;0.0
14;2021-01-23;297;1;16885;59;2.4;0.0
14;2021-01-24;71;0;16956;59;2.5;0.0
14;2021-01-25;909;10;17865;69;2.6;0.0
14;2021-01-26;846;36;18711;105;2.7;0.0
14;2021-01-27;879;158;19590;263;2.8;0.0
14;2021-01-28;779;144;20369;407;2.9;0.1
14;2021-01-29;780;229;21149;636;3.1;0.1
14;2021-01-30;269;12;21418;648;3.1;0.1
14;2021-01-31;58;3;21476;651;3.1;0.1
14;2021-02-01;724;230;22200;881;3.2;0.1
14;2021-02-02;822;423;23022;1304;3.3;0.2
14;2021-02-03;745;389;23767;1693;3.4;0.2
14;2021-02-04;1167;2061;24934;3754;3.6;0.5
14;2021-02-05;1293;1314;26227;5068;3.8;0.7
14;2021-02-06;394;240;26621;5308;3.9;0.8
14;2021-02-07;178;73;26799;5381;3.9;0.8
14;2021-02-08;774;825;27573;6206;4.0;0.9
14;2021-02-09;719;1009;28292;7215;4.1;1.0
14;2021-02-10;824;1611;29116;8826;4.2;1.3
14;2021-02-11;1349;1433;30465;10259;4.4;1.5
14;2021-02-12;1379;1083;31844;11342;4.6;1.6
14;2021-02-13;307;185;32151;11527;4.6;1.7
14;2021-02-14;84;68;32235;11595;4.7;1.7
14;2021-02-15;442;1087;32677;12682;4.7;1.8
14;2021-02-16;675;983;33352;13665;4.8;2.0
14;2021-02-17;405;985;33757;14650;4.9;2.1
14;2021-02-18;702;874;34459;15524;5.0;2.2
14;2021-02-19;733;780;35192;16304;5.1;2.4
14;2021-02-20;89;272;35281;16576;5.1;2.4
14;2021-02-21;6;90;35287;16666;5.1;2.4
14;2021-02-22;432;1050;35719;17716;5.2;2.6
14;2021-02-23;485;917;36204;18633;5.2;2.7
14;2021-02-24;439;896;36643;19529;5.3;2.8
14;2021-02-25;1221;1173;37864;20702;5.5;3.0
14;2021-02-26;1576;1164;39440;21866;5.7;3.2
14;2021-02-27;505;269;39945;22135;5.8;3.2
14;2021-02-28;27;42;39972;22177;5.8;3.2
14;2021-03-01;519;923;40491;23100;5.9;3.3
14;2021-03-02;967;811;41458;23911;6.0;3.5
14;2021-03-03;1075;830;42533;24741;6.2;3.6
14;2021-03-04;1949;774;44482;25515;6.4;3.7
14;2021-03-05;2429;865;46911;26380;6.8;3.8
14;2021-03-06;3073;192;49984;26572;7.2;3.8
14;2021-03-07;1193;58;51177;26630;7.4;3.9
14;2021-03-08;1250;811;52427;27441;7.6;4.0
14;2021-03-09;1740;691;54167;28132;7.8;4.1
14;2021-03-10;1831;582;55998;28714;8.1;4.2
14;2021-03-11;2746;462;58744;29176;8.5;4.2
14;2021-03-12;4041;550;62785;29726;9.1;4.3
14;2021-03-13;1849;167;64634;29893;9.3;4.3
14;2021-03-14;30;38;64664;29931;9.4;4.3
14;2021-03-15;2005;132;66669;30063;9.6;4.3
14;2021-03-16;1398;278;68067;30341;9.8;4.4
14;2021-03-17;1155;192;69222;30533;10.0;4.4
14;2021-03-18;1479;301;70701;30834;10.2;4.5
14;2021-03-19;2596;260;73297;31094;10.6;4.5
14;2021-03-20;2655;33;75952;31127;11.0;4.5
14;2021-03-21;453;8;76405;31135;11.0;4.5
14;2021-03-22;1867;355;78272;31490;11.3;4.6
14;2021-03-23;2171;318;80443;31808;11.6;4.6
14;2021-03-24;2429;185;82872;31993;12.0;4.6
14;2021-03-25;3288;309;86160;32302;12.5;4.7
14;2021-03-26;4603;457;90763;32759;13.1;4.7
14;2021-03-27;2230;222;92993;32981;13.4;4.8
14;2021-03-28;35;1;93028;32982;13.5;4.8
14;2021-03-29;1605;477;94633;33459;13.7;4.8
14;2021-03-30;2714;509;97347;33968;14.1;4.9
14;2021-03-31;2315;905;99662;34873;14.4;5.0
14;2021-04-01;4171;1657;103833;36530;15.0;5.3
14;2021-04-02;3862;1255;107695;37785;15.6;5.5
14;2021-04-03;1129;1200;108824;38985;15.7;5.6
14;2021-04-04;25;483;108849;39468;15.7;5.7
14;2021-04-05;1215;321;110064;39789;15.9;5.8
14;2021-04-06;2383;987;112447;40776;16.3;5.9
14;2021-04-07;2717;1023;115164;41799;16.7;6.0
14;2021-04-08;4297;1094;119461;42893;17.3;6.2
14;2021-04-09;6029;1155;125490;44048;18.1;6.4
14;2021-04-10;2892;428;128382;44476;18.6;6.4
14;2021-04-11;628;118;129010;44594;18.7;6.4
14;2021-04-12;2911;1575;131921;46169;19.1;6.7
14;2021-04-13;3468;1429;135389;47598;19.6;6.9
14;2021-04-14;3107;1160;138496;48758;20.0;7.1
14;2021-04-15;4392;1504;142888;50262;20.7;7.3
14;2021-04-16;4600;1545;147488;51807;21.3;7.5
14;2021-04-17;2314;1655;149802;53462;21.7;7.7
14;2021-04-18;537;325;150339;53787;21.7;7.8
14;2021-04-19;2755;1702;153094;55489;22.1;8.0
14;2021-04-20;3385;1826;156479;57315;22.6;8.3
14;2021-04-21;3000;1458;159479;58773;23.1;8.5
14;2021-04-22;4222;2067;163701;60840;23.7;8.8
14;2021-04-23;4629;2269;168330;63109;24.3;9.1
14;2021-04-24;1850;1750;170180;64859;24.6;9.4
14;2021-04-25;456;28;170636;64887;24.7;9.4
14;2021-04-26;3371;1566;174007;66453;25.2;9.6
14;2021-04-27;3499;2565;177506;69018;25.7;10.0
14;2021-04-28;3234;1891;180740;70909;26.1;10.3
14;2021-04-29;4539;2297;185279;73206;26.8;10.6
14;2021-04-30;5119;2630;190398;75836;27.5;11.0
14;2021-05-01;3552;189;193950;76025;28.0;11.0
14;2021-05-02;1237;54;195187;76079;28.2;11.0
14;2021-05-03;2479;2761;197666;78840;28.6;11.4
14;2021-05-04;3126;2896;200792;81736;29.0;11.8
14;2021-05-05;3681;2753;204473;84489;29.6;12.2
14;2021-05-06;4931;3473;209404;87962;30.3;12.7
14;2021-05-07;4864;3844;214268;91806;31.0;13.3
14;2021-05-08;2725;1258;216993;93064;31.4;13.5
14;2021-05-09;1914;659;218907;93723;31.7;13.6
14;2021-05-10;3628;3149;222535;96872;32.2;14.0
14;2021-05-11;4344;3592;226879;100464;32.8;14.5
14;2021-05-12;4048;3207;230927;103671;33.4;15.0
14;2021-05-13;4690;1128;235617;104799;34.1;15.2
14;2021-05-14;6670;2623;242287;107422;35.0;15.5
14;2021-05-15;5141;762;247428;108184;35.8;15.6
14;2021-05-16;2317;121;249745;108305;36.1;15.7
14;2021-05-17;2821;2262;252566;110567;36.5;16.0
14;2021-05-18;4084;2239;256650;112806;37.1;16.3
14;2021-05-19;3746;2017;260396;114823;37.7;16.6
14;2021-05-20;4474;2758;264870;117581;38.3;17.0
14;2021-05-21;4266;3525;269136;121106;38.9;17.5
14;2021-05-22;1668;865;270804;121971;39.2;17.6
14;2021-05-23;647;71;271451;122042;39.3;17.7
14;2021-05-24;2843;748;274294;122790;39.7;17.8
14;2021-05-25;3625;3391;277919;126181;40.2;18.2
14;2021-05-26;3430;2405;281349;128586;40.7;18.6
14;2021-05-27;4768;3233;286117;131819;41.4;19.1
14;2021-05-28;5084;3889;291201;135708;42.1;19.6
14;2021-05-29;2339;2456;293540;138164;42.5;20.0
14;2021-05-30;757;239;294297;138403;42.6;20.0
14;2021-05-31;4088;2963;298385;141366;43.2;20.4
14;2021-06-01;5735;3215;304120;144581;44.0;20.9
14;2021-06-02;5026;2846;309146;147427;44.7;21.3
14;2021-06-03;6649;4009;315795;151436;45.7;21.9
14;2021-06-04;6441;5136;322236;156572;46.6;22.6
14;2021-06-05;4344;1861;326580;158433;47.2;22.9
14;2021-06-06;2042;82;328622;158515;47.5;22.9
14;2021-06-07;4242;3447;332864;161962;48.1;23.4
14;2021-06-08;5233;3126;338097;165088;48.9;23.9
14;2021-06-09;4269;2958;342366;168046;49.5;24.3
14;2021-06-10;5042;2960;347408;171006;50.2;24.7
14;2021-06-11;4825;4881;352233;175887;50.9;25.4
14;2021-06-12;3678;4504;355911;180391;51.5;26.1
14;2021-06-13;844;1091;356755;181482;51.6;26.2
14;2021-06-14;2172;3791;358927;185273;51.9;26.8
14;2021-06-15;3300;3968;362227;189241;52.4;27.4
14;2021-06-16;3431;4548;365658;193789;52.9;28.0
14;2021-06-17;4221;5257;369879;199046;53.5;28.8
14;2021-06-18;3719;6123;373598;205169;54.0;29.7
14;2021-06-19;2581;2948;376179;208117;54.4;30.1
14;2021-06-20;571;1564;376750;209681;54.5;30.3
14;2021-06-21;2102;4354;378852;214035;54.8;31.0
14;2021-06-22;2564;5184;381416;219219;55.2;31.7
14;2021-06-23;2491;4344;383907;223563;55.5;32.3
14;2021-06-24;3426;5809;387333;229372;56.0;33.2
14;2021-06-25;2725;7280;390058;236652;56.4;34.2
14;2021-06-26;2165;4541;392223;241193;56.7;34.9
14;2021-06-27;435;1833;392658;243026;56.8;35.1
14;2021-06-28;1294;3973;393952;246999;57.0;35.7
14;2021-06-29;1776;5369;395728;252368;57.2;36.5
14;2021-06-30;1957;4623;397685;256991;57.5;37.2
14;2021-07-01;2895;5072;400580;262063;57.9;37.9
14;2021-07-02;2569;6671;403149;268734;58.3;38.9
14;2021-07-03;1420;2651;404569;271385;58.5;39.2
14;2021-07-04;417;716;404986;272101;58.6;39.4
14;2021-07-05;1182;4789;406168;276890;58.7;40.0
14;2021-07-06;2062;6008;408230;282898;59.0;40.9
14;2021-07-07;2236;4581;410466;287479;59.4;41.6
14;2021-07-08;2879;5518;413345;292997;59.8;42.4
14;2021-07-09;2740;6448;416085;299445;60.2;43.3
14;2021-07-10;2022;3199;418107;302644;60.5;43.8
14;2021-07-11;895;873;419002;303517;60.6;43.9
14;2021-07-12;1616;5909;420618;309426;60.8;44.8
14;2021-07-13;3049;7338;423667;316764;61.3;45.8
14;2021-07-14;2227;3048;425894;319812;61.6;46.3
14;2021-07-15;4134;7653;430028;327465;62.2;47.4
14;2021-07-16;4654;7673;434682;335138;62.9;48.5
14;2021-07-17;2096;4198;436778;339336;63.2;49.1
14;2021-07-18;799;1864;437577;341200;63.3;49.3
14;2021-07-19;2557;6112;440134;347312;63.7;50.2
14;2021-07-20;3222;7245;443356;354557;64.1;51.3
14;2021-07-21;3994;5796;447350;360353;64.7;52.1
15;2020-12-27;0;0;0;0;0.0;0.0
15;2020-12-28;0;0;0;0;0.0;0.0
15;2020-12-29;0;0;0;0;0.0;0.0
15;2020-12-30;0;0;0;0;0.0;0.0
15;2020-12-31;0;0;0;0;0.0;0.0
15;2021-01-01;1;0;1;0;0.0;0.0
15;2021-01-02;0;0;1;0;0.0;0.0
15;2021-01-03;0;0;1;0;0.0;0.0
15;2021-01-04;0;0;1;0;0.0;0.0
15;2021-01-05;0;0;1;0;0.0;0.0
15;2021-01-06;0;0;1;0;0.0;0.0
15;2021-01-07;71;0;72;0;0.1;0.0
15;2021-01-08;106;0;178;0;0.1;0.0
15;2021-01-09;0;0;178;0;0.1;0.0
15;2021-01-10;1;0;179;0;0.1;0.0
15;2021-01-11;98;0;277;0;0.2;0.0
15;2021-01-12;92;0;369;0;0.3;0.0
15;2021-01-13;230;0;599;0;0.4;0.0
15;2021-01-14;305;1;904;1;0.6;0.0
15;2021-01-15;138;0;1042;1;0.7;0.0
15;2021-01-16;90;0;1132;1;0.8;0.0
15;2021-01-17;0;0;1132;1;0.8;0.0
15;2021-01-18;404;2;1536;3;1.1;0.0
15;2021-01-19;550;0;2086;3;1.5;0.0
15;2021-01-20;630;0;2716;3;1.9;0.0
15;2021-01-21;575;3;3291;6;2.3;0.0
15;2021-01-22;503;2;3794;8;2.7;0.0
15;2021-01-23;432;1;4226;9;3.0;0.0
15;2021-01-24;6;0;4232;9;3.0;0.0
15;2021-01-25;397;0;4629;9;3.2;0.0
15;2021-01-26;436;0;5065;9;3.5;0.0
15;2021-01-27;725;0;5790;9;4.1;0.0
15;2021-01-28;625;51;6415;60;4.5;0.0
15;2021-01-29;330;82;6745;142;4.7;0.1
15;2021-01-30;218;3;6963;145;4.9;0.1
15;2021-01-31;0;0;6963;145;4.9;0.1
15;2021-02-01;237;89;7200;234;5.0;0.2
15;2021-02-02;189;90;7389;324;5.2;0.2
15;2021-02-03;266;158;7655;482;5.4;0.3
15;2021-02-04;662;205;8317;687;5.8;0.5
15;2021-02-05;296;256;8613;943;6.0;0.7
15;2021-02-06;98;76;8711;1019;6.1;0.7
15;2021-02-07;0;0;8711;1019;6.1;0.7
15;2021-02-08;233;107;8944;1126;6.3;0.8
15;2021-02-09;205;118;9149;1244;6.4;0.9
15;2021-02-10;338;298;9487;1542;6.6;1.1
15;2021-02-11;115;240;9602;1782;6.7;1.2
15;2021-02-12;136;159;9738;1941;6.8;1.4
15;2021-02-13;92;78;9830;2019;6.9;1.4
15;2021-02-14;0;0;9830;2019;6.9;1.4
15;2021-02-15;63;216;9893;2235;6.9;1.6
15;2021-02-16;52;294;9945;2529;7.0;1.8
15;2021-02-17;143;470;10088;2999;7.1;2.1
15;2021-02-18;87;747;10175;3746;7.1;2.6
15;2021-02-19;90;432;10265;4178;7.2;2.9
15;2021-02-20;21;259;10286;4437;7.2;3.1
15;2021-02-21;0;0;10286;4437;7.2;3.1
15;2021-02-22;23;497;10309;4934;7.2;3.5
15;2021-02-23;180;457;10489;5391;7.3;3.8
15;2021-02-24;31;461;10520;5852;7.4;4.1
15;2021-02-25;228;1002;10748;6854;7.5;4.8
15;2021-02-26;185;475;10933;7329;7.7;5.1
15;2021-02-27;146;88;11079;7417;7.8;5.2
15;2021-02-28;1;0;11080;7417;7.8;5.2
15;2021-03-01;121;223;11201;7640;7.8;5.3
15;2021-03-02;249;306;11450;7946;8.0;5.6
15;2021-03-03;207;29;11657;7975;8.2;5.6
15;2021-03-04;244;246;11901;8221;8.3;5.8
15;2021-03-05;347;170;12248;8391;8.6;5.9
15;2021-03-06;680;8;12928;8399;9.1;5.9
15;2021-03-07;80;0;13008;8399;9.1;5.9
15;2021-03-08;93;105;13101;8504;9.2;6.0
15;2021-03-09;279;285;13380;8789;9.4;6.2
15;2021-03-10;416;162;13796;8951;9.7;6.3
15;2021-03-11;434;296;14230;9247;10.0;6.5
15;2021-03-12;523;94;14753;9341;10.3;6.5
15;2021-03-13;354;4;15107;9345;10.6;6.5
15;2021-03-14;18;0;15125;9345;10.6;6.5
15;2021-03-15;542;61;15667;9406;11.0;6.6
15;2021-03-16;328;20;15995;9426;11.2;6.6
15;2021-03-17;130;53;16125;9479;11.3;6.6
15;2021-03-18;250;95;16375;9574;11.5;6.7
15;2021-03-19;668;30;17043;9604;11.9;6.7
15;2021-03-20;148;36;17191;9640;12.0;6.8
15;2021-03-21;6;0;17197;9640;12.0;6.8
15;2021-03-22;573;74;17770;9714;12.4;6.8
15;2021-03-23;775;92;18545;9806;13.0;6.9
15;2021-03-24;936;32;19481;9838;13.6;6.9
15;2021-03-25;1279;22;20760;9860;14.5;6.9
15;2021-03-26;1009;49;21769;9909;15.2;6.9
15;2021-03-27;301;3;22070;9912;15.5;6.9
15;2021-03-28;20;0;22090;9912;15.5;6.9
15;2021-03-29;780;15;22870;9927;16.0;7.0
15;2021-03-30;1133;197;24003;10124;16.8;7.1
15;2021-03-31;937;20;24940;10144;17.5;7.1
15;2021-04-01;1233;52;26173;10196;18.3;7.1
15;2021-04-02;1141;56;27314;10252;19.1;7.2
15;2021-04-03;120;18;27434;10270;19.2;7.2
15;2021-04-04;0;0;27434;10270;19.2;7.2
15;2021-04-05;33;1;27467;10271;19.2;7.2
15;2021-04-06;834;78;28301;10349;19.8;7.2
15;2021-04-07;662;100;28963;10449;20.3;7.3
15;2021-04-08;1247;129;30210;10578;21.2;7.4
15;2021-04-09;1275;95;31485;10673;22.0;7.5
15;2021-04-10;364;19;31849;10692;22.3;7.5
15;2021-04-11;13;0;31862;10692;22.3;7.5
15;2021-04-12;644;458;32506;11150;22.8;7.8
15;2021-04-13;1124;320;33630;11470;23.5;8.0
15;2021-04-14;1038;197;34668;11667;24.3;8.2
15;2021-04-15;1182;304;35850;11971;25.1;8.4
15;2021-04-16;1038;554;36888;12525;25.8;8.8
15;2021-04-17;443;11;37331;12536;26.1;8.8
15;2021-04-18;0;10;37331;12546;26.1;8.8
15;2021-04-19;540;514;37871;13060;26.5;9.1
15;2021-04-20;847;614;38718;13674;27.1;9.6
15;2021-04-21;600;647;39318;14321;27.5;10.0
15;2021-04-22;726;771;40044;15092;28.0;10.6
15;2021-04-23;731;675;40775;15767;28.6;11.0
15;2021-04-24;363;123;41138;15890;28.8;11.1
15;2021-04-25;1;3;41139;15893;28.8;11.1
15;2021-04-26;324;631;41463;16524;29.0;11.6
15;2021-04-27;469;932;41932;17456;29.4;12.2
15;2021-04-28;378;788;42310;18244;29.6;12.8
15;2021-04-29;584;1009;42894;19253;30.0;13.5
15;2021-04-30;547;1078;43441;20331;30.4;14.2
15;2021-05-01;283;30;43724;20361;30.6;14.3
15;2021-05-02;0;0;43724;20361;30.6;14.3
15;2021-05-03;881;329;44605;20690;31.2;14.5
15;2021-05-04;802;855;45407;21545;31.8;15.1
15;2021-05-05;676;670;46083;22215;32.3;15.6
15;2021-05-06;826;965;46909;23180;32.8;16.2
15;2021-05-07;1152;906;48061;24086;33.7;16.9
15;2021-05-08;491;54;48552;24140;34.0;16.9
15;2021-05-09;23;9;48575;24149;34.0;16.9
15;2021-05-10;705;911;49280;25060;34.5;17.5
15;2021-05-11;1187;1185;50467;26245;35.3;18.4
15;2021-05-12;1147;833;51614;27078;36.1;19.0
15;2021-05-13;1165;438;52779;27516;37.0;19.3
15;2021-05-14;1504;583;54283;28099;38.0;19.7
15;2021-05-15;1410;417;55693;28516;39.0;20.0
15;2021-05-16;1;10;55694;28526;39.0;20.0
15;2021-05-17;1000;606;56694;29132;39.7;20.4
15;2021-05-18;1222;968;57916;30100;40.6;21.1
15;2021-05-19;1020;458;58936;30558;41.3;21.4
15;2021-05-20;1239;776;60175;31334;42.1;21.9
15;2021-05-21;1348;748;61523;32082;43.1;22.5
15;2021-05-22;527;187;62050;32269;43.4;22.6
15;2021-05-23;0;11;62050;32280;43.4;22.6
15;2021-05-24;691;257;62741;32537;43.9;22.8
15;2021-05-25;1151;620;63892;33157;44.7;23.2
15;2021-05-26;1096;458;64988;33615;45.5;23.5
15;2021-05-27;1269;661;66257;34276;46.4;24.0
15;2021-05-28;1509;886;67766;35162;47.5;24.6
15;2021-05-29;984;361;68750;35523;48.1;24.9
15;2021-05-30;14;25;68764;35548;48.2;24.9
15;2021-05-31;1201;478;69965;36026;49.0;25.2
15;2021-06-01;1399;571;71364;36597;50.0;25.6
15;2021-06-02;865;417;72229;37014;50.6;25.9
15;2021-06-03;931;711;73160;37725;51.2;26.4
15;2021-06-04;1076;718;74236;38443;52.0;26.9
15;2021-06-05;651;263;74887;38706;52.4;27.1
15;2021-06-06;16;20;74903;38726;52.4;27.1
15;2021-06-07;784;350;75687;39076;53.0;27.4
15;2021-06-08;474;396;76161;39472;53.3;27.6
15;2021-06-09;377;374;76538;39846;53.6;27.9
15;2021-06-10;269;425;76807;40271;53.8;28.2
15;2021-06-11;661;1099;77468;41370;54.2;29.0
15;2021-06-12;377;467;77845;41837;54.5;29.3
15;2021-06-13;12;6;77857;41843;54.5;29.3
15;2021-06-14;542;976;78399;42819;54.9;30.0
15;2021-06-15;450;1162;78849;43981;55.2;30.8
15;2021-06-16;539;898;79388;44879;55.6;31.4
15;2021-06-17;287;933;79675;45812;55.8;32.1
15;2021-06-18;740;1203;80415;47015;56.3;32.9
15;2021-06-19;541;705;80956;47720;56.7;33.4
15;2021-06-20;11;1;80967;47721;56.7;33.4
15;2021-06-21;277;1036;81244;48757;56.9;34.1
15;2021-06-22;229;1479;81473;50236;57.0;35.2
15;2021-06-23;337;1444;81810;51680;57.3;36.2
15;2021-06-24;290;1095;82100;52775;57.5;37.0
15;2021-06-25;377;1644;82477;54419;57.8;38.1
15;2021-06-26;164;911;82641;55330;57.9;38.7
15;2021-06-27;0;0;82641;55330;57.9;38.7
15;2021-06-28;174;1228;82815;56558;58.0;39.6
15;2021-06-29;299;1265;83114;57823;58.2;40.5
15;2021-06-30;267;984;83381;58807;58.4;41.2
15;2021-07-01;376;1226;83757;60033;58.6;42.0
15;2021-07-02;405;1354;84162;61387;58.9;43.0
15;2021-07-03;251;710;84413;62097;59.1;43.5
15;2021-07-04;0;1;84413;62098;59.1;43.5
15;2021-07-05;246;1261;84659;63359;59.3;44.4
15;2021-07-06;269;1471;84928;64830;59.5;45.4
15;2021-07-07;251;1344;85179;66174;59.6;46.3
15;2021-07-08;487;1351;85666;67525;60.0;47.3
15;2021-07-09;478;1789;86144;69314;60.3;48.5
15;2021-07-10;214;866;86358;70180;60.5;49.1
15;2021-07-11;7;5;86365;70185;60.5;49.1
15;2021-07-12;267;1485;86632;71670;60.7;50.2
15;2021-07-13;575;1762;87207;73432;61.1;51.4
15;2021-07-14;8;130;87215;73562;61.1;51.5
15;2021-07-15;1123;729;88338;74291;61.9;52.0
15;2021-07-16;1124;1338;89462;75629;62.6;53.0
15;2021-07-17;815;949;90277;76578;63.2;53.6
15;2021-07-18;0;3;90277;76581;63.2;53.6
15;2021-07-19;1054;1269;91331;77850;64.0;54.5
15;2021-07-20;1588;551;92919;78401;65.1;54.9
15;2021-07-21;1151;600;94070;79001;65.9;55.3
16;2020-12-27;0;0;0;0;0.0;0.0
16;2020-12-28;0;0;0;0;0.0;0.0
16;2020-12-29;0;0;0;0;0.0;0.0
16;2020-12-30;0;0;0;0;0.0;0.0
16;2020-12-31;0;0;0;0;0.0;0.0
16;2021-01-01;0;0;0;0;0.0;0.0
16;2021-01-02;0;0;0;0;0.0;0.0
16;2021-01-03;0;0;0;0;0.0;0.0
16;2021-01-04;1;0;1;0;0.0;0.0
16;2021-01-05;1;0;2;0;0.0;0.0
16;2021-01-06;88;0;90;0;0.0;0.0
16;2021-01-07;239;0;329;0;0.1;0.0
16;2021-01-08;464;2;793;2;0.2;0.0
16;2021-01-09;1;0;794;2;0.2;0.0
16;2021-01-10;1;0;795;2;0.2;0.0
16;2021-01-11;303;0;1098;2;0.3;0.0
16;2021-01-12;436;1;1534;3;0.4;0.0
16;2021-01-13;479;0;2013;3;0.6;0.0
16;2021-01-14;596;6;2609;9;0.7;0.0
16;2021-01-15;504;3;3113;12;0.9;0.0
16;2021-01-16;0;0;3113;12;0.9;0.0
16;2021-01-17;0;0;3113;12;0.9;0.0
16;2021-01-18;431;5;3544;17;1.0;0.0
16;2021-01-19;829;2;4373;19;1.3;0.0
16;2021-01-20;1181;2;5554;21;1.6;0.0
16;2021-01-21;1347;2;6901;23;2.0;0.0
16;2021-01-22;1107;0;8008;23;2.3;0.0
16;2021-01-23;183;0;8191;23;2.4;0.0
16;2021-01-24;0;0;8191;23;2.4;0.0
16;2021-01-25;641;2;8832;25;2.5;0.0
16;2021-01-26;1024;0;9856;25;2.8;0.0
16;2021-01-27;1400;104;11256;129;3.2;0.0
16;2021-01-28;1253;60;12509;189;3.6;0.1
16;2021-01-29;743;140;13252;329;3.8;0.1
16;2021-01-30;36;0;13288;329;3.8;0.1
16;2021-01-31;0;0;13288;329;3.8;0.1
16;2021-02-01;395;206;13683;535;3.9;0.2
16;2021-02-02;576;174;14259;709;4.1;0.2
16;2021-02-03;620;352;14879;1061;4.3;0.3
16;2021-02-04;462;271;15341;1332;4.4;0.4
16;2021-02-05;504;277;15845;1609;4.6;0.5
16;2021-02-06;1;82;15846;1691;4.6;0.5
16;2021-02-07;41;1;15887;1692;4.6;0.5
16;2021-02-08;355;220;16242;1912;4.7;0.5
16;2021-02-09;649;294;16891;2206;4.9;0.6
16;2021-02-10;692;679;17583;2885;5.0;0.8
16;2021-02-11;796;613;18379;3498;5.3;1.0
16;2021-02-12;623;834;19002;4332;5.5;1.2
16;2021-02-13;42;78;19044;4410;5.5;1.3
16;2021-02-14;0;7;19044;4417;5.5;1.3
16;2021-02-15;217;670;19261;5087;5.5;1.5
16;2021-02-16;374;959;19635;6046;5.6;1.7
16;2021-02-17;353;1312;19988;7358;5.7;2.1
16;2021-02-18;510;1256;20498;8614;5.9;2.5
16;2021-02-19;389;801;20887;9415;6.0;2.7
16;2021-02-20;1;8;20888;9423;6.0;2.7
16;2021-02-21;0;0;20888;9423;6.0;2.7
16;2021-02-22;135;550;21023;9973;6.0;2.9
16;2021-02-23;206;929;21229;10902;6.1;3.1
16;2021-02-24;273;901;21502;11803;6.2;3.4
16;2021-02-25;395;689;21897;12492;6.3;3.6
16;2021-02-26;478;502;22375;12994;6.4;3.7
16;2021-02-27;250;1;22625;12995;6.5;3.7
16;2021-02-28;5;5;22630;13000;6.5;3.7
16;2021-03-01;152;327;22782;13327;6.5;3.8
16;2021-03-02;270;672;23052;13999;6.6;4.0
16;2021-03-03;391;726;23443;14725;6.7;4.2
16;2021-03-04;805;570;24248;15295;7.0;4.4
16;2021-03-05;1140;537;25388;15832;7.3;4.5
16;2021-03-06;751;10;26139;15842;7.5;4.5
16;2021-03-07;94;18;26233;15860;7.5;4.6
16;2021-03-08;436;319;26669;16179;7.7;4.6
16;2021-03-09;765;700;27434;16879;7.9;4.8
16;2021-03-10;606;668;28040;17547;8.1;5.0
16;2021-03-11;1445;529;29485;18076;8.5;5.2
16;2021-03-12;1164;458;30649;18534;8.8;5.3
16;2021-03-13;764;12;31413;18546;9.0;5.3
16;2021-03-14;1;0;31414;18546;9.0;5.3
16;2021-03-15;461;182;31875;18728;9.2;5.4
16;2021-03-16;859;420;32734;19148;9.4;5.5
16;2021-03-17;589;287;33323;19435;9.6;5.6
16;2021-03-18;1030;278;34353;19713;9.9;5.7
16;2021-03-19;1102;247;35455;19960;10.2;5.7
16;2021-03-20;394;2;35849;19962;10.3;5.7
16;2021-03-21;9;0;35858;19962;10.3;5.7
16;2021-03-22;727;100;36585;20062;10.5;5.8
16;2021-03-23;1460;102;38045;20164;10.9;5.8
16;2021-03-24;1118;184;39163;20348;11.2;5.8
16;2021-03-25;2046;90;41209;20438;11.8;5.9
16;2021-03-26;1914;93;43123;20531;12.4;5.9
16;2021-03-27;431;21;43554;20552;12.5;5.9
16;2021-03-28;0;0;43554;20552;12.5;5.9
16;2021-03-29;923;61;44477;20613;12.8;5.9
16;2021-03-30;1880;175;46357;20788;13.3;6.0
16;2021-03-31;1514;128;47871;20916;13.7;6.0
16;2021-04-01;2008;398;49879;21314;14.3;6.1
16;2021-04-02;1441;378;51320;21692;14.7;6.2
16;2021-04-03;288;2;51608;21694;14.8;6.2
16;2021-04-04;1;0;51609;21694;14.8;6.2
16;2021-04-05;2;0;51611;21694;14.8;6.2
16;2021-04-06;2009;540;53620;22234;15.4;6.4
16;2021-04-07;1951;400;55571;22634;16.0;6.5
16;2021-04-08;2823;586;58394;23220;16.8;6.7
16;2021-04-09;2694;546;61088;23766;17.5;6.8
16;2021-04-10;1290;37;62378;23803;17.9;6.8
16;2021-04-11;2;0;62380;23803;17.9;6.8
16;2021-04-12;1430;316;63810;24119;18.3;6.9
16;2021-04-13;2120;837;65930;24956;18.9;7.2
16;2021-04-14;1949;631;67879;25587;19.5;7.3
16;2021-04-15;2101;983;69980;26570;20.1;7.6
16;2021-04-16;2034;769;72014;27339;20.7;7.9
16;2021-04-17;1504;83;73518;27422;21.1;7.9
16;2021-04-18;198;3;73716;27425;21.2;7.9
16;2021-04-19;1437;523;75153;27948;21.6;8.0
16;2021-04-20;2051;1228;77204;29176;22.2;8.4
16;2021-04-21;1775;737;78979;29913;22.7;8.6
16;2021-04-22;2291;999;81270;30912;23.3;8.9
16;2021-04-23;2359;1166;83629;32078;24.0;9.2
16;2021-04-24;827;37;84456;32115;24.3;9.2
16;2021-04-25;117;8;84573;32123;24.3;9.2
16;2021-04-26;1399;806;85972;32929;24.7;9.5
16;2021-04-27;2057;1417;88029;34346;25.3;9.9
16;2021-04-28;1588;1120;89617;35466;25.7;10.2
16;2021-04-29;2244;1495;91861;36961;26.4;10.6
16;2021-04-30;2849;1337;94710;38298;27.2;11.0
16;2021-05-01;353;59;95063;38357;27.3;11.0
16;2021-05-02;155;12;95218;38369;27.3;11.0
16;2021-05-03;2610;532;97828;38901;28.1;11.2
16;2021-05-04;2062;2045;99890;40946;28.7;11.8
16;2021-05-05;1690;1832;101580;42778;29.2;12.3
16;2021-05-06;1885;2237;103465;45015;29.7;12.9
16;2021-05-07;3067;2119;106532;47134;30.6;13.5
16;2021-05-08;1196;469;107728;47603;30.9;13.7
16;2021-05-09;525;26;108253;47629;31.1;13.7
16;2021-05-10;1930;1624;110183;49253;31.6;14.1
16;2021-05-11;2355;1959;112538;51212;32.3;14.7
16;2021-05-12;1725;1799;114263;53011;32.8;15.2
16;2021-05-13;1460;354;115723;53365;33.2;15.3
16;2021-05-14;1989;1559;117712;54924;33.8;15.8
16;2021-05-15;595;897;118307;55821;34.0;16.0
16;2021-05-16;132;6;118439;55827;34.0;16.0
16;2021-05-17;1608;1285;120047;57112;34.5;16.4
16;2021-05-18;2760;1418;122807;58530;35.3;16.8
16;2021-05-19;2004;1233;124811;59763;35.8;17.2
16;2021-05-20;2836;1386;127647;61149;36.7;17.6
16;2021-05-21;2947;1396;130594;62545;37.5;18.0
16;2021-05-22;413;710;131007;63255;37.6;18.2
16;2021-05-23;209;11;131216;63266;37.7;18.2
16;2021-05-24;1260;236;132476;63502;38.0;18.2
16;2021-05-25;2765;1453;135241;64955;38.8;18.7
16;2021-05-26;1830;1186;137071;66141;39.4;19.0
16;2021-05-27;2419;1586;139490;67727;40.1;19.5
16;2021-05-28;2888;1568;142378;69295;40.9;19.9
16;2021-05-29;814;883;143192;70178;41.1;20.2
16;2021-05-30;1;4;143193;70182;41.1;20.2
16;2021-05-31;1984;1103;145177;71285;41.7;20.5
16;2021-06-01;2345;1713;147522;72998;42.4;21.0
16;2021-06-02;1821;1505;149343;74503;42.9;21.4
16;2021-06-03;2619;1761;151962;76264;43.6;21.9
16;2021-06-04;2833;2032;154795;78296;44.5;22.5
16;2021-06-05;1003;549;155798;78845;44.7;22.6
16;2021-06-06;160;28;155958;78873;44.8;22.7
16;2021-06-07;1989;1282;157947;80155;45.4;23.0
16;2021-06-08;2392;1993;160339;82148;46.1;23.6
16;2021-06-09;2527;1608;162866;83756;46.8;24.1
16;2021-06-10;2567;1999;165433;85755;47.5;24.6
16;2021-06-11;2147;2734;167580;88489;48.1;25.4
16;2021-06-12;1610;513;169190;89002;48.6;25.6
16;2021-06-13;259;72;169449;89074;48.7;25.6
16;2021-06-14;795;2800;170244;91874;48.9;26.4
16;2021-06-15;1851;2621;172095;94495;49.4;27.1
16;2021-06-16;1569;2091;173664;96586;49.9;27.7
16;2021-06-17;2009;2500;175673;99086;50.5;28.5
16;2021-06-18;2052;3224;177725;102310;51.0;29.4
16;2021-06-19;1347;1308;179072;103618;51.4;29.8
16;2021-06-20;242;26;179314;103644;51.5;29.8
16;2021-06-21;1403;2174;180717;105818;51.9;30.4
16;2021-06-22;1669;2946;182386;108764;52.4;31.2
16;2021-06-23;1557;2020;183943;110784;52.8;31.8
16;2021-06-24;1916;2173;185859;112957;53.4;32.4
16;2021-06-25;1981;2729;187840;115686;53.9;33.2
16;2021-06-26;1053;719;188893;116405;54.3;33.4
16;2021-06-27;130;25;189023;116430;54.3;33.4
16;2021-06-28;1156;1963;190179;118393;54.6;34.0
16;2021-06-29;1269;3355;191448;121748;55.0;35.0
16;2021-06-30;1330;2713;192778;124461;55.4;35.7
16;2021-07-01;1845;3152;194623;127613;55.9;36.7
16;2021-07-02;1417;3585;196040;131198;56.3;37.7
16;2021-07-03;690;1114;196730;132312;56.5;38.0
16;2021-07-04;1;13;196731;132325;56.5;38.0
16;2021-07-05;809;2303;197540;134628;56.7;38.7
16;2021-07-06;1272;3368;198812;137996;57.1;39.6
16;2021-07-07;857;2276;199669;140272;57.3;40.3
16;2021-07-08;1229;2736;200898;143008;57.7;41.1
16;2021-07-09;1111;3699;202009;146707;58.0;42.1
16;2021-07-10;335;1339;202344;148046;58.1;42.5
16;2021-07-11;2;13;202346;148059;58.1;42.5
16;2021-07-12;631;2445;202977;150504;58.3;43.2
16;2021-07-13;1370;3531;204347;154035;58.7;44.2
16;2021-07-14;797;875;205144;154910;58.9;44.5
16;2021-07-15;1235;3407;206379;158317;59.3;45.5
16;2021-07-16;1489;3385;207868;161702;59.7;46.4
16;2021-07-17;528;1186;208396;162888;59.9;46.8
16;2021-07-18;13;6;208409;162894;59.9;46.8
16;2021-07-19;612;2859;209021;165753;60.0;47.6
16;2021-07-20;1117;3295;210138;169048;60.4;48.6
16;2021-07-21;1115;2617;211253;171665;60.7;49.3
17;2020-12-27;0;0;0;0;0.0;0.0
17;2020-12-28;0;0;0;0;0.0;0.0
17;2020-12-29;0;0;0;0;0.0;0.0
17;2020-12-30;1;0;1;0;0.0;0.0
17;2020-12-31;0;0;1;0;0.0;0.0
17;2021-01-01;0;0;1;0;0.0;0.0
17;2021-01-02;0;0;1;0;0.0;0.0
17;2021-01-03;0;0;1;0;0.0;0.0
17;2021-01-04;56;0;57;0;0.0;0.0
17;2021-01-05;98;0;155;0;0.0;0.0
17;2021-01-06;132;0;287;0;0.0;0.0
17;2021-01-07;485;1;772;1;0.1;0.0
17;2021-01-08;418;0;1190;1;0.2;0.0
17;2021-01-09;0;0;1190;1;0.2;0.0
17;2021-01-10;1;0;1191;1;0.2;0.0
17;2021-01-11;380;1;1571;2;0.2;0.0
17;2021-01-12;733;1;2304;3;0.4;0.0
17;2021-01-13;652;3;2956;6;0.5;0.0
17;2021-01-14;613;9;3569;15;0.6;0.0
17;2021-01-15;679;1;4248;16;0.7;0.0
17;2021-01-16;126;1;4374;17;0.7;0.0
17;2021-01-17;17;0;4391;17;0.7;0.0
17;2021-01-18;879;1;5270;18;0.8;0.0
17;2021-01-19;1906;2;7176;20;1.1;0.0
17;2021-01-20;2390;2;9566;22;1.5;0.0
17;2021-01-21;2497;2;12063;24;1.9;0.0
17;2021-01-22;1879;5;13942;29;2.2;0.0
17;2021-01-23;738;1;14680;30;2.3;0.0
17;2021-01-24;48;0;14728;30;2.3;0.0
17;2021-01-25;1383;4;16111;34;2.5;0.0
17;2021-01-26;2108;2;18219;36;2.8;0.0
17;2021-01-27;1674;30;19893;66;3.1;0.0
17;2021-01-28;2474;230;22367;296;3.5;0.0
17;2021-01-29;1737;220;24104;516;3.7;0.1
17;2021-01-30;528;5;24632;521;3.8;0.1
17;2021-01-31;36;1;24668;522;3.8;0.1
17;2021-02-01;738;211;25406;733;3.9;0.1
17;2021-02-02;1184;348;26590;1081;4.1;0.2
17;2021-02-03;1251;409;27841;1490;4.3;0.2
17;2021-02-04;1157;503;28998;1993;4.5;0.3
17;2021-02-05;601;756;29599;2749;4.6;0.4
17;2021-02-06;17;42;29616;2791;4.6;0.4
17;2021-02-07;31;13;29647;2804;4.6;0.4
17;2021-02-08;705;401;30352;3205;4.7;0.5
17;2021-02-09;1099;1318;31451;4523;4.9;0.7
17;2021-02-10;862;1284;32313;5807;5.0;0.9
17;2021-02-11;1238;1399;33551;7206;5.2;1.1
17;2021-02-12;772;968;34323;8174;5.3;1.3
17;2021-02-13;42;104;34365;8278;5.3;1.3
17;2021-02-14;0;10;34365;8288;5.3;1.3
17;2021-02-15;618;1226;34983;9514;5.4;1.5
17;2021-02-16;745;1836;35728;11350;5.5;1.8
17;2021-02-17;797;1361;36525;12711;5.6;2.0
17;2021-02-18;963;2184;37488;14895;5.8;2.3
17;2021-02-19;1065;1544;38553;16439;6.0;2.5
17;2021-02-20;99;308;38652;16747;6.0;2.6
17;2021-02-21;9;2;38661;16749;6.0;2.6
17;2021-02-22;644;1632;39305;18381;6.1;2.8
17;2021-02-23;775;1537;40080;19918;6.2;3.1
17;2021-02-24;1077;1595;41157;21513;6.4;3.3
17;2021-02-25;1083;1709;42240;23222;6.5;3.6
17;2021-02-26;1303;1299;43543;24521;6.7;3.8
17;2021-02-27;525;246;44068;24767;6.8;3.8
17;2021-02-28;17;9;44085;24776;6.8;3.8
17;2021-03-01;634;1044;44719;25820;6.9;4.0
17;2021-03-02;1088;869;45807;26689;7.1;4.1
17;2021-03-03;1609;794;47416;27483;7.3;4.2
17;2021-03-04;2420;1135;49836;28618;7.7;4.4
17;2021-03-05;2656;676;52492;29294;8.1;4.5
17;2021-03-06;1022;25;53514;29319;8.3;4.5
17;2021-03-07;178;47;53692;29366;8.3;4.5
17;2021-03-08;1014;836;54706;30202;8.5;4.7
17;2021-03-09;1743;613;56449;30815;8.7;4.8
17;2021-03-10;2045;642;58494;31457;9.0;4.9
17;2021-03-11;3229;990;61723;32447;9.5;5.0
17;2021-03-12;3348;624;65071;33071;10.1;5.1
17;2021-03-13;1197;10;66268;33081;10.2;5.1
17;2021-03-14;28;0;66296;33081;10.2;5.1
17;2021-03-15;1234;991;67530;34072;10.4;5.3
17;2021-03-16;890;533;68420;34605;10.6;5.3
17;2021-03-17;1456;700;69876;35305;10.8;5.5
17;2021-03-18;1679;762;71555;36067;11.1;5.6
17;2021-03-19;2095;543;73650;36610;11.4;5.7
17;2021-03-20;1080;53;74730;36663;11.5;5.7
17;2021-03-21;33;42;74763;36705;11.6;5.7
17;2021-03-22;1572;688;76335;37393;11.8;5.8
17;2021-03-23;2484;577;78819;37970;12.2;5.9
17;2021-03-24;3535;845;82354;38815;12.7;6.0
17;2021-03-25;4699;633;87053;39448;13.5;6.1
17;2021-03-26;4934;463;91987;39911;14.2;6.2
17;2021-03-27;1734;69;93721;39980;14.5;6.2
17;2021-03-28;364;45;94085;40025;14.5;6.2
17;2021-03-29;2358;559;96443;40584;14.9;6.3
17;2021-03-30;2648;981;99091;41565;15.3;6.4
17;2021-03-31;3836;902;102927;42467;15.9;6.6
17;2021-04-01;4008;1150;106935;43617;16.5;6.7
17;2021-04-02;3701;824;110636;44441;17.1;6.9
17;2021-04-03;1147;183;111783;44624;17.3;6.9
17;2021-04-04;500;5;112283;44629;17.4;6.9
17;2021-04-05;442;128;112725;44757;17.4;6.9
17;2021-04-06;3475;1023;116200;45780;18.0;7.1
17;2021-04-07;4125;1139;120325;46919;18.6;7.3
17;2021-04-08;4562;1458;124887;48377;19.3;7.5
17;2021-04-09;6490;831;131377;49208;20.3;7.6
17;2021-04-10;2579;62;133956;49270;20.7;7.6
17;2021-04-11;782;16;134738;49286;20.8;7.6
17;2021-04-12;2884;1607;137622;50893;21.3;7.9
17;2021-04-13;4139;1280;141761;52173;21.9;8.1
17;2021-04-14;4413;1184;146174;53357;22.6;8.2
17;2021-04-15;4587;1128;150761;54485;23.3;8.4
17;2021-04-16;4286;1148;155047;55633;24.0;8.6
17;2021-04-17;1671;381;156718;56014;24.2;8.7
17;2021-04-18;470;79;157188;56093;24.3;8.7
17;2021-04-19;2341;2060;159529;58153;24.7;9.0
17;2021-04-20;2917;2549;162446;60702;25.1;9.4
17;2021-04-21;2970;1938;165416;62640;25.6;9.7
17;2021-04-22;3112;2353;168528;64993;26.0;10.0
17;2021-04-23;2437;2717;170965;67710;26.4;10.5
17;2021-04-24;1664;920;172629;68630;26.7;10.6
17;2021-04-25;664;243;173293;68873;26.8;10.6
17;2021-04-26;2572;2625;175865;71498;27.2;11.0
17;2021-04-27;3148;2666;179013;74164;27.7;11.5
17;2021-04-28;3095;2938;182108;77102;28.1;11.9
17;2021-04-29;4126;2856;186234;79958;28.8;12.4
17;2021-04-30;4344;2624;190578;82582;29.5;12.8
17;2021-05-01;849;542;191427;83124;29.6;12.8
17;2021-05-02;548;840;191975;83964;29.7;13.0
17;2021-05-03;2539;2949;194514;86913;30.1;13.4
17;2021-05-04;2320;3725;196834;90638;30.4;14.0
17;2021-05-05;2903;3696;199737;94334;30.9;14.6
17;2021-05-06;4119;3400;203856;97734;31.5;15.1
17;2021-05-07;4347;3628;208203;101362;32.2;15.7
17;2021-05-08;1286;750;209489;102112;32.4;15.8
17;2021-05-09;1307;702;210796;102814;32.6;15.9
17;2021-05-10;2722;3683;213518;106497;33.0;16.5
17;2021-05-11;3501;3998;217019;110495;33.5;17.1
17;2021-05-12;3527;3807;220546;114302;34.1;17.7
17;2021-05-13;2548;691;223094;114993;34.5;17.8
17;2021-05-14;3035;2393;226129;117386;34.9;18.1
17;2021-05-15;2123;662;228252;118048;35.3;18.2
17;2021-05-16;1733;312;229985;118360;35.5;18.3
17;2021-05-17;4284;1984;234269;120344;36.2;18.6
17;2021-05-18;4740;1632;239009;121976;36.9;18.9
17;2021-05-19;5063;1264;244072;123240;37.7;19.0
17;2021-05-20;4938;1944;249010;125184;38.5;19.3
17;2021-05-21;4989;1954;253999;127138;39.3;19.6
17;2021-05-22;2390;532;256389;127670;39.6;19.7
17;2021-05-23;1899;126;258288;127796;39.9;19.7
17;2021-05-24;1421;207;259709;128003;40.1;19.8
17;2021-05-25;4028;1763;263737;129766;40.8;20.1
17;2021-05-26;4365;2033;268102;131799;41.4;20.4
17;2021-05-27;5213;2125;273315;133924;42.2;20.7
17;2021-05-28;4459;3429;277774;137353;42.9;21.2
17;2021-05-29;1558;1702;279332;139055;43.2;21.5
17;2021-05-30;855;406;280187;139461;43.3;21.6
17;2021-05-31;2939;3013;283126;142474;43.8;22.0
17;2021-06-01;4290;2924;287416;145398;44.4;22.5
17;2021-06-02;4183;3165;291599;148563;45.1;23.0
17;2021-06-03;5048;3162;296647;151725;45.8;23.4
17;2021-06-04;4511;3850;301158;155575;46.5;24.0
17;2021-06-05;1984;1605;303142;157180;46.8;24.3
17;2021-06-06;848;732;303990;157912;47.0;24.4
17;2021-06-07;3124;4337;307114;162249;47.5;25.1
17;2021-06-08;3782;4486;310896;166735;48.0;25.8
17;2021-06-09;4344;3046;315240;169781;48.7;26.2
17;2021-06-10;4914;2781;320154;172562;49.5;26.7
17;2021-06-11;4746;3680;324900;176242;50.2;27.2
17;2021-06-12;1802;1393;326702;177635;50.5;27.5
17;2021-06-13;604;414;327306;178049;50.6;27.5
17;2021-06-14;2824;4528;330130;182577;51.0;28.2
17;2021-06-15;3606;4375;333736;186952;51.6;28.9
17;2021-06-16;4126;3677;337862;190629;52.2;29.5
17;2021-06-17;4331;4114;342193;194743;52.9;30.1
17;2021-06-18;4030;4432;346223;199175;53.5;30.8
17;2021-06-19;1440;1986;347663;201161;53.7;31.1
17;2021-06-20;592;1033;348255;202194;53.8;31.2
17;2021-06-21;2539;4371;350794;206565;54.2;31.9
17;2021-06-22;3506;4447;354300;211012;54.8;32.6
17;2021-06-23;3758;3974;358058;214986;55.3;33.2
17;2021-06-24;3572;3958;361630;218944;55.9;33.8
17;2021-06-25;2700;4989;364330;223933;56.3;34.6
17;2021-06-26;900;2338;365230;226271;56.4;35.0
17;2021-06-27;395;1906;365625;228177;56.5;35.3
17;2021-06-28;1513;5433;367138;233610;56.7;36.1
17;2021-06-29;1663;5891;368801;239501;57.0;37.0
17;2021-06-30;2013;5565;370814;245066;57.3;37.9
17;2021-07-01;2179;5564;372993;250630;57.6;38.7
17;2021-07-02;2458;5998;375451;256628;58.0;39.7
17;2021-07-03;618;2549;376069;259177;58.1;40.1
17;2021-07-04;150;1253;376219;260430;58.1;40.2
17;2021-07-05;1846;5181;378065;265611;58.4;41.0
17;2021-07-06;2110;5594;380175;271205;58.8;41.9
17;2021-07-07;2370;5500;382545;276705;59.1;42.8
17;2021-07-08;2893;5447;385438;282152;59.6;43.6
17;2021-07-09;2506;6088;387944;288240;60.0;44.5
17;2021-07-10;823;2478;388767;290718;60.1;44.9
17;2021-07-11;366;901;389133;291619;60.1;45.1
17;2021-07-12;1989;5630;391122;297249;60.4;45.9
17;2021-07-13;2347;6716;393469;303965;60.8;47.0
17;2021-07-14;63;70;393532;304035;60.8;47.0
17;2021-07-15;2162;6858;395694;310893;61.2;48.0
17;2021-07-16;2750;6974;398444;317867;61.6;49.1
17;2021-07-17;1002;2278;399446;320145;61.7;49.5
17;2021-07-18;310;1040;399756;321185;61.8;49.6
17;2021-07-19;2610;5912;402366;327097;62.2;50.5
17;2021-07-20;3242;6316;405608;333413;62.7;51.5
17;2021-07-21;3734;6003;409342;339416;63.3;52.5
18;2020-12-27;0;0;0;0;0.0;0.0
18;2020-12-28;0;0;0;0;0.0;0.0
18;2020-12-29;0;0;0;0;0.0;0.0
18;2020-12-30;1;0;1;0;0.0;0.0
18;2020-12-31;0;0;1;0;0.0;0.0
18;2021-01-01;0;0;1;0;0.0;0.0
18;2021-01-02;0;0;1;0;0.0;0.0
18;2021-01-03;0;0;1;0;0.0;0.0
18;2021-01-04;3;0;4;0;0.0;0.0
18;2021-01-05;0;0;4;0;0.0;0.0
18;2021-01-06;1;0;5;0;0.0;0.0
18;2021-01-07;30;1;35;1;0.0;0.0
18;2021-01-08;65;0;100;1;0.0;0.0
18;2021-01-09;224;0;324;1;0.1;0.0
18;2021-01-10;146;0;470;1;0.2;0.0
18;2021-01-11;170;1;640;2;0.2;0.0
18;2021-01-12;373;0;1013;2;0.3;0.0
18;2021-01-13;270;2;1283;4;0.4;0.0
18;2021-01-14;270;2;1553;6;0.5;0.0
18;2021-01-15;332;1;1885;7;0.6;0.0
18;2021-01-16;288;3;2173;10;0.7;0.0
18;2021-01-17;0;0;2173;10;0.7;0.0
18;2021-01-18;289;0;2462;10;0.8;0.0
18;2021-01-19;1375;4;3837;14;1.3;0.0
18;2021-01-20;1239;1;5076;15;1.7;0.0
18;2021-01-21;961;0;6037;15;2.0;0.0
18;2021-01-22;780;1;6817;16;2.3;0.0
18;2021-01-23;249;2;7066;18;2.4;0.0
18;2021-01-24;0;0;7066;18;2.4;0.0
18;2021-01-25;509;0;7575;18;2.6;0.0
18;2021-01-26;395;1;7970;19;2.7;0.0
18;2021-01-27;389;2;8359;21;2.8;0.0
18;2021-01-28;566;7;8925;28;3.0;0.0
18;2021-01-29;492;72;9417;100;3.2;0.0
18;2021-01-30;432;167;9849;267;3.3;0.1
18;2021-01-31;81;121;9930;388;3.4;0.1
18;2021-02-01;328;142;10258;530;3.5;0.2
18;2021-02-02;505;244;10763;774;3.6;0.3
18;2021-02-03;397;204;11160;978;3.8;0.3
18;2021-02-04;630;225;11790;1203;4.0;0.4
18;2021-02-05;449;194;12239;1397;4.1;0.5
18;2021-02-06;283;102;12522;1499;4.2;0.5
18;2021-02-07;107;1;12629;1500;4.3;0.5
18;2021-02-08;268;231;12897;1731;4.4;0.6
18;2021-02-09;582;781;13479;2512;4.5;0.8
18;2021-02-10;739;700;14218;3212;4.8;1.1
18;2021-02-11;655;448;14873;3660;5.0;1.2
18;2021-02-12;502;326;15375;3986;5.2;1.3
18;2021-02-13;286;124;15661;4110;5.3;1.4
18;2021-02-14;364;96;16025;4206;5.4;1.4
18;2021-02-15;379;392;16404;4598;5.5;1.6
18;2021-02-16;399;397;16803;4995;5.7;1.7
18;2021-02-17;403;457;17206;5452;5.8;1.8
18;2021-02-18;343;545;17549;5997;5.9;2.0
18;2021-02-19;469;303;18018;6300;6.1;2.1
18;2021-02-20;719;237;18737;6537;6.3;2.2
18;2021-02-21;316;0;19053;6537;6.4;2.2
18;2021-02-22;217;371;19270;6908;6.5;2.3
18;2021-02-23;204;351;19474;7259;6.6;2.4
18;2021-02-24;240;271;19714;7530;6.7;2.5
18;2021-02-25;293;521;20007;8051;6.7;2.7
18;2021-02-26;582;236;20589;8287;6.9;2.8
18;2021-02-27;510;389;21099;8676;7.1;2.9
18;2021-02-28;6;68;21105;8744;7.1;3.0
18;2021-03-01;235;415;21340;9159;7.2;3.1
18;2021-03-02;283;521;21623;9680;7.3;3.3
18;2021-03-03;345;586;21968;10266;7.4;3.5
18;2021-03-04;475;572;22443;10838;7.6;3.7
18;2021-03-05;524;372;22967;11210;7.7;3.8
18;2021-03-06;1069;340;24036;11550;8.1;3.9
18;2021-03-07;7;140;24043;11690;8.1;3.9
18;2021-03-08;334;361;24377;12051;8.2;4.1
18;2021-03-09;409;367;24786;12418;8.4;4.2
18;2021-03-10;424;451;25210;12869;8.5;4.3
18;2021-03-11;517;419;25727;13288;8.7;4.5
18;2021-03-12;704;302;26431;13590;8.9;4.6
18;2021-03-13;1162;245;27593;13835;9.3;4.7
18;2021-03-14;299;212;27892;14047;9.4;4.7
18;2021-03-15;490;376;28382;14423;9.6;4.9
18;2021-03-16;392;314;28774;14737;9.7;5.0
18;2021-03-17;383;412;29157;15149;9.8;5.1
18;2021-03-18;511;229;29668;15378;10.0;5.2
18;2021-03-19;754;225;30422;15603;10.3;5.3
18;2021-03-20;984;613;31406;16216;10.6;5.5
18;2021-03-21;309;304;31715;16520;10.7;5.6
18;2021-03-22;600;296;32315;16816;10.9;5.7
18;2021-03-23;704;288;33019;17104;11.1;5.8
18;2021-03-24;1052;295;34071;17399;11.5;5.9
18;2021-03-25;1050;294;35121;17693;11.8;6.0
18;2021-03-26;1210;343;36331;18036;12.3;6.1
18;2021-03-27;1489;318;37820;18354;12.8;6.2
18;2021-03-28;214;0;38034;18354;12.8;6.2
18;2021-03-29;1101;191;39135;18545;13.2;6.3
18;2021-03-30;1084;301;40219;18846;13.6;6.4
18;2021-03-31;1304;247;41523;19093;14.0;6.4
18;2021-04-01;1374;339;42897;19432;14.5;6.6
18;2021-04-02;1228;300;44125;19732;14.9;6.7
18;2021-04-03;581;179;44706;19911;15.1;6.7
18;2021-04-04;71;5;44777;19916;15.1;6.7
18;2021-04-05;199;0;44976;19916;15.2;6.7
18;2021-04-06;1025;332;46001;20248;15.5;6.8
18;2021-04-07;1321;361;47322;20609;16.0;7.0
18;2021-04-08;1692;321;49014;20930;16.5;7.1
18;2021-04-09;1831;273;50845;21203;17.2;7.2
18;2021-04-10;2631;644;53476;21847;18.0;7.4
18;2021-04-11;1984;309;55460;22156;18.7;7.5
18;2021-04-12;1403;385;56863;22541;19.2;7.6
18;2021-04-13;1783;456;58646;22997;19.8;7.8
18;2021-04-14;1377;514;60023;23511;20.3;7.9
18;2021-04-15;1531;527;61554;24038;20.8;8.1
18;2021-04-16;1613;585;63167;24623;21.3;8.3
18;2021-04-17;1599;516;64766;25139;21.9;8.5
18;2021-04-18;377;232;65143;25371;22.0;8.6
18;2021-04-19;1316;590;66459;25961;22.4;8.8
18;2021-04-20;1445;702;67904;26663;22.9;9.0
18;2021-04-21;1270;899;69174;27562;23.3;9.3
18;2021-04-22;1401;701;70575;28263;23.8;9.5
18;2021-04-23;1384;729;71959;28992;24.3;9.8
18;2021-04-24;1354;1267;73313;30259;24.7;10.2
18;2021-04-25;287;216;73600;30475;24.8;10.3
18;2021-04-26;1206;940;74806;31415;25.2;10.6
18;2021-04-27;1545;756;76351;32171;25.8;10.9
18;2021-04-28;1357;867;77708;33038;26.2;11.1
18;2021-04-29;1845;729;79553;33767;26.8;11.4
18;2021-04-30;1569;992;81122;34759;27.4;11.7
18;2021-05-01;787;209;81909;34968;27.6;11.8
18;2021-05-02;807;53;82716;35021;27.9;11.8
18;2021-05-03;1626;1000;84342;36021;28.5;12.2
18;2021-05-04;1729;1271;86071;37292;29.0;12.6
18;2021-05-05;1733;1210;87804;38502;29.6;13.0
18;2021-05-06;2165;1349;89969;39851;30.4;13.4
18;2021-05-07;1235;1399;91204;41250;30.8;13.9
18;2021-05-08;993;1458;92197;42708;31.1;14.4
18;2021-05-09;501;2257;92698;44965;31.3;15.2
18;2021-05-10;1155;1506;93853;46471;31.7;15.7
18;2021-05-11;1695;1752;95548;48223;32.2;16.3
18;2021-05-12;1808;1490;97356;49713;32.8;16.8
18;2021-05-13;1061;371;98417;50084;33.2;16.9
18;2021-05-14;1345;943;99762;51027;33.7;17.2
18;2021-05-15;1810;1154;101572;52181;34.3;17.6
18;2021-05-16;538;582;102110;52763;34.4;17.8
18;2021-05-17;1246;1090;103356;53853;34.9;18.2
18;2021-05-18;2146;929;105502;54782;35.6;18.5
18;2021-05-19;2164;912;107666;55694;36.3;18.8
18;2021-05-20;2274;976;109940;56670;37.1;19.1
18;2021-05-21;1497;761;111437;57431;37.6;19.4
18;2021-05-22;1724;1074;113161;58505;38.2;19.7
18;2021-05-23;484;336;113645;58841;38.3;19.9
18;2021-05-24;463;292;114108;59133;38.5;20.0
18;2021-05-25;1840;1060;115948;60193;39.1;20.3
18;2021-05-26;2152;837;118100;61030;39.8;20.6
18;2021-05-27;2205;1230;120305;62260;40.6;21.0
18;2021-05-28;1712;1305;122017;63565;41.2;21.4
18;2021-05-29;2619;1658;124636;65223;42.0;22.0
18;2021-05-30;1482;502;126118;65725;42.5;22.2
18;2021-05-31;1786;694;127904;66419;43.2;22.4
18;2021-06-01;2040;948;129944;67367;43.8;22.7
18;2021-06-02;2005;1020;131949;68387;44.5;23.1
18;2021-06-03;2284;1195;134233;69582;45.3;23.5
18;2021-06-04;1908;1123;136141;70705;45.9;23.9
18;2021-06-05;2803;1449;138944;72154;46.9;24.3
18;2021-06-06;365;380;139309;72534;47.0;24.5
18;2021-06-07;1296;1227;140605;73761;47.4;24.9
18;2021-06-08;1492;1390;142097;75151;47.9;25.4
18;2021-06-09;1327;1065;143424;76216;48.4;25.7
18;2021-06-10;1618;1409;145042;77625;48.9;26.2
18;2021-06-11;1495;1404;146537;79029;49.4;26.7
18;2021-06-12;1243;2508;147780;81537;49.9;27.5
18;2021-06-13;126;261;147906;81798;49.9;27.6
18;2021-06-14;657;1828;148563;83626;50.1;28.2
18;2021-06-15;1088;1822;149651;85448;50.5;28.8
18;2021-06-16;1250;1436;150901;86884;50.9;29.3
18;2021-06-17;1204;1669;152105;88553;51.3;29.9
18;2021-06-18;1287;1664;153392;90217;51.8;30.4
18;2021-06-19;1562;1246;154954;91463;52.3;30.9
18;2021-06-20;245;159;155199;91622;52.4;30.9
18;2021-06-21;664;1599;155863;93221;52.6;31.5
18;2021-06-22;1058;1642;156921;94863;52.9;32.0
18;2021-06-23;940;1641;157861;96504;53.3;32.6
18;2021-06-24;1026;1062;158887;97566;53.6;32.9
18;2021-06-25;884;1750;159771;99316;53.9;33.5
18;2021-06-26;1095;1476;160866;100792;54.3;34.0
18;2021-06-27;30;376;160896;101168;54.3;34.1
18;2021-06-28;419;1927;161315;103095;54.4;34.8
18;2021-06-29;585;2385;161900;105480;54.6;35.6
18;2021-06-30;601;2552;162501;108032;54.8;36.4
18;2021-07-01;941;2157;163442;110189;55.1;37.2
18;2021-07-02;607;1684;164049;111873;55.3;37.7
18;2021-07-03;746;2580;164795;114453;55.6;38.6
18;2021-07-04;164;1035;164959;115488;55.7;39.0
18;2021-07-05;758;1880;165717;117368;55.9;39.6
18;2021-07-06;551;2308;166268;119676;56.1;40.4
18;2021-07-07;765;2118;167033;121794;56.4;41.1
18;2021-07-08;1026;1981;168059;123775;56.7;41.8
18;2021-07-09;701;2305;168760;126080;56.9;42.5
18;2021-07-10;776;3180;169536;129260;57.2;43.6
18;2021-07-11;79;664;169615;129924;57.2;43.8
18;2021-07-12;220;2248;169835;132172;57.3;44.6
18;2021-07-13;609;2903;170444;135075;57.5;45.6
18;2021-07-14;194;936;170638;136011;57.6;45.9
18;2021-07-15;1387;2813;172025;138824;58.0;46.8
18;2021-07-16;1175;2129;173200;140953;58.4;47.6
18;2021-07-17;1117;2471;174317;143424;58.8;48.4
18;2021-07-18;229;324;174546;143748;58.9;48.5
18;2021-07-19;1047;1659;175593;145407;59.2;49.1
18;2021-07-20;1614;2260;177207;147667;59.8;49.8
18;2021-07-21;1879;2038;179086;149705;60.4;50.5
19;2020-12-27;0;0;0;0;0.0;0.0
19;2020-12-28;0;0;0;0;0.0;0.0
19;2020-12-29;0;0;0;0;0.0;0.0
19;2020-12-30;0;0;0;0;0.0;0.0
19;2020-12-31;0;0;0;0;0.0;0.0
19;2021-01-01;0;0;0;0;0.0;0.0
19;2021-01-02;0;0;0;0;0.0;0.0
19;2021-01-03;0;0;0;0;0.0;0.0
19;2021-01-04;0;0;0;0;0.0;0.0
19;2021-01-05;0;0;0;0;0.0;0.0
19;2021-01-06;0;0;0;0;0.0;0.0
19;2021-01-07;342;0;342;0;0.1;0.0
19;2021-01-08;247;1;589;1;0.2;0.0
19;2021-01-09;0;0;589;1;0.2;0.0
19;2021-01-10;1;0;590;1;0.2;0.0
19;2021-01-11;38;0;628;1;0.3;0.0
19;2021-01-12;413;0;1041;1;0.4;0.0
19;2021-01-13;422;3;1463;4;0.6;0.0
19;2021-01-14;473;1;1936;5;0.8;0.0
19;2021-01-15;224;0;2160;5;0.9;0.0
19;2021-01-16;0;0;2160;5;0.9;0.0
19;2021-01-17;1;0;2161;5;0.9;0.0
19;2021-01-18;251;1;2412;6;1.0;0.0
19;2021-01-19;518;0;2930;6;1.2;0.0
19;2021-01-20;920;1;3850;7;1.6;0.0
19;2021-01-21;504;1;4354;8;1.8;0.0
19;2021-01-22;1315;3;5669;11;2.4;0.0
19;2021-01-23;280;0;5949;11;2.5;0.0
19;2021-01-24;36;0;5985;11;2.5;0.0
19;2021-01-25;233;0;6218;11;2.6;0.0
19;2021-01-26;607;4;6825;15;2.8;0.0
19;2021-01-27;334;3;7159;18;3.0;0.0
19;2021-01-28;297;249;7456;267;3.1;0.1
19;2021-01-29;346;60;7802;327;3.2;0.1
19;2021-01-30;130;23;7932;350;3.3;0.1
19;2021-01-31;41;0;7973;350;3.3;0.1
19;2021-02-01;155;96;8128;446;3.4;0.2
19;2021-02-02;303;429;8431;875;3.5;0.4
19;2021-02-03;283;247;8714;1122;3.6;0.5
19;2021-02-04;255;375;8969;1497;3.7;0.6
19;2021-02-05;310;75;9279;1572;3.9;0.7
19;2021-02-06;208;0;9487;1572;3.9;0.7
19;2021-02-07;48;1;9535;1573;4.0;0.7
19;2021-02-08;177;150;9712;1723;4.0;0.7
19;2021-02-09;332;275;10044;1998;4.2;0.8
19;2021-02-10;515;296;10559;2294;4.4;1.0
19;2021-02-11;410;327;10969;2621;4.6;1.1
19;2021-02-12;798;1166;11767;3787;4.9;1.6
19;2021-02-13;351;182;12118;3969;5.0;1.7
19;2021-02-14;98;13;12216;3982;5.1;1.7
19;2021-02-15;200;247;12416;4229;5.2;1.8
19;2021-02-16;385;172;12801;4401;5.3;1.8
19;2021-02-17;306;469;13107;4870;5.5;2.0
19;2021-02-18;174;510;13281;5380;5.5;2.2
19;2021-02-19;469;301;13750;5681;5.7;2.4
19;2021-02-20;133;208;13883;5889;5.8;2.5
19;2021-02-21;20;40;13903;5929;5.8;2.5
19;2021-02-22;219;211;14122;6140;5.9;2.6
19;2021-02-23;268;362;14390;6502;6.0;2.7
19;2021-02-24;358;209;14748;6711;6.1;2.8
19;2021-02-25;519;376;15267;7087;6.4;2.9
19;2021-02-26;395;318;15662;7405;6.5;3.1
19;2021-02-27;347;161;16009;7566;6.7;3.1
19;2021-02-28;68;36;16077;7602;6.7;3.2
19;2021-03-01;266;220;16343;7822;6.8;3.3
19;2021-03-02;428;257;16771;8079;7.0;3.4
19;2021-03-03;688;335;17459;8414;7.3;3.5
19;2021-03-04;823;350;18282;8764;7.6;3.6
19;2021-03-05;892;734;19174;9498;8.0;4.0
19;2021-03-06;1072;212;20246;9710;8.4;4.0
19;2021-03-07;463;36;20709;9746;8.6;4.1
19;2021-03-08;636;157;21345;9903;8.9;4.1
19;2021-03-09;835;247;22180;10150;9.2;4.2
19;2021-03-10;1153;316;23333;10466;9.7;4.4
19;2021-03-11;1272;308;24605;10774;10.2;4.5
19;2021-03-12;1134;399;25739;11173;10.7;4.6
19;2021-03-13;1108;159;26847;11332;11.2;4.7
19;2021-03-14;159;84;27006;11416;11.2;4.8
19;2021-03-15;698;135;27704;11551;11.5;4.8
19;2021-03-16;688;300;28392;11851;11.8;4.9
19;2021-03-17;837;280;29229;12131;12.2;5.0
19;2021-03-18;766;283;29995;12414;12.5;5.2
19;2021-03-19;1013;483;31008;12897;12.9;5.4
19;2021-03-20;781;129;31789;13026;13.2;5.4
19;2021-03-21;127;3;31916;13029;13.3;5.4
19;2021-03-22;547;176;32463;13205;13.5;5.5
19;2021-03-23;1044;230;33507;13435;13.9;5.6
19;2021-03-24;1169;368;34676;13803;14.4;5.7
19;2021-03-25;1187;410;35863;14213;14.9;5.9
19;2021-03-26;1319;271;37182;14484;15.5;6.0
19;2021-03-27;855;184;38037;14668;15.8;6.1
19;2021-03-28;62;60;38099;14728;15.9;6.1
19;2021-03-29;610;178;38709;14906;16.1;6.2
19;2021-03-30;969;341;39678;15247;16.5;6.3
19;2021-03-31;1156;498;40834;15745;17.0;6.6
19;2021-04-01;1491;420;42325;16165;17.6;6.7
19;2021-04-02;1006;516;43331;16681;18.0;6.9
19;2021-04-03;597;283;43928;16964;18.3;7.1
19;2021-04-04;130;3;44058;16967;18.3;7.1
19;2021-04-05;40;75;44098;17042;18.3;7.1
19;2021-04-06;737;601;44835;17643;18.7;7.3
19;2021-04-07;978;730;45813;18373;19.1;7.6
19;2021-04-08;1115;1011;46928;19384;19.5;8.1
19;2021-04-09;1641;605;48569;19989;20.2;8.3
19;2021-04-10;944;553;49513;20542;20.6;8.5
19;2021-04-11;558;74;50071;20616;20.8;8.6
19;2021-04-12;677;521;50748;21137;21.1;8.8
19;2021-04-13;914;574;51662;21711;21.5;9.0
19;2021-04-14;1333;838;52995;22549;22.1;9.4
19;2021-04-15;1228;867;54223;23416;22.6;9.7
19;2021-04-16;1503;818;55726;24234;23.2;10.1
19;2021-04-17;760;474;56486;24708;23.5;10.3
19;2021-04-18;659;69;57145;24777;23.8;10.3
19;2021-04-19;728;436;57873;25213;24.1;10.5
19;2021-04-20;974;745;58847;25958;24.5;10.8
19;2021-04-21;1268;693;60115;26651;25.0;11.1
19;2021-04-22;1188;889;61303;27540;25.5;11.5
19;2021-04-23;1127;1017;62430;28557;26.0;11.9
19;2021-04-24;678;670;63108;29227;26.3;12.2
19;2021-04-25;675;67;63783;29294;26.5;12.2
19;2021-04-26;1056;326;64839;29620;27.0;12.3
19;2021-04-27;1028;543;65867;30163;27.4;12.6
19;2021-04-28;1550;551;67417;30714;28.1;12.8
19;2021-04-29;1451;1194;68868;31908;28.7;13.3
19;2021-04-30;1874;1048;70742;32956;29.4;13.7
19;2021-05-01;669;168;71411;33124;29.7;13.8
19;2021-05-02;550;148;71961;33272;29.9;13.8
19;2021-05-03;852;547;72813;33819;30.3;14.1
19;2021-05-04;1025;701;73838;34520;30.7;14.4
19;2021-05-05;1254;736;75092;35256;31.2;14.7
19;2021-05-06;1126;1202;76218;36458;31.7;15.2
19;2021-05-07;1658;1188;77876;37646;32.4;15.7
19;2021-05-08;710;212;78586;37858;32.7;15.8
19;2021-05-09;487;544;79073;38402;32.9;16.0
19;2021-05-10;1164;667;80237;39069;33.4;16.3
19;2021-05-11;1636;856;81873;39925;34.1;16.6
19;2021-05-12;1942;1318;83815;41243;34.9;17.2
19;2021-05-13;570;240;84385;41483;35.1;17.3
19;2021-05-14;1645;985;86030;42468;35.8;17.7
19;2021-05-15;1442;588;87472;43056;36.4;17.9
19;2021-05-16;349;82;87821;43138;36.5;17.9
19;2021-05-17;1497;544;89318;43682;37.2;18.2
19;2021-05-18;1669;483;90987;44165;37.9;18.4
19;2021-05-19;1997;814;92984;44979;38.7;18.7
19;2021-05-20;1718;888;94702;45867;39.4;19.1
19;2021-05-21;1964;811;96666;46678;40.2;19.4
19;2021-05-22;1270;652;97936;47330;40.7;19.7
19;2021-05-23;324;130;98260;47460;40.9;19.7
19;2021-05-24;139;46;98399;47506;40.9;19.8
19;2021-05-25;1501;487;99900;47993;41.6;20.0
19;2021-05-26;1923;662;101823;48655;42.4;20.2
19;2021-05-27;1785;830;103608;49485;43.1;20.6
19;2021-05-28;1937;986;105545;50471;43.9;21.0
19;2021-05-29;1373;705;106918;51176;44.5;21.3
19;2021-05-30;190;497;107108;51673;44.6;21.5
19;2021-05-31;1200;537;108308;52210;45.1;21.7
19;2021-06-01;1281;883;109589;53093;45.6;22.1
19;2021-06-02;1814;956;111403;54049;46.4;22.5
19;2021-06-03;1447;1251;112850;55300;47.0;23.0
19;2021-06-04;1843;1345;114693;56645;47.7;23.6
19;2021-06-05;1209;813;115902;57458;48.2;23.9
19;2021-06-06;87;649;115989;58107;48.3;24.2
19;2021-06-07;921;932;116910;59039;48.6;24.6
19;2021-06-08;1105;903;118015;59942;49.1;24.9
19;2021-06-09;1327;1460;119342;61402;49.7;25.5
19;2021-06-10;1277;1580;120619;62982;50.2;26.2
19;2021-06-11;1307;1916;121926;64898;50.7;27.0
19;2021-06-12;1354;1317;123280;66215;51.3;27.6
19;2021-06-13;536;421;123816;66636;51.5;27.7
19;2021-06-14;735;1018;124551;67654;51.8;28.1
19;2021-06-15;974;1142;125525;68796;52.2;28.6
19;2021-06-16;1222;1361;126747;70157;52.7;29.2
19;2021-06-17;855;1790;127602;71947;53.1;29.9
19;2021-06-18;1054;2137;128656;74084;53.5;30.8
19;2021-06-19;916;1299;129572;75383;53.9;31.4
19;2021-06-20;394;325;129966;75708;54.1;31.5
19;2021-06-21;499;1075;130465;76783;54.3;31.9
19;2021-06-22;695;1491;131160;78274;54.6;32.6
19;2021-06-23;737;1983;131897;80257;54.9;33.4
19;2021-06-24;684;1665;132581;81922;55.2;34.1
19;2021-06-25;560;2216;133141;84138;55.4;35.0
19;2021-06-26;467;1739;133608;85877;55.6;35.7
19;2021-06-27;288;444;133896;86321;55.7;35.9
19;2021-06-28;314;1500;134210;87821;55.8;36.5
19;2021-06-29;348;1891;134558;89712;56.0;37.3
19;2021-06-30;782;2155;135340;91867;56.3;38.2
19;2021-07-01;354;2321;135694;94188;56.5;39.2
19;2021-07-02;774;2319;136468;96507;56.8;40.2
19;2021-07-03;511;1736;136979;98243;57.0;40.9
19;2021-07-04;1;73;136980;98316;57.0;40.9
19;2021-07-05;593;1014;137573;99330;57.2;41.3
19;2021-07-06;504;1538;138077;100868;57.5;42.0
19;2021-07-07;701;2048;138778;102916;57.7;42.8
19;2021-07-08;764;2151;139542;105067;58.1;43.7
19;2021-07-09;712;2661;140254;107728;58.4;44.8
19;2021-07-10;585;1703;140839;109431;58.6;45.5
19;2021-07-11;45;212;140884;109643;58.6;45.6
19;2021-07-12;447;1488;141331;111131;58.8;46.2
19;2021-07-13;675;1831;142006;112962;59.1;47.0
19;2021-07-14;198;272;142204;113234;59.2;47.1
19;2021-07-15;864;2050;143068;115284;59.5;48.0
19;2021-07-16;1217;2429;144285;117713;60.0;49.0
19;2021-07-17;700;1712;144985;119425;60.3;49.7
19;2021-07-18;362;665;145347;120090;60.5;50.0
19;2021-07-19;959;1401;146306;121491;60.9;50.6
19;2021-07-20;960;1666;147266;123157;61.3;51.2
19;2021-07-21;1021;1699;148287;124856;61.7;52.0
21;2020-12-27;4;0;4;0;0.0;0.0
21;2020-12-28;1;0;5;0;0.0;0.0
21;2020-12-29;19;0;24;0;0.0;0.0
21;2020-12-30;20;0;44;0;0.0;0.0
21;2020-12-31;0;0;44;0;0.0;0.0
21;2021-01-01;0;0;44;0;0.0;0.0
21;2021-01-02;1;0;45;0;0.0;0.0
21;2021-01-03;0;0;45;0;0.0;0.0
21;2021-01-04;22;0;67;0;0.0;0.0
21;2021-01-05;250;2;317;2;0.1;0.0
21;2021-01-06;300;0;617;2;0.1;0.0
21;2021-01-07;389;0;1006;2;0.2;0.0
21;2021-01-08;455;3;1461;5;0.3;0.0
21;2021-01-09;251;0;1712;5;0.3;0.0
21;2021-01-10;1;0;1713;5;0.3;0.0
21;2021-01-11;623;1;2336;6;0.4;0.0
21;2021-01-12;651;0;2987;6;0.6;0.0
21;2021-01-13;702;2;3689;8;0.7;0.0
21;2021-01-14;1183;5;4872;13;0.9;0.0
21;2021-01-15;714;4;5586;17;1.0;0.0
21;2021-01-16;162;0;5748;17;1.1;0.0
21;2021-01-17;4;0;5752;17;1.1;0.0
21;2021-01-18;1315;6;7067;23;1.3;0.0
21;2021-01-19;1360;1;8427;24;1.6;0.0
21;2021-01-20;1293;44;9720;68;1.8;0.0
21;2021-01-21;1531;2;11251;70;2.1;0.0
21;2021-01-22;1233;3;12484;73;2.3;0.0
21;2021-01-23;487;0;12971;73;2.4;0.0
21;2021-01-24;121;0;13092;73;2.5;0.0
21;2021-01-25;921;18;14013;91;2.6;0.0
21;2021-01-26;1533;146;15546;237;2.9;0.0
21;2021-01-27;2038;152;17584;389;3.3;0.1
21;2021-01-28;1447;224;19031;613;3.6;0.1
21;2021-01-29;1023;212;20054;825;3.8;0.2
21;2021-01-30;467;31;20521;856;3.9;0.2
21;2021-01-31;97;5;20618;861;3.9;0.2
21;2021-02-01;451;288;21069;1149;4.0;0.2
21;2021-02-02;454;440;21523;1589;4.0;0.3
21;2021-02-03;439;284;21962;1873;4.1;0.4
21;2021-02-04;416;552;22378;2425;4.2;0.5
21;2021-02-05;487;524;22865;2949;4.3;0.6
21;2021-02-06;151;224;23016;3173;4.3;0.6
21;2021-02-07;0;2;23016;3175;4.3;0.6
21;2021-02-08;434;390;23450;3565;4.4;0.7
21;2021-02-09;513;519;23963;4084;4.5;0.8
21;2021-02-10;460;583;24423;4667;4.6;0.9
21;2021-02-11;480;737;24903;5404;4.7;1.0
21;2021-02-12;357;939;25260;6343;4.7;1.2
21;2021-02-13;360;322;25620;6665;4.8;1.3
21;2021-02-14;237;147;25857;6812;4.9;1.3
21;2021-02-15;117;1431;25974;8243;4.9;1.5
21;2021-02-16;207;1580;26181;9823;4.9;1.8
21;2021-02-17;393;1986;26574;11809;5.0;2.2
21;2021-02-18;602;1359;27176;13168;5.1;2.5
21;2021-02-19;215;1146;27391;14314;5.1;2.7
21;2021-02-20;121;428;27512;14742;5.2;2.8
21;2021-02-21;0;83;27512;14825;5.2;2.8
21;2021-02-22;79;782;27591;15607;5.2;2.9
21;2021-02-23;171;1042;27762;16649;5.2;3.1
21;2021-02-24;225;750;27987;17399;5.3;3.3
21;2021-02-25;645;833;28632;18232;5.4;3.4
21;2021-02-26;922;720;29554;18952;5.5;3.6
21;2021-02-27;534;300;30088;19252;5.6;3.6
21;2021-02-28;24;133;30112;19385;5.7;3.6
21;2021-03-01;679;629;30791;20014;5.8;3.8
21;2021-03-02;1053;538;31844;20552;6.0;3.9
21;2021-03-03;1160;431;33004;20983;6.2;3.9
21;2021-03-04;1674;502;34678;21485;6.5;4.0
21;2021-03-05;2190;645;36868;22130;6.9;4.2
21;2021-03-06;1589;189;38457;22319;7.2;4.2
21;2021-03-07;4;16;38461;22335;7.2;4.2
21;2021-03-08;768;441;39229;22776;7.4;4.3
21;2021-03-09;1567;553;40796;23329;7.7;4.4
21;2021-03-10;1624;553;42420;23882;8.0;4.5
21;2021-03-11;2177;672;44597;24554;8.4;4.6
21;2021-03-12;2870;424;47467;24978;8.9;4.7
21;2021-03-13;1928;185;49395;25163;9.3;4.7
21;2021-03-14;36;50;49431;25213;9.3;4.7
21;2021-03-15;1404;76;50835;25289;9.5;4.7
21;2021-03-16;1878;139;52713;25428;9.9;4.8
21;2021-03-17;1800;102;54513;25530;10.2;4.8
21;2021-03-18;2118;251;56631;25781;10.6;4.8
21;2021-03-19;1957;133;58588;25914;11.0;4.9
21;2021-03-20;1228;33;59816;25947;11.2;4.9
21;2021-03-21;1;0;59817;25947;11.2;4.9
21;2021-03-22;1554;82;61371;26029;11.5;4.9
21;2021-03-23;2688;88;64059;26117;12.0;4.9
21;2021-03-24;2888;149;66947;26266;12.6;4.9
21;2021-03-25;3712;220;70659;26486;13.3;5.0
21;2021-03-26;3655;176;74314;26662;13.9;5.0
21;2021-03-27;1719;54;76033;26716;14.3;5.0
21;2021-03-28;198;37;76231;26753;14.3;5.0
21;2021-03-29;1784;513;78015;27266;14.6;5.1
21;2021-03-30;2348;796;80363;28062;15.1;5.3
21;2021-03-31;2712;644;83075;28706;15.6;5.4
21;2021-04-01;2687;710;85762;29416;16.1;5.5
21;2021-04-02;2242;737;88004;30153;16.5;5.7
21;2021-04-03;1018;265;89022;30418;16.7;5.7
21;2021-04-04;2;12;89024;30430;16.7;5.7
21;2021-04-05;5;0;89029;30430;16.7;5.7
21;2021-04-06;1353;1145;90382;31575;17.0;5.9
21;2021-04-07;1743;969;92125;32544;17.3;6.1
21;2021-04-08;3215;1110;95340;33654;17.9;6.3
21;2021-04-09;3476;1176;98816;34830;18.5;6.5
21;2021-04-10;1375;733;100191;35563;18.8;6.7
21;2021-04-11;143;1;100334;35564;18.8;6.7
21;2021-04-12;1116;1360;101450;36924;19.0;6.9
21;2021-04-13;1654;1781;103104;38705;19.3;7.3
21;2021-04-14;1476;1486;104580;40191;19.6;7.5
21;2021-04-15;1897;1591;106477;41782;20.0;7.8
21;2021-04-16;2311;1306;108788;43088;20.4;8.1
21;2021-04-17;1014;967;109802;44055;20.6;8.3
21;2021-04-18;13;4;109815;44059;20.6;8.3
21;2021-04-19;1107;1331;110922;45390;20.8;8.5
21;2021-04-20;1238;1840;112160;47230;21.0;8.9
21;2021-04-21;1092;1731;113252;48961;21.3;9.2
21;2021-04-22;1276;2211;114528;51172;21.5;9.6
21;2021-04-23;1977;1725;116505;52897;21.9;9.9
21;2021-04-24;1001;859;117506;53756;22.1;10.1
21;2021-04-25;8;165;117514;53921;22.1;10.1
21;2021-04-26;1010;1596;118524;55517;22.2;10.4
21;2021-04-27;1822;1949;120346;57466;22.6;10.8
21;2021-04-28;2230;2225;122576;59691;23.0;11.2
21;2021-04-29;3127;2255;125703;61946;23.6;11.6
21;2021-04-30;3556;1863;129259;63809;24.3;12.0
21;2021-05-01;962;222;130221;64031;24.4;12.0
21;2021-05-02;2;5;130223;64036;24.4;12.0
21;2021-05-03;2081;1346;132304;65382;24.8;12.3
21;2021-05-04;2580;1643;134884;67025;25.3;12.6
21;2021-05-05;2251;1689;137135;68714;25.7;12.9
21;2021-05-06;3007;2237;140142;70951;26.3;13.3
21;2021-05-07;2806;2172;142948;73123;26.8;13.7
21;2021-05-08;1063;264;144011;73387;27.0;13.8
21;2021-05-09;26;173;144037;73560;27.0;13.8
21;2021-05-10;3169;1714;147206;75274;27.6;14.1
21;2021-05-11;4916;2001;152122;77275;28.5;14.5
21;2021-05-12;4796;1739;156918;79014;29.4;14.8
21;2021-05-13;3847;360;160765;79374;30.2;14.9
21;2021-05-14;5191;1455;165956;80829;31.1;15.2
21;2021-05-15;3423;643;169379;81472;31.8;15.3
21;2021-05-16;48;5;169427;81477;31.8;15.3
21;2021-05-17;4128;1240;173555;82717;32.6;15.5
21;2021-05-18;4357;1483;177912;84200;33.4;15.8
21;2021-05-19;3473;1110;181385;85310;34.0;16.0
21;2021-05-20;3892;1343;185277;86653;34.8;16.3
21;2021-05-21;3617;2149;188894;88802;35.4;16.7
21;2021-05-22;1668;768;190562;89570;35.8;16.8
21;2021-05-23;4;17;190566;89587;35.8;16.8
21;2021-05-24;1815;266;192381;89853;36.1;16.9
21;2021-05-25;2643;1960;195024;91813;36.6;17.2
21;2021-05-26;2606;1983;197630;93796;37.1;17.6
21;2021-05-27;4012;2102;201642;95898;37.8;18.0
21;2021-05-28;3564;2812;205206;98710;38.5;18.5
21;2021-05-29;1927;1463;207133;100173;38.9;18.8
21;2021-05-30;96;13;207229;100186;38.9;18.8
21;2021-05-31;2496;1775;209725;101961;39.4;19.1
21;2021-06-01;3448;2245;213173;104206;40.0;19.6
21;2021-06-02;2611;1755;215784;105961;40.5;19.9
21;2021-06-03;3144;2071;218928;108032;41.1;20.3
21;2021-06-04;3265;2583;222193;110615;41.7;20.8
21;2021-06-05;2923;1654;225116;112269;42.2;21.1
21;2021-06-06;51;85;225167;112354;42.3;21.1
21;2021-06-07;4308;1342;229475;113696;43.1;21.3
21;2021-06-08;4937;2126;234412;115822;44.0;21.7
21;2021-06-09;4498;1609;238910;117431;44.8;22.0
21;2021-06-10;3915;2578;242825;120009;45.6;22.5
21;2021-06-11;4140;3102;246965;123111;46.3;23.1
21;2021-06-12;2190;1607;249155;124718;46.8;23.4
21;2021-06-13;28;11;249183;124729;46.8;23.4
21;2021-06-14;2189;2566;251372;127295;47.2;23.9
21;2021-06-15;2953;3090;254325;130385;47.7;24.5
21;2021-06-16;2840;2595;257165;132980;48.3;25.0
21;2021-06-17;3412;3040;260577;136020;48.9;25.5
21;2021-06-18;2415;3796;262992;139816;49.4;26.2
21;2021-06-19;2037;1861;265029;141677;49.7;26.6
21;2021-06-20;24;13;265053;141690;49.7;26.6
21;2021-06-21;1825;3410;266878;145100;50.1;27.2
21;2021-06-22;1869;5839;268747;150939;50.4;28.3
21;2021-06-23;2013;5010;270760;155949;50.8;29.3
21;2021-06-24;2343;4669;273103;160618;51.2;30.1
21;2021-06-25;1517;5903;274620;166521;51.5;31.2
21;2021-06-26;1431;3897;276051;170418;51.8;32.0
21;2021-06-27;16;125;276067;170543;51.8;32.0
21;2021-06-28;1381;4023;277448;174566;52.1;32.8
21;2021-06-29;1616;4185;279064;178751;52.4;33.5
21;2021-06-30;1548;3367;280612;182118;52.7;34.2
21;2021-07-01;1619;4140;282231;186258;53.0;35.0
21;2021-07-02;2149;4222;284380;190480;53.4;35.7
21;2021-07-03;1090;2098;285470;192578;53.6;36.1
21;2021-07-04;36;55;285506;192633;53.6;36.1
21;2021-07-05;1589;3628;287095;196261;53.9;36.8
21;2021-07-06;1345;3590;288440;199851;54.1;37.5
21;2021-07-07;1436;3231;289876;203082;54.4;38.1
21;2021-07-08;1861;4160;291737;207242;54.7;38.9
21;2021-07-09;2056;4348;293793;211590;55.1;39.7
21;2021-07-10;1087;2544;294880;214134;55.3;40.2
21;2021-07-11;18;74;294898;214208;55.3;40.2
21;2021-07-12;1601;3723;296499;217931;55.6;40.9
21;2021-07-13;2252;4886;298751;222817;56.1;41.8
21;2021-07-14;2864;1999;301615;224816;56.6;42.2
21;2021-07-15;3745;4544;305360;229360;57.3;43.0
21;2021-07-16;3850;5242;309210;234602;58.0;44.0
21;2021-07-17;2764;4151;311974;238753;58.5;44.8
21;2021-07-18;155;80;312129;238833;58.6;44.8
21;2021-07-19;2342;4609;314471;243442;59.0;45.7
21;2021-07-20;2665;5480;317136;248922;59.5;46.7
21;2021-07-21;2668;4756;319804;253678;60.0;47.6
22;2020-12-27;0;0;0;0;0.0;0.0
22;2020-12-28;0;0;0;0;0.0;0.0
22;2020-12-29;0;0;0;0;0.0;0.0
22;2020-12-30;0;0;0;0;0.0;0.0
22;2020-12-31;0;0;0;0;0.0;0.0
22;2021-01-01;0;0;0;0;0.0;0.0
22;2021-01-02;3;0;3;0;0.0;0.0
22;2021-01-03;0;0;3;0;0.0;0.0
22;2021-01-04;4;0;7;0;0.0;0.0
22;2021-01-05;61;0;68;0;0.0;0.0
22;2021-01-06;114;1;182;1;0.0;0.0
22;2021-01-07;67;0;249;1;0.0;0.0
22;2021-01-08;174;0;423;1;0.1;0.0
22;2021-01-09;1;0;424;1;0.1;0.0
22;2021-01-10;0;0;424;1;0.1;0.0
22;2021-01-11;233;3;657;4;0.1;0.0
22;2021-01-12;626;0;1283;4;0.2;0.0
22;2021-01-13;673;1;1956;5;0.3;0.0
22;2021-01-14;713;8;2669;13;0.4;0.0
22;2021-01-15;527;1;3196;14;0.5;0.0
22;2021-01-16;97;0;3293;14;0.6;0.0
22;2021-01-17;1;0;3294;14;0.6;0.0
22;2021-01-18;309;1;3603;15;0.6;0.0
22;2021-01-19;680;1;4283;16;0.7;0.0
22;2021-01-20;598;0;4881;16;0.8;0.0
22;2021-01-21;947;1;5828;17;1.0;0.0
22;2021-01-22;835;1;6663;18;1.1;0.0
22;2021-01-23;218;0;6881;18;1.2;0.0
22;2021-01-24;1;0;6882;18;1.2;0.0
22;2021-01-25;748;10;7630;28;1.3;0.0
22;2021-01-26;1010;59;8640;87;1.4;0.0
22;2021-01-27;3851;107;12491;194;2.1;0.0
22;2021-01-28;4455;83;16946;277;2.8;0.0
22;2021-01-29;1871;127;18817;404;3.2;0.1
22;2021-01-30;287;0;19104;404;3.2;0.1
22;2021-01-31;2;0;19106;404;3.2;0.1
22;2021-02-01;641;81;19747;485;3.3;0.1
22;2021-02-02;902;436;20649;921;3.5;0.2
22;2021-02-03;690;504;21339;1425;3.6;0.2
22;2021-02-04;965;636;22304;2061;3.7;0.3
22;2021-02-05;721;565;23025;2626;3.9;0.4
22;2021-02-06;248;0;23273;2626;3.9;0.4
22;2021-02-07;0;0;23273;2626;3.9;0.4
22;2021-02-08;530;135;23803;2761;4.0;0.5
22;2021-02-09;615;344;24418;3105;4.1;0.5
22;2021-02-10;425;201;24843;3306;4.2;0.6
22;2021-02-11;1086;324;25929;3630;4.3;0.6
22;2021-02-12;594;327;26523;3957;4.4;0.7
22;2021-02-13;318;78;26841;4035;4.5;0.7
22;2021-02-14;0;5;26841;4040;4.5;0.7
22;2021-02-15;670;428;27511;4468;4.6;0.7
22;2021-02-16;1041;705;28552;5173;4.8;0.9
22;2021-02-17;1202;2461;29754;7634;5.0;1.3
22;2021-02-18;2139;3000;31893;10634;5.3;1.8
22;2021-02-19;1633;1942;33526;12576;5.6;2.1
22;2021-02-20;478;212;34004;12788;5.7;2.1
22;2021-02-21;4;49;34008;12837;5.7;2.2
22;2021-02-22;401;721;34409;13558;5.8;2.3
22;2021-02-23;660;931;35069;14489;5.9;2.4
22;2021-02-24;694;944;35763;15433;6.0;2.6
22;2021-02-25;1198;1203;36961;16636;6.2;2.8
22;2021-02-26;1065;708;38026;17344;6.4;2.9
22;2021-02-27;563;284;38589;17628;6.5;3.0
22;2021-02-28;14;8;38603;17636;6.5;3.0
22;2021-03-01;951;523;39554;18159;6.6;3.0
22;2021-03-02;1204;875;40758;19034;6.8;3.2
22;2021-03-03;1323;860;42081;19894;7.1;3.3
22;2021-03-04;1591;928;43672;20822;7.3;3.5
22;2021-03-05;2102;803;45774;21625;7.7;3.6
22;2021-03-06;1109;293;46883;21918;7.9;3.7
22;2021-03-07;219;1;47102;21919;7.9;3.7
22;2021-03-08;1291;652;48393;22571;8.1;3.8
22;2021-03-09;1820;741;50213;23312;8.4;3.9
22;2021-03-10;1982;999;52195;24311;8.8;4.1
22;2021-03-11;2372;1648;54567;25959;9.2;4.4
22;2021-03-12;3093;950;57660;26909;9.7;4.5
22;2021-03-13;1706;286;59366;27195;10.0;4.6
22;2021-03-14;245;23;59611;27218;10.0;4.6
22;2021-03-15;1614;566;61225;27784;10.3;4.7
22;2021-03-16;1591;850;62816;28634;10.5;4.8
22;2021-03-17;2640;703;65456;29337;11.0;4.9
22;2021-03-18;2545;1110;68001;30447;11.4;5.1
22;2021-03-19;3278;801;71279;31248;12.0;5.2
22;2021-03-20;2207;284;73486;31532;12.3;5.3
22;2021-03-21;13;0;73499;31532;12.3;5.3
22;2021-03-22;2365;358;75864;31890;12.7;5.3
22;2021-03-23;3145;774;79009;32664;13.3;5.5
22;2021-03-24;3482;685;82491;33349;13.8;5.6
22;2021-03-25;3945;595;86436;33944;14.5;5.7
22;2021-03-26;3998;473;90434;34417;15.2;5.8
22;2021-03-27;2078;178;92512;34595;15.5;5.8
22;2021-03-28;67;1;92579;34596;15.5;5.8
22;2021-03-29;2769;908;95348;35504;16.0;6.0
22;2021-03-30;3558;1155;98906;36659;16.6;6.1
22;2021-03-31;3668;1086;102574;37745;17.2;6.3
22;2021-04-01;4914;1108;107488;38853;18.0;6.5
22;2021-04-02;4390;1033;111878;39886;18.8;6.7
22;2021-04-03;1996;403;113874;40289;19.1;6.8
22;2021-04-04;33;0;113907;40289;19.1;6.8
22;2021-04-05;14;0;113921;40289;19.1;6.8
22;2021-04-06;3284;1140;117205;41429;19.7;6.9
22;2021-04-07;3422;1362;120627;42791;20.2;7.2
22;2021-04-08;4443;1311;125070;44102;21.0;7.4
22;2021-04-09;5182;1342;130252;45444;21.8;7.6
22;2021-04-10;2439;362;132691;45806;22.3;7.7
22;2021-04-11;473;8;133164;45814;22.3;7.7
22;2021-04-12;2980;994;136144;46808;22.8;7.9
22;2021-04-13;3320;1513;139464;48321;23.4;8.1
22;2021-04-14;3164;2476;142628;50797;23.9;8.5
22;2021-04-15;3594;2437;146222;53234;24.5;8.9
22;2021-04-16;3624;2489;149846;55723;25.1;9.3
22;2021-04-17;1914;1782;151760;57505;25.5;9.6
22;2021-04-18;16;0;151776;57505;25.5;9.6
22;2021-04-19;3017;2139;154793;59644;26.0;10.0
22;2021-04-20;3305;2780;158098;62424;26.5;10.5
22;2021-04-21;3223;2722;161321;65146;27.1;10.9
22;2021-04-22;3579;3124;164900;68270;27.7;11.5
22;2021-04-23;3718;3154;168618;71424;28.3;12.0
22;2021-04-24;1988;1961;170606;73385;28.6;12.3
22;2021-04-25;14;0;170620;73385;28.6;12.3
22;2021-04-26;3206;2843;173826;76228;29.2;12.8
22;2021-04-27;3372;3145;177198;79373;29.7;13.3
22;2021-04-28;3485;3141;180683;82514;30.3;13.8
22;2021-04-29;4075;3272;184758;85786;31.0;14.4
22;2021-04-30;3901;3225;188659;89011;31.6;14.9
22;2021-05-01;60;69;188719;89080;31.7;14.9
22;2021-05-02;1237;54;189956;89134;31.9;15.0
22;2021-05-03;2030;2708;191986;91842;32.2;15.4
22;2021-05-04;2152;2894;194138;94736;32.6;15.9
22;2021-05-05;2043;3008;196181;97744;32.9;16.4
22;2021-05-06;2507;3494;198688;101238;33.3;17.0
22;2021-05-07;2825;3399;201513;104637;33.8;17.6
22;2021-05-08;45;122;201558;104759;33.8;17.6
22;2021-05-09;600;434;202158;105193;33.9;17.6
22;2021-05-10;4472;2713;206630;107906;34.7;18.1
22;2021-05-11;5102;2893;211732;110799;35.5;18.6
22;2021-05-12;6593;1011;218325;111810;36.6;18.8
22;2021-05-13;528;35;218853;111845;36.7;18.8
22;2021-05-14;6400;1074;225253;112919;37.8;18.9
22;2021-05-15;3988;425;229241;113344;38.5;19.0
22;2021-05-16;418;35;229659;113379;38.5;19.0
22;2021-05-17;5661;519;235320;113898;39.5;19.1
22;2021-05-18;6002;944;241322;114842;40.5;19.3
22;2021-05-19;6125;698;247447;115540;41.5;19.4
22;2021-05-20;6585;1369;254032;116909;42.6;19.6
22;2021-05-21;5883;1456;259915;118365;43.6;19.9
22;2021-05-22;4081;768;263996;119133;44.3;20.0
22;2021-05-23;405;12;264401;119145;44.3;20.0
22;2021-05-24;5303;210;269704;119355;45.2;20.0
22;2021-05-25;5628;1164;275332;120519;46.2;20.2
22;2021-05-26;4207;2793;279539;123312;46.9;20.7
22;2021-05-27;4497;3831;284036;127143;47.6;21.3
22;2021-05-28;4381;4433;288417;131576;48.4;22.1
22;2021-05-29;3044;1766;291461;133342;48.9;22.4
22;2021-05-30;19;7;291480;133349;48.9;22.4
22;2021-05-31;3644;3149;295124;136498;49.5;22.9
22;2021-06-01;3514;3687;298638;140185;50.1;23.5
22;2021-06-02;3078;3383;301716;143568;50.6;24.1
22;2021-06-03;3179;4094;304895;147662;51.1;24.8
22;2021-06-04;3356;4545;308251;152207;51.7;25.5
22;2021-06-05;3541;2023;311792;154230;52.3;25.9
22;2021-06-06;213;29;312005;154259;52.3;25.9
22;2021-06-07;3019;3249;315024;157508;52.8;26.4
22;2021-06-08;2786;3526;317810;161034;53.3;27.0
22;2021-06-09;2527;3505;320337;164539;53.7;27.6
22;2021-06-10;2449;4248;322786;168787;54.1;28.3
22;2021-06-11;2492;4225;325278;173012;54.6;29.0
22;2021-06-12;2366;1454;327644;174466;55.0;29.3
22;2021-06-13;134;1093;327778;175559;55.0;29.4
22;2021-06-14;2587;2466;330365;178025;55.4;29.9
22;2021-06-15;3060;3005;333425;181030;55.9;30.4
22;2021-06-16;2981;2809;336406;183839;56.4;30.8
22;2021-06-17;2544;3169;338950;187008;56.9;31.4
22;2021-06-18;3071;4109;342021;191117;57.4;32.1
22;2021-06-19;2953;1446;344974;192563;57.9;32.3
22;2021-06-20;141;6;345115;192569;57.9;32.3
22;2021-06-21;1751;5020;346866;197589;58.2;33.1
22;2021-06-22;2381;5553;349247;203142;58.6;34.1
22;2021-06-23;1252;6214;350499;209356;58.8;35.1
22;2021-06-24;2554;3921;353053;213277;59.2;35.8
22;2021-06-25;1542;6823;354595;220100;59.5;36.9
22;2021-06-26;778;3861;355373;223961;59.6;37.6
22;2021-06-27;4;512;355377;224473;59.6;37.7
22;2021-06-28;1041;5604;356418;230077;59.8;38.6
22;2021-06-29;1352;5965;357770;236042;60.0;39.6
22;2021-06-30;1103;5748;358873;241790;60.2;40.6
22;2021-07-01;1338;6050;360211;247840;60.4;41.6
22;2021-07-02;1645;6098;361856;253938;60.7;42.6
22;2021-07-03;978;3814;362834;257752;60.9;43.2
22;2021-07-04;142;363;362976;258115;60.9;43.3
22;2021-07-05;1533;5801;364509;263916;61.1;44.3
22;2021-07-06;2282;5998;366791;269914;61.5;45.3
22;2021-07-07;2230;4936;369021;274850;61.9;46.1
22;2021-07-08;2473;5099;371494;279949;62.3;47.0
22;2021-07-09;2446;5380;373940;285329;62.7;47.9
22;2021-07-10;1756;3351;375696;288680;63.0;48.4
22;2021-07-11;477;71;376173;288751;63.1;48.4
22;2021-07-12;2269;4727;378442;293478;63.5;49.2
22;2021-07-13;3735;5039;382177;298517;64.1;50.1
22;2021-07-14;692;2495;382869;301012;64.2;50.5
22;2021-07-15;3781;4627;386650;305639;64.9;51.3
22;2021-07-16;3775;5286;390425;310925;65.5;52.2
22;2021-07-17;2519;3407;392944;314332;65.9;52.7
22;2021-07-18;561;86;393505;314418;66.0;52.7
22;2021-07-19;2721;4099;396226;318517;66.5;53.4
22;2021-07-20;3819;4115;400045;322632;67.1;54.1
22;2021-07-21;3859;3396;403904;326028;67.7;54.7
23;2020-12-27;0;0;0;0;0.0;0.0
23;2020-12-28;1;0;1;0;0.0;0.0
23;2020-12-29;0;0;1;0;0.0;0.0
23;2020-12-30;0;0;1;0;0.0;0.0
23;2020-12-31;0;0;1;0;0.0;0.0
23;2021-01-01;0;0;1;0;0.0;0.0
23;2021-01-02;1;0;2;0;0.0;0.0
23;2021-01-03;0;0;2;0;0.0;0.0
23;2021-01-04;1;0;3;0;0.0;0.0
23;2021-01-05;3;0;6;0;0.0;0.0
23;2021-01-06;10;0;16;0;0.0;0.0
23;2021-01-07;117;0;133;0;0.1;0.0
23;2021-01-08;116;0;249;0;0.2;0.0
23;2021-01-09;35;0;284;0;0.2;0.0
23;2021-01-10;1;0;285;0;0.2;0.0
23;2021-01-11;173;0;458;0;0.4;0.0
23;2021-01-12;234;1;692;1;0.6;0.0
23;2021-01-13;308;1;1000;2;0.9;0.0
23;2021-01-14;290;3;1290;5;1.1;0.0
23;2021-01-15;334;3;1624;8;1.4;0.0
23;2021-01-16;163;1;1787;9;1.5;0.0
23;2021-01-17;0;0;1787;9;1.5;0.0
23;2021-01-18;341;1;2128;10;1.8;0.0
23;2021-01-19;497;2;2625;12;2.3;0.0
23;2021-01-20;362;1;2987;13;2.6;0.0
23;2021-01-21;696;1;3683;14;3.2;0.0
23;2021-01-22;477;0;4160;14;3.6;0.0
23;2021-01-23;368;1;4528;15;3.9;0.0
23;2021-01-24;0;0;4528;15;3.9;0.0
23;2021-01-25;382;17;4910;32;4.2;0.0
23;2021-01-26;300;5;5210;37;4.5;0.0
23;2021-01-27;228;3;5438;40;4.7;0.0
23;2021-01-28;233;47;5671;87;4.9;0.1
23;2021-01-29;303;103;5974;190;5.1;0.2
23;2021-01-30;100;28;6074;218;5.2;0.2
23;2021-01-31;2;34;6076;252;5.2;0.2
23;2021-02-01;147;106;6223;358;5.4;0.3
23;2021-02-02;157;123;6380;481;5.5;0.4
23;2021-02-03;105;211;6485;692;5.6;0.6
23;2021-02-04;78;265;6563;957;5.6;0.8
23;2021-02-05;115;314;6678;1271;5.7;1.1
23;2021-02-06;14;168;6692;1439;5.8;1.2
23;2021-02-07;1;0;6693;1439;5.8;1.2
23;2021-02-08;125;218;6818;1657;5.9;1.4
23;2021-02-09;85;296;6903;1953;5.9;1.7
23;2021-02-10;89;283;6992;2236;6.0;1.9
23;2021-02-11;244;590;7236;2826;6.2;2.4
23;2021-02-12;171;284;7407;3110;6.4;2.7
23;2021-02-13;8;192;7415;3302;6.4;2.8
23;2021-02-14;8;0;7423;3302;6.4;2.8
23;2021-02-15;157;367;7580;3669;6.5;3.2
23;2021-02-16;103;445;7683;4114;6.6;3.5
23;2021-02-17;65;494;7748;4608;6.7;4.0
23;2021-02-18;142;371;7890;4979;6.8;4.3
23;2021-02-19;109;253;7999;5232;6.9;4.5
23;2021-02-20;2;94;8001;5326;6.9;4.6
23;2021-02-21;0;0;8001;5326;6.9;4.6
23;2021-02-22;104;212;8105;5538;7.0;4.8
23;2021-02-23;107;219;8212;5757;7.1;5.0
23;2021-02-24;174;169;8386;5926;7.2;5.1
23;2021-02-25;183;108;8569;6034;7.4;5.2
23;2021-02-26;286;165;8855;6199;7.6;5.3
23;2021-02-27;112;10;8967;6209;7.7;5.3
23;2021-02-28;1;31;8968;6240;7.7;5.4
23;2021-03-01;88;200;9056;6440;7.8;5.5
23;2021-03-02;229;132;9285;6572;8.0;5.7
23;2021-03-03;131;90;9416;6662;8.1;5.7
23;2021-03-04;307;138;9723;6800;8.4;5.8
23;2021-03-05;517;110;10240;6910;8.8;5.9
23;2021-03-06;494;4;10734;6914;9.2;5.9
23;2021-03-07;312;2;11046;6916;9.5;5.9
23;2021-03-08;196;72;11242;6988;9.7;6.0
23;2021-03-09;421;96;11663;7084;10.0;6.1
23;2021-03-10;348;38;12011;7122;10.3;6.1
23;2021-03-11;323;47;12334;7169;10.6;6.2
23;2021-03-12;616;32;12950;7201;11.1;6.2
23;2021-03-13;283;12;13233;7213;11.4;6.2
23;2021-03-14;45;34;13278;7247;11.4;6.2
23;2021-03-15;220;126;13498;7373;11.6;6.3
23;2021-03-16;192;90;13690;7463;11.8;6.4
23;2021-03-17;131;101;13821;7564;11.9;6.5
23;2021-03-18;191;95;14012;7659;12.1;6.6
23;2021-03-19;204;119;14216;7778;12.2;6.7
23;2021-03-20;629;35;14845;7813;12.8;6.7
23;2021-03-21;127;0;14972;7813;12.9;6.7
23;2021-03-22;264;147;15236;7960;13.1;6.8
23;2021-03-23;503;105;15739;8065;13.5;6.9
23;2021-03-24;422;124;16161;8189;13.9;7.0
23;2021-03-25;818;184;16979;8373;14.6;7.2
23;2021-03-26;733;194;17712;8567;15.2;7.4
23;2021-03-27;505;47;18217;8614;15.7;7.4
23;2021-03-28;3;9;18220;8623;15.7;7.4
23;2021-03-29;358;111;18578;8734;16.0;7.5
23;2021-03-30;537;174;19115;8908;16.4;7.7
23;2021-03-31;411;169;19526;9077;16.8;7.8
23;2021-04-01;600;167;20126;9244;17.3;8.0
23;2021-04-02;497;295;20623;9539;17.7;8.2
23;2021-04-03;715;42;21338;9581;18.4;8.2
23;2021-04-04;4;0;21342;9581;18.4;8.2
23;2021-04-05;0;3;21342;9584;18.4;8.2
23;2021-04-06;381;292;21723;9876;18.7;8.5
23;2021-04-07;705;308;22428;10184;19.3;8.8
23;2021-04-08;803;228;23231;10412;20.0;9.0
23;2021-04-09;939;353;24170;10765;20.8;9.3
23;2021-04-10;1097;108;25267;10873;21.7;9.4
23;2021-04-11;21;2;25288;10875;21.7;9.4
23;2021-04-12;692;231;25980;11106;22.3;9.6
23;2021-04-13;665;299;26645;11405;22.9;9.8
23;2021-04-14;586;172;27231;11577;23.4;10.0
23;2021-04-15;928;181;28159;11758;24.2;10.1
23;2021-04-16;902;201;29061;11959;25.0;10.3
23;2021-04-17;994;550;30055;12509;25.8;10.8
23;2021-04-18;4;136;30059;12645;25.9;10.9
23;2021-04-19;611;296;30670;12941;26.4;11.1
23;2021-04-20;720;289;31390;13230;27.0;11.4
23;2021-04-21;733;387;32123;13617;27.6;11.7
23;2021-04-22;657;473;32780;14090;28.2;12.1
23;2021-04-23;591;339;33371;14429;28.7;12.4
23;2021-04-24;854;448;34225;14877;29.4;12.8
23;2021-04-25;0;0;34225;14877;29.4;12.8
23;2021-04-26;615;252;34840;15129;30.0;13.0
23;2021-04-27;676;424;35516;15553;30.5;13.4
23;2021-04-28;628;274;36144;15827;31.1;13.6
23;2021-04-29;882;376;37026;16203;31.8;13.9
23;2021-04-30;719;786;37745;16989;32.5;14.6
23;2021-05-01;1224;35;38969;17024;33.5;14.6
23;2021-05-02;12;0;38981;17024;33.5;14.6
23;2021-05-03;423;519;39404;17543;33.9;15.1
23;2021-05-04;616;510;40020;18053;34.4;15.5
23;2021-05-05;538;711;40558;18764;34.9;16.1
23;2021-05-06;727;699;41285;19463;35.5;16.7
23;2021-05-07;682;641;41967;20104;36.1;17.3
23;2021-05-08;1409;586;43376;20690;37.3;17.8
23;2021-05-09;3;0;43379;20690;37.3;17.8
23;2021-05-10;554;654;43933;21344;37.8;18.4
23;2021-05-11;560;763;44493;22107;38.3;19.0
23;2021-05-12;719;660;45212;22767;38.9;19.6
23;2021-05-13;536;56;45748;22823;39.3;19.6
23;2021-05-14;789;460;46537;23283;40.0;20.0
23;2021-05-15;994;232;47531;23515;40.9;20.2
23;2021-05-16;0;0;47531;23515;40.9;20.2
23;2021-05-17;566;448;48097;23963;41.4;20.6
23;2021-05-18;773;291;48870;24254;42.0;20.9
23;2021-05-19;1050;256;49920;24510;42.9;21.1
23;2021-05-20;836;316;50756;24826;43.7;21.4
23;2021-05-21;1103;312;51859;25138;44.6;21.6
23;2021-05-22;739;125;52598;25263;45.2;21.7
23;2021-05-23;1;20;52599;25283;45.2;21.7
23;2021-05-24;360;163;52959;25446;45.5;21.9
23;2021-05-25;903;336;53862;25782;46.3;22.2
23;2021-05-26;1074;224;54936;26006;47.2;22.4
23;2021-05-27;930;432;55866;26438;48.0;22.7
23;2021-05-28;780;744;56646;27182;48.7;23.4
23;2021-05-29;637;1096;57283;28278;49.3;24.3
23;2021-05-30;6;63;57289;28341;49.3;24.4
23;2021-05-31;432;540;57721;28881;49.6;24.8
23;2021-06-01;581;820;58302;29701;50.1;25.5
23;2021-06-02;624;521;58926;30222;50.7;26.0
23;2021-06-03;705;548;59631;30770;51.3;26.5
23;2021-06-04;779;611;60410;31381;52.0;27.0
23;2021-06-05;545;778;60955;32159;52.4;27.7
23;2021-06-06;0;0;60955;32159;52.4;27.7
23;2021-06-07;393;696;61348;32855;52.8;28.3
23;2021-06-08;320;775;61668;33630;53.0;28.9
23;2021-06-09;284;651;61952;34281;53.3;29.5
23;2021-06-10;370;692;62322;34973;53.6;30.1
23;2021-06-11;377;808;62699;35781;53.9;30.8
23;2021-06-12;383;1264;63082;37045;54.3;31.9
23;2021-06-13;13;5;63095;37050;54.3;31.9
23;2021-06-14;233;590;63328;37640;54.5;32.4
23;2021-06-15;227;861;63555;38501;54.7;33.1
23;2021-06-16;362;581;63917;39082;55.0;33.6
23;2021-06-17;337;810;64254;39892;55.3;34.3
23;2021-06-18;353;764;64607;40656;55.6;35.0
23;2021-06-19;488;1524;65095;42180;56.0;36.3
23;2021-06-20;1;11;65096;42191;56.0;36.3
23;2021-06-21;203;621;65299;42812;56.2;36.8
23;2021-06-22;215;684;65514;43496;56.3;37.4
23;2021-06-23;211;748;65725;44244;56.5;38.1
23;2021-06-24;195;608;65920;44852;56.7;38.6
23;2021-06-25;302;816;66222;45668;57.0;39.3
23;2021-06-26;221;1000;66443;46668;57.1;40.1
23;2021-06-27;2;0;66445;46668;57.1;40.1
23;2021-06-28;113;696;66558;47364;57.2;40.7
23;2021-06-29;187;823;66745;48187;57.4;41.4
23;2021-06-30;165;946;66910;49133;57.5;42.3
23;2021-07-01;165;870;67075;50003;57.7;43.0
23;2021-07-02;189;1072;67264;51075;57.9;43.9
23;2021-07-03;247;980;67511;52055;58.1;44.8
23;2021-07-04;1;0;67512;52055;58.1;44.8
23;2021-07-05;150;806;67662;52861;58.2;45.5
23;2021-07-06;210;1045;67872;53906;58.4;46.4
23;2021-07-07;207;855;68079;54761;58.6;47.1
23;2021-07-08;246;739;68325;55500;58.8;47.7
23;2021-07-09;269;1008;68594;56508;59.0;48.6
23;2021-07-10;233;646;68827;57154;59.2;49.2
23;2021-07-11;0;0;68827;57154;59.2;49.2
23;2021-07-12;231;700;69058;57854;59.4;49.8
23;2021-07-13;469;918;69527;58772;59.8;50.5
23;2021-07-14;208;321;69735;59093;60.0;50.8
23;2021-07-15;474;809;70209;59902;60.4;51.5
23;2021-07-16;758;569;70967;60471;61.0;52.0
23;2021-07-17;218;479;71185;60950;61.2;52.4
23;2021-07-18;0;1;71185;60951;61.2;52.4
23;2021-07-19;702;629;71887;61580;61.8;53.0
23;2021-07-20;632;567;72519;62147;62.4;53.5
23;2021-07-21;688;627;73207;62774;63.0;54.0
24;2020-12-27;0;0;0;0;0.0;0.0
24;2020-12-28;0;0;0;0;0.0;0.0
24;2020-12-29;2;0;2;0;0.0;0.0
24;2020-12-30;1;0;3;0;0.0;0.0
24;2020-12-31;0;0;3;0;0.0;0.0
24;2021-01-01;0;0;3;0;0.0;0.0
24;2021-01-02;0;0;3;0;0.0;0.0
24;2021-01-03;0;0;3;0;0.0;0.0
24;2021-01-04;0;0;3;0;0.0;0.0
24;2021-01-05;0;0;3;0;0.0;0.0
24;2021-01-06;0;0;3;0;0.0;0.0
24;2021-01-07;190;0;193;0;0.0;0.0
24;2021-01-08;280;0;473;0;0.1;0.0
24;2021-01-09;185;0;658;0;0.2;0.0
24;2021-01-10;35;0;693;0;0.2;0.0
24;2021-01-11;269;0;962;0;0.2;0.0
24;2021-01-12;281;0;1243;0;0.3;0.0
24;2021-01-13;233;1;1476;1;0.4;0.0
24;2021-01-14;1011;7;2487;8;0.6;0.0
24;2021-01-15;602;3;3089;11;0.8;0.0
24;2021-01-16;86;0;3175;11;0.8;0.0
24;2021-01-17;1;1;3176;12;0.8;0.0
24;2021-01-18;298;0;3474;12;0.9;0.0
24;2021-01-19;467;1;3941;13;1.0;0.0
24;2021-01-20;550;0;4491;13;1.1;0.0
24;2021-01-21;644;6;5135;19;1.3;0.0
24;2021-01-22;512;0;5647;19;1.4;0.0
24;2021-01-23;149;1;5796;20;1.4;0.0
24;2021-01-24;2;0;5798;20;1.4;0.0
24;2021-01-25;440;0;6238;20;1.5;0.0
24;2021-01-26;632;66;6870;86;1.7;0.0
24;2021-01-27;1261;12;8131;98;2.0;0.0
24;2021-01-28;983;121;9114;219;2.2;0.1
24;2021-01-29;931;138;10045;357;2.5;0.1
24;2021-01-30;281;1;10326;358;2.5;0.1
24;2021-01-31;0;0;10326;358;2.5;0.1
24;2021-02-01;375;172;10701;530;2.6;0.1
24;2021-02-02;611;313;11312;843;2.8;0.2
24;2021-02-03;650;494;11962;1337;2.9;0.3
24;2021-02-04;972;391;12934;1728;3.2;0.4
24;2021-02-05;684;448;13618;2176;3.3;0.5
24;2021-02-06;137;35;13755;2211;3.4;0.5
24;2021-02-07;33;0;13788;2211;3.4;0.5
24;2021-02-08;309;232;14097;2443;3.5;0.6
24;2021-02-09;450;229;14547;2672;3.6;0.7
24;2021-02-10;372;111;14919;2783;3.7;0.7
24;2021-02-11;555;518;15474;3301;3.8;0.8
24;2021-02-12;495;392;15969;3693;3.9;0.9
24;2021-02-13;202;46;16171;3739;4.0;0.9
24;2021-02-14;88;1;16259;3740;4.0;0.9
24;2021-02-15;185;243;16444;3983;4.0;1.0
24;2021-02-16;334;522;16778;4505;4.1;1.1
24;2021-02-17;580;827;17358;5332;4.3;1.3
24;2021-02-18;438;727;17796;6059;4.4;1.5
24;2021-02-19;461;677;18257;6736;4.5;1.6
24;2021-02-20;163;143;18420;6879;4.5;1.7
24;2021-02-21;107;0;18527;6879;4.5;1.7
24;2021-02-22;426;528;18953;7407;4.6;1.8
24;2021-02-23;563;680;19516;8087;4.8;2.0
24;2021-02-24;532;830;20048;8917;4.9;2.2
24;2021-02-25;724;861;20772;9778;5.1;2.4
24;2021-02-26;971;971;21743;10749;5.3;2.6
24;2021-02-27;359;265;22102;11014;5.4;2.7
24;2021-02-28;24;4;22126;11018;5.4;2.7
24;2021-03-01;293;374;22419;11392;5.5;2.8
24;2021-03-02;538;416;22957;11808;5.6;2.9
24;2021-03-03;674;342;23631;12150;5.8;3.0
24;2021-03-04;914;506;24545;12656;6.0;3.1
24;2021-03-05;1064;561;25609;13217;6.3;3.2
24;2021-03-06;1121;140;26730;13357;6.5;3.3
24;2021-03-07;232;62;26962;13419;6.6;3.3
24;2021-03-08;530;257;27492;13676;6.7;3.3
24;2021-03-09;1171;441;28663;14117;7.0;3.5
24;2021-03-10;1139;447;29802;14564;7.3;3.6
24;2021-03-11;1602;459;31404;15023;7.7;3.7
24;2021-03-12;2047;439;33451;15462;8.2;3.8
24;2021-03-13;1344;201;34795;15663;8.5;3.8
24;2021-03-14;142;92;34937;15755;8.6;3.9
24;2021-03-15;947;168;35884;15923;8.8;3.9
24;2021-03-16;1140;231;37024;16154;9.1;4.0
24;2021-03-17;1211;281;38235;16435;9.4;4.0
24;2021-03-18;1054;549;39289;16984;9.6;4.2
24;2021-03-19;1247;532;40536;17516;9.9;4.3
24;2021-03-20;1054;148;41590;17664;10.2;4.3
24;2021-03-21;23;11;41613;17675;10.2;4.3
24;2021-03-22;1222;420;42835;18095;10.5;4.4
24;2021-03-23;1876;399;44711;18494;10.9;4.5
24;2021-03-24;1888;384;46599;18878;11.4;4.6
24;2021-03-25;1988;465;48587;19343;11.9;4.7
24;2021-03-26;2372;281;50959;19624;12.5;4.8
24;2021-03-27;1348;40;52307;19664;12.8;4.8
24;2021-03-28;60;9;52367;19673;12.8;4.8
24;2021-03-29;1669;324;54036;19997;13.2;4.9
24;2021-03-30;2406;391;56442;20388;13.8;5.0
24;2021-03-31;2173;307;58615;20695;14.4;5.1
24;2021-04-01;2195;308;60810;21003;14.9;5.1
24;2021-04-02;2071;397;62881;21400;15.4;5.2
24;2021-04-03;1371;122;64252;21522;15.7;5.3
24;2021-04-04;73;0;64325;21522;15.8;5.3
24;2021-04-05;945;57;65270;21579;16.0;5.3
24;2021-04-06;2350;694;67620;22273;16.6;5.5
24;2021-04-07;2714;683;70334;22956;17.2;5.6
24;2021-04-08;3002;952;73336;23908;18.0;5.9
24;2021-04-09;3484;998;76820;24906;18.8;6.1
24;2021-04-10;2587;305;79407;25211;19.4;6.2
24;2021-04-11;1101;17;80508;25228;19.7;6.2
24;2021-04-12;2492;814;83000;26042;20.3;6.4
24;2021-04-13;2903;1198;85903;27240;21.0;6.7
24;2021-04-14;2932;1184;88835;28424;21.8;7.0
24;2021-04-15;2787;1072;91622;29496;22.4;7.2
24;2021-04-16;3264;951;94886;30447;23.2;7.5
24;2021-04-17;2268;498;97154;30945;23.8;7.6
24;2021-04-18;424;5;97578;30950;23.9;7.6
24;2021-04-19;1601;1002;99179;31952;24.3;7.8
24;2021-04-20;2263;1425;101442;33377;24.8;8.2
24;2021-04-21;2141;1438;103583;34815;25.4;8.5
24;2021-04-22;2057;1251;105640;36066;25.9;8.8
24;2021-04-23;1952;1326;107592;37392;26.3;9.2
24;2021-04-24;851;723;108443;38115;26.6;9.3
24;2021-04-25;54;4;108497;38119;26.6;9.3
24;2021-04-26;1294;1482;109791;39601;26.9;9.7
24;2021-04-27;1851;1879;111642;41480;27.3;10.2
24;2021-04-28;1502;1954;113144;43434;27.7;10.6
24;2021-04-29;1725;1886;114869;45320;28.1;11.1
24;2021-04-30;2266;1774;117135;47094;28.7;11.5
24;2021-05-01;2052;1061;119187;48155;29.2;11.8
24;2021-05-02;1921;208;121108;48363;29.7;11.8
24;2021-05-03;1469;1832;122577;50195;30.0;12.3
24;2021-05-04;2226;2285;124803;52480;30.6;12.9
24;2021-05-05;1882;2714;126685;55194;31.0;13.5
24;2021-05-06;1884;2762;128569;57956;31.5;14.2
24;2021-05-07;2257;2778;130826;60734;32.0;14.9
24;2021-05-08;1282;1152;132108;61886;32.3;15.2
24;2021-05-09;1165;899;133273;62785;32.6;15.4
24;2021-05-10;1091;2629;134364;65414;32.9;16.0
24;2021-05-11;2030;2788;136394;68202;33.4;16.7
24;2021-05-12;1923;2247;138317;70449;33.9;17.3
24;2021-05-13;1457;1213;139774;71662;34.2;17.5
24;2021-05-14;2378;1333;142152;72995;34.8;17.9
24;2021-05-15;2048;810;144200;73805;35.3;18.1
24;2021-05-16;1169;346;145369;74151;35.6;18.2
24;2021-05-17;2243;1253;147612;75404;36.1;18.5
24;2021-05-18;2480;1815;150092;77219;36.8;18.9
24;2021-05-19;2284;1376;152376;78595;37.3;19.2
24;2021-05-20;2369;1577;154745;80172;37.9;19.6
24;2021-05-21;2430;1409;157175;81581;38.5;20.0
24;2021-05-22;1717;406;158892;81987;38.9;20.1
24;2021-05-23;950;73;159842;82060;39.1;20.1
24;2021-05-24;1513;335;161355;82395;39.5;20.2
24;2021-05-25;2294;1381;163649;83776;40.1;20.5
24;2021-05-26;2145;1314;165794;85090;40.6;20.8
24;2021-05-27;1748;2198;167542;87288;41.0;21.4
24;2021-05-28;2145;2000;169687;89288;41.5;21.9
24;2021-05-29;1147;2087;170834;91375;41.8;22.4
24;2021-05-30;1418;172;172252;91547;42.2;22.4
24;2021-05-31;1741;1365;173993;92912;42.6;22.8
24;2021-06-01;2568;1964;176561;94876;43.2;23.2
24;2021-06-02;2652;1781;179213;96657;43.9;23.7
24;2021-06-03;2287;1463;181500;98120;44.4;24.0
24;2021-06-04;2376;1890;183876;100010;45.0;24.5
24;2021-06-05;2003;1414;185879;101424;45.5;24.8
24;2021-06-06;764;223;186643;101647;45.7;24.9
24;2021-06-07;1430;1490;188073;103137;46.1;25.3
24;2021-06-08;1672;1909;189745;105046;46.5;25.7
24;2021-06-09;1323;1594;191068;106640;46.8;26.1
24;2021-06-10;1572;1910;192640;108550;47.2;26.6
24;2021-06-11;1321;2079;193961;110629;47.5;27.1
24;2021-06-12;1124;2544;195085;113173;47.8;27.7
24;2021-06-13;1228;920;196313;114093;48.1;27.9
24;2021-06-14;1152;1859;197465;115952;48.4;28.4
24;2021-06-15;1483;2993;198948;118945;48.7;29.1
24;2021-06-16;1663;2731;200611;121676;49.1;29.8
24;2021-06-17;1541;2181;202152;123857;49.5;30.3
24;2021-06-18;1393;2863;203545;126720;49.8;31.0
24;2021-06-19;1266;1521;204811;128241;50.2;31.4
24;2021-06-20;511;497;205322;128738;50.3;31.5
24;2021-06-21;926;1837;206248;130575;50.5;32.0
24;2021-06-22;1425;2592;207673;133167;50.9;32.6
24;2021-06-23;1420;2423;209093;135590;51.2;33.2
24;2021-06-24;1117;1915;210210;137505;51.5;33.7
24;2021-06-25;958;2822;211168;140327;51.7;34.4
24;2021-06-26;855;2106;212023;142433;51.9;34.9
24;2021-06-27;397;976;212420;143409;52.0;35.1
24;2021-06-28;809;2486;213229;145895;52.2;35.7
24;2021-06-29;929;2872;214158;148767;52.4;36.4
24;2021-06-30;1094;2464;215252;151231;52.7;37.0
24;2021-07-01;1113;2301;216365;153532;53.0;37.6
24;2021-07-02;1082;2749;217447;156281;53.2;38.3
24;2021-07-03;807;1905;218254;158186;53.4;38.7
24;2021-07-04;410;1012;218664;159198;53.5;39.0
24;2021-07-05;783;2321;219447;161519;53.7;39.5
24;2021-07-06;877;3352;220324;164871;53.9;40.4
24;2021-07-07;1076;3040;221400;167911;54.2;41.1
24;2021-07-08;1332;2119;222732;170030;54.5;41.6
24;2021-07-09;1168;3219;223900;173249;54.8;42.4
24;2021-07-10;473;1956;224373;175205;54.9;42.9
24;2021-07-11;584;1189;224957;176394;55.1;43.2
24;2021-07-12;891;2523;225848;178917;55.3;43.8
24;2021-07-13;1311;3215;227159;182132;55.6;44.6
24;2021-07-14;612;1188;227771;183320;55.8;44.9
24;2021-07-15;1670;2778;229441;186098;56.2;45.6
24;2021-07-16;2126;2601;231567;188699;56.7;46.2
24;2021-07-17;1504;2231;233071;190930;57.1;46.8
24;2021-07-18;705;884;233776;191814;57.2;47.0
24;2021-07-19;1561;2182;235337;193996;57.6;47.5
24;2021-07-20;1998;2436;237335;196432;58.1;48.1
24;2021-07-21;1857;2322;239192;198754;58.6;48.7
25;2020-12-27;0;0;0;0;0.0;0.0
25;2020-12-28;0;0;0;0;0.0;0.0
25;2020-12-29;0;0;0;0;0.0;0.0
25;2020-12-30;0;0;0;0;0.0;0.0
25;2020-12-31;2;0;2;0;0.0;0.0
25;2021-01-01;0;0;2;0;0.0;0.0
25;2021-01-02;0;0;2;0;0.0;0.0
25;2021-01-03;0;0;2;0;0.0;0.0
25;2021-01-04;0;0;2;0;0.0;0.0
25;2021-01-05;1;0;3;0;0.0;0.0
25;2021-01-06;75;1;78;1;0.0;0.0
25;2021-01-07;235;1;313;2;0.1;0.0
25;2021-01-08;342;1;655;3;0.1;0.0
25;2021-01-09;103;0;758;3;0.1;0.0
25;2021-01-10;0;0;758;3;0.1;0.0
25;2021-01-11;498;3;1256;6;0.2;0.0
25;2021-01-12;675;2;1931;8;0.4;0.0
25;2021-01-13;626;0;2557;8;0.5;0.0
25;2021-01-14;895;15;3452;23;0.6;0.0
25;2021-01-15;782;6;4234;29;0.8;0.0
25;2021-01-16;206;1;4440;30;0.8;0.0
25;2021-01-17;112;0;4552;30;0.8;0.0
25;2021-01-18;1294;4;5846;34;1.1;0.0
25;2021-01-19;1411;3;7257;37;1.3;0.0
25;2021-01-20;1418;4;8675;41;1.6;0.0
25;2021-01-21;1790;1;10465;42;1.9;0.0
25;2021-01-22;1503;3;11968;45;2.2;0.0
25;2021-01-23;496;1;12464;46;2.3;0.0
25;2021-01-24;119;0;12583;46;2.3;0.0
25;2021-01-25;989;0;13572;46;2.5;0.0
25;2021-01-26;1486;42;15058;88;2.8;0.0
25;2021-01-27;1246;70;16304;158;3.0;0.0
25;2021-01-28;1089;75;17393;233;3.2;0.0
25;2021-01-29;905;229;18298;462;3.4;0.1
25;2021-01-30;293;92;18591;554;3.4;0.1
25;2021-01-31;2;0;18593;554;3.4;0.1
25;2021-02-01;610;221;19203;775;3.6;0.1
25;2021-02-02;675;414;19878;1189;3.7;0.2
25;2021-02-03;759;249;20637;1438;3.8;0.3
25;2021-02-04;716;447;21353;1885;4.0;0.3
25;2021-02-05;517;465;21870;2350;4.1;0.4
25;2021-02-06;198;157;22068;2507;4.1;0.5
25;2021-02-07;2;34;22070;2541;4.1;0.5
25;2021-02-08;613;507;22683;3048;4.2;0.6
25;2021-02-09;616;491;23299;3539;4.3;0.7
25;2021-02-10;817;482;24116;4021;4.5;0.7
25;2021-02-11;586;853;24702;4874;4.6;0.9
25;2021-02-12;413;550;25115;5424;4.7;1.0
25;2021-02-13;97;140;25212;5564;4.7;1.0
25;2021-02-14;0;0;25212;5564;4.7;1.0
25;2021-02-15;187;1040;25399;6604;4.7;1.2
25;2021-02-16;212;1450;25611;8054;4.7;1.5
25;2021-02-17;109;1344;25720;9398;4.8;1.7
25;2021-02-18;145;1436;25865;10834;4.8;2.0
25;2021-02-19;102;1271;25967;12105;4.8;2.2
25;2021-02-20;26;495;25993;12600;4.8;2.3
25;2021-02-21;1;143;25994;12743;4.8;2.4
25;2021-02-22;83;1067;26077;13810;4.8;2.6
25;2021-02-23;196;1081;26273;14891;4.9;2.8
25;2021-02-24;105;975;26378;15866;4.9;2.9
25;2021-02-25;522;1003;26900;16869;5.0;3.1
25;2021-02-26;606;1002;27506;17871;5.1;3.3
25;2021-02-27;227;374;27733;18245;5.1;3.4
25;2021-02-28;4;0;27737;18245;5.1;3.4
25;2021-03-01;444;620;28181;18865;5.2;3.5
25;2021-03-02;651;832;28832;19697;5.3;3.7
25;2021-03-03;541;730;29373;20427;5.4;3.8
25;2021-03-04;1153;645;30526;21072;5.7;3.9
25;2021-03-05;1852;362;32378;21434;6.0;4.0
25;2021-03-06;1168;217;33546;21651;6.2;4.0
25;2021-03-07;9;6;33555;21657;6.2;4.0
25;2021-03-08;547;705;34102;22362;6.3;4.1
25;2021-03-09;1038;765;35140;23127;6.5;4.3
25;2021-03-10;1149;636;36289;23763;6.7;4.4
25;2021-03-11;1657;566;37946;24329;7.0;4.5
25;2021-03-12;1996;425;39942;24754;7.4;4.6
25;2021-03-13;1112;87;41054;24841;7.6;4.6
25;2021-03-14;35;0;41089;24841;7.6;4.6
25;2021-03-15;1121;124;42210;24965;7.8;4.6
25;2021-03-16;1275;109;43485;25074;8.1;4.6
25;2021-03-17;1410;125;44895;25199;8.3;4.7
25;2021-03-18;1528;68;46423;25267;8.6;4.7
25;2021-03-19;1594;119;48017;25386;8.9;4.7
25;2021-03-20;821;27;48838;25413;9.1;4.7
25;2021-03-21;24;0;48862;25413;9.1;4.7
25;2021-03-22;1485;78;50347;25491;9.3;4.7
25;2021-03-23;2160;124;52507;25615;9.7;4.7
25;2021-03-24;2416;88;54923;25703;10.2;4.8
25;2021-03-25;2838;172;57761;25875;10.7;4.8
25;2021-03-26;3150;150;60911;26025;11.3;4.8
25;2021-03-27;1111;81;62022;26106;11.5;4.8
25;2021-03-28;121;62;62143;26168;11.5;4.9
25;2021-03-29;1786;275;63929;26443;11.9;4.9
25;2021-03-30;2210;383;66139;26826;12.3;5.0
25;2021-03-31;2217;336;68356;27162;12.7;5.0
25;2021-04-01;2450;511;70806;27673;13.1;5.1
25;2021-04-02;2025;579;72831;28252;13.5;5.2
25;2021-04-03;447;106;73278;28358;13.6;5.3
25;2021-04-04;39;21;73317;28379;13.6;5.3
25;2021-04-05;144;4;73461;28383;13.6;5.3
25;2021-04-06;1933;663;75394;29046;14.0;5.4
25;2021-04-07;1878;834;77272;29880;14.3;5.5
25;2021-04-08;2429;813;79701;30693;14.8;5.7
25;2021-04-09;2594;968;82295;31661;15.3;5.9
25;2021-04-10;977;286;83272;31947;15.4;5.9
25;2021-04-11;104;28;83376;31975;15.5;5.9
25;2021-04-12;1559;956;84935;32931;15.7;6.1
25;2021-04-13;1985;1300;86920;34231;16.1;6.3
25;2021-04-14;1750;1188;88670;35419;16.4;6.6
25;2021-04-15;1997;1320;90667;36739;16.8;6.8
25;2021-04-16;2084;985;92751;37724;17.2;7.0
25;2021-04-17;1103;411;93854;38135;17.4;7.1
25;2021-04-18;117;18;93971;38153;17.4;7.1
25;2021-04-19;1325;1249;95296;39402;17.7;7.3
25;2021-04-20;1613;1460;96909;40862;18.0;7.6
25;2021-04-21;1717;1619;98626;42481;18.3;7.9
25;2021-04-22;1855;1702;100481;44183;18.6;8.2
25;2021-04-23;1898;1750;102379;45933;19.0;8.5
25;2021-04-24;1280;702;103659;46635;19.2;8.6
25;2021-04-25;139;113;103798;46748;19.2;8.7
25;2021-04-26;1722;1674;105520;48422;19.6;9.0
25;2021-04-27;2801;1518;108321;49940;20.1;9.3
25;2021-04-28;2423;1544;110744;51484;20.5;9.5
25;2021-04-29;2648;1827;113392;53311;21.0;9.9
25;2021-04-30;3101;1575;116493;54886;21.6;10.2
25;2021-05-01;1788;324;118281;55210;21.9;10.2
25;2021-05-02;442;21;118723;55231;22.0;10.2
25;2021-05-03;2900;830;121623;56061;22.5;10.4
25;2021-05-04;2638;1886;124261;57947;23.0;10.7
25;2021-05-05;2592;1658;126853;59605;23.5;11.0
25;2021-05-06;2927;2160;129780;61765;24.1;11.4
25;2021-05-07;3063;2117;132843;63882;24.6;11.8
25;2021-05-08;1333;223;134176;64105;24.9;11.9
25;2021-05-09;244;87;134420;64192;24.9;11.9
25;2021-05-10;3130;1637;137550;65829;25.5;12.2
25;2021-05-11;3748;2034;141298;67863;26.2;12.6
25;2021-05-12;3685;1784;144983;69647;26.9;12.9
25;2021-05-13;3519;597;148502;70244;27.5;13.0
25;2021-05-14;4482;1301;152984;71545;28.4;13.3
25;2021-05-15;3276;700;156260;72245;29.0;13.4
25;2021-05-16;722;92;156982;72337;29.1;13.4
25;2021-05-17;4090;1083;161072;73420;29.9;13.6
25;2021-05-18;5203;1176;166275;74596;30.8;13.8
25;2021-05-19;5247;1120;171522;75716;31.8;14.0
25;2021-05-20;5129;1441;176651;77157;32.7;14.3
25;2021-05-21;5764;1965;182415;79122;33.8;14.7
25;2021-05-22;3176;720;185591;79842;34.4;14.8
25;2021-05-23;781;153;186372;79995;34.5;14.8
25;2021-05-24;1528;149;187900;80144;34.8;14.9
25;2021-05-25;3512;1640;191412;81784;35.5;15.2
25;2021-05-26;3974;1553;195386;83337;36.2;15.4
25;2021-05-27;4513;1889;199899;85226;37.1;15.8
25;2021-05-28;3988;2628;203887;87854;37.8;16.3
25;2021-05-29;2012;1017;205899;88871;38.2;16.5
25;2021-05-30;174;96;206073;88967;38.2;16.5
25;2021-05-31;2674;1709;208747;90676;38.7;16.8
25;2021-06-01;2729;2154;211476;92830;39.2;17.2
25;2021-06-02;2607;2247;214083;95077;39.7;17.6
25;2021-06-03;3274;2044;217357;97121;40.3;18.0
25;2021-06-04;3206;2401;220563;99522;40.9;18.4
25;2021-06-05;1487;1388;222050;100910;41.2;18.7
25;2021-06-06;985;254;223035;101164;41.3;18.8
25;2021-06-07;2780;2565;225815;103729;41.9;19.2
25;2021-06-08;2601;2756;228416;106485;42.3;19.7
25;2021-06-09;2378;2759;230794;109244;42.8;20.3
25;2021-06-10;2310;2648;233104;111892;43.2;20.7
25;2021-06-11;2706;3300;235810;115192;43.7;21.4
25;2021-06-12;1566;1858;237376;117050;44.0;21.7
25;2021-06-13;495;254;237871;117304;44.1;21.7
25;2021-06-14;1419;3759;239290;121063;44.4;22.4
25;2021-06-15;1634;3564;240924;124627;44.7;23.1
25;2021-06-16;1944;3258;242868;127885;45.0;23.7
25;2021-06-17;1467;3324;244335;131209;45.3;24.3
25;2021-06-18;2274;4290;246609;135499;45.7;25.1
25;2021-06-19;1342;1970;247951;137469;46.0;25.5
25;2021-06-20;56;238;248007;137707;46.0;25.5
25;2021-06-21;1130;4134;249137;141841;46.2;26.3
25;2021-06-22;1138;4678;250275;146519;46.4;27.2
25;2021-06-23;1386;4078;251661;150597;46.7;27.9
25;2021-06-24;1166;4084;252827;154681;46.9;28.7
25;2021-06-25;1629;5614;254456;160295;47.2;29.7
25;2021-06-26;623;3381;255079;163676;47.3;30.3
25;2021-06-27;449;875;255528;164551;47.4;30.5
25;2021-06-28;892;4475;256420;169026;47.5;31.3
25;2021-06-29;1115;5465;257535;174491;47.7;32.3
25;2021-06-30;1295;5365;258830;179856;48.0;33.3
25;2021-07-01;1678;5229;260508;185085;48.3;34.3
25;2021-07-02;1672;5052;262180;190137;48.6;35.2
25;2021-07-03;1026;2691;263206;192828;48.8;35.7
25;2021-07-04;408;722;263614;193550;48.9;35.9
25;2021-07-05;1269;2573;264883;196123;49.1;36.4
25;2021-07-06;1560;4743;266443;200866;49.4;37.2
25;2021-07-07;1561;4501;268004;205367;49.7;38.1
25;2021-07-08;1528;3924;269532;209291;50.0;38.8
25;2021-07-09;1722;4574;271254;213865;50.3;39.6
25;2021-07-10;777;2371;272031;216236;50.4;40.1
25;2021-07-11;123;305;272154;216541;50.5;40.1
25;2021-07-12;1386;3855;273540;220396;50.7;40.9
25;2021-07-13;2439;4761;275979;225157;51.2;41.7
25;2021-07-14;373;554;276352;225711;51.2;41.8
25;2021-07-15;2383;3652;278735;229363;51.7;42.5
25;2021-07-16;3459;3816;282194;233179;52.3;43.2
25;2021-07-17;2192;2011;284386;235190;52.7;43.6
25;2021-07-18;802;1288;285188;236478;52.9;43.8
25;2021-07-19;2518;4186;287706;240664;53.3;44.6
25;2021-07-20;3344;3700;291050;244364;54.0;45.3
25;2021-07-21;3235;3325;294285;247689;54.6;45.9
26;2020-12-27;0;0;0;0;0.0;0.0
26;2020-12-28;0;0;0;0;0.0;0.0
26;2020-12-29;0;0;0;0;0.0;0.0
26;2020-12-30;0;0;0;0;0.0;0.0
26;2020-12-31;0;0;0;0;0.0;0.0
26;2021-01-01;0;0;0;0;0.0;0.0
26;2021-01-02;0;0;0;0;0.0;0.0
26;2021-01-03;0;0;0;0;0.0;0.0
26;2021-01-04;0;0;0;0;0.0;0.0
26;2021-01-05;0;0;0;0;0.0;0.0
26;2021-01-06;0;0;0;0;0.0;0.0
26;2021-01-07;168;0;168;0;0.0;0.0
26;2021-01-08;125;0;293;0;0.1;0.0
26;2021-01-09;2;0;295;0;0.1;0.0
26;2021-01-10;0;0;295;0;0.1;0.0
26;2021-01-11;266;1;561;1;0.1;0.0
26;2021-01-12;175;1;736;2;0.1;0.0
26;2021-01-13;415;1;1151;3;0.2;0.0
26;2021-01-14;484;1;1635;4;0.3;0.0
26;2021-01-15;561;1;2196;5;0.4;0.0
26;2021-01-16;250;0;2446;5;0.5;0.0
26;2021-01-17;0;0;2446;5;0.5;0.0
26;2021-01-18;634;1;3080;6;0.6;0.0
26;2021-01-19;779;4;3859;10;0.7;0.0
26;2021-01-20;741;0;4600;10;0.9;0.0
26;2021-01-21;805;5;5405;15;1.0;0.0
26;2021-01-22;785;3;6190;18;1.2;0.0
26;2021-01-23;563;2;6753;20;1.3;0.0
26;2021-01-24;24;0;6777;20;1.3;0.0
26;2021-01-25;696;1;7473;21;1.4;0.0
26;2021-01-26;800;2;8273;23;1.6;0.0
26;2021-01-27;821;8;9094;31;1.7;0.0
26;2021-01-28;1328;170;10422;201;2.0;0.0
26;2021-01-29;970;64;11392;265;2.2;0.1
26;2021-01-30;605;5;11997;270;2.3;0.1
26;2021-01-31;24;0;12021;270;2.3;0.1
26;2021-02-01;705;189;12726;459;2.4;0.1
26;2021-02-02;1272;201;13998;660;2.7;0.1
26;2021-02-03;1228;255;15226;915;2.9;0.2
26;2021-02-04;983;450;16209;1365;3.1;0.3
26;2021-02-05;671;333;16880;1698;3.2;0.3
26;2021-02-06;402;239;17282;1937;3.3;0.4
26;2021-02-07;57;2;17339;1939;3.3;0.4
26;2021-02-08;545;412;17884;2351;3.4;0.5
26;2021-02-09;617;477;18501;2828;3.6;0.5
26;2021-02-10;664;336;19165;3164;3.7;0.6
26;2021-02-11;752;328;19917;3492;3.8;0.7
26;2021-02-12;590;453;20507;3945;3.9;0.8
26;2021-02-13;386;339;20893;4284;4.0;0.8
26;2021-02-14;36;0;20929;4284;4.0;0.8
26;2021-02-15;413;529;21342;4813;4.1;0.9
26;2021-02-16;293;560;21635;5373;4.2;1.0
26;2021-02-17;192;741;21827;6114;4.2;1.2
26;2021-02-18;337;898;22164;7012;4.3;1.3
26;2021-02-19;337;808;22501;7820;4.3;1.5
26;2021-02-20;95;491;22596;8311;4.3;1.6
26;2021-02-21;3;24;22599;8335;4.3;1.6
26;2021-02-22;142;720;22741;9055;4.4;1.7
26;2021-02-23;397;999;23138;10054;4.4;1.9
26;2021-02-24;341;1221;23479;11275;4.5;2.2
26;2021-02-25;723;1068;24202;12343;4.6;2.4
26;2021-02-26;920;633;25122;12976;4.8;2.5
26;2021-02-27;278;512;25400;13488;4.9;2.6
26;2021-02-28;3;30;25403;13518;4.9;2.6
26;2021-03-01;456;661;25859;14179;5.0;2.7
26;2021-03-02;740;631;26599;14810;5.1;2.8
26;2021-03-03;730;687;27329;15497;5.2;3.0
26;2021-03-04;1041;579;28370;16076;5.4;3.1
26;2021-03-05;1707;507;30077;16583;5.8;3.2
26;2021-03-06;2768;478;32845;17061;6.3;3.3
26;2021-03-07;2986;189;35831;17250;6.9;3.3
26;2021-03-08;907;648;36738;17898;7.1;3.4
26;2021-03-09;1321;542;38059;18440;7.3;3.5
26;2021-03-10;1212;509;39271;18949;7.5;3.6
26;2021-03-11;1608;640;40879;19589;7.9;3.8
26;2021-03-12;2216;456;43095;20045;8.3;3.9
26;2021-03-13;1885;326;44980;20371;8.6;3.9
26;2021-03-14;68;37;45048;20408;8.7;3.9
26;2021-03-15;1648;242;46696;20650;9.0;4.0
26;2021-03-16;1232;504;47928;21154;9.2;4.1
26;2021-03-17;1364;296;49292;21450;9.5;4.1
26;2021-03-18;1586;279;50878;21729;9.8;4.2
26;2021-03-19;2440;333;53318;22062;10.2;4.2
26;2021-03-20;1289;138;54607;22200;10.5;4.3
26;2021-03-21;60;20;54667;22220;10.5;4.3
26;2021-03-22;1843;188;56510;22408;10.9;4.3
26;2021-03-23;2475;256;58985;22664;11.3;4.4
26;2021-03-24;2550;236;61535;22900;11.8;4.4
26;2021-03-25;3039;323;64574;23223;12.4;4.5
26;2021-03-26;3045;339;67619;23562;13.0;4.5
26;2021-03-27;1240;148;68859;23710;13.2;4.6
26;2021-03-28;92;6;68951;23716;13.2;4.6
26;2021-03-29;1902;399;70853;24115;13.6;4.6
26;2021-03-30;2381;537;73234;24652;14.1;4.7
26;2021-03-31;2226;571;75460;25223;14.5;4.8
26;2021-04-01;2271;766;77731;25989;14.9;5.0
26;2021-04-02;2212;972;79943;26961;15.4;5.2
26;2021-04-03;552;1204;80495;28165;15.5;5.4
26;2021-04-04;214;888;80709;29053;15.5;5.6
26;2021-04-05;554;54;81263;29107;15.6;5.6
26;2021-04-06;1486;830;82749;29937;15.9;5.8
26;2021-04-07;1790;897;84539;30834;16.2;5.9
26;2021-04-08;2995;916;87534;31750;16.8;6.1
26;2021-04-09;3411;981;90945;32731;17.5;6.3
26;2021-04-10;1355;914;92300;33645;17.7;6.5
26;2021-04-11;89;35;92389;33680;17.7;6.5
26;2021-04-12;1711;1117;94100;34797;18.1;6.7
26;2021-04-13;2792;1439;96892;36236;18.6;7.0
26;2021-04-14;2205;1456;99097;37692;19.0;7.2
26;2021-04-15;2270;1570;101367;39262;19.5;7.5
26;2021-04-16;2269;1578;103636;40840;19.9;7.8
26;2021-04-17;1097;839;104733;41679;20.1;8.0
26;2021-04-18;34;52;104767;41731;20.1;8.0
26;2021-04-19;1546;1569;106313;43300;20.4;8.3
26;2021-04-20;1797;1723;108110;45023;20.8;8.6
26;2021-04-21;2011;1501;110121;46524;21.2;8.9
26;2021-04-22;2286;1595;112407;48119;21.6;9.2
26;2021-04-23;2007;1621;114414;49740;22.0;9.6
26;2021-04-24;1651;842;116065;50582;22.3;9.7
26;2021-04-25;626;90;116691;50672;22.4;9.7
26;2021-04-26;1376;1601;118067;52273;22.7;10.0
26;2021-04-27;1984;1684;120051;53957;23.1;10.4
26;2021-04-28;1867;1534;121918;55491;23.4;10.7
26;2021-04-29;2867;1877;124785;57368;24.0;11.0
26;2021-04-30;2620;1755;127405;59123;24.5;11.4
26;2021-05-01;1537;379;128942;59502;24.8;11.4
26;2021-05-02;1087;114;130029;59616;25.0;11.5
26;2021-05-03;2201;1782;132230;61398;25.4;11.8
26;2021-05-04;2611;2348;134841;63746;25.9;12.2
26;2021-05-05;2772;2192;137613;65938;26.4;12.7
26;2021-05-06;3319;2207;140932;68145;27.1;13.1
26;2021-05-07;2851;2253;143783;70398;27.6;13.5
26;2021-05-08;1951;625;145734;71023;28.0;13.6
26;2021-05-09;710;124;146444;71147;28.1;13.7
26;2021-05-10;3017;1821;149461;72968;28.7;14.0
26;2021-05-11;4443;2187;153904;75155;29.6;14.4
26;2021-05-12;4826;1681;158730;76836;30.5;14.8
26;2021-05-13;4364;601;163094;77437;31.3;14.9
26;2021-05-14;4641;1544;167735;78981;32.2;15.2
26;2021-05-15;4469;631;172204;79612;33.1;15.3
26;2021-05-16;3630;340;175834;79952;33.8;15.4
26;2021-05-17;3657;1480;179491;81432;34.5;15.6
26;2021-05-18;4473;1740;183964;83172;35.3;16.0
26;2021-05-19;4480;1440;188444;84612;36.2;16.3
26;2021-05-20;4680;1744;193124;86356;37.1;16.6
26;2021-05-21;4726;1797;197850;88153;38.0;16.9
26;2021-05-22;3188;688;201038;88841;38.6;17.1
26;2021-05-23;1597;183;202635;89024;38.9;17.1
26;2021-05-24;3786;743;206421;89767;39.7;17.2
26;2021-05-25;3592;2335;210013;92102;40.3;17.7
26;2021-05-26;4180;2256;214193;94358;41.1;18.1
26;2021-05-27;4216;2462;218409;96820;42.0;18.6
26;2021-05-28;3773;2759;222182;99579;42.7;19.1
26;2021-05-29;3084;1640;225266;101219;43.3;19.4
26;2021-05-30;322;71;225588;101290;43.3;19.5
26;2021-05-31;3081;1854;228669;103144;43.9;19.8
26;2021-06-01;3096;2303;231765;105447;44.5;20.3
26;2021-06-02;2867;2214;234632;107661;45.1;20.7
26;2021-06-03;2849;2487;237481;110148;45.6;21.2
26;2021-06-04;2657;2903;240138;113051;46.1;21.7
26;2021-06-05;1801;1692;241939;114743;46.5;22.0
26;2021-06-06;5;0;241944;114743;46.5;22.0
26;2021-06-07;2346;2424;244290;117167;46.9;22.5
26;2021-06-08;2452;2289;246742;119456;47.4;22.9
26;2021-06-09;2091;2379;248833;121835;47.8;23.4
26;2021-06-10;1972;2758;250805;124593;48.2;23.9
26;2021-06-11;1893;3273;252698;127866;48.5;24.6
26;2021-06-12;1217;1789;253915;129655;48.8;24.9
26;2021-06-13;96;215;254011;129870;48.8;24.9
26;2021-06-14;1414;3496;255425;133366;49.1;25.6
26;2021-06-15;1579;3965;257004;137331;49.4;26.4
26;2021-06-16;1782;3459;258786;140790;49.7;27.0
26;2021-06-17;1505;3171;260291;143961;50.0;27.7
26;2021-06-18;1795;4367;262086;148328;50.3;28.5
26;2021-06-19;933;3180;263019;151508;50.5;29.1
26;2021-06-20;263;875;263282;152383;50.6;29.3
26;2021-06-21;1005;4552;264287;156935;50.8;30.1
26;2021-06-22;1061;5126;265348;162061;51.0;31.1
26;2021-06-23;1161;5079;266509;167140;51.2;32.1
26;2021-06-24;1253;4542;267762;171682;51.4;33.0
26;2021-06-25;1012;5551;268774;177233;51.6;34.0
26;2021-06-26;659;3823;269433;181056;51.8;34.8
26;2021-06-27;300;1273;269733;182329;51.8;35.0
26;2021-06-28;775;4759;270508;187088;52.0;35.9
26;2021-06-29;1094;4966;271602;192054;52.2;36.9
26;2021-06-30;1406;4883;273008;196937;52.4;37.8
26;2021-07-01;1623;4398;274631;201335;52.8;38.7
26;2021-07-02;1318;5167;275949;206502;53.0;39.7
26;2021-07-03;766;3331;276715;209833;53.2;40.3
26;2021-07-04;329;631;277044;210464;53.2;40.4
26;2021-07-05;878;4676;277922;215140;53.4;41.3
26;2021-07-06;1263;4212;279185;219352;53.6;42.1
26;2021-07-07;1405;3800;280590;223152;53.9;42.9
26;2021-07-08;2352;3326;282942;226478;54.4;43.5
26;2021-07-09;1552;4792;284494;231270;54.7;44.4
26;2021-07-10;906;2919;285400;234189;54.8;45.0
26;2021-07-11;335;353;285735;234542;54.9;45.1
26;2021-07-12;1107;4220;286842;238762;55.1;45.9
26;2021-07-13;2302;4339;289144;243101;55.5;46.7
26;2021-07-14;1055;811;290199;243912;55.7;46.9
26;2021-07-15;3152;3639;293351;247551;56.4;47.6
26;2021-07-16;2940;3679;296291;251230;56.9;48.3
26;2021-07-17;1868;1793;298159;253023;57.3;48.6
26;2021-07-18;17;24;298176;253047;57.3;48.6
26;2021-07-19;2707;3250;300883;256297;57.8;49.2
26;2021-07-20;3670;3328;304553;259625;58.5;49.9
26;2021-07-21;3492;3064;308045;262689;59.2;50.5
27;2020-12-27;0;0;0;0;0.0;0.0
27;2020-12-28;0;0;0;0;0.0;0.0
27;2020-12-29;1;0;1;0;0.0;0.0
27;2020-12-30;0;0;1;0;0.0;0.0
27;2020-12-31;0;0;1;0;0.0;0.0
27;2021-01-01;0;0;1;0;0.0;0.0
27;2021-01-02;0;0;1;0;0.0;0.0
27;2021-01-03;1;0;2;0;0.0;0.0
27;2021-01-04;0;0;2;0;0.0;0.0
27;2021-01-05;15;0;17;0;0.0;0.0
27;2021-01-06;161;0;178;0;0.0;0.0
27;2021-01-07;369;0;547;0;0.1;0.0
27;2021-01-08;441;0;988;0;0.2;0.0
27;2021-01-09;72;1;1060;1;0.2;0.0
27;2021-01-10;101;0;1161;1;0.2;0.0
27;2021-01-11;382;0;1543;1;0.3;0.0
27;2021-01-12;409;1;1952;2;0.3;0.0
27;2021-01-13;839;1;2791;3;0.5;0.0
27;2021-01-14;1601;25;4392;28;0.7;0.0
27;2021-01-15;1220;4;5612;32;0.9;0.0
27;2021-01-16;332;2;5944;34;1.0;0.0
27;2021-01-17;204;0;6148;34;1.0;0.0
27;2021-01-18;798;2;6946;36;1.2;0.0
27;2021-01-19;772;2;7718;38;1.3;0.0
27;2021-01-20;870;0;8588;38;1.4;0.0
27;2021-01-21;654;1;9242;39;1.5;0.0
27;2021-01-22;778;3;10020;42;1.7;0.0
27;2021-01-23;350;0;10370;42;1.7;0.0
27;2021-01-24;169;8;10539;50;1.8;0.0
27;2021-01-25;634;16;11173;66;1.9;0.0
27;2021-01-26;460;17;11633;83;1.9;0.0
27;2021-01-27;505;104;12138;187;2.0;0.0
27;2021-01-28;516;298;12654;485;2.1;0.1
27;2021-01-29;507;109;13161;594;2.2;0.1
27;2021-01-30;241;31;13402;625;2.2;0.1
27;2021-01-31;27;24;13429;649;2.2;0.1
27;2021-02-01;348;196;13777;845;2.3;0.1
27;2021-02-02;307;284;14084;1129;2.3;0.2
27;2021-02-03;488;405;14572;1534;2.4;0.3
27;2021-02-04;717;889;15289;2423;2.5;0.4
27;2021-02-05;661;1156;15950;3579;2.7;0.6
27;2021-02-06;125;224;16075;3803;2.7;0.6
27;2021-02-07;25;42;16100;3845;2.7;0.6
27;2021-02-08;310;378;16410;4223;2.7;0.7
27;2021-02-09;340;562;16750;4785;2.8;0.8
27;2021-02-10;302;529;17052;5314;2.8;0.9
27;2021-02-11;318;459;17370;5773;2.9;1.0
27;2021-02-12;229;547;17599;6320;2.9;1.1
27;2021-02-13;152;133;17751;6453;3.0;1.1
27;2021-02-14;6;96;17757;6549;3.0;1.1
27;2021-02-15;388;599;18145;7148;3.0;1.2
27;2021-02-16;295;732;18440;7880;3.1;1.3
27;2021-02-17;247;640;18687;8520;3.1;1.4
27;2021-02-18;362;684;19049;9204;3.2;1.5
27;2021-02-19;218;684;19267;9888;3.2;1.6
27;2021-02-20;129;251;19396;10139;3.2;1.7
27;2021-02-21;12;140;19408;10279;3.2;1.7
27;2021-02-22;483;566;19891;10845;3.3;1.8
27;2021-02-23;497;629;20388;11474;3.4;1.9
27;2021-02-24;542;653;20930;12127;3.5;2.0
27;2021-02-25;843;754;21773;12881;3.6;2.1
27;2021-02-26;954;687;22727;13568;3.8;2.3
27;2021-02-27;406;158;23133;13726;3.9;2.3
27;2021-02-28;171;30;23304;13756;3.9;2.3
27;2021-03-01;484;444;23788;14200;4.0;2.4
27;2021-03-02;763;360;24551;14560;4.1;2.4
27;2021-03-03;851;365;25402;14925;4.2;2.5
27;2021-03-04;883;233;26285;15158;4.4;2.5
27;2021-03-05;1303;232;27588;15390;4.6;2.6
27;2021-03-06;1635;93;29223;15483;4.9;2.6
27;2021-03-07;620;7;29843;15490;5.0;2.6
27;2021-03-08;1205;305;31048;15795;5.2;2.6
27;2021-03-09;1822;261;32870;16056;5.5;2.7
27;2021-03-10;2114;337;34984;16393;5.8;2.7
27;2021-03-11;2142;213;37126;16606;6.2;2.8
27;2021-03-12;2818;174;39944;16780;6.6;2.8
27;2021-03-13;1918;108;41862;16888;7.0;2.8
27;2021-03-14;655;10;42517;16898;7.1;2.8
27;2021-03-15;1549;203;44066;17101;7.3;2.8
27;2021-03-16;1484;230;45550;17331;7.6;2.9
27;2021-03-17;1850;289;47400;17620;7.9;2.9
27;2021-03-18;1683;334;49083;17954;8.2;3.0
27;2021-03-19;1831;165;50914;18119;8.5;3.0
27;2021-03-20;897;37;51811;18156;8.6;3.0
27;2021-03-21;257;2;52068;18158;8.7;3.0
27;2021-03-22;1234;542;53302;18700;8.9;3.1
27;2021-03-23;1626;461;54928;19161;9.1;3.2
27;2021-03-24;1520;469;56448;19630;9.4;3.3
27;2021-03-25;2159;499;58607;20129;9.8;3.4
27;2021-03-26;2527;431;61134;20560;10.2;3.4
27;2021-03-27;1567;196;62701;20756;10.4;3.5
27;2021-03-28;1149;48;63850;20804;10.6;3.5
27;2021-03-29;1375;822;65225;21626;10.9;3.6
27;2021-03-30;1390;843;66615;22469;11.1;3.7
27;2021-03-31;1488;873;68103;23342;11.3;3.9
27;2021-04-01;1956;806;70059;24148;11.7;4.0
27;2021-04-02;2000;1178;72059;25326;12.0;4.2
27;2021-04-03;1559;735;73618;26061;12.3;4.3
27;2021-04-04;977;170;74595;26231;12.4;4.4
27;2021-04-05;282;6;74877;26237;12.5;4.4
27;2021-04-06;1412;1795;76289;28032;12.7;4.7
27;2021-04-07;1320;1742;77609;29774;12.9;5.0
27;2021-04-08;1682;1666;79291;31440;13.2;5.2
27;2021-04-09;2946;1544;82237;32984;13.7;5.5
27;2021-04-10;2035;978;84272;33962;14.0;5.7
27;2021-04-11;946;208;85218;34170;14.2;5.7
27;2021-04-12;2433;1498;87651;35668;14.6;5.9
27;2021-04-13;2390;1542;90041;37210;15.0;6.2
27;2021-04-14;2084;1616;92125;38826;15.3;6.5
27;2021-04-15;1878;1648;94003;40474;15.6;6.7
27;2021-04-16;2751;1107;96754;41581;16.1;6.9
27;2021-04-17;2170;473;98924;42054;16.5;7.0
27;2021-04-18;452;16;99376;42070;16.5;7.0
27;2021-04-19;1710;1165;101086;43235;16.8;7.2
27;2021-04-20;2384;1293;103470;44528;17.2;7.4
27;2021-04-21;2209;1074;105679;45602;17.6;7.6
27;2021-04-22;2181;1407;107860;47009;18.0;7.8
27;2021-04-23;2445;1164;110305;48173;18.4;8.0
27;2021-04-24;3256;1130;113561;49303;18.9;8.2
27;2021-04-25;1128;1040;114689;50343;19.1;8.4
27;2021-04-26;1919;1136;116608;51479;19.4;8.6
27;2021-04-27;2523;1079;119131;52558;19.8;8.7
27;2021-04-28;2390;1308;121521;53866;20.2;9.0
27;2021-04-29;2492;1464;124013;55330;20.6;9.2
27;2021-04-30;2369;1602;126382;56932;21.0;9.5
27;2021-05-01;2638;881;129020;57813;21.5;9.6
27;2021-05-02;1952;886;130972;58699;21.8;9.8
27;2021-05-03;3064;867;134036;59566;22.3;9.9
27;2021-05-04;2781;1634;136817;61200;22.8;10.2
27;2021-05-05;2816;1643;139633;62843;23.2;10.5
27;2021-05-06;3184;1286;142817;64129;23.8;10.7
27;2021-05-07;3321;1999;146138;66128;24.3;11.0
27;2021-05-08;2788;1320;148926;67448;24.8;11.2
27;2021-05-09;1697;295;150623;67743;25.1;11.3
27;2021-05-10;2951;2267;153574;70010;25.6;11.7
27;2021-05-11;3354;1749;156928;71759;26.1;11.9
27;2021-05-12;3457;1721;160385;73480;26.7;12.2
27;2021-05-13;1890;251;162275;73731;27.0;12.3
27;2021-05-14;3877;1782;166152;75513;27.7;12.6
27;2021-05-15;6599;948;172751;76461;28.8;12.7
27;2021-05-16;3668;431;176419;76892;29.4;12.8
27;2021-05-17;2771;1154;179190;78046;29.8;13.0
27;2021-05-18;3844;1282;183034;79328;30.5;13.2
27;2021-05-19;3966;1144;187000;80472;31.1;13.4
27;2021-05-20;3874;1160;190874;81632;31.8;13.6
27;2021-05-21;3962;1793;194836;83425;32.4;13.9
27;2021-05-22;4360;789;199196;84214;33.2;14.0
27;2021-05-23;800;173;199996;84387;33.3;14.0
27;2021-05-24;1490;337;201486;84724;33.5;14.1
27;2021-05-25;3514;1601;205000;86325;34.1;14.4
27;2021-05-26;3851;1733;208851;88058;34.8;14.7
27;2021-05-27;3784;1485;212635;89543;35.4;14.9
27;2021-05-28;3396;2626;216031;92169;36.0;15.3
27;2021-05-29;4822;2292;220853;94461;36.8;15.7
27;2021-05-30;1118;248;221971;94709;37.0;15.8
27;2021-05-31;3465;2273;225436;96982;37.5;16.1
27;2021-06-01;3813;2243;229249;99225;38.2;16.5
27;2021-06-02;3338;2181;232587;101406;38.7;16.9
27;2021-06-03;4431;2121;237018;103527;39.5;17.2
27;2021-06-04;3601;2966;240619;106493;40.1;17.7
27;2021-06-05;3210;3342;243829;109835;40.6;18.3
27;2021-06-06;2004;1011;245833;110846;40.9;18.5
27;2021-06-07;2564;2353;248397;113199;41.4;18.8
27;2021-06-08;3112;2366;251509;115565;41.9;19.2
27;2021-06-09;2301;2471;253810;118036;42.3;19.7
27;2021-06-10;2430;2034;256240;120070;42.7;20.0
27;2021-06-11;2886;3766;259126;123836;43.1;20.6
27;2021-06-12;1982;4189;261108;128025;43.5;21.3
27;2021-06-13;1080;2686;262188;130711;43.6;21.8
27;2021-06-14;1989;3112;264177;133823;44.0;22.3
27;2021-06-15;2683;3019;266860;136842;44.4;22.8
27;2021-06-16;2499;3260;269359;140102;44.8;23.3
27;2021-06-17;2290;3286;271649;143388;45.2;23.9
27;2021-06-18;2732;4419;274381;147807;45.7;24.6
27;2021-06-19;1856;3385;276237;151192;46.0;25.2
27;2021-06-20;608;713;276845;151905;46.1;25.3
27;2021-06-21;1696;3492;278541;155397;46.4;25.9
27;2021-06-22;2376;3724;280917;159121;46.8;26.5
27;2021-06-23;2066;3565;282983;162686;47.1;27.1
27;2021-06-24;2249;3424;285232;166110;47.5;27.7
27;2021-06-25;1924;4457;287156;170567;47.8;28.4
27;2021-06-26;880;5356;288036;175923;48.0;29.3
27;2021-06-27;376;1426;288412;177349;48.0;29.5
27;2021-06-28;1127;3408;289539;180757;48.2;30.1
27;2021-06-29;1687;4368;291226;185125;48.5;30.8
27;2021-06-30;2098;4096;293324;189221;48.8;31.5
27;2021-07-01;2211;3897;295535;193118;49.2;32.1
27;2021-07-02;1576;4623;297111;197741;49.5;32.9
27;2021-07-03;1276;4746;298387;202487;49.7;33.7
27;2021-07-04;504;1404;298891;203891;49.8;33.9
27;2021-07-05;1416;3527;300307;207418;50.0;34.5
27;2021-07-06;1363;4179;301670;211597;50.2;35.2
27;2021-07-07;1750;4893;303420;216490;50.5;36.0
27;2021-07-08;2066;4329;305486;220819;50.9;36.8
27;2021-07-09;1981;5281;307467;226100;51.2;37.6
27;2021-07-10;1163;4171;308630;230271;51.4;38.3
27;2021-07-11;424;1142;309054;231413;51.5;38.5
27;2021-07-12;1239;4371;310293;235784;51.7;39.3
27;2021-07-13;2754;5350;313047;241134;52.1;40.1
27;2021-07-14;1513;1744;314560;242878;52.4;40.4
27;2021-07-15;3027;5458;317587;248336;52.9;41.3
27;2021-07-16;3800;5271;321387;253607;53.5;42.2
27;2021-07-17;2720;3865;324107;257472;54.0;42.9
27;2021-07-18;549;1259;324656;258731;54.0;43.1
27;2021-07-19;3676;3781;328332;262512;54.7;43.7
27;2021-07-20;3420;3567;331752;266079;55.2;44.3
27;2021-07-21;4223;3876;335975;269955;55.9;44.9
28;2020-12-27;0;0;0;0;0.0;0.0
28;2020-12-28;0;0;0;0;0.0;0.0
28;2020-12-29;0;0;0;0;0.0;0.0
28;2020-12-30;0;0;0;0;0.0;0.0
28;2020-12-31;0;0;0;0;0.0;0.0
28;2021-01-01;1;0;1;0;0.0;0.0
28;2021-01-02;0;0;1;0;0.0;0.0
28;2021-01-03;0;0;1;0;0.0;0.0
28;2021-01-04;0;0;1;0;0.0;0.0
28;2021-01-05;5;0;6;0;0.0;0.0
28;2021-01-06;84;0;90;0;0.0;0.0
28;2021-01-07;102;0;192;0;0.0;0.0
28;2021-01-08;134;2;326;2;0.1;0.0
28;2021-01-09;78;0;404;2;0.1;0.0
28;2021-01-10;1;0;405;2;0.1;0.0
28;2021-01-11;204;0;609;2;0.1;0.0
28;2021-01-12;265;2;874;4;0.2;0.0
28;2021-01-13;398;2;1272;6;0.3;0.0
28;2021-01-14;447;5;1719;11;0.4;0.0
28;2021-01-15;374;2;2093;13;0.5;0.0
28;2021-01-16;206;2;2299;15;0.5;0.0
28;2021-01-17;21;0;2320;15;0.5;0.0
28;2021-01-18;372;2;2692;17;0.6;0.0
28;2021-01-19;503;2;3195;19;0.7;0.0
28;2021-01-20;636;1;3831;20;0.9;0.0
28;2021-01-21;797;2;4628;22;1.1;0.0
28;2021-01-22;476;1;5104;23;1.2;0.0
28;2021-01-23;352;0;5456;23;1.3;0.0
28;2021-01-24;1;0;5457;23;1.3;0.0
28;2021-01-25;455;2;5912;25;1.4;0.0
28;2021-01-26;717;4;6629;29;1.5;0.0
28;2021-01-27;1209;46;7838;75;1.8;0.0
28;2021-01-28;1585;90;9423;165;2.2;0.0
28;2021-01-29;896;96;10319;261;2.4;0.1
28;2021-01-30;248;53;10567;314;2.5;0.1
28;2021-01-31;3;22;10570;336;2.5;0.1
28;2021-02-01;324;124;10894;460;2.5;0.1
28;2021-02-02;368;240;11262;700;2.6;0.2
28;2021-02-03;472;259;11734;959;2.7;0.2
28;2021-02-04;525;278;12259;1237;2.9;0.3
28;2021-02-05;435;224;12694;1461;3.0;0.3
28;2021-02-06;197;128;12891;1589;3.0;0.4
28;2021-02-07;0;0;12891;1589;3.0;0.4
28;2021-02-08;331;250;13222;1839;3.1;0.4
28;2021-02-09;280;347;13502;2186;3.1;0.5
28;2021-02-10;441;403;13943;2589;3.2;0.6
28;2021-02-11;563;490;14506;3079;3.4;0.7
28;2021-02-12;452;435;14958;3514;3.5;0.8
28;2021-02-13;181;192;15139;3706;3.5;0.9
28;2021-02-14;0;2;15139;3708;3.5;0.9
28;2021-02-15;280;476;15419;4184;3.6;1.0
28;2021-02-16;395;713;15814;4897;3.7;1.1
28;2021-02-17;581;1144;16395;6041;3.8;1.4
28;2021-02-18;663;1401;17058;7442;4.0;1.7
28;2021-02-19;545;763;17603;8205;4.1;1.9
28;2021-02-20;114;144;17717;8349;4.1;1.9
28;2021-02-21;7;33;17724;8382;4.1;2.0
28;2021-02-22;223;522;17947;8904;4.2;2.1
28;2021-02-23;203;378;18150;9282;4.2;2.2
28;2021-02-24;244;480;18394;9762;4.3;2.3
28;2021-02-25;573;449;18967;10211;4.4;2.4
28;2021-02-26;763;375;19730;10586;4.6;2.5
28;2021-02-27;264;86;19994;10672;4.7;2.5
28;2021-02-28;23;17;20017;10689;4.7;2.5
28;2021-03-01;287;212;20304;10901;4.7;2.5
28;2021-03-02;395;277;20699;11178;4.8;2.6
28;2021-03-03;368;401;21067;11579;4.9;2.7
28;2021-03-04;718;487;21785;12066;5.1;2.8
28;2021-03-05;1320;414;23105;12480;5.4;2.9
28;2021-03-06;1996;79;25101;12559;5.8;2.9
28;2021-03-07;974;20;26075;12579;6.1;2.9
28;2021-03-08;397;307;26472;12886;6.2;3.0
28;2021-03-09;980;351;27452;13237;6.4;3.1
28;2021-03-10;1356;540;28808;13777;6.7;3.2
28;2021-03-11;1530;692;30338;14469;7.1;3.4
28;2021-03-12;2257;629;32595;15098;7.6;3.5
28;2021-03-13;1235;130;33830;15228;7.9;3.5
28;2021-03-14;518;16;34348;15244;8.0;3.5
28;2021-03-15;755;228;35103;15472;8.2;3.6
28;2021-03-16;714;220;35817;15692;8.3;3.7
28;2021-03-17;747;284;36564;15976;8.5;3.7
28;2021-03-18;1195;278;37759;16254;8.8;3.8
28;2021-03-19;1559;322;39318;16576;9.2;3.9
28;2021-03-20;639;19;39957;16595;9.3;3.9
28;2021-03-21;28;6;39985;16601;9.3;3.9
28;2021-03-22;766;320;40751;16921;9.5;3.9
28;2021-03-23;1024;185;41775;17106;9.7;4.0
28;2021-03-24;1312;274;43087;17380;10.0;4.0
28;2021-03-25;1786;281;44873;17661;10.4;4.1
28;2021-03-26;2081;336;46954;17997;10.9;4.2
28;2021-03-27;403;37;47357;18034;11.0;4.2
28;2021-03-28;10;0;47367;18034;11.0;4.2
28;2021-03-29;1138;344;48505;18378;11.3;4.3
28;2021-03-30;1713;237;50218;18615;11.7;4.3
28;2021-03-31;2013;459;52231;19074;12.2;4.4
28;2021-04-01;1786;578;54017;19652;12.6;4.6
28;2021-04-02;1584;1314;55601;20966;12.9;4.9
28;2021-04-03;608;1073;56209;22039;13.1;5.1
28;2021-04-04;33;302;56242;22341;13.1;5.2
28;2021-04-05;40;3;56282;22344;13.1;5.2
28;2021-04-06;1227;457;57509;22801;13.4;5.3
28;2021-04-07;1890;999;59399;23800;13.8;5.5
28;2021-04-08;2073;1060;61472;24860;14.3;5.8
28;2021-04-09;3233;908;64705;25768;15.1;6.0
28;2021-04-10;1582;191;66287;25959;15.4;6.0
28;2021-04-11;139;452;66426;26411;15.5;6.2
28;2021-04-12;1674;552;68100;26963;15.9;6.3
28;2021-04-13;1874;660;69974;27623;16.3;6.4
28;2021-04-14;2771;894;72745;28517;16.9;6.6
28;2021-04-15;2543;1132;75288;29649;17.5;6.9
28;2021-04-16;2551;787;77839;30436;18.1;7.1
28;2021-04-17;2306;125;80145;30561;18.7;7.1
28;2021-04-18;45;8;80190;30569;18.7;7.1
28;2021-04-19;1577;645;81767;31214;19.0;7.3
28;2021-04-20;1840;585;83607;31799;19.5;7.4
28;2021-04-21;2678;955;86285;32754;20.1;7.6
28;2021-04-22;1782;1202;88067;33956;20.5;7.9
28;2021-04-23;2317;1095;90384;35051;21.0;8.2
28;2021-04-24;3651;117;94035;35168;21.9;8.2
28;2021-04-25;1011;22;95046;35190;22.1;8.2
28;2021-04-26;1330;918;96376;36108;22.4;8.4
28;2021-04-27;1435;1266;97811;37374;22.8;8.7
28;2021-04-28;2370;1809;100181;39183;23.3;9.1
28;2021-04-29;2130;1476;102311;40659;23.8;9.5
28;2021-04-30;2972;1199;105283;41858;24.5;9.7
28;2021-05-01;127;120;105410;41978;24.5;9.8
28;2021-05-02;2;65;105412;42043;24.5;9.8
28;2021-05-03;1045;1014;106457;43057;24.8;10.0
28;2021-05-04;1361;1667;107818;44724;25.1;10.4
28;2021-05-05;2830;1643;110648;46367;25.8;10.8
28;2021-05-06;2457;1469;113105;47836;26.3;11.1
28;2021-05-07;2310;1935;115415;49771;26.9;11.6
28;2021-05-08;1077;111;116492;49882;27.1;11.6
28;2021-05-09;104;610;116596;50492;27.2;11.8
28;2021-05-10;1305;1889;117901;52381;27.5;12.2
28;2021-05-11;2030;2345;119931;54726;27.9;12.7
28;2021-05-12;2620;3227;122551;57953;28.5;13.5
28;2021-05-13;289;451;122840;58404;28.6;13.6
28;2021-05-14;1899;1612;124739;60016;29.0;14.0
28;2021-05-15;1436;1675;126175;61691;29.4;14.4
28;2021-05-16;1984;126;128159;61817;29.8;14.4
28;2021-05-17;2875;1493;131034;63310;30.5;14.7
28;2021-05-18;3377;1376;134411;64686;31.3;15.1
28;2021-05-19;5073;1280;139484;65966;32.5;15.4
28;2021-05-20;4148;1229;143632;67195;33.4;15.6
28;2021-05-21;3463;1573;147095;68768;34.3;16.0
28;2021-05-22;725;1161;147820;69929;34.4;16.3
28;2021-05-23;1955;134;149775;70063;34.9;16.3
28;2021-05-24;1427;394;151202;70457;35.2;16.4
28;2021-05-25;1875;1407;153077;71864;35.6;16.7
28;2021-05-26;2766;1340;155843;73204;36.3;17.0
28;2021-05-27;2755;1227;158598;74431;36.9;17.3
28;2021-05-28;3083;1734;161681;76165;37.7;17.7
28;2021-05-29;1866;869;163547;77034;38.1;17.9
28;2021-05-30;16;47;163563;77081;38.1;17.9
28;2021-05-31;2012;936;165575;78017;38.6;18.2
28;2021-06-01;2133;1662;167708;79679;39.1;18.6
28;2021-06-02;2070;2453;169778;82132;39.5;19.1
28;2021-06-03;2497;1563;172275;83695;40.1;19.5
28;2021-06-04;2608;2341;174883;86036;40.7;20.0
28;2021-06-05;1911;2525;176794;88561;41.2;20.6
28;2021-06-06;1060;1041;177854;89602;41.4;20.9
28;2021-06-07;3572;1570;181426;91172;42.2;21.2
28;2021-06-08;3192;1514;184618;92686;43.0;21.6
28;2021-06-09;3674;2126;188292;94812;43.8;22.1
28;2021-06-10;3137;1267;191429;96079;44.6;22.4
28;2021-06-11;3788;2130;195217;98209;45.5;22.9
28;2021-06-12;1301;558;196518;98767;45.8;23.0
28;2021-06-13;385;107;196903;98874;45.9;23.0
28;2021-06-14;2201;1995;199104;100869;46.4;23.5
28;2021-06-15;2086;2221;201190;103090;46.9;24.0
28;2021-06-16;2502;3975;203692;107065;47.4;24.9
28;2021-06-17;1914;3130;205606;110195;47.9;25.7
28;2021-06-18;2452;3780;208058;113975;48.5;26.5
28;2021-06-19;774;1612;208832;115587;48.6;26.9
28;2021-06-20;23;21;208855;115608;48.6;26.9
28;2021-06-21;1682;1983;210537;117591;49.0;27.4
28;2021-06-22;1362;2111;211899;119702;49.3;27.9
28;2021-06-23;1773;3162;213672;122864;49.8;28.6
28;2021-06-24;712;930;214384;123794;49.9;28.8
28;2021-06-25;1845;3026;216229;126820;50.4;29.5
28;2021-06-26;311;2122;216540;128942;50.4;30.0
28;2021-06-27;587;1284;217127;130226;50.6;30.3
28;2021-06-28;1205;3659;218332;133885;50.8;31.2
28;2021-06-29;1321;3799;219653;137684;51.2;32.1
28;2021-06-30;1481;4251;221134;141935;51.5;33.1
28;2021-07-01;1218;3465;222352;145400;51.8;33.9
28;2021-07-02;1308;4660;223660;150060;52.1;34.9
28;2021-07-03;1125;2368;224785;152428;52.3;35.5
28;2021-07-04;144;1324;224929;153752;52.4;35.8
28;2021-07-05;1351;2510;226280;156262;52.7;36.4
28;2021-07-06;1500;2866;227780;159128;53.0;37.1
28;2021-07-07;1634;4144;229414;163272;53.4;38.0
28;2021-07-08;1459;3232;230873;166504;53.8;38.8
28;2021-07-09;1388;4525;232261;171029;54.1;39.8
28;2021-07-10;521;2207;232782;173236;54.2;40.3
28;2021-07-11;1;1;232783;173237;54.2;40.3
28;2021-07-12;1521;3937;234304;177174;54.6;41.3
28;2021-07-13;2250;4136;236554;181310;55.1;42.2
28;2021-07-14;1328;1392;237882;182702;55.4;42.5
28;2021-07-15;2968;3969;240850;186671;56.1;43.5
28;2021-07-16;2438;4757;243288;191428;56.7;44.6
28;2021-07-17;1239;2411;244527;193839;56.9;45.1
28;2021-07-18;371;933;244898;194772;57.0;45.4
28;2021-07-19;1796;4330;246694;199102;57.4;46.4
28;2021-07-20;2463;4074;249157;203176;58.0;47.3
28;2021-07-21;2948;4259;252105;207435;58.7;48.3
29;2020-12-27;0;0;0;0;0.0;0.0
29;2020-12-28;0;0;0;0;0.0;0.0
29;2020-12-29;0;0;0;0;0.0;0.0
29;2020-12-30;0;0;0;0;0.0;0.0
29;2020-12-31;0;0;0;0;0.0;0.0
29;2021-01-01;0;0;0;0;0.0;0.0
29;2021-01-02;0;0;0;0;0.0;0.0
29;2021-01-03;1;0;1;0;0.0;0.0
29;2021-01-04;30;0;31;0;0.0;0.0
29;2021-01-05;31;0;62;0;0.0;0.0
29;2021-01-06;43;0;105;0;0.0;0.0
29;2021-01-07;133;0;238;0;0.0;0.0
29;2021-01-08;408;0;646;0;0.1;0.0
29;2021-01-09;1;0;647;0;0.1;0.0
29;2021-01-10;2;0;649;0;0.1;0.0
29;2021-01-11;666;0;1315;0;0.1;0.0
29;2021-01-12;1120;0;2435;0;0.3;0.0
29;2021-01-13;1097;2;3532;2;0.4;0.0
29;2021-01-14;892;4;4424;6;0.5;0.0
29;2021-01-15;1214;8;5638;14;0.6;0.0
29;2021-01-16;168;1;5806;15;0.6;0.0
29;2021-01-17;111;1;5917;16;0.7;0.0
29;2021-01-18;838;2;6755;18;0.7;0.0
29;2021-01-19;1285;0;8040;18;0.9;0.0
29;2021-01-20;2386;2;10426;20;1.2;0.0
29;2021-01-21;5492;1;15918;21;1.8;0.0
29;2021-01-22;3742;3;19660;24;2.2;0.0
29;2021-01-23;537;0;20197;24;2.2;0.0
29;2021-01-24;199;1;20396;25;2.2;0.0
29;2021-01-25;571;7;20967;32;2.3;0.0
29;2021-01-26;949;33;21916;65;2.4;0.0
29;2021-01-27;1281;54;23197;119;2.6;0.0
29;2021-01-28;799;136;23996;255;2.6;0.0
29;2021-01-29;775;206;24771;461;2.7;0.1
29;2021-01-30;280;4;25051;465;2.8;0.1
29;2021-01-31;78;4;25129;469;2.8;0.1
29;2021-02-01;429;451;25558;920;2.8;0.1
29;2021-02-02;875;825;26433;1745;2.9;0.2
29;2021-02-03;811;894;27244;2639;3.0;0.3
29;2021-02-04;864;642;28108;3281;3.1;0.4
29;2021-02-05;672;585;28780;3866;3.2;0.4
29;2021-02-06;243;102;29023;3968;3.2;0.4
29;2021-02-07;78;105;29101;4073;3.2;0.4
29;2021-02-08;382;449;29483;4522;3.3;0.5
29;2021-02-09;860;853;30343;5375;3.3;0.6
29;2021-02-10;1144;1020;31487;6395;3.5;0.7
29;2021-02-11;1771;4159;33258;10554;3.7;1.2
29;2021-02-12;2304;2505;35562;13059;3.9;1.4
29;2021-02-13;636;414;36198;13473;4.0;1.5
29;2021-02-14;12;229;36210;13702;4.0;1.5
29;2021-02-15;266;951;36476;14653;4.0;1.6
29;2021-02-16;882;1061;37358;15714;4.1;1.7
29;2021-02-17;800;860;38158;16574;4.2;1.8
29;2021-02-18;1527;850;39685;17424;4.4;1.9
29;2021-02-19;1409;1007;41094;18431;4.5;2.0
29;2021-02-20;204;369;41298;18800;4.6;2.1
29;2021-02-21;161;169;41459;18969;4.6;2.1
29;2021-02-22;774;562;42233;19531;4.7;2.2
29;2021-02-23;1267;910;43500;20441;4.8;2.3
29;2021-02-24;1467;840;44967;21281;5.0;2.3
29;2021-02-25;2498;905;47465;22186;5.2;2.4
29;2021-02-26;2670;713;50135;22899;5.5;2.5
29;2021-02-27;1283;279;51418;23178;5.7;2.6
29;2021-02-28;198;72;51616;23250;5.7;2.6
29;2021-03-01;942;489;52558;23739;5.8;2.6
29;2021-03-02;1809;796;54367;24535;6.0;2.7
29;2021-03-03;2084;1020;56451;25555;6.2;2.8
29;2021-03-04;2838;1556;59289;27111;6.5;3.0
29;2021-03-05;3532;1669;62821;28780;6.9;3.2
29;2021-03-06;1998;437;64819;29217;7.2;3.2
29;2021-03-07;412;81;65231;29298;7.2;3.2
29;2021-03-08;1273;590;66504;29888;7.3;3.3
29;2021-03-09;2598;981;69102;30869;7.6;3.4
29;2021-03-10;2422;882;71524;31751;7.9;3.5
29;2021-03-11;4501;1000;76025;32751;8.4;3.6
29;2021-03-12;5267;956;81292;33707;9.0;3.7
29;2021-03-13;2820;402;84112;34109;9.3;3.8
29;2021-03-14;363;1;84475;34110;9.3;3.8
29;2021-03-15;2050;269;86525;34379;9.5;3.8
29;2021-03-16;1818;764;88343;35143;9.7;3.9
29;2021-03-17;1857;728;90200;35871;9.9;4.0
29;2021-03-18;1858;1055;92058;36926;10.2;4.1
29;2021-03-19;3257;900;95315;37826;10.5;4.2
29;2021-03-20;1908;222;97223;38048;10.7;4.2
29;2021-03-21;131;11;97354;38059;10.7;4.2
29;2021-03-22;1641;557;98995;38616;10.9;4.3
29;2021-03-23;3438;1027;102433;39643;11.3;4.4
29;2021-03-24;3772;1026;106205;40669;11.7;4.5
29;2021-03-25;4813;1069;111018;41738;12.2;4.6
29;2021-03-26;5418;1161;116436;42899;12.8;4.7
29;2021-03-27;2427;343;118863;43242;13.1;4.8
29;2021-03-28;197;72;119060;43314;13.1;4.8
29;2021-03-29;2039;824;121099;44138;13.4;4.9
29;2021-03-30;3967;1324;125066;45462;13.8;5.0
29;2021-03-31;3923;1147;128989;46609;14.2;5.1
29;2021-04-01;5011;1141;134000;47750;14.8;5.3
29;2021-04-02;4756;1164;138756;48914;15.3;5.4
29;2021-04-03;2499;538;141255;49452;15.6;5.5
29;2021-04-04;146;30;141401;49482;15.6;5.5
29;2021-04-05;968;329;142369;49811;15.7;5.5
29;2021-04-06;3184;1236;145553;51047;16.1;5.6
29;2021-04-07;3645;938;149198;51985;16.5;5.7
29;2021-04-08;5223;2055;154421;54040;17.0;6.0
29;2021-04-09;6746;1558;161167;55598;17.8;6.1
29;2021-04-10;3492;701;164659;56299;18.2;6.2
29;2021-04-11;120;80;164779;56379;18.2;6.2
29;2021-04-12;3820;1482;168599;57861;18.6;6.4
29;2021-04-13;5846;1748;174445;59609;19.2;6.6
29;2021-04-14;4752;1742;179197;61351;19.8;6.8
29;2021-04-15;7151;1731;186348;63082;20.6;7.0
29;2021-04-16;6695;1340;193043;64422;21.3;7.1
29;2021-04-17;3820;962;196863;65384;21.7;7.2
29;2021-04-18;487;40;197350;65424;21.8;7.2
29;2021-04-19;3878;1458;201228;66882;22.2;7.4
29;2021-04-20;4387;2136;205615;69018;22.7;7.6
29;2021-04-21;4367;2194;209982;71212;23.2;7.9
29;2021-04-22;6641;2850;216623;74062;23.9;8.2
29;2021-04-23;6029;2184;222652;76246;24.6;8.4
29;2021-04-24;3999;1309;226651;77555;25.0;8.6
29;2021-04-25;431;169;227082;77724;25.0;8.6
29;2021-04-26;5254;1865;232336;79589;25.6;8.8
29;2021-04-27;5330;3194;237666;82783;26.2;9.1
29;2021-04-28;5348;2896;243014;85679;26.8;9.5
29;2021-04-29;6573;3344;249587;89023;27.5;9.8
29;2021-04-30;6247;3902;255834;92925;28.2;10.3
29;2021-05-01;1979;978;257813;93903;28.4;10.4
29;2021-05-02;1246;194;259059;94097;28.6;10.4
29;2021-05-03;4532;2282;263591;96379;29.1;10.6
29;2021-05-04;4103;3735;267694;100114;29.5;11.0
29;2021-05-05;4511;3408;272205;103522;30.0;11.4
29;2021-05-06;6228;3709;278433;107231;30.7;11.8
29;2021-05-07;5977;4617;284410;111848;31.4;12.3
29;2021-05-08;2090;564;286500;112412;31.6;12.4
29;2021-05-09;1724;137;288224;112549;31.8;12.4
29;2021-05-10;4759;3763;292983;116312;32.3;12.8
29;2021-05-11;4709;4983;297692;121295;32.8;13.4
29;2021-05-12;5019;4355;302711;125650;33.4;13.9
29;2021-05-13;3434;1499;306145;127149;33.8;14.0
29;2021-05-14;5647;3997;311792;131146;34.4;14.5
29;2021-05-15;4044;2314;315836;133460;34.8;14.7
29;2021-05-16;1583;294;317419;133754;35.0;14.8
29;2021-05-17;5555;3126;322974;136880;35.6;15.1
29;2021-05-18;5734;3093;328708;139973;36.3;15.4
29;2021-05-19;6200;2962;334908;142935;36.9;15.8
29;2021-05-20;7156;4549;342064;147484;37.7;16.3
29;2021-05-21;7206;3808;349270;151292;38.5;16.7
29;2021-05-22;5331;2125;354601;153417;39.1;16.9
29;2021-05-23;1628;65;356229;153482;39.3;16.9
29;2021-05-24;3486;532;359715;154014;39.7;17.0
29;2021-05-25;5822;3013;365537;157027;40.3;17.3
29;2021-05-26;5885;2964;371422;159991;41.0;17.6
29;2021-05-27;6819;3986;378241;163977;41.7;18.1
29;2021-05-28;6538;4450;384779;168427;42.4;18.6
29;2021-05-29;4379;2805;389158;171232;42.9;18.9
29;2021-05-30;1114;359;390272;171591;43.1;18.9
29;2021-05-31;6384;3452;396656;175043;43.8;19.3
29;2021-06-01;6597;4341;403253;179384;44.5;19.8
29;2021-06-02;6153;4122;409406;183506;45.2;20.2
29;2021-06-03;7687;4507;417093;188013;46.0;20.7
29;2021-06-04;6807;6158;423900;194171;46.8;21.4
29;2021-06-05;5348;3035;429248;197206;47.3;21.8
29;2021-06-06;1278;537;430526;197743;47.5;21.8
29;2021-06-07;4653;5561;435179;203304;48.0;22.4
29;2021-06-08;7161;5204;442340;208508;48.8;23.0
29;2021-06-09;6404;4743;448744;213251;49.5;23.5
29;2021-06-10;7751;5053;456495;218304;50.4;24.1
29;2021-06-11;8444;5871;464939;224175;51.3;24.7
29;2021-06-12;6539;2801;471478;226976;52.0;25.0
29;2021-06-13;2340;1370;473818;228346;52.3;25.2
29;2021-06-14;4012;6297;477830;234643;52.7;25.9
29;2021-06-15;5446;6142;483276;240785;53.3;26.6
29;2021-06-16;5539;5608;488815;246393;53.9;27.2
29;2021-06-17;6326;6289;495141;252682;54.6;27.9
29;2021-06-18;6086;7490;501227;260172;55.3;28.7
29;2021-06-19;4604;3526;505831;263698;55.8;29.1
29;2021-06-20;883;1457;506714;265155;55.9;29.2
29;2021-06-21;3729;6497;510443;271652;56.3;30.0
29;2021-06-22;4456;6429;514899;278081;56.8;30.7
29;2021-06-23;4621;6136;519520;284217;57.3;31.4
29;2021-06-24;4767;6741;524287;290958;57.8;32.1
29;2021-06-25;3578;7538;527865;298496;58.2;32.9
29;2021-06-26;2105;4100;529970;302596;58.5;33.4
29;2021-06-27;964;1632;530934;304228;58.6;33.6
29;2021-06-28;2805;6880;533739;311108;58.9;34.3
29;2021-06-29;2755;7738;536494;318846;59.2;35.2
29;2021-06-30;3006;7525;539500;326371;59.5;36.0
29;2021-07-01;3700;8425;543200;334796;59.9;36.9
29;2021-07-02;3575;9676;546775;344472;60.3;38.0
29;2021-07-03;2309;6070;549084;350542;60.6;38.7
29;2021-07-04;801;1772;549885;352314;60.7;38.9
29;2021-07-05;1886;7171;551771;359485;60.9;39.7
29;2021-07-06;1520;8027;553291;367512;61.0;40.5
29;2021-07-07;1682;7047;554973;374559;61.2;41.3
29;2021-07-08;2414;8213;557387;382772;61.5;42.2
29;2021-07-09;2539;9091;559926;391863;61.8;43.2
29;2021-07-10;1906;6110;561832;397973;62.0;43.9
29;2021-07-11;434;1065;562266;399038;62.0;44.0
29;2021-07-12;1949;8385;564215;407423;62.2;44.9
29;2021-07-13;2717;8654;566932;416077;62.5;45.9
29;2021-07-14;2064;3364;568996;419441;62.8;46.3
29;2021-07-15;3792;9731;572788;429172;63.2;47.3
29;2021-07-16;4559;9194;577347;438366;63.7;48.4
29;2021-07-17;3202;6109;580549;444475;64.0;49.0
29;2021-07-18;662;1077;581211;445552;64.1;49.1
29;2021-07-19;3122;7555;584333;453107;64.5;50.0
29;2021-07-20;3504;9436;587837;462543;64.8;51.0
29;2021-07-21;3581;7716;591418;470259;65.2;51.9
2A;2020-12-27;0;0;0;0;0.0;0.0
2A;2020-12-28;0;0;0;0;0.0;0.0
2A;2020-12-29;0;0;0;0;0.0;0.0
2A;2020-12-30;0;0;0;0;0.0;0.0
2A;2020-12-31;0;0;0;0;0.0;0.0
2A;2021-01-01;0;0;0;0;0.0;0.0
2A;2021-01-02;0;0;0;0;0.0;0.0
2A;2021-01-03;0;0;0;0;0.0;0.0
2A;2021-01-04;0;0;0;0;0.0;0.0
2A;2021-01-05;0;0;0;0;0.0;0.0
2A;2021-01-06;5;0;5;0;0.0;0.0
2A;2021-01-07;122;1;127;1;0.1;0.0
2A;2021-01-08;113;0;240;1;0.1;0.0
2A;2021-01-09;39;0;279;1;0.2;0.0
2A;2021-01-10;33;0;312;1;0.2;0.0
2A;2021-01-11;76;0;388;1;0.2;0.0
2A;2021-01-12;84;0;472;1;0.3;0.0
2A;2021-01-13;110;0;582;1;0.4;0.0
2A;2021-01-14;192;1;774;2;0.5;0.0
2A;2021-01-15;149;0;923;2;0.6;0.0
2A;2021-01-16;157;1;1080;3;0.7;0.0
2A;2021-01-17;84;1;1164;4;0.7;0.0
2A;2021-01-18;201;2;1365;6;0.8;0.0
2A;2021-01-19;486;0;1851;6;1.1;0.0
2A;2021-01-20;352;0;2203;6;1.4;0.0
2A;2021-01-21;451;1;2654;7;1.6;0.0
2A;2021-01-22;365;0;3019;7;1.9;0.0
2A;2021-01-23;183;0;3202;7;2.0;0.0
2A;2021-01-24;118;0;3320;7;2.0;0.0
2A;2021-01-25;213;0;3533;7;2.2;0.0
2A;2021-01-26;402;6;3935;13;2.4;0.0
2A;2021-01-27;322;5;4257;18;2.6;0.0
2A;2021-01-28;335;80;4592;98;2.8;0.1
2A;2021-01-29;339;64;4931;162;3.0;0.1
2A;2021-01-30;124;41;5055;203;3.1;0.1
2A;2021-01-31;90;12;5145;215;3.2;0.1
2A;2021-02-01;229;53;5374;268;3.3;0.2
2A;2021-02-02;287;118;5661;386;3.5;0.2
2A;2021-02-03;264;75;5925;461;3.6;0.3
2A;2021-02-04;256;121;6181;582;3.8;0.4
2A;2021-02-05;267;106;6448;688;4.0;0.4
2A;2021-02-06;120;60;6568;748;4.0;0.5
2A;2021-02-07;67;58;6635;806;4.1;0.5
2A;2021-02-08;91;209;6726;1015;4.1;0.6
2A;2021-02-09;126;301;6852;1316;4.2;0.8
2A;2021-02-10;158;236;7010;1552;4.3;1.0
2A;2021-02-11;296;369;7306;1921;4.5;1.2
2A;2021-02-12;345;304;7651;2225;4.7;1.4
2A;2021-02-13;224;59;7875;2284;4.8;1.4
2A;2021-02-14;133;77;8008;2361;4.9;1.5
2A;2021-02-15;190;182;8198;2543;5.0;1.6
2A;2021-02-16;380;321;8578;2864;5.3;1.8
2A;2021-02-17;281;165;8859;3029;5.5;1.9
2A;2021-02-18;335;199;9194;3228;5.7;2.0
2A;2021-02-19;146;300;9340;3528;5.8;2.2
2A;2021-02-20;243;136;9583;3664;5.9;2.3
2A;2021-02-21;58;55;9641;3719;5.9;2.3
2A;2021-02-22;77;215;9718;3934;6.0;2.4
2A;2021-02-23;122;290;9840;4224;6.1;2.6
2A;2021-02-24;71;297;9911;4521;6.1;2.8
2A;2021-02-25;104;266;10015;4787;6.2;2.9
2A;2021-02-26;123;273;10138;5060;6.2;3.1
2A;2021-02-27;308;68;10446;5128;6.4;3.2
2A;2021-02-28;69;66;10515;5194;6.5;3.2
2A;2021-03-01;116;152;10631;5346;6.5;3.3
2A;2021-03-02;198;266;10829;5612;6.7;3.5
2A;2021-03-03;236;256;11065;5868;6.8;3.6
2A;2021-03-04;507;228;11572;6096;7.1;3.8
2A;2021-03-05;969;288;12541;6384;7.7;3.9
2A;2021-03-06;1164;72;13705;6456;8.4;4.0
2A;2021-03-07;1021;45;14726;6501;9.1;4.0
2A;2021-03-08;929;86;15655;6587;9.6;4.1
2A;2021-03-09;934;151;16589;6738;10.2;4.1
2A;2021-03-10;629;135;17218;6873;10.6;4.2
2A;2021-03-11;724;281;17942;7154;11.0;4.4
2A;2021-03-12;560;317;18502;7471;11.4;4.6
2A;2021-03-13;610;196;19112;7667;11.8;4.7
2A;2021-03-14;311;125;19423;7792;12.0;4.8
2A;2021-03-15;373;202;19796;7994;12.2;4.9
2A;2021-03-16;494;368;20290;8362;12.5;5.1
2A;2021-03-17;697;272;20987;8634;12.9;5.3
2A;2021-03-18;446;303;21433;8937;13.2;5.5
2A;2021-03-19;483;155;21916;9092;13.5;5.6
2A;2021-03-20;1078;260;22994;9352;14.2;5.8
2A;2021-03-21;696;52;23690;9404;14.6;5.8
2A;2021-03-22;343;67;24033;9471;14.8;5.8
2A;2021-03-23;516;57;24549;9528;15.1;5.9
2A;2021-03-24;862;91;25411;9619;15.6;5.9
2A;2021-03-25;929;136;26340;9755;16.2;6.0
2A;2021-03-26;1075;162;27415;9917;16.9;6.1
2A;2021-03-27;1188;197;28603;10114;17.6;6.2
2A;2021-03-28;241;97;28844;10211;17.8;6.3
2A;2021-03-29;281;136;29125;10347;17.9;6.4
2A;2021-03-30;381;233;29506;10580;18.2;6.5
2A;2021-03-31;446;226;29952;10806;18.4;6.7
2A;2021-04-01;637;451;30589;11257;18.8;6.9
2A;2021-04-02;902;778;31491;12035;19.4;7.4
2A;2021-04-03;644;982;32135;13017;19.8;8.0
2A;2021-04-04;577;783;32712;13800;20.1;8.5
2A;2021-04-05;521;695;33233;14495;20.5;8.9
2A;2021-04-06;550;554;33783;15049;20.8;9.3
2A;2021-04-07;784;422;34567;15471;21.3;9.5
2A;2021-04-08;1048;350;35615;15821;21.9;9.7
2A;2021-04-09;934;393;36549;16214;22.5;10.0
2A;2021-04-10;1052;377;37601;16591;23.2;10.2
2A;2021-04-11;361;256;37962;16847;23.4;10.4
2A;2021-04-12;668;341;38630;17188;23.8;10.6
2A;2021-04-13;324;378;38954;17566;24.0;10.8
2A;2021-04-14;1045;586;39999;18152;24.6;11.2
2A;2021-04-15;1039;521;41038;18673;25.3;11.5
2A;2021-04-16;866;395;41904;19068;25.8;11.7
2A;2021-04-17;1365;932;43269;20000;26.6;12.3
2A;2021-04-18;981;943;44250;20943;27.2;12.9
2A;2021-04-19;269;343;44519;21286;27.4;13.1
2A;2021-04-20;352;345;44871;21631;27.6;13.3
2A;2021-04-21;728;732;45599;22363;28.1;13.8
2A;2021-04-22;895;649;46494;23012;28.6;14.2
2A;2021-04-23;987;775;47481;23787;29.2;14.6
2A;2021-04-24;1748;977;49229;24764;30.3;15.2
2A;2021-04-25;977;302;50206;25066;30.9;15.4
2A;2021-04-26;308;228;50514;25294;31.1;15.6
2A;2021-04-27;344;348;50858;25642;31.3;15.8
2A;2021-04-28;1670;421;52528;26063;32.3;16.0
2A;2021-04-29;1052;357;53580;26420;33.0;16.3
2A;2021-04-30;1130;1058;54710;27478;33.7;16.9
2A;2021-05-01;966;575;55676;28053;34.3;17.3
2A;2021-05-02;674;704;56350;28757;34.7;17.7
2A;2021-05-03;584;575;56934;29332;35.1;18.1
2A;2021-05-04;749;533;57683;29865;35.5;18.4
2A;2021-05-05;1007;981;58690;30846;36.1;19.0
2A;2021-05-06;905;910;59595;31756;36.7;19.6
2A;2021-05-07;1153;835;60748;32591;37.4;20.1
2A;2021-05-08;420;500;61168;33091;37.7;20.4
2A;2021-05-09;783;638;61951;33729;38.1;20.8
2A;2021-05-10;453;740;62404;34469;38.4;21.2
2A;2021-05-11;651;415;63055;34884;38.8;21.5
2A;2021-05-12;919;488;63974;35372;39.4;21.8
2A;2021-05-13;917;138;64891;35510;40.0;21.9
2A;2021-05-14;797;680;65688;36190;40.4;22.3
2A;2021-05-15;779;646;66467;36836;40.9;22.7
2A;2021-05-16;736;498;67203;37334;41.4;23.0
2A;2021-05-17;582;561;67785;37895;41.7;23.3
2A;2021-05-18;613;475;68398;38370;42.1;23.6
2A;2021-05-19;784;481;69182;38851;42.6;23.9
2A;2021-05-20;691;539;69873;39390;43.0;24.3
2A;2021-05-21;534;481;70407;39871;43.3;24.5
2A;2021-05-22;442;308;70849;40179;43.6;24.7
2A;2021-05-23;533;283;71382;40462;43.9;24.9
2A;2021-05-24;125;33;71507;40495;44.0;24.9
2A;2021-05-25;414;503;71921;40998;44.3;25.2
2A;2021-05-26;426;1167;72347;42165;44.5;26.0
2A;2021-05-27;434;1112;72781;43277;44.8;26.6
2A;2021-05-28;296;916;73077;44193;45.0;27.2
2A;2021-05-29;336;900;73413;45093;45.2;27.8
2A;2021-05-30;182;506;73595;45599;45.3;28.1
2A;2021-05-31;188;413;73783;46012;45.4;28.3
2A;2021-06-01;334;728;74117;46740;45.6;28.8
2A;2021-06-02;278;936;74395;47676;45.8;29.4
2A;2021-06-03;302;847;74697;48523;46.0;29.9
2A;2021-06-04;271;1093;74968;49616;46.2;30.5
2A;2021-06-05;319;1443;75287;51059;46.4;31.4
2A;2021-06-06;173;910;75460;51969;46.5;32.0
2A;2021-06-07;164;661;75624;52630;46.6;32.4
2A;2021-06-08;314;705;75938;53335;46.8;32.8
2A;2021-06-09;294;1318;76232;54653;46.9;33.6
2A;2021-06-10;325;857;76557;55510;47.1;34.2
2A;2021-06-11;278;1021;76835;56531;47.3;34.8
2A;2021-06-12;226;664;77061;57195;47.4;35.2
2A;2021-06-13;186;796;77247;57991;47.6;35.7
2A;2021-06-14;245;921;77492;58912;47.7;36.3
2A;2021-06-15;215;506;77707;59418;47.8;36.6
2A;2021-06-16;208;776;77915;60194;48.0;37.1
2A;2021-06-17;231;592;78146;60786;48.1;37.4
2A;2021-06-18;239;915;78385;61701;48.3;38.0
2A;2021-06-19;204;689;78589;62390;48.4;38.4
2A;2021-06-20;147;694;78736;63084;48.5;38.8
2A;2021-06-21;177;793;78913;63877;48.6;39.3
2A;2021-06-22;232;844;79145;64721;48.7;39.8
2A;2021-06-23;198;567;79343;65288;48.9;40.2
2A;2021-06-24;140;373;79483;65661;48.9;40.4
2A;2021-06-25;166;472;79649;66133;49.0;40.7
2A;2021-06-26;198;872;79847;67005;49.2;41.3
2A;2021-06-27;172;794;80019;67799;49.3;41.7
2A;2021-06-28;189;704;80208;68503;49.4;42.2
2A;2021-06-29;208;690;80416;69193;49.5;42.6
2A;2021-06-30;236;491;80652;69684;49.7;42.9
2A;2021-07-01;195;481;80847;70165;49.8;43.2
2A;2021-07-02;164;371;81011;70536;49.9;43.4
2A;2021-07-03;204;619;81215;71155;50.0;43.8
2A;2021-07-04;169;663;81384;71818;50.1;44.2
2A;2021-07-05;158;235;81542;72053;50.2;44.4
2A;2021-07-06;241;390;81783;72443;50.4;44.6
2A;2021-07-07;421;603;82204;73046;50.6;45.0
2A;2021-07-08;579;701;82783;73747;51.0;45.4
2A;2021-07-09;364;421;83147;74168;51.2;45.7
2A;2021-07-10;280;345;83427;74513;51.4;45.9
2A;2021-07-11;91;163;83518;74676;51.4;46.0
2A;2021-07-12;304;349;83822;75025;51.6;46.2
2A;2021-07-13;1174;498;84996;75523;52.3;46.5
2A;2021-07-14;1607;298;86603;75821;53.3;46.7
2A;2021-07-15;1412;817;88015;76638;54.2;47.2
2A;2021-07-16;1156;459;89171;77097;54.9;47.5
2A;2021-07-17;1095;329;90266;77426;55.6;47.7
2A;2021-07-18;632;130;90898;77556;56.0;47.7
2A;2021-07-19;911;426;91809;77982;56.5;48.0
2A;2021-07-20;1235;461;93044;78443;57.3;48.3
2A;2021-07-21;1389;696;94433;79139;58.1;48.7
2B;2020-12-27;0;0;0;0;0.0;0.0
2B;2020-12-28;0;0;0;0;0.0;0.0
2B;2020-12-29;0;0;0;0;0.0;0.0
2B;2020-12-30;0;0;0;0;0.0;0.0
2B;2020-12-31;0;0;0;0;0.0;0.0
2B;2021-01-01;0;0;0;0;0.0;0.0
2B;2021-01-02;0;0;0;0;0.0;0.0
2B;2021-01-03;0;0;0;0;0.0;0.0
2B;2021-01-04;2;0;2;0;0.0;0.0
2B;2021-01-05;0;0;2;0;0.0;0.0
2B;2021-01-06;48;1;50;1;0.0;0.0
2B;2021-01-07;211;0;261;1;0.1;0.0
2B;2021-01-08;196;0;457;1;0.3;0.0
2B;2021-01-09;39;0;496;1;0.3;0.0
2B;2021-01-10;1;0;497;1;0.3;0.0
2B;2021-01-11;75;0;572;1;0.3;0.0
2B;2021-01-12;128;1;700;2;0.4;0.0
2B;2021-01-13;93;0;793;2;0.4;0.0
2B;2021-01-14;72;0;865;2;0.5;0.0
2B;2021-01-15;257;0;1122;2;0.6;0.0
2B;2021-01-16;43;0;1165;2;0.6;0.0
2B;2021-01-17;8;0;1173;2;0.6;0.0
2B;2021-01-18;271;0;1444;2;0.8;0.0
2B;2021-01-19;498;0;1942;2;1.1;0.0
2B;2021-01-20;461;0;2403;2;1.3;0.0
2B;2021-01-21;357;0;2760;2;1.5;0.0
2B;2021-01-22;367;0;3127;2;1.7;0.0
2B;2021-01-23;60;0;3187;2;1.7;0.0
2B;2021-01-24;29;0;3216;2;1.8;0.0
2B;2021-01-25;210;2;3426;4;1.9;0.0
2B;2021-01-26;388;1;3814;5;2.1;0.0
2B;2021-01-27;342;50;4156;55;2.3;0.0
2B;2021-01-28;364;149;4520;204;2.5;0.1
2B;2021-01-29;288;164;4808;368;2.6;0.2
2B;2021-01-30;80;33;4888;401;2.7;0.2
2B;2021-01-31;60;0;4948;401;2.7;0.2
2B;2021-02-01;229;94;5177;495;2.8;0.3
2B;2021-02-02;357;78;5534;573;3.0;0.3
2B;2021-02-03;519;92;6053;665;3.3;0.4
2B;2021-02-04;458;176;6511;841;3.6;0.5
2B;2021-02-05;393;95;6904;936;3.8;0.5
2B;2021-02-06;87;14;6991;950;3.8;0.5
2B;2021-02-07;59;0;7050;950;3.9;0.5
2B;2021-02-08;230;157;7280;1107;4.0;0.6
2B;2021-02-09;586;315;7866;1422;4.3;0.8
2B;2021-02-10;485;195;8351;1617;4.6;0.9
2B;2021-02-11;381;128;8732;1745;4.8;1.0
2B;2021-02-12;297;125;9029;1870;5.0;1.0
2B;2021-02-13;77;13;9106;1883;5.0;1.0
2B;2021-02-14;62;0;9168;1883;5.0;1.0
2B;2021-02-15;190;128;9358;2011;5.1;1.1
2B;2021-02-16;253;286;9611;2297;5.3;1.3
2B;2021-02-17;312;317;9923;2614;5.4;1.4
2B;2021-02-18;215;347;10138;2961;5.6;1.6
2B;2021-02-19;163;309;10301;3270;5.7;1.8
2B;2021-02-20;32;63;10333;3333;5.7;1.8
2B;2021-02-21;27;29;10360;3362;5.7;1.8
2B;2021-02-22;133;190;10493;3552;5.8;1.9
2B;2021-02-23;230;358;10723;3910;5.9;2.1
2B;2021-02-24;227;312;10950;4222;6.0;2.3
2B;2021-02-25;244;341;11194;4563;6.1;2.5
2B;2021-02-26;298;282;11492;4845;6.3;2.7
2B;2021-02-27;60;84;11552;4929;6.3;2.7
2B;2021-02-28;1;57;11553;4986;6.3;2.7
2B;2021-03-01;246;260;11799;5246;6.5;2.9
2B;2021-03-02;351;390;12150;5636;6.7;3.1
2B;2021-03-03;297;437;12447;6073;6.8;3.3
2B;2021-03-04;447;408;12894;6481;7.1;3.6
2B;2021-03-05;617;387;13511;6868;7.4;3.8
2B;2021-03-06;682;98;14193;6966;7.8;3.8
2B;2021-03-07;360;59;14553;7025;8.0;3.9
2B;2021-03-08;301;239;14854;7264;8.1;4.0
2B;2021-03-09;383;506;15237;7770;8.4;4.3
2B;2021-03-10;630;446;15867;8216;8.7;4.5
2B;2021-03-11;584;354;16451;8570;9.0;4.7
2B;2021-03-12;959;226;17410;8796;9.6;4.8
2B;2021-03-13;509;109;17919;8905;9.8;4.9
2B;2021-03-14;226;61;18145;8966;10.0;4.9
2B;2021-03-15;514;200;18659;9166;10.2;5.0
2B;2021-03-16;571;276;19230;9442;10.6;5.2
2B;2021-03-17;528;262;19758;9704;10.8;5.3
2B;2021-03-18;549;228;20307;9932;11.1;5.4
2B;2021-03-19;803;194;21110;10126;11.6;5.6
2B;2021-03-20;654;36;21764;10162;11.9;5.6
2B;2021-03-21;429;34;22193;10196;12.2;5.6
2B;2021-03-22;546;123;22739;10319;12.5;5.7
2B;2021-03-23;788;264;23527;10583;12.9;5.8
2B;2021-03-24;830;216;24357;10799;13.4;5.9
2B;2021-03-25;823;161;25180;10960;13.8;6.0
2B;2021-03-26;957;191;26137;11151;14.3;6.1
2B;2021-03-27;1089;34;27226;11185;14.9;6.1
2B;2021-03-28;829;123;28055;11308;15.4;6.2
2B;2021-03-29;744;178;28799;11486;15.8;6.3
2B;2021-03-30;971;322;29770;11808;16.3;6.5
2B;2021-03-31;981;265;30751;12073;16.9;6.6
2B;2021-04-01;1001;231;31752;12304;17.4;6.8
2B;2021-04-02;964;413;32716;12717;18.0;7.0
2B;2021-04-03;1246;150;33962;12867;18.6;7.1
2B;2021-04-04;196;61;34158;12928;18.7;7.1
2B;2021-04-05;108;113;34266;13041;18.8;7.2
2B;2021-04-06;1033;361;35299;13402;19.4;7.4
2B;2021-04-07;1229;430;36528;13832;20.0;7.6
2B;2021-04-08;1127;409;37655;14241;20.7;7.8
2B;2021-04-09;1169;565;38824;14806;21.3;8.1
2B;2021-04-10;1351;260;40175;15066;22.0;8.3
2B;2021-04-11;812;65;40987;15131;22.5;8.3
2B;2021-04-12;851;562;41838;15693;23.0;8.6
2B;2021-04-13;1061;629;42899;16322;23.5;9.0
2B;2021-04-14;1044;492;43943;16814;24.1;9.2
2B;2021-04-15;885;516;44828;17330;24.6;9.5
2B;2021-04-16;911;650;45739;17980;25.1;9.9
2B;2021-04-17;386;444;46125;18424;25.3;10.1
2B;2021-04-18;252;340;46377;18764;25.4;10.3
2B;2021-04-19;822;433;47199;19197;25.9;10.5
2B;2021-04-20;898;848;48097;20045;26.4;11.0
2B;2021-04-21;1053;607;49150;20652;27.0;11.3
2B;2021-04-22;938;731;50088;21383;27.5;11.7
2B;2021-04-23;661;630;50749;22013;27.8;12.1
2B;2021-04-24;287;772;51036;22785;28.0;12.5
2B;2021-04-25;284;477;51320;23262;28.2;12.8
2B;2021-04-26;708;920;52028;24182;28.5;13.3
2B;2021-04-27;965;875;52993;25057;29.1;13.7
2B;2021-04-28;919;860;53912;25917;29.6;14.2
2B;2021-04-29;921;869;54833;26786;30.1;14.7
2B;2021-04-30;1132;830;55965;27616;30.7;15.2
2B;2021-05-01;459;1115;56424;28731;31.0;15.8
2B;2021-05-02;336;244;56760;28975;31.1;15.9
2B;2021-05-03;1019;495;57779;29470;31.7;16.2
2B;2021-05-04;809;1150;58588;30620;32.1;16.8
2B;2021-05-05;804;1375;59392;31995;32.6;17.6
2B;2021-05-06;1285;904;60677;32899;33.3;18.1
2B;2021-05-07;1062;987;61739;33886;33.9;18.6
2B;2021-05-08;459;856;62198;34742;34.1;19.1
2B;2021-05-09;394;683;62592;35425;34.3;19.4
2B;2021-05-10;921;797;63513;36222;34.8;19.9
2B;2021-05-11;933;1160;64446;37382;35.4;20.5
2B;2021-05-12;855;891;65301;38273;35.8;21.0
2B;2021-05-13;1025;376;66326;38649;36.4;21.2
2B;2021-05-14;715;579;67041;39228;36.8;21.5
2B;2021-05-15;702;353;67743;39581;37.2;21.7
2B;2021-05-16;297;179;68040;39760;37.3;21.8
2B;2021-05-17;1002;406;69042;40166;37.9;22.0
2B;2021-05-18;992;382;70034;40548;38.4;22.2
2B;2021-05-19;771;416;70805;40964;38.8;22.5
2B;2021-05-20;669;360;71474;41324;39.2;22.7
2B;2021-05-21;704;502;72178;41826;39.6;22.9
2B;2021-05-22;573;390;72751;42216;39.9;23.2
2B;2021-05-23;168;46;72919;42262;40.0;23.2
2B;2021-05-24;40;114;72959;42376;40.0;23.3
2B;2021-05-25;548;353;73507;42729;40.3;23.4
2B;2021-05-26;544;789;74051;43518;40.6;23.9
2B;2021-05-27;407;1130;74458;44648;40.9;24.5
2B;2021-05-28;555;906;75013;45554;41.2;25.0
2B;2021-05-29;311;352;75324;45906;41.3;25.2
2B;2021-05-30;46;45;75370;45951;41.4;25.2
2B;2021-05-31;376;829;75746;46780;41.6;25.7
2B;2021-06-01;414;1039;76160;47819;41.8;26.2
2B;2021-06-02;365;991;76525;48810;42.0;26.8
2B;2021-06-03;497;808;77022;49618;42.3;27.2
2B;2021-06-04;344;1255;77366;50873;42.4;27.9
2B;2021-06-05;258;494;77624;51367;42.6;28.2
2B;2021-06-06;50;129;77674;51496;42.6;28.3
2B;2021-06-07;280;948;77954;52444;42.8;28.8
2B;2021-06-08;397;1169;78351;53613;43.0;29.4
2B;2021-06-09;517;1178;78868;54791;43.3;30.1
2B;2021-06-10;367;938;79235;55729;43.5;30.6
2B;2021-06-11;429;1275;79664;57004;43.7;31.3
2B;2021-06-12;149;544;79813;57548;43.8;31.6
2B;2021-06-13;23;59;79836;57607;43.8;31.6
2B;2021-06-14;193;1116;80029;58723;43.9;32.2
2B;2021-06-15;344;1220;80373;59943;44.1;32.9
2B;2021-06-16;376;937;80749;60880;44.3;33.4
2B;2021-06-17;394;1049;81143;61929;44.5;34.0
2B;2021-06-18;345;959;81488;62888;44.7;34.5
2B;2021-06-19;140;327;81628;63215;44.8;34.7
2B;2021-06-20;43;194;81671;63409;44.8;34.8
2B;2021-06-21;263;961;81934;64370;45.0;35.3
2B;2021-06-22;312;1111;82246;65481;45.1;35.9
2B;2021-06-23;206;872;82452;66353;45.2;36.4
2B;2021-06-24;335;755;82787;67108;45.4;36.8
2B;2021-06-25;205;1076;82992;68184;45.5;37.4
2B;2021-06-26;104;552;83096;68736;45.6;37.7
2B;2021-06-27;32;215;83128;68951;45.6;37.8
2B;2021-06-28;324;950;83452;69901;45.8;38.4
2B;2021-06-29;265;988;83717;70889;45.9;38.9
2B;2021-06-30;373;949;84090;71838;46.1;39.4
2B;2021-07-01;218;508;84308;72346;46.3;39.7
2B;2021-07-02;209;558;84517;72904;46.4;40.0
2B;2021-07-03;89;395;84606;73299;46.4;40.2
2B;2021-07-04;1;0;84607;73299;46.4;40.2
2B;2021-07-05;264;662;84871;73961;46.6;40.6
2B;2021-07-06;446;707;85317;74668;46.8;41.0
2B;2021-07-07;371;906;85688;75574;47.0;41.5
2B;2021-07-08;179;347;85867;75921;47.1;41.7
2B;2021-07-09;243;368;86110;76289;47.2;41.9
2B;2021-07-10;194;199;86304;76488;47.4;42.0
2B;2021-07-11;13;14;86317;76502;47.4;42.0
2B;2021-07-12;491;739;86808;77241;47.6;42.4
2B;2021-07-13;817;1008;87625;78249;48.1;42.9
2B;2021-07-14;337;97;87962;78346;48.3;43.0
2B;2021-07-15;1248;571;89210;78917;48.9;43.3
2B;2021-07-16;1104;546;90314;79463;49.6;43.6
2B;2021-07-17;706;311;91020;79774;49.9;43.8
2B;2021-07-18;179;46;91199;79820;50.0;43.8
2B;2021-07-19;833;689;92032;80509;50.5;44.2
2B;2021-07-20;1185;667;93217;81176;51.1;44.5
2B;2021-07-21;1359;700;94576;81876;51.9;44.9
30;2020-12-27;0;0;0;0;0.0;0.0
30;2020-12-28;0;0;0;0;0.0;0.0
30;2020-12-29;0;0;0;0;0.0;0.0
30;2020-12-30;0;0;0;0;0.0;0.0
30;2020-12-31;0;0;0;0;0.0;0.0
30;2021-01-01;0;0;0;0;0.0;0.0
30;2021-01-02;0;0;0;0;0.0;0.0
30;2021-01-03;0;0;0;0;0.0;0.0
30;2021-01-04;0;0;0;0;0.0;0.0
30;2021-01-05;3;0;3;0;0.0;0.0
30;2021-01-06;128;0;131;0;0.0;0.0
30;2021-01-07;311;0;442;0;0.1;0.0
30;2021-01-08;529;0;971;0;0.1;0.0
30;2021-01-09;270;0;1241;0;0.2;0.0
30;2021-01-10;0;0;1241;0;0.2;0.0
30;2021-01-11;537;0;1778;0;0.2;0.0
30;2021-01-12;796;3;2574;3;0.3;0.0
30;2021-01-13;640;0;3214;3;0.4;0.0
30;2021-01-14;646;5;3860;8;0.5;0.0
30;2021-01-15;756;2;4616;10;0.6;0.0
30;2021-01-16;313;0;4929;10;0.7;0.0
30;2021-01-17;0;0;4929;10;0.7;0.0
30;2021-01-18;936;3;5865;13;0.8;0.0
30;2021-01-19;1735;6;7600;19;1.0;0.0
30;2021-01-20;1303;2;8903;21;1.2;0.0
30;2021-01-21;1224;2;10127;23;1.4;0.0
30;2021-01-22;1074;5;11201;28;1.5;0.0
30;2021-01-23;634;2;11835;30;1.6;0.0
30;2021-01-24;0;0;11835;30;1.6;0.0
30;2021-01-25;830;4;12665;34;1.7;0.0
30;2021-01-26;1057;14;13722;48;1.8;0.0
30;2021-01-27;977;111;14699;159;2.0;0.0
30;2021-01-28;709;274;15408;433;2.1;0.1
30;2021-01-29;669;448;16077;881;2.1;0.1
30;2021-01-30;471;290;16548;1171;2.2;0.2
30;2021-01-31;3;7;16551;1178;2.2;0.2
30;2021-02-01;813;435;17364;1613;2.3;0.2
30;2021-02-02;1873;670;19237;2283;2.6;0.3
30;2021-02-03;1183;491;20420;2774;2.7;0.4
30;2021-02-04;966;663;21386;3437;2.9;0.5
30;2021-02-05;597;767;21983;4204;2.9;0.6
30;2021-02-06;288;262;22271;4466;3.0;0.6
30;2021-02-07;2;8;22273;4474;3.0;0.6
30;2021-02-08;573;738;22846;5212;3.1;0.7
30;2021-02-09;980;1006;23826;6218;3.2;0.8
30;2021-02-10;980;1101;24806;7319;3.3;1.0
30;2021-02-11;926;1037;25732;8356;3.4;1.1
30;2021-02-12;615;992;26347;9348;3.5;1.2
30;2021-02-13;434;390;26781;9738;3.6;1.3
30;2021-02-14;1;21;26782;9759;3.6;1.3
30;2021-02-15;446;622;27228;10381;3.6;1.4
30;2021-02-16;459;849;27687;11230;3.7;1.5
30;2021-02-17;681;624;28368;11854;3.8;1.6
30;2021-02-18;793;527;29161;12381;3.9;1.7
30;2021-02-19;573;673;29734;13054;4.0;1.7
30;2021-02-20;223;226;29957;13280;4.0;1.8
30;2021-02-21;5;3;29962;13283;4.0;1.8
30;2021-02-22;501;767;30463;14050;4.1;1.9
30;2021-02-23;974;1466;31437;15516;4.2;2.1
30;2021-02-24;925;1192;32362;16708;4.3;2.2
30;2021-02-25;1202;891;33564;17599;4.5;2.4
30;2021-02-26;1336;592;34900;18191;4.7;2.4
30;2021-02-27;564;546;35464;18737;4.7;2.5
30;2021-02-28;1;7;35465;18744;4.7;2.5
30;2021-03-01;1337;822;36802;19566;4.9;2.6
30;2021-03-02;1709;910;38511;20476;5.1;2.7
30;2021-03-03;2301;754;40812;21230;5.5;2.8
30;2021-03-04;2628;862;43440;22092;5.8;3.0
30;2021-03-05;2752;602;46192;22694;6.2;3.0
30;2021-03-06;2996;348;49188;23042;6.6;3.1
30;2021-03-07;1858;36;51046;23078;6.8;3.1
30;2021-03-08;1526;778;52572;23856;7.0;3.2
30;2021-03-09;2273;861;54845;24717;7.3;3.3
30;2021-03-10;2344;639;57189;25356;7.6;3.4
30;2021-03-11;3053;660;60242;26016;8.0;3.5
30;2021-03-12;3110;369;63352;26385;8.5;3.5
30;2021-03-13;2221;283;65573;26668;8.8;3.6
30;2021-03-14;83;3;65656;26671;8.8;3.6
30;2021-03-15;1562;555;67218;27226;9.0;3.6
30;2021-03-16;1299;1063;68517;28289;9.2;3.8
30;2021-03-17;1454;640;69971;28929;9.3;3.9
30;2021-03-18;1640;710;71611;29639;9.6;4.0
30;2021-03-19;2248;534;73859;30173;9.9;4.0
30;2021-03-20;1398;137;75257;30310;10.1;4.0
30;2021-03-21;57;8;75314;30318;10.1;4.1
30;2021-03-22;2390;707;77704;31025;10.4;4.1
30;2021-03-23;3503;791;81207;31816;10.8;4.3
30;2021-03-24;3627;796;84834;32612;11.3;4.4
30;2021-03-25;4397;834;89231;33446;11.9;4.5
30;2021-03-26;4358;622;93589;34068;12.5;4.6
30;2021-03-27;1969;370;95558;34438;12.8;4.6
30;2021-03-28;35;29;95593;34467;12.8;4.6
30;2021-03-29;2807;1640;98400;36107;13.1;4.8
30;2021-03-30;3777;1868;102177;37975;13.7;5.1
30;2021-03-31;3504;1632;105681;39607;14.1;5.3
30;2021-04-01;4012;1437;109693;41044;14.7;5.5
30;2021-04-02;3597;1218;113290;42262;15.1;5.6
30;2021-04-03;1061;1219;114351;43481;15.3;5.8
30;2021-04-04;29;187;114380;43668;15.3;5.8
30;2021-04-05;763;282;115143;43950;15.4;5.9
30;2021-04-06;3035;1559;118178;45509;15.8;6.1
30;2021-04-07;2716;1624;120894;47133;16.2;6.3
30;2021-04-08;3912;1476;124806;48609;16.7;6.5
30;2021-04-09;4883;1500;129689;50109;17.3;6.7
30;2021-04-10;2425;1169;132114;51278;17.7;6.9
30;2021-04-11;949;54;133063;51332;17.8;6.9
30;2021-04-12;3145;1479;136208;52811;18.2;7.1
30;2021-04-13;4012;1908;140220;54719;18.7;7.3
30;2021-04-14;3374;1527;143594;56246;19.2;7.5
30;2021-04-15;3829;1444;147423;57690;19.7;7.7
30;2021-04-16;3703;1515;151126;59205;20.2;7.9
30;2021-04-17;1490;943;152616;60148;20.4;8.0
30;2021-04-18;957;66;153573;60214;20.5;8.0
30;2021-04-19;2448;2295;156021;62509;20.8;8.4
30;2021-04-20;2813;2823;158834;65332;21.2;8.7
30;2021-04-21;2591;2560;161425;67892;21.6;9.1
30;2021-04-22;3509;2310;164934;70202;22.0;9.4
30;2021-04-23;3570;2297;168504;72499;22.5;9.7
30;2021-04-24;1346;1228;169850;73727;22.7;9.9
30;2021-04-25;748;89;170598;73816;22.8;9.9
30;2021-04-26;2012;2381;172610;76197;23.1;10.2
30;2021-04-27;2924;2585;175534;78782;23.5;10.5
30;2021-04-28;2830;2477;178364;81259;23.8;10.9
30;2021-04-29;3612;2299;181976;83558;24.3;11.2
30;2021-04-30;3399;2016;185375;85574;24.8;11.4
30;2021-05-01;1747;604;187122;86178;25.0;11.5
30;2021-05-02;663;245;187785;86423;25.1;11.5
30;2021-05-03;3744;2494;191529;88917;25.6;11.9
30;2021-05-04;3970;3515;195499;92432;26.1;12.3
30;2021-05-05;3935;3118;199434;95550;26.6;12.8
30;2021-05-06;4188;3352;203622;98902;27.2;13.2
30;2021-05-07;4068;3047;207690;101949;27.7;13.6
30;2021-05-08;1599;716;209289;102665;28.0;13.7
30;2021-05-09;372;611;209661;103276;28.0;13.8
30;2021-05-10;2913;3110;212574;106386;28.4;14.2
30;2021-05-11;5385;3647;217959;110033;29.1;14.7
30;2021-05-12;5297;3207;223256;113240;29.8;15.1
30;2021-05-13;3226;1017;226482;114257;30.3;15.3
30;2021-05-14;4887;2448;231369;116705;30.9;15.6
30;2021-05-15;3405;1201;234774;117906;31.4;15.8
30;2021-05-16;396;340;235170;118246;31.4;15.8
30;2021-05-17;3792;3033;238962;121279;31.9;16.2
30;2021-05-18;4818;3039;243780;124318;32.6;16.6
30;2021-05-19;4767;2550;248547;126868;33.2;17.0
30;2021-05-20;5001;2570;253548;129438;33.9;17.3
30;2021-05-21;4878;2470;258426;131908;34.5;17.6
30;2021-05-22;3154;1292;261580;133200;34.9;17.8
30;2021-05-23;287;347;261867;133547;35.0;17.8
30;2021-05-24;781;768;262648;134315;35.1;17.9
30;2021-05-25;2656;3161;265304;137476;35.4;18.4
30;2021-05-26;2883;2561;268187;140037;35.8;18.7
30;2021-05-27;3754;2717;271941;142754;36.3;19.1
30;2021-05-28;3322;3284;275263;146038;36.8;19.5
30;2021-05-29;1685;1801;276948;147839;37.0;19.8
30;2021-05-30;358;589;277306;148428;37.0;19.8
30;2021-05-31;2827;2290;280133;150718;37.4;20.1
30;2021-06-01;3649;2792;283782;153510;37.9;20.5
30;2021-06-02;3309;2442;287091;155952;38.4;20.8
30;2021-06-03;4126;3338;291217;159290;38.9;21.3
30;2021-06-04;3900;3395;295117;162685;39.4;21.7
30;2021-06-05;1904;1312;297021;163997;39.7;21.9
30;2021-06-06;683;263;297704;164260;39.8;21.9
30;2021-06-07;4715;2520;302419;166780;40.4;22.3
30;2021-06-08;4817;3313;307236;170093;41.0;22.7
30;2021-06-09;4142;2974;311378;173067;41.6;23.1
30;2021-06-10;4584;3344;315962;176411;42.2;23.6
30;2021-06-11;4573;3801;320535;180212;42.8;24.1
30;2021-06-12;2478;1699;323013;181911;43.2;24.3
30;2021-06-13;492;339;323505;182250;43.2;24.3
30;2021-06-14;2461;4703;325966;186953;43.6;25.0
30;2021-06-15;3193;5299;329159;192252;44.0;25.7
30;2021-06-16;3092;4630;332251;196882;44.4;26.3
30;2021-06-17;3913;4357;336164;201239;44.9;26.9
30;2021-06-18;3702;4684;339866;205923;45.4;27.5
30;2021-06-19;1429;1988;341295;207911;45.6;27.8
30;2021-06-20;356;487;341651;208398;45.6;27.8
30;2021-06-21;2367;4901;344018;213299;46.0;28.5
30;2021-06-22;2344;5740;346362;219039;46.3;29.3
30;2021-06-23;2508;5339;348870;224378;46.6;30.0
30;2021-06-24;2323;4709;351193;229087;46.9;30.6
30;2021-06-25;2601;5605;353794;234692;47.3;31.4
30;2021-06-26;896;2928;354690;237620;47.4;31.7
30;2021-06-27;219;527;354909;238147;47.4;31.8
30;2021-06-28;1658;6021;356567;244168;47.6;32.6
30;2021-06-29;1824;6032;358391;250200;47.9;33.4
30;2021-06-30;1976;5255;360367;255455;48.1;34.1
30;2021-07-01;2940;4701;363307;260156;48.5;34.8
30;2021-07-02;2818;4614;366125;264770;48.9;35.4
30;2021-07-03;1139;3042;367264;267812;49.1;35.8
30;2021-07-04;110;392;367374;268204;49.1;35.8
30;2021-07-05;2005;4018;369379;272222;49.4;36.4
30;2021-07-06;2639;4958;372018;277180;49.7;37.0
30;2021-07-07;2514;4206;374532;281386;50.0;37.6
30;2021-07-08;1992;3416;376524;284802;50.3;38.1
30;2021-07-09;2392;5301;378916;290103;50.6;38.8
30;2021-07-10;1483;2147;380399;292250;50.8;39.0
30;2021-07-11;43;416;380442;292666;50.8;39.1
30;2021-07-12;2503;5143;382945;297809;51.2;39.8
30;2021-07-13;3250;6002;386195;303811;51.6;40.6
30;2021-07-14;491;541;386686;304352;51.7;40.7
30;2021-07-15;4098;5440;390784;309792;52.2;41.4
30;2021-07-16;4932;5682;395716;315474;52.9;42.1
30;2021-07-17;1688;2453;397404;317927;53.1;42.5
30;2021-07-18;145;602;397549;318529;53.1;42.6
30;2021-07-19;3348;6258;400897;324787;53.6;43.4
30;2021-07-20;4511;6447;405408;331234;54.2;44.3
30;2021-07-21;3986;5341;409394;336575;54.7;45.0
31;2020-12-27;0;0;0;0;0.0;0.0
31;2020-12-28;0;0;0;0;0.0;0.0
31;2020-12-29;0;0;0;0;0.0;0.0
31;2020-12-30;0;0;0;0;0.0;0.0
31;2020-12-31;0;0;0;0;0.0;0.0
31;2021-01-01;2;0;2;0;0.0;0.0
31;2021-01-02;0;0;2;0;0.0;0.0
31;2021-01-03;1;0;3;0;0.0;0.0
31;2021-01-04;2;0;5;0;0.0;0.0
31;2021-01-05;50;0;55;0;0.0;0.0
31;2021-01-06;211;1;266;1;0.0;0.0
31;2021-01-07;284;1;550;2;0.0;0.0
31;2021-01-08;543;1;1093;3;0.1;0.0
31;2021-01-09;273;0;1366;3;0.1;0.0
31;2021-01-10;286;0;1652;3;0.1;0.0
31;2021-01-11;977;3;2629;6;0.2;0.0
31;2021-01-12;1189;0;3818;6;0.3;0.0
31;2021-01-13;1157;4;4975;10;0.4;0.0
31;2021-01-14;1176;17;6151;27;0.4;0.0
31;2021-01-15;1047;4;7198;31;0.5;0.0
31;2021-01-16;243;1;7441;32;0.5;0.0
31;2021-01-17;173;0;7614;32;0.5;0.0
31;2021-01-18;1605;3;9219;35;0.7;0.0
31;2021-01-19;2929;11;12148;46;0.9;0.0
31;2021-01-20;3659;10;15807;56;1.1;0.0
31;2021-01-21;2987;4;18794;60;1.3;0.0
31;2021-01-22;2269;4;21063;64;1.5;0.0
31;2021-01-23;727;1;21790;65;1.6;0.0
31;2021-01-24;212;1;22002;66;1.6;0.0
31;2021-01-25;1741;9;23743;75;1.7;0.0
31;2021-01-26;1837;65;25580;140;1.8;0.0
31;2021-01-27;1571;153;27151;293;1.9;0.0
31;2021-01-28;1379;303;28530;596;2.0;0.0
31;2021-01-29;1354;350;29884;946;2.1;0.1
31;2021-01-30;443;187;30327;1133;2.2;0.1
31;2021-01-31;61;210;30388;1343;2.2;0.1
31;2021-02-01;1155;736;31543;2079;2.3;0.1
31;2021-02-02;3021;805;34564;2884;2.5;0.2
31;2021-02-03;1910;779;36474;3663;2.6;0.3
31;2021-02-04;1804;846;38278;4509;2.7;0.3
31;2021-02-05;1335;575;39613;5084;2.8;0.4
31;2021-02-06;375;55;39988;5139;2.9;0.4
31;2021-02-07;37;41;40025;5180;2.9;0.4
31;2021-02-08;1114;668;41139;5848;2.9;0.4
31;2021-02-09;1675;1575;42814;7423;3.1;0.5
31;2021-02-10;1958;2476;44772;9899;3.2;0.7
31;2021-02-11;1813;1822;46585;11721;3.3;0.8
31;2021-02-12;1534;798;48119;12519;3.4;0.9
31;2021-02-13;501;230;48620;12749;3.5;0.9
31;2021-02-14;55;217;48675;12966;3.5;0.9
31;2021-02-15;442;1375;49117;14341;3.5;1.0
31;2021-02-16;465;1554;49582;15895;3.5;1.1
31;2021-02-17;471;1692;50053;17587;3.6;1.3
31;2021-02-18;476;1832;50529;19419;3.6;1.4
31;2021-02-19;389;1574;50918;20993;3.6;1.5
31;2021-02-20;67;532;50985;21525;3.6;1.5
31;2021-02-21;79;161;51064;21686;3.6;1.5
31;2021-02-22;430;1758;51494;23444;3.7;1.7
31;2021-02-23;863;3016;52357;26460;3.7;1.9
31;2021-02-24;653;2197;53010;28657;3.8;2.0
31;2021-02-25;1424;1842;54434;30499;3.9;2.2
31;2021-02-26;1707;1232;56141;31731;4.0;2.3
31;2021-02-27;636;405;56777;32136;4.1;2.3
31;2021-02-28;77;54;56854;32190;4.1;2.3
31;2021-03-01;867;1133;57721;33323;4.1;2.4
31;2021-03-02;1231;1667;58952;34990;4.2;2.5
31;2021-03-03;1355;1817;60307;36807;4.3;2.6
31;2021-03-04;2418;1499;62725;38306;4.5;2.7
31;2021-03-05;3052;1597;65777;39903;4.7;2.8
31;2021-03-06;2830;409;68607;40312;4.9;2.9
31;2021-03-07;5363;95;73970;40407;5.3;2.9
31;2021-03-08;1594;1095;75564;41502;5.4;3.0
31;2021-03-09;2777;1188;78341;42690;5.6;3.0
31;2021-03-10;2568;1086;80909;43776;5.8;3.1
31;2021-03-11;4373;1155;85282;44931;6.1;3.2
31;2021-03-12;5310;1185;90592;46116;6.5;3.3
31;2021-03-13;2833;502;93425;46618;6.7;3.3
31;2021-03-14;230;48;93655;46666;6.7;3.3
31;2021-03-15;2575;423;96230;47089;6.9;3.4
31;2021-03-16;1740;808;97970;47897;7.0;3.4
31;2021-03-17;1652;554;99622;48451;7.1;3.5
31;2021-03-18;1960;707;101582;49158;7.3;3.5
31;2021-03-19;3176;520;104758;49678;7.5;3.5
31;2021-03-20;1791;140;106549;49818;7.6;3.6
31;2021-03-21;206;35;106755;49853;7.6;3.6
31;2021-03-22;2576;359;109331;50212;7.8;3.6
31;2021-03-23;4048;313;113379;50525;8.1;3.6
31;2021-03-24;4350;282;117729;50807;8.4;3.6
31;2021-03-25;6037;503;123766;51310;8.8;3.7
31;2021-03-26;5456;507;129222;51817;9.2;3.7
31;2021-03-27;4342;191;133564;52008;9.5;3.7
31;2021-03-28;2287;44;135851;52052;9.7;3.7
31;2021-03-29;4198;422;140049;52474;10.0;3.7
31;2021-03-30;6584;539;146633;53013;10.5;3.8
31;2021-03-31;5638;359;152271;53372;10.9;3.8
31;2021-04-01;6957;526;159228;53898;11.4;3.8
31;2021-04-02;6095;568;165323;54466;11.8;3.9
31;2021-04-03;3917;150;169240;54616;12.1;3.9
31;2021-04-04;2058;110;171298;54726;12.2;3.9
31;2021-04-05;477;69;171775;54795;12.3;3.9
31;2021-04-06;4156;1140;175931;55935;12.6;4.0
31;2021-04-07;5978;975;181909;56910;13.0;4.1
31;2021-04-08;7560;1018;189469;57928;13.5;4.1
31;2021-04-09;8379;1234;197848;59162;14.1;4.2
31;2021-04-10;4707;540;202555;59702;14.5;4.3
31;2021-04-11;2065;138;204620;59840;14.6;4.3
31;2021-04-12;5990;1822;210610;61662;15.0;4.4
31;2021-04-13;8019;2013;218629;63675;15.6;4.5
31;2021-04-14;6641;1921;225270;65596;16.1;4.7
31;2021-04-15;7766;2219;233036;67815;16.6;4.8
31;2021-04-16;7174;2082;240210;69897;17.1;5.0
31;2021-04-17;4406;894;244616;70791;17.5;5.1
31;2021-04-18;2503;355;247119;71146;17.6;5.1
31;2021-04-19;5214;2018;252333;73164;18.0;5.2
31;2021-04-20;6066;2844;258399;76008;18.4;5.4
31;2021-04-21;5968;2785;264367;78793;18.9;5.6
31;2021-04-22;6378;3228;270745;82021;19.3;5.9
31;2021-04-23;6258;2565;277003;84586;19.8;6.0
31;2021-04-24;1613;3131;278616;87717;19.9;6.3
31;2021-04-25;680;2093;279296;89810;19.9;6.4
31;2021-04-26;3790;3221;283086;93031;20.2;6.6
31;2021-04-27;4512;3901;287598;96932;20.5;6.9
31;2021-04-28;4542;3488;292140;100420;20.9;7.2
31;2021-04-29;5174;4013;297314;104433;21.2;7.5
31;2021-04-30;5023;4128;302337;108561;21.6;7.7
31;2021-05-01;1488;3118;303825;111679;21.7;8.0
31;2021-05-02;1411;1980;305236;113659;21.8;8.1
31;2021-05-03;5646;2413;310882;116072;22.2;8.3
31;2021-05-04;4777;4732;315659;120804;22.5;8.6
31;2021-05-05;2981;5718;318640;126522;22.7;9.0
31;2021-05-06;3627;7380;322267;133902;23.0;9.6
31;2021-05-07;5254;7170;327521;141072;23.4;10.1
31;2021-05-08;3632;3101;331153;144173;23.6;10.3
31;2021-05-09;3758;2308;334911;146481;23.9;10.5
31;2021-05-10;5682;5467;340593;151948;24.3;10.8
31;2021-05-11;6639;6690;347232;158638;24.8;11.3
31;2021-05-12;6169;5914;353401;164552;25.2;11.7
31;2021-05-13;4641;2059;358042;166611;25.6;11.9
31;2021-05-14;6902;3976;364944;170587;26.1;12.2
31;2021-05-15;5141;1750;370085;172337;26.4;12.3
31;2021-05-16;3293;629;373378;172966;26.7;12.3
31;2021-05-17;5140;4144;378518;177110;27.0;12.6
31;2021-05-18;5585;4270;384103;181380;27.4;12.9
31;2021-05-19;5775;3764;389878;185144;27.8;13.2
31;2021-05-20;6467;4799;396345;189943;28.3;13.6
31;2021-05-21;5979;4605;402324;194548;28.7;13.9
31;2021-05-22;4081;1626;406405;196174;29.0;14.0
31;2021-05-23;3582;343;409987;196517;29.3;14.0
31;2021-05-24;3874;708;413861;197225;29.5;14.1
31;2021-05-25;6188;3605;420049;200830;30.0;14.3
31;2021-05-26;5595;4634;425644;205464;30.4;14.7
31;2021-05-27;4769;6193;430413;211657;30.7;15.1
31;2021-05-28;4114;6340;434527;217997;31.0;15.6
31;2021-05-29;1916;4030;436443;222027;31.2;15.8
31;2021-05-30;746;2363;437189;224390;31.2;16.0
31;2021-05-31;4395;5084;441584;229474;31.5;16.4
31;2021-06-01;5948;6558;447532;236032;31.9;16.8
31;2021-06-02;5782;6298;453314;242330;32.4;17.3
31;2021-06-03;7293;8132;460607;250462;32.9;17.9
31;2021-06-04;7528;7153;468135;257615;33.4;18.4
31;2021-06-05;9075;2767;477210;260382;34.1;18.6
31;2021-06-06;8104;1573;485314;261955;34.6;18.7
31;2021-06-07;7979;5459;493293;267414;35.2;19.1
31;2021-06-08;9094;6043;502387;273457;35.9;19.5
31;2021-06-09;8907;5509;511294;278966;36.5;19.9
31;2021-06-10;9741;6329;521035;285295;37.2;20.4
31;2021-06-11;10014;6633;531049;291928;37.9;20.8
31;2021-06-12;8783;2999;539832;294927;38.5;21.1
31;2021-06-13;8355;1998;548187;296925;39.1;21.2
31;2021-06-14;8368;6722;556555;303647;39.7;21.7
31;2021-06-15;9725;7420;566280;311067;40.4;22.2
31;2021-06-16;8706;5248;574986;316315;41.0;22.6
31;2021-06-17;8240;6585;583226;322900;41.6;23.0
31;2021-06-18;8502;7734;591728;330634;42.2;23.6
31;2021-06-19;7343;5427;599071;336061;42.8;24.0
31;2021-06-20;5559;3722;604630;339783;43.2;24.3
31;2021-06-21;5356;6904;609986;346687;43.5;24.7
31;2021-06-22;4945;8214;614931;354901;43.9;25.3
31;2021-06-23;5083;7258;620014;362159;44.3;25.9
31;2021-06-24;4559;8322;624573;370481;44.6;26.4
31;2021-06-25;4996;9307;629569;379788;44.9;27.1
31;2021-06-26;4268;6392;633837;386180;45.2;27.6
31;2021-06-27;3590;4098;637427;390278;45.5;27.9
31;2021-06-28;4077;6636;641504;396914;45.8;28.3
31;2021-06-29;3769;7560;645273;404474;46.1;28.9
31;2021-06-30;4241;7792;649514;412266;46.4;29.4
31;2021-07-01;3974;8463;653488;420729;46.6;30.0
31;2021-07-02;4079;9325;657567;430054;46.9;30.7
31;2021-07-03;4079;6115;661646;436169;47.2;31.1
31;2021-07-04;3194;4801;664840;440970;47.5;31.5
31;2021-07-05;4017;7086;668857;448056;47.7;32.0
31;2021-07-06;3768;8350;672625;456406;48.0;32.6
31;2021-07-07;3929;7974;676554;464380;48.3;33.1
31;2021-07-08;4008;8530;680562;472910;48.6;33.8
31;2021-07-09;4418;8787;684980;481697;48.9;34.4
31;2021-07-10;3897;5473;688877;487170;49.2;34.8
31;2021-07-11;3131;4118;692008;491288;49.4;35.1
31;2021-07-12;3793;8598;695801;499886;49.7;35.7
31;2021-07-13;6867;9378;702668;509264;50.2;36.4
31;2021-07-14;6104;3863;708772;513127;50.6;36.6
31;2021-07-15;8416;9368;717188;522495;51.2;37.3
31;2021-07-16;7696;9836;724884;532331;51.7;38.0
31;2021-07-17;8317;10469;733201;542800;52.3;38.7
31;2021-07-18;6603;9396;739804;552196;52.8;39.4
31;2021-07-19;4761;10737;744565;562933;53.1;40.2
31;2021-07-20;7083;11406;751648;574339;53.7;41.0
31;2021-07-21;6945;11446;758593;585785;54.1;41.8
32;2020-12-27;0;0;0;0;0.0;0.0
32;2020-12-28;0;0;0;0;0.0;0.0
32;2020-12-29;0;0;0;0;0.0;0.0
32;2020-12-30;0;0;0;0;0.0;0.0
32;2020-12-31;0;0;0;0;0.0;0.0
32;2021-01-01;0;0;0;0;0.0;0.0
32;2021-01-02;0;0;0;0;0.0;0.0
32;2021-01-03;0;0;0;0;0.0;0.0
32;2021-01-04;3;0;3;0;0.0;0.0
32;2021-01-05;1;0;4;0;0.0;0.0
32;2021-01-06;2;0;6;0;0.0;0.0
32;2021-01-07;152;0;158;0;0.1;0.0
32;2021-01-08;70;0;228;0;0.1;0.0
32;2021-01-09;5;0;233;0;0.1;0.0
32;2021-01-10;0;0;233;0;0.1;0.0
32;2021-01-11;11;0;244;0;0.1;0.0
32;2021-01-12;94;0;338;0;0.2;0.0
32;2021-01-13;325;0;663;0;0.3;0.0
32;2021-01-14;376;3;1039;3;0.5;0.0
32;2021-01-15;448;0;1487;3;0.8;0.0
32;2021-01-16;16;2;1503;5;0.8;0.0
32;2021-01-17;1;0;1504;5;0.8;0.0
32;2021-01-18;344;0;1848;5;1.0;0.0
32;2021-01-19;418;0;2266;5;1.2;0.0
32;2021-01-20;358;0;2624;5;1.4;0.0
32;2021-01-21;582;0;3206;5;1.7;0.0
32;2021-01-22;371;0;3577;5;1.9;0.0
32;2021-01-23;180;0;3757;5;2.0;0.0
32;2021-01-24;3;0;3760;5;2.0;0.0
32;2021-01-25;460;1;4220;6;2.2;0.0
32;2021-01-26;604;0;4824;6;2.5;0.0
32;2021-01-27;703;4;5527;10;2.9;0.0
32;2021-01-28;685;17;6212;27;3.3;0.0
32;2021-01-29;460;52;6672;79;3.5;0.0
32;2021-01-30;260;0;6932;79;3.6;0.0
32;2021-01-31;4;5;6936;84;3.6;0.0
32;2021-02-01;287;58;7223;142;3.8;0.1
32;2021-02-02;639;140;7862;282;4.1;0.1
32;2021-02-03;338;201;8200;483;4.3;0.3
32;2021-02-04;424;278;8624;761;4.5;0.4
32;2021-02-05;348;360;8972;1121;4.7;0.6
32;2021-02-06;147;0;9119;1121;4.8;0.6
32;2021-02-07;0;36;9119;1157;4.8;0.6
32;2021-02-08;275;124;9394;1281;4.9;0.7
32;2021-02-09;308;229;9702;1510;5.1;0.8
32;2021-02-10;267;253;9969;1763;5.2;0.9
32;2021-02-11;379;318;10348;2081;5.4;1.1
32;2021-02-12;297;280;10645;2361;5.6;1.2
32;2021-02-13;249;1;10894;2362;5.7;1.2
32;2021-02-14;0;28;10894;2390;5.7;1.3
32;2021-02-15;25;212;10919;2602;5.7;1.4
32;2021-02-16;392;368;11311;2970;6.0;1.6
32;2021-02-17;189;474;11500;3444;6.1;1.8
32;2021-02-18;330;490;11830;3934;6.2;2.1
32;2021-02-19;183;282;12013;4216;6.3;2.2
32;2021-02-20;1;120;12014;4336;6.3;2.3
32;2021-02-21;0;0;12014;4336;6.3;2.3
32;2021-02-22;157;386;12171;4722;6.4;2.5
32;2021-02-23;432;561;12603;5283;6.6;2.8
32;2021-02-24;277;380;12880;5663;6.8;3.0
32;2021-02-25;480;520;13360;6183;7.0;3.3
32;2021-02-26;443;386;13803;6569;7.3;3.5
32;2021-02-27;157;246;13960;6815;7.3;3.6
32;2021-02-28;4;0;13964;6815;7.3;3.6
32;2021-03-01;51;299;14015;7114;7.4;3.7
32;2021-03-02;413;445;14428;7559;7.6;4.0
32;2021-03-03;273;292;14701;7851;7.7;4.1
32;2021-03-04;538;338;15239;8189;8.0;4.3
32;2021-03-05;435;249;15674;8438;8.2;4.4
32;2021-03-06;520;167;16194;8605;8.5;4.5
32;2021-03-07;25;5;16219;8610;8.5;4.5
32;2021-03-08;233;293;16452;8903;8.7;4.7
32;2021-03-09;642;328;17094;9231;9.0;4.9
32;2021-03-10;482;328;17576;9559;9.2;5.0
32;2021-03-11;853;293;18429;9852;9.7;5.2
32;2021-03-12;881;343;19310;10195;10.2;5.4
32;2021-03-13;490;248;19800;10443;10.4;5.5
32;2021-03-14;1;0;19801;10443;10.4;5.5
32;2021-03-15;265;25;20066;10468;10.6;5.5
32;2021-03-16;312;304;20378;10772;10.7;5.7
32;2021-03-17;149;155;20527;10927;10.8;5.7
32;2021-03-18;374;308;20901;11235;11.0;5.9
32;2021-03-19;402;183;21303;11418;11.2;6.0
32;2021-03-20;136;33;21439;11451;11.3;6.0
32;2021-03-21;0;0;21439;11451;11.3;6.0
32;2021-03-22;340;167;21779;11618;11.5;6.1
32;2021-03-23;559;397;22338;12015;11.8;6.3
32;2021-03-24;642;270;22980;12285;12.1;6.5
32;2021-03-25;893;416;23873;12701;12.6;6.7
32;2021-03-26;655;295;24528;12996;12.9;6.8
32;2021-03-27;165;2;24693;12998;13.0;6.8
32;2021-03-28;0;1;24693;12999;13.0;6.8
32;2021-03-29;371;48;25064;13047;13.2;6.9
32;2021-03-30;765;286;25829;13333;13.6;7.0
32;2021-03-31;654;172;26483;13505;13.9;7.1
32;2021-04-01;1238;319;27721;13824;14.6;7.3
32;2021-04-02;575;168;28296;13992;14.9;7.4
32;2021-04-03;114;0;28410;13992;14.9;7.4
32;2021-04-04;0;0;28410;13992;14.9;7.4
32;2021-04-05;0;0;28410;13992;14.9;7.4
32;2021-04-06;2641;303;31051;14295;16.3;7.5
32;2021-04-07;1176;201;32227;14496;17.0;7.6
32;2021-04-08;1737;404;33964;14900;17.9;7.8
32;2021-04-09;883;217;34847;15117;18.3;8.0
32;2021-04-10;807;28;35654;15145;18.8;8.0
32;2021-04-11;14;0;35668;15145;18.8;8.0
32;2021-04-12;476;20;36144;15165;19.0;8.0
32;2021-04-13;2463;377;38607;15542;20.3;8.2
32;2021-04-14;1226;262;39833;15804;21.0;8.3
32;2021-04-15;1701;391;41534;16195;21.9;8.5
32;2021-04-16;638;282;42172;16477;22.2;8.7
32;2021-04-17;781;37;42953;16514;22.6;8.7
32;2021-04-18;11;1;42964;16515;22.6;8.7
32;2021-04-19;502;44;43466;16559;22.9;8.7
32;2021-04-20;2472;382;45938;16941;24.2;8.9
32;2021-04-21;1008;294;46946;17235;24.7;9.1
32;2021-04-22;1662;319;48608;17554;25.6;9.2
32;2021-04-23;546;157;49154;17711;25.9;9.3
32;2021-04-24;1391;54;50545;17765;26.6;9.3
32;2021-04-25;0;11;50545;17776;26.6;9.4
32;2021-04-26;388;359;50933;18135;26.8;9.5
32;2021-04-27;2548;549;53481;18684;28.1;9.8
32;2021-04-28;969;352;54450;19036;28.7;10.0
32;2021-04-29;1006;884;55456;19920;29.2;10.5
32;2021-04-30;451;360;55907;20280;29.4;10.7
32;2021-05-01;2604;92;58511;20372;30.8;10.7
32;2021-05-02;0;0;58511;20372;30.8;10.7
32;2021-05-03;168;321;58679;20693;30.9;10.9
32;2021-05-04;793;2494;59472;23187;31.3;12.2
32;2021-05-05;2360;1093;61832;24280;32.5;12.8
32;2021-05-06;516;1662;62348;25942;32.8;13.7
32;2021-05-07;2287;533;64635;26475;34.0;13.9
32;2021-05-08;71;519;64706;26994;34.0;14.2
32;2021-05-09;20;179;64726;27173;34.1;14.3
32;2021-05-10;1989;547;66715;27720;35.1;14.6
32;2021-05-11;656;2271;67371;29991;35.5;15.8
32;2021-05-12;2312;1137;69683;31128;36.7;16.4
32;2021-05-13;279;1414;69962;32542;36.8;17.1
32;2021-05-14;2222;323;72184;32865;38.0;17.3
32;2021-05-15;134;712;72318;33577;38.1;17.7
32;2021-05-16;1;0;72319;33577;38.1;17.7
32;2021-05-17;353;170;72672;33747;38.2;17.8
32;2021-05-18;1642;297;74314;34044;39.1;17.9
32;2021-05-19;2472;272;76786;34316;40.4;18.1
32;2021-05-20;2886;466;79672;34782;41.9;18.3
32;2021-05-21;2533;498;82205;35280;43.3;18.6
32;2021-05-22;335;111;82540;35391;43.4;18.6
32;2021-05-23;1;13;82541;35404;43.4;18.6
32;2021-05-24;2;0;82543;35404;43.4;18.6
32;2021-05-25;1979;372;84522;35776;44.5;18.8
32;2021-05-26;2545;551;87067;36327;45.8;19.1
32;2021-05-27;2875;627;89942;36954;47.3;19.4
32;2021-05-28;2312;767;92254;37721;48.5;19.8
32;2021-05-29;372;312;92626;38033;48.7;20.0
32;2021-05-30;4;6;92630;38039;48.7;20.0
32;2021-05-31;1412;625;94042;38664;49.5;20.3
32;2021-06-01;565;2887;94607;41551;49.8;21.9
32;2021-06-02;1577;1354;96184;42905;50.6;22.6
32;2021-06-03;397;2087;96581;44992;50.8;23.7
32;2021-06-04;1835;829;98416;45821;51.8;24.1
32;2021-06-05;208;1661;98624;47482;51.9;25.0
32;2021-06-06;8;14;98632;47496;51.9;25.0
32;2021-06-07;101;418;98733;47914;52.0;25.2
32;2021-06-08;661;2540;99394;50454;52.3;26.5
32;2021-06-09;1192;1051;100586;51505;52.9;27.1
32;2021-06-10;681;1215;101267;52720;53.3;27.7
32;2021-06-11;927;661;102194;53381;53.8;28.1
32;2021-06-12;151;2678;102345;56059;53.9;29.5
32;2021-06-13;1;1;102346;56060;53.9;29.5
32;2021-06-14;526;208;102872;56268;54.1;29.6
32;2021-06-15;1722;1023;104594;57291;55.0;30.1
32;2021-06-16;847;2775;105441;60066;55.5;31.6
32;2021-06-17;856;829;106297;60895;55.9;32.0
32;2021-06-18;313;2722;106610;63617;56.1;33.5
32;2021-06-19;913;431;107523;64048;56.6;33.7
32;2021-06-20;5;13;107528;64061;56.6;33.7
32;2021-06-21;68;1993;107596;66054;56.6;34.8
32;2021-06-22;1037;963;108633;67017;57.2;35.3
32;2021-06-23;509;2185;109142;69202;57.4;36.4
32;2021-06-24;522;517;109664;69719;57.7;36.7
32;2021-06-25;478;2358;110142;72077;58.0;37.9
32;2021-06-26;107;171;110249;72248;58.0;38.0
32;2021-06-27;2;5;110251;72253;58.0;38.0
32;2021-06-28;624;603;110875;72856;58.3;38.3
32;2021-06-29;798;1983;111673;74839;58.8;39.4
32;2021-06-30;755;2722;112428;77561;59.2;40.8
32;2021-07-01;531;2636;112959;80197;59.4;42.2
32;2021-07-02;639;2334;113598;82531;59.8;43.4
32;2021-07-03;479;508;114077;83039;60.0;43.7
32;2021-07-04;1;12;114078;83051;60.0;43.7
32;2021-07-05;67;390;114145;83441;60.1;43.9
32;2021-07-06;867;2074;115012;85515;60.5;45.0
32;2021-07-07;775;2748;115787;88263;60.9;46.4
32;2021-07-08;473;2262;116260;90525;61.2;47.6
32;2021-07-09;608;2221;116868;92746;61.5;48.8
32;2021-07-10;532;519;117400;93265;61.8;49.1
32;2021-07-11;0;5;117400;93270;61.8;49.1
32;2021-07-12;522;1237;117922;94507;62.1;49.7
32;2021-07-13;1685;1808;119607;96315;62.9;50.7
32;2021-07-14;480;32;120087;96347;63.2;50.7
32;2021-07-15;2083;870;122170;97217;64.3;51.2
32;2021-07-16;1161;1899;123331;99116;64.9;52.2
32;2021-07-17;76;127;123407;99243;64.9;52.2
32;2021-07-18;2;5;123409;99248;64.9;52.2
32;2021-07-19;1987;144;125396;99392;66.0;52.3
32;2021-07-20;2021;1246;127417;100638;67.0;53.0
32;2021-07-21;1593;1664;129010;102302;67.9;53.8
33;2020-12-27;1;0;1;0;0.0;0.0
33;2020-12-28;1;0;2;0;0.0;0.0
33;2020-12-29;0;0;2;0;0.0;0.0
33;2020-12-30;0;0;2;0;0.0;0.0
33;2020-12-31;0;0;2;0;0.0;0.0
33;2021-01-01;0;0;2;0;0.0;0.0
33;2021-01-02;1;0;3;0;0.0;0.0
33;2021-01-03;0;0;3;0;0.0;0.0
33;2021-01-04;1;0;4;0;0.0;0.0
33;2021-01-05;0;0;4;0;0.0;0.0
33;2021-01-06;134;0;138;0;0.0;0.0
33;2021-01-07;1303;1;1441;1;0.1;0.0
33;2021-01-08;1199;2;2640;3;0.2;0.0
33;2021-01-09;296;1;2936;4;0.2;0.0
33;2021-01-10;229;0;3165;4;0.2;0.0
33;2021-01-11;623;0;3788;4;0.2;0.0
33;2021-01-12;1414;2;5202;6;0.3;0.0
33;2021-01-13;1312;8;6514;14;0.4;0.0
33;2021-01-14;1275;12;7789;26;0.5;0.0
33;2021-01-15;1595;9;9384;35;0.6;0.0
33;2021-01-16;565;8;9949;43;0.6;0.0
33;2021-01-17;405;4;10354;47;0.6;0.0
33;2021-01-18;1195;10;11549;57;0.7;0.0
33;2021-01-19;2919;3;14468;60;0.9;0.0
33;2021-01-20;3387;6;17855;66;1.1;0.0
33;2021-01-21;2854;5;20709;71;1.3;0.0
33;2021-01-22;2319;7;23028;78;1.4;0.0
33;2021-01-23;846;0;23874;78;1.5;0.0
33;2021-01-24;525;2;24399;80;1.5;0.0
33;2021-01-25;2167;61;26566;141;1.6;0.0
33;2021-01-26;2229;160;28795;301;1.8;0.0
33;2021-01-27;2248;210;31043;511;1.9;0.0
33;2021-01-28;2153;443;33196;954;2.0;0.1
33;2021-01-29;1813;694;35009;1648;2.1;0.1
33;2021-01-30;701;175;35710;1823;2.2;0.1
33;2021-01-31;387;157;36097;1980;2.2;0.1
33;2021-02-01;1454;654;37551;2634;2.3;0.2
33;2021-02-02;2640;1105;40191;3739;2.5;0.2
33;2021-02-03;2893;865;43084;4604;2.6;0.3
33;2021-02-04;3981;1348;47065;5952;2.9;0.4
33;2021-02-05;2183;1165;49248;7117;3.0;0.4
33;2021-02-06;642;201;49890;7318;3.1;0.4
33;2021-02-07;218;232;50108;7550;3.1;0.5
33;2021-02-08;1257;762;51365;8312;3.1;0.5
33;2021-02-09;1317;1692;52682;10004;3.2;0.6
33;2021-02-10;1255;1753;53937;11757;3.3;0.7
33;2021-02-11;1286;1449;55223;13206;3.4;0.8
33;2021-02-12;1115;1261;56338;14467;3.4;0.9
33;2021-02-13;196;294;56534;14761;3.5;0.9
33;2021-02-14;44;247;56578;15008;3.5;0.9
33;2021-02-15;686;1735;57264;16743;3.5;1.0
33;2021-02-16;802;2053;58066;18796;3.6;1.2
33;2021-02-17;664;2051;58730;20847;3.6;1.3
33;2021-02-18;897;2266;59627;23113;3.7;1.4
33;2021-02-19;915;2028;60542;25141;3.7;1.5
33;2021-02-20;73;661;60615;25802;3.7;1.6
33;2021-02-21;32;464;60647;26266;3.7;1.6
33;2021-02-22;703;1898;61350;28164;3.8;1.7
33;2021-02-23;1235;2749;62585;30913;3.8;1.9
33;2021-02-24;1357;2537;63942;33450;3.9;2.0
33;2021-02-25;2822;3758;66764;37208;4.1;2.3
33;2021-02-26;4052;2325;70816;39533;4.3;2.4
33;2021-02-27;1357;723;72173;40256;4.4;2.5
33;2021-02-28;123;521;72296;40777;4.4;2.5
33;2021-03-01;1529;1849;73825;42626;4.5;2.6
33;2021-03-02;2321;1747;76146;44373;4.7;2.7
33;2021-03-03;2295;1714;78441;46087;4.8;2.8
33;2021-03-04;3924;1663;82365;47750;5.0;2.9
33;2021-03-05;5752;1742;88117;49492;5.4;3.0
33;2021-03-06;3410;556;91527;50048;5.6;3.1
33;2021-03-07;736;154;92263;50202;5.6;3.1
33;2021-03-08;2703;1153;94966;51355;5.8;3.1
33;2021-03-09;4390;1332;99356;52687;6.1;3.2
33;2021-03-10;5110;1231;104466;53918;6.4;3.3
33;2021-03-11;7528;1214;111994;55132;6.9;3.4
33;2021-03-12;10102;1143;122096;56275;7.5;3.4
33;2021-03-13;5143;203;127239;56478;7.8;3.5
33;2021-03-14;709;19;127948;56497;7.8;3.5
33;2021-03-15;4427;672;132375;57169;8.1;3.5
33;2021-03-16;3577;871;135952;58040;8.3;3.6
33;2021-03-17;3625;933;139577;58973;8.5;3.6
33;2021-03-18;4027;1397;143604;60370;8.8;3.7
33;2021-03-19;6252;997;149856;61367;9.2;3.8
33;2021-03-20;3354;92;153210;61459;9.4;3.8
33;2021-03-21;455;26;153665;61485;9.4;3.8
33;2021-03-22;4885;430;158550;61915;9.7;3.8
33;2021-03-23;6301;600;164851;62515;10.1;3.8
33;2021-03-24;7068;518;171919;63033;10.5;3.9
33;2021-03-25;8818;640;180737;63673;11.1;3.9
33;2021-03-26;10027;833;190764;64506;11.7;3.9
33;2021-03-27;3614;78;194378;64584;11.9;4.0
33;2021-03-28;574;30;194952;64614;11.9;4.0
33;2021-03-29;6752;690;201704;65304;12.3;4.0
33;2021-03-30;8078;1033;209782;66337;12.8;4.1
33;2021-03-31;7567;1050;217349;67387;13.3;4.1
33;2021-04-01;8801;1178;226150;68565;13.8;4.2
33;2021-04-02;8395;1540;234545;70105;14.4;4.3
33;2021-04-03;2828;521;237373;70626;14.5;4.3
33;2021-04-04;212;160;237585;70786;14.5;4.3
33;2021-04-05;685;122;238270;70908;14.6;4.3
33;2021-04-06;6035;2697;244305;73605;15.0;4.5
33;2021-04-07;7410;2556;251715;76161;15.4;4.7
33;2021-04-08;10309;2771;262024;78932;16.0;4.8
33;2021-04-09;12672;3074;274696;82006;16.8;5.0
33;2021-04-10;5341;1384;280037;83390;17.1;5.1
33;2021-04-11;999;351;281036;83741;17.2;5.1
33;2021-04-12;7407;3268;288443;87009;17.7;5.3
33;2021-04-13;9303;3467;297746;90476;18.2;5.5
33;2021-04-14;9024;3625;306770;94101;18.8;5.8
33;2021-04-15;10070;3858;316840;97959;19.4;6.0
33;2021-04-16;9708;4217;326548;102176;20.0;6.3
33;2021-04-17;4649;1654;331197;103830;20.3;6.4
33;2021-04-18;925;413;332122;104243;20.3;6.4
33;2021-04-19;5600;3834;337722;108077;20.7;6.6
33;2021-04-20;7279;4249;345001;112326;21.1;6.9
33;2021-04-21;6582;4343;351583;116669;21.5;7.1
33;2021-04-22;7337;4463;358920;121132;22.0;7.4
33;2021-04-23;7676;4777;366596;125909;22.4;7.7
33;2021-04-24;4487;1795;371083;127704;22.7;7.8
33;2021-04-25;1644;418;372727;128122;22.8;7.8
33;2021-04-26;5253;5079;377980;133201;23.1;8.2
33;2021-04-27;6561;5589;384541;138790;23.5;8.5
33;2021-04-28;6761;5557;391302;144347;24.0;8.8
33;2021-04-29;8395;6206;399697;150553;24.5;9.2
33;2021-04-30;8722;6132;408419;156685;25.0;9.6
33;2021-05-01;2894;511;411313;157196;25.2;9.6
33;2021-05-02;1834;343;413147;157539;25.3;9.6
33;2021-05-03;7006;5220;420153;162759;25.7;10.0
33;2021-05-04;6823;6661;426976;169420;26.1;10.4
33;2021-05-05;7133;7566;434109;176986;26.6;10.8
33;2021-05-06;8694;8224;442803;185210;27.1;11.3
33;2021-05-07;8590;8901;451393;194111;27.6;11.9
33;2021-05-08;3538;1595;454931;195706;27.9;12.0
33;2021-05-09;1113;966;456044;196672;27.9;12.0
33;2021-05-10;6867;7288;462911;203960;28.3;12.5
33;2021-05-11;8626;7814;471537;211774;28.9;13.0
33;2021-05-12;9165;6684;480702;218458;29.4;13.4
33;2021-05-13;5199;2106;485901;220564;29.7;13.5
33;2021-05-14;8121;5352;494022;225916;30.2;13.8
33;2021-05-15;5169;2871;499191;228787;30.6;14.0
33;2021-05-16;1837;805;501028;229592;30.7;14.1
33;2021-05-17;8853;5090;509881;234682;31.2;14.4
33;2021-05-18;10602;4861;520483;239543;31.9;14.7
33;2021-05-19;10893;4779;531376;244322;32.5;15.0
33;2021-05-20;10891;5575;542267;249897;33.2;15.3
33;2021-05-21;10910;6258;553177;256155;33.9;15.7
33;2021-05-22;5112;2747;558289;258902;34.2;15.9
33;2021-05-23;1742;380;560031;259282;34.3;15.9
33;2021-05-24;5406;990;565437;260272;34.6;15.9
33;2021-05-25;9373;5766;574810;266038;35.2;16.3
33;2021-05-26;9671;6021;584481;272059;35.8;16.7
33;2021-05-27;10897;7711;595378;279770;36.4;17.1
33;2021-05-28;10060;9536;605438;289306;37.1;17.7
33;2021-05-29;5035;4101;610473;293407;37.4;18.0
33;2021-05-30;1698;662;612171;294069;37.5;18.0
33;2021-05-31;8546;6425;620717;300494;38.0;18.4
33;2021-06-01;11786;8716;632503;309210;38.7;18.9
33;2021-06-02;11706;8203;644209;317413;39.4;19.4
33;2021-06-03;12693;9179;656902;326592;40.2;20.0
33;2021-06-04;12925;10940;669827;337532;41.0;20.7
33;2021-06-05;5262;5057;675089;342589;41.3;21.0
33;2021-06-06;2520;1192;677609;343781;41.5;21.0
33;2021-06-07;9749;8486;687358;352267;42.1;21.6
33;2021-06-08;11919;9442;699277;361709;42.8;22.1
33;2021-06-09;11754;8529;711031;370238;43.5;22.7
33;2021-06-10;12915;8368;723946;378606;44.3;23.2
33;2021-06-11;12482;11175;736428;389781;45.1;23.9
33;2021-06-12;6164;4479;742592;394260;45.5;24.1
33;2021-06-13;2609;1278;745201;395538;45.6;24.2
33;2021-06-14;8557;10145;753758;405683;46.1;24.8
33;2021-06-15;11985;10257;765743;415940;46.9;25.5
33;2021-06-16;11995;8848;777738;424788;47.6;26.0
33;2021-06-17;13026;9593;790764;434381;48.4;26.6
33;2021-06-18;11734;11432;802498;445813;49.1;27.3
33;2021-06-19;5587;4808;808085;450621;49.5;27.6
33;2021-06-20;2931;1464;811016;452085;49.7;27.7
33;2021-06-21;7818;10155;818834;462240;50.1;28.3
33;2021-06-22;9007;11086;827841;473326;50.7;29.0
33;2021-06-23;8589;10835;836430;484161;51.2;29.6
33;2021-06-24;9669;9976;846099;494137;51.8;30.3
33;2021-06-25;7896;13720;853995;507857;52.3;31.1
33;2021-06-26;4305;5926;858300;513783;52.5;31.5
33;2021-06-27;2451;1957;860751;515740;52.7;31.6
33;2021-06-28;4816;12790;865567;528530;53.0;32.4
33;2021-06-29;6384;13655;871951;542185;53.4;33.2
33;2021-06-30;6588;13386;878539;555571;53.8;34.0
33;2021-07-01;7905;11798;886444;567369;54.3;34.7
33;2021-07-02;6739;15112;893183;582481;54.7;35.7
33;2021-07-03;3139;6778;896322;589259;54.9;36.1
33;2021-07-04;2037;2373;898359;591632;55.0;36.2
33;2021-07-05;4289;12909;902648;604541;55.3;37.0
33;2021-07-06;6067;14608;908715;619149;55.6;37.9
33;2021-07-07;6640;13051;915355;632200;56.0;38.7
33;2021-07-08;7857;12740;923212;644940;56.5;39.5
33;2021-07-09;6288;15095;929500;660035;56.9;40.4
33;2021-07-10;3057;7155;932557;667190;57.1;40.8
33;2021-07-11;1829;2298;934386;669488;57.2;41.0
33;2021-07-12;3875;14708;938261;684196;57.4;41.9
33;2021-07-13;7071;16087;945332;700283;57.9;42.9
33;2021-07-14;3653;5303;948985;705586;58.1;43.2
33;2021-07-15;7511;15948;956496;721534;58.6;44.2
33;2021-07-16;8456;15124;964952;736658;59.1;45.1
33;2021-07-17;3076;6411;968028;743069;59.3;45.5
33;2021-07-18;1678;3199;969706;746268;59.4;45.7
33;2021-07-19;5766;15085;975472;761353;59.7;46.6
33;2021-07-20;7332;16093;982804;777446;60.2;47.6
33;2021-07-21;8214;14489;991018;791935;60.7;48.5
34;2020-12-27;0;0;0;0;0.0;0.0
34;2020-12-28;1;0;1;0;0.0;0.0
34;2020-12-29;0;0;1;0;0.0;0.0
34;2020-12-30;0;0;1;0;0.0;0.0
34;2020-12-31;0;0;1;0;0.0;0.0
34;2021-01-01;1;0;2;0;0.0;0.0
34;2021-01-02;0;0;2;0;0.0;0.0
34;2021-01-03;0;0;2;0;0.0;0.0
34;2021-01-04;21;0;23;0;0.0;0.0
34;2021-01-05;106;1;129;1;0.0;0.0
34;2021-01-06;198;1;327;2;0.0;0.0
34;2021-01-07;363;0;690;2;0.1;0.0
34;2021-01-08;606;0;1296;2;0.1;0.0
34;2021-01-09;244;0;1540;2;0.1;0.0
34;2021-01-10;93;1;1633;3;0.1;0.0
34;2021-01-11;559;1;2192;4;0.2;0.0
34;2021-01-12;1006;1;3198;5;0.3;0.0
34;2021-01-13;1097;6;4295;11;0.4;0.0
34;2021-01-14;1946;13;6241;24;0.5;0.0
34;2021-01-15;1467;5;7708;29;0.7;0.0
34;2021-01-16;329;6;8037;35;0.7;0.0
34;2021-01-17;233;0;8270;35;0.7;0.0
34;2021-01-18;1124;4;9394;39;0.8;0.0
34;2021-01-19;1609;7;11003;46;0.9;0.0
34;2021-01-20;2060;6;13063;52;1.1;0.0
34;2021-01-21;4183;8;17246;60;1.5;0.0
34;2021-01-22;2546;8;19792;68;1.7;0.0
34;2021-01-23;598;1;20390;69;1.7;0.0
34;2021-01-24;2;0;20392;69;1.7;0.0
34;2021-01-25;1242;5;21634;74;1.8;0.0
34;2021-01-26;1457;20;23091;94;2.0;0.0
34;2021-01-27;1465;23;24556;117;2.1;0.0
34;2021-01-28;1388;123;25944;240;2.2;0.0
34;2021-01-29;1255;136;27199;376;2.3;0.0
34;2021-01-30;479;25;27678;401;2.4;0.0
34;2021-01-31;2;0;27680;401;2.4;0.0
34;2021-02-01;1027;253;28707;654;2.4;0.1
34;2021-02-02;1453;446;30160;1100;2.6;0.1
34;2021-02-03;2638;527;32798;1627;2.8;0.1
34;2021-02-04;2302;886;35100;2513;3.0;0.2
34;2021-02-05;1887;1185;36987;3698;3.1;0.3
34;2021-02-06;484;242;37471;3940;3.2;0.3
34;2021-02-07;29;108;37500;4048;3.2;0.3
34;2021-02-08;860;1066;38360;5114;3.3;0.4
34;2021-02-09;1029;1311;39389;6425;3.3;0.5
34;2021-02-10;1286;1516;40675;7941;3.5;0.7
34;2021-02-11;1768;2713;42443;10654;3.6;0.9
34;2021-02-12;1899;1643;44342;12297;3.8;1.0
34;2021-02-13;351;513;44693;12810;3.8;1.1
34;2021-02-14;22;287;44715;13097;3.8;1.1
34;2021-02-15;665;1213;45380;14310;3.9;1.2
34;2021-02-16;666;1538;46046;15848;3.9;1.3
34;2021-02-17;710;1534;46756;17382;4.0;1.5
34;2021-02-18;833;1500;47589;18882;4.0;1.6
34;2021-02-19;817;1231;48406;20113;4.1;1.7
34;2021-02-20;299;485;48705;20598;4.1;1.8
34;2021-02-21;61;18;48766;20616;4.1;1.8
34;2021-02-22;629;1315;49395;21931;4.2;1.9
34;2021-02-23;558;1486;49953;23417;4.2;2.0
34;2021-02-24;927;2336;50880;25753;4.3;2.2
34;2021-02-25;1598;2275;52478;28028;4.5;2.4
34;2021-02-26;1848;1620;54326;29648;4.6;2.5
34;2021-02-27;700;432;55026;30080;4.7;2.6
34;2021-02-28;85;64;55111;30144;4.7;2.6
34;2021-03-01;925;1170;56036;31314;4.8;2.7
34;2021-03-02;1588;1287;57624;32601;4.9;2.8
34;2021-03-03;1827;1409;59451;34010;5.1;2.9
34;2021-03-04;2857;1617;62308;35627;5.3;3.0
34;2021-03-05;3667;1537;65975;37164;5.6;3.2
34;2021-03-06;2638;201;68613;37365;5.8;3.2
34;2021-03-07;1240;74;69853;37439;5.9;3.2
34;2021-03-08;2776;1008;72629;38447;6.2;3.3
34;2021-03-09;4007;1440;76636;39887;6.5;3.4
34;2021-03-10;3987;1329;80623;41216;6.9;3.5
34;2021-03-11;5423;1270;86046;42486;7.3;3.6
34;2021-03-12;6490;913;92536;43399;7.9;3.7
34;2021-03-13;3128;169;95664;43568;8.1;3.7
34;2021-03-14;999;53;96663;43621;8.2;3.7
34;2021-03-15;3291;555;99954;44176;8.5;3.8
34;2021-03-16;2900;651;102854;44827;8.7;3.8
34;2021-03-17;3300;714;106154;45541;9.0;3.9
34;2021-03-18;3440;895;109594;46436;9.3;3.9
34;2021-03-19;4682;774;114276;47210;9.7;4.0
34;2021-03-20;3132;52;117408;47262;10.0;4.0
34;2021-03-21;1989;51;119397;47313;10.2;4.0
34;2021-03-22;3677;458;123074;47771;10.5;4.1
34;2021-03-23;4946;522;128020;48293;10.9;4.1
34;2021-03-24;5202;624;133222;48917;11.3;4.2
34;2021-03-25;7186;698;140408;49615;11.9;4.2
34;2021-03-26;7161;556;147569;50171;12.5;4.3
34;2021-03-27;2364;73;149933;50244;12.7;4.3
34;2021-03-28;695;14;150628;50258;12.8;4.3
34;2021-03-29;4173;742;154801;51000;13.2;4.3
34;2021-03-30;5207;954;160008;51954;13.6;4.4
34;2021-03-31;5058;1188;165066;53142;14.0;4.5
34;2021-04-01;7016;986;172082;54128;14.6;4.6
34;2021-04-02;5816;1160;177898;55288;15.1;4.7
34;2021-04-03;1136;82;179034;55370;15.2;4.7
34;2021-04-04;162;5;179196;55375;15.2;4.7
34;2021-04-05;428;26;179624;55401;15.3;4.7
34;2021-04-06;3121;2452;182745;57853;15.5;4.9
34;2021-04-07;3378;2639;186123;60492;15.8;5.1
34;2021-04-08;5243;2811;191366;63303;16.3;5.4
34;2021-04-09;8060;2476;199426;65779;17.0;5.6
34;2021-04-10;3163;1359;202589;67138;17.2;5.7
34;2021-04-11;1710;803;204299;67941;17.4;5.8
34;2021-04-12;4472;2516;208771;70457;17.8;6.0
34;2021-04-13;5233;3040;214004;73497;18.2;6.2
34;2021-04-14;5614;3222;219618;76719;18.7;6.5
34;2021-04-15;6986;3140;226604;79859;19.3;6.8
34;2021-04-16;6563;3163;233167;83022;19.8;7.1
34;2021-04-17;2368;2060;235535;85082;20.0;7.2
34;2021-04-18;988;1712;236523;86794;20.1;7.4
34;2021-04-19;3416;3128;239939;89922;20.4;7.6
34;2021-04-20;3759;3668;243698;93590;20.7;8.0
34;2021-04-21;4237;3712;247935;97302;21.1;8.3
34;2021-04-22;4483;4604;252418;101906;21.5;8.7
34;2021-04-23;5350;3504;257768;105410;21.9;9.0
34;2021-04-24;3161;1569;260929;106979;22.2;9.1
34;2021-04-25;1920;639;262849;107618;22.3;9.2
34;2021-04-26;4211;3471;267060;111089;22.7;9.4
34;2021-04-27;5120;4013;272180;115102;23.1;9.8
34;2021-04-28;5754;3537;277934;118639;23.6;10.1
34;2021-04-29;6414;3925;284348;122564;24.2;10.4
34;2021-04-30;7857;3282;292205;125846;24.8;10.7
34;2021-05-01;2403;499;294608;126345;25.0;10.7
34;2021-05-02;3256;313;297864;126658;25.3;10.8
34;2021-05-03;6569;2888;304433;129546;25.9;11.0
34;2021-05-04;7110;3783;311543;133329;26.5;11.3
34;2021-05-05;6492;4524;318035;137853;27.0;11.7
34;2021-05-06;6932;5203;324967;143056;27.6;12.2
34;2021-05-07;6922;5675;331889;148731;28.2;12.6
34;2021-05-08;3604;1158;335493;149889;28.5;12.7
34;2021-05-09;2174;1284;337667;151173;28.7;12.9
34;2021-05-10;5855;4793;343522;155966;29.2;13.3
34;2021-05-11;7413;5313;350935;161279;29.8;13.7
34;2021-05-12;7735;4453;358670;165732;30.5;14.1
34;2021-05-13;6116;769;364786;166501;31.0;14.2
34;2021-05-14;7480;3724;372266;170225;31.7;14.5
34;2021-05-15;4863;1683;377129;171908;32.1;14.6
34;2021-05-16;4945;456;382074;172364;32.5;14.7
34;2021-05-17;8676;1979;390750;174343;33.2;14.8
34;2021-05-18;9129;1961;399879;176304;34.0;15.0
34;2021-05-19;8616;1796;408495;178100;34.7;15.1
34;2021-05-20;8860;2498;417355;180598;35.5;15.4
34;2021-05-21;8777;3213;426132;183811;36.2;15.6
34;2021-05-22;5786;1144;431918;184955;36.7;15.7
34;2021-05-23;3879;541;435797;185496;37.1;15.8
34;2021-05-24;1896;852;437693;186348;37.2;15.8
34;2021-05-25;7132;3803;444825;190151;37.8;16.2
34;2021-05-26;8306;3012;453131;193163;38.5;16.4
34;2021-05-27;8315;4288;461446;197451;39.2;16.8
34;2021-05-28;8037;5436;469483;202887;39.9;17.3
34;2021-05-29;4003;3102;473486;205989;40.3;17.5
34;2021-05-30;1987;1390;475473;207379;40.4;17.6
34;2021-05-31;5874;5239;481347;212618;40.9;18.1
34;2021-06-01;6938;6104;488285;218722;41.5;18.6
34;2021-06-02;6121;5802;494406;224524;42.0;19.1
34;2021-06-03;7703;6493;502109;231017;42.7;19.6
34;2021-06-04;7645;7587;509754;238604;43.3;20.3
34;2021-06-05;4133;3668;513887;242272;43.7;20.6
34;2021-06-06;3262;1864;517149;244136;44.0;20.8
34;2021-06-07;4407;6756;521556;250892;44.3;21.3
34;2021-06-08;5844;6810;527400;257702;44.8;21.9
34;2021-06-09;5815;6818;533215;264520;45.3;22.5
34;2021-06-10;6278;6860;539493;271380;45.9;23.1
34;2021-06-11;5382;9263;544875;280643;46.3;23.9
34;2021-06-12;3159;4717;548034;285360;46.6;24.3
34;2021-06-13;1071;1903;549105;287263;46.7;24.4
34;2021-06-14;3432;7808;552537;295071;47.0;25.1
34;2021-06-15;3931;8785;556468;303856;47.3;25.8
34;2021-06-16;4582;7840;561050;311696;47.7;26.5
34;2021-06-17;4188;7953;565238;319649;48.1;27.2
34;2021-06-18;4321;9313;569559;328962;48.4;28.0
34;2021-06-19;2725;4393;572284;333355;48.7;28.3
34;2021-06-20;884;2871;573168;336226;48.7;28.6
34;2021-06-21;2157;8551;575325;344777;48.9;29.3
34;2021-06-22;2960;9401;578285;354178;49.2;30.1
34;2021-06-23;3490;8966;581775;363144;49.5;30.9
34;2021-06-24;3522;8682;585297;371826;49.8;31.6
34;2021-06-25;3304;10441;588601;382267;50.0;32.5
34;2021-06-26;1625;6190;590226;388457;50.2;33.0
34;2021-06-27;301;4270;590527;392727;50.2;33.4
34;2021-06-28;2253;9438;592780;402165;50.4;34.2
34;2021-06-29;2649;10290;595429;412455;50.6;35.1
34;2021-06-30;3236;9532;598665;421987;50.9;35.9
34;2021-07-01;3375;9425;602040;431412;51.2;36.7
34;2021-07-02;3306;9729;605346;441141;51.5;37.5
34;2021-07-03;1652;6167;606998;447308;51.6;38.0
34;2021-07-04;305;2762;607303;450070;51.6;38.3
34;2021-07-05;3160;7994;610463;458064;51.9;38.9
34;2021-07-06;3388;9162;613851;467226;52.2;39.7
34;2021-07-07;3211;8625;617062;475851;52.5;40.5
34;2021-07-08;4213;8830;621275;484681;52.8;41.2
34;2021-07-09;3859;9311;625134;493992;53.2;42.0
34;2021-07-10;2088;5692;627222;499684;53.3;42.5
34;2021-07-11;917;2574;628139;502258;53.4;42.7
34;2021-07-12;2817;8951;630956;511209;53.6;43.5
34;2021-07-13;4499;9987;635455;521196;54.0;44.3
34;2021-07-14;698;337;636153;521533;54.1;44.3
34;2021-07-15;5743;10330;641896;531863;54.6;45.2
34;2021-07-16;5659;10642;647555;542505;55.1;46.1
34;2021-07-17;4428;4367;651983;546872;55.4;46.5
34;2021-07-18;192;183;652175;547055;55.5;46.5
34;2021-07-19;5007;8262;657182;555317;55.9;47.2
34;2021-07-20;6720;8311;663902;563628;56.4;47.9
34;2021-07-21;6967;7686;670869;571314;57.0;48.6
35;2020-12-27;0;0;0;0;0.0;0.0
35;2020-12-28;0;0;0;0;0.0;0.0
35;2020-12-29;0;0;0;0;0.0;0.0
35;2020-12-30;0;0;0;0;0.0;0.0
35;2020-12-31;0;0;0;0;0.0;0.0
35;2021-01-01;2;0;2;0;0.0;0.0
35;2021-01-02;0;0;2;0;0.0;0.0
35;2021-01-03;0;0;2;0;0.0;0.0
35;2021-01-04;8;0;10;0;0.0;0.0
35;2021-01-05;108;0;118;0;0.0;0.0
35;2021-01-06;173;0;291;0;0.0;0.0
35;2021-01-07;438;1;729;1;0.1;0.0
35;2021-01-08;513;2;1242;3;0.1;0.0
35;2021-01-09;31;0;1273;3;0.1;0.0
35;2021-01-10;1;0;1274;3;0.1;0.0
35;2021-01-11;538;0;1812;3;0.2;0.0
35;2021-01-12;885;1;2697;4;0.2;0.0
35;2021-01-13;967;1;3664;5;0.3;0.0
35;2021-01-14;1254;17;4918;22;0.5;0.0
35;2021-01-15;725;2;5643;24;0.5;0.0
35;2021-01-16;186;1;5829;25;0.5;0.0
35;2021-01-17;43;0;5872;25;0.5;0.0
35;2021-01-18;1220;3;7092;28;0.7;0.0
35;2021-01-19;5365;9;12457;37;1.2;0.0
35;2021-01-20;3198;7;15655;44;1.4;0.0
35;2021-01-21;3624;5;19279;49;1.8;0.0
35;2021-01-22;2085;9;21364;58;2.0;0.0
35;2021-01-23;420;1;21784;59;2.0;0.0
35;2021-01-24;49;0;21833;59;2.0;0.0
35;2021-01-25;914;17;22747;76;2.1;0.0
35;2021-01-26;1127;137;23874;213;2.2;0.0
35;2021-01-27;1031;129;24905;342;2.3;0.0
35;2021-01-28;915;299;25820;641;2.4;0.1
35;2021-01-29;724;293;26544;934;2.5;0.1
35;2021-01-30;139;20;26683;954;2.5;0.1
35;2021-01-31;0;0;26683;954;2.5;0.1
35;2021-02-01;665;336;27348;1290;2.5;0.1
35;2021-02-02;720;490;28068;1780;2.6;0.2
35;2021-02-03;657;506;28725;2286;2.7;0.2
35;2021-02-04;588;656;29313;2942;2.7;0.3
35;2021-02-05;619;563;29932;3505;2.8;0.3
35;2021-02-06;165;5;30097;3510;2.8;0.3
35;2021-02-07;1;0;30098;3510;2.8;0.3
35;2021-02-08;445;660;30543;4170;2.8;0.4
35;2021-02-09;1712;3553;32255;7723;3.0;0.7
35;2021-02-10;1369;2707;33624;10430;3.1;1.0
35;2021-02-11;1915;3215;35539;13645;3.3;1.3
35;2021-02-12;1630;1738;37169;15383;3.4;1.4
35;2021-02-13;58;254;37227;15637;3.4;1.4
35;2021-02-14;7;68;37234;15705;3.4;1.5
35;2021-02-15;771;1102;38005;16807;3.5;1.6
35;2021-02-16;918;1031;38923;17838;3.6;1.6
35;2021-02-17;888;1101;39811;18939;3.7;1.8
35;2021-02-18;1015;999;40826;19938;3.8;1.8
35;2021-02-19;1008;970;41834;20908;3.9;1.9
35;2021-02-20;141;49;41975;20957;3.9;1.9
35;2021-02-21;1;0;41976;20957;3.9;1.9
35;2021-02-22;772;833;42748;21790;4.0;2.0
35;2021-02-23;1286;860;44034;22650;4.1;2.1
35;2021-02-24;1403;817;45437;23467;4.2;2.2
35;2021-02-25;2243;780;47680;24247;4.4;2.2
35;2021-02-26;2597;731;50277;24978;4.6;2.3
35;2021-02-27;868;101;51145;25079;4.7;2.3
35;2021-02-28;5;0;51150;25079;4.7;2.3
35;2021-03-01;952;693;52102;25772;4.8;2.4
35;2021-03-02;1629;1991;53731;27763;5.0;2.6
35;2021-03-03;1903;964;55634;28727;5.1;2.7
35;2021-03-04;2912;1405;58546;30132;5.4;2.8
35;2021-03-05;3709;1321;62255;31453;5.8;2.9
35;2021-03-06;1338;84;63593;31537;5.9;2.9
35;2021-03-07;1;40;63594;31577;5.9;2.9
35;2021-03-08;1469;579;65063;32156;6.0;3.0
35;2021-03-09;3224;585;68287;32741;6.3;3.0
35;2021-03-10;2896;557;71183;33298;6.6;3.1
35;2021-03-11;4188;690;75371;33988;7.0;3.1
35;2021-03-12;6046;580;81417;34568;7.5;3.2
35;2021-03-13;2422;128;83839;34696;7.7;3.2
35;2021-03-14;17;25;83856;34721;7.7;3.2
35;2021-03-15;1963;667;85819;35388;7.9;3.3
35;2021-03-16;2494;716;88313;36104;8.2;3.3
35;2021-03-17;2383;591;90696;36695;8.4;3.4
35;2021-03-18;2326;595;93022;37290;8.6;3.4
35;2021-03-19;3540;494;96562;37784;8.9;3.5
35;2021-03-20;1532;108;98094;37892;9.1;3.5
35;2021-03-21;35;1;98129;37893;9.1;3.5
35;2021-03-22;1742;840;99871;38733;9.2;3.6
35;2021-03-23;3612;1172;103483;39905;9.6;3.7
35;2021-03-24;3717;987;107200;40892;9.9;3.8
35;2021-03-25;5324;983;112524;41875;10.4;3.9
35;2021-03-26;5836;800;118360;42675;10.9;3.9
35;2021-03-27;1413;204;119773;42879;11.1;4.0
35;2021-03-28;4;0;119777;42879;11.1;4.0
35;2021-03-29;2777;912;122554;43791;11.3;4.0
35;2021-03-30;4285;1330;126839;45121;11.7;4.2
35;2021-03-31;3462;1334;130301;46455;12.0;4.3
35;2021-04-01;4241;1227;134542;47682;12.4;4.4
35;2021-04-02;4858;1199;139400;48881;12.9;4.5
35;2021-04-03;760;214;140160;49095;13.0;4.5
35;2021-04-04;5;0;140165;49095;13.0;4.5
35;2021-04-05;17;1;140182;49096;13.0;4.5
35;2021-04-06;3263;2047;143445;51143;13.3;4.7
35;2021-04-07;3952;1842;147397;52985;13.6;4.9
35;2021-04-08;5801;1575;153198;54560;14.2;5.0
35;2021-04-09;7420;1402;160618;55962;14.8;5.2
35;2021-04-10;1853;248;162471;56210;15.0;5.2
35;2021-04-11;36;23;162507;56233;15.0;5.2
35;2021-04-12;5131;1594;167638;57827;15.5;5.3
35;2021-04-13;7611;2765;175249;60592;16.2;5.6
35;2021-04-14;6310;2290;181559;62882;16.8;5.8
35;2021-04-15;7558;2145;189117;65027;17.5;6.0
35;2021-04-16;8078;1727;197195;66754;18.2;6.2
35;2021-04-17;1568;216;198763;66970;18.4;6.2
35;2021-04-18;9;3;198772;66973;18.4;6.2
35;2021-04-19;4806;1668;203578;68641;18.8;6.3
35;2021-04-20;5157;2627;208735;71268;19.3;6.6
35;2021-04-21;5128;2192;213863;73460;19.8;6.8
35;2021-04-22;6415;2301;220278;75761;20.4;7.0
35;2021-04-23;6803;2336;227081;78097;21.0;7.2
35;2021-04-24;1125;261;228206;78358;21.1;7.2
35;2021-04-25;3;16;228209;78374;21.1;7.2
35;2021-04-26;5086;2143;233295;80517;21.6;7.4
35;2021-04-27;6082;3195;239377;83712;22.1;7.7
35;2021-04-28;6167;2552;245544;86264;22.7;8.0
35;2021-04-29;7110;2741;252654;89005;23.3;8.2
35;2021-04-30;7544;2519;260198;91524;24.0;8.5
35;2021-05-01;612;237;260810;91761;24.1;8.5
35;2021-05-02;10;21;260820;91782;24.1;8.5
35;2021-05-03;5310;2322;266130;94104;24.6;8.7
35;2021-05-04;5079;5322;271209;99426;25.1;9.2
35;2021-05-05;4875;4437;276084;103863;25.5;9.6
35;2021-05-06;6157;5259;282241;109122;26.1;10.1
35;2021-05-07;5601;5242;287842;114364;26.6;10.6
35;2021-05-08;1717;135;289559;114499;26.8;10.6
35;2021-05-09;694;75;290253;114574;26.8;10.6
35;2021-05-10;3714;4961;293967;119535;27.2;11.0
35;2021-05-11;4752;5793;298719;125328;27.6;11.6
35;2021-05-12;5271;5492;303990;130820;28.1;12.1
35;2021-05-13;2687;1423;306677;132243;28.3;12.2
35;2021-05-14;5453;4279;312130;136522;28.8;12.6
35;2021-05-15;2925;714;315055;137236;29.1;12.7
35;2021-05-16;994;60;316049;137296;29.2;12.7
35;2021-05-17;4479;3885;320528;141181;29.6;13.0
35;2021-05-18;5832;4322;326360;145503;30.2;13.4
35;2021-05-19;5858;3615;332218;149118;30.7;13.8
35;2021-05-20;6436;4009;338654;153127;31.3;14.2
35;2021-05-21;6125;4763;344779;157890;31.9;14.6
35;2021-05-22;2108;738;346887;158628;32.1;14.7
35;2021-05-23;687;46;347574;158674;32.1;14.7
35;2021-05-24;3200;1293;350774;159967;32.4;14.8
35;2021-05-25;5538;4270;356312;164237;32.9;15.2
35;2021-05-26;5714;4154;362026;168391;33.5;15.6
35;2021-05-27;6517;4777;368543;173168;34.1;16.0
35;2021-05-28;6327;5579;374870;178747;34.6;16.5
35;2021-05-29;2872;1147;377742;179894;34.9;16.6
35;2021-05-30;876;39;378618;179933;35.0;16.6
35;2021-05-31;6305;4386;384923;184319;35.6;17.0
35;2021-06-01;7362;5116;392285;189435;36.3;17.5
35;2021-06-02;7202;3786;399487;193221;36.9;17.9
35;2021-06-03;8139;4988;407626;198209;37.7;18.3
35;2021-06-04;7255;7464;414881;205673;38.3;19.0
35;2021-06-05;4137;1576;419018;207249;38.7;19.2
35;2021-06-06;3049;148;422067;207397;39.0;19.2
35;2021-06-07;5773;5769;427840;213166;39.5;19.7
35;2021-06-08;7590;5944;435430;219110;40.2;20.2
35;2021-06-09;8449;4815;443879;223925;41.0;20.7
35;2021-06-10;9305;4741;453184;228666;41.9;21.1
35;2021-06-11;8610;7469;461794;236135;42.7;21.8
35;2021-06-12;4680;1203;466474;237338;43.1;21.9
35;2021-06-13;3375;222;469849;237560;43.4;22.0
35;2021-06-14;6194;6511;476043;244071;44.0;22.6
35;2021-06-15;7457;6950;483500;251021;44.7;23.2
35;2021-06-16;8269;5620;491769;256641;45.4;23.7
35;2021-06-17;8829;5895;500598;262536;46.3;24.3
35;2021-06-18;8619;8099;509217;270635;47.1;25.0
35;2021-06-19;1495;2508;510712;273143;47.2;25.2
35;2021-06-20;2947;880;513659;274023;47.5;25.3
35;2021-06-21;5856;6375;519515;280398;48.0;25.9
35;2021-06-22;6747;7501;526262;287899;48.6;26.6
35;2021-06-23;7174;6143;533436;294042;49.3;27.2
35;2021-06-24;8296;5910;541732;299952;50.1;27.7
35;2021-06-25;6564;8463;548296;308415;50.7;28.5
35;2021-06-26;1092;3083;549388;311498;50.8;28.8
35;2021-06-27;2623;1026;552011;312524;51.0;28.9
35;2021-06-28;4253;7771;556264;320295;51.4;29.6
35;2021-06-29;5031;7980;561295;328275;51.9;30.3
35;2021-06-30;5541;7893;566836;336168;52.4;31.1
35;2021-07-01;6399;7538;573235;343706;53.0;31.8
35;2021-07-02;5278;9861;578513;353567;53.5;32.7
35;2021-07-03;1064;2843;579577;356410;53.6;32.9
35;2021-07-04;2139;1551;581716;357961;53.8;33.1
35;2021-07-05;3687;8211;585403;366172;54.1;33.8
35;2021-07-06;4704;9469;590107;375641;54.5;34.7
35;2021-07-07;4967;8332;595074;383973;55.0;35.5
35;2021-07-08;5285;8485;600359;392458;55.5;36.3
35;2021-07-09;3842;11540;604201;403998;55.8;37.3
35;2021-07-10;881;3148;605082;407146;55.9;37.6
35;2021-07-11;1290;2358;606372;409504;56.0;37.8
35;2021-07-12;3030;9152;609402;418656;56.3;38.7
35;2021-07-13;3934;10741;613336;429397;56.7;39.7
35;2021-07-14;2134;4449;615470;433846;56.9;40.1
35;2021-07-15;4232;10169;619702;444015;57.3;41.0
35;2021-07-16;4663;10988;624365;455003;57.7;42.0
35;2021-07-17;1964;4061;626329;459064;57.9;42.4
35;2021-07-18;841;2568;627170;461632;58.0;42.7
35;2021-07-19;3218;8966;630388;470598;58.3;43.5
35;2021-07-20;4154;10579;634542;481177;58.6;44.5
35;2021-07-21;4217;9342;638759;490519;59.0;45.3
36;2020-12-27;0;0;0;0;0.0;0.0
36;2020-12-28;0;0;0;0;0.0;0.0
36;2020-12-29;0;0;0;0;0.0;0.0
36;2020-12-30;0;0;0;0;0.0;0.0
36;2020-12-31;0;0;0;0;0.0;0.0
36;2021-01-01;0;0;0;0;0.0;0.0
36;2021-01-02;0;0;0;0;0.0;0.0
36;2021-01-03;0;0;0;0;0.0;0.0
36;2021-01-04;0;0;0;0;0.0;0.0
36;2021-01-05;0;0;0;0;0.0;0.0
36;2021-01-06;23;0;23;0;0.0;0.0
36;2021-01-07;51;0;74;0;0.0;0.0
36;2021-01-08;111;0;185;0;0.1;0.0
36;2021-01-09;83;0;268;0;0.1;0.0
36;2021-01-10;142;0;410;0;0.2;0.0
36;2021-01-11;238;1;648;1;0.3;0.0
36;2021-01-12;282;0;930;1;0.4;0.0
36;2021-01-13;198;1;1128;2;0.5;0.0
36;2021-01-14;505;4;1633;6;0.8;0.0
36;2021-01-15;179;1;1812;7;0.8;0.0
36;2021-01-16;24;0;1836;7;0.8;0.0
36;2021-01-17;16;2;1852;9;0.9;0.0
36;2021-01-18;613;5;2465;14;1.1;0.0
36;2021-01-19;1154;3;3619;17;1.7;0.0
36;2021-01-20;1096;3;4715;20;2.2;0.0
36;2021-01-21;720;0;5435;20;2.5;0.0
36;2021-01-22;856;4;6291;24;2.9;0.0
36;2021-01-23;295;0;6586;24;3.0;0.0
36;2021-01-24;185;1;6771;25;3.1;0.0
36;2021-01-25;640;4;7411;29;3.4;0.0
36;2021-01-26;609;1;8020;30;3.7;0.0
36;2021-01-27;845;18;8865;48;4.1;0.0
36;2021-01-28;477;47;9342;95;4.3;0.0
36;2021-01-29;573;98;9915;193;4.6;0.1
36;2021-01-30;288;73;10203;266;4.7;0.1
36;2021-01-31;115;136;10318;402;4.8;0.2
36;2021-02-01;378;100;10696;502;4.9;0.2
36;2021-02-02;410;175;11106;677;5.1;0.3
36;2021-02-03;471;264;11577;941;5.3;0.4
36;2021-02-04;275;281;11852;1222;5.5;0.6
36;2021-02-05;302;164;12154;1386;5.6;0.6
36;2021-02-06;0;0;12154;1386;5.6;0.6
36;2021-02-07;1;0;12155;1386;5.6;0.6
36;2021-02-08;280;259;12435;1645;5.7;0.8
36;2021-02-09;326;609;12761;2254;5.9;1.0
36;2021-02-10;487;658;13248;2912;6.1;1.3
36;2021-02-11;384;600;13632;3512;6.3;1.6
36;2021-02-12;301;461;13933;3973;6.4;1.8
36;2021-02-13;126;83;14059;4056;6.5;1.9
36;2021-02-14;22;46;14081;4102;6.5;1.9
36;2021-02-15;42;576;14123;4678;6.5;2.2
36;2021-02-16;105;419;14228;5097;6.6;2.3
36;2021-02-17;117;627;14345;5724;6.6;2.6
36;2021-02-18;162;621;14507;6345;6.7;2.9
36;2021-02-19;181;540;14688;6885;6.8;3.2
36;2021-02-20;85;240;14773;7125;6.8;3.3
36;2021-02-21;88;157;14861;7282;6.8;3.4
36;2021-02-22;162;507;15023;7789;6.9;3.6
36;2021-02-23;62;576;15085;8365;6.9;3.9
36;2021-02-24;112;683;15197;9048;7.0;4.2
36;2021-02-25;251;283;15448;9331;7.1;4.3
36;2021-02-26;339;474;15787;9805;7.3;4.5
36;2021-02-27;70;279;15857;10084;7.3;4.6
36;2021-02-28;14;98;15871;10182;7.3;4.7
36;2021-03-01;218;343;16089;10525;7.4;4.8
36;2021-03-02;352;363;16441;10888;7.6;5.0
36;2021-03-03;392;526;16833;11414;7.8;5.3
36;2021-03-04;662;376;17495;11790;8.1;5.4
36;2021-03-05;799;313;18294;12103;8.4;5.6
36;2021-03-06;410;16;18704;12119;8.6;5.6
36;2021-03-07;340;7;19044;12126;8.8;5.6
36;2021-03-08;251;315;19295;12441;8.9;5.7
36;2021-03-09;446;267;19741;12708;9.1;5.9
36;2021-03-10;718;414;20459;13122;9.4;6.0
36;2021-03-11;834;263;21293;13385;9.8;6.2
36;2021-03-12;1444;295;22737;13680;10.5;6.3
36;2021-03-13;573;122;23310;13802;10.7;6.4
36;2021-03-14;113;0;23423;13802;10.8;6.4
36;2021-03-15;648;156;24071;13958;11.1;6.4
36;2021-03-16;447;66;24518;14024;11.3;6.5
36;2021-03-17;764;88;25282;14112;11.6;6.5
36;2021-03-18;414;70;25696;14182;11.8;6.5
36;2021-03-19;736;44;26432;14226;12.2;6.6
36;2021-03-20;450;24;26882;14250;12.4;6.6
36;2021-03-21;0;0;26882;14250;12.4;6.6
36;2021-03-22;496;55;27378;14305;12.6;6.6
36;2021-03-23;776;55;28154;14360;13.0;6.6
36;2021-03-24;1087;73;29241;14433;13.5;6.6
36;2021-03-25;1333;86;30574;14519;14.1;6.7
36;2021-03-26;1419;152;31993;14671;14.7;6.8
36;2021-03-27;475;42;32468;14713;15.0;6.8
36;2021-03-28;68;57;32536;14770;15.0;6.8
36;2021-03-29;461;183;32997;14953;15.2;6.9
36;2021-03-30;582;264;33579;15217;15.5;7.0
36;2021-03-31;1258;166;34837;15383;16.0;7.1
36;2021-04-01;1083;429;35920;15812;16.5;7.3
36;2021-04-02;964;134;36884;15946;17.0;7.3
36;2021-04-03;282;174;37166;16120;17.1;7.4
36;2021-04-04;42;2;37208;16122;17.1;7.4
36;2021-04-05;15;46;37223;16168;17.1;7.4
36;2021-04-06;820;361;38043;16529;17.5;7.6
36;2021-04-07;1073;536;39116;17065;18.0;7.9
36;2021-04-08;1347;476;40463;17541;18.6;8.1
36;2021-04-09;1936;397;42399;17938;19.5;8.3
36;2021-04-10;593;240;42992;18178;19.8;8.4
36;2021-04-11;256;89;43248;18267;19.9;8.4
36;2021-04-12;849;559;44097;18826;20.3;8.7
36;2021-04-13;1137;516;45234;19342;20.8;8.9
36;2021-04-14;1582;857;46816;20199;21.6;9.3
36;2021-04-15;1652;461;48468;20660;22.3;9.5
36;2021-04-16;1488;466;49956;21126;23.0;9.7
36;2021-04-17;893;245;50849;21371;23.4;9.8
36;2021-04-18;383;7;51232;21378;23.6;9.8
36;2021-04-19;874;440;52106;21818;24.0;10.0
36;2021-04-20;1145;519;53251;22337;24.5;10.3
36;2021-04-21;1240;875;54491;23212;25.1;10.7
36;2021-04-22;1592;864;56083;24076;25.8;11.1
36;2021-04-23;1326;613;57409;24689;26.4;11.4
36;2021-04-24;678;377;58087;25066;26.8;11.5
36;2021-04-25;413;95;58500;25161;26.9;11.6
36;2021-04-26;1133;444;59633;25605;27.5;11.8
36;2021-04-27;1280;547;60913;26152;28.1;12.0
36;2021-04-28;1490;1059;62403;27211;28.7;12.5
36;2021-04-29;2015;700;64418;27911;29.7;12.9
36;2021-04-30;1551;450;65969;28361;30.4;13.1
36;2021-05-01;724;63;66693;28424;30.7;13.1
36;2021-05-02;498;61;67191;28485;30.9;13.1
36;2021-05-03;1292;306;68483;28791;31.5;13.3
36;2021-05-04;779;807;69262;29598;31.9;13.6
36;2021-05-05;1281;1307;70543;30905;32.5;14.2
36;2021-05-06;2136;789;72679;31694;33.5;14.6
36;2021-05-07;1467;764;74146;32458;34.1;14.9
36;2021-05-08;306;104;74452;32562;34.3;15.0
36;2021-05-09;175;343;74627;32905;34.4;15.2
36;2021-05-10;1215;811;75842;33716;34.9;15.5
36;2021-05-11;1722;1238;77564;34954;35.7;16.1
36;2021-05-12;1813;1476;79377;36430;36.6;16.8
36;2021-05-13;548;304;79925;36734;36.8;16.9
36;2021-05-14;698;1037;80623;37771;37.1;17.4
36;2021-05-15;634;590;81257;38361;37.4;17.7
36;2021-05-16;337;377;81594;38738;37.6;17.8
36;2021-05-17;614;943;82208;39681;37.9;18.3
36;2021-05-18;874;938;83082;40619;38.3;18.7
36;2021-05-19;1332;842;84414;41461;38.9;19.1
36;2021-05-20;1609;1209;86023;42670;39.6;19.7
36;2021-05-21;1106;1069;87129;43739;40.1;20.1
36;2021-05-22;677;341;87806;44080;40.4;20.3
36;2021-05-23;425;294;88231;44374;40.6;20.4
36;2021-05-24;505;468;88736;44842;40.9;20.7
36;2021-05-25;1045;685;89781;45527;41.3;21.0
36;2021-05-26;1473;1165;91254;46692;42.0;21.5
36;2021-05-27;1398;976;92652;47668;42.7;22.0
36;2021-05-28;922;1481;93574;49149;43.1;22.6
36;2021-05-29;700;507;94274;49656;43.4;22.9
36;2021-05-30;110;573;94384;50229;43.5;23.1
36;2021-05-31;1137;761;95521;50990;44.0;23.5
36;2021-06-01;1409;824;96930;51814;44.6;23.9
36;2021-06-02;2059;588;98989;52402;45.6;24.1
36;2021-06-03;1891;1173;100880;53575;46.5;24.7
36;2021-06-04;1771;1046;102651;54621;47.3;25.2
36;2021-06-05;690;654;103341;55275;47.6;25.5
36;2021-06-06;336;272;103677;55547;47.7;25.6
36;2021-06-07;982;808;104659;56355;48.2;26.0
36;2021-06-08;956;979;105615;57334;48.6;26.4
36;2021-06-09;1672;1042;107287;58376;49.4;26.9
36;2021-06-10;1531;1357;108818;59733;50.1;27.5
36;2021-06-11;1285;1498;110103;61231;50.7;28.2
36;2021-06-12;918;781;111021;62012;51.1;28.6
36;2021-06-13;343;270;111364;62282;51.3;28.7
36;2021-06-14;604;1269;111968;63551;51.6;29.3
36;2021-06-15;730;1215;112698;64766;51.9;29.8
36;2021-06-16;899;1519;113597;66285;52.3;30.5
36;2021-06-17;746;1905;114343;68190;52.7;31.4
36;2021-06-18;703;1882;115046;70072;53.0;32.3
36;2021-06-19;293;395;115339;70467;53.1;32.5
36;2021-06-20;235;325;115574;70792;53.2;32.6
36;2021-06-21;683;1450;116257;72242;53.5;33.3
36;2021-06-22;839;1550;117096;73792;53.9;34.0
36;2021-06-23;770;1795;117866;75587;54.3;34.8
36;2021-06-24;850;1524;118716;77111;54.7;35.5
36;2021-06-25;938;1221;119654;78332;55.1;36.1
36;2021-06-26;321;602;119975;78934;55.3;36.4
36;2021-06-27;104;267;120079;79201;55.3;36.5
36;2021-06-28;695;929;120774;80130;55.6;36.9
36;2021-06-29;680;1460;121454;81590;55.9;37.6
36;2021-06-30;824;2159;122278;83749;56.3;38.6
36;2021-07-01;350;1086;122628;84835;56.5;39.1
36;2021-07-02;736;1849;123364;86684;56.8;39.9
36;2021-07-03;465;884;123829;87568;57.0;40.3
36;2021-07-04;183;327;124012;87895;57.1;40.5
36;2021-07-05;491;1334;124503;89229;57.3;41.1
36;2021-07-06;491;1221;124994;90450;57.6;41.7
36;2021-07-07;577;1795;125571;92245;57.8;42.5
36;2021-07-08;540;1702;126111;93947;58.1;43.3
36;2021-07-09;776;1653;126887;95600;58.4;44.0
36;2021-07-10;464;1119;127351;96719;58.6;44.5
36;2021-07-11;256;154;127607;96873;58.8;44.6
36;2021-07-12;326;1632;127933;98505;58.9;45.4
36;2021-07-13;308;1938;128241;100443;59.1;46.3
36;2021-07-14;375;763;128616;101206;59.2;46.6
36;2021-07-15;911;2165;129527;103371;59.7;47.6
36;2021-07-16;623;1876;130150;105247;59.9;48.5
36;2021-07-17;396;859;130546;106106;60.1;48.9
36;2021-07-18;193;407;130739;106513;60.2;49.1
36;2021-07-19;549;1457;131288;107970;60.5;49.7
36;2021-07-20;774;1404;132062;109374;60.8;50.4
36;2021-07-21;691;1968;132753;111342;61.1;51.3
37;2020-12-27;0;0;0;0;0.0;0.0
37;2020-12-28;17;0;17;0;0.0;0.0
37;2020-12-29;10;0;27;0;0.0;0.0
37;2020-12-30;0;0;27;0;0.0;0.0
37;2020-12-31;0;0;27;0;0.0;0.0
37;2021-01-01;0;0;27;0;0.0;0.0
37;2021-01-02;0;0;27;0;0.0;0.0
37;2021-01-03;0;0;27;0;0.0;0.0
37;2021-01-04;21;0;48;0;0.0;0.0
37;2021-01-05;47;0;95;0;0.0;0.0
37;2021-01-06;79;0;174;0;0.0;0.0
37;2021-01-07;115;0;289;0;0.0;0.0
37;2021-01-08;442;0;731;0;0.1;0.0
37;2021-01-09;79;0;810;0;0.1;0.0
37;2021-01-10;83;0;893;0;0.1;0.0
37;2021-01-11;280;0;1173;0;0.2;0.0
37;2021-01-12;657;4;1830;4;0.3;0.0
37;2021-01-13;560;1;2390;5;0.4;0.0
37;2021-01-14;521;3;2911;8;0.5;0.0
37;2021-01-15;626;1;3537;9;0.6;0.0
37;2021-01-16;301;2;3838;11;0.6;0.0
37;2021-01-17;262;1;4100;12;0.7;0.0
37;2021-01-18;733;8;4833;20;0.8;0.0
37;2021-01-19;1243;9;6076;29;1.0;0.0
37;2021-01-20;1038;3;7114;32;1.2;0.0
37;2021-01-21;854;0;7968;32;1.3;0.0
37;2021-01-22;765;1;8733;33;1.4;0.0
37;2021-01-23;172;0;8905;33;1.5;0.0
37;2021-01-24;0;0;8905;33;1.5;0.0
37;2021-01-25;535;12;9440;45;1.6;0.0
37;2021-01-26;1812;66;11252;111;1.9;0.0
37;2021-01-27;1520;75;12772;186;2.1;0.0
37;2021-01-28;1527;92;14299;278;2.4;0.0
37;2021-01-29;630;309;14929;587;2.5;0.1
37;2021-01-30;202;64;15131;651;2.5;0.1
37;2021-01-31;15;65;15146;716;2.5;0.1
37;2021-02-01;332;200;15478;916;2.6;0.2
37;2021-02-02;522;529;16000;1445;2.6;0.2
37;2021-02-03;661;355;16661;1800;2.8;0.3
37;2021-02-04;546;411;17207;2211;2.8;0.4
37;2021-02-05;465;443;17672;2654;2.9;0.4
37;2021-02-06;189;2;17861;2656;3.0;0.4
37;2021-02-07;20;1;17881;2657;3.0;0.4
37;2021-02-08;330;329;18211;2986;3.0;0.5
37;2021-02-09;625;723;18836;3709;3.1;0.6
37;2021-02-10;663;513;19499;4222;3.2;0.7
37;2021-02-11;611;560;20110;4782;3.3;0.8
37;2021-02-12;489;553;20599;5335;3.4;0.9
37;2021-02-13;153;207;20752;5542;3.4;0.9
37;2021-02-14;1;71;20753;5613;3.4;0.9
37;2021-02-15;426;489;21179;6102;3.5;1.0
37;2021-02-16;842;1452;22021;7554;3.6;1.2
37;2021-02-17;633;1375;22654;8929;3.7;1.5
37;2021-02-18;897;1417;23551;10346;3.9;1.7
37;2021-02-19;793;841;24344;11187;4.0;1.8
37;2021-02-20;245;212;24589;11399;4.1;1.9
37;2021-02-21;5;1;24594;11400;4.1;1.9
37;2021-02-22;338;569;24932;11969;4.1;2.0
37;2021-02-23;604;630;25536;12599;4.2;2.1
37;2021-02-24;571;619;26107;13218;4.3;2.2
37;2021-02-25;874;613;26981;13831;4.5;2.3
37;2021-02-26;1113;577;28094;14408;4.6;2.4
37;2021-02-27;583;186;28677;14594;4.7;2.4
37;2021-02-28;23;0;28700;14594;4.7;2.4
37;2021-03-01;603;360;29303;14954;4.8;2.5
37;2021-03-02;1090;539;30393;15493;5.0;2.6
37;2021-03-03;970;547;31363;16040;5.2;2.6
37;2021-03-04;1603;478;32966;16518;5.4;2.7
37;2021-03-05;2128;553;35094;17071;5.8;2.8
37;2021-03-06;1165;205;36259;17276;6.0;2.9
37;2021-03-07;471;61;36730;17337;6.1;2.9
37;2021-03-08;665;404;37395;17741;6.2;2.9
37;2021-03-09;1649;700;39044;18441;6.4;3.0
37;2021-03-10;1607;744;40651;19185;6.7;3.2
37;2021-03-11;2045;694;42696;19879;7.1;3.3
37;2021-03-12;3207;462;45903;20341;7.6;3.4
37;2021-03-13;1951;186;47854;20527;7.9;3.4
37;2021-03-14;206;4;48060;20531;7.9;3.4
37;2021-03-15;1068;249;49128;20780;8.1;3.4
37;2021-03-16;1048;526;50176;21306;8.3;3.5
37;2021-03-17;934;276;51110;21582;8.4;3.6
37;2021-03-18;1031;524;52141;22106;8.6;3.7
37;2021-03-19;2215;332;54356;22438;9.0;3.7
37;2021-03-20;1331;137;55687;22575;9.2;3.7
37;2021-03-21;202;4;55889;22579;9.2;3.7
37;2021-03-22;1286;242;57175;22821;9.4;3.8
37;2021-03-23;2250;563;59425;23384;9.8;3.9
37;2021-03-24;2244;456;61669;23840;10.2;3.9
37;2021-03-25;2977;443;64646;24283;10.7;4.0
37;2021-03-26;3523;396;68169;24679;11.3;4.1
37;2021-03-27;1172;124;69341;24803;11.5;4.1
37;2021-03-28;139;1;69480;24804;11.5;4.1
37;2021-03-29;1601;341;71081;25145;11.7;4.2
37;2021-03-30;2521;617;73602;25762;12.2;4.3
37;2021-03-31;2044;481;75646;26243;12.5;4.3
37;2021-04-01;2599;965;78245;27208;12.9;4.5
37;2021-04-02;2813;658;81058;27866;13.4;4.6
37;2021-04-03;816;220;81874;28086;13.5;4.6
37;2021-04-04;101;1;81975;28087;13.5;4.6
37;2021-04-05;3;0;81978;28087;13.5;4.6
37;2021-04-06;2233;778;84211;28865;13.9;4.8
37;2021-04-07;3165;853;87376;29718;14.4;4.9
37;2021-04-08;4037;959;91413;30677;15.1;5.1
37;2021-04-09;4537;932;95950;31609;15.8;5.2
37;2021-04-10;1326;427;97276;32036;16.1;5.3
37;2021-04-11;104;1;97380;32037;16.1;5.3
37;2021-04-12;2639;669;100019;32706;16.5;5.4
37;2021-04-13;4111;1146;104130;33852;17.2;5.6
37;2021-04-14;3042;897;107172;34749;17.7;5.7
37;2021-04-15;3753;1004;110925;35753;18.3;5.9
37;2021-04-16;4356;1209;115281;36962;19.0;6.1
37;2021-04-17;1147;217;116428;37179;19.2;6.1
37;2021-04-18;95;2;116523;37181;19.2;6.1
37;2021-04-19;2481;845;119004;38026;19.7;6.3
37;2021-04-20;3235;1327;122239;39353;20.2;6.5
37;2021-04-21;2930;1154;125169;40507;20.7;6.7
37;2021-04-22;3456;1396;128625;41903;21.2;6.9
37;2021-04-23;3686;1798;132311;43701;21.9;7.2
37;2021-04-24;1005;386;133316;44087;22.0;7.3
37;2021-04-25;44;2;133360;44089;22.0;7.3
37;2021-04-26;2968;1329;136328;45418;22.5;7.5
37;2021-04-27;4182;1800;140510;47218;23.2;7.8
37;2021-04-28;3459;1928;143969;49146;23.8;8.1
37;2021-04-29;4578;2010;148547;51156;24.5;8.5
37;2021-04-30;5055;1979;153602;53135;25.4;8.8
37;2021-05-01;639;209;154241;53344;25.5;8.8
37;2021-05-02;103;14;154344;53358;25.5;8.8
37;2021-05-03;2670;1940;157014;55298;25.9;9.1
37;2021-05-04;3733;2696;160747;57994;26.6;9.6
37;2021-05-05;3496;2080;164243;60074;27.1;9.9
37;2021-05-06;4993;1943;169236;62017;28.0;10.2
37;2021-05-07;4685;2878;173921;64895;28.7;10.7
37;2021-05-08;532;312;174453;65207;28.8;10.8
37;2021-05-09;63;41;174516;65248;28.8;10.8
37;2021-05-10;2161;3488;176677;68736;29.2;11.4
37;2021-05-11;3866;3878;180543;72614;29.8;12.0
37;2021-05-12;4030;2534;184573;75148;30.5;12.4
37;2021-05-13;1134;515;185707;75663;30.7;12.5
37;2021-05-14;4043;2678;189750;78341;31.3;12.9
37;2021-05-15;2320;742;192070;79083;31.7;13.1
37;2021-05-16;22;71;192092;79154;31.7;13.1
37;2021-05-17;2761;2056;194853;81210;32.2;13.4
37;2021-05-18;3872;2352;198725;83562;32.8;13.8
37;2021-05-19;3494;1797;202219;85359;33.4;14.1
37;2021-05-20;4748;1774;206967;87133;34.2;14.4
37;2021-05-21;4527;2565;211494;89698;34.9;14.8
37;2021-05-22;1074;752;212568;90450;35.1;14.9
37;2021-05-23;71;89;212639;90539;35.1;15.0
37;2021-05-24;511;106;213150;90645;35.2;15.0
37;2021-05-25;5118;2172;218268;92817;36.1;15.3
37;2021-05-26;4928;2083;223196;94900;36.9;15.7
37;2021-05-27;5983;2369;229179;97269;37.9;16.1
37;2021-05-28;6022;3260;235201;100529;38.9;16.6
37;2021-05-29;1517;1166;236718;101695;39.1;16.8
37;2021-05-30;55;159;236773;101854;39.1;16.8
37;2021-05-31;3648;2529;240421;104383;39.7;17.2
37;2021-06-01;5843;3616;246264;107999;40.7;17.8
37;2021-06-02;5070;2448;251334;110447;41.5;18.2
37;2021-06-03;6085;2883;257419;113330;42.5;18.7
37;2021-06-04;5507;4201;262926;117531;43.4;19.4
37;2021-06-05;1855;1304;264781;118835;43.7;19.6
37;2021-06-06;49;196;264830;119031;43.7;19.7
37;2021-06-07;3017;4166;267847;123197;44.2;20.4
37;2021-06-08;4194;4656;272041;127853;44.9;21.1
37;2021-06-09;3881;3567;275922;131420;45.6;21.7
37;2021-06-10;5237;3612;281159;135032;46.4;22.3
37;2021-06-11;4970;4827;286129;139859;47.3;23.1
37;2021-06-12;3550;1347;289679;141206;47.9;23.3
37;2021-06-13;15;164;289694;141370;47.9;23.4
37;2021-06-14;2665;4042;292359;145412;48.3;24.0
37;2021-06-15;3892;4765;296251;150177;48.9;24.8
37;2021-06-16;3253;3597;299504;153774;49.5;25.4
37;2021-06-17;3997;4496;303501;158270;50.1;26.1
37;2021-06-18;4692;5070;308193;163340;50.9;27.0
37;2021-06-19;2513;1102;310706;164442;51.3;27.2
37;2021-06-20;7;183;310713;164625;51.3;27.2
37;2021-06-21;2413;3827;313126;168452;51.7;27.8
37;2021-06-22;2957;5016;316083;173468;52.2;28.7
37;2021-06-23;2605;3646;318688;177114;52.6;29.3
37;2021-06-24;2845;3544;321533;180658;53.1;29.8
37;2021-06-25;3287;4884;324820;185542;53.7;30.6
37;2021-06-26;1230;3087;326050;188629;53.9;31.2
37;2021-06-27;23;142;326073;188771;53.9;31.2
37;2021-06-28;1689;4519;327762;193290;54.1;31.9
37;2021-06-29;1880;6228;329642;199518;54.5;33.0
37;2021-06-30;1841;4436;331483;203954;54.8;33.7
37;2021-07-01;2073;4805;333556;208759;55.1;34.5
37;2021-07-02;2661;5585;336217;214344;55.5;35.4
37;2021-07-03;941;2139;337158;216483;55.7;35.8
37;2021-07-04;3;104;337161;216587;55.7;35.8
37;2021-07-05;1665;5149;338826;221736;56.0;36.6
37;2021-07-06;1977;6767;340803;228503;56.3;37.7
37;2021-07-07;1935;5466;342738;233969;56.6;38.6
37;2021-07-08;2434;6664;345172;240633;57.0;39.7
37;2021-07-09;1968;7643;347140;248276;57.3;41.0
37;2021-07-10;1010;2616;348150;250892;57.5;41.4
37;2021-07-11;14;95;348164;250987;57.5;41.5
37;2021-07-12;1119;5980;349283;256967;57.7;42.4
37;2021-07-13;1603;7825;350886;264792;58.0;43.7
37;2021-07-14;522;404;351408;265196;58.0;43.8
37;2021-07-15;2596;7483;354004;272679;58.5;45.0
37;2021-07-16;2741;7796;356745;280475;58.9;46.3
37;2021-07-17;1195;2437;357940;282912;59.1;46.7
37;2021-07-18;50;53;357990;282965;59.1;46.7
37;2021-07-19;1636;6117;359626;289082;59.4;47.8
37;2021-07-20;2888;7047;362514;296129;59.9;48.9
37;2021-07-21;2946;5741;365460;301870;60.4;49.9
38;2020-12-27;0;0;0;0;0.0;0.0
38;2020-12-28;0;0;0;0;0.0;0.0
38;2020-12-29;0;0;0;0;0.0;0.0
38;2020-12-30;0;0;0;0;0.0;0.0
38;2020-12-31;5;0;5;0;0.0;0.0
38;2021-01-01;1;0;6;0;0.0;0.0
38;2021-01-02;0;0;6;0;0.0;0.0
38;2021-01-03;0;0;6;0;0.0;0.0
38;2021-01-04;162;0;168;0;0.0;0.0
38;2021-01-05;257;1;425;1;0.0;0.0
38;2021-01-06;365;0;790;1;0.1;0.0
38;2021-01-07;636;1;1426;2;0.1;0.0
38;2021-01-08;693;0;2119;2;0.2;0.0
38;2021-01-09;30;0;2149;2;0.2;0.0
38;2021-01-10;0;0;2149;2;0.2;0.0
38;2021-01-11;797;2;2946;4;0.2;0.0
38;2021-01-12;1468;2;4414;6;0.3;0.0
38;2021-01-13;1072;4;5486;10;0.4;0.0
38;2021-01-14;1675;15;7161;25;0.6;0.0
38;2021-01-15;1671;7;8832;32;0.7;0.0
38;2021-01-16;306;2;9138;34;0.7;0.0
38;2021-01-17;3;0;9141;34;0.7;0.0
38;2021-01-18;1174;4;10315;38;0.8;0.0
38;2021-01-19;2232;4;12547;42;1.0;0.0
38;2021-01-20;1877;2;14424;44;1.1;0.0
38;2021-01-21;1618;6;16042;50;1.3;0.0
38;2021-01-22;1396;7;17438;57;1.4;0.0
38;2021-01-23;379;3;17817;60;1.4;0.0
38;2021-01-24;1;0;17818;60;1.4;0.0
38;2021-01-25;788;107;18606;167;1.5;0.0
38;2021-01-26;854;183;19460;350;1.5;0.0
38;2021-01-27;1088;278;20548;628;1.6;0.0
38;2021-01-28;1152;479;21700;1107;1.7;0.1
38;2021-01-29;947;380;22647;1487;1.8;0.1
38;2021-01-30;304;1;22951;1488;1.8;0.1
38;2021-01-31;0;0;22951;1488;1.8;0.1
38;2021-02-01;704;598;23655;2086;1.9;0.2
38;2021-02-02;966;965;24621;3051;1.9;0.2
38;2021-02-03;1230;694;25851;3745;2.0;0.3
38;2021-02-04;1278;973;27129;4718;2.1;0.4
38;2021-02-05;1397;848;28526;5566;2.3;0.4
38;2021-02-06;186;95;28712;5661;2.3;0.4
38;2021-02-07;0;48;28712;5709;2.3;0.5
38;2021-02-08;859;798;29571;6507;2.3;0.5
38;2021-02-09;1540;1304;31111;7811;2.5;0.6
38;2021-02-10;1576;1282;32687;9093;2.6;0.7
38;2021-02-11;1868;1152;34555;10245;2.7;0.8
38;2021-02-12;1508;1121;36063;11366;2.9;0.9
38;2021-02-13;467;188;36530;11554;2.9;0.9
38;2021-02-14;1;7;36531;11561;2.9;0.9
38;2021-02-15;974;940;37505;12501;3.0;1.0
38;2021-02-16;1380;977;38885;13478;3.1;1.1
38;2021-02-17;1369;1066;40254;14544;3.2;1.1
38;2021-02-18;1780;1066;42034;15610;3.3;1.2
38;2021-02-19;1254;864;43288;16474;3.4;1.3
38;2021-02-20;471;313;43759;16787;3.5;1.3
38;2021-02-21;0;0;43759;16787;3.5;1.3
38;2021-02-22;1074;909;44833;17696;3.5;1.4
38;2021-02-23;1539;947;46372;18643;3.7;1.5
38;2021-02-24;1728;1129;48100;19772;3.8;1.6
38;2021-02-25;2491;1045;50591;20817;4.0;1.6
38;2021-02-26;3302;968;53893;21785;4.3;1.7
38;2021-02-27;1510;421;55403;22206;4.4;1.8
38;2021-02-28;33;1;55436;22207;4.4;1.8
38;2021-03-01;2474;766;57910;22973;4.6;1.8
38;2021-03-02;4044;1036;61954;24009;4.9;1.9
38;2021-03-03;3341;1207;65295;25216;5.2;2.0
38;2021-03-04;4477;1356;69772;26572;5.5;2.1
38;2021-03-05;5225;1177;74997;27749;5.9;2.2
38;2021-03-06;3040;248;78037;27997;6.2;2.2
38;2021-03-07;112;1;78149;27998;6.2;2.2
38;2021-03-08;2421;895;80570;28893;6.4;2.3
38;2021-03-09;4021;1289;84591;30182;6.7;2.4
38;2021-03-10;3494;1063;88085;31245;7.0;2.5
38;2021-03-11;5136;1498;93221;32743;7.4;2.6
38;2021-03-12;7084;1120;100305;33863;7.9;2.7
38;2021-03-13;3768;194;104073;34057;8.2;2.7
38;2021-03-14;544;12;104617;34069;8.3;2.7
38;2021-03-15;2697;995;107314;35064;8.5;2.8
38;2021-03-16;2080;1370;109394;36434;8.6;2.9
38;2021-03-17;2022;1199;111416;37633;8.8;3.0
38;2021-03-18;2633;1360;114049;38993;9.0;3.1
38;2021-03-19;4003;1048;118052;40041;9.3;3.2
38;2021-03-20;1821;233;119873;40274;9.5;3.2
38;2021-03-21;127;8;120000;40282;9.5;3.2
38;2021-03-22;2858;1000;122858;41282;9.7;3.3
38;2021-03-23;4771;1485;127629;42767;10.1;3.4
38;2021-03-24;3706;1567;131335;44334;10.4;3.5
38;2021-03-25;5786;1519;137121;45853;10.8;3.6
38;2021-03-26;6597;1724;143718;47577;11.4;3.8
38;2021-03-27;2509;743;146227;48320;11.6;3.8
38;2021-03-28;926;36;147153;48356;11.6;3.8
38;2021-03-29;2671;1854;149824;50210;11.8;4.0
38;2021-03-30;4560;2529;154384;52739;12.2;4.2
38;2021-03-31;3655;2219;158039;54958;12.5;4.3
38;2021-04-01;5126;2466;163165;57424;12.9;4.5
38;2021-04-02;3861;2513;167026;59937;13.2;4.7
38;2021-04-03;1414;938;168440;60875;13.3;4.8
38;2021-04-04;425;46;168865;60921;13.3;4.8
38;2021-04-05;2171;326;171036;61247;13.5;4.8
38;2021-04-06;4338;2386;175374;63633;13.9;5.0
38;2021-04-07;4410;2717;179784;66350;14.2;5.2
38;2021-04-08;5638;2644;185422;68994;14.7;5.5
38;2021-04-09;8545;2707;193967;71701;15.3;5.7
38;2021-04-10;3596;1456;197563;73157;15.6;5.8
38;2021-04-11;1046;100;198609;73257;15.7;5.8
38;2021-04-12;4190;2248;202799;75505;16.0;6.0
38;2021-04-13;6118;2461;208917;77966;16.5;6.2
38;2021-04-14;5108;2446;214025;80412;16.9;6.4
38;2021-04-15;6355;2739;220380;83151;17.4;6.6
38;2021-04-16;6210;2718;226590;85869;17.9;6.8
38;2021-04-17;2585;983;229175;86852;18.1;6.9
38;2021-04-18;1332;72;230507;86924;18.2;6.9
38;2021-04-19;3936;2808;234443;89732;18.5;7.1
38;2021-04-20;5418;2834;239861;92566;19.0;7.3
38;2021-04-21;4975;2679;244836;95245;19.4;7.5
38;2021-04-22;5770;2805;250606;98050;19.8;7.8
38;2021-04-23;6020;2776;256626;100826;20.3;8.0
38;2021-04-24;2661;1337;259287;102163;20.5;8.1
38;2021-04-25;804;593;260091;102756;20.6;8.1
38;2021-04-26;4477;2448;264568;105204;20.9;8.3
38;2021-04-27;6035;2700;270603;107904;21.4;8.5
38;2021-04-28;6190;2477;276793;110381;21.9;8.7
38;2021-04-29;8324;3026;285117;113407;22.5;9.0
38;2021-04-30;7667;4026;292784;117433;23.1;9.3
38;2021-05-01;1540;196;294324;117629;23.3;9.3
38;2021-05-02;841;72;295165;117701;23.3;9.3
38;2021-05-03;5291;3567;300456;121268;23.8;9.6
38;2021-05-04;6184;5045;306640;126313;24.2;10.0
38;2021-05-05;6057;4574;312697;130887;24.7;10.3
38;2021-05-06;6704;5274;319401;136161;25.2;10.8
38;2021-05-07;7260;6416;326661;142577;25.8;11.3
38;2021-05-08;3699;697;330360;143274;26.1;11.3
38;2021-05-09;2849;1930;333209;145204;26.3;11.5
38;2021-05-10;6147;5273;339356;150477;26.8;11.9
38;2021-05-11;8216;5982;347572;156459;27.5;12.4
38;2021-05-12;9040;4667;356612;161126;28.2;12.7
38;2021-05-13;6629;1405;363241;162531;28.7;12.8
38;2021-05-14;9557;3401;372798;165932;29.5;13.1
38;2021-05-15;6847;1450;379645;167382;30.0;13.2
38;2021-05-16;5473;650;385118;168032;30.4;13.3
38;2021-05-17;7660;2971;392778;171003;31.1;13.5
38;2021-05-18;8611;3997;401389;175000;31.7;13.8
38;2021-05-19;8136;3331;409525;178331;32.4;14.1
38;2021-05-20;8968;4455;418493;182786;33.1;14.4
38;2021-05-21;9948;4585;428441;187371;33.9;14.8
38;2021-05-22;7447;1900;435888;189271;34.5;15.0
38;2021-05-23;5581;575;441469;189846;34.9;15.0
38;2021-05-24;7493;1619;448962;191465;35.5;15.1
38;2021-05-25;9530;4835;458492;196300;36.2;15.5
38;2021-05-26;8107;4706;466599;201006;36.9;15.9
38;2021-05-27;9127;5635;475726;206641;37.6;16.3
38;2021-05-28;8774;6473;484500;213114;38.3;16.8
38;2021-05-29;5812;3259;490312;216373;38.8;17.1
38;2021-05-30;2688;1595;493000;217968;39.0;17.2
38;2021-05-31;8266;5114;501266;223082;39.6;17.6
38;2021-06-01;7916;6410;509182;229492;40.3;18.1
38;2021-06-02;7097;5598;516279;235090;40.8;18.6
38;2021-06-03;7383;6817;523662;241907;41.4;19.1
38;2021-06-04;8100;7606;531762;249513;42.0;19.7
38;2021-06-05;5793;3939;537555;253452;42.5;20.0
38;2021-06-06;2500;1461;540055;254913;42.7;20.2
38;2021-06-07;5552;6850;545607;261763;43.1;20.7
38;2021-06-08;5862;7522;551469;269285;43.6;21.3
38;2021-06-09;5034;6460;556503;275745;44.0;21.8
38;2021-06-10;5391;6782;561894;282527;44.4;22.3
38;2021-06-11;5866;7774;567760;290301;44.9;22.9
38;2021-06-12;3937;3250;571697;293551;45.2;23.2
38;2021-06-13;1236;1305;572933;294856;45.3;23.3
38;2021-06-14;3845;7662;576778;302518;45.6;23.9
38;2021-06-15;5223;8144;582001;310662;46.0;24.6
38;2021-06-16;5102;7394;587103;318056;46.4;25.1
38;2021-06-17;4482;7056;591585;325112;46.8;25.7
38;2021-06-18;5838;9212;597423;334324;47.2;26.4
38;2021-06-19;3586;4964;601009;339288;47.5;26.8
38;2021-06-20;1029;2900;602038;342188;47.6;27.1
38;2021-06-21;3725;8691;605763;350879;47.9;27.7
38;2021-06-22;3622;10094;609385;360973;48.2;28.5
38;2021-06-23;3131;9560;612516;370533;48.4;29.3
38;2021-06-24;3197;8584;615713;379117;48.7;30.0
38;2021-06-25;3752;11493;619465;390610;49.0;30.9
38;2021-06-26;2205;7856;621670;398466;49.1;31.5
38;2021-06-27;1091;4354;622761;402820;49.2;31.8
38;2021-06-28;2596;10314;625357;413134;49.4;32.7
38;2021-06-29;3554;10434;628911;423568;49.7;33.5
38;2021-06-30;3703;9942;632614;433510;50.0;34.3
38;2021-07-01;3168;9009;635782;442519;50.3;35.0
38;2021-07-02;3486;11616;639268;454135;50.5;35.9
38;2021-07-03;1681;8782;640949;462917;50.7;36.6
38;2021-07-04;1187;3199;642136;466116;50.8;36.8
38;2021-07-05;2586;10539;644722;476655;51.0;37.7
38;2021-07-06;3268;10237;647990;486892;51.2;38.5
38;2021-07-07;3286;9399;651276;496291;51.5;39.2
38;2021-07-08;3439;8223;654715;504514;51.8;39.9
38;2021-07-09;3518;10741;658233;515255;52.0;40.7
38;2021-07-10;2330;7791;660563;523046;52.2;41.3
38;2021-07-11;747;2017;661310;525063;52.3;41.5
38;2021-07-12;3355;10651;664665;535714;52.5;42.3
38;2021-07-13;6482;10886;671147;546600;53.1;43.2
38;2021-07-14;4557;3317;675704;549917;53.4;43.5
38;2021-07-15;8581;9627;684285;559544;54.1;44.2
38;2021-07-16;8654;10651;692939;570195;54.8;45.1
38;2021-07-17;4649;7442;697588;577637;55.1;45.7
38;2021-07-18;2550;2472;700138;580109;55.3;45.9
38;2021-07-19;5761;9189;705899;589298;55.8;46.6
38;2021-07-20;6154;8243;712053;597541;56.3;47.2
38;2021-07-21;7770;7973;719823;605514;56.9;47.9
39;2020-12-27;0;0;0;0;0.0;0.0
39;2020-12-28;0;0;0;0;0.0;0.0
39;2020-12-29;0;0;0;0;0.0;0.0
39;2020-12-30;0;0;0;0;0.0;0.0
39;2020-12-31;0;0;0;0;0.0;0.0
39;2021-01-01;0;0;0;0;0.0;0.0
39;2021-01-02;0;0;0;0;0.0;0.0
39;2021-01-03;0;0;0;0;0.0;0.0
39;2021-01-04;3;0;3;0;0.0;0.0
39;2021-01-05;3;0;6;0;0.0;0.0
39;2021-01-06;56;0;62;0;0.0;0.0
39;2021-01-07;330;2;392;2;0.2;0.0
39;2021-01-08;652;1;1044;3;0.4;0.0
39;2021-01-09;169;0;1213;3;0.5;0.0
39;2021-01-10;1;0;1214;3;0.5;0.0
39;2021-01-11;476;1;1690;4;0.7;0.0
39;2021-01-12;431;1;2121;5;0.8;0.0
39;2021-01-13;408;2;2529;7;1.0;0.0
39;2021-01-14;573;3;3102;10;1.2;0.0
39;2021-01-15;470;1;3572;11;1.4;0.0
39;2021-01-16;142;2;3714;13;1.4;0.0
39;2021-01-17;0;1;3714;14;1.4;0.0
39;2021-01-18;924;7;4638;21;1.8;0.0
39;2021-01-19;1181;5;5819;26;2.3;0.0
39;2021-01-20;904;5;6723;31;2.6;0.0
39;2021-01-21;1177;2;7900;33;3.1;0.0
39;2021-01-22;985;1;8885;34;3.4;0.0
39;2021-01-23;382;1;9267;35;3.6;0.0
39;2021-01-24;0;0;9267;35;3.6;0.0
39;2021-01-25;642;2;9909;37;3.8;0.0
39;2021-01-26;1120;12;11029;49;4.3;0.0
39;2021-01-27;923;17;11952;66;4.6;0.0
39;2021-01-28;738;244;12690;310;4.9;0.1
39;2021-01-29;581;422;13271;732;5.1;0.3
39;2021-01-30;265;110;13536;842;5.2;0.3
39;2021-01-31;1;0;13537;842;5.2;0.3
39;2021-02-01;561;262;14098;1104;5.5;0.4
39;2021-02-02;753;322;14851;1426;5.8;0.6
39;2021-02-03;531;516;15382;1942;6.0;0.8
39;2021-02-04;553;462;15935;2404;6.2;0.9
39;2021-02-05;438;431;16373;2835;6.3;1.1
39;2021-02-06;265;109;16638;2944;6.5;1.1
39;2021-02-07;0;1;16638;2945;6.5;1.1
39;2021-02-08;320;373;16958;3318;6.6;1.3
39;2021-02-09;383;485;17341;3803;6.7;1.5
39;2021-02-10;249;335;17590;4138;6.8;1.6
39;2021-02-11;586;509;18176;4647;7.0;1.8
39;2021-02-12;386;415;18562;5062;7.2;2.0
39;2021-02-13;97;67;18659;5129;7.2;2.0
39;2021-02-14;0;0;18659;5129;7.2;2.0
39;2021-02-15;99;760;18758;5889;7.3;2.3
39;2021-02-16;99;911;18857;6800;7.3;2.6
39;2021-02-17;58;695;18915;7495;7.3;2.9
39;2021-02-18;109;859;19024;8354;7.4;3.2
39;2021-02-19;100;487;19124;8841;7.4;3.4
39;2021-02-20;18;364;19142;9205;7.4;3.6
39;2021-02-21;0;0;19142;9205;7.4;3.6
39;2021-02-22;100;730;19242;9935;7.5;3.9
39;2021-02-23;4;764;19246;10699;7.5;4.1
39;2021-02-24;125;873;19371;11572;7.5;4.5
39;2021-02-25;209;751;19580;12323;7.6;4.8
39;2021-02-26;218;468;19798;12791;7.7;5.0
39;2021-02-27;169;298;19967;13089;7.7;5.1
39;2021-02-28;1;0;19968;13089;7.7;5.1
39;2021-03-01;218;639;20186;13728;7.8;5.3
39;2021-03-02;327;825;20513;14553;8.0;5.6
39;2021-03-03;598;522;21111;15075;8.2;5.8
39;2021-03-04;657;473;21768;15548;8.4;6.0
39;2021-03-05;669;326;22437;15874;8.7;6.2
39;2021-03-06;777;239;23214;16113;9.0;6.2
39;2021-03-07;240;79;23454;16192;9.1;6.3
39;2021-03-08;286;439;23740;16631;9.2;6.4
39;2021-03-09;842;453;24582;17084;9.5;6.6
39;2021-03-10;985;333;25567;17417;9.9;6.8
39;2021-03-11;826;459;26393;17876;10.2;6.9
39;2021-03-12;805;283;27198;18159;10.5;7.0
39;2021-03-13;787;98;27985;18257;10.9;7.1
39;2021-03-14;35;10;28020;18267;10.9;7.1
39;2021-03-15;512;86;28532;18353;11.1;7.1
39;2021-03-16;554;60;29086;18413;11.3;7.1
39;2021-03-17;612;52;29698;18465;11.5;7.2
39;2021-03-18;595;60;30293;18525;11.7;7.2
39;2021-03-19;392;70;30685;18595;11.9;7.2
39;2021-03-20;311;8;30996;18603;12.0;7.2
39;2021-03-21;3;0;30999;18603;12.0;7.2
39;2021-03-22;754;111;31753;18714;12.3;7.3
39;2021-03-23;1130;38;32883;18752;12.8;7.3
39;2021-03-24;1177;87;34060;18839;13.2;7.3
39;2021-03-25;2041;108;36101;18947;14.0;7.3
39;2021-03-26;797;108;36898;19055;14.3;7.4
39;2021-03-27;345;4;37243;19059;14.4;7.4
39;2021-03-28;36;4;37279;19063;14.5;7.4
39;2021-03-29;1036;188;38315;19251;14.9;7.5
39;2021-03-30;1401;264;39716;19515;15.4;7.6
39;2021-03-31;658;513;40374;20028;15.7;7.8
39;2021-04-01;1309;303;41683;20331;16.2;7.9
39;2021-04-02;625;127;42308;20458;16.4;7.9
39;2021-04-03;180;6;42488;20464;16.5;7.9
39;2021-04-04;4;1;42492;20465;16.5;7.9
39;2021-04-05;1;0;42493;20465;16.5;7.9
39;2021-04-06;824;628;43317;21093;16.8;8.2
39;2021-04-07;1128;671;44445;21764;17.2;8.4
39;2021-04-08;1789;561;46234;22325;17.9;8.7
39;2021-04-09;1675;280;47909;22605;18.6;8.8
39;2021-04-10;344;179;48253;22784;18.7;8.8
39;2021-04-11;2;0;48255;22784;18.7;8.8
39;2021-04-12;678;393;48933;23177;19.0;9.0
39;2021-04-13;1202;576;50135;23753;19.4;9.2
39;2021-04-14;844;630;50979;24383;19.8;9.5
39;2021-04-15;1480;705;52459;25088;20.3;9.7
39;2021-04-16;1090;170;53549;25258;20.8;9.8
39;2021-04-17;196;58;53745;25316;20.8;9.8
39;2021-04-18;0;0;53745;25316;20.8;9.8
39;2021-04-19;524;699;54269;26015;21.0;10.1
39;2021-04-20;765;540;55034;26555;21.3;10.3
39;2021-04-21;1142;712;56176;27267;21.8;10.6
39;2021-04-22;1012;1132;57188;28399;22.2;11.0
39;2021-04-23;455;357;57643;28756;22.4;11.2
39;2021-04-24;275;147;57918;28903;22.5;11.2
39;2021-04-25;12;2;57930;28905;22.5;11.2
39;2021-04-26;568;1032;58498;29937;22.7;11.6
39;2021-04-27;788;981;59286;30918;23.0;12.0
39;2021-04-28;1719;409;61005;31327;23.7;12.1
39;2021-04-29;2571;958;63576;32285;24.7;12.5
39;2021-04-30;2475;377;66051;32662;25.6;12.7
39;2021-05-01;41;53;66092;32715;25.6;12.7
39;2021-05-02;0;0;66092;32715;25.6;12.7
39;2021-05-03;917;804;67009;33519;26.0;13.0
39;2021-05-04;949;1125;67958;34644;26.4;13.4
39;2021-05-05;1950;885;69908;35529;27.1;13.8
39;2021-05-06;2426;1332;72334;36861;28.1;14.3
39;2021-05-07;1287;570;73621;37431;28.6;14.5
39;2021-05-08;178;54;73799;37485;28.6;14.5
39;2021-05-09;10;5;73809;37490;28.6;14.5
39;2021-05-10;1761;842;75570;38332;29.3;14.9
39;2021-05-11;1772;1510;77342;39842;30.0;15.5
39;2021-05-12;1799;1473;79141;41315;30.7;16.0
39;2021-05-13;246;23;79387;41338;30.8;16.0
39;2021-05-14;2392;326;81779;41664;31.7;16.2
39;2021-05-15;1848;256;83627;41920;32.4;16.3
39;2021-05-16;0;0;83627;41920;32.4;16.3
39;2021-05-17;1990;722;85617;42642;33.2;16.5
39;2021-05-18;1691;1183;87308;43825;33.9;17.0
39;2021-05-19;2497;554;89805;44379;34.8;17.2
39;2021-05-20;2466;752;92271;45131;35.8;17.5
39;2021-05-21;1798;560;94069;45691;36.5;17.7
39;2021-05-22;322;220;94391;45911;36.6;17.8
39;2021-05-23;7;36;94398;45947;36.6;17.8
39;2021-05-24;8;28;94406;45975;36.6;17.8
39;2021-05-25;1726;1195;96132;47170;37.3;18.3
39;2021-05-26;1641;1375;97773;48545;37.9;18.8
39;2021-05-27;1487;1618;99260;50163;38.5;19.5
39;2021-05-28;856;1217;100116;51380;38.8;19.9
39;2021-05-29;260;272;100376;51652;38.9;20.0
39;2021-05-30;2;40;100378;51692;38.9;20.0
39;2021-05-31;1626;1248;102004;52940;39.6;20.5
39;2021-06-01;1894;1317;103898;54257;40.3;21.0
39;2021-06-02;1700;1174;105598;55431;41.0;21.5
39;2021-06-03;1326;1157;106924;56588;41.5;21.9
39;2021-06-04;941;1068;107865;57656;41.8;22.4
39;2021-06-05;765;514;108630;58170;42.1;22.6
39;2021-06-06;1;36;108631;58206;42.1;22.6
39;2021-06-07;2103;912;110734;59118;42.9;22.9
39;2021-06-08;2209;1153;112943;60271;43.8;23.4
39;2021-06-09;1724;1241;114667;61512;44.5;23.9
39;2021-06-10;1615;2084;116282;63596;45.1;24.7
39;2021-06-11;1557;1272;117839;64868;45.7;25.2
39;2021-06-12;1261;346;119100;65214;46.2;25.3
39;2021-06-13;9;17;119109;65231;46.2;25.3
39;2021-06-14;1334;1894;120443;67125;46.7;26.0
39;2021-06-15;1377;1250;121820;68375;47.2;26.5
39;2021-06-16;1154;1539;122974;69914;47.7;27.1
39;2021-06-17;1041;1716;124015;71630;48.1;27.8
39;2021-06-18;1626;1176;125641;72806;48.7;28.2
39;2021-06-19;246;408;125887;73214;48.8;28.4
39;2021-06-20;1;18;125888;73232;48.8;28.4
39;2021-06-21;350;2495;126238;75727;49.0;29.4
39;2021-06-22;800;2293;127038;78020;49.3;30.3
39;2021-06-23;1157;1300;128195;79320;49.7;30.8
39;2021-06-24;719;1048;128914;80368;50.0;31.2
39;2021-06-25;680;2963;129594;83331;50.3;32.3
39;2021-06-26;202;1566;129796;84897;50.3;32.9
39;2021-06-27;0;0;129796;84897;50.3;32.9
39;2021-06-28;299;2749;130095;87646;50.5;34.0
39;2021-06-29;489;2700;130584;90346;50.6;35.0
39;2021-06-30;865;2419;131449;92765;51.0;36.0
39;2021-07-01;601;1938;132050;94703;51.2;36.7
39;2021-07-02;1068;1403;133118;96106;51.6;37.3
39;2021-07-03;536;523;133654;96629;51.8;37.5
39;2021-07-04;1;1;133655;96630;51.8;37.5
39;2021-07-05;575;2588;134230;99218;52.1;38.5
39;2021-07-06;817;1883;135047;101101;52.4;39.2
39;2021-07-07;578;1386;135625;102487;52.6;39.7
39;2021-07-08;689;905;136314;103392;52.9;40.1
39;2021-07-09;1073;1583;137387;104975;53.3;40.7
39;2021-07-10;736;475;138123;105450;53.6;40.9
39;2021-07-11;27;8;138150;105458;53.6;40.9
39;2021-07-12;557;2597;138707;108055;53.8;41.9
39;2021-07-13;1623;2644;140330;110699;54.4;42.9
39;2021-07-14;12;20;140342;110719;54.4;42.9
39;2021-07-15;1892;1836;142234;112555;55.2;43.7
39;2021-07-16;3214;2021;145448;114576;56.4;44.4
39;2021-07-17;2218;1141;147666;115717;57.3;44.9
39;2021-07-18;164;51;147830;115768;57.3;44.9
39;2021-07-19;1393;2947;149223;118715;57.9;46.0
39;2021-07-20;1829;2795;151052;121510;58.6;47.1
39;2021-07-21;2581;2567;153633;124077;59.6;48.1
40;2020-12-27;0;0;0;0;0.0;0.0
40;2020-12-28;0;0;0;0;0.0;0.0
40;2020-12-29;0;0;0;0;0.0;0.0
40;2020-12-30;0;0;0;0;0.0;0.0
40;2020-12-31;0;0;0;0;0.0;0.0
40;2021-01-01;0;0;0;0;0.0;0.0
40;2021-01-02;0;0;0;0;0.0;0.0
40;2021-01-03;0;0;0;0;0.0;0.0
40;2021-01-04;0;0;0;0;0.0;0.0
40;2021-01-05;0;0;0;0;0.0;0.0
40;2021-01-06;1;0;1;0;0.0;0.0
40;2021-01-07;212;0;213;0;0.1;0.0
40;2021-01-08;392;2;605;2;0.1;0.0
40;2021-01-09;0;0;605;2;0.1;0.0
40;2021-01-10;1;0;606;2;0.1;0.0
40;2021-01-11;110;0;716;2;0.2;0.0
40;2021-01-12;0;0;716;2;0.2;0.0
40;2021-01-13;681;0;1397;2;0.3;0.0
40;2021-01-14;901;5;2298;7;0.6;0.0
40;2021-01-15;808;3;3106;10;0.8;0.0
40;2021-01-16;157;0;3263;10;0.8;0.0
40;2021-01-17;0;1;3263;11;0.8;0.0
40;2021-01-18;402;0;3665;11;0.9;0.0
40;2021-01-19;1203;2;4868;13;1.2;0.0
40;2021-01-20;878;2;5746;15;1.4;0.0
40;2021-01-21;1260;2;7006;17;1.7;0.0
40;2021-01-22;809;2;7815;19;1.9;0.0
40;2021-01-23;288;0;8103;19;2.0;0.0
40;2021-01-24;1;0;8104;19;2.0;0.0
40;2021-01-25;393;1;8497;20;2.1;0.0
40;2021-01-26;802;6;9299;26;2.3;0.0
40;2021-01-27;1118;12;10417;38;2.5;0.0
40;2021-01-28;704;118;11121;156;2.7;0.0
40;2021-01-29;602;227;11723;383;2.8;0.1
40;2021-01-30;234;3;11957;386;2.9;0.1
40;2021-01-31;0;0;11957;386;2.9;0.1
40;2021-02-01;357;132;12314;518;3.0;0.1
40;2021-02-02;923;52;13237;570;3.2;0.1
40;2021-02-03;891;297;14128;867;3.4;0.2
40;2021-02-04;1058;603;15186;1470;3.7;0.4
40;2021-02-05;793;421;15979;1891;3.9;0.5
40;2021-02-06;377;84;16356;1975;4.0;0.5
40;2021-02-07;10;0;16366;1975;4.0;0.5
40;2021-02-08;369;123;16735;2098;4.1;0.5
40;2021-02-09;807;540;17542;2638;4.3;0.6
40;2021-02-10;746;471;18288;3109;4.4;0.8
40;2021-02-11;738;684;19026;3793;4.6;0.9
40;2021-02-12;627;642;19653;4435;4.8;1.1
40;2021-02-13;399;94;20052;4529;4.9;1.1
40;2021-02-14;0;0;20052;4529;4.9;1.1
40;2021-02-15;47;386;20099;4915;4.9;1.2
40;2021-02-16;283;594;20382;5509;4.9;1.3
40;2021-02-17;359;896;20741;6405;5.0;1.6
40;2021-02-18;383;696;21124;7101;5.1;1.7
40;2021-02-19;143;646;21267;7747;5.2;1.9
40;2021-02-20;39;95;21306;7842;5.2;1.9
40;2021-02-21;1;66;21307;7908;5.2;1.9
40;2021-02-22;52;565;21359;8473;5.2;2.1
40;2021-02-23;179;836;21538;9309;5.2;2.3
40;2021-02-24;282;687;21820;9996;5.3;2.4
40;2021-02-25;724;997;22544;10993;5.5;2.7
40;2021-02-26;654;637;23198;11630;5.6;2.8
40;2021-02-27;384;101;23582;11731;5.7;2.8
40;2021-02-28;2;0;23584;11731;5.7;2.8
40;2021-03-01;418;509;24002;12240;5.8;3.0
40;2021-03-02;735;1040;24737;13280;6.0;3.2
40;2021-03-03;933;912;25670;14192;6.2;3.4
40;2021-03-04;1305;818;26975;15010;6.5;3.6
40;2021-03-05;1230;745;28205;15755;6.8;3.8
40;2021-03-06;864;392;29069;16147;7.1;3.9
40;2021-03-07;90;9;29159;16156;7.1;3.9
40;2021-03-08;837;500;29996;16656;7.3;4.0
40;2021-03-09;1504;643;31500;17299;7.6;4.2
40;2021-03-10;1746;695;33246;17994;8.1;4.4
40;2021-03-11;1982;689;35228;18683;8.6;4.5
40;2021-03-12;2047;549;37275;19232;9.0;4.7
40;2021-03-13;969;254;38244;19486;9.3;4.7
40;2021-03-14;98;0;38342;19486;9.3;4.7
40;2021-03-15;921;88;39263;19574;9.5;4.8
40;2021-03-16;986;267;40249;19841;9.8;4.8
40;2021-03-17;1572;338;41821;20179;10.2;4.9
40;2021-03-18;1557;331;43378;20510;10.5;5.0
40;2021-03-19;1805;146;45183;20656;11.0;5.0
40;2021-03-20;706;10;45889;20666;11.1;5.0
40;2021-03-21;51;1;45940;20667;11.2;5.0
40;2021-03-22;1171;29;47111;20696;11.4;5.0
40;2021-03-23;2320;164;49431;20860;12.0;5.1
40;2021-03-24;2323;225;51754;21085;12.6;5.1
40;2021-03-25;2759;372;54513;21457;13.2;5.2
40;2021-03-26;3120;203;57633;21660;14.0;5.3
40;2021-03-27;920;44;58553;21704;14.2;5.3
40;2021-03-28;176;47;58729;21751;14.3;5.3
40;2021-03-29;1148;381;59877;22132;14.5;5.4
40;2021-03-30;2295;379;62172;22511;15.1;5.5
40;2021-03-31;1993;296;64165;22807;15.6;5.5
40;2021-04-01;2398;324;66563;23131;16.2;5.6
40;2021-04-02;2359;214;68922;23345;16.7;5.7
40;2021-04-03;741;118;69663;23463;16.9;5.7
40;2021-04-04;362;7;70025;23470;17.0;5.7
40;2021-04-05;522;37;70547;23507;17.1;5.7
40;2021-04-06;2094;801;72641;24308;17.6;5.9
40;2021-04-07;2663;866;75304;25174;18.3;6.1
40;2021-04-08;3056;893;78360;26067;19.0;6.3
40;2021-04-09;3824;590;82184;26657;19.9;6.5
40;2021-04-10;1597;340;83781;26997;20.3;6.6
40;2021-04-11;51;2;83832;26999;20.3;6.6
40;2021-04-12;2175;728;86007;27727;20.9;6.7
40;2021-04-13;2564;1083;88571;28810;21.5;7.0
40;2021-04-14;2570;1373;91141;30183;22.1;7.3
40;2021-04-15;2976;1486;94117;31669;22.8;7.7
40;2021-04-16;2876;1185;96993;32854;23.5;8.0
40;2021-04-17;1463;345;98456;33199;23.9;8.1
40;2021-04-18;56;24;98512;33223;23.9;8.1
40;2021-04-19;1055;1014;99567;34237;24.2;8.3
40;2021-04-20;1617;1738;101184;35975;24.6;8.7
40;2021-04-21;1773;1738;102957;37713;25.0;9.2
40;2021-04-22;2106;1770;105063;39483;25.5;9.6
40;2021-04-23;2158;1387;107221;40870;26.0;9.9
40;2021-04-24;1325;618;108546;41488;26.3;10.1
40;2021-04-25;35;57;108581;41545;26.4;10.1
40;2021-04-26;1247;1132;109828;42677;26.7;10.4
40;2021-04-27;1484;2030;111312;44707;27.0;10.9
40;2021-04-28;2050;1362;113362;46069;27.5;11.2
40;2021-04-29;2602;1892;115964;47961;28.1;11.6
40;2021-04-30;2685;1608;118649;49569;28.8;12.0
40;2021-05-01;1225;777;119874;50346;29.1;12.2
40;2021-05-02;142;321;120016;50667;29.1;12.3
40;2021-05-03;1856;1497;121872;52164;29.6;12.7
40;2021-05-04;1879;2467;123751;54631;30.0;13.3
40;2021-05-05;2186;2670;125937;57301;30.6;13.9
40;2021-05-06;2232;2861;128169;60162;31.1;14.6
40;2021-05-07;1904;3006;130073;63168;31.6;15.3
40;2021-05-08;674;466;130747;63634;31.7;15.4
40;2021-05-09;315;20;131062;63654;31.8;15.5
40;2021-05-10;1399;2052;132461;65706;32.2;15.9
40;2021-05-11;2190;2505;134651;68211;32.7;16.6
40;2021-05-12;2728;1939;137379;70150;33.3;17.0
40;2021-05-13;1982;512;139361;70662;33.8;17.2
40;2021-05-14;2322;1652;141683;72314;34.4;17.6
40;2021-05-15;1339;962;143022;73276;34.7;17.8
40;2021-05-16;435;25;143457;73301;34.8;17.8
40;2021-05-17;2116;1313;145573;74614;35.3;18.1
40;2021-05-18;2509;1412;148082;76026;35.9;18.5
40;2021-05-19;2954;1098;151036;77124;36.7;18.7
40;2021-05-20;3581;1165;154617;78289;37.5;19.0
40;2021-05-21;2923;1328;157540;79617;38.2;19.3
40;2021-05-22;1146;796;158686;80413;38.5;19.5
40;2021-05-23;630;28;159316;80441;38.7;19.5
40;2021-05-24;1208;331;160524;80772;39.0;19.6
40;2021-05-25;2165;1301;162689;82073;39.5;19.9
40;2021-05-26;2612;1557;165301;83630;40.1;20.3
40;2021-05-27;2732;2007;168033;85637;40.8;20.8
40;2021-05-28;2566;2271;170599;87908;41.4;21.3
40;2021-05-29;1542;1250;172141;89158;41.8;21.6
40;2021-05-30;2;52;172143;89210;41.8;21.7
40;2021-05-31;2560;1205;174703;90415;42.4;21.9
40;2021-06-01;3010;1769;177713;92184;43.1;22.4
40;2021-06-02;3166;1983;180879;94167;43.9;22.9
40;2021-06-03;3590;2332;184469;96499;44.8;23.4
40;2021-06-04;3013;2803;187482;99302;45.5;24.1
40;2021-06-05;1775;1393;189257;100695;45.9;24.4
40;2021-06-06;455;78;189712;100773;46.0;24.5
40;2021-06-07;2184;2025;191896;102798;46.6;25.0
40;2021-06-08;2943;2098;194839;104896;47.3;25.5
40;2021-06-09;3204;2254;198043;107150;48.1;26.0
40;2021-06-10;2970;2087;201013;109237;48.8;26.5
40;2021-06-11;3131;2794;204144;112031;49.6;27.2
40;2021-06-12;1959;1637;206103;113668;50.0;27.6
40;2021-06-13;642;159;206745;113827;50.2;27.6
40;2021-06-14;1453;2495;208198;116322;50.5;28.2
40;2021-06-15;2227;2817;210425;119139;51.1;28.9
40;2021-06-16;2591;2453;213016;121592;51.7;29.5
40;2021-06-17;2421;2436;215437;124028;52.3;30.1
40;2021-06-18;2311;2908;217748;126936;52.9;30.8
40;2021-06-19;1791;1228;219539;128164;53.3;31.1
40;2021-06-20;342;275;219881;128439;53.4;31.2
40;2021-06-21;1387;2323;221268;130762;53.7;31.7
40;2021-06-22;1675;2995;222943;133757;54.1;32.5
40;2021-06-23;1593;3347;224536;137104;54.5;33.3
40;2021-06-24;1715;2378;226251;139482;54.9;33.9
40;2021-06-25;1739;3258;227990;142740;55.3;34.6
40;2021-06-26;1323;1713;229313;144453;55.7;35.1
40;2021-06-27;257;355;229570;144808;55.7;35.1
40;2021-06-28;1327;2824;230897;147632;56.0;35.8
40;2021-06-29;1686;3386;232583;151018;56.5;36.7
40;2021-06-30;1756;3635;234339;154653;56.9;37.5
40;2021-07-01;1676;3946;236015;158599;57.3;38.5
40;2021-07-02;1537;3813;237552;162412;57.7;39.4
40;2021-07-03;663;1922;238215;164334;57.8;39.9
40;2021-07-04;216;483;238431;164817;57.9;40.0
40;2021-07-05;1453;3020;239884;167837;58.2;40.7
40;2021-07-06;1735;3609;241619;171446;58.6;41.6
40;2021-07-07;1942;3844;243561;175290;59.1;42.5
40;2021-07-08;2052;3401;245613;178691;59.6;43.4
40;2021-07-09;1875;3940;247488;182631;60.1;44.3
40;2021-07-10;988;2157;248476;184788;60.3;44.9
40;2021-07-11;201;294;248677;185082;60.4;44.9
40;2021-07-12;1296;4042;249973;189124;60.7;45.9
40;2021-07-13;2402;4690;252375;193814;61.3;47.0
40;2021-07-14;2166;2050;254541;195864;61.8;47.5
40;2021-07-15;2777;4850;257318;200714;62.5;48.7
40;2021-07-16;3249;3935;260567;204649;63.2;49.7
40;2021-07-17;2095;2584;262662;207233;63.8;50.3
40;2021-07-18;461;540;263123;207773;63.9;50.4
40;2021-07-19;2539;3696;265662;211469;64.5;51.3
40;2021-07-20;3017;4048;268679;215517;65.2;52.3
40;2021-07-21;3140;3857;271819;219374;66.0;53.2
41;2020-12-27;0;0;0;0;0.0;0.0
41;2020-12-28;0;0;0;0;0.0;0.0
41;2020-12-29;0;0;0;0;0.0;0.0
41;2020-12-30;0;0;0;0;0.0;0.0
41;2020-12-31;0;0;0;0;0.0;0.0
41;2021-01-01;0;0;0;0;0.0;0.0
41;2021-01-02;0;0;0;0;0.0;0.0
41;2021-01-03;0;0;0;0;0.0;0.0
41;2021-01-04;0;0;0;0;0.0;0.0
41;2021-01-05;35;0;35;0;0.0;0.0
41;2021-01-06;72;0;107;0;0.0;0.0
41;2021-01-07;21;0;128;0;0.0;0.0
41;2021-01-08;1;0;129;0;0.0;0.0
41;2021-01-09;0;0;129;0;0.0;0.0
41;2021-01-10;0;0;129;0;0.0;0.0
41;2021-01-11;133;0;262;0;0.1;0.0
41;2021-01-12;321;1;583;1;0.2;0.0
41;2021-01-13;270;0;853;1;0.3;0.0
41;2021-01-14;281;1;1134;2;0.3;0.0
41;2021-01-15;213;1;1347;3;0.4;0.0
41;2021-01-16;0;0;1347;3;0.4;0.0
41;2021-01-17;0;0;1347;3;0.4;0.0
41;2021-01-18;397;1;1744;4;0.5;0.0
41;2021-01-19;856;0;2600;4;0.8;0.0
41;2021-01-20;1055;1;3655;5;1.1;0.0
41;2021-01-21;1565;1;5220;6;1.6;0.0
41;2021-01-22;835;0;6055;6;1.8;0.0
41;2021-01-23;92;0;6147;6;1.9;0.0
41;2021-01-24;0;0;6147;6;1.9;0.0
41;2021-01-25;421;1;6568;7;2.0;0.0
41;2021-01-26;471;0;7039;7;2.1;0.0
41;2021-01-27;437;1;7476;8;2.3;0.0
41;2021-01-28;604;56;8080;64;2.5;0.0
41;2021-01-29;258;30;8338;94;2.5;0.0
41;2021-01-30;0;0;8338;94;2.5;0.0
41;2021-01-31;0;0;8338;94;2.5;0.0
41;2021-02-01;349;149;8687;243;2.6;0.1
41;2021-02-02;470;231;9157;474;2.8;0.1
41;2021-02-03;341;202;9498;676;2.9;0.2
41;2021-02-04;559;154;10057;830;3.1;0.3
41;2021-02-05;329;191;10386;1021;3.2;0.3
41;2021-02-06;4;0;10390;1021;3.2;0.3
41;2021-02-07;1;0;10391;1021;3.2;0.3
41;2021-02-08;306;311;10697;1332;3.3;0.4
41;2021-02-09;597;454;11294;1786;3.4;0.5
41;2021-02-10;486;695;11780;2481;3.6;0.8
41;2021-02-11;1064;1154;12844;3635;3.9;1.1
41;2021-02-12;690;353;13534;3988;4.1;1.2
41;2021-02-13;9;5;13543;3993;4.1;1.2
41;2021-02-14;0;27;13543;4020;4.1;1.2
41;2021-02-15;314;307;13857;4327;4.2;1.3
41;2021-02-16;354;564;14211;4891;4.3;1.5
41;2021-02-17;318;460;14529;5351;4.4;1.6
41;2021-02-18;617;317;15146;5668;4.6;1.7
41;2021-02-19;453;334;15599;6002;4.8;1.8
41;2021-02-20;68;58;15667;6060;4.8;1.8
41;2021-02-21;0;0;15667;6060;4.8;1.8
41;2021-02-22;310;429;15977;6489;4.9;2.0
41;2021-02-23;454;353;16431;6842;5.0;2.1
41;2021-02-24;281;447;16712;7289;5.1;2.2
41;2021-02-25;674;457;17386;7746;5.3;2.4
41;2021-02-26;629;251;18015;7997;5.5;2.4
41;2021-02-27;161;4;18176;8001;5.5;2.4
41;2021-02-28;2;31;18178;8032;5.5;2.5
41;2021-03-01;309;344;18487;8376;5.6;2.6
41;2021-03-02;645;448;19132;8824;5.8;2.7
41;2021-03-03;497;437;19629;9261;6.0;2.8
41;2021-03-04;782;834;20411;10095;6.2;3.1
41;2021-03-05;838;670;21249;10765;6.5;3.3
41;2021-03-06;715;17;21964;10782;6.7;3.3
41;2021-03-07;497;13;22461;10795;6.9;3.3
41;2021-03-08;297;377;22758;11172;6.9;3.4
41;2021-03-09;1042;450;23800;11622;7.3;3.5
41;2021-03-10;721;455;24521;12077;7.5;3.7
41;2021-03-11;1181;677;25702;12754;7.8;3.9
41;2021-03-12;1112;407;26814;13161;8.2;4.0
41;2021-03-13;1221;6;28035;13167;8.6;4.0
41;2021-03-14;392;3;28427;13170;8.7;4.0
41;2021-03-15;795;350;29222;13520;8.9;4.1
41;2021-03-16;1057;404;30279;13924;9.2;4.2
41;2021-03-17;587;240;30866;14164;9.4;4.3
41;2021-03-18;925;405;31791;14569;9.7;4.4
41;2021-03-19;910;331;32701;14900;10.0;4.5
41;2021-03-20;539;15;33240;14915;10.1;4.5
41;2021-03-21;1;0;33241;14915;10.1;4.5
41;2021-03-22;808;265;34049;15180;10.4;4.6
41;2021-03-23;1307;490;35356;15670;10.8;4.8
41;2021-03-24;1231;364;36587;16034;11.2;4.9
41;2021-03-25;2026;432;38613;16466;11.8;5.0
41;2021-03-26;1655;321;40268;16787;12.3;5.1
41;2021-03-27;452;56;40720;16843;12.4;5.1
41;2021-03-28;1;0;40721;16843;12.4;5.1
41;2021-03-29;938;303;41659;17146;12.7;5.2
41;2021-03-30;1497;588;43156;17734;13.2;5.4
41;2021-03-31;1146;473;44302;18207;13.5;5.6
41;2021-04-01;2248;554;46550;18761;14.2;5.7
41;2021-04-02;1241;470;47791;19231;14.6;5.9
41;2021-04-03;320;6;48111;19237;14.7;5.9
41;2021-04-04;36;0;48147;19237;14.7;5.9
41;2021-04-05;139;2;48286;19239;14.7;5.9
41;2021-04-06;1297;619;49583;19858;15.1;6.1
41;2021-04-07;1850;695;51433;20553;15.7;6.3
41;2021-04-08;2290;910;53723;21463;16.4;6.5
41;2021-04-09;2565;599;56288;22062;17.2;6.7
41;2021-04-10;951;496;57239;22558;17.5;6.9
41;2021-04-11;275;376;57514;22934;17.5;7.0
41;2021-04-12;1685;640;59199;23574;18.1;7.2
41;2021-04-13;2261;971;61460;24545;18.7;7.5
41;2021-04-14;1792;544;63252;25089;19.3;7.7
41;2021-04-15;2383;966;65635;26055;20.0;7.9
41;2021-04-16;1929;620;67564;26675;20.6;8.1
41;2021-04-17;647;134;68211;26809;20.8;8.2
41;2021-04-18;5;1;68216;26810;20.8;8.2
41;2021-04-19;1263;677;69479;27487;21.2;8.4
41;2021-04-20;2004;1166;71483;28653;21.8;8.7
41;2021-04-21;1502;895;72985;29548;22.3;9.0
41;2021-04-22;2235;1582;75220;31130;22.9;9.5
41;2021-04-23;1730;1069;76950;32199;23.5;9.8
41;2021-04-24;1542;269;78492;32468;23.9;9.9
41;2021-04-25;1006;18;79498;32486;24.2;9.9
41;2021-04-26;1356;626;80854;33112;24.7;10.1
41;2021-04-27;2093;1036;82947;34148;25.3;10.4
41;2021-04-28;1560;850;84507;34998;25.8;10.7
41;2021-04-29;2208;1373;86715;36371;26.5;11.1
41;2021-04-30;1961;854;88676;37225;27.0;11.4
41;2021-05-01;184;11;88860;37236;27.1;11.4
41;2021-05-02;107;17;88967;37253;27.1;11.4
41;2021-05-03;1866;888;90833;38141;27.7;11.6
41;2021-05-04;2093;1539;92926;39680;28.3;12.1
41;2021-05-05;1881;1189;94807;40869;28.9;12.5
41;2021-05-06;2449;1693;97256;42562;29.7;13.0
41;2021-05-07;2017;1794;99273;44356;30.3;13.5
41;2021-05-08;199;152;99472;44508;30.3;13.6
41;2021-05-09;10;354;99482;44862;30.3;13.7
41;2021-05-10;1586;1555;101068;46417;30.8;14.2
41;2021-05-11;2091;2099;103159;48516;31.5;14.8
41;2021-05-12;1953;1669;105112;50185;32.1;15.3
41;2021-05-13;1484;944;106596;51129;32.5;15.6
41;2021-05-14;1575;1303;108171;52432;33.0;16.0
41;2021-05-15;206;294;108377;52726;33.1;16.1
41;2021-05-16;4;0;108381;52726;33.1;16.1
41;2021-05-17;2483;558;110864;53284;33.8;16.3
41;2021-05-18;3139;1023;114003;54307;34.8;16.6
41;2021-05-19;2553;667;116556;54974;35.6;16.8
41;2021-05-20;3348;1151;119904;56125;36.6;17.1
41;2021-05-21;2722;966;122626;57091;37.4;17.4
41;2021-05-22;396;236;123022;57327;37.5;17.5
41;2021-05-23;6;2;123028;57329;37.5;17.5
41;2021-05-24;2605;145;125633;57474;38.3;17.5
41;2021-05-25;2989;574;128622;58048;39.2;17.7
41;2021-05-26;3037;642;131659;58690;40.2;17.9
41;2021-05-27;3296;1105;134955;59795;41.2;18.2
41;2021-05-28;3144;983;138099;60778;42.1;18.5
41;2021-05-29;2075;428;140174;61206;42.8;18.7
41;2021-05-30;341;21;140515;61227;42.9;18.7
41;2021-05-31;1710;1514;142225;62741;43.4;19.1
41;2021-06-01;2260;2013;144485;64754;44.1;19.8
41;2021-06-02;1831;1290;146316;66044;44.6;20.1
41;2021-06-03;2596;1939;148912;67983;45.4;20.7
41;2021-06-04;2306;1963;151218;69946;46.1;21.3
41;2021-06-05;611;1582;151829;71528;46.3;21.8
41;2021-06-06;108;927;151937;72455;46.3;22.1
41;2021-06-07;1517;1533;153454;73988;46.8;22.6
41;2021-06-08;1711;2413;155165;76401;47.3;23.3
41;2021-06-09;1615;1645;156780;78046;47.8;23.8
41;2021-06-10;1916;1818;158696;79864;48.4;24.4
41;2021-06-11;1571;1797;160267;81661;48.9;24.9
41;2021-06-12;661;649;160928;82310;49.1;25.1
41;2021-06-13;12;77;160940;82387;49.1;25.1
41;2021-06-14;1266;1966;162206;84353;49.5;25.7
41;2021-06-15;1831;2765;164037;87118;50.0;26.6
41;2021-06-16;1722;2311;165759;89429;50.6;27.3
41;2021-06-17;1808;2578;167567;92007;51.1;28.1
41;2021-06-18;1663;2394;169230;94401;51.6;28.8
41;2021-06-19;412;531;169642;94932;51.7;29.0
41;2021-06-20;11;32;169653;94964;51.7;29.0
41;2021-06-21;1323;1780;170976;96744;52.2;29.5
41;2021-06-22;1612;2570;172588;99314;52.6;30.3
41;2021-06-23;1373;2041;173961;101355;53.1;30.9
41;2021-06-24;1477;2325;175438;103680;53.5;31.6
41;2021-06-25;1291;2623;176729;106303;53.9;32.4
41;2021-06-26;432;613;177161;106916;54.0;32.6
41;2021-06-27;0;4;177161;106920;54.0;32.6
41;2021-06-28;403;2713;177564;109633;54.2;33.4
41;2021-06-29;661;3449;178225;113082;54.4;34.5
41;2021-06-30;550;3072;178775;116154;54.5;35.4
41;2021-07-01;764;3113;179539;119267;54.8;36.4
41;2021-07-02;588;3506;180127;122773;54.9;37.4
41;2021-07-03;157;647;180284;123420;55.0;37.6
41;2021-07-04;1;2;180285;123422;55.0;37.6
41;2021-07-05;287;2828;180572;126250;55.1;38.5
41;2021-07-06;664;3639;181236;129889;55.3;39.6
41;2021-07-07;477;3138;181713;133027;55.4;40.6
41;2021-07-08;942;3380;182655;136407;55.7;41.6
41;2021-07-09;528;3643;183183;140050;55.9;42.7
41;2021-07-10;246;2087;183429;142137;56.0;43.4
41;2021-07-11;7;281;183436;142418;56.0;43.4
41;2021-07-12;857;2296;184293;144714;56.2;44.1
41;2021-07-13;1191;3285;185484;147999;56.6;45.1
41;2021-07-14;140;1081;185624;149080;56.6;45.5
41;2021-07-15;1314;3321;186938;152401;57.0;46.5
41;2021-07-16;1087;3394;188025;155795;57.4;47.5
41;2021-07-17;340;806;188365;156601;57.5;47.8
41;2021-07-18;23;32;188388;156633;57.5;47.8
41;2021-07-19;1188;2315;189576;158948;57.8;48.5
41;2021-07-20;1630;2739;191206;161687;58.3;49.3
41;2021-07-21;1699;2082;192905;163769;58.8;50.0
42;2020-12-27;0;0;0;0;0.0;0.0
42;2020-12-28;0;0;0;0;0.0;0.0
42;2020-12-29;0;0;0;0;0.0;0.0
42;2020-12-30;0;0;0;0;0.0;0.0
42;2020-12-31;0;0;0;0;0.0;0.0
42;2021-01-01;0;0;0;0;0.0;0.0
42;2021-01-02;0;0;0;0;0.0;0.0
42;2021-01-03;0;0;0;0;0.0;0.0
42;2021-01-04;0;0;0;0;0.0;0.0
42;2021-01-05;1;0;1;0;0.0;0.0
42;2021-01-06;178;1;179;1;0.0;0.0
42;2021-01-07;254;0;433;1;0.1;0.0
42;2021-01-08;262;1;695;2;0.1;0.0
42;2021-01-09;136;0;831;2;0.1;0.0
42;2021-01-10;0;0;831;2;0.1;0.0
42;2021-01-11;293;2;1124;4;0.1;0.0
42;2021-01-12;412;2;1536;6;0.2;0.0
42;2021-01-13;526;1;2062;7;0.3;0.0
42;2021-01-14;752;4;2814;11;0.4;0.0
42;2021-01-15;704;2;3518;13;0.5;0.0
42;2021-01-16;297;1;3815;14;0.5;0.0
42;2021-01-17;219;0;4034;14;0.5;0.0
42;2021-01-18;967;1;5001;15;0.7;0.0
42;2021-01-19;1325;9;6326;24;0.8;0.0
42;2021-01-20;954;4;7280;28;1.0;0.0
42;2021-01-21;970;5;8250;33;1.1;0.0
42;2021-01-22;990;2;9240;35;1.2;0.0
42;2021-01-23;401;0;9641;35;1.3;0.0
42;2021-01-24;358;0;9999;35;1.3;0.0
42;2021-01-25;1098;9;11097;44;1.5;0.0
42;2021-01-26;1742;19;12839;63;1.7;0.0
42;2021-01-27;1430;123;14269;186;1.9;0.0
42;2021-01-28;1660;139;15929;325;2.1;0.0
42;2021-01-29;943;115;16872;440;2.2;0.1
42;2021-01-30;255;115;17127;555;2.2;0.1
42;2021-01-31;258;2;17385;557;2.3;0.1
42;2021-02-01;726;62;18111;619;2.4;0.1
42;2021-02-02;1749;288;19860;907;2.6;0.1
42;2021-02-03;1504;484;21364;1391;2.8;0.2
42;2021-02-04;1282;611;22646;2002;3.0;0.3
42;2021-02-05;684;525;23330;2527;3.1;0.3
42;2021-02-06;303;148;23633;2675;3.1;0.3
42;2021-02-07;275;152;23908;2827;3.1;0.4
42;2021-02-08;508;627;24416;3454;3.2;0.5
42;2021-02-09;703;799;25119;4253;3.3;0.6
42;2021-02-10;737;688;25856;4941;3.4;0.6
42;2021-02-11;764;673;26620;5614;3.5;0.7
42;2021-02-12;673;749;27293;6363;3.6;0.8
42;2021-02-13;426;299;27719;6662;3.6;0.9
42;2021-02-14;186;229;27905;6891;3.6;0.9
42;2021-02-15;520;817;28425;7708;3.7;1.0
42;2021-02-16;489;1244;28914;8952;3.8;1.2
42;2021-02-17;514;1537;29428;10489;3.8;1.4
42;2021-02-18;753;1377;30181;11866;3.9;1.6
42;2021-02-19;767;1013;30948;12879;4.0;1.7
42;2021-02-20;247;410;31195;13289;4.1;1.7
42;2021-02-21;63;328;31258;13617;4.1;1.8
42;2021-02-22;571;964;31829;14581;4.2;1.9
42;2021-02-23;1196;1410;33025;15991;4.3;2.1
42;2021-02-24;1229;1214;34254;17205;4.5;2.2
42;2021-02-25;1666;1408;35920;18613;4.7;2.4
42;2021-02-26;1642;902;37562;19515;4.9;2.6
42;2021-02-27;580;290;38142;19805;5.0;2.6
42;2021-02-28;167;125;38309;19930;5.0;2.6
42;2021-03-01;814;846;39123;20776;5.1;2.7
42;2021-03-02;1272;807;40395;21583;5.3;2.8
42;2021-03-03;1365;791;41760;22374;5.5;2.9
42;2021-03-04;1703;683;43463;23057;5.7;3.0
42;2021-03-05;2624;638;46087;23695;6.0;3.1
42;2021-03-06;1932;242;48019;23937;6.3;3.1
42;2021-03-07;1493;77;49512;24014;6.5;3.1
42;2021-03-08;1403;500;50915;24514;6.7;3.2
42;2021-03-09;1983;430;52898;24944;6.9;3.3
42;2021-03-10;2053;471;54951;25415;7.2;3.3
42;2021-03-11;3044;576;57995;25991;7.6;3.4
42;2021-03-12;3005;795;61000;26786;8.0;3.5
42;2021-03-13;1477;337;62477;27123;8.2;3.5
42;2021-03-14;471;173;62948;27296;8.2;3.6
42;2021-03-15;1570;583;64518;27879;8.4;3.6
42;2021-03-16;1461;762;65979;28641;8.6;3.7
42;2021-03-17;1714;1041;67693;29682;8.9;3.9
42;2021-03-18;1804;1012;69497;30694;9.1;4.0
42;2021-03-19;2562;658;72059;31352;9.4;4.1
42;2021-03-20;1671;213;73730;31565;9.6;4.1
42;2021-03-21;527;92;74257;31657;9.7;4.1
42;2021-03-22;1427;726;75684;32383;9.9;4.2
42;2021-03-23;2504;828;78188;33211;10.2;4.3
42;2021-03-24;2783;765;80971;33976;10.6;4.4
42;2021-03-25;3721;916;84692;34892;11.1;4.6
42;2021-03-26;3758;755;88450;35647;11.6;4.7
42;2021-03-27;1803;423;90253;36070;11.8;4.7
42;2021-03-28;1040;196;91293;36266;11.9;4.7
42;2021-03-29;2062;906;93355;37172;12.2;4.9
42;2021-03-30;3142;839;96497;38011;12.6;5.0
42;2021-03-31;2440;1038;98937;39049;12.9;5.1
42;2021-04-01;3388;1018;102325;40067;13.4;5.2
42;2021-04-02;2849;1192;105174;41259;13.8;5.4
42;2021-04-03;1414;595;106588;41854;13.9;5.5
42;2021-04-04;1400;377;107988;42231;14.1;5.5
42;2021-04-05;1900;278;109888;42509;14.4;5.6
42;2021-04-06;2293;1386;112181;43895;14.7;5.7
42;2021-04-07;2750;1798;114931;45693;15.0;6.0
42;2021-04-08;4017;1569;118948;47262;15.6;6.2
42;2021-04-09;5119;1484;124067;48746;16.2;6.4
42;2021-04-10;2580;739;126647;49485;16.6;6.5
42;2021-04-11;1955;411;128602;49896;16.8;6.5
42;2021-04-12;3687;1525;132289;51421;17.3;6.7
42;2021-04-13;4656;1774;136945;53195;17.9;7.0
42;2021-04-14;4302;1873;141247;55068;18.5;7.2
42;2021-04-15;4799;1775;146046;56843;19.1;7.4
42;2021-04-16;4613;1842;150659;58685;19.7;7.7
42;2021-04-17;2977;1061;153636;59746;20.1;7.8
42;2021-04-18;1883;409;155519;60155;20.3;7.9
42;2021-04-19;3088;1524;158607;61679;20.7;8.1
42;2021-04-20;3467;1925;162074;63604;21.2;8.3
42;2021-04-21;3469;1732;165543;65336;21.6;8.5
42;2021-04-22;3766;1926;169309;67262;22.1;8.8
42;2021-04-23;3832;1981;173141;69243;22.6;9.1
42;2021-04-24;2355;1497;175496;70740;22.9;9.3
42;2021-04-25;1655;940;177151;71680;23.2;9.4
42;2021-04-26;3274;1711;180425;73391;23.6;9.6
42;2021-04-27;3256;2188;183681;75579;24.0;9.9
42;2021-04-28;3463;2605;187144;78184;24.5;10.2
42;2021-04-29;3771;2787;190915;80971;25.0;10.6
42;2021-04-30;3357;3016;194272;83987;25.4;11.0
42;2021-05-01;2966;1035;197238;85022;25.8;11.1
42;2021-05-02;1934;1250;199172;86272;26.0;11.3
42;2021-05-03;2868;2758;202040;89030;26.4;11.6
42;2021-05-04;3421;3110;205461;92140;26.9;12.0
42;2021-05-05;3324;3382;208785;95522;27.3;12.5
42;2021-05-06;3885;3748;212670;99270;27.8;13.0
42;2021-05-07;3729;4028;216399;103298;28.3;13.5
42;2021-05-08;3164;1053;219563;104351;28.7;13.6
42;2021-05-09;1506;2208;221069;106559;28.9;13.9
42;2021-05-10;3246;3812;224315;110371;29.3;14.4
42;2021-05-11;5574;3898;229889;114269;30.1;14.9
42;2021-05-12;5337;3557;235226;117826;30.8;15.4
42;2021-05-13;5455;1126;240681;118952;31.5;15.6
42;2021-05-14;5245;2917;245926;121869;32.2;15.9
42;2021-05-15;4878;2105;250804;123974;32.8;16.2
42;2021-05-16;2868;1036;253672;125010;33.2;16.3
42;2021-05-17;5885;2833;259557;127843;33.9;16.7
42;2021-05-18;6250;2976;265807;130819;34.8;17.1
42;2021-05-19;6523;2746;272330;133565;35.6;17.5
42;2021-05-20;7107;2881;279437;136446;36.5;17.8
42;2021-05-21;6352;3256;285789;139702;37.4;18.3
42;2021-05-22;5838;2118;291627;141820;38.1;18.5
42;2021-05-23;2832;867;294459;142687;38.5;18.7
42;2021-05-24;5248;1410;299707;144097;39.2;18.8
42;2021-05-25;5150;3940;304857;148037;39.9;19.4
42;2021-05-26;5150;3438;310007;151475;40.5;19.8
42;2021-05-27;5362;3626;315369;155101;41.2;20.3
42;2021-05-28;5038;4192;320407;159293;41.9;20.8
42;2021-05-29;4335;2977;324742;162270;42.5;21.2
42;2021-05-30;1979;1210;326721;163480;42.7;21.4
42;2021-05-31;4239;3422;330960;166902;43.3;21.8
42;2021-06-01;4589;3566;335549;170468;43.9;22.3
42;2021-06-02;4461;2995;340010;173463;44.5;22.7
42;2021-06-03;4921;3829;344931;177292;45.1;23.2
42;2021-06-04;4765;4215;349696;181507;45.7;23.7
42;2021-06-05;3687;2424;353383;183931;46.2;24.1
42;2021-06-06;1445;1292;354828;185223;46.4;24.2
42;2021-06-07;3981;3368;358809;188591;46.9;24.7
42;2021-06-08;3459;3230;362268;191821;47.4;25.1
42;2021-06-09;2955;3193;365223;195014;47.8;25.5
42;2021-06-10;3237;2927;368460;197941;48.2;25.9
42;2021-06-11;3577;4117;372037;202058;48.6;26.4
42;2021-06-12;2851;2875;374888;204933;49.0;26.8
42;2021-06-13;940;1273;375828;206206;49.1;27.0
42;2021-06-14;2300;4063;378128;210269;49.4;27.5
42;2021-06-15;2826;4063;380954;214332;49.8;28.0
42;2021-06-16;2904;3542;383858;217874;50.2;28.5
42;2021-06-17;2632;3741;386490;221615;50.5;29.0
42;2021-06-18;3078;5146;389568;226761;50.9;29.7
42;2021-06-19;2829;4244;392397;231005;51.3;30.2
42;2021-06-20;856;1841;393253;232846;51.4;30.4
42;2021-06-21;1895;6273;395148;239119;51.7;31.3
42;2021-06-22;1868;5905;397016;245024;51.9;32.0
42;2021-06-23;1831;5321;398847;250345;52.2;32.7
42;2021-06-24;1773;4681;400620;255026;52.4;33.3
42;2021-06-25;2019;6959;402639;261985;52.7;34.3
42;2021-06-26;1393;5823;404032;267808;52.8;35.0
42;2021-06-27;756;2856;404788;270664;52.9;35.4
42;2021-06-28;1731;7064;406519;277728;53.2;36.3
42;2021-06-29;1521;6566;408040;284294;53.4;37.2
42;2021-06-30;1949;5766;409989;290060;53.6;37.9
42;2021-07-01;1755;5115;411744;295175;53.8;38.6
42;2021-07-02;2022;6741;413766;301916;54.1;39.5
42;2021-07-03;1739;5970;415505;307886;54.3;40.3
42;2021-07-04;847;2508;416352;310394;54.4;40.6
42;2021-07-05;1697;6290;418049;316684;54.7;41.4
42;2021-07-06;2097;5571;420146;322255;54.9;42.1
42;2021-07-07;2306;4656;422452;326911;55.2;42.7
42;2021-07-08;2259;3951;424711;330862;55.5;43.3
42;2021-07-09;2355;6093;427066;336955;55.8;44.1
42;2021-07-10;1688;5579;428754;342534;56.1;44.8
42;2021-07-11;916;2291;429670;344825;56.2;45.1
42;2021-07-12;1751;6278;431421;351103;56.4;45.9
42;2021-07-13;3577;6270;434998;357373;56.9;46.7
42;2021-07-14;4459;2040;439457;359413;57.5;47.0
42;2021-07-15;4516;5596;443973;365009;58.1;47.7
42;2021-07-16;4327;6170;448300;371179;58.6;48.5
42;2021-07-17;3173;4681;451473;375860;59.0;49.1
42;2021-07-18;1830;1732;453303;377592;59.3;49.4
42;2021-07-19;3775;5027;457078;382619;59.8;50.0
42;2021-07-20;4679;4828;461757;387447;60.4;50.7
42;2021-07-21;5064;4652;466821;392099;61.0;51.3
43;2020-12-27;0;0;0;0;0.0;0.0
43;2020-12-28;0;0;0;0;0.0;0.0
43;2020-12-29;0;0;0;0;0.0;0.0
43;2020-12-30;0;0;0;0;0.0;0.0
43;2020-12-31;0;0;0;0;0.0;0.0
43;2021-01-01;0;0;0;0;0.0;0.0
43;2021-01-02;0;0;0;0;0.0;0.0
43;2021-01-03;0;0;0;0;0.0;0.0
43;2021-01-04;1;0;1;0;0.0;0.0
43;2021-01-05;0;0;1;0;0.0;0.0
43;2021-01-06;0;0;1;0;0.0;0.0
43;2021-01-07;167;0;168;0;0.1;0.0
43;2021-01-08;151;0;319;0;0.1;0.0
43;2021-01-09;0;0;319;0;0.1;0.0
43;2021-01-10;0;0;319;0;0.1;0.0
43;2021-01-11;137;0;456;0;0.2;0.0
43;2021-01-12;244;1;700;1;0.3;0.0
43;2021-01-13;244;1;944;2;0.4;0.0
43;2021-01-14;293;1;1237;3;0.5;0.0
43;2021-01-15;303;2;1540;5;0.7;0.0
43;2021-01-16;32;0;1572;5;0.7;0.0
43;2021-01-17;0;0;1572;5;0.7;0.0
43;2021-01-18;760;5;2332;10;1.0;0.0
43;2021-01-19;777;6;3109;16;1.4;0.0
43;2021-01-20;517;0;3626;16;1.6;0.0
43;2021-01-21;446;1;4072;17;1.8;0.0
43;2021-01-22;465;8;4537;25;2.0;0.0
43;2021-01-23;1;0;4538;25;2.0;0.0
43;2021-01-24;1;0;4539;25;2.0;0.0
43;2021-01-25;539;0;5078;25;2.2;0.0
43;2021-01-26;615;3;5693;28;2.5;0.0
43;2021-01-27;740;0;6433;28;2.8;0.0
43;2021-01-28;747;32;7180;60;3.2;0.0
43;2021-01-29;719;85;7899;145;3.5;0.1
43;2021-01-30;109;0;8008;145;3.5;0.1
43;2021-01-31;0;0;8008;145;3.5;0.1
43;2021-02-01;403;100;8411;245;3.7;0.1
43;2021-02-02;709;151;9120;396;4.0;0.2
43;2021-02-03;691;43;9811;439;4.3;0.2
43;2021-02-04;523;171;10334;610;4.6;0.3
43;2021-02-05;543;172;10877;782;4.8;0.3
43;2021-02-06;163;19;11040;801;4.9;0.4
43;2021-02-07;0;0;11040;801;4.9;0.4
43;2021-02-08;411;304;11451;1105;5.0;0.5
43;2021-02-09;369;435;11820;1540;5.2;0.7
43;2021-02-10;399;361;12219;1901;5.4;0.8
43;2021-02-11;390;395;12609;2296;5.6;1.0
43;2021-02-12;426;200;13035;2496;5.7;1.1
43;2021-02-13;572;35;13607;2531;6.0;1.1
43;2021-02-14;0;0;13607;2531;6.0;1.1
43;2021-02-15;68;480;13675;3011;6.0;1.3
43;2021-02-16;41;374;13716;3385;6.0;1.5
43;2021-02-17;87;483;13803;3868;6.1;1.7
43;2021-02-18;147;381;13950;4249;6.1;1.9
43;2021-02-19;277;508;14227;4757;6.3;2.1
43;2021-02-20;22;4;14249;4761;6.3;2.1
43;2021-02-21;0;0;14249;4761;6.3;2.1
43;2021-02-22;16;504;14265;5265;6.3;2.3
43;2021-02-23;202;799;14467;6064;6.4;2.7
43;2021-02-24;147;715;14614;6779;6.4;3.0
43;2021-02-25;227;682;14841;7461;6.5;3.3
43;2021-02-26;222;683;15063;8144;6.6;3.6
43;2021-02-27;138;74;15201;8218;6.7;3.6
43;2021-02-28;1;0;15202;8218;6.7;3.6
43;2021-03-01;210;478;15412;8696;6.8;3.8
43;2021-03-02;342;577;15754;9273;6.9;4.1
43;2021-03-03;337;612;16091;9885;7.1;4.4
43;2021-03-04;551;457;16642;10342;7.3;4.6
43;2021-03-05;566;447;17208;10789;7.6;4.8
43;2021-03-06;489;176;17697;10965;7.8;4.8
43;2021-03-07;12;0;17709;10965;7.8;4.8
43;2021-03-08;445;439;18154;11404;8.0;5.0
43;2021-03-09;621;344;18775;11748;8.3;5.2
43;2021-03-10;673;489;19448;12237;8.6;5.4
43;2021-03-11;953;434;20401;12671;9.0;5.6
43;2021-03-12;945;415;21346;13086;9.4;5.8
43;2021-03-13;792;108;22138;13194;9.8;5.8
43;2021-03-14;2;0;22140;13194;9.8;5.8
43;2021-03-15;706;137;22846;13331;10.1;5.9
43;2021-03-16;846;272;23692;13603;10.4;6.0
43;2021-03-17;638;129;24330;13732;10.7;6.1
43;2021-03-18;675;125;25005;13857;11.0;6.1
43;2021-03-19;838;96;25843;13953;11.4;6.1
43;2021-03-20;450;59;26293;14012;11.6;6.2
43;2021-03-21;0;0;26293;14012;11.6;6.2
43;2021-03-22;743;29;27036;14041;11.9;6.2
43;2021-03-23;869;30;27905;14071;12.3;6.2
43;2021-03-24;1172;66;29077;14137;12.8;6.2
43;2021-03-25;1594;132;30671;14269;13.5;6.3
43;2021-03-26;1609;176;32280;14445;14.2;6.4
43;2021-03-27;1448;66;33728;14511;14.9;6.4
43;2021-03-28;420;20;34148;14531;15.0;6.4
43;2021-03-29;1094;163;35242;14694;15.5;6.5
43;2021-03-30;1312;233;36554;14927;16.1;6.6
43;2021-03-31;1305;240;37859;15167;16.7;6.7
43;2021-04-01;1345;330;39204;15497;17.3;6.8
43;2021-04-02;1051;343;40255;15840;17.7;7.0
43;2021-04-03;337;192;40592;16032;17.9;7.1
43;2021-04-04;0;0;40592;16032;17.9;7.1
43;2021-04-05;3;0;40595;16032;17.9;7.1
43;2021-04-06;686;601;41281;16633;18.2;7.3
43;2021-04-07;867;567;42148;17200;18.6;7.6
43;2021-04-08;1084;450;43232;17650;19.1;7.8
43;2021-04-09;1148;645;44380;18295;19.6;8.1
43;2021-04-10;625;259;45005;18554;19.8;8.2
43;2021-04-11;0;0;45005;18554;19.8;8.2
43;2021-04-12;681;647;45686;19201;20.1;8.5
43;2021-04-13;917;717;46603;19918;20.5;8.8
43;2021-04-14;722;663;47325;20581;20.9;9.1
43;2021-04-15;958;691;48283;21272;21.3;9.4
43;2021-04-16;1006;682;49289;21954;21.7;9.7
43;2021-04-17;423;300;49712;22254;21.9;9.8
43;2021-04-18;3;5;49715;22259;21.9;9.8
43;2021-04-19;629;558;50344;22817;22.2;10.1
43;2021-04-20;840;664;51184;23481;22.6;10.3
43;2021-04-21;321;987;51505;24468;22.7;10.8
43;2021-04-22;678;1007;52183;25475;23.0;11.2
43;2021-04-23;402;1095;52585;26570;23.2;11.7
43;2021-04-24;347;1034;52932;27604;23.3;12.2
43;2021-04-25;23;403;52955;28007;23.3;12.3
43;2021-04-26;384;966;53339;28973;23.5;12.8
43;2021-04-27;823;989;54162;29962;23.9;13.2
43;2021-04-28;794;1099;54956;31061;24.2;13.7
43;2021-04-29;1235;1134;56191;32195;24.8;14.2
43;2021-04-30;1199;1059;57390;33254;25.3;14.7
43;2021-05-01;400;19;57790;33273;25.5;14.7
43;2021-05-02;0;0;57790;33273;25.5;14.7
43;2021-05-03;1216;395;59006;33668;26.0;14.8
43;2021-05-04;1236;944;60242;34612;26.5;15.3
43;2021-05-05;1144;846;61386;35458;27.1;15.6
43;2021-05-06;1403;935;62789;36393;27.7;16.0
43;2021-05-07;1090;1166;63879;37559;28.2;16.6
43;2021-05-08;518;135;64397;37694;28.4;16.6
43;2021-05-09;0;2;64397;37696;28.4;16.6
43;2021-05-10;1084;720;65481;38416;28.9;16.9
43;2021-05-11;1554;1002;67035;39418;29.5;17.4
43;2021-05-12;1480;806;68515;40224;30.2;17.7
43;2021-05-13;935;379;69450;40603;30.6;17.9
43;2021-05-14;2201;1096;71651;41699;31.6;18.4
43;2021-05-15;1269;317;72920;42016;32.1;18.5
43;2021-05-16;271;47;73191;42063;32.3;18.5
43;2021-05-17;1623;621;74814;42684;33.0;18.8
43;2021-05-18;1966;665;76780;43349;33.8;19.1
43;2021-05-19;2069;568;78849;43917;34.8;19.4
43;2021-05-20;2336;793;81185;44710;35.8;19.7
43;2021-05-21;2382;703;83567;45413;36.8;20.0
43;2021-05-22;1208;340;84775;45753;37.4;20.2
43;2021-05-23;1;0;84776;45753;37.4;20.2
43;2021-05-24;381;100;85157;45853;37.5;20.2
43;2021-05-25;1406;651;86563;46504;38.2;20.5
43;2021-05-26;1349;555;87912;47059;38.7;20.7
43;2021-05-27;1389;711;89301;47770;39.4;21.1
43;2021-05-28;1347;730;90648;48500;40.0;21.4
43;2021-05-29;1135;596;91783;49096;40.5;21.6
43;2021-05-30;149;16;91932;49112;40.5;21.6
43;2021-05-31;1207;443;93139;49555;41.0;21.8
43;2021-06-01;1279;983;94418;50538;41.6;22.3
43;2021-06-02;1085;692;95503;51230;42.1;22.6
43;2021-06-03;1194;856;96697;52086;42.6;23.0
43;2021-06-04;1348;859;98045;52945;43.2;23.3
43;2021-06-05;822;450;98867;53395;43.6;23.5
43;2021-06-06;10;5;98877;53400;43.6;23.5
43;2021-06-07;746;515;99623;53915;43.9;23.8
43;2021-06-08;664;701;100287;54616;44.2;24.1
43;2021-06-09;539;758;100826;55374;44.4;24.4
43;2021-06-10;800;1114;101626;56488;44.8;24.9
43;2021-06-11;758;1347;102384;57835;45.1;25.5
43;2021-06-12;910;514;103294;58349;45.5;25.7
43;2021-06-13;3;27;103297;58376;45.5;25.7
43;2021-06-14;447;1086;103744;59462;45.7;26.2
43;2021-06-15;628;1193;104372;60655;46.0;26.7
43;2021-06-16;548;975;104920;61630;46.2;27.2
43;2021-06-17;595;1499;105515;63129;46.5;27.8
43;2021-06-18;898;1461;106413;64590;46.9;28.5
43;2021-06-19;446;778;106859;65368;47.1;28.8
43;2021-06-20;0;12;106859;65380;47.1;28.8
43;2021-06-21;422;1307;107281;66687;47.3;29.4
43;2021-06-22;530;1958;107811;68645;47.5;30.3
43;2021-06-23;342;1744;108153;70389;47.7;31.0
43;2021-06-24;509;1496;108662;71885;47.9;31.7
43;2021-06-25;593;2349;109255;74234;48.2;32.7
43;2021-06-26;505;1247;109760;75481;48.4;33.3
43;2021-06-27;9;20;109769;75501;48.4;33.3
43;2021-06-28;334;1788;110103;77289;48.5;34.1
43;2021-06-29;520;2382;110623;79671;48.8;35.1
43;2021-06-30;454;2282;111077;81953;49.0;36.1
43;2021-07-01;469;1913;111546;83866;49.2;37.0
43;2021-07-02;495;1961;112041;85827;49.4;37.8
43;2021-07-03;256;1109;112297;86936;49.5;38.3
43;2021-07-04;0;0;112297;86936;49.5;38.3
43;2021-07-05;523;1199;112820;88135;49.7;38.8
43;2021-07-06;629;1680;113449;89815;50.0;39.6
43;2021-07-07;519;1420;113968;91235;50.2;40.2
43;2021-07-08;834;1422;114802;92657;50.6;40.8
43;2021-07-09;544;1498;115346;94155;50.8;41.5
43;2021-07-10;400;1333;115746;95488;51.0;42.1
43;2021-07-11;23;98;115769;95586;51.0;42.1
43;2021-07-12;601;1685;116370;97271;51.3;42.9
43;2021-07-13;1184;1843;117554;99114;51.8;43.7
43;2021-07-14;843;146;118397;99260;52.2;43.7
43;2021-07-15;1923;1828;120320;101088;53.0;44.6
43;2021-07-16;1747;1613;122067;102701;53.8;45.3
43;2021-07-17;1530;1187;123597;103888;54.5;45.8
43;2021-07-18;4;19;123601;103907;54.5;45.8
43;2021-07-19;1427;1219;125028;105126;55.1;46.3
43;2021-07-20;1888;1424;126916;106550;55.9;47.0
43;2021-07-21;1841;1097;128757;107647;56.7;47.4
44;2020-12-27;0;0;0;0;0.0;0.0
44;2020-12-28;0;0;0;0;0.0;0.0
44;2020-12-29;0;0;0;0;0.0;0.0
44;2020-12-30;1;0;1;0;0.0;0.0
44;2020-12-31;0;0;1;0;0.0;0.0
44;2021-01-01;0;0;1;0;0.0;0.0
44;2021-01-02;0;0;1;0;0.0;0.0
44;2021-01-03;1;0;2;0;0.0;0.0
44;2021-01-04;0;0;2;0;0.0;0.0
44;2021-01-05;0;0;2;0;0.0;0.0
44;2021-01-06;20;1;22;1;0.0;0.0
44;2021-01-07;186;0;208;1;0.0;0.0
44;2021-01-08;527;1;735;2;0.1;0.0
44;2021-01-09;473;0;1208;2;0.1;0.0
44;2021-01-10;455;1;1663;3;0.1;0.0
44;2021-01-11;801;0;2464;3;0.2;0.0
44;2021-01-12;904;1;3368;4;0.2;0.0
44;2021-01-13;1087;1;4455;5;0.3;0.0
44;2021-01-14;1110;8;5565;13;0.4;0.0
44;2021-01-15;987;1;6552;14;0.5;0.0
44;2021-01-16;335;2;6887;16;0.5;0.0
44;2021-01-17;327;1;7214;17;0.5;0.0
44;2021-01-18;855;3;8069;20;0.6;0.0
44;2021-01-19;2572;3;10641;23;0.7;0.0
44;2021-01-20;2712;4;13353;27;0.9;0.0
44;2021-01-21;4526;3;17879;30;1.2;0.0
44;2021-01-22;2414;6;20293;36;1.4;0.0
44;2021-01-23;762;1;21055;37;1.5;0.0
44;2021-01-24;119;0;21174;37;1.5;0.0
44;2021-01-25;829;0;22003;37;1.5;0.0
44;2021-01-26;2521;18;24524;55;1.7;0.0
44;2021-01-27;2087;61;26611;116;1.9;0.0
44;2021-01-28;3730;191;30341;307;2.1;0.0
44;2021-01-29;2367;491;32708;798;2.3;0.1
44;2021-01-30;627;217;33335;1015;2.3;0.1
44;2021-01-31;14;214;33349;1229;2.3;0.1
44;2021-02-01;591;545;33940;1774;2.4;0.1
44;2021-02-02;878;763;34818;2537;2.4;0.2
44;2021-02-03;889;900;35707;3437;2.5;0.2
44;2021-02-04;934;724;36641;4161;2.5;0.3
44;2021-02-05;894;631;37535;4792;2.6;0.3
44;2021-02-06;462;269;37997;5061;2.6;0.4
44;2021-02-07;72;208;38069;5269;2.6;0.4
44;2021-02-08;522;460;38591;5729;2.7;0.4
44;2021-02-09;945;1255;39536;6984;2.8;0.5
44;2021-02-10;1129;1313;40665;8297;2.8;0.6
44;2021-02-11;2282;3009;42947;11306;3.0;0.8
44;2021-02-12;1662;1736;44609;13042;3.1;0.9
44;2021-02-13;431;516;45040;13558;3.1;0.9
44;2021-02-14;10;179;45050;13737;3.1;1.0
44;2021-02-15;503;1105;45553;14842;3.2;1.0
44;2021-02-16;1441;2571;46994;17413;3.3;1.2
44;2021-02-17;1102;2173;48096;19586;3.3;1.4
44;2021-02-18;1950;3714;50046;23300;3.5;1.6
44;2021-02-19;1579;2539;51625;25839;3.6;1.8
44;2021-02-20;409;648;52034;26487;3.6;1.8
44;2021-02-21;6;178;52040;26665;3.6;1.9
44;2021-02-22;706;837;52746;27502;3.7;1.9
44;2021-02-23;1239;1130;53985;28632;3.8;2.0
44;2021-02-24;1234;1092;55219;29724;3.8;2.1
44;2021-02-25;2438;1082;57657;30806;4.0;2.1
44;2021-02-26;2289;968;59946;31774;4.2;2.2
44;2021-02-27;974;453;60920;32227;4.2;2.2
44;2021-02-28;6;32;60926;32259;4.2;2.2
44;2021-03-01;987;559;61913;32818;4.3;2.3
44;2021-03-02;1798;1056;63711;33874;4.4;2.4
44;2021-03-03;1849;1134;65560;35008;4.6;2.4
44;2021-03-04;2876;1557;68436;36565;4.8;2.5
44;2021-03-05;3471;1323;71907;37888;5.0;2.6
44;2021-03-06;2502;494;74409;38382;5.2;2.7
44;2021-03-07;986;81;75395;38463;5.2;2.7
44;2021-03-08;1785;608;77180;39071;5.4;2.7
44;2021-03-09;3351;1147;80531;40218;5.6;2.8
44;2021-03-10;3075;1107;83606;41325;5.8;2.9
44;2021-03-11;4427;1777;88033;43102;6.1;3.0
44;2021-03-12;5886;1276;93919;44378;6.5;3.1
44;2021-03-13;3623;294;97542;44672;6.8;3.1
44;2021-03-14;429;62;97971;44734;6.8;3.1
44;2021-03-15;2684;354;100655;45088;7.0;3.1
44;2021-03-16;2141;625;102796;45713;7.2;3.2
44;2021-03-17;1961;676;104757;46389;7.3;3.2
44;2021-03-18;2160;632;106917;47021;7.4;3.3
44;2021-03-19;3771;356;110688;47377;7.7;3.3
44;2021-03-20;3209;283;113897;47660;7.9;3.3
44;2021-03-21;909;18;114806;47678;8.0;3.3
44;2021-03-22;2460;431;117266;48109;8.2;3.3
44;2021-03-23;3957;695;121223;48804;8.4;3.4
44;2021-03-24;4302;620;125525;49424;8.7;3.4
44;2021-03-25;5607;913;131132;50337;9.1;3.5
44;2021-03-26;6494;749;137626;51086;9.6;3.6
44;2021-03-27;3209;420;140835;51506;9.8;3.6
44;2021-03-28;1242;37;142077;51543;9.9;3.6
44;2021-03-29;3114;784;145191;52327;10.1;3.6
44;2021-03-30;5126;1101;150317;53428;10.5;3.7
44;2021-03-31;4608;1312;154925;54740;10.8;3.8
44;2021-04-01;6127;979;161052;55719;11.2;3.9
44;2021-04-02;5790;941;166842;56660;11.6;3.9
44;2021-04-03;2434;648;169276;57308;11.8;4.0
44;2021-04-04;665;19;169941;57327;11.8;4.0
44;2021-04-05;685;284;170626;57611;11.9;4.0
44;2021-04-06;4198;1367;174824;58978;12.2;4.1
44;2021-04-07;5067;1638;179891;60616;12.5;4.2
44;2021-04-08;7176;1640;187067;62256;13.0;4.3
44;2021-04-09;10049;1768;197116;64024;13.7;4.5
44;2021-04-10;4555;1434;201671;65458;14.0;4.6
44;2021-04-11;2139;419;203810;65877;14.2;4.6
44;2021-04-12;5459;1578;209269;67455;14.6;4.7
44;2021-04-13;6717;2240;215986;69695;15.0;4.8
44;2021-04-14;5901;2215;221887;71910;15.4;5.0
44;2021-04-15;6700;2191;228587;74101;15.9;5.2
44;2021-04-16;7777;2021;236364;76122;16.4;5.3
44;2021-04-17;4289;1368;240653;77490;16.7;5.4
44;2021-04-18;2252;817;242905;78307;16.9;5.4
44;2021-04-19;5042;1896;247947;80203;17.3;5.6
44;2021-04-20;6270;2644;254217;82847;17.7;5.8
44;2021-04-21;6000;2772;260217;85619;18.1;6.0
44;2021-04-22;6951;2500;267168;88119;18.6;6.1
44;2021-04-23;7315;3146;274483;91265;19.1;6.4
44;2021-04-24;3971;2038;278454;93303;19.4;6.5
44;2021-04-25;2073;1057;280527;94360;19.5;6.6
44;2021-04-26;5645;2755;286172;97115;19.9;6.8
44;2021-04-27;7414;4100;293586;101215;20.4;7.0
44;2021-04-28;7599;3770;301185;104985;21.0;7.3
44;2021-04-29;8960;4257;310145;109242;21.6;7.6
44;2021-04-30;9564;4673;319709;113915;22.2;7.9
44;2021-05-01;2846;922;322555;114837;22.4;8.0
44;2021-05-02;1895;614;324450;115451;22.6;8.0
44;2021-05-03;5545;4073;329995;119524;23.0;8.3
44;2021-05-04;6322;5125;336317;124649;23.4;8.7
44;2021-05-05;6067;4617;342384;129266;23.8;9.0
44;2021-05-06;7245;4879;349629;134145;24.3;9.3
44;2021-05-07;7448;5711;357077;139856;24.8;9.7
44;2021-05-08;2578;1260;359655;141116;25.0;9.8
44;2021-05-09;1798;1810;361453;142926;25.2;9.9
44;2021-05-10;6566;5768;368019;148694;25.6;10.3
44;2021-05-11;7785;6253;375804;154947;26.1;10.8
44;2021-05-12;8182;5719;383986;160666;26.7;11.2
44;2021-05-13;5289;1181;389275;161847;27.1;11.3
44;2021-05-14;7579;3966;396854;165813;27.6;11.5
44;2021-05-15;4999;2226;401853;168039;28.0;11.7
44;2021-05-16;2792;736;404645;168775;28.2;11.7
44;2021-05-17;6739;5152;411384;173927;28.6;12.1
44;2021-05-18;7968;5232;419352;179159;29.2;12.5
44;2021-05-19;8153;4282;427505;183441;29.7;12.8
44;2021-05-20;8361;4649;435866;188090;30.3;13.1
44;2021-05-21;8825;5205;444691;193295;30.9;13.5
44;2021-05-22;5094;2230;449785;195525;31.3;13.6
44;2021-05-23;1760;823;451545;196348;31.4;13.7
44;2021-05-24;4885;1615;456430;197963;31.8;13.8
44;2021-05-25;7736;5534;464166;203497;32.3;14.2
44;2021-05-26;8170;5037;472336;208534;32.9;14.5
44;2021-05-27;9645;5349;481981;213883;33.5;14.9
44;2021-05-28;9178;6914;491159;220797;34.2;15.4
44;2021-05-29;5883;3328;497042;224125;34.6;15.6
44;2021-05-30;1773;702;498815;224827;34.7;15.6
44;2021-05-31;8062;6179;506877;231006;35.3;16.1
44;2021-06-01;9890;6533;516767;237539;36.0;16.5
44;2021-06-02;9507;5682;526274;243221;36.6;16.9
44;2021-06-03;10849;5867;537123;249088;37.4;17.3
44;2021-06-04;9927;8064;547050;257152;38.1;17.9
44;2021-06-05;5771;4343;552821;261495;38.5;18.2
44;2021-06-06;2357;1129;555178;262624;38.6;18.3
44;2021-06-07;9546;6916;564724;269540;39.3;18.8
44;2021-06-08;10890;7476;575614;277016;40.1;19.3
44;2021-06-09;10531;6315;586145;283331;40.8;19.7
44;2021-06-10;11376;6024;597521;289355;41.6;20.1
44;2021-06-11;11898;8630;609419;297985;42.4;20.7
44;2021-06-12;7736;4081;617155;302066;42.9;21.0
44;2021-06-13;2768;1006;619923;303072;43.1;21.1
44;2021-06-14;8646;8395;628569;311467;43.7;21.7
44;2021-06-15;11178;8228;639747;319695;44.5;22.2
44;2021-06-16;10872;7637;650619;327332;45.3;22.8
44;2021-06-17;11630;8665;662249;335997;46.1;23.4
44;2021-06-18;10573;10090;672822;346087;46.8;24.1
44;2021-06-19;5851;4312;678673;350399;47.2;24.4
44;2021-06-20;2522;1332;681195;351731;47.4;24.5
44;2021-06-21;7191;10009;688386;361740;47.9;25.2
44;2021-06-22;8403;10625;696789;372365;48.5;25.9
44;2021-06-23;8483;9122;705272;381487;49.1;26.5
44;2021-06-24;9060;8576;714332;390063;49.7;27.1
44;2021-06-25;7547;10813;721879;400876;50.2;27.9
44;2021-06-26;2943;6474;724822;407350;50.4;28.3
44;2021-06-27;809;2406;725631;409756;50.5;28.5
44;2021-06-28;5180;10078;730811;419834;50.9;29.2
44;2021-06-29;6134;12094;736945;431928;51.3;30.1
44;2021-06-30;6054;10463;742999;442391;51.7;30.8
44;2021-07-01;6771;10501;749770;452892;52.2;31.5
44;2021-07-02;6341;12550;756111;465442;52.6;32.4
44;2021-07-03;2545;7004;758656;472446;52.8;32.9
44;2021-07-04;969;2234;759625;474680;52.9;33.0
44;2021-07-05;5194;11872;764819;486552;53.2;33.9
44;2021-07-06;5860;12601;770679;499153;53.6;34.7
44;2021-07-07;6342;11090;777021;510243;54.1;35.5
44;2021-07-08;7219;11965;784240;522208;54.6;36.3
44;2021-07-09;6021;14256;790261;536464;55.0;37.3
44;2021-07-10;2359;7019;792620;543483;55.2;37.8
44;2021-07-11;718;2261;793338;545744;55.2;38.0
44;2021-07-12;4321;14049;797659;559793;55.5;39.0
44;2021-07-13;5680;14846;803339;574639;55.9;40.0
44;2021-07-14;3613;5803;806952;580442;56.1;40.4
44;2021-07-15;7106;14245;814058;594687;56.6;41.4
44;2021-07-16;8053;14970;822111;609657;57.2;42.4
44;2021-07-17;3339;7573;825450;617230;57.4;42.9
44;2021-07-18;1424;2545;826874;619775;57.5;43.1
44;2021-07-19;4653;14690;831527;634465;57.9;44.1
44;2021-07-20;5930;15644;837457;650109;58.3;45.2
44;2021-07-21;5768;13980;843225;664089;58.7;46.2
45;2020-12-27;0;0;0;0;0.0;0.0
45;2020-12-28;0;0;0;0;0.0;0.0
45;2020-12-29;0;0;0;0;0.0;0.0
45;2020-12-30;0;0;0;0;0.0;0.0
45;2020-12-31;0;0;0;0;0.0;0.0
45;2021-01-01;0;0;0;0;0.0;0.0
45;2021-01-02;0;0;0;0;0.0;0.0
45;2021-01-03;0;0;0;0;0.0;0.0
45;2021-01-04;0;0;0;0;0.0;0.0
45;2021-01-05;76;0;76;0;0.0;0.0
45;2021-01-06;69;0;145;0;0.0;0.0
45;2021-01-07;178;0;323;0;0.0;0.0
45;2021-01-08;199;1;522;1;0.1;0.0
45;2021-01-09;42;0;564;1;0.1;0.0
45;2021-01-10;23;0;587;1;0.1;0.0
45;2021-01-11;254;0;841;1;0.1;0.0
45;2021-01-12;679;2;1520;3;0.2;0.0
45;2021-01-13;496;2;2016;5;0.3;0.0
45;2021-01-14;482;37;2498;42;0.4;0.0
45;2021-01-15;391;3;2889;45;0.4;0.0
45;2021-01-16;39;0;2928;45;0.4;0.0
45;2021-01-17;24;0;2952;45;0.4;0.0
45;2021-01-18;814;1;3766;46;0.6;0.0
45;2021-01-19;1196;6;4962;52;0.7;0.0
45;2021-01-20;2107;5;7069;57;1.0;0.0
45;2021-01-21;2522;4;9591;61;1.4;0.0
45;2021-01-22;1409;2;11000;63;1.6;0.0
45;2021-01-23;120;0;11120;63;1.6;0.0
45;2021-01-24;39;0;11159;63;1.6;0.0
45;2021-01-25;556;3;11715;66;1.7;0.0
45;2021-01-26;847;18;12562;84;1.8;0.0
45;2021-01-27;648;45;13210;129;1.9;0.0
45;2021-01-28;882;219;14092;348;2.1;0.1
45;2021-01-29;576;125;14668;473;2.1;0.1
45;2021-01-30;40;41;14708;514;2.2;0.1
45;2021-01-31;37;23;14745;537;2.2;0.1
45;2021-02-01;462;210;15207;747;2.2;0.1
45;2021-02-02;757;470;15964;1217;2.3;0.2
45;2021-02-03;771;480;16735;1697;2.5;0.2
45;2021-02-04;701;267;17436;1964;2.6;0.3
45;2021-02-05;416;150;17852;2114;2.6;0.3
45;2021-02-06;36;28;17888;2142;2.6;0.3
45;2021-02-07;5;31;17893;2173;2.6;0.3
45;2021-02-08;455;193;18348;2366;2.7;0.3
45;2021-02-09;1003;405;19351;2771;2.8;0.4
45;2021-02-10;1275;790;20626;3561;3.0;0.5
45;2021-02-11;1382;1523;22008;5084;3.2;0.7
45;2021-02-12;1051;1140;23059;6224;3.4;0.9
45;2021-02-13;85;158;23144;6382;3.4;0.9
45;2021-02-14;39;11;23183;6393;3.4;0.9
45;2021-02-15;523;611;23706;7004;3.5;1.0
45;2021-02-16;756;937;24462;7941;3.6;1.2
45;2021-02-17;641;1050;25103;8991;3.7;1.3
45;2021-02-18;842;858;25945;9849;3.8;1.4
45;2021-02-19;825;761;26770;10610;3.9;1.6
45;2021-02-20;58;94;26828;10704;3.9;1.6
45;2021-02-21;17;46;26845;10750;3.9;1.6
45;2021-02-22;404;631;27249;11381;4.0;1.7
45;2021-02-23;814;808;28063;12189;4.1;1.8
45;2021-02-24;646;929;28709;13118;4.2;1.9
45;2021-02-25;963;807;29672;13925;4.3;2.0
45;2021-02-26;1043;695;30715;14620;4.5;2.1
45;2021-02-27;290;52;31005;14672;4.5;2.1
45;2021-02-28;28;5;31033;14677;4.5;2.1
45;2021-03-01;533;335;31566;15012;4.6;2.2
45;2021-03-02;670;728;32236;15740;4.7;2.3
45;2021-03-03;983;892;33219;16632;4.9;2.4
45;2021-03-04;1106;979;34325;17611;5.0;2.6
45;2021-03-05;1439;857;35764;18468;5.2;2.7
45;2021-03-06;2022;118;37786;18586;5.5;2.7
45;2021-03-07;143;59;37929;18645;5.6;2.7
45;2021-03-08;752;851;38681;19496;5.7;2.9
45;2021-03-09;1256;709;39937;20205;5.8;3.0
45;2021-03-10;1595;893;41532;21098;6.1;3.1
45;2021-03-11;1720;750;43252;21848;6.3;3.2
45;2021-03-12;2071;603;45323;22451;6.6;3.3
45;2021-03-13;986;46;46309;22497;6.8;3.3
45;2021-03-14;24;43;46333;22540;6.8;3.3
45;2021-03-15;811;601;47144;23141;6.9;3.4
45;2021-03-16;942;838;48086;23979;7.0;3.5
45;2021-03-17;1051;674;49137;24653;7.2;3.6
45;2021-03-18;997;577;50134;25230;7.3;3.7
45;2021-03-19;1617;424;51751;25654;7.6;3.8
45;2021-03-20;495;81;52246;25735;7.7;3.8
45;2021-03-21;19;35;52265;25770;7.7;3.8
45;2021-03-22;913;528;53178;26298;7.8;3.9
45;2021-03-23;1982;718;55160;27016;8.1;4.0
45;2021-03-24;1897;543;57057;27559;8.4;4.0
45;2021-03-25;2980;441;60037;28000;8.8;4.1
45;2021-03-26;3387;464;63424;28464;9.3;4.2
45;2021-03-27;1793;111;65217;28575;9.6;4.2
45;2021-03-28;89;40;65306;28615;9.6;4.2
45;2021-03-29;1528;527;66834;29142;9.8;4.3
45;2021-03-30;2781;784;69615;29926;10.2;4.4
45;2021-03-31;2133;567;71748;30493;10.5;4.5
45;2021-04-01;2973;560;74721;31053;10.9;4.5
45;2021-04-02;2825;499;77546;31552;11.4;4.6
45;2021-04-03;810;71;78356;31623;11.5;4.6
45;2021-04-04;111;33;78467;31656;11.5;4.6
45;2021-04-05;12;2;78479;31658;11.5;4.6
45;2021-04-06;1734;786;80213;32444;11.7;4.8
45;2021-04-07;1776;1112;81989;33556;12.0;4.9
45;2021-04-08;2772;1017;84761;34573;12.4;5.1
45;2021-04-09;3674;634;88435;35207;13.0;5.2
45;2021-04-10;2322;104;90757;35311;13.3;5.2
45;2021-04-11;153;24;90910;35335;13.3;5.2
45;2021-04-12;2604;656;93514;35991;13.7;5.3
45;2021-04-13;3842;1074;97356;37065;14.3;5.4
45;2021-04-14;2930;1212;100286;38277;14.7;5.6
45;2021-04-15;3520;1021;103806;39298;15.2;5.8
45;2021-04-16;3775;681;107581;39979;15.8;5.9
45;2021-04-17;1613;107;109194;40086;16.0;5.9
45;2021-04-18;200;37;109394;40123;16.0;5.9
45;2021-04-19;1937;943;111331;41066;16.3;6.0
45;2021-04-20;3072;1688;114403;42754;16.8;6.3
45;2021-04-21;2721;1295;117124;44049;17.2;6.5
45;2021-04-22;3423;1833;120547;45882;17.7;6.7
45;2021-04-23;3272;1788;123819;47670;18.1;7.0
45;2021-04-24;2022;865;125841;48535;18.4;7.1
45;2021-04-25;289;86;126130;48621;18.5;7.1
45;2021-04-26;2227;1161;128357;49782;18.8;7.3
45;2021-04-27;3349;2348;131706;52130;19.3;7.6
45;2021-04-28;2800;1939;134506;54069;19.7;7.9
45;2021-04-29;3826;2327;138332;56396;20.3;8.3
45;2021-04-30;4381;1799;142713;58195;20.9;8.5
45;2021-05-01;450;61;143163;58256;21.0;8.5
45;2021-05-02;626;118;143789;58374;21.1;8.5
45;2021-05-03;2820;983;146609;59357;21.5;8.7
45;2021-05-04;3157;2340;149766;61697;21.9;9.0
45;2021-05-05;2708;2158;152474;63855;22.3;9.4
45;2021-05-06;3328;2525;155802;66380;22.8;9.7
45;2021-05-07;2873;3199;158675;69579;23.2;10.2
45;2021-05-08;607;244;159282;69823;23.3;10.2
45;2021-05-09;1497;121;160779;69944;23.5;10.2
45;2021-05-10;4142;2965;164921;72909;24.2;10.7
45;2021-05-11;5017;2956;169938;75865;24.9;11.1
45;2021-05-12;6062;2768;176000;78633;25.8;11.5
45;2021-05-13;2444;593;178444;79226;26.1;11.6
45;2021-05-14;4965;1621;183409;80847;26.9;11.8
45;2021-05-15;4064;600;187473;81447;27.5;11.9
45;2021-05-16;284;32;187757;81479;27.5;11.9
45;2021-05-17;3347;1534;191104;83013;28.0;12.2
45;2021-05-18;5097;1677;196201;84690;28.7;12.4
45;2021-05-19;4468;2053;200669;86743;29.4;12.7
45;2021-05-20;5245;2129;205914;88872;30.2;13.0
45;2021-05-21;5134;2220;211048;91092;30.9;13.3
45;2021-05-22;3035;628;214083;91720;31.3;13.4
45;2021-05-23;15;94;214098;91814;31.4;13.4
45;2021-05-24;2827;203;216925;92017;31.8;13.5
45;2021-05-25;4951;3027;221876;95044;32.5;13.9
45;2021-05-26;5087;2308;226963;97352;33.2;14.3
45;2021-05-27;5300;3191;232263;100543;34.0;14.7
45;2021-05-28;5661;3532;237924;104075;34.8;15.2
45;2021-05-29;3667;1283;241591;105358;35.4;15.4
45;2021-05-30;33;182;241624;105540;35.4;15.5
45;2021-05-31;4327;2503;245951;108043;36.0;15.8
45;2021-06-01;6087;2990;252038;111033;36.9;16.3
45;2021-06-02;4936;3090;256974;114123;37.6;16.7
45;2021-06-03;5615;3197;262589;117320;38.5;17.2
45;2021-06-04;5893;3178;268482;120498;39.3;17.6
45;2021-06-05;2030;1334;270512;121832;39.6;17.8
45;2021-06-06;85;198;270597;122030;39.6;17.9
45;2021-06-07;4082;2723;274679;124753;40.2;18.3
45;2021-06-08;4642;4067;279321;128820;40.9;18.9
45;2021-06-09;4343;3332;283664;132152;41.5;19.4
45;2021-06-10;4616;2667;288280;134819;42.2;19.7
45;2021-06-11;4101;3664;292381;138483;42.8;20.3
45;2021-06-12;2435;1502;294816;139985;43.2;20.5
45;2021-06-13;20;424;294836;140409;43.2;20.6
45;2021-06-14;3123;4145;297959;144554;43.6;21.2
45;2021-06-15;3382;4322;301341;148876;44.1;21.8
45;2021-06-16;3891;3451;305232;152327;44.7;22.3
45;2021-06-17;3521;3545;308753;155872;45.2;22.8
45;2021-06-18;3797;5027;312550;160899;45.8;23.6
45;2021-06-19;2387;1763;314937;162662;46.1;23.8
45;2021-06-20;45;140;314982;162802;46.1;23.8
45;2021-06-21;2155;5851;317137;168653;46.4;24.7
45;2021-06-22;2409;6536;319546;175189;46.8;25.7
45;2021-06-23;2270;5606;321816;180795;47.1;26.5
45;2021-06-24;2124;3529;323940;184324;47.4;27.0
45;2021-06-25;2432;6457;326372;190781;47.8;27.9
45;2021-06-26;1929;3094;328301;193875;48.1;28.4
45;2021-06-27;50;139;328351;194014;48.1;28.4
45;2021-06-28;2069;4842;330420;198856;48.4;29.1
45;2021-06-29;2812;6838;333232;205694;48.8;30.1
45;2021-06-30;2852;5857;336084;211551;49.2;31.0
45;2021-07-01;2367;5032;338451;216583;49.6;31.7
45;2021-07-02;2350;6282;340801;222865;49.9;32.6
45;2021-07-03;747;2540;341548;225405;50.0;33.0
45;2021-07-04;4;10;341552;225415;50.0;33.0
45;2021-07-05;2130;4983;343682;230398;50.3;33.7
45;2021-07-06;2788;6784;346470;237182;50.7;34.7
45;2021-07-07;2423;6071;348893;243253;51.1;35.6
45;2021-07-08;2806;5394;351699;248647;51.5;36.4
45;2021-07-09;2136;6991;353835;255638;51.8;37.4
45;2021-07-10;1538;3854;355373;259492;52.0;38.0
45;2021-07-11;23;31;355396;259523;52.0;38.0
45;2021-07-12;1579;5999;356975;265522;52.3;38.9
45;2021-07-13;2980;8228;359955;273750;52.7;40.1
45;2021-07-14;1468;1512;361423;275262;52.9;40.3
45;2021-07-15;3702;7274;365125;282536;53.5;41.4
45;2021-07-16;3237;7445;368362;289981;53.9;42.5
45;2021-07-17;1273;2327;369635;292308;54.1;42.8
45;2021-07-18;15;19;369650;292327;54.1;42.8
45;2021-07-19;1856;5957;371506;298284;54.4;43.7
45;2021-07-20;4652;6882;376158;305166;55.1;44.7
45;2021-07-21;5109;5432;381267;310598;55.8;45.5
46;2020-12-27;0;0;0;0;0.0;0.0
46;2020-12-28;0;0;0;0;0.0;0.0
46;2020-12-29;0;0;0;0;0.0;0.0
46;2020-12-30;0;0;0;0;0.0;0.0
46;2020-12-31;0;0;0;0;0.0;0.0
46;2021-01-01;0;0;0;0;0.0;0.0
46;2021-01-02;0;0;0;0;0.0;0.0
46;2021-01-03;1;0;1;0;0.0;0.0
46;2021-01-04;0;0;1;0;0.0;0.0
46;2021-01-05;0;0;1;0;0.0;0.0
46;2021-01-06;3;0;4;0;0.0;0.0
46;2021-01-07;135;0;139;0;0.1;0.0
46;2021-01-08;180;0;319;0;0.2;0.0
46;2021-01-09;1;0;320;0;0.2;0.0
46;2021-01-10;1;0;321;0;0.2;0.0
46;2021-01-11;117;0;438;0;0.3;0.0
46;2021-01-12;140;0;578;0;0.3;0.0
46;2021-01-13;234;0;812;0;0.5;0.0
46;2021-01-14;235;2;1047;2;0.6;0.0
46;2021-01-15;304;2;1351;4;0.8;0.0
46;2021-01-16;16;0;1367;4;0.8;0.0
46;2021-01-17;0;0;1367;4;0.8;0.0
46;2021-01-18;271;2;1638;6;0.9;0.0
46;2021-01-19;388;0;2026;6;1.2;0.0
46;2021-01-20;934;0;2960;6;1.7;0.0
46;2021-01-21;994;0;3954;6;2.3;0.0
46;2021-01-22;390;2;4344;8;2.5;0.0
46;2021-01-23;0;0;4344;8;2.5;0.0
46;2021-01-24;0;0;4344;8;2.5;0.0
46;2021-01-25;203;1;4547;9;2.6;0.0
46;2021-01-26;262;1;4809;10;2.8;0.0
46;2021-01-27;276;0;5085;10;2.9;0.0
46;2021-01-28;278;43;5363;53;3.1;0.0
46;2021-01-29;233;93;5596;146;3.2;0.1
46;2021-01-30;1;0;5597;146;3.2;0.1
46;2021-01-31;0;0;5597;146;3.2;0.1
46;2021-02-01;233;175;5830;321;3.4;0.2
46;2021-02-02;209;238;6039;559;3.5;0.3
46;2021-02-03;222;95;6261;654;3.6;0.4
46;2021-02-04;372;87;6633;741;3.8;0.4
46;2021-02-05;225;179;6858;920;4.0;0.5
46;2021-02-06;7;0;6865;920;4.0;0.5
46;2021-02-07;42;0;6907;920;4.0;0.5
46;2021-02-08;196;156;7103;1076;4.1;0.6
46;2021-02-09;269;230;7372;1306;4.3;0.8
46;2021-02-10;277;544;7649;1850;4.4;1.1
46;2021-02-11;650;558;8299;2408;4.8;1.4
46;2021-02-12;319;340;8618;2748;5.0;1.6
46;2021-02-13;0;0;8618;2748;5.0;1.6
46;2021-02-14;0;62;8618;2810;5.0;1.6
46;2021-02-15;195;298;8813;3108;5.1;1.8
46;2021-02-16;217;282;9030;3390;5.2;2.0
46;2021-02-17;200;327;9230;3717;5.3;2.1
46;2021-02-18;336;269;9566;3986;5.5;2.3
46;2021-02-19;277;233;9843;4219;5.7;2.4
46;2021-02-20;0;0;9843;4219;5.7;2.4
46;2021-02-21;0;0;9843;4219;5.7;2.4
46;2021-02-22;131;191;9974;4410;5.8;2.5
46;2021-02-23;225;168;10199;4578;5.9;2.6
46;2021-02-24;179;325;10378;4903;6.0;2.8
46;2021-02-25;241;342;10619;5245;6.1;3.0
46;2021-02-26;400;346;11019;5591;6.4;3.2
46;2021-02-27;120;0;11139;5591;6.4;3.2
46;2021-02-28;0;3;11139;5594;6.4;3.2
46;2021-03-01;168;180;11307;5774;6.5;3.3
46;2021-03-02;405;233;11712;6007;6.8;3.5
46;2021-03-03;456;331;12168;6338;7.0;3.7
46;2021-03-04;608;455;12776;6793;7.4;3.9
46;2021-03-05;809;363;13585;7156;7.8;4.1
46;2021-03-06;473;17;14058;7173;8.1;4.1
46;2021-03-07;101;19;14159;7192;8.2;4.2
46;2021-03-08;348;248;14507;7440;8.4;4.3
46;2021-03-09;743;270;15250;7710;8.8;4.5
46;2021-03-10;686;247;15936;7957;9.2;4.6
46;2021-03-11;842;253;16778;8210;9.7;4.7
46;2021-03-12;926;228;17704;8438;10.2;4.9
46;2021-03-13;512;3;18216;8441;10.5;4.9
46;2021-03-14;0;0;18216;8441;10.5;4.9
46;2021-03-15;495;166;18711;8607;10.8;5.0
46;2021-03-16;751;175;19462;8782;11.2;5.1
46;2021-03-17;671;202;20133;8984;11.6;5.2
46;2021-03-18;747;216;20880;9200;12.1;5.3
46;2021-03-19;807;150;21687;9350;12.5;5.4
46;2021-03-20;285;2;21972;9352;12.7;5.4
46;2021-03-21;2;0;21974;9352;12.7;5.4
46;2021-03-22;549;239;22523;9591;13.0;5.5
46;2021-03-23;700;213;23223;9804;13.4;5.7
46;2021-03-24;673;240;23896;10044;13.8;5.8
46;2021-03-25;1133;181;25029;10225;14.5;5.9
46;2021-03-26;1026;335;26055;10560;15.0;6.1
46;2021-03-27;420;71;26475;10631;15.3;6.1
46;2021-03-28;126;1;26601;10632;15.4;6.1
46;2021-03-29;730;251;27331;10883;15.8;6.3
46;2021-03-30;768;361;28099;11244;16.2;6.5
46;2021-03-31;859;419;28958;11663;16.7;6.7
46;2021-04-01;1166;341;30124;12004;17.4;6.9
46;2021-04-02;925;393;31049;12397;17.9;7.2
46;2021-04-03;167;166;31216;12563;18.0;7.3
46;2021-04-04;0;71;31216;12634;18.0;7.3
46;2021-04-05;1;0;31217;12634;18.0;7.3
46;2021-04-06;543;518;31760;13152;18.3;7.6
46;2021-04-07;782;643;32542;13795;18.8;8.0
46;2021-04-08;960;542;33502;14337;19.3;8.3
46;2021-04-09;1016;501;34518;14838;19.9;8.6
46;2021-04-10;497;208;35015;15046;20.2;8.7
46;2021-04-11;232;1;35247;15047;20.4;8.7
46;2021-04-12;843;546;36090;15593;20.8;9.0
46;2021-04-13;1183;715;37273;16308;21.5;9.4
46;2021-04-14;1529;614;38802;16922;22.4;9.8
46;2021-04-15;1494;664;40296;17586;23.3;10.2
46;2021-04-16;1573;563;41869;18149;24.2;10.5
46;2021-04-17;989;132;42858;18281;24.7;10.6
46;2021-04-18;514;7;43372;18288;25.0;10.6
46;2021-04-19;1066;571;44438;18859;25.7;10.9
46;2021-04-20;1221;725;45659;19584;26.4;11.3
46;2021-04-21;1228;711;46887;20295;27.1;11.7
46;2021-04-22;1384;726;48271;21021;27.9;12.1
46;2021-04-23;1132;727;49403;21748;28.5;12.6
46;2021-04-24;471;17;49874;21765;28.8;12.6
46;2021-04-25;351;9;50225;21774;29.0;12.6
46;2021-04-26;855;730;51080;22504;29.5;13.0
46;2021-04-27;1217;662;52297;23166;30.2;13.4
46;2021-04-28;1289;667;53586;23833;30.9;13.8
46;2021-04-29;1414;521;55000;24354;31.8;14.1
46;2021-04-30;1434;557;56434;24911;32.6;14.4
46;2021-05-01;696;68;57130;24979;33.0;14.4
46;2021-05-02;346;3;57476;24982;33.2;14.4
46;2021-05-03;854;566;58330;25548;33.7;14.8
46;2021-05-04;1036;1057;59366;26605;34.3;15.4
46;2021-05-05;1375;784;60741;27389;35.1;15.8
46;2021-05-06;1376;741;62117;28130;35.9;16.2
46;2021-05-07;1393;790;63510;28920;36.7;16.7
46;2021-05-08;283;413;63793;29333;36.8;16.9
46;2021-05-09;23;225;63816;29558;36.9;17.1
46;2021-05-10;519;1139;64335;30697;37.2;17.7
46;2021-05-11;1037;1259;65372;31956;37.8;18.5
46;2021-05-12;994;1554;66366;33510;38.3;19.4
46;2021-05-13;599;143;66965;33653;38.7;19.4
46;2021-05-14;963;1094;67928;34747;39.2;20.1
46;2021-05-15;256;652;68184;35399;39.4;20.4
46;2021-05-16;78;298;68262;35697;39.4;20.6
46;2021-05-17;652;956;68914;36653;39.8;21.2
46;2021-05-18;1405;1020;70319;37673;40.6;21.8
46;2021-05-19;1305;897;71624;38570;41.4;22.3
46;2021-05-20;1451;810;73075;39380;42.2;22.7
46;2021-05-21;997;1157;74072;40537;42.8;23.4
46;2021-05-22;145;369;74217;40906;42.9;23.6
46;2021-05-23;448;24;74665;40930;43.1;23.6
46;2021-05-24;409;113;75074;41043;43.4;23.7
46;2021-05-25;962;1329;76036;42372;43.9;24.5
46;2021-05-26;1233;1150;77269;43522;44.6;25.1
46;2021-05-27;1434;1187;78703;44709;45.4;25.8
46;2021-05-28;1435;1207;80138;45916;46.3;26.5
46;2021-05-29;1052;398;81190;46314;46.9;26.7
46;2021-05-30;408;39;81598;46353;47.1;26.8
46;2021-05-31;969;974;82567;47327;47.7;27.3
46;2021-06-01;1277;996;83844;48323;48.4;27.9
46;2021-06-02;1314;1114;85158;49437;49.2;28.5
46;2021-06-03;1413;1007;86571;50444;50.0;29.1
46;2021-06-04;1329;972;87900;51416;50.8;29.7
46;2021-06-05;379;413;88279;51829;51.0;29.9
46;2021-06-06;206;94;88485;51923;51.1;30.0
46;2021-06-07;813;617;89298;52540;51.6;30.3
46;2021-06-08;1019;895;90317;53435;52.2;30.9
46;2021-06-09;1501;971;91818;54406;53.0;31.4
46;2021-06-10;972;847;92790;55253;53.6;31.9
46;2021-06-11;968;1323;93758;56576;54.1;32.7
46;2021-06-12;458;550;94216;57126;54.4;33.0
46;2021-06-13;27;86;94243;57212;54.4;33.0
46;2021-06-14;589;1138;94832;58350;54.8;33.7
46;2021-06-15;745;1245;95577;59595;55.2;34.4
46;2021-06-16;996;1113;96573;60708;55.8;35.1
46;2021-06-17;522;896;97095;61604;56.1;35.6
46;2021-06-18;649;1252;97744;62856;56.4;36.3
46;2021-06-19;448;313;98192;63169;56.7;36.5
46;2021-06-20;38;161;98230;63330;56.7;36.6
46;2021-06-21;427;945;98657;64275;57.0;37.1
46;2021-06-22;345;1178;99002;65453;57.2;37.8
46;2021-06-23;510;1076;99512;66529;57.5;38.4
46;2021-06-24;249;822;99761;67351;57.6;38.9
46;2021-06-25;491;1120;100252;68471;57.9;39.5
46;2021-06-26;393;551;100645;69022;58.1;39.9
46;2021-06-27;1;4;100646;69026;58.1;39.9
46;2021-06-28;312;1340;100958;70366;58.3;40.6
46;2021-06-29;373;1688;101331;72054;58.5;41.6
46;2021-06-30;503;1582;101834;73636;58.8;42.5
46;2021-07-01;301;1154;102135;74790;59.0;43.2
46;2021-07-02;446;1086;102581;75876;59.2;43.8
46;2021-07-03;117;456;102698;76332;59.3;44.1
46;2021-07-04;54;127;102752;76459;59.3;44.2
46;2021-07-05;339;1189;103091;77648;59.5;44.8
46;2021-07-06;365;1460;103456;79108;59.7;45.7
46;2021-07-07;573;1720;104029;80828;60.1;46.7
46;2021-07-08;339;1167;104368;81995;60.3;47.4
46;2021-07-09;394;1703;104762;83698;60.5;48.3
46;2021-07-10;281;1043;105043;84741;60.7;48.9
46;2021-07-11;15;375;105058;85116;60.7;49.2
46;2021-07-12;245;1262;105303;86378;60.8;49.9
46;2021-07-13;622;1674;105925;88052;61.2;50.8
46;2021-07-14;62;144;105987;88196;61.2;50.9
46;2021-07-15;887;1463;106874;89659;61.7;51.8
46;2021-07-16;763;1394;107637;91053;62.2;52.6
46;2021-07-17;344;528;107981;91581;62.4;52.9
46;2021-07-18;0;0;107981;91581;62.4;52.9
46;2021-07-19;663;1182;108644;92763;62.7;53.6
46;2021-07-20;972;1423;109616;94186;63.3;54.4
46;2021-07-21;992;1420;110608;95606;63.9;55.2
47;2020-12-27;0;0;0;0;0.0;0.0
47;2020-12-28;0;0;0;0;0.0;0.0
47;2020-12-29;0;0;0;0;0.0;0.0
47;2020-12-30;0;0;0;0;0.0;0.0
47;2020-12-31;0;0;0;0;0.0;0.0
47;2021-01-01;4;0;4;0;0.0;0.0
47;2021-01-02;0;0;4;0;0.0;0.0
47;2021-01-03;0;0;4;0;0.0;0.0
47;2021-01-04;0;0;4;0;0.0;0.0
47;2021-01-05;0;0;4;0;0.0;0.0
47;2021-01-06;0;0;4;0;0.0;0.0
47;2021-01-07;71;1;75;1;0.0;0.0
47;2021-01-08;314;0;389;1;0.1;0.0
47;2021-01-09;113;0;502;1;0.2;0.0
47;2021-01-10;0;0;502;1;0.2;0.0
47;2021-01-11;249;0;751;1;0.2;0.0
47;2021-01-12;325;0;1076;1;0.3;0.0
47;2021-01-13;349;0;1425;1;0.4;0.0
47;2021-01-14;364;4;1789;5;0.5;0.0
47;2021-01-15;283;1;2072;6;0.6;0.0
47;2021-01-16;176;4;2248;10;0.7;0.0
47;2021-01-17;0;0;2248;10;0.7;0.0
47;2021-01-18;482;1;2730;11;0.8;0.0
47;2021-01-19;467;2;3197;13;1.0;0.0
47;2021-01-20;511;0;3708;13;1.1;0.0
47;2021-01-21;584;0;4292;13;1.3;0.0
47;2021-01-22;462;0;4754;13;1.4;0.0
47;2021-01-23;388;1;5142;14;1.6;0.0
47;2021-01-24;0;0;5142;14;1.6;0.0
47;2021-01-25;425;0;5567;14;1.7;0.0
47;2021-01-26;788;4;6355;18;1.9;0.0
47;2021-01-27;730;0;7085;18;2.1;0.0
47;2021-01-28;575;68;7660;86;2.3;0.0
47;2021-01-29;462;170;8122;256;2.5;0.1
47;2021-01-30;301;39;8423;295;2.5;0.1
47;2021-01-31;0;0;8423;295;2.5;0.1
47;2021-02-01;374;116;8797;411;2.7;0.1
47;2021-02-02;757;316;9554;727;2.9;0.2
47;2021-02-03;424;163;9978;890;3.0;0.3
47;2021-02-04;370;317;10348;1207;3.1;0.4
47;2021-02-05;299;311;10647;1518;3.2;0.5
47;2021-02-06;293;99;10940;1617;3.3;0.5
47;2021-02-07;0;0;10940;1617;3.3;0.5
47;2021-02-08;184;287;11124;1904;3.4;0.6
47;2021-02-09;232;260;11356;2164;3.4;0.7
47;2021-02-10;255;245;11611;2409;3.5;0.7
47;2021-02-11;357;378;11968;2787;3.6;0.8
47;2021-02-12;242;415;12210;3202;3.7;1.0
47;2021-02-13;224;111;12434;3313;3.8;1.0
47;2021-02-14;0;0;12434;3313;3.8;1.0
47;2021-02-15;195;384;12629;3697;3.8;1.1
47;2021-02-16;303;590;12932;4287;3.9;1.3
47;2021-02-17;325;454;13257;4741;4.0;1.4
47;2021-02-18;200;599;13457;5340;4.1;1.6
47;2021-02-19;194;368;13651;5708;4.1;1.7
47;2021-02-20;118;269;13769;5977;4.2;1.8
47;2021-02-21;0;0;13769;5977;4.2;1.8
47;2021-02-22;75;408;13844;6385;4.2;1.9
47;2021-02-23;150;649;13994;7034;4.2;2.1
47;2021-02-24;260;561;14254;7595;4.3;2.3
47;2021-02-25;305;413;14559;8008;4.4;2.4
47;2021-02-26;469;323;15028;8331;4.5;2.5
47;2021-02-27;324;213;15352;8544;4.6;2.6
47;2021-02-28;0;0;15352;8544;4.6;2.6
47;2021-03-01;124;397;15476;8941;4.7;2.7
47;2021-03-02;200;367;15676;9308;4.7;2.8
47;2021-03-03;244;349;15920;9657;4.8;2.9
47;2021-03-04;588;329;16508;9986;5.0;3.0
47;2021-03-05;843;288;17351;10274;5.3;3.1
47;2021-03-06;505;193;17856;10467;5.4;3.2
47;2021-03-07;329;5;18185;10472;5.5;3.2
47;2021-03-08;457;224;18642;10696;5.6;3.2
47;2021-03-09;509;493;19151;11189;5.8;3.4
47;2021-03-10;665;301;19816;11490;6.0;3.5
47;2021-03-11;937;371;20753;11861;6.3;3.6
47;2021-03-12;1370;292;22123;12153;6.7;3.7
47;2021-03-13;948;105;23071;12258;7.0;3.7
47;2021-03-14;51;0;23122;12258;7.0;3.7
47;2021-03-15;591;161;23713;12419;7.2;3.8
47;2021-03-16;750;173;24463;12592;7.4;3.8
47;2021-03-17;858;203;25321;12795;7.7;3.9
47;2021-03-18;915;173;26236;12968;7.9;3.9
47;2021-03-19;1270;123;27506;13091;8.3;4.0
47;2021-03-20;1084;56;28590;13147;8.7;4.0
47;2021-03-21;343;1;28933;13148;8.8;4.0
47;2021-03-22;1006;88;29939;13236;9.1;4.0
47;2021-03-23;1146;148;31085;13384;9.4;4.1
47;2021-03-24;1211;129;32296;13513;9.8;4.1
47;2021-03-25;1566;140;33862;13653;10.3;4.1
47;2021-03-26;1881;196;35743;13849;10.8;4.2
47;2021-03-27;975;127;36718;13976;11.1;4.2
47;2021-03-28;697;4;37415;13980;11.3;4.2
47;2021-03-29;1511;78;38926;14058;11.8;4.3
47;2021-03-30;1639;124;40565;14182;12.3;4.3
47;2021-03-31;1603;144;42168;14326;12.8;4.3
47;2021-04-01;1685;261;43853;14587;13.3;4.4
47;2021-04-02;1931;454;45784;15041;13.9;4.6
47;2021-04-03;1199;176;46983;15217;14.2;4.6
47;2021-04-04;473;9;47456;15226;14.4;4.6
47;2021-04-05;1294;55;48750;15281;14.8;4.6
47;2021-04-06;1383;384;50133;15665;15.2;4.7
47;2021-04-07;1690;584;51823;16249;15.7;4.9
47;2021-04-08;1832;470;53655;16719;16.2;5.1
47;2021-04-09;2081;534;55736;17253;16.9;5.2
47;2021-04-10;1563;319;57299;17572;17.3;5.3
47;2021-04-11;530;8;57829;17580;17.5;5.3
47;2021-04-12;1427;606;59256;18186;17.9;5.5
47;2021-04-13;1815;757;61071;18943;18.5;5.7
47;2021-04-14;1750;713;62821;19656;19.0;6.0
47;2021-04-15;2012;838;64833;20494;19.6;6.2
47;2021-04-16;1764;892;66597;21386;20.2;6.5
47;2021-04-17;1472;971;68069;22357;20.6;6.8
47;2021-04-18;23;0;68092;22357;20.6;6.8
47;2021-04-19;1333;929;69425;23286;21.0;7.0
47;2021-04-20;1624;897;71049;24183;21.5;7.3
47;2021-04-21;1620;769;72669;24952;22.0;7.6
47;2021-04-22;1869;1056;74538;26008;22.6;7.9
47;2021-04-23;1721;1066;76259;27074;23.1;8.2
47;2021-04-24;1546;796;77805;27870;23.6;8.4
47;2021-04-25;242;343;78047;28213;23.6;8.5
47;2021-04-26;1481;1361;79528;29574;24.1;9.0
47;2021-04-27;1923;1467;81451;31041;24.7;9.4
47;2021-04-28;2090;1585;83541;32626;25.3;9.9
47;2021-04-29;2529;1503;86070;34129;26.1;10.3
47;2021-04-30;2037;1775;88107;35904;26.7;10.9
47;2021-05-01;2263;983;90370;36887;27.4;11.2
47;2021-05-02;21;358;90391;37245;27.4;11.3
47;2021-05-03;1596;1417;91987;38662;27.8;11.7
47;2021-05-04;1650;1726;93637;40388;28.3;12.2
47;2021-05-05;1927;1638;95564;42026;28.9;12.7
47;2021-05-06;2102;1508;97666;43534;29.6;13.2
47;2021-05-07;1994;1622;99660;45156;30.2;13.7
47;2021-05-08;2095;462;101755;45618;30.8;13.8
47;2021-05-09;24;362;101779;45980;30.8;13.9
47;2021-05-10;1203;1670;102982;47650;31.2;14.4
47;2021-05-11;2171;1990;105153;49640;31.8;15.0
47;2021-05-12;2626;1446;107779;51086;32.6;15.5
47;2021-05-13;2379;656;110158;51742;33.3;15.7
47;2021-05-14;2062;857;112220;52599;34.0;15.9
47;2021-05-15;1935;858;114155;53457;34.6;16.2
47;2021-05-16;367;8;114522;53465;34.7;16.2
47;2021-05-17;1881;1124;116403;54589;35.2;16.5
47;2021-05-18;2353;1134;118756;55723;36.0;16.9
47;2021-05-19;2344;757;121100;56480;36.7;17.1
47;2021-05-20;2579;957;123679;57437;37.4;17.4
47;2021-05-21;1535;1127;125214;58564;37.9;17.7
47;2021-05-22;2363;831;127577;59395;38.6;18.0
47;2021-05-23;25;182;127602;59577;38.6;18.0
47;2021-05-24;1550;232;129152;59809;39.1;18.1
47;2021-05-25;1481;1316;130633;61125;39.5;18.5
47;2021-05-26;1599;1081;132232;62206;40.0;18.8
47;2021-05-27;1942;1264;134174;63470;40.6;19.2
47;2021-05-28;1458;1537;135632;65007;41.1;19.7
47;2021-05-29;1150;1126;136782;66133;41.4;20.0
47;2021-05-30;11;45;136793;66178;41.4;20.0
47;2021-05-31;1867;1420;138660;67598;42.0;20.5
47;2021-06-01;1919;1333;140579;68931;42.6;20.9
47;2021-06-02;2099;1333;142678;70264;43.2;21.3
47;2021-06-03;2480;1607;145158;71871;43.9;21.8
47;2021-06-04;1968;2110;147126;73981;44.5;22.4
47;2021-06-05;1635;1474;148761;75455;45.0;22.8
47;2021-06-06;212;71;148973;75526;45.1;22.9
47;2021-06-07;1663;2245;150636;77771;45.6;23.5
47;2021-06-08;1626;1903;152262;79674;46.1;24.1
47;2021-06-09;1820;2126;154082;81800;46.6;24.8
47;2021-06-10;2365;1605;156447;83405;47.4;25.2
47;2021-06-11;1817;2096;158264;85501;47.9;25.9
47;2021-06-12;1350;2101;159614;87602;48.3;26.5
47;2021-06-13;4;10;159618;87612;48.3;26.5
47;2021-06-14;1278;2447;160896;90059;48.7;27.3
47;2021-06-15;1463;2035;162359;92094;49.1;27.9
47;2021-06-16;1202;2181;163561;94275;49.5;28.5
47;2021-06-17;1638;1522;165199;95797;50.0;29.0
47;2021-06-18;1432;2492;166631;98289;50.4;29.8
47;2021-06-19;1513;2457;168144;100746;50.9;30.5
47;2021-06-20;4;33;168148;100779;50.9;30.5
47;2021-06-21;1126;2510;169274;103289;51.2;31.3
47;2021-06-22;756;2506;170030;105795;51.5;32.0
47;2021-06-23;995;2015;171025;107810;51.8;32.6
47;2021-06-24;1194;1934;172219;109744;52.1;33.2
47;2021-06-25;994;2609;173213;112353;52.4;34.0
47;2021-06-26;979;2784;174192;115137;52.7;34.9
47;2021-06-27;14;349;174206;115486;52.7;35.0
47;2021-06-28;866;2402;175072;117888;53.0;35.7
47;2021-06-29;787;2318;175859;120206;53.2;36.4
47;2021-06-30;719;2310;176578;122516;53.5;37.1
47;2021-07-01;800;2106;177378;124622;53.7;37.7
47;2021-07-02;886;2277;178264;126899;54.0;38.4
47;2021-07-03;720;3040;178984;129939;54.2;39.3
47;2021-07-04;31;12;179015;129951;54.2;39.3
47;2021-07-05;970;2144;179985;132095;54.5;40.0
47;2021-07-06;905;1963;180890;134058;54.8;40.6
47;2021-07-07;1292;2059;182182;136117;55.2;41.2
47;2021-07-08;1139;2190;183321;138307;55.5;41.9
47;2021-07-09;1045;2409;184366;140716;55.8;42.6
47;2021-07-10;949;2132;185315;142848;56.1;43.2
47;2021-07-11;0;6;185315;142854;56.1;43.2
47;2021-07-12;555;2584;185870;145438;56.3;44.0
47;2021-07-13;1086;2588;186956;148026;56.6;44.8
47;2021-07-14;1155;1575;188111;149601;56.9;45.3
47;2021-07-15;1697;3132;189808;152733;57.5;46.2
47;2021-07-16;1709;2678;191517;155411;58.0;47.0
47;2021-07-17;1142;2440;192659;157851;58.3;47.8
47;2021-07-18;36;187;192695;158038;58.3;47.8
47;2021-07-19;1112;2563;193807;160601;58.7;48.6
47;2021-07-20;1601;2328;195408;162929;59.2;49.3
47;2021-07-21;2151;2228;197559;165157;59.8;50.0
48;2020-12-27;0;0;0;0;0.0;0.0
48;2020-12-28;0;0;0;0;0.0;0.0
48;2020-12-29;0;0;0;0;0.0;0.0
48;2020-12-30;0;0;0;0;0.0;0.0
48;2020-12-31;0;0;0;0;0.0;0.0
48;2021-01-01;0;0;0;0;0.0;0.0
48;2021-01-02;0;0;0;0;0.0;0.0
48;2021-01-03;0;0;0;0;0.0;0.0
48;2021-01-04;0;0;0;0;0.0;0.0
48;2021-01-05;0;0;0;0;0.0;0.0
48;2021-01-06;0;0;0;0;0.0;0.0
48;2021-01-07;54;0;54;0;0.1;0.0
48;2021-01-08;87;0;141;0;0.2;0.0
48;2021-01-09;1;0;142;0;0.2;0.0
48;2021-01-10;0;0;142;0;0.2;0.0
48;2021-01-11;13;0;155;0;0.2;0.0
48;2021-01-12;19;1;174;1;0.2;0.0
48;2021-01-13;104;0;278;1;0.4;0.0
48;2021-01-14;90;0;368;1;0.5;0.0
48;2021-01-15;63;0;431;1;0.6;0.0
48;2021-01-16;0;0;431;1;0.6;0.0
48;2021-01-17;0;0;431;1;0.6;0.0
48;2021-01-18;117;0;548;1;0.7;0.0
48;2021-01-19;345;0;893;1;1.2;0.0
48;2021-01-20;364;0;1257;1;1.6;0.0
48;2021-01-21;463;0;1720;1;2.3;0.0
48;2021-01-22;269;0;1989;1;2.6;0.0
48;2021-01-23;36;0;2025;1;2.7;0.0
48;2021-01-24;0;0;2025;1;2.7;0.0
48;2021-01-25;109;0;2134;1;2.8;0.0
48;2021-01-26;261;1;2395;2;3.1;0.0
48;2021-01-27;257;2;2652;4;3.5;0.0
48;2021-01-28;270;10;2922;14;3.8;0.0
48;2021-01-29;175;60;3097;74;4.1;0.1
48;2021-01-30;1;7;3098;81;4.1;0.1
48;2021-01-31;0;6;3098;87;4.1;0.1
48;2021-02-01;97;48;3195;135;4.2;0.2
48;2021-02-02;142;36;3337;171;4.4;0.2
48;2021-02-03;177;82;3514;253;4.6;0.3
48;2021-02-04;234;13;3748;266;4.9;0.3
48;2021-02-05;144;35;3892;301;5.1;0.4
48;2021-02-06;34;0;3926;301;5.1;0.4
48;2021-02-07;0;0;3926;301;5.1;0.4
48;2021-02-08;50;61;3976;362;5.2;0.5
48;2021-02-09;66;167;4042;529;5.3;0.7
48;2021-02-10;65;303;4107;832;5.4;1.1
48;2021-02-11;165;407;4272;1239;5.6;1.6
48;2021-02-12;119;156;4391;1395;5.8;1.8
48;2021-02-13;8;55;4399;1450;5.8;1.9
48;2021-02-14;0;0;4399;1450;5.8;1.9
48;2021-02-15;51;106;4450;1556;5.8;2.0
48;2021-02-16;43;173;4493;1729;5.9;2.3
48;2021-02-17;35;284;4528;2013;5.9;2.6
48;2021-02-18;252;94;4780;2107;6.3;2.8
48;2021-02-19;60;183;4840;2290;6.3;3.0
48;2021-02-20;0;1;4840;2291;6.3;3.0
48;2021-02-21;0;14;4840;2305;6.3;3.0
48;2021-02-22;24;129;4864;2434;6.4;3.2
48;2021-02-23;74;221;4938;2655;6.5;3.5
48;2021-02-24;66;265;5004;2920;6.6;3.8
48;2021-02-25;148;262;5152;3182;6.8;4.2
48;2021-02-26;51;225;5203;3407;6.8;4.5
48;2021-02-27;28;1;5231;3408;6.9;4.5
48;2021-02-28;3;14;5234;3422;6.9;4.5
48;2021-03-01;102;96;5336;3518;7.0;4.6
48;2021-03-02;199;87;5535;3605;7.3;4.7
48;2021-03-03;155;109;5690;3714;7.5;4.9
48;2021-03-04;192;183;5882;3897;7.7;5.1
48;2021-03-05;137;140;6019;4037;7.9;5.3
48;2021-03-06;180;53;6199;4090;8.1;5.4
48;2021-03-07;75;1;6274;4091;8.2;5.4
48;2021-03-08;351;121;6625;4212;8.7;5.5
48;2021-03-09;377;85;7002;4297;9.2;5.6
48;2021-03-10;262;60;7264;4357;9.5;5.7
48;2021-03-11;334;90;7598;4447;10.0;5.8
48;2021-03-12;256;152;7854;4599;10.3;6.0
48;2021-03-13;301;3;8155;4602;10.7;6.0
48;2021-03-14;8;0;8163;4602;10.7;6.0
48;2021-03-15;174;63;8337;4665;10.9;6.1
48;2021-03-16;162;65;8499;4730;11.1;6.2
48;2021-03-17;156;104;8655;4834;11.3;6.3
48;2021-03-18;190;102;8845;4936;11.6;6.5
48;2021-03-19;116;95;8961;5031;11.7;6.6
48;2021-03-20;101;0;9062;5031;11.9;6.6
48;2021-03-21;0;0;9062;5031;11.9;6.6
48;2021-03-22;160;22;9222;5053;12.1;6.6
48;2021-03-23;328;100;9550;5153;12.5;6.8
48;2021-03-24;284;99;9834;5252;12.9;6.9
48;2021-03-25;757;111;10591;5363;13.9;7.0
48;2021-03-26;269;57;10860;5420;14.2;7.1
48;2021-03-27;104;0;10964;5420;14.4;7.1
48;2021-03-28;78;19;11042;5439;14.5;7.1
48;2021-03-29;304;77;11346;5516;14.9;7.2
48;2021-03-30;362;127;11708;5643;15.3;7.4
48;2021-03-31;447;82;12155;5725;15.9;7.5
48;2021-04-01;729;65;12884;5790;16.9;7.6
48;2021-04-02;486;124;13370;5914;17.5;7.8
48;2021-04-03;140;83;13510;5997;17.7;7.9
48;2021-04-04;0;0;13510;5997;17.7;7.9
48;2021-04-05;42;1;13552;5998;17.8;7.9
48;2021-04-06;464;155;14016;6153;18.4;8.1
48;2021-04-07;464;136;14480;6289;19.0;8.2
48;2021-04-08;617;182;15097;6471;19.8;8.5
48;2021-04-09;446;115;15543;6586;20.4;8.6
48;2021-04-10;95;58;15638;6644;20.5;8.7
48;2021-04-11;1;0;15639;6644;20.5;8.7
48;2021-04-12;364;70;16003;6714;21.0;8.8
48;2021-04-13;361;91;16364;6805;21.5;8.9
48;2021-04-14;621;184;16985;6989;22.3;9.2
48;2021-04-15;698;349;17683;7338;23.2;9.6
48;2021-04-16;538;216;18221;7554;23.9;9.9
48;2021-04-17;89;69;18310;7623;24.0;10.0
48;2021-04-18;0;0;18310;7623;24.0;10.0
48;2021-04-19;197;104;18507;7727;24.3;10.1
48;2021-04-20;216;175;18723;7902;24.5;10.4
48;2021-04-21;284;203;19007;8105;24.9;10.6
48;2021-04-22;307;479;19314;8584;25.3;11.3
48;2021-04-23;254;239;19568;8823;25.7;11.6
48;2021-04-24;97;93;19665;8916;25.8;11.7
48;2021-04-25;1;9;19666;8925;25.8;11.7
48;2021-04-26;87;205;19753;9130;25.9;12.0
48;2021-04-27;172;291;19925;9421;26.1;12.3
48;2021-04-28;149;413;20074;9834;26.3;12.9
48;2021-04-29;202;490;20276;10324;26.6;13.5
48;2021-04-30;171;222;20447;10546;26.8;13.8
48;2021-05-01;0;0;20447;10546;26.8;13.8
48;2021-05-02;0;0;20447;10546;26.8;13.8
48;2021-05-03;105;386;20552;10932;26.9;14.3
48;2021-05-04;227;421;20779;11353;27.2;14.9
48;2021-05-05;84;483;20863;11836;27.3;15.5
48;2021-05-06;742;633;21605;12469;28.3;16.3
48;2021-05-07;94;504;21699;12973;28.4;17.0
48;2021-05-08;309;43;22008;13016;28.8;17.1
48;2021-05-09;285;9;22293;13025;29.2;17.1
48;2021-05-10;55;325;22348;13350;29.3;17.5
48;2021-05-11;220;284;22568;13634;29.6;17.9
48;2021-05-12;249;312;22817;13946;29.9;18.3
48;2021-05-13;471;157;23288;14103;30.5;18.5
48;2021-05-14;244;221;23532;14324;30.8;18.8
48;2021-05-15;84;47;23616;14371;31.0;18.8
48;2021-05-16;0;8;23616;14379;31.0;18.8
48;2021-05-17;474;265;24090;14644;31.6;19.2
48;2021-05-18;261;228;24351;14872;31.9;19.5
48;2021-05-19;207;278;24558;15150;32.2;19.9
48;2021-05-20;320;253;24878;15403;32.6;20.2
48;2021-05-21;172;267;25050;15670;32.8;20.5
48;2021-05-22;25;50;25075;15720;32.9;20.6
48;2021-05-23;0;6;25075;15726;32.9;20.6
48;2021-05-24;0;14;25075;15740;32.9;20.6
48;2021-05-25;180;265;25255;16005;33.1;21.0
48;2021-05-26;416;296;25671;16301;33.7;21.4
48;2021-05-27;1175;369;26846;16670;35.2;21.9
48;2021-05-28;315;342;27161;17012;35.6;22.3
48;2021-05-29;79;47;27240;17059;35.7;22.4
48;2021-05-30;0;1;27240;17060;35.7;22.4
48;2021-05-31;625;262;27865;17322;36.5;22.7
48;2021-06-01;271;302;28136;17624;36.9;23.1
48;2021-06-02;407;422;28543;18046;37.4;23.7
48;2021-06-03;627;427;29170;18473;38.2;24.2
48;2021-06-04;291;280;29461;18753;38.6;24.6
48;2021-06-05;121;75;29582;18828;38.8;24.7
48;2021-06-06;1;1;29583;18829;38.8;24.7
48;2021-06-07;440;161;30023;18990;39.4;24.9
48;2021-06-08;612;304;30635;19294;40.2;25.3
48;2021-06-09;377;188;31012;19482;40.7;25.5
48;2021-06-10;990;225;32002;19707;42.0;25.8
48;2021-06-11;370;158;32372;19865;42.4;26.0
48;2021-06-12;74;56;32446;19921;42.5;26.1
48;2021-06-13;0;2;32446;19923;42.5;26.1
48;2021-06-14;124;115;32570;20038;42.7;26.3
48;2021-06-15;406;384;32976;20422;43.2;26.8
48;2021-06-16;259;143;33235;20565;43.6;27.0
48;2021-06-17;487;568;33722;21133;44.2;27.7
48;2021-06-18;252;313;33974;21446;44.5;28.1
48;2021-06-19;34;291;34008;21737;44.6;28.5
48;2021-06-20;123;224;34131;21961;44.7;28.8
48;2021-06-21;123;132;34254;22093;44.9;29.0
48;2021-06-22;257;329;34511;22422;45.2;29.4
48;2021-06-23;111;546;34622;22968;45.4;30.1
48;2021-06-24;354;600;34976;23568;45.8;30.9
48;2021-06-25;148;274;35124;23842;46.0;31.3
48;2021-06-26;14;45;35138;23887;46.1;31.3
48;2021-06-27;1;1;35139;23888;46.1;31.3
48;2021-06-28;80;179;35219;24067;46.2;31.5
48;2021-06-29;294;411;35513;24478;46.6;32.1
48;2021-06-30;94;465;35607;24943;46.7;32.7
48;2021-07-01;196;665;35803;25608;46.9;33.6
48;2021-07-02;147;368;35950;25976;47.1;34.1
48;2021-07-03;41;88;35991;26064;47.2;34.2
48;2021-07-04;7;0;35998;26064;47.2;34.2
48;2021-07-05;40;116;36038;26180;47.2;34.3
48;2021-07-06;277;596;36315;26776;47.6;35.1
48;2021-07-07;200;483;36515;27259;47.9;35.7
48;2021-07-08;223;1185;36738;28444;48.2;37.3
48;2021-07-09;156;551;36894;28995;48.4;38.0
48;2021-07-10;95;146;36989;29141;48.5;38.2
48;2021-07-11;0;4;36989;29145;48.5;38.2
48;2021-07-12;138;670;37127;29815;48.7;39.1
48;2021-07-13;211;430;37338;30245;48.9;39.6
48;2021-07-14;178;141;37516;30386;49.2;39.8
48;2021-07-15;185;454;37701;30840;49.4;40.4
48;2021-07-16;233;310;37934;31150;49.7;40.8
48;2021-07-17;121;117;38055;31267;49.9;41.0
48;2021-07-18;4;4;38059;31271;49.9;41.0
48;2021-07-19;97;301;38156;31572;50.0;41.4
48;2021-07-20;590;990;38746;32562;50.8;42.7
48;2021-07-21;68;370;38814;32932;50.9;43.2
49;2020-12-27;0;0;0;0;0.0;0.0
49;2020-12-28;2;0;2;0;0.0;0.0
49;2020-12-29;0;0;2;0;0.0;0.0
49;2020-12-30;0;0;2;0;0.0;0.0
49;2020-12-31;0;0;2;0;0.0;0.0
49;2021-01-01;2;0;4;0;0.0;0.0
49;2021-01-02;1;0;5;0;0.0;0.0
49;2021-01-03;0;0;5;0;0.0;0.0
49;2021-01-04;9;0;14;0;0.0;0.0
49;2021-01-05;92;0;106;0;0.0;0.0
49;2021-01-06;230;0;336;0;0.0;0.0
49;2021-01-07;364;0;700;0;0.1;0.0
49;2021-01-08;330;1;1030;1;0.1;0.0
49;2021-01-09;118;0;1148;1;0.1;0.0
49;2021-01-10;114;0;1262;1;0.2;0.0
49;2021-01-11;287;0;1549;1;0.2;0.0
49;2021-01-12;620;0;2169;1;0.3;0.0
49;2021-01-13;601;2;2770;3;0.3;0.0
49;2021-01-14;587;5;3357;8;0.4;0.0
49;2021-01-15;774;1;4131;9;0.5;0.0
49;2021-01-16;147;0;4278;9;0.5;0.0
49;2021-01-17;111;2;4389;11;0.5;0.0
49;2021-01-18;691;0;5080;11;0.6;0.0
49;2021-01-19;1203;1;6283;12;0.8;0.0
49;2021-01-20;1506;3;7789;15;1.0;0.0
49;2021-01-21;1937;4;9726;19;1.2;0.0
49;2021-01-22;1313;4;11039;23;1.4;0.0
49;2021-01-23;260;1;11299;24;1.4;0.0
49;2021-01-24;0;0;11299;24;1.4;0.0
49;2021-01-25;549;5;11848;29;1.5;0.0
49;2021-01-26;986;75;12834;104;1.6;0.0
49;2021-01-27;1840;37;14674;141;1.8;0.0
49;2021-01-28;2872;84;17546;225;2.2;0.0
49;2021-01-29;1585;94;19131;319;2.3;0.0
49;2021-01-30;298;47;19429;366;2.4;0.0
49;2021-01-31;62;51;19491;417;2.4;0.1
49;2021-02-01;657;156;20148;573;2.5;0.1
49;2021-02-02;742;386;20890;959;2.6;0.1
49;2021-02-03;675;382;21565;1341;2.6;0.2
49;2021-02-04;755;445;22320;1786;2.7;0.2
49;2021-02-05;708;598;23028;2384;2.8;0.3
49;2021-02-06;229;111;23257;2495;2.9;0.3
49;2021-02-07;59;86;23316;2581;2.9;0.3
49;2021-02-08;547;481;23863;3062;2.9;0.4
49;2021-02-09;711;647;24574;3709;3.0;0.5
49;2021-02-10;800;952;25374;4661;3.1;0.6
49;2021-02-11;1000;1406;26374;6067;3.2;0.7
49;2021-02-12;869;975;27243;7042;3.3;0.9
49;2021-02-13;266;118;27509;7160;3.4;0.9
49;2021-02-14;9;106;27518;7266;3.4;0.9
49;2021-02-15;734;660;28252;7926;3.5;1.0
49;2021-02-16;1110;1124;29362;9050;3.6;1.1
49;2021-02-17;1155;1867;30517;10917;3.7;1.3
49;2021-02-18;1810;2438;32327;13355;4.0;1.6
49;2021-02-19;1391;1108;33718;14463;4.1;1.8
49;2021-02-20;232;383;33950;14846;4.2;1.8
49;2021-02-21;0;64;33950;14910;4.2;1.8
49;2021-02-22;646;584;34596;15494;4.2;1.9
49;2021-02-23;734;865;35330;16359;4.3;2.0
49;2021-02-24;801;646;36131;17005;4.4;2.1
49;2021-02-25;1210;818;37341;17823;4.6;2.2
49;2021-02-26;1667;847;39008;18670;4.8;2.3
49;2021-02-27;435;307;39443;18977;4.8;2.3
49;2021-02-28;49;38;39492;19015;4.8;2.3
49;2021-03-01;765;578;40257;19593;4.9;2.4
49;2021-03-02;1081;725;41338;20318;5.1;2.5
49;2021-03-03;1555;674;42893;20992;5.3;2.6
49;2021-03-04;1763;935;44656;21927;5.5;2.7
49;2021-03-05;2212;695;46868;22622;5.7;2.8
49;2021-03-06;712;185;47580;22807;5.8;2.8
49;2021-03-07;627;10;48207;22817;5.9;2.8
49;2021-03-08;1395;710;49602;23527;6.1;2.9
49;2021-03-09;2049;741;51651;24268;6.3;3.0
49;2021-03-10;2524;852;54175;25120;6.6;3.1
49;2021-03-11;3192;1462;57367;26582;7.0;3.3
49;2021-03-12;3764;989;61131;27571;7.5;3.4
49;2021-03-13;1499;214;62630;27785;7.7;3.4
49;2021-03-14;6;0;62636;27785;7.7;3.4
49;2021-03-15;2084;544;64720;28329;7.9;3.5
49;2021-03-16;1730;961;66450;29290;8.1;3.6
49;2021-03-17;1810;669;68260;29959;8.4;3.7
49;2021-03-18;2195;725;70455;30684;8.6;3.8
49;2021-03-19;3328;558;73783;31242;9.0;3.8
49;2021-03-20;1741;207;75524;31449;9.3;3.9
49;2021-03-21;493;24;76017;31473;9.3;3.9
49;2021-03-22;2244;545;78261;32018;9.6;3.9
49;2021-03-23;3398;675;81659;32693;10.0;4.0
49;2021-03-24;3601;494;85260;33187;10.5;4.1
49;2021-03-25;4223;639;89483;33826;11.0;4.1
49;2021-03-26;4878;497;94361;34323;11.6;4.2
49;2021-03-27;1672;99;96033;34422;11.8;4.2
49;2021-03-28;398;33;96431;34455;11.8;4.2
49;2021-03-29;2366;612;98797;35067;12.1;4.3
49;2021-03-30;3264;934;102061;36001;12.5;4.4
49;2021-03-31;2976;750;105037;36751;12.9;4.5
49;2021-04-01;4118;854;109155;37605;13.4;4.6
49;2021-04-02;4284;922;113439;38527;13.9;4.7
49;2021-04-03;971;193;114410;38720;14.0;4.7
49;2021-04-04;314;3;114724;38723;14.1;4.7
49;2021-04-05;940;21;115664;38744;14.2;4.7
49;2021-04-06;2331;1323;117995;40067;14.5;4.9
49;2021-04-07;3307;1363;121302;41430;14.9;5.1
49;2021-04-08;5177;1387;126479;42817;15.5;5.2
49;2021-04-09;6208;1396;132687;44213;16.3;5.4
49;2021-04-10;2062;490;134749;44703;16.5;5.5
49;2021-04-11;389;7;135138;44710;16.6;5.5
49;2021-04-12;4069;1572;139207;46282;17.1;5.7
49;2021-04-13;5376;1902;144583;48184;17.7;5.9
49;2021-04-14;4537;1862;149120;50046;18.3;6.1
49;2021-04-15;5377;1881;154497;51927;18.9;6.4
49;2021-04-16;5756;2125;160253;54052;19.6;6.6
49;2021-04-17;3335;839;163588;54891;20.1;6.7
49;2021-04-18;381;475;163969;55366;20.1;6.8
49;2021-04-19;3708;2055;167677;57421;20.6;7.0
49;2021-04-20;4372;2109;172049;59530;21.1;7.3
49;2021-04-21;3950;2204;175999;61734;21.6;7.6
49;2021-04-22;4826;2098;180825;63832;22.2;7.8
49;2021-04-23;4806;2320;185631;66152;22.8;8.1
49;2021-04-24;2935;1154;188566;67306;23.1;8.2
49;2021-04-25;41;283;188607;67589;23.1;8.3
49;2021-04-26;3737;2110;192344;69699;23.6;8.5
49;2021-04-27;4473;2486;196817;72185;24.1;8.8
49;2021-04-28;4612;2477;201429;74662;24.7;9.2
49;2021-04-29;5206;3001;206635;77663;25.3;9.5
49;2021-04-30;5547;3179;212182;80842;26.0;9.9
49;2021-05-01;2365;662;214547;81504;26.3;10.0
49;2021-05-02;4;40;214551;81544;26.3;10.0
49;2021-05-03;5011;2384;219562;83928;26.9;10.3
49;2021-05-04;4969;3032;224531;86960;27.5;10.7
49;2021-05-05;4783;2993;229314;89953;28.1;11.0
49;2021-05-06;5329;3077;234643;93030;28.8;11.4
49;2021-05-07;4270;5013;238913;98043;29.3;12.0
49;2021-05-08;3573;435;242486;98478;29.7;12.1
49;2021-05-09;9;41;242495;98519;29.7;12.1
49;2021-05-10;4829;4264;247324;102783;30.3;12.6
49;2021-05-11;5394;5082;252718;107865;31.0;13.2
49;2021-05-12;4800;4585;257518;112450;31.6;13.8
49;2021-05-13;4778;682;262296;113132;32.1;13.9
49;2021-05-14;5170;3267;267466;116399;32.8;14.3
49;2021-05-15;4154;1805;271620;118204;33.3;14.5
49;2021-05-16;2786;116;274406;118320;33.6;14.5
49;2021-05-17;4828;3681;279234;122001;34.2;15.0
49;2021-05-18;5462;3755;284696;125756;34.9;15.4
49;2021-05-19;5912;3211;290608;128967;35.6;15.8
49;2021-05-20;6762;2953;297370;131920;36.4;16.2
49;2021-05-21;6458;3735;303828;135655;37.2;16.6
49;2021-05-22;5180;1185;309008;136840;37.9;16.8
49;2021-05-23;1;12;309009;136852;37.9;16.8
49;2021-05-24;4218;438;313227;137290;38.4;16.8
49;2021-05-25;6329;3298;319556;140588;39.2;17.2
49;2021-05-26;6272;2658;325828;143246;39.9;17.6
49;2021-05-27;7104;2721;332932;145967;40.8;17.9
49;2021-05-28;6875;4010;339807;149977;41.6;18.4
49;2021-05-29;5022;1894;344829;151871;42.3;18.6
49;2021-05-30;20;13;344849;151884;42.3;18.6
49;2021-05-31;6038;3214;350887;155098;43.0;19.0
49;2021-06-01;6587;3968;357474;159066;43.8;19.5
49;2021-06-02;5788;3734;363262;162800;44.5;20.0
49;2021-06-03;6601;3418;369863;166218;45.3;20.4
49;2021-06-04;6466;4853;376329;171071;46.1;21.0
49;2021-06-05;4384;2692;380713;173763;46.7;21.3
49;2021-06-06;34;52;380747;173815;46.7;21.3
49;2021-06-07;4626;4759;385373;178574;47.2;21.9
49;2021-06-08;5179;5087;390552;183661;47.9;22.5
49;2021-06-09;5319;4492;395871;188153;48.5;23.1
49;2021-06-10;5974;3777;401845;191930;49.3;23.5
49;2021-06-11;4837;6033;406682;197963;49.8;24.3
49;2021-06-12;4088;3197;410770;201160;50.3;24.7
49;2021-06-13;19;989;410789;202149;50.3;24.8
49;2021-06-14;3406;6011;414195;208160;50.8;25.5
49;2021-06-15;4232;6387;418427;214547;51.3;26.3
49;2021-06-16;4134;5652;422561;220199;51.8;27.0
49;2021-06-17;5053;5062;427614;225261;52.4;27.6
49;2021-06-18;4114;6887;431728;232148;52.9;28.5
49;2021-06-19;3520;3972;435248;236120;53.3;28.9
49;2021-06-20;22;22;435270;236142;53.3;28.9
49;2021-06-21;2820;6508;438090;242650;53.7;29.7
49;2021-06-22;3185;7007;441275;249657;54.1;30.6
49;2021-06-23;3243;6307;444518;255964;54.5;31.4
49;2021-06-24;4300;4974;448818;260938;55.0;32.0
49;2021-06-25;3313;7444;452131;268382;55.4;32.9
49;2021-06-26;2558;4635;454689;273017;55.7;33.5
49;2021-06-27;10;1544;454699;274561;55.7;33.7
49;2021-06-28;2226;7179;456925;281740;56.0;34.5
49;2021-06-29;2990;7257;459915;288997;56.4;35.4
49;2021-06-30;2782;6806;462697;295803;56.7;36.3
49;2021-07-01;3055;6269;465752;302072;57.1;37.0
49;2021-07-02;2885;8083;468637;310155;57.4;38.0
49;2021-07-03;1980;5492;470617;315647;57.7;38.7
49;2021-07-04;5;52;470622;315699;57.7;38.7
49;2021-07-05;1615;7074;472237;322773;57.9;39.6
49;2021-07-06;1877;7563;474114;330336;58.1;40.5
49;2021-07-07;2044;6629;476158;336965;58.4;41.3
49;2021-07-08;2496;6352;478654;343317;58.7;42.1
49;2021-07-09;2291;8256;480945;351573;58.9;43.1
49;2021-07-10;1771;5340;482716;356913;59.2;43.7
49;2021-07-11;11;34;482727;356947;59.2;43.7
49;2021-07-12;1907;7721;484634;364668;59.4;44.7
49;2021-07-13;2540;8306;487174;372974;59.7;45.7
49;2021-07-14;2874;3367;490048;376341;60.1;46.1
49;2021-07-15;3103;7554;493151;383895;60.4;47.1
49;2021-07-16;3299;8298;496450;392193;60.8;48.1
49;2021-07-17;2066;5484;498516;397677;61.1;48.7
49;2021-07-18;3737;559;502253;398236;61.6;48.8
49;2021-07-19;2554;7441;504807;405677;61.9;49.7
49;2021-07-20;3329;7473;508136;413150;62.3;50.6
49;2021-07-21;4121;6449;512257;419599;62.8;51.4
50;2020-12-27;0;0;0;0;0.0;0.0
50;2020-12-28;0;0;0;0;0.0;0.0
50;2020-12-29;1;0;1;0;0.0;0.0
50;2020-12-30;0;0;1;0;0.0;0.0
50;2020-12-31;0;0;1;0;0.0;0.0
50;2021-01-01;0;0;1;0;0.0;0.0
50;2021-01-02;0;0;1;0;0.0;0.0
50;2021-01-03;0;0;1;0;0.0;0.0
50;2021-01-04;0;0;1;0;0.0;0.0
50;2021-01-05;0;0;1;0;0.0;0.0
50;2021-01-06;126;0;127;0;0.0;0.0
50;2021-01-07;306;0;433;0;0.1;0.0
50;2021-01-08;435;0;868;0;0.2;0.0
50;2021-01-09;236;0;1104;0;0.2;0.0
50;2021-01-10;23;0;1127;0;0.2;0.0
50;2021-01-11;388;2;1515;2;0.3;0.0
50;2021-01-12;600;0;2115;2;0.4;0.0
50;2021-01-13;693;4;2808;6;0.6;0.0
50;2021-01-14;1020;7;3828;13;0.8;0.0
50;2021-01-15;705;2;4533;15;0.9;0.0
50;2021-01-16;214;3;4747;18;1.0;0.0
50;2021-01-17;0;0;4747;18;1.0;0.0
50;2021-01-18;619;0;5366;18;1.1;0.0
50;2021-01-19;892;1;6258;19;1.3;0.0
50;2021-01-20;902;0;7160;19;1.5;0.0
50;2021-01-21;916;4;8076;23;1.6;0.0
50;2021-01-22;713;2;8789;25;1.8;0.0
50;2021-01-23;667;4;9456;29;1.9;0.0
50;2021-01-24;880;2;10336;31;2.1;0.0
50;2021-01-25;2652;10;12988;41;2.6;0.0
50;2021-01-26;1334;10;14322;51;2.9;0.0
50;2021-01-27;743;54;15065;105;3.1;0.0
50;2021-01-28;718;169;15783;274;3.2;0.1
50;2021-01-29;578;306;16361;580;3.3;0.1
50;2021-01-30;381;167;16742;747;3.4;0.2
50;2021-01-31;0;0;16742;747;3.4;0.2
50;2021-02-01;449;226;17191;973;3.5;0.2
50;2021-02-02;416;236;17607;1209;3.6;0.2
50;2021-02-03;390;379;17997;1588;3.7;0.3
50;2021-02-04;480;453;18477;2041;3.8;0.4
50;2021-02-05;422;450;18899;2491;3.9;0.5
50;2021-02-06;178;113;19077;2604;3.9;0.5
50;2021-02-07;0;0;19077;2604;3.9;0.5
50;2021-02-08;255;510;19332;3114;3.9;0.6
50;2021-02-09;245;643;19577;3757;4.0;0.8
50;2021-02-10;568;556;20145;4313;4.1;0.9
50;2021-02-11;438;917;20583;5230;4.2;1.1
50;2021-02-12;325;673;20908;5903;4.3;1.2
50;2021-02-13;303;489;21211;6392;4.3;1.3
50;2021-02-14;185;825;21396;7217;4.4;1.5
50;2021-02-15;657;2021;22053;9238;4.5;1.9
50;2021-02-16;743;1624;22796;10862;4.6;2.2
50;2021-02-17;632;828;23428;11690;4.8;2.4
50;2021-02-18;568;808;23996;12498;4.9;2.5
50;2021-02-19;628;522;24624;13020;5.0;2.7
50;2021-02-20;422;194;25046;13214;5.1;2.7
50;2021-02-21;85;29;25131;13243;5.1;2.7
50;2021-02-22;291;731;25422;13974;5.2;2.8
50;2021-02-23;502;569;25924;14543;5.3;3.0
50;2021-02-24;623;570;26547;15113;5.4;3.1
50;2021-02-25;778;588;27325;15701;5.6;3.2
50;2021-02-26;1000;401;28325;16102;5.8;3.3
50;2021-02-27;886;112;29211;16214;6.0;3.3
50;2021-02-28;111;0;29322;16214;6.0;3.3
50;2021-03-01;489;558;29811;16772;6.1;3.4
50;2021-03-02;650;520;30461;17292;6.2;3.5
50;2021-03-03;795;458;31256;17750;6.4;3.6
50;2021-03-04;1247;336;32503;18086;6.6;3.7
50;2021-03-05;1550;346;34053;18432;6.9;3.8
50;2021-03-06;1319;156;35372;18588;7.2;3.8
50;2021-03-07;549;40;35921;18628;7.3;3.8
50;2021-03-08;1021;621;36942;19249;7.5;3.9
50;2021-03-09;1552;566;38494;19815;7.8;4.0
50;2021-03-10;1603;318;40097;20133;8.2;4.1
50;2021-03-11;2351;346;42448;20479;8.7;4.2
50;2021-03-12;2865;237;45313;20716;9.2;4.2
50;2021-03-13;1987;128;47300;20844;9.6;4.2
50;2021-03-14;279;41;47579;20885;9.7;4.3
50;2021-03-15;1376;298;48955;21183;10.0;4.3
50;2021-03-16;1339;275;50294;21458;10.3;4.4
50;2021-03-17;1269;407;51563;21865;10.5;4.5
50;2021-03-18;1157;422;52720;22287;10.7;4.5
50;2021-03-19;1729;588;54449;22875;11.1;4.7
50;2021-03-20;1684;220;56133;23095;11.4;4.7
50;2021-03-21;794;7;56927;23102;11.6;4.7
50;2021-03-22;1506;332;58433;23434;11.9;4.8
50;2021-03-23;2068;391;60501;23825;12.3;4.9
50;2021-03-24;2278;550;62779;24375;12.8;5.0
50;2021-03-25;2808;461;65587;24836;13.4;5.1
50;2021-03-26;3204;459;68791;25295;14.0;5.2
50;2021-03-27;1816;373;70607;25668;14.4;5.2
50;2021-03-28;403;17;71010;25685;14.5;5.2
50;2021-03-29;2135;718;73145;26403;14.9;5.4
50;2021-03-30;2273;636;75418;27039;15.4;5.5
50;2021-03-31;2475;565;77893;27604;15.9;5.6
50;2021-04-01;3093;858;80986;28462;16.5;5.8
50;2021-04-02;2960;926;83946;29388;17.1;6.0
50;2021-04-03;1244;691;85190;30079;17.4;6.1
50;2021-04-04;321;135;85511;30214;17.4;6.2
50;2021-04-05;399;27;85910;30241;17.5;6.2
50;2021-04-06;2124;1222;88034;31463;17.9;6.4
50;2021-04-07;2555;1178;90589;32641;18.5;6.7
50;2021-04-08;3588;1209;94177;33850;19.2;6.9
50;2021-04-09;3930;1281;98107;35131;20.0;7.2
50;2021-04-10;2535;874;100642;36005;20.5;7.3
50;2021-04-11;408;147;101050;36152;20.6;7.4
50;2021-04-12;2438;1375;103488;37527;21.1;7.6
50;2021-04-13;2672;1535;106160;39062;21.6;8.0
50;2021-04-14;2607;1351;108767;40413;22.2;8.2
50;2021-04-15;3157;1103;111924;41516;22.8;8.5
50;2021-04-16;3362;1100;115286;42616;23.5;8.7
50;2021-04-17;2400;1181;117686;43797;24.0;8.9
50;2021-04-18;424;661;118110;44458;24.1;9.1
50;2021-04-19;1998;1472;120108;45930;24.5;9.4
50;2021-04-20;2277;1583;122385;47513;24.9;9.7
50;2021-04-21;2552;1751;124937;49264;25.5;10.0
50;2021-04-22;3076;1819;128013;51083;26.1;10.4
50;2021-04-23;2746;1907;130759;52990;26.6;10.8
50;2021-04-24;1895;1434;132654;54424;27.0;11.1
50;2021-04-25;470;272;133124;54696;27.1;11.1
50;2021-04-26;2117;1886;135241;56582;27.6;11.5
50;2021-04-27;2406;1991;137647;58573;28.1;11.9
50;2021-04-28;2705;1963;140352;60536;28.6;12.3
50;2021-04-29;3282;2037;143634;62573;29.3;12.8
50;2021-04-30;2990;1922;146624;64495;29.9;13.1
50;2021-05-01;1013;592;147637;65087;30.1;13.3
50;2021-05-02;522;450;148159;65537;30.2;13.4
50;2021-05-03;1766;1806;149925;67343;30.6;13.7
50;2021-05-04;1774;2320;151699;69663;30.9;14.2
50;2021-05-05;1660;2951;153359;72614;31.3;14.8
50;2021-05-06;2533;2579;155892;75193;31.8;15.3
50;2021-05-07;2148;2860;158040;78053;32.2;15.9
50;2021-05-08;1165;787;159205;78840;32.4;16.1
50;2021-05-09;621;359;159826;79199;32.6;16.1
50;2021-05-10;1706;2600;161532;81799;32.9;16.7
50;2021-05-11;2540;2837;164072;84636;33.4;17.2
50;2021-05-12;3171;2434;167243;87070;34.1;17.7
50;2021-05-13;3381;611;170624;87681;34.8;17.9
50;2021-05-14;3572;2276;174196;89957;35.5;18.3
50;2021-05-15;4000;1870;178196;91827;36.3;18.7
50;2021-05-16;946;265;179142;92092;36.5;18.8
50;2021-05-17;2136;1876;181278;93968;36.9;19.2
50;2021-05-18;2520;1615;183798;95583;37.5;19.5
50;2021-05-19;2503;1438;186301;97021;38.0;19.8
50;2021-05-20;3239;1624;189540;98645;38.6;20.1
50;2021-05-21;3157;1911;192697;100556;39.3;20.5
50;2021-05-22;2650;1324;195347;101880;39.8;20.8
50;2021-05-23;601;285;195948;102165;39.9;20.8
50;2021-05-24;1527;490;197475;102655;40.2;20.9
50;2021-05-25;2446;1674;199921;104329;40.7;21.3
50;2021-05-26;2987;1442;202908;105771;41.4;21.6
50;2021-05-27;3026;1972;205934;107743;42.0;22.0
50;2021-05-28;2946;2120;208880;109863;42.6;22.4
50;2021-05-29;2755;1398;211635;111261;43.1;22.7
50;2021-05-30;812;323;212447;111584;43.3;22.7
50;2021-05-31;2650;1815;215097;113399;43.8;23.1
50;2021-06-01;3330;2062;218427;115461;44.5;23.5
50;2021-06-02;3256;1782;221683;117243;45.2;23.9
50;2021-06-03;3909;2085;225592;119328;46.0;24.3
50;2021-06-04;3822;2875;229414;122203;46.8;24.9
50;2021-06-05;2957;1841;232371;124044;47.4;25.3
50;2021-06-06;812;442;233183;124486;47.5;25.4
50;2021-06-07;3515;2075;236698;126561;48.2;25.8
50;2021-06-08;4070;2216;240768;128777;49.1;26.2
50;2021-06-09;4246;1985;245014;130762;49.9;26.6
50;2021-06-10;4179;2106;249193;132868;50.8;27.1
50;2021-06-11;4205;2706;253398;135574;51.6;27.6
50;2021-06-12;3725;1598;257123;137172;52.4;28.0
50;2021-06-13;1137;449;258260;137621;52.6;28.0
50;2021-06-14;2677;2961;260937;140582;53.2;28.7
50;2021-06-15;3009;2601;263946;143183;53.8;29.2
50;2021-06-16;3089;1968;267035;145151;54.4;29.6
50;2021-06-17;2791;2481;269826;147632;55.0;30.1
50;2021-06-18;3223;3036;273049;150668;55.6;30.7
50;2021-06-19;3168;1920;276217;152588;56.3;31.1
50;2021-06-20;729;710;276946;153298;56.4;31.2
50;2021-06-21;1805;3133;278751;156431;56.8;31.9
50;2021-06-22;2056;3391;280807;159822;57.2;32.6
50;2021-06-23;1853;3877;282660;163699;57.6;33.4
50;2021-06-24;1701;4023;284361;167722;58.0;34.2
50;2021-06-25;2119;4007;286480;171729;58.4;35.0
50;2021-06-26;2128;3706;288608;175435;58.8;35.8
50;2021-06-27;609;894;289217;176329;58.9;35.9
50;2021-06-28;1891;3361;291108;179690;59.3;36.6
50;2021-06-29;1861;3405;292969;183095;59.7;37.3
50;2021-06-30;2149;3410;295118;186505;60.1;38.0
50;2021-07-01;1923;3260;297041;189765;60.5;38.7
50;2021-07-02;1876;3948;298917;193713;60.9;39.5
50;2021-07-03;1430;3453;300347;197166;61.2;40.2
50;2021-07-04;441;1073;300788;198239;61.3;40.4
50;2021-07-05;1255;3419;302043;201658;61.6;41.1
50;2021-07-06;1548;3891;303591;205549;61.9;41.9
50;2021-07-07;1775;3626;305366;209175;62.2;42.6
50;2021-07-08;1350;4109;306716;213284;62.5;43.5
50;2021-07-09;1378;4585;308094;217869;62.8;44.4
50;2021-07-10;1013;3610;309107;221479;63.0;45.1
50;2021-07-11;365;1022;309472;222501;63.1;45.3
50;2021-07-12;1294;4636;310766;227137;63.3;46.3
50;2021-07-13;1602;4868;312368;232005;63.7;47.3
50;2021-07-14;1472;2354;313840;234359;64.0;47.8
50;2021-07-15;1661;5055;315501;239414;64.3;48.8
50;2021-07-16;2957;5246;318458;244660;64.9;49.9
50;2021-07-17;2128;3733;320586;248393;65.3;50.6
50;2021-07-18;402;1090;320988;249483;65.4;50.8
50;2021-07-19;1557;5183;322545;254666;65.7;51.9
50;2021-07-20;1894;5399;324439;260065;66.1;53.0
50;2021-07-21;1769;5252;326208;265317;66.5;54.1
51;2020-12-27;0;0;0;0;0.0;0.0
51;2020-12-28;0;0;0;0;0.0;0.0
51;2020-12-29;0;0;0;0;0.0;0.0
51;2020-12-30;0;0;0;0;0.0;0.0
51;2020-12-31;1;0;1;0;0.0;0.0
51;2021-01-01;0;0;1;0;0.0;0.0
51;2021-01-02;0;0;1;0;0.0;0.0
51;2021-01-03;0;0;1;0;0.0;0.0
51;2021-01-04;1;0;2;0;0.0;0.0
51;2021-01-05;1;0;3;0;0.0;0.0
51;2021-01-06;6;0;9;0;0.0;0.0
51;2021-01-07;261;1;270;1;0.0;0.0
51;2021-01-08;501;1;771;2;0.1;0.0
51;2021-01-09;91;0;862;2;0.2;0.0
51;2021-01-10;0;0;862;2;0.2;0.0
51;2021-01-11;544;2;1406;4;0.2;0.0
51;2021-01-12;1533;3;2939;7;0.5;0.0
51;2021-01-13;1287;5;4226;12;0.7;0.0
51;2021-01-14;1463;6;5689;18;1.0;0.0
51;2021-01-15;605;3;6294;21;1.1;0.0
51;2021-01-16;177;1;6471;22;1.1;0.0
51;2021-01-17;101;0;6572;22;1.2;0.0
51;2021-01-18;842;2;7414;24;1.3;0.0
51;2021-01-19;996;2;8410;26;1.5;0.0
51;2021-01-20;954;6;9364;32;1.7;0.0
51;2021-01-21;790;2;10154;34;1.8;0.0
51;2021-01-22;390;2;10544;36;1.9;0.0
51;2021-01-23;294;0;10838;36;1.9;0.0
51;2021-01-24;129;1;10967;37;1.9;0.0
51;2021-01-25;712;1;11679;38;2.1;0.0
51;2021-01-26;776;4;12455;42;2.2;0.0
51;2021-01-27;655;3;13110;45;2.3;0.0
51;2021-01-28;644;69;13754;114;2.4;0.0
51;2021-01-29;471;142;14225;256;2.5;0.0
51;2021-01-30;126;5;14351;261;2.5;0.0
51;2021-01-31;83;0;14434;261;2.6;0.0
51;2021-02-01;271;58;14705;319;2.6;0.1
51;2021-02-02;732;723;15437;1042;2.7;0.2
51;2021-02-03;634;470;16071;1512;2.9;0.3
51;2021-02-04;966;821;17037;2333;3.0;0.4
51;2021-02-05;966;512;18003;2845;3.2;0.5
51;2021-02-06;30;149;18033;2994;3.2;0.5
51;2021-02-07;0;18;18033;3012;3.2;0.5
51;2021-02-08;115;415;18148;3427;3.2;0.6
51;2021-02-09;222;471;18370;3898;3.3;0.7
51;2021-02-10;219;639;18589;4537;3.3;0.8
51;2021-02-11;298;529;18887;5066;3.3;0.9
51;2021-02-12;340;567;19227;5633;3.4;1.0
51;2021-02-13;8;117;19235;5750;3.4;1.0
51;2021-02-14;8;173;19243;5923;3.4;1.1
51;2021-02-15;265;854;19508;6777;3.5;1.2
51;2021-02-16;400;968;19908;7745;3.5;1.4
51;2021-02-17;367;881;20275;8626;3.6;1.5
51;2021-02-18;435;594;20710;9220;3.7;1.6
51;2021-02-19;528;419;21238;9639;3.8;1.7
51;2021-02-20;205;297;21443;9936;3.8;1.8
51;2021-02-21;10;101;21453;10037;3.8;1.8
51;2021-02-22;195;690;21648;10727;3.8;1.9
51;2021-02-23;259;1099;21907;11826;3.9;2.1
51;2021-02-24;410;692;22317;12518;4.0;2.2
51;2021-02-25;1048;884;23365;13402;4.1;2.4
51;2021-02-26;1223;665;24588;14067;4.4;2.5
51;2021-02-27;589;124;25177;14191;4.5;2.5
51;2021-02-28;7;71;25184;14262;4.5;2.5
51;2021-03-01;766;308;25950;14570;4.6;2.6
51;2021-03-02;1122;448;27072;15018;4.8;2.7
51;2021-03-03;1193;461;28265;15479;5.0;2.7
51;2021-03-04;1058;698;29323;16177;5.2;2.9
51;2021-03-05;1558;668;30881;16845;5.5;3.0
51;2021-03-06;1433;48;32314;16893;5.7;3.0
51;2021-03-07;250;3;32564;16896;5.8;3.0
51;2021-03-08;986;93;33550;16989;6.0;3.0
51;2021-03-09;1663;177;35213;17166;6.2;3.0
51;2021-03-10;1990;98;37203;17264;6.6;3.1
51;2021-03-11;2371;152;39574;17416;7.0;3.1
51;2021-03-12;3244;142;42818;17558;7.6;3.1
51;2021-03-13;2549;38;45367;17596;8.0;3.1
51;2021-03-14;190;2;45557;17598;8.1;3.1
51;2021-03-15;1575;141;47132;17739;8.4;3.1
51;2021-03-16;1476;180;48608;17919;8.6;3.2
51;2021-03-17;1495;202;50103;18121;8.9;3.2
51;2021-03-18;1610;277;51713;18398;9.2;3.3
51;2021-03-19;2306;291;54019;18689;9.6;3.3
51;2021-03-20;1660;208;55679;18897;9.9;3.4
51;2021-03-21;133;1;55812;18898;9.9;3.4
51;2021-03-22;1413;117;57225;19015;10.1;3.4
51;2021-03-23;2467;151;59692;19166;10.6;3.4
51;2021-03-24;2838;123;62530;19289;11.1;3.4
51;2021-03-25;3249;324;65779;19613;11.7;3.5
51;2021-03-26;3408;493;69187;20106;12.3;3.6
51;2021-03-27;1840;247;71027;20353;12.6;3.6
51;2021-03-28;213;2;71240;20355;12.6;3.6
51;2021-03-29;991;641;72231;20996;12.8;3.7
51;2021-03-30;1750;852;73981;21848;13.1;3.9
51;2021-03-31;1728;757;75709;22605;13.4;4.0
51;2021-04-01;2276;435;77985;23040;13.8;4.1
51;2021-04-02;2414;621;80399;23661;14.3;4.2
51;2021-04-03;1302;403;81701;24064;14.5;4.3
51;2021-04-04;105;2;81806;24066;14.5;4.3
51;2021-04-05;70;141;81876;24207;14.5;4.3
51;2021-04-06;762;1234;82638;25441;14.7;4.5
51;2021-04-07;1310;1406;83948;26847;14.9;4.8
51;2021-04-08;2199;1759;86147;28606;15.3;5.1
51;2021-04-09;2862;1730;89009;30336;15.8;5.4
51;2021-04-10;2210;492;91219;30828;16.2;5.5
51;2021-04-11;105;85;91324;30913;16.2;5.5
51;2021-04-12;1449;1339;92773;32252;16.5;5.7
51;2021-04-13;1938;1680;94711;33932;16.8;6.0
51;2021-04-14;2456;1548;97167;35480;17.2;6.3
51;2021-04-15;2852;1662;100019;37142;17.7;6.6
51;2021-04-16;3208;1594;103227;38736;18.3;6.9
51;2021-04-17;1965;772;105192;39508;18.7;7.0
51;2021-04-18;296;109;105488;39617;18.7;7.0
51;2021-04-19;1563;1157;107051;40774;19.0;7.2
51;2021-04-20;1790;1660;108841;42434;19.3;7.5
51;2021-04-21;2005;1737;110846;44171;19.7;7.8
51;2021-04-22;2357;1639;113203;45810;20.1;8.1
51;2021-04-23;2971;1819;116174;47629;20.6;8.4
51;2021-04-24;1746;946;117920;48575;20.9;8.6
51;2021-04-25;122;162;118042;48737;20.9;8.6
51;2021-04-26;1845;758;119887;49495;21.3;8.8
51;2021-04-27;2441;1228;122328;50723;21.7;9.0
51;2021-04-28;2551;1305;124879;52028;22.1;9.2
51;2021-04-29;2637;1444;127516;53472;22.6;9.5
51;2021-04-30;2973;1666;130489;55138;23.1;9.8
51;2021-05-01;1452;411;131941;55549;23.4;9.9
51;2021-05-02;107;100;132048;55649;23.4;9.9
51;2021-05-03;2485;760;134533;56409;23.9;10.0
51;2021-05-04;2785;1344;137318;57753;24.4;10.2
51;2021-05-05;2855;1631;140173;59384;24.9;10.5
51;2021-05-06;5339;1935;145512;61319;25.8;10.9
51;2021-05-07;3691;1930;149203;63249;26.5;11.2
51;2021-05-08;2857;821;152060;64070;27.0;11.4
51;2021-05-09;211;89;152271;64159;27.0;11.4
51;2021-05-10;3216;1855;155487;66014;27.6;11.7
51;2021-05-11;3619;2040;159106;68054;28.2;12.1
51;2021-05-12;4183;2234;163289;70288;29.0;12.5
51;2021-05-13;1778;501;165067;70789;29.3;12.6
51;2021-05-14;5400;1735;170467;72524;30.2;12.9
51;2021-05-15;4228;1353;174695;73877;31.0;13.1
51;2021-05-16;281;47;174976;73924;31.0;13.1
51;2021-05-17;3133;1522;178109;75446;31.6;13.4
51;2021-05-18;3915;1768;182024;77214;32.3;13.7
51;2021-05-19;4009;1728;186033;78942;33.0;14.0
51;2021-05-20;4643;1968;190676;80910;33.8;14.4
51;2021-05-21;3595;2480;194271;83390;34.5;14.8
51;2021-05-22;2073;1545;196344;84935;34.8;15.1
51;2021-05-23;306;210;196650;85145;34.9;15.1
51;2021-05-24;2018;718;198668;85863;35.2;15.2
51;2021-05-25;3126;1821;201794;87684;35.8;15.6
51;2021-05-26;3294;1701;205088;89385;36.4;15.9
51;2021-05-27;3266;2059;208354;91444;37.0;16.2
51;2021-05-28;3604;2824;211958;94268;37.6;16.7
51;2021-05-29;2400;1998;214358;96266;38.0;17.1
51;2021-05-30;400;133;214758;96399;38.1;17.1
51;2021-05-31;3349;1777;218107;98176;38.7;17.4
51;2021-06-01;3854;2332;221961;100508;39.4;17.8
51;2021-06-02;6096;2315;228057;102823;40.4;18.2
51;2021-06-03;3575;2425;231632;105248;41.1;18.7
51;2021-06-04;6339;2942;237971;108190;42.2;19.2
51;2021-06-05;2598;1818;240569;110008;42.7;19.5
51;2021-06-06;171;156;240740;110164;42.7;19.5
51;2021-06-07;4297;2167;245037;112331;43.5;19.9
51;2021-06-08;3921;2531;248958;114862;44.2;20.4
51;2021-06-09;4015;2749;252973;117611;44.9;20.9
51;2021-06-10;3187;2480;256160;120091;45.4;21.3
51;2021-06-11;3350;3423;259510;123514;46.0;21.9
51;2021-06-12;2159;2170;261669;125684;46.4;22.3
51;2021-06-13;189;147;261858;125831;46.4;22.3
51;2021-06-14;1621;3337;263479;129168;46.7;22.9
51;2021-06-15;3175;3576;266654;132744;47.3;23.5
51;2021-06-16;2200;3683;268854;136427;47.7;24.2
51;2021-06-17;2598;5408;271452;141835;48.1;25.2
51;2021-06-18;2351;5211;273803;147046;48.6;26.1
51;2021-06-19;1680;4430;275483;151476;48.9;26.9
51;2021-06-20;184;228;275667;151704;48.9;26.9
51;2021-06-21;1225;4441;276892;156145;49.1;27.7
51;2021-06-22;1555;4042;278447;160187;49.4;28.4
51;2021-06-23;3636;4230;282083;164417;50.0;29.2
51;2021-06-24;2212;3236;284295;167653;50.4;29.7
51;2021-06-25;1888;6529;286183;174182;50.8;30.9
51;2021-06-26;1164;5080;287347;179262;51.0;31.8
51;2021-06-27;103;335;287450;179597;51.0;31.9
51;2021-06-28;1381;4415;288831;184012;51.2;32.6
51;2021-06-29;1165;4478;289996;188490;51.4;33.4
51;2021-06-30;1678;6046;291674;194536;51.7;34.5
51;2021-07-01;1948;3769;293622;198305;52.1;35.2
51;2021-07-02;1815;6892;295437;205197;52.4;36.4
51;2021-07-03;985;3199;296422;208396;52.6;37.0
51;2021-07-04;168;253;296590;208649;52.6;37.0
51;2021-07-05;758;5531;297348;214180;52.7;38.0
51;2021-07-06;1237;4787;298585;218967;53.0;38.8
51;2021-07-07;1599;4942;300184;223909;53.2;39.7
51;2021-07-08;2047;3424;302231;227333;53.6;40.3
51;2021-07-09;1846;5051;304077;232384;53.9;41.2
51;2021-07-10;1220;3205;305297;235589;54.1;41.8
51;2021-07-11;186;279;305483;235868;54.2;41.8
51;2021-07-12;982;4380;306465;240248;54.4;42.6
51;2021-07-13;1464;4780;307929;245028;54.6;43.5
51;2021-07-14;1061;1681;308990;246709;54.8;43.8
51;2021-07-15;2912;4894;311902;251603;55.3;44.6
51;2021-07-16;2342;5272;314244;256875;55.7;45.6
51;2021-07-17;1804;3480;316048;260355;56.1;46.2
51;2021-07-18;162;327;316210;260682;56.1;46.2
51;2021-07-19;1883;3972;318093;264654;56.4;46.9
51;2021-07-20;2568;5140;320661;269794;56.9;47.9
51;2021-07-21;3589;4028;324250;273822;57.5;48.6
52;2020-12-27;0;0;0;0;0.0;0.0
52;2020-12-28;0;0;0;0;0.0;0.0
52;2020-12-29;0;0;0;0;0.0;0.0
52;2020-12-30;0;0;0;0;0.0;0.0
52;2020-12-31;0;0;0;0;0.0;0.0
52;2021-01-01;0;0;0;0;0.0;0.0
52;2021-01-02;0;0;0;0;0.0;0.0
52;2021-01-03;0;0;0;0;0.0;0.0
52;2021-01-04;0;0;0;0;0.0;0.0
52;2021-01-05;0;0;0;0;0.0;0.0
52;2021-01-06;2;0;2;0;0.0;0.0
52;2021-01-07;0;0;2;0;0.0;0.0
52;2021-01-08;201;1;203;1;0.1;0.0
52;2021-01-09;93;0;296;1;0.2;0.0
52;2021-01-10;0;0;296;1;0.2;0.0
52;2021-01-11;206;0;502;1;0.3;0.0
52;2021-01-12;170;0;672;1;0.4;0.0
52;2021-01-13;561;2;1233;3;0.7;0.0
52;2021-01-14;676;8;1909;11;1.1;0.0
52;2021-01-15;410;1;2319;12;1.4;0.0
52;2021-01-16;16;1;2335;13;1.4;0.0
52;2021-01-17;0;0;2335;13;1.4;0.0
52;2021-01-18;426;0;2761;13;1.6;0.0
52;2021-01-19;437;0;3198;13;1.9;0.0
52;2021-01-20;419;1;3617;14;2.1;0.0
52;2021-01-21;424;1;4041;15;2.4;0.0
52;2021-01-22;321;0;4362;15;2.6;0.0
52;2021-01-23;72;0;4434;15;2.6;0.0
52;2021-01-24;0;0;4434;15;2.6;0.0
52;2021-01-25;235;0;4669;15;2.8;0.0
52;2021-01-26;306;1;4975;16;2.9;0.0
52;2021-01-27;237;1;5212;17;3.1;0.0
52;2021-01-28;174;4;5386;21;3.2;0.0
52;2021-01-29;74;125;5460;146;3.2;0.1
52;2021-01-30;91;95;5551;241;3.3;0.1
52;2021-01-31;0;0;5551;241;3.3;0.1
52;2021-02-01;117;193;5668;434;3.3;0.3
52;2021-02-02;61;178;5729;612;3.4;0.4
52;2021-02-03;91;416;5820;1028;3.4;0.6
52;2021-02-04;230;598;6050;1626;3.6;1.0
52;2021-02-05;113;506;6163;2132;3.6;1.3
52;2021-02-06;22;0;6185;2132;3.7;1.3
52;2021-02-07;0;1;6185;2133;3.7;1.3
52;2021-02-08;34;209;6219;2342;3.7;1.4
52;2021-02-09;47;216;6266;2558;3.7;1.5
52;2021-02-10;88;191;6354;2749;3.8;1.6
52;2021-02-11;129;146;6483;2895;3.8;1.7
52;2021-02-12;189;126;6672;3021;3.9;1.8
52;2021-02-13;5;1;6677;3022;3.9;1.8
52;2021-02-14;0;16;6677;3038;3.9;1.8
52;2021-02-15;80;277;6757;3315;4.0;2.0
52;2021-02-16;49;357;6806;3672;4.0;2.2
52;2021-02-17;37;316;6843;3988;4.0;2.4
52;2021-02-18;83;281;6926;4269;4.1;2.5
52;2021-02-19;51;192;6977;4461;4.1;2.6
52;2021-02-20;14;111;6991;4572;4.1;2.7
52;2021-02-21;0;0;6991;4572;4.1;2.7
52;2021-02-22;42;384;7033;4956;4.2;2.9
52;2021-02-23;55;277;7088;5233;4.2;3.1
52;2021-02-24;82;248;7170;5481;4.2;3.2
52;2021-02-25;161;234;7331;5715;4.3;3.4
52;2021-02-26;296;182;7627;5897;4.5;3.5
52;2021-02-27;149;46;7776;5943;4.6;3.5
52;2021-02-28;0;0;7776;5943;4.6;3.5
52;2021-03-01;163;14;7939;5957;4.7;3.5
52;2021-03-02;195;50;8134;6007;4.8;3.5
52;2021-03-03;355;34;8489;6041;5.0;3.6
52;2021-03-04;375;55;8864;6096;5.2;3.6
52;2021-03-05;531;50;9395;6146;5.6;3.6
52;2021-03-06;409;31;9804;6177;5.8;3.6
52;2021-03-07;0;0;9804;6177;5.8;3.6
52;2021-03-08;397;108;10201;6285;6.0;3.7
52;2021-03-09;547;105;10748;6390;6.4;3.8
52;2021-03-10;308;108;11056;6498;6.5;3.8
52;2021-03-11;581;31;11637;6529;6.9;3.9
52;2021-03-12;579;62;12216;6591;7.2;3.9
52;2021-03-13;488;4;12704;6595;7.5;3.9
52;2021-03-14;13;3;12717;6598;7.5;3.9
52;2021-03-15;314;21;13031;6619;7.7;3.9
52;2021-03-16;203;14;13234;6633;7.8;3.9
52;2021-03-17;358;13;13592;6646;8.0;3.9
52;2021-03-18;442;7;14034;6653;8.3;3.9
52;2021-03-19;450;52;14484;6705;8.6;4.0
52;2021-03-20;259;11;14743;6716;8.7;4.0
52;2021-03-21;15;0;14758;6716;8.7;4.0
52;2021-03-22;375;47;15133;6763;8.9;4.0
52;2021-03-23;677;88;15810;6851;9.3;4.0
52;2021-03-24;771;68;16581;6919;9.8;4.1
52;2021-03-25;1134;79;17715;6998;10.5;4.1
52;2021-03-26;1030;139;18745;7137;11.1;4.2
52;2021-03-27;476;75;19221;7212;11.4;4.3
52;2021-03-28;53;0;19274;7212;11.4;4.3
52;2021-03-29;506;185;19780;7397;11.7;4.4
52;2021-03-30;866;286;20646;7683;12.2;4.5
52;2021-03-31;958;287;21604;7970;12.8;4.7
52;2021-04-01;1146;171;22750;8141;13.4;4.8
52;2021-04-02;957;97;23707;8238;14.0;4.9
52;2021-04-03;457;2;24164;8240;14.3;4.9
52;2021-04-04;1;1;24165;8241;14.3;4.9
52;2021-04-05;1;0;24166;8241;14.3;4.9
52;2021-04-06;428;291;24594;8532;14.5;5.0
52;2021-04-07;503;449;25097;8981;14.8;5.3
52;2021-04-08;842;209;25939;9190;15.3;5.4
52;2021-04-09;1060;123;26999;9313;16.0;5.5
52;2021-04-10;852;100;27851;9413;16.5;5.6
52;2021-04-11;96;1;27947;9414;16.5;5.6
52;2021-04-12;931;271;28878;9685;17.1;5.7
52;2021-04-13;1247;371;30125;10056;17.8;5.9
52;2021-04-14;1346;449;31471;10505;18.6;6.2
52;2021-04-15;1512;430;32983;10935;19.5;6.5
52;2021-04-16;1574;364;34557;11299;20.4;6.7
52;2021-04-17;1306;122;35863;11421;21.2;6.7
52;2021-04-18;509;29;36372;11450;21.5;6.8
52;2021-04-19;696;611;37068;12061;21.9;7.1
52;2021-04-20;1076;664;38144;12725;22.5;7.5
52;2021-04-21;1059;675;39203;13400;23.2;7.9
52;2021-04-22;1469;718;40672;14118;24.0;8.3
52;2021-04-23;1254;654;41926;14772;24.8;8.7
52;2021-04-24;475;288;42401;15060;25.1;8.9
52;2021-04-25;3;77;42404;15137;25.1;8.9
52;2021-04-26;629;559;43033;15696;25.4;9.3
52;2021-04-27;931;674;43964;16370;26.0;9.7
52;2021-04-28;1439;557;45403;16927;26.8;10.0
52;2021-04-29;1451;569;46854;17496;27.7;10.3
52;2021-04-30;1314;604;48168;18100;28.5;10.7
52;2021-05-01;8;232;48176;18332;28.5;10.8
52;2021-05-02;0;1;48176;18333;28.5;10.8
52;2021-05-03;1161;623;49337;18956;29.2;11.2
52;2021-05-04;1448;713;50785;19669;30.0;11.6
52;2021-05-05;1769;644;52554;20313;31.1;12.0
52;2021-05-06;1974;498;54528;20811;32.2;12.3
52;2021-05-07;1442;1155;55970;21966;33.1;13.0
52;2021-05-08;587;314;56557;22280;33.4;13.2
52;2021-05-09;1;47;56558;22327;33.4;13.2
52;2021-05-10;792;1100;57350;23427;33.9;13.8
52;2021-05-11;866;1396;58216;24823;34.4;14.7
52;2021-05-12;1204;1382;59420;26205;35.1;15.5
52;2021-05-13;67;184;59487;26389;35.1;15.6
52;2021-05-14;1181;1356;60668;27745;35.8;16.4
52;2021-05-15;492;929;61160;28674;36.1;16.9
52;2021-05-16;8;43;61168;28717;36.1;17.0
52;2021-05-17;1144;706;62312;29423;36.8;17.4
52;2021-05-18;1217;671;63529;30094;37.5;17.8
52;2021-05-19;1543;414;65072;30508;38.4;18.0
52;2021-05-20;1546;419;66618;30927;39.4;18.3
52;2021-05-21;1623;614;68241;31541;40.3;18.6
52;2021-05-22;1089;207;69330;31748;41.0;18.8
52;2021-05-23;1;0;69331;31748;41.0;18.8
52;2021-05-24;402;33;69733;31781;41.2;18.8
52;2021-05-25;1354;383;71087;32164;42.0;19.0
52;2021-05-26;1478;669;72565;32833;42.9;19.4
52;2021-05-27;1566;789;74131;33622;43.8;19.9
52;2021-05-28;1489;670;75620;34292;44.7;20.3
52;2021-05-29;695;834;76315;35126;45.1;20.8
52;2021-05-30;17;550;76332;35676;45.1;21.1
52;2021-05-31;823;830;77155;36506;45.6;21.6
52;2021-06-01;956;814;78111;37320;46.2;22.1
52;2021-06-02;894;742;79005;38062;46.7;22.5
52;2021-06-03;825;825;79830;38887;47.2;23.0
52;2021-06-04;884;1341;80714;40228;47.7;23.8
52;2021-06-05;579;637;81293;40865;48.0;24.1
52;2021-06-06;27;55;81320;40920;48.0;24.2
52;2021-06-07;359;931;81679;41851;48.3;24.7
52;2021-06-08;552;1466;82231;43317;48.6;25.6
52;2021-06-09;613;1474;82844;44791;48.9;26.5
52;2021-06-10;791;1157;83635;45948;49.4;27.1
52;2021-06-11;829;1348;84464;47296;49.9;27.9
52;2021-06-12;421;586;84885;47882;50.2;28.3
52;2021-06-13;1;6;84886;47888;50.2;28.3
52;2021-06-14;170;1413;85056;49301;50.3;29.1
52;2021-06-15;221;1810;85277;51111;50.4;30.2
52;2021-06-16;353;1997;85630;53108;50.6;31.4
52;2021-06-17;260;1156;85890;54264;50.7;32.1
52;2021-06-18;306;1554;86196;55818;50.9;33.0
52;2021-06-19;501;690;86697;56508;51.2;33.4
52;2021-06-20;0;17;86697;56525;51.2;33.4
52;2021-06-21;523;896;87220;57421;51.5;33.9
52;2021-06-22;502;1051;87722;58472;51.8;34.5
52;2021-06-23;550;1045;88272;59517;52.2;35.2
52;2021-06-24;605;703;88877;60220;52.5;35.6
52;2021-06-25;654;1312;89531;61532;52.9;36.4
52;2021-06-26;264;721;89795;62253;53.1;36.8
52;2021-06-27;1;8;89796;62261;53.1;36.8
52;2021-06-28;182;1442;89978;63703;53.2;37.6
52;2021-06-29;162;1418;90140;65121;53.3;38.5
52;2021-06-30;214;1472;90354;66593;53.4;39.3
52;2021-07-01;310;1024;90664;67617;53.6;40.0
52;2021-07-02;428;1453;91092;69070;53.8;40.8
52;2021-07-03;298;1150;91390;70220;54.0;41.5
52;2021-07-04;0;11;91390;70231;54.0;41.5
52;2021-07-05;171;1456;91561;71687;54.1;42.4
52;2021-07-06;282;1454;91843;73141;54.3;43.2
52;2021-07-07;300;1165;92143;74306;54.4;43.9
52;2021-07-08;470;1165;92613;75471;54.7;44.6
52;2021-07-09;284;1621;92897;77092;54.9;45.5
52;2021-07-10;139;821;93036;77913;55.0;46.0
52;2021-07-11;0;12;93036;77925;55.0;46.0
52;2021-07-12;276;1463;93312;79388;55.1;46.9
52;2021-07-13;589;1369;93901;80757;55.5;47.7
52;2021-07-14;436;150;94337;80907;55.7;47.8
52;2021-07-15;589;1426;94926;82333;56.1;48.6
52;2021-07-16;888;1338;95814;83671;56.6;49.4
52;2021-07-17;519;339;96333;84010;56.9;49.6
52;2021-07-18;3;12;96336;84022;56.9;49.6
52;2021-07-19;681;982;97017;85004;57.3;50.2
52;2021-07-20;1083;831;98100;85835;58.0;50.7
52;2021-07-21;1140;725;99240;86560;58.6;51.1
53;2020-12-27;0;0;0;0;0.0;0.0
53;2020-12-28;0;0;0;0;0.0;0.0
53;2020-12-29;0;0;0;0;0.0;0.0
53;2020-12-30;0;0;0;0;0.0;0.0
53;2020-12-31;0;0;0;0;0.0;0.0
53;2021-01-01;0;0;0;0;0.0;0.0
53;2021-01-02;0;0;0;0;0.0;0.0
53;2021-01-03;0;0;0;0;0.0;0.0
53;2021-01-04;0;0;0;0;0.0;0.0
53;2021-01-05;0;0;0;0;0.0;0.0
53;2021-01-06;0;0;0;0;0.0;0.0
53;2021-01-07;102;0;102;0;0.0;0.0
53;2021-01-08;284;1;386;1;0.1;0.0
53;2021-01-09;134;1;520;2;0.2;0.0
53;2021-01-10;15;0;535;2;0.2;0.0
53;2021-01-11;176;0;711;2;0.2;0.0
53;2021-01-12;453;1;1164;3;0.4;0.0
53;2021-01-13;252;0;1416;3;0.5;0.0
53;2021-01-14;289;7;1705;10;0.6;0.0
53;2021-01-15;343;4;2048;14;0.7;0.0
53;2021-01-16;61;0;2109;14;0.7;0.0
53;2021-01-17;24;1;2133;15;0.7;0.0
53;2021-01-18;364;0;2497;15;0.8;0.0
53;2021-01-19;592;0;3089;15;1.0;0.0
53;2021-01-20;742;0;3831;15;1.3;0.0
53;2021-01-21;769;2;4600;17;1.5;0.0
53;2021-01-22;705;2;5305;19;1.7;0.0
53;2021-01-23;160;0;5465;19;1.8;0.0
53;2021-01-24;6;0;5471;19;1.8;0.0
53;2021-01-25;550;0;6021;19;2.0;0.0
53;2021-01-26;1196;6;7217;25;2.4;0.0
53;2021-01-27;696;4;7913;29;2.6;0.0
53;2021-01-28;738;96;8651;125;2.8;0.0
53;2021-01-29;422;189;9073;314;3.0;0.1
53;2021-01-30;128;0;9201;314;3.0;0.1
53;2021-01-31;0;0;9201;314;3.0;0.1
53;2021-02-01;297;149;9498;463;3.1;0.2
53;2021-02-02;309;231;9807;694;3.2;0.2
53;2021-02-03;226;378;10033;1072;3.3;0.4
53;2021-02-04;183;333;10216;1405;3.3;0.5
53;2021-02-05;234;304;10450;1709;3.4;0.6
53;2021-02-06;152;23;10602;1732;3.5;0.6
53;2021-02-07;0;0;10602;1732;3.5;0.6
53;2021-02-08;166;108;10768;1840;3.5;0.6
53;2021-02-09;369;213;11137;2053;3.6;0.7
53;2021-02-10;266;435;11403;2488;3.7;0.8
53;2021-02-11;429;485;11832;2973;3.9;1.0
53;2021-02-12;317;572;12149;3545;4.0;1.2
53;2021-02-13;95;66;12244;3611;4.0;1.2
53;2021-02-14;0;99;12244;3710;4.0;1.2
53;2021-02-15;239;432;12483;4142;4.1;1.4
53;2021-02-16;528;847;13011;4989;4.3;1.6
53;2021-02-17;390;617;13401;5606;4.4;1.8
53;2021-02-18;544;575;13945;6181;4.6;2.0
53;2021-02-19;895;415;14840;6596;4.9;2.2
53;2021-02-20;139;110;14979;6706;4.9;2.2
53;2021-02-21;0;20;14979;6726;4.9;2.2
53;2021-02-22;160;588;15139;7314;5.0;2.4
53;2021-02-23;59;660;15198;7974;5.0;2.6
53;2021-02-24;136;517;15334;8491;5.0;2.8
53;2021-02-25;457;354;15791;8845;5.2;2.9
53;2021-02-26;439;262;16230;9107;5.3;3.0
53;2021-02-27;86;115;16316;9222;5.3;3.0
53;2021-02-28;0;0;16316;9222;5.3;3.0
53;2021-03-01;230;280;16546;9502;5.4;3.1
53;2021-03-02;246;255;16792;9757;5.5;3.2
53;2021-03-03;319;391;17111;10148;5.6;3.3
53;2021-03-04;858;328;17969;10476;5.9;3.4
53;2021-03-05;659;276;18628;10752;6.1;3.5
53;2021-03-06;445;213;19073;10965;6.2;3.6
53;2021-03-07;276;3;19349;10968;6.3;3.6
53;2021-03-08;375;176;19724;11144;6.5;3.6
53;2021-03-09;878;237;20602;11381;6.7;3.7
53;2021-03-10;807;103;21409;11484;7.0;3.8
53;2021-03-11;1247;218;22656;11702;7.4;3.8
53;2021-03-12;1601;135;24257;11837;7.9;3.9
53;2021-03-13;823;5;25080;11842;8.2;3.9
53;2021-03-14;1;0;25081;11842;8.2;3.9
53;2021-03-15;1001;297;26082;12139;8.5;4.0
53;2021-03-16;1033;323;27115;12462;8.9;4.1
53;2021-03-17;683;260;27798;12722;9.1;4.2
53;2021-03-18;971;340;28769;13062;9.4;4.3
53;2021-03-19;1341;593;30110;13655;9.9;4.5
53;2021-03-20;591;13;30701;13668;10.1;4.5
53;2021-03-21;2;0;30703;13668;10.1;4.5
53;2021-03-22;1209;146;31912;13814;10.5;4.5
53;2021-03-23;1695;60;33607;13874;11.0;4.5
53;2021-03-24;1321;115;34928;13989;11.4;4.6
53;2021-03-25;2321;221;37249;14210;12.2;4.7
53;2021-03-26;1881;144;39130;14354;12.8;4.7
53;2021-03-27;339;2;39469;14356;12.9;4.7
53;2021-03-28;2;0;39471;14356;12.9;4.7
53;2021-03-29;1472;204;40943;14560;13.4;4.8
53;2021-03-30;1945;197;42888;14757;14.0;4.8
53;2021-03-31;1789;215;44677;14972;14.6;4.9
53;2021-04-01;1945;661;46622;15633;15.3;5.1
53;2021-04-02;2073;216;48695;15849;15.9;5.2
53;2021-04-03;414;1;49109;15850;16.1;5.2
53;2021-04-04;10;0;49119;15850;16.1;5.2
53;2021-04-05;9;15;49128;15865;16.1;5.2
53;2021-04-06;1304;498;50432;16363;16.5;5.4
53;2021-04-07;1175;920;51607;17283;16.9;5.7
53;2021-04-08;1661;1005;53268;18288;17.4;6.0
53;2021-04-09;1956;386;55224;18674;18.1;6.1
53;2021-04-10;543;11;55767;18685;18.3;6.1
53;2021-04-11;12;0;55779;18685;18.3;6.1
53;2021-04-12;696;1066;56475;19751;18.5;6.5
53;2021-04-13;1471;1099;57946;20850;19.0;6.8
53;2021-04-14;1020;732;58966;21582;19.3;7.1
53;2021-04-15;1159;1109;60125;22691;19.7;7.4
53;2021-04-16;1272;815;61397;23506;20.1;7.7
53;2021-04-17;279;271;61676;23777;20.2;7.8
53;2021-04-18;0;0;61676;23777;20.2;7.8
53;2021-04-19;679;1069;62355;24846;20.4;8.1
53;2021-04-20;935;1452;63290;26298;20.7;8.6
53;2021-04-21;849;1012;64139;27310;21.0;8.9
53;2021-04-22;1046;1611;65185;28921;21.3;9.5
53;2021-04-23;1324;1041;66509;29962;21.8;9.8
53;2021-04-24;67;7;66576;29969;21.8;9.8
53;2021-04-25;5;39;66581;30008;21.8;9.8
53;2021-04-26;368;1239;66949;31247;21.9;10.2
53;2021-04-27;724;1969;67673;33216;22.2;10.9
53;2021-04-28;979;1388;68652;34604;22.5;11.3
53;2021-04-29;1050;1708;69702;36312;22.8;11.9
53;2021-04-30;1360;1307;71062;37619;23.3;12.3
53;2021-05-01;35;50;71097;37669;23.3;12.3
53;2021-05-02;0;0;71097;37669;23.3;12.3
53;2021-05-03;1570;699;72667;38368;23.8;12.6
53;2021-05-04;1306;1436;73973;39804;24.2;13.0
53;2021-05-05;1610;821;75583;40625;24.8;13.3
53;2021-05-06;1391;1391;76974;42016;25.2;13.8
53;2021-05-07;1535;1295;78509;43311;25.7;14.2
53;2021-05-08;936;33;79445;43344;26.0;14.2
53;2021-05-09;11;2;79456;43346;26.0;14.2
53;2021-05-10;2416;804;81872;44150;26.8;14.5
53;2021-05-11;3096;1281;84968;45431;27.8;14.9
53;2021-05-12;2750;1083;87718;46514;28.7;15.2
53;2021-05-13;350;26;88068;46540;28.8;15.2
53;2021-05-14;2019;675;90087;47215;29.5;15.5
53;2021-05-15;1058;60;91145;47275;29.8;15.5
53;2021-05-16;1;0;91146;47275;29.8;15.5
53;2021-05-17;1702;1195;92848;48470;30.4;15.9
53;2021-05-18;1881;1539;94729;50009;31.0;16.4
53;2021-05-19;2302;734;97031;50743;31.8;16.6
53;2021-05-20;3217;852;100248;51595;32.8;16.9
53;2021-05-21;2796;821;103044;52416;33.7;17.2
53;2021-05-22;19;60;103063;52476;33.8;17.2
53;2021-05-23;0;0;103063;52476;33.8;17.2
53;2021-05-24;7;6;103070;52482;33.8;17.2
53;2021-05-25;1818;803;104888;53285;34.3;17.4
53;2021-05-26;1851;899;106739;54184;35.0;17.7
53;2021-05-27;3073;1071;109812;55255;36.0;18.1
53;2021-05-28;2562;870;112374;56125;36.8;18.4
53;2021-05-29;844;244;113218;56369;37.1;18.5
53;2021-05-30;15;6;113233;56375;37.1;18.5
53;2021-05-31;2565;799;115798;57174;37.9;18.7
53;2021-06-01;3490;1252;119288;58426;39.1;19.1
53;2021-06-02;3180;516;122468;58942;40.1;19.3
53;2021-06-03;4191;778;126659;59720;41.5;19.6
53;2021-06-04;3181;1264;129840;60984;42.5;20.0
53;2021-06-05;136;245;129976;61229;42.6;20.1
53;2021-06-06;0;4;129976;61233;42.6;20.1
53;2021-06-07;2628;925;132604;62158;43.4;20.4
53;2021-06-08;3575;1121;136179;63279;44.6;20.7
53;2021-06-09;2453;935;138632;64214;45.4;21.0
53;2021-06-10;3519;841;142151;65055;46.6;21.3
53;2021-06-11;2962;1203;145113;66258;47.5;21.7
53;2021-06-12;108;138;145221;66396;47.6;21.7
53;2021-06-13;10;2;145231;66398;47.6;21.7
53;2021-06-14;1597;1790;146828;68188;48.1;22.3
53;2021-06-15;1890;2259;148718;70447;48.7;23.1
53;2021-06-16;1823;1728;150541;72175;49.3;23.6
53;2021-06-17;3007;1647;153548;73822;50.3;24.2
53;2021-06-18;2697;1808;156245;75630;51.2;24.8
53;2021-06-19;761;1166;157006;76796;51.4;25.1
53;2021-06-20;3;479;157009;77275;51.4;25.3
53;2021-06-21;913;2534;157922;79809;51.7;26.1
53;2021-06-22;1296;3455;159218;83264;52.1;27.3
53;2021-06-23;1357;2894;160575;86158;52.6;28.2
53;2021-06-24;1802;2034;162377;88192;53.2;28.9
53;2021-06-25;1778;2045;164155;90237;53.8;29.6
53;2021-06-26;976;350;165131;90587;54.1;29.7
53;2021-06-27;6;8;165137;90595;54.1;29.7
53;2021-06-28;659;2903;165796;93498;54.3;30.6
53;2021-06-29;855;3654;166651;97152;54.6;31.8
53;2021-06-30;744;1516;167395;98668;54.8;32.3
53;2021-07-01;1483;2636;168878;101304;55.3;33.2
53;2021-07-02;1479;2022;170357;103326;55.8;33.8
53;2021-07-03;853;569;171210;103895;56.1;34.0
53;2021-07-04;0;4;171210;103899;56.1;34.0
53;2021-07-05;532;2063;171742;105962;56.2;34.7
53;2021-07-06;849;3615;172591;109577;56.5;35.9
53;2021-07-07;1009;2650;173600;112227;56.8;36.8
53;2021-07-08;1305;3119;174905;115346;57.3;37.8
53;2021-07-09;1115;3398;176020;118744;57.6;38.9
53;2021-07-10;422;1000;176442;119744;57.8;39.2
53;2021-07-11;12;20;176454;119764;57.8;39.2
53;2021-07-12;501;3715;176955;123479;57.9;40.4
53;2021-07-13;889;4766;177844;128245;58.2;42.0
53;2021-07-14;104;283;177948;128528;58.3;42.1
53;2021-07-15;1109;4353;179057;132881;58.6;43.5
53;2021-07-16;1230;3838;180287;136719;59.0;44.8
53;2021-07-17;1313;289;181600;137008;59.5;44.9
53;2021-07-18;25;19;181625;137027;59.5;44.9
53;2021-07-19;733;3435;182358;140462;59.7;46.0
53;2021-07-20;974;4124;183332;144586;60.0;47.3
53;2021-07-21;677;3279;184009;147865;60.3;48.4
54;2020-12-27;0;0;0;0;0.0;0.0
54;2020-12-28;0;0;0;0;0.0;0.0
54;2020-12-29;0;0;0;0;0.0;0.0
54;2020-12-30;0;0;0;0;0.0;0.0
54;2020-12-31;10;0;10;0;0.0;0.0
54;2021-01-01;0;0;10;0;0.0;0.0
54;2021-01-02;0;0;10;0;0.0;0.0
54;2021-01-03;1;0;11;0;0.0;0.0
54;2021-01-04;162;0;173;0;0.0;0.0
54;2021-01-05;395;0;568;0;0.1;0.0
54;2021-01-06;647;1;1215;1;0.2;0.0
54;2021-01-07;815;2;2030;3;0.3;0.0
54;2021-01-08;704;3;2734;6;0.4;0.0
54;2021-01-09;81;0;2815;6;0.4;0.0
54;2021-01-10;78;0;2893;6;0.4;0.0
54;2021-01-11;974;3;3867;9;0.5;0.0
54;2021-01-12;1180;1;5047;10;0.7;0.0
54;2021-01-13;2366;8;7413;18;1.0;0.0
54;2021-01-14;3368;29;10781;47;1.5;0.0
54;2021-01-15;2682;11;13463;58;1.8;0.0
54;2021-01-16;814;3;14277;61;2.0;0.0
54;2021-01-17;210;0;14487;61;2.0;0.0
54;2021-01-18;1557;5;16044;66;2.2;0.0
54;2021-01-19;1694;0;17738;66;2.4;0.0
54;2021-01-20;1487;6;19225;72;2.6;0.0
54;2021-01-21;1340;3;20565;75;2.8;0.0
54;2021-01-22;1087;7;21652;82;3.0;0.0
54;2021-01-23;476;0;22128;82;3.0;0.0
54;2021-01-24;66;0;22194;82;3.0;0.0
54;2021-01-25;939;29;23133;111;3.2;0.0
54;2021-01-26;142;5;23275;116;3.2;0.0
54;2021-01-27;12;173;23287;289;3.2;0.0
54;2021-01-28;29;237;23316;526;3.2;0.1
54;2021-01-29;16;279;23332;805;3.2;0.1
54;2021-01-30;3;0;23335;805;3.2;0.1
54;2021-01-31;1;0;23336;805;3.2;0.1
54;2021-02-01;9;787;23345;1592;3.2;0.2
54;2021-02-02;22;972;23367;2564;3.2;0.4
54;2021-02-03;359;1536;23726;4100;3.2;0.6
54;2021-02-04;727;2456;24453;6556;3.3;0.9
54;2021-02-05;792;1900;25245;8456;3.5;1.2
54;2021-02-06;202;338;25447;8794;3.5;1.2
54;2021-02-07;4;126;25451;8920;3.5;1.2
54;2021-02-08;116;1002;25567;9922;3.5;1.4
54;2021-02-09;303;1071;25870;10993;3.5;1.5
54;2021-02-10;386;803;26256;11796;3.6;1.6
54;2021-02-11;292;818;26548;12614;3.6;1.7
54;2021-02-12;448;1303;26996;13917;3.7;1.9
54;2021-02-13;146;237;27142;14154;3.7;1.9
54;2021-02-14;9;11;27151;14165;3.7;1.9
54;2021-02-15;433;1139;27584;15304;3.8;2.1
54;2021-02-16;401;1225;27985;16529;3.8;2.3
54;2021-02-17;521;960;28506;17489;3.9;2.4
54;2021-02-18;591;794;29097;18283;4.0;2.5
54;2021-02-19;520;775;29617;19058;4.1;2.6
54;2021-02-20;35;284;29652;19342;4.1;2.6
54;2021-02-21;3;25;29655;19367;4.1;2.7
54;2021-02-22;484;606;30139;19973;4.1;2.7
54;2021-02-23;678;566;30817;20539;4.2;2.8
54;2021-02-24;727;366;31544;20905;4.3;2.9
54;2021-02-25;1474;734;33018;21639;4.5;3.0
54;2021-02-26;1763;777;34781;22416;4.8;3.1
54;2021-02-27;699;105;35480;22521;4.9;3.1
54;2021-02-28;10;28;35490;22549;4.9;3.1
54;2021-03-01;645;215;36135;22764;4.9;3.1
54;2021-03-02;1498;138;37633;22902;5.2;3.1
54;2021-03-03;1756;56;39389;22958;5.4;3.1
54;2021-03-04;2023;97;41412;23055;5.7;3.2
54;2021-03-05;2796;132;44208;23187;6.1;3.2
54;2021-03-06;4034;97;48242;23284;6.6;3.2
54;2021-03-07;2619;58;50861;23342;7.0;3.2
54;2021-03-08;1334;58;52195;23400;7.1;3.2
54;2021-03-09;2642;93;54837;23493;7.5;3.2
54;2021-03-10;3195;102;58032;23595;7.9;3.2
54;2021-03-11;3384;81;61416;23676;8.4;3.2
54;2021-03-12;4978;160;66394;23836;9.1;3.3
54;2021-03-13;4194;102;70588;23938;9.7;3.3
54;2021-03-14;543;34;71131;23972;9.7;3.3
54;2021-03-15;1717;100;72848;24072;10.0;3.3
54;2021-03-16;1731;162;74579;24234;10.2;3.3
54;2021-03-17;2081;146;76660;24380;10.5;3.3
54;2021-03-18;2050;158;78710;24538;10.8;3.4
54;2021-03-19;3316;239;82026;24777;11.2;3.4
54;2021-03-20;2301;71;84327;24848;11.5;3.4
54;2021-03-21;295;15;84622;24863;11.6;3.4
54;2021-03-22;1033;325;85655;25188;11.7;3.4
54;2021-03-23;1936;516;87591;25704;12.0;3.5
54;2021-03-24;2191;708;89782;26412;12.3;3.6
54;2021-03-25;3165;723;92947;27135;12.7;3.7
54;2021-03-26;3513;795;96460;27930;13.2;3.8
54;2021-03-27;2413;286;98873;28216;13.5;3.9
54;2021-03-28;278;3;99151;28219;13.6;3.9
54;2021-03-29;1666;384;100817;28603;13.8;3.9
54;2021-03-30;2549;970;103366;29573;14.2;4.0
54;2021-03-31;2594;1123;105960;30696;14.5;4.2
54;2021-04-01;3214;1244;109174;31940;14.9;4.4
54;2021-04-02;2966;1651;112140;33591;15.4;4.6
54;2021-04-03;1256;1311;113396;34902;15.5;4.8
54;2021-04-04;137;421;113533;35323;15.5;4.8
54;2021-04-05;144;574;113677;35897;15.6;4.9
54;2021-04-06;1258;1649;114935;37546;15.7;5.1
54;2021-04-07;901;2266;115836;39812;15.9;5.5
54;2021-04-08;2298;2439;118134;42251;16.2;5.8
54;2021-04-09;4111;3143;122245;45394;16.7;6.2
54;2021-04-10;3203;1658;125448;47052;17.2;6.4
54;2021-04-11;206;1001;125654;48053;17.2;6.6
54;2021-04-12;2197;1529;127851;49582;17.5;6.8
54;2021-04-13;3000;1953;130851;51535;17.9;7.1
54;2021-04-14;3252;1844;134103;53379;18.4;7.3
54;2021-04-15;2880;2277;136983;55656;18.8;7.6
54;2021-04-16;3137;2583;140120;58239;19.2;8.0
54;2021-04-17;3469;1474;143589;59713;19.7;8.2
54;2021-04-18;60;245;143649;59958;19.7;8.2
54;2021-04-19;2459;1059;146108;61017;20.0;8.4
54;2021-04-20;3014;1224;149122;62241;20.4;8.5
54;2021-04-21;4396;1590;153518;63831;21.0;8.7
54;2021-04-22;3717;2345;157235;66176;21.5;9.1
54;2021-04-23;3861;2035;161096;68211;22.1;9.3
54;2021-04-24;2338;1023;163434;69234;22.4;9.5
54;2021-04-25;282;276;163716;69510;22.4;9.5
54;2021-04-26;2301;1255;166017;70765;22.7;9.7
54;2021-04-27;3227;1377;169244;72142;23.2;9.9
54;2021-04-28;2965;1921;172209;74063;23.6;10.1
54;2021-04-29;3785;2064;175994;76127;24.1;10.4
54;2021-04-30;4481;1919;180475;78046;24.7;10.7
54;2021-05-01;2262;795;182737;78841;25.0;10.8
54;2021-05-02;228;67;182965;78908;25.1;10.8
54;2021-05-03;3093;929;186058;79837;25.5;10.9
54;2021-05-04;3510;1422;189568;81259;26.0;11.1
54;2021-05-05;4884;1369;194452;82628;26.6;11.3
54;2021-05-06;4433;2773;198885;85401;27.2;11.7
54;2021-05-07;4810;3378;203695;88779;27.9;12.2
54;2021-05-08;2017;631;205712;89410;28.2;12.2
54;2021-05-09;374;134;206086;89544;28.2;12.3
54;2021-05-10;3199;2234;209285;91778;28.7;12.6
54;2021-05-11;5481;2905;214766;94683;29.4;13.0
54;2021-05-12;4139;3372;218905;98055;30.0;13.4
54;2021-05-13;2640;481;221545;98536;30.3;13.5
54;2021-05-14;6873;1954;228418;100490;31.3;13.8
54;2021-05-15;5469;1295;233887;101785;32.0;13.9
54;2021-05-16;940;104;234827;101889;32.2;13.9
54;2021-05-17;3788;793;238615;102682;32.7;14.1
54;2021-05-18;3284;1085;241899;103767;33.1;14.2
54;2021-05-19;3455;1497;245354;105264;33.6;14.4
54;2021-05-20;4531;1596;249885;106860;34.2;14.6
54;2021-05-21;6714;2466;256599;109326;35.1;15.0
54;2021-05-22;5620;1344;262219;110670;35.9;15.2
54;2021-05-23;503;52;262722;110722;36.0;15.2
54;2021-05-24;1441;341;264163;111063;36.2;15.2
54;2021-05-25;4091;1519;268254;112582;36.7;15.4
54;2021-05-26;3528;2203;271782;114785;37.2;15.7
54;2021-05-27;4170;2429;275952;117214;37.8;16.0
54;2021-05-28;4918;3546;280870;120760;38.5;16.5
54;2021-05-29;3829;3971;284699;124731;39.0;17.1
54;2021-05-30;127;83;284826;124814;39.0;17.1
54;2021-05-31;2929;3055;287755;127869;39.4;17.5
54;2021-06-01;2610;4182;290365;132051;39.8;18.1
54;2021-06-02;2141;4071;292506;136122;40.0;18.6
54;2021-06-03;3087;5646;295593;141768;40.5;19.4
54;2021-06-04;5038;5452;300631;147220;41.2;20.2
54;2021-06-05;2342;3283;302973;150503;41.5;20.6
54;2021-06-06;68;236;303041;150739;41.5;20.6
54;2021-06-07;3694;2923;306735;153662;42.0;21.0
54;2021-06-08;4514;4248;311249;157910;42.6;21.6
54;2021-06-09;5940;3261;317189;161171;43.4;22.1
54;2021-06-10;5271;4397;322460;165568;44.1;22.7
54;2021-06-11;4958;4863;327418;170431;44.8;23.3
54;2021-06-12;4160;3212;331578;173643;45.4;23.8
54;2021-06-13;56;211;331634;173854;45.4;23.8
54;2021-06-14;2300;3575;333934;177429;45.7;24.3
54;2021-06-15;2791;4713;336725;182142;46.1;24.9
54;2021-06-16;3445;5615;340170;187757;46.6;25.7
54;2021-06-17;3114;5208;343284;192965;47.0;26.4
54;2021-06-18;4095;6224;347379;199189;47.6;27.3
54;2021-06-19;2605;3125;349984;202314;47.9;27.7
54;2021-06-20;121;338;350105;202652;47.9;27.7
54;2021-06-21;2513;4746;352618;207398;48.3;28.4
54;2021-06-22;2009;6223;354627;213621;48.6;29.2
54;2021-06-23;2173;5591;356800;219212;48.9;30.0
54;2021-06-24;2062;3459;358862;222671;49.1;30.5
54;2021-06-25;2181;7044;361043;229715;49.4;31.5
54;2021-06-26;2361;5653;363404;235368;49.8;32.2
54;2021-06-27;130;606;363534;235974;49.8;32.3
54;2021-06-28;1935;4329;365469;240303;50.0;32.9
54;2021-06-29;1924;5214;367393;245517;50.3;33.6
54;2021-06-30;1959;5124;369352;250641;50.6;34.3
54;2021-07-01;2090;5987;371442;256628;50.9;35.1
54;2021-07-02;2754;7542;374196;264170;51.2;36.2
54;2021-07-03;2709;4035;376905;268205;51.6;36.7
54;2021-07-04;194;498;377099;268703;51.6;36.8
54;2021-07-05;1659;4240;378758;272943;51.9;37.4
54;2021-07-06;2011;5025;380769;277968;52.1;38.1
54;2021-07-07;1714;4830;382483;282798;52.4;38.7
54;2021-07-08;1661;4105;384144;286903;52.6;39.3
54;2021-07-09;3138;5985;387282;292888;53.0;40.1
54;2021-07-10;2508;4312;389790;297200;53.4;40.7
54;2021-07-11;10;104;389800;297304;53.4;40.7
54;2021-07-12;2060;4627;391860;301931;53.7;41.3
54;2021-07-13;2581;4926;394441;306857;54.0;42.0
54;2021-07-14;1438;1487;395879;308344;54.2;42.2
54;2021-07-15;3158;4813;399037;313157;54.6;42.9
54;2021-07-16;4411;6159;403448;319316;55.2;43.7
54;2021-07-17;3918;4731;407366;324047;55.8;44.4
54;2021-07-18;1801;1641;409167;325688;56.0;44.6
54;2021-07-19;2537;3997;411704;329685;56.4;45.1
54;2021-07-20;2811;4777;414515;334462;56.8;45.8
54;2021-07-21;2633;6255;417148;340717;57.1;46.6
55;2020-12-27;0;0;0;0;0.0;0.0
55;2020-12-28;0;0;0;0;0.0;0.0
55;2020-12-29;0;0;0;0;0.0;0.0
55;2020-12-30;0;0;0;0;0.0;0.0
55;2020-12-31;0;0;0;0;0.0;0.0
55;2021-01-01;0;0;0;0;0.0;0.0
55;2021-01-02;0;0;0;0;0.0;0.0
55;2021-01-03;0;0;0;0;0.0;0.0
55;2021-01-04;1;0;1;0;0.0;0.0
55;2021-01-05;0;0;1;0;0.0;0.0
55;2021-01-06;0;0;1;0;0.0;0.0
55;2021-01-07;122;0;123;0;0.1;0.0
55;2021-01-08;127;0;250;0;0.1;0.0
55;2021-01-09;52;0;302;0;0.2;0.0
55;2021-01-10;0;0;302;0;0.2;0.0
55;2021-01-11;127;1;429;1;0.2;0.0
55;2021-01-12;119;0;548;1;0.3;0.0
55;2021-01-13;134;0;682;1;0.4;0.0
55;2021-01-14;641;5;1323;6;0.7;0.0
55;2021-01-15;237;0;1560;6;0.9;0.0
55;2021-01-16;61;0;1621;6;0.9;0.0
55;2021-01-17;1;0;1622;6;0.9;0.0
55;2021-01-18;413;0;2035;6;1.1;0.0
55;2021-01-19;351;2;2386;8;1.3;0.0
55;2021-01-20;451;2;2837;10;1.6;0.0
55;2021-01-21;430;0;3267;10;1.8;0.0
55;2021-01-22;392;0;3659;10;2.0;0.0
55;2021-01-23;49;0;3708;10;2.0;0.0
55;2021-01-24;0;0;3708;10;2.0;0.0
55;2021-01-25;436;0;4144;10;2.3;0.0
55;2021-01-26;429;0;4573;10;2.5;0.0
55;2021-01-27;424;0;4997;10;2.8;0.0
55;2021-01-28;485;100;5482;110;3.0;0.1
55;2021-01-29;159;54;5641;164;3.1;0.1
55;2021-01-30;92;28;5733;192;3.2;0.1
55;2021-01-31;0;0;5733;192;3.2;0.1
55;2021-02-01;153;177;5886;369;3.2;0.2
55;2021-02-02;159;148;6045;517;3.3;0.3
55;2021-02-03;53;161;6098;678;3.4;0.4
55;2021-02-04;232;398;6330;1076;3.5;0.6
55;2021-02-05;173;140;6503;1216;3.6;0.7
55;2021-02-06;59;55;6562;1271;3.6;0.7
55;2021-02-07;2;53;6564;1324;3.6;0.7
55;2021-02-08;0;19;6564;1343;3.6;0.7
55;2021-02-09;92;114;6656;1457;3.7;0.8
55;2021-02-10;64;20;6720;1477;3.7;0.8
55;2021-02-11;176;97;6896;1574;3.8;0.9
55;2021-02-12;95;26;6991;1600;3.8;0.9
55;2021-02-13;0;0;6991;1600;3.8;0.9
55;2021-02-14;0;0;6991;1600;3.8;0.9
55;2021-02-15;15;418;7006;2018;3.9;1.1
55;2021-02-16;143;396;7149;2414;3.9;1.3
55;2021-02-17;26;495;7175;2909;4.0;1.6
55;2021-02-18;20;344;7195;3253;4.0;1.8
55;2021-02-19;120;291;7315;3544;4.0;2.0
55;2021-02-20;11;0;7326;3544;4.0;2.0
55;2021-02-21;0;0;7326;3544;4.0;2.0
55;2021-02-22;55;458;7381;4002;4.1;2.2
55;2021-02-23;84;444;7465;4446;4.1;2.4
55;2021-02-24;73;416;7538;4862;4.1;2.7
55;2021-02-25;270;683;7808;5545;4.3;3.1
55;2021-02-26;325;234;8133;5779;4.5;3.2
55;2021-02-27;125;85;8258;5864;4.5;3.2
55;2021-02-28;2;8;8260;5872;4.5;3.2
55;2021-03-01;77;138;8337;6010;4.6;3.3
55;2021-03-02;124;173;8461;6183;4.7;3.4
55;2021-03-03;198;3;8659;6186;4.8;3.4
55;2021-03-04;235;42;8894;6228;4.9;3.4
55;2021-03-05;363;45;9257;6273;5.1;3.5
55;2021-03-06;223;5;9480;6278;5.2;3.5
55;2021-03-07;69;0;9549;6278;5.3;3.5
55;2021-03-08;327;43;9876;6321;5.4;3.5
55;2021-03-09;634;48;10510;6369;5.8;3.5
55;2021-03-10;396;24;10906;6393;6.0;3.5
55;2021-03-11;595;136;11501;6529;6.3;3.6
55;2021-03-12;815;85;12316;6614;6.8;3.6
55;2021-03-13;522;10;12838;6624;7.1;3.6
55;2021-03-14;14;0;12852;6624;7.1;3.6
55;2021-03-15;392;19;13244;6643;7.3;3.7
55;2021-03-16;568;105;13812;6748;7.6;3.7
55;2021-03-17;683;17;14495;6765;8.0;3.7
55;2021-03-18;320;21;14815;6786;8.2;3.7
55;2021-03-19;471;59;15286;6845;8.4;3.8
55;2021-03-20;253;14;15539;6859;8.6;3.8
55;2021-03-21;1;1;15540;6860;8.6;3.8
55;2021-03-22;472;18;16012;6878;8.8;3.8
55;2021-03-23;971;59;16983;6937;9.3;3.8
55;2021-03-24;802;36;17785;6973;9.8;3.8
55;2021-03-25;1095;76;18880;7049;10.4;3.9
55;2021-03-26;601;34;19481;7083;10.7;3.9
55;2021-03-27;256;21;19737;7104;10.9;3.9
55;2021-03-28;0;0;19737;7104;10.9;3.9
55;2021-03-29;942;34;20679;7138;11.4;3.9
55;2021-03-30;1423;64;22102;7202;12.2;4.0
55;2021-03-31;1480;61;23582;7263;13.0;4.0
55;2021-04-01;1202;113;24784;7376;13.6;4.1
55;2021-04-02;896;69;25680;7445;14.1;4.1
55;2021-04-03;80;2;25760;7447;14.2;4.1
55;2021-04-04;2;0;25762;7447;14.2;4.1
55;2021-04-05;6;12;25768;7459;14.2;4.1
55;2021-04-06;933;274;26701;7733;14.7;4.3
55;2021-04-07;994;233;27695;7966;15.2;4.4
55;2021-04-08;1647;413;29342;8379;16.2;4.6
55;2021-04-09;1428;261;30770;8640;16.9;4.8
55;2021-04-10;241;174;31011;8814;17.1;4.9
55;2021-04-11;452;20;31463;8834;17.3;4.9
55;2021-04-12;855;322;32318;9156;17.8;5.0
55;2021-04-13;1356;518;33674;9674;18.5;5.3
55;2021-04-14;1371;728;35045;10402;19.3;5.7
55;2021-04-15;1634;453;36679;10855;20.2;6.0
55;2021-04-16;705;377;37384;11232;20.6;6.2
55;2021-04-17;677;28;38061;11260;21.0;6.2
55;2021-04-18;38;18;38099;11278;21.0;6.2
55;2021-04-19;961;343;39060;11621;21.5;6.4
55;2021-04-20;1173;771;40233;12392;22.1;6.8
55;2021-04-21;990;636;41223;13028;22.7;7.2
55;2021-04-22;1072;648;42295;13676;23.3;7.5
55;2021-04-23;1413;571;43708;14247;24.1;7.8
55;2021-04-24;312;123;44020;14370;24.2;7.9
55;2021-04-25;384;47;44404;14417;24.4;7.9
55;2021-04-26;478;816;44882;15233;24.7;8.4
55;2021-04-27;570;993;45452;16226;25.0;8.9
55;2021-04-28;931;815;46383;17041;25.5;9.4
55;2021-04-29;1118;855;47501;17896;26.2;9.9
55;2021-04-30;1279;618;48780;18514;26.9;10.2
55;2021-05-01;153;132;48933;18646;26.9;10.3
55;2021-05-02;2;3;48935;18649;26.9;10.3
55;2021-05-03;1208;628;50143;19277;27.6;10.6
55;2021-05-04;683;1176;50826;20453;28.0;11.3
55;2021-05-05;658;1073;51484;21526;28.3;11.9
55;2021-05-06;1347;1159;52831;22685;29.1;12.5
55;2021-05-07;1432;554;54263;23239;29.9;12.8
55;2021-05-08;155;77;54418;23316;30.0;12.8
55;2021-05-09;61;522;54479;23838;30.0;13.1
55;2021-05-10;861;1026;55340;24864;30.5;13.7
55;2021-05-11;1070;1379;56410;26243;31.1;14.4
55;2021-05-12;1030;1770;57440;28013;31.6;15.4
55;2021-05-13;99;75;57539;28088;31.7;15.5
55;2021-05-14;352;558;57891;28646;31.9;15.8
55;2021-05-15;291;493;58182;29139;32.0;16.0
55;2021-05-16;3;10;58185;29149;32.0;16.0
55;2021-05-17;1028;839;59213;29988;32.6;16.5
55;2021-05-18;1570;892;60783;30880;33.5;17.0
55;2021-05-19;1810;782;62593;31662;34.5;17.4
55;2021-05-20;2215;732;64808;32394;35.7;17.8
55;2021-05-21;2006;797;66814;33191;36.8;18.3
55;2021-05-22;197;167;67011;33358;36.9;18.4
55;2021-05-23;23;120;67034;33478;36.9;18.4
55;2021-05-24;0;0;67034;33478;36.9;18.4
55;2021-05-25;1347;651;68381;34129;37.6;18.8
55;2021-05-26;1671;1016;70052;35145;38.6;19.3
55;2021-05-27;1317;979;71369;36124;39.3;19.9
55;2021-05-28;1521;932;72890;37056;40.1;20.4
55;2021-05-29;1401;697;74291;37753;40.9;20.8
55;2021-05-30;15;206;74306;37959;40.9;20.9
55;2021-05-31;1049;1131;75355;39090;41.5;21.5
55;2021-06-01;913;954;76268;40044;42.0;22.0
55;2021-06-02;1160;985;77428;41029;42.6;22.6
55;2021-06-03;700;542;78128;41571;43.0;22.9
55;2021-06-04;1388;1099;79516;42670;43.8;23.5
55;2021-06-05;1363;276;80879;42946;44.5;23.6
55;2021-06-06;0;2;80879;42948;44.5;23.6
55;2021-06-07;790;714;81669;43662;45.0;24.0
55;2021-06-08;697;1073;82366;44735;45.3;24.6
55;2021-06-09;850;871;83216;45606;45.8;25.1
55;2021-06-10;375;275;83591;45881;46.0;25.3
55;2021-06-11;524;1287;84115;47168;46.3;26.0
55;2021-06-12;758;520;84873;47688;46.7;26.3
55;2021-06-13;262;33;85135;47721;46.9;26.3
55;2021-06-14;367;1364;85502;49085;47.1;27.0
55;2021-06-15;569;1213;86071;50298;47.4;27.7
55;2021-06-16;728;829;86799;51127;47.8;28.1
55;2021-06-17;424;858;87223;51985;48.0;28.6
55;2021-06-18;656;1475;87879;53460;48.4;29.4
55;2021-06-19;587;457;88466;53917;48.7;29.7
55;2021-06-20;0;0;88466;53917;48.7;29.7
55;2021-06-21;434;1023;88900;54940;48.9;30.2
55;2021-06-22;335;1014;89235;55954;49.1;30.8
55;2021-06-23;615;1210;89850;57164;49.5;31.5
55;2021-06-24;163;433;90013;57597;49.6;31.7
55;2021-06-25;639;1222;90652;58819;49.9;32.4
55;2021-06-26;417;340;91069;59159;50.1;32.6
55;2021-06-27;1;2;91070;59161;50.1;32.6
55;2021-06-28;145;1389;91215;60550;50.2;33.3
55;2021-06-29;199;1289;91414;61839;50.3;34.0
55;2021-06-30;269;1941;91683;63780;50.5;35.1
55;2021-07-01;370;1983;92053;65763;50.7;36.2
55;2021-07-02;386;1722;92439;67485;50.9;37.2
55;2021-07-03;108;261;92547;67746;51.0;37.3
55;2021-07-04;12;19;92559;67765;51.0;37.3
55;2021-07-05;221;1511;92780;69276;51.1;38.1
55;2021-07-06;315;891;93095;70167;51.3;38.6
55;2021-07-07;386;1802;93481;71969;51.5;39.6
55;2021-07-08;523;1586;94004;73555;51.8;40.5
55;2021-07-09;442;1477;94446;75032;52.0;41.3
55;2021-07-10;348;1108;94794;76140;52.2;41.9
55;2021-07-11;0;9;94794;76149;52.2;41.9
55;2021-07-12;601;1167;95395;77316;52.5;42.6
55;2021-07-13;597;1488;95992;78804;52.8;43.4
55;2021-07-14;0;13;95992;78817;52.8;43.4
55;2021-07-15;771;1643;96763;80460;53.3;44.3
55;2021-07-16;1237;1797;98000;82257;54.0;45.3
55;2021-07-17;1270;811;99270;83068;54.7;45.7
55;2021-07-18;1;2;99271;83070;54.7;45.7
55;2021-07-19;594;782;99865;83852;55.0;46.2
55;2021-07-20;986;1024;100851;84876;55.5;46.7
55;2021-07-21;1454;1358;102305;86234;56.3;47.5
56;2020-12-27;0;0;0;0;0.0;0.0
56;2020-12-28;1;0;1;0;0.0;0.0
56;2020-12-29;0;0;1;0;0.0;0.0
56;2020-12-30;0;0;1;0;0.0;0.0
56;2020-12-31;0;0;1;0;0.0;0.0
56;2021-01-01;0;0;1;0;0.0;0.0
56;2021-01-02;1;0;2;0;0.0;0.0
56;2021-01-03;0;0;2;0;0.0;0.0
56;2021-01-04;1;0;3;0;0.0;0.0
56;2021-01-05;1;0;4;0;0.0;0.0
56;2021-01-06;1;0;5;0;0.0;0.0
56;2021-01-07;198;0;203;0;0.0;0.0
56;2021-01-08;119;0;322;0;0.0;0.0
56;2021-01-09;1;0;323;0;0.0;0.0
56;2021-01-10;1;0;324;0;0.0;0.0
56;2021-01-11;242;0;566;0;0.1;0.0
56;2021-01-12;752;0;1318;0;0.2;0.0
56;2021-01-13;637;1;1955;1;0.3;0.0
56;2021-01-14;967;2;2922;3;0.4;0.0
56;2021-01-15;837;5;3759;8;0.5;0.0
56;2021-01-16;233;3;3992;11;0.5;0.0
56;2021-01-17;26;0;4018;11;0.5;0.0
56;2021-01-18;999;1;5017;12;0.7;0.0
56;2021-01-19;849;1;5866;13;0.8;0.0
56;2021-01-20;883;1;6749;14;0.9;0.0
56;2021-01-21;1458;2;8207;16;1.1;0.0
56;2021-01-22;1169;1;9376;17;1.2;0.0
56;2021-01-23;319;2;9695;19;1.3;0.0
56;2021-01-24;6;0;9701;19;1.3;0.0
56;2021-01-25;824;0;10525;19;1.4;0.0
56;2021-01-26;1030;4;11555;23;1.5;0.0
56;2021-01-27;1082;61;12637;84;1.7;0.0
56;2021-01-28;972;125;13609;209;1.8;0.0
56;2021-01-29;864;106;14473;315;1.9;0.0
56;2021-01-30;138;19;14611;334;1.9;0.0
56;2021-01-31;0;0;14611;334;1.9;0.0
56;2021-02-01;477;158;15088;492;2.0;0.1
56;2021-02-02;941;257;16029;749;2.1;0.1
56;2021-02-03;1020;270;17049;1019;2.3;0.1
56;2021-02-04;4687;334;21736;1353;2.9;0.2
56;2021-02-05;3578;421;25314;1774;3.4;0.2
56;2021-02-06;547;169;25861;1943;3.4;0.3
56;2021-02-07;135;26;25996;1969;3.4;0.3
56;2021-02-08;296;288;26292;2257;3.5;0.3
56;2021-02-09;793;510;27085;2767;3.6;0.4
56;2021-02-10;862;700;27947;3467;3.7;0.5
56;2021-02-11;972;1076;28919;4543;3.8;0.6
56;2021-02-12;1149;644;30068;5187;4.0;0.7
56;2021-02-13;220;104;30288;5291;4.0;0.7
56;2021-02-14;6;46;30294;5337;4.0;0.7
56;2021-02-15;620;1089;30914;6426;4.1;0.9
56;2021-02-16;1219;738;32133;7164;4.3;0.9
56;2021-02-17;1190;959;33323;8123;4.4;1.1
56;2021-02-18;1350;883;34673;9006;4.6;1.2
56;2021-02-19;1318;915;35991;9921;4.8;1.3
56;2021-02-20;365;262;36356;10183;4.8;1.3
56;2021-02-21;0;0;36356;10183;4.8;1.3
56;2021-02-22;372;700;36728;10883;4.9;1.4
56;2021-02-23;737;965;37465;11848;5.0;1.6
56;2021-02-24;913;1180;38378;13028;5.1;1.7
56;2021-02-25;2026;4242;40404;17270;5.3;2.3
56;2021-02-26;2349;2257;42753;19527;5.7;2.6
56;2021-02-27;736;446;43489;19973;5.8;2.6
56;2021-02-28;14;114;43503;20087;5.8;2.7
56;2021-03-01;645;559;44148;20646;5.8;2.7
56;2021-03-02;976;789;45124;21435;6.0;2.8
56;2021-03-03;1147;911;46271;22346;6.1;3.0
56;2021-03-04;1961;1036;48232;23382;6.4;3.1
56;2021-03-05;2575;1427;50807;24809;6.7;3.3
56;2021-03-06;1203;213;52010;25022;6.9;3.3
56;2021-03-07;282;24;52292;25046;6.9;3.3
56;2021-03-08;1137;390;53429;25436;7.1;3.4
56;2021-03-09;2027;628;55456;26064;7.3;3.4
56;2021-03-10;1998;937;57454;27001;7.6;3.6
56;2021-03-11;3248;726;60702;27727;8.0;3.7
56;2021-03-12;4206;816;64908;28543;8.6;3.8
56;2021-03-13;1878;145;66786;28688;8.8;3.8
56;2021-03-14;190;2;66976;28690;8.9;3.8
56;2021-03-15;1280;533;68256;29223;9.0;3.9
56;2021-03-16;1087;1035;69343;30258;9.2;4.0
56;2021-03-17;1354;778;70697;31036;9.4;4.1
56;2021-03-18;1993;1874;72690;32910;9.6;4.4
56;2021-03-19;2936;1401;75626;34311;10.0;4.5
56;2021-03-20;1485;205;77111;34516;10.2;4.6
56;2021-03-21;205;20;77316;34536;10.2;4.6
56;2021-03-22;1608;398;78924;34934;10.4;4.6
56;2021-03-23;2802;686;81726;35620;10.8;4.7
56;2021-03-24;3442;523;85168;36143;11.3;4.8
56;2021-03-25;4223;709;89391;36852;11.8;4.9
56;2021-03-26;5083;769;94474;37621;12.5;5.0
56;2021-03-27;1496;292;95970;37913;12.7;5.0
56;2021-03-28;263;10;96233;37923;12.7;5.0
56;2021-03-29;2222;502;98455;38425;13.0;5.1
56;2021-03-30;3516;782;101971;39207;13.5;5.2
56;2021-03-31;3111;706;105082;39913;13.9;5.3
56;2021-04-01;4057;814;109139;40727;14.4;5.4
56;2021-04-02;3906;929;113045;41656;15.0;5.5
56;2021-04-03;1186;269;114231;41925;15.1;5.5
56;2021-04-04;230;3;114461;41928;15.1;5.5
56;2021-04-05;244;8;114705;41936;15.2;5.6
56;2021-04-06;2810;1231;117515;43167;15.6;5.7
56;2021-04-07;4015;1173;121530;44340;16.1;5.9
56;2021-04-08;5283;1157;126813;45497;16.8;6.0
56;2021-04-09;7367;1275;134180;46772;17.8;6.2
56;2021-04-10;2578;419;136758;47191;18.1;6.2
56;2021-04-11;190;102;136948;47293;18.1;6.3
56;2021-04-12;3932;832;140880;48125;18.6;6.4
56;2021-04-13;5959;1248;146839;49373;19.4;6.5
56;2021-04-14;5160;1416;151999;50789;20.1;6.7
56;2021-04-15;7128;1750;159127;52539;21.1;7.0
56;2021-04-16;7833;1990;166960;54529;22.1;7.2
56;2021-04-17;3127;634;170087;55163;22.5;7.3
56;2021-04-18;528;106;170615;55269;22.6;7.3
56;2021-04-19;3714;1260;174329;56529;23.1;7.5
56;2021-04-20;4092;1971;178421;58500;23.6;7.7
56;2021-04-21;4053;2320;182474;60820;24.2;8.0
56;2021-04-22;5165;1916;187639;62736;24.8;8.3
56;2021-04-23;5148;2393;192787;65129;25.5;8.6
56;2021-04-24;2897;641;195684;65770;25.9;8.7
56;2021-04-25;463;148;196147;65918;26.0;8.7
56;2021-04-26;4701;1657;200848;67575;26.6;8.9
56;2021-04-27;5084;2545;205932;70120;27.3;9.3
56;2021-04-28;4964;2240;210896;72360;27.9;9.6
56;2021-04-29;5825;2925;216721;75285;28.7;10.0
56;2021-04-30;6236;2799;222957;78084;29.5;10.3
56;2021-05-01;2483;359;225440;78443;29.8;10.4
56;2021-05-02;306;254;225746;78697;29.9;10.4
56;2021-05-03;3862;2062;229608;80759;30.4;10.7
56;2021-05-04;4382;3899;233990;84658;31.0;11.2
56;2021-05-05;3522;3866;237512;88524;31.4;11.7
56;2021-05-06;4378;5421;241890;93945;32.0;12.4
56;2021-05-07;4265;5008;246155;98953;32.6;13.1
56;2021-05-08;1639;312;247794;99265;32.8;13.1
56;2021-05-09;494;221;248288;99486;32.9;13.2
56;2021-05-10;3746;3806;252034;103292;33.4;13.7
56;2021-05-11;4158;5043;256192;108335;33.9;14.3
56;2021-05-12;4339;4772;260531;113107;34.5;15.0
56;2021-05-13;2394;1005;262925;114112;34.8;15.1
56;2021-05-14;4219;4354;267144;118466;35.4;15.7
56;2021-05-15;2481;1892;269625;120358;35.7;15.9
56;2021-05-16;234;488;269859;120846;35.7;16.0
56;2021-05-17;2509;3662;272368;124508;36.0;16.5
56;2021-05-18;3513;4074;275881;128582;36.5;17.0
56;2021-05-19;3527;3388;279408;131970;37.0;17.5
56;2021-05-20;3795;4803;283203;136773;37.5;18.1
56;2021-05-21;3740;5221;286943;141994;38.0;18.8
56;2021-05-22;1697;2209;288640;144203;38.2;19.1
56;2021-05-23;284;197;288924;144400;38.2;19.1
56;2021-05-24;2056;499;290980;144899;38.5;19.2
56;2021-05-25;3131;4462;294111;149361;38.9;19.8
56;2021-05-26;3727;3899;297838;153260;39.4;20.3
56;2021-05-27;4358;4869;302196;158129;40.0;20.9
56;2021-05-28;4631;5958;306827;164087;40.6;21.7
56;2021-05-29;1885;1635;308712;165722;40.9;21.9
56;2021-05-30;317;66;309029;165788;40.9;21.9
56;2021-05-31;4501;3216;313530;169004;41.5;22.4
56;2021-06-01;5662;3385;319192;172389;42.2;22.8
56;2021-06-02;5636;2949;324828;175338;43.0;23.2
56;2021-06-03;6183;3304;331011;178642;43.8;23.6
56;2021-06-04;5803;4412;336814;183054;44.6;24.2
56;2021-06-05;4343;2385;341157;185439;45.2;24.5
56;2021-06-06;495;615;341652;186054;45.2;24.6
56;2021-06-07;5103;3171;346755;189225;45.9;25.0
56;2021-06-08;6054;3374;352809;192599;46.7;25.5
56;2021-06-09;6432;2811;359241;195410;47.5;25.9
56;2021-06-10;7439;2865;366680;198275;48.5;26.2
56;2021-06-11;6747;3868;373427;202143;49.4;26.8
56;2021-06-12;5086;2067;378513;204210;50.1;27.0
56;2021-06-13;1965;437;380478;204647;50.4;27.1
56;2021-06-14;3305;4589;383783;209236;50.8;27.7
56;2021-06-15;4190;4895;387973;214131;51.3;28.3
56;2021-06-16;4471;4500;392444;218631;51.9;28.9
56;2021-06-17;4243;4749;396687;223380;52.5;29.6
56;2021-06-18;4503;5968;401190;229348;53.1;30.4
56;2021-06-19;3826;2141;405016;231489;53.6;30.6
56;2021-06-20;1492;337;406508;231826;53.8;30.7
56;2021-06-21;3290;4469;409798;236295;54.2;31.3
56;2021-06-22;3459;5442;413257;241737;54.7;32.0
56;2021-06-23;3732;5064;416989;246801;55.2;32.7
56;2021-06-24;3455;5327;420444;252128;55.6;33.4
56;2021-06-25;3857;6275;424301;258403;56.2;34.2
56;2021-06-26;3175;2915;427476;261318;56.6;34.6
56;2021-06-27;299;163;427775;261481;56.6;34.6
56;2021-06-28;1555;3982;429330;265463;56.8;35.1
56;2021-06-29;2370;5742;431700;271205;57.1;35.9
56;2021-06-30;2466;5568;434166;276773;57.5;36.6
56;2021-07-01;2692;4956;436858;281729;57.8;37.3
56;2021-07-02;2632;6214;439490;287943;58.2;38.1
56;2021-07-03;2182;2684;441672;290627;58.5;38.5
56;2021-07-04;769;809;442441;291436;58.6;38.6
56;2021-07-05;1849;5452;444290;296888;58.8;39.3
56;2021-07-06;2164;5948;446454;302836;59.1;40.1
56;2021-07-07;2826;5644;449280;308480;59.5;40.8
56;2021-07-08;3053;6041;452333;314521;59.9;41.6
56;2021-07-09;2209;7106;454542;321627;60.2;42.6
56;2021-07-10;1123;3002;455665;324629;60.3;43.0
56;2021-07-11;254;343;455919;324972;60.3;43.0
56;2021-07-12;2163;6603;458082;331575;60.6;43.9
56;2021-07-13;3224;7471;461306;339046;61.1;44.9
56;2021-07-14;1767;2578;463073;341624;61.3;45.2
56;2021-07-15;3799;7062;466872;348686;61.8;46.1
56;2021-07-16;4046;8085;470918;356771;62.3;47.2
56;2021-07-17;2289;3516;473207;360287;62.6;47.7
56;2021-07-18;253;477;473460;360764;62.7;47.7
56;2021-07-19;2844;6349;476304;367113;63.0;48.6
56;2021-07-20;3679;7910;479983;375023;63.5;49.6
56;2021-07-21;3031;7513;483014;382536;63.9;50.6
57;2020-12-27;0;0;0;0;0.0;0.0
57;2020-12-28;0;0;0;0;0.0;0.0
57;2020-12-29;1;0;1;0;0.0;0.0
57;2020-12-30;1;0;2;0;0.0;0.0
57;2020-12-31;0;0;2;0;0.0;0.0
57;2021-01-01;0;0;2;0;0.0;0.0
57;2021-01-02;2;0;4;0;0.0;0.0
57;2021-01-03;0;0;4;0;0.0;0.0
57;2021-01-04;15;0;19;0;0.0;0.0
57;2021-01-05;198;0;217;0;0.0;0.0
57;2021-01-06;225;1;442;1;0.0;0.0
57;2021-01-07;583;1;1025;2;0.1;0.0
57;2021-01-08;508;2;1533;4;0.1;0.0
57;2021-01-09;196;0;1729;4;0.2;0.0
57;2021-01-10;106;0;1835;4;0.2;0.0
57;2021-01-11;469;1;2304;5;0.2;0.0
57;2021-01-12;613;4;2917;9;0.3;0.0
57;2021-01-13;695;3;3612;12;0.3;0.0
57;2021-01-14;706;6;4318;18;0.4;0.0
57;2021-01-15;632;2;4950;20;0.5;0.0
57;2021-01-16;450;1;5400;21;0.5;0.0
57;2021-01-17;491;1;5891;22;0.6;0.0
57;2021-01-18;2702;15;8593;37;0.8;0.0
57;2021-01-19;2557;8;11150;45;1.1;0.0
57;2021-01-20;2758;11;13908;56;1.3;0.0
57;2021-01-21;1768;6;15676;62;1.5;0.0
57;2021-01-22;1317;6;16993;68;1.6;0.0
57;2021-01-23;543;15;17536;83;1.7;0.0
57;2021-01-24;0;0;17536;83;1.7;0.0
57;2021-01-25;869;183;18405;266;1.8;0.0
57;2021-01-26;1109;216;19514;482;1.9;0.0
57;2021-01-27;1063;183;20577;665;2.0;0.1
57;2021-01-28;1040;298;21617;963;2.1;0.1
57;2021-01-29;982;397;22599;1360;2.2;0.1
57;2021-01-30;440;95;23039;1455;2.2;0.1
57;2021-01-31;10;27;23049;1482;2.2;0.1
57;2021-02-01;824;354;23873;1836;2.3;0.2
57;2021-02-02;989;366;24862;2202;2.4;0.2
57;2021-02-03;986;320;25848;2522;2.5;0.2
57;2021-02-04;1138;808;26986;3330;2.6;0.3
57;2021-02-05;928;357;27914;3687;2.7;0.4
57;2021-02-06;480;351;28394;4038;2.7;0.4
57;2021-02-07;103;334;28497;4372;2.8;0.4
57;2021-02-08;1253;1558;29750;5930;2.9;0.6
57;2021-02-09;1763;1671;31513;7601;3.0;0.7
57;2021-02-10;1707;2065;33220;9666;3.2;0.9
57;2021-02-11;1481;1331;34701;10997;3.3;1.1
57;2021-02-12;1225;674;35926;11671;3.5;1.1
57;2021-02-13;1151;176;37077;11847;3.6;1.1
57;2021-02-14;1210;24;38287;11871;3.7;1.1
57;2021-02-15;765;863;39052;12734;3.8;1.2
57;2021-02-16;1071;798;40123;13532;3.9;1.3
57;2021-02-17;1006;961;41129;14493;4.0;1.4
57;2021-02-18;972;1158;42101;15651;4.1;1.5
57;2021-02-19;952;936;43053;16587;4.2;1.6
57;2021-02-20;1174;613;44227;17200;4.3;1.7
57;2021-02-21;322;11;44549;17211;4.3;1.7
57;2021-02-22;1229;910;45778;18121;4.4;1.7
57;2021-02-23;2235;1086;48013;19207;4.6;1.9
57;2021-02-24;2266;994;50279;20201;4.9;2.0
57;2021-02-25;3291;1109;53570;21310;5.2;2.1
57;2021-02-26;3573;956;57143;22266;5.5;2.1
57;2021-02-27;3687;526;60830;22792;5.9;2.2
57;2021-02-28;1895;53;62725;22845;6.1;2.2
57;2021-03-01;2047;1332;64772;24177;6.3;2.3
57;2021-03-02;2844;1614;67616;25791;6.5;2.5
57;2021-03-03;2800;1594;70416;27385;6.8;2.6
57;2021-03-04;3264;1290;73680;28675;7.1;2.8
57;2021-03-05;4443;1220;78123;29895;7.5;2.9
57;2021-03-06;7224;759;85347;30654;8.2;3.0
57;2021-03-07;6069;263;91416;30917;8.8;3.0
57;2021-03-08;2297;995;93713;31912;9.0;3.1
57;2021-03-09;3380;1292;97093;33204;9.4;3.2
57;2021-03-10;3570;946;100663;34150;9.7;3.3
57;2021-03-11;4027;1223;104690;35373;10.1;3.4
57;2021-03-12;5100;1185;109790;36558;10.6;3.5
57;2021-03-13;6279;953;116069;37511;11.2;3.6
57;2021-03-14;2420;406;118489;37917;11.4;3.7
57;2021-03-15;2957;866;121446;38783;11.7;3.7
57;2021-03-16;3060;1257;124506;40040;12.0;3.9
57;2021-03-17;3047;1129;127553;41169;12.3;4.0
57;2021-03-18;3399;1066;130952;42235;12.6;4.1
57;2021-03-19;4600;1010;135552;43245;13.1;4.2
57;2021-03-20;4692;1010;140244;44255;13.5;4.3
57;2021-03-21;1891;251;142135;44506;13.7;4.3
57;2021-03-22;2477;1464;144612;45970;14.0;4.4
57;2021-03-23;3429;2324;148041;48294;14.3;4.7
57;2021-03-24;3886;2135;151927;50429;14.7;4.9
57;2021-03-25;4734;2571;156661;53000;15.1;5.1
57;2021-03-26;4832;2238;161493;55238;15.6;5.3
57;2021-03-27;3706;3143;165199;58381;15.9;5.6
57;2021-03-28;1398;1845;166597;60226;16.1;5.8
57;2021-03-29;1935;2170;168532;62396;16.3;6.0
57;2021-03-30;3295;2480;171827;64876;16.6;6.3
57;2021-03-31;2816;2300;174643;67176;16.9;6.5
57;2021-04-01;3216;3163;177859;70339;17.2;6.8
57;2021-04-02;2389;2568;180248;72907;17.4;7.0
57;2021-04-03;2568;2658;182816;75565;17.6;7.3
57;2021-04-04;590;974;183406;76539;17.7;7.4
57;2021-04-05;1919;662;185325;77201;17.9;7.5
57;2021-04-06;2447;2827;187772;80028;18.1;7.7
57;2021-04-07;3806;3042;191578;83070;18.5;8.0
57;2021-04-08;5594;2854;197172;85924;19.0;8.3
57;2021-04-09;4999;2703;202171;88627;19.5;8.6
57;2021-04-10;2350;3625;204521;92252;19.7;8.9
57;2021-04-11;1097;1883;205618;94135;19.8;9.1
57;2021-04-12;1782;2752;207400;96887;20.0;9.4
57;2021-04-13;1972;3020;209372;99907;20.2;9.6
57;2021-04-14;1917;2984;211289;102891;20.4;9.9
57;2021-04-15;2358;3425;213647;106316;20.6;10.3
57;2021-04-16;2701;3283;216348;109599;20.9;10.6
57;2021-04-17;2470;3182;218818;112781;21.1;10.9
57;2021-04-18;1244;1772;220062;114553;21.2;11.1
57;2021-04-19;2134;2257;222196;116810;21.5;11.3
57;2021-04-20;2510;2778;224706;119588;21.7;11.5
57;2021-04-21;2562;2370;227268;121958;21.9;11.8
57;2021-04-22;3202;2247;230470;124205;22.2;12.0
57;2021-04-23;4050;2565;234520;126770;22.6;12.2
57;2021-04-24;3391;2549;237911;129319;23.0;12.5
57;2021-04-25;754;1125;238665;130444;23.0;12.6
57;2021-04-26;2967;1988;241632;132432;23.3;12.8
57;2021-04-27;3894;2366;245526;134798;23.7;13.0
57;2021-04-28;4206;2582;249732;137380;24.1;13.3
57;2021-04-29;5245;3425;254977;140805;24.6;13.6
57;2021-04-30;4721;3539;259698;144344;25.1;13.9
57;2021-05-01;2350;1683;262048;146027;25.3;14.1
57;2021-05-02;789;911;262837;146938;25.4;14.2
57;2021-05-03;3560;2987;266397;149925;25.7;14.5
57;2021-05-04;4867;3164;271264;153089;26.2;14.8
57;2021-05-05;6116;3163;277380;156252;26.8;15.1
57;2021-05-06;5979;3284;283359;159536;27.4;15.4
57;2021-05-07;6851;3439;290210;162975;28.0;15.7
57;2021-05-08;4049;1604;294259;164579;28.4;15.9
57;2021-05-09;2046;1108;296305;165687;28.6;16.0
57;2021-05-10;5124;3064;301429;168751;29.1;16.3
57;2021-05-11;7440;2849;308869;171600;29.8;16.6
57;2021-05-12;7829;3240;316698;174840;30.6;16.9
57;2021-05-13;4508;911;321206;175751;31.0;17.0
57;2021-05-14;7832;2634;329038;178385;31.8;17.2
57;2021-05-15;5956;2040;334994;180425;32.3;17.4
57;2021-05-16;3308;579;338302;181004;32.7;17.5
57;2021-05-17;3856;2066;342158;183070;33.0;17.7
57;2021-05-18;6287;2095;348445;185165;33.6;17.9
57;2021-05-19;7015;2322;355460;187487;34.3;18.1
57;2021-05-20;6045;2176;361505;189663;34.9;18.3
57;2021-05-21;7557;2907;369062;192570;35.6;18.6
57;2021-05-22;4890;2154;373952;194724;36.1;18.8
57;2021-05-23;1964;430;375916;195154;36.3;18.8
57;2021-05-24;3027;1068;378943;196222;36.6;18.9
57;2021-05-25;5574;2798;384517;199020;37.1;19.2
57;2021-05-26;6367;3171;390884;202191;37.7;19.5
57;2021-05-27;5783;3121;396667;205312;38.3;19.8
57;2021-05-28;7025;4744;403692;210056;39.0;20.3
57;2021-05-29;5222;4250;408914;214306;39.5;20.7
57;2021-05-30;1969;1743;410883;216049;39.7;20.9
57;2021-05-31;4313;3337;415196;219386;40.1;21.2
57;2021-06-01;5924;3704;421120;223090;40.7;21.5
57;2021-06-02;6330;3897;427450;226987;41.3;21.9
57;2021-06-03;6207;3693;433657;230680;41.9;22.3
57;2021-06-04;7557;4977;441214;235657;42.6;22.7
57;2021-06-05;4763;4025;445977;239682;43.1;23.1
57;2021-06-06;1991;887;447968;240569;43.2;23.2
57;2021-06-07;4312;4032;452280;244601;43.7;23.6
57;2021-06-08;6689;4302;458969;248903;44.3;24.0
57;2021-06-09;6861;4153;465830;253056;45.0;24.4
57;2021-06-10;6180;4575;472010;257631;45.6;24.9
57;2021-06-11;5334;5345;477344;262976;46.1;25.4
57;2021-06-12;5709;4445;483053;267421;46.6;25.8
57;2021-06-13;1480;1133;484533;268554;46.8;25.9
57;2021-06-14;3350;4707;487883;273261;47.1;26.4
57;2021-06-15;3785;6010;491668;279271;47.5;27.0
57;2021-06-16;4367;6593;496035;285864;47.9;27.6
57;2021-06-17;4175;6073;500210;291937;48.3;28.2
57;2021-06-18;4255;7296;504465;299233;48.7;28.9
57;2021-06-19;4114;6276;508579;305509;49.1;29.5
57;2021-06-20;957;1668;509536;307177;49.2;29.7
57;2021-06-21;2052;5979;511588;313156;49.4;30.2
57;2021-06-22;2624;7998;514212;321154;49.6;31.0
57;2021-06-23;3048;8387;517260;329541;49.9;31.8
57;2021-06-24;2433;5295;519693;334836;50.2;32.3
57;2021-06-25;2831;7830;522524;342666;50.4;33.1
57;2021-06-26;2839;7277;525363;349943;50.7;33.8
57;2021-06-27;743;2981;526106;352924;50.8;34.1
57;2021-06-28;1581;5081;527687;358005;50.9;34.6
57;2021-06-29;2057;6828;529744;364833;51.1;35.2
57;2021-06-30;3020;7313;532764;372146;51.4;35.9
57;2021-07-01;2633;5947;535397;378093;51.7;36.5
57;2021-07-02;2622;8075;538019;386168;51.9;37.3
57;2021-07-03;3198;6525;541217;392693;52.2;37.9
57;2021-07-04;931;2462;542148;395155;52.3;38.1
57;2021-07-05;1657;4603;543805;399758;52.5;38.6
57;2021-07-06;2384;6471;546189;406229;52.7;39.2
57;2021-07-07;2698;7078;548887;413307;53.0;39.9
57;2021-07-08;2452;5864;551339;419171;53.2;40.5
57;2021-07-09;3400;8397;554739;427568;53.6;41.3
57;2021-07-10;3074;6921;557813;434489;53.8;41.9
57;2021-07-11;841;2226;558654;436715;53.9;42.2
57;2021-07-12;2380;6399;561034;443114;54.2;42.8
57;2021-07-13;4370;7481;565404;450595;54.6;43.5
57;2021-07-14;2812;3846;568216;454441;54.9;43.9
57;2021-07-15;3915;7751;572131;462192;55.2;44.6
57;2021-07-16;5598;9795;577729;471987;55.8;45.6
57;2021-07-17;5784;7249;583513;479236;56.3;46.3
57;2021-07-18;1477;2645;584990;481881;56.5;46.5
57;2021-07-19;2349;6191;587339;488072;56.7;47.1
57;2021-07-20;4290;6875;591629;494947;57.1;47.8
57;2021-07-21;5221;6817;596850;501764;57.6;48.4
58;2020-12-27;0;0;0;0;0.0;0.0
58;2020-12-28;0;0;0;0;0.0;0.0
58;2020-12-29;0;0;0;0;0.0;0.0
58;2020-12-30;0;0;0;0;0.0;0.0
58;2020-12-31;0;0;0;0;0.0;0.0
58;2021-01-01;0;0;0;0;0.0;0.0
58;2021-01-02;0;0;0;0;0.0;0.0
58;2021-01-03;1;0;1;0;0.0;0.0
58;2021-01-04;0;0;1;0;0.0;0.0
58;2021-01-05;0;0;1;0;0.0;0.0
58;2021-01-06;145;0;146;0;0.1;0.0
58;2021-01-07;241;0;387;0;0.2;0.0
58;2021-01-08;63;0;450;0;0.2;0.0
58;2021-01-09;1;0;451;0;0.2;0.0
58;2021-01-10;0;0;451;0;0.2;0.0
58;2021-01-11;54;0;505;0;0.3;0.0
58;2021-01-12;255;0;760;0;0.4;0.0
58;2021-01-13;393;0;1153;0;0.6;0.0
58;2021-01-14;291;1;1444;1;0.7;0.0
58;2021-01-15;141;0;1585;1;0.8;0.0
58;2021-01-16;10;1;1595;2;0.8;0.0
58;2021-01-17;0;0;1595;2;0.8;0.0
58;2021-01-18;413;1;2008;3;1.0;0.0
58;2021-01-19;985;2;2993;5;1.5;0.0
58;2021-01-20;1203;1;4196;6;2.1;0.0
58;2021-01-21;960;4;5156;10;2.6;0.0
58;2021-01-22;769;2;5925;12;3.0;0.0
58;2021-01-23;251;0;6176;12;3.1;0.0
58;2021-01-24;2;0;6178;12;3.1;0.0
58;2021-01-25;438;0;6616;12;3.3;0.0
58;2021-01-26;648;3;7264;15;3.6;0.0
58;2021-01-27;604;43;7868;58;3.9;0.0
58;2021-01-28;755;66;8623;124;4.3;0.1
58;2021-01-29;837;7;9460;131;4.7;0.1
58;2021-01-30;281;0;9741;131;4.9;0.1
58;2021-01-31;10;0;9751;131;4.9;0.1
58;2021-02-01;201;71;9952;202;5.0;0.1
58;2021-02-02;565;85;10517;287;5.3;0.1
58;2021-02-03;278;149;10795;436;5.4;0.2
58;2021-02-04;285;94;11080;530;5.6;0.3
58;2021-02-05;184;94;11264;624;5.6;0.3
58;2021-02-06;89;0;11353;624;5.7;0.3
58;2021-02-07;0;0;11353;624;5.7;0.3
58;2021-02-08;306;74;11659;698;5.8;0.3
58;2021-02-09;503;315;12162;1013;6.1;0.5
58;2021-02-10;349;381;12511;1394;6.3;0.7
58;2021-02-11;287;383;12798;1777;6.4;0.9
58;2021-02-12;242;201;13040;1978;6.5;1.0
58;2021-02-13;83;29;13123;2007;6.6;1.0
58;2021-02-14;0;3;13123;2010;6.6;1.0
58;2021-02-15;114;535;13237;2545;6.6;1.3
58;2021-02-16;208;941;13445;3486;6.7;1.7
58;2021-02-17;217;768;13662;4254;6.8;2.1
58;2021-02-18;187;791;13849;5045;6.9;2.5
58;2021-02-19;241;725;14090;5770;7.1;2.9
58;2021-02-20;62;230;14152;6000;7.1;3.0
58;2021-02-21;0;30;14152;6030;7.1;3.0
58;2021-02-22;76;406;14228;6436;7.1;3.2
58;2021-02-23;48;624;14276;7060;7.2;3.5
58;2021-02-24;39;635;14315;7695;7.2;3.9
58;2021-02-25;252;703;14567;8398;7.3;4.2
58;2021-02-26;245;624;14812;9022;7.4;4.5
58;2021-02-27;104;189;14916;9211;7.5;4.6
58;2021-02-28;11;8;14927;9219;7.5;4.6
58;2021-03-01;145;246;15072;9465;7.6;4.7
58;2021-03-02;415;641;15487;10106;7.8;5.1
58;2021-03-03;512;290;15999;10396;8.0;5.2
58;2021-03-04;722;272;16721;10668;8.4;5.3
58;2021-03-05;865;199;17586;10867;8.8;5.4
58;2021-03-06;574;82;18160;10949;9.1;5.5
58;2021-03-07;63;11;18223;10960;9.1;5.5
58;2021-03-08;151;299;18374;11259;9.2;5.6
58;2021-03-09;540;543;18914;11802;9.5;5.9
58;2021-03-10;836;239;19750;12041;9.9;6.0
58;2021-03-11;856;272;20606;12313;10.3;6.2
58;2021-03-12;860;198;21466;12511;10.8;6.3
58;2021-03-13;506;67;21972;12578;11.0;6.3
58;2021-03-14;34;0;22006;12578;11.0;6.3
58;2021-03-15;528;106;22534;12684;11.3;6.4
58;2021-03-16;726;221;23260;12905;11.7;6.5
58;2021-03-17;756;191;24016;13096;12.0;6.6
58;2021-03-18;581;175;24597;13271;12.3;6.6
58;2021-03-19;527;101;25124;13372;12.6;6.7
58;2021-03-20;322;63;25446;13435;12.7;6.7
58;2021-03-21;15;0;25461;13435;12.8;6.7
58;2021-03-22;793;21;26254;13456;13.2;6.7
58;2021-03-23;1637;38;27891;13494;14.0;6.8
58;2021-03-24;1358;67;29249;13561;14.7;6.8
58;2021-03-25;1818;39;31067;13600;15.6;6.8
58;2021-03-26;1413;49;32480;13649;16.3;6.8
58;2021-03-27;358;6;32838;13655;16.5;6.8
58;2021-03-28;20;0;32858;13655;16.5;6.8
58;2021-03-29;639;151;33497;13806;16.8;6.9
58;2021-03-30;1179;244;34676;14050;17.4;7.0
58;2021-03-31;1116;391;35792;14441;17.9;7.2
58;2021-04-01;1541;396;37333;14837;18.7;7.4
58;2021-04-02;1458;357;38791;15194;19.4;7.6
58;2021-04-03;566;148;39357;15342;19.7;7.7
58;2021-04-04;0;0;39357;15342;19.7;7.7
58;2021-04-05;46;0;39403;15342;19.7;7.7
58;2021-04-06;818;343;40221;15685;20.2;7.9
58;2021-04-07;695;548;40916;16233;20.5;8.1
58;2021-04-08;1492;416;42408;16649;21.2;8.3
58;2021-04-09;1773;481;44181;17130;22.1;8.6
58;2021-04-10;653;201;44834;17331;22.5;8.7
58;2021-04-11;17;3;44851;17334;22.5;8.7
58;2021-04-12;1116;502;45967;17836;23.0;8.9
58;2021-04-13;1436;617;47403;18453;23.7;9.2
58;2021-04-14;1338;668;48741;19121;24.4;9.6
58;2021-04-15;1433;597;50174;19718;25.1;9.9
58;2021-04-16;1733;505;51907;20223;26.0;10.1
58;2021-04-17;721;231;52628;20454;26.4;10.2
58;2021-04-18;20;7;52648;20461;26.4;10.3
58;2021-04-19;533;606;53181;21067;26.6;10.6
58;2021-04-20;487;1119;53668;22186;26.9;11.1
58;2021-04-21;625;970;54293;23156;27.2;11.6
58;2021-04-22;766;1521;55059;24677;27.6;12.4
58;2021-04-23;918;782;55977;25459;28.0;12.8
58;2021-04-24;209;204;56186;25663;28.1;12.9
58;2021-04-25;108;9;56294;25672;28.2;12.9
58;2021-04-26;762;246;57056;25918;28.6;13.0
58;2021-04-27;1497;1106;58553;27024;29.3;13.5
58;2021-04-28;1534;1047;60087;28071;30.1;14.1
58;2021-04-29;1442;1036;61529;29107;30.8;14.6
58;2021-04-30;1257;937;62786;30044;31.5;15.1
58;2021-05-01;6;17;62792;30061;31.5;15.1
58;2021-05-02;4;2;62796;30063;31.5;15.1
58;2021-05-03;1044;397;63840;30460;32.0;15.3
58;2021-05-04;1078;1344;64918;31804;32.5;15.9
58;2021-05-05;952;1091;65870;32895;33.0;16.5
58;2021-05-06;1358;1057;67228;33952;33.7;17.0
58;2021-05-07;1110;1086;68338;35038;34.2;17.6
58;2021-05-08;59;60;68397;35098;34.3;17.6
58;2021-05-09;5;19;68402;35117;34.3;17.6
58;2021-05-10;874;987;69276;36104;34.7;18.1
58;2021-05-11;1186;1978;70462;38082;35.3;19.1
58;2021-05-12;1664;1551;72126;39633;36.1;19.9
58;2021-05-13;49;179;72175;39812;36.2;19.9
58;2021-05-14;2307;905;74482;40717;37.3;20.4
58;2021-05-15;1725;452;76207;41169;38.2;20.6
58;2021-05-16;118;29;76325;41198;38.2;20.6
58;2021-05-17;792;606;77117;41804;38.6;20.9
58;2021-05-18;1331;1184;78448;42988;39.3;21.5
58;2021-05-19;1736;540;80184;43528;40.2;21.8
58;2021-05-20;1695;666;81879;44194;41.0;22.1
58;2021-05-21;855;725;82734;44919;41.5;22.5
58;2021-05-22;304;238;83038;45157;41.6;22.6
58;2021-05-23;2;21;83040;45178;41.6;22.6
58;2021-05-24;21;43;83061;45221;41.6;22.7
58;2021-05-25;1385;1151;84446;46372;42.3;23.2
58;2021-05-26;844;840;85290;47212;42.7;23.7
58;2021-05-27;749;942;86039;48154;43.1;24.1
58;2021-05-28;430;912;86469;49066;43.3;24.6
58;2021-05-29;150;211;86619;49277;43.4;24.7
58;2021-05-30;20;19;86639;49296;43.4;24.7
58;2021-05-31;757;397;87396;49693;43.8;24.9
58;2021-06-01;1355;1658;88751;51351;44.5;25.7
58;2021-06-02;1461;1041;90212;52392;45.2;26.2
58;2021-06-03;1024;958;91236;53350;45.7;26.7
58;2021-06-04;844;913;92080;54263;46.1;27.2
58;2021-06-05;272;262;92352;54525;46.3;27.3
58;2021-06-06;24;49;92376;54574;46.3;27.3
58;2021-06-07;713;787;93089;55361;46.6;27.7
58;2021-06-08;1324;1754;94413;57115;47.3;28.6
58;2021-06-09;1400;1001;95813;58116;48.0;29.1
58;2021-06-10;1104;983;96917;59099;48.6;29.6
58;2021-06-11;1028;906;97945;60005;49.1;30.1
58;2021-06-12;1053;414;98998;60419;49.6;30.3
58;2021-06-13;35;33;99033;60452;49.6;30.3
58;2021-06-14;515;1016;99548;61468;49.9;30.8
58;2021-06-15;1589;1754;101137;63222;50.7;31.7
58;2021-06-16;1796;991;102933;64213;51.6;32.2
58;2021-06-17;2016;1112;104949;65325;52.6;32.7
58;2021-06-18;983;1062;105932;66387;53.1;33.3
58;2021-06-19;578;315;106510;66702;53.4;33.4
58;2021-06-20;8;2;106518;66704;53.4;33.4
58;2021-06-21;472;552;106990;67256;53.6;33.7
58;2021-06-22;1026;1965;108016;69221;54.1;34.7
58;2021-06-23;1473;1510;109489;70731;54.9;35.4
58;2021-06-24;729;1027;110218;71758;55.2;36.0
58;2021-06-25;817;1716;111035;73474;55.6;36.8
58;2021-06-26;552;1230;111587;74704;55.9;37.4
58;2021-06-27;17;26;111604;74730;55.9;37.4
58;2021-06-28;459;990;112063;75720;56.1;37.9
58;2021-06-29;618;2168;112681;77888;56.5;39.0
58;2021-06-30;993;1632;113674;79520;57.0;39.8
58;2021-07-01;752;1671;114426;81191;57.3;40.7
58;2021-07-02;449;849;114875;82040;57.6;41.1
58;2021-07-03;248;511;115123;82551;57.7;41.4
58;2021-07-04;12;30;115135;82581;57.7;41.4
58;2021-07-05;508;770;115643;83351;57.9;41.8
58;2021-07-06;683;2123;116326;85474;58.3;42.8
58;2021-07-07;377;958;116703;86432;58.5;43.3
58;2021-07-08;394;1021;117097;87453;58.7;43.8
58;2021-07-09;707;1418;117804;88871;59.0;44.5
58;2021-07-10;259;410;118063;89281;59.2;44.7
58;2021-07-11;175;50;118238;89331;59.2;44.8
58;2021-07-12;198;969;118436;90300;59.3;45.2
58;2021-07-13;927;2502;119363;92802;59.8;46.5
58;2021-07-14;26;61;119389;92863;59.8;46.5
58;2021-07-15;1124;1940;120513;94803;60.4;47.5
58;2021-07-16;1388;1441;121901;96244;61.1;48.2
58;2021-07-17;461;285;122362;96529;61.3;48.4
58;2021-07-18;101;21;122463;96550;61.4;48.4
58;2021-07-19;1634;988;124097;97538;62.2;48.9
58;2021-07-20;1381;2441;125478;99979;62.9;50.1
58;2021-07-21;1074;2020;126552;101999;63.4;51.1
59;2020-12-27;0;0;0;0;0.0;0.0
59;2020-12-28;26;0;26;0;0.0;0.0
59;2020-12-29;0;0;26;0;0.0;0.0
59;2020-12-30;0;0;26;0;0.0;0.0
59;2020-12-31;0;0;26;0;0.0;0.0
59;2021-01-01;2;0;28;0;0.0;0.0
59;2021-01-02;1;0;29;0;0.0;0.0
59;2021-01-03;2;0;31;0;0.0;0.0
59;2021-01-04;79;0;110;0;0.0;0.0
59;2021-01-05;217;0;327;0;0.0;0.0
59;2021-01-06;428;2;755;2;0.0;0.0
59;2021-01-07;1307;0;2062;2;0.1;0.0
59;2021-01-08;1261;3;3323;5;0.1;0.0
59;2021-01-09;609;2;3932;7;0.2;0.0
59;2021-01-10;427;0;4359;7;0.2;0.0
59;2021-01-11;1839;4;6198;11;0.2;0.0
59;2021-01-12;2466;2;8664;13;0.3;0.0
59;2021-01-13;2355;3;11019;16;0.4;0.0
59;2021-01-14;2742;20;13761;36;0.5;0.0
59;2021-01-15;2271;16;16032;52;0.6;0.0
59;2021-01-16;770;1;16802;53;0.6;0.0
59;2021-01-17;558;1;17360;54;0.7;0.0
59;2021-01-18;3505;13;20865;67;0.8;0.0
59;2021-01-19;4743;8;25608;75;1.0;0.0
59;2021-01-20;4129;9;29737;84;1.1;0.0
59;2021-01-21;4714;36;34451;120;1.3;0.0
59;2021-01-22;4006;9;38457;129;1.5;0.0
59;2021-01-23;1210;2;39667;131;1.5;0.0
59;2021-01-24;168;0;39835;131;1.5;0.0
59;2021-01-25;2726;58;42561;189;1.6;0.0
59;2021-01-26;2795;136;45356;325;1.8;0.0
59;2021-01-27;1735;307;47091;632;1.8;0.0
59;2021-01-28;3394;763;50485;1395;1.9;0.1
59;2021-01-29;2542;792;53027;2187;2.0;0.1
59;2021-01-30;287;179;53314;2366;2.1;0.1
59;2021-01-31;24;0;53338;2366;2.1;0.1
59;2021-02-01;73;865;53411;3231;2.1;0.1
59;2021-02-02;650;1433;54061;4664;2.1;0.2
59;2021-02-03;3726;1439;57787;6103;2.2;0.2
59;2021-02-04;2943;1742;60730;7845;2.3;0.3
59;2021-02-05;1048;1410;61778;9255;2.4;0.4
59;2021-02-06;202;355;61980;9610;2.4;0.4
59;2021-02-07;266;49;62246;9659;2.4;0.4
59;2021-02-08;681;1628;62927;11287;2.4;0.4
59;2021-02-09;1004;1857;63931;13144;2.5;0.5
59;2021-02-10;969;1637;64900;14781;2.5;0.6
59;2021-02-11;1338;1814;66238;16595;2.6;0.6
59;2021-02-12;1399;1636;67637;18231;2.6;0.7
59;2021-02-13;207;750;67844;18981;2.6;0.7
59;2021-02-14;13;42;67857;19023;2.6;0.7
59;2021-02-15;1390;3127;69247;22150;2.7;0.9
59;2021-02-16;1432;3782;70679;25932;2.7;1.0
59;2021-02-17;1621;3835;72300;29767;2.8;1.1
59;2021-02-18;3090;5195;75390;34962;2.9;1.4
59;2021-02-19;3206;3611;78596;38573;3.0;1.5
59;2021-02-20;1410;1588;80006;40161;3.1;1.6
59;2021-02-21;241;261;80247;40422;3.1;1.6
59;2021-02-22;1428;2591;81675;43013;3.2;1.7
59;2021-02-23;2653;2848;84328;45861;3.3;1.8
59;2021-02-24;4098;4044;88426;49905;3.4;1.9
59;2021-02-25;6907;3680;95333;53585;3.7;2.1
59;2021-02-26;6490;1855;101823;55440;3.9;2.1
59;2021-02-27;3090;164;104913;55604;4.1;2.1
59;2021-02-28;205;59;105118;55663;4.1;2.1
59;2021-03-01;3688;652;108806;56315;4.2;2.2
59;2021-03-02;4771;545;113577;56860;4.4;2.2
59;2021-03-03;5715;964;119292;57824;4.6;2.2
59;2021-03-04;7061;943;126353;58767;4.9;2.3
59;2021-03-05;7788;932;134141;59699;5.2;2.3
59;2021-03-06;11540;460;145681;60159;5.6;2.3
59;2021-03-07;7576;307;153257;60466;5.9;2.3
59;2021-03-08;4494;1076;157751;61542;6.1;2.4
59;2021-03-09;6572;1362;164323;62904;6.3;2.4
59;2021-03-10;7016;1135;171339;64039;6.6;2.5
59;2021-03-11;9459;1801;180798;65840;7.0;2.5
59;2021-03-12;12087;1451;192885;67291;7.5;2.6
59;2021-03-13;16540;964;209425;68255;8.1;2.6
59;2021-03-14;6958;286;216383;68541;8.4;2.6
59;2021-03-15;5602;1459;221985;70000;8.6;2.7
59;2021-03-16;3730;1303;225715;71303;8.7;2.8
59;2021-03-17;3845;2069;229560;73372;8.9;2.8
59;2021-03-18;3945;2475;233505;75847;9.0;2.9
59;2021-03-19;7700;1785;241205;77632;9.3;3.0
59;2021-03-20;15990;1176;257195;78808;9.9;3.0
59;2021-03-21;6308;405;263503;79213;10.2;3.1
59;2021-03-22;5438;1747;268941;80960;10.4;3.1
59;2021-03-23;7761;2793;276702;83753;10.7;3.2
59;2021-03-24;6858;2988;283560;86741;11.0;3.4
59;2021-03-25;10517;2475;294077;89216;11.4;3.4
59;2021-03-26;12236;2799;306313;92015;11.8;3.6
59;2021-03-27;15261;1038;321574;93053;12.4;3.6
59;2021-03-28;7974;303;329548;93356;12.7;3.6
59;2021-03-29;5491;3190;335039;96546;12.9;3.7
59;2021-03-30;7530;3692;342569;100238;13.2;3.9
59;2021-03-31;6132;4067;348701;104305;13.5;4.0
59;2021-04-01;7479;4881;356180;109186;13.8;4.2
59;2021-04-02;7626;5480;363806;114666;14.1;4.4
59;2021-04-03;13010;4256;376816;118922;14.6;4.6
59;2021-04-04;5345;2162;382161;121084;14.8;4.7
59;2021-04-05;6006;1521;388167;122605;15.0;4.7
59;2021-04-06;5390;4477;393557;127082;15.2;4.9
59;2021-04-07;7614;5382;401171;132464;15.5;5.1
59;2021-04-08;10373;5671;411544;138135;15.9;5.3
59;2021-04-09;13406;5854;424950;143989;16.4;5.6
59;2021-04-10;11461;6083;436411;150072;16.9;5.8
59;2021-04-11;4631;3555;441042;153627;17.0;5.9
59;2021-04-12;6308;4322;447350;157949;17.3;6.1
59;2021-04-13;8928;4750;456278;162699;17.6;6.3
59;2021-04-14;8786;4298;465064;166997;18.0;6.5
59;2021-04-15;10288;4785;475352;171782;18.4;6.6
59;2021-04-16;10872;5469;486224;177251;18.8;6.8
59;2021-04-17;7291;9054;493515;186305;19.1;7.2
59;2021-04-18;3229;4162;496744;190467;19.2;7.4
59;2021-04-19;5042;4285;501786;194752;19.4;7.5
59;2021-04-20;6877;4193;508663;198945;19.6;7.7
59;2021-04-21;6239;4401;514902;203346;19.9;7.9
59;2021-04-22;8586;5480;523488;208826;20.2;8.1
59;2021-04-23;8435;5642;531923;214468;20.5;8.3
59;2021-04-24;5539;8067;537462;222535;20.8;8.6
59;2021-04-25;3234;6075;540696;228610;20.9;8.8
59;2021-04-26;6481;3778;547177;232388;21.1;9.0
59;2021-04-27;8359;5163;555536;237551;21.5;9.2
59;2021-04-28;8757;6535;564293;244086;21.8;9.4
59;2021-04-29;9389;8485;573682;252571;22.2;9.8
59;2021-04-30;10580;8501;584262;261072;22.6;10.1
59;2021-05-01;11985;7558;596247;268630;23.0;10.4
59;2021-05-02;8639;5978;604886;274608;23.4;10.6
59;2021-05-03;9552;5053;614438;279661;23.7;10.8
59;2021-05-04;11421;6002;625859;285663;24.2;11.0
59;2021-05-05;10296;6198;636155;291861;24.6;11.3
59;2021-05-06;11189;8422;647344;300283;25.0;11.6
59;2021-05-07;13285;9523;660629;309806;25.5;12.0
59;2021-05-08;14712;4124;675341;313930;26.1;12.1
59;2021-05-09;11494;3314;686835;317244;26.5;12.3
59;2021-05-10;12720;6605;699555;323849;27.0;12.5
59;2021-05-11;15104;8318;714659;332167;27.6;12.8
59;2021-05-12;16614;8603;731273;340770;28.2;13.2
59;2021-05-13;18435;3424;749708;344194;29.0;13.3
59;2021-05-14;15773;6943;765481;351137;29.6;13.6
59;2021-05-15;23431;5288;788912;356425;30.5;13.8
59;2021-05-16;21182;2394;810094;358819;31.3;13.9
59;2021-05-17;15069;5256;825163;364075;31.9;14.1
59;2021-05-18;16913;5645;842076;369720;32.5;14.3
59;2021-05-19;18315;5081;860391;374801;33.2;14.5
59;2021-05-20;17916;6999;878307;381800;33.9;14.7
59;2021-05-21;18363;8266;896670;390066;34.6;15.1
59;2021-05-22;23804;5668;920474;395734;35.6;15.3
59;2021-05-23;17923;2248;938397;397982;36.2;15.4
59;2021-05-24;16686;2106;955083;400088;36.9;15.5
59;2021-05-25;14985;6658;970068;406746;37.5;15.7
59;2021-05-26;15874;7025;985942;413771;38.1;16.0
59;2021-05-27;16142;9175;1002084;422946;38.7;16.3
59;2021-05-28;15874;11469;1017958;434415;39.3;16.8
59;2021-05-29;14357;8723;1032315;443138;39.9;17.1
59;2021-05-30;8399;1830;1040714;444968;40.2;17.2
59;2021-05-31;14197;7946;1054911;452914;40.7;17.5
59;2021-06-01;15074;10403;1069985;463317;41.3;17.9
59;2021-06-02;14741;9906;1084726;473223;41.9;18.3
59;2021-06-03;15613;12099;1100339;485322;42.5;18.7
59;2021-06-04;15566;13474;1115905;498796;43.1;19.3
59;2021-06-05;14964;9315;1130869;508111;43.7;19.6
59;2021-06-06;8822;3196;1139691;511307;44.0;19.7
59;2021-06-07;10521;9438;1150212;520745;44.4;20.1
59;2021-06-08;11740;11065;1161952;531810;44.9;20.5
59;2021-06-09;10750;11913;1172702;543723;45.3;21.0
59;2021-06-10;11458;12288;1184160;556011;45.7;21.5
59;2021-06-11;10948;16028;1195108;572039;46.2;22.1
59;2021-06-12;11054;13659;1206162;585698;46.6;22.6
59;2021-06-13;6330;7017;1212492;592715;46.8;22.9
59;2021-06-14;6487;12682;1218979;605397;47.1;23.4
59;2021-06-15;8187;15953;1227166;621350;47.4;24.0
59;2021-06-16;9177;13544;1236343;634894;47.8;24.5
59;2021-06-17;9149;15633;1245492;650527;48.1;25.1
59;2021-06-18;9012;20036;1254504;670563;48.5;25.9
59;2021-06-19;8923;17476;1263427;688039;48.8;26.6
59;2021-06-20;4882;10193;1268309;698232;49.0;27.0
59;2021-06-21;5253;15981;1273562;714213;49.2;27.6
59;2021-06-22;6293;18698;1279855;732911;49.4;28.3
59;2021-06-23;6120;19079;1285975;751990;49.7;29.0
59;2021-06-24;7292;20560;1293267;772550;50.0;29.8
59;2021-06-25;6465;21235;1299732;793785;50.2;30.7
59;2021-06-26;6452;23798;1306184;817583;50.5;31.6
59;2021-06-27;4731;17091;1310915;834674;50.6;32.2
59;2021-06-28;4953;19863;1315868;854537;50.8;33.0
59;2021-06-29;5493;20389;1321361;874926;51.0;33.8
59;2021-06-30;6078;20117;1327439;895043;51.3;34.6
59;2021-07-01;6683;20868;1334122;915911;51.5;35.4
59;2021-07-02;6765;23245;1340887;939156;51.8;36.3
59;2021-07-03;5531;24628;1346418;963784;52.0;37.2
59;2021-07-04;4384;15984;1350802;979768;52.2;37.8
59;2021-07-05;5609;17471;1356411;997239;52.4;38.5
59;2021-07-06;6543;18806;1362954;1016045;52.6;39.2
59;2021-07-07;6783;17466;1369737;1033511;52.9;39.9
59;2021-07-08;7957;17700;1377694;1051211;53.2;40.6
59;2021-07-09;7668;20291;1385362;1071502;53.5;41.4
59;2021-07-10;7409;18528;1392771;1090030;53.8;42.1
59;2021-07-11;4435;10224;1397206;1100254;54.0;42.5
59;2021-07-12;5820;18031;1403026;1118285;54.2;43.2
59;2021-07-13;9842;20721;1412868;1139006;54.6;44.0
59;2021-07-14;9756;8423;1422624;1147429;54.9;44.3
59;2021-07-15;11562;20358;1434186;1167787;55.4;45.1
59;2021-07-16;13100;20398;1447286;1188185;55.9;45.9
59;2021-07-17;12329;17367;1459615;1205552;56.4;46.6
59;2021-07-18;7923;8651;1467538;1214203;56.7;46.9
59;2021-07-19;10304;16386;1477842;1230589;57.1;47.5
59;2021-07-20;13276;17010;1491118;1247599;57.6;48.2
59;2021-07-21;14204;15354;1505322;1262953;58.1;48.8
60;2020-12-27;0;0;0;0;0.0;0.0
60;2020-12-28;0;0;0;0;0.0;0.0
60;2020-12-29;1;0;1;0;0.0;0.0
60;2020-12-30;0;0;1;0;0.0;0.0
60;2020-12-31;0;0;1;0;0.0;0.0
60;2021-01-01;0;0;1;0;0.0;0.0
60;2021-01-02;5;0;6;0;0.0;0.0
60;2021-01-03;1;0;7;0;0.0;0.0
60;2021-01-04;1;0;8;0;0.0;0.0
60;2021-01-05;37;0;45;0;0.0;0.0
60;2021-01-06;188;4;233;4;0.0;0.0
60;2021-01-07;236;4;469;8;0.1;0.0
60;2021-01-08;378;3;847;11;0.1;0.0
60;2021-01-09;3;0;850;11;0.1;0.0
60;2021-01-10;60;0;910;11;0.1;0.0
60;2021-01-11;341;2;1251;13;0.2;0.0
60;2021-01-12;533;2;1784;15;0.2;0.0
60;2021-01-13;474;2;2258;17;0.3;0.0
60;2021-01-14;506;4;2764;21;0.3;0.0
60;2021-01-15;701;6;3465;27;0.4;0.0
60;2021-01-16;124;1;3589;28;0.4;0.0
60;2021-01-17;31;0;3620;28;0.4;0.0
60;2021-01-18;856;2;4476;30;0.5;0.0
60;2021-01-19;1165;9;5641;39;0.7;0.0
60;2021-01-20;1683;6;7324;45;0.9;0.0
60;2021-01-21;2182;5;9506;50;1.2;0.0
60;2021-01-22;1523;13;11029;63;1.3;0.0
60;2021-01-23;498;3;11527;66;1.4;0.0
60;2021-01-24;61;1;11588;67;1.4;0.0
60;2021-01-25;893;11;12481;78;1.5;0.0
60;2021-01-26;945;13;13426;91;1.6;0.0
60;2021-01-27;640;9;14066;100;1.7;0.0
60;2021-01-28;391;169;14457;269;1.8;0.0
60;2021-01-29;72;103;14529;372;1.8;0.0
60;2021-01-30;0;1;14529;373;1.8;0.0
60;2021-01-31;22;61;14551;434;1.8;0.1
60;2021-02-01;38;110;14589;544;1.8;0.1
60;2021-02-02;26;161;14615;705;1.8;0.1
60;2021-02-03;161;237;14776;942;1.8;0.1
60;2021-02-04;169;341;14945;1283;1.8;0.2
60;2021-02-05;313;476;15258;1759;1.8;0.2
60;2021-02-06;62;79;15320;1838;1.9;0.2
60;2021-02-07;31;32;15351;1870;1.9;0.2
60;2021-02-08;326;519;15677;2389;1.9;0.3
60;2021-02-09;315;466;15992;2855;1.9;0.3
60;2021-02-10;551;993;16543;3848;2.0;0.5
60;2021-02-11;935;1134;17478;4982;2.1;0.6
60;2021-02-12;910;860;18388;5842;2.2;0.7
60;2021-02-13;90;309;18478;6151;2.2;0.7
60;2021-02-14;24;92;18502;6243;2.2;0.8
60;2021-02-15;613;817;19115;7060;2.3;0.9
60;2021-02-16;581;949;19696;8009;2.4;1.0
60;2021-02-17;631;932;20327;8941;2.5;1.1
60;2021-02-18;682;829;21009;9770;2.5;1.2
60;2021-02-19;639;761;21648;10531;2.6;1.3
60;2021-02-20;102;188;21750;10719;2.6;1.3
60;2021-02-21;22;121;21772;10840;2.6;1.3
60;2021-02-22;463;876;22235;11716;2.7;1.4
60;2021-02-23;533;787;22768;12503;2.8;1.5
60;2021-02-24;793;542;23561;13045;2.9;1.6
60;2021-02-25;1094;301;24655;13346;3.0;1.6
60;2021-02-26;1296;182;25951;13528;3.1;1.6
60;2021-02-27;666;35;26617;13563;3.2;1.6
60;2021-02-28;7;10;26624;13573;3.2;1.6
60;2021-03-01;893;44;27517;13617;3.3;1.7
60;2021-03-02;1012;155;28529;13772;3.5;1.7
60;2021-03-03;1318;440;29847;14212;3.6;1.7
60;2021-03-04;1720;512;31567;14724;3.8;1.8
60;2021-03-05;1820;282;33387;15006;4.0;1.8
60;2021-03-06;1919;127;35306;15133;4.3;1.8
60;2021-03-07;885;28;36191;15161;4.4;1.8
60;2021-03-08;977;312;37168;15473;4.5;1.9
60;2021-03-09;1637;349;38805;15822;4.7;1.9
60;2021-03-10;1936;412;40741;16234;4.9;2.0
60;2021-03-11;2321;380;43062;16614;5.2;2.0
60;2021-03-12;2591;532;45653;17146;5.5;2.1
60;2021-03-13;3831;192;49484;17338;6.0;2.1
60;2021-03-14;1779;47;51263;17385;6.2;2.1
60;2021-03-15;2091;494;53354;17879;6.5;2.2
60;2021-03-16;1583;619;54937;18498;6.7;2.2
60;2021-03-17;1656;607;56593;19105;6.9;2.3
60;2021-03-18;1757;723;58350;19828;7.1;2.4
60;2021-03-19;2585;513;60935;20341;7.4;2.5
60;2021-03-20;3231;176;64166;20517;7.8;2.5
60;2021-03-21;2122;85;66288;20602;8.0;2.5
60;2021-03-22;2132;703;68420;21305;8.3;2.6
60;2021-03-23;3303;706;71723;22011;8.7;2.7
60;2021-03-24;3067;862;74790;22873;9.1;2.8
60;2021-03-25;3848;828;78638;23701;9.5;2.9
60;2021-03-26;4212;866;82850;24567;10.0;3.0
60;2021-03-27;4142;290;86992;24857;10.5;3.0
60;2021-03-28;2446;67;89438;24924;10.8;3.0
60;2021-03-29;2607;1074;92045;25998;11.2;3.2
60;2021-03-30;3280;1056;95325;27054;11.6;3.3
60;2021-03-31;2667;1130;97992;28184;11.9;3.4
60;2021-04-01;2561;1089;100553;29273;12.2;3.5
60;2021-04-02;3309;1089;103862;30362;12.6;3.7
60;2021-04-03;3167;998;107029;31360;13.0;3.8
60;2021-04-04;874;481;107903;31841;13.1;3.9
60;2021-04-05;458;81;108361;31922;13.1;3.9
60;2021-04-06;1961;1615;110322;33537;13.4;4.1
60;2021-04-07;1977;1743;112299;35280;13.6;4.3
60;2021-04-08;2612;1485;114911;36765;13.9;4.5
60;2021-04-09;2996;1507;117907;38272;14.3;4.6
60;2021-04-10;2926;1578;120833;39850;14.6;4.8
60;2021-04-11;1049;988;121882;40838;14.8;4.9
60;2021-04-12;2047;1715;123929;42553;15.0;5.2
60;2021-04-13;2745;1778;126674;44331;15.4;5.4
60;2021-04-14;3112;1798;129786;46129;15.7;5.6
60;2021-04-15;3539;1870;133325;47999;16.2;5.8
60;2021-04-16;3287;1931;136612;49930;16.6;6.1
60;2021-04-17;2841;2158;139453;52088;16.9;6.3
60;2021-04-18;571;1835;140024;53923;17.0;6.5
60;2021-04-19;1739;2202;141763;56125;17.2;6.8
60;2021-04-20;2127;2669;143890;58794;17.4;7.1
60;2021-04-21;2652;2198;146542;60992;17.8;7.4
60;2021-04-22;2628;2490;149170;63482;18.1;7.7
60;2021-04-23;2642;2456;151812;65938;18.4;8.0
60;2021-04-24;2468;3448;154280;69386;18.7;8.4
60;2021-04-25;1162;1966;155442;71352;18.8;8.6
60;2021-04-26;1889;2526;157331;73878;19.1;9.0
60;2021-04-27;2310;2847;159641;76725;19.3;9.3
60;2021-04-28;3065;2395;162706;79120;19.7;9.6
60;2021-04-29;3150;2620;165856;81740;20.1;9.9
60;2021-04-30;3458;2962;169314;84702;20.5;10.3
60;2021-05-01;2351;1121;171665;85823;20.8;10.4
60;2021-05-02;2144;830;173809;86653;21.1;10.5
60;2021-05-03;2956;1846;176765;88499;21.4;10.7
60;2021-05-04;3017;2352;179782;90851;21.8;11.0
60;2021-05-05;3253;2799;183035;93650;22.2;11.4
60;2021-05-06;3647;2472;186682;96122;22.6;11.7
60;2021-05-07;3984;2514;190666;98636;23.1;12.0
60;2021-05-08;3581;963;194247;99599;23.5;12.1
60;2021-05-09;3457;942;197704;100541;24.0;12.2
60;2021-05-10;2388;2291;200092;102832;24.3;12.5
60;2021-05-11;3660;2466;203752;105298;24.7;12.8
60;2021-05-12;4715;2547;208467;107845;25.3;13.1
60;2021-05-13;5294;1119;213761;108964;25.9;13.2
60;2021-05-14;5602;1804;219363;110768;26.6;13.4
60;2021-05-15;6171;1700;225534;112468;27.3;13.6
60;2021-05-16;4858;683;230392;113151;27.9;13.7
60;2021-05-17;3716;1665;234108;114816;28.4;13.9
60;2021-05-18;4049;2073;238157;116889;28.9;14.2
60;2021-05-19;5095;1850;243252;118739;29.5;14.4
60;2021-05-20;5458;1792;248710;120531;30.1;14.6
60;2021-05-21;5967;1966;254677;122497;30.9;14.8
60;2021-05-22;5352;1975;260029;124472;31.5;15.1
60;2021-05-23;4264;651;264293;125123;32.0;15.2
60;2021-05-24;2948;529;267241;125652;32.4;15.2
60;2021-05-25;4137;1976;271378;127628;32.9;15.5
60;2021-05-26;4464;1821;275842;129449;33.4;15.7
60;2021-05-27;4611;1992;280453;131441;34.0;15.9
60;2021-05-28;4619;2511;285072;133952;34.6;16.2
60;2021-05-29;4612;2272;289684;136224;35.1;16.5
60;2021-05-30;1086;350;290770;136574;35.2;16.6
60;2021-05-31;3828;2077;294598;138651;35.7;16.8
60;2021-06-01;4440;2849;299038;141500;36.2;17.1
60;2021-06-02;3906;2442;302944;143942;36.7;17.4
60;2021-06-03;3902;2378;306846;146320;37.2;17.7
60;2021-06-04;4647;2903;311493;149223;37.8;18.1
60;2021-06-05;4303;3415;315796;152638;38.3;18.5
60;2021-06-06;2154;790;317950;153428;38.5;18.6
60;2021-06-07;2776;2747;320726;156175;38.9;18.9
60;2021-06-08;3797;3004;324523;159179;39.3;19.3
60;2021-06-09;3244;3394;327767;162573;39.7;19.7
60;2021-06-10;3450;3358;331217;165931;40.1;20.1
60;2021-06-11;3875;4194;335092;170125;40.6;20.6
60;2021-06-12;3765;4274;338857;174399;41.1;21.1
60;2021-06-13;1151;2222;340008;176621;41.2;21.4
60;2021-06-14;1905;3303;341913;179924;41.4;21.8
60;2021-06-15;3007;4159;344920;184083;41.8;22.3
60;2021-06-16;3242;4492;348162;188575;42.2;22.9
60;2021-06-17;2972;4771;351134;193346;42.6;23.4
60;2021-06-18;2979;4600;354113;197946;42.9;24.0
60;2021-06-19;3131;4722;357244;202668;43.3;24.6
60;2021-06-20;1432;1935;358676;204603;43.5;24.8
60;2021-06-21;1401;4040;360077;208643;43.6;25.3
60;2021-06-22;1744;5304;361821;213947;43.9;25.9
60;2021-06-23;1855;5251;363676;219198;44.1;26.6
60;2021-06-24;1796;5601;365472;224799;44.3;27.2
60;2021-06-25;1888;5740;367360;230539;44.5;27.9
60;2021-06-26;1850;6995;369210;237534;44.7;28.8
60;2021-06-27;708;2599;369918;240133;44.8;29.1
60;2021-06-28;1768;4146;371686;244279;45.0;29.6
60;2021-06-29;2000;5474;373686;249753;45.3;30.3
60;2021-06-30;2273;5366;375959;255119;45.6;30.9
60;2021-07-01;1856;4931;377815;260050;45.8;31.5
60;2021-07-02;2342;5884;380157;265934;46.1;32.2
60;2021-07-03;2386;6170;382543;272104;46.4;33.0
60;2021-07-04;790;2732;383333;274836;46.5;33.3
60;2021-07-05;1651;4404;384984;279240;46.7;33.8
60;2021-07-06;2134;4503;387118;283743;46.9;34.4
60;2021-07-07;2156;5127;389274;288870;47.2;35.0
60;2021-07-08;2660;4692;391934;293562;47.5;35.6
60;2021-07-09;2633;5547;394567;299109;47.8;36.3
60;2021-07-10;2571;5871;397138;304980;48.1;37.0
60;2021-07-11;1210;1939;398348;306919;48.3;37.2
60;2021-07-12;1419;4754;399767;311673;48.5;37.8
60;2021-07-13;2902;5015;402669;316688;48.8;38.4
60;2021-07-14;2571;1394;405240;318082;49.1;38.6
60;2021-07-15;3418;4851;408658;322933;49.5;39.1
60;2021-07-16;3662;5226;412320;328159;50.0;39.8
60;2021-07-17;4053;5106;416373;333265;50.5;40.4
60;2021-07-18;2177;2106;418550;335371;50.7;40.6
60;2021-07-19;2531;3886;421081;339257;51.0;41.1
60;2021-07-20;4164;4868;425245;344125;51.5;41.7
60;2021-07-21;4290;4229;429535;348354;52.1;42.2
61;2020-12-27;0;0;0;0;0.0;0.0
61;2020-12-28;0;0;0;0;0.0;0.0
61;2020-12-29;0;0;0;0;0.0;0.0
61;2020-12-30;0;0;0;0;0.0;0.0
61;2020-12-31;0;0;0;0;0.0;0.0
61;2021-01-01;1;0;1;0;0.0;0.0
61;2021-01-02;0;0;1;0;0.0;0.0
61;2021-01-03;0;0;1;0;0.0;0.0
61;2021-01-04;1;0;2;0;0.0;0.0
61;2021-01-05;3;0;5;0;0.0;0.0
61;2021-01-06;76;0;81;0;0.0;0.0
61;2021-01-07;175;2;256;2;0.1;0.0
61;2021-01-08;406;1;662;3;0.2;0.0
61;2021-01-09;165;1;827;4;0.3;0.0
61;2021-01-10;49;0;876;4;0.3;0.0
61;2021-01-11;396;1;1272;5;0.5;0.0
61;2021-01-12;680;2;1952;7;0.7;0.0
61;2021-01-13;739;1;2691;8;1.0;0.0
61;2021-01-14;526;8;3217;16;1.2;0.0
61;2021-01-15;538;4;3755;20;1.4;0.0
61;2021-01-16;289;1;4044;21;1.5;0.0
61;2021-01-17;832;6;4876;27;1.8;0.0
61;2021-01-18;1900;3;6776;30;2.4;0.0
61;2021-01-19;1319;2;8095;32;2.9;0.0
61;2021-01-20;683;0;8778;32;3.2;0.0
61;2021-01-21;843;1;9621;33;3.5;0.0
61;2021-01-22;764;1;10385;34;3.8;0.0
61;2021-01-23;256;2;10641;36;3.8;0.0
61;2021-01-24;228;0;10869;36;3.9;0.0
61;2021-01-25;577;2;11446;38;4.1;0.0
61;2021-01-26;553;0;11999;38;4.3;0.0
61;2021-01-27;569;14;12568;52;4.5;0.0
61;2021-01-28;461;53;13029;105;4.7;0.0
61;2021-01-29;475;204;13504;309;4.9;0.1
61;2021-01-30;212;3;13716;312;5.0;0.1
61;2021-01-31;106;0;13822;312;5.0;0.1
61;2021-02-01;430;190;14252;502;5.1;0.2
61;2021-02-02;387;425;14639;927;5.3;0.3
61;2021-02-03;412;490;15051;1417;5.4;0.5
61;2021-02-04;387;338;15438;1755;5.6;0.6
61;2021-02-05;538;362;15976;2117;5.8;0.8
61;2021-02-06;195;91;16171;2208;5.8;0.8
61;2021-02-07;45;200;16216;2408;5.9;0.9
61;2021-02-08;540;1409;16756;3817;6.1;1.4
61;2021-02-09;404;808;17160;4625;6.2;1.7
61;2021-02-10;277;561;17437;5186;6.3;1.9
61;2021-02-11;432;562;17869;5748;6.5;2.1
61;2021-02-12;402;736;18271;6484;6.6;2.3
61;2021-02-13;132;431;18403;6915;6.6;2.5
61;2021-02-14;2;315;18405;7230;6.6;2.6
61;2021-02-15;171;848;18576;8078;6.7;2.9
61;2021-02-16;203;682;18779;8760;6.8;3.2
61;2021-02-17;44;641;18823;9401;6.8;3.4
61;2021-02-18;161;529;18984;9930;6.9;3.6
61;2021-02-19;101;391;19085;10321;6.9;3.7
61;2021-02-20;39;242;19124;10563;6.9;3.8
61;2021-02-21;1;155;19125;10718;6.9;3.9
61;2021-02-22;89;567;19214;11285;6.9;4.1
61;2021-02-23;114;494;19328;11779;7.0;4.3
61;2021-02-24;173;571;19501;12350;7.0;4.5
61;2021-02-25;265;447;19766;12797;7.1;4.6
61;2021-02-26;266;465;20032;13262;7.2;4.8
61;2021-02-27;107;225;20139;13487;7.3;4.9
61;2021-02-28;4;119;20143;13606;7.3;4.9
61;2021-03-01;214;613;20357;14219;7.4;5.1
61;2021-03-02;147;698;20504;14917;7.4;5.4
61;2021-03-03;141;449;20645;15366;7.5;5.5
61;2021-03-04;431;441;21076;15807;7.6;5.7
61;2021-03-05;700;291;21776;16098;7.9;5.8
61;2021-03-06;430;230;22206;16328;8.0;5.9
61;2021-03-07;154;1;22360;16329;8.1;5.9
61;2021-03-08;296;313;22656;16642;8.2;6.0
61;2021-03-09;619;184;23275;16826;8.4;6.1
61;2021-03-10;672;173;23947;16999;8.6;6.1
61;2021-03-11;1118;125;25065;17124;9.1;6.2
61;2021-03-12;1465;92;26530;17216;9.6;6.2
61;2021-03-13;770;45;27300;17261;9.9;6.2
61;2021-03-14;226;3;27526;17264;9.9;6.2
61;2021-03-15;814;29;28340;17293;10.2;6.2
61;2021-03-16;721;22;29061;17315;10.5;6.3
61;2021-03-17;759;10;29820;17325;10.8;6.3
61;2021-03-18;854;18;30674;17343;11.1;6.3
61;2021-03-19;1024;43;31698;17386;11.4;6.3
61;2021-03-20;470;11;32168;17397;11.6;6.3
61;2021-03-21;71;0;32239;17397;11.6;6.3
61;2021-03-22;796;82;33035;17479;11.9;6.3
61;2021-03-23;921;39;33956;17518;12.3;6.3
61;2021-03-24;1372;61;35328;17579;12.8;6.3
61;2021-03-25;1874;52;37202;17631;13.4;6.4
61;2021-03-26;1791;38;38993;17669;14.1;6.4
61;2021-03-27;1083;17;40076;17686;14.5;6.4
61;2021-03-28;359;9;40435;17695;14.6;6.4
61;2021-03-29;1270;174;41705;17869;15.1;6.5
61;2021-03-30;1470;87;43175;17956;15.6;6.5
61;2021-03-31;1681;43;44856;17999;16.2;6.5
61;2021-04-01;2046;212;46902;18211;16.9;6.6
61;2021-04-02;1514;422;48416;18633;17.5;6.7
61;2021-04-03;638;285;49054;18918;17.7;6.8
61;2021-04-04;193;1;49247;18919;17.8;6.8
61;2021-04-05;530;7;49777;18926;18.0;6.8
61;2021-04-06;1351;618;51128;19544;18.5;7.1
61;2021-04-07;1691;659;52819;20203;19.1;7.3
61;2021-04-08;2270;810;55089;21013;19.9;7.6
61;2021-04-09;2132;830;57221;21843;20.7;7.9
61;2021-04-10;1536;480;58757;22323;21.2;8.1
61;2021-04-11;238;197;58995;22520;21.3;8.1
61;2021-04-12;1289;735;60284;23255;21.8;8.4
61;2021-04-13;1743;697;62027;23952;22.4;8.6
61;2021-04-14;1727;780;63754;24732;23.0;8.9
61;2021-04-15;2265;768;66019;25500;23.8;9.2
61;2021-04-16;2224;676;68243;26176;24.6;9.5
61;2021-04-17;1485;318;69728;26494;25.2;9.6
61;2021-04-18;538;99;70266;26593;25.4;9.6
61;2021-04-19;938;746;71204;27339;25.7;9.9
61;2021-04-20;1526;782;72730;28121;26.3;10.2
61;2021-04-21;1349;1036;74079;29157;26.8;10.5
61;2021-04-22;1294;1206;75373;30363;27.2;11.0
61;2021-04-23;1217;1145;76590;31508;27.7;11.4
61;2021-04-24;1432;813;78022;32321;28.2;11.7
61;2021-04-25;361;329;78383;32650;28.3;11.8
61;2021-04-26;667;1141;79050;33791;28.5;12.2
61;2021-04-27;1463;1137;80513;34928;29.1;12.6
61;2021-04-28;1388;1383;81901;36311;29.6;13.1
61;2021-04-29;1252;1855;83153;38166;30.0;13.8
61;2021-04-30;1716;1164;84869;39330;30.6;14.2
61;2021-05-01;787;319;85656;39649;30.9;14.3
61;2021-05-02;438;223;86094;39872;31.1;14.4
61;2021-05-03;846;1246;86940;41118;31.4;14.8
61;2021-05-04;1323;1751;88263;42869;31.9;15.5
61;2021-05-05;1010;2024;89273;44893;32.2;16.2
61;2021-05-06;1770;2206;91043;47099;32.9;17.0
61;2021-05-07;1377;1962;92420;49061;33.4;17.7
61;2021-05-08;925;472;93345;49533;33.7;17.9
61;2021-05-09;393;291;93738;49824;33.9;18.0
61;2021-05-10;987;1752;94725;51576;34.2;18.6
61;2021-05-11;1372;1510;96097;53086;34.7;19.2
61;2021-05-12;1868;1588;97965;54674;35.4;19.7
61;2021-05-13;886;490;98851;55164;35.7;19.9
61;2021-05-14;1850;1190;100701;56354;36.4;20.4
61;2021-05-15;2091;1112;102792;57466;37.1;20.8
61;2021-05-16;983;300;103775;57766;37.5;20.9
61;2021-05-17;1311;911;105086;58677;38.0;21.2
61;2021-05-18;2423;890;107509;59567;38.8;21.5
61;2021-05-19;2402;798;109911;60365;39.7;21.8
61;2021-05-20;2213;806;112124;61171;40.5;22.1
61;2021-05-21;2147;854;114271;62025;41.3;22.4
61;2021-05-22;1780;717;116051;62742;41.9;22.7
61;2021-05-23;714;52;116765;62794;42.2;22.7
61;2021-05-24;913;108;117678;62902;42.5;22.7
61;2021-05-25;1992;920;119670;63822;43.2;23.0
61;2021-05-26;2033;927;121703;64749;44.0;23.4
61;2021-05-27;2037;1089;123740;65838;44.7;23.8
61;2021-05-28;2050;1377;125790;67215;45.4;24.3
61;2021-05-29;1461;551;127251;67766;46.0;24.5
61;2021-05-30;450;46;127701;67812;46.1;24.5
61;2021-05-31;1558;936;129259;68748;46.7;24.8
61;2021-06-01;1872;1385;131131;70133;47.4;25.3
61;2021-06-02;1672;1131;132803;71264;48.0;25.7
61;2021-06-03;2246;1105;135049;72369;48.8;26.1
61;2021-06-04;1896;1337;136945;73706;49.5;26.6
61;2021-06-05;1666;1236;138611;74942;50.1;27.1
61;2021-06-06;318;229;138929;75171;50.2;27.1
61;2021-06-07;2188;866;141117;76037;51.0;27.5
61;2021-06-08;1842;1568;142959;77605;51.6;28.0
61;2021-06-09;1973;1182;144932;78787;52.3;28.5
61;2021-06-10;1964;1179;146896;79966;53.0;28.9
61;2021-06-11;1815;1572;148711;81538;53.7;29.4
61;2021-06-12;1422;995;150133;82533;54.2;29.8
61;2021-06-13;340;376;150473;82909;54.3;29.9
61;2021-06-14;1097;1190;151570;84099;54.7;30.4
61;2021-06-15;1207;1692;152777;85791;55.2;31.0
61;2021-06-16;1109;1354;153886;87145;55.6;31.5
61;2021-06-17;1015;1725;154901;88870;55.9;32.1
61;2021-06-18;1482;1660;156383;90530;56.5;32.7
61;2021-06-19;1237;1301;157620;91831;56.9;33.2
61;2021-06-20;284;345;157904;92176;57.0;33.3
61;2021-06-21;803;1630;158707;93806;57.3;33.9
61;2021-06-22;1012;1688;159719;95494;57.7;34.5
61;2021-06-23;964;2439;160683;97933;58.0;35.4
61;2021-06-24;643;1360;161326;99293;58.3;35.9
61;2021-06-25;825;2167;162151;101460;58.6;36.6
61;2021-06-26;616;1951;162767;103411;58.8;37.3
61;2021-06-27;136;804;162903;104215;58.8;37.6
61;2021-06-28;478;2249;163381;106464;59.0;38.4
61;2021-06-29;689;2865;164070;109329;59.3;39.5
61;2021-06-30;766;2461;164836;111790;59.5;40.4
61;2021-07-01;629;1694;165465;113484;59.8;41.0
61;2021-07-02;803;2496;166268;115980;60.0;41.9
61;2021-07-03;414;1912;166682;117892;60.2;42.6
61;2021-07-04;73;639;166755;118531;60.2;42.8
61;2021-07-05;677;1775;167432;120306;60.5;43.4
61;2021-07-06;959;2793;168391;123099;60.8;44.5
61;2021-07-07;725;2360;169116;125459;61.1;45.3
61;2021-07-08;835;1952;169951;127411;61.4;46.0
61;2021-07-09;712;2377;170663;129788;61.6;46.9
61;2021-07-10;463;1772;171126;131560;61.8;47.5
61;2021-07-11;237;489;171363;132049;61.9;47.7
61;2021-07-12;430;2295;171793;134344;62.0;48.5
61;2021-07-13;637;2492;172430;136836;62.3;49.4
61;2021-07-14;143;333;172573;137169;62.3;49.5
61;2021-07-15;803;2815;173376;139984;62.6;50.6
61;2021-07-16;950;2566;174326;142550;63.0;51.5
61;2021-07-17;619;2217;174945;144767;63.2;52.3
61;2021-07-18;335;367;175280;145134;63.3;52.4
61;2021-07-19;930;2400;176210;147534;63.6;53.3
61;2021-07-20;1311;2347;177521;149881;64.1;54.1
61;2021-07-21;1465;2170;178986;152051;64.6;54.9
62;2020-12-27;3;0;3;0;0.0;0.0
62;2020-12-28;2;0;5;0;0.0;0.0
62;2020-12-29;0;0;5;0;0.0;0.0
62;2020-12-30;0;0;5;0;0.0;0.0
62;2020-12-31;0;0;5;0;0.0;0.0
62;2021-01-01;0;0;5;0;0.0;0.0
62;2021-01-02;0;0;5;0;0.0;0.0
62;2021-01-03;0;0;5;0;0.0;0.0
62;2021-01-04;2;0;7;0;0.0;0.0
62;2021-01-05;47;0;54;0;0.0;0.0
62;2021-01-06;123;0;177;0;0.0;0.0
62;2021-01-07;350;0;527;0;0.0;0.0
62;2021-01-08;712;3;1239;3;0.1;0.0
62;2021-01-09;163;1;1402;4;0.1;0.0
62;2021-01-10;84;0;1486;4;0.1;0.0
62;2021-01-11;552;1;2038;5;0.1;0.0
62;2021-01-12;1246;0;3284;5;0.2;0.0
62;2021-01-13;1137;4;4421;9;0.3;0.0
62;2021-01-14;1383;9;5804;18;0.4;0.0
62;2021-01-15;1294;7;7098;25;0.5;0.0
62;2021-01-16;307;3;7405;28;0.5;0.0
62;2021-01-17;107;1;7512;29;0.5;0.0
62;2021-01-18;1660;9;9172;38;0.6;0.0
62;2021-01-19;2098;4;11270;42;0.8;0.0
62;2021-01-20;2054;6;13324;48;0.9;0.0
62;2021-01-21;2227;6;15551;54;1.1;0.0
62;2021-01-22;1831;6;17382;60;1.2;0.0
62;2021-01-23;512;0;17894;60;1.2;0.0
62;2021-01-24;0;0;17894;60;1.2;0.0
62;2021-01-25;1279;5;19173;65;1.3;0.0
62;2021-01-26;1537;15;20710;80;1.4;0.0
62;2021-01-27;1485;172;22195;252;1.5;0.0
62;2021-01-28;4131;345;26326;597;1.8;0.0
62;2021-01-29;2020;335;28346;932;2.0;0.1
62;2021-01-30;160;154;28506;1086;2.0;0.1
62;2021-01-31;22;3;28528;1089;2.0;0.1
62;2021-02-01;45;359;28573;1448;2.0;0.1
62;2021-02-02;55;791;28628;2239;2.0;0.2
62;2021-02-03;43;629;28671;2868;2.0;0.2
62;2021-02-04;81;823;28752;3691;2.0;0.3
62;2021-02-05;79;754;28831;4445;2.0;0.3
62;2021-02-06;24;195;28855;4640;2.0;0.3
62;2021-02-07;235;25;29090;4665;2.0;0.3
62;2021-02-08;130;849;29220;5514;2.0;0.4
62;2021-02-09;225;1103;29445;6617;2.0;0.5
62;2021-02-10;382;1172;29827;7789;2.1;0.5
62;2021-02-11;721;1000;30548;8789;2.1;0.6
62;2021-02-12;966;780;31514;9569;2.2;0.7
62;2021-02-13;159;271;31673;9840;2.2;0.7
62;2021-02-14;0;0;31673;9840;2.2;0.7
62;2021-02-15;663;1275;32336;11115;2.2;0.8
62;2021-02-16;918;1788;33254;12903;2.3;0.9
62;2021-02-17;1072;2126;34326;15029;2.4;1.0
62;2021-02-18;2203;3792;36529;18821;2.5;1.3
62;2021-02-19;2302;2541;38831;21362;2.7;1.5
62;2021-02-20;613;480;39444;21842;2.7;1.5
62;2021-02-21;86;48;39530;21890;2.7;1.5
62;2021-02-22;847;972;40377;22862;2.8;1.6
62;2021-02-23;1418;1222;41795;24084;2.9;1.7
62;2021-02-24;1542;638;43337;24722;3.0;1.7
62;2021-02-25;3165;397;46502;25119;3.2;1.7
62;2021-02-26;2906;324;49408;25443;3.4;1.8
62;2021-02-27;1827;81;51235;25524;3.5;1.8
62;2021-02-28;52;42;51287;25566;3.5;1.8
62;2021-03-01;1310;115;52597;25681;3.6;1.8
62;2021-03-02;3146;163;55743;25844;3.8;1.8
62;2021-03-03;3255;108;58998;25952;4.1;1.8
62;2021-03-04;3798;183;62796;26135;4.3;1.8
62;2021-03-05;4641;193;67437;26328;4.6;1.8
62;2021-03-06;9606;181;77043;26509;5.3;1.8
62;2021-03-07;8066;156;85109;26665;5.9;1.8
62;2021-03-08;2184;237;87293;26902;6.0;1.9
62;2021-03-09;3797;355;91090;27257;6.3;1.9
62;2021-03-10;4221;579;95311;27836;6.6;1.9
62;2021-03-11;5979;1495;101290;29331;7.0;2.0
62;2021-03-12;6624;1360;107914;30691;7.4;2.1
62;2021-03-13;14706;702;122620;31393;8.4;2.2
62;2021-03-14;9569;323;132189;31716;9.1;2.2
62;2021-03-15;3758;1003;135947;32719;9.4;2.3
62;2021-03-16;2734;838;138681;33557;9.5;2.3
62;2021-03-17;2799;711;141480;34268;9.7;2.4
62;2021-03-18;2716;931;144196;35199;9.9;2.4
62;2021-03-19;4778;898;148974;36097;10.3;2.5
62;2021-03-20;11059;538;160033;36635;11.0;2.5
62;2021-03-21;9438;296;169471;36931;11.7;2.5
62;2021-03-22;2937;1088;172408;38019;11.9;2.6
62;2021-03-23;4986;1490;177394;39509;12.2;2.7
62;2021-03-24;4687;1404;182081;40913;12.5;2.8
62;2021-03-25;6548;1471;188629;42384;13.0;2.9
62;2021-03-26;7045;1461;195674;43845;13.5;3.0
62;2021-03-27;12581;675;208255;44520;14.3;3.1
62;2021-03-28;6934;244;215189;44764;14.8;3.1
62;2021-03-29;3472;1193;218661;45957;15.1;3.2
62;2021-03-30;4548;2198;223209;48155;15.4;3.3
62;2021-03-31;4216;2463;227425;50618;15.7;3.5
62;2021-04-01;4964;2748;232389;53366;16.0;3.7
62;2021-04-02;5065;3210;237454;56576;16.3;3.9
62;2021-04-03;8195;3298;245649;59874;16.9;4.1
62;2021-04-04;4576;1904;250225;61778;17.2;4.3
62;2021-04-05;943;458;251168;62236;17.3;4.3
62;2021-04-06;4114;2972;255282;65208;17.6;4.5
62;2021-04-07;5028;3475;260310;68683;17.9;4.7
62;2021-04-08;6476;3934;266786;72617;18.4;5.0
62;2021-04-09;7615;3439;274401;76056;18.9;5.2
62;2021-04-10;6637;8045;281038;84101;19.3;5.8
62;2021-04-11;2812;6893;283850;90994;19.5;6.3
62;2021-04-12;3418;2352;287268;93346;19.8;6.4
62;2021-04-13;6165;3147;293433;96493;20.2;6.6
62;2021-04-14;5297;3046;298730;99539;20.6;6.9
62;2021-04-15;5738;2973;304468;102512;21.0;7.1
62;2021-04-16;5416;3169;309884;105681;21.3;7.3
62;2021-04-17;4355;7355;314239;113036;21.6;7.8
62;2021-04-18;1959;6844;316198;119880;21.8;8.3
62;2021-04-19;2777;1917;318975;121797;22.0;8.4
62;2021-04-20;4132;3874;323107;125671;22.2;8.7
62;2021-04-21;3751;3960;326858;129631;22.5;8.9
62;2021-04-22;3946;5162;330804;134793;22.8;9.3
62;2021-04-23;4047;5270;334851;140063;23.0;9.6
62;2021-04-24;4399;6712;339250;146775;23.4;10.1
62;2021-04-25;1908;3497;341158;150272;23.5;10.3
62;2021-04-26;2223;2430;343381;152702;23.6;10.5
62;2021-04-27;4408;3684;347789;156386;23.9;10.8
62;2021-04-28;4590;4329;352379;160715;24.3;11.1
62;2021-04-29;4784;5851;357163;166566;24.6;11.5
62;2021-04-30;5209;5692;362372;172258;24.9;11.9
62;2021-05-01;5734;3452;368106;175710;25.3;12.1
62;2021-05-02;7815;3114;375921;178824;25.9;12.3
62;2021-05-03;4496;2290;380417;181114;26.2;12.5
62;2021-05-04;5384;4959;385801;186073;26.6;12.8
62;2021-05-05;4728;4831;390529;190904;26.9;13.1
62;2021-05-06;5614;4901;396143;195805;27.3;13.5
62;2021-05-07;7676;4644;403819;200449;27.8;13.8
62;2021-05-08;10635;2260;414454;202709;28.5;14.0
62;2021-05-09;8625;1619;423079;204328;29.1;14.1
62;2021-05-10;4867;3999;427946;208327;29.5;14.3
62;2021-05-11;6408;5017;434354;213344;29.9;14.7
62;2021-05-12;8620;4592;442974;217936;30.5;15.0
62;2021-05-13;9995;1463;452969;219399;31.2;15.1
62;2021-05-14;11869;3365;464838;222764;32.0;15.3
62;2021-05-15;19776;3220;484614;225984;33.4;15.6
62;2021-05-16;16391;1379;501005;227363;34.5;15.7
62;2021-05-17;8178;2650;509183;230013;35.0;15.8
62;2021-05-18;9318;3104;518501;233117;35.7;16.0
62;2021-05-19;8611;2888;527112;236005;36.3;16.2
62;2021-05-20;8335;3824;535447;239829;36.9;16.5
62;2021-05-21;9383;4190;544830;244019;37.5;16.8
62;2021-05-22;17861;3493;562691;247512;38.7;17.0
62;2021-05-23;12374;1116;575065;248628;39.6;17.1
62;2021-05-24;3908;577;578973;249205;39.9;17.2
62;2021-05-25;7215;4083;586188;253288;40.3;17.4
62;2021-05-26;6767;4896;592955;258184;40.8;17.8
62;2021-05-27;6380;5675;599335;263859;41.3;18.2
62;2021-05-28;6514;6756;605849;270615;41.7;18.6
62;2021-05-29;10847;5525;616696;276140;42.4;19.0
62;2021-05-30;4038;978;620734;277118;42.7;19.1
62;2021-05-31;4790;3965;625524;281083;43.1;19.3
62;2021-06-01;6495;6523;632019;287606;43.5;19.8
62;2021-06-02;7407;5797;639426;293403;44.0;20.2
62;2021-06-03;7849;5882;647275;299285;44.6;20.6
62;2021-06-04;7897;6239;655172;305524;45.1;21.0
62;2021-06-05;8276;6227;663448;311751;45.7;21.5
62;2021-06-06;3120;1285;666568;313036;45.9;21.5
62;2021-06-07;4605;3750;671173;316786;46.2;21.8
62;2021-06-08;6196;5881;677369;322667;46.6;22.2
62;2021-06-09;5482;4752;682851;327419;47.0;22.5
62;2021-06-10;5187;5869;688038;333288;47.4;22.9
62;2021-06-11;6210;8875;694248;342163;47.8;23.6
62;2021-06-12;5922;8655;700170;350818;48.2;24.1
62;2021-06-13;3202;3781;703372;354599;48.4;24.4
62;2021-06-14;2590;6774;705962;361373;48.6;24.9
62;2021-06-15;4654;8527;710616;369900;48.9;25.5
62;2021-06-16;5059;7417;715675;377317;49.3;26.0
62;2021-06-17;5210;8045;720885;385362;49.6;26.5
62;2021-06-18;4796;10488;725681;395850;50.0;27.2
62;2021-06-19;5785;13445;731466;409295;50.3;28.2
62;2021-06-20;2093;4376;733559;413671;50.5;28.5
62;2021-06-21;2955;8942;736514;422613;50.7;29.1
62;2021-06-22;3405;10185;739919;432798;50.9;29.8
62;2021-06-23;3369;10330;743288;443128;51.2;30.5
62;2021-06-24;3312;11799;746600;454927;51.4;31.3
62;2021-06-25;3686;15803;750286;470730;51.6;32.4
62;2021-06-26;3512;18433;753798;489163;51.9;33.7
62;2021-06-27;1115;9843;754913;499006;52.0;34.3
62;2021-06-28;1904;8887;756817;507893;52.1;35.0
62;2021-06-29;2947;11469;759764;519362;52.3;35.7
62;2021-06-30;4070;10808;763834;530170;52.6;36.5
62;2021-07-01;4361;10475;768195;540645;52.9;37.2
62;2021-07-02;4100;11967;772295;552612;53.2;38.0
62;2021-07-03;2987;18080;775282;570692;53.4;39.3
62;2021-07-04;1433;9190;776715;579882;53.5;39.9
62;2021-07-05;2392;6926;779107;586808;53.6;40.4
62;2021-07-06;3769;10016;782876;596824;53.9;41.1
62;2021-07-07;3878;8904;786754;605728;54.2;41.7
62;2021-07-08;5207;9098;791961;614826;54.5;42.3
62;2021-07-09;4377;10857;796338;625683;54.8;43.1
62;2021-07-10;4906;11844;801244;637527;55.2;43.9
62;2021-07-11;1328;2086;802572;639613;55.2;44.0
62;2021-07-12;2298;7126;804870;646739;55.4;44.5
62;2021-07-13;5029;12137;809899;658876;55.7;45.4
62;2021-07-14;3588;3142;813487;662018;56.0;45.6
62;2021-07-15;7499;11502;820986;673520;56.5;46.4
62;2021-07-16;7535;11008;828521;684528;57.0;47.1
62;2021-07-17;9569;10177;838090;694705;57.7;47.8
62;2021-07-18;2696;3452;840786;698157;57.9;48.1
62;2021-07-19;5940;6987;846726;705144;58.3;48.5
62;2021-07-20;7858;10673;854584;715817;58.8;49.3
62;2021-07-21;9601;9339;864185;725156;59.5;49.9
63;2020-12-27;0;0;0;0;0.0;0.0
63;2020-12-28;0;0;0;0;0.0;0.0
63;2020-12-29;0;0;0;0;0.0;0.0
63;2020-12-30;0;0;0;0;0.0;0.0
63;2020-12-31;0;0;0;0;0.0;0.0
63;2021-01-01;0;0;0;0;0.0;0.0
63;2021-01-02;0;0;0;0;0.0;0.0
63;2021-01-03;0;0;0;0;0.0;0.0
63;2021-01-04;0;0;0;0;0.0;0.0
63;2021-01-05;1;0;1;0;0.0;0.0
63;2021-01-06;4;1;5;1;0.0;0.0
63;2021-01-07;298;0;303;1;0.0;0.0
63;2021-01-08;207;1;510;2;0.1;0.0
63;2021-01-09;90;0;600;2;0.1;0.0
63;2021-01-10;81;0;681;2;0.1;0.0
63;2021-01-11;422;0;1103;2;0.2;0.0
63;2021-01-12;641;1;1744;3;0.3;0.0
63;2021-01-13;847;2;2591;5;0.4;0.0
63;2021-01-14;515;8;3106;13;0.5;0.0
63;2021-01-15;427;2;3533;15;0.5;0.0
63;2021-01-16;157;0;3690;15;0.6;0.0
63;2021-01-17;131;0;3821;15;0.6;0.0
63;2021-01-18;604;1;4425;16;0.7;0.0
63;2021-01-19;855;1;5280;17;0.8;0.0
63;2021-01-20;1039;1;6319;18;1.0;0.0
63;2021-01-21;976;2;7295;20;1.1;0.0
63;2021-01-22;966;3;8261;23;1.3;0.0
63;2021-01-23;190;0;8451;23;1.3;0.0
63;2021-01-24;162;0;8613;23;1.3;0.0
63;2021-01-25;787;1;9400;24;1.4;0.0
63;2021-01-26;955;2;10355;26;1.6;0.0
63;2021-01-27;999;5;11354;31;1.7;0.0
63;2021-01-28;1310;67;12664;98;1.9;0.0
63;2021-01-29;1064;66;13728;164;2.1;0.0
63;2021-01-30;69;0;13797;164;2.1;0.0
63;2021-01-31;6;0;13803;164;2.1;0.0
63;2021-02-01;563;182;14366;346;2.2;0.1
63;2021-02-02;876;235;15242;581;2.3;0.1
63;2021-02-03;1467;282;16709;863;2.5;0.1
63;2021-02-04;2115;512;18824;1375;2.9;0.2
63;2021-02-05;1143;271;19967;1646;3.0;0.2
63;2021-02-06;115;0;20082;1646;3.0;0.2
63;2021-02-07;9;1;20091;1647;3.0;0.2
63;2021-02-08;532;408;20623;2055;3.1;0.3
63;2021-02-09;669;436;21292;2491;3.2;0.4
63;2021-02-10;606;602;21898;3093;3.3;0.5
63;2021-02-11;750;466;22648;3559;3.4;0.5
63;2021-02-12;821;810;23469;4369;3.6;0.7
63;2021-02-13;82;1;23551;4370;3.6;0.7
63;2021-02-14;0;65;23551;4435;3.6;0.7
63;2021-02-15;204;795;23755;5230;3.6;0.8
63;2021-02-16;407;1137;24162;6367;3.7;1.0
63;2021-02-17;347;876;24509;7243;3.7;1.1
63;2021-02-18;594;827;25103;8070;3.8;1.2
63;2021-02-19;447;978;25550;9048;3.9;1.4
63;2021-02-20;37;32;25587;9080;3.9;1.4
63;2021-02-21;2;17;25589;9097;3.9;1.4
63;2021-02-22;291;931;25880;10028;3.9;1.5
63;2021-02-23;574;1145;26454;11173;4.0;1.7
63;2021-02-24;696;1425;27150;12598;4.1;1.9
63;2021-02-25;1582;1672;28732;14270;4.4;2.2
63;2021-02-26;1623;1365;30355;15635;4.6;2.4
63;2021-02-27;642;64;30997;15699;4.7;2.4
63;2021-02-28;4;178;31001;15877;4.7;2.4
63;2021-03-01;583;520;31584;16397;4.8;2.5
63;2021-03-02;899;793;32483;17190;4.9;2.6
63;2021-03-03;1034;723;33517;17913;5.1;2.7
63;2021-03-04;1748;496;35265;18409;5.3;2.8
63;2021-03-05;2612;682;37877;19091;5.7;2.9
63;2021-03-06;1550;35;39427;19126;6.0;2.9
63;2021-03-07;511;15;39938;19141;6.0;2.9
63;2021-03-08;965;647;40903;19788;6.2;3.0
63;2021-03-09;1537;1061;42440;20849;6.4;3.2
63;2021-03-10;1640;606;44080;21455;6.7;3.2
63;2021-03-11;3051;881;47131;22336;7.1;3.4
63;2021-03-12;3509;362;50640;22698;7.7;3.4
63;2021-03-13;2049;76;52689;22774;8.0;3.4
63;2021-03-14;57;21;52746;22795;8.0;3.5
63;2021-03-15;1736;364;54482;23159;8.3;3.5
63;2021-03-16;1741;411;56223;23570;8.5;3.6
63;2021-03-17;1634;672;57857;24242;8.8;3.7
63;2021-03-18;1933;740;59790;24982;9.1;3.8
63;2021-03-19;2732;485;62522;25467;9.5;3.9
63;2021-03-20;1121;66;63643;25533;9.6;3.9
63;2021-03-21;49;45;63692;25578;9.6;3.9
63;2021-03-22;1981;251;65673;25829;9.9;3.9
63;2021-03-23;2878;355;68551;26184;10.4;4.0
63;2021-03-24;3214;333;71765;26517;10.9;4.0
63;2021-03-25;4581;372;76346;26889;11.6;4.1
63;2021-03-26;4688;547;81034;27436;12.3;4.2
63;2021-03-27;2454;223;83488;27659;12.6;4.2
63;2021-03-28;1042;80;84530;27739;12.8;4.2
63;2021-03-29;2478;507;87008;28246;13.2;4.3
63;2021-03-30;3275;624;90283;28870;13.7;4.4
63;2021-03-31;2960;744;93243;29614;14.1;4.5
63;2021-04-01;3819;527;97062;30141;14.7;4.6
63;2021-04-02;3479;702;100541;30843;15.2;4.7
63;2021-04-03;1171;181;101712;31024;15.4;4.7
63;2021-04-04;877;27;102589;31051;15.5;4.7
63;2021-04-05;802;86;103391;31137;15.7;4.7
63;2021-04-06;2463;928;105854;32065;16.0;4.9
63;2021-04-07;3206;860;109060;32925;16.5;5.0
63;2021-04-08;4715;1206;113775;34131;17.2;5.2
63;2021-04-09;5310;963;119085;35094;18.0;5.3
63;2021-04-10;2220;470;121305;35564;18.4;5.4
63;2021-04-11;833;37;122138;35601;18.5;5.4
63;2021-04-12;1623;1310;123761;36911;18.7;5.6
63;2021-04-13;1984;1966;125745;38877;19.0;5.9
63;2021-04-14;2627;1431;128372;40308;19.4;6.1
63;2021-04-15;3780;1512;132152;41820;20.0;6.3
63;2021-04-16;2837;2152;134989;43972;20.4;6.7
63;2021-04-17;1230;669;136219;44641;20.6;6.8
63;2021-04-18;802;59;137021;44700;20.8;6.8
63;2021-04-19;1653;2111;138674;46811;21.0;7.1
63;2021-04-20;1697;2294;140371;49105;21.3;7.4
63;2021-04-21;1512;2404;141883;51509;21.5;7.8
63;2021-04-22;1912;2266;143795;53775;21.8;8.1
63;2021-04-23;2015;3103;145810;56878;22.1;8.6
63;2021-04-24;1188;1127;146998;58005;22.3;8.8
63;2021-04-25;553;413;147551;58418;22.3;8.8
63;2021-04-26;1436;2242;148987;60660;22.6;9.2
63;2021-04-27;2310;2600;151297;63260;22.9;9.6
63;2021-04-28;2323;3150;153620;66410;23.3;10.1
63;2021-04-29;2866;2835;156486;69245;23.7;10.5
63;2021-04-30;2861;2811;159347;72056;24.1;10.9
63;2021-05-01;1126;1048;160473;73104;24.3;11.1
63;2021-05-02;897;639;161370;73743;24.4;11.2
63;2021-05-03;2686;2246;164056;75989;24.8;11.5
63;2021-05-04;2875;2674;166931;78663;25.3;11.9
63;2021-05-05;2932;3115;169863;81778;25.7;12.4
63;2021-05-06;3665;3042;173528;84820;26.3;12.8
63;2021-05-07;4028;3537;177556;88357;26.9;13.4
63;2021-05-08;1994;649;179550;89006;27.2;13.5
63;2021-05-09;1803;607;181353;89613;27.5;13.6
63;2021-05-10;4197;2758;185550;92371;28.1;14.0
63;2021-05-11;5332;2754;190882;95125;28.9;14.4
63;2021-05-12;5254;2894;196136;98019;29.7;14.8
63;2021-05-13;4124;695;200260;98714;30.3;15.0
63;2021-05-14;4767;1505;205027;100219;31.1;15.2
63;2021-05-15;3716;982;208743;101201;31.6;15.3
63;2021-05-16;3515;443;212258;101644;32.1;15.4
63;2021-05-17;3891;1981;216149;103625;32.7;15.7
63;2021-05-18;5110;1614;221259;105239;33.5;15.9
63;2021-05-19;5212;1614;226471;106853;34.3;16.2
63;2021-05-20;6786;2073;233257;108926;35.3;16.5
63;2021-05-21;6247;2314;239504;111240;36.3;16.8
63;2021-05-22;3348;844;242852;112084;36.8;17.0
63;2021-05-23;2379;243;245231;112327;37.1;17.0
63;2021-05-24;2635;578;247866;112905;37.5;17.1
63;2021-05-25;4266;2632;252132;115537;38.2;17.5
63;2021-05-26;5439;2400;257571;117937;39.0;17.9
63;2021-05-27;6487;2794;264058;120731;40.0;18.3
63;2021-05-28;5411;3882;269469;124613;40.8;18.9
63;2021-05-29;3355;1502;272824;126115;41.3;19.1
63;2021-05-30;1579;217;274403;126332;41.6;19.1
63;2021-05-31;4140;2277;278543;128609;42.2;19.5
63;2021-06-01;3787;2952;282330;131561;42.8;19.9
63;2021-06-02;3876;2513;286206;134074;43.3;20.3
63;2021-06-03;4892;3141;291098;137215;44.1;20.8
63;2021-06-04;5092;3622;296190;140837;44.9;21.3
63;2021-06-05;2802;1741;298992;142578;45.3;21.6
63;2021-06-06;1304;696;300296;143274;45.5;21.7
63;2021-06-07;3162;2515;303458;145789;46.0;22.1
63;2021-06-08;2871;2758;306329;148547;46.4;22.5
63;2021-06-09;3014;2271;309343;150818;46.9;22.8
63;2021-06-10;3197;2687;312540;153505;47.3;23.2
63;2021-06-11;3088;4048;315628;157553;47.8;23.9
63;2021-06-12;1625;1966;317253;159519;48.1;24.2
63;2021-06-13;478;1094;317731;160613;48.1;24.3
63;2021-06-14;1820;3474;319551;164087;48.4;24.9
63;2021-06-15;2196;3475;321747;167562;48.7;25.4
63;2021-06-16;2555;3310;324302;170872;49.1;25.9
63;2021-06-17;2358;4300;326660;175172;49.5;26.5
63;2021-06-18;2442;5829;329102;181001;49.8;27.4
63;2021-06-19;1604;2824;330706;183825;50.1;27.8
63;2021-06-20;655;2439;331361;186264;50.2;28.2
63;2021-06-21;1266;5389;332627;191653;50.4;29.0
63;2021-06-22;1225;5538;333852;197191;50.6;29.9
63;2021-06-23;1518;4759;335370;201950;50.8;30.6
63;2021-06-24;1905;5381;337275;207331;51.1;31.4
63;2021-06-25;1717;5908;338992;213239;51.3;32.3
63;2021-06-26;1067;3353;340059;216592;51.5;32.8
63;2021-06-27;697;3484;340756;220076;51.6;33.3
63;2021-06-28;1133;5662;341889;225738;51.8;34.2
63;2021-06-29;1220;5168;343109;230906;52.0;35.0
63;2021-06-30;1563;5285;344672;236191;52.2;35.8
63;2021-07-01;1876;8073;346548;244264;52.5;37.0
63;2021-07-02;2016;6541;348564;250805;52.8;38.0
63;2021-07-03;944;2925;349508;253730;52.9;38.4
63;2021-07-04;984;1881;350492;255611;53.1;38.7
63;2021-07-05;1472;6282;351964;261893;53.3;39.7
63;2021-07-06;1578;4797;353542;266690;53.5;40.4
63;2021-07-07;1947;4079;355489;270769;53.8;41.0
63;2021-07-08;2180;4580;357669;275349;54.2;41.7
63;2021-07-09;1895;5723;359564;281072;54.5;42.6
63;2021-07-10;1516;3406;361080;284478;54.7;43.1
63;2021-07-11;891;1528;361971;286006;54.8;43.3
63;2021-07-12;1565;8706;363536;294712;55.1;44.6
63;2021-07-13;3564;6124;367100;300836;55.6;45.6
63;2021-07-14;3587;1776;370687;302612;56.1;45.8
63;2021-07-15;4353;5024;375040;307636;56.8;46.6
63;2021-07-16;4645;5766;379685;313402;57.5;47.5
63;2021-07-17;2981;2453;382666;315855;58.0;47.8
63;2021-07-18;2795;1083;385461;316938;58.4;48.0
63;2021-07-19;3940;4818;389401;321756;59.0;48.7
63;2021-07-20;4667;5425;394068;327181;59.7;49.6
63;2021-07-21;4456;3917;398524;331098;60.4;50.1
64;2020-12-27;0;0;0;0;0.0;0.0
64;2020-12-28;0;0;0;0;0.0;0.0
64;2020-12-29;0;0;0;0;0.0;0.0
64;2020-12-30;0;0;0;0;0.0;0.0
64;2020-12-31;0;0;0;0;0.0;0.0
64;2021-01-01;0;0;0;0;0.0;0.0
64;2021-01-02;0;0;0;0;0.0;0.0
64;2021-01-03;0;0;0;0;0.0;0.0
64;2021-01-04;29;0;29;0;0.0;0.0
64;2021-01-05;22;0;51;0;0.0;0.0
64;2021-01-06;185;1;236;1;0.0;0.0
64;2021-01-07;839;0;1075;1;0.2;0.0
64;2021-01-08;879;2;1954;3;0.3;0.0
64;2021-01-09;54;0;2008;3;0.3;0.0
64;2021-01-10;0;0;2008;3;0.3;0.0
64;2021-01-11;538;1;2546;4;0.4;0.0
64;2021-01-12;758;2;3304;6;0.5;0.0
64;2021-01-13;865;2;4169;8;0.6;0.0
64;2021-01-14;1044;3;5213;11;0.8;0.0
64;2021-01-15;928;5;6141;16;0.9;0.0
64;2021-01-16;67;0;6208;16;0.9;0.0
64;2021-01-17;2;0;6210;16;0.9;0.0
64;2021-01-18;937;8;7147;24;1.0;0.0
64;2021-01-19;1441;4;8588;28;1.3;0.0
64;2021-01-20;1614;1;10202;29;1.5;0.0
64;2021-01-21;2597;1;12799;30;1.9;0.0
64;2021-01-22;1645;3;14444;33;2.1;0.0
64;2021-01-23;521;1;14965;34;2.2;0.0
64;2021-01-24;88;0;15053;34;2.2;0.0
64;2021-01-25;968;7;16021;41;2.3;0.0
64;2021-01-26;1353;21;17374;62;2.5;0.0
64;2021-01-27;1240;120;18614;182;2.7;0.0
64;2021-01-28;1647;633;20261;815;3.0;0.1
64;2021-01-29;970;654;21231;1469;3.1;0.2
64;2021-01-30;466;60;21697;1529;3.2;0.2
64;2021-01-31;90;0;21787;1529;3.2;0.2
64;2021-02-01;673;313;22460;1842;3.3;0.3
64;2021-02-02;1130;555;23590;2397;3.5;0.4
64;2021-02-03;1038;631;24628;3028;3.6;0.4
64;2021-02-04;1026;535;25654;3563;3.8;0.5
64;2021-02-05;866;457;26520;4020;3.9;0.6
64;2021-02-06;498;34;27018;4054;4.0;0.6
64;2021-02-07;130;3;27148;4057;4.0;0.6
64;2021-02-08;767;310;27915;4367;4.1;0.6
64;2021-02-09;940;722;28855;5089;4.2;0.7
64;2021-02-10;908;805;29763;5894;4.4;0.9
64;2021-02-11;1197;1482;30960;7376;4.5;1.1
64;2021-02-12;1074;1069;32034;8445;4.7;1.2
64;2021-02-13;224;322;32258;8767;4.7;1.3
64;2021-02-14;36;49;32294;8816;4.7;1.3
64;2021-02-15;221;1130;32515;9946;4.8;1.5
64;2021-02-16;257;1407;32772;11353;4.8;1.7
64;2021-02-17;289;1256;33061;12609;4.8;1.8
64;2021-02-18;506;1717;33567;14326;4.9;2.1
64;2021-02-19;415;1293;33982;15619;5.0;2.3
64;2021-02-20;119;441;34101;16060;5.0;2.4
64;2021-02-21;20;83;34121;16143;5.0;2.4
64;2021-02-22;475;990;34596;17133;5.1;2.5
64;2021-02-23;710;1145;35306;18278;5.2;2.7
64;2021-02-24;724;1018;36030;19296;5.3;2.8
64;2021-02-25;1092;956;37122;20252;5.4;3.0
64;2021-02-26;1211;914;38333;21166;5.6;3.1
64;2021-02-27;863;406;39196;21572;5.7;3.2
64;2021-02-28;41;85;39237;21657;5.7;3.2
64;2021-03-01;761;797;39998;22454;5.9;3.3
64;2021-03-02;1076;915;41074;23369;6.0;3.4
64;2021-03-03;1240;1009;42314;24378;6.2;3.6
64;2021-03-04;1868;1181;44182;25559;6.5;3.7
64;2021-03-05;2190;1065;46372;26624;6.8;3.9
64;2021-03-06;1539;518;47911;27142;7.0;4.0
64;2021-03-07;592;109;48503;27251;7.1;4.0
64;2021-03-08;1529;765;50032;28016;7.3;4.1
64;2021-03-09;2059;842;52091;28858;7.6;4.2
64;2021-03-10;2076;754;54167;29612;7.9;4.3
64;2021-03-11;2967;1064;57134;30676;8.4;4.5
64;2021-03-12;3479;583;60613;31259;8.9;4.6
64;2021-03-13;2255;165;62868;31424;9.2;4.6
64;2021-03-14;228;15;63096;31439;9.2;4.6
64;2021-03-15;2329;226;65425;31665;9.6;4.6
64;2021-03-16;1975;260;67400;31925;9.9;4.7
64;2021-03-17;2059;231;69459;32156;10.2;4.7
64;2021-03-18;2456;201;71915;32357;10.5;4.7
64;2021-03-19;3002;278;74917;32635;11.0;4.8
64;2021-03-20;2455;85;77372;32720;11.3;4.8
64;2021-03-21;1271;24;78643;32744;11.5;4.8
64;2021-03-22;2576;546;81219;33290;11.9;4.9
64;2021-03-23;3192;654;84411;33944;12.4;5.0
64;2021-03-24;3560;696;87971;34640;12.9;5.1
64;2021-03-25;4343;800;92314;35440;13.5;5.2
64;2021-03-26;4413;695;96727;36135;14.2;5.3
64;2021-03-27;2965;415;99692;36550;14.6;5.4
64;2021-03-28;517;53;100209;36603;14.7;5.4
64;2021-03-29;3016;878;103225;37481;15.1;5.5
64;2021-03-30;4126;861;107351;38342;15.7;5.6
64;2021-03-31;3576;772;110927;39114;16.2;5.7
64;2021-04-01;4753;920;115680;40034;16.9;5.9
64;2021-04-02;4434;737;120114;40771;17.6;6.0
64;2021-04-03;2056;583;122170;41354;17.9;6.1
64;2021-04-04;302;49;122472;41403;17.9;6.1
64;2021-04-05;1681;137;124153;41540;18.2;6.1
64;2021-04-06;3645;1379;127798;42919;18.7;6.3
64;2021-04-07;3938;1500;131736;44419;19.3;6.5
64;2021-04-08;5184;1585;136920;46004;20.0;6.7
64;2021-04-09;5876;1609;142796;47613;20.9;7.0
64;2021-04-10;3218;1037;146014;48650;21.4;7.1
64;2021-04-11;436;252;146450;48902;21.4;7.2
64;2021-04-12;4038;1851;150488;50753;22.0;7.4
64;2021-04-13;4452;2147;154940;52900;22.7;7.7
64;2021-04-14;4079;2123;159019;55023;23.3;8.1
64;2021-04-15;4388;2276;163407;57299;23.9;8.4
64;2021-04-16;4278;2253;167685;59552;24.5;8.7
64;2021-04-17;2477;1493;170162;61045;24.9;8.9
64;2021-04-18;1096;1180;171258;62225;25.1;9.1
64;2021-04-19;2723;2443;173981;64668;25.5;9.5
64;2021-04-20;3201;2418;177182;67086;25.9;9.8
64;2021-04-21;3206;2551;180388;69637;26.4;10.2
64;2021-04-22;3380;2772;183768;72409;26.9;10.6
64;2021-04-23;3422;2584;187190;74993;27.4;11.0
64;2021-04-24;2065;1583;189255;76576;27.7;11.2
64;2021-04-25;288;238;189543;76814;27.7;11.2
64;2021-04-26;2652;2648;192195;79462;28.1;11.6
64;2021-04-27;3055;3124;195250;82586;28.6;12.1
64;2021-04-28;3599;3059;198849;85645;29.1;12.5
64;2021-04-29;4644;3439;203493;89084;29.8;13.0
64;2021-04-30;4068;3604;207561;92688;30.4;13.6
64;2021-05-01;1479;1023;209040;93711;30.6;13.7
64;2021-05-02;443;326;209483;94037;30.7;13.8
64;2021-05-03;2905;3479;212388;97516;31.1;14.3
64;2021-05-04;3640;3975;216028;101491;31.6;14.9
64;2021-05-05;3354;4006;219382;105497;32.1;15.4
64;2021-05-06;4108;3978;223490;109475;32.7;16.0
64;2021-05-07;3912;4177;227402;113652;33.3;16.6
64;2021-05-08;2615;1229;230017;114881;33.7;16.8
64;2021-05-09;716;308;230733;115189;33.8;16.9
64;2021-05-10;2857;4235;233590;119424;34.2;17.5
64;2021-05-11;4178;4147;237768;123571;34.8;18.1
64;2021-05-12;4481;3939;242249;127510;35.5;18.7
64;2021-05-13;3195;879;245444;128389;35.9;18.8
64;2021-05-14;5137;3141;250581;131530;36.7;19.3
64;2021-05-15;3520;1866;254101;133396;37.2;19.5
64;2021-05-16;495;224;254596;133620;37.3;19.6
64;2021-05-17;4190;2375;258786;135995;37.9;19.9
64;2021-05-18;5159;2294;263945;138289;38.6;20.2
64;2021-05-19;4972;2156;268917;140445;39.4;20.6
64;2021-05-20;5554;2150;274471;142595;40.2;20.9
64;2021-05-21;5259;2242;279730;144837;40.9;21.2
64;2021-05-22;3571;1501;283301;146338;41.5;21.4
64;2021-05-23;427;207;283728;146545;41.5;21.5
64;2021-05-24;2993;1221;286721;147766;42.0;21.6
64;2021-05-25;4328;2835;291049;150601;42.6;22.0
64;2021-05-26;4345;2707;295394;153308;43.2;22.4
64;2021-05-27;5281;3139;300675;156447;44.0;22.9
64;2021-05-28;4597;3428;305272;159875;44.7;23.4
64;2021-05-29;2805;2110;308077;161985;45.1;23.7
64;2021-05-30;436;204;308513;162189;45.2;23.7
64;2021-05-31;3889;3661;312402;165850;45.7;24.3
64;2021-06-01;5320;3561;317722;169411;46.5;24.8
64;2021-06-02;4927;3161;322649;172572;47.2;25.3
64;2021-06-03;6357;3252;329006;175824;48.2;25.7
64;2021-06-04;5138;4537;334144;180361;48.9;26.4
64;2021-06-05;3480;2519;337624;182880;49.4;26.8
64;2021-06-06;2003;328;339627;183208;49.7;26.8
64;2021-06-07;4118;4314;343745;187522;50.3;27.4
64;2021-06-08;5143;4116;348888;191638;51.1;28.1
64;2021-06-09;5144;3643;354032;195281;51.8;28.6
64;2021-06-10;6162;3128;360194;198409;52.7;29.0
64;2021-06-11;5560;4861;365754;203270;53.5;29.8
64;2021-06-12;3934;2315;369688;205585;54.1;30.1
64;2021-06-13;1547;390;371235;205975;54.3;30.1
64;2021-06-14;3656;4785;374891;210760;54.9;30.9
64;2021-06-15;4550;4696;379441;215456;55.5;31.5
64;2021-06-16;4456;4654;383897;220110;56.2;32.2
64;2021-06-17;3615;4289;387512;224399;56.7;32.8
64;2021-06-18;4400;5163;391912;229562;57.4;33.6
64;2021-06-19;2956;3272;394868;232834;57.8;34.1
64;2021-06-20;874;536;395742;233370;57.9;34.2
64;2021-06-21;2298;5125;398040;238495;58.3;34.9
64;2021-06-22;2539;5725;400579;244220;58.6;35.7
64;2021-06-23;3089;5476;403668;249696;59.1;36.5
64;2021-06-24;2685;3805;406353;253501;59.5;37.1
64;2021-06-25;2861;6429;409214;259930;59.9;38.0
64;2021-06-26;1783;3831;410997;263761;60.2;38.6
64;2021-06-27;486;711;411483;264472;60.2;38.7
64;2021-06-28;1907;6060;413390;270532;60.5;39.6
64;2021-06-29;1918;6261;415308;276793;60.8;40.5
64;2021-06-30;2216;6007;417524;282800;61.1;41.4
64;2021-07-01;2331;5337;419855;288137;61.5;42.2
64;2021-07-02;2269;6396;422124;294533;61.8;43.1
64;2021-07-03;1248;3780;423372;298313;62.0;43.7
64;2021-07-04;402;842;423774;299155;62.0;43.8
64;2021-07-05;1354;5413;425128;304568;62.2;44.6
64;2021-07-06;1951;6147;427079;310715;62.5;45.5
64;2021-07-07;2027;5740;429106;316455;62.8;46.3
64;2021-07-08;1762;4385;430868;320840;63.1;47.0
64;2021-07-09;1800;6528;432668;327368;63.3;47.9
64;2021-07-10;1163;3875;433831;331243;63.5;48.5
64;2021-07-11;250;858;434081;332101;63.5;48.6
64;2021-07-12;1483;6092;435564;338193;63.8;49.5
64;2021-07-13;2322;7243;437886;345436;64.1;50.6
64;2021-07-14;2345;3382;440231;348818;64.4;51.1
64;2021-07-15;2059;5471;442290;354289;64.7;51.9
64;2021-07-16;2803;6757;445093;361046;65.2;52.8
64;2021-07-17;2317;4575;447410;365621;65.5;53.5
64;2021-07-18;696;2046;448106;367667;65.6;53.8
64;2021-07-19;2311;6110;450417;373777;65.9;54.7
64;2021-07-20;3092;6533;453509;380310;66.4;55.7
64;2021-07-21;3287;6022;456796;386332;66.9;56.5
65;2020-12-27;0;0;0;0;0.0;0.0
65;2020-12-28;0;0;0;0;0.0;0.0
65;2020-12-29;0;0;0;0;0.0;0.0
65;2020-12-30;0;0;0;0;0.0;0.0
65;2020-12-31;0;0;0;0;0.0;0.0
65;2021-01-01;0;0;0;0;0.0;0.0
65;2021-01-02;0;0;0;0;0.0;0.0
65;2021-01-03;0;0;0;0;0.0;0.0
65;2021-01-04;0;0;0;0;0.0;0.0
65;2021-01-05;1;0;1;0;0.0;0.0
65;2021-01-06;3;0;4;0;0.0;0.0
65;2021-01-07;167;0;171;0;0.1;0.0
65;2021-01-08;253;1;424;1;0.2;0.0
65;2021-01-09;175;1;599;2;0.3;0.0
65;2021-01-10;1;0;600;2;0.3;0.0
65;2021-01-11;275;3;875;5;0.4;0.0
65;2021-01-12;270;1;1145;6;0.5;0.0
65;2021-01-13;584;1;1729;7;0.8;0.0
65;2021-01-14;577;4;2306;11;1.0;0.0
65;2021-01-15;527;2;2833;13;1.2;0.0
65;2021-01-16;221;2;3054;15;1.3;0.0
65;2021-01-17;1;0;3055;15;1.3;0.0
65;2021-01-18;549;4;3604;19;1.6;0.0
65;2021-01-19;570;1;4174;20;1.8;0.0
65;2021-01-20;582;2;4756;22;2.1;0.0
65;2021-01-21;582;0;5338;22;2.4;0.0
65;2021-01-22;595;0;5933;22;2.6;0.0
65;2021-01-23;174;1;6107;23;2.7;0.0
65;2021-01-24;3;1;6110;24;2.7;0.0
65;2021-01-25;549;3;6659;27;2.9;0.0
65;2021-01-26;878;1;7537;28;3.3;0.0
65;2021-01-27;587;12;8124;40;3.6;0.0
65;2021-01-28;501;71;8625;111;3.8;0.0
65;2021-01-29;425;138;9050;249;4.0;0.1
65;2021-01-30;183;74;9233;323;4.1;0.1
65;2021-01-31;15;0;9248;323;4.1;0.1
65;2021-02-01;317;90;9565;413;4.2;0.2
65;2021-02-02;415;195;9980;608;4.4;0.3
65;2021-02-03;461;245;10441;853;4.6;0.4
65;2021-02-04;307;333;10748;1186;4.7;0.5
65;2021-02-05;282;362;11030;1548;4.9;0.7
65;2021-02-06;99;103;11129;1651;4.9;0.7
65;2021-02-07;10;0;11139;1651;4.9;0.7
65;2021-02-08;425;223;11564;1874;5.1;0.8
65;2021-02-09;271;379;11835;2253;5.2;1.0
65;2021-02-10;294;272;12129;2525;5.3;1.1
65;2021-02-11;319;274;12448;2799;5.5;1.2
65;2021-02-12;273;232;12721;3031;5.6;1.3
65;2021-02-13;123;97;12844;3128;5.7;1.4
65;2021-02-14;2;16;12846;3144;5.7;1.4
65;2021-02-15;201;414;13047;3558;5.8;1.6
65;2021-02-16;487;582;13534;4140;6.0;1.8
65;2021-02-17;229;499;13763;4639;6.1;2.0
65;2021-02-18;284;586;14047;5225;6.2;2.3
65;2021-02-19;153;479;14200;5704;6.3;2.5
65;2021-02-20;53;158;14253;5862;6.3;2.6
65;2021-02-21;2;48;14255;5910;6.3;2.6
65;2021-02-22;166;539;14421;6449;6.4;2.8
65;2021-02-23;247;528;14668;6977;6.5;3.1
65;2021-02-24;233;637;14901;7614;6.6;3.4
65;2021-02-25;211;178;15112;7792;6.7;3.4
65;2021-02-26;350;776;15462;8568;6.8;3.8
65;2021-02-27;107;202;15569;8770;6.9;3.9
65;2021-02-28;1;0;15570;8770;6.9;3.9
65;2021-03-01;375;375;15945;9145;7.0;4.0
65;2021-03-02;452;362;16397;9507;7.2;4.2
65;2021-03-03;379;389;16776;9896;7.4;4.4
65;2021-03-04;695;329;17471;10225;7.7;4.5
65;2021-03-05;674;278;18145;10503;8.0;4.6
65;2021-03-06;1183;82;19328;10585;8.5;4.7
65;2021-03-07;257;9;19585;10594;8.6;4.7
65;2021-03-08;410;344;19995;10938;8.8;4.8
65;2021-03-09;665;319;20660;11257;9.1;5.0
65;2021-03-10;624;370;21284;11627;9.4;5.1
65;2021-03-11;781;350;22065;11977;9.7;5.3
65;2021-03-12;1057;185;23122;12162;10.2;5.4
65;2021-03-13;353;91;23475;12253;10.3;5.4
65;2021-03-14;3;31;23478;12284;10.4;5.4
65;2021-03-15;813;183;24291;12467;10.7;5.5
65;2021-03-16;691;213;24982;12680;11.0;5.6
65;2021-03-17;709;205;25691;12885;11.3;5.7
65;2021-03-18;530;228;26221;13113;11.6;5.8
65;2021-03-19;878;159;27099;13272;11.9;5.9
65;2021-03-20;244;45;27343;13317;12.1;5.9
65;2021-03-21;8;2;27351;13319;12.1;5.9
65;2021-03-22;731;152;28082;13471;12.4;5.9
65;2021-03-23;833;365;28915;13836;12.7;6.1
65;2021-03-24;868;253;29783;14089;13.1;6.2
65;2021-03-25;1249;193;31032;14282;13.7;6.3
65;2021-03-26;1219;137;32251;14419;14.2;6.4
65;2021-03-27;1357;71;33608;14490;14.8;6.4
65;2021-03-28;1;2;33609;14492;14.8;6.4
65;2021-03-29;1487;355;35096;14847;15.5;6.5
65;2021-03-30;1354;401;36450;15248;16.1;6.7
65;2021-03-31;1202;367;37652;15615;16.6;6.9
65;2021-04-01;1507;389;39159;16004;17.3;7.1
65;2021-04-02;1682;286;40841;16290;18.0;7.2
65;2021-04-03;247;42;41088;16332;18.1;7.2
65;2021-04-04;4;1;41092;16333;18.1;7.2
65;2021-04-05;157;45;41249;16378;18.2;7.2
65;2021-04-06;1282;484;42531;16862;18.7;7.4
65;2021-04-07;1949;439;44480;17301;19.6;7.6
65;2021-04-08;1630;410;46110;17711;20.3;7.8
65;2021-04-09;1642;466;47752;18177;21.1;8.0
65;2021-04-10;1587;138;49339;18315;21.8;8.1
65;2021-04-11;2;0;49341;18315;21.8;8.1
65;2021-04-12;1345;733;50686;19048;22.3;8.4
65;2021-04-13;1572;588;52258;19636;23.0;8.7
65;2021-04-14;1901;737;54159;20373;23.9;9.0
65;2021-04-15;1698;657;55857;21030;24.6;9.3
65;2021-04-16;1825;524;57682;21554;25.4;9.5
65;2021-04-17;2151;117;59833;21671;26.4;9.6
65;2021-04-18;6;27;59839;21698;26.4;9.6
65;2021-04-19;1338;777;61177;22475;27.0;9.9
65;2021-04-20;1526;703;62703;23178;27.6;10.2
65;2021-04-21;1043;1047;63746;24225;28.1;10.7
65;2021-04-22;1645;723;65391;24948;28.8;11.0
65;2021-04-23;1155;1140;66546;26088;29.3;11.5
65;2021-04-24;1258;600;67804;26688;29.9;11.8
65;2021-04-25;31;15;67835;26703;29.9;11.8
65;2021-04-26;1603;1292;69438;27995;30.6;12.3
65;2021-04-27;1418;1334;70856;29329;31.2;12.9
65;2021-04-28;1728;1023;72584;30352;32.0;13.4
65;2021-04-29;1958;1022;74542;31374;32.9;13.8
65;2021-04-30;1778;924;76320;32298;33.6;14.2
65;2021-05-01;1569;209;77889;32507;34.3;14.3
65;2021-05-02;669;20;78558;32527;34.6;14.3
65;2021-05-03;1286;1620;79844;34147;35.2;15.1
65;2021-05-04;1539;1239;81383;35386;35.9;15.6
65;2021-05-05;1370;1640;82753;37026;36.5;16.3
65;2021-05-06;1550;1178;84303;38204;37.2;16.8
65;2021-05-07;1269;1565;85572;39769;37.7;17.5
65;2021-05-08;1646;437;87218;40206;38.4;17.7
65;2021-05-09;0;90;87218;40296;38.4;17.8
65;2021-05-10;953;1882;88171;42178;38.9;18.6
65;2021-05-11;1058;1809;89229;43987;39.3;19.4
65;2021-05-12;1232;1633;90461;45620;39.9;20.1
65;2021-05-13;1337;165;91798;45785;40.5;20.2
65;2021-05-14;1575;1092;93373;46877;41.2;20.7
65;2021-05-15;1400;500;94773;47377;41.8;20.9
65;2021-05-16;1445;70;96218;47447;42.4;20.9
65;2021-05-17;1036;1610;97254;49057;42.9;21.6
65;2021-05-18;1608;1200;98862;50257;43.6;22.2
65;2021-05-19;1683;1004;100545;51261;44.3;22.6
65;2021-05-20;1843;1043;102388;52304;45.1;23.1
65;2021-05-21;1794;1230;104182;53534;45.9;23.6
65;2021-05-22;1285;637;105467;54171;46.5;23.9
65;2021-05-23;689;32;106156;54203;46.8;23.9
65;2021-05-24;701;78;106857;54281;47.1;23.9
65;2021-05-25;1352;1543;108209;55824;47.7;24.6
65;2021-05-26;1467;1352;109676;57176;48.3;25.2
65;2021-05-27;1618;1453;111294;58629;49.1;25.8
65;2021-05-28;1595;1667;112889;60296;49.8;26.6
65;2021-05-29;1184;1508;114073;61804;50.3;27.2
65;2021-05-30;6;10;114079;61814;50.3;27.3
65;2021-05-31;1320;1295;115399;63109;50.9;27.8
65;2021-06-01;1826;927;117225;64036;51.7;28.2
65;2021-06-02;1568;947;118793;64983;52.4;28.6
65;2021-06-03;1338;1101;120131;66084;53.0;29.1
65;2021-06-04;1787;1560;121918;67644;53.7;29.8
65;2021-06-05;434;1239;122352;68883;53.9;30.4
65;2021-06-06;3;13;122355;68896;53.9;30.4
65;2021-06-07;671;1984;123026;70880;54.2;31.2
65;2021-06-08;950;1536;123976;72416;54.7;31.9
65;2021-06-09;823;1548;124799;73964;55.0;32.6
65;2021-06-10;739;1156;125538;75120;55.3;33.1
65;2021-06-11;906;1809;126444;76929;55.7;33.9
65;2021-06-12;149;639;126593;77568;55.8;34.2
65;2021-06-13;5;7;126598;77575;55.8;34.2
65;2021-06-14;503;2423;127101;79998;56.0;35.3
65;2021-06-15;930;1805;128031;81803;56.4;36.1
65;2021-06-16;1052;1368;129083;83171;56.9;36.7
65;2021-06-17;806;1046;129889;84217;57.3;37.1
65;2021-06-18;978;1627;130867;85844;57.7;37.8
65;2021-06-19;686;1689;131553;87533;58.0;38.6
65;2021-06-20;1;2;131554;87535;58.0;38.6
65;2021-06-21;735;1938;132289;89473;58.3;39.4
65;2021-06-22;1024;1479;133313;90952;58.8;40.1
65;2021-06-23;1055;1233;134368;92185;59.2;40.6
65;2021-06-24;947;1140;135315;93325;59.7;41.1
65;2021-06-25;814;1964;136129;95289;60.0;42.0
65;2021-06-26;169;1660;136298;96949;60.1;42.7
65;2021-06-27;15;1103;136313;98052;60.1;43.2
65;2021-06-28;439;2304;136752;100356;60.3;44.2
65;2021-06-29;674;1914;137426;102270;60.6;45.1
65;2021-06-30;920;1681;138346;103951;61.0;45.8
65;2021-07-01;578;744;138924;104695;61.2;46.2
65;2021-07-02;1129;1730;140053;106425;61.7;46.9
65;2021-07-03;181;1916;140234;108341;61.8;47.8
65;2021-07-04;406;180;140640;108521;62.0;47.8
65;2021-07-05;621;1989;141261;110510;62.3;48.7
65;2021-07-06;881;2121;142142;112631;62.7;49.7
65;2021-07-07;933;1509;143075;114140;63.1;50.3
65;2021-07-08;314;662;143389;114802;63.2;50.6
65;2021-07-09;540;1593;143929;116395;63.4;51.3
65;2021-07-10;287;957;144216;117352;63.6;51.7
65;2021-07-11;0;0;144216;117352;63.6;51.7
65;2021-07-12;471;2222;144687;119574;63.8;52.7
65;2021-07-13;679;2146;145366;121720;64.1;53.7
65;2021-07-14;207;46;145573;121766;64.2;53.7
65;2021-07-15;1018;1657;146591;123423;64.6;54.4
65;2021-07-16;1153;1871;147744;125294;65.1;55.2
65;2021-07-17;379;533;148123;125827;65.3;55.5
65;2021-07-18;22;12;148145;125839;65.3;55.5
65;2021-07-19;619;1490;148764;127329;65.6;56.1
65;2021-07-20;1346;1675;150110;129004;66.2;56.9
65;2021-07-21;1361;1634;151471;130638;66.8;57.6
66;2020-12-27;0;0;0;0;0.0;0.0
66;2020-12-28;2;0;2;0;0.0;0.0
66;2020-12-29;0;0;2;0;0.0;0.0
66;2020-12-30;0;0;2;0;0.0;0.0
66;2020-12-31;1;0;3;0;0.0;0.0
66;2021-01-01;0;0;3;0;0.0;0.0
66;2021-01-02;0;0;3;0;0.0;0.0
66;2021-01-03;0;0;3;0;0.0;0.0
66;2021-01-04;30;0;33;0;0.0;0.0
66;2021-01-05;135;0;168;0;0.0;0.0
66;2021-01-06;195;0;363;0;0.1;0.0
66;2021-01-07;180;0;543;0;0.1;0.0
66;2021-01-08;212;0;755;0;0.2;0.0
66;2021-01-09;231;0;986;0;0.2;0.0
66;2021-01-10;11;0;997;0;0.2;0.0
66;2021-01-11;403;2;1400;2;0.3;0.0
66;2021-01-12;586;2;1986;4;0.4;0.0
66;2021-01-13;878;2;2864;6;0.6;0.0
66;2021-01-14;891;11;3755;17;0.8;0.0
66;2021-01-15;584;1;4339;18;0.9;0.0
66;2021-01-16;106;2;4445;20;0.9;0.0
66;2021-01-17;46;1;4491;21;0.9;0.0
66;2021-01-18;654;2;5145;23;1.1;0.0
66;2021-01-19;713;2;5858;25;1.2;0.0
66;2021-01-20;1168;3;7026;28;1.5;0.0
66;2021-01-21;2401;2;9427;30;2.0;0.0
66;2021-01-22;1435;8;10862;38;2.3;0.0
66;2021-01-23;399;3;11261;41;2.4;0.0
66;2021-01-24;226;9;11487;50;2.4;0.0
66;2021-01-25;734;43;12221;93;2.6;0.0
66;2021-01-26;785;68;13006;161;2.7;0.0
66;2021-01-27;864;104;13870;265;2.9;0.1
66;2021-01-28;867;128;14737;393;3.1;0.1
66;2021-01-29;816;126;15553;519;3.2;0.1
66;2021-01-30;480;72;16033;591;3.3;0.1
66;2021-01-31;202;27;16235;618;3.4;0.1
66;2021-02-01;562;192;16797;810;3.5;0.2
66;2021-02-02;618;293;17415;1103;3.6;0.2
66;2021-02-03;736;630;18151;1733;3.8;0.4
66;2021-02-04;688;622;18839;2355;3.9;0.5
66;2021-02-05;775;417;19614;2772;4.1;0.6
66;2021-02-06;410;148;20024;2920;4.2;0.6
66;2021-02-07;169;139;20193;3059;4.2;0.6
66;2021-02-08;499;395;20692;3454;4.3;0.7
66;2021-02-09;529;402;21221;3856;4.4;0.8
66;2021-02-10;611;774;21832;4630;4.6;1.0
66;2021-02-11;1103;1576;22935;6206;4.8;1.3
66;2021-02-12;1120;1202;24055;7408;5.0;1.5
66;2021-02-13;365;307;24420;7715;5.1;1.6
66;2021-02-14;111;199;24531;7914;5.1;1.7
66;2021-02-15;424;701;24955;8615;5.2;1.8
66;2021-02-16;303;792;25258;9407;5.3;2.0
66;2021-02-17;376;703;25634;10110;5.4;2.1
66;2021-02-18;365;779;25999;10889;5.4;2.3
66;2021-02-19;400;705;26399;11594;5.5;2.4
66;2021-02-20;182;415;26581;12009;5.5;2.5
66;2021-02-21;40;173;26621;12182;5.6;2.5
66;2021-02-22;416;646;27037;12828;5.6;2.7
66;2021-02-23;508;662;27545;13490;5.8;2.8
66;2021-02-24;340;753;27885;14243;5.8;3.0
66;2021-02-25;716;717;28601;14960;6.0;3.1
66;2021-02-26;951;748;29552;15708;6.2;3.3
66;2021-02-27;363;433;29915;16141;6.2;3.4
66;2021-02-28;59;173;29974;16314;6.3;3.4
66;2021-03-01;378;655;30352;16969;6.3;3.5
66;2021-03-02;329;656;30681;17625;6.4;3.7
66;2021-03-03;522;643;31203;18268;6.5;3.8
66;2021-03-04;985;1053;32188;19321;6.7;4.0
66;2021-03-05;1525;791;33713;20112;7.0;4.2
66;2021-03-06;1142;343;34855;20455;7.3;4.3
66;2021-03-07;1094;95;35949;20550;7.5;4.3
66;2021-03-08;691;545;36640;21095;7.6;4.4
66;2021-03-09;1220;593;37860;21688;7.9;4.5
66;2021-03-10;1300;497;39160;22185;8.2;4.6
66;2021-03-11;1471;594;40631;22779;8.5;4.8
66;2021-03-12;2392;578;43023;23357;9.0;4.9
66;2021-03-13;1080;306;44103;23663;9.2;4.9
66;2021-03-14;190;85;44293;23748;9.2;5.0
66;2021-03-15;1107;393;45400;24141;9.5;5.0
66;2021-03-16;951;259;46351;24400;9.7;5.1
66;2021-03-17;866;394;47217;24794;9.9;5.2
66;2021-03-18;967;344;48184;25138;10.1;5.2
66;2021-03-19;1290;315;49474;25453;10.3;5.3
66;2021-03-20;835;122;50309;25575;10.5;5.3
66;2021-03-21;185;44;50494;25619;10.5;5.3
66;2021-03-22;1104;396;51598;26015;10.8;5.4
66;2021-03-23;1753;389;53351;26404;11.1;5.5
66;2021-03-24;1786;511;55137;26915;11.5;5.6
66;2021-03-25;2527;464;57664;27379;12.0;5.7
66;2021-03-26;2575;354;60239;27733;12.6;5.8
66;2021-03-27;1206;292;61445;28025;12.8;5.9
66;2021-03-28;320;3;61765;28028;12.9;5.9
66;2021-03-29;1824;255;63589;28283;13.3;5.9
66;2021-03-30;2234;168;65823;28451;13.7;5.9
66;2021-03-31;1984;248;67807;28699;14.2;6.0
66;2021-04-01;2668;301;70475;29000;14.7;6.1
66;2021-04-02;2415;250;72890;29250;15.2;6.1
66;2021-04-03;1148;334;74038;29584;15.5;6.2
66;2021-04-04;105;127;74143;29711;15.5;6.2
66;2021-04-05;194;142;74337;29853;15.5;6.2
66;2021-04-06;1328;652;75665;30505;15.8;6.4
66;2021-04-07;1395;592;77060;31097;16.1;6.5
66;2021-04-08;2066;544;79126;31641;16.5;6.6
66;2021-04-09;3470;650;82596;32291;17.2;6.7
66;2021-04-10;2305;516;84901;32807;17.7;6.8
66;2021-04-11;1200;167;86101;32974;18.0;6.9
66;2021-04-12;2698;1021;88799;33995;18.5;7.1
66;2021-04-13;3609;1056;92408;35051;19.3;7.3
66;2021-04-14;3285;919;95693;35970;20.0;7.5
66;2021-04-15;3546;1046;99239;37016;20.7;7.7
66;2021-04-16;3590;1028;102829;38044;21.5;7.9
66;2021-04-17;2259;586;105088;38630;21.9;8.1
66;2021-04-18;1445;130;106533;38760;22.2;8.1
66;2021-04-19;2256;1120;108789;39880;22.7;8.3
66;2021-04-20;2367;1080;111156;40960;23.2;8.6
66;2021-04-21;2865;1181;114021;42141;23.8;8.8
66;2021-04-22;2649;1228;116670;43369;24.4;9.1
66;2021-04-23;2374;1228;119044;44597;24.9;9.3
66;2021-04-24;2742;872;121786;45469;25.4;9.5
66;2021-04-25;1207;267;122993;45736;25.7;9.5
66;2021-04-26;1995;1253;124988;46989;26.1;9.8
66;2021-04-27;2747;1297;127735;48286;26.7;10.1
66;2021-04-28;2416;1661;130151;49947;27.2;10.4
66;2021-04-29;2695;2121;132846;52068;27.7;10.9
66;2021-04-30;3055;1557;135901;53625;28.4;11.2
66;2021-05-01;1999;467;137900;54092;28.8;11.3
66;2021-05-02;1528;261;139428;54353;29.1;11.3
66;2021-05-03;2937;1106;142365;55459;29.7;11.6
66;2021-05-04;3171;1342;145536;56801;30.4;11.9
66;2021-05-05;3052;1531;148588;58332;31.0;12.2
66;2021-05-06;3758;2072;152346;60404;31.8;12.6
66;2021-05-07;2963;3083;155309;63487;32.4;13.3
66;2021-05-08;1728;1167;157037;64654;32.8;13.5
66;2021-05-09;885;1374;157922;66028;33.0;13.8
66;2021-05-10;1802;2976;159724;69004;33.3;14.4
66;2021-05-11;2739;3121;162463;72125;33.9;15.1
66;2021-05-12;2427;2566;164890;74691;34.4;15.6
66;2021-05-13;2254;1378;167144;76069;34.9;15.9
66;2021-05-14;2771;2116;169915;78185;35.5;16.3
66;2021-05-15;2325;1578;172240;79763;36.0;16.7
66;2021-05-16;2286;1251;174526;81014;36.4;16.9
66;2021-05-17;2045;1820;176571;82834;36.9;17.3
66;2021-05-18;3237;1804;179808;84638;37.5;17.7
66;2021-05-19;2874;1335;182682;85973;38.1;17.9
66;2021-05-20;4376;1437;187058;87410;39.1;18.2
66;2021-05-21;3269;1455;190327;88865;39.7;18.6
66;2021-05-22;3065;764;193392;89629;40.4;18.7
66;2021-05-23;1508;236;194900;89865;40.7;18.8
66;2021-05-24;1952;419;196852;90284;41.1;18.8
66;2021-05-25;2790;1684;199642;91968;41.7;19.2
66;2021-05-26;2781;1490;202423;93458;42.3;19.5
66;2021-05-27;3380;2251;205803;95709;43.0;20.0
66;2021-05-28;2678;3049;208481;98758;43.5;20.6
66;2021-05-29;2144;1518;210625;100276;44.0;20.9
66;2021-05-30;783;988;211408;101264;44.1;21.1
66;2021-05-31;2115;1791;213523;103055;44.6;21.5
66;2021-06-01;2620;2000;216143;105055;45.1;21.9
66;2021-06-02;2800;2333;218943;107388;45.7;22.4
66;2021-06-03;2471;2973;221414;110361;46.2;23.0
66;2021-06-04;1850;3349;223264;113710;46.6;23.7
66;2021-06-05;1406;2599;224670;116309;46.9;24.3
66;2021-06-06;291;1223;224961;117532;47.0;24.5
66;2021-06-07;1331;2957;226292;120489;47.2;25.2
66;2021-06-08;1735;3017;228027;123506;47.6;25.8
66;2021-06-09;2065;2783;230092;126289;48.0;26.4
66;2021-06-10;2066;2948;232158;129237;48.5;27.0
66;2021-06-11;2091;3864;234249;133101;48.9;27.8
66;2021-06-12;864;2409;235113;135510;49.1;28.3
66;2021-06-13;512;1333;235625;136843;49.2;28.6
66;2021-06-14;1357;3493;236982;140336;49.5;29.3
66;2021-06-15;2123;3566;239105;143902;49.9;30.0
66;2021-06-16;1780;3567;240885;147469;50.3;30.8
66;2021-06-17;2424;3599;243309;151068;50.8;31.5
66;2021-06-18;2217;3818;245526;154886;51.3;32.3
66;2021-06-19;1534;2314;247060;157200;51.6;32.8
66;2021-06-20;986;1253;248046;158453;51.8;33.1
66;2021-06-21;1152;2874;249198;161327;52.0;33.7
66;2021-06-22;1498;3763;250696;165090;52.3;34.5
66;2021-06-23;1316;3027;252012;168117;52.6;35.1
66;2021-06-24;1502;3231;253514;171348;52.9;35.8
66;2021-06-25;1387;3534;254901;174882;53.2;36.5
66;2021-06-26;963;2680;255864;177562;53.4;37.1
66;2021-06-27;675;1558;256539;179120;53.6;37.4
66;2021-06-28;975;2976;257514;182096;53.8;38.0
66;2021-06-29;1136;3793;258650;185889;54.0;38.8
66;2021-06-30;1261;3296;259911;189185;54.3;39.5
66;2021-07-01;1331;4037;261242;193222;54.5;40.3
66;2021-07-02;1287;3604;262529;196826;54.8;41.1
66;2021-07-03;1143;3898;263672;200724;55.0;41.9
66;2021-07-04;708;1788;264380;202512;55.2;42.3
66;2021-07-05;1075;2995;265455;205507;55.4;42.9
66;2021-07-06;1362;3783;266817;209290;55.7;43.7
66;2021-07-07;1372;3250;268189;212540;56.0;44.4
66;2021-07-08;1254;3374;269443;215914;56.3;45.1
66;2021-07-09;1404;3455;270847;219369;56.5;45.8
66;2021-07-10;998;2398;271845;221767;56.8;46.3
66;2021-07-11;537;1536;272382;223303;56.9;46.6
66;2021-07-12;979;3633;273361;226936;57.1;47.4
66;2021-07-13;2107;4256;275468;231192;57.5;48.3
66;2021-07-14;1935;1217;277403;232409;57.9;48.5
66;2021-07-15;2748;3082;280151;235491;58.5;49.2
66;2021-07-16;3290;3164;283441;238655;59.2;49.8
66;2021-07-17;2102;2021;285543;240676;59.6;50.2
66;2021-07-18;1193;1051;286736;241727;59.9;50.5
66;2021-07-19;2767;3051;289503;244778;60.4;51.1
66;2021-07-20;3623;2846;293126;247624;61.2;51.7
66;2021-07-21;3874;2891;297000;250515;62.0;52.3
67;2020-12-27;0;0;0;0;0.0;0.0
67;2020-12-28;0;0;0;0;0.0;0.0
67;2020-12-29;0;0;0;0;0.0;0.0
67;2020-12-30;0;0;0;0;0.0;0.0
67;2020-12-31;0;0;0;0;0.0;0.0
67;2021-01-01;0;0;0;0;0.0;0.0
67;2021-01-02;1;0;1;0;0.0;0.0
67;2021-01-03;0;0;1;0;0.0;0.0
67;2021-01-04;41;0;42;0;0.0;0.0
67;2021-01-05;165;0;207;0;0.0;0.0
67;2021-01-06;122;0;329;0;0.0;0.0
67;2021-01-07;235;1;564;1;0.0;0.0
67;2021-01-08;232;1;796;2;0.1;0.0
67;2021-01-09;113;1;909;3;0.1;0.0
67;2021-01-10;65;0;974;3;0.1;0.0
67;2021-01-11;182;1;1156;4;0.1;0.0
67;2021-01-12;511;1;1667;5;0.1;0.0
67;2021-01-13;649;1;2316;6;0.2;0.0
67;2021-01-14;1072;7;3388;13;0.3;0.0
67;2021-01-15;933;8;4321;21;0.4;0.0
67;2021-01-16;196;3;4517;24;0.4;0.0
67;2021-01-17;98;0;4615;24;0.4;0.0
67;2021-01-18;890;2;5505;26;0.5;0.0
67;2021-01-19;1419;2;6924;28;0.6;0.0
67;2021-01-20;1844;12;8768;40;0.8;0.0
67;2021-01-21;2196;7;10964;47;1.0;0.0
67;2021-01-22;1987;5;12951;52;1.1;0.0
67;2021-01-23;811;3;13762;55;1.2;0.0
67;2021-01-24;379;1;14141;56;1.2;0.0
67;2021-01-25;525;31;14666;87;1.3;0.0
67;2021-01-26;157;108;14823;195;1.3;0.0
67;2021-01-27;1390;90;16213;285;1.4;0.0
67;2021-01-28;3043;222;19256;507;1.7;0.0
67;2021-01-29;2021;150;21277;657;1.9;0.1
67;2021-01-30;1094;84;22371;741;2.0;0.1
67;2021-01-31;1159;29;23530;770;2.1;0.1
67;2021-02-01;3389;245;26919;1015;2.4;0.1
67;2021-02-02;2684;426;29603;1441;2.6;0.1
67;2021-02-03;1568;405;31171;1846;2.8;0.2
67;2021-02-04;1191;765;32362;2611;2.9;0.2
67;2021-02-05;1192;646;33554;3257;3.0;0.3
67;2021-02-06;786;148;34340;3405;3.0;0.3
67;2021-02-07;289;44;34629;3449;3.1;0.3
67;2021-02-08;835;452;35464;3901;3.1;0.3
67;2021-02-09;955;742;36419;4643;3.2;0.4
67;2021-02-10;926;796;37345;5439;3.3;0.5
67;2021-02-11;1147;1131;38492;6570;3.4;0.6
67;2021-02-12;1242;780;39734;7350;3.5;0.6
67;2021-02-13;765;281;40499;7631;3.6;0.7
67;2021-02-14;243;95;40742;7726;3.6;0.7
67;2021-02-15;778;840;41520;8566;3.7;0.8
67;2021-02-16;924;1150;42444;9716;3.7;0.9
67;2021-02-17;780;1202;43224;10918;3.8;1.0
67;2021-02-18;1396;2576;44620;13494;3.9;1.2
67;2021-02-19;1369;2136;45989;15630;4.1;1.4
67;2021-02-20;621;916;46610;16546;4.1;1.5
67;2021-02-21;208;1198;46818;17744;4.1;1.6
67;2021-02-22;1401;2189;48219;19933;4.3;1.8
67;2021-02-23;1455;1589;49674;21522;4.4;1.9
67;2021-02-24;1431;1074;51105;22596;4.5;2.0
67;2021-02-25;1612;1499;52717;24095;4.7;2.1
67;2021-02-26;2216;1415;54933;25510;4.9;2.3
67;2021-02-27;1252;785;56185;26295;5.0;2.3
67;2021-02-28;145;364;56330;26659;5.0;2.4
67;2021-03-01;635;1011;56965;27670;5.0;2.4
67;2021-03-02;888;1200;57853;28870;5.1;2.5
67;2021-03-03;1408;1287;59261;30157;5.2;2.7
67;2021-03-04;1954;1053;61215;31210;5.4;2.8
67;2021-03-05;3249;1114;64464;32324;5.7;2.9
67;2021-03-06;2328;772;66792;33096;5.9;2.9
67;2021-03-07;465;281;67257;33377;5.9;2.9
67;2021-03-08;1181;797;68438;34174;6.0;3.0
67;2021-03-09;2210;895;70648;35069;6.2;3.1
67;2021-03-10;2438;1184;73086;36253;6.5;3.2
67;2021-03-11;3201;1341;76287;37594;6.7;3.3
67;2021-03-12;5242;1350;81529;38944;7.2;3.4
67;2021-03-13;3995;877;85524;39821;7.6;3.5
67;2021-03-14;483;387;86007;40208;7.6;3.6
67;2021-03-15;2187;1149;88194;41357;7.8;3.7
67;2021-03-16;1541;1232;89735;42589;7.9;3.8
67;2021-03-17;2054;919;91789;43508;8.1;3.8
67;2021-03-18;2380;723;94169;44231;8.3;3.9
67;2021-03-19;3665;742;97834;44973;8.6;4.0
67;2021-03-20;3066;499;100900;45472;8.9;4.0
67;2021-03-21;328;13;101228;45485;8.9;4.0
67;2021-03-22;2326;768;103554;46253;9.1;4.1
67;2021-03-23;3388;758;106942;47011;9.4;4.2
67;2021-03-24;3894;801;110836;47812;9.8;4.2
67;2021-03-25;5306;520;116142;48332;10.3;4.3
67;2021-03-26;6862;454;123004;48786;10.9;4.3
67;2021-03-27;3916;322;126920;49108;11.2;4.3
67;2021-03-28;576;97;127496;49205;11.3;4.3
67;2021-03-29;3807;423;131303;49628;11.6;4.4
67;2021-03-30;4824;659;136127;50287;12.0;4.4
67;2021-03-31;4838;682;140965;50969;12.4;4.5
67;2021-04-01;5125;898;146090;51867;12.9;4.6
67;2021-04-02;997;165;147087;52032;13.0;4.6
67;2021-04-03;1688;284;148775;52316;13.1;4.6
67;2021-04-04;326;5;149101;52321;13.2;4.6
67;2021-04-05;362;2;149463;52323;13.2;4.6
67;2021-04-06;3467;1163;152930;53486;13.5;4.7
67;2021-04-07;4526;1263;157456;54749;13.9;4.8
67;2021-04-08;5643;1384;163099;56133;14.4;5.0
67;2021-04-09;7097;1296;170196;57429;15.0;5.1
67;2021-04-10;4322;871;174518;58300;15.4;5.1
67;2021-04-11;853;423;175371;58723;15.5;5.2
67;2021-04-12;3877;1394;179248;60117;15.8;5.3
67;2021-04-13;4889;1559;184137;61676;16.3;5.4
67;2021-04-14;5228;1885;189365;63561;16.7;5.6
67;2021-04-15;6063;2087;195428;65648;17.3;5.8
67;2021-04-16;7825;2382;203253;68030;17.9;6.0
67;2021-04-17;4004;1568;207257;69598;18.3;6.1
67;2021-04-18;1113;642;208370;70240;18.4;6.2
67;2021-04-19;3623;2135;211993;72375;18.7;6.4
67;2021-04-20;4252;1914;216245;74289;19.1;6.6
67;2021-04-21;4063;2499;220308;76788;19.5;6.8
67;2021-04-22;4473;2898;224781;79686;19.8;7.0
67;2021-04-23;5229;2958;230010;82644;20.3;7.3
67;2021-04-24;3097;2001;233107;84645;20.6;7.5
67;2021-04-25;1025;446;234132;85091;20.7;7.5
67;2021-04-26;3182;2611;237314;87702;21.0;7.7
67;2021-04-27;4019;2919;241333;90621;21.3;8.0
67;2021-04-28;4243;3389;245576;94010;21.7;8.3
67;2021-04-29;5107;3504;250683;97514;22.1;8.6
67;2021-04-30;7167;2458;257850;99972;22.8;8.8
67;2021-05-01;2679;783;260529;100755;23.0;8.9
67;2021-05-02;2180;669;262709;101424;23.2;9.0
67;2021-05-03;5553;2611;268262;104035;23.7;9.2
67;2021-05-04;5846;3603;274108;107638;24.2;9.5
67;2021-05-05;5201;4186;279309;111824;24.7;9.9
67;2021-05-06;6702;4900;286011;116724;25.3;10.3
67;2021-05-07;6419;6905;292430;123629;25.8;10.9
67;2021-05-08;3553;1014;295983;124643;26.1;11.0
67;2021-05-09;3363;593;299346;125236;26.4;11.1
67;2021-05-10;4687;4523;304033;129759;26.8;11.5
67;2021-05-11;5646;4921;309679;134680;27.3;11.9
67;2021-05-12;6585;4820;316264;139500;27.9;12.3
67;2021-05-13;7301;1694;323565;141194;28.6;12.5
67;2021-05-14;8876;5363;332441;146557;29.4;12.9
67;2021-05-15;8184;3645;340625;150202;30.1;13.3
67;2021-05-16;6170;972;346795;151174;30.6;13.3
67;2021-05-17;5685;3904;352480;155078;31.1;13.7
67;2021-05-18;6894;3969;359374;159047;31.7;14.0
67;2021-05-19;7373;4145;366747;163192;32.4;14.4
67;2021-05-20;8682;4210;375429;167402;33.1;14.8
67;2021-05-21;8152;5842;383581;173244;33.9;15.3
67;2021-05-22;5933;3420;389514;176664;34.4;15.6
67;2021-05-23;2649;591;392163;177255;34.6;15.7
67;2021-05-24;4416;860;396579;178115;35.0;15.7
67;2021-05-25;5406;4760;401985;182875;35.5;16.1
67;2021-05-26;6052;4872;408037;187747;36.0;16.6
67;2021-05-27;7304;4892;415341;192639;36.7;17.0
67;2021-05-28;7958;6486;423299;199125;37.4;17.6
67;2021-05-29;6640;3866;429939;202991;38.0;17.9
67;2021-05-30;1146;809;431085;203800;38.1;18.0
67;2021-05-31;6399;4053;437484;207853;38.6;18.4
67;2021-06-01;7320;4389;444804;212242;39.3;18.7
67;2021-06-02;8020;4155;452824;216397;40.0;19.1
67;2021-06-03;8812;4854;461636;221251;40.8;19.5
67;2021-06-04;8578;6110;470214;227361;41.5;20.1
67;2021-06-05;6548;3985;476762;231346;42.1;20.4
67;2021-06-06;3472;871;480234;232217;42.4;20.5
67;2021-06-07;7409;4252;487643;236469;43.1;20.9
67;2021-06-08;8603;4909;496246;241378;43.8;21.3
67;2021-06-09;9244;4785;505490;246163;44.6;21.7
67;2021-06-10;9750;5000;515240;251163;45.5;22.2
67;2021-06-11;8045;8328;523285;259491;46.2;22.9
67;2021-06-12;6761;5184;530046;264675;46.8;23.4
67;2021-06-13;3081;1038;533127;265713;47.1;23.5
67;2021-06-14;5477;6461;538604;272174;47.6;24.0
67;2021-06-15;6675;6745;545279;278919;48.1;24.6
67;2021-06-16;6917;6694;552196;285613;48.8;25.2
67;2021-06-17;7223;9043;559419;294656;49.4;26.0
67;2021-06-18;7560;8499;566979;303155;50.1;26.8
67;2021-06-19;6355;5955;573334;309110;50.6;27.3
67;2021-06-20;1441;1409;574775;310519;50.7;27.4
67;2021-06-21;4240;6761;579015;317280;51.1;28.0
67;2021-06-22;4209;9094;583224;326374;51.5;28.8
67;2021-06-23;5238;8170;588462;334544;52.0;29.5
67;2021-06-24;4499;9088;592961;343632;52.4;30.3
67;2021-06-25;5294;9951;598255;353583;52.8;31.2
67;2021-06-26;3428;9111;601683;362694;53.1;32.0
67;2021-06-27;1010;3519;602693;366213;53.2;32.3
67;2021-06-28;2840;8744;605533;374957;53.5;33.1
67;2021-06-29;2866;8601;608399;383558;53.7;33.9
67;2021-06-30;3337;8742;611736;392300;54.0;34.6
67;2021-07-01;3545;8416;615281;400716;54.3;35.4
67;2021-07-02;3708;10932;618989;411648;54.7;36.3
67;2021-07-03;2931;7746;621920;419394;54.9;37.0
67;2021-07-04;752;1866;622672;421260;55.0;37.2
67;2021-07-05;2592;8251;625264;429511;55.2;37.9
67;2021-07-06;3011;8432;628275;437943;55.5;38.7
67;2021-07-07;3834;8725;632109;446668;55.8;39.4
67;2021-07-08;4154;7779;636263;454447;56.2;40.1
67;2021-07-09;3734;11355;639997;465802;56.5;41.1
67;2021-07-10;2826;8203;642823;474005;56.8;41.9
67;2021-07-11;924;1992;643747;475997;56.8;42.0
67;2021-07-12;2413;9712;646160;485709;57.1;42.9
67;2021-07-13;4066;9873;650226;495582;57.4;43.8
67;2021-07-14;3471;4380;653697;499962;57.7;44.1
67;2021-07-15;5085;12207;658782;512169;58.2;45.2
67;2021-07-16;4787;12265;663569;524434;58.6;46.3
67;2021-07-17;3716;8818;667285;533252;58.9;47.1
67;2021-07-18;1445;2535;668730;535787;59.0;47.3
67;2021-07-19;4589;9721;673319;545508;59.4;48.2
67;2021-07-20;5695;9788;679014;555296;60.0;49.0
67;2021-07-21;5752;10607;684766;565903;60.5;50.0
68;2020-12-27;0;0;0;0;0.0;0.0
68;2020-12-28;0;0;0;0;0.0;0.0
68;2020-12-29;0;0;0;0;0.0;0.0
68;2020-12-30;0;0;0;0;0.0;0.0
68;2020-12-31;0;0;0;0;0.0;0.0
68;2021-01-01;0;0;0;0;0.0;0.0
68;2021-01-02;0;0;0;0;0.0;0.0
68;2021-01-03;0;0;0;0;0.0;0.0
68;2021-01-04;1;0;1;0;0.0;0.0
68;2021-01-05;11;0;12;0;0.0;0.0
68;2021-01-06;244;2;256;2;0.0;0.0
68;2021-01-07;75;0;331;2;0.0;0.0
68;2021-01-08;118;1;449;3;0.1;0.0
68;2021-01-09;20;0;469;3;0.1;0.0
68;2021-01-10;0;0;469;3;0.1;0.0
68;2021-01-11;82;0;551;3;0.1;0.0
68;2021-01-12;386;1;937;4;0.1;0.0
68;2021-01-13;703;1;1640;5;0.2;0.0
68;2021-01-14;372;2;2012;7;0.3;0.0
68;2021-01-15;204;1;2216;8;0.3;0.0
68;2021-01-16;0;0;2216;8;0.3;0.0
68;2021-01-17;0;0;2216;8;0.3;0.0
68;2021-01-18;379;5;2595;13;0.3;0.0
68;2021-01-19;559;5;3154;18;0.4;0.0
68;2021-01-20;706;9;3860;27;0.5;0.0
68;2021-01-21;1379;12;5239;39;0.7;0.0
68;2021-01-22;1498;12;6737;51;0.9;0.0
68;2021-01-23;215;4;6952;55;0.9;0.0
68;2021-01-24;697;0;7649;55;1.0;0.0
68;2021-01-25;1386;46;9035;101;1.2;0.0
68;2021-01-26;1551;80;10586;181;1.4;0.0
68;2021-01-27;2730;140;13316;321;1.7;0.0
68;2021-01-28;2344;57;15660;378;2.1;0.0
68;2021-01-29;1503;116;17163;494;2.2;0.1
68;2021-01-30;164;2;17327;496;2.3;0.1
68;2021-01-31;0;0;17327;496;2.3;0.1
68;2021-02-01;736;103;18063;599;2.4;0.1
68;2021-02-02;867;305;18930;904;2.5;0.1
68;2021-02-03;998;619;19928;1523;2.6;0.2
68;2021-02-04;1000;325;20928;1848;2.7;0.2
68;2021-02-05;946;237;21874;2085;2.9;0.3
68;2021-02-06;137;1;22011;2086;2.9;0.3
68;2021-02-07;1;16;22012;2102;2.9;0.3
68;2021-02-08;894;20;22906;2122;3.0;0.3
68;2021-02-09;1356;46;24262;2168;3.2;0.3
68;2021-02-10;1451;61;25713;2229;3.4;0.3
68;2021-02-11;1488;467;27201;2696;3.6;0.4
68;2021-02-12;1546;449;28747;3145;3.8;0.4
68;2021-02-13;132;0;28879;3145;3.8;0.4
68;2021-02-14;57;231;28936;3376;3.8;0.4
68;2021-02-15;662;1088;29598;4464;3.9;0.6
68;2021-02-16;861;1371;30459;5835;4.0;0.8
68;2021-02-17;1281;2133;31740;7968;4.2;1.0
68;2021-02-18;1631;2045;33371;10013;4.4;1.3
68;2021-02-19;984;1363;34355;11376;4.5;1.5
68;2021-02-20;93;125;34448;11501;4.5;1.5
68;2021-02-21;1;40;34449;11541;4.5;1.5
68;2021-02-22;446;798;34895;12339;4.6;1.6
68;2021-02-23;639;1060;35534;13399;4.7;1.8
68;2021-02-24;851;1157;36385;14556;4.8;1.9
68;2021-02-25;1209;1245;37594;15801;4.9;2.1
68;2021-02-26;1200;987;38794;16788;5.1;2.2
68;2021-02-27;545;173;39339;16961;5.2;2.2
68;2021-02-28;10;1;39349;16962;5.2;2.2
68;2021-03-01;937;765;40286;17727;5.3;2.3
68;2021-03-02;1215;919;41501;18646;5.4;2.4
68;2021-03-03;1589;965;43090;19611;5.6;2.6
68;2021-03-04;1988;1038;45078;20649;5.9;2.7
68;2021-03-05;2353;1042;47431;21691;6.2;2.8
68;2021-03-06;2282;236;49713;21927;6.5;2.9
68;2021-03-07;838;102;50551;22029;6.6;2.9
68;2021-03-08;1472;966;52023;22995;6.8;3.0
68;2021-03-09;1692;1333;53715;24328;7.0;3.2
68;2021-03-10;1959;1814;55674;26142;7.3;3.4
68;2021-03-11;2633;1919;58307;28061;7.6;3.7
68;2021-03-12;2624;1414;60931;29475;8.0;3.9
68;2021-03-13;3333;229;64264;29704;8.4;3.9
68;2021-03-14;1541;59;65805;29763;8.6;3.9
68;2021-03-15;1790;615;67595;30378;8.9;4.0
68;2021-03-16;1998;597;69593;30975;9.1;4.1
68;2021-03-17;1954;720;71547;31695;9.4;4.2
68;2021-03-18;2219;943;73766;32638;9.7;4.3
68;2021-03-19;3083;734;76849;33372;10.1;4.4
68;2021-03-20;972;121;77821;33493;10.2;4.4
68;2021-03-21;67;1;77888;33494;10.2;4.4
68;2021-03-22;1965;584;79853;34078;10.5;4.5
68;2021-03-23;2852;610;82705;34688;10.8;4.5
68;2021-03-24;3171;807;85876;35495;11.3;4.7
68;2021-03-25;3499;782;89375;36277;11.7;4.8
68;2021-03-26;3892;703;93267;36980;12.2;4.8
68;2021-03-27;1097;159;94364;37139;12.4;4.9
68;2021-03-28;55;3;94419;37142;12.4;4.9
68;2021-03-29;2263;1377;96682;38519;12.7;5.0
68;2021-03-30;2930;1296;99612;39815;13.1;5.2
68;2021-03-31;2638;1363;102250;41178;13.4;5.4
68;2021-04-01;2744;1543;104994;42721;13.8;5.6
68;2021-04-02;245;87;105239;42808;13.8;5.6
68;2021-04-03;239;123;105478;42931;13.8;5.6
68;2021-04-04;4;0;105482;42931;13.8;5.6
68;2021-04-05;48;2;105530;42933;13.8;5.6
68;2021-04-06;1794;1322;107324;44255;14.1;5.8
68;2021-04-07;2582;1530;109906;45785;14.4;6.0
68;2021-04-08;3228;1506;113134;47291;14.8;6.2
68;2021-04-09;4196;1521;117330;48812;15.4;6.4
68;2021-04-10;1199;1975;118529;50787;15.5;6.7
68;2021-04-11;125;1317;118654;52104;15.5;6.8
68;2021-04-12;2664;1639;121318;53743;15.9;7.0
68;2021-04-13;2758;2110;124076;55853;16.3;7.3
68;2021-04-14;3599;2261;127675;58114;16.7;7.6
68;2021-04-15;4038;2145;131713;60259;17.3;7.9
68;2021-04-16;3933;2071;135646;62330;17.8;8.2
68;2021-04-17;1067;435;136713;62765;17.9;8.2
68;2021-04-18;85;9;136798;62774;17.9;8.2
68;2021-04-19;2357;1835;139155;64609;18.2;8.5
68;2021-04-20;2437;2323;141592;66932;18.6;8.8
68;2021-04-21;2823;2482;144415;69414;18.9;9.1
68;2021-04-22;3284;1975;147699;71389;19.4;9.4
68;2021-04-23;3408;2075;151107;73464;19.8;9.6
68;2021-04-24;840;487;151947;73951;19.9;9.7
68;2021-04-25;214;20;152161;73971;19.9;9.7
68;2021-04-26;2328;2107;154489;76078;20.2;10.0
68;2021-04-27;2600;2210;157089;78288;20.6;10.3
68;2021-04-28;3571;1768;160660;80056;21.1;10.5
68;2021-04-29;4164;1745;164824;81801;21.6;10.7
68;2021-04-30;4832;1361;169656;83162;22.2;10.9
68;2021-05-01;938;119;170594;83281;22.4;10.9
68;2021-05-02;731;70;171325;83351;22.4;10.9
68;2021-05-03;3616;1812;174941;85163;22.9;11.2
68;2021-05-04;3933;2365;178874;87528;23.4;11.5
68;2021-05-05;3630;3235;182504;90763;23.9;11.9
68;2021-05-06;4802;2867;187306;93630;24.5;12.3
68;2021-05-07;4517;2908;191823;96538;25.1;12.6
68;2021-05-08;1660;210;193483;96748;25.4;12.7
68;2021-05-09;1075;106;194558;96854;25.5;12.7
68;2021-05-10;3158;3717;197716;100571;25.9;13.2
68;2021-05-11;4714;3609;202430;104180;26.5;13.7
68;2021-05-12;5776;3288;208206;107468;27.3;14.1
68;2021-05-13;4763;841;212969;108309;27.9;14.2
68;2021-05-14;5955;2127;218924;110436;28.7;14.5
68;2021-05-15;3554;909;222478;111345;29.2;14.6
68;2021-05-16;668;120;223146;111465;29.2;14.6
68;2021-05-17;4448;2497;227594;113962;29.8;14.9
68;2021-05-18;6137;2308;233731;116270;30.6;15.2
68;2021-05-19;5866;2883;239597;119153;31.4;15.6
68;2021-05-20;5927;2417;245524;121570;32.2;15.9
68;2021-05-21;5777;2867;251301;124437;32.9;16.3
68;2021-05-22;2576;923;253877;125360;33.3;16.4
68;2021-05-23;14;17;253891;125377;33.3;16.4
68;2021-05-24;2307;969;256198;126346;33.6;16.6
68;2021-05-25;4342;3428;260540;129774;34.1;17.0
68;2021-05-26;4878;3376;265418;133150;34.8;17.4
68;2021-05-27;5405;3395;270823;136545;35.5;17.9
68;2021-05-28;5618;3703;276441;140248;36.2;18.4
68;2021-05-29;1536;1175;277977;141423;36.4;18.5
68;2021-05-30;41;46;278018;141469;36.4;18.5
68;2021-05-31;5160;2362;283178;143831;37.1;18.8
68;2021-06-01;5967;2787;289145;146618;37.9;19.2
68;2021-06-02;4887;3000;294032;149618;38.5;19.6
68;2021-06-03;5938;3097;299970;152715;39.3;20.0
68;2021-06-04;4889;3300;304859;156015;39.9;20.4
68;2021-06-05;777;1169;305636;157184;40.0;20.6
68;2021-06-06;66;115;305702;157299;40.1;20.6
68;2021-06-07;4756;3036;310458;160335;40.7;21.0
68;2021-06-08;4939;3553;315397;163888;41.3;21.5
68;2021-06-09;4986;3437;320383;167325;42.0;21.9
68;2021-06-10;5191;3118;325574;170443;42.7;22.3
68;2021-06-11;5046;4146;330620;174589;43.3;22.9
68;2021-06-12;3028;1768;333648;176357;43.7;23.1
68;2021-06-13;514;682;334162;177039;43.8;23.2
68;2021-06-14;2511;4393;336673;181432;44.1;23.8
68;2021-06-15;3103;4730;339776;186162;44.5;24.4
68;2021-06-16;3380;4424;343156;190586;45.0;25.0
68;2021-06-17;2349;4455;345505;195041;45.3;25.6
68;2021-06-18;3345;5184;348850;200225;45.7;26.2
68;2021-06-19;2246;2179;351096;202404;46.0;26.5
68;2021-06-20;256;893;351352;203297;46.0;26.6
68;2021-06-21;2051;5158;353403;208455;46.3;27.3
68;2021-06-22;1893;5177;355296;213632;46.6;28.0
68;2021-06-23;2311;5750;357607;219382;46.9;28.7
68;2021-06-24;2135;4894;359742;224276;47.1;29.4
68;2021-06-25;2275;6663;362017;230939;47.4;30.3
68;2021-06-26;1292;2603;363309;233542;47.6;30.6
68;2021-06-27;151;880;363460;234422;47.6;30.7
68;2021-06-28;1597;6452;365057;240874;47.8;31.6
68;2021-06-29;1525;6638;366582;247512;48.0;32.4
68;2021-06-30;1781;6559;368363;254071;48.3;33.3
68;2021-07-01;2063;5349;370426;259420;48.5;34.0
68;2021-07-02;2089;6486;372515;265906;48.8;34.8
68;2021-07-03;971;1930;373486;267836;48.9;35.1
68;2021-07-04;239;198;373725;268034;49.0;35.1
68;2021-07-05;1450;5520;375175;273554;49.2;35.8
68;2021-07-06;1989;5884;377164;279438;49.4;36.6
68;2021-07-07;2441;4973;379605;284411;49.7;37.3
68;2021-07-08;2426;4739;382031;289150;50.1;37.9
68;2021-07-09;2086;7354;384117;296504;50.3;38.8
68;2021-07-10;1020;2002;385137;298506;50.5;39.1
68;2021-07-11;143;156;385280;298662;50.5;39.1
68;2021-07-12;1635;6778;386915;305440;50.7;40.0
68;2021-07-13;2896;6542;389811;311982;51.1;40.9
68;2021-07-14;1838;974;391649;312956;51.3;41.0
68;2021-07-15;3175;6644;394824;319600;51.7;41.9
68;2021-07-16;3795;6746;398619;326346;52.2;42.8
68;2021-07-17;3349;2279;401968;328625;52.7;43.1
68;2021-07-18;1052;225;403020;328850;52.8;43.1
68;2021-07-19;3010;6066;406030;334916;53.2;43.9
68;2021-07-20;3981;5651;410011;340567;53.7;44.6
68;2021-07-21;4234;5784;414245;346351;54.3;45.4
69;2020-12-27;0;0;0;0;0.0;0.0
69;2020-12-28;7;0;7;0;0.0;0.0
69;2020-12-29;5;0;12;0;0.0;0.0
69;2020-12-30;6;0;18;0;0.0;0.0
69;2020-12-31;10;0;28;0;0.0;0.0
69;2021-01-01;1;0;29;0;0.0;0.0
69;2021-01-02;1;0;30;0;0.0;0.0
69;2021-01-03;0;0;30;0;0.0;0.0
69;2021-01-04;10;0;40;0;0.0;0.0
69;2021-01-05;215;0;255;0;0.0;0.0
69;2021-01-06;505;0;760;0;0.0;0.0
69;2021-01-07;803;1;1563;1;0.1;0.0
69;2021-01-08;822;0;2385;1;0.1;0.0
69;2021-01-09;36;0;2421;1;0.1;0.0
69;2021-01-10;2;1;2423;2;0.1;0.0
69;2021-01-11;1133;2;3556;4;0.2;0.0
69;2021-01-12;1389;6;4945;10;0.3;0.0
69;2021-01-13;1386;4;6331;14;0.3;0.0
69;2021-01-14;2258;22;8589;36;0.5;0.0
69;2021-01-15;1824;9;10413;45;0.6;0.0
69;2021-01-16;926;3;11339;48;0.6;0.0
69;2021-01-17;258;2;11597;50;0.6;0.0
69;2021-01-18;1692;16;13289;66;0.7;0.0
69;2021-01-19;3500;66;16789;132;0.9;0.0
69;2021-01-20;4411;28;21200;160;1.1;0.0
69;2021-01-21;4013;20;25213;180;1.3;0.0
69;2021-01-22;3141;18;28354;198;1.5;0.0
69;2021-01-23;1277;1;29631;199;1.6;0.0
69;2021-01-24;100;1;29731;200;1.6;0.0
69;2021-01-25;2228;36;31959;236;1.7;0.0
69;2021-01-26;2558;84;34517;320;1.8;0.0
69;2021-01-27;2348;178;36865;498;2.0;0.0
69;2021-01-28;2230;374;39095;872;2.1;0.0
69;2021-01-29;2107;284;41202;1156;2.2;0.1
69;2021-01-30;888;2;42090;1158;2.2;0.1
69;2021-01-31;63;0;42153;1158;2.2;0.1
69;2021-02-01;1113;401;43266;1559;2.3;0.1
69;2021-02-02;1547;412;44813;1971;2.4;0.1
69;2021-02-03;1437;534;46250;2505;2.5;0.1
69;2021-02-04;1785;945;48035;3450;2.6;0.2
69;2021-02-05;817;807;48852;4257;2.6;0.2
69;2021-02-06;363;54;49215;4311;2.6;0.2
69;2021-02-07;0;0;49215;4311;2.6;0.2
69;2021-02-08;1131;1076;50346;5387;2.7;0.3
69;2021-02-09;2048;2105;52394;7492;2.8;0.4
69;2021-02-10;1842;2645;54236;10137;2.9;0.5
69;2021-02-11;1858;3293;56094;13430;3.0;0.7
69;2021-02-12;1894;2113;57988;15543;3.1;0.8
69;2021-02-13;460;807;58448;16350;3.1;0.9
69;2021-02-14;88;39;58536;16389;3.1;0.9
69;2021-02-15;1014;1773;59550;18162;3.2;1.0
69;2021-02-16;985;2450;60535;20612;3.2;1.1
69;2021-02-17;1027;2394;61562;23006;3.3;1.2
69;2021-02-18;965;2338;62527;25344;3.3;1.4
69;2021-02-19;895;1893;63422;27237;3.4;1.5
69;2021-02-20;326;912;63748;28149;3.4;1.5
69;2021-02-21;50;68;63798;28217;3.4;1.5
69;2021-02-22;605;2101;64403;30318;3.4;1.6
69;2021-02-23;737;2228;65140;32546;3.5;1.7
69;2021-02-24;973;2250;66113;34796;3.5;1.9
69;2021-02-25;2209;2660;68322;37456;3.6;2.0
69;2021-02-26;2775;1911;71097;39367;3.8;2.1
69;2021-02-27;924;568;72021;39935;3.8;2.1
69;2021-02-28;147;101;72168;40036;3.8;2.1
69;2021-03-01;2156;903;74324;40939;4.0;2.2
69;2021-03-02;3286;1376;77610;42315;4.1;2.3
69;2021-03-03;3656;1196;81266;43511;4.3;2.3
69;2021-03-04;4868;1244;86134;44755;4.6;2.4
69;2021-03-05;5848;1211;91982;45966;4.9;2.5
69;2021-03-06;3405;399;95387;46365;5.1;2.5
69;2021-03-07;636;39;96023;46404;5.1;2.5
69;2021-03-08;2947;1104;98970;47508;5.3;2.5
69;2021-03-09;4606;1223;103576;48731;5.5;2.6
69;2021-03-10;5052;1010;108628;49741;5.8;2.7
69;2021-03-11;6586;965;115214;50706;6.1;2.7
69;2021-03-12;8843;1131;124057;51837;6.6;2.8
69;2021-03-13;4918;212;128975;52049;6.9;2.8
69;2021-03-14;2735;117;131710;52166;7.0;2.8
69;2021-03-15;4806;674;136516;52840;7.3;2.8
69;2021-03-16;3808;620;140324;53460;7.5;2.8
69;2021-03-17;3941;841;144265;54301;7.7;2.9
69;2021-03-18;4963;1580;149228;55881;8.0;3.0
69;2021-03-19;6676;1015;155904;56896;8.3;3.0
69;2021-03-20;3582;247;159486;57143;8.5;3.0
69;2021-03-21;1969;85;161455;57228;8.6;3.1
69;2021-03-22;4538;784;165993;58012;8.8;3.1
69;2021-03-23;7349;781;173342;58793;9.2;3.1
69;2021-03-24;6441;947;179783;59740;9.6;3.2
69;2021-03-25;8570;1069;188353;60809;10.0;3.2
69;2021-03-26;8810;1203;197163;62012;10.5;3.3
69;2021-03-27;3149;771;200312;62783;10.7;3.3
69;2021-03-28;2209;168;202521;62951;10.8;3.4
69;2021-03-29;4092;2180;206613;65131;11.0;3.5
69;2021-03-30;7630;2483;214243;67614;11.4;3.6
69;2021-03-31;6341;3142;220584;70756;11.8;3.8
69;2021-04-01;8418;2695;229002;73451;12.2;3.9
69;2021-04-02;8300;3082;237302;76533;12.6;4.1
69;2021-04-03;5420;2152;242722;78685;12.9;4.2
69;2021-04-04;6605;547;249327;79232;13.3;4.2
69;2021-04-05;6187;805;255514;80037;13.6;4.3
69;2021-04-06;5095;3469;260609;83506;13.9;4.5
69;2021-04-07;5155;3875;265764;87381;14.2;4.7
69;2021-04-08;6423;4043;272187;91424;14.5;4.9
69;2021-04-09;9161;3761;281348;95185;15.0;5.1
69;2021-04-10;3049;2491;284397;97676;15.2;5.2
69;2021-04-11;2034;1892;286431;99568;15.3;5.3
69;2021-04-12;5456;3577;291887;103145;15.6;5.5
69;2021-04-13;7063;4110;298950;107255;15.9;5.7
69;2021-04-14;6706;4115;305656;111370;16.3;5.9
69;2021-04-15;7912;4560;313568;115930;16.7;6.2
69;2021-04-16;7854;4484;321422;120414;17.1;6.4
69;2021-04-17;5036;2332;326458;122746;17.4;6.5
69;2021-04-18;1713;1793;328171;124539;17.5;6.6
69;2021-04-19;7007;3763;335178;128302;17.9;6.8
69;2021-04-20;6474;4740;341652;133042;18.2;7.1
69;2021-04-21;5682;4410;347334;137452;18.5;7.3
69;2021-04-22;6416;5419;353750;142871;18.9;7.6
69;2021-04-23;6697;4840;360447;147711;19.2;7.9
69;2021-04-24;3150;2021;363597;149732;19.4;8.0
69;2021-04-25;2112;1546;365709;151278;19.5;8.1
69;2021-04-26;4492;3879;370201;155157;19.7;8.3
69;2021-04-27;6507;5322;376708;160479;20.1;8.6
69;2021-04-28;6268;4846;382976;165325;20.4;8.8
69;2021-04-29;6693;5351;389669;170676;20.8;9.1
69;2021-04-30;6921;6160;396590;176836;21.1;9.4
69;2021-05-01;3294;642;399884;177478;21.3;9.5
69;2021-05-02;1622;5891;401506;183369;21.4;9.8
69;2021-05-03;5848;8241;407354;191610;21.7;10.2
69;2021-05-04;7593;8163;414947;199773;22.1;10.6
69;2021-05-05;11202;5626;426149;205399;22.7;10.9
69;2021-05-06;12472;6262;438621;211661;23.4;11.3
69;2021-05-07;11681;7148;450302;218809;24.0;11.7
69;2021-05-08;4293;1652;454595;220461;24.2;11.8
69;2021-05-09;6632;2679;461227;223140;24.6;11.9
69;2021-05-10;6924;6051;468151;229191;25.0;12.2
69;2021-05-11;9813;7035;477964;236226;25.5;12.6
69;2021-05-12;12462;6804;490426;243030;26.1;13.0
69;2021-05-13;10827;2562;501253;245592;26.7;13.1
69;2021-05-14;12577;5218;513830;250810;27.4;13.4
69;2021-05-15;9140;2600;522970;253410;27.9;13.5
69;2021-05-16;8395;1869;531365;255279;28.3;13.6
69;2021-05-17;11296;5636;542661;260915;28.9;13.9
69;2021-05-18;13204;6374;555865;267289;29.6;14.2
69;2021-05-19;13699;5873;569564;273162;30.4;14.6
69;2021-05-20;11369;6077;580933;279239;31.0;14.9
69;2021-05-21;11025;6564;591958;285803;31.6;15.2
69;2021-05-22;5575;2572;597533;288375;31.9;15.4
69;2021-05-23;4563;1540;602096;289915;32.1;15.5
69;2021-05-24;8428;1860;610524;291775;32.5;15.6
69;2021-05-25;9734;6174;620258;297949;33.1;15.9
69;2021-05-26;10269;6106;630527;304055;33.6;16.2
69;2021-05-27;10423;6763;640950;310818;34.2;16.6
69;2021-05-28;11603;8741;652553;319559;34.8;17.0
69;2021-05-29;7382;6030;659935;325589;35.2;17.4
69;2021-05-30;7386;3170;667321;328759;35.6;17.5
69;2021-05-31;10949;6360;678270;335119;36.2;17.9
69;2021-06-01;12541;7513;690811;342632;36.8;18.3
69;2021-06-02;14779;6691;705590;349323;37.6;18.6
69;2021-06-03;16557;7418;722147;356741;38.5;19.0
69;2021-06-04;14634;8544;736781;365285;39.3;19.5
69;2021-06-05;10057;3416;746838;368701;39.8;19.7
69;2021-06-06;7478;1706;754316;370407;40.2;19.7
69;2021-06-07;12745;7038;767061;377445;40.9;20.1
69;2021-06-08;16002;8251;783063;385696;41.7;20.6
69;2021-06-09;14970;7359;798033;393055;42.5;21.0
69;2021-06-10;16033;7295;814066;400350;43.4;21.3
69;2021-06-11;16472;9681;830538;410031;44.3;21.9
69;2021-06-12;8445;4188;838983;414219;44.7;22.1
69;2021-06-13;5597;2137;844580;416356;45.0;22.2
69;2021-06-14;8075;9087;852655;425443;45.4;22.7
69;2021-06-15;10351;10985;863006;436428;46.0;23.3
69;2021-06-16;10928;12292;873934;448720;46.6;23.9
69;2021-06-17;11102;13233;885036;461953;47.2;24.6
69;2021-06-18;11472;14752;896508;476705;47.8;25.4
69;2021-06-19;6627;8338;903135;485043;48.1;25.9
69;2021-06-20;5194;4758;908329;489801;48.4;26.1
69;2021-06-21;5905;12127;914234;501928;48.7;26.8
69;2021-06-22;6233;13842;920467;515770;49.1;27.5
69;2021-06-23;7380;13040;927847;528810;49.5;28.2
69;2021-06-24;8018;13722;935865;542532;49.9;28.9
69;2021-06-25;6607;16308;942472;558840;50.2;29.8
69;2021-06-26;3477;9083;945949;567923;50.4;30.3
69;2021-06-27;3246;7423;949195;575346;50.6;30.7
69;2021-06-28;3631;14899;952826;590245;50.8;31.5
69;2021-06-29;4595;15657;957421;605902;51.0;32.3
69;2021-06-30;5581;14455;963002;620357;51.3;33.1
69;2021-07-01;6256;11931;969258;632288;51.7;33.7
69;2021-07-02;5478;14114;974736;646402;52.0;34.5
69;2021-07-03;5638;7781;980374;654183;52.3;34.9
69;2021-07-04;3890;5556;984264;659739;52.5;35.2
69;2021-07-05;5359;13016;989623;672755;52.8;35.9
69;2021-07-06;5130;14278;994753;687033;53.0;36.6
69;2021-07-07;6923;13533;1001676;700566;53.4;37.3
69;2021-07-08;7332;13410;1009008;713976;53.8;38.1
69;2021-07-09;7068;16440;1016076;730416;54.2;38.9
69;2021-07-10;2725;10317;1018801;740733;54.3;39.5
69;2021-07-11;4244;5833;1023045;746566;54.5;39.8
69;2021-07-12;3546;16968;1026591;763534;54.7;40.7
69;2021-07-13;5868;20712;1032459;784246;55.0;41.8
69;2021-07-14;4686;8477;1037145;792723;55.3;42.3
69;2021-07-15;7260;22583;1044405;815306;55.7;43.5
69;2021-07-16;9383;20099;1053788;835405;56.2;44.5
69;2021-07-17;4829;12210;1058617;847615;56.4;45.2
69;2021-07-18;3382;8897;1061999;856512;56.6;45.7
69;2021-07-19;6276;16424;1068275;872936;56.9;46.5
69;2021-07-20;8950;19220;1077225;892156;57.4;47.6
69;2021-07-21;9147;17317;1086372;909473;57.9;48.5
70;2020-12-27;0;0;0;0;0.0;0.0
70;2020-12-28;0;0;0;0;0.0;0.0
70;2020-12-29;0;0;0;0;0.0;0.0
70;2020-12-30;0;0;0;0;0.0;0.0
70;2020-12-31;0;0;0;0;0.0;0.0
70;2021-01-01;0;0;0;0;0.0;0.0
70;2021-01-02;0;0;0;0;0.0;0.0
70;2021-01-03;0;0;0;0;0.0;0.0
70;2021-01-04;0;0;0;0;0.0;0.0
70;2021-01-05;0;0;0;0;0.0;0.0
70;2021-01-06;24;0;24;0;0.0;0.0
70;2021-01-07;121;0;145;0;0.1;0.0
70;2021-01-08;21;0;166;0;0.1;0.0
70;2021-01-09;0;0;166;0;0.1;0.0
70;2021-01-10;0;0;166;0;0.1;0.0
70;2021-01-11;147;0;313;0;0.1;0.0
70;2021-01-12;195;1;508;1;0.2;0.0
70;2021-01-13;171;1;679;2;0.3;0.0
70;2021-01-14;149;5;828;7;0.4;0.0
70;2021-01-15;153;0;981;7;0.4;0.0
70;2021-01-16;65;0;1046;7;0.4;0.0
70;2021-01-17;0;0;1046;7;0.4;0.0
70;2021-01-18;386;0;1432;7;0.6;0.0
70;2021-01-19;500;2;1932;9;0.8;0.0
70;2021-01-20;494;2;2426;11;1.0;0.0
70;2021-01-21;673;1;3099;12;1.3;0.0
70;2021-01-22;458;3;3557;15;1.5;0.0
70;2021-01-23;261;2;3818;17;1.6;0.0
70;2021-01-24;3;0;3821;17;1.6;0.0
70;2021-01-25;371;1;4192;18;1.8;0.0
70;2021-01-26;335;1;4527;19;1.9;0.0
70;2021-01-27;328;10;4855;29;2.1;0.0
70;2021-01-28;365;36;5220;65;2.2;0.0
70;2021-01-29;329;53;5549;118;2.4;0.1
70;2021-01-30;228;1;5777;119;2.5;0.1
70;2021-01-31;0;0;5777;119;2.5;0.1
70;2021-02-01;260;51;6037;170;2.6;0.1
70;2021-02-02;272;98;6309;268;2.7;0.1
70;2021-02-03;252;61;6561;329;2.8;0.1
70;2021-02-04;264;122;6825;451;2.9;0.2
70;2021-02-05;254;75;7079;526;3.0;0.2
70;2021-02-06;209;37;7288;563;3.1;0.2
70;2021-02-07;0;0;7288;563;3.1;0.2
70;2021-02-08;178;234;7466;797;3.2;0.3
70;2021-02-09;206;231;7672;1028;3.3;0.4
70;2021-02-10;196;302;7868;1330;3.4;0.6
70;2021-02-11;346;326;8214;1656;3.5;0.7
70;2021-02-12;239;492;8453;2148;3.6;0.9
70;2021-02-13;75;211;8528;2359;3.7;1.0
70;2021-02-14;0;29;8528;2388;3.7;1.0
70;2021-02-15;70;340;8598;2728;3.7;1.2
70;2021-02-16;113;363;8711;3091;3.7;1.3
70;2021-02-17;167;304;8878;3395;3.8;1.5
70;2021-02-18;202;255;9080;3650;3.9;1.6
70;2021-02-19;197;203;9277;3853;4.0;1.7
70;2021-02-20;192;70;9469;3923;4.1;1.7
70;2021-02-21;1;0;9470;3923;4.1;1.7
70;2021-02-22;107;236;9577;4159;4.1;1.8
70;2021-02-23;125;259;9702;4418;4.2;1.9
70;2021-02-24;129;232;9831;4650;4.2;2.0
70;2021-02-25;315;256;10146;4906;4.4;2.1
70;2021-02-26;394;146;10540;5052;4.5;2.2
70;2021-02-27;147;202;10687;5254;4.6;2.3
70;2021-02-28;0;0;10687;5254;4.6;2.3
70;2021-03-01;249;240;10936;5494;4.7;2.4
70;2021-03-02;476;276;11412;5770;4.9;2.5
70;2021-03-03;467;253;11879;6023;5.1;2.6
70;2021-03-04;643;271;12522;6294;5.4;2.7
70;2021-03-05;766;257;13288;6551;5.7;2.8
70;2021-03-06;540;115;13828;6666;5.9;2.9
70;2021-03-07;216;23;14044;6689;6.0;2.9
70;2021-03-08;552;218;14596;6907;6.3;3.0
70;2021-03-09;865;185;15461;7092;6.6;3.0
70;2021-03-10;660;177;16121;7269;6.9;3.1
70;2021-03-11;698;243;16819;7512;7.2;3.2
70;2021-03-12;985;164;17804;7676;7.6;3.3
70;2021-03-13;565;112;18369;7788;7.9;3.3
70;2021-03-14;19;0;18388;7788;7.9;3.3
70;2021-03-15;771;104;19159;7892;8.2;3.4
70;2021-03-16;654;89;19813;7981;8.5;3.4
70;2021-03-17;596;174;20409;8155;8.8;3.5
70;2021-03-18;633;141;21042;8296;9.0;3.6
70;2021-03-19;1017;135;22059;8431;9.5;3.6
70;2021-03-20;640;183;22699;8614;9.7;3.7
70;2021-03-21;2;0;22701;8614;9.7;3.7
70;2021-03-22;752;97;23453;8711;10.1;3.7
70;2021-03-23;1305;150;24758;8861;10.6;3.8
70;2021-03-24;1248;95;26006;8956;11.2;3.8
70;2021-03-25;1244;184;27250;9140;11.7;3.9
70;2021-03-26;1487;292;28737;9432;12.3;4.0
70;2021-03-27;956;122;29693;9554;12.7;4.1
70;2021-03-28;0;10;29693;9564;12.7;4.1
70;2021-03-29;718;409;30411;9973;13.0;4.3
70;2021-03-30;1073;308;31484;10281;13.5;4.4
70;2021-03-31;861;313;32345;10594;13.9;4.5
70;2021-04-01;1153;421;33498;11015;14.4;4.7
70;2021-04-02;1310;335;34808;11350;14.9;4.9
70;2021-04-03;639;320;35447;11670;15.2;5.0
70;2021-04-04;9;0;35456;11670;15.2;5.0
70;2021-04-05;3;2;35459;11672;15.2;5.0
70;2021-04-06;830;555;36289;12227;15.6;5.2
70;2021-04-07;857;583;37146;12810;15.9;5.5
70;2021-04-08;1314;555;38460;13365;16.5;5.7
70;2021-04-09;1402;522;39862;13887;17.1;6.0
70;2021-04-10;858;339;40720;14226;17.5;6.1
70;2021-04-11;16;1;40736;14227;17.5;6.1
70;2021-04-12;692;656;41428;14883;17.8;6.4
70;2021-04-13;920;765;42348;15648;18.2;6.7
70;2021-04-14;814;576;43162;16224;18.5;7.0
70;2021-04-15;1078;596;44240;16820;19.0;7.2
70;2021-04-16;1242;540;45482;17360;19.5;7.4
70;2021-04-17;690;465;46172;17825;19.8;7.6
70;2021-04-18;56;4;46228;17829;19.8;7.6
70;2021-04-19;537;804;46765;18633;20.1;8.0
70;2021-04-20;664;851;47429;19484;20.3;8.4
70;2021-04-21;484;933;47913;20417;20.5;8.8
70;2021-04-22;776;791;48689;21208;20.9;9.1
70;2021-04-23;874;739;49563;21947;21.3;9.4
70;2021-04-24;431;637;49994;22584;21.4;9.7
70;2021-04-25;11;0;50005;22584;21.4;9.7
70;2021-04-26;924;597;50929;23181;21.8;9.9
70;2021-04-27;1209;745;52138;23926;22.4;10.3
70;2021-04-28;889;803;53027;24729;22.7;10.6
70;2021-04-29;1342;917;54369;25646;23.3;11.0
70;2021-04-30;1531;869;55900;26515;24.0;11.4
70;2021-05-01;1693;117;57593;26632;24.7;11.4
70;2021-05-02;2;0;57595;26632;24.7;11.4
70;2021-05-03;1188;562;58783;27194;25.2;11.7
70;2021-05-04;1336;736;60119;27930;25.8;12.0
70;2021-05-05;1188;867;61307;28797;26.3;12.3
70;2021-05-06;1849;1264;63156;30061;27.1;12.9
70;2021-05-07;2124;1223;65280;31284;28.0;13.4
70;2021-05-08;1339;183;66619;31467;28.6;13.5
70;2021-05-09;6;58;66625;31525;28.6;13.5
70;2021-05-10;957;946;67582;32471;29.0;13.9
70;2021-05-11;1238;1066;68820;33537;29.5;14.4
70;2021-05-12;1175;865;69995;34402;30.0;14.8
70;2021-05-13;1544;145;71539;34547;30.7;14.8
70;2021-05-14;2062;751;73601;35298;31.6;15.1
70;2021-05-15;2657;523;76258;35821;32.7;15.4
70;2021-05-16;997;72;77255;35893;33.1;15.4
70;2021-05-17;1235;383;78490;36276;33.7;15.6
70;2021-05-18;1294;590;79784;36866;34.2;15.8
70;2021-05-19;1476;478;81260;37344;34.8;16.0
70;2021-05-20;1777;623;83037;37967;35.6;16.3
70;2021-05-21;1690;818;84727;38785;36.3;16.6
70;2021-05-22;1221;662;85948;39447;36.9;16.9
70;2021-05-23;7;14;85955;39461;36.9;16.9
70;2021-05-24;210;23;86165;39484;36.9;16.9
70;2021-05-25;835;925;87000;40409;37.3;17.3
70;2021-05-26;1047;942;88047;41351;37.8;17.7
70;2021-05-27;1263;993;89310;42344;38.3;18.2
70;2021-05-28;1545;1164;90855;43508;39.0;18.7
70;2021-05-29;1371;586;92226;44094;39.5;18.9
70;2021-05-30;1;8;92227;44102;39.5;18.9
70;2021-05-31;969;678;93196;44780;40.0;19.2
70;2021-06-01;1213;850;94409;45630;40.5;19.6
70;2021-06-02;1263;672;95672;46302;41.0;19.9
70;2021-06-03;1430;845;97102;47147;41.6;20.2
70;2021-06-04;1337;1108;98439;48255;42.2;20.7
70;2021-06-05;1024;662;99463;48917;42.7;21.0
70;2021-06-06;599;79;100062;48996;42.9;21.0
70;2021-06-07;939;851;101001;49847;43.3;21.4
70;2021-06-08;1216;1176;102217;51023;43.8;21.9
70;2021-06-09;1155;987;103372;52010;44.3;22.3
70;2021-06-10;1562;821;104934;52831;45.0;22.7
70;2021-06-11;1584;1952;106518;54783;45.7;23.5
70;2021-06-12;824;1972;107342;56755;46.0;24.3
70;2021-06-13;132;12;107474;56767;46.1;24.3
70;2021-06-14;555;1242;108029;58009;46.3;24.9
70;2021-06-15;448;1505;108477;59514;46.5;25.5
70;2021-06-16;798;1392;109275;60906;46.9;26.1
70;2021-06-17;1144;2093;110419;62999;47.4;27.0
70;2021-06-18;993;2252;111412;65251;47.8;28.0
70;2021-06-19;1090;1637;112502;66888;48.2;28.7
70;2021-06-20;1;3;112503;66891;48.2;28.7
70;2021-06-21;689;1453;113192;68344;48.5;29.3
70;2021-06-22;651;1509;113843;69853;48.8;30.0
70;2021-06-23;651;1572;114494;71425;49.1;30.6
70;2021-06-24;872;2051;115366;73476;49.5;31.5
70;2021-06-25;679;2643;116045;76119;49.8;32.6
70;2021-06-26;941;2137;116986;78256;50.2;33.6
70;2021-06-27;138;760;117124;79016;50.2;33.9
70;2021-06-28;336;1348;117460;80364;50.4;34.5
70;2021-06-29;406;1612;117866;81976;50.5;35.2
70;2021-06-30;384;1633;118250;83609;50.7;35.9
70;2021-07-01;640;1751;118890;85360;51.0;36.6
70;2021-07-02;810;1575;119700;86935;51.3;37.3
70;2021-07-03;835;1079;120535;88014;51.7;37.7
70;2021-07-04;28;70;120563;88084;51.7;37.8
70;2021-07-05;609;1036;121172;89120;52.0;38.2
70;2021-07-06;677;1274;121849;90394;52.3;38.8
70;2021-07-07;503;1424;122352;91818;52.5;39.4
70;2021-07-08;811;1573;123163;93391;52.8;40.0
70;2021-07-09;867;1662;124030;95053;53.2;40.8
70;2021-07-10;821;1031;124851;96084;53.5;41.2
70;2021-07-11;6;20;124857;96104;53.5;41.2
70;2021-07-12;429;1398;125286;97502;53.7;41.8
70;2021-07-13;906;1862;126192;99364;54.1;42.6
70;2021-07-14;33;6;126225;99370;54.1;42.6
70;2021-07-15;1374;1690;127599;101060;54.7;43.3
70;2021-07-16;1614;2058;129213;103118;55.4;44.2
70;2021-07-17;1497;1439;130710;104557;56.1;44.8
70;2021-07-18;1138;629;131848;105186;56.5;45.1
70;2021-07-19;875;968;132723;106154;56.9;45.5
70;2021-07-20;1344;1356;134067;107510;57.5;46.1
70;2021-07-21;1266;1389;135333;108899;58.0;46.7
71;2020-12-27;0;0;0;0;0.0;0.0
71;2020-12-28;0;0;0;0;0.0;0.0
71;2020-12-29;0;0;0;0;0.0;0.0
71;2020-12-30;0;0;0;0;0.0;0.0
71;2020-12-31;0;0;0;0;0.0;0.0
71;2021-01-01;0;0;0;0;0.0;0.0
71;2021-01-02;0;0;0;0;0.0;0.0
71;2021-01-03;0;0;0;0;0.0;0.0
71;2021-01-04;1;0;1;0;0.0;0.0
71;2021-01-05;10;0;11;0;0.0;0.0
71;2021-01-06;71;0;82;0;0.0;0.0
71;2021-01-07;66;1;148;1;0.0;0.0
71;2021-01-08;146;0;294;1;0.1;0.0
71;2021-01-09;117;0;411;1;0.1;0.0
71;2021-01-10;1;0;412;1;0.1;0.0
71;2021-01-11;245;0;657;1;0.1;0.0
71;2021-01-12;843;1;1500;2;0.3;0.0
71;2021-01-13;562;1;2062;3;0.4;0.0
71;2021-01-14;577;9;2639;12;0.5;0.0
71;2021-01-15;666;1;3305;13;0.6;0.0
71;2021-01-16;9;0;3314;13;0.6;0.0
71;2021-01-17;0;0;3314;13;0.6;0.0
71;2021-01-18;1085;5;4399;18;0.8;0.0
71;2021-01-19;1672;6;6071;24;1.1;0.0
71;2021-01-20;1506;3;7577;27;1.4;0.0
71;2021-01-21;2054;12;9631;39;1.8;0.0
71;2021-01-22;1411;5;11042;44;2.0;0.0
71;2021-01-23;813;5;11855;49;2.2;0.0
71;2021-01-24;0;0;11855;49;2.2;0.0
71;2021-01-25;1061;6;12916;55;2.4;0.0
71;2021-01-26;1504;18;14420;73;2.6;0.0
71;2021-01-27;1247;32;15667;105;2.9;0.0
71;2021-01-28;1080;93;16747;198;3.1;0.0
71;2021-01-29;1014;145;17761;343;3.2;0.1
71;2021-01-30;604;2;18365;345;3.4;0.1
71;2021-01-31;0;15;18365;360;3.4;0.1
71;2021-02-01;749;238;19114;598;3.5;0.1
71;2021-02-02;751;357;19865;955;3.6;0.2
71;2021-02-03;817;426;20682;1381;3.8;0.3
71;2021-02-04;780;572;21462;1953;3.9;0.4
71;2021-02-05;706;525;22168;2478;4.0;0.5
71;2021-02-06;535;9;22703;2487;4.1;0.5
71;2021-02-07;3;50;22706;2537;4.1;0.5
71;2021-02-08;602;699;23308;3236;4.3;0.6
71;2021-02-09;373;1012;23681;4248;4.3;0.8
71;2021-02-10;408;997;24089;5245;4.4;1.0
71;2021-02-11;473;1175;24562;6420;4.5;1.2
71;2021-02-12;534;1033;25096;7453;4.6;1.4
71;2021-02-13;127;515;25223;7968;4.6;1.5
71;2021-02-14;1;7;25224;7975;4.6;1.5
71;2021-02-15;324;914;25548;8889;4.7;1.6
71;2021-02-16;441;1368;25989;10257;4.7;1.9
71;2021-02-17;425;1115;26414;11372;4.8;2.1
71;2021-02-18;548;938;26962;12310;4.9;2.2
71;2021-02-19;573;852;27535;13162;5.0;2.4
71;2021-02-20;223;381;27758;13543;5.1;2.5
71;2021-02-21;3;13;27761;13556;5.1;2.5
71;2021-02-22;235;879;27996;14435;5.1;2.6
71;2021-02-23;451;918;28447;15353;5.2;2.8
71;2021-02-24;438;719;28885;16072;5.3;2.9
71;2021-02-25;527;727;29412;16799;5.4;3.1
71;2021-02-26;831;529;30243;17328;5.5;3.2
71;2021-02-27;453;339;30696;17667;5.6;3.2
71;2021-02-28;54;14;30750;17681;5.6;3.2
71;2021-03-01;1188;681;31938;18362;5.8;3.4
71;2021-03-02;1573;632;33511;18994;6.1;3.5
71;2021-03-03;1816;756;35327;19750;6.4;3.6
71;2021-03-04;1993;805;37320;20555;6.8;3.8
71;2021-03-05;2284;680;39604;21235;7.2;3.9
71;2021-03-06;755;57;40359;21292;7.4;3.9
71;2021-03-07;39;21;40398;21313;7.4;3.9
71;2021-03-08;1450;771;41848;22084;7.6;4.0
71;2021-03-09;2156;510;44004;22594;8.0;4.1
71;2021-03-10;2166;454;46170;23048;8.4;4.2
71;2021-03-11;2633;631;48803;23679;8.9;4.3
71;2021-03-12;2604;595;51407;24274;9.4;4.4
71;2021-03-13;991;95;52398;24369;9.6;4.4
71;2021-03-14;34;0;52432;24369;9.6;4.4
71;2021-03-15;1799;486;54231;24855;9.9;4.5
71;2021-03-16;1819;185;56050;25040;10.2;4.6
71;2021-03-17;2130;243;58180;25283;10.6;4.6
71;2021-03-18;1951;428;60131;25711;11.0;4.7
71;2021-03-19;2363;314;62494;26025;11.4;4.8
71;2021-03-20;1082;33;63576;26058;11.6;4.8
71;2021-03-21;15;5;63591;26063;11.6;4.8
71;2021-03-22;2573;356;66164;26419;12.1;4.8
71;2021-03-23;3346;483;69510;26902;12.7;4.9
71;2021-03-24;3344;445;72854;27347;13.3;5.0
71;2021-03-25;4019;569;76873;27916;14.0;5.1
71;2021-03-26;4044;322;80917;28238;14.8;5.2
71;2021-03-27;997;105;81914;28343;15.0;5.2
71;2021-03-28;54;8;81968;28351;15.0;5.2
71;2021-03-29;2397;1170;84365;29521;15.4;5.4
71;2021-03-30;2952;1334;87317;30855;15.9;5.6
71;2021-03-31;2552;1507;89869;32362;16.4;5.9
71;2021-04-01;2716;1287;92585;33649;16.9;6.1
71;2021-04-02;2501;1412;95086;35061;17.4;6.4
71;2021-04-03;265;33;95351;35094;17.4;6.4
71;2021-04-04;2;0;95353;35094;17.4;6.4
71;2021-04-05;58;0;95411;35094;17.4;6.4
71;2021-04-06;2263;1865;97674;36959;17.8;6.7
71;2021-04-07;2389;1790;100063;38749;18.3;7.1
71;2021-04-08;3281;1797;103344;40546;18.9;7.4
71;2021-04-09;4035;1655;107379;42201;19.6;7.7
71;2021-04-10;769;42;108148;42243;19.7;7.7
71;2021-04-11;98;3;108246;42246;19.8;7.7
71;2021-04-12;2346;1689;110592;43935;20.2;8.0
71;2021-04-13;2578;1883;113170;45818;20.7;8.4
71;2021-04-14;2359;1910;115529;47728;21.1;8.7
71;2021-04-15;2775;1675;118304;49403;21.6;9.0
71;2021-04-16;2622;1639;120926;51042;22.1;9.3
71;2021-04-17;951;342;121877;51384;22.2;9.4
71;2021-04-18;106;4;121983;51388;22.3;9.4
71;2021-04-19;1758;2575;123741;53963;22.6;9.9
71;2021-04-20;2218;2590;125959;56553;23.0;10.3
71;2021-04-21;2124;2592;128083;59145;23.4;10.8
71;2021-04-22;2513;2430;130596;61575;23.8;11.2
71;2021-04-23;2914;2256;133510;63831;24.4;11.7
71;2021-04-24;517;49;134027;63880;24.5;11.7
71;2021-04-25;24;0;134051;63880;24.5;11.7
71;2021-04-26;2564;2118;136615;65998;24.9;12.0
71;2021-04-27;2982;2248;139597;68246;25.5;12.5
71;2021-04-28;3073;2119;142670;70365;26.0;12.8
71;2021-04-29;3778;2219;146448;72584;26.7;13.2
71;2021-04-30;3926;1721;150374;74305;27.4;13.6
71;2021-05-01;37;52;150411;74357;27.5;13.6
71;2021-05-02;23;18;150434;74375;27.5;13.6
71;2021-05-03;4281;1368;154715;75743;28.2;13.8
71;2021-05-04;2959;2339;157674;78082;28.8;14.3
71;2021-05-05;3426;2076;161100;80158;29.4;14.6
71;2021-05-06;3458;2353;164558;82511;30.0;15.1
71;2021-05-07;3670;2805;168228;85316;30.7;15.6
71;2021-05-08;176;184;168404;85500;30.7;15.6
71;2021-05-09;43;47;168447;85547;30.7;15.6
71;2021-05-10;3697;2276;172144;87823;31.4;16.0
71;2021-05-11;4648;2323;176792;90146;32.3;16.5
71;2021-05-12;3978;2577;180770;92723;33.0;16.9
71;2021-05-13;1573;150;182343;92873;33.3;17.0
71;2021-05-14;3761;2184;186104;95057;34.0;17.4
71;2021-05-15;240;325;186344;95382;34.0;17.4
71;2021-05-16;1;0;186345;95382;34.0;17.4
71;2021-05-17;3863;1881;190208;97263;34.7;17.8
71;2021-05-18;3497;2419;193705;99682;35.4;18.2
71;2021-05-19;3718;2275;197423;101957;36.0;18.6
71;2021-05-20;4177;2293;201600;104250;36.8;19.0
71;2021-05-21;3719;2571;205319;106821;37.5;19.5
71;2021-05-22;167;306;205486;107127;37.5;19.6
71;2021-05-23;11;55;205497;107182;37.5;19.6
71;2021-05-24;18;96;205515;107278;37.5;19.6
71;2021-05-25;2689;3003;208204;110281;38.0;20.1
71;2021-05-26;2966;2428;211170;112709;38.5;20.6
71;2021-05-27;3388;2583;214558;115292;39.2;21.0
71;2021-05-28;2917;3156;217475;118448;39.7;21.6
71;2021-05-29;479;658;217954;119106;39.8;21.7
71;2021-05-30;75;57;218029;119163;39.8;21.8
71;2021-05-31;2768;3456;220797;122619;40.3;22.4
71;2021-06-01;3659;3536;224456;126155;41.0;23.0
71;2021-06-02;3992;2621;228448;128776;41.7;23.5
71;2021-06-03;4432;2524;232880;131300;42.5;24.0
71;2021-06-04;3713;3714;236593;135014;43.2;24.6
71;2021-06-05;673;641;237266;135655;43.3;24.8
71;2021-06-06;57;91;237323;135746;43.3;24.8
71;2021-06-07;3277;4141;240600;139887;43.9;25.5
71;2021-06-08;3891;4007;244491;143894;44.6;26.3
71;2021-06-09;4689;2745;249180;146639;45.5;26.8
71;2021-06-10;5252;2734;254432;149373;46.4;27.3
71;2021-06-11;4431;3714;258863;153087;47.3;27.9
71;2021-06-12;704;591;259567;153678;47.4;28.1
71;2021-06-13;100;186;259667;153864;47.4;28.1
71;2021-06-14;3506;3777;263173;157641;48.0;28.8
71;2021-06-15;4199;3567;267372;161208;48.8;29.4
71;2021-06-16;4589;2717;271961;163925;49.6;29.9
71;2021-06-17;4260;2996;276221;166921;50.4;30.5
71;2021-06-18;4314;3767;280535;170688;51.2;31.2
71;2021-06-19;1261;646;281796;171334;51.4;31.3
71;2021-06-20;35;27;281831;171361;51.4;31.3
71;2021-06-21;2266;4281;284097;175642;51.9;32.1
71;2021-06-22;2674;4352;286771;179994;52.3;32.9
71;2021-06-23;3055;3420;289826;183414;52.9;33.5
71;2021-06-24;3318;3024;293144;186438;53.5;34.0
71;2021-06-25;2645;4474;295789;190912;54.0;34.8
71;2021-06-26;365;550;296154;191462;54.1;34.9
71;2021-06-27;29;68;296183;191530;54.1;35.0
71;2021-06-28;1518;4624;297701;196154;54.3;35.8
71;2021-06-29;1975;4820;299676;200974;54.7;36.7
71;2021-06-30;2443;3927;302119;204901;55.1;37.4
71;2021-07-01;2594;3904;304713;208805;55.6;38.1
71;2021-07-02;2871;3979;307584;212784;56.1;38.8
71;2021-07-03;315;710;307899;213494;56.2;39.0
71;2021-07-04;27;133;307926;213627;56.2;39.0
71;2021-07-05;2459;4318;310385;217945;56.7;39.8
71;2021-07-06;2448;4574;312833;222519;57.1;40.6
71;2021-07-07;2942;3730;315775;226249;57.6;41.3
71;2021-07-08;2751;4113;318526;230362;58.1;42.1
71;2021-07-09;2284;5028;320810;235390;58.6;43.0
71;2021-07-10;199;654;321009;236044;58.6;43.1
71;2021-07-11;14;65;321023;236109;58.6;43.1
71;2021-07-12;1899;5311;322922;241420;58.9;44.1
71;2021-07-13;2512;5863;325434;247283;59.4;45.1
71;2021-07-14;946;396;326380;247679;59.6;45.2
71;2021-07-15;2999;5721;329379;253400;60.1;46.3
71;2021-07-16;3276;6002;332655;259402;60.7;47.4
71;2021-07-17;500;770;333155;260172;60.8;47.5
71;2021-07-18;88;90;333243;260262;60.8;47.5
71;2021-07-19;2850;5689;336093;265951;61.4;48.5
71;2021-07-20;3313;5911;339406;271862;62.0;49.6
71;2021-07-21;3357;5446;342763;277308;62.6;50.6
72;2020-12-27;0;0;0;0;0.0;0.0
72;2020-12-28;0;0;0;0;0.0;0.0
72;2020-12-29;0;0;0;0;0.0;0.0
72;2020-12-30;0;0;0;0;0.0;0.0
72;2020-12-31;0;0;0;0;0.0;0.0
72;2021-01-01;2;0;2;0;0.0;0.0
72;2021-01-02;0;0;2;0;0.0;0.0
72;2021-01-03;0;0;2;0;0.0;0.0
72;2021-01-04;0;0;2;0;0.0;0.0
72;2021-01-05;14;0;16;0;0.0;0.0
72;2021-01-06;27;0;43;0;0.0;0.0
72;2021-01-07;110;0;153;0;0.0;0.0
72;2021-01-08;232;0;385;0;0.1;0.0
72;2021-01-09;36;0;421;0;0.1;0.0
72;2021-01-10;0;0;421;0;0.1;0.0
72;2021-01-11;484;1;905;1;0.2;0.0
72;2021-01-12;613;0;1518;1;0.3;0.0
72;2021-01-13;500;0;2018;1;0.4;0.0
72;2021-01-14;643;3;2661;4;0.5;0.0
72;2021-01-15;478;0;3139;4;0.6;0.0
72;2021-01-16;92;0;3231;4;0.6;0.0
72;2021-01-17;0;0;3231;4;0.6;0.0
72;2021-01-18;293;0;3524;4;0.6;0.0
72;2021-01-19;773;2;4297;6;0.8;0.0
72;2021-01-20;1514;3;5811;9;1.0;0.0
72;2021-01-21;1738;4;7549;13;1.3;0.0
72;2021-01-22;1149;5;8698;18;1.6;0.0
72;2021-01-23;32;0;8730;18;1.6;0.0
72;2021-01-24;0;0;8730;18;1.6;0.0
72;2021-01-25;502;7;9232;25;1.6;0.0
72;2021-01-26;1165;22;10397;47;1.9;0.0
72;2021-01-27;882;19;11279;66;2.0;0.0
72;2021-01-28;776;68;12055;134;2.2;0.0
72;2021-01-29;712;69;12767;203;2.3;0.0
72;2021-01-30;58;0;12825;203;2.3;0.0
72;2021-01-31;1;0;12826;203;2.3;0.0
72;2021-02-01;498;229;13324;432;2.4;0.1
72;2021-02-02;506;296;13830;728;2.5;0.1
72;2021-02-03;483;229;14313;957;2.6;0.2
72;2021-02-04;475;342;14788;1299;2.6;0.2
72;2021-02-05;506;408;15294;1707;2.7;0.3
72;2021-02-06;83;14;15377;1721;2.7;0.3
72;2021-02-07;19;3;15396;1724;2.7;0.3
72;2021-02-08;309;407;15705;2131;2.8;0.4
72;2021-02-09;489;535;16194;2666;2.9;0.5
72;2021-02-10;549;926;16743;3592;3.0;0.6
72;2021-02-11;849;1351;17592;4943;3.1;0.9
72;2021-02-12;848;595;18440;5538;3.3;1.0
72;2021-02-13;108;38;18548;5576;3.3;1.0
72;2021-02-14;1;22;18549;5598;3.3;1.0
72;2021-02-15;220;508;18769;6106;3.4;1.1
72;2021-02-16;498;1030;19267;7136;3.4;1.3
72;2021-02-17;464;718;19731;7854;3.5;1.4
72;2021-02-18;594;638;20325;8492;3.6;1.5
72;2021-02-19;519;599;20844;9091;3.7;1.6
72;2021-02-20;79;57;20923;9148;3.7;1.6
72;2021-02-21;0;0;20923;9148;3.7;1.6
72;2021-02-22;325;584;21248;9732;3.8;1.7
72;2021-02-23;566;532;21814;10264;3.9;1.8
72;2021-02-24;431;468;22245;10732;4.0;1.9
72;2021-02-25;921;565;23166;11297;4.1;2.0
72;2021-02-26;600;514;23766;11811;4.2;2.1
72;2021-02-27;322;67;24088;11878;4.3;2.1
72;2021-02-28;15;17;24103;11895;4.3;2.1
72;2021-03-01;376;483;24479;12378;4.4;2.2
72;2021-03-02;502;604;24981;12982;4.5;2.3
72;2021-03-03;729;647;25710;13629;4.6;2.4
72;2021-03-04;735;782;26445;14411;4.7;2.6
72;2021-03-05;934;769;27379;15180;4.9;2.7
72;2021-03-06;756;131;28135;15311;5.0;2.7
72;2021-03-07;447;24;28582;15335;5.1;2.7
72;2021-03-08;559;466;29141;15801;5.2;2.8
72;2021-03-09;1036;652;30177;16453;5.4;2.9
72;2021-03-10;1129;662;31306;17115;5.6;3.1
72;2021-03-11;1605;487;32911;17602;5.9;3.1
72;2021-03-12;1361;510;34272;18112;6.1;3.2
72;2021-03-13;979;112;35251;18224;6.3;3.3
72;2021-03-14;14;10;35265;18234;6.3;3.3
72;2021-03-15;1155;220;36420;18454;6.5;3.3
72;2021-03-16;1051;188;37471;18642;6.7;3.3
72;2021-03-17;1029;255;38500;18897;6.9;3.4
72;2021-03-18;1087;370;39587;19267;7.1;3.4
72;2021-03-19;1268;286;40855;19553;7.3;3.5
72;2021-03-20;485;90;41340;19643;7.4;3.5
72;2021-03-21;19;0;41359;19643;7.4;3.5
72;2021-03-22;1347;339;42706;19982;7.6;3.6
72;2021-03-23;1721;470;44427;20452;7.9;3.7
72;2021-03-24;1837;298;46264;20750;8.3;3.7
72;2021-03-25;2438;453;48702;21203;8.7;3.8
72;2021-03-26;2333;371;51035;21574;9.1;3.9
72;2021-03-27;610;28;51645;21602;9.2;3.9
72;2021-03-28;22;0;51667;21602;9.2;3.9
72;2021-03-29;1613;372;53280;21974;9.5;3.9
72;2021-03-30;2491;383;55771;22357;10.0;4.0
72;2021-03-31;2132;357;57903;22714;10.3;4.1
72;2021-04-01;2829;326;60732;23040;10.8;4.1
72;2021-04-02;2245;389;62977;23429;11.2;4.2
72;2021-04-03;289;36;63266;23465;11.3;4.2
72;2021-04-04;14;3;63280;23468;11.3;4.2
72;2021-04-05;51;49;63331;23517;11.3;4.2
72;2021-04-06;1759;462;65090;23979;11.6;4.3
72;2021-04-07;2552;582;67642;24561;12.1;4.4
72;2021-04-08;2713;763;70355;25324;12.6;4.5
72;2021-04-09;3860;562;74215;25886;13.2;4.6
72;2021-04-10;1110;46;75325;25932;13.4;4.6
72;2021-04-11;7;1;75332;25933;13.4;4.6
72;2021-04-12;1846;892;77178;26825;13.8;4.8
72;2021-04-13;2354;1066;79532;27891;14.2;5.0
72;2021-04-14;2248;1090;81780;28981;14.6;5.2
72;2021-04-15;2419;1101;84199;30082;15.0;5.4
72;2021-04-16;2562;953;86761;31035;15.5;5.5
72;2021-04-17;707;140;87468;31175;15.6;5.6
72;2021-04-18;57;1;87525;31176;15.6;5.6
72;2021-04-19;1394;1091;88919;32267;15.9;5.8
72;2021-04-20;2998;1290;91917;33557;16.4;6.0
72;2021-04-21;2515;1555;94432;35112;16.9;6.3
72;2021-04-22;2814;1784;97246;36896;17.4;6.6
72;2021-04-23;3204;1440;100450;38336;17.9;6.8
72;2021-04-24;1399;263;101849;38599;18.2;6.9
72;2021-04-25;881;19;102730;38618;18.3;6.9
72;2021-04-26;3508;1462;106238;40080;19.0;7.2
72;2021-04-27;4084;1854;110322;41934;19.7;7.5
72;2021-04-28;3832;1856;114154;43790;20.4;7.8
72;2021-04-29;4160;1799;118314;45589;21.1;8.1
72;2021-04-30;3609;1705;121923;47294;21.8;8.4
72;2021-05-01;1642;217;123565;47511;22.1;8.5
72;2021-05-02;1533;155;125098;47666;22.3;8.5
72;2021-05-03;3458;1149;128556;48815;22.9;8.7
72;2021-05-04;4010;1794;132566;50609;23.7;9.0
72;2021-05-05;3868;2177;136434;52786;24.4;9.4
72;2021-05-06;3594;1933;140028;54719;25.0;9.8
72;2021-05-07;3545;2143;143573;56862;25.6;10.1
72;2021-05-08;1902;149;145475;57011;26.0;10.2
72;2021-05-09;2082;199;147557;57210;26.3;10.2
72;2021-05-10;3770;1515;151327;58725;27.0;10.5
72;2021-05-11;4599;1984;155926;60709;27.8;10.8
72;2021-05-12;4078;1818;160004;62527;28.6;11.2
72;2021-05-13;3030;269;163034;62796;29.1;11.2
72;2021-05-14;3661;1380;166695;64176;29.8;11.5
72;2021-05-15;3119;355;169814;64531;30.3;11.5
72;2021-05-16;2501;152;172315;64683;30.8;11.5
72;2021-05-17;3725;1278;176040;65961;31.4;11.8
72;2021-05-18;4331;1677;180371;67638;32.2;12.1
72;2021-05-19;3977;1502;184348;69140;32.9;12.3
72;2021-05-20;4259;1449;188607;70589;33.7;12.6
72;2021-05-21;3790;1379;192397;71968;34.3;12.8
72;2021-05-22;2560;504;194957;72472;34.8;12.9
72;2021-05-23;1390;160;196347;72632;35.0;13.0
72;2021-05-24;2351;293;198698;72925;35.5;13.0
72;2021-05-25;4073;1407;202771;74332;36.2;13.3
72;2021-05-26;4095;1403;206866;75735;36.9;13.5
72;2021-05-27;4344;2043;211210;77778;37.7;13.9
72;2021-05-28;4106;2016;215316;79794;38.4;14.2
72;2021-05-29;2665;807;217981;80601;38.9;14.4
72;2021-05-30;1142;871;219123;81472;39.1;14.5
72;2021-05-31;3119;2327;222242;83799;39.7;15.0
72;2021-06-01;3564;2667;225806;86466;40.3;15.4
72;2021-06-02;3607;2778;229413;89244;41.0;15.9
72;2021-06-03;4240;2995;233653;92239;41.7;16.5
72;2021-06-04;3891;2751;237544;94990;42.4;17.0
72;2021-06-05;1438;2568;238982;97558;42.7;17.4
72;2021-06-06;909;1538;239891;99096;42.8;17.7
72;2021-06-07;1748;3417;241639;102513;43.1;18.3
72;2021-06-08;2924;3829;244563;106342;43.7;19.0
72;2021-06-09;2645;3362;247208;109704;44.1;19.6
72;2021-06-10;2828;3305;250036;113009;44.6;20.2
72;2021-06-11;2835;3771;252871;116780;45.1;20.8
72;2021-06-12;1241;2597;254112;119377;45.4;21.3
72;2021-06-13;387;1857;254499;121234;45.4;21.6
72;2021-06-14;1324;4126;255823;125360;45.7;22.4
72;2021-06-15;2754;3510;258577;128870;46.2;23.0
72;2021-06-16;2425;3570;261002;132440;46.6;23.6
72;2021-06-17;2316;3876;263318;136316;47.0;24.3
72;2021-06-18;2303;4306;265621;140622;47.4;25.1
72;2021-06-19;1119;2763;266740;143385;47.6;25.6
72;2021-06-20;338;2055;267078;145440;47.7;26.0
72;2021-06-21;1561;4030;268639;149470;48.0;26.7
72;2021-06-22;1705;5001;270344;154471;48.3;27.6
72;2021-06-23;1991;4236;272335;158707;48.6;28.3
72;2021-06-24;2218;4020;274553;162727;49.0;29.0
72;2021-06-25;1764;4857;276317;167584;49.3;29.9
72;2021-06-26;1185;2876;277502;170460;49.5;30.4
72;2021-06-27;391;2117;277893;172577;49.6;30.8
72;2021-06-28;1435;4302;279328;176879;49.9;31.6
72;2021-06-29;1756;4758;281084;181637;50.2;32.4
72;2021-06-30;1965;4175;283049;185812;50.5;33.2
72;2021-07-01;1930;4426;284979;190238;50.9;34.0
72;2021-07-02;1843;4724;286822;194962;51.2;34.8
72;2021-07-03;1287;3120;288109;198082;51.4;35.4
72;2021-07-04;582;1946;288691;200028;51.5;35.7
72;2021-07-05;1183;4176;289874;204204;51.7;36.5
72;2021-07-06;1455;5168;291329;209372;52.0;37.4
72;2021-07-07;1577;4613;292906;213985;52.3;38.2
72;2021-07-08;1642;4333;294548;218318;52.6;39.0
72;2021-07-09;2091;4624;296639;222942;52.9;39.8
72;2021-07-10;1581;2694;298220;225636;53.2;40.3
72;2021-07-11;948;1590;299168;227226;53.4;40.6
72;2021-07-12;1592;3754;300760;230980;53.7;41.2
72;2021-07-13;2077;4773;302837;235753;54.1;42.1
72;2021-07-14;1315;2365;304152;238118;54.3;42.5
72;2021-07-15;3471;3423;307623;241541;54.9;43.1
72;2021-07-16;3156;4122;310779;245663;55.5;43.9
72;2021-07-17;2625;1758;313404;247421;55.9;44.2
72;2021-07-18;1705;813;315109;248234;56.2;44.3
72;2021-07-19;2903;3502;318012;251736;56.8;44.9
72;2021-07-20;2977;4274;320989;256010;57.3;45.7
72;2021-07-21;2837;3581;323826;259591;57.8;46.3
73;2020-12-27;0;0;0;0;0.0;0.0
73;2020-12-28;0;0;0;0;0.0;0.0
73;2020-12-29;0;0;0;0;0.0;0.0
73;2020-12-30;0;0;0;0;0.0;0.0
73;2020-12-31;0;0;0;0;0.0;0.0
73;2021-01-01;0;0;0;0;0.0;0.0
73;2021-01-02;0;0;0;0;0.0;0.0
73;2021-01-03;0;0;0;0;0.0;0.0
73;2021-01-04;1;0;1;0;0.0;0.0
73;2021-01-05;0;0;1;0;0.0;0.0
73;2021-01-06;1;0;2;0;0.0;0.0
73;2021-01-07;30;0;32;0;0.0;0.0
73;2021-01-08;81;0;113;0;0.0;0.0
73;2021-01-09;0;0;113;0;0.0;0.0
73;2021-01-10;0;0;113;0;0.0;0.0
73;2021-01-11;85;0;198;0;0.0;0.0
73;2021-01-12;303;1;501;1;0.1;0.0
73;2021-01-13;356;1;857;2;0.2;0.0
73;2021-01-14;509;2;1366;4;0.3;0.0
73;2021-01-15;616;1;1982;5;0.5;0.0
73;2021-01-16;127;0;2109;5;0.5;0.0
73;2021-01-17;0;0;2109;5;0.5;0.0
73;2021-01-18;624;0;2733;5;0.6;0.0
73;2021-01-19;1236;2;3969;7;0.9;0.0
73;2021-01-20;950;1;4919;8;1.1;0.0
73;2021-01-21;980;5;5899;13;1.4;0.0
73;2021-01-22;941;0;6840;13;1.6;0.0
73;2021-01-23;387;0;7227;13;1.7;0.0
73;2021-01-24;0;0;7227;13;1.7;0.0
73;2021-01-25;655;5;7882;18;1.8;0.0
73;2021-01-26;760;2;8642;20;2.0;0.0
73;2021-01-27;1104;4;9746;24;2.3;0.0
73;2021-01-28;960;5;10706;29;2.5;0.0
73;2021-01-29;683;5;11389;34;2.6;0.0
73;2021-01-30;345;3;11734;37;2.7;0.0
73;2021-01-31;0;0;11734;37;2.7;0.0
73;2021-02-01;620;39;12354;76;2.9;0.0
73;2021-02-02;750;321;13104;397;3.0;0.1
73;2021-02-03;653;348;13757;745;3.2;0.2
73;2021-02-04;623;234;14380;979;3.3;0.2
73;2021-02-05;678;409;15058;1388;3.5;0.3
73;2021-02-06;261;38;15319;1426;3.5;0.3
73;2021-02-07;0;0;15319;1426;3.5;0.3
73;2021-02-08;520;254;15839;1680;3.7;0.4
73;2021-02-09;793;445;16632;2125;3.8;0.5
73;2021-02-10;889;394;17521;2519;4.1;0.6
73;2021-02-11;957;707;18478;3226;4.3;0.7
73;2021-02-12;810;494;19288;3720;4.5;0.9
73;2021-02-13;263;58;19551;3778;4.5;0.9
73;2021-02-14;1;0;19552;3778;4.5;0.9
73;2021-02-15;345;529;19897;4307;4.6;1.0
73;2021-02-16;453;741;20350;5048;4.7;1.2
73;2021-02-17;450;959;20800;6007;4.8;1.4
73;2021-02-18;468;554;21268;6561;4.9;1.5
73;2021-02-19;445;635;21713;7196;5.0;1.7
73;2021-02-20;70;249;21783;7445;5.0;1.7
73;2021-02-21;0;0;21783;7445;5.0;1.7
73;2021-02-22;240;437;22023;7882;5.1;1.8
73;2021-02-23;324;516;22347;8398;5.2;1.9
73;2021-02-24;485;747;22832;9145;5.3;2.1
73;2021-02-25;500;500;23332;9645;5.4;2.2
73;2021-02-26;730;564;24062;10209;5.6;2.4
73;2021-02-27;331;235;24393;10444;5.6;2.4
73;2021-02-28;1;1;24394;10445;5.6;2.4
73;2021-03-01;556;513;24950;10958;5.8;2.5
73;2021-03-02;665;890;25615;11848;5.9;2.7
73;2021-03-03;641;1192;26256;13040;6.1;3.0
73;2021-03-04;1029;891;27285;13931;6.3;3.2
73;2021-03-05;1234;604;28519;14535;6.6;3.4
73;2021-03-06;1091;327;29610;14862;6.8;3.4
73;2021-03-07;452;88;30062;14950;6.9;3.5
73;2021-03-08;606;424;30668;15374;7.1;3.6
73;2021-03-09;983;534;31651;15908;7.3;3.7
73;2021-03-10;1035;862;32686;16770;7.6;3.9
73;2021-03-11;1552;652;34238;17422;7.9;4.0
73;2021-03-12;2016;526;36254;17948;8.4;4.1
73;2021-03-13;1174;199;37428;18147;8.7;4.2
73;2021-03-14;65;3;37493;18150;8.7;4.2
73;2021-03-15;1180;386;38673;18536;8.9;4.3
73;2021-03-16;791;397;39464;18933;9.1;4.4
73;2021-03-17;875;471;40339;19404;9.3;4.5
73;2021-03-18;1348;253;41687;19657;9.6;4.5
73;2021-03-19;1763;383;43450;20040;10.0;4.6
73;2021-03-20;886;127;44336;20167;10.2;4.7
73;2021-03-21;123;2;44459;20169;10.3;4.7
73;2021-03-22;1180;389;45639;20558;10.6;4.8
73;2021-03-23;1443;224;47082;20782;10.9;4.8
73;2021-03-24;1589;340;48671;21122;11.3;4.9
73;2021-03-25;2055;376;50726;21498;11.7;5.0
73;2021-03-26;2471;350;53197;21848;12.3;5.1
73;2021-03-27;886;141;54083;21989;12.5;5.1
73;2021-03-28;309;10;54392;21999;12.6;5.1
73;2021-03-29;1506;230;55898;22229;12.9;5.1
73;2021-03-30;2082;471;57980;22700;13.4;5.2
73;2021-03-31;2089;381;60069;23081;13.9;5.3
73;2021-04-01;2078;324;62147;23405;14.4;5.4
73;2021-04-02;2332;204;64479;23609;14.9;5.5
73;2021-04-03;848;143;65327;23752;15.1;5.5
73;2021-04-04;187;15;65514;23767;15.1;5.5
73;2021-04-05;210;24;65724;23791;15.2;5.5
73;2021-04-06;1499;489;67223;24280;15.5;5.6
73;2021-04-07;1940;634;69163;24914;16.0;5.8
73;2021-04-08;2487;801;71650;25715;16.6;5.9
73;2021-04-09;3057;488;74707;26203;17.3;6.1
73;2021-04-10;1132;304;75839;26507;17.5;6.1
73;2021-04-11;163;8;76002;26515;17.6;6.1
73;2021-04-12;1698;970;77700;27485;18.0;6.4
73;2021-04-13;1889;1121;79589;28606;18.4;6.6
73;2021-04-14;2018;1079;81607;29685;18.9;6.9
73;2021-04-15;2413;1158;84020;30843;19.4;7.1
73;2021-04-16;1891;916;85911;31759;19.9;7.3
73;2021-04-17;1174;551;87085;32310;20.1;7.5
73;2021-04-18;155;74;87240;32384;20.2;7.5
73;2021-04-19;1378;1048;88618;33432;20.5;7.7
73;2021-04-20;1789;1300;90407;34732;20.9;8.0
73;2021-04-21;1574;1296;91981;36028;21.3;8.3
73;2021-04-22;1810;1217;93791;37245;21.7;8.6
73;2021-04-23;1888;1241;95679;38486;22.1;8.9
73;2021-04-24;980;668;96659;39154;22.3;9.1
73;2021-04-25;79;97;96738;39251;22.4;9.1
73;2021-04-26;1166;1317;97904;40568;22.6;9.4
73;2021-04-27;1442;1462;99346;42030;23.0;9.7
73;2021-04-28;1733;1457;101079;43487;23.4;10.1
73;2021-04-29;2411;1558;103490;45045;23.9;10.4
73;2021-04-30;2390;1432;105880;46477;24.5;10.7
73;2021-05-01;1067;304;106947;46781;24.7;10.8
73;2021-05-02;34;164;106981;46945;24.7;10.9
73;2021-05-03;1396;1593;108377;48538;25.1;11.2
73;2021-05-04;1706;1825;110083;50363;25.4;11.6
73;2021-05-05;1971;1684;112054;52047;25.9;12.0
73;2021-05-06;2428;1699;114482;53746;26.5;12.4
73;2021-05-07;2260;1848;116742;55594;27.0;12.9
73;2021-05-08;1836;375;118578;55969;27.4;12.9
73;2021-05-09;127;121;118705;56090;27.4;13.0
73;2021-05-10;1605;1884;120310;57974;27.8;13.4
73;2021-05-11;2380;2361;122690;60335;28.4;13.9
73;2021-05-12;3546;2082;126236;62417;29.2;14.4
73;2021-05-13;1554;272;127790;62689;29.5;14.5
73;2021-05-14;1584;1488;129374;64177;29.9;14.8
73;2021-05-15;1442;942;130816;65119;30.2;15.1
73;2021-05-16;131;62;130947;65181;30.3;15.1
73;2021-05-17;1705;1948;132652;67129;30.7;15.5
73;2021-05-18;2494;1731;135146;68860;31.2;15.9
73;2021-05-19;2538;1625;137684;70485;31.8;16.3
73;2021-05-20;3161;1500;140845;71985;32.6;16.6
73;2021-05-21;2472;1847;143317;73832;33.1;17.1
73;2021-05-22;1990;922;145307;74754;33.6;17.3
73;2021-05-23;211;14;145518;74768;33.6;17.3
73;2021-05-24;2563;328;148081;75096;34.2;17.4
73;2021-05-25;2137;1740;150218;76836;34.7;17.8
73;2021-05-26;2342;2001;152560;78837;35.3;18.2
73;2021-05-27;3080;1712;155640;80549;36.0;18.6
73;2021-05-28;2917;2372;158557;82921;36.7;19.2
73;2021-05-29;2318;1321;160875;84242;37.2;19.5
73;2021-05-30;185;14;161060;84256;37.2;19.5
73;2021-05-31;2409;1626;163469;85882;37.8;19.9
73;2021-06-01;3176;1788;166645;87670;38.5;20.3
73;2021-06-02;3089;1459;169734;89129;39.2;20.6
73;2021-06-03;4413;1742;174147;90871;40.3;21.0
73;2021-06-04;4270;2177;178417;93048;41.2;21.5
73;2021-06-05;3154;1278;181571;94326;42.0;21.8
73;2021-06-06;1880;297;183451;94623;42.4;21.9
73;2021-06-07;2750;2148;186201;96771;43.0;22.4
73;2021-06-08;2684;1875;188885;98646;43.7;22.8
73;2021-06-09;2354;1788;191239;100434;44.2;23.2
73;2021-06-10;1937;1652;193176;102086;44.7;23.6
73;2021-06-11;2153;2441;195329;104527;45.2;24.2
73;2021-06-12;2237;1330;197566;105857;45.7;24.5
73;2021-06-13;44;82;197610;105939;45.7;24.5
73;2021-06-14;1345;2930;198955;108869;46.0;25.2
73;2021-06-15;1584;2753;200539;111622;46.4;25.8
73;2021-06-16;1459;2569;201998;114191;46.7;26.4
73;2021-06-17;929;1729;202927;115920;46.9;26.8
73;2021-06-18;1853;2936;204780;118856;47.3;27.5
73;2021-06-19;1408;1990;206188;120846;47.7;27.9
73;2021-06-20;444;307;206632;121153;47.8;28.0
73;2021-06-21;1108;2940;207740;124093;48.0;28.7
73;2021-06-22;1080;2875;208820;126968;48.3;29.4
73;2021-06-23;1077;3136;209897;130104;48.5;30.1
73;2021-06-24;872;1798;210769;131902;48.7;30.5
73;2021-06-25;1251;2802;212020;134704;49.0;31.1
73;2021-06-26;934;2399;212954;137103;49.2;31.7
73;2021-06-27;318;549;213272;137652;49.3;31.8
73;2021-06-28;960;3565;214232;141217;49.5;32.6
73;2021-06-29;1062;3340;215294;144557;49.8;33.4
73;2021-06-30;1175;3126;216469;147683;50.0;34.1
73;2021-07-01;1125;2361;217594;150044;50.3;34.7
73;2021-07-02;1199;3622;218793;153666;50.6;35.5
73;2021-07-03;950;2793;219743;156459;50.8;36.2
73;2021-07-04;299;617;220042;157076;50.9;36.3
73;2021-07-05;1140;3684;221182;160760;51.1;37.2
73;2021-07-06;1231;2946;222413;163706;51.4;37.8
73;2021-07-07;1423;2951;223836;166657;51.7;38.5
73;2021-07-08;1359;2298;225195;168955;52.1;39.1
73;2021-07-09;1410;4018;226605;172973;52.4;40.0
73;2021-07-10;877;3012;227482;175985;52.6;40.7
73;2021-07-11;559;1469;228041;177454;52.7;41.0
73;2021-07-12;1051;4206;229092;181660;53.0;42.0
73;2021-07-13;1714;4226;230806;185886;53.4;43.0
73;2021-07-14;1833;1909;232639;187795;53.8;43.4
73;2021-07-15;2717;3791;235356;191586;54.4;44.3
73;2021-07-16;2390;3998;237746;195584;55.0;45.2
73;2021-07-17;1479;2593;239225;198177;55.3;45.8
73;2021-07-18;1175;1210;240400;199387;55.6;46.1
73;2021-07-19;2419;3224;242819;202611;56.1;46.8
73;2021-07-20;3341;2829;246160;205440;56.9;47.5
73;2021-07-21;3346;2740;249506;208180;57.7;48.1
74;2020-12-27;1;0;1;0;0.0;0.0
74;2020-12-28;1;0;2;0;0.0;0.0
74;2020-12-29;0;0;2;0;0.0;0.0
74;2020-12-30;0;0;2;0;0.0;0.0
74;2020-12-31;0;0;2;0;0.0;0.0
74;2021-01-01;0;0;2;0;0.0;0.0
74;2021-01-02;1;1;3;1;0.0;0.0
74;2021-01-03;0;0;3;1;0.0;0.0
74;2021-01-04;0;0;3;1;0.0;0.0
74;2021-01-05;0;0;3;1;0.0;0.0
74;2021-01-06;43;0;46;1;0.0;0.0
74;2021-01-07;217;1;263;2;0.0;0.0
74;2021-01-08;291;0;554;2;0.1;0.0
74;2021-01-09;78;0;632;2;0.1;0.0
74;2021-01-10;73;0;705;2;0.1;0.0
74;2021-01-11;372;0;1077;2;0.1;0.0
74;2021-01-12;402;3;1479;5;0.2;0.0
74;2021-01-13;396;0;1875;5;0.2;0.0
74;2021-01-14;456;1;2331;6;0.3;0.0
74;2021-01-15;638;4;2969;10;0.4;0.0
74;2021-01-16;249;1;3218;11;0.4;0.0
74;2021-01-17;129;0;3347;11;0.4;0.0
74;2021-01-18;521;0;3868;11;0.5;0.0
74;2021-01-19;808;2;4676;13;0.6;0.0
74;2021-01-20;1274;4;5950;17;0.7;0.0
74;2021-01-21;1540;1;7490;18;0.9;0.0
74;2021-01-22;1210;6;8700;24;1.1;0.0
74;2021-01-23;342;0;9042;24;1.1;0.0
74;2021-01-24;89;0;9131;24;1.1;0.0
74;2021-01-25;795;2;9926;26;1.2;0.0
74;2021-01-26;1333;8;11259;34;1.4;0.0
74;2021-01-27;1070;10;12329;44;1.5;0.0
74;2021-01-28;983;30;13312;74;1.6;0.0
74;2021-01-29;873;42;14185;116;1.7;0.0
74;2021-01-30;303;1;14488;117;1.7;0.0
74;2021-01-31;84;0;14572;117;1.8;0.0
74;2021-02-01;620;44;15192;161;1.8;0.0
74;2021-02-02;639;155;15831;316;1.9;0.0
74;2021-02-03;598;123;16429;439;2.0;0.1
74;2021-02-04;610;135;17039;574;2.1;0.1
74;2021-02-05;542;227;17581;801;2.1;0.1
74;2021-02-06;266;140;17847;941;2.2;0.1
74;2021-02-07;93;127;17940;1068;2.2;0.1
74;2021-02-08;613;350;18553;1418;2.2;0.2
74;2021-02-09;535;534;19088;1952;2.3;0.2
74;2021-02-10;684;523;19772;2475;2.4;0.3
74;2021-02-11;1052;1019;20824;3494;2.5;0.4
74;2021-02-12;901;617;21725;4111;2.6;0.5
74;2021-02-13;398;239;22123;4350;2.7;0.5
74;2021-02-14;314;109;22437;4459;2.7;0.5
74;2021-02-15;275;856;22712;5315;2.7;0.6
74;2021-02-16;485;1071;23197;6386;2.8;0.8
74;2021-02-17;528;1112;23725;7498;2.9;0.9
74;2021-02-18;471;994;24196;8492;2.9;1.0
74;2021-02-19;616;655;24812;9147;3.0;1.1
74;2021-02-20;114;192;24926;9339;3.0;1.1
74;2021-02-21;46;62;24972;9401;3.0;1.1
74;2021-02-22;315;786;25287;10187;3.1;1.2
74;2021-02-23;300;826;25587;11013;3.1;1.3
74;2021-02-24;239;678;25826;11691;3.1;1.4
74;2021-02-25;517;749;26343;12440;3.2;1.5
74;2021-02-26;965;691;27308;13131;3.3;1.6
74;2021-02-27;253;185;27561;13316;3.3;1.6
74;2021-02-28;123;69;27684;13385;3.3;1.6
74;2021-03-01;718;625;28402;14010;3.4;1.7
74;2021-03-02;1084;668;29486;14678;3.6;1.8
74;2021-03-03;1009;630;30495;15308;3.7;1.8
74;2021-03-04;1600;1002;32095;16310;3.9;2.0
74;2021-03-05;2080;885;34175;17195;4.1;2.1
74;2021-03-06;1744;306;35919;17501;4.3;2.1
74;2021-03-07;1381;101;37300;17602;4.5;2.1
74;2021-03-08;1191;954;38491;18556;4.6;2.2
74;2021-03-09;1926;654;40417;19210;4.9;2.3
74;2021-03-10;1736;889;42153;20099;5.1;2.4
74;2021-03-11;2436;690;44589;20789;5.4;2.5
74;2021-03-12;3234;991;47823;21780;5.8;2.6
74;2021-03-13;1986;255;49809;22035;6.0;2.7
74;2021-03-14;603;98;50412;22133;6.1;2.7
74;2021-03-15;2113;536;52525;22669;6.3;2.7
74;2021-03-16;1946;388;54471;23057;6.6;2.8
74;2021-03-17;1965;296;56436;23353;6.8;2.8
74;2021-03-18;2123;298;58559;23651;7.1;2.9
74;2021-03-19;2617;283;61176;23934;7.4;2.9
74;2021-03-20;1372;84;62548;24018;7.6;2.9
74;2021-03-21;285;29;62833;24047;7.6;2.9
74;2021-03-22;2038;322;64871;24369;7.8;2.9
74;2021-03-23;2712;305;67583;24674;8.2;3.0
74;2021-03-24;2929;279;70512;24953;8.5;3.0
74;2021-03-25;3861;275;74373;25228;9.0;3.0
74;2021-03-26;4085;379;78458;25607;9.5;3.1
74;2021-03-27;1935;237;80393;25844;9.7;3.1
74;2021-03-28;436;74;80829;25918;9.8;3.1
74;2021-03-29;3024;693;83853;26611;10.1;3.2
74;2021-03-30;3535;732;87388;27343;10.5;3.3
74;2021-03-31;3131;703;90519;28046;10.9;3.4
74;2021-04-01;4202;838;94721;28884;11.4;3.5
74;2021-04-02;3678;754;98399;29638;11.9;3.6
74;2021-04-03;1690;521;100089;30159;12.1;3.6
74;2021-04-04;235;119;100324;30278;12.1;3.7
74;2021-04-05;431;13;100755;30291;12.2;3.7
74;2021-04-06;2615;1182;103370;31473;12.5;3.8
74;2021-04-07;3158;1198;106528;32671;12.9;3.9
74;2021-04-08;3848;1150;110376;33821;13.3;4.1
74;2021-04-09;4080;1139;114456;34960;13.8;4.2
74;2021-04-10;1939;1021;116395;35981;14.1;4.3
74;2021-04-11;251;184;116646;36165;14.1;4.4
74;2021-04-12;2702;1753;119348;37918;14.4;4.6
74;2021-04-13;3097;2063;122445;39981;14.8;4.8
74;2021-04-14;2883;1927;125328;41908;15.1;5.1
74;2021-04-15;3411;1848;128739;43756;15.5;5.3
74;2021-04-16;3367;1713;132106;45469;15.9;5.5
74;2021-04-17;1921;1021;134027;46490;16.2;5.6
74;2021-04-18;215;203;134242;46693;16.2;5.6
74;2021-04-19;2093;2071;136335;48764;16.5;5.9
74;2021-04-20;3056;2396;139391;51160;16.8;6.2
74;2021-04-21;2455;2363;141846;53523;17.1;6.5
74;2021-04-22;2618;2290;144464;55813;17.4;6.7
74;2021-04-23;2549;2226;147013;58039;17.7;7.0
74;2021-04-24;1483;1529;148496;59568;17.9;7.2
74;2021-04-25;222;147;148718;59715;18.0;7.2
74;2021-04-26;2385;2437;151103;62152;18.2;7.5
74;2021-04-27;3252;2872;154355;65024;18.6;7.8
74;2021-04-28;3453;2595;157808;67619;19.0;8.2
74;2021-04-29;3906;2633;161714;70252;19.5;8.5
74;2021-04-30;4071;2174;165785;72426;20.0;8.7
74;2021-05-01;2114;351;167899;72777;20.3;8.8
74;2021-05-02;204;234;168103;73011;20.3;8.8
74;2021-05-03;2594;2977;170697;75988;20.6;9.2
74;2021-05-04;3220;3060;173917;79048;21.0;9.5
74;2021-05-05;3396;2990;177313;82038;21.4;9.9
74;2021-05-06;3849;2591;181162;84629;21.9;10.2
74;2021-05-07;3596;3513;184758;88142;22.3;10.6
74;2021-05-08;1152;817;185910;88959;22.4;10.7
74;2021-05-09;191;248;186101;89207;22.5;10.8
74;2021-05-10;3470;3126;189571;92333;22.9;11.1
74;2021-05-11;4313;3417;193884;95750;23.4;11.6
74;2021-05-12;5289;2947;199173;98697;24.0;11.9
74;2021-05-13;2354;941;201527;99638;24.3;12.0
74;2021-05-14;5940;2376;207467;102014;25.0;12.3
74;2021-05-15;4509;1845;211976;103859;25.6;12.5
74;2021-05-16;2999;328;214975;104187;26.0;12.6
74;2021-05-17;5393;2855;220368;107042;26.6;12.9
74;2021-05-18;6765;2780;227133;109822;27.4;13.3
74;2021-05-19;6217;2286;233350;112108;28.2;13.5
74;2021-05-20;6629;2521;239979;114629;29.0;13.8
74;2021-05-21;6517;2972;246496;117601;29.8;14.2
74;2021-05-22;5287;1561;251783;119162;30.4;14.4
74;2021-05-23;2049;280;253832;119442;30.6;14.4
74;2021-05-24;2356;656;256188;120098;30.9;14.5
74;2021-05-25;5064;3319;261252;123417;31.5;14.9
74;2021-05-26;5238;2552;266490;125969;32.2;15.2
74;2021-05-27;5990;2977;272480;128946;32.9;15.6
74;2021-05-28;5659;3574;278139;132520;33.6;16.0
74;2021-05-29;3789;2141;281928;134661;34.0;16.3
74;2021-05-30;483;306;282411;134967;34.1;16.3
74;2021-05-31;5063;3547;287474;138514;34.7;16.7
74;2021-06-01;4915;3714;292389;142228;35.3;17.2
74;2021-06-02;5252;3191;297641;145419;35.9;17.6
74;2021-06-03;6878;3238;304519;148657;36.8;17.9
74;2021-06-04;6891;4414;311410;153071;37.6;18.5
74;2021-06-05;4606;2709;316016;155780;38.1;18.8
74;2021-06-06;122;113;316138;155893;38.2;18.8
74;2021-06-07;5018;4139;321156;160032;38.8;19.3
74;2021-06-08;5009;3940;326165;163972;39.4;19.8
74;2021-06-09;5057;3479;331222;167451;40.0;20.2
74;2021-06-10;5085;2852;336307;170303;40.6;20.6
74;2021-06-11;5193;3787;341500;174090;41.2;21.0
74;2021-06-12;3552;2374;345052;176464;41.7;21.3
74;2021-06-13;117;87;345169;176551;41.7;21.3
74;2021-06-14;3569;4483;348738;181034;42.1;21.9
74;2021-06-15;3649;3892;352387;184926;42.5;22.3
74;2021-06-16;4779;3110;357166;188036;43.1;22.7
74;2021-06-17;3776;2942;360942;190978;43.6;23.1
74;2021-06-18;4075;4658;365017;195636;44.1;23.6
74;2021-06-19;2973;3101;367990;198737;44.4;24.0
74;2021-06-20;120;97;368110;198834;44.4;24.0
74;2021-06-21;2364;5425;370474;204259;44.7;24.7
74;2021-06-22;2459;5315;372933;209574;45.0;25.3
74;2021-06-23;2918;4615;375851;214189;45.4;25.9
74;2021-06-24;2818;4627;378669;218816;45.7;26.4
74;2021-06-25;2891;6769;381560;225585;46.1;27.2
74;2021-06-26;1676;5396;383236;230981;46.3;27.9
74;2021-06-27;60;1665;383296;232646;46.3;28.1
74;2021-06-28;1895;7227;385191;239873;46.5;29.0
74;2021-06-29;2281;7420;387472;247293;46.8;29.9
74;2021-06-30;2697;6542;390169;253835;47.1;30.6
74;2021-07-01;2964;5393;393133;259228;47.5;31.3
74;2021-07-02;2966;6628;396099;265856;47.8;32.1
74;2021-07-03;1683;5080;397782;270936;48.0;32.7
74;2021-07-04;75;1021;397857;271957;48.0;32.8
74;2021-07-05;2018;6838;399875;278795;48.3;33.7
74;2021-07-06;2536;6487;402411;285282;48.6;34.4
74;2021-07-07;2908;5437;405319;290719;48.9;35.1
74;2021-07-08;3738;4890;409057;295609;49.4;35.7
74;2021-07-09;2576;6954;411633;302563;49.7;36.5
74;2021-07-10;1590;5122;413223;307685;49.9;37.1
74;2021-07-11;70;141;413293;307826;49.9;37.2
74;2021-07-12;2038;7891;415331;315717;50.1;38.1
74;2021-07-13;3912;7556;419243;323273;50.6;39.0
74;2021-07-14;1951;2225;421194;325498;50.8;39.3
74;2021-07-15;3543;6833;424737;332331;51.3;40.1
74;2021-07-16;4139;7717;428876;340048;51.8;41.0
74;2021-07-17;2816;5291;431692;345339;52.1;41.7
74;2021-07-18;149;157;431841;345496;52.1;41.7
74;2021-07-19;4229;7302;436070;352798;52.6;42.6
74;2021-07-20;5724;6404;441794;359202;53.3;43.4
74;2021-07-21;5472;6605;447266;365807;54.0;44.2
75;2020-12-27;6;1;6;1;0.0;0.0
75;2020-12-28;8;0;14;1;0.0;0.0
75;2020-12-29;5;0;19;1;0.0;0.0
75;2020-12-30;31;0;50;1;0.0;0.0
75;2020-12-31;22;0;72;1;0.0;0.0
75;2021-01-01;13;0;85;1;0.0;0.0
75;2021-01-02;51;1;136;2;0.0;0.0
75;2021-01-03;78;0;214;2;0.0;0.0
75;2021-01-04;274;1;488;3;0.0;0.0
75;2021-01-05;845;13;1333;16;0.1;0.0
75;2021-01-06;1329;15;2662;31;0.1;0.0
75;2021-01-07;2050;17;4712;48;0.2;0.0
75;2021-01-08;2845;30;7557;78;0.4;0.0
75;2021-01-09;1081;2;8638;80;0.4;0.0
75;2021-01-10;1089;5;9727;85;0.5;0.0
75;2021-01-11;3051;44;12778;129;0.6;0.0
75;2021-01-12;3450;53;16228;182;0.8;0.0
75;2021-01-13;3523;43;19751;225;0.9;0.0
75;2021-01-14;3565;59;23316;284;1.1;0.0
75;2021-01-15;3268;44;26584;328;1.2;0.0
75;2021-01-16;1112;16;27696;344;1.3;0.0
75;2021-01-17;526;14;28222;358;1.3;0.0
75;2021-01-18;3218;78;31440;436;1.5;0.0
75;2021-01-19;3821;49;35261;485;1.6;0.0
75;2021-01-20;4345;67;39606;552;1.8;0.0
75;2021-01-21;4850;79;44456;631;2.1;0.0
75;2021-01-22;4524;83;48980;714;2.3;0.0
75;2021-01-23;1724;16;50704;730;2.4;0.0
75;2021-01-24;718;6;51422;736;2.4;0.0
75;2021-01-25;1662;24;53084;760;2.5;0.0
75;2021-01-26;2513;86;55597;846;2.6;0.0
75;2021-01-27;3059;157;58656;1003;2.7;0.0
75;2021-01-28;4721;249;63377;1252;3.0;0.1
75;2021-01-29;3999;262;67376;1514;3.1;0.1
75;2021-01-30;1338;33;68714;1547;3.2;0.1
75;2021-01-31;187;3;68901;1550;3.2;0.1
75;2021-02-01;1587;381;70488;1931;3.3;0.1
75;2021-02-02;2102;651;72590;2582;3.4;0.1
75;2021-02-03;1849;686;74439;3268;3.5;0.2
75;2021-02-04;2098;1132;76537;4400;3.6;0.2
75;2021-02-05;2166;873;78703;5273;3.7;0.2
75;2021-02-06;1055;92;79758;5365;3.7;0.2
75;2021-02-07;157;6;79915;5371;3.7;0.3
75;2021-02-08;1220;1472;81135;6843;3.8;0.3
75;2021-02-09;1723;2384;82858;9227;3.9;0.4
75;2021-02-10;2365;2396;85223;11623;4.0;0.5
75;2021-02-11;2892;6478;88115;18101;4.1;0.8
75;2021-02-12;3073;2423;91188;20524;4.2;1.0
75;2021-02-13;826;1063;92014;21587;4.3;1.0
75;2021-02-14;179;42;92193;21629;4.3;1.0
75;2021-02-15;968;2480;93161;24109;4.3;1.1
75;2021-02-16;1412;6572;94573;30681;4.4;1.4
75;2021-02-17;1287;3242;95860;33923;4.5;1.6
75;2021-02-18;1722;5875;97582;39798;4.5;1.9
75;2021-02-19;2177;4148;99759;43946;4.6;2.0
75;2021-02-20;459;1695;100218;45641;4.7;2.1
75;2021-02-21;174;158;100392;45799;4.7;2.1
75;2021-02-22;1185;1932;101577;47731;4.7;2.2
75;2021-02-23;1406;2727;102983;50458;4.8;2.3
75;2021-02-24;1611;2341;104594;52799;4.9;2.5
75;2021-02-25;2709;5353;107303;58152;5.0;2.7
75;2021-02-26;3308;2732;110611;60884;5.1;2.8
75;2021-02-27;1370;935;111981;61819;5.2;2.9
75;2021-02-28;299;142;112280;61961;5.2;2.9
75;2021-03-01;2525;1674;114805;63635;5.3;3.0
75;2021-03-02;4102;2183;118907;65818;5.5;3.1
75;2021-03-03;5343;2321;124250;68139;5.8;3.2
75;2021-03-04;7925;2560;132175;70699;6.2;3.3
75;2021-03-05;10447;2710;142622;73409;6.6;3.4
75;2021-03-06;10995;1018;153617;74427;7.2;3.5
75;2021-03-07;9438;1484;163055;75911;7.6;3.5
75;2021-03-08;5823;1547;168878;77458;7.9;3.6
75;2021-03-09;7430;2086;176308;79544;8.2;3.7
75;2021-03-10;7394;2075;183702;81619;8.6;3.8
75;2021-03-11;10225;2473;193927;84092;9.0;3.9
75;2021-03-12;11961;2468;205888;86560;9.6;4.0
75;2021-03-13;8495;719;214383;87279;10.0;4.1
75;2021-03-14;4129;218;218512;87497;10.2;4.1
75;2021-03-15;7365;939;225877;88436;10.5;4.1
75;2021-03-16;5065;662;230942;89098;10.8;4.1
75;2021-03-17;5345;817;236287;89915;11.0;4.2
75;2021-03-18;6505;839;242792;90754;11.3;4.2
75;2021-03-19;9627;949;252419;91703;11.7;4.3
75;2021-03-20;5855;584;258274;92287;12.0;4.3
75;2021-03-21;1528;430;259802;92717;12.1;4.3
75;2021-03-22;8509;988;268311;93705;12.5;4.4
75;2021-03-23;10843;1204;279154;94909;13.0;4.4
75;2021-03-24;10850;1280;290004;96189;13.5;4.5
75;2021-03-25;14088;1449;304092;97638;14.2;4.5
75;2021-03-26;13852;1640;317944;99278;14.8;4.6
75;2021-03-27;7208;763;325152;100041;15.1;4.7
75;2021-03-28;1724;143;326876;100184;15.2;4.7
75;2021-03-29;7857;2214;334733;102398;15.6;4.8
75;2021-03-30;10799;3200;345532;105598;16.1;4.9
75;2021-03-31;9618;3582;355150;109180;16.5;5.1
75;2021-04-01;10565;5174;365715;114354;17.0;5.3
75;2021-04-02;8949;5553;374664;119907;17.4;5.6
75;2021-04-03;4063;4879;378727;124786;17.6;5.8
75;2021-04-04;1378;1496;380105;126282;17.7;5.9
75;2021-04-05;2175;1432;382280;127714;17.8;5.9
75;2021-04-06;6787;4293;389067;132007;18.1;6.1
75;2021-04-07;7973;4407;397040;136414;18.5;6.3
75;2021-04-08;10953;4137;407993;140551;19.0;6.5
75;2021-04-09;12087;4563;420080;145114;19.6;6.8
75;2021-04-10;5774;4265;425854;149379;19.8;7.0
75;2021-04-11;1885;1791;427739;151170;19.9;7.0
75;2021-04-12;7394;3766;435133;154936;20.3;7.2
75;2021-04-13;8463;6870;443596;161806;20.6;7.5
75;2021-04-14;8198;5209;451794;167015;21.0;7.8
75;2021-04-15;8800;6127;460594;173142;21.4;8.1
75;2021-04-16;9267;6103;469861;179245;21.9;8.3
75;2021-04-17;4773;3646;474634;182891;22.1;8.5
75;2021-04-18;1629;874;476263;183765;22.2;8.6
75;2021-04-19;5500;4929;481763;188694;22.4;8.8
75;2021-04-20;6394;5939;488157;194633;22.7;9.1
75;2021-04-21;6779;5568;494936;200201;23.0;9.3
75;2021-04-22;7452;5900;502388;206101;23.4;9.6
75;2021-04-23;8241;6063;510629;212164;23.8;9.9
75;2021-04-24;6119;3333;516748;215497;24.1;10.0
75;2021-04-25;2929;751;519677;216248;24.2;10.1
75;2021-04-26;6960;4708;526637;220956;24.5;10.3
75;2021-04-27;10525;6391;537162;227347;25.0;10.6
75;2021-04-28;12128;6006;549290;233353;25.6;10.9
75;2021-04-29;13690;6285;562980;239638;26.2;11.2
75;2021-04-30;13590;6157;576570;245795;26.8;11.4
75;2021-05-01;5043;1318;581613;247113;27.1;11.5
75;2021-05-02;2354;783;583967;247896;27.2;11.5
75;2021-05-03;10217;13559;594184;261455;27.7;12.2
75;2021-05-04;11103;8070;605287;269525;28.2;12.5
75;2021-05-05;13462;6691;618749;276216;28.8;12.9
75;2021-05-06;13924;8169;632673;284385;29.5;13.2
75;2021-05-07;13908;8564;646581;292949;30.1;13.6
75;2021-05-08;10012;5521;656593;298470;30.6;13.9
75;2021-05-09;3778;3197;660371;301667;30.7;14.0
75;2021-05-10;14245;6716;674616;308383;31.4;14.4
75;2021-05-11;16779;8417;691395;316800;32.2;14.7
75;2021-05-12;17870;8137;709265;324937;33.0;15.1
75;2021-05-13;13553;2486;722818;327423;33.6;15.2
75;2021-05-14;18305;5113;741123;332536;34.5;15.5
75;2021-05-15;12243;2632;753366;335168;35.1;15.6
75;2021-05-16;3822;761;757188;335929;35.2;15.6
75;2021-05-17;15913;4633;773101;340562;36.0;15.9
75;2021-05-18;19065;5314;792166;345876;36.9;16.1
75;2021-05-19;20640;10717;812806;356593;37.8;16.6
75;2021-05-20;21487;8648;834293;365241;38.8;17.0
75;2021-05-21;20954;6527;855247;371768;39.8;17.3
75;2021-05-22;15892;3300;871139;375068;40.6;17.5
75;2021-05-23;5583;1338;876722;376406;40.8;17.5
75;2021-05-24;15596;2556;892318;378962;41.5;17.6
75;2021-05-25;17949;9613;910267;388575;42.4;18.1
75;2021-05-26;18777;8183;929044;396758;43.2;18.5
75;2021-05-27;20074;9805;949118;406563;44.2;18.9
75;2021-05-28;19292;10854;968410;417417;45.1;19.4
75;2021-05-29;16072;5824;984482;423241;45.8;19.7
75;2021-05-30;7001;2135;991483;425376;46.2;19.8
75;2021-05-31;18049;9454;1009532;434830;47.0;20.2
75;2021-06-01;18451;12964;1027983;447794;47.9;20.8
75;2021-06-02;18018;10273;1046001;458067;48.7;21.3
75;2021-06-03;20092;11946;1066093;470013;49.6;21.9
75;2021-06-04;17904;12858;1083997;482871;50.5;22.5
75;2021-06-05;11907;9618;1095904;492489;51.0;22.9
75;2021-06-06;6667;3156;1102571;495645;51.3;23.1
75;2021-06-07;13814;11825;1116385;507470;52.0;23.6
75;2021-06-08;14697;13948;1131082;521418;52.7;24.3
75;2021-06-09;16365;15230;1147447;536648;53.4;25.0
75;2021-06-10;18133;26317;1165580;562965;54.3;26.2
75;2021-06-11;15066;16433;1180646;579398;55.0;27.0
75;2021-06-12;13198;9982;1193844;589380;55.6;27.4
75;2021-06-13;6227;3780;1200071;593160;55.9;27.6
75;2021-06-14;11698;15421;1211769;608581;56.4;28.3
75;2021-06-15;12368;19515;1224137;628096;57.0;29.2
75;2021-06-16;11964;17187;1236101;645283;57.5;30.0
75;2021-06-17;12458;17638;1248559;662921;58.1;30.9
75;2021-06-18;9901;22586;1258460;685507;58.6;31.9
75;2021-06-19;7414;11831;1265874;697338;58.9;32.5
75;2021-06-20;2776;5491;1268650;702829;59.1;32.7
75;2021-06-21;8296;16321;1276946;719150;59.4;33.5
75;2021-06-22;8610;21795;1285556;740945;59.8;34.5
75;2021-06-23;10041;21409;1295597;762354;60.3;35.5
75;2021-06-24;11114;20601;1306711;782955;60.8;36.4
75;2021-06-25;9197;24683;1315908;807638;61.3;37.6
75;2021-06-26;7850;15412;1323758;823050;61.6;38.3
75;2021-06-27;2656;6329;1326414;829379;61.7;38.6
75;2021-06-28;8261;20109;1334675;849488;62.1;39.5
75;2021-06-29;9102;23829;1343777;873317;62.6;40.7
75;2021-06-30;9755;23576;1353532;896893;63.0;41.7
75;2021-07-01;10721;23374;1364253;920267;63.5;42.8
75;2021-07-02;10062;24702;1374315;944969;64.0;44.0
75;2021-07-03;7641;19795;1381956;964764;64.3;44.9
75;2021-07-04;3804;9550;1385760;974314;64.5;45.4
75;2021-07-05;8670;21514;1394430;995828;64.9;46.4
75;2021-07-06;9698;23972;1404128;1019800;65.4;47.5
75;2021-07-07;9669;25042;1413797;1044842;65.8;48.6
75;2021-07-08;10289;24966;1424086;1069808;66.3;49.8
75;2021-07-09;10174;23966;1434260;1093774;66.8;50.9
75;2021-07-10;7770;18494;1442030;1112268;67.1;51.8
75;2021-07-11;4300;8527;1446330;1120795;67.3;52.2
75;2021-07-12;9099;23003;1455429;1143798;67.7;53.2
75;2021-07-13;13931;24697;1469360;1168495;68.4;54.4
75;2021-07-14;8047;9658;1477407;1178153;68.8;54.8
75;2021-07-15;14812;25530;1492219;1203683;69.5;56.0
75;2021-07-16;15109;21968;1507328;1225651;70.2;57.1
75;2021-07-17;11353;16782;1518681;1242433;70.7;57.8
75;2021-07-18;6182;6772;1524863;1249205;71.0;58.1
75;2021-07-19;13856;21122;1538719;1270327;71.6;59.1
75;2021-07-20;15531;21668;1554250;1291995;72.3;60.1
75;2021-07-21;14970;20403;1569220;1312398;73.0;61.1
76;2020-12-27;0;0;0;0;0.0;0.0
76;2020-12-28;0;0;0;0;0.0;0.0
76;2020-12-29;0;0;0;0;0.0;0.0
76;2020-12-30;0;0;0;0;0.0;0.0
76;2020-12-31;0;0;0;0;0.0;0.0
76;2021-01-01;0;0;0;0;0.0;0.0
76;2021-01-02;0;0;0;0;0.0;0.0
76;2021-01-03;0;0;0;0;0.0;0.0
76;2021-01-04;17;0;17;0;0.0;0.0
76;2021-01-05;138;0;155;0;0.0;0.0
76;2021-01-06;682;2;837;2;0.1;0.0
76;2021-01-07;1355;6;2192;8;0.2;0.0
76;2021-01-08;1535;0;3727;8;0.3;0.0
76;2021-01-09;736;1;4463;9;0.4;0.0
76;2021-01-10;492;1;4955;10;0.4;0.0
76;2021-01-11;1358;2;6313;12;0.5;0.0
76;2021-01-12;1357;1;7670;13;0.6;0.0
76;2021-01-13;1188;4;8858;17;0.7;0.0
76;2021-01-14;2168;20;11026;37;0.9;0.0
76;2021-01-15;1909;4;12935;41;1.0;0.0
76;2021-01-16;985;3;13920;44;1.1;0.0
76;2021-01-17;2894;19;16814;63;1.4;0.0
76;2021-01-18;4384;13;21198;76;1.7;0.0
76;2021-01-19;3013;7;24211;83;1.9;0.0
76;2021-01-20;2066;8;26277;91;2.1;0.0
76;2021-01-21;1773;4;28050;95;2.3;0.0
76;2021-01-22;1703;4;29753;99;2.4;0.0
76;2021-01-23;449;1;30202;100;2.4;0.0
76;2021-01-24;99;0;30301;100;2.4;0.0
76;2021-01-25;1473;140;31774;240;2.6;0.0
76;2021-01-26;1388;335;33162;575;2.7;0.0
76;2021-01-27;1340;431;34502;1006;2.8;0.1
76;2021-01-28;1282;384;35784;1390;2.9;0.1
76;2021-01-29;1151;462;36935;1852;3.0;0.1
76;2021-01-30;283;304;37218;2156;3.0;0.2
76;2021-01-31;4;99;37222;2255;3.0;0.2
76;2021-02-01;837;817;38059;3072;3.1;0.2
76;2021-02-02;1056;1018;39115;4090;3.1;0.3
76;2021-02-03;915;1002;40030;5092;3.2;0.4
76;2021-02-04;975;1457;41005;6549;3.3;0.5
76;2021-02-05;973;1106;41978;7655;3.4;0.6
76;2021-02-06;258;878;42236;8533;3.4;0.7
76;2021-02-07;467;1659;42703;10192;3.4;0.8
76;2021-02-08;1924;3730;44627;13922;3.6;1.1
76;2021-02-09;1755;2991;46382;16913;3.7;1.4
76;2021-02-10;1488;1816;47870;18729;3.8;1.5
76;2021-02-11;1675;1527;49545;20256;4.0;1.6
76;2021-02-12;1709;1575;51254;21831;4.1;1.8
76;2021-02-13;230;336;51484;22167;4.1;1.8
76;2021-02-14;9;82;51493;22249;4.1;1.8
76;2021-02-15;553;1723;52046;23972;4.2;1.9
76;2021-02-16;741;1638;52787;25610;4.2;2.1
76;2021-02-17;624;1456;53411;27066;4.3;2.2
76;2021-02-18;778;1381;54189;28447;4.4;2.3
76;2021-02-19;868;1344;55057;29791;4.4;2.4
76;2021-02-20;269;292;55326;30083;4.4;2.4
76;2021-02-21;0;0;55326;30083;4.4;2.4
76;2021-02-22;371;1312;55697;31395;4.5;2.5
76;2021-02-23;574;1240;56271;32635;4.5;2.6
76;2021-02-24;597;1203;56868;33838;4.6;2.7
76;2021-02-25;1665;1252;58533;35090;4.7;2.8
76;2021-02-26;2170;1040;60703;36130;4.9;2.9
76;2021-02-27;1108;267;61811;36397;5.0;2.9
76;2021-02-28;27;196;61838;36593;5.0;2.9
76;2021-03-01;822;2107;62660;38700;5.0;3.1
76;2021-03-02;1375;1713;64035;40413;5.1;3.2
76;2021-03-03;1935;1388;65970;41801;5.3;3.4
76;2021-03-04;2806;1090;68776;42891;5.5;3.4
76;2021-03-05;4169;782;72945;43673;5.9;3.5
76;2021-03-06;3360;141;76305;43814;6.1;3.5
76;2021-03-07;1257;26;77562;43840;6.2;3.5
76;2021-03-08;2096;1242;79658;45082;6.4;3.6
76;2021-03-09;3569;1151;83227;46233;6.7;3.7
76;2021-03-10;3590;1042;86817;47275;7.0;3.8
76;2021-03-11;5627;908;92444;48183;7.4;3.9
76;2021-03-12;6821;559;99265;48742;8.0;3.9
76;2021-03-13;4637;117;103902;48859;8.4;3.9
76;2021-03-14;1069;20;104971;48879;8.4;3.9
76;2021-03-15;2913;218;107884;49097;8.7;3.9
76;2021-03-16;2550;393;110434;49490;8.9;4.0
76;2021-03-17;2694;299;113128;49789;9.1;4.0
76;2021-03-18;2995;297;116123;50086;9.3;4.0
76;2021-03-19;4391;405;120514;50491;9.7;4.1
76;2021-03-20;3972;257;124486;50748;10.0;4.1
76;2021-03-21;837;10;125323;50758;10.1;4.1
76;2021-03-22;3984;334;129307;51092;10.4;4.1
76;2021-03-23;5703;319;135010;51411;10.9;4.1
76;2021-03-24;5669;365;140679;51776;11.3;4.2
76;2021-03-25;7507;530;148186;52306;11.9;4.2
76;2021-03-26;8712;547;156898;52853;12.6;4.2
76;2021-03-27;4808;351;161706;53204;13.0;4.3
76;2021-03-28;1020;23;162726;53227;13.1;4.3
76;2021-03-29;5390;795;168116;54022;13.5;4.3
76;2021-03-30;6579;1015;174695;55037;14.0;4.4
76;2021-03-31;6447;1235;181142;56272;14.6;4.5
76;2021-04-01;6774;2013;187916;58285;15.1;4.7
76;2021-04-02;6483;2629;194399;60914;15.6;4.9
76;2021-04-03;2439;1067;196838;61981;15.8;5.0
76;2021-04-04;263;11;197101;61992;15.8;5.0
76;2021-04-05;866;376;197967;62368;15.9;5.0
76;2021-04-06;3554;2772;201521;65140;16.2;5.2
76;2021-04-07;4416;2385;205937;67525;16.6;5.4
76;2021-04-08;5839;2778;211776;70303;17.0;5.7
76;2021-04-09;8797;3049;220573;73352;17.7;5.9
76;2021-04-10;4868;1386;225441;74738;18.1;6.0
76;2021-04-11;813;522;226254;75260;18.2;6.1
76;2021-04-12;4724;2841;230978;78101;18.6;6.3
76;2021-04-13;5917;2862;236895;80963;19.0;6.5
76;2021-04-14;4804;3133;241699;84096;19.4;6.8
76;2021-04-15;5558;3351;247257;87447;19.9;7.0
76;2021-04-16;7350;3428;254607;90875;20.5;7.3
76;2021-04-17;4384;1423;258991;92298;20.8;7.4
76;2021-04-18;339;140;259330;92438;20.9;7.4
76;2021-04-19;3471;3762;262801;96200;21.1;7.7
76;2021-04-20;4339;4277;267140;100477;21.5;8.1
76;2021-04-21;4178;4663;271318;105140;21.8;8.5
76;2021-04-22;4556;5420;275874;110560;22.2;8.9
76;2021-04-23;5431;5907;281305;116467;22.6;9.4
76;2021-04-24;4163;2172;285468;118639;23.0;9.5
76;2021-04-25;889;264;286357;118903;23.0;9.6
76;2021-04-26;4475;4463;290832;123366;23.4;9.9
76;2021-04-27;4993;4989;295825;128355;23.8;10.3
76;2021-04-28;5343;4153;301168;132508;24.2;10.7
76;2021-04-29;6925;4155;308093;136663;24.8;11.0
76;2021-04-30;8213;4623;316306;141286;25.4;11.4
76;2021-05-01;4827;999;321133;142285;25.8;11.4
76;2021-05-02;1842;248;322975;142533;26.0;11.5
76;2021-05-03;4701;3315;327676;145848;26.3;11.7
76;2021-05-04;4816;4554;332492;150402;26.7;12.1
76;2021-05-05;4785;5141;337277;155543;27.1;12.5
76;2021-05-06;5917;5571;343194;161114;27.6;13.0
76;2021-05-07;6137;6753;349331;167867;28.1;13.5
76;2021-05-08;5052;888;354383;168755;28.5;13.6
76;2021-05-09;2534;234;356917;168989;28.7;13.6
76;2021-05-10;4945;5042;361862;174031;29.1;14.0
76;2021-05-11;6516;5666;368378;179697;29.6;14.4
76;2021-05-12;6263;5059;374641;184756;30.1;14.9
76;2021-05-13;8842;1268;383483;186024;30.8;15.0
76;2021-05-14;10407;4667;393890;190691;31.7;15.3
76;2021-05-15;9118;2443;403008;193134;32.4;15.5
76;2021-05-16;6233;473;409241;193607;32.9;15.6
76;2021-05-17;7205;3261;416446;196868;33.5;15.8
76;2021-05-18;8275;2792;424721;199660;34.1;16.1
76;2021-05-19;8338;3169;433059;202829;34.8;16.3
76;2021-05-20;9464;3369;442523;206198;35.6;16.6
76;2021-05-21;8088;4071;450611;210269;36.2;16.9
76;2021-05-22;7158;2346;457769;212615;36.8;17.1
76;2021-05-23;6390;395;464159;213010;37.3;17.1
76;2021-05-24;6754;1524;470913;214534;37.9;17.2
76;2021-05-25;7755;4079;478668;218613;38.5;17.6
76;2021-05-26;7221;3594;485889;222207;39.1;17.9
76;2021-05-27;8199;4695;494088;226902;39.7;18.2
76;2021-05-28;8213;6562;502301;233464;40.4;18.8
76;2021-05-29;6221;3517;508522;236981;40.9;19.1
76;2021-05-30;3146;427;511668;237408;41.1;19.1
76;2021-05-31;8160;3967;519828;241375;41.8;19.4
76;2021-06-01;9166;5019;528994;246394;42.5;19.8
76;2021-06-02;7824;4430;536818;250824;43.2;20.2
76;2021-06-03;9405;5387;546223;256211;43.9;20.6
76;2021-06-04;9036;6660;555259;262871;44.6;21.1
76;2021-06-05;6275;3806;561534;266677;45.1;21.4
76;2021-06-06;2544;649;564078;267326;45.4;21.5
76;2021-06-07;6878;5444;570956;272770;45.9;21.9
76;2021-06-08;8557;6275;579513;279045;46.6;22.4
76;2021-06-09;7071;6077;586584;285122;47.2;22.9
76;2021-06-10;7785;6547;594369;291669;47.8;23.5
76;2021-06-11;7375;8211;601744;299880;48.4;24.1
76;2021-06-12;7156;5862;608900;305742;49.0;24.6
76;2021-06-13;2956;1289;611856;307031;49.2;24.7
76;2021-06-14;6041;6693;617897;313724;49.7;25.2
76;2021-06-15;6079;7443;623976;321167;50.2;25.8
76;2021-06-16;6595;7464;630571;328631;50.7;26.4
76;2021-06-17;6951;7743;637522;336374;51.3;27.0
76;2021-06-18;7647;9216;645169;345590;51.9;27.8
76;2021-06-19;5973;6256;651142;351846;52.4;28.3
76;2021-06-20;2801;1806;653943;353652;52.6;28.4
76;2021-06-21;5103;8150;659046;361802;53.0;29.1
76;2021-06-22;4787;9870;663833;371672;53.4;29.9
76;2021-06-23;4575;9419;668408;381091;53.7;30.6
76;2021-06-24;4673;9911;673081;391002;54.1;31.4
76;2021-06-25;4915;11563;677996;402565;54.5;32.4
76;2021-06-26;3441;7874;681437;410439;54.8;33.0
76;2021-06-27;1360;5165;682797;415604;54.9;33.4
76;2021-06-28;3549;9934;686346;425538;55.2;34.2
76;2021-06-29;3821;10231;690167;435769;55.5;35.0
76;2021-06-30;4202;9843;694369;445612;55.8;35.8
76;2021-07-01;4536;9890;698905;455502;56.2;36.6
76;2021-07-02;4326;12015;703231;467517;56.5;37.6
76;2021-07-03;3579;8442;706810;475959;56.8;38.3
76;2021-07-04;1476;5306;708286;481265;56.9;38.7
76;2021-07-05;3918;9329;712204;490594;57.3;39.4
76;2021-07-06;4022;10076;716226;500670;57.6;40.3
76;2021-07-07;3959;9309;720185;509979;57.9;41.0
76;2021-07-08;4439;9439;724624;519418;58.3;41.8
76;2021-07-09;4323;12391;728947;531809;58.6;42.8
76;2021-07-10;3124;8538;732071;540347;58.9;43.4
76;2021-07-11;1771;2814;733842;543161;59.0;43.7
76;2021-07-12;3120;11137;736962;554298;59.3;44.6
76;2021-07-13;4898;12239;741860;566537;59.6;45.5
76;2021-07-14;4788;5521;746648;572058;60.0;46.0
76;2021-07-15;5845;11755;752493;583813;60.5;46.9
76;2021-07-16;6682;11995;759175;595808;61.0;47.9
76;2021-07-17;5258;8677;764433;604485;61.5;48.6
76;2021-07-18;2254;3340;766687;607825;61.6;48.9
76;2021-07-19;5139;11116;771826;618941;62.1;49.8
76;2021-07-20;6243;11587;778069;630528;62.6;50.7
76;2021-07-21;6284;10513;784353;641041;63.1;51.5
77;2020-12-27;1;0;1;0;0.0;0.0
77;2020-12-28;1;0;2;0;0.0;0.0
77;2020-12-29;0;0;2;0;0.0;0.0
77;2020-12-30;0;0;2;0;0.0;0.0
77;2020-12-31;0;0;2;0;0.0;0.0
77;2021-01-01;2;0;4;0;0.0;0.0
77;2021-01-02;0;0;4;0;0.0;0.0
77;2021-01-03;0;0;4;0;0.0;0.0
77;2021-01-04;5;0;9;0;0.0;0.0
77;2021-01-05;199;0;208;0;0.0;0.0
77;2021-01-06;221;2;429;2;0.0;0.0
77;2021-01-07;517;3;946;5;0.1;0.0
77;2021-01-08;611;1;1557;6;0.1;0.0
77;2021-01-09;273;1;1830;7;0.1;0.0
77;2021-01-10;235;2;2065;9;0.1;0.0
77;2021-01-11;783;3;2848;12;0.2;0.0
77;2021-01-12;882;1;3730;13;0.3;0.0
77;2021-01-13;936;1;4666;14;0.3;0.0
77;2021-01-14;845;9;5511;23;0.4;0.0
77;2021-01-15;842;12;6353;35;0.4;0.0
77;2021-01-16;168;1;6521;36;0.5;0.0
77;2021-01-17;131;2;6652;38;0.5;0.0
77;2021-01-18;1193;4;7845;42;0.6;0.0
77;2021-01-19;1716;8;9561;50;0.7;0.0
77;2021-01-20;2534;5;12095;55;0.8;0.0
77;2021-01-21;2050;20;14145;75;1.0;0.0
77;2021-01-22;1147;7;15292;82;1.1;0.0
77;2021-01-23;348;0;15640;82;1.1;0.0
77;2021-01-24;43;0;15683;82;1.1;0.0
77;2021-01-25;938;65;16621;147;1.2;0.0
77;2021-01-26;1701;30;18322;177;1.3;0.0
77;2021-01-27;1361;42;19683;219;1.4;0.0
77;2021-01-28;1695;88;21378;307;1.5;0.0
77;2021-01-29;1269;147;22647;454;1.6;0.0
77;2021-01-30;210;2;22857;456;1.6;0.0
77;2021-01-31;0;0;22857;456;1.6;0.0
77;2021-02-01;568;212;23425;668;1.6;0.0
77;2021-02-02;866;270;24291;938;1.7;0.1
77;2021-02-03;793;539;25084;1477;1.8;0.1
77;2021-02-04;790;808;25874;2285;1.8;0.2
77;2021-02-05;856;854;26730;3139;1.9;0.2
77;2021-02-06;164;103;26894;3242;1.9;0.2
77;2021-02-07;16;92;26910;3334;1.9;0.2
77;2021-02-08;490;943;27400;4277;1.9;0.3
77;2021-02-09;587;1476;27987;5753;2.0;0.4
77;2021-02-10;1030;1854;29017;7607;2.0;0.5
77;2021-02-11;1056;1655;30073;9262;2.1;0.7
77;2021-02-12;1095;1184;31168;10446;2.2;0.7
77;2021-02-13;187;175;31355;10621;2.2;0.7
77;2021-02-14;12;57;31367;10678;2.2;0.8
77;2021-02-15;553;1030;31920;11708;2.2;0.8
77;2021-02-16;599;1541;32519;13249;2.3;0.9
77;2021-02-17;514;1192;33033;14441;2.3;1.0
77;2021-02-18;838;1616;33871;16057;2.4;1.1
77;2021-02-19;773;1171;34644;17228;2.4;1.2
77;2021-02-20;52;176;34696;17404;2.4;1.2
77;2021-02-21;7;31;34703;17435;2.4;1.2
77;2021-02-22;302;775;35005;18210;2.5;1.3
77;2021-02-23;358;1134;35363;19344;2.5;1.4
77;2021-02-24;510;900;35873;20244;2.5;1.4
77;2021-02-25;789;978;36662;21222;2.6;1.5
77;2021-02-26;840;848;37502;22070;2.6;1.6
77;2021-02-27;460;169;37962;22239;2.7;1.6
77;2021-02-28;31;5;37993;22244;2.7;1.6
77;2021-03-01;671;711;38664;22955;2.7;1.6
77;2021-03-02;1092;1028;39756;23983;2.8;1.7
77;2021-03-03;1950;1173;41706;25156;2.9;1.8
77;2021-03-04;2788;1128;44494;26284;3.1;1.8
77;2021-03-05;3366;1020;47860;27304;3.4;1.9
77;2021-03-06;4822;230;52682;27534;3.7;1.9
77;2021-03-07;3189;90;55871;27624;3.9;1.9
77;2021-03-08;1228;502;57099;28126;4.0;2.0
77;2021-03-09;2502;621;59601;28747;4.2;2.0
77;2021-03-10;2396;563;61997;29310;4.4;2.1
77;2021-03-11;3495;757;65492;30067;4.6;2.1
77;2021-03-12;3886;665;69378;30732;4.9;2.2
77;2021-03-13;4480;175;73858;30907;5.2;2.2
77;2021-03-14;2150;103;76008;31010;5.3;2.2
77;2021-03-15;2509;265;78517;31275;5.5;2.2
77;2021-03-16;2439;366;80956;31641;5.7;2.2
77;2021-03-17;2548;416;83504;32057;5.9;2.3
77;2021-03-18;3001;393;86505;32450;6.1;2.3
77;2021-03-19;3354;426;89859;32876;6.3;2.3
77;2021-03-20;1962;69;91821;32945;6.4;2.3
77;2021-03-21;240;12;92061;32957;6.5;2.3
77;2021-03-22;3015;392;95076;33349;6.7;2.3
77;2021-03-23;4510;504;99586;33853;7.0;2.4
77;2021-03-24;4147;614;103733;34467;7.3;2.4
77;2021-03-25;5900;404;109633;34871;7.7;2.4
77;2021-03-26;6259;415;115892;35286;8.1;2.5
77;2021-03-27;3316;101;119208;35387;8.4;2.5
77;2021-03-28;1730;40;120938;35427;8.5;2.5
77;2021-03-29;2651;677;123589;36104;8.7;2.5
77;2021-03-30;3989;1201;127578;37305;9.0;2.6
77;2021-03-31;3748;1202;131326;38507;9.2;2.7
77;2021-04-01;4138;1793;135464;40300;9.5;2.8
77;2021-04-02;3990;2008;139454;42308;9.8;3.0
77;2021-04-03;1743;2271;141197;44579;9.9;3.1
77;2021-04-04;425;1425;141622;46004;9.9;3.2
77;2021-04-05;157;162;141779;46166;10.0;3.2
77;2021-04-06;2708;1919;144487;48085;10.1;3.4
77;2021-04-07;3311;2080;147798;50165;10.4;3.5
77;2021-04-08;4525;2334;152323;52499;10.7;3.7
77;2021-04-09;4844;2071;157167;54570;11.0;3.8
77;2021-04-10;3070;2740;160237;57310;11.3;4.0
77;2021-04-11;586;716;160823;58026;11.3;4.1
77;2021-04-12;2231;1821;163054;59847;11.5;4.2
77;2021-04-13;3355;2635;166409;62482;11.7;4.4
77;2021-04-14;2518;2644;168927;65126;11.9;4.6
77;2021-04-15;3317;3104;172244;68230;12.1;4.8
77;2021-04-16;3573;2715;175817;70945;12.4;5.0
77;2021-04-17;1387;472;177204;71417;12.4;5.0
77;2021-04-18;149;10;177353;71427;12.5;5.0
77;2021-04-19;2076;2508;179429;73935;12.6;5.2
77;2021-04-20;2565;3374;181994;77309;12.8;5.4
77;2021-04-21;2193;3472;184187;80781;12.9;5.7
77;2021-04-22;2999;3834;187186;84615;13.1;5.9
77;2021-04-23;3524;3612;190710;88227;13.4;6.2
77;2021-04-24;4894;2503;195604;90730;13.7;6.4
77;2021-04-25;4083;1232;199687;91962;14.0;6.5
77;2021-04-26;3228;2032;202915;93994;14.3;6.6
77;2021-04-27;3992;2500;206907;96494;14.5;6.8
77;2021-04-28;4071;2595;210978;99089;14.8;7.0
77;2021-04-29;4474;3065;215452;102154;15.1;7.2
77;2021-04-30;4900;3324;220352;105478;15.5;7.4
77;2021-05-01;2459;589;222811;106067;15.7;7.5
77;2021-05-02;3142;270;225953;106337;15.9;7.5
77;2021-05-03;5984;2054;231937;108391;16.3;7.6
77;2021-05-04;6436;2977;238373;111368;16.7;7.8
77;2021-05-05;6011;3016;244384;114384;17.2;8.0
77;2021-05-06;6879;3579;251263;117963;17.6;8.3
77;2021-05-07;8201;3249;259464;121212;18.2;8.5
77;2021-05-08;5697;797;265161;122009;18.6;8.6
77;2021-05-09;4904;464;270065;122473;19.0;8.6
77;2021-05-10;8081;2313;278146;124786;19.5;8.8
77;2021-05-11;9573;2891;287719;127677;20.2;9.0
77;2021-05-12;8972;2274;296691;129951;20.8;9.1
77;2021-05-13;9300;858;305991;130809;21.5;9.2
77;2021-05-14;10421;1634;316412;132443;22.2;9.3
77;2021-05-15;8984;1243;325396;133686;22.9;9.4
77;2021-05-16;5150;460;330546;134146;23.2;9.4
77;2021-05-17;10364;1466;340910;135612;23.9;9.5
77;2021-05-18;11767;1786;352677;137398;24.8;9.7
77;2021-05-19;10904;1564;363581;138962;25.5;9.8
77;2021-05-20;12199;2149;375780;141111;26.4;9.9
77;2021-05-21;11648;2670;387428;143781;27.2;10.1
77;2021-05-22;9817;1723;397245;145504;27.9;10.2
77;2021-05-23;6983;800;404228;146304;28.4;10.3
77;2021-05-24;6759;767;410987;147071;28.9;10.3
77;2021-05-25;8303;2800;419290;149871;29.5;10.5
77;2021-05-26;7555;2956;426845;152827;30.0;10.7
77;2021-05-27;7546;3946;434391;156773;30.5;11.0
77;2021-05-28;7631;4006;442022;160779;31.0;11.3
77;2021-05-29;7353;2334;449375;163113;31.6;11.5
77;2021-05-30;4354;887;453729;164000;31.9;11.5
77;2021-05-31;8382;3823;462111;167823;32.5;11.8
77;2021-06-01;9629;4337;471740;172160;33.1;12.1
77;2021-06-02;8895;3871;480635;176031;33.8;12.4
77;2021-06-03;8996;5237;489631;181268;34.4;12.7
77;2021-06-04;9104;5477;498735;186745;35.0;13.1
77;2021-06-05;6625;4993;505360;191738;35.5;13.5
77;2021-06-06;4894;3205;510254;194943;35.8;13.7
77;2021-06-07;6412;4530;516666;199473;36.3;14.0
77;2021-06-08;5709;5205;522375;204678;36.7;14.4
77;2021-06-09;5052;4942;527427;209620;37.0;14.7
77;2021-06-10;4943;5444;532370;215064;37.4;15.1
77;2021-06-11;5702;6024;538072;221088;37.8;15.5
77;2021-06-12;6531;4738;544603;225826;38.3;15.9
77;2021-06-13;3499;3044;548102;228870;38.5;16.1
77;2021-06-14;3199;7920;551301;236790;38.7;16.6
77;2021-06-15;4082;8486;555383;245276;39.0;17.2
77;2021-06-16;4770;8371;560153;253647;39.3;17.8
77;2021-06-17;4443;9022;564596;262669;39.7;18.5
77;2021-06-18;4315;9772;568911;272441;40.0;19.1
77;2021-06-19;5260;6911;574171;279352;40.3;19.6
77;2021-06-20;2077;3795;576248;283147;40.5;19.9
77;2021-06-21;3198;9576;579446;292723;40.7;20.6
77;2021-06-22;3645;11373;583091;304096;41.0;21.4
77;2021-06-23;3417;10043;586508;314139;41.2;22.1
77;2021-06-24;3347;10928;589855;325067;41.4;22.8
77;2021-06-25;3607;10815;593462;335882;41.7;23.6
77;2021-06-26;4067;10060;597529;345942;42.0;24.3
77;2021-06-27;2107;6431;599636;352373;42.1;24.8
77;2021-06-28;2767;10829;602403;363202;42.3;25.5
77;2021-06-29;3328;12513;605731;375715;42.5;26.4
77;2021-06-30;3234;11446;608965;387161;42.8;27.2
77;2021-07-01;3244;11667;612209;398828;43.0;28.0
77;2021-07-02;3403;12240;615612;411068;43.2;28.9
77;2021-07-03;3129;10793;618741;421861;43.5;29.6
77;2021-07-04;1984;6490;620725;428351;43.6;30.1
77;2021-07-05;3555;9532;624280;437883;43.9;30.8
77;2021-07-06;3692;9520;627972;447403;44.1;31.4
77;2021-07-07;3971;8949;631943;456352;44.4;32.1
77;2021-07-08;3882;8740;635825;465092;44.7;32.7
77;2021-07-09;4667;10329;640492;475421;45.0;33.4
77;2021-07-10;3987;9809;644479;485230;45.3;34.1
77;2021-07-11;3054;5070;647533;490300;45.5;34.4
77;2021-07-12;3257;10853;650790;501153;45.7;35.2
77;2021-07-13;6031;11981;656821;513134;46.1;36.0
77;2021-07-14;3527;6429;660348;519563;46.4;36.5
77;2021-07-15;7098;11916;667446;531479;46.9;37.3
77;2021-07-16;7751;9842;675197;541321;47.4;38.0
77;2021-07-17;5754;9425;680951;550746;47.8;38.7
77;2021-07-18;4132;5294;685083;556040;48.1;39.1
77;2021-07-19;7452;8892;692535;564932;48.6;39.7
77;2021-07-20;9477;7933;702012;572865;49.3;40.2
77;2021-07-21;9393;7344;711405;580209;50.0;40.8
78;2020-12-27;0;0;0;0;0.0;0.0
78;2020-12-28;0;0;0;0;0.0;0.0
78;2020-12-29;0;0;0;0;0.0;0.0
78;2020-12-30;0;0;0;0;0.0;0.0
78;2020-12-31;15;0;15;0;0.0;0.0
78;2021-01-01;0;0;15;0;0.0;0.0
78;2021-01-02;1;0;16;0;0.0;0.0
78;2021-01-03;0;0;16;0;0.0;0.0
78;2021-01-04;141;3;157;3;0.0;0.0
78;2021-01-05;175;1;332;4;0.0;0.0
78;2021-01-06;208;3;540;7;0.0;0.0
78;2021-01-07;468;2;1008;9;0.1;0.0
78;2021-01-08;651;4;1659;13;0.1;0.0
78;2021-01-09;22;0;1681;13;0.1;0.0
78;2021-01-10;1;0;1682;13;0.1;0.0
78;2021-01-11;791;4;2473;17;0.2;0.0
78;2021-01-12;946;6;3419;23;0.2;0.0
78;2021-01-13;733;8;4152;31;0.3;0.0
78;2021-01-14;809;9;4961;40;0.3;0.0
78;2021-01-15;844;5;5805;45;0.4;0.0
78;2021-01-16;32;1;5837;46;0.4;0.0
78;2021-01-17;0;0;5837;46;0.4;0.0
78;2021-01-18;1378;18;7215;64;0.5;0.0
78;2021-01-19;1840;24;9055;88;0.6;0.0
78;2021-01-20;1644;12;10699;100;0.7;0.0
78;2021-01-21;3242;13;13941;113;1.0;0.0
78;2021-01-22;2209;16;16150;129;1.1;0.0
78;2021-01-23;279;0;16429;129;1.1;0.0
78;2021-01-24;4;0;16433;129;1.1;0.0
78;2021-01-25;958;29;17391;158;1.2;0.0
78;2021-01-26;1555;16;18946;174;1.3;0.0
78;2021-01-27;2054;46;21000;220;1.4;0.0
78;2021-01-28;2433;102;23433;322;1.6;0.0
78;2021-01-29;1487;63;24920;385;1.7;0.0
78;2021-01-30;210;3;25130;388;1.7;0.0
78;2021-01-31;3;0;25133;388;1.7;0.0
78;2021-02-01;787;223;25920;611;1.8;0.0
78;2021-02-02;968;346;26888;957;1.9;0.1
78;2021-02-03;975;242;27863;1199;1.9;0.1
78;2021-02-04;1115;447;28978;1646;2.0;0.1
78;2021-02-05;1189;515;30167;2161;2.1;0.1
78;2021-02-06;196;44;30363;2205;2.1;0.2
78;2021-02-07;139;10;30502;2215;2.1;0.2
78;2021-02-08;760;612;31262;2827;2.2;0.2
78;2021-02-09;1121;937;32383;3764;2.2;0.3
78;2021-02-10;1243;1178;33626;4942;2.3;0.3
78;2021-02-11;1816;1898;35442;6840;2.4;0.5
78;2021-02-12;1818;1412;37260;8252;2.6;0.6
78;2021-02-13;172;79;37432;8331;2.6;0.6
78;2021-02-14;26;24;37458;8355;2.6;0.6
78;2021-02-15;445;1445;37903;9800;2.6;0.7
78;2021-02-16;627;1559;38530;11359;2.7;0.8
78;2021-02-17;581;2220;39111;13579;2.7;0.9
78;2021-02-18;993;2279;40104;15858;2.8;1.1
78;2021-02-19;818;1737;40922;17595;2.8;1.2
78;2021-02-20;144;123;41066;17718;2.8;1.2
78;2021-02-21;0;12;41066;17730;2.8;1.2
78;2021-02-22;498;1058;41564;18788;2.9;1.3
78;2021-02-23;538;1121;42102;19909;2.9;1.4
78;2021-02-24;619;1232;42721;21141;2.9;1.5
78;2021-02-25;860;1159;43581;22300;3.0;1.5
78;2021-02-26;1131;1242;44712;23542;3.1;1.6
78;2021-02-27;739;147;45451;23689;3.1;1.6
78;2021-02-28;65;18;45516;23707;3.1;1.6
78;2021-03-01;963;903;46479;24610;3.2;1.7
78;2021-03-02;1716;1047;48195;25657;3.3;1.8
78;2021-03-03;1960;1214;50155;26871;3.5;1.9
78;2021-03-04;2940;1565;53095;28436;3.7;2.0
78;2021-03-05;3250;1638;56345;30074;3.9;2.1
78;2021-03-06;6237;256;62582;30330;4.3;2.1
78;2021-03-07;3443;81;66025;30411;4.6;2.1
78;2021-03-08;1449;755;67474;31166;4.7;2.2
78;2021-03-09;2931;888;70405;32054;4.9;2.2
78;2021-03-10;3067;1074;73472;33128;5.1;2.3
78;2021-03-11;4174;1292;77646;34420;5.4;2.4
78;2021-03-12;5365;1311;83011;35731;5.7;2.5
78;2021-03-13;4650;167;87661;35898;6.1;2.5
78;2021-03-14;1033;35;88694;35933;6.1;2.5
78;2021-03-15;3619;255;92313;36188;6.4;2.5
78;2021-03-16;2560;550;94873;36738;6.5;2.5
78;2021-03-17;2962;406;97835;37144;6.8;2.6
78;2021-03-18;3777;413;101612;37557;7.0;2.6
78;2021-03-19;5310;473;106922;38030;7.4;2.6
78;2021-03-20;2255;116;109177;38146;7.5;2.6
78;2021-03-21;161;6;109338;38152;7.5;2.6
78;2021-03-22;3513;366;112851;38518;7.8;2.7
78;2021-03-23;5220;517;118071;39035;8.2;2.7
78;2021-03-24;4888;527;122959;39562;8.5;2.7
78;2021-03-25;6925;538;129884;40100;9.0;2.8
78;2021-03-26;6926;683;136810;40783;9.4;2.8
78;2021-03-27;3740;171;140550;40954;9.7;2.8
78;2021-03-28;1916;37;142466;40991;9.8;2.8
78;2021-03-29;3860;750;146326;41741;10.1;2.9
78;2021-03-30;5516;1045;151842;42786;10.5;3.0
78;2021-03-31;5323;1268;157165;44054;10.8;3.0
78;2021-04-01;5582;2308;162747;46362;11.2;3.2
78;2021-04-02;5189;2613;167936;48975;11.6;3.4
78;2021-04-03;2197;2552;170133;51527;11.7;3.6
78;2021-04-04;170;14;170303;51541;11.8;3.6
78;2021-04-05;193;18;170496;51559;11.8;3.6
78;2021-04-06;3613;2296;174109;53855;12.0;3.7
78;2021-04-07;4346;2582;178455;56437;12.3;3.9
78;2021-04-08;5512;2642;183967;59079;12.7;4.1
78;2021-04-09;6899;2421;190866;61500;13.2;4.2
78;2021-04-10;3991;1887;194857;63387;13.5;4.4
78;2021-04-11;371;605;195228;63992;13.5;4.4
78;2021-04-12;3526;2363;198754;66355;13.7;4.6
78;2021-04-13;5458;2479;204212;68834;14.1;4.8
78;2021-04-14;4946;3360;209158;72194;14.4;5.0
78;2021-04-15;4602;3830;213760;76024;14.8;5.2
78;2021-04-16;5629;4009;219389;80033;15.1;5.5
78;2021-04-17;3608;705;222997;80738;15.4;5.6
78;2021-04-18;272;42;223269;80780;15.4;5.6
78;2021-04-19;3240;2805;226509;83585;15.6;5.8
78;2021-04-20;4700;3677;231209;87262;16.0;6.0
78;2021-04-21;4526;3494;235735;90756;16.3;6.3
78;2021-04-22;4566;4671;240301;95427;16.6;6.6
78;2021-04-23;5036;4406;245337;99833;16.9;6.9
78;2021-04-24;4865;2621;250202;102454;17.3;7.1
78;2021-04-25;3039;1727;253241;104181;17.5;7.2
78;2021-04-26;4765;3308;258006;107489;17.8;7.4
78;2021-04-27;5462;4304;263468;111793;18.2;7.7
78;2021-04-28;5646;4780;269114;116573;18.6;8.0
78;2021-04-29;6248;4049;275362;120622;19.0;8.3
78;2021-04-30;7203;4434;282565;125056;19.5;8.6
78;2021-05-01;612;252;283177;125308;19.5;8.7
78;2021-05-02;2006;163;285183;125471;19.7;8.7
78;2021-05-03;7455;1269;292638;126740;20.2;8.7
78;2021-05-04;6072;3979;298710;130719;20.6;9.0
78;2021-05-05;7284;4540;305994;135259;21.1;9.3
78;2021-05-06;6472;5165;312466;140424;21.6;9.7
78;2021-05-07;8309;5133;320775;145557;22.1;10.0
78;2021-05-08;2913;1448;323688;147005;22.3;10.1
78;2021-05-09;2816;345;326504;147350;22.5;10.2
78;2021-05-10;7344;4453;333848;151803;23.0;10.5
78;2021-05-11;8135;5400;341983;157203;23.6;10.9
78;2021-05-12;8722;3903;350705;161106;24.2;11.1
78;2021-05-13;6628;596;357333;161702;24.7;11.2
78;2021-05-14;10212;2208;367545;163910;25.4;11.3
78;2021-05-15;4932;2365;372477;166275;25.7;11.5
78;2021-05-16;3693;792;376170;167067;26.0;11.5
78;2021-05-17;8736;1336;384906;168403;26.6;11.6
78;2021-05-18;9876;1856;394782;170259;27.3;11.8
78;2021-05-19;11643;1701;406425;171960;28.1;11.9
78;2021-05-20;11582;2255;418007;174215;28.9;12.0
78;2021-05-21;12124;2615;430131;176830;29.7;12.2
78;2021-05-22;6542;1374;436673;178204;30.1;12.3
78;2021-05-23;3122;381;439795;178585;30.4;12.3
78;2021-05-24;3517;413;443312;178998;30.6;12.4
78;2021-05-25;9978;2500;453290;181498;31.3;12.5
78;2021-05-26;10159;3776;463449;185274;32.0;12.8
78;2021-05-27;10951;4639;474400;189913;32.7;13.1
78;2021-05-28;11414;6003;485814;195916;33.5;13.5
78;2021-05-29;4225;3382;490039;199298;33.8;13.8
78;2021-05-30;132;346;490171;199644;33.8;13.8
78;2021-05-31;7969;5356;498140;205000;34.4;14.2
78;2021-06-01;9831;6521;507971;211521;35.1;14.6
78;2021-06-02;8542;6201;516513;217722;35.7;15.0
78;2021-06-03;9863;6467;526376;224189;36.3;15.5
78;2021-06-04;9770;8149;536146;232338;37.0;16.0
78;2021-06-05;5508;6138;541654;238476;37.4;16.5
78;2021-06-06;2146;2010;543800;240486;37.5;16.6
78;2021-06-07;8108;6508;551908;246994;38.1;17.1
78;2021-06-08;8022;7307;559930;254301;38.7;17.6
78;2021-06-09;7285;6714;567215;261015;39.2;18.0
78;2021-06-10;7048;7086;574263;268101;39.6;18.5
78;2021-06-11;7561;8176;581824;276277;40.2;19.1
78;2021-06-12;6361;2912;588185;279189;40.6;19.3
78;2021-06-13;942;2455;589127;281644;40.7;19.4
78;2021-06-14;3387;9809;592514;291453;40.9;20.1
78;2021-06-15;5634;8283;598148;299736;41.3;20.7
78;2021-06-16;5395;8633;603543;308369;41.7;21.3
78;2021-06-17;5452;8526;608995;316895;42.0;21.9
78;2021-06-18;6075;9777;615070;326672;42.5;22.6
78;2021-06-19;5207;4808;620277;331480;42.8;22.9
78;2021-06-20;619;2833;620896;334313;42.9;23.1
78;2021-06-21;4059;9464;624955;343777;43.1;23.7
78;2021-06-22;3321;10313;628276;354090;43.4;24.4
78;2021-06-23;3814;10384;632090;364474;43.6;25.2
78;2021-06-24;3774;9969;635864;374443;43.9;25.8
78;2021-06-25;3980;13164;639844;387607;44.2;26.8
78;2021-06-26;4198;7951;644042;395558;44.5;27.3
78;2021-06-27;1032;2540;645074;398098;44.5;27.5
78;2021-06-28;3256;10901;648330;408999;44.8;28.2
78;2021-06-29;3515;11247;651845;420246;45.0;29.0
78;2021-06-30;4107;13229;655952;433475;45.3;29.9
78;2021-07-01;3902;12690;659854;446165;45.6;30.8
78;2021-07-02;4162;13923;664016;460088;45.8;31.8
78;2021-07-03;3136;8628;667152;468716;46.1;32.4
78;2021-07-04;753;1740;667905;470456;46.1;32.5
78;2021-07-05;3262;9678;671167;480134;46.3;33.1
78;2021-07-06;3485;12035;674652;492169;46.6;34.0
78;2021-07-07;3732;11600;678384;503769;46.8;34.8
78;2021-07-08;3844;11668;682228;515437;47.1;35.6
78;2021-07-09;4373;12720;686601;528157;47.4;36.5
78;2021-07-10;2608;6590;689209;534747;47.6;36.9
78;2021-07-11;745;2052;689954;536799;47.6;37.1
78;2021-07-12;2979;11735;692933;548534;47.8;37.9
78;2021-07-13;5261;11936;698194;560470;48.2;38.7
78;2021-07-14;2523;4959;700717;565429;48.4;39.0
78;2021-07-15;5629;11905;706346;577334;48.8;39.9
78;2021-07-16;7235;10730;713581;588064;49.3;40.6
78;2021-07-17;4701;4854;718282;592918;49.6;40.9
78;2021-07-18;1117;443;719399;593361;49.7;41.0
78;2021-07-19;3792;10303;723191;603664;49.9;41.7
78;2021-07-20;5519;9860;728710;613524;50.3;42.4
78;2021-07-21;5826;9775;734536;623299;50.7;43.0
79;2020-12-27;0;0;0;0;0.0;0.0
79;2020-12-28;0;0;0;0;0.0;0.0
79;2020-12-29;0;0;0;0;0.0;0.0
79;2020-12-30;0;0;0;0;0.0;0.0
79;2020-12-31;0;0;0;0;0.0;0.0
79;2021-01-01;0;0;0;0;0.0;0.0
79;2021-01-02;0;0;0;0;0.0;0.0
79;2021-01-03;0;0;0;0;0.0;0.0
79;2021-01-04;1;0;1;0;0.0;0.0
79;2021-01-05;0;0;1;0;0.0;0.0
79;2021-01-06;0;0;1;0;0.0;0.0
79;2021-01-07;158;0;159;0;0.0;0.0
79;2021-01-08;165;0;324;0;0.1;0.0
79;2021-01-09;98;0;422;0;0.1;0.0
79;2021-01-10;3;0;425;0;0.1;0.0
79;2021-01-11;184;1;609;1;0.2;0.0
79;2021-01-12;246;0;855;1;0.2;0.0
79;2021-01-13;258;0;1113;1;0.3;0.0
79;2021-01-14;499;6;1612;7;0.4;0.0
79;2021-01-15;615;4;2227;11;0.6;0.0
79;2021-01-16;66;0;2293;11;0.6;0.0
79;2021-01-17;0;0;2293;11;0.6;0.0
79;2021-01-18;477;1;2770;12;0.7;0.0
79;2021-01-19;1343;0;4113;12;1.1;0.0
79;2021-01-20;1643;0;5756;12;1.5;0.0
79;2021-01-21;1997;2;7753;14;2.1;0.0
79;2021-01-22;873;3;8626;17;2.3;0.0
79;2021-01-23;65;0;8691;17;2.3;0.0
79;2021-01-24;0;0;8691;17;2.3;0.0
79;2021-01-25;643;6;9334;23;2.5;0.0
79;2021-01-26;571;12;9905;35;2.7;0.0
79;2021-01-27;741;80;10646;115;2.9;0.0
79;2021-01-28;730;150;11376;265;3.1;0.1
79;2021-01-29;490;88;11866;353;3.2;0.1
79;2021-01-30;0;0;11866;353;3.2;0.1
79;2021-01-31;0;0;11866;353;3.2;0.1
79;2021-02-01;206;111;12072;464;3.2;0.1
79;2021-02-02;323;73;12395;537;3.3;0.1
79;2021-02-03;389;60;12784;597;3.4;0.2
79;2021-02-04;323;109;13107;706;3.5;0.2
79;2021-02-05;356;274;13463;980;3.6;0.3
79;2021-02-06;3;0;13466;980;3.6;0.3
79;2021-02-07;22;0;13488;980;3.6;0.3
79;2021-02-08;282;170;13770;1150;3.7;0.3
79;2021-02-09;456;786;14226;1936;3.8;0.5
79;2021-02-10;615;1197;14841;3133;4.0;0.8
79;2021-02-11;776;1234;15617;4367;4.2;1.2
79;2021-02-12;468;771;16085;5138;4.3;1.4
79;2021-02-13;53;74;16138;5212;4.3;1.4
79;2021-02-14;0;0;16138;5212;4.3;1.4
79;2021-02-15;186;507;16324;5719;4.4;1.5
79;2021-02-16;331;733;16655;6452;4.5;1.7
79;2021-02-17;246;880;16901;7332;4.5;2.0
79;2021-02-18;353;946;17254;8278;4.6;2.2
79;2021-02-19;267;566;17521;8844;4.7;2.4
79;2021-02-20;4;22;17525;8866;4.7;2.4
79;2021-02-21;0;0;17525;8866;4.7;2.4
79;2021-02-22;137;464;17662;9330;4.7;2.5
79;2021-02-23;246;570;17908;9900;4.8;2.7
79;2021-02-24;245;544;18153;10444;4.9;2.8
79;2021-02-25;516;471;18669;10915;5.0;2.9
79;2021-02-26;598;400;19267;11315;5.2;3.0
79;2021-02-27;406;5;19673;11320;5.3;3.0
79;2021-02-28;34;0;19707;11320;5.3;3.0
79;2021-03-01;88;360;19795;11680;5.3;3.1
79;2021-03-02;303;506;20098;12186;5.4;3.3
79;2021-03-03;659;542;20757;12728;5.6;3.4
79;2021-03-04;903;568;21660;13296;5.8;3.6
79;2021-03-05;1216;437;22876;13733;6.1;3.7
79;2021-03-06;609;3;23485;13736;6.3;3.7
79;2021-03-07;77;0;23562;13736;6.3;3.7
79;2021-03-08;344;308;23906;14044;6.4;3.8
79;2021-03-09;839;341;24745;14385;6.6;3.9
79;2021-03-10;1140;401;25885;14786;6.9;4.0
79;2021-03-11;1636;313;27521;15099;7.4;4.1
79;2021-03-12;1717;115;29238;15214;7.8;4.1
79;2021-03-13;1130;8;30368;15222;8.1;4.1
79;2021-03-14;50;0;30418;15222;8.2;4.1
79;2021-03-15;494;159;30912;15381;8.3;4.1
79;2021-03-16;734;140;31646;15521;8.5;4.2
79;2021-03-17;575;108;32221;15629;8.6;4.2
79;2021-03-18;551;201;32772;15830;8.8;4.2
79;2021-03-19;663;254;33435;16084;9.0;4.3
79;2021-03-20;1003;12;34438;16096;9.2;4.3
79;2021-03-21;3;0;34441;16096;9.2;4.3
79;2021-03-22;953;201;35394;16297;9.5;4.4
79;2021-03-23;1585;171;36979;16468;9.9;4.4
79;2021-03-24;1827;147;38806;16615;10.4;4.5
79;2021-03-25;2498;178;41304;16793;11.1;4.5
79;2021-03-26;2402;128;43706;16921;11.7;4.5
79;2021-03-27;769;15;44475;16936;11.9;4.5
79;2021-03-28;1;0;44476;16936;11.9;4.5
79;2021-03-29;2146;110;46622;17046;12.5;4.6
79;2021-03-30;2816;51;49438;17097;13.3;4.6
79;2021-03-31;2778;375;52216;17472;14.0;4.7
79;2021-04-01;2693;367;54909;17839;14.7;4.8
79;2021-04-02;2824;386;57733;18225;15.5;4.9
79;2021-04-03;633;53;58366;18278;15.7;4.9
79;2021-04-04;3;0;58369;18278;15.7;4.9
79;2021-04-05;380;3;58749;18281;15.8;4.9
79;2021-04-06;1792;577;60541;18858;16.2;5.1
79;2021-04-07;3116;711;63657;19569;17.1;5.3
79;2021-04-08;2627;682;66284;20251;17.8;5.4
79;2021-04-09;3734;528;70018;20779;18.8;5.6
79;2021-04-10;1460;376;71478;21155;19.2;5.7
79;2021-04-11;4;0;71482;21155;19.2;5.7
79;2021-04-12;1751;351;73233;21506;19.7;5.8
79;2021-04-13;2172;740;75405;22246;20.2;6.0
79;2021-04-14;2478;664;77883;22910;20.9;6.1
79;2021-04-15;2213;658;80096;23568;21.5;6.3
79;2021-04-16;1413;436;81509;24004;21.9;6.4
79;2021-04-17;582;350;82091;24354;22.0;6.5
79;2021-04-18;1;14;82092;24368;22.0;6.5
79;2021-04-19;1088;842;83180;25210;22.3;6.8
79;2021-04-20;1503;1226;84683;26436;22.7;7.1
79;2021-04-21;1417;1430;86100;27866;23.1;7.5
79;2021-04-22;1569;1076;87669;28942;23.5;7.8
79;2021-04-23;1315;1182;88984;30124;23.9;8.1
79;2021-04-24;651;460;89635;30584;24.1;8.2
79;2021-04-25;0;0;89635;30584;24.1;8.2
79;2021-04-26;1342;1812;90977;32396;24.4;8.7
79;2021-04-27;1893;2341;92870;34737;24.9;9.3
79;2021-04-28;1456;2862;94326;37599;25.3;10.1
79;2021-04-29;2102;2247;96428;39846;25.9;10.7
79;2021-04-30;2106;2449;98534;42295;26.4;11.4
79;2021-05-01;517;375;99051;42670;26.6;11.5
79;2021-05-02;1;11;99052;42681;26.6;11.5
79;2021-05-03;1182;1290;100234;43971;26.9;11.8
79;2021-05-04;1732;2321;101966;46292;27.4;12.4
79;2021-05-05;1696;2482;103662;48774;27.8;13.1
79;2021-05-06;2312;2208;105974;50982;28.4;13.7
79;2021-05-07;2084;2802;108058;53784;29.0;14.4
79;2021-05-08;200;506;108258;54290;29.1;14.6
79;2021-05-09;0;0;108258;54290;29.1;14.6
79;2021-05-10;1582;1781;109840;56071;29.5;15.0
79;2021-05-11;2308;1646;112148;57717;30.1;15.5
79;2021-05-12;1997;2676;114145;60393;30.6;16.2
79;2021-05-13;639;289;114784;60682;30.8;16.3
79;2021-05-14;2098;669;116882;61351;31.4;16.5
79;2021-05-15;1398;498;118280;61849;31.7;16.6
79;2021-05-16;1;22;118281;61871;31.7;16.6
79;2021-05-17;1873;1077;120154;62948;32.2;16.9
79;2021-05-18;2969;1264;123123;64212;33.0;17.2
79;2021-05-19;2890;962;126013;65174;33.8;17.5
79;2021-05-20;3102;1240;129115;66414;34.6;17.8
79;2021-05-21;2763;1058;131878;67472;35.4;18.1
79;2021-05-22;1085;254;132963;67726;35.7;18.2
79;2021-05-23;1;0;132964;67726;35.7;18.2
79;2021-05-24;161;20;133125;67746;35.7;18.2
79;2021-05-25;3199;980;136324;68726;36.6;18.4
79;2021-05-26;3313;847;139637;69573;37.5;18.7
79;2021-05-27;3585;1713;143222;71286;38.4;19.1
79;2021-05-28;3328;1819;146550;73105;39.3;19.6
79;2021-05-29;1073;450;147623;73555;39.6;19.7
79;2021-05-30;3;1;147626;73556;39.6;19.7
79;2021-05-31;2374;731;150000;74287;40.3;19.9
79;2021-06-01;3017;1565;153017;75852;41.1;20.4
79;2021-06-02;4059;1166;157076;77018;42.2;20.7
79;2021-06-03;4079;1748;161155;78766;43.2;21.1
79;2021-06-04;4145;2027;165300;80793;44.4;21.7
79;2021-06-05;2799;753;168099;81546;45.1;21.9
79;2021-06-06;695;37;168794;81583;45.3;21.9
79;2021-06-07;2804;1412;171598;82995;46.1;22.3
79;2021-06-08;2981;2062;174579;85057;46.9;22.8
79;2021-06-09;3625;1932;178204;86989;47.8;23.3
79;2021-06-10;3014;1973;181218;88962;48.6;23.9
79;2021-06-11;3761;2310;184979;91272;49.6;24.5
79;2021-06-12;1706;608;186685;91880;50.1;24.7
79;2021-06-13;209;22;186894;91902;50.2;24.7
79;2021-06-14;1243;1692;188137;93594;50.5;25.1
79;2021-06-15;1877;2358;190014;95952;51.0;25.8
79;2021-06-16;2194;2245;192208;98197;51.6;26.4
79;2021-06-17;2228;2609;194436;100806;52.2;27.1
79;2021-06-18;2400;2315;196836;103121;52.8;27.7
79;2021-06-19;1243;581;198079;103702;53.2;27.8
79;2021-06-20;2;2;198081;103704;53.2;27.8
79;2021-06-21;1221;2280;199302;105984;53.5;28.4
79;2021-06-22;1539;2875;200841;108859;53.9;29.2
79;2021-06-23;1750;2547;202591;111406;54.4;29.9
79;2021-06-24;2082;2004;204673;113410;54.9;30.4
79;2021-06-25;1475;2843;206148;116253;55.3;31.2
79;2021-06-26;863;807;207011;117060;55.6;31.4
79;2021-06-27;13;6;207024;117066;55.6;31.4
79;2021-06-28;1043;2621;208067;119687;55.8;32.1
79;2021-06-29;1437;3548;209504;123235;56.2;33.1
79;2021-06-30;1333;3450;210837;126685;56.6;34.0
79;2021-07-01;1149;3792;211986;130477;56.9;35.0
79;2021-07-02;1451;3342;213437;133819;57.3;35.9
79;2021-07-03;395;1503;213832;135322;57.4;36.3
79;2021-07-04;1;9;213833;135331;57.4;36.3
79;2021-07-05;739;2123;214572;137454;57.6;36.9
79;2021-07-06;934;3668;215506;141122;57.8;37.9
79;2021-07-07;1316;4308;216822;145430;58.2;39.0
79;2021-07-08;1069;4048;217891;149478;58.5;40.1
79;2021-07-09;826;3719;218717;153197;58.7;41.1
79;2021-07-10;509;1317;219226;154514;58.8;41.5
79;2021-07-11;0;12;219226;154526;58.8;41.5
79;2021-07-12;539;3696;219765;158222;59.0;42.5
79;2021-07-13;995;5194;220760;163416;59.2;43.9
79;2021-07-14;131;875;220891;164291;59.3;44.1
79;2021-07-15;1215;4679;222106;168970;59.6;45.3
79;2021-07-16;1315;4356;223421;173326;60.0;46.5
79;2021-07-17;564;2418;223985;175744;60.1;47.2
79;2021-07-18;43;498;224028;176242;60.1;47.3
79;2021-07-19;729;3315;224757;179557;60.3;48.2
79;2021-07-20;1220;3945;225977;183502;60.6;49.2
79;2021-07-21;1170;4191;227147;187693;61.0;50.4
80;2020-12-27;0;0;0;0;0.0;0.0
80;2020-12-28;0;0;0;0;0.0;0.0
80;2020-12-29;11;0;11;0;0.0;0.0
80;2020-12-30;0;0;11;0;0.0;0.0
80;2020-12-31;0;0;11;0;0.0;0.0
80;2021-01-01;0;0;11;0;0.0;0.0
80;2021-01-02;0;0;11;0;0.0;0.0
80;2021-01-03;1;0;12;0;0.0;0.0
80;2021-01-04;0;0;12;0;0.0;0.0
80;2021-01-05;0;0;12;0;0.0;0.0
80;2021-01-06;30;0;42;0;0.0;0.0
80;2021-01-07;276;2;318;2;0.1;0.0
80;2021-01-08;330;0;648;2;0.1;0.0
80;2021-01-09;108;0;756;2;0.1;0.0
80;2021-01-10;21;0;777;2;0.1;0.0
80;2021-01-11;276;0;1053;2;0.2;0.0
80;2021-01-12;427;2;1480;4;0.3;0.0
80;2021-01-13;514;3;1994;7;0.3;0.0
80;2021-01-14;453;4;2447;11;0.4;0.0
80;2021-01-15;330;1;2777;12;0.5;0.0
80;2021-01-16;103;1;2880;13;0.5;0.0
80;2021-01-17;102;1;2982;14;0.5;0.0
80;2021-01-18;412;2;3394;16;0.6;0.0
80;2021-01-19;962;16;4356;32;0.8;0.0
80;2021-01-20;1086;4;5442;36;1.0;0.0
80;2021-01-21;1012;8;6454;44;1.1;0.0
80;2021-01-22;1113;2;7567;46;1.3;0.0
80;2021-01-23;908;0;8475;46;1.5;0.0
80;2021-01-24;823;4;9298;50;1.6;0.0
80;2021-01-25;1538;6;10836;56;1.9;0.0
80;2021-01-26;1479;10;12315;66;2.2;0.0
80;2021-01-27;821;28;13136;94;2.3;0.0
80;2021-01-28;623;176;13759;270;2.4;0.0
80;2021-01-29;637;218;14396;488;2.5;0.1
80;2021-01-30;84;60;14480;548;2.5;0.1
80;2021-01-31;0;0;14480;548;2.5;0.1
80;2021-02-01;26;260;14506;808;2.5;0.1
80;2021-02-02;21;446;14527;1254;2.5;0.2
80;2021-02-03;28;544;14555;1798;2.6;0.3
80;2021-02-04;275;348;14830;2146;2.6;0.4
80;2021-02-05;346;212;15176;2358;2.7;0.4
80;2021-02-06;167;70;15343;2428;2.7;0.4
80;2021-02-07;1;0;15344;2428;2.7;0.4
80;2021-02-08;425;241;15769;2669;2.8;0.5
80;2021-02-09;684;246;16453;2915;2.9;0.5
80;2021-02-10;606;493;17059;3408;3.0;0.6
80;2021-02-11;859;350;17918;3758;3.1;0.7
80;2021-02-12;943;313;18861;4071;3.3;0.7
80;2021-02-13;195;428;19056;4499;3.3;0.8
80;2021-02-14;78;571;19134;5070;3.4;0.9
80;2021-02-15;604;1016;19738;6086;3.5;1.1
80;2021-02-16;687;1140;20425;7226;3.6;1.3
80;2021-02-17;483;1173;20908;8399;3.7;1.5
80;2021-02-18;569;1135;21477;9534;3.8;1.7
80;2021-02-19;503;849;21980;10383;3.9;1.8
80;2021-02-20;22;516;22002;10899;3.9;1.9
80;2021-02-21;47;49;22049;10948;3.9;1.9
80;2021-02-22;149;576;22198;11524;3.9;2.0
80;2021-02-23;471;694;22669;12218;4.0;2.1
80;2021-02-24;431;717;23100;12935;4.1;2.3
80;2021-02-25;815;568;23915;13503;4.2;2.4
80;2021-02-26;1060;521;24975;14024;4.4;2.5
80;2021-02-27;474;73;25449;14097;4.5;2.5
80;2021-02-28;48;23;25497;14120;4.5;2.5
80;2021-03-01;727;64;26224;14184;4.6;2.5
80;2021-03-02;1013;85;27237;14269;4.8;2.5
80;2021-03-03;980;51;28217;14320;5.0;2.5
80;2021-03-04;1389;230;29606;14550;5.2;2.6
80;2021-03-05;1866;323;31472;14873;5.5;2.6
80;2021-03-06;2917;306;34389;15179;6.0;2.7
80;2021-03-07;1840;64;36229;15243;6.4;2.7
80;2021-03-08;714;602;36943;15845;6.5;2.8
80;2021-03-09;1309;904;38252;16749;6.7;2.9
80;2021-03-10;1724;730;39976;17479;7.0;3.1
80;2021-03-11;1906;803;41882;18282;7.4;3.2
80;2021-03-12;3133;713;45015;18995;7.9;3.3
80;2021-03-13;4001;178;49016;19173;8.6;3.4
80;2021-03-14;350;12;49366;19185;8.7;3.4
80;2021-03-15;1014;245;50380;19430;8.8;3.4
80;2021-03-16;882;333;51262;19763;9.0;3.5
80;2021-03-17;661;274;51923;20037;9.1;3.5
80;2021-03-18;999;290;52922;20327;9.3;3.6
80;2021-03-19;1737;390;54659;20717;9.6;3.6
80;2021-03-20;3820;94;58479;20811;10.3;3.7
80;2021-03-21;487;30;58966;20841;10.3;3.7
80;2021-03-22;901;284;59867;21125;10.5;3.7
80;2021-03-23;1711;407;61578;21532;10.8;3.8
80;2021-03-24;1753;463;63331;21995;11.1;3.9
80;2021-03-25;2712;441;66043;22436;11.6;3.9
80;2021-03-26;3101;415;69144;22851;12.1;4.0
80;2021-03-27;2229;217;71373;23068;12.5;4.0
80;2021-03-28;674;89;72047;23157;12.6;4.1
80;2021-03-29;1978;739;74025;23896;13.0;4.2
80;2021-03-30;1968;871;75993;24767;13.3;4.3
80;2021-03-31;1493;979;77486;25746;13.6;4.5
80;2021-04-01;1949;1482;79435;27228;13.9;4.8
80;2021-04-02;2809;1567;82244;28795;14.4;5.1
80;2021-04-03;3040;850;85284;29645;15.0;5.2
80;2021-04-04;133;2;85417;29647;15.0;5.2
80;2021-04-05;683;198;86100;29845;15.1;5.2
80;2021-04-06;1278;965;87378;30810;15.3;5.4
80;2021-04-07;1622;1189;89000;31999;15.6;5.6
80;2021-04-08;2155;839;91155;32838;16.0;5.8
80;2021-04-09;3528;1341;94683;34179;16.6;6.0
80;2021-04-10;2735;1926;97418;36105;17.1;6.3
80;2021-04-11;189;174;97607;36279;17.1;6.4
80;2021-04-12;1805;481;99412;36760;17.4;6.5
80;2021-04-13;2381;1030;101793;37790;17.9;6.6
80;2021-04-14;2765;1131;104558;38921;18.4;6.8
80;2021-04-15;3725;852;108283;39773;19.0;7.0
80;2021-04-16;3334;852;111617;40625;19.6;7.1
80;2021-04-17;1650;2296;113267;42921;19.9;7.5
80;2021-04-18;370;384;113637;43305;19.9;7.6
80;2021-04-19;949;775;114586;44080;20.1;7.7
80;2021-04-20;1612;802;116198;44882;20.4;7.9
80;2021-04-21;1612;991;117810;45873;20.7;8.1
80;2021-04-22;2159;1245;119969;47118;21.1;8.3
80;2021-04-23;2629;1236;122598;48354;21.5;8.5
80;2021-04-24;1358;1187;123956;49541;21.8;8.7
80;2021-04-25;208;529;124164;50070;21.8;8.8
80;2021-04-26;1295;1441;125459;51511;22.0;9.0
80;2021-04-27;2020;1396;127479;52907;22.4;9.3
80;2021-04-28;2199;1394;129678;54301;22.8;9.5
80;2021-04-29;3216;1871;132894;56172;23.3;9.9
80;2021-04-30;3077;2845;135971;59017;23.9;10.4
80;2021-05-01;987;653;136958;59670;24.0;10.5
80;2021-05-02;370;52;137328;59722;24.1;10.5
80;2021-05-03;2719;1174;140047;60896;24.6;10.7
80;2021-05-04;2499;1707;142546;62603;25.0;11.0
80;2021-05-05;3361;1840;145907;64443;25.6;11.3
80;2021-05-06;3177;2495;149084;66938;26.2;11.7
80;2021-05-07;3453;2685;152537;69623;26.8;12.2
80;2021-05-08;2781;915;155318;70538;27.3;12.4
80;2021-05-09;1407;255;156725;70793;27.5;12.4
80;2021-05-10;1881;1825;158606;72618;27.8;12.7
80;2021-05-11;3272;1779;161878;74397;28.4;13.1
80;2021-05-12;4696;1551;166574;75948;29.2;13.3
80;2021-05-13;3835;351;170409;76299;29.9;13.4
80;2021-05-14;5187;1395;175596;77694;30.8;13.6
80;2021-05-15;5918;1044;181514;78738;31.9;13.8
80;2021-05-16;2677;301;184191;79039;32.3;13.9
80;2021-05-17;2369;816;186560;79855;32.7;14.0
80;2021-05-18;3946;844;190506;80699;33.4;14.2
80;2021-05-19;4014;937;194520;81636;34.1;14.3
80;2021-05-20;4565;1208;199085;82844;34.9;14.5
80;2021-05-21;4891;1664;203976;84508;35.8;14.8
80;2021-05-22;5031;1146;209007;85654;36.7;15.0
80;2021-05-23;1784;237;210791;85891;37.0;15.1
80;2021-05-24;1466;157;212257;86048;37.3;15.1
80;2021-05-25;2622;1135;214879;87183;37.7;15.3
80;2021-05-26;4245;1693;219124;88876;38.5;15.6
80;2021-05-27;3976;2466;223100;91342;39.2;16.0
80;2021-05-28;3864;2975;226964;94317;39.8;16.6
80;2021-05-29;3694;1618;230658;95935;40.5;16.8
80;2021-05-30;1180;198;231838;96133;40.7;16.9
80;2021-05-31;2600;1375;234438;97508;41.1;17.1
80;2021-06-01;4027;2426;238465;99934;41.9;17.5
80;2021-06-02;3333;2000;241798;101934;42.4;17.9
80;2021-06-03;4264;2923;246062;104857;43.2;18.4
80;2021-06-04;4791;3073;250853;107930;44.0;18.9
80;2021-06-05;3555;2076;254408;110006;44.7;19.3
80;2021-06-06;801;209;255209;110215;44.8;19.3
80;2021-06-07;1744;1940;256953;112155;45.1;19.7
80;2021-06-08;2740;2551;259693;114706;45.6;20.1
80;2021-06-09;3002;2720;262695;117426;46.1;20.6
80;2021-06-10;3158;3158;265853;120584;46.7;21.2
80;2021-06-11;3213;3882;269066;124466;47.2;21.8
80;2021-06-12;3033;2325;272099;126791;47.8;22.3
80;2021-06-13;471;405;272570;127196;47.8;22.3
80;2021-06-14;1256;2850;273826;130046;48.1;22.8
80;2021-06-15;2300;3423;276126;133469;48.5;23.4
80;2021-06-16;1561;4216;277687;137685;48.7;24.2
80;2021-06-17;2353;3620;280040;141305;49.1;24.8
80;2021-06-18;2542;3893;282582;145198;49.6;25.5
80;2021-06-19;2967;4344;285549;149542;50.1;26.2
80;2021-06-20;200;1080;285749;150622;50.2;26.4
80;2021-06-21;1003;2618;286752;153240;50.3;26.9
80;2021-06-22;1139;3939;287891;157179;50.5;27.6
80;2021-06-23;1840;5293;289731;162472;50.9;28.5
80;2021-06-24;1686;4692;291417;167164;51.1;29.3
80;2021-06-25;1372;6136;292789;173300;51.4;30.4
80;2021-06-26;1922;6189;294711;179489;51.7;31.5
80;2021-06-27;324;2030;295035;181519;51.8;31.9
80;2021-06-28;900;3179;295935;184698;51.9;32.4
80;2021-06-29;1904;4627;297839;189325;52.3;33.2
80;2021-06-30;1220;4785;299059;194110;52.5;34.1
80;2021-07-01;1530;5003;300589;199113;52.8;34.9
80;2021-07-02;1845;5987;302434;205100;53.1;36.0
80;2021-07-03;1285;5280;303719;210380;53.3;36.9
80;2021-07-04;686;1471;304405;211851;53.4;37.2
80;2021-07-05;865;2953;305270;214804;53.6;37.7
80;2021-07-06;1839;3986;307109;218790;53.9;38.4
80;2021-07-07;1535;4505;308644;223295;54.2;39.2
80;2021-07-08;2066;5002;310710;228297;54.5;40.1
80;2021-07-09;2584;5460;313294;233757;55.0;41.0
80;2021-07-10;1592;3985;314886;237742;55.3;41.7
80;2021-07-11;397;794;315283;238536;55.3;41.9
80;2021-07-12;860;3381;316143;241917;55.5;42.5
80;2021-07-13;2044;5081;318187;246998;55.8;43.4
80;2021-07-14;2772;1729;320959;248727;56.3;43.7
80;2021-07-15;2758;5291;323717;254018;56.8;44.6
80;2021-07-16;3863;5866;327580;259884;57.5;45.6
80;2021-07-17;3355;4447;330935;264331;58.1;46.4
80;2021-07-18;872;882;331807;265213;58.2;46.5
80;2021-07-19;2145;2869;333952;268082;58.6;47.1
80;2021-07-20;3299;4883;337251;272965;59.2;47.9
80;2021-07-21;3461;4474;340712;277439;59.8;48.7
81;2020-12-27;0;0;0;0;0.0;0.0
81;2020-12-28;0;0;0;0;0.0;0.0
81;2020-12-29;0;0;0;0;0.0;0.0
81;2020-12-30;0;0;0;0;0.0;0.0
81;2020-12-31;0;0;0;0;0.0;0.0
81;2021-01-01;0;0;0;0;0.0;0.0
81;2021-01-02;0;0;0;0;0.0;0.0
81;2021-01-03;0;0;0;0;0.0;0.0
81;2021-01-04;1;0;1;0;0.0;0.0
81;2021-01-05;0;0;1;0;0.0;0.0
81;2021-01-06;5;0;6;0;0.0;0.0
81;2021-01-07;266;0;272;0;0.1;0.0
81;2021-01-08;312;1;584;1;0.2;0.0
81;2021-01-09;74;1;658;2;0.2;0.0
81;2021-01-10;1;0;659;2;0.2;0.0
81;2021-01-11;133;0;792;2;0.2;0.0
81;2021-01-12;166;0;958;2;0.2;0.0
81;2021-01-13;233;1;1191;3;0.3;0.0
81;2021-01-14;958;7;2149;10;0.6;0.0
81;2021-01-15;524;1;2673;11;0.7;0.0
81;2021-01-16;73;0;2746;11;0.7;0.0
81;2021-01-17;0;0;2746;11;0.7;0.0
81;2021-01-18;579;2;3325;13;0.9;0.0
81;2021-01-19;663;4;3988;17;1.0;0.0
81;2021-01-20;751;1;4739;18;1.2;0.0
81;2021-01-21;1174;3;5913;21;1.5;0.0
81;2021-01-22;852;2;6765;23;1.7;0.0
81;2021-01-23;221;1;6986;24;1.8;0.0
81;2021-01-24;102;0;7088;24;1.8;0.0
81;2021-01-25;565;3;7653;27;2.0;0.0
81;2021-01-26;634;5;8287;32;2.1;0.0
81;2021-01-27;551;4;8838;36;2.3;0.0
81;2021-01-28;685;215;9523;251;2.5;0.1
81;2021-01-29;299;184;9822;435;2.5;0.1
81;2021-01-30;202;38;10024;473;2.6;0.1
81;2021-01-31;104;1;10128;474;2.6;0.1
81;2021-02-01;320;130;10448;604;2.7;0.2
81;2021-02-02;445;142;10893;746;2.8;0.2
81;2021-02-03;476;223;11369;969;2.9;0.2
81;2021-02-04;1392;690;12761;1659;3.3;0.4
81;2021-02-05;867;314;13628;1973;3.5;0.5
81;2021-02-06;274;20;13902;1993;3.6;0.5
81;2021-02-07;103;0;14005;1993;3.6;0.5
81;2021-02-08;274;219;14279;2212;3.7;0.6
81;2021-02-09;418;220;14697;2432;3.8;0.6
81;2021-02-10;371;283;15068;2715;3.9;0.7
81;2021-02-11;649;388;15717;3103;4.1;0.8
81;2021-02-12;576;547;16293;3650;4.2;0.9
81;2021-02-13;187;159;16480;3809;4.2;1.0
81;2021-02-14;100;1;16580;3810;4.3;1.0
81;2021-02-15;234;485;16814;4295;4.3;1.1
81;2021-02-16;281;617;17095;4912;4.4;1.3
81;2021-02-17;241;522;17336;5434;4.5;1.4
81;2021-02-18;483;675;17819;6109;4.6;1.6
81;2021-02-19;564;408;18383;6517;4.7;1.7
81;2021-02-20;322;280;18705;6797;4.8;1.8
81;2021-02-21;22;80;18727;6877;4.8;1.8
81;2021-02-22;232;536;18959;7413;4.9;1.9
81;2021-02-23;168;594;19127;8007;4.9;2.1
81;2021-02-24;291;631;19418;8638;5.0;2.2
81;2021-02-25;704;1054;20122;9692;5.2;2.5
81;2021-02-26;908;955;21030;10647;5.4;2.7
81;2021-02-27;274;240;21304;10887;5.5;2.8
81;2021-02-28;21;89;21325;10976;5.5;2.8
81;2021-03-01;207;410;21532;11386;5.6;2.9
81;2021-03-02;362;541;21894;11927;5.6;3.1
81;2021-03-03;464;422;22358;12349;5.8;3.2
81;2021-03-04;1061;456;23419;12805;6.0;3.3
81;2021-03-05;1405;384;24824;13189;6.4;3.4
81;2021-03-06;980;163;25804;13352;6.7;3.4
81;2021-03-07;154;101;25958;13453;6.7;3.5
81;2021-03-08;465;357;26423;13810;6.8;3.6
81;2021-03-09;808;386;27231;14196;7.0;3.7
81;2021-03-10;897;387;28128;14583;7.3;3.8
81;2021-03-11;1347;353;29475;14936;7.6;3.9
81;2021-03-12;1688;292;31163;15228;8.0;3.9
81;2021-03-13;1030;187;32193;15415;8.3;4.0
81;2021-03-14;64;82;32257;15497;8.3;4.0
81;2021-03-15;1094;209;33351;15706;8.6;4.0
81;2021-03-16;724;226;34075;15932;8.8;4.1
81;2021-03-17;888;269;34963;16201;9.0;4.2
81;2021-03-18;966;577;35929;16778;9.3;4.3
81;2021-03-19;1270;451;37199;17229;9.6;4.4
81;2021-03-20;676;276;37875;17505;9.8;4.5
81;2021-03-21;139;22;38014;17527;9.8;4.5
81;2021-03-22;932;282;38946;17809;10.0;4.6
81;2021-03-23;1418;220;40364;18029;10.4;4.6
81;2021-03-24;1598;270;41962;18299;10.8;4.7
81;2021-03-25;2028;320;43990;18619;11.3;4.8
81;2021-03-26;2098;272;46088;18891;11.9;4.9
81;2021-03-27;1092;34;47180;18925;12.2;4.9
81;2021-03-28;733;39;47913;18964;12.4;4.9
81;2021-03-29;2862;175;50775;19139;13.1;4.9
81;2021-03-30;3053;199;53828;19338;13.9;5.0
81;2021-03-31;2690;287;56518;19625;14.6;5.1
81;2021-04-01;3312;545;59830;20170;15.4;5.2
81;2021-04-02;2613;358;62443;20528;16.1;5.3
81;2021-04-03;1146;298;63589;20826;16.4;5.4
81;2021-04-04;1401;17;64990;20843;16.8;5.4
81;2021-04-05;717;17;65707;20860;16.9;5.4
81;2021-04-06;1590;505;67297;21365;17.3;5.5
81;2021-04-07;1814;577;69111;21942;17.8;5.7
81;2021-04-08;2613;823;71724;22765;18.5;5.9
81;2021-04-09;3048;458;74772;23223;19.3;6.0
81;2021-04-10;1476;500;76248;23723;19.7;6.1
81;2021-04-11;1297;55;77545;23778;20.0;6.1
81;2021-04-12;1217;683;78762;24461;20.3;6.3
81;2021-04-13;2531;771;81293;25232;21.0;6.5
81;2021-04-14;2502;816;83795;26048;21.6;6.7
81;2021-04-15;3095;1185;86890;27233;22.4;7.0
81;2021-04-16;2818;1071;89708;28304;23.1;7.3
81;2021-04-17;1145;288;90853;28592;23.4;7.4
81;2021-04-18;518;144;91371;28736;23.6;7.4
81;2021-04-19;912;817;92283;29553;23.8;7.6
81;2021-04-20;2270;1163;94553;30716;24.4;7.9
81;2021-04-21;2224;997;96777;31713;24.9;8.2
81;2021-04-22;2817;1054;99594;32767;25.7;8.4
81;2021-04-23;2877;963;102471;33730;26.4;8.7
81;2021-04-24;1325;742;103796;34472;26.8;8.9
81;2021-04-25;454;717;104250;35189;26.9;9.1
81;2021-04-26;1060;2425;105310;37614;27.1;9.7
81;2021-04-27;1597;2350;106907;39964;27.6;10.3
81;2021-04-28;1417;2390;108324;42354;27.9;10.9
81;2021-04-29;1814;2747;110138;45101;28.4;11.6
81;2021-04-30;2012;2347;112150;47448;28.9;12.2
81;2021-05-01;361;684;112511;48132;29.0;12.4
81;2021-05-02;291;1381;112802;49513;29.1;12.8
81;2021-05-03;1115;1168;113917;50681;29.4;13.1
81;2021-05-04;2620;1903;116537;52584;30.0;13.6
81;2021-05-05;2014;1929;118551;54513;30.6;14.1
81;2021-05-06;2738;3409;121289;57922;31.3;14.9
81;2021-05-07;2111;2853;123400;60775;31.8;15.7
81;2021-05-08;962;876;124362;61651;32.1;15.9
81;2021-05-09;534;1353;124896;63004;32.2;16.2
81;2021-05-10;823;1602;125719;64606;32.4;16.7
81;2021-05-11;1660;2575;127379;67181;32.8;17.3
81;2021-05-12;1633;2455;129012;69636;33.3;18.0
81;2021-05-13;1216;565;130228;70201;33.6;18.1
81;2021-05-14;1890;1722;132118;71923;34.1;18.5
81;2021-05-15;1510;618;133628;72541;34.4;18.7
81;2021-05-16;1368;415;134996;72956;34.8;18.8
81;2021-05-17;1166;861;136162;73817;35.1;19.0
81;2021-05-18;1697;1431;137859;75248;35.5;19.4
81;2021-05-19;2642;1243;140501;76491;36.2;19.7
81;2021-05-20;2966;1344;143467;77835;37.0;20.1
81;2021-05-21;2737;1115;146204;78950;37.7;20.4
81;2021-05-22;2816;518;149020;79468;38.4;20.5
81;2021-05-23;1179;74;150199;79542;38.7;20.5
81;2021-05-24;835;79;151034;79621;38.9;20.5
81;2021-05-25;2492;1104;153526;80725;39.6;20.8
81;2021-05-26;1890;793;155416;81518;40.1;21.0
81;2021-05-27;2555;1531;157971;83049;40.7;21.4
81;2021-05-28;2562;1663;160533;84712;41.4;21.8
81;2021-05-29;1401;539;161934;85251;41.7;22.0
81;2021-05-30;932;220;162866;85471;42.0;22.0
81;2021-05-31;1183;1337;164049;86808;42.3;22.4
81;2021-06-01;1778;2699;165827;89507;42.8;23.1
81;2021-06-02;1990;2442;167817;91949;43.3;23.7
81;2021-06-03;2001;2532;169818;94481;43.8;24.4
81;2021-06-04;1845;2950;171663;97431;44.3;25.1
81;2021-06-05;1754;1306;173417;98737;44.7;25.5
81;2021-06-06;370;366;173787;99103;44.8;25.5
81;2021-06-07;1208;1537;174995;100640;45.1;25.9
81;2021-06-08;2361;2386;177356;103026;45.7;26.6
81;2021-06-09;2439;1864;179795;104890;46.4;27.0
81;2021-06-10;1277;1565;181072;106455;46.7;27.4
81;2021-06-11;2649;2197;183721;108652;47.4;28.0
81;2021-06-12;1657;1035;185378;109687;47.8;28.3
81;2021-06-13;442;475;185820;110162;47.9;28.4
81;2021-06-14;771;1420;186591;111582;48.1;28.8
81;2021-06-15;1672;3503;188263;115085;48.5;29.7
81;2021-06-16;1264;3011;189527;118096;48.9;30.4
81;2021-06-17;1336;2521;190863;120617;49.2;31.1
81;2021-06-18;1829;2760;192692;123377;49.7;31.8
81;2021-06-19;824;946;193516;124323;49.9;32.1
81;2021-06-20;405;537;193921;124860;50.0;32.2
81;2021-06-21;422;1035;194343;125895;50.1;32.5
81;2021-06-22;1056;2565;195399;128460;50.4;33.1
81;2021-06-23;1127;2152;196526;130612;50.7;33.7
81;2021-06-24;1105;1941;197631;132553;50.9;34.2
81;2021-06-25;1214;2866;198845;135419;51.3;34.9
81;2021-06-26;721;1706;199566;137125;51.4;35.4
81;2021-06-27;525;1651;200091;138776;51.6;35.8
81;2021-06-28;471;1544;200562;140320;51.7;36.2
81;2021-06-29;1066;2633;201628;142953;52.0;36.9
81;2021-06-30;1032;3157;202660;146110;52.2;37.7
81;2021-07-01;870;2626;203530;148736;52.5;38.3
81;2021-07-02;987;2857;204517;151593;52.7;39.1
81;2021-07-03;724;2820;205241;154413;52.9;39.8
81;2021-07-04;267;1011;205508;155424;53.0;40.1
81;2021-07-05;683;1617;206191;157041;53.2;40.5
81;2021-07-06;967;3174;207158;160215;53.4;41.3
81;2021-07-07;1054;2438;208212;162653;53.7;41.9
81;2021-07-08;1025;2231;209237;164884;53.9;42.5
81;2021-07-09;1143;2697;210380;167581;54.2;43.2
81;2021-07-10;802;1522;211182;169103;54.4;43.6
81;2021-07-11;434;1012;211616;170115;54.6;43.9
81;2021-07-12;722;1725;212338;171840;54.7;44.3
81;2021-07-13;2050;3135;214388;174975;55.3;45.1
81;2021-07-14;1437;1557;215825;176532;55.6;45.5
81;2021-07-15;2527;2750;218352;179282;56.3;46.2
81;2021-07-16;2016;3014;220368;182296;56.8;47.0
81;2021-07-17;1214;2452;221582;184748;57.1;47.6
81;2021-07-18;669;1123;222251;185871;57.3;47.9
81;2021-07-19;1149;1725;223400;187596;57.6;48.4
81;2021-07-20;3036;2780;226436;190376;58.4;49.1
81;2021-07-21;3455;2314;229891;192690;59.3;49.7
82;2020-12-27;0;0;0;0;0.0;0.0
82;2020-12-28;1;0;1;0;0.0;0.0
82;2020-12-29;0;0;1;0;0.0;0.0
82;2020-12-30;0;0;1;0;0.0;0.0
82;2020-12-31;0;0;1;0;0.0;0.0
82;2021-01-01;0;0;1;0;0.0;0.0
82;2021-01-02;0;0;1;0;0.0;0.0
82;2021-01-03;0;0;1;0;0.0;0.0
82;2021-01-04;0;0;1;0;0.0;0.0
82;2021-01-05;86;0;87;0;0.0;0.0
82;2021-01-06;1;0;88;0;0.0;0.0
82;2021-01-07;75;0;163;0;0.1;0.0
82;2021-01-08;46;0;209;0;0.1;0.0
82;2021-01-09;77;0;286;0;0.1;0.0
82;2021-01-10;0;0;286;0;0.1;0.0
82;2021-01-11;94;0;380;0;0.1;0.0
82;2021-01-12;284;0;664;0;0.3;0.0
82;2021-01-13;336;1;1000;1;0.4;0.0
82;2021-01-14;441;4;1441;5;0.5;0.0
82;2021-01-15;613;2;2054;7;0.8;0.0
82;2021-01-16;228;3;2282;10;0.9;0.0
82;2021-01-17;89;0;2371;10;0.9;0.0
82;2021-01-18;433;2;2804;12;1.1;0.0
82;2021-01-19;479;1;3283;13;1.3;0.0
82;2021-01-20;663;1;3946;14;1.5;0.0
82;2021-01-21;446;1;4392;15;1.7;0.0
82;2021-01-22;482;2;4874;17;1.9;0.0
82;2021-01-23;151;0;5025;17;1.9;0.0
82;2021-01-24;0;0;5025;17;1.9;0.0
82;2021-01-25;376;0;5401;17;2.1;0.0
82;2021-01-26;468;0;5869;17;2.2;0.0
82;2021-01-27;519;1;6388;18;2.4;0.0
82;2021-01-28;585;34;6973;52;2.7;0.0
82;2021-01-29;405;108;7378;160;2.8;0.1
82;2021-01-30;44;22;7422;182;2.8;0.1
82;2021-01-31;0;0;7422;182;2.8;0.1
82;2021-02-01;292;55;7714;237;2.9;0.1
82;2021-02-02;344;100;8058;337;3.1;0.1
82;2021-02-03;462;66;8520;403;3.2;0.2
82;2021-02-04;763;219;9283;622;3.5;0.2
82;2021-02-05;478;147;9761;769;3.7;0.3
82;2021-02-06;93;39;9854;808;3.8;0.3
82;2021-02-07;29;79;9883;887;3.8;0.3
82;2021-02-08;148;227;10031;1114;3.8;0.4
82;2021-02-09;238;393;10269;1507;3.9;0.6
82;2021-02-10;271;602;10540;2109;4.0;0.8
82;2021-02-11;224;402;10764;2511;4.1;1.0
82;2021-02-12;190;611;10954;3122;4.2;1.2
82;2021-02-13;59;118;11013;3240;4.2;1.2
82;2021-02-14;4;81;11017;3321;4.2;1.3
82;2021-02-15;217;306;11234;3627;4.3;1.4
82;2021-02-16;280;392;11514;4019;4.4;1.5
82;2021-02-17;356;519;11870;4538;4.5;1.7
82;2021-02-18;507;511;12377;5049;4.7;1.9
82;2021-02-19;489;542;12866;5591;4.9;2.1
82;2021-02-20;78;139;12944;5730;4.9;2.2
82;2021-02-21;0;0;12944;5730;4.9;2.2
82;2021-02-22;198;407;13142;6137;5.0;2.3
82;2021-02-23;274;469;13416;6606;5.1;2.5
82;2021-02-24;281;458;13697;7064;5.2;2.7
82;2021-02-25;637;509;14334;7573;5.5;2.9
82;2021-02-26;648;375;14982;7948;5.7;3.0
82;2021-02-27;214;72;15196;8020;5.8;3.1
82;2021-02-28;30;7;15226;8027;5.8;3.1
82;2021-03-01;291;227;15517;8254;5.9;3.1
82;2021-03-02;495;402;16012;8656;6.1;3.3
82;2021-03-03;439;386;16451;9042;6.3;3.4
82;2021-03-04;600;300;17051;9342;6.5;3.6
82;2021-03-05;680;380;17731;9722;6.8;3.7
82;2021-03-06;687;39;18418;9761;7.0;3.7
82;2021-03-07;300;3;18718;9764;7.1;3.7
82;2021-03-08;603;155;19321;9919;7.4;3.8
82;2021-03-09;582;257;19903;10176;7.6;3.9
82;2021-03-10;778;245;20681;10421;7.9;4.0
82;2021-03-11;970;280;21651;10701;8.2;4.1
82;2021-03-12;992;103;22643;10804;8.6;4.1
82;2021-03-13;564;52;23207;10856;8.8;4.1
82;2021-03-14;61;5;23268;10861;8.9;4.1
82;2021-03-15;485;325;23753;11186;9.0;4.3
82;2021-03-16;195;334;23948;11520;9.1;4.4
82;2021-03-17;191;296;24139;11816;9.2;4.5
82;2021-03-18;279;350;24418;12166;9.3;4.6
82;2021-03-19;533;312;24951;12478;9.5;4.8
82;2021-03-20;252;58;25203;12536;9.6;4.8
82;2021-03-21;23;0;25226;12536;9.6;4.8
82;2021-03-22;405;316;25631;12852;9.8;4.9
82;2021-03-23;602;311;26233;13163;10.0;5.0
82;2021-03-24;619;334;26852;13497;10.2;5.1
82;2021-03-25;926;244;27778;13741;10.6;5.2
82;2021-03-26;1211;266;28989;14007;11.0;5.3
82;2021-03-27;478;78;29467;14085;11.2;5.4
82;2021-03-28;136;1;29603;14086;11.3;5.4
82;2021-03-29;923;377;30526;14463;11.6;5.5
82;2021-03-30;1186;274;31712;14737;12.1;5.6
82;2021-03-31;1018;258;32730;14995;12.5;5.7
82;2021-04-01;1072;194;33802;15189;12.9;5.8
82;2021-04-02;1210;284;35012;15473;13.3;5.9
82;2021-04-03;715;129;35727;15602;13.6;5.9
82;2021-04-04;275;12;36002;15614;13.7;5.9
82;2021-04-05;388;19;36390;15633;13.9;6.0
82;2021-04-06;950;511;37340;16144;14.2;6.1
82;2021-04-07;1017;494;38357;16638;14.6;6.3
82;2021-04-08;1454;410;39811;17048;15.2;6.5
82;2021-04-09;1655;469;41466;17517;15.8;6.7
82;2021-04-10;1710;98;43176;17615;16.4;6.7
82;2021-04-11;559;17;43735;17632;16.7;6.7
82;2021-04-12;1347;290;45082;17922;17.2;6.8
82;2021-04-13;1624;265;46706;18187;17.8;6.9
82;2021-04-14;1406;294;48112;18481;18.3;7.0
82;2021-04-15;1778;319;49890;18800;19.0;7.2
82;2021-04-16;1540;329;51430;19129;19.6;7.3
82;2021-04-17;1243;69;52673;19198;20.1;7.3
82;2021-04-18;560;13;53233;19211;20.3;7.3
82;2021-04-19;959;359;54192;19570;20.6;7.5
82;2021-04-20;1267;400;55459;19970;21.1;7.6
82;2021-04-21;1218;375;56677;20345;21.6;7.7
82;2021-04-22;1447;293;58124;20638;22.1;7.9
82;2021-04-23;1077;680;59201;21318;22.5;8.1
82;2021-04-24;1185;262;60386;21580;23.0;8.2
82;2021-04-25;736;47;61122;21627;23.3;8.2
82;2021-04-26;748;808;61870;22435;23.6;8.5
82;2021-04-27;905;925;62775;23360;23.9;8.9
82;2021-04-28;921;868;63696;24228;24.3;9.2
82;2021-04-29;1105;904;64801;25132;24.7;9.6
82;2021-04-30;1039;888;65840;26020;25.1;9.9
82;2021-05-01;1140;257;66980;26277;25.5;10.0
82;2021-05-02;697;143;67677;26420;25.8;10.1
82;2021-05-03;410;1215;68087;27635;25.9;10.5
82;2021-05-04;863;1168;68950;28803;26.3;11.0
82;2021-05-05;568;1172;69518;29975;26.5;11.4
82;2021-05-06;851;1417;70369;31392;26.8;12.0
82;2021-05-07;733;1452;71102;32844;27.1;12.5
82;2021-05-08;933;519;72035;33363;27.4;12.7
82;2021-05-09;754;580;72789;33943;27.7;12.9
82;2021-05-10;850;1365;73639;35308;28.0;13.4
82;2021-05-11;1158;1349;74797;36657;28.5;14.0
82;2021-05-12;1013;1345;75810;38002;28.9;14.5
82;2021-05-13;1455;429;77265;38431;29.4;14.6
82;2021-05-14;1690;1237;78955;39668;30.1;15.1
82;2021-05-15;1934;690;80889;40358;30.8;15.4
82;2021-05-16;557;115;81446;40473;31.0;15.4
82;2021-05-17;1090;1172;82536;41645;31.4;15.9
82;2021-05-18;1464;1186;84000;42831;32.0;16.3
82;2021-05-19;1267;979;85267;43810;32.5;16.7
82;2021-05-20;1407;1156;86674;44966;33.0;17.1
82;2021-05-21;1411;1213;88085;46179;33.5;17.6
82;2021-05-22;2070;631;90155;46810;34.3;17.8
82;2021-05-23;703;117;90858;46927;34.6;17.9
82;2021-05-24;1441;262;92299;47189;35.1;18.0
82;2021-05-25;1443;963;93742;48152;35.7;18.3
82;2021-05-26;1412;921;95154;49073;36.2;18.7
82;2021-05-27;1461;1027;96615;50100;36.8;19.1
82;2021-05-28;1538;1145;98153;51245;37.4;19.5
82;2021-05-29;1496;546;99649;51791;37.9;19.7
82;2021-05-30;403;101;100052;51892;38.1;19.8
82;2021-05-31;1489;990;101541;52882;38.7;20.1
82;2021-06-01;1749;1050;103290;53932;39.3;20.5
82;2021-06-02;1473;1004;104763;54936;39.9;20.9
82;2021-06-03;1490;1179;106253;56115;40.5;21.4
82;2021-06-04;2248;1305;108501;57420;41.3;21.9
82;2021-06-05;2270;984;110771;58404;42.2;22.2
82;2021-06-06;327;134;111098;58538;42.3;22.3
82;2021-06-07;957;1276;112055;59814;42.7;22.8
82;2021-06-08;1447;1138;113502;60952;43.2;23.2
82;2021-06-09;1708;1139;115210;62091;43.9;23.6
82;2021-06-10;1435;1209;116645;63300;44.4;24.1
82;2021-06-11;1920;1122;118565;64422;45.1;24.5
82;2021-06-12;2393;1400;120958;65822;46.1;25.1
82;2021-06-13;377;113;121335;65935;46.2;25.1
82;2021-06-14;1208;1081;122543;67016;46.7;25.5
82;2021-06-15;1458;1243;124001;68259;47.2;26.0
82;2021-06-16;1750;1164;125751;69423;47.9;26.4
82;2021-06-17;1216;1472;126967;70895;48.3;27.0
82;2021-06-18;1469;1440;128436;72335;48.9;27.5
82;2021-06-19;2270;973;130706;73308;49.8;27.9
82;2021-06-20;268;174;130974;73482;49.9;28.0
82;2021-06-21;484;1363;131458;74845;50.1;28.5
82;2021-06-22;889;1708;132347;76553;50.4;29.1
82;2021-06-23;1232;1587;133579;78140;50.9;29.8
82;2021-06-24;751;1901;134330;80041;51.2;30.5
82;2021-06-25;738;1940;135068;81981;51.4;31.2
82;2021-06-26;1238;2150;136306;84131;51.9;32.0
82;2021-06-27;195;438;136501;84569;52.0;32.2
82;2021-06-28;330;1412;136831;85981;52.1;32.7
82;2021-06-29;514;1844;137345;87825;52.3;33.4
82;2021-06-30;941;1905;138286;89730;52.7;34.2
82;2021-07-01;648;1634;138934;91364;52.9;34.8
82;2021-07-02;928;2317;139862;93681;53.3;35.7
82;2021-07-03;858;2333;140720;96014;53.6;36.6
82;2021-07-04;117;436;140837;96450;53.6;36.7
82;2021-07-05;436;1564;141273;98014;53.8;37.3
82;2021-07-06;509;1868;141782;99882;54.0;38.0
82;2021-07-07;783;1769;142565;101651;54.3;38.7
82;2021-07-08;502;1498;143067;103149;54.5;39.3
82;2021-07-09;779;2153;143846;105302;54.8;40.1
82;2021-07-10;703;2218;144549;107520;55.0;40.9
82;2021-07-11;38;382;144587;107902;55.1;41.1
82;2021-07-12;576;1880;145163;109782;55.3;41.8
82;2021-07-13;707;2002;145870;111784;55.5;42.6
82;2021-07-14;615;739;146485;112523;55.8;42.8
82;2021-07-15;842;1748;147327;114271;56.1;43.5
82;2021-07-16;1433;2626;148760;116897;56.6;44.5
82;2021-07-17;557;2187;149317;119084;56.9;45.3
82;2021-07-18;14;41;149331;119125;56.9;45.4
82;2021-07-19;726;2067;150057;121192;57.1;46.1
82;2021-07-20;914;1880;150971;123072;57.5;46.9
82;2021-07-21;1273;1741;152244;124813;58.0;47.5
83;2020-12-27;1;0;1;0;0.0;0.0
83;2020-12-28;0;0;1;0;0.0;0.0
83;2020-12-29;0;0;1;0;0.0;0.0
83;2020-12-30;0;0;1;0;0.0;0.0
83;2020-12-31;0;0;1;0;0.0;0.0
83;2021-01-01;1;0;2;0;0.0;0.0
83;2021-01-02;0;0;2;0;0.0;0.0
83;2021-01-03;0;0;2;0;0.0;0.0
83;2021-01-04;0;0;2;0;0.0;0.0
83;2021-01-05;2;0;4;0;0.0;0.0
83;2021-01-06;69;0;73;0;0.0;0.0
83;2021-01-07;324;1;397;1;0.0;0.0
83;2021-01-08;410;1;807;2;0.1;0.0
83;2021-01-09;48;0;855;2;0.1;0.0
83;2021-01-10;1;0;856;2;0.1;0.0
83;2021-01-11;474;0;1330;2;0.1;0.0
83;2021-01-12;975;1;2305;3;0.2;0.0
83;2021-01-13;961;8;3266;11;0.3;0.0
83;2021-01-14;832;6;4098;17;0.4;0.0
83;2021-01-15;702;0;4800;17;0.4;0.0
83;2021-01-16;41;0;4841;17;0.5;0.0
83;2021-01-17;1;0;4842;17;0.5;0.0
83;2021-01-18;1216;4;6058;21;0.6;0.0
83;2021-01-19;2012;6;8070;27;0.8;0.0
83;2021-01-20;1655;9;9725;36;0.9;0.0
83;2021-01-21;2095;6;11820;42;1.1;0.0
83;2021-01-22;1649;5;13469;47;1.3;0.0
83;2021-01-23;242;0;13711;47;1.3;0.0
83;2021-01-24;21;1;13732;48;1.3;0.0
83;2021-01-25;1549;5;15281;53;1.4;0.0
83;2021-01-26;1745;14;17026;67;1.6;0.0
83;2021-01-27;2152;78;19178;145;1.8;0.0
83;2021-01-28;5071;355;24249;500;2.3;0.0
83;2021-01-29;2945;351;27194;851;2.5;0.1
83;2021-01-30;233;45;27427;896;2.6;0.1
83;2021-01-31;46;0;27473;896;2.6;0.1
83;2021-02-01;1276;423;28749;1319;2.7;0.1
83;2021-02-02;1426;729;30175;2048;2.8;0.2
83;2021-02-03;1519;638;31694;2686;3.0;0.3
83;2021-02-04;1482;749;33176;3435;3.1;0.3
83;2021-02-05;1217;684;34393;4119;3.2;0.4
83;2021-02-06;20;14;34413;4133;3.2;0.4
83;2021-02-07;1;0;34414;4133;3.2;0.4
83;2021-02-08;1084;632;35498;4765;3.3;0.4
83;2021-02-09;1323;913;36821;5678;3.4;0.5
83;2021-02-10;1525;817;38346;6495;3.6;0.6
83;2021-02-11;1599;1030;39945;7525;3.7;0.7
83;2021-02-12;1344;851;41289;8376;3.8;0.8
83;2021-02-13;52;25;41341;8401;3.8;0.8
83;2021-02-14;0;0;41341;8401;3.8;0.8
83;2021-02-15;666;1062;42007;9463;3.9;0.9
83;2021-02-16;540;1377;42547;10840;4.0;1.0
83;2021-02-17;803;1850;43350;12690;4.0;1.2
83;2021-02-18;1618;3875;44968;16565;4.2;1.5
83;2021-02-19;1470;2375;46438;18940;4.3;1.8
83;2021-02-20;58;170;46496;19110;4.3;1.8
83;2021-02-21;22;35;46518;19145;4.3;1.8
83;2021-02-22;499;1759;47017;20904;4.4;1.9
83;2021-02-23;667;1447;47684;22351;4.4;2.1
83;2021-02-24;717;1491;48401;23842;4.5;2.2
83;2021-02-25;1243;1419;49644;25261;4.6;2.4
83;2021-02-26;1296;1259;50940;26520;4.7;2.5
83;2021-02-27;550;55;51490;26575;4.8;2.5
83;2021-02-28;8;13;51498;26588;4.8;2.5
83;2021-03-01;803;1247;52301;27835;4.9;2.6
83;2021-03-02;983;1309;53284;29144;5.0;2.7
83;2021-03-03;1423;1532;54707;30676;5.1;2.9
83;2021-03-04;1870;1373;56577;32049;5.3;3.0
83;2021-03-05;2209;1230;58786;33279;5.5;3.1
83;2021-03-06;2995;101;61781;33380;5.8;3.1
83;2021-03-07;2223;23;64004;33403;6.0;3.1
83;2021-03-08;843;1318;64847;34721;6.0;3.2
83;2021-03-09;1924;1219;66771;35940;6.2;3.3
83;2021-03-10;2361;1349;69132;37289;6.4;3.5
83;2021-03-11;3657;2207;72789;39496;6.8;3.7
83;2021-03-12;3635;1499;76424;40995;7.1;3.8
83;2021-03-13;4582;162;81006;41157;7.5;3.8
83;2021-03-14;2322;40;83328;41197;7.8;3.8
83;2021-03-15;3331;679;86659;41876;8.1;3.9
83;2021-03-16;2592;677;89251;42553;8.3;4.0
83;2021-03-17;2838;758;92089;43311;8.6;4.0
83;2021-03-18;3546;787;95635;44098;8.9;4.1
83;2021-03-19;4163;592;99798;44690;9.3;4.2
83;2021-03-20;3466;56;103264;44746;9.6;4.2
83;2021-03-21;2007;26;105271;44772;9.8;4.2
83;2021-03-22;3954;883;109225;45655;10.2;4.3
83;2021-03-23;4731;573;113956;46228;10.6;4.3
83;2021-03-24;5027;703;118983;46931;11.1;4.4
83;2021-03-25;6519;809;125502;47740;11.7;4.4
83;2021-03-26;7169;728;132671;48468;12.4;4.5
83;2021-03-27;3961;377;136632;48845;12.7;4.5
83;2021-03-28;2182;24;138814;48869;12.9;4.6
83;2021-03-29;4538;751;143352;49620;13.3;4.6
83;2021-03-30;5944;912;149296;50532;13.9;4.7
83;2021-03-31;5543;1051;154839;51583;14.4;4.8
83;2021-04-01;5956;1247;160795;52830;15.0;4.9
83;2021-04-02;5747;1058;166542;53888;15.5;5.0
83;2021-04-03;1796;624;168338;54512;15.7;5.1
83;2021-04-04;852;344;169190;54856;15.8;5.1
83;2021-04-05;185;66;169375;54922;15.8;5.1
83;2021-04-06;4721;1371;174096;56293;16.2;5.2
83;2021-04-07;5822;1630;179918;57923;16.8;5.4
83;2021-04-08;7856;1960;187774;59883;17.5;5.6
83;2021-04-09;7581;2163;195355;62046;18.2;5.8
83;2021-04-10;2942;2636;198297;64682;18.5;6.0
83;2021-04-11;1720;2129;200017;66811;18.6;6.2
83;2021-04-12;4941;2844;204958;69655;19.1;6.5
83;2021-04-13;5398;2989;210356;72644;19.6;6.8
83;2021-04-14;5890;2928;216246;75572;20.1;7.0
83;2021-04-15;6760;3005;223006;78577;20.8;7.3
83;2021-04-16;6114;3490;229120;82067;21.3;7.6
83;2021-04-17;3500;2182;232620;84249;21.7;7.8
83;2021-04-18;2172;1293;234792;85542;21.9;8.0
83;2021-04-19;4098;3898;238890;89440;22.2;8.3
83;2021-04-20;4352;3854;243242;93294;22.7;8.7
83;2021-04-21;4289;4136;247531;97430;23.1;9.1
83;2021-04-22;4995;4274;252526;101704;23.5;9.5
83;2021-04-23;4502;4530;257028;106234;23.9;9.9
83;2021-04-24;2626;2707;259654;108941;24.2;10.1
83;2021-04-25;1924;1568;261578;110509;24.4;10.3
83;2021-04-26;3570;3840;265148;114349;24.7;10.6
83;2021-04-27;4128;4541;269276;118890;25.1;11.1
83;2021-04-28;4316;4343;273592;123233;25.5;11.5
83;2021-04-29;5798;5084;279390;128317;26.0;11.9
83;2021-04-30;5777;4286;285167;132603;26.6;12.3
83;2021-05-01;1693;424;286860;133027;26.7;12.4
83;2021-05-02;1231;749;288091;133776;26.8;12.5
83;2021-05-03;3747;4270;291838;138046;27.2;12.9
83;2021-05-04;3341;5092;295179;143138;27.5;13.3
83;2021-05-05;3631;4944;298810;148082;27.8;13.8
83;2021-05-06;4658;4933;303468;153015;28.3;14.2
83;2021-05-07;4162;5298;307630;158313;28.6;14.7
83;2021-05-08;2754;997;310384;159310;28.9;14.8
83;2021-05-09;2148;1226;312532;160536;29.1;14.9
83;2021-05-10;3201;5416;315733;165952;29.4;15.5
83;2021-05-11;5112;5644;320845;171596;29.9;16.0
83;2021-05-12;6287;4836;327132;176432;30.5;16.4
83;2021-05-13;6575;1323;333707;177755;31.1;16.6
83;2021-05-14;7415;4089;341122;181844;31.8;16.9
83;2021-05-15;7745;2188;348867;184032;32.5;17.1
83;2021-05-16;6625;1241;355492;185273;33.1;17.3
83;2021-05-17;4894;4198;360386;189471;33.6;17.6
83;2021-05-18;5515;3842;365901;193313;34.1;18.0
83;2021-05-19;6203;3380;372104;196693;34.7;18.3
83;2021-05-20;6736;3749;378840;200442;35.3;18.7
83;2021-05-21;7902;3794;386742;204236;36.0;19.0
83;2021-05-22;6083;1707;392825;205943;36.6;19.2
83;2021-05-23;4680;699;397505;206642;37.0;19.2
83;2021-05-24;5808;964;403313;207606;37.6;19.3
83;2021-05-25;5496;4750;408809;212356;38.1;19.8
83;2021-05-26;4841;4418;413650;216774;38.5;20.2
83;2021-05-27;5063;5255;418713;222029;39.0;20.7
83;2021-05-28;4498;5747;423211;227776;39.4;21.2
83;2021-05-29;2700;4270;425911;232046;39.7;21.6
83;2021-05-30;1253;1369;427164;233415;39.8;21.7
83;2021-05-31;5489;4762;432653;238177;40.3;22.2
83;2021-06-01;5718;5294;438371;243471;40.8;22.7
83;2021-06-02;5236;4559;443607;248030;41.3;23.1
83;2021-06-03;5722;5109;449329;253139;41.8;23.6
83;2021-06-04;5436;6041;454765;259180;42.3;24.1
83;2021-06-05;3923;3192;458688;262372;42.7;24.4
83;2021-06-06;1928;1377;460616;263749;42.9;24.6
83;2021-06-07;3903;5081;464519;268830;43.3;25.0
83;2021-06-08;4153;4790;468672;273620;43.6;25.5
83;2021-06-09;3993;4696;472665;278316;44.0;25.9
83;2021-06-10;3971;4242;476636;282558;44.4;26.3
83;2021-06-11;3648;5440;480284;287998;44.7;26.8
83;2021-06-12;2897;2976;483181;290974;45.0;27.1
83;2021-06-13;991;1387;484172;292361;45.1;27.2
83;2021-06-14;2847;5659;487019;298020;45.4;27.8
83;2021-06-15;3149;4857;490168;302877;45.6;28.2
83;2021-06-16;2936;4497;493104;307374;45.9;28.6
83;2021-06-17;2746;5272;495850;312646;46.2;29.1
83;2021-06-18;3118;5943;498968;318589;46.5;29.7
83;2021-06-19;2307;4088;501275;322677;46.7;30.0
83;2021-06-20;664;1886;501939;324563;46.7;30.2
83;2021-06-21;2089;7577;504028;332140;46.9;30.9
83;2021-06-22;2086;7159;506114;339299;47.1;31.6
83;2021-06-23;1907;6933;508021;346232;47.3;32.2
83;2021-06-24;1925;7371;509946;353603;47.5;32.9
83;2021-06-25;2071;8397;512017;362000;47.7;33.7
83;2021-06-26;1448;6813;513465;368813;47.8;34.3
83;2021-06-27;684;3188;514149;372001;47.9;34.6
83;2021-06-28;1547;7888;515696;379889;48.0;35.4
83;2021-06-29;1871;7802;517567;387691;48.2;36.1
83;2021-06-30;2178;7259;519745;394950;48.4;36.8
83;2021-07-01;2488;6554;522233;401504;48.6;37.4
83;2021-07-02;2207;7786;524440;409290;48.8;38.1
83;2021-07-03;1487;5694;525927;414984;49.0;38.6
83;2021-07-04;539;2748;526466;417732;49.0;38.9
83;2021-07-05;1875;7532;528341;425264;49.2;39.6
83;2021-07-06;2536;5927;530877;431191;49.4;40.2
83;2021-07-07;2639;4649;533516;435840;49.7;40.6
83;2021-07-08;3191;4455;536707;440295;50.0;41.0
83;2021-07-09;2999;6949;539706;447244;50.3;41.6
83;2021-07-10;1555;4919;541261;452163;50.4;42.1
83;2021-07-11;988;1756;542249;453919;50.5;42.3
83;2021-07-12;2094;7657;544343;461576;50.7;43.0
83;2021-07-13;3971;7036;548314;468612;51.1;43.6
83;2021-07-14;2074;1292;550388;469904;51.3;43.8
83;2021-07-15;4494;6803;554882;476707;51.7;44.4
83;2021-07-16;5207;7074;560089;483781;52.2;45.1
83;2021-07-17;3565;4953;563654;488734;52.5;45.5
83;2021-07-18;1590;1297;565244;490031;52.6;45.6
83;2021-07-19;3909;6254;569153;496285;53.0;46.2
83;2021-07-20;5872;6091;575025;502376;53.5;46.8
83;2021-07-21;5866;5105;580891;507481;54.1;47.3
84;2020-12-27;0;0;0;0;0.0;0.0
84;2020-12-28;0;0;0;0;0.0;0.0
84;2020-12-29;0;0;0;0;0.0;0.0
84;2020-12-30;0;0;0;0;0.0;0.0
84;2020-12-31;0;0;0;0;0.0;0.0
84;2021-01-01;0;0;0;0;0.0;0.0
84;2021-01-02;0;0;0;0;0.0;0.0
84;2021-01-03;0;0;0;0;0.0;0.0
84;2021-01-04;0;0;0;0;0.0;0.0
84;2021-01-05;0;0;0;0;0.0;0.0
84;2021-01-06;0;0;0;0;0.0;0.0
84;2021-01-07;69;0;69;0;0.0;0.0
84;2021-01-08;81;0;150;0;0.0;0.0
84;2021-01-09;30;0;180;0;0.0;0.0
84;2021-01-10;0;0;180;0;0.0;0.0
84;2021-01-11;219;0;399;0;0.1;0.0
84;2021-01-12;622;0;1021;0;0.2;0.0
84;2021-01-13;352;0;1373;0;0.2;0.0
84;2021-01-14;920;13;2293;13;0.4;0.0
84;2021-01-15;616;8;2909;21;0.5;0.0
84;2021-01-16;165;0;3074;21;0.5;0.0
84;2021-01-17;27;1;3101;22;0.6;0.0
84;2021-01-18;692;3;3793;25;0.7;0.0
84;2021-01-19;875;1;4668;26;0.8;0.0
84;2021-01-20;1015;3;5683;29;1.0;0.0
84;2021-01-21;1047;4;6730;33;1.2;0.0
84;2021-01-22;1130;0;7860;33;1.4;0.0
84;2021-01-23;244;0;8104;33;1.4;0.0
84;2021-01-24;2;0;8106;33;1.4;0.0
84;2021-01-25;803;1;8909;34;1.6;0.0
84;2021-01-26;936;5;9845;39;1.8;0.0
84;2021-01-27;1067;2;10912;41;1.9;0.0
84;2021-01-28;1620;16;12532;57;2.2;0.0
84;2021-01-29;1197;61;13729;118;2.4;0.0
84;2021-01-30;171;21;13900;139;2.5;0.0
84;2021-01-31;7;0;13907;139;2.5;0.0
84;2021-02-01;652;150;14559;289;2.6;0.1
84;2021-02-02;787;268;15346;557;2.7;0.1
84;2021-02-03;757;241;16103;798;2.9;0.1
84;2021-02-04;910;408;17013;1206;3.0;0.2
84;2021-02-05;723;420;17736;1626;3.2;0.3
84;2021-02-06;122;50;17858;1676;3.2;0.3
84;2021-02-07;0;0;17858;1676;3.2;0.3
84;2021-02-08;566;279;18424;1955;3.3;0.3
84;2021-02-09;689;718;19113;2673;3.4;0.5
84;2021-02-10;550;571;19663;3244;3.5;0.6
84;2021-02-11;546;588;20209;3832;3.6;0.7
84;2021-02-12;555;682;20764;4514;3.7;0.8
84;2021-02-13;46;171;20810;4685;3.7;0.8
84;2021-02-14;3;0;20813;4685;3.7;0.8
84;2021-02-15;205;893;21018;5578;3.7;1.0
84;2021-02-16;218;835;21236;6413;3.8;1.1
84;2021-02-17;445;781;21681;7194;3.9;1.3
84;2021-02-18;554;1109;22235;8303;4.0;1.5
84;2021-02-19;736;1189;22971;9492;4.1;1.7
84;2021-02-20;63;155;23034;9647;4.1;1.7
84;2021-02-21;3;38;23037;9685;4.1;1.7
84;2021-02-22;368;743;23405;10428;4.2;1.9
84;2021-02-23;267;707;23672;11135;4.2;2.0
84;2021-02-24;389;742;24061;11877;4.3;2.1
84;2021-02-25;710;844;24771;12721;4.4;2.3
84;2021-02-26;820;683;25591;13404;4.6;2.4
84;2021-02-27;132;125;25723;13529;4.6;2.4
84;2021-02-28;16;0;25739;13529;4.6;2.4
84;2021-03-01;454;673;26193;14202;4.7;2.5
84;2021-03-02;628;809;26821;15011;4.8;2.7
84;2021-03-03;816;957;27637;15968;4.9;2.8
84;2021-03-04;1088;704;28725;16672;5.1;3.0
84;2021-03-05;1305;512;30030;17184;5.4;3.1
84;2021-03-06;1456;55;31486;17239;5.6;3.1
84;2021-03-07;478;11;31964;17250;5.7;3.1
84;2021-03-08;810;604;32774;17854;5.8;3.2
84;2021-03-09;1380;785;34154;18639;6.1;3.3
84;2021-03-10;1472;661;35626;19300;6.4;3.4
84;2021-03-11;1981;637;37607;19937;6.7;3.6
84;2021-03-12;2078;626;39685;20563;7.1;3.7
84;2021-03-13;741;35;40426;20598;7.2;3.7
84;2021-03-14;243;53;40669;20651;7.2;3.7
84;2021-03-15;1065;306;41734;20957;7.4;3.7
84;2021-03-16;1177;331;42911;21288;7.6;3.8
84;2021-03-17;1138;483;44049;21771;7.9;3.9
84;2021-03-18;1453;432;45502;22203;8.1;4.0
84;2021-03-19;2171;473;47673;22676;8.5;4.0
84;2021-03-20;836;23;48509;22699;8.6;4.0
84;2021-03-21;145;8;48654;22707;8.7;4.0
84;2021-03-22;1151;454;49805;23161;8.9;4.1
84;2021-03-23;1904;457;51709;23618;9.2;4.2
84;2021-03-24;2173;391;53882;24009;9.6;4.3
84;2021-03-25;3650;384;57532;24393;10.3;4.3
84;2021-03-26;3310;467;60842;24860;10.8;4.4
84;2021-03-27;912;56;61754;24916;11.0;4.4
84;2021-03-28;71;2;61825;24918;11.0;4.4
84;2021-03-29;1714;521;63539;25439;11.3;4.5
84;2021-03-30;2662;674;66201;26113;11.8;4.7
84;2021-03-31;2396;640;68597;26753;12.2;4.8
84;2021-04-01;3011;554;71608;27307;12.8;4.9
84;2021-04-02;2448;516;74056;27823;13.2;5.0
84;2021-04-03;506;26;74562;27849;13.3;5.0
84;2021-04-04;10;0;74572;27849;13.3;5.0
84;2021-04-05;809;97;75381;27946;13.4;5.0
84;2021-04-06;2137;822;77518;28768;13.8;5.1
84;2021-04-07;2396;855;79914;29623;14.2;5.3
84;2021-04-08;3640;1014;83554;30637;14.9;5.5
84;2021-04-09;4107;920;87661;31557;15.6;5.6
84;2021-04-10;1304;124;88965;31681;15.9;5.6
84;2021-04-11;35;12;89000;31693;15.9;5.6
84;2021-04-12;2086;800;91086;32493;16.2;5.8
84;2021-04-13;2941;1359;94027;33852;16.8;6.0
84;2021-04-14;2805;1345;96832;35197;17.3;6.3
84;2021-04-15;3268;1395;100100;36592;17.8;6.5
84;2021-04-16;3423;1538;103523;38130;18.5;6.8
84;2021-04-17;1663;188;105186;38318;18.7;6.8
84;2021-04-18;33;0;105219;38318;18.8;6.8
84;2021-04-19;2496;912;107715;39230;19.2;7.0
84;2021-04-20;2625;1519;110340;40749;19.7;7.3
84;2021-04-21;2649;1481;112989;42230;20.1;7.5
84;2021-04-22;3003;1728;115992;43958;20.7;7.8
84;2021-04-23;3021;1875;119013;45833;21.2;8.2
84;2021-04-24;1529;285;120542;46118;21.5;8.2
84;2021-04-25;27;2;120569;46120;21.5;8.2
84;2021-04-26;2171;1357;122740;47477;21.9;8.5
84;2021-04-27;2550;1970;125290;49447;22.3;8.8
84;2021-04-28;2817;1836;128107;51283;22.8;9.1
84;2021-04-29;3420;2020;131527;53303;23.4;9.5
84;2021-04-30;3127;2404;134654;55707;24.0;9.9
84;2021-05-01;454;260;135108;55967;24.1;10.0
84;2021-05-02;1;0;135109;55967;24.1;10.0
84;2021-05-03;2164;1628;137273;57595;24.5;10.3
84;2021-05-04;2487;2522;139760;60117;24.9;10.7
84;2021-05-05;2344;2218;142104;62335;25.3;11.1
84;2021-05-06;3223;2246;145327;64581;25.9;11.5
84;2021-05-07;2763;2559;148090;67140;26.4;12.0
84;2021-05-08;1155;524;149245;67664;26.6;12.1
84;2021-05-09;5;52;149250;67716;26.6;12.1
84;2021-05-10;2152;2460;151402;70176;27.0;12.5
84;2021-05-11;2905;3156;154307;73332;27.5;13.1
84;2021-05-12;2845;2912;157152;76244;28.0;13.6
84;2021-05-13;2155;840;159307;77084;28.4;13.7
84;2021-05-14;2721;2029;162028;79113;28.9;14.1
84;2021-05-15;2001;982;164029;80095;29.2;14.3
84;2021-05-16;1339;182;165368;80277;29.5;14.3
84;2021-05-17;2214;2150;167582;82427;29.9;14.7
84;2021-05-18;2902;2091;170484;84518;30.4;15.1
84;2021-05-19;3230;1663;173714;86181;31.0;15.4
84;2021-05-20;3690;2194;177404;88375;31.6;15.8
84;2021-05-21;3464;2325;180868;90700;32.2;16.2
84;2021-05-22;1583;676;182451;91376;32.5;16.3
84;2021-05-23;3;9;182454;91385;32.5;16.3
84;2021-05-24;1838;425;184292;91810;32.9;16.4
84;2021-05-25;2981;2177;187273;93987;33.4;16.8
84;2021-05-26;3072;2079;190345;96066;33.9;17.1
84;2021-05-27;3855;2311;194200;98377;34.6;17.5
84;2021-05-28;3183;3300;197383;101677;35.2;18.1
84;2021-05-29;1090;1649;198473;103326;35.4;18.4
84;2021-05-30;8;85;198481;103411;35.4;18.4
84;2021-05-31;2193;2632;200674;106043;35.8;18.9
84;2021-06-01;3142;3157;203816;109200;36.3;19.5
84;2021-06-02;3170;2611;206986;111811;36.9;19.9
84;2021-06-03;4102;2979;211088;114790;37.6;20.5
84;2021-06-04;3605;3030;214693;117820;38.3;21.0
84;2021-06-05;1785;1493;216478;119313;38.6;21.3
84;2021-06-06;984;205;217462;119518;38.8;21.3
84;2021-06-07;2450;2737;219912;122255;39.2;21.8
84;2021-06-08;3310;3049;223222;125304;39.8;22.3
84;2021-06-09;3017;2637;226239;127941;40.3;22.8
84;2021-06-10;3475;2747;229714;130688;40.9;23.3
84;2021-06-11;3017;3052;232731;133740;41.5;23.8
84;2021-06-12;1956;1312;234687;135052;41.8;24.1
84;2021-06-13;410;210;235097;135262;41.9;24.1
84;2021-06-14;1918;3158;237015;138420;42.2;24.7
84;2021-06-15;2559;3449;239574;141869;42.7;25.3
84;2021-06-16;2507;2938;242081;144807;43.2;25.8
84;2021-06-17;2945;3452;245026;148259;43.7;26.4
84;2021-06-18;2412;3546;247438;151805;44.1;27.1
84;2021-06-19;1285;1539;248723;153344;44.3;27.3
84;2021-06-20;544;353;249267;153697;44.4;27.4
84;2021-06-21;1562;3134;250829;156831;44.7;28.0
84;2021-06-22;2156;4007;252985;160838;45.1;28.7
84;2021-06-23;2097;3280;255082;164118;45.5;29.3
84;2021-06-24;2182;3474;257264;167592;45.9;29.9
84;2021-06-25;1827;3867;259091;171459;46.2;30.6
84;2021-06-26;1122;1794;260213;173253;46.4;30.9
84;2021-06-27;291;344;260504;173597;46.4;30.9
84;2021-06-28;1195;3223;261699;176820;46.6;31.5
84;2021-06-29;1447;4047;263146;180867;46.9;32.2
84;2021-06-30;1700;3956;264846;184823;47.2;32.9
84;2021-07-01;1766;3941;266612;188764;47.5;33.6
84;2021-07-02;1717;3889;268329;192653;47.8;34.3
84;2021-07-03;1077;2026;269406;194679;48.0;34.7
84;2021-07-04;379;413;269785;195092;48.1;34.8
84;2021-07-05;1418;3542;271203;198634;48.3;35.4
84;2021-07-06;1525;4170;272728;202804;48.6;36.2
84;2021-07-07;1624;3098;274352;205902;48.9;36.7
84;2021-07-08;2088;3740;276440;209642;49.3;37.4
84;2021-07-09;1799;3956;278239;213598;49.6;38.1
84;2021-07-10;1236;2145;279475;215743;49.8;38.5
84;2021-07-11;333;304;279808;216047;49.9;38.5
84;2021-07-12;1370;3833;281178;219880;50.1;39.2
84;2021-07-13;2304;4991;283482;224871;50.5;40.1
84;2021-07-14;1863;1232;285345;226103;50.9;40.3
84;2021-07-15;2583;4532;287928;230635;51.3;41.1
84;2021-07-16;2749;4566;290677;235201;51.8;41.9
84;2021-07-17;1566;2424;292243;237625;52.1;42.4
84;2021-07-18;1006;537;293249;238162;52.3;42.5
84;2021-07-19;2367;3717;295616;241879;52.7;43.1
84;2021-07-20;2907;4115;298523;245994;53.2;43.8
84;2021-07-21;3137;3601;301660;249595;53.8;44.5
85;2020-12-27;0;0;0;0;0.0;0.0
85;2020-12-28;0;0;0;0;0.0;0.0
85;2020-12-29;0;0;0;0;0.0;0.0
85;2020-12-30;0;0;0;0;0.0;0.0
85;2020-12-31;0;0;0;0;0.0;0.0
85;2021-01-01;0;0;0;0;0.0;0.0
85;2021-01-02;0;0;0;0;0.0;0.0
85;2021-01-03;0;0;0;0;0.0;0.0
85;2021-01-04;25;0;25;0;0.0;0.0
85;2021-01-05;62;0;87;0;0.0;0.0
85;2021-01-06;107;1;194;1;0.0;0.0
85;2021-01-07;202;0;396;1;0.1;0.0
85;2021-01-08;291;1;687;2;0.1;0.0
85;2021-01-09;288;2;975;4;0.1;0.0
85;2021-01-10;59;0;1034;4;0.2;0.0
85;2021-01-11;453;0;1487;4;0.2;0.0
85;2021-01-12;586;2;2073;6;0.3;0.0
85;2021-01-13;544;1;2617;7;0.4;0.0
85;2021-01-14;678;3;3295;10;0.5;0.0
85;2021-01-15;436;3;3731;13;0.5;0.0
85;2021-01-16;262;3;3993;16;0.6;0.0
85;2021-01-17;37;0;4030;16;0.6;0.0
85;2021-01-18;996;2;5026;18;0.7;0.0
85;2021-01-19;1426;4;6452;22;0.9;0.0
85;2021-01-20;1872;2;8324;24;1.2;0.0
85;2021-01-21;3218;3;11542;27;1.7;0.0
85;2021-01-22;1694;18;13236;45;1.9;0.0
85;2021-01-23;464;2;13700;47;2.0;0.0
85;2021-01-24;49;0;13749;47;2.0;0.0
85;2021-01-25;576;1;14325;48;2.1;0.0
85;2021-01-26;875;34;15200;82;2.2;0.0
85;2021-01-27;1786;32;16986;114;2.5;0.0
85;2021-01-28;1620;36;18606;150;2.7;0.0
85;2021-01-29;872;63;19478;213;2.9;0.0
85;2021-01-30;148;5;19626;218;2.9;0.0
85;2021-01-31;2;48;19628;266;2.9;0.0
85;2021-02-01;479;103;20107;369;2.9;0.1
85;2021-02-02;537;176;20644;545;3.0;0.1
85;2021-02-03;413;261;21057;806;3.1;0.1
85;2021-02-04;620;267;21677;1073;3.2;0.2
85;2021-02-05;624;265;22301;1338;3.3;0.2
85;2021-02-06;151;244;22452;1582;3.3;0.2
85;2021-02-07;1;0;22453;1582;3.3;0.2
85;2021-02-08;387;655;22840;2237;3.3;0.3
85;2021-02-09;660;1061;23500;3298;3.4;0.5
85;2021-02-10;583;1131;24083;4429;3.5;0.6
85;2021-02-11;1542;3041;25625;7470;3.8;1.1
85;2021-02-12;1012;1259;26637;8729;3.9;1.3
85;2021-02-13;250;506;26887;9235;3.9;1.4
85;2021-02-14;2;133;26889;9368;3.9;1.4
85;2021-02-15;335;817;27224;10185;4.0;1.5
85;2021-02-16;570;1187;27794;11372;4.1;1.7
85;2021-02-17;780;1569;28574;12941;4.2;1.9
85;2021-02-18;1274;1930;29848;14871;4.4;2.2
85;2021-02-19;951;1201;30799;16072;4.5;2.4
85;2021-02-20;173;263;30972;16335;4.5;2.4
85;2021-02-21;1;11;30973;16346;4.5;2.4
85;2021-02-22;811;885;31784;17231;4.7;2.5
85;2021-02-23;830;486;32614;17717;4.8;2.6
85;2021-02-24;754;312;33368;18029;4.9;2.6
85;2021-02-25;1335;392;34703;18421;5.1;2.7
85;2021-02-26;1227;324;35930;18745;5.3;2.7
85;2021-02-27;400;97;36330;18842;5.3;2.8
85;2021-02-28;6;1;36336;18843;5.3;2.8
85;2021-03-01;758;428;37094;19271;5.4;2.8
85;2021-03-02;1100;790;38194;20061;5.6;2.9
85;2021-03-03;841;512;39035;20573;5.7;3.0
85;2021-03-04;1573;1172;40608;21745;5.9;3.2
85;2021-03-05;1735;846;42343;22591;6.2;3.3
85;2021-03-06;1226;127;43569;22718;6.4;3.3
85;2021-03-07;327;29;43896;22747;6.4;3.3
85;2021-03-08;1736;456;45632;23203;6.7;3.4
85;2021-03-09;2239;567;47871;23770;7.0;3.5
85;2021-03-10;1857;645;49728;24415;7.3;3.6
85;2021-03-11;3111;1076;52839;25491;7.7;3.7
85;2021-03-12;2725;857;55564;26348;8.1;3.9
85;2021-03-13;1370;158;56934;26506;8.3;3.9
85;2021-03-14;178;0;57112;26506;8.4;3.9
85;2021-03-15;1914;508;59026;27014;8.6;4.0
85;2021-03-16;1624;515;60650;27529;8.9;4.0
85;2021-03-17;979;522;61629;28051;9.0;4.1
85;2021-03-18;1896;455;63525;28506;9.3;4.2
85;2021-03-19;2200;365;65725;28871;9.6;4.2
85;2021-03-20;1065;175;66790;29046;9.8;4.3
85;2021-03-21;269;5;67059;29051;9.8;4.3
85;2021-03-22;1755;556;68814;29607;10.1;4.3
85;2021-03-23;2412;724;71226;30331;10.4;4.4
85;2021-03-24;2206;525;73432;30856;10.7;4.5
85;2021-03-25;3644;581;77076;31437;11.3;4.6
85;2021-03-26;3356;643;80432;32080;11.8;4.7
85;2021-03-27;1725;117;82157;32197;12.0;4.7
85;2021-03-28;534;3;82691;32200;12.1;4.7
85;2021-03-29;2410;754;85101;32954;12.5;4.8
85;2021-03-30;2861;1016;87962;33970;12.9;5.0
85;2021-03-31;2195;662;90157;34632;13.2;5.1
85;2021-04-01;3865;901;94022;35533;13.8;5.2
85;2021-04-02;2704;1084;96726;36617;14.2;5.4
85;2021-04-03;1408;316;98134;36933;14.4;5.4
85;2021-04-04;323;27;98457;36960;14.4;5.4
85;2021-04-05;104;174;98561;37134;14.4;5.4
85;2021-04-06;2199;1596;100760;38730;14.7;5.7
85;2021-04-07;3092;1185;103852;39915;15.2;5.8
85;2021-04-08;4525;1590;108377;41505;15.9;6.1
85;2021-04-09;4598;1217;112975;42722;16.5;6.3
85;2021-04-10;1865;395;114840;43117;16.8;6.3
85;2021-04-11;26;10;114866;43127;16.8;6.3
85;2021-04-12;4283;1470;119149;44597;17.4;6.5
85;2021-04-13;4829;1863;123978;46460;18.1;6.8
85;2021-04-14;3955;998;127933;47458;18.7;6.9
85;2021-04-15;5512;1727;133445;49185;19.5;7.2
85;2021-04-16;5239;1525;138684;50710;20.3;7.4
85;2021-04-17;1382;434;140066;51144;20.5;7.5
85;2021-04-18;348;9;140414;51153;20.6;7.5
85;2021-04-19;3363;1698;143777;52851;21.0;7.7
85;2021-04-20;3697;1918;147474;54769;21.6;8.0
85;2021-04-21;2687;1689;150161;56458;22.0;8.3
85;2021-04-22;3804;2224;153965;58682;22.5;8.6
85;2021-04-23;3894;2069;157859;60751;23.1;8.9
85;2021-04-24;1659;1529;159518;62280;23.3;9.1
85;2021-04-25;980;558;160498;62838;23.5;9.2
85;2021-04-26;3588;2352;164086;65190;24.0;9.5
85;2021-04-27;4389;2155;168475;67345;24.7;9.9
85;2021-04-28;5743;1240;174218;68585;25.5;10.0
85;2021-04-29;5631;1991;179849;70576;26.3;10.3
85;2021-04-30;5572;1664;185421;72240;27.1;10.6
85;2021-05-01;1734;636;187155;72876;27.4;10.7
85;2021-05-02;872;467;188027;73343;27.5;10.7
85;2021-05-03;3489;2378;191516;75721;28.0;11.1
85;2021-05-04;3487;3081;195003;78802;28.5;11.5
85;2021-05-05;4531;2166;199534;80968;29.2;11.9
85;2021-05-06;4918;2583;204452;83551;29.9;12.2
85;2021-05-07;3912;3856;208364;87407;30.5;12.8
85;2021-05-08;2245;227;210609;87634;30.8;12.8
85;2021-05-09;1508;180;212117;87814;31.0;12.9
85;2021-05-10;3207;4927;215324;92741;31.5;13.6
85;2021-05-11;4023;4969;219347;97710;32.1;14.3
85;2021-05-12;5015;3928;224362;101638;32.8;14.9
85;2021-05-13;5135;606;229497;102244;33.6;15.0
85;2021-05-14;4353;3163;233850;105407;34.2;15.4
85;2021-05-15;2322;773;236172;106180;34.6;15.5
85;2021-05-16;2212;162;238384;106342;34.9;15.6
85;2021-05-17;4142;3377;242526;109719;35.5;16.1
85;2021-05-18;5214;2854;247740;112573;36.3;16.5
85;2021-05-19;6491;1760;254231;114333;37.2;16.7
85;2021-05-20;6771;2164;261002;116497;38.2;17.1
85;2021-05-21;5497;2745;266499;119242;39.0;17.5
85;2021-05-22;2582;750;269081;119992;39.4;17.6
85;2021-05-23;1329;155;270410;120147;39.6;17.6
85;2021-05-24;4571;430;274981;120577;40.2;17.6
85;2021-05-25;4515;3565;279496;124142;40.9;18.2
85;2021-05-26;4941;2673;284437;126815;41.6;18.6
85;2021-05-27;4959;3686;289396;130501;42.4;19.1
85;2021-05-28;5249;4067;294645;134568;43.1;19.7
85;2021-05-29;3957;1521;298602;136089;43.7;19.9
85;2021-05-30;1290;125;299892;136214;43.9;19.9
85;2021-05-31;4687;3379;304579;139593;44.6;20.4
85;2021-06-01;5395;3397;309974;142990;45.4;20.9
85;2021-06-02;5547;2520;315521;145510;46.2;21.3
85;2021-06-03;5913;3231;321434;148741;47.0;21.8
85;2021-06-04;5833;3819;327267;152560;47.9;22.3
85;2021-06-05;2852;1936;330119;154496;48.3;22.6
85;2021-06-06;1508;802;331627;155298;48.5;22.7
85;2021-06-07;3232;4855;334859;160153;49.0;23.4
85;2021-06-08;4079;4519;338938;164672;49.6;24.1
85;2021-06-09;4838;3511;343776;168183;50.3;24.6
85;2021-06-10;5184;3689;348960;171872;51.1;25.2
85;2021-06-11;4499;4660;353459;176532;51.7;25.8
85;2021-06-12;1487;1796;354946;178328;52.0;26.1
85;2021-06-13;1219;672;356165;179000;52.1;26.2
85;2021-06-14;2676;5091;358841;184091;52.5;26.9
85;2021-06-15;3704;4930;362545;189021;53.1;27.7
85;2021-06-16;4078;3904;366623;192925;53.7;28.2
85;2021-06-17;3934;3896;370557;196821;54.2;28.8
85;2021-06-18;3619;5672;374176;202493;54.8;29.6
85;2021-06-19;1211;2025;375387;204518;54.9;29.9
85;2021-06-20;137;521;375524;205039;55.0;30.0
85;2021-06-21;2366;5816;377890;210855;55.3;30.9
85;2021-06-22;2830;5728;380720;216583;55.7;31.7
85;2021-06-23;3370;4485;384090;221068;56.2;32.4
85;2021-06-24;3633;4561;387723;225629;56.8;33.0
85;2021-06-25;2279;6195;390002;231824;57.1;33.9
85;2021-06-26;788;3774;390790;235598;57.2;34.5
85;2021-06-27;123;1372;390913;236970;57.2;34.7
85;2021-06-28;1167;6730;392080;243700;57.4;35.7
85;2021-06-29;1743;6884;393823;250584;57.6;36.7
85;2021-06-30;2165;6203;395988;256787;58.0;37.6
85;2021-07-01;2791;6068;398779;262855;58.4;38.5
85;2021-07-02;2253;7036;401032;269891;58.7;39.5
85;2021-07-03;611;3168;401643;273059;58.8;40.0
85;2021-07-04;141;1086;401784;274145;58.8;40.1
85;2021-07-05;1048;6670;402832;280815;59.0;41.1
85;2021-07-06;1558;6464;404390;287279;59.2;42.0
85;2021-07-07;1628;5863;406018;293142;59.4;42.9
85;2021-07-08;2138;5447;408156;298589;59.7;43.7
85;2021-07-09;1631;7104;409787;305693;60.0;44.7
85;2021-07-10;556;2838;410343;308531;60.1;45.2
85;2021-07-11;524;1287;410867;309818;60.1;45.3
85;2021-07-12;1403;7060;412270;316878;60.3;46.4
85;2021-07-13;2042;7392;414312;324270;60.6;47.5
85;2021-07-14;1450;2049;415762;326319;60.9;47.8
85;2021-07-15;2660;6944;418422;333263;61.2;48.8
85;2021-07-16;3402;6835;421824;340098;61.7;49.8
85;2021-07-17;1552;2145;423376;342243;62.0;50.1
85;2021-07-18;1142;1154;424518;343397;62.1;50.3
85;2021-07-19;3521;6230;428039;349627;62.7;51.2
85;2021-07-20;4280;6213;432319;355840;63.3;52.1
85;2021-07-21;3944;6175;436263;362015;63.9;53.0
86;2020-12-27;0;0;0;0;0.0;0.0
86;2020-12-28;0;0;0;0;0.0;0.0
86;2020-12-29;1;0;1;0;0.0;0.0
86;2020-12-30;0;0;1;0;0.0;0.0
86;2020-12-31;0;0;1;0;0.0;0.0
86;2021-01-01;0;0;1;0;0.0;0.0
86;2021-01-02;0;0;1;0;0.0;0.0
86;2021-01-03;0;0;1;0;0.0;0.0
86;2021-01-04;0;0;1;0;0.0;0.0
86;2021-01-05;0;0;1;0;0.0;0.0
86;2021-01-06;178;0;179;0;0.0;0.0
86;2021-01-07;671;0;850;0;0.2;0.0
86;2021-01-08;594;3;1444;3;0.3;0.0
86;2021-01-09;0;0;1444;3;0.3;0.0
86;2021-01-10;173;0;1617;3;0.4;0.0
86;2021-01-11;302;1;1919;4;0.4;0.0
86;2021-01-12;458;1;2377;5;0.5;0.0
86;2021-01-13;336;0;2713;5;0.6;0.0
86;2021-01-14;551;1;3264;6;0.7;0.0
86;2021-01-15;533;1;3797;7;0.9;0.0
86;2021-01-16;0;0;3797;7;0.9;0.0
86;2021-01-17;0;0;3797;7;0.9;0.0
86;2021-01-18;564;0;4361;7;1.0;0.0
86;2021-01-19;1872;0;6233;7;1.4;0.0
86;2021-01-20;1443;18;7676;25;1.8;0.0
86;2021-01-21;1289;0;8965;25;2.0;0.0
86;2021-01-22;827;0;9792;25;2.2;0.0
86;2021-01-23;312;0;10104;25;2.3;0.0
86;2021-01-24;0;0;10104;25;2.3;0.0
86;2021-01-25;583;109;10687;134;2.4;0.0
86;2021-01-26;748;122;11435;256;2.6;0.1
86;2021-01-27;763;156;12198;412;2.8;0.1
86;2021-01-28;1041;427;13239;839;3.0;0.2
86;2021-01-29;878;219;14117;1058;3.2;0.2
86;2021-01-30;275;103;14392;1161;3.3;0.3
86;2021-01-31;57;157;14449;1318;3.3;0.3
86;2021-02-01;433;207;14882;1525;3.4;0.3
86;2021-02-02;574;386;15456;1911;3.5;0.4
86;2021-02-03;526;224;15982;2135;3.7;0.5
86;2021-02-04;477;364;16459;2499;3.8;0.6
86;2021-02-05;440;745;16899;3244;3.9;0.7
86;2021-02-06;146;206;17045;3450;3.9;0.8
86;2021-02-07;120;6;17165;3456;3.9;0.8
86;2021-02-08;361;328;17526;3784;4.0;0.9
86;2021-02-09;743;1123;18269;4907;4.2;1.1
86;2021-02-10;978;937;19247;5844;4.4;1.3
86;2021-02-11;997;976;20244;6820;4.6;1.6
86;2021-02-12;749;375;20993;7195;4.8;1.6
86;2021-02-13;191;95;21184;7290;4.8;1.7
86;2021-02-14;1;34;21185;7324;4.8;1.7
86;2021-02-15;243;507;21428;7831;4.9;1.8
86;2021-02-16;385;865;21813;8696;5.0;2.0
86;2021-02-17;449;894;22262;9590;5.1;2.2
86;2021-02-18;420;875;22682;10465;5.2;2.4
86;2021-02-19;600;644;23282;11109;5.3;2.5
86;2021-02-20;115;176;23397;11285;5.3;2.6
86;2021-02-21;0;0;23397;11285;5.3;2.6
86;2021-02-22;240;429;23637;11714;5.4;2.7
86;2021-02-23;369;606;24006;12320;5.5;2.8
86;2021-02-24;407;587;24413;12907;5.6;3.0
86;2021-02-25;900;667;25313;13574;5.8;3.1
86;2021-02-26;1027;538;26340;14112;6.0;3.2
86;2021-02-27;459;146;26799;14258;6.1;3.3
86;2021-02-28;3;2;26802;14260;6.1;3.3
86;2021-03-01;230;526;27032;14786;6.2;3.4
86;2021-03-02;1140;844;28172;15630;6.4;3.6
86;2021-03-03;792;622;28964;16252;6.6;3.7
86;2021-03-04;1495;611;30459;16863;7.0;3.9
86;2021-03-05;1576;311;32035;17174;7.3;3.9
86;2021-03-06;993;169;33028;17343;7.6;4.0
86;2021-03-07;369;29;33397;17372;7.6;4.0
86;2021-03-08;469;539;33866;17911;7.7;4.1
86;2021-03-09;1368;525;35234;18436;8.1;4.2
86;2021-03-10;950;608;36184;19044;8.3;4.4
86;2021-03-11;1793;470;37977;19514;8.7;4.5
86;2021-03-12;2204;432;40181;19946;9.2;4.6
86;2021-03-13;1446;93;41627;20039;9.5;4.6
86;2021-03-14;132;15;41759;20054;9.5;4.6
86;2021-03-15;782;159;42541;20213;9.7;4.6
86;2021-03-16;845;203;43386;20416;9.9;4.7
86;2021-03-17;786;202;44172;20618;10.1;4.7
86;2021-03-18;999;98;45171;20716;10.3;4.7
86;2021-03-19;2138;316;47309;21032;10.8;4.8
86;2021-03-20;592;130;47901;21162;11.0;4.8
86;2021-03-21;10;0;47911;21162;11.0;4.8
86;2021-03-22;851;272;48762;21434;11.1;4.9
86;2021-03-23;2011;325;50773;21759;11.6;5.0
86;2021-03-24;1555;286;52328;22045;12.0;5.0
86;2021-03-25;2482;349;54810;22394;12.5;5.1
86;2021-03-26;3034;348;57844;22742;13.2;5.2
86;2021-03-27;731;141;58575;22883;13.4;5.2
86;2021-03-28;5;129;58580;23012;13.4;5.3
86;2021-03-29;1255;391;59835;23403;13.7;5.4
86;2021-03-30;2389;817;62224;24220;14.2;5.5
86;2021-03-31;1510;619;63734;24839;14.6;5.7
86;2021-04-01;2236;935;65970;25774;15.1;5.9
86;2021-04-02;1899;551;67869;26325;15.5;6.0
86;2021-04-03;827;320;68696;26645;15.7;6.1
86;2021-04-04;82;108;68778;26753;15.7;6.1
86;2021-04-05;312;2;69090;26755;15.8;6.1
86;2021-04-06;1528;956;70618;27711;16.1;6.3
86;2021-04-07;1629;618;72247;28329;16.5;6.5
86;2021-04-08;2565;757;74812;29086;17.1;6.6
86;2021-04-09;3248;641;78060;29727;17.8;6.8
86;2021-04-10;1663;190;79723;29917;18.2;6.8
86;2021-04-11;442;9;80165;29926;18.3;6.8
86;2021-04-12;823;763;80988;30689;18.5;7.0
86;2021-04-13;2452;938;83440;31627;19.1;7.2
86;2021-04-14;1871;869;85311;32496;19.5;7.4
86;2021-04-15;2271;719;87582;33215;20.0;7.6
86;2021-04-16;2466;1225;90048;34440;20.6;7.9
86;2021-04-17;1040;256;91088;34696;20.8;7.9
86;2021-04-18;118;2;91206;34698;20.9;7.9
86;2021-04-19;745;791;91951;35489;21.0;8.1
86;2021-04-20;2301;1495;94252;36984;21.5;8.5
86;2021-04-21;2109;1114;96361;38098;22.0;8.7
86;2021-04-22;2330;1439;98691;39537;22.6;9.0
86;2021-04-23;2393;1568;101084;41105;23.1;9.4
86;2021-04-24;1298;508;102382;41613;23.4;9.5
86;2021-04-25;825;24;103207;41637;23.6;9.5
86;2021-04-26;2079;884;105286;42521;24.1;9.7
86;2021-04-27;3150;1658;108436;44179;24.8;10.1
86;2021-04-28;3003;1517;111439;45696;25.5;10.4
86;2021-04-29;3553;1815;114992;47511;26.3;10.9
86;2021-04-30;2965;1475;117957;48986;27.0;11.2
86;2021-05-01;1580;194;119537;49180;27.3;11.2
86;2021-05-02;1280;40;120817;49220;27.6;11.3
86;2021-05-03;2562;993;123379;50213;28.2;11.5
86;2021-05-04;3505;1890;126884;52103;29.0;11.9
86;2021-05-05;3990;1467;130874;53570;29.9;12.2
86;2021-05-06;4289;1646;135163;55216;30.9;12.6
86;2021-05-07;4042;1816;139205;57032;31.8;13.0
86;2021-05-08;1975;396;141180;57428;32.3;13.1
86;2021-05-09;1642;204;142822;57632;32.7;13.2
86;2021-05-10;1954;1170;144776;58802;33.1;13.4
86;2021-05-11;3602;2677;148378;61479;33.9;14.1
86;2021-05-12;2245;1644;150623;63123;34.4;14.4
86;2021-05-13;1685;297;152308;63420;34.8;14.5
86;2021-05-14;2099;788;154407;64208;35.3;14.7
86;2021-05-15;1467;501;155874;64709;35.6;14.8
86;2021-05-16;778;164;156652;64873;35.8;14.8
86;2021-05-17;3221;1059;159873;65932;36.6;15.1
86;2021-05-18;4300;1662;164173;67594;37.5;15.5
86;2021-05-19;3586;1433;167759;69027;38.4;15.8
86;2021-05-20;4376;1617;172135;70644;39.4;16.2
86;2021-05-21;3440;1768;175575;72412;40.1;16.6
86;2021-05-22;2077;659;177652;73071;40.6;16.7
86;2021-05-23;1438;183;179090;73254;40.9;16.7
86;2021-05-24;1844;201;180934;73455;41.4;16.8
86;2021-05-25;2846;1640;183780;75095;42.0;17.2
86;2021-05-26;2727;1524;186507;76619;42.6;17.5
86;2021-05-27;3544;1841;190051;78460;43.5;17.9
86;2021-05-28;2161;2539;192212;80999;43.9;18.5
86;2021-05-29;1526;1281;193738;82280;44.3;18.8
86;2021-05-30;935;131;194673;82411;44.5;18.8
86;2021-05-31;1920;1818;196593;84229;44.9;19.3
86;2021-06-01;2660;2589;199253;86818;45.6;19.8
86;2021-06-02;2295;2662;201548;89480;46.1;20.5
86;2021-06-03;3327;2402;204875;91882;46.8;21.0
86;2021-06-04;2232;2863;207107;94745;47.3;21.7
86;2021-06-05;1503;1579;208610;96324;47.7;22.0
86;2021-06-06;819;900;209429;97224;47.9;22.2
86;2021-06-07;1115;2464;210544;99688;48.1;22.8
86;2021-06-08;1985;3691;212529;103379;48.6;23.6
86;2021-06-09;1900;3315;214429;106694;49.0;24.4
86;2021-06-10;2343;3231;216772;109925;49.6;25.1
86;2021-06-11;1517;2789;218289;112714;49.9;25.8
86;2021-06-12;746;2249;219035;114963;50.1;26.3
86;2021-06-13;213;1477;219248;116440;50.1;26.6
86;2021-06-14;1155;2904;220403;119344;50.4;27.3
86;2021-06-15;1684;4258;222087;123602;50.8;28.3
86;2021-06-16;1806;3127;223893;126729;51.2;29.0
86;2021-06-17;1769;4443;225662;131172;51.6;30.0
86;2021-06-18;1875;4580;227537;135752;52.0;31.0
86;2021-06-19;631;2093;228168;137845;52.2;31.5
86;2021-06-20;172;1322;228340;139167;52.2;31.8
86;2021-06-21;1098;2239;229438;141406;52.5;32.3
86;2021-06-22;1291;3459;230729;144865;52.8;33.1
86;2021-06-23;1352;2400;232081;147265;53.1;33.7
86;2021-06-24;1579;2724;233660;149989;53.4;34.3
86;2021-06-25;1181;3558;234841;153547;53.7;35.1
86;2021-06-26;386;2657;235227;156204;53.8;35.7
86;2021-06-27;134;1636;235361;157840;53.8;36.1
86;2021-06-28;267;3343;235628;161183;53.9;36.9
86;2021-06-29;858;4607;236486;165790;54.1;37.9
86;2021-06-30;1041;2977;237527;168767;54.3;38.6
86;2021-07-01;1531;3006;239058;171773;54.7;39.3
86;2021-07-02;1103;3652;240161;175425;54.9;40.1
86;2021-07-03;514;2396;240675;177821;55.0;40.7
86;2021-07-04;113;1348;240788;179169;55.1;41.0
86;2021-07-05;464;2836;241252;182005;55.2;41.6
86;2021-07-06;981;4101;242233;186106;55.4;42.5
86;2021-07-07;1248;2630;243481;188736;55.7;43.1
86;2021-07-08;1608;3159;245089;191895;56.0;43.9
86;2021-07-09;1733;3080;246822;194975;56.4;44.6
86;2021-07-10;1294;1953;248116;196928;56.7;45.0
86;2021-07-11;480;839;248596;197767;56.8;45.2
86;2021-07-12;816;2400;249412;200167;57.0;45.8
86;2021-07-13;1768;3369;251180;203536;57.4;46.5
86;2021-07-14;764;1231;251944;204767;57.6;46.8
86;2021-07-15;1871;3291;253815;208058;58.0;47.6
86;2021-07-16;1659;2657;255474;210715;58.4;48.2
86;2021-07-17;1342;1598;256816;212313;58.7;48.5
86;2021-07-18;376;903;257192;213216;58.8;48.7
86;2021-07-19;1367;1884;258559;215100;59.1;49.2
86;2021-07-20;2332;2728;260891;217828;59.6;49.8
86;2021-07-21;2280;2133;263171;219961;60.2;50.3
87;2020-12-27;0;0;0;0;0.0;0.0
87;2020-12-28;1;0;1;0;0.0;0.0
87;2020-12-29;0;0;1;0;0.0;0.0
87;2020-12-30;0;0;1;0;0.0;0.0
87;2020-12-31;0;0;1;0;0.0;0.0
87;2021-01-01;0;0;1;0;0.0;0.0
87;2021-01-02;0;0;1;0;0.0;0.0
87;2021-01-03;0;0;1;0;0.0;0.0
87;2021-01-04;1;0;2;0;0.0;0.0
87;2021-01-05;1;0;3;0;0.0;0.0
87;2021-01-06;10;0;13;0;0.0;0.0
87;2021-01-07;301;0;314;0;0.1;0.0
87;2021-01-08;407;0;721;0;0.2;0.0
87;2021-01-09;64;0;785;0;0.2;0.0
87;2021-01-10;35;0;820;0;0.2;0.0
87;2021-01-11;424;0;1244;0;0.3;0.0
87;2021-01-12;650;0;1894;0;0.5;0.0
87;2021-01-13;658;1;2552;1;0.7;0.0
87;2021-01-14;515;11;3067;12;0.8;0.0
87;2021-01-15;532;3;3599;15;1.0;0.0
87;2021-01-16;203;1;3802;16;1.0;0.0
87;2021-01-17;1;0;3803;16;1.0;0.0
87;2021-01-18;645;4;4448;20;1.2;0.0
87;2021-01-19;653;1;5101;21;1.4;0.0
87;2021-01-20;674;1;5775;22;1.6;0.0
87;2021-01-21;715;1;6490;23;1.8;0.0
87;2021-01-22;757;4;7247;27;2.0;0.0
87;2021-01-23;285;0;7532;27;2.0;0.0
87;2021-01-24;0;0;7532;27;2.0;0.0
87;2021-01-25;621;10;8153;37;2.2;0.0
87;2021-01-26;569;53;8722;90;2.4;0.0
87;2021-01-27;572;40;9294;130;2.5;0.0
87;2021-01-28;856;109;10150;239;2.7;0.1
87;2021-01-29;740;271;10890;510;2.9;0.1
87;2021-01-30;327;75;11217;585;3.0;0.2
87;2021-01-31;33;71;11250;656;3.0;0.2
87;2021-02-01;412;309;11662;965;3.1;0.3
87;2021-02-02;451;483;12113;1448;3.3;0.4
87;2021-02-03;542;419;12655;1867;3.4;0.5
87;2021-02-04;613;593;13268;2460;3.6;0.7
87;2021-02-05;342;384;13610;2844;3.7;0.8
87;2021-02-06;48;154;13658;2998;3.7;0.8
87;2021-02-07;20;0;13678;2998;3.7;0.8
87;2021-02-08;246;445;13924;3443;3.8;0.9
87;2021-02-09;218;546;14142;3989;3.8;1.1
87;2021-02-10;260;626;14402;4615;3.9;1.2
87;2021-02-11;285;541;14687;5156;4.0;1.4
87;2021-02-12;284;538;14971;5694;4.0;1.5
87;2021-02-13;25;169;14996;5863;4.0;1.6
87;2021-02-14;0;3;14996;5866;4.0;1.6
87;2021-02-15;236;391;15232;6257;4.1;1.7
87;2021-02-16;328;333;15560;6590;4.2;1.8
87;2021-02-17;330;383;15890;6973;4.3;1.9
87;2021-02-18;475;646;16365;7619;4.4;2.1
87;2021-02-19;400;479;16765;8098;4.5;2.2
87;2021-02-20;122;197;16887;8295;4.6;2.2
87;2021-02-21;2;9;16889;8304;4.6;2.2
87;2021-02-22;437;576;17326;8880;4.7;2.4
87;2021-02-23;555;630;17881;9510;4.8;2.6
87;2021-02-24;451;585;18332;10095;4.9;2.7
87;2021-02-25;789;705;19121;10800;5.2;2.9
87;2021-02-26;839;476;19960;11276;5.4;3.0
87;2021-02-27;404;211;20364;11487;5.5;3.1
87;2021-02-28;3;0;20367;11487;5.5;3.1
87;2021-03-01;514;368;20881;11855;5.6;3.2
87;2021-03-02;1030;385;21911;12240;5.9;3.3
87;2021-03-03;1173;337;23084;12577;6.2;3.4
87;2021-03-04;1405;333;24489;12910;6.6;3.5
87;2021-03-05;1762;284;26251;13194;7.1;3.6
87;2021-03-06;1040;32;27291;13226;7.4;3.6
87;2021-03-07;257;5;27548;13231;7.4;3.6
87;2021-03-08;858;239;28406;13470;7.7;3.6
87;2021-03-09;1288;227;29694;13697;8.0;3.7
87;2021-03-10;1297;226;30991;13923;8.4;3.8
87;2021-03-11;1753;248;32744;14171;8.8;3.8
87;2021-03-12;2116;282;34860;14453;9.4;3.9
87;2021-03-13;1305;14;36165;14467;9.8;3.9
87;2021-03-14;80;0;36245;14467;9.8;3.9
87;2021-03-15;986;357;37231;14824;10.0;4.0
87;2021-03-16;1061;238;38292;15062;10.3;4.1
87;2021-03-17;1070;215;39362;15277;10.6;4.1
87;2021-03-18;1178;328;40540;15605;10.9;4.2
87;2021-03-19;1681;264;42221;15869;11.4;4.3
87;2021-03-20;919;85;43140;15954;11.6;4.3
87;2021-03-21;32;0;43172;15954;11.6;4.3
87;2021-03-22;1041;376;44213;16330;11.9;4.4
87;2021-03-23;1382;418;45595;16748;12.3;4.5
87;2021-03-24;1508;363;47103;17111;12.7;4.6
87;2021-03-25;2494;390;49597;17501;13.4;4.7
87;2021-03-26;2522;451;52119;17952;14.1;4.8
87;2021-03-27;888;125;53007;18077;14.3;4.9
87;2021-03-28;269;16;53276;18093;14.4;4.9
87;2021-03-29;1115;415;54391;18508;14.7;5.0
87;2021-03-30;1905;658;56296;19166;15.2;5.2
87;2021-03-31;1658;692;57954;19858;15.6;5.4
87;2021-04-01;2218;570;60172;20428;16.2;5.5
87;2021-04-02;1834;626;62006;21054;16.7;5.7
87;2021-04-03;454;263;62460;21317;16.8;5.7
87;2021-04-04;1;0;62461;21317;16.8;5.7
87;2021-04-05;80;1;62541;21318;16.9;5.7
87;2021-04-06;992;898;63533;22216;17.1;6.0
87;2021-04-07;1481;918;65014;23134;17.5;6.2
87;2021-04-08;1780;1031;66794;24165;18.0;6.5
87;2021-04-09;2641;730;69435;24895;18.7;6.7
87;2021-04-10;1190;306;70625;25201;19.0;6.8
87;2021-04-11;67;0;70692;25201;19.1;6.8
87;2021-04-12;1622;823;72314;26024;19.5;7.0
87;2021-04-13;2281;1051;74595;27075;20.1;7.3
87;2021-04-14;2526;1177;77121;28252;20.8;7.6
87;2021-04-15;2207;1064;79328;29316;21.4;7.9
87;2021-04-16;2728;1063;82056;30379;22.1;8.2
87;2021-04-17;730;384;82786;30763;22.3;8.3
87;2021-04-18;111;140;82897;30903;22.4;8.3
87;2021-04-19;1657;825;84554;31728;22.8;8.6
87;2021-04-20;2084;874;86638;32602;23.4;8.8
87;2021-04-21;2290;984;88928;33586;24.0;9.1
87;2021-04-22;2556;1151;91484;34737;24.7;9.4
87;2021-04-23;1995;1175;93479;35912;25.2;9.7
87;2021-04-24;824;616;94303;36528;25.4;9.9
87;2021-04-25;64;103;94367;36631;25.5;9.9
87;2021-04-26;1354;914;95721;37545;25.8;10.1
87;2021-04-27;2395;1199;98116;38744;26.5;10.4
87;2021-04-28;3867;1433;101983;40177;27.5;10.8
87;2021-04-29;3066;1832;105049;42009;28.3;11.3
87;2021-04-30;3170;1348;108219;43357;29.2;11.7
87;2021-05-01;612;56;108831;43413;29.4;11.7
87;2021-05-02;360;3;109191;43416;29.4;11.7
87;2021-05-03;2300;934;111491;44350;30.1;12.0
87;2021-05-04;2906;1066;114397;45416;30.9;12.2
87;2021-05-05;2989;1505;117386;46921;31.7;12.7
87;2021-05-06;2524;1721;119910;48642;32.3;13.1
87;2021-05-07;2943;1712;122853;50354;33.1;13.6
87;2021-05-08;770;292;123623;50646;33.3;13.7
87;2021-05-09;19;133;123642;50779;33.3;13.7
87;2021-05-10;1927;1601;125569;52380;33.9;14.1
87;2021-05-11;2466;1900;128035;54280;34.5;14.6
87;2021-05-12;2604;2057;130639;56337;35.2;15.2
87;2021-05-13;1083;291;131722;56628;35.5;15.3
87;2021-05-14;2245;1769;133967;58397;36.1;15.8
87;2021-05-15;949;404;134916;58801;36.4;15.9
87;2021-05-16;139;73;135055;58874;36.4;15.9
87;2021-05-17;1626;1759;136681;60633;36.9;16.4
87;2021-05-18;2630;1807;139311;62440;37.6;16.8
87;2021-05-19;2814;1544;142125;63984;38.3;17.3
87;2021-05-20;3291;1718;145416;65702;39.2;17.7
87;2021-05-21;2760;1827;148176;67529;40.0;18.2
87;2021-05-22;1457;619;149633;68148;40.4;18.4
87;2021-05-23;210;92;149843;68240;40.4;18.4
87;2021-05-24;1056;139;150899;68379;40.7;18.4
87;2021-05-25;2117;1814;153016;70193;41.3;18.9
87;2021-05-26;3220;2466;156236;72659;42.1;19.6
87;2021-05-27;3007;2352;159243;75011;42.9;20.2
87;2021-05-28;2669;2518;161912;77529;43.7;20.9
87;2021-05-29;1062;1315;162974;78844;44.0;21.3
87;2021-05-30;257;58;163231;78902;44.0;21.3
87;2021-05-31;2288;1358;165519;80260;44.6;21.6
87;2021-06-01;2545;1862;168064;82122;45.3;22.1
87;2021-06-02;2516;1849;170580;83971;46.0;22.6
87;2021-06-03;3205;2526;173785;86497;46.9;23.3
87;2021-06-04;2838;2050;176623;88547;47.6;23.9
87;2021-06-05;1310;574;177933;89121;48.0;24.0
87;2021-06-06;262;95;178195;89216;48.1;24.1
87;2021-06-07;2100;1900;180295;91116;48.6;24.6
87;2021-06-08;2933;2569;183228;93685;49.4;25.3
87;2021-06-09;2302;2811;185530;96496;50.0;26.0
87;2021-06-10;2962;2552;188492;99048;50.8;26.7
87;2021-06-11;2356;3069;190848;102117;51.5;27.5
87;2021-06-12;1222;1101;192070;103218;51.8;27.8
87;2021-06-13;291;484;192361;103702;51.9;28.0
87;2021-06-14;976;2732;193337;106434;52.1;28.7
87;2021-06-15;1359;3319;194696;109753;52.5;29.6
87;2021-06-16;1644;3423;196340;113176;53.0;30.5
87;2021-06-17;2426;2314;198766;115490;53.6;31.1
87;2021-06-18;1778;3015;200544;118505;54.1;32.0
87;2021-06-19;1041;1173;201585;119678;54.4;32.3
87;2021-06-20;204;205;201789;119883;54.4;32.3
87;2021-06-21;1033;2643;202822;122526;54.7;33.0
87;2021-06-22;1025;2885;203847;125411;55.0;33.8
87;2021-06-23;1246;3084;205093;128495;55.3;34.7
87;2021-06-24;1614;2549;206707;131044;55.8;35.3
87;2021-06-25;1438;2718;208145;133762;56.1;36.1
87;2021-06-26;529;1202;208674;134964;56.3;36.4
87;2021-06-27;25;212;208699;135176;56.3;36.5
87;2021-06-28;711;2574;209410;137750;56.5;37.2
87;2021-06-29;1151;3414;210561;141164;56.8;38.1
87;2021-06-30;1114;2653;211675;143817;57.1;38.8
87;2021-07-01;1342;2556;213017;146373;57.5;39.5
87;2021-07-02;1193;3459;214210;149832;57.8;40.4
87;2021-07-03;407;1507;214617;151339;57.9;40.8
87;2021-07-04;22;383;214639;151722;57.9;40.9
87;2021-07-05;683;2394;215322;154116;58.1;41.6
87;2021-07-06;577;3231;215899;157347;58.2;42.4
87;2021-07-07;862;3352;216761;160699;58.5;43.3
87;2021-07-08;1116;3664;217877;164363;58.8;44.3
87;2021-07-09;1103;3702;218980;168065;59.1;45.3
87;2021-07-10;282;1358;219262;169423;59.1;45.7
87;2021-07-11;49;284;219311;169707;59.1;45.8
87;2021-07-12;543;3184;219854;172891;59.3;46.6
87;2021-07-13;824;3519;220678;176410;59.5;47.6
87;2021-07-14;513;539;221191;176949;59.7;47.7
87;2021-07-15;1345;3461;222536;180410;60.0;48.7
87;2021-07-16;1716;3593;224252;184003;60.5;49.6
87;2021-07-17;647;1366;224899;185369;60.7;50.0
87;2021-07-18;81;283;224980;185652;60.7;50.1
87;2021-07-19;1424;3401;226404;189053;61.1;51.0
87;2021-07-20;1790;3588;228194;192641;61.5;52.0
87;2021-07-21;1422;3128;229616;195769;61.9;52.8
88;2020-12-27;0;0;0;0;0.0;0.0
88;2020-12-28;0;0;0;0;0.0;0.0
88;2020-12-29;0;0;0;0;0.0;0.0
88;2020-12-30;0;0;0;0;0.0;0.0
88;2020-12-31;0;0;0;0;0.0;0.0
88;2021-01-01;2;0;2;0;0.0;0.0
88;2021-01-02;0;0;2;0;0.0;0.0
88;2021-01-03;0;0;2;0;0.0;0.0
88;2021-01-04;0;0;2;0;0.0;0.0
88;2021-01-05;1;0;3;0;0.0;0.0
88;2021-01-06;1;0;4;0;0.0;0.0
88;2021-01-07;70;1;74;1;0.0;0.0
88;2021-01-08;189;2;263;3;0.1;0.0
88;2021-01-09;190;0;453;3;0.1;0.0
88;2021-01-10;0;0;453;3;0.1;0.0
88;2021-01-11;226;0;679;3;0.2;0.0
88;2021-01-12;422;1;1101;4;0.3;0.0
88;2021-01-13;490;2;1591;6;0.4;0.0
88;2021-01-14;343;2;1934;8;0.5;0.0
88;2021-01-15;379;2;2313;10;0.6;0.0
88;2021-01-16;62;0;2375;10;0.7;0.0
88;2021-01-17;0;0;2375;10;0.7;0.0
88;2021-01-18;460;0;2835;10;0.8;0.0
88;2021-01-19;447;0;3282;10;0.9;0.0
88;2021-01-20;461;0;3743;10;1.0;0.0
88;2021-01-21;1538;0;5281;10;1.5;0.0
88;2021-01-22;1158;1;6439;11;1.8;0.0
88;2021-01-23;283;0;6722;11;1.9;0.0
88;2021-01-24;298;2;7020;13;2.0;0.0
88;2021-01-25;938;3;7958;16;2.2;0.0
88;2021-01-26;388;6;8346;22;2.3;0.0
88;2021-01-27;3;0;8349;22;2.3;0.0
88;2021-01-28;162;37;8511;59;2.4;0.0
88;2021-01-29;526;163;9037;222;2.5;0.1
88;2021-01-30;288;127;9325;349;2.6;0.1
88;2021-01-31;0;0;9325;349;2.6;0.1
88;2021-02-01;405;284;9730;633;2.7;0.2
88;2021-02-02;333;364;10063;997;2.8;0.3
88;2021-02-03;437;240;10500;1237;2.9;0.3
88;2021-02-04;316;230;10816;1467;3.0;0.4
88;2021-02-05;458;251;11274;1718;3.1;0.5
88;2021-02-06;108;56;11382;1774;3.2;0.5
88;2021-02-07;0;0;11382;1774;3.2;0.5
88;2021-02-08;359;206;11741;1980;3.3;0.6
88;2021-02-09;293;287;12034;2267;3.3;0.6
88;2021-02-10;414;347;12448;2614;3.5;0.7
88;2021-02-11;849;1094;13297;3708;3.7;1.0
88;2021-02-12;942;703;14239;4411;4.0;1.2
88;2021-02-13;162;211;14401;4622;4.0;1.3
88;2021-02-14;81;216;14482;4838;4.0;1.3
88;2021-02-15;641;1073;15123;5911;4.2;1.6
88;2021-02-16;472;725;15595;6636;4.3;1.8
88;2021-02-17;455;439;16050;7075;4.5;2.0
88;2021-02-18;515;385;16565;7460;4.6;2.1
88;2021-02-19;535;458;17100;7918;4.8;2.2
88;2021-02-20;156;103;17256;8021;4.8;2.2
88;2021-02-21;1;25;17257;8046;4.8;2.2
88;2021-02-22;425;343;17682;8389;4.9;2.3
88;2021-02-23;403;234;18085;8623;5.0;2.4
88;2021-02-24;506;210;18591;8833;5.2;2.5
88;2021-02-25;675;279;19266;9112;5.4;2.5
88;2021-02-26;860;272;20126;9384;5.6;2.6
88;2021-02-27;265;32;20391;9416;5.7;2.6
88;2021-02-28;30;1;20421;9417;5.7;2.6
88;2021-03-01;359;467;20780;9884;5.8;2.7
88;2021-03-02;432;496;21212;10380;5.9;2.9
88;2021-03-03;648;458;21860;10838;6.1;3.0
88;2021-03-04;1029;740;22889;11578;6.4;3.2
88;2021-03-05;934;687;23823;12265;6.6;3.4
88;2021-03-06;1869;111;25692;12376;7.1;3.4
88;2021-03-07;1057;72;26749;12448;7.4;3.5
88;2021-03-08;725;686;27474;13134;7.6;3.7
88;2021-03-09;1095;531;28569;13665;7.9;3.8
88;2021-03-10;1074;492;29643;14157;8.2;3.9
88;2021-03-11;1435;390;31078;14547;8.6;4.0
88;2021-03-12;1309;484;32387;15031;9.0;4.2
88;2021-03-13;1209;117;33596;15148;9.3;4.2
88;2021-03-14;166;5;33762;15153;9.4;4.2
88;2021-03-15;930;443;34692;15596;9.6;4.3
88;2021-03-16;1024;340;35716;15936;9.9;4.4
88;2021-03-17;901;421;36617;16357;10.2;4.5
88;2021-03-18;1301;390;37918;16747;10.5;4.7
88;2021-03-19;1461;497;39379;17244;11.0;4.8
88;2021-03-20;1313;44;40692;17288;11.3;4.8
88;2021-03-21;37;0;40729;17288;11.3;4.8
88;2021-03-22;1230;538;41959;17826;11.7;5.0
88;2021-03-23;1781;435;43740;18261;12.2;5.1
88;2021-03-24;1870;467;45610;18728;12.7;5.2
88;2021-03-25;2496;480;48106;19208;13.4;5.3
88;2021-03-26;2469;447;50575;19655;14.1;5.5
88;2021-03-27;880;292;51455;19947;14.3;5.5
88;2021-03-28;60;4;51515;19951;14.3;5.5
88;2021-03-29;1304;437;52819;20388;14.7;5.7
88;2021-03-30;2061;388;54880;20776;15.3;5.8
88;2021-03-31;1616;571;56496;21347;15.7;5.9
88;2021-04-01;2113;701;58609;22048;16.3;6.1
88;2021-04-02;2811;617;61420;22665;17.1;6.3
88;2021-04-03;741;206;62161;22871;17.3;6.4
88;2021-04-04;16;0;62177;22871;17.3;6.4
88;2021-04-05;23;2;62200;22873;17.3;6.4
88;2021-04-06;1133;676;63333;23549;17.6;6.6
88;2021-04-07;1598;700;64931;24249;18.1;6.7
88;2021-04-08;1860;775;66791;25024;18.6;7.0
88;2021-04-09;3078;722;69869;25746;19.4;7.2
88;2021-04-10;724;644;70593;26390;19.6;7.3
88;2021-04-11;33;1;70626;26391;19.6;7.3
88;2021-04-12;1537;975;72163;27366;20.1;7.6
88;2021-04-13;2036;1081;74199;28447;20.6;7.9
88;2021-04-14;1908;950;76107;29397;21.2;8.2
88;2021-04-15;1967;1238;78074;30635;21.7;8.5
88;2021-04-16;2108;1044;80182;31679;22.3;8.8
88;2021-04-17;1426;766;81608;32445;22.7;9.0
88;2021-04-18;268;22;81876;32467;22.8;9.0
88;2021-04-19;1174;1236;83050;33703;23.1;9.4
88;2021-04-20;1191;1392;84241;35095;23.4;9.8
88;2021-04-21;1504;1298;85745;36393;23.8;10.1
88;2021-04-22;1898;1624;87643;38017;24.4;10.6
88;2021-04-23;1821;2037;89464;40054;24.9;11.1
88;2021-04-24;1184;776;90648;40830;25.2;11.4
88;2021-04-25;33;2;90681;40832;25.2;11.4
88;2021-04-26;1181;1170;91862;42002;25.6;11.7
88;2021-04-27;1277;1733;93139;43735;25.9;12.2
88;2021-04-28;1631;1493;94770;45228;26.4;12.6
88;2021-04-29;2082;1453;96852;46681;26.9;13.0
88;2021-04-30;2448;1613;99300;48294;27.6;13.4
88;2021-05-01;2002;259;101302;48553;28.2;13.5
88;2021-05-02;1300;117;102602;48670;28.5;13.5
88;2021-05-03;1559;1216;104161;49886;29.0;13.9
88;2021-05-04;1445;1460;105606;51346;29.4;14.3
88;2021-05-05;2425;1588;108031;52934;30.0;14.7
88;2021-05-06;3207;1208;111238;54142;30.9;15.1
88;2021-05-07;2938;1344;114176;55486;31.8;15.4
88;2021-05-08;1530;456;115706;55942;32.2;15.6
88;2021-05-09;1732;148;117438;56090;32.7;15.6
88;2021-05-10;1765;1568;119203;57658;33.2;16.0
88;2021-05-11;2658;1906;121861;59564;33.9;16.6
88;2021-05-12;2531;1847;124392;61411;34.6;17.1
88;2021-05-13;3258;668;127650;62079;35.5;17.3
88;2021-05-14;2499;1533;130149;63612;36.2;17.7
88;2021-05-15;1624;729;131773;64341;36.7;17.9
88;2021-05-16;1334;97;133107;64438;37.0;17.9
88;2021-05-17;1985;935;135092;65373;37.6;18.2
88;2021-05-18;2256;1102;137348;66475;38.2;18.5
88;2021-05-19;2723;1135;140071;67610;39.0;18.8
88;2021-05-20;3344;1229;143415;68839;39.9;19.1
88;2021-05-21;2871;1133;146286;69972;40.7;19.5
88;2021-05-22;1431;704;147717;70676;41.1;19.7
88;2021-05-23;557;72;148274;70748;41.2;19.7
88;2021-05-24;1673;422;149947;71170;41.7;19.8
88;2021-05-25;1645;1171;151592;72341;42.2;20.1
88;2021-05-26;2368;1131;153960;73472;42.8;20.4
88;2021-05-27;2200;1355;156160;74827;43.4;20.8
88;2021-05-28;1890;1979;158050;76806;44.0;21.4
88;2021-05-29;1232;1752;159282;78558;44.3;21.9
88;2021-05-30;588;414;159870;78972;44.5;22.0
88;2021-05-31;1326;1849;161196;80821;44.8;22.5
88;2021-06-01;1719;1988;162915;82809;45.3;23.0
88;2021-06-02;2074;1863;164989;84672;45.9;23.6
88;2021-06-03;2736;1612;167725;86284;46.7;24.0
88;2021-06-04;2038;1933;169763;88217;47.2;24.5
88;2021-06-05;1529;1138;171292;89355;47.6;24.9
88;2021-06-06;690;155;171982;89510;47.8;24.9
88;2021-06-07;1289;1699;173271;91209;48.2;25.4
88;2021-06-08;1655;1929;174926;93138;48.7;25.9
88;2021-06-09;1615;1902;176541;95040;49.1;26.4
88;2021-06-10;1774;2042;178315;97082;49.6;27.0
88;2021-06-11;1545;2212;179860;99294;50.0;27.6
88;2021-06-12;664;1652;180524;100946;50.2;28.1
88;2021-06-13;460;377;180984;101323;50.3;28.2
88;2021-06-14;1025;2243;182009;103566;50.6;28.8
88;2021-06-15;1916;2448;183925;106014;51.2;29.5
88;2021-06-16;1481;2870;185406;108884;51.6;30.3
88;2021-06-17;1596;2727;187002;111611;52.0;31.0
88;2021-06-18;1351;2454;188353;114065;52.4;31.7
88;2021-06-19;698;1088;189051;115153;52.6;32.0
88;2021-06-20;77;79;189128;115232;52.6;32.1
88;2021-06-21;649;2580;189777;117812;52.8;32.8
88;2021-06-22;861;3440;190638;121252;53.0;33.7
88;2021-06-23;1137;2882;191775;124134;53.3;34.5
88;2021-06-24;701;2611;192476;126745;53.5;35.3
88;2021-06-25;1395;3182;193871;129927;53.9;36.1
88;2021-06-26;902;2076;194773;132003;54.2;36.7
88;2021-06-27;543;635;195316;132638;54.3;36.9
88;2021-06-28;703;2505;196019;135143;54.5;37.6
88;2021-06-29;841;3360;196860;138503;54.8;38.5
88;2021-06-30;1087;3109;197947;141612;55.1;39.4
88;2021-07-01;1044;2689;198991;144301;55.3;40.1
88;2021-07-02;983;3143;199974;147444;55.6;41.0
88;2021-07-03;685;1698;200659;149142;55.8;41.5
88;2021-07-04;257;817;200916;149959;55.9;41.7
88;2021-07-05;989;2026;201905;151985;56.2;42.3
88;2021-07-06;1018;2414;202923;154399;56.4;42.9
88;2021-07-07;1176;2583;204099;156982;56.8;43.7
88;2021-07-08;1067;2078;205166;159060;57.1;44.2
88;2021-07-09;1576;2699;206742;161759;57.5;45.0
88;2021-07-10;701;1809;207443;163568;57.7;45.5
88;2021-07-11;466;694;207909;164262;57.8;45.7
88;2021-07-12;1042;2511;208951;166773;58.1;46.4
88;2021-07-13;1308;2650;210259;169423;58.5;47.1
88;2021-07-14;1185;789;211444;170212;58.8;47.3
88;2021-07-15;1729;3311;213173;173523;59.3;48.3
88;2021-07-16;1348;2946;214521;176469;59.7;49.1
88;2021-07-17;739;1578;215260;178047;59.9;49.5
88;2021-07-18;177;679;215437;178726;59.9;49.7
88;2021-07-19;1413;2198;216850;180924;60.3;50.3
88;2021-07-20;2029;2383;218879;183307;60.9;51.0
88;2021-07-21;1876;2216;220755;185523;61.4;51.6
89;2020-12-27;0;0;0;0;0.0;0.0
89;2020-12-28;0;0;0;0;0.0;0.0
89;2020-12-29;0;0;0;0;0.0;0.0
89;2020-12-30;0;0;0;0;0.0;0.0
89;2020-12-31;0;0;0;0;0.0;0.0
89;2021-01-01;0;0;0;0;0.0;0.0
89;2021-01-02;0;0;0;0;0.0;0.0
89;2021-01-03;0;0;0;0;0.0;0.0
89;2021-01-04;0;0;0;0;0.0;0.0
89;2021-01-05;0;0;0;0;0.0;0.0
89;2021-01-06;48;0;48;0;0.0;0.0
89;2021-01-07;201;0;249;0;0.1;0.0
89;2021-01-08;48;0;297;0;0.1;0.0
89;2021-01-09;1;0;298;0;0.1;0.0
89;2021-01-10;0;0;298;0;0.1;0.0
89;2021-01-11;220;0;518;0;0.2;0.0
89;2021-01-12;348;0;866;0;0.3;0.0
89;2021-01-13;533;1;1399;1;0.4;0.0
89;2021-01-14;707;7;2106;8;0.6;0.0
89;2021-01-15;275;2;2381;10;0.7;0.0
89;2021-01-16;90;3;2471;13;0.7;0.0
89;2021-01-17;0;0;2471;13;0.7;0.0
89;2021-01-18;503;0;2974;13;0.9;0.0
89;2021-01-19;839;3;3813;16;1.1;0.0
89;2021-01-20;758;1;4571;17;1.4;0.0
89;2021-01-21;939;4;5510;21;1.7;0.0
89;2021-01-22;1013;0;6523;21;2.0;0.0
89;2021-01-23;200;0;6723;21;2.0;0.0
89;2021-01-24;105;0;6828;21;2.1;0.0
89;2021-01-25;482;4;7310;25;2.2;0.0
89;2021-01-26;580;12;7890;37;2.4;0.0
89;2021-01-27;472;38;8362;75;2.5;0.0
89;2021-01-28;547;126;8909;201;2.7;0.1
89;2021-01-29;958;42;9867;243;3.0;0.1
89;2021-01-30;182;67;10049;310;3.0;0.1
89;2021-01-31;24;2;10073;312;3.0;0.1
89;2021-02-01;255;153;10328;465;3.1;0.1
89;2021-02-02;282;339;10610;804;3.2;0.2
89;2021-02-03;290;345;10900;1149;3.3;0.3
89;2021-02-04;433;595;11333;1744;3.4;0.5
89;2021-02-05;387;201;11720;1945;3.5;0.6
89;2021-02-06;77;67;11797;2012;3.6;0.6
89;2021-02-07;0;0;11797;2012;3.6;0.6
89;2021-02-08;288;190;12085;2202;3.6;0.7
89;2021-02-09;285;443;12370;2645;3.7;0.8
89;2021-02-10;394;312;12764;2957;3.8;0.9
89;2021-02-11;332;563;13096;3520;3.9;1.1
89;2021-02-12;426;597;13522;4117;4.1;1.2
89;2021-02-13;52;143;13574;4260;4.1;1.3
89;2021-02-14;20;116;13594;4376;4.1;1.3
89;2021-02-15;216;415;13810;4791;4.2;1.4
89;2021-02-16;134;537;13944;5328;4.2;1.6
89;2021-02-17;262;437;14206;5765;4.3;1.7
89;2021-02-18;225;558;14431;6323;4.3;1.9
89;2021-02-19;243;656;14674;6979;4.4;2.1
89;2021-02-20;33;140;14707;7119;4.4;2.1
89;2021-02-21;0;10;14707;7129;4.4;2.1
89;2021-02-22;229;451;14936;7580;4.5;2.3
89;2021-02-23;171;471;15107;8051;4.5;2.4
89;2021-02-24;339;389;15446;8440;4.7;2.5
89;2021-02-25;369;465;15815;8905;4.8;2.7
89;2021-02-26;383;336;16198;9241;4.9;2.8
89;2021-02-27;137;79;16335;9320;4.9;2.8
89;2021-02-28;6;13;16341;9333;4.9;2.8
89;2021-03-01;541;237;16882;9570;5.1;2.9
89;2021-03-02;751;340;17633;9910;5.3;3.0
89;2021-03-03;648;273;18281;10183;5.5;3.1
89;2021-03-04;632;376;18913;10559;5.7;3.2
89;2021-03-05;728;501;19641;11060;5.9;3.3
89;2021-03-06;543;125;20184;11185;6.1;3.4
89;2021-03-07;286;38;20470;11223;6.2;3.4
89;2021-03-08;555;323;21025;11546;6.3;3.5
89;2021-03-09;996;269;22021;11815;6.6;3.6
89;2021-03-10;970;247;22991;12062;6.9;3.6
89;2021-03-11;1073;298;24064;12360;7.2;3.7
89;2021-03-12;1280;329;25344;12689;7.6;3.8
89;2021-03-13;634;40;25978;12729;7.8;3.8
89;2021-03-14;1;0;25979;12729;7.8;3.8
89;2021-03-15;809;301;26788;13030;8.1;3.9
89;2021-03-16;945;216;27733;13246;8.4;4.0
89;2021-03-17;918;264;28651;13510;8.6;4.1
89;2021-03-18;881;252;29532;13762;8.9;4.1
89;2021-03-19;1146;188;30678;13950;9.2;4.2
89;2021-03-20;843;23;31521;13973;9.5;4.2
89;2021-03-21;171;5;31692;13978;9.5;4.2
89;2021-03-22;1040;221;32732;14199;9.9;4.3
89;2021-03-23;1738;248;34470;14447;10.4;4.4
89;2021-03-24;1955;317;36425;14764;11.0;4.4
89;2021-03-25;1815;162;38240;14926;11.5;4.5
89;2021-03-26;2624;178;40864;15104;12.3;4.5
89;2021-03-27;1772;39;42636;15143;12.8;4.6
89;2021-03-28;31;2;42667;15145;12.8;4.6
89;2021-03-29;963;580;43630;15725;13.1;4.7
89;2021-03-30;1151;564;44781;16289;13.5;4.9
89;2021-03-31;2004;463;46785;16752;14.1;5.0
89;2021-04-01;2117;450;48902;17202;14.7;5.2
89;2021-04-02;2138;439;51040;17641;15.4;5.3
89;2021-04-03;1001;239;52041;17880;15.7;5.4
89;2021-04-04;16;1;52057;17881;15.7;5.4
89;2021-04-05;92;1;52149;17882;15.7;5.4
89;2021-04-06;1030;754;53179;18636;16.0;5.6
89;2021-04-07;1035;794;54214;19430;16.3;5.9
89;2021-04-08;1730;716;55944;20146;16.8;6.1
89;2021-04-09;2163;725;58107;20871;17.5;6.3
89;2021-04-10;889;176;58996;21047;17.8;6.3
89;2021-04-11;37;50;59033;21097;17.8;6.4
89;2021-04-12;1014;785;60047;21882;18.1;6.6
89;2021-04-13;1359;1076;61406;22958;18.5;6.9
89;2021-04-14;1209;1032;62615;23990;18.9;7.2
89;2021-04-15;1413;941;64028;24931;19.3;7.5
89;2021-04-16;1331;933;65359;25864;19.7;7.8
89;2021-04-17;1064;452;66423;26316;20.0;7.9
89;2021-04-18;27;154;66450;26470;20.0;8.0
89;2021-04-19;750;1025;67200;27495;20.2;8.3
89;2021-04-20;1018;1529;68218;29024;20.5;8.7
89;2021-04-21;813;1100;69031;30124;20.8;9.1
89;2021-04-22;1099;1161;70130;31285;21.1;9.4
89;2021-04-23;1819;1960;71949;33245;21.7;10.0
89;2021-04-24;1170;1174;73119;34419;22.0;10.4
89;2021-04-25;139;6;73258;34425;22.1;10.4
89;2021-04-26;1497;759;74755;35184;22.5;10.6
89;2021-04-27;1730;1052;76485;36236;23.0;10.9
89;2021-04-28;1585;1847;78070;38083;23.5;11.5
89;2021-04-29;1970;1911;80040;39994;24.1;12.0
89;2021-04-30;1804;1758;81844;41752;24.6;12.6
89;2021-05-01;846;722;82690;42474;24.9;12.8
89;2021-05-02;133;31;82823;42505;24.9;12.8
89;2021-05-03;1603;758;84426;43263;25.4;13.0
89;2021-05-04;1620;1127;86046;44390;25.9;13.4
89;2021-05-05;2318;1256;88364;45646;26.6;13.7
89;2021-05-06;2414;1373;90778;47019;27.3;14.2
89;2021-05-07;2723;1313;93501;48332;28.2;14.6
89;2021-05-08;1784;529;95285;48861;28.7;14.7
89;2021-05-09;196;18;95481;48879;28.8;14.7
89;2021-05-10;1195;939;96676;49818;29.1;15.0
89;2021-05-11;2483;1440;99159;51258;29.9;15.4
89;2021-05-12;2061;1213;101220;52471;30.5;15.8
89;2021-05-13;414;333;101634;52804;30.6;15.9
89;2021-05-14;1879;1087;103513;53891;31.2;16.2
89;2021-05-15;2246;391;105759;54282;31.8;16.3
89;2021-05-16;9;34;105768;54316;31.8;16.4
89;2021-05-17;2090;635;107858;54951;32.5;16.5
89;2021-05-18;2322;823;110180;55774;33.2;16.8
89;2021-05-19;2860;874;113040;56648;34.0;17.1
89;2021-05-20;2928;881;115968;57529;34.9;17.3
89;2021-05-21;2481;872;118449;58401;35.7;17.6
89;2021-05-22;1425;569;119874;58970;36.1;17.8
89;2021-05-23;108;10;119982;58980;36.1;17.8
89;2021-05-24;286;224;120268;59204;36.2;17.8
89;2021-05-25;1556;983;121824;60187;36.7;18.1
89;2021-05-26;1812;1015;123636;61202;37.2;18.4
89;2021-05-27;2109;1344;125745;62546;37.9;18.8
89;2021-05-28;2142;1420;127887;63966;38.5;19.3
89;2021-05-29;539;657;128426;64623;38.7;19.5
89;2021-05-30;25;22;128451;64645;38.7;19.5
89;2021-05-31;1245;968;129696;65613;39.1;19.8
89;2021-06-01;1502;975;131198;66588;39.5;20.1
89;2021-06-02;1943;1273;133141;67861;40.1;20.4
89;2021-06-03;2424;1522;135565;69383;40.8;20.9
89;2021-06-04;2139;1880;137704;71263;41.5;21.5
89;2021-06-05;1182;1223;138886;72486;41.8;21.8
89;2021-06-06;22;37;138908;72523;41.8;21.8
89;2021-06-07;2110;1444;141018;73967;42.5;22.3
89;2021-06-08;2196;1451;143214;75418;43.1;22.7
89;2021-06-09;2319;1503;145533;76921;43.8;23.2
89;2021-06-10;2769;1597;148302;78518;44.7;23.6
89;2021-06-11;1941;1745;150243;80263;45.2;24.2
89;2021-06-12;1099;757;151342;81020;45.6;24.4
89;2021-06-13;155;426;151497;81446;45.6;24.5
89;2021-06-14;1308;1822;152805;83268;46.0;25.1
89;2021-06-15;1394;2013;154199;85281;46.4;25.7
89;2021-06-16;1116;2579;155315;87860;46.8;26.5
89;2021-06-17;1426;2338;156741;90198;47.2;27.2
89;2021-06-18;1622;2866;158363;93064;47.7;28.0
89;2021-06-19;682;1663;159045;94727;47.9;28.5
89;2021-06-20;53;127;159098;94854;47.9;28.6
89;2021-06-21;760;1527;159858;96381;48.1;29.0
89;2021-06-22;1048;2681;160906;99062;48.5;29.8
89;2021-06-23;1151;1800;162057;100862;48.8;30.4
89;2021-06-24;1076;1497;163133;102359;49.1;30.8
89;2021-06-25;997;2430;164130;104789;49.4;31.6
89;2021-06-26;555;2487;164685;107276;49.6;32.3
89;2021-06-27;12;28;164697;107304;49.6;32.3
89;2021-06-28;1000;2493;165697;109797;49.9;33.1
89;2021-06-29;672;2405;166369;112202;50.1;33.8
89;2021-06-30;1068;3176;167437;115378;50.4;34.7
89;2021-07-01;1018;2988;168455;118366;50.7;35.6
89;2021-07-02;1102;2753;169557;121119;51.1;36.5
89;2021-07-03;553;1572;170110;122691;51.2;36.9
89;2021-07-04;11;36;170121;122727;51.2;37.0
89;2021-07-05;1290;1835;171411;124562;51.6;37.5
89;2021-07-06;1048;2309;172459;126871;51.9;38.2
89;2021-07-07;661;1788;173120;128659;52.1;38.7
89;2021-07-08;787;1878;173907;130537;52.4;39.3
89;2021-07-09;1128;2603;175035;133140;52.7;40.1
89;2021-07-10;714;815;175749;133955;52.9;40.3
89;2021-07-11;25;39;175774;133994;52.9;40.3
89;2021-07-12;1420;1900;177194;135894;53.4;40.9
89;2021-07-13;2122;2737;179316;138631;54.0;41.7
89;2021-07-14;312;324;179628;138955;54.1;41.8
89;2021-07-15;2228;3222;181856;142177;54.8;42.8
89;2021-07-16;2378;2848;184234;145025;55.5;43.7
89;2021-07-17;1206;1215;185440;146240;55.8;44.0
89;2021-07-18;276;95;185716;146335;55.9;44.1
89;2021-07-19;1547;2801;187263;149136;56.4;44.9
89;2021-07-20;1898;3261;189161;152397;57.0;45.9
89;2021-07-21;2055;2708;191216;155105;57.6;46.7
90;2020-12-27;0;0;0;0;0.0;0.0
90;2020-12-28;0;0;0;0;0.0;0.0
90;2020-12-29;0;0;0;0;0.0;0.0
90;2020-12-30;0;0;0;0;0.0;0.0
90;2020-12-31;0;0;0;0;0.0;0.0
90;2021-01-01;0;0;0;0;0.0;0.0
90;2021-01-02;0;0;0;0;0.0;0.0
90;2021-01-03;0;0;0;0;0.0;0.0
90;2021-01-04;2;0;2;0;0.0;0.0
90;2021-01-05;0;0;2;0;0.0;0.0
90;2021-01-06;0;0;2;0;0.0;0.0
90;2021-01-07;1;0;3;0;0.0;0.0
90;2021-01-08;170;0;173;0;0.1;0.0
90;2021-01-09;46;0;219;0;0.2;0.0
90;2021-01-10;0;0;219;0;0.2;0.0
90;2021-01-11;200;0;419;0;0.3;0.0
90;2021-01-12;430;0;849;0;0.6;0.0
90;2021-01-13;469;2;1318;2;0.9;0.0
90;2021-01-14;414;1;1732;3;1.2;0.0
90;2021-01-15;405;9;2137;12;1.5;0.0
90;2021-01-16;111;2;2248;14;1.6;0.0
90;2021-01-17;1;0;2249;14;1.6;0.0
90;2021-01-18;363;2;2612;16;1.9;0.0
90;2021-01-19;460;4;3072;20;2.2;0.0
90;2021-01-20;390;2;3462;22;2.5;0.0
90;2021-01-21;349;1;3811;23;2.7;0.0
90;2021-01-22;346;2;4157;25;3.0;0.0
90;2021-01-23;98;0;4255;25;3.0;0.0
90;2021-01-24;0;0;4255;25;3.0;0.0
90;2021-01-25;322;3;4577;28;3.3;0.0
90;2021-01-26;224;0;4801;28;3.4;0.0
90;2021-01-27;254;0;5055;28;3.6;0.0
90;2021-01-28;328;33;5383;61;3.8;0.0
90;2021-01-29;291;162;5674;223;4.0;0.2
90;2021-01-30;176;45;5850;268;4.2;0.2
90;2021-01-31;118;0;5968;268;4.3;0.2
90;2021-02-01;273;112;6241;380;4.5;0.3
90;2021-02-02;290;163;6531;543;4.7;0.4
90;2021-02-03;255;368;6786;911;4.8;0.7
90;2021-02-04;256;303;7042;1214;5.0;0.9
90;2021-02-05;266;271;7308;1485;5.2;1.1
90;2021-02-06;89;68;7397;1553;5.3;1.1
90;2021-02-07;0;0;7397;1553;5.3;1.1
90;2021-02-08;170;219;7567;1772;5.4;1.3
90;2021-02-09;139;166;7706;1938;5.5;1.4
90;2021-02-10;182;28;7888;1966;5.6;1.4
90;2021-02-11;228;108;8116;2074;5.8;1.5
90;2021-02-12;127;241;8243;2315;5.9;1.7
90;2021-02-13;95;45;8338;2360;5.9;1.7
90;2021-02-14;0;0;8338;2360;5.9;1.7
90;2021-02-15;113;282;8451;2642;6.0;1.9
90;2021-02-16;92;277;8543;2919;6.1;2.1
90;2021-02-17;178;206;8721;3125;6.2;2.2
90;2021-02-18;129;243;8850;3368;6.3;2.4
90;2021-02-19;64;272;8914;3640;6.4;2.6
90;2021-02-20;39;72;8953;3712;6.4;2.6
90;2021-02-21;0;0;8953;3712;6.4;2.6
90;2021-02-22;76;332;9029;4044;6.4;2.9
90;2021-02-23;40;259;9069;4303;6.5;3.1
90;2021-02-24;109;289;9178;4592;6.5;3.3
90;2021-02-25;88;313;9266;4905;6.6;3.5
90;2021-02-26;89;396;9355;5301;6.7;3.8
90;2021-02-27;140;179;9495;5480;6.8;3.9
90;2021-02-28;8;113;9503;5593;6.8;4.0
90;2021-03-01;214;230;9717;5823;6.9;4.2
90;2021-03-02;178;283;9895;6106;7.1;4.4
90;2021-03-03;239;354;10134;6460;7.2;4.6
90;2021-03-04;258;275;10392;6735;7.4;4.8
90;2021-03-05;358;269;10750;7004;7.7;5.0
90;2021-03-06;291;100;11041;7104;7.9;5.1
90;2021-03-07;18;1;11059;7105;7.9;5.1
90;2021-03-08;246;241;11305;7346;8.1;5.2
90;2021-03-09;424;159;11729;7505;8.4;5.4
90;2021-03-10;345;194;12074;7699;8.6;5.5
90;2021-03-11;348;113;12422;7812;8.9;5.6
90;2021-03-12;519;126;12941;7938;9.2;5.7
90;2021-03-13;539;46;13480;7984;9.6;5.7
90;2021-03-14;20;0;13500;7984;9.6;5.7
90;2021-03-15;385;114;13885;8098;9.9;5.8
90;2021-03-16;400;97;14285;8195;10.2;5.8
90;2021-03-17;323;73;14608;8268;10.4;5.9
90;2021-03-18;348;77;14956;8345;10.7;6.0
90;2021-03-19;468;77;15424;8422;11.0;6.0
90;2021-03-20;426;48;15850;8470;11.3;6.0
90;2021-03-21;7;2;15857;8472;11.3;6.0
90;2021-03-22;399;27;16256;8499;11.6;6.1
90;2021-03-23;733;70;16989;8569;12.1;6.1
90;2021-03-24;815;44;17804;8613;12.7;6.1
90;2021-03-25;945;68;18749;8681;13.4;6.2
90;2021-03-26;1227;53;19976;8734;14.3;6.2
90;2021-03-27;437;27;20413;8761;14.6;6.3
90;2021-03-28;34;0;20447;8761;14.6;6.3
90;2021-03-29;711;137;21158;8898;15.1;6.3
90;2021-03-30;669;151;21827;9049;15.6;6.5
90;2021-03-31;728;75;22555;9124;16.1;6.5
90;2021-04-01;600;111;23155;9235;16.5;6.6
90;2021-04-02;657;88;23812;9323;17.0;6.7
90;2021-04-03;370;38;24182;9361;17.3;6.7
90;2021-04-04;1;0;24183;9361;17.3;6.7
90;2021-04-05;0;0;24183;9361;17.3;6.7
90;2021-04-06;527;247;24710;9608;17.6;6.9
90;2021-04-07;484;259;25194;9867;18.0;7.0
90;2021-04-08;507;244;25701;10111;18.3;7.2
90;2021-04-09;749;262;26450;10373;18.9;7.4
90;2021-04-10;221;8;26671;10381;19.0;7.4
90;2021-04-11;7;0;26678;10381;19.0;7.4
90;2021-04-12;551;478;27229;10859;19.4;7.7
90;2021-04-13;629;526;27858;11385;19.9;8.1
90;2021-04-14;526;347;28384;11732;20.3;8.4
90;2021-04-15;905;280;29289;12012;20.9;8.6
90;2021-04-16;370;403;29659;12415;21.2;8.9
90;2021-04-17;189;127;29848;12542;21.3;8.9
90;2021-04-18;21;0;29869;12542;21.3;8.9
90;2021-04-19;435;566;30304;13108;21.6;9.4
90;2021-04-20;495;618;30799;13726;22.0;9.8
90;2021-04-21;353;494;31152;14220;22.2;10.1
90;2021-04-22;565;598;31717;14818;22.6;10.6
90;2021-04-23;503;744;32220;15562;23.0;11.1
90;2021-04-24;305;202;32525;15764;23.2;11.2
90;2021-04-25;1;0;32526;15764;23.2;11.2
90;2021-04-26;508;751;33034;16515;23.6;11.8
90;2021-04-27;640;678;33674;17193;24.0;12.3
90;2021-04-28;765;444;34439;17637;24.6;12.6
90;2021-04-29;1002;446;35441;18083;25.3;12.9
90;2021-04-30;1121;457;36562;18540;26.1;13.2
90;2021-05-01;60;42;36622;18582;26.1;13.3
90;2021-05-02;4;0;36626;18582;26.1;13.3
90;2021-05-03;901;285;37527;18867;26.8;13.5
90;2021-05-04;786;637;38313;19504;27.3;13.9
90;2021-05-05;894;506;39207;20010;28.0;14.3
90;2021-05-06;850;623;40057;20633;28.6;14.7
90;2021-05-07;440;506;40497;21139;28.9;15.1
90;2021-05-08;26;25;40523;21164;28.9;15.1
90;2021-05-09;5;33;40528;21197;28.9;15.1
90;2021-05-10;505;584;41033;21781;29.3;15.5
90;2021-05-11;777;634;41810;22415;29.8;16.0
90;2021-05-12;529;596;42339;23011;30.2;16.4
90;2021-05-13;1112;263;43451;23274;31.0;16.6
90;2021-05-14;865;401;44316;23675;31.6;16.9
90;2021-05-15;14;125;44330;23800;31.6;17.0
90;2021-05-16;2;7;44332;23807;31.6;17.0
90;2021-05-17;793;288;45125;24095;32.2;17.2
90;2021-05-18;1023;469;46148;24564;32.9;17.5
90;2021-05-19;1262;382;47410;24946;33.8;17.8
90;2021-05-20;1201;266;48611;25212;34.7;18.0
90;2021-05-21;1265;428;49876;25640;35.6;18.3
90;2021-05-22;9;131;49885;25771;35.6;18.4
90;2021-05-23;1;0;49886;25771;35.6;18.4
90;2021-05-24;368;264;50254;26035;35.9;18.6
90;2021-05-25;637;791;50891;26826;36.3;19.1
90;2021-05-26;631;568;51522;27394;36.8;19.5
90;2021-05-27;962;381;52484;27775;37.4;19.8
90;2021-05-28;668;824;53152;28599;37.9;20.4
90;2021-05-29;93;296;53245;28895;38.0;20.6
90;2021-05-30;4;1;53249;28896;38.0;20.6
90;2021-05-31;810;713;54059;29609;38.6;21.1
90;2021-06-01;966;740;55025;30349;39.3;21.7
90;2021-06-02;759;675;55784;31024;39.8;22.1
90;2021-06-03;757;741;56541;31765;40.3;22.7
90;2021-06-04;832;972;57373;32737;40.9;23.4
90;2021-06-05;53;424;57426;33161;41.0;23.7
90;2021-06-06;1;16;57427;33177;41.0;23.7
90;2021-06-07;1263;1080;58690;34257;41.9;24.4
90;2021-06-08;1479;935;60169;35192;42.9;25.1
90;2021-06-09;964;658;61133;35850;43.6;25.6
90;2021-06-10;617;495;61750;36345;44.1;25.9
90;2021-06-11;785;1125;62535;37470;44.6;26.7
90;2021-06-12;802;296;63337;37766;45.2;26.9
90;2021-06-13;10;12;63347;37778;45.2;27.0
90;2021-06-14;259;973;63606;38751;45.4;27.7
90;2021-06-15;563;879;64169;39630;45.8;28.3
90;2021-06-16;503;547;64672;40177;46.1;28.7
90;2021-06-17;435;638;65107;40815;46.5;29.1
90;2021-06-18;604;992;65711;41807;46.9;29.8
90;2021-06-19;449;168;66160;41975;47.2;30.0
90;2021-06-20;0;28;66160;42003;47.2;30.0
90;2021-06-21;253;1178;66413;43181;47.4;30.8
90;2021-06-22;380;951;66793;44132;47.7;31.5
90;2021-06-23;410;632;67203;44764;48.0;31.9
90;2021-06-24;308;602;67511;45366;48.2;32.4
90;2021-06-25;420;1273;67931;46639;48.5;33.3
90;2021-06-26;420;562;68351;47201;48.8;33.7
90;2021-06-27;2;6;68353;47207;48.8;33.7
90;2021-06-28;371;1299;68724;48506;49.0;34.6
90;2021-06-29;298;1305;69022;49811;49.3;35.5
90;2021-06-30;476;1228;69498;51039;49.6;36.4
90;2021-07-01;334;922;69832;51961;49.8;37.1
90;2021-07-02;497;1205;70329;53166;50.2;37.9
90;2021-07-03;42;129;70371;53295;50.2;38.0
90;2021-07-04;0;21;70371;53316;50.2;38.0
90;2021-07-05;391;1012;70762;54328;50.5;38.8
90;2021-07-06;505;968;71267;55296;50.9;39.5
90;2021-07-07;362;998;71629;56294;51.1;40.2
90;2021-07-08;301;607;71930;56901;51.3;40.6
90;2021-07-09;432;949;72362;57850;51.6;41.3
90;2021-07-10;27;90;72389;57940;51.7;41.3
90;2021-07-11;5;17;72394;57957;51.7;41.4
90;2021-07-12;238;1077;72632;59034;51.8;42.1
90;2021-07-13;473;1158;73105;60192;52.2;42.9
90;2021-07-14;0;8;73105;60200;52.2;43.0
90;2021-07-15;779;1439;73884;61639;52.7;44.0
90;2021-07-16;814;1682;74698;63321;53.3;45.2
90;2021-07-17;480;955;75178;64276;53.6;45.9
90;2021-07-18;4;2;75182;64278;53.6;45.9
90;2021-07-19;1179;1457;76361;65735;54.5;46.9
90;2021-07-20;1330;1127;77691;66862;55.4;47.7
90;2021-07-21;1381;971;79072;67833;56.4;48.4
91;2020-12-27;0;0;0;0;0.0;0.0
91;2020-12-28;0;0;0;0;0.0;0.0
91;2020-12-29;1;0;1;0;0.0;0.0
91;2020-12-30;0;0;1;0;0.0;0.0
91;2020-12-31;0;0;1;0;0.0;0.0
91;2021-01-01;3;0;4;0;0.0;0.0
91;2021-01-02;0;0;4;0;0.0;0.0
91;2021-01-03;0;0;4;0;0.0;0.0
91;2021-01-04;1;0;5;0;0.0;0.0
91;2021-01-05;71;0;76;0;0.0;0.0
91;2021-01-06;188;1;264;1;0.0;0.0
91;2021-01-07;523;6;787;7;0.1;0.0
91;2021-01-08;393;0;1180;7;0.1;0.0
91;2021-01-09;88;3;1268;10;0.1;0.0
91;2021-01-10;0;0;1268;10;0.1;0.0
91;2021-01-11;596;3;1864;13;0.1;0.0
91;2021-01-12;899;8;2763;21;0.2;0.0
91;2021-01-13;702;5;3465;26;0.3;0.0
91;2021-01-14;718;9;4183;35;0.3;0.0
91;2021-01-15;567;2;4750;37;0.4;0.0
91;2021-01-16;316;8;5066;45;0.4;0.0
91;2021-01-17;116;1;5182;46;0.4;0.0
91;2021-01-18;991;5;6173;51;0.5;0.0
91;2021-01-19;1859;13;8032;64;0.6;0.0
91;2021-01-20;2366;17;10398;81;0.8;0.0
91;2021-01-21;2087;14;12485;95;0.9;0.0
91;2021-01-22;1811;8;14296;103;1.1;0.0
91;2021-01-23;412;1;14708;104;1.1;0.0
91;2021-01-24;49;0;14757;104;1.1;0.0
91;2021-01-25;1047;3;15804;107;1.2;0.0
91;2021-01-26;1571;39;17375;146;1.3;0.0
91;2021-01-27;2410;97;19785;243;1.5;0.0
91;2021-01-28;1971;219;21756;462;1.6;0.0
91;2021-01-29;1746;61;23502;523;1.8;0.0
91;2021-01-30;419;7;23921;530;1.8;0.0
91;2021-01-31;54;0;23975;530;1.8;0.0
91;2021-02-01;959;219;24934;749;1.9;0.1
91;2021-02-02;857;366;25791;1115;2.0;0.1
91;2021-02-03;935;571;26726;1686;2.0;0.1
91;2021-02-04;883;280;27609;1966;2.1;0.1
91;2021-02-05;1032;354;28641;2320;2.2;0.2
91;2021-02-06;335;91;28976;2411;2.2;0.2
91;2021-02-07;13;0;28989;2411;2.2;0.2
91;2021-02-08;902;603;29891;3014;2.3;0.2
91;2021-02-09;961;861;30852;3875;2.3;0.3
91;2021-02-10;1066;989;31918;4864;2.4;0.4
91;2021-02-11;1119;996;33037;5860;2.5;0.4
91;2021-02-12;1053;834;34090;6694;2.6;0.5
91;2021-02-13;331;360;34421;7054;2.6;0.5
91;2021-02-14;18;112;34439;7166;2.6;0.5
91;2021-02-15;365;1266;34804;8432;2.6;0.6
91;2021-02-16;548;1774;35352;10206;2.7;0.8
91;2021-02-17;810;2679;36162;12885;2.7;1.0
91;2021-02-18;936;2014;37098;14899;2.8;1.1
91;2021-02-19;855;1387;37953;16286;2.9;1.2
91;2021-02-20;165;362;38118;16648;2.9;1.3
91;2021-02-21;11;51;38129;16699;2.9;1.3
91;2021-02-22;335;1212;38464;17911;2.9;1.4
91;2021-02-23;393;1075;38857;18986;2.9;1.4
91;2021-02-24;470;1059;39327;20045;3.0;1.5
91;2021-02-25;728;1019;40055;21064;3.0;1.6
91;2021-02-26;1093;1056;41148;22120;3.1;1.7
91;2021-02-27;610;327;41758;22447;3.2;1.7
91;2021-02-28;64;68;41822;22515;3.2;1.7
91;2021-03-01;931;1069;42753;23584;3.2;1.8
91;2021-03-02;1253;1091;44006;24675;3.3;1.9
91;2021-03-03;1464;1275;45470;25950;3.4;2.0
91;2021-03-04;2414;1108;47884;27058;3.6;2.1
91;2021-03-05;3346;1154;51230;28212;3.9;2.1
91;2021-03-06;4902;445;56132;28657;4.3;2.2
91;2021-03-07;3210;95;59342;28752;4.5;2.2
91;2021-03-08;1469;1063;60811;29815;4.6;2.3
91;2021-03-09;2621;983;63432;30798;4.8;2.3
91;2021-03-10;2612;1014;66044;31812;5.0;2.4
91;2021-03-11;3779;1100;69823;32912;5.3;2.5
91;2021-03-12;4767;1020;74590;33932;5.7;2.6
91;2021-03-13;5252;307;79842;34239;6.1;2.6
91;2021-03-14;301;24;80143;34263;6.1;2.6
91;2021-03-15;2973;431;83116;34694;6.3;2.6
91;2021-03-16;2593;373;85709;35067;6.5;2.7
91;2021-03-17;2218;346;87927;35413;6.7;2.7
91;2021-03-18;2369;396;90296;35809;6.8;2.7
91;2021-03-19;4090;371;94386;36180;7.2;2.7
91;2021-03-20;3607;167;97993;36347;7.4;2.8
91;2021-03-21;137;30;98130;36377;7.4;2.8
91;2021-03-22;3146;601;101276;36978;7.7;2.8
91;2021-03-23;4136;695;105412;37673;8.0;2.9
91;2021-03-24;3933;487;109345;38160;8.3;2.9
91;2021-03-25;5052;514;114397;38674;8.7;2.9
91;2021-03-26;5543;533;119940;39207;9.1;3.0
91;2021-03-27;4986;316;124926;39523;9.5;3.0
91;2021-03-28;282;56;125208;39579;9.5;3.0
91;2021-03-29;3302;1031;128510;40610;9.7;3.1
91;2021-03-30;4419;1197;132929;41807;10.1;3.2
91;2021-03-31;3360;1329;136289;43136;10.3;3.3
91;2021-04-01;3736;1665;140025;44801;10.6;3.4
91;2021-04-02;3877;2299;143902;47100;10.9;3.6
91;2021-04-03;1871;2875;145773;49975;11.0;3.8
91;2021-04-04;646;1319;146419;51294;11.1;3.9
91;2021-04-05;560;129;146979;51423;11.1;3.9
91;2021-04-06;3397;1782;150376;53205;11.4;4.0
91;2021-04-07;3408;1929;153784;55134;11.7;4.2
91;2021-04-08;4653;2131;158437;57265;12.0;4.3
91;2021-04-09;5331;2120;163768;59385;12.4;4.5
91;2021-04-10;2727;2816;166495;62201;12.6;4.7
91;2021-04-11;189;141;166684;62342;12.6;4.7
91;2021-04-12;2850;2280;169534;64622;12.8;4.9
91;2021-04-13;3751;2639;173285;67261;13.1;5.1
91;2021-04-14;3702;2312;176987;69573;13.4;5.3
91;2021-04-15;4475;2495;181462;72068;13.8;5.5
91;2021-04-16;4547;2785;186009;74853;14.1;5.7
91;2021-04-17;2981;2077;188990;76930;14.3;5.8
91;2021-04-18;265;69;189255;76999;14.3;5.8
91;2021-04-19;2301;2731;191556;79730;14.5;6.0
91;2021-04-20;3183;2983;194739;82713;14.8;6.3
91;2021-04-21;2983;2894;197722;85607;15.0;6.5
91;2021-04-22;3153;3355;200875;88962;15.2;6.7
91;2021-04-23;3706;3343;204581;92305;15.5;7.0
91;2021-04-24;3481;3718;208062;96023;15.8;7.3
91;2021-04-25;2613;641;210675;96664;16.0;7.3
91;2021-04-26;3484;2791;214159;99455;16.2;7.5
91;2021-04-27;4473;2911;218632;102366;16.6;7.8
91;2021-04-28;4562;2692;223194;105058;16.9;8.0
91;2021-04-29;5729;3040;228923;108098;17.4;8.2
91;2021-04-30;5371;2842;234294;110940;17.8;8.4
91;2021-05-01;3510;514;237804;111454;18.0;8.4
91;2021-05-02;623;132;238427;111586;18.1;8.5
91;2021-05-03;5200;2283;243627;113869;18.5;8.6
91;2021-05-04;5585;3163;249212;117032;18.9;8.9
91;2021-05-05;4845;2861;254057;119893;19.3;9.1
91;2021-05-06;5235;3368;259292;123261;19.7;9.3
91;2021-05-07;6123;3734;265415;126995;20.1;9.6
91;2021-05-08;6510;952;271925;127947;20.6;9.7
91;2021-05-09;4803;559;276728;128506;21.0;9.7
91;2021-05-10;5892;3000;282620;131506;21.4;10.0
91;2021-05-11;6830;3823;289450;135329;21.9;10.3
91;2021-05-12;5872;3422;295322;138751;22.4;10.5
91;2021-05-13;4818;1076;300140;139827;22.7;10.6
91;2021-05-14;6544;2383;306684;142210;23.2;10.8
91;2021-05-15;7791;1910;314475;144120;23.8;10.9
91;2021-05-16;4582;369;319057;144489;24.2;11.0
91;2021-05-17;6951;1711;326008;146200;24.7;11.1
91;2021-05-18;8111;1730;334119;147930;25.3;11.2
91;2021-05-19;7100;1693;341219;149623;25.9;11.3
91;2021-05-20;8195;2137;349414;151760;26.5;11.5
91;2021-05-21;8132;2576;357546;154336;27.1;11.7
91;2021-05-22;7656;1543;365202;155879;27.7;11.8
91;2021-05-23;4797;520;369999;156399;28.0;11.9
91;2021-05-24;5013;597;375012;156996;28.4;11.9
91;2021-05-25;7623;2646;382635;159642;29.0;12.1
91;2021-05-26;6862;2935;389497;162577;29.5;12.3
91;2021-05-27;7959;3439;397456;166016;30.1;12.6
91;2021-05-28;7525;4308;404981;170324;30.7;12.9
91;2021-05-29;9290;3499;414271;173823;31.4;13.2
91;2021-05-30;5952;963;420223;174786;31.8;13.2
91;2021-05-31;6738;3693;426961;178479;32.4;13.5
91;2021-06-01;7766;4765;434727;183244;32.9;13.9
91;2021-06-02;7438;3954;442165;187198;33.5;14.2
91;2021-06-03;7849;4765;450014;191963;34.1;14.5
91;2021-06-04;7168;5711;457182;197674;34.7;15.0
91;2021-06-05;6379;5798;463561;203472;35.1;15.4
91;2021-06-06;4086;2505;467647;205977;35.4;15.6
91;2021-06-07;5877;5475;473524;211452;35.9;16.0
91;2021-06-08;7030;5782;480554;217234;36.4;16.5
91;2021-06-09;6454;5132;487008;222366;36.9;16.9
91;2021-06-10;7139;5763;494147;228129;37.5;17.3
91;2021-06-11;6519;7103;500666;235232;37.9;17.8
91;2021-06-12;6204;7352;506870;242584;38.4;18.4
91;2021-06-13;2820;2314;509690;244898;38.6;18.6
91;2021-06-14;4203;7190;513893;252088;38.9;19.1
91;2021-06-15;5525;7246;519418;259334;39.4;19.7
91;2021-06-16;5270;6435;524688;265769;39.8;20.1
91;2021-06-17;6201;7127;530889;272896;40.2;20.7
91;2021-06-18;4582;8731;535471;281627;40.6;21.3
91;2021-06-19;4103;7144;539574;288771;40.9;21.9
91;2021-06-20;995;4209;540569;292980;41.0;22.2
91;2021-06-21;3204;7227;543773;300207;41.2;22.8
91;2021-06-22;4136;9218;547909;309425;41.5;23.5
91;2021-06-23;4274;7955;552183;317380;41.9;24.1
91;2021-06-24;4813;8471;556996;325851;42.2;24.7
91;2021-06-25;3423;9176;560419;335027;42.5;25.4
91;2021-06-26;2853;8034;563272;343061;42.7;26.0
91;2021-06-27;545;2998;563817;346059;42.7;26.2
91;2021-06-28;3061;8233;566878;354292;43.0;26.9
91;2021-06-29;3533;9626;570411;363918;43.2;27.6
91;2021-06-30;3910;8678;574321;372596;43.5;28.2
91;2021-07-01;3916;8862;578237;381458;43.8;28.9
91;2021-07-02;3719;9302;581956;390760;44.1;29.6
91;2021-07-03;2803;9779;584759;400539;44.3;30.4
91;2021-07-04;831;4722;585590;405261;44.4;30.7
91;2021-07-05;2627;7262;588217;412523;44.6;31.3
91;2021-07-06;3657;9418;591874;421941;44.9;32.0
91;2021-07-07;3746;8577;595620;430518;45.1;32.6
91;2021-07-08;4309;8979;599929;439497;45.5;33.3
91;2021-07-09;3912;9941;603841;449438;45.8;34.1
91;2021-07-10;3321;10206;607162;459644;46.0;34.8
91;2021-07-11;979;4792;608141;464436;46.1;35.2
91;2021-07-12;2782;8879;610923;473315;46.3;35.9
91;2021-07-13;4433;10357;615356;483672;46.6;36.7
91;2021-07-14;2268;3563;617624;487235;46.8;36.9
91;2021-07-15;4503;9786;622127;497021;47.2;37.7
91;2021-07-16;6210;9699;628337;506720;47.6;38.4
91;2021-07-17;5633;9009;633970;515729;48.0;39.1
91;2021-07-18;3239;3608;637209;519337;48.3;39.4
91;2021-07-19;3709;7501;640918;526838;48.6;39.9
91;2021-07-20;5946;9250;646864;536088;49.0;40.6
91;2021-07-21;6051;7625;652915;543713;49.5;41.2
92;2020-12-27;1;0;1;0;0.0;0.0
92;2020-12-28;7;0;8;0;0.0;0.0
92;2020-12-29;51;0;59;0;0.0;0.0
92;2020-12-30;25;0;84;0;0.0;0.0
92;2020-12-31;2;0;86;0;0.0;0.0
92;2021-01-01;11;1;97;1;0.0;0.0
92;2021-01-02;0;0;97;1;0.0;0.0
92;2021-01-03;2;0;99;1;0.0;0.0
92;2021-01-04;54;1;153;2;0.0;0.0
92;2021-01-05;219;1;372;3;0.0;0.0
92;2021-01-06;402;3;774;6;0.0;0.0
92;2021-01-07;653;5;1427;11;0.1;0.0
92;2021-01-08;832;4;2259;15;0.1;0.0
92;2021-01-09;114;1;2373;16;0.1;0.0
92;2021-01-10;37;0;2410;16;0.1;0.0
92;2021-01-11;832;4;3242;20;0.2;0.0
92;2021-01-12;1282;9;4524;29;0.3;0.0
92;2021-01-13;1227;13;5751;42;0.4;0.0
92;2021-01-14;1178;16;6929;58;0.4;0.0
92;2021-01-15;958;6;7887;64;0.5;0.0
92;2021-01-16;172;1;8059;65;0.5;0.0
92;2021-01-17;13;0;8072;65;0.5;0.0
92;2021-01-18;1532;22;9604;87;0.6;0.0
92;2021-01-19;1541;21;11145;108;0.7;0.0
92;2021-01-20;1789;14;12934;122;0.8;0.0
92;2021-01-21;3391;17;16325;139;1.0;0.0
92;2021-01-22;2593;43;18918;182;1.2;0.0
92;2021-01-23;128;0;19046;182;1.2;0.0
92;2021-01-24;11;0;19057;182;1.2;0.0
92;2021-01-25;827;15;19884;197;1.2;0.0
92;2021-01-26;1203;12;21087;209;1.3;0.0
92;2021-01-27;2199;93;23286;302;1.4;0.0
92;2021-01-28;4037;180;27323;482;1.7;0.0
92;2021-01-29;2702;263;30025;745;1.9;0.0
92;2021-01-30;316;12;30341;757;1.9;0.0
92;2021-01-31;17;2;30358;759;1.9;0.0
92;2021-02-01;851;323;31209;1082;1.9;0.1
92;2021-02-02;1042;356;32251;1438;2.0;0.1
92;2021-02-03;992;451;33243;1889;2.1;0.1
92;2021-02-04;1031;548;34274;2437;2.1;0.2
92;2021-02-05;1324;502;35598;2939;2.2;0.2
92;2021-02-06;105;17;35703;2956;2.2;0.2
92;2021-02-07;5;14;35708;2970;2.2;0.2
92;2021-02-08;563;736;36271;3706;2.2;0.2
92;2021-02-09;1053;1300;37324;5006;2.3;0.3
92;2021-02-10;1055;1304;38379;6310;2.4;0.4
92;2021-02-11;1482;1929;39861;8239;2.5;0.5
92;2021-02-12;1397;1482;41258;9721;2.6;0.6
92;2021-02-13;65;61;41323;9782;2.6;0.6
92;2021-02-14;6;0;41329;9782;2.6;0.6
92;2021-02-15;561;1665;41890;11447;2.6;0.7
92;2021-02-16;774;2062;42664;13509;2.6;0.8
92;2021-02-17;603;1756;43267;15265;2.7;0.9
92;2021-02-18;1551;3659;44818;18924;2.8;1.2
92;2021-02-19;1711;2651;46529;21575;2.9;1.3
92;2021-02-20;137;401;46666;21976;2.9;1.4
92;2021-02-21;22;53;46688;22029;2.9;1.4
92;2021-02-22;482;1224;47170;23253;2.9;1.4
92;2021-02-23;719;1365;47889;24618;3.0;1.5
92;2021-02-24;597;1297;48486;25915;3.0;1.6
92;2021-02-25;896;1819;49382;27734;3.1;1.7
92;2021-02-26;1439;1367;50821;29101;3.1;1.8
92;2021-02-27;489;188;51310;29289;3.2;1.8
92;2021-02-28;57;56;51367;29345;3.2;1.8
92;2021-03-01;1080;1043;52447;30388;3.2;1.9
92;2021-03-02;1948;1361;54395;31749;3.4;2.0
92;2021-03-03;2767;1082;57162;32831;3.5;2.0
92;2021-03-04;3560;1518;60722;34349;3.8;2.1
92;2021-03-05;4942;1697;65664;36046;4.1;2.2
92;2021-03-06;5698;304;71362;36350;4.4;2.3
92;2021-03-07;2889;219;74251;36569;4.6;2.3
92;2021-03-08;2400;807;76651;37376;4.7;2.3
92;2021-03-09;3413;1012;80064;38388;5.0;2.4
92;2021-03-10;3910;909;83974;39297;5.2;2.4
92;2021-03-11;4991;1366;88965;40663;5.5;2.5
92;2021-03-12;6741;1515;95706;42178;5.9;2.6
92;2021-03-13;5136;204;100842;42382;6.2;2.6
92;2021-03-14;1724;64;102566;42446;6.4;2.6
92;2021-03-15;3771;576;106337;43022;6.6;2.7
92;2021-03-16;3673;576;110010;43598;6.8;2.7
92;2021-03-17;3852;399;113862;43997;7.1;2.7
92;2021-03-18;4103;730;117965;44727;7.3;2.8
92;2021-03-19;5895;683;123860;45410;7.7;2.8
92;2021-03-20;2520;66;126380;45476;7.8;2.8
92;2021-03-21;132;30;126512;45506;7.8;2.8
92;2021-03-22;4084;468;130596;45974;8.1;2.8
92;2021-03-23;6074;844;136670;46818;8.5;2.9
92;2021-03-24;6354;616;143024;47434;8.9;2.9
92;2021-03-25;8409;607;151433;48041;9.4;3.0
92;2021-03-26;8335;864;159768;48905;9.9;3.0
92;2021-03-27;2811;256;162579;49161;10.1;3.0
92;2021-03-28;528;34;163107;49195;10.1;3.0
92;2021-03-29;4644;1047;167751;50242;10.4;3.1
92;2021-03-30;6374;1528;174125;51770;10.8;3.2
92;2021-03-31;5518;2230;179643;54000;11.1;3.3
92;2021-04-01;6240;3659;185883;57659;11.5;3.6
92;2021-04-02;5598;3394;191481;61053;11.9;3.8
92;2021-04-03;866;1416;192347;62469;11.9;3.9
92;2021-04-04;478;1062;192825;63531;11.9;3.9
92;2021-04-05;802;153;193627;63684;12.0;3.9
92;2021-04-06;3625;1949;197252;65633;12.2;4.1
92;2021-04-07;4980;2877;202232;68510;12.5;4.2
92;2021-04-08;5940;3163;208172;71673;12.9;4.4
92;2021-04-09;8007;3013;216179;74686;13.4;4.6
92;2021-04-10;2620;1287;218799;75973;13.6;4.7
92;2021-04-11;145;807;218944;76780;13.6;4.8
92;2021-04-12;3661;2509;222605;79289;13.8;4.9
92;2021-04-13;4359;4429;226964;83718;14.1;5.2
92;2021-04-14;4856;4029;231820;87747;14.4;5.4
92;2021-04-15;5275;3935;237095;91682;14.7;5.7
92;2021-04-16;5033;3841;242128;95523;15.0;5.9
92;2021-04-17;1786;1187;243914;96710;15.1;6.0
92;2021-04-18;327;93;244241;96803;15.1;6.0
92;2021-04-19;2788;2836;247029;99639;15.3;6.2
92;2021-04-20;4180;3745;251209;103384;15.6;6.4
92;2021-04-21;4598;4504;255807;107888;15.9;6.7
92;2021-04-22;4647;5110;260454;112998;16.1;7.0
92;2021-04-23;5176;4636;265630;117634;16.5;7.3
92;2021-04-24;4930;1904;270560;119538;16.8;7.4
92;2021-04-25;1787;148;272347;119686;16.9;7.4
92;2021-04-26;3979;3618;276326;123304;17.1;7.6
92;2021-04-27;6038;5249;282364;128553;17.5;8.0
92;2021-04-28;7361;4493;289725;133046;18.0;8.2
92;2021-04-29;7971;4762;297696;137808;18.4;8.5
92;2021-04-30;8825;4817;306521;142625;19.0;8.8
92;2021-05-01;1190;403;307711;143028;19.1;8.9
92;2021-05-02;654;137;308365;143165;19.1;8.9
92;2021-05-03;6771;3890;315136;147055;19.5;9.1
92;2021-05-04;10377;4354;325513;151409;20.2;9.4
92;2021-05-05;10052;5250;335565;156659;20.8;9.7
92;2021-05-06;11405;4903;346970;161562;21.5;10.0
92;2021-05-07;9847;5285;356817;166847;22.1;10.3
92;2021-05-08;7198;1919;364015;168766;22.6;10.5
92;2021-05-09;3781;600;367796;169366;22.8;10.5
92;2021-05-10;9510;3997;377306;173363;23.4;10.7
92;2021-05-11;13964;5686;391270;179049;24.2;11.1
92;2021-05-12;14255;4568;405525;183617;25.1;11.4
92;2021-05-13;9150;912;414675;184529;25.7;11.4
92;2021-05-14;12014;2308;426689;186837;26.4;11.6
92;2021-05-15;8375;1230;435064;188067;27.0;11.7
92;2021-05-16;4128;448;439192;188515;27.2;11.7
92;2021-05-17;10636;2216;449828;190731;27.9;11.8
92;2021-05-18;16357;3121;466185;193852;28.9;12.0
92;2021-05-19;16002;3718;482187;197570;29.9;12.2
92;2021-05-20;16811;3976;498998;201546;30.9;12.5
92;2021-05-21;14065;3639;513063;205185;31.8;12.7
92;2021-05-22;8302;1521;521365;206706;32.3;12.8
92;2021-05-23;4077;452;525442;207158;32.6;12.8
92;2021-05-24;6104;850;531546;208008;32.9;12.9
92;2021-05-25;13092;4547;544638;212555;33.7;13.2
92;2021-05-26;11905;5033;556543;217588;34.5;13.5
92;2021-05-27;12712;6315;569255;223903;35.3;13.9
92;2021-05-28;11211;6272;580466;230175;36.0;14.3
92;2021-05-29;5439;2298;585905;232473;36.3;14.4
92;2021-05-30;2242;386;588147;232859;36.4;14.4
92;2021-05-31;12038;5305;600185;238164;37.2;14.8
92;2021-06-01;12525;7615;612710;245779;38.0;15.2
92;2021-06-02;14340;7192;627050;252971;38.9;15.7
92;2021-06-03;14566;8011;641616;260982;39.8;16.2
92;2021-06-04;12202;8219;653818;269201;40.5;16.7
92;2021-06-05;7382;6253;661200;275454;41.0;17.1
92;2021-06-06;3581;1675;664781;277129;41.2;17.2
92;2021-06-07;11414;7624;676195;284753;41.9;17.6
92;2021-06-08;12723;9578;688918;294331;42.7;18.2
92;2021-06-09;11622;9455;700540;303786;43.4;18.8
92;2021-06-10;11848;10549;712388;314335;44.1;19.5
92;2021-06-11;8105;11024;720493;325359;44.6;20.2
92;2021-06-12;6301;5084;726794;330443;45.0;20.5
92;2021-06-13;3912;2710;730706;333153;45.3;20.6
92;2021-06-14;4801;11169;735507;344322;45.6;21.3
92;2021-06-15;6440;13125;741947;357447;46.0;22.1
92;2021-06-16;6882;12980;748829;370427;46.4;23.0
92;2021-06-17;7340;13997;756169;384424;46.9;23.8
92;2021-06-18;6846;14373;763015;398797;47.3;24.7
92;2021-06-19;3932;9101;766947;407898;47.5;25.3
92;2021-06-20;1917;5611;768864;413509;47.6;25.6
92;2021-06-21;4768;12262;773632;425771;47.9;26.4
92;2021-06-22;5761;17558;779393;443329;48.3;27.5
92;2021-06-23;5418;16003;784811;459332;48.6;28.5
92;2021-06-24;6114;15125;790925;474457;49.0;29.4
92;2021-06-25;5056;16097;795981;490554;49.3;30.4
92;2021-06-26;4048;10448;800029;501002;49.6;31.0
92;2021-06-27;1835;6053;801864;507055;49.7;31.4
92;2021-06-28;3640;12052;805504;519107;49.9;32.2
92;2021-06-29;4616;18154;810120;537261;50.2;33.3
92;2021-06-30;4301;16218;814421;553479;50.5;34.3
92;2021-07-01;5217;16285;819638;569764;50.8;35.3
92;2021-07-02;4732;15263;824370;585027;51.1;36.3
92;2021-07-03;3269;10167;827639;595194;51.3;36.9
92;2021-07-04;1107;4205;828746;599399;51.4;37.1
92;2021-07-05;4720;12307;833466;611706;51.6;37.9
92;2021-07-06;5154;15776;838620;627482;52.0;38.9
92;2021-07-07;4196;11431;842816;638913;52.2;39.6
92;2021-07-08;5354;14632;848170;653545;52.6;40.5
92;2021-07-09;5807;14167;853977;667712;52.9;41.4
92;2021-07-10;4157;8419;858134;676131;53.2;41.9
92;2021-07-11;1462;2615;859596;678746;53.3;42.1
92;2021-07-12;4311;14596;863907;693342;53.5;43.0
92;2021-07-13;7779;17398;871686;710740;54.0;44.0
92;2021-07-14;5036;5712;876722;716452;54.3;44.4
92;2021-07-15;9445;16194;886167;732646;54.9;45.4
92;2021-07-16;8959;14110;895126;746756;55.5;46.3
92;2021-07-17;6482;7555;901608;754311;55.9;46.7
92;2021-07-18;1811;2470;903419;756781;56.0;46.9
92;2021-07-19;6354;13122;909773;769903;56.4;47.7
92;2021-07-20;9914;14136;919687;784039;57.0;48.6
92;2021-07-21;10265;11956;929952;795995;57.6;49.3
93;2020-12-27;9;2;9;2;0.0;0.0
93;2020-12-28;0;0;9;2;0.0;0.0
93;2020-12-29;0;0;9;2;0.0;0.0
93;2020-12-30;42;0;51;2;0.0;0.0
93;2020-12-31;1;0;52;2;0.0;0.0
93;2021-01-01;5;0;57;2;0.0;0.0
93;2021-01-02;0;0;57;2;0.0;0.0
93;2021-01-03;0;0;57;2;0.0;0.0
93;2021-01-04;0;0;57;2;0.0;0.0
93;2021-01-05;59;0;116;2;0.0;0.0
93;2021-01-06;179;0;295;2;0.0;0.0
93;2021-01-07;373;3;668;5;0.0;0.0
93;2021-01-08;629;2;1297;7;0.1;0.0
93;2021-01-09;21;0;1318;7;0.1;0.0
93;2021-01-10;1;0;1319;7;0.1;0.0
93;2021-01-11;500;5;1819;12;0.1;0.0
93;2021-01-12;749;3;2568;15;0.2;0.0
93;2021-01-13;750;6;3318;21;0.2;0.0
93;2021-01-14;681;17;3999;38;0.2;0.0
93;2021-01-15;513;2;4512;40;0.3;0.0
93;2021-01-16;135;3;4647;43;0.3;0.0
93;2021-01-17;5;1;4652;44;0.3;0.0
93;2021-01-18;1189;6;5841;50;0.3;0.0
93;2021-01-19;1604;15;7445;65;0.4;0.0
93;2021-01-20;1551;10;8996;75;0.5;0.0
93;2021-01-21;1914;15;10910;90;0.7;0.0
93;2021-01-22;1382;13;12292;103;0.7;0.0
93;2021-01-23;711;8;13003;111;0.8;0.0
93;2021-01-24;0;0;13003;111;0.8;0.0
93;2021-01-25;1202;13;14205;124;0.9;0.0
93;2021-01-26;1289;36;15494;160;0.9;0.0
93;2021-01-27;2150;53;17644;213;1.1;0.0
93;2021-01-28;2258;201;19902;414;1.2;0.0
93;2021-01-29;1618;227;21520;641;1.3;0.0
93;2021-01-30;924;45;22444;686;1.3;0.0
93;2021-01-31;2;7;22446;693;1.3;0.0
93;2021-02-01;1176;171;23622;864;1.4;0.1
93;2021-02-02;1155;310;24777;1174;1.5;0.1
93;2021-02-03;1227;404;26004;1578;1.6;0.1
93;2021-02-04;918;576;26922;2154;1.6;0.1
93;2021-02-05;798;434;27720;2588;1.7;0.2
93;2021-02-06;693;71;28413;2659;1.7;0.2
93;2021-02-07;2;0;28415;2659;1.7;0.2
93;2021-02-08;907;648;29322;3307;1.8;0.2
93;2021-02-09;850;613;30172;3920;1.8;0.2
93;2021-02-10;880;677;31052;4597;1.9;0.3
93;2021-02-11;1239;830;32291;5427;1.9;0.3
93;2021-02-12;1040;638;33331;6065;2.0;0.4
93;2021-02-13;392;263;33723;6328;2.0;0.4
93;2021-02-14;12;59;33735;6387;2.0;0.4
93;2021-02-15;410;1286;34145;7673;2.0;0.5
93;2021-02-16;542;1239;34687;8912;2.1;0.5
93;2021-02-17;544;1774;35231;10686;2.1;0.6
93;2021-02-18;1129;1880;36360;12566;2.2;0.8
93;2021-02-19;990;1543;37350;14109;2.2;0.8
93;2021-02-20;302;667;37652;14776;2.3;0.9
93;2021-02-21;7;23;37659;14799;2.3;0.9
93;2021-02-22;597;1299;38256;16098;2.3;1.0
93;2021-02-23;561;1127;38817;17225;2.3;1.0
93;2021-02-24;640;1230;39457;18455;2.4;1.1
93;2021-02-25;891;1074;40348;19529;2.4;1.2
93;2021-02-26;1119;984;41467;20513;2.5;1.2
93;2021-02-27;540;621;42007;21134;2.5;1.3
93;2021-02-28;87;56;42094;21190;2.5;1.3
93;2021-03-01;1082;1072;43176;22262;2.6;1.3
93;2021-03-02;1444;1148;44620;23410;2.7;1.4
93;2021-03-03;1730;1207;46350;24617;2.8;1.5
93;2021-03-04;2700;1113;49050;25730;2.9;1.5
93;2021-03-05;3811;865;52861;26595;3.2;1.6
93;2021-03-06;5044;566;57905;27161;3.5;1.6
93;2021-03-07;4298;173;62203;27334;3.7;1.6
93;2021-03-08;2031;1241;64234;28575;3.8;1.7
93;2021-03-09;2910;961;67144;29536;4.0;1.8
93;2021-03-10;2845;1090;69989;30626;4.2;1.8
93;2021-03-11;3518;1214;73507;31840;4.4;1.9
93;2021-03-12;4124;1257;77631;33097;4.6;2.0
93;2021-03-13;4285;590;81916;33687;4.9;2.0
93;2021-03-14;875;61;82791;33748;5.0;2.0
93;2021-03-15;3548;660;86339;34408;5.2;2.1
93;2021-03-16;3147;607;89486;35015;5.4;2.1
93;2021-03-17;2636;590;92122;35605;5.5;2.1
93;2021-03-18;3303;698;95425;36303;5.7;2.2
93;2021-03-19;3760;624;99185;36927;5.9;2.2
93;2021-03-20;3458;267;102643;37194;6.1;2.2
93;2021-03-21;808;267;103451;37461;6.2;2.2
93;2021-03-22;3843;590;107294;38051;6.4;2.3
93;2021-03-23;4749;773;112043;38824;6.7;2.3
93;2021-03-24;4101;664;116144;39488;7.0;2.4
93;2021-03-25;5576;809;121720;40297;7.3;2.4
93;2021-03-26;5536;850;127256;41147;7.6;2.5
93;2021-03-27;4273;292;131529;41439;7.9;2.5
93;2021-03-28;606;36;132135;41475;7.9;2.5
93;2021-03-29;3852;949;135987;42424;8.1;2.5
93;2021-03-30;4724;1245;140711;43669;8.4;2.6
93;2021-03-31;3908;1217;144619;44886;8.7;2.7
93;2021-04-01;4041;3115;148660;48001;8.9;2.9
93;2021-04-02;3213;3547;151873;51548;9.1;3.1
93;2021-04-03;2516;2242;154389;53790;9.2;3.2
93;2021-04-04;759;151;155148;53941;9.3;3.2
93;2021-04-05;704;86;155852;54027;9.3;3.2
93;2021-04-06;4551;2319;160403;56346;9.6;3.4
93;2021-04-07;4890;2070;165293;58416;9.9;3.5
93;2021-04-08;5793;2646;171086;61062;10.2;3.7
93;2021-04-09;6072;3146;177158;64208;10.6;3.8
93;2021-04-10;4194;2464;181352;66672;10.9;4.0
93;2021-04-11;575;426;181927;67098;10.9;4.0
93;2021-04-12;4091;2924;186018;70022;11.1;4.2
93;2021-04-13;4601;3643;190619;73665;11.4;4.4
93;2021-04-14;4358;2456;194977;76121;11.7;4.6
93;2021-04-15;4552;3016;199529;79137;11.9;4.7
93;2021-04-16;4425;2979;203954;82116;12.2;4.9
93;2021-04-17;3512;2502;207466;84618;12.4;5.1
93;2021-04-18;286;435;207752;85053;12.4;5.1
93;2021-04-19;3762;2845;211514;87898;12.7;5.3
93;2021-04-20;4299;3264;215813;91162;12.9;5.5
93;2021-04-21;4139;2761;219952;93923;13.2;5.6
93;2021-04-22;4498;3999;224450;97922;13.4;5.9
93;2021-04-23;5605;3210;230055;101132;13.8;6.1
93;2021-04-24;5925;3317;235980;104449;14.1;6.3
93;2021-04-25;1732;580;237712;105029;14.2;6.3
93;2021-04-26;4851;3070;242563;108099;14.5;6.5
93;2021-04-27;6453;3575;249016;111674;14.9;6.7
93;2021-04-28;6063;3350;255079;115024;15.3;6.9
93;2021-04-29;7289;3225;262368;118249;15.7;7.1
93;2021-04-30;8258;3096;270626;121345;16.2;7.3
93;2021-05-01;4946;1179;275572;122524;16.5;7.3
93;2021-05-02;416;647;275988;123171;16.5;7.4
93;2021-05-03;8115;5105;284103;128276;17.0;7.7
93;2021-05-04;7822;5405;291925;133681;17.5;8.0
93;2021-05-05;7574;4795;299499;138476;17.9;8.3
93;2021-05-06;8229;4755;307728;143231;18.4;8.6
93;2021-05-07;6992;5415;314720;148646;18.8;8.9
93;2021-05-08;8349;2380;323069;151026;19.3;9.0
93;2021-05-09;6114;1361;329183;152387;19.7;9.1
93;2021-05-10;8241;4061;337424;156448;20.2;9.4
93;2021-05-11;9292;4799;346716;161247;20.8;9.7
93;2021-05-12;9169;3646;355885;164893;21.3;9.9
93;2021-05-13;8284;1652;364169;166545;21.8;10.0
93;2021-05-14;10420;3536;374589;170081;22.4;10.2
93;2021-05-15;11124;2993;385713;173074;23.1;10.4
93;2021-05-16;5552;725;391265;173799;23.4;10.4
93;2021-05-17;11893;2254;403158;176053;24.1;10.5
93;2021-05-18;14092;2369;417250;178422;25.0;10.7
93;2021-05-19;11428;2934;428678;181356;25.7;10.9
93;2021-05-20;12603;3465;441281;184821;26.4;11.1
93;2021-05-21;12998;2870;454279;187691;27.2;11.2
93;2021-05-22;12373;2185;466652;189876;27.9;11.4
93;2021-05-23;8477;1098;475129;190974;28.4;11.4
93;2021-05-24;11194;1935;486323;192909;29.1;11.6
93;2021-05-25;12281;4300;498604;197209;29.9;11.8
93;2021-05-26;11050;3731;509654;200940;30.5;12.0
93;2021-05-27;12676;3853;522330;204793;31.3;12.3
93;2021-05-28;12631;5239;534961;210032;32.0;12.6
93;2021-05-29;11380;4251;546341;214283;32.7;12.8
93;2021-05-30;8208;1367;554549;215650;33.2;12.9
93;2021-05-31;9156;5162;563705;220812;33.8;13.2
93;2021-06-01;11271;6254;574976;227066;34.4;13.6
93;2021-06-02;9832;5154;584808;232220;35.0;13.9
93;2021-06-03;10699;5497;595507;237717;35.7;14.2
93;2021-06-04;10482;7774;605989;245491;36.3;14.7
93;2021-06-05;8967;7339;614956;252830;36.8;15.1
93;2021-06-06;8369;1731;623325;254561;37.3;15.2
93;2021-06-07;9833;7497;633158;262058;37.9;15.7
93;2021-06-08;10282;7361;643440;269419;38.5;16.1
93;2021-06-09;10149;7270;653589;276689;39.1;16.6
93;2021-06-10;8712;8138;662301;284827;39.7;17.1
93;2021-06-11;8686;8795;670987;293622;40.2;17.6
93;2021-06-12;9779;6628;680766;300250;40.8;18.0
93;2021-06-13;7111;2102;687877;302352;41.2;18.1
93;2021-06-14;5257;9712;693134;312064;41.5;18.7
93;2021-06-15;6090;9636;699224;321700;41.9;19.3
93;2021-06-16;6515;9034;705739;330734;42.3;19.8
93;2021-06-17;5634;8454;711373;339188;42.6;20.3
93;2021-06-18;7035;11114;718408;350302;43.0;21.0
93;2021-06-19;6989;11073;725397;361375;43.4;21.6
93;2021-06-20;4886;6861;730283;368236;43.7;22.0
93;2021-06-21;3866;10711;734149;378947;44.0;22.7
93;2021-06-22;4512;11298;738661;390245;44.2;23.4
93;2021-06-23;4442;10587;743103;400832;44.5;24.0
93;2021-06-24;4078;10301;747181;411133;44.7;24.6
93;2021-06-25;5031;13044;752212;424177;45.0;25.4
93;2021-06-26;5250;13922;757462;438099;45.4;26.2
93;2021-06-27;3259;7108;760721;445207;45.5;26.7
93;2021-06-28;3603;12503;764324;457710;45.8;27.4
93;2021-06-29;3941;12332;768265;470042;46.0;28.1
93;2021-06-30;4033;11286;772298;481328;46.2;28.8
93;2021-07-01;4110;11091;776408;492419;46.5;29.5
93;2021-07-02;4493;12310;780901;504729;46.8;30.2
93;2021-07-03;5185;13421;786086;518150;47.1;31.0
93;2021-07-04;3048;7877;789134;526027;47.2;31.5
93;2021-07-05;4244;10819;793378;536846;47.5;32.1
93;2021-07-06;4491;11742;797869;548588;47.8;32.8
93;2021-07-07;4859;11380;802728;559968;48.1;33.5
93;2021-07-08;4771;10243;807499;570211;48.3;34.1
93;2021-07-09;5317;12977;812816;583188;48.7;34.9
93;2021-07-10;5777;14246;818593;597434;49.0;35.8
93;2021-07-11;3647;9074;822240;606508;49.2;36.3
93;2021-07-12;5328;12029;827568;618537;49.6;37.0
93;2021-07-13;10872;13180;838440;631717;50.2;37.8
93;2021-07-14;10474;6687;848914;638404;50.8;38.2
93;2021-07-15;12116;14019;861030;652423;51.6;39.1
93;2021-07-16;12858;13547;873888;665970;52.3;39.9
93;2021-07-17;11159;13770;885047;679740;53.0;40.7
93;2021-07-18;7306;8862;892353;688602;53.4;41.2
93;2021-07-19;9362;10808;901715;699410;54.0;41.9
93;2021-07-20;12227;10512;913942;709922;54.7;42.5
93;2021-07-21;13816;10699;927758;720621;55.5;43.1
94;2020-12-27;2;0;2;0;0.0;0.0
94;2020-12-28;5;0;7;0;0.0;0.0
94;2020-12-29;0;0;7;0;0.0;0.0
94;2020-12-30;0;0;7;0;0.0;0.0
94;2020-12-31;3;0;10;0;0.0;0.0
94;2021-01-01;2;0;12;0;0.0;0.0
94;2021-01-02;0;0;12;0;0.0;0.0
94;2021-01-03;0;0;12;0;0.0;0.0
94;2021-01-04;35;1;47;1;0.0;0.0
94;2021-01-05;230;2;277;3;0.0;0.0
94;2021-01-06;328;4;605;7;0.0;0.0
94;2021-01-07;687;10;1292;17;0.1;0.0
94;2021-01-08;921;9;2213;26;0.2;0.0
94;2021-01-09;47;0;2260;26;0.2;0.0
94;2021-01-10;18;0;2278;26;0.2;0.0
94;2021-01-11;1011;9;3289;35;0.2;0.0
94;2021-01-12;1337;27;4626;62;0.3;0.0
94;2021-01-13;1404;22;6030;84;0.4;0.0
94;2021-01-14;1528;24;7558;108;0.5;0.0
94;2021-01-15;1217;21;8775;129;0.6;0.0
94;2021-01-16;196;2;8971;131;0.6;0.0
94;2021-01-17;89;1;9060;132;0.6;0.0
94;2021-01-18;1483;26;10543;158;0.7;0.0
94;2021-01-19;1944;21;12487;179;0.9;0.0
94;2021-01-20;2168;18;14655;197;1.0;0.0
94;2021-01-21;2986;15;17641;212;1.3;0.0
94;2021-01-22;2167;17;19808;229;1.4;0.0
94;2021-01-23;727;2;20535;231;1.5;0.0
94;2021-01-24;284;0;20819;231;1.5;0.0
94;2021-01-25;1465;16;22284;247;1.6;0.0
94;2021-01-26;1556;18;23840;265;1.7;0.0
94;2021-01-27;1794;23;25634;288;1.8;0.0
94;2021-01-28;1528;134;27162;422;1.9;0.0
94;2021-01-29;1377;149;28539;571;2.0;0.0
94;2021-01-30;579;4;29118;575;2.1;0.0
94;2021-01-31;118;8;29236;583;2.1;0.0
94;2021-02-01;918;154;30154;737;2.1;0.1
94;2021-02-02;850;253;31004;990;2.2;0.1
94;2021-02-03;756;377;31760;1367;2.3;0.1
94;2021-02-04;899;437;32659;1804;2.3;0.1
94;2021-02-05;870;576;33529;2380;2.4;0.2
94;2021-02-06;402;78;33931;2458;2.4;0.2
94;2021-02-07;118;0;34049;2458;2.4;0.2
94;2021-02-08;631;548;34680;3006;2.5;0.2
94;2021-02-09;1033;992;35713;3998;2.5;0.3
94;2021-02-10;1096;1372;36809;5370;2.6;0.4
94;2021-02-11;1423;1557;38232;6927;2.7;0.5
94;2021-02-12;1385;1656;39617;8583;2.8;0.6
94;2021-02-13;300;263;39917;8846;2.8;0.6
94;2021-02-14;29;72;39946;8918;2.8;0.6
94;2021-02-15;750;1784;40696;10702;2.9;0.8
94;2021-02-16;698;2769;41394;13471;2.9;1.0
94;2021-02-17;713;1590;42107;15061;3.0;1.1
94;2021-02-18;783;1753;42890;16814;3.1;1.2
94;2021-02-19;955;1468;43845;18282;3.1;1.3
94;2021-02-20;134;925;43979;19207;3.1;1.4
94;2021-02-21;20;186;43999;19393;3.1;1.4
94;2021-02-22;520;1350;44519;20743;3.2;1.5
94;2021-02-23;623;1288;45142;22031;3.2;1.6
94;2021-02-24;692;929;45834;22960;3.3;1.6
94;2021-02-25;1065;1578;46899;24538;3.3;1.7
94;2021-02-26;1313;1075;48212;25613;3.4;1.8
94;2021-02-27;512;553;48724;26166;3.5;1.9
94;2021-02-28;90;84;48814;26250;3.5;1.9
94;2021-03-01;870;946;49684;27196;3.5;1.9
94;2021-03-02;1565;993;51249;28189;3.6;2.0
94;2021-03-03;1937;1013;53186;29202;3.8;2.1
94;2021-03-04;2848;1178;56034;30380;4.0;2.2
94;2021-03-05;3825;1325;59859;31705;4.3;2.3
94;2021-03-06;4810;553;64669;32258;4.6;2.3
94;2021-03-07;3682;542;68351;32800;4.9;2.3
94;2021-03-08;1908;802;70259;33602;5.0;2.4
94;2021-03-09;2545;920;72804;34522;5.2;2.5
94;2021-03-10;3186;1024;75990;35546;5.4;2.5
94;2021-03-11;3829;910;79819;36456;5.7;2.6
94;2021-03-12;4563;785;84382;37241;6.0;2.6
94;2021-03-13;4127;375;88509;37616;6.3;2.7
94;2021-03-14;2113;138;90622;37754;6.4;2.7
94;2021-03-15;3158;775;93780;38529;6.7;2.7
94;2021-03-16;2764;441;96544;38970;6.9;2.8
94;2021-03-17;2852;446;99396;39416;7.1;2.8
94;2021-03-18;3250;425;102646;39841;7.3;2.8
94;2021-03-19;4264;689;106910;40530;7.6;2.9
94;2021-03-20;3692;287;110602;40817;7.9;2.9
94;2021-03-21;1453;382;112055;41199;8.0;2.9
94;2021-03-22;3210;667;115265;41866;8.2;3.0
94;2021-03-23;4502;713;119767;42579;8.5;3.0
94;2021-03-24;4609;596;124376;43175;8.8;3.1
94;2021-03-25;6317;638;130693;43813;9.3;3.1
94;2021-03-26;6075;822;136768;44635;9.7;3.2
94;2021-03-27;4470;259;141238;44894;10.0;3.2
94;2021-03-28;1888;105;143126;44999;10.2;3.2
94;2021-03-29;4119;1213;147245;46212;10.5;3.3
94;2021-03-30;5293;1337;152538;47549;10.8;3.4
94;2021-03-31;4896;1788;157434;49337;11.2;3.5
94;2021-04-01;5806;2294;163240;51631;11.6;3.7
94;2021-04-02;5237;2311;168477;53942;12.0;3.8
94;2021-04-03;3085;2512;171562;56454;12.2;4.0
94;2021-04-04;1047;781;172609;57235;12.3;4.1
94;2021-04-05;828;156;173437;57391;12.3;4.1
94;2021-04-06;3567;2597;177004;59988;12.6;4.3
94;2021-04-07;3833;2253;180837;62241;12.9;4.4
94;2021-04-08;4605;2037;185442;64278;13.2;4.6
94;2021-04-09;5351;2462;190793;66740;13.6;4.7
94;2021-04-10;2949;2994;193742;69734;13.8;5.0
94;2021-04-11;1262;1765;195004;71499;13.9;5.1
94;2021-04-12;3431;2270;198435;73769;14.1;5.2
94;2021-04-13;4305;3426;202740;77195;14.4;5.5
94;2021-04-14;3888;2687;206628;79882;14.7;5.7
94;2021-04-15;4436;2975;211064;82857;15.0;5.9
94;2021-04-16;4695;2826;215759;85683;15.3;6.1
94;2021-04-17;2452;2755;218211;88438;15.5;6.3
94;2021-04-18;918;1249;219129;89687;15.6;6.4
94;2021-04-19;2971;2431;222100;92118;15.8;6.6
94;2021-04-20;3267;2695;225367;94813;16.0;6.7
94;2021-04-21;3213;3155;228580;97968;16.3;7.0
94;2021-04-22;3903;3642;232483;101610;16.5;7.2
94;2021-04-23;4101;3975;236584;105585;16.8;7.5
94;2021-04-24;4259;3395;240843;108980;17.1;7.8
94;2021-04-25;2411;1497;243254;110477;17.3;7.9
94;2021-04-26;4002;3267;247256;113744;17.6;8.1
94;2021-04-27;5083;3359;252339;117103;17.9;8.3
94;2021-04-28;4823;3610;257162;120713;18.3;8.6
94;2021-04-29;6402;3765;263564;124478;18.7;8.9
94;2021-04-30;6474;3917;270038;128395;19.2;9.1
94;2021-05-01;4057;1047;274095;129442;19.5;9.2
94;2021-05-02;3052;1468;277147;130910;19.7;9.3
94;2021-05-03;5727;5354;282874;136264;20.1;9.7
94;2021-05-04;6091;3554;288965;139818;20.6;9.9
94;2021-05-05;6176;3415;295141;143233;21.0;10.2
94;2021-05-06;7150;3529;302291;146762;21.5;10.4
94;2021-05-07;6656;4110;308947;150872;22.0;10.7
94;2021-05-08;4892;2537;313839;153409;22.3;10.9
94;2021-05-09;4221;2235;318060;155644;22.6;11.1
94;2021-05-10;7703;3118;325763;158762;23.2;11.3
94;2021-05-11;8965;3921;334728;162683;23.8;11.6
94;2021-05-12;9558;3592;344286;166275;24.5;11.8
94;2021-05-13;8672;1368;352958;167643;25.1;11.9
94;2021-05-14;9856;3309;362814;170952;25.8;12.2
94;2021-05-15;8934;2160;371748;173112;26.4;12.3
94;2021-05-16;5066;904;376814;174016;26.8;12.4
94;2021-05-17;10837;2245;387651;176261;27.6;12.5
94;2021-05-18;11277;2428;398928;178689;28.4;12.7
94;2021-05-19;11658;3579;410586;182268;29.2;13.0
94;2021-05-20;12129;4351;422715;186619;30.1;13.3
94;2021-05-21;11850;3137;434565;189756;30.9;13.5
94;2021-05-22;10285;1966;444850;191722;31.6;13.6
94;2021-05-23;4999;710;449849;192432;32.0;13.7
94;2021-05-24;9655;1345;459504;193777;32.7;13.8
94;2021-05-25;9979;4264;469483;198041;33.4;14.1
94;2021-05-26;10258;3292;479741;201333;34.1;14.3
94;2021-05-27;10844;4572;490585;205905;34.9;14.6
94;2021-05-28;10432;4943;501017;210848;35.6;15.0
94;2021-05-29;9870;3444;510887;214292;36.3;15.2
94;2021-05-30;4780;925;515667;215217;36.7;15.3
94;2021-05-31;9970;4225;525637;219442;37.4;15.6
94;2021-06-01;10221;5096;535858;224538;38.1;16.0
94;2021-06-02;9285;4580;545143;229118;38.8;16.3
94;2021-06-03;9497;5579;554640;234697;39.4;16.7
94;2021-06-04;10337;6505;564977;241202;40.2;17.2
94;2021-06-05;9194;6246;574171;247448;40.8;17.6
94;2021-06-06;3973;1846;578144;249294;41.1;17.7
94;2021-06-07;8632;5952;586776;255246;41.7;18.2
94;2021-06-08;8947;7515;595723;262761;42.4;18.7
94;2021-06-09;8881;8144;604604;270905;43.0;19.3
94;2021-06-10;8698;10954;613302;281859;43.6;20.0
94;2021-06-11;7763;8370;621065;290229;44.2;20.6
94;2021-06-12;10184;6824;631249;297053;44.9;21.1
94;2021-06-13;3463;3248;634712;300301;45.1;21.4
94;2021-06-14;6866;8215;641578;308516;45.6;21.9
94;2021-06-15;7622;8788;649200;317304;46.2;22.6
94;2021-06-16;7124;8258;656324;325562;46.7;23.2
94;2021-06-17;6606;9042;662930;334604;47.1;23.8
94;2021-06-18;6420;11944;669350;346548;47.6;24.6
94;2021-06-19;5972;9558;675322;356106;48.0;25.3
94;2021-06-20;1873;4001;677195;360107;48.2;25.6
94;2021-06-21;4400;11186;681595;371293;48.5;26.4
94;2021-06-22;4721;10814;686316;382107;48.8;27.2
94;2021-06-23;4062;11142;690378;393249;49.1;28.0
94;2021-06-24;4808;10316;695186;403565;49.4;28.7
94;2021-06-25;4179;13744;699365;417309;49.7;29.7
94;2021-06-26;3108;11986;702473;429295;50.0;30.5
94;2021-06-27;1036;5005;703509;434300;50.0;30.9
94;2021-06-28;3378;12073;706887;446373;50.3;31.7
94;2021-06-29;3952;12166;710839;458539;50.6;32.6
94;2021-06-30;3922;11603;714761;470142;50.8;33.4
94;2021-07-01;4211;11068;718972;481210;51.1;34.2
94;2021-07-02;4067;12173;723039;493383;51.4;35.1
94;2021-07-03;3553;11780;726592;505163;51.7;35.9
94;2021-07-04;1497;5074;728089;510237;51.8;36.3
94;2021-07-05;3416;11403;731505;521640;52.0;37.1
94;2021-07-06;3753;10869;735258;532509;52.3;37.9
94;2021-07-07;4104;11047;739362;543556;52.6;38.7
94;2021-07-08;4434;9986;743796;553542;52.9;39.4
94;2021-07-09;4181;11807;747977;565349;53.2;40.2
94;2021-07-10;3569;11351;751546;576700;53.5;41.0
94;2021-07-11;1466;4707;753012;581407;53.6;41.4
94;2021-07-12;3543;11936;756555;593343;53.8;42.2
94;2021-07-13;5686;11964;762241;605307;54.2;43.1
94;2021-07-14;3996;5259;766237;610566;54.5;43.4
94;2021-07-15;6220;12282;772457;622848;54.9;44.3
94;2021-07-16;6634;11193;779091;634041;55.4;45.1
94;2021-07-17;5587;11264;784678;645305;55.8;45.9
94;2021-07-18;2586;3994;787264;649299;56.0;46.2
94;2021-07-19;5669;10317;792933;659616;56.4;46.9
94;2021-07-20;7616;10209;800549;669825;56.9;47.6
94;2021-07-21;8059;9346;808608;679171;57.5;48.3
95;2020-12-27;1;0;1;0;0.0;0.0
95;2020-12-28;0;0;1;0;0.0;0.0
95;2020-12-29;0;0;1;0;0.0;0.0
95;2020-12-30;0;0;1;0;0.0;0.0
95;2020-12-31;0;0;1;0;0.0;0.0
95;2021-01-01;0;0;1;0;0.0;0.0
95;2021-01-02;12;0;13;0;0.0;0.0
95;2021-01-03;0;0;13;0;0.0;0.0
95;2021-01-04;48;0;61;0;0.0;0.0
95;2021-01-05;288;0;349;0;0.0;0.0
95;2021-01-06;179;0;528;0;0.0;0.0
95;2021-01-07;130;0;658;0;0.1;0.0
95;2021-01-08;268;1;926;1;0.1;0.0
95;2021-01-09;251;0;1177;1;0.1;0.0
95;2021-01-10;382;1;1559;2;0.1;0.0
95;2021-01-11;482;1;2041;3;0.2;0.0
95;2021-01-12;859;1;2900;4;0.2;0.0
95;2021-01-13;780;13;3680;17;0.3;0.0
95;2021-01-14;878;11;4558;28;0.4;0.0
95;2021-01-15;752;4;5310;32;0.4;0.0
95;2021-01-16;297;3;5607;35;0.4;0.0
95;2021-01-17;217;1;5824;36;0.5;0.0
95;2021-01-18;1334;3;7158;39;0.6;0.0
95;2021-01-19;1568;4;8726;43;0.7;0.0
95;2021-01-20;2031;5;10757;48;0.9;0.0
95;2021-01-21;1851;2;12608;50;1.0;0.0
95;2021-01-22;1317;5;13925;55;1.1;0.0
95;2021-01-23;646;0;14571;55;1.2;0.0
95;2021-01-24;181;0;14752;55;1.2;0.0
95;2021-01-25;795;37;15547;92;1.2;0.0
95;2021-01-26;982;159;16529;251;1.3;0.0
95;2021-01-27;1246;191;17775;442;1.4;0.0
95;2021-01-28;1713;35;19488;477;1.6;0.0
95;2021-01-29;1245;209;20733;686;1.7;0.1
95;2021-01-30;477;5;21210;691;1.7;0.1
95;2021-01-31;209;2;21419;693;1.7;0.1
95;2021-02-01;562;276;21981;969;1.8;0.1
95;2021-02-02;527;268;22508;1237;1.8;0.1
95;2021-02-03;611;520;23119;1757;1.9;0.1
95;2021-02-04;1063;367;24182;2124;1.9;0.2
95;2021-02-05;730;310;24912;2434;2.0;0.2
95;2021-02-06;335;258;25247;2692;2.0;0.2
95;2021-02-07;139;421;25386;3113;2.0;0.2
95;2021-02-08;762;344;26148;3457;2.1;0.3
95;2021-02-09;1127;1089;27275;4546;2.2;0.4
95;2021-02-10;1254;1410;28529;5956;2.3;0.5
95;2021-02-11;1383;1145;29912;7101;2.4;0.6
95;2021-02-12;1030;990;30942;8091;2.5;0.6
95;2021-02-13;329;317;31271;8408;2.5;0.7
95;2021-02-14;36;194;31307;8602;2.5;0.7
95;2021-02-15;423;1065;31730;9667;2.5;0.8
95;2021-02-16;492;922;32222;10589;2.6;0.8
95;2021-02-17;651;1142;32873;11731;2.6;0.9
95;2021-02-18;720;1711;33593;13442;2.7;1.1
95;2021-02-19;782;1314;34375;14756;2.8;1.2
95;2021-02-20;304;492;34679;15248;2.8;1.2
95;2021-02-21;165;318;34844;15566;2.8;1.2
95;2021-02-22;327;1029;35171;16595;2.8;1.3
95;2021-02-23;366;730;35537;17325;2.8;1.4
95;2021-02-24;308;884;35845;18209;2.9;1.5
95;2021-02-25;721;1133;36566;19342;2.9;1.5
95;2021-02-26;987;893;37553;20235;3.0;1.6
95;2021-02-27;363;432;37916;20667;3.0;1.7
95;2021-02-28;61;237;37977;20904;3.0;1.7
95;2021-03-01;766;595;38743;21499;3.1;1.7
95;2021-03-02;1311;856;40054;22355;3.2;1.8
95;2021-03-03;1589;981;41643;23336;3.3;1.9
95;2021-03-04;3188;1194;44831;24530;3.6;2.0
95;2021-03-05;3653;1071;48484;25601;3.9;2.1
95;2021-03-06;4001;488;52485;26089;4.2;2.1
95;2021-03-07;4212;299;56697;26388;4.5;2.1
95;2021-03-08;1541;858;58238;27246;4.7;2.2
95;2021-03-09;2619;493;60857;27739;4.9;2.2
95;2021-03-10;2340;837;63197;28576;5.1;2.3
95;2021-03-11;3135;1132;66332;29708;5.3;2.4
95;2021-03-12;3514;775;69846;30483;5.6;2.4
95;2021-03-13;3514;404;73360;30887;5.9;2.5
95;2021-03-14;1978;281;75338;31168;6.0;2.5
95;2021-03-15;2364;311;77702;31479;6.2;2.5
95;2021-03-16;1570;410;79272;31889;6.4;2.6
95;2021-03-17;2100;403;81372;32292;6.5;2.6
95;2021-03-18;2794;363;84166;32655;6.7;2.6
95;2021-03-19;3466;347;87632;33002;7.0;2.6
95;2021-03-20;2585;194;90217;33196;7.2;2.7
95;2021-03-21;1197;217;91414;33413;7.3;2.7
95;2021-03-22;2935;357;94349;33770;7.6;2.7
95;2021-03-23;3430;445;97779;34215;7.8;2.7
95;2021-03-24;3925;491;101704;34706;8.1;2.8
95;2021-03-25;5849;623;107553;35329;8.6;2.8
95;2021-03-26;5426;652;112979;35981;9.1;2.9
95;2021-03-27;3742;191;116721;36172;9.3;2.9
95;2021-03-28;1528;102;118249;36274;9.5;2.9
95;2021-03-29;2892;561;121141;36835;9.7;3.0
95;2021-03-30;3875;1205;125016;38040;10.0;3.0
95;2021-03-31;3647;1645;128663;39685;10.3;3.2
95;2021-04-01;5474;2237;134137;41922;10.7;3.4
95;2021-04-02;3541;2741;137678;44663;11.0;3.6
95;2021-04-03;2089;2482;139767;47145;11.2;3.8
95;2021-04-04;1244;1177;141011;48322;11.3;3.9
95;2021-04-05;592;60;141603;48382;11.3;3.9
95;2021-04-06;1853;1533;143456;49915;11.5;4.0
95;2021-04-07;4941;2142;148397;52057;11.9;4.2
95;2021-04-08;4883;2441;153280;54498;12.3;4.4
95;2021-04-09;5424;2312;158704;56810;12.7;4.6
95;2021-04-10;3704;1418;162408;58228;13.0;4.7
95;2021-04-11;1567;1027;163975;59255;13.1;4.7
95;2021-04-12;3234;1597;167209;60852;13.4;4.9
95;2021-04-13;3140;1671;170349;62523;13.6;5.0
95;2021-04-14;2744;1979;173093;64502;13.9;5.2
95;2021-04-15;3893;3309;176986;67811;14.2;5.4
95;2021-04-16;4060;3006;181046;70817;14.5;5.7
95;2021-04-17;2370;1752;183416;72569;14.7;5.8
95;2021-04-18;1507;1019;184923;73588;14.8;5.9
95;2021-04-19;2559;2352;187482;75940;15.0;6.1
95;2021-04-20;2112;2453;189594;78393;15.2;6.3
95;2021-04-21;3926;2626;193520;81019;15.5;6.5
95;2021-04-22;3403;4613;196923;85632;15.8;6.9
95;2021-04-23;2760;3548;199683;89180;16.0;7.1
95;2021-04-24;3562;2572;203245;91752;16.3;7.3
95;2021-04-25;1959;1548;205204;93300;16.4;7.5
95;2021-04-26;2746;2695;207950;95995;16.7;7.7
95;2021-04-27;3842;2156;211792;98151;17.0;7.9
95;2021-04-28;3886;2662;215678;100813;17.3;8.1
95;2021-04-29;6132;4527;221810;105340;17.8;8.4
95;2021-04-30;6901;2927;228711;108267;18.3;8.7
95;2021-05-01;2363;911;231074;109178;18.5;8.7
95;2021-05-02;2443;1489;233517;110667;18.7;8.9
95;2021-05-03;5073;1896;238590;112563;19.1;9.0
95;2021-05-04;6346;2711;244936;115274;19.6;9.2
95;2021-05-05;5139;3811;250075;119085;20.0;9.5
95;2021-05-06;8199;4913;258274;123998;20.7;9.9
95;2021-05-07;5771;4744;264045;128742;21.2;10.3
95;2021-05-08;5734;1520;269779;130262;21.6;10.4
95;2021-05-09;2823;1560;272602;131822;21.8;10.6
95;2021-05-10;9939;3158;282541;134980;22.6;10.8
95;2021-05-11;8443;3444;290984;138424;23.3;11.1
95;2021-05-12;9452;3207;300436;141631;24.1;11.3
95;2021-05-13;7952;1199;308388;142830;24.7;11.4
95;2021-05-14;7005;1893;315393;144723;25.3;11.6
95;2021-05-15;4509;1067;319902;145790;25.6;11.7
95;2021-05-16;4812;802;324714;146592;26.0;11.7
95;2021-05-17;7728;1334;332442;147926;26.6;11.8
95;2021-05-18;9455;1853;341897;149779;27.4;12.0
95;2021-05-19;9241;2509;351138;152288;28.1;12.2
95;2021-05-20;12569;2432;363707;154720;29.1;12.4
95;2021-05-21;10174;2526;373881;157246;29.9;12.6
95;2021-05-22;9396;1537;383277;158783;30.7;12.7
95;2021-05-23;4133;935;387410;159718;31.0;12.8
95;2021-05-24;2391;539;389801;160257;31.2;12.8
95;2021-05-25;7199;2071;397000;162328;31.8;13.0
95;2021-05-26;8837;3109;405837;165437;32.5;13.3
95;2021-05-27;10353;4418;416190;169855;33.3;13.6
95;2021-05-28;7678;4420;423868;174275;34.0;14.0
95;2021-05-29;5258;2758;429126;177033;34.4;14.2
95;2021-05-30;3724;1687;432850;178720;34.7;14.3
95;2021-05-31;6420;3317;439270;182037;35.2;14.6
95;2021-06-01;8619;3787;447889;185824;35.9;14.9
95;2021-06-02;8645;4731;456534;190555;36.6;15.3
95;2021-06-03;8474;6550;465008;197105;37.2;15.8
95;2021-06-04;8822;4397;473830;201502;38.0;16.1
95;2021-06-05;8331;3735;482161;205237;38.6;16.4
95;2021-06-06;4811;1583;486972;206820;39.0;16.6
95;2021-06-07;5976;4530;492948;211350;39.5;16.9
95;2021-06-08;6468;5503;499416;216853;40.0;17.4
95;2021-06-09;5865;6449;505281;223302;40.5;17.9
95;2021-06-10;6248;6780;511529;230082;41.0;18.4
95;2021-06-11;7068;6418;518597;236500;41.5;18.9
95;2021-06-12;5968;4364;524565;240864;42.0;19.3
95;2021-06-13;2032;3282;526597;244146;42.2;19.6
95;2021-06-14;4567;5961;531164;250107;42.5;20.0
95;2021-06-15;3970;8024;535134;258131;42.9;20.7
95;2021-06-16;5089;7531;540223;265662;43.3;21.3
95;2021-06-17;6340;8134;546563;273796;43.8;21.9
95;2021-06-18;5320;7839;551883;281635;44.2;22.6
95;2021-06-19;4943;8919;556826;290554;44.6;23.3
95;2021-06-20;1394;3305;558220;293859;44.7;23.5
95;2021-06-21;2974;7703;561194;301562;45.0;24.2
95;2021-06-22;4694;9013;565888;310575;45.3;24.9
95;2021-06-23;4618;10870;570506;321445;45.7;25.7
95;2021-06-24;4846;10710;575352;332155;46.1;26.6
95;2021-06-25;4738;10346;580090;342501;46.5;27.4
95;2021-06-26;4241;8477;584331;350978;46.8;28.1
95;2021-06-27;958;3985;585289;354963;46.9;28.4
95;2021-06-28;2631;9486;587920;364449;47.1;29.2
95;2021-06-29;2461;8775;590381;373224;47.3;29.9
95;2021-06-30;3789;9975;594170;383199;47.6;30.7
95;2021-07-01;4071;11140;598241;394339;47.9;31.6
95;2021-07-02;3999;10521;602240;404860;48.2;32.4
95;2021-07-03;3512;9140;605752;414000;48.5;33.2
95;2021-07-04;1223;3396;606975;417396;48.6;33.4
95;2021-07-05;2264;4367;609239;421763;48.8;33.8
95;2021-07-06;2593;7739;611832;429502;49.0;34.4
95;2021-07-07;3902;9612;615734;439114;49.3;35.2
95;2021-07-08;5211;9759;620945;448873;49.7;36.0
95;2021-07-09;4446;10029;625391;458902;50.1;36.8
95;2021-07-10;3381;7386;628772;466288;50.4;37.4
95;2021-07-11;1474;3597;630246;469885;50.5;37.6
95;2021-07-12;2907;9657;633153;479542;50.7;38.4
95;2021-07-13;5010;10004;638163;489546;51.1;39.2
95;2021-07-14;4300;5665;642463;495211;51.5;39.7
95;2021-07-15;7133;12223;649596;507434;52.0;40.6
95;2021-07-16;7847;11919;657443;519353;52.7;41.6
95;2021-07-17;5016;7775;662459;527128;53.1;42.2
95;2021-07-18;3308;2835;665767;529963;53.3;42.5
95;2021-07-19;4718;6811;670485;536774;53.7;43.0
95;2021-07-20;6758;8281;677243;545055;54.3;43.7
95;2021-07-21;8992;9280;686235;554335;55.0;44.4
971;2020-12-27;0;0;0;0;0.0;0.0
971;2020-12-28;0;0;0;0;0.0;0.0
971;2020-12-29;0;0;0;0;0.0;0.0
971;2020-12-30;0;0;0;0;0.0;0.0
971;2020-12-31;0;0;0;0;0.0;0.0
971;2021-01-01;1;0;1;0;0.0;0.0
971;2021-01-02;0;0;1;0;0.0;0.0
971;2021-01-03;0;0;1;0;0.0;0.0
971;2021-01-04;1;0;2;0;0.0;0.0
971;2021-01-05;0;0;2;0;0.0;0.0
971;2021-01-06;1;0;3;0;0.0;0.0
971;2021-01-07;0;0;3;0;0.0;0.0
971;2021-01-08;54;0;57;0;0.0;0.0
971;2021-01-09;19;0;76;0;0.0;0.0
971;2021-01-10;0;0;76;0;0.0;0.0
971;2021-01-11;56;0;132;0;0.0;0.0
971;2021-01-12;45;0;177;0;0.0;0.0
971;2021-01-13;45;1;222;1;0.1;0.0
971;2021-01-14;61;0;283;1;0.1;0.0
971;2021-01-15;76;0;359;1;0.1;0.0
971;2021-01-16;0;0;359;1;0.1;0.0
971;2021-01-17;0;0;359;1;0.1;0.0
971;2021-01-18;77;0;436;1;0.1;0.0
971;2021-01-19;144;0;580;1;0.2;0.0
971;2021-01-20;134;0;714;1;0.2;0.0
971;2021-01-21;151;1;865;2;0.2;0.0
971;2021-01-22;134;0;999;2;0.3;0.0
971;2021-01-23;1;0;1000;2;0.3;0.0
971;2021-01-24;0;0;1000;2;0.3;0.0
971;2021-01-25;202;0;1202;2;0.3;0.0
971;2021-01-26;212;1;1414;3;0.4;0.0
971;2021-01-27;234;0;1648;3;0.4;0.0
971;2021-01-28;238;3;1886;6;0.5;0.0
971;2021-01-29;198;2;2084;8;0.6;0.0
971;2021-01-30;19;0;2103;8;0.6;0.0
971;2021-01-31;1;0;2104;8;0.6;0.0
971;2021-02-01;225;4;2329;12;0.6;0.0
971;2021-02-02;242;26;2571;38;0.7;0.0
971;2021-02-03;220;3;2791;41;0.7;0.0
971;2021-02-04;299;21;3090;62;0.8;0.0
971;2021-02-05;263;32;3353;94;0.9;0.0
971;2021-02-06;49;1;3402;95;0.9;0.0
971;2021-02-07;0;0;3402;95;0.9;0.0
971;2021-02-08;237;22;3639;117;1.0;0.0
971;2021-02-09;301;29;3940;146;1.0;0.0
971;2021-02-10;229;29;4169;175;1.1;0.0
971;2021-02-11;295;112;4464;287;1.2;0.1
971;2021-02-12;285;26;4749;313;1.3;0.1
971;2021-02-13;50;7;4799;320;1.3;0.1
971;2021-02-14;19;36;4818;356;1.3;0.1
971;2021-02-15;78;46;4896;402;1.3;0.1
971;2021-02-16;16;1;4912;403;1.3;0.1
971;2021-02-17;17;1;4929;404;1.3;0.1
971;2021-02-18;228;18;5157;422;1.4;0.1
971;2021-02-19;233;21;5390;443;1.4;0.1
971;2021-02-20;48;0;5438;443;1.4;0.1
971;2021-02-21;1;0;5439;443;1.4;0.1
971;2021-02-22;164;65;5603;508;1.5;0.1
971;2021-02-23;193;74;5796;582;1.5;0.2
971;2021-02-24;322;126;6118;708;1.6;0.2
971;2021-02-25;376;80;6494;788;1.7;0.2
971;2021-02-26;215;84;6709;872;1.8;0.2
971;2021-02-27;63;0;6772;872;1.8;0.2
971;2021-02-28;1;0;6773;872;1.8;0.2
971;2021-03-01;163;82;6936;954;1.8;0.3
971;2021-03-02;263;131;7199;1085;1.9;0.3
971;2021-03-03;229;120;7428;1205;2.0;0.3
971;2021-03-04;319;86;7747;1291;2.1;0.3
971;2021-03-05;361;152;8108;1443;2.2;0.4
971;2021-03-06;589;5;8697;1448;2.3;0.4
971;2021-03-07;1;0;8698;1448;2.3;0.4
971;2021-03-08;297;141;8995;1589;2.4;0.4
971;2021-03-09;361;154;9356;1743;2.5;0.5
971;2021-03-10;406;163;9762;1906;2.6;0.5
971;2021-03-11;122;45;9884;1951;2.6;0.5
971;2021-03-12;486;227;10370;2178;2.8;0.6
971;2021-03-13;133;2;10503;2180;2.8;0.6
971;2021-03-14;14;24;10517;2204;2.8;0.6
971;2021-03-15;416;44;10933;2248;2.9;0.6
971;2021-03-16;460;83;11393;2331;3.0;0.6
971;2021-03-17;450;89;11843;2420;3.1;0.6
971;2021-03-18;553;107;12396;2527;3.3;0.7
971;2021-03-19;563;99;12959;2626;3.4;0.7
971;2021-03-20;176;44;13135;2670;3.5;0.7
971;2021-03-21;8;0;13143;2670;3.5;0.7
971;2021-03-22;347;87;13490;2757;3.6;0.7
971;2021-03-23;514;157;14004;2914;3.7;0.8
971;2021-03-24;464;108;14468;3022;3.8;0.8
971;2021-03-25;756;179;15224;3201;4.0;0.8
971;2021-03-26;640;120;15864;3321;4.2;0.9
971;2021-03-27;276;47;16140;3368;4.3;0.9
971;2021-03-28;7;1;16147;3369;4.3;0.9
971;2021-03-29;378;83;16525;3452;4.4;0.9
971;2021-03-30;621;164;17146;3616;4.5;1.0
971;2021-03-31;544;130;17690;3746;4.7;1.0
971;2021-04-01;648;200;18338;3946;4.9;1.0
971;2021-04-02;38;35;18376;3981;4.9;1.1
971;2021-04-03;49;2;18425;3983;4.9;1.1
971;2021-04-04;4;18;18429;4001;4.9;1.1
971;2021-04-05;12;0;18441;4001;4.9;1.1
971;2021-04-06;472;193;18913;4194;5.0;1.1
971;2021-04-07;574;116;19487;4310;5.2;1.1
971;2021-04-08;491;162;19978;4472;5.3;1.2
971;2021-04-09;479;209;20457;4681;5.4;1.2
971;2021-04-10;97;4;20554;4685;5.5;1.2
971;2021-04-11;3;23;20557;4708;5.5;1.2
971;2021-04-12;291;259;20848;4967;5.5;1.3
971;2021-04-13;553;321;21401;5288;5.7;1.4
971;2021-04-14;431;223;21832;5511;5.8;1.5
971;2021-04-15;551;314;22383;5825;5.9;1.5
971;2021-04-16;557;271;22940;6096;6.1;1.6
971;2021-04-17;202;4;23142;6100;6.1;1.6
971;2021-04-18;5;14;23147;6114;6.1;1.6
971;2021-04-19;397;242;23544;6356;6.2;1.7
971;2021-04-20;724;344;24268;6700;6.4;1.8
971;2021-04-21;624;312;24892;7012;6.6;1.9
971;2021-04-22;809;333;25701;7345;6.8;1.9
971;2021-04-23;846;250;26547;7595;7.0;2.0
971;2021-04-24;386;75;26933;7670;7.1;2.0
971;2021-04-25;592;63;27525;7733;7.3;2.1
971;2021-04-26;946;215;28471;7948;7.6;2.1
971;2021-04-27;672;232;29143;8180;7.7;2.2
971;2021-04-28;856;264;29999;8444;8.0;2.2
971;2021-04-29;1197;200;31196;8644;8.3;2.3
971;2021-04-30;1262;186;32458;8830;8.6;2.3
971;2021-05-01;595;42;33053;8872;8.8;2.4
971;2021-05-02;346;17;33399;8889;8.9;2.4
971;2021-05-03;914;177;34313;9066;9.1;2.4
971;2021-05-04;957;205;35270;9271;9.4;2.5
971;2021-05-05;1007;245;36277;9516;9.6;2.5
971;2021-05-06;1145;173;37422;9689;9.9;2.6
971;2021-05-07;1252;264;38674;9953;10.3;2.6
971;2021-05-08;317;35;38991;9988;10.3;2.7
971;2021-05-09;179;9;39170;9997;10.4;2.7
971;2021-05-10;833;212;40003;10209;10.6;2.7
971;2021-05-11;962;311;40965;10520;10.9;2.8
971;2021-05-12;906;324;41871;10844;11.1;2.9
971;2021-05-13;210;79;42081;10923;11.2;2.9
971;2021-05-14;858;273;42939;11196;11.4;3.0
971;2021-05-15;479;14;43418;11210;11.5;3.0
971;2021-05-16;181;36;43599;11246;11.6;3.0
971;2021-05-17;714;274;44313;11520;11.8;3.1
971;2021-05-18;741;387;45054;11907;12.0;3.2
971;2021-05-19;699;529;45753;12436;12.1;3.3
971;2021-05-20;783;377;46536;12813;12.3;3.4
971;2021-05-21;814;406;47350;13219;12.6;3.5
971;2021-05-22;494;213;47844;13432;12.7;3.6
971;2021-05-23;202;113;48046;13545;12.7;3.6
971;2021-05-24;199;175;48245;13720;12.8;3.6
971;2021-05-25;538;659;48783;14379;12.9;3.8
971;2021-05-26;594;491;49377;14870;13.1;3.9
971;2021-05-27;130;185;49507;15055;13.1;4.0
971;2021-05-28;517;525;50024;15580;13.3;4.1
971;2021-05-29;233;137;50257;15717;13.3;4.2
971;2021-05-30;76;113;50333;15830;13.4;4.2
971;2021-05-31;454;535;50787;16365;13.5;4.3
971;2021-06-01;585;709;51372;17074;13.6;4.5
971;2021-06-02;577;707;51949;17781;13.8;4.7
971;2021-06-03;505;563;52454;18344;13.9;4.9
971;2021-06-04;788;806;53242;19150;14.1;5.1
971;2021-06-05;314;645;53556;19795;14.2;5.3
971;2021-06-06;132;529;53688;20324;14.2;5.4
971;2021-06-07;427;783;54115;21107;14.4;5.6
971;2021-06-08;520;893;54635;22000;14.5;5.8
971;2021-06-09;492;859;55127;22859;14.6;6.1
971;2021-06-10;514;848;55641;23707;14.8;6.3
971;2021-06-11;456;1241;56097;24948;14.9;6.6
971;2021-06-12;295;661;56392;25609;15.0;6.8
971;2021-06-13;128;314;56520;25923;15.0;6.9
971;2021-06-14;362;3798;56882;29721;15.1;7.9
971;2021-06-15;482;2014;57364;31735;15.2;8.4
971;2021-06-16;471;1484;57835;33219;15.3;8.8
971;2021-06-17;424;1014;58259;34233;15.5;9.1
971;2021-06-18;461;1019;58720;35252;15.6;9.4
971;2021-06-19;311;509;59031;35761;15.7;9.5
971;2021-06-20;108;230;59139;35991;15.7;9.5
971;2021-06-21;322;681;59461;36672;15.8;9.7
971;2021-06-22;322;875;59783;37547;15.9;10.0
971;2021-06-23;358;884;60141;38431;16.0;10.2
971;2021-06-24;384;728;60525;39159;16.1;10.4
971;2021-06-25;444;765;60969;39924;16.2;10.6
971;2021-06-26;292;512;61261;40436;16.3;10.7
971;2021-06-27;106;149;61367;40585;16.3;10.8
971;2021-06-28;295;688;61662;41273;16.4;11.0
971;2021-06-29;359;781;62021;42054;16.5;11.2
971;2021-06-30;406;920;62427;42974;16.6;11.4
971;2021-07-01;341;650;62768;43624;16.7;11.6
971;2021-07-02;416;693;63184;44317;16.8;11.8
971;2021-07-03;266;461;63450;44778;16.8;11.9
971;2021-07-04;110;239;63560;45017;16.9;11.9
971;2021-07-05;314;507;63874;45524;16.9;12.1
971;2021-07-06;363;762;64237;46286;17.0;12.3
971;2021-07-07;369;847;64606;47133;17.1;12.5
971;2021-07-08;398;791;65004;47924;17.2;12.7
971;2021-07-09;424;796;65428;48720;17.4;12.9
971;2021-07-10;242;294;65670;49014;17.4;13.0
971;2021-07-11;168;135;65838;49149;17.5;13.0
971;2021-07-12;473;608;66311;49757;17.6;13.2
971;2021-07-13;832;999;67143;50756;17.8;13.5
971;2021-07-14;456;282;67599;51038;17.9;13.5
971;2021-07-15;840;828;68439;51866;18.2;13.8
971;2021-07-16;1062;1032;69501;52898;18.4;14.0
971;2021-07-17;641;440;70142;53338;18.6;14.2
971;2021-07-18;398;215;70540;53553;18.7;14.2
971;2021-07-19;568;570;71108;54123;18.9;14.4
971;2021-07-20;766;715;71874;54838;19.1;14.6
971;2021-07-21;654;477;72528;55315;19.2;14.7
972;2020-12-27;0;0;0;0;0.0;0.0
972;2020-12-28;0;0;0;0;0.0;0.0
972;2020-12-29;0;0;0;0;0.0;0.0
972;2020-12-30;0;0;0;0;0.0;0.0
972;2020-12-31;0;0;0;0;0.0;0.0
972;2021-01-01;0;0;0;0;0.0;0.0
972;2021-01-02;0;0;0;0;0.0;0.0
972;2021-01-03;0;0;0;0;0.0;0.0
972;2021-01-04;0;0;0;0;0.0;0.0
972;2021-01-05;0;0;0;0;0.0;0.0
972;2021-01-06;5;0;5;0;0.0;0.0
972;2021-01-07;31;0;36;0;0.0;0.0
972;2021-01-08;82;1;118;1;0.0;0.0
972;2021-01-09;20;0;138;1;0.0;0.0
972;2021-01-10;0;0;138;1;0.0;0.0
972;2021-01-11;122;0;260;1;0.1;0.0
972;2021-01-12;79;0;339;1;0.1;0.0
972;2021-01-13;64;0;403;1;0.1;0.0
972;2021-01-14;88;1;491;2;0.1;0.0
972;2021-01-15;137;0;628;2;0.2;0.0
972;2021-01-16;51;0;679;2;0.2;0.0
972;2021-01-17;0;0;679;2;0.2;0.0
972;2021-01-18;157;0;836;2;0.2;0.0
972;2021-01-19;168;1;1004;3;0.3;0.0
972;2021-01-20;165;0;1169;3;0.3;0.0
972;2021-01-21;181;2;1350;5;0.4;0.0
972;2021-01-22;156;0;1506;5;0.4;0.0
972;2021-01-23;58;0;1564;5;0.4;0.0
972;2021-01-24;0;0;1564;5;0.4;0.0
972;2021-01-25;160;0;1724;5;0.5;0.0
972;2021-01-26;137;1;1861;6;0.5;0.0
972;2021-01-27;163;5;2024;11;0.6;0.0
972;2021-01-28;143;12;2167;23;0.6;0.0
972;2021-01-29;143;41;2310;64;0.6;0.0
972;2021-01-30;96;16;2406;80;0.7;0.0
972;2021-01-31;0;0;2406;80;0.7;0.0
972;2021-02-01;119;74;2525;154;0.7;0.0
972;2021-02-02;184;96;2709;250;0.8;0.1
972;2021-02-03;132;80;2841;330;0.8;0.1
972;2021-02-04;158;73;2999;403;0.8;0.1
972;2021-02-05;120;96;3119;499;0.9;0.1
972;2021-02-06;62;26;3181;525;0.9;0.1
972;2021-02-07;1;0;3182;525;0.9;0.1
972;2021-02-08;137;80;3319;605;0.9;0.2
972;2021-02-09;176;78;3495;683;1.0;0.2
972;2021-02-10;139;90;3634;773;1.0;0.2
972;2021-02-11;150;103;3784;876;1.1;0.2
972;2021-02-12;145;131;3929;1007;1.1;0.3
972;2021-02-13;47;37;3976;1044;1.1;0.3
972;2021-02-14;0;0;3976;1044;1.1;0.3
972;2021-02-15;51;67;4027;1111;1.1;0.3
972;2021-02-16;0;1;4027;1112;1.1;0.3
972;2021-02-17;1;3;4028;1115;1.1;0.3
972;2021-02-18;69;127;4097;1242;1.1;0.3
972;2021-02-19;69;131;4166;1373;1.2;0.4
972;2021-02-20;48;69;4214;1442;1.2;0.4
972;2021-02-21;0;0;4214;1442;1.2;0.4
972;2021-02-22;102;60;4316;1502;1.2;0.4
972;2021-02-23;113;237;4429;1739;1.2;0.5
972;2021-02-24;106;223;4535;1962;1.3;0.5
972;2021-02-25;89;150;4624;2112;1.3;0.6
972;2021-02-26;128;169;4752;2281;1.3;0.6
972;2021-02-27;69;52;4821;2333;1.3;0.7
972;2021-02-28;0;0;4821;2333;1.3;0.7
972;2021-03-01;137;146;4958;2479;1.4;0.7
972;2021-03-02;157;79;5115;2558;1.4;0.7
972;2021-03-03;179;145;5294;2703;1.5;0.8
972;2021-03-04;145;135;5439;2838;1.5;0.8
972;2021-03-05;238;128;5677;2966;1.6;0.8
972;2021-03-06;119;59;5796;3025;1.6;0.8
972;2021-03-07;100;1;5896;3026;1.6;0.8
972;2021-03-08;196;133;6092;3159;1.7;0.9
972;2021-03-09;270;101;6362;3260;1.8;0.9
972;2021-03-10;322;134;6684;3394;1.9;0.9
972;2021-03-11;336;83;7020;3477;2.0;1.0
972;2021-03-12;401;54;7421;3531;2.1;1.0
972;2021-03-13;155;21;7576;3552;2.1;1.0
972;2021-03-14;4;1;7580;3553;2.1;1.0
972;2021-03-15;276;90;7856;3643;2.2;1.0
972;2021-03-16;305;55;8161;3698;2.3;1.0
972;2021-03-17;387;49;8548;3747;2.4;1.0
972;2021-03-18;434;44;8982;3791;2.5;1.1
972;2021-03-19;397;62;9379;3853;2.6;1.1
972;2021-03-20;149;48;9528;3901;2.7;1.1
972;2021-03-21;25;1;9553;3902;2.7;1.1
972;2021-03-22;362;118;9915;4020;2.8;1.1
972;2021-03-23;403;123;10318;4143;2.9;1.2
972;2021-03-24;428;105;10746;4248;3.0;1.2
972;2021-03-25;476;100;11222;4348;3.1;1.2
972;2021-03-26;632;101;11854;4449;3.3;1.2
972;2021-03-27;152;70;12006;4519;3.3;1.3
972;2021-03-28;81;2;12087;4521;3.4;1.3
972;2021-03-29;421;166;12508;4687;3.5;1.3
972;2021-03-30;469;243;12977;4930;3.6;1.4
972;2021-03-31;1144;191;14121;5121;3.9;1.4
972;2021-04-01;955;171;15076;5292;4.2;1.5
972;2021-04-02;895;11;15971;5303;4.5;1.5
972;2021-04-03;788;53;16759;5356;4.7;1.5
972;2021-04-04;750;10;17509;5366;4.9;1.5
972;2021-04-05;829;42;18338;5408;5.1;1.5
972;2021-04-06;883;134;19221;5542;5.4;1.5
972;2021-04-07;1435;326;20656;5868;5.8;1.6
972;2021-04-08;1306;269;21962;6137;6.1;1.7
972;2021-04-09;1240;316;23202;6453;6.5;1.8
972;2021-04-10;838;165;24040;6618;6.7;1.8
972;2021-04-11;621;14;24661;6632;6.9;1.8
972;2021-04-12;867;315;25528;6947;7.1;1.9
972;2021-04-13;880;327;26408;7274;7.4;2.0
972;2021-04-14;958;322;27366;7596;7.6;2.1
972;2021-04-15;959;297;28325;7893;7.9;2.2
972;2021-04-16;993;298;29318;8191;8.2;2.3
972;2021-04-17;529;161;29847;8352;8.3;2.3
972;2021-04-18;339;56;30186;8408;8.4;2.3
972;2021-04-19;668;344;30854;8752;8.6;2.4
972;2021-04-20;868;309;31722;9061;8.8;2.5
972;2021-04-21;999;354;32721;9415;9.1;2.6
972;2021-04-22;603;313;33324;9728;9.3;2.7
972;2021-04-23;606;465;33930;10193;9.5;2.8
972;2021-04-24;360;197;34290;10390;9.6;2.9
972;2021-04-25;168;200;34458;10590;9.6;3.0
972;2021-04-26;515;541;34973;11131;9.7;3.1
972;2021-04-27;568;608;35541;11739;9.9;3.3
972;2021-04-28;449;690;35990;12429;10.0;3.5
972;2021-04-29;653;641;36643;13070;10.2;3.6
972;2021-04-30;771;687;37414;13757;10.4;3.8
972;2021-05-01;243;246;37657;14003;10.5;3.9
972;2021-05-02;226;513;37883;14516;10.6;4.0
972;2021-05-03;569;771;38452;15287;10.7;4.3
972;2021-05-04;525;677;38977;15964;10.9;4.4
972;2021-05-05;546;896;39523;16860;11.0;4.7
972;2021-05-06;546;783;40069;17643;11.2;4.9
972;2021-05-07;629;1016;40698;18659;11.3;5.2
972;2021-05-08;224;526;40922;19185;11.4;5.3
972;2021-05-09;172;506;41094;19691;11.5;5.5
972;2021-05-10;520;859;41614;20550;11.6;5.7
972;2021-05-11;477;872;42091;21422;11.7;6.0
972;2021-05-12;557;912;42648;22334;11.9;6.2
972;2021-05-13;274;534;42922;22868;12.0;6.4
972;2021-05-14;389;752;43311;23620;12.1;6.6
972;2021-05-15;233;578;43544;24198;12.1;6.7
972;2021-05-16;155;442;43699;24640;12.2;6.9
972;2021-05-17;474;753;44173;25393;12.3;7.1
972;2021-05-18;446;680;44619;26073;12.4;7.3
972;2021-05-19;453;744;45072;26817;12.6;7.5
972;2021-05-20;593;500;45665;27317;12.7;7.6
972;2021-05-21;545;705;46210;28022;12.9;7.8
972;2021-05-22;185;364;46395;28386;12.9;7.9
972;2021-05-23;111;182;46506;28568;13.0;8.0
972;2021-05-24;135;241;46641;28809;13.0;8.0
972;2021-05-25;351;698;46992;29507;13.1;8.2
972;2021-05-26;383;712;47375;30219;13.2;8.4
972;2021-05-27;269;647;47644;30866;13.3;8.6
972;2021-05-28;280;816;47924;31682;13.4;8.8
972;2021-05-29;154;513;48078;32195;13.4;9.0
972;2021-05-30;17;33;48095;32228;13.4;9.0
972;2021-05-31;345;682;48440;32910;13.5;9.2
972;2021-06-01;300;547;48740;33457;13.6;9.3
972;2021-06-02;323;575;49063;34032;13.7;9.5
972;2021-06-03;247;424;49310;34456;13.7;9.6
972;2021-06-04;350;644;49660;35100;13.8;9.8
972;2021-06-05;261;373;49921;35473;13.9;9.9
972;2021-06-06;24;31;49945;35504;13.9;9.9
972;2021-06-07;259;736;50204;36240;14.0;10.1
972;2021-06-08;255;589;50459;36829;14.1;10.3
972;2021-06-09;303;699;50762;37528;14.1;10.5
972;2021-06-10;306;453;51068;37981;14.2;10.6
972;2021-06-11;341;534;51409;38515;14.3;10.7
972;2021-06-12;245;324;51654;38839;14.4;10.8
972;2021-06-13;32;29;51686;38868;14.4;10.8
972;2021-06-14;366;552;52052;39420;14.5;11.0
972;2021-06-15;409;487;52461;39907;14.6;11.1
972;2021-06-16;436;439;52897;40346;14.7;11.2
972;2021-06-17;354;577;53251;40923;14.8;11.4
972;2021-06-18;453;538;53704;41461;15.0;11.6
972;2021-06-19;225;196;53929;41657;15.0;11.6
972;2021-06-20;25;17;53954;41674;15.0;11.6
972;2021-06-21;323;579;54277;42253;15.1;11.8
972;2021-06-22;292;466;54569;42719;15.2;11.9
972;2021-06-23;418;563;54987;43282;15.3;12.1
972;2021-06-24;323;438;55310;43720;15.4;12.2
972;2021-06-25;308;391;55618;44111;15.5;12.3
972;2021-06-26;219;199;55837;44310;15.6;12.4
972;2021-06-27;16;23;55853;44333;15.6;12.4
972;2021-06-28;318;425;56171;44758;15.7;12.5
972;2021-06-29;321;432;56492;45190;15.7;12.6
972;2021-06-30;430;420;56922;45610;15.9;12.7
972;2021-07-01;336;391;57258;46001;16.0;12.8
972;2021-07-02;122;203;57380;46204;16.0;12.9
972;2021-07-03;100;118;57480;46322;16.0;12.9
972;2021-07-04;24;35;57504;46357;16.0;12.9
972;2021-07-05;485;579;57989;46936;16.2;13.1
972;2021-07-06;480;429;58469;47365;16.3;13.2
972;2021-07-07;595;493;59064;47858;16.5;13.3
972;2021-07-08;485;420;59549;48278;16.6;13.5
972;2021-07-09;619;585;60168;48863;16.8;13.6
972;2021-07-10;400;306;60568;49169;16.9;13.7
972;2021-07-11;48;37;60616;49206;16.9;13.7
972;2021-07-12;838;692;61454;49898;17.1;13.9
972;2021-07-13;1465;709;62919;50607;17.5;14.1
972;2021-07-14;132;62;63051;50669;17.6;14.1
972;2021-07-15;1587;675;64638;51344;18.0;14.3
972;2021-07-16;1617;649;66255;51993;18.5;14.5
972;2021-07-17;1047;352;67302;52345;18.8;14.6
972;2021-07-18;56;39;67358;52384;18.8;14.6
972;2021-07-19;1123;648;68481;53032;19.1;14.8
972;2021-07-20;1086;567;69567;53599;19.4;14.9
972;2021-07-21;931;593;70498;54192;19.7;15.1
973;2020-12-27;0;0;0;0;0.0;0.0
973;2020-12-28;0;0;0;0;0.0;0.0
973;2020-12-29;0;0;0;0;0.0;0.0
973;2020-12-30;0;0;0;0;0.0;0.0
973;2020-12-31;0;0;0;0;0.0;0.0
973;2021-01-01;0;0;0;0;0.0;0.0
973;2021-01-02;2;2;2;2;0.0;0.0
973;2021-01-03;0;0;2;2;0.0;0.0
973;2021-01-04;0;0;2;2;0.0;0.0
973;2021-01-05;0;0;2;2;0.0;0.0
973;2021-01-06;0;0;2;2;0.0;0.0
973;2021-01-07;0;0;2;2;0.0;0.0
973;2021-01-08;0;0;2;2;0.0;0.0
973;2021-01-09;0;0;2;2;0.0;0.0
973;2021-01-10;0;0;2;2;0.0;0.0
973;2021-01-11;0;0;2;2;0.0;0.0
973;2021-01-12;0;0;2;2;0.0;0.0
973;2021-01-13;30;0;32;2;0.0;0.0
973;2021-01-14;46;0;78;2;0.0;0.0
973;2021-01-15;35;0;113;2;0.0;0.0
973;2021-01-16;18;0;131;2;0.0;0.0
973;2021-01-17;0;0;131;2;0.0;0.0
973;2021-01-18;63;0;194;2;0.1;0.0
973;2021-01-19;150;1;344;3;0.1;0.0
973;2021-01-20;134;0;478;3;0.2;0.0
973;2021-01-21;118;0;596;3;0.2;0.0
973;2021-01-22;76;0;672;3;0.2;0.0
973;2021-01-23;0;0;672;3;0.2;0.0
973;2021-01-24;0;0;672;3;0.2;0.0
973;2021-01-25;56;0;728;3;0.3;0.0
973;2021-01-26;100;2;828;5;0.3;0.0
973;2021-01-27;109;1;937;6;0.3;0.0
973;2021-01-28;96;2;1033;8;0.4;0.0
973;2021-01-29;104;3;1137;11;0.4;0.0
973;2021-01-30;0;0;1137;11;0.4;0.0
973;2021-01-31;0;0;1137;11;0.4;0.0
973;2021-02-01;54;0;1191;11;0.4;0.0
973;2021-02-02;122;4;1313;15;0.5;0.0
973;2021-02-03;118;7;1431;22;0.5;0.0
973;2021-02-04;79;26;1510;48;0.5;0.0
973;2021-02-05;65;8;1575;56;0.5;0.0
973;2021-02-06;0;0;1575;56;0.5;0.0
973;2021-02-07;0;0;1575;56;0.5;0.0
973;2021-02-08;52;12;1627;68;0.6;0.0
973;2021-02-09;92;39;1719;107;0.6;0.0
973;2021-02-10;101;41;1820;148;0.6;0.1
973;2021-02-11;105;93;1925;241;0.7;0.1
973;2021-02-12;88;64;2013;305;0.7;0.1
973;2021-02-13;0;0;2013;305;0.7;0.1
973;2021-02-14;0;0;2013;305;0.7;0.1
973;2021-02-15;27;65;2040;370;0.7;0.1
973;2021-02-16;123;55;2163;425;0.7;0.1
973;2021-02-17;145;120;2308;545;0.8;0.2
973;2021-02-18;103;142;2411;687;0.8;0.2
973;2021-02-19;122;72;2533;759;0.9;0.3
973;2021-02-20;0;0;2533;759;0.9;0.3
973;2021-02-21;0;0;2533;759;0.9;0.3
973;2021-02-22;78;49;2611;808;0.9;0.3
973;2021-02-23;158;101;2769;909;1.0;0.3
973;2021-02-24;190;122;2959;1031;1.0;0.4
973;2021-02-25;259;87;3218;1118;1.1;0.4
973;2021-02-26;264;69;3482;1187;1.2;0.4
973;2021-02-27;120;1;3602;1188;1.2;0.4
973;2021-02-28;0;0;3602;1188;1.2;0.4
973;2021-03-01;180;85;3782;1273;1.3;0.4
973;2021-03-02;255;108;4037;1381;1.4;0.5
973;2021-03-03;255;132;4292;1513;1.5;0.5
973;2021-03-04;281;83;4573;1596;1.6;0.5
973;2021-03-05;274;46;4847;1642;1.7;0.6
973;2021-03-06;118;2;4965;1644;1.7;0.6
973;2021-03-07;0;0;4965;1644;1.7;0.6
973;2021-03-08;187;40;5152;1684;1.8;0.6
973;2021-03-09;350;92;5502;1776;1.9;0.6
973;2021-03-10;358;100;5860;1876;2.0;0.6
973;2021-03-11;270;114;6130;1990;2.1;0.7
973;2021-03-12;287;87;6417;2077;2.2;0.7
973;2021-03-13;111;4;6528;2081;2.2;0.7
973;2021-03-14;0;0;6528;2081;2.2;0.7
973;2021-03-15;181;27;6709;2108;2.3;0.7
973;2021-03-16;242;139;6951;2247;2.4;0.8
973;2021-03-17;273;129;7224;2376;2.5;0.8
973;2021-03-18;249;153;7473;2529;2.6;0.9
973;2021-03-19;284;127;7757;2656;2.7;0.9
973;2021-03-20;255;14;8012;2670;2.8;0.9
973;2021-03-21;119;2;8131;2672;2.8;0.9
973;2021-03-22;219;110;8350;2782;2.9;1.0
973;2021-03-23;274;194;8624;2976;3.0;1.0
973;2021-03-24;235;214;8859;3190;3.0;1.1
973;2021-03-25;168;179;9027;3369;3.1;1.2
973;2021-03-26;188;307;9215;3676;3.2;1.3
973;2021-03-27;57;94;9272;3770;3.2;1.3
973;2021-03-28;0;0;9272;3770;3.2;1.3
973;2021-03-29;175;246;9447;4016;3.2;1.4
973;2021-03-30;445;237;9892;4253;3.4;1.5
973;2021-03-31;319;291;10211;4544;3.5;1.6
973;2021-04-01;445;260;10656;4804;3.7;1.7
973;2021-04-02;306;279;10962;5083;3.8;1.7
973;2021-04-03;153;122;11115;5205;3.8;1.8
973;2021-04-04;0;0;11115;5205;3.8;1.8
973;2021-04-05;118;14;11233;5219;3.9;1.8
973;2021-04-06;438;335;11671;5554;4.0;1.9
973;2021-04-07;501;344;12172;5898;4.2;2.0
973;2021-04-08;512;267;12684;6165;4.4;2.1
973;2021-04-09;496;226;13180;6391;4.5;2.2
973;2021-04-10;147;91;13327;6482;4.6;2.2
973;2021-04-11;2;0;13329;6482;4.6;2.2
973;2021-04-12;551;267;13880;6749;4.8;2.3
973;2021-04-13;674;243;14554;6992;5.0;2.4
973;2021-04-14;720;312;15274;7304;5.3;2.5
973;2021-04-15;774;245;16048;7549;5.5;2.6
973;2021-04-16;756;297;16804;7846;5.8;2.7
973;2021-04-17;499;130;17303;7976;6.0;2.7
973;2021-04-18;499;39;17802;8015;6.1;2.8
973;2021-04-19;714;251;18516;8266;6.4;2.8
973;2021-04-20;604;277;19120;8543;6.6;2.9
973;2021-04-21;867;249;19987;8792;6.9;3.0
973;2021-04-22;723;229;20710;9021;7.1;3.1
973;2021-04-23;705;227;21415;9248;7.4;3.2
973;2021-04-24;525;95;21940;9343;7.5;3.2
973;2021-04-25;611;50;22551;9393;7.8;3.2
973;2021-04-26;780;229;23331;9622;8.0;3.3
973;2021-04-27;785;341;24116;9963;8.3;3.4
973;2021-04-28;695;328;24811;10291;8.5;3.5
973;2021-04-29;621;279;25432;10570;8.7;3.6
973;2021-04-30;673;252;26105;10822;9.0;3.7
973;2021-05-01;210;27;26315;10849;9.1;3.7
973;2021-05-02;602;84;26917;10933;9.3;3.8
973;2021-05-03;553;390;27470;11323;9.4;3.9
973;2021-05-04;623;312;28093;11635;9.7;4.0
973;2021-05-05;658;448;28751;12083;9.9;4.2
973;2021-05-06;654;466;29405;12549;10.1;4.3
973;2021-05-07;555;467;29960;13016;10.3;4.5
973;2021-05-08;341;58;30301;13074;10.4;4.5
973;2021-05-09;262;73;30563;13147;10.5;4.5
973;2021-05-10;423;611;30986;13758;10.7;4.7
973;2021-05-11;392;492;31378;14250;10.8;4.9
973;2021-05-12;508;646;31886;14896;11.0;5.1
973;2021-05-13;333;99;32219;14995;11.1;5.2
973;2021-05-14;479;549;32698;15544;11.2;5.3
973;2021-05-15;258;348;32956;15892;11.3;5.5
973;2021-05-16;207;210;33163;16102;11.4;5.5
973;2021-05-17;444;600;33607;16702;11.6;5.7
973;2021-05-18;560;564;34167;17266;11.8;5.9
973;2021-05-19;525;553;34692;17819;11.9;6.1
973;2021-05-20;641;451;35333;18270;12.2;6.3
973;2021-05-21;494;605;35827;18875;12.3;6.5
973;2021-05-22;167;502;35994;19377;12.4;6.7
973;2021-05-23;269;474;36263;19851;12.5;6.8
973;2021-05-24;560;246;36823;20097;12.7;6.9
973;2021-05-25;496;742;37319;20839;12.8;7.2
973;2021-05-26;440;683;37759;21522;13.0;7.4
973;2021-05-27;694;523;38453;22045;13.2;7.6
973;2021-05-28;558;553;39011;22598;13.4;7.8
973;2021-05-29;240;360;39251;22958;13.5;7.9
973;2021-05-30;151;399;39402;23357;13.6;8.0
973;2021-05-31;341;573;39743;23930;13.7;8.2
973;2021-06-01;397;461;40140;24391;13.8;8.4
973;2021-06-02;541;552;40681;24943;14.0;8.6
973;2021-06-03;517;469;41198;25412;14.2;8.7
973;2021-06-04;592;495;41790;25907;14.4;8.9
973;2021-06-05;272;293;42062;26200;14.5;9.0
973;2021-06-06;211;299;42273;26499;14.5;9.1
973;2021-06-07;484;450;42757;26949;14.7;9.3
973;2021-06-08;542;312;43299;27261;14.9;9.4
973;2021-06-09;516;384;43815;27645;15.1;9.5
973;2021-06-10;355;289;44170;27934;15.2;9.6
973;2021-06-11;433;468;44603;28402;15.3;9.8
973;2021-06-12;170;284;44773;28686;15.4;9.9
973;2021-06-13;212;268;44985;28954;15.5;10.0
973;2021-06-14;375;547;45360;29501;15.6;10.1
973;2021-06-15;362;441;45722;29942;15.7;10.3
973;2021-06-16;420;452;46142;30394;15.9;10.5
973;2021-06-17;381;575;46523;30969;16.0;10.7
973;2021-06-18;359;562;46882;31531;16.1;10.8
973;2021-06-19;234;260;47116;31791;16.2;10.9
973;2021-06-20;126;272;47242;32063;16.3;11.0
973;2021-06-21;275;598;47517;32661;16.3;11.2
973;2021-06-22;323;457;47840;33118;16.5;11.4
973;2021-06-23;289;536;48129;33654;16.6;11.6
973;2021-06-24;391;496;48520;34150;16.7;11.7
973;2021-06-25;376;545;48896;34695;16.8;11.9
973;2021-06-26;166;320;49062;35015;16.9;12.0
973;2021-06-27;118;170;49180;35185;16.9;12.1
973;2021-06-28;282;591;49462;35776;17.0;12.3
973;2021-06-29;326;500;49788;36276;17.1;12.5
973;2021-06-30;310;668;50098;36944;17.2;12.7
973;2021-07-01;345;394;50443;37338;17.4;12.8
973;2021-07-02;394;515;50837;37853;17.5;13.0
973;2021-07-03;203;272;51040;38125;17.6;13.1
973;2021-07-04;85;242;51125;38367;17.6;13.2
973;2021-07-05;304;543;51429;38910;17.7;13.4
973;2021-07-06;307;474;51736;39384;17.8;13.5
973;2021-07-07;305;409;52041;39793;17.9;13.7
973;2021-07-08;258;324;52299;40117;18.0;13.8
973;2021-07-09;354;435;52653;40552;18.1;14.0
973;2021-07-10;163;276;52816;40828;18.2;14.0
973;2021-07-11;102;164;52918;40992;18.2;14.1
973;2021-07-12;355;491;53273;41483;18.3;14.3
973;2021-07-13;648;554;53921;42037;18.5;14.5
973;2021-07-14;373;156;54294;42193;18.7;14.5
973;2021-07-15;611;519;54905;42712;18.9;14.7
973;2021-07-16;559;470;55464;43182;19.1;14.9
973;2021-07-17;336;281;55800;43463;19.2;15.0
973;2021-07-18;250;119;56050;43582;19.3;15.0
973;2021-07-19;488;444;56538;44026;19.4;15.1
973;2021-07-20;508;476;57046;44502;19.6;15.3
973;2021-07-21;495;371;57541;44873;19.8;15.4
974;2020-12-27;0;0;0;0;0.0;0.0
974;2020-12-28;0;0;0;0;0.0;0.0
974;2020-12-29;0;0;0;0;0.0;0.0
974;2020-12-30;0;0;0;0;0.0;0.0
974;2020-12-31;0;0;0;0;0.0;0.0
974;2021-01-01;1;0;1;0;0.0;0.0
974;2021-01-02;0;0;1;0;0.0;0.0
974;2021-01-03;0;0;1;0;0.0;0.0
974;2021-01-04;0;0;1;0;0.0;0.0
974;2021-01-05;2;0;3;0;0.0;0.0
974;2021-01-06;0;0;3;0;0.0;0.0
974;2021-01-07;0;0;3;0;0.0;0.0
974;2021-01-08;0;0;3;0;0.0;0.0
974;2021-01-09;1;0;4;0;0.0;0.0
974;2021-01-10;0;0;4;0;0.0;0.0
974;2021-01-11;0;0;4;0;0.0;0.0
974;2021-01-12;0;0;4;0;0.0;0.0
974;2021-01-13;0;0;4;0;0.0;0.0
974;2021-01-14;0;0;4;0;0.0;0.0
974;2021-01-15;332;0;336;0;0.0;0.0
974;2021-01-16;28;0;364;0;0.0;0.0
974;2021-01-17;0;0;364;0;0.0;0.0
974;2021-01-18;49;1;413;1;0.0;0.0
974;2021-01-19;393;0;806;1;0.1;0.0
974;2021-01-20;481;1;1287;2;0.1;0.0
974;2021-01-21;614;1;1901;3;0.2;0.0
974;2021-01-22;409;1;2310;4;0.3;0.0
974;2021-01-23;75;0;2385;4;0.3;0.0
974;2021-01-24;0;0;2385;4;0.3;0.0
974;2021-01-25;273;2;2658;6;0.3;0.0
974;2021-01-26;429;0;3087;6;0.4;0.0
974;2021-01-27;317;0;3404;6;0.4;0.0
974;2021-01-28;407;0;3811;6;0.4;0.0
974;2021-01-29;421;3;4232;9;0.5;0.0
974;2021-01-30;420;0;4652;9;0.5;0.0
974;2021-01-31;0;0;4652;9;0.5;0.0
974;2021-02-01;372;3;5024;12;0.6;0.0
974;2021-02-02;499;4;5523;16;0.6;0.0
974;2021-02-03;602;14;6125;30;0.7;0.0
974;2021-02-04;626;21;6751;51;0.8;0.0
974;2021-02-05;564;98;7315;149;0.9;0.0
974;2021-02-06;500;5;7815;154;0.9;0.0
974;2021-02-07;0;8;7815;162;0.9;0.0
974;2021-02-08;472;34;8287;196;1.0;0.0
974;2021-02-09;785;92;9072;288;1.1;0.0
974;2021-02-10;820;87;9892;375;1.2;0.0
974;2021-02-11;796;86;10688;461;1.2;0.1
974;2021-02-12;637;94;11325;555;1.3;0.1
974;2021-02-13;651;74;11976;629;1.4;0.1
974;2021-02-14;1;0;11977;629;1.4;0.1
974;2021-02-15;524;126;12501;755;1.5;0.1
974;2021-02-16;651;534;13152;1289;1.5;0.1
974;2021-02-17;592;329;13744;1618;1.6;0.2
974;2021-02-18;493;412;14237;2030;1.7;0.2
974;2021-02-19;497;319;14734;2349;1.7;0.3
974;2021-02-20;576;117;15310;2466;1.8;0.3
974;2021-02-21;0;0;15310;2466;1.8;0.3
974;2021-02-22;402;238;15712;2704;1.8;0.3
974;2021-02-23;607;238;16319;2942;1.9;0.3
974;2021-02-24;584;252;16903;3194;2.0;0.4
974;2021-02-25;645;296;17548;3490;2.0;0.4
974;2021-02-26;483;472;18031;3962;2.1;0.5
974;2021-02-27;385;469;18416;4431;2.1;0.5
974;2021-02-28;0;0;18416;4431;2.1;0.5
974;2021-03-01;291;389;18707;4820;2.2;0.6
974;2021-03-02;486;502;19193;5322;2.2;0.6
974;2021-03-03;755;540;19948;5862;2.3;0.7
974;2021-03-04;777;495;20725;6357;2.4;0.7
974;2021-03-05;727;526;21452;6883;2.5;0.8
974;2021-03-06;812;524;22264;7407;2.6;0.9
974;2021-03-07;0;0;22264;7407;2.6;0.9
974;2021-03-08;435;576;22699;7983;2.6;0.9
974;2021-03-09;671;769;23370;8752;2.7;1.0
974;2021-03-10;643;842;24013;9594;2.8;1.1
974;2021-03-11;699;638;24712;10232;2.9;1.2
974;2021-03-12;729;656;25441;10888;3.0;1.3
974;2021-03-13;668;607;26109;11495;3.0;1.3
974;2021-03-14;2;0;26111;11495;3.0;1.3
974;2021-03-15;504;504;26615;11999;3.1;1.4
974;2021-03-16;680;708;27295;12707;3.2;1.5
974;2021-03-17;847;531;28142;13238;3.3;1.5
974;2021-03-18;1022;546;29164;13784;3.4;1.6
974;2021-03-19;784;533;29948;14317;3.5;1.7
974;2021-03-20;576;596;30524;14913;3.5;1.7
974;2021-03-21;0;0;30524;14913;3.5;1.7
974;2021-03-22;565;468;31089;15381;3.6;1.8
974;2021-03-23;780;640;31869;16021;3.7;1.9
974;2021-03-24;792;656;32661;16677;3.8;1.9
974;2021-03-25;931;550;33592;17227;3.9;2.0
974;2021-03-26;921;450;34513;17677;4.0;2.1
974;2021-03-27;782;337;35295;18014;4.1;2.1
974;2021-03-28;1;0;35296;18014;4.1;2.1
974;2021-03-29;961;270;36257;18284;4.2;2.1
974;2021-03-30;883;497;37140;18781;4.3;2.2
974;2021-03-31;741;663;37881;19444;4.4;2.3
974;2021-04-01;716;707;38597;20151;4.5;2.3
974;2021-04-02;688;757;39285;20908;4.6;2.4
974;2021-04-03;699;705;39984;21613;4.6;2.5
974;2021-04-04;0;0;39984;21613;4.6;2.5
974;2021-04-05;0;0;39984;21613;4.6;2.5
974;2021-04-06;795;635;40779;22248;4.7;2.6
974;2021-04-07;1368;787;42147;23035;4.9;2.7
974;2021-04-08;1792;771;43939;23806;5.1;2.8
974;2021-04-09;1509;784;45448;24590;5.3;2.9
974;2021-04-10;1137;651;46585;25241;5.4;2.9
974;2021-04-11;2;0;46587;25241;5.4;2.9
974;2021-04-12;1238;544;47825;25785;5.6;3.0
974;2021-04-13;1440;755;49265;26540;5.7;3.1
974;2021-04-14;2070;771;51335;27311;6.0;3.2
974;2021-04-15;2506;954;53841;28265;6.3;3.3
974;2021-04-16;1933;781;55774;29046;6.5;3.4
974;2021-04-17;1289;604;57063;29650;6.6;3.4
974;2021-04-18;0;0;57063;29650;6.6;3.4
974;2021-04-19;1375;562;58438;30212;6.8;3.5
974;2021-04-20;1650;804;60088;31016;7.0;3.6
974;2021-04-21;2127;624;62215;31640;7.2;3.7
974;2021-04-22;2948;817;65163;32457;7.6;3.8
974;2021-04-23;2309;813;67472;33270;7.8;3.9
974;2021-04-24;1104;799;68576;34069;8.0;4.0
974;2021-04-25;2;0;68578;34069;8.0;4.0
974;2021-04-26;1165;915;69743;34984;8.1;4.1
974;2021-04-27;1685;1028;71428;36012;8.3;4.2
974;2021-04-28;2896;750;74324;36762;8.6;4.3
974;2021-04-29;3946;810;78270;37572;9.1;4.4
974;2021-04-30;3438;903;81708;38475;9.5;4.5
974;2021-05-01;2106;222;83814;38697;9.7;4.5
974;2021-05-02;1;0;83815;38697;9.7;4.5
974;2021-05-03;1865;574;85680;39271;10.0;4.6
974;2021-05-04;2128;1099;87808;40370;10.2;4.7
974;2021-05-05;3120;1635;90928;42005;10.6;4.9
974;2021-05-06;4005;1588;94933;43593;11.0;5.1
974;2021-05-07;3229;1523;98162;45116;11.4;5.2
974;2021-05-08;1568;502;99730;45618;11.6;5.3
974;2021-05-09;1;0;99731;45618;11.6;5.3
974;2021-05-10;2411;996;102142;46614;11.9;5.4
974;2021-05-11;3652;1640;105794;48254;12.3;5.6
974;2021-05-12;4721;2393;110515;50647;12.9;5.9
974;2021-05-13;3554;595;114069;51242;13.3;6.0
974;2021-05-14;5268;2512;119337;53754;13.9;6.3
974;2021-05-15;3163;1538;122500;55292;14.2;6.4
974;2021-05-16;15;18;122515;55310;14.2;6.4
974;2021-05-17;2999;1494;125514;56804;14.6;6.6
974;2021-05-18;3757;1792;129271;58596;15.0;6.8
974;2021-05-19;4688;2396;133959;60992;15.6;7.1
974;2021-05-20;5140;2831;139099;63823;16.2;7.4
974;2021-05-21;4989;2636;144088;66459;16.8;7.7
974;2021-05-22;3367;1255;147455;67714;17.1;7.9
974;2021-05-23;5;3;147460;67717;17.1;7.9
974;2021-05-24;3643;1076;151103;68793;17.6;8.0
974;2021-05-25;4246;1912;155349;70705;18.1;8.2
974;2021-05-26;4988;2975;160337;73680;18.6;8.6
974;2021-05-27;4614;4094;164951;77774;19.2;9.0
974;2021-05-28;4379;3827;169330;81601;19.7;9.5
974;2021-05-29;2555;2455;171885;84056;20.0;9.8
974;2021-05-30;8;14;171893;84070;20.0;9.8
974;2021-05-31;2349;2256;174242;86326;20.3;10.0
974;2021-06-01;3300;2724;177542;89050;20.6;10.4
974;2021-06-02;3974;3353;181516;92403;21.1;10.7
974;2021-06-03;4044;3651;185560;96054;21.6;11.2
974;2021-06-04;3849;3750;189409;99804;22.0;11.6
974;2021-06-05;2214;1922;191623;101726;22.3;11.8
974;2021-06-06;1072;132;192695;101858;22.4;11.8
974;2021-06-07;2013;2527;194708;104385;22.6;12.1
974;2021-06-08;2554;3335;197262;107720;22.9;12.5
974;2021-06-09;2981;4777;200243;112497;23.3;13.1
974;2021-06-10;3409;4453;203652;116950;23.7;13.6
974;2021-06-11;2842;4621;206494;121571;24.0;14.1
974;2021-06-12;1727;3376;208221;124947;24.2;14.5
974;2021-06-13;1323;243;209544;125190;24.4;14.6
974;2021-06-14;1491;3182;211035;128372;24.5;14.9
974;2021-06-15;2059;3613;213094;131985;24.8;15.3
974;2021-06-16;2736;4651;215830;136636;25.1;15.9
974;2021-06-17;2517;4902;218347;141538;25.4;16.5
974;2021-06-18;2590;4900;220937;146438;25.7;17.0
974;2021-06-19;1304;3519;222241;149957;25.8;17.4
974;2021-06-20;632;288;222873;150245;25.9;17.5
974;2021-06-21;1266;3233;224139;153478;26.1;17.8
974;2021-06-22;1609;3763;225748;157241;26.3;18.3
974;2021-06-23;2244;4983;227992;162224;26.5;18.9
974;2021-06-24;2275;4073;230267;166297;26.8;19.3
974;2021-06-25;2183;4112;232450;170409;27.0;19.8
974;2021-06-26;1394;2713;233844;173122;27.2;20.1
974;2021-06-27;662;265;234506;173387;27.3;20.2
974;2021-06-28;1305;2483;235811;175870;27.4;20.5
974;2021-06-29;1747;2853;237558;178723;27.6;20.8
974;2021-06-30;2542;3845;240100;182568;27.9;21.2
974;2021-07-01;2656;3832;242756;186400;28.2;21.7
974;2021-07-02;2491;3716;245247;190116;28.5;22.1
974;2021-07-03;1600;2461;246847;192577;28.7;22.4
974;2021-07-04;872;1039;247719;193616;28.8;22.5
974;2021-07-05;1670;2227;249389;195843;29.0;22.8
974;2021-07-06;2504;2530;251893;198373;29.3;23.1
974;2021-07-07;2645;3142;254538;201515;29.6;23.4
974;2021-07-08;2379;3172;256917;204687;29.9;23.8
974;2021-07-09;2737;3423;259654;208110;30.2;24.2
974;2021-07-10;1609;2187;261263;210297;30.4;24.5
974;2021-07-11;727;1019;261990;211316;30.5;24.6
974;2021-07-12;1724;2610;263714;213926;30.7;24.9
974;2021-07-13;4365;3329;268079;217255;31.2;25.3
974;2021-07-14;3264;595;271343;217850;31.6;25.3
974;2021-07-15;5498;3981;276841;221831;32.2;25.8
974;2021-07-16;6179;3275;283020;225106;32.9;26.2
974;2021-07-17;4284;1892;287304;226998;33.4;26.4
974;2021-07-18;2659;750;289963;227748;33.7;26.5
974;2021-07-19;4582;2010;294545;229758;34.3;26.7
974;2021-07-20;6147;2382;300692;232140;35.0;27.0
974;2021-07-21;6551;2791;307243;234931;35.7;27.3
975;2020-12-27;0;0;0;0;0.0;0.0
975;2020-12-28;0;0;0;0;0.0;0.0
975;2020-12-29;0;0;0;0;0.0;0.0
975;2020-12-30;0;0;0;0;0.0;0.0
975;2020-12-31;0;0;0;0;0.0;0.0
975;2021-01-01;0;0;0;0;0.0;0.0
975;2021-01-02;0;0;0;0;0.0;0.0
975;2021-01-03;0;0;0;0;0.0;0.0
975;2021-01-04;0;0;0;0;0.0;0.0
975;2021-01-05;0;0;0;0;0.0;0.0
975;2021-01-06;0;0;0;0;0.0;0.0
975;2021-01-07;0;0;0;0;0.0;0.0
975;2021-01-08;0;0;0;0;0.0;0.0
975;2021-01-09;0;0;0;0;0.0;0.0
975;2021-01-10;0;0;0;0;0.0;0.0
975;2021-01-11;0;0;0;0;0.0;0.0
975;2021-01-12;0;0;0;0;0.0;0.0
975;2021-01-13;0;0;0;0;0.0;0.0
975;2021-01-14;0;0;0;0;0.0;0.0
975;2021-01-15;0;0;0;0;0.0;0.0
975;2021-01-16;0;0;0;0;0.0;0.0
975;2021-01-17;0;0;0;0;0.0;0.0
975;2021-01-18;0;0;0;0;0.0;0.0
975;2021-01-19;0;0;0;0;0.0;0.0
975;2021-01-20;0;0;0;0;0.0;0.0
975;2021-01-21;0;0;0;0;0.0;0.0
975;2021-01-22;0;0;0;0;0.0;0.0
975;2021-01-23;0;0;0;0;0.0;0.0
975;2021-01-24;0;0;0;0;0.0;0.0
975;2021-01-25;0;0;0;0;0.0;0.0
975;2021-01-26;0;0;0;0;0.0;0.0
975;2021-01-27;0;0;0;0;0.0;0.0
975;2021-01-28;0;0;0;0;0.0;0.0
975;2021-01-29;0;0;0;0;0.0;0.0
975;2021-01-30;0;0;0;0;0.0;0.0
975;2021-01-31;0;0;0;0;0.0;0.0
975;2021-02-01;0;0;0;0;0.0;0.0
975;2021-02-02;0;0;0;0;0.0;0.0
975;2021-02-03;0;0;0;0;0.0;0.0
975;2021-02-04;0;0;0;0;0.0;0.0
975;2021-02-05;0;0;0;0;0.0;0.0
975;2021-02-06;0;0;0;0;0.0;0.0
975;2021-02-07;0;0;0;0;0.0;0.0
975;2021-02-08;0;0;0;0;0.0;0.0
975;2021-02-09;0;0;0;0;0.0;0.0
975;2021-02-10;0;0;0;0;0.0;0.0
975;2021-02-11;0;0;0;0;0.0;0.0
975;2021-02-12;0;0;0;0;0.0;0.0
975;2021-02-13;0;0;0;0;0.0;0.0
975;2021-02-14;0;0;0;0;0.0;0.0
975;2021-02-15;0;0;0;0;0.0;0.0
975;2021-02-16;0;0;0;0;0.0;0.0
975;2021-02-17;0;0;0;0;0.0;0.0
975;2021-02-18;0;0;0;0;0.0;0.0
975;2021-02-19;0;0;0;0;0.0;0.0
975;2021-02-20;0;0;0;0;0.0;0.0
975;2021-02-21;0;0;0;0;0.0;0.0
975;2021-02-22;0;0;0;0;0.0;0.0
975;2021-02-23;0;0;0;0;0.0;0.0
975;2021-02-24;0;0;0;0;0.0;0.0
975;2021-02-25;0;0;0;0;0.0;0.0
975;2021-02-26;0;0;0;0;0.0;0.0
975;2021-02-27;0;0;0;0;0.0;0.0
975;2021-02-28;0;0;0;0;0.0;0.0
975;2021-03-01;0;0;0;0;0.0;0.0
975;2021-03-02;0;0;0;0;0.0;0.0
975;2021-03-03;0;0;0;0;0.0;0.0
975;2021-03-04;0;0;0;0;0.0;0.0
975;2021-03-05;0;0;0;0;0.0;0.0
975;2021-03-06;0;0;0;0;0.0;0.0
975;2021-03-07;0;0;0;0;0.0;0.0
975;2021-03-08;0;0;0;0;0.0;0.0
975;2021-03-09;0;0;0;0;0.0;0.0
975;2021-03-10;0;0;0;0;0.0;0.0
975;2021-03-11;0;0;0;0;0.0;0.0
975;2021-03-12;0;0;0;0;0.0;0.0
975;2021-03-13;0;0;0;0;0.0;0.0
975;2021-03-14;0;0;0;0;0.0;0.0
975;2021-03-15;0;0;0;0;0.0;0.0
975;2021-03-16;0;0;0;0;0.0;0.0
975;2021-03-17;0;0;0;0;0.0;0.0
975;2021-03-18;0;0;0;0;0.0;0.0
975;2021-03-19;0;0;0;0;0.0;0.0
975;2021-03-20;0;0;0;0;0.0;0.0
975;2021-03-21;0;0;0;0;0.0;0.0
975;2021-03-22;0;0;0;0;0.0;0.0
975;2021-03-23;0;0;0;0;0.0;0.0
975;2021-03-24;0;0;0;0;0.0;0.0
975;2021-03-25;0;0;0;0;0.0;0.0
975;2021-03-26;0;0;0;0;0.0;0.0
975;2021-03-27;0;0;0;0;0.0;0.0
975;2021-03-28;0;0;0;0;0.0;0.0
975;2021-03-29;2;0;2;0;0.0;0.0
975;2021-03-30;0;0;2;0;0.0;0.0
975;2021-03-31;0;0;2;0;0.0;0.0
975;2021-04-01;0;0;2;0;0.0;0.0
975;2021-04-02;0;0;2;0;0.0;0.0
975;2021-04-03;0;0;2;0;0.0;0.0
975;2021-04-04;0;0;2;0;0.0;0.0
975;2021-04-05;0;0;2;0;0.0;0.0
975;2021-04-06;0;0;2;0;0.0;0.0
975;2021-04-07;0;0;2;0;0.0;0.0
975;2021-04-08;1;0;3;0;0.1;0.0
975;2021-04-09;0;0;3;0;0.1;0.0
975;2021-04-10;0;0;3;0;0.1;0.0
975;2021-04-11;0;0;3;0;0.1;0.0
975;2021-04-12;0;0;3;0;0.1;0.0
975;2021-04-13;0;0;3;0;0.1;0.0
975;2021-04-14;0;0;3;0;0.1;0.0
975;2021-04-15;0;0;3;0;0.1;0.0
975;2021-04-16;0;0;3;0;0.1;0.0
975;2021-04-17;0;0;3;0;0.1;0.0
975;2021-04-18;0;0;3;0;0.1;0.0
975;2021-04-19;0;0;3;0;0.1;0.0
975;2021-04-20;0;0;3;0;0.1;0.0
975;2021-04-21;0;0;3;0;0.1;0.0
975;2021-04-22;0;0;3;0;0.1;0.0
975;2021-04-23;0;0;3;0;0.1;0.0
975;2021-04-24;0;0;3;0;0.1;0.0
975;2021-04-25;0;0;3;0;0.1;0.0
975;2021-04-26;0;0;3;0;0.1;0.0
975;2021-04-27;0;0;3;0;0.1;0.0
975;2021-04-28;0;0;3;0;0.1;0.0
975;2021-04-29;0;0;3;0;0.1;0.0
975;2021-04-30;0;0;3;0;0.1;0.0
975;2021-05-01;0;0;3;0;0.1;0.0
975;2021-05-02;0;0;3;0;0.1;0.0
975;2021-05-03;0;0;3;0;0.1;0.0
975;2021-05-04;0;0;3;0;0.1;0.0
975;2021-05-05;0;0;3;0;0.1;0.0
975;2021-05-06;0;0;3;0;0.1;0.0
975;2021-05-07;0;0;3;0;0.1;0.0
975;2021-05-08;0;0;3;0;0.1;0.0
975;2021-05-09;0;0;3;0;0.1;0.0
975;2021-05-10;0;0;3;0;0.1;0.0
975;2021-05-11;0;0;3;0;0.1;0.0
975;2021-05-12;0;0;3;0;0.1;0.0
975;2021-05-13;0;0;3;0;0.1;0.0
975;2021-05-14;0;0;3;0;0.1;0.0
975;2021-05-15;0;0;3;0;0.1;0.0
975;2021-05-16;0;0;3;0;0.1;0.0
975;2021-05-17;0;0;3;0;0.1;0.0
975;2021-05-18;0;0;3;0;0.1;0.0
975;2021-05-19;0;0;3;0;0.1;0.0
975;2021-05-20;0;0;3;0;0.1;0.0
975;2021-05-21;0;0;3;0;0.1;0.0
975;2021-05-22;0;0;3;0;0.1;0.0
975;2021-05-23;0;0;3;0;0.1;0.0
975;2021-05-24;0;0;3;0;0.1;0.0
975;2021-05-25;0;0;3;0;0.1;0.0
975;2021-05-26;0;0;3;0;0.1;0.0
975;2021-05-27;0;0;3;0;0.1;0.0
975;2021-05-28;0;0;3;0;0.1;0.0
975;2021-05-29;0;2;3;2;0.1;0.0
975;2021-05-30;0;0;3;2;0.1;0.0
975;2021-05-31;0;0;3;2;0.1;0.0
975;2021-06-01;0;0;3;2;0.1;0.0
975;2021-06-02;0;0;3;2;0.1;0.0
975;2021-06-03;0;0;3;2;0.1;0.0
975;2021-06-04;0;0;3;2;0.1;0.0
975;2021-06-05;0;0;3;2;0.1;0.0
975;2021-06-06;0;0;3;2;0.1;0.0
975;2021-06-07;0;0;3;2;0.1;0.0
975;2021-06-08;0;0;3;2;0.1;0.0
975;2021-06-09;0;0;3;2;0.1;0.0
975;2021-06-10;0;0;3;2;0.1;0.0
975;2021-06-11;0;0;3;2;0.1;0.0
975;2021-06-12;0;0;3;2;0.1;0.0
975;2021-06-13;0;0;3;2;0.1;0.0
975;2021-06-14;0;0;3;2;0.1;0.0
975;2021-06-15;0;0;3;2;0.1;0.0
975;2021-06-16;0;0;3;2;0.1;0.0
975;2021-06-17;0;0;3;2;0.1;0.0
975;2021-06-18;0;0;3;2;0.1;0.0
975;2021-06-19;0;0;3;2;0.1;0.0
975;2021-06-20;0;0;3;2;0.1;0.0
975;2021-06-21;0;0;3;2;0.1;0.0
975;2021-06-22;0;0;3;2;0.1;0.0
975;2021-06-23;0;0;3;2;0.1;0.0
975;2021-06-24;0;0;3;2;0.1;0.0
975;2021-06-25;0;0;3;2;0.1;0.0
975;2021-06-26;0;0;3;2;0.1;0.0
975;2021-06-27;0;0;3;2;0.1;0.0
975;2021-06-28;0;0;3;2;0.1;0.0
975;2021-06-29;0;0;3;2;0.1;0.0
975;2021-06-30;0;0;3;2;0.1;0.0
975;2021-07-01;0;0;3;2;0.1;0.0
975;2021-07-02;0;0;3;2;0.1;0.0
975;2021-07-03;0;0;3;2;0.1;0.0
975;2021-07-04;0;0;3;2;0.1;0.0
975;2021-07-05;0;0;3;2;0.1;0.0
975;2021-07-06;0;0;3;2;0.1;0.0
975;2021-07-07;0;0;3;2;0.1;0.0
975;2021-07-08;0;0;3;2;0.1;0.0
975;2021-07-09;0;0;3;2;0.1;0.0
975;2021-07-10;0;0;3;2;0.1;0.0
975;2021-07-11;0;0;3;2;0.1;0.0
975;2021-07-12;0;0;3;2;0.1;0.0
975;2021-07-13;0;0;3;2;0.1;0.0
975;2021-07-14;0;0;3;2;0.1;0.0
975;2021-07-15;0;0;3;2;0.1;0.0
975;2021-07-16;0;0;3;2;0.1;0.0
975;2021-07-17;0;0;3;2;0.1;0.0
975;2021-07-18;0;0;3;2;0.1;0.0
975;2021-07-19;0;0;3;2;0.1;0.0
975;2021-07-20;0;0;3;2;0.1;0.0
975;2021-07-21;0;0;3;2;0.1;0.0
976;2020-12-27;0;0;0;0;0.0;0.0
976;2020-12-28;0;0;0;0;0.0;0.0
976;2020-12-29;0;0;0;0;0.0;0.0
976;2020-12-30;0;0;0;0;0.0;0.0
976;2020-12-31;0;0;0;0;0.0;0.0
976;2021-01-01;0;0;0;0;0.0;0.0
976;2021-01-02;0;0;0;0;0.0;0.0
976;2021-01-03;0;0;0;0;0.0;0.0
976;2021-01-04;0;0;0;0;0.0;0.0
976;2021-01-05;0;0;0;0;0.0;0.0
976;2021-01-06;0;0;0;0;0.0;0.0
976;2021-01-07;0;0;0;0;0.0;0.0
976;2021-01-08;0;0;0;0;0.0;0.0
976;2021-01-09;0;0;0;0;0.0;0.0
976;2021-01-10;0;0;0;0;0.0;0.0
976;2021-01-11;9;0;9;0;0.0;0.0
976;2021-01-12;0;0;9;0;0.0;0.0
976;2021-01-13;0;0;9;0;0.0;0.0
976;2021-01-14;0;0;9;0;0.0;0.0
976;2021-01-15;1;0;10;0;0.0;0.0
976;2021-01-16;1;0;11;0;0.0;0.0
976;2021-01-17;0;0;11;0;0.0;0.0
976;2021-01-18;1;0;12;0;0.0;0.0
976;2021-01-19;0;0;12;0;0.0;0.0
976;2021-01-20;0;0;12;0;0.0;0.0
976;2021-01-21;0;0;12;0;0.0;0.0
976;2021-01-22;0;0;12;0;0.0;0.0
976;2021-01-23;1;0;13;0;0.0;0.0
976;2021-01-24;0;0;13;0;0.0;0.0
976;2021-01-25;141;1;154;1;0.1;0.0
976;2021-01-26;165;3;319;4;0.1;0.0
976;2021-01-27;251;2;570;6;0.2;0.0
976;2021-01-28;102;7;672;13;0.2;0.0
976;2021-01-29;231;2;903;15;0.3;0.0
976;2021-01-30;285;11;1188;26;0.4;0.0
976;2021-01-31;1;0;1189;26;0.4;0.0
976;2021-02-01;160;0;1349;26;0.5;0.0
976;2021-02-02;330;8;1679;34;0.6;0.0
976;2021-02-03;228;3;1907;37;0.7;0.0
976;2021-02-04;216;7;2123;44;0.8;0.0
976;2021-02-05;214;1;2337;45;0.8;0.0
976;2021-02-06;83;10;2420;55;0.9;0.0
976;2021-02-07;0;0;2420;55;0.9;0.0
976;2021-02-08;82;3;2502;58;0.9;0.0
976;2021-02-09;194;0;2696;58;1.0;0.0
976;2021-02-10;187;3;2883;61;1.0;0.0
976;2021-02-11;236;3;3119;64;1.1;0.0
976;2021-02-12;287;4;3406;68;1.2;0.0
976;2021-02-13;56;0;3462;68;1.2;0.0
976;2021-02-14;1;0;3463;68;1.2;0.0
976;2021-02-15;359;6;3822;74;1.4;0.0
976;2021-02-16;266;8;4088;82;1.5;0.0
976;2021-02-17;167;6;4255;88;1.5;0.0
976;2021-02-18;217;12;4472;100;1.6;0.0
976;2021-02-19;236;24;4708;124;1.7;0.0
976;2021-02-20;139;8;4847;132;1.7;0.0
976;2021-02-21;0;0;4847;132;1.7;0.0
976;2021-02-22;130;122;4977;254;1.8;0.1
976;2021-02-23;185;153;5162;407;1.8;0.1
976;2021-02-24;176;145;5338;552;1.9;0.2
976;2021-02-25;227;277;5565;829;2.0;0.3
976;2021-02-26;242;246;5807;1075;2.1;0.4
976;2021-02-27;0;0;5807;1075;2.1;0.4
976;2021-02-28;0;0;5807;1075;2.1;0.4
976;2021-03-01;145;259;5952;1334;2.1;0.5
976;2021-03-02;228;259;6180;1593;2.2;0.6
976;2021-03-03;202;189;6382;1782;2.3;0.6
976;2021-03-04;205;141;6587;1923;2.4;0.7
976;2021-03-05;224;113;6811;2036;2.4;0.7
976;2021-03-06;1;0;6812;2036;2.4;0.7
976;2021-03-07;0;0;6812;2036;2.4;0.7
976;2021-03-08;189;109;7001;2145;2.5;0.8
976;2021-03-09;392;160;7393;2305;2.6;0.8
976;2021-03-10;180;178;7573;2483;2.7;0.9
976;2021-03-11;167;207;7740;2690;2.8;1.0
976;2021-03-12;237;291;7977;2981;2.9;1.1
976;2021-03-13;2;0;7979;2981;2.9;1.1
976;2021-03-14;0;0;7979;2981;2.9;1.1
976;2021-03-15;157;293;8136;3274;2.9;1.2
976;2021-03-16;236;223;8372;3497;3.0;1.3
976;2021-03-17;264;143;8636;3640;3.1;1.3
976;2021-03-18;173;234;8809;3874;3.2;1.4
976;2021-03-19;172;298;8981;4172;3.2;1.5
976;2021-03-20;0;0;8981;4172;3.2;1.5
976;2021-03-21;0;0;8981;4172;3.2;1.5
976;2021-03-22;98;136;9079;4308;3.2;1.5
976;2021-03-23;136;240;9215;4548;3.3;1.6
976;2021-03-24;160;146;9375;4694;3.4;1.7
976;2021-03-25;186;206;9561;4900;3.4;1.8
976;2021-03-26;160;211;9721;5111;3.5;1.8
976;2021-03-27;18;0;9739;5111;3.5;1.8
976;2021-03-28;0;0;9739;5111;3.5;1.8
976;2021-03-29;0;2;9739;5113;3.5;1.8
976;2021-03-30;272;334;10011;5447;3.6;1.9
976;2021-03-31;225;125;10236;5572;3.7;2.0
976;2021-04-01;244;103;10480;5675;3.7;2.0
976;2021-04-02;288;263;10768;5938;3.9;2.1
976;2021-04-03;906;307;11674;6245;4.2;2.2
976;2021-04-04;1;0;11675;6245;4.2;2.2
976;2021-04-05;1;0;11676;6245;4.2;2.2
976;2021-04-06;162;278;11838;6523;4.2;2.3
976;2021-04-07;237;267;12075;6790;4.3;2.4
976;2021-04-08;286;140;12361;6930;4.4;2.5
976;2021-04-09;248;171;12609;7101;4.5;2.5
976;2021-04-10;181;114;12790;7215;4.6;2.6
976;2021-04-11;7;0;12797;7215;4.6;2.6
976;2021-04-12;0;19;12797;7234;4.6;2.6
976;2021-04-13;394;344;13191;7578;4.7;2.7
976;2021-04-14;239;205;13430;7783;4.8;2.8
976;2021-04-15;207;117;13637;7900;4.9;2.8
976;2021-04-16;214;127;13851;8027;5.0;2.9
976;2021-04-17;226;131;14077;8158;5.0;2.9
976;2021-04-18;1;0;14078;8158;5.0;2.9
976;2021-04-19;7;1;14085;8159;5.0;2.9
976;2021-04-20;369;224;14454;8383;5.2;3.0
976;2021-04-21;412;150;14866;8533;5.3;3.1
976;2021-04-22;410;151;15276;8684;5.5;3.1
976;2021-04-23;367;166;15643;8850;5.6;3.2
976;2021-04-24;413;128;16056;8978;5.7;3.2
976;2021-04-25;2;0;16058;8978;5.7;3.2
976;2021-04-26;54;8;16112;8986;5.8;3.2
976;2021-04-27;351;293;16463;9279;5.9;3.3
976;2021-04-28;355;515;16818;9794;6.0;3.5
976;2021-04-29;559;344;17377;10138;6.2;3.6
976;2021-04-30;404;239;17781;10377;6.4;3.7
976;2021-05-01;670;285;18451;10662;6.6;3.8
976;2021-05-02;0;0;18451;10662;6.6;3.8
976;2021-05-03;140;6;18591;10668;6.7;3.8
976;2021-05-04;353;426;18944;11094;6.8;4.0
976;2021-05-05;447;318;19391;11412;6.9;4.1
976;2021-05-06;320;201;19711;11613;7.1;4.2
976;2021-05-07;341;133;20052;11746;7.2;4.2
976;2021-05-08;301;139;20353;11885;7.3;4.3
976;2021-05-09;0;0;20353;11885;7.3;4.3
976;2021-05-10;9;9;20362;11894;7.3;4.3
976;2021-05-11;361;487;20723;12381;7.4;4.4
976;2021-05-12;333;310;21056;12691;7.5;4.5
976;2021-05-13;127;97;21183;12788;7.6;4.6
976;2021-05-14;0;0;21183;12788;7.6;4.6
976;2021-05-15;484;283;21667;13071;7.8;4.7
976;2021-05-16;1;0;21668;13071;7.8;4.7
976;2021-05-17;123;51;21791;13122;7.8;4.7
976;2021-05-18;516;430;22307;13552;8.0;4.8
976;2021-05-19;650;663;22957;14215;8.2;5.1
976;2021-05-20;1055;496;24012;14711;8.6;5.3
976;2021-05-21;1046;314;25058;15025;9.0;5.4
976;2021-05-22;1241;299;26299;15324;9.4;5.5
976;2021-05-23;0;0;26299;15324;9.4;5.5
976;2021-05-24;1;0;26300;15324;9.4;5.5
976;2021-05-25;886;623;27186;15947;9.7;5.7
976;2021-05-26;1035;840;28221;16787;10.1;6.0
976;2021-05-27;1320;508;29541;17295;10.6;6.2
976;2021-05-28;954;372;30495;17667;10.9;6.3
976;2021-05-29;1130;390;31625;18057;11.3;6.5
976;2021-05-30;0;1;31625;18058;11.3;6.5
976;2021-05-31;104;6;31729;18064;11.4;6.5
976;2021-06-01;1149;651;32878;18715;11.8;6.7
976;2021-06-02;1211;529;34089;19244;12.2;6.9
976;2021-06-03;806;352;34895;19596;12.5;7.0
976;2021-06-04;995;321;35890;19917;12.8;7.1
976;2021-06-05;675;300;36565;20217;13.1;7.2
976;2021-06-06;1;0;36566;20217;13.1;7.2
976;2021-06-07;88;12;36654;20229;13.1;7.2
976;2021-06-08;953;444;37607;20673;13.5;7.4
976;2021-06-09;972;551;38579;21224;13.8;7.6
976;2021-06-10;691;230;39270;21454;14.1;7.7
976;2021-06-11;846;366;40116;21820;14.4;7.8
976;2021-06-12;581;276;40697;22096;14.6;7.9
976;2021-06-13;1;0;40698;22096;14.6;7.9
976;2021-06-14;186;112;40884;22208;14.6;7.9
976;2021-06-15;412;840;41296;23048;14.8;8.2
976;2021-06-16;887;1441;42183;24489;15.1;8.8
976;2021-06-17;771;657;42954;25146;15.4;9.0
976;2021-06-18;705;621;43659;25767;15.6;9.2
976;2021-06-19;534;643;44193;26410;15.8;9.4
976;2021-06-20;1;0;44194;26410;15.8;9.4
976;2021-06-21;126;130;44320;26540;15.9;9.5
976;2021-06-22;427;1149;44747;27689;16.0;9.9
976;2021-06-23;653;1185;45400;28874;16.2;10.3
976;2021-06-24;458;543;45858;29417;16.4;10.5
976;2021-06-25;525;474;46383;29891;16.6;10.7
976;2021-06-26;383;687;46766;30578;16.7;10.9
976;2021-06-27;0;0;46766;30578;16.7;10.9
976;2021-06-28;100;191;46866;30769;16.8;11.0
976;2021-06-29;663;973;47529;31742;17.0;11.4
976;2021-06-30;646;945;48175;32687;17.2;11.7
976;2021-07-01;558;542;48733;33229;17.4;11.9
976;2021-07-02;443;424;49176;33653;17.6;12.0
976;2021-07-03;434;413;49610;34066;17.8;12.2
976;2021-07-04;0;0;49610;34066;17.8;12.2
976;2021-07-05;114;225;49724;34291;17.8;12.3
976;2021-07-06;493;855;50217;35146;18.0;12.6
976;2021-07-07;754;1001;50971;36147;18.2;12.9
976;2021-07-08;792;628;51763;36775;18.5;13.2
976;2021-07-09;782;514;52545;37289;18.8;13.3
976;2021-07-10;434;315;52979;37604;19.0;13.5
976;2021-07-11;0;0;52979;37604;19.0;13.5
976;2021-07-12;160;171;53139;37775;19.0;13.5
976;2021-07-13;829;992;53968;38767;19.3;13.9
976;2021-07-14;0;5;53968;38772;19.3;13.9
976;2021-07-15;1203;805;55171;39577;19.7;14.2
976;2021-07-16;1284;647;56455;40224;20.2;14.4
976;2021-07-17;1032;364;57487;40588;20.6;14.5
976;2021-07-18;0;0;57487;40588;20.6;14.5
976;2021-07-19;203;133;57690;40721;20.6;14.6
976;2021-07-20;1147;855;58837;41576;21.1;14.9
976;2021-07-21;32;28;58869;41604;21.1;14.9
977;2020-12-27;0;0;0;0;0.0;0.0
977;2020-12-28;0;0;0;0;0.0;0.0
977;2020-12-29;0;0;0;0;0.0;0.0
977;2020-12-30;0;0;0;0;0.0;0.0
977;2020-12-31;0;0;0;0;0.0;0.0
977;2021-01-01;0;0;0;0;0.0;0.0
977;2021-01-02;0;0;0;0;0.0;0.0
977;2021-01-03;0;0;0;0;0.0;0.0
977;2021-01-04;0;0;0;0;0.0;0.0
977;2021-01-05;0;0;0;0;0.0;0.0
977;2021-01-06;0;0;0;0;0.0;0.0
977;2021-01-07;0;0;0;0;0.0;0.0
977;2021-01-08;0;0;0;0;0.0;0.0
977;2021-01-09;0;0;0;0;0.0;0.0
977;2021-01-10;0;0;0;0;0.0;0.0
977;2021-01-11;0;0;0;0;0.0;0.0
977;2021-01-12;0;0;0;0;0.0;0.0
977;2021-01-13;0;0;0;0;0.0;0.0
977;2021-01-14;0;0;0;0;0.0;0.0
977;2021-01-15;0;0;0;0;0.0;0.0
977;2021-01-16;0;0;0;0;0.0;0.0
977;2021-01-17;0;0;0;0;0.0;0.0
977;2021-01-18;1;0;1;0;0.0;0.0
977;2021-01-19;0;0;1;0;0.0;0.0
977;2021-01-20;0;0;1;0;0.0;0.0
977;2021-01-21;12;0;13;0;0.1;0.0
977;2021-01-22;12;0;25;0;0.3;0.0
977;2021-01-23;0;0;25;0;0.3;0.0
977;2021-01-24;0;0;25;0;0.3;0.0
977;2021-01-25;0;0;25;0;0.3;0.0
977;2021-01-26;0;0;25;0;0.3;0.0
977;2021-01-27;12;0;37;0;0.4;0.0
977;2021-01-28;1;0;38;0;0.4;0.0
977;2021-01-29;6;0;44;0;0.4;0.0
977;2021-01-30;0;0;44;0;0.4;0.0
977;2021-01-31;0;0;44;0;0.4;0.0
977;2021-02-01;0;0;44;0;0.4;0.0
977;2021-02-02;0;0;44;0;0.4;0.0
977;2021-02-03;11;0;55;0;0.6;0.0
977;2021-02-04;12;0;67;0;0.7;0.0
977;2021-02-05;11;0;78;0;0.8;0.0
977;2021-02-06;0;0;78;0;0.8;0.0
977;2021-02-07;0;0;78;0;0.8;0.0
977;2021-02-08;0;0;78;0;0.8;0.0
977;2021-02-09;13;0;91;0;0.9;0.0
977;2021-02-10;0;0;91;0;0.9;0.0
977;2021-02-11;17;0;108;0;1.1;0.0
977;2021-02-12;45;0;153;0;1.5;0.0
977;2021-02-13;0;0;153;0;1.5;0.0
977;2021-02-14;0;0;153;0;1.5;0.0
977;2021-02-15;0;0;153;0;1.5;0.0
977;2021-02-16;0;0;153;0;1.5;0.0
977;2021-02-17;0;0;153;0;1.5;0.0
977;2021-02-18;18;0;171;0;1.7;0.0
977;2021-02-19;35;0;206;0;2.1;0.0
977;2021-02-20;0;0;206;0;2.1;0.0
977;2021-02-21;0;0;206;0;2.1;0.0
977;2021-02-22;0;0;206;0;2.1;0.0
977;2021-02-23;0;22;206;22;2.1;0.2
977;2021-02-24;0;0;206;22;2.1;0.2
977;2021-02-25;15;10;221;32;2.2;0.3
977;2021-02-26;33;20;254;52;2.5;0.5
977;2021-02-27;0;0;254;52;2.5;0.5
977;2021-02-28;0;0;254;52;2.5;0.5
977;2021-03-01;0;0;254;52;2.5;0.5
977;2021-03-02;17;11;271;63;2.7;0.6
977;2021-03-03;0;0;271;63;2.7;0.6
977;2021-03-04;16;12;287;75;2.9;0.8
977;2021-03-05;33;19;320;94;3.2;0.9
977;2021-03-06;0;0;320;94;3.2;0.9
977;2021-03-07;0;0;320;94;3.2;0.9
977;2021-03-08;0;0;320;94;3.2;0.9
977;2021-03-09;1;0;321;94;3.2;0.9
977;2021-03-10;0;0;321;94;3.2;0.9
977;2021-03-11;20;30;341;124;3.4;1.2
977;2021-03-12;62;42;403;166;4.0;1.7
977;2021-03-13;0;0;403;166;4.0;1.7
977;2021-03-14;0;0;403;166;4.0;1.7
977;2021-03-15;0;0;403;166;4.0;1.7
977;2021-03-16;30;9;433;175;4.3;1.8
977;2021-03-17;0;0;433;175;4.3;1.8
977;2021-03-18;30;16;463;191;4.6;1.9
977;2021-03-19;55;30;518;221;5.2;2.2
977;2021-03-20;0;0;518;221;5.2;2.2
977;2021-03-21;0;0;518;221;5.2;2.2
977;2021-03-22;0;0;518;221;5.2;2.2
977;2021-03-23;0;0;518;221;5.2;2.2
977;2021-03-24;0;0;518;221;5.2;2.2
977;2021-03-25;65;17;583;238;5.9;2.4
977;2021-03-26;73;26;656;264;6.6;2.7
977;2021-03-27;0;0;656;264;6.6;2.7
977;2021-03-28;0;0;656;264;6.6;2.7
977;2021-03-29;0;0;656;264;6.6;2.7
977;2021-03-30;40;18;696;282;7.0;2.8
977;2021-03-31;26;15;722;297;7.2;3.0
977;2021-04-01;25;32;747;329;7.5;3.3
977;2021-04-02;0;0;747;329;7.5;3.3
977;2021-04-03;0;0;747;329;7.5;3.3
977;2021-04-04;0;0;747;329;7.5;3.3
977;2021-04-05;9;0;756;329;7.6;3.3
977;2021-04-06;0;0;756;329;7.6;3.3
977;2021-04-07;0;0;756;329;7.6;3.3
977;2021-04-08;57;46;813;375;8.2;3.8
977;2021-04-09;59;31;872;406;8.8;4.1
977;2021-04-10;0;0;872;406;8.8;4.1
977;2021-04-11;0;0;872;406;8.8;4.1
977;2021-04-12;0;0;872;406;8.8;4.1
977;2021-04-13;0;0;872;406;8.8;4.1
977;2021-04-14;5;6;877;412;8.8;4.1
977;2021-04-15;56;71;933;483;9.4;4.8
977;2021-04-16;90;35;1023;518;10.3;5.2
977;2021-04-17;0;1;1023;519;10.3;5.2
977;2021-04-18;0;0;1023;519;10.3;5.2
977;2021-04-19;1;0;1024;519;10.3;5.2
977;2021-04-20;335;66;1359;585;13.6;5.9
977;2021-04-21;337;29;1696;614;17.0;6.2
977;2021-04-22;284;50;1980;664;19.9;6.7
977;2021-04-23;259;42;2239;706;22.5;7.1
977;2021-04-24;231;1;2470;707;24.8;7.1
977;2021-04-25;0;0;2470;707;24.8;7.1
977;2021-04-26;283;20;2753;727;27.6;7.3
977;2021-04-27;224;69;2977;796;29.9;8.0
977;2021-04-28;192;26;3169;822;31.8;8.3
977;2021-04-29;170;22;3339;844;33.5;8.5
977;2021-04-30;172;16;3511;860;35.2;8.6
977;2021-05-01;202;12;3713;872;37.3;8.8
977;2021-05-02;0;0;3713;872;37.3;8.8
977;2021-05-03;135;9;3848;881;38.6;8.8
977;2021-05-04;161;54;4009;935;40.2;9.4
977;2021-05-05;221;30;4230;965;42.5;9.7
977;2021-05-06;175;33;4405;998;44.2;10.0
977;2021-05-07;149;31;4554;1029;45.7;10.3
977;2021-05-08;1;0;4555;1029;45.7;10.3
977;2021-05-09;0;2;4555;1031;45.7;10.4
977;2021-05-10;0;0;4555;1031;45.7;10.4
977;2021-05-11;2;41;4557;1072;45.7;10.8
977;2021-05-12;6;36;4563;1108;45.8;11.1
977;2021-05-13;0;0;4563;1108;45.8;11.1
977;2021-05-14;28;98;4591;1206;46.1;12.1
977;2021-05-15;0;0;4591;1206;46.1;12.1
977;2021-05-16;1;0;4592;1206;46.1;12.1
977;2021-05-17;1;14;4593;1220;46.1;12.2
977;2021-05-18;17;32;4610;1252;46.3;12.6
977;2021-05-19;0;1;4610;1253;46.3;12.6
977;2021-05-20;0;8;4610;1261;46.3;12.7
977;2021-05-21;12;32;4622;1293;46.4;13.0
977;2021-05-22;0;0;4622;1293;46.4;13.0
977;2021-05-23;0;0;4622;1293;46.4;13.0
977;2021-05-24;0;0;4622;1293;46.4;13.0
977;2021-05-25;50;333;4672;1626;46.9;16.3
977;2021-05-26;54;360;4726;1986;47.4;19.9
977;2021-05-27;34;317;4760;2303;47.8;23.1
977;2021-05-28;27;256;4787;2559;48.1;25.7
977;2021-05-29;35;375;4822;2934;48.4;29.5
977;2021-05-30;1;0;4823;2934;48.4;29.5
977;2021-05-31;45;217;4868;3151;48.9;31.6
977;2021-06-01;47;227;4915;3378;49.3;33.9
977;2021-06-02;69;273;4984;3651;50.0;36.7
977;2021-06-03;41;252;5025;3903;50.4;39.2
977;2021-06-04;78;272;5103;4175;51.2;41.9
977;2021-06-05;1;0;5104;4175;51.2;41.9
977;2021-06-06;0;0;5104;4175;51.2;41.9
977;2021-06-07;1;1;5105;4176;51.2;41.9
977;2021-06-08;3;2;5108;4178;51.3;41.9
977;2021-06-09;0;3;5108;4181;51.3;42.0
977;2021-06-10;8;4;5116;4185;51.4;42.0
977;2021-06-11;4;8;5120;4193;51.4;42.1
977;2021-06-12;16;59;5136;4252;51.6;42.7
977;2021-06-13;0;0;5136;4252;51.6;42.7
977;2021-06-14;0;0;5136;4252;51.6;42.7
977;2021-06-15;0;1;5136;4253;51.6;42.7
977;2021-06-16;0;0;5136;4253;51.6;42.7
977;2021-06-17;2;6;5138;4259;51.6;42.8
977;2021-06-18;0;2;5138;4261;51.6;42.8
977;2021-06-19;25;49;5163;4310;51.8;43.3
977;2021-06-20;0;0;5163;4310;51.8;43.3
977;2021-06-21;0;2;5163;4312;51.8;43.3
977;2021-06-22;8;0;5171;4312;51.9;43.3
977;2021-06-23;15;9;5186;4321;52.1;43.4
977;2021-06-24;10;5;5196;4326;52.2;43.4
977;2021-06-25;0;0;5196;4326;52.2;43.4
977;2021-06-26;25;45;5221;4371;52.4;43.9
977;2021-06-27;0;0;5221;4371;52.4;43.9
977;2021-06-28;0;0;5221;4371;52.4;43.9
977;2021-06-29;0;0;5221;4371;52.4;43.9
977;2021-06-30;0;0;5221;4371;52.4;43.9
977;2021-07-01;26;35;5247;4406;52.7;44.2
977;2021-07-02;26;32;5273;4438;52.9;44.6
977;2021-07-03;27;212;5300;4650;53.2;46.7
977;2021-07-04;0;0;5300;4650;53.2;46.7
977;2021-07-05;4;8;5304;4658;53.2;46.8
977;2021-07-06;0;0;5304;4658;53.2;46.8
977;2021-07-07;8;0;5312;4658;53.3;46.8
977;2021-07-08;33;23;5345;4681;53.7;47.0
977;2021-07-09;23;34;5368;4715;53.9;47.3
977;2021-07-10;31;43;5399;4758;54.2;47.8
977;2021-07-11;0;0;5399;4758;54.2;47.8
977;2021-07-12;0;1;5399;4759;54.2;47.8
977;2021-07-13;10;9;5409;4768;54.3;47.9
977;2021-07-14;0;0;5409;4768;54.3;47.9
977;2021-07-15;1;11;5410;4779;54.3;48.0
977;2021-07-16;44;50;5454;4829;54.8;48.5
977;2021-07-17;39;41;5493;4870;55.1;48.9
977;2021-07-18;0;0;5493;4870;55.1;48.9
977;2021-07-19;3;2;5496;4872;55.2;48.9
977;2021-07-20;3;1;5499;4873;55.2;48.9
977;2021-07-21;33;16;5532;4889;55.5;49.1
978;2020-12-27;0;0;0;0;0.0;0.0
978;2020-12-28;0;0;0;0;0.0;0.0
978;2020-12-29;0;0;0;0;0.0;0.0
978;2020-12-30;0;0;0;0;0.0;0.0
978;2020-12-31;0;0;0;0;0.0;0.0
978;2021-01-01;0;0;0;0;0.0;0.0
978;2021-01-02;0;0;0;0;0.0;0.0
978;2021-01-03;0;0;0;0;0.0;0.0
978;2021-01-04;0;0;0;0;0.0;0.0
978;2021-01-05;0;0;0;0;0.0;0.0
978;2021-01-06;0;0;0;0;0.0;0.0
978;2021-01-07;0;0;0;0;0.0;0.0
978;2021-01-08;0;0;0;0;0.0;0.0
978;2021-01-09;0;0;0;0;0.0;0.0
978;2021-01-10;0;0;0;0;0.0;0.0
978;2021-01-11;0;0;0;0;0.0;0.0
978;2021-01-12;0;0;0;0;0.0;0.0
978;2021-01-13;10;0;10;0;0.0;0.0
978;2021-01-14;12;0;22;0;0.1;0.0
978;2021-01-15;9;0;31;0;0.1;0.0
978;2021-01-16;0;0;31;0;0.1;0.0
978;2021-01-17;0;0;31;0;0.1;0.0
978;2021-01-18;0;0;31;0;0.1;0.0
978;2021-01-19;12;0;43;0;0.1;0.0
978;2021-01-20;12;0;55;0;0.2;0.0
978;2021-01-21;6;0;61;0;0.2;0.0
978;2021-01-22;0;0;61;0;0.2;0.0
978;2021-01-23;0;0;61;0;0.2;0.0
978;2021-01-24;0;0;61;0;0.2;0.0
978;2021-01-25;0;0;61;0;0.2;0.0
978;2021-01-26;9;0;70;0;0.2;0.0
978;2021-01-27;10;0;80;0;0.2;0.0
978;2021-01-28;6;0;86;0;0.2;0.0
978;2021-01-29;0;0;86;0;0.2;0.0
978;2021-01-30;0;0;86;0;0.2;0.0
978;2021-01-31;0;0;86;0;0.2;0.0
978;2021-02-01;0;0;86;0;0.2;0.0
978;2021-02-02;38;0;124;0;0.4;0.0
978;2021-02-03;10;0;134;0;0.4;0.0
978;2021-02-04;29;0;163;0;0.5;0.0
978;2021-02-05;6;0;169;0;0.5;0.0
978;2021-02-06;0;0;169;0;0.5;0.0
978;2021-02-07;0;0;169;0;0.5;0.0
978;2021-02-08;0;0;169;0;0.5;0.0
978;2021-02-09;38;0;207;0;0.6;0.0
978;2021-02-10;27;1;234;1;0.7;0.0
978;2021-02-11;0;0;234;1;0.7;0.0
978;2021-02-12;36;0;270;1;0.8;0.0
978;2021-02-13;0;0;270;1;0.8;0.0
978;2021-02-14;0;0;270;1;0.8;0.0
978;2021-02-15;50;1;320;2;0.9;0.0
978;2021-02-16;0;0;320;2;0.9;0.0
978;2021-02-17;0;0;320;2;0.9;0.0
978;2021-02-18;28;0;348;2;1.0;0.0
978;2021-02-19;44;0;392;2;1.1;0.0
978;2021-02-20;0;0;392;2;1.1;0.0
978;2021-02-21;0;0;392;2;1.1;0.0
978;2021-02-22;45;4;437;6;1.2;0.0
978;2021-02-23;41;29;478;35;1.4;0.1
978;2021-02-24;35;1;513;36;1.5;0.1
978;2021-02-25;55;36;568;72;1.6;0.2
978;2021-02-26;39;5;607;77;1.7;0.2
978;2021-02-27;0;0;607;77;1.7;0.2
978;2021-02-28;0;0;607;77;1.7;0.2
978;2021-03-01;49;5;656;82;1.9;0.2
978;2021-03-02;7;27;663;109;1.9;0.3
978;2021-03-03;38;28;701;137;2.0;0.4
978;2021-03-04;30;26;731;163;2.1;0.5
978;2021-03-05;46;10;777;173;2.2;0.5
978;2021-03-06;0;0;777;173;2.2;0.5
978;2021-03-07;0;0;777;173;2.2;0.5
978;2021-03-08;32;7;809;180;2.3;0.5
978;2021-03-09;19;27;828;207;2.3;0.6
978;2021-03-10;33;28;861;235;2.4;0.7
978;2021-03-11;2;0;863;235;2.4;0.7
978;2021-03-12;52;21;915;256;2.6;0.7
978;2021-03-13;13;0;928;256;2.6;0.7
978;2021-03-14;0;0;928;256;2.6;0.7
978;2021-03-15;31;41;959;297;2.7;0.8
978;2021-03-16;73;6;1032;303;2.9;0.9
978;2021-03-17;67;13;1099;316;3.1;0.9
978;2021-03-18;82;39;1181;355;3.3;1.0
978;2021-03-19;32;50;1213;405;3.4;1.1
978;2021-03-20;0;0;1213;405;3.4;1.1
978;2021-03-21;0;0;1213;405;3.4;1.1
978;2021-03-22;34;45;1247;450;3.5;1.3
978;2021-03-23;30;43;1277;493;3.6;1.4
978;2021-03-24;38;42;1315;535;3.7;1.5
978;2021-03-25;93;34;1408;569;4.0;1.6
978;2021-03-26;45;33;1453;602;4.1;1.7
978;2021-03-27;94;3;1547;605;4.4;1.7
978;2021-03-28;0;0;1547;605;4.4;1.7
978;2021-03-29;69;49;1616;654;4.6;1.9
978;2021-03-30;98;24;1714;678;4.9;1.9
978;2021-03-31;90;49;1804;727;5.1;2.1
978;2021-04-01;56;48;1860;775;5.3;2.2
978;2021-04-02;0;0;1860;775;5.3;2.2
978;2021-04-03;0;0;1860;775;5.3;2.2
978;2021-04-04;0;0;1860;775;5.3;2.2
978;2021-04-05;2;0;1862;775;5.3;2.2
978;2021-04-06;49;63;1911;838;5.4;2.4
978;2021-04-07;91;33;2002;871;5.7;2.5
978;2021-04-08;120;7;2122;878;6.0;2.5
978;2021-04-09;90;39;2212;917;6.3;2.6
978;2021-04-10;168;11;2380;928;6.7;2.6
978;2021-04-11;0;0;2380;928;6.7;2.6
978;2021-04-12;41;76;2421;1004;6.9;2.8
978;2021-04-13;49;71;2470;1075;7.0;3.0
978;2021-04-14;82;45;2552;1120;7.2;3.2
978;2021-04-15;92;24;2644;1144;7.5;3.2
978;2021-04-16;77;42;2721;1186;7.7;3.4
978;2021-04-17;165;4;2886;1190;8.2;3.4
978;2021-04-18;0;0;2886;1190;8.2;3.4
978;2021-04-19;52;67;2938;1257;8.3;3.6
978;2021-04-20;83;27;3021;1284;8.5;3.6
978;2021-04-21;91;29;3112;1313;8.8;3.7
978;2021-04-22;101;20;3213;1333;9.1;3.8
978;2021-04-23;45;66;3258;1399;9.2;4.0
978;2021-04-24;99;78;3357;1477;9.5;4.2
978;2021-04-25;0;0;3357;1477;9.5;4.2
978;2021-04-26;28;91;3385;1568;9.6;4.4
978;2021-04-27;59;63;3444;1631;9.7;4.6
978;2021-04-28;90;39;3534;1670;10.0;4.7
978;2021-04-29;89;34;3623;1704;10.3;4.8
978;2021-04-30;104;14;3727;1718;10.5;4.9
978;2021-05-01;0;8;3727;1726;10.5;4.9
978;2021-05-02;0;0;3727;1726;10.5;4.9
978;2021-05-03;25;99;3752;1825;10.6;5.2
978;2021-05-04;159;102;3911;1927;11.1;5.5
978;2021-05-05;141;58;4052;1985;11.5;5.6
978;2021-05-06;200;49;4252;2034;12.0;5.8
978;2021-05-07;127;71;4379;2105;12.4;6.0
978;2021-05-08;69;122;4448;2227;12.6;6.3
978;2021-05-09;0;0;4448;2227;12.6;6.3
978;2021-05-10;124;99;4572;2326;12.9;6.6
978;2021-05-11;132;72;4704;2398;13.3;6.8
978;2021-05-12;156;78;4860;2476;13.8;7.0
978;2021-05-13;83;6;4943;2482;14.0;7.0
978;2021-05-14;130;62;5073;2544;14.4;7.2
978;2021-05-15;86;4;5159;2548;14.6;7.2
978;2021-05-16;0;0;5159;2548;14.6;7.2
978;2021-05-17;146;115;5305;2663;15.0;7.5
978;2021-05-18;151;94;5456;2757;15.4;7.8
978;2021-05-19;84;69;5540;2826;15.7;8.0
978;2021-05-20;103;26;5643;2852;16.0;8.1
978;2021-05-21;98;53;5741;2905;16.2;8.2
978;2021-05-22;100;11;5841;2916;16.5;8.3
978;2021-05-23;0;0;5841;2916;16.5;8.3
978;2021-05-24;33;7;5874;2923;16.6;8.3
978;2021-05-25;119;78;5993;3001;17.0;8.5
978;2021-05-26;110;50;6103;3051;17.3;8.6
978;2021-05-27;112;42;6215;3093;17.6;8.8
978;2021-05-28;33;1;6248;3094;17.7;8.8
978;2021-05-29;59;213;6307;3307;17.8;9.4
978;2021-05-30;0;0;6307;3307;17.8;9.4
978;2021-05-31;112;63;6419;3370;18.2;9.5
978;2021-06-01;115;63;6534;3433;18.5;9.7
978;2021-06-02;131;33;6665;3466;18.9;9.8
978;2021-06-03;102;38;6767;3504;19.2;9.9
978;2021-06-04;128;70;6895;3574;19.5;10.1
978;2021-06-05;83;21;6978;3595;19.7;10.2
978;2021-06-06;0;0;6978;3595;19.7;10.2
978;2021-06-07;96;96;7074;3691;20.0;10.4
978;2021-06-08;82;89;7156;3780;20.3;10.7
978;2021-06-09;99;73;7255;3853;20.5;10.9
978;2021-06-10;111;65;7366;3918;20.8;11.1
978;2021-06-11;116;106;7482;4024;21.2;11.4
978;2021-06-12;57;30;7539;4054;21.3;11.5
978;2021-06-13;0;0;7539;4054;21.3;11.5
978;2021-06-14;106;128;7645;4182;21.6;11.8
978;2021-06-15;86;119;7731;4301;21.9;12.2
978;2021-06-16;103;148;7834;4449;22.2;12.6
978;2021-06-17;85;72;7919;4521;22.4;12.8
978;2021-06-18;66;99;7985;4620;22.6;13.1
978;2021-06-19;64;79;8049;4699;22.8;13.3
978;2021-06-20;0;0;8049;4699;22.8;13.3
978;2021-06-21;78;152;8127;4851;23.0;13.7
978;2021-06-22;70;103;8197;4954;23.2;14.0
978;2021-06-23;68;115;8265;5069;23.4;14.3
978;2021-06-24;42;76;8307;5145;23.5;14.6
978;2021-06-25;63;100;8370;5245;23.7;14.8
978;2021-06-26;35;61;8405;5306;23.8;15.0
978;2021-06-27;0;0;8405;5306;23.8;15.0
978;2021-06-28;70;127;8475;5433;24.0;15.4
978;2021-06-29;59;105;8534;5538;24.2;15.7
978;2021-06-30;56;110;8590;5648;24.3;16.0
978;2021-07-01;41;87;8631;5735;24.4;16.2
978;2021-07-02;52;91;8683;5826;24.6;16.5
978;2021-07-03;40;90;8723;5916;24.7;16.7
978;2021-07-04;0;1;8723;5917;24.7;16.7
978;2021-07-05;66;93;8789;6010;24.9;17.0
978;2021-07-06;55;76;8844;6086;25.0;17.2
978;2021-07-07;55;123;8899;6209;25.2;17.6
978;2021-07-08;52;106;8951;6315;25.3;17.9
978;2021-07-09;45;93;8996;6408;25.5;18.1
978;2021-07-10;38;84;9034;6492;25.6;18.4
978;2021-07-11;0;4;9034;6496;25.6;18.4
978;2021-07-12;69;130;9103;6626;25.8;18.8
978;2021-07-13;146;162;9249;6788;26.2;19.2
978;2021-07-14;3;0;9252;6788;26.2;19.2
978;2021-07-15;161;194;9413;6982;26.6;19.8
978;2021-07-16;112;113;9525;7095;27.0;20.1
978;2021-07-17;50;100;9575;7195;27.1;20.4
978;2021-07-18;0;0;9575;7195;27.1;20.4
978;2021-07-19;98;134;9673;7329;27.4;20.7
978;2021-07-20;80;72;9753;7401;27.6;20.9
978;2021-07-21;61;49;9814;7450;27.8;21.1
