dep;jour;n_dose1;n_complet;n_cum_dose1;n_cum_complet;couv_dose1;couv_complet
00;2020-12-27;0;0;0;0;;
00;2020-12-28;0;0;0;0;;
00;2020-12-29;0;0;0;0;;
00;2020-12-30;3;0;3;0;;
00;2020-12-31;0;0;3;0;;
00;2021-01-01;0;0;3;0;;
00;2021-01-02;0;0;3;0;;
00;2021-01-03;5;0;8;0;;
00;2021-01-04;0;0;8;0;;
00;2021-01-05;3;0;11;0;;
00;2021-01-06;0;0;11;0;;
00;2021-01-07;3;0;14;0;;
00;2021-01-08;0;0;14;0;;
00;2021-01-09;2;0;16;0;;
00;2021-01-10;0;0;16;0;;
00;2021-01-11;0;0;16;0;;
00;2021-01-12;1;0;17;0;;
00;2021-01-13;0;0;17;0;;
00;2021-01-14;1;0;18;0;;
00;2021-01-15;5;0;23;0;;
00;2021-01-16;1;0;24;0;;
00;2021-01-17;0;0;24;0;;
00;2021-01-18;2;0;26;0;;
00;2021-01-19;0;0;26;0;;
00;2021-01-20;1;0;27;0;;
00;2021-01-21;0;0;27;0;;
00;2021-01-22;3;0;30;0;;
00;2021-01-23;2;0;32;0;;
00;2021-01-24;2;0;34;0;;
00;2021-01-25;2;0;36;0;;
00;2021-01-26;2;0;38;0;;
00;2021-01-27;4;0;42;0;;
00;2021-01-28;4;0;46;0;;
00;2021-01-29;2;0;48;0;;
00;2021-01-30;1;0;49;0;;
00;2021-01-31;4;0;53;0;;
00;2021-02-01;0;0;53;0;;
00;2021-02-02;3;0;56;0;;
00;2021-02-03;1;0;57;0;;
00;2021-02-04;1;0;58;0;;
00;2021-02-05;4;0;62;0;;
00;2021-02-06;7;0;69;0;;
00;2021-02-07;1;0;70;0;;
00;2021-02-08;0;1;70;1;;
00;2021-02-09;3;1;73;2;;
00;2021-02-10;4;0;77;2;;
00;2021-02-11;3;0;80;2;;
00;2021-02-12;0;0;80;2;;
00;2021-02-13;4;0;84;2;;
00;2021-02-14;0;0;84;2;;
00;2021-02-15;1;0;85;2;;
00;2021-02-16;2;1;87;3;;
00;2021-02-17;0;0;87;3;;
00;2021-02-18;2;0;89;3;;
00;2021-02-19;2;0;91;3;;
00;2021-02-20;4;0;95;3;;
00;2021-02-21;2;0;97;3;;
00;2021-02-22;2;0;99;3;;
00;2021-02-23;1;0;100;3;;
00;2021-02-24;9;1;109;4;;
00;2021-02-25;6;0;115;4;;
00;2021-02-26;2;0;117;4;;
00;2021-02-27;6;0;123;4;;
00;2021-02-28;2;0;125;4;;
00;2021-03-01;3;0;128;4;;
00;2021-03-02;2;0;130;4;;
00;2021-03-03;9;0;139;4;;
00;2021-03-04;8;0;147;4;;
00;2021-03-05;6;0;153;4;;
00;2021-03-06;4;1;157;5;;
00;2021-03-07;4;0;161;5;;
00;2021-03-08;6;1;167;6;;
00;2021-03-09;3;0;170;6;;
00;2021-03-10;11;0;181;6;;
00;2021-03-11;5;0;186;6;;
00;2021-03-12;5;0;191;6;;
00;2021-03-13;5;0;196;6;;
00;2021-03-14;4;0;200;6;;
00;2021-03-15;7;0;207;6;;
00;2021-03-16;5;1;212;7;;
00;2021-03-17;2;0;214;7;;
00;2021-03-18;7;0;221;7;;
00;2021-03-19;15;0;236;7;;
00;2021-03-20;4;0;240;7;;
00;2021-03-21;0;0;240;7;;
00;2021-03-22;9;0;249;7;;
00;2021-03-23;8;1;257;8;;
00;2021-03-24;5;1;262;9;;
00;2021-03-25;8;0;270;9;;
00;2021-03-26;7;0;277;9;;
00;2021-03-27;7;0;284;9;;
00;2021-03-28;5;0;289;9;;
00;2021-03-29;6;0;295;9;;
00;2021-03-30;13;0;308;9;;
00;2021-03-31;5;0;313;9;;
00;2021-04-01;2;0;315;9;;
00;2021-04-02;6;0;321;9;;
00;2021-04-03;7;0;328;9;;
00;2021-04-04;6;0;334;9;;
00;2021-04-05;7;0;341;9;;
00;2021-04-06;15;0;356;9;;
00;2021-04-07;15;0;371;9;;
00;2021-04-08;7;0;378;9;;
00;2021-04-09;10;0;388;9;;
00;2021-04-10;2;0;390;9;;
00;2021-04-11;9;0;399;9;;
00;2021-04-12;7;0;406;9;;
00;2021-04-13;15;0;421;9;;
00;2021-04-14;7;0;428;9;;
00;2021-04-15;19;1;447;10;;
00;2021-04-16;18;0;465;10;;
00;2021-04-17;5;0;470;10;;
00;2021-04-18;11;2;481;12;;
00;2021-04-19;12;1;493;13;;
00;2021-04-20;11;0;504;13;;
00;2021-04-21;18;0;522;13;;
00;2021-04-22;15;0;537;13;;
00;2021-04-23;11;2;548;15;;
00;2021-04-24;7;0;555;15;;
00;2021-04-25;4;0;559;15;;
00;2021-04-26;10;1;569;16;;
00;2021-04-27;5;0;574;16;;
00;2021-04-28;13;0;587;16;;
00;2021-04-29;11;1;598;17;;
00;2021-04-30;17;1;615;18;;
00;2021-05-01;11;2;626;20;;
00;2021-05-02;8;0;634;20;;
00;2021-05-03;12;0;646;20;;
00;2021-05-04;13;0;659;20;;
00;2021-05-05;17;0;676;20;;
00;2021-05-06;17;1;693;21;;
00;2021-05-07;9;1;702;22;;
00;2021-05-08;10;0;712;22;;
00;2021-05-09;8;0;720;22;;
00;2021-05-10;10;3;730;25;;
00;2021-05-11;14;2;744;27;;
00;2021-05-12;20;0;764;27;;
00;2021-05-13;24;1;788;28;;
00;2021-05-14;24;2;812;30;;
00;2021-05-15;22;1;834;31;;
00;2021-05-16;11;0;845;31;;
00;2021-05-17;25;2;870;33;;
00;2021-05-18;11;0;881;33;;
00;2021-05-19;24;1;905;34;;
00;2021-05-20;20;1;925;35;;
00;2021-05-21;15;11;940;46;;
00;2021-05-22;16;1;956;47;;
00;2021-05-23;18;0;974;47;;
00;2021-05-24;16;4;990;51;;
00;2021-05-25;25;3;1015;54;;
00;2021-05-26;21;1;1036;55;;
00;2021-05-27;33;3;1069;58;;
00;2021-05-28;16;1;1085;59;;
00;2021-05-29;49;13;1134;72;;
00;2021-05-30;50;24;1184;96;;
00;2021-05-31;21;1;1205;97;;
00;2021-06-01;31;2;1236;99;;
00;2021-06-02;41;4;1277;103;;
00;2021-06-03;27;1;1304;104;;
00;2021-06-04;24;2;1328;106;;
00;2021-06-05;222;24;1550;130;;
00;2021-06-06;241;22;1791;152;;
00;2021-06-07;21;4;1812;156;;
00;2021-06-08;22;1;1834;157;;
00;2021-06-09;37;0;1871;157;;
00;2021-06-10;30;0;1901;157;;
00;2021-06-11;29;2;1930;159;;
00;2021-06-12;38;3;1968;162;;
00;2021-06-13;23;3;1991;165;;
00;2021-06-14;26;3;2017;168;;
00;2021-06-15;32;4;2049;172;;
00;2021-06-16;28;1;2077;173;;
00;2021-06-17;17;2;2094;175;;
00;2021-06-18;15;4;2109;179;;
00;2021-06-19;7;1;2116;180;;
00;2021-06-20;7;0;2123;180;;
00;2021-06-21;10;0;2133;180;;
00;2021-06-22;12;1;2145;181;;
00;2021-06-23;25;2;2170;183;;
00;2021-06-24;14;4;2184;187;;
00;2021-06-25;3;2;2187;189;;
00;2021-06-26;19;8;2206;197;;
00;2021-06-27;0;0;2206;197;;
00;2021-06-28;0;0;2206;197;;
00;2021-06-29;1;8;2207;205;;
00;2021-06-30;2;18;2209;223;;
00;2021-07-01;3;15;2212;238;;
00;2021-07-02;5;22;2217;260;;
00;2021-07-03;2;10;2219;270;;
00;2021-07-04;2;2;2221;272;;
00;2021-07-05;2;29;2223;301;;
00;2021-07-06;2;15;2225;316;;
00;2021-07-07;11;40;2236;356;;
00;2021-07-08;9;25;2245;381;;
00;2021-07-09;5;34;2250;415;;
00;2021-07-10;3;12;2253;427;;
00;2021-07-11;1;11;2254;438;;
00;2021-07-12;4;25;2258;463;;
00;2021-07-13;9;127;2267;590;;
00;2021-07-14;1;38;2268;628;;
00;2021-07-15;5;162;2273;790;;
01;2020-12-27;0;0;0;0;0.0;0.0
01;2020-12-28;0;0;0;0;0.0;0.0
01;2020-12-29;0;0;0;0;0.0;0.0
01;2020-12-30;0;0;0;0;0.0;0.0
01;2020-12-31;0;0;0;0;0.0;0.0
01;2021-01-01;0;0;0;0;0.0;0.0
01;2021-01-02;0;0;0;0;0.0;0.0
01;2021-01-03;0;0;0;0;0.0;0.0
01;2021-01-04;0;0;0;0;0.0;0.0
01;2021-01-05;0;0;0;0;0.0;0.0
01;2021-01-06;1;0;1;0;0.0;0.0
01;2021-01-07;67;0;68;0;0.0;0.0
01;2021-01-08;159;0;227;0;0.0;0.0
01;2021-01-09;2;0;229;0;0.0;0.0
01;2021-01-10;0;0;229;0;0.0;0.0
01;2021-01-11;147;1;376;1;0.1;0.0
01;2021-01-12;317;2;693;3;0.1;0.0
01;2021-01-13;443;1;1136;4;0.2;0.0
01;2021-01-14;513;3;1649;7;0.3;0.0
01;2021-01-15;396;2;2045;9;0.3;0.0
01;2021-01-16;202;0;2247;9;0.3;0.0
01;2021-01-17;128;0;2375;9;0.4;0.0
01;2021-01-18;371;2;2746;11;0.4;0.0
01;2021-01-19;1038;1;3784;12;0.6;0.0
01;2021-01-20;1257;2;5041;14;0.8;0.0
01;2021-01-21;1094;4;6135;18;0.9;0.0
01;2021-01-22;646;0;6781;18;1.0;0.0
01;2021-01-23;222;0;7003;18;1.1;0.0
01;2021-01-24;70;1;7073;19;1.1;0.0
01;2021-01-25;471;1;7544;20;1.1;0.0
01;2021-01-26;739;3;8283;23;1.3;0.0
01;2021-01-27;516;5;8799;28;1.3;0.0
01;2021-01-28;677;54;9476;82;1.4;0.0
01;2021-01-29;635;98;10111;180;1.5;0.0
01;2021-01-30;234;14;10345;194;1.6;0.0
01;2021-01-31;59;0;10404;194;1.6;0.0
01;2021-02-01;448;75;10852;269;1.7;0.0
01;2021-02-02;509;184;11361;453;1.7;0.1
01;2021-02-03;371;298;11732;751;1.8;0.1
01;2021-02-04;475;420;12207;1171;1.9;0.2
01;2021-02-05;435;280;12642;1451;1.9;0.2
01;2021-02-06;259;139;12901;1590;2.0;0.2
01;2021-02-07;2;113;12903;1703;2.0;0.3
01;2021-02-08;504;407;13407;2110;2.0;0.3
01;2021-02-09;767;849;14174;2959;2.2;0.5
01;2021-02-10;940;722;15114;3681;2.3;0.6
01;2021-02-11;786;778;15900;4459;2.4;0.7
01;2021-02-12;635;553;16535;5012;2.5;0.8
01;2021-02-13;158;149;16693;5161;2.5;0.8
01;2021-02-14;0;9;16693;5170;2.5;0.8
01;2021-02-15;435;444;17128;5614;2.6;0.9
01;2021-02-16;652;411;17780;6025;2.7;0.9
01;2021-02-17;517;242;18297;6267;2.8;1.0
01;2021-02-18;589;563;18886;6830;2.9;1.0
01;2021-02-19;576;243;19462;7073;3.0;1.1
01;2021-02-20;200;155;19662;7228;3.0;1.1
01;2021-02-21;0;1;19662;7229;3.0;1.1
01;2021-02-22;428;554;20090;7783;3.1;1.2
01;2021-02-23;479;521;20569;8304;3.1;1.3
01;2021-02-24;435;466;21004;8770;3.2;1.3
01;2021-02-25;806;614;21810;9384;3.3;1.4
01;2021-02-26;865;560;22675;9944;3.5;1.5
01;2021-02-27;480;110;23155;10054;3.5;1.5
01;2021-02-28;20;3;23175;10057;3.5;1.5
01;2021-03-01;616;448;23791;10505;3.6;1.6
01;2021-03-02;945;549;24736;11054;3.8;1.7
01;2021-03-03;935;658;25671;11712;3.9;1.8
01;2021-03-04;1183;623;26854;12335;4.1;1.9
01;2021-03-05;1352;484;28206;12819;4.3;2.0
01;2021-03-06;779;87;28985;12906;4.4;2.0
01;2021-03-07;43;1;29028;12907;4.4;2.0
01;2021-03-08;666;615;29694;13522;4.5;2.1
01;2021-03-09;1330;592;31024;14114;4.7;2.1
01;2021-03-10;1156;519;32180;14633;4.9;2.2
01;2021-03-11;1659;614;33839;15247;5.2;2.3
01;2021-03-12;1999;617;35838;15864;5.5;2.4
01;2021-03-13;1499;72;37337;15936;5.7;2.4
01;2021-03-14;129;55;37466;15991;5.7;2.4
01;2021-03-15;1125;393;38591;16384;5.9;2.5
01;2021-03-16;999;547;39590;16931;6.0;2.6
01;2021-03-17;833;337;40423;17268;6.2;2.6
01;2021-03-18;1279;453;41702;17721;6.3;2.7
01;2021-03-19;1740;515;43442;18236;6.6;2.8
01;2021-03-20;1439;121;44881;18357;6.8;2.8
01;2021-03-21;96;10;44977;18367;6.8;2.8
01;2021-03-22;1563;481;46540;18848;7.1;2.9
01;2021-03-23;2188;635;48728;19483;7.4;3.0
01;2021-03-24;1604;400;50332;19883;7.7;3.0
01;2021-03-25;2898;579;53230;20462;8.1;3.1
01;2021-03-26;2863;588;56093;21050;8.5;3.2
01;2021-03-27;1307;140;57400;21190;8.7;3.2
01;2021-03-28;21;1;57421;21191;8.7;3.2
01;2021-03-29;1924;535;59345;21726;9.0;3.3
01;2021-03-30;2504;738;61849;22464;9.4;3.4
01;2021-03-31;1862;613;63711;23077;9.7;3.5
01;2021-04-01;2551;823;66262;23900;10.1;3.6
01;2021-04-02;2811;678;69073;24578;10.5;3.7
01;2021-04-03;1255;115;70328;24693;10.7;3.8
01;2021-04-04;0;0;70328;24693;10.7;3.8
01;2021-04-05;1256;53;71584;24746;10.9;3.8
01;2021-04-06;2805;782;74389;25528;11.3;3.9
01;2021-04-07;2728;692;77117;26220;11.7;4.0
01;2021-04-08;3239;973;80356;27193;12.2;4.1
01;2021-04-09;3961;1296;84317;28489;12.8;4.3
01;2021-04-10;1821;286;86138;28775;13.1;4.4
01;2021-04-11;41;22;86179;28797;13.1;4.4
01;2021-04-12;2708;1207;88887;30004;13.5;4.6
01;2021-04-13;2926;1292;91813;31296;14.0;4.8
01;2021-04-14;3106;1062;94919;32358;14.4;4.9
01;2021-04-15;3063;1450;97982;33808;14.9;5.1
01;2021-04-16;2859;1556;100841;35364;15.3;5.4
01;2021-04-17;1655;674;102496;36038;15.6;5.5
01;2021-04-18;12;0;102508;36038;15.6;5.5
01;2021-04-19;2034;1519;104542;37557;15.9;5.7
01;2021-04-20;2657;1559;107199;39116;16.3;6.0
01;2021-04-21;2680;1330;109879;40446;16.7;6.2
01;2021-04-22;2826;1511;112705;41957;17.2;6.4
01;2021-04-23;2752;1503;115457;43460;17.6;6.6
01;2021-04-24;1443;642;116900;44102;17.8;6.7
01;2021-04-25;9;0;116909;44102;17.8;6.7
01;2021-04-26;1969;1714;118878;45816;18.1;7.0
01;2021-04-27;2567;1534;121445;47350;18.5;7.2
01;2021-04-28;2495;1562;123940;48912;18.9;7.4
01;2021-04-29;2715;1763;126655;50675;19.3;7.7
01;2021-04-30;2972;2212;129627;52887;19.7;8.1
01;2021-05-01;1469;853;131096;53740;20.0;8.2
01;2021-05-02;543;73;131639;53813;20.0;8.2
01;2021-05-03;2291;2477;133930;56290;20.4;8.6
01;2021-05-04;2544;2647;136474;58937;20.8;9.0
01;2021-05-05;2518;2480;138992;61417;21.2;9.3
01;2021-05-06;2992;2496;141984;63913;21.6;9.7
01;2021-05-07;3216;2782;145200;66695;22.1;10.2
01;2021-05-08;1637;920;146837;67615;22.4;10.3
01;2021-05-09;1023;158;147860;67773;22.5;10.3
01;2021-05-10;2497;3065;150357;70838;22.9;10.8
01;2021-05-11;3578;3033;153935;73871;23.4;11.2
01;2021-05-12;3647;2959;157582;76830;24.0;11.7
01;2021-05-13;4086;1492;161668;78322;24.6;11.9
01;2021-05-14;4272;2332;165940;80654;25.3;12.3
01;2021-05-15;3151;1423;169091;82077;25.7;12.5
01;2021-05-16;1410;148;170501;82225;26.0;12.5
01;2021-05-17;3426;2460;173927;84685;26.5;12.9
01;2021-05-18;4066;1937;177993;86622;27.1;13.2
01;2021-05-19;3963;1887;181956;88509;27.7;13.5
01;2021-05-20;4522;2008;186478;90517;28.4;13.8
01;2021-05-21;4609;2191;191087;92708;29.1;14.1
01;2021-05-22;3360;944;194447;93652;29.6;14.3
01;2021-05-23;829;82;195276;93734;29.7;14.3
01;2021-05-24;2759;498;198035;94232;30.1;14.3
01;2021-05-25;3551;2420;201586;96652;30.7;14.7
01;2021-05-26;3568;2234;205154;98886;31.2;15.1
01;2021-05-27;3843;2092;208997;100978;31.8;15.4
01;2021-05-28;3662;2639;212659;103617;32.4;15.8
01;2021-05-29;3054;1294;215713;104911;32.8;16.0
01;2021-05-30;612;88;216325;104999;32.9;16.0
01;2021-05-31;2400;2509;218725;107508;33.3;16.4
01;2021-06-01;2757;2576;221482;110084;33.7;16.8
01;2021-06-02;2866;2174;224348;112258;34.1;17.1
01;2021-06-03;3355;2420;227703;114678;34.7;17.5
01;2021-06-04;4492;3344;232195;118022;35.3;18.0
01;2021-06-05;3242;1710;235437;119732;35.8;18.2
01;2021-06-06;661;76;236098;119808;35.9;18.2
01;2021-06-07;3381;2865;239479;122673;36.5;18.7
01;2021-06-08;3639;2703;243118;125376;37.0;19.1
01;2021-06-09;2920;2624;246038;128000;37.5;19.5
01;2021-06-10;2711;2026;248749;130026;37.9;19.8
01;2021-06-11;3050;3352;251799;133378;38.3;20.3
01;2021-06-12;2389;2196;254188;135574;38.7;20.6
01;2021-06-13;198;478;254386;136052;38.7;20.7
01;2021-06-14;2090;3154;256476;139206;39.0;21.2
01;2021-06-15;1978;3358;258454;142564;39.3;21.7
01;2021-06-16;2148;3278;260602;145842;39.7;22.2
01;2021-06-17;1943;3169;262545;149011;40.0;22.7
01;2021-06-18;2571;4165;265116;153176;40.4;23.3
01;2021-06-19;1717;2553;266833;155729;40.6;23.7
01;2021-06-20;157;499;266990;156228;40.6;23.8
01;2021-06-21;1786;3719;268776;159947;40.9;24.3
01;2021-06-22;1536;4004;270312;163951;41.1;25.0
01;2021-06-23;1574;3759;271886;167710;41.4;25.5
01;2021-06-24;1459;3571;273345;171281;41.6;26.1
01;2021-06-25;1875;4574;275220;175855;41.9;26.8
01;2021-06-26;1192;2949;276412;178804;42.1;27.2
01;2021-06-27;168;340;276580;179144;42.1;27.3
01;2021-06-28;1369;4030;277949;183174;42.3;27.9
01;2021-06-29;1368;3852;279317;187026;42.5;28.5
01;2021-06-30;1342;4156;280659;191182;42.7;29.1
01;2021-07-01;1360;4086;282019;195268;42.9;29.7
01;2021-07-02;1562;4982;283581;200250;43.2;30.5
01;2021-07-03;851;3366;284432;203616;43.3;31.0
01;2021-07-04;101;498;284533;204114;43.3;31.1
01;2021-07-05;1454;4085;285987;208199;43.5;31.7
01;2021-07-06;1086;4285;287073;212484;43.7;32.3
01;2021-07-07;1625;3700;288698;216184;43.9;32.9
01;2021-07-08;1443;3672;290141;219856;44.2;33.5
01;2021-07-09;1873;4360;292014;224216;44.4;34.1
01;2021-07-10;1107;3447;293121;227663;44.6;34.7
01;2021-07-11;104;419;293225;228082;44.6;34.7
01;2021-07-12;1407;3837;294632;231919;44.8;35.3
01;2021-07-13;2031;4110;296663;236029;45.2;35.9
01;2021-07-14;137;180;296800;236209;45.2;36.0
01;2021-07-15;3027;4166;299827;240375;45.6;36.6
02;2020-12-27;0;0;0;0;0.0;0.0
02;2020-12-28;0;0;0;0;0.0;0.0
02;2020-12-29;0;0;0;0;0.0;0.0
02;2020-12-30;0;0;0;0;0.0;0.0
02;2020-12-31;0;0;0;0;0.0;0.0
02;2021-01-01;0;0;0;0;0.0;0.0
02;2021-01-02;0;0;0;0;0.0;0.0
02;2021-01-03;0;0;0;0;0.0;0.0
02;2021-01-04;0;0;0;0;0.0;0.0
02;2021-01-05;0;0;0;0;0.0;0.0
02;2021-01-06;22;0;22;0;0.0;0.0
02;2021-01-07;261;1;283;1;0.1;0.0
02;2021-01-08;488;2;771;3;0.1;0.0
02;2021-01-09;74;0;845;3;0.2;0.0
02;2021-01-10;49;0;894;3;0.2;0.0
02;2021-01-11;267;0;1161;3;0.2;0.0
02;2021-01-12;355;1;1516;4;0.3;0.0
02;2021-01-13;468;2;1984;6;0.4;0.0
02;2021-01-14;650;10;2634;16;0.5;0.0
02;2021-01-15;629;5;3263;21;0.6;0.0
02;2021-01-16;333;5;3596;26;0.7;0.0
02;2021-01-17;61;0;3657;26;0.7;0.0
02;2021-01-18;810;4;4467;30;0.8;0.0
02;2021-01-19;942;5;5409;35;1.0;0.0
02;2021-01-20;1428;5;6837;40;1.3;0.0
02;2021-01-21;2597;2;9434;42;1.8;0.0
02;2021-01-22;1417;2;10851;44;2.1;0.0
02;2021-01-23;288;1;11139;45;2.1;0.0
02;2021-01-24;67;0;11206;45;2.1;0.0
02;2021-01-25;432;10;11638;55;2.2;0.0
02;2021-01-26;703;13;12341;68;2.3;0.0
02;2021-01-27;159;2;12500;70;2.4;0.0
02;2021-01-28;69;248;12569;318;2.4;0.1
02;2021-01-29;119;420;12688;738;2.4;0.1
02;2021-01-30;4;14;12692;752;2.4;0.1
02;2021-01-31;0;10;12692;762;2.4;0.1
02;2021-02-01;11;214;12703;976;2.4;0.2
02;2021-02-02;45;331;12748;1307;2.4;0.2
02;2021-02-03;124;340;12872;1647;2.4;0.3
02;2021-02-04;225;359;13097;2006;2.5;0.4
02;2021-02-05;178;419;13275;2425;2.5;0.5
02;2021-02-06;65;175;13340;2600;2.5;0.5
02;2021-02-07;9;0;13349;2600;2.5;0.5
02;2021-02-08;305;436;13654;3036;2.6;0.6
02;2021-02-09;322;681;13976;3717;2.7;0.7
02;2021-02-10;484;1045;14460;4762;2.7;0.9
02;2021-02-11;939;1907;15399;6669;2.9;1.3
02;2021-02-12;885;1120;16284;7789;3.1;1.5
02;2021-02-13;290;129;16574;7918;3.2;1.5
02;2021-02-14;1;5;16575;7923;3.2;1.5
02;2021-02-15;344;682;16919;8605;3.2;1.6
02;2021-02-16;410;571;17329;9176;3.3;1.7
02;2021-02-17;498;631;17827;9807;3.4;1.9
02;2021-02-18;507;445;18334;10252;3.5;1.9
02;2021-02-19;443;572;18777;10824;3.6;2.1
02;2021-02-20;371;231;19148;11055;3.6;2.1
02;2021-02-21;39;17;19187;11072;3.6;2.1
02;2021-02-22;377;315;19564;11387;3.7;2.2
02;2021-02-23;432;362;19996;11749;3.8;2.2
02;2021-02-24;600;145;20596;11894;3.9;2.3
02;2021-02-25;868;133;21464;12027;4.1;2.3
02;2021-02-26;806;69;22270;12096;4.2;2.3
02;2021-02-27;443;8;22713;12104;4.3;2.3
02;2021-02-28;54;1;22767;12105;4.3;2.3
02;2021-03-01;637;24;23404;12129;4.4;2.3
02;2021-03-02;1032;98;24436;12227;4.6;2.3
02;2021-03-03;752;203;25188;12430;4.8;2.4
02;2021-03-04;1159;664;26347;13094;5.0;2.5
02;2021-03-05;1047;500;27394;13594;5.2;2.6
02;2021-03-06;2137;88;29531;13682;5.6;2.6
02;2021-03-07;1503;35;31034;13717;5.9;2.6
02;2021-03-08;571;362;31605;14079;6.0;2.7
02;2021-03-09;997;394;32602;14473;6.2;2.8
02;2021-03-10;893;460;33495;14933;6.4;2.8
02;2021-03-11;1294;378;34789;15311;6.6;2.9
02;2021-03-12;1702;393;36491;15704;6.9;3.0
02;2021-03-13;2590;211;39081;15915;7.4;3.0
02;2021-03-14;1454;29;40535;15944;7.7;3.0
02;2021-03-15;612;451;41147;16395;7.8;3.1
02;2021-03-16;863;392;42010;16787;8.0;3.2
02;2021-03-17;758;448;42768;17235;8.1;3.3
02;2021-03-18;607;617;43375;17852;8.2;3.4
02;2021-03-19;1172;296;44547;18148;8.5;3.4
02;2021-03-20;2427;138;46974;18286;8.9;3.5
02;2021-03-21;1488;64;48462;18350;9.2;3.5
02;2021-03-22;757;492;49219;18842;9.4;3.6
02;2021-03-23;1194;542;50413;19384;9.6;3.7
02;2021-03-24;1579;488;51992;19872;9.9;3.8
02;2021-03-25;1692;575;53684;20447;10.2;3.9
02;2021-03-26;2410;467;56094;20914;10.7;4.0
02;2021-03-27;2496;108;58590;21022;11.1;4.0
02;2021-03-28;637;8;59227;21030;11.3;4.0
02;2021-03-29;1037;855;60264;21885;11.5;4.2
02;2021-03-30;1553;830;61817;22715;11.8;4.3
02;2021-03-31;1299;711;63116;23426;12.0;4.5
02;2021-04-01;1289;845;64405;24271;12.2;4.6
02;2021-04-02;1180;1226;65585;25497;12.5;4.8
02;2021-04-03;2646;837;68231;26334;13.0;5.0
02;2021-04-04;727;234;68958;26568;13.1;5.1
02;2021-04-05;1509;122;70467;26690;13.4;5.1
02;2021-04-06;1540;844;72007;27534;13.7;5.2
02;2021-04-07;1862;766;73869;28300;14.0;5.4
02;2021-04-08;1919;1098;75788;29398;14.4;5.6
02;2021-04-09;2431;1075;78219;30473;14.9;5.8
02;2021-04-10;2429;1190;80648;31663;15.3;6.0
02;2021-04-11;476;413;81124;32076;15.4;6.1
02;2021-04-12;1824;621;82948;32697;15.8;6.2
02;2021-04-13;1596;913;84544;33610;16.1;6.4
02;2021-04-14;2586;946;87130;34556;16.6;6.6
02;2021-04-15;2496;739;89626;35295;17.0;6.7
02;2021-04-16;2437;1106;92063;36401;17.5;6.9
02;2021-04-17;1890;2129;93953;38530;17.9;7.3
02;2021-04-18;269;815;94222;39345;17.9;7.5
02;2021-04-19;1159;624;95381;39969;18.1;7.6
02;2021-04-20;1674;752;97055;40721;18.4;7.7
02;2021-04-21;1547;973;98602;41694;18.7;7.9
02;2021-04-22;1748;686;100350;42380;19.1;8.1
02;2021-04-23;1924;1394;102274;43774;19.4;8.3
02;2021-04-24;1707;1630;103981;45404;19.8;8.6
02;2021-04-25;462;232;104443;45636;19.9;8.7
02;2021-04-26;1338;556;105781;46192;20.1;8.8
02;2021-04-27;1626;1091;107407;47283;20.4;9.0
02;2021-04-28;1594;1430;109001;48713;20.7;9.3
02;2021-04-29;1879;1172;110880;49885;21.1;9.5
02;2021-04-30;2713;1635;113593;51520;21.6;9.8
02;2021-05-01;1988;1208;115581;52728;22.0;10.0
02;2021-05-02;1982;401;117563;53129;22.3;10.1
02;2021-05-03;2223;976;119786;54105;22.8;10.3
02;2021-05-04;1526;1315;121312;55420;23.1;10.5
02;2021-05-05;2329;1827;123641;57247;23.5;10.9
02;2021-05-06;2120;1721;125761;58968;23.9;11.2
02;2021-05-07;2357;2168;128118;61136;24.4;11.6
02;2021-05-08;2916;930;131034;62066;24.9;11.8
02;2021-05-09;1822;417;132856;62483;25.3;11.9
02;2021-05-10;2374;1472;135230;63955;25.7;12.2
02;2021-05-11;2876;1554;138106;65509;26.3;12.5
02;2021-05-12;2670;1616;140776;67125;26.8;12.8
02;2021-05-13;2988;1034;143764;68159;27.3;13.0
02;2021-05-14;3376;1200;147140;69359;28.0;13.2
02;2021-05-15;4372;1070;151512;70429;28.8;13.4
02;2021-05-16;2795;210;154307;70639;29.3;13.4
02;2021-05-17;2147;654;156454;71293;29.7;13.6
02;2021-05-18;2633;960;159087;72253;30.2;13.7
02;2021-05-19;2850;983;161937;73236;30.8;13.9
02;2021-05-20;3552;1220;165489;74456;31.5;14.2
02;2021-05-21;3814;1048;169303;75504;32.2;14.4
02;2021-05-22;5849;946;175152;76450;33.3;14.5
02;2021-05-23;2657;236;177809;76686;33.8;14.6
02;2021-05-24;3541;533;181350;77219;34.5;14.7
02;2021-05-25;2261;1147;183611;78366;34.9;14.9
02;2021-05-26;3079;1482;186690;79848;35.5;15.2
02;2021-05-27;3649;1479;190339;81327;36.2;15.5
02;2021-05-28;3511;1580;193850;82907;36.9;15.8
02;2021-05-29;4082;1577;197932;84484;37.6;16.1
02;2021-05-30;1449;182;199381;84666;37.9;16.1
02;2021-05-31;2578;1187;201959;85853;38.4;16.3
02;2021-06-01;2864;1866;204823;87719;38.9;16.7
02;2021-06-02;3147;1633;207970;89352;39.5;17.0
02;2021-06-03;2838;1826;210808;91178;40.1;17.3
02;2021-06-04;3133;2045;213941;93223;40.7;17.7
02;2021-06-05;3422;1724;217363;94947;41.3;18.0
02;2021-06-06;1724;257;219087;95204;41.6;18.1
02;2021-06-07;1612;1492;220699;96696;42.0;18.4
02;2021-06-08;2050;1841;222749;98537;42.3;18.7
02;2021-06-09;2043;1648;224792;100185;42.7;19.0
02;2021-06-10;1981;1826;226773;102011;43.1;19.4
02;2021-06-11;2192;3063;228965;105074;43.5;20.0
02;2021-06-12;2308;2589;231273;107663;44.0;20.5
02;2021-06-13;681;1383;231954;109046;44.1;20.7
02;2021-06-14;1045;2394;232999;111440;44.3;21.2
02;2021-06-15;1515;2462;234514;113902;44.6;21.7
02;2021-06-16;1528;2750;236042;116652;44.9;22.2
02;2021-06-17;1772;2859;237814;119511;45.2;22.7
02;2021-06-18;2303;3571;240117;123082;45.6;23.4
02;2021-06-19;1835;3818;241952;126900;46.0;24.1
02;2021-06-20;641;1521;242593;128421;46.1;24.4
02;2021-06-21;800;3209;243393;131630;46.3;25.0
02;2021-06-22;1142;3671;244535;135301;46.5;25.7
02;2021-06-23;1199;3593;245734;138894;46.7;26.4
02;2021-06-24;1315;3157;247049;142051;47.0;27.0
02;2021-06-25;1389;4563;248438;146614;47.2;27.9
02;2021-06-26;1338;4227;249776;150841;47.5;28.7
02;2021-06-27;594;2334;250370;153175;47.6;29.1
02;2021-06-28;874;3030;251244;156205;47.8;29.7
02;2021-06-29;906;2927;252150;159132;47.9;30.3
02;2021-06-30;1394;3156;253544;162288;48.2;30.9
02;2021-07-01;1182;3587;254726;165875;48.4;31.5
02;2021-07-02;1308;5139;256034;171014;48.7;32.5
02;2021-07-03;988;5984;257022;176998;48.9;33.6
02;2021-07-04;507;2372;257529;179370;49.0;34.1
02;2021-07-05;646;3941;258175;183311;49.1;34.8
02;2021-07-06;666;3045;258841;186356;49.2;35.4
02;2021-07-07;1305;3731;260146;190087;49.5;36.1
02;2021-07-08;1385;3876;261531;193963;49.7;36.9
02;2021-07-09;1272;4213;262803;198176;50.0;37.7
02;2021-07-10;1323;4601;264126;202777;50.2;38.5
02;2021-07-11;480;1965;264606;204742;50.3;38.9
02;2021-07-12;1404;3710;266010;208452;50.6;39.6
02;2021-07-13;2028;3634;268038;212086;51.0;40.3
02;2021-07-14;1754;1583;269792;213669;51.3;40.6
02;2021-07-15;2677;3510;272469;217179;51.8;41.3
03;2020-12-27;0;0;0;0;0.0;0.0
03;2020-12-28;0;0;0;0;0.0;0.0
03;2020-12-29;0;0;0;0;0.0;0.0
03;2020-12-30;0;0;0;0;0.0;0.0
03;2020-12-31;0;0;0;0;0.0;0.0
03;2021-01-01;0;0;0;0;0.0;0.0
03;2021-01-02;0;0;0;0;0.0;0.0
03;2021-01-03;0;0;0;0;0.0;0.0
03;2021-01-04;0;0;0;0;0.0;0.0
03;2021-01-05;0;0;0;0;0.0;0.0
03;2021-01-06;10;0;10;0;0.0;0.0
03;2021-01-07;60;0;70;0;0.0;0.0
03;2021-01-08;146;1;216;1;0.1;0.0
03;2021-01-09;122;0;338;1;0.1;0.0
03;2021-01-10;6;0;344;1;0.1;0.0
03;2021-01-11;412;0;756;1;0.2;0.0
03;2021-01-12;629;0;1385;1;0.4;0.0
03;2021-01-13;669;1;2054;2;0.6;0.0
03;2021-01-14;860;4;2914;6;0.9;0.0
03;2021-01-15;322;2;3236;8;1.0;0.0
03;2021-01-16;277;0;3513;8;1.1;0.0
03;2021-01-17;42;0;3555;8;1.1;0.0
03;2021-01-18;878;0;4433;8;1.3;0.0
03;2021-01-19;1150;1;5583;9;1.7;0.0
03;2021-01-20;1289;2;6872;11;2.1;0.0
03;2021-01-21;1196;4;8068;15;2.4;0.0
03;2021-01-22;1116;3;9184;18;2.8;0.0
03;2021-01-23;465;0;9649;18;2.9;0.0
03;2021-01-24;0;0;9649;18;2.9;0.0
03;2021-01-25;187;0;9836;18;3.0;0.0
03;2021-01-26;678;14;10514;32;3.2;0.0
03;2021-01-27;695;10;11209;42;3.4;0.0
03;2021-01-28;1018;44;12227;86;3.7;0.0
03;2021-01-29;855;81;13082;167;3.9;0.1
03;2021-01-30;601;2;13683;169;4.1;0.1
03;2021-01-31;0;0;13683;169;4.1;0.1
03;2021-02-01;160;76;13843;245;4.2;0.1
03;2021-02-02;763;269;14606;514;4.4;0.2
03;2021-02-03;1055;491;15661;1005;4.7;0.3
03;2021-02-04;1544;631;17205;1636;5.2;0.5
03;2021-02-05;943;314;18148;1950;5.5;0.6
03;2021-02-06;150;13;18298;1963;5.5;0.6
03;2021-02-07;5;0;18303;1963;5.5;0.6
03;2021-02-08;128;56;18431;2019;5.6;0.6
03;2021-02-09;610;440;19041;2459;5.7;0.7
03;2021-02-10;483;339;19524;2798;5.9;0.8
03;2021-02-11;1023;568;20547;3366;6.2;1.0
03;2021-02-12;1074;550;21621;3916;6.5;1.2
03;2021-02-13;126;168;21747;4084;6.6;1.2
03;2021-02-14;0;1;21747;4085;6.6;1.2
03;2021-02-15;308;862;22055;4947;6.7;1.5
03;2021-02-16;547;1170;22602;6117;6.8;1.8
03;2021-02-17;453;1364;23055;7481;7.0;2.3
03;2021-02-18;367;1273;23422;8754;7.1;2.6
03;2021-02-19;496;799;23918;9553;7.2;2.9
03;2021-02-20;128;185;24046;9738;7.3;2.9
03;2021-02-21;1;1;24047;9739;7.3;2.9
03;2021-02-22;159;205;24206;9944;7.3;3.0
03;2021-02-23;721;949;24927;10893;7.5;3.3
03;2021-02-24;609;1022;25536;11915;7.7;3.6
03;2021-02-25;1090;1837;26626;13752;8.0;4.2
03;2021-02-26;820;1371;27446;15123;8.3;4.6
03;2021-02-27;96;259;27542;15382;8.3;4.6
03;2021-02-28;0;15;27542;15397;8.3;4.6
03;2021-03-01;178;241;27720;15638;8.4;4.7
03;2021-03-02;818;661;28538;16299;8.6;4.9
03;2021-03-03;893;442;29431;16741;8.9;5.1
03;2021-03-04;1526;579;30957;17320;9.3;5.2
03;2021-03-05;1119;717;32076;18037;9.7;5.4
03;2021-03-06;913;108;32989;18145;10.0;5.5
03;2021-03-07;2;0;32991;18145;10.0;5.5
03;2021-03-08;237;245;33228;18390;10.0;5.6
03;2021-03-09;1015;434;34243;18824;10.3;5.7
03;2021-03-10;940;543;35183;19367;10.6;5.8
03;2021-03-11;1676;640;36859;20007;11.1;6.0
03;2021-03-12;1300;859;38159;20866;11.5;6.3
03;2021-03-13;861;108;39020;20974;11.8;6.3
03;2021-03-14;2;9;39022;20983;11.8;6.3
03;2021-03-15;249;200;39271;21183;11.9;6.4
03;2021-03-16;650;397;39921;21580;12.0;6.5
03;2021-03-17;1298;431;41219;22011;12.4;6.6
03;2021-03-18;1720;384;42939;22395;13.0;6.8
03;2021-03-19;1727;354;44666;22749;13.5;6.9
03;2021-03-20;301;20;44967;22769;13.6;6.9
03;2021-03-21;0;0;44967;22769;13.6;6.9
03;2021-03-22;222;393;45189;23162;13.6;7.0
03;2021-03-23;1350;344;46539;23506;14.0;7.1
03;2021-03-24;1819;349;48358;23855;14.6;7.2
03;2021-03-25;2366;556;50724;24411;15.3;7.4
03;2021-03-26;2232;431;52956;24842;16.0;7.5
03;2021-03-27;816;20;53772;24862;16.2;7.5
03;2021-03-28;1;39;53773;24901;16.2;7.5
03;2021-03-29;657;174;54430;25075;16.4;7.6
03;2021-03-30;1906;438;56336;25513;17.0;7.7
03;2021-03-31;1011;984;57347;26497;17.3;8.0
03;2021-04-01;1328;1089;58675;27586;17.7;8.3
03;2021-04-02;1707;600;60382;28186;18.2;8.5
03;2021-04-03;365;95;60747;28281;18.3;8.5
03;2021-04-04;1;0;60748;28281;18.3;8.5
03;2021-04-05;16;14;60764;28295;18.3;8.5
03;2021-04-06;1070;403;61834;28698;18.7;8.7
03;2021-04-07;1561;500;63395;29198;19.1;8.8
03;2021-04-08;2119;465;65514;29663;19.8;9.0
03;2021-04-09;2057;1150;67571;30813;20.4;9.3
03;2021-04-10;1011;70;68582;30883;20.7;9.3
03;2021-04-11;477;7;69059;30890;20.8;9.3
03;2021-04-12;985;216;70044;31106;21.1;9.4
03;2021-04-13;1870;953;71914;32059;21.7;9.7
03;2021-04-14;2328;1193;74242;33252;22.4;10.0
03;2021-04-15;2619;1381;76861;34633;23.2;10.5
03;2021-04-16;2831;1147;79692;35780;24.1;10.8
03;2021-04-17;1082;433;80774;36213;24.4;10.9
03;2021-04-18;0;0;80774;36213;24.4;10.9
03;2021-04-19;1192;578;81966;36791;24.7;11.1
03;2021-04-20;1751;1257;83717;38048;25.3;11.5
03;2021-04-21;1123;1284;84840;39332;25.6;11.9
03;2021-04-22;1673;979;86513;40311;26.1;12.2
03;2021-04-23;2473;1230;88986;41541;26.9;12.5
03;2021-04-24;1302;895;90288;42436;27.3;12.8
03;2021-04-25;350;13;90638;42449;27.4;12.8
03;2021-04-26;1331;456;91969;42905;27.8;12.9
03;2021-04-27;1765;1495;93734;44400;28.3;13.4
03;2021-04-28;1928;1095;95662;45495;28.9;13.7
03;2021-04-29;2371;1224;98033;46719;29.6;14.1
03;2021-04-30;1929;791;99962;47510;30.2;14.3
03;2021-05-01;437;481;100399;47991;30.3;14.5
03;2021-05-02;1;1;100400;47992;30.3;14.5
03;2021-05-03;1909;762;102309;48754;30.9;14.7
03;2021-05-04;2840;1610;105149;50364;31.7;15.2
03;2021-05-05;2601;1308;107750;51672;32.5;15.6
03;2021-05-06;3093;2000;110843;53672;33.5;16.2
03;2021-05-07;4726;1780;115569;55452;34.9;16.7
03;2021-05-08;659;377;116228;55829;35.1;16.9
03;2021-05-09;48;512;116276;56341;35.1;17.0
03;2021-05-10;1892;1456;118168;57797;35.7;17.4
03;2021-05-11;3897;1817;122065;59614;36.8;18.0
03;2021-05-12;2970;1515;125035;61129;37.7;18.5
03;2021-05-13;4377;394;129412;61523;39.1;18.6
03;2021-05-14;3652;1681;133064;63204;40.2;19.1
03;2021-05-15;1942;488;135006;63692;40.7;19.2
03;2021-05-16;517;56;135523;63748;40.9;19.2
03;2021-05-17;1276;858;136799;64606;41.3;19.5
03;2021-05-18;3066;1493;139865;66099;42.2;20.0
03;2021-05-19;2617;957;142482;67056;43.0;20.2
03;2021-05-20;3328;1122;145810;68178;44.0;20.6
03;2021-05-21;4188;1269;149998;69447;45.3;21.0
03;2021-05-22;2011;355;152009;69802;45.9;21.1
03;2021-05-23;637;72;152646;69874;46.1;21.1
03;2021-05-24;2652;204;155298;70078;46.9;21.2
03;2021-05-25;3068;1680;158366;71758;47.8;21.7
03;2021-05-26;2334;1037;160700;72795;48.5;22.0
03;2021-05-27;2944;1119;163644;73914;49.4;22.3
03;2021-05-28;3839;2264;167483;76178;50.6;23.0
03;2021-05-29;1746;595;169229;76773;51.1;23.2
03;2021-05-30;243;22;169472;76795;51.2;23.2
03;2021-05-31;691;568;170163;77363;51.4;23.4
03;2021-06-01;2297;2343;172460;79706;52.1;24.1
03;2021-06-02;1526;1744;173986;81450;52.5;24.6
03;2021-06-03;2052;2752;176038;84202;53.1;25.4
03;2021-06-04;1689;2503;177727;86705;53.6;26.2
03;2021-06-05;1075;1141;178802;87846;54.0;26.5
03;2021-06-06;57;7;178859;87853;54.0;26.5
03;2021-06-07;781;1808;179640;89661;54.2;27.1
03;2021-06-08;1443;2549;181083;92210;54.7;27.8
03;2021-06-09;1239;1870;182322;94080;55.0;28.4
03;2021-06-10;1315;2115;183637;96195;55.4;29.0
03;2021-06-11;1406;3444;185043;99639;55.9;30.1
03;2021-06-12;827;822;185870;100461;56.1;30.3
03;2021-06-13;19;10;185889;100471;56.1;30.3
03;2021-06-14;377;2179;186266;102650;56.2;31.0
03;2021-06-15;1211;3839;187477;106489;56.6;32.1
03;2021-06-16;757;2882;188234;109371;56.8;33.0
03;2021-06-17;1037;3334;189271;112705;57.1;34.0
03;2021-06-18;1076;3985;190347;116690;57.5;35.2
03;2021-06-19;638;1622;190985;118312;57.6;35.7
03;2021-06-20;14;8;190999;118320;57.6;35.7
03;2021-06-21;419;2642;191418;120962;57.8;36.5
03;2021-06-22;936;4006;192354;124968;58.1;37.7
03;2021-06-23;641;3282;192995;128250;58.3;38.7
03;2021-06-24;944;3865;193939;132115;58.5;39.9
03;2021-06-25;873;3886;194812;136001;58.8;41.0
03;2021-06-26;490;2043;195302;138044;58.9;41.7
03;2021-06-27;49;485;195351;138529;59.0;41.8
03;2021-06-28;626;2098;195977;140627;59.2;42.4
03;2021-06-29;1005;3338;196982;143965;59.5;43.5
03;2021-06-30;820;3120;197802;147085;59.7;44.4
03;2021-07-01;958;2938;198760;150023;60.0;45.3
03;2021-07-02;890;4092;199650;154115;60.3;46.5
03;2021-07-03;470;1884;200120;155999;60.4;47.1
03;2021-07-04;19;333;200139;156332;60.4;47.2
03;2021-07-05;756;2379;200895;158711;60.6;47.9
03;2021-07-06;1079;3451;201974;162162;61.0;48.9
03;2021-07-07;781;2613;202755;164775;61.2;49.7
03;2021-07-08;1041;3035;203796;167810;61.5;50.6
03;2021-07-09;1413;3625;205209;171435;61.9;51.7
03;2021-07-10;483;1928;205692;173363;62.1;52.3
03;2021-07-11;60;494;205752;173857;62.1;52.5
03;2021-07-12;921;1150;206673;175007;62.4;52.8
03;2021-07-13;2514;3145;209187;178152;63.1;53.8
03;2021-07-14;193;22;209380;178174;63.2;53.8
03;2021-07-15;2535;2444;211915;180618;64.0;54.5
04;2020-12-27;0;0;0;0;0.0;0.0
04;2020-12-28;0;0;0;0;0.0;0.0
04;2020-12-29;0;0;0;0;0.0;0.0
04;2020-12-30;0;0;0;0;0.0;0.0
04;2020-12-31;0;0;0;0;0.0;0.0
04;2021-01-01;0;0;0;0;0.0;0.0
04;2021-01-02;0;0;0;0;0.0;0.0
04;2021-01-03;0;0;0;0;0.0;0.0
04;2021-01-04;0;0;0;0;0.0;0.0
04;2021-01-05;4;0;4;0;0.0;0.0
04;2021-01-06;0;0;4;0;0.0;0.0
04;2021-01-07;61;0;65;0;0.0;0.0
04;2021-01-08;88;0;153;0;0.1;0.0
04;2021-01-09;56;0;209;0;0.1;0.0
04;2021-01-10;0;0;209;0;0.1;0.0
04;2021-01-11;76;0;285;0;0.2;0.0
04;2021-01-12;418;1;703;1;0.4;0.0
04;2021-01-13;245;1;948;2;0.6;0.0
04;2021-01-14;90;2;1038;4;0.6;0.0
04;2021-01-15;165;3;1203;7;0.7;0.0
04;2021-01-16;105;2;1308;9;0.8;0.0
04;2021-01-17;14;0;1322;9;0.8;0.0
04;2021-01-18;235;9;1557;18;0.9;0.0
04;2021-01-19;466;4;2023;22;1.2;0.0
04;2021-01-20;572;5;2595;27;1.6;0.0
04;2021-01-21;612;5;3207;32;1.9;0.0
04;2021-01-22;637;1;3844;33;2.3;0.0
04;2021-01-23;109;0;3953;33;2.4;0.0
04;2021-01-24;0;0;3953;33;2.4;0.0
04;2021-01-25;239;0;4192;33;2.5;0.0
04;2021-01-26;656;0;4848;33;2.9;0.0
04;2021-01-27;479;0;5327;33;3.2;0.0
04;2021-01-28;665;20;5992;53;3.6;0.0
04;2021-01-29;367;41;6359;94;3.8;0.1
04;2021-01-30;65;41;6424;135;3.9;0.1
04;2021-01-31;1;5;6425;140;3.9;0.1
04;2021-02-01;234;149;6659;289;4.0;0.2
04;2021-02-02;529;223;7188;512;4.4;0.3
04;2021-02-03;367;162;7555;674;4.6;0.4
04;2021-02-04;355;52;7910;726;4.8;0.4
04;2021-02-05;377;224;8287;950;5.0;0.6
04;2021-02-06;50;96;8337;1046;5.0;0.6
04;2021-02-07;2;22;8339;1068;5.0;0.6
04;2021-02-08;163;71;8502;1139;5.1;0.7
04;2021-02-09;193;144;8695;1283;5.3;0.8
04;2021-02-10;252;171;8947;1454;5.4;0.9
04;2021-02-11;363;293;9310;1747;5.6;1.1
04;2021-02-12;292;318;9602;2065;5.8;1.3
04;2021-02-13;26;94;9628;2159;5.8;1.3
04;2021-02-14;0;0;9628;2159;5.8;1.3
04;2021-02-15;31;165;9659;2324;5.8;1.4
04;2021-02-16;82;521;9741;2845;5.9;1.7
04;2021-02-17;67;433;9808;3278;5.9;2.0
04;2021-02-18;45;613;9853;3891;6.0;2.4
04;2021-02-19;51;379;9904;4270;6.0;2.6
04;2021-02-20;5;71;9909;4341;6.0;2.6
04;2021-02-21;0;0;9909;4341;6.0;2.6
04;2021-02-22;7;298;9916;4639;6.0;2.8
04;2021-02-23;19;595;9935;5234;6.0;3.2
04;2021-02-24;38;428;9973;5662;6.0;3.4
04;2021-02-25;70;379;10043;6041;6.1;3.7
04;2021-02-26;215;332;10258;6373;6.2;3.9
04;2021-02-27;177;74;10435;6447;6.3;3.9
04;2021-02-28;1;0;10436;6447;6.3;3.9
04;2021-03-01;17;73;10453;6520;6.3;3.9
04;2021-03-02;135;41;10588;6561;6.4;4.0
04;2021-03-03;375;642;10963;7203;6.6;4.4
04;2021-03-04;207;490;11170;7693;6.8;4.7
04;2021-03-05;232;359;11402;8052;6.9;4.9
04;2021-03-06;911;63;12313;8115;7.5;4.9
04;2021-03-07;497;24;12810;8139;7.8;4.9
04;2021-03-08;44;83;12854;8222;7.8;5.0
04;2021-03-09;215;256;13069;8478;7.9;5.1
04;2021-03-10;401;370;13470;8848;8.2;5.4
04;2021-03-11;495;340;13965;9188;8.5;5.6
04;2021-03-12;697;200;14662;9388;8.9;5.7
04;2021-03-13;1080;58;15742;9446;9.5;5.7
04;2021-03-14;459;3;16201;9449;9.8;5.7
04;2021-03-15;92;13;16293;9462;9.9;5.7
04;2021-03-16;74;9;16367;9471;9.9;5.7
04;2021-03-17;531;72;16898;9543;10.2;5.8
04;2021-03-18;814;20;17712;9563;10.7;5.8
04;2021-03-19;722;30;18434;9593;11.2;5.8
04;2021-03-20;158;2;18592;9595;11.3;5.8
04;2021-03-21;0;0;18592;9595;11.3;5.8
04;2021-03-22;105;11;18697;9606;11.3;5.8
04;2021-03-23;243;5;18940;9611;11.5;5.8
04;2021-03-24;1021;48;19961;9659;12.1;5.8
04;2021-03-25;1324;41;21285;9700;12.9;5.9
04;2021-03-26;1448;60;22733;9760;13.8;5.9
04;2021-03-27;262;19;22995;9779;13.9;5.9
04;2021-03-28;2;0;22997;9779;13.9;5.9
04;2021-03-29;678;11;23675;9790;14.3;5.9
04;2021-03-30;1084;142;24759;9932;15.0;6.0
04;2021-03-31;1326;99;26085;10031;15.8;6.1
04;2021-04-01;1131;122;27216;10153;16.5;6.1
04;2021-04-02;1183;105;28399;10258;17.2;6.2
04;2021-04-03;248;20;28647;10278;17.3;6.2
04;2021-04-04;1;0;28648;10278;17.3;6.2
04;2021-04-05;33;0;28681;10278;17.4;6.2
04;2021-04-06;926;142;29607;10420;17.9;6.3
04;2021-04-07;884;425;30491;10845;18.5;6.6
04;2021-04-08;922;694;31413;11539;19.0;7.0
04;2021-04-09;674;413;32087;11952;19.4;7.2
04;2021-04-10;231;192;32318;12144;19.6;7.4
04;2021-04-11;153;65;32471;12209;19.7;7.4
04;2021-04-12;594;98;33065;12307;20.0;7.4
04;2021-04-13;1190;234;34255;12541;20.7;7.6
04;2021-04-14;990;499;35245;13040;21.3;7.9
04;2021-04-15;920;666;36165;13706;21.9;8.3
04;2021-04-16;816;455;36981;14161;22.4;8.6
04;2021-04-17;210;69;37191;14230;22.5;8.6
04;2021-04-18;0;13;37191;14243;22.5;8.6
04;2021-04-19;338;290;37529;14533;22.7;8.8
04;2021-04-20;1003;441;38532;14974;23.3;9.1
04;2021-04-21;654;743;39186;15717;23.7;9.5
04;2021-04-22;759;853;39945;16570;24.2;10.0
04;2021-04-23;693;531;40638;17101;24.6;10.4
04;2021-04-24;161;64;40799;17165;24.7;10.4
04;2021-04-25;0;0;40799;17165;24.7;10.4
04;2021-04-26;170;612;40969;17777;24.8;10.8
04;2021-04-27;393;964;41362;18741;25.0;11.3
04;2021-04-28;431;1088;41793;19829;25.3;12.0
04;2021-04-29;686;1124;42479;20953;25.7;12.7
04;2021-04-30;434;849;42913;21802;26.0;13.2
04;2021-05-01;104;22;43017;21824;26.0;13.2
04;2021-05-02;8;132;43025;21956;26.0;13.3
04;2021-05-03;151;552;43176;22508;26.1;13.6
04;2021-05-04;564;837;43740;23345;26.5;14.1
04;2021-05-05;510;927;44250;24272;26.8;14.7
04;2021-05-06;1160;586;45410;24858;27.5;15.0
04;2021-05-07;657;760;46067;25618;27.9;15.5
04;2021-05-08;48;98;46115;25716;27.9;15.6
04;2021-05-09;0;0;46115;25716;27.9;15.6
04;2021-05-10;466;296;46581;26012;28.2;15.7
04;2021-05-11;1202;905;47783;26917;28.9;16.3
04;2021-05-12;1389;735;49172;27652;29.8;16.7
04;2021-05-13;378;129;49550;27781;30.0;16.8
04;2021-05-14;441;294;49991;28075;30.3;17.0
04;2021-05-15;98;162;50089;28237;30.3;17.1
04;2021-05-16;1;6;50090;28243;30.3;17.1
04;2021-05-17;154;297;50244;28540;30.4;17.3
04;2021-05-18;391;975;50635;29515;30.7;17.9
04;2021-05-19;768;688;51403;30203;31.1;18.3
04;2021-05-20;1257;553;52660;30756;31.9;18.6
04;2021-05-21;848;785;53508;31541;32.4;19.1
04;2021-05-22;105;146;53613;31687;32.5;19.2
04;2021-05-23;1;1;53614;31688;32.5;19.2
04;2021-05-24;0;36;53614;31724;32.5;19.2
04;2021-05-25;865;596;54479;32320;33.0;19.6
04;2021-05-26;1047;784;55526;33104;33.6;20.0
04;2021-05-27;1357;630;56883;33734;34.4;20.4
04;2021-05-28;1117;656;58000;34390;35.1;20.8
04;2021-05-29;88;397;58088;34787;35.2;21.1
04;2021-05-30;3;1;58091;34788;35.2;21.1
04;2021-05-31;421;418;58512;35206;35.4;21.3
04;2021-06-01;639;634;59151;35840;35.8;21.7
04;2021-06-02;867;1063;60018;36903;36.3;22.3
04;2021-06-03;1195;852;61213;37755;37.1;22.9
04;2021-06-04;976;775;62189;38530;37.6;23.3
04;2021-06-05;141;201;62330;38731;37.7;23.4
04;2021-06-06;6;12;62336;38743;37.7;23.5
04;2021-06-07;562;319;62898;39062;38.1;23.6
04;2021-06-08;829;594;63727;39656;38.6;24.0
04;2021-06-09;1146;688;64873;40344;39.3;24.4
04;2021-06-10;1138;583;66011;40927;40.0;24.8
04;2021-06-11;942;610;66953;41537;40.5;25.1
04;2021-06-12;210;147;67163;41684;40.7;25.2
04;2021-06-13;1;1;67164;41685;40.7;25.2
04;2021-06-14;475;303;67639;41988;40.9;25.4
04;2021-06-15;638;1001;68277;42989;41.3;26.0
04;2021-06-16;1012;785;69289;43774;41.9;26.5
04;2021-06-17;994;958;70283;44732;42.5;27.1
04;2021-06-18;755;889;71038;45621;43.0;27.6
04;2021-06-19;38;85;71076;45706;43.0;27.7
04;2021-06-20;7;9;71083;45715;43.0;27.7
04;2021-06-21;302;614;71385;46329;43.2;28.0
04;2021-06-22;354;1306;71739;47635;43.4;28.8
04;2021-06-23;470;1313;72209;48948;43.7;29.6
04;2021-06-24;848;817;73057;49765;44.2;30.1
04;2021-06-25;461;632;73518;50397;44.5;30.5
04;2021-06-26;56;130;73574;50527;44.5;30.6
04;2021-06-27;4;4;73578;50531;44.5;30.6
04;2021-06-28;160;342;73738;50873;44.6;30.8
04;2021-06-29;367;827;74105;51700;44.9;31.3
04;2021-06-30;534;1119;74639;52819;45.2;32.0
04;2021-07-01;573;1210;75212;54029;45.5;32.7
04;2021-07-02;553;1085;75765;55114;45.9;33.4
04;2021-07-03;64;162;75829;55276;45.9;33.5
04;2021-07-04;6;6;75835;55282;45.9;33.5
04;2021-07-05;106;295;75941;55577;46.0;33.6
04;2021-07-06;498;1381;76439;56958;46.3;34.5
04;2021-07-07;484;1343;76923;58301;46.6;35.3
04;2021-07-08;712;1344;77635;59645;47.0;36.1
04;2021-07-09;580;1061;78215;60706;47.3;36.7
04;2021-07-10;89;174;78304;60880;47.4;36.9
04;2021-07-11;0;21;78304;60901;47.4;36.9
04;2021-07-12;126;654;78430;61555;47.5;37.3
04;2021-07-13;866;1535;79296;63090;48.0;38.2
04;2021-07-14;24;43;79320;63133;48.0;38.2
04;2021-07-15;1197;1718;80517;64851;48.7;39.3
05;2020-12-27;0;0;0;0;0.0;0.0
05;2020-12-28;1;0;1;0;0.0;0.0
05;2020-12-29;1;0;2;0;0.0;0.0
05;2020-12-30;0;0;2;0;0.0;0.0
05;2020-12-31;0;0;2;0;0.0;0.0
05;2021-01-01;1;0;3;0;0.0;0.0
05;2021-01-02;2;0;5;0;0.0;0.0
05;2021-01-03;1;0;6;0;0.0;0.0
05;2021-01-04;2;0;8;0;0.0;0.0
05;2021-01-05;0;0;8;0;0.0;0.0
05;2021-01-06;20;0;28;0;0.0;0.0
05;2021-01-07;128;0;156;0;0.1;0.0
05;2021-01-08;146;0;302;0;0.2;0.0
05;2021-01-09;11;0;313;0;0.2;0.0
05;2021-01-10;0;0;313;0;0.2;0.0
05;2021-01-11;43;0;356;0;0.3;0.0
05;2021-01-12;105;0;461;0;0.3;0.0
05;2021-01-13;140;0;601;0;0.4;0.0
05;2021-01-14;166;0;767;0;0.5;0.0
05;2021-01-15;128;1;895;1;0.6;0.0
05;2021-01-16;13;0;908;1;0.6;0.0
05;2021-01-17;0;0;908;1;0.6;0.0
05;2021-01-18;224;0;1132;1;0.8;0.0
05;2021-01-19;226;0;1358;1;1.0;0.0
05;2021-01-20;212;0;1570;1;1.1;0.0
05;2021-01-21;255;0;1825;1;1.3;0.0
05;2021-01-22;194;0;2019;1;1.4;0.0
05;2021-01-23;112;0;2131;1;1.5;0.0
05;2021-01-24;0;0;2131;1;1.5;0.0
05;2021-01-25;315;0;2446;1;1.7;0.0
05;2021-01-26;486;1;2932;2;2.1;0.0
05;2021-01-27;389;4;3321;6;2.3;0.0
05;2021-01-28;362;55;3683;61;2.6;0.0
05;2021-01-29;363;112;4046;173;2.9;0.1
05;2021-01-30;97;8;4143;181;2.9;0.1
05;2021-01-31;3;0;4146;181;2.9;0.1
05;2021-02-01;175;21;4321;202;3.0;0.1
05;2021-02-02;186;121;4507;323;3.2;0.2
05;2021-02-03;204;65;4711;388;3.3;0.3
05;2021-02-04;197;129;4908;517;3.5;0.4
05;2021-02-05;183;111;5091;628;3.6;0.4
05;2021-02-06;73;23;5164;651;3.6;0.5
05;2021-02-07;0;5;5164;656;3.6;0.5
05;2021-02-08;84;125;5248;781;3.7;0.6
05;2021-02-09;97;118;5345;899;3.8;0.6
05;2021-02-10;81;178;5426;1077;3.8;0.8
05;2021-02-11;87;137;5513;1214;3.9;0.9
05;2021-02-12;84;150;5597;1364;3.9;1.0
05;2021-02-13;75;32;5672;1396;4.0;1.0
05;2021-02-14;0;0;5672;1396;4.0;1.0
05;2021-02-15;97;191;5769;1587;4.1;1.1
05;2021-02-16;110;285;5879;1872;4.1;1.3
05;2021-02-17;136;233;6015;2105;4.2;1.5
05;2021-02-18;154;299;6169;2404;4.4;1.7
05;2021-02-19;158;322;6327;2726;4.5;1.9
05;2021-02-20;31;87;6358;2813;4.5;2.0
05;2021-02-21;0;0;6358;2813;4.5;2.0
05;2021-02-22;70;243;6428;3056;4.5;2.2
05;2021-02-23;18;238;6446;3294;4.5;2.3
05;2021-02-24;21;196;6467;3490;4.6;2.5
05;2021-02-25;56;178;6523;3668;4.6;2.6
05;2021-02-26;145;213;6668;3881;4.7;2.7
05;2021-02-27;65;171;6733;4052;4.7;2.9
05;2021-02-28;10;0;6743;4052;4.8;2.9
05;2021-03-01;90;163;6833;4215;4.8;3.0
05;2021-03-02;92;197;6925;4412;4.9;3.1
05;2021-03-03;111;224;7036;4636;5.0;3.3
05;2021-03-04;241;163;7277;4799;5.1;3.4
05;2021-03-05;576;185;7853;4984;5.5;3.5
05;2021-03-06;668;59;8521;5043;6.0;3.6
05;2021-03-07;515;16;9036;5059;6.4;3.6
05;2021-03-08;556;132;9592;5191;6.8;3.7
05;2021-03-09;517;154;10109;5345;7.1;3.8
05;2021-03-10;496;135;10605;5480;7.5;3.9
05;2021-03-11;372;129;10977;5609;7.7;4.0
05;2021-03-12;435;85;11412;5694;8.1;4.0
05;2021-03-13;791;81;12203;5775;8.6;4.1
05;2021-03-14;668;5;12871;5780;9.1;4.1
05;2021-03-15;353;125;13224;5905;9.3;4.2
05;2021-03-16;148;138;13372;6043;9.4;4.3
05;2021-03-17;261;119;13633;6162;9.6;4.3
05;2021-03-18;364;33;13997;6195;9.9;4.4
05;2021-03-19;449;58;14446;6253;10.2;4.4
05;2021-03-20;167;31;14613;6284;10.3;4.4
05;2021-03-21;0;0;14613;6284;10.3;4.4
05;2021-03-22;715;27;15328;6311;10.8;4.5
05;2021-03-23;804;8;16132;6319;11.4;4.5
05;2021-03-24;786;70;16918;6389;11.9;4.5
05;2021-03-25;898;47;17816;6436;12.6;4.5
05;2021-03-26;1021;41;18837;6477;13.3;4.6
05;2021-03-27;466;33;19303;6510;13.6;4.6
05;2021-03-28;10;0;19313;6510;13.6;4.6
05;2021-03-29;903;61;20216;6571;14.3;4.6
05;2021-03-30;1140;65;21356;6636;15.1;4.7
05;2021-03-31;823;247;22179;6883;15.6;4.9
05;2021-04-01;896;237;23075;7120;16.3;5.0
05;2021-04-02;665;373;23740;7493;16.7;5.3
05;2021-04-03;549;180;24289;7673;17.1;5.4
05;2021-04-04;350;61;24639;7734;17.4;5.5
05;2021-04-05;155;11;24794;7745;17.5;5.5
05;2021-04-06;646;263;25440;8008;17.9;5.6
05;2021-04-07;772;322;26212;8330;18.5;5.9
05;2021-04-08;733;330;26945;8660;19.0;6.1
05;2021-04-09;881;391;27826;9051;19.6;6.4
05;2021-04-10;713;385;28539;9436;20.1;6.7
05;2021-04-11;190;174;28729;9610;20.3;6.8
05;2021-04-12;732;257;29461;9867;20.8;7.0
05;2021-04-13;917;218;30378;10085;21.4;7.1
05;2021-04-14;665;325;31043;10410;21.9;7.3
05;2021-04-15;764;397;31807;10807;22.4;7.6
05;2021-04-16;731;404;32538;11211;23.0;7.9
05;2021-04-17;669;237;33207;11448;23.4;8.1
05;2021-04-18;305;22;33512;11470;23.6;8.1
05;2021-04-19;363;535;33875;12005;23.9;8.5
05;2021-04-20;479;624;34354;12629;24.2;8.9
05;2021-04-21;492;629;34846;13258;24.6;9.4
05;2021-04-22;385;545;35231;13803;24.9;9.7
05;2021-04-23;522;648;35753;14451;25.2;10.2
05;2021-04-24;344;380;36097;14831;25.5;10.5
05;2021-04-25;286;20;36383;14851;25.7;10.5
05;2021-04-26;361;704;36744;15555;25.9;11.0
05;2021-04-27;657;748;37401;16303;26.4;11.5
05;2021-04-28;466;717;37867;17020;26.7;12.0
05;2021-04-29;701;747;38568;17767;27.2;12.5
05;2021-04-30;506;751;39074;18518;27.6;13.1
05;2021-05-01;137;109;39211;18627;27.7;13.1
05;2021-05-02;266;110;39477;18737;27.8;13.2
05;2021-05-03;455;494;39932;19231;28.2;13.6
05;2021-05-04;384;502;40316;19733;28.4;13.9
05;2021-05-05;463;670;40779;20403;28.8;14.4
05;2021-05-06;646;716;41425;21119;29.2;14.9
05;2021-05-07;595;801;42020;21920;29.6;15.5
05;2021-05-08;480;174;42500;22094;30.0;15.6
05;2021-05-09;208;57;42708;22151;30.1;15.6
05;2021-05-10;497;690;43205;22841;30.5;16.1
05;2021-05-11;668;912;43873;23753;30.9;16.8
05;2021-05-12;645;731;44518;24484;31.4;17.3
05;2021-05-13;958;113;45476;24597;32.1;17.4
05;2021-05-14;825;491;46301;25088;32.7;17.7
05;2021-05-15;1041;353;47342;25441;33.4;17.9
05;2021-05-16;234;52;47576;25493;33.6;18.0
05;2021-05-17;483;431;48059;25924;33.9;18.3
05;2021-05-18;514;418;48573;26342;34.3;18.6
05;2021-05-19;724;456;49297;26798;34.8;18.9
05;2021-05-20;746;433;50043;27231;35.3;19.2
05;2021-05-21;706;511;50749;27742;35.8;19.6
05;2021-05-22;606;238;51355;27980;36.2;19.7
05;2021-05-23;277;59;51632;28039;36.4;19.8
05;2021-05-24;508;156;52140;28195;36.8;19.9
05;2021-05-25;513;481;52653;28676;37.1;20.2
05;2021-05-26;694;360;53347;29036;37.6;20.5
05;2021-05-27;796;570;54143;29606;38.2;20.9
05;2021-05-28;664;645;54807;30251;38.7;21.3
05;2021-05-29;567;546;55374;30797;39.1;21.7
05;2021-05-30;213;82;55587;30879;39.2;21.8
05;2021-05-31;574;496;56161;31375;39.6;22.1
05;2021-06-01;588;583;56749;31958;40.0;22.5
05;2021-06-02;682;702;57431;32660;40.5;23.0
05;2021-06-03;713;649;58144;33309;41.0;23.5
05;2021-06-04;1015;816;59159;34125;41.7;24.1
05;2021-06-05;803;503;59962;34628;42.3;24.4
05;2021-06-06;199;88;60161;34716;42.4;24.5
05;2021-06-07;605;836;60766;35552;42.9;25.1
05;2021-06-08;692;654;61458;36206;43.4;25.5
05;2021-06-09;645;779;62103;36985;43.8;26.1
05;2021-06-10;528;713;62631;37698;44.2;26.6
05;2021-06-11;760;721;63391;38419;44.7;27.1
05;2021-06-12;588;484;63979;38903;45.1;27.4
05;2021-06-13;111;91;64090;38994;45.2;27.5
05;2021-06-14;397;671;64487;39665;45.5;28.0
05;2021-06-15;540;915;65027;40580;45.9;28.6
05;2021-06-16;432;671;65459;41251;46.2;29.1
05;2021-06-17;356;802;65815;42053;46.4;29.7
05;2021-06-18;394;724;66209;42777;46.7;30.2
05;2021-06-19;420;575;66629;43352;47.0;30.6
05;2021-06-20;61;77;66690;43429;47.0;30.6
05;2021-06-21;316;649;67006;44078;47.3;31.1
05;2021-06-22;352;832;67358;44910;47.5;31.7
05;2021-06-23;351;765;67709;45675;47.8;32.2
05;2021-06-24;380;1020;68089;46695;48.0;32.9
05;2021-06-25;222;896;68311;47591;48.2;33.6
05;2021-06-26;288;1074;68599;48665;48.4;34.3
05;2021-06-27;126;169;68725;48834;48.5;34.4
05;2021-06-28;246;794;68971;49628;48.7;35.0
05;2021-06-29;244;782;69215;50410;48.8;35.6
05;2021-06-30;320;789;69535;51199;49.1;36.1
05;2021-07-01;376;791;69911;51990;49.3;36.7
05;2021-07-02;366;868;70277;52858;49.6;37.3
05;2021-07-03;301;738;70578;53596;49.8;37.8
05;2021-07-04;177;176;70755;53772;49.9;37.9
05;2021-07-05;262;783;71017;54555;50.1;38.5
05;2021-07-06;330;858;71347;55413;50.3;39.1
05;2021-07-07;390;783;71737;56196;50.6;39.6
05;2021-07-08;422;854;72159;57050;50.9;40.2
05;2021-07-09;417;997;72576;58047;51.2;40.9
05;2021-07-10;307;724;72883;58771;51.4;41.5
05;2021-07-11;172;115;73055;58886;51.5;41.5
05;2021-07-12;413;1011;73468;59897;51.8;42.3
05;2021-07-13;478;866;73946;60763;52.2;42.9
05;2021-07-14;836;299;74782;61062;52.8;43.1
05;2021-07-15;694;986;75476;62048;53.2;43.8
06;2020-12-27;1;0;1;0;0.0;0.0
06;2020-12-28;1;0;2;0;0.0;0.0
06;2020-12-29;0;0;2;0;0.0;0.0
06;2020-12-30;3;0;5;0;0.0;0.0
06;2020-12-31;19;0;24;0;0.0;0.0
06;2021-01-01;8;0;32;0;0.0;0.0
06;2021-01-02;4;0;36;0;0.0;0.0
06;2021-01-03;2;0;38;0;0.0;0.0
06;2021-01-04;133;1;171;1;0.0;0.0
06;2021-01-05;171;1;342;2;0.0;0.0
06;2021-01-06;207;0;549;2;0.1;0.0
06;2021-01-07;494;0;1043;2;0.1;0.0
06;2021-01-08;660;0;1703;2;0.2;0.0
06;2021-01-09;391;2;2094;4;0.2;0.0
06;2021-01-10;71;0;2165;4;0.2;0.0
06;2021-01-11;1125;0;3290;4;0.3;0.0
06;2021-01-12;2200;3;5490;7;0.5;0.0
06;2021-01-13;1702;6;7192;13;0.7;0.0
06;2021-01-14;2027;16;9219;29;0.9;0.0
06;2021-01-15;1818;4;11037;33;1.0;0.0
06;2021-01-16;958;2;11995;35;1.1;0.0
06;2021-01-17;225;0;12220;35;1.1;0.0
06;2021-01-18;2441;7;14661;42;1.4;0.0
06;2021-01-19;2580;2;17241;44;1.6;0.0
06;2021-01-20;3308;5;20549;49;1.9;0.0
06;2021-01-21;2989;19;23538;68;2.2;0.0
06;2021-01-22;2697;12;26235;80;2.4;0.0
06;2021-01-23;1291;2;27526;82;2.6;0.0
06;2021-01-24;28;0;27554;82;2.6;0.0
06;2021-01-25;2039;14;29593;96;2.7;0.0
06;2021-01-26;3334;34;32927;130;3.1;0.0
06;2021-01-27;2509;94;35436;224;3.3;0.0
06;2021-01-28;2758;206;38194;430;3.5;0.0
06;2021-01-29;2479;300;40673;730;3.8;0.1
06;2021-01-30;660;42;41333;772;3.8;0.1
06;2021-01-31;2;0;41335;772;3.8;0.1
06;2021-02-01;995;478;42330;1250;3.9;0.1
06;2021-02-02;1474;427;43804;1677;4.1;0.2
06;2021-02-03;328;137;44132;1814;4.1;0.2
06;2021-02-04;700;896;44832;2710;4.2;0.3
06;2021-02-05;1001;1120;45833;3830;4.2;0.4
06;2021-02-06;145;466;45978;4296;4.3;0.4
06;2021-02-07;4;49;45982;4345;4.3;0.4
06;2021-02-08;522;1090;46504;5435;4.3;0.5
06;2021-02-09;303;756;46807;6191;4.3;0.6
06;2021-02-10;359;706;47166;6897;4.4;0.6
06;2021-02-11;460;1076;47626;7973;4.4;0.7
06;2021-02-12;635;1312;48261;9285;4.5;0.9
06;2021-02-13;203;528;48464;9813;4.5;0.9
06;2021-02-14;1;2;48465;9815;4.5;0.9
06;2021-02-15;458;1282;48923;11097;4.5;1.0
06;2021-02-16;857;2037;49780;13134;4.6;1.2
06;2021-02-17;815;2160;50595;15294;4.7;1.4
06;2021-02-18;1781;2709;52376;18003;4.9;1.7
06;2021-02-19;1737;2148;54113;20151;5.0;1.9
06;2021-02-20;272;531;54385;20682;5.0;1.9
06;2021-02-21;17;55;54402;20737;5.0;1.9
06;2021-02-22;1066;1628;55468;22365;5.1;2.1
06;2021-02-23;1721;1556;57189;23921;5.3;2.2
06;2021-02-24;2090;1296;59279;25217;5.5;2.3
06;2021-02-25;3814;1712;63093;26929;5.8;2.5
06;2021-02-26;3362;1597;66455;28526;6.2;2.6
06;2021-02-27;1398;323;67853;28849;6.3;2.7
06;2021-02-28;80;23;67933;28872;6.3;2.7
06;2021-03-01;2394;812;70327;29684;6.5;2.8
06;2021-03-02;2421;980;72748;30664;6.7;2.8
06;2021-03-03;2812;584;75560;31248;7.0;2.9
06;2021-03-04;4556;598;80116;31846;7.4;3.0
06;2021-03-05;3862;1018;83978;32864;7.8;3.0
06;2021-03-06;11734;285;95712;33149;8.9;3.1
06;2021-03-07;10092;236;105804;33385;9.8;3.1
06;2021-03-08;4093;1175;109897;34560;10.2;3.2
06;2021-03-09;4904;924;114801;35484;10.6;3.3
06;2021-03-10;4635;835;119436;36319;11.1;3.4
06;2021-03-11;6675;837;126111;37156;11.7;3.4
06;2021-03-12;6814;959;132925;38115;12.3;3.5
06;2021-03-13;11116;276;144041;38391;13.3;3.6
06;2021-03-14;483;46;144524;38437;13.4;3.6
06;2021-03-15;4791;743;149315;39180;13.8;3.6
06;2021-03-16;3691;1024;153006;40204;14.2;3.7
06;2021-03-17;6077;1849;159083;42053;14.7;3.9
06;2021-03-18;5075;1796;164158;43849;15.2;4.1
06;2021-03-19;6763;1968;170921;45817;15.8;4.2
06;2021-03-20;2343;551;173264;46368;16.1;4.3
06;2021-03-21;397;24;173661;46392;16.1;4.3
06;2021-03-22;3926;675;177587;47067;16.5;4.4
06;2021-03-23;5936;1184;183523;48251;17.0;4.5
06;2021-03-24;4176;3319;187699;51570;17.4;4.8
06;2021-03-25;5800;3206;193499;54776;17.9;5.1
06;2021-03-26;6318;1972;199817;56748;18.5;5.3
06;2021-03-27;2014;361;201831;57109;18.7;5.3
06;2021-03-28;201;2;202032;57111;18.7;5.3
06;2021-03-29;3175;2073;205207;59184;19.0;5.5
06;2021-03-30;5150;2537;210357;61721;19.5;5.7
06;2021-03-31;7956;1584;218313;63305;20.2;5.9
06;2021-04-01;7583;2407;225896;65712;20.9;6.1
06;2021-04-02;7166;2654;233062;68366;21.6;6.3
06;2021-04-03;2694;1347;235756;69713;21.8;6.5
06;2021-04-04;293;545;236049;70258;21.9;6.5
06;2021-04-05;1385;689;237434;70947;22.0;6.6
06;2021-04-06;6562;3271;243996;74218;22.6;6.9
06;2021-04-07;6170;3849;250166;78067;23.2;7.2
06;2021-04-08;5683;5600;255849;83667;23.7;7.8
06;2021-04-09;9250;5744;265099;89411;24.6;8.3
06;2021-04-10;2377;2782;267476;92193;24.8;8.5
06;2021-04-11;171;55;267647;92248;24.8;8.5
06;2021-04-12;4338;3490;271985;95738;25.2;8.9
06;2021-04-13;6159;5056;278144;100794;25.8;9.3
06;2021-04-14;5396;4446;283540;105240;26.3;9.7
06;2021-04-15;5495;4333;289035;109573;26.8;10.2
06;2021-04-16;6976;5121;296011;114694;27.4;10.6
06;2021-04-17;2752;3074;298763;117768;27.7;10.9
06;2021-04-18;250;222;299013;117990;27.7;10.9
06;2021-04-19;5424;4008;304437;121998;28.2;11.3
06;2021-04-20;5553;4771;309990;126769;28.7;11.7
06;2021-04-21;8193;4040;318183;130809;29.5;12.1
06;2021-04-22;8411;4075;326594;134884;30.3;12.5
06;2021-04-23;8554;4010;335148;138894;31.0;12.9
06;2021-04-24;2309;1472;337457;140366;31.3;13.0
06;2021-04-25;115;27;337572;140393;31.3;13.0
06;2021-04-26;4091;2267;341663;142660;31.7;13.2
06;2021-04-27;4536;3957;346199;146617;32.1;13.6
06;2021-04-28;4093;4515;350292;151132;32.5;14.0
06;2021-04-29;5980;5387;356272;156519;33.0;14.5
06;2021-04-30;6664;5102;362936;161621;33.6;15.0
06;2021-05-01;4070;759;367006;162380;34.0;15.0
06;2021-05-02;478;152;367484;162532;34.0;15.1
06;2021-05-03;6806;3462;374290;165994;34.7;15.4
06;2021-05-04;5667;5305;379957;171299;35.2;15.9
06;2021-05-05;4468;3835;384425;175134;35.6;16.2
06;2021-05-06;5116;4676;389541;179810;36.1;16.7
06;2021-05-07;5516;5620;395057;185430;36.6;17.2
06;2021-05-08;4768;1253;399825;186683;37.0;17.3
06;2021-05-09;180;307;400005;186990;37.1;17.3
06;2021-05-10;4744;4996;404749;191986;37.5;17.8
06;2021-05-11;4697;5500;409446;197486;37.9;18.3
06;2021-05-12;8808;4739;418254;202225;38.7;18.7
06;2021-05-13;8967;1969;427221;204194;39.6;18.9
06;2021-05-14;10646;3218;437867;207412;40.6;19.2
06;2021-05-15;9038;2123;446905;209535;41.4;19.4
06;2021-05-16;1486;282;448391;209817;41.5;19.4
06;2021-05-17;7389;3696;455780;213513;42.2;19.8
06;2021-05-18;9531;3106;465311;216619;43.1;20.1
06;2021-05-19;7500;2861;472811;219480;43.8;20.3
06;2021-05-20;7459;3558;480270;223038;44.5;20.7
06;2021-05-21;8556;3830;488826;226868;45.3;21.0
06;2021-05-22;3002;1315;491828;228183;45.6;21.1
06;2021-05-23;117;630;491945;228813;45.6;21.2
06;2021-05-24;3081;979;495026;229792;45.9;21.3
06;2021-05-25;4730;4933;499756;234725;46.3;21.7
06;2021-05-26;5403;6542;505159;241267;46.8;22.4
06;2021-05-27;5403;6226;510562;247493;47.3;22.9
06;2021-05-28;4753;7214;515315;254707;47.7;23.6
06;2021-05-29;1617;2928;516932;257635;47.9;23.9
06;2021-05-30;254;1123;517186;258758;47.9;24.0
06;2021-05-31;4274;5053;521460;263811;48.3;24.4
06;2021-06-01;5463;7344;526923;271155;48.8;25.1
06;2021-06-02;3139;8503;530062;279658;49.1;25.9
06;2021-06-03;4229;8281;534291;287939;49.5;26.7
06;2021-06-04;5263;7702;539554;295641;50.0;27.4
06;2021-06-05;2161;3324;541715;298965;50.2;27.7
06;2021-06-06;166;235;541881;299200;50.2;27.7
06;2021-06-07;3779;5566;545660;304766;50.6;28.2
06;2021-06-08;4175;5120;549835;309886;50.9;28.7
06;2021-06-09;3837;7301;553672;317187;51.3;29.4
06;2021-06-10;4237;6796;557909;323983;51.7;30.0
06;2021-06-11;3490;8329;561399;332312;52.0;30.8
06;2021-06-12;1678;3737;563077;336049;52.2;31.1
06;2021-06-13;129;432;563206;336481;52.2;31.2
06;2021-06-14;2475;8564;565681;345045;52.4;32.0
06;2021-06-15;2718;9429;568399;354474;52.7;32.8
06;2021-06-16;3234;6965;571633;361439;53.0;33.5
06;2021-06-17;3104;7100;574737;368539;53.2;34.1
06;2021-06-18;2349;5885;577086;374424;53.5;34.7
06;2021-06-19;1149;1626;578235;376050;53.6;34.8
06;2021-06-20;194;344;578429;376394;53.6;34.9
06;2021-06-21;1377;6261;579806;382655;53.7;35.5
06;2021-06-22;1995;7342;581801;389997;53.9;36.1
06;2021-06-23;1799;6518;583600;396515;54.1;36.7
06;2021-06-24;2605;8869;586205;405384;54.3;37.6
06;2021-06-25;2007;9568;588212;414952;54.5;38.4
06;2021-06-26;829;2276;589041;417228;54.6;38.7
06;2021-06-27;363;1181;589404;418409;54.6;38.8
06;2021-06-28;1751;8027;591155;426436;54.8;39.5
06;2021-06-29;1939;7642;593094;434078;54.9;40.2
06;2021-06-30;1227;7665;594321;441743;55.1;40.9
06;2021-07-01;2093;7271;596414;449014;55.3;41.6
06;2021-07-02;2483;7979;598897;456993;55.5;42.3
06;2021-07-03;1157;4311;600054;461304;55.6;42.7
06;2021-07-04;291;296;600345;461600;55.6;42.8
06;2021-07-05;2230;4887;602575;466487;55.8;43.2
06;2021-07-06;1848;5802;604423;472289;56.0;43.8
06;2021-07-07;2290;5807;606713;478096;56.2;44.3
06;2021-07-08;2623;6177;609336;484273;56.5;44.9
06;2021-07-09;2886;6021;612222;490294;56.7;45.4
06;2021-07-10;1630;2303;613852;492597;56.9;45.6
06;2021-07-11;314;319;614166;492916;56.9;45.7
06;2021-07-12;2702;6916;616868;499832;57.1;46.3
06;2021-07-13;4910;8768;621778;508600;57.6;47.1
06;2021-07-14;931;414;622709;509014;57.7;47.2
06;2021-07-15;4480;7627;627189;516641;58.1;47.9
07;2020-12-27;0;0;0;0;0.0;0.0
07;2020-12-28;0;0;0;0;0.0;0.0
07;2020-12-29;0;0;0;0;0.0;0.0
07;2020-12-30;0;0;0;0;0.0;0.0
07;2020-12-31;0;0;0;0;0.0;0.0
07;2021-01-01;7;0;7;0;0.0;0.0
07;2021-01-02;0;0;7;0;0.0;0.0
07;2021-01-03;0;0;7;0;0.0;0.0
07;2021-01-04;0;0;7;0;0.0;0.0
07;2021-01-05;0;0;7;0;0.0;0.0
07;2021-01-06;31;0;38;0;0.0;0.0
07;2021-01-07;129;1;167;1;0.1;0.0
07;2021-01-08;45;1;212;2;0.1;0.0
07;2021-01-09;17;0;229;2;0.1;0.0
07;2021-01-10;0;0;229;2;0.1;0.0
07;2021-01-11;157;1;386;3;0.1;0.0
07;2021-01-12;308;0;694;3;0.2;0.0
07;2021-01-13;303;1;997;4;0.3;0.0
07;2021-01-14;478;0;1475;4;0.5;0.0
07;2021-01-15;179;0;1654;4;0.5;0.0
07;2021-01-16;17;0;1671;4;0.5;0.0
07;2021-01-17;2;0;1673;4;0.5;0.0
07;2021-01-18;362;1;2035;5;0.6;0.0
07;2021-01-19;827;1;2862;6;0.9;0.0
07;2021-01-20;596;1;3458;7;1.1;0.0
07;2021-01-21;451;1;3909;8;1.2;0.0
07;2021-01-22;288;0;4197;8;1.3;0.0
07;2021-01-23;107;0;4304;8;1.3;0.0
07;2021-01-24;0;0;4304;8;1.3;0.0
07;2021-01-25;164;0;4468;8;1.4;0.0
07;2021-01-26;473;1;4941;9;1.5;0.0
07;2021-01-27;552;7;5493;16;1.7;0.0
07;2021-01-28;1188;98;6681;114;2.0;0.0
07;2021-01-29;690;15;7371;129;2.3;0.0
07;2021-01-30;212;4;7583;133;2.3;0.0
07;2021-01-31;6;0;7589;133;2.3;0.0
07;2021-02-01;266;32;7855;165;2.4;0.1
07;2021-02-02;644;239;8499;404;2.6;0.1
07;2021-02-03;1043;220;9542;624;2.9;0.2
07;2021-02-04;718;258;10260;882;3.1;0.3
07;2021-02-05;482;252;10742;1134;3.3;0.3
07;2021-02-06;96;2;10838;1136;3.3;0.3
07;2021-02-07;12;1;10850;1137;3.3;0.3
07;2021-02-08;239;179;11089;1316;3.4;0.4
07;2021-02-09;485;323;11574;1639;3.5;0.5
07;2021-02-10;537;397;12111;2036;3.7;0.6
07;2021-02-11;397;285;12508;2321;3.8;0.7
07;2021-02-12;264;160;12772;2481;3.9;0.8
07;2021-02-13;68;20;12840;2501;3.9;0.8
07;2021-02-14;0;0;12840;2501;3.9;0.8
07;2021-02-15;271;131;13111;2632;4.0;0.8
07;2021-02-16;345;365;13456;2997;4.1;0.9
07;2021-02-17;466;334;13922;3331;4.3;1.0
07;2021-02-18;560;763;14482;4094;4.4;1.3
07;2021-02-19;454;502;14936;4596;4.6;1.4
07;2021-02-20;107;68;15043;4664;4.6;1.4
07;2021-02-21;15;0;15058;4664;4.6;1.4
07;2021-02-22;423;217;15481;4881;4.7;1.5
07;2021-02-23;645;615;16126;5496;4.9;1.7
07;2021-02-24;925;699;17051;6195;5.2;1.9
07;2021-02-25;708;531;17759;6726;5.4;2.1
07;2021-02-26;842;288;18601;7014;5.7;2.1
07;2021-02-27;190;142;18791;7156;5.7;2.2
07;2021-02-28;1;0;18792;7156;5.7;2.2
07;2021-03-01;432;214;19224;7370;5.9;2.3
07;2021-03-02;648;563;19872;7933;6.1;2.4
07;2021-03-03;683;532;20555;8465;6.3;2.6
07;2021-03-04;1097;349;21652;8814;6.6;2.7
07;2021-03-05;1081;352;22733;9166;7.0;2.8
07;2021-03-06;1120;87;23853;9253;7.3;2.8
07;2021-03-07;717;15;24570;9268;7.5;2.8
07;2021-03-08;349;313;24919;9581;7.6;2.9
07;2021-03-09;1085;426;26004;10007;8.0;3.1
07;2021-03-10;857;508;26861;10515;8.2;3.2
07;2021-03-11;1368;452;28229;10967;8.6;3.4
07;2021-03-12;1611;549;29840;11516;9.1;3.5
07;2021-03-13;679;97;30519;11613;9.3;3.6
07;2021-03-14;4;0;30523;11613;9.3;3.6
07;2021-03-15;527;292;31050;11905;9.5;3.6
07;2021-03-16;1193;470;32243;12375;9.9;3.8
07;2021-03-17;1184;759;33427;13134;10.2;4.0
07;2021-03-18;1218;404;34645;13538;10.6;4.1
07;2021-03-19;1261;414;35906;13952;11.0;4.3
07;2021-03-20;465;106;36371;14058;11.1;4.3
07;2021-03-21;1;2;36372;14060;11.1;4.3
07;2021-03-22;786;529;37158;14589;11.4;4.5
07;2021-03-23;1512;703;38670;15292;11.8;4.7
07;2021-03-24;1250;658;39920;15950;12.2;4.9
07;2021-03-25;1846;502;41766;16452;12.8;5.0
07;2021-03-26;1832;416;43598;16868;13.3;5.2
07;2021-03-27;382;92;43980;16960;13.5;5.2
07;2021-03-28;5;1;43985;16961;13.5;5.2
07;2021-03-29;784;352;44769;17313;13.7;5.3
07;2021-03-30;1523;505;46292;17818;14.2;5.5
07;2021-03-31;1652;488;47944;18306;14.7;5.6
07;2021-04-01;1570;647;49514;18953;15.1;5.8
07;2021-04-02;1518;422;51032;19375;15.6;5.9
07;2021-04-03;227;105;51259;19480;15.7;6.0
07;2021-04-04;0;1;51259;19481;15.7;6.0
07;2021-04-05;0;66;51259;19547;15.7;6.0
07;2021-04-06;1163;752;52422;20299;16.0;6.2
07;2021-04-07;1317;880;53739;21179;16.4;6.5
07;2021-04-08;1972;1159;55711;22338;17.0;6.8
07;2021-04-09;2421;552;58132;22890;17.8;7.0
07;2021-04-10;807;153;58939;23043;18.0;7.0
07;2021-04-11;339;13;59278;23056;18.1;7.1
07;2021-04-12;1275;578;60553;23634;18.5;7.2
07;2021-04-13;1765;1319;62318;24953;19.1;7.6
07;2021-04-14;1664;969;63982;25922;19.6;7.9
07;2021-04-15;1441;837;65423;26759;20.0;8.2
07;2021-04-16;1506;894;66929;27653;20.5;8.5
07;2021-04-17;867;207;67796;27860;20.7;8.5
07;2021-04-18;696;31;68492;27891;21.0;8.5
07;2021-04-19;1158;565;69650;28456;21.3;8.7
07;2021-04-20;1437;1310;71087;29766;21.7;9.1
07;2021-04-21;1709;904;72796;30670;22.3;9.4
07;2021-04-22;1813;955;74609;31625;22.8;9.7
07;2021-04-23;1405;968;76014;32593;23.3;10.0
07;2021-04-24;957;241;76971;32834;23.5;10.0
07;2021-04-25;712;51;77683;32885;23.8;10.1
07;2021-04-26;1132;682;78815;33567;24.1;10.3
07;2021-04-27;1389;1557;80204;35124;24.5;10.7
07;2021-04-28;1626;1741;81830;36865;25.0;11.3
07;2021-04-29;1936;1526;83766;38391;25.6;11.7
07;2021-04-30;1658;1473;85424;39864;26.1;12.2
07;2021-05-01;960;113;86384;39977;26.4;12.2
07;2021-05-02;843;148;87227;40125;26.7;12.3
07;2021-05-03;1282;427;88509;40552;27.1;12.4
07;2021-05-04;2170;1554;90679;42106;27.7;12.9
07;2021-05-05;1741;1382;92420;43488;28.3;13.3
07;2021-05-06;2103;1584;94523;45072;28.9;13.8
07;2021-05-07;1591;1553;96114;46625;29.4;14.3
07;2021-05-08;1222;404;97336;47029;29.8;14.4
07;2021-05-09;1029;322;98365;47351;30.1;14.5
07;2021-05-10;1402;1174;99767;48525;30.5;14.8
07;2021-05-11;2469;1698;102236;50223;31.3;15.4
07;2021-05-12;2159;1274;104395;51497;31.9;15.8
07;2021-05-13;1711;268;106106;51765;32.5;15.8
07;2021-05-14;1734;996;107840;52761;33.0;16.1
07;2021-05-15;1623;491;109463;53252;33.5;16.3
07;2021-05-16;1442;200;110905;53452;33.9;16.4
07;2021-05-17;1770;859;112675;54311;34.5;16.6
07;2021-05-18;2293;1295;114968;55606;35.2;17.0
07;2021-05-19;2376;994;117344;56600;35.9;17.3
07;2021-05-20;2154;1310;119498;57910;36.6;17.7
07;2021-05-21;1758;1318;121256;59228;37.1;18.1
07;2021-05-22;936;541;122192;59769;37.4;18.3
07;2021-05-23;857;155;123049;59924;37.6;18.3
07;2021-05-24;1651;341;124700;60265;38.1;18.4
07;2021-05-25;2185;1477;126885;61742;38.8;18.9
07;2021-05-26;1526;1384;128411;63126;39.3;19.3
07;2021-05-27;2018;1403;130429;64529;39.9;19.7
07;2021-05-28;1766;2085;132195;66614;40.4;20.4
07;2021-05-29;943;681;133138;67295;40.7;20.6
07;2021-05-30;623;570;133761;67865;40.9;20.8
07;2021-05-31;1127;1284;134888;69149;41.3;21.2
07;2021-06-01;2150;2002;137038;71151;41.9;21.8
07;2021-06-02;1525;1647;138563;72798;42.4;22.3
07;2021-06-03;1707;1259;140270;74057;42.9;22.7
07;2021-06-04;1672;1591;141942;75648;43.4;23.1
07;2021-06-05;986;954;142928;76602;43.7;23.4
07;2021-06-06;597;624;143525;77226;43.9;23.6
07;2021-06-07;953;1196;144478;78422;44.2;24.0
07;2021-06-08;1544;1767;146022;80189;44.7;24.5
07;2021-06-09;1020;1419;147042;81608;45.0;25.0
07;2021-06-10;787;1389;147829;82997;45.2;25.4
07;2021-06-11;1150;2037;148979;85034;45.6;26.0
07;2021-06-12;639;1218;149618;86252;45.8;26.4
07;2021-06-13;382;441;150000;86693;45.9;26.5
07;2021-06-14;559;1963;150559;88656;46.1;27.1
07;2021-06-15;927;2563;151486;91219;46.3;27.9
07;2021-06-16;1013;1852;152499;93071;46.7;28.5
07;2021-06-17;882;1953;153381;95024;46.9;29.1
07;2021-06-18;869;2295;154250;97319;47.2;29.8
07;2021-06-19;603;1458;154853;98777;47.4;30.2
07;2021-06-20;366;727;155219;99504;47.5;30.4
07;2021-06-21;507;2148;155726;101652;47.6;31.1
07;2021-06-22;646;2675;156372;104327;47.8;31.9
07;2021-06-23;670;1963;157042;106290;48.0;32.5
07;2021-06-24;638;1857;157680;108147;48.2;33.1
07;2021-06-25;695;2182;158375;110329;48.5;33.8
07;2021-06-26;349;1430;158724;111759;48.6;34.2
07;2021-06-27;279;1073;159003;112832;48.6;34.5
07;2021-06-28;497;2242;159500;115074;48.8;35.2
07;2021-06-29;531;2992;160031;118066;49.0;36.1
07;2021-06-30;811;2291;160842;120357;49.2;36.8
07;2021-07-01;762;1980;161604;122337;49.4;37.4
07;2021-07-02;872;2305;162476;124642;49.7;38.1
07;2021-07-03;410;1137;162886;125779;49.8;38.5
07;2021-07-04;207;854;163093;126633;49.9;38.7
07;2021-07-05;660;1685;163753;128318;50.1;39.3
07;2021-07-06;870;2631;164623;130949;50.4;40.1
07;2021-07-07;949;1951;165572;132900;50.7;40.7
07;2021-07-08;922;1967;166494;134867;50.9;41.3
07;2021-07-09;983;2258;167477;137125;51.2;42.0
07;2021-07-10;594;1102;168071;138227;51.4;42.3
07;2021-07-11;238;615;168309;138842;51.5;42.5
07;2021-07-12;799;1767;169108;140609;51.7;43.0
07;2021-07-13;1742;3156;170850;143765;52.3;44.0
07;2021-07-14;166;131;171016;143896;52.3;44.0
07;2021-07-15;1899;2429;172915;146325;52.9;44.8
08;2020-12-27;0;0;0;0;0.0;0.0
08;2020-12-28;0;0;0;0;0.0;0.0
08;2020-12-29;0;0;0;0;0.0;0.0
08;2020-12-30;0;0;0;0;0.0;0.0
08;2020-12-31;0;0;0;0;0.0;0.0
08;2021-01-01;0;0;0;0;0.0;0.0
08;2021-01-02;0;0;0;0;0.0;0.0
08;2021-01-03;1;0;1;0;0.0;0.0
08;2021-01-04;22;0;23;0;0.0;0.0
08;2021-01-05;1;0;24;0;0.0;0.0
08;2021-01-06;0;0;24;0;0.0;0.0
08;2021-01-07;188;0;212;0;0.1;0.0
08;2021-01-08;314;0;526;0;0.2;0.0
08;2021-01-09;113;0;639;0;0.2;0.0
08;2021-01-10;1;0;640;0;0.2;0.0
08;2021-01-11;67;0;707;0;0.3;0.0
08;2021-01-12;156;0;863;0;0.3;0.0
08;2021-01-13;475;1;1338;1;0.5;0.0
08;2021-01-14;532;9;1870;10;0.7;0.0
08;2021-01-15;282;0;2152;10;0.8;0.0
08;2021-01-16;104;0;2256;10;0.8;0.0
08;2021-01-17;1;0;2257;10;0.8;0.0
08;2021-01-18;361;2;2618;12;1.0;0.0
08;2021-01-19;866;1;3484;13;1.3;0.0
08;2021-01-20;909;1;4393;14;1.7;0.0
08;2021-01-21;741;0;5134;14;1.9;0.0
08;2021-01-22;678;0;5812;14;2.2;0.0
08;2021-01-23;237;0;6049;14;2.3;0.0
08;2021-01-24;0;0;6049;14;2.3;0.0
08;2021-01-25;205;0;6254;14;2.4;0.0
08;2021-01-26;301;2;6555;16;2.5;0.0
08;2021-01-27;410;0;6965;16;2.6;0.0
08;2021-01-28;563;185;7528;201;2.8;0.1
08;2021-01-29;587;183;8115;384;3.1;0.1
08;2021-01-30;222;62;8337;446;3.1;0.2
08;2021-01-31;0;0;8337;446;3.1;0.2
08;2021-02-01;79;46;8416;492;3.2;0.2
08;2021-02-02;192;175;8608;667;3.2;0.3
08;2021-02-03;138;169;8746;836;3.3;0.3
08;2021-02-04;307;287;9053;1123;3.4;0.4
08;2021-02-05;498;359;9551;1482;3.6;0.6
08;2021-02-06;148;75;9699;1557;3.7;0.6
08;2021-02-07;8;0;9707;1557;3.7;0.6
08;2021-02-08;40;175;9747;1732;3.7;0.7
08;2021-02-09;214;646;9961;2378;3.8;0.9
08;2021-02-10;333;637;10294;3015;3.9;1.1
08;2021-02-11;460;361;10754;3376;4.0;1.3
08;2021-02-12;674;384;11428;3760;4.3;1.4
08;2021-02-13;140;118;11568;3878;4.4;1.5
08;2021-02-14;3;60;11571;3938;4.4;1.5
08;2021-02-15;228;209;11799;4147;4.4;1.6
08;2021-02-16;131;374;11930;4521;4.5;1.7
08;2021-02-17;111;420;12041;4941;4.5;1.9
08;2021-02-18;215;519;12256;5460;4.6;2.1
08;2021-02-19;304;425;12560;5885;4.7;2.2
08;2021-02-20;7;209;12567;6094;4.7;2.3
08;2021-02-21;0;0;12567;6094;4.7;2.3
08;2021-02-22;132;179;12699;6273;4.8;2.4
08;2021-02-23;150;321;12849;6594;4.8;2.5
08;2021-02-24;164;386;13013;6980;4.9;2.6
08;2021-02-25;499;526;13512;7506;5.1;2.8
08;2021-02-26;602;624;14114;8130;5.3;3.1
08;2021-02-27;317;191;14431;8321;5.4;3.1
08;2021-02-28;19;1;14450;8322;5.4;3.1
08;2021-03-01;198;101;14648;8423;5.5;3.2
08;2021-03-02;652;278;15300;8701;5.8;3.3
08;2021-03-03;895;186;16195;8887;6.1;3.3
08;2021-03-04;733;324;16928;9211;6.4;3.5
08;2021-03-05;1022;535;17950;9746;6.8;3.7
08;2021-03-06;688;132;18638;9878;7.0;3.7
08;2021-03-07;75;1;18713;9879;7.0;3.7
08;2021-03-08;217;113;18930;9992;7.1;3.8
08;2021-03-09;684;134;19614;10126;7.4;3.8
08;2021-03-10;1036;111;20650;10237;7.8;3.9
08;2021-03-11;978;242;21628;10479;8.1;3.9
08;2021-03-12;1628;504;23256;10983;8.8;4.1
08;2021-03-13;791;117;24047;11100;9.1;4.2
08;2021-03-14;22;0;24069;11100;9.1;4.2
08;2021-03-15;291;72;24360;11172;9.2;4.2
08;2021-03-16;563;35;24923;11207;9.4;4.2
08;2021-03-17;803;50;25726;11257;9.7;4.2
08;2021-03-18;813;151;26539;11408;10.0;4.3
08;2021-03-19;1133;278;27672;11686;10.4;4.4
08;2021-03-20;504;14;28176;11700;10.6;4.4
08;2021-03-21;13;0;28189;11700;10.6;4.4
08;2021-03-22;364;41;28553;11741;10.8;4.4
08;2021-03-23;733;58;29286;11799;11.0;4.4
08;2021-03-24;1327;57;30613;11856;11.5;4.5
08;2021-03-25;1903;85;32516;11941;12.2;4.5
08;2021-03-26;2550;162;35066;12103;13.2;4.6
08;2021-03-27;897;120;35963;12223;13.5;4.6
08;2021-03-28;228;3;36191;12226;13.6;4.6
08;2021-03-29;260;179;36451;12405;13.7;4.7
08;2021-03-30;832;477;37283;12882;14.0;4.9
08;2021-03-31;852;523;38135;13405;14.4;5.0
08;2021-04-01;1681;438;39816;13843;15.0;5.2
08;2021-04-02;1496;506;41312;14349;15.6;5.4
08;2021-04-03;1327;186;42639;14535;16.1;5.5
08;2021-04-04;132;4;42771;14539;16.1;5.5
08;2021-04-05;16;0;42787;14539;16.1;5.5
08;2021-04-06;699;474;43486;15013;16.4;5.7
08;2021-04-07;911;696;44397;15709;16.7;5.9
08;2021-04-08;1741;505;46138;16214;17.4;6.1
08;2021-04-09;2346;713;48484;16927;18.3;6.4
08;2021-04-10;1449;207;49933;17134;18.8;6.5
08;2021-04-11;10;6;49943;17140;18.8;6.5
08;2021-04-12;671;226;50614;17366;19.1;6.5
08;2021-04-13;1306;601;51920;17967;19.6;6.8
08;2021-04-14;1280;857;53200;18824;20.0;7.1
08;2021-04-15;1606;790;54806;19614;20.6;7.4
08;2021-04-16;1871;866;56677;20480;21.3;7.7
08;2021-04-17;1109;400;57786;20880;21.8;7.9
08;2021-04-18;23;14;57809;20894;21.8;7.9
08;2021-04-19;1147;296;58956;21190;22.2;8.0
08;2021-04-20;1115;540;60071;21730;22.6;8.2
08;2021-04-21;1139;733;61210;22463;23.1;8.5
08;2021-04-22;1329;876;62539;23339;23.6;8.8
08;2021-04-23;1670;1158;64209;24497;24.2;9.2
08;2021-04-24;1325;641;65534;25138;24.7;9.5
08;2021-04-25;26;198;65560;25336;24.7;9.5
08;2021-04-26;1039;152;66599;25488;25.1;9.6
08;2021-04-27;1335;599;67934;26087;25.6;9.8
08;2021-04-28;1452;677;69386;26764;26.1;10.1
08;2021-04-29;1174;1309;70560;28073;26.6;10.6
08;2021-04-30;1769;1618;72329;29691;27.2;11.2
08;2021-05-01;1049;480;73378;30171;27.6;11.4
08;2021-05-02;626;180;74004;30351;27.9;11.4
08;2021-05-03;1167;366;75171;30717;28.3;11.6
08;2021-05-04;1328;856;76499;31573;28.8;11.9
08;2021-05-05;1567;1323;78066;32896;29.4;12.4
08;2021-05-06;1971;1645;80037;34541;30.1;13.0
08;2021-05-07;1859;2098;81896;36639;30.8;13.8
08;2021-05-08;924;762;82820;37401;31.2;14.1
08;2021-05-09;443;71;83263;37472;31.4;14.1
08;2021-05-10;1191;660;84454;38132;31.8;14.4
08;2021-05-11;1909;938;86363;39070;32.5;14.7
08;2021-05-12;1809;1228;88172;40298;33.2;15.2
08;2021-05-13;1305;614;89477;40912;33.7;15.4
08;2021-05-14;2535;1030;92012;41942;34.7;15.8
08;2021-05-15;1818;711;93830;42653;35.3;16.1
08;2021-05-16;820;101;94650;42754;35.6;16.1
08;2021-05-17;699;909;95349;43663;35.9;16.4
08;2021-05-18;1250;838;96599;44501;36.4;16.8
08;2021-05-19;1611;957;98210;45458;37.0;17.1
08;2021-05-20;2147;952;100357;46410;37.8;17.5
08;2021-05-21;2336;1274;102693;47684;38.7;18.0
08;2021-05-22;1820;760;104513;48444;39.4;18.2
08;2021-05-23;862;91;105375;48535;39.7;18.3
08;2021-05-24;714;103;106089;48638;40.0;18.3
08;2021-05-25;1452;671;107541;49309;40.5;18.6
08;2021-05-26;1511;1002;109052;50311;41.1;18.9
08;2021-05-27;2008;1145;111060;51456;41.8;19.4
08;2021-05-28;1972;1823;113032;53279;42.6;20.1
08;2021-05-29;1768;968;114800;54247;43.2;20.4
08;2021-05-30;835;100;115635;54347;43.5;20.5
08;2021-05-31;754;574;116389;54921;43.8;20.7
08;2021-06-01;1349;879;117738;55800;44.3;21.0
08;2021-06-02;1295;1192;119033;56992;44.8;21.5
08;2021-06-03;1383;1521;120416;58513;45.3;22.0
08;2021-06-04;1775;2426;122191;60939;46.0;22.9
08;2021-06-05;1171;1377;123362;62316;46.5;23.5
08;2021-06-06;903;108;124265;62424;46.8;23.5
08;2021-06-07;659;1174;124924;63598;47.0;24.0
08;2021-06-08;919;1497;125843;65095;47.4;24.5
08;2021-06-09;821;1390;126664;66485;47.7;25.0
08;2021-06-10;1699;1549;128363;68034;48.3;25.6
08;2021-06-11;1716;2208;130079;70242;49.0;26.5
08;2021-06-12;1409;1530;131488;71772;49.5;27.0
08;2021-06-13;386;597;131874;72369;49.7;27.3
08;2021-06-14;378;1303;132252;73672;49.8;27.7
08;2021-06-15;739;1553;132991;75225;50.1;28.3
08;2021-06-16;803;2053;133794;77278;50.4;29.1
08;2021-06-17;1280;1855;135074;79133;50.9;29.8
08;2021-06-18;1601;2607;136675;81740;51.5;30.8
08;2021-06-19;1319;1409;137994;83149;52.0;31.3
08;2021-06-20;115;423;138109;83572;52.0;31.5
08;2021-06-21;484;1403;138593;84975;52.2;32.0
08;2021-06-22;806;2027;139399;87002;52.5;32.8
08;2021-06-23;847;1676;140246;88678;52.8;33.4
08;2021-06-24;1032;1929;141278;90607;53.2;34.1
08;2021-06-25;1075;2736;142353;93343;53.6;35.2
08;2021-06-26;1008;1786;143361;95129;54.0;35.8
08;2021-06-27;350;648;143711;95777;54.1;36.1
08;2021-06-28;395;1325;144106;97102;54.3;36.6
08;2021-06-29;616;1473;144722;98575;54.5;37.1
08;2021-06-30;844;1689;145566;100264;54.8;37.8
08;2021-07-01;869;2192;146435;102456;55.1;38.6
08;2021-07-02;932;2647;147367;105103;55.5;39.6
08;2021-07-03;779;2146;148146;107249;55.8;40.4
08;2021-07-04;128;861;148274;108110;55.8;40.7
08;2021-07-05;101;1196;148375;109306;55.9;41.2
08;2021-07-06;421;1836;148796;111142;56.0;41.9
08;2021-07-07;365;1782;149161;112924;56.2;42.5
08;2021-07-08;710;2012;149871;114936;56.4;43.3
08;2021-07-09;728;2440;150599;117376;56.7;44.2
08;2021-07-10;652;1988;151251;119364;57.0;45.0
08;2021-07-11;237;726;151488;120090;57.1;45.2
08;2021-07-12;308;1194;151796;121284;57.2;45.7
08;2021-07-13;935;1783;152731;123067;57.5;46.3
08;2021-07-14;174;330;152905;123397;57.6;46.5
08;2021-07-15;715;2443;153620;125840;57.9;47.4
09;2020-12-27;0;0;0;0;0.0;0.0
09;2020-12-28;1;0;1;0;0.0;0.0
09;2020-12-29;0;0;1;0;0.0;0.0
09;2020-12-30;0;0;1;0;0.0;0.0
09;2020-12-31;0;0;1;0;0.0;0.0
09;2021-01-01;0;0;1;0;0.0;0.0
09;2021-01-02;0;0;1;0;0.0;0.0
09;2021-01-03;0;0;1;0;0.0;0.0
09;2021-01-04;2;1;3;1;0.0;0.0
09;2021-01-05;0;0;3;1;0.0;0.0
09;2021-01-06;3;0;6;1;0.0;0.0
09;2021-01-07;256;2;262;3;0.2;0.0
09;2021-01-08;227;0;489;3;0.3;0.0
09;2021-01-09;103;0;592;3;0.4;0.0
09;2021-01-10;59;0;651;3;0.4;0.0
09;2021-01-11;175;0;826;3;0.5;0.0
09;2021-01-12;304;0;1130;3;0.7;0.0
09;2021-01-13;196;0;1326;3;0.9;0.0
09;2021-01-14;432;8;1758;11;1.2;0.0
09;2021-01-15;223;1;1981;12;1.3;0.0
09;2021-01-16;194;2;2175;14;1.4;0.0
09;2021-01-17;123;0;2298;14;1.5;0.0
09;2021-01-18;266;0;2564;14;1.7;0.0
09;2021-01-19;258;0;2822;14;1.9;0.0
09;2021-01-20;346;1;3168;15;2.1;0.0
09;2021-01-21;333;1;3501;16;2.3;0.0
09;2021-01-22;330;1;3831;17;2.5;0.0
09;2021-01-23;236;0;4067;17;2.7;0.0
09;2021-01-24;85;1;4152;18;2.7;0.0
09;2021-01-25;203;12;4355;30;2.9;0.0
09;2021-01-26;632;25;4987;55;3.3;0.0
09;2021-01-27;471;41;5458;96;3.6;0.1
09;2021-01-28;284;206;5742;302;3.8;0.2
09;2021-01-29;251;129;5993;431;3.9;0.3
09;2021-01-30;143;57;6136;488;4.0;0.3
09;2021-01-31;56;10;6192;498;4.1;0.3
09;2021-02-01;82;143;6274;641;4.1;0.4
09;2021-02-02;57;295;6331;936;4.2;0.6
09;2021-02-03;87;206;6418;1142;4.2;0.7
09;2021-02-04;49;299;6467;1441;4.2;0.9
09;2021-02-05;88;157;6555;1598;4.3;1.0
09;2021-02-06;67;50;6622;1648;4.3;1.1
09;2021-02-07;6;74;6628;1722;4.3;1.1
09;2021-02-08;22;178;6650;1900;4.4;1.2
09;2021-02-09;54;291;6704;2191;4.4;1.4
09;2021-02-10;15;196;6719;2387;4.4;1.6
09;2021-02-11;6;221;6725;2608;4.4;1.7
09;2021-02-12;149;174;6874;2782;4.5;1.8
09;2021-02-13;7;145;6881;2927;4.5;1.9
09;2021-02-14;0;54;6881;2981;4.5;2.0
09;2021-02-15;75;134;6956;3115;4.6;2.0
09;2021-02-16;227;509;7183;3624;4.7;2.4
09;2021-02-17;82;391;7265;4015;4.8;2.6
09;2021-02-18;88;450;7353;4465;4.8;2.9
09;2021-02-19;65;285;7418;4750;4.9;3.1
09;2021-02-20;58;200;7476;4950;4.9;3.2
09;2021-02-21;0;51;7476;5001;4.9;3.3
09;2021-02-22;127;218;7603;5219;5.0;3.4
09;2021-02-23;160;146;7763;5365;5.1;3.5
09;2021-02-24;74;178;7837;5543;5.1;3.6
09;2021-02-25;211;170;8048;5713;5.3;3.7
09;2021-02-26;162;177;8210;5890;5.4;3.9
09;2021-02-27;64;71;8274;5961;5.4;3.9
09;2021-02-28;43;17;8317;5978;5.5;3.9
09;2021-03-01;246;97;8563;6075;5.6;4.0
09;2021-03-02;284;77;8847;6152;5.8;4.0
09;2021-03-03;252;132;9099;6284;6.0;4.1
09;2021-03-04;411;30;9510;6314;6.2;4.1
09;2021-03-05;332;64;9842;6378;6.5;4.2
09;2021-03-06;396;45;10238;6423;6.7;4.2
09;2021-03-07;124;4;10362;6427;6.8;4.2
09;2021-03-08;380;63;10742;6490;7.0;4.3
09;2021-03-09;434;139;11176;6629;7.3;4.3
09;2021-03-10;562;63;11738;6692;7.7;4.4
09;2021-03-11;694;69;12432;6761;8.2;4.4
09;2021-03-12;658;31;13090;6792;8.6;4.5
09;2021-03-13;384;2;13474;6794;8.8;4.5
09;2021-03-14;120;1;13594;6795;8.9;4.5
09;2021-03-15;467;48;14061;6843;9.2;4.5
09;2021-03-16;370;79;14431;6922;9.5;4.5
09;2021-03-17;399;72;14830;6994;9.7;4.6
09;2021-03-18;452;42;15282;7036;10.0;4.6
09;2021-03-19;523;54;15805;7090;10.4;4.7
09;2021-03-20;313;40;16118;7130;10.6;4.7
09;2021-03-21;104;0;16222;7130;10.6;4.7
09;2021-03-22;421;118;16643;7248;10.9;4.8
09;2021-03-23;566;172;17209;7420;11.3;4.9
09;2021-03-24;711;39;17920;7459;11.8;4.9
09;2021-03-25;869;135;18789;7594;12.3;5.0
09;2021-03-26;751;44;19540;7638;12.8;5.0
09;2021-03-27;624;67;20164;7705;13.2;5.1
09;2021-03-28;132;24;20296;7729;13.3;5.1
09;2021-03-29;496;277;20792;8006;13.6;5.3
09;2021-03-30;729;153;21521;8159;14.1;5.4
09;2021-03-31;801;176;22322;8335;14.6;5.5
09;2021-04-01;733;256;23055;8591;15.1;5.6
09;2021-04-02;692;266;23747;8857;15.6;5.8
09;2021-04-03;770;113;24517;8970;16.1;5.9
09;2021-04-04;122;57;24639;9027;16.2;5.9
09;2021-04-05;237;61;24876;9088;16.3;6.0
09;2021-04-06;1056;390;25932;9478;17.0;6.2
09;2021-04-07;1209;352;27141;9830;17.8;6.5
09;2021-04-08;1467;393;28608;10223;18.8;6.7
09;2021-04-09;1136;406;29744;10629;19.5;7.0
09;2021-04-10;1349;191;31093;10820;20.4;7.1
09;2021-04-11;173;102;31266;10922;20.5;7.2
09;2021-04-12;736;343;32002;11265;21.0;7.4
09;2021-04-13;1047;409;33049;11674;21.7;7.7
09;2021-04-14;1330;511;34379;12185;22.6;8.0
09;2021-04-15;1145;504;35524;12689;23.3;8.3
09;2021-04-16;1034;412;36558;13101;24.0;8.6
09;2021-04-17;1177;355;37735;13456;24.8;8.8
09;2021-04-18;102;96;37837;13552;24.8;8.9
09;2021-04-19;696;406;38533;13958;25.3;9.2
09;2021-04-20;766;531;39299;14489;25.8;9.5
09;2021-04-21;929;592;40228;15081;26.4;9.9
09;2021-04-22;667;611;40895;15692;26.8;10.3
09;2021-04-23;770;427;41665;16119;27.3;10.6
09;2021-04-24;740;672;42405;16791;27.8;11.0
09;2021-04-25;74;113;42479;16904;27.9;11.1
09;2021-04-26;384;539;42863;17443;28.1;11.4
09;2021-04-27;443;723;43306;18166;28.4;11.9
09;2021-04-28;804;795;44110;18961;28.9;12.4
09;2021-04-29;549;773;44659;19734;29.3;12.9
09;2021-04-30;622;722;45281;20456;29.7;13.4
09;2021-05-01;478;455;45759;20911;30.0;13.7
09;2021-05-02;51;100;45810;21011;30.1;13.8
09;2021-05-03;521;666;46331;21677;30.4;14.2
09;2021-05-04;557;1344;46888;23021;30.8;15.1
09;2021-05-05;823;1345;47711;24366;31.3;16.0
09;2021-05-06;847;1030;48558;25396;31.9;16.7
09;2021-05-07;978;822;49536;26218;32.5;17.2
09;2021-05-08;393;462;49929;26680;32.8;17.5
09;2021-05-09;264;84;50193;26764;32.9;17.6
09;2021-05-10;504;966;50697;27730;33.3;18.2
09;2021-05-11;740;1049;51437;28779;33.8;18.9
09;2021-05-12;1535;1404;52972;30183;34.8;19.8
09;2021-05-13;1382;425;54354;30608;35.7;20.1
09;2021-05-14;985;694;55339;31302;36.3;20.5
09;2021-05-15;1232;789;56571;32091;37.1;21.1
09;2021-05-16;296;45;56867;32136;37.3;21.1
09;2021-05-17;875;412;57742;32548;37.9;21.4
09;2021-05-18;1290;402;59032;32950;38.7;21.6
09;2021-05-19;1495;365;60527;33315;39.7;21.9
09;2021-05-20;1379;406;61906;33721;40.6;22.1
09;2021-05-21;1165;493;63071;34214;41.4;22.5
09;2021-05-22;1546;362;64617;34576;42.4;22.7
09;2021-05-23;271;25;64888;34601;42.6;22.7
09;2021-05-24;177;89;65065;34690;42.7;22.8
09;2021-05-25;997;488;66062;35178;43.3;23.1
09;2021-05-26;1284;441;67346;35619;44.2;23.4
09;2021-05-27;963;398;68309;36017;44.8;23.6
09;2021-05-28;958;505;69267;36522;45.5;24.0
09;2021-05-29;1769;581;71036;37103;46.6;24.3
09;2021-05-30;513;175;71549;37278;46.9;24.5
09;2021-05-31;717;589;72266;37867;47.4;24.8
09;2021-06-01;967;638;73233;38505;48.1;25.3
09;2021-06-02;1005;891;74238;39396;48.7;25.9
09;2021-06-03;808;677;75046;40073;49.2;26.3
09;2021-06-04;873;796;75919;40869;49.8;26.8
09;2021-06-05;1111;852;77030;41721;50.5;27.4
09;2021-06-06;78;83;77108;41804;50.6;27.4
09;2021-06-07;623;510;77731;42314;51.0;27.8
09;2021-06-08;817;486;78548;42800;51.5;28.1
09;2021-06-09;806;830;79354;43630;52.1;28.6
09;2021-06-10;630;527;79984;44157;52.5;29.0
09;2021-06-11;826;758;80810;44915;53.0;29.5
09;2021-06-12;626;805;81436;45720;53.4;30.0
09;2021-06-13;93;131;81529;45851;53.5;30.1
09;2021-06-14;618;706;82147;46557;53.9;30.5
09;2021-06-15;818;890;82965;47447;54.4;31.1
09;2021-06-16;623;1128;83588;48575;54.8;31.9
09;2021-06-17;778;856;84366;49431;55.4;32.4
09;2021-06-18;633;1153;84999;50584;55.8;33.2
09;2021-06-19;514;1575;85513;52159;56.1;34.2
09;2021-06-20;8;279;85521;52438;56.1;34.4
09;2021-06-21;470;699;85991;53137;56.4;34.9
09;2021-06-22;454;1066;86445;54203;56.7;35.6
09;2021-06-23;432;1223;86877;55426;57.0;36.4
09;2021-06-24;580;793;87457;56219;57.4;36.9
09;2021-06-25;409;1081;87866;57300;57.7;37.6
09;2021-06-26;441;1093;88307;58393;57.9;38.3
09;2021-06-27;1;277;88308;58670;57.9;38.5
09;2021-06-28;238;1051;88546;59721;58.1;39.2
09;2021-06-29;309;1231;88855;60952;58.3;40.0
09;2021-06-30;450;1487;89305;62439;58.6;41.0
09;2021-07-01;377;1429;89682;63868;58.8;41.9
09;2021-07-02;308;1162;89990;65030;59.0;42.7
09;2021-07-03;205;1619;90195;66649;59.2;43.7
09;2021-07-04;3;254;90198;66903;59.2;43.9
09;2021-07-05;187;713;90385;67616;59.3;44.4
09;2021-07-06;288;1225;90673;68841;59.5;45.2
09;2021-07-07;412;1393;91085;70234;59.8;46.1
09;2021-07-08;319;1061;91404;71295;60.0;46.8
09;2021-07-09;290;1157;91694;72452;60.2;47.5
09;2021-07-10;344;1728;92038;74180;60.4;48.7
09;2021-07-11;147;390;92185;74570;60.5;48.9
09;2021-07-12;182;1072;92367;75642;60.6;49.6
09;2021-07-13;629;1299;92996;76941;61.0;50.5
09;2021-07-14;485;220;93481;77161;61.3;50.6
09;2021-07-15;814;1167;94295;78328;61.9;51.4
10;2020-12-27;0;0;0;0;0.0;0.0
10;2020-12-28;0;0;0;0;0.0;0.0
10;2020-12-29;0;0;0;0;0.0;0.0
10;2020-12-30;0;0;0;0;0.0;0.0
10;2020-12-31;0;0;0;0;0.0;0.0
10;2021-01-01;0;0;0;0;0.0;0.0
10;2021-01-02;0;0;0;0;0.0;0.0
10;2021-01-03;0;0;0;0;0.0;0.0
10;2021-01-04;0;0;0;0;0.0;0.0
10;2021-01-05;1;0;1;0;0.0;0.0
10;2021-01-06;0;0;1;0;0.0;0.0
10;2021-01-07;84;0;85;0;0.0;0.0
10;2021-01-08;254;0;339;0;0.1;0.0
10;2021-01-09;0;0;339;0;0.1;0.0
10;2021-01-10;0;0;339;0;0.1;0.0
10;2021-01-11;117;0;456;0;0.1;0.0
10;2021-01-12;191;0;647;0;0.2;0.0
10;2021-01-13;313;0;960;0;0.3;0.0
10;2021-01-14;391;7;1351;7;0.4;0.0
10;2021-01-15;359;2;1710;9;0.6;0.0
10;2021-01-16;55;0;1765;9;0.6;0.0
10;2021-01-17;0;0;1765;9;0.6;0.0
10;2021-01-18;699;1;2464;10;0.8;0.0
10;2021-01-19;1356;1;3820;11;1.2;0.0
10;2021-01-20;1049;2;4869;13;1.6;0.0
10;2021-01-21;1143;1;6012;14;1.9;0.0
10;2021-01-22;818;0;6830;14;2.2;0.0
10;2021-01-23;309;0;7139;14;2.3;0.0
10;2021-01-24;0;0;7139;14;2.3;0.0
10;2021-01-25;445;10;7584;24;2.4;0.0
10;2021-01-26;487;16;8071;40;2.6;0.0
10;2021-01-27;459;15;8530;55;2.8;0.0
10;2021-01-28;357;48;8887;103;2.9;0.0
10;2021-01-29;430;194;9317;297;3.0;0.1
10;2021-01-30;30;0;9347;297;3.0;0.1
10;2021-01-31;0;0;9347;297;3.0;0.1
10;2021-02-01;404;141;9751;438;3.1;0.1
10;2021-02-02;182;153;9933;591;3.2;0.2
10;2021-02-03;342;217;10275;808;3.3;0.3
10;2021-02-04;341;271;10616;1079;3.4;0.3
10;2021-02-05;327;321;10943;1400;3.5;0.5
10;2021-02-06;3;35;10946;1435;3.5;0.5
10;2021-02-07;0;0;10946;1435;3.5;0.5
10;2021-02-08;190;411;11136;1846;3.6;0.6
10;2021-02-09;480;585;11616;2431;3.7;0.8
10;2021-02-10;666;473;12282;2904;4.0;0.9
10;2021-02-11;755;598;13037;3502;4.2;1.1
10;2021-02-12;579;549;13616;4051;4.4;1.3
10;2021-02-13;36;120;13652;4171;4.4;1.3
10;2021-02-14;0;0;13652;4171;4.4;1.3
10;2021-02-15;142;449;13794;4620;4.5;1.5
10;2021-02-16;116;545;13910;5165;4.5;1.7
10;2021-02-17;129;606;14039;5771;4.5;1.9
10;2021-02-18;216;553;14255;6324;4.6;2.0
10;2021-02-19;187;472;14442;6796;4.7;2.2
10;2021-02-20;24;183;14466;6979;4.7;2.3
10;2021-02-21;0;0;14466;6979;4.7;2.3
10;2021-02-22;77;450;14543;7429;4.7;2.4
10;2021-02-23;76;563;14619;7992;4.7;2.6
10;2021-02-24;96;375;14715;8367;4.7;2.7
10;2021-02-25;323;374;15038;8741;4.9;2.8
10;2021-02-26;351;281;15389;9022;5.0;2.9
10;2021-02-27;275;129;15664;9151;5.1;3.0
10;2021-02-28;0;0;15664;9151;5.1;3.0
10;2021-03-01;257;334;15921;9485;5.1;3.1
10;2021-03-02;434;369;16355;9854;5.3;3.2
10;2021-03-03;442;580;16797;10434;5.4;3.4
10;2021-03-04;633;496;17430;10930;5.6;3.5
10;2021-03-05;677;249;18107;11179;5.8;3.6
10;2021-03-06;946;38;19053;11217;6.1;3.6
10;2021-03-07;769;4;19822;11221;6.4;3.6
10;2021-03-08;502;443;20324;11664;6.6;3.8
10;2021-03-09;673;432;20997;12096;6.8;3.9
10;2021-03-10;657;359;21654;12455;7.0;4.0
10;2021-03-11;1166;226;22820;12681;7.4;4.1
10;2021-03-12;1326;231;24146;12912;7.8;4.2
10;2021-03-13;890;31;25036;12943;8.1;4.2
10;2021-03-14;1381;7;26417;12950;8.5;4.2
10;2021-03-15;821;79;27238;13029;8.8;4.2
10;2021-03-16;687;59;27925;13088;9.0;4.2
10;2021-03-17;830;58;28755;13146;9.3;4.2
10;2021-03-18;885;75;29640;13221;9.6;4.3
10;2021-03-19;950;64;30590;13285;9.9;4.3
10;2021-03-20;552;11;31142;13296;10.0;4.3
10;2021-03-21;1845;24;32987;13320;10.6;4.3
10;2021-03-22;879;64;33866;13384;10.9;4.3
10;2021-03-23;1245;87;35111;13471;11.3;4.3
10;2021-03-24;1307;45;36418;13516;11.8;4.4
10;2021-03-25;1677;212;38095;13728;12.3;4.4
10;2021-03-26;1429;112;39524;13840;12.8;4.5
10;2021-03-27;762;77;40286;13917;13.0;4.5
10;2021-03-28;1220;24;41506;13941;13.4;4.5
10;2021-03-29;647;303;42153;14244;13.6;4.6
10;2021-03-30;924;373;43077;14617;13.9;4.7
10;2021-03-31;616;359;43693;14976;14.1;4.8
10;2021-04-01;882;680;44575;15656;14.4;5.1
10;2021-04-02;1068;580;45643;16236;14.7;5.2
10;2021-04-03;540;606;46183;16842;14.9;5.4
10;2021-04-04;1823;248;48006;17090;15.5;5.5
10;2021-04-05;1842;27;49848;17117;16.1;5.5
10;2021-04-06;512;648;50360;17765;16.3;5.7
10;2021-04-07;589;539;50949;18304;16.4;5.9
10;2021-04-08;1052;598;52001;18902;16.8;6.1
10;2021-04-09;1126;609;53127;19511;17.1;6.3
10;2021-04-10;1770;347;54897;19858;17.7;6.4
10;2021-04-11;55;1224;54952;21082;17.7;6.8
10;2021-04-12;1004;807;55956;21889;18.1;7.1
10;2021-04-13;1501;871;57457;22760;18.5;7.3
10;2021-04-14;795;594;58252;23354;18.8;7.5
10;2021-04-15;1416;887;59668;24241;19.3;7.8
10;2021-04-16;1103;694;60771;24935;19.6;8.0
10;2021-04-17;2392;347;63163;25282;20.4;8.2
10;2021-04-18;1421;1779;64584;27061;20.8;8.7
10;2021-04-19;835;836;65419;27897;21.1;9.0
10;2021-04-20;544;1036;65963;28933;21.3;9.3
10;2021-04-21;636;987;66599;29920;21.5;9.7
10;2021-04-22;929;970;67528;30890;21.8;10.0
10;2021-04-23;2170;770;69698;31660;22.5;10.2
10;2021-04-24;2296;367;71994;32027;23.2;10.3
10;2021-04-25;1990;1213;73984;33240;23.9;10.7
10;2021-04-26;773;615;74757;33855;24.1;10.9
10;2021-04-27;895;534;75652;34389;24.4;11.1
10;2021-04-28;873;402;76525;34791;24.7;11.2
10;2021-04-29;1428;666;77953;35457;25.2;11.4
10;2021-04-30;2162;757;80115;36214;25.9;11.7
10;2021-05-01;1986;2167;82101;38381;26.5;12.4
10;2021-05-02;1949;1892;84050;40273;27.1;13.0
10;2021-05-03;621;446;84671;40719;27.3;13.1
10;2021-05-04;1144;1247;85815;41966;27.7;13.5
10;2021-05-05;1753;1015;87568;42981;28.3;13.9
10;2021-05-06;2251;931;89819;43912;29.0;14.2
10;2021-05-07;2210;1126;92029;45038;29.7;14.5
10;2021-05-08;2265;851;94294;45889;30.4;14.8
10;2021-05-09;2005;99;96299;45988;31.1;14.8
10;2021-05-10;527;1091;96826;47079;31.2;15.2
10;2021-05-11;1051;1015;97877;48094;31.6;15.5
10;2021-05-12;2060;880;99937;48974;32.2;15.8
10;2021-05-13;2180;428;102117;49402;33.0;15.9
10;2021-05-14;2729;658;104846;50060;33.8;16.2
10;2021-05-15;2427;2031;107273;52091;34.6;16.8
10;2021-05-16;2081;1446;109354;53537;35.3;17.3
10;2021-05-17;1450;438;110804;53975;35.8;17.4
10;2021-05-18;2510;627;113314;54602;36.6;17.6
10;2021-05-19;1553;636;114867;55238;37.1;17.8
10;2021-05-20;1891;843;116758;56081;37.7;18.1
10;2021-05-21;2317;611;119075;56692;38.4;18.3
10;2021-05-22;2181;418;121256;57110;39.1;18.4
10;2021-05-23;1817;138;123073;57248;39.7;18.5
10;2021-05-24;1968;173;125041;57421;40.3;18.5
10;2021-05-25;2193;485;127234;57906;41.1;18.7
10;2021-05-26;1675;418;128909;58324;41.6;18.8
10;2021-05-27;1659;754;130568;59078;42.1;19.1
10;2021-05-28;1718;1184;132286;60262;42.7;19.4
10;2021-05-29;2170;634;134456;60896;43.4;19.6
10;2021-05-30;1029;133;135485;61029;43.7;19.7
10;2021-05-31;1038;747;136523;61776;44.1;19.9
10;2021-06-01;1132;887;137655;62663;44.4;20.2
10;2021-06-02;1030;712;138685;63375;44.8;20.4
10;2021-06-03;1468;1065;140153;64440;45.2;20.8
10;2021-06-04;1763;2596;141916;67036;45.8;21.6
10;2021-06-05;1510;2447;143426;69483;46.3;22.4
10;2021-06-06;1002;1868;144428;71351;46.6;23.0
10;2021-06-07;693;1112;145121;72463;46.8;23.4
10;2021-06-08;886;1169;146007;73632;47.1;23.8
10;2021-06-09;871;909;146878;74541;47.4;24.1
10;2021-06-10;673;1071;147551;75612;47.6;24.4
10;2021-06-11;1196;2208;148747;77820;48.0;25.1
10;2021-06-12;843;2386;149590;80206;48.3;25.9
10;2021-06-13;400;1838;149990;82044;48.4;26.5
10;2021-06-14;534;738;150524;82782;48.6;26.7
10;2021-06-15;738;2133;151262;84915;48.8;27.4
10;2021-06-16;737;1857;151999;86772;49.0;28.0
10;2021-06-17;844;2459;152843;89231;49.3;28.8
10;2021-06-18;1032;2475;153875;91706;49.7;29.6
10;2021-06-19;976;2597;154851;94303;50.0;30.4
10;2021-06-20;547;1598;155398;95901;50.1;30.9
10;2021-06-21;677;1046;156075;96947;50.4;31.3
10;2021-06-22;738;1524;156813;98471;50.6;31.8
10;2021-06-23;641;2410;157454;100881;50.8;32.6
10;2021-06-24;775;2618;158229;103499;51.1;33.4
10;2021-06-25;730;3039;158959;106538;51.3;34.4
10;2021-06-26;513;2739;159472;109277;51.5;35.3
10;2021-06-27;401;1941;159873;111218;51.6;35.9
10;2021-06-28;678;1786;160551;113004;51.8;36.5
10;2021-06-29;611;2698;161162;115702;52.0;37.3
10;2021-06-30;528;1525;161690;117227;52.2;37.8
10;2021-07-01;545;2173;162235;119400;52.3;38.5
10;2021-07-02;662;2729;162897;122129;52.6;39.4
10;2021-07-03;521;2597;163418;124726;52.7;40.2
10;2021-07-04;409;1729;163827;126455;52.9;40.8
10;2021-07-05;665;2221;164492;128676;53.1;41.5
10;2021-07-06;647;2184;165139;130860;53.3;42.2
10;2021-07-07;630;1701;165769;132561;53.5;42.8
10;2021-07-08;744;1453;166513;134014;53.7;43.2
10;2021-07-09;808;1939;167321;135953;54.0;43.9
10;2021-07-10;625;2093;167946;138046;54.2;44.5
10;2021-07-11;500;1377;168446;139423;54.4;45.0
10;2021-07-12;775;1620;169221;141043;54.6;45.5
10;2021-07-13;1118;1871;170339;142914;55.0;46.1
10;2021-07-14;1170;1053;171509;143967;55.3;46.5
10;2021-07-15;1463;1969;172972;145936;55.8;47.1
11;2020-12-27;0;0;0;0;0.0;0.0
11;2020-12-28;0;0;0;0;0.0;0.0
11;2020-12-29;0;0;0;0;0.0;0.0
11;2020-12-30;0;0;0;0;0.0;0.0
11;2020-12-31;0;0;0;0;0.0;0.0
11;2021-01-01;0;0;0;0;0.0;0.0
11;2021-01-02;2;0;2;0;0.0;0.0
11;2021-01-03;0;0;2;0;0.0;0.0
11;2021-01-04;0;0;2;0;0.0;0.0
11;2021-01-05;94;0;96;0;0.0;0.0
11;2021-01-06;25;0;121;0;0.0;0.0
11;2021-01-07;110;0;231;0;0.1;0.0
11;2021-01-08;90;1;321;1;0.1;0.0
11;2021-01-09;86;0;407;1;0.1;0.0
11;2021-01-10;67;0;474;1;0.1;0.0
11;2021-01-11;136;0;610;1;0.2;0.0
11;2021-01-12;544;3;1154;4;0.3;0.0
11;2021-01-13;410;0;1564;4;0.4;0.0
11;2021-01-14;635;6;2199;10;0.6;0.0
11;2021-01-15;342;4;2541;14;0.7;0.0
11;2021-01-16;77;1;2618;15;0.7;0.0
11;2021-01-17;46;1;2664;16;0.7;0.0
11;2021-01-18;387;0;3051;16;0.8;0.0
11;2021-01-19;515;2;3566;18;1.0;0.0
11;2021-01-20;676;5;4242;23;1.1;0.0
11;2021-01-21;639;2;4881;25;1.3;0.0
11;2021-01-22;524;1;5405;26;1.5;0.0
11;2021-01-23;153;0;5558;26;1.5;0.0
11;2021-01-24;139;0;5697;26;1.5;0.0
11;2021-01-25;372;20;6069;46;1.6;0.0
11;2021-01-26;831;83;6900;129;1.9;0.0
11;2021-01-27;788;23;7688;152;2.1;0.0
11;2021-01-28;637;61;8325;213;2.2;0.1
11;2021-01-29;432;124;8757;337;2.3;0.1
11;2021-01-30;127;0;8884;337;2.4;0.1
11;2021-01-31;78;0;8962;337;2.4;0.1
11;2021-02-01;343;194;9305;531;2.5;0.1
11;2021-02-02;403;407;9708;938;2.6;0.3
11;2021-02-03;388;353;10096;1291;2.7;0.3
11;2021-02-04;367;497;10463;1788;2.8;0.5
11;2021-02-05;303;337;10766;2125;2.9;0.6
11;2021-02-06;203;61;10969;2186;2.9;0.6
11;2021-02-07;108;13;11077;2199;3.0;0.6
11;2021-02-08;309;161;11386;2360;3.1;0.6
11;2021-02-09;292;280;11678;2640;3.1;0.7
11;2021-02-10;329;446;12007;3086;3.2;0.8
11;2021-02-11;610;631;12617;3717;3.4;1.0
11;2021-02-12;397;379;13014;4096;3.5;1.1
11;2021-02-13;191;120;13205;4216;3.5;1.1
11;2021-02-14;65;27;13270;4243;3.6;1.1
11;2021-02-15;236;209;13506;4452;3.6;1.2
11;2021-02-16;261;515;13767;4967;3.7;1.3
11;2021-02-17;451;619;14218;5586;3.8;1.5
11;2021-02-18;455;576;14673;6162;3.9;1.7
11;2021-02-19;300;538;14973;6700;4.0;1.8
11;2021-02-20;146;75;15119;6775;4.1;1.8
11;2021-02-21;56;45;15175;6820;4.1;1.8
11;2021-02-22;120;333;15295;7153;4.1;1.9
11;2021-02-23;282;323;15577;7476;4.2;2.0
11;2021-02-24;250;392;15827;7868;4.2;2.1
11;2021-02-25;559;340;16386;8208;4.4;2.2
11;2021-02-26;521;321;16907;8529;4.5;2.3
11;2021-02-27;318;98;17225;8627;4.6;2.3
11;2021-02-28;95;24;17320;8651;4.6;2.3
11;2021-03-01;338;320;17658;8971;4.7;2.4
11;2021-03-02;562;388;18220;9359;4.9;2.5
11;2021-03-03;599;434;18819;9793;5.0;2.6
11;2021-03-04;1075;406;19894;10199;5.3;2.7
11;2021-03-05;1001;403;20895;10602;5.6;2.8
11;2021-03-06;1092;201;21987;10803;5.9;2.9
11;2021-03-07;657;32;22644;10835;6.1;2.9
11;2021-03-08;382;351;23026;11186;6.2;3.0
11;2021-03-09;994;394;24020;11580;6.4;3.1
11;2021-03-10;1169;548;25189;12128;6.8;3.3
11;2021-03-11;1567;438;26756;12566;7.2;3.4
11;2021-03-12;1452;437;28208;13003;7.6;3.5
11;2021-03-13;1155;231;29363;13234;7.9;3.6
11;2021-03-14;524;49;29887;13283;8.0;3.6
11;2021-03-15;651;241;30538;13524;8.2;3.6
11;2021-03-16;852;199;31390;13723;8.4;3.7
11;2021-03-17;907;220;32297;13943;8.7;3.7
11;2021-03-18;1173;286;33470;14229;9.0;3.8
11;2021-03-19;1368;239;34838;14468;9.3;3.9
11;2021-03-20;786;166;35624;14634;9.6;3.9
11;2021-03-21;225;65;35849;14699;9.6;3.9
11;2021-03-22;808;215;36657;14914;9.8;4.0
11;2021-03-23;1799;387;38456;15301;10.3;4.1
11;2021-03-24;1832;313;40288;15614;10.8;4.2
11;2021-03-25;2189;367;42477;15981;11.4;4.3
11;2021-03-26;2121;439;44598;16420;12.0;4.4
11;2021-03-27;1177;144;45775;16564;12.3;4.4
11;2021-03-28;264;41;46039;16605;12.4;4.5
11;2021-03-29;1181;217;47220;16822;12.7;4.5
11;2021-03-30;1991;315;49211;17137;13.2;4.6
11;2021-03-31;1609;378;50820;17515;13.6;4.7
11;2021-04-01;2144;424;52964;17939;14.2;4.8
11;2021-04-02;1638;427;54602;18366;14.7;4.9
11;2021-04-03;719;141;55321;18507;14.8;5.0
11;2021-04-04;197;73;55518;18580;14.9;5.0
11;2021-04-05;257;4;55775;18584;15.0;5.0
11;2021-04-06;1568;542;57343;19126;15.4;5.1
11;2021-04-07;1760;570;59103;19696;15.9;5.3
11;2021-04-08;1783;682;60886;20378;16.3;5.5
11;2021-04-09;2253;591;63139;20969;16.9;5.6
11;2021-04-10;1168;171;64307;21140;17.3;5.7
11;2021-04-11;545;107;64852;21247;17.4;5.7
11;2021-04-12;1609;520;66461;21767;17.8;5.8
11;2021-04-13;2258;880;68719;22647;18.4;6.1
11;2021-04-14;1658;1008;70377;23655;18.9;6.3
11;2021-04-15;1837;1123;72214;24778;19.4;6.6
11;2021-04-16;1830;842;74044;25620;19.9;6.9
11;2021-04-17;1771;559;75815;26179;20.3;7.0
11;2021-04-18;113;154;75928;26333;20.4;7.1
11;2021-04-19;1380;734;77308;27067;20.7;7.3
11;2021-04-20;1726;1282;79034;28349;21.2;7.6
11;2021-04-21;1783;1311;80817;29660;21.7;8.0
11;2021-04-22;1746;1321;82563;30981;22.2;8.3
11;2021-04-23;2001;1222;84564;32203;22.7;8.6
11;2021-04-24;1733;466;86297;32669;23.2;8.8
11;2021-04-25;658;178;86955;32847;23.3;8.8
11;2021-04-26;1376;833;88331;33680;23.7;9.0
11;2021-04-27;1831;1541;90162;35221;24.2;9.5
11;2021-04-28;1998;1459;92160;36680;24.7;9.8
11;2021-04-29;2246;1631;94406;38311;25.3;10.3
11;2021-04-30;2147;1417;96553;39728;25.9;10.7
11;2021-05-01;1336;341;97889;40069;26.3;10.8
11;2021-05-02;583;335;98472;40404;26.4;10.8
11;2021-05-03;1485;735;99957;41139;26.8;11.0
11;2021-05-04;1875;1427;101832;42566;27.3;11.4
11;2021-05-05;1890;1429;103722;43995;27.8;11.8
11;2021-05-06;2189;1472;105911;45467;28.4;12.2
11;2021-05-07;2099;1555;108010;47022;29.0;12.6
11;2021-05-08;892;724;108902;47746;29.2;12.8
11;2021-05-09;627;544;109529;48290;29.4;13.0
11;2021-05-10;1326;1650;110855;49940;29.7;13.4
11;2021-05-11;2034;1862;112889;51802;30.3;13.9
11;2021-05-12;1830;1629;114719;53431;30.8;14.3
11;2021-05-13;1405;412;116124;53843;31.2;14.4
11;2021-05-14;1712;1186;117836;55029;31.6;14.8
11;2021-05-15;1156;900;118992;55929;31.9;15.0
11;2021-05-16;805;162;119797;56091;32.1;15.0
11;2021-05-17;1468;1047;121265;57138;32.5;15.3
11;2021-05-18;1898;1197;123163;58335;33.0;15.7
11;2021-05-19;1847;1118;125010;59453;33.5;16.0
11;2021-05-20;1966;1091;126976;60544;34.1;16.2
11;2021-05-21;2274;1086;129250;61630;34.7;16.5
11;2021-05-22;1483;725;130733;62355;35.1;16.7
11;2021-05-23;767;68;131500;62423;35.3;16.7
11;2021-05-24;1410;226;132910;62649;35.7;16.8
11;2021-05-25;1811;1354;134721;64003;36.1;17.2
11;2021-05-26;1931;1305;136652;65308;36.7;17.5
11;2021-05-27;1984;1720;138636;67028;37.2;18.0
11;2021-05-28;1758;1890;140394;68918;37.7;18.5
11;2021-05-29;1425;1596;141819;70514;38.1;18.9
11;2021-05-30;485;395;142304;70909;38.2;19.0
11;2021-05-31;1254;1620;143558;72529;38.5;19.5
11;2021-06-01;1854;1904;145412;74433;39.0;20.0
11;2021-06-02;1752;2074;147164;76507;39.5;20.5
11;2021-06-03;2589;2407;149753;78914;40.2;21.2
11;2021-06-04;2141;2666;151894;81580;40.8;21.9
11;2021-06-05;1584;1900;153478;83480;41.2;22.4
11;2021-06-06;871;861;154349;84341;41.4;22.6
11;2021-06-07;1522;1713;155871;86054;41.8;23.1
11;2021-06-08;2024;1988;157895;88042;42.4;23.6
11;2021-06-09;1776;2190;159671;90232;42.8;24.2
11;2021-06-10;1789;2424;161460;92656;43.3;24.9
11;2021-06-11;1855;2489;163315;95145;43.8;25.5
11;2021-06-12;1442;1622;164757;96767;44.2;26.0
11;2021-06-13;708;723;165465;97490;44.4;26.2
11;2021-06-14;1025;1968;166490;99458;44.7;26.7
11;2021-06-15;1382;2687;167872;102145;45.0;27.4
11;2021-06-16;1329;2528;169201;104673;45.4;28.1
11;2021-06-17;1448;2535;170649;107208;45.8;28.8
11;2021-06-18;1509;2495;172158;109703;46.2;29.4
11;2021-06-19;1230;1408;173388;111111;46.5;29.8
11;2021-06-20;298;601;173686;111712;46.6;30.0
11;2021-06-21;836;2121;174522;113833;46.8;30.5
11;2021-06-22;1011;2602;175533;116435;47.1;31.2
11;2021-06-23;1081;2084;176614;118519;47.4;31.8
11;2021-06-24;892;2247;177506;120766;47.6;32.4
11;2021-06-25;968;2539;178474;123305;47.9;33.1
11;2021-06-26;768;1653;179242;124958;48.1;33.5
11;2021-06-27;204;687;179446;125645;48.1;33.7
11;2021-06-28;692;2301;180138;127946;48.3;34.3
11;2021-06-29;949;2593;181087;130539;48.6;35.0
11;2021-06-30;886;2514;181973;133053;48.8;35.7
11;2021-07-01;987;1884;182960;134937;49.1;36.2
11;2021-07-02;959;2536;183919;137473;49.3;36.9
11;2021-07-03;726;1800;184645;139273;49.5;37.4
11;2021-07-04;335;1108;184980;140381;49.6;37.7
11;2021-07-05;692;2127;185672;142508;49.8;38.2
11;2021-07-06;964;2519;186636;145027;50.1;38.9
11;2021-07-07;921;2513;187557;147540;50.3;39.6
11;2021-07-08;1175;1894;188732;149434;50.6;40.1
11;2021-07-09;818;1787;189550;151221;50.9;40.6
11;2021-07-10;363;1300;189913;152521;51.0;40.9
11;2021-07-11;311;560;190224;153081;51.0;41.1
11;2021-07-12;493;2665;190717;155746;51.2;41.8
11;2021-07-13;1284;3063;192001;158809;51.5;42.6
11;2021-07-14;192;233;192193;159042;51.6;42.7
11;2021-07-15;1396;2941;193589;161983;51.9;43.5
12;2020-12-27;0;0;0;0;0.0;0.0
12;2020-12-28;0;0;0;0;0.0;0.0
12;2020-12-29;0;0;0;0;0.0;0.0
12;2020-12-30;0;0;0;0;0.0;0.0
12;2020-12-31;0;0;0;0;0.0;0.0
12;2021-01-01;0;0;0;0;0.0;0.0
12;2021-01-02;0;0;0;0;0.0;0.0
12;2021-01-03;0;0;0;0;0.0;0.0
12;2021-01-04;1;0;1;0;0.0;0.0
12;2021-01-05;0;0;1;0;0.0;0.0
12;2021-01-06;13;0;14;0;0.0;0.0
12;2021-01-07;202;0;216;0;0.1;0.0
12;2021-01-08;64;0;280;0;0.1;0.0
12;2021-01-09;0;0;280;0;0.1;0.0
12;2021-01-10;1;0;281;0;0.1;0.0
12;2021-01-11;99;0;380;0;0.1;0.0
12;2021-01-12;360;1;740;1;0.3;0.0
12;2021-01-13;285;0;1025;1;0.4;0.0
12;2021-01-14;589;9;1614;10;0.6;0.0
12;2021-01-15;366;10;1980;20;0.7;0.0
12;2021-01-16;138;2;2118;22;0.8;0.0
12;2021-01-17;0;0;2118;22;0.8;0.0
12;2021-01-18;452;0;2570;22;0.9;0.0
12;2021-01-19;601;3;3171;25;1.1;0.0
12;2021-01-20;877;1;4048;26;1.5;0.0
12;2021-01-21;722;0;4770;26;1.7;0.0
12;2021-01-22;798;1;5568;27;2.0;0.0
12;2021-01-23;381;0;5949;27;2.1;0.0
12;2021-01-24;0;0;5949;27;2.1;0.0
12;2021-01-25;449;0;6398;27;2.3;0.0
12;2021-01-26;648;0;7046;27;2.5;0.0
12;2021-01-27;1826;14;8872;41;3.2;0.0
12;2021-01-28;1882;210;10754;251;3.9;0.1
12;2021-01-29;1328;43;12082;294;4.3;0.1
12;2021-01-30;359;2;12441;296;4.5;0.1
12;2021-01-31;0;0;12441;296;4.5;0.1
12;2021-02-01;333;90;12774;386;4.6;0.1
12;2021-02-02;457;242;13231;628;4.8;0.2
12;2021-02-03;456;166;13687;794;4.9;0.3
12;2021-02-04;452;522;14139;1316;5.1;0.5
12;2021-02-05;447;183;14586;1499;5.2;0.5
12;2021-02-06;218;67;14804;1566;5.3;0.6
12;2021-02-07;8;0;14812;1566;5.3;0.6
12;2021-02-08;105;316;14917;1882;5.4;0.7
12;2021-02-09;208;341;15125;2223;5.4;0.8
12;2021-02-10;464;470;15589;2693;5.6;1.0
12;2021-02-11;538;344;16127;3037;5.8;1.1
12;2021-02-12;570;342;16697;3379;6.0;1.2
12;2021-02-13;175;133;16872;3512;6.1;1.3
12;2021-02-14;0;0;16872;3512;6.1;1.3
12;2021-02-15;173;380;17045;3892;6.1;1.4
12;2021-02-16;167;512;17212;4404;6.2;1.6
12;2021-02-17;362;1435;17574;5839;6.3;2.1
12;2021-02-18;671;1653;18245;7492;6.6;2.7
12;2021-02-19;576;968;18821;8460;6.8;3.0
12;2021-02-20;102;396;18923;8856;6.8;3.2
12;2021-02-21;0;0;18923;8856;6.8;3.2
12;2021-02-22;150;405;19073;9261;6.9;3.3
12;2021-02-23;157;561;19230;9822;6.9;3.5
12;2021-02-24;157;689;19387;10511;7.0;3.8
12;2021-02-25;198;768;19585;11279;7.0;4.1
12;2021-02-26;320;654;19905;11933;7.2;4.3
12;2021-02-27;191;350;20096;12283;7.2;4.4
12;2021-02-28;12;0;20108;12283;7.2;4.4
12;2021-03-01;49;350;20157;12633;7.2;4.5
12;2021-03-02;190;504;20347;13137;7.3;4.7
12;2021-03-03;243;388;20590;13525;7.4;4.9
12;2021-03-04;278;361;20868;13886;7.5;5.0
12;2021-03-05;422;365;21290;14251;7.6;5.1
12;2021-03-06;792;118;22082;14369;7.9;5.2
12;2021-03-07;140;29;22222;14398;8.0;5.2
12;2021-03-08;235;209;22457;14607;8.1;5.2
12;2021-03-09;716;232;23173;14839;8.3;5.3
12;2021-03-10;782;730;23955;15569;8.6;5.6
12;2021-03-11;916;645;24871;16214;8.9;5.8
12;2021-03-12;1252;519;26123;16733;9.4;6.0
12;2021-03-13;894;128;27017;16861;9.7;6.1
12;2021-03-14;44;2;27061;16863;9.7;6.1
12;2021-03-15;557;152;27618;17015;9.9;6.1
12;2021-03-16;817;155;28435;17170;10.2;6.2
12;2021-03-17;1503;158;29938;17328;10.8;6.2
12;2021-03-18;993;245;30931;17573;11.1;6.3
12;2021-03-19;1378;267;32309;17840;11.6;6.4
12;2021-03-20;724;79;33033;17919;11.9;6.4
12;2021-03-21;262;6;33295;17925;12.0;6.4
12;2021-03-22;606;172;33901;18097;12.2;6.5
12;2021-03-23;1214;171;35115;18268;12.6;6.6
12;2021-03-24;1421;193;36536;18461;13.1;6.6
12;2021-03-25;1843;195;38379;18656;13.8;6.7
12;2021-03-26;1976;215;40355;18871;14.5;6.8
12;2021-03-27;978;63;41333;18934;14.8;6.8
12;2021-03-28;59;1;41392;18935;14.9;6.8
12;2021-03-29;960;76;42352;19011;15.2;6.8
12;2021-03-30;1734;111;44086;19122;15.8;6.9
12;2021-03-31;1458;91;45544;19213;16.4;6.9
12;2021-04-01;1957;142;47501;19355;17.1;7.0
12;2021-04-02;1614;333;49115;19688;17.6;7.1
12;2021-04-03;880;92;49995;19780;18.0;7.1
12;2021-04-04;1;0;49996;19780;18.0;7.1
12;2021-04-05;645;11;50641;19791;18.2;7.1
12;2021-04-06;1152;535;51793;20326;18.6;7.3
12;2021-04-07;1649;621;53442;20947;19.2;7.5
12;2021-04-08;2094;542;55536;21489;20.0;7.7
12;2021-04-09;2091;620;57627;22109;20.7;7.9
12;2021-04-10;1426;214;59053;22323;21.2;8.0
12;2021-04-11;120;1;59173;22324;21.3;8.0
12;2021-04-12;1836;498;61009;22822;21.9;8.2
12;2021-04-13;1904;769;62913;23591;22.6;8.5
12;2021-04-14;1830;1313;64743;24904;23.3;8.9
12;2021-04-15;1938;897;66681;25801;24.0;9.3
12;2021-04-16;1673;1189;68354;26990;24.6;9.7
12;2021-04-17;1554;561;69908;27551;25.1;9.9
12;2021-04-18;0;0;69908;27551;25.1;9.9
12;2021-04-19;1685;543;71593;28094;25.7;10.1
12;2021-04-20;1546;976;73139;29070;26.3;10.4
12;2021-04-21;1686;1179;74825;30249;26.9;10.9
12;2021-04-22;1688;1092;76513;31341;27.5;11.3
12;2021-04-23;1381;1321;77894;32662;28.0;11.7
12;2021-04-24;1450;717;79344;33379;28.5;12.0
12;2021-04-25;59;0;79403;33379;28.5;12.0
12;2021-04-26;1459;897;80862;34276;29.0;12.3
12;2021-04-27;1319;1276;82181;35552;29.5;12.8
12;2021-04-28;1113;1867;83294;37419;29.9;13.4
12;2021-04-29;1570;1909;84864;39328;30.5;14.1
12;2021-04-30;1812;1816;86676;41144;31.1;14.8
12;2021-05-01;1614;258;88290;41402;31.7;14.9
12;2021-05-02;0;0;88290;41402;31.7;14.9
12;2021-05-03;1713;1243;90003;42645;32.3;15.3
12;2021-05-04;1480;1390;91483;44035;32.9;15.8
12;2021-05-05;1290;1672;92773;45707;33.3;16.4
12;2021-05-06;1752;1376;94525;47083;34.0;16.9
12;2021-05-07;1477;1773;96002;48856;34.5;17.6
12;2021-05-08;1328;458;97330;49314;35.0;17.7
12;2021-05-09;13;34;97343;49348;35.0;17.7
12;2021-05-10;825;2213;98168;51561;35.3;18.5
12;2021-05-11;932;1851;99100;53412;35.6;19.2
12;2021-05-12;949;1820;100049;55232;35.9;19.8
12;2021-05-13;1587;809;101636;56041;36.5;20.1
12;2021-05-14;1235;1529;102871;57570;37.0;20.7
12;2021-05-15;1064;1112;103935;58682;37.3;21.1
12;2021-05-16;0;19;103935;58701;37.3;21.1
12;2021-05-17;1082;1811;105017;60512;37.7;21.7
12;2021-05-18;1424;1533;106441;62045;38.2;22.3
12;2021-05-19;1913;1326;108354;63371;38.9;22.8
12;2021-05-20;2110;872;110464;64243;39.7;23.1
12;2021-05-21;1820;1254;112284;65497;40.3;23.5
12;2021-05-22;1205;1013;113489;66510;40.8;23.9
12;2021-05-23;6;12;113495;66522;40.8;23.9
12;2021-05-24;1955;538;115450;67060;41.5;24.1
12;2021-05-25;1737;1163;117187;68223;42.1;24.5
12;2021-05-26;1996;778;119183;69001;42.8;24.8
12;2021-05-27;2158;739;121341;69740;43.6;25.1
12;2021-05-28;1928;1030;123269;70770;44.3;25.4
12;2021-05-29;1636;804;124905;71574;44.9;25.7
12;2021-05-30;9;43;124914;71617;44.9;25.7
12;2021-05-31;1699;814;126613;72431;45.5;26.0
12;2021-06-01;1885;1028;128498;73459;46.2;26.4
12;2021-06-02;1973;1043;130471;74502;46.9;26.8
12;2021-06-03;2118;830;132589;75332;47.6;27.1
12;2021-06-04;1959;1411;134548;76743;48.3;27.6
12;2021-06-05;1732;982;136280;77725;49.0;27.9
12;2021-06-06;5;6;136285;77731;49.0;27.9
12;2021-06-07;1084;1798;137369;79529;49.3;28.6
12;2021-06-08;1329;1201;138698;80730;49.8;29.0
12;2021-06-09;891;1287;139589;82017;50.1;29.5
12;2021-06-10;1010;917;140599;82934;50.5;29.8
12;2021-06-11;1185;2079;141784;85013;50.9;30.5
12;2021-06-12;1030;1317;142814;86330;51.3;31.0
12;2021-06-13;6;47;142820;86377;51.3;31.0
12;2021-06-14;658;1835;143478;88212;51.5;31.7
12;2021-06-15;743;1882;144221;90094;51.8;32.4
12;2021-06-16;817;1814;145038;91908;52.1;33.0
12;2021-06-17;670;989;145708;92897;52.3;33.4
12;2021-06-18;1130;1839;146838;94736;52.8;34.0
12;2021-06-19;912;1406;147750;96142;53.1;34.5
12;2021-06-20;2;10;147752;96152;53.1;34.5
12;2021-06-21;509;1743;148261;97895;53.3;35.2
12;2021-06-22;499;1481;148760;99376;53.4;35.7
12;2021-06-23;577;1307;149337;100683;53.6;36.2
12;2021-06-24;243;544;149580;101227;53.7;36.4
12;2021-06-25;861;1836;150441;103063;54.0;37.0
12;2021-06-26;670;1526;151111;104589;54.3;37.6
12;2021-06-27;0;9;151111;104598;54.3;37.6
12;2021-06-28;463;2452;151574;107050;54.5;38.5
12;2021-06-29;563;1959;152137;109009;54.7;39.2
12;2021-06-30;829;2129;152966;111138;55.0;39.9
12;2021-07-01;339;1082;153305;112220;55.1;40.3
12;2021-07-02;783;2622;154088;114842;55.4;41.3
12;2021-07-03;561;1869;154649;116711;55.6;41.9
12;2021-07-04;0;0;154649;116711;55.6;41.9
12;2021-07-05;434;2407;155083;119118;55.7;42.8
12;2021-07-06;638;2503;155721;121621;55.9;43.7
12;2021-07-07;682;2120;156403;123741;56.2;44.5
12;2021-07-08;291;913;156694;124654;56.3;44.8
12;2021-07-09;714;2593;157408;127247;56.5;45.7
12;2021-07-10;441;2076;157849;129323;56.7;46.5
12;2021-07-11;0;0;157849;129323;56.7;46.5
12;2021-07-12;577;2441;158426;131764;56.9;47.3
12;2021-07-13;831;2590;159257;134354;57.2;48.3
12;2021-07-14;43;25;159300;134379;57.2;48.3
12;2021-07-15;783;2106;160083;136485;57.5;49.0
13;2020-12-27;0;0;0;0;0.0;0.0
13;2020-12-28;0;0;0;0;0.0;0.0
13;2020-12-29;0;0;0;0;0.0;0.0
13;2020-12-30;0;0;0;0;0.0;0.0
13;2020-12-31;0;0;0;0;0.0;0.0
13;2021-01-01;3;0;3;0;0.0;0.0
13;2021-01-02;0;0;3;0;0.0;0.0
13;2021-01-03;0;0;3;0;0.0;0.0
13;2021-01-04;0;0;3;0;0.0;0.0
13;2021-01-05;75;0;78;0;0.0;0.0
13;2021-01-06;117;0;195;0;0.0;0.0
13;2021-01-07;173;1;368;1;0.0;0.0
13;2021-01-08;185;0;553;1;0.0;0.0
13;2021-01-09;10;0;563;1;0.0;0.0
13;2021-01-10;2;0;565;1;0.0;0.0
13;2021-01-11;479;2;1044;3;0.1;0.0
13;2021-01-12;812;1;1856;4;0.1;0.0
13;2021-01-13;1084;1;2940;5;0.1;0.0
13;2021-01-14;1562;19;4502;24;0.2;0.0
13;2021-01-15;1525;6;6027;30;0.3;0.0
13;2021-01-16;405;2;6432;32;0.3;0.0
13;2021-01-17;38;0;6470;32;0.3;0.0
13;2021-01-18;2367;9;8837;41;0.4;0.0
13;2021-01-19;7393;25;16230;66;0.8;0.0
13;2021-01-20;5539;16;21769;82;1.1;0.0
13;2021-01-21;5333;21;27102;103;1.3;0.0
13;2021-01-22;3980;14;31082;117;1.5;0.0
13;2021-01-23;1333;5;32415;122;1.6;0.0
13;2021-01-24;487;3;32902;125;1.6;0.0
13;2021-01-25;2322;23;35224;148;1.7;0.0
13;2021-01-26;2942;88;38166;236;1.9;0.0
13;2021-01-27;3109;118;41275;354;2.0;0.0
13;2021-01-28;3230;187;44505;541;2.2;0.0
13;2021-01-29;2503;121;47008;662;2.3;0.0
13;2021-01-30;1016;2;48024;664;2.4;0.0
13;2021-01-31;246;0;48270;664;2.4;0.0
13;2021-02-01;1850;298;50120;962;2.5;0.0
13;2021-02-02;2253;610;52373;1572;2.6;0.1
13;2021-02-03;1854;579;54227;2151;2.7;0.1
13;2021-02-04;1893;928;56120;3079;2.8;0.2
13;2021-02-05;2618;1560;58738;4639;2.9;0.2
13;2021-02-06;840;314;59578;4953;2.9;0.2
13;2021-02-07;274;6;59852;4959;2.9;0.2
13;2021-02-08;1892;1548;61744;6507;3.0;0.3
13;2021-02-09;3297;4448;65041;10955;3.2;0.5
13;2021-02-10;3198;3428;68239;14383;3.4;0.7
13;2021-02-11;3557;3578;71796;17961;3.5;0.9
13;2021-02-12;2823;3156;74619;21117;3.7;1.0
13;2021-02-13;728;596;75347;21713;3.7;1.1
13;2021-02-14;69;379;75416;22092;3.7;1.1
13;2021-02-15;962;2035;76378;24127;3.8;1.2
13;2021-02-16;1390;2646;77768;26773;3.8;1.3
13;2021-02-17;1339;3027;79107;29800;3.9;1.5
13;2021-02-18;1890;2718;80997;32518;4.0;1.6
13;2021-02-19;1512;2191;82509;34709;4.1;1.7
13;2021-02-20;455;788;82964;35497;4.1;1.7
13;2021-02-21;28;286;82992;35783;4.1;1.8
13;2021-02-22;1021;2271;84013;38054;4.1;1.9
13;2021-02-23;1280;2685;85293;40739;4.2;2.0
13;2021-02-24;1503;2625;86796;43364;4.3;2.1
13;2021-02-25;2378;2150;89174;45514;4.4;2.2
13;2021-02-26;2453;2108;91627;47622;4.5;2.3
13;2021-02-27;980;746;92607;48368;4.6;2.4
13;2021-02-28;192;203;92799;48571;4.6;2.4
13;2021-03-01;1907;1523;94706;50094;4.7;2.5
13;2021-03-02;2999;2602;97705;52696;4.8;2.6
13;2021-03-03;3467;2608;101172;55304;5.0;2.7
13;2021-03-04;4170;3147;105342;58451;5.2;2.9
13;2021-03-05;4043;2787;109385;61238;5.4;3.0
13;2021-03-06;5285;811;114670;62049;5.6;3.0
13;2021-03-07;4286;350;118956;62399;5.8;3.1
13;2021-03-08;3914;1981;122870;64380;6.0;3.2
13;2021-03-09;5053;2246;127923;66626;6.3;3.3
13;2021-03-10;5161;1942;133084;68568;6.5;3.4
13;2021-03-11;7284;2069;140368;70637;6.9;3.5
13;2021-03-12;8306;2028;148674;72665;7.3;3.6
13;2021-03-13;6364;682;155038;73347;7.6;3.6
13;2021-03-14;2308;126;157346;73473;7.7;3.6
13;2021-03-15;6342;1256;163688;74729;8.0;3.7
13;2021-03-16;5060;1484;168748;76213;8.3;3.7
13;2021-03-17;5165;1370;173913;77583;8.5;3.8
13;2021-03-18;5809;1837;179722;79420;8.8;3.9
13;2021-03-19;6788;1586;186510;81006;9.2;4.0
13;2021-03-20;4030;677;190540;81683;9.4;4.0
13;2021-03-21;711;80;191251;81763;9.4;4.0
13;2021-03-22;7281;1521;198532;83284;9.8;4.1
13;2021-03-23;9093;1701;207625;84985;10.2;4.2
13;2021-03-24;8833;2135;216458;87120;10.6;4.3
13;2021-03-25;10882;2048;227340;89168;11.2;4.4
13;2021-03-26;10695;1830;238035;90998;11.7;4.5
13;2021-03-27;4858;812;242893;91810;11.9;4.5
13;2021-03-28;1113;78;244006;91888;12.0;4.5
13;2021-03-29;7547;1951;251553;93839;12.4;4.6
13;2021-03-30;12581;2427;264134;96266;13.0;4.7
13;2021-03-31;10794;3057;274928;99323;13.5;4.9
13;2021-04-01;12237;2978;287165;102301;14.1;5.0
13;2021-04-02;9770;3819;296935;106120;14.6;5.2
13;2021-04-03;3998;2794;300933;108914;14.8;5.4
13;2021-04-04;624;304;301557;109218;14.8;5.4
13;2021-04-05;3509;704;305066;109922;15.0;5.4
13;2021-04-06;8492;4196;313558;114118;15.4;5.6
13;2021-04-07;10065;4619;323623;118737;15.9;5.8
13;2021-04-08;10085;5407;333708;124144;16.4;6.1
13;2021-04-09;11231;5062;344939;129206;17.0;6.4
13;2021-04-10;7285;2062;352224;131268;17.3;6.5
13;2021-04-11;1373;527;353597;131795;17.4;6.5
13;2021-04-12;7952;4745;361549;136540;17.8;6.7
13;2021-04-13;9124;5426;370673;141966;18.2;7.0
13;2021-04-14;9514;5755;380187;147721;18.7;7.3
13;2021-04-15;9856;5897;390043;153618;19.2;7.6
13;2021-04-16;9949;5512;399992;159130;19.7;7.8
13;2021-04-17;4068;2000;404060;161130;19.9;7.9
13;2021-04-18;2514;1416;406574;162546;20.0;8.0
13;2021-04-19;6436;6382;413010;168928;20.3;8.3
13;2021-04-20;7391;7576;420401;176504;20.7;8.7
13;2021-04-21;7754;7333;428155;183837;21.0;9.0
13;2021-04-22;8448;7874;436603;191711;21.5;9.4
13;2021-04-23;8339;6693;444942;198404;21.9;9.8
13;2021-04-24;4605;3807;449547;202211;22.1;9.9
13;2021-04-25;867;523;450414;202734;22.1;10.0
13;2021-04-26;6154;7097;456568;209831;22.4;10.3
13;2021-04-27;7242;8003;463810;217834;22.8;10.7
13;2021-04-28;9437;7664;473247;225498;23.3;11.1
13;2021-04-29;11388;7484;484635;232982;23.8;11.5
13;2021-04-30;10909;7277;495544;240259;24.4;11.8
13;2021-05-01;5370;3778;500914;244037;24.6;12.0
13;2021-05-02;2095;745;503009;244782;24.7;12.0
13;2021-05-03;7274;7835;510283;252617;25.1;12.4
13;2021-05-04;8419;8503;518702;261120;25.5;12.8
13;2021-05-05;8195;8940;526897;270060;25.9;13.3
13;2021-05-06;10122;8550;537019;278610;26.4;13.7
13;2021-05-07;8833;9999;545852;288609;26.8;14.2
13;2021-05-08;4562;3911;550414;292520;27.1;14.4
13;2021-05-09;934;684;551348;293204;27.1;14.4
13;2021-05-10;7698;8752;559046;301956;27.5;14.8
13;2021-05-11;10934;9550;569980;311506;28.0;15.3
13;2021-05-12;12824;8693;582804;320199;28.6;15.7
13;2021-05-13;9498;3618;592302;323817;29.1;15.9
13;2021-05-14;13647;6421;605949;330238;29.8;16.2
13;2021-05-15;10190;4519;616139;334757;30.3;16.5
13;2021-05-16;3119;787;619258;335544;30.4;16.5
13;2021-05-17;10834;6797;630092;342341;31.0;16.8
13;2021-05-18;11892;6438;641984;348779;31.6;17.1
13;2021-05-19;12138;6316;654122;355095;32.2;17.5
13;2021-05-20;13412;6413;667534;361508;32.8;17.8
13;2021-05-21;12964;6759;680498;368267;33.4;18.1
13;2021-05-22;7507;3630;688005;371897;33.8;18.3
13;2021-05-23;861;636;688866;372533;33.9;18.3
13;2021-05-24;6757;2469;695623;375002;34.2;18.4
13;2021-05-25;9255;7584;704878;382586;34.6;18.8
13;2021-05-26;10114;7827;714992;390413;35.1;19.2
13;2021-05-27;10336;8395;725328;398808;35.7;19.6
13;2021-05-28;8964;9148;734292;407956;36.1;20.1
13;2021-05-29;7168;4623;741460;412579;36.4;20.3
13;2021-05-30;887;527;742347;413106;36.5;20.3
13;2021-05-31;8175;7977;750522;421083;36.9;20.7
13;2021-06-01;9287;9256;759809;430339;37.3;21.2
13;2021-06-02;9598;8753;769407;439092;37.8;21.6
13;2021-06-03;12190;9456;781597;448548;38.4;22.0
13;2021-06-04;11966;10015;793563;458563;39.0;22.5
13;2021-06-05;7679;5558;801242;464121;39.4;22.8
13;2021-06-06;1660;882;802902;465003;39.5;22.9
13;2021-06-07;6627;9873;809529;474876;39.8;23.3
13;2021-06-08;8226;9967;817755;484843;40.2;23.8
13;2021-06-09;8280;9700;826035;494543;40.6;24.3
13;2021-06-10;8782;9723;834817;504266;41.0;24.8
13;2021-06-11;8167;12688;842984;516954;41.4;25.4
13;2021-06-12;5722;6684;848706;523638;41.7;25.7
13;2021-06-13;938;1212;849644;524850;41.8;25.8
13;2021-06-14;5931;11145;855575;535995;42.1;26.3
13;2021-06-15;7156;11388;862731;547383;42.4;26.9
13;2021-06-16;7211;9878;869942;557261;42.8;27.4
13;2021-06-17;7291;10683;877233;567944;43.1;27.9
13;2021-06-18;7365;11051;884598;578995;43.5;28.5
13;2021-06-19;4545;7464;889143;586459;43.7;28.8
13;2021-06-20;933;1041;890076;587500;43.7;28.9
13;2021-06-21;4396;12266;894472;599766;44.0;29.5
13;2021-06-22;4845;13871;899317;613637;44.2;30.2
13;2021-06-23;5017;13550;904334;627187;44.5;30.8
13;2021-06-24;5228;12825;909562;640012;44.7;31.5
13;2021-06-25;5051;14675;914613;654687;45.0;32.2
13;2021-06-26;2978;9662;917591;664349;45.1;32.7
13;2021-06-27;530;928;918121;665277;45.1;32.7
13;2021-06-28;3605;12540;921726;677817;45.3;33.3
13;2021-06-29;4305;12875;926031;690692;45.5;33.9
13;2021-06-30;4731;12675;930762;703367;45.7;34.6
13;2021-07-01;5270;11428;936032;714795;46.0;35.1
13;2021-07-02;5379;12351;941411;727146;46.3;35.7
13;2021-07-03;3448;9131;944859;736277;46.4;36.2
13;2021-07-04;466;868;945325;737145;46.5;36.2
13;2021-07-05;3648;11756;948973;748901;46.6;36.8
13;2021-07-06;5365;11644;954338;760545;46.9;37.4
13;2021-07-07;5520;10638;959858;771183;47.2;37.9
13;2021-07-08;6107;10229;965965;781412;47.5;38.4
13;2021-07-09;5813;11856;971778;793268;47.8;39.0
13;2021-07-10;3119;8597;974897;801865;47.9;39.4
13;2021-07-11;421;1007;975318;802872;47.9;39.5
13;2021-07-12;4402;10924;979720;813796;48.2;40.0
13;2021-07-13;8792;12990;988512;826786;48.6;40.6
13;2021-07-14;5555;4783;994067;831569;48.9;40.9
13;2021-07-15;11016;12683;1005083;844252;49.4;41.5
14;2020-12-27;0;0;0;0;0.0;0.0
14;2020-12-28;1;0;1;0;0.0;0.0
14;2020-12-29;0;0;1;0;0.0;0.0
14;2020-12-30;0;0;1;0;0.0;0.0
14;2020-12-31;1;0;2;0;0.0;0.0
14;2021-01-01;0;0;2;0;0.0;0.0
14;2021-01-02;1;0;3;0;0.0;0.0
14;2021-01-03;0;0;3;0;0.0;0.0
14;2021-01-04;0;0;3;0;0.0;0.0
14;2021-01-05;13;0;16;0;0.0;0.0
14;2021-01-06;348;0;364;0;0.1;0.0
14;2021-01-07;396;1;760;1;0.1;0.0
14;2021-01-08;613;2;1373;3;0.2;0.0
14;2021-01-09;125;0;1498;3;0.2;0.0
14;2021-01-10;41;0;1539;3;0.2;0.0
14;2021-01-11;661;0;2200;3;0.3;0.0
14;2021-01-12;934;0;3134;3;0.5;0.0
14;2021-01-13;846;1;3980;4;0.6;0.0
14;2021-01-14;2797;17;6777;21;1.0;0.0
14;2021-01-15;1876;13;8653;34;1.3;0.0
14;2021-01-16;268;2;8921;36;1.3;0.0
14;2021-01-17;145;4;9066;40;1.3;0.0
14;2021-01-18;1084;1;10150;41;1.5;0.0
14;2021-01-19;1148;1;11298;42;1.6;0.0
14;2021-01-20;1988;4;13286;46;1.9;0.0
14;2021-01-21;1811;5;15097;51;2.2;0.0
14;2021-01-22;1486;2;16583;53;2.4;0.0
14;2021-01-23;297;1;16880;54;2.4;0.0
14;2021-01-24;71;0;16951;54;2.5;0.0
14;2021-01-25;909;10;17860;64;2.6;0.0
14;2021-01-26;846;36;18706;100;2.7;0.0
14;2021-01-27;878;158;19584;258;2.8;0.0
14;2021-01-28;779;143;20363;401;2.9;0.1
14;2021-01-29;780;231;21143;632;3.1;0.1
14;2021-01-30;269;12;21412;644;3.1;0.1
14;2021-01-31;58;3;21470;647;3.1;0.1
14;2021-02-01;724;230;22194;877;3.2;0.1
14;2021-02-02;821;423;23015;1300;3.3;0.2
14;2021-02-03;745;389;23760;1689;3.4;0.2
14;2021-02-04;1167;2060;24927;3749;3.6;0.5
14;2021-02-05;1293;1314;26220;5063;3.8;0.7
14;2021-02-06;394;240;26614;5303;3.8;0.8
14;2021-02-07;178;73;26792;5376;3.9;0.8
14;2021-02-08;774;823;27566;6199;4.0;0.9
14;2021-02-09;720;1008;28286;7207;4.1;1.0
14;2021-02-10;824;1611;29110;8818;4.2;1.3
14;2021-02-11;1348;1431;30458;10249;4.4;1.5
14;2021-02-12;1379;1081;31837;11330;4.6;1.6
14;2021-02-13;307;185;32144;11515;4.6;1.7
14;2021-02-14;83;68;32227;11583;4.7;1.7
14;2021-02-15;443;1086;32670;12669;4.7;1.8
14;2021-02-16;674;980;33344;13649;4.8;2.0
14;2021-02-17;405;981;33749;14630;4.9;2.1
14;2021-02-18;702;874;34451;15504;5.0;2.2
14;2021-02-19;733;776;35184;16280;5.1;2.4
14;2021-02-20;89;271;35273;16551;5.1;2.4
14;2021-02-21;6;90;35279;16641;5.1;2.4
14;2021-02-22;432;1049;35711;17690;5.2;2.6
14;2021-02-23;485;915;36196;18605;5.2;2.7
14;2021-02-24;439;896;36635;19501;5.3;2.8
14;2021-02-25;1222;1172;37857;20673;5.5;3.0
14;2021-02-26;1576;1159;39433;21832;5.7;3.2
14;2021-02-27;505;269;39938;22101;5.8;3.2
14;2021-02-28;27;42;39965;22143;5.8;3.2
14;2021-03-01;519;923;40484;23066;5.9;3.3
14;2021-03-02;967;803;41451;23869;6.0;3.5
14;2021-03-03;1074;826;42525;24695;6.2;3.6
14;2021-03-04;1949;774;44474;25469;6.4;3.7
14;2021-03-05;2429;865;46903;26334;6.8;3.8
14;2021-03-06;3073;193;49976;26527;7.2;3.8
14;2021-03-07;1193;55;51169;26582;7.4;3.8
14;2021-03-08;1250;807;52419;27389;7.6;4.0
14;2021-03-09;1741;691;54160;28080;7.8;4.1
14;2021-03-10;1827;578;55987;28658;8.1;4.1
14;2021-03-11;2746;460;58733;29118;8.5;4.2
14;2021-03-12;4041;541;62774;29659;9.1;4.3
14;2021-03-13;1849;165;64623;29824;9.3;4.3
14;2021-03-14;30;38;64653;29862;9.4;4.3
14;2021-03-15;2005;132;66658;29994;9.6;4.3
14;2021-03-16;1398;275;68056;30269;9.8;4.4
14;2021-03-17;1153;192;69209;30461;10.0;4.4
14;2021-03-18;1479;301;70688;30762;10.2;4.4
14;2021-03-19;2596;258;73284;31020;10.6;4.5
14;2021-03-20;2654;27;75938;31047;11.0;4.5
14;2021-03-21;453;8;76391;31055;11.0;4.5
14;2021-03-22;1866;353;78257;31408;11.3;4.5
14;2021-03-23;2169;318;80426;31726;11.6;4.6
14;2021-03-24;2426;179;82852;31905;12.0;4.6
14;2021-03-25;3286;307;86138;32212;12.5;4.7
14;2021-03-26;4601;453;90739;32665;13.1;4.7
14;2021-03-27;2229;219;92968;32884;13.4;4.8
14;2021-03-28;35;1;93003;32885;13.5;4.8
14;2021-03-29;1604;476;94607;33361;13.7;4.8
14;2021-03-30;2713;506;97320;33867;14.1;4.9
14;2021-03-31;2313;901;99633;34768;14.4;5.0
14;2021-04-01;4171;1644;103804;36412;15.0;5.3
14;2021-04-02;3862;1247;107666;37659;15.6;5.4
14;2021-04-03;1129;1199;108795;38858;15.7;5.6
14;2021-04-04;25;484;108820;39342;15.7;5.7
14;2021-04-05;1214;320;110034;39662;15.9;5.7
14;2021-04-06;2383;981;112417;40643;16.3;5.9
14;2021-04-07;2717;1016;115134;41659;16.7;6.0
14;2021-04-08;4296;1080;119430;42739;17.3;6.2
14;2021-04-09;6029;1144;125459;43883;18.1;6.3
14;2021-04-10;2892;427;128351;44310;18.6;6.4
14;2021-04-11;626;118;128977;44428;18.7;6.4
14;2021-04-12;2911;1572;131888;46000;19.1;6.7
14;2021-04-13;3468;1423;135356;47423;19.6;6.9
14;2021-04-14;3106;1152;138462;48575;20.0;7.0
14;2021-04-15;4391;1500;142853;50075;20.7;7.2
14;2021-04-16;4599;1542;147452;51617;21.3;7.5
14;2021-04-17;2314;1650;149766;53267;21.7;7.7
14;2021-04-18;537;324;150303;53591;21.7;7.8
14;2021-04-19;2755;1698;153058;55289;22.1;8.0
14;2021-04-20;3382;1822;156440;57111;22.6;8.3
14;2021-04-21;3001;1460;159441;58571;23.1;8.5
14;2021-04-22;4220;2063;163661;60634;23.7;8.8
14;2021-04-23;4624;2262;168285;62896;24.3;9.1
14;2021-04-24;1850;1745;170135;64641;24.6;9.3
14;2021-04-25;456;26;170591;64667;24.7;9.4
14;2021-04-26;3370;1566;173961;66233;25.2;9.6
14;2021-04-27;3499;2561;177460;68794;25.7;9.9
14;2021-04-28;3234;1889;180694;70683;26.1;10.2
14;2021-04-29;4539;2290;185233;72973;26.8;10.6
14;2021-04-30;5118;2629;190351;75602;27.5;10.9
14;2021-05-01;3551;187;193902;75789;28.0;11.0
14;2021-05-02;1236;54;195138;75843;28.2;11.0
14;2021-05-03;2479;2759;197617;78602;28.6;11.4
14;2021-05-04;3124;2895;200741;81497;29.0;11.8
14;2021-05-05;3680;2753;204421;84250;29.6;12.2
14;2021-05-06;4931;3469;209352;87719;30.3;12.7
14;2021-05-07;4863;3842;214215;91561;31.0;13.2
14;2021-05-08;2723;1258;216938;92819;31.4;13.4
14;2021-05-09;1913;657;218851;93476;31.7;13.5
14;2021-05-10;3627;3146;222478;96622;32.2;14.0
14;2021-05-11;4343;3591;226821;100213;32.8;14.5
14;2021-05-12;4046;3203;230867;103416;33.4;15.0
14;2021-05-13;4688;1126;235555;104542;34.1;15.1
14;2021-05-14;6669;2621;242224;107163;35.0;15.5
14;2021-05-15;5136;759;247360;107922;35.8;15.6
14;2021-05-16;2317;119;249677;108041;36.1;15.6
14;2021-05-17;2818;2262;252495;110303;36.5;16.0
14;2021-05-18;4082;2236;256577;112539;37.1;16.3
14;2021-05-19;3747;2018;260324;114557;37.6;16.6
14;2021-05-20;4472;2754;264796;117311;38.3;17.0
14;2021-05-21;4264;3521;269060;120832;38.9;17.5
14;2021-05-22;1668;864;270728;121696;39.2;17.6
14;2021-05-23;646;71;271374;121767;39.2;17.6
14;2021-05-24;2844;748;274218;122515;39.7;17.7
14;2021-05-25;3623;3391;277841;125906;40.2;18.2
14;2021-05-26;3431;2402;281272;128308;40.7;18.6
14;2021-05-27;4757;3232;286029;131540;41.4;19.0
14;2021-05-28;5077;3888;291106;135428;42.1;19.6
14;2021-05-29;2338;2455;293444;137883;42.4;19.9
14;2021-05-30;757;239;294201;138122;42.5;20.0
14;2021-05-31;4089;2964;298290;141086;43.1;20.4
14;2021-06-01;5735;3214;304025;144300;44.0;20.9
14;2021-06-02;5026;2847;309051;147147;44.7;21.3
14;2021-06-03;6644;4010;315695;151157;45.7;21.9
14;2021-06-04;6429;5136;322124;156293;46.6;22.6
14;2021-06-05;4318;1858;326442;158151;47.2;22.9
14;2021-06-06;2029;81;328471;158232;47.5;22.9
14;2021-06-07;4224;3448;332695;161680;48.1;23.4
14;2021-06-08;5204;3121;337899;164801;48.9;23.8
14;2021-06-09;4254;2960;342153;167761;49.5;24.3
14;2021-06-10;5022;2962;347175;170723;50.2;24.7
14;2021-06-11;4819;4876;351994;175599;50.9;25.4
14;2021-06-12;3672;4496;355666;180095;51.4;26.0
14;2021-06-13;845;1092;356511;181187;51.6;26.2
14;2021-06-14;2164;3792;358675;184979;51.9;26.8
14;2021-06-15;3294;3968;361969;188947;52.3;27.3
14;2021-06-16;3424;4552;365393;193499;52.8;28.0
14;2021-06-17;4219;5259;369612;198758;53.5;28.7
14;2021-06-18;3711;6136;373323;204894;54.0;29.6
14;2021-06-19;2579;2957;375902;207851;54.4;30.1
14;2021-06-20;567;1568;376469;209419;54.4;30.3
14;2021-06-21;2096;4364;378565;213783;54.7;30.9
14;2021-06-22;2559;5188;381124;218971;55.1;31.7
14;2021-06-23;2489;4344;383613;223315;55.5;32.3
14;2021-06-24;3424;5807;387037;229122;56.0;33.1
14;2021-06-25;2708;7283;389745;236405;56.4;34.2
14;2021-06-26;2162;4543;391907;240948;56.7;34.8
14;2021-06-27;432;1833;392339;242781;56.7;35.1
14;2021-06-28;1282;3973;393621;246754;56.9;35.7
14;2021-06-29;1768;5368;395389;252122;57.2;36.5
14;2021-06-30;1953;4623;397342;256745;57.5;37.1
14;2021-07-01;2890;5067;400232;261812;57.9;37.9
14;2021-07-02;2558;6667;402790;268479;58.3;38.8
14;2021-07-03;1420;2649;404210;271128;58.5;39.2
14;2021-07-04;417;716;404627;271844;58.5;39.3
14;2021-07-05;1182;4786;405809;276630;58.7;40.0
14;2021-07-06;2061;6004;407870;282634;59.0;40.9
14;2021-07-07;2234;4580;410104;287214;59.3;41.5
14;2021-07-08;2874;5514;412978;292728;59.7;42.3
14;2021-07-09;2736;6443;415714;299171;60.1;43.3
14;2021-07-10;2017;3196;417731;302367;60.4;43.7
14;2021-07-11;895;873;418626;303240;60.5;43.9
14;2021-07-12;1613;5909;420239;309149;60.8;44.7
14;2021-07-13;3049;7335;423288;316484;61.2;45.8
14;2021-07-14;2222;3041;425510;319525;61.5;46.2
14;2021-07-15;4118;7645;429628;327170;62.1;47.3
15;2020-12-27;0;0;0;0;0.0;0.0
15;2020-12-28;0;0;0;0;0.0;0.0
15;2020-12-29;0;0;0;0;0.0;0.0
15;2020-12-30;0;0;0;0;0.0;0.0
15;2020-12-31;0;0;0;0;0.0;0.0
15;2021-01-01;1;0;1;0;0.0;0.0
15;2021-01-02;0;0;1;0;0.0;0.0
15;2021-01-03;0;0;1;0;0.0;0.0
15;2021-01-04;0;0;1;0;0.0;0.0
15;2021-01-05;0;0;1;0;0.0;0.0
15;2021-01-06;0;0;1;0;0.0;0.0
15;2021-01-07;71;0;72;0;0.1;0.0
15;2021-01-08;106;0;178;0;0.1;0.0
15;2021-01-09;0;0;178;0;0.1;0.0
15;2021-01-10;1;0;179;0;0.1;0.0
15;2021-01-11;97;0;276;0;0.2;0.0
15;2021-01-12;92;0;368;0;0.3;0.0
15;2021-01-13;230;0;598;0;0.4;0.0
15;2021-01-14;297;1;895;1;0.6;0.0
15;2021-01-15;138;0;1033;1;0.7;0.0
15;2021-01-16;90;0;1123;1;0.8;0.0
15;2021-01-17;0;0;1123;1;0.8;0.0
15;2021-01-18;404;2;1527;3;1.1;0.0
15;2021-01-19;550;0;2077;3;1.5;0.0
15;2021-01-20;631;0;2708;3;1.9;0.0
15;2021-01-21;575;3;3283;6;2.3;0.0
15;2021-01-22;502;2;3785;8;2.7;0.0
15;2021-01-23;432;1;4217;9;3.0;0.0
15;2021-01-24;6;0;4223;9;3.0;0.0
15;2021-01-25;396;0;4619;9;3.2;0.0
15;2021-01-26;436;0;5055;9;3.5;0.0
15;2021-01-27;723;0;5778;9;4.0;0.0
15;2021-01-28;625;51;6403;60;4.5;0.0
15;2021-01-29;328;82;6731;142;4.7;0.1
15;2021-01-30;218;3;6949;145;4.9;0.1
15;2021-01-31;0;0;6949;145;4.9;0.1
15;2021-02-01;238;89;7187;234;5.0;0.2
15;2021-02-02;189;90;7376;324;5.2;0.2
15;2021-02-03;266;158;7642;482;5.4;0.3
15;2021-02-04;663;205;8305;687;5.8;0.5
15;2021-02-05;296;255;8601;942;6.0;0.7
15;2021-02-06;98;76;8699;1018;6.1;0.7
15;2021-02-07;0;0;8699;1018;6.1;0.7
15;2021-02-08;233;107;8932;1125;6.3;0.8
15;2021-02-09;205;118;9137;1243;6.4;0.9
15;2021-02-10;338;297;9475;1540;6.6;1.1
15;2021-02-11;114;240;9589;1780;6.7;1.2
15;2021-02-12;136;157;9725;1937;6.8;1.4
15;2021-02-13;92;78;9817;2015;6.9;1.4
15;2021-02-14;0;0;9817;2015;6.9;1.4
15;2021-02-15;63;216;9880;2231;6.9;1.6
15;2021-02-16;52;294;9932;2525;7.0;1.8
15;2021-02-17;143;470;10075;2995;7.1;2.1
15;2021-02-18;87;748;10162;3743;7.1;2.6
15;2021-02-19;90;432;10252;4175;7.2;2.9
15;2021-02-20;21;260;10273;4435;7.2;3.1
15;2021-02-21;0;0;10273;4435;7.2;3.1
15;2021-02-22;23;497;10296;4932;7.2;3.5
15;2021-02-23;180;457;10476;5389;7.3;3.8
15;2021-02-24;31;462;10507;5851;7.4;4.1
15;2021-02-25;228;1002;10735;6853;7.5;4.8
15;2021-02-26;185;473;10920;7326;7.6;5.1
15;2021-02-27;146;88;11066;7414;7.7;5.2
15;2021-02-28;1;0;11067;7414;7.7;5.2
15;2021-03-01;121;223;11188;7637;7.8;5.3
15;2021-03-02;248;305;11436;7942;8.0;5.6
15;2021-03-03;207;29;11643;7971;8.2;5.6
15;2021-03-04;244;246;11887;8217;8.3;5.8
15;2021-03-05;347;169;12234;8386;8.6;5.9
15;2021-03-06;680;7;12914;8393;9.0;5.9
15;2021-03-07;80;0;12994;8393;9.1;5.9
15;2021-03-08;93;106;13087;8499;9.2;6.0
15;2021-03-09;279;284;13366;8783;9.4;6.2
15;2021-03-10;415;161;13781;8944;9.6;6.3
15;2021-03-11;434;295;14215;9239;10.0;6.5
15;2021-03-12;523;93;14738;9332;10.3;6.5
15;2021-03-13;354;4;15092;9336;10.6;6.5
15;2021-03-14;18;0;15110;9336;10.6;6.5
15;2021-03-15;542;60;15652;9396;11.0;6.6
15;2021-03-16;327;20;15979;9416;11.2;6.6
15;2021-03-17;130;53;16109;9469;11.3;6.6
15;2021-03-18;250;94;16359;9563;11.5;6.7
15;2021-03-19;668;30;17027;9593;11.9;6.7
15;2021-03-20;148;36;17175;9629;12.0;6.7
15;2021-03-21;6;0;17181;9629;12.0;6.7
15;2021-03-22;573;74;17754;9703;12.4;6.8
15;2021-03-23;775;91;18529;9794;13.0;6.9
15;2021-03-24;935;30;19464;9824;13.6;6.9
15;2021-03-25;1279;22;20743;9846;14.5;6.9
15;2021-03-26;1009;46;21752;9892;15.2;6.9
15;2021-03-27;301;3;22053;9895;15.4;6.9
15;2021-03-28;20;0;22073;9895;15.5;6.9
15;2021-03-29;780;14;22853;9909;16.0;6.9
15;2021-03-30;1133;195;23986;10104;16.8;7.1
15;2021-03-31;937;18;24923;10122;17.5;7.1
15;2021-04-01;1233;51;26156;10173;18.3;7.1
15;2021-04-02;1141;53;27297;10226;19.1;7.2
15;2021-04-03;120;18;27417;10244;19.2;7.2
15;2021-04-04;0;0;27417;10244;19.2;7.2
15;2021-04-05;33;1;27450;10245;19.2;7.2
15;2021-04-06;834;78;28284;10323;19.8;7.2
15;2021-04-07;662;100;28946;10423;20.3;7.3
15;2021-04-08;1247;126;30193;10549;21.1;7.4
15;2021-04-09;1275;96;31468;10645;22.0;7.5
15;2021-04-10;364;19;31832;10664;22.3;7.5
15;2021-04-11;13;0;31845;10664;22.3;7.5
15;2021-04-12;644;459;32489;11123;22.7;7.8
15;2021-04-13;1124;320;33613;11443;23.5;8.0
15;2021-04-14;1038;187;34651;11630;24.3;8.1
15;2021-04-15;1182;304;35833;11934;25.1;8.4
15;2021-04-16;1038;555;36871;12489;25.8;8.7
15;2021-04-17;442;10;37313;12499;26.1;8.8
15;2021-04-18;0;10;37313;12509;26.1;8.8
15;2021-04-19;540;514;37853;13023;26.5;9.1
15;2021-04-20;847;612;38700;13635;27.1;9.5
15;2021-04-21;592;647;39292;14282;27.5;10.0
15;2021-04-22;726;767;40018;15049;28.0;10.5
15;2021-04-23;731;673;40749;15722;28.5;11.0
15;2021-04-24;363;123;41112;15845;28.8;11.1
15;2021-04-25;1;3;41113;15848;28.8;11.1
15;2021-04-26;324;631;41437;16479;29.0;11.5
15;2021-04-27;469;930;41906;17409;29.3;12.2
15;2021-04-28;375;787;42281;18196;29.6;12.7
15;2021-04-29;584;1006;42865;19202;30.0;13.4
15;2021-04-30;547;1078;43412;20280;30.4;14.2
15;2021-05-01;283;30;43695;20310;30.6;14.2
15;2021-05-02;0;0;43695;20310;30.6;14.2
15;2021-05-03;881;327;44576;20637;31.2;14.5
15;2021-05-04;802;853;45378;21490;31.8;15.0
15;2021-05-05;676;670;46054;22160;32.2;15.5
15;2021-05-06;826;965;46880;23125;32.8;16.2
15;2021-05-07;1150;905;48030;24030;33.6;16.8
15;2021-05-08;491;54;48521;24084;34.0;16.9
15;2021-05-09;23;9;48544;24093;34.0;16.9
15;2021-05-10;705;911;49249;25004;34.5;17.5
15;2021-05-11;1187;1185;50436;26189;35.3;18.3
15;2021-05-12;1147;832;51583;27021;36.1;18.9
15;2021-05-13;1165;437;52748;27458;36.9;19.2
15;2021-05-14;1504;581;54252;28039;38.0;19.6
15;2021-05-15;1410;417;55662;28456;39.0;19.9
15;2021-05-16;1;10;55663;28466;39.0;19.9
15;2021-05-17;1000;606;56663;29072;39.7;20.4
15;2021-05-18;1221;966;57884;30038;40.5;21.0
15;2021-05-19;1020;458;58904;30496;41.2;21.4
15;2021-05-20;1239;775;60143;31271;42.1;21.9
15;2021-05-21;1348;748;61491;32019;43.1;22.4
15;2021-05-22;526;187;62017;32206;43.4;22.6
15;2021-05-23;0;11;62017;32217;43.4;22.6
15;2021-05-24;691;257;62708;32474;43.9;22.7
15;2021-05-25;1151;621;63859;33095;44.7;23.2
15;2021-05-26;1095;458;64954;33553;45.5;23.5
15;2021-05-27;1269;661;66223;34214;46.4;24.0
15;2021-05-28;1509;885;67732;35099;47.4;24.6
15;2021-05-29;984;361;68716;35460;48.1;24.8
15;2021-05-30;14;25;68730;35485;48.1;24.8
15;2021-05-31;1201;477;69931;35962;49.0;25.2
15;2021-06-01;1399;571;71330;36533;49.9;25.6
15;2021-06-02;864;417;72194;36950;50.6;25.9
15;2021-06-03;930;709;73124;37659;51.2;26.4
15;2021-06-04;1076;718;74200;38377;52.0;26.9
15;2021-06-05;651;264;74851;38641;52.4;27.1
15;2021-06-06;16;20;74867;38661;52.4;27.1
15;2021-06-07;777;350;75644;39011;53.0;27.3
15;2021-06-08;469;396;76113;39407;53.3;27.6
15;2021-06-09;376;374;76489;39781;53.6;27.9
15;2021-06-10;267;425;76756;40206;53.7;28.2
15;2021-06-11;655;1098;77411;41304;54.2;28.9
15;2021-06-12;377;467;77788;41771;54.5;29.2
15;2021-06-13;12;6;77800;41777;54.5;29.3
15;2021-06-14;541;977;78341;42754;54.9;29.9
15;2021-06-15;450;1162;78791;43916;55.2;30.8
15;2021-06-16;535;897;79326;44813;55.5;31.4
15;2021-06-17;287;933;79613;45746;55.7;32.0
15;2021-06-18;739;1206;80352;46952;56.3;32.9
15;2021-06-19;541;707;80893;47659;56.6;33.4
15;2021-06-20;10;1;80903;47660;56.7;33.4
15;2021-06-21;277;1038;81180;48698;56.8;34.1
15;2021-06-22;224;1480;81404;50178;57.0;35.1
15;2021-06-23;337;1444;81741;51622;57.2;36.1
15;2021-06-24;290;1096;82031;52718;57.4;36.9
15;2021-06-25;376;1645;82407;54363;57.7;38.1
15;2021-06-26;164;911;82571;55274;57.8;38.7
15;2021-06-27;0;0;82571;55274;57.8;38.7
15;2021-06-28;174;1228;82745;56502;57.9;39.6
15;2021-06-29;298;1264;83043;57766;58.1;40.4
15;2021-06-30;265;984;83308;58750;58.3;41.1
15;2021-07-01;376;1226;83684;59976;58.6;42.0
15;2021-07-02;405;1354;84089;61330;58.9;42.9
15;2021-07-03;250;710;84339;62040;59.1;43.4
15;2021-07-04;0;1;84339;62041;59.1;43.4
15;2021-07-05;246;1261;84585;63302;59.2;44.3
15;2021-07-06;269;1471;84854;64773;59.4;45.4
15;2021-07-07;250;1344;85104;66117;59.6;46.3
15;2021-07-08;485;1347;85589;67464;59.9;47.2
15;2021-07-09;473;1787;86062;69251;60.3;48.5
15;2021-07-10;204;866;86266;70117;60.4;49.1
15;2021-07-11;7;5;86273;70122;60.4;49.1
15;2021-07-12;268;1483;86541;71605;60.6;50.1
15;2021-07-13;575;1761;87116;73366;61.0;51.4
15;2021-07-14;8;130;87124;73496;61.0;51.5
15;2021-07-15;1108;725;88232;74221;61.8;52.0
16;2020-12-27;0;0;0;0;0.0;0.0
16;2020-12-28;0;0;0;0;0.0;0.0
16;2020-12-29;0;0;0;0;0.0;0.0
16;2020-12-30;0;0;0;0;0.0;0.0
16;2020-12-31;0;0;0;0;0.0;0.0
16;2021-01-01;0;0;0;0;0.0;0.0
16;2021-01-02;0;0;0;0;0.0;0.0
16;2021-01-03;0;0;0;0;0.0;0.0
16;2021-01-04;1;0;1;0;0.0;0.0
16;2021-01-05;1;0;2;0;0.0;0.0
16;2021-01-06;88;0;90;0;0.0;0.0
16;2021-01-07;238;0;328;0;0.1;0.0
16;2021-01-08;464;1;792;1;0.2;0.0
16;2021-01-09;1;0;793;1;0.2;0.0
16;2021-01-10;1;0;794;1;0.2;0.0
16;2021-01-11;303;0;1097;1;0.3;0.0
16;2021-01-12;436;1;1533;2;0.4;0.0
16;2021-01-13;479;0;2012;2;0.6;0.0
16;2021-01-14;596;6;2608;8;0.7;0.0
16;2021-01-15;504;3;3112;11;0.9;0.0
16;2021-01-16;0;0;3112;11;0.9;0.0
16;2021-01-17;0;0;3112;11;0.9;0.0
16;2021-01-18;429;5;3541;16;1.0;0.0
16;2021-01-19;829;2;4370;18;1.3;0.0
16;2021-01-20;1181;2;5551;20;1.6;0.0
16;2021-01-21;1347;2;6898;22;2.0;0.0
16;2021-01-22;1107;0;8005;22;2.3;0.0
16;2021-01-23;183;0;8188;22;2.4;0.0
16;2021-01-24;0;0;8188;22;2.4;0.0
16;2021-01-25;641;2;8829;24;2.5;0.0
16;2021-01-26;1024;0;9853;24;2.8;0.0
16;2021-01-27;1400;104;11253;128;3.2;0.0
16;2021-01-28;1252;61;12505;189;3.6;0.1
16;2021-01-29;742;139;13247;328;3.8;0.1
16;2021-01-30;36;0;13283;328;3.8;0.1
16;2021-01-31;0;0;13283;328;3.8;0.1
16;2021-02-01;395;206;13678;534;3.9;0.2
16;2021-02-02;575;174;14253;708;4.1;0.2
16;2021-02-03;619;352;14872;1060;4.3;0.3
16;2021-02-04;463;271;15335;1331;4.4;0.4
16;2021-02-05;504;277;15839;1608;4.5;0.5
16;2021-02-06;1;82;15840;1690;4.5;0.5
16;2021-02-07;41;1;15881;1691;4.6;0.5
16;2021-02-08;355;220;16236;1911;4.7;0.5
16;2021-02-09;649;293;16885;2204;4.8;0.6
16;2021-02-10;692;679;17577;2883;5.0;0.8
16;2021-02-11;796;611;18373;3494;5.3;1.0
16;2021-02-12;622;834;18995;4328;5.5;1.2
16;2021-02-13;42;78;19037;4406;5.5;1.3
16;2021-02-14;0;7;19037;4413;5.5;1.3
16;2021-02-15;217;670;19254;5083;5.5;1.5
16;2021-02-16;374;959;19628;6042;5.6;1.7
16;2021-02-17;351;1313;19979;7355;5.7;2.1
16;2021-02-18;510;1257;20489;8612;5.9;2.5
16;2021-02-19;388;803;20877;9415;6.0;2.7
16;2021-02-20;1;8;20878;9423;6.0;2.7
16;2021-02-21;0;0;20878;9423;6.0;2.7
16;2021-02-22;135;549;21013;9972;6.0;2.9
16;2021-02-23;206;929;21219;10901;6.1;3.1
16;2021-02-24;272;902;21491;11803;6.2;3.4
16;2021-02-25;395;690;21886;12493;6.3;3.6
16;2021-02-26;478;501;22364;12994;6.4;3.7
16;2021-02-27;250;1;22614;12995;6.5;3.7
16;2021-02-28;5;5;22619;13000;6.5;3.7
16;2021-03-01;152;327;22771;13327;6.5;3.8
16;2021-03-02;270;672;23041;13999;6.6;4.0
16;2021-03-03;391;728;23432;14727;6.7;4.2
16;2021-03-04;805;569;24237;15296;7.0;4.4
16;2021-03-05;1140;535;25377;15831;7.3;4.5
16;2021-03-06;751;9;26128;15840;7.5;4.5
16;2021-03-07;94;18;26222;15858;7.5;4.6
16;2021-03-08;436;319;26658;16177;7.7;4.6
16;2021-03-09;765;700;27423;16877;7.9;4.8
16;2021-03-10;605;668;28028;17545;8.0;5.0
16;2021-03-11;1445;529;29473;18074;8.5;5.2
16;2021-03-12;1164;457;30637;18531;8.8;5.3
16;2021-03-13;764;12;31401;18543;9.0;5.3
16;2021-03-14;1;0;31402;18543;9.0;5.3
16;2021-03-15;461;181;31863;18724;9.2;5.4
16;2021-03-16;859;421;32722;19145;9.4;5.5
16;2021-03-17;589;287;33311;19432;9.6;5.6
16;2021-03-18;1029;278;34340;19710;9.9;5.7
16;2021-03-19;1100;246;35440;19956;10.2;5.7
16;2021-03-20;394;2;35834;19958;10.3;5.7
16;2021-03-21;9;0;35843;19958;10.3;5.7
16;2021-03-22;727;100;36570;20058;10.5;5.8
16;2021-03-23;1460;100;38030;20158;10.9;5.8
16;2021-03-24;1118;184;39148;20342;11.2;5.8
16;2021-03-25;2046;90;41194;20432;11.8;5.9
16;2021-03-26;1914;92;43108;20524;12.4;5.9
16;2021-03-27;430;21;43538;20545;12.5;5.9
16;2021-03-28;0;0;43538;20545;12.5;5.9
16;2021-03-29;923;62;44461;20607;12.8;5.9
16;2021-03-30;1879;174;46340;20781;13.3;6.0
16;2021-03-31;1514;128;47854;20909;13.7;6.0
16;2021-04-01;2008;398;49862;21307;14.3;6.1
16;2021-04-02;1441;378;51303;21685;14.7;6.2
16;2021-04-03;288;2;51591;21687;14.8;6.2
16;2021-04-04;1;0;51592;21687;14.8;6.2
16;2021-04-05;2;0;51594;21687;14.8;6.2
16;2021-04-06;2009;537;53603;22224;15.4;6.4
16;2021-04-07;1951;400;55554;22624;16.0;6.5
16;2021-04-08;2823;582;58377;23206;16.8;6.7
16;2021-04-09;2693;545;61070;23751;17.5;6.8
16;2021-04-10;1289;37;62359;23788;17.9;6.8
16;2021-04-11;2;0;62361;23788;17.9;6.8
16;2021-04-12;1430;313;63791;24101;18.3;6.9
16;2021-04-13;2119;838;65910;24939;18.9;7.2
16;2021-04-14;1949;630;67859;25569;19.5;7.3
16;2021-04-15;2098;984;69957;26553;20.1;7.6
16;2021-04-16;2033;768;71990;27321;20.7;7.8
16;2021-04-17;1504;83;73494;27404;21.1;7.9
16;2021-04-18;198;3;73692;27407;21.2;7.9
16;2021-04-19;1438;522;75130;27929;21.6;8.0
16;2021-04-20;2050;1229;77180;29158;22.2;8.4
16;2021-04-21;1774;737;78954;29895;22.7;8.6
16;2021-04-22;2291;999;81245;30894;23.3;8.9
16;2021-04-23;2355;1166;83600;32060;24.0;9.2
16;2021-04-24;825;36;84425;32096;24.2;9.2
16;2021-04-25;114;8;84539;32104;24.3;9.2
16;2021-04-26;1399;806;85938;32910;24.7;9.5
16;2021-04-27;2055;1418;87993;34328;25.3;9.9
16;2021-04-28;1587;1121;89580;35449;25.7;10.2
16;2021-04-29;2244;1495;91824;36944;26.4;10.6
16;2021-04-30;2848;1337;94672;38281;27.2;11.0
16;2021-05-01;353;59;95025;38340;27.3;11.0
16;2021-05-02;155;12;95180;38352;27.3;11.0
16;2021-05-03;2610;532;97790;38884;28.1;11.2
16;2021-05-04;2062;2042;99852;40926;28.7;11.8
16;2021-05-05;1690;1832;101542;42758;29.2;12.3
16;2021-05-06;1885;2237;103427;44995;29.7;12.9
16;2021-05-07;3069;2115;106496;47110;30.6;13.5
16;2021-05-08;1196;468;107692;47578;30.9;13.7
16;2021-05-09;525;26;108217;47604;31.1;13.7
16;2021-05-10;1930;1623;110147;49227;31.6;14.1
16;2021-05-11;2355;1955;112502;51182;32.3;14.7
16;2021-05-12;1724;1800;114226;52982;32.8;15.2
16;2021-05-13;1457;354;115683;53336;33.2;15.3
16;2021-05-14;1990;1555;117673;54891;33.8;15.8
16;2021-05-15;595;896;118268;55787;34.0;16.0
16;2021-05-16;132;6;118400;55793;34.0;16.0
16;2021-05-17;1609;1282;120009;57075;34.5;16.4
16;2021-05-18;2759;1415;122768;58490;35.3;16.8
16;2021-05-19;2004;1232;124772;59722;35.8;17.2
16;2021-05-20;2834;1383;127606;61105;36.6;17.5
16;2021-05-21;2947;1396;130553;62501;37.5;18.0
16;2021-05-22;412;709;130965;63210;37.6;18.2
16;2021-05-23;210;11;131175;63221;37.7;18.2
16;2021-05-24;1259;236;132434;63457;38.0;18.2
16;2021-05-25;2765;1452;135199;64909;38.8;18.6
16;2021-05-26;1829;1186;137028;66095;39.4;19.0
16;2021-05-27;2421;1584;139449;67679;40.1;19.4
16;2021-05-28;2887;1567;142336;69246;40.9;19.9
16;2021-05-29;814;884;143150;70130;41.1;20.1
16;2021-05-30;1;4;143151;70134;41.1;20.1
16;2021-05-31;1984;1100;145135;71234;41.7;20.5
16;2021-06-01;2345;1712;147480;72946;42.4;21.0
16;2021-06-02;1821;1504;149301;74450;42.9;21.4
16;2021-06-03;2617;1761;151918;76211;43.6;21.9
16;2021-06-04;2831;2032;154749;78243;44.4;22.5
16;2021-06-05;1003;549;155752;78792;44.7;22.6
16;2021-06-06;159;27;155911;78819;44.8;22.6
16;2021-06-07;1984;1282;157895;80101;45.3;23.0
16;2021-06-08;2382;1992;160277;82093;46.0;23.6
16;2021-06-09;2502;1608;162779;83701;46.8;24.0
16;2021-06-10;2561;1999;165340;85700;47.5;24.6
16;2021-06-11;2143;2737;167483;88437;48.1;25.4
16;2021-06-12;1602;514;169085;88951;48.6;25.5
16;2021-06-13;257;72;169342;89023;48.6;25.6
16;2021-06-14;794;2802;170136;91825;48.9;26.4
16;2021-06-15;1844;2621;171980;94446;49.4;27.1
16;2021-06-16;1569;2099;173549;96545;49.8;27.7
16;2021-06-17;2009;2505;175558;99050;50.4;28.4
16;2021-06-18;2051;3223;177609;102273;51.0;29.4
16;2021-06-19;1347;1309;178956;103582;51.4;29.7
16;2021-06-20;242;26;179198;103608;51.5;29.8
16;2021-06-21;1402;2181;180600;105789;51.9;30.4
16;2021-06-22;1667;2948;182267;108737;52.3;31.2
16;2021-06-23;1554;2024;183821;110761;52.8;31.8
16;2021-06-24;1913;2175;185734;112936;53.3;32.4
16;2021-06-25;1980;2730;187714;115666;53.9;33.2
16;2021-06-26;1053;720;188767;116386;54.2;33.4
16;2021-06-27;130;25;188897;116411;54.3;33.4
16;2021-06-28;1155;1963;190052;118374;54.6;34.0
16;2021-06-29;1268;3354;191320;121728;54.9;35.0
16;2021-06-30;1330;2713;192650;124441;55.3;35.7
16;2021-07-01;1842;3149;194492;127590;55.9;36.6
16;2021-07-02;1417;3584;195909;131174;56.3;37.7
16;2021-07-03;690;1114;196599;132288;56.5;38.0
16;2021-07-04;1;13;196600;132301;56.5;38.0
16;2021-07-05;809;2304;197409;134605;56.7;38.7
16;2021-07-06;1272;3367;198681;137972;57.1;39.6
16;2021-07-07;854;2276;199535;140248;57.3;40.3
16;2021-07-08;1228;2736;200763;142984;57.7;41.1
16;2021-07-09;1103;3698;201866;146682;58.0;42.1
16;2021-07-10;335;1339;202201;148021;58.1;42.5
16;2021-07-11;2;13;202203;148034;58.1;42.5
16;2021-07-12;630;2443;202833;150477;58.3;43.2
16;2021-07-13;1368;3532;204201;154009;58.6;44.2
16;2021-07-14;797;871;204998;154880;58.9;44.5
16;2021-07-15;1226;3403;206224;158283;59.2;45.5
17;2020-12-27;0;0;0;0;0.0;0.0
17;2020-12-28;0;0;0;0;0.0;0.0
17;2020-12-29;0;0;0;0;0.0;0.0
17;2020-12-30;1;0;1;0;0.0;0.0
17;2020-12-31;0;0;1;0;0.0;0.0
17;2021-01-01;0;0;1;0;0.0;0.0
17;2021-01-02;0;0;1;0;0.0;0.0
17;2021-01-03;0;0;1;0;0.0;0.0
17;2021-01-04;56;0;57;0;0.0;0.0
17;2021-01-05;98;0;155;0;0.0;0.0
17;2021-01-06;132;0;287;0;0.0;0.0
17;2021-01-07;484;1;771;1;0.1;0.0
17;2021-01-08;418;0;1189;1;0.2;0.0
17;2021-01-09;0;0;1189;1;0.2;0.0
17;2021-01-10;1;0;1190;1;0.2;0.0
17;2021-01-11;380;1;1570;2;0.2;0.0
17;2021-01-12;733;0;2303;2;0.4;0.0
17;2021-01-13;651;3;2954;5;0.5;0.0
17;2021-01-14;613;8;3567;13;0.6;0.0
17;2021-01-15;679;0;4246;13;0.7;0.0
17;2021-01-16;126;1;4372;14;0.7;0.0
17;2021-01-17;17;0;4389;14;0.7;0.0
17;2021-01-18;879;1;5268;15;0.8;0.0
17;2021-01-19;1906;2;7174;17;1.1;0.0
17;2021-01-20;2385;2;9559;19;1.5;0.0
17;2021-01-21;2495;2;12054;21;1.9;0.0
17;2021-01-22;1878;5;13932;26;2.2;0.0
17;2021-01-23;738;1;14670;27;2.3;0.0
17;2021-01-24;48;0;14718;27;2.3;0.0
17;2021-01-25;1382;5;16100;32;2.5;0.0
17;2021-01-26;2108;2;18208;34;2.8;0.0
17;2021-01-27;1674;30;19882;64;3.1;0.0
17;2021-01-28;2475;230;22357;294;3.5;0.0
17;2021-01-29;1737;220;24094;514;3.7;0.1
17;2021-01-30;528;5;24622;519;3.8;0.1
17;2021-01-31;36;1;24658;520;3.8;0.1
17;2021-02-01;738;210;25396;730;3.9;0.1
17;2021-02-02;1178;347;26574;1077;4.1;0.2
17;2021-02-03;1245;409;27819;1486;4.3;0.2
17;2021-02-04;1156;502;28975;1988;4.5;0.3
17;2021-02-05;602;756;29577;2744;4.6;0.4
17;2021-02-06;17;42;29594;2786;4.6;0.4
17;2021-02-07;31;13;29625;2799;4.6;0.4
17;2021-02-08;704;401;30329;3200;4.7;0.5
17;2021-02-09;1099;1318;31428;4518;4.9;0.7
17;2021-02-10;862;1282;32290;5800;5.0;0.9
17;2021-02-11;1237;1400;33527;7200;5.2;1.1
17;2021-02-12;770;967;34297;8167;5.3;1.3
17;2021-02-13;42;104;34339;8271;5.3;1.3
17;2021-02-14;0;10;34339;8281;5.3;1.3
17;2021-02-15;618;1228;34957;9509;5.4;1.5
17;2021-02-16;745;1836;35702;11345;5.5;1.8
17;2021-02-17;797;1362;36499;12707;5.6;2.0
17;2021-02-18;962;2185;37461;14892;5.8;2.3
17;2021-02-19;1065;1543;38526;16435;6.0;2.5
17;2021-02-20;99;308;38625;16743;6.0;2.6
17;2021-02-21;9;2;38634;16745;6.0;2.6
17;2021-02-22;644;1632;39278;18377;6.1;2.8
17;2021-02-23;776;1536;40054;19913;6.2;3.1
17;2021-02-24;1077;1594;41131;21507;6.4;3.3
17;2021-02-25;1082;1709;42213;23216;6.5;3.6
17;2021-02-26;1301;1301;43514;24517;6.7;3.8
17;2021-02-27;525;246;44039;24763;6.8;3.8
17;2021-02-28;17;9;44056;24772;6.8;3.8
17;2021-03-01;634;1046;44690;25818;6.9;4.0
17;2021-03-02;1088;869;45778;26687;7.1;4.1
17;2021-03-03;1609;790;47387;27477;7.3;4.2
17;2021-03-04;2419;1133;49806;28610;7.7;4.4
17;2021-03-05;2654;676;52460;29286;8.1;4.5
17;2021-03-06;1018;25;53478;29311;8.3;4.5
17;2021-03-07;178;46;53656;29357;8.3;4.5
17;2021-03-08;1013;847;54669;30204;8.4;4.7
17;2021-03-09;1740;615;56409;30819;8.7;4.8
17;2021-03-10;2046;640;58455;31459;9.0;4.9
17;2021-03-11;3229;988;61684;32447;9.5;5.0
17;2021-03-12;3343;629;65027;33076;10.0;5.1
17;2021-03-13;1196;9;66223;33085;10.2;5.1
17;2021-03-14;27;0;66250;33085;10.2;5.1
17;2021-03-15;1234;989;67484;34074;10.4;5.3
17;2021-03-16;890;533;68374;34607;10.6;5.3
17;2021-03-17;1455;698;69829;35305;10.8;5.5
17;2021-03-18;1675;760;71504;36065;11.1;5.6
17;2021-03-19;2094;542;73598;36607;11.4;5.7
17;2021-03-20;1079;53;74677;36660;11.5;5.7
17;2021-03-21;33;42;74710;36702;11.5;5.7
17;2021-03-22;1568;688;76278;37390;11.8;5.8
17;2021-03-23;2483;577;78761;37967;12.2;5.9
17;2021-03-24;3534;844;82295;38811;12.7;6.0
17;2021-03-25;4696;633;86991;39444;13.4;6.1
17;2021-03-26;4930;463;91921;39907;14.2;6.2
17;2021-03-27;1736;69;93657;39976;14.5;6.2
17;2021-03-28;364;45;94021;40021;14.5;6.2
17;2021-03-29;2355;556;96376;40577;14.9;6.3
17;2021-03-30;2647;978;99023;41555;15.3;6.4
17;2021-03-31;3836;900;102859;42455;15.9;6.6
17;2021-04-01;4009;1149;106868;43604;16.5;6.7
17;2021-04-02;3699;822;110567;44426;17.1;6.9
17;2021-04-03;1146;183;111713;44609;17.3;6.9
17;2021-04-04;500;5;112213;44614;17.3;6.9
17;2021-04-05;442;128;112655;44742;17.4;6.9
17;2021-04-06;3474;1018;116129;45760;17.9;7.1
17;2021-04-07;4124;1138;120253;46898;18.6;7.2
17;2021-04-08;4561;1452;124814;48350;19.3;7.5
17;2021-04-09;6490;830;131304;49180;20.3;7.6
17;2021-04-10;2577;60;133881;49240;20.7;7.6
17;2021-04-11;781;16;134662;49256;20.8;7.6
17;2021-04-12;2881;1605;137543;50861;21.3;7.9
17;2021-04-13;4137;1278;141680;52139;21.9;8.1
17;2021-04-14;4410;1184;146090;53323;22.6;8.2
17;2021-04-15;4586;1124;150676;54447;23.3;8.4
17;2021-04-16;4286;1148;154962;55595;23.9;8.6
17;2021-04-17;1671;381;156633;55976;24.2;8.7
17;2021-04-18;469;77;157102;56053;24.3;8.7
17;2021-04-19;2338;2061;159440;58114;24.6;9.0
17;2021-04-20;2916;2548;162356;60662;25.1;9.4
17;2021-04-21;2971;1939;165327;62601;25.5;9.7
17;2021-04-22;3113;2352;168440;64953;26.0;10.0
17;2021-04-23;2428;2716;170868;67669;26.4;10.5
17;2021-04-24;1662;919;172530;68588;26.7;10.6
17;2021-04-25;661;243;173191;68831;26.8;10.6
17;2021-04-26;2572;2623;175763;71454;27.2;11.0
17;2021-04-27;3147;2666;178910;74120;27.6;11.5
17;2021-04-28;3092;2939;182002;77059;28.1;11.9
17;2021-04-29;4125;2856;186127;79915;28.8;12.4
17;2021-04-30;4342;2623;190469;82538;29.4;12.8
17;2021-05-01;849;542;191318;83080;29.6;12.8
17;2021-05-02;549;840;191867;83920;29.7;13.0
17;2021-05-03;2537;2949;194404;86869;30.0;13.4
17;2021-05-04;2320;3725;196724;90594;30.4;14.0
17;2021-05-05;2903;3697;199627;94291;30.9;14.6
17;2021-05-06;4117;3398;203744;97689;31.5;15.1
17;2021-05-07;4347;3629;208091;101318;32.2;15.7
17;2021-05-08;1282;749;209373;102067;32.4;15.8
17;2021-05-09;1304;699;210677;102766;32.6;15.9
17;2021-05-10;2721;3681;213398;106447;33.0;16.5
17;2021-05-11;3500;3998;216898;110445;33.5;17.1
17;2021-05-12;3526;3803;220424;114248;34.1;17.7
17;2021-05-13;2545;690;222969;114938;34.5;17.8
17;2021-05-14;3036;2392;226005;117330;34.9;18.1
17;2021-05-15;2123;660;228128;117990;35.3;18.2
17;2021-05-16;1731;310;229859;118300;35.5;18.3
17;2021-05-17;4283;1978;234142;120278;36.2;18.6
17;2021-05-18;4718;1635;238860;121913;36.9;18.8
17;2021-05-19;5060;1263;243920;123176;37.7;19.0
17;2021-05-20;4933;1931;248853;125107;38.5;19.3
17;2021-05-21;4986;1952;253839;127059;39.2;19.6
17;2021-05-22;2388;532;256227;127591;39.6;19.7
17;2021-05-23;1898;124;258125;127715;39.9;19.7
17;2021-05-24;1421;205;259546;127920;40.1;19.8
17;2021-05-25;4027;1760;263573;129680;40.7;20.0
17;2021-05-26;4363;2023;267936;131703;41.4;20.4
17;2021-05-27;5213;2125;273149;133828;42.2;20.7
17;2021-05-28;4455;3430;277604;137258;42.9;21.2
17;2021-05-29;1557;1702;279161;138960;43.1;21.5
17;2021-05-30;855;406;280016;139366;43.3;21.5
17;2021-05-31;2938;3013;282954;142379;43.7;22.0
17;2021-06-01;4286;2922;287240;145301;44.4;22.5
17;2021-06-02;4177;3153;291417;148454;45.0;22.9
17;2021-06-03;5045;3161;296462;151615;45.8;23.4
17;2021-06-04;4506;3848;300968;155463;46.5;24.0
17;2021-06-05;1980;1605;302948;157068;46.8;24.3
17;2021-06-06;840;731;303788;157799;46.9;24.4
17;2021-06-07;3110;4339;306898;162138;47.4;25.1
17;2021-06-08;3770;4484;310668;166622;48.0;25.7
17;2021-06-09;4322;3041;314990;169663;48.7;26.2
17;2021-06-10;4893;2777;319883;172440;49.4;26.6
17;2021-06-11;4704;3683;324587;176123;50.2;27.2
17;2021-06-12;1796;1395;326383;177518;50.4;27.4
17;2021-06-13;604;415;326987;177933;50.5;27.5
17;2021-06-14;2816;4530;329803;182463;51.0;28.2
17;2021-06-15;3595;4378;333398;186841;51.5;28.9
17;2021-06-16;4107;3682;337505;190523;52.2;29.4
17;2021-06-17;4327;4125;341832;194648;52.8;30.1
17;2021-06-18;4028;4445;345860;199093;53.4;30.8
17;2021-06-19;1438;1994;347298;201087;53.7;31.1
17;2021-06-20;586;1037;347884;202124;53.8;31.2
17;2021-06-21;2531;4385;350415;206509;54.2;31.9
17;2021-06-22;3493;4449;353908;210958;54.7;32.6
17;2021-06-23;3744;3977;357652;214935;55.3;33.2
17;2021-06-24;3557;3963;361209;218898;55.8;33.8
17;2021-06-25;2687;4993;363896;223891;56.2;34.6
17;2021-06-26;896;2338;364792;226229;56.4;35.0
17;2021-06-27;397;1907;365189;228136;56.4;35.3
17;2021-06-28;1509;5435;366698;233571;56.7;36.1
17;2021-06-29;1660;5892;368358;239463;56.9;37.0
17;2021-06-30;2012;5562;370370;245025;57.2;37.9
17;2021-07-01;2176;5561;372546;250586;57.6;38.7
17;2021-07-02;2458;5995;375004;256581;58.0;39.7
17;2021-07-03;618;2549;375622;259130;58.0;40.0
17;2021-07-04;147;1253;375769;260383;58.1;40.2
17;2021-07-05;1847;5180;377616;265563;58.4;41.0
17;2021-07-06;2109;5592;379725;271155;58.7;41.9
17;2021-07-07;2371;5499;382096;276654;59.0;42.8
17;2021-07-08;2893;5440;384989;282094;59.5;43.6
17;2021-07-09;2506;6087;387495;288181;59.9;44.5
17;2021-07-10;822;2476;388317;290657;60.0;44.9
17;2021-07-11;365;901;388682;291558;60.1;45.1
17;2021-07-12;1990;5631;390672;297189;60.4;45.9
17;2021-07-13;2334;6706;393006;303895;60.7;47.0
17;2021-07-14;48;66;393054;303961;60.7;47.0
17;2021-07-15;2141;6842;395195;310803;61.1;48.0
18;2020-12-27;0;0;0;0;0.0;0.0
18;2020-12-28;0;0;0;0;0.0;0.0
18;2020-12-29;0;0;0;0;0.0;0.0
18;2020-12-30;1;0;1;0;0.0;0.0
18;2020-12-31;0;0;1;0;0.0;0.0
18;2021-01-01;0;0;1;0;0.0;0.0
18;2021-01-02;0;0;1;0;0.0;0.0
18;2021-01-03;0;0;1;0;0.0;0.0
18;2021-01-04;3;0;4;0;0.0;0.0
18;2021-01-05;0;0;4;0;0.0;0.0
18;2021-01-06;1;0;5;0;0.0;0.0
18;2021-01-07;30;1;35;1;0.0;0.0
18;2021-01-08;65;0;100;1;0.0;0.0
18;2021-01-09;223;0;323;1;0.1;0.0
18;2021-01-10;146;0;469;1;0.2;0.0
18;2021-01-11;170;1;639;2;0.2;0.0
18;2021-01-12;373;0;1012;2;0.3;0.0
18;2021-01-13;270;2;1282;4;0.4;0.0
18;2021-01-14;270;2;1552;6;0.5;0.0
18;2021-01-15;332;1;1884;7;0.6;0.0
18;2021-01-16;288;3;2172;10;0.7;0.0
18;2021-01-17;0;0;2172;10;0.7;0.0
18;2021-01-18;289;0;2461;10;0.8;0.0
18;2021-01-19;1376;4;3837;14;1.3;0.0
18;2021-01-20;1239;1;5076;15;1.7;0.0
18;2021-01-21;961;0;6037;15;2.0;0.0
18;2021-01-22;780;1;6817;16;2.3;0.0
18;2021-01-23;249;1;7066;17;2.4;0.0
18;2021-01-24;0;0;7066;17;2.4;0.0
18;2021-01-25;509;0;7575;17;2.6;0.0
18;2021-01-26;395;1;7970;18;2.7;0.0
18;2021-01-27;389;2;8359;20;2.8;0.0
18;2021-01-28;561;6;8920;26;3.0;0.0
18;2021-01-29;492;72;9412;98;3.2;0.0
18;2021-01-30;432;167;9844;265;3.3;0.1
18;2021-01-31;81;121;9925;386;3.3;0.1
18;2021-02-01;328;142;10253;528;3.5;0.2
18;2021-02-02;505;244;10758;772;3.6;0.3
18;2021-02-03;397;204;11155;976;3.8;0.3
18;2021-02-04;630;225;11785;1201;4.0;0.4
18;2021-02-05;449;194;12234;1395;4.1;0.5
18;2021-02-06;283;102;12517;1497;4.2;0.5
18;2021-02-07;107;0;12624;1497;4.3;0.5
18;2021-02-08;268;231;12892;1728;4.3;0.6
18;2021-02-09;582;781;13474;2509;4.5;0.8
18;2021-02-10;739;700;14213;3209;4.8;1.1
18;2021-02-11;655;446;14868;3655;5.0;1.2
18;2021-02-12;502;327;15370;3982;5.2;1.3
18;2021-02-13;286;124;15656;4106;5.3;1.4
18;2021-02-14;364;97;16020;4203;5.4;1.4
18;2021-02-15;379;392;16399;4595;5.5;1.6
18;2021-02-16;399;397;16798;4992;5.7;1.7
18;2021-02-17;403;457;17201;5449;5.8;1.8
18;2021-02-18;343;545;17544;5994;5.9;2.0
18;2021-02-19;469;301;18013;6295;6.1;2.1
18;2021-02-20;719;236;18732;6531;6.3;2.2
18;2021-02-21;316;0;19048;6531;6.4;2.2
18;2021-02-22;217;371;19265;6902;6.5;2.3
18;2021-02-23;204;351;19469;7253;6.6;2.4
18;2021-02-24;240;271;19709;7524;6.6;2.5
18;2021-02-25;293;522;20002;8046;6.7;2.7
18;2021-02-26;582;234;20584;8280;6.9;2.8
18;2021-02-27;510;388;21094;8668;7.1;2.9
18;2021-02-28;6;68;21100;8736;7.1;2.9
18;2021-03-01;235;415;21335;9151;7.2;3.1
18;2021-03-02;283;520;21618;9671;7.3;3.3
18;2021-03-03;345;586;21963;10257;7.4;3.5
18;2021-03-04;475;572;22438;10829;7.6;3.7
18;2021-03-05;524;371;22962;11200;7.7;3.8
18;2021-03-06;1069;339;24031;11539;8.1;3.9
18;2021-03-07;6;140;24037;11679;8.1;3.9
18;2021-03-08;334;360;24371;12039;8.2;4.1
18;2021-03-09;409;368;24780;12407;8.4;4.2
18;2021-03-10;424;450;25204;12857;8.5;4.3
18;2021-03-11;514;418;25718;13275;8.7;4.5
18;2021-03-12;704;300;26422;13575;8.9;4.6
18;2021-03-13;1162;243;27584;13818;9.3;4.7
18;2021-03-14;299;212;27883;14030;9.4;4.7
18;2021-03-15;490;376;28373;14406;9.6;4.9
18;2021-03-16;392;314;28765;14720;9.7;5.0
18;2021-03-17;383;412;29148;15132;9.8;5.1
18;2021-03-18;511;229;29659;15361;10.0;5.2
18;2021-03-19;754;223;30413;15584;10.3;5.3
18;2021-03-20;984;613;31397;16197;10.6;5.5
18;2021-03-21;309;303;31706;16500;10.7;5.6
18;2021-03-22;600;294;32306;16794;10.9;5.7
18;2021-03-23;704;286;33010;17080;11.1;5.8
18;2021-03-24;1052;295;34062;17375;11.5;5.9
18;2021-03-25;1049;293;35111;17668;11.8;6.0
18;2021-03-26;1211;344;36322;18012;12.3;6.1
18;2021-03-27;1489;318;37811;18330;12.8;6.2
18;2021-03-28;214;0;38025;18330;12.8;6.2
18;2021-03-29;1101;190;39126;18520;13.2;6.2
18;2021-03-30;1084;300;40210;18820;13.6;6.3
18;2021-03-31;1304;245;41514;19065;14.0;6.4
18;2021-04-01;1374;337;42888;19402;14.5;6.5
18;2021-04-02;1228;296;44116;19698;14.9;6.6
18;2021-04-03;581;179;44697;19877;15.1;6.7
18;2021-04-04;71;5;44768;19882;15.1;6.7
18;2021-04-05;199;0;44967;19882;15.2;6.7
18;2021-04-06;1025;331;45992;20213;15.5;6.8
18;2021-04-07;1321;355;47313;20568;16.0;6.9
18;2021-04-08;1692;318;49005;20886;16.5;7.0
18;2021-04-09;1830;272;50835;21158;17.2;7.1
18;2021-04-10;2631;638;53466;21796;18.0;7.4
18;2021-04-11;1983;308;55449;22104;18.7;7.5
18;2021-04-12;1403;383;56852;22487;19.2;7.6
18;2021-04-13;1783;453;58635;22940;19.8;7.7
18;2021-04-14;1377;512;60012;23452;20.2;7.9
18;2021-04-15;1531;526;61543;23978;20.8;8.1
18;2021-04-16;1613;584;63156;24562;21.3;8.3
18;2021-04-17;1599;514;64755;25076;21.8;8.5
18;2021-04-18;377;232;65132;25308;22.0;8.5
18;2021-04-19;1316;586;66448;25894;22.4;8.7
18;2021-04-20;1444;698;67892;26592;22.9;9.0
18;2021-04-21;1270;899;69162;27491;23.3;9.3
18;2021-04-22;1402;698;70564;28189;23.8;9.5
18;2021-04-23;1384;728;71948;28917;24.3;9.8
18;2021-04-24;1354;1266;73302;30183;24.7;10.2
18;2021-04-25;287;217;73589;30400;24.8;10.3
18;2021-04-26;1206;940;74795;31340;25.2;10.6
18;2021-04-27;1544;754;76339;32094;25.8;10.8
18;2021-04-28;1357;866;77696;32960;26.2;11.1
18;2021-04-29;1845;729;79541;33689;26.8;11.4
18;2021-04-30;1570;990;81111;34679;27.4;11.7
18;2021-05-01;787;209;81898;34888;27.6;11.8
18;2021-05-02;807;51;82705;34939;27.9;11.8
18;2021-05-03;1627;999;84332;35938;28.5;12.1
18;2021-05-04;1728;1270;86060;37208;29.0;12.6
18;2021-05-05;1733;1209;87793;38417;29.6;13.0
18;2021-05-06;2165;1344;89958;39761;30.3;13.4
18;2021-05-07;1235;1399;91193;41160;30.8;13.9
18;2021-05-08;992;1458;92185;42618;31.1;14.4
18;2021-05-09;501;2256;92686;44874;31.3;15.1
18;2021-05-10;1155;1506;93841;46380;31.7;15.6
18;2021-05-11;1695;1752;95536;48132;32.2;16.2
18;2021-05-12;1808;1489;97344;49621;32.8;16.7
18;2021-05-13;1061;371;98405;49992;33.2;16.9
18;2021-05-14;1345;943;99750;50935;33.7;17.2
18;2021-05-15;1810;1151;101560;52086;34.3;17.6
18;2021-05-16;538;582;102098;52668;34.4;17.8
18;2021-05-17;1247;1090;103345;53758;34.9;18.1
18;2021-05-18;2146;928;105491;54686;35.6;18.4
18;2021-05-19;2163;912;107654;55598;36.3;18.8
18;2021-05-20;2274;977;109928;56575;37.1;19.1
18;2021-05-21;1497;761;111425;57336;37.6;19.3
18;2021-05-22;1725;1073;113150;58409;38.2;19.7
18;2021-05-23;484;336;113634;58745;38.3;19.8
18;2021-05-24;463;292;114097;59037;38.5;19.9
18;2021-05-25;1839;1058;115936;60095;39.1;20.3
18;2021-05-26;2152;835;118088;60930;39.8;20.6
18;2021-05-27;2206;1231;120294;62161;40.6;21.0
18;2021-05-28;1712;1305;122006;63466;41.2;21.4
18;2021-05-29;2619;1662;124625;65128;42.0;22.0
18;2021-05-30;1483;501;126108;65629;42.5;22.1
18;2021-05-31;1786;694;127894;66323;43.1;22.4
18;2021-06-01;2040;948;129934;67271;43.8;22.7
18;2021-06-02;2005;1018;131939;68289;44.5;23.0
18;2021-06-03;2285;1196;134224;69485;45.3;23.4
18;2021-06-04;1902;1123;136126;70608;45.9;23.8
18;2021-06-05;2801;1446;138927;72054;46.9;24.3
18;2021-06-06;364;380;139291;72434;47.0;24.4
18;2021-06-07;1295;1224;140586;73658;47.4;24.9
18;2021-06-08;1489;1386;142075;75044;47.9;25.3
18;2021-06-09;1324;1064;143399;76108;48.4;25.7
18;2021-06-10;1553;1406;144952;77514;48.9;26.2
18;2021-06-11;1493;1402;146445;78916;49.4;26.6
18;2021-06-12;1241;2508;147686;81424;49.8;27.5
18;2021-06-13;125;263;147811;81687;49.9;27.6
18;2021-06-14;654;1830;148465;83517;50.1;28.2
18;2021-06-15;1086;1822;149551;85339;50.5;28.8
18;2021-06-16;1245;1434;150796;86773;50.9;29.3
18;2021-06-17;1203;1667;151999;88440;51.3;29.8
18;2021-06-18;1285;1667;153284;90107;51.7;30.4
18;2021-06-19;1561;1249;154845;91356;52.2;30.8
18;2021-06-20;243;159;155088;91515;52.3;30.9
18;2021-06-21;664;1606;155752;93121;52.5;31.4
18;2021-06-22;1056;1646;156808;94767;52.9;32.0
18;2021-06-23;939;1643;157747;96410;53.2;32.5
18;2021-06-24;1023;1062;158770;97472;53.6;32.9
18;2021-06-25;881;1751;159651;99223;53.9;33.5
18;2021-06-26;1095;1474;160746;100697;54.2;34.0
18;2021-06-27;30;376;160776;101073;54.2;34.1
18;2021-06-28;416;1928;161192;103001;54.4;34.8
18;2021-06-29;581;2385;161773;105386;54.6;35.6
18;2021-06-30;600;2550;162373;107936;54.8;36.4
18;2021-07-01;941;2157;163314;110093;55.1;37.1
18;2021-07-02;605;1683;163919;111776;55.3;37.7
18;2021-07-03;745;2579;164664;114355;55.6;38.6
18;2021-07-04;164;1035;164828;115390;55.6;38.9
18;2021-07-05;757;1880;165585;117270;55.9;39.6
18;2021-07-06;551;2306;166136;119576;56.1;40.3
18;2021-07-07;765;2116;166901;121692;56.3;41.1
18;2021-07-08;1026;1980;167927;123672;56.7;41.7
18;2021-07-09;702;2302;168629;125974;56.9;42.5
18;2021-07-10;776;3180;169405;129154;57.2;43.6
18;2021-07-11;79;664;169484;129818;57.2;43.8
18;2021-07-12;220;2247;169704;132065;57.3;44.6
18;2021-07-13;608;2902;170312;134967;57.5;45.5
18;2021-07-14;194;936;170506;135903;57.5;45.9
18;2021-07-15;1378;2811;171884;138714;58.0;46.8
19;2020-12-27;0;0;0;0;0.0;0.0
19;2020-12-28;0;0;0;0;0.0;0.0
19;2020-12-29;0;0;0;0;0.0;0.0
19;2020-12-30;0;0;0;0;0.0;0.0
19;2020-12-31;0;0;0;0;0.0;0.0
19;2021-01-01;0;0;0;0;0.0;0.0
19;2021-01-02;0;0;0;0;0.0;0.0
19;2021-01-03;0;0;0;0;0.0;0.0
19;2021-01-04;0;0;0;0;0.0;0.0
19;2021-01-05;0;0;0;0;0.0;0.0
19;2021-01-06;0;0;0;0;0.0;0.0
19;2021-01-07;342;0;342;0;0.1;0.0
19;2021-01-08;247;1;589;1;0.2;0.0
19;2021-01-09;0;0;589;1;0.2;0.0
19;2021-01-10;1;0;590;1;0.2;0.0
19;2021-01-11;38;0;628;1;0.3;0.0
19;2021-01-12;413;0;1041;1;0.4;0.0
19;2021-01-13;422;3;1463;4;0.6;0.0
19;2021-01-14;473;1;1936;5;0.8;0.0
19;2021-01-15;224;0;2160;5;0.9;0.0
19;2021-01-16;0;0;2160;5;0.9;0.0
19;2021-01-17;1;0;2161;5;0.9;0.0
19;2021-01-18;251;1;2412;6;1.0;0.0
19;2021-01-19;518;0;2930;6;1.2;0.0
19;2021-01-20;919;1;3849;7;1.6;0.0
19;2021-01-21;504;1;4353;8;1.8;0.0
19;2021-01-22;1314;2;5667;10;2.4;0.0
19;2021-01-23;280;0;5947;10;2.5;0.0
19;2021-01-24;36;0;5983;10;2.5;0.0
19;2021-01-25;233;0;6216;10;2.6;0.0
19;2021-01-26;607;4;6823;14;2.8;0.0
19;2021-01-27;333;3;7156;17;3.0;0.0
19;2021-01-28;297;249;7453;266;3.1;0.1
19;2021-01-29;345;60;7798;326;3.2;0.1
19;2021-01-30;130;23;7928;349;3.3;0.1
19;2021-01-31;41;0;7969;349;3.3;0.1
19;2021-02-01;155;96;8124;445;3.4;0.2
19;2021-02-02;303;429;8427;874;3.5;0.4
19;2021-02-03;283;247;8710;1121;3.6;0.5
19;2021-02-04;255;375;8965;1496;3.7;0.6
19;2021-02-05;309;75;9274;1571;3.9;0.7
19;2021-02-06;208;0;9482;1571;3.9;0.7
19;2021-02-07;48;1;9530;1572;4.0;0.7
19;2021-02-08;177;149;9707;1721;4.0;0.7
19;2021-02-09;332;273;10039;1994;4.2;0.8
19;2021-02-10;514;296;10553;2290;4.4;1.0
19;2021-02-11;410;327;10963;2617;4.6;1.1
19;2021-02-12;798;1165;11761;3782;4.9;1.6
19;2021-02-13;351;181;12112;3963;5.0;1.6
19;2021-02-14;98;13;12210;3976;5.1;1.7
19;2021-02-15;200;247;12410;4223;5.2;1.8
19;2021-02-16;385;171;12795;4394;5.3;1.8
19;2021-02-17;307;468;13102;4862;5.5;2.0
19;2021-02-18;174;511;13276;5373;5.5;2.2
19;2021-02-19;469;301;13745;5674;5.7;2.4
19;2021-02-20;133;208;13878;5882;5.8;2.4
19;2021-02-21;20;40;13898;5922;5.8;2.5
19;2021-02-22;219;211;14117;6133;5.9;2.6
19;2021-02-23;268;364;14385;6497;6.0;2.7
19;2021-02-24;358;209;14743;6706;6.1;2.8
19;2021-02-25;519;374;15262;7080;6.4;2.9
19;2021-02-26;395;318;15657;7398;6.5;3.1
19;2021-02-27;347;160;16004;7558;6.7;3.1
19;2021-02-28;68;36;16072;7594;6.7;3.2
19;2021-03-01;266;220;16338;7814;6.8;3.3
19;2021-03-02;428;257;16766;8071;7.0;3.4
19;2021-03-03;688;334;17454;8405;7.3;3.5
19;2021-03-04;823;351;18277;8756;7.6;3.6
19;2021-03-05;892;733;19169;9489;8.0;3.9
19;2021-03-06;1072;211;20241;9700;8.4;4.0
19;2021-03-07;461;36;20702;9736;8.6;4.1
19;2021-03-08;636;157;21338;9893;8.9;4.1
19;2021-03-09;835;246;22173;10139;9.2;4.2
19;2021-03-10;1153;321;23326;10460;9.7;4.4
19;2021-03-11;1272;307;24598;10767;10.2;4.5
19;2021-03-12;1133;397;25731;11164;10.7;4.6
19;2021-03-13;1108;158;26839;11322;11.2;4.7
19;2021-03-14;158;84;26997;11406;11.2;4.7
19;2021-03-15;698;136;27695;11542;11.5;4.8
19;2021-03-16;688;300;28383;11842;11.8;4.9
19;2021-03-17;837;280;29220;12122;12.2;5.0
19;2021-03-18;766;283;29986;12405;12.5;5.2
19;2021-03-19;1013;484;30999;12889;12.9;5.4
19;2021-03-20;780;128;31779;13017;13.2;5.4
19;2021-03-21;127;3;31906;13020;13.3;5.4
19;2021-03-22;547;176;32453;13196;13.5;5.5
19;2021-03-23;1044;229;33497;13425;13.9;5.6
19;2021-03-24;1170;369;34667;13794;14.4;5.7
19;2021-03-25;1187;408;35854;14202;14.9;5.9
19;2021-03-26;1318;270;37172;14472;15.5;6.0
19;2021-03-27;855;182;38027;14654;15.8;6.1
19;2021-03-28;62;60;38089;14714;15.8;6.1
19;2021-03-29;610;177;38699;14891;16.1;6.2
19;2021-03-30;967;341;39666;15232;16.5;6.3
19;2021-03-31;1156;497;40822;15729;17.0;6.5
19;2021-04-01;1491;421;42313;16150;17.6;6.7
19;2021-04-02;1006;511;43319;16661;18.0;6.9
19;2021-04-03;597;282;43916;16943;18.3;7.0
19;2021-04-04;130;3;44046;16946;18.3;7.1
19;2021-04-05;40;75;44086;17021;18.3;7.1
19;2021-04-06;737;601;44823;17622;18.7;7.3
19;2021-04-07;978;732;45801;18354;19.1;7.6
19;2021-04-08;1115;1010;46916;19364;19.5;8.1
19;2021-04-09;1640;603;48556;19967;20.2;8.3
19;2021-04-10;944;551;49500;20518;20.6;8.5
19;2021-04-11;558;74;50058;20592;20.8;8.6
19;2021-04-12;677;521;50735;21113;21.1;8.8
19;2021-04-13;914;572;51649;21685;21.5;9.0
19;2021-04-14;1333;837;52982;22522;22.0;9.4
19;2021-04-15;1228;865;54210;23387;22.6;9.7
19;2021-04-16;1503;816;55713;24203;23.2;10.1
19;2021-04-17;761;473;56474;24676;23.5;10.3
19;2021-04-18;659;70;57133;24746;23.8;10.3
19;2021-04-19;728;434;57861;25180;24.1;10.5
19;2021-04-20;973;746;58834;25926;24.5;10.8
19;2021-04-21;1268;693;60102;26619;25.0;11.1
19;2021-04-22;1186;889;61288;27508;25.5;11.4
19;2021-04-23;1126;1013;62414;28521;26.0;11.9
19;2021-04-24;678;670;63092;29191;26.3;12.1
19;2021-04-25;675;67;63767;29258;26.5;12.2
19;2021-04-26;1056;327;64823;29585;27.0;12.3
19;2021-04-27;1027;533;65850;30118;27.4;12.5
19;2021-04-28;1548;549;67398;30667;28.0;12.8
19;2021-04-29;1451;1192;68849;31859;28.6;13.3
19;2021-04-30;1875;1045;70724;32904;29.4;13.7
19;2021-05-01;669;167;71393;33071;29.7;13.8
19;2021-05-02;550;148;71943;33219;29.9;13.8
19;2021-05-03;852;545;72795;33764;30.3;14.0
19;2021-05-04;1025;701;73820;34465;30.7;14.3
19;2021-05-05;1252;735;75072;35200;31.2;14.6
19;2021-05-06;1124;1201;76196;36401;31.7;15.1
19;2021-05-07;1658;1185;77854;37586;32.4;15.6
19;2021-05-08;710;212;78564;37798;32.7;15.7
19;2021-05-09;487;544;79051;38342;32.9;16.0
19;2021-05-10;1161;666;80212;39008;33.4;16.2
19;2021-05-11;1636;855;81848;39863;34.1;16.6
19;2021-05-12;1942;1317;83790;41180;34.9;17.1
19;2021-05-13;570;239;84360;41419;35.1;17.2
19;2021-05-14;1645;983;86005;42402;35.8;17.6
19;2021-05-15;1436;587;87441;42989;36.4;17.9
19;2021-05-16;349;82;87790;43071;36.5;17.9
19;2021-05-17;1497;542;89287;43613;37.2;18.1
19;2021-05-18;1669;481;90956;44094;37.8;18.3
19;2021-05-19;1997;813;92953;44907;38.7;18.7
19;2021-05-20;1717;881;94670;45788;39.4;19.1
19;2021-05-21;1963;811;96633;46599;40.2;19.4
19;2021-05-22;1270;651;97903;47250;40.7;19.7
19;2021-05-23;324;130;98227;47380;40.9;19.7
19;2021-05-24;139;46;98366;47426;40.9;19.7
19;2021-05-25;1501;482;99867;47908;41.6;19.9
19;2021-05-26;1923;661;101790;48569;42.4;20.2
19;2021-05-27;1785;829;103575;49398;43.1;20.6
19;2021-05-28;1936;985;105511;50383;43.9;21.0
19;2021-05-29;1372;705;106883;51088;44.5;21.3
19;2021-05-30;190;497;107073;51585;44.6;21.5
19;2021-05-31;1200;537;108273;52122;45.1;21.7
19;2021-06-01;1279;883;109552;53005;45.6;22.1
19;2021-06-02;1814;954;111366;53959;46.3;22.5
19;2021-06-03;1447;1250;112813;55209;46.9;23.0
19;2021-06-04;1838;1344;114651;56553;47.7;23.5
19;2021-06-05;1208;813;115859;57366;48.2;23.9
19;2021-06-06;87;649;115946;58015;48.2;24.1
19;2021-06-07;921;932;116867;58947;48.6;24.5
19;2021-06-08;1102;909;117969;59856;49.1;24.9
19;2021-06-09;1322;1460;119291;61316;49.6;25.5
19;2021-06-10;1255;1580;120546;62896;50.2;26.2
19;2021-06-11;1299;1916;121845;64812;50.7;27.0
19;2021-06-12;1346;1317;123191;66129;51.3;27.5
19;2021-06-13;533;421;123724;66550;51.5;27.7
19;2021-06-14;735;1019;124459;67569;51.8;28.1
19;2021-06-15;972;1142;125431;68711;52.2;28.6
19;2021-06-16;1219;1361;126650;70072;52.7;29.2
19;2021-06-17;855;1790;127505;71862;53.1;29.9
19;2021-06-18;1053;2140;128558;74002;53.5;30.8
19;2021-06-19;916;1298;129474;75300;53.9;31.3
19;2021-06-20;394;325;129868;75625;54.0;31.5
19;2021-06-21;496;1075;130364;76700;54.2;31.9
19;2021-06-22;693;1492;131057;78192;54.5;32.5
19;2021-06-23;734;1982;131791;80174;54.8;33.4
19;2021-06-24;684;1666;132475;81840;55.1;34.1
19;2021-06-25;556;2216;133031;84056;55.4;35.0
19;2021-06-26;467;1738;133498;85794;55.5;35.7
19;2021-06-27;288;444;133786;86238;55.7;35.9
19;2021-06-28;312;1500;134098;87738;55.8;36.5
19;2021-06-29;348;1892;134446;89630;55.9;37.3
19;2021-06-30;780;2154;135226;91784;56.3;38.2
19;2021-07-01;354;2320;135580;94104;56.4;39.2
19;2021-07-02;774;2318;136354;96422;56.7;40.1
19;2021-07-03;511;1735;136865;98157;56.9;40.8
19;2021-07-04;1;73;136866;98230;56.9;40.9
19;2021-07-05;593;1014;137459;99244;57.2;41.3
19;2021-07-06;503;1537;137962;100781;57.4;41.9
19;2021-07-07;701;2048;138663;102829;57.7;42.8
19;2021-07-08;762;2151;139425;104980;58.0;43.7
19;2021-07-09;710;2661;140135;107641;58.3;44.8
19;2021-07-10;567;1696;140702;109337;58.5;45.5
19;2021-07-11;45;212;140747;109549;58.6;45.6
19;2021-07-12;445;1487;141192;111036;58.7;46.2
19;2021-07-13;669;1832;141861;112868;59.0;47.0
19;2021-07-14;197;272;142058;113140;59.1;47.1
19;2021-07-15;863;2047;142921;115187;59.5;47.9
21;2020-12-27;4;0;4;0;0.0;0.0
21;2020-12-28;0;0;4;0;0.0;0.0
21;2020-12-29;19;0;23;0;0.0;0.0
21;2020-12-30;20;0;43;0;0.0;0.0
21;2020-12-31;0;0;43;0;0.0;0.0
21;2021-01-01;0;0;43;0;0.0;0.0
21;2021-01-02;1;0;44;0;0.0;0.0
21;2021-01-03;0;0;44;0;0.0;0.0
21;2021-01-04;22;0;66;0;0.0;0.0
21;2021-01-05;249;2;315;2;0.1;0.0
21;2021-01-06;300;0;615;2;0.1;0.0
21;2021-01-07;389;0;1004;2;0.2;0.0
21;2021-01-08;455;3;1459;5;0.3;0.0
21;2021-01-09;251;0;1710;5;0.3;0.0
21;2021-01-10;1;0;1711;5;0.3;0.0
21;2021-01-11;623;1;2334;6;0.4;0.0
21;2021-01-12;650;0;2984;6;0.6;0.0
21;2021-01-13;701;1;3685;7;0.7;0.0
21;2021-01-14;1182;5;4867;12;0.9;0.0
21;2021-01-15;713;4;5580;16;1.0;0.0
21;2021-01-16;162;0;5742;16;1.1;0.0
21;2021-01-17;4;0;5746;16;1.1;0.0
21;2021-01-18;1315;6;7061;22;1.3;0.0
21;2021-01-19;1360;1;8421;23;1.6;0.0
21;2021-01-20;1290;44;9711;67;1.8;0.0
21;2021-01-21;1528;2;11239;69;2.1;0.0
21;2021-01-22;1226;3;12465;72;2.3;0.0
21;2021-01-23;487;0;12952;72;2.4;0.0
21;2021-01-24;121;0;13073;72;2.5;0.0
21;2021-01-25;921;18;13994;90;2.6;0.0
21;2021-01-26;1516;145;15510;235;2.9;0.0
21;2021-01-27;2030;150;17540;385;3.3;0.1
21;2021-01-28;1445;224;18985;609;3.6;0.1
21;2021-01-29;1023;212;20008;821;3.8;0.2
21;2021-01-30;467;31;20475;852;3.8;0.2
21;2021-01-31;97;5;20572;857;3.9;0.2
21;2021-02-01;451;288;21023;1145;3.9;0.2
21;2021-02-02;454;440;21477;1585;4.0;0.3
21;2021-02-03;437;284;21914;1869;4.1;0.4
21;2021-02-04;416;552;22330;2421;4.2;0.5
21;2021-02-05;487;524;22817;2945;4.3;0.6
21;2021-02-06;151;224;22968;3169;4.3;0.6
21;2021-02-07;0;2;22968;3171;4.3;0.6
21;2021-02-08;434;391;23402;3562;4.4;0.7
21;2021-02-09;513;518;23915;4080;4.5;0.8
21;2021-02-10;460;581;24375;4661;4.6;0.9
21;2021-02-11;480;735;24855;5396;4.7;1.0
21;2021-02-12;358;939;25213;6335;4.7;1.2
21;2021-02-13;360;322;25573;6657;4.8;1.2
21;2021-02-14;237;146;25810;6803;4.8;1.3
21;2021-02-15;117;1432;25927;8235;4.9;1.5
21;2021-02-16;207;1580;26134;9815;4.9;1.8
21;2021-02-17;392;1984;26526;11799;5.0;2.2
21;2021-02-18;602;1360;27128;13159;5.1;2.5
21;2021-02-19;215;1147;27343;14306;5.1;2.7
21;2021-02-20;121;427;27464;14733;5.2;2.8
21;2021-02-21;0;83;27464;14816;5.2;2.8
21;2021-02-22;79;775;27543;15591;5.2;2.9
21;2021-02-23;171;1042;27714;16633;5.2;3.1
21;2021-02-24;224;741;27938;17374;5.2;3.3
21;2021-02-25;644;833;28582;18207;5.4;3.4
21;2021-02-26;922;718;29504;18925;5.5;3.6
21;2021-02-27;534;297;30038;19222;5.6;3.6
21;2021-02-28;24;133;30062;19355;5.6;3.6
21;2021-03-01;677;622;30739;19977;5.8;3.7
21;2021-03-02;1053;537;31792;20514;6.0;3.8
21;2021-03-03;1159;427;32951;20941;6.2;3.9
21;2021-03-04;1672;499;34623;21440;6.5;4.0
21;2021-03-05;2187;641;36810;22081;6.9;4.1
21;2021-03-06;1586;186;38396;22267;7.2;4.2
21;2021-03-07;4;16;38400;22283;7.2;4.2
21;2021-03-08;767;439;39167;22722;7.3;4.3
21;2021-03-09;1566;550;40733;23272;7.6;4.4
21;2021-03-10;1620;542;42353;23814;7.9;4.5
21;2021-03-11;2176;666;44529;24480;8.4;4.6
21;2021-03-12;2863;412;47392;24892;8.9;4.7
21;2021-03-13;1921;177;49313;25069;9.3;4.7
21;2021-03-14;36;50;49349;25119;9.3;4.7
21;2021-03-15;1400;76;50749;25195;9.5;4.7
21;2021-03-16;1877;139;52626;25334;9.9;4.8
21;2021-03-17;1799;96;54425;25430;10.2;4.8
21;2021-03-18;2113;249;56538;25679;10.6;4.8
21;2021-03-19;1955;129;58493;25808;11.0;4.8
21;2021-03-20;1228;31;59721;25839;11.2;4.8
21;2021-03-21;1;0;59722;25839;11.2;4.8
21;2021-03-22;1554;80;61276;25919;11.5;4.9
21;2021-03-23;2686;84;63962;26003;12.0;4.9
21;2021-03-24;2889;147;66851;26150;12.5;4.9
21;2021-03-25;3709;218;70560;26368;13.2;4.9
21;2021-03-26;3654;170;74214;26538;13.9;5.0
21;2021-03-27;1717;51;75931;26589;14.2;5.0
21;2021-03-28;197;37;76128;26626;14.3;5.0
21;2021-03-29;1784;512;77912;27138;14.6;5.1
21;2021-03-30;2348;794;80260;27932;15.1;5.2
21;2021-03-31;2710;640;82970;28572;15.6;5.4
21;2021-04-01;2687;706;85657;29278;16.1;5.5
21;2021-04-02;2241;734;87898;30012;16.5;5.6
21;2021-04-03;1017;256;88915;30268;16.7;5.7
21;2021-04-04;1;12;88916;30280;16.7;5.7
21;2021-04-05;4;0;88920;30280;16.7;5.7
21;2021-04-06;1352;1143;90272;31423;16.9;5.9
21;2021-04-07;1741;971;92013;32394;17.3;6.1
21;2021-04-08;3215;1108;95228;33502;17.9;6.3
21;2021-04-09;3475;1169;98703;34671;18.5;6.5
21;2021-04-10;1375;731;100078;35402;18.8;6.6
21;2021-04-11;143;1;100221;35403;18.8;6.6
21;2021-04-12;1117;1360;101338;36763;19.0;6.9
21;2021-04-13;1653;1780;102991;38543;19.3;7.2
21;2021-04-14;1474;1487;104465;40030;19.6;7.5
21;2021-04-15;1899;1591;106364;41621;20.0;7.8
21;2021-04-16;2303;1303;108667;42924;20.4;8.1
21;2021-04-17;1014;963;109681;43887;20.6;8.2
21;2021-04-18;13;4;109694;43891;20.6;8.2
21;2021-04-19;1105;1340;110799;45231;20.8;8.5
21;2021-04-20;1237;1837;112036;47068;21.0;8.8
21;2021-04-21;1089;1729;113125;48797;21.2;9.2
21;2021-04-22;1275;2209;114400;51006;21.5;9.6
21;2021-04-23;1977;1721;116377;52727;21.8;9.9
21;2021-04-24;1001;856;117378;53583;22.0;10.1
21;2021-04-25;7;165;117385;53748;22.0;10.1
21;2021-04-26;1007;1598;118392;55346;22.2;10.4
21;2021-04-27;1821;1946;120213;57292;22.6;10.8
21;2021-04-28;2223;2217;122436;59509;23.0;11.2
21;2021-04-29;3127;2249;125563;61758;23.6;11.6
21;2021-04-30;3542;1851;129105;63609;24.2;11.9
21;2021-05-01;961;221;130066;63830;24.4;12.0
21;2021-05-02;2;5;130068;63835;24.4;12.0
21;2021-05-03;2082;1347;132150;65182;24.8;12.2
21;2021-05-04;2580;1640;134730;66822;25.3;12.5
21;2021-05-05;2251;1690;136981;68512;25.7;12.9
21;2021-05-06;3004;2235;139985;70747;26.3;13.3
21;2021-05-07;2805;2171;142790;72918;26.8;13.7
21;2021-05-08;1063;261;143853;73179;27.0;13.7
21;2021-05-09;26;173;143879;73352;27.0;13.8
21;2021-05-10;3167;1715;147046;75067;27.6;14.1
21;2021-05-11;4914;2000;151960;77067;28.5;14.5
21;2021-05-12;4795;1733;156755;78800;29.4;14.8
21;2021-05-13;3844;359;160599;79159;30.1;14.9
21;2021-05-14;5192;1452;165791;80611;31.1;15.1
21;2021-05-15;3423;642;169214;81253;31.8;15.2
21;2021-05-16;48;5;169262;81258;31.8;15.2
21;2021-05-17;4128;1226;173390;82484;32.5;15.5
21;2021-05-18;4354;1479;177744;83963;33.4;15.8
21;2021-05-19;3472;1107;181216;85070;34.0;16.0
21;2021-05-20;3894;1341;185110;86411;34.7;16.2
21;2021-05-21;3614;2147;188724;88558;35.4;16.6
21;2021-05-22;1668;768;190392;89326;35.7;16.8
21;2021-05-23;3;17;190395;89343;35.7;16.8
21;2021-05-24;1811;265;192206;89608;36.1;16.8
21;2021-05-25;2643;1958;194849;91566;36.6;17.2
21;2021-05-26;2603;1980;197452;93546;37.1;17.6
21;2021-05-27;4011;2101;201463;95647;37.8;17.9
21;2021-05-28;3564;2812;205027;98459;38.5;18.5
21;2021-05-29;1926;1461;206953;99920;38.8;18.8
21;2021-05-30;96;13;207049;99933;38.9;18.8
21;2021-05-31;2497;1772;209546;101705;39.3;19.1
21;2021-06-01;3446;2242;212992;103947;40.0;19.5
21;2021-06-02;2611;1752;215603;105699;40.5;19.8
21;2021-06-03;3143;2068;218746;107767;41.0;20.2
21;2021-06-04;3244;2583;221990;110350;41.7;20.7
21;2021-06-05;2909;1651;224899;112001;42.2;21.0
21;2021-06-06;49;84;224948;112085;42.2;21.0
21;2021-06-07;4294;1333;229242;113418;43.0;21.3
21;2021-06-08;4913;2120;234155;115538;43.9;21.7
21;2021-06-09;4481;1605;238636;117143;44.8;22.0
21;2021-06-10;3883;2575;242519;119718;45.5;22.5
21;2021-06-11;4124;3097;246643;122815;46.3;23.0
21;2021-06-12;2187;1607;248830;124422;46.7;23.3
21;2021-06-13;27;11;248857;124433;46.7;23.4
21;2021-06-14;2187;2567;251044;127000;47.1;23.8
21;2021-06-15;2948;3093;253992;130093;47.7;24.4
21;2021-06-16;2833;2596;256825;132689;48.2;24.9
21;2021-06-17;3407;3042;260232;135731;48.8;25.5
21;2021-06-18;2407;3795;262639;139526;49.3;26.2
21;2021-06-19;2033;1865;264672;141391;49.7;26.5
21;2021-06-20;24;13;264696;141404;49.7;26.5
21;2021-06-21;1823;3408;266519;144812;50.0;27.2
21;2021-06-22;1865;5850;268384;150662;50.4;28.3
21;2021-06-23;2010;5013;270394;155675;50.7;29.2
21;2021-06-24;2339;4670;272733;160345;51.2;30.1
21;2021-06-25;1512;5899;274245;166244;51.5;31.2
21;2021-06-26;1427;3896;275672;170140;51.7;31.9
21;2021-06-27;16;125;275688;170265;51.7;32.0
21;2021-06-28;1381;4019;277069;174284;52.0;32.7
21;2021-06-29;1606;4183;278675;178467;52.3;33.5
21;2021-06-30;1533;3366;280208;181833;52.6;34.1
21;2021-07-01;1607;4131;281815;185964;52.9;34.9
21;2021-07-02;2148;4218;283963;190182;53.3;35.7
21;2021-07-03;1088;2095;285051;192277;53.5;36.1
21;2021-07-04;36;55;285087;192332;53.5;36.1
21;2021-07-05;1588;3624;286675;195956;53.8;36.8
21;2021-07-06;1344;3587;288019;199543;54.0;37.4
21;2021-07-07;1381;3228;289400;202771;54.3;38.1
21;2021-07-08;1807;4155;291207;206926;54.6;38.8
21;2021-07-09;2013;4346;293220;211272;55.0;39.6
21;2021-07-10;1084;2540;294304;213812;55.2;40.1
21;2021-07-11;18;74;294322;213886;55.2;40.1
21;2021-07-12;1602;3718;295924;217604;55.5;40.8
21;2021-07-13;2246;4873;298170;222477;56.0;41.7
21;2021-07-14;2864;1987;301034;224464;56.5;42.1
21;2021-07-15;3729;4528;304763;228992;57.2;43.0
22;2020-12-27;0;0;0;0;0.0;0.0
22;2020-12-28;0;0;0;0;0.0;0.0
22;2020-12-29;0;0;0;0;0.0;0.0
22;2020-12-30;0;0;0;0;0.0;0.0
22;2020-12-31;0;0;0;0;0.0;0.0
22;2021-01-01;0;0;0;0;0.0;0.0
22;2021-01-02;3;0;3;0;0.0;0.0
22;2021-01-03;0;0;3;0;0.0;0.0
22;2021-01-04;4;0;7;0;0.0;0.0
22;2021-01-05;61;0;68;0;0.0;0.0
22;2021-01-06;114;1;182;1;0.0;0.0
22;2021-01-07;66;0;248;1;0.0;0.0
22;2021-01-08;174;0;422;1;0.1;0.0
22;2021-01-09;1;0;423;1;0.1;0.0
22;2021-01-10;0;0;423;1;0.1;0.0
22;2021-01-11;233;3;656;4;0.1;0.0
22;2021-01-12;626;0;1282;4;0.2;0.0
22;2021-01-13;673;1;1955;5;0.3;0.0
22;2021-01-14;714;8;2669;13;0.4;0.0
22;2021-01-15;526;1;3195;14;0.5;0.0
22;2021-01-16;97;0;3292;14;0.6;0.0
22;2021-01-17;1;0;3293;14;0.6;0.0
22;2021-01-18;309;1;3602;15;0.6;0.0
22;2021-01-19;680;1;4282;16;0.7;0.0
22;2021-01-20;598;0;4880;16;0.8;0.0
22;2021-01-21;947;1;5827;17;1.0;0.0
22;2021-01-22;834;1;6661;18;1.1;0.0
22;2021-01-23;218;0;6879;18;1.2;0.0
22;2021-01-24;1;0;6880;18;1.2;0.0
22;2021-01-25;748;10;7628;28;1.3;0.0
22;2021-01-26;1010;59;8638;87;1.4;0.0
22;2021-01-27;3850;107;12488;194;2.1;0.0
22;2021-01-28;4454;82;16942;276;2.8;0.0
22;2021-01-29;1871;127;18813;403;3.2;0.1
22;2021-01-30;287;0;19100;403;3.2;0.1
22;2021-01-31;2;0;19102;403;3.2;0.1
22;2021-02-01;641;81;19743;484;3.3;0.1
22;2021-02-02;901;436;20644;920;3.5;0.2
22;2021-02-03;689;501;21333;1421;3.6;0.2
22;2021-02-04;965;636;22298;2057;3.7;0.3
22;2021-02-05;721;565;23019;2622;3.9;0.4
22;2021-02-06;248;0;23267;2622;3.9;0.4
22;2021-02-07;0;0;23267;2622;3.9;0.4
22;2021-02-08;529;134;23796;2756;4.0;0.5
22;2021-02-09;615;344;24411;3100;4.1;0.5
22;2021-02-10;423;201;24834;3301;4.2;0.6
22;2021-02-11;1086;322;25920;3623;4.3;0.6
22;2021-02-12;592;327;26512;3950;4.4;0.7
22;2021-02-13;318;78;26830;4028;4.5;0.7
22;2021-02-14;0;5;26830;4033;4.5;0.7
22;2021-02-15;669;427;27499;4460;4.6;0.7
22;2021-02-16;1041;704;28540;5164;4.8;0.9
22;2021-02-17;1201;2461;29741;7625;5.0;1.3
22;2021-02-18;2137;2999;31878;10624;5.3;1.8
22;2021-02-19;1633;1941;33511;12565;5.6;2.1
22;2021-02-20;479;210;33990;12775;5.7;2.1
22;2021-02-21;4;49;33994;12824;5.7;2.2
22;2021-02-22;401;721;34395;13545;5.8;2.3
22;2021-02-23;660;930;35055;14475;5.9;2.4
22;2021-02-24;694;945;35749;15420;6.0;2.6
22;2021-02-25;1197;1205;36946;16625;6.2;2.8
22;2021-02-26;1065;707;38011;17332;6.4;2.9
22;2021-02-27;563;284;38574;17616;6.5;3.0
22;2021-02-28;14;8;38588;17624;6.5;3.0
22;2021-03-01;950;522;39538;18146;6.6;3.0
22;2021-03-02;1204;876;40742;19022;6.8;3.2
22;2021-03-03;1321;860;42063;19882;7.1;3.3
22;2021-03-04;1590;925;43653;20807;7.3;3.5
22;2021-03-05;2099;802;45752;21609;7.7;3.6
22;2021-03-06;1110;289;46862;21898;7.9;3.7
22;2021-03-07;219;1;47081;21899;7.9;3.7
22;2021-03-08;1291;650;48372;22549;8.1;3.8
22;2021-03-09;1819;736;50191;23285;8.4;3.9
22;2021-03-10;1981;996;52172;24281;8.8;4.1
22;2021-03-11;2372;1645;54544;25926;9.1;4.3
22;2021-03-12;3093;944;57637;26870;9.7;4.5
22;2021-03-13;1706;285;59343;27155;10.0;4.6
22;2021-03-14;245;23;59588;27178;10.0;4.6
22;2021-03-15;1615;563;61203;27741;10.3;4.7
22;2021-03-16;1591;849;62794;28590;10.5;4.8
22;2021-03-17;2639;700;65433;29290;11.0;4.9
22;2021-03-18;2544;1111;67977;30401;11.4;5.1
22;2021-03-19;3275;800;71252;31201;12.0;5.2
22;2021-03-20;2206;284;73458;31485;12.3;5.3
22;2021-03-21;13;0;73471;31485;12.3;5.3
22;2021-03-22;2365;358;75836;31843;12.7;5.3
22;2021-03-23;3144;772;78980;32615;13.2;5.5
22;2021-03-24;3481;684;82461;33299;13.8;5.6
22;2021-03-25;3943;595;86404;33894;14.5;5.7
22;2021-03-26;3998;472;90402;34366;15.2;5.8
22;2021-03-27;2078;177;92480;34543;15.5;5.8
22;2021-03-28;67;1;92547;34544;15.5;5.8
22;2021-03-29;2768;907;95315;35451;16.0;5.9
22;2021-03-30;3557;1151;98872;36602;16.6;6.1
22;2021-03-31;3666;1085;102538;37687;17.2;6.3
22;2021-04-01;4914;1106;107452;38793;18.0;6.5
22;2021-04-02;4390;1033;111842;39826;18.8;6.7
22;2021-04-03;1996;403;113838;40229;19.1;6.7
22;2021-04-04;33;0;113871;40229;19.1;6.7
22;2021-04-05;14;0;113885;40229;19.1;6.7
22;2021-04-06;3283;1140;117168;41369;19.7;6.9
22;2021-04-07;3422;1357;120590;42726;20.2;7.2
22;2021-04-08;4441;1307;125031;44033;21.0;7.4
22;2021-04-09;5178;1339;130209;45372;21.8;7.6
22;2021-04-10;2439;362;132648;45734;22.2;7.7
22;2021-04-11;473;7;133121;45741;22.3;7.7
22;2021-04-12;2979;991;136100;46732;22.8;7.8
22;2021-04-13;3319;1512;139419;48244;23.4;8.1
22;2021-04-14;3162;2476;142581;50720;23.9;8.5
22;2021-04-15;3594;2435;146175;53155;24.5;8.9
22;2021-04-16;3622;2489;149797;55644;25.1;9.3
22;2021-04-17;1914;1782;151711;57426;25.4;9.6
22;2021-04-18;16;0;151727;57426;25.4;9.6
22;2021-04-19;3017;2137;154744;59563;26.0;10.0
22;2021-04-20;3304;2779;158048;62342;26.5;10.5
22;2021-04-21;3222;2721;161270;65063;27.1;10.9
22;2021-04-22;3575;3121;164845;68184;27.6;11.4
22;2021-04-23;3715;3149;168560;71333;28.3;12.0
22;2021-04-24;1986;1962;170546;73295;28.6;12.3
22;2021-04-25;14;0;170560;73295;28.6;12.3
22;2021-04-26;3206;2844;173766;76139;29.1;12.8
22;2021-04-27;3371;3144;177137;79283;29.7;13.3
22;2021-04-28;3480;3142;180617;82425;30.3;13.8
22;2021-04-29;4074;3268;184691;85693;31.0;14.4
22;2021-04-30;3902;3220;188593;88913;31.6;14.9
22;2021-05-01;59;69;188652;88982;31.6;14.9
22;2021-05-02;1236;55;189888;89037;31.9;14.9
22;2021-05-03;2019;2707;191907;91744;32.2;15.4
22;2021-05-04;2146;2893;194053;94637;32.5;15.9
22;2021-05-05;2042;3007;196095;97644;32.9;16.4
22;2021-05-06;2503;3497;198598;101141;33.3;17.0
22;2021-05-07;2817;3395;201415;104536;33.8;17.5
22;2021-05-08;45;122;201460;104658;33.8;17.6
22;2021-05-09;600;432;202060;105090;33.9;17.6
22;2021-05-10;4469;2713;206529;107803;34.6;18.1
22;2021-05-11;5098;2892;211627;110695;35.5;18.6
22;2021-05-12;6590;1006;218217;111701;36.6;18.7
22;2021-05-13;526;35;218743;111736;36.7;18.7
22;2021-05-14;6400;1076;225143;112812;37.8;18.9
22;2021-05-15;3985;423;229128;113235;38.4;19.0
22;2021-05-16;418;35;229546;113270;38.5;19.0
22;2021-05-17;5661;516;235207;113786;39.5;19.1
22;2021-05-18;6000;943;241207;114729;40.5;19.2
22;2021-05-19;6122;694;247329;115423;41.5;19.4
22;2021-05-20;6583;1367;253912;116790;42.6;19.6
22;2021-05-21;5882;1453;259794;118243;43.6;19.8
22;2021-05-22;4081;765;263875;119008;44.3;20.0
22;2021-05-23;404;12;264279;119020;44.3;20.0
22;2021-05-24;5302;206;269581;119226;45.2;20.0
22;2021-05-25;5626;1159;275207;120385;46.2;20.2
22;2021-05-26;4207;2792;279414;123177;46.9;20.7
22;2021-05-27;4494;3832;283908;127009;47.6;21.3
22;2021-05-28;4378;4431;288286;131440;48.4;22.0
22;2021-05-29;3041;1767;291327;133207;48.9;22.3
22;2021-05-30;19;7;291346;133214;48.9;22.3
22;2021-05-31;3644;3145;294990;136359;49.5;22.9
22;2021-06-01;3508;3683;298498;140042;50.1;23.5
22;2021-06-02;3076;3383;301574;143425;50.6;24.1
22;2021-06-03;3174;4092;304748;147517;51.1;24.7
22;2021-06-04;3332;4546;308080;152063;51.7;25.5
22;2021-06-05;3530;2024;311610;154087;52.3;25.8
22;2021-06-06;212;28;311822;154115;52.3;25.9
22;2021-06-07;2959;3250;314781;157365;52.8;26.4
22;2021-06-08;2735;3526;317516;160891;53.3;27.0
22;2021-06-09;2475;3505;319991;164396;53.7;27.6
22;2021-06-10;2444;4245;322435;168641;54.1;28.3
22;2021-06-11;2484;4228;324919;172869;54.5;29.0
22;2021-06-12;2357;1451;327276;174320;54.9;29.2
22;2021-06-13;131;1093;327407;175413;54.9;29.4
22;2021-06-14;2575;2464;329982;177877;55.3;29.8
22;2021-06-15;3045;3007;333027;180884;55.9;30.3
22;2021-06-16;2969;2808;335996;183692;56.4;30.8
22;2021-06-17;2541;3175;338537;186867;56.8;31.3
22;2021-06-18;3064;4120;341601;190987;57.3;32.0
22;2021-06-19;2945;1446;344546;192433;57.8;32.3
22;2021-06-20;139;6;344685;192439;57.8;32.3
22;2021-06-21;1749;5029;346434;197468;58.1;33.1
22;2021-06-22;2373;5562;348807;203030;58.5;34.1
22;2021-06-23;1251;6216;350058;209246;58.7;35.1
22;2021-06-24;2550;3923;352608;213169;59.1;35.8
22;2021-06-25;1537;6816;354145;219985;59.4;36.9
22;2021-06-26;775;3861;354920;223846;59.5;37.5
22;2021-06-27;4;512;354924;224358;59.5;37.6
22;2021-06-28;1035;5604;355959;229962;59.7;38.6
22;2021-06-29;1350;5964;357309;235926;59.9;39.6
22;2021-06-30;1098;5748;358407;241674;60.1;40.5
22;2021-07-01;1336;6050;359743;247724;60.3;41.6
22;2021-07-02;1645;6099;361388;253823;60.6;42.6
22;2021-07-03;979;3814;362367;257637;60.8;43.2
22;2021-07-04;142;363;362509;258000;60.8;43.3
22;2021-07-05;1534;5801;364043;263801;61.1;44.2
22;2021-07-06;2278;5995;366321;269796;61.4;45.3
22;2021-07-07;2228;4935;368549;274731;61.8;46.1
22;2021-07-08;2468;5090;371017;279821;62.2;46.9
22;2021-07-09;2445;5379;373462;285200;62.6;47.8
22;2021-07-10;1744;3347;375206;288547;62.9;48.4
22;2021-07-11;477;71;375683;288618;63.0;48.4
22;2021-07-12;2270;4727;377953;293345;63.4;49.2
22;2021-07-13;3724;5037;381677;298382;64.0;50.0
22;2021-07-14;692;2495;382369;300877;64.1;50.5
22;2021-07-15;3691;4601;386060;305478;64.8;51.2
23;2020-12-27;0;0;0;0;0.0;0.0
23;2020-12-28;1;0;1;0;0.0;0.0
23;2020-12-29;0;0;1;0;0.0;0.0
23;2020-12-30;0;0;1;0;0.0;0.0
23;2020-12-31;0;0;1;0;0.0;0.0
23;2021-01-01;0;0;1;0;0.0;0.0
23;2021-01-02;1;0;2;0;0.0;0.0
23;2021-01-03;0;0;2;0;0.0;0.0
23;2021-01-04;1;0;3;0;0.0;0.0
23;2021-01-05;3;0;6;0;0.0;0.0
23;2021-01-06;10;0;16;0;0.0;0.0
23;2021-01-07;116;0;132;0;0.1;0.0
23;2021-01-08;116;0;248;0;0.2;0.0
23;2021-01-09;35;0;283;0;0.2;0.0
23;2021-01-10;1;0;284;0;0.2;0.0
23;2021-01-11;173;0;457;0;0.4;0.0
23;2021-01-12;234;1;691;1;0.6;0.0
23;2021-01-13;308;1;999;2;0.9;0.0
23;2021-01-14;290;3;1289;5;1.1;0.0
23;2021-01-15;334;2;1623;7;1.4;0.0
23;2021-01-16;163;1;1786;8;1.5;0.0
23;2021-01-17;0;0;1786;8;1.5;0.0
23;2021-01-18;341;1;2127;9;1.8;0.0
23;2021-01-19;497;1;2624;10;2.3;0.0
23;2021-01-20;362;0;2986;10;2.6;0.0
23;2021-01-21;695;1;3681;11;3.2;0.0
23;2021-01-22;477;0;4158;11;3.6;0.0
23;2021-01-23;368;1;4526;12;3.9;0.0
23;2021-01-24;0;0;4526;12;3.9;0.0
23;2021-01-25;382;16;4908;28;4.2;0.0
23;2021-01-26;300;4;5208;32;4.5;0.0
23;2021-01-27;228;3;5436;35;4.7;0.0
23;2021-01-28;233;47;5669;82;4.9;0.1
23;2021-01-29;301;103;5970;185;5.1;0.2
23;2021-01-30;100;28;6070;213;5.2;0.2
23;2021-01-31;2;34;6072;247;5.2;0.2
23;2021-02-01;147;106;6219;353;5.3;0.3
23;2021-02-02;157;123;6376;476;5.5;0.4
23;2021-02-03;105;211;6481;687;5.6;0.6
23;2021-02-04;78;265;6559;952;5.6;0.8
23;2021-02-05;115;314;6674;1266;5.7;1.1
23;2021-02-06;14;168;6688;1434;5.8;1.2
23;2021-02-07;1;0;6689;1434;5.8;1.2
23;2021-02-08;125;218;6814;1652;5.9;1.4
23;2021-02-09;85;296;6899;1948;5.9;1.7
23;2021-02-10;89;283;6988;2231;6.0;1.9
23;2021-02-11;244;589;7232;2820;6.2;2.4
23;2021-02-12;171;284;7403;3104;6.4;2.7
23;2021-02-13;8;192;7411;3296;6.4;2.8
23;2021-02-14;8;0;7419;3296;6.4;2.8
23;2021-02-15;157;367;7576;3663;6.5;3.2
23;2021-02-16;103;445;7679;4108;6.6;3.5
23;2021-02-17;65;495;7744;4603;6.7;4.0
23;2021-02-18;142;371;7886;4974;6.8;4.3
23;2021-02-19;109;253;7995;5227;6.9;4.5
23;2021-02-20;2;94;7997;5321;6.9;4.6
23;2021-02-21;0;0;7997;5321;6.9;4.6
23;2021-02-22;103;212;8100;5533;7.0;4.8
23;2021-02-23;107;219;8207;5752;7.1;4.9
23;2021-02-24;174;169;8381;5921;7.2;5.1
23;2021-02-25;183;108;8564;6029;7.4;5.2
23;2021-02-26;286;165;8850;6194;7.6;5.3
23;2021-02-27;112;10;8962;6204;7.7;5.3
23;2021-02-28;1;31;8963;6235;7.7;5.4
23;2021-03-01;88;200;9051;6435;7.8;5.5
23;2021-03-02;229;132;9280;6567;8.0;5.6
23;2021-03-03;131;90;9411;6657;8.1;5.7
23;2021-03-04;307;138;9718;6795;8.4;5.8
23;2021-03-05;517;109;10235;6904;8.8;5.9
23;2021-03-06;494;2;10729;6906;9.2;5.9
23;2021-03-07;312;2;11041;6908;9.5;5.9
23;2021-03-08;196;72;11237;6980;9.7;6.0
23;2021-03-09;421;92;11658;7072;10.0;6.1
23;2021-03-10;348;38;12006;7110;10.3;6.1
23;2021-03-11;323;47;12329;7157;10.6;6.2
23;2021-03-12;616;32;12945;7189;11.1;6.2
23;2021-03-13;283;12;13228;7201;11.4;6.2
23;2021-03-14;45;34;13273;7235;11.4;6.2
23;2021-03-15;220;126;13493;7361;11.6;6.3
23;2021-03-16;192;90;13685;7451;11.8;6.4
23;2021-03-17;131;101;13816;7552;11.9;6.5
23;2021-03-18;191;94;14007;7646;12.0;6.6
23;2021-03-19;204;119;14211;7765;12.2;6.7
23;2021-03-20;629;35;14840;7800;12.8;6.7
23;2021-03-21;127;0;14967;7800;12.9;6.7
23;2021-03-22;264;147;15231;7947;13.1;6.8
23;2021-03-23;503;105;15734;8052;13.5;6.9
23;2021-03-24;422;123;16156;8175;13.9;7.0
23;2021-03-25;818;183;16974;8358;14.6;7.2
23;2021-03-26;733;193;17707;8551;15.2;7.4
23;2021-03-27;505;47;18212;8598;15.7;7.4
23;2021-03-28;3;9;18215;8607;15.7;7.4
23;2021-03-29;358;110;18573;8717;16.0;7.5
23;2021-03-30;537;172;19110;8889;16.4;7.6
23;2021-03-31;411;169;19521;9058;16.8;7.8
23;2021-04-01;600;163;20121;9221;17.3;7.9
23;2021-04-02;497;294;20618;9515;17.7;8.2
23;2021-04-03;715;40;21333;9555;18.3;8.2
23;2021-04-04;4;0;21337;9555;18.4;8.2
23;2021-04-05;0;3;21337;9558;18.4;8.2
23;2021-04-06;381;291;21718;9849;18.7;8.5
23;2021-04-07;705;307;22423;10156;19.3;8.7
23;2021-04-08;803;227;23226;10383;20.0;8.9
23;2021-04-09;938;351;24164;10734;20.8;9.2
23;2021-04-10;1097;106;25261;10840;21.7;9.3
23;2021-04-11;21;2;25282;10842;21.7;9.3
23;2021-04-12;692;229;25974;11071;22.3;9.5
23;2021-04-13;665;298;26639;11369;22.9;9.8
23;2021-04-14;586;171;27225;11540;23.4;9.9
23;2021-04-15;928;181;28153;11721;24.2;10.1
23;2021-04-16;901;199;29054;11920;25.0;10.3
23;2021-04-17;994;550;30048;12470;25.8;10.7
23;2021-04-18;4;136;30052;12606;25.8;10.8
23;2021-04-19;610;294;30662;12900;26.4;11.1
23;2021-04-20;720;289;31382;13189;27.0;11.3
23;2021-04-21;732;384;32114;13573;27.6;11.7
23;2021-04-22;657;473;32771;14046;28.2;12.1
23;2021-04-23;591;339;33362;14385;28.7;12.4
23;2021-04-24;854;448;34216;14833;29.4;12.8
23;2021-04-25;0;0;34216;14833;29.4;12.8
23;2021-04-26;614;252;34830;15085;30.0;13.0
23;2021-04-27;676;425;35506;15510;30.5;13.3
23;2021-04-28;625;274;36131;15784;31.1;13.6
23;2021-04-29;882;376;37013;16160;31.8;13.9
23;2021-04-30;719;786;37732;16946;32.5;14.6
23;2021-05-01;1223;30;38955;16976;33.5;14.6
23;2021-05-02;12;0;38967;16976;33.5;14.6
23;2021-05-03;423;519;39390;17495;33.9;15.0
23;2021-05-04;616;509;40006;18004;34.4;15.5
23;2021-05-05;538;711;40544;18715;34.9;16.1
23;2021-05-06;727;699;41271;19414;35.5;16.7
23;2021-05-07;682;637;41953;20051;36.1;17.2
23;2021-05-08;1406;584;43359;20635;37.3;17.7
23;2021-05-09;3;0;43362;20635;37.3;17.7
23;2021-05-10;553;654;43915;21289;37.8;18.3
23;2021-05-11;560;763;44475;22052;38.3;19.0
23;2021-05-12;719;659;45194;22711;38.9;19.5
23;2021-05-13;536;55;45730;22766;39.3;19.6
23;2021-05-14;789;461;46519;23227;40.0;20.0
23;2021-05-15;994;231;47513;23458;40.9;20.2
23;2021-05-16;0;0;47513;23458;40.9;20.2
23;2021-05-17;566;448;48079;23906;41.4;20.6
23;2021-05-18;773;291;48852;24197;42.0;20.8
23;2021-05-19;1049;256;49901;24453;42.9;21.0
23;2021-05-20;836;316;50737;24769;43.6;21.3
23;2021-05-21;1104;312;51841;25081;44.6;21.6
23;2021-05-22;739;125;52580;25206;45.2;21.7
23;2021-05-23;1;20;52581;25226;45.2;21.7
23;2021-05-24;360;163;52941;25389;45.5;21.8
23;2021-05-25;903;336;53844;25725;46.3;22.1
23;2021-05-26;1074;224;54918;25949;47.2;22.3
23;2021-05-27;929;425;55847;26374;48.0;22.7
23;2021-05-28;780;743;56627;27117;48.7;23.3
23;2021-05-29;637;1096;57264;28213;49.3;24.3
23;2021-05-30;6;63;57270;28276;49.3;24.3
23;2021-05-31;432;540;57702;28816;49.6;24.8
23;2021-06-01;581;820;58283;29636;50.1;25.5
23;2021-06-02;623;521;58906;30157;50.7;25.9
23;2021-06-03;705;547;59611;30704;51.3;26.4
23;2021-06-04;773;611;60384;31315;51.9;26.9
23;2021-06-05;545;778;60929;32093;52.4;27.6
23;2021-06-06;0;0;60929;32093;52.4;27.6
23;2021-06-07;393;697;61322;32790;52.7;28.2
23;2021-06-08;320;775;61642;33565;53.0;28.9
23;2021-06-09;284;652;61926;34217;53.3;29.4
23;2021-06-10;370;691;62296;34908;53.6;30.0
23;2021-06-11;377;808;62673;35716;53.9;30.7
23;2021-06-12;380;1263;63053;36979;54.2;31.8
23;2021-06-13;13;5;63066;36984;54.2;31.8
23;2021-06-14;233;590;63299;37574;54.4;32.3
23;2021-06-15;227;862;63526;38436;54.6;33.1
23;2021-06-16;362;581;63888;39017;54.9;33.6
23;2021-06-17;337;810;64225;39827;55.2;34.3
23;2021-06-18;351;765;64576;40592;55.5;34.9
23;2021-06-19;487;1524;65063;42116;56.0;36.2
23;2021-06-20;1;11;65064;42127;56.0;36.2
23;2021-06-21;203;625;65267;42752;56.1;36.8
23;2021-06-22;213;684;65480;43436;56.3;37.4
23;2021-06-23;212;750;65692;44186;56.5;38.0
23;2021-06-24;195;607;65887;44793;56.7;38.5
23;2021-06-25;301;816;66188;45609;56.9;39.2
23;2021-06-26;220;1000;66408;46609;57.1;40.1
23;2021-06-27;0;0;66408;46609;57.1;40.1
23;2021-06-28;112;696;66520;47305;57.2;40.7
23;2021-06-29;186;823;66706;48128;57.4;41.4
23;2021-06-30;164;946;66870;49074;57.5;42.2
23;2021-07-01;165;870;67035;49944;57.7;43.0
23;2021-07-02;189;1072;67224;51016;57.8;43.9
23;2021-07-03;247;979;67471;51995;58.0;44.7
23;2021-07-04;1;0;67472;51995;58.0;44.7
23;2021-07-05;149;806;67621;52801;58.2;45.4
23;2021-07-06;210;1045;67831;53846;58.3;46.3
23;2021-07-07;207;854;68038;54700;58.5;47.0
23;2021-07-08;246;739;68284;55439;58.7;47.7
23;2021-07-09;270;1009;68554;56448;59.0;48.5
23;2021-07-10;233;646;68787;57094;59.2;49.1
23;2021-07-11;0;0;68787;57094;59.2;49.1
23;2021-07-12;231;699;69018;57793;59.4;49.7
23;2021-07-13;469;917;69487;58710;59.8;50.5
23;2021-07-14;208;321;69695;59031;59.9;50.8
23;2021-07-15;459;806;70154;59837;60.3;51.5
24;2020-12-27;0;0;0;0;0.0;0.0
24;2020-12-28;0;0;0;0;0.0;0.0
24;2020-12-29;2;0;2;0;0.0;0.0
24;2020-12-30;1;0;3;0;0.0;0.0
24;2020-12-31;0;0;3;0;0.0;0.0
24;2021-01-01;0;0;3;0;0.0;0.0
24;2021-01-02;0;0;3;0;0.0;0.0
24;2021-01-03;0;0;3;0;0.0;0.0
24;2021-01-04;0;0;3;0;0.0;0.0
24;2021-01-05;0;0;3;0;0.0;0.0
24;2021-01-06;0;0;3;0;0.0;0.0
24;2021-01-07;190;0;193;0;0.0;0.0
24;2021-01-08;280;0;473;0;0.1;0.0
24;2021-01-09;185;0;658;0;0.2;0.0
24;2021-01-10;35;0;693;0;0.2;0.0
24;2021-01-11;269;0;962;0;0.2;0.0
24;2021-01-12;281;0;1243;0;0.3;0.0
24;2021-01-13;233;1;1476;1;0.4;0.0
24;2021-01-14;1011;7;2487;8;0.6;0.0
24;2021-01-15;602;3;3089;11;0.8;0.0
24;2021-01-16;86;0;3175;11;0.8;0.0
24;2021-01-17;1;1;3176;12;0.8;0.0
24;2021-01-18;298;0;3474;12;0.9;0.0
24;2021-01-19;467;1;3941;13;1.0;0.0
24;2021-01-20;550;0;4491;13;1.1;0.0
24;2021-01-21;644;4;5135;17;1.3;0.0
24;2021-01-22;512;0;5647;17;1.4;0.0
24;2021-01-23;149;1;5796;18;1.4;0.0
24;2021-01-24;2;0;5798;18;1.4;0.0
24;2021-01-25;440;0;6238;18;1.5;0.0
24;2021-01-26;631;66;6869;84;1.7;0.0
24;2021-01-27;1261;11;8130;95;2.0;0.0
24;2021-01-28;983;121;9113;216;2.2;0.1
24;2021-01-29;931;137;10044;353;2.5;0.1
24;2021-01-30;281;1;10325;354;2.5;0.1
24;2021-01-31;0;0;10325;354;2.5;0.1
24;2021-02-01;375;173;10700;527;2.6;0.1
24;2021-02-02;611;313;11311;840;2.8;0.2
24;2021-02-03;650;493;11961;1333;2.9;0.3
24;2021-02-04;971;392;12932;1725;3.2;0.4
24;2021-02-05;684;449;13616;2174;3.3;0.5
24;2021-02-06;137;35;13753;2209;3.4;0.5
24;2021-02-07;33;0;13786;2209;3.4;0.5
24;2021-02-08;309;232;14095;2441;3.5;0.6
24;2021-02-09;450;229;14545;2670;3.6;0.7
24;2021-02-10;372;111;14917;2781;3.7;0.7
24;2021-02-11;555;518;15472;3299;3.8;0.8
24;2021-02-12;495;392;15967;3691;3.9;0.9
24;2021-02-13;200;46;16167;3737;4.0;0.9
24;2021-02-14;88;1;16255;3738;4.0;0.9
24;2021-02-15;185;243;16440;3981;4.0;1.0
24;2021-02-16;334;524;16774;4505;4.1;1.1
24;2021-02-17;580;827;17354;5332;4.2;1.3
24;2021-02-18;435;727;17789;6059;4.4;1.5
24;2021-02-19;461;677;18250;6736;4.5;1.6
24;2021-02-20;163;143;18413;6879;4.5;1.7
24;2021-02-21;107;0;18520;6879;4.5;1.7
24;2021-02-22;426;527;18946;7406;4.6;1.8
24;2021-02-23;562;680;19508;8086;4.8;2.0
24;2021-02-24;532;829;20040;8915;4.9;2.2
24;2021-02-25;723;861;20763;9776;5.1;2.4
24;2021-02-26;971;970;21734;10746;5.3;2.6
24;2021-02-27;359;265;22093;11011;5.4;2.7
24;2021-02-28;22;4;22115;11015;5.4;2.7
24;2021-03-01;293;374;22408;11389;5.5;2.8
24;2021-03-02;538;417;22946;11806;5.6;2.9
24;2021-03-03;674;339;23620;12145;5.8;3.0
24;2021-03-04;913;496;24533;12641;6.0;3.1
24;2021-03-05;1064;550;25597;13191;6.3;3.2
24;2021-03-06;1121;140;26718;13331;6.5;3.3
24;2021-03-07;232;62;26950;13393;6.6;3.3
24;2021-03-08;530;258;27480;13651;6.7;3.3
24;2021-03-09;1169;440;28649;14091;7.0;3.5
24;2021-03-10;1139;446;29788;14537;7.3;3.6
24;2021-03-11;1602;459;31390;14996;7.7;3.7
24;2021-03-12;2047;439;33437;15435;8.2;3.8
24;2021-03-13;1344;199;34781;15634;8.5;3.8
24;2021-03-14;142;92;34923;15726;8.6;3.9
24;2021-03-15;947;166;35870;15892;8.8;3.9
24;2021-03-16;1139;231;37009;16123;9.1;3.9
24;2021-03-17;1211;281;38220;16404;9.4;4.0
24;2021-03-18;1054;548;39274;16952;9.6;4.2
24;2021-03-19;1247;533;40521;17485;9.9;4.3
24;2021-03-20;1054;145;41575;17630;10.2;4.3
24;2021-03-21;23;11;41598;17641;10.2;4.3
24;2021-03-22;1222;422;42820;18063;10.5;4.4
24;2021-03-23;1876;399;44696;18462;10.9;4.5
24;2021-03-24;1888;382;46584;18844;11.4;4.6
24;2021-03-25;1986;465;48570;19309;11.9;4.7
24;2021-03-26;2371;281;50941;19590;12.5;4.8
24;2021-03-27;1348;41;52289;19631;12.8;4.8
24;2021-03-28;60;9;52349;19640;12.8;4.8
24;2021-03-29;1669;325;54018;19965;13.2;4.9
24;2021-03-30;2406;389;56424;20354;13.8;5.0
24;2021-03-31;2173;307;58597;20661;14.3;5.1
24;2021-04-01;2194;305;60791;20966;14.9;5.1
24;2021-04-02;2069;396;62860;21362;15.4;5.2
24;2021-04-03;1371;122;64231;21484;15.7;5.3
24;2021-04-04;73;0;64304;21484;15.7;5.3
24;2021-04-05;945;55;65249;21539;16.0;5.3
24;2021-04-06;2349;693;67598;22232;16.6;5.4
24;2021-04-07;2714;681;70312;22913;17.2;5.6
24;2021-04-08;3001;948;73313;23861;18.0;5.8
24;2021-04-09;3484;996;76797;24857;18.8;6.1
24;2021-04-10;2584;303;79381;25160;19.4;6.2
24;2021-04-11;1101;14;80482;25174;19.7;6.2
24;2021-04-12;2492;813;82974;25987;20.3;6.4
24;2021-04-13;2902;1198;85876;27185;21.0;6.7
24;2021-04-14;2930;1183;88806;28368;21.7;6.9
24;2021-04-15;2787;1068;91593;29436;22.4;7.2
24;2021-04-16;3263;947;94856;30383;23.2;7.4
24;2021-04-17;2268;497;97124;30880;23.8;7.6
24;2021-04-18;424;5;97548;30885;23.9;7.6
24;2021-04-19;1602;1002;99150;31887;24.3;7.8
24;2021-04-20;2261;1419;101411;33306;24.8;8.2
24;2021-04-21;2141;1435;103552;34741;25.4;8.5
24;2021-04-22;2057;1248;105609;35989;25.9;8.8
24;2021-04-23;1950;1322;107559;37311;26.3;9.1
24;2021-04-24;851;722;108410;38033;26.5;9.3
24;2021-04-25;54;4;108464;38037;26.6;9.3
24;2021-04-26;1294;1483;109758;39520;26.9;9.7
24;2021-04-27;1850;1878;111608;41398;27.3;10.1
24;2021-04-28;1502;1954;113110;43352;27.7;10.6
24;2021-04-29;1724;1886;114834;45238;28.1;11.1
24;2021-04-30;2265;1773;117099;47011;28.7;11.5
24;2021-05-01;2050;1058;119149;48069;29.2;11.8
24;2021-05-02;1921;208;121070;48277;29.6;11.8
24;2021-05-03;1468;1833;122538;50110;30.0;12.3
24;2021-05-04;2227;2284;124765;52394;30.6;12.8
24;2021-05-05;1881;2712;126646;55106;31.0;13.5
24;2021-05-06;1884;2762;128530;57868;31.5;14.2
24;2021-05-07;2257;2776;130787;60644;32.0;14.8
24;2021-05-08;1281;1149;132068;61793;32.3;15.1
24;2021-05-09;1165;899;133233;62692;32.6;15.4
24;2021-05-10;1090;2627;134323;65319;32.9;16.0
24;2021-05-11;2030;2785;136353;68104;33.4;16.7
24;2021-05-12;1920;2249;138273;70353;33.9;17.2
24;2021-05-13;1455;1212;139728;71565;34.2;17.5
24;2021-05-14;2376;1334;142104;72899;34.8;17.9
24;2021-05-15;2048;810;144152;73709;35.3;18.0
24;2021-05-16;1169;346;145321;74055;35.6;18.1
24;2021-05-17;2244;1253;147565;75308;36.1;18.4
24;2021-05-18;2480;1815;150045;77123;36.7;18.9
24;2021-05-19;2284;1375;152329;78498;37.3;19.2
24;2021-05-20;2369;1577;154698;80075;37.9;19.6
24;2021-05-21;2429;1410;157127;81485;38.5;20.0
24;2021-05-22;1715;406;158842;81891;38.9;20.1
24;2021-05-23;950;73;159792;81964;39.1;20.1
24;2021-05-24;1513;335;161305;82299;39.5;20.2
24;2021-05-25;2290;1378;163595;83677;40.1;20.5
24;2021-05-26;2144;1312;165739;84989;40.6;20.8
24;2021-05-27;1747;2198;167486;87187;41.0;21.3
24;2021-05-28;2144;2001;169630;89188;41.5;21.8
24;2021-05-29;1145;2086;170775;91274;41.8;22.3
24;2021-05-30;1415;171;172190;91445;42.2;22.4
24;2021-05-31;1742;1363;173932;92808;42.6;22.7
24;2021-06-01;2566;1962;176498;94770;43.2;23.2
24;2021-06-02;2652;1782;179150;96552;43.9;23.6
24;2021-06-03;2285;1460;181435;98012;44.4;24.0
24;2021-06-04;2367;1891;183802;99903;45.0;24.5
24;2021-06-05;2002;1416;185804;101319;45.5;24.8
24;2021-06-06;763;222;186567;101541;45.7;24.9
24;2021-06-07;1427;1490;187994;103031;46.0;25.2
24;2021-06-08;1665;1910;189659;104941;46.4;25.7
24;2021-06-09;1314;1594;190973;106535;46.8;26.1
24;2021-06-10;1566;1912;192539;108447;47.1;26.6
24;2021-06-11;1319;2082;193858;110529;47.5;27.1
24;2021-06-12;1120;2544;194978;113073;47.7;27.7
24;2021-06-13;1226;921;196204;113994;48.0;27.9
24;2021-06-14;1148;1855;197352;115849;48.3;28.4
24;2021-06-15;1483;2995;198835;118844;48.7;29.1
24;2021-06-16;1655;2735;200490;121579;49.1;29.8
24;2021-06-17;1542;2186;202032;123765;49.5;30.3
24;2021-06-18;1392;2880;203424;126645;49.8;31.0
24;2021-06-19;1255;1530;204679;128175;50.1;31.4
24;2021-06-20;511;498;205190;128673;50.2;31.5
24;2021-06-21;924;1841;206114;130514;50.5;32.0
24;2021-06-22;1419;2595;207533;133109;50.8;32.6
24;2021-06-23;1417;2428;208950;135537;51.2;33.2
24;2021-06-24;1110;1916;210060;137453;51.4;33.7
24;2021-06-25;959;2823;211019;140276;51.7;34.3
24;2021-06-26;854;2106;211873;142382;51.9;34.9
24;2021-06-27;397;976;212270;143358;52.0;35.1
24;2021-06-28;806;2486;213076;145844;52.2;35.7
24;2021-06-29;926;2871;214002;148715;52.4;36.4
24;2021-06-30;1090;2463;215092;151178;52.7;37.0
24;2021-07-01;1113;2296;216205;153474;52.9;37.6
24;2021-07-02;1081;2748;217286;156222;53.2;38.3
24;2021-07-03;805;1904;218091;158126;53.4;38.7
24;2021-07-04;409;1012;218500;159138;53.5;39.0
24;2021-07-05;783;2321;219283;161459;53.7;39.5
24;2021-07-06;877;3352;220160;164811;53.9;40.4
24;2021-07-07;1074;3038;221234;167849;54.2;41.1
24;2021-07-08;1332;2115;222566;169964;54.5;41.6
24;2021-07-09;1157;3216;223723;173180;54.8;42.4
24;2021-07-10;473;1956;224196;175136;54.9;42.9
24;2021-07-11;584;1188;224780;176324;55.0;43.2
24;2021-07-12;889;2516;225669;178840;55.3;43.8
24;2021-07-13;1311;3215;226980;182055;55.6;44.6
24;2021-07-14;613;1187;227593;183242;55.7;44.9
24;2021-07-15;1652;2773;229245;186015;56.1;45.5
25;2020-12-27;0;0;0;0;0.0;0.0
25;2020-12-28;0;0;0;0;0.0;0.0
25;2020-12-29;0;0;0;0;0.0;0.0
25;2020-12-30;0;0;0;0;0.0;0.0
25;2020-12-31;2;0;2;0;0.0;0.0
25;2021-01-01;0;0;2;0;0.0;0.0
25;2021-01-02;0;0;2;0;0.0;0.0
25;2021-01-03;0;0;2;0;0.0;0.0
25;2021-01-04;0;0;2;0;0.0;0.0
25;2021-01-05;1;0;3;0;0.0;0.0
25;2021-01-06;75;1;78;1;0.0;0.0
25;2021-01-07;234;1;312;2;0.1;0.0
25;2021-01-08;342;0;654;2;0.1;0.0
25;2021-01-09;103;0;757;2;0.1;0.0
25;2021-01-10;0;0;757;2;0.1;0.0
25;2021-01-11;498;2;1255;4;0.2;0.0
25;2021-01-12;673;2;1928;6;0.4;0.0
25;2021-01-13;626;0;2554;6;0.5;0.0
25;2021-01-14;894;16;3448;22;0.6;0.0
25;2021-01-15;782;6;4230;28;0.8;0.0
25;2021-01-16;206;1;4436;29;0.8;0.0
25;2021-01-17;112;0;4548;29;0.8;0.0
25;2021-01-18;1294;4;5842;33;1.1;0.0
25;2021-01-19;1411;4;7253;37;1.3;0.0
25;2021-01-20;1418;4;8671;41;1.6;0.0
25;2021-01-21;1788;1;10459;42;1.9;0.0
25;2021-01-22;1503;3;11962;45;2.2;0.0
25;2021-01-23;496;0;12458;45;2.3;0.0
25;2021-01-24;119;0;12577;45;2.3;0.0
25;2021-01-25;988;0;13565;45;2.5;0.0
25;2021-01-26;1486;42;15051;87;2.8;0.0
25;2021-01-27;1246;70;16297;157;3.0;0.0
25;2021-01-28;1089;75;17386;232;3.2;0.0
25;2021-01-29;904;228;18290;460;3.4;0.1
25;2021-01-30;293;92;18583;552;3.4;0.1
25;2021-01-31;2;0;18585;552;3.4;0.1
25;2021-02-01;611;221;19196;773;3.6;0.1
25;2021-02-02;674;414;19870;1187;3.7;0.2
25;2021-02-03;759;249;20629;1436;3.8;0.3
25;2021-02-04;715;448;21344;1884;4.0;0.3
25;2021-02-05;517;465;21861;2349;4.1;0.4
25;2021-02-06;198;157;22059;2506;4.1;0.5
25;2021-02-07;2;34;22061;2540;4.1;0.5
25;2021-02-08;612;507;22673;3047;4.2;0.6
25;2021-02-09;616;491;23289;3538;4.3;0.7
25;2021-02-10;817;479;24106;4017;4.5;0.7
25;2021-02-11;586;853;24692;4870;4.6;0.9
25;2021-02-12;413;549;25105;5419;4.7;1.0
25;2021-02-13;97;140;25202;5559;4.7;1.0
25;2021-02-14;0;0;25202;5559;4.7;1.0
25;2021-02-15;187;1040;25389;6599;4.7;1.2
25;2021-02-16;212;1450;25601;8049;4.7;1.5
25;2021-02-17;109;1344;25710;9393;4.8;1.7
25;2021-02-18;145;1436;25855;10829;4.8;2.0
25;2021-02-19;102;1271;25957;12100;4.8;2.2
25;2021-02-20;26;495;25983;12595;4.8;2.3
25;2021-02-21;1;143;25984;12738;4.8;2.4
25;2021-02-22;83;1068;26067;13806;4.8;2.6
25;2021-02-23;196;1080;26263;14886;4.9;2.8
25;2021-02-24;105;977;26368;15863;4.9;2.9
25;2021-02-25;522;1003;26890;16866;5.0;3.1
25;2021-02-26;605;1002;27495;17868;5.1;3.3
25;2021-02-27;227;374;27722;18242;5.1;3.4
25;2021-02-28;4;0;27726;18242;5.1;3.4
25;2021-03-01;443;620;28169;18862;5.2;3.5
25;2021-03-02;652;831;28821;19693;5.3;3.7
25;2021-03-03;541;728;29362;20421;5.4;3.8
25;2021-03-04;1153;642;30515;21063;5.7;3.9
25;2021-03-05;1851;358;32366;21421;6.0;4.0
25;2021-03-06;1167;216;33533;21637;6.2;4.0
25;2021-03-07;9;6;33542;21643;6.2;4.0
25;2021-03-08;547;702;34089;22345;6.3;4.1
25;2021-03-09;1037;761;35126;23106;6.5;4.3
25;2021-03-10;1149;633;36275;23739;6.7;4.4
25;2021-03-11;1657;562;37932;24301;7.0;4.5
25;2021-03-12;1994;417;39926;24718;7.4;4.6
25;2021-03-13;1111;82;41037;24800;7.6;4.6
25;2021-03-14;35;0;41072;24800;7.6;4.6
25;2021-03-15;1121;125;42193;24925;7.8;4.6
25;2021-03-16;1275;107;43468;25032;8.1;4.6
25;2021-03-17;1410;121;44878;25153;8.3;4.7
25;2021-03-18;1527;62;46405;25215;8.6;4.7
25;2021-03-19;1593;111;47998;25326;8.9;4.7
25;2021-03-20;821;23;48819;25349;9.0;4.7
25;2021-03-21;24;0;48843;25349;9.1;4.7
25;2021-03-22;1485;76;50328;25425;9.3;4.7
25;2021-03-23;2160;120;52488;25545;9.7;4.7
25;2021-03-24;2415;83;54903;25628;10.2;4.8
25;2021-03-25;2833;169;57736;25797;10.7;4.8
25;2021-03-26;3149;148;60885;25945;11.3;4.8
25;2021-03-27;1111;80;61996;26025;11.5;4.8
25;2021-03-28;121;62;62117;26087;11.5;4.8
25;2021-03-29;1786;271;63903;26358;11.8;4.9
25;2021-03-30;2209;376;66112;26734;12.3;5.0
25;2021-03-31;2217;333;68329;27067;12.7;5.0
25;2021-04-01;2450;509;70779;27576;13.1;5.1
25;2021-04-02;2026;573;72805;28149;13.5;5.2
25;2021-04-03;447;106;73252;28255;13.6;5.2
25;2021-04-04;39;21;73291;28276;13.6;5.2
25;2021-04-05;144;4;73435;28280;13.6;5.2
25;2021-04-06;1933;660;75368;28940;14.0;5.4
25;2021-04-07;1879;832;77247;29772;14.3;5.5
25;2021-04-08;2426;805;79673;30577;14.8;5.7
25;2021-04-09;2594;956;82267;31533;15.3;5.8
25;2021-04-10;977;284;83244;31817;15.4;5.9
25;2021-04-11;104;26;83348;31843;15.5;5.9
25;2021-04-12;1560;956;84908;32799;15.7;6.1
25;2021-04-13;1984;1295;86892;34094;16.1;6.3
25;2021-04-14;1749;1185;88641;35279;16.4;6.5
25;2021-04-15;1997;1316;90638;36595;16.8;6.8
25;2021-04-16;2084;981;92722;37576;17.2;7.0
25;2021-04-17;1103;410;93825;37986;17.4;7.0
25;2021-04-18;117;17;93942;38003;17.4;7.0
25;2021-04-19;1327;1246;95269;39249;17.7;7.3
25;2021-04-20;1612;1459;96881;40708;18.0;7.5
25;2021-04-21;1716;1615;98597;42323;18.3;7.8
25;2021-04-22;1855;1704;100452;44027;18.6;8.2
25;2021-04-23;1896;1747;102348;45774;19.0;8.5
25;2021-04-24;1278;702;103626;46476;19.2;8.6
25;2021-04-25;139;113;103765;46589;19.2;8.6
25;2021-04-26;1722;1672;105487;48261;19.6;8.9
25;2021-04-27;2798;1513;108285;49774;20.1;9.2
25;2021-04-28;2421;1539;110706;51313;20.5;9.5
25;2021-04-29;2648;1820;113354;53133;21.0;9.8
25;2021-04-30;3101;1573;116455;54706;21.6;10.1
25;2021-05-01;1788;320;118243;55026;21.9;10.2
25;2021-05-02;442;21;118685;55047;22.0;10.2
25;2021-05-03;2897;828;121582;55875;22.5;10.4
25;2021-05-04;2638;1885;124220;57760;23.0;10.7
25;2021-05-05;2591;1660;126811;59420;23.5;11.0
25;2021-05-06;2925;2154;129736;61574;24.0;11.4
25;2021-05-07;3063;2113;132799;63687;24.6;11.8
25;2021-05-08;1330;217;134129;63904;24.9;11.8
25;2021-05-09;244;87;134373;63991;24.9;11.9
25;2021-05-10;3130;1637;137503;65628;25.5;12.2
25;2021-05-11;3746;2033;141249;67661;26.2;12.5
25;2021-05-12;3682;1781;144931;69442;26.9;12.9
25;2021-05-13;3519;594;148450;70036;27.5;13.0
25;2021-05-14;4481;1300;152931;71336;28.3;13.2
25;2021-05-15;3275;697;156206;72033;29.0;13.4
25;2021-05-16;721;92;156927;72125;29.1;13.4
25;2021-05-17;4090;1081;161017;73206;29.8;13.6
25;2021-05-18;5204;1174;166221;74380;30.8;13.8
25;2021-05-19;5247;1116;171468;75496;31.8;14.0
25;2021-05-20;5126;1436;176594;76932;32.7;14.3
25;2021-05-21;5760;1962;182354;78894;33.8;14.6
25;2021-05-22;3176;718;185530;79612;34.4;14.8
25;2021-05-23;779;151;186309;79763;34.5;14.8
25;2021-05-24;1528;148;187837;79911;34.8;14.8
25;2021-05-25;3511;1635;191348;81546;35.5;15.1
25;2021-05-26;3974;1549;195322;83095;36.2;15.4
25;2021-05-27;4508;1885;199830;84980;37.0;15.8
25;2021-05-28;3988;2628;203818;87608;37.8;16.2
25;2021-05-29;2012;1018;205830;88626;38.2;16.4
25;2021-05-30;173;96;206003;88722;38.2;16.4
25;2021-05-31;2675;1710;208678;90432;38.7;16.8
25;2021-06-01;2728;2152;211406;92584;39.2;17.2
25;2021-06-02;2606;2243;214012;94827;39.7;17.6
25;2021-06-03;3273;2042;217285;96869;40.3;18.0
25;2021-06-04;3186;2400;220471;99269;40.9;18.4
25;2021-06-05;1482;1386;221953;100655;41.1;18.7
25;2021-06-06;977;253;222930;100908;41.3;18.7
25;2021-06-07;2762;2559;225692;103467;41.8;19.2
25;2021-06-08;2589;2755;228281;106222;42.3;19.7
25;2021-06-09;2369;2759;230650;108981;42.8;20.2
25;2021-06-10;2307;2651;232957;111632;43.2;20.7
25;2021-06-11;2700;3301;235657;114933;43.7;21.3
25;2021-06-12;1561;1857;237218;116790;44.0;21.6
25;2021-06-13;493;254;237711;117044;44.1;21.7
25;2021-06-14;1417;3760;239128;120804;44.3;22.4
25;2021-06-15;1632;3566;240760;124370;44.6;23.1
25;2021-06-16;1942;3257;242702;127627;45.0;23.7
25;2021-06-17;1466;3325;244168;130952;45.3;24.3
25;2021-06-18;2270;4294;246438;135246;45.7;25.1
25;2021-06-19;1340;1970;247778;137216;45.9;25.4
25;2021-06-20;55;239;247833;137455;45.9;25.5
25;2021-06-21;1128;4138;248961;141593;46.2;26.2
25;2021-06-22;1135;4680;250096;146273;46.4;27.1
25;2021-06-23;1377;4079;251473;150352;46.6;27.9
25;2021-06-24;1166;4084;252639;154436;46.8;28.6
25;2021-06-25;1622;5613;254261;160049;47.1;29.7
25;2021-06-26;621;3379;254882;163428;47.2;30.3
25;2021-06-27;449;875;255331;164303;47.3;30.5
25;2021-06-28;888;4475;256219;168778;47.5;31.3
25;2021-06-29;1112;5463;257331;174241;47.7;32.3
25;2021-06-30;1286;5364;258617;179605;47.9;33.3
25;2021-07-01;1672;5222;260289;184827;48.3;34.3
25;2021-07-02;1674;5050;261963;189877;48.6;35.2
25;2021-07-03;1021;2684;262984;192561;48.8;35.7
25;2021-07-04;408;720;263392;193281;48.8;35.8
25;2021-07-05;1267;2568;264659;195849;49.1;36.3
25;2021-07-06;1559;4741;266218;200590;49.3;37.2
25;2021-07-07;1559;4495;267777;205085;49.6;38.0
25;2021-07-08;1526;3920;269303;209005;49.9;38.7
25;2021-07-09;1721;4571;271024;213576;50.2;39.6
25;2021-07-10;775;2371;271799;215947;50.4;40.0
25;2021-07-11;123;305;271922;216252;50.4;40.1
25;2021-07-12;1385;3851;273307;220103;50.7;40.8
25;2021-07-13;2429;4748;275736;224851;51.1;41.7
25;2021-07-14;373;553;276109;225404;51.2;41.8
25;2021-07-15;2322;3619;278431;229023;51.6;42.5
26;2020-12-27;0;0;0;0;0.0;0.0
26;2020-12-28;0;0;0;0;0.0;0.0
26;2020-12-29;0;0;0;0;0.0;0.0
26;2020-12-30;0;0;0;0;0.0;0.0
26;2020-12-31;0;0;0;0;0.0;0.0
26;2021-01-01;0;0;0;0;0.0;0.0
26;2021-01-02;0;0;0;0;0.0;0.0
26;2021-01-03;0;0;0;0;0.0;0.0
26;2021-01-04;0;0;0;0;0.0;0.0
26;2021-01-05;0;0;0;0;0.0;0.0
26;2021-01-06;0;0;0;0;0.0;0.0
26;2021-01-07;168;0;168;0;0.0;0.0
26;2021-01-08;125;0;293;0;0.1;0.0
26;2021-01-09;2;0;295;0;0.1;0.0
26;2021-01-10;0;0;295;0;0.1;0.0
26;2021-01-11;266;1;561;1;0.1;0.0
26;2021-01-12;175;1;736;2;0.1;0.0
26;2021-01-13;415;1;1151;3;0.2;0.0
26;2021-01-14;484;0;1635;3;0.3;0.0
26;2021-01-15;561;1;2196;4;0.4;0.0
26;2021-01-16;250;0;2446;4;0.5;0.0
26;2021-01-17;0;0;2446;4;0.5;0.0
26;2021-01-18;634;1;3080;5;0.6;0.0
26;2021-01-19;779;3;3859;8;0.7;0.0
26;2021-01-20;741;0;4600;8;0.9;0.0
26;2021-01-21;805;5;5405;13;1.0;0.0
26;2021-01-22;785;3;6190;16;1.2;0.0
26;2021-01-23;563;1;6753;17;1.3;0.0
26;2021-01-24;24;0;6777;17;1.3;0.0
26;2021-01-25;696;1;7473;18;1.4;0.0
26;2021-01-26;799;2;8272;20;1.6;0.0
26;2021-01-27;820;5;9092;25;1.7;0.0
26;2021-01-28;1329;171;10421;196;2.0;0.0
26;2021-01-29;970;64;11391;260;2.2;0.0
26;2021-01-30;605;5;11996;265;2.3;0.1
26;2021-01-31;24;0;12020;265;2.3;0.1
26;2021-02-01;704;189;12724;454;2.4;0.1
26;2021-02-02;1272;202;13996;656;2.7;0.1
26;2021-02-03;1226;254;15222;910;2.9;0.2
26;2021-02-04;983;450;16205;1360;3.1;0.3
26;2021-02-05;671;332;16876;1692;3.2;0.3
26;2021-02-06;402;238;17278;1930;3.3;0.4
26;2021-02-07;57;2;17335;1932;3.3;0.4
26;2021-02-08;545;412;17880;2344;3.4;0.5
26;2021-02-09;618;476;18498;2820;3.6;0.5
26;2021-02-10;663;335;19161;3155;3.7;0.6
26;2021-02-11;752;327;19913;3482;3.8;0.7
26;2021-02-12;589;451;20502;3933;3.9;0.8
26;2021-02-13;385;337;20887;4270;4.0;0.8
26;2021-02-14;36;0;20923;4270;4.0;0.8
26;2021-02-15;413;525;21336;4795;4.1;0.9
26;2021-02-16;293;560;21629;5355;4.2;1.0
26;2021-02-17;192;742;21821;6097;4.2;1.2
26;2021-02-18;336;894;22157;6991;4.3;1.3
26;2021-02-19;337;806;22494;7797;4.3;1.5
26;2021-02-20;95;490;22589;8287;4.3;1.6
26;2021-02-21;3;24;22592;8311;4.3;1.6
26;2021-02-22;142;720;22734;9031;4.4;1.7
26;2021-02-23;397;999;23131;10030;4.4;1.9
26;2021-02-24;340;1221;23471;11251;4.5;2.2
26;2021-02-25;722;1068;24193;12319;4.6;2.4
26;2021-02-26;920;631;25113;12950;4.8;2.5
26;2021-02-27;278;510;25391;13460;4.9;2.6
26;2021-02-28;3;30;25394;13490;4.9;2.6
26;2021-03-01;456;660;25850;14150;5.0;2.7
26;2021-03-02;740;631;26590;14781;5.1;2.8
26;2021-03-03;730;686;27320;15467;5.2;3.0
26;2021-03-04;1041;579;28361;16046;5.4;3.1
26;2021-03-05;1707;503;30068;16549;5.8;3.2
26;2021-03-06;2768;474;32836;17023;6.3;3.3
26;2021-03-07;2986;178;35822;17201;6.9;3.3
26;2021-03-08;908;647;36730;17848;7.1;3.4
26;2021-03-09;1321;540;38051;18388;7.3;3.5
26;2021-03-10;1207;505;39258;18893;7.5;3.6
26;2021-03-11;1608;638;40866;19531;7.9;3.8
26;2021-03-12;2215;453;43081;19984;8.3;3.8
26;2021-03-13;1884;321;44965;20305;8.6;3.9
26;2021-03-14;68;36;45033;20341;8.7;3.9
26;2021-03-15;1648;241;46681;20582;9.0;4.0
26;2021-03-16;1231;496;47912;21078;9.2;4.0
26;2021-03-17;1362;291;49274;21369;9.5;4.1
26;2021-03-18;1585;279;50859;21648;9.8;4.2
26;2021-03-19;2440;325;53299;21973;10.2;4.2
26;2021-03-20;1289;137;54588;22110;10.5;4.2
26;2021-03-21;60;20;54648;22130;10.5;4.3
26;2021-03-22;1844;188;56492;22318;10.9;4.3
26;2021-03-23;2474;250;58966;22568;11.3;4.3
26;2021-03-24;2550;231;61516;22799;11.8;4.4
26;2021-03-25;3038;318;64554;23117;12.4;4.4
26;2021-03-26;3043;329;67597;23446;13.0;4.5
26;2021-03-27;1240;148;68837;23594;13.2;4.5
26;2021-03-28;92;6;68929;23600;13.2;4.5
26;2021-03-29;1902;397;70831;23997;13.6;4.6
26;2021-03-30;2381;530;73212;24527;14.1;4.7
26;2021-03-31;2225;564;75437;25091;14.5;4.8
26;2021-04-01;2270;763;77707;25854;14.9;5.0
26;2021-04-02;2212;966;79919;26820;15.4;5.2
26;2021-04-03;551;1204;80470;28024;15.5;5.4
26;2021-04-04;214;888;80684;28912;15.5;5.6
26;2021-04-05;552;53;81236;28965;15.6;5.6
26;2021-04-06;1486;829;82722;29794;15.9;5.7
26;2021-04-07;1790;895;84512;30689;16.2;5.9
26;2021-04-08;2995;915;87507;31604;16.8;6.1
26;2021-04-09;3411;972;90918;32576;17.5;6.3
26;2021-04-10;1354;911;92272;33487;17.7;6.4
26;2021-04-11;89;35;92361;33522;17.7;6.4
26;2021-04-12;1707;1112;94068;34634;18.1;6.7
26;2021-04-13;2792;1437;96860;36071;18.6;6.9
26;2021-04-14;2203;1448;99063;37519;19.0;7.2
26;2021-04-15;2270;1565;101333;39084;19.5;7.5
26;2021-04-16;2269;1571;103602;40655;19.9;7.8
26;2021-04-17;1096;838;104698;41493;20.1;8.0
26;2021-04-18;34;52;104732;41545;20.1;8.0
26;2021-04-19;1546;1569;106278;43114;20.4;8.3
26;2021-04-20;1798;1720;108076;44834;20.8;8.6
26;2021-04-21;2010;1498;110086;46332;21.1;8.9
26;2021-04-22;2284;1593;112370;47925;21.6;9.2
26;2021-04-23;2006;1618;114376;49543;22.0;9.5
26;2021-04-24;1651;841;116027;50384;22.3;9.7
26;2021-04-25;626;90;116653;50474;22.4;9.7
26;2021-04-26;1376;1601;118029;52075;22.7;10.0
26;2021-04-27;1986;1681;120015;53756;23.1;10.3
26;2021-04-28;1867;1532;121882;55288;23.4;10.6
26;2021-04-29;2867;1866;124749;57154;24.0;11.0
26;2021-04-30;2618;1751;127367;58905;24.5;11.3
26;2021-05-01;1537;378;128904;59283;24.8;11.4
26;2021-05-02;1087;114;129991;59397;25.0;11.4
26;2021-05-03;2201;1782;132192;61179;25.4;11.8
26;2021-05-04;2611;2346;134803;63525;25.9;12.2
26;2021-05-05;2771;2189;137574;65714;26.4;12.6
26;2021-05-06;3318;2204;140892;67918;27.1;13.0
26;2021-05-07;2848;2251;143740;70169;27.6;13.5
26;2021-05-08;1950;626;145690;70795;28.0;13.6
26;2021-05-09;709;121;146399;70916;28.1;13.6
26;2021-05-10;3017;1820;149416;72736;28.7;14.0
26;2021-05-11;4442;2187;153858;74923;29.6;14.4
26;2021-05-12;4825;1679;158683;76602;30.5;14.7
26;2021-05-13;4364;597;163047;77199;31.3;14.8
26;2021-05-14;4639;1542;167686;78741;32.2;15.1
26;2021-05-15;4471;630;172157;79371;33.1;15.2
26;2021-05-16;3630;339;175787;79710;33.8;15.3
26;2021-05-17;3658;1478;179445;81188;34.5;15.6
26;2021-05-18;4472;1738;183917;82926;35.3;15.9
26;2021-05-19;4481;1439;188398;84365;36.2;16.2
26;2021-05-20;4680;1742;193078;86107;37.1;16.5
26;2021-05-21;4725;1793;197803;87900;38.0;16.9
26;2021-05-22;3188;688;200991;88588;38.6;17.0
26;2021-05-23;1597;183;202588;88771;38.9;17.1
26;2021-05-24;3785;742;206373;89513;39.6;17.2
26;2021-05-25;3592;2334;209965;91847;40.3;17.6
26;2021-05-26;4178;2254;214143;94101;41.1;18.1
26;2021-05-27;4216;2460;218359;96561;41.9;18.5
26;2021-05-28;3770;2760;222129;99321;42.7;19.1
26;2021-05-29;3085;1641;225214;100962;43.3;19.4
26;2021-05-30;321;71;225535;101033;43.3;19.4
26;2021-05-31;3080;1854;228615;102887;43.9;19.8
26;2021-06-01;3095;2304;231710;105191;44.5;20.2
26;2021-06-02;2865;2210;234575;107401;45.1;20.6
26;2021-06-03;2849;2485;237424;109886;45.6;21.1
26;2021-06-04;2652;2900;240076;112786;46.1;21.7
26;2021-06-05;1798;1691;241874;114477;46.5;22.0
26;2021-06-06;4;0;241878;114477;46.5;22.0
26;2021-06-07;2342;2424;244220;116901;46.9;22.5
26;2021-06-08;2445;2290;246665;119191;47.4;22.9
26;2021-06-09;2085;2382;248750;121573;47.8;23.4
26;2021-06-10;1964;2756;250714;124329;48.2;23.9
26;2021-06-11;1882;3271;252596;127600;48.5;24.5
26;2021-06-12;1212;1790;253808;129390;48.8;24.9
26;2021-06-13;96;215;253904;129605;48.8;24.9
26;2021-06-14;1412;3496;255316;133101;49.0;25.6
26;2021-06-15;1570;3965;256886;137066;49.3;26.3
26;2021-06-16;1778;3458;258664;140524;49.7;27.0
26;2021-06-17;1503;3168;260167;143692;50.0;27.6
26;2021-06-18;1795;4369;261962;148061;50.3;28.4
26;2021-06-19;932;3183;262894;151244;50.5;29.1
26;2021-06-20;262;875;263156;152119;50.6;29.2
26;2021-06-21;1005;4558;264161;156677;50.7;30.1
26;2021-06-22;1059;5135;265220;161812;50.9;31.1
26;2021-06-23;1161;5081;266381;166893;51.2;32.1
26;2021-06-24;1252;4544;267633;171437;51.4;32.9
26;2021-06-25;1012;5550;268645;176987;51.6;34.0
26;2021-06-26;659;3824;269304;180811;51.7;34.7
26;2021-06-27;300;1273;269604;182084;51.8;35.0
26;2021-06-28;774;4760;270378;186844;51.9;35.9
26;2021-06-29;1093;4962;271471;191806;52.1;36.8
26;2021-06-30;1402;4884;272873;196690;52.4;37.8
26;2021-07-01;1624;4398;274497;201088;52.7;38.6
26;2021-07-02;1318;5166;275815;206254;53.0;39.6
26;2021-07-03;759;3327;276574;209581;53.1;40.3
26;2021-07-04;329;631;276903;210212;53.2;40.4
26;2021-07-05;878;4675;277781;214887;53.4;41.3
26;2021-07-06;1265;4212;279046;219099;53.6;42.1
26;2021-07-07;1403;3799;280449;222898;53.9;42.8
26;2021-07-08;2350;3323;282799;226221;54.3;43.5
26;2021-07-09;1550;4784;284349;231005;54.6;44.4
26;2021-07-10;903;2917;285252;233922;54.8;44.9
26;2021-07-11;290;308;285542;234230;54.9;45.0
26;2021-07-12;1108;4220;286650;238450;55.1;45.8
26;2021-07-13;2295;4332;288945;242782;55.5;46.6
26;2021-07-14;1054;807;289999;243589;55.7;46.8
26;2021-07-15;3116;3623;293115;247212;56.3;47.5
27;2020-12-27;0;0;0;0;0.0;0.0
27;2020-12-28;0;0;0;0;0.0;0.0
27;2020-12-29;1;0;1;0;0.0;0.0
27;2020-12-30;0;0;1;0;0.0;0.0
27;2020-12-31;0;0;1;0;0.0;0.0
27;2021-01-01;0;0;1;0;0.0;0.0
27;2021-01-02;0;0;1;0;0.0;0.0
27;2021-01-03;1;0;2;0;0.0;0.0
27;2021-01-04;0;0;2;0;0.0;0.0
27;2021-01-05;15;0;17;0;0.0;0.0
27;2021-01-06;161;0;178;0;0.0;0.0
27;2021-01-07;369;0;547;0;0.1;0.0
27;2021-01-08;441;0;988;0;0.2;0.0
27;2021-01-09;72;1;1060;1;0.2;0.0
27;2021-01-10;100;0;1160;1;0.2;0.0
27;2021-01-11;382;0;1542;1;0.3;0.0
27;2021-01-12;409;1;1951;2;0.3;0.0
27;2021-01-13;839;1;2790;3;0.5;0.0
27;2021-01-14;1601;25;4391;28;0.7;0.0
27;2021-01-15;1220;4;5611;32;0.9;0.0
27;2021-01-16;332;2;5943;34;1.0;0.0
27;2021-01-17;204;0;6147;34;1.0;0.0
27;2021-01-18;798;2;6945;36;1.2;0.0
27;2021-01-19;772;2;7717;38;1.3;0.0
27;2021-01-20;870;0;8587;38;1.4;0.0
27;2021-01-21;654;1;9241;39;1.5;0.0
27;2021-01-22;776;3;10017;42;1.7;0.0
27;2021-01-23;350;0;10367;42;1.7;0.0
27;2021-01-24;169;8;10536;50;1.8;0.0
27;2021-01-25;634;16;11170;66;1.9;0.0
27;2021-01-26;460;17;11630;83;1.9;0.0
27;2021-01-27;505;104;12135;187;2.0;0.0
27;2021-01-28;516;298;12651;485;2.1;0.1
27;2021-01-29;507;109;13158;594;2.2;0.1
27;2021-01-30;241;31;13399;625;2.2;0.1
27;2021-01-31;27;24;13426;649;2.2;0.1
27;2021-02-01;347;197;13773;846;2.3;0.1
27;2021-02-02;307;284;14080;1130;2.3;0.2
27;2021-02-03;488;406;14568;1536;2.4;0.3
27;2021-02-04;717;889;15285;2425;2.5;0.4
27;2021-02-05;661;1157;15946;3582;2.7;0.6
27;2021-02-06;125;224;16071;3806;2.7;0.6
27;2021-02-07;25;42;16096;3848;2.7;0.6
27;2021-02-08;310;378;16406;4226;2.7;0.7
27;2021-02-09;339;561;16745;4787;2.8;0.8
27;2021-02-10;302;528;17047;5315;2.8;0.9
27;2021-02-11;318;459;17365;5774;2.9;1.0
27;2021-02-12;229;547;17594;6321;2.9;1.1
27;2021-02-13;152;133;17746;6454;3.0;1.1
27;2021-02-14;6;96;17752;6550;3.0;1.1
27;2021-02-15;388;599;18140;7149;3.0;1.2
27;2021-02-16;295;731;18435;7880;3.1;1.3
27;2021-02-17;247;640;18682;8520;3.1;1.4
27;2021-02-18;362;685;19044;9205;3.2;1.5
27;2021-02-19;218;684;19262;9889;3.2;1.6
27;2021-02-20;129;251;19391;10140;3.2;1.7
27;2021-02-21;12;140;19403;10280;3.2;1.7
27;2021-02-22;483;565;19886;10845;3.3;1.8
27;2021-02-23;496;629;20382;11474;3.4;1.9
27;2021-02-24;542;652;20924;12126;3.5;2.0
27;2021-02-25;842;754;21766;12880;3.6;2.1
27;2021-02-26;954;686;22720;13566;3.8;2.3
27;2021-02-27;406;158;23126;13724;3.8;2.3
27;2021-02-28;171;30;23297;13754;3.9;2.3
27;2021-03-01;484;444;23781;14198;4.0;2.4
27;2021-03-02;763;358;24544;14556;4.1;2.4
27;2021-03-03;850;364;25394;14920;4.2;2.5
27;2021-03-04;883;232;26277;15152;4.4;2.5
27;2021-03-05;1303;230;27580;15382;4.6;2.6
27;2021-03-06;1635;86;29215;15468;4.9;2.6
27;2021-03-07;620;7;29835;15475;5.0;2.6
27;2021-03-08;1205;303;31040;15778;5.2;2.6
27;2021-03-09;1822;259;32862;16037;5.5;2.7
27;2021-03-10;2113;330;34975;16367;5.8;2.7
27;2021-03-11;2140;205;37115;16572;6.2;2.8
27;2021-03-12;2817;168;39932;16740;6.6;2.8
27;2021-03-13;1917;103;41849;16843;7.0;2.8
27;2021-03-14;655;9;42504;16852;7.1;2.8
27;2021-03-15;1549;201;44053;17053;7.3;2.8
27;2021-03-16;1484;229;45537;17282;7.6;2.9
27;2021-03-17;1849;286;47386;17568;7.9;2.9
27;2021-03-18;1680;332;49066;17900;8.2;3.0
27;2021-03-19;1830;165;50896;18065;8.5;3.0
27;2021-03-20;897;36;51793;18101;8.6;3.0
27;2021-03-21;256;2;52049;18103;8.7;3.0
27;2021-03-22;1233;541;53282;18644;8.9;3.1
27;2021-03-23;1626;461;54908;19105;9.1;3.2
27;2021-03-24;1520;468;56428;19573;9.4;3.3
27;2021-03-25;2158;497;58586;20070;9.8;3.3
27;2021-03-26;2527;431;61113;20501;10.2;3.4
27;2021-03-27;1567;194;62680;20695;10.4;3.4
27;2021-03-28;1149;48;63829;20743;10.6;3.5
27;2021-03-29;1375;822;65204;21565;10.9;3.6
27;2021-03-30;1390;844;66594;22409;11.1;3.7
27;2021-03-31;1488;873;68082;23282;11.3;3.9
27;2021-04-01;1956;800;70038;24082;11.7;4.0
27;2021-04-02;1999;1175;72037;25257;12.0;4.2
27;2021-04-03;1560;735;73597;25992;12.3;4.3
27;2021-04-04;977;168;74574;26160;12.4;4.4
27;2021-04-05;282;5;74856;26165;12.5;4.4
27;2021-04-06;1412;1790;76268;27955;12.7;4.7
27;2021-04-07;1320;1738;77588;29693;12.9;4.9
27;2021-04-08;1682;1664;79270;31357;13.2;5.2
27;2021-04-09;2946;1540;82216;32897;13.7;5.5
27;2021-04-10;2035;977;84251;33874;14.0;5.6
27;2021-04-11;944;208;85195;34082;14.2;5.7
27;2021-04-12;2433;1496;87628;35578;14.6;5.9
27;2021-04-13;2390;1533;90018;37111;15.0;6.2
27;2021-04-14;2084;1612;92102;38723;15.3;6.4
27;2021-04-15;1878;1647;93980;40370;15.6;6.7
27;2021-04-16;2751;1103;96731;41473;16.1;6.9
27;2021-04-17;2170;468;98901;41941;16.5;7.0
27;2021-04-18;452;16;99353;41957;16.5;7.0
27;2021-04-19;1709;1165;101062;43122;16.8;7.2
27;2021-04-20;2384;1293;103446;44415;17.2;7.4
27;2021-04-21;2209;1073;105655;45488;17.6;7.6
27;2021-04-22;2180;1405;107835;46893;18.0;7.8
27;2021-04-23;2444;1160;110279;48053;18.4;8.0
27;2021-04-24;3256;1126;113535;49179;18.9;8.2
27;2021-04-25;1128;1036;114663;50215;19.1;8.4
27;2021-04-26;1917;1131;116580;51346;19.4;8.5
27;2021-04-27;2523;1074;119103;52420;19.8;8.7
27;2021-04-28;2390;1307;121493;53727;20.2;8.9
27;2021-04-29;2492;1462;123985;55189;20.6;9.2
27;2021-04-30;2370;1599;126355;56788;21.0;9.5
27;2021-05-01;2638;881;128993;57669;21.5;9.6
27;2021-05-02;1952;882;130945;58551;21.8;9.7
27;2021-05-03;3064;866;134009;59417;22.3;9.9
27;2021-05-04;2780;1632;136789;61049;22.8;10.2
27;2021-05-05;2816;1640;139605;62689;23.2;10.4
27;2021-05-06;3183;1288;142788;63977;23.8;10.7
27;2021-05-07;3321;1996;146109;65973;24.3;11.0
27;2021-05-08;2784;1317;148893;67290;24.8;11.2
27;2021-05-09;1697;294;150590;67584;25.1;11.3
27;2021-05-10;2949;2264;153539;69848;25.6;11.6
27;2021-05-11;3354;1748;156893;71596;26.1;11.9
27;2021-05-12;3455;1720;160348;73316;26.7;12.2
27;2021-05-13;1890;246;162238;73562;27.0;12.2
27;2021-05-14;3873;1778;166111;75340;27.7;12.5
27;2021-05-15;6600;941;172711;76281;28.8;12.7
27;2021-05-16;3668;431;176379;76712;29.4;12.8
27;2021-05-17;2769;1152;179148;77864;29.8;13.0
27;2021-05-18;3845;1282;182993;79146;30.5;13.2
27;2021-05-19;3965;1143;186958;80289;31.1;13.4
27;2021-05-20;3873;1160;190831;81449;31.8;13.6
27;2021-05-21;3961;1791;194792;83240;32.4;13.9
27;2021-05-22;4362;780;199154;84020;33.2;14.0
27;2021-05-23;800;173;199954;84193;33.3;14.0
27;2021-05-24;1490;337;201444;84530;33.5;14.1
27;2021-05-25;3514;1599;204958;86129;34.1;14.3
27;2021-05-26;3846;1731;208804;87860;34.8;14.6
27;2021-05-27;3783;1485;212587;89345;35.4;14.9
27;2021-05-28;3393;2619;215980;91964;36.0;15.3
27;2021-05-29;4820;2290;220800;94254;36.8;15.7
27;2021-05-30;1118;247;221918;94501;36.9;15.7
27;2021-05-31;3463;2270;225381;96771;37.5;16.1
27;2021-06-01;3813;2243;229194;99014;38.2;16.5
27;2021-06-02;3328;2178;232522;101192;38.7;16.8
27;2021-06-03;4430;2122;236952;103314;39.4;17.2
27;2021-06-04;3573;2966;240525;106280;40.0;17.7
27;2021-06-05;3209;3341;243734;109621;40.6;18.2
27;2021-06-06;2001;1007;245735;110628;40.9;18.4
27;2021-06-07;2543;2351;248278;112979;41.3;18.8
27;2021-06-08;3103;2363;251381;115342;41.8;19.2
27;2021-06-09;2292;2473;253673;117815;42.2;19.6
27;2021-06-10;2426;2034;256099;119849;42.6;20.0
27;2021-06-11;2880;3767;258979;123616;43.1;20.6
27;2021-06-12;1978;4187;260957;127803;43.4;21.3
27;2021-06-13;1081;2686;262038;130489;43.6;21.7
27;2021-06-14;1985;3108;264023;133597;44.0;22.2
27;2021-06-15;2682;3020;266705;136617;44.4;22.7
27;2021-06-16;2498;3257;269203;139874;44.8;23.3
27;2021-06-17;2291;3288;271494;143162;45.2;23.8
27;2021-06-18;2728;4420;274222;147582;45.7;24.6
27;2021-06-19;1856;3388;276078;150970;46.0;25.1
27;2021-06-20;610;713;276688;151683;46.1;25.3
27;2021-06-21;1695;3492;278383;155175;46.3;25.8
27;2021-06-22;2377;3729;280760;158904;46.7;26.5
27;2021-06-23;2065;3565;282825;162469;47.1;27.0
27;2021-06-24;2249;3425;285074;165894;47.5;27.6
27;2021-06-25;1918;4451;286992;170345;47.8;28.4
27;2021-06-26;879;5355;287871;175700;47.9;29.2
27;2021-06-27;375;1427;288246;177127;48.0;29.5
27;2021-06-28;1125;3407;289371;180534;48.2;30.1
27;2021-06-29;1685;4367;291056;184901;48.5;30.8
27;2021-06-30;2094;4093;293150;188994;48.8;31.5
27;2021-07-01;2209;3894;295359;192888;49.2;32.1
27;2021-07-02;1559;4606;296918;197494;49.4;32.9
27;2021-07-03;1266;4735;298184;202229;49.6;33.7
27;2021-07-04;503;1404;298687;203633;49.7;33.9
27;2021-07-05;1416;3526;300103;207159;50.0;34.5
27;2021-07-06;1363;4177;301466;211336;50.2;35.2
27;2021-07-07;1752;4892;303218;216228;50.5;36.0
27;2021-07-08;2065;4325;305283;220553;50.8;36.7
27;2021-07-09;1978;5277;307261;225830;51.2;37.6
27;2021-07-10;1156;4162;308417;229992;51.3;38.3
27;2021-07-11;424;1139;308841;231131;51.4;38.5
27;2021-07-12;1238;4371;310079;235502;51.6;39.2
27;2021-07-13;2759;5345;312838;240847;52.1;40.1
27;2021-07-14;1513;1743;314351;242590;52.3;40.4
27;2021-07-15;2982;5441;317333;248031;52.8;41.3
28;2020-12-27;0;0;0;0;0.0;0.0
28;2020-12-28;0;0;0;0;0.0;0.0
28;2020-12-29;0;0;0;0;0.0;0.0
28;2020-12-30;0;0;0;0;0.0;0.0
28;2020-12-31;0;0;0;0;0.0;0.0
28;2021-01-01;1;0;1;0;0.0;0.0
28;2021-01-02;0;0;1;0;0.0;0.0
28;2021-01-03;0;0;1;0;0.0;0.0
28;2021-01-04;0;0;1;0;0.0;0.0
28;2021-01-05;5;0;6;0;0.0;0.0
28;2021-01-06;84;0;90;0;0.0;0.0
28;2021-01-07;102;0;192;0;0.0;0.0
28;2021-01-08;134;2;326;2;0.1;0.0
28;2021-01-09;78;0;404;2;0.1;0.0
28;2021-01-10;1;0;405;2;0.1;0.0
28;2021-01-11;204;0;609;2;0.1;0.0
28;2021-01-12;265;2;874;4;0.2;0.0
28;2021-01-13;398;2;1272;6;0.3;0.0
28;2021-01-14;445;5;1717;11;0.4;0.0
28;2021-01-15;374;2;2091;13;0.5;0.0
28;2021-01-16;206;2;2297;15;0.5;0.0
28;2021-01-17;21;0;2318;15;0.5;0.0
28;2021-01-18;372;2;2690;17;0.6;0.0
28;2021-01-19;503;2;3193;19;0.7;0.0
28;2021-01-20;636;1;3829;20;0.9;0.0
28;2021-01-21;797;2;4626;22;1.1;0.0
28;2021-01-22;476;1;5102;23;1.2;0.0
28;2021-01-23;350;0;5452;23;1.3;0.0
28;2021-01-24;1;0;5453;23;1.3;0.0
28;2021-01-25;455;2;5908;25;1.4;0.0
28;2021-01-26;716;4;6624;29;1.5;0.0
28;2021-01-27;1209;46;7833;75;1.8;0.0
28;2021-01-28;1585;90;9418;165;2.2;0.0
28;2021-01-29;896;95;10314;260;2.4;0.1
28;2021-01-30;248;53;10562;313;2.5;0.1
28;2021-01-31;3;22;10565;335;2.5;0.1
28;2021-02-01;324;124;10889;459;2.5;0.1
28;2021-02-02;368;239;11257;698;2.6;0.2
28;2021-02-03;472;259;11729;957;2.7;0.2
28;2021-02-04;526;278;12255;1235;2.9;0.3
28;2021-02-05;435;224;12690;1459;3.0;0.3
28;2021-02-06;197;128;12887;1587;3.0;0.4
28;2021-02-07;0;0;12887;1587;3.0;0.4
28;2021-02-08;329;248;13216;1835;3.1;0.4
28;2021-02-09;280;347;13496;2182;3.1;0.5
28;2021-02-10;439;403;13935;2585;3.2;0.6
28;2021-02-11;563;490;14498;3075;3.4;0.7
28;2021-02-12;452;434;14950;3509;3.5;0.8
28;2021-02-13;181;192;15131;3701;3.5;0.9
28;2021-02-14;0;2;15131;3703;3.5;0.9
28;2021-02-15;279;476;15410;4179;3.6;1.0
28;2021-02-16;395;712;15805;4891;3.7;1.1
28;2021-02-17;581;1099;16386;5990;3.8;1.4
28;2021-02-18;663;1404;17049;7394;4.0;1.7
28;2021-02-19;544;763;17593;8157;4.1;1.9
28;2021-02-20;114;145;17707;8302;4.1;1.9
28;2021-02-21;7;33;17714;8335;4.1;1.9
28;2021-02-22;223;522;17937;8857;4.2;2.1
28;2021-02-23;202;378;18139;9235;4.2;2.2
28;2021-02-24;244;480;18383;9715;4.3;2.3
28;2021-02-25;571;449;18954;10164;4.4;2.4
28;2021-02-26;762;374;19716;10538;4.6;2.5
28;2021-02-27;264;83;19980;10621;4.7;2.5
28;2021-02-28;23;17;20003;10638;4.7;2.5
28;2021-03-01;287;212;20290;10850;4.7;2.5
28;2021-03-02;395;277;20685;11127;4.8;2.6
28;2021-03-03;367;401;21052;11528;4.9;2.7
28;2021-03-04;718;488;21770;12016;5.1;2.8
28;2021-03-05;1319;414;23089;12430;5.4;2.9
28;2021-03-06;1996;75;25085;12505;5.8;2.9
28;2021-03-07;972;18;26057;12523;6.1;2.9
28;2021-03-08;397;305;26454;12828;6.2;3.0
28;2021-03-09;979;347;27433;13175;6.4;3.1
28;2021-03-10;1355;536;28788;13711;6.7;3.2
28;2021-03-11;1528;690;30316;14401;7.1;3.4
28;2021-03-12;2257;624;32573;15025;7.6;3.5
28;2021-03-13;1234;129;33807;15154;7.9;3.5
28;2021-03-14;518;15;34325;15169;8.0;3.5
28;2021-03-15;755;227;35080;15396;8.2;3.6
28;2021-03-16;714;220;35794;15616;8.3;3.6
28;2021-03-17;747;280;36541;15896;8.5;3.7
28;2021-03-18;1195;275;37736;16171;8.8;3.8
28;2021-03-19;1559;320;39295;16491;9.2;3.8
28;2021-03-20;639;17;39934;16508;9.3;3.8
28;2021-03-21;27;6;39961;16514;9.3;3.8
28;2021-03-22;765;320;40726;16834;9.5;3.9
28;2021-03-23;1024;185;41750;17019;9.7;4.0
28;2021-03-24;1310;274;43060;17293;10.0;4.0
28;2021-03-25;1786;279;44846;17572;10.4;4.1
28;2021-03-26;2081;335;46927;17907;10.9;4.2
28;2021-03-27;403;37;47330;17944;11.0;4.2
28;2021-03-28;10;0;47340;17944;11.0;4.2
28;2021-03-29;1138;339;48478;18283;11.3;4.3
28;2021-03-30;1713;234;50191;18517;11.7;4.3
28;2021-03-31;2012;453;52203;18970;12.2;4.4
28;2021-04-01;1786;575;53989;19545;12.6;4.6
28;2021-04-02;1584;1310;55573;20855;12.9;4.9
28;2021-04-03;608;1073;56181;21928;13.1;5.1
28;2021-04-04;33;302;56214;22230;13.1;5.2
28;2021-04-05;40;3;56254;22233;13.1;5.2
28;2021-04-06;1227;453;57481;22686;13.4;5.3
28;2021-04-07;1890;996;59371;23682;13.8;5.5
28;2021-04-08;2074;1053;61445;24735;14.3;5.8
28;2021-04-09;3232;903;64677;25638;15.1;6.0
28;2021-04-10;1582;187;66259;25825;15.4;6.0
28;2021-04-11;139;451;66398;26276;15.5;6.1
28;2021-04-12;1674;547;68072;26823;15.9;6.2
28;2021-04-13;1874;659;69946;27482;16.3;6.4
28;2021-04-14;2770;892;72716;28374;16.9;6.6
28;2021-04-15;2542;1130;75258;29504;17.5;6.9
28;2021-04-16;2551;785;77809;30289;18.1;7.1
28;2021-04-17;2306;124;80115;30413;18.7;7.1
28;2021-04-18;45;8;80160;30421;18.7;7.1
28;2021-04-19;1577;645;81737;31066;19.0;7.2
28;2021-04-20;1840;584;83577;31650;19.5;7.4
28;2021-04-21;2675;952;86252;32602;20.1;7.6
28;2021-04-22;1780;1197;88032;33799;20.5;7.9
28;2021-04-23;2317;1091;90349;34890;21.0;8.1
28;2021-04-24;3646;108;93995;34998;21.9;8.1
28;2021-04-25;1011;22;95006;35020;22.1;8.2
28;2021-04-26;1329;916;96335;35936;22.4;8.4
28;2021-04-27;1436;1264;97771;37200;22.8;8.7
28;2021-04-28;2370;1806;100141;39006;23.3;9.1
28;2021-04-29;2130;1466;102271;40472;23.8;9.4
28;2021-04-30;2969;1194;105240;41666;24.5;9.7
28;2021-05-01;127;120;105367;41786;24.5;9.7
28;2021-05-02;2;65;105369;41851;24.5;9.7
28;2021-05-03;1045;1012;106414;42863;24.8;10.0
28;2021-05-04;1362;1665;107776;44528;25.1;10.4
28;2021-05-05;2829;1642;110605;46170;25.8;10.8
28;2021-05-06;2457;1466;113062;47636;26.3;11.1
28;2021-05-07;2311;1934;115373;49570;26.9;11.5
28;2021-05-08;1077;109;116450;49679;27.1;11.6
28;2021-05-09;103;610;116553;50289;27.1;11.7
28;2021-05-10;1305;1889;117858;52178;27.4;12.2
28;2021-05-11;2031;2345;119889;54523;27.9;12.7
28;2021-05-12;2620;3226;122509;57749;28.5;13.4
28;2021-05-13;288;447;122797;58196;28.6;13.6
28;2021-05-14;1899;1615;124696;59811;29.0;13.9
28;2021-05-15;1436;1675;126132;61486;29.4;14.3
28;2021-05-16;1983;125;128115;61611;29.8;14.3
28;2021-05-17;2875;1493;130990;63104;30.5;14.7
28;2021-05-18;3376;1376;134366;64480;31.3;15.0
28;2021-05-19;5072;1278;139438;65758;32.5;15.3
28;2021-05-20;4143;1227;143581;66985;33.4;15.6
28;2021-05-21;3464;1570;147045;68555;34.2;16.0
28;2021-05-22;726;1161;147771;69716;34.4;16.2
28;2021-05-23;1955;133;149726;69849;34.9;16.3
28;2021-05-24;1427;394;151153;70243;35.2;16.4
28;2021-05-25;1873;1407;153026;71650;35.6;16.7
28;2021-05-26;2767;1339;155793;72989;36.3;17.0
28;2021-05-27;2755;1227;158548;74216;36.9;17.3
28;2021-05-28;3083;1733;161631;75949;37.6;17.7
28;2021-05-29;1866;868;163497;76817;38.1;17.9
28;2021-05-30;16;47;163513;76864;38.1;17.9
28;2021-05-31;2011;936;165524;77800;38.5;18.1
28;2021-06-01;2132;1663;167656;79463;39.0;18.5
28;2021-06-02;2068;2455;169724;81918;39.5;19.1
28;2021-06-03;2494;1562;172218;83480;40.1;19.4
28;2021-06-04;2601;2339;174819;85819;40.7;20.0
28;2021-06-05;1909;2527;176728;88346;41.2;20.6
28;2021-06-06;1055;1041;177783;89387;41.4;20.8
28;2021-06-07;3570;1573;181353;90960;42.2;21.2
28;2021-06-08;3168;1514;184521;92474;43.0;21.5
28;2021-06-09;3666;2121;188187;94595;43.8;22.0
28;2021-06-10;3130;1267;191317;95862;44.6;22.3
28;2021-06-11;3783;2130;195100;97992;45.4;22.8
28;2021-06-12;1301;557;196401;98549;45.7;22.9
28;2021-06-13;384;107;196785;98656;45.8;23.0
28;2021-06-14;2197;1996;198982;100652;46.3;23.4
28;2021-06-15;2081;2223;201063;102875;46.8;24.0
28;2021-06-16;2489;3974;203552;106849;47.4;24.9
28;2021-06-17;1895;3130;205447;109979;47.8;25.6
28;2021-06-18;2447;3782;207894;113761;48.4;26.5
28;2021-06-19;772;1615;208666;115376;48.6;26.9
28;2021-06-20;19;21;208685;115397;48.6;26.9
28;2021-06-21;1681;1984;210366;117381;49.0;27.3
28;2021-06-22;1360;2109;211726;119490;49.3;27.8
28;2021-06-23;1771;3166;213497;122656;49.7;28.6
28;2021-06-24;710;929;214207;123585;49.9;28.8
28;2021-06-25;1842;3026;216049;126611;50.3;29.5
28;2021-06-26;309;2124;216358;128735;50.4;30.0
28;2021-06-27;587;1287;216945;130022;50.5;30.3
28;2021-06-28;1204;3659;218149;133681;50.8;31.1
28;2021-06-29;1318;3800;219467;137481;51.1;32.0
28;2021-06-30;1478;4247;220945;141728;51.5;33.0
28;2021-07-01;1216;3462;222161;145190;51.7;33.8
28;2021-07-02;1308;4659;223469;149849;52.0;34.9
28;2021-07-03;1125;2367;224594;152216;52.3;35.4
28;2021-07-04;144;1324;224738;153540;52.3;35.8
28;2021-07-05;1351;2508;226089;156048;52.6;36.3
28;2021-07-06;1500;2861;227589;158909;53.0;37.0
28;2021-07-07;1633;4142;229222;163051;53.4;38.0
28;2021-07-08;1460;3228;230682;166279;53.7;38.7
28;2021-07-09;1388;4520;232070;170799;54.0;39.8
28;2021-07-10;521;2207;232591;173006;54.2;40.3
28;2021-07-11;1;1;232592;173007;54.2;40.3
28;2021-07-12;1522;3933;234114;176940;54.5;41.2
28;2021-07-13;2249;4131;236363;181071;55.0;42.2
28;2021-07-14;1328;1391;237691;182462;55.4;42.5
28;2021-07-15;2836;3929;240527;186391;56.0;43.4
29;2020-12-27;0;0;0;0;0.0;0.0
29;2020-12-28;0;0;0;0;0.0;0.0
29;2020-12-29;0;0;0;0;0.0;0.0
29;2020-12-30;0;0;0;0;0.0;0.0
29;2020-12-31;0;0;0;0;0.0;0.0
29;2021-01-01;0;0;0;0;0.0;0.0
29;2021-01-02;0;0;0;0;0.0;0.0
29;2021-01-03;1;0;1;0;0.0;0.0
29;2021-01-04;30;0;31;0;0.0;0.0
29;2021-01-05;31;0;62;0;0.0;0.0
29;2021-01-06;43;0;105;0;0.0;0.0
29;2021-01-07;133;0;238;0;0.0;0.0
29;2021-01-08;408;0;646;0;0.1;0.0
29;2021-01-09;1;0;647;0;0.1;0.0
29;2021-01-10;2;0;649;0;0.1;0.0
29;2021-01-11;661;0;1310;0;0.1;0.0
29;2021-01-12;1120;0;2430;0;0.3;0.0
29;2021-01-13;1085;1;3515;1;0.4;0.0
29;2021-01-14;886;4;4401;5;0.5;0.0
29;2021-01-15;1212;8;5613;13;0.6;0.0
29;2021-01-16;168;1;5781;14;0.6;0.0
29;2021-01-17;111;1;5892;15;0.6;0.0
29;2021-01-18;838;2;6730;17;0.7;0.0
29;2021-01-19;1285;0;8015;17;0.9;0.0
29;2021-01-20;2386;2;10401;19;1.1;0.0
29;2021-01-21;5476;1;15877;20;1.8;0.0
29;2021-01-22;3737;3;19614;23;2.2;0.0
29;2021-01-23;537;0;20151;23;2.2;0.0
29;2021-01-24;199;1;20350;24;2.2;0.0
29;2021-01-25;571;7;20921;31;2.3;0.0
29;2021-01-26;949;33;21870;64;2.4;0.0
29;2021-01-27;1279;54;23149;118;2.6;0.0
29;2021-01-28;799;136;23948;254;2.6;0.0
29;2021-01-29;775;206;24723;460;2.7;0.1
29;2021-01-30;280;4;25003;464;2.8;0.1
29;2021-01-31;78;4;25081;468;2.8;0.1
29;2021-02-01;429;451;25510;919;2.8;0.1
29;2021-02-02;875;825;26385;1744;2.9;0.2
29;2021-02-03;811;894;27196;2638;3.0;0.3
29;2021-02-04;863;642;28059;3280;3.1;0.4
29;2021-02-05;672;585;28731;3865;3.2;0.4
29;2021-02-06;243;102;28974;3967;3.2;0.4
29;2021-02-07;78;105;29052;4072;3.2;0.4
29;2021-02-08;381;449;29433;4521;3.2;0.5
29;2021-02-09;860;853;30293;5374;3.3;0.6
29;2021-02-10;1143;1020;31436;6394;3.5;0.7
29;2021-02-11;1769;4159;33205;10553;3.7;1.2
29;2021-02-12;2299;2506;35504;13059;3.9;1.4
29;2021-02-13;636;414;36140;13473;4.0;1.5
29;2021-02-14;12;229;36152;13702;4.0;1.5
29;2021-02-15;266;951;36418;14653;4.0;1.6
29;2021-02-16;882;1062;37300;15715;4.1;1.7
29;2021-02-17;799;860;38099;16575;4.2;1.8
29;2021-02-18;1526;851;39625;17426;4.4;1.9
29;2021-02-19;1408;1010;41033;18436;4.5;2.0
29;2021-02-20;204;369;41237;18805;4.5;2.1
29;2021-02-21;161;169;41398;18974;4.6;2.1
29;2021-02-22;773;563;42171;19537;4.7;2.2
29;2021-02-23;1267;910;43438;20447;4.8;2.3
29;2021-02-24;1467;840;44905;21287;5.0;2.3
29;2021-02-25;2491;906;47396;22193;5.2;2.4
29;2021-02-26;2671;711;50067;22904;5.5;2.5
29;2021-02-27;1281;279;51348;23183;5.7;2.6
29;2021-02-28;197;72;51545;23255;5.7;2.6
29;2021-03-01;940;488;52485;23743;5.8;2.6
29;2021-03-02;1809;794;54294;24537;6.0;2.7
29;2021-03-03;2083;1024;56377;25561;6.2;2.8
29;2021-03-04;2835;1556;59212;27117;6.5;3.0
29;2021-03-05;3532;1667;62744;28784;6.9;3.2
29;2021-03-06;1997;437;64741;29221;7.1;3.2
29;2021-03-07;412;81;65153;29302;7.2;3.2
29;2021-03-08;1273;590;66426;29892;7.3;3.3
29;2021-03-09;2598;979;69024;30871;7.6;3.4
29;2021-03-10;2415;882;71439;31753;7.9;3.5
29;2021-03-11;4499;997;75938;32750;8.4;3.6
29;2021-03-12;5264;953;81202;33703;9.0;3.7
29;2021-03-13;2818;397;84020;34100;9.3;3.8
29;2021-03-14;362;1;84382;34101;9.3;3.8
29;2021-03-15;2047;268;86429;34369;9.5;3.8
29;2021-03-16;1816;767;88245;35136;9.7;3.9
29;2021-03-17;1856;726;90101;35862;9.9;4.0
29;2021-03-18;1858;1056;91959;36918;10.1;4.1
29;2021-03-19;3254;900;95213;37818;10.5;4.2
29;2021-03-20;1908;221;97121;38039;10.7;4.2
29;2021-03-21;131;11;97252;38050;10.7;4.2
29;2021-03-22;1640;556;98892;38606;10.9;4.3
29;2021-03-23;3435;1026;102327;39632;11.3;4.4
29;2021-03-24;3767;1026;106094;40658;11.7;4.5
29;2021-03-25;4812;1069;110906;41727;12.2;4.6
29;2021-03-26;5417;1156;116323;42883;12.8;4.7
29;2021-03-27;2426;343;118749;43226;13.1;4.8
29;2021-03-28;196;72;118945;43298;13.1;4.8
29;2021-03-29;2038;824;120983;44122;13.3;4.9
29;2021-03-30;3961;1324;124944;45446;13.8;5.0
29;2021-03-31;3923;1143;128867;46589;14.2;5.1
29;2021-04-01;5006;1143;133873;47732;14.8;5.3
29;2021-04-02;4757;1169;138630;48901;15.3;5.4
29;2021-04-03;2499;538;141129;49439;15.6;5.5
29;2021-04-04;146;30;141275;49469;15.6;5.5
29;2021-04-05;963;328;142238;49797;15.7;5.5
29;2021-04-06;3182;1241;145420;51038;16.0;5.6
29;2021-04-07;3638;940;149058;51978;16.4;5.7
29;2021-04-08;5222;2051;154280;54029;17.0;6.0
29;2021-04-09;6745;1553;161025;55582;17.8;6.1
29;2021-04-10;3491;701;164516;56283;18.1;6.2
29;2021-04-11;120;80;164636;56363;18.2;6.2
29;2021-04-12;3812;1483;168448;57846;18.6;6.4
29;2021-04-13;5840;1747;174288;59593;19.2;6.6
29;2021-04-14;4749;1742;179037;61335;19.7;6.8
29;2021-04-15;7147;1728;186184;63063;20.5;7.0
29;2021-04-16;6691;1339;192875;64402;21.3;7.1
29;2021-04-17;3818;959;196693;65361;21.7;7.2
29;2021-04-18;486;40;197179;65401;21.8;7.2
29;2021-04-19;3878;1456;201057;66857;22.2;7.4
29;2021-04-20;4388;2135;205445;68992;22.7;7.6
29;2021-04-21;4363;2190;209808;71182;23.1;7.9
29;2021-04-22;6638;2850;216446;74032;23.9;8.2
29;2021-04-23;6016;2179;222462;76211;24.5;8.4
29;2021-04-24;3999;1302;226461;77513;25.0;8.6
29;2021-04-25;431;169;226892;77682;25.0;8.6
29;2021-04-26;5250;1859;232142;79541;25.6;8.8
29;2021-04-27;5329;3190;237471;82731;26.2;9.1
29;2021-04-28;5347;2893;242818;85624;26.8;9.4
29;2021-04-29;6567;3346;249385;88970;27.5;9.8
29;2021-04-30;6243;3901;255628;92871;28.2;10.2
29;2021-05-01;1979;976;257607;93847;28.4;10.4
29;2021-05-02;1246;193;258853;94040;28.6;10.4
29;2021-05-03;4531;2281;263384;96321;29.1;10.6
29;2021-05-04;4103;3735;267487;100056;29.5;11.0
29;2021-05-05;4512;3407;271999;103463;30.0;11.4
29;2021-05-06;6228;3708;278227;107171;30.7;11.8
29;2021-05-07;5976;4612;284203;111783;31.3;12.3
29;2021-05-08;2089;562;286292;112345;31.6;12.4
29;2021-05-09;1724;136;288016;112481;31.8;12.4
29;2021-05-10;4755;3762;292771;116243;32.3;12.8
29;2021-05-11;4710;4982;297481;121225;32.8;13.4
29;2021-05-12;5017;4353;302498;125578;33.4;13.9
29;2021-05-13;3428;1499;305926;127077;33.7;14.0
29;2021-05-14;5648;3996;311574;131073;34.4;14.5
29;2021-05-15;4044;2313;315618;133386;34.8;14.7
29;2021-05-16;1583;293;317201;133679;35.0;14.7
29;2021-05-17;5552;3123;322753;136802;35.6;15.1
29;2021-05-18;5730;3090;328483;139892;36.2;15.4
29;2021-05-19;6198;2959;334681;142851;36.9;15.8
29;2021-05-20;7154;4544;341835;147395;37.7;16.3
29;2021-05-21;7205;3806;349040;151201;38.5;16.7
29;2021-05-22;5330;2125;354370;153326;39.1;16.9
29;2021-05-23;1628;65;355998;153391;39.3;16.9
29;2021-05-24;3486;529;359484;153920;39.7;17.0
29;2021-05-25;5816;3006;365300;156926;40.3;17.3
29;2021-05-26;5881;2964;371181;159890;40.9;17.6
29;2021-05-27;6815;3978;377996;163868;41.7;18.1
29;2021-05-28;6537;4450;384533;168318;42.4;18.6
29;2021-05-29;4378;2804;388911;171122;42.9;18.9
29;2021-05-30;1113;359;390024;171481;43.0;18.9
29;2021-05-31;6384;3451;396408;174932;43.7;19.3
29;2021-06-01;6587;4340;402995;179272;44.5;19.8
29;2021-06-02;6147;4120;409142;183392;45.1;20.2
29;2021-06-03;7684;4501;416826;187893;46.0;20.7
29;2021-06-04;6788;6154;423614;194047;46.7;21.4
29;2021-06-05;5341;3034;428955;197081;47.3;21.7
29;2021-06-06;1272;537;430227;197618;47.5;21.8
29;2021-06-07;4639;5560;434866;203178;48.0;22.4
29;2021-06-08;7116;5204;441982;208382;48.8;23.0
29;2021-06-09;6380;4745;448362;213127;49.5;23.5
29;2021-06-10;7717;5047;456079;218174;50.3;24.1
29;2021-06-11;8430;5869;464509;224043;51.2;24.7
29;2021-06-12;6521;2800;471030;226843;52.0;25.0
29;2021-06-13;2336;1371;473366;228214;52.2;25.2
29;2021-06-14;4006;6262;477372;234476;52.7;25.9
29;2021-06-15;5438;6145;482810;240621;53.3;26.5
29;2021-06-16;5526;5613;488336;246234;53.9;27.2
29;2021-06-17;6318;6290;494654;252524;54.6;27.9
29;2021-06-18;6080;7490;500734;260014;55.2;28.7
29;2021-06-19;4594;3528;505328;263542;55.7;29.1
29;2021-06-20;882;1458;506210;265000;55.8;29.2
29;2021-06-21;3721;6508;509931;271508;56.2;29.9
29;2021-06-22;4447;6437;514378;277945;56.7;30.7
29;2021-06-23;4613;6145;518991;284090;57.2;31.3
29;2021-06-24;4758;6744;523749;290834;57.8;32.1
29;2021-06-25;3572;7538;527321;298372;58.2;32.9
29;2021-06-26;2102;4100;529423;302472;58.4;33.4
29;2021-06-27;963;1632;530386;304104;58.5;33.5
29;2021-06-28;2798;6881;533184;310985;58.8;34.3
29;2021-06-29;2746;7735;535930;318720;59.1;35.2
29;2021-06-30;3002;7524;538932;326244;59.4;36.0
29;2021-07-01;3699;8424;542631;334668;59.9;36.9
29;2021-07-02;3571;9674;546202;344342;60.3;38.0
29;2021-07-03;2310;6069;548512;350411;60.5;38.7
29;2021-07-04;801;1771;549313;352182;60.6;38.8
29;2021-07-05;1886;7169;551199;359351;60.8;39.6
29;2021-07-06;1518;8026;552717;367377;61.0;40.5
29;2021-07-07;1677;7047;554394;374424;61.2;41.3
29;2021-07-08;2412;8212;556806;382636;61.4;42.2
29;2021-07-09;2536;9091;559342;391727;61.7;43.2
29;2021-07-10;1903;6104;561245;397831;61.9;43.9
29;2021-07-11;433;1064;561678;398895;62.0;44.0
29;2021-07-12;1948;8383;563626;407278;62.2;44.9
29;2021-07-13;2706;8651;566332;415929;62.5;45.9
29;2021-07-14;2062;3361;568394;419290;62.7;46.3
29;2021-07-15;3702;9725;572096;429015;63.1;47.3
2A;2020-12-27;0;0;0;0;0.0;0.0
2A;2020-12-28;0;0;0;0;0.0;0.0
2A;2020-12-29;0;0;0;0;0.0;0.0
2A;2020-12-30;0;0;0;0;0.0;0.0
2A;2020-12-31;0;0;0;0;0.0;0.0
2A;2021-01-01;0;0;0;0;0.0;0.0
2A;2021-01-02;0;0;0;0;0.0;0.0
2A;2021-01-03;0;0;0;0;0.0;0.0
2A;2021-01-04;0;0;0;0;0.0;0.0
2A;2021-01-05;0;0;0;0;0.0;0.0
2A;2021-01-06;5;0;5;0;0.0;0.0
2A;2021-01-07;122;1;127;1;0.1;0.0
2A;2021-01-08;113;0;240;1;0.1;0.0
2A;2021-01-09;39;0;279;1;0.2;0.0
2A;2021-01-10;33;0;312;1;0.2;0.0
2A;2021-01-11;76;0;388;1;0.2;0.0
2A;2021-01-12;84;0;472;1;0.3;0.0
2A;2021-01-13;110;0;582;1;0.4;0.0
2A;2021-01-14;192;1;774;2;0.5;0.0
2A;2021-01-15;149;0;923;2;0.6;0.0
2A;2021-01-16;157;1;1080;3;0.7;0.0
2A;2021-01-17;83;1;1163;4;0.7;0.0
2A;2021-01-18;200;2;1363;6;0.8;0.0
2A;2021-01-19;486;0;1849;6;1.1;0.0
2A;2021-01-20;351;0;2200;6;1.4;0.0
2A;2021-01-21;451;1;2651;7;1.6;0.0
2A;2021-01-22;365;0;3016;7;1.9;0.0
2A;2021-01-23;183;0;3199;7;2.0;0.0
2A;2021-01-24;118;0;3317;7;2.0;0.0
2A;2021-01-25;213;0;3530;7;2.2;0.0
2A;2021-01-26;402;6;3932;13;2.4;0.0
2A;2021-01-27;322;5;4254;18;2.6;0.0
2A;2021-01-28;335;80;4589;98;2.8;0.1
2A;2021-01-29;339;64;4928;162;3.0;0.1
2A;2021-01-30;124;41;5052;203;3.1;0.1
2A;2021-01-31;90;12;5142;215;3.2;0.1
2A;2021-02-01;229;53;5371;268;3.3;0.2
2A;2021-02-02;287;118;5658;386;3.5;0.2
2A;2021-02-03;264;75;5922;461;3.6;0.3
2A;2021-02-04;256;121;6178;582;3.8;0.4
2A;2021-02-05;267;106;6445;688;4.0;0.4
2A;2021-02-06;120;60;6565;748;4.0;0.5
2A;2021-02-07;67;58;6632;806;4.1;0.5
2A;2021-02-08;91;209;6723;1015;4.1;0.6
2A;2021-02-09;126;301;6849;1316;4.2;0.8
2A;2021-02-10;158;236;7007;1552;4.3;1.0
2A;2021-02-11;297;368;7304;1920;4.5;1.2
2A;2021-02-12;345;304;7649;2224;4.7;1.4
2A;2021-02-13;224;59;7873;2283;4.8;1.4
2A;2021-02-14;133;77;8006;2360;4.9;1.5
2A;2021-02-15;190;182;8196;2542;5.0;1.6
2A;2021-02-16;380;321;8576;2863;5.3;1.8
2A;2021-02-17;280;165;8856;3028;5.5;1.9
2A;2021-02-18;335;199;9191;3227;5.7;2.0
2A;2021-02-19;146;300;9337;3527;5.7;2.2
2A;2021-02-20;243;136;9580;3663;5.9;2.3
2A;2021-02-21;57;55;9637;3718;5.9;2.3
2A;2021-02-22;77;215;9714;3933;6.0;2.4
2A;2021-02-23;122;290;9836;4223;6.1;2.6
2A;2021-02-24;71;297;9907;4520;6.1;2.8
2A;2021-02-25;104;266;10011;4786;6.2;2.9
2A;2021-02-26;123;273;10134;5059;6.2;3.1
2A;2021-02-27;308;68;10442;5127;6.4;3.2
2A;2021-02-28;69;66;10511;5193;6.5;3.2
2A;2021-03-01;115;152;10626;5345;6.5;3.3
2A;2021-03-02;198;265;10824;5610;6.7;3.5
2A;2021-03-03;236;254;11060;5864;6.8;3.6
2A;2021-03-04;506;228;11566;6092;7.1;3.8
2A;2021-03-05;968;290;12534;6382;7.7;3.9
2A;2021-03-06;1162;71;13696;6453;8.4;4.0
2A;2021-03-07;1021;43;14717;6496;9.1;4.0
2A;2021-03-08;929;86;15646;6582;9.6;4.1
2A;2021-03-09;932;151;16578;6733;10.2;4.1
2A;2021-03-10;629;135;17207;6868;10.6;4.2
2A;2021-03-11;723;281;17930;7149;11.0;4.4
2A;2021-03-12;560;316;18490;7465;11.4;4.6
2A;2021-03-13;610;195;19100;7660;11.8;4.7
2A;2021-03-14;311;125;19411;7785;12.0;4.8
2A;2021-03-15;373;202;19784;7987;12.2;4.9
2A;2021-03-16;494;366;20278;8353;12.5;5.1
2A;2021-03-17;696;269;20974;8622;12.9;5.3
2A;2021-03-18;446;302;21420;8924;13.2;5.5
2A;2021-03-19;483;152;21903;9076;13.5;5.6
2A;2021-03-20;1078;257;22981;9333;14.1;5.7
2A;2021-03-21;696;50;23677;9383;14.6;5.8
2A;2021-03-22;343;67;24020;9450;14.8;5.8
2A;2021-03-23;516;57;24536;9507;15.1;5.9
2A;2021-03-24;862;90;25398;9597;15.6;5.9
2A;2021-03-25;930;136;26328;9733;16.2;6.0
2A;2021-03-26;1075;162;27403;9895;16.9;6.1
2A;2021-03-27;1185;198;28588;10093;17.6;6.2
2A;2021-03-28;241;97;28829;10190;17.7;6.3
2A;2021-03-29;281;136;29110;10326;17.9;6.4
2A;2021-03-30;381;233;29491;10559;18.2;6.5
2A;2021-03-31;446;226;29937;10785;18.4;6.6
2A;2021-04-01;637;451;30574;11236;18.8;6.9
2A;2021-04-02;902;777;31476;12013;19.4;7.4
2A;2021-04-03;644;982;32120;12995;19.8;8.0
2A;2021-04-04;577;783;32697;13778;20.1;8.5
2A;2021-04-05;521;693;33218;14471;20.5;8.9
2A;2021-04-06;549;554;33767;15025;20.8;9.3
2A;2021-04-07;782;422;34549;15447;21.3;9.5
2A;2021-04-08;1047;349;35596;15796;21.9;9.7
2A;2021-04-09;934;391;36530;16187;22.5;10.0
2A;2021-04-10;1052;374;37582;16561;23.1;10.2
2A;2021-04-11;361;256;37943;16817;23.4;10.4
2A;2021-04-12;667;341;38610;17158;23.8;10.6
2A;2021-04-13;324;378;38934;17536;24.0;10.8
2A;2021-04-14;1044;587;39978;18123;24.6;11.2
2A;2021-04-15;1038;518;41016;18641;25.3;11.5
2A;2021-04-16;866;393;41882;19034;25.8;11.7
2A;2021-04-17;1366;929;43248;19963;26.6;12.3
2A;2021-04-18;982;942;44230;20905;27.2;12.9
2A;2021-04-19;269;343;44499;21248;27.4;13.1
2A;2021-04-20;352;345;44851;21593;27.6;13.3
2A;2021-04-21;728;732;45579;22325;28.1;13.7
2A;2021-04-22;894;647;46473;22972;28.6;14.1
2A;2021-04-23;987;775;47460;23747;29.2;14.6
2A;2021-04-24;1744;976;49204;24723;30.3;15.2
2A;2021-04-25;977;301;50181;25024;30.9;15.4
2A;2021-04-26;308;228;50489;25252;31.1;15.5
2A;2021-04-27;344;347;50833;25599;31.3;15.8
2A;2021-04-28;1669;419;52502;26018;32.3;16.0
2A;2021-04-29;1052;356;53554;26374;33.0;16.2
2A;2021-04-30;1131;1056;54685;27430;33.7;16.9
2A;2021-05-01;965;573;55650;28003;34.3;17.2
2A;2021-05-02;674;704;56324;28707;34.7;17.7
2A;2021-05-03;582;575;56906;29282;35.0;18.0
2A;2021-05-04;749;533;57655;29815;35.5;18.4
2A;2021-05-05;1007;980;58662;30795;36.1;19.0
2A;2021-05-06;905;910;59567;31705;36.7;19.5
2A;2021-05-07;1153;835;60720;32540;37.4;20.0
2A;2021-05-08;419;500;61139;33040;37.6;20.3
2A;2021-05-09;782;638;61921;33678;38.1;20.7
2A;2021-05-10;453;740;62374;34418;38.4;21.2
2A;2021-05-11;650;414;63024;34832;38.8;21.4
2A;2021-05-12;917;488;63941;35320;39.4;21.7
2A;2021-05-13;916;138;64857;35458;39.9;21.8
2A;2021-05-14;797;680;65654;36138;40.4;22.2
2A;2021-05-15;779;646;66433;36784;40.9;22.6
2A;2021-05-16;735;498;67168;37282;41.4;23.0
2A;2021-05-17;582;562;67750;37844;41.7;23.3
2A;2021-05-18;613;476;68363;38320;42.1;23.6
2A;2021-05-19;783;481;69146;38801;42.6;23.9
2A;2021-05-20;691;539;69837;39340;43.0;24.2
2A;2021-05-21;534;480;70371;39820;43.3;24.5
2A;2021-05-22;442;308;70813;40128;43.6;24.7
2A;2021-05-23;533;283;71346;40411;43.9;24.9
2A;2021-05-24;125;33;71471;40444;44.0;24.9
2A;2021-05-25;414;503;71885;40947;44.3;25.2
2A;2021-05-26;426;1166;72311;42113;44.5;25.9
2A;2021-05-27;434;1112;72745;43225;44.8;26.6
2A;2021-05-28;296;915;73041;44140;45.0;27.2
2A;2021-05-29;336;900;73377;45040;45.2;27.7
2A;2021-05-30;182;506;73559;45546;45.3;28.0
2A;2021-05-31;187;413;73746;45959;45.4;28.3
2A;2021-06-01;334;728;74080;46687;45.6;28.7
2A;2021-06-02;278;936;74358;47623;45.8;29.3
2A;2021-06-03;301;847;74659;48470;46.0;29.8
2A;2021-06-04;270;1093;74929;49563;46.1;30.5
2A;2021-06-05;318;1443;75247;51006;46.3;31.4
2A;2021-06-06;173;910;75420;51916;46.4;32.0
2A;2021-06-07;163;661;75583;52577;46.5;32.4
2A;2021-06-08;314;705;75897;53282;46.7;32.8
2A;2021-06-09;292;1318;76189;54600;46.9;33.6
2A;2021-06-10;324;856;76513;55456;47.1;34.1
2A;2021-06-11;277;1019;76790;56475;47.3;34.8
2A;2021-06-12;223;664;77013;57139;47.4;35.2
2A;2021-06-13;186;796;77199;57935;47.5;35.7
2A;2021-06-14;239;921;77438;58856;47.7;36.2
2A;2021-06-15;212;505;77650;59361;47.8;36.5
2A;2021-06-16;206;777;77856;60138;47.9;37.0
2A;2021-06-17;230;593;78086;60731;48.1;37.4
2A;2021-06-18;237;919;78323;61650;48.2;38.0
2A;2021-06-19;204;689;78527;62339;48.3;38.4
2A;2021-06-20;147;693;78674;63032;48.4;38.8
2A;2021-06-21;175;794;78849;63826;48.5;39.3
2A;2021-06-22;232;842;79081;64668;48.7;39.8
2A;2021-06-23;199;567;79280;65235;48.8;40.2
2A;2021-06-24;139;373;79419;65608;48.9;40.4
2A;2021-06-25;164;472;79583;66080;49.0;40.7
2A;2021-06-26;195;871;79778;66951;49.1;41.2
2A;2021-06-27;172;792;79950;67743;49.2;41.7
2A;2021-06-28;187;704;80137;68447;49.3;42.1
2A;2021-06-29;208;690;80345;69137;49.5;42.6
2A;2021-06-30;231;489;80576;69626;49.6;42.9
2A;2021-07-01;195;481;80771;70107;49.7;43.2
2A;2021-07-02;158;368;80929;70475;49.8;43.4
2A;2021-07-03;205;617;81134;71092;50.0;43.8
2A;2021-07-04;169;663;81303;71755;50.1;44.2
2A;2021-07-05;158;235;81461;71990;50.2;44.3
2A;2021-07-06;242;389;81703;72379;50.3;44.6
2A;2021-07-07;421;602;82124;72981;50.6;44.9
2A;2021-07-08;579;700;82703;73681;50.9;45.4
2A;2021-07-09;363;420;83066;74101;51.1;45.6
2A;2021-07-10;279;344;83345;74445;51.3;45.8
2A;2021-07-11;90;162;83435;74607;51.4;45.9
2A;2021-07-12;304;346;83739;74953;51.6;46.1
2A;2021-07-13;1173;490;84912;75443;52.3;46.4
2A;2021-07-14;1608;291;86520;75734;53.3;46.6
2A;2021-07-15;1410;811;87930;76545;54.1;47.1
2B;2020-12-27;0;0;0;0;0.0;0.0
2B;2020-12-28;0;0;0;0;0.0;0.0
2B;2020-12-29;0;0;0;0;0.0;0.0
2B;2020-12-30;0;0;0;0;0.0;0.0
2B;2020-12-31;0;0;0;0;0.0;0.0
2B;2021-01-01;0;0;0;0;0.0;0.0
2B;2021-01-02;0;0;0;0;0.0;0.0
2B;2021-01-03;0;0;0;0;0.0;0.0
2B;2021-01-04;2;0;2;0;0.0;0.0
2B;2021-01-05;0;0;2;0;0.0;0.0
2B;2021-01-06;48;1;50;1;0.0;0.0
2B;2021-01-07;211;0;261;1;0.1;0.0
2B;2021-01-08;196;0;457;1;0.3;0.0
2B;2021-01-09;39;0;496;1;0.3;0.0
2B;2021-01-10;1;0;497;1;0.3;0.0
2B;2021-01-11;75;0;572;1;0.3;0.0
2B;2021-01-12;128;1;700;2;0.4;0.0
2B;2021-01-13;93;0;793;2;0.4;0.0
2B;2021-01-14;72;0;865;2;0.5;0.0
2B;2021-01-15;256;0;1121;2;0.6;0.0
2B;2021-01-16;43;0;1164;2;0.6;0.0
2B;2021-01-17;8;0;1172;2;0.6;0.0
2B;2021-01-18;271;0;1443;2;0.8;0.0
2B;2021-01-19;497;0;1940;2;1.1;0.0
2B;2021-01-20;461;0;2401;2;1.3;0.0
2B;2021-01-21;357;0;2758;2;1.5;0.0
2B;2021-01-22;364;0;3122;2;1.7;0.0
2B;2021-01-23;60;0;3182;2;1.7;0.0
2B;2021-01-24;29;0;3211;2;1.8;0.0
2B;2021-01-25;210;2;3421;4;1.9;0.0
2B;2021-01-26;388;1;3809;5;2.1;0.0
2B;2021-01-27;341;50;4150;55;2.3;0.0
2B;2021-01-28;364;149;4514;204;2.5;0.1
2B;2021-01-29;288;164;4802;368;2.6;0.2
2B;2021-01-30;80;33;4882;401;2.7;0.2
2B;2021-01-31;60;0;4942;401;2.7;0.2
2B;2021-02-01;229;94;5171;495;2.8;0.3
2B;2021-02-02;357;78;5528;573;3.0;0.3
2B;2021-02-03;519;92;6047;665;3.3;0.4
2B;2021-02-04;458;176;6505;841;3.6;0.5
2B;2021-02-05;392;95;6897;936;3.8;0.5
2B;2021-02-06;87;14;6984;950;3.8;0.5
2B;2021-02-07;59;0;7043;950;3.9;0.5
2B;2021-02-08;231;157;7274;1107;4.0;0.6
2B;2021-02-09;586;315;7860;1422;4.3;0.8
2B;2021-02-10;485;194;8345;1616;4.6;0.9
2B;2021-02-11;381;128;8726;1744;4.8;1.0
2B;2021-02-12;296;125;9022;1869;5.0;1.0
2B;2021-02-13;77;13;9099;1882;5.0;1.0
2B;2021-02-14;62;0;9161;1882;5.0;1.0
2B;2021-02-15;190;128;9351;2010;5.1;1.1
2B;2021-02-16;254;286;9605;2296;5.3;1.3
2B;2021-02-17;312;317;9917;2613;5.4;1.4
2B;2021-02-18;215;347;10132;2960;5.6;1.6
2B;2021-02-19;163;309;10295;3269;5.6;1.8
2B;2021-02-20;32;63;10327;3332;5.7;1.8
2B;2021-02-21;27;29;10354;3361;5.7;1.8
2B;2021-02-22;133;190;10487;3551;5.8;1.9
2B;2021-02-23;230;358;10717;3909;5.9;2.1
2B;2021-02-24;228;312;10945;4221;6.0;2.3
2B;2021-02-25;244;341;11189;4562;6.1;2.5
2B;2021-02-26;298;281;11487;4843;6.3;2.7
2B;2021-02-27;60;84;11547;4927;6.3;2.7
2B;2021-02-28;1;57;11548;4984;6.3;2.7
2B;2021-03-01;246;260;11794;5244;6.5;2.9
2B;2021-03-02;351;390;12145;5634;6.7;3.1
2B;2021-03-03;297;437;12442;6071;6.8;3.3
2B;2021-03-04;447;408;12889;6479;7.1;3.6
2B;2021-03-05;617;387;13506;6866;7.4;3.8
2B;2021-03-06;682;97;14188;6963;7.8;3.8
2B;2021-03-07;360;59;14548;7022;8.0;3.9
2B;2021-03-08;301;239;14849;7261;8.1;4.0
2B;2021-03-09;382;506;15231;7767;8.4;4.3
2B;2021-03-10;630;446;15861;8213;8.7;4.5
2B;2021-03-11;584;354;16445;8567;9.0;4.7
2B;2021-03-12;958;225;17403;8792;9.5;4.8
2B;2021-03-13;508;109;17911;8901;9.8;4.9
2B;2021-03-14;226;60;18137;8961;10.0;4.9
2B;2021-03-15;513;200;18650;9161;10.2;5.0
2B;2021-03-16;571;276;19221;9437;10.5;5.2
2B;2021-03-17;528;262;19749;9699;10.8;5.3
2B;2021-03-18;549;228;20298;9927;11.1;5.4
2B;2021-03-19;803;193;21101;10120;11.6;5.6
2B;2021-03-20;654;36;21755;10156;11.9;5.6
2B;2021-03-21;429;34;22184;10190;12.2;5.6
2B;2021-03-22;546;123;22730;10313;12.5;5.7
2B;2021-03-23;787;263;23517;10576;12.9;5.8
2B;2021-03-24;826;216;24343;10792;13.4;5.9
2B;2021-03-25;823;161;25166;10953;13.8;6.0
2B;2021-03-26;957;189;26123;11142;14.3;6.1
2B;2021-03-27;1088;33;27211;11175;14.9;6.1
2B;2021-03-28;829;122;28040;11297;15.4;6.2
2B;2021-03-29;744;176;28784;11473;15.8;6.3
2B;2021-03-30;972;322;29756;11795;16.3;6.5
2B;2021-03-31;981;265;30737;12060;16.9;6.6
2B;2021-04-01;1000;229;31737;12289;17.4;6.7
2B;2021-04-02;964;412;32701;12701;17.9;7.0
2B;2021-04-03;1246;146;33947;12847;18.6;7.0
2B;2021-04-04;196;61;34143;12908;18.7;7.1
2B;2021-04-05;108;113;34251;13021;18.8;7.1
2B;2021-04-06;1032;360;35283;13381;19.4;7.3
2B;2021-04-07;1228;429;36511;13810;20.0;7.6
2B;2021-04-08;1127;408;37638;14218;20.7;7.8
2B;2021-04-09;1169;561;38807;14779;21.3;8.1
2B;2021-04-10;1350;259;40157;15038;22.0;8.3
2B;2021-04-11;812;63;40969;15101;22.5;8.3
2B;2021-04-12;851;562;41820;15663;22.9;8.6
2B;2021-04-13;1061;629;42881;16292;23.5;8.9
2B;2021-04-14;1044;492;43925;16784;24.1;9.2
2B;2021-04-15;884;516;44809;17300;24.6;9.5
2B;2021-04-16;911;650;45720;17950;25.1;9.8
2B;2021-04-17;386;444;46106;18394;25.3;10.1
2B;2021-04-18;252;339;46358;18733;25.4;10.3
2B;2021-04-19;822;432;47180;19165;25.9;10.5
2B;2021-04-20;898;848;48078;20013;26.4;11.0
2B;2021-04-21;1054;606;49132;20619;27.0;11.3
2B;2021-04-22;938;730;50070;21349;27.5;11.7
2B;2021-04-23;661;629;50731;21978;27.8;12.1
2B;2021-04-24;287;772;51018;22750;28.0;12.5
2B;2021-04-25;284;477;51302;23227;28.1;12.7
2B;2021-04-26;708;920;52010;24147;28.5;13.2
2B;2021-04-27;964;874;52974;25021;29.1;13.7
2B;2021-04-28;920;859;53894;25880;29.6;14.2
2B;2021-04-29;920;867;54814;26747;30.1;14.7
2B;2021-04-30;1132;830;55946;27577;30.7;15.1
2B;2021-05-01;459;1116;56405;28693;30.9;15.7
2B;2021-05-02;336;244;56741;28937;31.1;15.9
2B;2021-05-03;1019;494;57760;29431;31.7;16.1
2B;2021-05-04;810;1149;58570;30580;32.1;16.8
2B;2021-05-05;804;1375;59374;31955;32.6;17.5
2B;2021-05-06;1285;904;60659;32859;33.3;18.0
2B;2021-05-07;1061;987;61720;33846;33.9;18.6
2B;2021-05-08;459;856;62179;34702;34.1;19.0
2B;2021-05-09;394;682;62573;35384;34.3;19.4
2B;2021-05-10;920;797;63493;36181;34.8;19.9
2B;2021-05-11;932;1160;64425;37341;35.3;20.5
2B;2021-05-12;856;892;65281;38233;35.8;21.0
2B;2021-05-13;1024;376;66305;38609;36.4;21.2
2B;2021-05-14;715;579;67020;39188;36.8;21.5
2B;2021-05-15;702;353;67722;39541;37.2;21.7
2B;2021-05-16;297;179;68019;39720;37.3;21.8
2B;2021-05-17;1002;406;69021;40126;37.9;22.0
2B;2021-05-18;989;381;70010;40507;38.4;22.2
2B;2021-05-19;770;416;70780;40923;38.8;22.5
2B;2021-05-20;668;360;71448;41283;39.2;22.7
2B;2021-05-21;705;502;72153;41785;39.6;22.9
2B;2021-05-22;573;389;72726;42174;39.9;23.1
2B;2021-05-23;167;46;72893;42220;40.0;23.2
2B;2021-05-24;40;114;72933;42334;40.0;23.2
2B;2021-05-25;548;351;73481;42685;40.3;23.4
2B;2021-05-26;544;790;74025;43475;40.6;23.9
2B;2021-05-27;407;1130;74432;44605;40.8;24.5
2B;2021-05-28;554;906;74986;45511;41.1;25.0
2B;2021-05-29;311;352;75297;45863;41.3;25.2
2B;2021-05-30;46;45;75343;45908;41.3;25.2
2B;2021-05-31;376;829;75719;46737;41.5;25.6
2B;2021-06-01;413;1039;76132;47776;41.8;26.2
2B;2021-06-02;365;991;76497;48767;42.0;26.8
2B;2021-06-03;497;807;76994;49574;42.2;27.2
2B;2021-06-04;343;1255;77337;50829;42.4;27.9
2B;2021-06-05;254;494;77591;51323;42.6;28.2
2B;2021-06-06;49;129;77640;51452;42.6;28.2
2B;2021-06-07;279;948;77919;52400;42.8;28.8
2B;2021-06-08;396;1170;78315;53570;43.0;29.4
2B;2021-06-09;513;1177;78828;54747;43.3;30.0
2B;2021-06-10;365;938;79193;55685;43.5;30.6
2B;2021-06-11;427;1277;79620;56962;43.7;31.3
2B;2021-06-12;149;544;79769;57506;43.8;31.6
2B;2021-06-13;23;59;79792;57565;43.8;31.6
2B;2021-06-14;189;1117;79981;58682;43.9;32.2
2B;2021-06-15;343;1220;80324;59902;44.1;32.9
2B;2021-06-16;371;939;80695;60841;44.3;33.4
2B;2021-06-17;391;1048;81086;61889;44.5;34.0
2B;2021-06-18;345;960;81431;62849;44.7;34.5
2B;2021-06-19;139;327;81570;63176;44.8;34.7
2B;2021-06-20;43;194;81613;63370;44.8;34.8
2B;2021-06-21;262;962;81875;64332;44.9;35.3
2B;2021-06-22;311;1115;82186;65447;45.1;35.9
2B;2021-06-23;205;872;82391;66319;45.2;36.4
2B;2021-06-24;333;755;82724;67074;45.4;36.8
2B;2021-06-25;205;1076;82929;68150;45.5;37.4
2B;2021-06-26;104;552;83033;68702;45.6;37.7
2B;2021-06-27;30;215;83063;68917;45.6;37.8
2B;2021-06-28;324;950;83387;69867;45.8;38.3
2B;2021-06-29;264;989;83651;70856;45.9;38.9
2B;2021-06-30;374;948;84025;71804;46.1;39.4
2B;2021-07-01;218;507;84243;72311;46.2;39.7
2B;2021-07-02;209;558;84452;72869;46.3;40.0
2B;2021-07-03;89;395;84541;73264;46.4;40.2
2B;2021-07-04;1;0;84542;73264;46.4;40.2
2B;2021-07-05;264;661;84806;73925;46.5;40.6
2B;2021-07-06;447;707;85253;74632;46.8;40.9
2B;2021-07-07;370;905;85623;75537;47.0;41.4
2B;2021-07-08;179;346;85802;75883;47.1;41.6
2B;2021-07-09;243;368;86045;76251;47.2;41.8
2B;2021-07-10;193;199;86238;76450;47.3;41.9
2B;2021-07-11;13;14;86251;76464;47.3;42.0
2B;2021-07-12;491;739;86742;77203;47.6;42.4
2B;2021-07-13;817;1006;87559;78209;48.0;42.9
2B;2021-07-14;338;97;87897;78306;48.2;43.0
2B;2021-07-15;1225;563;89122;78869;48.9;43.3
30;2020-12-27;0;0;0;0;0.0;0.0
30;2020-12-28;0;0;0;0;0.0;0.0
30;2020-12-29;0;0;0;0;0.0;0.0
30;2020-12-30;0;0;0;0;0.0;0.0
30;2020-12-31;0;0;0;0;0.0;0.0
30;2021-01-01;0;0;0;0;0.0;0.0
30;2021-01-02;0;0;0;0;0.0;0.0
30;2021-01-03;0;0;0;0;0.0;0.0
30;2021-01-04;0;0;0;0;0.0;0.0
30;2021-01-05;3;0;3;0;0.0;0.0
30;2021-01-06;128;0;131;0;0.0;0.0
30;2021-01-07;311;0;442;0;0.1;0.0
30;2021-01-08;529;0;971;0;0.1;0.0
30;2021-01-09;270;0;1241;0;0.2;0.0
30;2021-01-10;0;0;1241;0;0.2;0.0
30;2021-01-11;537;0;1778;0;0.2;0.0
30;2021-01-12;794;3;2572;3;0.3;0.0
30;2021-01-13;640;0;3212;3;0.4;0.0
30;2021-01-14;646;5;3858;8;0.5;0.0
30;2021-01-15;756;2;4614;10;0.6;0.0
30;2021-01-16;313;0;4927;10;0.7;0.0
30;2021-01-17;0;0;4927;10;0.7;0.0
30;2021-01-18;936;3;5863;13;0.8;0.0
30;2021-01-19;1734;6;7597;19;1.0;0.0
30;2021-01-20;1303;2;8900;21;1.2;0.0
30;2021-01-21;1224;2;10124;23;1.4;0.0
30;2021-01-22;1074;5;11198;28;1.5;0.0
30;2021-01-23;634;2;11832;30;1.6;0.0
30;2021-01-24;0;0;11832;30;1.6;0.0
30;2021-01-25;828;4;12660;34;1.7;0.0
30;2021-01-26;1057;14;13717;48;1.8;0.0
30;2021-01-27;977;111;14694;159;2.0;0.0
30;2021-01-28;709;274;15403;433;2.1;0.1
30;2021-01-29;668;448;16071;881;2.1;0.1
30;2021-01-30;470;290;16541;1171;2.2;0.2
30;2021-01-31;3;7;16544;1178;2.2;0.2
30;2021-02-01;813;435;17357;1613;2.3;0.2
30;2021-02-02;1873;667;19230;2280;2.6;0.3
30;2021-02-03;1182;492;20412;2772;2.7;0.4
30;2021-02-04;966;663;21378;3435;2.9;0.5
30;2021-02-05;596;769;21974;4204;2.9;0.6
30;2021-02-06;288;262;22262;4466;3.0;0.6
30;2021-02-07;2;8;22264;4474;3.0;0.6
30;2021-02-08;573;737;22837;5211;3.1;0.7
30;2021-02-09;977;1006;23814;6217;3.2;0.8
30;2021-02-10;980;1101;24794;7318;3.3;1.0
30;2021-02-11;926;1071;25720;8389;3.4;1.1
30;2021-02-12;614;992;26334;9381;3.5;1.3
30;2021-02-13;434;390;26768;9771;3.6;1.3
30;2021-02-14;1;21;26769;9792;3.6;1.3
30;2021-02-15;446;625;27215;10417;3.6;1.4
30;2021-02-16;459;849;27674;11266;3.7;1.5
30;2021-02-17;681;635;28355;11901;3.8;1.6
30;2021-02-18;793;527;29148;12428;3.9;1.7
30;2021-02-19;573;675;29721;13103;4.0;1.8
30;2021-02-20;223;226;29944;13329;4.0;1.8
30;2021-02-21;5;3;29949;13332;4.0;1.8
30;2021-02-22;501;767;30450;14099;4.1;1.9
30;2021-02-23;973;1465;31423;15564;4.2;2.1
30;2021-02-24;925;1194;32348;16758;4.3;2.2
30;2021-02-25;1202;908;33550;17666;4.5;2.4
30;2021-02-26;1333;591;34883;18257;4.7;2.4
30;2021-02-27;563;545;35446;18802;4.7;2.5
30;2021-02-28;1;7;35447;18809;4.7;2.5
30;2021-03-01;1336;824;36783;19633;4.9;2.6
30;2021-03-02;1709;908;38492;20541;5.1;2.7
30;2021-03-03;2297;749;40789;21290;5.4;2.8
30;2021-03-04;2627;861;43416;22151;5.8;3.0
30;2021-03-05;2750;603;46166;22754;6.2;3.0
30;2021-03-06;2994;347;49160;23101;6.6;3.1
30;2021-03-07;1857;35;51017;23136;6.8;3.1
30;2021-03-08;1523;778;52540;23914;7.0;3.2
30;2021-03-09;2273;857;54813;24771;7.3;3.3
30;2021-03-10;2341;639;57154;25410;7.6;3.4
30;2021-03-11;3049;655;60203;26065;8.0;3.5
30;2021-03-12;3108;365;63311;26430;8.5;3.5
30;2021-03-13;2215;280;65526;26710;8.8;3.6
30;2021-03-14;83;3;65609;26713;8.8;3.6
30;2021-03-15;1560;554;67169;27267;9.0;3.6
30;2021-03-16;1299;1061;68468;28328;9.1;3.8
30;2021-03-17;1452;639;69920;28967;9.3;3.9
30;2021-03-18;1637;707;71557;29674;9.6;4.0
30;2021-03-19;2247;531;73804;30205;9.9;4.0
30;2021-03-20;1397;137;75201;30342;10.0;4.1
30;2021-03-21;57;8;75258;30350;10.1;4.1
30;2021-03-22;2389;708;77647;31058;10.4;4.1
30;2021-03-23;3501;786;81148;31844;10.8;4.3
30;2021-03-24;3628;792;84776;32636;11.3;4.4
30;2021-03-25;4391;829;89167;33465;11.9;4.5
30;2021-03-26;4355;615;93522;34080;12.5;4.6
30;2021-03-27;1965;369;95487;34449;12.8;4.6
30;2021-03-28;35;30;95522;34479;12.8;4.6
30;2021-03-29;2804;1641;98326;36120;13.1;4.8
30;2021-03-30;3774;1866;102100;37986;13.6;5.1
30;2021-03-31;3500;1628;105600;39614;14.1;5.3
30;2021-04-01;4006;1428;109606;41042;14.6;5.5
30;2021-04-02;3597;1219;113203;42261;15.1;5.6
30;2021-04-03;1062;1222;114265;43483;15.3;5.8
30;2021-04-04;29;187;114294;43670;15.3;5.8
30;2021-04-05;758;280;115052;43950;15.4;5.9
30;2021-04-06;3027;1558;118079;45508;15.8;6.1
30;2021-04-07;2718;1620;120797;47128;16.1;6.3
30;2021-04-08;3911;1475;124708;48603;16.7;6.5
30;2021-04-09;4880;1496;129588;50099;17.3;6.7
30;2021-04-10;2425;1170;132013;51269;17.6;6.8
30;2021-04-11;949;54;132962;51323;17.8;6.9
30;2021-04-12;3142;1477;136104;52800;18.2;7.1
30;2021-04-13;4007;1896;140111;54696;18.7;7.3
30;2021-04-14;3372;1528;143483;56224;19.2;7.5
30;2021-04-15;3826;1436;147309;57660;19.7;7.7
30;2021-04-16;3702;1510;151011;59170;20.2;7.9
30;2021-04-17;1490;943;152501;60113;20.4;8.0
30;2021-04-18;957;66;153458;60179;20.5;8.0
30;2021-04-19;2446;2293;155904;62472;20.8;8.3
30;2021-04-20;2813;2824;158717;65296;21.2;8.7
30;2021-04-21;2583;2561;161300;67857;21.6;9.1
30;2021-04-22;3508;2311;164808;70168;22.0;9.4
30;2021-04-23;3569;2299;168377;72467;22.5;9.7
30;2021-04-24;1346;1229;169723;73696;22.7;9.8
30;2021-04-25;748;89;170471;73785;22.8;9.9
30;2021-04-26;2012;2379;172483;76164;23.0;10.2
30;2021-04-27;2919;2587;175402;78751;23.4;10.5
30;2021-04-28;2821;2471;178223;81222;23.8;10.9
30;2021-04-29;3611;2298;181834;83520;24.3;11.2
30;2021-04-30;3397;2013;185231;85533;24.7;11.4
30;2021-05-01;1747;604;186978;86137;25.0;11.5
30;2021-05-02;663;243;187641;86380;25.1;11.5
30;2021-05-03;3743;2498;191384;88878;25.6;11.9
30;2021-05-04;3972;3516;195356;92394;26.1;12.3
30;2021-05-05;3926;3117;199282;95511;26.6;12.8
30;2021-05-06;4186;3352;203468;98863;27.2;13.2
30;2021-05-07;4070;3047;207538;101910;27.7;13.6
30;2021-05-08;1598;717;209136;102627;27.9;13.7
30;2021-05-09;372;611;209508;103238;28.0;13.8
30;2021-05-10;2912;3105;212420;106343;28.4;14.2
30;2021-05-11;5381;3648;217801;109991;29.1;14.7
30;2021-05-12;5288;3199;223089;113190;29.8;15.1
30;2021-05-13;3225;1018;226314;114208;30.2;15.3
30;2021-05-14;4885;2447;231199;116655;30.9;15.6
30;2021-05-15;3405;1198;234604;117853;31.3;15.7
30;2021-05-16;396;340;235000;118193;31.4;15.8
30;2021-05-17;3793;3025;238793;121218;31.9;16.2
30;2021-05-18;4817;3031;243610;124249;32.5;16.6
30;2021-05-19;4764;2528;248374;126777;33.2;16.9
30;2021-05-20;4998;2562;253372;129339;33.9;17.3
30;2021-05-21;4876;2466;258248;131805;34.5;17.6
30;2021-05-22;3154;1291;261402;133096;34.9;17.8
30;2021-05-23;287;347;261689;133443;35.0;17.8
30;2021-05-24;782;770;262471;134213;35.1;17.9
30;2021-05-25;2656;3160;265127;137373;35.4;18.4
30;2021-05-26;2880;2555;268007;139928;35.8;18.7
30;2021-05-27;3753;2704;271760;142632;36.3;19.1
30;2021-05-28;3318;3275;275078;145907;36.8;19.5
30;2021-05-29;1684;1799;276762;147706;37.0;19.7
30;2021-05-30;357;589;277119;148295;37.0;19.8
30;2021-05-31;2826;2289;279945;150584;37.4;20.1
30;2021-06-01;3646;2785;283591;153369;37.9;20.5
30;2021-06-02;3307;2432;286898;155801;38.3;20.8
30;2021-06-03;4123;3338;291021;159139;38.9;21.3
30;2021-06-04;3898;3390;294919;162529;39.4;21.7
30;2021-06-05;1900;1311;296819;163840;39.7;21.9
30;2021-06-06;681;261;297500;164101;39.7;21.9
30;2021-06-07;4704;2514;302204;166615;40.4;22.3
30;2021-06-08;4799;3305;307003;169920;41.0;22.7
30;2021-06-09;4123;2963;311126;172883;41.6;23.1
30;2021-06-10;4556;3335;315682;176218;42.2;23.5
30;2021-06-11;4564;3801;320246;180019;42.8;24.1
30;2021-06-12;2475;1696;322721;181715;43.1;24.3
30;2021-06-13;490;340;323211;182055;43.2;24.3
30;2021-06-14;2456;4704;325667;186759;43.5;25.0
30;2021-06-15;3186;5301;328853;192060;43.9;25.7
30;2021-06-16;3085;4637;331938;196697;44.3;26.3
30;2021-06-17;3905;4350;335843;201047;44.9;26.9
30;2021-06-18;3700;4686;339543;205733;45.4;27.5
30;2021-06-19;1431;1993;340974;207726;45.6;27.8
30;2021-06-20;356;492;341330;208218;45.6;27.8
30;2021-06-21;2364;4904;343694;213122;45.9;28.5
30;2021-06-22;2339;5742;346033;218864;46.2;29.2
30;2021-06-23;2501;5335;348534;224199;46.6;30.0
30;2021-06-24;2317;4707;350851;228906;46.9;30.6
30;2021-06-25;2601;5600;353452;234506;47.2;31.3
30;2021-06-26;895;2925;354347;237431;47.3;31.7
30;2021-06-27;218;527;354565;237958;47.4;31.8
30;2021-06-28;1652;6017;356217;243975;47.6;32.6
30;2021-06-29;1818;6029;358035;250004;47.8;33.4
30;2021-06-30;1971;5253;360006;255257;48.1;34.1
30;2021-07-01;2934;4696;362940;259953;48.5;34.7
30;2021-07-02;2815;4611;365755;264564;48.9;35.3
30;2021-07-03;1137;3039;366892;267603;49.0;35.8
30;2021-07-04;109;392;367001;267995;49.0;35.8
30;2021-07-05;2005;4014;369006;272009;49.3;36.3
30;2021-07-06;2628;4953;371634;276962;49.7;37.0
30;2021-07-07;2511;4200;374145;281162;50.0;37.6
30;2021-07-08;1988;3412;376133;284574;50.3;38.0
30;2021-07-09;2392;5289;378525;289863;50.6;38.7
30;2021-07-10;1480;2139;380005;292002;50.8;39.0
30;2021-07-11;42;416;380047;292418;50.8;39.1
30;2021-07-12;2495;5130;382542;297548;51.1;39.8
30;2021-07-13;3240;5985;385782;303533;51.5;40.6
30;2021-07-14;488;535;386270;304068;51.6;40.6
30;2021-07-15;4018;5401;390288;309469;52.1;41.3
31;2020-12-27;0;0;0;0;0.0;0.0
31;2020-12-28;0;0;0;0;0.0;0.0
31;2020-12-29;0;0;0;0;0.0;0.0
31;2020-12-30;0;0;0;0;0.0;0.0
31;2020-12-31;0;0;0;0;0.0;0.0
31;2021-01-01;2;0;2;0;0.0;0.0
31;2021-01-02;0;0;2;0;0.0;0.0
31;2021-01-03;1;0;3;0;0.0;0.0
31;2021-01-04;2;0;5;0;0.0;0.0
31;2021-01-05;48;0;53;0;0.0;0.0
31;2021-01-06;210;1;263;1;0.0;0.0
31;2021-01-07;284;1;547;2;0.0;0.0
31;2021-01-08;543;0;1090;2;0.1;0.0
31;2021-01-09;273;0;1363;2;0.1;0.0
31;2021-01-10;286;0;1649;2;0.1;0.0
31;2021-01-11;977;3;2626;5;0.2;0.0
31;2021-01-12;1188;0;3814;5;0.3;0.0
31;2021-01-13;1155;4;4969;9;0.4;0.0
31;2021-01-14;1175;17;6144;26;0.4;0.0
31;2021-01-15;1047;4;7191;30;0.5;0.0
31;2021-01-16;243;1;7434;31;0.5;0.0
31;2021-01-17;173;0;7607;31;0.5;0.0
31;2021-01-18;1606;3;9213;34;0.7;0.0
31;2021-01-19;2928;11;12141;45;0.9;0.0
31;2021-01-20;3656;9;15797;54;1.1;0.0
31;2021-01-21;2986;3;18783;57;1.3;0.0
31;2021-01-22;2267;4;21050;61;1.5;0.0
31;2021-01-23;727;1;21777;62;1.6;0.0
31;2021-01-24;212;1;21989;63;1.6;0.0
31;2021-01-25;1741;8;23730;71;1.7;0.0
31;2021-01-26;1837;63;25567;134;1.8;0.0
31;2021-01-27;1571;153;27138;287;1.9;0.0
31;2021-01-28;1379;303;28517;590;2.0;0.0
31;2021-01-29;1353;350;29870;940;2.1;0.1
31;2021-01-30;443;187;30313;1127;2.2;0.1
31;2021-01-31;61;210;30374;1337;2.2;0.1
31;2021-02-01;1153;736;31527;2073;2.3;0.1
31;2021-02-02;3008;805;34535;2878;2.5;0.2
31;2021-02-03;1903;779;36438;3657;2.6;0.3
31;2021-02-04;1802;845;38240;4502;2.7;0.3
31;2021-02-05;1335;575;39575;5077;2.8;0.4
31;2021-02-06;375;55;39950;5132;2.9;0.4
31;2021-02-07;37;41;39987;5173;2.9;0.4
31;2021-02-08;1112;667;41099;5840;2.9;0.4
31;2021-02-09;1674;1575;42773;7415;3.1;0.5
31;2021-02-10;1958;2476;44731;9891;3.2;0.7
31;2021-02-11;1813;1822;46544;11713;3.3;0.8
31;2021-02-12;1534;796;48078;12509;3.4;0.9
31;2021-02-13;501;230;48579;12739;3.5;0.9
31;2021-02-14;55;217;48634;12956;3.5;0.9
31;2021-02-15;441;1376;49075;14332;3.5;1.0
31;2021-02-16;465;1554;49540;15886;3.5;1.1
31;2021-02-17;470;1692;50010;17578;3.6;1.3
31;2021-02-18;476;1832;50486;19410;3.6;1.4
31;2021-02-19;388;1574;50874;20984;3.6;1.5
31;2021-02-20;67;532;50941;21516;3.6;1.5
31;2021-02-21;79;161;51020;21677;3.6;1.5
31;2021-02-22;429;1758;51449;23435;3.7;1.7
31;2021-02-23;861;3015;52310;26450;3.7;1.9
31;2021-02-24;651;2196;52961;28646;3.8;2.0
31;2021-02-25;1422;1841;54383;30487;3.9;2.2
31;2021-02-26;1707;1231;56090;31718;4.0;2.3
31;2021-02-27;637;404;56727;32122;4.0;2.3
31;2021-02-28;77;54;56804;32176;4.1;2.3
31;2021-03-01;866;1132;57670;33308;4.1;2.4
31;2021-03-02;1230;1667;58900;34975;4.2;2.5
31;2021-03-03;1354;1816;60254;36791;4.3;2.6
31;2021-03-04;2411;1495;62665;38286;4.5;2.7
31;2021-03-05;3052;1590;65717;39876;4.7;2.8
31;2021-03-06;2829;408;68546;40284;4.9;2.9
31;2021-03-07;5363;89;73909;40373;5.3;2.9
31;2021-03-08;1595;1093;75504;41466;5.4;3.0
31;2021-03-09;2777;1185;78281;42651;5.6;3.0
31;2021-03-10;2566;1085;80847;43736;5.8;3.1
31;2021-03-11;4372;1149;85219;44885;6.1;3.2
31;2021-03-12;5307;1183;90526;46068;6.5;3.3
31;2021-03-13;2833;498;93359;46566;6.7;3.3
31;2021-03-14;228;47;93587;46613;6.7;3.3
31;2021-03-15;2575;419;96162;47032;6.9;3.4
31;2021-03-16;1740;808;97902;47840;7.0;3.4
31;2021-03-17;1653;553;99555;48393;7.1;3.5
31;2021-03-18;1960;705;101515;49098;7.2;3.5
31;2021-03-19;3175;517;104690;49615;7.5;3.5
31;2021-03-20;1790;140;106480;49755;7.6;3.6
31;2021-03-21;206;35;106686;49790;7.6;3.6
31;2021-03-22;2575;356;109261;50146;7.8;3.6
31;2021-03-23;4048;308;113309;50454;8.1;3.6
31;2021-03-24;4350;280;117659;50734;8.4;3.6
31;2021-03-25;6037;501;123696;51235;8.8;3.7
31;2021-03-26;5454;507;129150;51742;9.2;3.7
31;2021-03-27;4341;189;133491;51931;9.5;3.7
31;2021-03-28;2287;44;135778;51975;9.7;3.7
31;2021-03-29;4199;420;139977;52395;10.0;3.7
31;2021-03-30;6584;530;146561;52925;10.5;3.8
31;2021-03-31;5639;351;152200;53276;10.9;3.8
31;2021-04-01;6952;518;159152;53794;11.4;3.8
31;2021-04-02;6095;561;165247;54355;11.8;3.9
31;2021-04-03;3917;148;169164;54503;12.1;3.9
31;2021-04-04;2058;109;171222;54612;12.2;3.9
31;2021-04-05;476;69;171698;54681;12.3;3.9
31;2021-04-06;4154;1136;175852;55817;12.6;4.0
31;2021-04-07;5979;974;181831;56791;13.0;4.1
31;2021-04-08;7559;1016;189390;57807;13.5;4.1
31;2021-04-09;8380;1228;197770;59035;14.1;4.2
31;2021-04-10;4710;533;202480;59568;14.5;4.3
31;2021-04-11;2065;138;204545;59706;14.6;4.3
31;2021-04-12;5989;1820;210534;61526;15.0;4.4
31;2021-04-13;8018;2004;218552;63530;15.6;4.5
31;2021-04-14;6640;1907;225192;65437;16.1;4.7
31;2021-04-15;7765;2218;232957;67655;16.6;4.8
31;2021-04-16;7170;2080;240127;69735;17.1;5.0
31;2021-04-17;4405;894;244532;70629;17.5;5.0
31;2021-04-18;2503;352;247035;70981;17.6;5.1
31;2021-04-19;5214;2012;252249;72993;18.0;5.2
31;2021-04-20;6061;2845;258310;75838;18.4;5.4
31;2021-04-21;5966;2781;264276;78619;18.9;5.6
31;2021-04-22;6379;3224;270655;81843;19.3;5.8
31;2021-04-23;6253;2558;276908;84401;19.8;6.0
31;2021-04-24;1607;3127;278515;87528;19.9;6.2
31;2021-04-25;679;2093;279194;89621;19.9;6.4
31;2021-04-26;3788;3220;282982;92841;20.2;6.6
31;2021-04-27;4509;3900;287491;96741;20.5;6.9
31;2021-04-28;4540;3490;292031;100231;20.8;7.2
31;2021-04-29;5172;4011;297203;104242;21.2;7.4
31;2021-04-30;5022;4125;302225;108367;21.6;7.7
31;2021-05-01;1487;3115;303712;111482;21.7;8.0
31;2021-05-02;1411;1980;305123;113462;21.8;8.1
31;2021-05-03;5644;2405;310767;115867;22.2;8.3
31;2021-05-04;4778;4732;315545;120599;22.5;8.6
31;2021-05-05;2980;5709;318525;126308;22.7;9.0
31;2021-05-06;3629;7378;322154;133686;23.0;9.5
31;2021-05-07;5251;7167;327405;140853;23.4;10.1
31;2021-05-08;3632;3101;331037;143954;23.6;10.3
31;2021-05-09;3758;2309;334795;146263;23.9;10.4
31;2021-05-10;5681;5464;340476;151727;24.3;10.8
31;2021-05-11;6638;6686;347114;158413;24.8;11.3
31;2021-05-12;6167;5909;353281;164322;25.2;11.7
31;2021-05-13;4641;2060;357922;166382;25.5;11.9
31;2021-05-14;6902;3972;364824;170354;26.0;12.2
31;2021-05-15;5140;1748;369964;172102;26.4;12.3
31;2021-05-16;3293;629;373257;172731;26.6;12.3
31;2021-05-17;5141;4137;378398;176868;27.0;12.6
31;2021-05-18;5583;4266;383981;181134;27.4;12.9
31;2021-05-19;5772;3765;389753;184899;27.8;13.2
31;2021-05-20;6464;4799;396217;189698;28.3;13.5
31;2021-05-21;5978;4603;402195;194301;28.7;13.9
31;2021-05-22;4082;1627;406277;195928;29.0;14.0
31;2021-05-23;3582;342;409859;196270;29.3;14.0
31;2021-05-24;3873;707;413732;196977;29.5;14.1
31;2021-05-25;6187;3603;419919;200580;30.0;14.3
31;2021-05-26;5592;4635;425511;205215;30.4;14.6
31;2021-05-27;4766;6191;430277;211406;30.7;15.1
31;2021-05-28;4112;6340;434389;217746;31.0;15.5
31;2021-05-29;1916;4029;436305;221775;31.1;15.8
31;2021-05-30;743;2363;437048;224138;31.2;16.0
31;2021-05-31;4391;5082;441439;229220;31.5;16.4
31;2021-06-01;5944;6558;447383;235778;31.9;16.8
31;2021-06-02;5773;6296;453156;242074;32.3;17.3
31;2021-06-03;7287;8131;460443;250205;32.9;17.9
31;2021-06-04;7512;7154;467955;257359;33.4;18.4
31;2021-06-05;9054;2764;477009;260123;34.0;18.6
31;2021-06-06;8064;1570;485073;261693;34.6;18.7
31;2021-06-07;7958;5447;493031;267140;35.2;19.1
31;2021-06-08;9037;6042;502068;273182;35.8;19.5
31;2021-06-09;8883;5506;510951;278688;36.5;19.9
31;2021-06-10;9731;6333;520682;285021;37.2;20.3
31;2021-06-11;9994;6633;530676;291654;37.9;20.8
31;2021-06-12;8777;2995;539453;294649;38.5;21.0
31;2021-06-13;8345;1993;547798;296642;39.1;21.2
31;2021-06-14;8344;6725;556142;303367;39.7;21.7
31;2021-06-15;9716;7420;565858;310787;40.4;22.2
31;2021-06-16;8694;5247;574552;316034;41.0;22.6
31;2021-06-17;8229;6587;582781;322621;41.6;23.0
31;2021-06-18;8496;7744;591277;330365;42.2;23.6
31;2021-06-19;7338;5425;598615;335790;42.7;24.0
31;2021-06-20;5558;3727;604173;339517;43.1;24.2
31;2021-06-21;5340;6943;609513;346460;43.5;24.7
31;2021-06-22;4940;8221;614453;354681;43.9;25.3
31;2021-06-23;5071;7264;619524;361945;44.2;25.8
31;2021-06-24;4550;8319;624074;370264;44.5;26.4
31;2021-06-25;4979;9309;629053;379573;44.9;27.1
31;2021-06-26;4261;6390;633314;385963;45.2;27.6
31;2021-06-27;3580;4094;636894;390057;45.5;27.8
31;2021-06-28;4069;6629;640963;396686;45.8;28.3
31;2021-06-29;3763;7557;644726;404243;46.0;28.9
31;2021-06-30;4233;7786;648959;412029;46.3;29.4
31;2021-07-01;3970;8460;652929;420489;46.6;30.0
31;2021-07-02;4078;9322;657007;429811;46.9;30.7
31;2021-07-03;4077;6112;661084;435923;47.2;31.1
31;2021-07-04;3196;4798;664280;440721;47.4;31.5
31;2021-07-05;4011;7082;668291;447803;47.7;32.0
31;2021-07-06;3766;8344;672057;456147;48.0;32.6
31;2021-07-07;3918;7962;675975;464109;48.3;33.1
31;2021-07-08;3984;8509;679959;472618;48.5;33.7
31;2021-07-09;4398;8776;684357;481394;48.9;34.4
31;2021-07-10;3895;5468;688252;486862;49.1;34.8
31;2021-07-11;3131;4112;691383;490974;49.4;35.0
31;2021-07-12;3792;8591;695175;499565;49.6;35.7
31;2021-07-13;6857;9359;702032;508924;50.1;36.3
31;2021-07-14;6102;3850;708134;512774;50.5;36.6
31;2021-07-15;8205;9347;716339;522121;51.1;37.3
32;2020-12-27;0;0;0;0;0.0;0.0
32;2020-12-28;0;0;0;0;0.0;0.0
32;2020-12-29;0;0;0;0;0.0;0.0
32;2020-12-30;0;0;0;0;0.0;0.0
32;2020-12-31;0;0;0;0;0.0;0.0
32;2021-01-01;0;0;0;0;0.0;0.0
32;2021-01-02;0;0;0;0;0.0;0.0
32;2021-01-03;0;0;0;0;0.0;0.0
32;2021-01-04;3;0;3;0;0.0;0.0
32;2021-01-05;1;0;4;0;0.0;0.0
32;2021-01-06;2;0;6;0;0.0;0.0
32;2021-01-07;152;0;158;0;0.1;0.0
32;2021-01-08;70;0;228;0;0.1;0.0
32;2021-01-09;5;0;233;0;0.1;0.0
32;2021-01-10;0;0;233;0;0.1;0.0
32;2021-01-11;11;0;244;0;0.1;0.0
32;2021-01-12;94;0;338;0;0.2;0.0
32;2021-01-13;325;0;663;0;0.3;0.0
32;2021-01-14;386;3;1049;3;0.6;0.0
32;2021-01-15;448;1;1497;4;0.8;0.0
32;2021-01-16;16;2;1513;6;0.8;0.0
32;2021-01-17;1;0;1514;6;0.8;0.0
32;2021-01-18;344;0;1858;6;1.0;0.0
32;2021-01-19;418;0;2276;6;1.2;0.0
32;2021-01-20;359;0;2635;6;1.4;0.0
32;2021-01-21;582;0;3217;6;1.7;0.0
32;2021-01-22;371;0;3588;6;1.9;0.0
32;2021-01-23;189;0;3777;6;2.0;0.0
32;2021-01-24;3;0;3780;6;2.0;0.0
32;2021-01-25;460;1;4240;7;2.2;0.0
32;2021-01-26;604;0;4844;7;2.5;0.0
32;2021-01-27;703;4;5547;11;2.9;0.0
32;2021-01-28;685;17;6232;28;3.3;0.0
32;2021-01-29;460;52;6692;80;3.5;0.0
32;2021-01-30;260;0;6952;80;3.7;0.0
32;2021-01-31;4;5;6956;85;3.7;0.0
32;2021-02-01;286;58;7242;143;3.8;0.1
32;2021-02-02;641;140;7883;283;4.1;0.1
32;2021-02-03;338;201;8221;484;4.3;0.3
32;2021-02-04;424;279;8645;763;4.5;0.4
32;2021-02-05;348;360;8993;1123;4.7;0.6
32;2021-02-06;147;0;9140;1123;4.8;0.6
32;2021-02-07;0;36;9140;1159;4.8;0.6
32;2021-02-08;275;124;9415;1283;5.0;0.7
32;2021-02-09;308;230;9723;1513;5.1;0.8
32;2021-02-10;267;253;9990;1766;5.3;0.9
32;2021-02-11;379;317;10369;2083;5.5;1.1
32;2021-02-12;298;280;10667;2363;5.6;1.2
32;2021-02-13;249;1;10916;2364;5.7;1.2
32;2021-02-14;0;28;10916;2392;5.7;1.3
32;2021-02-15;25;213;10941;2605;5.8;1.4
32;2021-02-16;392;368;11333;2973;6.0;1.6
32;2021-02-17;189;474;11522;3447;6.1;1.8
32;2021-02-18;330;490;11852;3937;6.2;2.1
32;2021-02-19;183;282;12035;4219;6.3;2.2
32;2021-02-20;1;120;12036;4339;6.3;2.3
32;2021-02-21;0;0;12036;4339;6.3;2.3
32;2021-02-22;157;387;12193;4726;6.4;2.5
32;2021-02-23;432;560;12625;5286;6.6;2.8
32;2021-02-24;277;380;12902;5666;6.8;3.0
32;2021-02-25;480;531;13382;6197;7.0;3.3
32;2021-02-26;443;386;13825;6583;7.3;3.5
32;2021-02-27;157;246;13982;6829;7.4;3.6
32;2021-02-28;4;0;13986;6829;7.4;3.6
32;2021-03-01;51;300;14037;7129;7.4;3.8
32;2021-03-02;413;445;14450;7574;7.6;4.0
32;2021-03-03;272;292;14722;7866;7.7;4.1
32;2021-03-04;539;338;15261;8204;8.0;4.3
32;2021-03-05;434;249;15695;8453;8.3;4.4
32;2021-03-06;520;172;16215;8625;8.5;4.5
32;2021-03-07;25;5;16240;8630;8.5;4.5
32;2021-03-08;233;298;16473;8928;8.7;4.7
32;2021-03-09;642;329;17115;9257;9.0;4.9
32;2021-03-10;482;328;17597;9585;9.3;5.0
32;2021-03-11;852;292;18449;9877;9.7;5.2
32;2021-03-12;881;341;19330;10218;10.2;5.4
32;2021-03-13;490;248;19820;10466;10.4;5.5
32;2021-03-14;1;0;19821;10466;10.4;5.5
32;2021-03-15;265;25;20086;10491;10.6;5.5
32;2021-03-16;312;304;20398;10795;10.7;5.7
32;2021-03-17;149;155;20547;10950;10.8;5.8
32;2021-03-18;373;307;20920;11257;11.0;5.9
32;2021-03-19;402;182;21322;11439;11.2;6.0
32;2021-03-20;136;33;21458;11472;11.3;6.0
32;2021-03-21;0;0;21458;11472;11.3;6.0
32;2021-03-22;340;165;21798;11637;11.5;6.1
32;2021-03-23;559;397;22357;12034;11.8;6.3
32;2021-03-24;642;269;22999;12303;12.1;6.5
32;2021-03-25;893;415;23892;12718;12.6;6.7
32;2021-03-26;653;294;24545;13012;12.9;6.8
32;2021-03-27;164;2;24709;13014;13.0;6.8
32;2021-03-28;0;1;24709;13015;13.0;6.8
32;2021-03-29;371;48;25080;13063;13.2;6.9
32;2021-03-30;765;286;25845;13349;13.6;7.0
32;2021-03-31;654;171;26499;13520;13.9;7.1
32;2021-04-01;1236;318;27735;13838;14.6;7.3
32;2021-04-02;574;168;28309;14006;14.9;7.4
32;2021-04-03;114;0;28423;14006;15.0;7.4
32;2021-04-04;0;0;28423;14006;15.0;7.4
32;2021-04-05;0;0;28423;14006;15.0;7.4
32;2021-04-06;2641;300;31064;14306;16.3;7.5
32;2021-04-07;1176;201;32240;14507;17.0;7.6
32;2021-04-08;1737;404;33977;14911;17.9;7.8
32;2021-04-09;883;215;34860;15126;18.3;8.0
32;2021-04-10;807;27;35667;15153;18.8;8.0
32;2021-04-11;14;0;35681;15153;18.8;8.0
32;2021-04-12;476;20;36157;15173;19.0;8.0
32;2021-04-13;2463;377;38620;15550;20.3;8.2
32;2021-04-14;1226;260;39846;15810;21.0;8.3
32;2021-04-15;1701;391;41547;16201;21.9;8.5
32;2021-04-16;638;282;42185;16483;22.2;8.7
32;2021-04-17;781;37;42966;16520;22.6;8.7
32;2021-04-18;11;1;42977;16521;22.6;8.7
32;2021-04-19;502;44;43479;16565;22.9;8.7
32;2021-04-20;2472;382;45951;16947;24.2;8.9
32;2021-04-21;1009;294;46960;17241;24.7;9.1
32;2021-04-22;1662;318;48622;17559;25.6;9.2
32;2021-04-23;544;157;49166;17716;25.9;9.3
32;2021-04-24;1389;53;50555;17769;26.6;9.4
32;2021-04-25;0;11;50555;17780;26.6;9.4
32;2021-04-26;387;358;50942;18138;26.8;9.5
32;2021-04-27;2546;547;53488;18685;28.1;9.8
32;2021-04-28;968;352;54456;19037;28.7;10.0
32;2021-04-29;1007;884;55463;19921;29.2;10.5
32;2021-04-30;450;359;55913;20280;29.4;10.7
32;2021-05-01;2604;92;58517;20372;30.8;10.7
32;2021-05-02;0;0;58517;20372;30.8;10.7
32;2021-05-03;167;321;58684;20693;30.9;10.9
32;2021-05-04;793;2492;59477;23185;31.3;12.2
32;2021-05-05;2360;1091;61837;24276;32.5;12.8
32;2021-05-06;516;1662;62353;25938;32.8;13.6
32;2021-05-07;2286;532;64639;26470;34.0;13.9
32;2021-05-08;70;519;64709;26989;34.1;14.2
32;2021-05-09;19;179;64728;27168;34.1;14.3
32;2021-05-10;1987;547;66715;27715;35.1;14.6
32;2021-05-11;656;2272;67371;29987;35.5;15.8
32;2021-05-12;2312;1136;69683;31123;36.7;16.4
32;2021-05-13;279;1414;69962;32537;36.8;17.1
32;2021-05-14;2222;321;72184;32858;38.0;17.3
32;2021-05-15;133;712;72317;33570;38.1;17.7
32;2021-05-16;0;0;72317;33570;38.1;17.7
32;2021-05-17;353;171;72670;33741;38.2;17.8
32;2021-05-18;1642;297;74312;34038;39.1;17.9
32;2021-05-19;2471;272;76783;34310;40.4;18.1
32;2021-05-20;2883;466;79666;34776;41.9;18.3
32;2021-05-21;2532;498;82198;35274;43.3;18.6
32;2021-05-22;335;111;82533;35385;43.4;18.6
32;2021-05-23;1;13;82534;35398;43.4;18.6
32;2021-05-24;2;0;82536;35398;43.4;18.6
32;2021-05-25;1978;372;84514;35770;44.5;18.8
32;2021-05-26;2541;554;87055;36324;45.8;19.1
32;2021-05-27;2875;624;89930;36948;47.3;19.4
32;2021-05-28;2308;765;92238;37713;48.5;19.8
32;2021-05-29;372;312;92610;38025;48.7;20.0
32;2021-05-30;4;6;92614;38031;48.7;20.0
32;2021-05-31;1411;623;94025;38654;49.5;20.3
32;2021-06-01;563;2888;94588;41542;49.8;21.9
32;2021-06-02;1573;1353;96161;42895;50.6;22.6
32;2021-06-03;397;2087;96558;44982;50.8;23.7
32;2021-06-04;1832;829;98390;45811;51.8;24.1
32;2021-06-05;208;1661;98598;47472;51.9;25.0
32;2021-06-06;8;14;98606;47486;51.9;25.0
32;2021-06-07;101;418;98707;47904;51.9;25.2
32;2021-06-08;659;2540;99366;50444;52.3;26.5
32;2021-06-09;1186;1046;100552;51490;52.9;27.1
32;2021-06-10;672;1212;101224;52702;53.3;27.7
32;2021-06-11;925;660;102149;53362;53.8;28.1
32;2021-06-12;151;2678;102300;56040;53.8;29.5
32;2021-06-13;1;1;102301;56041;53.8;29.5
32;2021-06-14;520;208;102821;56249;54.1;29.6
32;2021-06-15;1720;1022;104541;57271;55.0;30.1
32;2021-06-16;847;2777;105388;60048;55.5;31.6
32;2021-06-17;856;829;106244;60877;55.9;32.0
32;2021-06-18;309;2721;106553;63598;56.1;33.5
32;2021-06-19;911;431;107464;64029;56.5;33.7
32;2021-06-20;5;13;107469;64042;56.6;33.7
32;2021-06-21;68;1994;107537;66036;56.6;34.7
32;2021-06-22;1033;963;108570;66999;57.1;35.3
32;2021-06-23;509;2185;109079;69184;57.4;36.4
32;2021-06-24;522;516;109601;69700;57.7;36.7
32;2021-06-25;475;2357;110076;72057;57.9;37.9
32;2021-06-26;104;171;110180;72228;58.0;38.0
32;2021-06-27;2;5;110182;72233;58.0;38.0
32;2021-06-28;624;604;110806;72837;58.3;38.3
32;2021-06-29;798;1980;111604;74817;58.7;39.4
32;2021-06-30;756;2722;112360;77539;59.1;40.8
32;2021-07-01;531;2637;112891;80176;59.4;42.2
32;2021-07-02;640;2331;113531;82507;59.7;43.4
32;2021-07-03;479;508;114010;83015;60.0;43.7
32;2021-07-04;1;12;114011;83027;60.0;43.7
32;2021-07-05;67;390;114078;83417;60.0;43.9
32;2021-07-06;867;2072;114945;85489;60.5;45.0
32;2021-07-07;778;2748;115723;88237;60.9;46.4
32;2021-07-08;473;2262;116196;90499;61.1;47.6
32;2021-07-09;605;2221;116801;92720;61.5;48.8
32;2021-07-10;532;518;117333;93238;61.7;49.1
32;2021-07-11;0;5;117333;93243;61.7;49.1
32;2021-07-12;522;1235;117855;94478;62.0;49.7
32;2021-07-13;1685;1803;119540;96281;62.9;50.7
32;2021-07-14;478;29;120018;96310;63.2;50.7
32;2021-07-15;2080;863;122098;97173;64.2;51.1
33;2020-12-27;1;0;1;0;0.0;0.0
33;2020-12-28;1;0;2;0;0.0;0.0
33;2020-12-29;0;0;2;0;0.0;0.0
33;2020-12-30;0;0;2;0;0.0;0.0
33;2020-12-31;0;0;2;0;0.0;0.0
33;2021-01-01;0;0;2;0;0.0;0.0
33;2021-01-02;1;0;3;0;0.0;0.0
33;2021-01-03;0;0;3;0;0.0;0.0
33;2021-01-04;1;0;4;0;0.0;0.0
33;2021-01-05;0;0;4;0;0.0;0.0
33;2021-01-06;134;0;138;0;0.0;0.0
33;2021-01-07;1303;1;1441;1;0.1;0.0
33;2021-01-08;1199;1;2640;2;0.2;0.0
33;2021-01-09;296;1;2936;3;0.2;0.0
33;2021-01-10;229;0;3165;3;0.2;0.0
33;2021-01-11;620;0;3785;3;0.2;0.0
33;2021-01-12;1414;2;5199;5;0.3;0.0
33;2021-01-13;1312;7;6511;12;0.4;0.0
33;2021-01-14;1274;11;7785;23;0.5;0.0
33;2021-01-15;1594;9;9379;32;0.6;0.0
33;2021-01-16;565;8;9944;40;0.6;0.0
33;2021-01-17;405;4;10349;44;0.6;0.0
33;2021-01-18;1190;10;11539;54;0.7;0.0
33;2021-01-19;2919;4;14458;58;0.9;0.0
33;2021-01-20;3384;6;17842;64;1.1;0.0
33;2021-01-21;2851;5;20693;69;1.3;0.0
33;2021-01-22;2319;6;23012;75;1.4;0.0
33;2021-01-23;845;0;23857;75;1.5;0.0
33;2021-01-24;525;2;24382;77;1.5;0.0
33;2021-01-25;2166;61;26548;138;1.6;0.0
33;2021-01-26;2226;160;28774;298;1.8;0.0
33;2021-01-27;2246;210;31020;508;1.9;0.0
33;2021-01-28;2151;442;33171;950;2.0;0.1
33;2021-01-29;1813;693;34984;1643;2.1;0.1
33;2021-01-30;701;176;35685;1819;2.2;0.1
33;2021-01-31;387;157;36072;1976;2.2;0.1
33;2021-02-01;1453;654;37525;2630;2.3;0.2
33;2021-02-02;2640;1105;40165;3735;2.5;0.2
33;2021-02-03;2891;867;43056;4602;2.6;0.3
33;2021-02-04;3981;1345;47037;5947;2.9;0.4
33;2021-02-05;2181;1166;49218;7113;3.0;0.4
33;2021-02-06;642;201;49860;7314;3.1;0.4
33;2021-02-07;218;232;50078;7546;3.1;0.5
33;2021-02-08;1257;762;51335;8308;3.1;0.5
33;2021-02-09;1317;1692;52652;10000;3.2;0.6
33;2021-02-10;1257;1757;53909;11757;3.3;0.7
33;2021-02-11;1287;1474;55196;13231;3.4;0.8
33;2021-02-12;1114;1263;56310;14494;3.4;0.9
33;2021-02-13;196;294;56506;14788;3.5;0.9
33;2021-02-14;44;247;56550;15035;3.5;0.9
33;2021-02-15;684;1736;57234;16771;3.5;1.0
33;2021-02-16;801;2053;58035;18824;3.6;1.2
33;2021-02-17;664;2052;58699;20876;3.6;1.3
33;2021-02-18;897;2273;59596;23149;3.6;1.4
33;2021-02-19;913;2033;60509;25182;3.7;1.5
33;2021-02-20;73;661;60582;25843;3.7;1.6
33;2021-02-21;30;464;60612;26307;3.7;1.6
33;2021-02-22;703;1898;61315;28205;3.8;1.7
33;2021-02-23;1236;2749;62551;30954;3.8;1.9
33;2021-02-24;1356;2539;63907;33493;3.9;2.1
33;2021-02-25;2822;3753;66729;37246;4.1;2.3
33;2021-02-26;4053;2319;70782;39565;4.3;2.4
33;2021-02-27;1355;722;72137;40287;4.4;2.5
33;2021-02-28;122;521;72259;40808;4.4;2.5
33;2021-03-01;1527;1850;73786;42658;4.5;2.6
33;2021-03-02;2321;1741;76107;44399;4.7;2.7
33;2021-03-03;2295;1712;78402;46111;4.8;2.8
33;2021-03-04;3923;1659;82325;47770;5.0;2.9
33;2021-03-05;5748;1737;88073;49507;5.4;3.0
33;2021-03-06;3408;551;91481;50058;5.6;3.1
33;2021-03-07;736;152;92217;50210;5.6;3.1
33;2021-03-08;2701;1150;94918;51360;5.8;3.1
33;2021-03-09;4386;1328;99304;52688;6.1;3.2
33;2021-03-10;5106;1223;104410;53911;6.4;3.3
33;2021-03-11;7525;1216;111935;55127;6.9;3.4
33;2021-03-12;10100;1138;122035;56265;7.5;3.4
33;2021-03-13;5141;198;127176;56463;7.8;3.5
33;2021-03-14;707;15;127883;56478;7.8;3.5
33;2021-03-15;4426;669;132309;57147;8.1;3.5
33;2021-03-16;3574;866;135883;58013;8.3;3.6
33;2021-03-17;3623;928;139506;58941;8.5;3.6
33;2021-03-18;4024;1396;143530;60337;8.8;3.7
33;2021-03-19;6243;992;149773;61329;9.2;3.8
33;2021-03-20;3346;88;153119;61417;9.4;3.8
33;2021-03-21;451;26;153570;61443;9.4;3.8
33;2021-03-22;4878;426;158448;61869;9.7;3.8
33;2021-03-23;6299;599;164747;62468;10.1;3.8
33;2021-03-24;7065;515;171812;62983;10.5;3.9
33;2021-03-25;8815;639;180627;63622;11.1;3.9
33;2021-03-26;10022;824;190649;64446;11.7;3.9
33;2021-03-27;3613;73;194262;64519;11.9;3.9
33;2021-03-28;574;29;194836;64548;11.9;4.0
33;2021-03-29;6747;681;201583;65229;12.3;4.0
33;2021-03-30;8076;1029;209659;66258;12.8;4.1
33;2021-03-31;7566;1049;217225;67307;13.3;4.1
33;2021-04-01;8796;1171;226021;68478;13.8;4.2
33;2021-04-02;8393;1535;234414;70013;14.4;4.3
33;2021-04-03;2827;520;237241;70533;14.5;4.3
33;2021-04-04;211;161;237452;70694;14.5;4.3
33;2021-04-05;683;122;238135;70816;14.6;4.3
33;2021-04-06;6033;2697;244168;73513;14.9;4.5
33;2021-04-07;7405;2556;251573;76069;15.4;4.7
33;2021-04-08;10305;2764;261878;78833;16.0;4.8
33;2021-04-09;12671;3059;274549;81892;16.8;5.0
33;2021-04-10;5342;1380;279891;83272;17.1;5.1
33;2021-04-11;997;349;280888;83621;17.2;5.1
33;2021-04-12;7405;3265;288293;86886;17.6;5.3
33;2021-04-13;9299;3468;297592;90354;18.2;5.5
33;2021-04-14;9018;3618;306610;93972;18.8;5.8
33;2021-04-15;10062;3858;316672;97830;19.4;6.0
33;2021-04-16;9704;4210;326376;102040;20.0;6.2
33;2021-04-17;4648;1644;331024;103684;20.3;6.3
33;2021-04-18;924;410;331948;104094;20.3;6.4
33;2021-04-19;5600;3831;337548;107925;20.7;6.6
33;2021-04-20;7276;4240;344824;112165;21.1;6.9
33;2021-04-21;6578;4337;351402;116502;21.5;7.1
33;2021-04-22;7333;4459;358735;120961;22.0;7.4
33;2021-04-23;7662;4767;366397;125728;22.4;7.7
33;2021-04-24;4481;1794;370878;127522;22.7;7.8
33;2021-04-25;1643;418;372521;127940;22.8;7.8
33;2021-04-26;5250;5077;377771;133017;23.1;8.1
33;2021-04-27;6559;5590;384330;138607;23.5;8.5
33;2021-04-28;6757;5560;391087;144167;23.9;8.8
33;2021-04-29;8389;6202;399476;150369;24.5;9.2
33;2021-04-30;8715;6132;408191;156501;25.0;9.6
33;2021-05-01;2888;510;411079;157011;25.2;9.6
33;2021-05-02;1834;340;412913;157351;25.3;9.6
33;2021-05-03;7002;5218;419915;162569;25.7;10.0
33;2021-05-04;6819;6662;426734;169231;26.1;10.4
33;2021-05-05;7130;7569;433864;176800;26.6;10.8
33;2021-05-06;8692;8218;442556;185018;27.1;11.3
33;2021-05-07;8589;8900;451145;193918;27.6;11.9
33;2021-05-08;3536;1595;454681;195513;27.8;12.0
33;2021-05-09;1113;965;455794;196478;27.9;12.0
33;2021-05-10;6865;7287;462659;203765;28.3;12.5
33;2021-05-11;8622;7798;471281;211563;28.9;13.0
33;2021-05-12;9160;6668;480441;218231;29.4;13.4
33;2021-05-13;5198;2107;485639;220338;29.7;13.5
33;2021-05-14;8117;5350;493756;225688;30.2;13.8
33;2021-05-15;5165;2870;498921;228558;30.5;14.0
33;2021-05-16;1835;805;500756;229363;30.7;14.0
33;2021-05-17;8851;5089;509607;234452;31.2;14.4
33;2021-05-18;10600;4844;520207;239296;31.8;14.6
33;2021-05-19;10889;4778;531096;244074;32.5;14.9
33;2021-05-20;10888;5570;541984;249644;33.2;15.3
33;2021-05-21;10910;6262;552894;255906;33.8;15.7
33;2021-05-22;5112;2749;558006;258655;34.2;15.8
33;2021-05-23;1739;378;559745;259033;34.3;15.9
33;2021-05-24;5406;991;565151;260024;34.6;15.9
33;2021-05-25;9371;5757;574522;265781;35.2;16.3
33;2021-05-26;9662;6013;584184;271794;35.8;16.6
33;2021-05-27;10895;7708;595079;279502;36.4;17.1
33;2021-05-28;10061;9538;605140;289040;37.0;17.7
33;2021-05-29;5031;4096;610171;293136;37.4;17.9
33;2021-05-30;1697;662;611868;293798;37.5;18.0
33;2021-05-31;8546;6428;620414;300226;38.0;18.4
33;2021-06-01;11779;8708;632193;308934;38.7;18.9
33;2021-06-02;11696;8199;643889;317133;39.4;19.4
33;2021-06-03;12688;9174;656577;326307;40.2;20.0
33;2021-06-04;12915;10935;669492;337242;41.0;20.6
33;2021-06-05;5256;5058;674748;342300;41.3;21.0
33;2021-06-06;2511;1192;677259;343492;41.5;21.0
33;2021-06-07;9723;8481;686982;351973;42.1;21.5
33;2021-06-08;11857;9436;698839;361409;42.8;22.1
33;2021-06-09;11733;8524;710572;369933;43.5;22.6
33;2021-06-10;12826;8371;723398;378304;44.3;23.2
33;2021-06-11;12425;11168;735823;389472;45.0;23.8
33;2021-06-12;6137;4479;741960;393951;45.4;24.1
33;2021-06-13;2603;1283;744563;395234;45.6;24.2
33;2021-06-14;8533;10146;753096;405380;46.1;24.8
33;2021-06-15;11963;10215;765059;415595;46.8;25.4
33;2021-06-16;11978;8843;777037;424438;47.6;26.0
33;2021-06-17;13016;9590;790053;434028;48.4;26.6
33;2021-06-18;11724;11440;801777;445468;49.1;27.3
33;2021-06-19;5583;4817;807360;450285;49.4;27.6
33;2021-06-20;2927;1468;810287;451753;49.6;27.7
33;2021-06-21;7807;10171;818094;461924;50.1;28.3
33;2021-06-22;8995;11096;827089;473020;50.6;29.0
33;2021-06-23;8579;10846;835668;483866;51.2;29.6
33;2021-06-24;9650;9978;845318;493844;51.8;30.2
33;2021-06-25;7876;13724;853194;507568;52.2;31.1
33;2021-06-26;4285;5925;857479;513493;52.5;31.4
33;2021-06-27;2447;1958;859926;515451;52.6;31.6
33;2021-06-28;4810;12793;864736;528244;52.9;32.3
33;2021-06-29;6371;13653;871107;541897;53.3;33.2
33;2021-06-30;6573;13374;877680;555271;53.7;34.0
33;2021-07-01;7903;11792;885583;567063;54.2;34.7
33;2021-07-02;6737;15105;892320;582168;54.6;35.6
33;2021-07-03;3139;6773;895459;588941;54.8;36.1
33;2021-07-04;2036;2368;897495;591309;54.9;36.2
33;2021-07-05;4286;12900;901781;604209;55.2;37.0
33;2021-07-06;6065;14605;907846;618814;55.6;37.9
33;2021-07-07;6638;13044;914484;631858;56.0;38.7
33;2021-07-08;7851;12731;922335;644589;56.5;39.5
33;2021-07-09;6282;15085;928617;659674;56.9;40.4
33;2021-07-10;3057;7152;931674;666826;57.0;40.8
33;2021-07-11;1829;2296;933503;669122;57.1;41.0
33;2021-07-12;3875;14701;937378;683823;57.4;41.9
33;2021-07-13;7050;16074;944428;699897;57.8;42.8
33;2021-07-14;3644;5292;948072;705189;58.0;43.2
33;2021-07-15;7443;15922;955515;721111;58.5;44.1
34;2020-12-27;0;0;0;0;0.0;0.0
34;2020-12-28;1;0;1;0;0.0;0.0
34;2020-12-29;0;0;1;0;0.0;0.0
34;2020-12-30;0;0;1;0;0.0;0.0
34;2020-12-31;0;0;1;0;0.0;0.0
34;2021-01-01;1;0;2;0;0.0;0.0
34;2021-01-02;0;0;2;0;0.0;0.0
34;2021-01-03;0;0;2;0;0.0;0.0
34;2021-01-04;21;0;23;0;0.0;0.0
34;2021-01-05;106;1;129;1;0.0;0.0
34;2021-01-06;197;1;326;2;0.0;0.0
34;2021-01-07;363;0;689;2;0.1;0.0
34;2021-01-08;606;0;1295;2;0.1;0.0
34;2021-01-09;244;0;1539;2;0.1;0.0
34;2021-01-10;93;1;1632;3;0.1;0.0
34;2021-01-11;559;1;2191;4;0.2;0.0
34;2021-01-12;1006;1;3197;5;0.3;0.0
34;2021-01-13;1097;6;4294;11;0.4;0.0
34;2021-01-14;1946;13;6240;24;0.5;0.0
34;2021-01-15;1465;5;7705;29;0.7;0.0
34;2021-01-16;329;6;8034;35;0.7;0.0
34;2021-01-17;231;1;8265;36;0.7;0.0
34;2021-01-18;1123;4;9388;40;0.8;0.0
34;2021-01-19;1608;6;10996;46;0.9;0.0
34;2021-01-20;2057;5;13053;51;1.1;0.0
34;2021-01-21;4182;8;17235;59;1.5;0.0
34;2021-01-22;2544;7;19779;66;1.7;0.0
34;2021-01-23;598;1;20377;67;1.7;0.0
34;2021-01-24;2;0;20379;67;1.7;0.0
34;2021-01-25;1242;5;21621;72;1.8;0.0
34;2021-01-26;1457;20;23078;92;2.0;0.0
34;2021-01-27;1464;23;24542;115;2.1;0.0
34;2021-01-28;1388;123;25930;238;2.2;0.0
34;2021-01-29;1254;136;27184;374;2.3;0.0
34;2021-01-30;479;25;27663;399;2.4;0.0
34;2021-01-31;2;0;27665;399;2.4;0.0
34;2021-02-01;1027;253;28692;652;2.4;0.1
34;2021-02-02;1452;444;30144;1096;2.6;0.1
34;2021-02-03;2638;527;32782;1623;2.8;0.1
34;2021-02-04;2301;886;35083;2509;3.0;0.2
34;2021-02-05;1887;1185;36970;3694;3.1;0.3
34;2021-02-06;484;242;37454;3936;3.2;0.3
34;2021-02-07;29;108;37483;4044;3.2;0.3
34;2021-02-08;860;1065;38343;5109;3.3;0.4
34;2021-02-09;1029;1311;39372;6420;3.3;0.5
34;2021-02-10;1283;1517;40655;7937;3.5;0.7
34;2021-02-11;1767;2712;42422;10649;3.6;0.9
34;2021-02-12;1899;1638;44321;12287;3.8;1.0
34;2021-02-13;351;513;44672;12800;3.8;1.1
34;2021-02-14;22;288;44694;13088;3.8;1.1
34;2021-02-15;665;1214;45359;14302;3.9;1.2
34;2021-02-16;664;1539;46023;15841;3.9;1.3
34;2021-02-17;710;1533;46733;17374;4.0;1.5
34;2021-02-18;833;1501;47566;18875;4.0;1.6
34;2021-02-19;817;1232;48383;20107;4.1;1.7
34;2021-02-20;299;485;48682;20592;4.1;1.8
34;2021-02-21;61;18;48743;20610;4.1;1.8
34;2021-02-22;629;1315;49372;21925;4.2;1.9
34;2021-02-23;557;1486;49929;23411;4.2;2.0
34;2021-02-24;925;2335;50854;25746;4.3;2.2
34;2021-02-25;1599;2274;52453;28020;4.5;2.4
34;2021-02-26;1846;1618;54299;29638;4.6;2.5
34;2021-02-27;699;432;54998;30070;4.7;2.6
34;2021-02-28;85;64;55083;30134;4.7;2.6
34;2021-03-01;924;1168;56007;31302;4.8;2.7
34;2021-03-02;1588;1288;57595;32590;4.9;2.8
34;2021-03-03;1827;1403;59422;33993;5.1;2.9
34;2021-03-04;2855;1611;62277;35604;5.3;3.0
34;2021-03-05;3665;1529;65942;37133;5.6;3.2
34;2021-03-06;2637;201;68579;37334;5.8;3.2
34;2021-03-07;1238;71;69817;37405;5.9;3.2
34;2021-03-08;2775;1004;72592;38409;6.2;3.3
34;2021-03-09;4006;1432;76598;39841;6.5;3.4
34;2021-03-10;3986;1319;80584;41160;6.9;3.5
34;2021-03-11;5422;1261;86006;42421;7.3;3.6
34;2021-03-12;6490;900;92496;43321;7.9;3.7
34;2021-03-13;3128;165;95624;43486;8.1;3.7
34;2021-03-14;999;52;96623;43538;8.2;3.7
34;2021-03-15;3291;548;99914;44086;8.5;3.7
34;2021-03-16;2898;651;102812;44737;8.7;3.8
34;2021-03-17;3300;711;106112;45448;9.0;3.9
34;2021-03-18;3440;891;109552;46339;9.3;3.9
34;2021-03-19;4680;770;114232;47109;9.7;4.0
34;2021-03-20;3130;50;117362;47159;10.0;4.0
34;2021-03-21;1989;48;119351;47207;10.1;4.0
34;2021-03-22;3675;454;123026;47661;10.5;4.1
34;2021-03-23;4945;519;127971;48180;10.9;4.1
34;2021-03-24;5199;619;133170;48799;11.3;4.1
34;2021-03-25;7183;690;140353;49489;11.9;4.2
34;2021-03-26;7159;547;147512;50036;12.5;4.3
34;2021-03-27;2364;70;149876;50106;12.7;4.3
34;2021-03-28;694;11;150570;50117;12.8;4.3
34;2021-03-29;4171;738;154741;50855;13.2;4.3
34;2021-03-30;5202;950;159943;51805;13.6;4.4
34;2021-03-31;5056;1178;164999;52983;14.0;4.5
34;2021-04-01;7013;978;172012;53961;14.6;4.6
34;2021-04-02;5814;1148;177826;55109;15.1;4.7
34;2021-04-03;1135;81;178961;55190;15.2;4.7
34;2021-04-04;162;5;179123;55195;15.2;4.7
34;2021-04-05;429;26;179552;55221;15.3;4.7
34;2021-04-06;3119;2448;182671;57669;15.5;4.9
34;2021-04-07;3377;2635;186048;60304;15.8;5.1
34;2021-04-08;5243;2801;191291;63105;16.3;5.4
34;2021-04-09;8059;2467;199350;65572;16.9;5.6
34;2021-04-10;3163;1358;202513;66930;17.2;5.7
34;2021-04-11;1711;801;204224;67731;17.4;5.8
34;2021-04-12;4470;2511;208694;70242;17.7;6.0
34;2021-04-13;5228;3034;213922;73276;18.2;6.2
34;2021-04-14;5614;3217;219536;76493;18.7;6.5
34;2021-04-15;6982;3132;226518;79625;19.3;6.8
34;2021-04-16;6558;3157;233076;82782;19.8;7.0
34;2021-04-17;2368;2059;235444;84841;20.0;7.2
34;2021-04-18;987;1710;236431;86551;20.1;7.4
34;2021-04-19;3415;3129;239846;89680;20.4;7.6
34;2021-04-20;3759;3665;243605;93345;20.7;7.9
34;2021-04-21;4234;3708;247839;97053;21.1;8.3
34;2021-04-22;4482;4596;252321;101649;21.5;8.6
34;2021-04-23;5344;3492;257665;105141;21.9;8.9
34;2021-04-24;3159;1561;260824;106702;22.2;9.1
34;2021-04-25;1920;639;262744;107341;22.3;9.1
34;2021-04-26;4210;3463;266954;110804;22.7;9.4
34;2021-04-27;5117;4001;272071;114805;23.1;9.8
34;2021-04-28;5748;3533;277819;118338;23.6;10.1
34;2021-04-29;6413;3915;284232;122253;24.2;10.4
34;2021-04-30;7851;3266;292083;125519;24.8;10.7
34;2021-05-01;2402;499;294485;126018;25.0;10.7
34;2021-05-02;3256;312;297741;126330;25.3;10.7
34;2021-05-03;6564;2882;304305;129212;25.9;11.0
34;2021-05-04;7106;3781;311411;132993;26.5;11.3
34;2021-05-05;6491;4520;317902;137513;27.0;11.7
34;2021-05-06;6926;5199;324828;142712;27.6;12.1
34;2021-05-07;6922;5674;331750;148386;28.2;12.6
34;2021-05-08;3599;1152;335349;149538;28.5;12.7
34;2021-05-09;2174;1284;337523;150822;28.7;12.8
34;2021-05-10;5852;4790;343375;155612;29.2;13.2
34;2021-05-11;7415;5308;350790;160920;29.8;13.7
34;2021-05-12;7731;4446;358521;165366;30.5;14.1
34;2021-05-13;6115;767;364636;166133;31.0;14.1
34;2021-05-14;7480;3718;372116;169851;31.6;14.4
34;2021-05-15;4863;1683;376979;171534;32.1;14.6
34;2021-05-16;4942;457;381921;171991;32.5;14.6
34;2021-05-17;8673;1971;390594;173962;33.2;14.8
34;2021-05-18;9128;1956;399722;175918;34.0;15.0
34;2021-05-19;8611;1792;408333;177710;34.7;15.1
34;2021-05-20;8855;2492;417188;180202;35.5;15.3
34;2021-05-21;8776;3210;425964;183412;36.2;15.6
34;2021-05-22;5785;1141;431749;184553;36.7;15.7
34;2021-05-23;3879;541;435628;185094;37.0;15.7
34;2021-05-24;1895;852;437523;185946;37.2;15.8
34;2021-05-25;7130;3803;444653;189749;37.8;16.1
34;2021-05-26;8300;3009;452953;192758;38.5;16.4
34;2021-05-27;8313;4283;461266;197041;39.2;16.8
34;2021-05-28;8033;5435;469299;202476;39.9;17.2
34;2021-05-29;4003;3103;473302;205579;40.2;17.5
34;2021-05-30;1985;1390;475287;206969;40.4;17.6
34;2021-05-31;5869;5239;481156;212208;40.9;18.0
34;2021-06-01;6932;6103;488088;218311;41.5;18.6
34;2021-06-02;6116;5798;494204;224109;42.0;19.1
34;2021-06-03;7701;6492;501905;230601;42.7;19.6
34;2021-06-04;7636;7584;509541;238185;43.3;20.3
34;2021-06-05;4120;3666;513661;241851;43.7;20.6
34;2021-06-06;3230;1860;516891;243711;43.9;20.7
34;2021-06-07;4393;6753;521284;250464;44.3;21.3
34;2021-06-08;5808;6805;527092;257269;44.8;21.9
34;2021-06-09;5790;6817;532882;264086;45.3;22.5
34;2021-06-10;6231;6856;539113;270942;45.8;23.0
34;2021-06-11;5364;9260;544477;280202;46.3;23.8
34;2021-06-12;3142;4716;547619;284918;46.6;24.2
34;2021-06-13;1055;1899;548674;286817;46.7;24.4
34;2021-06-14;3424;7811;552098;294628;46.9;25.1
34;2021-06-15;3917;8789;556015;303417;47.3;25.8
34;2021-06-16;4569;7842;560584;311259;47.7;26.5
34;2021-06-17;4180;7952;564764;319211;48.0;27.1
34;2021-06-18;4305;9320;569069;328531;48.4;27.9
34;2021-06-19;2717;4399;571786;332930;48.6;28.3
34;2021-06-20;878;2874;572664;335804;48.7;28.6
34;2021-06-21;2151;8567;574815;344371;48.9;29.3
34;2021-06-22;2951;9412;577766;353783;49.1;30.1
34;2021-06-23;3475;8972;581241;362755;49.4;30.8
34;2021-06-24;3507;8678;584748;371433;49.7;31.6
34;2021-06-25;3274;10443;588022;381876;50.0;32.5
34;2021-06-26;1622;6191;589644;388067;50.1;33.0
34;2021-06-27;296;4265;589940;392332;50.2;33.4
34;2021-06-28;2245;9435;592185;401767;50.3;34.2
34;2021-06-29;2639;10290;594824;412057;50.6;35.0
34;2021-06-30;3218;9531;598042;421588;50.8;35.8
34;2021-07-01;3370;9418;601412;431006;51.1;36.6
34;2021-07-02;3303;9714;604715;440720;51.4;37.5
34;2021-07-03;1650;6162;606365;446882;51.6;38.0
34;2021-07-04;305;2761;606670;449643;51.6;38.2
34;2021-07-05;3158;7992;609828;457635;51.8;38.9
34;2021-07-06;3382;9160;613210;466795;52.1;39.7
34;2021-07-07;3211;8623;616421;475418;52.4;40.4
34;2021-07-08;4210;8826;620631;484244;52.8;41.2
34;2021-07-09;3848;9297;624479;493541;53.1;42.0
34;2021-07-10;2088;5689;626567;499230;53.3;42.4
34;2021-07-11;897;2565;627464;501795;53.3;42.7
34;2021-07-12;2816;8943;630280;510738;53.6;43.4
34;2021-07-13;4484;9972;634764;520710;54.0;44.3
34;2021-07-14;673;330;635437;521040;54.0;44.3
34;2021-07-15;5531;10280;640968;531320;54.5;45.2
35;2020-12-27;0;0;0;0;0.0;0.0
35;2020-12-28;0;0;0;0;0.0;0.0
35;2020-12-29;0;0;0;0;0.0;0.0
35;2020-12-30;0;0;0;0;0.0;0.0
35;2020-12-31;0;0;0;0;0.0;0.0
35;2021-01-01;2;0;2;0;0.0;0.0
35;2021-01-02;0;0;2;0;0.0;0.0
35;2021-01-03;0;0;2;0;0.0;0.0
35;2021-01-04;8;0;10;0;0.0;0.0
35;2021-01-05;107;0;117;0;0.0;0.0
35;2021-01-06;173;0;290;0;0.0;0.0
35;2021-01-07;438;1;728;1;0.1;0.0
35;2021-01-08;513;2;1241;3;0.1;0.0
35;2021-01-09;31;0;1272;3;0.1;0.0
35;2021-01-10;1;0;1273;3;0.1;0.0
35;2021-01-11;538;1;1811;4;0.2;0.0
35;2021-01-12;884;1;2695;5;0.2;0.0
35;2021-01-13;967;1;3662;6;0.3;0.0
35;2021-01-14;1252;18;4914;24;0.5;0.0
35;2021-01-15;724;2;5638;26;0.5;0.0
35;2021-01-16;186;1;5824;27;0.5;0.0
35;2021-01-17;43;0;5867;27;0.5;0.0
35;2021-01-18;1217;3;7084;30;0.7;0.0
35;2021-01-19;5362;9;12446;39;1.2;0.0
35;2021-01-20;3195;7;15641;46;1.4;0.0
35;2021-01-21;3623;5;19264;51;1.8;0.0
35;2021-01-22;2086;9;21350;60;2.0;0.0
35;2021-01-23;420;1;21770;61;2.0;0.0
35;2021-01-24;49;0;21819;61;2.0;0.0
35;2021-01-25;914;17;22733;78;2.1;0.0
35;2021-01-26;1127;137;23860;215;2.2;0.0
35;2021-01-27;1031;128;24891;343;2.3;0.0
35;2021-01-28;913;299;25804;642;2.4;0.1
35;2021-01-29;724;293;26528;935;2.5;0.1
35;2021-01-30;139;20;26667;955;2.5;0.1
35;2021-01-31;0;0;26667;955;2.5;0.1
35;2021-02-01;665;336;27332;1291;2.5;0.1
35;2021-02-02;719;490;28051;1781;2.6;0.2
35;2021-02-03;657;505;28708;2286;2.7;0.2
35;2021-02-04;588;657;29296;2943;2.7;0.3
35;2021-02-05;619;563;29915;3506;2.8;0.3
35;2021-02-06;165;5;30080;3511;2.8;0.3
35;2021-02-07;1;0;30081;3511;2.8;0.3
35;2021-02-08;445;659;30526;4170;2.8;0.4
35;2021-02-09;1710;3551;32236;7721;3.0;0.7
35;2021-02-10;1368;2706;33604;10427;3.1;1.0
35;2021-02-11;1914;3214;35518;13641;3.3;1.3
35;2021-02-12;1626;1737;37144;15378;3.4;1.4
35;2021-02-13;58;254;37202;15632;3.4;1.4
35;2021-02-14;7;68;37209;15700;3.4;1.5
35;2021-02-15;771;1100;37980;16800;3.5;1.6
35;2021-02-16;916;1031;38896;17831;3.6;1.6
35;2021-02-17;889;1101;39785;18932;3.7;1.7
35;2021-02-18;1016;997;40801;19929;3.8;1.8
35;2021-02-19;1008;969;41809;20898;3.9;1.9
35;2021-02-20;141;49;41950;20947;3.9;1.9
35;2021-02-21;1;0;41951;20947;3.9;1.9
35;2021-02-22;772;832;42723;21779;3.9;2.0
35;2021-02-23;1286;856;44009;22635;4.1;2.1
35;2021-02-24;1401;818;45410;23453;4.2;2.2
35;2021-02-25;2243;779;47653;24232;4.4;2.2
35;2021-02-26;2597;729;50250;24961;4.6;2.3
35;2021-02-27;868;100;51118;25061;4.7;2.3
35;2021-02-28;4;0;51122;25061;4.7;2.3
35;2021-03-01;952;692;52074;25753;4.8;2.4
35;2021-03-02;1629;1990;53703;27743;5.0;2.6
35;2021-03-03;1900;964;55603;28707;5.1;2.7
35;2021-03-04;2909;1402;58512;30109;5.4;2.8
35;2021-03-05;3708;1318;62220;31427;5.8;2.9
35;2021-03-06;1334;84;63554;31511;5.9;2.9
35;2021-03-07;0;40;63554;31551;5.9;2.9
35;2021-03-08;1468;578;65022;32129;6.0;3.0
35;2021-03-09;3222;581;68244;32710;6.3;3.0
35;2021-03-10;2893;553;71137;33263;6.6;3.1
35;2021-03-11;4188;686;75325;33949;7.0;3.1
35;2021-03-12;6046;574;81371;34523;7.5;3.2
35;2021-03-13;2422;126;83793;34649;7.7;3.2
35;2021-03-14;16;24;83809;34673;7.7;3.2
35;2021-03-15;1963;665;85772;35338;7.9;3.3
35;2021-03-16;2493;715;88265;36053;8.2;3.3
35;2021-03-17;2380;592;90645;36645;8.4;3.4
35;2021-03-18;2325;591;92970;37236;8.6;3.4
35;2021-03-19;3537;492;96507;37728;8.9;3.5
35;2021-03-20;1531;107;98038;37835;9.1;3.5
35;2021-03-21;34;1;98072;37836;9.1;3.5
35;2021-03-22;1741;840;99813;38676;9.2;3.6
35;2021-03-23;3612;1172;103425;39848;9.6;3.7
35;2021-03-24;3715;987;107140;40835;9.9;3.8
35;2021-03-25;5322;985;112462;41820;10.4;3.9
35;2021-03-26;5832;797;118294;42617;10.9;3.9
35;2021-03-27;1413;203;119707;42820;11.1;4.0
35;2021-03-28;4;0;119711;42820;11.1;4.0
35;2021-03-29;2776;910;122487;43730;11.3;4.0
35;2021-03-30;4282;1328;126769;45058;11.7;4.2
35;2021-03-31;3461;1332;130230;46390;12.0;4.3
35;2021-04-01;4241;1225;134471;47615;12.4;4.4
35;2021-04-02;4858;1196;139329;48811;12.9;4.5
35;2021-04-03;760;214;140089;49025;12.9;4.5
35;2021-04-04;5;0;140094;49025;12.9;4.5
35;2021-04-05;16;1;140110;49026;12.9;4.5
35;2021-04-06;3263;2042;143373;51068;13.2;4.7
35;2021-04-07;3951;1837;147324;52905;13.6;4.9
35;2021-04-08;5797;1565;153121;54470;14.2;5.0
35;2021-04-09;7419;1397;160540;55867;14.8;5.2
35;2021-04-10;1851;248;162391;56115;15.0;5.2
35;2021-04-11;35;23;162426;56138;15.0;5.2
35;2021-04-12;5129;1595;167555;57733;15.5;5.3
35;2021-04-13;7606;2753;175161;60486;16.2;5.6
35;2021-04-14;6308;2285;181469;62771;16.8;5.8
35;2021-04-15;7556;2143;189025;64914;17.5;6.0
35;2021-04-16;8076;1723;197101;66637;18.2;6.2
35;2021-04-17;1566;216;198667;66853;18.4;6.2
35;2021-04-18;7;3;198674;66856;18.4;6.2
35;2021-04-19;4806;1667;203480;68523;18.8;6.3
35;2021-04-20;5157;2625;208637;71148;19.3;6.6
35;2021-04-21;5128;2192;213765;73340;19.8;6.8
35;2021-04-22;6415;2298;220180;75638;20.3;7.0
35;2021-04-23;6799;2336;226979;77974;21.0;7.2
35;2021-04-24;1124;261;228103;78235;21.1;7.2
35;2021-04-25;3;16;228106;78251;21.1;7.2
35;2021-04-26;5086;2135;233192;80386;21.6;7.4
35;2021-04-27;6077;3185;239269;83571;22.1;7.7
35;2021-04-28;6165;2544;245434;86115;22.7;8.0
35;2021-04-29;7108;2733;252542;88848;23.3;8.2
35;2021-04-30;7544;2520;260086;91368;24.0;8.4
35;2021-05-01;611;236;260697;91604;24.1;8.5
35;2021-05-02;10;21;260707;91625;24.1;8.5
35;2021-05-03;5309;2322;266016;93947;24.6;8.7
35;2021-05-04;5077;5317;271093;99264;25.1;9.2
35;2021-05-05;4874;4434;275967;103698;25.5;9.6
35;2021-05-06;6155;5254;282122;108952;26.1;10.1
35;2021-05-07;5603;5235;287725;114187;26.6;10.6
35;2021-05-08;1716;135;289441;114322;26.7;10.6
35;2021-05-09;694;75;290135;114397;26.8;10.6
35;2021-05-10;3713;4959;293848;119356;27.2;11.0
35;2021-05-11;4723;5795;298571;125151;27.6;11.6
35;2021-05-12;5271;5493;303842;130644;28.1;12.1
35;2021-05-13;2686;1421;306528;132065;28.3;12.2
35;2021-05-14;5452;4279;311980;136344;28.8;12.6
35;2021-05-15;2924;714;314904;137058;29.1;12.7
35;2021-05-16;992;60;315896;137118;29.2;12.7
35;2021-05-17;4477;3879;320373;140997;29.6;13.0
35;2021-05-18;5829;4319;326202;145316;30.1;13.4
35;2021-05-19;5852;3615;332054;148931;30.7;13.8
35;2021-05-20;6433;4009;338487;152940;31.3;14.1
35;2021-05-21;6122;4762;344609;157702;31.8;14.6
35;2021-05-22;2107;738;346716;158440;32.0;14.6
35;2021-05-23;687;46;347403;158486;32.1;14.6
35;2021-05-24;3198;1292;350601;159778;32.4;14.8
35;2021-05-25;5536;4264;356137;164042;32.9;15.2
35;2021-05-26;5713;4155;361850;168197;33.4;15.5
35;2021-05-27;6511;4772;368361;172969;34.0;16.0
35;2021-05-28;6327;5577;374688;178546;34.6;16.5
35;2021-05-29;2872;1147;377560;179693;34.9;16.6
35;2021-05-30;875;39;378435;179732;35.0;16.6
35;2021-05-31;6299;4383;384734;184115;35.6;17.0
35;2021-06-01;7354;5116;392088;189231;36.2;17.5
35;2021-06-02;7194;3782;399282;193013;36.9;17.8
35;2021-06-03;8128;4987;407410;198000;37.7;18.3
35;2021-06-04;7239;7461;414649;205461;38.3;19.0
35;2021-06-05;4135;1577;418784;207038;38.7;19.1
35;2021-06-06;3046;145;421830;207183;39.0;19.1
35;2021-06-07;5742;5769;427572;212952;39.5;19.7
35;2021-06-08;7550;5941;435122;218893;40.2;20.2
35;2021-06-09;8402;4814;443524;223707;41.0;20.7
35;2021-06-10;9269;4735;452793;228442;41.8;21.1
35;2021-06-11;8586;7470;461379;235912;42.6;21.8
35;2021-06-12;4679;1201;466058;237113;43.1;21.9
35;2021-06-13;3373;220;469431;237333;43.4;21.9
35;2021-06-14;6181;6509;475612;243842;44.0;22.5
35;2021-06-15;7438;6959;483050;250801;44.6;23.2
35;2021-06-16;8252;5624;491302;256425;45.4;23.7
35;2021-06-17;8821;5899;500123;262324;46.2;24.2
35;2021-06-18;8607;8109;508730;270433;47.0;25.0
35;2021-06-19;1491;2511;510221;272944;47.2;25.2
35;2021-06-20;2944;883;513165;273827;47.4;25.3
35;2021-06-21;5847;6381;519012;280208;48.0;25.9
35;2021-06-22;6744;7512;525756;287720;48.6;26.6
35;2021-06-23;7165;6146;532921;293866;49.3;27.2
35;2021-06-24;8285;5903;541206;299769;50.0;27.7
35;2021-06-25;6557;8464;547763;308233;50.6;28.5
35;2021-06-26;1085;3083;548848;311316;50.7;28.8
35;2021-06-27;2620;1024;551468;312340;51.0;28.9
35;2021-06-28;4253;7767;555721;320107;51.4;29.6
35;2021-06-29;5016;7977;560737;328084;51.8;30.3
35;2021-06-30;5540;7888;566277;335972;52.3;31.0
35;2021-07-01;6394;7532;572671;343504;52.9;31.7
35;2021-07-02;5281;9861;577952;353365;53.4;32.7
35;2021-07-03;1063;2843;579015;356208;53.5;32.9
35;2021-07-04;2139;1549;581154;357757;53.7;33.1
35;2021-07-05;3679;8205;584833;365962;54.0;33.8
35;2021-07-06;4695;9467;589528;375429;54.5;34.7
35;2021-07-07;4968;8325;594496;383754;54.9;35.5
35;2021-07-08;5280;8481;599776;392235;55.4;36.2
35;2021-07-09;3833;11531;603609;403766;55.8;37.3
35;2021-07-10;881;3146;604490;406912;55.9;37.6
35;2021-07-11;1290;2356;605780;409268;56.0;37.8
35;2021-07-12;3010;9143;608790;418411;56.3;38.7
35;2021-07-13;3915;10732;612705;429143;56.6;39.7
35;2021-07-14;2121;4435;614826;433578;56.8;40.1
35;2021-07-15;4189;10159;619015;443737;57.2;41.0
36;2020-12-27;0;0;0;0;0.0;0.0
36;2020-12-28;0;0;0;0;0.0;0.0
36;2020-12-29;0;0;0;0;0.0;0.0
36;2020-12-30;0;0;0;0;0.0;0.0
36;2020-12-31;0;0;0;0;0.0;0.0
36;2021-01-01;0;0;0;0;0.0;0.0
36;2021-01-02;0;0;0;0;0.0;0.0
36;2021-01-03;0;0;0;0;0.0;0.0
36;2021-01-04;0;0;0;0;0.0;0.0
36;2021-01-05;0;0;0;0;0.0;0.0
36;2021-01-06;23;0;23;0;0.0;0.0
36;2021-01-07;51;0;74;0;0.0;0.0
36;2021-01-08;111;0;185;0;0.1;0.0
36;2021-01-09;83;0;268;0;0.1;0.0
36;2021-01-10;142;0;410;0;0.2;0.0
36;2021-01-11;238;1;648;1;0.3;0.0
36;2021-01-12;281;0;929;1;0.4;0.0
36;2021-01-13;198;1;1127;2;0.5;0.0
36;2021-01-14;505;4;1632;6;0.8;0.0
36;2021-01-15;179;1;1811;7;0.8;0.0
36;2021-01-16;24;0;1835;7;0.8;0.0
36;2021-01-17;16;2;1851;9;0.9;0.0
36;2021-01-18;613;5;2464;14;1.1;0.0
36;2021-01-19;1154;2;3618;16;1.7;0.0
36;2021-01-20;1096;1;4714;17;2.2;0.0
36;2021-01-21;720;0;5434;17;2.5;0.0
36;2021-01-22;856;2;6290;19;2.9;0.0
36;2021-01-23;295;0;6585;19;3.0;0.0
36;2021-01-24;185;1;6770;20;3.1;0.0
36;2021-01-25;640;4;7410;24;3.4;0.0
36;2021-01-26;608;1;8018;25;3.7;0.0
36;2021-01-27;845;18;8863;43;4.1;0.0
36;2021-01-28;475;47;9338;90;4.3;0.0
36;2021-01-29;573;98;9911;188;4.6;0.1
36;2021-01-30;288;73;10199;261;4.7;0.1
36;2021-01-31;115;137;10314;398;4.7;0.2
36;2021-02-01;377;101;10691;499;4.9;0.2
36;2021-02-02;410;175;11101;674;5.1;0.3
36;2021-02-03;471;264;11572;938;5.3;0.4
36;2021-02-04;275;281;11847;1219;5.5;0.6
36;2021-02-05;302;164;12149;1383;5.6;0.6
36;2021-02-06;0;0;12149;1383;5.6;0.6
36;2021-02-07;1;0;12150;1383;5.6;0.6
36;2021-02-08;280;258;12430;1641;5.7;0.8
36;2021-02-09;326;609;12756;2250;5.9;1.0
36;2021-02-10;487;658;13243;2908;6.1;1.3
36;2021-02-11;383;600;13626;3508;6.3;1.6
36;2021-02-12;301;461;13927;3969;6.4;1.8
36;2021-02-13;126;83;14053;4052;6.5;1.9
36;2021-02-14;22;46;14075;4098;6.5;1.9
36;2021-02-15;42;576;14117;4674;6.5;2.2
36;2021-02-16;105;419;14222;5093;6.5;2.3
36;2021-02-17;117;628;14339;5721;6.6;2.6
36;2021-02-18;162;621;14501;6342;6.7;2.9
36;2021-02-19;181;541;14682;6883;6.8;3.2
36;2021-02-20;85;240;14767;7123;6.8;3.3
36;2021-02-21;88;157;14855;7280;6.8;3.4
36;2021-02-22;162;507;15017;7787;6.9;3.6
36;2021-02-23;62;577;15079;8364;6.9;3.9
36;2021-02-24;112;683;15191;9047;7.0;4.2
36;2021-02-25;251;283;15442;9330;7.1;4.3
36;2021-02-26;339;474;15781;9804;7.3;4.5
36;2021-02-27;70;279;15851;10083;7.3;4.6
36;2021-02-28;15;98;15866;10181;7.3;4.7
36;2021-03-01;218;343;16084;10524;7.4;4.8
36;2021-03-02;352;363;16436;10887;7.6;5.0
36;2021-03-03;392;526;16828;11413;7.7;5.3
36;2021-03-04;662;376;17490;11789;8.1;5.4
36;2021-03-05;799;312;18289;12101;8.4;5.6
36;2021-03-06;410;16;18699;12117;8.6;5.6
36;2021-03-07;339;7;19038;12124;8.8;5.6
36;2021-03-08;251;315;19289;12439;8.9;5.7
36;2021-03-09;446;267;19735;12706;9.1;5.9
36;2021-03-10;715;414;20450;13120;9.4;6.0
36;2021-03-11;834;263;21284;13383;9.8;6.2
36;2021-03-12;1444;295;22728;13678;10.5;6.3
36;2021-03-13;573;121;23301;13799;10.7;6.4
36;2021-03-14;113;0;23414;13799;10.8;6.4
36;2021-03-15;648;156;24062;13955;11.1;6.4
36;2021-03-16;447;66;24509;14021;11.3;6.5
36;2021-03-17;764;88;25273;14109;11.6;6.5
36;2021-03-18;414;70;25687;14179;11.8;6.5
36;2021-03-19;735;44;26422;14223;12.2;6.6
36;2021-03-20;448;23;26870;14246;12.4;6.6
36;2021-03-21;0;0;26870;14246;12.4;6.6
36;2021-03-22;496;55;27366;14301;12.6;6.6
36;2021-03-23;776;54;28142;14355;13.0;6.6
36;2021-03-24;1087;72;29229;14427;13.5;6.6
36;2021-03-25;1333;83;30562;14510;14.1;6.7
36;2021-03-26;1419;148;31981;14658;14.7;6.8
36;2021-03-27;475;42;32456;14700;14.9;6.8
36;2021-03-28;68;57;32524;14757;15.0;6.8
36;2021-03-29;461;183;32985;14940;15.2;6.9
36;2021-03-30;582;263;33567;15203;15.5;7.0
36;2021-03-31;1258;165;34825;15368;16.0;7.1
36;2021-04-01;1083;428;35908;15796;16.5;7.3
36;2021-04-02;964;128;36872;15924;17.0;7.3
36;2021-04-03;282;174;37154;16098;17.1;7.4
36;2021-04-04;42;2;37196;16100;17.1;7.4
36;2021-04-05;15;46;37211;16146;17.1;7.4
36;2021-04-06;820;360;38031;16506;17.5;7.6
36;2021-04-07;1073;536;39104;17042;18.0;7.8
36;2021-04-08;1346;476;40450;17518;18.6;8.1
36;2021-04-09;1935;393;42385;17911;19.5;8.2
36;2021-04-10;593;239;42978;18150;19.8;8.4
36;2021-04-11;256;89;43234;18239;19.9;8.4
36;2021-04-12;849;557;44083;18796;20.3;8.7
36;2021-04-13;1137;516;45220;19312;20.8;8.9
36;2021-04-14;1581;854;46801;20166;21.6;9.3
36;2021-04-15;1652;461;48453;20627;22.3;9.5
36;2021-04-16;1486;466;49939;21093;23.0;9.7
36;2021-04-17;893;245;50832;21338;23.4;9.8
36;2021-04-18;383;7;51215;21345;23.6;9.8
36;2021-04-19;873;439;52088;21784;24.0;10.0
36;2021-04-20;1145;519;53233;22303;24.5;10.3
36;2021-04-21;1240;872;54473;23175;25.1;10.7
36;2021-04-22;1592;860;56065;24035;25.8;11.1
36;2021-04-23;1323;609;57388;24644;26.4;11.3
36;2021-04-24;678;374;58066;25018;26.7;11.5
36;2021-04-25;413;95;58479;25113;26.9;11.6
36;2021-04-26;1133;443;59612;25556;27.5;11.8
36;2021-04-27;1279;545;60891;26101;28.0;12.0
36;2021-04-28;1489;1058;62380;27159;28.7;12.5
36;2021-04-29;2015;698;64395;27857;29.7;12.8
36;2021-04-30;1551;445;65946;28302;30.4;13.0
36;2021-05-01;724;63;66670;28365;30.7;13.1
36;2021-05-02;498;60;67168;28425;30.9;13.1
36;2021-05-03;1292;304;68460;28729;31.5;13.2
36;2021-05-04;779;806;69239;29535;31.9;13.6
36;2021-05-05;1281;1305;70520;30840;32.5;14.2
36;2021-05-06;2135;785;72655;31625;33.5;14.6
36;2021-05-07;1465;763;74120;32388;34.1;14.9
36;2021-05-08;306;103;74426;32491;34.3;15.0
36;2021-05-09;175;343;74601;32834;34.4;15.1
36;2021-05-10;1215;809;75816;33643;34.9;15.5
36;2021-05-11;1721;1237;77537;34880;35.7;16.1
36;2021-05-12;1812;1474;79349;36354;36.5;16.7
36;2021-05-13;548;304;79897;36658;36.8;16.9
36;2021-05-14;698;1035;80595;37693;37.1;17.4
36;2021-05-15;633;587;81228;38280;37.4;17.6
36;2021-05-16;337;377;81565;38657;37.6;17.8
36;2021-05-17;614;943;82179;39600;37.8;18.2
36;2021-05-18;874;938;83053;40538;38.2;18.7
36;2021-05-19;1330;840;84383;41378;38.9;19.1
36;2021-05-20;1609;1207;85992;42585;39.6;19.6
36;2021-05-21;1106;1069;87098;43654;40.1;20.1
36;2021-05-22;677;341;87775;43995;40.4;20.3
36;2021-05-23;425;294;88200;44289;40.6;20.4
36;2021-05-24;505;468;88705;44757;40.9;20.6
36;2021-05-25;1045;685;89750;45442;41.3;20.9
36;2021-05-26;1473;1162;91223;46604;42.0;21.5
36;2021-05-27;1398;974;92621;47578;42.7;21.9
36;2021-05-28;922;1482;93543;49060;43.1;22.6
36;2021-05-29;700;507;94243;49567;43.4;22.8
36;2021-05-30;110;573;94353;50140;43.5;23.1
36;2021-05-31;1137;761;95490;50901;44.0;23.4
36;2021-06-01;1408;823;96898;51724;44.6;23.8
36;2021-06-02;2057;586;98955;52310;45.6;24.1
36;2021-06-03;1888;1172;100843;53482;46.4;24.6
36;2021-06-04;1767;1043;102610;54525;47.3;25.1
36;2021-06-05;690;654;103300;55179;47.6;25.4
36;2021-06-06;336;271;103636;55450;47.7;25.5
36;2021-06-07;981;808;104617;56258;48.2;25.9
36;2021-06-08;956;979;105573;57237;48.6;26.4
36;2021-06-09;1667;1041;107240;58278;49.4;26.8
36;2021-06-10;1528;1357;108768;59635;50.1;27.5
36;2021-06-11;1286;1493;110054;61128;50.7;28.2
36;2021-06-12;917;780;110971;61908;51.1;28.5
36;2021-06-13;342;270;111313;62178;51.3;28.6
36;2021-06-14;604;1270;111917;63448;51.5;29.2
36;2021-06-15;730;1214;112647;64662;51.9;29.8
36;2021-06-16;899;1517;113546;66179;52.3;30.5
36;2021-06-17;746;1905;114292;68084;52.6;31.4
36;2021-06-18;704;1882;114996;69966;53.0;32.2
36;2021-06-19;294;395;115290;70361;53.1;32.4
36;2021-06-20;235;327;115525;70688;53.2;32.6
36;2021-06-21;683;1454;116208;72142;53.5;33.2
36;2021-06-22;838;1552;117046;73694;53.9;33.9
36;2021-06-23;770;1795;117816;75489;54.3;34.8
36;2021-06-24;849;1524;118665;77013;54.6;35.5
36;2021-06-25;938;1220;119603;78233;55.1;36.0
36;2021-06-26;321;602;119924;78835;55.2;36.3
36;2021-06-27;104;267;120028;79102;55.3;36.4
36;2021-06-28;694;929;120722;80031;55.6;36.9
36;2021-06-29;679;1457;121401;81488;55.9;37.5
36;2021-06-30;824;2159;122225;83647;56.3;38.5
36;2021-07-01;350;1086;122575;84733;56.5;39.0
36;2021-07-02;735;1847;123310;86580;56.8;39.9
36;2021-07-03;464;884;123774;87464;57.0;40.3
36;2021-07-04;183;327;123957;87791;57.1;40.4
36;2021-07-05;491;1332;124448;89123;57.3;41.0
36;2021-07-06;491;1215;124939;90338;57.5;41.6
36;2021-07-07;577;1795;125516;92133;57.8;42.4
36;2021-07-08;540;1700;126056;93833;58.1;43.2
36;2021-07-09;774;1648;126830;95481;58.4;44.0
36;2021-07-10;464;1118;127294;96599;58.6;44.5
36;2021-07-11;256;154;127550;96753;58.7;44.6
36;2021-07-12;326;1631;127876;98384;58.9;45.3
36;2021-07-13;280;1938;128156;100322;59.0;46.2
36;2021-07-14;374;760;128530;101082;59.2;46.6
36;2021-07-15;868;2163;129398;103245;59.6;47.5
37;2020-12-27;0;0;0;0;0.0;0.0
37;2020-12-28;17;0;17;0;0.0;0.0
37;2020-12-29;10;0;27;0;0.0;0.0
37;2020-12-30;0;0;27;0;0.0;0.0
37;2020-12-31;0;0;27;0;0.0;0.0
37;2021-01-01;0;0;27;0;0.0;0.0
37;2021-01-02;0;0;27;0;0.0;0.0
37;2021-01-03;0;0;27;0;0.0;0.0
37;2021-01-04;21;0;48;0;0.0;0.0
37;2021-01-05;47;0;95;0;0.0;0.0
37;2021-01-06;79;0;174;0;0.0;0.0
37;2021-01-07;115;0;289;0;0.0;0.0
37;2021-01-08;442;0;731;0;0.1;0.0
37;2021-01-09;79;0;810;0;0.1;0.0
37;2021-01-10;83;0;893;0;0.1;0.0
37;2021-01-11;280;0;1173;0;0.2;0.0
37;2021-01-12;657;4;1830;4;0.3;0.0
37;2021-01-13;560;1;2390;5;0.4;0.0
37;2021-01-14;521;3;2911;8;0.5;0.0
37;2021-01-15;626;1;3537;9;0.6;0.0
37;2021-01-16;301;2;3838;11;0.6;0.0
37;2021-01-17;261;1;4099;12;0.7;0.0
37;2021-01-18;733;8;4832;20;0.8;0.0
37;2021-01-19;1242;7;6074;27;1.0;0.0
37;2021-01-20;1037;3;7111;30;1.2;0.0
37;2021-01-21;853;0;7964;30;1.3;0.0
37;2021-01-22;765;1;8729;31;1.4;0.0
37;2021-01-23;172;0;8901;31;1.5;0.0
37;2021-01-24;0;0;8901;31;1.5;0.0
37;2021-01-25;535;12;9436;43;1.6;0.0
37;2021-01-26;1812;66;11248;109;1.9;0.0
37;2021-01-27;1520;75;12768;184;2.1;0.0
37;2021-01-28;1527;92;14295;276;2.4;0.0
37;2021-01-29;630;309;14925;585;2.5;0.1
37;2021-01-30;202;64;15127;649;2.5;0.1
37;2021-01-31;15;65;15142;714;2.5;0.1
37;2021-02-01;332;200;15474;914;2.6;0.2
37;2021-02-02;522;530;15996;1444;2.6;0.2
37;2021-02-03;660;354;16656;1798;2.8;0.3
37;2021-02-04;546;411;17202;2209;2.8;0.4
37;2021-02-05;465;443;17667;2652;2.9;0.4
37;2021-02-06;189;2;17856;2654;2.9;0.4
37;2021-02-07;20;1;17876;2655;3.0;0.4
37;2021-02-08;330;329;18206;2984;3.0;0.5
37;2021-02-09;625;723;18831;3707;3.1;0.6
37;2021-02-10;663;512;19494;4219;3.2;0.7
37;2021-02-11;611;560;20105;4779;3.3;0.8
37;2021-02-12;488;552;20593;5331;3.4;0.9
37;2021-02-13;153;207;20746;5538;3.4;0.9
37;2021-02-14;1;71;20747;5609;3.4;0.9
37;2021-02-15;426;486;21173;6095;3.5;1.0
37;2021-02-16;842;1450;22015;7545;3.6;1.2
37;2021-02-17;633;1376;22648;8921;3.7;1.5
37;2021-02-18;895;1416;23543;10337;3.9;1.7
37;2021-02-19;792;841;24335;11178;4.0;1.8
37;2021-02-20;244;212;24579;11390;4.1;1.9
37;2021-02-21;5;1;24584;11391;4.1;1.9
37;2021-02-22;337;569;24921;11960;4.1;2.0
37;2021-02-23;604;628;25525;12588;4.2;2.1
37;2021-02-24;571;620;26096;13208;4.3;2.2
37;2021-02-25;875;613;26971;13821;4.5;2.3
37;2021-02-26;1113;575;28084;14396;4.6;2.4
37;2021-02-27;583;186;28667;14582;4.7;2.4
37;2021-02-28;23;0;28690;14582;4.7;2.4
37;2021-03-01;603;359;29293;14941;4.8;2.5
37;2021-03-02;1090;537;30383;15478;5.0;2.6
37;2021-03-03;970;546;31353;16024;5.2;2.6
37;2021-03-04;1602;473;32955;16497;5.4;2.7
37;2021-03-05;2127;550;35082;17047;5.8;2.8
37;2021-03-06;1165;204;36247;17251;6.0;2.8
37;2021-03-07;471;60;36718;17311;6.1;2.9
37;2021-03-08;664;403;37382;17714;6.2;2.9
37;2021-03-09;1649;697;39031;18411;6.4;3.0
37;2021-03-10;1607;743;40638;19154;6.7;3.2
37;2021-03-11;2045;689;42683;19843;7.1;3.3
37;2021-03-12;3206;457;45889;20300;7.6;3.4
37;2021-03-13;1951;183;47840;20483;7.9;3.4
37;2021-03-14;204;4;48044;20487;7.9;3.4
37;2021-03-15;1063;247;49107;20734;8.1;3.4
37;2021-03-16;1048;525;50155;21259;8.3;3.5
37;2021-03-17;933;275;51088;21534;8.4;3.6
37;2021-03-18;1030;522;52118;22056;8.6;3.6
37;2021-03-19;2214;329;54332;22385;9.0;3.7
37;2021-03-20;1331;135;55663;22520;9.2;3.7
37;2021-03-21;202;4;55865;22524;9.2;3.7
37;2021-03-22;1286;242;57151;22766;9.4;3.8
37;2021-03-23;2251;560;59402;23326;9.8;3.9
37;2021-03-24;2244;454;61646;23780;10.2;3.9
37;2021-03-25;2973;443;64619;24223;10.7;4.0
37;2021-03-26;3523;395;68142;24618;11.3;4.1
37;2021-03-27;1172;121;69314;24739;11.4;4.1
37;2021-03-28;138;1;69452;24740;11.5;4.1
37;2021-03-29;1601;341;71053;25081;11.7;4.1
37;2021-03-30;2521;615;73574;25696;12.2;4.2
37;2021-03-31;2043;479;75617;26175;12.5;4.3
37;2021-04-01;2588;958;78205;27133;12.9;4.5
37;2021-04-02;2812;656;81017;27789;13.4;4.6
37;2021-04-03;816;219;81833;28008;13.5;4.6
37;2021-04-04;101;1;81934;28009;13.5;4.6
37;2021-04-05;3;0;81937;28009;13.5;4.6
37;2021-04-06;2230;776;84167;28785;13.9;4.8
37;2021-04-07;3164;845;87331;29630;14.4;4.9
37;2021-04-08;4024;955;91355;30585;15.1;5.1
37;2021-04-09;4537;928;95892;31513;15.8;5.2
37;2021-04-10;1322;427;97214;31940;16.1;5.3
37;2021-04-11;104;1;97318;31941;16.1;5.3
37;2021-04-12;2637;669;99955;32610;16.5;5.4
37;2021-04-13;4109;1143;104064;33753;17.2;5.6
37;2021-04-14;3041;894;107105;34647;17.7;5.7
37;2021-04-15;3742;1003;110847;35650;18.3;5.9
37;2021-04-16;4353;1200;115200;36850;19.0;6.1
37;2021-04-17;1145;217;116345;37067;19.2;6.1
37;2021-04-18;95;2;116440;37069;19.2;6.1
37;2021-04-19;2479;844;118919;37913;19.6;6.3
37;2021-04-20;3235;1324;122154;39237;20.2;6.5
37;2021-04-21;2930;1147;125084;40384;20.7;6.7
37;2021-04-22;3446;1394;128530;41778;21.2;6.9
37;2021-04-23;3685;1796;132215;43574;21.8;7.2
37;2021-04-24;1003;386;133218;43960;22.0;7.3
37;2021-04-25;44;2;133262;43962;22.0;7.3
37;2021-04-26;2962;1328;136224;45290;22.5;7.5
37;2021-04-27;4180;1796;140404;47086;23.2;7.8
37;2021-04-28;3460;1925;143864;49011;23.8;8.1
37;2021-04-29;4568;2010;148432;51021;24.5;8.4
37;2021-04-30;5054;1975;153486;52996;25.4;8.8
37;2021-05-01;639;209;154125;53205;25.5;8.8
37;2021-05-02;103;14;154228;53219;25.5;8.8
37;2021-05-03;2670;1941;156898;55160;25.9;9.1
37;2021-05-04;3733;2697;160631;57857;26.5;9.6
37;2021-05-05;3495;2078;164126;59935;27.1;9.9
37;2021-05-06;4992;1941;169118;61876;27.9;10.2
37;2021-05-07;4685;2880;173803;64756;28.7;10.7
37;2021-05-08;532;312;174335;65068;28.8;10.7
37;2021-05-09;63;41;174398;65109;28.8;10.8
37;2021-05-10;2162;3489;176560;68598;29.2;11.3
37;2021-05-11;3865;3877;180425;72475;29.8;12.0
37;2021-05-12;4030;2534;184455;75009;30.5;12.4
37;2021-05-13;1134;514;185589;75523;30.7;12.5
37;2021-05-14;4043;2677;189632;78200;31.3;12.9
37;2021-05-15;2319;742;191951;78942;31.7;13.0
37;2021-05-16;22;71;191973;79013;31.7;13.1
37;2021-05-17;2761;2057;194734;81070;32.2;13.4
37;2021-05-18;3871;2353;198605;83423;32.8;13.8
37;2021-05-19;3492;1797;202097;85220;33.4;14.1
37;2021-05-20;4748;1775;206845;86995;34.2;14.4
37;2021-05-21;4527;2563;211372;89558;34.9;14.8
37;2021-05-22;1074;753;212446;90311;35.1;14.9
37;2021-05-23;98;89;212544;90400;35.1;14.9
37;2021-05-24;528;106;213072;90506;35.2;15.0
37;2021-05-25;5118;2171;218190;92677;36.0;15.3
37;2021-05-26;4926;2079;223116;94756;36.9;15.7
37;2021-05-27;5983;2368;229099;97124;37.8;16.0
37;2021-05-28;6021;3259;235120;100383;38.8;16.6
37;2021-05-29;1517;1164;236637;101547;39.1;16.8
37;2021-05-30;55;159;236692;101706;39.1;16.8
37;2021-05-31;3647;2527;240339;104233;39.7;17.2
37;2021-06-01;5841;3613;246180;107846;40.7;17.8
37;2021-06-02;5058;2444;251238;110290;41.5;18.2
37;2021-06-03;6084;2880;257322;113170;42.5;18.7
37;2021-06-04;5500;4200;262822;117370;43.4;19.4
37;2021-06-05;1851;1304;264673;118674;43.7;19.6
37;2021-06-06;49;196;264722;118870;43.7;19.6
37;2021-06-07;3008;4166;267730;123036;44.2;20.3
37;2021-06-08;4176;4658;271906;127694;44.9;21.1
37;2021-06-09;3870;3564;275776;131258;45.6;21.7
37;2021-06-10;5206;3614;280982;134872;46.4;22.3
37;2021-06-11;4967;4824;285949;139696;47.2;23.1
37;2021-06-12;3546;1345;289495;141041;47.8;23.3
37;2021-06-13;15;166;289510;141207;47.8;23.3
37;2021-06-14;2658;4049;292168;145256;48.3;24.0
37;2021-06-15;3889;4766;296057;150022;48.9;24.8
37;2021-06-16;3247;3601;299304;153623;49.4;25.4
37;2021-06-17;3993;4505;303297;158128;50.1;26.1
37;2021-06-18;4683;5086;307980;163214;50.9;27.0
37;2021-06-19;2511;1105;310491;164319;51.3;27.1
37;2021-06-20;7;183;310498;164502;51.3;27.2
37;2021-06-21;2411;3830;312909;168332;51.7;27.8
37;2021-06-22;2952;5024;315861;173356;52.2;28.6
37;2021-06-23;2600;3653;318461;177009;52.6;29.2
37;2021-06-24;2841;3544;321302;180553;53.1;29.8
37;2021-06-25;3278;4885;324580;185438;53.6;30.6
37;2021-06-26;1223;3086;325803;188524;53.8;31.1
37;2021-06-27;23;142;325826;188666;53.8;31.2
37;2021-06-28;1684;4518;327510;193184;54.1;31.9
37;2021-06-29;1878;6229;329388;199413;54.4;32.9
37;2021-06-30;1838;4435;331226;203848;54.7;33.7
37;2021-07-01;2071;4803;333297;208651;55.1;34.5
37;2021-07-02;2659;5583;335956;214234;55.5;35.4
37;2021-07-03;941;2139;336897;216373;55.7;35.7
37;2021-07-04;3;104;336900;216477;55.7;35.8
37;2021-07-05;1665;5146;338565;221623;55.9;36.6
37;2021-07-06;1975;6758;340540;228381;56.3;37.7
37;2021-07-07;1930;5459;342470;233840;56.6;38.6
37;2021-07-08;2433;6659;344903;240499;57.0;39.7
37;2021-07-09;1968;7641;346871;248140;57.3;41.0
37;2021-07-10;1011;2610;347882;250750;57.5;41.4
37;2021-07-11;14;95;347896;250845;57.5;41.4
37;2021-07-12;1116;5979;349012;256824;57.7;42.4
37;2021-07-13;1593;7813;350605;264637;57.9;43.7
37;2021-07-14;522;403;351127;265040;58.0;43.8
37;2021-07-15;2572;7465;353699;272505;58.4;45.0
38;2020-12-27;0;0;0;0;0.0;0.0
38;2020-12-28;0;0;0;0;0.0;0.0
38;2020-12-29;0;0;0;0;0.0;0.0
38;2020-12-30;0;0;0;0;0.0;0.0
38;2020-12-31;5;0;5;0;0.0;0.0
38;2021-01-01;1;0;6;0;0.0;0.0
38;2021-01-02;0;0;6;0;0.0;0.0
38;2021-01-03;0;0;6;0;0.0;0.0
38;2021-01-04;162;0;168;0;0.0;0.0
38;2021-01-05;257;1;425;1;0.0;0.0
38;2021-01-06;365;0;790;1;0.1;0.0
38;2021-01-07;635;1;1425;2;0.1;0.0
38;2021-01-08;693;0;2118;2;0.2;0.0
38;2021-01-09;30;0;2148;2;0.2;0.0
38;2021-01-10;0;0;2148;2;0.2;0.0
38;2021-01-11;796;2;2944;4;0.2;0.0
38;2021-01-12;1468;2;4412;6;0.3;0.0
38;2021-01-13;1072;4;5484;10;0.4;0.0
38;2021-01-14;1675;15;7159;25;0.6;0.0
38;2021-01-15;1670;7;8829;32;0.7;0.0
38;2021-01-16;306;2;9135;34;0.7;0.0
38;2021-01-17;3;0;9138;34;0.7;0.0
38;2021-01-18;1174;4;10312;38;0.8;0.0
38;2021-01-19;2231;3;12543;41;1.0;0.0
38;2021-01-20;1873;2;14416;43;1.1;0.0
38;2021-01-21;1617;6;16033;49;1.3;0.0
38;2021-01-22;1395;7;17428;56;1.4;0.0
38;2021-01-23;379;1;17807;57;1.4;0.0
38;2021-01-24;1;0;17808;57;1.4;0.0
38;2021-01-25;787;107;18595;164;1.5;0.0
38;2021-01-26;854;183;19449;347;1.5;0.0
38;2021-01-27;1088;278;20537;625;1.6;0.0
38;2021-01-28;1153;479;21690;1104;1.7;0.1
38;2021-01-29;945;380;22635;1484;1.8;0.1
38;2021-01-30;304;1;22939;1485;1.8;0.1
38;2021-01-31;0;0;22939;1485;1.8;0.1
38;2021-02-01;703;598;23642;2083;1.9;0.2
38;2021-02-02;966;966;24608;3049;1.9;0.2
38;2021-02-03;1230;693;25838;3742;2.0;0.3
38;2021-02-04;1277;972;27115;4714;2.1;0.4
38;2021-02-05;1397;845;28512;5559;2.3;0.4
38;2021-02-06;186;95;28698;5654;2.3;0.4
38;2021-02-07;0;48;28698;5702;2.3;0.5
38;2021-02-08;859;797;29557;6499;2.3;0.5
38;2021-02-09;1540;1298;31097;7797;2.5;0.6
38;2021-02-10;1576;1282;32673;9079;2.6;0.7
38;2021-02-11;1867;1147;34540;10226;2.7;0.8
38;2021-02-12;1508;1114;36048;11340;2.8;0.9
38;2021-02-13;467;187;36515;11527;2.9;0.9
38;2021-02-14;1;7;36516;11534;2.9;0.9
38;2021-02-15;975;937;37491;12471;3.0;1.0
38;2021-02-16;1381;970;38872;13441;3.1;1.1
38;2021-02-17;1369;1064;40241;14505;3.2;1.1
38;2021-02-18;1779;1061;42020;15566;3.3;1.2
38;2021-02-19;1253;892;43273;16458;3.4;1.3
38;2021-02-20;471;314;43744;16772;3.5;1.3
38;2021-02-21;0;0;43744;16772;3.5;1.3
38;2021-02-22;1074;907;44818;17679;3.5;1.4
38;2021-02-23;1539;947;46357;18626;3.7;1.5
38;2021-02-24;1726;1136;48083;19762;3.8;1.6
38;2021-02-25;2491;1069;50574;20831;4.0;1.6
38;2021-02-26;3302;962;53876;21793;4.3;1.7
38;2021-02-27;1508;414;55384;22207;4.4;1.8
38;2021-02-28;33;1;55417;22208;4.4;1.8
38;2021-03-01;2470;758;57887;22966;4.6;1.8
38;2021-03-02;4037;1032;61924;23998;4.9;1.9
38;2021-03-03;3332;1202;65256;25200;5.2;2.0
38;2021-03-04;4478;1353;69734;26553;5.5;2.1
38;2021-03-05;5225;1167;74959;27720;5.9;2.2
38;2021-03-06;3040;243;77999;27963;6.2;2.2
38;2021-03-07;112;1;78111;27964;6.2;2.2
38;2021-03-08;2419;888;80530;28852;6.4;2.3
38;2021-03-09;4021;1279;84551;30131;6.7;2.4
38;2021-03-10;3493;1048;88044;31179;7.0;2.5
38;2021-03-11;5135;1487;93179;32666;7.4;2.6
38;2021-03-12;7083;1108;100262;33774;7.9;2.7
38;2021-03-13;3768;184;104030;33958;8.2;2.7
38;2021-03-14;544;10;104574;33968;8.3;2.7
38;2021-03-15;2695;988;107269;34956;8.5;2.8
38;2021-03-16;2075;1368;109344;36324;8.6;2.9
38;2021-03-17;2020;1194;111364;37518;8.8;3.0
38;2021-03-18;2631;1359;113995;38877;9.0;3.1
38;2021-03-19;4000;1044;117995;39921;9.3;3.2
38;2021-03-20;1820;232;119815;40153;9.5;3.2
38;2021-03-21;127;8;119942;40161;9.5;3.2
38;2021-03-22;2857;996;122799;41157;9.7;3.3
38;2021-03-23;4769;1480;127568;42637;10.1;3.4
38;2021-03-24;3708;1564;131276;44201;10.4;3.5
38;2021-03-25;5785;1509;137061;45710;10.8;3.6
38;2021-03-26;6598;1719;143659;47429;11.4;3.7
38;2021-03-27;2509;739;146168;48168;11.6;3.8
38;2021-03-28;923;34;147091;48202;11.6;3.8
38;2021-03-29;2669;1844;149760;50046;11.8;4.0
38;2021-03-30;4561;2525;154321;52571;12.2;4.2
38;2021-03-31;3654;2215;157975;54786;12.5;4.3
38;2021-04-01;5125;2459;163100;57245;12.9;4.5
38;2021-04-02;3860;2501;166960;59746;13.2;4.7
38;2021-04-03;1413;937;168373;60683;13.3;4.8
38;2021-04-04;425;46;168798;60729;13.3;4.8
38;2021-04-05;2169;322;170967;61051;13.5;4.8
38;2021-04-06;4335;2382;175302;63433;13.9;5.0
38;2021-04-07;4409;2714;179711;66147;14.2;5.2
38;2021-04-08;5638;2643;185349;68790;14.7;5.4
38;2021-04-09;8544;2688;193893;71478;15.3;5.7
38;2021-04-10;3595;1452;197488;72930;15.6;5.8
38;2021-04-11;1043;100;198531;73030;15.7;5.8
38;2021-04-12;4189;2243;202720;75273;16.0;6.0
38;2021-04-13;6118;2455;208838;77728;16.5;6.1
38;2021-04-14;5108;2444;213946;80172;16.9;6.3
38;2021-04-15;6352;2731;220298;82903;17.4;6.6
38;2021-04-16;6211;2702;226509;85605;17.9;6.8
38;2021-04-17;2586;980;229095;86585;18.1;6.8
38;2021-04-18;1331;72;230426;86657;18.2;6.9
38;2021-04-19;3936;2806;234362;89463;18.5;7.1
38;2021-04-20;5418;2827;239780;92290;19.0;7.3
38;2021-04-21;4972;2673;244752;94963;19.3;7.5
38;2021-04-22;5769;2805;250521;97768;19.8;7.7
38;2021-04-23;6014;2771;256535;100539;20.3;7.9
38;2021-04-24;2661;1336;259196;101875;20.5;8.1
38;2021-04-25;805;593;260001;102468;20.6;8.1
38;2021-04-26;4476;2446;264477;104914;20.9;8.3
38;2021-04-27;6032;2693;270509;107607;21.4;8.5
38;2021-04-28;6189;2473;276698;110080;21.9;8.7
38;2021-04-29;8325;3015;285023;113095;22.5;8.9
38;2021-04-30;7666;4025;292689;117120;23.1;9.3
38;2021-05-01;1538;194;294227;117314;23.3;9.3
38;2021-05-02;838;72;295065;117386;23.3;9.3
38;2021-05-03;5290;3565;300355;120951;23.7;9.6
38;2021-05-04;6183;5039;306538;125990;24.2;10.0
38;2021-05-05;6056;4572;312594;130562;24.7;10.3
38;2021-05-06;6699;5269;319293;135831;25.2;10.7
38;2021-05-07;7255;6410;326548;142241;25.8;11.2
38;2021-05-08;3636;688;330184;142929;26.1;11.3
38;2021-05-09;2848;1928;333032;144857;26.3;11.5
38;2021-05-10;6144;5276;339176;150133;26.8;11.9
38;2021-05-11;8211;5955;347387;156088;27.5;12.3
38;2021-05-12;9039;4661;356426;160749;28.2;12.7
38;2021-05-13;6623;1407;363049;162156;28.7;12.8
38;2021-05-14;9556;3384;372605;165540;29.5;13.1
38;2021-05-15;6844;1446;379449;166986;30.0;13.2
38;2021-05-16;5472;648;384921;167634;30.4;13.3
38;2021-05-17;7657;2963;392578;170597;31.0;13.5
38;2021-05-18;8610;3980;401188;174577;31.7;13.8
38;2021-05-19;8135;3329;409323;177906;32.4;14.1
38;2021-05-20;8967;4451;418290;182357;33.1;14.4
38;2021-05-21;9947;4562;428237;186919;33.9;14.8
38;2021-05-22;7446;1900;435683;188819;34.4;14.9
38;2021-05-23;5581;576;441264;189395;34.9;15.0
38;2021-05-24;7493;1615;448757;191010;35.5;15.1
38;2021-05-25;9528;4834;458285;195844;36.2;15.5
38;2021-05-26;8102;4703;466387;200547;36.9;15.9
38;2021-05-27;9127;5632;475514;206179;37.6;16.3
38;2021-05-28;8772;6452;484286;212631;38.3;16.8
38;2021-05-29;5810;3264;490096;215895;38.7;17.1
38;2021-05-30;2687;1596;492783;217491;39.0;17.2
38;2021-05-31;8254;5113;501037;222604;39.6;17.6
38;2021-06-01;7912;6409;508949;229013;40.2;18.1
38;2021-06-02;7058;5591;516007;234604;40.8;18.5
38;2021-06-03;7329;6809;523336;241413;41.4;19.1
38;2021-06-04;8066;7600;531402;249013;42.0;19.7
38;2021-06-05;5751;3938;537153;252951;42.5;20.0
38;2021-06-06;2476;1461;539629;254412;42.7;20.1
38;2021-06-07;5528;6845;545157;261257;43.1;20.7
38;2021-06-08;5828;7521;550985;268778;43.6;21.2
38;2021-06-09;4893;6460;555878;275238;43.9;21.8
38;2021-06-10;5314;6779;561192;282017;44.4;22.3
38;2021-06-11;5831;7770;567023;289787;44.8;22.9
38;2021-06-12;3852;3240;570875;293027;45.1;23.2
38;2021-06-13;1106;1306;571981;294333;45.2;23.3
38;2021-06-14;3802;7661;575783;301994;45.5;23.9
38;2021-06-15;5198;8148;580981;310142;45.9;24.5
38;2021-06-16;5091;7394;586072;317536;46.3;25.1
38;2021-06-17;4459;7057;590531;324593;46.7;25.7
38;2021-06-18;5696;9225;596227;333818;47.1;26.4
38;2021-06-19;3570;4964;599797;338782;47.4;26.8
38;2021-06-20;1021;2901;600818;341683;47.5;27.0
38;2021-06-21;3720;8693;604538;350376;47.8;27.7
38;2021-06-22;3601;10101;608139;360477;48.1;28.5
38;2021-06-23;3119;9571;611258;370048;48.3;29.3
38;2021-06-24;3175;8585;614433;378633;48.6;29.9
38;2021-06-25;3721;11491;618154;390124;48.9;30.8
38;2021-06-26;2191;7855;620345;397979;49.0;31.5
38;2021-06-27;985;4354;621330;402333;49.1;31.8
38;2021-06-28;2587;10315;623917;412648;49.3;32.6
38;2021-06-29;3444;10428;627361;423076;49.6;33.4
38;2021-06-30;3681;9940;631042;433016;49.9;34.2
38;2021-07-01;3157;9004;634199;442020;50.1;34.9
38;2021-07-02;3485;11609;637684;453629;50.4;35.9
38;2021-07-03;1681;8780;639365;462409;50.5;36.6
38;2021-07-04;1188;3197;640553;465606;50.6;36.8
38;2021-07-05;2585;10535;643138;476141;50.8;37.6
38;2021-07-06;3264;10232;646402;486373;51.1;38.4
38;2021-07-07;3282;9391;649684;495764;51.4;39.2
38;2021-07-08;3439;8220;653123;503984;51.6;39.8
38;2021-07-09;3512;10731;656635;514715;51.9;40.7
38;2021-07-10;2331;7782;658966;522497;52.1;41.3
38;2021-07-11;747;2015;659713;524512;52.2;41.5
38;2021-07-12;3350;10640;663063;535152;52.4;42.3
38;2021-07-13;6473;10863;669536;546015;52.9;43.2
38;2021-07-14;4555;3301;674091;549316;53.3;43.4
38;2021-07-15;8482;9556;682573;558872;54.0;44.2
39;2020-12-27;0;0;0;0;0.0;0.0
39;2020-12-28;0;0;0;0;0.0;0.0
39;2020-12-29;0;0;0;0;0.0;0.0
39;2020-12-30;0;0;0;0;0.0;0.0
39;2020-12-31;0;0;0;0;0.0;0.0
39;2021-01-01;0;0;0;0;0.0;0.0
39;2021-01-02;0;0;0;0;0.0;0.0
39;2021-01-03;0;0;0;0;0.0;0.0
39;2021-01-04;3;0;3;0;0.0;0.0
39;2021-01-05;3;0;6;0;0.0;0.0
39;2021-01-06;56;0;62;0;0.0;0.0
39;2021-01-07;330;2;392;2;0.2;0.0
39;2021-01-08;651;1;1043;3;0.4;0.0
39;2021-01-09;169;0;1212;3;0.5;0.0
39;2021-01-10;1;0;1213;3;0.5;0.0
39;2021-01-11;436;1;1649;4;0.6;0.0
39;2021-01-12;431;1;2080;5;0.8;0.0
39;2021-01-13;408;2;2488;7;1.0;0.0
39;2021-01-14;540;4;3028;11;1.2;0.0
39;2021-01-15;469;1;3497;12;1.4;0.0
39;2021-01-16;142;2;3639;14;1.4;0.0
39;2021-01-17;0;1;3639;15;1.4;0.0
39;2021-01-18;924;7;4563;22;1.8;0.0
39;2021-01-19;1180;5;5743;27;2.2;0.0
39;2021-01-20;904;5;6647;32;2.6;0.0
39;2021-01-21;1177;2;7824;34;3.0;0.0
39;2021-01-22;986;1;8810;35;3.4;0.0
39;2021-01-23;382;1;9192;36;3.6;0.0
39;2021-01-24;0;0;9192;36;3.6;0.0
39;2021-01-25;642;1;9834;37;3.8;0.0
39;2021-01-26;1120;11;10954;48;4.2;0.0
39;2021-01-27;923;16;11877;64;4.6;0.0
39;2021-01-28;738;243;12615;307;4.9;0.1
39;2021-01-29;581;422;13196;729;5.1;0.3
39;2021-01-30;265;110;13461;839;5.2;0.3
39;2021-01-31;1;0;13462;839;5.2;0.3
39;2021-02-01;561;262;14023;1101;5.4;0.4
39;2021-02-02;753;322;14776;1423;5.7;0.6
39;2021-02-03;531;515;15307;1938;5.9;0.8
39;2021-02-04;553;462;15860;2400;6.2;0.9
39;2021-02-05;439;431;16299;2831;6.3;1.1
39;2021-02-06;265;109;16564;2940;6.4;1.1
39;2021-02-07;0;1;16564;2941;6.4;1.1
39;2021-02-08;320;369;16884;3310;6.5;1.3
39;2021-02-09;382;485;17266;3795;6.7;1.5
39;2021-02-10;248;334;17514;4129;6.8;1.6
39;2021-02-11;586;509;18100;4638;7.0;1.8
39;2021-02-12;386;415;18486;5053;7.2;2.0
39;2021-02-13;97;67;18583;5120;7.2;2.0
39;2021-02-14;0;0;18583;5120;7.2;2.0
39;2021-02-15;99;760;18682;5880;7.2;2.3
39;2021-02-16;99;911;18781;6791;7.3;2.6
39;2021-02-17;57;695;18838;7486;7.3;2.9
39;2021-02-18;109;861;18947;8347;7.3;3.2
39;2021-02-19;100;486;19047;8833;7.4;3.4
39;2021-02-20;18;366;19065;9199;7.4;3.6
39;2021-02-21;0;0;19065;9199;7.4;3.6
39;2021-02-22;100;732;19165;9931;7.4;3.9
39;2021-02-23;4;766;19169;10697;7.4;4.1
39;2021-02-24;125;872;19294;11569;7.5;4.5
39;2021-02-25;208;751;19502;12320;7.6;4.8
39;2021-02-26;217;467;19719;12787;7.6;5.0
39;2021-02-27;169;299;19888;13086;7.7;5.1
39;2021-02-28;0;0;19888;13086;7.7;5.1
39;2021-03-01;218;639;20106;13725;7.8;5.3
39;2021-03-02;327;824;20433;14549;7.9;5.6
39;2021-03-03;598;522;21031;15071;8.2;5.8
39;2021-03-04;657;472;21688;15543;8.4;6.0
39;2021-03-05;668;326;22356;15869;8.7;6.2
39;2021-03-06;777;237;23133;16106;9.0;6.2
39;2021-03-07;240;77;23373;16183;9.1;6.3
39;2021-03-08;286;439;23659;16622;9.2;6.4
39;2021-03-09;842;452;24501;17074;9.5;6.6
39;2021-03-10;984;331;25485;17405;9.9;6.8
39;2021-03-11;826;458;26311;17863;10.2;6.9
39;2021-03-12;804;281;27115;18144;10.5;7.0
39;2021-03-13;787;98;27902;18242;10.8;7.1
39;2021-03-14;35;10;27937;18252;10.8;7.1
39;2021-03-15;512;86;28449;18338;11.0;7.1
39;2021-03-16;554;60;29003;18398;11.2;7.1
39;2021-03-17;612;50;29615;18448;11.5;7.2
39;2021-03-18;595;59;30210;18507;11.7;7.2
39;2021-03-19;392;70;30602;18577;11.9;7.2
39;2021-03-20;310;8;30912;18585;12.0;7.2
39;2021-03-21;3;0;30915;18585;12.0;7.2
39;2021-03-22;754;110;31669;18695;12.3;7.3
39;2021-03-23;1130;38;32799;18733;12.7;7.3
39;2021-03-24;1177;86;33976;18819;13.2;7.3
39;2021-03-25;2038;100;36014;18919;14.0;7.3
39;2021-03-26;797;109;36811;19028;14.3;7.4
39;2021-03-27;345;4;37156;19032;14.4;7.4
39;2021-03-28;36;4;37192;19036;14.4;7.4
39;2021-03-29;1036;185;38228;19221;14.8;7.5
39;2021-03-30;1400;263;39628;19484;15.4;7.6
39;2021-03-31;658;512;40286;19996;15.6;7.8
39;2021-04-01;1309;300;41595;20296;16.1;7.9
39;2021-04-02;625;127;42220;20423;16.4;7.9
39;2021-04-03;180;6;42400;20429;16.4;7.9
39;2021-04-04;2;1;42402;20430;16.4;7.9
39;2021-04-05;1;0;42403;20430;16.4;7.9
39;2021-04-06;824;628;43227;21058;16.8;8.2
39;2021-04-07;1128;669;44355;21727;17.2;8.4
39;2021-04-08;1784;559;46139;22286;17.9;8.6
39;2021-04-09;1675;279;47814;22565;18.5;8.8
39;2021-04-10;344;178;48158;22743;18.7;8.8
39;2021-04-11;2;0;48160;22743;18.7;8.8
39;2021-04-12;678;392;48838;23135;18.9;9.0
39;2021-04-13;1203;575;50041;23710;19.4;9.2
39;2021-04-14;844;630;50885;24340;19.7;9.4
39;2021-04-15;1480;700;52365;25040;20.3;9.7
39;2021-04-16;1090;168;53455;25208;20.7;9.8
39;2021-04-17;196;58;53651;25266;20.8;9.8
39;2021-04-18;0;0;53651;25266;20.8;9.8
39;2021-04-19;524;699;54175;25965;21.0;10.1
39;2021-04-20;762;537;54937;26502;21.3;10.3
39;2021-04-21;1141;709;56078;27211;21.7;10.6
39;2021-04-22;1012;1130;57090;28341;22.1;11.0
39;2021-04-23;455;357;57545;28698;22.3;11.1
39;2021-04-24;275;146;57820;28844;22.4;11.2
39;2021-04-25;12;2;57832;28846;22.4;11.2
39;2021-04-26;568;1032;58400;29878;22.6;11.6
39;2021-04-27;788;979;59188;30857;23.0;12.0
39;2021-04-28;1717;408;60905;31265;23.6;12.1
39;2021-04-29;2570;957;63475;32222;24.6;12.5
39;2021-04-30;2475;374;65950;32596;25.6;12.6
39;2021-05-01;41;53;65991;32649;25.6;12.7
39;2021-05-02;0;0;65991;32649;25.6;12.7
39;2021-05-03;916;801;66907;33450;25.9;13.0
39;2021-05-04;949;1124;67856;34574;26.3;13.4
39;2021-05-05;1947;884;69803;35458;27.1;13.8
39;2021-05-06;2426;1332;72229;36790;28.0;14.3
39;2021-05-07;1287;570;73516;37360;28.5;14.5
39;2021-05-08;178;54;73694;37414;28.6;14.5
39;2021-05-09;10;5;73704;37419;28.6;14.5
39;2021-05-10;1760;838;75464;38257;29.3;14.8
39;2021-05-11;1771;1511;77235;39768;30.0;15.4
39;2021-05-12;1799;1472;79034;41240;30.7;16.0
39;2021-05-13;246;23;79280;41263;30.7;16.0
39;2021-05-14;2392;326;81672;41589;31.7;16.1
39;2021-05-15;1848;256;83520;41845;32.4;16.2
39;2021-05-16;0;0;83520;41845;32.4;16.2
39;2021-05-17;1990;718;85510;42563;33.2;16.5
39;2021-05-18;1691;1185;87201;43748;33.8;17.0
39;2021-05-19;2496;552;89697;44300;34.8;17.2
39;2021-05-20;2465;752;92162;45052;35.7;17.5
39;2021-05-21;1798;560;93960;45612;36.4;17.7
39;2021-05-22;322;220;94282;45832;36.6;17.8
39;2021-05-23;6;36;94288;45868;36.6;17.8
39;2021-05-24;8;28;94296;45896;36.6;17.8
39;2021-05-25;1727;1195;96023;47091;37.2;18.3
39;2021-05-26;1639;1373;97662;48464;37.9;18.8
39;2021-05-27;1487;1617;99149;50081;38.5;19.4
39;2021-05-28;855;1217;100004;51298;38.8;19.9
39;2021-05-29;259;272;100263;51570;38.9;20.0
39;2021-05-30;2;40;100265;51610;38.9;20.0
39;2021-05-31;1626;1250;101891;52860;39.5;20.5
39;2021-06-01;1891;1314;103782;54174;40.2;21.0
39;2021-06-02;1700;1176;105482;55350;40.9;21.5
39;2021-06-03;1325;1158;106807;56508;41.4;21.9
39;2021-06-04;940;1067;107747;57575;41.8;22.3
39;2021-06-05;765;514;108512;58089;42.1;22.5
39;2021-06-06;1;36;108513;58125;42.1;22.5
39;2021-06-07;2092;911;110605;59036;42.9;22.9
39;2021-06-08;2202;1154;112807;60190;43.7;23.3
39;2021-06-09;1724;1241;114531;61431;44.4;23.8
39;2021-06-10;1611;2085;116142;63516;45.0;24.6
39;2021-06-11;1558;1270;117700;64786;45.6;25.1
39;2021-06-12;1260;346;118960;65132;46.1;25.3
39;2021-06-13;9;17;118969;65149;46.1;25.3
39;2021-06-14;1331;1893;120300;67042;46.7;26.0
39;2021-06-15;1377;1251;121677;68293;47.2;26.5
39;2021-06-16;1152;1541;122829;69834;47.6;27.1
39;2021-06-17;1040;1715;123869;71549;48.0;27.7
39;2021-06-18;1622;1176;125491;72725;48.7;28.2
39;2021-06-19;246;408;125737;73133;48.8;28.4
39;2021-06-20;1;18;125738;73151;48.8;28.4
39;2021-06-21;348;2497;126086;75648;48.9;29.3
39;2021-06-22;798;2294;126884;77942;49.2;30.2
39;2021-06-23;1158;1296;128042;79238;49.7;30.7
39;2021-06-24;718;1048;128760;80286;49.9;31.1
39;2021-06-25;677;2964;129437;83250;50.2;32.3
39;2021-06-26;201;1566;129638;84816;50.3;32.9
39;2021-06-27;0;0;129638;84816;50.3;32.9
39;2021-06-28;298;2748;129936;87564;50.4;34.0
39;2021-06-29;485;2698;130421;90262;50.6;35.0
39;2021-06-30;862;2419;131283;92681;50.9;35.9
39;2021-07-01;599;1938;131882;94619;51.1;36.7
39;2021-07-02;1062;1398;132944;96017;51.6;37.2
39;2021-07-03;537;523;133481;96540;51.8;37.4
39;2021-07-04;0;1;133481;96541;51.8;37.4
39;2021-07-05;575;2585;134056;99126;52.0;38.4
39;2021-07-06;815;1883;134871;101009;52.3;39.2
39;2021-07-07;575;1385;135446;102394;52.5;39.7
39;2021-07-08;689;904;136135;103298;52.8;40.1
39;2021-07-09;1072;1583;137207;104881;53.2;40.7
39;2021-07-10;737;474;137944;105355;53.5;40.9
39;2021-07-11;27;8;137971;105363;53.5;40.9
39;2021-07-12;558;2596;138529;107959;53.7;41.9
39;2021-07-13;1624;2640;140153;110599;54.4;42.9
39;2021-07-14;12;20;140165;110619;54.4;42.9
39;2021-07-15;1888;1830;142053;112449;55.1;43.6
40;2020-12-27;0;0;0;0;0.0;0.0
40;2020-12-28;0;0;0;0;0.0;0.0
40;2020-12-29;0;0;0;0;0.0;0.0
40;2020-12-30;0;0;0;0;0.0;0.0
40;2020-12-31;0;0;0;0;0.0;0.0
40;2021-01-01;0;0;0;0;0.0;0.0
40;2021-01-02;0;0;0;0;0.0;0.0
40;2021-01-03;0;0;0;0;0.0;0.0
40;2021-01-04;0;0;0;0;0.0;0.0
40;2021-01-05;0;0;0;0;0.0;0.0
40;2021-01-06;1;0;1;0;0.0;0.0
40;2021-01-07;212;0;213;0;0.1;0.0
40;2021-01-08;392;1;605;1;0.1;0.0
40;2021-01-09;0;0;605;1;0.1;0.0
40;2021-01-10;1;0;606;1;0.1;0.0
40;2021-01-11;110;0;716;1;0.2;0.0
40;2021-01-12;0;0;716;1;0.2;0.0
40;2021-01-13;681;0;1397;1;0.3;0.0
40;2021-01-14;901;4;2298;5;0.6;0.0
40;2021-01-15;808;3;3106;8;0.8;0.0
40;2021-01-16;157;0;3263;8;0.8;0.0
40;2021-01-17;0;1;3263;9;0.8;0.0
40;2021-01-18;402;0;3665;9;0.9;0.0
40;2021-01-19;1202;2;4867;11;1.2;0.0
40;2021-01-20;878;2;5745;13;1.4;0.0
40;2021-01-21;1260;2;7005;15;1.7;0.0
40;2021-01-22;809;2;7814;17;1.9;0.0
40;2021-01-23;288;0;8102;17;2.0;0.0
40;2021-01-24;1;0;8103;17;2.0;0.0
40;2021-01-25;393;1;8496;18;2.1;0.0
40;2021-01-26;802;6;9298;24;2.3;0.0
40;2021-01-27;1118;12;10416;36;2.5;0.0
40;2021-01-28;704;119;11120;155;2.7;0.0
40;2021-01-29;602;226;11722;381;2.8;0.1
40;2021-01-30;234;3;11956;384;2.9;0.1
40;2021-01-31;0;0;11956;384;2.9;0.1
40;2021-02-01;357;132;12313;516;3.0;0.1
40;2021-02-02;923;52;13236;568;3.2;0.1
40;2021-02-03;891;296;14127;864;3.4;0.2
40;2021-02-04;1058;604;15185;1468;3.7;0.4
40;2021-02-05;793;421;15978;1889;3.9;0.5
40;2021-02-06;376;84;16354;1973;4.0;0.5
40;2021-02-07;10;0;16364;1973;4.0;0.5
40;2021-02-08;369;123;16733;2096;4.1;0.5
40;2021-02-09;807;540;17540;2636;4.3;0.6
40;2021-02-10;746;471;18286;3107;4.4;0.8
40;2021-02-11;736;684;19022;3791;4.6;0.9
40;2021-02-12;627;642;19649;4433;4.8;1.1
40;2021-02-13;399;95;20048;4528;4.9;1.1
40;2021-02-14;0;0;20048;4528;4.9;1.1
40;2021-02-15;47;385;20095;4913;4.9;1.2
40;2021-02-16;283;594;20378;5507;4.9;1.3
40;2021-02-17;358;897;20736;6404;5.0;1.6
40;2021-02-18;383;695;21119;7099;5.1;1.7
40;2021-02-19;143;646;21262;7745;5.2;1.9
40;2021-02-20;39;95;21301;7840;5.2;1.9
40;2021-02-21;0;66;21301;7906;5.2;1.9
40;2021-02-22;52;565;21353;8471;5.2;2.1
40;2021-02-23;179;835;21532;9306;5.2;2.3
40;2021-02-24;282;687;21814;9993;5.3;2.4
40;2021-02-25;723;995;22537;10988;5.5;2.7
40;2021-02-26;654;635;23191;11623;5.6;2.8
40;2021-02-27;384;102;23575;11725;5.7;2.8
40;2021-02-28;2;0;23577;11725;5.7;2.8
40;2021-03-01;418;509;23995;12234;5.8;3.0
40;2021-03-02;735;1039;24730;13273;6.0;3.2
40;2021-03-03;933;910;25663;14183;6.2;3.4
40;2021-03-04;1298;816;26961;14999;6.5;3.6
40;2021-03-05;1230;744;28191;15743;6.8;3.8
40;2021-03-06;863;390;29054;16133;7.1;3.9
40;2021-03-07;90;9;29144;16142;7.1;3.9
40;2021-03-08;832;501;29976;16643;7.3;4.0
40;2021-03-09;1503;641;31479;17284;7.6;4.2
40;2021-03-10;1746;691;33225;17975;8.1;4.4
40;2021-03-11;1982;687;35207;18662;8.5;4.5
40;2021-03-12;2046;548;37253;19210;9.0;4.7
40;2021-03-13;968;254;38221;19464;9.3;4.7
40;2021-03-14;98;0;38319;19464;9.3;4.7
40;2021-03-15;920;87;39239;19551;9.5;4.7
40;2021-03-16;985;266;40224;19817;9.8;4.8
40;2021-03-17;1570;335;41794;20152;10.1;4.9
40;2021-03-18;1556;329;43350;20481;10.5;5.0
40;2021-03-19;1805;145;45155;20626;11.0;5.0
40;2021-03-20;705;10;45860;20636;11.1;5.0
40;2021-03-21;51;1;45911;20637;11.1;5.0
40;2021-03-22;1171;29;47082;20666;11.4;5.0
40;2021-03-23;2320;163;49402;20829;12.0;5.1
40;2021-03-24;2322;223;51724;21052;12.6;5.1
40;2021-03-25;2759;368;54483;21420;13.2;5.2
40;2021-03-26;3122;202;57605;21622;14.0;5.2
40;2021-03-27;920;43;58525;21665;14.2;5.3
40;2021-03-28;176;47;58701;21712;14.2;5.3
40;2021-03-29;1147;380;59848;22092;14.5;5.4
40;2021-03-30;2295;378;62143;22470;15.1;5.5
40;2021-03-31;1992;293;64135;22763;15.6;5.5
40;2021-04-01;2396;323;66531;23086;16.1;5.6
40;2021-04-02;2358;212;68889;23298;16.7;5.7
40;2021-04-03;741;118;69630;23416;16.9;5.7
40;2021-04-04;362;7;69992;23423;17.0;5.7
40;2021-04-05;522;36;70514;23459;17.1;5.7
40;2021-04-06;2094;800;72608;24259;17.6;5.9
40;2021-04-07;2662;865;75270;25124;18.3;6.1
40;2021-04-08;3054;890;78324;26014;19.0;6.3
40;2021-04-09;3825;587;82149;26601;19.9;6.5
40;2021-04-10;1597;340;83746;26941;20.3;6.5
40;2021-04-11;51;2;83797;26943;20.3;6.5
40;2021-04-12;2174;723;85971;27666;20.9;6.7
40;2021-04-13;2565;1079;88536;28745;21.5;7.0
40;2021-04-14;2569;1364;91105;30109;22.1;7.3
40;2021-04-15;2974;1484;94079;31593;22.8;7.7
40;2021-04-16;2872;1185;96951;32778;23.5;8.0
40;2021-04-17;1461;342;98412;33120;23.9;8.0
40;2021-04-18;55;24;98467;33144;23.9;8.0
40;2021-04-19;1055;1014;99522;34158;24.2;8.3
40;2021-04-20;1616;1739;101138;35897;24.5;8.7
40;2021-04-21;1772;1736;102910;37633;25.0;9.1
40;2021-04-22;2103;1772;105013;39405;25.5;9.6
40;2021-04-23;2155;1384;107168;40789;26.0;9.9
40;2021-04-24;1325;616;108493;41405;26.3;10.1
40;2021-04-25;35;57;108528;41462;26.3;10.1
40;2021-04-26;1247;1132;109775;42594;26.6;10.3
40;2021-04-27;1484;2029;111259;44623;27.0;10.8
40;2021-04-28;2049;1362;113308;45985;27.5;11.2
40;2021-04-29;2602;1892;115910;47877;28.1;11.6
40;2021-04-30;2683;1603;118593;49480;28.8;12.0
40;2021-05-01;1224;775;119817;50255;29.1;12.2
40;2021-05-02;142;321;119959;50576;29.1;12.3
40;2021-05-03;1854;1496;121813;52072;29.6;12.6
40;2021-05-04;1880;2466;123693;54538;30.0;13.2
40;2021-05-05;2187;2669;125880;57207;30.6;13.9
40;2021-05-06;2231;2859;128111;60066;31.1;14.6
40;2021-05-07;1903;3004;130014;63070;31.6;15.3
40;2021-05-08;673;467;130687;63537;31.7;15.4
40;2021-05-09;315;20;131002;63557;31.8;15.4
40;2021-05-10;1399;2052;132401;65609;32.1;15.9
40;2021-05-11;2191;2504;134592;68113;32.7;16.5
40;2021-05-12;2728;1939;137320;70052;33.3;17.0
40;2021-05-13;1979;512;139299;70564;33.8;17.1
40;2021-05-14;2321;1650;141620;72214;34.4;17.5
40;2021-05-15;1337;962;142957;73176;34.7;17.8
40;2021-05-16;435;24;143392;73200;34.8;17.8
40;2021-05-17;2113;1312;145505;74512;35.3;18.1
40;2021-05-18;2506;1411;148011;75923;35.9;18.4
40;2021-05-19;2952;1097;150963;77020;36.6;18.7
40;2021-05-20;3580;1163;154543;78183;37.5;19.0
40;2021-05-21;2922;1328;157465;79511;38.2;19.3
40;2021-05-22;1145;796;158610;80307;38.5;19.5
40;2021-05-23;630;28;159240;80335;38.7;19.5
40;2021-05-24;1208;331;160448;80666;38.9;19.6
40;2021-05-25;2165;1303;162613;81969;39.5;19.9
40;2021-05-26;2610;1557;165223;83526;40.1;20.3
40;2021-05-27;2730;2006;167953;85532;40.8;20.8
40;2021-05-28;2565;2266;170518;87798;41.4;21.3
40;2021-05-29;1541;1250;172059;89048;41.8;21.6
40;2021-05-30;2;52;172061;89100;41.8;21.6
40;2021-05-31;2559;1205;174620;90305;42.4;21.9
40;2021-06-01;3007;1765;177627;92070;43.1;22.3
40;2021-06-02;3160;1981;180787;94051;43.9;22.8
40;2021-06-03;3588;2330;184375;96381;44.8;23.4
40;2021-06-04;3012;2803;187387;99184;45.5;24.1
40;2021-06-05;1775;1393;189162;100577;45.9;24.4
40;2021-06-06;454;79;189616;100656;46.0;24.4
40;2021-06-07;2173;2023;191789;102679;46.6;24.9
40;2021-06-08;2920;2097;194709;104776;47.3;25.4
40;2021-06-09;3191;2252;197900;107028;48.0;26.0
40;2021-06-10;2940;2085;200840;109113;48.8;26.5
40;2021-06-11;3116;2794;203956;111907;49.5;27.2
40;2021-06-12;1956;1635;205912;113542;50.0;27.6
40;2021-06-13;634;159;206546;113701;50.1;27.6
40;2021-06-14;1452;2496;207998;116197;50.5;28.2
40;2021-06-15;2215;2817;210213;119014;51.0;28.9
40;2021-06-16;2583;2451;212796;121465;51.7;29.5
40;2021-06-17;2419;2437;215215;123902;52.2;30.1
40;2021-06-18;2309;2907;217524;126809;52.8;30.8
40;2021-06-19;1786;1228;219310;128037;53.2;31.1
40;2021-06-20;333;276;219643;128313;53.3;31.1
40;2021-06-21;1381;2326;221024;130639;53.6;31.7
40;2021-06-22;1672;2999;222696;133638;54.1;32.4
40;2021-06-23;1582;3352;224278;136990;54.4;33.3
40;2021-06-24;1711;2376;225989;139366;54.9;33.8
40;2021-06-25;1734;3258;227723;142624;55.3;34.6
40;2021-06-26;1318;1713;229041;144337;55.6;35.0
40;2021-06-27;254;355;229295;144692;55.7;35.1
40;2021-06-28;1324;2824;230619;147516;56.0;35.8
40;2021-06-29;1678;3385;232297;150901;56.4;36.6
40;2021-06-30;1750;3632;234047;154533;56.8;37.5
40;2021-07-01;1671;3944;235718;158477;57.2;38.5
40;2021-07-02;1533;3808;237251;162285;57.6;39.4
40;2021-07-03;663;1921;237914;164206;57.7;39.9
40;2021-07-04;216;483;238130;164689;57.8;40.0
40;2021-07-05;1453;3020;239583;167709;58.2;40.7
40;2021-07-06;1734;3607;241317;171316;58.6;41.6
40;2021-07-07;1942;3843;243259;175159;59.0;42.5
40;2021-07-08;2051;3400;245310;178559;59.5;43.3
40;2021-07-09;1869;3935;247179;182494;60.0;44.3
40;2021-07-10;987;2156;248166;184650;60.2;44.8
40;2021-07-11;201;293;248367;184943;60.3;44.9
40;2021-07-12;1188;4036;249555;188979;60.6;45.9
40;2021-07-13;2336;4681;251891;193660;61.1;47.0
40;2021-07-14;2106;2046;253997;195706;61.7;47.5
40;2021-07-15;2736;4842;256733;200548;62.3;48.7
41;2020-12-27;0;0;0;0;0.0;0.0
41;2020-12-28;0;0;0;0;0.0;0.0
41;2020-12-29;0;0;0;0;0.0;0.0
41;2020-12-30;0;0;0;0;0.0;0.0
41;2020-12-31;0;0;0;0;0.0;0.0
41;2021-01-01;0;0;0;0;0.0;0.0
41;2021-01-02;0;0;0;0;0.0;0.0
41;2021-01-03;0;0;0;0;0.0;0.0
41;2021-01-04;0;0;0;0;0.0;0.0
41;2021-01-05;35;0;35;0;0.0;0.0
41;2021-01-06;72;0;107;0;0.0;0.0
41;2021-01-07;21;0;128;0;0.0;0.0
41;2021-01-08;1;0;129;0;0.0;0.0
41;2021-01-09;0;0;129;0;0.0;0.0
41;2021-01-10;0;0;129;0;0.0;0.0
41;2021-01-11;133;0;262;0;0.1;0.0
41;2021-01-12;321;1;583;1;0.2;0.0
41;2021-01-13;270;0;853;1;0.3;0.0
41;2021-01-14;281;1;1134;2;0.3;0.0
41;2021-01-15;213;1;1347;3;0.4;0.0
41;2021-01-16;0;0;1347;3;0.4;0.0
41;2021-01-17;0;0;1347;3;0.4;0.0
41;2021-01-18;397;0;1744;3;0.5;0.0
41;2021-01-19;856;0;2600;3;0.8;0.0
41;2021-01-20;1055;1;3655;4;1.1;0.0
41;2021-01-21;1565;1;5220;5;1.6;0.0
41;2021-01-22;834;0;6054;5;1.8;0.0
41;2021-01-23;92;0;6146;5;1.9;0.0
41;2021-01-24;0;0;6146;5;1.9;0.0
41;2021-01-25;421;1;6567;6;2.0;0.0
41;2021-01-26;471;0;7038;6;2.1;0.0
41;2021-01-27;437;1;7475;7;2.3;0.0
41;2021-01-28;604;56;8079;63;2.5;0.0
41;2021-01-29;258;30;8337;93;2.5;0.0
41;2021-01-30;0;0;8337;93;2.5;0.0
41;2021-01-31;0;0;8337;93;2.5;0.0
41;2021-02-01;349;149;8686;242;2.6;0.1
41;2021-02-02;470;231;9156;473;2.8;0.1
41;2021-02-03;341;202;9497;675;2.9;0.2
41;2021-02-04;559;154;10056;829;3.1;0.3
41;2021-02-05;329;191;10385;1020;3.2;0.3
41;2021-02-06;4;0;10389;1020;3.2;0.3
41;2021-02-07;1;0;10390;1020;3.2;0.3
41;2021-02-08;306;311;10696;1331;3.3;0.4
41;2021-02-09;597;454;11293;1785;3.4;0.5
41;2021-02-10;486;695;11779;2480;3.6;0.8
41;2021-02-11;1064;1152;12843;3632;3.9;1.1
41;2021-02-12;690;352;13533;3984;4.1;1.2
41;2021-02-13;9;5;13542;3989;4.1;1.2
41;2021-02-14;0;27;13542;4016;4.1;1.2
41;2021-02-15;314;306;13856;4322;4.2;1.3
41;2021-02-16;354;565;14210;4887;4.3;1.5
41;2021-02-17;318;460;14528;5347;4.4;1.6
41;2021-02-18;617;317;15145;5664;4.6;1.7
41;2021-02-19;452;334;15597;5998;4.8;1.8
41;2021-02-20;68;58;15665;6056;4.8;1.8
41;2021-02-21;0;0;15665;6056;4.8;1.8
41;2021-02-22;311;437;15976;6493;4.9;2.0
41;2021-02-23;454;361;16430;6854;5.0;2.1
41;2021-02-24;281;450;16711;7304;5.1;2.2
41;2021-02-25;671;457;17382;7761;5.3;2.4
41;2021-02-26;629;250;18011;8011;5.5;2.4
41;2021-02-27;161;3;18172;8014;5.5;2.4
41;2021-02-28;2;31;18174;8045;5.5;2.5
41;2021-03-01;309;344;18483;8389;5.6;2.6
41;2021-03-02;645;448;19128;8837;5.8;2.7
41;2021-03-03;497;438;19625;9275;6.0;2.8
41;2021-03-04;782;831;20407;10106;6.2;3.1
41;2021-03-05;838;668;21245;10774;6.5;3.3
41;2021-03-06;715;16;21960;10790;6.7;3.3
41;2021-03-07;497;13;22457;10803;6.9;3.3
41;2021-03-08;293;376;22750;11179;6.9;3.4
41;2021-03-09;1042;446;23792;11625;7.3;3.5
41;2021-03-10;721;455;24513;12080;7.5;3.7
41;2021-03-11;1181;679;25694;12759;7.8;3.9
41;2021-03-12;1111;407;26805;13166;8.2;4.0
41;2021-03-13;1220;6;28025;13172;8.5;4.0
41;2021-03-14;392;2;28417;13174;8.7;4.0
41;2021-03-15;795;350;29212;13524;8.9;4.1
41;2021-03-16;1057;402;30269;13926;9.2;4.2
41;2021-03-17;587;240;30856;14166;9.4;4.3
41;2021-03-18;925;406;31781;14572;9.7;4.4
41;2021-03-19;910;331;32691;14903;10.0;4.5
41;2021-03-20;539;14;33230;14917;10.1;4.6
41;2021-03-21;1;0;33231;14917;10.1;4.6
41;2021-03-22;808;264;34039;15181;10.4;4.6
41;2021-03-23;1307;490;35346;15671;10.8;4.8
41;2021-03-24;1231;363;36577;16034;11.2;4.9
41;2021-03-25;2026;431;38603;16465;11.8;5.0
41;2021-03-26;1655;319;40258;16784;12.3;5.1
41;2021-03-27;452;55;40710;16839;12.4;5.1
41;2021-03-28;0;0;40710;16839;12.4;5.1
41;2021-03-29;938;303;41648;17142;12.7;5.2
41;2021-03-30;1497;588;43145;17730;13.2;5.4
41;2021-03-31;1146;454;44291;18184;13.5;5.5
41;2021-04-01;2248;547;46539;18731;14.2;5.7
41;2021-04-02;1241;468;47780;19199;14.6;5.9
41;2021-04-03;320;6;48100;19205;14.7;5.9
41;2021-04-04;36;0;48136;19205;14.7;5.9
41;2021-04-05;139;1;48275;19206;14.7;5.9
41;2021-04-06;1297;620;49572;19826;15.1;6.0
41;2021-04-07;1850;692;51422;20518;15.7;6.3
41;2021-04-08;2290;909;53712;21427;16.4;6.5
41;2021-04-09;2565;598;56277;22025;17.2;6.7
41;2021-04-10;950;494;57227;22519;17.5;6.9
41;2021-04-11;275;376;57502;22895;17.5;7.0
41;2021-04-12;1685;635;59187;23530;18.1;7.2
41;2021-04-13;2261;971;61448;24501;18.7;7.5
41;2021-04-14;1792;544;63240;25045;19.3;7.6
41;2021-04-15;2381;964;65621;26009;20.0;7.9
41;2021-04-16;1930;621;67551;26630;20.6;8.1
41;2021-04-17;647;133;68198;26763;20.8;8.2
41;2021-04-18;5;2;68203;26765;20.8;8.2
41;2021-04-19;1263;677;69466;27442;21.2;8.4
41;2021-04-20;2004;1165;71470;28607;21.8;8.7
41;2021-04-21;1501;877;72971;29484;22.3;9.0
41;2021-04-22;2235;1574;75206;31058;22.9;9.5
41;2021-04-23;1730;1066;76936;32124;23.5;9.8
41;2021-04-24;1540;269;78476;32393;23.9;9.9
41;2021-04-25;1006;16;79482;32409;24.2;9.9
41;2021-04-26;1356;625;80838;33034;24.7;10.1
41;2021-04-27;2093;1036;82931;34070;25.3;10.4
41;2021-04-28;1560;850;84491;34920;25.8;10.7
41;2021-04-29;2208;1374;86699;36294;26.4;11.1
41;2021-04-30;1961;851;88660;37145;27.0;11.3
41;2021-05-01;184;11;88844;37156;27.1;11.3
41;2021-05-02;107;17;88951;37173;27.1;11.3
41;2021-05-03;1866;885;90817;38058;27.7;11.6
41;2021-05-04;2093;1537;92910;39595;28.3;12.1
41;2021-05-05;1880;1187;94790;40782;28.9;12.4
41;2021-05-06;2449;1692;97239;42474;29.7;13.0
41;2021-05-07;2016;1792;99255;44266;30.3;13.5
41;2021-05-08;199;152;99454;44418;30.3;13.5
41;2021-05-09;10;354;99464;44772;30.3;13.7
41;2021-05-10;1586;1553;101050;46325;30.8;14.1
41;2021-05-11;2091;2097;103141;48422;31.5;14.8
41;2021-05-12;1954;1669;105095;50091;32.1;15.3
41;2021-05-13;1484;944;106579;51035;32.5;15.6
41;2021-05-14;1575;1304;108154;52339;33.0;16.0
41;2021-05-15;206;294;108360;52633;33.1;16.1
41;2021-05-16;4;0;108364;52633;33.1;16.1
41;2021-05-17;2483;553;110847;53186;33.8;16.2
41;2021-05-18;3138;1028;113985;54214;34.8;16.5
41;2021-05-19;2553;667;116538;54881;35.5;16.7
41;2021-05-20;3347;1151;119885;56032;36.6;17.1
41;2021-05-21;2721;966;122606;56998;37.4;17.4
41;2021-05-22;396;236;123002;57234;37.5;17.5
41;2021-05-23;6;2;123008;57236;37.5;17.5
41;2021-05-24;2604;146;125612;57382;38.3;17.5
41;2021-05-25;2987;574;128599;57956;39.2;17.7
41;2021-05-26;3035;642;131634;58598;40.2;17.9
41;2021-05-27;3295;1106;134929;59704;41.2;18.2
41;2021-05-28;3143;983;138072;60687;42.1;18.5
41;2021-05-29;2075;427;140147;61114;42.7;18.6
41;2021-05-30;341;21;140488;61135;42.9;18.6
41;2021-05-31;1710;1514;142198;62649;43.4;19.1
41;2021-06-01;2256;2008;144454;64657;44.1;19.7
41;2021-06-02;1831;1288;146285;65945;44.6;20.1
41;2021-06-03;2596;1938;148881;67883;45.4;20.7
41;2021-06-04;2306;1963;151187;69846;46.1;21.3
41;2021-06-05;609;1579;151796;71425;46.3;21.8
41;2021-06-06;108;930;151904;72355;46.3;22.1
41;2021-06-07;1514;1533;153418;73888;46.8;22.5
41;2021-06-08;1710;2412;155128;76300;47.3;23.3
41;2021-06-09;1612;1663;156740;77963;47.8;23.8
41;2021-06-10;1913;1818;158653;79781;48.4;24.3
41;2021-06-11;1571;1796;160224;81577;48.9;24.9
41;2021-06-12;661;649;160885;82226;49.1;25.1
41;2021-06-13;12;77;160897;82303;49.1;25.1
41;2021-06-14;1265;1970;162162;84273;49.5;25.7
41;2021-06-15;1827;2767;163989;87040;50.0;26.5
41;2021-06-16;1721;2315;165710;89355;50.5;27.3
41;2021-06-17;1807;2575;167517;91930;51.1;28.0
41;2021-06-18;1659;2410;169176;94340;51.6;28.8
41;2021-06-19;412;533;169588;94873;51.7;28.9
41;2021-06-20;11;32;169599;94905;51.7;28.9
41;2021-06-21;1323;1785;170922;96690;52.1;29.5
41;2021-06-22;1609;2575;172531;99265;52.6;30.3
41;2021-06-23;1373;2044;173904;101309;53.0;30.9
41;2021-06-24;1477;2325;175381;103634;53.5;31.6
41;2021-06-25;1290;2623;176671;106257;53.9;32.4
41;2021-06-26;432;612;177103;106869;54.0;32.6
41;2021-06-27;0;4;177103;106873;54.0;32.6
41;2021-06-28;403;2714;177506;109587;54.1;33.4
41;2021-06-29;656;3450;178162;113037;54.3;34.5
41;2021-06-30;550;3072;178712;116109;54.5;35.4
41;2021-07-01;764;3114;179476;119223;54.7;36.4
41;2021-07-02;587;3505;180063;122728;54.9;37.4
41;2021-07-03;157;647;180220;123375;55.0;37.6
41;2021-07-04;1;2;180221;123377;55.0;37.6
41;2021-07-05;287;2828;180508;126205;55.1;38.5
41;2021-07-06;664;3639;181172;129844;55.3;39.6
41;2021-07-07;477;3136;181649;132980;55.4;40.6
41;2021-07-08;943;3380;182592;136360;55.7;41.6
41;2021-07-09;528;3644;183120;140004;55.9;42.7
41;2021-07-10;244;2085;183364;142089;55.9;43.3
41;2021-07-11;7;281;183371;142370;55.9;43.4
41;2021-07-12;857;2296;184228;144666;56.2;44.1
41;2021-07-13;1187;3279;185415;147945;56.6;45.1
41;2021-07-14;140;1081;185555;149026;56.6;45.5
41;2021-07-15;1289;3313;186844;152339;57.0;46.5
42;2020-12-27;0;0;0;0;0.0;0.0
42;2020-12-28;0;0;0;0;0.0;0.0
42;2020-12-29;0;0;0;0;0.0;0.0
42;2020-12-30;0;0;0;0;0.0;0.0
42;2020-12-31;0;0;0;0;0.0;0.0
42;2021-01-01;0;0;0;0;0.0;0.0
42;2021-01-02;0;0;0;0;0.0;0.0
42;2021-01-03;0;0;0;0;0.0;0.0
42;2021-01-04;0;0;0;0;0.0;0.0
42;2021-01-05;1;0;1;0;0.0;0.0
42;2021-01-06;178;0;179;0;0.0;0.0
42;2021-01-07;254;0;433;0;0.1;0.0
42;2021-01-08;262;1;695;1;0.1;0.0
42;2021-01-09;136;0;831;1;0.1;0.0
42;2021-01-10;0;0;831;1;0.1;0.0
42;2021-01-11;292;2;1123;3;0.1;0.0
42;2021-01-12;412;2;1535;5;0.2;0.0
42;2021-01-13;526;1;2061;6;0.3;0.0
42;2021-01-14;744;4;2805;10;0.4;0.0
42;2021-01-15;704;2;3509;12;0.5;0.0
42;2021-01-16;297;1;3806;13;0.5;0.0
42;2021-01-17;219;0;4025;13;0.5;0.0
42;2021-01-18;967;1;4992;14;0.7;0.0
42;2021-01-19;1323;8;6315;22;0.8;0.0
42;2021-01-20;954;4;7269;26;1.0;0.0
42;2021-01-21;970;4;8239;30;1.1;0.0
42;2021-01-22;990;2;9229;32;1.2;0.0
42;2021-01-23;401;0;9630;32;1.3;0.0
42;2021-01-24;358;0;9988;32;1.3;0.0
42;2021-01-25;1098;9;11086;41;1.4;0.0
42;2021-01-26;1708;19;12794;60;1.7;0.0
42;2021-01-27;1430;122;14224;182;1.9;0.0
42;2021-01-28;1659;138;15883;320;2.1;0.0
42;2021-01-29;943;115;16826;435;2.2;0.1
42;2021-01-30;255;115;17081;550;2.2;0.1
42;2021-01-31;258;1;17339;551;2.3;0.1
42;2021-02-01;726;62;18065;613;2.4;0.1
42;2021-02-02;1741;288;19806;901;2.6;0.1
42;2021-02-03;1502;484;21308;1385;2.8;0.2
42;2021-02-04;1282;608;22590;1993;3.0;0.3
42;2021-02-05;683;525;23273;2518;3.0;0.3
42;2021-02-06;303;147;23576;2665;3.1;0.3
42;2021-02-07;274;152;23850;2817;3.1;0.4
42;2021-02-08;508;627;24358;3444;3.2;0.5
42;2021-02-09;703;798;25061;4242;3.3;0.6
42;2021-02-10;737;689;25798;4931;3.4;0.6
42;2021-02-11;763;672;26561;5603;3.5;0.7
42;2021-02-12;674;746;27235;6349;3.6;0.8
42;2021-02-13;426;298;27661;6647;3.6;0.9
42;2021-02-14;186;229;27847;6876;3.6;0.9
42;2021-02-15;520;816;28367;7692;3.7;1.0
42;2021-02-16;478;1243;28845;8935;3.8;1.2
42;2021-02-17;514;1535;29359;10470;3.8;1.4
42;2021-02-18;754;1373;30113;11843;3.9;1.5
42;2021-02-19;766;1008;30879;12851;4.0;1.7
42;2021-02-20;247;408;31126;13259;4.1;1.7
42;2021-02-21;63;328;31189;13587;4.1;1.8
42;2021-02-22;569;964;31758;14551;4.2;1.9
42;2021-02-23;1196;1412;32954;15963;4.3;2.1
42;2021-02-24;1214;1210;34168;17173;4.5;2.2
42;2021-02-25;1665;1405;35833;18578;4.7;2.4
42;2021-02-26;1640;899;37473;19477;4.9;2.5
42;2021-02-27;580;289;38053;19766;5.0;2.6
42;2021-02-28;167;125;38220;19891;5.0;2.6
42;2021-03-01;814;844;39034;20735;5.1;2.7
42;2021-03-02;1273;805;40307;21540;5.3;2.8
42;2021-03-03;1363;767;41670;22307;5.4;2.9
42;2021-03-04;1703;677;43373;22984;5.7;3.0
42;2021-03-05;2625;627;45998;23611;6.0;3.1
42;2021-03-06;1933;235;47931;23846;6.3;3.1
42;2021-03-07;1492;71;49423;23917;6.5;3.1
42;2021-03-08;1404;496;50827;24413;6.6;3.2
42;2021-03-09;1983;424;52810;24837;6.9;3.2
42;2021-03-10;2053;466;54863;25303;7.2;3.3
42;2021-03-11;3039;566;57902;25869;7.6;3.4
42;2021-03-12;3005;785;60907;26654;8.0;3.5
42;2021-03-13;1477;332;62384;26986;8.2;3.5
42;2021-03-14;471;170;62855;27156;8.2;3.6
42;2021-03-15;1570;582;64425;27738;8.4;3.6
42;2021-03-16;1461;760;65886;28498;8.6;3.7
42;2021-03-17;1714;1038;67600;29536;8.8;3.9
42;2021-03-18;1804;1007;69404;30543;9.1;4.0
42;2021-03-19;2561;648;71965;31191;9.4;4.1
42;2021-03-20;1670;209;73635;31400;9.6;4.1
42;2021-03-21;527;89;74162;31489;9.7;4.1
42;2021-03-22;1427;724;75589;32213;9.9;4.2
42;2021-03-23;2502;815;78091;33028;10.2;4.3
42;2021-03-24;2782;757;80873;33785;10.6;4.4
42;2021-03-25;3719;911;84592;34696;11.1;4.5
42;2021-03-26;3759;747;88351;35443;11.6;4.6
42;2021-03-27;1804;416;90155;35859;11.8;4.7
42;2021-03-28;1040;194;91195;36053;11.9;4.7
42;2021-03-29;2063;903;93258;36956;12.2;4.8
42;2021-03-30;3141;833;96399;37789;12.6;4.9
42;2021-03-31;2439;1026;98838;38815;12.9;5.1
42;2021-04-01;3388;1012;102226;39827;13.4;5.2
42;2021-04-02;2849;1180;105075;41007;13.7;5.4
42;2021-04-03;1414;589;106489;41596;13.9;5.4
42;2021-04-04;1400;373;107889;41969;14.1;5.5
42;2021-04-05;1900;274;109789;42243;14.4;5.5
42;2021-04-06;2292;1378;112081;43621;14.7;5.7
42;2021-04-07;2749;1788;114830;45409;15.0;5.9
42;2021-04-08;4002;1542;118832;46951;15.5;6.1
42;2021-04-09;5116;1473;123948;48424;16.2;6.3
42;2021-04-10;2578;730;126526;49154;16.5;6.4
42;2021-04-11;1953;406;128479;49560;16.8;6.5
42;2021-04-12;3683;1521;132162;51081;17.3;6.7
42;2021-04-13;4648;1761;136810;52842;17.9;6.9
42;2021-04-14;4286;1861;141096;54703;18.5;7.2
42;2021-04-15;4791;1768;145887;56471;19.1;7.4
42;2021-04-16;4613;1837;150500;58308;19.7;7.6
42;2021-04-17;2977;1057;153477;59365;20.1;7.8
42;2021-04-18;1883;408;155360;59773;20.3;7.8
42;2021-04-19;3088;1518;158448;61291;20.7;8.0
42;2021-04-20;3465;1919;161913;63210;21.2;8.3
42;2021-04-21;3467;1729;165380;64939;21.6;8.5
42;2021-04-22;3764;1919;169144;66858;22.1;8.7
42;2021-04-23;3832;1970;172976;68828;22.6;9.0
42;2021-04-24;2356;1489;175332;70317;22.9;9.2
42;2021-04-25;1655;939;176987;71256;23.1;9.3
42;2021-04-26;3274;1709;180261;72965;23.6;9.5
42;2021-04-27;3253;2181;183514;75146;24.0;9.8
42;2021-04-28;3463;2599;186977;77745;24.4;10.2
42;2021-04-29;3771;2781;190748;80526;24.9;10.5
42;2021-04-30;3356;3011;194104;83537;25.4;10.9
42;2021-05-01;2965;1031;197069;84568;25.8;11.1
42;2021-05-02;1932;1247;199001;85815;26.0;11.2
42;2021-05-03;2866;2756;201867;88571;26.4;11.6
42;2021-05-04;3422;3101;205289;91672;26.8;12.0
42;2021-05-05;3321;3375;208610;95047;27.3;12.4
42;2021-05-06;3884;3744;212494;98791;27.8;12.9
42;2021-05-07;3728;4023;216222;102814;28.3;13.4
42;2021-05-08;3163;1048;219385;103862;28.7;13.6
42;2021-05-09;1506;2207;220891;106069;28.9;13.9
42;2021-05-10;3246;3809;224137;109878;29.3;14.4
42;2021-05-11;5574;3894;229711;113772;30.0;14.9
42;2021-05-12;5338;3554;235049;117326;30.7;15.3
42;2021-05-13;5455;1122;240504;118448;31.4;15.5
42;2021-05-14;5245;2912;245749;121360;32.1;15.9
42;2021-05-15;4878;2102;250627;123462;32.8;16.1
42;2021-05-16;2868;1034;253495;124496;33.1;16.3
42;2021-05-17;5883;2830;259378;127326;33.9;16.6
42;2021-05-18;6251;2972;265629;130298;34.7;17.0
42;2021-05-19;6521;2744;272150;133042;35.6;17.4
42;2021-05-20;7107;2879;279257;135921;36.5;17.8
42;2021-05-21;6349;3252;285606;139173;37.3;18.2
42;2021-05-22;5838;2116;291444;141289;38.1;18.5
42;2021-05-23;2830;864;294274;142153;38.5;18.6
42;2021-05-24;5248;1405;299522;143558;39.2;18.8
42;2021-05-25;5151;3939;304673;147497;39.8;19.3
42;2021-05-26;5148;3432;309821;150929;40.5;19.7
42;2021-05-27;5361;3623;315182;154552;41.2;20.2
42;2021-05-28;5037;4188;320219;158740;41.9;20.8
42;2021-05-29;4335;2975;324554;161715;42.4;21.1
42;2021-05-30;1978;1209;326532;162924;42.7;21.3
42;2021-05-31;4236;3421;330768;166345;43.3;21.8
42;2021-06-01;4591;3567;335359;169912;43.9;22.2
42;2021-06-02;4459;2990;339818;172902;44.4;22.6
42;2021-06-03;4920;3828;344738;176730;45.1;23.1
42;2021-06-04;4760;4205;349498;180935;45.7;23.7
42;2021-06-05;3679;2424;353177;183359;46.2;24.0
42;2021-06-06;1439;1292;354616;184651;46.4;24.1
42;2021-06-07;3970;3370;358586;188021;46.9;24.6
42;2021-06-08;3447;3225;362033;191246;47.3;25.0
42;2021-06-09;2942;3190;364975;194436;47.7;25.4
42;2021-06-10;3225;2919;368200;197355;48.1;25.8
42;2021-06-11;3566;4116;371766;201471;48.6;26.3
42;2021-06-12;2838;2870;374604;204341;49.0;26.7
42;2021-06-13;940;1272;375544;205613;49.1;26.9
42;2021-06-14;2297;4065;377841;209678;49.4;27.4
42;2021-06-15;2816;4055;380657;213733;49.8;27.9
42;2021-06-16;2890;3544;383547;217277;50.2;28.4
42;2021-06-17;2628;3745;386175;221022;50.5;28.9
42;2021-06-18;3072;5149;389247;226171;50.9;29.6
42;2021-06-19;2822;4246;392069;230417;51.3;30.1
42;2021-06-20;855;1842;392924;232259;51.4;30.4
42;2021-06-21;1892;6279;394816;238538;51.6;31.2
42;2021-06-22;1858;5910;396674;244448;51.9;32.0
42;2021-06-23;1826;5323;398500;249771;52.1;32.7
42;2021-06-24;1769;4680;400269;254451;52.3;33.3
42;2021-06-25;2012;6958;402281;261409;52.6;34.2
42;2021-06-26;1387;5821;403668;267230;52.8;34.9
42;2021-06-27;754;2858;404422;270088;52.9;35.3
42;2021-06-28;1719;7065;406141;277153;53.1;36.2
42;2021-06-29;1515;6565;407656;283718;53.3;37.1
42;2021-06-30;1937;5765;409593;289483;53.6;37.9
42;2021-07-01;1755;5110;411348;294593;53.8;38.5
42;2021-07-02;2020;6736;413368;301329;54.1;39.4
42;2021-07-03;1737;5966;415105;307295;54.3;40.2
42;2021-07-04;848;2508;415953;309803;54.4;40.5
42;2021-07-05;1697;6285;417650;316088;54.6;41.3
42;2021-07-06;2098;5565;419748;321653;54.9;42.1
42;2021-07-07;2305;4650;422053;326303;55.2;42.7
42;2021-07-08;2257;3946;424310;330249;55.5;43.2
42;2021-07-09;2350;6085;426660;336334;55.8;44.0
42;2021-07-10;1690;5574;428350;341908;56.0;44.7
42;2021-07-11;916;2290;429266;344198;56.1;45.0
42;2021-07-12;1750;6272;431016;350470;56.4;45.8
42;2021-07-13;3573;6263;434589;356733;56.8;46.6
42;2021-07-14;4450;2025;439039;358758;57.4;46.9
42;2021-07-15;4386;5554;443425;364312;58.0;47.6
43;2020-12-27;0;0;0;0;0.0;0.0
43;2020-12-28;0;0;0;0;0.0;0.0
43;2020-12-29;0;0;0;0;0.0;0.0
43;2020-12-30;0;0;0;0;0.0;0.0
43;2020-12-31;0;0;0;0;0.0;0.0
43;2021-01-01;0;0;0;0;0.0;0.0
43;2021-01-02;0;0;0;0;0.0;0.0
43;2021-01-03;0;0;0;0;0.0;0.0
43;2021-01-04;1;0;1;0;0.0;0.0
43;2021-01-05;0;0;1;0;0.0;0.0
43;2021-01-06;0;0;1;0;0.0;0.0
43;2021-01-07;167;0;168;0;0.1;0.0
43;2021-01-08;151;0;319;0;0.1;0.0
43;2021-01-09;0;0;319;0;0.1;0.0
43;2021-01-10;0;0;319;0;0.1;0.0
43;2021-01-11;137;0;456;0;0.2;0.0
43;2021-01-12;244;1;700;1;0.3;0.0
43;2021-01-13;244;1;944;2;0.4;0.0
43;2021-01-14;293;1;1237;3;0.5;0.0
43;2021-01-15;303;2;1540;5;0.7;0.0
43;2021-01-16;32;0;1572;5;0.7;0.0
43;2021-01-17;0;0;1572;5;0.7;0.0
43;2021-01-18;759;5;2331;10;1.0;0.0
43;2021-01-19;776;4;3107;14;1.4;0.0
43;2021-01-20;516;0;3623;14;1.6;0.0
43;2021-01-21;446;1;4069;15;1.8;0.0
43;2021-01-22;465;8;4534;23;2.0;0.0
43;2021-01-23;1;0;4535;23;2.0;0.0
43;2021-01-24;1;0;4536;23;2.0;0.0
43;2021-01-25;539;0;5075;23;2.2;0.0
43;2021-01-26;615;2;5690;25;2.5;0.0
43;2021-01-27;740;0;6430;25;2.8;0.0
43;2021-01-28;747;32;7177;57;3.2;0.0
43;2021-01-29;719;85;7896;142;3.5;0.1
43;2021-01-30;109;0;8005;142;3.5;0.1
43;2021-01-31;0;0;8005;142;3.5;0.1
43;2021-02-01;403;100;8408;242;3.7;0.1
43;2021-02-02;709;151;9117;393;4.0;0.2
43;2021-02-03;691;43;9808;436;4.3;0.2
43;2021-02-04;523;174;10331;610;4.6;0.3
43;2021-02-05;543;172;10874;782;4.8;0.3
43;2021-02-06;163;19;11037;801;4.9;0.4
43;2021-02-07;0;0;11037;801;4.9;0.4
43;2021-02-08;411;302;11448;1103;5.0;0.5
43;2021-02-09;369;440;11817;1543;5.2;0.7
43;2021-02-10;399;361;12216;1904;5.4;0.8
43;2021-02-11;390;394;12606;2298;5.6;1.0
43;2021-02-12;426;200;13032;2498;5.7;1.1
43;2021-02-13;572;24;13604;2522;6.0;1.1
43;2021-02-14;0;0;13604;2522;6.0;1.1
43;2021-02-15;68;480;13672;3002;6.0;1.3
43;2021-02-16;41;374;13713;3376;6.0;1.5
43;2021-02-17;87;483;13800;3859;6.1;1.7
43;2021-02-18;147;380;13947;4239;6.1;1.9
43;2021-02-19;275;505;14222;4744;6.3;2.1
43;2021-02-20;22;4;14244;4748;6.3;2.1
43;2021-02-21;0;0;14244;4748;6.3;2.1
43;2021-02-22;16;504;14260;5252;6.3;2.3
43;2021-02-23;202;797;14462;6049;6.4;2.7
43;2021-02-24;146;714;14608;6763;6.4;3.0
43;2021-02-25;227;681;14835;7444;6.5;3.3
43;2021-02-26;221;683;15056;8127;6.6;3.6
43;2021-02-27;138;74;15194;8201;6.7;3.6
43;2021-02-28;1;0;15195;8201;6.7;3.6
43;2021-03-01;210;478;15405;8679;6.8;3.8
43;2021-03-02;341;577;15746;9256;6.9;4.1
43;2021-03-03;337;611;16083;9867;7.1;4.3
43;2021-03-04;551;457;16634;10324;7.3;4.6
43;2021-03-05;566;447;17200;10771;7.6;4.7
43;2021-03-06;489;175;17689;10946;7.8;4.8
43;2021-03-07;12;0;17701;10946;7.8;4.8
43;2021-03-08;445;435;18146;11381;8.0;5.0
43;2021-03-09;621;344;18767;11725;8.3;5.2
43;2021-03-10;673;483;19440;12208;8.6;5.4
43;2021-03-11;953;433;20393;12641;9.0;5.6
43;2021-03-12;946;413;21339;13054;9.4;5.8
43;2021-03-13;792;106;22131;13160;9.8;5.8
43;2021-03-14;2;0;22133;13160;9.8;5.8
43;2021-03-15;706;136;22839;13296;10.1;5.9
43;2021-03-16;845;272;23684;13568;10.4;6.0
43;2021-03-17;638;126;24322;13694;10.7;6.0
43;2021-03-18;675;125;24997;13819;11.0;6.1
43;2021-03-19;838;94;25835;13913;11.4;6.1
43;2021-03-20;450;59;26285;13972;11.6;6.2
43;2021-03-21;0;0;26285;13972;11.6;6.2
43;2021-03-22;743;26;27028;13998;11.9;6.2
43;2021-03-23;869;29;27897;14027;12.3;6.2
43;2021-03-24;1172;61;29069;14088;12.8;6.2
43;2021-03-25;1593;126;30662;14214;13.5;6.3
43;2021-03-26;1608;163;32270;14377;14.2;6.3
43;2021-03-27;1448;63;33718;14440;14.9;6.4
43;2021-03-28;420;20;34138;14460;15.0;6.4
43;2021-03-29;1093;158;35231;14618;15.5;6.4
43;2021-03-30;1312;231;36543;14849;16.1;6.5
43;2021-03-31;1305;235;37848;15084;16.7;6.6
43;2021-04-01;1345;326;39193;15410;17.3;6.8
43;2021-04-02;1049;337;40242;15747;17.7;6.9
43;2021-04-03;337;192;40579;15939;17.9;7.0
43;2021-04-04;0;0;40579;15939;17.9;7.0
43;2021-04-05;3;0;40582;15939;17.9;7.0
43;2021-04-06;686;600;41268;16539;18.2;7.3
43;2021-04-07;867;567;42135;17106;18.6;7.5
43;2021-04-08;1083;446;43218;17552;19.0;7.7
43;2021-04-09;1148;644;44366;18196;19.6;8.0
43;2021-04-10;623;258;44989;18454;19.8;8.1
43;2021-04-11;0;0;44989;18454;19.8;8.1
43;2021-04-12;681;645;45670;19099;20.1;8.4
43;2021-04-13;918;716;46588;19815;20.5;8.7
43;2021-04-14;722;660;47310;20475;20.9;9.0
43;2021-04-15;958;688;48268;21163;21.3;9.3
43;2021-04-16;1006;679;49274;21842;21.7;9.6
43;2021-04-17;423;298;49697;22140;21.9;9.8
43;2021-04-18;3;5;49700;22145;21.9;9.8
43;2021-04-19;629;558;50329;22703;22.2;10.0
43;2021-04-20;839;661;51168;23364;22.6;10.3
43;2021-04-21;320;986;51488;24350;22.7;10.7
43;2021-04-22;678;1007;52166;25357;23.0;11.2
43;2021-04-23;402;1094;52568;26451;23.2;11.7
43;2021-04-24;347;1033;52915;27484;23.3;12.1
43;2021-04-25;23;403;52938;27887;23.3;12.3
43;2021-04-26;384;967;53322;28854;23.5;12.7
43;2021-04-27;823;987;54145;29841;23.9;13.2
43;2021-04-28;794;1098;54939;30939;24.2;13.6
43;2021-04-29;1235;1132;56174;32071;24.8;14.1
43;2021-04-30;1199;1057;57373;33128;25.3;14.6
43;2021-05-01;400;17;57773;33145;25.5;14.6
43;2021-05-02;0;0;57773;33145;25.5;14.6
43;2021-05-03;1216;394;58989;33539;26.0;14.8
43;2021-05-04;1236;944;60225;34483;26.5;15.2
43;2021-05-05;1144;846;61369;35329;27.0;15.6
43;2021-05-06;1403;935;62772;36264;27.7;16.0
43;2021-05-07;1089;1163;63861;37427;28.1;16.5
43;2021-05-08;517;136;64378;37563;28.4;16.6
43;2021-05-09;0;2;64378;37565;28.4;16.6
43;2021-05-10;1084;717;65462;38282;28.9;16.9
43;2021-05-11;1554;1000;67016;39282;29.5;17.3
43;2021-05-12;1480;806;68496;40088;30.2;17.7
43;2021-05-13;935;378;69431;40466;30.6;17.8
43;2021-05-14;2202;1091;71633;41557;31.6;18.3
43;2021-05-15;1269;317;72902;41874;32.1;18.5
43;2021-05-16;271;47;73173;41921;32.2;18.5
43;2021-05-17;1621;621;74794;42542;33.0;18.7
43;2021-05-18;1965;665;76759;43207;33.8;19.0
43;2021-05-19;2069;567;78828;43774;34.7;19.3
43;2021-05-20;2336;791;81164;44565;35.8;19.6
43;2021-05-21;2380;700;83544;45265;36.8;19.9
43;2021-05-22;1204;336;84748;45601;37.4;20.1
43;2021-05-23;1;0;84749;45601;37.4;20.1
43;2021-05-24;381;100;85130;45701;37.5;20.1
43;2021-05-25;1406;651;86536;46352;38.1;20.4
43;2021-05-26;1349;552;87885;46904;38.7;20.7
43;2021-05-27;1389;710;89274;47614;39.3;21.0
43;2021-05-28;1346;730;90620;48344;39.9;21.3
43;2021-05-29;1135;596;91755;48940;40.4;21.6
43;2021-05-30;149;16;91904;48956;40.5;21.6
43;2021-05-31;1206;443;93110;49399;41.0;21.8
43;2021-06-01;1279;979;94389;50378;41.6;22.2
43;2021-06-02;1084;690;95473;51068;42.1;22.5
43;2021-06-03;1194;855;96667;51923;42.6;22.9
43;2021-06-04;1347;858;98014;52781;43.2;23.3
43;2021-06-05;822;450;98836;53231;43.6;23.5
43;2021-06-06;10;5;98846;53236;43.6;23.5
43;2021-06-07;746;514;99592;53750;43.9;23.7
43;2021-06-08;663;701;100255;54451;44.2;24.0
43;2021-06-09;539;760;100794;55211;44.4;24.3
43;2021-06-10;800;1113;101594;56324;44.8;24.8
43;2021-06-11;757;1345;102351;57669;45.1;25.4
43;2021-06-12;907;514;103258;58183;45.5;25.6
43;2021-06-13;3;27;103261;58210;45.5;25.7
43;2021-06-14;446;1087;103707;59297;45.7;26.1
43;2021-06-15;626;1191;104333;60488;46.0;26.7
43;2021-06-16;548;976;104881;61464;46.2;27.1
43;2021-06-17;595;1497;105476;62961;46.5;27.7
43;2021-06-18;898;1463;106374;64424;46.9;28.4
43;2021-06-19;446;780;106820;65204;47.1;28.7
43;2021-06-20;0;12;106820;65216;47.1;28.7
43;2021-06-21;422;1311;107242;66527;47.3;29.3
43;2021-06-22;530;1962;107772;68489;47.5;30.2
43;2021-06-23;342;1748;108114;70237;47.6;31.0
43;2021-06-24;505;1495;108619;71732;47.9;31.6
43;2021-06-25;591;2348;109210;74080;48.1;32.6
43;2021-06-26;504;1248;109714;75328;48.4;33.2
43;2021-06-27;9;20;109723;75348;48.4;33.2
43;2021-06-28;329;1790;110052;77138;48.5;34.0
43;2021-06-29;517;2381;110569;79519;48.7;35.0
43;2021-06-30;452;2281;111021;81800;48.9;36.1
43;2021-07-01;469;1913;111490;83713;49.1;36.9
43;2021-07-02;495;1961;111985;85674;49.4;37.8
43;2021-07-03;256;1109;112241;86783;49.5;38.2
43;2021-07-04;0;0;112241;86783;49.5;38.2
43;2021-07-05;523;1198;112764;87981;49.7;38.8
43;2021-07-06;629;1678;113393;89659;50.0;39.5
43;2021-07-07;520;1419;113913;91078;50.2;40.1
43;2021-07-08;834;1422;114747;92500;50.6;40.8
43;2021-07-09;544;1497;115291;93997;50.8;41.4
43;2021-07-10;400;1329;115691;95326;51.0;42.0
43;2021-07-11;23;98;115714;95424;51.0;42.1
43;2021-07-12;600;1681;116314;97105;51.3;42.8
43;2021-07-13;1181;1836;117495;98941;51.8;43.6
43;2021-07-14;843;144;118338;99085;52.2;43.7
43;2021-07-15;1900;1800;120238;100885;53.0;44.5
44;2020-12-27;0;0;0;0;0.0;0.0
44;2020-12-28;0;0;0;0;0.0;0.0
44;2020-12-29;0;0;0;0;0.0;0.0
44;2020-12-30;1;0;1;0;0.0;0.0
44;2020-12-31;0;0;1;0;0.0;0.0
44;2021-01-01;0;0;1;0;0.0;0.0
44;2021-01-02;0;0;1;0;0.0;0.0
44;2021-01-03;1;0;2;0;0.0;0.0
44;2021-01-04;0;0;2;0;0.0;0.0
44;2021-01-05;0;0;2;0;0.0;0.0
44;2021-01-06;20;0;22;0;0.0;0.0
44;2021-01-07;186;0;208;0;0.0;0.0
44;2021-01-08;527;1;735;1;0.1;0.0
44;2021-01-09;473;0;1208;1;0.1;0.0
44;2021-01-10;455;1;1663;2;0.1;0.0
44;2021-01-11;801;0;2464;2;0.2;0.0
44;2021-01-12;904;1;3368;3;0.2;0.0
44;2021-01-13;1087;1;4455;4;0.3;0.0
44;2021-01-14;1109;8;5564;12;0.4;0.0
44;2021-01-15;988;1;6552;13;0.5;0.0
44;2021-01-16;334;2;6886;15;0.5;0.0
44;2021-01-17;327;1;7213;16;0.5;0.0
44;2021-01-18;855;3;8068;19;0.6;0.0
44;2021-01-19;2565;2;10633;21;0.7;0.0
44;2021-01-20;2711;4;13344;25;0.9;0.0
44;2021-01-21;4526;2;17870;27;1.2;0.0
44;2021-01-22;2414;4;20284;31;1.4;0.0
44;2021-01-23;762;1;21046;32;1.5;0.0
44;2021-01-24;119;0;21165;32;1.5;0.0
44;2021-01-25;829;0;21994;32;1.5;0.0
44;2021-01-26;2521;17;24515;49;1.7;0.0
44;2021-01-27;2086;61;26601;110;1.9;0.0
44;2021-01-28;3727;191;30328;301;2.1;0.0
44;2021-01-29;2366;492;32694;793;2.3;0.1
44;2021-01-30;627;217;33321;1010;2.3;0.1
44;2021-01-31;14;215;33335;1225;2.3;0.1
44;2021-02-01;591;547;33926;1772;2.4;0.1
44;2021-02-02;877;764;34803;2536;2.4;0.2
44;2021-02-03;889;901;35692;3437;2.5;0.2
44;2021-02-04;932;724;36624;4161;2.5;0.3
44;2021-02-05;893;631;37517;4792;2.6;0.3
44;2021-02-06;462;269;37979;5061;2.6;0.4
44;2021-02-07;72;208;38051;5269;2.6;0.4
44;2021-02-08;522;462;38573;5731;2.7;0.4
44;2021-02-09;945;1255;39518;6986;2.7;0.5
44;2021-02-10;1129;1314;40647;8300;2.8;0.6
44;2021-02-11;2281;3007;42928;11307;3.0;0.8
44;2021-02-12;1662;1734;44590;13041;3.1;0.9
44;2021-02-13;431;517;45021;13558;3.1;0.9
44;2021-02-14;10;180;45031;13738;3.1;1.0
44;2021-02-15;503;1103;45534;14841;3.2;1.0
44;2021-02-16;1441;2570;46975;17411;3.3;1.2
44;2021-02-17;1102;2164;48077;19575;3.3;1.4
44;2021-02-18;1945;3712;50022;23287;3.5;1.6
44;2021-02-19;1579;2541;51601;25828;3.6;1.8
44;2021-02-20;406;650;52007;26478;3.6;1.8
44;2021-02-21;6;178;52013;26656;3.6;1.9
44;2021-02-22;706;837;52719;27493;3.7;1.9
44;2021-02-23;1239;1130;53958;28623;3.8;2.0
44;2021-02-24;1215;1093;55173;29716;3.8;2.1
44;2021-02-25;2431;1081;57604;30797;4.0;2.1
44;2021-02-26;2288;969;59892;31766;4.2;2.2
44;2021-02-27;974;451;60866;32217;4.2;2.2
44;2021-02-28;6;32;60872;32249;4.2;2.2
44;2021-03-01;986;557;61858;32806;4.3;2.3
44;2021-03-02;1797;1050;63655;33856;4.4;2.4
44;2021-03-03;1849;1133;65504;34989;4.6;2.4
44;2021-03-04;2872;1557;68376;36546;4.8;2.5
44;2021-03-05;3473;1319;71849;37865;5.0;2.6
44;2021-03-06;2501;494;74350;38359;5.2;2.7
44;2021-03-07;986;76;75336;38435;5.2;2.7
44;2021-03-08;1784;607;77120;39042;5.4;2.7
44;2021-03-09;3350;1142;80470;40184;5.6;2.8
44;2021-03-10;3076;1102;83546;41286;5.8;2.9
44;2021-03-11;4424;1777;87970;43063;6.1;3.0
44;2021-03-12;5886;1269;93856;44332;6.5;3.1
44;2021-03-13;3622;291;97478;44623;6.8;3.1
44;2021-03-14;426;62;97904;44685;6.8;3.1
44;2021-03-15;2683;351;100587;45036;7.0;3.1
44;2021-03-16;2140;625;102727;45661;7.1;3.2
44;2021-03-17;1958;675;104685;46336;7.3;3.2
44;2021-03-18;2160;629;106845;46965;7.4;3.3
44;2021-03-19;3765;354;110610;47319;7.7;3.3
44;2021-03-20;3208;281;113818;47600;7.9;3.3
44;2021-03-21;908;16;114726;47616;8.0;3.3
44;2021-03-22;2460;430;117186;48046;8.2;3.3
44;2021-03-23;3956;694;121142;48740;8.4;3.4
44;2021-03-24;4300;617;125442;49357;8.7;3.4
44;2021-03-25;5603;910;131045;50267;9.1;3.5
44;2021-03-26;6493;745;137538;51012;9.6;3.5
44;2021-03-27;3210;417;140748;51429;9.8;3.6
44;2021-03-28;1241;34;141989;51463;9.9;3.6
44;2021-03-29;3114;783;145103;52246;10.1;3.6
44;2021-03-30;5126;1098;150229;53344;10.5;3.7
44;2021-03-31;4607;1311;154836;54655;10.8;3.8
44;2021-04-01;6126;979;160962;55634;11.2;3.9
44;2021-04-02;5790;941;166752;56575;11.6;3.9
44;2021-04-03;2434;649;169186;57224;11.8;4.0
44;2021-04-04;665;19;169851;57243;11.8;4.0
44;2021-04-05;685;284;170536;57527;11.9;4.0
44;2021-04-06;4196;1361;174732;58888;12.2;4.1
44;2021-04-07;5066;1636;179798;60524;12.5;4.2
44;2021-04-08;7172;1628;186970;62152;13.0;4.3
44;2021-04-09;10048;1765;197018;63917;13.7;4.4
44;2021-04-10;4554;1433;201572;65350;14.0;4.5
44;2021-04-11;2139;416;203711;65766;14.2;4.6
44;2021-04-12;5456;1575;209167;67341;14.6;4.7
44;2021-04-13;6717;2233;215884;69574;15.0;4.8
44;2021-04-14;5900;2219;221784;71793;15.4;5.0
44;2021-04-15;6699;2189;228483;73982;15.9;5.1
44;2021-04-16;7775;2024;236258;76006;16.4;5.3
44;2021-04-17;4288;1365;240546;77371;16.7;5.4
44;2021-04-18;2252;822;242798;78193;16.9;5.4
44;2021-04-19;5041;1898;247839;80091;17.2;5.6
44;2021-04-20;6268;2638;254107;82729;17.7;5.8
44;2021-04-21;5996;2766;260103;85495;18.1;5.9
44;2021-04-22;6952;2496;267055;87991;18.6;6.1
44;2021-04-23;7313;3138;274368;91129;19.1;6.3
44;2021-04-24;3972;2038;278340;93167;19.4;6.5
44;2021-04-25;2072;1056;280412;94223;19.5;6.6
44;2021-04-26;5637;2753;286049;96976;19.9;6.7
44;2021-04-27;7410;4099;293459;101075;20.4;7.0
44;2021-04-28;7599;3762;301058;104837;20.9;7.3
44;2021-04-29;8959;4245;310017;109082;21.6;7.6
44;2021-04-30;9562;4672;319579;113754;22.2;7.9
44;2021-05-01;2846;923;322425;114677;22.4;8.0
44;2021-05-02;1894;619;324319;115296;22.6;8.0
44;2021-05-03;5541;4069;329860;119365;23.0;8.3
44;2021-05-04;6320;5126;336180;124491;23.4;8.7
44;2021-05-05;6064;4616;342244;129107;23.8;9.0
44;2021-05-06;7241;4874;349485;133981;24.3;9.3
44;2021-05-07;7448;5708;356933;139689;24.8;9.7
44;2021-05-08;2576;1258;359509;140947;25.0;9.8
44;2021-05-09;1798;1813;361307;142760;25.1;9.9
44;2021-05-10;6564;5766;367871;148526;25.6;10.3
44;2021-05-11;7781;6251;375652;154777;26.1;10.8
44;2021-05-12;8177;5711;383829;160488;26.7;11.2
44;2021-05-13;5287;1179;389116;161667;27.1;11.2
44;2021-05-14;7579;3967;396695;165634;27.6;11.5
44;2021-05-15;5000;2227;401695;167861;28.0;11.7
44;2021-05-16;2792;735;404487;168596;28.1;11.7
44;2021-05-17;6738;5151;411225;173747;28.6;12.1
44;2021-05-18;7968;5233;419193;178980;29.2;12.5
44;2021-05-19;8150;4280;427343;183260;29.7;12.8
44;2021-05-20;8358;4640;435701;187900;30.3;13.1
44;2021-05-21;8827;5199;444528;193099;30.9;13.4
44;2021-05-22;5091;2226;449619;195325;31.3;13.6
44;2021-05-23;1759;821;451378;196146;31.4;13.6
44;2021-05-24;4886;1614;456264;197760;31.7;13.8
44;2021-05-25;7736;5525;464000;203285;32.3;14.1
44;2021-05-26;8166;5030;472166;208315;32.9;14.5
44;2021-05-27;9644;5345;481810;213660;33.5;14.9
44;2021-05-28;9173;6901;490983;220561;34.2;15.3
44;2021-05-29;5882;3327;496865;223888;34.6;15.6
44;2021-05-30;1772;695;498637;224583;34.7;15.6
44;2021-05-31;8061;6172;506698;230755;35.3;16.1
44;2021-06-01;9885;6519;516583;237274;35.9;16.5
44;2021-06-02;9493;5671;526076;242945;36.6;16.9
44;2021-06-03;10844;5862;536920;248807;37.4;17.3
44;2021-06-04;9913;8055;546833;256862;38.1;17.9
44;2021-06-05;5762;4336;552595;261198;38.5;18.2
44;2021-06-06;2348;1123;554943;262321;38.6;18.3
44;2021-06-07;9523;6907;564466;269228;39.3;18.7
44;2021-06-08;10838;7463;575304;276691;40.0;19.3
44;2021-06-09;10489;6308;585793;282999;40.8;19.7
44;2021-06-10;11337;6015;597130;289014;41.5;20.1
44;2021-06-11;11871;8625;609001;297639;42.4;20.7
44;2021-06-12;7717;4084;616718;301723;42.9;21.0
44;2021-06-13;2765;1003;619483;302726;43.1;21.1
44;2021-06-14;8633;8396;628116;311122;43.7;21.6
44;2021-06-15;11165;8232;639281;319354;44.5;22.2
44;2021-06-16;10843;7632;650124;326986;45.2;22.8
44;2021-06-17;11625;8652;661749;335638;46.0;23.4
44;2021-06-18;10555;10090;672304;345728;46.8;24.1
44;2021-06-19;5845;4320;678149;350048;47.2;24.4
44;2021-06-20;2516;1334;680665;351382;47.4;24.5
44;2021-06-21;7177;10020;687842;361402;47.9;25.1
44;2021-06-22;8400;10633;696242;372035;48.4;25.9
44;2021-06-23;8471;9131;704713;381166;49.0;26.5
44;2021-06-24;9053;8576;713766;389742;49.7;27.1
44;2021-06-25;7525;10812;721291;400554;50.2;27.9
44;2021-06-26;2940;6475;724231;407029;50.4;28.3
44;2021-06-27;807;2404;725038;409433;50.5;28.5
44;2021-06-28;5149;10070;730187;419503;50.8;29.2
44;2021-06-29;6117;12096;736304;431599;51.2;30.0
44;2021-06-30;6036;10468;742340;442067;51.7;30.8
44;2021-07-01;6771;10498;749111;452565;52.1;31.5
44;2021-07-02;6327;12546;755438;465111;52.6;32.4
44;2021-07-03;2545;7001;757983;472112;52.7;32.9
44;2021-07-04;969;2234;758952;474346;52.8;33.0
44;2021-07-05;5188;11867;764140;486213;53.2;33.8
44;2021-07-06;5860;12599;770000;498812;53.6;34.7
44;2021-07-07;6343;11085;776343;509897;54.0;35.5
44;2021-07-08;7214;11961;783557;521858;54.5;36.3
44;2021-07-09;6021;14254;789578;536112;54.9;37.3
44;2021-07-10;2356;7017;791934;543129;55.1;37.8
44;2021-07-11;718;2260;792652;545389;55.2;37.9
44;2021-07-12;4320;14044;796972;559433;55.5;38.9
44;2021-07-13;5644;14829;802616;574262;55.8;40.0
44;2021-07-14;3599;5796;806215;580058;56.1;40.4
44;2021-07-15;7051;14216;813266;594274;56.6;41.4
45;2020-12-27;0;0;0;0;0.0;0.0
45;2020-12-28;0;0;0;0;0.0;0.0
45;2020-12-29;0;0;0;0;0.0;0.0
45;2020-12-30;0;0;0;0;0.0;0.0
45;2020-12-31;0;0;0;0;0.0;0.0
45;2021-01-01;0;0;0;0;0.0;0.0
45;2021-01-02;0;0;0;0;0.0;0.0
45;2021-01-03;0;0;0;0;0.0;0.0
45;2021-01-04;0;0;0;0;0.0;0.0
45;2021-01-05;76;0;76;0;0.0;0.0
45;2021-01-06;69;0;145;0;0.0;0.0
45;2021-01-07;173;0;318;0;0.0;0.0
45;2021-01-08;199;1;517;1;0.1;0.0
45;2021-01-09;42;0;559;1;0.1;0.0
45;2021-01-10;23;0;582;1;0.1;0.0
45;2021-01-11;254;0;836;1;0.1;0.0
45;2021-01-12;679;2;1515;3;0.2;0.0
45;2021-01-13;496;1;2011;4;0.3;0.0
45;2021-01-14;482;37;2493;41;0.4;0.0
45;2021-01-15;391;3;2884;44;0.4;0.0
45;2021-01-16;39;0;2923;44;0.4;0.0
45;2021-01-17;24;0;2947;44;0.4;0.0
45;2021-01-18;814;1;3761;45;0.6;0.0
45;2021-01-19;1196;5;4957;50;0.7;0.0
45;2021-01-20;2106;5;7063;55;1.0;0.0
45;2021-01-21;2522;3;9585;58;1.4;0.0
45;2021-01-22;1409;2;10994;60;1.6;0.0
45;2021-01-23;120;0;11114;60;1.6;0.0
45;2021-01-24;39;0;11153;60;1.6;0.0
45;2021-01-25;555;3;11708;63;1.7;0.0
45;2021-01-26;847;18;12555;81;1.8;0.0
45;2021-01-27;648;45;13203;126;1.9;0.0
45;2021-01-28;882;220;14085;346;2.1;0.1
45;2021-01-29;576;125;14661;471;2.1;0.1
45;2021-01-30;40;41;14701;512;2.2;0.1
45;2021-01-31;37;23;14738;535;2.2;0.1
45;2021-02-01;460;211;15198;746;2.2;0.1
45;2021-02-02;757;470;15955;1216;2.3;0.2
45;2021-02-03;770;480;16725;1696;2.4;0.2
45;2021-02-04;699;265;17424;1961;2.6;0.3
45;2021-02-05;416;150;17840;2111;2.6;0.3
45;2021-02-06;36;28;17876;2139;2.6;0.3
45;2021-02-07;5;31;17881;2170;2.6;0.3
45;2021-02-08;455;193;18336;2363;2.7;0.3
45;2021-02-09;1003;405;19339;2768;2.8;0.4
45;2021-02-10;1275;789;20614;3557;3.0;0.5
45;2021-02-11;1381;1523;21995;5080;3.2;0.7
45;2021-02-12;1050;1140;23045;6220;3.4;0.9
45;2021-02-13;85;158;23130;6378;3.4;0.9
45;2021-02-14;39;11;23169;6389;3.4;0.9
45;2021-02-15;523;611;23692;7000;3.5;1.0
45;2021-02-16;755;936;24447;7936;3.6;1.2
45;2021-02-17;640;1049;25087;8985;3.7;1.3
45;2021-02-18;841;856;25928;9841;3.8;1.4
45;2021-02-19;823;761;26751;10602;3.9;1.6
45;2021-02-20;58;94;26809;10696;3.9;1.6
45;2021-02-21;17;46;26826;10742;3.9;1.6
45;2021-02-22;404;628;27230;11370;4.0;1.7
45;2021-02-23;814;808;28044;12178;4.1;1.8
45;2021-02-24;645;928;28689;13106;4.2;1.9
45;2021-02-25;962;807;29651;13913;4.3;2.0
45;2021-02-26;1043;694;30694;14607;4.5;2.1
45;2021-02-27;290;52;30984;14659;4.5;2.1
45;2021-02-28;28;5;31012;14664;4.5;2.1
45;2021-03-01;529;334;31541;14998;4.6;2.2
45;2021-03-02;668;728;32209;15726;4.7;2.3
45;2021-03-03;981;892;33190;16618;4.9;2.4
45;2021-03-04;1104;976;34294;17594;5.0;2.6
45;2021-03-05;1434;856;35728;18450;5.2;2.7
45;2021-03-06;2022;115;37750;18565;5.5;2.7
45;2021-03-07;143;59;37893;18624;5.5;2.7
45;2021-03-08;749;849;38642;19473;5.7;2.9
45;2021-03-09;1253;708;39895;20181;5.8;3.0
45;2021-03-10;1593;892;41488;21073;6.1;3.1
45;2021-03-11;1717;747;43205;21820;6.3;3.2
45;2021-03-12;2067;597;45272;22417;6.6;3.3
45;2021-03-13;985;45;46257;22462;6.8;3.3
45;2021-03-14;24;43;46281;22505;6.8;3.3
45;2021-03-15;809;601;47090;23106;6.9;3.4
45;2021-03-16;939;831;48029;23937;7.0;3.5
45;2021-03-17;1048;670;49077;24607;7.2;3.6
45;2021-03-18;995;576;50072;25183;7.3;3.7
45;2021-03-19;1614;423;51686;25606;7.6;3.7
45;2021-03-20;495;81;52181;25687;7.6;3.8
45;2021-03-21;19;35;52200;25722;7.6;3.8
45;2021-03-22;908;530;53108;26252;7.8;3.8
45;2021-03-23;1980;720;55088;26972;8.1;3.9
45;2021-03-24;1894;540;56982;27512;8.3;4.0
45;2021-03-25;2977;442;59959;27954;8.8;4.1
45;2021-03-26;3385;460;63344;28414;9.3;4.2
45;2021-03-27;1792;109;65136;28523;9.5;4.2
45;2021-03-28;89;40;65225;28563;9.6;4.2
45;2021-03-29;1526;525;66751;29088;9.8;4.3
45;2021-03-30;2779;795;69530;29883;10.2;4.4
45;2021-03-31;2130;574;71660;30457;10.5;4.5
45;2021-04-01;2970;561;74630;31018;10.9;4.5
45;2021-04-02;2817;498;77447;31516;11.3;4.6
45;2021-04-03;808;70;78255;31586;11.5;4.6
45;2021-04-04;111;33;78366;31619;11.5;4.6
45;2021-04-05;9;2;78375;31621;11.5;4.6
45;2021-04-06;1731;784;80106;32405;11.7;4.7
45;2021-04-07;1773;1128;81879;33533;12.0;4.9
45;2021-04-08;2768;1026;84647;34559;12.4;5.1
45;2021-04-09;3672;630;88319;35189;12.9;5.2
45;2021-04-10;2319;102;90638;35291;13.3;5.2
45;2021-04-11;153;24;90791;35315;13.3;5.2
45;2021-04-12;2601;653;93392;35968;13.7;5.3
45;2021-04-13;3840;1069;97232;37037;14.2;5.4
45;2021-04-14;2926;1210;100158;38247;14.7;5.6
45;2021-04-15;3517;1019;103675;39266;15.2;5.7
45;2021-04-16;3771;679;107446;39945;15.7;5.8
45;2021-04-17;1612;103;109058;40048;16.0;5.9
45;2021-04-18;199;36;109257;40084;16.0;5.9
45;2021-04-19;1935;941;111192;41025;16.3;6.0
45;2021-04-20;3067;1686;114259;42711;16.7;6.3
45;2021-04-21;2714;1295;116973;44006;17.1;6.4
45;2021-04-22;3420;1833;120393;45839;17.6;6.7
45;2021-04-23;3266;1786;123659;47625;18.1;7.0
45;2021-04-24;2020;864;125679;48489;18.4;7.1
45;2021-04-25;289;86;125968;48575;18.4;7.1
45;2021-04-26;2224;1161;128192;49736;18.8;7.3
45;2021-04-27;3346;2345;131538;52081;19.3;7.6
45;2021-04-28;2798;1938;134336;54019;19.7;7.9
45;2021-04-29;3823;2322;138159;56341;20.2;8.3
45;2021-04-30;4378;1796;142537;58137;20.9;8.5
45;2021-05-01;450;60;142987;58197;20.9;8.5
45;2021-05-02;626;118;143613;58315;21.0;8.5
45;2021-05-03;2810;981;146423;59296;21.4;8.7
45;2021-05-04;3141;2337;149564;61633;21.9;9.0
45;2021-05-05;2696;2157;152260;63790;22.3;9.3
45;2021-05-06;3318;2524;155578;66314;22.8;9.7
45;2021-05-07;2862;3197;158440;69511;23.2;10.2
45;2021-05-08;604;243;159044;69754;23.3;10.2
45;2021-05-09;1497;120;160541;69874;23.5;10.2
45;2021-05-10;4133;2962;164674;72836;24.1;10.7
45;2021-05-11;5000;2953;169674;75789;24.8;11.1
45;2021-05-12;6048;2764;175722;78553;25.7;11.5
45;2021-05-13;2432;593;178154;79146;26.1;11.6
45;2021-05-14;4962;1619;183116;80765;26.8;11.8
45;2021-05-15;4063;599;187179;81364;27.4;11.9
45;2021-05-16;283;31;187462;81395;27.5;11.9
45;2021-05-17;3345;1532;190807;82927;27.9;12.1
45;2021-05-18;5090;1673;195897;84600;28.7;12.4
45;2021-05-19;4454;2049;200351;86649;29.3;12.7
45;2021-05-20;5233;2124;205584;88773;30.1;13.0
45;2021-05-21;5131;2208;210715;90981;30.9;13.3
45;2021-05-22;3032;628;213747;91609;31.3;13.4
45;2021-05-23;15;94;213762;91703;31.3;13.4
45;2021-05-24;2822;201;216584;91904;31.7;13.5
45;2021-05-25;4950;3026;221534;94930;32.4;13.9
45;2021-05-26;5079;2306;226613;97236;33.2;14.2
45;2021-05-27;5294;3185;231907;100421;34.0;14.7
45;2021-05-28;5641;3526;237548;103947;34.8;15.2
45;2021-05-29;3666;1280;241214;105227;35.3;15.4
45;2021-05-30;33;182;241247;105409;35.3;15.4
45;2021-05-31;4322;2503;245569;107912;36.0;15.8
45;2021-06-01;6076;2988;251645;110900;36.9;16.2
45;2021-06-02;4929;3058;256574;113958;37.6;16.7
45;2021-06-03;5613;3191;262187;117149;38.4;17.2
45;2021-06-04;5880;3171;268067;120320;39.3;17.6
45;2021-06-05;2025;1336;270092;121656;39.6;17.8
45;2021-06-06;84;198;270176;121854;39.6;17.8
45;2021-06-07;4079;2723;274255;124577;40.2;18.2
45;2021-06-08;4607;4043;278862;128620;40.8;18.8
45;2021-06-09;4335;3323;283197;131943;41.5;19.3
45;2021-06-10;4608;2665;287805;134608;42.1;19.7
45;2021-06-11;4088;3664;291893;138272;42.7;20.2
45;2021-06-12;2427;1502;294320;139774;43.1;20.5
45;2021-06-13;19;424;294339;140198;43.1;20.5
45;2021-06-14;3112;4147;297451;144345;43.6;21.1
45;2021-06-15;3378;4324;300829;148669;44.1;21.8
45;2021-06-16;3880;3448;304709;152117;44.6;22.3
45;2021-06-17;3512;3544;308221;155661;45.1;22.8
45;2021-06-18;3785;5031;312006;160692;45.7;23.5
45;2021-06-19;2387;1763;314393;162455;46.0;23.8
45;2021-06-20;44;140;314437;162595;46.0;23.8
45;2021-06-21;2129;5864;316566;168459;46.4;24.7
45;2021-06-22;2404;6540;318970;174999;46.7;25.6
45;2021-06-23;2263;5607;321233;180606;47.0;26.4
45;2021-06-24;2122;3525;323355;184131;47.4;27.0
45;2021-06-25;2424;6455;325779;190586;47.7;27.9
45;2021-06-26;1924;3092;327703;193678;48.0;28.4
45;2021-06-27;49;139;327752;193817;48.0;28.4
45;2021-06-28;2065;4845;329817;198662;48.3;29.1
45;2021-06-29;2801;6834;332618;205496;48.7;30.1
45;2021-06-30;2848;5852;335466;211348;49.1;30.9
45;2021-07-01;2362;5029;337828;216377;49.5;31.7
45;2021-07-02;2345;6277;340173;222654;49.8;32.6
45;2021-07-03;747;2540;340920;225194;49.9;33.0
45;2021-07-04;4;10;340924;225204;49.9;33.0
45;2021-07-05;2129;4981;343053;230185;50.2;33.7
45;2021-07-06;2788;6779;345841;236964;50.6;34.7
45;2021-07-07;2423;6070;348264;243034;51.0;35.6
45;2021-07-08;2806;5389;351070;248423;51.4;36.4
45;2021-07-09;2134;6985;353204;255408;51.7;37.4
45;2021-07-10;1536;3855;354740;259263;51.9;38.0
45;2021-07-11;23;31;354763;259294;52.0;38.0
45;2021-07-12;1581;5994;356344;265288;52.2;38.8
45;2021-07-13;2945;8221;359289;273509;52.6;40.1
45;2021-07-14;1471;1505;360760;275014;52.8;40.3
45;2021-07-15;3699;7263;364459;282277;53.4;41.3
46;2020-12-27;0;0;0;0;0.0;0.0
46;2020-12-28;0;0;0;0;0.0;0.0
46;2020-12-29;0;0;0;0;0.0;0.0
46;2020-12-30;0;0;0;0;0.0;0.0
46;2020-12-31;0;0;0;0;0.0;0.0
46;2021-01-01;0;0;0;0;0.0;0.0
46;2021-01-02;0;0;0;0;0.0;0.0
46;2021-01-03;1;0;1;0;0.0;0.0
46;2021-01-04;0;0;1;0;0.0;0.0
46;2021-01-05;0;0;1;0;0.0;0.0
46;2021-01-06;3;0;4;0;0.0;0.0
46;2021-01-07;135;0;139;0;0.1;0.0
46;2021-01-08;180;0;319;0;0.2;0.0
46;2021-01-09;1;0;320;0;0.2;0.0
46;2021-01-10;1;0;321;0;0.2;0.0
46;2021-01-11;117;0;438;0;0.3;0.0
46;2021-01-12;140;0;578;0;0.3;0.0
46;2021-01-13;234;1;812;1;0.5;0.0
46;2021-01-14;235;2;1047;3;0.6;0.0
46;2021-01-15;304;2;1351;5;0.8;0.0
46;2021-01-16;16;0;1367;5;0.8;0.0
46;2021-01-17;0;0;1367;5;0.8;0.0
46;2021-01-18;267;2;1634;7;0.9;0.0
46;2021-01-19;386;0;2020;7;1.2;0.0
46;2021-01-20;930;0;2950;7;1.7;0.0
46;2021-01-21;994;0;3944;7;2.3;0.0
46;2021-01-22;390;2;4334;9;2.5;0.0
46;2021-01-23;0;0;4334;9;2.5;0.0
46;2021-01-24;0;0;4334;9;2.5;0.0
46;2021-01-25;203;1;4537;10;2.6;0.0
46;2021-01-26;262;1;4799;11;2.8;0.0
46;2021-01-27;276;0;5075;11;2.9;0.0
46;2021-01-28;278;43;5353;54;3.1;0.0
46;2021-01-29;233;93;5586;147;3.2;0.1
46;2021-01-30;0;0;5586;147;3.2;0.1
46;2021-01-31;0;0;5586;147;3.2;0.1
46;2021-02-01;233;175;5819;322;3.4;0.2
46;2021-02-02;209;238;6028;560;3.5;0.3
46;2021-02-03;222;95;6250;655;3.6;0.4
46;2021-02-04;372;87;6622;742;3.8;0.4
46;2021-02-05;225;179;6847;921;4.0;0.5
46;2021-02-06;7;0;6854;921;4.0;0.5
46;2021-02-07;42;0;6896;921;4.0;0.5
46;2021-02-08;190;155;7086;1076;4.1;0.6
46;2021-02-09;269;230;7355;1306;4.2;0.8
46;2021-02-10;277;541;7632;1847;4.4;1.1
46;2021-02-11;650;558;8282;2405;4.8;1.4
46;2021-02-12;318;340;8600;2745;5.0;1.6
46;2021-02-13;0;0;8600;2745;5.0;1.6
46;2021-02-14;0;62;8600;2807;5.0;1.6
46;2021-02-15;195;297;8795;3104;5.1;1.8
46;2021-02-16;214;282;9009;3386;5.2;2.0
46;2021-02-17;194;327;9203;3713;5.3;2.1
46;2021-02-18;336;270;9539;3983;5.5;2.3
46;2021-02-19;277;233;9816;4216;5.7;2.4
46;2021-02-20;0;0;9816;4216;5.7;2.4
46;2021-02-21;0;0;9816;4216;5.7;2.4
46;2021-02-22;131;191;9947;4407;5.7;2.5
46;2021-02-23;225;168;10172;4575;5.9;2.6
46;2021-02-24;179;325;10351;4900;6.0;2.8
46;2021-02-25;241;342;10592;5242;6.1;3.0
46;2021-02-26;400;346;10992;5588;6.3;3.2
46;2021-02-27;120;0;11112;5588;6.4;3.2
46;2021-02-28;0;3;11112;5591;6.4;3.2
46;2021-03-01;168;180;11280;5771;6.5;3.3
46;2021-03-02;405;233;11685;6004;6.7;3.5
46;2021-03-03;456;330;12141;6334;7.0;3.7
46;2021-03-04;603;445;12744;6779;7.4;3.9
46;2021-03-05;808;363;13552;7142;7.8;4.1
46;2021-03-06;471;17;14023;7159;8.1;4.1
46;2021-03-07;101;19;14124;7178;8.2;4.1
46;2021-03-08;347;248;14471;7426;8.4;4.3
46;2021-03-09;743;270;15214;7696;8.8;4.4
46;2021-03-10;685;248;15899;7944;9.2;4.6
46;2021-03-11;843;252;16742;8196;9.7;4.7
46;2021-03-12;922;229;17664;8425;10.2;4.9
46;2021-03-13;512;3;18176;8428;10.5;4.9
46;2021-03-14;0;0;18176;8428;10.5;4.9
46;2021-03-15;495;166;18671;8594;10.8;5.0
46;2021-03-16;751;175;19422;8769;11.2;5.1
46;2021-03-17;670;202;20092;8971;11.6;5.2
46;2021-03-18;746;216;20838;9187;12.0;5.3
46;2021-03-19;805;150;21643;9337;12.5;5.4
46;2021-03-20;285;2;21928;9339;12.7;5.4
46;2021-03-21;1;0;21929;9339;12.7;5.4
46;2021-03-22;549;239;22478;9578;13.0;5.5
46;2021-03-23;699;213;23177;9791;13.4;5.7
46;2021-03-24;673;240;23850;10031;13.8;5.8
46;2021-03-25;1132;177;24982;10208;14.4;5.9
46;2021-03-26;1026;335;26008;10543;15.0;6.1
46;2021-03-27;420;71;26428;10614;15.3;6.1
46;2021-03-28;126;1;26554;10615;15.3;6.1
46;2021-03-29;730;251;27284;10866;15.8;6.3
46;2021-03-30;768;361;28052;11227;16.2;6.5
46;2021-03-31;857;420;28909;11647;16.7;6.7
46;2021-04-01;1164;342;30073;11989;17.4;6.9
46;2021-04-02;925;393;30998;12382;17.9;7.2
46;2021-04-03;168;166;31166;12548;18.0;7.2
46;2021-04-04;0;71;31166;12619;18.0;7.3
46;2021-04-05;1;0;31167;12619;18.0;7.3
46;2021-04-06;543;520;31710;13139;18.3;7.6
46;2021-04-07;782;642;32492;13781;18.8;8.0
46;2021-04-08;960;543;33452;14324;19.3;8.3
46;2021-04-09;1015;501;34467;14825;19.9;8.6
46;2021-04-10;497;208;34964;15033;20.2;8.7
46;2021-04-11;232;1;35196;15034;20.3;8.7
46;2021-04-12;843;546;36039;15580;20.8;9.0
46;2021-04-13;1184;714;37223;16294;21.5;9.4
46;2021-04-14;1529;613;38752;16907;22.4;9.8
46;2021-04-15;1493;662;40245;17569;23.2;10.1
46;2021-04-16;1572;560;41817;18129;24.1;10.5
46;2021-04-17;988;132;42805;18261;24.7;10.5
46;2021-04-18;512;7;43317;18268;25.0;10.5
46;2021-04-19;1066;570;44383;18838;25.6;10.9
46;2021-04-20;1221;724;45604;19562;26.3;11.3
46;2021-04-21;1228;711;46832;20273;27.0;11.7
46;2021-04-22;1383;724;48215;20997;27.8;12.1
46;2021-04-23;1130;726;49345;21723;28.5;12.5
46;2021-04-24;471;17;49816;21740;28.8;12.6
46;2021-04-25;351;9;50167;21749;29.0;12.6
46;2021-04-26;855;729;51022;22478;29.5;13.0
46;2021-04-27;1216;662;52238;23140;30.2;13.4
46;2021-04-28;1288;666;53526;23806;30.9;13.7
46;2021-04-29;1412;521;54938;24327;31.7;14.0
46;2021-04-30;1432;554;56370;24881;32.6;14.4
46;2021-05-01;696;66;57066;24947;33.0;14.4
46;2021-05-02;346;3;57412;24950;33.2;14.4
46;2021-05-03;854;566;58266;25516;33.6;14.7
46;2021-05-04;1036;1055;59302;26571;34.2;15.3
46;2021-05-05;1374;783;60676;27354;35.0;15.8
46;2021-05-06;1376;741;62052;28095;35.8;16.2
46;2021-05-07;1392;789;63444;28884;36.6;16.7
46;2021-05-08;283;414;63727;29298;36.8;16.9
46;2021-05-09;23;225;63750;29523;36.8;17.0
46;2021-05-10;518;1139;64268;30662;37.1;17.7
46;2021-05-11;1037;1258;65305;31920;37.7;18.4
46;2021-05-12;994;1554;66299;33474;38.3;19.3
46;2021-05-13;599;143;66898;33617;38.6;19.4
46;2021-05-14;963;1094;67861;34711;39.2;20.0
46;2021-05-15;257;652;68118;35363;39.3;20.4
46;2021-05-16;78;298;68196;35661;39.4;20.6
46;2021-05-17;652;956;68848;36617;39.8;21.1
46;2021-05-18;1403;1019;70251;37636;40.6;21.7
46;2021-05-19;1305;896;71556;38532;41.3;22.3
46;2021-05-20;1451;808;73007;39340;42.2;22.7
46;2021-05-21;997;1157;74004;40497;42.7;23.4
46;2021-05-22;145;368;74149;40865;42.8;23.6
46;2021-05-23;448;24;74597;40889;43.1;23.6
46;2021-05-24;409;112;75006;41001;43.3;23.7
46;2021-05-25;962;1329;75968;42330;43.9;24.4
46;2021-05-26;1233;1149;77201;43479;44.6;25.1
46;2021-05-27;1434;1187;78635;44666;45.4;25.8
46;2021-05-28;1436;1204;80071;45870;46.2;26.5
46;2021-05-29;1051;398;81122;46268;46.8;26.7
46;2021-05-30;407;39;81529;46307;47.1;26.7
46;2021-05-31;968;973;82497;47280;47.6;27.3
46;2021-06-01;1277;996;83774;48276;48.4;27.9
46;2021-06-02;1315;1113;85089;49389;49.1;28.5
46;2021-06-03;1410;1006;86499;50395;50.0;29.1
46;2021-06-04;1328;969;87827;51364;50.7;29.7
46;2021-06-05;378;413;88205;51777;50.9;29.9
46;2021-06-06;204;93;88409;51870;51.1;30.0
46;2021-06-07;811;619;89220;52489;51.5;30.3
46;2021-06-08;1004;892;90224;53381;52.1;30.8
46;2021-06-09;1499;972;91723;54353;53.0;31.4
46;2021-06-10;967;847;92690;55200;53.5;31.9
46;2021-06-11;967;1324;93657;56524;54.1;32.6
46;2021-06-12;457;550;94114;57074;54.3;33.0
46;2021-06-13;27;86;94141;57160;54.4;33.0
46;2021-06-14;589;1138;94730;58298;54.7;33.7
46;2021-06-15;744;1245;95474;59543;55.1;34.4
46;2021-06-16;995;1115;96469;60658;55.7;35.0
46;2021-06-17;521;895;96990;61553;56.0;35.5
46;2021-06-18;649;1252;97639;62805;56.4;36.3
46;2021-06-19;448;313;98087;63118;56.6;36.4
46;2021-06-20;38;161;98125;63279;56.7;36.5
46;2021-06-21;426;945;98551;64224;56.9;37.1
46;2021-06-22;344;1178;98895;65402;57.1;37.8
46;2021-06-23;510;1077;99405;66479;57.4;38.4
46;2021-06-24;248;822;99653;67301;57.5;38.9
46;2021-06-25;490;1120;100143;68421;57.8;39.5
46;2021-06-26;392;550;100535;68971;58.1;39.8
46;2021-06-27;1;4;100536;68975;58.1;39.8
46;2021-06-28;309;1340;100845;70315;58.2;40.6
46;2021-06-29;372;1688;101217;72003;58.5;41.6
46;2021-06-30;503;1582;101720;73585;58.7;42.5
46;2021-07-01;301;1154;102021;74739;58.9;43.2
46;2021-07-02;442;1080;102463;75819;59.2;43.8
46;2021-07-03;117;456;102580;76275;59.2;44.0
46;2021-07-04;54;127;102634;76402;59.3;44.1
46;2021-07-05;339;1189;102973;77591;59.5;44.8
46;2021-07-06;365;1460;103338;79051;59.7;45.7
46;2021-07-07;571;1720;103909;80771;60.0;46.6
46;2021-07-08;340;1167;104249;81938;60.2;47.3
46;2021-07-09;394;1703;104643;83641;60.4;48.3
46;2021-07-10;281;1043;104924;84684;60.6;48.9
46;2021-07-11;15;375;104939;85059;60.6;49.1
46;2021-07-12;245;1262;105184;86321;60.7;49.8
46;2021-07-13;622;1675;105806;87996;61.1;50.8
46;2021-07-14;62;144;105868;88140;61.1;50.9
46;2021-07-15;879;1464;106747;89604;61.6;51.7
47;2020-12-27;0;0;0;0;0.0;0.0
47;2020-12-28;0;0;0;0;0.0;0.0
47;2020-12-29;0;0;0;0;0.0;0.0
47;2020-12-30;0;0;0;0;0.0;0.0
47;2020-12-31;0;0;0;0;0.0;0.0
47;2021-01-01;4;0;4;0;0.0;0.0
47;2021-01-02;0;0;4;0;0.0;0.0
47;2021-01-03;0;0;4;0;0.0;0.0
47;2021-01-04;0;0;4;0;0.0;0.0
47;2021-01-05;0;0;4;0;0.0;0.0
47;2021-01-06;0;0;4;0;0.0;0.0
47;2021-01-07;71;1;75;1;0.0;0.0
47;2021-01-08;314;0;389;1;0.1;0.0
47;2021-01-09;113;0;502;1;0.2;0.0
47;2021-01-10;0;0;502;1;0.2;0.0
47;2021-01-11;249;0;751;1;0.2;0.0
47;2021-01-12;325;0;1076;1;0.3;0.0
47;2021-01-13;349;0;1425;1;0.4;0.0
47;2021-01-14;363;4;1788;5;0.5;0.0
47;2021-01-15;283;1;2071;6;0.6;0.0
47;2021-01-16;176;4;2247;10;0.7;0.0
47;2021-01-17;0;0;2247;10;0.7;0.0
47;2021-01-18;481;1;2728;11;0.8;0.0
47;2021-01-19;465;2;3193;13;1.0;0.0
47;2021-01-20;509;0;3702;13;1.1;0.0
47;2021-01-21;584;0;4286;13;1.3;0.0
47;2021-01-22;462;0;4748;13;1.4;0.0
47;2021-01-23;388;1;5136;14;1.6;0.0
47;2021-01-24;0;0;5136;14;1.6;0.0
47;2021-01-25;425;0;5561;14;1.7;0.0
47;2021-01-26;788;4;6349;18;1.9;0.0
47;2021-01-27;730;0;7079;18;2.1;0.0
47;2021-01-28;574;68;7653;86;2.3;0.0
47;2021-01-29;461;169;8114;255;2.5;0.1
47;2021-01-30;301;39;8415;294;2.5;0.1
47;2021-01-31;0;0;8415;294;2.5;0.1
47;2021-02-01;375;116;8790;410;2.7;0.1
47;2021-02-02;755;316;9545;726;2.9;0.2
47;2021-02-03;424;163;9969;889;3.0;0.3
47;2021-02-04;370;317;10339;1206;3.1;0.4
47;2021-02-05;299;311;10638;1517;3.2;0.5
47;2021-02-06;293;99;10931;1616;3.3;0.5
47;2021-02-07;0;0;10931;1616;3.3;0.5
47;2021-02-08;184;287;11115;1903;3.4;0.6
47;2021-02-09;232;260;11347;2163;3.4;0.7
47;2021-02-10;255;245;11602;2408;3.5;0.7
47;2021-02-11;356;378;11958;2786;3.6;0.8
47;2021-02-12;242;417;12200;3203;3.7;1.0
47;2021-02-13;225;111;12425;3314;3.8;1.0
47;2021-02-14;0;0;12425;3314;3.8;1.0
47;2021-02-15;195;384;12620;3698;3.8;1.1
47;2021-02-16;303;590;12923;4288;3.9;1.3
47;2021-02-17;325;454;13248;4742;4.0;1.4
47;2021-02-18;200;599;13448;5341;4.1;1.6
47;2021-02-19;194;369;13642;5710;4.1;1.7
47;2021-02-20;118;268;13760;5978;4.2;1.8
47;2021-02-21;0;0;13760;5978;4.2;1.8
47;2021-02-22;75;408;13835;6386;4.2;1.9
47;2021-02-23;150;650;13985;7036;4.2;2.1
47;2021-02-24;260;561;14245;7597;4.3;2.3
47;2021-02-25;305;413;14550;8010;4.4;2.4
47;2021-02-26;469;323;15019;8333;4.5;2.5
47;2021-02-27;324;213;15343;8546;4.6;2.6
47;2021-02-28;0;0;15343;8546;4.6;2.6
47;2021-03-01;124;397;15467;8943;4.7;2.7
47;2021-03-02;200;367;15667;9310;4.7;2.8
47;2021-03-03;244;349;15911;9659;4.8;2.9
47;2021-03-04;588;327;16499;9986;5.0;3.0
47;2021-03-05;843;288;17342;10274;5.2;3.1
47;2021-03-06;504;193;17846;10467;5.4;3.2
47;2021-03-07;329;5;18175;10472;5.5;3.2
47;2021-03-08;457;224;18632;10696;5.6;3.2
47;2021-03-09;508;492;19140;11188;5.8;3.4
47;2021-03-10;664;301;19804;11489;6.0;3.5
47;2021-03-11;937;368;20741;11857;6.3;3.6
47;2021-03-12;1370;291;22111;12148;6.7;3.7
47;2021-03-13;944;104;23055;12252;7.0;3.7
47;2021-03-14;51;0;23106;12252;7.0;3.7
47;2021-03-15;590;161;23696;12413;7.2;3.8
47;2021-03-16;750;173;24446;12586;7.4;3.8
47;2021-03-17;857;200;25303;12786;7.7;3.9
47;2021-03-18;915;173;26218;12959;7.9;3.9
47;2021-03-19;1270;122;27488;13081;8.3;4.0
47;2021-03-20;1083;56;28571;13137;8.6;4.0
47;2021-03-21;343;1;28914;13138;8.8;4.0
47;2021-03-22;1006;87;29920;13225;9.1;4.0
47;2021-03-23;1145;148;31065;13373;9.4;4.0
47;2021-03-24;1210;128;32275;13501;9.8;4.1
47;2021-03-25;1565;140;33840;13641;10.2;4.1
47;2021-03-26;1880;195;35720;13836;10.8;4.2
47;2021-03-27;975;127;36695;13963;11.1;4.2
47;2021-03-28;697;4;37392;13967;11.3;4.2
47;2021-03-29;1511;78;38903;14045;11.8;4.3
47;2021-03-30;1639;124;40542;14169;12.3;4.3
47;2021-03-31;1604;144;42146;14313;12.8;4.3
47;2021-04-01;1685;259;43831;14572;13.3;4.4
47;2021-04-02;1930;454;45761;15026;13.9;4.5
47;2021-04-03;1199;174;46960;15200;14.2;4.6
47;2021-04-04;473;9;47433;15209;14.4;4.6
47;2021-04-05;1293;51;48726;15260;14.8;4.6
47;2021-04-06;1383;383;50109;15643;15.2;4.7
47;2021-04-07;1690;582;51799;16225;15.7;4.9
47;2021-04-08;1832;468;53631;16693;16.2;5.1
47;2021-04-09;2081;534;55712;17227;16.9;5.2
47;2021-04-10;1564;319;57276;17546;17.3;5.3
47;2021-04-11;530;8;57806;17554;17.5;5.3
47;2021-04-12;1428;606;59234;18160;17.9;5.5
47;2021-04-13;1815;755;61049;18915;18.5;5.7
47;2021-04-14;1750;712;62799;19627;19.0;5.9
47;2021-04-15;2012;837;64811;20464;19.6;6.2
47;2021-04-16;1764;889;66575;21353;20.2;6.5
47;2021-04-17;1472;968;68047;22321;20.6;6.8
47;2021-04-18;23;0;68070;22321;20.6;6.8
47;2021-04-19;1333;929;69403;23250;21.0;7.0
47;2021-04-20;1624;896;71027;24146;21.5;7.3
47;2021-04-21;1621;770;72648;24916;22.0;7.5
47;2021-04-22;1868;1056;74516;25972;22.6;7.9
47;2021-04-23;1721;1066;76237;27038;23.1;8.2
47;2021-04-24;1546;796;77783;27834;23.5;8.4
47;2021-04-25;242;343;78025;28177;23.6;8.5
47;2021-04-26;1481;1361;79506;29538;24.1;8.9
47;2021-04-27;1924;1465;81430;31003;24.7;9.4
47;2021-04-28;2089;1583;83519;32586;25.3;9.9
47;2021-04-29;2528;1501;86047;34087;26.0;10.3
47;2021-04-30;2037;1773;88084;35860;26.7;10.9
47;2021-05-01;2263;983;90347;36843;27.4;11.2
47;2021-05-02;21;358;90368;37201;27.4;11.3
47;2021-05-03;1596;1416;91964;38617;27.8;11.7
47;2021-05-04;1647;1722;93611;40339;28.3;12.2
47;2021-05-05;1922;1636;95533;41975;28.9;12.7
47;2021-05-06;2102;1505;97635;43480;29.6;13.2
47;2021-05-07;1992;1619;99627;45099;30.2;13.7
47;2021-05-08;2097;462;101724;45561;30.8;13.8
47;2021-05-09;24;362;101748;45923;30.8;13.9
47;2021-05-10;1203;1670;102951;47593;31.2;14.4
47;2021-05-11;2171;1987;105122;49580;31.8;15.0
47;2021-05-12;2625;1444;107747;51024;32.6;15.4
47;2021-05-13;2379;654;110126;51678;33.3;15.6
47;2021-05-14;2062;856;112188;52534;34.0;15.9
47;2021-05-15;1935;858;114123;53392;34.5;16.2
47;2021-05-16;367;8;114490;53400;34.7;16.2
47;2021-05-17;1878;1124;116368;54524;35.2;16.5
47;2021-05-18;2353;1132;118721;55656;35.9;16.8
47;2021-05-19;2343;755;121064;56411;36.6;17.1
47;2021-05-20;2578;954;123642;57365;37.4;17.4
47;2021-05-21;1535;1127;125177;58492;37.9;17.7
47;2021-05-22;2363;831;127540;59323;38.6;18.0
47;2021-05-23;25;182;127565;59505;38.6;18.0
47;2021-05-24;1550;232;129115;59737;39.1;18.1
47;2021-05-25;1481;1316;130596;61053;39.5;18.5
47;2021-05-26;1596;1082;132192;62135;40.0;18.8
47;2021-05-27;1942;1260;134134;63395;40.6;19.2
47;2021-05-28;1458;1537;135592;64932;41.0;19.7
47;2021-05-29;1151;1127;136743;66059;41.4;20.0
47;2021-05-30;11;45;136754;66104;41.4;20.0
47;2021-05-31;1867;1419;138621;67523;42.0;20.4
47;2021-06-01;1915;1333;140536;68856;42.5;20.8
47;2021-06-02;2099;1332;142635;70188;43.2;21.2
47;2021-06-03;2478;1606;145113;71794;43.9;21.7
47;2021-06-04;1965;2106;147078;73900;44.5;22.4
47;2021-06-05;1626;1472;148704;75372;45.0;22.8
47;2021-06-06;205;70;148909;75442;45.1;22.8
47;2021-06-07;1661;2246;150570;77688;45.6;23.5
47;2021-06-08;1626;1905;152196;79593;46.1;24.1
47;2021-06-09;1815;2126;154011;81719;46.6;24.7
47;2021-06-10;2356;1602;156367;83321;47.3;25.2
47;2021-06-11;1810;2095;158177;85416;47.9;25.9
47;2021-06-12;1346;2100;159523;87516;48.3;26.5
47;2021-06-13;4;10;159527;87526;48.3;26.5
47;2021-06-14;1276;2447;160803;89973;48.7;27.2
47;2021-06-15;1460;2037;162263;92010;49.1;27.9
47;2021-06-16;1198;2180;163461;94190;49.5;28.5
47;2021-06-17;1637;1518;165098;95708;50.0;29.0
47;2021-06-18;1430;2497;166528;98205;50.4;29.7
47;2021-06-19;1507;2456;168035;100661;50.9;30.5
47;2021-06-20;4;33;168039;100694;50.9;30.5
47;2021-06-21;1120;2509;169159;103203;51.2;31.2
47;2021-06-22;756;2508;169915;105711;51.4;32.0
47;2021-06-23;994;2017;170909;107728;51.7;32.6
47;2021-06-24;1193;1932;172102;109660;52.1;33.2
47;2021-06-25;991;2608;173093;112268;52.4;34.0
47;2021-06-26;976;2782;174069;115050;52.7;34.8
47;2021-06-27;14;349;174083;115399;52.7;34.9
47;2021-06-28;865;2400;174948;117799;53.0;35.7
47;2021-06-29;785;2317;175733;120116;53.2;36.4
47;2021-06-30;717;2311;176450;122427;53.4;37.1
47;2021-07-01;800;2103;177250;124530;53.7;37.7
47;2021-07-02;886;2274;178136;126804;53.9;38.4
47;2021-07-03;720;3038;178856;129842;54.1;39.3
47;2021-07-04;31;12;178887;129854;54.2;39.3
47;2021-07-05;970;2142;179857;131996;54.4;40.0
47;2021-07-06;905;1962;180762;133958;54.7;40.6
47;2021-07-07;1292;2059;182054;136017;55.1;41.2
47;2021-07-08;1139;2189;183193;138206;55.5;41.8
47;2021-07-09;1046;2408;184239;140614;55.8;42.6
47;2021-07-10;942;2125;185181;142739;56.1;43.2
47;2021-07-11;0;6;185181;142745;56.1;43.2
47;2021-07-12;555;2583;185736;145328;56.2;44.0
47;2021-07-13;1087;2585;186823;147913;56.6;44.8
47;2021-07-14;1155;1575;187978;149488;56.9;45.3
47;2021-07-15;1693;3131;189671;152619;57.4;46.2
48;2020-12-27;0;0;0;0;0.0;0.0
48;2020-12-28;0;0;0;0;0.0;0.0
48;2020-12-29;0;0;0;0;0.0;0.0
48;2020-12-30;0;0;0;0;0.0;0.0
48;2020-12-31;0;0;0;0;0.0;0.0
48;2021-01-01;0;0;0;0;0.0;0.0
48;2021-01-02;0;0;0;0;0.0;0.0
48;2021-01-03;0;0;0;0;0.0;0.0
48;2021-01-04;0;0;0;0;0.0;0.0
48;2021-01-05;0;0;0;0;0.0;0.0
48;2021-01-06;0;0;0;0;0.0;0.0
48;2021-01-07;54;0;54;0;0.1;0.0
48;2021-01-08;87;0;141;0;0.2;0.0
48;2021-01-09;1;0;142;0;0.2;0.0
48;2021-01-10;0;0;142;0;0.2;0.0
48;2021-01-11;13;0;155;0;0.2;0.0
48;2021-01-12;19;0;174;0;0.2;0.0
48;2021-01-13;104;0;278;0;0.4;0.0
48;2021-01-14;90;0;368;0;0.5;0.0
48;2021-01-15;63;0;431;0;0.6;0.0
48;2021-01-16;0;0;431;0;0.6;0.0
48;2021-01-17;0;0;431;0;0.6;0.0
48;2021-01-18;117;0;548;0;0.7;0.0
48;2021-01-19;343;0;891;0;1.2;0.0
48;2021-01-20;364;0;1255;0;1.6;0.0
48;2021-01-21;463;0;1718;0;2.3;0.0
48;2021-01-22;269;0;1987;0;2.6;0.0
48;2021-01-23;36;0;2023;0;2.7;0.0
48;2021-01-24;0;0;2023;0;2.7;0.0
48;2021-01-25;109;0;2132;0;2.8;0.0
48;2021-01-26;261;1;2393;1;3.1;0.0
48;2021-01-27;257;2;2650;3;3.5;0.0
48;2021-01-28;270;10;2920;13;3.8;0.0
48;2021-01-29;175;60;3095;73;4.1;0.1
48;2021-01-30;1;7;3096;80;4.1;0.1
48;2021-01-31;0;6;3096;86;4.1;0.1
48;2021-02-01;97;48;3193;134;4.2;0.2
48;2021-02-02;142;36;3335;170;4.4;0.2
48;2021-02-03;177;82;3512;252;4.6;0.3
48;2021-02-04;234;12;3746;264;4.9;0.3
48;2021-02-05;144;35;3890;299;5.1;0.4
48;2021-02-06;34;0;3924;299;5.1;0.4
48;2021-02-07;0;0;3924;299;5.1;0.4
48;2021-02-08;50;61;3974;360;5.2;0.5
48;2021-02-09;66;167;4040;527;5.3;0.7
48;2021-02-10;65;303;4105;830;5.4;1.1
48;2021-02-11;165;407;4270;1237;5.6;1.6
48;2021-02-12;119;156;4389;1393;5.8;1.8
48;2021-02-13;8;55;4397;1448;5.8;1.9
48;2021-02-14;0;0;4397;1448;5.8;1.9
48;2021-02-15;51;106;4448;1554;5.8;2.0
48;2021-02-16;43;173;4491;1727;5.9;2.3
48;2021-02-17;35;284;4526;2011;5.9;2.6
48;2021-02-18;252;94;4778;2105;6.3;2.8
48;2021-02-19;60;183;4838;2288;6.3;3.0
48;2021-02-20;0;1;4838;2289;6.3;3.0
48;2021-02-21;0;14;4838;2303;6.3;3.0
48;2021-02-22;24;129;4862;2432;6.4;3.2
48;2021-02-23;74;221;4936;2653;6.5;3.5
48;2021-02-24;65;257;5001;2910;6.6;3.8
48;2021-02-25;148;261;5149;3171;6.7;4.2
48;2021-02-26;51;225;5200;3396;6.8;4.5
48;2021-02-27;28;1;5228;3397;6.9;4.5
48;2021-02-28;3;14;5231;3411;6.9;4.5
48;2021-03-01;102;96;5333;3507;7.0;4.6
48;2021-03-02;199;87;5532;3594;7.3;4.7
48;2021-03-03;155;109;5687;3703;7.5;4.9
48;2021-03-04;192;181;5879;3884;7.7;5.1
48;2021-03-05;137;139;6016;4023;7.9;5.3
48;2021-03-06;180;51;6196;4074;8.1;5.3
48;2021-03-07;75;1;6271;4075;8.2;5.3
48;2021-03-08;351;120;6622;4195;8.7;5.5
48;2021-03-09;377;85;6999;4280;9.2;5.6
48;2021-03-10;262;60;7261;4340;9.5;5.7
48;2021-03-11;334;88;7595;4428;10.0;5.8
48;2021-03-12;256;150;7851;4578;10.3;6.0
48;2021-03-13;300;1;8151;4579;10.7;6.0
48;2021-03-14;8;0;8159;4579;10.7;6.0
48;2021-03-15;174;63;8333;4642;10.9;6.1
48;2021-03-16;162;61;8495;4703;11.1;6.2
48;2021-03-17;155;104;8650;4807;11.3;6.3
48;2021-03-18;190;101;8840;4908;11.6;6.4
48;2021-03-19;116;95;8956;5003;11.7;6.6
48;2021-03-20;101;0;9057;5003;11.9;6.6
48;2021-03-21;0;0;9057;5003;11.9;6.6
48;2021-03-22;160;22;9217;5025;12.1;6.6
48;2021-03-23;328;100;9545;5125;12.5;6.7
48;2021-03-24;284;97;9829;5222;12.9;6.8
48;2021-03-25;755;111;10584;5333;13.9;7.0
48;2021-03-26;269;55;10853;5388;14.2;7.1
48;2021-03-27;104;0;10957;5388;14.4;7.1
48;2021-03-28;78;0;11035;5388;14.5;7.1
48;2021-03-29;304;76;11339;5464;14.9;7.2
48;2021-03-30;361;126;11700;5590;15.3;7.3
48;2021-03-31;447;82;12147;5672;15.9;7.4
48;2021-04-01;729;65;12876;5737;16.9;7.5
48;2021-04-02;486;123;13362;5860;17.5;7.7
48;2021-04-03;140;82;13502;5942;17.7;7.8
48;2021-04-04;0;0;13502;5942;17.7;7.8
48;2021-04-05;42;1;13544;5943;17.8;7.8
48;2021-04-06;462;154;14006;6097;18.4;8.0
48;2021-04-07;464;134;14470;6231;19.0;8.2
48;2021-04-08;617;181;15087;6412;19.8;8.4
48;2021-04-09;446;112;15533;6524;20.4;8.6
48;2021-04-10;96;58;15629;6582;20.5;8.6
48;2021-04-11;1;0;15630;6582;20.5;8.6
48;2021-04-12;364;68;15994;6650;21.0;8.7
48;2021-04-13;360;90;16354;6740;21.4;8.8
48;2021-04-14;621;177;16975;6917;22.3;9.1
48;2021-04-15;697;346;17672;7263;23.2;9.5
48;2021-04-16;536;212;18208;7475;23.9;9.8
48;2021-04-17;89;66;18297;7541;24.0;9.9
48;2021-04-18;0;0;18297;7541;24.0;9.9
48;2021-04-19;197;103;18494;7644;24.2;10.0
48;2021-04-20;216;175;18710;7819;24.5;10.2
48;2021-04-21;284;202;18994;8021;24.9;10.5
48;2021-04-22;307;479;19301;8500;25.3;11.1
48;2021-04-23;253;238;19554;8738;25.6;11.5
48;2021-04-24;97;93;19651;8831;25.8;11.6
48;2021-04-25;1;9;19652;8840;25.8;11.6
48;2021-04-26;85;205;19737;9045;25.9;11.9
48;2021-04-27;170;289;19907;9334;26.1;12.2
48;2021-04-28;149;411;20056;9745;26.3;12.8
48;2021-04-29;202;490;20258;10235;26.6;13.4
48;2021-04-30;170;219;20428;10454;26.8;13.7
48;2021-05-01;0;0;20428;10454;26.8;13.7
48;2021-05-02;0;0;20428;10454;26.8;13.7
48;2021-05-03;102;386;20530;10840;26.9;14.2
48;2021-05-04;227;421;20757;11261;27.2;14.8
48;2021-05-05;84;479;20841;11740;27.3;15.4
48;2021-05-06;742;632;21583;12372;28.3;16.2
48;2021-05-07;94;504;21677;12876;28.4;16.9
48;2021-05-08;309;43;21986;12919;28.8;16.9
48;2021-05-09;285;9;22271;12928;29.2;16.9
48;2021-05-10;55;325;22326;13253;29.3;17.4
48;2021-05-11;220;284;22546;13537;29.6;17.7
48;2021-05-12;249;312;22795;13849;29.9;18.2
48;2021-05-13;471;156;23266;14005;30.5;18.4
48;2021-05-14;244;220;23510;14225;30.8;18.6
48;2021-05-15;84;47;23594;14272;30.9;18.7
48;2021-05-16;0;8;23594;14280;30.9;18.7
48;2021-05-17;474;265;24068;14545;31.5;19.1
48;2021-05-18;259;226;24327;14771;31.9;19.4
48;2021-05-19;207;278;24534;15049;32.2;19.7
48;2021-05-20;320;252;24854;15301;32.6;20.1
48;2021-05-21;172;267;25026;15568;32.8;20.4
48;2021-05-22;25;50;25051;15618;32.8;20.5
48;2021-05-23;0;6;25051;15624;32.8;20.5
48;2021-05-24;0;14;25051;15638;32.8;20.5
48;2021-05-25;180;265;25231;15903;33.1;20.8
48;2021-05-26;416;294;25647;16197;33.6;21.2
48;2021-05-27;1175;369;26822;16566;35.2;21.7
48;2021-05-28;315;340;27137;16906;35.6;22.2
48;2021-05-29;79;47;27216;16953;35.7;22.2
48;2021-05-30;0;1;27216;16954;35.7;22.2
48;2021-05-31;625;261;27841;17215;36.5;22.6
48;2021-06-01;271;303;28112;17518;36.9;23.0
48;2021-06-02;407;422;28519;17940;37.4;23.5
48;2021-06-03;627;426;29146;18366;38.2;24.1
48;2021-06-04;291;279;29437;18645;38.6;24.4
48;2021-06-05;121;75;29558;18720;38.7;24.5
48;2021-06-06;1;1;29559;18721;38.7;24.5
48;2021-06-07;426;159;29985;18880;39.3;24.7
48;2021-06-08;604;303;30589;19183;40.1;25.1
48;2021-06-09;376;188;30965;19371;40.6;25.4
48;2021-06-10;987;224;31952;19595;41.9;25.7
48;2021-06-11;370;158;32322;19753;42.4;25.9
48;2021-06-12;74;56;32396;19809;42.5;26.0
48;2021-06-13;0;2;32396;19811;42.5;26.0
48;2021-06-14;124;114;32520;19925;42.6;26.1
48;2021-06-15;404;384;32924;20309;43.2;26.6
48;2021-06-16;258;143;33182;20452;43.5;26.8
48;2021-06-17;486;568;33668;21020;44.1;27.6
48;2021-06-18;252;313;33920;21333;44.5;28.0
48;2021-06-19;34;291;33954;21624;44.5;28.3
48;2021-06-20;123;224;34077;21848;44.7;28.6
48;2021-06-21;122;132;34199;21980;44.8;28.8
48;2021-06-22;255;330;34454;22310;45.2;29.2
48;2021-06-23;111;546;34565;22856;45.3;30.0
48;2021-06-24;353;600;34918;23456;45.8;30.7
48;2021-06-25;148;274;35066;23730;46.0;31.1
48;2021-06-26;14;45;35080;23775;46.0;31.2
48;2021-06-27;0;1;35080;23776;46.0;31.2
48;2021-06-28;79;179;35159;23955;46.1;31.4
48;2021-06-29;294;409;35453;24364;46.5;31.9
48;2021-06-30;94;465;35547;24829;46.6;32.5
48;2021-07-01;196;665;35743;25494;46.9;33.4
48;2021-07-02;147;368;35890;25862;47.0;33.9
48;2021-07-03;41;88;35931;25950;47.1;34.0
48;2021-07-04;7;0;35938;25950;47.1;34.0
48;2021-07-05;40;116;35978;26066;47.2;34.2
48;2021-07-06;277;595;36255;26661;47.5;34.9
48;2021-07-07;199;481;36454;27142;47.8;35.6
48;2021-07-08;223;1185;36677;28327;48.1;37.1
48;2021-07-09;156;550;36833;28877;48.3;37.9
48;2021-07-10;95;146;36928;29023;48.4;38.0
48;2021-07-11;0;4;36928;29027;48.4;38.1
48;2021-07-12;138;670;37066;29697;48.6;38.9
48;2021-07-13;210;430;37276;30127;48.9;39.5
48;2021-07-14;178;140;37454;30267;49.1;39.7
48;2021-07-15;185;454;37639;30721;49.3;40.3
49;2020-12-27;0;0;0;0;0.0;0.0
49;2020-12-28;2;0;2;0;0.0;0.0
49;2020-12-29;0;0;2;0;0.0;0.0
49;2020-12-30;0;0;2;0;0.0;0.0
49;2020-12-31;0;0;2;0;0.0;0.0
49;2021-01-01;2;0;4;0;0.0;0.0
49;2021-01-02;1;0;5;0;0.0;0.0
49;2021-01-03;0;0;5;0;0.0;0.0
49;2021-01-04;9;0;14;0;0.0;0.0
49;2021-01-05;92;0;106;0;0.0;0.0
49;2021-01-06;230;0;336;0;0.0;0.0
49;2021-01-07;364;0;700;0;0.1;0.0
49;2021-01-08;330;1;1030;1;0.1;0.0
49;2021-01-09;118;0;1148;1;0.1;0.0
49;2021-01-10;114;0;1262;1;0.2;0.0
49;2021-01-11;287;0;1549;1;0.2;0.0
49;2021-01-12;620;0;2169;1;0.3;0.0
49;2021-01-13;600;2;2769;3;0.3;0.0
49;2021-01-14;587;5;3356;8;0.4;0.0
49;2021-01-15;772;1;4128;9;0.5;0.0
49;2021-01-16;147;0;4275;9;0.5;0.0
49;2021-01-17;111;2;4386;11;0.5;0.0
49;2021-01-18;691;0;5077;11;0.6;0.0
49;2021-01-19;1203;1;6280;12;0.8;0.0
49;2021-01-20;1504;3;7784;15;1.0;0.0
49;2021-01-21;1937;2;9721;17;1.2;0.0
49;2021-01-22;1313;3;11034;20;1.4;0.0
49;2021-01-23;259;1;11293;21;1.4;0.0
49;2021-01-24;0;0;11293;21;1.4;0.0
49;2021-01-25;549;5;11842;26;1.5;0.0
49;2021-01-26;986;75;12828;101;1.6;0.0
49;2021-01-27;1839;36;14667;137;1.8;0.0
49;2021-01-28;2870;84;17537;221;2.1;0.0
49;2021-01-29;1585;93;19122;314;2.3;0.0
49;2021-01-30;298;47;19420;361;2.4;0.0
49;2021-01-31;62;51;19482;412;2.4;0.1
49;2021-02-01;657;156;20139;568;2.5;0.1
49;2021-02-02;741;386;20880;954;2.6;0.1
49;2021-02-03;676;382;21556;1336;2.6;0.2
49;2021-02-04;755;445;22311;1781;2.7;0.2
49;2021-02-05;708;598;23019;2379;2.8;0.3
49;2021-02-06;229;111;23248;2490;2.8;0.3
49;2021-02-07;59;86;23307;2576;2.9;0.3
49;2021-02-08;545;481;23852;3057;2.9;0.4
49;2021-02-09;711;647;24563;3704;3.0;0.5
49;2021-02-10;799;951;25362;4655;3.1;0.6
49;2021-02-11;1000;1406;26362;6061;3.2;0.7
49;2021-02-12;870;974;27232;7035;3.3;0.9
49;2021-02-13;266;118;27498;7153;3.4;0.9
49;2021-02-14;9;106;27507;7259;3.4;0.9
49;2021-02-15;734;658;28241;7917;3.5;1.0
49;2021-02-16;1108;1122;29349;9039;3.6;1.1
49;2021-02-17;1145;1867;30494;10906;3.7;1.3
49;2021-02-18;1786;2440;32280;13346;4.0;1.6
49;2021-02-19;1392;1095;33672;14441;4.1;1.8
49;2021-02-20;232;383;33904;14824;4.2;1.8
49;2021-02-21;0;64;33904;14888;4.2;1.8
49;2021-02-22;646;585;34550;15473;4.2;1.9
49;2021-02-23;734;865;35284;16338;4.3;2.0
49;2021-02-24;801;645;36085;16983;4.4;2.1
49;2021-02-25;1209;822;37294;17805;4.6;2.2
49;2021-02-26;1665;845;38959;18650;4.8;2.3
49;2021-02-27;435;309;39394;18959;4.8;2.3
49;2021-02-28;49;38;39443;18997;4.8;2.3
49;2021-03-01;766;579;40209;19576;4.9;2.4
49;2021-03-02;1081;728;41290;20304;5.1;2.5
49;2021-03-03;1550;674;42840;20978;5.3;2.6
49;2021-03-04;1761;934;44601;21912;5.5;2.7
49;2021-03-05;2211;685;46812;22597;5.7;2.8
49;2021-03-06;712;184;47524;22781;5.8;2.8
49;2021-03-07;627;10;48151;22791;5.9;2.8
49;2021-03-08;1394;710;49545;23501;6.1;2.9
49;2021-03-09;2049;741;51594;24242;6.3;3.0
49;2021-03-10;2522;848;54116;25090;6.6;3.1
49;2021-03-11;3192;1459;57308;26549;7.0;3.3
49;2021-03-12;3763;980;61071;27529;7.5;3.4
49;2021-03-13;1499;213;62570;27742;7.7;3.4
49;2021-03-14;5;0;62575;27742;7.7;3.4
49;2021-03-15;2082;541;64657;28283;7.9;3.5
49;2021-03-16;1730;960;66387;29243;8.1;3.6
49;2021-03-17;1810;667;68197;29910;8.4;3.7
49;2021-03-18;2192;720;70389;30630;8.6;3.8
49;2021-03-19;3325;554;73714;31184;9.0;3.8
49;2021-03-20;1741;207;75455;31391;9.2;3.8
49;2021-03-21;492;25;75947;31416;9.3;3.9
49;2021-03-22;2243;544;78190;31960;9.6;3.9
49;2021-03-23;3398;672;81588;32632;10.0;4.0
49;2021-03-24;3600;489;85188;33121;10.4;4.1
49;2021-03-25;4223;636;89411;33757;11.0;4.1
49;2021-03-26;4878;494;94289;34251;11.6;4.2
49;2021-03-27;1670;97;95959;34348;11.8;4.2
49;2021-03-28;398;33;96357;34381;11.8;4.2
49;2021-03-29;2365;611;98722;34992;12.1;4.3
49;2021-03-30;3263;933;101985;35925;12.5;4.4
49;2021-03-31;2973;749;104958;36674;12.9;4.5
49;2021-04-01;4117;847;109075;37521;13.4;4.6
49;2021-04-02;4279;912;113354;38433;13.9;4.7
49;2021-04-03;971;192;114325;38625;14.0;4.7
49;2021-04-04;313;2;114638;38627;14.1;4.7
49;2021-04-05;940;19;115578;38646;14.2;4.7
49;2021-04-06;2331;1323;117909;39969;14.5;4.9
49;2021-04-07;3307;1366;121216;41335;14.9;5.1
49;2021-04-08;5174;1382;126390;42717;15.5;5.2
49;2021-04-09;6208;1386;132598;44103;16.3;5.4
49;2021-04-10;2059;488;134657;44591;16.5;5.5
49;2021-04-11;389;7;135046;44598;16.6;5.5
49;2021-04-12;4067;1565;139113;46163;17.1;5.7
49;2021-04-13;5374;1897;144487;48060;17.7;5.9
49;2021-04-14;4537;1857;149024;49917;18.3;6.1
49;2021-04-15;5376;1874;154400;51791;18.9;6.3
49;2021-04-16;5756;2121;160156;53912;19.6;6.6
49;2021-04-17;3334;836;163490;54748;20.0;6.7
49;2021-04-18;381;474;163871;55222;20.1;6.8
49;2021-04-19;3707;2052;167578;57274;20.5;7.0
49;2021-04-20;4371;2103;171949;59377;21.1;7.3
49;2021-04-21;3950;2200;175899;61577;21.6;7.5
49;2021-04-22;4825;2096;180724;63673;22.2;7.8
49;2021-04-23;4805;2320;185529;65993;22.7;8.1
49;2021-04-24;2930;1151;188459;67144;23.1;8.2
49;2021-04-25;41;283;188500;67427;23.1;8.3
49;2021-04-26;3736;2111;192236;69538;23.6;8.5
49;2021-04-27;4473;2484;196709;72022;24.1;8.8
49;2021-04-28;4611;2472;201320;74494;24.7;9.1
49;2021-04-29;5206;2994;206526;77488;25.3;9.5
49;2021-04-30;5546;3169;212072;80657;26.0;9.9
49;2021-05-01;2365;661;214437;81318;26.3;10.0
49;2021-05-02;3;39;214440;81357;26.3;10.0
49;2021-05-03;5010;2382;219450;83739;26.9;10.3
49;2021-05-04;4968;3026;224418;86765;27.5;10.6
49;2021-05-05;4783;2990;229201;89755;28.1;11.0
49;2021-05-06;5330;3074;234531;92829;28.7;11.4
49;2021-05-07;4268;5012;238799;97841;29.3;12.0
49;2021-05-08;3571;426;242370;98267;29.7;12.0
49;2021-05-09;9;41;242379;98308;29.7;12.0
49;2021-05-10;4830;4260;247209;102568;30.3;12.6
49;2021-05-11;5395;5081;252604;107649;31.0;13.2
49;2021-05-12;4800;4583;257404;112232;31.5;13.8
49;2021-05-13;4780;683;262184;112915;32.1;13.8
49;2021-05-14;5170;3263;267354;116178;32.8;14.2
49;2021-05-15;4155;1804;271509;117982;33.3;14.5
49;2021-05-16;2785;116;274294;118098;33.6;14.5
49;2021-05-17;4828;3681;279122;121779;34.2;14.9
49;2021-05-18;5459;3753;284581;125532;34.9;15.4
49;2021-05-19;5913;3208;290494;128740;35.6;15.8
49;2021-05-20;6759;2951;297253;131691;36.4;16.1
49;2021-05-21;6458;3734;303711;135425;37.2;16.6
49;2021-05-22;5179;1186;308890;136611;37.9;16.7
49;2021-05-23;1;12;308891;136623;37.9;16.7
49;2021-05-24;4218;437;313109;137060;38.4;16.8
49;2021-05-25;6327;3296;319436;140356;39.2;17.2
49;2021-05-26;6268;2656;325704;143012;39.9;17.5
49;2021-05-27;7103;2719;332807;145731;40.8;17.9
49;2021-05-28;6874;4007;339681;149738;41.6;18.4
49;2021-05-29;5021;1890;344702;151628;42.2;18.6
49;2021-05-30;20;13;344722;151641;42.3;18.6
49;2021-05-31;6037;3214;350759;154855;43.0;19.0
49;2021-06-01;6587;3968;357346;158823;43.8;19.5
49;2021-06-02;5788;3735;363134;162558;44.5;19.9
49;2021-06-03;6598;3416;369732;165974;45.3;20.3
49;2021-06-04;6462;4852;376194;170826;46.1;20.9
49;2021-06-05;4376;2690;380570;173516;46.6;21.3
49;2021-06-06;34;52;380604;173568;46.6;21.3
49;2021-06-07;4619;4755;385223;178323;47.2;21.9
49;2021-06-08;5153;5086;390376;183409;47.8;22.5
49;2021-06-09;5312;4494;395688;187903;48.5;23.0
49;2021-06-10;5958;3777;401646;191680;49.2;23.5
49;2021-06-11;4833;6034;406479;197714;49.8;24.2
49;2021-06-12;4070;3200;410549;200914;50.3;24.6
49;2021-06-13;17;989;410566;201903;50.3;24.7
49;2021-06-14;3406;6015;413972;207918;50.7;25.5
49;2021-06-15;4223;6390;418195;214308;51.3;26.3
49;2021-06-16;4128;5653;422323;219961;51.8;27.0
49;2021-06-17;5053;5065;427376;225026;52.4;27.6
49;2021-06-18;4112;6895;431488;231921;52.9;28.4
49;2021-06-19;3515;3976;435003;235897;53.3;28.9
49;2021-06-20;21;22;435024;235919;53.3;28.9
49;2021-06-21;2816;6515;437840;242434;53.7;29.7
49;2021-06-22;3182;7012;441022;249446;54.1;30.6
49;2021-06-23;3242;6309;444264;255755;54.5;31.3
49;2021-06-24;4299;4972;448563;260727;55.0;32.0
49;2021-06-25;3307;7444;451870;268171;55.4;32.9
49;2021-06-26;2557;4635;454427;272806;55.7;33.4
49;2021-06-27;10;1544;454437;274350;55.7;33.6
49;2021-06-28;2223;7176;456660;281526;56.0;34.5
49;2021-06-29;2979;7247;459639;288773;56.3;35.4
49;2021-06-30;2772;6802;462411;295575;56.7;36.2
49;2021-07-01;3056;6261;465467;301836;57.1;37.0
49;2021-07-02;2884;8081;468351;309917;57.4;38.0
49;2021-07-03;1978;5489;470329;315406;57.6;38.7
49;2021-07-04;5;52;470334;315458;57.6;38.7
49;2021-07-05;1615;7068;471949;322526;57.8;39.5
49;2021-07-06;1874;7560;473823;330086;58.1;40.5
49;2021-07-07;2032;6625;475855;336711;58.3;41.3
49;2021-07-08;2493;6349;478348;343060;58.6;42.0
49;2021-07-09;2290;8254;480638;351314;58.9;43.1
49;2021-07-10;1771;5338;482409;356652;59.1;43.7
49;2021-07-11;11;34;482420;356686;59.1;43.7
49;2021-07-12;1903;7718;484323;364404;59.4;44.7
49;2021-07-13;2524;8297;486847;372701;59.7;45.7
49;2021-07-14;2874;3364;489721;376065;60.0;46.1
49;2021-07-15;3048;7543;492769;383608;60.4;47.0
50;2020-12-27;0;0;0;0;0.0;0.0
50;2020-12-28;0;0;0;0;0.0;0.0
50;2020-12-29;1;0;1;0;0.0;0.0
50;2020-12-30;0;0;1;0;0.0;0.0
50;2020-12-31;0;0;1;0;0.0;0.0
50;2021-01-01;0;0;1;0;0.0;0.0
50;2021-01-02;0;0;1;0;0.0;0.0
50;2021-01-03;0;0;1;0;0.0;0.0
50;2021-01-04;0;0;1;0;0.0;0.0
50;2021-01-05;0;0;1;0;0.0;0.0
50;2021-01-06;126;0;127;0;0.0;0.0
50;2021-01-07;306;0;433;0;0.1;0.0
50;2021-01-08;435;0;868;0;0.2;0.0
50;2021-01-09;236;0;1104;0;0.2;0.0
50;2021-01-10;23;0;1127;0;0.2;0.0
50;2021-01-11;388;2;1515;2;0.3;0.0
50;2021-01-12;600;0;2115;2;0.4;0.0
50;2021-01-13;693;4;2808;6;0.6;0.0
50;2021-01-14;1010;6;3818;12;0.8;0.0
50;2021-01-15;676;2;4494;14;0.9;0.0
50;2021-01-16;213;3;4707;17;1.0;0.0
50;2021-01-17;0;0;4707;17;1.0;0.0
50;2021-01-18;619;0;5326;17;1.1;0.0
50;2021-01-19;892;1;6218;18;1.3;0.0
50;2021-01-20;902;0;7120;18;1.5;0.0
50;2021-01-21;915;3;8035;21;1.6;0.0
50;2021-01-22;713;2;8748;23;1.8;0.0
50;2021-01-23;667;4;9415;27;1.9;0.0
50;2021-01-24;880;2;10295;29;2.1;0.0
50;2021-01-25;2649;11;12944;40;2.6;0.0
50;2021-01-26;1334;10;14278;50;2.9;0.0
50;2021-01-27;743;54;15021;104;3.1;0.0
50;2021-01-28;718;169;15739;273;3.2;0.1
50;2021-01-29;578;298;16317;571;3.3;0.1
50;2021-01-30;381;167;16698;738;3.4;0.2
50;2021-01-31;0;0;16698;738;3.4;0.2
50;2021-02-01;448;226;17146;964;3.5;0.2
50;2021-02-02;415;236;17561;1200;3.6;0.2
50;2021-02-03;390;379;17951;1579;3.7;0.3
50;2021-02-04;479;453;18430;2032;3.8;0.4
50;2021-02-05;422;450;18852;2482;3.8;0.5
50;2021-02-06;178;113;19030;2595;3.9;0.5
50;2021-02-07;0;0;19030;2595;3.9;0.5
50;2021-02-08;255;510;19285;3105;3.9;0.6
50;2021-02-09;245;643;19530;3748;4.0;0.8
50;2021-02-10;568;554;20098;4302;4.1;0.9
50;2021-02-11;439;916;20537;5218;4.2;1.1
50;2021-02-12;325;672;20862;5890;4.3;1.2
50;2021-02-13;303;489;21165;6379;4.3;1.3
50;2021-02-14;185;826;21350;7205;4.4;1.5
50;2021-02-15;656;2021;22006;9226;4.5;1.9
50;2021-02-16;741;1624;22747;10850;4.6;2.2
50;2021-02-17;630;828;23377;11678;4.8;2.4
50;2021-02-18;568;808;23945;12486;4.9;2.5
50;2021-02-19;628;522;24573;13008;5.0;2.7
50;2021-02-20;421;194;24994;13202;5.1;2.7
50;2021-02-21;85;29;25079;13231;5.1;2.7
50;2021-02-22;290;731;25369;13962;5.2;2.8
50;2021-02-23;502;569;25871;14531;5.3;3.0
50;2021-02-24;623;568;26494;15099;5.4;3.1
50;2021-02-25;778;584;27272;15683;5.6;3.2
50;2021-02-26;997;401;28269;16084;5.8;3.3
50;2021-02-27;886;111;29155;16195;5.9;3.3
50;2021-02-28;111;0;29266;16195;6.0;3.3
50;2021-03-01;488;557;29754;16752;6.1;3.4
50;2021-03-02;650;520;30404;17272;6.2;3.5
50;2021-03-03;795;455;31199;17727;6.4;3.6
50;2021-03-04;1247;336;32446;18063;6.6;3.7
50;2021-03-05;1549;345;33995;18408;6.9;3.8
50;2021-03-06;1319;156;35314;18564;7.2;3.8
50;2021-03-07;549;40;35863;18604;7.3;3.8
50;2021-03-08;1019;620;36882;19224;7.5;3.9
50;2021-03-09;1532;545;38414;19769;7.8;4.0
50;2021-03-10;1603;320;40017;20089;8.2;4.1
50;2021-03-11;2351;339;42368;20428;8.6;4.2
50;2021-03-12;2864;235;45232;20663;9.2;4.2
50;2021-03-13;1987;126;47219;20789;9.6;4.2
50;2021-03-14;279;41;47498;20830;9.7;4.2
50;2021-03-15;1376;297;48874;21127;10.0;4.3
50;2021-03-16;1339;275;50213;21402;10.2;4.4
50;2021-03-17;1267;404;51480;21806;10.5;4.4
50;2021-03-18;1158;422;52638;22228;10.7;4.5
50;2021-03-19;1727;588;54365;22816;11.1;4.6
50;2021-03-20;1684;221;56049;23037;11.4;4.7
50;2021-03-21;794;7;56843;23044;11.6;4.7
50;2021-03-22;1506;328;58349;23372;11.9;4.8
50;2021-03-23;2068;390;60417;23762;12.3;4.8
50;2021-03-24;2278;548;62695;24310;12.8;5.0
50;2021-03-25;2807;461;65502;24771;13.3;5.0
50;2021-03-26;3204;458;68706;25229;14.0;5.1
50;2021-03-27;1816;371;70522;25600;14.4;5.2
50;2021-03-28;403;15;70925;25615;14.5;5.2
50;2021-03-29;2135;715;73060;26330;14.9;5.4
50;2021-03-30;2273;636;75333;26966;15.4;5.5
50;2021-03-31;2470;557;77803;27523;15.9;5.6
50;2021-04-01;3092;856;80895;28379;16.5;5.8
50;2021-04-02;2961;924;83856;29303;17.1;6.0
50;2021-04-03;1244;691;85100;29994;17.3;6.1
50;2021-04-04;321;135;85421;30129;17.4;6.1
50;2021-04-05;399;27;85820;30156;17.5;6.1
50;2021-04-06;2123;1217;87943;31373;17.9;6.4
50;2021-04-07;2554;1176;90497;32549;18.4;6.6
50;2021-04-08;3587;1206;94084;33755;19.2;6.9
50;2021-04-09;3930;1277;98014;35032;20.0;7.1
50;2021-04-10;2535;874;100549;35906;20.5;7.3
50;2021-04-11;408;147;100957;36053;20.6;7.3
50;2021-04-12;2438;1372;103395;37425;21.1;7.6
50;2021-04-13;2669;1535;106064;38960;21.6;7.9
50;2021-04-14;2607;1348;108671;40308;22.1;8.2
50;2021-04-15;3157;1102;111828;41410;22.8;8.4
50;2021-04-16;3362;1098;115190;42508;23.5;8.7
50;2021-04-17;2398;1179;117588;43687;24.0;8.9
50;2021-04-18;424;661;118012;44348;24.1;9.0
50;2021-04-19;1996;1473;120008;45821;24.5;9.3
50;2021-04-20;2277;1576;122285;47397;24.9;9.7
50;2021-04-21;2552;1751;124837;49148;25.4;10.0
50;2021-04-22;3075;1816;127912;50964;26.1;10.4
50;2021-04-23;2745;1902;130657;52866;26.6;10.8
50;2021-04-24;1894;1434;132551;54300;27.0;11.1
50;2021-04-25;470;271;133021;54571;27.1;11.1
50;2021-04-26;2117;1883;135138;56454;27.5;11.5
50;2021-04-27;2401;1989;137539;58443;28.0;11.9
50;2021-04-28;2702;1964;140241;60407;28.6;12.3
50;2021-04-29;3262;2032;143503;62439;29.2;12.7
50;2021-04-30;2990;1920;146493;64359;29.9;13.1
50;2021-05-01;1013;592;147506;64951;30.1;13.2
50;2021-05-02;522;449;148028;65400;30.2;13.3
50;2021-05-03;1766;1805;149794;67205;30.5;13.7
50;2021-05-04;1774;2318;151568;69523;30.9;14.2
50;2021-05-05;1660;2950;153228;72473;31.2;14.8
50;2021-05-06;2533;2578;155761;75051;31.7;15.3
50;2021-05-07;2148;2860;157909;77911;32.2;15.9
50;2021-05-08;1165;788;159074;78699;32.4;16.0
50;2021-05-09;621;359;159695;79058;32.5;16.1
50;2021-05-10;1706;2600;161401;81658;32.9;16.6
50;2021-05-11;2540;2836;163941;84494;33.4;17.2
50;2021-05-12;3174;2434;167115;86928;34.1;17.7
50;2021-05-13;3381;611;170496;87539;34.7;17.8
50;2021-05-14;3572;2276;174068;89815;35.5;18.3
50;2021-05-15;4001;1869;178069;91684;36.3;18.7
50;2021-05-16;946;265;179015;91949;36.5;18.7
50;2021-05-17;2137;1875;181152;93824;36.9;19.1
50;2021-05-18;2514;1614;183666;95438;37.4;19.5
50;2021-05-19;2502;1436;186168;96874;37.9;19.7
50;2021-05-20;3237;1621;189405;98495;38.6;20.1
50;2021-05-21;3158;1910;192563;100405;39.2;20.5
50;2021-05-22;2650;1324;195213;101729;39.8;20.7
50;2021-05-23;601;286;195814;102015;39.9;20.8
50;2021-05-24;1527;490;197341;102505;40.2;20.9
50;2021-05-25;2446;1674;199787;104179;40.7;21.2
50;2021-05-26;2987;1440;202774;105619;41.3;21.5
50;2021-05-27;3025;1972;205799;107591;41.9;21.9
50;2021-05-28;2945;2119;208744;109710;42.5;22.4
50;2021-05-29;2755;1397;211499;111107;43.1;22.6
50;2021-05-30;812;323;212311;111430;43.3;22.7
50;2021-05-31;2649;1815;214960;113245;43.8;23.1
50;2021-06-01;3328;2061;218288;115306;44.5;23.5
50;2021-06-02;3253;1780;221541;117086;45.2;23.9
50;2021-06-03;3904;2085;225445;119171;45.9;24.3
50;2021-06-04;3816;2877;229261;122048;46.7;24.9
50;2021-06-05;2951;1840;232212;123888;47.3;25.2
50;2021-06-06;809;441;233021;124329;47.5;25.3
50;2021-06-07;3507;2076;236528;126405;48.2;25.8
50;2021-06-08;4047;2215;240575;128620;49.0;26.2
50;2021-06-09;4230;1979;244805;130599;49.9;26.6
50;2021-06-10;4163;2106;248968;132705;50.7;27.0
50;2021-06-11;4184;2709;253152;135414;51.6;27.6
50;2021-06-12;3718;1597;256870;137011;52.4;27.9
50;2021-06-13;1136;449;258006;137460;52.6;28.0
50;2021-06-14;2671;2970;260677;140430;53.1;28.6
50;2021-06-15;3005;2602;263682;143032;53.7;29.2
50;2021-06-16;3085;1968;266767;145000;54.4;29.6
50;2021-06-17;2787;2481;269554;147481;54.9;30.1
50;2021-06-18;3221;3038;272775;150519;55.6;30.7
50;2021-06-19;3167;1925;275942;152444;56.2;31.1
50;2021-06-20;729;711;276671;153155;56.4;31.2
50;2021-06-21;1797;3137;278468;156292;56.8;31.9
50;2021-06-22;2053;3396;280521;159688;57.2;32.5
50;2021-06-23;1848;3876;282369;163564;57.5;33.3
50;2021-06-24;1700;4021;284069;167585;57.9;34.2
50;2021-06-25;2118;4007;286187;171592;58.3;35.0
50;2021-06-26;2123;3704;288310;175296;58.8;35.7
50;2021-06-27;609;894;288919;176190;58.9;35.9
50;2021-06-28;1887;3361;290806;179551;59.3;36.6
50;2021-06-29;1854;3404;292660;182955;59.6;37.3
50;2021-06-30;2148;3410;294808;186365;60.1;38.0
50;2021-07-01;1923;3256;296731;189621;60.5;38.6
50;2021-07-02;1875;3946;298606;193567;60.9;39.4
50;2021-07-03;1429;3453;300035;197020;61.1;40.2
50;2021-07-04;441;1073;300476;198093;61.2;40.4
50;2021-07-05;1256;3418;301732;201511;61.5;41.1
50;2021-07-06;1546;3890;303278;205401;61.8;41.9
50;2021-07-07;1776;3624;305054;209025;62.2;42.6
50;2021-07-08;1350;4108;306404;213133;62.4;43.4
50;2021-07-09;1376;4583;307780;217716;62.7;44.4
50;2021-07-10;1014;3610;308794;221326;62.9;45.1
50;2021-07-11;365;1020;309159;222346;63.0;45.3
50;2021-07-12;1294;4636;310453;226982;63.3;46.3
50;2021-07-13;1600;4860;312053;231842;63.6;47.3
50;2021-07-14;1472;2353;313525;234195;63.9;47.7
50;2021-07-15;1635;5049;315160;239244;64.2;48.8
51;2020-12-27;0;0;0;0;0.0;0.0
51;2020-12-28;0;0;0;0;0.0;0.0
51;2020-12-29;0;0;0;0;0.0;0.0
51;2020-12-30;0;0;0;0;0.0;0.0
51;2020-12-31;1;0;1;0;0.0;0.0
51;2021-01-01;0;0;1;0;0.0;0.0
51;2021-01-02;0;0;1;0;0.0;0.0
51;2021-01-03;0;0;1;0;0.0;0.0
51;2021-01-04;1;0;2;0;0.0;0.0
51;2021-01-05;1;0;3;0;0.0;0.0
51;2021-01-06;6;0;9;0;0.0;0.0
51;2021-01-07;261;1;270;1;0.0;0.0
51;2021-01-08;500;1;770;2;0.1;0.0
51;2021-01-09;91;0;861;2;0.2;0.0
51;2021-01-10;0;0;861;2;0.2;0.0
51;2021-01-11;544;2;1405;4;0.2;0.0
51;2021-01-12;1533;2;2938;6;0.5;0.0
51;2021-01-13;1287;4;4225;10;0.7;0.0
51;2021-01-14;1462;6;5687;16;1.0;0.0
51;2021-01-15;605;2;6292;18;1.1;0.0
51;2021-01-16;177;1;6469;19;1.1;0.0
51;2021-01-17;101;0;6570;19;1.2;0.0
51;2021-01-18;843;2;7413;21;1.3;0.0
51;2021-01-19;996;2;8409;23;1.5;0.0
51;2021-01-20;952;5;9361;28;1.7;0.0
51;2021-01-21;790;2;10151;30;1.8;0.0
51;2021-01-22;390;2;10541;32;1.9;0.0
51;2021-01-23;294;0;10835;32;1.9;0.0
51;2021-01-24;129;1;10964;33;1.9;0.0
51;2021-01-25;712;1;11676;34;2.1;0.0
51;2021-01-26;776;4;12452;38;2.2;0.0
51;2021-01-27;655;3;13107;41;2.3;0.0
51;2021-01-28;644;69;13751;110;2.4;0.0
51;2021-01-29;470;141;14221;251;2.5;0.0
51;2021-01-30;126;5;14347;256;2.5;0.0
51;2021-01-31;83;0;14430;256;2.6;0.0
51;2021-02-01;271;58;14701;314;2.6;0.1
51;2021-02-02;732;723;15433;1037;2.7;0.2
51;2021-02-03;634;470;16067;1507;2.8;0.3
51;2021-02-04;966;821;17033;2328;3.0;0.4
51;2021-02-05;965;512;17998;2840;3.2;0.5
51;2021-02-06;30;149;18028;2989;3.2;0.5
51;2021-02-07;0;18;18028;3007;3.2;0.5
51;2021-02-08;115;415;18143;3422;3.2;0.6
51;2021-02-09;222;471;18365;3893;3.3;0.7
51;2021-02-10;219;638;18584;4531;3.3;0.8
51;2021-02-11;298;530;18882;5061;3.3;0.9
51;2021-02-12;340;567;19222;5628;3.4;1.0
51;2021-02-13;8;117;19230;5745;3.4;1.0
51;2021-02-14;8;173;19238;5918;3.4;1.0
51;2021-02-15;264;855;19502;6773;3.5;1.2
51;2021-02-16;400;965;19902;7738;3.5;1.4
51;2021-02-17;367;880;20269;8618;3.6;1.5
51;2021-02-18;435;594;20704;9212;3.7;1.6
51;2021-02-19;529;419;21233;9631;3.8;1.7
51;2021-02-20;205;297;21438;9928;3.8;1.8
51;2021-02-21;10;101;21448;10029;3.8;1.8
51;2021-02-22;195;689;21643;10718;3.8;1.9
51;2021-02-23;259;1098;21902;11816;3.9;2.1
51;2021-02-24;410;692;22312;12508;4.0;2.2
51;2021-02-25;1048;884;23360;13392;4.1;2.4
51;2021-02-26;1223;663;24583;14055;4.4;2.5
51;2021-02-27;589;123;25172;14178;4.5;2.5
51;2021-02-28;7;71;25179;14249;4.5;2.5
51;2021-03-01;766;306;25945;14555;4.6;2.6
51;2021-03-02;1122;446;27067;15001;4.8;2.7
51;2021-03-03;1193;458;28260;15459;5.0;2.7
51;2021-03-04;1056;694;29316;16153;5.2;2.9
51;2021-03-05;1556;669;30872;16822;5.5;3.0
51;2021-03-06;1434;47;32306;16869;5.7;3.0
51;2021-03-07;249;3;32555;16872;5.8;3.0
51;2021-03-08;983;92;33538;16964;5.9;3.0
51;2021-03-09;1661;171;35199;17135;6.2;3.0
51;2021-03-10;1987;94;37186;17229;6.6;3.1
51;2021-03-11;2371;149;39557;17378;7.0;3.1
51;2021-03-12;3240;138;42797;17516;7.6;3.1
51;2021-03-13;2548;36;45345;17552;8.0;3.1
51;2021-03-14;190;2;45535;17554;8.1;3.1
51;2021-03-15;1574;141;47109;17695;8.4;3.1
51;2021-03-16;1475;180;48584;17875;8.6;3.2
51;2021-03-17;1494;200;50078;18075;8.9;3.2
51;2021-03-18;1610;276;51688;18351;9.2;3.3
51;2021-03-19;2306;289;53994;18640;9.6;3.3
51;2021-03-20;1660;205;55654;18845;9.9;3.3
51;2021-03-21;133;1;55787;18846;9.9;3.3
51;2021-03-22;1412;116;57199;18962;10.1;3.4
51;2021-03-23;2467;147;59666;19109;10.6;3.4
51;2021-03-24;2838;118;62504;19227;11.1;3.4
51;2021-03-25;3248;322;65752;19549;11.7;3.5
51;2021-03-26;3409;492;69161;20041;12.3;3.6
51;2021-03-27;1838;246;70999;20287;12.6;3.6
51;2021-03-28;213;2;71212;20289;12.6;3.6
51;2021-03-29;990;639;72202;20928;12.8;3.7
51;2021-03-30;1746;851;73948;21779;13.1;3.9
51;2021-03-31;1726;752;75674;22531;13.4;4.0
51;2021-04-01;2276;434;77950;22965;13.8;4.1
51;2021-04-02;2414;618;80364;23583;14.3;4.2
51;2021-04-03;1302;402;81666;23985;14.5;4.3
51;2021-04-04;105;2;81771;23987;14.5;4.3
51;2021-04-05;70;141;81841;24128;14.5;4.3
51;2021-04-06;762;1236;82603;25364;14.7;4.5
51;2021-04-07;1310;1404;83913;26768;14.9;4.7
51;2021-04-08;2200;1758;86113;28526;15.3;5.1
51;2021-04-09;2862;1726;88975;30252;15.8;5.4
51;2021-04-10;2202;491;91177;30743;16.2;5.5
51;2021-04-11;105;85;91282;30828;16.2;5.5
51;2021-04-12;1449;1337;92731;32165;16.4;5.7
51;2021-04-13;1938;1679;94669;33844;16.8;6.0
51;2021-04-14;2453;1546;97122;35390;17.2;6.3
51;2021-04-15;2852;1659;99974;37049;17.7;6.6
51;2021-04-16;3208;1589;103182;38638;18.3;6.9
51;2021-04-17;1965;768;105147;39406;18.6;7.0
51;2021-04-18;296;109;105443;39515;18.7;7.0
51;2021-04-19;1562;1155;107005;40670;19.0;7.2
51;2021-04-20;1790;1661;108795;42331;19.3;7.5
51;2021-04-21;2005;1735;110800;44066;19.7;7.8
51;2021-04-22;2356;1638;113156;45704;20.1;8.1
51;2021-04-23;2970;1812;116126;47516;20.6;8.4
51;2021-04-24;1744;943;117870;48459;20.9;8.6
51;2021-04-25;122;162;117992;48621;20.9;8.6
51;2021-04-26;1843;756;119835;49377;21.3;8.8
51;2021-04-27;2441;1225;122276;50602;21.7;9.0
51;2021-04-28;2550;1304;124826;51906;22.1;9.2
51;2021-04-29;2635;1441;127461;53347;22.6;9.5
51;2021-04-30;2973;1664;130434;55011;23.1;9.8
51;2021-05-01;1452;410;131886;55421;23.4;9.8
51;2021-05-02;107;100;131993;55521;23.4;9.8
51;2021-05-03;2487;763;134480;56284;23.9;10.0
51;2021-05-04;2783;1344;137263;57628;24.3;10.2
51;2021-05-05;2853;1629;140116;59257;24.9;10.5
51;2021-05-06;5338;1929;145454;61186;25.8;10.9
51;2021-05-07;3690;1928;149144;63114;26.5;11.2
51;2021-05-08;2857;814;152001;63928;27.0;11.3
51;2021-05-09;211;89;152212;64017;27.0;11.4
51;2021-05-10;3214;1852;155426;65869;27.6;11.7
51;2021-05-11;3615;2040;159041;67909;28.2;12.0
51;2021-05-12;4182;2232;163223;70141;28.9;12.4
51;2021-05-13;1778;501;165001;70642;29.3;12.5
51;2021-05-14;5398;1732;170399;72374;30.2;12.8
51;2021-05-15;4227;1350;174626;73724;31.0;13.1
51;2021-05-16;281;47;174907;73771;31.0;13.1
51;2021-05-17;3133;1521;178040;75292;31.6;13.4
51;2021-05-18;3915;1765;181955;77057;32.3;13.7
51;2021-05-19;4007;1721;185962;78778;33.0;14.0
51;2021-05-20;4642;1967;190604;80745;33.8;14.3
51;2021-05-21;3595;2480;194199;83225;34.4;14.8
51;2021-05-22;2073;1546;196272;84771;34.8;15.0
51;2021-05-23;306;210;196578;84981;34.9;15.1
51;2021-05-24;2018;718;198596;85699;35.2;15.2
51;2021-05-25;3124;1822;201720;87521;35.8;15.5
51;2021-05-26;3294;1698;205014;89219;36.4;15.8
51;2021-05-27;3265;2057;208279;91276;36.9;16.2
51;2021-05-28;3603;2822;211882;94098;37.6;16.7
51;2021-05-29;2401;1998;214283;96096;38.0;17.0
51;2021-05-30;400;133;214683;96229;38.1;17.1
51;2021-05-31;3347;1773;218030;98002;38.7;17.4
51;2021-06-01;3851;2330;221881;100332;39.4;17.8
51;2021-06-02;6094;2311;227975;102643;40.4;18.2
51;2021-06-03;3574;2425;231549;105068;41.1;18.6
51;2021-06-04;6331;2943;237880;108011;42.2;19.2
51;2021-06-05;2593;1816;240473;109827;42.7;19.5
51;2021-06-06;171;157;240644;109984;42.7;19.5
51;2021-06-07;4290;2164;244934;112148;43.4;19.9
51;2021-06-08;3907;2527;248841;114675;44.1;20.3
51;2021-06-09;4008;2750;252849;117425;44.8;20.8
51;2021-06-10;3179;2477;256028;119902;45.4;21.3
51;2021-06-11;3341;3421;259369;123323;46.0;21.9
51;2021-06-12;2153;2168;261522;125491;46.4;22.3
51;2021-06-13;189;147;261711;125638;46.4;22.3
51;2021-06-14;1620;3338;263331;128976;46.7;22.9
51;2021-06-15;3158;3576;266489;132552;47.3;23.5
51;2021-06-16;2192;3688;268681;136240;47.7;24.2
51;2021-06-17;2594;5415;271275;141655;48.1;25.1
51;2021-06-18;2349;5225;273624;146880;48.5;26.1
51;2021-06-19;1679;4432;275303;151312;48.8;26.8
51;2021-06-20;183;228;275486;151540;48.9;26.9
51;2021-06-21;1224;4449;276710;155989;49.1;27.7
51;2021-06-22;1553;4048;278263;160037;49.4;28.4
51;2021-06-23;3631;4232;281894;164269;50.0;29.1
51;2021-06-24;2207;3236;284101;167505;50.4;29.7
51;2021-06-25;1873;6530;285974;174035;50.7;30.9
51;2021-06-26;1165;5081;287139;179116;50.9;31.8
51;2021-06-27;103;335;287242;179451;50.9;31.8
51;2021-06-28;1378;4410;288620;183861;51.2;32.6
51;2021-06-29;1154;4476;289774;188337;51.4;33.4
51;2021-06-30;1675;6042;291449;194379;51.7;34.5
51;2021-07-01;1947;3766;293396;198145;52.0;35.1
51;2021-07-02;1810;6892;295206;205037;52.4;36.4
51;2021-07-03;984;3195;296190;208232;52.5;36.9
51;2021-07-04;168;252;296358;208484;52.6;37.0
51;2021-07-05;758;5530;297116;214014;52.7;38.0
51;2021-07-06;1235;4784;298351;218798;52.9;38.8
51;2021-07-07;1596;4938;299947;223736;53.2;39.7
51;2021-07-08;2047;3420;301994;227156;53.6;40.3
51;2021-07-09;1842;5050;303836;232206;53.9;41.2
51;2021-07-10;1221;3198;305057;235404;54.1;41.8
51;2021-07-11;186;277;305243;235681;54.1;41.8
51;2021-07-12;983;4376;306226;240057;54.3;42.6
51;2021-07-13;1463;4779;307689;244836;54.6;43.4
51;2021-07-14;1061;1681;308750;246517;54.8;43.7
51;2021-07-15;2877;4870;311627;251387;55.3;44.6
52;2020-12-27;0;0;0;0;0.0;0.0
52;2020-12-28;0;0;0;0;0.0;0.0
52;2020-12-29;0;0;0;0;0.0;0.0
52;2020-12-30;0;0;0;0;0.0;0.0
52;2020-12-31;0;0;0;0;0.0;0.0
52;2021-01-01;0;0;0;0;0.0;0.0
52;2021-01-02;0;0;0;0;0.0;0.0
52;2021-01-03;0;0;0;0;0.0;0.0
52;2021-01-04;0;0;0;0;0.0;0.0
52;2021-01-05;0;0;0;0;0.0;0.0
52;2021-01-06;2;0;2;0;0.0;0.0
52;2021-01-07;0;0;2;0;0.0;0.0
52;2021-01-08;201;0;203;0;0.1;0.0
52;2021-01-09;93;0;296;0;0.2;0.0
52;2021-01-10;0;0;296;0;0.2;0.0
52;2021-01-11;206;0;502;0;0.3;0.0
52;2021-01-12;170;0;672;0;0.4;0.0
52;2021-01-13;561;2;1233;2;0.7;0.0
52;2021-01-14;675;8;1908;10;1.1;0.0
52;2021-01-15;409;1;2317;11;1.4;0.0
52;2021-01-16;16;1;2333;12;1.4;0.0
52;2021-01-17;0;0;2333;12;1.4;0.0
52;2021-01-18;426;0;2759;12;1.6;0.0
52;2021-01-19;437;0;3196;12;1.9;0.0
52;2021-01-20;419;1;3615;13;2.1;0.0
52;2021-01-21;423;0;4038;13;2.4;0.0
52;2021-01-22;320;0;4358;13;2.6;0.0
52;2021-01-23;72;0;4430;13;2.6;0.0
52;2021-01-24;0;0;4430;13;2.6;0.0
52;2021-01-25;235;0;4665;13;2.8;0.0
52;2021-01-26;306;1;4971;14;2.9;0.0
52;2021-01-27;237;1;5208;15;3.1;0.0
52;2021-01-28;174;4;5382;19;3.2;0.0
52;2021-01-29;74;125;5456;144;3.2;0.1
52;2021-01-30;91;95;5547;239;3.3;0.1
52;2021-01-31;0;0;5547;239;3.3;0.1
52;2021-02-01;117;193;5664;432;3.3;0.3
52;2021-02-02;60;178;5724;610;3.4;0.4
52;2021-02-03;92;416;5816;1026;3.4;0.6
52;2021-02-04;230;598;6046;1624;3.6;1.0
52;2021-02-05;113;506;6159;2130;3.6;1.3
52;2021-02-06;22;0;6181;2130;3.7;1.3
52;2021-02-07;0;1;6181;2131;3.7;1.3
52;2021-02-08;34;209;6215;2340;3.7;1.4
52;2021-02-09;47;216;6262;2556;3.7;1.5
52;2021-02-10;87;191;6349;2747;3.8;1.6
52;2021-02-11;129;146;6478;2893;3.8;1.7
52;2021-02-12;189;125;6667;3018;3.9;1.8
52;2021-02-13;5;1;6672;3019;3.9;1.8
52;2021-02-14;0;16;6672;3035;3.9;1.8
52;2021-02-15;80;277;6752;3312;4.0;2.0
52;2021-02-16;49;356;6801;3668;4.0;2.2
52;2021-02-17;37;316;6838;3984;4.0;2.4
52;2021-02-18;83;280;6921;4264;4.1;2.5
52;2021-02-19;51;192;6972;4456;4.1;2.6
52;2021-02-20;14;111;6986;4567;4.1;2.7
52;2021-02-21;0;0;6986;4567;4.1;2.7
52;2021-02-22;42;383;7028;4950;4.2;2.9
52;2021-02-23;55;277;7083;5227;4.2;3.1
52;2021-02-24;82;248;7165;5475;4.2;3.2
52;2021-02-25;161;234;7326;5709;4.3;3.4
52;2021-02-26;296;181;7622;5890;4.5;3.5
52;2021-02-27;149;46;7771;5936;4.6;3.5
52;2021-02-28;0;0;7771;5936;4.6;3.5
52;2021-03-01;163;14;7934;5950;4.7;3.5
52;2021-03-02;195;50;8129;6000;4.8;3.5
52;2021-03-03;355;34;8484;6034;5.0;3.6
52;2021-03-04;375;54;8859;6088;5.2;3.6
52;2021-03-05;531;47;9390;6135;5.5;3.6
52;2021-03-06;409;31;9799;6166;5.8;3.6
52;2021-03-07;0;0;9799;6166;5.8;3.6
52;2021-03-08;398;106;10197;6272;6.0;3.7
52;2021-03-09;546;102;10743;6374;6.3;3.8
52;2021-03-10;308;108;11051;6482;6.5;3.8
52;2021-03-11;581;31;11632;6513;6.9;3.8
52;2021-03-12;579;61;12211;6574;7.2;3.9
52;2021-03-13;488;4;12699;6578;7.5;3.9
52;2021-03-14;13;3;12712;6581;7.5;3.9
52;2021-03-15;314;21;13026;6602;7.7;3.9
52;2021-03-16;203;14;13229;6616;7.8;3.9
52;2021-03-17;357;12;13586;6628;8.0;3.9
52;2021-03-18;441;7;14027;6635;8.3;3.9
52;2021-03-19;450;51;14477;6686;8.6;4.0
52;2021-03-20;259;11;14736;6697;8.7;4.0
52;2021-03-21;15;0;14751;6697;8.7;4.0
52;2021-03-22;375;47;15126;6744;8.9;4.0
52;2021-03-23;675;87;15801;6831;9.3;4.0
52;2021-03-24;771;66;16572;6897;9.8;4.1
52;2021-03-25;1133;77;17705;6974;10.5;4.1
52;2021-03-26;1027;138;18732;7112;11.1;4.2
52;2021-03-27;476;75;19208;7187;11.3;4.2
52;2021-03-28;53;0;19261;7187;11.4;4.2
52;2021-03-29;506;185;19767;7372;11.7;4.4
52;2021-03-30;864;284;20631;7656;12.2;4.5
52;2021-03-31;958;284;21589;7940;12.8;4.7
52;2021-04-01;1145;166;22734;8106;13.4;4.8
52;2021-04-02;957;94;23691;8200;14.0;4.8
52;2021-04-03;453;2;24144;8202;14.3;4.8
52;2021-04-04;1;1;24145;8203;14.3;4.8
52;2021-04-05;1;0;24146;8203;14.3;4.8
52;2021-04-06;428;290;24574;8493;14.5;5.0
52;2021-04-07;503;448;25077;8941;14.8;5.3
52;2021-04-08;842;207;25919;9148;15.3;5.4
52;2021-04-09;1060;123;26979;9271;15.9;5.5
52;2021-04-10;851;100;27830;9371;16.4;5.5
52;2021-04-11;96;1;27926;9372;16.5;5.5
52;2021-04-12;931;271;28857;9643;17.0;5.7
52;2021-04-13;1245;370;30102;10013;17.8;5.9
52;2021-04-14;1347;449;31449;10462;18.6;6.2
52;2021-04-15;1508;428;32957;10890;19.5;6.4
52;2021-04-16;1571;363;34528;11253;20.4;6.6
52;2021-04-17;1305;120;35833;11373;21.2;6.7
52;2021-04-18;509;29;36342;11402;21.5;6.7
52;2021-04-19;692;608;37034;12010;21.9;7.1
52;2021-04-20;1075;660;38109;12670;22.5;7.5
52;2021-04-21;1059;672;39168;13342;23.1;7.9
52;2021-04-22;1468;714;40636;14056;24.0;8.3
52;2021-04-23;1252;650;41888;14706;24.7;8.7
52;2021-04-24;475;287;42363;14993;25.0;8.9
52;2021-04-25;2;77;42365;15070;25.0;8.9
52;2021-04-26;628;559;42993;15629;25.4;9.2
52;2021-04-27;931;674;43924;16303;26.0;9.6
52;2021-04-28;1439;556;45363;16859;26.8;10.0
52;2021-04-29;1450;565;46813;17424;27.7;10.3
52;2021-04-30;1314;604;48127;18028;28.4;10.7
52;2021-05-01;8;232;48135;18260;28.4;10.8
52;2021-05-02;0;1;48135;18261;28.4;10.8
52;2021-05-03;1161;624;49296;18885;29.1;11.2
52;2021-05-04;1448;711;50744;19596;30.0;11.6
52;2021-05-05;1769;643;52513;20239;31.0;12.0
52;2021-05-06;1973;493;54486;20732;32.2;12.2
52;2021-05-07;1442;1153;55928;21885;33.0;12.9
52;2021-05-08;587;314;56515;22199;33.4;13.1
52;2021-05-09;1;47;56516;22246;33.4;13.1
52;2021-05-10;792;1098;57308;23344;33.9;13.8
52;2021-05-11;865;1394;58173;24738;34.4;14.6
52;2021-05-12;1203;1377;59376;26115;35.1;15.4
52;2021-05-13;67;184;59443;26299;35.1;15.5
52;2021-05-14;1181;1356;60624;27655;35.8;16.3
52;2021-05-15;492;929;61116;28584;36.1;16.9
52;2021-05-16;7;43;61123;28627;36.1;16.9
52;2021-05-17;1144;705;62267;29332;36.8;17.3
52;2021-05-18;1216;666;63483;29998;37.5;17.7
52;2021-05-19;1543;414;65026;30412;38.4;18.0
52;2021-05-20;1546;419;66572;30831;39.3;18.2
52;2021-05-21;1623;613;68195;31444;40.3;18.6
52;2021-05-22;1088;207;69283;31651;40.9;18.7
52;2021-05-23;1;0;69284;31651;40.9;18.7
52;2021-05-24;402;33;69686;31684;41.2;18.7
52;2021-05-25;1355;383;71041;32067;42.0;18.9
52;2021-05-26;1477;668;72518;32735;42.8;19.3
52;2021-05-27;1565;788;74083;33523;43.8;19.8
52;2021-05-28;1486;670;75569;34193;44.6;20.2
52;2021-05-29;695;834;76264;35027;45.1;20.7
52;2021-05-30;17;551;76281;35578;45.1;21.0
52;2021-05-31;823;827;77104;36405;45.6;21.5
52;2021-06-01;956;812;78060;37217;46.1;22.0
52;2021-06-02;894;742;78954;37959;46.6;22.4
52;2021-06-03;825;825;79779;38784;47.1;22.9
52;2021-06-04;881;1341;80660;40125;47.7;23.7
52;2021-06-05;579;637;81239;40762;48.0;24.1
52;2021-06-06;27;55;81266;40817;48.0;24.1
52;2021-06-07;357;930;81623;41747;48.2;24.7
52;2021-06-08;550;1468;82173;43215;48.6;25.5
52;2021-06-09;612;1474;82785;44689;48.9;26.4
52;2021-06-10;790;1156;83575;45845;49.4;27.1
52;2021-06-11;827;1347;84402;47192;49.9;27.9
52;2021-06-12;420;586;84822;47778;50.1;28.2
52;2021-06-13;1;6;84823;47784;50.1;28.2
52;2021-06-14;169;1415;84992;49199;50.2;29.1
52;2021-06-15;221;1811;85213;51010;50.3;30.1
52;2021-06-16;352;2001;85565;53011;50.6;31.3
52;2021-06-17;259;1158;85824;54169;50.7;32.0
52;2021-06-18;305;1559;86129;55728;50.9;32.9
52;2021-06-19;501;692;86630;56420;51.2;33.3
52;2021-06-20;0;17;86630;56437;51.2;33.3
52;2021-06-21;521;898;87151;57335;51.5;33.9
52;2021-06-22;501;1053;87652;58388;51.8;34.5
52;2021-06-23;540;1044;88192;59432;52.1;35.1
52;2021-06-24;605;702;88797;60134;52.5;35.5
52;2021-06-25;650;1310;89447;61444;52.8;36.3
52;2021-06-26;264;721;89711;62165;53.0;36.7
52;2021-06-27;1;8;89712;62173;53.0;36.7
52;2021-06-28;182;1444;89894;63617;53.1;37.6
52;2021-06-29;161;1418;90055;65035;53.2;38.4
52;2021-06-30;212;1472;90267;66507;53.3;39.3
52;2021-07-01;310;1024;90577;67531;53.5;39.9
52;2021-07-02;428;1453;91005;68984;53.8;40.8
52;2021-07-03;298;1150;91303;70134;53.9;41.4
52;2021-07-04;0;11;91303;70145;53.9;41.4
52;2021-07-05;171;1456;91474;71601;54.0;42.3
52;2021-07-06;283;1454;91757;73055;54.2;43.2
52;2021-07-07;300;1164;92057;74219;54.4;43.9
52;2021-07-08;470;1165;92527;75384;54.7;44.5
52;2021-07-09;284;1621;92811;77005;54.8;45.5
52;2021-07-10;139;821;92950;77826;54.9;46.0
52;2021-07-11;0;12;92950;77838;54.9;46.0
52;2021-07-12;276;1463;93226;79301;55.1;46.9
52;2021-07-13;575;1367;93801;80668;55.4;47.7
52;2021-07-14;435;150;94236;80818;55.7;47.8
52;2021-07-15;557;1417;94793;82235;56.0;48.6
53;2020-12-27;0;0;0;0;0.0;0.0
53;2020-12-28;0;0;0;0;0.0;0.0
53;2020-12-29;0;0;0;0;0.0;0.0
53;2020-12-30;0;0;0;0;0.0;0.0
53;2020-12-31;0;0;0;0;0.0;0.0
53;2021-01-01;0;0;0;0;0.0;0.0
53;2021-01-02;0;0;0;0;0.0;0.0
53;2021-01-03;0;0;0;0;0.0;0.0
53;2021-01-04;0;0;0;0;0.0;0.0
53;2021-01-05;0;0;0;0;0.0;0.0
53;2021-01-06;0;0;0;0;0.0;0.0
53;2021-01-07;102;0;102;0;0.0;0.0
53;2021-01-08;284;1;386;1;0.1;0.0
53;2021-01-09;134;1;520;2;0.2;0.0
53;2021-01-10;15;0;535;2;0.2;0.0
53;2021-01-11;176;0;711;2;0.2;0.0
53;2021-01-12;453;1;1164;3;0.4;0.0
53;2021-01-13;252;0;1416;3;0.5;0.0
53;2021-01-14;289;6;1705;9;0.6;0.0
53;2021-01-15;343;4;2048;13;0.7;0.0
53;2021-01-16;61;0;2109;13;0.7;0.0
53;2021-01-17;24;1;2133;14;0.7;0.0
53;2021-01-18;364;0;2497;14;0.8;0.0
53;2021-01-19;592;0;3089;14;1.0;0.0
53;2021-01-20;742;0;3831;14;1.3;0.0
53;2021-01-21;769;2;4600;16;1.5;0.0
53;2021-01-22;705;2;5305;18;1.7;0.0
53;2021-01-23;161;0;5466;18;1.8;0.0
53;2021-01-24;6;0;5472;18;1.8;0.0
53;2021-01-25;550;0;6022;18;2.0;0.0
53;2021-01-26;1196;5;7218;23;2.4;0.0
53;2021-01-27;696;4;7914;27;2.6;0.0
53;2021-01-28;738;95;8652;122;2.8;0.0
53;2021-01-29;422;189;9074;311;3.0;0.1
53;2021-01-30;128;0;9202;311;3.0;0.1
53;2021-01-31;0;0;9202;311;3.0;0.1
53;2021-02-01;297;149;9499;460;3.1;0.2
53;2021-02-02;309;231;9808;691;3.2;0.2
53;2021-02-03;226;378;10034;1069;3.3;0.4
53;2021-02-04;181;333;10215;1402;3.3;0.5
53;2021-02-05;234;304;10449;1706;3.4;0.6
53;2021-02-06;152;23;10601;1729;3.5;0.6
53;2021-02-07;0;0;10601;1729;3.5;0.6
53;2021-02-08;166;108;10767;1837;3.5;0.6
53;2021-02-09;369;212;11136;2049;3.6;0.7
53;2021-02-10;266;435;11402;2484;3.7;0.8
53;2021-02-11;429;484;11831;2968;3.9;1.0
53;2021-02-12;316;572;12147;3540;4.0;1.2
53;2021-02-13;95;66;12242;3606;4.0;1.2
53;2021-02-14;0;99;12242;3705;4.0;1.2
53;2021-02-15;239;431;12481;4136;4.1;1.4
53;2021-02-16;528;847;13009;4983;4.3;1.6
53;2021-02-17;390;616;13399;5599;4.4;1.8
53;2021-02-18;544;576;13943;6175;4.6;2.0
53;2021-02-19;895;414;14838;6589;4.9;2.2
53;2021-02-20;139;110;14977;6699;4.9;2.2
53;2021-02-21;0;20;14977;6719;4.9;2.2
53;2021-02-22;160;588;15137;7307;5.0;2.4
53;2021-02-23;59;660;15196;7967;5.0;2.6
53;2021-02-24;136;517;15332;8484;5.0;2.8
53;2021-02-25;457;354;15789;8838;5.2;2.9
53;2021-02-26;439;262;16228;9100;5.3;3.0
53;2021-02-27;86;115;16314;9215;5.3;3.0
53;2021-02-28;0;0;16314;9215;5.3;3.0
53;2021-03-01;230;282;16544;9497;5.4;3.1
53;2021-03-02;246;255;16790;9752;5.5;3.2
53;2021-03-03;319;392;17109;10144;5.6;3.3
53;2021-03-04;858;326;17967;10470;5.9;3.4
53;2021-03-05;659;277;18626;10747;6.1;3.5
53;2021-03-06;445;212;19071;10959;6.2;3.6
53;2021-03-07;276;3;19347;10962;6.3;3.6
53;2021-03-08;375;176;19722;11138;6.5;3.6
53;2021-03-09;878;237;20600;11375;6.7;3.7
53;2021-03-10;807;103;21407;11478;7.0;3.8
53;2021-03-11;1247;215;22654;11693;7.4;3.8
53;2021-03-12;1599;128;24253;11821;7.9;3.9
53;2021-03-13;822;4;25075;11825;8.2;3.9
53;2021-03-14;1;0;25076;11825;8.2;3.9
53;2021-03-15;1001;295;26077;12120;8.5;4.0
53;2021-03-16;1033;322;27110;12442;8.9;4.1
53;2021-03-17;682;261;27792;12703;9.1;4.2
53;2021-03-18;971;338;28763;13041;9.4;4.3
53;2021-03-19;1341;592;30104;13633;9.9;4.5
53;2021-03-20;591;13;30695;13646;10.1;4.5
53;2021-03-21;2;0;30697;13646;10.1;4.5
53;2021-03-22;1209;146;31906;13792;10.4;4.5
53;2021-03-23;1695;58;33601;13850;11.0;4.5
53;2021-03-24;1321;113;34922;13963;11.4;4.6
53;2021-03-25;2319;219;37241;14182;12.2;4.6
53;2021-03-26;1882;140;39123;14322;12.8;4.7
53;2021-03-27;339;2;39462;14324;12.9;4.7
53;2021-03-28;0;0;39462;14324;12.9;4.7
53;2021-03-29;1472;200;40934;14524;13.4;4.8
53;2021-03-30;1945;193;42879;14717;14.0;4.8
53;2021-03-31;1789;215;44668;14932;14.6;4.9
53;2021-04-01;1945;658;46613;15590;15.3;5.1
53;2021-04-02;2073;216;48686;15806;15.9;5.2
53;2021-04-03;414;0;49100;15806;16.1;5.2
53;2021-04-04;10;0;49110;15806;16.1;5.2
53;2021-04-05;8;15;49118;15821;16.1;5.2
53;2021-04-06;1304;498;50422;16319;16.5;5.3
53;2021-04-07;1175;919;51597;17238;16.9;5.6
53;2021-04-08;1662;999;53259;18237;17.4;6.0
53;2021-04-09;1956;383;55215;18620;18.1;6.1
53;2021-04-10;543;10;55758;18630;18.3;6.1
53;2021-04-11;12;0;55770;18630;18.3;6.1
53;2021-04-12;696;1066;56466;19696;18.5;6.4
53;2021-04-13;1471;1097;57937;20793;19.0;6.8
53;2021-04-14;1020;730;58957;21523;19.3;7.0
53;2021-04-15;1159;1108;60116;22631;19.7;7.4
53;2021-04-16;1271;813;61387;23444;20.1;7.7
53;2021-04-17;279;271;61666;23715;20.2;7.8
53;2021-04-18;0;0;61666;23715;20.2;7.8
53;2021-04-19;679;1066;62345;24781;20.4;8.1
53;2021-04-20;935;1452;63280;26233;20.7;8.6
53;2021-04-21;848;1008;64128;27241;21.0;8.9
53;2021-04-22;1046;1609;65174;28850;21.3;9.4
53;2021-04-23;1323;1039;66497;29889;21.8;9.8
53;2021-04-24;67;7;66564;29896;21.8;9.8
53;2021-04-25;5;39;66569;29935;21.8;9.8
53;2021-04-26;368;1238;66937;31173;21.9;10.2
53;2021-04-27;724;1970;67661;33143;22.2;10.9
53;2021-04-28;978;1385;68639;34528;22.5;11.3
53;2021-04-29;1050;1707;69689;36235;22.8;11.9
53;2021-04-30;1358;1304;71047;37539;23.3;12.3
53;2021-05-01;35;50;71082;37589;23.3;12.3
53;2021-05-02;0;0;71082;37589;23.3;12.3
53;2021-05-03;1571;698;72653;38287;23.8;12.5
53;2021-05-04;1306;1436;73959;39723;24.2;13.0
53;2021-05-05;1610;821;75569;40544;24.7;13.3
53;2021-05-06;1392;1388;76961;41932;25.2;13.7
53;2021-05-07;1535;1296;78496;43228;25.7;14.2
53;2021-05-08;936;33;79432;43261;26.0;14.2
53;2021-05-09;11;2;79443;43263;26.0;14.2
53;2021-05-10;2416;801;81859;44064;26.8;14.4
53;2021-05-11;3098;1281;84957;45345;27.8;14.8
53;2021-05-12;2750;1079;87707;46424;28.7;15.2
53;2021-05-13;350;26;88057;46450;28.8;15.2
53;2021-05-14;2019;674;90076;47124;29.5;15.4
53;2021-05-15;1058;60;91134;47184;29.8;15.5
53;2021-05-16;0;0;91134;47184;29.8;15.5
53;2021-05-17;1703;1196;92837;48380;30.4;15.8
53;2021-05-18;1882;1536;94719;49916;31.0;16.3
53;2021-05-19;2302;730;97021;50646;31.8;16.6
53;2021-05-20;3217;851;100238;51497;32.8;16.9
53;2021-05-21;2796;821;103034;52318;33.7;17.1
53;2021-05-22;19;60;103053;52378;33.7;17.2
53;2021-05-23;0;0;103053;52378;33.7;17.2
53;2021-05-24;7;6;103060;52384;33.7;17.2
53;2021-05-25;1818;802;104878;53186;34.3;17.4
53;2021-05-26;1852;899;106730;54085;35.0;17.7
53;2021-05-27;3073;1072;109803;55157;36.0;18.1
53;2021-05-28;2562;871;112365;56028;36.8;18.3
53;2021-05-29;843;244;113208;56272;37.1;18.4
53;2021-05-30;15;6;113223;56278;37.1;18.4
53;2021-05-31;2565;799;115788;57077;37.9;18.7
53;2021-06-01;3488;1251;119276;58328;39.1;19.1
53;2021-06-02;3179;515;122455;58843;40.1;19.3
53;2021-06-03;4192;776;126647;59619;41.5;19.5
53;2021-06-04;3181;1265;129828;60884;42.5;19.9
53;2021-06-05;136;245;129964;61129;42.6;20.0
53;2021-06-06;0;4;129964;61133;42.6;20.0
53;2021-06-07;2625;928;132589;62061;43.4;20.3
53;2021-06-08;3559;1119;136148;63180;44.6;20.7
53;2021-06-09;2447;936;138595;64116;45.4;21.0
53;2021-06-10;3507;836;142102;64952;46.5;21.3
53;2021-06-11;2960;1201;145062;66153;47.5;21.7
53;2021-06-12;108;140;145170;66293;47.5;21.7
53;2021-06-13;10;2;145180;66295;47.5;21.7
53;2021-06-14;1596;1791;146776;68086;48.1;22.3
53;2021-06-15;1890;2258;148666;70344;48.7;23.0
53;2021-06-16;1822;1728;150488;72072;49.3;23.6
53;2021-06-17;3005;1646;153493;73718;50.3;24.1
53;2021-06-18;2688;1807;156181;75525;51.1;24.7
53;2021-06-19;760;1166;156941;76691;51.4;25.1
53;2021-06-20;3;479;156944;77170;51.4;25.3
53;2021-06-21;913;2536;157857;79706;51.7;26.1
53;2021-06-22;1292;3457;159149;83163;52.1;27.2
53;2021-06-23;1357;2896;160506;86059;52.6;28.2
53;2021-06-24;1800;2033;162306;88092;53.2;28.8
53;2021-06-25;1775;2044;164081;90136;53.7;29.5
53;2021-06-26;975;348;165056;90484;54.1;29.6
53;2021-06-27;6;8;165062;90492;54.1;29.6
53;2021-06-28;659;2902;165721;93394;54.3;30.6
53;2021-06-29;852;3654;166573;97048;54.5;31.8
53;2021-06-30;742;1513;167315;98561;54.8;32.3
53;2021-07-01;1482;2636;168797;101197;55.3;33.1
53;2021-07-02;1479;2022;170276;103219;55.8;33.8
53;2021-07-03;853;568;171129;103787;56.0;34.0
53;2021-07-04;0;4;171129;103791;56.0;34.0
53;2021-07-05;532;2062;171661;105853;56.2;34.7
53;2021-07-06;849;3615;172510;109468;56.5;35.8
53;2021-07-07;1009;2650;173519;112118;56.8;36.7
53;2021-07-08;1305;3119;174824;115237;57.3;37.7
53;2021-07-09;1115;3398;175939;118635;57.6;38.9
53;2021-07-10;422;1000;176361;119635;57.8;39.2
53;2021-07-11;12;20;176373;119655;57.8;39.2
53;2021-07-12;499;3712;176872;123367;57.9;40.4
53;2021-07-13;888;4765;177760;128132;58.2;42.0
53;2021-07-14;104;283;177864;128415;58.2;42.1
53;2021-07-15;1098;4346;178962;132761;58.6;43.5
54;2020-12-27;0;0;0;0;0.0;0.0
54;2020-12-28;0;0;0;0;0.0;0.0
54;2020-12-29;0;0;0;0;0.0;0.0
54;2020-12-30;0;0;0;0;0.0;0.0
54;2020-12-31;10;0;10;0;0.0;0.0
54;2021-01-01;0;0;10;0;0.0;0.0
54;2021-01-02;0;0;10;0;0.0;0.0
54;2021-01-03;1;0;11;0;0.0;0.0
54;2021-01-04;162;0;173;0;0.0;0.0
54;2021-01-05;395;0;568;0;0.1;0.0
54;2021-01-06;647;1;1215;1;0.2;0.0
54;2021-01-07;815;2;2030;3;0.3;0.0
54;2021-01-08;704;3;2734;6;0.4;0.0
54;2021-01-09;81;0;2815;6;0.4;0.0
54;2021-01-10;78;0;2893;6;0.4;0.0
54;2021-01-11;974;3;3867;9;0.5;0.0
54;2021-01-12;1180;1;5047;10;0.7;0.0
54;2021-01-13;2363;6;7410;16;1.0;0.0
54;2021-01-14;3368;29;10778;45;1.5;0.0
54;2021-01-15;2679;10;13457;55;1.8;0.0
54;2021-01-16;813;3;14270;58;2.0;0.0
54;2021-01-17;210;0;14480;58;2.0;0.0
54;2021-01-18;1556;4;16036;62;2.2;0.0
54;2021-01-19;1691;0;17727;62;2.4;0.0
54;2021-01-20;1485;6;19212;68;2.6;0.0
54;2021-01-21;1341;3;20553;71;2.8;0.0
54;2021-01-22;1086;7;21639;78;3.0;0.0
54;2021-01-23;476;0;22115;78;3.0;0.0
54;2021-01-24;66;0;22181;78;3.0;0.0
54;2021-01-25;937;30;23118;108;3.2;0.0
54;2021-01-26;142;5;23260;113;3.2;0.0
54;2021-01-27;12;173;23272;286;3.2;0.0
54;2021-01-28;28;237;23300;523;3.2;0.1
54;2021-01-29;15;279;23315;802;3.2;0.1
54;2021-01-30;3;0;23318;802;3.2;0.1
54;2021-01-31;1;0;23319;802;3.2;0.1
54;2021-02-01;8;787;23327;1589;3.2;0.2
54;2021-02-02;22;974;23349;2563;3.2;0.4
54;2021-02-03;359;1536;23708;4099;3.2;0.6
54;2021-02-04;725;2457;24433;6556;3.3;0.9
54;2021-02-05;794;1900;25227;8456;3.5;1.2
54;2021-02-06;202;338;25429;8794;3.5;1.2
54;2021-02-07;4;127;25433;8921;3.5;1.2
54;2021-02-08;116;1002;25549;9923;3.5;1.4
54;2021-02-09;302;1071;25851;10994;3.5;1.5
54;2021-02-10;387;802;26238;11796;3.6;1.6
54;2021-02-11;291;818;26529;12614;3.6;1.7
54;2021-02-12;448;1302;26977;13916;3.7;1.9
54;2021-02-13;146;237;27123;14153;3.7;1.9
54;2021-02-14;9;11;27132;14164;3.7;1.9
54;2021-02-15;433;1143;27565;15307;3.8;2.1
54;2021-02-16;399;1226;27964;16533;3.8;2.3
54;2021-02-17;521;959;28485;17492;3.9;2.4
54;2021-02-18;591;790;29076;18282;4.0;2.5
54;2021-02-19;520;775;29596;19057;4.1;2.6
54;2021-02-20;35;284;29631;19341;4.1;2.6
54;2021-02-21;3;25;29634;19366;4.1;2.7
54;2021-02-22;483;605;30117;19971;4.1;2.7
54;2021-02-23;677;567;30794;20538;4.2;2.8
54;2021-02-24;727;365;31521;20903;4.3;2.9
54;2021-02-25;1473;732;32994;21635;4.5;3.0
54;2021-02-26;1760;773;34754;22408;4.8;3.1
54;2021-02-27;699;104;35453;22512;4.9;3.1
54;2021-02-28;10;28;35463;22540;4.9;3.1
54;2021-03-01;645;214;36108;22754;4.9;3.1
54;2021-03-02;1498;133;37606;22887;5.1;3.1
54;2021-03-03;1756;55;39362;22942;5.4;3.1
54;2021-03-04;2022;95;41384;23037;5.7;3.2
54;2021-03-05;2794;131;44178;23168;6.0;3.2
54;2021-03-06;4021;92;48199;23260;6.6;3.2
54;2021-03-07;2619;55;50818;23315;7.0;3.2
54;2021-03-08;1334;52;52152;23367;7.1;3.2
54;2021-03-09;2639;89;54791;23456;7.5;3.2
54;2021-03-10;3194;97;57985;23553;7.9;3.2
54;2021-03-11;3383;72;61368;23625;8.4;3.2
54;2021-03-12;4970;150;66338;23775;9.1;3.3
54;2021-03-13;4192;98;70530;23873;9.7;3.3
54;2021-03-14;543;32;71073;23905;9.7;3.3
54;2021-03-15;1716;96;72789;24001;10.0;3.3
54;2021-03-16;1729;157;74518;24158;10.2;3.3
54;2021-03-17;2080;139;76598;24297;10.5;3.3
54;2021-03-18;2049;152;78647;24449;10.8;3.3
54;2021-03-19;3314;232;81961;24681;11.2;3.4
54;2021-03-20;2300;67;84261;24748;11.5;3.4
54;2021-03-21;295;15;84556;24763;11.6;3.4
54;2021-03-22;1033;323;85589;25086;11.7;3.4
54;2021-03-23;1925;513;87514;25599;12.0;3.5
54;2021-03-24;2190;705;89704;26304;12.3;3.6
54;2021-03-25;3159;718;92863;27022;12.7;3.7
54;2021-03-26;3514;782;96377;27804;13.2;3.8
54;2021-03-27;2413;284;98790;28088;13.5;3.8
54;2021-03-28;278;3;99068;28091;13.6;3.8
54;2021-03-29;1662;382;100730;28473;13.8;3.9
54;2021-03-30;2547;963;103277;29436;14.1;4.0
54;2021-03-31;2593;1141;105870;30577;14.5;4.2
54;2021-04-01;3212;1232;109082;31809;14.9;4.4
54;2021-04-02;2970;1642;112052;33451;15.3;4.6
54;2021-04-03;1260;1309;113312;34760;15.5;4.8
54;2021-04-04;137;423;113449;35183;15.5;4.8
54;2021-04-05;143;575;113592;35758;15.6;4.9
54;2021-04-06;1258;1641;114850;37399;15.7;5.1
54;2021-04-07;894;2279;115744;39678;15.8;5.4
54;2021-04-08;2297;2460;118041;42138;16.2;5.8
54;2021-04-09;4110;3138;122151;45276;16.7;6.2
54;2021-04-10;3202;1654;125353;46930;17.2;6.4
54;2021-04-11;206;1003;125559;47933;17.2;6.6
54;2021-04-12;2197;1527;127756;49460;17.5;6.8
54;2021-04-13;2999;1948;130755;51408;17.9;7.0
54;2021-04-14;3251;1837;134006;53245;18.3;7.3
54;2021-04-15;2884;2272;136890;55517;18.7;7.6
54;2021-04-16;3136;2577;140026;58094;19.2;8.0
54;2021-04-17;3465;1467;143491;59561;19.6;8.2
54;2021-04-18;60;245;143551;59806;19.7;8.2
54;2021-04-19;2459;1054;146010;60860;20.0;8.3
54;2021-04-20;3022;1225;149032;62085;20.4;8.5
54;2021-04-21;4393;1575;153425;63660;21.0;8.7
54;2021-04-22;3716;2336;157141;65996;21.5;9.0
54;2021-04-23;3863;2034;161004;68030;22.0;9.3
54;2021-04-24;2335;1019;163339;69049;22.4;9.5
54;2021-04-25;281;275;163620;69324;22.4;9.5
54;2021-04-26;2302;1247;165922;70571;22.7;9.7
54;2021-04-27;3222;1373;169144;71944;23.2;9.8
54;2021-04-28;2958;1912;172102;73856;23.6;10.1
54;2021-04-29;3785;2051;175887;75907;24.1;10.4
54;2021-04-30;4478;1902;180365;77809;24.7;10.7
54;2021-05-01;2259;790;182624;78599;25.0;10.8
54;2021-05-02;227;67;182851;78666;25.0;10.8
54;2021-05-03;3091;919;185942;79585;25.5;10.9
54;2021-05-04;3507;1415;189449;81000;25.9;11.1
54;2021-05-05;4881;1358;194330;82358;26.6;11.3
54;2021-05-06;4428;2762;198758;85120;27.2;11.7
54;2021-05-07;4807;3366;203565;88486;27.9;12.1
54;2021-05-08;2012;628;205577;89114;28.1;12.2
54;2021-05-09;373;134;205950;89248;28.2;12.2
54;2021-05-10;3195;2229;209145;91477;28.6;12.5
54;2021-05-11;5480;2896;214625;94373;29.4;12.9
54;2021-05-12;4128;3371;218753;97744;29.9;13.4
54;2021-05-13;2641;479;221394;98223;30.3;13.4
54;2021-05-14;6871;1936;228265;100159;31.3;13.7
54;2021-05-15;5466;1280;233731;101439;32.0;13.9
54;2021-05-16;939;102;234670;101541;32.1;13.9
54;2021-05-17;3782;781;238452;102322;32.6;14.0
54;2021-05-18;3283;1085;241735;103407;33.1;14.2
54;2021-05-19;3452;1461;245187;104868;33.6;14.4
54;2021-05-20;4525;1585;249712;106453;34.2;14.6
54;2021-05-21;6707;2440;256419;108893;35.1;14.9
54;2021-05-22;5605;1334;262024;110227;35.9;15.1
54;2021-05-23;503;52;262527;110279;35.9;15.1
54;2021-05-24;1442;341;263969;110620;36.1;15.1
54;2021-05-25;4062;1510;268031;112130;36.7;15.4
54;2021-05-26;3521;2199;271552;114329;37.2;15.7
54;2021-05-27;4167;2405;275719;116734;37.7;16.0
54;2021-05-28;4905;3532;280624;120266;38.4;16.5
54;2021-05-29;3823;3965;284447;124231;38.9;17.0
54;2021-05-30;127;83;284574;124314;39.0;17.0
54;2021-05-31;2920;3054;287494;127368;39.4;17.4
54;2021-06-01;2605;4177;290099;131545;39.7;18.0
54;2021-06-02;2138;4069;292237;135614;40.0;18.6
54;2021-06-03;3083;5638;295320;141252;40.4;19.3
54;2021-06-04;4953;5435;300273;146687;41.1;20.1
54;2021-06-05;2334;3279;302607;149966;41.4;20.5
54;2021-06-06;66;234;302673;150200;41.4;20.6
54;2021-06-07;3671;2918;306344;153118;41.9;21.0
54;2021-06-08;4446;4244;310790;157362;42.6;21.5
54;2021-06-09;5904;3244;316694;160606;43.4;22.0
54;2021-06-10;5239;4387;321933;164993;44.1;22.6
54;2021-06-11;4918;4851;326851;169844;44.7;23.3
54;2021-06-12;4123;3209;330974;173053;45.3;23.7
54;2021-06-13;55;212;331029;173265;45.3;23.7
54;2021-06-14;2266;3576;333295;176841;45.6;24.2
54;2021-06-15;2782;4712;336077;181553;46.0;24.9
54;2021-06-16;3424;5612;339501;187165;46.5;25.6
54;2021-06-17;3107;5203;342608;192368;46.9;26.3
54;2021-06-18;4085;6219;346693;198587;47.5;27.2
54;2021-06-19;2599;3126;349292;201713;47.8;27.6
54;2021-06-20;120;338;349412;202051;47.8;27.7
54;2021-06-21;2498;4743;351910;206794;48.2;28.3
54;2021-06-22;2003;6228;353913;213022;48.5;29.2
54;2021-06-23;2152;5597;356065;218619;48.7;29.9
54;2021-06-24;2055;3458;358120;222077;49.0;30.4
54;2021-06-25;2171;7044;360291;229121;49.3;31.4
54;2021-06-26;2352;5641;362643;234762;49.7;32.1
54;2021-06-27;129;603;362772;235365;49.7;32.2
54;2021-06-28;1919;4320;364691;239685;49.9;32.8
54;2021-06-29;1900;5206;366591;244891;50.2;33.5
54;2021-06-30;1952;5123;368543;250014;50.5;34.2
54;2021-07-01;2089;5982;370632;255996;50.7;35.0
54;2021-07-02;2751;7532;373383;263528;51.1;36.1
54;2021-07-03;2704;4011;376087;267539;51.5;36.6
54;2021-07-04;194;498;376281;268037;51.5;36.7
54;2021-07-05;1674;4229;377955;272266;51.7;37.3
54;2021-07-06;2022;5006;379977;277272;52.0;38.0
54;2021-07-07;1705;4820;381682;282092;52.3;38.6
54;2021-07-08;1648;4099;383330;286191;52.5;39.2
54;2021-07-09;3125;5970;386455;292161;52.9;40.0
54;2021-07-10;2475;4283;388930;296444;53.2;40.6
54;2021-07-11;9;104;388939;296548;53.3;40.6
54;2021-07-12;1979;4588;390918;301136;53.5;41.2
54;2021-07-13;2565;4906;393483;306042;53.9;41.9
54;2021-07-14;1414;1476;394897;307518;54.1;42.1
54;2021-07-15;2981;4774;397878;312292;54.5;42.8
55;2020-12-27;0;0;0;0;0.0;0.0
55;2020-12-28;0;0;0;0;0.0;0.0
55;2020-12-29;0;0;0;0;0.0;0.0
55;2020-12-30;0;0;0;0;0.0;0.0
55;2020-12-31;0;0;0;0;0.0;0.0
55;2021-01-01;0;0;0;0;0.0;0.0
55;2021-01-02;0;0;0;0;0.0;0.0
55;2021-01-03;0;0;0;0;0.0;0.0
55;2021-01-04;1;0;1;0;0.0;0.0
55;2021-01-05;0;0;1;0;0.0;0.0
55;2021-01-06;0;0;1;0;0.0;0.0
55;2021-01-07;122;0;123;0;0.1;0.0
55;2021-01-08;127;0;250;0;0.1;0.0
55;2021-01-09;52;0;302;0;0.2;0.0
55;2021-01-10;0;0;302;0;0.2;0.0
55;2021-01-11;127;1;429;1;0.2;0.0
55;2021-01-12;119;0;548;1;0.3;0.0
55;2021-01-13;133;0;681;1;0.4;0.0
55;2021-01-14;641;5;1322;6;0.7;0.0
55;2021-01-15;237;0;1559;6;0.9;0.0
55;2021-01-16;61;0;1620;6;0.9;0.0
55;2021-01-17;1;0;1621;6;0.9;0.0
55;2021-01-18;413;0;2034;6;1.1;0.0
55;2021-01-19;351;2;2385;8;1.3;0.0
55;2021-01-20;451;2;2836;10;1.6;0.0
55;2021-01-21;430;0;3266;10;1.8;0.0
55;2021-01-22;392;0;3658;10;2.0;0.0
55;2021-01-23;49;0;3707;10;2.0;0.0
55;2021-01-24;0;0;3707;10;2.0;0.0
55;2021-01-25;436;0;4143;10;2.3;0.0
55;2021-01-26;428;0;4571;10;2.5;0.0
55;2021-01-27;423;0;4994;10;2.7;0.0
55;2021-01-28;485;100;5479;110;3.0;0.1
55;2021-01-29;159;54;5638;164;3.1;0.1
55;2021-01-30;92;28;5730;192;3.2;0.1
55;2021-01-31;0;0;5730;192;3.2;0.1
55;2021-02-01;153;177;5883;369;3.2;0.2
55;2021-02-02;158;148;6041;517;3.3;0.3
55;2021-02-03;53;161;6094;678;3.4;0.4
55;2021-02-04;232;398;6326;1076;3.5;0.6
55;2021-02-05;173;140;6499;1216;3.6;0.7
55;2021-02-06;59;55;6558;1271;3.6;0.7
55;2021-02-07;2;53;6560;1324;3.6;0.7
55;2021-02-08;0;19;6560;1343;3.6;0.7
55;2021-02-09;92;114;6652;1457;3.7;0.8
55;2021-02-10;64;20;6716;1477;3.7;0.8
55;2021-02-11;176;97;6892;1574;3.8;0.9
55;2021-02-12;95;25;6987;1599;3.8;0.9
55;2021-02-13;0;0;6987;1599;3.8;0.9
55;2021-02-14;0;0;6987;1599;3.8;0.9
55;2021-02-15;14;418;7001;2017;3.9;1.1
55;2021-02-16;143;395;7144;2412;3.9;1.3
55;2021-02-17;26;496;7170;2908;3.9;1.6
55;2021-02-18;20;344;7190;3252;4.0;1.8
55;2021-02-19;120;292;7310;3544;4.0;2.0
55;2021-02-20;11;0;7321;3544;4.0;2.0
55;2021-02-21;0;0;7321;3544;4.0;2.0
55;2021-02-22;56;458;7377;4002;4.1;2.2
55;2021-02-23;84;442;7461;4444;4.1;2.4
55;2021-02-24;73;416;7534;4860;4.1;2.7
55;2021-02-25;270;680;7804;5540;4.3;3.0
55;2021-02-26;325;232;8129;5772;4.5;3.2
55;2021-02-27;125;85;8254;5857;4.5;3.2
55;2021-02-28;2;8;8256;5865;4.5;3.2
55;2021-03-01;77;137;8333;6002;4.6;3.3
55;2021-03-02;124;174;8457;6176;4.7;3.4
55;2021-03-03;198;3;8655;6179;4.8;3.4
55;2021-03-04;235;41;8890;6220;4.9;3.4
55;2021-03-05;363;44;9253;6264;5.1;3.4
55;2021-03-06;223;4;9476;6268;5.2;3.5
55;2021-03-07;69;0;9545;6268;5.3;3.5
55;2021-03-08;327;39;9872;6307;5.4;3.5
55;2021-03-09;633;48;10505;6355;5.8;3.5
55;2021-03-10;396;23;10901;6378;6.0;3.5
55;2021-03-11;595;135;11496;6513;6.3;3.6
55;2021-03-12;815;85;12311;6598;6.8;3.6
55;2021-03-13;521;10;12832;6608;7.1;3.6
55;2021-03-14;14;0;12846;6608;7.1;3.6
55;2021-03-15;392;17;13238;6625;7.3;3.6
55;2021-03-16;569;105;13807;6730;7.6;3.7
55;2021-03-17;683;17;14490;6747;8.0;3.7
55;2021-03-18;320;22;14810;6769;8.2;3.7
55;2021-03-19;471;58;15281;6827;8.4;3.8
55;2021-03-20;253;14;15534;6841;8.6;3.8
55;2021-03-21;1;1;15535;6842;8.6;3.8
55;2021-03-22;472;17;16007;6859;8.8;3.8
55;2021-03-23;971;58;16978;6917;9.3;3.8
55;2021-03-24;802;35;17780;6952;9.8;3.8
55;2021-03-25;1095;74;18875;7026;10.4;3.9
55;2021-03-26;600;33;19475;7059;10.7;3.9
55;2021-03-27;256;21;19731;7080;10.9;3.9
55;2021-03-28;0;0;19731;7080;10.9;3.9
55;2021-03-29;942;33;20673;7113;11.4;3.9
55;2021-03-30;1423;60;22096;7173;12.2;3.9
55;2021-03-31;1480;57;23576;7230;13.0;4.0
55;2021-04-01;1202;104;24778;7334;13.6;4.0
55;2021-04-02;896;68;25674;7402;14.1;4.1
55;2021-04-03;80;0;25754;7402;14.2;4.1
55;2021-04-04;2;0;25756;7402;14.2;4.1
55;2021-04-05;6;12;25762;7414;14.2;4.1
55;2021-04-06;933;271;26695;7685;14.7;4.2
55;2021-04-07;994;233;27689;7918;15.2;4.4
55;2021-04-08;1647;409;29336;8327;16.2;4.6
55;2021-04-09;1427;256;30763;8583;16.9;4.7
55;2021-04-10;241;173;31004;8756;17.1;4.8
55;2021-04-11;452;19;31456;8775;17.3;4.8
55;2021-04-12;853;316;32309;9091;17.8;5.0
55;2021-04-13;1356;517;33665;9608;18.5;5.3
55;2021-04-14;1371;727;35036;10335;19.3;5.7
55;2021-04-15;1634;449;36670;10784;20.2;5.9
55;2021-04-16;705;376;37375;11160;20.6;6.1
55;2021-04-17;677;28;38052;11188;20.9;6.2
55;2021-04-18;38;18;38090;11206;21.0;6.2
55;2021-04-19;961;343;39051;11549;21.5;6.4
55;2021-04-20;1173;769;40224;12318;22.1;6.8
55;2021-04-21;990;634;41214;12952;22.7;7.1
55;2021-04-22;1072;644;42286;13596;23.3;7.5
55;2021-04-23;1413;571;43699;14167;24.1;7.8
55;2021-04-24;312;121;44011;14288;24.2;7.9
55;2021-04-25;384;47;44395;14335;24.4;7.9
55;2021-04-26;478;814;44873;15149;24.7;8.3
55;2021-04-27;569;991;45442;16140;25.0;8.9
55;2021-04-28;931;815;46373;16955;25.5;9.3
55;2021-04-29;1118;854;47491;17809;26.1;9.8
55;2021-04-30;1279;618;48770;18427;26.8;10.1
55;2021-05-01;152;132;48922;18559;26.9;10.2
55;2021-05-02;2;3;48924;18562;26.9;10.2
55;2021-05-03;1208;627;50132;19189;27.6;10.6
55;2021-05-04;683;1175;50815;20364;28.0;11.2
55;2021-05-05;658;1073;51473;21437;28.3;11.8
55;2021-05-06;1346;1159;52819;22596;29.1;12.4
55;2021-05-07;1432;553;54251;23149;29.9;12.7
55;2021-05-08;154;77;54405;23226;30.0;12.8
55;2021-05-09;61;522;54466;23748;30.0;13.1
55;2021-05-10;862;1022;55328;24770;30.5;13.6
55;2021-05-11;1070;1381;56398;26151;31.0;14.4
55;2021-05-12;1030;1769;57428;27920;31.6;15.4
55;2021-05-13;99;74;57527;27994;31.7;15.4
55;2021-05-14;352;558;57879;28552;31.9;15.7
55;2021-05-15;291;494;58170;29046;32.0;16.0
55;2021-05-16;3;10;58173;29056;32.0;16.0
55;2021-05-17;1028;839;59201;29895;32.6;16.5
55;2021-05-18;1570;891;60771;30786;33.5;16.9
55;2021-05-19;1810;783;62581;31569;34.5;17.4
55;2021-05-20;2215;731;64796;32300;35.7;17.8
55;2021-05-21;2004;795;66800;33095;36.8;18.2
55;2021-05-22;197;167;66997;33262;36.9;18.3
55;2021-05-23;23;120;67020;33382;36.9;18.4
55;2021-05-24;0;0;67020;33382;36.9;18.4
55;2021-05-25;1347;652;68367;34034;37.6;18.7
55;2021-05-26;1671;1015;70038;35049;38.6;19.3
55;2021-05-27;1317;977;71355;36026;39.3;19.8
55;2021-05-28;1521;930;72876;36956;40.1;20.3
55;2021-05-29;1400;696;74276;37652;40.9;20.7
55;2021-05-30;15;206;74291;37858;40.9;20.8
55;2021-05-31;1049;1132;75340;38990;41.5;21.5
55;2021-06-01;913;954;76253;39944;42.0;22.0
55;2021-06-02;1159;985;77412;40929;42.6;22.5
55;2021-06-03;700;541;78112;41470;43.0;22.8
55;2021-06-04;1384;1099;79496;42569;43.8;23.4
55;2021-06-05;1356;276;80852;42845;44.5;23.6
55;2021-06-06;0;2;80852;42847;44.5;23.6
55;2021-06-07;789;715;81641;43562;44.9;24.0
55;2021-06-08;689;1073;82330;44635;45.3;24.6
55;2021-06-09;850;871;83180;45506;45.8;25.1
55;2021-06-10;375;275;83555;45781;46.0;25.2
55;2021-06-11;524;1290;84079;47071;46.3;25.9
55;2021-06-12;757;519;84836;47590;46.7;26.2
55;2021-06-13;262;33;85098;47623;46.8;26.2
55;2021-06-14;366;1366;85464;48989;47.1;27.0
55;2021-06-15;565;1213;86029;50202;47.4;27.6
55;2021-06-16;727;828;86756;51030;47.8;28.1
55;2021-06-17;423;856;87179;51886;48.0;28.6
55;2021-06-18;656;1480;87835;53366;48.4;29.4
55;2021-06-19;586;457;88421;53823;48.7;29.6
55;2021-06-20;0;0;88421;53823;48.7;29.6
55;2021-06-21;435;1022;88856;54845;48.9;30.2
55;2021-06-22;332;1014;89188;55859;49.1;30.8
55;2021-06-23;615;1213;89803;57072;49.4;31.4
55;2021-06-24;163;433;89966;57505;49.5;31.7
55;2021-06-25;639;1224;90605;58729;49.9;32.3
55;2021-06-26;416;340;91021;59069;50.1;32.5
55;2021-06-27;1;2;91022;59071;50.1;32.5
55;2021-06-28;141;1389;91163;60460;50.2;33.3
55;2021-06-29;196;1288;91359;61748;50.3;34.0
55;2021-06-30;269;1941;91628;63689;50.4;35.1
55;2021-07-01;370;1983;91998;65672;50.6;36.2
55;2021-07-02;386;1721;92384;67393;50.9;37.1
55;2021-07-03;108;261;92492;67654;50.9;37.2
55;2021-07-04;12;19;92504;67673;50.9;37.3
55;2021-07-05;221;1511;92725;69184;51.0;38.1
55;2021-07-06;316;891;93041;70075;51.2;38.6
55;2021-07-07;386;1801;93427;71876;51.4;39.6
55;2021-07-08;522;1585;93949;73461;51.7;40.4
55;2021-07-09;442;1477;94391;74938;52.0;41.3
55;2021-07-10;347;1107;94738;76045;52.2;41.9
55;2021-07-11;0;9;94738;76054;52.2;41.9
55;2021-07-12;601;1167;95339;77221;52.5;42.5
55;2021-07-13;597;1487;95936;78708;52.8;43.3
55;2021-07-14;0;13;95936;78721;52.8;43.3
55;2021-07-15;763;1636;96699;80357;53.2;44.2
56;2020-12-27;0;0;0;0;0.0;0.0
56;2020-12-28;1;0;1;0;0.0;0.0
56;2020-12-29;0;0;1;0;0.0;0.0
56;2020-12-30;0;0;1;0;0.0;0.0
56;2020-12-31;0;0;1;0;0.0;0.0
56;2021-01-01;0;0;1;0;0.0;0.0
56;2021-01-02;1;0;2;0;0.0;0.0
56;2021-01-03;0;0;2;0;0.0;0.0
56;2021-01-04;1;0;3;0;0.0;0.0
56;2021-01-05;1;0;4;0;0.0;0.0
56;2021-01-06;1;0;5;0;0.0;0.0
56;2021-01-07;198;0;203;0;0.0;0.0
56;2021-01-08;119;0;322;0;0.0;0.0
56;2021-01-09;1;0;323;0;0.0;0.0
56;2021-01-10;1;0;324;0;0.0;0.0
56;2021-01-11;242;0;566;0;0.1;0.0
56;2021-01-12;752;0;1318;0;0.2;0.0
56;2021-01-13;636;1;1954;1;0.3;0.0
56;2021-01-14;967;2;2921;3;0.4;0.0
56;2021-01-15;837;5;3758;8;0.5;0.0
56;2021-01-16;233;2;3991;10;0.5;0.0
56;2021-01-17;26;0;4017;10;0.5;0.0
56;2021-01-18;999;1;5016;11;0.7;0.0
56;2021-01-19;849;1;5865;12;0.8;0.0
56;2021-01-20;883;1;6748;13;0.9;0.0
56;2021-01-21;1456;2;8204;15;1.1;0.0
56;2021-01-22;1169;1;9373;16;1.2;0.0
56;2021-01-23;319;2;9692;18;1.3;0.0
56;2021-01-24;6;0;9698;18;1.3;0.0
56;2021-01-25;824;0;10522;18;1.4;0.0
56;2021-01-26;1031;4;11553;22;1.5;0.0
56;2021-01-27;1081;61;12634;83;1.7;0.0
56;2021-01-28;972;125;13606;208;1.8;0.0
56;2021-01-29;863;106;14469;314;1.9;0.0
56;2021-01-30;138;19;14607;333;1.9;0.0
56;2021-01-31;0;0;14607;333;1.9;0.0
56;2021-02-01;477;158;15084;491;2.0;0.1
56;2021-02-02;941;258;16025;749;2.1;0.1
56;2021-02-03;1019;270;17044;1019;2.3;0.1
56;2021-02-04;4682;333;21726;1352;2.9;0.2
56;2021-02-05;3576;421;25302;1773;3.3;0.2
56;2021-02-06;547;169;25849;1942;3.4;0.3
56;2021-02-07;135;26;25984;1968;3.4;0.3
56;2021-02-08;296;288;26280;2256;3.5;0.3
56;2021-02-09;793;508;27073;2764;3.6;0.4
56;2021-02-10;862;700;27935;3464;3.7;0.5
56;2021-02-11;972;1076;28907;4540;3.8;0.6
56;2021-02-12;1149;642;30056;5182;4.0;0.7
56;2021-02-13;220;104;30276;5286;4.0;0.7
56;2021-02-14;6;46;30282;5332;4.0;0.7
56;2021-02-15;620;1088;30902;6420;4.1;0.8
56;2021-02-16;1219;736;32121;7156;4.3;0.9
56;2021-02-17;1190;959;33311;8115;4.4;1.1
56;2021-02-18;1308;883;34619;8998;4.6;1.2
56;2021-02-19;1317;914;35936;9912;4.8;1.3
56;2021-02-20;365;262;36301;10174;4.8;1.3
56;2021-02-21;0;0;36301;10174;4.8;1.3
56;2021-02-22;372;700;36673;10874;4.9;1.4
56;2021-02-23;736;964;37409;11838;5.0;1.6
56;2021-02-24;912;1179;38321;13017;5.1;1.7
56;2021-02-25;2023;4242;40344;17259;5.3;2.3
56;2021-02-26;2348;2259;42692;19518;5.7;2.6
56;2021-02-27;736;446;43428;19964;5.7;2.6
56;2021-02-28;13;114;43441;20078;5.7;2.7
56;2021-03-01;645;559;44086;20637;5.8;2.7
56;2021-03-02;976;790;45062;21427;6.0;2.8
56;2021-03-03;1147;910;46209;22337;6.1;3.0
56;2021-03-04;1958;1036;48167;23373;6.4;3.1
56;2021-03-05;2575;1427;50742;24800;6.7;3.3
56;2021-03-06;1202;213;51944;25013;6.9;3.3
56;2021-03-07;282;24;52226;25037;6.9;3.3
56;2021-03-08;1137;388;53363;25425;7.1;3.4
56;2021-03-09;2026;624;55389;26049;7.3;3.4
56;2021-03-10;1998;936;57387;26985;7.6;3.6
56;2021-03-11;3248;725;60635;27710;8.0;3.7
56;2021-03-12;4206;812;64841;28522;8.6;3.8
56;2021-03-13;1877;145;66718;28667;8.8;3.8
56;2021-03-14;189;2;66907;28669;8.9;3.8
56;2021-03-15;1279;532;68186;29201;9.0;3.9
56;2021-03-16;1086;1035;69272;30236;9.2;4.0
56;2021-03-17;1354;778;70626;31014;9.3;4.1
56;2021-03-18;1992;1874;72618;32888;9.6;4.4
56;2021-03-19;2933;1398;75551;34286;10.0;4.5
56;2021-03-20;1483;205;77034;34491;10.2;4.6
56;2021-03-21;205;20;77239;34511;10.2;4.6
56;2021-03-22;1607;398;78846;34909;10.4;4.6
56;2021-03-23;2802;686;81648;35595;10.8;4.7
56;2021-03-24;3442;522;85090;36117;11.3;4.8
56;2021-03-25;4221;707;89311;36824;11.8;4.9
56;2021-03-26;5082;762;94393;37586;12.5;5.0
56;2021-03-27;1495;292;95888;37878;12.7;5.0
56;2021-03-28;263;10;96151;37888;12.7;5.0
56;2021-03-29;2221;500;98372;38388;13.0;5.1
56;2021-03-30;3516;782;101888;39170;13.5;5.2
56;2021-03-31;3109;704;104997;39874;13.9;5.3
56;2021-04-01;4057;814;109054;40688;14.4;5.4
56;2021-04-02;3903;919;112957;41607;14.9;5.5
56;2021-04-03;1186;269;114143;41876;15.1;5.5
56;2021-04-04;230;3;114373;41879;15.1;5.5
56;2021-04-05;240;8;114613;41887;15.2;5.5
56;2021-04-06;2806;1228;117419;43115;15.5;5.7
56;2021-04-07;4012;1172;121431;44287;16.1;5.9
56;2021-04-08;5266;1152;126697;45439;16.8;6.0
56;2021-04-09;7355;1275;134052;46714;17.7;6.2
56;2021-04-10;2576;418;136628;47132;18.1;6.2
56;2021-04-11;190;102;136818;47234;18.1;6.3
56;2021-04-12;3932;829;140750;48063;18.6;6.4
56;2021-04-13;5958;1244;146708;49307;19.4;6.5
56;2021-04-14;5159;1411;151867;50718;20.1;6.7
56;2021-04-15;7125;1746;158992;52464;21.0;6.9
56;2021-04-16;7832;1982;166824;54446;22.1;7.2
56;2021-04-17;3125;633;169949;55079;22.5;7.3
56;2021-04-18;529;106;170478;55185;22.6;7.3
56;2021-04-19;3713;1259;174191;56444;23.1;7.5
56;2021-04-20;4089;1971;178280;58415;23.6;7.7
56;2021-04-21;4053;2319;182333;60734;24.1;8.0
56;2021-04-22;5164;1915;187497;62649;24.8;8.3
56;2021-04-23;5144;2390;192641;65039;25.5;8.6
56;2021-04-24;2896;639;195537;65678;25.9;8.7
56;2021-04-25;463;148;196000;65826;25.9;8.7
56;2021-04-26;4699;1656;200699;67482;26.6;8.9
56;2021-04-27;5081;2541;205780;70023;27.2;9.3
56;2021-04-28;4962;2237;210742;72260;27.9;9.6
56;2021-04-29;5823;2924;216565;75184;28.7;10.0
56;2021-04-30;6230;2796;222795;77980;29.5;10.3
56;2021-05-01;2483;359;225278;78339;29.8;10.4
56;2021-05-02;306;254;225584;78593;29.9;10.4
56;2021-05-03;3862;2059;229446;80652;30.4;10.7
56;2021-05-04;4378;3895;233824;84547;30.9;11.2
56;2021-05-05;3522;3864;237346;88411;31.4;11.7
56;2021-05-06;4379;5419;241725;93830;32.0;12.4
56;2021-05-07;4262;5008;245987;98838;32.6;13.1
56;2021-05-08;1639;311;247626;99149;32.8;13.1
56;2021-05-09;494;219;248120;99368;32.8;13.2
56;2021-05-10;3746;3806;251866;103174;33.3;13.7
56;2021-05-11;4157;5044;256023;108218;33.9;14.3
56;2021-05-12;4334;4771;260357;112989;34.5;15.0
56;2021-05-13;2391;1002;262748;113991;34.8;15.1
56;2021-05-14;4217;4355;266965;118346;35.3;15.7
56;2021-05-15;2481;1892;269446;120238;35.7;15.9
56;2021-05-16;234;488;269680;120726;35.7;16.0
56;2021-05-17;2509;3660;272189;124386;36.0;16.5
56;2021-05-18;3513;4075;275702;128461;36.5;17.0
56;2021-05-19;3524;3387;279226;131848;37.0;17.5
56;2021-05-20;3793;4806;283019;136654;37.5;18.1
56;2021-05-21;3738;5221;286757;141875;38.0;18.8
56;2021-05-22;1696;2209;288453;144084;38.2;19.1
56;2021-05-23;283;197;288736;144281;38.2;19.1
56;2021-05-24;2055;499;290791;144780;38.5;19.2
56;2021-05-25;3127;4461;293918;149241;38.9;19.8
56;2021-05-26;3727;3900;297645;153141;39.4;20.3
56;2021-05-27;4358;4869;302003;158010;40.0;20.9
56;2021-05-28;4628;5958;306631;163968;40.6;21.7
56;2021-05-29;1884;1635;308515;165603;40.8;21.9
56;2021-05-30;317;66;308832;165669;40.9;21.9
56;2021-05-31;4500;3214;313332;168883;41.5;22.4
56;2021-06-01;5660;3381;318992;172264;42.2;22.8
56;2021-06-02;5632;2946;324624;175210;43.0;23.2
56;2021-06-03;6179;3302;330803;178512;43.8;23.6
56;2021-06-04;5799;4410;336602;182922;44.5;24.2
56;2021-06-05;4338;2382;340940;185304;45.1;24.5
56;2021-06-06;494;616;341434;185920;45.2;24.6
56;2021-06-07;5092;3170;346526;189090;45.9;25.0
56;2021-06-08;6027;3372;352553;192462;46.7;25.5
56;2021-06-09;6419;2809;358972;195271;47.5;25.8
56;2021-06-10;7425;2864;366397;198135;48.5;26.2
56;2021-06-11;6740;3868;373137;202003;49.4;26.7
56;2021-06-12;5083;2066;378220;204069;50.1;27.0
56;2021-06-13;1963;437;380183;204506;50.3;27.1
56;2021-06-14;3300;4591;383483;209097;50.8;27.7
56;2021-06-15;4185;4896;387668;213993;51.3;28.3
56;2021-06-16;4463;4504;392131;218497;51.9;28.9
56;2021-06-17;4237;4753;396368;223250;52.5;29.5
56;2021-06-18;4500;5973;400868;229223;53.1;30.3
56;2021-06-19;3822;2146;404690;231369;53.6;30.6
56;2021-06-20;1490;338;406180;231707;53.8;30.7
56;2021-06-21;3287;4470;409467;236177;54.2;31.3
56;2021-06-22;3454;5447;412921;241624;54.7;32.0
56;2021-06-23;3729;5065;416650;246689;55.1;32.6
56;2021-06-24;3452;5326;420102;252015;55.6;33.4
56;2021-06-25;3854;6274;423956;258289;56.1;34.2
56;2021-06-26;3174;2915;427130;261204;56.5;34.6
56;2021-06-27;297;163;427427;261367;56.6;34.6
56;2021-06-28;1552;3983;428979;265350;56.8;35.1
56;2021-06-29;2362;5740;431341;271090;57.1;35.9
56;2021-06-30;2460;5565;433801;276655;57.4;36.6
56;2021-07-01;2690;4953;436491;281608;57.8;37.3
56;2021-07-02;2632;6213;439123;287821;58.1;38.1
56;2021-07-03;2181;2682;441304;290503;58.4;38.4
56;2021-07-04;768;808;442072;291311;58.5;38.6
56;2021-07-05;1849;5451;443921;296762;58.8;39.3
56;2021-07-06;2163;5946;446084;302708;59.0;40.1
56;2021-07-07;2824;5643;448908;308351;59.4;40.8
56;2021-07-08;3047;6041;451955;314392;59.8;41.6
56;2021-07-09;2200;7103;454155;321495;60.1;42.6
56;2021-07-10;1123;3001;455278;324496;60.3;42.9
56;2021-07-11;254;343;455532;324839;60.3;43.0
56;2021-07-12;2162;6602;457694;331441;60.6;43.9
56;2021-07-13;3220;7461;460914;338902;61.0;44.9
56;2021-07-14;1767;2578;462681;341480;61.2;45.2
56;2021-07-15;3683;7031;466364;348511;61.7;46.1
57;2020-12-27;0;0;0;0;0.0;0.0
57;2020-12-28;0;0;0;0;0.0;0.0
57;2020-12-29;0;0;0;0;0.0;0.0
57;2020-12-30;1;0;1;0;0.0;0.0
57;2020-12-31;0;0;1;0;0.0;0.0
57;2021-01-01;0;0;1;0;0.0;0.0
57;2021-01-02;2;0;3;0;0.0;0.0
57;2021-01-03;0;0;3;0;0.0;0.0
57;2021-01-04;15;0;18;0;0.0;0.0
57;2021-01-05;198;0;216;0;0.0;0.0
57;2021-01-06;225;1;441;1;0.0;0.0
57;2021-01-07;583;1;1024;2;0.1;0.0
57;2021-01-08;508;2;1532;4;0.1;0.0
57;2021-01-09;193;0;1725;4;0.2;0.0
57;2021-01-10;104;0;1829;4;0.2;0.0
57;2021-01-11;469;0;2298;4;0.2;0.0
57;2021-01-12;612;4;2910;8;0.3;0.0
57;2021-01-13;695;3;3605;11;0.3;0.0
57;2021-01-14;706;6;4311;17;0.4;0.0
57;2021-01-15;632;2;4943;19;0.5;0.0
57;2021-01-16;437;1;5380;20;0.5;0.0
57;2021-01-17;491;1;5871;21;0.6;0.0
57;2021-01-18;2702;15;8573;36;0.8;0.0
57;2021-01-19;2557;7;11130;43;1.1;0.0
57;2021-01-20;2755;10;13885;53;1.3;0.0
57;2021-01-21;1759;6;15644;59;1.5;0.0
57;2021-01-22;1316;6;16960;65;1.6;0.0
57;2021-01-23;542;15;17502;80;1.7;0.0
57;2021-01-24;0;0;17502;80;1.7;0.0
57;2021-01-25;868;184;18370;264;1.8;0.0
57;2021-01-26;1109;216;19479;480;1.9;0.0
57;2021-01-27;1063;183;20542;663;2.0;0.1
57;2021-01-28;1040;298;21582;961;2.1;0.1
57;2021-01-29;980;397;22562;1358;2.2;0.1
57;2021-01-30;440;96;23002;1454;2.2;0.1
57;2021-01-31;10;27;23012;1481;2.2;0.1
57;2021-02-01;823;352;23835;1833;2.3;0.2
57;2021-02-02;987;366;24822;2199;2.4;0.2
57;2021-02-03;986;321;25808;2520;2.5;0.2
57;2021-02-04;1138;808;26946;3328;2.6;0.3
57;2021-02-05;927;357;27873;3685;2.7;0.4
57;2021-02-06;480;350;28353;4035;2.7;0.4
57;2021-02-07;103;334;28456;4369;2.7;0.4
57;2021-02-08;1251;1559;29707;5928;2.9;0.6
57;2021-02-09;1763;1670;31470;7598;3.0;0.7
57;2021-02-10;1707;2064;33177;9662;3.2;0.9
57;2021-02-11;1480;1328;34657;10990;3.3;1.1
57;2021-02-12;1225;671;35882;11661;3.5;1.1
57;2021-02-13;1149;176;37031;11837;3.6;1.1
57;2021-02-14;1211;24;38242;11861;3.7;1.1
57;2021-02-15;765;863;39007;12724;3.8;1.2
57;2021-02-16;1070;796;40077;13520;3.9;1.3
57;2021-02-17;1007;962;41084;14482;4.0;1.4
57;2021-02-18;972;1156;42056;15638;4.1;1.5
57;2021-02-19;952;933;43008;16571;4.2;1.6
57;2021-02-20;1174;609;44182;17180;4.3;1.7
57;2021-02-21;321;10;44503;17190;4.3;1.7
57;2021-02-22;1231;907;45734;18097;4.4;1.7
57;2021-02-23;2235;1086;47969;19183;4.6;1.9
57;2021-02-24;2264;983;50233;20166;4.8;1.9
57;2021-02-25;3290;1100;53523;21266;5.2;2.1
57;2021-02-26;3570;953;57093;22219;5.5;2.1
57;2021-02-27;3685;517;60778;22736;5.9;2.2
57;2021-02-28;1895;48;62673;22784;6.1;2.2
57;2021-03-01;2047;1326;64720;24110;6.2;2.3
57;2021-03-02;2842;1611;67562;25721;6.5;2.5
57;2021-03-03;2799;1589;70361;27310;6.8;2.6
57;2021-03-04;3264;1287;73625;28597;7.1;2.8
57;2021-03-05;4437;1214;78062;29811;7.5;2.9
57;2021-03-06;7204;748;85266;30559;8.2;3.0
57;2021-03-07;6067;254;91333;30813;8.8;3.0
57;2021-03-08;2296;991;93629;31804;9.0;3.1
57;2021-03-09;3379;1284;97008;33088;9.4;3.2
57;2021-03-10;3570;938;100578;34026;9.7;3.3
57;2021-03-11;4026;1216;104604;35242;10.1;3.4
57;2021-03-12;5101;1179;109705;36421;10.6;3.5
57;2021-03-13;6277;942;115982;37363;11.2;3.6
57;2021-03-14;2413;403;118395;37766;11.4;3.6
57;2021-03-15;2957;856;121352;38622;11.7;3.7
57;2021-03-16;3061;1250;124413;39872;12.0;3.8
57;2021-03-17;3043;1122;127456;40994;12.3;4.0
57;2021-03-18;3400;1060;130856;42054;12.6;4.1
57;2021-03-19;4600;1000;135456;43054;13.1;4.2
57;2021-03-20;4692;1000;140148;44054;13.5;4.3
57;2021-03-21;1891;249;142039;44303;13.7;4.3
57;2021-03-22;2473;1459;144512;45762;14.0;4.4
57;2021-03-23;3427;2323;147939;48085;14.3;4.6
57;2021-03-24;3882;2129;151821;50214;14.7;4.8
57;2021-03-25;4730;2557;156551;52771;15.1;5.1
57;2021-03-26;4828;2230;161379;55001;15.6;5.3
57;2021-03-27;3707;3129;165086;58130;15.9;5.6
57;2021-03-28;1398;1842;166484;59972;16.1;5.8
57;2021-03-29;1934;2167;168418;62139;16.3;6.0
57;2021-03-30;3295;2478;171713;64617;16.6;6.2
57;2021-03-31;2815;2296;174528;66913;16.8;6.5
57;2021-04-01;3215;3162;177743;70075;17.2;6.8
57;2021-04-02;2389;2564;180132;72639;17.4;7.0
57;2021-04-03;2568;2657;182700;75296;17.6;7.3
57;2021-04-04;589;974;183289;76270;17.7;7.4
57;2021-04-05;1918;660;185207;76930;17.9;7.4
57;2021-04-06;2445;2818;187652;79748;18.1;7.7
57;2021-04-07;3772;3038;191424;82786;18.5;8.0
57;2021-04-08;5577;2835;197001;85621;19.0;8.3
57;2021-04-09;4994;2688;201995;88309;19.5;8.5
57;2021-04-10;2351;3622;204346;91931;19.7;8.9
57;2021-04-11;1097;1883;205443;93814;19.8;9.1
57;2021-04-12;1783;2750;207226;96564;20.0;9.3
57;2021-04-13;1972;3018;209198;99582;20.2;9.6
57;2021-04-14;1915;2980;211113;102562;20.4;9.9
57;2021-04-15;2354;3424;213467;105986;20.6;10.2
57;2021-04-16;2701;3281;216168;109267;20.9;10.5
57;2021-04-17;2470;3179;218638;112446;21.1;10.9
57;2021-04-18;1243;1771;219881;114217;21.2;11.0
57;2021-04-19;2131;2256;222012;116473;21.4;11.2
57;2021-04-20;2510;2776;224522;119249;21.7;11.5
57;2021-04-21;2560;2364;227082;121613;21.9;11.7
57;2021-04-22;3201;2242;230283;123855;22.2;12.0
57;2021-04-23;4047;2559;234330;126414;22.6;12.2
57;2021-04-24;3389;2545;237719;128959;22.9;12.4
57;2021-04-25;753;1125;238472;130084;23.0;12.6
57;2021-04-26;2962;1987;241434;132071;23.3;12.7
57;2021-04-27;3881;2363;245315;134434;23.7;13.0
57;2021-04-28;4200;2576;249515;137010;24.1;13.2
57;2021-04-29;5243;3423;254758;140433;24.6;13.6
57;2021-04-30;4717;3526;259475;143959;25.0;13.9
57;2021-05-01;2350;1683;261825;145642;25.3;14.1
57;2021-05-02;789;911;262614;146553;25.4;14.1
57;2021-05-03;3559;2986;266173;149539;25.7;14.4
57;2021-05-04;4862;3164;271035;152703;26.2;14.7
57;2021-05-05;6110;3157;277145;155860;26.8;15.0
57;2021-05-06;5975;3285;283120;159145;27.3;15.4
57;2021-05-07;6848;3434;289968;162579;28.0;15.7
57;2021-05-08;4048;1602;294016;164181;28.4;15.8
57;2021-05-09;2046;1105;296062;165286;28.6;16.0
57;2021-05-10;5123;3059;301185;168345;29.1;16.3
57;2021-05-11;7437;2846;308622;171191;29.8;16.5
57;2021-05-12;7829;3240;316451;174431;30.5;16.8
57;2021-05-13;4506;909;320957;175340;31.0;16.9
57;2021-05-14;7831;2626;328788;177966;31.7;17.2
57;2021-05-15;5957;2039;334745;180005;32.3;17.4
57;2021-05-16;3305;577;338050;180582;32.6;17.4
57;2021-05-17;3855;2067;341905;182649;33.0;17.6
57;2021-05-18;6284;2094;348189;184743;33.6;17.8
57;2021-05-19;7012;2322;355201;187065;34.3;18.1
57;2021-05-20;6045;2176;361246;189241;34.9;18.3
57;2021-05-21;7555;2907;368801;192148;35.6;18.5
57;2021-05-22;4887;2150;373688;194298;36.1;18.8
57;2021-05-23;1964;428;375652;194726;36.3;18.8
57;2021-05-24;3027;1067;378679;195793;36.6;18.9
57;2021-05-25;5573;2799;384252;198592;37.1;19.2
57;2021-05-26;6364;3166;390616;201758;37.7;19.5
57;2021-05-27;5782;3117;396398;204875;38.3;19.8
57;2021-05-28;7018;4744;403416;209619;38.9;20.2
57;2021-05-29;5223;4252;408639;213871;39.4;20.6
57;2021-05-30;1969;1741;410608;215612;39.6;20.8
57;2021-05-31;4314;3336;414922;218948;40.1;21.1
57;2021-06-01;5920;3705;420842;222653;40.6;21.5
57;2021-06-02;6324;3894;427166;226547;41.2;21.9
57;2021-06-03;6201;3694;433367;230241;41.8;22.2
57;2021-06-04;7540;4972;440907;235213;42.6;22.7
57;2021-06-05;4742;4019;445649;239232;43.0;23.1
57;2021-06-06;1977;887;447626;240119;43.2;23.2
57;2021-06-07;4299;4039;451925;244158;43.6;23.6
57;2021-06-08;6643;4305;458568;248463;44.3;24.0
57;2021-06-09;6833;4146;465401;252609;44.9;24.4
57;2021-06-10;6134;4577;471535;257186;45.5;24.8
57;2021-06-11;5303;5340;476838;262526;46.0;25.3
57;2021-06-12;5681;4443;482519;266969;46.6;25.8
57;2021-06-13;1467;1135;483986;268104;46.7;25.9
57;2021-06-14;3335;4711;487321;272815;47.0;26.3
57;2021-06-15;3773;6013;491094;278828;47.4;26.9
57;2021-06-16;4354;6597;495448;285425;47.8;27.6
57;2021-06-17;4167;6072;499615;291497;48.2;28.1
57;2021-06-18;4242;7306;503857;298803;48.6;28.8
57;2021-06-19;4107;6287;507964;305090;49.0;29.5
57;2021-06-20;950;1670;508914;306760;49.1;29.6
57;2021-06-21;2049;5984;510963;312744;49.3;30.2
57;2021-06-22;2616;8000;513579;320744;49.6;31.0
57;2021-06-23;3039;8392;516618;329136;49.9;31.8
57;2021-06-24;2422;5292;519040;334428;50.1;32.3
57;2021-06-25;2817;7827;521857;342255;50.4;33.0
57;2021-06-26;2826;7273;524683;349528;50.7;33.7
57;2021-06-27;738;2982;525421;352510;50.7;34.0
57;2021-06-28;1568;5083;526989;357593;50.9;34.5
57;2021-06-29;2032;6825;529021;364418;51.1;35.2
57;2021-06-30;3007;7308;532028;371726;51.4;35.9
57;2021-07-01;2630;5943;534658;377669;51.6;36.5
57;2021-07-02;2618;8069;537276;385738;51.9;37.2
57;2021-07-03;3197;6517;540473;392255;52.2;37.9
57;2021-07-04;931;2460;541404;394715;52.3;38.1
57;2021-07-05;1655;4601;543059;399316;52.4;38.5
57;2021-07-06;2369;6460;545428;405776;52.7;39.2
57;2021-07-07;2691;7067;548119;412843;52.9;39.9
57;2021-07-08;2447;5862;550566;418705;53.2;40.4
57;2021-07-09;3398;8389;553964;427094;53.5;41.2
57;2021-07-10;3071;6916;557035;434010;53.8;41.9
57;2021-07-11;842;2225;557877;436235;53.9;42.1
57;2021-07-12;2379;6397;560256;442632;54.1;42.7
57;2021-07-13;4362;7460;564618;450092;54.5;43.5
57;2021-07-14;2806;3828;567424;453920;54.8;43.8
57;2021-07-15;3871;7711;571295;461631;55.2;44.6
58;2020-12-27;0;0;0;0;0.0;0.0
58;2020-12-28;0;0;0;0;0.0;0.0
58;2020-12-29;0;0;0;0;0.0;0.0
58;2020-12-30;0;0;0;0;0.0;0.0
58;2020-12-31;0;0;0;0;0.0;0.0
58;2021-01-01;0;0;0;0;0.0;0.0
58;2021-01-02;0;0;0;0;0.0;0.0
58;2021-01-03;1;0;1;0;0.0;0.0
58;2021-01-04;0;0;1;0;0.0;0.0
58;2021-01-05;0;0;1;0;0.0;0.0
58;2021-01-06;145;0;146;0;0.1;0.0
58;2021-01-07;241;0;387;0;0.2;0.0
58;2021-01-08;63;0;450;0;0.2;0.0
58;2021-01-09;1;0;451;0;0.2;0.0
58;2021-01-10;0;0;451;0;0.2;0.0
58;2021-01-11;54;0;505;0;0.3;0.0
58;2021-01-12;255;0;760;0;0.4;0.0
58;2021-01-13;392;0;1152;0;0.6;0.0
58;2021-01-14;291;1;1443;1;0.7;0.0
58;2021-01-15;141;0;1584;1;0.8;0.0
58;2021-01-16;10;1;1594;2;0.8;0.0
58;2021-01-17;0;0;1594;2;0.8;0.0
58;2021-01-18;413;1;2007;3;1.0;0.0
58;2021-01-19;985;2;2992;5;1.5;0.0
58;2021-01-20;1202;1;4194;6;2.1;0.0
58;2021-01-21;960;4;5154;10;2.6;0.0
58;2021-01-22;769;2;5923;12;3.0;0.0
58;2021-01-23;251;0;6174;12;3.1;0.0
58;2021-01-24;2;0;6176;12;3.1;0.0
58;2021-01-25;438;0;6614;12;3.3;0.0
58;2021-01-26;648;3;7262;15;3.6;0.0
58;2021-01-27;604;43;7866;58;3.9;0.0
58;2021-01-28;754;66;8620;124;4.3;0.1
58;2021-01-29;837;7;9457;131;4.7;0.1
58;2021-01-30;281;0;9738;131;4.9;0.1
58;2021-01-31;10;0;9748;131;4.9;0.1
58;2021-02-01;201;71;9949;202;5.0;0.1
58;2021-02-02;565;85;10514;287;5.3;0.1
58;2021-02-03;278;149;10792;436;5.4;0.2
58;2021-02-04;285;94;11077;530;5.5;0.3
58;2021-02-05;184;94;11261;624;5.6;0.3
58;2021-02-06;89;0;11350;624;5.7;0.3
58;2021-02-07;0;0;11350;624;5.7;0.3
58;2021-02-08;306;74;11656;698;5.8;0.3
58;2021-02-09;503;315;12159;1013;6.1;0.5
58;2021-02-10;349;381;12508;1394;6.3;0.7
58;2021-02-11;287;383;12795;1777;6.4;0.9
58;2021-02-12;242;201;13037;1978;6.5;1.0
58;2021-02-13;83;29;13120;2007;6.6;1.0
58;2021-02-14;0;3;13120;2010;6.6;1.0
58;2021-02-15;114;535;13234;2545;6.6;1.3
58;2021-02-16;208;941;13442;3486;6.7;1.7
58;2021-02-17;217;768;13659;4254;6.8;2.1
58;2021-02-18;187;791;13846;5045;6.9;2.5
58;2021-02-19;241;725;14087;5770;7.1;2.9
58;2021-02-20;62;230;14149;6000;7.1;3.0
58;2021-02-21;0;30;14149;6030;7.1;3.0
58;2021-02-22;76;406;14225;6436;7.1;3.2
58;2021-02-23;48;624;14273;7060;7.2;3.5
58;2021-02-24;39;635;14312;7695;7.2;3.9
58;2021-02-25;251;702;14563;8397;7.3;4.2
58;2021-02-26;245;623;14808;9020;7.4;4.5
58;2021-02-27;104;189;14912;9209;7.5;4.6
58;2021-02-28;11;8;14923;9217;7.5;4.6
58;2021-03-01;145;246;15068;9463;7.5;4.7
58;2021-03-02;415;641;15483;10104;7.8;5.1
58;2021-03-03;511;289;15994;10393;8.0;5.2
58;2021-03-04;722;264;16716;10657;8.4;5.3
58;2021-03-05;864;198;17580;10855;8.8;5.4
58;2021-03-06;574;82;18154;10937;9.1;5.5
58;2021-03-07;63;11;18217;10948;9.1;5.5
58;2021-03-08;151;300;18368;11248;9.2;5.6
58;2021-03-09;540;543;18908;11791;9.5;5.9
58;2021-03-10;836;239;19744;12030;9.9;6.0
58;2021-03-11;857;271;20601;12301;10.3;6.2
58;2021-03-12;860;196;21461;12497;10.8;6.3
58;2021-03-13;506;67;21967;12564;11.0;6.3
58;2021-03-14;34;0;22001;12564;11.0;6.3
58;2021-03-15;527;106;22528;12670;11.3;6.3
58;2021-03-16;726;221;23254;12891;11.7;6.5
58;2021-03-17;756;191;24010;13082;12.0;6.6
58;2021-03-18;581;175;24591;13257;12.3;6.6
58;2021-03-19;524;100;25115;13357;12.6;6.7
58;2021-03-20;322;63;25437;13420;12.7;6.7
58;2021-03-21;15;0;25452;13420;12.8;6.7
58;2021-03-22;793;20;26245;13440;13.1;6.7
58;2021-03-23;1637;38;27882;13478;14.0;6.8
58;2021-03-24;1353;65;29235;13543;14.6;6.8
58;2021-03-25;1788;37;31023;13580;15.5;6.8
58;2021-03-26;1412;47;32435;13627;16.3;6.8
58;2021-03-27;358;5;32793;13632;16.4;6.8
58;2021-03-28;19;0;32812;13632;16.4;6.8
58;2021-03-29;639;151;33451;13783;16.8;6.9
58;2021-03-30;1179;243;34630;14026;17.4;7.0
58;2021-03-31;1116;392;35746;14418;17.9;7.2
58;2021-04-01;1537;395;37283;14813;18.7;7.4
58;2021-04-02;1456;357;38739;15170;19.4;7.6
58;2021-04-03;565;148;39304;15318;19.7;7.7
58;2021-04-04;0;0;39304;15318;19.7;7.7
58;2021-04-05;46;0;39350;15318;19.7;7.7
58;2021-04-06;818;342;40168;15660;20.1;7.8
58;2021-04-07;695;549;40863;16209;20.5;8.1
58;2021-04-08;1492;414;42355;16623;21.2;8.3
58;2021-04-09;1773;481;44128;17104;22.1;8.6
58;2021-04-10;653;201;44781;17305;22.4;8.7
58;2021-04-11;17;3;44798;17308;22.4;8.7
58;2021-04-12;1116;501;45914;17809;23.0;8.9
58;2021-04-13;1435;616;47349;18425;23.7;9.2
58;2021-04-14;1338;667;48687;19092;24.4;9.6
58;2021-04-15;1428;595;50115;19687;25.1;9.9
58;2021-04-16;1733;502;51848;20189;26.0;10.1
58;2021-04-17;721;232;52569;20421;26.3;10.2
58;2021-04-18;20;7;52589;20428;26.3;10.2
58;2021-04-19;533;606;53122;21034;26.6;10.5
58;2021-04-20;488;1119;53610;22153;26.9;11.1
58;2021-04-21;624;967;54234;23120;27.2;11.6
58;2021-04-22;765;1522;54999;24642;27.6;12.3
58;2021-04-23;917;783;55916;25425;28.0;12.7
58;2021-04-24;209;204;56125;25629;28.1;12.8
58;2021-04-25;108;9;56233;25638;28.2;12.8
58;2021-04-26;762;245;56995;25883;28.6;13.0
58;2021-04-27;1497;1106;58492;26989;29.3;13.5
58;2021-04-28;1534;1040;60026;28029;30.1;14.0
58;2021-04-29;1442;1036;61468;29065;30.8;14.6
58;2021-04-30;1257;938;62725;30003;31.4;15.0
58;2021-05-01;6;17;62731;30020;31.4;15.0
58;2021-05-02;4;2;62735;30022;31.4;15.0
58;2021-05-03;1044;394;63779;30416;32.0;15.2
58;2021-05-04;1079;1342;64858;31758;32.5;15.9
58;2021-05-05;952;1091;65810;32849;33.0;16.5
58;2021-05-06;1358;1055;67168;33904;33.7;17.0
58;2021-05-07;1111;1086;68279;34990;34.2;17.5
58;2021-05-08;59;60;68338;35050;34.2;17.6
58;2021-05-09;5;19;68343;35069;34.2;17.6
58;2021-05-10;874;983;69217;36052;34.7;18.1
58;2021-05-11;1188;1972;70405;38024;35.3;19.1
58;2021-05-12;1663;1549;72068;39573;36.1;19.8
58;2021-05-13;49;179;72117;39752;36.1;19.9
58;2021-05-14;2307;900;74424;40652;37.3;20.4
58;2021-05-15;1725;449;76149;41101;38.2;20.6
58;2021-05-16;118;29;76267;41130;38.2;20.6
58;2021-05-17;792;605;77059;41735;38.6;20.9
58;2021-05-18;1331;1184;78390;42919;39.3;21.5
58;2021-05-19;1736;538;80126;43457;40.1;21.8
58;2021-05-20;1694;666;81820;44123;41.0;22.1
58;2021-05-21;855;723;82675;44846;41.4;22.5
58;2021-05-22;304;238;82979;45084;41.6;22.6
58;2021-05-23;1;21;82980;45105;41.6;22.6
58;2021-05-24;21;43;83001;45148;41.6;22.6
58;2021-05-25;1385;1148;84386;46296;42.3;23.2
58;2021-05-26;843;839;85229;47135;42.7;23.6
58;2021-05-27;749;941;85978;48076;43.1;24.1
58;2021-05-28;429;911;86407;48987;43.3;24.5
58;2021-05-29;150;211;86557;49198;43.4;24.6
58;2021-05-30;20;19;86577;49217;43.4;24.7
58;2021-05-31;757;397;87334;49614;43.8;24.9
58;2021-06-01;1355;1657;88689;51271;44.4;25.7
58;2021-06-02;1459;1040;90148;52311;45.2;26.2
58;2021-06-03;1022;957;91170;53268;45.7;26.7
58;2021-06-04;844;913;92014;54181;46.1;27.1
58;2021-06-05;271;262;92285;54443;46.2;27.3
58;2021-06-06;24;50;92309;54493;46.2;27.3
58;2021-06-07;712;787;93021;55280;46.6;27.7
58;2021-06-08;1319;1752;94340;57032;47.3;28.6
58;2021-06-09;1393;1001;95733;58033;48.0;29.1
58;2021-06-10;1103;983;96836;59016;48.5;29.6
58;2021-06-11;1026;908;97862;59924;49.0;30.0
58;2021-06-12;1051;415;98913;60339;49.6;30.2
58;2021-06-13;35;33;98948;60372;49.6;30.2
58;2021-06-14;513;1016;99461;61388;49.8;30.8
58;2021-06-15;1587;1756;101048;63144;50.6;31.6
58;2021-06-16;1795;990;102843;64134;51.5;32.1
58;2021-06-17;2015;1112;104858;65246;52.5;32.7
58;2021-06-18;982;1062;105840;66308;53.0;33.2
58;2021-06-19;578;317;106418;66625;53.3;33.4
58;2021-06-20;8;2;106426;66627;53.3;33.4
58;2021-06-21;470;551;106896;67178;53.6;33.7
58;2021-06-22;1026;1970;107922;69148;54.1;34.6
58;2021-06-23;1472;1511;109394;70659;54.8;35.4
58;2021-06-24;727;1027;110121;71686;55.2;35.9
58;2021-06-25;816;1717;110937;73403;55.6;36.8
58;2021-06-26;550;1234;111487;74637;55.9;37.4
58;2021-06-27;17;26;111504;74663;55.9;37.4
58;2021-06-28;459;989;111963;75652;56.1;37.9
58;2021-06-29;617;2168;112580;77820;56.4;39.0
58;2021-06-30;991;1636;113571;79456;56.9;39.8
58;2021-07-01;747;1666;114318;81122;57.3;40.6
58;2021-07-02;449;850;114767;81972;57.5;41.1
58;2021-07-03;248;511;115015;82483;57.6;41.3
58;2021-07-04;12;30;115027;82513;57.6;41.3
58;2021-07-05;508;769;115535;83282;57.9;41.7
58;2021-07-06;681;2121;116216;85403;58.2;42.8
58;2021-07-07;377;958;116593;86361;58.4;43.3
58;2021-07-08;394;1019;116987;87380;58.6;43.8
58;2021-07-09;707;1417;117694;88797;59.0;44.5
58;2021-07-10;259;410;117953;89207;59.1;44.7
58;2021-07-11;175;46;118128;89253;59.2;44.7
58;2021-07-12;198;968;118326;90221;59.3;45.2
58;2021-07-13;926;2500;119252;92721;59.7;46.5
58;2021-07-14;26;61;119278;92782;59.8;46.5
58;2021-07-15;1098;1917;120376;94699;60.3;47.4
59;2020-12-27;0;0;0;0;0.0;0.0
59;2020-12-28;26;0;26;0;0.0;0.0
59;2020-12-29;0;0;26;0;0.0;0.0
59;2020-12-30;0;0;26;0;0.0;0.0
59;2020-12-31;0;0;26;0;0.0;0.0
59;2021-01-01;1;0;27;0;0.0;0.0
59;2021-01-02;1;0;28;0;0.0;0.0
59;2021-01-03;2;0;30;0;0.0;0.0
59;2021-01-04;79;0;109;0;0.0;0.0
59;2021-01-05;217;0;326;0;0.0;0.0
59;2021-01-06;426;2;752;2;0.0;0.0
59;2021-01-07;1307;0;2059;2;0.1;0.0
59;2021-01-08;1261;2;3320;4;0.1;0.0
59;2021-01-09;609;2;3929;6;0.2;0.0
59;2021-01-10;427;0;4356;6;0.2;0.0
59;2021-01-11;1835;4;6191;10;0.2;0.0
59;2021-01-12;2465;2;8656;12;0.3;0.0
59;2021-01-13;2355;3;11011;15;0.4;0.0
59;2021-01-14;2738;20;13749;35;0.5;0.0
59;2021-01-15;2271;16;16020;51;0.6;0.0
59;2021-01-16;770;1;16790;52;0.6;0.0
59;2021-01-17;558;1;17348;53;0.7;0.0
59;2021-01-18;3504;12;20852;65;0.8;0.0
59;2021-01-19;4741;7;25593;72;1.0;0.0
59;2021-01-20;4127;9;29720;81;1.1;0.0
59;2021-01-21;4709;33;34429;114;1.3;0.0
59;2021-01-22;4005;9;38434;123;1.5;0.0
59;2021-01-23;1208;2;39642;125;1.5;0.0
59;2021-01-24;168;0;39810;125;1.5;0.0
59;2021-01-25;2725;58;42535;183;1.6;0.0
59;2021-01-26;2792;135;45327;318;1.8;0.0
59;2021-01-27;1735;306;47062;624;1.8;0.0
59;2021-01-28;3392;764;50454;1388;1.9;0.1
59;2021-01-29;2541;789;52995;2177;2.0;0.1
59;2021-01-30;286;180;53281;2357;2.1;0.1
59;2021-01-31;24;0;53305;2357;2.1;0.1
59;2021-02-01;73;866;53378;3223;2.1;0.1
59;2021-02-02;643;1432;54021;4655;2.1;0.2
59;2021-02-03;3722;1438;57743;6093;2.2;0.2
59;2021-02-04;2939;1743;60682;7836;2.3;0.3
59;2021-02-05;1048;1410;61730;9246;2.4;0.4
59;2021-02-06;201;355;61931;9601;2.4;0.4
59;2021-02-07;266;49;62197;9650;2.4;0.4
59;2021-02-08;681;1632;62878;11282;2.4;0.4
59;2021-02-09;1004;1858;63882;13140;2.5;0.5
59;2021-02-10;969;1636;64851;14776;2.5;0.6
59;2021-02-11;1336;1813;66187;16589;2.6;0.6
59;2021-02-12;1397;1628;67584;18217;2.6;0.7
59;2021-02-13;207;750;67791;18967;2.6;0.7
59;2021-02-14;13;42;67804;19009;2.6;0.7
59;2021-02-15;1388;3131;69192;22140;2.7;0.9
59;2021-02-16;1432;3777;70624;25917;2.7;1.0
59;2021-02-17;1621;3835;72245;29752;2.8;1.1
59;2021-02-18;3089;5187;75334;34939;2.9;1.3
59;2021-02-19;3203;3606;78537;38545;3.0;1.5
59;2021-02-20;1410;1589;79947;40134;3.1;1.6
59;2021-02-21;241;260;80188;40394;3.1;1.6
59;2021-02-22;1426;2586;81614;42980;3.2;1.7
59;2021-02-23;2652;2835;84266;45815;3.3;1.8
59;2021-02-24;4090;4027;88356;49842;3.4;1.9
59;2021-02-25;6903;3661;95259;53503;3.7;2.1
59;2021-02-26;6486;1834;101745;55337;3.9;2.1
59;2021-02-27;3090;156;104835;55493;4.0;2.1
59;2021-02-28;204;59;105039;55552;4.1;2.1
59;2021-03-01;3684;643;108723;56195;4.2;2.2
59;2021-03-02;4768;525;113491;56720;4.4;2.2
59;2021-03-03;5707;979;119198;57699;4.6;2.2
59;2021-03-04;7055;925;126253;58624;4.9;2.3
59;2021-03-05;7771;915;134024;59539;5.2;2.3
59;2021-03-06;11535;437;145559;59976;5.6;2.3
59;2021-03-07;7574;296;153133;60272;5.9;2.3
59;2021-03-08;4492;1071;157625;61343;6.1;2.4
59;2021-03-09;6566;1351;164191;62694;6.3;2.4
59;2021-03-10;7013;1111;171204;63805;6.6;2.5
59;2021-03-11;9455;1774;180659;65579;7.0;2.5
59;2021-03-12;12072;1414;192731;66993;7.4;2.6
59;2021-03-13;16532;924;209263;67917;8.1;2.6
59;2021-03-14;6957;272;216220;68189;8.4;2.6
59;2021-03-15;5601;1438;221821;69627;8.6;2.7
59;2021-03-16;3729;1294;225550;70921;8.7;2.7
59;2021-03-17;3844;2067;229394;72988;8.9;2.8
59;2021-03-18;3944;2460;233338;75448;9.0;2.9
59;2021-03-19;7688;1771;241026;77219;9.3;3.0
59;2021-03-20;15988;1150;257014;78369;9.9;3.0
59;2021-03-21;6309;396;263323;78765;10.2;3.0
59;2021-03-22;5437;1728;268760;80493;10.4;3.1
59;2021-03-23;7759;2787;276519;83280;10.7;3.2
59;2021-03-24;6857;2982;283376;86262;10.9;3.3
59;2021-03-25;10515;2458;293891;88720;11.4;3.4
59;2021-03-26;12232;2777;306123;91497;11.8;3.5
59;2021-03-27;15257;1013;321380;92510;12.4;3.6
59;2021-03-28;7964;290;329344;92800;12.7;3.6
59;2021-03-29;5489;3192;334833;95992;12.9;3.7
59;2021-03-30;7528;3690;342361;99682;13.2;3.9
59;2021-03-31;6128;4057;348489;103739;13.5;4.0
59;2021-04-01;7475;4886;355964;108625;13.7;4.2
59;2021-04-02;7623;5465;363587;114090;14.0;4.4
59;2021-04-03;13008;4244;376595;118334;14.5;4.6
59;2021-04-04;5342;2147;381937;120481;14.8;4.7
59;2021-04-05;6006;1507;387943;121988;15.0;4.7
59;2021-04-06;5384;4464;393327;126452;15.2;4.9
59;2021-04-07;7609;5389;400936;131841;15.5;5.1
59;2021-04-08;10363;5662;411299;137503;15.9;5.3
59;2021-04-09;13404;5831;424703;143334;16.4;5.5
59;2021-04-10;11459;6076;436162;149410;16.8;5.8
59;2021-04-11;4630;3548;440792;152958;17.0;5.9
59;2021-04-12;6307;4328;447099;157286;17.3;6.1
59;2021-04-13;8923;4740;456022;162026;17.6;6.3
59;2021-04-14;8787;4288;464809;166314;18.0;6.4
59;2021-04-15;10269;4777;475078;171091;18.3;6.6
59;2021-04-16;10870;5452;485948;176543;18.8;6.8
59;2021-04-17;7285;9034;493233;185577;19.1;7.2
59;2021-04-18;3228;4160;496461;189737;19.2;7.3
59;2021-04-19;5042;4279;501503;194016;19.4;7.5
59;2021-04-20;6875;4186;508378;198202;19.6;7.7
59;2021-04-21;6238;4391;514616;202593;19.9;7.8
59;2021-04-22;8583;5473;523199;208066;20.2;8.0
59;2021-04-23;8427;5624;531626;213690;20.5;8.3
59;2021-04-24;5539;8064;537165;221754;20.7;8.6
59;2021-04-25;3232;6072;540397;227826;20.9;8.8
59;2021-04-26;6476;3771;546873;231597;21.1;8.9
59;2021-04-27;8340;5133;555213;236730;21.4;9.1
59;2021-04-28;8753;6528;563966;243258;21.8;9.4
59;2021-04-29;9383;8475;573349;251733;22.1;9.7
59;2021-04-30;10571;8488;583920;260221;22.6;10.1
59;2021-05-01;11986;7541;595906;267762;23.0;10.3
59;2021-05-02;8637;5972;604543;273734;23.4;10.6
59;2021-05-03;9550;5044;614093;278778;23.7;10.8
59;2021-05-04;11421;5996;625514;284774;24.2;11.0
59;2021-05-05;10288;6191;635802;290965;24.6;11.2
59;2021-05-06;11190;8397;646992;299362;25.0;11.6
59;2021-05-07;13279;9512;660271;308874;25.5;11.9
59;2021-05-08;14707;4116;674978;312990;26.1;12.1
59;2021-05-09;11491;3303;686469;316293;26.5;12.2
59;2021-05-10;12715;6589;699184;322882;27.0;12.5
59;2021-05-11;15102;8307;714286;331189;27.6;12.8
59;2021-05-12;16611;8586;730897;339775;28.2;13.1
59;2021-05-13;18432;3421;749329;343196;28.9;13.3
59;2021-05-14;15771;6929;765100;350125;29.6;13.5
59;2021-05-15;23430;5276;788530;355401;30.5;13.7
59;2021-05-16;21174;2386;809704;357787;31.3;13.8
59;2021-05-17;15064;5244;824768;363031;31.9;14.0
59;2021-05-18;16907;5631;841675;368662;32.5;14.2
59;2021-05-19;18302;5072;859977;373734;33.2;14.4
59;2021-05-20;17912;6990;877889;380724;33.9;14.7
59;2021-05-21;18360;8255;896249;388979;34.6;15.0
59;2021-05-22;23801;5660;920050;394639;35.5;15.2
59;2021-05-23;17919;2247;937969;396886;36.2;15.3
59;2021-05-24;16680;2100;954649;398986;36.9;15.4
59;2021-05-25;14981;6652;969630;405638;37.5;15.7
59;2021-05-26;15863;7021;985493;412659;38.1;15.9
59;2021-05-27;16136;9169;1001629;421828;38.7;16.3
59;2021-05-28;15871;11460;1017500;433288;39.3;16.7
59;2021-05-29;14350;8723;1031850;442011;39.9;17.1
59;2021-05-30;8394;1824;1040244;443835;40.2;17.1
59;2021-05-31;14198;7939;1054442;451774;40.7;17.4
59;2021-06-01;15063;10401;1069505;462175;41.3;17.9
59;2021-06-02;14730;9909;1084235;472084;41.9;18.2
59;2021-06-03;15599;12087;1099834;484171;42.5;18.7
59;2021-06-04;15542;13473;1115376;497644;43.1;19.2
59;2021-06-05;14939;9309;1130315;506953;43.7;19.6
59;2021-06-06;8786;3197;1139101;510150;44.0;19.7
59;2021-06-07;10505;9427;1149606;519577;44.4;20.1
59;2021-06-08;11681;11024;1161287;530601;44.9;20.5
59;2021-06-09;10716;11862;1172003;542463;45.3;21.0
59;2021-06-10;11390;12255;1183393;554718;45.7;21.4
59;2021-06-11;10911;15982;1194304;570700;46.1;22.0
59;2021-06-12;11023;13662;1205327;584362;46.6;22.6
59;2021-06-13;6322;7009;1211649;591371;46.8;22.8
59;2021-06-14;6471;12688;1218120;604059;47.1;23.3
59;2021-06-15;8165;15946;1226285;620005;47.4;23.9
59;2021-06-16;9165;13550;1235450;633555;47.7;24.5
59;2021-06-17;9136;15642;1244586;649197;48.1;25.1
59;2021-06-18;8993;20065;1253579;669262;48.4;25.9
59;2021-06-19;8902;17498;1262481;686760;48.8;26.5
59;2021-06-20;4876;10211;1267357;696971;49.0;26.9
59;2021-06-21;5246;16037;1272603;713008;49.2;27.5
59;2021-06-22;6283;18733;1278886;731741;49.4;28.3
59;2021-06-23;6101;19090;1284987;750831;49.6;29.0
59;2021-06-24;7267;20559;1292254;771390;49.9;29.8
59;2021-06-25;6442;21235;1298696;792625;50.2;30.6
59;2021-06-26;6423;23789;1305119;816414;50.4;31.5
59;2021-06-27;4718;17088;1309837;833502;50.6;32.2
59;2021-06-28;4934;19862;1314771;853364;50.8;33.0
59;2021-06-29;5472;20377;1320243;873741;51.0;33.7
59;2021-06-30;6062;20115;1326305;893856;51.2;34.5
59;2021-07-01;6670;20856;1332975;914712;51.5;35.3
59;2021-07-02;6757;23231;1339732;937943;51.7;36.2
59;2021-07-03;5525;24612;1345257;962555;52.0;37.2
59;2021-07-04;4385;15979;1349642;978534;52.1;37.8
59;2021-07-05;5610;17459;1355252;995993;52.3;38.5
59;2021-07-06;6542;18791;1361794;1014784;52.6;39.2
59;2021-07-07;6775;17450;1368569;1032234;52.9;39.9
59;2021-07-08;7955;17684;1376524;1049918;53.2;40.6
59;2021-07-09;7659;20258;1384183;1070176;53.5;41.3
59;2021-07-10;7394;18511;1391577;1088687;53.7;42.1
59;2021-07-11;4435;10214;1396012;1098901;53.9;42.4
59;2021-07-12;5809;18014;1401821;1116915;54.1;43.1
59;2021-07-13;9813;20672;1411634;1137587;54.5;43.9
59;2021-07-14;9745;8374;1421379;1145961;54.9;44.3
59;2021-07-15;11263;20218;1432642;1166179;55.3;45.0
60;2020-12-27;0;0;0;0;0.0;0.0
60;2020-12-28;0;0;0;0;0.0;0.0
60;2020-12-29;1;0;1;0;0.0;0.0
60;2020-12-30;0;0;1;0;0.0;0.0
60;2020-12-31;0;0;1;0;0.0;0.0
60;2021-01-01;0;0;1;0;0.0;0.0
60;2021-01-02;5;0;6;0;0.0;0.0
60;2021-01-03;1;0;7;0;0.0;0.0
60;2021-01-04;1;0;8;0;0.0;0.0
60;2021-01-05;37;0;45;0;0.0;0.0
60;2021-01-06;188;1;233;1;0.0;0.0
60;2021-01-07;236;2;469;3;0.1;0.0
60;2021-01-08;377;3;846;6;0.1;0.0
60;2021-01-09;3;0;849;6;0.1;0.0
60;2021-01-10;60;0;909;6;0.1;0.0
60;2021-01-11;341;2;1250;8;0.2;0.0
60;2021-01-12;534;2;1784;10;0.2;0.0
60;2021-01-13;474;2;2258;12;0.3;0.0
60;2021-01-14;506;4;2764;16;0.3;0.0
60;2021-01-15;705;5;3469;21;0.4;0.0
60;2021-01-16;124;1;3593;22;0.4;0.0
60;2021-01-17;32;0;3625;22;0.4;0.0
60;2021-01-18;854;2;4479;24;0.5;0.0
60;2021-01-19;1165;9;5644;33;0.7;0.0
60;2021-01-20;1681;5;7325;38;0.9;0.0
60;2021-01-21;2180;3;9505;41;1.2;0.0
60;2021-01-22;1521;12;11026;53;1.3;0.0
60;2021-01-23;498;2;11524;55;1.4;0.0
60;2021-01-24;61;1;11585;56;1.4;0.0
60;2021-01-25;893;10;12478;66;1.5;0.0
60;2021-01-26;943;14;13421;80;1.6;0.0
60;2021-01-27;641;8;14062;88;1.7;0.0
60;2021-01-28;391;169;14453;257;1.8;0.0
60;2021-01-29;72;103;14525;360;1.8;0.0
60;2021-01-30;0;1;14525;361;1.8;0.0
60;2021-01-31;22;61;14547;422;1.8;0.1
60;2021-02-01;38;110;14585;532;1.8;0.1
60;2021-02-02;26;161;14611;693;1.8;0.1
60;2021-02-03;161;237;14772;930;1.8;0.1
60;2021-02-04;169;341;14941;1271;1.8;0.2
60;2021-02-05;313;476;15254;1747;1.8;0.2
60;2021-02-06;62;79;15316;1826;1.9;0.2
60;2021-02-07;31;32;15347;1858;1.9;0.2
60;2021-02-08;326;519;15673;2377;1.9;0.3
60;2021-02-09;314;469;15987;2846;1.9;0.3
60;2021-02-10;549;991;16536;3837;2.0;0.5
60;2021-02-11;934;1133;17470;4970;2.1;0.6
60;2021-02-12;906;859;18376;5829;2.2;0.7
60;2021-02-13;89;308;18465;6137;2.2;0.7
60;2021-02-14;24;92;18489;6229;2.2;0.8
60;2021-02-15;613;818;19102;7047;2.3;0.9
60;2021-02-16;581;951;19683;7998;2.4;1.0
60;2021-02-17;631;930;20314;8928;2.5;1.1
60;2021-02-18;682;828;20996;9756;2.5;1.2
60;2021-02-19;639;759;21635;10515;2.6;1.3
60;2021-02-20;102;189;21737;10704;2.6;1.3
60;2021-02-21;22;121;21759;10825;2.6;1.3
60;2021-02-22;463;875;22222;11700;2.7;1.4
60;2021-02-23;534;786;22756;12486;2.8;1.5
60;2021-02-24;792;541;23548;13027;2.9;1.6
60;2021-02-25;1094;298;24642;13325;3.0;1.6
60;2021-02-26;1293;180;25935;13505;3.1;1.6
60;2021-02-27;666;30;26601;13535;3.2;1.6
60;2021-02-28;7;10;26608;13545;3.2;1.6
60;2021-03-01;894;42;27502;13587;3.3;1.6
60;2021-03-02;1012;153;28514;13740;3.5;1.7
60;2021-03-03;1317;439;29831;14179;3.6;1.7
60;2021-03-04;1719;510;31550;14689;3.8;1.8
60;2021-03-05;1818;281;33368;14970;4.0;1.8
60;2021-03-06;1919;125;35287;15095;4.3;1.8
60;2021-03-07;885;27;36172;15122;4.4;1.8
60;2021-03-08;977;311;37149;15433;4.5;1.9
60;2021-03-09;1636;348;38785;15781;4.7;1.9
60;2021-03-10;1935;408;40720;16189;4.9;2.0
60;2021-03-11;2319;378;43039;16567;5.2;2.0
60;2021-03-12;2589;527;45628;17094;5.5;2.1
60;2021-03-13;3827;182;49455;17276;6.0;2.1
60;2021-03-14;1778;44;51233;17320;6.2;2.1
60;2021-03-15;2091;490;53324;17810;6.5;2.2
60;2021-03-16;1584;617;54908;18427;6.7;2.2
60;2021-03-17;1653;604;56561;19031;6.9;2.3
60;2021-03-18;1756;721;58317;19752;7.1;2.4
60;2021-03-19;2584;508;60901;20260;7.4;2.5
60;2021-03-20;3226;172;64127;20432;7.8;2.5
60;2021-03-21;2121;82;66248;20514;8.0;2.5
60;2021-03-22;2129;701;68377;21215;8.3;2.6
60;2021-03-23;3303;700;71680;21915;8.7;2.7
60;2021-03-24;3066;856;74746;22771;9.1;2.8
60;2021-03-25;3847;822;78593;23593;9.5;2.9
60;2021-03-26;4213;859;82806;24452;10.0;3.0
60;2021-03-27;4142;283;86948;24735;10.5;3.0
60;2021-03-28;2446;62;89394;24797;10.8;3.0
60;2021-03-29;2607;1073;92001;25870;11.2;3.1
60;2021-03-30;3281;1050;95282;26920;11.5;3.3
60;2021-03-31;2666;1125;97948;28045;11.9;3.4
60;2021-04-01;2560;1081;100508;29126;12.2;3.5
60;2021-04-02;3309;1085;103817;30211;12.6;3.7
60;2021-04-03;3168;991;106985;31202;13.0;3.8
60;2021-04-04;874;480;107859;31682;13.1;3.8
60;2021-04-05;457;81;108316;31763;13.1;3.8
60;2021-04-06;1961;1611;110277;33374;13.4;4.0
60;2021-04-07;1977;1739;112254;35113;13.6;4.3
60;2021-04-08;2609;1479;114863;36592;13.9;4.4
60;2021-04-09;2995;1502;117858;38094;14.3;4.6
60;2021-04-10;2920;1579;120778;39673;14.6;4.8
60;2021-04-11;1050;982;121828;40655;14.8;4.9
60;2021-04-12;2047;1714;123875;42369;15.0;5.1
60;2021-04-13;2744;1774;126619;44143;15.3;5.4
60;2021-04-14;3105;1787;129724;45930;15.7;5.6
60;2021-04-15;3539;1861;133263;47791;16.2;5.8
60;2021-04-16;3287;1923;136550;49714;16.5;6.0
60;2021-04-17;2841;2154;139391;51868;16.9;6.3
60;2021-04-18;571;1835;139962;53703;17.0;6.5
60;2021-04-19;1738;2203;141700;55906;17.2;6.8
60;2021-04-20;2129;2666;143829;58572;17.4;7.1
60;2021-04-21;2651;2192;146480;60764;17.8;7.4
60;2021-04-22;2628;2493;149108;63257;18.1;7.7
60;2021-04-23;2642;2453;151750;65710;18.4;8.0
60;2021-04-24;2468;3447;154218;69157;18.7;8.4
60;2021-04-25;1159;1966;155377;71123;18.8;8.6
60;2021-04-26;1888;2521;157265;73644;19.1;8.9
60;2021-04-27;2306;2845;159571;76489;19.3;9.3
60;2021-04-28;3061;2392;162632;78881;19.7;9.6
60;2021-04-29;3151;2618;165783;81499;20.1;9.9
60;2021-04-30;3455;2956;169238;84455;20.5;10.2
60;2021-05-01;2348;1120;171586;85575;20.8;10.4
60;2021-05-02;2144;827;173730;86402;21.1;10.5
60;2021-05-03;2957;1845;176687;88247;21.4;10.7
60;2021-05-04;3018;2352;179705;90599;21.8;11.0
60;2021-05-05;3252;2795;182957;93394;22.2;11.3
60;2021-05-06;3646;2471;186603;95865;22.6;11.6
60;2021-05-07;3981;2512;190584;98377;23.1;11.9
60;2021-05-08;3578;960;194162;99337;23.5;12.0
60;2021-05-09;3456;940;197618;100277;24.0;12.2
60;2021-05-10;2388;2291;200006;102568;24.2;12.4
60;2021-05-11;3660;2466;203666;105034;24.7;12.7
60;2021-05-12;4714;2544;208380;107578;25.3;13.0
60;2021-05-13;5293;1117;213673;108695;25.9;13.2
60;2021-05-14;5601;1799;219274;110494;26.6;13.4
60;2021-05-15;6171;1696;225445;112190;27.3;13.6
60;2021-05-16;4856;682;230301;112872;27.9;13.7
60;2021-05-17;3715;1663;234016;114535;28.4;13.9
60;2021-05-18;4048;2073;238064;116608;28.9;14.1
60;2021-05-19;5091;1848;243155;118456;29.5;14.4
60;2021-05-20;5455;1787;248610;120243;30.1;14.6
60;2021-05-21;5963;1965;254573;122208;30.9;14.8
60;2021-05-22;5351;1973;259924;124181;31.5;15.1
60;2021-05-23;4261;649;264185;124830;32.0;15.1
60;2021-05-24;2948;527;267133;125357;32.4;15.2
60;2021-05-25;4136;1975;271269;127332;32.9;15.4
60;2021-05-26;4460;1817;275729;129149;33.4;15.7
60;2021-05-27;4611;1990;280340;131139;34.0;15.9
60;2021-05-28;4618;2512;284958;133651;34.5;16.2
60;2021-05-29;4612;2273;289570;135924;35.1;16.5
60;2021-05-30;1086;350;290656;136274;35.2;16.5
60;2021-05-31;3827;2079;294483;138353;35.7;16.8
60;2021-06-01;4442;2846;298925;141199;36.2;17.1
60;2021-06-02;3907;2438;302832;143637;36.7;17.4
60;2021-06-03;3900;2378;306732;146015;37.2;17.7
60;2021-06-04;4645;2904;311377;148919;37.7;18.0
60;2021-06-05;4297;3415;315674;152334;38.3;18.5
60;2021-06-06;2148;785;317822;153119;38.5;18.6
60;2021-06-07;2767;2747;320589;155866;38.9;18.9
60;2021-06-08;3783;3003;324372;158869;39.3;19.3
60;2021-06-09;3234;3388;327606;162257;39.7;19.7
60;2021-06-10;3425;3358;331031;165615;40.1;20.1
60;2021-06-11;3869;4191;334900;169806;40.6;20.6
60;2021-06-12;3760;4277;338660;174083;41.0;21.1
60;2021-06-13;1151;2223;339811;176306;41.2;21.4
60;2021-06-14;1904;3295;341715;179601;41.4;21.8
60;2021-06-15;3003;4163;344718;183764;41.8;22.3
60;2021-06-16;3236;4498;347954;188262;42.2;22.8
60;2021-06-17;2969;4775;350923;193037;42.5;23.4
60;2021-06-18;2977;4609;353900;197646;42.9;24.0
60;2021-06-19;3129;4738;357029;202384;43.3;24.5
60;2021-06-20;1431;1935;358460;204319;43.4;24.8
60;2021-06-21;1402;4054;359862;208373;43.6;25.3
60;2021-06-22;1741;5310;361603;213683;43.8;25.9
60;2021-06-23;1853;5253;363456;218936;44.1;26.5
60;2021-06-24;1788;5601;365244;224537;44.3;27.2
60;2021-06-25;1873;5740;367117;230277;44.5;27.9
60;2021-06-26;1849;6993;368966;237270;44.7;28.8
60;2021-06-27;707;2598;369673;239868;44.8;29.1
60;2021-06-28;1766;4146;371439;244014;45.0;29.6
60;2021-06-29;1994;5466;373433;249480;45.3;30.2
60;2021-06-30;2274;5359;375707;254839;45.5;30.9
60;2021-07-01;1856;4926;377563;259765;45.8;31.5
60;2021-07-02;2341;5875;379904;265640;46.0;32.2
60;2021-07-03;2385;6168;382289;271808;46.3;32.9
60;2021-07-04;790;2731;383079;274539;46.4;33.3
60;2021-07-05;1650;4403;384729;278942;46.6;33.8
60;2021-07-06;2130;4496;386859;283438;46.9;34.4
60;2021-07-07;2160;5122;389019;288560;47.1;35.0
60;2021-07-08;2660;4690;391679;293250;47.5;35.5
60;2021-07-09;2632;5538;394311;298788;47.8;36.2
60;2021-07-10;2572;5865;396883;304653;48.1;36.9
60;2021-07-11;1210;1934;398093;306587;48.2;37.2
60;2021-07-12;1418;4751;399511;311338;48.4;37.7
60;2021-07-13;2892;5007;402403;316345;48.8;38.3
60;2021-07-14;2564;1383;404967;317728;49.1;38.5
60;2021-07-15;3395;4812;408362;322540;49.5;39.1
61;2020-12-27;0;0;0;0;0.0;0.0
61;2020-12-28;0;0;0;0;0.0;0.0
61;2020-12-29;0;0;0;0;0.0;0.0
61;2020-12-30;0;0;0;0;0.0;0.0
61;2020-12-31;0;0;0;0;0.0;0.0
61;2021-01-01;1;0;1;0;0.0;0.0
61;2021-01-02;0;0;1;0;0.0;0.0
61;2021-01-03;0;0;1;0;0.0;0.0
61;2021-01-04;0;0;1;0;0.0;0.0
61;2021-01-05;3;0;4;0;0.0;0.0
61;2021-01-06;76;0;80;0;0.0;0.0
61;2021-01-07;175;2;255;2;0.1;0.0
61;2021-01-08;406;1;661;3;0.2;0.0
61;2021-01-09;165;1;826;4;0.3;0.0
61;2021-01-10;49;0;875;4;0.3;0.0
61;2021-01-11;396;1;1271;5;0.5;0.0
61;2021-01-12;680;2;1951;7;0.7;0.0
61;2021-01-13;739;1;2690;8;1.0;0.0
61;2021-01-14;526;8;3216;16;1.2;0.0
61;2021-01-15;539;3;3755;19;1.4;0.0
61;2021-01-16;289;1;4044;20;1.5;0.0
61;2021-01-17;831;6;4875;26;1.8;0.0
61;2021-01-18;1900;3;6775;29;2.4;0.0
61;2021-01-19;1319;2;8094;31;2.9;0.0
61;2021-01-20;682;0;8776;31;3.2;0.0
61;2021-01-21;843;1;9619;32;3.5;0.0
61;2021-01-22;763;1;10382;33;3.7;0.0
61;2021-01-23;256;2;10638;35;3.8;0.0
61;2021-01-24;228;0;10866;35;3.9;0.0
61;2021-01-25;577;2;11443;37;4.1;0.0
61;2021-01-26;553;0;11996;37;4.3;0.0
61;2021-01-27;569;14;12565;51;4.5;0.0
61;2021-01-28;460;52;13025;103;4.7;0.0
61;2021-01-29;475;204;13500;307;4.9;0.1
61;2021-01-30;212;3;13712;310;5.0;0.1
61;2021-01-31;106;0;13818;310;5.0;0.1
61;2021-02-01;430;190;14248;500;5.1;0.2
61;2021-02-02;387;425;14635;925;5.3;0.3
61;2021-02-03;412;490;15047;1415;5.4;0.5
61;2021-02-04;386;337;15433;1752;5.6;0.6
61;2021-02-05;538;362;15971;2114;5.8;0.8
61;2021-02-06;195;91;16166;2205;5.8;0.8
61;2021-02-07;45;200;16211;2405;5.9;0.9
61;2021-02-08;540;1409;16751;3814;6.0;1.4
61;2021-02-09;403;808;17154;4622;6.2;1.7
61;2021-02-10;277;561;17431;5183;6.3;1.9
61;2021-02-11;432;561;17863;5744;6.5;2.1
61;2021-02-12;403;736;18266;6480;6.6;2.3
61;2021-02-13;132;431;18398;6911;6.6;2.5
61;2021-02-14;2;315;18400;7226;6.6;2.6
61;2021-02-15;171;847;18571;8073;6.7;2.9
61;2021-02-16;203;682;18774;8755;6.8;3.2
61;2021-02-17;44;641;18818;9396;6.8;3.4
61;2021-02-18;160;528;18978;9924;6.9;3.6
61;2021-02-19;101;390;19079;10314;6.9;3.7
61;2021-02-20;39;242;19118;10556;6.9;3.8
61;2021-02-21;0;155;19118;10711;6.9;3.9
61;2021-02-22;89;568;19207;11279;6.9;4.1
61;2021-02-23;114;494;19321;11773;7.0;4.3
61;2021-02-24;173;571;19494;12344;7.0;4.5
61;2021-02-25;264;447;19758;12791;7.1;4.6
61;2021-02-26;265;464;20023;13255;7.2;4.8
61;2021-02-27;107;226;20130;13481;7.3;4.9
61;2021-02-28;4;119;20134;13600;7.3;4.9
61;2021-03-01;214;613;20348;14213;7.3;5.1
61;2021-03-02;148;696;20496;14909;7.4;5.4
61;2021-03-03;141;449;20637;15358;7.5;5.5
61;2021-03-04;430;441;21067;15799;7.6;5.7
61;2021-03-05;700;290;21767;16089;7.9;5.8
61;2021-03-06;426;230;22193;16319;8.0;5.9
61;2021-03-07;154;0;22347;16319;8.1;5.9
61;2021-03-08;296;313;22643;16632;8.2;6.0
61;2021-03-09;619;184;23262;16816;8.4;6.1
61;2021-03-10;672;173;23934;16989;8.6;6.1
61;2021-03-11;1118;124;25052;17113;9.0;6.2
61;2021-03-12;1465;91;26517;17204;9.6;6.2
61;2021-03-13;766;42;27283;17246;9.9;6.2
61;2021-03-14;226;3;27509;17249;9.9;6.2
61;2021-03-15;814;29;28323;17278;10.2;6.2
61;2021-03-16;721;22;29044;17300;10.5;6.2
61;2021-03-17;759;9;29803;17309;10.8;6.3
61;2021-03-18;854;17;30657;17326;11.1;6.3
61;2021-03-19;1024;43;31681;17369;11.4;6.3
61;2021-03-20;470;10;32151;17379;11.6;6.3
61;2021-03-21;71;0;32222;17379;11.6;6.3
61;2021-03-22;796;81;33018;17460;11.9;6.3
61;2021-03-23;921;39;33939;17499;12.3;6.3
61;2021-03-24;1370;60;35309;17559;12.8;6.3
61;2021-03-25;1874;50;37183;17609;13.4;6.4
61;2021-03-26;1791;35;38974;17644;14.1;6.4
61;2021-03-27;1083;16;40057;17660;14.5;6.4
61;2021-03-28;359;8;40416;17668;14.6;6.4
61;2021-03-29;1269;174;41685;17842;15.1;6.4
61;2021-03-30;1470;83;43155;17925;15.6;6.5
61;2021-03-31;1681;41;44836;17966;16.2;6.5
61;2021-04-01;2046;206;46882;18172;16.9;6.6
61;2021-04-02;1514;419;48396;18591;17.5;6.7
61;2021-04-03;636;282;49032;18873;17.7;6.8
61;2021-04-04;193;1;49225;18874;17.8;6.8
61;2021-04-05;530;7;49755;18881;18.0;6.8
61;2021-04-06;1349;616;51104;19497;18.5;7.0
61;2021-04-07;1691;659;52795;20156;19.1;7.3
61;2021-04-08;2270;807;55065;20963;19.9;7.6
61;2021-04-09;2132;830;57197;21793;20.7;7.9
61;2021-04-10;1530;479;58727;22272;21.2;8.0
61;2021-04-11;238;196;58965;22468;21.3;8.1
61;2021-04-12;1289;735;60254;23203;21.8;8.4
61;2021-04-13;1743;697;61997;23900;22.4;8.6
61;2021-04-14;1726;778;63723;24678;23.0;8.9
61;2021-04-15;2264;762;65987;25440;23.8;9.2
61;2021-04-16;2224;675;68211;26115;24.6;9.4
61;2021-04-17;1485;316;69696;26431;25.2;9.5
61;2021-04-18;538;99;70234;26530;25.4;9.6
61;2021-04-19;937;745;71171;27275;25.7;9.9
61;2021-04-20;1526;780;72697;28055;26.3;10.1
61;2021-04-21;1350;1035;74047;29090;26.7;10.5
61;2021-04-22;1295;1206;75342;30296;27.2;10.9
61;2021-04-23;1217;1142;76559;31438;27.6;11.4
61;2021-04-24;1429;811;77988;32249;28.2;11.6
61;2021-04-25;361;329;78349;32578;28.3;11.8
61;2021-04-26;667;1139;79016;33717;28.5;12.2
61;2021-04-27;1460;1138;80476;34855;29.1;12.6
61;2021-04-28;1388;1382;81864;36237;29.6;13.1
61;2021-04-29;1252;1854;83116;38091;30.0;13.8
61;2021-04-30;1716;1164;84832;39255;30.6;14.2
61;2021-05-01;786;318;85618;39573;30.9;14.3
61;2021-05-02;438;222;86056;39795;31.1;14.4
61;2021-05-03;846;1246;86902;41041;31.4;14.8
61;2021-05-04;1323;1748;88225;42789;31.9;15.5
61;2021-05-05;1011;2025;89236;44814;32.2;16.2
61;2021-05-06;1771;2202;91007;47016;32.9;17.0
61;2021-05-07;1377;1960;92384;48976;33.4;17.7
61;2021-05-08;923;473;93307;49449;33.7;17.9
61;2021-05-09;393;291;93700;49740;33.8;18.0
61;2021-05-10;987;1751;94687;51491;34.2;18.6
61;2021-05-11;1372;1511;96059;53002;34.7;19.1
61;2021-05-12;1868;1587;97927;54589;35.4;19.7
61;2021-05-13;884;490;98811;55079;35.7;19.9
61;2021-05-14;1850;1187;100661;56266;36.4;20.3
61;2021-05-15;2089;1112;102750;57378;37.1;20.7
61;2021-05-16;983;299;103733;57677;37.5;20.8
61;2021-05-17;1311;911;105044;58588;37.9;21.2
61;2021-05-18;2424;888;107468;59476;38.8;21.5
61;2021-05-19;2402;794;109870;60270;39.7;21.8
61;2021-05-20;2212;809;112082;61079;40.5;22.1
61;2021-05-21;2147;855;114229;61934;41.3;22.4
61;2021-05-22;1781;716;116010;62650;41.9;22.6
61;2021-05-23;714;52;116724;62702;42.2;22.6
61;2021-05-24;913;107;117637;62809;42.5;22.7
61;2021-05-25;1993;919;119630;63728;43.2;23.0
61;2021-05-26;2030;925;121660;64653;43.9;23.3
61;2021-05-27;2036;1089;123696;65742;44.7;23.7
61;2021-05-28;2050;1376;125746;67118;45.4;24.2
61;2021-05-29;1461;551;127207;67669;45.9;24.4
61;2021-05-30;450;45;127657;67714;46.1;24.5
61;2021-05-31;1558;935;129215;68649;46.7;24.8
61;2021-06-01;1873;1381;131088;70030;47.3;25.3
61;2021-06-02;1672;1130;132760;71160;47.9;25.7
61;2021-06-03;2247;1105;135007;72265;48.8;26.1
61;2021-06-04;1893;1338;136900;73603;49.4;26.6
61;2021-06-05;1663;1234;138563;74837;50.0;27.0
61;2021-06-06;315;229;138878;75066;50.2;27.1
61;2021-06-07;2184;867;141062;75933;50.9;27.4
61;2021-06-08;1833;1569;142895;77502;51.6;28.0
61;2021-06-09;1971;1179;144866;78681;52.3;28.4
61;2021-06-10;1948;1178;146814;79859;53.0;28.8
61;2021-06-11;1811;1573;148625;81432;53.7;29.4
61;2021-06-12;1418;994;150043;82426;54.2;29.8
61;2021-06-13;338;376;150381;82802;54.3;29.9
61;2021-06-14;1091;1190;151472;83992;54.7;30.3
61;2021-06-15;1205;1693;152677;85685;55.1;30.9
61;2021-06-16;1110;1352;153787;87037;55.5;31.4
61;2021-06-17;1016;1728;154803;88765;55.9;32.1
61;2021-06-18;1476;1657;156279;90422;56.4;32.7
61;2021-06-19;1238;1303;157517;91725;56.9;33.1
61;2021-06-20;281;347;157798;92072;57.0;33.3
61;2021-06-21;803;1631;158601;93703;57.3;33.8
61;2021-06-22;1008;1688;159609;95391;57.6;34.4
61;2021-06-23;962;2438;160571;97829;58.0;35.3
61;2021-06-24;642;1358;161213;99187;58.2;35.8
61;2021-06-25;819;2167;162032;101354;58.5;36.6
61;2021-06-26;617;1951;162649;103305;58.7;37.3
61;2021-06-27;136;804;162785;104109;58.8;37.6
61;2021-06-28;478;2251;163263;106360;59.0;38.4
61;2021-06-29;689;2866;163952;109226;59.2;39.4
61;2021-06-30;765;2460;164717;111686;59.5;40.3
61;2021-07-01;630;1693;165347;113379;59.7;40.9
61;2021-07-02;802;2495;166149;115874;60.0;41.8
61;2021-07-03;414;1913;166563;117787;60.2;42.5
61;2021-07-04;73;639;166636;118426;60.2;42.8
61;2021-07-05;678;1775;167314;120201;60.4;43.4
61;2021-07-06;899;2793;168213;122994;60.7;44.4
61;2021-07-07;723;2357;168936;125351;61.0;45.3
61;2021-07-08;835;1951;169771;127302;61.3;46.0
61;2021-07-09;703;2375;170474;129677;61.6;46.8
61;2021-07-10;463;1771;170937;131448;61.7;47.5
61;2021-07-11;237;489;171174;131937;61.8;47.6
61;2021-07-12;430;2294;171604;134231;62.0;48.5
61;2021-07-13;635;2491;172239;136722;62.2;49.4
61;2021-07-14;142;333;172381;137055;62.3;49.5
61;2021-07-15;800;2808;173181;139863;62.5;50.5
62;2020-12-27;1;0;1;0;0.0;0.0
62;2020-12-28;2;0;3;0;0.0;0.0
62;2020-12-29;0;0;3;0;0.0;0.0
62;2020-12-30;0;0;3;0;0.0;0.0
62;2020-12-31;0;0;3;0;0.0;0.0
62;2021-01-01;0;0;3;0;0.0;0.0
62;2021-01-02;0;0;3;0;0.0;0.0
62;2021-01-03;0;0;3;0;0.0;0.0
62;2021-01-04;2;0;5;0;0.0;0.0
62;2021-01-05;47;0;52;0;0.0;0.0
62;2021-01-06;123;0;175;0;0.0;0.0
62;2021-01-07;350;0;525;0;0.0;0.0
62;2021-01-08;711;3;1236;3;0.1;0.0
62;2021-01-09;163;2;1399;5;0.1;0.0
62;2021-01-10;84;0;1483;5;0.1;0.0
62;2021-01-11;552;1;2035;6;0.1;0.0
62;2021-01-12;1245;0;3280;6;0.2;0.0
62;2021-01-13;1137;4;4417;10;0.3;0.0
62;2021-01-14;1383;9;5800;19;0.4;0.0
62;2021-01-15;1294;6;7094;25;0.5;0.0
62;2021-01-16;307;3;7401;28;0.5;0.0
62;2021-01-17;107;1;7508;29;0.5;0.0
62;2021-01-18;1655;7;9163;36;0.6;0.0
62;2021-01-19;2096;4;11259;40;0.8;0.0
62;2021-01-20;2053;7;13312;47;0.9;0.0
62;2021-01-21;2227;3;15539;50;1.1;0.0
62;2021-01-22;1830;6;17369;56;1.2;0.0
62;2021-01-23;512;0;17881;56;1.2;0.0
62;2021-01-24;0;0;17881;56;1.2;0.0
62;2021-01-25;1279;5;19160;61;1.3;0.0
62;2021-01-26;1535;15;20695;76;1.4;0.0
62;2021-01-27;1482;172;22177;248;1.5;0.0
62;2021-01-28;4126;340;26303;588;1.8;0.0
62;2021-01-29;2020;332;28323;920;1.9;0.1
62;2021-01-30;160;154;28483;1074;2.0;0.1
62;2021-01-31;21;3;28504;1077;2.0;0.1
62;2021-02-01;45;359;28549;1436;2.0;0.1
62;2021-02-02;55;791;28604;2227;2.0;0.2
62;2021-02-03;43;630;28647;2857;2.0;0.2
62;2021-02-04;79;823;28726;3680;2.0;0.3
62;2021-02-05;79;755;28805;4435;2.0;0.3
62;2021-02-06;24;195;28829;4630;2.0;0.3
62;2021-02-07;235;24;29064;4654;2.0;0.3
62;2021-02-08;130;848;29194;5502;2.0;0.4
62;2021-02-09;225;1103;29419;6605;2.0;0.5
62;2021-02-10;382;1173;29801;7778;2.1;0.5
62;2021-02-11;720;997;30521;8775;2.1;0.6
62;2021-02-12;966;777;31487;9552;2.2;0.7
62;2021-02-13;159;271;31646;9823;2.2;0.7
62;2021-02-14;0;0;31646;9823;2.2;0.7
62;2021-02-15;664;1275;32310;11098;2.2;0.8
62;2021-02-16;919;1787;33229;12885;2.3;0.9
62;2021-02-17;1072;2125;34301;15010;2.4;1.0
62;2021-02-18;2202;3790;36503;18800;2.5;1.3
62;2021-02-19;2299;2535;38802;21335;2.7;1.5
62;2021-02-20;613;478;39415;21813;2.7;1.5
62;2021-02-21;86;46;39501;21859;2.7;1.5
62;2021-02-22;846;971;40347;22830;2.8;1.6
62;2021-02-23;1417;1221;41764;24051;2.9;1.7
62;2021-02-24;1541;637;43305;24688;3.0;1.7
62;2021-02-25;3161;385;46466;25073;3.2;1.7
62;2021-02-26;2905;324;49371;25397;3.4;1.7
62;2021-02-27;1825;79;51196;25476;3.5;1.8
62;2021-02-28;52;42;51248;25518;3.5;1.8
62;2021-03-01;1309;113;52557;25631;3.6;1.8
62;2021-03-02;3146;158;55703;25789;3.8;1.8
62;2021-03-03;3255;101;58958;25890;4.1;1.8
62;2021-03-04;3794;163;62752;26053;4.3;1.8
62;2021-03-05;4640;175;67392;26228;4.6;1.8
62;2021-03-06;9605;167;76997;26395;5.3;1.8
62;2021-03-07;8063;130;85060;26525;5.9;1.8
62;2021-03-08;2181;233;87241;26758;6.0;1.8
62;2021-03-09;3795;344;91036;27102;6.3;1.9
62;2021-03-10;4217;566;95253;27668;6.6;1.9
62;2021-03-11;5964;1468;101217;29136;7.0;2.0
62;2021-03-12;6621;1331;107838;30467;7.4;2.1
62;2021-03-13;14700;664;122538;31131;8.4;2.1
62;2021-03-14;9567;293;132105;31424;9.1;2.2
62;2021-03-15;3756;987;135861;32411;9.4;2.2
62;2021-03-16;2733;831;138594;33242;9.5;2.3
62;2021-03-17;2800;700;141394;33942;9.7;2.3
62;2021-03-18;2715;928;144109;34870;9.9;2.4
62;2021-03-19;4778;888;148887;35758;10.2;2.5
62;2021-03-20;11060;521;159947;36279;11.0;2.5
62;2021-03-21;9435;274;169382;36553;11.7;2.5
62;2021-03-22;2936;1081;172318;37634;11.9;2.6
62;2021-03-23;4985;1482;177303;39116;12.2;2.7
62;2021-03-24;4683;1394;181986;40510;12.5;2.8
62;2021-03-25;6542;1459;188528;41969;13.0;2.9
62;2021-03-26;7043;1448;195571;43417;13.5;3.0
62;2021-03-27;12578;649;208149;44066;14.3;3.0
62;2021-03-28;6931;227;215080;44293;14.8;3.0
62;2021-03-29;3470;1183;218550;45476;15.0;3.1
62;2021-03-30;4548;2194;223098;47670;15.4;3.3
62;2021-03-31;4214;2446;227312;50116;15.6;3.4
62;2021-04-01;4964;2733;232276;52849;16.0;3.6
62;2021-04-02;5063;3198;237339;56047;16.3;3.9
62;2021-04-03;8190;3280;245529;59327;16.9;4.1
62;2021-04-04;4577;1890;250106;61217;17.2;4.2
62;2021-04-05;943;456;251049;61673;17.3;4.2
62;2021-04-06;4115;2968;255164;64641;17.6;4.4
62;2021-04-07;5027;3467;260191;68108;17.9;4.7
62;2021-04-08;6474;3916;266665;72024;18.4;5.0
62;2021-04-09;7611;3421;274276;75445;18.9;5.2
62;2021-04-10;6639;8036;280915;83481;19.3;5.7
62;2021-04-11;2812;6887;283727;90368;19.5;6.2
62;2021-04-12;3417;2346;287144;92714;19.8;6.4
62;2021-04-13;6165;3134;293309;95848;20.2;6.6
62;2021-04-14;5294;3034;298603;98882;20.6;6.8
62;2021-04-15;5738;2959;304341;101841;20.9;7.0
62;2021-04-16;5416;3156;309757;104997;21.3;7.2
62;2021-04-17;4355;7354;314112;112351;21.6;7.7
62;2021-04-18;1961;6844;316073;119195;21.8;8.2
62;2021-04-19;2776;1908;318849;121103;21.9;8.3
62;2021-04-20;4132;3868;322981;124971;22.2;8.6
62;2021-04-21;3751;3954;326732;128925;22.5;8.9
62;2021-04-22;3944;5150;330676;134075;22.8;9.2
62;2021-04-23;4047;5260;334723;139335;23.0;9.6
62;2021-04-24;4394;6708;339117;146043;23.3;10.1
62;2021-04-25;1907;3494;341024;149537;23.5;10.3
62;2021-04-26;2220;2424;343244;151961;23.6;10.5
62;2021-04-27;4406;3678;347650;155639;23.9;10.7
62;2021-04-28;4589;4318;352239;159957;24.2;11.0
62;2021-04-29;4783;5839;357022;165796;24.6;11.4
62;2021-04-30;5204;5674;362226;171470;24.9;11.8
62;2021-05-01;5733;3441;367959;174911;25.3;12.0
62;2021-05-02;7815;3103;375774;178014;25.9;12.3
62;2021-05-03;4495;2284;380269;180298;26.2;12.4
62;2021-05-04;5383;4954;385652;185252;26.5;12.8
62;2021-05-05;4725;4820;390377;190072;26.9;13.1
62;2021-05-06;5610;4890;395987;194962;27.3;13.4
62;2021-05-07;7674;4639;403661;199601;27.8;13.7
62;2021-05-08;10627;2235;414288;201836;28.5;13.9
62;2021-05-09;8625;1612;422913;203448;29.1;14.0
62;2021-05-10;4867;3998;427780;207446;29.4;14.3
62;2021-05-11;6406;5014;434186;212460;29.9;14.6
62;2021-05-12;8611;4576;442797;217036;30.5;14.9
62;2021-05-13;9993;1458;452790;218494;31.2;15.0
62;2021-05-14;11865;3360;464655;221854;32.0;15.3
62;2021-05-15;19773;3201;484428;225055;33.3;15.5
62;2021-05-16;16389;1364;500817;226419;34.5;15.6
62;2021-05-17;8177;2643;508994;229062;35.0;15.8
62;2021-05-18;9317;3098;518311;232160;35.7;16.0
62;2021-05-19;8611;2881;526922;235041;36.3;16.2
62;2021-05-20;8330;3816;535252;238857;36.8;16.4
62;2021-05-21;9382;4175;544634;243032;37.5;16.7
62;2021-05-22;17861;3479;562495;246511;38.7;17.0
62;2021-05-23;12372;1106;574867;247617;39.6;17.0
62;2021-05-24;3907;575;578774;248192;39.8;17.1
62;2021-05-25;7215;4080;585989;252272;40.3;17.4
62;2021-05-26;6763;4887;592752;257159;40.8;17.7
62;2021-05-27;6379;5667;599131;262826;41.2;18.1
62;2021-05-28;6513;6747;605644;269573;41.7;18.6
62;2021-05-29;10845;5514;616489;275087;42.4;18.9
62;2021-05-30;4037;975;620526;276062;42.7;19.0
62;2021-05-31;4788;3965;625314;280027;43.0;19.3
62;2021-06-01;6486;6517;631800;286544;43.5;19.7
62;2021-06-02;7400;5789;639200;292333;44.0;20.1
62;2021-06-03;7841;5876;647041;298209;44.5;20.5
62;2021-06-04;7875;6239;654916;304448;45.1;21.0
62;2021-06-05;8256;6223;663172;310671;45.6;21.4
62;2021-06-06;3109;1285;666281;311956;45.9;21.5
62;2021-06-07;4586;3748;670867;315704;46.2;21.7
62;2021-06-08;6141;5885;677008;321589;46.6;22.1
62;2021-06-09;5468;4752;682476;326341;47.0;22.5
62;2021-06-10;5143;5869;687619;332210;47.3;22.9
62;2021-06-11;6197;8884;693816;341094;47.8;23.5
62;2021-06-12;5907;8657;699723;349751;48.2;24.1
62;2021-06-13;3195;3781;702918;353532;48.4;24.3
62;2021-06-14;2580;6785;705498;360317;48.6;24.8
62;2021-06-15;4644;8545;710142;368862;48.9;25.4
62;2021-06-16;5048;7414;715190;376276;49.2;25.9
62;2021-06-17;5204;8057;720394;384333;49.6;26.5
62;2021-06-18;4792;10518;725186;394851;49.9;27.2
62;2021-06-19;5780;13473;730966;408324;50.3;28.1
62;2021-06-20;2090;4383;733056;412707;50.5;28.4
62;2021-06-21;2941;8962;735997;421669;50.7;29.0
62;2021-06-22;3401;10204;739398;431873;50.9;29.7
62;2021-06-23;3368;10346;742766;442219;51.1;30.4
62;2021-06-24;3300;11803;746066;454022;51.4;31.3
62;2021-06-25;3678;15803;749744;469825;51.6;32.3
62;2021-06-26;3487;18432;753231;488257;51.8;33.6
62;2021-06-27;1115;9843;754346;498100;51.9;34.3
62;2021-06-28;1892;8883;756238;506983;52.1;34.9
62;2021-06-29;2938;11465;759176;518448;52.3;35.7
62;2021-06-30;4023;10801;763199;529249;52.5;36.4
62;2021-07-01;4351;10461;767550;539710;52.8;37.2
62;2021-07-02;4092;11954;771642;551664;53.1;38.0
62;2021-07-03;2987;18077;774629;569741;53.3;39.2
62;2021-07-04;1432;9187;776061;578928;53.4;39.8
62;2021-07-05;2389;6924;778450;585852;53.6;40.3
62;2021-07-06;3770;10001;782220;595853;53.8;41.0
62;2021-07-07;3875;8900;786095;604753;54.1;41.6
62;2021-07-08;5202;9093;791297;613846;54.5;42.3
62;2021-07-09;4373;10849;795670;624695;54.8;43.0
62;2021-07-10;4891;11815;800561;636510;55.1;43.8
62;2021-07-11;1326;2085;801887;638595;55.2;44.0
62;2021-07-12;2288;7109;804175;645704;55.4;44.4
62;2021-07-13;5012;12104;809187;657808;55.7;45.3
62;2021-07-14;3581;3125;812768;660933;55.9;45.5
62;2021-07-15;7437;11462;820205;672395;56.5;46.3
63;2020-12-27;0;0;0;0;0.0;0.0
63;2020-12-28;0;0;0;0;0.0;0.0
63;2020-12-29;0;0;0;0;0.0;0.0
63;2020-12-30;0;0;0;0;0.0;0.0
63;2020-12-31;0;0;0;0;0.0;0.0
63;2021-01-01;0;0;0;0;0.0;0.0
63;2021-01-02;0;0;0;0;0.0;0.0
63;2021-01-03;0;0;0;0;0.0;0.0
63;2021-01-04;0;0;0;0;0.0;0.0
63;2021-01-05;1;0;1;0;0.0;0.0
63;2021-01-06;4;1;5;1;0.0;0.0
63;2021-01-07;296;0;301;1;0.0;0.0
63;2021-01-08;207;0;508;1;0.1;0.0
63;2021-01-09;90;0;598;1;0.1;0.0
63;2021-01-10;81;0;679;1;0.1;0.0
63;2021-01-11;422;0;1101;1;0.2;0.0
63;2021-01-12;639;1;1740;2;0.3;0.0
63;2021-01-13;846;1;2586;3;0.4;0.0
63;2021-01-14;513;7;3099;10;0.5;0.0
63;2021-01-15;425;1;3524;11;0.5;0.0
63;2021-01-16;157;0;3681;11;0.6;0.0
63;2021-01-17;131;0;3812;11;0.6;0.0
63;2021-01-18;603;1;4415;12;0.7;0.0
63;2021-01-19;832;1;5247;13;0.8;0.0
63;2021-01-20;1038;1;6285;14;1.0;0.0
63;2021-01-21;975;1;7260;15;1.1;0.0
63;2021-01-22;964;2;8224;17;1.2;0.0
63;2021-01-23;189;0;8413;17;1.3;0.0
63;2021-01-24;162;0;8575;17;1.3;0.0
63;2021-01-25;784;1;9359;18;1.4;0.0
63;2021-01-26;955;2;10314;20;1.6;0.0
63;2021-01-27;1000;5;11314;25;1.7;0.0
63;2021-01-28;1311;67;12625;92;1.9;0.0
63;2021-01-29;1063;66;13688;158;2.1;0.0
63;2021-01-30;69;0;13757;158;2.1;0.0
63;2021-01-31;6;0;13763;158;2.1;0.0
63;2021-02-01;562;182;14325;340;2.2;0.1
63;2021-02-02;877;235;15202;575;2.3;0.1
63;2021-02-03;1468;281;16670;856;2.5;0.1
63;2021-02-04;2115;512;18785;1368;2.8;0.2
63;2021-02-05;1144;269;19929;1637;3.0;0.2
63;2021-02-06;115;0;20044;1637;3.0;0.2
63;2021-02-07;9;1;20053;1638;3.0;0.2
63;2021-02-08;532;402;20585;2040;3.1;0.3
63;2021-02-09;668;434;21253;2474;3.2;0.4
63;2021-02-10;605;602;21858;3076;3.3;0.5
63;2021-02-11;749;466;22607;3542;3.4;0.5
63;2021-02-12;820;806;23427;4348;3.5;0.7
63;2021-02-13;82;1;23509;4349;3.6;0.7
63;2021-02-14;0;65;23509;4414;3.6;0.7
63;2021-02-15;204;795;23713;5209;3.6;0.8
63;2021-02-16;403;1138;24116;6347;3.7;1.0
63;2021-02-17;347;876;24463;7223;3.7;1.1
63;2021-02-18;593;823;25056;8046;3.8;1.2
63;2021-02-19;447;977;25503;9023;3.9;1.4
63;2021-02-20;37;32;25540;9055;3.9;1.4
63;2021-02-21;2;17;25542;9072;3.9;1.4
63;2021-02-22;291;931;25833;10003;3.9;1.5
63;2021-02-23;574;1145;26407;11148;4.0;1.7
63;2021-02-24;696;1420;27103;12568;4.1;1.9
63;2021-02-25;1580;1671;28683;14239;4.3;2.2
63;2021-02-26;1623;1363;30306;15602;4.6;2.4
63;2021-02-27;641;62;30947;15664;4.7;2.4
63;2021-02-28;4;178;30951;15842;4.7;2.4
63;2021-03-01;582;519;31533;16361;4.8;2.5
63;2021-03-02;898;790;32431;17151;4.9;2.6
63;2021-03-03;1033;723;33464;17874;5.1;2.7
63;2021-03-04;1747;494;35211;18368;5.3;2.8
63;2021-03-05;2612;671;37823;19039;5.7;2.9
63;2021-03-06;1550;32;39373;19071;6.0;2.9
63;2021-03-07;510;15;39883;19086;6.0;2.9
63;2021-03-08;965;642;40848;19728;6.2;3.0
63;2021-03-09;1537;1058;42385;20786;6.4;3.1
63;2021-03-10;1637;603;44022;21389;6.7;3.2
63;2021-03-11;3050;879;47072;22268;7.1;3.4
63;2021-03-12;3509;360;50581;22628;7.7;3.4
63;2021-03-13;2048;76;52629;22704;8.0;3.4
63;2021-03-14;57;20;52686;22724;8.0;3.4
63;2021-03-15;1732;364;54418;23088;8.2;3.5
63;2021-03-16;1741;411;56159;23499;8.5;3.6
63;2021-03-17;1632;670;57791;24169;8.8;3.7
63;2021-03-18;1933;739;59724;24908;9.0;3.8
63;2021-03-19;2732;485;62456;25393;9.5;3.8
63;2021-03-20;1120;66;63576;25459;9.6;3.9
63;2021-03-21;49;45;63625;25504;9.6;3.9
63;2021-03-22;1981;249;65606;25753;9.9;3.9
63;2021-03-23;2878;352;68484;26105;10.4;4.0
63;2021-03-24;3212;328;71696;26433;10.9;4.0
63;2021-03-25;4580;365;76276;26798;11.6;4.1
63;2021-03-26;4687;544;80963;27342;12.3;4.1
63;2021-03-27;2453;219;83416;27561;12.6;4.2
63;2021-03-28;1042;80;84458;27641;12.8;4.2
63;2021-03-29;2477;504;86935;28145;13.2;4.3
63;2021-03-30;3275;624;90210;28769;13.7;4.4
63;2021-03-31;2960;738;93170;29507;14.1;4.5
63;2021-04-01;3819;525;96989;30032;14.7;4.5
63;2021-04-02;3477;698;100466;30730;15.2;4.7
63;2021-04-03;1171;180;101637;30910;15.4;4.7
63;2021-04-04;877;27;102514;30937;15.5;4.7
63;2021-04-05;801;86;103315;31023;15.6;4.7
63;2021-04-06;2462;927;105777;31950;16.0;4.8
63;2021-04-07;3206;858;108983;32808;16.5;5.0
63;2021-04-08;4714;1204;113697;34012;17.2;5.2
63;2021-04-09;5308;961;119005;34973;18.0;5.3
63;2021-04-10;2220;471;121225;35444;18.4;5.4
63;2021-04-11;833;37;122058;35481;18.5;5.4
63;2021-04-12;1626;1309;123684;36790;18.7;5.6
63;2021-04-13;1983;1960;125667;38750;19.0;5.9
63;2021-04-14;2627;1427;128294;40177;19.4;6.1
63;2021-04-15;3779;1509;132073;41686;20.0;6.3
63;2021-04-16;2832;2146;134905;43832;20.4;6.6
63;2021-04-17;1230;668;136135;44500;20.6;6.7
63;2021-04-18;802;59;136937;44559;20.7;6.7
63;2021-04-19;1653;2109;138590;46668;21.0;7.1
63;2021-04-20;1697;2292;140287;48960;21.2;7.4
63;2021-04-21;1509;2401;141796;51361;21.5;7.8
63;2021-04-22;1913;2260;143709;53621;21.8;8.1
63;2021-04-23;2015;3102;145724;56723;22.1;8.6
63;2021-04-24;1188;1126;146912;57849;22.3;8.8
63;2021-04-25;553;413;147465;58262;22.3;8.8
63;2021-04-26;1433;2243;148898;60505;22.6;9.2
63;2021-04-27;2309;2599;151207;63104;22.9;9.6
63;2021-04-28;2324;3144;153531;66248;23.3;10.0
63;2021-04-29;2864;2832;156395;69080;23.7;10.5
63;2021-04-30;2857;2809;159252;71889;24.1;10.9
63;2021-05-01;1126;1048;160378;72937;24.3;11.0
63;2021-05-02;896;638;161274;73575;24.4;11.1
63;2021-05-03;2686;2241;163960;75816;24.8;11.5
63;2021-05-04;2875;2673;166835;78489;25.3;11.9
63;2021-05-05;2931;3114;169766;81603;25.7;12.4
63;2021-05-06;3662;3041;173428;84644;26.3;12.8
63;2021-05-07;4022;3532;177450;88176;26.9;13.4
63;2021-05-08;1992;648;179442;88824;27.2;13.5
63;2021-05-09;1803;607;181245;89431;27.5;13.5
63;2021-05-10;4197;2757;185442;92188;28.1;14.0
63;2021-05-11;5331;2751;190773;94939;28.9;14.4
63;2021-05-12;5247;2892;196020;97831;29.7;14.8
63;2021-05-13;4120;693;200140;98524;30.3;14.9
63;2021-05-14;4766;1498;204906;100022;31.0;15.1
63;2021-05-15;3712;981;208618;101003;31.6;15.3
63;2021-05-16;3514;443;212132;101446;32.1;15.4
63;2021-05-17;3891;1978;216023;103424;32.7;15.7
63;2021-05-18;5107;1615;221130;105039;33.5;15.9
63;2021-05-19;5208;1609;226338;106648;34.3;16.2
63;2021-05-20;6781;2072;233119;108720;35.3;16.5
63;2021-05-21;6241;2311;239360;111031;36.3;16.8
63;2021-05-22;3343;843;242703;111874;36.8;16.9
63;2021-05-23;2378;242;245081;112116;37.1;17.0
63;2021-05-24;2633;576;247714;112692;37.5;17.1
63;2021-05-25;4264;2631;251978;115323;38.2;17.5
63;2021-05-26;5438;2397;257416;117720;39.0;17.8
63;2021-05-27;6485;2791;263901;120511;40.0;18.3
63;2021-05-28;5407;3878;269308;124389;40.8;18.8
63;2021-05-29;3355;1500;272663;125889;41.3;19.1
63;2021-05-30;1579;214;274242;126103;41.5;19.1
63;2021-05-31;4137;2276;278379;128379;42.2;19.4
63;2021-06-01;3784;2948;282163;131327;42.7;19.9
63;2021-06-02;3874;2511;286037;133838;43.3;20.3
63;2021-06-03;4888;3139;290925;136977;44.1;20.7
63;2021-06-04;5083;3617;296008;140594;44.8;21.3
63;2021-06-05;2798;1739;298806;142333;45.3;21.6
63;2021-06-06;1301;695;300107;143028;45.5;21.7
63;2021-06-07;3153;2517;303260;145545;45.9;22.0
63;2021-06-08;2862;2756;306122;148301;46.4;22.5
63;2021-06-09;3011;2270;309133;150571;46.8;22.8
63;2021-06-10;3175;2684;312308;153255;47.3;23.2
63;2021-06-11;3081;4045;315389;157300;47.8;23.8
63;2021-06-12;1613;1965;317002;159265;48.0;24.1
63;2021-06-13;475;1093;317477;160358;48.1;24.3
63;2021-06-14;1811;3474;319288;163832;48.4;24.8
63;2021-06-15;2186;3477;321474;167309;48.7;25.3
63;2021-06-16;2544;3310;324018;170619;49.1;25.8
63;2021-06-17;2349;4304;326367;174923;49.4;26.5
63;2021-06-18;2435;5830;328802;180753;49.8;27.4
63;2021-06-19;1589;2822;330391;183575;50.0;27.8
63;2021-06-20;647;2438;331038;186013;50.1;28.2
63;2021-06-21;1265;5389;332303;191402;50.3;29.0
63;2021-06-22;1222;5539;333525;196941;50.5;29.8
63;2021-06-23;1516;4760;335041;201701;50.7;30.5
63;2021-06-24;1897;5379;336938;207080;51.0;31.4
63;2021-06-25;1709;5909;338647;212989;51.3;32.3
63;2021-06-26;1059;3353;339706;216342;51.5;32.8
63;2021-06-27;691;3483;340397;219825;51.6;33.3
63;2021-06-28;1132;5662;341529;225487;51.7;34.2
63;2021-06-29;1215;5169;342744;230656;51.9;34.9
63;2021-06-30;1554;5278;344298;235934;52.1;35.7
63;2021-07-01;1872;8074;346170;244008;52.4;37.0
63;2021-07-02;2013;6539;348183;250547;52.7;37.9
63;2021-07-03;935;2919;349118;253466;52.9;38.4
63;2021-07-04;960;1880;350078;255346;53.0;38.7
63;2021-07-05;1464;6280;351542;261626;53.2;39.6
63;2021-07-06;1563;4795;353105;266421;53.5;40.4
63;2021-07-07;1937;4073;355042;270494;53.8;41.0
63;2021-07-08;2169;4571;357211;275065;54.1;41.7
63;2021-07-09;1890;5718;359101;280783;54.4;42.5
63;2021-07-10;1508;3403;360609;284186;54.6;43.0
63;2021-07-11;886;1524;361495;285710;54.8;43.3
63;2021-07-12;1552;8699;363047;294409;55.0;44.6
63;2021-07-13;3560;6118;366607;300527;55.5;45.5
63;2021-07-14;3156;1721;369763;302248;56.0;45.8
63;2021-07-15;3889;4959;373652;307207;56.6;46.5
64;2020-12-27;0;0;0;0;0.0;0.0
64;2020-12-28;0;0;0;0;0.0;0.0
64;2020-12-29;0;0;0;0;0.0;0.0
64;2020-12-30;0;0;0;0;0.0;0.0
64;2020-12-31;0;0;0;0;0.0;0.0
64;2021-01-01;0;0;0;0;0.0;0.0
64;2021-01-02;0;0;0;0;0.0;0.0
64;2021-01-03;0;0;0;0;0.0;0.0
64;2021-01-04;29;0;29;0;0.0;0.0
64;2021-01-05;22;0;51;0;0.0;0.0
64;2021-01-06;185;1;236;1;0.0;0.0
64;2021-01-07;839;0;1075;1;0.2;0.0
64;2021-01-08;879;3;1954;4;0.3;0.0
64;2021-01-09;53;0;2007;4;0.3;0.0
64;2021-01-10;0;0;2007;4;0.3;0.0
64;2021-01-11;538;1;2545;5;0.4;0.0
64;2021-01-12;757;2;3302;7;0.5;0.0
64;2021-01-13;865;2;4167;9;0.6;0.0
64;2021-01-14;1042;3;5209;12;0.8;0.0
64;2021-01-15;928;5;6137;17;0.9;0.0
64;2021-01-16;67;0;6204;17;0.9;0.0
64;2021-01-17;2;0;6206;17;0.9;0.0
64;2021-01-18;936;8;7142;25;1.0;0.0
64;2021-01-19;1439;4;8581;29;1.3;0.0
64;2021-01-20;1611;1;10192;30;1.5;0.0
64;2021-01-21;2597;1;12789;31;1.9;0.0
64;2021-01-22;1644;3;14433;34;2.1;0.0
64;2021-01-23;521;1;14954;35;2.2;0.0
64;2021-01-24;88;0;15042;35;2.2;0.0
64;2021-01-25;968;7;16010;42;2.3;0.0
64;2021-01-26;1353;21;17363;63;2.5;0.0
64;2021-01-27;1239;120;18602;183;2.7;0.0
64;2021-01-28;1645;633;20247;816;3.0;0.1
64;2021-01-29;970;656;21217;1472;3.1;0.2
64;2021-01-30;466;60;21683;1532;3.2;0.2
64;2021-01-31;90;0;21773;1532;3.2;0.2
64;2021-02-01;672;313;22445;1845;3.3;0.3
64;2021-02-02;1130;554;23575;2399;3.5;0.4
64;2021-02-03;1036;631;24611;3030;3.6;0.4
64;2021-02-04;1025;535;25636;3565;3.8;0.5
64;2021-02-05;866;457;26502;4022;3.9;0.6
64;2021-02-06;497;34;26999;4056;4.0;0.6
64;2021-02-07;130;3;27129;4059;4.0;0.6
64;2021-02-08;767;310;27896;4369;4.1;0.6
64;2021-02-09;940;722;28836;5091;4.2;0.7
64;2021-02-10;908;804;29744;5895;4.4;0.9
64;2021-02-11;1198;1482;30942;7377;4.5;1.1
64;2021-02-12;1072;1068;32014;8445;4.7;1.2
64;2021-02-13;222;322;32236;8767;4.7;1.3
64;2021-02-14;36;49;32272;8816;4.7;1.3
64;2021-02-15;223;1130;32495;9946;4.8;1.5
64;2021-02-16;257;1407;32752;11353;4.8;1.7
64;2021-02-17;290;1257;33042;12610;4.8;1.8
64;2021-02-18;506;1716;33548;14326;4.9;2.1
64;2021-02-19;413;1293;33961;15619;5.0;2.3
64;2021-02-20;120;443;34081;16062;5.0;2.4
64;2021-02-21;20;83;34101;16145;5.0;2.4
64;2021-02-22;475;992;34576;17137;5.1;2.5
64;2021-02-23;709;1144;35285;18281;5.2;2.7
64;2021-02-24;724;1027;36009;19308;5.3;2.8
64;2021-02-25;1091;956;37100;20264;5.4;3.0
64;2021-02-26;1208;915;38308;21179;5.6;3.1
64;2021-02-27;863;407;39171;21586;5.7;3.2
64;2021-02-28;40;86;39211;21672;5.7;3.2
64;2021-03-01;762;793;39973;22465;5.9;3.3
64;2021-03-02;1076;913;41049;23378;6.0;3.4
64;2021-03-03;1240;1010;42289;24388;6.2;3.6
64;2021-03-04;1867;1180;44156;25568;6.5;3.7
64;2021-03-05;2188;1063;46344;26631;6.8;3.9
64;2021-03-06;1538;517;47882;27148;7.0;4.0
64;2021-03-07;591;108;48473;27256;7.1;4.0
64;2021-03-08;1527;764;50000;28020;7.3;4.1
64;2021-03-09;2059;841;52059;28861;7.6;4.2
64;2021-03-10;2076;750;54135;29611;7.9;4.3
64;2021-03-11;2959;1059;57094;30670;8.4;4.5
64;2021-03-12;3476;578;60570;31248;8.9;4.6
64;2021-03-13;2255;163;62825;31411;9.2;4.6
64;2021-03-14;227;15;63052;31426;9.2;4.6
64;2021-03-15;2329;226;65381;31652;9.6;4.6
64;2021-03-16;1974;257;67355;31909;9.9;4.7
64;2021-03-17;2057;229;69412;32138;10.2;4.7
64;2021-03-18;2455;201;71867;32339;10.5;4.7
64;2021-03-19;3001;275;74868;32614;11.0;4.8
64;2021-03-20;2452;84;77320;32698;11.3;4.8
64;2021-03-21;1270;23;78590;32721;11.5;4.8
64;2021-03-22;2575;542;81165;33263;11.9;4.9
64;2021-03-23;3190;654;84355;33917;12.3;5.0
64;2021-03-24;3560;695;87915;34612;12.9;5.1
64;2021-03-25;4340;799;92255;35411;13.5;5.2
64;2021-03-26;4407;694;96662;36105;14.1;5.3
64;2021-03-27;2965;414;99627;36519;14.6;5.3
64;2021-03-28;517;51;100144;36570;14.7;5.4
64;2021-03-29;3015;870;103159;37440;15.1;5.5
64;2021-03-30;4124;860;107283;38300;15.7;5.6
64;2021-03-31;3576;768;110859;39068;16.2;5.7
64;2021-04-01;4751;915;115610;39983;16.9;5.9
64;2021-04-02;4431;737;120041;40720;17.6;6.0
64;2021-04-03;2056;583;122097;41303;17.9;6.0
64;2021-04-04;301;49;122398;41352;17.9;6.1
64;2021-04-05;1681;137;124079;41489;18.2;6.1
64;2021-04-06;3639;1374;127718;42863;18.7;6.3
64;2021-04-07;3938;1499;131656;44362;19.3;6.5
64;2021-04-08;5184;1580;136840;45942;20.0;6.7
64;2021-04-09;5873;1606;142713;47548;20.9;7.0
64;2021-04-10;3217;1035;145930;48583;21.4;7.1
64;2021-04-11;435;252;146365;48835;21.4;7.1
64;2021-04-12;4036;1841;150401;50676;22.0;7.4
64;2021-04-13;4451;2141;154852;52817;22.7;7.7
64;2021-04-14;4076;2115;158928;54932;23.3;8.0
64;2021-04-15;4388;2274;163316;57206;23.9;8.4
64;2021-04-16;4275;2251;167591;59457;24.5;8.7
64;2021-04-17;2477;1490;170068;60947;24.9;8.9
64;2021-04-18;1096;1179;171164;62126;25.1;9.1
64;2021-04-19;2722;2439;173886;64565;25.5;9.5
64;2021-04-20;3199;2418;177085;66983;25.9;9.8
64;2021-04-21;3204;2548;180289;69531;26.4;10.2
64;2021-04-22;3379;2771;183668;72302;26.9;10.6
64;2021-04-23;3419;2581;187087;74883;27.4;11.0
64;2021-04-24;2062;1579;189149;76462;27.7;11.2
64;2021-04-25;288;236;189437;76698;27.7;11.2
64;2021-04-26;2651;2647;192088;79345;28.1;11.6
64;2021-04-27;3055;3121;195143;82466;28.6;12.1
64;2021-04-28;3595;3055;198738;85521;29.1;12.5
64;2021-04-29;4641;3440;203379;88961;29.8;13.0
64;2021-04-30;4067;3599;207446;92560;30.4;13.5
64;2021-05-01;1478;1022;208924;93582;30.6;13.7
64;2021-05-02;443;325;209367;93907;30.6;13.7
64;2021-05-03;2901;3478;212268;97385;31.1;14.3
64;2021-05-04;3638;3959;215906;101344;31.6;14.8
64;2021-05-05;3352;3998;219258;105342;32.1;15.4
64;2021-05-06;4107;3972;223365;109314;32.7;16.0
64;2021-05-07;3910;4177;227275;113491;33.3;16.6
64;2021-05-08;2615;1223;229890;114714;33.7;16.8
64;2021-05-09;716;308;230606;115022;33.8;16.8
64;2021-05-10;2856;4235;233462;119257;34.2;17.5
64;2021-05-11;4174;4129;237636;123386;34.8;18.1
64;2021-05-12;4478;3920;242114;127306;35.4;18.6
64;2021-05-13;3192;878;245306;128184;35.9;18.8
64;2021-05-14;5133;3134;250439;131318;36.7;19.2
64;2021-05-15;3521;1866;253960;133184;37.2;19.5
64;2021-05-16;495;224;254455;133408;37.2;19.5
64;2021-05-17;4187;2374;258642;135782;37.9;19.9
64;2021-05-18;5154;2291;263796;138073;38.6;20.2
64;2021-05-19;4970;2152;268766;140225;39.3;20.5
64;2021-05-20;5554;2147;274320;142372;40.2;20.8
64;2021-05-21;5257;2238;279577;144610;40.9;21.2
64;2021-05-22;3569;1501;283146;146111;41.4;21.4
64;2021-05-23;427;207;283573;146318;41.5;21.4
64;2021-05-24;2991;1221;286564;147539;41.9;21.6
64;2021-05-25;4326;2832;290890;150371;42.6;22.0
64;2021-05-26;4341;2706;295231;153077;43.2;22.4
64;2021-05-27;5281;3139;300512;156216;44.0;22.9
64;2021-05-28;4593;3426;305105;159642;44.7;23.4
64;2021-05-29;2802;2110;307907;161752;45.1;23.7
64;2021-05-30;436;204;308343;161956;45.1;23.7
64;2021-05-31;3888;3659;312231;165615;45.7;24.2
64;2021-06-01;5307;3557;317538;169172;46.5;24.8
64;2021-06-02;4922;3163;322460;172335;47.2;25.2
64;2021-06-03;6350;3248;328810;175583;48.1;25.7
64;2021-06-04;5129;4528;333939;180111;48.9;26.4
64;2021-06-05;3472;2520;337411;182631;49.4;26.7
64;2021-06-06;1996;324;339407;182955;49.7;26.8
64;2021-06-07;4101;4311;343508;187266;50.3;27.4
64;2021-06-08;5104;4114;348612;191380;51.0;28.0
64;2021-06-09;5120;3636;353732;195016;51.8;28.5
64;2021-06-10;6131;3123;359863;198139;52.7;29.0
64;2021-06-11;5547;4857;365410;202996;53.5;29.7
64;2021-06-12;3924;2308;369334;205304;54.1;30.1
64;2021-06-13;1546;390;370880;205694;54.3;30.1
64;2021-06-14;3647;4781;374527;210475;54.8;30.8
64;2021-06-15;4530;4691;379057;215166;55.5;31.5
64;2021-06-16;4443;4652;383500;219818;56.1;32.2
64;2021-06-17;3615;4287;387115;224105;56.7;32.8
64;2021-06-18;4392;5165;391507;229270;57.3;33.6
64;2021-06-19;2954;3272;394461;232542;57.7;34.0
64;2021-06-20;872;537;395333;233079;57.9;34.1
64;2021-06-21;2281;5135;397614;238214;58.2;34.9
64;2021-06-22;2528;5726;400142;243940;58.6;35.7
64;2021-06-23;3075;5476;403217;249416;59.0;36.5
64;2021-06-24;2680;3804;405897;253220;59.4;37.1
64;2021-06-25;2846;6428;408743;259648;59.8;38.0
64;2021-06-26;1774;3829;410517;263477;60.1;38.6
64;2021-06-27;483;710;411000;264187;60.2;38.7
64;2021-06-28;1894;6059;412894;270246;60.4;39.6
64;2021-06-29;1906;6260;414800;276506;60.7;40.5
64;2021-06-30;2202;6004;417002;282510;61.0;41.4
64;2021-07-01;2330;5333;419332;287843;61.4;42.1
64;2021-07-02;2269;6391;421601;294234;61.7;43.1
64;2021-07-03;1246;3777;422847;298011;61.9;43.6
64;2021-07-04;402;842;423249;298853;62.0;43.7
64;2021-07-05;1352;5414;424601;304267;62.2;44.5
64;2021-07-06;1950;6145;426551;310412;62.4;45.4
64;2021-07-07;2028;5737;428579;316149;62.7;46.3
64;2021-07-08;1762;4383;430341;320532;63.0;46.9
64;2021-07-09;1799;6527;432140;327059;63.3;47.9
64;2021-07-10;1163;3872;433303;330931;63.4;48.4
64;2021-07-11;250;858;433553;331789;63.5;48.6
64;2021-07-12;1483;6088;435036;337877;63.7;49.5
64;2021-07-13;2315;7235;437351;345112;64.0;50.5
64;2021-07-14;2344;3378;439695;348490;64.4;51.0
64;2021-07-15;2025;5455;441720;353945;64.7;51.8
65;2020-12-27;0;0;0;0;0.0;0.0
65;2020-12-28;0;0;0;0;0.0;0.0
65;2020-12-29;0;0;0;0;0.0;0.0
65;2020-12-30;0;0;0;0;0.0;0.0
65;2020-12-31;0;0;0;0;0.0;0.0
65;2021-01-01;0;0;0;0;0.0;0.0
65;2021-01-02;0;0;0;0;0.0;0.0
65;2021-01-03;0;0;0;0;0.0;0.0
65;2021-01-04;0;0;0;0;0.0;0.0
65;2021-01-05;0;0;0;0;0.0;0.0
65;2021-01-06;3;0;3;0;0.0;0.0
65;2021-01-07;167;0;170;0;0.1;0.0
65;2021-01-08;253;1;423;1;0.2;0.0
65;2021-01-09;174;1;597;2;0.3;0.0
65;2021-01-10;1;0;598;2;0.3;0.0
65;2021-01-11;273;3;871;5;0.4;0.0
65;2021-01-12;270;1;1141;6;0.5;0.0
65;2021-01-13;583;1;1724;7;0.8;0.0
65;2021-01-14;577;4;2301;11;1.0;0.0
65;2021-01-15;527;2;2828;13;1.2;0.0
65;2021-01-16;221;2;3049;15;1.3;0.0
65;2021-01-17;1;0;3050;15;1.3;0.0
65;2021-01-18;549;5;3599;20;1.6;0.0
65;2021-01-19;570;1;4169;21;1.8;0.0
65;2021-01-20;582;1;4751;22;2.1;0.0
65;2021-01-21;582;0;5333;22;2.4;0.0
65;2021-01-22;595;0;5928;22;2.6;0.0
65;2021-01-23;174;1;6102;23;2.7;0.0
65;2021-01-24;3;1;6105;24;2.7;0.0
65;2021-01-25;550;3;6655;27;2.9;0.0
65;2021-01-26;877;1;7532;28;3.3;0.0
65;2021-01-27;587;12;8119;40;3.6;0.0
65;2021-01-28;501;71;8620;111;3.8;0.0
65;2021-01-29;424;138;9044;249;4.0;0.1
65;2021-01-30;183;72;9227;321;4.1;0.1
65;2021-01-31;15;0;9242;321;4.1;0.1
65;2021-02-01;317;90;9559;411;4.2;0.2
65;2021-02-02;415;195;9974;606;4.4;0.3
65;2021-02-03;462;245;10436;851;4.6;0.4
65;2021-02-04;307;333;10743;1184;4.7;0.5
65;2021-02-05;282;362;11025;1546;4.9;0.7
65;2021-02-06;100;103;11125;1649;4.9;0.7
65;2021-02-07;10;0;11135;1649;4.9;0.7
65;2021-02-08;425;223;11560;1872;5.1;0.8
65;2021-02-09;270;379;11830;2251;5.2;1.0
65;2021-02-10;294;272;12124;2523;5.3;1.1
65;2021-02-11;319;273;12443;2796;5.5;1.2
65;2021-02-12;273;232;12716;3028;5.6;1.3
65;2021-02-13;122;97;12838;3125;5.7;1.4
65;2021-02-14;2;16;12840;3141;5.7;1.4
65;2021-02-15;201;414;13041;3555;5.7;1.6
65;2021-02-16;487;581;13528;4136;6.0;1.8
65;2021-02-17;229;499;13757;4635;6.1;2.0
65;2021-02-18;284;586;14041;5221;6.2;2.3
65;2021-02-19;153;479;14194;5700;6.3;2.5
65;2021-02-20;53;158;14247;5858;6.3;2.6
65;2021-02-21;2;48;14249;5906;6.3;2.6
65;2021-02-22;166;539;14415;6445;6.4;2.8
65;2021-02-23;247;528;14662;6973;6.5;3.1
65;2021-02-24;233;632;14895;7605;6.6;3.4
65;2021-02-25;211;178;15106;7783;6.7;3.4
65;2021-02-26;350;776;15456;8559;6.8;3.8
65;2021-02-27;107;201;15563;8760;6.9;3.9
65;2021-02-28;1;0;15564;8760;6.9;3.9
65;2021-03-01;374;374;15938;9134;7.0;4.0
65;2021-03-02;450;361;16388;9495;7.2;4.2
65;2021-03-03;379;390;16767;9885;7.4;4.4
65;2021-03-04;694;327;17461;10212;7.7;4.5
65;2021-03-05;673;277;18134;10489;8.0;4.6
65;2021-03-06;1183;81;19317;10570;8.5;4.7
65;2021-03-07;257;9;19574;10579;8.6;4.7
65;2021-03-08;410;344;19984;10923;8.8;4.8
65;2021-03-09;665;317;20649;11240;9.1;5.0
65;2021-03-10;622;370;21271;11610;9.4;5.1
65;2021-03-11;778;350;22049;11960;9.7;5.3
65;2021-03-12;1057;185;23106;12145;10.2;5.4
65;2021-03-13;353;91;23459;12236;10.3;5.4
65;2021-03-14;3;31;23462;12267;10.3;5.4
65;2021-03-15;813;182;24275;12449;10.7;5.5
65;2021-03-16;691;213;24966;12662;11.0;5.6
65;2021-03-17;709;205;25675;12867;11.3;5.7
65;2021-03-18;530;228;26205;13095;11.6;5.8
65;2021-03-19;876;154;27081;13249;11.9;5.8
65;2021-03-20;244;43;27325;13292;12.0;5.9
65;2021-03-21;7;2;27332;13294;12.0;5.9
65;2021-03-22;730;152;28062;13446;12.4;5.9
65;2021-03-23;832;365;28894;13811;12.7;6.1
65;2021-03-24;868;253;29762;14064;13.1;6.2
65;2021-03-25;1248;191;31010;14255;13.7;6.3
65;2021-03-26;1219;137;32229;14392;14.2;6.3
65;2021-03-27;1356;68;33585;14460;14.8;6.4
65;2021-03-28;1;2;33586;14462;14.8;6.4
65;2021-03-29;1486;354;35072;14816;15.5;6.5
65;2021-03-30;1351;399;36423;15215;16.1;6.7
65;2021-03-31;1201;368;37624;15583;16.6;6.9
65;2021-04-01;1507;388;39131;15971;17.3;7.0
65;2021-04-02;1682;286;40813;16257;18.0;7.2
65;2021-04-03;247;42;41060;16299;18.1;7.2
65;2021-04-04;4;1;41064;16300;18.1;7.2
65;2021-04-05;157;45;41221;16345;18.2;7.2
65;2021-04-06;1279;482;42500;16827;18.7;7.4
65;2021-04-07;1948;438;44448;17265;19.6;7.6
65;2021-04-08;1630;410;46078;17675;20.3;7.8
65;2021-04-09;1641;462;47719;18137;21.0;8.0
65;2021-04-10;1586;134;49305;18271;21.7;8.1
65;2021-04-11;2;0;49307;18271;21.7;8.1
65;2021-04-12;1341;733;50648;19004;22.3;8.4
65;2021-04-13;1572;587;52220;19591;23.0;8.6
65;2021-04-14;1900;731;54120;20322;23.9;9.0
65;2021-04-15;1698;654;55818;20976;24.6;9.2
65;2021-04-16;1826;523;57644;21499;25.4;9.5
65;2021-04-17;2150;117;59794;21616;26.4;9.5
65;2021-04-18;6;27;59800;21643;26.4;9.5
65;2021-04-19;1337;775;61137;22418;27.0;9.9
65;2021-04-20;1523;701;62660;23119;27.6;10.2
65;2021-04-21;1043;1047;63703;24166;28.1;10.7
65;2021-04-22;1644;722;65347;24888;28.8;11.0
65;2021-04-23;1155;1140;66502;26028;29.3;11.5
65;2021-04-24;1257;599;67759;26627;29.9;11.7
65;2021-04-25;30;15;67789;26642;29.9;11.7
65;2021-04-26;1600;1292;69389;27934;30.6;12.3
65;2021-04-27;1417;1332;70806;29266;31.2;12.9
65;2021-04-28;1728;1022;72534;30288;32.0;13.4
65;2021-04-29;1957;1021;74491;31309;32.8;13.8
65;2021-04-30;1778;923;76269;32232;33.6;14.2
65;2021-05-01;1568;205;77837;32437;34.3;14.3
65;2021-05-02;669;19;78506;32456;34.6;14.3
65;2021-05-03;1286;1620;79792;34076;35.2;15.0
65;2021-05-04;1538;1239;81330;35315;35.9;15.6
65;2021-05-05;1369;1639;82699;36954;36.5;16.3
65;2021-05-06;1552;1178;84251;38132;37.1;16.8
65;2021-05-07;1270;1565;85521;39697;37.7;17.5
65;2021-05-08;1644;432;87165;40129;38.4;17.7
65;2021-05-09;0;90;87165;40219;38.4;17.7
65;2021-05-10;954;1882;88119;42101;38.8;18.6
65;2021-05-11;1054;1809;89173;43910;39.3;19.4
65;2021-05-12;1231;1633;90404;45543;39.9;20.1
65;2021-05-13;1335;159;91739;45702;40.4;20.1
65;2021-05-14;1576;1092;93315;46794;41.1;20.6
65;2021-05-15;1399;494;94714;47288;41.8;20.8
65;2021-05-16;1445;69;96159;47357;42.4;20.9
65;2021-05-17;1037;1611;97196;48968;42.8;21.6
65;2021-05-18;1608;1200;98804;50168;43.6;22.1
65;2021-05-19;1681;1003;100485;51171;44.3;22.6
65;2021-05-20;1843;1042;102328;52213;45.1;23.0
65;2021-05-21;1793;1230;104121;53443;45.9;23.6
65;2021-05-22;1286;638;105407;54081;46.5;23.8
65;2021-05-23;689;32;106096;54113;46.8;23.9
65;2021-05-24;701;78;106797;54191;47.1;23.9
65;2021-05-25;1351;1541;108148;55732;47.7;24.6
65;2021-05-26;1467;1351;109615;57083;48.3;25.2
65;2021-05-27;1617;1453;111232;58536;49.0;25.8
65;2021-05-28;1594;1667;112826;60203;49.7;26.5
65;2021-05-29;1184;1508;114010;61711;50.3;27.2
65;2021-05-30;6;10;114016;61721;50.3;27.2
65;2021-05-31;1318;1295;115334;63016;50.8;27.8
65;2021-06-01;1827;926;117161;63942;51.6;28.2
65;2021-06-02;1567;944;118728;64886;52.3;28.6
65;2021-06-03;1337;1101;120065;65987;52.9;29.1
65;2021-06-04;1780;1560;121845;67547;53.7;29.8
65;2021-06-05;429;1240;122274;68787;53.9;30.3
65;2021-06-06;3;13;122277;68800;53.9;30.3
65;2021-06-07;664;1985;122941;70785;54.2;31.2
65;2021-06-08;921;1535;123862;72320;54.6;31.9
65;2021-06-09;820;1550;124682;73870;55.0;32.6
65;2021-06-10;734;1158;125416;75028;55.3;33.1
65;2021-06-11;902;1810;126318;76838;55.7;33.9
65;2021-06-12;149;639;126467;77477;55.8;34.2
65;2021-06-13;5;7;126472;77484;55.8;34.2
65;2021-06-14;503;2424;126975;79908;56.0;35.2
65;2021-06-15;917;1807;127892;81715;56.4;36.0
65;2021-06-16;1038;1369;128930;83084;56.8;36.6
65;2021-06-17;804;1048;129734;84132;57.2;37.1
65;2021-06-18;974;1629;130708;85761;57.6;37.8
65;2021-06-19;684;1689;131392;87450;57.9;38.6
65;2021-06-20;1;2;131393;87452;57.9;38.6
65;2021-06-21;733;1939;132126;89391;58.2;39.4
65;2021-06-22;1024;1479;133150;90870;58.7;40.1
65;2021-06-23;1051;1233;134201;92103;59.2;40.6
65;2021-06-24;933;1137;135134;93240;59.6;41.1
65;2021-06-25;805;1963;135939;95203;59.9;42.0
65;2021-06-26;165;1660;136104;96863;60.0;42.7
65;2021-06-27;15;1104;136119;97967;60.0;43.2
65;2021-06-28;435;2304;136554;100271;60.2;44.2
65;2021-06-29;666;1912;137220;102183;60.5;45.0
65;2021-06-30;898;1679;138118;103862;60.9;45.8
65;2021-07-01;577;741;138695;104603;61.1;46.1
65;2021-07-02;1128;1728;139823;106331;61.6;46.9
65;2021-07-03;182;1914;140005;108245;61.7;47.7
65;2021-07-04;406;180;140411;108425;61.9;47.8
65;2021-07-05;621;1988;141032;110413;62.2;48.7
65;2021-07-06;881;2121;141913;112534;62.6;49.6
65;2021-07-07;933;1507;142846;114041;63.0;50.3
65;2021-07-08;314;659;143160;114700;63.1;50.6
65;2021-07-09;543;1592;143703;116292;63.4;51.3
65;2021-07-10;287;957;143990;117249;63.5;51.7
65;2021-07-11;0;0;143990;117249;63.5;51.7
65;2021-07-12;461;2222;144451;119471;63.7;52.7
65;2021-07-13;675;2144;145126;121615;64.0;53.6
65;2021-07-14;205;44;145331;121659;64.1;53.6
65;2021-07-15;1009;1654;146340;123313;64.5;54.4
66;2020-12-27;0;0;0;0;0.0;0.0
66;2020-12-28;2;0;2;0;0.0;0.0
66;2020-12-29;0;0;2;0;0.0;0.0
66;2020-12-30;0;0;2;0;0.0;0.0
66;2020-12-31;1;0;3;0;0.0;0.0
66;2021-01-01;0;0;3;0;0.0;0.0
66;2021-01-02;0;0;3;0;0.0;0.0
66;2021-01-03;0;0;3;0;0.0;0.0
66;2021-01-04;30;0;33;0;0.0;0.0
66;2021-01-05;135;0;168;0;0.0;0.0
66;2021-01-06;195;0;363;0;0.1;0.0
66;2021-01-07;180;0;543;0;0.1;0.0
66;2021-01-08;212;0;755;0;0.2;0.0
66;2021-01-09;231;0;986;0;0.2;0.0
66;2021-01-10;11;0;997;0;0.2;0.0
66;2021-01-11;403;2;1400;2;0.3;0.0
66;2021-01-12;585;2;1985;4;0.4;0.0
66;2021-01-13;879;2;2864;6;0.6;0.0
66;2021-01-14;891;11;3755;17;0.8;0.0
66;2021-01-15;584;1;4339;18;0.9;0.0
66;2021-01-16;106;2;4445;20;0.9;0.0
66;2021-01-17;46;1;4491;21;0.9;0.0
66;2021-01-18;654;2;5145;23;1.1;0.0
66;2021-01-19;712;2;5857;25;1.2;0.0
66;2021-01-20;1167;2;7024;27;1.5;0.0
66;2021-01-21;2400;3;9424;30;2.0;0.0
66;2021-01-22;1436;8;10860;38;2.3;0.0
66;2021-01-23;399;3;11259;41;2.4;0.0
66;2021-01-24;226;9;11485;50;2.4;0.0
66;2021-01-25;734;43;12219;93;2.6;0.0
66;2021-01-26;784;68;13003;161;2.7;0.0
66;2021-01-27;864;104;13867;265;2.9;0.1
66;2021-01-28;867;128;14734;393;3.1;0.1
66;2021-01-29;816;126;15550;519;3.2;0.1
66;2021-01-30;480;72;16030;591;3.3;0.1
66;2021-01-31;202;27;16232;618;3.4;0.1
66;2021-02-01;562;192;16794;810;3.5;0.2
66;2021-02-02;618;293;17412;1103;3.6;0.2
66;2021-02-03;735;631;18147;1734;3.8;0.4
66;2021-02-04;688;622;18835;2356;3.9;0.5
66;2021-02-05;775;417;19610;2773;4.1;0.6
66;2021-02-06;410;148;20020;2921;4.2;0.6
66;2021-02-07;169;139;20189;3060;4.2;0.6
66;2021-02-08;499;395;20688;3455;4.3;0.7
66;2021-02-09;529;402;21217;3857;4.4;0.8
66;2021-02-10;611;774;21828;4631;4.6;1.0
66;2021-02-11;1102;1576;22930;6207;4.8;1.3
66;2021-02-12;1119;1204;24049;7411;5.0;1.5
66;2021-02-13;365;308;24414;7719;5.1;1.6
66;2021-02-14;111;199;24525;7918;5.1;1.7
66;2021-02-15;424;701;24949;8619;5.2;1.8
66;2021-02-16;303;792;25252;9411;5.3;2.0
66;2021-02-17;375;703;25627;10114;5.4;2.1
66;2021-02-18;365;781;25992;10895;5.4;2.3
66;2021-02-19;400;705;26392;11600;5.5;2.4
66;2021-02-20;182;415;26574;12015;5.5;2.5
66;2021-02-21;40;174;26614;12189;5.6;2.5
66;2021-02-22;416;646;27030;12835;5.6;2.7
66;2021-02-23;508;662;27538;13497;5.7;2.8
66;2021-02-24;340;753;27878;14250;5.8;3.0
66;2021-02-25;716;715;28594;14965;6.0;3.1
66;2021-02-26;951;747;29545;15712;6.2;3.3
66;2021-02-27;363;433;29908;16145;6.2;3.4
66;2021-02-28;59;173;29967;16318;6.3;3.4
66;2021-03-01;378;655;30345;16973;6.3;3.5
66;2021-03-02;329;655;30674;17628;6.4;3.7
66;2021-03-03;521;641;31195;18269;6.5;3.8
66;2021-03-04;985;1065;32180;19334;6.7;4.0
66;2021-03-05;1525;789;33705;20123;7.0;4.2
66;2021-03-06;1141;342;34846;20465;7.3;4.3
66;2021-03-07;1090;95;35936;20560;7.5;4.3
66;2021-03-08;689;545;36625;21105;7.6;4.4
66;2021-03-09;1220;595;37845;21700;7.9;4.5
66;2021-03-10;1300;498;39145;22198;8.2;4.6
66;2021-03-11;1471;594;40616;22792;8.5;4.8
66;2021-03-12;2392;581;43008;23373;9.0;4.9
66;2021-03-13;1080;304;44088;23677;9.2;4.9
66;2021-03-14;190;85;44278;23762;9.2;5.0
66;2021-03-15;1106;393;45384;24155;9.5;5.0
66;2021-03-16;950;259;46334;24414;9.7;5.1
66;2021-03-17;866;393;47200;24807;9.9;5.2
66;2021-03-18;967;343;48167;25150;10.1;5.3
66;2021-03-19;1290;313;49457;25463;10.3;5.3
66;2021-03-20;835;122;50292;25585;10.5;5.3
66;2021-03-21;185;44;50477;25629;10.5;5.4
66;2021-03-22;1100;395;51577;26024;10.8;5.4
66;2021-03-23;1753;388;53330;26412;11.1;5.5
66;2021-03-24;1786;510;55116;26922;11.5;5.6
66;2021-03-25;2527;463;57643;27385;12.0;5.7
66;2021-03-26;2575;364;60218;27749;12.6;5.8
66;2021-03-27;1206;291;61424;28040;12.8;5.9
66;2021-03-28;320;3;61744;28043;12.9;5.9
66;2021-03-29;1824;253;63568;28296;13.3;5.9
66;2021-03-30;2232;168;65800;28464;13.7;5.9
66;2021-03-31;1984;249;67784;28713;14.2;6.0
66;2021-04-01;2666;303;70450;29016;14.7;6.1
66;2021-04-02;2415;249;72865;29265;15.2;6.1
66;2021-04-03;1148;333;74013;29598;15.5;6.2
66;2021-04-04;105;127;74118;29725;15.5;6.2
66;2021-04-05;192;142;74310;29867;15.5;6.2
66;2021-04-06;1327;653;75637;30520;15.8;6.4
66;2021-04-07;1394;592;77031;31112;16.1;6.5
66;2021-04-08;2066;544;79097;31656;16.5;6.6
66;2021-04-09;3469;649;82566;32305;17.2;6.7
66;2021-04-10;2305;515;84871;32820;17.7;6.9
66;2021-04-11;1197;167;86068;32987;18.0;6.9
66;2021-04-12;2697;1020;88765;34007;18.5;7.1
66;2021-04-13;3606;1055;92371;35062;19.3;7.3
66;2021-04-14;3283;916;95654;35978;20.0;7.5
66;2021-04-15;3545;1044;99199;37022;20.7;7.7
66;2021-04-16;3589;1027;102788;38049;21.5;7.9
66;2021-04-17;2259;586;105047;38635;21.9;8.1
66;2021-04-18;1445;130;106492;38765;22.2;8.1
66;2021-04-19;2256;1118;108748;39883;22.7;8.3
66;2021-04-20;2366;1079;111114;40962;23.2;8.6
66;2021-04-21;2865;1180;113979;42142;23.8;8.8
66;2021-04-22;2649;1227;116628;43369;24.3;9.1
66;2021-04-23;2373;1228;119001;44597;24.8;9.3
66;2021-04-24;2739;871;121740;45468;25.4;9.5
66;2021-04-25;1206;267;122946;45735;25.7;9.5
66;2021-04-26;1996;1250;124942;46985;26.1;9.8
66;2021-04-27;2746;1295;127688;48280;26.7;10.1
66;2021-04-28;2415;1660;130103;49940;27.2;10.4
66;2021-04-29;2692;2121;132795;52061;27.7;10.9
66;2021-04-30;3056;1557;135851;53618;28.4;11.2
66;2021-05-01;1998;467;137849;54085;28.8;11.3
66;2021-05-02;1528;260;139377;54345;29.1;11.3
66;2021-05-03;2936;1105;142313;55450;29.7;11.6
66;2021-05-04;3169;1342;145482;56792;30.4;11.9
66;2021-05-05;3053;1531;148535;58323;31.0;12.2
66;2021-05-06;3758;2071;152293;60394;31.8;12.6
66;2021-05-07;2960;3081;155253;63475;32.4;13.3
66;2021-05-08;1728;1168;156981;64643;32.8;13.5
66;2021-05-09;885;1374;157866;66017;33.0;13.8
66;2021-05-10;1801;2976;159667;68993;33.3;14.4
66;2021-05-11;2738;3123;162405;72116;33.9;15.1
66;2021-05-12;2425;2565;164830;74681;34.4;15.6
66;2021-05-13;2256;1378;167086;76059;34.9;15.9
66;2021-05-14;2771;2117;169857;78176;35.5;16.3
66;2021-05-15;2324;1578;172181;79754;35.9;16.7
66;2021-05-16;2280;1251;174461;81005;36.4;16.9
66;2021-05-17;2045;1819;176506;82824;36.8;17.3
66;2021-05-18;3234;1804;179740;84628;37.5;17.7
66;2021-05-19;2872;1333;182612;85961;38.1;17.9
66;2021-05-20;4376;1436;186988;87397;39.0;18.2
66;2021-05-21;3268;1457;190256;88854;39.7;18.5
66;2021-05-22;3066;764;193322;89618;40.4;18.7
66;2021-05-23;1507;236;194829;89854;40.7;18.8
66;2021-05-24;1951;417;196780;90271;41.1;18.8
66;2021-05-25;2789;1683;199569;91954;41.7;19.2
66;2021-05-26;2779;1488;202348;93442;42.2;19.5
66;2021-05-27;3380;2248;205728;95690;42.9;20.0
66;2021-05-28;2677;3048;208405;98738;43.5;20.6
66;2021-05-29;2144;1518;210549;100256;44.0;20.9
66;2021-05-30;782;988;211331;101244;44.1;21.1
66;2021-05-31;2115;1790;213446;103034;44.6;21.5
66;2021-06-01;2619;1994;216065;105028;45.1;21.9
66;2021-06-02;2799;2314;218864;107342;45.7;22.4
66;2021-06-03;2469;2963;221333;110305;46.2;23.0
66;2021-06-04;1848;3350;223181;113655;46.6;23.7
66;2021-06-05;1400;2600;224581;116255;46.9;24.3
66;2021-06-06;290;1224;224871;117479;46.9;24.5
66;2021-06-07;1330;2957;226201;120436;47.2;25.1
66;2021-06-08;1727;3016;227928;123452;47.6;25.8
66;2021-06-09;2058;2782;229986;126234;48.0;26.4
66;2021-06-10;2060;2950;232046;129184;48.4;27.0
66;2021-06-11;2087;3862;234133;133046;48.9;27.8
66;2021-06-12;863;2409;234996;135455;49.1;28.3
66;2021-06-13;510;1332;235506;136787;49.2;28.6
66;2021-06-14;1356;3491;236862;140278;49.4;29.3
66;2021-06-15;2117;3561;238979;143839;49.9;30.0
66;2021-06-16;1778;3571;240757;147410;50.3;30.8
66;2021-06-17;2420;3597;243177;151007;50.8;31.5
66;2021-06-18;2214;3815;245391;154822;51.2;32.3
66;2021-06-19;1532;2314;246923;157136;51.5;32.8
66;2021-06-20;986;1255;247909;158391;51.8;33.1
66;2021-06-21;1149;2875;249058;161266;52.0;33.7
66;2021-06-22;1487;3764;250545;165030;52.3;34.5
66;2021-06-23;1313;3026;251858;168056;52.6;35.1
66;2021-06-24;1495;3229;253353;171285;52.9;35.8
66;2021-06-25;1381;3532;254734;174817;53.2;36.5
66;2021-06-26;960;2680;255694;177497;53.4;37.1
66;2021-06-27;673;1558;256367;179055;53.5;37.4
66;2021-06-28;976;2977;257343;182032;53.7;38.0
66;2021-06-29;1130;3791;258473;185823;54.0;38.8
66;2021-06-30;1250;3292;259723;189115;54.2;39.5
66;2021-07-01;1331;4036;261054;193151;54.5;40.3
66;2021-07-02;1283;3600;262337;196751;54.8;41.1
66;2021-07-03;1143;3895;263480;200646;55.0;41.9
66;2021-07-04;707;1784;264187;202430;55.2;42.3
66;2021-07-05;1075;2992;265262;205422;55.4;42.9
66;2021-07-06;1362;3782;266624;209204;55.7;43.7
66;2021-07-07;1372;3246;267996;212450;55.9;44.4
66;2021-07-08;1254;3374;269250;215824;56.2;45.1
66;2021-07-09;1401;3455;270651;219279;56.5;45.8
66;2021-07-10;997;2395;271648;221674;56.7;46.3
66;2021-07-11;535;1535;272183;223209;56.8;46.6
66;2021-07-12;979;3632;273162;226841;57.0;47.4
66;2021-07-13;2097;4249;275259;231090;57.5;48.2
66;2021-07-14;1935;1212;277194;232302;57.9;48.5
66;2021-07-15;2719;3064;279913;235366;58.4;49.1
67;2020-12-27;0;0;0;0;0.0;0.0
67;2020-12-28;0;0;0;0;0.0;0.0
67;2020-12-29;0;0;0;0;0.0;0.0
67;2020-12-30;0;0;0;0;0.0;0.0
67;2020-12-31;0;0;0;0;0.0;0.0
67;2021-01-01;0;0;0;0;0.0;0.0
67;2021-01-02;1;0;1;0;0.0;0.0
67;2021-01-03;0;0;1;0;0.0;0.0
67;2021-01-04;41;0;42;0;0.0;0.0
67;2021-01-05;165;0;207;0;0.0;0.0
67;2021-01-06;122;0;329;0;0.0;0.0
67;2021-01-07;235;0;564;0;0.0;0.0
67;2021-01-08;231;1;795;1;0.1;0.0
67;2021-01-09;113;1;908;2;0.1;0.0
67;2021-01-10;64;0;972;2;0.1;0.0
67;2021-01-11;182;1;1154;3;0.1;0.0
67;2021-01-12;511;1;1665;4;0.1;0.0
67;2021-01-13;649;1;2314;5;0.2;0.0
67;2021-01-14;1072;7;3386;12;0.3;0.0
67;2021-01-15;933;8;4319;20;0.4;0.0
67;2021-01-16;196;3;4515;23;0.4;0.0
67;2021-01-17;98;0;4613;23;0.4;0.0
67;2021-01-18;889;2;5502;25;0.5;0.0
67;2021-01-19;1419;2;6921;27;0.6;0.0
67;2021-01-20;1844;11;8765;38;0.8;0.0
67;2021-01-21;2195;8;10960;46;1.0;0.0
67;2021-01-22;1987;5;12947;51;1.1;0.0
67;2021-01-23;810;1;13757;52;1.2;0.0
67;2021-01-24;379;1;14136;53;1.2;0.0
67;2021-01-25;525;31;14661;84;1.3;0.0
67;2021-01-26;157;108;14818;192;1.3;0.0
67;2021-01-27;1390;91;16208;283;1.4;0.0
67;2021-01-28;3042;217;19250;500;1.7;0.0
67;2021-01-29;2022;150;21272;650;1.9;0.1
67;2021-01-30;1093;84;22365;734;2.0;0.1
67;2021-01-31;1159;29;23524;763;2.1;0.1
67;2021-02-01;3389;242;26913;1005;2.4;0.1
67;2021-02-02;2684;425;29597;1430;2.6;0.1
67;2021-02-03;1567;405;31164;1835;2.8;0.2
67;2021-02-04;1191;766;32355;2601;2.9;0.2
67;2021-02-05;1192;645;33547;3246;3.0;0.3
67;2021-02-06;784;147;34331;3393;3.0;0.3
67;2021-02-07;289;45;34620;3438;3.1;0.3
67;2021-02-08;834;450;35454;3888;3.1;0.3
67;2021-02-09;955;742;36409;4630;3.2;0.4
67;2021-02-10;925;793;37334;5423;3.3;0.5
67;2021-02-11;1148;1130;38482;6553;3.4;0.6
67;2021-02-12;1242;777;39724;7330;3.5;0.6
67;2021-02-13;765;280;40489;7610;3.6;0.7
67;2021-02-14;243;95;40732;7705;3.6;0.7
67;2021-02-15;776;840;41508;8545;3.7;0.8
67;2021-02-16;924;1150;42432;9695;3.7;0.9
67;2021-02-17;780;1205;43212;10900;3.8;1.0
67;2021-02-18;1396;2577;44608;13477;3.9;1.2
67;2021-02-19;1368;2147;45976;15624;4.1;1.4
67;2021-02-20;621;916;46597;16540;4.1;1.5
67;2021-02-21;208;1198;46805;17738;4.1;1.6
67;2021-02-22;1401;2204;48206;19942;4.3;1.8
67;2021-02-23;1454;1594;49660;21536;4.4;1.9
67;2021-02-24;1429;1079;51089;22615;4.5;2.0
67;2021-02-25;1612;1502;52701;24117;4.7;2.1
67;2021-02-26;2216;1419;54917;25536;4.8;2.3
67;2021-02-27;1252;784;56169;26320;5.0;2.3
67;2021-02-28;145;363;56314;26683;5.0;2.4
67;2021-03-01;634;1014;56948;27697;5.0;2.4
67;2021-03-02;887;1207;57835;28904;5.1;2.6
67;2021-03-03;1408;1287;59243;30191;5.2;2.7
67;2021-03-04;1954;1054;61197;31245;5.4;2.8
67;2021-03-05;3245;1113;64442;32358;5.7;2.9
67;2021-03-06;2329;769;66771;33127;5.9;2.9
67;2021-03-07;465;281;67236;33408;5.9;2.9
67;2021-03-08;1180;801;68416;34209;6.0;3.0
67;2021-03-09;2208;899;70624;35108;6.2;3.1
67;2021-03-10;2435;1184;73059;36292;6.5;3.2
67;2021-03-11;3199;1331;76258;37623;6.7;3.3
67;2021-03-12;5235;1340;81493;38963;7.2;3.4
67;2021-03-13;3994;876;85487;39839;7.5;3.5
67;2021-03-14;483;387;85970;40226;7.6;3.6
67;2021-03-15;2187;1148;88157;41374;7.8;3.7
67;2021-03-16;1539;1234;89696;42608;7.9;3.8
67;2021-03-17;2054;923;91750;43531;8.1;3.8
67;2021-03-18;2380;724;94130;44255;8.3;3.9
67;2021-03-19;3661;741;97791;44996;8.6;4.0
67;2021-03-20;3066;498;100857;45494;8.9;4.0
67;2021-03-21;327;13;101184;45507;8.9;4.0
67;2021-03-22;2325;763;103509;46270;9.1;4.1
67;2021-03-23;3386;755;106895;47025;9.4;4.2
67;2021-03-24;3894;795;110789;47820;9.8;4.2
67;2021-03-25;5306;514;116095;48334;10.3;4.3
67;2021-03-26;6860;448;122955;48782;10.9;4.3
67;2021-03-27;3914;317;126869;49099;11.2;4.3
67;2021-03-28;576;95;127445;49194;11.3;4.3
67;2021-03-29;3805;422;131250;49616;11.6;4.4
67;2021-03-30;4823;657;136073;50273;12.0;4.4
67;2021-03-31;4835;675;140908;50948;12.4;4.5
67;2021-04-01;5121;892;146029;51840;12.9;4.6
67;2021-04-02;997;164;147026;52004;13.0;4.6
67;2021-04-03;1687;281;148713;52285;13.1;4.6
67;2021-04-04;326;5;149039;52290;13.2;4.6
67;2021-04-05;362;2;149401;52292;13.2;4.6
67;2021-04-06;3466;1161;152867;53453;13.5;4.7
67;2021-04-07;4524;1253;157391;54706;13.9;4.8
67;2021-04-08;5641;1377;163032;56083;14.4;5.0
67;2021-04-09;7094;1280;170126;57363;15.0;5.1
67;2021-04-10;4321;866;174447;58229;15.4;5.1
67;2021-04-11;853;422;175300;58651;15.5;5.2
67;2021-04-12;3874;1392;179174;60043;15.8;5.3
67;2021-04-13;4886;1556;184060;61599;16.3;5.4
67;2021-04-14;5227;1873;189287;63472;16.7;5.6
67;2021-04-15;6061;2075;195348;65547;17.2;5.8
67;2021-04-16;7817;2375;203165;67922;17.9;6.0
67;2021-04-17;3998;1564;207163;69486;18.3;6.1
67;2021-04-18;1112;637;208275;70123;18.4;6.2
67;2021-04-19;3618;2128;211893;72251;18.7;6.4
67;2021-04-20;4250;1907;216143;74158;19.1;6.5
67;2021-04-21;4058;2482;220201;76640;19.4;6.8
67;2021-04-22;4469;2897;224670;79537;19.8;7.0
67;2021-04-23;5223;2939;229893;82476;20.3;7.3
67;2021-04-24;3095;2000;232988;84476;20.6;7.5
67;2021-04-25;1024;445;234012;84921;20.7;7.5
67;2021-04-26;3181;2605;237193;87526;20.9;7.7
67;2021-04-27;4017;2918;241210;90444;21.3;8.0
67;2021-04-28;4241;3350;245451;93794;21.7;8.3
67;2021-04-29;5107;3489;250558;97283;22.1;8.6
67;2021-04-30;7165;2443;257723;99726;22.8;8.8
67;2021-05-01;2675;780;260398;100506;23.0;8.9
67;2021-05-02;2181;666;262579;101172;23.2;8.9
67;2021-05-03;5551;2609;268130;103781;23.7;9.2
67;2021-05-04;5842;3596;273972;107377;24.2;9.5
67;2021-05-05;5200;4182;279172;111559;24.6;9.8
67;2021-05-06;6700;4893;285872;116452;25.2;10.3
67;2021-05-07;6419;6899;292291;123351;25.8;10.9
67;2021-05-08;3550;1014;295841;124365;26.1;11.0
67;2021-05-09;3363;592;299204;124957;26.4;11.0
67;2021-05-10;4685;4523;303889;129480;26.8;11.4
67;2021-05-11;5644;4917;309533;134397;27.3;11.9
67;2021-05-12;6582;4811;316115;139208;27.9;12.3
67;2021-05-13;7299;1690;323414;140898;28.6;12.4
67;2021-05-14;8875;5353;332289;146251;29.3;12.9
67;2021-05-15;8184;3641;340473;149892;30.1;13.2
67;2021-05-16;6170;970;346643;150862;30.6;13.3
67;2021-05-17;5684;3904;352327;154766;31.1;13.7
67;2021-05-18;6889;3969;359216;158735;31.7;14.0
67;2021-05-19;7369;4140;366585;162875;32.4;14.4
67;2021-05-20;8678;4207;375263;167082;33.1;14.8
67;2021-05-21;8150;5841;383413;172923;33.9;15.3
67;2021-05-22;5931;3414;389344;176337;34.4;15.6
67;2021-05-23;2648;592;391992;176929;34.6;15.6
67;2021-05-24;4416;857;396408;177786;35.0;15.7
67;2021-05-25;5405;4756;401813;182542;35.5;16.1
67;2021-05-26;6051;4867;407864;187409;36.0;16.5
67;2021-05-27;7305;4888;415169;192297;36.7;17.0
67;2021-05-28;7952;6481;423121;198778;37.4;17.6
67;2021-05-29;6639;3857;429760;202635;37.9;17.9
67;2021-05-30;1144;807;430904;203442;38.0;18.0
67;2021-05-31;6394;4050;437298;207492;38.6;18.3
67;2021-06-01;7313;4383;444611;211875;39.3;18.7
67;2021-06-02;8011;4150;452622;216025;40.0;19.1
67;2021-06-03;8809;4852;461431;220877;40.7;19.5
67;2021-06-04;8564;6104;469995;226981;41.5;20.0
67;2021-06-05;6533;3980;476528;230961;42.1;20.4
67;2021-06-06;3452;870;479980;231831;42.4;20.5
67;2021-06-07;7389;4248;487369;236079;43.0;20.8
67;2021-06-08;8557;4907;495926;240986;43.8;21.3
67;2021-06-09;9224;4771;505150;245757;44.6;21.7
67;2021-06-10;9711;4997;514861;250754;45.5;22.1
67;2021-06-11;8020;8327;522881;259081;46.2;22.9
67;2021-06-12;6725;5182;529606;264263;46.8;23.3
67;2021-06-13;3067;1039;532673;265302;47.0;23.4
67;2021-06-14;5463;6458;538136;271760;47.5;24.0
67;2021-06-15;6662;6744;544798;278504;48.1;24.6
67;2021-06-16;6899;6694;551697;285198;48.7;25.2
67;2021-06-17;7215;9044;558912;294242;49.3;26.0
67;2021-06-18;7540;8502;566452;302744;50.0;26.7
67;2021-06-19;6340;5955;572792;308699;50.6;27.3
67;2021-06-20;1434;1406;574226;310105;50.7;27.4
67;2021-06-21;4230;6775;578456;316880;51.1;28.0
67;2021-06-22;4195;9093;582651;325973;51.4;28.8
67;2021-06-23;5219;8176;587870;334149;51.9;29.5
67;2021-06-24;4493;9085;592363;343234;52.3;30.3
67;2021-06-25;5277;9940;597640;353174;52.8;31.2
67;2021-06-26;3418;9108;601058;362282;53.1;32.0
67;2021-06-27;1003;3519;602061;365801;53.2;32.3
67;2021-06-28;2833;8743;604894;374544;53.4;33.1
67;2021-06-29;2859;8595;607753;383139;53.7;33.8
67;2021-06-30;3329;8735;611082;391874;54.0;34.6
67;2021-07-01;3541;8412;614623;400286;54.3;35.3
67;2021-07-02;3709;10928;618332;411214;54.6;36.3
67;2021-07-03;2932;7741;621264;418955;54.9;37.0
67;2021-07-04;752;1865;622016;420820;54.9;37.2
67;2021-07-05;2588;8248;624604;429068;55.1;37.9
67;2021-07-06;3011;8431;627615;437499;55.4;38.6
67;2021-07-07;3835;8721;631450;446220;55.8;39.4
67;2021-07-08;4146;7770;635596;453990;56.1;40.1
67;2021-07-09;3730;11348;639326;465338;56.4;41.1
67;2021-07-10;2824;8200;642150;473538;56.7;41.8
67;2021-07-11;919;1983;643069;475521;56.8;42.0
67;2021-07-12;2407;9704;645476;485225;57.0;42.8
67;2021-07-13;4038;9844;649514;495069;57.3;43.7
67;2021-07-14;3470;4373;652984;499442;57.7;44.1
67;2021-07-15;5002;12169;657986;511611;58.1;45.2
68;2020-12-27;0;0;0;0;0.0;0.0
68;2020-12-28;0;0;0;0;0.0;0.0
68;2020-12-29;0;0;0;0;0.0;0.0
68;2020-12-30;0;0;0;0;0.0;0.0
68;2020-12-31;0;0;0;0;0.0;0.0
68;2021-01-01;0;0;0;0;0.0;0.0
68;2021-01-02;0;0;0;0;0.0;0.0
68;2021-01-03;0;0;0;0;0.0;0.0
68;2021-01-04;1;0;1;0;0.0;0.0
68;2021-01-05;11;0;12;0;0.0;0.0
68;2021-01-06;244;2;256;2;0.0;0.0
68;2021-01-07;75;0;331;2;0.0;0.0
68;2021-01-08;118;1;449;3;0.1;0.0
68;2021-01-09;20;0;469;3;0.1;0.0
68;2021-01-10;0;0;469;3;0.1;0.0
68;2021-01-11;82;0;551;3;0.1;0.0
68;2021-01-12;386;1;937;4;0.1;0.0
68;2021-01-13;703;1;1640;5;0.2;0.0
68;2021-01-14;372;3;2012;8;0.3;0.0
68;2021-01-15;204;1;2216;9;0.3;0.0
68;2021-01-16;0;0;2216;9;0.3;0.0
68;2021-01-17;0;0;2216;9;0.3;0.0
68;2021-01-18;379;5;2595;14;0.3;0.0
68;2021-01-19;559;4;3154;18;0.4;0.0
68;2021-01-20;705;9;3859;27;0.5;0.0
68;2021-01-21;1379;12;5238;39;0.7;0.0
68;2021-01-22;1498;12;6736;51;0.9;0.0
68;2021-01-23;215;4;6951;55;0.9;0.0
68;2021-01-24;697;0;7648;55;1.0;0.0
68;2021-01-25;1386;46;9034;101;1.2;0.0
68;2021-01-26;1551;80;10585;181;1.4;0.0
68;2021-01-27;2730;139;13315;320;1.7;0.0
68;2021-01-28;2344;56;15659;376;2.1;0.0
68;2021-01-29;1502;115;17161;491;2.2;0.1
68;2021-01-30;164;0;17325;491;2.3;0.1
68;2021-01-31;0;0;17325;491;2.3;0.1
68;2021-02-01;736;103;18061;594;2.4;0.1
68;2021-02-02;867;304;18928;898;2.5;0.1
68;2021-02-03;997;619;19925;1517;2.6;0.2
68;2021-02-04;1000;326;20925;1843;2.7;0.2
68;2021-02-05;945;237;21870;2080;2.9;0.3
68;2021-02-06;137;1;22007;2081;2.9;0.3
68;2021-02-07;1;16;22008;2097;2.9;0.3
68;2021-02-08;894;19;22902;2116;3.0;0.3
68;2021-02-09;1357;43;24259;2159;3.2;0.3
68;2021-02-10;1451;59;25710;2218;3.4;0.3
68;2021-02-11;1488;466;27198;2684;3.6;0.4
68;2021-02-12;1546;448;28744;3132;3.8;0.4
68;2021-02-13;132;0;28876;3132;3.8;0.4
68;2021-02-14;57;231;28933;3363;3.8;0.4
68;2021-02-15;662;1086;29595;4449;3.9;0.6
68;2021-02-16;861;1369;30456;5818;4.0;0.8
68;2021-02-17;1280;2132;31736;7950;4.2;1.0
68;2021-02-18;1631;2040;33367;9990;4.4;1.3
68;2021-02-19;984;1363;34351;11353;4.5;1.5
68;2021-02-20;93;125;34444;11478;4.5;1.5
68;2021-02-21;1;40;34445;11518;4.5;1.5
68;2021-02-22;446;798;34891;12316;4.6;1.6
68;2021-02-23;639;1060;35530;13376;4.7;1.8
68;2021-02-24;851;1156;36381;14532;4.8;1.9
68;2021-02-25;1209;1241;37590;15773;4.9;2.1
68;2021-02-26;1200;986;38790;16759;5.1;2.2
68;2021-02-27;542;173;39332;16932;5.2;2.2
68;2021-02-28;10;1;39342;16933;5.2;2.2
68;2021-03-01;937;763;40279;17696;5.3;2.3
68;2021-03-02;1213;917;41492;18613;5.4;2.4
68;2021-03-03;1589;965;43081;19578;5.6;2.6
68;2021-03-04;1988;1032;45069;20610;5.9;2.7
68;2021-03-05;2352;1039;47421;21649;6.2;2.8
68;2021-03-06;2280;233;49701;21882;6.5;2.9
68;2021-03-07;838;101;50539;21983;6.6;2.9
68;2021-03-08;1472;965;52011;22948;6.8;3.0
68;2021-03-09;1692;1332;53703;24280;7.0;3.2
68;2021-03-10;1958;1808;55661;26088;7.3;3.4
68;2021-03-11;2633;1917;58294;28005;7.6;3.7
68;2021-03-12;2624;1408;60918;29413;8.0;3.9
68;2021-03-13;3328;223;64246;29636;8.4;3.9
68;2021-03-14;1541;57;65787;29693;8.6;3.9
68;2021-03-15;1790;613;67577;30306;8.9;4.0
68;2021-03-16;1998;596;69575;30902;9.1;4.0
68;2021-03-17;1953;716;71528;31618;9.4;4.1
68;2021-03-18;2219;942;73747;32560;9.7;4.3
68;2021-03-19;3083;733;76830;33293;10.1;4.4
68;2021-03-20;973;120;77803;33413;10.2;4.4
68;2021-03-21;67;1;77870;33414;10.2;4.4
68;2021-03-22;1964;581;79834;33995;10.5;4.5
68;2021-03-23;2851;608;82685;34603;10.8;4.5
68;2021-03-24;3171;803;85856;35406;11.2;4.6
68;2021-03-25;3497;779;89353;36185;11.7;4.7
68;2021-03-26;3891;700;93244;36885;12.2;4.8
68;2021-03-27;1093;159;94337;37044;12.4;4.9
68;2021-03-28;55;3;94392;37047;12.4;4.9
68;2021-03-29;2263;1377;96655;38424;12.7;5.0
68;2021-03-30;2929;1297;99584;39721;13.0;5.2
68;2021-03-31;2638;1362;102222;41083;13.4;5.4
68;2021-04-01;2745;1541;104967;42624;13.8;5.6
68;2021-04-02;245;87;105212;42711;13.8;5.6
68;2021-04-03;239;123;105451;42834;13.8;5.6
68;2021-04-04;4;0;105455;42834;13.8;5.6
68;2021-04-05;47;2;105502;42836;13.8;5.6
68;2021-04-06;1794;1322;107296;44158;14.1;5.8
68;2021-04-07;2583;1528;109879;45686;14.4;6.0
68;2021-04-08;3228;1506;113107;47192;14.8;6.2
68;2021-04-09;4196;1517;117303;48709;15.4;6.4
68;2021-04-10;1199;1973;118502;50682;15.5;6.6
68;2021-04-11;125;1316;118627;51998;15.5;6.8
68;2021-04-12;2664;1635;121291;53633;15.9;7.0
68;2021-04-13;2758;2109;124049;55742;16.3;7.3
68;2021-04-14;3599;2260;127648;58002;16.7;7.6
68;2021-04-15;4036;2139;131684;60141;17.3;7.9
68;2021-04-16;3932;2066;135616;62207;17.8;8.2
68;2021-04-17;1063;434;136679;62641;17.9;8.2
68;2021-04-18;85;9;136764;62650;17.9;8.2
68;2021-04-19;2356;1832;139120;64482;18.2;8.4
68;2021-04-20;2436;2321;141556;66803;18.5;8.8
68;2021-04-21;2823;2480;144379;69283;18.9;9.1
68;2021-04-22;3284;1974;147663;71257;19.3;9.3
68;2021-04-23;3408;2073;151071;73330;19.8;9.6
68;2021-04-24;836;483;151907;73813;19.9;9.7
68;2021-04-25;213;20;152120;73833;19.9;9.7
68;2021-04-26;2328;2106;154448;75939;20.2;10.0
68;2021-04-27;2600;2209;157048;78148;20.6;10.2
68;2021-04-28;3571;1769;160619;79917;21.0;10.5
68;2021-04-29;4164;1741;164783;81658;21.6;10.7
68;2021-04-30;4832;1358;169615;83016;22.2;10.9
68;2021-05-01;928;117;170543;83133;22.3;10.9
68;2021-05-02;730;70;171273;83203;22.4;10.9
68;2021-05-03;3615;1812;174888;85015;22.9;11.1
68;2021-05-04;3931;2365;178819;87380;23.4;11.4
68;2021-05-05;3628;3235;182447;90615;23.9;11.9
68;2021-05-06;4801;2865;187248;93480;24.5;12.2
68;2021-05-07;4517;2909;191765;96389;25.1;12.6
68;2021-05-08;1660;209;193425;96598;25.3;12.7
68;2021-05-09;1074;105;194499;96703;25.5;12.7
68;2021-05-10;3158;3715;197657;100418;25.9;13.2
68;2021-05-11;4712;3609;202369;104027;26.5;13.6
68;2021-05-12;5775;3285;208144;107312;27.3;14.1
68;2021-05-13;4761;839;212905;108151;27.9;14.2
68;2021-05-14;5956;2128;218861;110279;28.7;14.4
68;2021-05-15;3552;907;222413;111186;29.1;14.6
68;2021-05-16;668;119;223081;111305;29.2;14.6
68;2021-05-17;4449;2496;227530;113801;29.8;14.9
68;2021-05-18;6137;2302;233667;116103;30.6;15.2
68;2021-05-19;5865;2884;239532;118987;31.4;15.6
68;2021-05-20;5927;2416;245459;121403;32.2;15.9
68;2021-05-21;5772;2866;251231;124269;32.9;16.3
68;2021-05-22;2575;923;253806;125192;33.3;16.4
68;2021-05-23;13;16;253819;125208;33.3;16.4
68;2021-05-24;2307;969;256126;126177;33.6;16.5
68;2021-05-25;4342;3425;260468;129602;34.1;17.0
68;2021-05-26;4876;3376;265344;132978;34.8;17.4
68;2021-05-27;5401;3394;270745;136372;35.5;17.9
68;2021-05-28;5617;3696;276362;140068;36.2;18.4
68;2021-05-29;1536;1176;277898;141244;36.4;18.5
68;2021-05-30;41;46;277939;141290;36.4;18.5
68;2021-05-31;5158;2363;283097;143653;37.1;18.8
68;2021-06-01;5966;2787;289063;146440;37.9;19.2
68;2021-06-02;4885;3000;293948;149440;38.5;19.6
68;2021-06-03;5936;3095;299884;152535;39.3;20.0
68;2021-06-04;4877;3302;304761;155837;39.9;20.4
68;2021-06-05;776;1170;305537;157007;40.0;20.6
68;2021-06-06;66;115;305603;157122;40.0;20.6
68;2021-06-07;4747;3038;310350;160160;40.7;21.0
68;2021-06-08;4922;3549;315272;163709;41.3;21.5
68;2021-06-09;4974;3437;320246;167146;42.0;21.9
68;2021-06-10;5184;3119;325430;170265;42.6;22.3
68;2021-06-11;5021;4141;330451;174406;43.3;22.9
68;2021-06-12;3024;1764;333475;176170;43.7;23.1
68;2021-06-13;514;681;333989;176851;43.8;23.2
68;2021-06-14;2507;4388;336496;181239;44.1;23.7
68;2021-06-15;3099;4733;339595;185972;44.5;24.4
68;2021-06-16;3378;4428;342973;190400;44.9;24.9
68;2021-06-17;2345;4457;345318;194857;45.2;25.5
68;2021-06-18;3340;5182;348658;200039;45.7;26.2
68;2021-06-19;2245;2180;350903;202219;46.0;26.5
68;2021-06-20;255;893;351158;203112;46.0;26.6
68;2021-06-21;2047;5158;353205;208270;46.3;27.3
68;2021-06-22;1890;5177;355095;213447;46.5;28.0
68;2021-06-23;2305;5754;357400;219201;46.8;28.7
68;2021-06-24;2130;4894;359530;224095;47.1;29.4
68;2021-06-25;2271;6660;361801;230755;47.4;30.2
68;2021-06-26;1290;2604;363091;233359;47.6;30.6
68;2021-06-27;151;880;363242;234239;47.6;30.7
68;2021-06-28;1595;6452;364837;240691;47.8;31.5
68;2021-06-29;1522;6639;366359;247330;48.0;32.4
68;2021-06-30;1776;6548;368135;253878;48.2;33.3
68;2021-07-01;2058;5340;370193;259218;48.5;34.0
68;2021-07-02;2081;6485;372274;265703;48.8;34.8
68;2021-07-03;970;1929;373244;267632;48.9;35.1
68;2021-07-04;239;198;373483;267830;48.9;35.1
68;2021-07-05;1450;5520;374933;273350;49.1;35.8
68;2021-07-06;1988;5883;376921;279233;49.4;36.6
68;2021-07-07;2439;4970;379360;284203;49.7;37.2
68;2021-07-08;2427;4738;381787;288941;50.0;37.9
68;2021-07-09;2083;7351;383870;296292;50.3;38.8
68;2021-07-10;1018;2000;384888;298292;50.4;39.1
68;2021-07-11;143;156;385031;298448;50.4;39.1
68;2021-07-12;1629;6776;386660;305224;50.7;40.0
68;2021-07-13;2876;6526;389536;311750;51.0;40.8
68;2021-07-14;1830;964;391366;312714;51.3;41.0
68;2021-07-15;3155;6636;394521;319350;51.7;41.8
69;2020-12-27;0;0;0;0;0.0;0.0
69;2020-12-28;6;0;6;0;0.0;0.0
69;2020-12-29;5;0;11;0;0.0;0.0
69;2020-12-30;6;0;17;0;0.0;0.0
69;2020-12-31;10;0;27;0;0.0;0.0
69;2021-01-01;1;0;28;0;0.0;0.0
69;2021-01-02;1;0;29;0;0.0;0.0
69;2021-01-03;0;0;29;0;0.0;0.0
69;2021-01-04;10;0;39;0;0.0;0.0
69;2021-01-05;215;0;254;0;0.0;0.0
69;2021-01-06;506;0;760;0;0.0;0.0
69;2021-01-07;803;1;1563;1;0.1;0.0
69;2021-01-08;821;0;2384;1;0.1;0.0
69;2021-01-09;36;1;2420;2;0.1;0.0
69;2021-01-10;1;0;2421;2;0.1;0.0
69;2021-01-11;1133;2;3554;4;0.2;0.0
69;2021-01-12;1388;5;4942;9;0.3;0.0
69;2021-01-13;1386;3;6328;12;0.3;0.0
69;2021-01-14;2255;22;8583;34;0.5;0.0
69;2021-01-15;1823;9;10406;43;0.6;0.0
69;2021-01-16;923;3;11329;46;0.6;0.0
69;2021-01-17;258;2;11587;48;0.6;0.0
69;2021-01-18;1686;15;13273;63;0.7;0.0
69;2021-01-19;3496;65;16769;128;0.9;0.0
69;2021-01-20;4394;25;21163;153;1.1;0.0
69;2021-01-21;3976;19;25139;172;1.3;0.0
69;2021-01-22;3134;18;28273;190;1.5;0.0
69;2021-01-23;1277;0;29550;190;1.6;0.0
69;2021-01-24;99;1;29649;191;1.6;0.0
69;2021-01-25;2226;35;31875;226;1.7;0.0
69;2021-01-26;2559;83;34434;309;1.8;0.0
69;2021-01-27;2348;179;36782;488;2.0;0.0
69;2021-01-28;2228;373;39010;861;2.1;0.0
69;2021-01-29;2108;284;41118;1145;2.2;0.1
69;2021-01-30;888;2;42006;1147;2.2;0.1
69;2021-01-31;63;0;42069;1147;2.2;0.1
69;2021-02-01;1113;401;43182;1548;2.3;0.1
69;2021-02-02;1548;411;44730;1959;2.4;0.1
69;2021-02-03;1436;533;46166;2492;2.5;0.1
69;2021-02-04;1778;941;47944;3433;2.6;0.2
69;2021-02-05;816;807;48760;4240;2.6;0.2
69;2021-02-06;363;53;49123;4293;2.6;0.2
69;2021-02-07;0;0;49123;4293;2.6;0.2
69;2021-02-08;1131;1072;50254;5365;2.7;0.3
69;2021-02-09;2046;2099;52300;7464;2.8;0.4
69;2021-02-10;1841;2645;54141;10109;2.9;0.5
69;2021-02-11;1859;3290;56000;13399;3.0;0.7
69;2021-02-12;1894;2108;57894;15507;3.1;0.8
69;2021-02-13;460;806;58354;16313;3.1;0.9
69;2021-02-14;87;39;58441;16352;3.1;0.9
69;2021-02-15;1014;1775;59455;18127;3.2;1.0
69;2021-02-16;985;2446;60440;20573;3.2;1.1
69;2021-02-17;1028;2391;61468;22964;3.3;1.2
69;2021-02-18;965;2336;62433;25300;3.3;1.3
69;2021-02-19;893;1894;63326;27194;3.4;1.4
69;2021-02-20;327;912;63653;28106;3.4;1.5
69;2021-02-21;50;68;63703;28174;3.4;1.5
69;2021-02-22;606;2092;64309;30266;3.4;1.6
69;2021-02-23;737;2225;65046;32491;3.5;1.7
69;2021-02-24;970;2249;66016;34740;3.5;1.9
69;2021-02-25;2208;2663;68224;37403;3.6;2.0
69;2021-02-26;2774;1902;70998;39305;3.8;2.1
69;2021-02-27;924;567;71922;39872;3.8;2.1
69;2021-02-28;147;100;72069;39972;3.8;2.1
69;2021-03-01;2152;895;74221;40867;4.0;2.2
69;2021-03-02;3286;1368;77507;42235;4.1;2.3
69;2021-03-03;3654;1189;81161;43424;4.3;2.3
69;2021-03-04;4860;1232;86021;44656;4.6;2.4
69;2021-03-05;5844;1189;91865;45845;4.9;2.4
69;2021-03-06;3399;396;95264;46241;5.1;2.5
69;2021-03-07;636;38;95900;46279;5.1;2.5
69;2021-03-08;2946;1093;98846;47372;5.3;2.5
69;2021-03-09;4604;1200;103450;48572;5.5;2.6
69;2021-03-10;5050;991;108500;49563;5.8;2.6
69;2021-03-11;6584;944;115084;50507;6.1;2.7
69;2021-03-12;8759;1103;123843;51610;6.6;2.8
69;2021-03-13;4917;207;128760;51817;6.9;2.8
69;2021-03-14;2731;108;131491;51925;7.0;2.8
69;2021-03-15;4803;665;136294;52590;7.3;2.8
69;2021-03-16;3808;608;140102;53198;7.5;2.8
69;2021-03-17;3937;839;144039;54037;7.7;2.9
69;2021-03-18;4956;1570;148995;55607;7.9;3.0
69;2021-03-19;6674;1001;155669;56608;8.3;3.0
69;2021-03-20;3580;244;159249;56852;8.5;3.0
69;2021-03-21;1968;81;161217;56933;8.6;3.0
69;2021-03-22;4536;780;165753;57713;8.8;3.1
69;2021-03-23;7348;769;173101;58482;9.2;3.1
69;2021-03-24;6440;933;179541;59415;9.6;3.2
69;2021-03-25;8567;1051;188108;60466;10.0;3.2
69;2021-03-26;8808;1187;196916;61653;10.5;3.3
69;2021-03-27;3147;766;200063;62419;10.7;3.3
69;2021-03-28;2208;162;202271;62581;10.8;3.3
69;2021-03-29;4090;2181;206361;64762;11.0;3.5
69;2021-03-30;7628;2482;213989;67244;11.4;3.6
69;2021-03-31;6338;3138;220327;70382;11.7;3.8
69;2021-04-01;8409;2695;228736;73077;12.2;3.9
69;2021-04-02;8295;3068;237031;76145;12.6;4.1
69;2021-04-03;5419;2137;242450;78282;12.9;4.2
69;2021-04-04;6601;545;249051;78827;13.3;4.2
69;2021-04-05;6181;800;255232;79627;13.6;4.2
69;2021-04-06;5087;3461;260319;83088;13.9;4.4
69;2021-04-07;5151;3877;265470;86965;14.2;4.6
69;2021-04-08;6417;4046;271887;91011;14.5;4.9
69;2021-04-09;9157;3751;281044;94762;15.0;5.1
69;2021-04-10;3049;2492;284093;97254;15.1;5.2
69;2021-04-11;2032;1887;286125;99141;15.3;5.3
69;2021-04-12;5454;3605;291579;102746;15.5;5.5
69;2021-04-13;7060;4094;298639;106840;15.9;5.7
69;2021-04-14;6700;4096;305339;110936;16.3;5.9
69;2021-04-15;7905;4549;313244;115485;16.7;6.2
69;2021-04-16;7847;4472;321091;119957;17.1;6.4
69;2021-04-17;5032;2330;326123;122287;17.4;6.5
69;2021-04-18;1713;1792;327836;124079;17.5;6.6
69;2021-04-19;7005;3756;334841;127835;17.8;6.8
69;2021-04-20;6474;4734;341315;132569;18.2;7.1
69;2021-04-21;5678;4406;346993;136975;18.5;7.3
69;2021-04-22;6413;5405;353406;142380;18.8;7.6
69;2021-04-23;6690;4823;360096;147203;19.2;7.8
69;2021-04-24;3149;2018;363245;149221;19.4;8.0
69;2021-04-25;2112;1542;365357;150763;19.5;8.0
69;2021-04-26;4489;3879;369846;154642;19.7;8.2
69;2021-04-27;6503;5324;376349;159966;20.1;8.5
69;2021-04-28;6260;4841;382609;164807;20.4;8.8
69;2021-04-29;6687;5341;389296;170148;20.8;9.1
69;2021-04-30;6911;6153;396207;176301;21.1;9.4
69;2021-05-01;3294;646;399501;176947;21.3;9.4
69;2021-05-02;1621;5891;401122;182838;21.4;9.7
69;2021-05-03;5819;8242;406941;191080;21.7;10.2
69;2021-05-04;7581;8162;414522;199242;22.1;10.6
69;2021-05-05;11190;5620;425712;204862;22.7;10.9
69;2021-05-06;12465;6244;438177;211106;23.4;11.3
69;2021-05-07;11666;7134;449843;218240;24.0;11.6
69;2021-05-08;4288;1647;454131;219887;24.2;11.7
69;2021-05-09;6632;2681;460763;222568;24.6;11.9
69;2021-05-10;6906;6046;467669;228614;24.9;12.2
69;2021-05-11;9788;7035;477457;235649;25.5;12.6
69;2021-05-12;12420;6801;489877;242450;26.1;12.9
69;2021-05-13;10800;2559;500677;245009;26.7;13.1
69;2021-05-14;12562;5209;513239;250218;27.4;13.3
69;2021-05-15;9137;2598;522376;252816;27.8;13.5
69;2021-05-16;8387;1866;530763;254682;28.3;13.6
69;2021-05-17;11269;5630;542032;260312;28.9;13.9
69;2021-05-18;13171;6366;555203;266678;29.6;14.2
69;2021-05-19;13621;5852;568824;272530;30.3;14.5
69;2021-05-20;11272;6059;580096;278589;30.9;14.8
69;2021-05-21;10929;6559;591025;285148;31.5;15.2
69;2021-05-22;5574;2570;596599;287718;31.8;15.3
69;2021-05-23;4559;1536;601158;289254;32.0;15.4
69;2021-05-24;8373;1859;609531;291113;32.5;15.5
69;2021-05-25;9670;6167;619201;297280;33.0;15.8
69;2021-05-26;10212;6082;629413;303362;33.5;16.2
69;2021-05-27;10368;6753;639781;310115;34.1;16.5
69;2021-05-28;11549;8735;651330;318850;34.7;17.0
69;2021-05-29;7374;6034;658704;324884;35.1;17.3
69;2021-05-30;7383;3169;666087;328053;35.5;17.5
69;2021-05-31;10904;6361;676991;334414;36.1;17.8
69;2021-06-01;12071;7511;689062;341925;36.7;18.2
69;2021-06-02;14539;6685;703601;348610;37.5;18.6
69;2021-06-03;16385;7412;719986;356022;38.4;19.0
69;2021-06-04;13577;8534;733563;364556;39.1;19.4
69;2021-06-05;9922;3413;743485;367969;39.6;19.6
69;2021-06-06;7461;1702;750946;369671;40.0;19.7
69;2021-06-07;12463;7037;763409;376708;40.7;20.1
69;2021-06-08;15725;8232;779134;384940;41.5;20.5
69;2021-06-09;14639;7352;793773;392292;42.3;20.9
69;2021-06-10;15747;7287;809520;399579;43.2;21.3
69;2021-06-11;15703;9679;825223;409258;44.0;21.8
69;2021-06-12;8262;4187;833485;413445;44.4;22.0
69;2021-06-13;5500;2130;838985;415575;44.7;22.2
69;2021-06-14;7779;9088;846764;424663;45.1;22.6
69;2021-06-15;9929;10980;856693;435643;45.7;23.2
69;2021-06-16;10261;12267;866954;447910;46.2;23.9
69;2021-06-17;10536;13206;877490;461116;46.8;24.6
69;2021-06-18;10676;14777;888166;475893;47.3;25.4
69;2021-06-19;6247;8354;894413;484247;47.7;25.8
69;2021-06-20;5114;4763;899527;489010;47.9;26.1
69;2021-06-21;5256;12135;904783;501145;48.2;26.7
69;2021-06-22;5950;13836;910733;514981;48.5;27.5
69;2021-06-23;7191;13044;917924;528025;48.9;28.1
69;2021-06-24;7574;13702;925498;541727;49.3;28.9
69;2021-06-25;6574;16296;932072;558023;49.7;29.7
69;2021-06-26;3465;9080;935537;567103;49.9;30.2
69;2021-06-27;3239;7419;938776;574522;50.0;30.6
69;2021-06-28;3620;14893;942396;589415;50.2;31.4
69;2021-06-29;4575;15645;946971;605060;50.5;32.3
69;2021-06-30;5566;14442;952537;619502;50.8;33.0
69;2021-07-01;6213;11888;958750;631390;51.1;33.7
69;2021-07-02;5427;14057;964177;645447;51.4;34.4
69;2021-07-03;5610;7754;969787;653201;51.7;34.8
69;2021-07-04;3888;5552;973675;658753;51.9;35.1
69;2021-07-05;5353;13008;979028;671761;52.2;35.8
69;2021-07-06;5117;14262;984145;686023;52.5;36.6
69;2021-07-07;6918;13518;991063;699541;52.8;37.3
69;2021-07-08;7324;13405;998387;712946;53.2;38.0
69;2021-07-09;7061;16419;1005448;729365;53.6;38.9
69;2021-07-10;2720;10310;1008168;739675;53.7;39.4
69;2021-07-11;4244;5828;1012412;745503;54.0;39.7
69;2021-07-12;3523;16948;1015935;762451;54.2;40.6
69;2021-07-13;5842;20687;1021777;783138;54.5;41.7
69;2021-07-14;4679;8461;1026456;791599;54.7;42.2
69;2021-07-15;7147;22515;1033603;814114;55.1;43.4
70;2020-12-27;0;0;0;0;0.0;0.0
70;2020-12-28;0;0;0;0;0.0;0.0
70;2020-12-29;0;0;0;0;0.0;0.0
70;2020-12-30;0;0;0;0;0.0;0.0
70;2020-12-31;0;0;0;0;0.0;0.0
70;2021-01-01;0;0;0;0;0.0;0.0
70;2021-01-02;0;0;0;0;0.0;0.0
70;2021-01-03;0;0;0;0;0.0;0.0
70;2021-01-04;0;0;0;0;0.0;0.0
70;2021-01-05;0;0;0;0;0.0;0.0
70;2021-01-06;24;0;24;0;0.0;0.0
70;2021-01-07;121;0;145;0;0.1;0.0
70;2021-01-08;21;0;166;0;0.1;0.0
70;2021-01-09;0;0;166;0;0.1;0.0
70;2021-01-10;0;0;166;0;0.1;0.0
70;2021-01-11;147;0;313;0;0.1;0.0
70;2021-01-12;194;1;507;1;0.2;0.0
70;2021-01-13;171;1;678;2;0.3;0.0
70;2021-01-14;149;5;827;7;0.4;0.0
70;2021-01-15;153;0;980;7;0.4;0.0
70;2021-01-16;65;0;1045;7;0.4;0.0
70;2021-01-17;0;0;1045;7;0.4;0.0
70;2021-01-18;383;0;1428;7;0.6;0.0
70;2021-01-19;500;2;1928;9;0.8;0.0
70;2021-01-20;494;2;2422;11;1.0;0.0
70;2021-01-21;673;1;3095;12;1.3;0.0
70;2021-01-22;458;3;3553;15;1.5;0.0
70;2021-01-23;261;0;3814;15;1.6;0.0
70;2021-01-24;3;0;3817;15;1.6;0.0
70;2021-01-25;371;1;4188;16;1.8;0.0
70;2021-01-26;335;1;4523;17;1.9;0.0
70;2021-01-27;328;10;4851;27;2.1;0.0
70;2021-01-28;364;36;5215;63;2.2;0.0
70;2021-01-29;329;53;5544;116;2.4;0.0
70;2021-01-30;228;0;5772;116;2.5;0.0
70;2021-01-31;0;0;5772;116;2.5;0.0
70;2021-02-01;260;51;6032;167;2.6;0.1
70;2021-02-02;272;99;6304;266;2.7;0.1
70;2021-02-03;252;61;6556;327;2.8;0.1
70;2021-02-04;264;122;6820;449;2.9;0.2
70;2021-02-05;254;75;7074;524;3.0;0.2
70;2021-02-06;209;37;7283;561;3.1;0.2
70;2021-02-07;0;0;7283;561;3.1;0.2
70;2021-02-08;178;234;7461;795;3.2;0.3
70;2021-02-09;206;231;7667;1026;3.3;0.4
70;2021-02-10;196;302;7863;1328;3.4;0.6
70;2021-02-11;346;326;8209;1654;3.5;0.7
70;2021-02-12;239;491;8448;2145;3.6;0.9
70;2021-02-13;75;211;8523;2356;3.7;1.0
70;2021-02-14;0;29;8523;2385;3.7;1.0
70;2021-02-15;70;340;8593;2725;3.7;1.2
70;2021-02-16;113;363;8706;3088;3.7;1.3
70;2021-02-17;167;304;8873;3392;3.8;1.5
70;2021-02-18;202;255;9075;3647;3.9;1.6
70;2021-02-19;197;201;9272;3848;4.0;1.7
70;2021-02-20;192;70;9464;3918;4.1;1.7
70;2021-02-21;1;0;9465;3918;4.1;1.7
70;2021-02-22;107;236;9572;4154;4.1;1.8
70;2021-02-23;124;259;9696;4413;4.2;1.9
70;2021-02-24;129;231;9825;4644;4.2;2.0
70;2021-02-25;314;256;10139;4900;4.3;2.1
70;2021-02-26;394;146;10533;5046;4.5;2.2
70;2021-02-27;147;202;10680;5248;4.6;2.3
70;2021-02-28;0;0;10680;5248;4.6;2.3
70;2021-03-01;249;239;10929;5487;4.7;2.4
70;2021-03-02;476;276;11405;5763;4.9;2.5
70;2021-03-03;466;252;11871;6015;5.1;2.6
70;2021-03-04;644;271;12515;6286;5.4;2.7
70;2021-03-05;766;255;13281;6541;5.7;2.8
70;2021-03-06;540;115;13821;6656;5.9;2.9
70;2021-03-07;216;23;14037;6679;6.0;2.9
70;2021-03-08;552;217;14589;6896;6.3;3.0
70;2021-03-09;864;183;15453;7079;6.6;3.0
70;2021-03-10;660;177;16113;7256;6.9;3.1
70;2021-03-11;697;243;16810;7499;7.2;3.2
70;2021-03-12;985;162;17795;7661;7.6;3.3
70;2021-03-13;565;111;18360;7772;7.9;3.3
70;2021-03-14;19;0;18379;7772;7.9;3.3
70;2021-03-15;771;103;19150;7875;8.2;3.4
70;2021-03-16;654;88;19804;7963;8.5;3.4
70;2021-03-17;596;174;20400;8137;8.7;3.5
70;2021-03-18;633;139;21033;8276;9.0;3.5
70;2021-03-19;1017;135;22050;8411;9.5;3.6
70;2021-03-20;640;182;22690;8593;9.7;3.7
70;2021-03-21;2;0;22692;8593;9.7;3.7
70;2021-03-22;750;96;23442;8689;10.1;3.7
70;2021-03-23;1303;149;24745;8838;10.6;3.8
70;2021-03-24;1248;92;25993;8930;11.1;3.8
70;2021-03-25;1243;184;27236;9114;11.7;3.9
70;2021-03-26;1487;291;28723;9405;12.3;4.0
70;2021-03-27;956;121;29679;9526;12.7;4.1
70;2021-03-28;0;10;29679;9536;12.7;4.1
70;2021-03-29;718;408;30397;9944;13.0;4.3
70;2021-03-30;1073;307;31470;10251;13.5;4.4
70;2021-03-31;861;309;32331;10560;13.9;4.5
70;2021-04-01;1153;420;33484;10980;14.4;4.7
70;2021-04-02;1310;332;34794;11312;14.9;4.9
70;2021-04-03;639;320;35433;11632;15.2;5.0
70;2021-04-04;9;0;35442;11632;15.2;5.0
70;2021-04-05;3;2;35445;11634;15.2;5.0
70;2021-04-06;831;553;36276;12187;15.6;5.2
70;2021-04-07;857;582;37133;12769;15.9;5.5
70;2021-04-08;1314;553;38447;13322;16.5;5.7
70;2021-04-09;1401;520;39848;13842;17.1;5.9
70;2021-04-10;858;339;40706;14181;17.5;6.1
70;2021-04-11;15;1;40721;14182;17.5;6.1
70;2021-04-12;692;656;41413;14838;17.8;6.4
70;2021-04-13;920;764;42333;15602;18.2;6.7
70;2021-04-14;814;575;43147;16177;18.5;6.9
70;2021-04-15;1078;595;44225;16772;19.0;7.2
70;2021-04-16;1242;538;45467;17310;19.5;7.4
70;2021-04-17;690;464;46157;17774;19.8;7.6
70;2021-04-18;55;4;46212;17778;19.8;7.6
70;2021-04-19;537;803;46749;18581;20.0;8.0
70;2021-04-20;664;848;47413;19429;20.3;8.3
70;2021-04-21;484;934;47897;20363;20.5;8.7
70;2021-04-22;776;789;48673;21152;20.9;9.1
70;2021-04-23;873;738;49546;21890;21.2;9.4
70;2021-04-24;431;637;49977;22527;21.4;9.7
70;2021-04-25;11;0;49988;22527;21.4;9.7
70;2021-04-26;923;597;50911;23124;21.8;9.9
70;2021-04-27;1207;741;52118;23865;22.3;10.2
70;2021-04-28;889;802;53007;24667;22.7;10.6
70;2021-04-29;1342;911;54349;25578;23.3;11.0
70;2021-04-30;1531;868;55880;26446;24.0;11.3
70;2021-05-01;1693;117;57573;26563;24.7;11.4
70;2021-05-02;2;0;57575;26563;24.7;11.4
70;2021-05-03;1188;560;58763;27123;25.2;11.6
70;2021-05-04;1335;735;60098;27858;25.8;11.9
70;2021-05-05;1188;867;61286;28725;26.3;12.3
70;2021-05-06;1849;1263;63135;29988;27.1;12.9
70;2021-05-07;2124;1221;65259;31209;28.0;13.4
70;2021-05-08;1339;183;66598;31392;28.6;13.5
70;2021-05-09;6;58;66604;31450;28.6;13.5
70;2021-05-10;956;945;67560;32395;29.0;13.9
70;2021-05-11;1238;1064;68798;33459;29.5;14.3
70;2021-05-12;1175;866;69973;34325;30.0;14.7
70;2021-05-13;1544;144;71517;34469;30.7;14.8
70;2021-05-14;2062;748;73579;35217;31.6;15.1
70;2021-05-15;2657;522;76236;35739;32.7;15.3
70;2021-05-16;995;72;77231;35811;33.1;15.4
70;2021-05-17;1235;383;78466;36194;33.6;15.5
70;2021-05-18;1292;588;79758;36782;34.2;15.8
70;2021-05-19;1473;477;81231;37259;34.8;16.0
70;2021-05-20;1776;623;83007;37882;35.6;16.2
70;2021-05-21;1690;817;84697;38699;36.3;16.6
70;2021-05-22;1221;662;85918;39361;36.8;16.9
70;2021-05-23;7;14;85925;39375;36.8;16.9
70;2021-05-24;210;23;86135;39398;36.9;16.9
70;2021-05-25;834;923;86969;40321;37.3;17.3
70;2021-05-26;1047;941;88016;41262;37.7;17.7
70;2021-05-27;1263;991;89279;42253;38.3;18.1
70;2021-05-28;1545;1163;90824;43416;38.9;18.6
70;2021-05-29;1371;585;92195;44001;39.5;18.9
70;2021-05-30;1;8;92196;44009;39.5;18.9
70;2021-05-31;969;676;93165;44685;40.0;19.2
70;2021-06-01;1211;849;94376;45534;40.5;19.5
70;2021-06-02;1261;669;95637;46203;41.0;19.8
70;2021-06-03;1427;844;97064;47047;41.6;20.2
70;2021-06-04;1335;1105;98399;48152;42.2;20.6
70;2021-06-05;1023;664;99422;48816;42.6;20.9
70;2021-06-06;597;78;100019;48894;42.9;21.0
70;2021-06-07;938;850;100957;49744;43.3;21.3
70;2021-06-08;1215;1175;102172;50919;43.8;21.8
70;2021-06-09;1154;986;103326;51905;44.3;22.3
70;2021-06-10;1552;816;104878;52721;45.0;22.6
70;2021-06-11;1584;1951;106462;54672;45.7;23.4
70;2021-06-12;822;1974;107284;56646;46.0;24.3
70;2021-06-13;132;12;107416;56658;46.1;24.3
70;2021-06-14;553;1241;107969;57899;46.3;24.8
70;2021-06-15;447;1505;108416;59404;46.5;25.5
70;2021-06-16;796;1393;109212;60797;46.8;26.1
70;2021-06-17;1141;2095;110353;62892;47.3;27.0
70;2021-06-18;992;2253;111345;65145;47.7;27.9
70;2021-06-19;1089;1637;112434;66782;48.2;28.6
70;2021-06-20;1;3;112435;66785;48.2;28.6
70;2021-06-21;685;1454;113120;68239;48.5;29.3
70;2021-06-22;651;1507;113771;69746;48.8;29.9
70;2021-06-23;650;1575;114421;71321;49.1;30.6
70;2021-06-24;872;2052;115293;73373;49.4;31.5
70;2021-06-25;675;2643;115968;76016;49.7;32.6
70;2021-06-26;941;2136;116909;78152;50.1;33.5
70;2021-06-27;138;760;117047;78912;50.2;33.8
70;2021-06-28;336;1347;117383;80259;50.3;34.4
70;2021-06-29;405;1611;117788;81870;50.5;35.1
70;2021-06-30;386;1632;118174;83502;50.7;35.8
70;2021-07-01;640;1751;118814;85253;51.0;36.6
70;2021-07-02;810;1571;119624;86824;51.3;37.2
70;2021-07-03;835;1080;120459;87904;51.7;37.7
70;2021-07-04;28;70;120487;87974;51.7;37.7
70;2021-07-05;609;1036;121096;89010;51.9;38.2
70;2021-07-06;676;1273;121772;90283;52.2;38.7
70;2021-07-07;503;1422;122275;91705;52.4;39.3
70;2021-07-08;812;1573;123087;93278;52.8;40.0
70;2021-07-09;866;1660;123953;94938;53.2;40.7
70;2021-07-10;821;1027;124774;95965;53.5;41.2
70;2021-07-11;6;20;124780;95985;53.5;41.2
70;2021-07-12;430;1398;125210;97383;53.7;41.8
70;2021-07-13;901;1859;126111;99242;54.1;42.6
70;2021-07-14;33;6;126144;99248;54.1;42.6
70;2021-07-15;1366;1686;127510;100934;54.7;43.3
71;2020-12-27;0;0;0;0;0.0;0.0
71;2020-12-28;0;0;0;0;0.0;0.0
71;2020-12-29;0;0;0;0;0.0;0.0
71;2020-12-30;0;0;0;0;0.0;0.0
71;2020-12-31;0;0;0;0;0.0;0.0
71;2021-01-01;0;0;0;0;0.0;0.0
71;2021-01-02;0;0;0;0;0.0;0.0
71;2021-01-03;0;0;0;0;0.0;0.0
71;2021-01-04;1;0;1;0;0.0;0.0
71;2021-01-05;10;0;11;0;0.0;0.0
71;2021-01-06;71;0;82;0;0.0;0.0
71;2021-01-07;66;0;148;0;0.0;0.0
71;2021-01-08;146;0;294;0;0.1;0.0
71;2021-01-09;117;0;411;0;0.1;0.0
71;2021-01-10;1;0;412;0;0.1;0.0
71;2021-01-11;245;0;657;0;0.1;0.0
71;2021-01-12;843;1;1500;1;0.3;0.0
71;2021-01-13;561;1;2061;2;0.4;0.0
71;2021-01-14;576;9;2637;11;0.5;0.0
71;2021-01-15;666;1;3303;12;0.6;0.0
71;2021-01-16;9;0;3312;12;0.6;0.0
71;2021-01-17;0;0;3312;12;0.6;0.0
71;2021-01-18;1071;5;4383;17;0.8;0.0
71;2021-01-19;1672;6;6055;23;1.1;0.0
71;2021-01-20;1506;3;7561;26;1.4;0.0
71;2021-01-21;2053;12;9614;38;1.8;0.0
71;2021-01-22;1411;5;11025;43;2.0;0.0
71;2021-01-23;812;5;11837;48;2.2;0.0
71;2021-01-24;0;0;11837;48;2.2;0.0
71;2021-01-25;1061;5;12898;53;2.4;0.0
71;2021-01-26;1504;18;14402;71;2.6;0.0
71;2021-01-27;1245;31;15647;102;2.9;0.0
71;2021-01-28;1080;93;16727;195;3.1;0.0
71;2021-01-29;1012;143;17739;338;3.2;0.1
71;2021-01-30;604;2;18343;340;3.3;0.1
71;2021-01-31;0;15;18343;355;3.3;0.1
71;2021-02-01;748;239;19091;594;3.5;0.1
71;2021-02-02;751;357;19842;951;3.6;0.2
71;2021-02-03;816;426;20658;1377;3.8;0.3
71;2021-02-04;780;572;21438;1949;3.9;0.4
71;2021-02-05;705;526;22143;2475;4.0;0.5
71;2021-02-06;535;9;22678;2484;4.1;0.5
71;2021-02-07;3;50;22681;2534;4.1;0.5
71;2021-02-08;602;699;23283;3233;4.3;0.6
71;2021-02-09;373;1013;23656;4246;4.3;0.8
71;2021-02-10;408;997;24064;5243;4.4;1.0
71;2021-02-11;472;1175;24536;6418;4.5;1.2
71;2021-02-12;534;1032;25070;7450;4.6;1.4
71;2021-02-13;127;516;25197;7966;4.6;1.5
71;2021-02-14;1;7;25198;7973;4.6;1.5
71;2021-02-15;323;914;25521;8887;4.7;1.6
71;2021-02-16;441;1366;25962;10253;4.7;1.9
71;2021-02-17;425;1113;26387;11366;4.8;2.1
71;2021-02-18;548;934;26935;12300;4.9;2.2
71;2021-02-19;573;852;27508;13152;5.0;2.4
71;2021-02-20;223;381;27731;13533;5.1;2.5
71;2021-02-21;0;13;27731;13546;5.1;2.5
71;2021-02-22;235;877;27966;14423;5.1;2.6
71;2021-02-23;451;903;28417;15326;5.2;2.8
71;2021-02-24;438;719;28855;16045;5.3;2.9
71;2021-02-25;527;725;29382;16770;5.4;3.1
71;2021-02-26;831;528;30213;17298;5.5;3.2
71;2021-02-27;453;339;30666;17637;5.6;3.2
71;2021-02-28;54;14;30720;17651;5.6;3.2
71;2021-03-01;1186;677;31906;18328;5.8;3.3
71;2021-03-02;1573;631;33479;18959;6.1;3.5
71;2021-03-03;1816;754;35295;19713;6.4;3.6
71;2021-03-04;1986;799;37281;20512;6.8;3.7
71;2021-03-05;2283;680;39564;21192;7.2;3.9
71;2021-03-06;754;56;40318;21248;7.4;3.9
71;2021-03-07;39;21;40357;21269;7.4;3.9
71;2021-03-08;1450;766;41807;22035;7.6;4.0
71;2021-03-09;2156;502;43963;22537;8.0;4.1
71;2021-03-10;2165;451;46128;22988;8.4;4.2
71;2021-03-11;2634;620;48762;23608;8.9;4.3
71;2021-03-12;2604;587;51366;24195;9.4;4.4
71;2021-03-13;990;93;52356;24288;9.6;4.4
71;2021-03-14;34;0;52390;24288;9.6;4.4
71;2021-03-15;1798;486;54188;24774;9.9;4.5
71;2021-03-16;1819;184;56007;24958;10.2;4.6
71;2021-03-17;2129;241;58136;25199;10.6;4.6
71;2021-03-18;1950;424;60086;25623;11.0;4.7
71;2021-03-19;2361;310;62447;25933;11.4;4.7
71;2021-03-20;1082;30;63529;25963;11.6;4.7
71;2021-03-21;15;5;63544;25968;11.6;4.7
71;2021-03-22;2573;347;66117;26315;12.1;4.8
71;2021-03-23;3342;476;69459;26791;12.7;4.9
71;2021-03-24;3341;443;72800;27234;13.3;5.0
71;2021-03-25;4019;563;76819;27797;14.0;5.1
71;2021-03-26;4042;318;80861;28115;14.8;5.1
71;2021-03-27;995;104;81856;28219;14.9;5.2
71;2021-03-28;54;8;81910;28227;15.0;5.2
71;2021-03-29;2397;1167;84307;29394;15.4;5.4
71;2021-03-30;2951;1328;87258;30722;15.9;5.6
71;2021-03-31;2551;1503;89809;32225;16.4;5.9
71;2021-04-01;2717;1284;92526;33509;16.9;6.1
71;2021-04-02;2501;1408;95027;34917;17.3;6.4
71;2021-04-03;265;33;95292;34950;17.4;6.4
71;2021-04-04;2;0;95294;34950;17.4;6.4
71;2021-04-05;58;0;95352;34950;17.4;6.4
71;2021-04-06;2258;1861;97610;36811;17.8;6.7
71;2021-04-07;2389;1786;99999;38597;18.3;7.0
71;2021-04-08;3279;1790;103278;40387;18.9;7.4
71;2021-04-09;4030;1645;107308;42032;19.6;7.7
71;2021-04-10;769;42;108077;42074;19.7;7.7
71;2021-04-11;98;3;108175;42077;19.7;7.7
71;2021-04-12;2344;1687;110519;43764;20.2;8.0
71;2021-04-13;2576;1877;113095;45641;20.6;8.3
71;2021-04-14;2355;1903;115450;47544;21.1;8.7
71;2021-04-15;2775;1675;118225;49219;21.6;9.0
71;2021-04-16;2622;1637;120847;50856;22.1;9.3
71;2021-04-17;951;342;121798;51198;22.2;9.3
71;2021-04-18;106;3;121904;51201;22.3;9.3
71;2021-04-19;1757;2571;123661;53772;22.6;9.8
71;2021-04-20;2218;2585;125879;56357;23.0;10.3
71;2021-04-21;2124;2591;128003;58948;23.4;10.8
71;2021-04-22;2513;2428;130516;61376;23.8;11.2
71;2021-04-23;2912;2254;133428;63630;24.4;11.6
71;2021-04-24;516;47;133944;63677;24.5;11.6
71;2021-04-25;24;0;133968;63677;24.5;11.6
71;2021-04-26;2556;2115;136524;65792;24.9;12.0
71;2021-04-27;2982;2242;139506;68034;25.5;12.4
71;2021-04-28;3069;2094;142575;70128;26.0;12.8
71;2021-04-29;3779;2216;146354;72344;26.7;13.2
71;2021-04-30;3924;1719;150278;74063;27.4;13.5
71;2021-05-01;37;52;150315;74115;27.4;13.5
71;2021-05-02;23;18;150338;74133;27.4;13.5
71;2021-05-03;4280;1366;154618;75499;28.2;13.8
71;2021-05-04;2961;2334;157579;77833;28.8;14.2
71;2021-05-05;3427;2071;161006;79904;29.4;14.6
71;2021-05-06;3456;2350;164462;82254;30.0;15.0
71;2021-05-07;3669;2796;168131;85050;30.7;15.5
71;2021-05-08;176;184;168307;85234;30.7;15.6
71;2021-05-09;43;47;168350;85281;30.7;15.6
71;2021-05-10;3697;2269;172047;87550;31.4;16.0
71;2021-05-11;4643;2315;176690;89865;32.3;16.4
71;2021-05-12;3977;2568;180667;92433;33.0;16.9
71;2021-05-13;1573;149;182240;92582;33.3;16.9
71;2021-05-14;3761;2183;186001;94765;34.0;17.3
71;2021-05-15;240;324;186241;95089;34.0;17.4
71;2021-05-16;1;0;186242;95089;34.0;17.4
71;2021-05-17;3864;1880;190106;96969;34.7;17.7
71;2021-05-18;3496;2417;193602;99386;35.3;18.1
71;2021-05-19;3718;2273;197320;101659;36.0;18.6
71;2021-05-20;4175;2293;201495;103952;36.8;19.0
71;2021-05-21;3718;2571;205213;106523;37.5;19.4
71;2021-05-22;166;306;205379;106829;37.5;19.5
71;2021-05-23;11;55;205390;106884;37.5;19.5
71;2021-05-24;18;96;205408;106980;37.5;19.5
71;2021-05-25;2689;3003;208097;109983;38.0;20.1
71;2021-05-26;2961;2424;211058;112407;38.5;20.5
71;2021-05-27;3388;2582;214446;114989;39.1;21.0
71;2021-05-28;2916;3157;217362;118146;39.7;21.6
71;2021-05-29;480;657;217842;118803;39.8;21.7
71;2021-05-30;75;57;217917;118860;39.8;21.7
71;2021-05-31;2766;3452;220683;122312;40.3;22.3
71;2021-06-01;3655;3536;224338;125848;41.0;23.0
71;2021-06-02;3991;2618;228329;128466;41.7;23.5
71;2021-06-03;4429;2524;232758;130990;42.5;23.9
71;2021-06-04;3704;3710;236462;134700;43.2;24.6
71;2021-06-05;672;642;237134;135342;43.3;24.7
71;2021-06-06;57;91;237191;135433;43.3;24.7
71;2021-06-07;3269;4140;240460;139573;43.9;25.5
71;2021-06-08;3875;4004;244335;143577;44.6;26.2
71;2021-06-09;4680;2743;249015;146320;45.5;26.7
71;2021-06-10;5246;2725;254261;149045;46.4;27.2
71;2021-06-11;4429;3719;258690;152764;47.2;27.9
71;2021-06-12;698;589;259388;153353;47.3;28.0
71;2021-06-13;100;186;259488;153539;47.4;28.0
71;2021-06-14;3503;3776;262991;157315;48.0;28.7
71;2021-06-15;4197;3565;267188;160880;48.8;29.4
71;2021-06-16;4584;2714;271772;163594;49.6;29.9
71;2021-06-17;4258;2998;276030;166592;50.4;30.4
71;2021-06-18;4308;3764;280338;170356;51.2;31.1
71;2021-06-19;1257;646;281595;171002;51.4;31.2
71;2021-06-20;34;27;281629;171029;51.4;31.2
71;2021-06-21;2263;4286;283892;175315;51.8;32.0
71;2021-06-22;2671;4351;286563;179666;52.3;32.8
71;2021-06-23;3050;3418;289613;183084;52.9;33.4
71;2021-06-24;3313;3023;292926;186107;53.5;34.0
71;2021-06-25;2637;4474;295563;190581;54.0;34.8
71;2021-06-26;365;551;295928;191132;54.0;34.9
71;2021-06-27;29;68;295957;191200;54.0;34.9
71;2021-06-28;1511;4626;297468;195826;54.3;35.7
71;2021-06-29;1965;4817;299433;200643;54.7;36.6
71;2021-06-30;2429;3921;301862;204564;55.1;37.3
71;2021-07-01;2591;3902;304453;208466;55.6;38.1
71;2021-07-02;2869;3974;307322;212440;56.1;38.8
71;2021-07-03;315;710;307637;213150;56.2;38.9
71;2021-07-04;27;133;307664;213283;56.2;38.9
71;2021-07-05;2459;4318;310123;217601;56.6;39.7
71;2021-07-06;2448;4567;312571;222168;57.1;40.6
71;2021-07-07;2940;3728;315511;225896;57.6;41.2
71;2021-07-08;2747;4114;318258;230010;58.1;42.0
71;2021-07-09;2285;5028;320543;235038;58.5;42.9
71;2021-07-10;197;654;320740;235692;58.5;43.0
71;2021-07-11;14;65;320754;235757;58.6;43.0
71;2021-07-12;1897;5310;322651;241067;58.9;44.0
71;2021-07-13;2511;5855;325162;246922;59.4;45.1
71;2021-07-14;946;392;326108;247314;59.5;45.1
71;2021-07-15;2963;5695;329071;253009;60.1;46.2
72;2020-12-27;0;0;0;0;0.0;0.0
72;2020-12-28;0;0;0;0;0.0;0.0
72;2020-12-29;0;0;0;0;0.0;0.0
72;2020-12-30;0;0;0;0;0.0;0.0
72;2020-12-31;0;0;0;0;0.0;0.0
72;2021-01-01;2;0;2;0;0.0;0.0
72;2021-01-02;0;0;2;0;0.0;0.0
72;2021-01-03;0;0;2;0;0.0;0.0
72;2021-01-04;0;0;2;0;0.0;0.0
72;2021-01-05;14;0;16;0;0.0;0.0
72;2021-01-06;27;0;43;0;0.0;0.0
72;2021-01-07;110;0;153;0;0.0;0.0
72;2021-01-08;232;0;385;0;0.1;0.0
72;2021-01-09;36;0;421;0;0.1;0.0
72;2021-01-10;0;0;421;0;0.1;0.0
72;2021-01-11;484;0;905;0;0.2;0.0
72;2021-01-12;611;0;1516;0;0.3;0.0
72;2021-01-13;500;0;2016;0;0.4;0.0
72;2021-01-14;643;3;2659;3;0.5;0.0
72;2021-01-15;477;0;3136;3;0.6;0.0
72;2021-01-16;92;0;3228;3;0.6;0.0
72;2021-01-17;0;0;3228;3;0.6;0.0
72;2021-01-18;293;0;3521;3;0.6;0.0
72;2021-01-19;773;2;4294;5;0.8;0.0
72;2021-01-20;1514;3;5808;8;1.0;0.0
72;2021-01-21;1730;4;7538;12;1.3;0.0
72;2021-01-22;1147;4;8685;16;1.6;0.0
72;2021-01-23;32;0;8717;16;1.6;0.0
72;2021-01-24;0;0;8717;16;1.6;0.0
72;2021-01-25;502;7;9219;23;1.6;0.0
72;2021-01-26;1165;22;10384;45;1.9;0.0
72;2021-01-27;881;19;11265;64;2.0;0.0
72;2021-01-28;776;66;12041;130;2.1;0.0
72;2021-01-29;711;68;12752;198;2.3;0.0
72;2021-01-30;58;0;12810;198;2.3;0.0
72;2021-01-31;1;0;12811;198;2.3;0.0
72;2021-02-01;498;229;13309;427;2.4;0.1
72;2021-02-02;506;296;13815;723;2.5;0.1
72;2021-02-03;483;229;14298;952;2.6;0.2
72;2021-02-04;475;341;14773;1293;2.6;0.2
72;2021-02-05;506;408;15279;1701;2.7;0.3
72;2021-02-06;83;14;15362;1715;2.7;0.3
72;2021-02-07;19;3;15381;1718;2.7;0.3
72;2021-02-08;309;408;15690;2126;2.8;0.4
72;2021-02-09;489;536;16179;2662;2.9;0.5
72;2021-02-10;548;927;16727;3589;3.0;0.6
72;2021-02-11;848;1349;17575;4938;3.1;0.9
72;2021-02-12;847;594;18422;5532;3.3;1.0
72;2021-02-13;108;37;18530;5569;3.3;1.0
72;2021-02-14;1;22;18531;5591;3.3;1.0
72;2021-02-15;220;508;18751;6099;3.3;1.1
72;2021-02-16;498;1029;19249;7128;3.4;1.3
72;2021-02-17;462;719;19711;7847;3.5;1.4
72;2021-02-18;594;636;20305;8483;3.6;1.5
72;2021-02-19;519;600;20824;9083;3.7;1.6
72;2021-02-20;78;57;20902;9140;3.7;1.6
72;2021-02-21;0;0;20902;9140;3.7;1.6
72;2021-02-22;325;584;21227;9724;3.8;1.7
72;2021-02-23;566;532;21793;10256;3.9;1.8
72;2021-02-24;431;468;22224;10724;4.0;1.9
72;2021-02-25;921;563;23145;11287;4.1;2.0
72;2021-02-26;599;514;23744;11801;4.2;2.1
72;2021-02-27;322;67;24066;11868;4.3;2.1
72;2021-02-28;15;17;24081;11885;4.3;2.1
72;2021-03-01;376;483;24457;12368;4.4;2.2
72;2021-03-02;502;603;24959;12971;4.5;2.3
72;2021-03-03;728;646;25687;13617;4.6;2.4
72;2021-03-04;735;780;26422;14397;4.7;2.6
72;2021-03-05;932;766;27354;15163;4.9;2.7
72;2021-03-06;754;129;28108;15292;5.0;2.7
72;2021-03-07;447;23;28555;15315;5.1;2.7
72;2021-03-08;559;464;29114;15779;5.2;2.8
72;2021-03-09;1035;649;30149;16428;5.4;2.9
72;2021-03-10;1127;660;31276;17088;5.6;3.1
72;2021-03-11;1605;486;32881;17574;5.9;3.1
72;2021-03-12;1361;510;34242;18084;6.1;3.2
72;2021-03-13;979;112;35221;18196;6.3;3.2
72;2021-03-14;14;10;35235;18206;6.3;3.2
72;2021-03-15;1154;220;36389;18426;6.5;3.3
72;2021-03-16;1049;186;37438;18612;6.7;3.3
72;2021-03-17;1028;253;38466;18865;6.9;3.4
72;2021-03-18;1087;369;39553;19234;7.1;3.4
72;2021-03-19;1268;286;40821;19520;7.3;3.5
72;2021-03-20;486;89;41307;19609;7.4;3.5
72;2021-03-21;19;0;41326;19609;7.4;3.5
72;2021-03-22;1347;337;42673;19946;7.6;3.6
72;2021-03-23;1721;466;44394;20412;7.9;3.6
72;2021-03-24;1835;296;46229;20708;8.3;3.7
72;2021-03-25;2419;451;48648;21159;8.7;3.8
72;2021-03-26;2333;369;50981;21528;9.1;3.8
72;2021-03-27;610;28;51591;21556;9.2;3.8
72;2021-03-28;22;0;51613;21556;9.2;3.8
72;2021-03-29;1611;370;53224;21926;9.5;3.9
72;2021-03-30;2487;377;55711;22303;9.9;4.0
72;2021-03-31;2133;356;57844;22659;10.3;4.0
72;2021-04-01;2824;321;60668;22980;10.8;4.1
72;2021-04-02;2240;387;62908;23367;11.2;4.2
72;2021-04-03;289;36;63197;23403;11.3;4.2
72;2021-04-04;14;3;63211;23406;11.3;4.2
72;2021-04-05;51;49;63262;23455;11.3;4.2
72;2021-04-06;1759;461;65021;23916;11.6;4.3
72;2021-04-07;2551;577;67572;24493;12.1;4.4
72;2021-04-08;2710;759;70282;25252;12.5;4.5
72;2021-04-09;3860;558;74142;25810;13.2;4.6
72;2021-04-10;1110;45;75252;25855;13.4;4.6
72;2021-04-11;7;1;75259;25856;13.4;4.6
72;2021-04-12;1846;890;77105;26746;13.8;4.8
72;2021-04-13;2355;1065;79460;27811;14.2;5.0
72;2021-04-14;2248;1090;81708;28901;14.6;5.2
72;2021-04-15;2417;1098;84125;29999;15.0;5.4
72;2021-04-16;2562;953;86687;30952;15.5;5.5
72;2021-04-17;707;138;87394;31090;15.6;5.5
72;2021-04-18;57;1;87451;31091;15.6;5.5
72;2021-04-19;1393;1089;88844;32180;15.9;5.7
72;2021-04-20;2999;1290;91843;33470;16.4;6.0
72;2021-04-21;2513;1554;94356;35024;16.8;6.3
72;2021-04-22;2814;1784;97170;36808;17.3;6.6
72;2021-04-23;3203;1430;100373;38238;17.9;6.8
72;2021-04-24;1399;261;101772;38499;18.2;6.9
72;2021-04-25;881;19;102653;38518;18.3;6.9
72;2021-04-26;3507;1462;106160;39980;18.9;7.1
72;2021-04-27;4082;1852;110242;41832;19.7;7.5
72;2021-04-28;3830;1847;114072;43679;20.4;7.8
72;2021-04-29;4160;1791;118232;45470;21.1;8.1
72;2021-04-30;3606;1703;121838;47173;21.7;8.4
72;2021-05-01;1642;216;123480;47389;22.0;8.5
72;2021-05-02;1533;155;125013;47544;22.3;8.5
72;2021-05-03;3458;1150;128471;48694;22.9;8.7
72;2021-05-04;4011;1793;132482;50487;23.6;9.0
72;2021-05-05;3869;2171;136351;52658;24.3;9.4
72;2021-05-06;3594;1930;139945;54588;25.0;9.7
72;2021-05-07;3545;2140;143490;56728;25.6;10.1
72;2021-05-08;1900;148;145390;56876;26.0;10.2
72;2021-05-09;2081;197;147471;57073;26.3;10.2
72;2021-05-10;3769;1510;151240;58583;27.0;10.5
72;2021-05-11;4599;1980;155839;60563;27.8;10.8
72;2021-05-12;4078;1804;159917;62367;28.5;11.1
72;2021-05-13;3029;267;162946;62634;29.1;11.2
72;2021-05-14;3661;1378;166607;64012;29.7;11.4
72;2021-05-15;3119;350;169726;64362;30.3;11.5
72;2021-05-16;2501;152;172227;64514;30.7;11.5
72;2021-05-17;3726;1278;175953;65792;31.4;11.7
72;2021-05-18;4328;1673;180281;67465;32.2;12.0
72;2021-05-19;3973;1503;184254;68968;32.9;12.3
72;2021-05-20;4257;1447;188511;70415;33.6;12.6
72;2021-05-21;3790;1379;192301;71794;34.3;12.8
72;2021-05-22;2560;504;194861;72298;34.8;12.9
72;2021-05-23;1390;159;196251;72457;35.0;12.9
72;2021-05-24;2351;291;198602;72748;35.5;13.0
72;2021-05-25;4073;1404;202675;74152;36.2;13.2
72;2021-05-26;4096;1397;206771;75549;36.9;13.5
72;2021-05-27;4343;2040;211114;77589;37.7;13.8
72;2021-05-28;4105;2011;215219;79600;38.4;14.2
72;2021-05-29;2665;806;217884;80406;38.9;14.4
72;2021-05-30;1142;872;219026;81278;39.1;14.5
72;2021-05-31;3119;2327;222145;83605;39.7;14.9
72;2021-06-01;3563;2665;225708;86270;40.3;15.4
72;2021-06-02;3606;2778;229314;89048;40.9;15.9
72;2021-06-03;4239;2995;233553;92043;41.7;16.4
72;2021-06-04;3884;2748;237437;94791;42.4;16.9
72;2021-06-05;1436;2568;238873;97359;42.6;17.4
72;2021-06-06;906;1538;239779;98897;42.8;17.7
72;2021-06-07;1745;3422;241524;102319;43.1;18.3
72;2021-06-08;2914;3831;244438;106150;43.6;18.9
72;2021-06-09;2643;3367;247081;109517;44.1;19.5
72;2021-06-10;2821;3306;249902;112823;44.6;20.1
72;2021-06-11;2833;3769;252735;116592;45.1;20.8
72;2021-06-12;1240;2598;253975;119190;45.3;21.3
72;2021-06-13;386;1857;254361;121047;45.4;21.6
72;2021-06-14;1319;4127;255680;125174;45.6;22.3
72;2021-06-15;2750;3513;258430;128687;46.1;23.0
72;2021-06-16;2425;3567;260855;132254;46.6;23.6
72;2021-06-17;2315;3877;263170;136131;47.0;24.3
72;2021-06-18;2301;4317;265471;140448;47.4;25.1
72;2021-06-19;1117;2772;266588;143220;47.6;25.6
72;2021-06-20;339;2061;266927;145281;47.6;25.9
72;2021-06-21;1557;4042;268484;149323;47.9;26.7
72;2021-06-22;1704;5015;270188;154338;48.2;27.5
72;2021-06-23;1989;4239;272177;158577;48.6;28.3
72;2021-06-24;2218;4019;274395;162596;49.0;29.0
72;2021-06-25;1761;4855;276156;167451;49.3;29.9
72;2021-06-26;1185;2879;277341;170330;49.5;30.4
72;2021-06-27;391;2117;277732;172447;49.6;30.8
72;2021-06-28;1435;4301;279167;176748;49.8;31.5
72;2021-06-29;1756;4755;280923;181503;50.1;32.4
72;2021-06-30;1965;4173;282888;185676;50.5;33.1
72;2021-07-01;1931;4422;284819;190098;50.8;33.9
72;2021-07-02;1843;4723;286662;194821;51.2;34.8
72;2021-07-03;1287;3120;287949;197941;51.4;35.3
72;2021-07-04;582;1944;288531;199885;51.5;35.7
72;2021-07-05;1183;4176;289714;204061;51.7;36.4
72;2021-07-06;1455;5168;291169;209229;52.0;37.3
72;2021-07-07;1574;4612;292743;213841;52.3;38.2
72;2021-07-08;1643;4330;294386;218171;52.5;38.9
72;2021-07-09;2090;4622;296476;222793;52.9;39.8
72;2021-07-10;1581;2692;298057;225485;53.2;40.2
72;2021-07-11;948;1589;299005;227074;53.4;40.5
72;2021-07-12;1589;3753;300594;230827;53.7;41.2
72;2021-07-13;2074;4770;302668;235597;54.0;42.1
72;2021-07-14;1315;2361;303983;237958;54.3;42.5
72;2021-07-15;3462;3410;307445;241368;54.9;43.1
73;2020-12-27;0;0;0;0;0.0;0.0
73;2020-12-28;0;0;0;0;0.0;0.0
73;2020-12-29;0;0;0;0;0.0;0.0
73;2020-12-30;0;0;0;0;0.0;0.0
73;2020-12-31;0;0;0;0;0.0;0.0
73;2021-01-01;0;0;0;0;0.0;0.0
73;2021-01-02;0;0;0;0;0.0;0.0
73;2021-01-03;0;0;0;0;0.0;0.0
73;2021-01-04;1;0;1;0;0.0;0.0
73;2021-01-05;0;0;1;0;0.0;0.0
73;2021-01-06;1;0;2;0;0.0;0.0
73;2021-01-07;30;0;32;0;0.0;0.0
73;2021-01-08;81;0;113;0;0.0;0.0
73;2021-01-09;0;0;113;0;0.0;0.0
73;2021-01-10;0;0;113;0;0.0;0.0
73;2021-01-11;85;0;198;0;0.0;0.0
73;2021-01-12;303;1;501;1;0.1;0.0
73;2021-01-13;356;1;857;2;0.2;0.0
73;2021-01-14;509;2;1366;4;0.3;0.0
73;2021-01-15;616;1;1982;5;0.5;0.0
73;2021-01-16;127;0;2109;5;0.5;0.0
73;2021-01-17;0;0;2109;5;0.5;0.0
73;2021-01-18;624;0;2733;5;0.6;0.0
73;2021-01-19;1236;2;3969;7;0.9;0.0
73;2021-01-20;949;1;4918;8;1.1;0.0
73;2021-01-21;980;5;5898;13;1.4;0.0
73;2021-01-22;940;0;6838;13;1.6;0.0
73;2021-01-23;387;0;7225;13;1.7;0.0
73;2021-01-24;0;0;7225;13;1.7;0.0
73;2021-01-25;653;4;7878;17;1.8;0.0
73;2021-01-26;760;2;8638;19;2.0;0.0
73;2021-01-27;1105;4;9743;23;2.3;0.0
73;2021-01-28;960;5;10703;28;2.5;0.0
73;2021-01-29;682;4;11385;32;2.6;0.0
73;2021-01-30;345;3;11730;35;2.7;0.0
73;2021-01-31;0;0;11730;35;2.7;0.0
73;2021-02-01;620;39;12350;74;2.9;0.0
73;2021-02-02;749;320;13099;394;3.0;0.1
73;2021-02-03;653;348;13752;742;3.2;0.2
73;2021-02-04;622;234;14374;976;3.3;0.2
73;2021-02-05;678;409;15052;1385;3.5;0.3
73;2021-02-06;260;37;15312;1422;3.5;0.3
73;2021-02-07;0;0;15312;1422;3.5;0.3
73;2021-02-08;519;253;15831;1675;3.7;0.4
73;2021-02-09;792;444;16623;2119;3.8;0.5
73;2021-02-10;888;393;17511;2512;4.0;0.6
73;2021-02-11;957;706;18468;3218;4.3;0.7
73;2021-02-12;810;494;19278;3712;4.5;0.9
73;2021-02-13;264;58;19542;3770;4.5;0.9
73;2021-02-14;1;0;19543;3770;4.5;0.9
73;2021-02-15;343;529;19886;4299;4.6;1.0
73;2021-02-16;453;742;20339;5041;4.7;1.2
73;2021-02-17;449;957;20788;5998;4.8;1.4
73;2021-02-18;466;553;21254;6551;4.9;1.5
73;2021-02-19;445;635;21699;7186;5.0;1.7
73;2021-02-20;70;250;21769;7436;5.0;1.7
73;2021-02-21;0;0;21769;7436;5.0;1.7
73;2021-02-22;239;438;22008;7874;5.1;1.8
73;2021-02-23;323;513;22331;8387;5.2;1.9
73;2021-02-24;484;745;22815;9132;5.3;2.1
73;2021-02-25;499;498;23314;9630;5.4;2.2
73;2021-02-26;729;563;24043;10193;5.6;2.4
73;2021-02-27;331;235;24374;10428;5.6;2.4
73;2021-02-28;1;1;24375;10429;5.6;2.4
73;2021-03-01;556;514;24931;10943;5.8;2.5
73;2021-03-02;665;889;25596;11832;5.9;2.7
73;2021-03-03;639;1192;26235;13024;6.1;3.0
73;2021-03-04;1028;890;27263;13914;6.3;3.2
73;2021-03-05;1234;602;28497;14516;6.6;3.4
73;2021-03-06;1091;326;29588;14842;6.8;3.4
73;2021-03-07;452;87;30040;14929;6.9;3.5
73;2021-03-08;605;423;30645;15352;7.1;3.5
73;2021-03-09;982;533;31627;15885;7.3;3.7
73;2021-03-10;1036;858;32663;16743;7.6;3.9
73;2021-03-11;1552;649;34215;17392;7.9;4.0
73;2021-03-12;2015;523;36230;17915;8.4;4.1
73;2021-03-13;1174;196;37404;18111;8.6;4.2
73;2021-03-14;65;3;37469;18114;8.7;4.2
73;2021-03-15;1180;385;38649;18499;8.9;4.3
73;2021-03-16;791;397;39440;18896;9.1;4.4
73;2021-03-17;876;468;40316;19364;9.3;4.5
73;2021-03-18;1347;253;41663;19617;9.6;4.5
73;2021-03-19;1761;377;43424;19994;10.0;4.6
73;2021-03-20;886;121;44310;20115;10.2;4.7
73;2021-03-21;123;2;44433;20117;10.3;4.7
73;2021-03-22;1180;389;45613;20506;10.5;4.7
73;2021-03-23;1442;222;47055;20728;10.9;4.8
73;2021-03-24;1588;339;48643;21067;11.2;4.9
73;2021-03-25;2051;375;50694;21442;11.7;5.0
73;2021-03-26;2468;348;53162;21790;12.3;5.0
73;2021-03-27;886;141;54048;21931;12.5;5.1
73;2021-03-28;308;10;54356;21941;12.6;5.1
73;2021-03-29;1506;226;55862;22167;12.9;5.1
73;2021-03-30;2082;468;57944;22635;13.4;5.2
73;2021-03-31;2088;379;60032;23014;13.9;5.3
73;2021-04-01;2074;317;62106;23331;14.4;5.4
73;2021-04-02;2323;197;64429;23528;14.9;5.4
73;2021-04-03;848;140;65277;23668;15.1;5.5
73;2021-04-04;187;14;65464;23682;15.1;5.5
73;2021-04-05;208;22;65672;23704;15.2;5.5
73;2021-04-06;1500;486;67172;24190;15.5;5.6
73;2021-04-07;1939;627;69111;24817;16.0;5.7
73;2021-04-08;2485;799;71596;25616;16.6;5.9
73;2021-04-09;3057;479;74653;26095;17.3;6.0
73;2021-04-10;1131;304;75784;26399;17.5;6.1
73;2021-04-11;163;8;75947;26407;17.6;6.1
73;2021-04-12;1698;969;77645;27376;18.0;6.3
73;2021-04-13;1889;1120;79534;28496;18.4;6.6
73;2021-04-14;2016;1077;81550;29573;18.9;6.8
73;2021-04-15;2413;1156;83963;30729;19.4;7.1
73;2021-04-16;1890;913;85853;31642;19.8;7.3
73;2021-04-17;1173;547;87026;32189;20.1;7.4
73;2021-04-18;155;74;87181;32263;20.2;7.5
73;2021-04-19;1378;1047;88559;33310;20.5;7.7
73;2021-04-20;1789;1298;90348;34608;20.9;8.0
73;2021-04-21;1573;1291;91921;35899;21.3;8.3
73;2021-04-22;1809;1216;93730;37115;21.7;8.6
73;2021-04-23;1882;1238;95612;38353;22.1;8.9
73;2021-04-24;980;667;96592;39020;22.3;9.0
73;2021-04-25;79;97;96671;39117;22.3;9.0
73;2021-04-26;1164;1315;97835;40432;22.6;9.3
73;2021-04-27;1441;1461;99276;41893;23.0;9.7
73;2021-04-28;1733;1457;101009;43350;23.4;10.0
73;2021-04-29;2408;1557;103417;44907;23.9;10.4
73;2021-04-30;2391;1429;105808;46336;24.5;10.7
73;2021-05-01;1066;302;106874;46638;24.7;10.8
73;2021-05-02;34;164;106908;46802;24.7;10.8
73;2021-05-03;1396;1593;108304;48395;25.0;11.2
73;2021-05-04;1706;1825;110010;50220;25.4;11.6
73;2021-05-05;1967;1681;111977;51901;25.9;12.0
73;2021-05-06;2426;1702;114403;53603;26.4;12.4
73;2021-05-07;2258;1847;116661;55450;27.0;12.8
73;2021-05-08;1835;369;118496;55819;27.4;12.9
73;2021-05-09;127;121;118623;55940;27.4;12.9
73;2021-05-10;1606;1880;120229;57820;27.8;13.4
73;2021-05-11;2379;2361;122608;60181;28.3;13.9
73;2021-05-12;3546;2081;126154;62262;29.2;14.4
73;2021-05-13;1554;272;127708;62534;29.5;14.5
73;2021-05-14;1583;1491;129291;64025;29.9;14.8
73;2021-05-15;1441;942;130732;64967;30.2;15.0
73;2021-05-16;131;62;130863;65029;30.3;15.0
73;2021-05-17;1704;1949;132567;66978;30.6;15.5
73;2021-05-18;2495;1733;135062;68711;31.2;15.9
73;2021-05-19;2538;1625;137600;70336;31.8;16.3
73;2021-05-20;3160;1496;140760;71832;32.5;16.6
73;2021-05-21;2471;1847;143231;73679;33.1;17.0
73;2021-05-22;1990;923;145221;74602;33.6;17.2
73;2021-05-23;210;14;145431;74616;33.6;17.3
73;2021-05-24;2563;326;147994;74942;34.2;17.3
73;2021-05-25;2137;1738;150131;76680;34.7;17.7
73;2021-05-26;2342;1999;152473;78679;35.2;18.2
73;2021-05-27;3079;1714;155552;80393;36.0;18.6
73;2021-05-28;2917;2370;158469;82763;36.6;19.1
73;2021-05-29;2317;1321;160786;84084;37.2;19.4
73;2021-05-30;185;14;160971;84098;37.2;19.4
73;2021-05-31;2405;1623;163376;85721;37.8;19.8
73;2021-06-01;3163;1786;166539;87507;38.5;20.2
73;2021-06-02;3069;1456;169608;88963;39.2;20.6
73;2021-06-03;4375;1740;173983;90703;40.2;21.0
73;2021-06-04;4240;2179;178223;92882;41.2;21.5
73;2021-06-05;3130;1275;181353;94157;41.9;21.8
73;2021-06-06;1873;295;183226;94452;42.4;21.8
73;2021-06-07;2738;2146;185964;96598;43.0;22.3
73;2021-06-08;2670;1875;188634;98473;43.6;22.8
73;2021-06-09;2342;1779;190976;100252;44.2;23.2
73;2021-06-10;1932;1648;192908;101900;44.6;23.6
73;2021-06-11;2145;2439;195053;104339;45.1;24.1
73;2021-06-12;2226;1332;197279;105671;45.6;24.4
73;2021-06-13;44;82;197323;105753;45.6;24.4
73;2021-06-14;1342;2936;198665;108689;45.9;25.1
73;2021-06-15;1581;2755;200246;111444;46.3;25.8
73;2021-06-16;1455;2570;201701;114014;46.6;26.4
73;2021-06-17;925;1730;202626;115744;46.8;26.8
73;2021-06-18;1844;2937;204470;118681;47.3;27.4
73;2021-06-19;1404;1993;205874;120674;47.6;27.9
73;2021-06-20;442;306;206316;120980;47.7;28.0
73;2021-06-21;1104;2943;207420;123923;48.0;28.6
73;2021-06-22;1077;2878;208497;126801;48.2;29.3
73;2021-06-23;1074;3137;209571;129938;48.5;30.0
73;2021-06-24;871;1799;210442;131737;48.7;30.5
73;2021-06-25;1248;2802;211690;134539;48.9;31.1
73;2021-06-26;930;2401;212620;136940;49.2;31.7
73;2021-06-27;318;548;212938;137488;49.2;31.8
73;2021-06-28;954;3564;213892;141052;49.4;32.6
73;2021-06-29;1047;3338;214939;144390;49.7;33.4
73;2021-06-30;1156;3127;216095;147517;50.0;34.1
73;2021-07-01;1124;2358;217219;149875;50.2;34.6
73;2021-07-02;1195;3620;218414;153495;50.5;35.5
73;2021-07-03;949;2792;219363;156287;50.7;36.1
73;2021-07-04;300;617;219663;156904;50.8;36.3
73;2021-07-05;1140;3680;220803;160584;51.0;37.1
73;2021-07-06;1231;2946;222034;163530;51.3;37.8
73;2021-07-07;1419;2948;223453;166478;51.7;38.5
73;2021-07-08;1359;2294;224812;168772;52.0;39.0
73;2021-07-09;1410;4016;226222;172788;52.3;39.9
73;2021-07-10;879;3011;227101;175799;52.5;40.6
73;2021-07-11;560;1466;227661;177265;52.6;41.0
73;2021-07-12;1052;4203;228713;181468;52.9;42.0
73;2021-07-13;1715;4223;230428;185691;53.3;42.9
73;2021-07-14;1833;1895;232261;187586;53.7;43.4
73;2021-07-15;2714;3778;234975;191364;54.3;44.2
74;2020-12-27;1;0;1;0;0.0;0.0
74;2020-12-28;1;0;2;0;0.0;0.0
74;2020-12-29;0;0;2;0;0.0;0.0
74;2020-12-30;0;0;2;0;0.0;0.0
74;2020-12-31;0;0;2;0;0.0;0.0
74;2021-01-01;0;0;2;0;0.0;0.0
74;2021-01-02;1;1;3;1;0.0;0.0
74;2021-01-03;0;0;3;1;0.0;0.0
74;2021-01-04;0;0;3;1;0.0;0.0
74;2021-01-05;0;0;3;1;0.0;0.0
74;2021-01-06;43;0;46;1;0.0;0.0
74;2021-01-07;217;0;263;1;0.0;0.0
74;2021-01-08;291;0;554;1;0.1;0.0
74;2021-01-09;78;0;632;1;0.1;0.0
74;2021-01-10;73;0;705;1;0.1;0.0
74;2021-01-11;372;0;1077;1;0.1;0.0
74;2021-01-12;402;3;1479;4;0.2;0.0
74;2021-01-13;396;0;1875;4;0.2;0.0
74;2021-01-14;455;1;2330;5;0.3;0.0
74;2021-01-15;637;4;2967;9;0.4;0.0
74;2021-01-16;245;1;3212;10;0.4;0.0
74;2021-01-17;129;0;3341;10;0.4;0.0
74;2021-01-18;521;0;3862;10;0.5;0.0
74;2021-01-19;807;2;4669;12;0.6;0.0
74;2021-01-20;1274;4;5943;16;0.7;0.0
74;2021-01-21;1535;1;7478;17;0.9;0.0
74;2021-01-22;1207;6;8685;23;1.0;0.0
74;2021-01-23;342;0;9027;23;1.1;0.0
74;2021-01-24;89;0;9116;23;1.1;0.0
74;2021-01-25;792;2;9908;25;1.2;0.0
74;2021-01-26;1332;8;11240;33;1.4;0.0
74;2021-01-27;1070;10;12310;43;1.5;0.0
74;2021-01-28;982;29;13292;72;1.6;0.0
74;2021-01-29;872;42;14164;114;1.7;0.0
74;2021-01-30;302;1;14466;115;1.7;0.0
74;2021-01-31;84;0;14550;115;1.8;0.0
74;2021-02-01;620;44;15170;159;1.8;0.0
74;2021-02-02;639;155;15809;314;1.9;0.0
74;2021-02-03;596;123;16405;437;2.0;0.1
74;2021-02-04;609;135;17014;572;2.1;0.1
74;2021-02-05;542;227;17556;799;2.1;0.1
74;2021-02-06;266;140;17822;939;2.2;0.1
74;2021-02-07;93;127;17915;1066;2.2;0.1
74;2021-02-08;611;351;18526;1417;2.2;0.2
74;2021-02-09;534;534;19060;1951;2.3;0.2
74;2021-02-10;682;523;19742;2474;2.4;0.3
74;2021-02-11;1052;1016;20794;3490;2.5;0.4
74;2021-02-12;901;615;21695;4105;2.6;0.5
74;2021-02-13;400;239;22095;4344;2.7;0.5
74;2021-02-14;313;109;22408;4453;2.7;0.5
74;2021-02-15;274;854;22682;5307;2.7;0.6
74;2021-02-16;485;1070;23167;6377;2.8;0.8
74;2021-02-17;527;1112;23694;7489;2.9;0.9
74;2021-02-18;470;993;24164;8482;2.9;1.0
74;2021-02-19;615;652;24779;9134;3.0;1.1
74;2021-02-20;114;192;24893;9326;3.0;1.1
74;2021-02-21;46;62;24939;9388;3.0;1.1
74;2021-02-22;315;785;25254;10173;3.0;1.2
74;2021-02-23;299;824;25553;10997;3.1;1.3
74;2021-02-24;239;678;25792;11675;3.1;1.4
74;2021-02-25;516;748;26308;12423;3.2;1.5
74;2021-02-26;966;689;27274;13112;3.3;1.6
74;2021-02-27;253;185;27527;13297;3.3;1.6
74;2021-02-28;123;67;27650;13364;3.3;1.6
74;2021-03-01;716;624;28366;13988;3.4;1.7
74;2021-03-02;1083;664;29449;14652;3.6;1.8
74;2021-03-03;1009;628;30458;15280;3.7;1.8
74;2021-03-04;1596;999;32054;16279;3.9;2.0
74;2021-03-05;2078;879;34132;17158;4.1;2.1
74;2021-03-06;1743;301;35875;17459;4.3;2.1
74;2021-03-07;1382;96;37257;17555;4.5;2.1
74;2021-03-08;1190;949;38447;18504;4.6;2.2
74;2021-03-09;1920;644;40367;19148;4.9;2.3
74;2021-03-10;1736;882;42103;20030;5.1;2.4
74;2021-03-11;2433;678;44536;20708;5.4;2.5
74;2021-03-12;3231;973;47767;21681;5.8;2.6
74;2021-03-13;1986;253;49753;21934;6.0;2.6
74;2021-03-14;601;96;50354;22030;6.1;2.7
74;2021-03-15;2112;528;52466;22558;6.3;2.7
74;2021-03-16;1946;385;54412;22943;6.6;2.8
74;2021-03-17;1963;287;56375;23230;6.8;2.8
74;2021-03-18;2122;298;58497;23528;7.1;2.8
74;2021-03-19;2614;279;61111;23807;7.4;2.9
74;2021-03-20;1372;83;62483;23890;7.5;2.9
74;2021-03-21;285;29;62768;23919;7.6;2.9
74;2021-03-22;2036;320;64804;24239;7.8;2.9
74;2021-03-23;2708;301;67512;24540;8.1;3.0
74;2021-03-24;2925;277;70437;24817;8.5;3.0
74;2021-03-25;3860;267;74297;25084;9.0;3.0
74;2021-03-26;4085;371;78382;25455;9.5;3.1
74;2021-03-27;1935;229;80317;25684;9.7;3.1
74;2021-03-28;434;73;80751;25757;9.7;3.1
74;2021-03-29;3022;690;83773;26447;10.1;3.2
74;2021-03-30;3533;722;87306;27169;10.5;3.3
74;2021-03-31;3128;698;90434;27867;10.9;3.4
74;2021-04-01;4200;828;94634;28695;11.4;3.5
74;2021-04-02;3674;750;98308;29445;11.9;3.6
74;2021-04-03;1688;517;99996;29962;12.1;3.6
74;2021-04-04;235;119;100231;30081;12.1;3.6
74;2021-04-05;430;13;100661;30094;12.2;3.6
74;2021-04-06;2611;1166;103272;31260;12.5;3.8
74;2021-04-07;3157;1191;106429;32451;12.8;3.9
74;2021-04-08;3836;1146;110265;33597;13.3;4.1
74;2021-04-09;4078;1133;114343;34730;13.8;4.2
74;2021-04-10;1939;1016;116282;35746;14.0;4.3
74;2021-04-11;251;184;116533;35930;14.1;4.3
74;2021-04-12;2695;1741;119228;37671;14.4;4.5
74;2021-04-13;3089;2057;122317;39728;14.8;4.8
74;2021-04-14;2878;1916;125195;41644;15.1;5.0
74;2021-04-15;3410;1834;128605;43478;15.5;5.2
74;2021-04-16;3365;1698;131970;45176;15.9;5.5
74;2021-04-17;1921;1018;133891;46194;16.2;5.6
74;2021-04-18;215;203;134106;46397;16.2;5.6
74;2021-04-19;2093;2064;136199;48461;16.4;5.8
74;2021-04-20;3053;2382;139252;50843;16.8;6.1
74;2021-04-21;2453;2357;141705;53200;17.1;6.4
74;2021-04-22;2614;2278;144319;55478;17.4;6.7
74;2021-04-23;2545;2217;146864;57695;17.7;7.0
74;2021-04-24;1481;1527;148345;59222;17.9;7.1
74;2021-04-25;222;147;148567;59369;17.9;7.2
74;2021-04-26;2383;2432;150950;61801;18.2;7.5
74;2021-04-27;3250;2859;154200;64660;18.6;7.8
74;2021-04-28;3447;2582;157647;67242;19.0;8.1
74;2021-04-29;3904;2620;161551;69862;19.5;8.4
74;2021-04-30;4073;2166;165624;72028;20.0;8.7
74;2021-05-01;2110;340;167734;72368;20.2;8.7
74;2021-05-02;202;233;167936;72601;20.3;8.8
74;2021-05-03;2592;2965;170528;75566;20.6;9.1
74;2021-05-04;3215;3050;173743;78616;21.0;9.5
74;2021-05-05;3391;2984;177134;81600;21.4;9.9
74;2021-05-06;3845;2581;180979;84181;21.8;10.2
74;2021-05-07;3595;3510;184574;87691;22.3;10.6
74;2021-05-08;1152;813;185726;88504;22.4;10.7
74;2021-05-09;191;248;185917;88752;22.4;10.7
74;2021-05-10;3470;3124;189387;91876;22.9;11.1
74;2021-05-11;4311;3411;193698;95287;23.4;11.5
74;2021-05-12;5284;2939;198982;98226;24.0;11.9
74;2021-05-13;2352;939;201334;99165;24.3;12.0
74;2021-05-14;5937;2367;207271;101532;25.0;12.3
74;2021-05-15;4510;1836;211781;103368;25.6;12.5
74;2021-05-16;2996;326;214777;103694;25.9;12.5
74;2021-05-17;5388;2849;220165;106543;26.6;12.9
74;2021-05-18;6760;2772;226925;109315;27.4;13.2
74;2021-05-19;6215;2276;233140;111591;28.1;13.5
74;2021-05-20;6618;2509;239758;114100;28.9;13.8
74;2021-05-21;6513;2968;246271;117068;29.7;14.1
74;2021-05-22;5286;1559;251557;118627;30.4;14.3
74;2021-05-23;2047;279;253604;118906;30.6;14.4
74;2021-05-24;2355;655;255959;119561;30.9;14.4
74;2021-05-25;5060;3319;261019;122880;31.5;14.8
74;2021-05-26;5232;2549;266251;125429;32.1;15.1
74;2021-05-27;5989;2973;272240;128402;32.9;15.5
74;2021-05-28;5657;3572;277897;131974;33.5;15.9
74;2021-05-29;3787;2137;281684;134111;34.0;16.2
74;2021-05-30;483;306;282167;134417;34.1;16.2
74;2021-05-31;5061;3550;287228;137967;34.7;16.7
74;2021-06-01;4912;3714;292140;141681;35.3;17.1
74;2021-06-02;5243;3188;297383;144869;35.9;17.5
74;2021-06-03;6874;3233;304257;148102;36.7;17.9
74;2021-06-04;6869;4414;311126;152516;37.6;18.4
74;2021-06-05;4578;2704;315704;155220;38.1;18.7
74;2021-06-06;121;113;315825;155333;38.1;18.8
74;2021-06-07;4978;4136;320803;159469;38.7;19.3
74;2021-06-08;4960;3939;325763;163408;39.3;19.7
74;2021-06-09;5030;3480;330793;166888;39.9;20.1
74;2021-06-10;5041;2850;335834;169738;40.5;20.5
74;2021-06-11;5157;3783;340991;173521;41.2;20.9
74;2021-06-12;3540;2371;344531;175892;41.6;21.2
74;2021-06-13;116;87;344647;175979;41.6;21.2
74;2021-06-14;3544;4484;348191;180463;42.0;21.8
74;2021-06-15;3629;3893;351820;184356;42.5;22.3
74;2021-06-16;4754;3103;356574;187459;43.0;22.6
74;2021-06-17;3768;2938;360342;190397;43.5;23.0
74;2021-06-18;4062;4663;364404;195060;44.0;23.5
74;2021-06-19;2963;3102;367367;198162;44.3;23.9
74;2021-06-20;114;97;367481;198259;44.4;23.9
74;2021-06-21;2364;5431;369845;203690;44.6;24.6
74;2021-06-22;2441;5320;372286;209010;44.9;25.2
74;2021-06-23;2894;4617;375180;213627;45.3;25.8
74;2021-06-24;2807;4630;377987;218257;45.6;26.3
74;2021-06-25;2871;6765;380858;225022;46.0;27.2
74;2021-06-26;1671;5392;382529;230414;46.2;27.8
74;2021-06-27;60;1665;382589;232079;46.2;28.0
74;2021-06-28;1883;7224;384472;239303;46.4;28.9
74;2021-06-29;2259;7416;386731;246719;46.7;29.8
74;2021-06-30;2685;6539;389416;253258;47.0;30.6
74;2021-07-01;2953;5380;392369;258638;47.4;31.2
74;2021-07-02;2963;6619;395332;265257;47.7;32.0
74;2021-07-03;1682;5080;397014;270337;47.9;32.6
74;2021-07-04;77;1021;397091;271358;47.9;32.8
74;2021-07-05;2019;6833;399110;278191;48.2;33.6
74;2021-07-06;2535;6480;401645;284671;48.5;34.4
74;2021-07-07;2903;5428;404548;290099;48.8;35.0
74;2021-07-08;3735;4881;408283;294980;49.3;35.6
74;2021-07-09;2576;6952;410859;301932;49.6;36.4
74;2021-07-10;1589;5117;412448;307049;49.8;37.1
74;2021-07-11;69;141;412517;307190;49.8;37.1
74;2021-07-12;2037;7888;414554;315078;50.0;38.0
74;2021-07-13;3882;7535;418436;322613;50.5;38.9
74;2021-07-14;1951;2216;420387;324829;50.7;39.2
74;2021-07-15;3513;6802;423900;331631;51.2;40.0
75;2020-12-27;0;0;0;0;0.0;0.0
75;2020-12-28;4;0;4;0;0.0;0.0
75;2020-12-29;5;0;9;0;0.0;0.0
75;2020-12-30;25;0;34;0;0.0;0.0
75;2020-12-31;22;0;56;0;0.0;0.0
75;2021-01-01;13;0;69;0;0.0;0.0
75;2021-01-02;51;1;120;1;0.0;0.0
75;2021-01-03;76;0;196;1;0.0;0.0
75;2021-01-04;274;1;470;2;0.0;0.0
75;2021-01-05;844;13;1314;15;0.1;0.0
75;2021-01-06;1325;15;2639;30;0.1;0.0
75;2021-01-07;2047;16;4686;46;0.2;0.0
75;2021-01-08;2839;28;7525;74;0.4;0.0
75;2021-01-09;1081;3;8606;77;0.4;0.0
75;2021-01-10;1088;4;9694;81;0.5;0.0
75;2021-01-11;3044;45;12738;126;0.6;0.0
75;2021-01-12;3442;52;16180;178;0.8;0.0
75;2021-01-13;3513;43;19693;221;0.9;0.0
75;2021-01-14;3550;56;23243;277;1.1;0.0
75;2021-01-15;3259;43;26502;320;1.2;0.0
75;2021-01-16;1107;16;27609;336;1.3;0.0
75;2021-01-17;525;13;28134;349;1.3;0.0
75;2021-01-18;3199;74;31333;423;1.5;0.0
75;2021-01-19;3818;49;35151;472;1.6;0.0
75;2021-01-20;4340;66;39491;538;1.8;0.0
75;2021-01-21;4839;79;44330;617;2.1;0.0
75;2021-01-22;4514;78;48844;695;2.3;0.0
75;2021-01-23;1720;16;50564;711;2.4;0.0
75;2021-01-24;714;6;51278;717;2.4;0.0
75;2021-01-25;1654;24;52932;741;2.5;0.0
75;2021-01-26;2508;84;55440;825;2.6;0.0
75;2021-01-27;3047;157;58487;982;2.7;0.0
75;2021-01-28;4714;244;63201;1226;2.9;0.1
75;2021-01-29;3986;263;67187;1489;3.1;0.1
75;2021-01-30;1335;33;68522;1522;3.2;0.1
75;2021-01-31;186;3;68708;1525;3.2;0.1
75;2021-02-01;1585;382;70293;1907;3.3;0.1
75;2021-02-02;2101;652;72394;2559;3.4;0.1
75;2021-02-03;1843;685;74237;3244;3.5;0.2
75;2021-02-04;2094;1132;76331;4376;3.6;0.2
75;2021-02-05;2160;871;78491;5247;3.7;0.2
75;2021-02-06;1048;90;79539;5337;3.7;0.2
75;2021-02-07;157;6;79696;5343;3.7;0.2
75;2021-02-08;1213;1470;80909;6813;3.8;0.3
75;2021-02-09;1721;2380;82630;9193;3.8;0.4
75;2021-02-10;2360;2383;84990;11576;4.0;0.5
75;2021-02-11;2885;6482;87875;18058;4.1;0.8
75;2021-02-12;3067;2410;90942;20468;4.2;1.0
75;2021-02-13;824;1063;91766;21531;4.3;1.0
75;2021-02-14;179;42;91945;21573;4.3;1.0
75;2021-02-15;965;2476;92910;24049;4.3;1.1
75;2021-02-16;1410;6571;94320;30620;4.4;1.4
75;2021-02-17;1280;3234;95600;33854;4.5;1.6
75;2021-02-18;1721;5865;97321;39719;4.5;1.8
75;2021-02-19;2172;4139;99493;43858;4.6;2.0
75;2021-02-20;457;1692;99950;45550;4.7;2.1
75;2021-02-21;168;156;100118;45706;4.7;2.1
75;2021-02-22;1176;1929;101294;47635;4.7;2.2
75;2021-02-23;1404;2725;102698;50360;4.8;2.3
75;2021-02-24;1601;2340;104299;52700;4.9;2.5
75;2021-02-25;2702;5347;107001;58047;5.0;2.7
75;2021-02-26;3300;2721;110301;60768;5.1;2.8
75;2021-02-27;1364;932;111665;61700;5.2;2.9
75;2021-02-28;297;141;111962;61841;5.2;2.9
75;2021-03-01;2518;1667;114480;63508;5.3;3.0
75;2021-03-02;4091;2166;118571;65674;5.5;3.1
75;2021-03-03;5330;2291;123901;67965;5.8;3.2
75;2021-03-04;7904;2517;131805;70482;6.1;3.3
75;2021-03-05;10422;2648;142227;73130;6.6;3.4
75;2021-03-06;10985;984;153212;74114;7.1;3.4
75;2021-03-07;9424;1464;162636;75578;7.6;3.5
75;2021-03-08;5802;1515;168438;77093;7.8;3.6
75;2021-03-09;7418;2049;175856;79142;8.2;3.7
75;2021-03-10;7367;2043;183223;81185;8.5;3.8
75;2021-03-11;10210;2434;193433;83619;9.0;3.9
75;2021-03-12;11944;2426;205377;86045;9.6;4.0
75;2021-03-13;8484;703;213861;86748;10.0;4.0
75;2021-03-14;4122;207;217983;86955;10.1;4.0
75;2021-03-15;7356;916;225339;87871;10.5;4.1
75;2021-03-16;5055;651;230394;88522;10.7;4.1
75;2021-03-17;5331;800;235725;89322;11.0;4.2
75;2021-03-18;6487;830;242212;90152;11.3;4.2
75;2021-03-19;9600;904;251812;91056;11.7;4.2
75;2021-03-20;5833;567;257645;91623;12.0;4.3
75;2021-03-21;1521;425;259166;92048;12.1;4.3
75;2021-03-22;8477;971;267643;93019;12.5;4.3
75;2021-03-23;10811;1174;278454;94193;13.0;4.4
75;2021-03-24;10809;1254;289263;95447;13.5;4.4
75;2021-03-25;14057;1410;303320;96857;14.1;4.5
75;2021-03-26;13824;1577;317144;98434;14.8;4.6
75;2021-03-27;7198;736;324342;99170;15.1;4.6
75;2021-03-28;1716;136;326058;99306;15.2;4.6
75;2021-03-29;7839;2144;333897;101450;15.5;4.7
75;2021-03-30;10780;3119;344677;104569;16.0;4.9
75;2021-03-31;9603;3508;354280;108077;16.5;5.0
75;2021-04-01;10539;5092;364819;113169;17.0;5.3
75;2021-04-02;8923;5449;373742;118618;17.4;5.5
75;2021-04-03;4057;4863;377799;123481;17.6;5.7
75;2021-04-04;1373;1470;379172;124951;17.7;5.8
75;2021-04-05;2155;1416;381327;126367;17.8;5.9
75;2021-04-06;6771;4223;388098;130590;18.1;6.1
75;2021-04-07;7957;4337;396055;134927;18.4;6.3
75;2021-04-08;10945;4052;407000;138979;18.9;6.5
75;2021-04-09;12069;4439;419069;143418;19.5;6.7
75;2021-04-10;5765;4239;424834;147657;19.8;6.9
75;2021-04-11;1878;1775;426712;149432;19.9;7.0
75;2021-04-12;7380;3698;434092;153130;20.2;7.1
75;2021-04-13;8449;6799;442541;159929;20.6;7.4
75;2021-04-14;8182;5139;450723;165068;21.0;7.7
75;2021-04-15;8781;6079;459504;171147;21.4;8.0
75;2021-04-16;9248;5993;468752;177140;21.8;8.2
75;2021-04-17;4766;3614;473518;180754;22.0;8.4
75;2021-04-18;1622;862;475140;181616;22.1;8.5
75;2021-04-19;5484;4869;480624;186485;22.4;8.7
75;2021-04-20;6380;5891;487004;192376;22.7;9.0
75;2021-04-21;6758;5522;493762;197898;23.0;9.2
75;2021-04-22;7431;5842;501193;203740;23.3;9.5
75;2021-04-23;8192;5963;509385;209703;23.7;9.8
75;2021-04-24;6110;3301;515495;213004;24.0;9.9
75;2021-04-25;2921;724;518416;213728;24.1;9.9
75;2021-04-26;6937;4666;525353;218394;24.5;10.2
75;2021-04-27;10516;6315;535869;224709;24.9;10.5
75;2021-04-28;12109;5959;547978;230668;25.5;10.7
75;2021-04-29;13672;6236;561650;236904;26.1;11.0
75;2021-04-30;13558;6095;575208;242999;26.8;11.3
75;2021-05-01;5024;1293;580232;244292;27.0;11.4
75;2021-05-02;2342;768;582574;245060;27.1;11.4
75;2021-05-03;10202;13535;592776;258595;27.6;12.0
75;2021-05-04;11087;8040;603863;266635;28.1;12.4
75;2021-05-05;13434;6670;617297;273305;28.7;12.7
75;2021-05-06;13911;8144;631208;281449;29.4;13.1
75;2021-05-07;13885;8548;645093;289997;30.0;13.5
75;2021-05-08;10002;5517;655095;295514;30.5;13.8
75;2021-05-09;3768;3192;658863;298706;30.7;13.9
75;2021-05-10;14227;6694;673090;305400;31.3;14.2
75;2021-05-11;16761;8390;689851;313790;32.1;14.6
75;2021-05-12;17850;8108;707701;321898;32.9;15.0
75;2021-05-13;13541;2477;721242;324375;33.6;15.1
75;2021-05-14;18293;5096;739535;329471;34.4;15.3
75;2021-05-15;12233;2620;751768;332091;35.0;15.5
75;2021-05-16;3807;757;755575;332848;35.2;15.5
75;2021-05-17;15896;4604;771471;337452;35.9;15.7
75;2021-05-18;19037;5242;790508;342694;36.8;16.0
75;2021-05-19;20616;10621;811124;353315;37.8;16.4
75;2021-05-20;21461;8560;832585;361875;38.8;16.8
75;2021-05-21;20933;6440;853518;368315;39.7;17.1
75;2021-05-22;15883;3279;869401;371594;40.5;17.3
75;2021-05-23;5576;1313;874977;372907;40.7;17.4
75;2021-05-24;15590;2530;890567;375437;41.5;17.5
75;2021-05-25;17939;9538;908506;384975;42.3;17.9
75;2021-05-26;18748;8105;927254;393080;43.2;18.3
75;2021-05-27;20057;9743;947311;402823;44.1;18.8
75;2021-05-28;19235;10784;966546;413607;45.0;19.3
75;2021-05-29;16055;5787;982601;419394;45.7;19.5
75;2021-05-30;6997;2113;989598;421507;46.1;19.6
75;2021-05-31;18019;9382;1007617;430889;46.9;20.1
75;2021-06-01;18435;12913;1026052;443802;47.8;20.7
75;2021-06-02;17947;10212;1043999;454014;48.6;21.1
75;2021-06-03;20014;11903;1064013;465917;49.5;21.7
75;2021-06-04;17839;12812;1081852;478729;50.4;22.3
75;2021-06-05;11859;9602;1093711;488331;50.9;22.7
75;2021-06-06;6636;3140;1100347;491471;51.2;22.9
75;2021-06-07;13737;11780;1114084;503251;51.9;23.4
75;2021-06-08;14586;13928;1128670;517179;52.5;24.1
75;2021-06-09;16292;15219;1144962;532398;53.3;24.8
75;2021-06-10;17977;26298;1162939;558696;54.1;26.0
75;2021-06-11;14956;16431;1177895;575127;54.8;26.8
75;2021-06-12;13057;9972;1190952;585099;55.4;27.2
75;2021-06-13;6200;3778;1197152;588877;55.7;27.4
75;2021-06-14;11506;15405;1208658;604282;56.3;28.1
75;2021-06-15;12267;19484;1220925;623766;56.8;29.0
75;2021-06-16;11888;17173;1232813;640939;57.4;29.8
75;2021-06-17;12420;17622;1245233;658561;58.0;30.7
75;2021-06-18;9862;22594;1255095;681155;58.4;31.7
75;2021-06-19;7390;11831;1262485;692986;58.8;32.3
75;2021-06-20;2759;5485;1265244;698471;58.9;32.5
75;2021-06-21;8231;16322;1273475;714793;59.3;33.3
75;2021-06-22;8537;21787;1282012;736580;59.7;34.3
75;2021-06-23;9978;21414;1291990;757994;60.1;35.3
75;2021-06-24;11063;20594;1303053;778588;60.7;36.2
75;2021-06-25;9146;24677;1312199;803265;61.1;37.4
75;2021-06-26;7815;15400;1320014;818665;61.4;38.1
75;2021-06-27;2645;6327;1322659;824992;61.6;38.4
75;2021-06-28;8186;20080;1330845;845072;61.9;39.3
75;2021-06-29;9043;23802;1339888;868874;62.4;40.4
75;2021-06-30;9696;23548;1349584;892422;62.8;41.5
75;2021-07-01;10698;23339;1360282;915761;63.3;42.6
75;2021-07-02;10042;24663;1370324;940424;63.8;43.8
75;2021-07-03;7634;19777;1377958;960201;64.1;44.7
75;2021-07-04;3808;9542;1381766;969743;64.3;45.1
75;2021-07-05;8667;21495;1390433;991238;64.7;46.1
75;2021-07-06;9675;23936;1400108;1015174;65.2;47.3
75;2021-07-07;9661;25016;1409769;1040190;65.6;48.4
75;2021-07-08;10265;24941;1420034;1065131;66.1;49.6
75;2021-07-09;10153;23928;1430187;1089059;66.6;50.7
75;2021-07-10;7739;18476;1437926;1107535;66.9;51.6
75;2021-07-11;4297;8517;1442223;1116052;67.1;52.0
75;2021-07-12;9071;22968;1451294;1139020;67.6;53.0
75;2021-07-13;13742;24607;1465036;1163627;68.2;54.2
75;2021-07-14;8038;9619;1473074;1173246;68.6;54.6
75;2021-07-15;14366;25376;1487440;1198622;69.2;55.8
76;2020-12-27;0;0;0;0;0.0;0.0
76;2020-12-28;0;0;0;0;0.0;0.0
76;2020-12-29;0;0;0;0;0.0;0.0
76;2020-12-30;0;0;0;0;0.0;0.0
76;2020-12-31;0;0;0;0;0.0;0.0
76;2021-01-01;0;0;0;0;0.0;0.0
76;2021-01-02;0;0;0;0;0.0;0.0
76;2021-01-03;0;0;0;0;0.0;0.0
76;2021-01-04;16;0;16;0;0.0;0.0
76;2021-01-05;138;0;154;0;0.0;0.0
76;2021-01-06;682;2;836;2;0.1;0.0
76;2021-01-07;1355;6;2191;8;0.2;0.0
76;2021-01-08;1535;0;3726;8;0.3;0.0
76;2021-01-09;736;1;4462;9;0.4;0.0
76;2021-01-10;492;1;4954;10;0.4;0.0
76;2021-01-11;1358;2;6312;12;0.5;0.0
76;2021-01-12;1357;0;7669;12;0.6;0.0
76;2021-01-13;1187;3;8856;15;0.7;0.0
76;2021-01-14;2166;20;11022;35;0.9;0.0
76;2021-01-15;1909;4;12931;39;1.0;0.0
76;2021-01-16;985;3;13916;42;1.1;0.0
76;2021-01-17;2893;18;16809;60;1.4;0.0
76;2021-01-18;4384;13;21193;73;1.7;0.0
76;2021-01-19;3012;7;24205;80;1.9;0.0
76;2021-01-20;2066;8;26271;88;2.1;0.0
76;2021-01-21;1772;4;28043;92;2.3;0.0
76;2021-01-22;1703;4;29746;96;2.4;0.0
76;2021-01-23;449;1;30195;97;2.4;0.0
76;2021-01-24;99;0;30294;97;2.4;0.0
76;2021-01-25;1473;140;31767;237;2.6;0.0
76;2021-01-26;1388;332;33155;569;2.7;0.0
76;2021-01-27;1340;431;34495;1000;2.8;0.1
76;2021-01-28;1283;384;35778;1384;2.9;0.1
76;2021-01-29;1151;463;36929;1847;3.0;0.1
76;2021-01-30;283;304;37212;2151;3.0;0.2
76;2021-01-31;4;99;37216;2250;3.0;0.2
76;2021-02-01;836;817;38052;3067;3.1;0.2
76;2021-02-02;1055;1019;39107;4086;3.1;0.3
76;2021-02-03;915;1002;40022;5088;3.2;0.4
76;2021-02-04;975;1457;40997;6545;3.3;0.5
76;2021-02-05;973;1104;41970;7649;3.4;0.6
76;2021-02-06;258;878;42228;8527;3.4;0.7
76;2021-02-07;467;1660;42695;10187;3.4;0.8
76;2021-02-08;1924;3729;44619;13916;3.6;1.1
76;2021-02-09;1754;2991;46373;16907;3.7;1.4
76;2021-02-10;1488;1816;47861;18723;3.8;1.5
76;2021-02-11;1674;1530;49535;20253;4.0;1.6
76;2021-02-12;1709;1574;51244;21827;4.1;1.8
76;2021-02-13;230;336;51474;22163;4.1;1.8
76;2021-02-14;9;82;51483;22245;4.1;1.8
76;2021-02-15;553;1722;52036;23967;4.2;1.9
76;2021-02-16;742;1635;52778;25602;4.2;2.1
76;2021-02-17;623;1452;53401;27054;4.3;2.2
76;2021-02-18;778;1380;54179;28434;4.4;2.3
76;2021-02-19;868;1341;55047;29775;4.4;2.4
76;2021-02-20;269;292;55316;30067;4.4;2.4
76;2021-02-21;0;0;55316;30067;4.4;2.4
76;2021-02-22;371;1315;55687;31382;4.5;2.5
76;2021-02-23;574;1240;56261;32622;4.5;2.6
76;2021-02-24;597;1198;56858;33820;4.6;2.7
76;2021-02-25;1666;1250;58524;35070;4.7;2.8
76;2021-02-26;2170;1038;60694;36108;4.9;2.9
76;2021-02-27;1106;266;61800;36374;5.0;2.9
76;2021-02-28;27;194;61827;36568;5.0;2.9
76;2021-03-01;823;2108;62650;38676;5.0;3.1
76;2021-03-02;1373;1713;64023;40389;5.1;3.2
76;2021-03-03;1935;1380;65958;41769;5.3;3.4
76;2021-03-04;2797;1084;68755;42853;5.5;3.4
76;2021-03-05;4168;770;72923;43623;5.9;3.5
76;2021-03-06;3360;136;76283;43759;6.1;3.5
76;2021-03-07;1257;26;77540;43785;6.2;3.5
76;2021-03-08;2096;1241;79636;45026;6.4;3.6
76;2021-03-09;3569;1147;83205;46173;6.7;3.7
76;2021-03-10;3590;1036;86795;47209;7.0;3.8
76;2021-03-11;5618;898;92413;48107;7.4;3.9
76;2021-03-12;6816;550;99229;48657;8.0;3.9
76;2021-03-13;4636;102;103865;48759;8.4;3.9
76;2021-03-14;1069;15;104934;48774;8.4;3.9
76;2021-03-15;2913;218;107847;48992;8.7;3.9
76;2021-03-16;2550;390;110397;49382;8.9;4.0
76;2021-03-17;2693;299;113090;49681;9.1;4.0
76;2021-03-18;2995;299;116085;49980;9.3;4.0
76;2021-03-19;4390;402;120475;50382;9.7;4.1
76;2021-03-20;3972;253;124447;50635;10.0;4.1
76;2021-03-21;836;10;125283;50645;10.1;4.1
76;2021-03-22;3984;328;129267;50973;10.4;4.1
76;2021-03-23;5702;308;134969;51281;10.9;4.1
76;2021-03-24;5666;352;140635;51633;11.3;4.2
76;2021-03-25;7504;517;148139;52150;11.9;4.2
76;2021-03-26;8711;531;156850;52681;12.6;4.2
76;2021-03-27;4807;342;161657;53023;13.0;4.3
76;2021-03-28;1020;21;162677;53044;13.1;4.3
76;2021-03-29;5390;790;168067;53834;13.5;4.3
76;2021-03-30;6579;1005;174646;54839;14.0;4.4
76;2021-03-31;6446;1215;181092;56054;14.6;4.5
76;2021-04-01;6774;2006;187866;58060;15.1;4.7
76;2021-04-02;6482;2619;194348;60679;15.6;4.9
76;2021-04-03;2439;1062;196787;61741;15.8;5.0
76;2021-04-04;262;11;197049;61752;15.8;5.0
76;2021-04-05;865;375;197914;62127;15.9;5.0
76;2021-04-06;3554;2769;201468;64896;16.2;5.2
76;2021-04-07;4417;2378;205885;67274;16.6;5.4
76;2021-04-08;5840;2780;211725;70054;17.0;5.6
76;2021-04-09;8792;3041;220517;73095;17.7;5.9
76;2021-04-10;4863;1379;225380;74474;18.1;6.0
76;2021-04-11;812;521;226192;74995;18.2;6.0
76;2021-04-12;4723;2840;230915;77835;18.6;6.3
76;2021-04-13;5915;2857;236830;80692;19.0;6.5
76;2021-04-14;4805;3124;241635;83816;19.4;6.7
76;2021-04-15;5557;3361;247192;87177;19.9;7.0
76;2021-04-16;7350;3419;254542;90596;20.5;7.3
76;2021-04-17;4383;1420;258925;92016;20.8;7.4
76;2021-04-18;339;140;259264;92156;20.8;7.4
76;2021-04-19;3471;3756;262735;95912;21.1;7.7
76;2021-04-20;4339;4279;267074;100191;21.5;8.1
76;2021-04-21;4178;4658;271252;104849;21.8;8.4
76;2021-04-22;4545;5416;275797;110265;22.2;8.9
76;2021-04-23;5430;5903;281227;116168;22.6;9.3
76;2021-04-24;4163;2164;285390;118332;22.9;9.5
76;2021-04-25;881;260;286271;118592;23.0;9.5
76;2021-04-26;4472;4460;290743;123052;23.4;9.9
76;2021-04-27;4993;4988;295736;128040;23.8;10.3
76;2021-04-28;5342;4150;301078;132190;24.2;10.6
76;2021-04-29;6924;4155;308002;136345;24.8;11.0
76;2021-04-30;8213;4618;316215;140963;25.4;11.3
76;2021-05-01;4826;997;321041;141960;25.8;11.4
76;2021-05-02;1842;243;322883;142203;26.0;11.4
76;2021-05-03;4701;3315;327584;145518;26.3;11.7
76;2021-05-04;4817;4547;332401;150065;26.7;12.1
76;2021-05-05;4786;5137;337187;155202;27.1;12.5
76;2021-05-06;5911;5564;343098;160766;27.6;12.9
76;2021-05-07;6138;6751;349236;167517;28.1;13.5
76;2021-05-08;5050;885;354286;168402;28.5;13.5
76;2021-05-09;2534;231;356820;168633;28.7;13.6
76;2021-05-10;4943;5036;361763;173669;29.1;14.0
76;2021-05-11;6513;5665;368276;179334;29.6;14.4
76;2021-05-12;6261;5056;374537;184390;30.1;14.8
76;2021-05-13;8840;1264;383377;185654;30.8;14.9
76;2021-05-14;10402;4660;393779;190314;31.7;15.3
76;2021-05-15;9118;2441;402897;192755;32.4;15.5
76;2021-05-16;6233;472;409130;193227;32.9;15.5
76;2021-05-17;7189;3257;416319;196484;33.5;15.8
76;2021-05-18;8246;2786;424565;199270;34.1;16.0
76;2021-05-19;8306;3163;432871;202433;34.8;16.3
76;2021-05-20;9359;3366;442230;205799;35.6;16.5
76;2021-05-21;7940;4059;450170;209858;36.2;16.9
76;2021-05-22;7142;2342;457312;212200;36.8;17.1
76;2021-05-23;6377;392;463689;212592;37.3;17.1
76;2021-05-24;6664;1521;470353;214113;37.8;17.2
76;2021-05-25;7627;4063;477980;218176;38.4;17.5
76;2021-05-26;7196;3576;485176;221752;39.0;17.8
76;2021-05-27;8184;4675;493360;226427;39.7;18.2
76;2021-05-28;8209;6561;501569;232988;40.3;18.7
76;2021-05-29;6220;3511;507789;236499;40.8;19.0
76;2021-05-30;3146;425;510935;236924;41.1;19.0
76;2021-05-31;8160;3972;519095;240896;41.7;19.4
76;2021-06-01;9089;5006;528184;245902;42.5;19.8
76;2021-06-02;7682;4430;535866;250332;43.1;20.1
76;2021-06-03;9278;5380;545144;255712;43.8;20.6
76;2021-06-04;8964;6651;554108;262363;44.6;21.1
76;2021-06-05;6248;3803;560356;266166;45.1;21.4
76;2021-06-06;2539;645;562895;266811;45.3;21.5
76;2021-06-07;6792;5441;569687;272252;45.8;21.9
76;2021-06-08;8500;6263;578187;278515;46.5;22.4
76;2021-06-09;7032;6076;585219;284591;47.1;22.9
76;2021-06-10;7740;6550;592959;291141;47.7;23.4
76;2021-06-11;7354;8209;600313;299350;48.3;24.1
76;2021-06-12;7140;5860;607453;305210;48.8;24.5
76;2021-06-13;2948;1287;610401;306497;49.1;24.6
76;2021-06-14;6026;6693;616427;313190;49.6;25.2
76;2021-06-15;6065;7451;622492;320641;50.0;25.8
76;2021-06-16;6585;7463;629077;328104;50.6;26.4
76;2021-06-17;6943;7745;636020;335849;51.1;27.0
76;2021-06-18;7404;9183;643424;345032;51.7;27.7
76;2021-06-19;5965;6252;649389;351284;52.2;28.2
76;2021-06-20;2797;1804;652186;353088;52.4;28.4
76;2021-06-21;4904;8135;657090;361223;52.8;29.0
76;2021-06-22;4748;9879;661838;371102;53.2;29.8
76;2021-06-23;4544;9420;666382;380522;53.6;30.6
76;2021-06-24;4637;9906;671019;390428;53.9;31.4
76;2021-06-25;4898;11551;675917;401979;54.3;32.3
76;2021-06-26;3436;7876;679353;409855;54.6;33.0
76;2021-06-27;1358;5167;680711;415022;54.7;33.4
76;2021-06-28;3519;9934;684230;424956;55.0;34.2
76;2021-06-29;3809;10226;688039;435182;55.3;35.0
76;2021-06-30;4189;9840;692228;445022;55.7;35.8
76;2021-07-01;4523;9880;696751;454902;56.0;36.6
76;2021-07-02;4318;12009;701069;466911;56.4;37.5
76;2021-07-03;3579;8438;704648;475349;56.7;38.2
76;2021-07-04;1476;5305;706124;480654;56.8;38.6
76;2021-07-05;3910;9317;710034;489971;57.1;39.4
76;2021-07-06;4020;10072;714054;500043;57.4;40.2
76;2021-07-07;3951;9300;718005;509343;57.7;41.0
76;2021-07-08;4439;9428;722444;518771;58.1;41.7
76;2021-07-09;4316;12376;726760;531147;58.4;42.7
76;2021-07-10;3119;8534;729879;539681;58.7;43.4
76;2021-07-11;1769;2809;731648;542490;58.8;43.6
76;2021-07-12;3119;11134;734767;553624;59.1;44.5
76;2021-07-13;4870;12227;739637;565851;59.5;45.5
76;2021-07-14;4778;5509;744415;571360;59.9;45.9
76;2021-07-15;5794;11726;750209;583086;60.3;46.9
77;2020-12-27;1;0;1;0;0.0;0.0
77;2020-12-28;0;0;1;0;0.0;0.0
77;2020-12-29;0;0;1;0;0.0;0.0
77;2020-12-30;0;0;1;0;0.0;0.0
77;2020-12-31;0;0;1;0;0.0;0.0
77;2021-01-01;2;0;3;0;0.0;0.0
77;2021-01-02;0;0;3;0;0.0;0.0
77;2021-01-03;0;0;3;0;0.0;0.0
77;2021-01-04;5;0;8;0;0.0;0.0
77;2021-01-05;199;0;207;0;0.0;0.0
77;2021-01-06;219;2;426;2;0.0;0.0
77;2021-01-07;517;2;943;4;0.1;0.0
77;2021-01-08;611;1;1554;5;0.1;0.0
77;2021-01-09;273;0;1827;5;0.1;0.0
77;2021-01-10;235;2;2062;7;0.1;0.0
77;2021-01-11;782;2;2844;9;0.2;0.0
77;2021-01-12;882;1;3726;10;0.3;0.0
77;2021-01-13;936;1;4662;11;0.3;0.0
77;2021-01-14;845;9;5507;20;0.4;0.0
77;2021-01-15;842;12;6349;32;0.4;0.0
77;2021-01-16;168;1;6517;33;0.5;0.0
77;2021-01-17;131;2;6648;35;0.5;0.0
77;2021-01-18;1190;4;7838;39;0.6;0.0
77;2021-01-19;1715;8;9553;47;0.7;0.0
77;2021-01-20;2534;5;12087;52;0.8;0.0
77;2021-01-21;2049;20;14136;72;1.0;0.0
77;2021-01-22;1148;6;15284;78;1.1;0.0
77;2021-01-23;348;0;15632;78;1.1;0.0
77;2021-01-24;43;0;15675;78;1.1;0.0
77;2021-01-25;938;65;16613;143;1.2;0.0
77;2021-01-26;1700;30;18313;173;1.3;0.0
77;2021-01-27;1361;42;19674;215;1.4;0.0
77;2021-01-28;1695;88;21369;303;1.5;0.0
77;2021-01-29;1267;147;22636;450;1.6;0.0
77;2021-01-30;210;2;22846;452;1.6;0.0
77;2021-01-31;0;0;22846;452;1.6;0.0
77;2021-02-01;568;212;23414;664;1.6;0.0
77;2021-02-02;866;270;24280;934;1.7;0.1
77;2021-02-03;793;539;25073;1473;1.8;0.1
77;2021-02-04;789;808;25862;2281;1.8;0.2
77;2021-02-05;856;854;26718;3135;1.9;0.2
77;2021-02-06;164;103;26882;3238;1.9;0.2
77;2021-02-07;16;92;26898;3330;1.9;0.2
77;2021-02-08;490;943;27388;4273;1.9;0.3
77;2021-02-09;586;1476;27974;5749;2.0;0.4
77;2021-02-10;1030;1857;29004;7606;2.0;0.5
77;2021-02-11;1056;1651;30060;9257;2.1;0.7
77;2021-02-12;1096;1186;31156;10443;2.2;0.7
77;2021-02-13;187;175;31343;10618;2.2;0.7
77;2021-02-14;11;57;31354;10675;2.2;0.7
77;2021-02-15;554;1031;31908;11706;2.2;0.8
77;2021-02-16;598;1541;32506;13247;2.3;0.9
77;2021-02-17;514;1188;33020;14435;2.3;1.0
77;2021-02-18;838;1616;33858;16051;2.4;1.1
77;2021-02-19;772;1171;34630;17222;2.4;1.2
77;2021-02-20;52;175;34682;17397;2.4;1.2
77;2021-02-21;7;31;34689;17428;2.4;1.2
77;2021-02-22;302;775;34991;18203;2.5;1.3
77;2021-02-23;358;1133;35349;19336;2.5;1.4
77;2021-02-24;508;894;35857;20230;2.5;1.4
77;2021-02-25;789;970;36646;21200;2.6;1.5
77;2021-02-26;839;843;37485;22043;2.6;1.5
77;2021-02-27;461;167;37946;22210;2.7;1.6
77;2021-02-28;31;5;37977;22215;2.7;1.6
77;2021-03-01;669;709;38646;22924;2.7;1.6
77;2021-03-02;1092;1024;39738;23948;2.8;1.7
77;2021-03-03;1950;1159;41688;25107;2.9;1.8
77;2021-03-04;2786;1126;44474;26233;3.1;1.8
77;2021-03-05;3367;1005;47841;27238;3.4;1.9
77;2021-03-06;4822;223;52663;27461;3.7;1.9
77;2021-03-07;3189;87;55852;27548;3.9;1.9
77;2021-03-08;1227;497;57079;28045;4.0;2.0
77;2021-03-09;2500;619;59579;28664;4.2;2.0
77;2021-03-10;2397;558;61976;29222;4.4;2.1
77;2021-03-11;3489;753;65465;29975;4.6;2.1
77;2021-03-12;3886;660;69351;30635;4.9;2.2
77;2021-03-13;4479;166;73830;30801;5.2;2.2
77;2021-03-14;2146;95;75976;30896;5.3;2.2
77;2021-03-15;2508;261;78484;31157;5.5;2.2
77;2021-03-16;2439;363;80923;31520;5.7;2.2
77;2021-03-17;2547;407;83470;31927;5.9;2.2
77;2021-03-18;2999;396;86469;32323;6.1;2.3
77;2021-03-19;3354;422;89823;32745;6.3;2.3
77;2021-03-20;1959;64;91782;32809;6.4;2.3
77;2021-03-21;240;10;92022;32819;6.5;2.3
77;2021-03-22;3015;389;95037;33208;6.7;2.3
77;2021-03-23;4510;502;99547;33710;7.0;2.4
77;2021-03-24;4147;612;103694;34322;7.3;2.4
77;2021-03-25;5898;397;109592;34719;7.7;2.4
77;2021-03-26;6254;409;115846;35128;8.1;2.5
77;2021-03-27;3316;95;119162;35223;8.4;2.5
77;2021-03-28;1730;36;120892;35259;8.5;2.5
77;2021-03-29;2650;673;123542;35932;8.7;2.5
77;2021-03-30;3987;1199;127529;37131;9.0;2.6
77;2021-03-31;3748;1209;131277;38340;9.2;2.7
77;2021-04-01;4137;1789;135414;40129;9.5;2.8
77;2021-04-02;3989;2005;139403;42134;9.8;3.0
77;2021-04-03;1744;2268;141147;44402;9.9;3.1
77;2021-04-04;425;1420;141572;45822;9.9;3.2
77;2021-04-05;157;163;141729;45985;10.0;3.2
77;2021-04-06;2706;1911;144435;47896;10.1;3.4
77;2021-04-07;3311;2077;147746;49973;10.4;3.5
77;2021-04-08;4523;2333;152269;52306;10.7;3.7
77;2021-04-09;4843;2066;157112;54372;11.0;3.8
77;2021-04-10;3070;2737;160182;57109;11.3;4.0
77;2021-04-11;583;716;160765;57825;11.3;4.1
77;2021-04-12;2227;1817;162992;59642;11.4;4.2
77;2021-04-13;3353;2632;166345;62274;11.7;4.4
77;2021-04-14;2517;2641;168862;64915;11.9;4.6
77;2021-04-15;3315;3100;172177;68015;12.1;4.8
77;2021-04-16;3572;2702;175749;70717;12.3;5.0
77;2021-04-17;1387;469;177136;71186;12.4;5.0
77;2021-04-18;149;10;177285;71196;12.5;5.0
77;2021-04-19;2076;2506;179361;73702;12.6;5.2
77;2021-04-20;2564;3374;181925;77076;12.8;5.4
77;2021-04-21;2192;3468;184117;80544;12.9;5.7
77;2021-04-22;2998;3830;187115;84374;13.1;5.9
77;2021-04-23;3522;3604;190637;87978;13.4;6.2
77;2021-04-24;4893;2497;195530;90475;13.7;6.4
77;2021-04-25;4083;1231;199613;91706;14.0;6.4
77;2021-04-26;3226;2028;202839;93734;14.2;6.6
77;2021-04-27;3992;2495;206831;96229;14.5;6.8
77;2021-04-28;4070;2594;210901;98823;14.8;6.9
77;2021-04-29;4470;3065;215371;101888;15.1;7.2
77;2021-04-30;4866;3323;220237;105211;15.5;7.4
77;2021-05-01;2457;587;222694;105798;15.6;7.4
77;2021-05-02;3142;268;225836;106066;15.9;7.5
77;2021-05-03;5982;2052;231818;108118;16.3;7.6
77;2021-05-04;6434;2976;238252;111094;16.7;7.8
77;2021-05-05;6008;3013;244260;114107;17.2;8.0
77;2021-05-06;6880;3574;251140;117681;17.6;8.3
77;2021-05-07;8200;3236;259340;120917;18.2;8.5
77;2021-05-08;5696;790;265036;121707;18.6;8.5
77;2021-05-09;4904;459;269940;122166;19.0;8.6
77;2021-05-10;8080;2313;278020;124479;19.5;8.7
77;2021-05-11;9569;2883;287589;127362;20.2;8.9
77;2021-05-12;8968;2272;296557;129634;20.8;9.1
77;2021-05-13;9299;854;305856;130488;21.5;9.2
77;2021-05-14;10419;1634;316275;132122;22.2;9.3
77;2021-05-15;8977;1236;325252;133358;22.8;9.4
77;2021-05-16;5151;459;330403;133817;23.2;9.4
77;2021-05-17;10362;1461;340765;135278;23.9;9.5
77;2021-05-18;11758;1777;352523;137055;24.8;9.6
77;2021-05-19;10898;1555;363421;138610;25.5;9.7
77;2021-05-20;12198;2146;375619;140756;26.4;9.9
77;2021-05-21;11646;2660;387265;143416;27.2;10.1
77;2021-05-22;9812;1715;397077;145131;27.9;10.2
77;2021-05-23;6980;798;404057;145929;28.4;10.3
77;2021-05-24;6759;765;410816;146694;28.9;10.3
77;2021-05-25;8302;2798;419118;149492;29.4;10.5
77;2021-05-26;7549;2951;426667;152443;30.0;10.7
77;2021-05-27;7547;3945;434214;156388;30.5;11.0
77;2021-05-28;7631;4003;441845;160391;31.0;11.3
77;2021-05-29;7353;2333;449198;162724;31.6;11.4
77;2021-05-30;4352;881;453550;163605;31.9;11.5
77;2021-05-31;8381;3818;461931;167423;32.4;11.8
77;2021-06-01;9621;4332;471552;171755;33.1;12.1
77;2021-06-02;8878;3852;480430;175607;33.7;12.3
77;2021-06-03;8982;5231;489412;180838;34.4;12.7
77;2021-06-04;9081;5464;498493;186302;35.0;13.1
77;2021-06-05;6601;4986;505094;191288;35.5;13.4
77;2021-06-06;4876;3200;509970;194488;35.8;13.7
77;2021-06-07;6376;4523;516346;199011;36.3;14.0
77;2021-06-08;5671;5199;522017;204210;36.7;14.3
77;2021-06-09;5014;4942;527031;209152;37.0;14.7
77;2021-06-10;4919;5444;531950;214596;37.4;15.1
77;2021-06-11;5676;6020;537626;220616;37.8;15.5
77;2021-06-12;6499;4728;544125;225344;38.2;15.8
77;2021-06-13;3477;3038;547602;228382;38.5;16.0
77;2021-06-14;3179;7917;550781;236299;38.7;16.6
77;2021-06-15;4076;8488;554857;244787;39.0;17.2
77;2021-06-16;4738;8372;559595;253159;39.3;17.8
77;2021-06-17;4434;9028;564029;262187;39.6;18.4
77;2021-06-18;4304;9786;568333;271973;39.9;19.1
77;2021-06-19;5248;6913;573581;278886;40.3;19.6
77;2021-06-20;2066;3796;575647;282682;40.4;19.9
77;2021-06-21;3191;9590;578838;292272;40.7;20.5
77;2021-06-22;3623;11377;582461;303649;40.9;21.3
77;2021-06-23;3412;10049;585873;313698;41.2;22.0
77;2021-06-24;3339;10927;589212;324625;41.4;22.8
77;2021-06-25;3581;10816;592793;335441;41.6;23.6
77;2021-06-26;4053;10062;596846;345503;41.9;24.3
77;2021-06-27;2105;6426;598951;351929;42.1;24.7
77;2021-06-28;2739;10825;601690;362754;42.3;25.5
77;2021-06-29;3302;12502;604992;375256;42.5;26.4
77;2021-06-30;3197;11431;608189;386687;42.7;27.2
77;2021-07-01;3237;11656;611426;398343;42.9;28.0
77;2021-07-02;3405;12222;614831;410565;43.2;28.8
77;2021-07-03;3130;10789;617961;421354;43.4;29.6
77;2021-07-04;1983;6484;619944;427838;43.5;30.1
77;2021-07-05;3554;9529;623498;437367;43.8;30.7
77;2021-07-06;3693;9513;627191;446880;44.1;31.4
77;2021-07-07;3967;8942;631158;455822;44.3;32.0
77;2021-07-08;3882;8730;635040;464552;44.6;32.6
77;2021-07-09;4664;10314;639704;474866;44.9;33.4
77;2021-07-10;3983;9799;643687;484665;45.2;34.0
77;2021-07-11;3056;5068;646743;489733;45.4;34.4
77;2021-07-12;3254;10839;649997;500572;45.7;35.2
77;2021-07-13;6026;11949;656023;512521;46.1;36.0
77;2021-07-14;3511;6401;659534;518922;46.3;36.5
77;2021-07-15;7023;11854;666557;530776;46.8;37.3
78;2020-12-27;0;0;0;0;0.0;0.0
78;2020-12-28;0;0;0;0;0.0;0.0
78;2020-12-29;0;0;0;0;0.0;0.0
78;2020-12-30;0;0;0;0;0.0;0.0
78;2020-12-31;15;0;15;0;0.0;0.0
78;2021-01-01;0;0;15;0;0.0;0.0
78;2021-01-02;1;0;16;0;0.0;0.0
78;2021-01-03;0;0;16;0;0.0;0.0
78;2021-01-04;141;3;157;3;0.0;0.0
78;2021-01-05;175;1;332;4;0.0;0.0
78;2021-01-06;208;2;540;6;0.0;0.0
78;2021-01-07;468;2;1008;8;0.1;0.0
78;2021-01-08;651;4;1659;12;0.1;0.0
78;2021-01-09;22;0;1681;12;0.1;0.0
78;2021-01-10;1;0;1682;12;0.1;0.0
78;2021-01-11;791;3;2473;15;0.2;0.0
78;2021-01-12;946;5;3419;20;0.2;0.0
78;2021-01-13;733;6;4152;26;0.3;0.0
78;2021-01-14;809;8;4961;34;0.3;0.0
78;2021-01-15;844;4;5805;38;0.4;0.0
78;2021-01-16;32;1;5837;39;0.4;0.0
78;2021-01-17;0;0;5837;39;0.4;0.0
78;2021-01-18;1376;15;7213;54;0.5;0.0
78;2021-01-19;1840;20;9053;74;0.6;0.0
78;2021-01-20;1643;11;10696;85;0.7;0.0
78;2021-01-21;3242;13;13938;98;1.0;0.0
78;2021-01-22;2207;16;16145;114;1.1;0.0
78;2021-01-23;279;0;16424;114;1.1;0.0
78;2021-01-24;4;0;16428;114;1.1;0.0
78;2021-01-25;958;29;17386;143;1.2;0.0
78;2021-01-26;1548;13;18934;156;1.3;0.0
78;2021-01-27;2045;46;20979;202;1.4;0.0
78;2021-01-28;2433;100;23412;302;1.6;0.0
78;2021-01-29;1484;63;24896;365;1.7;0.0
78;2021-01-30;210;3;25106;368;1.7;0.0
78;2021-01-31;3;0;25109;368;1.7;0.0
78;2021-02-01;786;223;25895;591;1.8;0.0
78;2021-02-02;967;347;26862;938;1.9;0.1
78;2021-02-03;975;243;27837;1181;1.9;0.1
78;2021-02-04;1115;446;28952;1627;2.0;0.1
78;2021-02-05;1187;515;30139;2142;2.1;0.1
78;2021-02-06;195;44;30334;2186;2.1;0.2
78;2021-02-07;139;10;30473;2196;2.1;0.2
78;2021-02-08;760;611;31233;2807;2.2;0.2
78;2021-02-09;1119;933;32352;3740;2.2;0.3
78;2021-02-10;1244;1177;33596;4917;2.3;0.3
78;2021-02-11;1814;1893;35410;6810;2.4;0.5
78;2021-02-12;1818;1408;37228;8218;2.6;0.6
78;2021-02-13;172;79;37400;8297;2.6;0.6
78;2021-02-14;26;23;37426;8320;2.6;0.6
78;2021-02-15;444;1446;37870;9766;2.6;0.7
78;2021-02-16;627;1556;38497;11322;2.7;0.8
78;2021-02-17;581;2219;39078;13541;2.7;0.9
78;2021-02-18;986;2275;40064;15816;2.8;1.1
78;2021-02-19;818;1739;40882;17555;2.8;1.2
78;2021-02-20;143;123;41025;17678;2.8;1.2
78;2021-02-21;0;12;41025;17690;2.8;1.2
78;2021-02-22;497;1055;41522;18745;2.9;1.3
78;2021-02-23;537;1118;42059;19863;2.9;1.4
78;2021-02-24;619;1227;42678;21090;2.9;1.5
78;2021-02-25;859;1157;43537;22247;3.0;1.5
78;2021-02-26;1131;1242;44668;23489;3.1;1.6
78;2021-02-27;739;145;45407;23634;3.1;1.6
78;2021-02-28;65;18;45472;23652;3.1;1.6
78;2021-03-01;962;900;46434;24552;3.2;1.7
78;2021-03-02;1715;1042;48149;25594;3.3;1.8
78;2021-03-03;1960;1202;50109;26796;3.5;1.8
78;2021-03-04;2939;1554;53048;28350;3.7;2.0
78;2021-03-05;3247;1634;56295;29984;3.9;2.1
78;2021-03-06;6236;248;62531;30232;4.3;2.1
78;2021-03-07;3440;75;65971;30307;4.6;2.1
78;2021-03-08;1449;754;67420;31061;4.7;2.1
78;2021-03-09;2930;882;70350;31943;4.9;2.2
78;2021-03-10;3059;1069;73409;33012;5.1;2.3
78;2021-03-11;4175;1283;77584;34295;5.4;2.4
78;2021-03-12;5365;1299;82949;35594;5.7;2.5
78;2021-03-13;4649;156;87598;35750;6.0;2.5
78;2021-03-14;1032;34;88630;35784;6.1;2.5
78;2021-03-15;3617;252;92247;36036;6.4;2.5
78;2021-03-16;2560;546;94807;36582;6.5;2.5
78;2021-03-17;2962;403;97769;36985;6.7;2.6
78;2021-03-18;3777;410;101546;37395;7.0;2.6
78;2021-03-19;5307;464;106853;37859;7.4;2.6
78;2021-03-20;2255;113;109108;37972;7.5;2.6
78;2021-03-21;161;6;109269;37978;7.5;2.6
78;2021-03-22;3509;362;112778;38340;7.8;2.6
78;2021-03-23;5218;511;117996;38851;8.1;2.7
78;2021-03-24;4885;523;122881;39374;8.5;2.7
78;2021-03-25;6925;529;129806;39903;9.0;2.8
78;2021-03-26;6923;669;136729;40572;9.4;2.8
78;2021-03-27;3740;160;140469;40732;9.7;2.8
78;2021-03-28;1914;37;142383;40769;9.8;2.8
78;2021-03-29;3858;750;146241;41519;10.1;2.9
78;2021-03-30;5519;1038;151760;42557;10.5;2.9
78;2021-03-31;5324;1262;157084;43819;10.8;3.0
78;2021-04-01;5579;2296;162663;46115;11.2;3.2
78;2021-04-02;5187;2609;167850;48724;11.6;3.4
78;2021-04-03;2197;2550;170047;51274;11.7;3.5
78;2021-04-04;170;13;170217;51287;11.8;3.5
78;2021-04-05;192;18;170409;51305;11.8;3.5
78;2021-04-06;3613;2289;174022;53594;12.0;3.7
78;2021-04-07;4344;2577;178366;56171;12.3;3.9
78;2021-04-08;5493;2634;183859;58805;12.7;4.1
78;2021-04-09;6895;2408;190754;61213;13.2;4.2
78;2021-04-10;3994;1887;194748;63100;13.4;4.4
78;2021-04-11;368;605;195116;63705;13.5;4.4
78;2021-04-12;3527;2366;198643;66071;13.7;4.6
78;2021-04-13;5459;2477;204102;68548;14.1;4.7
78;2021-04-14;4944;3351;209046;71899;14.4;5.0
78;2021-04-15;4599;3827;213645;75726;14.7;5.2
78;2021-04-16;5632;4005;219277;79731;15.1;5.5
78;2021-04-17;3606;701;222883;80432;15.4;5.6
78;2021-04-18;272;42;223155;80474;15.4;5.6
78;2021-04-19;3240;2801;226395;83275;15.6;5.7
78;2021-04-20;4699;3674;231094;86949;16.0;6.0
78;2021-04-21;4525;3492;235619;90441;16.3;6.2
78;2021-04-22;4565;4664;240184;95105;16.6;6.6
78;2021-04-23;5029;4399;245213;99504;16.9;6.9
78;2021-04-24;4862;2619;250075;102123;17.3;7.0
78;2021-04-25;3039;1726;253114;103849;17.5;7.2
78;2021-04-26;4764;3305;257878;107154;17.8;7.4
78;2021-04-27;5456;4298;263334;111452;18.2;7.7
78;2021-04-28;5645;4774;268979;116226;18.6;8.0
78;2021-04-29;6247;4044;275226;120270;19.0;8.3
78;2021-04-30;7202;4431;282428;124701;19.5;8.6
78;2021-05-01;612;251;283040;124952;19.5;8.6
78;2021-05-02;2003;163;285043;125115;19.7;8.6
78;2021-05-03;7453;1269;292496;126384;20.2;8.7
78;2021-05-04;6074;3976;298570;130360;20.6;9.0
78;2021-05-05;7282;4539;305852;134899;21.1;9.3
78;2021-05-06;6474;5162;312326;140061;21.6;9.7
78;2021-05-07;8309;5128;320635;145189;22.1;10.0
78;2021-05-08;2910;1447;323545;146636;22.3;10.1
78;2021-05-09;2815;343;326360;146979;22.5;10.1
78;2021-05-10;7339;4447;333699;151426;23.0;10.5
78;2021-05-11;8132;5400;341831;156826;23.6;10.8
78;2021-05-12;8722;3898;350553;160724;24.2;11.1
78;2021-05-13;6627;593;357180;161317;24.7;11.1
78;2021-05-14;10213;2207;367393;163524;25.4;11.3
78;2021-05-15;4932;2365;372325;165889;25.7;11.5
78;2021-05-16;3693;791;376018;166680;26.0;11.5
78;2021-05-17;8734;1335;384752;168015;26.6;11.6
78;2021-05-18;9876;1851;394628;169866;27.2;11.7
78;2021-05-19;11643;1695;406271;171561;28.0;11.8
78;2021-05-20;11579;2247;417850;173808;28.8;12.0
78;2021-05-21;12124;2611;429974;176419;29.7;12.2
78;2021-05-22;6542;1374;436516;177793;30.1;12.3
78;2021-05-23;3122;377;439638;178170;30.3;12.3
78;2021-05-24;3517;414;443155;178584;30.6;12.3
78;2021-05-25;9977;2499;453132;181083;31.3;12.5
78;2021-05-26;10155;3772;463287;184855;32.0;12.8
78;2021-05-27;10949;4634;474236;189489;32.7;13.1
78;2021-05-28;11411;6001;485647;195490;33.5;13.5
78;2021-05-29;4225;3382;489872;198872;33.8;13.7
78;2021-05-30;132;347;490004;199219;33.8;13.8
78;2021-05-31;7967;5354;497971;204573;34.4;14.1
78;2021-06-01;9821;6513;507792;211086;35.1;14.6
78;2021-06-02;8531;6199;516323;217285;35.6;15.0
78;2021-06-03;9860;6465;526183;223750;36.3;15.4
78;2021-06-04;9762;8148;535945;231898;37.0;16.0
78;2021-06-05;5505;6142;541450;238040;37.4;16.4
78;2021-06-06;2143;2011;543593;240051;37.5;16.6
78;2021-06-07;8095;6502;551688;246553;38.1;17.0
78;2021-06-08;8002;7286;559690;253839;38.6;17.5
78;2021-06-09;7255;6711;566945;260550;39.1;18.0
78;2021-06-10;7013;7082;573958;267632;39.6;18.5
78;2021-06-11;7544;8175;581502;275807;40.1;19.0
78;2021-06-12;6352;2910;587854;278717;40.6;19.2
78;2021-06-13;942;2455;588796;281172;40.6;19.4
78;2021-06-14;3381;9809;592177;290981;40.9;20.1
78;2021-06-15;5617;8280;597794;299261;41.3;20.7
78;2021-06-16;5388;8635;603182;307896;41.6;21.3
78;2021-06-17;5445;8517;608627;316413;42.0;21.8
78;2021-06-18;6067;9776;614694;326189;42.4;22.5
78;2021-06-19;5199;4806;619893;330995;42.8;22.8
78;2021-06-20;615;2836;620508;333831;42.8;23.0
78;2021-06-21;4050;9466;624558;343297;43.1;23.7
78;2021-06-22;3308;10318;627866;353615;43.3;24.4
78;2021-06-23;3801;10389;631667;364004;43.6;25.1
78;2021-06-24;3769;9966;635436;373970;43.9;25.8
78;2021-06-25;3968;13164;639404;387134;44.1;26.7
78;2021-06-26;4197;7949;643601;395083;44.4;27.3
78;2021-06-27;1031;2540;644632;397623;44.5;27.4
78;2021-06-28;3246;10895;647878;408518;44.7;28.2
78;2021-06-29;3509;11236;651387;419754;45.0;29.0
78;2021-06-30;4102;13222;655489;432976;45.2;29.9
78;2021-07-01;3901;12685;659390;445661;45.5;30.8
78;2021-07-02;4158;13910;663548;459571;45.8;31.7
78;2021-07-03;3135;8616;666683;468187;46.0;32.3
78;2021-07-04;752;1738;667435;469925;46.1;32.4
78;2021-07-05;3259;9674;670694;479599;46.3;33.1
78;2021-07-06;3485;12028;674179;491627;46.5;33.9
78;2021-07-07;3726;11585;677905;503212;46.8;34.7
78;2021-07-08;3844;11661;681749;514873;47.1;35.5
78;2021-07-09;4372;12712;686121;527585;47.4;36.4
78;2021-07-10;2598;6573;688719;534158;47.5;36.9
78;2021-07-11;745;2049;689464;536207;47.6;37.0
78;2021-07-12;2977;11726;692441;547933;47.8;37.8
78;2021-07-13;5224;11890;697665;559823;48.2;38.6
78;2021-07-14;2522;4953;700187;564776;48.3;39.0
78;2021-07-15;5581;11852;705768;576628;48.7;39.8
79;2020-12-27;0;0;0;0;0.0;0.0
79;2020-12-28;0;0;0;0;0.0;0.0
79;2020-12-29;0;0;0;0;0.0;0.0
79;2020-12-30;0;0;0;0;0.0;0.0
79;2020-12-31;0;0;0;0;0.0;0.0
79;2021-01-01;0;0;0;0;0.0;0.0
79;2021-01-02;0;0;0;0;0.0;0.0
79;2021-01-03;0;0;0;0;0.0;0.0
79;2021-01-04;1;0;1;0;0.0;0.0
79;2021-01-05;0;0;1;0;0.0;0.0
79;2021-01-06;0;0;1;0;0.0;0.0
79;2021-01-07;158;0;159;0;0.0;0.0
79;2021-01-08;165;0;324;0;0.1;0.0
79;2021-01-09;98;0;422;0;0.1;0.0
79;2021-01-10;3;0;425;0;0.1;0.0
79;2021-01-11;184;1;609;1;0.2;0.0
79;2021-01-12;246;0;855;1;0.2;0.0
79;2021-01-13;258;0;1113;1;0.3;0.0
79;2021-01-14;499;6;1612;7;0.4;0.0
79;2021-01-15;615;4;2227;11;0.6;0.0
79;2021-01-16;66;0;2293;11;0.6;0.0
79;2021-01-17;0;0;2293;11;0.6;0.0
79;2021-01-18;477;1;2770;12;0.7;0.0
79;2021-01-19;1343;0;4113;12;1.1;0.0
79;2021-01-20;1643;0;5756;12;1.5;0.0
79;2021-01-21;1995;3;7751;15;2.1;0.0
79;2021-01-22;873;3;8624;18;2.3;0.0
79;2021-01-23;65;0;8689;18;2.3;0.0
79;2021-01-24;0;0;8689;18;2.3;0.0
79;2021-01-25;643;7;9332;25;2.5;0.0
79;2021-01-26;570;12;9902;37;2.7;0.0
79;2021-01-27;738;80;10640;117;2.9;0.0
79;2021-01-28;729;150;11369;267;3.1;0.1
79;2021-01-29;490;88;11859;355;3.2;0.1
79;2021-01-30;0;0;11859;355;3.2;0.1
79;2021-01-31;0;0;11859;355;3.2;0.1
79;2021-02-01;206;111;12065;466;3.2;0.1
79;2021-02-02;323;73;12388;539;3.3;0.1
79;2021-02-03;389;60;12777;599;3.4;0.2
79;2021-02-04;323;109;13100;708;3.5;0.2
79;2021-02-05;356;275;13456;983;3.6;0.3
79;2021-02-06;3;0;13459;983;3.6;0.3
79;2021-02-07;22;0;13481;983;3.6;0.3
79;2021-02-08;282;169;13763;1152;3.7;0.3
79;2021-02-09;456;786;14219;1938;3.8;0.5
79;2021-02-10;615;1196;14834;3134;4.0;0.8
79;2021-02-11;776;1234;15610;4368;4.2;1.2
79;2021-02-12;468;770;16078;5138;4.3;1.4
79;2021-02-13;53;74;16131;5212;4.3;1.4
79;2021-02-14;0;0;16131;5212;4.3;1.4
79;2021-02-15;186;507;16317;5719;4.4;1.5
79;2021-02-16;331;733;16648;6452;4.5;1.7
79;2021-02-17;246;880;16894;7332;4.5;2.0
79;2021-02-18;353;945;17247;8277;4.6;2.2
79;2021-02-19;267;566;17514;8843;4.7;2.4
79;2021-02-20;4;22;17518;8865;4.7;2.4
79;2021-02-21;0;0;17518;8865;4.7;2.4
79;2021-02-22;137;465;17655;9330;4.7;2.5
79;2021-02-23;247;570;17902;9900;4.8;2.7
79;2021-02-24;245;546;18147;10446;4.9;2.8
79;2021-02-25;516;469;18663;10915;5.0;2.9
79;2021-02-26;598;398;19261;11313;5.2;3.0
79;2021-02-27;406;4;19667;11317;5.3;3.0
79;2021-02-28;34;0;19701;11317;5.3;3.0
79;2021-03-01;89;359;19790;11676;5.3;3.1
79;2021-03-02;303;506;20093;12182;5.4;3.3
79;2021-03-03;658;541;20751;12723;5.6;3.4
79;2021-03-04;903;569;21654;13292;5.8;3.6
79;2021-03-05;1216;436;22870;13728;6.1;3.7
79;2021-03-06;609;3;23479;13731;6.3;3.7
79;2021-03-07;77;0;23556;13731;6.3;3.7
79;2021-03-08;344;308;23900;14039;6.4;3.8
79;2021-03-09;839;338;24739;14377;6.6;3.9
79;2021-03-10;1139;402;25878;14779;6.9;4.0
79;2021-03-11;1634;313;27512;15092;7.4;4.1
79;2021-03-12;1717;113;29229;15205;7.8;4.1
79;2021-03-13;1130;5;30359;15210;8.1;4.1
79;2021-03-14;49;0;30408;15210;8.2;4.1
79;2021-03-15;494;159;30902;15369;8.3;4.1
79;2021-03-16;734;139;31636;15508;8.5;4.2
79;2021-03-17;575;106;32211;15614;8.6;4.2
79;2021-03-18;551;201;32762;15815;8.8;4.2
79;2021-03-19;663;254;33425;16069;9.0;4.3
79;2021-03-20;1003;11;34428;16080;9.2;4.3
79;2021-03-21;3;0;34431;16080;9.2;4.3
79;2021-03-22;953;201;35384;16281;9.5;4.4
79;2021-03-23;1577;169;36961;16450;9.9;4.4
79;2021-03-24;1826;147;38787;16597;10.4;4.5
79;2021-03-25;2498;177;41285;16774;11.1;4.5
79;2021-03-26;2402;128;43687;16902;11.7;4.5
79;2021-03-27;769;14;44456;16916;11.9;4.5
79;2021-03-28;1;0;44457;16916;11.9;4.5
79;2021-03-29;2146;109;46603;17025;12.5;4.6
79;2021-03-30;2816;48;49419;17073;13.3;4.6
79;2021-03-31;2778;374;52197;17447;14.0;4.7
79;2021-04-01;2691;365;54888;17812;14.7;4.8
79;2021-04-02;2824;383;57712;18195;15.5;4.9
79;2021-04-03;633;53;58345;18248;15.7;4.9
79;2021-04-04;3;0;58348;18248;15.7;4.9
79;2021-04-05;378;2;58726;18250;15.8;4.9
79;2021-04-06;1792;575;60518;18825;16.2;5.1
79;2021-04-07;3115;711;63633;19536;17.1;5.2
79;2021-04-08;2627;678;66260;20214;17.8;5.4
79;2021-04-09;3733;523;69993;20737;18.8;5.6
79;2021-04-10;1458;376;71451;21113;19.2;5.7
79;2021-04-11;4;0;71455;21113;19.2;5.7
79;2021-04-12;1751;349;73206;21462;19.6;5.8
79;2021-04-13;2171;736;75377;22198;20.2;6.0
79;2021-04-14;2478;661;77855;22859;20.9;6.1
79;2021-04-15;2210;654;80065;23513;21.5;6.3
79;2021-04-16;1413;436;81478;23949;21.9;6.4
79;2021-04-17;581;350;82059;24299;22.0;6.5
79;2021-04-18;1;14;82060;24313;22.0;6.5
79;2021-04-19;1088;841;83148;25154;22.3;6.8
79;2021-04-20;1502;1223;84650;26377;22.7;7.1
79;2021-04-21;1417;1430;86067;27807;23.1;7.5
79;2021-04-22;1567;1076;87634;28883;23.5;7.8
79;2021-04-23;1313;1180;88947;30063;23.9;8.1
79;2021-04-24;651;459;89598;30522;24.0;8.2
79;2021-04-25;0;0;89598;30522;24.0;8.2
79;2021-04-26;1342;1812;90940;32334;24.4;8.7
79;2021-04-27;1893;2338;92833;34672;24.9;9.3
79;2021-04-28;1456;2862;94289;37534;25.3;10.1
79;2021-04-29;2102;2246;96391;39780;25.9;10.7
79;2021-04-30;2106;2447;98497;42227;26.4;11.3
79;2021-05-01;516;375;99013;42602;26.6;11.4
79;2021-05-02;1;11;99014;42613;26.6;11.4
79;2021-05-03;1182;1290;100196;43903;26.9;11.8
79;2021-05-04;1730;2319;101926;46222;27.4;12.4
79;2021-05-05;1696;2480;103622;48702;27.8;13.1
79;2021-05-06;2313;2208;105935;50910;28.4;13.7
79;2021-05-07;2083;2801;108018;53711;29.0;14.4
79;2021-05-08;200;506;108218;54217;29.0;14.5
79;2021-05-09;0;0;108218;54217;29.0;14.5
79;2021-05-10;1582;1781;109800;55998;29.5;15.0
79;2021-05-11;2308;1645;112108;57643;30.1;15.5
79;2021-05-12;1995;2676;114103;60319;30.6;16.2
79;2021-05-13;639;289;114742;60608;30.8;16.3
79;2021-05-14;2098;669;116840;61277;31.4;16.4
79;2021-05-15;1398;497;118238;61774;31.7;16.6
79;2021-05-16;1;22;118239;61796;31.7;16.6
79;2021-05-17;1874;1077;120113;62873;32.2;16.9
79;2021-05-18;2968;1261;123081;64134;33.0;17.2
79;2021-05-19;2890;962;125971;65096;33.8;17.5
79;2021-05-20;3102;1242;129073;66338;34.6;17.8
79;2021-05-21;2763;1058;131836;67396;35.4;18.1
79;2021-05-22;1085;254;132921;67650;35.7;18.2
79;2021-05-23;1;0;132922;67650;35.7;18.2
79;2021-05-24;161;20;133083;67670;35.7;18.2
79;2021-05-25;3199;981;136282;68651;36.6;18.4
79;2021-05-26;3310;844;139592;69495;37.5;18.7
79;2021-05-27;3585;1713;143177;71208;38.4;19.1
79;2021-05-28;3328;1818;146505;73026;39.3;19.6
79;2021-05-29;1072;448;147577;73474;39.6;19.7
79;2021-05-30;3;1;147580;73475;39.6;19.7
79;2021-05-31;2374;731;149954;74206;40.2;19.9
79;2021-06-01;3013;1559;152967;75765;41.1;20.3
79;2021-06-02;4056;1166;157023;76931;42.1;20.6
79;2021-06-03;4079;1744;161102;78675;43.2;21.1
79;2021-06-04;4133;2021;165235;80696;44.3;21.7
79;2021-06-05;2798;751;168033;81447;45.1;21.9
79;2021-06-06;695;37;168728;81484;45.3;21.9
79;2021-06-07;2799;1412;171527;82896;46.0;22.2
79;2021-06-08;2976;2061;174503;84957;46.8;22.8
79;2021-06-09;3619;1930;178122;86887;47.8;23.3
79;2021-06-10;3005;1971;181127;88858;48.6;23.8
79;2021-06-11;3757;2313;184884;91171;49.6;24.5
79;2021-06-12;1700;606;186584;91777;50.1;24.6
79;2021-06-13;209;22;186793;91799;50.1;24.6
79;2021-06-14;1240;1691;188033;93490;50.5;25.1
79;2021-06-15;1874;2354;189907;95844;51.0;25.7
79;2021-06-16;2189;2244;192096;98088;51.6;26.3
79;2021-06-17;2227;2610;194323;100698;52.1;27.0
79;2021-06-18;2398;2321;196721;103019;52.8;27.6
79;2021-06-19;1241;579;197962;103598;53.1;27.8
79;2021-06-20;2;2;197964;103600;53.1;27.8
79;2021-06-21;1217;2283;199181;105883;53.5;28.4
79;2021-06-22;1539;2874;200720;108757;53.9;29.2
79;2021-06-23;1748;2551;202468;111308;54.3;29.9
79;2021-06-24;2082;2006;204550;113314;54.9;30.4
79;2021-06-25;1475;2843;206025;116157;55.3;31.2
79;2021-06-26;861;807;206886;116964;55.5;31.4
79;2021-06-27;13;6;206899;116970;55.5;31.4
79;2021-06-28;1042;2622;207941;119592;55.8;32.1
79;2021-06-29;1435;3546;209376;123138;56.2;33.0
79;2021-06-30;1327;3451;210703;126589;56.5;34.0
79;2021-07-01;1146;3790;211849;130379;56.9;35.0
79;2021-07-02;1449;3340;213298;133719;57.2;35.9
79;2021-07-03;395;1503;213693;135222;57.3;36.3
79;2021-07-04;0;8;213693;135230;57.3;36.3
79;2021-07-05;740;2123;214433;137353;57.5;36.9
79;2021-07-06;934;3667;215367;141020;57.8;37.8
79;2021-07-07;1316;4309;216683;145329;58.2;39.0
79;2021-07-08;1069;4048;217752;149377;58.4;40.1
79;2021-07-09;822;3719;218574;153096;58.7;41.1
79;2021-07-10;508;1316;219082;154412;58.8;41.4
79;2021-07-11;0;12;219082;154424;58.8;41.4
79;2021-07-12;539;3695;219621;158119;58.9;42.4
79;2021-07-13;995;5190;220616;163309;59.2;43.8
79;2021-07-14;131;875;220747;164184;59.2;44.1
79;2021-07-15;1191;4676;221938;168860;59.6;45.3
80;2020-12-27;0;0;0;0;0.0;0.0
80;2020-12-28;0;0;0;0;0.0;0.0
80;2020-12-29;11;0;11;0;0.0;0.0
80;2020-12-30;0;0;11;0;0.0;0.0
80;2020-12-31;0;0;11;0;0.0;0.0
80;2021-01-01;0;0;11;0;0.0;0.0
80;2021-01-02;0;0;11;0;0.0;0.0
80;2021-01-03;1;0;12;0;0.0;0.0
80;2021-01-04;0;0;12;0;0.0;0.0
80;2021-01-05;0;0;12;0;0.0;0.0
80;2021-01-06;30;0;42;0;0.0;0.0
80;2021-01-07;276;1;318;1;0.1;0.0
80;2021-01-08;330;0;648;1;0.1;0.0
80;2021-01-09;108;0;756;1;0.1;0.0
80;2021-01-10;21;0;777;1;0.1;0.0
80;2021-01-11;276;0;1053;1;0.2;0.0
80;2021-01-12;427;2;1480;3;0.3;0.0
80;2021-01-13;514;3;1994;6;0.3;0.0
80;2021-01-14;453;4;2447;10;0.4;0.0
80;2021-01-15;330;1;2777;11;0.5;0.0
80;2021-01-16;103;1;2880;12;0.5;0.0
80;2021-01-17;102;1;2982;13;0.5;0.0
80;2021-01-18;412;1;3394;14;0.6;0.0
80;2021-01-19;962;16;4356;30;0.8;0.0
80;2021-01-20;1086;3;5442;33;1.0;0.0
80;2021-01-21;1012;8;6454;41;1.1;0.0
80;2021-01-22;1113;2;7567;43;1.3;0.0
80;2021-01-23;908;0;8475;43;1.5;0.0
80;2021-01-24;823;4;9298;47;1.6;0.0
80;2021-01-25;1538;6;10836;53;1.9;0.0
80;2021-01-26;1480;10;12316;63;2.2;0.0
80;2021-01-27;821;27;13137;90;2.3;0.0
80;2021-01-28;623;176;13760;266;2.4;0.0
80;2021-01-29;637;218;14397;484;2.5;0.1
80;2021-01-30;84;60;14481;544;2.5;0.1
80;2021-01-31;0;0;14481;544;2.5;0.1
80;2021-02-01;26;260;14507;804;2.5;0.1
80;2021-02-02;21;446;14528;1250;2.5;0.2
80;2021-02-03;28;544;14556;1794;2.6;0.3
80;2021-02-04;275;349;14831;2143;2.6;0.4
80;2021-02-05;346;213;15177;2356;2.7;0.4
80;2021-02-06;166;70;15343;2426;2.7;0.4
80;2021-02-07;1;0;15344;2426;2.7;0.4
80;2021-02-08;425;241;15769;2667;2.8;0.5
80;2021-02-09;684;246;16453;2913;2.9;0.5
80;2021-02-10;606;493;17059;3406;3.0;0.6
80;2021-02-11;857;350;17916;3756;3.1;0.7
80;2021-02-12;943;312;18859;4068;3.3;0.7
80;2021-02-13;195;428;19054;4496;3.3;0.8
80;2021-02-14;78;571;19132;5067;3.4;0.9
80;2021-02-15;603;1013;19735;6080;3.5;1.1
80;2021-02-16;686;1142;20421;7222;3.6;1.3
80;2021-02-17;483;1175;20904;8397;3.7;1.5
80;2021-02-18;569;1131;21473;9528;3.8;1.7
80;2021-02-19;503;848;21976;10376;3.9;1.8
80;2021-02-20;22;516;21998;10892;3.9;1.9
80;2021-02-21;47;49;22045;10941;3.9;1.9
80;2021-02-22;149;576;22194;11517;3.9;2.0
80;2021-02-23;472;695;22666;12212;4.0;2.1
80;2021-02-24;431;717;23097;12929;4.1;2.3
80;2021-02-25;814;567;23911;13496;4.2;2.4
80;2021-02-26;1060;518;24971;14014;4.4;2.5
80;2021-02-27;473;73;25444;14087;4.5;2.5
80;2021-02-28;48;22;25492;14109;4.5;2.5
80;2021-03-01;727;64;26219;14173;4.6;2.5
80;2021-03-02;1013;83;27232;14256;4.8;2.5
80;2021-03-03;975;51;28207;14307;5.0;2.5
80;2021-03-04;1389;228;29596;14535;5.2;2.6
80;2021-03-05;1865;320;31461;14855;5.5;2.6
80;2021-03-06;2917;301;34378;15156;6.0;2.7
80;2021-03-07;1839;63;36217;15219;6.4;2.7
80;2021-03-08;714;601;36931;15820;6.5;2.8
80;2021-03-09;1308;902;38239;16722;6.7;2.9
80;2021-03-10;1722;729;39961;17451;7.0;3.1
80;2021-03-11;1906;799;41867;18250;7.3;3.2
80;2021-03-12;3132;710;44999;18960;7.9;3.3
80;2021-03-13;3999;169;48998;19129;8.6;3.4
80;2021-03-14;350;12;49348;19141;8.7;3.4
80;2021-03-15;1013;244;50361;19385;8.8;3.4
80;2021-03-16;882;333;51243;19718;9.0;3.5
80;2021-03-17;661;272;51904;19990;9.1;3.5
80;2021-03-18;999;290;52903;20280;9.3;3.6
80;2021-03-19;1736;386;54639;20666;9.6;3.6
80;2021-03-20;3820;90;58459;20756;10.3;3.6
80;2021-03-21;487;29;58946;20785;10.3;3.6
80;2021-03-22;901;283;59847;21068;10.5;3.7
80;2021-03-23;1708;407;61555;21475;10.8;3.8
80;2021-03-24;1749;454;63304;21929;11.1;3.8
80;2021-03-25;2712;438;66016;22367;11.6;3.9
80;2021-03-26;3100;412;69116;22779;12.1;4.0
80;2021-03-27;2223;214;71339;22993;12.5;4.0
80;2021-03-28;673;86;72012;23079;12.6;4.1
80;2021-03-29;1975;732;73987;23811;13.0;4.2
80;2021-03-30;1967;871;75954;24682;13.3;4.3
80;2021-03-31;1493;975;77447;25657;13.6;4.5
80;2021-04-01;1949;1479;79396;27136;13.9;4.8
80;2021-04-02;2808;1562;82204;28698;14.4;5.0
80;2021-04-03;3037;845;85241;29543;15.0;5.2
80;2021-04-04;133;2;85374;29545;15.0;5.2
80;2021-04-05;683;198;86057;29743;15.1;5.2
80;2021-04-06;1279;963;87336;30706;15.3;5.4
80;2021-04-07;1621;1185;88957;31891;15.6;5.6
80;2021-04-08;2156;839;91113;32730;16.0;5.7
80;2021-04-09;3528;1334;94641;34064;16.6;6.0
80;2021-04-10;2736;1921;97377;35985;17.1;6.3
80;2021-04-11;189;174;97566;36159;17.1;6.3
80;2021-04-12;1805;480;99371;36639;17.4;6.4
80;2021-04-13;2381;1033;101752;37672;17.9;6.6
80;2021-04-14;2764;1114;104516;38786;18.3;6.8
80;2021-04-15;3727;842;108243;39628;19.0;7.0
80;2021-04-16;3334;845;111577;40473;19.6;7.1
80;2021-04-17;1650;2291;113227;42764;19.9;7.5
80;2021-04-18;370;381;113597;43145;19.9;7.6
80;2021-04-19;949;776;114546;43921;20.1;7.7
80;2021-04-20;1612;800;116158;44721;20.4;7.8
80;2021-04-21;1612;990;117770;45711;20.7;8.0
80;2021-04-22;2157;1241;119927;46952;21.0;8.2
80;2021-04-23;2626;1230;122553;48182;21.5;8.5
80;2021-04-24;1357;1182;123910;49364;21.7;8.7
80;2021-04-25;208;528;124118;49892;21.8;8.8
80;2021-04-26;1295;1440;125413;51332;22.0;9.0
80;2021-04-27;2019;1395;127432;52727;22.4;9.3
80;2021-04-28;2199;1394;129631;54121;22.8;9.5
80;2021-04-29;3214;1865;132845;55986;23.3;9.8
80;2021-04-30;3073;2842;135918;58828;23.9;10.3
80;2021-05-01;986;651;136904;59479;24.0;10.4
80;2021-05-02;369;52;137273;59531;24.1;10.4
80;2021-05-03;2715;1172;139988;60703;24.6;10.7
80;2021-05-04;2499;1704;142487;62407;25.0;11.0
80;2021-05-05;3361;1835;145848;64242;25.6;11.3
80;2021-05-06;3177;2494;149025;66736;26.2;11.7
80;2021-05-07;3453;2682;152478;69418;26.8;12.2
80;2021-05-08;2782;915;155260;70333;27.2;12.3
80;2021-05-09;1407;255;156667;70588;27.5;12.4
80;2021-05-10;1881;1825;158548;72413;27.8;12.7
80;2021-05-11;3270;1774;161818;74187;28.4;13.0
80;2021-05-12;4694;1546;166512;75733;29.2;13.3
80;2021-05-13;3827;351;170339;76084;29.9;13.4
80;2021-05-14;5184;1387;175523;77471;30.8;13.6
80;2021-05-15;5917;1039;181440;78510;31.8;13.8
80;2021-05-16;2677;300;184117;78810;32.3;13.8
80;2021-05-17;2368;815;186485;79625;32.7;14.0
80;2021-05-18;3944;842;190429;80467;33.4;14.1
80;2021-05-19;4010;935;194439;81402;34.1;14.3
80;2021-05-20;4566;1204;199005;82606;34.9;14.5
80;2021-05-21;4890;1659;203895;84265;35.8;14.8
80;2021-05-22;5032;1145;208927;85410;36.7;15.0
80;2021-05-23;1782;234;210709;85644;37.0;15.0
80;2021-05-24;1466;157;212175;85801;37.2;15.1
80;2021-05-25;2621;1133;214796;86934;37.7;15.3
80;2021-05-26;4245;1688;219041;88622;38.4;15.6
80;2021-05-27;3975;2463;223016;91085;39.1;16.0
80;2021-05-28;3863;2972;226879;94057;39.8;16.5
80;2021-05-29;3694;1618;230573;95675;40.5;16.8
80;2021-05-30;1178;197;231751;95872;40.7;16.8
80;2021-05-31;2600;1375;234351;97247;41.1;17.1
80;2021-06-01;4026;2425;238377;99672;41.8;17.5
80;2021-06-02;3327;1996;241704;101668;42.4;17.8
80;2021-06-03;4263;2922;245967;104590;43.2;18.4
80;2021-06-04;4781;3063;250748;107653;44.0;18.9
80;2021-06-05;3551;2074;254299;109727;44.6;19.3
80;2021-06-06;796;205;255095;109932;44.8;19.3
80;2021-06-07;1743;1940;256838;111872;45.1;19.6
80;2021-06-08;2733;2552;259571;114424;45.6;20.1
80;2021-06-09;2984;2719;262555;117143;46.1;20.6
80;2021-06-10;3153;3157;265708;120300;46.6;21.1
80;2021-06-11;3209;3880;268917;124180;47.2;21.8
80;2021-06-12;3031;2326;271948;126506;47.7;22.2
80;2021-06-13;470;404;272418;126910;47.8;22.3
80;2021-06-14;1255;2852;273673;129762;48.0;22.8
80;2021-06-15;2298;3430;275971;133192;48.4;23.4
80;2021-06-16;1557;4220;277528;137412;48.7;24.1
80;2021-06-17;2353;3630;279881;141042;49.1;24.8
80;2021-06-18;2539;3898;282420;144940;49.6;25.4
80;2021-06-19;2966;4353;285386;149293;50.1;26.2
80;2021-06-20;200;1082;285586;150375;50.1;26.4
80;2021-06-21;994;2628;286580;153003;50.3;26.9
80;2021-06-22;1138;3949;287718;156952;50.5;27.5
80;2021-06-23;1827;5301;289545;162253;50.8;28.5
80;2021-06-24;1682;4699;291227;166952;51.1;29.3
80;2021-06-25;1368;6138;292595;173090;51.4;30.4
80;2021-06-26;1920;6187;294515;179277;51.7;31.5
80;2021-06-27;324;2031;294839;181308;51.7;31.8
80;2021-06-28;896;3179;295735;184487;51.9;32.4
80;2021-06-29;1898;4623;297633;189110;52.2;33.2
80;2021-06-30;1215;4781;298848;193891;52.5;34.0
80;2021-07-01;1530;5000;300378;198891;52.7;34.9
80;2021-07-02;1844;5985;302222;204876;53.0;36.0
80;2021-07-03;1285;5278;303507;210154;53.3;36.9
80;2021-07-04;686;1470;304193;211624;53.4;37.1
80;2021-07-05;865;2951;305058;214575;53.5;37.7
80;2021-07-06;1837;3977;306895;218552;53.9;38.4
80;2021-07-07;1535;4501;308430;223053;54.1;39.1
80;2021-07-08;2061;4995;310491;228048;54.5;40.0
80;2021-07-09;2577;5441;313068;233489;54.9;41.0
80;2021-07-10;1593;3979;314661;237468;55.2;41.7
80;2021-07-11;397;794;315058;238262;55.3;41.8
80;2021-07-12;860;3379;315918;241641;55.4;42.4
80;2021-07-13;2038;5076;317956;246717;55.8;43.3
80;2021-07-14;2772;1717;320728;248434;56.3;43.6
80;2021-07-15;2736;5272;323464;253706;56.8;44.5
81;2020-12-27;0;0;0;0;0.0;0.0
81;2020-12-28;0;0;0;0;0.0;0.0
81;2020-12-29;0;0;0;0;0.0;0.0
81;2020-12-30;0;0;0;0;0.0;0.0
81;2020-12-31;0;0;0;0;0.0;0.0
81;2021-01-01;0;0;0;0;0.0;0.0
81;2021-01-02;0;0;0;0;0.0;0.0
81;2021-01-03;0;0;0;0;0.0;0.0
81;2021-01-04;1;0;1;0;0.0;0.0
81;2021-01-05;0;0;1;0;0.0;0.0
81;2021-01-06;4;0;5;0;0.0;0.0
81;2021-01-07;266;0;271;0;0.1;0.0
81;2021-01-08;312;1;583;1;0.2;0.0
81;2021-01-09;74;1;657;2;0.2;0.0
81;2021-01-10;1;0;658;2;0.2;0.0
81;2021-01-11;133;0;791;2;0.2;0.0
81;2021-01-12;166;0;957;2;0.2;0.0
81;2021-01-13;233;1;1190;3;0.3;0.0
81;2021-01-14;958;7;2148;10;0.6;0.0
81;2021-01-15;521;1;2669;11;0.7;0.0
81;2021-01-16;73;0;2742;11;0.7;0.0
81;2021-01-17;0;0;2742;11;0.7;0.0
81;2021-01-18;577;2;3319;13;0.9;0.0
81;2021-01-19;662;4;3981;17;1.0;0.0
81;2021-01-20;751;1;4732;18;1.2;0.0
81;2021-01-21;1174;2;5906;20;1.5;0.0
81;2021-01-22;851;2;6757;22;1.7;0.0
81;2021-01-23;221;1;6978;23;1.8;0.0
81;2021-01-24;102;0;7080;23;1.8;0.0
81;2021-01-25;565;3;7645;26;2.0;0.0
81;2021-01-26;634;5;8279;31;2.1;0.0
81;2021-01-27;551;4;8830;35;2.3;0.0
81;2021-01-28;677;215;9507;250;2.5;0.1
81;2021-01-29;299;184;9806;434;2.5;0.1
81;2021-01-30;200;38;10006;472;2.6;0.1
81;2021-01-31;104;1;10110;473;2.6;0.1
81;2021-02-01;320;130;10430;603;2.7;0.2
81;2021-02-02;446;142;10876;745;2.8;0.2
81;2021-02-03;476;223;11352;968;2.9;0.2
81;2021-02-04;1390;690;12742;1658;3.3;0.4
81;2021-02-05;868;315;13610;1973;3.5;0.5
81;2021-02-06;274;20;13884;1993;3.6;0.5
81;2021-02-07;103;0;13987;1993;3.6;0.5
81;2021-02-08;276;221;14263;2214;3.7;0.6
81;2021-02-09;418;220;14681;2434;3.8;0.6
81;2021-02-10;370;284;15051;2718;3.9;0.7
81;2021-02-11;649;388;15700;3106;4.0;0.8
81;2021-02-12;576;547;16276;3653;4.2;0.9
81;2021-02-13;187;159;16463;3812;4.2;1.0
81;2021-02-14;100;1;16563;3813;4.3;1.0
81;2021-02-15;233;485;16796;4298;4.3;1.1
81;2021-02-16;282;616;17078;4914;4.4;1.3
81;2021-02-17;241;522;17319;5436;4.5;1.4
81;2021-02-18;483;675;17802;6111;4.6;1.6
81;2021-02-19;564;409;18366;6520;4.7;1.7
81;2021-02-20;322;280;18688;6800;4.8;1.8
81;2021-02-21;22;80;18710;6880;4.8;1.8
81;2021-02-22;233;537;18943;7417;4.9;1.9
81;2021-02-23;174;597;19117;8014;4.9;2.1
81;2021-02-24;291;631;19408;8645;5.0;2.2
81;2021-02-25;700;1053;20108;9698;5.2;2.5
81;2021-02-26;908;952;21016;10650;5.4;2.7
81;2021-02-27;274;240;21290;10890;5.5;2.8
81;2021-02-28;21;89;21311;10979;5.5;2.8
81;2021-03-01;207;410;21518;11389;5.5;2.9
81;2021-03-02;362;542;21880;11931;5.6;3.1
81;2021-03-03;464;422;22344;12353;5.8;3.2
81;2021-03-04;1061;456;23405;12809;6.0;3.3
81;2021-03-05;1406;384;24811;13193;6.4;3.4
81;2021-03-06;977;162;25788;13355;6.6;3.4
81;2021-03-07;154;101;25942;13456;6.7;3.5
81;2021-03-08;464;356;26406;13812;6.8;3.6
81;2021-03-09;808;385;27214;14197;7.0;3.7
81;2021-03-10;897;387;28111;14584;7.2;3.8
81;2021-03-11;1346;351;29457;14935;7.6;3.9
81;2021-03-12;1688;289;31145;15224;8.0;3.9
81;2021-03-13;1030;184;32175;15408;8.3;4.0
81;2021-03-14;64;82;32239;15490;8.3;4.0
81;2021-03-15;1094;206;33333;15696;8.6;4.0
81;2021-03-16;724;226;34057;15922;8.8;4.1
81;2021-03-17;888;267;34945;16189;9.0;4.2
81;2021-03-18;965;576;35910;16765;9.3;4.3
81;2021-03-19;1268;450;37178;17215;9.6;4.4
81;2021-03-20;676;273;37854;17488;9.8;4.5
81;2021-03-21;139;22;37993;17510;9.8;4.5
81;2021-03-22;931;282;38924;17792;10.0;4.6
81;2021-03-23;1418;218;40342;18010;10.4;4.6
81;2021-03-24;1598;269;41940;18279;10.8;4.7
81;2021-03-25;2028;318;43968;18597;11.3;4.8
81;2021-03-26;2099;269;46067;18866;11.9;4.9
81;2021-03-27;1092;32;47159;18898;12.2;4.9
81;2021-03-28;733;38;47892;18936;12.3;4.9
81;2021-03-29;2862;171;50754;19107;13.1;4.9
81;2021-03-30;3052;197;53806;19304;13.9;5.0
81;2021-03-31;2690;281;56496;19585;14.6;5.0
81;2021-04-01;3307;537;59803;20122;15.4;5.2
81;2021-04-02;2611;355;62414;20477;16.1;5.3
81;2021-04-03;1146;296;63560;20773;16.4;5.4
81;2021-04-04;1401;17;64961;20790;16.7;5.4
81;2021-04-05;717;17;65678;20807;16.9;5.4
81;2021-04-06;1589;498;67267;21305;17.3;5.5
81;2021-04-07;1814;573;69081;21878;17.8;5.6
81;2021-04-08;2612;820;71693;22698;18.5;5.9
81;2021-04-09;3047;449;74740;23147;19.3;6.0
81;2021-04-10;1476;497;76216;23644;19.6;6.1
81;2021-04-11;1297;54;77513;23698;20.0;6.1
81;2021-04-12;1217;683;78730;24381;20.3;6.3
81;2021-04-13;2531;766;81261;25147;20.9;6.5
81;2021-04-14;2501;813;83762;25960;21.6;6.7
81;2021-04-15;3094;1179;86856;27139;22.4;7.0
81;2021-04-16;2817;1068;89673;28207;23.1;7.3
81;2021-04-17;1145;285;90818;28492;23.4;7.3
81;2021-04-18;517;143;91335;28635;23.5;7.4
81;2021-04-19;912;815;92247;29450;23.8;7.6
81;2021-04-20;2270;1163;94517;30613;24.4;7.9
81;2021-04-21;2224;995;96741;31608;24.9;8.1
81;2021-04-22;2814;1053;99555;32661;25.7;8.4
81;2021-04-23;2876;957;102431;33618;26.4;8.7
81;2021-04-24;1325;742;103756;34360;26.7;8.9
81;2021-04-25;454;717;104210;35077;26.9;9.0
81;2021-04-26;1060;2423;105270;37500;27.1;9.7
81;2021-04-27;1595;2348;106865;39848;27.5;10.3
81;2021-04-28;1416;2387;108281;42235;27.9;10.9
81;2021-04-29;1816;2747;110097;44982;28.4;11.6
81;2021-04-30;2012;2347;112109;47329;28.9;12.2
81;2021-05-01;361;684;112470;48013;29.0;12.4
81;2021-05-02;291;1381;112761;49394;29.1;12.7
81;2021-05-03;1113;1168;113874;50562;29.4;13.0
81;2021-05-04;2620;1903;116494;52465;30.0;13.5
81;2021-05-05;2014;1927;118508;54392;30.6;14.0
81;2021-05-06;2737;3406;121245;57798;31.3;14.9
81;2021-05-07;2110;2852;123355;60650;31.8;15.6
81;2021-05-08;962;874;124317;61524;32.0;15.9
81;2021-05-09;534;1352;124851;62876;32.2;16.2
81;2021-05-10;823;1602;125674;64478;32.4;16.6
81;2021-05-11;1660;2575;127334;67053;32.8;17.3
81;2021-05-12;1634;2454;128968;69507;33.2;17.9
81;2021-05-13;1216;565;130184;70072;33.6;18.1
81;2021-05-14;1888;1721;132072;71793;34.0;18.5
81;2021-05-15;1510;618;133582;72411;34.4;18.7
81;2021-05-16;1368;415;134950;72826;34.8;18.8
81;2021-05-17;1166;859;136116;73685;35.1;19.0
81;2021-05-18;1697;1431;137813;75116;35.5;19.4
81;2021-05-19;2641;1243;140454;76359;36.2;19.7
81;2021-05-20;2965;1344;143419;77703;37.0;20.0
81;2021-05-21;2737;1113;146156;78816;37.7;20.3
81;2021-05-22;2816;514;148972;79330;38.4;20.5
81;2021-05-23;1179;74;150151;79404;38.7;20.5
81;2021-05-24;835;77;150986;79481;38.9;20.5
81;2021-05-25;2491;1102;153477;80583;39.6;20.8
81;2021-05-26;1890;793;155367;81376;40.1;21.0
81;2021-05-27;2554;1530;157921;82906;40.7;21.4
81;2021-05-28;2562;1662;160483;84568;41.4;21.8
81;2021-05-29;1401;539;161884;85107;41.7;21.9
81;2021-05-30;932;220;162816;85327;42.0;22.0
81;2021-05-31;1182;1338;163998;86665;42.3;22.3
81;2021-06-01;1778;2698;165776;89363;42.7;23.0
81;2021-06-02;1987;2440;167763;91803;43.2;23.7
81;2021-06-03;2000;2532;169763;94335;43.8;24.3
81;2021-06-04;1840;2951;171603;97286;44.2;25.1
81;2021-06-05;1752;1303;173355;98589;44.7;25.4
81;2021-06-06;369;366;173724;98955;44.8;25.5
81;2021-06-07;1206;1535;174930;100490;45.1;25.9
81;2021-06-08;2345;2387;177275;102877;45.7;26.5
81;2021-06-09;2433;1861;179708;104738;46.3;27.0
81;2021-06-10;1270;1561;180978;106299;46.7;27.4
81;2021-06-11;2643;2194;183621;108493;47.3;28.0
81;2021-06-12;1654;1032;185275;109525;47.8;28.2
81;2021-06-13;442;474;185717;109999;47.9;28.4
81;2021-06-14;769;1420;186486;111419;48.1;28.7
81;2021-06-15;1670;3503;188156;114922;48.5;29.6
81;2021-06-16;1263;3008;189419;117930;48.8;30.4
81;2021-06-17;1334;2522;190753;120452;49.2;31.1
81;2021-06-18;1828;2763;192581;123215;49.6;31.8
81;2021-06-19;823;948;193404;124163;49.9;32.0
81;2021-06-20;404;538;193808;124701;50.0;32.1
81;2021-06-21;420;1038;194228;125739;50.1;32.4
81;2021-06-22;1056;2570;195284;128309;50.3;33.1
81;2021-06-23;1122;2151;196406;130460;50.6;33.6
81;2021-06-24;1103;1941;197509;132401;50.9;34.1
81;2021-06-25;1208;2869;198717;135270;51.2;34.9
81;2021-06-26;720;1705;199437;136975;51.4;35.3
81;2021-06-27;524;1651;199961;138626;51.5;35.7
81;2021-06-28;468;1544;200429;140170;51.7;36.1
81;2021-06-29;1060;2632;201489;142802;51.9;36.8
81;2021-06-30;1031;3155;202520;145957;52.2;37.6
81;2021-07-01;870;2624;203390;148581;52.4;38.3
81;2021-07-02;987;2857;204377;151438;52.7;39.0
81;2021-07-03;724;2819;205101;154257;52.9;39.8
81;2021-07-04;267;1011;205368;155268;52.9;40.0
81;2021-07-05;680;1613;206048;156881;53.1;40.4
81;2021-07-06;967;3174;207015;160055;53.4;41.3
81;2021-07-07;1054;2438;208069;162493;53.6;41.9
81;2021-07-08;1025;2230;209094;164723;53.9;42.5
81;2021-07-09;1141;2697;210235;167420;54.2;43.2
81;2021-07-10;789;1512;211024;168932;54.4;43.6
81;2021-07-11;434;1012;211458;169944;54.5;43.8
81;2021-07-12;718;1725;212176;171669;54.7;44.3
81;2021-07-13;2048;3128;214224;174797;55.2;45.1
81;2021-07-14;1437;1554;215661;176351;55.6;45.5
81;2021-07-15;2517;2742;218178;179093;56.2;46.2
82;2020-12-27;0;0;0;0;0.0;0.0
82;2020-12-28;1;0;1;0;0.0;0.0
82;2020-12-29;0;0;1;0;0.0;0.0
82;2020-12-30;0;0;1;0;0.0;0.0
82;2020-12-31;0;0;1;0;0.0;0.0
82;2021-01-01;0;0;1;0;0.0;0.0
82;2021-01-02;0;0;1;0;0.0;0.0
82;2021-01-03;0;0;1;0;0.0;0.0
82;2021-01-04;0;0;1;0;0.0;0.0
82;2021-01-05;86;0;87;0;0.0;0.0
82;2021-01-06;1;0;88;0;0.0;0.0
82;2021-01-07;75;0;163;0;0.1;0.0
82;2021-01-08;46;0;209;0;0.1;0.0
82;2021-01-09;77;0;286;0;0.1;0.0
82;2021-01-10;0;0;286;0;0.1;0.0
82;2021-01-11;94;0;380;0;0.1;0.0
82;2021-01-12;284;0;664;0;0.3;0.0
82;2021-01-13;336;1;1000;1;0.4;0.0
82;2021-01-14;441;4;1441;5;0.5;0.0
82;2021-01-15;613;2;2054;7;0.8;0.0
82;2021-01-16;228;3;2282;10;0.9;0.0
82;2021-01-17;89;0;2371;10;0.9;0.0
82;2021-01-18;433;2;2804;12;1.1;0.0
82;2021-01-19;479;1;3283;13;1.3;0.0
82;2021-01-20;662;1;3945;14;1.5;0.0
82;2021-01-21;446;1;4391;15;1.7;0.0
82;2021-01-22;482;2;4873;17;1.9;0.0
82;2021-01-23;151;0;5024;17;1.9;0.0
82;2021-01-24;0;0;5024;17;1.9;0.0
82;2021-01-25;376;0;5400;17;2.1;0.0
82;2021-01-26;468;0;5868;17;2.2;0.0
82;2021-01-27;519;1;6387;18;2.4;0.0
82;2021-01-28;585;34;6972;52;2.7;0.0
82;2021-01-29;405;108;7377;160;2.8;0.1
82;2021-01-30;44;22;7421;182;2.8;0.1
82;2021-01-31;0;0;7421;182;2.8;0.1
82;2021-02-01;292;55;7713;237;2.9;0.1
82;2021-02-02;344;100;8057;337;3.1;0.1
82;2021-02-03;462;66;8519;403;3.2;0.2
82;2021-02-04;763;219;9282;622;3.5;0.2
82;2021-02-05;478;147;9760;769;3.7;0.3
82;2021-02-06;93;39;9853;808;3.8;0.3
82;2021-02-07;29;79;9882;887;3.8;0.3
82;2021-02-08;148;227;10030;1114;3.8;0.4
82;2021-02-09;238;393;10268;1507;3.9;0.6
82;2021-02-10;271;602;10539;2109;4.0;0.8
82;2021-02-11;224;402;10763;2511;4.1;1.0
82;2021-02-12;190;611;10953;3122;4.2;1.2
82;2021-02-13;59;118;11012;3240;4.2;1.2
82;2021-02-14;4;81;11016;3321;4.2;1.3
82;2021-02-15;217;306;11233;3627;4.3;1.4
82;2021-02-16;280;391;11513;4018;4.4;1.5
82;2021-02-17;356;519;11869;4537;4.5;1.7
82;2021-02-18;507;511;12376;5048;4.7;1.9
82;2021-02-19;489;542;12865;5590;4.9;2.1
82;2021-02-20;78;139;12943;5729;4.9;2.2
82;2021-02-21;0;0;12943;5729;4.9;2.2
82;2021-02-22;198;407;13141;6136;5.0;2.3
82;2021-02-23;274;469;13415;6605;5.1;2.5
82;2021-02-24;280;458;13695;7063;5.2;2.7
82;2021-02-25;637;508;14332;7571;5.5;2.9
82;2021-02-26;648;375;14980;7946;5.7;3.0
82;2021-02-27;214;72;15194;8018;5.8;3.1
82;2021-02-28;30;7;15224;8025;5.8;3.1
82;2021-03-01;290;227;15514;8252;5.9;3.1
82;2021-03-02;495;400;16009;8652;6.1;3.3
82;2021-03-03;440;386;16449;9038;6.3;3.4
82;2021-03-04;600;299;17049;9337;6.5;3.6
82;2021-03-05;680;378;17729;9715;6.8;3.7
82;2021-03-06;685;39;18414;9754;7.0;3.7
82;2021-03-07;300;3;18714;9757;7.1;3.7
82;2021-03-08;603;156;19317;9913;7.4;3.8
82;2021-03-09;582;256;19899;10169;7.6;3.9
82;2021-03-10;777;244;20676;10413;7.9;4.0
82;2021-03-11;970;280;21646;10693;8.2;4.1
82;2021-03-12;992;103;22638;10796;8.6;4.1
82;2021-03-13;564;51;23202;10847;8.8;4.1
82;2021-03-14;61;5;23263;10852;8.9;4.1
82;2021-03-15;485;323;23748;11175;9.0;4.3
82;2021-03-16;195;334;23943;11509;9.1;4.4
82;2021-03-17;190;296;24133;11805;9.2;4.5
82;2021-03-18;279;350;24412;12155;9.3;4.6
82;2021-03-19;533;312;24945;12467;9.5;4.7
82;2021-03-20;252;57;25197;12524;9.6;4.8
82;2021-03-21;23;0;25220;12524;9.6;4.8
82;2021-03-22;405;316;25625;12840;9.8;4.9
82;2021-03-23;602;311;26227;13151;10.0;5.0
82;2021-03-24;619;332;26846;13483;10.2;5.1
82;2021-03-25;926;244;27772;13727;10.6;5.2
82;2021-03-26;1211;266;28983;13993;11.0;5.3
82;2021-03-27;478;77;29461;14070;11.2;5.4
82;2021-03-28;136;1;29597;14071;11.3;5.4
82;2021-03-29;923;377;30520;14448;11.6;5.5
82;2021-03-30;1185;274;31705;14722;12.1;5.6
82;2021-03-31;1016;256;32721;14978;12.5;5.7
82;2021-04-01;1072;193;33793;15171;12.9;5.8
82;2021-04-02;1210;281;35003;15452;13.3;5.9
82;2021-04-03;715;128;35718;15580;13.6;5.9
82;2021-04-04;275;12;35993;15592;13.7;5.9
82;2021-04-05;388;19;36381;15611;13.9;5.9
82;2021-04-06;950;511;37331;16122;14.2;6.1
82;2021-04-07;1017;494;38348;16616;14.6;6.3
82;2021-04-08;1454;408;39802;17024;15.2;6.5
82;2021-04-09;1654;470;41456;17494;15.8;6.7
82;2021-04-10;1710;97;43166;17591;16.4;6.7
82;2021-04-11;559;17;43725;17608;16.6;6.7
82;2021-04-12;1347;286;45072;17894;17.2;6.8
82;2021-04-13;1623;265;46695;18159;17.8;6.9
82;2021-04-14;1403;294;48098;18453;18.3;7.0
82;2021-04-15;1776;320;49874;18773;19.0;7.1
82;2021-04-16;1538;329;51412;19102;19.6;7.3
82;2021-04-17;1242;69;52654;19171;20.0;7.3
82;2021-04-18;561;13;53215;19184;20.3;7.3
82;2021-04-19;959;359;54174;19543;20.6;7.4
82;2021-04-20;1266;396;55440;19939;21.1;7.6
82;2021-04-21;1217;375;56657;20314;21.6;7.7
82;2021-04-22;1446;293;58103;20607;22.1;7.8
82;2021-04-23;1077;681;59180;21288;22.5;8.1
82;2021-04-24;1183;260;60363;21548;23.0;8.2
82;2021-04-25;736;47;61099;21595;23.3;8.2
82;2021-04-26;747;809;61846;22404;23.5;8.5
82;2021-04-27;905;924;62751;23328;23.9;8.9
82;2021-04-28;921;866;63672;24194;24.2;9.2
82;2021-04-29;1105;904;64777;25098;24.7;9.6
82;2021-04-30;1039;887;65816;25985;25.1;9.9
82;2021-05-01;1139;257;66955;26242;25.5;10.0
82;2021-05-02;696;143;67651;26385;25.8;10.0
82;2021-05-03;410;1215;68061;27600;25.9;10.5
82;2021-05-04;862;1166;68923;28766;26.2;11.0
82;2021-05-05;568;1172;69491;29938;26.5;11.4
82;2021-05-06;852;1417;70343;31355;26.8;11.9
82;2021-05-07;732;1452;71075;32807;27.1;12.5
82;2021-05-08;933;519;72008;33326;27.4;12.7
82;2021-05-09;754;579;72762;33905;27.7;12.9
82;2021-05-10;850;1365;73612;35270;28.0;13.4
82;2021-05-11;1158;1349;74770;36619;28.5;13.9
82;2021-05-12;1013;1344;75783;37963;28.9;14.5
82;2021-05-13;1454;429;77237;38392;29.4;14.6
82;2021-05-14;1689;1235;78926;39627;30.1;15.1
82;2021-05-15;1934;689;80860;40316;30.8;15.4
82;2021-05-16;557;115;81417;40431;31.0;15.4
82;2021-05-17;1090;1172;82507;41603;31.4;15.8
82;2021-05-18;1462;1185;83969;42788;32.0;16.3
82;2021-05-19;1268;979;85237;43767;32.5;16.7
82;2021-05-20;1407;1155;86644;44922;33.0;17.1
82;2021-05-21;1411;1212;88055;46134;33.5;17.6
82;2021-05-22;2070;629;90125;46763;34.3;17.8
82;2021-05-23;703;117;90828;46880;34.6;17.9
82;2021-05-24;1441;263;92269;47143;35.1;18.0
82;2021-05-25;1443;963;93712;48106;35.7;18.3
82;2021-05-26;1411;919;95123;49025;36.2;18.7
82;2021-05-27;1461;1028;96584;50053;36.8;19.1
82;2021-05-28;1538;1146;98122;51199;37.4;19.5
82;2021-05-29;1496;546;99618;51745;37.9;19.7
82;2021-05-30;402;101;100020;51846;38.1;19.7
82;2021-05-31;1488;988;101508;52834;38.7;20.1
82;2021-06-01;1749;1049;103257;53883;39.3;20.5
82;2021-06-02;1474;1004;104731;54887;39.9;20.9
82;2021-06-03;1489;1179;106220;56066;40.4;21.3
82;2021-06-04;2244;1306;108464;57372;41.3;21.8
82;2021-06-05;2270;984;110734;58356;42.2;22.2
82;2021-06-06;327;134;111061;58490;42.3;22.3
82;2021-06-07;956;1275;112017;59765;42.7;22.8
82;2021-06-08;1442;1135;113459;60900;43.2;23.2
82;2021-06-09;1704;1139;115163;62039;43.9;23.6
82;2021-06-10;1436;1207;116599;63246;44.4;24.1
82;2021-06-11;1919;1119;118518;64365;45.1;24.5
82;2021-06-12;2392;1397;120910;65762;46.0;25.0
82;2021-06-13;376;111;121286;65873;46.2;25.1
82;2021-06-14;1206;1080;122492;66953;46.6;25.5
82;2021-06-15;1457;1242;123949;68195;47.2;26.0
82;2021-06-16;1748;1166;125697;69361;47.9;26.4
82;2021-06-17;1216;1475;126913;70836;48.3;27.0
82;2021-06-18;1468;1442;128381;72278;48.9;27.5
82;2021-06-19;2268;975;130649;73253;49.7;27.9
82;2021-06-20;268;174;130917;73427;49.9;28.0
82;2021-06-21;483;1362;131400;74789;50.0;28.5
82;2021-06-22;888;1709;132288;76498;50.4;29.1
82;2021-06-23;1230;1585;133518;78083;50.8;29.7
82;2021-06-24;749;1901;134267;79984;51.1;30.5
82;2021-06-25;737;1940;135004;81924;51.4;31.2
82;2021-06-26;1238;2148;136242;84072;51.9;32.0
82;2021-06-27;195;438;136437;84510;52.0;32.2
82;2021-06-28;330;1412;136767;85922;52.1;32.7
82;2021-06-29;514;1844;137281;87766;52.3;33.4
82;2021-06-30;940;1904;138221;89670;52.6;34.1
82;2021-07-01;648;1633;138869;91303;52.9;34.8
82;2021-07-02;928;2315;139797;93618;53.2;35.6
82;2021-07-03;858;2332;140655;95950;53.6;36.5
82;2021-07-04;117;436;140772;96386;53.6;36.7
82;2021-07-05;436;1564;141208;97950;53.8;37.3
82;2021-07-06;509;1867;141717;99817;54.0;38.0
82;2021-07-07;779;1764;142496;101581;54.3;38.7
82;2021-07-08;504;1501;143000;103082;54.5;39.3
82;2021-07-09;779;2152;143779;105234;54.7;40.1
82;2021-07-10;701;2216;144480;107450;55.0;40.9
82;2021-07-11;38;382;144518;107832;55.0;41.1
82;2021-07-12;576;1877;145094;109709;55.2;41.8
82;2021-07-13;705;2002;145799;111711;55.5;42.5
82;2021-07-14;615;734;146414;112445;55.8;42.8
82;2021-07-15;839;1742;147253;114187;56.1;43.5
83;2020-12-27;0;0;0;0;0.0;0.0
83;2020-12-28;0;0;0;0;0.0;0.0
83;2020-12-29;0;0;0;0;0.0;0.0
83;2020-12-30;0;0;0;0;0.0;0.0
83;2020-12-31;0;0;0;0;0.0;0.0
83;2021-01-01;1;0;1;0;0.0;0.0
83;2021-01-02;0;0;1;0;0.0;0.0
83;2021-01-03;0;0;1;0;0.0;0.0
83;2021-01-04;0;0;1;0;0.0;0.0
83;2021-01-05;2;0;3;0;0.0;0.0
83;2021-01-06;69;0;72;0;0.0;0.0
83;2021-01-07;324;1;396;1;0.0;0.0
83;2021-01-08;410;1;806;2;0.1;0.0
83;2021-01-09;48;0;854;2;0.1;0.0
83;2021-01-10;1;0;855;2;0.1;0.0
83;2021-01-11;474;0;1329;2;0.1;0.0
83;2021-01-12;974;2;2303;4;0.2;0.0
83;2021-01-13;961;8;3264;12;0.3;0.0
83;2021-01-14;829;6;4093;18;0.4;0.0
83;2021-01-15;702;0;4795;18;0.4;0.0
83;2021-01-16;40;0;4835;18;0.5;0.0
83;2021-01-17;1;0;4836;18;0.5;0.0
83;2021-01-18;1216;4;6052;22;0.6;0.0
83;2021-01-19;2010;6;8062;28;0.8;0.0
83;2021-01-20;1654;9;9716;37;0.9;0.0
83;2021-01-21;2094;6;11810;43;1.1;0.0
83;2021-01-22;1645;3;13455;46;1.3;0.0
83;2021-01-23;242;0;13697;46;1.3;0.0
83;2021-01-24;21;1;13718;47;1.3;0.0
83;2021-01-25;1547;3;15265;50;1.4;0.0
83;2021-01-26;1743;14;17008;64;1.6;0.0
83;2021-01-27;2150;77;19158;141;1.8;0.0
83;2021-01-28;5072;353;24230;494;2.3;0.0
83;2021-01-29;2945;349;27175;843;2.5;0.1
83;2021-01-30;232;45;27407;888;2.6;0.1
83;2021-01-31;46;0;27453;888;2.6;0.1
83;2021-02-01;1276;423;28729;1311;2.7;0.1
83;2021-02-02;1423;727;30152;2038;2.8;0.2
83;2021-02-03;1518;638;31670;2676;2.9;0.2
83;2021-02-04;1482;749;33152;3425;3.1;0.3
83;2021-02-05;1217;684;34369;4109;3.2;0.4
83;2021-02-06;20;14;34389;4123;3.2;0.4
83;2021-02-07;1;0;34390;4123;3.2;0.4
83;2021-02-08;1083;630;35473;4753;3.3;0.4
83;2021-02-09;1323;909;36796;5662;3.4;0.5
83;2021-02-10;1525;815;38321;6477;3.6;0.6
83;2021-02-11;1598;1028;39919;7505;3.7;0.7
83;2021-02-12;1343;846;41262;8351;3.8;0.8
83;2021-02-13;52;25;41314;8376;3.8;0.8
83;2021-02-14;0;0;41314;8376;3.8;0.8
83;2021-02-15;666;1062;41980;9438;3.9;0.9
83;2021-02-16;542;1376;42522;10814;4.0;1.0
83;2021-02-17;803;1847;43325;12661;4.0;1.2
83;2021-02-18;1597;3872;44922;16533;4.2;1.5
83;2021-02-19;1468;2373;46390;18906;4.3;1.8
83;2021-02-20;58;170;46448;19076;4.3;1.8
83;2021-02-21;22;35;46470;19111;4.3;1.8
83;2021-02-22;499;1773;46969;20884;4.4;1.9
83;2021-02-23;667;1462;47636;22346;4.4;2.1
83;2021-02-24;718;1493;48354;23839;4.5;2.2
83;2021-02-25;1240;1415;49594;25254;4.6;2.4
83;2021-02-26;1295;1255;50889;26509;4.7;2.5
83;2021-02-27;550;55;51439;26564;4.8;2.5
83;2021-02-28;8;13;51447;26577;4.8;2.5
83;2021-03-01;803;1248;52250;27825;4.9;2.6
83;2021-03-02;982;1307;53232;29132;5.0;2.7
83;2021-03-03;1423;1526;54655;30658;5.1;2.9
83;2021-03-04;1867;1375;56522;32033;5.3;3.0
83;2021-03-05;2206;1229;58728;33262;5.5;3.1
83;2021-03-06;2990;96;61718;33358;5.7;3.1
83;2021-03-07;2223;18;63941;33376;6.0;3.1
83;2021-03-08;844;1318;64785;34694;6.0;3.2
83;2021-03-09;1922;1216;66707;35910;6.2;3.3
83;2021-03-10;2359;1345;69066;37255;6.4;3.5
83;2021-03-11;3655;2195;72721;39450;6.8;3.7
83;2021-03-12;3634;1492;76355;40942;7.1;3.8
83;2021-03-13;4580;160;80935;41102;7.5;3.8
83;2021-03-14;2318;40;83253;41142;7.8;3.8
83;2021-03-15;3330;679;86583;41821;8.1;3.9
83;2021-03-16;2590;675;89173;42496;8.3;4.0
83;2021-03-17;2835;757;92008;43253;8.6;4.0
83;2021-03-18;3544;786;95552;44039;8.9;4.1
83;2021-03-19;4162;593;99714;44632;9.3;4.2
83;2021-03-20;3464;53;103178;44685;9.6;4.2
83;2021-03-21;2007;25;105185;44710;9.8;4.2
83;2021-03-22;3952;883;109137;45593;10.2;4.2
83;2021-03-23;4729;571;113866;46164;10.6;4.3
83;2021-03-24;5021;697;118887;46861;11.1;4.4
83;2021-03-25;6514;805;125401;47666;11.7;4.4
83;2021-03-26;7167;718;132568;48384;12.3;4.5
83;2021-03-27;3960;373;136528;48757;12.7;4.5
83;2021-03-28;2181;21;138709;48778;12.9;4.5
83;2021-03-29;4535;742;143244;49520;13.3;4.6
83;2021-03-30;5940;908;149184;50428;13.9;4.7
83;2021-03-31;5542;1044;154726;51472;14.4;4.8
83;2021-04-01;5956;1240;160682;52712;15.0;4.9
83;2021-04-02;5747;1051;166429;53763;15.5;5.0
83;2021-04-03;1794;621;168223;54384;15.7;5.1
83;2021-04-04;851;343;169074;54727;15.7;5.1
83;2021-04-05;183;65;169257;54792;15.8;5.1
83;2021-04-06;4717;1365;173974;56157;16.2;5.2
83;2021-04-07;5822;1626;179796;57783;16.7;5.4
83;2021-04-08;7854;1951;187650;59734;17.5;5.6
83;2021-04-09;7579;2161;195229;61895;18.2;5.8
83;2021-04-10;2941;2632;198170;64527;18.5;6.0
83;2021-04-11;1720;2129;199890;66656;18.6;6.2
83;2021-04-12;4940;2838;204830;69494;19.1;6.5
83;2021-04-13;5397;2985;210227;72479;19.6;6.7
83;2021-04-14;5891;2922;216118;75401;20.1;7.0
83;2021-04-15;6754;2999;222872;78400;20.8;7.3
83;2021-04-16;6115;3482;228987;81882;21.3;7.6
83;2021-04-17;3501;2179;232488;84061;21.7;7.8
83;2021-04-18;2171;1290;234659;85351;21.9;7.9
83;2021-04-19;4096;3888;238755;89239;22.2;8.3
83;2021-04-20;4355;3852;243110;93091;22.6;8.7
83;2021-04-21;4286;4132;247396;97223;23.0;9.1
83;2021-04-22;4995;4268;252391;101491;23.5;9.5
83;2021-04-23;4499;4523;256890;106014;23.9;9.9
83;2021-04-24;2625;2704;259515;108718;24.2;10.1
83;2021-04-25;1925;1567;261440;110285;24.3;10.3
83;2021-04-26;3570;3839;265010;114124;24.7;10.6
83;2021-04-27;4127;4537;269137;118661;25.1;11.1
83;2021-04-28;4312;4341;273449;123002;25.5;11.5
83;2021-04-29;5795;5075;279244;128077;26.0;11.9
83;2021-04-30;5777;4282;285021;132359;26.5;12.3
83;2021-05-01;1693;422;286714;132781;26.7;12.4
83;2021-05-02;1231;748;287945;133529;26.8;12.4
83;2021-05-03;3746;4268;291691;137797;27.2;12.8
83;2021-05-04;3338;5088;295029;142885;27.5;13.3
83;2021-05-05;3630;4943;298659;147828;27.8;13.8
83;2021-05-06;4654;4926;303313;152754;28.2;14.2
83;2021-05-07;4159;5297;307472;158051;28.6;14.7
83;2021-05-08;2753;993;310225;159044;28.9;14.8
83;2021-05-09;2148;1225;312373;160269;29.1;14.9
83;2021-05-10;3200;5410;315573;165679;29.4;15.4
83;2021-05-11;5111;5642;320684;171321;29.9;16.0
83;2021-05-12;6285;4830;326969;176151;30.4;16.4
83;2021-05-13;6571;1321;333540;177472;31.1;16.5
83;2021-05-14;7414;4085;340954;181557;31.8;16.9
83;2021-05-15;7744;2187;348698;183744;32.5;17.1
83;2021-05-16;6622;1240;355320;184984;33.1;17.2
83;2021-05-17;4891;4171;360211;189155;33.5;17.6
83;2021-05-18;5509;3842;365720;192997;34.1;18.0
83;2021-05-19;6202;3372;371922;196369;34.6;18.3
83;2021-05-20;6729;3741;378651;200110;35.3;18.6
83;2021-05-21;7902;3792;386553;203902;36.0;19.0
83;2021-05-22;6083;1705;392636;205607;36.6;19.1
83;2021-05-23;4680;700;397316;206307;37.0;19.2
83;2021-05-24;5807;962;403123;207269;37.5;19.3
83;2021-05-25;5495;4745;408618;212014;38.1;19.7
83;2021-05-26;4837;4417;413455;216431;38.5;20.2
83;2021-05-27;5062;5253;418517;221684;39.0;20.6
83;2021-05-28;4495;5747;423012;227431;39.4;21.2
83;2021-05-29;2699;4269;425711;231700;39.6;21.6
83;2021-05-30;1253;1368;426964;233068;39.8;21.7
83;2021-05-31;5488;4759;432452;237827;40.3;22.1
83;2021-06-01;5709;5293;438161;243120;40.8;22.6
83;2021-06-02;5231;4553;443392;247673;41.3;23.1
83;2021-06-03;5718;5102;449110;252775;41.8;23.5
83;2021-06-04;5427;6043;454537;258818;42.3;24.1
83;2021-06-05;3915;3185;458452;262003;42.7;24.4
83;2021-06-06;1919;1378;460371;263381;42.9;24.5
83;2021-06-07;3894;5080;464265;268461;43.2;25.0
83;2021-06-08;4119;4788;468384;273249;43.6;25.4
83;2021-06-09;3986;4694;472370;277943;44.0;25.9
83;2021-06-10;3938;4236;476308;282179;44.4;26.3
83;2021-06-11;3637;5437;479945;287616;44.7;26.8
83;2021-06-12;2896;2974;482841;290590;45.0;27.1
83;2021-06-13;990;1385;483831;291975;45.1;27.2
83;2021-06-14;2834;5653;486665;297628;45.3;27.7
83;2021-06-15;3135;4857;489800;302485;45.6;28.2
83;2021-06-16;2920;4498;492720;306983;45.9;28.6
83;2021-06-17;2712;5270;495432;312253;46.1;29.1
83;2021-06-18;3116;5947;498548;318200;46.4;29.6
83;2021-06-19;2302;4091;500850;322291;46.6;30.0
83;2021-06-20;663;1885;501513;324176;46.7;30.2
83;2021-06-21;2077;7576;503590;331752;46.9;30.9
83;2021-06-22;2081;7167;505671;338919;47.1;31.6
83;2021-06-23;1888;6932;507559;345851;47.3;32.2
83;2021-06-24;1921;7370;509480;353221;47.4;32.9
83;2021-06-25;2051;8397;511531;361618;47.6;33.7
83;2021-06-26;1445;6810;512976;368428;47.8;34.3
83;2021-06-27;681;3184;513657;371612;47.8;34.6
83;2021-06-28;1540;7886;515197;379498;48.0;35.3
83;2021-06-29;1857;7798;517054;387296;48.2;36.1
83;2021-06-30;2165;7256;519219;394552;48.4;36.7
83;2021-07-01;2482;6544;521701;401096;48.6;37.4
83;2021-07-02;2207;7785;523908;408881;48.8;38.1
83;2021-07-03;1486;5694;525394;414575;48.9;38.6
83;2021-07-04;539;2748;525933;417323;49.0;38.9
83;2021-07-05;1871;7529;527804;424852;49.2;39.6
83;2021-07-06;2534;5924;530338;430776;49.4;40.1
83;2021-07-07;2633;4645;532971;435421;49.6;40.5
83;2021-07-08;3183;4451;536154;439872;49.9;41.0
83;2021-07-09;2996;6939;539150;446811;50.2;41.6
83;2021-07-10;1552;4907;540702;451718;50.4;42.1
83;2021-07-11;990;1757;541692;453475;50.4;42.2
83;2021-07-12;2085;7645;543777;461120;50.6;42.9
83;2021-07-13;3940;7007;547717;468127;51.0;43.6
83;2021-07-14;2070;1285;549787;469412;51.2;43.7
83;2021-07-15;4407;6750;554194;476162;51.6;44.3
84;2020-12-27;0;0;0;0;0.0;0.0
84;2020-12-28;0;0;0;0;0.0;0.0
84;2020-12-29;0;0;0;0;0.0;0.0
84;2020-12-30;0;0;0;0;0.0;0.0
84;2020-12-31;0;0;0;0;0.0;0.0
84;2021-01-01;0;0;0;0;0.0;0.0
84;2021-01-02;0;0;0;0;0.0;0.0
84;2021-01-03;0;0;0;0;0.0;0.0
84;2021-01-04;0;0;0;0;0.0;0.0
84;2021-01-05;0;0;0;0;0.0;0.0
84;2021-01-06;0;0;0;0;0.0;0.0
84;2021-01-07;69;0;69;0;0.0;0.0
84;2021-01-08;81;0;150;0;0.0;0.0
84;2021-01-09;30;0;180;0;0.0;0.0
84;2021-01-10;0;0;180;0;0.0;0.0
84;2021-01-11;219;0;399;0;0.1;0.0
84;2021-01-12;588;0;987;0;0.2;0.0
84;2021-01-13;352;0;1339;0;0.2;0.0
84;2021-01-14;919;13;2258;13;0.4;0.0
84;2021-01-15;612;6;2870;19;0.5;0.0
84;2021-01-16;165;0;3035;19;0.5;0.0
84;2021-01-17;27;1;3062;20;0.5;0.0
84;2021-01-18;690;3;3752;23;0.7;0.0
84;2021-01-19;875;1;4627;24;0.8;0.0
84;2021-01-20;1014;3;5641;27;1.0;0.0
84;2021-01-21;1048;4;6689;31;1.2;0.0
84;2021-01-22;1130;0;7819;31;1.4;0.0
84;2021-01-23;244;0;8063;31;1.4;0.0
84;2021-01-24;2;0;8065;31;1.4;0.0
84;2021-01-25;804;1;8869;32;1.6;0.0
84;2021-01-26;935;2;9804;34;1.7;0.0
84;2021-01-27;1066;2;10870;36;1.9;0.0
84;2021-01-28;1619;15;12489;51;2.2;0.0
84;2021-01-29;1197;61;13686;112;2.4;0.0
84;2021-01-30;170;21;13856;133;2.5;0.0
84;2021-01-31;6;0;13862;133;2.5;0.0
84;2021-02-01;651;150;14513;283;2.6;0.1
84;2021-02-02;787;268;15300;551;2.7;0.1
84;2021-02-03;757;241;16057;792;2.9;0.1
84;2021-02-04;910;408;16967;1200;3.0;0.2
84;2021-02-05;723;420;17690;1620;3.2;0.3
84;2021-02-06;122;50;17812;1670;3.2;0.3
84;2021-02-07;0;0;17812;1670;3.2;0.3
84;2021-02-08;566;279;18378;1949;3.3;0.3
84;2021-02-09;678;717;19056;2666;3.4;0.5
84;2021-02-10;550;571;19606;3237;3.5;0.6
84;2021-02-11;546;588;20152;3825;3.6;0.7
84;2021-02-12;554;681;20706;4506;3.7;0.8
84;2021-02-13;46;171;20752;4677;3.7;0.8
84;2021-02-14;3;0;20755;4677;3.7;0.8
84;2021-02-15;205;893;20960;5570;3.7;1.0
84;2021-02-16;218;835;21178;6405;3.8;1.1
84;2021-02-17;445;781;21623;7186;3.9;1.3
84;2021-02-18;554;1109;22177;8295;4.0;1.5
84;2021-02-19;736;1186;22913;9481;4.1;1.7
84;2021-02-20;63;154;22976;9635;4.1;1.7
84;2021-02-21;3;38;22979;9673;4.1;1.7
84;2021-02-22;369;742;23348;10415;4.2;1.9
84;2021-02-23;267;707;23615;11122;4.2;2.0
84;2021-02-24;389;742;24004;11864;4.3;2.1
84;2021-02-25;710;843;24714;12707;4.4;2.3
84;2021-02-26;820;683;25534;13390;4.6;2.4
84;2021-02-27;132;124;25666;13514;4.6;2.4
84;2021-02-28;16;0;25682;13514;4.6;2.4
84;2021-03-01;454;673;26136;14187;4.7;2.5
84;2021-03-02;627;809;26763;14996;4.8;2.7
84;2021-03-03;814;953;27577;15949;4.9;2.8
84;2021-03-04;1087;705;28664;16654;5.1;3.0
84;2021-03-05;1303;512;29967;17166;5.3;3.1
84;2021-03-06;1454;53;31421;17219;5.6;3.1
84;2021-03-07;477;10;31898;17229;5.7;3.1
84;2021-03-08;810;601;32708;17830;5.8;3.2
84;2021-03-09;1379;781;34087;18611;6.1;3.3
84;2021-03-10;1468;661;35555;19272;6.3;3.4
84;2021-03-11;1981;634;37536;19906;6.7;3.5
84;2021-03-12;2076;622;39612;20528;7.1;3.7
84;2021-03-13;742;31;40354;20559;7.2;3.7
84;2021-03-14;243;53;40597;20612;7.2;3.7
84;2021-03-15;1065;305;41662;20917;7.4;3.7
84;2021-03-16;1176;330;42838;21247;7.6;3.8
84;2021-03-17;1138;485;43976;21732;7.8;3.9
84;2021-03-18;1453;424;45429;22156;8.1;3.9
84;2021-03-19;2170;466;47599;22622;8.5;4.0
84;2021-03-20;835;23;48434;22645;8.6;4.0
84;2021-03-21;145;8;48579;22653;8.7;4.0
84;2021-03-22;1149;455;49728;23108;8.9;4.1
84;2021-03-23;1903;454;51631;23562;9.2;4.2
84;2021-03-24;2173;389;53804;23951;9.6;4.3
84;2021-03-25;3649;381;57453;24332;10.2;4.3
84;2021-03-26;3309;463;60762;24795;10.8;4.4
84;2021-03-27;912;56;61674;24851;11.0;4.4
84;2021-03-28;71;2;61745;24853;11.0;4.4
84;2021-03-29;1714;516;63459;25369;11.3;4.5
84;2021-03-30;2660;660;66119;26029;11.8;4.6
84;2021-03-31;2396;638;68515;26667;12.2;4.8
84;2021-04-01;3011;551;71526;27218;12.7;4.9
84;2021-04-02;2448;515;73974;27733;13.2;4.9
84;2021-04-03;505;26;74479;27759;13.3;4.9
84;2021-04-04;10;0;74489;27759;13.3;4.9
84;2021-04-05;809;97;75298;27856;13.4;5.0
84;2021-04-06;2136;820;77434;28676;13.8;5.1
84;2021-04-07;2398;846;79832;29522;14.2;5.3
84;2021-04-08;3638;1003;83470;30525;14.9;5.4
84;2021-04-09;4103;911;87573;31436;15.6;5.6
84;2021-04-10;1302;122;88875;31558;15.8;5.6
84;2021-04-11;35;12;88910;31570;15.8;5.6
84;2021-04-12;2086;796;90996;32366;16.2;5.8
84;2021-04-13;2938;1355;93934;33721;16.7;6.0
84;2021-04-14;2805;1341;96739;35062;17.2;6.2
84;2021-04-15;3269;1392;100008;36454;17.8;6.5
84;2021-04-16;3423;1531;103431;37985;18.4;6.8
84;2021-04-17;1663;186;105094;38171;18.7;6.8
84;2021-04-18;33;0;105127;38171;18.7;6.8
84;2021-04-19;2496;911;107623;39082;19.2;7.0
84;2021-04-20;2625;1519;110248;40601;19.7;7.2
84;2021-04-21;2649;1479;112897;42080;20.1;7.5
84;2021-04-22;3001;1722;115898;43802;20.7;7.8
84;2021-04-23;3017;1867;118915;45669;21.2;8.1
84;2021-04-24;1527;284;120442;45953;21.5;8.2
84;2021-04-25;26;2;120468;45955;21.5;8.2
84;2021-04-26;2160;1356;122628;47311;21.9;8.4
84;2021-04-27;2550;1968;125178;49279;22.3;8.8
84;2021-04-28;2816;1833;127994;51112;22.8;9.1
84;2021-04-29;3420;2018;131414;53130;23.4;9.5
84;2021-04-30;3124;2398;134538;55528;24.0;9.9
84;2021-05-01;454;260;134992;55788;24.1;9.9
84;2021-05-02;1;0;134993;55788;24.1;9.9
84;2021-05-03;2164;1626;137157;57414;24.4;10.2
84;2021-05-04;2485;2524;139642;59938;24.9;10.7
84;2021-05-05;2342;2214;141984;62152;25.3;11.1
84;2021-05-06;3220;2243;145204;64395;25.9;11.5
84;2021-05-07;2762;2557;147966;66952;26.4;11.9
84;2021-05-08;1151;522;149117;67474;26.6;12.0
84;2021-05-09;5;52;149122;67526;26.6;12.0
84;2021-05-10;2152;2457;151274;69983;27.0;12.5
84;2021-05-11;2905;3152;154179;73135;27.5;13.0
84;2021-05-12;2843;2910;157022;76045;28.0;13.6
84;2021-05-13;2155;839;159177;76884;28.4;13.7
84;2021-05-14;2719;2026;161896;78910;28.9;14.1
84;2021-05-15;1998;981;163894;79891;29.2;14.2
84;2021-05-16;1339;182;165233;80073;29.5;14.3
84;2021-05-17;2214;2149;167447;82222;29.8;14.7
84;2021-05-18;2902;2092;170349;84314;30.4;15.0
84;2021-05-19;3227;1662;173576;85976;30.9;15.3
84;2021-05-20;3691;2192;177267;88168;31.6;15.7
84;2021-05-21;3461;2321;180728;90489;32.2;16.1
84;2021-05-22;1583;676;182311;91165;32.5;16.3
84;2021-05-23;3;9;182314;91174;32.5;16.3
84;2021-05-24;1839;426;184153;91600;32.8;16.3
84;2021-05-25;2977;2175;187130;93775;33.4;16.7
84;2021-05-26;3068;2078;190198;95853;33.9;17.1
84;2021-05-27;3851;2311;194049;98164;34.6;17.5
84;2021-05-28;3183;3299;197232;101463;35.2;18.1
84;2021-05-29;1091;1648;198323;103111;35.4;18.4
84;2021-05-30;8;85;198331;103196;35.4;18.4
84;2021-05-31;2190;2630;200521;105826;35.7;18.9
84;2021-06-01;3142;3152;203663;108978;36.3;19.4
84;2021-06-02;3167;2610;206830;111588;36.9;19.9
84;2021-06-03;4086;2979;210916;114567;37.6;20.4
84;2021-06-04;3600;3031;214516;117598;38.2;21.0
84;2021-06-05;1780;1491;216296;119089;38.6;21.2
84;2021-06-06;981;203;217277;119292;38.7;21.3
84;2021-06-07;2446;2735;219723;122027;39.2;21.8
84;2021-06-08;3289;3047;223012;125074;39.8;22.3
84;2021-06-09;3014;2628;226026;127702;40.3;22.8
84;2021-06-10;3433;2737;229459;130439;40.9;23.3
84;2021-06-11;3009;3049;232468;133488;41.4;23.8
84;2021-06-12;1954;1314;234422;134802;41.8;24.0
84;2021-06-13;409;209;234831;135011;41.9;24.1
84;2021-06-14;1904;3156;236735;138167;42.2;24.6
84;2021-06-15;2546;3443;239281;141610;42.7;25.2
84;2021-06-16;2501;2931;241782;144541;43.1;25.8
84;2021-06-17;2929;3450;244711;147991;43.6;26.4
84;2021-06-18;2408;3557;247119;151548;44.0;27.0
84;2021-06-19;1282;1541;248401;153089;44.3;27.3
84;2021-06-20;539;351;248940;153440;44.4;27.4
84;2021-06-21;1556;3137;250496;156577;44.7;27.9
84;2021-06-22;2147;4003;252643;160580;45.0;28.6
84;2021-06-23;2096;3282;254739;163862;45.4;29.2
84;2021-06-24;2177;3470;256916;167332;45.8;29.8
84;2021-06-25;1819;3864;258735;171196;46.1;30.5
84;2021-06-26;1121;1791;259856;172987;46.3;30.8
84;2021-06-27;291;344;260147;173331;46.4;30.9
84;2021-06-28;1189;3222;261336;176553;46.6;31.5
84;2021-06-29;1433;4042;262769;180595;46.8;32.2
84;2021-06-30;1696;3951;264465;184546;47.1;32.9
84;2021-07-01;1753;3938;266218;188484;47.5;33.6
84;2021-07-02;1718;3888;267936;192372;47.8;34.3
84;2021-07-03;1076;2026;269012;194398;48.0;34.7
84;2021-07-04;379;413;269391;194811;48.0;34.7
84;2021-07-05;1418;3539;270809;198350;48.3;35.4
84;2021-07-06;1522;4166;272331;202516;48.5;36.1
84;2021-07-07;1623;3095;273954;205611;48.8;36.7
84;2021-07-08;2089;3739;276043;209350;49.2;37.3
84;2021-07-09;1791;3950;277834;213300;49.5;38.0
84;2021-07-10;1234;2140;279068;215440;49.7;38.4
84;2021-07-11;333;304;279401;215744;49.8;38.5
84;2021-07-12;1362;3822;280763;219566;50.0;39.1
84;2021-07-13;2286;4968;283049;224534;50.5;40.0
84;2021-07-14;1861;1220;284910;225754;50.8;40.2
84;2021-07-15;2546;4499;287456;230253;51.2;41.0
85;2020-12-27;0;0;0;0;0.0;0.0
85;2020-12-28;0;0;0;0;0.0;0.0
85;2020-12-29;0;0;0;0;0.0;0.0
85;2020-12-30;0;0;0;0;0.0;0.0
85;2020-12-31;0;0;0;0;0.0;0.0
85;2021-01-01;0;0;0;0;0.0;0.0
85;2021-01-02;0;0;0;0;0.0;0.0
85;2021-01-03;0;0;0;0;0.0;0.0
85;2021-01-04;25;0;25;0;0.0;0.0
85;2021-01-05;62;0;87;0;0.0;0.0
85;2021-01-06;107;1;194;1;0.0;0.0
85;2021-01-07;202;0;396;1;0.1;0.0
85;2021-01-08;291;1;687;2;0.1;0.0
85;2021-01-09;288;2;975;4;0.1;0.0
85;2021-01-10;59;0;1034;4;0.2;0.0
85;2021-01-11;453;0;1487;4;0.2;0.0
85;2021-01-12;583;2;2070;6;0.3;0.0
85;2021-01-13;544;1;2614;7;0.4;0.0
85;2021-01-14;676;3;3290;10;0.5;0.0
85;2021-01-15;436;3;3726;13;0.5;0.0
85;2021-01-16;262;3;3988;16;0.6;0.0
85;2021-01-17;37;0;4025;16;0.6;0.0
85;2021-01-18;996;2;5021;18;0.7;0.0
85;2021-01-19;1425;4;6446;22;0.9;0.0
85;2021-01-20;1872;2;8318;24;1.2;0.0
85;2021-01-21;3215;3;11533;27;1.7;0.0
85;2021-01-22;1695;19;13228;46;1.9;0.0
85;2021-01-23;464;2;13692;48;2.0;0.0
85;2021-01-24;49;0;13741;48;2.0;0.0
85;2021-01-25;576;1;14317;49;2.1;0.0
85;2021-01-26;874;34;15191;83;2.2;0.0
85;2021-01-27;1785;32;16976;115;2.5;0.0
85;2021-01-28;1618;35;18594;150;2.7;0.0
85;2021-01-29;872;63;19466;213;2.8;0.0
85;2021-01-30;148;5;19614;218;2.9;0.0
85;2021-01-31;2;48;19616;266;2.9;0.0
85;2021-02-01;479;103;20095;369;2.9;0.1
85;2021-02-02;537;176;20632;545;3.0;0.1
85;2021-02-03;413;261;21045;806;3.1;0.1
85;2021-02-04;620;267;21665;1073;3.2;0.2
85;2021-02-05;624;265;22289;1338;3.3;0.2
85;2021-02-06;151;244;22440;1582;3.3;0.2
85;2021-02-07;1;0;22441;1582;3.3;0.2
85;2021-02-08;387;656;22828;2238;3.3;0.3
85;2021-02-09;659;1062;23487;3300;3.4;0.5
85;2021-02-10;583;1130;24070;4430;3.5;0.6
85;2021-02-11;1543;3041;25613;7471;3.7;1.1
85;2021-02-12;1011;1259;26624;8730;3.9;1.3
85;2021-02-13;250;506;26874;9236;3.9;1.4
85;2021-02-14;2;133;26876;9369;3.9;1.4
85;2021-02-15;335;817;27211;10186;4.0;1.5
85;2021-02-16;570;1187;27781;11373;4.1;1.7
85;2021-02-17;779;1569;28560;12942;4.2;1.9
85;2021-02-18;1270;1927;29830;14869;4.4;2.2
85;2021-02-19;951;1193;30781;16062;4.5;2.4
85;2021-02-20;173;263;30954;16325;4.5;2.4
85;2021-02-21;1;11;30955;16336;4.5;2.4
85;2021-02-22;810;884;31765;17220;4.6;2.5
85;2021-02-23;828;484;32593;17704;4.8;2.6
85;2021-02-24;754;312;33347;18016;4.9;2.6
85;2021-02-25;1335;392;34682;18408;5.1;2.7
85;2021-02-26;1225;323;35907;18731;5.3;2.7
85;2021-02-27;400;97;36307;18828;5.3;2.8
85;2021-02-28;6;1;36313;18829;5.3;2.8
85;2021-03-01;758;428;37071;19257;5.4;2.8
85;2021-03-02;1100;788;38171;20045;5.6;2.9
85;2021-03-03;841;513;39012;20558;5.7;3.0
85;2021-03-04;1573;1171;40585;21729;5.9;3.2
85;2021-03-05;1734;846;42319;22575;6.2;3.3
85;2021-03-06;1226;127;43545;22702;6.4;3.3
85;2021-03-07;325;28;43870;22730;6.4;3.3
85;2021-03-08;1736;453;45606;23183;6.7;3.4
85;2021-03-09;2237;562;47843;23745;7.0;3.5
85;2021-03-10;1857;642;49700;24387;7.3;3.6
85;2021-03-11;3111;1074;52811;25461;7.7;3.7
85;2021-03-12;2726;853;55537;26314;8.1;3.9
85;2021-03-13;1368;154;56905;26468;8.3;3.9
85;2021-03-14;178;0;57083;26468;8.4;3.9
85;2021-03-15;1914;503;58997;26971;8.6;3.9
85;2021-03-16;1624;516;60621;27487;8.9;4.0
85;2021-03-17;979;523;61600;28010;9.0;4.1
85;2021-03-18;1896;454;63496;28464;9.3;4.2
85;2021-03-19;2199;360;65695;28824;9.6;4.2
85;2021-03-20;1065;175;66760;28999;9.8;4.2
85;2021-03-21;269;5;67029;29004;9.8;4.2
85;2021-03-22;1755;555;68784;29559;10.1;4.3
85;2021-03-23;2410;722;71194;30281;10.4;4.4
85;2021-03-24;2205;535;73399;30816;10.7;4.5
85;2021-03-25;3644;603;77043;31419;11.3;4.6
85;2021-03-26;3356;641;80399;32060;11.8;4.7
85;2021-03-27;1725;115;82124;32175;12.0;4.7
85;2021-03-28;534;2;82658;32177;12.1;4.7
85;2021-03-29;2410;754;85068;32931;12.5;4.8
85;2021-03-30;2861;1012;87929;33943;12.9;5.0
85;2021-03-31;2193;659;90122;34602;13.2;5.1
85;2021-04-01;3864;899;93986;35501;13.8;5.2
85;2021-04-02;2705;1079;96691;36580;14.2;5.4
85;2021-04-03;1408;317;98099;36897;14.4;5.4
85;2021-04-04;323;27;98422;36924;14.4;5.4
85;2021-04-05;104;174;98526;37098;14.4;5.4
85;2021-04-06;2199;1595;100725;38693;14.7;5.7
85;2021-04-07;3092;1187;103817;39880;15.2;5.8
85;2021-04-08;4523;1589;108340;41469;15.9;6.1
85;2021-04-09;4599;1215;112939;42684;16.5;6.2
85;2021-04-10;1866;392;114805;43076;16.8;6.3
85;2021-04-11;26;10;114831;43086;16.8;6.3
85;2021-04-12;4282;1466;119113;44552;17.4;6.5
85;2021-04-13;4828;1861;123941;46413;18.1;6.8
85;2021-04-14;3955;997;127896;47410;18.7;6.9
85;2021-04-15;5512;1724;133408;49134;19.5;7.2
85;2021-04-16;5238;1522;138646;50656;20.3;7.4
85;2021-04-17;1382;434;140028;51090;20.5;7.5
85;2021-04-18;348;9;140376;51099;20.5;7.5
85;2021-04-19;3360;1697;143736;52796;21.0;7.7
85;2021-04-20;3698;1899;147434;54695;21.6;8.0
85;2021-04-21;2687;1665;150121;56360;22.0;8.2
85;2021-04-22;3804;2219;153925;58579;22.5;8.6
85;2021-04-23;3893;2067;157818;60646;23.1;8.9
85;2021-04-24;1659;1528;159477;62174;23.3;9.1
85;2021-04-25;980;557;160457;62731;23.5;9.2
85;2021-04-26;3587;2350;164044;65081;24.0;9.5
85;2021-04-27;4389;2155;168433;67236;24.7;9.8
85;2021-04-28;5743;1237;174176;68473;25.5;10.0
85;2021-04-29;5631;1987;179807;70460;26.3;10.3
85;2021-04-30;5573;1663;185380;72123;27.1;10.6
85;2021-05-01;1734;634;187114;72757;27.4;10.6
85;2021-05-02;872;467;187986;73224;27.5;10.7
85;2021-05-03;3489;2375;191475;75599;28.0;11.1
85;2021-05-04;3487;3079;194962;78678;28.5;11.5
85;2021-05-05;4531;2165;199493;80843;29.2;11.8
85;2021-05-06;4919;2580;204412;83423;29.9;12.2
85;2021-05-07;3902;3856;208314;87279;30.5;12.8
85;2021-05-08;2244;227;210558;87506;30.8;12.8
85;2021-05-09;1508;180;212066;87686;31.0;12.8
85;2021-05-10;3205;4928;215271;92614;31.5;13.6
85;2021-05-11;4020;4966;219291;97580;32.1;14.3
85;2021-05-12;5015;3925;224306;101505;32.8;14.9
85;2021-05-13;5135;605;229441;102110;33.6;14.9
85;2021-05-14;4353;3159;233794;105269;34.2;15.4
85;2021-05-15;2322;773;236116;106042;34.6;15.5
85;2021-05-16;2211;162;238327;106204;34.9;15.5
85;2021-05-17;4141;3377;242468;109581;35.5;16.0
85;2021-05-18;5212;2847;247680;112428;36.3;16.5
85;2021-05-19;6490;1759;254170;114187;37.2;16.7
85;2021-05-20;6770;2159;260940;116346;38.2;17.0
85;2021-05-21;5495;2744;266435;119090;39.0;17.4
85;2021-05-22;2580;750;269015;119840;39.4;17.5
85;2021-05-23;1329;155;270344;119995;39.6;17.6
85;2021-05-24;4571;429;274915;120424;40.2;17.6
85;2021-05-25;4514;3563;279429;123987;40.9;18.1
85;2021-05-26;4939;2674;284368;126661;41.6;18.5
85;2021-05-27;4958;3685;289326;130346;42.3;19.1
85;2021-05-28;5250;4064;294576;134410;43.1;19.7
85;2021-05-29;3956;1521;298532;135931;43.7;19.9
85;2021-05-30;1289;125;299821;136056;43.9;19.9
85;2021-05-31;4687;3379;304508;139435;44.6;20.4
85;2021-06-01;5395;3394;309903;142829;45.4;20.9
85;2021-06-02;5548;2519;315451;145348;46.2;21.3
85;2021-06-03;5912;3231;321363;148579;47.0;21.7
85;2021-06-04;5832;3820;327195;152399;47.9;22.3
85;2021-06-05;2849;1936;330044;154335;48.3;22.6
85;2021-06-06;1502;802;331546;155137;48.5;22.7
85;2021-06-07;3224;4854;334770;159991;49.0;23.4
85;2021-06-08;4058;4517;338828;164508;49.6;24.1
85;2021-06-09;4826;3517;343654;168025;50.3;24.6
85;2021-06-10;5166;3692;348820;171717;51.1;25.1
85;2021-06-11;4492;4662;353312;176379;51.7;25.8
85;2021-06-12;1485;1796;354797;178175;51.9;26.1
85;2021-06-13;1217;672;356014;178847;52.1;26.2
85;2021-06-14;2674;5092;358688;183939;52.5;26.9
85;2021-06-15;3695;4933;362383;188872;53.0;27.6
85;2021-06-16;4075;3907;366458;192779;53.6;28.2
85;2021-06-17;3933;3896;370391;196675;54.2;28.8
85;2021-06-18;3616;5683;374007;202358;54.7;29.6
85;2021-06-19;1208;2026;375215;204384;54.9;29.9
85;2021-06-20;137;521;375352;204905;54.9;30.0
85;2021-06-21;2365;5822;377717;210727;55.3;30.8
85;2021-06-22;2827;5730;380544;216457;55.7;31.7
85;2021-06-23;3368;4487;383912;220944;56.2;32.3
85;2021-06-24;3631;4563;387543;225507;56.7;33.0
85;2021-06-25;2272;6197;389815;231704;57.1;33.9
85;2021-06-26;787;3770;390602;235474;57.2;34.5
85;2021-06-27;122;1372;390724;236846;57.2;34.7
85;2021-06-28;1160;6731;391884;243577;57.4;35.7
85;2021-06-29;1732;6882;393616;250459;57.6;36.7
85;2021-06-30;2157;6202;395773;256661;57.9;37.6
85;2021-07-01;2791;6067;398564;262728;58.3;38.5
85;2021-07-02;2252;7036;400816;269764;58.7;39.5
85;2021-07-03;611;3166;401427;272930;58.8;39.9
85;2021-07-04;141;1084;401568;274014;58.8;40.1
85;2021-07-05;1048;6669;402616;280683;58.9;41.1
85;2021-07-06;1558;6462;404174;287145;59.2;42.0
85;2021-07-07;1628;5863;405802;293008;59.4;42.9
85;2021-07-08;2137;5444;407939;298452;59.7;43.7
85;2021-07-09;1631;7097;409570;305549;59.9;44.7
85;2021-07-10;556;2838;410126;308387;60.0;45.1
85;2021-07-11;524;1284;410650;309671;60.1;45.3
85;2021-07-12;1401;7059;412051;316730;60.3;46.4
85;2021-07-13;2039;7389;414090;324119;60.6;47.4
85;2021-07-14;1441;2039;415531;326158;60.8;47.7
85;2021-07-15;2653;6940;418184;333098;61.2;48.8
86;2020-12-27;0;0;0;0;0.0;0.0
86;2020-12-28;0;0;0;0;0.0;0.0
86;2020-12-29;1;0;1;0;0.0;0.0
86;2020-12-30;0;0;1;0;0.0;0.0
86;2020-12-31;0;0;1;0;0.0;0.0
86;2021-01-01;0;0;1;0;0.0;0.0
86;2021-01-02;0;0;1;0;0.0;0.0
86;2021-01-03;0;0;1;0;0.0;0.0
86;2021-01-04;0;0;1;0;0.0;0.0
86;2021-01-05;0;0;1;0;0.0;0.0
86;2021-01-06;178;0;179;0;0.0;0.0
86;2021-01-07;669;0;848;0;0.2;0.0
86;2021-01-08;591;3;1439;3;0.3;0.0
86;2021-01-09;0;0;1439;3;0.3;0.0
86;2021-01-10;173;0;1612;3;0.4;0.0
86;2021-01-11;300;0;1912;3;0.4;0.0
86;2021-01-12;458;0;2370;3;0.5;0.0
86;2021-01-13;336;0;2706;3;0.6;0.0
86;2021-01-14;550;1;3256;4;0.7;0.0
86;2021-01-15;533;1;3789;5;0.9;0.0
86;2021-01-16;0;0;3789;5;0.9;0.0
86;2021-01-17;0;0;3789;5;0.9;0.0
86;2021-01-18;564;0;4353;5;1.0;0.0
86;2021-01-19;1821;0;6174;5;1.4;0.0
86;2021-01-20;1442;16;7616;21;1.7;0.0
86;2021-01-21;1286;0;8902;21;2.0;0.0
86;2021-01-22;825;0;9727;21;2.2;0.0
86;2021-01-23;311;0;10038;21;2.3;0.0
86;2021-01-24;0;0;10038;21;2.3;0.0
86;2021-01-25;583;109;10621;130;2.4;0.0
86;2021-01-26;747;122;11368;252;2.6;0.1
86;2021-01-27;764;158;12132;410;2.8;0.1
86;2021-01-28;1042;427;13174;837;3.0;0.2
86;2021-01-29;878;219;14052;1056;3.2;0.2
86;2021-01-30;275;104;14327;1160;3.3;0.3
86;2021-01-31;57;157;14384;1317;3.3;0.3
86;2021-02-01;435;208;14819;1525;3.4;0.3
86;2021-02-02;574;386;15393;1911;3.5;0.4
86;2021-02-03;527;223;15920;2134;3.6;0.5
86;2021-02-04;477;364;16397;2498;3.7;0.6
86;2021-02-05;439;745;16836;3243;3.8;0.7
86;2021-02-06;146;206;16982;3449;3.9;0.8
86;2021-02-07;120;5;17102;3454;3.9;0.8
86;2021-02-08;361;328;17463;3782;4.0;0.9
86;2021-02-09;737;1123;18200;4905;4.2;1.1
86;2021-02-10;975;936;19175;5841;4.4;1.3
86;2021-02-11;996;974;20171;6815;4.6;1.6
86;2021-02-12;750;374;20921;7189;4.8;1.6
86;2021-02-13;191;95;21112;7284;4.8;1.7
86;2021-02-14;1;34;21113;7318;4.8;1.7
86;2021-02-15;243;507;21356;7825;4.9;1.8
86;2021-02-16;385;866;21741;8691;5.0;2.0
86;2021-02-17;449;895;22190;9586;5.1;2.2
86;2021-02-18;420;875;22610;10461;5.2;2.4
86;2021-02-19;598;644;23208;11105;5.3;2.5
86;2021-02-20;115;178;23323;11283;5.3;2.6
86;2021-02-21;0;0;23323;11283;5.3;2.6
86;2021-02-22;241;429;23564;11712;5.4;2.7
86;2021-02-23;369;607;23933;12319;5.5;2.8
86;2021-02-24;406;587;24339;12906;5.6;3.0
86;2021-02-25;900;667;25239;13573;5.8;3.1
86;2021-02-26;1027;537;26266;14110;6.0;3.2
86;2021-02-27;459;146;26725;14256;6.1;3.3
86;2021-02-28;3;2;26728;14258;6.1;3.3
86;2021-03-01;230;526;26958;14784;6.2;3.4
86;2021-03-02;1139;848;28097;15632;6.4;3.6
86;2021-03-03;792;624;28889;16256;6.6;3.7
86;2021-03-04;1494;609;30383;16865;6.9;3.9
86;2021-03-05;1575;311;31958;17176;7.3;3.9
86;2021-03-06;993;170;32951;17346;7.5;4.0
86;2021-03-07;368;28;33319;17374;7.6;4.0
86;2021-03-08;469;541;33788;17915;7.7;4.1
86;2021-03-09;1368;528;35156;18443;8.0;4.2
86;2021-03-10;949;609;36105;19052;8.3;4.4
86;2021-03-11;1793;469;37898;19521;8.7;4.5
86;2021-03-12;2204;431;40102;19952;9.2;4.6
86;2021-03-13;1446;94;41548;20046;9.5;4.6
86;2021-03-14;132;15;41680;20061;9.5;4.6
86;2021-03-15;782;163;42462;20224;9.7;4.6
86;2021-03-16;844;205;43306;20429;9.9;4.7
86;2021-03-17;786;205;44092;20634;10.1;4.7
86;2021-03-18;999;99;45091;20733;10.3;4.7
86;2021-03-19;2137;320;47228;21053;10.8;4.8
86;2021-03-20;592;133;47820;21186;10.9;4.8
86;2021-03-21;10;0;47830;21186;10.9;4.8
86;2021-03-22;851;272;48681;21458;11.1;4.9
86;2021-03-23;2011;331;50692;21789;11.6;5.0
86;2021-03-24;1556;287;52248;22076;11.9;5.0
86;2021-03-25;2481;346;54729;22422;12.5;5.1
86;2021-03-26;3033;350;57762;22772;13.2;5.2
86;2021-03-27;731;142;58493;22914;13.4;5.2
86;2021-03-28;5;129;58498;23043;13.4;5.3
86;2021-03-29;1255;392;59753;23435;13.7;5.4
86;2021-03-30;2384;816;62137;24251;14.2;5.5
86;2021-03-31;1507;619;63644;24870;14.6;5.7
86;2021-04-01;2227;935;65871;25805;15.1;5.9
86;2021-04-02;1897;552;67768;26357;15.5;6.0
86;2021-04-03;827;321;68595;26678;15.7;6.1
86;2021-04-04;82;108;68677;26786;15.7;6.1
86;2021-04-05;312;2;68989;26788;15.8;6.1
86;2021-04-06;1528;956;70517;27744;16.1;6.3
86;2021-04-07;1629;619;72146;28363;16.5;6.5
86;2021-04-08;2565;758;74711;29121;17.1;6.7
86;2021-04-09;3247;636;77958;29757;17.8;6.8
86;2021-04-10;1663;191;79621;29948;18.2;6.8
86;2021-04-11;441;9;80062;29957;18.3;6.8
86;2021-04-12;822;764;80884;30721;18.5;7.0
86;2021-04-13;2452;939;83336;31660;19.1;7.2
86;2021-04-14;1871;868;85207;32528;19.5;7.4
86;2021-04-15;2267;716;87474;33244;20.0;7.6
86;2021-04-16;2463;1223;89937;34467;20.6;7.9
86;2021-04-17;1040;255;90977;34722;20.8;7.9
86;2021-04-18;118;2;91095;34724;20.8;7.9
86;2021-04-19;745;793;91840;35517;21.0;8.1
86;2021-04-20;2299;1497;94139;37014;21.5;8.5
86;2021-04-21;2108;1116;96247;38130;22.0;8.7
86;2021-04-22;2331;1437;98578;39567;22.5;9.0
86;2021-04-23;2391;1564;100969;41131;23.1;9.4
86;2021-04-24;1292;507;102261;41638;23.4;9.5
86;2021-04-25;825;24;103086;41662;23.6;9.5
86;2021-04-26;2078;881;105164;42543;24.0;9.7
86;2021-04-27;3150;1663;108314;44206;24.8;10.1
86;2021-04-28;3002;1517;111316;45723;25.4;10.5
86;2021-04-29;3552;1814;114868;47537;26.3;10.9
86;2021-04-30;2963;1466;117831;49003;26.9;11.2
86;2021-05-01;1580;194;119411;49197;27.3;11.2
86;2021-05-02;1280;40;120691;49237;27.6;11.3
86;2021-05-03;2562;994;123253;50231;28.2;11.5
86;2021-05-04;3505;1889;126758;52120;29.0;11.9
86;2021-05-05;3990;1462;130748;53582;29.9;12.3
86;2021-05-06;4287;1641;135035;55223;30.9;12.6
86;2021-05-07;4040;1813;139075;57036;31.8;13.0
86;2021-05-08;1973;395;141048;57431;32.2;13.1
86;2021-05-09;1642;203;142690;57634;32.6;13.2
86;2021-05-10;1955;1161;144645;58795;33.1;13.4
86;2021-05-11;3602;2672;148247;61467;33.9;14.1
86;2021-05-12;2244;1628;150491;63095;34.4;14.4
86;2021-05-13;1685;295;152176;63390;34.8;14.5
86;2021-05-14;2100;771;154276;64161;35.3;14.7
86;2021-05-15;1467;488;155743;64649;35.6;14.8
86;2021-05-16;778;162;156521;64811;35.8;14.8
86;2021-05-17;3221;1055;159742;65866;36.5;15.1
86;2021-05-18;4300;1652;164042;67518;37.5;15.4
86;2021-05-19;3582;1426;167624;68944;38.3;15.8
86;2021-05-20;4377;1611;172001;70555;39.3;16.1
86;2021-05-21;3441;1757;175442;72312;40.1;16.5
86;2021-05-22;2078;659;177520;72971;40.6;16.7
86;2021-05-23;1437;183;178957;73154;40.9;16.7
86;2021-05-24;1844;197;180801;73351;41.3;16.8
86;2021-05-25;2846;1630;183647;74981;42.0;17.1
86;2021-05-26;2724;1515;186371;76496;42.6;17.5
86;2021-05-27;3543;1838;189914;78334;43.4;17.9
86;2021-05-28;2161;2529;192075;80863;43.9;18.5
86;2021-05-29;1524;1279;193599;82142;44.3;18.8
86;2021-05-30;935;131;194534;82273;44.5;18.8
86;2021-05-31;1920;1815;196454;84088;44.9;19.2
86;2021-06-01;2660;2588;199114;86676;45.5;19.8
86;2021-06-02;2293;2661;201407;89337;46.0;20.4
86;2021-06-03;3325;2401;204732;91738;46.8;21.0
86;2021-06-04;2230;2862;206962;94600;47.3;21.6
86;2021-06-05;1504;1577;208466;96177;47.7;22.0
86;2021-06-06;818;899;209284;97076;47.8;22.2
86;2021-06-07;1111;2465;210395;99541;48.1;22.8
86;2021-06-08;1976;3694;212371;103235;48.6;23.6
86;2021-06-09;1892;3312;214263;106547;49.0;24.4
86;2021-06-10;2336;3234;216599;109781;49.5;25.1
86;2021-06-11;1514;2788;218113;112569;49.9;25.7
86;2021-06-12;745;2249;218858;114818;50.0;26.3
86;2021-06-13;212;1479;219070;116297;50.1;26.6
86;2021-06-14;1152;2903;220222;119200;50.3;27.3
86;2021-06-15;1676;4258;221898;123458;50.7;28.2
86;2021-06-16;1806;3133;223704;126591;51.1;28.9
86;2021-06-17;1767;4444;225471;131035;51.5;30.0
86;2021-06-18;1873;4580;227344;135615;52.0;31.0
86;2021-06-19;629;2095;227973;137710;52.1;31.5
86;2021-06-20;171;1323;228144;139033;52.2;31.8
86;2021-06-21;1096;2240;229240;141273;52.4;32.3
86;2021-06-22;1290;3460;230530;144733;52.7;33.1
86;2021-06-23;1352;2401;231882;147134;53.0;33.6
86;2021-06-24;1577;2724;233459;149858;53.4;34.3
86;2021-06-25;1179;3557;234638;153415;53.6;35.1
86;2021-06-26;382;2657;235020;156072;53.7;35.7
86;2021-06-27;133;1636;235153;157708;53.8;36.1
86;2021-06-28;268;3343;235421;161051;53.8;36.8
86;2021-06-29;856;4609;236277;165660;54.0;37.9
86;2021-06-30;1038;2976;237315;168636;54.3;38.6
86;2021-07-01;1530;3004;238845;171640;54.6;39.2
86;2021-07-02;1090;3652;239935;175292;54.9;40.1
86;2021-07-03;514;2396;240449;177688;55.0;40.6
86;2021-07-04;114;1349;240563;179037;55.0;40.9
86;2021-07-05;464;2836;241027;181873;55.1;41.6
86;2021-07-06;970;4101;241997;185974;55.3;42.5
86;2021-07-07;1248;2630;243245;188604;55.6;43.1
86;2021-07-08;1603;3153;244848;191757;56.0;43.8
86;2021-07-09;1727;3078;246575;194835;56.4;44.5
86;2021-07-10;1293;1951;247868;196786;56.7;45.0
86;2021-07-11;480;840;248348;197626;56.8;45.2
86;2021-07-12;815;2395;249163;200021;57.0;45.7
86;2021-07-13;1758;3356;250921;203377;57.4;46.5
86;2021-07-14;764;1231;251685;204608;57.5;46.8
86;2021-07-15;1863;3278;253548;207886;58.0;47.5
87;2020-12-27;0;0;0;0;0.0;0.0
87;2020-12-28;1;0;1;0;0.0;0.0
87;2020-12-29;0;0;1;0;0.0;0.0
87;2020-12-30;0;0;1;0;0.0;0.0
87;2020-12-31;0;0;1;0;0.0;0.0
87;2021-01-01;0;0;1;0;0.0;0.0
87;2021-01-02;0;0;1;0;0.0;0.0
87;2021-01-03;0;0;1;0;0.0;0.0
87;2021-01-04;1;0;2;0;0.0;0.0
87;2021-01-05;1;0;3;0;0.0;0.0
87;2021-01-06;10;0;13;0;0.0;0.0
87;2021-01-07;300;0;313;0;0.1;0.0
87;2021-01-08;407;0;720;0;0.2;0.0
87;2021-01-09;64;0;784;0;0.2;0.0
87;2021-01-10;35;0;819;0;0.2;0.0
87;2021-01-11;424;0;1243;0;0.3;0.0
87;2021-01-12;650;0;1893;0;0.5;0.0
87;2021-01-13;658;1;2551;1;0.7;0.0
87;2021-01-14;515;11;3066;12;0.8;0.0
87;2021-01-15;531;3;3597;15;1.0;0.0
87;2021-01-16;203;1;3800;16;1.0;0.0
87;2021-01-17;1;0;3801;16;1.0;0.0
87;2021-01-18;645;4;4446;20;1.2;0.0
87;2021-01-19;652;0;5098;20;1.4;0.0
87;2021-01-20;674;0;5772;20;1.6;0.0
87;2021-01-21;715;1;6487;21;1.7;0.0
87;2021-01-22;757;4;7244;25;2.0;0.0
87;2021-01-23;285;0;7529;25;2.0;0.0
87;2021-01-24;0;0;7529;25;2.0;0.0
87;2021-01-25;621;10;8150;35;2.2;0.0
87;2021-01-26;569;53;8719;88;2.4;0.0
87;2021-01-27;572;40;9291;128;2.5;0.0
87;2021-01-28;856;109;10147;237;2.7;0.1
87;2021-01-29;740;271;10887;508;2.9;0.1
87;2021-01-30;327;75;11214;583;3.0;0.2
87;2021-01-31;33;71;11247;654;3.0;0.2
87;2021-02-01;412;309;11659;963;3.1;0.3
87;2021-02-02;451;483;12110;1446;3.3;0.4
87;2021-02-03;542;420;12652;1866;3.4;0.5
87;2021-02-04;611;593;13263;2459;3.6;0.7
87;2021-02-05;342;384;13605;2843;3.7;0.8
87;2021-02-06;48;154;13653;2997;3.7;0.8
87;2021-02-07;20;0;13673;2997;3.7;0.8
87;2021-02-08;246;445;13919;3442;3.8;0.9
87;2021-02-09;218;546;14137;3988;3.8;1.1
87;2021-02-10;260;626;14397;4614;3.9;1.2
87;2021-02-11;285;542;14682;5156;4.0;1.4
87;2021-02-12;284;539;14966;5695;4.0;1.5
87;2021-02-13;24;169;14990;5864;4.0;1.6
87;2021-02-14;0;3;14990;5867;4.0;1.6
87;2021-02-15;236;391;15226;6258;4.1;1.7
87;2021-02-16;328;333;15554;6591;4.2;1.8
87;2021-02-17;330;382;15884;6973;4.3;1.9
87;2021-02-18;475;645;16359;7618;4.4;2.1
87;2021-02-19;400;479;16759;8097;4.5;2.2
87;2021-02-20;122;197;16881;8294;4.6;2.2
87;2021-02-21;2;9;16883;8303;4.6;2.2
87;2021-02-22;437;574;17320;8877;4.7;2.4
87;2021-02-23;552;628;17872;9505;4.8;2.6
87;2021-02-24;449;583;18321;10088;4.9;2.7
87;2021-02-25;788;705;19109;10793;5.2;2.9
87;2021-02-26;837;473;19946;11266;5.4;3.0
87;2021-02-27;404;209;20350;11475;5.5;3.1
87;2021-02-28;3;0;20353;11475;5.5;3.1
87;2021-03-01;514;367;20867;11842;5.6;3.2
87;2021-03-02;1031;384;21898;12226;5.9;3.3
87;2021-03-03;1172;337;23070;12563;6.2;3.4
87;2021-03-04;1405;332;24475;12895;6.6;3.5
87;2021-03-05;1760;282;26235;13177;7.1;3.6
87;2021-03-06;1040;33;27275;13210;7.4;3.6
87;2021-03-07;257;4;27532;13214;7.4;3.6
87;2021-03-08;858;235;28390;13449;7.7;3.6
87;2021-03-09;1289;224;29679;13673;8.0;3.7
87;2021-03-10;1297;225;30976;13898;8.4;3.7
87;2021-03-11;1752;246;32728;14144;8.8;3.8
87;2021-03-12;2116;280;34844;14424;9.4;3.9
87;2021-03-13;1303;13;36147;14437;9.7;3.9
87;2021-03-14;80;0;36227;14437;9.8;3.9
87;2021-03-15;985;356;37212;14793;10.0;4.0
87;2021-03-16;1061;237;38273;15030;10.3;4.1
87;2021-03-17;1070;214;39343;15244;10.6;4.1
87;2021-03-18;1178;327;40521;15571;10.9;4.2
87;2021-03-19;1678;262;42199;15833;11.4;4.3
87;2021-03-20;918;85;43117;15918;11.6;4.3
87;2021-03-21;32;0;43149;15918;11.6;4.3
87;2021-03-22;1041;374;44190;16292;11.9;4.4
87;2021-03-23;1382;417;45572;16709;12.3;4.5
87;2021-03-24;1508;363;47080;17072;12.7;4.6
87;2021-03-25;2489;388;49569;17460;13.4;4.7
87;2021-03-26;2521;447;52090;17907;14.0;4.8
87;2021-03-27;888;124;52978;18031;14.3;4.9
87;2021-03-28;269;16;53247;18047;14.4;4.9
87;2021-03-29;1115;412;54362;18459;14.7;5.0
87;2021-03-30;1905;656;56267;19115;15.2;5.2
87;2021-03-31;1658;689;57925;19804;15.6;5.3
87;2021-04-01;2211;569;60136;20373;16.2;5.5
87;2021-04-02;1831;619;61967;20992;16.7;5.7
87;2021-04-03;454;262;62421;21254;16.8;5.7
87;2021-04-04;1;0;62422;21254;16.8;5.7
87;2021-04-05;80;0;62502;21254;16.9;5.7
87;2021-04-06;992;896;63494;22150;17.1;6.0
87;2021-04-07;1480;918;64974;23068;17.5;6.2
87;2021-04-08;1780;1030;66754;24098;18.0;6.5
87;2021-04-09;2640;729;69394;24827;18.7;6.7
87;2021-04-10;1190;305;70584;25132;19.0;6.8
87;2021-04-11;66;0;70650;25132;19.1;6.8
87;2021-04-12;1622;821;72272;25953;19.5;7.0
87;2021-04-13;2281;1050;74553;27003;20.1;7.3
87;2021-04-14;2525;1170;77078;28173;20.8;7.6
87;2021-04-15;2202;1062;79280;29235;21.4;7.9
87;2021-04-16;2725;1060;82005;30295;22.1;8.2
87;2021-04-17;730;382;82735;30677;22.3;8.3
87;2021-04-18;111;140;82846;30817;22.3;8.3
87;2021-04-19;1655;822;84501;31639;22.8;8.5
87;2021-04-20;2084;871;86585;32510;23.4;8.8
87;2021-04-21;2290;981;88875;33491;24.0;9.0
87;2021-04-22;2554;1148;91429;34639;24.7;9.3
87;2021-04-23;1995;1170;93424;35809;25.2;9.7
87;2021-04-24;824;616;94248;36425;25.4;9.8
87;2021-04-25;64;103;94312;36528;25.4;9.9
87;2021-04-26;1352;913;95664;37441;25.8;10.1
87;2021-04-27;2395;1195;98059;38636;26.4;10.4
87;2021-04-28;3865;1433;101924;40069;27.5;10.8
87;2021-04-29;3063;1830;104987;41899;28.3;11.3
87;2021-04-30;3170;1347;108157;43246;29.2;11.7
87;2021-05-01;612;55;108769;43301;29.3;11.7
87;2021-05-02;358;2;109127;43303;29.4;11.7
87;2021-05-03;2297;932;111424;44235;30.1;11.9
87;2021-05-04;2906;1066;114330;45301;30.8;12.2
87;2021-05-05;2989;1500;117319;46801;31.6;12.6
87;2021-05-06;2521;1720;119840;48521;32.3;13.1
87;2021-05-07;2941;1707;122781;50228;33.1;13.5
87;2021-05-08;769;292;123550;50520;33.3;13.6
87;2021-05-09;19;133;123569;50653;33.3;13.7
87;2021-05-10;1924;1600;125493;52253;33.8;14.1
87;2021-05-11;2468;1900;127961;54153;34.5;14.6
87;2021-05-12;2600;2057;130561;56210;35.2;15.2
87;2021-05-13;1083;291;131644;56501;35.5;15.2
87;2021-05-14;2245;1767;133889;58268;36.1;15.7
87;2021-05-15;949;402;134838;58670;36.4;15.8
87;2021-05-16;139;73;134977;58743;36.4;15.8
87;2021-05-17;1625;1757;136602;60500;36.8;16.3
87;2021-05-18;2627;1805;139229;62305;37.6;16.8
87;2021-05-19;2811;1541;142040;63846;38.3;17.2
87;2021-05-20;3285;1716;145325;65562;39.2;17.7
87;2021-05-21;2760;1824;148085;67386;39.9;18.2
87;2021-05-22;1456;619;149541;68005;40.3;18.3
87;2021-05-23;210;92;149751;68097;40.4;18.4
87;2021-05-24;1056;139;150807;68236;40.7;18.4
87;2021-05-25;2118;1814;152925;70050;41.2;18.9
87;2021-05-26;3218;2465;156143;72515;42.1;19.6
87;2021-05-27;2993;2350;159136;74865;42.9;20.2
87;2021-05-28;2669;2518;161805;77383;43.6;20.9
87;2021-05-29;1062;1312;162867;78695;43.9;21.2
87;2021-05-30;258;59;163125;78754;44.0;21.2
87;2021-05-31;2288;1356;165413;80110;44.6;21.6
87;2021-06-01;2541;1860;167954;81970;45.3;22.1
87;2021-06-02;2515;1847;170469;83817;46.0;22.6
87;2021-06-03;3202;2525;173671;86342;46.8;23.3
87;2021-06-04;2833;2050;176504;88392;47.6;23.8
87;2021-06-05;1305;575;177809;88967;48.0;24.0
87;2021-06-06;258;95;178067;89062;48.0;24.0
87;2021-06-07;2097;1898;180164;90960;48.6;24.5
87;2021-06-08;2903;2565;183067;93525;49.4;25.2
87;2021-06-09;2296;2814;185363;96339;50.0;26.0
87;2021-06-10;2925;2551;188288;98890;50.8;26.7
87;2021-06-11;2353;3070;190641;101960;51.4;27.5
87;2021-06-12;1218;1102;191859;103062;51.7;27.8
87;2021-06-13;289;484;192148;103546;51.8;27.9
87;2021-06-14;971;2732;193119;106278;52.1;28.7
87;2021-06-15;1356;3323;194475;109601;52.5;29.6
87;2021-06-16;1638;3424;196113;113025;52.9;30.5
87;2021-06-17;2425;2316;198538;115341;53.5;31.1
87;2021-06-18;1774;3016;200312;118357;54.0;31.9
87;2021-06-19;1040;1173;201352;119530;54.3;32.2
87;2021-06-20;204;204;201556;119734;54.4;32.3
87;2021-06-21;1031;2646;202587;122380;54.6;33.0
87;2021-06-22;1016;2885;203603;125265;54.9;33.8
87;2021-06-23;1241;3085;204844;128350;55.2;34.6
87;2021-06-24;1612;2549;206456;130899;55.7;35.3
87;2021-06-25;1435;2718;207891;133617;56.1;36.0
87;2021-06-26;528;1201;208419;134818;56.2;36.4
87;2021-06-27;25;212;208444;135030;56.2;36.4
87;2021-06-28;711;2572;209155;137602;56.4;37.1
87;2021-06-29;1134;3408;210289;141010;56.7;38.0
87;2021-06-30;1109;2650;211398;143660;57.0;38.7
87;2021-07-01;1340;2554;212738;146214;57.4;39.4
87;2021-07-02;1192;3458;213930;149672;57.7;40.4
87;2021-07-03;406;1506;214336;151178;57.8;40.8
87;2021-07-04;22;382;214358;151560;57.8;40.9
87;2021-07-05;683;2393;215041;153953;58.0;41.5
87;2021-07-06;578;3232;215619;157185;58.2;42.4
87;2021-07-07;862;3350;216481;160535;58.4;43.3
87;2021-07-08;1116;3663;217597;164198;58.7;44.3
87;2021-07-09;1098;3702;218695;167900;59.0;45.3
87;2021-07-10;282;1358;218977;169258;59.1;45.6
87;2021-07-11;49;284;219026;169542;59.1;45.7
87;2021-07-12;543;3181;219569;172723;59.2;46.6
87;2021-07-13;823;3517;220392;176240;59.4;47.5
87;2021-07-14;511;538;220903;176778;59.6;47.7
87;2021-07-15;1334;3450;222237;180228;59.9;48.6
88;2020-12-27;0;0;0;0;0.0;0.0
88;2020-12-28;0;0;0;0;0.0;0.0
88;2020-12-29;0;0;0;0;0.0;0.0
88;2020-12-30;0;0;0;0;0.0;0.0
88;2020-12-31;0;0;0;0;0.0;0.0
88;2021-01-01;2;0;2;0;0.0;0.0
88;2021-01-02;0;0;2;0;0.0;0.0
88;2021-01-03;0;0;2;0;0.0;0.0
88;2021-01-04;0;0;2;0;0.0;0.0
88;2021-01-05;1;0;3;0;0.0;0.0
88;2021-01-06;1;0;4;0;0.0;0.0
88;2021-01-07;70;1;74;1;0.0;0.0
88;2021-01-08;189;2;263;3;0.1;0.0
88;2021-01-09;190;0;453;3;0.1;0.0
88;2021-01-10;0;0;453;3;0.1;0.0
88;2021-01-11;226;0;679;3;0.2;0.0
88;2021-01-12;422;1;1101;4;0.3;0.0
88;2021-01-13;490;1;1591;5;0.4;0.0
88;2021-01-14;343;2;1934;7;0.5;0.0
88;2021-01-15;379;2;2313;9;0.6;0.0
88;2021-01-16;60;0;2373;9;0.7;0.0
88;2021-01-17;0;0;2373;9;0.7;0.0
88;2021-01-18;459;0;2832;9;0.8;0.0
88;2021-01-19;446;0;3278;9;0.9;0.0
88;2021-01-20;461;0;3739;9;1.0;0.0
88;2021-01-21;1538;0;5277;9;1.5;0.0
88;2021-01-22;1158;1;6435;10;1.8;0.0
88;2021-01-23;283;0;6718;10;1.9;0.0
88;2021-01-24;298;2;7016;12;2.0;0.0
88;2021-01-25;938;3;7954;15;2.2;0.0
88;2021-01-26;388;6;8342;21;2.3;0.0
88;2021-01-27;3;0;8345;21;2.3;0.0
88;2021-01-28;162;37;8507;58;2.4;0.0
88;2021-01-29;525;164;9032;222;2.5;0.1
88;2021-01-30;288;127;9320;349;2.6;0.1
88;2021-01-31;0;0;9320;349;2.6;0.1
88;2021-02-01;405;284;9725;633;2.7;0.2
88;2021-02-02;333;364;10058;997;2.8;0.3
88;2021-02-03;437;240;10495;1237;2.9;0.3
88;2021-02-04;316;230;10811;1467;3.0;0.4
88;2021-02-05;457;251;11268;1718;3.1;0.5
88;2021-02-06;108;56;11376;1774;3.2;0.5
88;2021-02-07;0;0;11376;1774;3.2;0.5
88;2021-02-08;359;206;11735;1980;3.3;0.6
88;2021-02-09;293;287;12028;2267;3.3;0.6
88;2021-02-10;414;346;12442;2613;3.5;0.7
88;2021-02-11;847;1089;13289;3702;3.7;1.0
88;2021-02-12;942;702;14231;4404;4.0;1.2
88;2021-02-13;162;211;14393;4615;4.0;1.3
88;2021-02-14;81;216;14474;4831;4.0;1.3
88;2021-02-15;640;1072;15114;5903;4.2;1.6
88;2021-02-16;472;725;15586;6628;4.3;1.8
88;2021-02-17;455;439;16041;7067;4.5;2.0
88;2021-02-18;515;385;16556;7452;4.6;2.1
88;2021-02-19;535;457;17091;7909;4.8;2.2
88;2021-02-20;156;102;17247;8011;4.8;2.2
88;2021-02-21;1;25;17248;8036;4.8;2.2
88;2021-02-22;425;342;17673;8378;4.9;2.3
88;2021-02-23;403;234;18076;8612;5.0;2.4
88;2021-02-24;507;210;18583;8822;5.2;2.5
88;2021-02-25;675;274;19258;9096;5.4;2.5
88;2021-02-26;860;272;20118;9368;5.6;2.6
88;2021-02-27;264;32;20382;9400;5.7;2.6
88;2021-02-28;30;1;20412;9401;5.7;2.6
88;2021-03-01;359;466;20771;9867;5.8;2.7
88;2021-03-02;432;494;21203;10361;5.9;2.9
88;2021-03-03;648;457;21851;10818;6.1;3.0
88;2021-03-04;1024;738;22875;11556;6.4;3.2
88;2021-03-05;934;682;23809;12238;6.6;3.4
88;2021-03-06;1869;111;25678;12349;7.1;3.4
88;2021-03-07;1057;72;26735;12421;7.4;3.5
88;2021-03-08;721;684;27456;13105;7.6;3.6
88;2021-03-09;1094;529;28550;13634;7.9;3.8
88;2021-03-10;1070;490;29620;14124;8.2;3.9
88;2021-03-11;1435;387;31055;14511;8.6;4.0
88;2021-03-12;1309;483;32364;14994;9.0;4.2
88;2021-03-13;1207;117;33571;15111;9.3;4.2
88;2021-03-14;166;5;33737;15116;9.4;4.2
88;2021-03-15;929;441;34666;15557;9.6;4.3
88;2021-03-16;1023;341;35689;15898;9.9;4.4
88;2021-03-17;901;421;36590;16319;10.2;4.5
88;2021-03-18;1301;389;37891;16708;10.5;4.6
88;2021-03-19;1461;496;39352;17204;10.9;4.8
88;2021-03-20;1312;40;40664;17244;11.3;4.8
88;2021-03-21;34;0;40698;17244;11.3;4.8
88;2021-03-22;1230;535;41928;17779;11.7;4.9
88;2021-03-23;1782;431;43710;18210;12.2;5.1
88;2021-03-24;1869;466;45579;18676;12.7;5.2
88;2021-03-25;2496;476;48075;19152;13.4;5.3
88;2021-03-26;2469;442;50544;19594;14.1;5.5
88;2021-03-27;880;291;51424;19885;14.3;5.5
88;2021-03-28;59;4;51483;19889;14.3;5.5
88;2021-03-29;1304;435;52787;20324;14.7;5.7
88;2021-03-30;2062;383;54849;20707;15.3;5.8
88;2021-03-31;1616;563;56465;21270;15.7;5.9
88;2021-04-01;2114;697;58579;21967;16.3;6.1
88;2021-04-02;2809;612;61388;22579;17.1;6.3
88;2021-04-03;741;203;62129;22782;17.3;6.3
88;2021-04-04;16;0;62145;22782;17.3;6.3
88;2021-04-05;23;2;62168;22784;17.3;6.3
88;2021-04-06;1133;677;63301;23461;17.6;6.5
88;2021-04-07;1596;696;64897;24157;18.1;6.7
88;2021-04-08;1859;774;66756;24931;18.6;6.9
88;2021-04-09;3076;714;69832;25645;19.4;7.1
88;2021-04-10;725;643;70557;26288;19.6;7.3
88;2021-04-11;32;1;70589;26289;19.6;7.3
88;2021-04-12;1537;989;72126;27278;20.1;7.6
88;2021-04-13;2036;1092;74162;28370;20.6;7.9
88;2021-04-14;1908;957;76070;29327;21.2;8.2
88;2021-04-15;1967;1244;78037;30571;21.7;8.5
88;2021-04-16;2108;1047;80145;31618;22.3;8.8
88;2021-04-17;1426;766;81571;32384;22.7;9.0
88;2021-04-18;268;22;81839;32406;22.8;9.0
88;2021-04-19;1174;1237;83013;33643;23.1;9.4
88;2021-04-20;1191;1391;84204;35034;23.4;9.7
88;2021-04-21;1504;1298;85708;36332;23.8;10.1
88;2021-04-22;1897;1622;87605;37954;24.4;10.6
88;2021-04-23;1821;2031;89426;39985;24.9;11.1
88;2021-04-24;1183;775;90609;40760;25.2;11.3
88;2021-04-25;33;2;90642;40762;25.2;11.3
88;2021-04-26;1180;1169;91822;41931;25.5;11.7
88;2021-04-27;1277;1731;93099;43662;25.9;12.1
88;2021-04-28;1620;1490;94719;45152;26.3;12.6
88;2021-04-29;2082;1452;96801;46604;26.9;13.0
88;2021-04-30;2447;1608;99248;48212;27.6;13.4
88;2021-05-01;2001;252;101249;48464;28.2;13.5
88;2021-05-02;1300;114;102549;48578;28.5;13.5
88;2021-05-03;1559;1215;104108;49793;29.0;13.8
88;2021-05-04;1445;1460;105553;51253;29.4;14.3
88;2021-05-05;2424;1586;107977;52839;30.0;14.7
88;2021-05-06;3207;1205;111184;54044;30.9;15.0
88;2021-05-07;2937;1341;114121;55385;31.7;15.4
88;2021-05-08;1527;454;115648;55839;32.2;15.5
88;2021-05-09;1732;145;117380;55984;32.6;15.6
88;2021-05-10;1765;1564;119145;57548;33.1;16.0
88;2021-05-11;2657;1901;121802;59449;33.9;16.5
88;2021-05-12;2530;1845;124332;61294;34.6;17.0
88;2021-05-13;3258;666;127590;61960;35.5;17.2
88;2021-05-14;2498;1530;130088;63490;36.2;17.7
88;2021-05-15;1623;723;131711;64213;36.6;17.9
88;2021-05-16;1335;94;133046;64307;37.0;17.9
88;2021-05-17;1986;917;135032;65224;37.6;18.1
88;2021-05-18;2254;1088;137286;66312;38.2;18.4
88;2021-05-19;2722;1121;140008;67433;38.9;18.8
88;2021-05-20;3343;1213;143351;68646;39.9;19.1
88;2021-05-21;2870;1121;146221;69767;40.7;19.4
88;2021-05-22;1429;696;147650;70463;41.1;19.6
88;2021-05-23;557;72;148207;70535;41.2;19.6
88;2021-05-24;1674;421;149881;70956;41.7;19.7
88;2021-05-25;1643;1169;151524;72125;42.1;20.1
88;2021-05-26;2367;1127;153891;73252;42.8;20.4
88;2021-05-27;2200;1354;156091;74606;43.4;20.8
88;2021-05-28;1890;1976;157981;76582;43.9;21.3
88;2021-05-29;1233;1750;159214;78332;44.3;21.8
88;2021-05-30;588;412;159802;78744;44.4;21.9
88;2021-05-31;1324;1848;161126;80592;44.8;22.4
88;2021-06-01;1719;1988;162845;82580;45.3;23.0
88;2021-06-02;2070;1858;164915;84438;45.9;23.5
88;2021-06-03;2736;1609;167651;86047;46.6;23.9
88;2021-06-04;2031;1931;169682;87978;47.2;24.5
88;2021-06-05;1527;1137;171209;89115;47.6;24.8
88;2021-06-06;689;154;171898;89269;47.8;24.8
88;2021-06-07;1288;1699;173186;90968;48.2;25.3
88;2021-06-08;1649;1929;174835;92897;48.6;25.8
88;2021-06-09;1615;1900;176450;94797;49.1;26.4
88;2021-06-10;1767;2042;178217;96839;49.6;26.9
88;2021-06-11;1544;2213;179761;99052;50.0;27.6
88;2021-06-12;662;1651;180423;100703;50.2;28.0
88;2021-06-13;458;378;180881;101081;50.3;28.1
88;2021-06-14;1021;2240;181902;103321;50.6;28.7
88;2021-06-15;1914;2450;183816;105771;51.1;29.4
88;2021-06-16;1482;2874;185298;108645;51.5;30.2
88;2021-06-17;1592;2727;186890;111372;52.0;31.0
88;2021-06-18;1351;2456;188241;113828;52.4;31.7
88;2021-06-19;696;1090;188937;114918;52.6;32.0
88;2021-06-20;77;79;189014;114997;52.6;32.0
88;2021-06-21;648;2586;189662;117583;52.8;32.7
88;2021-06-22;861;3445;190523;121028;53.0;33.7
88;2021-06-23;1135;2883;191658;123911;53.3;34.5
88;2021-06-24;700;2611;192358;126522;53.5;35.2
88;2021-06-25;1391;3183;193749;129705;53.9;36.1
88;2021-06-26;900;2076;194649;131781;54.1;36.7
88;2021-06-27;541;635;195190;132416;54.3;36.8
88;2021-06-28;703;2501;195893;134917;54.5;37.5
88;2021-06-29;840;3362;196733;138279;54.7;38.5
88;2021-06-30;1076;3104;197809;141383;55.0;39.3
88;2021-07-01;1044;2687;198853;144070;55.3;40.1
88;2021-07-02;983;3142;199836;147212;55.6;40.9
88;2021-07-03;683;1695;200519;148907;55.8;41.4
88;2021-07-04;257;817;200776;149724;55.8;41.6
88;2021-07-05;989;2026;201765;151750;56.1;42.2
88;2021-07-06;1016;2412;202781;154162;56.4;42.9
88;2021-07-07;1177;2582;203958;156744;56.7;43.6
88;2021-07-08;1067;2077;205025;158821;57.0;44.2
88;2021-07-09;1577;2698;206602;161519;57.5;44.9
88;2021-07-10;699;1803;207301;163322;57.7;45.4
88;2021-07-11;429;694;207730;164016;57.8;45.6
88;2021-07-12;1024;2501;208754;166517;58.1;46.3
88;2021-07-13;1271;2642;210025;169159;58.4;47.1
88;2021-07-14;1000;771;211025;169930;58.7;47.3
88;2021-07-15;1674;3298;212699;173228;59.2;48.2
89;2020-12-27;0;0;0;0;0.0;0.0
89;2020-12-28;0;0;0;0;0.0;0.0
89;2020-12-29;0;0;0;0;0.0;0.0
89;2020-12-30;0;0;0;0;0.0;0.0
89;2020-12-31;0;0;0;0;0.0;0.0
89;2021-01-01;0;0;0;0;0.0;0.0
89;2021-01-02;0;0;0;0;0.0;0.0
89;2021-01-03;0;0;0;0;0.0;0.0
89;2021-01-04;0;0;0;0;0.0;0.0
89;2021-01-05;0;0;0;0;0.0;0.0
89;2021-01-06;48;0;48;0;0.0;0.0
89;2021-01-07;201;0;249;0;0.1;0.0
89;2021-01-08;48;0;297;0;0.1;0.0
89;2021-01-09;1;0;298;0;0.1;0.0
89;2021-01-10;0;0;298;0;0.1;0.0
89;2021-01-11;220;0;518;0;0.2;0.0
89;2021-01-12;348;0;866;0;0.3;0.0
89;2021-01-13;533;1;1399;1;0.4;0.0
89;2021-01-14;707;7;2106;8;0.6;0.0
89;2021-01-15;275;1;2381;9;0.7;0.0
89;2021-01-16;90;3;2471;12;0.7;0.0
89;2021-01-17;0;0;2471;12;0.7;0.0
89;2021-01-18;503;0;2974;12;0.9;0.0
89;2021-01-19;837;3;3811;15;1.1;0.0
89;2021-01-20;758;1;4569;16;1.4;0.0
89;2021-01-21;938;3;5507;19;1.7;0.0
89;2021-01-22;1014;0;6521;19;2.0;0.0
89;2021-01-23;200;0;6721;19;2.0;0.0
89;2021-01-24;102;0;6823;19;2.1;0.0
89;2021-01-25;482;4;7305;23;2.2;0.0
89;2021-01-26;580;12;7885;35;2.4;0.0
89;2021-01-27;472;38;8357;73;2.5;0.0
89;2021-01-28;547;126;8904;199;2.7;0.1
89;2021-01-29;957;42;9861;241;3.0;0.1
89;2021-01-30;182;67;10043;308;3.0;0.1
89;2021-01-31;24;2;10067;310;3.0;0.1
89;2021-02-01;255;153;10322;463;3.1;0.1
89;2021-02-02;282;339;10604;802;3.2;0.2
89;2021-02-03;290;346;10894;1148;3.3;0.3
89;2021-02-04;433;596;11327;1744;3.4;0.5
89;2021-02-05;387;201;11714;1945;3.5;0.6
89;2021-02-06;74;67;11788;2012;3.5;0.6
89;2021-02-07;0;0;11788;2012;3.5;0.6
89;2021-02-08;288;190;12076;2202;3.6;0.7
89;2021-02-09;285;443;12361;2645;3.7;0.8
89;2021-02-10;394;311;12755;2956;3.8;0.9
89;2021-02-11;331;563;13086;3519;3.9;1.1
89;2021-02-12;426;596;13512;4115;4.1;1.2
89;2021-02-13;52;144;13564;4259;4.1;1.3
89;2021-02-14;20;116;13584;4375;4.1;1.3
89;2021-02-15;216;415;13800;4790;4.2;1.4
89;2021-02-16;134;548;13934;5338;4.2;1.6
89;2021-02-17;262;446;14196;5784;4.3;1.7
89;2021-02-18;224;565;14420;6349;4.3;1.9
89;2021-02-19;243;662;14663;7011;4.4;2.1
89;2021-02-20;33;140;14696;7151;4.4;2.2
89;2021-02-21;0;10;14696;7161;4.4;2.2
89;2021-02-22;227;451;14923;7612;4.5;2.3
89;2021-02-23;171;472;15094;8084;4.5;2.4
89;2021-02-24;339;389;15433;8473;4.6;2.6
89;2021-02-25;369;465;15802;8938;4.8;2.7
89;2021-02-26;383;335;16185;9273;4.9;2.8
89;2021-02-27;137;79;16322;9352;4.9;2.8
89;2021-02-28;6;13;16328;9365;4.9;2.8
89;2021-03-01;541;237;16869;9602;5.1;2.9
89;2021-03-02;750;339;17619;9941;5.3;3.0
89;2021-03-03;648;273;18267;10214;5.5;3.1
89;2021-03-04;631;375;18898;10589;5.7;3.2
89;2021-03-05;728;499;19626;11088;5.9;3.3
89;2021-03-06;543;124;20169;11212;6.1;3.4
89;2021-03-07;286;36;20455;11248;6.2;3.4
89;2021-03-08;555;321;21010;11569;6.3;3.5
89;2021-03-09;995;269;22005;11838;6.6;3.6
89;2021-03-10;970;247;22975;12085;6.9;3.6
89;2021-03-11;1072;298;24047;12383;7.2;3.7
89;2021-03-12;1279;327;25326;12710;7.6;3.8
89;2021-03-13;633;39;25959;12749;7.8;3.8
89;2021-03-14;1;0;25960;12749;7.8;3.8
89;2021-03-15;809;299;26769;13048;8.1;3.9
89;2021-03-16;945;213;27714;13261;8.3;4.0
89;2021-03-17;917;263;28631;13524;8.6;4.1
89;2021-03-18;881;249;29512;13773;8.9;4.1
89;2021-03-19;1146;188;30658;13961;9.2;4.2
89;2021-03-20;843;21;31501;13982;9.5;4.2
89;2021-03-21;171;4;31672;13986;9.5;4.2
89;2021-03-22;1040;221;32712;14207;9.9;4.3
89;2021-03-23;1738;243;34450;14450;10.4;4.4
89;2021-03-24;1955;315;36405;14765;11.0;4.4
89;2021-03-25;1816;158;38221;14923;11.5;4.5
89;2021-03-26;2623;174;40844;15097;12.3;4.5
89;2021-03-27;1772;35;42616;15132;12.8;4.6
89;2021-03-28;31;2;42647;15134;12.8;4.6
89;2021-03-29;963;579;43610;15713;13.1;4.7
89;2021-03-30;1150;559;44760;16272;13.5;4.9
89;2021-03-31;2003;460;46763;16732;14.1;5.0
89;2021-04-01;2116;443;48879;17175;14.7;5.2
89;2021-04-02;2139;438;51018;17613;15.4;5.3
89;2021-04-03;1001;238;52019;17851;15.7;5.4
89;2021-04-04;16;1;52035;17852;15.7;5.4
89;2021-04-05;92;1;52127;17853;15.7;5.4
89;2021-04-06;1030;750;53157;18603;16.0;5.6
89;2021-04-07;1034;794;54191;19397;16.3;5.8
89;2021-04-08;1729;716;55920;20113;16.8;6.1
89;2021-04-09;2161;723;58081;20836;17.5;6.3
89;2021-04-10;888;176;58969;21012;17.8;6.3
89;2021-04-11;37;50;59006;21062;17.8;6.3
89;2021-04-12;1013;785;60019;21847;18.1;6.6
89;2021-04-13;1353;1074;61372;22921;18.5;6.9
89;2021-04-14;1207;1030;62579;23951;18.8;7.2
89;2021-04-15;1411;937;63990;24888;19.3;7.5
89;2021-04-16;1330;930;65320;25818;19.7;7.8
89;2021-04-17;1063;451;66383;26269;20.0;7.9
89;2021-04-18;27;154;66410;26423;20.0;8.0
89;2021-04-19;749;1020;67159;27443;20.2;8.3
89;2021-04-20;1017;1528;68176;28971;20.5;8.7
89;2021-04-21;813;1096;68989;30067;20.8;9.1
89;2021-04-22;1099;1160;70088;31227;21.1;9.4
89;2021-04-23;1818;1957;71906;33184;21.7;10.0
89;2021-04-24;1168;1173;73074;34357;22.0;10.3
89;2021-04-25;139;6;73213;34363;22.0;10.3
89;2021-04-26;1497;757;74710;35120;22.5;10.6
89;2021-04-27;1729;1050;76439;36170;23.0;10.9
89;2021-04-28;1583;1845;78022;38015;23.5;11.4
89;2021-04-29;1970;1910;79992;39925;24.1;12.0
89;2021-04-30;1804;1755;81796;41680;24.6;12.6
89;2021-05-01;844;722;82640;42402;24.9;12.8
89;2021-05-02;133;31;82773;42433;24.9;12.8
89;2021-05-03;1603;742;84376;43175;25.4;13.0
89;2021-05-04;1621;1120;85997;44295;25.9;13.3
89;2021-05-05;2316;1253;88313;45548;26.6;13.7
89;2021-05-06;2414;1360;90727;46908;27.3;14.1
89;2021-05-07;2725;1310;93452;48218;28.1;14.5
89;2021-05-08;1783;527;95235;48745;28.7;14.7
89;2021-05-09;196;18;95431;48763;28.7;14.7
89;2021-05-10;1195;939;96626;49702;29.1;15.0
89;2021-05-11;2483;1436;99109;51138;29.8;15.4
89;2021-05-12;2060;1208;101169;52346;30.5;15.8
89;2021-05-13;414;333;101583;52679;30.6;15.9
89;2021-05-14;1878;1086;103461;53765;31.2;16.2
89;2021-05-15;2244;390;105705;54155;31.8;16.3
89;2021-05-16;8;34;105713;54189;31.8;16.3
89;2021-05-17;2089;636;107802;54825;32.5;16.5
89;2021-05-18;2322;820;110124;55645;33.2;16.8
89;2021-05-19;2860;873;112984;56518;34.0;17.0
89;2021-05-20;2928;875;115912;57393;34.9;17.3
89;2021-05-21;2479;873;118391;58266;35.6;17.5
89;2021-05-22;1425;570;119816;58836;36.1;17.7
89;2021-05-23;108;10;119924;58846;36.1;17.7
89;2021-05-24;284;223;120208;59069;36.2;17.8
89;2021-05-25;1555;983;121763;60052;36.7;18.1
89;2021-05-26;1812;1015;123575;61067;37.2;18.4
89;2021-05-27;2108;1341;125683;62408;37.8;18.8
89;2021-05-28;2142;1420;127825;63828;38.5;19.2
89;2021-05-29;538;656;128363;64484;38.7;19.4
89;2021-05-30;25;22;128388;64506;38.7;19.4
89;2021-05-31;1244;968;129632;65474;39.0;19.7
89;2021-06-01;1499;975;131131;66449;39.5;20.0
89;2021-06-02;1938;1270;133069;67719;40.1;20.4
89;2021-06-03;2423;1521;135492;69240;40.8;20.8
89;2021-06-04;2135;1880;137627;71120;41.4;21.4
89;2021-06-05;1180;1223;138807;72343;41.8;21.8
89;2021-06-06;22;37;138829;72380;41.8;21.8
89;2021-06-07;2111;1444;140940;73824;42.4;22.2
89;2021-06-08;2187;1452;143127;75276;43.1;22.7
89;2021-06-09;2317;1504;145444;76780;43.8;23.1
89;2021-06-10;2750;1593;148194;78373;44.6;23.6
89;2021-06-11;1937;1742;150131;80115;45.2;24.1
89;2021-06-12;1097;756;151228;80871;45.5;24.4
89;2021-06-13;155;426;151383;81297;45.6;24.5
89;2021-06-14;1306;1821;152689;83118;46.0;25.0
89;2021-06-15;1392;2013;154081;85131;46.4;25.6
89;2021-06-16;1109;2579;155190;87710;46.7;26.4
89;2021-06-17;1422;2338;156612;90048;47.2;27.1
89;2021-06-18;1619;2866;158231;92914;47.6;28.0
89;2021-06-19;682;1665;158913;94579;47.9;28.5
89;2021-06-20;51;128;158964;94707;47.9;28.5
89;2021-06-21;760;1529;159724;96236;48.1;29.0
89;2021-06-22;1046;2679;160770;98915;48.4;29.8
89;2021-06-23;1148;1801;161918;100716;48.8;30.3
89;2021-06-24;1077;1498;162995;102214;49.1;30.8
89;2021-06-25;996;2432;163991;104646;49.4;31.5
89;2021-06-26;556;2491;164547;107137;49.5;32.3
89;2021-06-27;12;28;164559;107165;49.6;32.3
89;2021-06-28;996;2493;165555;109658;49.9;33.0
89;2021-06-29;672;2406;166227;112064;50.1;33.7
89;2021-06-30;1063;3172;167290;115236;50.4;34.7
89;2021-07-01;1018;2988;168308;118224;50.7;35.6
89;2021-07-02;1100;2752;169408;120976;51.0;36.4
89;2021-07-03;553;1573;169961;122549;51.2;36.9
89;2021-07-04;11;36;169972;122585;51.2;36.9
89;2021-07-05;1286;1836;171258;124421;51.6;37.5
89;2021-07-06;1048;2308;172306;126729;51.9;38.2
89;2021-07-07;661;1788;172967;128517;52.1;38.7
89;2021-07-08;787;1876;173754;130393;52.3;39.3
89;2021-07-09;1117;2597;174871;132990;52.7;40.0
89;2021-07-10;714;815;175585;133805;52.9;40.3
89;2021-07-11;25;39;175610;133844;52.9;40.3
89;2021-07-12;1419;1898;177029;135742;53.3;40.9
89;2021-07-13;2114;2734;179143;138476;53.9;41.7
89;2021-07-14;312;323;179455;138799;54.0;41.8
89;2021-07-15;2221;3213;181676;142012;54.7;42.8
90;2020-12-27;0;0;0;0;0.0;0.0
90;2020-12-28;0;0;0;0;0.0;0.0
90;2020-12-29;0;0;0;0;0.0;0.0
90;2020-12-30;0;0;0;0;0.0;0.0
90;2020-12-31;0;0;0;0;0.0;0.0
90;2021-01-01;0;0;0;0;0.0;0.0
90;2021-01-02;0;0;0;0;0.0;0.0
90;2021-01-03;0;0;0;0;0.0;0.0
90;2021-01-04;2;0;2;0;0.0;0.0
90;2021-01-05;0;0;2;0;0.0;0.0
90;2021-01-06;0;0;2;0;0.0;0.0
90;2021-01-07;0;0;2;0;0.0;0.0
90;2021-01-08;170;0;172;0;0.1;0.0
90;2021-01-09;46;0;218;0;0.2;0.0
90;2021-01-10;0;0;218;0;0.2;0.0
90;2021-01-11;200;0;418;0;0.3;0.0
90;2021-01-12;430;0;848;0;0.6;0.0
90;2021-01-13;469;2;1317;2;0.9;0.0
90;2021-01-14;414;1;1731;3;1.2;0.0
90;2021-01-15;405;9;2136;12;1.5;0.0
90;2021-01-16;111;2;2247;14;1.6;0.0
90;2021-01-17;1;0;2248;14;1.6;0.0
90;2021-01-18;363;1;2611;15;1.9;0.0
90;2021-01-19;460;4;3071;19;2.2;0.0
90;2021-01-20;390;2;3461;21;2.5;0.0
90;2021-01-21;349;1;3810;22;2.7;0.0
90;2021-01-22;346;2;4156;24;3.0;0.0
90;2021-01-23;98;0;4254;24;3.0;0.0
90;2021-01-24;0;0;4254;24;3.0;0.0
90;2021-01-25;321;3;4575;27;3.3;0.0
90;2021-01-26;224;0;4799;27;3.4;0.0
90;2021-01-27;254;0;5053;27;3.6;0.0
90;2021-01-28;327;33;5380;60;3.8;0.0
90;2021-01-29;291;162;5671;222;4.0;0.2
90;2021-01-30;176;45;5847;267;4.2;0.2
90;2021-01-31;118;0;5965;267;4.3;0.2
90;2021-02-01;273;111;6238;378;4.5;0.3
90;2021-02-02;290;163;6528;541;4.7;0.4
90;2021-02-03;255;369;6783;910;4.8;0.6
90;2021-02-04;256;303;7039;1213;5.0;0.9
90;2021-02-05;266;271;7305;1484;5.2;1.1
90;2021-02-06;89;68;7394;1552;5.3;1.1
90;2021-02-07;0;0;7394;1552;5.3;1.1
90;2021-02-08;170;219;7564;1771;5.4;1.3
90;2021-02-09;139;166;7703;1937;5.5;1.4
90;2021-02-10;182;28;7885;1965;5.6;1.4
90;2021-02-11;228;108;8113;2073;5.8;1.5
90;2021-02-12;127;241;8240;2314;5.9;1.7
90;2021-02-13;95;43;8335;2357;5.9;1.7
90;2021-02-14;0;0;8335;2357;5.9;1.7
90;2021-02-15;113;282;8448;2639;6.0;1.9
90;2021-02-16;92;277;8540;2916;6.1;2.1
90;2021-02-17;178;204;8718;3120;6.2;2.2
90;2021-02-18;129;243;8847;3363;6.3;2.4
90;2021-02-19;65;272;8912;3635;6.4;2.6
90;2021-02-20;39;72;8951;3707;6.4;2.6
90;2021-02-21;0;0;8951;3707;6.4;2.6
90;2021-02-22;76;332;9027;4039;6.4;2.9
90;2021-02-23;39;259;9066;4298;6.5;3.1
90;2021-02-24;109;289;9175;4587;6.5;3.3
90;2021-02-25;88;313;9263;4900;6.6;3.5
90;2021-02-26;89;396;9352;5296;6.7;3.8
90;2021-02-27;140;179;9492;5475;6.8;3.9
90;2021-02-28;8;113;9500;5588;6.8;4.0
90;2021-03-01;214;228;9714;5816;6.9;4.1
90;2021-03-02;178;282;9892;6098;7.1;4.4
90;2021-03-03;239;354;10131;6452;7.2;4.6
90;2021-03-04;258;274;10389;6726;7.4;4.8
90;2021-03-05;357;268;10746;6994;7.7;5.0
90;2021-03-06;291;97;11037;7091;7.9;5.1
90;2021-03-07;18;1;11055;7092;7.9;5.1
90;2021-03-08;245;240;11300;7332;8.1;5.2
90;2021-03-09;424;158;11724;7490;8.4;5.3
90;2021-03-10;343;194;12067;7684;8.6;5.5
90;2021-03-11;348;112;12415;7796;8.9;5.6
90;2021-03-12;518;124;12933;7920;9.2;5.7
90;2021-03-13;539;45;13472;7965;9.6;5.7
90;2021-03-14;20;0;13492;7965;9.6;5.7
90;2021-03-15;385;114;13877;8079;9.9;5.8
90;2021-03-16;400;96;14277;8175;10.2;5.8
90;2021-03-17;323;73;14600;8248;10.4;5.9
90;2021-03-18;347;75;14947;8323;10.7;5.9
90;2021-03-19;468;77;15415;8400;11.0;6.0
90;2021-03-20;425;47;15840;8447;11.3;6.0
90;2021-03-21;7;2;15847;8449;11.3;6.0
90;2021-03-22;399;26;16246;8475;11.6;6.0
90;2021-03-23;733;69;16979;8544;12.1;6.1
90;2021-03-24;815;40;17794;8584;12.7;6.1
90;2021-03-25;945;67;18739;8651;13.4;6.2
90;2021-03-26;1228;53;19967;8704;14.2;6.2
90;2021-03-27;437;24;20404;8728;14.6;6.2
90;2021-03-28;34;0;20438;8728;14.6;6.2
90;2021-03-29;711;133;21149;8861;15.1;6.3
90;2021-03-30;669;151;21818;9012;15.6;6.4
90;2021-03-31;728;75;22546;9087;16.1;6.5
90;2021-04-01;599;110;23145;9197;16.5;6.6
90;2021-04-02;657;87;23802;9284;17.0;6.6
90;2021-04-03;370;38;24172;9322;17.2;6.7
90;2021-04-04;1;0;24173;9322;17.2;6.7
90;2021-04-05;0;0;24173;9322;17.2;6.7
90;2021-04-06;527;247;24700;9569;17.6;6.8
90;2021-04-07;484;259;25184;9828;18.0;7.0
90;2021-04-08;507;241;25691;10069;18.3;7.2
90;2021-04-09;749;259;26440;10328;18.9;7.4
90;2021-04-10;221;8;26661;10336;19.0;7.4
90;2021-04-11;7;0;26668;10336;19.0;7.4
90;2021-04-12;552;477;27220;10813;19.4;7.7
90;2021-04-13;629;526;27849;11339;19.9;8.1
90;2021-04-14;526;344;28375;11683;20.2;8.3
90;2021-04-15;905;278;29280;11961;20.9;8.5
90;2021-04-16;370;404;29650;12365;21.2;8.8
90;2021-04-17;189;125;29839;12490;21.3;8.9
90;2021-04-18;21;0;29860;12490;21.3;8.9
90;2021-04-19;434;565;30294;13055;21.6;9.3
90;2021-04-20;495;618;30789;13673;22.0;9.8
90;2021-04-21;353;494;31142;14167;22.2;10.1
90;2021-04-22;565;596;31707;14763;22.6;10.5
90;2021-04-23;502;742;32209;15505;23.0;11.1
90;2021-04-24;305;202;32514;15707;23.2;11.2
90;2021-04-25;1;0;32515;15707;23.2;11.2
90;2021-04-26;508;750;33023;16457;23.6;11.7
90;2021-04-27;640;678;33663;17135;24.0;12.2
90;2021-04-28;765;444;34428;17579;24.6;12.5
90;2021-04-29;1002;444;35430;18023;25.3;12.9
90;2021-04-30;1121;455;36551;18478;26.1;13.2
90;2021-05-01;60;42;36611;18520;26.1;13.2
90;2021-05-02;4;0;36615;18520;26.1;13.2
90;2021-05-03;901;284;37516;18804;26.8;13.4
90;2021-05-04;785;637;38301;19441;27.3;13.9
90;2021-05-05;893;506;39194;19947;28.0;14.2
90;2021-05-06;850;621;40044;20568;28.6;14.7
90;2021-05-07;438;506;40482;21074;28.9;15.0
90;2021-05-08;26;25;40508;21099;28.9;15.1
90;2021-05-09;5;33;40513;21132;28.9;15.1
90;2021-05-10;505;583;41018;21715;29.3;15.5
90;2021-05-11;776;633;41794;22348;29.8;15.9
90;2021-05-12;529;596;42323;22944;30.2;16.4
90;2021-05-13;1112;263;43435;23207;31.0;16.6
90;2021-05-14;864;401;44299;23608;31.6;16.8
90;2021-05-15;14;125;44313;23733;31.6;16.9
90;2021-05-16;2;7;44315;23740;31.6;16.9
90;2021-05-17;793;288;45108;24028;32.2;17.1
90;2021-05-18;1022;468;46130;24496;32.9;17.5
90;2021-05-19;1260;382;47390;24878;33.8;17.8
90;2021-05-20;1199;266;48589;25144;34.7;17.9
90;2021-05-21;1265;426;49854;25570;35.6;18.2
90;2021-05-22;9;131;49863;25701;35.6;18.3
90;2021-05-23;1;0;49864;25701;35.6;18.3
90;2021-05-24;368;264;50232;25965;35.8;18.5
90;2021-05-25;637;791;50869;26756;36.3;19.1
90;2021-05-26;631;568;51500;27324;36.7;19.5
90;2021-05-27;962;381;52462;27705;37.4;19.8
90;2021-05-28;668;825;53130;28530;37.9;20.4
90;2021-05-29;93;296;53223;28826;38.0;20.6
90;2021-05-30;4;1;53227;28827;38.0;20.6
90;2021-05-31;809;712;54036;29539;38.6;21.1
90;2021-06-01;966;740;55002;30279;39.2;21.6
90;2021-06-02;758;675;55760;30954;39.8;22.1
90;2021-06-03;757;741;56517;31695;40.3;22.6
90;2021-06-04;831;972;57348;32667;40.9;23.3
90;2021-06-05;53;424;57401;33091;41.0;23.6
90;2021-06-06;1;16;57402;33107;41.0;23.6
90;2021-06-07;1262;1080;58664;34187;41.9;24.4
90;2021-06-08;1476;939;60140;35126;42.9;25.1
90;2021-06-09;962;657;61102;35783;43.6;25.5
90;2021-06-10;603;492;61705;36275;44.0;25.9
90;2021-06-11;784;1122;62489;37397;44.6;26.7
90;2021-06-12;804;296;63293;37693;45.2;26.9
90;2021-06-13;10;12;63303;37705;45.2;26.9
90;2021-06-14;259;974;63562;38679;45.4;27.6
90;2021-06-15;561;880;64123;39559;45.8;28.2
90;2021-06-16;501;548;64624;40107;46.1;28.6
90;2021-06-17;434;639;65058;40746;46.4;29.1
90;2021-06-18;601;993;65659;41739;46.9;29.8
90;2021-06-19;448;168;66107;41907;47.2;29.9
90;2021-06-20;0;28;66107;41935;47.2;29.9
90;2021-06-21;253;1179;66360;43114;47.4;30.8
90;2021-06-22;378;952;66738;44066;47.6;31.4
90;2021-06-23;409;632;67147;44698;47.9;31.9
90;2021-06-24;306;602;67453;45300;48.1;32.3
90;2021-06-25;419;1276;67872;46576;48.4;33.2
90;2021-06-26;419;562;68291;47138;48.7;33.6
90;2021-06-27;2;6;68293;47144;48.7;33.6
90;2021-06-28;371;1299;68664;48443;49.0;34.6
90;2021-06-29;297;1304;68961;49747;49.2;35.5
90;2021-06-30;472;1229;69433;50976;49.5;36.4
90;2021-07-01;335;921;69768;51897;49.8;37.0
90;2021-07-02;497;1205;70265;53102;50.1;37.9
90;2021-07-03;42;127;70307;53229;50.2;38.0
90;2021-07-04;0;21;70307;53250;50.2;38.0
90;2021-07-05;391;1011;70698;54261;50.4;38.7
90;2021-07-06;506;968;71204;55229;50.8;39.4
90;2021-07-07;362;998;71566;56227;51.1;40.1
90;2021-07-08;301;607;71867;56834;51.3;40.6
90;2021-07-09;432;947;72299;57781;51.6;41.2
90;2021-07-10;27;90;72326;57871;51.6;41.3
90;2021-07-11;5;17;72331;57888;51.6;41.3
90;2021-07-12;234;1076;72565;58964;51.8;42.1
90;2021-07-13;472;1159;73037;60123;52.1;42.9
90;2021-07-14;0;8;73037;60131;52.1;42.9
90;2021-07-15;775;1426;73812;61557;52.7;43.9
91;2020-12-27;0;0;0;0;0.0;0.0
91;2020-12-28;0;0;0;0;0.0;0.0
91;2020-12-29;1;0;1;0;0.0;0.0
91;2020-12-30;0;0;1;0;0.0;0.0
91;2020-12-31;0;0;1;0;0.0;0.0
91;2021-01-01;3;0;4;0;0.0;0.0
91;2021-01-02;0;0;4;0;0.0;0.0
91;2021-01-03;0;0;4;0;0.0;0.0
91;2021-01-04;1;0;5;0;0.0;0.0
91;2021-01-05;71;0;76;0;0.0;0.0
91;2021-01-06;188;1;264;1;0.0;0.0
91;2021-01-07;523;6;787;7;0.1;0.0
91;2021-01-08;393;0;1180;7;0.1;0.0
91;2021-01-09;88;3;1268;10;0.1;0.0
91;2021-01-10;0;0;1268;10;0.1;0.0
91;2021-01-11;596;3;1864;13;0.1;0.0
91;2021-01-12;899;9;2763;22;0.2;0.0
91;2021-01-13;700;5;3463;27;0.3;0.0
91;2021-01-14;718;9;4181;36;0.3;0.0
91;2021-01-15;566;2;4747;38;0.4;0.0
91;2021-01-16;316;8;5063;46;0.4;0.0
91;2021-01-17;116;1;5179;47;0.4;0.0
91;2021-01-18;990;5;6169;52;0.5;0.0
91;2021-01-19;1859;11;8028;63;0.6;0.0
91;2021-01-20;2363;15;10391;78;0.8;0.0
91;2021-01-21;2082;14;12473;92;0.9;0.0
91;2021-01-22;1806;8;14279;100;1.1;0.0
91;2021-01-23;412;1;14691;101;1.1;0.0
91;2021-01-24;49;0;14740;101;1.1;0.0
91;2021-01-25;1047;2;15787;103;1.2;0.0
91;2021-01-26;1571;39;17358;142;1.3;0.0
91;2021-01-27;2409;97;19767;239;1.5;0.0
91;2021-01-28;1969;217;21736;456;1.6;0.0
91;2021-01-29;1744;59;23480;515;1.8;0.0
91;2021-01-30;419;7;23899;522;1.8;0.0
91;2021-01-31;54;0;23953;522;1.8;0.0
91;2021-02-01;958;219;24911;741;1.9;0.1
91;2021-02-02;858;364;25769;1105;2.0;0.1
91;2021-02-03;935;572;26704;1677;2.0;0.1
91;2021-02-04;883;280;27587;1957;2.1;0.1
91;2021-02-05;1032;354;28619;2311;2.2;0.2
91;2021-02-06;335;91;28954;2402;2.2;0.2
91;2021-02-07;12;0;28966;2402;2.2;0.2
91;2021-02-08;902;603;29868;3005;2.3;0.2
91;2021-02-09;962;858;30830;3863;2.3;0.3
91;2021-02-10;1066;988;31896;4851;2.4;0.4
91;2021-02-11;1118;996;33014;5847;2.5;0.4
91;2021-02-12;1052;832;34066;6679;2.6;0.5
91;2021-02-13;331;361;34397;7040;2.6;0.5
91;2021-02-14;18;112;34415;7152;2.6;0.5
91;2021-02-15;366;1265;34781;8417;2.6;0.6
91;2021-02-16;548;1774;35329;10191;2.7;0.8
91;2021-02-17;810;2681;36139;12872;2.7;1.0
91;2021-02-18;936;2013;37075;14885;2.8;1.1
91;2021-02-19;854;1387;37929;16272;2.9;1.2
91;2021-02-20;165;361;38094;16633;2.9;1.3
91;2021-02-21;11;51;38105;16684;2.9;1.3
91;2021-02-22;335;1221;38440;17905;2.9;1.4
91;2021-02-23;393;1076;38833;18981;2.9;1.4
91;2021-02-24;467;1057;39300;20038;3.0;1.5
91;2021-02-25;728;1018;40028;21056;3.0;1.6
91;2021-02-26;1093;1054;41121;22110;3.1;1.7
91;2021-02-27;608;326;41729;22436;3.2;1.7
91;2021-02-28;64;68;41793;22504;3.2;1.7
91;2021-03-01;929;1070;42722;23574;3.2;1.8
91;2021-03-02;1251;1089;43973;24663;3.3;1.9
91;2021-03-03;1462;1271;45435;25934;3.4;2.0
91;2021-03-04;2411;1100;47846;27034;3.6;2.0
91;2021-03-05;3343;1150;51189;28184;3.9;2.1
91;2021-03-06;4901;439;56090;28623;4.3;2.2
91;2021-03-07;3208;89;59298;28712;4.5;2.2
91;2021-03-08;1467;1057;60765;29769;4.6;2.3
91;2021-03-09;2619;980;63384;30749;4.8;2.3
91;2021-03-10;2610;1006;65994;31755;5.0;2.4
91;2021-03-11;3776;1088;69770;32843;5.3;2.5
91;2021-03-12;4759;1017;74529;33860;5.6;2.6
91;2021-03-13;5251;301;79780;34161;6.0;2.6
91;2021-03-14;301;24;80081;34185;6.1;2.6
91;2021-03-15;2972;431;83053;34616;6.3;2.6
91;2021-03-16;2592;370;85645;34986;6.5;2.7
91;2021-03-17;2214;344;87859;35330;6.7;2.7
91;2021-03-18;2365;390;90224;35720;6.8;2.7
91;2021-03-19;4090;369;94314;36089;7.1;2.7
91;2021-03-20;3607;157;97921;36246;7.4;2.7
91;2021-03-21;137;30;98058;36276;7.4;2.7
91;2021-03-22;3145;600;101203;36876;7.7;2.8
91;2021-03-23;4135;689;105338;37565;8.0;2.8
91;2021-03-24;3930;483;109268;38048;8.3;2.9
91;2021-03-25;5050;507;114318;38555;8.7;2.9
91;2021-03-26;5538;527;119856;39082;9.1;3.0
91;2021-03-27;4987;308;124843;39390;9.5;3.0
91;2021-03-28;282;54;125125;39444;9.5;3.0
91;2021-03-29;3301;1029;128426;40473;9.7;3.1
91;2021-03-30;4417;1195;132843;41668;10.1;3.2
91;2021-03-31;3361;1323;136204;42991;10.3;3.3
91;2021-04-01;3734;1659;139938;44650;10.6;3.4
91;2021-04-02;3869;2299;143807;46949;10.9;3.6
91;2021-04-03;1870;2871;145677;49820;11.0;3.8
91;2021-04-04;646;1318;146323;51138;11.1;3.9
91;2021-04-05;560;128;146883;51266;11.1;3.9
91;2021-04-06;3392;1775;150275;53041;11.4;4.0
91;2021-04-07;3407;1930;153682;54971;11.6;4.2
91;2021-04-08;4649;2120;158331;57091;12.0;4.3
91;2021-04-09;5323;2115;163654;59206;12.4;4.5
91;2021-04-10;2728;2816;166382;62022;12.6;4.7
91;2021-04-11;189;141;166571;62163;12.6;4.7
91;2021-04-12;2850;2281;169421;64444;12.8;4.9
91;2021-04-13;3750;2637;173171;67081;13.1;5.1
91;2021-04-14;3699;2310;176870;69391;13.4;5.3
91;2021-04-15;4471;2488;181341;71879;13.7;5.4
91;2021-04-16;4546;2784;185887;74663;14.1;5.7
91;2021-04-17;2981;2078;188868;76741;14.3;5.8
91;2021-04-18;264;69;189132;76810;14.3;5.8
91;2021-04-19;2299;2732;191431;79542;14.5;6.0
91;2021-04-20;3181;2981;194612;82523;14.8;6.3
91;2021-04-21;2980;2892;197592;85415;15.0;6.5
91;2021-04-22;3154;3354;200746;88769;15.2;6.7
91;2021-04-23;3707;3341;204453;92110;15.5;7.0
91;2021-04-24;3481;3709;207934;95819;15.8;7.3
91;2021-04-25;2613;640;210547;96459;16.0;7.3
91;2021-04-26;3484;2786;214031;99245;16.2;7.5
91;2021-04-27;4476;2908;218507;102153;16.6;7.7
91;2021-04-28;4560;2690;223067;104843;16.9;7.9
91;2021-04-29;5728;3038;228795;107881;17.3;8.2
91;2021-04-30;5368;2835;234163;110716;17.7;8.4
91;2021-05-01;3510;511;237673;111227;18.0;8.4
91;2021-05-02;623;133;238296;111360;18.1;8.4
91;2021-05-03;5198;2282;243494;113642;18.5;8.6
91;2021-05-04;5581;3161;249075;116803;18.9;8.9
91;2021-05-05;4842;2855;253917;119658;19.2;9.1
91;2021-05-06;5230;3363;259147;123021;19.6;9.3
91;2021-05-07;6122;3731;265269;126752;20.1;9.6
91;2021-05-08;6509;952;271778;127704;20.6;9.7
91;2021-05-09;4803;558;276581;128262;21.0;9.7
91;2021-05-10;5882;2997;282463;131259;21.4;9.9
91;2021-05-11;6831;3819;289294;135078;21.9;10.2
91;2021-05-12;5871;3420;295165;138498;22.4;10.5
91;2021-05-13;4815;1076;299980;139574;22.7;10.6
91;2021-05-14;6543;2382;306523;141956;23.2;10.8
91;2021-05-15;7787;1905;314310;143861;23.8;10.9
91;2021-05-16;4581;366;318891;144227;24.2;10.9
91;2021-05-17;6949;1710;325840;145937;24.7;11.1
91;2021-05-18;8104;1725;333944;147662;25.3;11.2
91;2021-05-19;7098;1688;341042;149350;25.8;11.3
91;2021-05-20;8194;2136;349236;151486;26.5;11.5
91;2021-05-21;8127;2571;357363;154057;27.1;11.7
91;2021-05-22;7653;1543;365016;155600;27.7;11.8
91;2021-05-23;4796;520;369812;156120;28.0;11.8
91;2021-05-24;5012;596;374824;156716;28.4;11.9
91;2021-05-25;7622;2643;382446;159359;29.0;12.1
91;2021-05-26;6854;2931;389300;162290;29.5;12.3
91;2021-05-27;7959;3439;397259;165729;30.1;12.6
91;2021-05-28;7525;4306;404784;170035;30.7;12.9
91;2021-05-29;9288;3494;414072;173529;31.4;13.2
91;2021-05-30;5951;961;420023;174490;31.8;13.2
91;2021-05-31;6737;3692;426760;178182;32.3;13.5
91;2021-06-01;7757;4763;434517;182945;32.9;13.9
91;2021-06-02;7420;3949;441937;186894;33.5;14.2
91;2021-06-03;7841;4758;449778;191652;34.1;14.5
91;2021-06-04;7150;5709;456928;197361;34.6;15.0
91;2021-06-05;6358;5797;463286;203158;35.1;15.4
91;2021-06-06;4070;2502;467356;205660;35.4;15.6
91;2021-06-07;5849;5465;473205;211125;35.9;16.0
91;2021-06-08;6972;5780;480177;216905;36.4;16.4
91;2021-06-09;6430;5129;486607;222034;36.9;16.8
91;2021-06-10;7093;5754;493700;227788;37.4;17.3
91;2021-06-11;6495;7102;500195;234890;37.9;17.8
91;2021-06-12;6167;7343;506362;242233;38.4;18.4
91;2021-06-13;2809;2315;509171;244548;38.6;18.5
91;2021-06-14;4189;7191;513360;251739;38.9;19.1
91;2021-06-15;5493;7237;518853;258976;39.3;19.6
91;2021-06-16;5244;6438;524097;265414;39.7;20.1
91;2021-06-17;6189;7123;530286;272537;40.2;20.7
91;2021-06-18;4570;8739;534856;281276;40.5;21.3
91;2021-06-19;4066;7141;538922;288417;40.8;21.9
91;2021-06-20;978;4206;539900;292623;40.9;22.2
91;2021-06-21;3182;7233;543082;299856;41.2;22.7
91;2021-06-22;4111;9214;547193;309070;41.5;23.4
91;2021-06-23;4243;7950;551436;317020;41.8;24.0
91;2021-06-24;4789;8460;556225;325480;42.2;24.7
91;2021-06-25;3386;9175;559611;334655;42.4;25.4
91;2021-06-26;2829;8035;562440;342690;42.6;26.0
91;2021-06-27;545;2996;562985;345686;42.7;26.2
91;2021-06-28;3044;8233;566029;353919;42.9;26.8
91;2021-06-29;3501;9619;569530;363538;43.2;27.6
91;2021-06-30;3886;8677;573416;372215;43.5;28.2
91;2021-07-01;3902;8853;577318;381068;43.8;28.9
91;2021-07-02;3720;9298;581038;390366;44.0;29.6
91;2021-07-03;2799;9771;583837;400137;44.3;30.3
91;2021-07-04;831;4720;584668;404857;44.3;30.7
91;2021-07-05;2628;7258;587296;412115;44.5;31.2
91;2021-07-06;3656;9415;590952;421530;44.8;31.9
91;2021-07-07;3748;8566;594700;430096;45.1;32.6
91;2021-07-08;4306;8969;599006;439065;45.4;33.3
91;2021-07-09;3907;9932;602913;448997;45.7;34.0
91;2021-07-10;3323;10192;606236;459189;45.9;34.8
91;2021-07-11;979;4788;607215;463977;46.0;35.2
91;2021-07-12;2777;8878;609992;472855;46.2;35.8
91;2021-07-13;4394;10333;614386;483188;46.6;36.6
91;2021-07-14;2269;3560;616655;486748;46.7;36.9
91;2021-07-15;4419;9747;621074;496495;47.1;37.6
92;2020-12-27;1;0;1;0;0.0;0.0
92;2020-12-28;7;0;8;0;0.0;0.0
92;2020-12-29;51;0;59;0;0.0;0.0
92;2020-12-30;25;0;84;0;0.0;0.0
92;2020-12-31;0;0;84;0;0.0;0.0
92;2021-01-01;11;1;95;1;0.0;0.0
92;2021-01-02;0;0;95;1;0.0;0.0
92;2021-01-03;2;0;97;1;0.0;0.0
92;2021-01-04;54;1;151;2;0.0;0.0
92;2021-01-05;217;1;368;3;0.0;0.0
92;2021-01-06;402;3;770;6;0.0;0.0
92;2021-01-07;652;5;1422;11;0.1;0.0
92;2021-01-08;832;3;2254;14;0.1;0.0
92;2021-01-09;114;1;2368;15;0.1;0.0
92;2021-01-10;37;0;2405;15;0.1;0.0
92;2021-01-11;831;4;3236;19;0.2;0.0
92;2021-01-12;1281;9;4517;28;0.3;0.0
92;2021-01-13;1224;13;5741;41;0.4;0.0
92;2021-01-14;1175;16;6916;57;0.4;0.0
92;2021-01-15;957;7;7873;64;0.5;0.0
92;2021-01-16;172;1;8045;65;0.5;0.0
92;2021-01-17;13;0;8058;65;0.5;0.0
92;2021-01-18;1528;21;9586;86;0.6;0.0
92;2021-01-19;1541;21;11127;107;0.7;0.0
92;2021-01-20;1787;13;12914;120;0.8;0.0
92;2021-01-21;3389;16;16303;136;1.0;0.0
92;2021-01-22;2593;43;18896;179;1.2;0.0
92;2021-01-23;128;0;19024;179;1.2;0.0
92;2021-01-24;11;0;19035;179;1.2;0.0
92;2021-01-25;825;15;19860;194;1.2;0.0
92;2021-01-26;1203;12;21063;206;1.3;0.0
92;2021-01-27;2199;92;23262;298;1.4;0.0
92;2021-01-28;4019;177;27281;475;1.7;0.0
92;2021-01-29;2701;262;29982;737;1.9;0.0
92;2021-01-30;315;9;30297;746;1.9;0.0
92;2021-01-31;17;2;30314;748;1.9;0.0
92;2021-02-01;849;323;31163;1071;1.9;0.1
92;2021-02-02;1042;355;32205;1426;2.0;0.1
92;2021-02-03;992;452;33197;1878;2.1;0.1
92;2021-02-04;1030;547;34227;2425;2.1;0.2
92;2021-02-05;1324;502;35551;2927;2.2;0.2
92;2021-02-06;104;17;35655;2944;2.2;0.2
92;2021-02-07;5;14;35660;2958;2.2;0.2
92;2021-02-08;564;734;36224;3692;2.2;0.2
92;2021-02-09;1053;1296;37277;4988;2.3;0.3
92;2021-02-10;1055;1300;38332;6288;2.4;0.4
92;2021-02-11;1483;1925;39815;8213;2.5;0.5
92;2021-02-12;1398;1481;41213;9694;2.6;0.6
92;2021-02-13;65;61;41278;9755;2.6;0.6
92;2021-02-14;5;0;41283;9755;2.6;0.6
92;2021-02-15;559;1661;41842;11416;2.6;0.7
92;2021-02-16;773;2065;42615;13481;2.6;0.8
92;2021-02-17;603;1749;43218;15230;2.7;0.9
92;2021-02-18;1548;3651;44766;18881;2.8;1.2
92;2021-02-19;1711;2644;46477;21525;2.9;1.3
92;2021-02-20;136;401;46613;21926;2.9;1.4
92;2021-02-21;21;53;46634;21979;2.9;1.4
92;2021-02-22;482;1224;47116;23203;2.9;1.4
92;2021-02-23;718;1362;47834;24565;3.0;1.5
92;2021-02-24;597;1297;48431;25862;3.0;1.6
92;2021-02-25;894;1819;49325;27681;3.1;1.7
92;2021-02-26;1434;1363;50759;29044;3.1;1.8
92;2021-02-27;488;173;51247;29217;3.2;1.8
92;2021-02-28;56;55;51303;29272;3.2;1.8
92;2021-03-01;1080;1040;52383;30312;3.2;1.9
92;2021-03-02;1947;1360;54330;31672;3.4;2.0
92;2021-03-03;2763;1074;57093;32746;3.5;2.0
92;2021-03-04;3554;1509;60647;34255;3.8;2.1
92;2021-03-05;4932;1683;65579;35938;4.1;2.2
92;2021-03-06;5693;288;71272;36226;4.4;2.2
92;2021-03-07;2888;214;74160;36440;4.6;2.3
92;2021-03-08;2392;800;76552;37240;4.7;2.3
92;2021-03-09;3410;1004;79962;38244;5.0;2.4
92;2021-03-10;3903;902;83865;39146;5.2;2.4
92;2021-03-11;4988;1351;88853;40497;5.5;2.5
92;2021-03-12;6735;1503;95588;42000;5.9;2.6
92;2021-03-13;5135;197;100723;42197;6.2;2.6
92;2021-03-14;1723;57;102446;42254;6.3;2.6
92;2021-03-15;3766;564;106212;42818;6.6;2.7
92;2021-03-16;3665;571;109877;43389;6.8;2.7
92;2021-03-17;3850;393;113727;43782;7.0;2.7
92;2021-03-18;4101;720;117828;44502;7.3;2.8
92;2021-03-19;5886;675;123714;45177;7.7;2.8
92;2021-03-20;2517;64;126231;45241;7.8;2.8
92;2021-03-21;128;30;126359;45271;7.8;2.8
92;2021-03-22;4078;459;130437;45730;8.1;2.8
92;2021-03-23;6070;829;136507;46559;8.5;2.9
92;2021-03-24;6347;596;142854;47155;8.9;2.9
92;2021-03-25;8399;588;151253;47743;9.4;3.0
92;2021-03-26;8329;837;159582;48580;9.9;3.0
92;2021-03-27;2808;248;162390;48828;10.1;3.0
92;2021-03-28;525;34;162915;48862;10.1;3.0
92;2021-03-29;4641;1032;167556;49894;10.4;3.1
92;2021-03-30;6372;1512;173928;51406;10.8;3.2
92;2021-03-31;5518;2209;179446;53615;11.1;3.3
92;2021-04-01;6239;3624;185685;57239;11.5;3.5
92;2021-04-02;5595;3374;191280;60613;11.9;3.8
92;2021-04-03;862;1418;192142;62031;11.9;3.8
92;2021-04-04;474;1062;192616;63093;11.9;3.9
92;2021-04-05;798;150;193414;63243;12.0;3.9
92;2021-04-06;3615;1932;197029;65175;12.2;4.0
92;2021-04-07;4980;2853;202009;68028;12.5;4.2
92;2021-04-08;5932;3153;207941;71181;12.9;4.4
92;2021-04-09;8006;2992;215947;74173;13.4;4.6
92;2021-04-10;2620;1285;218567;75458;13.5;4.7
92;2021-04-11;143;807;218710;76265;13.6;4.7
92;2021-04-12;3657;2499;222367;78764;13.8;4.9
92;2021-04-13;4356;4426;226723;83190;14.0;5.2
92;2021-04-14;4851;4016;231574;87206;14.3;5.4
92;2021-04-15;5272;3939;236846;91145;14.7;5.6
92;2021-04-16;5029;3828;241875;94973;15.0;5.9
92;2021-04-17;1783;1186;243658;96159;15.1;6.0
92;2021-04-18;326;93;243984;96252;15.1;6.0
92;2021-04-19;2781;2821;246765;99073;15.3;6.1
92;2021-04-20;4178;3733;250943;102806;15.6;6.4
92;2021-04-21;4590;4488;255533;107294;15.8;6.6
92;2021-04-22;4640;5091;260173;112385;16.1;7.0
92;2021-04-23;5169;4621;265342;117006;16.4;7.3
92;2021-04-24;4928;1895;270270;118901;16.7;7.4
92;2021-04-25;1786;144;272056;119045;16.9;7.4
92;2021-04-26;3975;3615;276031;122660;17.1;7.6
92;2021-04-27;6034;5240;282065;127900;17.5;7.9
92;2021-04-28;7358;4489;289423;132389;17.9;8.2
92;2021-04-29;7968;4748;297391;137137;18.4;8.5
92;2021-04-30;8821;4810;306212;141947;19.0;8.8
92;2021-05-01;1184;398;307396;142345;19.0;8.8
92;2021-05-02;652;136;308048;142481;19.1;8.8
92;2021-05-03;6767;3880;314815;146361;19.5;9.1
92;2021-05-04;10371;4337;325186;150698;20.2;9.3
92;2021-05-05;10043;5241;335229;155939;20.8;9.7
92;2021-05-06;11386;4892;346615;160831;21.5;10.0
92;2021-05-07;9843;5286;356458;166117;22.1;10.3
92;2021-05-08;7197;1918;363655;168035;22.5;10.4
92;2021-05-09;3780;600;367435;168635;22.8;10.4
92;2021-05-10;9503;3992;376938;172627;23.4;10.7
92;2021-05-11;13963;5680;390901;178307;24.2;11.0
92;2021-05-12;14246;4560;405147;182867;25.1;11.3
92;2021-05-13;9147;909;414294;183776;25.7;11.4
92;2021-05-14;12011;2304;426305;186080;26.4;11.5
92;2021-05-15;8375;1227;434680;187307;26.9;11.6
92;2021-05-16;4128;448;438808;187755;27.2;11.6
92;2021-05-17;10632;2205;449440;189960;27.9;11.8
92;2021-05-18;16348;3095;465788;193055;28.9;12.0
92;2021-05-19;15994;3699;481782;196754;29.9;12.2
92;2021-05-20;16801;3957;498583;200711;30.9;12.4
92;2021-05-21;14055;3625;512638;204336;31.8;12.7
92;2021-05-22;8294;1521;520932;205857;32.3;12.8
92;2021-05-23;4077;452;525009;206309;32.5;12.8
92;2021-05-24;6101;848;531110;207157;32.9;12.8
92;2021-05-25;13084;4528;544194;211685;33.7;13.1
92;2021-05-26;11888;5021;556082;216706;34.5;13.4
92;2021-05-27;12701;6296;568783;223002;35.2;13.8
92;2021-05-28;11205;6259;579988;229261;35.9;14.2
92;2021-05-29;5438;2295;585426;231556;36.3;14.3
92;2021-05-30;2241;385;587667;231941;36.4;14.4
92;2021-05-31;12033;5301;599700;237242;37.2;14.7
92;2021-06-01;12483;7609;612183;244851;37.9;15.2
92;2021-06-02;14303;7178;626486;252029;38.8;15.6
92;2021-06-03;14534;8001;641020;260030;39.7;16.1
92;2021-06-04;12127;8210;653147;268240;40.5;16.6
92;2021-06-05;7351;6252;660498;274492;40.9;17.0
92;2021-06-06;3572;1673;664070;276165;41.2;17.1
92;2021-06-07;11310;7608;675380;283773;41.9;17.6
92;2021-06-08;12622;9566;688002;293339;42.6;18.2
92;2021-06-09;11529;9448;699531;302787;43.3;18.8
92;2021-06-10;11689;10537;711220;313324;44.1;19.4
92;2021-06-11;8048;11010;719268;324334;44.6;20.1
92;2021-06-12;6271;5077;725539;329411;45.0;20.4
92;2021-06-13;3899;2710;729438;332121;45.2;20.6
92;2021-06-14;4709;11168;734147;343289;45.5;21.3
92;2021-06-15;6399;13124;740546;356413;45.9;22.1
92;2021-06-16;6732;12982;747278;369395;46.3;22.9
92;2021-06-17;7285;13996;754563;383391;46.8;23.8
92;2021-06-18;6810;14382;761373;397773;47.2;24.6
92;2021-06-19;3924;9101;765297;406874;47.4;25.2
92;2021-06-20;1890;5617;767187;412491;47.5;25.6
92;2021-06-21;4738;12259;771925;424750;47.8;26.3
92;2021-06-22;5747;17553;777672;442303;48.2;27.4
92;2021-06-23;5400;16000;783072;458303;48.5;28.4
92;2021-06-24;6091;15105;789163;473408;48.9;29.3
92;2021-06-25;5035;16080;794198;489488;49.2;30.3
92;2021-06-26;4026;10441;798224;499929;49.5;31.0
92;2021-06-27;1823;6051;800047;505980;49.6;31.4
92;2021-06-28;3625;12051;803672;518031;49.8;32.1
92;2021-06-29;4583;18142;808255;536173;50.1;33.2
92;2021-06-30;4283;16215;812538;552388;50.4;34.2
92;2021-07-01;5206;16266;817744;568654;50.7;35.2
92;2021-07-02;4725;15247;822469;583901;51.0;36.2
92;2021-07-03;3269;10159;825738;594060;51.2;36.8
92;2021-07-04;1107;4202;826845;598262;51.2;37.1
92;2021-07-05;4717;12297;831562;610559;51.5;37.8
92;2021-07-06;5120;15760;836682;626319;51.8;38.8
92;2021-07-07;4188;11419;840870;637738;52.1;39.5
92;2021-07-08;5349;14615;846219;652353;52.4;40.4
92;2021-07-09;5794;14143;852013;666496;52.8;41.3
92;2021-07-10;4130;8399;856143;674895;53.1;41.8
92;2021-07-11;1462;2614;857605;677509;53.1;42.0
92;2021-07-12;4304;14580;861909;692089;53.4;42.9
92;2021-07-13;7754;17358;869663;709447;53.9;44.0
92;2021-07-14;4944;5685;874607;715132;54.2;44.3
92;2021-07-15;8975;16060;883582;731192;54.8;45.3
93;2020-12-27;9;2;9;2;0.0;0.0
93;2020-12-28;0;0;9;2;0.0;0.0
93;2020-12-29;0;0;9;2;0.0;0.0
93;2020-12-30;41;0;50;2;0.0;0.0
93;2020-12-31;1;0;51;2;0.0;0.0
93;2021-01-01;5;0;56;2;0.0;0.0
93;2021-01-02;0;0;56;2;0.0;0.0
93;2021-01-03;0;0;56;2;0.0;0.0
93;2021-01-04;0;0;56;2;0.0;0.0
93;2021-01-05;57;0;113;2;0.0;0.0
93;2021-01-06;179;0;292;2;0.0;0.0
93;2021-01-07;373;1;665;3;0.0;0.0
93;2021-01-08;628;1;1293;4;0.1;0.0
93;2021-01-09;21;0;1314;4;0.1;0.0
93;2021-01-10;1;0;1315;4;0.1;0.0
93;2021-01-11;497;4;1812;8;0.1;0.0
93;2021-01-12;748;3;2560;11;0.2;0.0
93;2021-01-13;750;6;3310;17;0.2;0.0
93;2021-01-14;678;16;3988;33;0.2;0.0
93;2021-01-15;513;2;4501;35;0.3;0.0
93;2021-01-16;135;3;4636;38;0.3;0.0
93;2021-01-17;5;1;4641;39;0.3;0.0
93;2021-01-18;1186;6;5827;45;0.3;0.0
93;2021-01-19;1603;13;7430;58;0.4;0.0
93;2021-01-20;1551;10;8981;68;0.5;0.0
93;2021-01-21;1914;15;10895;83;0.7;0.0
93;2021-01-22;1381;15;12276;98;0.7;0.0
93;2021-01-23;709;6;12985;104;0.8;0.0
93;2021-01-24;0;0;12985;104;0.8;0.0
93;2021-01-25;1199;13;14184;117;0.8;0.0
93;2021-01-26;1288;36;15472;153;0.9;0.0
93;2021-01-27;2151;52;17623;205;1.1;0.0
93;2021-01-28;2257;201;19880;406;1.2;0.0
93;2021-01-29;1617;224;21497;630;1.3;0.0
93;2021-01-30;924;45;22421;675;1.3;0.0
93;2021-01-31;2;7;22423;682;1.3;0.0
93;2021-02-01;1174;171;23597;853;1.4;0.1
93;2021-02-02;1153;310;24750;1163;1.5;0.1
93;2021-02-03;1226;404;25976;1567;1.6;0.1
93;2021-02-04;918;576;26894;2143;1.6;0.1
93;2021-02-05;797;434;27691;2577;1.7;0.2
93;2021-02-06;692;70;28383;2647;1.7;0.2
93;2021-02-07;2;0;28385;2647;1.7;0.2
93;2021-02-08;907;647;29292;3294;1.8;0.2
93;2021-02-09;849;612;30141;3906;1.8;0.2
93;2021-02-10;880;676;31021;4582;1.9;0.3
93;2021-02-11;1237;827;32258;5409;1.9;0.3
93;2021-02-12;1040;637;33298;6046;2.0;0.4
93;2021-02-13;392;263;33690;6309;2.0;0.4
93;2021-02-14;12;59;33702;6368;2.0;0.4
93;2021-02-15;410;1287;34112;7655;2.0;0.5
93;2021-02-16;542;1243;34654;8898;2.1;0.5
93;2021-02-17;543;1775;35197;10673;2.1;0.6
93;2021-02-18;1128;1886;36325;12559;2.2;0.8
93;2021-02-19;990;1542;37315;14101;2.2;0.8
93;2021-02-20;302;668;37617;14769;2.3;0.9
93;2021-02-21;7;22;37624;14791;2.3;0.9
93;2021-02-22;599;1299;38223;16090;2.3;1.0
93;2021-02-23;561;1126;38784;17216;2.3;1.0
93;2021-02-24;640;1239;39424;18455;2.4;1.1
93;2021-02-25;889;1103;40313;19558;2.4;1.2
93;2021-02-26;1119;981;41432;20539;2.5;1.2
93;2021-02-27;541;621;41973;21160;2.5;1.3
93;2021-02-28;87;56;42060;21216;2.5;1.3
93;2021-03-01;1080;1067;43140;22283;2.6;1.3
93;2021-03-02;1445;1148;44585;23431;2.7;1.4
93;2021-03-03;1729;1209;46314;24640;2.8;1.5
93;2021-03-04;2699;1106;49013;25746;2.9;1.5
93;2021-03-05;3806;850;52819;26596;3.2;1.6
93;2021-03-06;5038;559;57857;27155;3.5;1.6
93;2021-03-07;4296;162;62153;27317;3.7;1.6
93;2021-03-08;2029;1234;64182;28551;3.8;1.7
93;2021-03-09;2910;956;67092;29507;4.0;1.8
93;2021-03-10;2844;1085;69936;30592;4.2;1.8
93;2021-03-11;3516;1198;73452;31790;4.4;1.9
93;2021-03-12;4123;1248;77575;33038;4.6;2.0
93;2021-03-13;4284;580;81859;33618;4.9;2.0
93;2021-03-14;874;56;82733;33674;5.0;2.0
93;2021-03-15;3545;649;86278;34323;5.2;2.1
93;2021-03-16;3146;602;89424;34925;5.4;2.1
93;2021-03-17;2636;579;92060;35504;5.5;2.1
93;2021-03-18;3302;686;95362;36190;5.7;2.2
93;2021-03-19;3760;615;99122;36805;5.9;2.2
93;2021-03-20;3456;261;102578;37066;6.1;2.2
93;2021-03-21;808;265;103386;37331;6.2;2.2
93;2021-03-22;3842;576;107228;37907;6.4;2.3
93;2021-03-23;4746;754;111974;38661;6.7;2.3
93;2021-03-24;4099;654;116073;39315;6.9;2.4
93;2021-03-25;5575;790;121648;40105;7.3;2.4
93;2021-03-26;5529;831;127177;40936;7.6;2.5
93;2021-03-27;4269;275;131446;41211;7.9;2.5
93;2021-03-28;604;34;132050;41245;7.9;2.5
93;2021-03-29;3850;927;135900;42172;8.1;2.5
93;2021-03-30;4724;1232;140624;43404;8.4;2.6
93;2021-03-31;3905;1197;144529;44601;8.7;2.7
93;2021-04-01;4039;3089;148568;47690;8.9;2.9
93;2021-04-02;3212;3527;151780;51217;9.1;3.1
93;2021-04-03;2515;2235;154295;53452;9.2;3.2
93;2021-04-04;758;149;155053;53601;9.3;3.2
93;2021-04-05;704;90;155757;53691;9.3;3.2
93;2021-04-06;4545;2300;160302;55991;9.6;3.4
93;2021-04-07;4890;2058;165192;58049;9.9;3.5
93;2021-04-08;5793;2618;170985;60667;10.2;3.6
93;2021-04-09;6065;3113;177050;63780;10.6;3.8
93;2021-04-10;4195;2452;181245;66232;10.9;4.0
93;2021-04-11;575;426;181820;66658;10.9;4.0
93;2021-04-12;4081;2902;185901;69560;11.1;4.2
93;2021-04-13;4601;3625;190502;73185;11.4;4.4
93;2021-04-14;4349;2447;194851;75632;11.7;4.5
93;2021-04-15;4543;3003;199394;78635;11.9;4.7
93;2021-04-16;4422;2969;203816;81604;12.2;4.9
93;2021-04-17;3510;2501;207326;84105;12.4;5.0
93;2021-04-18;285;434;207611;84539;12.4;5.1
93;2021-04-19;3762;2837;211373;87376;12.7;5.2
93;2021-04-20;4298;3254;215671;90630;12.9;5.4
93;2021-04-21;4137;2735;219808;93365;13.2;5.6
93;2021-04-22;4493;3981;224301;97346;13.4;5.8
93;2021-04-23;5599;3179;229900;100525;13.8;6.0
93;2021-04-24;5926;3307;235826;103832;14.1;6.2
93;2021-04-25;1730;577;237556;104409;14.2;6.3
93;2021-04-26;4848;3034;242404;107443;14.5;6.4
93;2021-04-27;6448;3542;248852;110985;14.9;6.6
93;2021-04-28;6061;3327;254913;114312;15.3;6.8
93;2021-04-29;7288;3201;262201;117513;15.7;7.0
93;2021-04-30;8256;3076;270457;120589;16.2;7.2
93;2021-05-01;4946;1165;275403;121754;16.5;7.3
93;2021-05-02;416;647;275819;122401;16.5;7.3
93;2021-05-03;8109;5093;283928;127494;17.0;7.6
93;2021-05-04;7817;5387;291745;132881;17.5;8.0
93;2021-05-05;7568;4791;299313;137672;17.9;8.2
93;2021-05-06;8223;4746;307536;142418;18.4;8.5
93;2021-05-07;6987;5408;314523;147826;18.8;8.9
93;2021-05-08;8343;2372;322866;150198;19.3;9.0
93;2021-05-09;6112;1356;328978;151554;19.7;9.1
93;2021-05-10;8239;4056;337217;155610;20.2;9.3
93;2021-05-11;9290;4797;346507;160407;20.7;9.6
93;2021-05-12;9167;3645;355674;164052;21.3;9.8
93;2021-05-13;8281;1645;363955;165697;21.8;9.9
93;2021-05-14;10415;3524;374370;169221;22.4;10.1
93;2021-05-15;11121;2983;385491;172204;23.1;10.3
93;2021-05-16;5549;727;391040;172931;23.4;10.4
93;2021-05-17;11883;2248;402923;175179;24.1;10.5
93;2021-05-18;14079;2335;417002;177514;25.0;10.6
93;2021-05-19;11421;2887;428423;180401;25.7;10.8
93;2021-05-20;12598;3419;441021;183820;26.4;11.0
93;2021-05-21;12979;2819;454000;186639;27.2;11.2
93;2021-05-22;12367;2164;466367;188803;27.9;11.3
93;2021-05-23;8474;1078;474841;189881;28.4;11.4
93;2021-05-24;11186;1904;486027;191785;29.1;11.5
93;2021-05-25;12271;4269;498298;196054;29.8;11.7
93;2021-05-26;11045;3690;509343;199744;30.5;12.0
93;2021-05-27;12672;3831;522015;203575;31.3;12.2
93;2021-05-28;12599;5179;534614;208754;32.0;12.5
93;2021-05-29;11375;4227;545989;212981;32.7;12.8
93;2021-05-30;8198;1344;554187;214325;33.2;12.8
93;2021-05-31;9148;5139;563335;219464;33.7;13.1
93;2021-06-01;11237;6239;574572;225703;34.4;13.5
93;2021-06-02;9711;5122;584283;230825;35.0;13.8
93;2021-06-03;10628;5466;594911;236291;35.6;14.1
93;2021-06-04;10395;7759;605306;244050;36.2;14.6
93;2021-06-05;8880;7320;614186;251370;36.8;15.1
93;2021-06-06;8250;1712;622436;253082;37.3;15.2
93;2021-06-07;9607;7482;632043;260564;37.8;15.6
93;2021-06-08;10140;7339;642183;267903;38.5;16.0
93;2021-06-09;10029;7245;652212;275148;39.1;16.5
93;2021-06-10;8535;8129;660747;283277;39.6;17.0
93;2021-06-11;8568;8779;669315;292056;40.1;17.5
93;2021-06-12;9634;6613;678949;298669;40.7;17.9
93;2021-06-13;6973;2100;685922;300769;41.1;18.0
93;2021-06-14;5180;9707;691102;310476;41.4;18.6
93;2021-06-15;6033;9647;697135;320123;41.7;19.2
93;2021-06-16;6441;9032;703576;329155;42.1;19.7
93;2021-06-17;5596;8450;709172;337605;42.5;20.2
93;2021-06-18;6981;11113;716153;348718;42.9;20.9
93;2021-06-19;6970;11076;723123;359794;43.3;21.5
93;2021-06-20;4865;6861;727988;366655;43.6;22.0
93;2021-06-21;3830;10719;731818;377374;43.8;22.6
93;2021-06-22;4471;11295;736289;388669;44.1;23.3
93;2021-06-23;4393;10574;740682;399243;44.3;23.9
93;2021-06-24;4056;10295;744738;409538;44.6;24.5
93;2021-06-25;4976;13026;749714;422564;44.9;25.3
93;2021-06-26;5209;13917;754923;436481;45.2;26.1
93;2021-06-27;3231;7103;758154;443584;45.4;26.6
93;2021-06-28;3565;12500;761719;456084;45.6;27.3
93;2021-06-29;3916;12319;765635;468403;45.8;28.0
93;2021-06-30;3974;11271;769609;479674;46.1;28.7
93;2021-07-01;4065;11085;773674;490759;46.3;29.4
93;2021-07-02;4487;12300;778161;503059;46.6;30.1
93;2021-07-03;5178;13412;783339;516471;46.9;30.9
93;2021-07-04;3050;7875;786389;524346;47.1;31.4
93;2021-07-05;4239;10817;790628;535163;47.3;32.0
93;2021-07-06;4478;11731;795106;546894;47.6;32.7
93;2021-07-07;4846;11368;799952;558262;47.9;33.4
93;2021-07-08;4769;10229;804721;568491;48.2;34.0
93;2021-07-09;5305;12967;810026;581458;48.5;34.8
93;2021-07-10;5757;14230;815783;595688;48.8;35.7
93;2021-07-11;3641;9064;819424;604752;49.1;36.2
93;2021-07-12;5327;12012;824751;616764;49.4;36.9
93;2021-07-13;10762;13124;835513;629888;50.0;37.7
93;2021-07-14;10328;6631;845841;636519;50.6;38.1
93;2021-07-15;11794;13919;857635;650438;51.4;38.9
94;2020-12-27;2;0;2;0;0.0;0.0
94;2020-12-28;5;0;7;0;0.0;0.0
94;2020-12-29;0;0;7;0;0.0;0.0
94;2020-12-30;0;0;7;0;0.0;0.0
94;2020-12-31;3;0;10;0;0.0;0.0
94;2021-01-01;0;0;10;0;0.0;0.0
94;2021-01-02;0;0;10;0;0.0;0.0
94;2021-01-03;0;0;10;0;0.0;0.0
94;2021-01-04;34;0;44;0;0.0;0.0
94;2021-01-05;233;2;277;2;0.0;0.0
94;2021-01-06;328;3;605;5;0.0;0.0
94;2021-01-07;687;10;1292;15;0.1;0.0
94;2021-01-08;921;8;2213;23;0.2;0.0
94;2021-01-09;47;0;2260;23;0.2;0.0
94;2021-01-10;18;0;2278;23;0.2;0.0
94;2021-01-11;1011;9;3289;32;0.2;0.0
94;2021-01-12;1337;27;4626;59;0.3;0.0
94;2021-01-13;1403;21;6029;80;0.4;0.0
94;2021-01-14;1527;24;7556;104;0.5;0.0
94;2021-01-15;1215;19;8771;123;0.6;0.0
94;2021-01-16;196;2;8967;125;0.6;0.0
94;2021-01-17;89;1;9056;126;0.6;0.0
94;2021-01-18;1483;25;10539;151;0.7;0.0
94;2021-01-19;1944;19;12483;170;0.9;0.0
94;2021-01-20;2166;16;14649;186;1.0;0.0
94;2021-01-21;2978;13;17627;199;1.3;0.0
94;2021-01-22;2160;17;19787;216;1.4;0.0
94;2021-01-23;727;2;20514;218;1.5;0.0
94;2021-01-24;286;0;20800;218;1.5;0.0
94;2021-01-25;1464;15;22264;233;1.6;0.0
94;2021-01-26;1556;18;23820;251;1.7;0.0
94;2021-01-27;1788;23;25608;274;1.8;0.0
94;2021-01-28;1525;134;27133;408;1.9;0.0
94;2021-01-29;1376;148;28509;556;2.0;0.0
94;2021-01-30;579;4;29088;560;2.1;0.0
94;2021-01-31;116;8;29204;568;2.1;0.0
94;2021-02-01;916;153;30120;721;2.1;0.1
94;2021-02-02;849;253;30969;974;2.2;0.1
94;2021-02-03;756;384;31725;1358;2.3;0.1
94;2021-02-04;899;438;32624;1796;2.3;0.1
94;2021-02-05;869;576;33493;2372;2.4;0.2
94;2021-02-06;401;78;33894;2450;2.4;0.2
94;2021-02-07;118;0;34012;2450;2.4;0.2
94;2021-02-08;630;548;34642;2998;2.5;0.2
94;2021-02-09;1032;990;35674;3988;2.5;0.3
94;2021-02-10;1095;1392;36769;5380;2.6;0.4
94;2021-02-11;1423;1554;38192;6934;2.7;0.5
94;2021-02-12;1384;1656;39576;8590;2.8;0.6
94;2021-02-13;300;263;39876;8853;2.8;0.6
94;2021-02-14;29;72;39905;8925;2.8;0.6
94;2021-02-15;748;1779;40653;10704;2.9;0.8
94;2021-02-16;698;2770;41351;13474;2.9;1.0
94;2021-02-17;713;1590;42064;15064;3.0;1.1
94;2021-02-18;781;1752;42845;16816;3.0;1.2
94;2021-02-19;954;1465;43799;18281;3.1;1.3
94;2021-02-20;135;924;43934;19205;3.1;1.4
94;2021-02-21;19;186;43953;19391;3.1;1.4
94;2021-02-22;518;1350;44471;20741;3.2;1.5
94;2021-02-23;621;1287;45092;22028;3.2;1.6
94;2021-02-24;691;926;45783;22954;3.3;1.6
94;2021-02-25;1065;1576;46848;24530;3.3;1.7
94;2021-02-26;1310;1071;48158;25601;3.4;1.8
94;2021-02-27;510;553;48668;26154;3.5;1.9
94;2021-02-28;90;84;48758;26238;3.5;1.9
94;2021-03-01;869;937;49627;27175;3.5;1.9
94;2021-03-02;1563;983;51190;28158;3.6;2.0
94;2021-03-03;1935;1004;53125;29162;3.8;2.1
94;2021-03-04;2838;1165;55963;30327;4.0;2.2
94;2021-03-05;3821;1305;59784;31632;4.3;2.2
94;2021-03-06;4808;544;64592;32176;4.6;2.3
94;2021-03-07;3681;521;68273;32697;4.9;2.3
94;2021-03-08;1907;790;70180;33487;5.0;2.4
94;2021-03-09;2546;908;72726;34395;5.2;2.4
94;2021-03-10;3187;1016;75913;35411;5.4;2.5
94;2021-03-11;3829;896;79742;36307;5.7;2.6
94;2021-03-12;4563;777;84305;37084;6.0;2.6
94;2021-03-13;4126;370;88431;37454;6.3;2.7
94;2021-03-14;2109;131;90540;37585;6.4;2.7
94;2021-03-15;3152;770;93692;38355;6.7;2.7
94;2021-03-16;2762;435;96454;38790;6.9;2.8
94;2021-03-17;2854;440;99308;39230;7.1;2.8
94;2021-03-18;3248;420;102556;39650;7.3;2.8
94;2021-03-19;4261;673;106817;40323;7.6;2.9
94;2021-03-20;3690;281;110507;40604;7.9;2.9
94;2021-03-21;1453;380;111960;40984;8.0;2.9
94;2021-03-22;3209;659;115169;41643;8.2;3.0
94;2021-03-23;4498;704;119667;42347;8.5;3.0
94;2021-03-24;4606;588;124273;42935;8.8;3.1
94;2021-03-25;6313;619;130586;43554;9.3;3.1
94;2021-03-26;6072;785;136658;44339;9.7;3.2
94;2021-03-27;4469;249;141127;44588;10.0;3.2
94;2021-03-28;1884;101;143011;44689;10.2;3.2
94;2021-03-29;4117;1184;147128;45873;10.5;3.3
94;2021-03-30;5290;1297;152418;47170;10.8;3.4
94;2021-03-31;4896;1736;157314;48906;11.2;3.5
94;2021-04-01;5803;2262;163117;51168;11.6;3.6
94;2021-04-02;5233;2269;168350;53437;12.0;3.8
94;2021-04-03;3084;2505;171434;55942;12.2;4.0
94;2021-04-04;1046;779;172480;56721;12.3;4.0
94;2021-04-05;827;156;173307;56877;12.3;4.0
94;2021-04-06;3561;2562;176868;59439;12.6;4.2
94;2021-04-07;3824;2215;180692;61654;12.9;4.4
94;2021-04-08;4602;1999;185294;63653;13.2;4.5
94;2021-04-09;5341;2414;190635;66067;13.6;4.7
94;2021-04-10;2946;2986;193581;69053;13.8;4.9
94;2021-04-11;1257;1764;194838;70817;13.9;5.0
94;2021-04-12;3430;2239;198268;73056;14.1;5.2
94;2021-04-13;4305;3406;202573;76462;14.4;5.4
94;2021-04-14;3881;2633;206454;79095;14.7;5.6
94;2021-04-15;4428;2928;210882;82023;15.0;5.8
94;2021-04-16;4687;2777;215569;84800;15.3;6.0
94;2021-04-17;2452;2753;218021;87553;15.5;6.2
94;2021-04-18;918;1248;218939;88801;15.6;6.3
94;2021-04-19;2970;2397;221909;91198;15.8;6.5
94;2021-04-20;3263;2677;225172;93875;16.0;6.7
94;2021-04-21;3208;3127;228380;97002;16.2;6.9
94;2021-04-22;3901;3605;232281;100607;16.5;7.2
94;2021-04-23;4092;3928;236373;104535;16.8;7.4
94;2021-04-24;4254;3389;240627;107924;17.1;7.7
94;2021-04-25;2409;1492;243036;109416;17.3;7.8
94;2021-04-26;4000;3250;247036;112666;17.6;8.0
94;2021-04-27;5080;3323;252116;115989;17.9;8.2
94;2021-04-28;4823;3593;256939;119582;18.3;8.5
94;2021-04-29;6390;3738;263329;123320;18.7;8.8
94;2021-04-30;6472;3887;269801;127207;19.2;9.0
94;2021-05-01;4055;1044;273856;128251;19.5;9.1
94;2021-05-02;3052;1467;276908;129718;19.7;9.2
94;2021-05-03;5726;5324;282634;135042;20.1;9.6
94;2021-05-04;6089;3531;288723;138573;20.5;9.9
94;2021-05-05;6175;3406;294898;141979;21.0;10.1
94;2021-05-06;7145;3518;302043;145497;21.5;10.3
94;2021-05-07;6655;4094;308698;149591;22.0;10.6
94;2021-05-08;4881;2534;313579;152125;22.3;10.8
94;2021-05-09;4215;2233;317794;154358;22.6;11.0
94;2021-05-10;7701;3110;325495;157468;23.1;11.2
94;2021-05-11;8959;3906;334454;161374;23.8;11.5
94;2021-05-12;9543;3571;343997;164945;24.5;11.7
94;2021-05-13;8668;1365;352665;166310;25.1;11.8
94;2021-05-14;9851;3299;362516;169609;25.8;12.1
94;2021-05-15;8932;2153;371448;171762;26.4;12.2
94;2021-05-16;5062;901;376510;172663;26.8;12.3
94;2021-05-17;10833;2231;387343;174894;27.5;12.4
94;2021-05-18;11270;2388;398613;177282;28.4;12.6
94;2021-05-19;11649;3538;410262;180820;29.2;12.9
94;2021-05-20;12127;4310;422389;185130;30.0;13.2
94;2021-05-21;11840;3083;434229;188213;30.9;13.4
94;2021-05-22;10278;1965;444507;190178;31.6;13.5
94;2021-05-23;4997;709;449504;190887;32.0;13.6
94;2021-05-24;9648;1337;459152;192224;32.7;13.7
94;2021-05-25;9974;4227;469126;196451;33.4;14.0
94;2021-05-26;10247;3264;479373;199715;34.1;14.2
94;2021-05-27;10836;4538;490209;204253;34.9;14.5
94;2021-05-28;10425;4910;500634;209163;35.6;14.9
94;2021-05-29;9865;3442;510499;212605;36.3;15.1
94;2021-05-30;4778;918;515277;213523;36.6;15.2
94;2021-05-31;9958;4199;525235;217722;37.4;15.5
94;2021-06-01;10211;5081;535446;222803;38.1;15.8
94;2021-06-02;9263;4561;544709;227364;38.7;16.2
94;2021-06-03;9481;5552;554190;232916;39.4;16.6
94;2021-06-04;10296;6492;564486;239408;40.1;17.0
94;2021-06-05;9149;6239;573635;245647;40.8;17.5
94;2021-06-06;3940;1844;577575;247491;41.1;17.6
94;2021-06-07;8578;5923;586153;253414;41.7;18.0
94;2021-06-08;8813;7502;594966;260916;42.3;18.6
94;2021-06-09;8821;8143;603787;269059;42.9;19.1
94;2021-06-10;8610;10949;612397;280008;43.6;19.9
94;2021-06-11;7709;8364;620106;288372;44.1;20.5
94;2021-06-12;10108;6819;630214;295191;44.8;21.0
94;2021-06-13;3450;3245;633664;298436;45.1;21.2
94;2021-06-14;6819;8211;640483;306647;45.6;21.8
94;2021-06-15;7579;8782;648062;315429;46.1;22.4
94;2021-06-16;7080;8252;655142;323681;46.6;23.0
94;2021-06-17;6588;9034;661730;332715;47.1;23.7
94;2021-06-18;6350;11953;668080;344668;47.5;24.5
94;2021-06-19;5954;9544;674034;354212;47.9;25.2
94;2021-06-20;1867;4004;675901;358216;48.1;25.5
94;2021-06-21;4377;11190;680278;369406;48.4;26.3
94;2021-06-22;4676;10811;684954;380217;48.7;27.0
94;2021-06-23;4038;11137;688992;391354;49.0;27.8
94;2021-06-24;4748;10307;693740;401661;49.3;28.6
94;2021-06-25;4145;13749;697885;415410;49.6;29.5
94;2021-06-26;3089;11979;700974;427389;49.9;30.4
94;2021-06-27;1033;5004;702007;432393;49.9;30.8
94;2021-06-28;3355;12068;705362;444461;50.2;31.6
94;2021-06-29;3930;12162;709292;456623;50.4;32.5
94;2021-06-30;3899;11598;713191;468221;50.7;33.3
94;2021-07-01;4203;11043;717394;479264;51.0;34.1
94;2021-07-02;4062;12162;721456;491426;51.3;35.0
94;2021-07-03;3549;11765;725005;503191;51.6;35.8
94;2021-07-04;1500;5071;726505;508262;51.7;36.1
94;2021-07-05;3415;11397;729920;519659;51.9;37.0
94;2021-07-06;3740;10854;733660;530513;52.2;37.7
94;2021-07-07;4102;11032;737762;541545;52.5;38.5
94;2021-07-08;4433;9975;742195;551520;52.8;39.2
94;2021-07-09;4178;11784;746373;563304;53.1;40.1
94;2021-07-10;3566;11336;749939;574640;53.3;40.9
94;2021-07-11;1466;4703;751405;579343;53.4;41.2
94;2021-07-12;3541;11927;754946;591270;53.7;42.1
94;2021-07-13;5628;11925;760574;603195;54.1;42.9
94;2021-07-14;3993;5241;764567;608436;54.4;43.3
94;2021-07-15;6083;12189;770650;620625;54.8;44.1
95;2020-12-27;1;0;1;0;0.0;0.0
95;2020-12-28;0;0;1;0;0.0;0.0
95;2020-12-29;0;0;1;0;0.0;0.0
95;2020-12-30;0;0;1;0;0.0;0.0
95;2020-12-31;0;0;1;0;0.0;0.0
95;2021-01-01;0;0;1;0;0.0;0.0
95;2021-01-02;12;0;13;0;0.0;0.0
95;2021-01-03;0;0;13;0;0.0;0.0
95;2021-01-04;48;0;61;0;0.0;0.0
95;2021-01-05;288;0;349;0;0.0;0.0
95;2021-01-06;178;0;527;0;0.0;0.0
95;2021-01-07;130;0;657;0;0.1;0.0
95;2021-01-08;268;1;925;1;0.1;0.0
95;2021-01-09;252;0;1177;1;0.1;0.0
95;2021-01-10;382;1;1559;2;0.1;0.0
95;2021-01-11;482;1;2041;3;0.2;0.0
95;2021-01-12;858;1;2899;4;0.2;0.0
95;2021-01-13;779;12;3678;16;0.3;0.0
95;2021-01-14;877;10;4555;26;0.4;0.0
95;2021-01-15;752;4;5307;30;0.4;0.0
95;2021-01-16;297;2;5604;32;0.4;0.0
95;2021-01-17;216;1;5820;33;0.5;0.0
95;2021-01-18;1334;2;7154;35;0.6;0.0
95;2021-01-19;1566;2;8720;37;0.7;0.0
95;2021-01-20;2024;5;10744;42;0.9;0.0
95;2021-01-21;1851;2;12595;44;1.0;0.0
95;2021-01-22;1317;4;13912;48;1.1;0.0
95;2021-01-23;645;0;14557;48;1.2;0.0
95;2021-01-24;181;0;14738;48;1.2;0.0
95;2021-01-25;795;37;15533;85;1.2;0.0
95;2021-01-26;981;159;16514;244;1.3;0.0
95;2021-01-27;1245;192;17759;436;1.4;0.0
95;2021-01-28;1713;35;19472;471;1.6;0.0
95;2021-01-29;1245;209;20717;680;1.7;0.1
95;2021-01-30;477;5;21194;685;1.7;0.1
95;2021-01-31;209;2;21403;687;1.7;0.1
95;2021-02-01;562;276;21965;963;1.8;0.1
95;2021-02-02;527;268;22492;1231;1.8;0.1
95;2021-02-03;611;520;23103;1751;1.9;0.1
95;2021-02-04;1063;367;24166;2118;1.9;0.2
95;2021-02-05;730;309;24896;2427;2.0;0.2
95;2021-02-06;335;258;25231;2685;2.0;0.2
95;2021-02-07;139;422;25370;3107;2.0;0.2
95;2021-02-08;762;344;26132;3451;2.1;0.3
95;2021-02-09;1126;1087;27258;4538;2.2;0.4
95;2021-02-10;1251;1409;28509;5947;2.3;0.5
95;2021-02-11;1383;1142;29892;7089;2.4;0.6
95;2021-02-12;1029;989;30921;8078;2.5;0.6
95;2021-02-13;329;317;31250;8395;2.5;0.7
95;2021-02-14;36;194;31286;8589;2.5;0.7
95;2021-02-15;423;1066;31709;9655;2.5;0.8
95;2021-02-16;492;922;32201;10577;2.6;0.8
95;2021-02-17;651;1144;32852;11721;2.6;0.9
95;2021-02-18;718;1708;33570;13429;2.7;1.1
95;2021-02-19;783;1313;34353;14742;2.8;1.2
95;2021-02-20;302;492;34655;15234;2.8;1.2
95;2021-02-21;165;317;34820;15551;2.8;1.2
95;2021-02-22;327;1029;35147;16580;2.8;1.3
95;2021-02-23;366;726;35513;17306;2.8;1.4
95;2021-02-24;308;883;35821;18189;2.9;1.5
95;2021-02-25;722;1132;36543;19321;2.9;1.5
95;2021-02-26;987;909;37530;20230;3.0;1.6
95;2021-02-27;362;432;37892;20662;3.0;1.7
95;2021-02-28;61;236;37953;20898;3.0;1.7
95;2021-03-01;766;594;38719;21492;3.1;1.7
95;2021-03-02;1311;856;40030;22348;3.2;1.8
95;2021-03-03;1587;976;41617;23324;3.3;1.9
95;2021-03-04;3188;1181;44805;24505;3.6;2.0
95;2021-03-05;3652;1066;48457;25571;3.9;2.0
95;2021-03-06;4001;482;52458;26053;4.2;2.1
95;2021-03-07;4205;295;56663;26348;4.5;2.1
95;2021-03-08;1541;849;58204;27197;4.7;2.2
95;2021-03-09;2599;484;60803;27681;4.9;2.2
95;2021-03-10;2339;834;63142;28515;5.1;2.3
95;2021-03-11;3134;1122;66276;29637;5.3;2.4
95;2021-03-12;3514;764;69790;30401;5.6;2.4
95;2021-03-13;3512;396;73302;30797;5.9;2.5
95;2021-03-14;1977;278;75279;31075;6.0;2.5
95;2021-03-15;2362;302;77641;31377;6.2;2.5
95;2021-03-16;1569;406;79210;31783;6.3;2.5
95;2021-03-17;2100;402;81310;32185;6.5;2.6
95;2021-03-18;2789;361;84099;32546;6.7;2.6
95;2021-03-19;3466;341;87565;32887;7.0;2.6
95;2021-03-20;2584;191;90149;33078;7.2;2.6
95;2021-03-21;1197;212;91346;33290;7.3;2.7
95;2021-03-22;2934;352;94280;33642;7.6;2.7
95;2021-03-23;3417;438;97697;34080;7.8;2.7
95;2021-03-24;3924;480;101621;34560;8.1;2.8
95;2021-03-25;5849;616;107470;35176;8.6;2.8
95;2021-03-26;5425;630;112895;35806;9.0;2.9
95;2021-03-27;3741;182;116636;35988;9.3;2.9
95;2021-03-28;1526;97;118162;36085;9.5;2.9
95;2021-03-29;2891;558;121053;36643;9.7;2.9
95;2021-03-30;3864;1199;124917;37842;10.0;3.0
95;2021-03-31;3647;1635;128564;39477;10.3;3.2
95;2021-04-01;5472;2216;134036;41693;10.7;3.3
95;2021-04-02;3541;2736;137577;44429;11.0;3.6
95;2021-04-03;2089;2479;139666;46908;11.2;3.8
95;2021-04-04;1244;1172;140910;48080;11.3;3.9
95;2021-04-05;592;60;141502;48140;11.3;3.9
95;2021-04-06;1852;1533;143354;49673;11.5;4.0
95;2021-04-07;4939;2133;148293;51806;11.9;4.1
95;2021-04-08;4880;2438;153173;54244;12.3;4.3
95;2021-04-09;5423;2303;158596;56547;12.7;4.5
95;2021-04-10;3702;1419;162298;57966;13.0;4.6
95;2021-04-11;1567;1026;163865;58992;13.1;4.7
95;2021-04-12;3231;1590;167096;60582;13.4;4.9
95;2021-04-13;3140;1666;170236;62248;13.6;5.0
95;2021-04-14;2744;1978;172980;64226;13.9;5.1
95;2021-04-15;3892;3305;176872;67531;14.2;5.4
95;2021-04-16;4058;3002;180930;70533;14.5;5.7
95;2021-04-17;2370;1753;183300;72286;14.7;5.8
95;2021-04-18;1506;1016;184806;73302;14.8;5.9
95;2021-04-19;2558;2350;187364;75652;15.0;6.1
95;2021-04-20;2112;2450;189476;78102;15.2;6.3
95;2021-04-21;3924;2625;193400;80727;15.5;6.5
95;2021-04-22;3402;4609;196802;85336;15.8;6.8
95;2021-04-23;2759;3543;199561;88879;16.0;7.1
95;2021-04-24;3559;2565;203120;91444;16.3;7.3
95;2021-04-25;1959;1545;205079;92989;16.4;7.4
95;2021-04-26;2742;2694;207821;95683;16.6;7.7
95;2021-04-27;3837;2153;211658;97836;17.0;7.8
95;2021-04-28;3883;2655;215541;100491;17.3;8.0
95;2021-04-29;6131;4522;221672;105013;17.8;8.4
95;2021-04-30;6894;2923;228566;107936;18.3;8.6
95;2021-05-01;2363;905;230929;108841;18.5;8.7
95;2021-05-02;2444;1485;233373;110326;18.7;8.8
95;2021-05-03;5068;1888;238441;112214;19.1;9.0
95;2021-05-04;6346;2704;244787;114918;19.6;9.2
95;2021-05-05;5139;3804;249926;118722;20.0;9.5
95;2021-05-06;8201;4911;258127;123633;20.7;9.9
95;2021-05-07;5770;4742;263897;128375;21.1;10.3
95;2021-05-08;5733;1517;269630;129892;21.6;10.4
95;2021-05-09;2822;1556;272452;131448;21.8;10.5
95;2021-05-10;9938;3148;282390;134596;22.6;10.8
95;2021-05-11;8444;3438;290834;138034;23.3;11.1
95;2021-05-12;9450;3198;300284;141232;24.1;11.3
95;2021-05-13;7950;1198;308234;142430;24.7;11.4
95;2021-05-14;7004;1890;315238;144320;25.3;11.6
95;2021-05-15;4507;1064;319745;145384;25.6;11.6
95;2021-05-16;4810;799;324555;146183;26.0;11.7
95;2021-05-17;7727;1333;332282;147516;26.6;11.8
95;2021-05-18;9455;1850;341737;149366;27.4;12.0
95;2021-05-19;9241;2508;350978;151874;28.1;12.2
95;2021-05-20;12563;2421;363541;154295;29.1;12.4
95;2021-05-21;10174;2515;373715;156810;29.9;12.6
95;2021-05-22;9391;1533;383106;158343;30.7;12.7
95;2021-05-23;4133;929;387239;159272;31.0;12.8
95;2021-05-24;2391;539;389630;159811;31.2;12.8
95;2021-05-25;7199;2070;396829;161881;31.8;13.0
95;2021-05-26;8832;3100;405661;164981;32.5;13.2
95;2021-05-27;10347;4410;416008;169391;33.3;13.6
95;2021-05-28;7677;4414;423685;173805;33.9;13.9
95;2021-05-29;5252;2762;428937;176567;34.4;14.1
95;2021-05-30;3718;1681;432655;178248;34.7;14.3
95;2021-05-31;6415;3313;439070;181561;35.2;14.5
95;2021-06-01;8614;3787;447684;185348;35.9;14.8
95;2021-06-02;8589;4732;456273;190080;36.5;15.2
95;2021-06-03;8452;6547;464725;196627;37.2;15.8
95;2021-06-04;8800;4393;473525;201020;37.9;16.1
95;2021-06-05;8267;3729;481792;204749;38.6;16.4
95;2021-06-06;4766;1571;486558;206320;39.0;16.5
95;2021-06-07;5954;4521;492512;210841;39.5;16.9
95;2021-06-08;6429;5495;498941;216336;40.0;17.3
95;2021-06-09;5841;6437;504782;222773;40.4;17.8
95;2021-06-10;6213;6775;510995;229548;40.9;18.4
95;2021-06-11;7055;6410;518050;235958;41.5;18.9
95;2021-06-12;5948;4364;523998;240322;42.0;19.3
95;2021-06-13;1980;3274;525978;243596;42.1;19.5
95;2021-06-14;4547;5952;530525;249548;42.5;20.0
95;2021-06-15;3956;8024;534481;257572;42.8;20.6
95;2021-06-16;5070;7530;539551;265102;43.2;21.2
95;2021-06-17;6338;8136;545889;273238;43.7;21.9
95;2021-06-18;5304;7845;551193;281083;44.2;22.5
95;2021-06-19;4934;8922;556127;290005;44.5;23.2
95;2021-06-20;1387;3300;557514;293305;44.7;23.5
95;2021-06-21;2966;7704;560480;301009;44.9;24.1
95;2021-06-22;4677;9013;565157;310022;45.3;24.8
95;2021-06-23;4612;10874;569769;320896;45.6;25.7
95;2021-06-24;4834;10703;574603;331599;46.0;26.6
95;2021-06-25;4729;10344;579332;341943;46.4;27.4
95;2021-06-26;4234;8466;583566;350409;46.7;28.1
95;2021-06-27;949;3986;584515;354395;46.8;28.4
95;2021-06-28;2608;9482;587123;363877;47.0;29.1
95;2021-06-29;2445;8761;589568;372638;47.2;29.9
95;2021-06-30;3781;9968;593349;382606;47.5;30.6
95;2021-07-01;4070;11134;597419;393740;47.9;31.5
95;2021-07-02;3998;10517;601417;404257;48.2;32.4
95;2021-07-03;3508;9127;604925;413384;48.5;33.1
95;2021-07-04;1222;3391;606147;416775;48.6;33.4
95;2021-07-05;2265;4363;608412;421138;48.7;33.7
95;2021-07-06;2588;7731;611000;428869;48.9;34.4
95;2021-07-07;3900;9603;614900;438472;49.3;35.1
95;2021-07-08;5206;9747;620106;448219;49.7;35.9
95;2021-07-09;4439;10009;624545;458228;50.0;36.7
95;2021-07-10;3369;7376;627914;465604;50.3;37.3
95;2021-07-11;1474;3588;629388;469192;50.4;37.6
95;2021-07-12;2901;9644;632289;478836;50.6;38.4
95;2021-07-13;4980;9983;637269;488819;51.0;39.2
95;2021-07-14;4301;5644;641570;494463;51.4;39.6
95;2021-07-15;7074;12158;648644;506621;52.0;40.6
971;2020-12-27;0;0;0;0;0.0;0.0
971;2020-12-28;0;0;0;0;0.0;0.0
971;2020-12-29;0;0;0;0;0.0;0.0
971;2020-12-30;0;0;0;0;0.0;0.0
971;2020-12-31;0;0;0;0;0.0;0.0
971;2021-01-01;1;0;1;0;0.0;0.0
971;2021-01-02;0;0;1;0;0.0;0.0
971;2021-01-03;0;0;1;0;0.0;0.0
971;2021-01-04;1;0;2;0;0.0;0.0
971;2021-01-05;0;0;2;0;0.0;0.0
971;2021-01-06;1;0;3;0;0.0;0.0
971;2021-01-07;0;0;3;0;0.0;0.0
971;2021-01-08;53;0;56;0;0.0;0.0
971;2021-01-09;18;0;74;0;0.0;0.0
971;2021-01-10;0;0;74;0;0.0;0.0
971;2021-01-11;55;0;129;0;0.0;0.0
971;2021-01-12;44;0;173;0;0.0;0.0
971;2021-01-13;45;1;218;1;0.1;0.0
971;2021-01-14;61;0;279;1;0.1;0.0
971;2021-01-15;76;0;355;1;0.1;0.0
971;2021-01-16;0;0;355;1;0.1;0.0
971;2021-01-17;0;0;355;1;0.1;0.0
971;2021-01-18;75;0;430;1;0.1;0.0
971;2021-01-19;144;0;574;1;0.2;0.0
971;2021-01-20;134;0;708;1;0.2;0.0
971;2021-01-21;151;1;859;2;0.2;0.0
971;2021-01-22;133;0;992;2;0.3;0.0
971;2021-01-23;1;0;993;2;0.3;0.0
971;2021-01-24;0;0;993;2;0.3;0.0
971;2021-01-25;202;0;1195;2;0.3;0.0
971;2021-01-26;211;1;1406;3;0.4;0.0
971;2021-01-27;233;0;1639;3;0.4;0.0
971;2021-01-28;238;3;1877;6;0.5;0.0
971;2021-01-29;197;0;2074;6;0.6;0.0
971;2021-01-30;18;0;2092;6;0.6;0.0
971;2021-01-31;1;0;2093;6;0.6;0.0
971;2021-02-01;223;4;2316;10;0.6;0.0
971;2021-02-02;242;26;2558;36;0.7;0.0
971;2021-02-03;217;3;2775;39;0.7;0.0
971;2021-02-04;300;21;3075;60;0.8;0.0
971;2021-02-05;259;32;3334;92;0.9;0.0
971;2021-02-06;49;1;3383;93;0.9;0.0
971;2021-02-07;0;0;3383;93;0.9;0.0
971;2021-02-08;227;23;3610;116;1.0;0.0
971;2021-02-09;298;29;3908;145;1.0;0.0
971;2021-02-10;223;29;4131;174;1.1;0.0
971;2021-02-11;294;111;4425;285;1.2;0.1
971;2021-02-12;284;26;4709;311;1.2;0.1
971;2021-02-13;50;7;4759;318;1.3;0.1
971;2021-02-14;19;36;4778;354;1.3;0.1
971;2021-02-15;74;46;4852;400;1.3;0.1
971;2021-02-16;16;1;4868;401;1.3;0.1
971;2021-02-17;17;1;4885;402;1.3;0.1
971;2021-02-18;224;18;5109;420;1.4;0.1
971;2021-02-19;232;21;5341;441;1.4;0.1
971;2021-02-20;48;0;5389;441;1.4;0.1
971;2021-02-21;1;0;5390;441;1.4;0.1
971;2021-02-22;161;65;5551;506;1.5;0.1
971;2021-02-23;190;75;5741;581;1.5;0.2
971;2021-02-24;321;127;6062;708;1.6;0.2
971;2021-02-25;372;80;6434;788;1.7;0.2
971;2021-02-26;212;84;6646;872;1.8;0.2
971;2021-02-27;63;0;6709;872;1.8;0.2
971;2021-02-28;1;0;6710;872;1.8;0.2
971;2021-03-01;156;82;6866;954;1.8;0.3
971;2021-03-02;248;131;7114;1085;1.9;0.3
971;2021-03-03;224;120;7338;1205;1.9;0.3
971;2021-03-04;312;85;7650;1290;2.0;0.3
971;2021-03-05;342;149;7992;1439;2.1;0.4
971;2021-03-06;587;3;8579;1442;2.3;0.4
971;2021-03-07;1;0;8580;1442;2.3;0.4
971;2021-03-08;294;141;8874;1583;2.4;0.4
971;2021-03-09;357;151;9231;1734;2.4;0.5
971;2021-03-10;399;163;9630;1897;2.6;0.5
971;2021-03-11;122;45;9752;1942;2.6;0.5
971;2021-03-12;465;228;10217;2170;2.7;0.6
971;2021-03-13;132;2;10349;2172;2.7;0.6
971;2021-03-14;13;24;10362;2196;2.7;0.6
971;2021-03-15;413;44;10775;2240;2.9;0.6
971;2021-03-16;456;80;11231;2320;3.0;0.6
971;2021-03-17;442;86;11673;2406;3.1;0.6
971;2021-03-18;549;107;12222;2513;3.2;0.7
971;2021-03-19;560;98;12782;2611;3.4;0.7
971;2021-03-20;176;45;12958;2656;3.4;0.7
971;2021-03-21;8;0;12966;2656;3.4;0.7
971;2021-03-22;347;87;13313;2743;3.5;0.7
971;2021-03-23;510;156;13823;2899;3.7;0.8
971;2021-03-24;460;107;14283;3006;3.8;0.8
971;2021-03-25;755;179;15038;3185;4.0;0.8
971;2021-03-26;640;120;15678;3305;4.2;0.9
971;2021-03-27;274;47;15952;3352;4.2;0.9
971;2021-03-28;7;1;15959;3353;4.2;0.9
971;2021-03-29;377;83;16336;3436;4.3;0.9
971;2021-03-30;618;163;16954;3599;4.5;1.0
971;2021-03-31;540;130;17494;3729;4.6;1.0
971;2021-04-01;648;200;18142;3929;4.8;1.0
971;2021-04-02;38;35;18180;3964;4.8;1.1
971;2021-04-03;48;2;18228;3966;4.8;1.1
971;2021-04-04;4;18;18232;3984;4.8;1.1
971;2021-04-05;11;0;18243;3984;4.8;1.1
971;2021-04-06;468;192;18711;4176;5.0;1.1
971;2021-04-07;575;115;19286;4291;5.1;1.1
971;2021-04-08;488;162;19774;4453;5.2;1.2
971;2021-04-09;478;209;20252;4662;5.4;1.2
971;2021-04-10;96;4;20348;4666;5.4;1.2
971;2021-04-11;3;23;20351;4689;5.4;1.2
971;2021-04-12;286;258;20637;4947;5.5;1.3
971;2021-04-13;553;320;21190;5267;5.6;1.4
971;2021-04-14;428;223;21618;5490;5.7;1.5
971;2021-04-15;550;313;22168;5803;5.9;1.5
971;2021-04-16;555;270;22723;6073;6.0;1.6
971;2021-04-17;199;4;22922;6077;6.1;1.6
971;2021-04-18;4;14;22926;6091;6.1;1.6
971;2021-04-19;391;239;23317;6330;6.2;1.7
971;2021-04-20;723;344;24040;6674;6.4;1.8
971;2021-04-21;623;312;24663;6986;6.5;1.9
971;2021-04-22;805;330;25468;7316;6.8;1.9
971;2021-04-23;844;247;26312;7563;7.0;2.0
971;2021-04-24;382;74;26694;7637;7.1;2.0
971;2021-04-25;592;62;27286;7699;7.2;2.0
971;2021-04-26;942;214;28228;7913;7.5;2.1
971;2021-04-27;664;232;28892;8145;7.7;2.2
971;2021-04-28;853;264;29745;8409;7.9;2.2
971;2021-04-29;1192;196;30937;8605;8.2;2.3
971;2021-04-30;1260;182;32197;8787;8.5;2.3
971;2021-05-01;596;41;32793;8828;8.7;2.3
971;2021-05-02;346;17;33139;8845;8.8;2.3
971;2021-05-03;915;174;34054;9019;9.0;2.4
971;2021-05-04;955;204;35009;9223;9.3;2.4
971;2021-05-05;1004;243;36013;9466;9.6;2.5
971;2021-05-06;1143;171;37156;9637;9.9;2.6
971;2021-05-07;1246;263;38402;9900;10.2;2.6
971;2021-05-08;317;35;38719;9935;10.3;2.6
971;2021-05-09;179;9;38898;9944;10.3;2.6
971;2021-05-10;831;211;39729;10155;10.5;2.7
971;2021-05-11;955;305;40684;10460;10.8;2.8
971;2021-05-12;904;324;41588;10784;11.0;2.9
971;2021-05-13;211;79;41799;10863;11.1;2.9
971;2021-05-14;858;272;42657;11135;11.3;3.0
971;2021-05-15;475;14;43132;11149;11.4;3.0
971;2021-05-16;182;36;43314;11185;11.5;3.0
971;2021-05-17;710;271;44024;11456;11.7;3.0
971;2021-05-18;741;388;44765;11844;11.9;3.1
971;2021-05-19;698;528;45463;12372;12.1;3.3
971;2021-05-20;780;374;46243;12746;12.3;3.4
971;2021-05-21;813;405;47056;13151;12.5;3.5
971;2021-05-22;493;218;47549;13369;12.6;3.5
971;2021-05-23;202;114;47751;13483;12.7;3.6
971;2021-05-24;200;175;47951;13658;12.7;3.6
971;2021-05-25;537;663;48488;14321;12.9;3.8
971;2021-05-26;594;492;49082;14813;13.0;3.9
971;2021-05-27;130;186;49212;14999;13.1;4.0
971;2021-05-28;518;525;49730;15524;13.2;4.1
971;2021-05-29;233;139;49963;15663;13.3;4.2
971;2021-05-30;78;113;50041;15776;13.3;4.2
971;2021-05-31;454;534;50495;16310;13.4;4.3
971;2021-06-01;581;710;51076;17020;13.6;4.5
971;2021-06-02;576;708;51652;17728;13.7;4.7
971;2021-06-03;502;563;52154;18291;13.8;4.9
971;2021-06-04;762;804;52916;19095;14.0;5.1
971;2021-06-05;313;651;53229;19746;14.1;5.2
971;2021-06-06;123;528;53352;20274;14.2;5.4
971;2021-06-07;420;783;53772;21057;14.3;5.6
971;2021-06-08;515;893;54287;21950;14.4;5.8
971;2021-06-09;475;859;54762;22809;14.5;6.1
971;2021-06-10;508;848;55270;23657;14.7;6.3
971;2021-06-11;451;1237;55721;24894;14.8;6.6
971;2021-06-12;292;661;56013;25555;14.9;6.8
971;2021-06-13;128;314;56141;25869;14.9;6.9
971;2021-06-14;360;3800;56501;29669;15.0;7.9
971;2021-06-15;476;2014;56977;31683;15.1;8.4
971;2021-06-16;466;1485;57443;33168;15.2;8.8
971;2021-06-17;422;1014;57865;34182;15.4;9.1
971;2021-06-18;457;1023;58322;35205;15.5;9.3
971;2021-06-19;307;508;58629;35713;15.6;9.5
971;2021-06-20;108;232;58737;35945;15.6;9.5
971;2021-06-21;320;681;59057;36626;15.7;9.7
971;2021-06-22;313;869;59370;37495;15.8;9.9
971;2021-06-23;350;886;59720;38381;15.8;10.2
971;2021-06-24;379;730;60099;39111;15.9;10.4
971;2021-06-25;443;764;60542;39875;16.1;10.6
971;2021-06-26;292;508;60834;40383;16.1;10.7
971;2021-06-27;106;149;60940;40532;16.2;10.8
971;2021-06-28;294;688;61234;41220;16.2;10.9
971;2021-06-29;355;777;61589;41997;16.3;11.1
971;2021-06-30;405;919;61994;42916;16.4;11.4
971;2021-07-01;339;650;62333;43566;16.5;11.6
971;2021-07-02;415;693;62748;44259;16.6;11.7
971;2021-07-03;266;461;63014;44720;16.7;11.9
971;2021-07-04;110;239;63124;44959;16.7;11.9
971;2021-07-05;314;507;63438;45466;16.8;12.1
971;2021-07-06;363;758;63801;46224;16.9;12.3
971;2021-07-07;369;847;64170;47071;17.0;12.5
971;2021-07-08;396;791;64566;47862;17.1;12.7
971;2021-07-09;421;796;64987;48658;17.2;12.9
971;2021-07-10;242;293;65229;48951;17.3;13.0
971;2021-07-11;168;135;65397;49086;17.4;13.0
971;2021-07-12;473;608;65870;49694;17.5;13.2
971;2021-07-13;829;1000;66699;50694;17.7;13.5
971;2021-07-14;452;280;67151;50974;17.8;13.5
971;2021-07-15;665;811;67816;51785;18.0;13.7
972;2020-12-27;0;0;0;0;0.0;0.0
972;2020-12-28;0;0;0;0;0.0;0.0
972;2020-12-29;0;0;0;0;0.0;0.0
972;2020-12-30;0;0;0;0;0.0;0.0
972;2020-12-31;0;0;0;0;0.0;0.0
972;2021-01-01;0;0;0;0;0.0;0.0
972;2021-01-02;0;0;0;0;0.0;0.0
972;2021-01-03;0;0;0;0;0.0;0.0
972;2021-01-04;0;0;0;0;0.0;0.0
972;2021-01-05;0;0;0;0;0.0;0.0
972;2021-01-06;5;0;5;0;0.0;0.0
972;2021-01-07;31;0;36;0;0.0;0.0
972;2021-01-08;82;1;118;1;0.0;0.0
972;2021-01-09;20;0;138;1;0.0;0.0
972;2021-01-10;0;0;138;1;0.0;0.0
972;2021-01-11;122;0;260;1;0.1;0.0
972;2021-01-12;78;0;338;1;0.1;0.0
972;2021-01-13;64;0;402;1;0.1;0.0
972;2021-01-14;88;1;490;2;0.1;0.0
972;2021-01-15;137;0;627;2;0.2;0.0
972;2021-01-16;51;0;678;2;0.2;0.0
972;2021-01-17;0;0;678;2;0.2;0.0
972;2021-01-18;157;0;835;2;0.2;0.0
972;2021-01-19;168;1;1003;3;0.3;0.0
972;2021-01-20;165;0;1168;3;0.3;0.0
972;2021-01-21;181;2;1349;5;0.4;0.0
972;2021-01-22;156;0;1505;5;0.4;0.0
972;2021-01-23;58;0;1563;5;0.4;0.0
972;2021-01-24;0;0;1563;5;0.4;0.0
972;2021-01-25;160;0;1723;5;0.5;0.0
972;2021-01-26;137;0;1860;5;0.5;0.0
972;2021-01-27;163;5;2023;10;0.6;0.0
972;2021-01-28;143;12;2166;22;0.6;0.0
972;2021-01-29;143;41;2309;63;0.6;0.0
972;2021-01-30;96;16;2405;79;0.7;0.0
972;2021-01-31;0;0;2405;79;0.7;0.0
972;2021-02-01;119;74;2524;153;0.7;0.0
972;2021-02-02;184;96;2708;249;0.8;0.1
972;2021-02-03;132;80;2840;329;0.8;0.1
972;2021-02-04;158;73;2998;402;0.8;0.1
972;2021-02-05;120;96;3118;498;0.9;0.1
972;2021-02-06;62;26;3180;524;0.9;0.1
972;2021-02-07;1;0;3181;524;0.9;0.1
972;2021-02-08;137;80;3318;604;0.9;0.2
972;2021-02-09;176;78;3494;682;1.0;0.2
972;2021-02-10;138;90;3632;772;1.0;0.2
972;2021-02-11;150;103;3782;875;1.1;0.2
972;2021-02-12;145;131;3927;1006;1.1;0.3
972;2021-02-13;47;37;3974;1043;1.1;0.3
972;2021-02-14;0;0;3974;1043;1.1;0.3
972;2021-02-15;51;67;4025;1110;1.1;0.3
972;2021-02-16;0;1;4025;1111;1.1;0.3
972;2021-02-17;1;3;4026;1114;1.1;0.3
972;2021-02-18;68;127;4094;1241;1.1;0.3
972;2021-02-19;69;131;4163;1372;1.2;0.4
972;2021-02-20;48;69;4211;1441;1.2;0.4
972;2021-02-21;0;0;4211;1441;1.2;0.4
972;2021-02-22;102;60;4313;1501;1.2;0.4
972;2021-02-23;113;237;4426;1738;1.2;0.5
972;2021-02-24;106;223;4532;1961;1.3;0.5
972;2021-02-25;89;150;4621;2111;1.3;0.6
972;2021-02-26;128;169;4749;2280;1.3;0.6
972;2021-02-27;69;52;4818;2332;1.3;0.7
972;2021-02-28;0;0;4818;2332;1.3;0.7
972;2021-03-01;138;145;4956;2477;1.4;0.7
972;2021-03-02;158;78;5114;2555;1.4;0.7
972;2021-03-03;179;145;5293;2700;1.5;0.8
972;2021-03-04;145;135;5438;2835;1.5;0.8
972;2021-03-05;238;128;5676;2963;1.6;0.8
972;2021-03-06;119;59;5795;3022;1.6;0.8
972;2021-03-07;100;1;5895;3023;1.6;0.8
972;2021-03-08;196;132;6091;3155;1.7;0.9
972;2021-03-09;270;101;6361;3256;1.8;0.9
972;2021-03-10;322;135;6683;3391;1.9;0.9
972;2021-03-11;335;83;7018;3474;2.0;1.0
972;2021-03-12;399;54;7417;3528;2.1;1.0
972;2021-03-13;155;21;7572;3549;2.1;1.0
972;2021-03-14;4;1;7576;3550;2.1;1.0
972;2021-03-15;276;90;7852;3640;2.2;1.0
972;2021-03-16;305;55;8157;3695;2.3;1.0
972;2021-03-17;387;49;8544;3744;2.4;1.0
972;2021-03-18;435;44;8979;3788;2.5;1.1
972;2021-03-19;396;62;9375;3850;2.6;1.1
972;2021-03-20;149;48;9524;3898;2.7;1.1
972;2021-03-21;25;1;9549;3899;2.7;1.1
972;2021-03-22;362;118;9911;4017;2.8;1.1
972;2021-03-23;402;123;10313;4140;2.9;1.2
972;2021-03-24;428;105;10741;4245;3.0;1.2
972;2021-03-25;476;100;11217;4345;3.1;1.2
972;2021-03-26;632;101;11849;4446;3.3;1.2
972;2021-03-27;152;70;12001;4516;3.3;1.3
972;2021-03-28;81;2;12082;4518;3.4;1.3
972;2021-03-29;421;166;12503;4684;3.5;1.3
972;2021-03-30;469;243;12972;4927;3.6;1.4
972;2021-03-31;1144;188;14116;5115;3.9;1.4
972;2021-04-01;954;171;15070;5286;4.2;1.5
972;2021-04-02;895;10;15965;5296;4.5;1.5
972;2021-04-03;788;53;16753;5349;4.7;1.5
972;2021-04-04;750;10;17503;5359;4.9;1.5
972;2021-04-05;829;42;18332;5401;5.1;1.5
972;2021-04-06;883;135;19215;5536;5.4;1.5
972;2021-04-07;1435;325;20650;5861;5.8;1.6
972;2021-04-08;1306;269;21956;6130;6.1;1.7
972;2021-04-09;1239;316;23195;6446;6.5;1.8
972;2021-04-10;838;164;24033;6610;6.7;1.8
972;2021-04-11;621;12;24654;6622;6.9;1.8
972;2021-04-12;868;315;25522;6937;7.1;1.9
972;2021-04-13;880;326;26402;7263;7.4;2.0
972;2021-04-14;958;322;27360;7585;7.6;2.1
972;2021-04-15;958;296;28318;7881;7.9;2.2
972;2021-04-16;992;298;29310;8179;8.2;2.3
972;2021-04-17;529;161;29839;8340;8.3;2.3
972;2021-04-18;339;56;30178;8396;8.4;2.3
972;2021-04-19;668;344;30846;8740;8.6;2.4
972;2021-04-20;869;308;31715;9048;8.8;2.5
972;2021-04-21;999;354;32714;9402;9.1;2.6
972;2021-04-22;602;313;33316;9715;9.3;2.7
972;2021-04-23;606;466;33922;10181;9.5;2.8
972;2021-04-24;361;197;34283;10378;9.6;2.9
972;2021-04-25;168;200;34451;10578;9.6;2.9
972;2021-04-26;515;542;34966;11120;9.7;3.1
972;2021-04-27;568;608;35534;11728;9.9;3.3
972;2021-04-28;449;690;35983;12418;10.0;3.5
972;2021-04-29;652;641;36635;13059;10.2;3.6
972;2021-04-30;771;687;37406;13746;10.4;3.8
972;2021-05-01;243;246;37649;13992;10.5;3.9
972;2021-05-02;226;513;37875;14505;10.6;4.0
972;2021-05-03;569;771;38444;15276;10.7;4.3
972;2021-05-04;524;677;38968;15953;10.9;4.4
972;2021-05-05;542;896;39510;16849;11.0;4.7
972;2021-05-06;546;783;40056;17632;11.2;4.9
972;2021-05-07;629;1016;40685;18648;11.3;5.2
972;2021-05-08;224;526;40909;19174;11.4;5.3
972;2021-05-09;172;506;41081;19680;11.5;5.5
972;2021-05-10;520;859;41601;20539;11.6;5.7
972;2021-05-11;477;872;42078;21411;11.7;6.0
972;2021-05-12;556;912;42634;22323;11.9;6.2
972;2021-05-13;274;534;42908;22857;12.0;6.4
972;2021-05-14;389;752;43297;23609;12.1;6.6
972;2021-05-15;233;579;43530;24188;12.1;6.7
972;2021-05-16;155;442;43685;24630;12.2;6.9
972;2021-05-17;473;753;44158;25383;12.3;7.1
972;2021-05-18;446;679;44604;26062;12.4;7.3
972;2021-05-19;451;744;45055;26806;12.6;7.5
972;2021-05-20;593;501;45648;27307;12.7;7.6
972;2021-05-21;545;705;46193;28012;12.9;7.8
972;2021-05-22;185;364;46378;28376;12.9;7.9
972;2021-05-23;110;181;46488;28557;13.0;8.0
972;2021-05-24;135;241;46623;28798;13.0;8.0
972;2021-05-25;350;699;46973;29497;13.1;8.2
972;2021-05-26;382;712;47355;30209;13.2;8.4
972;2021-05-27;268;647;47623;30856;13.3;8.6
972;2021-05-28;280;816;47903;31672;13.4;8.8
972;2021-05-29;153;513;48056;32185;13.4;9.0
972;2021-05-30;17;33;48073;32218;13.4;9.0
972;2021-05-31;344;682;48417;32900;13.5;9.2
972;2021-06-01;299;547;48716;33447;13.6;9.3
972;2021-06-02;322;576;49038;34023;13.7;9.5
972;2021-06-03;247;424;49285;34447;13.7;9.6
972;2021-06-04;349;644;49634;35091;13.8;9.8
972;2021-06-05;259;372;49893;35463;13.9;9.9
972;2021-06-06;24;31;49917;35494;13.9;9.9
972;2021-06-07;259;735;50176;36229;14.0;10.1
972;2021-06-08;254;589;50430;36818;14.1;10.3
972;2021-06-09;300;699;50730;37517;14.1;10.5
972;2021-06-10;304;452;51034;37969;14.2;10.6
972;2021-06-11;336;534;51370;38503;14.3;10.7
972;2021-06-12;244;323;51614;38826;14.4;10.8
972;2021-06-13;32;29;51646;38855;14.4;10.8
972;2021-06-14;365;552;52011;39407;14.5;11.0
972;2021-06-15;408;487;52419;39894;14.6;11.1
972;2021-06-16;429;442;52848;40336;14.7;11.2
972;2021-06-17;352;576;53200;40912;14.8;11.4
972;2021-06-18;423;541;53623;41453;14.9;11.6
972;2021-06-19;225;196;53848;41649;15.0;11.6
972;2021-06-20;25;17;53873;41666;15.0;11.6
972;2021-06-21;319;581;54192;42247;15.1;11.8
972;2021-06-22;291;467;54483;42714;15.2;11.9
972;2021-06-23;413;564;54896;43278;15.3;12.1
972;2021-06-24;317;438;55213;43716;15.4;12.2
972;2021-06-25;306;391;55519;44107;15.5;12.3
972;2021-06-26;215;199;55734;44306;15.5;12.4
972;2021-06-27;15;23;55749;44329;15.5;12.4
972;2021-06-28;317;425;56066;44754;15.6;12.5
972;2021-06-29;317;430;56383;45184;15.7;12.6
972;2021-06-30;430;418;56813;45602;15.8;12.7
972;2021-07-01;335;391;57148;45993;15.9;12.8
972;2021-07-02;122;203;57270;46196;16.0;12.9
972;2021-07-03;99;117;57369;46313;16.0;12.9
972;2021-07-04;24;35;57393;46348;16.0;12.9
972;2021-07-05;483;579;57876;46927;16.1;13.1
972;2021-07-06;479;428;58355;47355;16.3;13.2
972;2021-07-07;584;492;58939;47847;16.4;13.3
972;2021-07-08;485;420;59424;48267;16.6;13.5
972;2021-07-09;617;584;60041;48851;16.7;13.6
972;2021-07-10;391;304;60432;49155;16.8;13.7
972;2021-07-11;48;37;60480;49192;16.9;13.7
972;2021-07-12;838;691;61318;49883;17.1;13.9
972;2021-07-13;1461;703;62779;50586;17.5;14.1
972;2021-07-14;130;59;62909;50645;17.5;14.1
972;2021-07-15;1501;652;64410;51297;18.0;14.3
973;2020-12-27;0;0;0;0;0.0;0.0
973;2020-12-28;0;0;0;0;0.0;0.0
973;2020-12-29;0;0;0;0;0.0;0.0
973;2020-12-30;0;0;0;0;0.0;0.0
973;2020-12-31;0;0;0;0;0.0;0.0
973;2021-01-01;0;0;0;0;0.0;0.0
973;2021-01-02;2;2;2;2;0.0;0.0
973;2021-01-03;0;0;2;2;0.0;0.0
973;2021-01-04;0;0;2;2;0.0;0.0
973;2021-01-05;0;0;2;2;0.0;0.0
973;2021-01-06;0;0;2;2;0.0;0.0
973;2021-01-07;0;0;2;2;0.0;0.0
973;2021-01-08;0;0;2;2;0.0;0.0
973;2021-01-09;0;0;2;2;0.0;0.0
973;2021-01-10;0;0;2;2;0.0;0.0
973;2021-01-11;0;0;2;2;0.0;0.0
973;2021-01-12;0;0;2;2;0.0;0.0
973;2021-01-13;30;0;32;2;0.0;0.0
973;2021-01-14;46;0;78;2;0.0;0.0
973;2021-01-15;35;0;113;2;0.0;0.0
973;2021-01-16;18;0;131;2;0.0;0.0
973;2021-01-17;0;0;131;2;0.0;0.0
973;2021-01-18;63;0;194;2;0.1;0.0
973;2021-01-19;149;1;343;3;0.1;0.0
973;2021-01-20;134;0;477;3;0.2;0.0
973;2021-01-21;118;0;595;3;0.2;0.0
973;2021-01-22;76;0;671;3;0.2;0.0
973;2021-01-23;0;0;671;3;0.2;0.0
973;2021-01-24;0;0;671;3;0.2;0.0
973;2021-01-25;56;0;727;3;0.3;0.0
973;2021-01-26;100;1;827;4;0.3;0.0
973;2021-01-27;109;1;936;5;0.3;0.0
973;2021-01-28;96;2;1032;7;0.4;0.0
973;2021-01-29;104;3;1136;10;0.4;0.0
973;2021-01-30;0;0;1136;10;0.4;0.0
973;2021-01-31;0;0;1136;10;0.4;0.0
973;2021-02-01;54;0;1190;10;0.4;0.0
973;2021-02-02;122;4;1312;14;0.5;0.0
973;2021-02-03;116;7;1428;21;0.5;0.0
973;2021-02-04;79;26;1507;47;0.5;0.0
973;2021-02-05;65;8;1572;55;0.5;0.0
973;2021-02-06;0;0;1572;55;0.5;0.0
973;2021-02-07;0;0;1572;55;0.5;0.0
973;2021-02-08;52;12;1624;67;0.6;0.0
973;2021-02-09;92;39;1716;106;0.6;0.0
973;2021-02-10;101;42;1817;148;0.6;0.1
973;2021-02-11;105;93;1922;241;0.7;0.1
973;2021-02-12;88;64;2010;305;0.7;0.1
973;2021-02-13;0;0;2010;305;0.7;0.1
973;2021-02-14;0;0;2010;305;0.7;0.1
973;2021-02-15;27;65;2037;370;0.7;0.1
973;2021-02-16;123;55;2160;425;0.7;0.1
973;2021-02-17;145;120;2305;545;0.8;0.2
973;2021-02-18;103;142;2408;687;0.8;0.2
973;2021-02-19;122;72;2530;759;0.9;0.3
973;2021-02-20;0;0;2530;759;0.9;0.3
973;2021-02-21;0;0;2530;759;0.9;0.3
973;2021-02-22;78;49;2608;808;0.9;0.3
973;2021-02-23;158;100;2766;908;1.0;0.3
973;2021-02-24;190;121;2956;1029;1.0;0.4
973;2021-02-25;258;87;3214;1116;1.1;0.4
973;2021-02-26;264;69;3478;1185;1.2;0.4
973;2021-02-27;120;1;3598;1186;1.2;0.4
973;2021-02-28;0;0;3598;1186;1.2;0.4
973;2021-03-01;180;85;3778;1271;1.3;0.4
973;2021-03-02;255;108;4033;1379;1.4;0.5
973;2021-03-03;255;132;4288;1511;1.5;0.5
973;2021-03-04;281;83;4569;1594;1.6;0.5
973;2021-03-05;272;45;4841;1639;1.7;0.6
973;2021-03-06;118;2;4959;1641;1.7;0.6
973;2021-03-07;0;0;4959;1641;1.7;0.6
973;2021-03-08;187;40;5146;1681;1.8;0.6
973;2021-03-09;350;92;5496;1773;1.9;0.6
973;2021-03-10;357;99;5853;1872;2.0;0.6
973;2021-03-11;270;114;6123;1986;2.1;0.7
973;2021-03-12;287;86;6410;2072;2.2;0.7
973;2021-03-13;110;2;6520;2074;2.2;0.7
973;2021-03-14;0;0;6520;2074;2.2;0.7
973;2021-03-15;180;27;6700;2101;2.3;0.7
973;2021-03-16;242;138;6942;2239;2.4;0.8
973;2021-03-17;273;129;7215;2368;2.5;0.8
973;2021-03-18;249;153;7464;2521;2.6;0.9
973;2021-03-19;284;127;7748;2648;2.7;0.9
973;2021-03-20;255;14;8003;2662;2.8;0.9
973;2021-03-21;119;0;8122;2662;2.8;0.9
973;2021-03-22;219;110;8341;2772;2.9;1.0
973;2021-03-23;274;193;8615;2965;3.0;1.0
973;2021-03-24;235;214;8850;3179;3.0;1.1
973;2021-03-25;168;176;9018;3355;3.1;1.2
973;2021-03-26;188;307;9206;3662;3.2;1.3
973;2021-03-27;56;93;9262;3755;3.2;1.3
973;2021-03-28;0;0;9262;3755;3.2;1.3
973;2021-03-29;175;246;9437;4001;3.2;1.4
973;2021-03-30;445;237;9882;4238;3.4;1.5
973;2021-03-31;318;291;10200;4529;3.5;1.6
973;2021-04-01;443;260;10643;4789;3.7;1.6
973;2021-04-02;306;279;10949;5068;3.8;1.7
973;2021-04-03;152;122;11101;5190;3.8;1.8
973;2021-04-04;0;0;11101;5190;3.8;1.8
973;2021-04-05;118;14;11219;5204;3.9;1.8
973;2021-04-06;438;335;11657;5539;4.0;1.9
973;2021-04-07;501;343;12158;5882;4.2;2.0
973;2021-04-08;512;264;12670;6146;4.4;2.1
973;2021-04-09;496;226;13166;6372;4.5;2.2
973;2021-04-10;147;91;13313;6463;4.6;2.2
973;2021-04-11;2;0;13315;6463;4.6;2.2
973;2021-04-12;552;268;13867;6731;4.8;2.3
973;2021-04-13;673;242;14540;6973;5.0;2.4
973;2021-04-14;720;311;15260;7284;5.2;2.5
973;2021-04-15;774;245;16034;7529;5.5;2.6
973;2021-04-16;756;296;16790;7825;5.8;2.7
973;2021-04-17;499;130;17289;7955;5.9;2.7
973;2021-04-18;499;39;17788;7994;6.1;2.7
973;2021-04-19;713;250;18501;8244;6.4;2.8
973;2021-04-20;604;277;19105;8521;6.6;2.9
973;2021-04-21;867;249;19972;8770;6.9;3.0
973;2021-04-22;723;228;20695;8998;7.1;3.1
973;2021-04-23;705;225;21400;9223;7.4;3.2
973;2021-04-24;525;95;21925;9318;7.5;3.2
973;2021-04-25;612;51;22537;9369;7.8;3.2
973;2021-04-26;780;229;23317;9598;8.0;3.3
973;2021-04-27;784;342;24101;9940;8.3;3.4
973;2021-04-28;695;328;24796;10268;8.5;3.5
973;2021-04-29;621;279;25417;10547;8.7;3.6
973;2021-04-30;673;252;26090;10799;9.0;3.7
973;2021-05-01;210;27;26300;10826;9.0;3.7
973;2021-05-02;602;83;26902;10909;9.3;3.8
973;2021-05-03;553;390;27455;11299;9.4;3.9
973;2021-05-04;618;312;28073;11611;9.7;4.0
973;2021-05-05;658;447;28731;12058;9.9;4.1
973;2021-05-06;652;466;29383;12524;10.1;4.3
973;2021-05-07;555;467;29938;12991;10.3;4.5
973;2021-05-08;341;58;30279;13049;10.4;4.5
973;2021-05-09;262;73;30541;13122;10.5;4.5
973;2021-05-10;422;612;30963;13734;10.7;4.7
973;2021-05-11;392;491;31355;14225;10.8;4.9
973;2021-05-12;505;646;31860;14871;11.0;5.1
973;2021-05-13;333;99;32193;14970;11.1;5.1
973;2021-05-14;478;550;32671;15520;11.2;5.3
973;2021-05-15;258;347;32929;15867;11.3;5.5
973;2021-05-16;207;210;33136;16077;11.4;5.5
973;2021-05-17;444;600;33580;16677;11.6;5.7
973;2021-05-18;560;563;34140;17240;11.7;5.9
973;2021-05-19;525;552;34665;17792;11.9;6.1
973;2021-05-20;639;451;35304;18243;12.1;6.3
973;2021-05-21;494;606;35798;18849;12.3;6.5
973;2021-05-22;167;502;35965;19351;12.4;6.7
973;2021-05-23;269;474;36234;19825;12.5;6.8
973;2021-05-24;560;245;36794;20070;12.7;6.9
973;2021-05-25;495;742;37289;20812;12.8;7.2
973;2021-05-26;439;683;37728;21495;13.0;7.4
973;2021-05-27;694;523;38422;22018;13.2;7.6
973;2021-05-28;554;553;38976;22571;13.4;7.8
973;2021-05-29;239;360;39215;22931;13.5;7.9
973;2021-05-30;151;399;39366;23330;13.5;8.0
973;2021-05-31;341;573;39707;23903;13.7;8.2
973;2021-06-01;395;461;40102;24364;13.8;8.4
973;2021-06-02;540;551;40642;24915;14.0;8.6
973;2021-06-03;484;470;41126;25385;14.1;8.7
973;2021-06-04;552;495;41678;25880;14.3;8.9
973;2021-06-05;272;292;41950;26172;14.4;9.0
973;2021-06-06;211;299;42161;26471;14.5;9.1
973;2021-06-07;468;449;42629;26920;14.7;9.3
973;2021-06-08;531;311;43160;27231;14.8;9.4
973;2021-06-09;502;383;43662;27614;15.0;9.5
973;2021-06-10;352;289;44014;27903;15.1;9.6
973;2021-06-11;414;468;44428;28371;15.3;9.8
973;2021-06-12;170;284;44598;28655;15.3;9.9
973;2021-06-13;211;267;44809;28922;15.4;9.9
973;2021-06-14;360;547;45169;29469;15.5;10.1
973;2021-06-15;357;440;45526;29909;15.7;10.3
973;2021-06-16;409;451;45935;30360;15.8;10.4
973;2021-06-17;370;574;46305;30934;15.9;10.6
973;2021-06-18;344;564;46649;31498;16.0;10.8
973;2021-06-19;230;259;46879;31757;16.1;10.9
973;2021-06-20;123;272;47002;32029;16.2;11.0
973;2021-06-21;264;597;47266;32626;16.3;11.2
973;2021-06-22;311;456;47577;33082;16.4;11.4
973;2021-06-23;280;534;47857;33616;16.5;11.6
973;2021-06-24;388;494;48245;34110;16.6;11.7
973;2021-06-25;377;544;48622;34654;16.7;11.9
973;2021-06-26;164;320;48786;34974;16.8;12.0
973;2021-06-27;117;170;48903;35144;16.8;12.1
973;2021-06-28;281;590;49184;35734;16.9;12.3
973;2021-06-29;325;499;49509;36233;17.0;12.5
973;2021-06-30;307;667;49816;36900;17.1;12.7
973;2021-07-01;345;394;50161;37294;17.3;12.8
973;2021-07-02;395;515;50556;37809;17.4;13.0
973;2021-07-03;203;271;50759;38080;17.5;13.1
973;2021-07-04;85;242;50844;38322;17.5;13.2
973;2021-07-05;300;539;51144;38861;17.6;13.4
973;2021-07-06;306;474;51450;39335;17.7;13.5
973;2021-07-07;306;409;51756;39744;17.8;13.7
973;2021-07-08;258;324;52014;40068;17.9;13.8
973;2021-07-09;354;434;52368;40502;18.0;13.9
973;2021-07-10;163;276;52531;40778;18.1;14.0
973;2021-07-11;101;164;52632;40942;18.1;14.1
973;2021-07-12;355;491;52987;41433;18.2;14.3
973;2021-07-13;644;553;53631;41986;18.4;14.4
973;2021-07-14;372;156;54003;42142;18.6;14.5
973;2021-07-15;574;511;54577;42653;18.8;14.7
974;2020-12-27;0;0;0;0;0.0;0.0
974;2020-12-28;0;0;0;0;0.0;0.0
974;2020-12-29;0;0;0;0;0.0;0.0
974;2020-12-30;0;0;0;0;0.0;0.0
974;2020-12-31;0;0;0;0;0.0;0.0
974;2021-01-01;1;0;1;0;0.0;0.0
974;2021-01-02;0;0;1;0;0.0;0.0
974;2021-01-03;0;0;1;0;0.0;0.0
974;2021-01-04;0;0;1;0;0.0;0.0
974;2021-01-05;2;0;3;0;0.0;0.0
974;2021-01-06;0;0;3;0;0.0;0.0
974;2021-01-07;0;0;3;0;0.0;0.0
974;2021-01-08;0;0;3;0;0.0;0.0
974;2021-01-09;1;0;4;0;0.0;0.0
974;2021-01-10;0;0;4;0;0.0;0.0
974;2021-01-11;0;0;4;0;0.0;0.0
974;2021-01-12;0;0;4;0;0.0;0.0
974;2021-01-13;0;0;4;0;0.0;0.0
974;2021-01-14;0;0;4;0;0.0;0.0
974;2021-01-15;332;0;336;0;0.0;0.0
974;2021-01-16;27;0;363;0;0.0;0.0
974;2021-01-17;0;0;363;0;0.0;0.0
974;2021-01-18;49;1;412;1;0.0;0.0
974;2021-01-19;393;0;805;1;0.1;0.0
974;2021-01-20;481;1;1286;2;0.1;0.0
974;2021-01-21;614;1;1900;3;0.2;0.0
974;2021-01-22;409;1;2309;4;0.3;0.0
974;2021-01-23;75;0;2384;4;0.3;0.0
974;2021-01-24;0;0;2384;4;0.3;0.0
974;2021-01-25;273;2;2657;6;0.3;0.0
974;2021-01-26;429;0;3086;6;0.4;0.0
974;2021-01-27;317;0;3403;6;0.4;0.0
974;2021-01-28;407;0;3810;6;0.4;0.0
974;2021-01-29;421;3;4231;9;0.5;0.0
974;2021-01-30;420;0;4651;9;0.5;0.0
974;2021-01-31;0;0;4651;9;0.5;0.0
974;2021-02-01;372;3;5023;12;0.6;0.0
974;2021-02-02;499;4;5522;16;0.6;0.0
974;2021-02-03;602;14;6124;30;0.7;0.0
974;2021-02-04;626;21;6750;51;0.8;0.0
974;2021-02-05;564;98;7314;149;0.9;0.0
974;2021-02-06;501;5;7815;154;0.9;0.0
974;2021-02-07;0;8;7815;162;0.9;0.0
974;2021-02-08;472;34;8287;196;1.0;0.0
974;2021-02-09;784;90;9071;286;1.1;0.0
974;2021-02-10;820;87;9891;373;1.2;0.0
974;2021-02-11;796;86;10687;459;1.2;0.1
974;2021-02-12;637;94;11324;553;1.3;0.1
974;2021-02-13;651;74;11975;627;1.4;0.1
974;2021-02-14;1;0;11976;627;1.4;0.1
974;2021-02-15;524;126;12500;753;1.5;0.1
974;2021-02-16;651;534;13151;1287;1.5;0.1
974;2021-02-17;592;328;13743;1615;1.6;0.2
974;2021-02-18;493;412;14236;2027;1.7;0.2
974;2021-02-19;497;319;14733;2346;1.7;0.3
974;2021-02-20;576;117;15309;2463;1.8;0.3
974;2021-02-21;0;0;15309;2463;1.8;0.3
974;2021-02-22;402;238;15711;2701;1.8;0.3
974;2021-02-23;606;238;16317;2939;1.9;0.3
974;2021-02-24;583;252;16900;3191;2.0;0.4
974;2021-02-25;645;296;17545;3487;2.0;0.4
974;2021-02-26;483;472;18028;3959;2.1;0.5
974;2021-02-27;385;468;18413;4427;2.1;0.5
974;2021-02-28;0;0;18413;4427;2.1;0.5
974;2021-03-01;290;389;18703;4816;2.2;0.6
974;2021-03-02;486;501;19189;5317;2.2;0.6
974;2021-03-03;755;540;19944;5857;2.3;0.7
974;2021-03-04;775;513;20719;6370;2.4;0.7
974;2021-03-05;727;530;21446;6900;2.5;0.8
974;2021-03-06;812;525;22258;7425;2.6;0.9
974;2021-03-07;0;0;22258;7425;2.6;0.9
974;2021-03-08;435;578;22693;8003;2.6;0.9
974;2021-03-09;670;768;23363;8771;2.7;1.0
974;2021-03-10;644;843;24007;9614;2.8;1.1
974;2021-03-11;699;639;24706;10253;2.9;1.2
974;2021-03-12;729;656;25435;10909;3.0;1.3
974;2021-03-13;668;607;26103;11516;3.0;1.3
974;2021-03-14;2;0;26105;11516;3.0;1.3
974;2021-03-15;504;504;26609;12020;3.1;1.4
974;2021-03-16;680;708;27289;12728;3.2;1.5
974;2021-03-17;847;531;28136;13259;3.3;1.5
974;2021-03-18;1022;546;29158;13805;3.4;1.6
974;2021-03-19;784;534;29942;14339;3.5;1.7
974;2021-03-20;576;596;30518;14935;3.5;1.7
974;2021-03-21;0;0;30518;14935;3.5;1.7
974;2021-03-22;565;469;31083;15404;3.6;1.8
974;2021-03-23;780;640;31863;16044;3.7;1.9
974;2021-03-24;792;664;32655;16708;3.8;1.9
974;2021-03-25;929;552;33584;17260;3.9;2.0
974;2021-03-26;921;450;34505;17710;4.0;2.1
974;2021-03-27;782;338;35287;18048;4.1;2.1
974;2021-03-28;1;0;35288;18048;4.1;2.1
974;2021-03-29;961;271;36249;18319;4.2;2.1
974;2021-03-30;883;497;37132;18816;4.3;2.2
974;2021-03-31;741;665;37873;19481;4.4;2.3
974;2021-04-01;716;706;38589;20187;4.5;2.3
974;2021-04-02;688;759;39277;20946;4.6;2.4
974;2021-04-03;699;705;39976;21651;4.6;2.5
974;2021-04-04;0;0;39976;21651;4.6;2.5
974;2021-04-05;0;2;39976;21653;4.6;2.5
974;2021-04-06;795;635;40771;22288;4.7;2.6
974;2021-04-07;1369;788;42140;23076;4.9;2.7
974;2021-04-08;1792;771;43932;23847;5.1;2.8
974;2021-04-09;1509;784;45441;24631;5.3;2.9
974;2021-04-10;1137;650;46578;25281;5.4;2.9
974;2021-04-11;2;0;46580;25281;5.4;2.9
974;2021-04-12;1238;547;47818;25828;5.6;3.0
974;2021-04-13;1440;755;49258;26583;5.7;3.1
974;2021-04-14;2070;772;51328;27355;6.0;3.2
974;2021-04-15;2505;954;53833;28309;6.3;3.3
974;2021-04-16;1932;780;55765;29089;6.5;3.4
974;2021-04-17;1289;604;57054;29693;6.6;3.5
974;2021-04-18;0;0;57054;29693;6.6;3.5
974;2021-04-19;1376;564;58430;30257;6.8;3.5
974;2021-04-20;1649;804;60079;31061;7.0;3.6
974;2021-04-21;2127;623;62206;31684;7.2;3.7
974;2021-04-22;2947;816;65153;32500;7.6;3.8
974;2021-04-23;2309;813;67462;33313;7.8;3.9
974;2021-04-24;1103;798;68565;34111;8.0;4.0
974;2021-04-25;2;0;68567;34111;8.0;4.0
974;2021-04-26;1164;915;69731;35026;8.1;4.1
974;2021-04-27;1684;1028;71415;36054;8.3;4.2
974;2021-04-28;2897;750;74312;36804;8.6;4.3
974;2021-04-29;3945;811;78257;37615;9.1;4.4
974;2021-04-30;3434;902;81691;38517;9.5;4.5
974;2021-05-01;2106;222;83797;38739;9.7;4.5
974;2021-05-02;2;0;83799;38739;9.7;4.5
974;2021-05-03;1865;574;85664;39313;10.0;4.6
974;2021-05-04;2128;1098;87792;40411;10.2;4.7
974;2021-05-05;3119;1637;90911;42048;10.6;4.9
974;2021-05-06;4005;1583;94916;43631;11.0;5.1
974;2021-05-07;3228;1523;98144;45154;11.4;5.3
974;2021-05-08;1566;502;99710;45656;11.6;5.3
974;2021-05-09;1;0;99711;45656;11.6;5.3
974;2021-05-10;2411;996;102122;46652;11.9;5.4
974;2021-05-11;3652;1638;105774;48290;12.3;5.6
974;2021-05-12;4721;2391;110495;50681;12.8;5.9
974;2021-05-13;3554;595;114049;51276;13.3;6.0
974;2021-05-14;5267;2510;119316;53786;13.9;6.3
974;2021-05-15;3164;1538;122480;55324;14.2;6.4
974;2021-05-16;15;18;122495;55342;14.2;6.4
974;2021-05-17;3000;1489;125495;56831;14.6;6.6
974;2021-05-18;3757;1788;129252;58619;15.0;6.8
974;2021-05-19;4688;2360;133940;60979;15.6;7.1
974;2021-05-20;5141;2827;139081;63806;16.2;7.4
974;2021-05-21;4988;2636;144069;66442;16.8;7.7
974;2021-05-22;3366;1254;147435;67696;17.1;7.9
974;2021-05-23;5;3;147440;67699;17.1;7.9
974;2021-05-24;3643;1077;151083;68776;17.6;8.0
974;2021-05-25;4246;1919;155329;70695;18.1;8.2
974;2021-05-26;4987;2975;160316;73670;18.6;8.6
974;2021-05-27;4613;4099;164929;77769;19.2;9.0
974;2021-05-28;4379;3827;169308;81596;19.7;9.5
974;2021-05-29;2553;2453;171861;84049;20.0;9.8
974;2021-05-30;8;14;171869;84063;20.0;9.8
974;2021-05-31;2349;2256;174218;86319;20.3;10.0
974;2021-06-01;3298;2725;177516;89044;20.6;10.4
974;2021-06-02;3968;3349;181484;92393;21.1;10.7
974;2021-06-03;4041;3650;185525;96043;21.6;11.2
974;2021-06-04;3849;3750;189374;99793;22.0;11.6
974;2021-06-05;2213;1920;191587;101713;22.3;11.8
974;2021-06-06;1071;132;192658;101845;22.4;11.8
974;2021-06-07;2011;2527;194669;104372;22.6;12.1
974;2021-06-08;2552;3334;197221;107706;22.9;12.5
974;2021-06-09;2980;4771;200201;112477;23.3;13.1
974;2021-06-10;3403;4444;203604;116921;23.7;13.6
974;2021-06-11;2843;4624;206447;121545;24.0;14.1
974;2021-06-12;1722;3375;208169;124920;24.2;14.5
974;2021-06-13;1322;243;209491;125163;24.4;14.6
974;2021-06-14;1491;3181;210982;128344;24.5;14.9
974;2021-06-15;2057;3613;213039;131957;24.8;15.3
974;2021-06-16;2729;4651;215768;136608;25.1;15.9
974;2021-06-17;2508;4903;218276;141511;25.4;16.5
974;2021-06-18;2583;4901;220859;146412;25.7;17.0
974;2021-06-19;1300;3518;222159;149930;25.8;17.4
974;2021-06-20;633;287;222792;150217;25.9;17.5
974;2021-06-21;1263;3243;224055;153460;26.1;17.8
974;2021-06-22;1608;3763;225663;157223;26.2;18.3
974;2021-06-23;2238;4981;227901;162204;26.5;18.9
974;2021-06-24;2274;4073;230175;166277;26.8;19.3
974;2021-06-25;2175;4113;232350;170390;27.0;19.8
974;2021-06-26;1386;2716;233736;173106;27.2;20.1
974;2021-06-27;655;264;234391;173370;27.3;20.2
974;2021-06-28;1297;2483;235688;175853;27.4;20.4
974;2021-06-29;1729;2852;237417;178705;27.6;20.8
974;2021-06-30;2539;3846;239956;182551;27.9;21.2
974;2021-07-01;2657;3831;242613;186382;28.2;21.7
974;2021-07-02;2491;3715;245104;190097;28.5;22.1
974;2021-07-03;1599;2459;246703;192556;28.7;22.4
974;2021-07-04;873;1039;247576;193595;28.8;22.5
974;2021-07-05;1671;2227;249247;195822;29.0;22.8
974;2021-07-06;2438;2528;251685;198350;29.3;23.1
974;2021-07-07;2640;3135;254325;201485;29.6;23.4
974;2021-07-08;2378;3172;256703;204657;29.9;23.8
974;2021-07-09;2722;3416;259425;208073;30.2;24.2
974;2021-07-10;1604;2181;261029;210254;30.4;24.4
974;2021-07-11;726;1017;261755;211271;30.4;24.6
974;2021-07-12;1707;2602;263462;213873;30.6;24.9
974;2021-07-13;4309;3323;267771;217196;31.1;25.3
974;2021-07-14;3263;587;271034;217783;31.5;25.3
974;2021-07-15;5407;3972;276441;221755;32.1;25.8
975;2020-12-27;0;0;0;0;0.0;0.0
975;2020-12-28;0;0;0;0;0.0;0.0
975;2020-12-29;0;0;0;0;0.0;0.0
975;2020-12-30;0;0;0;0;0.0;0.0
975;2020-12-31;0;0;0;0;0.0;0.0
975;2021-01-01;0;0;0;0;0.0;0.0
975;2021-01-02;0;0;0;0;0.0;0.0
975;2021-01-03;0;0;0;0;0.0;0.0
975;2021-01-04;0;0;0;0;0.0;0.0
975;2021-01-05;0;0;0;0;0.0;0.0
975;2021-01-06;0;0;0;0;0.0;0.0
975;2021-01-07;0;0;0;0;0.0;0.0
975;2021-01-08;0;0;0;0;0.0;0.0
975;2021-01-09;0;0;0;0;0.0;0.0
975;2021-01-10;0;0;0;0;0.0;0.0
975;2021-01-11;0;0;0;0;0.0;0.0
975;2021-01-12;0;0;0;0;0.0;0.0
975;2021-01-13;0;0;0;0;0.0;0.0
975;2021-01-14;0;0;0;0;0.0;0.0
975;2021-01-15;0;0;0;0;0.0;0.0
975;2021-01-16;0;0;0;0;0.0;0.0
975;2021-01-17;0;0;0;0;0.0;0.0
975;2021-01-18;0;0;0;0;0.0;0.0
975;2021-01-19;0;0;0;0;0.0;0.0
975;2021-01-20;0;0;0;0;0.0;0.0
975;2021-01-21;0;0;0;0;0.0;0.0
975;2021-01-22;0;0;0;0;0.0;0.0
975;2021-01-23;0;0;0;0;0.0;0.0
975;2021-01-24;0;0;0;0;0.0;0.0
975;2021-01-25;0;0;0;0;0.0;0.0
975;2021-01-26;0;0;0;0;0.0;0.0
975;2021-01-27;0;0;0;0;0.0;0.0
975;2021-01-28;0;0;0;0;0.0;0.0
975;2021-01-29;0;0;0;0;0.0;0.0
975;2021-01-30;0;0;0;0;0.0;0.0
975;2021-01-31;0;0;0;0;0.0;0.0
975;2021-02-01;0;0;0;0;0.0;0.0
975;2021-02-02;0;0;0;0;0.0;0.0
975;2021-02-03;0;0;0;0;0.0;0.0
975;2021-02-04;0;0;0;0;0.0;0.0
975;2021-02-05;0;0;0;0;0.0;0.0
975;2021-02-06;0;0;0;0;0.0;0.0
975;2021-02-07;0;0;0;0;0.0;0.0
975;2021-02-08;0;0;0;0;0.0;0.0
975;2021-02-09;0;0;0;0;0.0;0.0
975;2021-02-10;0;0;0;0;0.0;0.0
975;2021-02-11;0;0;0;0;0.0;0.0
975;2021-02-12;0;0;0;0;0.0;0.0
975;2021-02-13;0;0;0;0;0.0;0.0
975;2021-02-14;0;0;0;0;0.0;0.0
975;2021-02-15;0;0;0;0;0.0;0.0
975;2021-02-16;0;0;0;0;0.0;0.0
975;2021-02-17;0;0;0;0;0.0;0.0
975;2021-02-18;0;0;0;0;0.0;0.0
975;2021-02-19;0;0;0;0;0.0;0.0
975;2021-02-20;0;0;0;0;0.0;0.0
975;2021-02-21;0;0;0;0;0.0;0.0
975;2021-02-22;0;0;0;0;0.0;0.0
975;2021-02-23;0;0;0;0;0.0;0.0
975;2021-02-24;0;0;0;0;0.0;0.0
975;2021-02-25;0;0;0;0;0.0;0.0
975;2021-02-26;0;0;0;0;0.0;0.0
975;2021-02-27;0;0;0;0;0.0;0.0
975;2021-02-28;0;0;0;0;0.0;0.0
975;2021-03-01;0;0;0;0;0.0;0.0
975;2021-03-02;0;0;0;0;0.0;0.0
975;2021-03-03;0;0;0;0;0.0;0.0
975;2021-03-04;0;0;0;0;0.0;0.0
975;2021-03-05;0;0;0;0;0.0;0.0
975;2021-03-06;0;0;0;0;0.0;0.0
975;2021-03-07;0;0;0;0;0.0;0.0
975;2021-03-08;0;0;0;0;0.0;0.0
975;2021-03-09;0;0;0;0;0.0;0.0
975;2021-03-10;0;0;0;0;0.0;0.0
975;2021-03-11;0;0;0;0;0.0;0.0
975;2021-03-12;0;0;0;0;0.0;0.0
975;2021-03-13;0;0;0;0;0.0;0.0
975;2021-03-14;0;0;0;0;0.0;0.0
975;2021-03-15;0;0;0;0;0.0;0.0
975;2021-03-16;0;0;0;0;0.0;0.0
975;2021-03-17;0;0;0;0;0.0;0.0
975;2021-03-18;0;0;0;0;0.0;0.0
975;2021-03-19;0;0;0;0;0.0;0.0
975;2021-03-20;0;0;0;0;0.0;0.0
975;2021-03-21;0;0;0;0;0.0;0.0
975;2021-03-22;0;0;0;0;0.0;0.0
975;2021-03-23;0;0;0;0;0.0;0.0
975;2021-03-24;0;0;0;0;0.0;0.0
975;2021-03-25;0;0;0;0;0.0;0.0
975;2021-03-26;0;0;0;0;0.0;0.0
975;2021-03-27;0;0;0;0;0.0;0.0
975;2021-03-28;0;0;0;0;0.0;0.0
975;2021-03-29;2;0;2;0;0.0;0.0
975;2021-03-30;0;0;2;0;0.0;0.0
975;2021-03-31;0;0;2;0;0.0;0.0
975;2021-04-01;0;0;2;0;0.0;0.0
975;2021-04-02;0;0;2;0;0.0;0.0
975;2021-04-03;0;0;2;0;0.0;0.0
975;2021-04-04;0;0;2;0;0.0;0.0
975;2021-04-05;0;0;2;0;0.0;0.0
975;2021-04-06;0;0;2;0;0.0;0.0
975;2021-04-07;0;0;2;0;0.0;0.0
975;2021-04-08;1;0;3;0;0.1;0.0
975;2021-04-09;0;0;3;0;0.1;0.0
975;2021-04-10;0;0;3;0;0.1;0.0
975;2021-04-11;0;0;3;0;0.1;0.0
975;2021-04-12;0;0;3;0;0.1;0.0
975;2021-04-13;0;0;3;0;0.1;0.0
975;2021-04-14;0;0;3;0;0.1;0.0
975;2021-04-15;0;0;3;0;0.1;0.0
975;2021-04-16;0;0;3;0;0.1;0.0
975;2021-04-17;0;0;3;0;0.1;0.0
975;2021-04-18;0;0;3;0;0.1;0.0
975;2021-04-19;0;0;3;0;0.1;0.0
975;2021-04-20;0;0;3;0;0.1;0.0
975;2021-04-21;0;0;3;0;0.1;0.0
975;2021-04-22;0;0;3;0;0.1;0.0
975;2021-04-23;0;0;3;0;0.1;0.0
975;2021-04-24;0;0;3;0;0.1;0.0
975;2021-04-25;0;0;3;0;0.1;0.0
975;2021-04-26;0;0;3;0;0.1;0.0
975;2021-04-27;0;0;3;0;0.1;0.0
975;2021-04-28;0;0;3;0;0.1;0.0
975;2021-04-29;0;0;3;0;0.1;0.0
975;2021-04-30;0;0;3;0;0.1;0.0
975;2021-05-01;0;0;3;0;0.1;0.0
975;2021-05-02;0;0;3;0;0.1;0.0
975;2021-05-03;0;0;3;0;0.1;0.0
975;2021-05-04;0;0;3;0;0.1;0.0
975;2021-05-05;0;0;3;0;0.1;0.0
975;2021-05-06;0;0;3;0;0.1;0.0
975;2021-05-07;0;0;3;0;0.1;0.0
975;2021-05-08;0;0;3;0;0.1;0.0
975;2021-05-09;0;0;3;0;0.1;0.0
975;2021-05-10;0;0;3;0;0.1;0.0
975;2021-05-11;0;0;3;0;0.1;0.0
975;2021-05-12;0;0;3;0;0.1;0.0
975;2021-05-13;0;0;3;0;0.1;0.0
975;2021-05-14;0;0;3;0;0.1;0.0
975;2021-05-15;0;0;3;0;0.1;0.0
975;2021-05-16;0;0;3;0;0.1;0.0
975;2021-05-17;0;0;3;0;0.1;0.0
975;2021-05-18;0;0;3;0;0.1;0.0
975;2021-05-19;0;0;3;0;0.1;0.0
975;2021-05-20;0;0;3;0;0.1;0.0
975;2021-05-21;0;0;3;0;0.1;0.0
975;2021-05-22;0;0;3;0;0.1;0.0
975;2021-05-23;0;0;3;0;0.1;0.0
975;2021-05-24;0;0;3;0;0.1;0.0
975;2021-05-25;0;0;3;0;0.1;0.0
975;2021-05-26;0;0;3;0;0.1;0.0
975;2021-05-27;0;0;3;0;0.1;0.0
975;2021-05-28;0;0;3;0;0.1;0.0
975;2021-05-29;0;2;3;2;0.1;0.0
975;2021-05-30;0;0;3;2;0.1;0.0
975;2021-05-31;0;0;3;2;0.1;0.0
975;2021-06-01;0;0;3;2;0.1;0.0
975;2021-06-02;0;0;3;2;0.1;0.0
975;2021-06-03;0;0;3;2;0.1;0.0
975;2021-06-04;0;0;3;2;0.1;0.0
975;2021-06-05;0;0;3;2;0.1;0.0
975;2021-06-06;0;0;3;2;0.1;0.0
975;2021-06-07;0;0;3;2;0.1;0.0
975;2021-06-08;0;0;3;2;0.1;0.0
975;2021-06-09;0;0;3;2;0.1;0.0
975;2021-06-10;0;0;3;2;0.1;0.0
975;2021-06-11;0;0;3;2;0.1;0.0
975;2021-06-12;0;0;3;2;0.1;0.0
975;2021-06-13;0;0;3;2;0.1;0.0
975;2021-06-14;0;0;3;2;0.1;0.0
975;2021-06-15;0;0;3;2;0.1;0.0
975;2021-06-16;0;0;3;2;0.1;0.0
975;2021-06-17;0;0;3;2;0.1;0.0
975;2021-06-18;0;0;3;2;0.1;0.0
975;2021-06-19;0;0;3;2;0.1;0.0
975;2021-06-20;0;0;3;2;0.1;0.0
975;2021-06-21;0;0;3;2;0.1;0.0
975;2021-06-22;0;0;3;2;0.1;0.0
975;2021-06-23;0;0;3;2;0.1;0.0
975;2021-06-24;0;0;3;2;0.1;0.0
975;2021-06-25;0;0;3;2;0.1;0.0
975;2021-06-26;0;0;3;2;0.1;0.0
975;2021-06-27;0;0;3;2;0.1;0.0
975;2021-06-28;0;0;3;2;0.1;0.0
975;2021-06-29;0;0;3;2;0.1;0.0
975;2021-06-30;0;0;3;2;0.1;0.0
975;2021-07-01;0;0;3;2;0.1;0.0
975;2021-07-02;0;0;3;2;0.1;0.0
975;2021-07-03;0;0;3;2;0.1;0.0
975;2021-07-04;0;0;3;2;0.1;0.0
975;2021-07-05;0;0;3;2;0.1;0.0
975;2021-07-06;0;0;3;2;0.1;0.0
975;2021-07-07;0;0;3;2;0.1;0.0
975;2021-07-08;0;0;3;2;0.1;0.0
975;2021-07-09;0;0;3;2;0.1;0.0
975;2021-07-10;0;0;3;2;0.1;0.0
975;2021-07-11;0;0;3;2;0.1;0.0
975;2021-07-12;0;0;3;2;0.1;0.0
975;2021-07-13;0;0;3;2;0.1;0.0
975;2021-07-14;0;0;3;2;0.1;0.0
975;2021-07-15;0;0;3;2;0.1;0.0
976;2020-12-27;0;0;0;0;0.0;0.0
976;2020-12-28;0;0;0;0;0.0;0.0
976;2020-12-29;0;0;0;0;0.0;0.0
976;2020-12-30;0;0;0;0;0.0;0.0
976;2020-12-31;0;0;0;0;0.0;0.0
976;2021-01-01;0;0;0;0;0.0;0.0
976;2021-01-02;0;0;0;0;0.0;0.0
976;2021-01-03;0;0;0;0;0.0;0.0
976;2021-01-04;0;0;0;0;0.0;0.0
976;2021-01-05;0;0;0;0;0.0;0.0
976;2021-01-06;0;0;0;0;0.0;0.0
976;2021-01-07;0;0;0;0;0.0;0.0
976;2021-01-08;0;0;0;0;0.0;0.0
976;2021-01-09;0;0;0;0;0.0;0.0
976;2021-01-10;0;0;0;0;0.0;0.0
976;2021-01-11;9;0;9;0;0.0;0.0
976;2021-01-12;0;0;9;0;0.0;0.0
976;2021-01-13;0;0;9;0;0.0;0.0
976;2021-01-14;0;0;9;0;0.0;0.0
976;2021-01-15;1;0;10;0;0.0;0.0
976;2021-01-16;1;0;11;0;0.0;0.0
976;2021-01-17;0;0;11;0;0.0;0.0
976;2021-01-18;1;0;12;0;0.0;0.0
976;2021-01-19;0;0;12;0;0.0;0.0
976;2021-01-20;0;0;12;0;0.0;0.0
976;2021-01-21;0;0;12;0;0.0;0.0
976;2021-01-22;0;0;12;0;0.0;0.0
976;2021-01-23;1;0;13;0;0.0;0.0
976;2021-01-24;0;0;13;0;0.0;0.0
976;2021-01-25;141;1;154;1;0.1;0.0
976;2021-01-26;165;3;319;4;0.1;0.0
976;2021-01-27;251;2;570;6;0.2;0.0
976;2021-01-28;102;7;672;13;0.2;0.0
976;2021-01-29;231;2;903;15;0.3;0.0
976;2021-01-30;285;11;1188;26;0.4;0.0
976;2021-01-31;1;0;1189;26;0.4;0.0
976;2021-02-01;160;0;1349;26;0.5;0.0
976;2021-02-02;330;8;1679;34;0.6;0.0
976;2021-02-03;228;3;1907;37;0.7;0.0
976;2021-02-04;216;7;2123;44;0.8;0.0
976;2021-02-05;214;1;2337;45;0.8;0.0
976;2021-02-06;83;10;2420;55;0.9;0.0
976;2021-02-07;0;0;2420;55;0.9;0.0
976;2021-02-08;82;3;2502;58;0.9;0.0
976;2021-02-09;194;0;2696;58;1.0;0.0
976;2021-02-10;187;3;2883;61;1.0;0.0
976;2021-02-11;236;3;3119;64;1.1;0.0
976;2021-02-12;287;4;3406;68;1.2;0.0
976;2021-02-13;56;0;3462;68;1.2;0.0
976;2021-02-14;1;0;3463;68;1.2;0.0
976;2021-02-15;359;5;3822;73;1.4;0.0
976;2021-02-16;266;7;4088;80;1.5;0.0
976;2021-02-17;167;6;4255;86;1.5;0.0
976;2021-02-18;217;12;4472;98;1.6;0.0
976;2021-02-19;236;24;4708;122;1.7;0.0
976;2021-02-20;139;8;4847;130;1.7;0.0
976;2021-02-21;0;0;4847;130;1.7;0.0
976;2021-02-22;130;122;4977;252;1.8;0.1
976;2021-02-23;185;151;5162;403;1.8;0.1
976;2021-02-24;176;145;5338;548;1.9;0.2
976;2021-02-25;227;277;5565;825;2.0;0.3
976;2021-02-26;242;246;5807;1071;2.1;0.4
976;2021-02-27;0;0;5807;1071;2.1;0.4
976;2021-02-28;0;0;5807;1071;2.1;0.4
976;2021-03-01;145;258;5952;1329;2.1;0.5
976;2021-03-02;228;259;6180;1588;2.2;0.6
976;2021-03-03;202;189;6382;1777;2.3;0.6
976;2021-03-04;205;141;6587;1918;2.4;0.7
976;2021-03-05;224;113;6811;2031;2.4;0.7
976;2021-03-06;1;0;6812;2031;2.4;0.7
976;2021-03-07;0;0;6812;2031;2.4;0.7
976;2021-03-08;189;109;7001;2140;2.5;0.8
976;2021-03-09;391;159;7392;2299;2.6;0.8
976;2021-03-10;180;178;7572;2477;2.7;0.9
976;2021-03-11;167;207;7739;2684;2.8;1.0
976;2021-03-12;237;291;7976;2975;2.9;1.1
976;2021-03-13;2;0;7978;2975;2.9;1.1
976;2021-03-14;0;0;7978;2975;2.9;1.1
976;2021-03-15;157;293;8135;3268;2.9;1.2
976;2021-03-16;236;223;8371;3491;3.0;1.2
976;2021-03-17;264;142;8635;3633;3.1;1.3
976;2021-03-18;173;234;8808;3867;3.2;1.4
976;2021-03-19;172;298;8980;4165;3.2;1.5
976;2021-03-20;0;0;8980;4165;3.2;1.5
976;2021-03-21;0;0;8980;4165;3.2;1.5
976;2021-03-22;98;136;9078;4301;3.2;1.5
976;2021-03-23;136;240;9214;4541;3.3;1.6
976;2021-03-24;160;146;9374;4687;3.4;1.7
976;2021-03-25;186;206;9560;4893;3.4;1.8
976;2021-03-26;160;211;9720;5104;3.5;1.8
976;2021-03-27;18;0;9738;5104;3.5;1.8
976;2021-03-28;0;0;9738;5104;3.5;1.8
976;2021-03-29;0;2;9738;5106;3.5;1.8
976;2021-03-30;272;334;10010;5440;3.6;1.9
976;2021-03-31;225;125;10235;5565;3.7;2.0
976;2021-04-01;243;103;10478;5668;3.7;2.0
976;2021-04-02;288;263;10766;5931;3.9;2.1
976;2021-04-03;906;307;11672;6238;4.2;2.2
976;2021-04-04;1;0;11673;6238;4.2;2.2
976;2021-04-05;1;0;11674;6238;4.2;2.2
976;2021-04-06;162;278;11836;6516;4.2;2.3
976;2021-04-07;237;266;12073;6782;4.3;2.4
976;2021-04-08;286;140;12359;6922;4.4;2.5
976;2021-04-09;249;171;12608;7093;4.5;2.5
976;2021-04-10;181;114;12789;7207;4.6;2.6
976;2021-04-11;7;0;12796;7207;4.6;2.6
976;2021-04-12;0;19;12796;7226;4.6;2.6
976;2021-04-13;394;343;13190;7569;4.7;2.7
976;2021-04-14;239;205;13429;7774;4.8;2.8
976;2021-04-15;207;117;13636;7891;4.9;2.8
976;2021-04-16;214;127;13850;8018;5.0;2.9
976;2021-04-17;226;131;14076;8149;5.0;2.9
976;2021-04-18;1;0;14077;8149;5.0;2.9
976;2021-04-19;7;1;14084;8150;5.0;2.9
976;2021-04-20;369;224;14453;8374;5.2;3.0
976;2021-04-21;412;150;14865;8524;5.3;3.1
976;2021-04-22;410;151;15275;8675;5.5;3.1
976;2021-04-23;366;166;15641;8841;5.6;3.2
976;2021-04-24;413;128;16054;8969;5.7;3.2
976;2021-04-25;2;0;16056;8969;5.7;3.2
976;2021-04-26;54;8;16110;8977;5.8;3.2
976;2021-04-27;351;293;16461;9270;5.9;3.3
976;2021-04-28;355;515;16816;9785;6.0;3.5
976;2021-04-29;558;344;17374;10129;6.2;3.6
976;2021-04-30;404;239;17778;10368;6.4;3.7
976;2021-05-01;670;285;18448;10653;6.6;3.8
976;2021-05-02;0;0;18448;10653;6.6;3.8
976;2021-05-03;139;6;18587;10659;6.7;3.8
976;2021-05-04;353;426;18940;11085;6.8;4.0
976;2021-05-05;447;318;19387;11403;6.9;4.1
976;2021-05-06;320;200;19707;11603;7.1;4.2
976;2021-05-07;341;133;20048;11736;7.2;4.2
976;2021-05-08;300;139;20348;11875;7.3;4.2
976;2021-05-09;0;0;20348;11875;7.3;4.2
976;2021-05-10;8;9;20356;11884;7.3;4.3
976;2021-05-11;360;487;20716;12371;7.4;4.4
976;2021-05-12;333;310;21049;12681;7.5;4.5
976;2021-05-13;127;97;21176;12778;7.6;4.6
976;2021-05-14;0;0;21176;12778;7.6;4.6
976;2021-05-15;484;283;21660;13061;7.8;4.7
976;2021-05-16;0;0;21660;13061;7.8;4.7
976;2021-05-17;122;51;21782;13112;7.8;4.7
976;2021-05-18;516;429;22298;13541;8.0;4.8
976;2021-05-19;650;663;22948;14204;8.2;5.1
976;2021-05-20;1055;496;24003;14700;8.6;5.3
976;2021-05-21;1046;314;25049;15014;9.0;5.4
976;2021-05-22;1241;299;26290;15313;9.4;5.5
976;2021-05-23;0;0;26290;15313;9.4;5.5
976;2021-05-24;1;0;26291;15313;9.4;5.5
976;2021-05-25;885;624;27176;15937;9.7;5.7
976;2021-05-26;1035;839;28211;16776;10.1;6.0
976;2021-05-27;1319;508;29530;17284;10.6;6.2
976;2021-05-28;954;372;30484;17656;10.9;6.3
976;2021-05-29;1130;390;31614;18046;11.3;6.5
976;2021-05-30;0;1;31614;18047;11.3;6.5
976;2021-05-31;104;6;31718;18053;11.3;6.5
976;2021-06-01;1149;651;32867;18704;11.8;6.7
976;2021-06-02;1211;528;34078;19232;12.2;6.9
976;2021-06-03;806;352;34884;19584;12.5;7.0
976;2021-06-04;995;321;35879;19905;12.8;7.1
976;2021-06-05;674;300;36553;20205;13.1;7.2
976;2021-06-06;1;0;36554;20205;13.1;7.2
976;2021-06-07;86;12;36640;20217;13.1;7.2
976;2021-06-08;952;442;37592;20659;13.5;7.4
976;2021-06-09;969;551;38561;21210;13.8;7.6
976;2021-06-10;688;229;39249;21439;14.0;7.7
976;2021-06-11;846;365;40095;21804;14.3;7.8
976;2021-06-12;580;276;40675;22080;14.6;7.9
976;2021-06-13;1;0;40676;22080;14.6;7.9
976;2021-06-14;186;112;40862;22192;14.6;7.9
976;2021-06-15;409;839;41271;23031;14.8;8.2
976;2021-06-16;887;1441;42158;24472;15.1;8.8
976;2021-06-17;765;656;42923;25128;15.4;9.0
976;2021-06-18;699;621;43622;25749;15.6;9.2
976;2021-06-19;531;641;44153;26390;15.8;9.4
976;2021-06-20;0;0;44153;26390;15.8;9.4
976;2021-06-21;124;128;44277;26518;15.8;9.5
976;2021-06-22;425;1144;44702;27662;16.0;9.9
976;2021-06-23;652;1180;45354;28842;16.2;10.3
976;2021-06-24;456;541;45810;29383;16.4;10.5
976;2021-06-25;523;473;46333;29856;16.6;10.7
976;2021-06-26;382;686;46715;30542;16.7;10.9
976;2021-06-27;0;0;46715;30542;16.7;10.9
976;2021-06-28;100;191;46815;30733;16.8;11.0
976;2021-06-29;653;973;47468;31706;17.0;11.3
976;2021-06-30;643;945;48111;32651;17.2;11.7
976;2021-07-01;556;542;48667;33193;17.4;11.9
976;2021-07-02;443;424;49110;33617;17.6;12.0
976;2021-07-03;434;412;49544;34029;17.7;12.2
976;2021-07-04;0;0;49544;34029;17.7;12.2
976;2021-07-05;114;225;49658;34254;17.8;12.3
976;2021-07-06;493;855;50151;35109;17.9;12.6
976;2021-07-07;754;1001;50905;36110;18.2;12.9
976;2021-07-08;793;628;51698;36738;18.5;13.1
976;2021-07-09;782;512;52480;37250;18.8;13.3
976;2021-07-10;433;314;52913;37564;18.9;13.4
976;2021-07-11;0;0;52913;37564;18.9;13.4
976;2021-07-12;159;170;53072;37734;19.0;13.5
976;2021-07-13;819;992;53891;38726;19.3;13.9
976;2021-07-14;0;5;53891;38731;19.3;13.9
976;2021-07-15;1132;792;55023;39523;19.7;14.1
977;2020-12-27;0;0;0;0;0.0;0.0
977;2020-12-28;0;0;0;0;0.0;0.0
977;2020-12-29;0;0;0;0;0.0;0.0
977;2020-12-30;0;0;0;0;0.0;0.0
977;2020-12-31;0;0;0;0;0.0;0.0
977;2021-01-01;0;0;0;0;0.0;0.0
977;2021-01-02;0;0;0;0;0.0;0.0
977;2021-01-03;0;0;0;0;0.0;0.0
977;2021-01-04;0;0;0;0;0.0;0.0
977;2021-01-05;0;0;0;0;0.0;0.0
977;2021-01-06;0;0;0;0;0.0;0.0
977;2021-01-07;0;0;0;0;0.0;0.0
977;2021-01-08;0;0;0;0;0.0;0.0
977;2021-01-09;0;0;0;0;0.0;0.0
977;2021-01-10;0;0;0;0;0.0;0.0
977;2021-01-11;0;0;0;0;0.0;0.0
977;2021-01-12;0;0;0;0;0.0;0.0
977;2021-01-13;0;0;0;0;0.0;0.0
977;2021-01-14;0;0;0;0;0.0;0.0
977;2021-01-15;0;0;0;0;0.0;0.0
977;2021-01-16;0;0;0;0;0.0;0.0
977;2021-01-17;0;0;0;0;0.0;0.0
977;2021-01-18;1;0;1;0;0.0;0.0
977;2021-01-19;0;0;1;0;0.0;0.0
977;2021-01-20;0;0;1;0;0.0;0.0
977;2021-01-21;12;0;13;0;0.1;0.0
977;2021-01-22;12;0;25;0;0.3;0.0
977;2021-01-23;0;0;25;0;0.3;0.0
977;2021-01-24;0;0;25;0;0.3;0.0
977;2021-01-25;0;0;25;0;0.3;0.0
977;2021-01-26;0;0;25;0;0.3;0.0
977;2021-01-27;12;0;37;0;0.4;0.0
977;2021-01-28;1;0;38;0;0.4;0.0
977;2021-01-29;6;0;44;0;0.4;0.0
977;2021-01-30;0;0;44;0;0.4;0.0
977;2021-01-31;0;0;44;0;0.4;0.0
977;2021-02-01;0;0;44;0;0.4;0.0
977;2021-02-02;0;0;44;0;0.4;0.0
977;2021-02-03;11;0;55;0;0.6;0.0
977;2021-02-04;12;0;67;0;0.7;0.0
977;2021-02-05;11;0;78;0;0.8;0.0
977;2021-02-06;0;0;78;0;0.8;0.0
977;2021-02-07;0;0;78;0;0.8;0.0
977;2021-02-08;0;0;78;0;0.8;0.0
977;2021-02-09;13;0;91;0;0.9;0.0
977;2021-02-10;0;0;91;0;0.9;0.0
977;2021-02-11;17;0;108;0;1.1;0.0
977;2021-02-12;45;0;153;0;1.5;0.0
977;2021-02-13;0;0;153;0;1.5;0.0
977;2021-02-14;0;0;153;0;1.5;0.0
977;2021-02-15;0;0;153;0;1.5;0.0
977;2021-02-16;0;0;153;0;1.5;0.0
977;2021-02-17;0;0;153;0;1.5;0.0
977;2021-02-18;18;0;171;0;1.7;0.0
977;2021-02-19;34;0;205;0;2.1;0.0
977;2021-02-20;0;0;205;0;2.1;0.0
977;2021-02-21;0;0;205;0;2.1;0.0
977;2021-02-22;0;0;205;0;2.1;0.0
977;2021-02-23;0;22;205;22;2.1;0.2
977;2021-02-24;0;0;205;22;2.1;0.2
977;2021-02-25;15;10;220;32;2.2;0.3
977;2021-02-26;33;20;253;52;2.5;0.5
977;2021-02-27;0;0;253;52;2.5;0.5
977;2021-02-28;0;0;253;52;2.5;0.5
977;2021-03-01;0;0;253;52;2.5;0.5
977;2021-03-02;17;11;270;63;2.7;0.6
977;2021-03-03;0;0;270;63;2.7;0.6
977;2021-03-04;16;11;286;74;2.9;0.7
977;2021-03-05;33;19;319;93;3.2;0.9
977;2021-03-06;0;0;319;93;3.2;0.9
977;2021-03-07;0;0;319;93;3.2;0.9
977;2021-03-08;0;0;319;93;3.2;0.9
977;2021-03-09;1;0;320;93;3.2;0.9
977;2021-03-10;0;0;320;93;3.2;0.9
977;2021-03-11;20;30;340;123;3.4;1.2
977;2021-03-12;62;42;402;165;4.0;1.7
977;2021-03-13;0;0;402;165;4.0;1.7
977;2021-03-14;0;0;402;165;4.0;1.7
977;2021-03-15;0;0;402;165;4.0;1.7
977;2021-03-16;30;9;432;174;4.3;1.7
977;2021-03-17;0;0;432;174;4.3;1.7
977;2021-03-18;30;16;462;190;4.6;1.9
977;2021-03-19;56;31;518;221;5.2;2.2
977;2021-03-20;0;0;518;221;5.2;2.2
977;2021-03-21;0;0;518;221;5.2;2.2
977;2021-03-22;0;0;518;221;5.2;2.2
977;2021-03-23;0;0;518;221;5.2;2.2
977;2021-03-24;0;0;518;221;5.2;2.2
977;2021-03-25;65;17;583;238;5.9;2.4
977;2021-03-26;73;26;656;264;6.6;2.7
977;2021-03-27;0;0;656;264;6.6;2.7
977;2021-03-28;0;0;656;264;6.6;2.7
977;2021-03-29;0;0;656;264;6.6;2.7
977;2021-03-30;40;18;696;282;7.0;2.8
977;2021-03-31;26;15;722;297;7.2;3.0
977;2021-04-01;25;32;747;329;7.5;3.3
977;2021-04-02;0;0;747;329;7.5;3.3
977;2021-04-03;0;0;747;329;7.5;3.3
977;2021-04-04;0;0;747;329;7.5;3.3
977;2021-04-05;9;0;756;329;7.6;3.3
977;2021-04-06;0;0;756;329;7.6;3.3
977;2021-04-07;0;0;756;329;7.6;3.3
977;2021-04-08;57;46;813;375;8.2;3.8
977;2021-04-09;59;31;872;406;8.8;4.1
977;2021-04-10;0;0;872;406;8.8;4.1
977;2021-04-11;0;0;872;406;8.8;4.1
977;2021-04-12;0;0;872;406;8.8;4.1
977;2021-04-13;0;0;872;406;8.8;4.1
977;2021-04-14;5;6;877;412;8.8;4.1
977;2021-04-15;56;71;933;483;9.4;4.8
977;2021-04-16;90;35;1023;518;10.3;5.2
977;2021-04-17;0;1;1023;519;10.3;5.2
977;2021-04-18;0;0;1023;519;10.3;5.2
977;2021-04-19;1;0;1024;519;10.3;5.2
977;2021-04-20;335;66;1359;585;13.6;5.9
977;2021-04-21;337;29;1696;614;17.0;6.2
977;2021-04-22;284;50;1980;664;19.9;6.7
977;2021-04-23;258;41;2238;705;22.5;7.1
977;2021-04-24;231;1;2469;706;24.8;7.1
977;2021-04-25;0;0;2469;706;24.8;7.1
977;2021-04-26;283;20;2752;726;27.6;7.3
977;2021-04-27;224;69;2976;795;29.9;8.0
977;2021-04-28;192;26;3168;821;31.8;8.2
977;2021-04-29;170;22;3338;843;33.5;8.5
977;2021-04-30;172;16;3510;859;35.2;8.6
977;2021-05-01;201;12;3711;871;37.3;8.7
977;2021-05-02;0;0;3711;871;37.3;8.7
977;2021-05-03;135;9;3846;880;38.6;8.8
977;2021-05-04;161;54;4007;934;40.2;9.4
977;2021-05-05;221;30;4228;964;42.4;9.7
977;2021-05-06;175;32;4403;996;44.2;10.0
977;2021-05-07;149;31;4552;1027;45.7;10.3
977;2021-05-08;1;0;4553;1027;45.7;10.3
977;2021-05-09;0;2;4553;1029;45.7;10.3
977;2021-05-10;0;0;4553;1029;45.7;10.3
977;2021-05-11;2;41;4555;1070;45.7;10.7
977;2021-05-12;6;36;4561;1106;45.8;11.1
977;2021-05-13;0;0;4561;1106;45.8;11.1
977;2021-05-14;28;98;4589;1204;46.1;12.1
977;2021-05-15;0;0;4589;1204;46.1;12.1
977;2021-05-16;1;0;4590;1204;46.1;12.1
977;2021-05-17;1;14;4591;1218;46.1;12.2
977;2021-05-18;17;32;4608;1250;46.3;12.5
977;2021-05-19;0;1;4608;1251;46.3;12.6
977;2021-05-20;0;8;4608;1259;46.3;12.6
977;2021-05-21;12;32;4620;1291;46.4;13.0
977;2021-05-22;0;0;4620;1291;46.4;13.0
977;2021-05-23;0;0;4620;1291;46.4;13.0
977;2021-05-24;0;0;4620;1291;46.4;13.0
977;2021-05-25;50;333;4670;1624;46.9;16.3
977;2021-05-26;54;360;4724;1984;47.4;19.9
977;2021-05-27;34;317;4758;2301;47.8;23.1
977;2021-05-28;27;256;4785;2557;48.0;25.7
977;2021-05-29;35;376;4820;2933;48.4;29.4
977;2021-05-30;0;0;4820;2933;48.4;29.4
977;2021-05-31;45;217;4865;3150;48.8;31.6
977;2021-06-01;47;227;4912;3377;49.3;33.9
977;2021-06-02;69;273;4981;3650;50.0;36.6
977;2021-06-03;41;252;5022;3902;50.4;39.2
977;2021-06-04;78;273;5100;4175;51.2;41.9
977;2021-06-05;1;0;5101;4175;51.2;41.9
977;2021-06-06;0;0;5101;4175;51.2;41.9
977;2021-06-07;1;1;5102;4176;51.2;41.9
977;2021-06-08;3;2;5105;4178;51.2;41.9
977;2021-06-09;0;3;5105;4181;51.2;42.0
977;2021-06-10;8;4;5113;4185;51.3;42.0
977;2021-06-11;3;8;5116;4193;51.4;42.1
977;2021-06-12;16;59;5132;4252;51.5;42.7
977;2021-06-13;0;0;5132;4252;51.5;42.7
977;2021-06-14;0;0;5132;4252;51.5;42.7
977;2021-06-15;0;1;5132;4253;51.5;42.7
977;2021-06-16;0;0;5132;4253;51.5;42.7
977;2021-06-17;2;6;5134;4259;51.5;42.8
977;2021-06-18;0;2;5134;4261;51.5;42.8
977;2021-06-19;25;49;5159;4310;51.8;43.3
977;2021-06-20;0;0;5159;4310;51.8;43.3
977;2021-06-21;0;2;5159;4312;51.8;43.3
977;2021-06-22;8;0;5167;4312;51.9;43.3
977;2021-06-23;15;9;5182;4321;52.0;43.4
977;2021-06-24;10;5;5192;4326;52.1;43.4
977;2021-06-25;0;0;5192;4326;52.1;43.4
977;2021-06-26;28;49;5220;4375;52.4;43.9
977;2021-06-27;0;0;5220;4375;52.4;43.9
977;2021-06-28;0;0;5220;4375;52.4;43.9
977;2021-06-29;0;0;5220;4375;52.4;43.9
977;2021-06-30;0;0;5220;4375;52.4;43.9
977;2021-07-01;26;35;5246;4410;52.7;44.3
977;2021-07-02;26;32;5272;4442;52.9;44.6
977;2021-07-03;27;211;5299;4653;53.2;46.7
977;2021-07-04;0;0;5299;4653;53.2;46.7
977;2021-07-05;4;8;5303;4661;53.2;46.8
977;2021-07-06;0;0;5303;4661;53.2;46.8
977;2021-07-07;8;0;5311;4661;53.3;46.8
977;2021-07-08;33;22;5344;4683;53.6;47.0
977;2021-07-09;23;34;5367;4717;53.9;47.4
977;2021-07-10;31;41;5398;4758;54.2;47.8
977;2021-07-11;0;0;5398;4758;54.2;47.8
977;2021-07-12;0;1;5398;4759;54.2;47.8
977;2021-07-13;10;9;5408;4768;54.3;47.9
977;2021-07-14;0;0;5408;4768;54.3;47.9
977;2021-07-15;1;11;5409;4779;54.3;48.0
978;2020-12-27;0;0;0;0;0.0;0.0
978;2020-12-28;0;0;0;0;0.0;0.0
978;2020-12-29;0;0;0;0;0.0;0.0
978;2020-12-30;0;0;0;0;0.0;0.0
978;2020-12-31;0;0;0;0;0.0;0.0
978;2021-01-01;0;0;0;0;0.0;0.0
978;2021-01-02;0;0;0;0;0.0;0.0
978;2021-01-03;0;0;0;0;0.0;0.0
978;2021-01-04;0;0;0;0;0.0;0.0
978;2021-01-05;0;0;0;0;0.0;0.0
978;2021-01-06;0;0;0;0;0.0;0.0
978;2021-01-07;0;0;0;0;0.0;0.0
978;2021-01-08;0;0;0;0;0.0;0.0
978;2021-01-09;0;0;0;0;0.0;0.0
978;2021-01-10;0;0;0;0;0.0;0.0
978;2021-01-11;0;0;0;0;0.0;0.0
978;2021-01-12;0;0;0;0;0.0;0.0
978;2021-01-13;10;0;10;0;0.0;0.0
978;2021-01-14;12;0;22;0;0.1;0.0
978;2021-01-15;9;0;31;0;0.1;0.0
978;2021-01-16;0;0;31;0;0.1;0.0
978;2021-01-17;0;0;31;0;0.1;0.0
978;2021-01-18;0;0;31;0;0.1;0.0
978;2021-01-19;12;0;43;0;0.1;0.0
978;2021-01-20;12;0;55;0;0.2;0.0
978;2021-01-21;6;0;61;0;0.2;0.0
978;2021-01-22;0;0;61;0;0.2;0.0
978;2021-01-23;0;0;61;0;0.2;0.0
978;2021-01-24;0;0;61;0;0.2;0.0
978;2021-01-25;0;0;61;0;0.2;0.0
978;2021-01-26;9;0;70;0;0.2;0.0
978;2021-01-27;10;0;80;0;0.2;0.0
978;2021-01-28;6;0;86;0;0.2;0.0
978;2021-01-29;0;0;86;0;0.2;0.0
978;2021-01-30;0;0;86;0;0.2;0.0
978;2021-01-31;0;0;86;0;0.2;0.0
978;2021-02-01;0;0;86;0;0.2;0.0
978;2021-02-02;38;0;124;0;0.4;0.0
978;2021-02-03;10;0;134;0;0.4;0.0
978;2021-02-04;29;0;163;0;0.5;0.0
978;2021-02-05;6;0;169;0;0.5;0.0
978;2021-02-06;0;0;169;0;0.5;0.0
978;2021-02-07;0;0;169;0;0.5;0.0
978;2021-02-08;0;0;169;0;0.5;0.0
978;2021-02-09;38;0;207;0;0.6;0.0
978;2021-02-10;27;1;234;1;0.7;0.0
978;2021-02-11;0;0;234;1;0.7;0.0
978;2021-02-12;36;0;270;1;0.8;0.0
978;2021-02-13;0;0;270;1;0.8;0.0
978;2021-02-14;0;0;270;1;0.8;0.0
978;2021-02-15;50;0;320;1;0.9;0.0
978;2021-02-16;0;0;320;1;0.9;0.0
978;2021-02-17;0;0;320;1;0.9;0.0
978;2021-02-18;28;0;348;1;1.0;0.0
978;2021-02-19;44;0;392;1;1.1;0.0
978;2021-02-20;0;0;392;1;1.1;0.0
978;2021-02-21;0;0;392;1;1.1;0.0
978;2021-02-22;45;4;437;5;1.2;0.0
978;2021-02-23;41;29;478;34;1.4;0.1
978;2021-02-24;35;1;513;35;1.5;0.1
978;2021-02-25;55;36;568;71;1.6;0.2
978;2021-02-26;39;5;607;76;1.7;0.2
978;2021-02-27;0;0;607;76;1.7;0.2
978;2021-02-28;0;0;607;76;1.7;0.2
978;2021-03-01;48;5;655;81;1.9;0.2
978;2021-03-02;7;27;662;108;1.9;0.3
978;2021-03-03;38;28;700;136;2.0;0.4
978;2021-03-04;30;26;730;162;2.1;0.5
978;2021-03-05;46;10;776;172;2.2;0.5
978;2021-03-06;0;0;776;172;2.2;0.5
978;2021-03-07;0;0;776;172;2.2;0.5
978;2021-03-08;30;7;806;179;2.3;0.5
978;2021-03-09;19;27;825;206;2.3;0.6
978;2021-03-10;33;28;858;234;2.4;0.7
978;2021-03-11;2;0;860;234;2.4;0.7
978;2021-03-12;52;21;912;255;2.6;0.7
978;2021-03-13;11;0;923;255;2.6;0.7
978;2021-03-14;0;0;923;255;2.6;0.7
978;2021-03-15;31;41;954;296;2.7;0.8
978;2021-03-16;73;6;1027;302;2.9;0.9
978;2021-03-17;67;13;1094;315;3.1;0.9
978;2021-03-18;82;39;1176;354;3.3;1.0
978;2021-03-19;32;50;1208;404;3.4;1.1
978;2021-03-20;0;0;1208;404;3.4;1.1
978;2021-03-21;0;0;1208;404;3.4;1.1
978;2021-03-22;34;45;1242;449;3.5;1.3
978;2021-03-23;30;43;1272;492;3.6;1.4
978;2021-03-24;38;42;1310;534;3.7;1.5
978;2021-03-25;93;34;1403;568;4.0;1.6
978;2021-03-26;45;33;1448;601;4.1;1.7
978;2021-03-27;94;3;1542;604;4.4;1.7
978;2021-03-28;0;0;1542;604;4.4;1.7
978;2021-03-29;69;49;1611;653;4.6;1.8
978;2021-03-30;98;24;1709;677;4.8;1.9
978;2021-03-31;89;49;1798;726;5.1;2.1
978;2021-04-01;56;48;1854;774;5.2;2.2
978;2021-04-02;0;0;1854;774;5.2;2.2
978;2021-04-03;0;0;1854;774;5.2;2.2
978;2021-04-04;0;0;1854;774;5.2;2.2
978;2021-04-05;2;0;1856;774;5.3;2.2
978;2021-04-06;49;63;1905;837;5.4;2.4
978;2021-04-07;91;33;1996;870;5.6;2.5
978;2021-04-08;120;7;2116;877;6.0;2.5
978;2021-04-09;89;39;2205;916;6.2;2.6
978;2021-04-10;168;11;2373;927;6.7;2.6
978;2021-04-11;0;0;2373;927;6.7;2.6
978;2021-04-12;41;76;2414;1003;6.8;2.8
978;2021-04-13;49;71;2463;1074;7.0;3.0
978;2021-04-14;82;45;2545;1119;7.2;3.2
978;2021-04-15;92;24;2637;1143;7.5;3.2
978;2021-04-16;77;42;2714;1185;7.7;3.4
978;2021-04-17;165;4;2879;1189;8.1;3.4
978;2021-04-18;0;0;2879;1189;8.1;3.4
978;2021-04-19;52;67;2931;1256;8.3;3.6
978;2021-04-20;83;27;3014;1283;8.5;3.6
978;2021-04-21;91;29;3105;1312;8.8;3.7
978;2021-04-22;101;20;3206;1332;9.1;3.8
978;2021-04-23;44;66;3250;1398;9.2;4.0
978;2021-04-24;99;78;3349;1476;9.5;4.2
978;2021-04-25;0;0;3349;1476;9.5;4.2
978;2021-04-26;28;91;3377;1567;9.6;4.4
978;2021-04-27;59;63;3436;1630;9.7;4.6
978;2021-04-28;90;39;3526;1669;10.0;4.7
978;2021-04-29;89;34;3615;1703;10.2;4.8
978;2021-04-30;104;14;3719;1717;10.5;4.9
978;2021-05-01;0;8;3719;1725;10.5;4.9
978;2021-05-02;0;0;3719;1725;10.5;4.9
978;2021-05-03;25;99;3744;1824;10.6;5.2
978;2021-05-04;159;102;3903;1926;11.0;5.5
978;2021-05-05;141;58;4044;1984;11.4;5.6
978;2021-05-06;200;49;4244;2033;12.0;5.8
978;2021-05-07;127;71;4371;2104;12.4;6.0
978;2021-05-08;69;122;4440;2226;12.6;6.3
978;2021-05-09;0;0;4440;2226;12.6;6.3
978;2021-05-10;124;99;4564;2325;12.9;6.6
978;2021-05-11;132;72;4696;2397;13.3;6.8
978;2021-05-12;156;78;4852;2475;13.7;7.0
978;2021-05-13;83;6;4935;2481;14.0;7.0
978;2021-05-14;129;62;5064;2543;14.3;7.2
978;2021-05-15;86;4;5150;2547;14.6;7.2
978;2021-05-16;0;0;5150;2547;14.6;7.2
978;2021-05-17;146;115;5296;2662;15.0;7.5
978;2021-05-18;151;94;5447;2756;15.4;7.8
978;2021-05-19;84;69;5531;2825;15.7;8.0
978;2021-05-20;103;26;5634;2851;15.9;8.1
978;2021-05-21;98;53;5732;2904;16.2;8.2
978;2021-05-22;100;11;5832;2915;16.5;8.2
978;2021-05-23;0;0;5832;2915;16.5;8.2
978;2021-05-24;33;7;5865;2922;16.6;8.3
978;2021-05-25;119;78;5984;3000;16.9;8.5
978;2021-05-26;110;50;6094;3050;17.2;8.6
978;2021-05-27;112;42;6206;3092;17.6;8.8
978;2021-05-28;33;1;6239;3093;17.7;8.8
978;2021-05-29;59;214;6298;3307;17.8;9.4
978;2021-05-30;0;0;6298;3307;17.8;9.4
978;2021-05-31;112;63;6410;3370;18.1;9.5
978;2021-06-01;114;63;6524;3433;18.5;9.7
978;2021-06-02;131;33;6655;3466;18.8;9.8
978;2021-06-03;102;38;6757;3504;19.1;9.9
978;2021-06-04;128;70;6885;3574;19.5;10.1
978;2021-06-05;83;21;6968;3595;19.7;10.2
978;2021-06-06;0;0;6968;3595;19.7;10.2
978;2021-06-07;96;96;7064;3691;20.0;10.4
978;2021-06-08;82;89;7146;3780;20.2;10.7
978;2021-06-09;99;73;7245;3853;20.5;10.9
978;2021-06-10;111;65;7356;3918;20.8;11.1
978;2021-06-11;116;108;7472;4026;21.1;11.4
978;2021-06-12;57;30;7529;4056;21.3;11.5
978;2021-06-13;0;0;7529;4056;21.3;11.5
978;2021-06-14;106;128;7635;4184;21.6;11.8
978;2021-06-15;86;119;7721;4303;21.9;12.2
978;2021-06-16;103;148;7824;4451;22.1;12.6
978;2021-06-17;84;72;7908;4523;22.4;12.8
978;2021-06-18;66;99;7974;4622;22.6;13.1
978;2021-06-19;64;79;8038;4701;22.7;13.3
978;2021-06-20;0;0;8038;4701;22.7;13.3
978;2021-06-21;78;152;8116;4853;23.0;13.7
978;2021-06-22;70;103;8186;4956;23.2;14.0
978;2021-06-23;68;115;8254;5071;23.4;14.4
978;2021-06-24;42;76;8296;5147;23.5;14.6
978;2021-06-25;63;100;8359;5247;23.7;14.8
978;2021-06-26;35;61;8394;5308;23.8;15.0
978;2021-06-27;0;0;8394;5308;23.8;15.0
978;2021-06-28;70;127;8464;5435;24.0;15.4
978;2021-06-29;59;105;8523;5540;24.1;15.7
978;2021-06-30;56;110;8579;5650;24.3;16.0
978;2021-07-01;41;87;8620;5737;24.4;16.2
978;2021-07-02;52;91;8672;5828;24.5;16.5
978;2021-07-03;40;90;8712;5918;24.7;16.7
978;2021-07-04;0;1;8712;5919;24.7;16.8
978;2021-07-05;66;93;8778;6012;24.8;17.0
978;2021-07-06;55;76;8833;6088;25.0;17.2
978;2021-07-07;55;123;8888;6211;25.2;17.6
978;2021-07-08;52;106;8940;6317;25.3;17.9
978;2021-07-09;45;93;8985;6410;25.4;18.1
978;2021-07-10;38;84;9023;6494;25.5;18.4
978;2021-07-11;0;4;9023;6498;25.5;18.4
978;2021-07-12;69;130;9092;6628;25.7;18.8
978;2021-07-13;146;162;9238;6790;26.1;19.2
978;2021-07-14;3;0;9241;6790;26.2;19.2
978;2021-07-15;161;194;9402;6984;26.6;19.8
