dep;jour;n_dose1;n_complet;n_cum_dose1;n_cum_complet;couv_dose1;couv_complet
01;2020-12-27;1;0;1;0;0.0;0.0
01;2020-12-28;0;0;1;0;0.0;0.0
01;2020-12-29;0;0;1;0;0.0;0.0
01;2020-12-30;0;0;1;0;0.0;0.0
01;2020-12-31;0;0;1;0;0.0;0.0
01;2021-01-01;1;0;2;0;0.0;0.0
01;2021-01-02;0;0;2;0;0.0;0.0
01;2021-01-03;0;0;2;0;0.0;0.0
01;2021-01-04;2;0;4;0;0.0;0.0
01;2021-01-05;2;0;6;0;0.0;0.0
01;2021-01-06;1;0;7;0;0.0;0.0
01;2021-01-07;67;0;74;0;0.0;0.0
01;2021-01-08;159;0;233;0;0.0;0.0
01;2021-01-09;2;1;235;1;0.0;0.0
01;2021-01-10;0;0;235;1;0.0;0.0
01;2021-01-11;148;0;383;1;0.1;0.0
01;2021-01-12;317;2;700;3;0.1;0.0
01;2021-01-13;444;1;1144;4;0.2;0.0
01;2021-01-14;529;3;1673;7;0.3;0.0
01;2021-01-15;397;3;2070;10;0.3;0.0
01;2021-01-16;202;0;2272;10;0.3;0.0
01;2021-01-17;128;0;2400;10;0.4;0.0
01;2021-01-18;378;1;2778;11;0.4;0.0
01;2021-01-19;1040;1;3818;12;0.6;0.0
01;2021-01-20;1261;2;5079;14;0.8;0.0
01;2021-01-21;1097;4;6176;18;0.9;0.0
01;2021-01-22;645;0;6821;18;1.0;0.0
01;2021-01-23;222;0;7043;18;1.1;0.0
01;2021-01-24;71;1;7114;19;1.1;0.0
01;2021-01-25;484;1;7598;20;1.2;0.0
01;2021-01-26;740;3;8338;23;1.3;0.0
01;2021-01-27;518;5;8856;28;1.3;0.0
01;2021-01-28;682;54;9538;82;1.5;0.0
01;2021-01-29;637;101;10175;183;1.5;0.0
01;2021-01-30;235;15;10410;198;1.6;0.0
01;2021-01-31;62;0;10472;198;1.6;0.0
01;2021-02-01;455;73;10927;271;1.7;0.0
01;2021-02-02;514;184;11441;455;1.7;0.1
01;2021-02-03;374;298;11815;753;1.8;0.1
01;2021-02-04;478;418;12293;1171;1.9;0.2
01;2021-02-05;438;280;12731;1451;1.9;0.2
01;2021-02-06;260;141;12991;1592;2.0;0.2
01;2021-02-07;2;113;12993;1705;2.0;0.3
01;2021-02-08;505;405;13498;2110;2.1;0.3
01;2021-02-09;774;859;14272;2969;2.2;0.5
01;2021-02-10;951;718;15223;3687;2.3;0.6
01;2021-02-11;790;772;16013;4459;2.4;0.7
01;2021-02-12;639;552;16652;5011;2.5;0.8
01;2021-02-13;160;149;16812;5160;2.6;0.8
01;2021-02-14;0;9;16812;5169;2.6;0.8
01;2021-02-15;437;447;17249;5616;2.6;0.9
01;2021-02-16;656;413;17905;6029;2.7;0.9
01;2021-02-17;519;247;18424;6276;2.8;1.0
01;2021-02-18;589;567;19013;6843;2.9;1.0
01;2021-02-19;578;246;19591;7089;3.0;1.1
01;2021-02-20;201;154;19792;7243;3.0;1.1
01;2021-02-21;0;1;19792;7244;3.0;1.1
01;2021-02-22;428;555;20220;7799;3.1;1.2
01;2021-02-23;482;524;20702;8323;3.2;1.3
01;2021-02-24;434;464;21136;8787;3.2;1.3
01;2021-02-25;821;608;21957;9395;3.3;1.4
01;2021-02-26;873;545;22830;9940;3.5;1.5
01;2021-02-27;480;118;23310;10058;3.5;1.5
01;2021-02-28;20;3;23330;10061;3.6;1.5
01;2021-03-01;629;456;23959;10517;3.6;1.6
01;2021-03-02;962;557;24921;11074;3.8;1.7
01;2021-03-03;936;661;25857;11735;3.9;1.8
01;2021-03-04;1198;638;27055;12373;4.1;1.9
01;2021-03-05;1354;492;28409;12865;4.3;2.0
01;2021-03-06;781;101;29190;12966;4.4;2.0
01;2021-03-07;43;1;29233;12967;4.4;2.0
01;2021-03-08;668;624;29901;13591;4.6;2.1
01;2021-03-09;1335;605;31236;14196;4.8;2.2
01;2021-03-10;1160;554;32396;14750;4.9;2.2
01;2021-03-11;1685;642;34081;15392;5.2;2.3
01;2021-03-12;2004;635;36085;16027;5.5;2.4
01;2021-03-13;1499;92;37584;16119;5.7;2.5
01;2021-03-14;132;59;37716;16178;5.7;2.5
01;2021-03-15;1157;402;38873;16580;5.9;2.5
01;2021-03-16;1009;562;39882;17142;6.1;2.6
01;2021-03-17;839;346;40721;17488;6.2;2.7
01;2021-03-18;1289;467;42010;17955;6.4;2.7
01;2021-03-19;1746;537;43756;18492;6.7;2.8
01;2021-03-20;1445;133;45201;18625;6.9;2.8
01;2021-03-21;97;11;45298;18636;6.9;2.8
01;2021-03-22;1575;493;46873;19129;7.1;2.9
01;2021-03-23;2195;646;49068;19775;7.5;3.0
01;2021-03-24;1616;412;50684;20187;7.7;3.1
01;2021-03-25;2907;632;53591;20819;8.2;3.2
01;2021-03-26;2870;612;56461;21431;8.6;3.3
01;2021-03-27;1308;154;57769;21585;8.8;3.3
01;2021-03-28;22;1;57791;21586;8.8;3.3
01;2021-03-29;1930;542;59721;22128;9.1;3.4
01;2021-03-30;2512;758;62233;22886;9.5;3.5
01;2021-03-31;1868;627;64101;23513;9.8;3.6
01;2021-04-01;2568;852;66669;24365;10.1;3.7
01;2021-04-02;2815;712;69484;25077;10.6;3.8
01;2021-04-03;1256;129;70740;25206;10.8;3.8
01;2021-04-04;2;0;70742;25206;10.8;3.8
01;2021-04-05;1260;59;72002;25265;11.0;3.8
01;2021-04-06;2818;786;74820;26051;11.4;4.0
01;2021-04-07;2739;706;77559;26757;11.8;4.1
01;2021-04-08;3241;992;80800;27749;12.3;4.2
01;2021-04-09;3987;1330;84787;29079;12.9;4.4
01;2021-04-10;1824;301;86611;29380;13.2;4.5
01;2021-04-11;44;22;86655;29402;13.2;4.5
01;2021-04-12;2713;1220;89368;30622;13.6;4.7
01;2021-04-13;2938;1317;92306;31939;14.1;4.9
01;2021-04-14;3124;1076;95430;33015;14.5;5.0
01;2021-04-15;3073;1474;98503;34489;15.0;5.2
01;2021-04-16;2861;1573;101364;36062;15.4;5.5
01;2021-04-17;1653;679;103017;36741;15.7;5.6
01;2021-04-18;13;0;103030;36741;15.7;5.6
01;2021-04-19;2039;1515;105069;38256;16.0;5.8
01;2021-04-20;2663;1569;107732;39825;16.4;6.1
01;2021-04-21;2686;1340;110418;41165;16.8;6.3
01;2021-04-22;2835;1527;113253;42692;17.2;6.5
01;2021-04-23;2761;1527;116014;44219;17.7;6.7
01;2021-04-24;1447;649;117461;44868;17.9;6.8
01;2021-04-25;9;0;117470;44868;17.9;6.8
01;2021-04-26;1970;1725;119440;46593;18.2;7.1
01;2021-04-27;2573;1553;122013;48146;18.6;7.3
01;2021-04-28;2498;1572;124511;49718;19.0;7.6
01;2021-04-29;2717;1771;127228;51489;19.4;7.8
01;2021-04-30;2982;2247;130210;53736;19.8;8.2
01;2021-05-01;1472;858;131682;54594;20.0;8.3
01;2021-05-02;546;75;132228;54669;20.1;8.3
01;2021-05-03;2293;2479;134521;57148;20.5;8.7
01;2021-05-04;2543;2654;137064;59802;20.9;9.1
01;2021-05-05;2528;2499;139592;62301;21.2;9.5
01;2021-05-06;2995;2529;142587;64830;21.7;9.9
01;2021-05-07;3218;2782;145805;67612;22.2;10.3
01;2021-05-08;1645;923;147450;68535;22.4;10.4
01;2021-05-09;1023;159;148473;68694;22.6;10.5
01;2021-05-10;2501;3072;150974;71766;23.0;10.9
01;2021-05-11;3581;3061;154555;74827;23.5;11.4
01;2021-05-12;3649;2999;158204;77826;24.1;11.8
01;2021-05-13;4086;1499;162290;79325;24.7;12.1
01;2021-05-14;4271;2344;166561;81669;25.4;12.4
01;2021-05-15;3157;1433;169718;83102;25.8;12.6
01;2021-05-16;1411;150;171129;83252;26.0;12.7
01;2021-05-17;3445;2468;174574;85720;26.6;13.0
01;2021-05-18;4075;1963;178649;87683;27.2;13.3
01;2021-05-19;3973;1904;182622;89587;27.8;13.6
01;2021-05-20;4530;2014;187152;91601;28.5;13.9
01;2021-05-21;4617;2197;191769;93798;29.2;14.3
01;2021-05-22;3369;955;195138;94753;29.7;14.4
01;2021-05-23;831;82;195969;94835;29.8;14.4
01;2021-05-24;2765;499;198734;95334;30.3;14.5
01;2021-05-25;3558;2429;202292;97763;30.8;14.9
01;2021-05-26;3571;2252;205863;100015;31.3;15.2
01;2021-05-27;3852;2099;209715;102114;31.9;15.5
01;2021-05-28;3664;2637;213379;104751;32.5;15.9
01;2021-05-29;3060;1302;216439;106053;32.9;16.1
01;2021-05-30;613;88;217052;106141;33.0;16.2
01;2021-05-31;2404;2517;219456;108658;33.4;16.5
01;2021-06-01;2767;2585;222223;111243;33.8;16.9
01;2021-06-02;2880;2200;225103;113443;34.3;17.3
01;2021-06-03;3362;2433;228465;115876;34.8;17.6
01;2021-06-04;4501;3357;232966;119233;35.5;18.1
01;2021-06-05;3251;1724;236217;120957;36.0;18.4
01;2021-06-06;670;78;236887;121035;36.1;18.4
01;2021-06-07;3389;2873;240276;123908;36.6;18.9
01;2021-06-08;3649;2709;243925;126617;37.1;19.3
01;2021-06-09;2947;2636;246872;129253;37.6;19.7
01;2021-06-10;2764;2041;249636;131294;38.0;20.0
01;2021-06-11;3069;3367;252705;134661;38.5;20.5
01;2021-06-12;2403;2198;255108;136859;38.8;20.8
01;2021-06-13;200;479;255308;137338;38.9;20.9
01;2021-06-14;2121;3166;257429;140504;39.2;21.4
01;2021-06-15;2003;3359;259432;143863;39.5;21.9
01;2021-06-16;2179;3287;261611;147150;39.8;22.4
01;2021-06-17;1957;3170;263568;150320;40.1;22.9
01;2021-06-18;2648;4163;266216;154483;40.5;23.5
01;2021-06-19;1727;2555;267943;157038;40.8;23.9
01;2021-06-20;159;497;268102;157535;40.8;24.0
01;2021-06-21;1799;3705;269901;161240;41.1;24.5
01;2021-06-22;1548;3997;271449;165237;41.3;25.2
01;2021-06-23;1585;3754;273034;168991;41.6;25.7
01;2021-06-24;1471;3566;274505;172557;41.8;26.3
01;2021-06-25;1889;4563;276394;177120;42.1;27.0
01;2021-06-26;1210;2945;277604;180065;42.3;27.4
01;2021-06-27;170;339;277774;180404;42.3;27.5
01;2021-06-28;1382;4024;279156;184428;42.5;28.1
01;2021-06-29;1411;3851;280567;188279;42.7;28.7
01;2021-06-30;1373;4158;281940;192437;42.9;29.3
01;2021-07-01;1394;4091;283334;196528;43.1;29.9
01;2021-07-02;1587;4987;284921;201515;43.4;30.7
01;2021-07-03;859;3375;285780;204890;43.5;31.2
01;2021-07-04;105;499;285885;205389;43.5;31.3
01;2021-07-05;1485;4085;287370;209474;43.7;31.9
01;2021-07-06;1105;4277;288475;213751;43.9;32.5
01;2021-07-07;1755;3698;290230;217449;44.2;33.1
01;2021-07-08;1468;3671;291698;221120;44.4;33.7
01;2021-07-09;1883;4362;293581;225482;44.7;34.3
01;2021-07-10;1117;3435;294698;228917;44.9;34.8
01;2021-07-11;105;418;294803;229335;44.9;34.9
01;2021-07-12;1416;3840;296219;233175;45.1;35.5
01;2021-07-13;2054;4118;298273;237293;45.4;36.1
01;2021-07-14;144;180;298417;237473;45.4;36.1
01;2021-07-15;3086;4194;301503;241667;45.9;36.8
01;2021-07-16;3743;4838;305246;246505;46.5;37.5
01;2021-07-17;2192;3048;307438;249553;46.8;38.0
01;2021-07-18;286;550;307724;250103;46.8;38.1
01;2021-07-19;2912;3868;310636;253971;47.3;38.7
01;2021-07-20;3288;3688;313924;257659;47.8;39.2
01;2021-07-21;3928;3563;317852;261222;48.4;39.8
01;2021-07-22;4208;3489;322060;264711;49.0;40.3
01;2021-07-23;3927;4211;325987;268922;49.6;40.9
01;2021-07-24;2727;2715;328714;271637;50.0;41.3
01;2021-07-25;58;59;328772;271696;50.0;41.4
01;2021-07-26;3333;3243;332105;274939;50.6;41.9
01;2021-07-27;4082;2786;336187;277725;51.2;42.3
01;2021-07-28;3966;2644;340153;280369;51.8;42.7
01;2021-07-29;4682;2432;344835;282801;52.5;43.0
01;2021-07-30;4439;3430;349274;286231;53.2;43.6
01;2021-07-31;3615;1774;352889;288005;53.7;43.8
01;2021-08-01;390;74;353279;288079;53.8;43.9
01;2021-08-02;3041;2444;356320;290523;54.2;44.2
01;2021-08-03;3045;2450;359365;292973;54.7;44.6
01;2021-08-04;2532;1728;361897;294701;55.1;44.9
01;2021-08-05;2232;2362;364129;297063;55.4;45.2
01;2021-08-06;2735;3111;366864;300174;55.8;45.7
01;2021-08-07;2045;1832;368909;302006;56.2;46.0
01;2021-08-08;244;256;369153;302262;56.2;46.0
01;2021-08-09;1122;2636;370275;304898;56.4;46.4
01;2021-08-10;1432;2412;371707;307310;56.6;46.8
01;2021-08-11;1459;2593;373166;309903;56.8;47.2
01;2021-08-12;1589;2811;374755;312714;57.0;47.6
01;2021-08-13;1793;2709;376548;315423;57.3;48.0
01;2021-08-14;1378;2230;377926;317653;57.5;48.4
01;2021-08-15;11;21;377937;317674;57.5;48.4
01;2021-08-16;970;3007;378907;320681;57.7;48.8
01;2021-08-17;1339;2747;380246;323428;57.9;49.2
02;2020-12-27;0;0;0;0;0.0;0.0
02;2020-12-28;0;0;0;0;0.0;0.0
02;2020-12-29;0;0;0;0;0.0;0.0
02;2020-12-30;0;0;0;0;0.0;0.0
02;2020-12-31;0;0;0;0;0.0;0.0
02;2021-01-01;0;0;0;0;0.0;0.0
02;2021-01-02;0;0;0;0;0.0;0.0
02;2021-01-03;0;0;0;0;0.0;0.0
02;2021-01-04;0;0;0;0;0.0;0.0
02;2021-01-05;0;0;0;0;0.0;0.0
02;2021-01-06;22;0;22;0;0.0;0.0
02;2021-01-07;261;2;283;2;0.1;0.0
02;2021-01-08;489;3;772;5;0.1;0.0
02;2021-01-09;74;0;846;5;0.2;0.0
02;2021-01-10;49;0;895;5;0.2;0.0
02;2021-01-11;267;0;1162;5;0.2;0.0
02;2021-01-12;355;1;1517;6;0.3;0.0
02;2021-01-13;468;4;1985;10;0.4;0.0
02;2021-01-14;651;11;2636;21;0.5;0.0
02;2021-01-15;630;7;3266;28;0.6;0.0
02;2021-01-16;333;4;3599;32;0.7;0.0
02;2021-01-17;62;0;3661;32;0.7;0.0
02;2021-01-18;810;5;4471;37;0.8;0.0
02;2021-01-19;942;5;5413;42;1.0;0.0
02;2021-01-20;1429;5;6842;47;1.3;0.0
02;2021-01-21;2598;6;9440;53;1.8;0.0
02;2021-01-22;1419;5;10859;58;2.1;0.0
02;2021-01-23;291;1;11150;59;2.1;0.0
02;2021-01-24;67;0;11217;59;2.1;0.0
02;2021-01-25;432;10;11649;69;2.2;0.0
02;2021-01-26;704;16;12353;85;2.3;0.0
02;2021-01-27;161;2;12514;87;2.4;0.0
02;2021-01-28;69;247;12583;334;2.4;0.1
02;2021-01-29;119;419;12702;753;2.4;0.1
02;2021-01-30;4;14;12706;767;2.4;0.1
02;2021-01-31;0;10;12706;777;2.4;0.1
02;2021-02-01;11;212;12717;989;2.4;0.2
02;2021-02-02;45;331;12762;1320;2.4;0.3
02;2021-02-03;124;337;12886;1657;2.4;0.3
02;2021-02-04;226;359;13112;2016;2.5;0.4
02;2021-02-05;178;418;13290;2434;2.5;0.5
02;2021-02-06;66;175;13356;2609;2.5;0.5
02;2021-02-07;9;0;13365;2609;2.5;0.5
02;2021-02-08;305;435;13670;3044;2.6;0.6
02;2021-02-09;322;680;13992;3724;2.7;0.7
02;2021-02-10;485;1046;14477;4770;2.8;0.9
02;2021-02-11;940;1907;15417;6677;2.9;1.3
02;2021-02-12;885;1123;16302;7800;3.1;1.5
02;2021-02-13;290;129;16592;7929;3.2;1.5
02;2021-02-14;1;5;16593;7934;3.2;1.5
02;2021-02-15;344;682;16937;8616;3.2;1.6
02;2021-02-16;413;569;17350;9185;3.3;1.7
02;2021-02-17;498;631;17848;9816;3.4;1.9
02;2021-02-18;507;444;18355;10260;3.5;2.0
02;2021-02-19;444;571;18799;10831;3.6;2.1
02;2021-02-20;372;233;19171;11064;3.6;2.1
02;2021-02-21;39;17;19210;11081;3.7;2.1
02;2021-02-22;377;316;19587;11397;3.7;2.2
02;2021-02-23;432;362;20019;11759;3.8;2.2
02;2021-02-24;600;146;20619;11905;3.9;2.3
02;2021-02-25;869;137;21488;12042;4.1;2.3
02;2021-02-26;808;72;22296;12114;4.2;2.3
02;2021-02-27;445;14;22741;12128;4.3;2.3
02;2021-02-28;55;2;22796;12130;4.3;2.3
02;2021-03-01;638;24;23434;12154;4.5;2.3
02;2021-03-02;1032;125;24466;12279;4.7;2.3
02;2021-03-03;754;204;25220;12483;4.8;2.4
02;2021-03-04;1162;675;26382;13158;5.0;2.5
02;2021-03-05;1048;508;27430;13666;5.2;2.6
02;2021-03-06;2138;98;29568;13764;5.6;2.6
02;2021-03-07;1504;47;31072;13811;5.9;2.6
02;2021-03-08;571;367;31643;14178;6.0;2.7
02;2021-03-09;998;403;32641;14581;6.2;2.8
02;2021-03-10;894;475;33535;15056;6.4;2.9
02;2021-03-11;1294;391;34829;15447;6.6;2.9
02;2021-03-12;1705;417;36534;15864;6.9;3.0
02;2021-03-13;2592;235;39126;16099;7.4;3.1
02;2021-03-14;1456;41;40582;16140;7.7;3.1
02;2021-03-15;613;459;41195;16599;7.8;3.2
02;2021-03-16;863;399;42058;16998;8.0;3.2
02;2021-03-17;759;454;42817;17452;8.1;3.3
02;2021-03-18;608;619;43425;18071;8.3;3.4
02;2021-03-19;1172;298;44597;18369;8.5;3.5
02;2021-03-20;2430;158;47027;18527;8.9;3.5
02;2021-03-21;1488;79;48515;18606;9.2;3.5
02;2021-03-22;761;500;49276;19106;9.4;3.6
02;2021-03-23;1194;552;50470;19658;9.6;3.7
02;2021-03-24;1582;498;52052;20156;9.9;3.8
02;2021-03-25;1693;599;53745;20755;10.2;3.9
02;2021-03-26;2410;489;56155;21244;10.7;4.0
02;2021-03-27;2495;127;58650;21371;11.1;4.1
02;2021-03-28;638;14;59288;21385;11.3;4.1
02;2021-03-29;1038;861;60326;22246;11.5;4.2
02;2021-03-30;1554;841;61880;23087;11.8;4.4
02;2021-03-31;1299;718;63179;23805;12.0;4.5
02;2021-04-01;1290;859;64469;24664;12.3;4.7
02;2021-04-02;1184;1232;65653;25896;12.5;4.9
02;2021-04-03;2647;852;68300;26748;13.0;5.1
02;2021-04-04;727;239;69027;26987;13.1;5.1
02;2021-04-05;1508;132;70535;27119;13.4;5.2
02;2021-04-06;1541;855;72076;27974;13.7;5.3
02;2021-04-07;1869;777;73945;28751;14.1;5.5
02;2021-04-08;1918;1106;75863;29857;14.4;5.7
02;2021-04-09;2434;1086;78297;30943;14.9;5.9
02;2021-04-10;2430;1210;80727;32153;15.3;6.1
02;2021-04-11;476;416;81203;32569;15.4;6.2
02;2021-04-12;1824;629;83027;33198;15.8;6.3
02;2021-04-13;1601;924;84628;34122;16.1;6.5
02;2021-04-14;2584;967;87212;35089;16.6;6.7
02;2021-04-15;2496;774;89708;35863;17.1;6.8
02;2021-04-16;2439;1127;92147;36990;17.5;7.0
02;2021-04-17;1890;2147;94037;39137;17.9;7.4
02;2021-04-18;270;814;94307;39951;17.9;7.6
02;2021-04-19;1159;633;95466;40584;18.1;7.7
02;2021-04-20;1677;764;97143;41348;18.5;7.9
02;2021-04-21;1549;992;98692;42340;18.8;8.0
02;2021-04-22;1748;703;100440;43043;19.1;8.2
02;2021-04-23;1930;1414;102370;44457;19.5;8.5
02;2021-04-24;1714;1640;104084;46097;19.8;8.8
02;2021-04-25;462;235;104546;46332;19.9;8.8
02;2021-04-26;1339;563;105885;46895;20.1;8.9
02;2021-04-27;1627;1093;107512;47988;20.4;9.1
02;2021-04-28;1592;1437;109104;49425;20.7;9.4
02;2021-04-29;1885;1179;110989;50604;21.1;9.6
02;2021-04-30;2716;1656;113705;52260;21.6;9.9
02;2021-05-01;1989;1227;115694;53487;22.0;10.2
02;2021-05-02;1983;416;117677;53903;22.4;10.2
02;2021-05-03;2225;983;119902;54886;22.8;10.4
02;2021-05-04;1524;1318;121426;56204;23.1;10.7
02;2021-05-05;2330;1843;123756;58047;23.5;11.0
02;2021-05-06;2123;1737;125879;59784;23.9;11.4
02;2021-05-07;2358;2175;128237;61959;24.4;11.8
02;2021-05-08;2920;949;131157;62908;24.9;12.0
02;2021-05-09;1822;422;132979;63330;25.3;12.0
02;2021-05-10;2374;1481;135353;64811;25.7;12.3
02;2021-05-11;2878;1575;138231;66386;26.3;12.6
02;2021-05-12;2674;1623;140905;68009;26.8;12.9
02;2021-05-13;2991;1041;143896;69050;27.4;13.1
02;2021-05-14;3380;1206;147276;70256;28.0;13.4
02;2021-05-15;4374;1090;151650;71346;28.8;13.6
02;2021-05-16;2798;211;154448;71557;29.4;13.6
02;2021-05-17;2147;663;156595;72220;29.8;13.7
02;2021-05-18;2634;974;159229;73194;30.3;13.9
02;2021-05-19;2852;994;162081;74188;30.8;14.1
02;2021-05-20;3552;1231;165633;75419;31.5;14.3
02;2021-05-21;3819;1065;169452;76484;32.2;14.5
02;2021-05-22;5848;966;175300;77450;33.3;14.7
02;2021-05-23;2659;238;177959;77688;33.8;14.8
02;2021-05-24;3542;540;181501;78228;34.5;14.9
02;2021-05-25;2260;1163;183761;79391;34.9;15.1
02;2021-05-26;3081;1497;186842;80888;35.5;15.4
02;2021-05-27;3651;1489;190493;82377;36.2;15.7
02;2021-05-28;3514;1583;194007;83960;36.9;16.0
02;2021-05-29;4081;1574;198088;85534;37.7;16.3
02;2021-05-30;1449;187;199537;85721;37.9;16.3
02;2021-05-31;2578;1195;202115;86916;38.4;16.5
02;2021-06-01;2869;1871;204984;88787;39.0;16.9
02;2021-06-02;3162;1647;208146;90434;39.6;17.2
02;2021-06-03;2857;1836;211003;92270;40.1;17.5
02;2021-06-04;3142;2059;214145;94329;40.7;17.9
02;2021-06-05;3440;1733;217585;96062;41.4;18.3
02;2021-06-06;1737;258;219322;96320;41.7;18.3
02;2021-06-07;1613;1499;220935;97819;42.0;18.6
02;2021-06-08;2063;1849;222998;99668;42.4;18.9
02;2021-06-09;2058;1650;225056;101318;42.8;19.3
02;2021-06-10;2013;1834;227069;103152;43.2;19.6
02;2021-06-11;2195;3070;229264;106222;43.6;20.2
02;2021-06-12;2312;2594;231576;108816;44.0;20.7
02;2021-06-13;683;1387;232259;110203;44.2;20.9
02;2021-06-14;1047;2392;233306;112595;44.4;21.4
02;2021-06-15;1518;2462;234824;115057;44.6;21.9
02;2021-06-16;1534;2749;236358;117806;44.9;22.4
02;2021-06-17;1783;2861;238141;120667;45.3;22.9
02;2021-06-18;2312;3569;240453;124236;45.7;23.6
02;2021-06-19;1841;3821;242294;128057;46.1;24.3
02;2021-06-20;644;1522;242938;129579;46.2;24.6
02;2021-06-21;806;3196;243744;132775;46.3;25.2
02;2021-06-22;1154;3668;244898;136443;46.6;25.9
02;2021-06-23;1226;3588;246124;140031;46.8;26.6
02;2021-06-24;1326;3149;247450;143180;47.0;27.2
02;2021-06-25;1398;4547;248848;147727;47.3;28.1
02;2021-06-26;1346;4227;250194;151954;47.6;28.9
02;2021-06-27;600;2333;250794;154287;47.7;29.3
02;2021-06-28;878;3021;251672;157308;47.8;29.9
02;2021-06-29;919;2925;252591;160233;48.0;30.5
02;2021-06-30;1510;3161;254101;163394;48.3;31.1
02;2021-07-01;1196;3590;255297;166984;48.5;31.7
02;2021-07-02;1360;5138;256657;172122;48.8;32.7
02;2021-07-03;997;5989;257654;178111;49.0;33.9
02;2021-07-04;509;2368;258163;180479;49.1;34.3
02;2021-07-05;661;3938;258824;184417;49.2;35.1
02;2021-07-06;671;3047;259495;187464;49.3;35.6
02;2021-07-07;1318;3727;260813;191191;49.6;36.3
02;2021-07-08;1392;3876;262205;195067;49.8;37.1
02;2021-07-09;1279;4218;263484;199285;50.1;37.9
02;2021-07-10;1330;4610;264814;203895;50.3;38.8
02;2021-07-11;479;1965;265293;205860;50.4;39.1
02;2021-07-12;1415;3727;266708;209587;50.7;39.8
02;2021-07-13;2066;3658;268774;213245;51.1;40.5
02;2021-07-14;1755;1596;270529;214841;51.4;40.8
02;2021-07-15;2719;3552;273248;218393;51.9;41.5
02;2021-07-16;3165;4222;276413;222615;52.5;42.3
02;2021-07-17;3559;4222;279972;226837;53.2;43.1
02;2021-07-18;2038;1616;282010;228453;53.6;43.4
02;2021-07-19;3438;3034;285448;231487;54.3;44.0
02;2021-07-20;3497;3300;288945;234787;54.9;44.6
02;2021-07-21;3902;2944;292847;237731;55.7;45.2
02;2021-07-22;3314;2809;296161;240540;56.3;45.7
02;2021-07-23;3184;3556;299345;244096;56.9;46.4
02;2021-07-24;4444;3723;303789;247819;57.7;47.1
02;2021-07-25;2186;1082;305975;248901;58.2;47.3
02;2021-07-26;3874;2246;309849;251147;58.9;47.7
02;2021-07-27;3637;2147;313486;253294;59.6;48.2
02;2021-07-28;3271;2096;316757;255390;60.2;48.5
02;2021-07-29;2570;2217;319327;257607;60.7;49.0
02;2021-07-30;3299;2304;322626;259911;61.3;49.4
02;2021-07-31;4169;2268;326795;262179;62.1;49.8
02;2021-08-01;1464;688;328259;262867;62.4;50.0
02;2021-08-02;2031;1602;330290;264469;62.8;50.3
02;2021-08-03;2523;1901;332813;266370;63.3;50.6
02;2021-08-04;2548;1696;335361;268066;63.8;51.0
02;2021-08-05;1844;2267;337205;270333;64.1;51.4
02;2021-08-06;2084;2743;339289;273076;64.5;51.9
02;2021-08-07;2511;2774;341800;275850;65.0;52.4
02;2021-08-08;1023;1568;342823;277418;65.2;52.7
02;2021-08-09;1892;2742;344715;280160;65.5;53.3
02;2021-08-10;1759;2457;346474;282617;65.9;53.7
02;2021-08-11;1473;2104;347947;284721;66.1;54.1
02;2021-08-12;1196;2323;349143;287044;66.4;54.6
02;2021-08-13;1597;2897;350740;289941;66.7;55.1
02;2021-08-14;1638;3682;352378;293623;67.0;55.8
02;2021-08-15;161;572;352539;294195;67.0;55.9
02;2021-08-16;1240;3752;353779;297947;67.3;56.6
02;2021-08-17;1387;2826;355166;300773;67.5;57.2
03;2020-12-27;0;0;0;0;0.0;0.0
03;2020-12-28;0;0;0;0;0.0;0.0
03;2020-12-29;0;0;0;0;0.0;0.0
03;2020-12-30;1;0;1;0;0.0;0.0
03;2020-12-31;0;0;1;0;0.0;0.0
03;2021-01-01;0;0;1;0;0.0;0.0
03;2021-01-02;0;0;1;0;0.0;0.0
03;2021-01-03;0;0;1;0;0.0;0.0
03;2021-01-04;0;0;1;0;0.0;0.0
03;2021-01-05;0;0;1;0;0.0;0.0
03;2021-01-06;10;0;11;0;0.0;0.0
03;2021-01-07;61;0;72;0;0.0;0.0
03;2021-01-08;146;1;218;1;0.1;0.0
03;2021-01-09;122;0;340;1;0.1;0.0
03;2021-01-10;6;0;346;1;0.1;0.0
03;2021-01-11;412;1;758;2;0.2;0.0
03;2021-01-12;631;0;1389;2;0.4;0.0
03;2021-01-13;669;2;2058;4;0.6;0.0
03;2021-01-14;861;5;2919;9;0.9;0.0
03;2021-01-15;387;3;3306;12;1.0;0.0
03;2021-01-16;278;0;3584;12;1.1;0.0
03;2021-01-17;42;0;3626;12;1.1;0.0
03;2021-01-18;878;0;4504;12;1.4;0.0
03;2021-01-19;1149;1;5653;13;1.7;0.0
03;2021-01-20;1290;4;6943;17;2.1;0.0
03;2021-01-21;1200;5;8143;22;2.5;0.0
03;2021-01-22;1116;4;9259;26;2.8;0.0
03;2021-01-23;466;0;9725;26;2.9;0.0
03;2021-01-24;0;0;9725;26;2.9;0.0
03;2021-01-25;186;0;9911;26;3.0;0.0
03;2021-01-26;679;14;10590;40;3.2;0.0
03;2021-01-27;695;11;11285;51;3.4;0.0
03;2021-01-28;1020;45;12305;96;3.7;0.0
03;2021-01-29;856;81;13161;177;4.0;0.1
03;2021-01-30;600;2;13761;179;4.2;0.1
03;2021-01-31;0;0;13761;179;4.2;0.1
03;2021-02-01;160;76;13921;255;4.2;0.1
03;2021-02-02;767;269;14688;524;4.4;0.2
03;2021-02-03;1056;493;15744;1017;4.8;0.3
03;2021-02-04;1548;634;17292;1651;5.2;0.5
03;2021-02-05;947;317;18239;1968;5.5;0.6
03;2021-02-06;152;13;18391;1981;5.6;0.6
03;2021-02-07;5;0;18396;1981;5.6;0.6
03;2021-02-08;128;56;18524;2037;5.6;0.6
03;2021-02-09;612;444;19136;2481;5.8;0.7
03;2021-02-10;485;344;19621;2825;5.9;0.9
03;2021-02-11;1026;581;20647;3406;6.2;1.0
03;2021-02-12;1075;548;21722;3954;6.6;1.2
03;2021-02-13;126;168;21848;4122;6.6;1.2
03;2021-02-14;0;1;21848;4123;6.6;1.2
03;2021-02-15;309;862;22157;4985;6.7;1.5
03;2021-02-16;547;1172;22704;6157;6.9;1.9
03;2021-02-17;453;1362;23157;7519;7.0;2.3
03;2021-02-18;368;1273;23525;8792;7.1;2.7
03;2021-02-19;496;795;24021;9587;7.3;2.9
03;2021-02-20;128;183;24149;9770;7.3;2.9
03;2021-02-21;2;1;24151;9771;7.3;2.9
03;2021-02-22;159;204;24310;9975;7.3;3.0
03;2021-02-23;721;951;25031;10926;7.6;3.3
03;2021-02-24;609;1020;25640;11946;7.7;3.6
03;2021-02-25;1089;1834;26729;13780;8.1;4.2
03;2021-02-26;820;1377;27549;15157;8.3;4.6
03;2021-02-27;96;258;27645;15415;8.3;4.7
03;2021-02-28;0;15;27645;15430;8.3;4.7
03;2021-03-01;178;240;27823;15670;8.4;4.7
03;2021-03-02;818;661;28641;16331;8.6;4.9
03;2021-03-03;893;448;29534;16779;8.9;5.1
03;2021-03-04;1533;587;31067;17366;9.4;5.2
03;2021-03-05;1120;728;32187;18094;9.7;5.5
03;2021-03-06;915;112;33102;18206;10.0;5.5
03;2021-03-07;2;0;33104;18206;10.0;5.5
03;2021-03-08;239;245;33343;18451;10.1;5.6
03;2021-03-09;1016;439;34359;18890;10.4;5.7
03;2021-03-10;941;551;35300;19441;10.7;5.9
03;2021-03-11;1678;650;36978;20091;11.2;6.1
03;2021-03-12;1302;867;38280;20958;11.6;6.3
03;2021-03-13;862;109;39142;21067;11.8;6.4
03;2021-03-14;2;9;39144;21076;11.8;6.4
03;2021-03-15;250;200;39394;21276;11.9;6.4
03;2021-03-16;650;403;40044;21679;12.1;6.5
03;2021-03-17;1302;444;41346;22123;12.5;6.7
03;2021-03-18;1719;391;43065;22514;13.0;6.8
03;2021-03-19;1729;360;44794;22874;13.5;6.9
03;2021-03-20;301;24;45095;22898;13.6;6.9
03;2021-03-21;0;0;45095;22898;13.6;6.9
03;2021-03-22;222;396;45317;23294;13.7;7.0
03;2021-03-23;1355;354;46672;23648;14.1;7.1
03;2021-03-24;1822;351;48494;23999;14.6;7.2
03;2021-03-25;2366;563;50860;24562;15.4;7.4
03;2021-03-26;2236;443;53096;25005;16.0;7.5
03;2021-03-27;817;21;53913;25026;16.3;7.6
03;2021-03-28;1;39;53914;25065;16.3;7.6
03;2021-03-29;659;176;54573;25241;16.5;7.6
03;2021-03-30;1907;448;56480;25689;17.0;7.8
03;2021-03-31;1014;986;57494;26675;17.4;8.1
03;2021-04-01;1338;1094;58832;27769;17.8;8.4
03;2021-04-02;1705;613;60537;28382;18.3;8.6
03;2021-04-03;366;97;60903;28479;18.4;8.6
03;2021-04-04;2;0;60905;28479;18.4;8.6
03;2021-04-05;18;14;60923;28493;18.4;8.6
03;2021-04-06;1072;410;61995;28903;18.7;8.7
03;2021-04-07;1562;518;63557;29421;19.2;8.9
03;2021-04-08;2121;482;65678;29903;19.8;9.0
03;2021-04-09;2058;1160;67736;31063;20.4;9.4
03;2021-04-10;1013;73;68749;31136;20.8;9.4
03;2021-04-11;478;9;69227;31145;20.9;9.4
03;2021-04-12;985;226;70212;31371;21.2;9.5
03;2021-04-13;1873;977;72085;32348;21.8;9.8
03;2021-04-14;2337;1220;74422;33568;22.5;10.1
03;2021-04-15;2621;1399;77043;34967;23.3;10.6
03;2021-04-16;2835;1174;79878;36141;24.1;10.9
03;2021-04-17;1082;436;80960;36577;24.4;11.0
03;2021-04-18;0;0;80960;36577;24.4;11.0
03;2021-04-19;1191;588;82151;37165;24.8;11.2
03;2021-04-20;1749;1275;83900;38440;25.3;11.6
03;2021-04-21;1122;1294;85022;39734;25.7;12.0
03;2021-04-22;1673;992;86695;40726;26.2;12.3
03;2021-04-23;2478;1262;89173;41988;26.9;12.7
03;2021-04-24;1301;919;90474;42907;27.3;13.0
03;2021-04-25;350;16;90824;42923;27.4;13.0
03;2021-04-26;1331;462;92155;43385;27.8;13.1
03;2021-04-27;1767;1521;93922;44906;28.3;13.6
03;2021-04-28;1930;1119;95852;46025;28.9;13.9
03;2021-04-29;2372;1239;98224;47264;29.6;14.3
03;2021-04-30;1931;806;100155;48070;30.2;14.5
03;2021-05-01;437;489;100592;48559;30.4;14.7
03;2021-05-02;2;1;100594;48560;30.4;14.7
03;2021-05-03;1911;771;102505;49331;30.9;14.9
03;2021-05-04;2843;1629;105348;50960;31.8;15.4
03;2021-05-05;2603;1318;107951;52278;32.6;15.8
03;2021-05-06;3095;2010;111046;54288;33.5;16.4
03;2021-05-07;4727;1788;115773;56076;34.9;16.9
03;2021-05-08;661;380;116434;56456;35.1;17.0
03;2021-05-09;49;511;116483;56967;35.2;17.2
03;2021-05-10;1891;1463;118374;58430;35.7;17.6
03;2021-05-11;3899;1837;122273;60267;36.9;18.2
03;2021-05-12;2970;1522;125243;61789;37.8;18.6
03;2021-05-13;4381;407;129624;62196;39.1;18.8
03;2021-05-14;3655;1695;133279;63891;40.2;19.3
03;2021-05-15;1942;491;135221;64382;40.8;19.4
03;2021-05-16;517;57;135738;64439;41.0;19.4
03;2021-05-17;1276;863;137014;65302;41.4;19.7
03;2021-05-18;3071;1502;140085;66804;42.3;20.2
03;2021-05-19;2622;966;142707;67770;43.1;20.5
03;2021-05-20;3331;1136;146038;68906;44.1;20.8
03;2021-05-21;4195;1286;150233;70192;45.3;21.2
03;2021-05-22;2012;360;152245;70552;46.0;21.3
03;2021-05-23;641;73;152886;70625;46.1;21.3
03;2021-05-24;2655;215;155541;70840;46.9;21.4
03;2021-05-25;3071;1689;158612;72529;47.9;21.9
03;2021-05-26;2338;1042;160950;73571;48.6;22.2
03;2021-05-27;2945;1125;163895;74696;49.5;22.5
03;2021-05-28;3844;2276;167739;76972;50.6;23.2
03;2021-05-29;1748;599;169487;77571;51.2;23.4
03;2021-05-30;242;23;169729;77594;51.2;23.4
03;2021-05-31;694;571;170423;78165;51.4;23.6
03;2021-06-01;2303;2345;172726;80510;52.1;24.3
03;2021-06-02;1534;1749;174260;82259;52.6;24.8
03;2021-06-03;2059;2753;176319;85012;53.2;25.7
03;2021-06-04;1699;2505;178018;87517;53.7;26.4
03;2021-06-05;1076;1141;179094;88658;54.1;26.8
03;2021-06-06;59;7;179153;88665;54.1;26.8
03;2021-06-07;784;1814;179937;90479;54.3;27.3
03;2021-06-08;1456;2551;181393;93030;54.7;28.1
03;2021-06-09;1267;1875;182660;94905;55.1;28.6
03;2021-06-10;1380;2123;184040;97028;55.5;29.3
03;2021-06-11;1503;3449;185543;100477;56.0;30.3
03;2021-06-12;831;823;186374;101300;56.3;30.6
03;2021-06-13;20;10;186394;101310;56.3;30.6
03;2021-06-14;381;2177;186775;103487;56.4;31.2
03;2021-06-15;1316;3837;188091;107324;56.8;32.4
03;2021-06-16;788;2887;188879;110211;57.0;33.3
03;2021-06-17;1083;3333;189962;113544;57.3;34.3
03;2021-06-18;1113;3980;191075;117524;57.7;35.5
03;2021-06-19;641;1617;191716;119141;57.9;36.0
03;2021-06-20;20;8;191736;119149;57.9;36.0
03;2021-06-21;462;2637;192198;121786;58.0;36.8
03;2021-06-22;1026;4004;193224;125790;58.3;38.0
03;2021-06-23;716;3284;193940;129074;58.5;39.0
03;2021-06-24;983;3863;194923;132937;58.8;40.1
03;2021-06-25;1017;3893;195940;136830;59.1;41.3
03;2021-06-26;513;2040;196453;138870;59.3;41.9
03;2021-06-27;65;486;196518;139356;59.3;42.1
03;2021-06-28;637;2099;197155;141455;59.5;42.7
03;2021-06-29;1026;3329;198181;144784;59.8;43.7
03;2021-06-30;833;3116;199014;147900;60.1;44.6
03;2021-07-01;985;2938;199999;150838;60.4;45.5
03;2021-07-02;920;4095;200919;154933;60.6;46.8
03;2021-07-03;487;1884;201406;156817;60.8;47.3
03;2021-07-04;19;332;201425;157149;60.8;47.4
03;2021-07-05;817;2378;202242;159527;61.0;48.1
03;2021-07-06;1168;3460;203410;162987;61.4;49.2
03;2021-07-07;805;2616;204215;165603;61.6;50.0
03;2021-07-08;1056;3039;205271;168642;62.0;50.9
03;2021-07-09;1469;3628;206740;172270;62.4;52.0
03;2021-07-10;510;1926;207250;174196;62.6;52.6
03;2021-07-11;61;492;207311;174688;62.6;52.7
03;2021-07-12;930;1150;208241;175838;62.9;53.1
03;2021-07-13;2613;3154;210854;178992;63.6;54.0
03;2021-07-14;195;24;211049;179016;63.7;54.0
03;2021-07-15;2612;2455;213661;181471;64.5;54.8
03;2021-07-16;2735;2276;216396;183747;65.3;55.5
03;2021-07-17;1030;1626;217426;185373;65.6;56.0
03;2021-07-18;31;6;217457;185379;65.6;56.0
03;2021-07-19;2391;1274;219848;186653;66.4;56.3
03;2021-07-20;3073;3036;222921;189689;67.3;57.3
03;2021-07-21;3209;1434;226130;191123;68.3;57.7
03;2021-07-22;2848;1881;228978;193004;69.1;58.3
03;2021-07-23;3200;1297;232178;194301;70.1;58.6
03;2021-07-24;588;581;232766;194882;70.3;58.8
03;2021-07-25;17;5;232783;194887;70.3;58.8
03;2021-07-26;2038;1581;234821;196468;70.9;59.3
03;2021-07-27;3310;2224;238131;198692;71.9;60.0
03;2021-07-28;2704;1113;240835;199805;72.7;60.3
03;2021-07-29;2484;1661;243319;201466;73.4;60.8
03;2021-07-30;2118;1445;245437;202911;74.1;61.2
03;2021-07-31;960;891;246397;203802;74.4;61.5
03;2021-08-01;13;20;246410;203822;74.4;61.5
03;2021-08-02;1661;1604;248071;205426;74.9;62.0
03;2021-08-03;2214;2779;250285;208205;75.5;62.8
03;2021-08-04;2186;884;252471;209089;76.2;63.1
03;2021-08-05;1255;1936;253726;211025;76.6;63.7
03;2021-08-06;1279;1025;255005;212050;77.0;64.0
03;2021-08-07;606;492;255611;212542;77.2;64.2
03;2021-08-08;65;29;255676;212571;77.2;64.2
03;2021-08-09;598;1305;256274;213876;77.4;64.6
03;2021-08-10;1659;3464;257933;217340;77.9;65.6
03;2021-08-11;1331;2527;259264;219867;78.3;66.4
03;2021-08-12;1132;3513;260396;223380;78.6;67.4
03;2021-08-13;662;1045;261058;224425;78.8;67.7
03;2021-08-14;379;561;261437;224986;78.9;67.9
03;2021-08-15;9;61;261446;225047;78.9;67.9
03;2021-08-16;713;2692;262159;227739;79.1;68.7
03;2021-08-17;1077;3216;263236;230955;79.5;69.7
04;2020-12-27;0;0;0;0;0.0;0.0
04;2020-12-28;1;0;1;0;0.0;0.0
04;2020-12-29;0;0;1;0;0.0;0.0
04;2020-12-30;0;0;1;0;0.0;0.0
04;2020-12-31;0;0;1;0;0.0;0.0
04;2021-01-01;0;0;1;0;0.0;0.0
04;2021-01-02;0;0;1;0;0.0;0.0
04;2021-01-03;0;0;1;0;0.0;0.0
04;2021-01-04;0;0;1;0;0.0;0.0
04;2021-01-05;4;0;5;0;0.0;0.0
04;2021-01-06;0;0;5;0;0.0;0.0
04;2021-01-07;61;0;66;0;0.0;0.0
04;2021-01-08;88;0;154;0;0.1;0.0
04;2021-01-09;57;0;211;0;0.1;0.0
04;2021-01-10;0;0;211;0;0.1;0.0
04;2021-01-11;77;0;288;0;0.2;0.0
04;2021-01-12;419;1;707;1;0.4;0.0
04;2021-01-13;245;1;952;2;0.6;0.0
04;2021-01-14;90;2;1042;4;0.6;0.0
04;2021-01-15;165;4;1207;8;0.7;0.0
04;2021-01-16;105;2;1312;10;0.8;0.0
04;2021-01-17;14;0;1326;10;0.8;0.0
04;2021-01-18;236;9;1562;19;0.9;0.0
04;2021-01-19;466;4;2028;23;1.2;0.0
04;2021-01-20;572;9;2600;32;1.6;0.0
04;2021-01-21;612;6;3212;38;1.9;0.0
04;2021-01-22;638;1;3850;39;2.3;0.0
04;2021-01-23;111;0;3961;39;2.4;0.0
04;2021-01-24;0;0;3961;39;2.4;0.0
04;2021-01-25;240;0;4201;39;2.5;0.0
04;2021-01-26;656;1;4857;40;2.9;0.0
04;2021-01-27;480;0;5337;40;3.2;0.0
04;2021-01-28;665;22;6002;62;3.6;0.0
04;2021-01-29;367;41;6369;103;3.9;0.1
04;2021-01-30;65;41;6434;144;3.9;0.1
04;2021-01-31;1;5;6435;149;3.9;0.1
04;2021-02-01;254;149;6689;298;4.0;0.2
04;2021-02-02;560;225;7249;523;4.4;0.3
04;2021-02-03;368;161;7617;684;4.6;0.4
04;2021-02-04;356;53;7973;737;4.8;0.4
04;2021-02-05;379;222;8352;959;5.1;0.6
04;2021-02-06;50;95;8402;1054;5.1;0.6
04;2021-02-07;2;22;8404;1076;5.1;0.7
04;2021-02-08;163;71;8567;1147;5.2;0.7
04;2021-02-09;193;144;8760;1291;5.3;0.8
04;2021-02-10;252;171;9012;1462;5.5;0.9
04;2021-02-11;364;291;9376;1753;5.7;1.1
04;2021-02-12;293;317;9669;2070;5.9;1.3
04;2021-02-13;26;94;9695;2164;5.9;1.3
04;2021-02-14;0;0;9695;2164;5.9;1.3
04;2021-02-15;31;164;9726;2328;5.9;1.4
04;2021-02-16;80;519;9806;2847;5.9;1.7
04;2021-02-17;67;434;9873;3281;6.0;2.0
04;2021-02-18;45;614;9918;3895;6.0;2.4
04;2021-02-19;52;377;9970;4272;6.0;2.6
04;2021-02-20;5;71;9975;4343;6.0;2.6
04;2021-02-21;0;0;9975;4343;6.0;2.6
04;2021-02-22;7;298;9982;4641;6.0;2.8
04;2021-02-23;19;595;10001;5236;6.1;3.2
04;2021-02-24;38;432;10039;5668;6.1;3.4
04;2021-02-25;72;378;10111;6046;6.1;3.7
04;2021-02-26;215;332;10326;6378;6.3;3.9
04;2021-02-27;179;74;10505;6452;6.4;3.9
04;2021-02-28;1;0;10506;6452;6.4;3.9
04;2021-03-01;18;74;10524;6526;6.4;4.0
04;2021-03-02;135;41;10659;6567;6.5;4.0
04;2021-03-03;375;643;11034;7210;6.7;4.4
04;2021-03-04;208;491;11242;7701;6.8;4.7
04;2021-03-05;236;360;11478;8061;6.9;4.9
04;2021-03-06;912;74;12390;8135;7.5;4.9
04;2021-03-07;498;23;12888;8158;7.8;4.9
04;2021-03-08;45;83;12933;8241;7.8;5.0
04;2021-03-09;215;257;13148;8498;8.0;5.1
04;2021-03-10;400;373;13548;8871;8.2;5.4
04;2021-03-11;495;341;14043;9212;8.5;5.6
04;2021-03-12;699;205;14742;9417;8.9;5.7
04;2021-03-13;1087;61;15829;9478;9.6;5.7
04;2021-03-14;459;3;16288;9481;9.9;5.7
04;2021-03-15;93;14;16381;9495;9.9;5.7
04;2021-03-16;74;9;16455;9504;10.0;5.8
04;2021-03-17;532;77;16987;9581;10.3;5.8
04;2021-03-18;815;24;17802;9605;10.8;5.8
04;2021-03-19;724;32;18526;9637;11.2;5.8
04;2021-03-20;159;3;18685;9640;11.3;5.8
04;2021-03-21;0;0;18685;9640;11.3;5.8
04;2021-03-22;105;12;18790;9652;11.4;5.8
04;2021-03-23;244;7;19034;9659;11.5;5.8
04;2021-03-24;1023;51;20057;9710;12.1;5.9
04;2021-03-25;1326;45;21383;9755;12.9;5.9
04;2021-03-26;1448;66;22831;9821;13.8;5.9
04;2021-03-27;266;19;23097;9840;14.0;6.0
04;2021-03-28;2;0;23099;9840;14.0;6.0
04;2021-03-29;680;13;23779;9853;14.4;6.0
04;2021-03-30;1085;147;24864;10000;15.1;6.1
04;2021-03-31;1327;103;26191;10103;15.9;6.1
04;2021-04-01;1132;125;27323;10228;16.5;6.2
04;2021-04-02;1184;110;28507;10338;17.3;6.3
04;2021-04-03;250;20;28757;10358;17.4;6.3
04;2021-04-04;1;0;28758;10358;17.4;6.3
04;2021-04-05;35;1;28793;10359;17.4;6.3
04;2021-04-06;928;146;29721;10505;18.0;6.4
04;2021-04-07;882;433;30603;10938;18.5;6.6
04;2021-04-08;926;697;31529;11635;19.1;7.0
04;2021-04-09;678;420;32207;12055;19.5;7.3
04;2021-04-10;231;192;32438;12247;19.6;7.4
04;2021-04-11;153;65;32591;12312;19.7;7.5
04;2021-04-12;594;100;33185;12412;20.1;7.5
04;2021-04-13;1190;239;34375;12651;20.8;7.7
04;2021-04-14;993;499;35368;13150;21.4;8.0
04;2021-04-15;921;672;36289;13822;22.0;8.4
04;2021-04-16;819;457;37108;14279;22.5;8.6
04;2021-04-17;211;69;37319;14348;22.6;8.7
04;2021-04-18;0;13;37319;14361;22.6;8.7
04;2021-04-19;338;290;37657;14651;22.8;8.9
04;2021-04-20;1005;445;38662;15096;23.4;9.1
04;2021-04-21;656;746;39318;15842;23.8;9.6
04;2021-04-22;759;854;40077;16696;24.3;10.1
04;2021-04-23;695;536;40772;17232;24.7;10.4
04;2021-04-24;165;65;40937;17297;24.8;10.5
04;2021-04-25;0;0;40937;17297;24.8;10.5
04;2021-04-26;172;612;41109;17909;24.9;10.8
04;2021-04-27;395;967;41504;18876;25.1;11.4
04;2021-04-28;432;1089;41936;19965;25.4;12.1
04;2021-04-29;687;1126;42623;21091;25.8;12.8
04;2021-04-30;436;849;43059;21940;26.1;13.3
04;2021-05-01;104;22;43163;21962;26.1;13.3
04;2021-05-02;8;131;43171;22093;26.1;13.4
04;2021-05-03;151;552;43322;22645;26.2;13.7
04;2021-05-04;564;839;43886;23484;26.6;14.2
04;2021-05-05;514;930;44400;24414;26.9;14.8
04;2021-05-06;1162;590;45562;25004;27.6;15.1
04;2021-05-07;657;762;46219;25766;28.0;15.6
04;2021-05-08;48;98;46267;25864;28.0;15.7
04;2021-05-09;0;0;46267;25864;28.0;15.7
04;2021-05-10;466;296;46733;26160;28.3;15.8
04;2021-05-11;1202;907;47935;27067;29.0;16.4
04;2021-05-12;1388;739;49323;27806;29.9;16.8
04;2021-05-13;378;130;49701;27936;30.1;16.9
04;2021-05-14;440;295;50141;28231;30.4;17.1
04;2021-05-15;99;163;50240;28394;30.4;17.2
04;2021-05-16;4;6;50244;28400;30.4;17.2
04;2021-05-17;155;298;50399;28698;30.5;17.4
04;2021-05-18;392;976;50791;29674;30.7;18.0
04;2021-05-19;772;689;51563;30363;31.2;18.4
04;2021-05-20;1258;551;52821;30914;32.0;18.7
04;2021-05-21;852;787;53673;31701;32.5;19.2
04;2021-05-22;105;146;53778;31847;32.6;19.3
04;2021-05-23;1;1;53779;31848;32.6;19.3
04;2021-05-24;1;36;53780;31884;32.6;19.3
04;2021-05-25;868;596;54648;32480;33.1;19.7
04;2021-05-26;1048;788;55696;33268;33.7;20.1
04;2021-05-27;1357;632;57053;33900;34.5;20.5
04;2021-05-28;1119;658;58172;34558;35.2;20.9
04;2021-05-29;89;397;58261;34955;35.3;21.2
04;2021-05-30;3;1;58264;34956;35.3;21.2
04;2021-05-31;421;417;58685;35373;35.5;21.4
04;2021-06-01;642;637;59327;36010;35.9;21.8
04;2021-06-02;871;1063;60198;37073;36.4;22.4
04;2021-06-03;1196;853;61394;37926;37.2;23.0
04;2021-06-04;977;780;62371;38706;37.8;23.4
04;2021-06-05;142;201;62513;38907;37.8;23.6
04;2021-06-06;7;13;62520;38920;37.8;23.6
04;2021-06-07;564;318;63084;39238;38.2;23.8
04;2021-06-08;843;596;63927;39834;38.7;24.1
04;2021-06-09;1149;689;65076;40523;39.4;24.5
04;2021-06-10;1147;588;66223;41111;40.1;24.9
04;2021-06-11;945;611;67168;41722;40.7;25.3
04;2021-06-12;212;148;67380;41870;40.8;25.3
04;2021-06-13;1;1;67381;41871;40.8;25.3
04;2021-06-14;478;304;67859;42175;41.1;25.5
04;2021-06-15;645;1002;68504;43177;41.5;26.1
04;2021-06-16;1021;786;69525;43963;42.1;26.6
04;2021-06-17;1001;961;70526;44924;42.7;27.2
04;2021-06-18;765;885;71291;45809;43.2;27.7
04;2021-06-19;40;85;71331;45894;43.2;27.8
04;2021-06-20;7;9;71338;45903;43.2;27.8
04;2021-06-21;306;614;71644;46517;43.4;28.2
04;2021-06-22;361;1308;72005;47825;43.6;29.0
04;2021-06-23;475;1313;72480;49138;43.9;29.7
04;2021-06-24;852;819;73332;49957;44.4;30.2
04;2021-06-25;462;637;73794;50594;44.7;30.6
04;2021-06-26;56;129;73850;50723;44.7;30.7
04;2021-06-27;4;4;73854;50727;44.7;30.7
04;2021-06-28;159;341;74013;51068;44.8;30.9
04;2021-06-29;370;835;74383;51903;45.0;31.4
04;2021-06-30;543;1121;74926;53024;45.4;32.1
04;2021-07-01;579;1215;75505;54239;45.7;32.8
04;2021-07-02;556;1089;76061;55328;46.0;33.5
04;2021-07-03;65;162;76126;55490;46.1;33.6
04;2021-07-04;6;6;76132;55496;46.1;33.6
04;2021-07-05;106;297;76238;55793;46.1;33.8
04;2021-07-06;505;1383;76743;57176;46.5;34.6
04;2021-07-07;493;1343;77236;58519;46.8;35.4
04;2021-07-08;724;1358;77960;59877;47.2;36.2
04;2021-07-09;580;1062;78540;60939;47.5;36.9
04;2021-07-10;92;177;78632;61116;47.6;37.0
04;2021-07-11;0;21;78632;61137;47.6;37.0
04;2021-07-12;127;651;78759;61788;47.7;37.4
04;2021-07-13;880;1542;79639;63330;48.2;38.3
04;2021-07-14;26;43;79665;63373;48.2;38.4
04;2021-07-15;1217;1734;80882;65107;49.0;39.4
04;2021-07-16;1080;1116;81962;66223;49.6;40.1
04;2021-07-17;444;232;82406;66455;49.9;40.2
04;2021-07-18;114;18;82520;66473;50.0;40.2
04;2021-07-19;483;654;83003;67127;50.2;40.6
04;2021-07-20;1312;1459;84315;68586;51.0;41.5
04;2021-07-21;1123;1166;85438;69752;51.7;42.2
04;2021-07-22;1501;1369;86939;71121;52.6;43.1
04;2021-07-23;1147;1140;88086;72261;53.3;43.7
04;2021-07-24;681;213;88767;72474;53.7;43.9
04;2021-07-25;42;20;88809;72494;53.8;43.9
04;2021-07-26;441;638;89250;73132;54.0;44.3
04;2021-07-27;1362;1044;90612;74176;54.9;44.9
04;2021-07-28;1068;1037;91680;75213;55.5;45.5
04;2021-07-29;1547;1302;93227;76515;56.4;46.3
04;2021-07-30;1244;921;94471;77436;57.2;46.9
04;2021-07-31;252;176;94723;77612;57.3;47.0
04;2021-08-01;48;19;94771;77631;57.4;47.0
04;2021-08-02;136;111;94907;77742;57.5;47.1
04;2021-08-03;1340;1113;96247;78855;58.3;47.7
04;2021-08-04;1171;859;97418;79714;59.0;48.3
04;2021-08-05;1186;735;98604;80449;59.7;48.7
04;2021-08-06;516;396;99120;80845;60.0;48.9
04;2021-08-07;159;162;99279;81007;60.1;49.0
04;2021-08-08;25;12;99304;81019;60.1;49.0
04;2021-08-09;104;119;99408;81138;60.2;49.1
04;2021-08-10;653;976;100061;82114;60.6;49.7
04;2021-08-11;1143;1019;101204;83133;61.3;50.3
04;2021-08-12;1115;1287;102319;84420;61.9;51.1
04;2021-08-13;434;378;102753;84798;62.2;51.3
04;2021-08-14;99;71;102852;84869;62.3;51.4
04;2021-08-15;0;0;102852;84869;62.3;51.4
04;2021-08-16;101;134;102953;85003;62.3;51.5
04;2021-08-17;468;1009;103421;86012;62.6;52.1
05;2020-12-27;0;0;0;0;0.0;0.0
05;2020-12-28;1;0;1;0;0.0;0.0
05;2020-12-29;1;0;2;0;0.0;0.0
05;2020-12-30;2;0;4;0;0.0;0.0
05;2020-12-31;0;0;4;0;0.0;0.0
05;2021-01-01;2;0;6;0;0.0;0.0
05;2021-01-02;2;0;8;0;0.0;0.0
05;2021-01-03;1;0;9;0;0.0;0.0
05;2021-01-04;2;0;11;0;0.0;0.0
05;2021-01-05;0;0;11;0;0.0;0.0
05;2021-01-06;21;0;32;0;0.0;0.0
05;2021-01-07;128;0;160;0;0.1;0.0
05;2021-01-08;146;0;306;0;0.2;0.0
05;2021-01-09;11;0;317;0;0.2;0.0
05;2021-01-10;0;0;317;0;0.2;0.0
05;2021-01-11;44;0;361;0;0.3;0.0
05;2021-01-12;105;0;466;0;0.3;0.0
05;2021-01-13;140;0;606;0;0.4;0.0
05;2021-01-14;167;0;773;0;0.5;0.0
05;2021-01-15;128;1;901;1;0.6;0.0
05;2021-01-16;13;0;914;1;0.6;0.0
05;2021-01-17;0;0;914;1;0.6;0.0
05;2021-01-18;226;1;1140;2;0.8;0.0
05;2021-01-19;228;0;1368;2;1.0;0.0
05;2021-01-20;213;0;1581;2;1.1;0.0
05;2021-01-21;255;0;1836;2;1.3;0.0
05;2021-01-22;195;1;2031;3;1.4;0.0
05;2021-01-23;112;0;2143;3;1.5;0.0
05;2021-01-24;0;0;2143;3;1.5;0.0
05;2021-01-25;316;0;2459;3;1.7;0.0
05;2021-01-26;486;0;2945;3;2.1;0.0
05;2021-01-27;389;4;3334;7;2.4;0.0
05;2021-01-28;363;56;3697;63;2.6;0.0
05;2021-01-29;363;113;4060;176;2.9;0.1
05;2021-01-30;97;9;4157;185;2.9;0.1
05;2021-01-31;4;0;4161;185;2.9;0.1
05;2021-02-01;176;21;4337;206;3.1;0.1
05;2021-02-02;186;122;4523;328;3.2;0.2
05;2021-02-03;207;65;4730;393;3.3;0.3
05;2021-02-04;197;126;4927;519;3.5;0.4
05;2021-02-05;183;111;5110;630;3.6;0.4
05;2021-02-06;75;24;5185;654;3.7;0.5
05;2021-02-07;0;5;5185;659;3.7;0.5
05;2021-02-08;84;124;5269;783;3.7;0.6
05;2021-02-09;97;118;5366;901;3.8;0.6
05;2021-02-10;81;178;5447;1079;3.8;0.8
05;2021-02-11;87;138;5534;1217;3.9;0.9
05;2021-02-12;84;150;5618;1367;4.0;1.0
05;2021-02-13;75;32;5693;1399;4.0;1.0
05;2021-02-14;0;0;5693;1399;4.0;1.0
05;2021-02-15;97;191;5790;1590;4.1;1.1
05;2021-02-16;111;286;5901;1876;4.2;1.3
05;2021-02-17;136;231;6037;2107;4.3;1.5
05;2021-02-18;155;300;6192;2407;4.4;1.7
05;2021-02-19;158;323;6350;2730;4.5;1.9
05;2021-02-20;31;87;6381;2817;4.5;2.0
05;2021-02-21;0;0;6381;2817;4.5;2.0
05;2021-02-22;70;245;6451;3062;4.6;2.2
05;2021-02-23;18;239;6469;3301;4.6;2.3
05;2021-02-24;20;196;6489;3497;4.6;2.5
05;2021-02-25;56;177;6545;3674;4.6;2.6
05;2021-02-26;145;214;6690;3888;4.7;2.7
05;2021-02-27;65;171;6755;4059;4.8;2.9
05;2021-02-28;11;0;6766;4059;4.8;2.9
05;2021-03-01;93;170;6859;4229;4.8;3.0
05;2021-03-02;92;198;6951;4427;4.9;3.1
05;2021-03-03;112;232;7063;4659;5.0;3.3
05;2021-03-04;242;166;7305;4825;5.2;3.4
05;2021-03-05;578;193;7883;5018;5.6;3.5
05;2021-03-06;668;58;8551;5076;6.0;3.6
05;2021-03-07;515;19;9066;5095;6.4;3.6
05;2021-03-08;556;137;9622;5232;6.8;3.7
05;2021-03-09;519;161;10141;5393;7.2;3.8
05;2021-03-10;497;143;10638;5536;7.5;3.9
05;2021-03-11;374;137;11012;5673;7.8;4.0
05;2021-03-12;435;90;11447;5763;8.1;4.1
05;2021-03-13;795;93;12242;5856;8.6;4.1
05;2021-03-14;669;8;12911;5864;9.1;4.1
05;2021-03-15;354;125;13265;5989;9.4;4.2
05;2021-03-16;148;143;13413;6132;9.5;4.3
05;2021-03-17;262;121;13675;6253;9.6;4.4
05;2021-03-18;364;35;14039;6288;9.9;4.4
05;2021-03-19;450;59;14489;6347;10.2;4.5
05;2021-03-20;167;32;14656;6379;10.3;4.5
05;2021-03-21;1;0;14657;6379;10.3;4.5
05;2021-03-22;716;34;15373;6413;10.8;4.5
05;2021-03-23;804;13;16177;6426;11.4;4.5
05;2021-03-24;790;76;16967;6502;12.0;4.6
05;2021-03-25;901;58;17868;6560;12.6;4.6
05;2021-03-26;1023;43;18891;6603;13.3;4.7
05;2021-03-27;467;34;19358;6637;13.7;4.7
05;2021-03-28;10;0;19368;6637;13.7;4.7
05;2021-03-29;905;62;20273;6699;14.3;4.7
05;2021-03-30;1142;75;21415;6774;15.1;4.8
05;2021-03-31;823;254;22238;7028;15.7;5.0
05;2021-04-01;900;241;23138;7269;16.3;5.1
05;2021-04-02;665;378;23803;7647;16.8;5.4
05;2021-04-03;550;183;24353;7830;17.2;5.5
05;2021-04-04;350;63;24703;7893;17.4;5.6
05;2021-04-05;158;12;24861;7905;17.5;5.6
05;2021-04-06;646;271;25507;8176;18.0;5.8
05;2021-04-07;773;323;26280;8499;18.5;6.0
05;2021-04-08;735;335;27015;8834;19.1;6.2
05;2021-04-09;884;409;27899;9243;19.7;6.5
05;2021-04-10;713;388;28612;9631;20.2;6.8
05;2021-04-11;191;174;28803;9805;20.3;6.9
05;2021-04-12;732;260;29535;10065;20.8;7.1
05;2021-04-13;922;235;30457;10300;21.5;7.3
05;2021-04-14;667;327;31124;10627;22.0;7.5
05;2021-04-15;768;398;31892;11025;22.5;7.8
05;2021-04-16;731;411;32623;11436;23.0;8.1
05;2021-04-17;671;240;33294;11676;23.5;8.2
05;2021-04-18;305;23;33599;11699;23.7;8.3
05;2021-04-19;363;538;33962;12237;24.0;8.6
05;2021-04-20;482;630;34444;12867;24.3;9.1
05;2021-04-21;494;631;34938;13498;24.6;9.5
05;2021-04-22;385;548;35323;14046;24.9;9.9
05;2021-04-23;523;657;35846;14703;25.3;10.4
05;2021-04-24;347;383;36193;15086;25.5;10.6
05;2021-04-25;288;23;36481;15109;25.7;10.7
05;2021-04-26;367;706;36848;15815;26.0;11.2
05;2021-04-27;657;749;37505;16564;26.5;11.7
05;2021-04-28;468;720;37973;17284;26.8;12.2
05;2021-04-29;703;749;38676;18033;27.3;12.7
05;2021-04-30;508;755;39184;18788;27.6;13.3
05;2021-05-01;138;110;39322;18898;27.7;13.3
05;2021-05-02;266;115;39588;19013;27.9;13.4
05;2021-05-03;457;494;40045;19507;28.2;13.8
05;2021-05-04;384;503;40429;20010;28.5;14.1
05;2021-05-05;462;671;40891;20681;28.8;14.6
05;2021-05-06;647;720;41538;21401;29.3;15.1
05;2021-05-07;596;803;42134;22204;29.7;15.7
05;2021-05-08;481;175;42615;22379;30.1;15.8
05;2021-05-09;208;57;42823;22436;30.2;15.8
05;2021-05-10;499;696;43322;23132;30.6;16.3
05;2021-05-11;669;915;43991;24047;31.0;17.0
05;2021-05-12;648;733;44639;24780;31.5;17.5
05;2021-05-13;960;114;45599;24894;32.2;17.6
05;2021-05-14;826;494;46425;25388;32.7;17.9
05;2021-05-15;1043;353;47468;25741;33.5;18.2
05;2021-05-16;235;52;47703;25793;33.7;18.2
05;2021-05-17;484;430;48187;26223;34.0;18.5
05;2021-05-18;517;419;48704;26642;34.4;18.8
05;2021-05-19;724;458;49428;27100;34.9;19.1
05;2021-05-20;747;434;50175;27534;35.4;19.4
05;2021-05-21;705;511;50880;28045;35.9;19.8
05;2021-05-22;606;239;51486;28284;36.3;20.0
05;2021-05-23;277;59;51763;28343;36.5;20.0
05;2021-05-24;509;157;52272;28500;36.9;20.1
05;2021-05-25;515;482;52787;28982;37.2;20.4
05;2021-05-26;696;362;53483;29344;37.7;20.7
05;2021-05-27;799;571;54282;29915;38.3;21.1
05;2021-05-28;666;648;54948;30563;38.8;21.6
05;2021-05-29;566;544;55514;31107;39.2;21.9
05;2021-05-30;212;82;55726;31189;39.3;22.0
05;2021-05-31;575;496;56301;31685;39.7;22.4
05;2021-06-01;589;585;56890;32270;40.1;22.8
05;2021-06-02;685;703;57575;32973;40.6;23.3
05;2021-06-03;716;652;58291;33625;41.1;23.7
05;2021-06-04;1017;818;59308;34443;41.8;24.3
05;2021-06-05;807;507;60115;34950;42.4;24.7
05;2021-06-06;200;88;60315;35038;42.5;24.7
05;2021-06-07;605;834;60920;35872;43.0;25.3
05;2021-06-08;700;659;61620;36531;43.5;25.8
05;2021-06-09;648;782;62268;37313;43.9;26.3
05;2021-06-10;543;718;62811;38031;44.3;26.8
05;2021-06-11;766;723;63577;38754;44.8;27.3
05;2021-06-12;592;484;64169;39238;45.3;27.7
05;2021-06-13;112;91;64281;39329;45.3;27.7
05;2021-06-14;403;668;64684;39997;45.6;28.2
05;2021-06-15;543;911;65227;40908;46.0;28.9
05;2021-06-16;433;670;65660;41578;46.3;29.3
05;2021-06-17;360;806;66020;42384;46.6;29.9
05;2021-06-18;396;724;66416;43108;46.9;30.4
05;2021-06-19;421;571;66837;43679;47.1;30.8
05;2021-06-20;64;77;66901;43756;47.2;30.9
05;2021-06-21;319;641;67220;44397;47.4;31.3
05;2021-06-22;356;829;67576;45226;47.7;31.9
05;2021-06-23;354;764;67930;45990;47.9;32.4
05;2021-06-24;388;1023;68318;47013;48.2;33.2
05;2021-06-25;229;893;68547;47906;48.4;33.8
05;2021-06-26;291;1074;68838;48980;48.6;34.6
05;2021-06-27;128;170;68966;49150;48.7;34.7
05;2021-06-28;254;793;69220;49943;48.8;35.2
05;2021-06-29;250;785;69470;50728;49.0;35.8
05;2021-06-30;329;790;69799;51518;49.2;36.3
05;2021-07-01;382;791;70181;52309;49.5;36.9
05;2021-07-02;370;870;70551;53179;49.8;37.5
05;2021-07-03;302;740;70853;53919;50.0;38.0
05;2021-07-04;179;177;71032;54096;50.1;38.2
05;2021-07-05;264;781;71296;54877;50.3;38.7
05;2021-07-06;336;860;71632;55737;50.5;39.3
05;2021-07-07;401;782;72033;56519;50.8;39.9
05;2021-07-08;431;848;72464;57367;51.1;40.5
05;2021-07-09;422;995;72886;58362;51.4;41.2
05;2021-07-10;314;729;73200;59091;51.6;41.7
05;2021-07-11;176;119;73376;59210;51.8;41.8
05;2021-07-12;415;1013;73791;60223;52.1;42.5
05;2021-07-13;483;870;74274;61093;52.4;43.1
05;2021-07-14;839;299;75113;61392;53.0;43.3
05;2021-07-15;708;994;75821;62386;53.5;44.0
05;2021-07-16;1028;1457;76849;63843;54.2;45.0
05;2021-07-17;673;1304;77522;65147;54.7;46.0
05;2021-07-18;284;128;77806;65275;54.9;46.0
05;2021-07-19;571;795;78377;66070;55.3;46.6
05;2021-07-20;761;801;79138;66871;55.8;47.2
05;2021-07-21;879;843;80017;67714;56.4;47.8
05;2021-07-22;813;869;80830;68583;57.0;48.4
05;2021-07-23;1443;1234;82273;69817;58.0;49.3
05;2021-07-24;859;833;83132;70650;58.6;49.8
05;2021-07-25;305;159;83437;70809;58.9;50.0
05;2021-07-26;774;561;84211;71370;59.4;50.3
05;2021-07-27;1257;748;85468;72118;60.3;50.9
05;2021-07-28;1512;714;86980;72832;61.4;51.4
05;2021-07-29;1344;723;88324;73555;62.3;51.9
05;2021-07-30;956;594;89280;74149;63.0;52.3
05;2021-07-31;779;521;90059;74670;63.5;52.7
05;2021-08-01;191;177;90250;74847;63.7;52.8
05;2021-08-02;827;545;91077;75392;64.2;53.2
05;2021-08-03;826;606;91903;75998;64.8;53.6
05;2021-08-04;987;753;92890;76751;65.5;54.1
05;2021-08-05;977;721;93867;77472;66.2;54.7
05;2021-08-06;862;791;94729;78263;66.8;55.2
05;2021-08-07;626;640;95355;78903;67.3;55.7
05;2021-08-08;196;268;95551;79171;67.4;55.9
05;2021-08-09;771;849;96322;80020;67.9;56.4
05;2021-08-10;648;692;96970;80712;68.4;56.9
05;2021-08-11;742;852;97712;81564;68.9;57.5
05;2021-08-12;786;778;98498;82342;69.5;58.1
05;2021-08-13;624;892;99122;83234;69.9;58.7
05;2021-08-14;408;781;99530;84015;70.2;59.3
05;2021-08-15;186;218;99716;84233;70.3;59.4
05;2021-08-16;487;1083;100203;85316;70.7;60.2
05;2021-08-17;428;881;100631;86197;71.0;60.8
06;2020-12-27;11;0;11;0;0.0;0.0
06;2020-12-28;15;0;26;0;0.0;0.0
06;2020-12-29;8;0;34;0;0.0;0.0
06;2020-12-30;6;0;40;0;0.0;0.0
06;2020-12-31;27;0;67;0;0.0;0.0
06;2021-01-01;19;0;86;0;0.0;0.0
06;2021-01-02;6;0;92;0;0.0;0.0
06;2021-01-03;6;0;98;0;0.0;0.0
06;2021-01-04;148;1;246;1;0.0;0.0
06;2021-01-05;180;1;426;2;0.0;0.0
06;2021-01-06;229;0;655;2;0.1;0.0
06;2021-01-07;504;0;1159;2;0.1;0.0
06;2021-01-08;687;2;1846;4;0.2;0.0
06;2021-01-09;391;2;2237;6;0.2;0.0
06;2021-01-10;77;0;2314;6;0.2;0.0
06;2021-01-11;1144;0;3458;6;0.3;0.0
06;2021-01-12;2225;4;5683;10;0.5;0.0
06;2021-01-13;1736;7;7419;17;0.7;0.0
06;2021-01-14;2142;17;9561;34;0.9;0.0
06;2021-01-15;1872;5;11433;39;1.1;0.0
06;2021-01-16;983;4;12416;43;1.2;0.0
06;2021-01-17;237;0;12653;43;1.2;0.0
06;2021-01-18;2474;8;15127;51;1.4;0.0
06;2021-01-19;2748;9;17875;60;1.7;0.0
06;2021-01-20;3346;9;21221;69;2.0;0.0
06;2021-01-21;3027;23;24248;92;2.2;0.0
06;2021-01-22;2930;14;27178;106;2.5;0.0
06;2021-01-23;1301;3;28479;109;2.6;0.0
06;2021-01-24;31;0;28510;109;2.6;0.0
06;2021-01-25;2070;15;30580;124;2.8;0.0
06;2021-01-26;3389;38;33969;162;3.1;0.0
06;2021-01-27;2554;101;36523;263;3.4;0.0
06;2021-01-28;2810;202;39333;465;3.6;0.0
06;2021-01-29;2499;310;41832;775;3.9;0.1
06;2021-01-30;668;43;42500;818;3.9;0.1
06;2021-01-31;3;1;42503;819;3.9;0.1
06;2021-02-01;1025;478;43528;1297;4.0;0.1
06;2021-02-02;1500;413;45028;1710;4.2;0.2
06;2021-02-03;330;136;45358;1846;4.2;0.2
06;2021-02-04;713;893;46071;2739;4.3;0.3
06;2021-02-05;1013;1112;47084;3851;4.4;0.4
06;2021-02-06;157;461;47241;4312;4.4;0.4
06;2021-02-07;9;49;47250;4361;4.4;0.4
06;2021-02-08;532;1088;47782;5449;4.4;0.5
06;2021-02-09;315;740;48097;6189;4.5;0.6
06;2021-02-10;374;666;48471;6855;4.5;0.6
06;2021-02-11;472;1072;48943;7927;4.5;0.7
06;2021-02-12;653;1314;49596;9241;4.6;0.9
06;2021-02-13;204;523;49800;9764;4.6;0.9
06;2021-02-14;10;2;49810;9766;4.6;0.9
06;2021-02-15;465;1279;50275;11045;4.7;1.0
06;2021-02-16;865;2011;51140;13056;4.7;1.2
06;2021-02-17;828;2148;51968;15204;4.8;1.4
06;2021-02-18;1805;2711;53773;17915;5.0;1.7
06;2021-02-19;1766;2151;55539;20066;5.1;1.9
06;2021-02-20;283;527;55822;20593;5.2;1.9
06;2021-02-21;21;55;55843;20648;5.2;1.9
06;2021-02-22;1079;1623;56922;22271;5.3;2.1
06;2021-02-23;1749;1555;58671;23826;5.4;2.2
06;2021-02-24;2114;1297;60785;25123;5.6;2.3
06;2021-02-25;3845;1686;64630;26809;6.0;2.5
06;2021-02-26;3390;1610;68020;28419;6.3;2.6
06;2021-02-27;1429;330;69449;28749;6.4;2.7
06;2021-02-28;89;24;69538;28773;6.4;2.7
06;2021-03-01;2411;824;71949;29597;6.7;2.7
06;2021-03-02;2455;991;74404;30588;6.9;2.8
06;2021-03-03;2848;568;77252;31156;7.2;2.9
06;2021-03-04;4618;624;81870;31780;7.6;2.9
06;2021-03-05;3900;1027;85770;32807;7.9;3.0
06;2021-03-06;11928;348;97698;33155;9.1;3.1
06;2021-03-07;10190;300;107888;33455;10.0;3.1
06;2021-03-08;4145;1195;112033;34650;10.4;3.2
06;2021-03-09;4980;929;117013;35579;10.8;3.3
06;2021-03-10;4702;840;121715;36419;11.3;3.4
06;2021-03-11;6722;895;128437;37314;11.9;3.5
06;2021-03-12;6868;1009;135305;38323;12.5;3.6
06;2021-03-13;11227;346;146532;38669;13.6;3.6
06;2021-03-14;504;48;147036;38717;13.6;3.6
06;2021-03-15;4828;766;151864;39483;14.1;3.7
06;2021-03-16;3762;1054;155626;40537;14.4;3.8
06;2021-03-17;6198;1886;161824;42423;15.0;3.9
06;2021-03-18;5116;1823;166940;44246;15.5;4.1
06;2021-03-19;6815;2019;173755;46265;16.1;4.3
06;2021-03-20;2373;560;176128;46825;16.3;4.3
06;2021-03-21;406;23;176534;46848;16.4;4.3
06;2021-03-22;3967;702;180501;47550;16.7;4.4
06;2021-03-23;5980;1212;186481;48762;17.3;4.5
06;2021-03-24;4215;3324;190696;52086;17.7;4.8
06;2021-03-25;5856;3241;196552;55327;18.2;5.1
06;2021-03-26;6351;1991;202903;57318;18.8;5.3
06;2021-03-27;2037;368;204940;57686;19.0;5.3
06;2021-03-28;208;3;205148;57689;19.0;5.3
06;2021-03-29;3200;2092;208348;59781;19.3;5.5
06;2021-03-30;5185;2536;213533;62317;19.8;5.8
06;2021-03-31;8033;1650;221566;63967;20.5;5.9
06;2021-04-01;7632;2464;229198;66431;21.2;6.2
06;2021-04-02;7222;2702;236420;69133;21.9;6.4
06;2021-04-03;2716;1366;239136;70499;22.2;6.5
06;2021-04-04;299;548;239435;71047;22.2;6.6
06;2021-04-05;1402;691;240837;71738;22.3;6.6
06;2021-04-06;6655;3309;247492;75047;22.9;7.0
06;2021-04-07;6213;3884;253705;78931;23.5;7.3
06;2021-04-08;5733;5652;259438;84583;24.0;7.8
06;2021-04-09;9369;5841;268807;90424;24.9;8.4
06;2021-04-10;2396;2787;271203;93211;25.1;8.6
06;2021-04-11;183;58;271386;93269;25.1;8.6
06;2021-04-12;4378;3534;275764;96803;25.5;9.0
06;2021-04-13;6363;5127;282127;101930;26.1;9.4
06;2021-04-14;5457;4486;287584;106416;26.6;9.9
06;2021-04-15;5539;4378;293123;110794;27.2;10.3
06;2021-04-16;7071;5185;300194;115979;27.8;10.7
06;2021-04-17;2775;3053;302969;119032;28.1;11.0
06;2021-04-18;262;223;303231;119255;28.1;11.0
06;2021-04-19;5478;4041;308709;123296;28.6;11.4
06;2021-04-20;5649;4861;314358;128157;29.1;11.9
06;2021-04-21;8313;4147;322671;132304;29.9;12.3
06;2021-04-22;8562;4182;331233;136486;30.7;12.6
06;2021-04-23;8782;4228;340015;140714;31.5;13.0
06;2021-04-24;2342;1481;342357;142195;31.7;13.2
06;2021-04-25;120;29;342477;142224;31.7;13.2
06;2021-04-26;4138;2308;346615;144532;32.1;13.4
06;2021-04-27;4574;4014;351189;148546;32.5;13.8
06;2021-04-28;4146;4547;355335;153093;32.9;14.2
06;2021-04-29;6075;5443;361410;158536;33.5;14.7
06;2021-04-30;6758;5153;368168;163689;34.1;15.2
06;2021-05-01;4155;821;372323;164510;34.5;15.2
06;2021-05-02;490;158;372813;164668;34.5;15.3
06;2021-05-03;6896;3531;379709;168199;35.2;15.6
06;2021-05-04;5744;5379;385453;173578;35.7;16.1
06;2021-05-05;4539;3913;389992;177491;36.1;16.4
06;2021-05-06;5222;4727;395214;182218;36.6;16.9
06;2021-05-07;5646;5674;400860;187892;37.1;17.4
06;2021-05-08;4859;1309;405719;189201;37.6;17.5
06;2021-05-09;194;308;405913;189509;37.6;17.6
06;2021-05-10;4816;5045;410729;194554;38.1;18.0
06;2021-05-11;4932;5554;415661;200108;38.5;18.5
06;2021-05-12;9080;4880;424741;204988;39.3;19.0
06;2021-05-13;9256;2115;433997;207103;40.2;19.2
06;2021-05-14;10833;3344;444830;210447;41.2;19.5
06;2021-05-15;9275;2200;454105;212647;42.1;19.7
06;2021-05-16;1500;285;455605;212932;42.2;19.7
06;2021-05-17;7491;3748;463096;216680;42.9;20.1
06;2021-05-18;9725;3198;472821;219878;43.8;20.4
06;2021-05-19;7689;2970;480510;222848;44.5;20.6
06;2021-05-20;7894;3650;488404;226498;45.2;21.0
06;2021-05-21;8787;3914;497191;230412;46.1;21.3
06;2021-05-22;3027;1328;500218;231740;46.3;21.5
06;2021-05-23;131;629;500349;232369;46.4;21.5
06;2021-05-24;3186;1001;503535;233370;46.6;21.6
06;2021-05-25;4760;4937;508295;238307;47.1;22.1
06;2021-05-26;5674;6610;513969;244917;47.6;22.7
06;2021-05-27;5567;6274;519536;251191;48.1;23.3
06;2021-05-28;4979;7279;524515;258470;48.6;23.9
06;2021-05-29;1641;2933;526156;261403;48.7;24.2
06;2021-05-30;257;1122;526413;262525;48.8;24.3
06;2021-05-31;4401;5122;530814;267647;49.2;24.8
06;2021-06-01;5718;7411;536532;275058;49.7;25.5
06;2021-06-02;3308;8552;539840;283610;50.0;26.3
06;2021-06-03;4546;8306;544386;291916;50.4;27.0
06;2021-06-04;5482;7739;549868;299655;50.9;27.8
06;2021-06-05;2458;3350;552326;303005;51.2;28.1
06;2021-06-06;177;236;552503;303241;51.2;28.1
06;2021-06-07;4138;5588;556641;308829;51.6;28.6
06;2021-06-08;4467;5192;561108;314021;52.0;29.1
06;2021-06-09;4107;7366;565215;321387;52.4;29.8
06;2021-06-10;4771;6860;569986;328247;52.8;30.4
06;2021-06-11;3901;8364;573887;336611;53.2;31.2
06;2021-06-12;1741;3745;575628;340356;53.3;31.5
06;2021-06-13;147;440;575775;340796;53.3;31.6
06;2021-06-14;2716;8594;578491;349390;53.6;32.4
06;2021-06-15;3247;9484;581738;358874;53.9;33.2
06;2021-06-16;3495;7000;585233;365874;54.2;33.9
06;2021-06-17;3666;7181;588899;373055;54.6;34.6
06;2021-06-18;2620;5930;591519;378985;54.8;35.1
06;2021-06-19;1305;1680;592824;380665;54.9;35.3
06;2021-06-20;209;346;593033;381011;54.9;35.3
06;2021-06-21;1707;6291;594740;387302;55.1;35.9
06;2021-06-22;2349;7365;597089;394667;55.3;36.6
06;2021-06-23;2078;6548;599167;401215;55.5;37.2
06;2021-06-24;3458;8960;602625;410175;55.8;38.0
06;2021-06-25;2290;9610;604915;419785;56.0;38.9
06;2021-06-26;893;2285;605808;422070;56.1;39.1
06;2021-06-27;377;1187;606185;423257;56.2;39.2
06;2021-06-28;2481;8137;608666;431394;56.4;40.0
06;2021-06-29;2376;7722;611042;439116;56.6;40.7
06;2021-06-30;1509;7691;612551;446807;56.7;41.4
06;2021-07-01;3396;7477;615947;454284;57.1;42.1
06;2021-07-02;4101;8249;620048;462533;57.4;42.9
06;2021-07-03;1235;4306;621283;466839;57.6;43.3
06;2021-07-04;317;303;621600;467142;57.6;43.3
06;2021-07-05;3597;5131;625197;472273;57.9;43.8
06;2021-07-06;1928;5830;627125;478103;58.1;44.3
06;2021-07-07;3428;5975;630553;484078;58.4;44.8
06;2021-07-08;3443;6310;633996;490388;58.7;45.4
06;2021-07-09;3973;6223;637969;496611;59.1;46.0
06;2021-07-10;1747;2329;639716;498940;59.3;46.2
06;2021-07-11;329;322;640045;499262;59.3;46.3
06;2021-07-12;3862;7150;643907;506412;59.7;46.9
06;2021-07-13;5827;9005;649734;515417;60.2;47.8
06;2021-07-14;970;431;650704;515848;60.3;47.8
06;2021-07-15;6428;8023;657132;523871;60.9;48.5
06;2021-07-16;7567;8999;664699;532870;61.6;49.4
06;2021-07-17;3117;5462;667816;538332;61.9;49.9
06;2021-07-18;1072;5327;668888;543659;62.0;50.4
06;2021-07-19;5832;8029;674720;551688;62.5;51.1
06;2021-07-20;7309;10243;682029;561931;63.2;52.1
06;2021-07-21;8016;8686;690045;570617;63.9;52.9
06;2021-07-22;10157;7844;700202;578461;64.9;53.6
06;2021-07-23;9192;6870;709394;585331;65.7;54.2
06;2021-07-24;3206;3218;712600;588549;66.0;54.5
06;2021-07-25;980;479;713580;589028;66.1;54.6
06;2021-07-26;7300;6857;720880;595885;66.8;55.2
06;2021-07-27;8934;5541;729814;601426;67.6;55.7
06;2021-07-28;7054;5375;736868;606801;68.3;56.2
06;2021-07-29;8376;5734;745244;612535;69.0;56.7
06;2021-07-30;7805;5480;753049;618015;69.8;57.3
06;2021-07-31;3482;3063;756531;621078;70.1;57.5
06;2021-08-01;720;427;757251;621505;70.2;57.6
06;2021-08-02;5725;4563;762976;626068;70.7;58.0
06;2021-08-03;6116;5427;769092;631495;71.3;58.5
06;2021-08-04;5354;3490;774446;634985;71.7;58.8
06;2021-08-05;6002;4424;780448;639409;72.3;59.2
06;2021-08-06;5524;6070;785972;645479;72.8;59.8
06;2021-08-07;2229;2451;788201;647930;73.0;60.0
06;2021-08-08;548;624;788749;648554;73.1;60.1
06;2021-08-09;4267;5975;793016;654529;73.5;60.6
06;2021-08-10;5048;6807;798064;661336;73.9;61.3
06;2021-08-11;4059;6155;802123;667491;74.3;61.8
06;2021-08-12;4262;6674;806385;674165;74.7;62.5
06;2021-08-13;3382;6349;809767;680514;75.0;63.0
06;2021-08-14;1441;2269;811208;682783;75.2;63.3
06;2021-08-15;382;627;811590;683410;75.2;63.3
06;2021-08-16;2929;6841;814519;690251;75.5;63.9
06;2021-08-17;3486;7664;818005;697915;75.8;64.7
07;2020-12-27;0;0;0;0;0.0;0.0
07;2020-12-28;0;0;0;0;0.0;0.0
07;2020-12-29;0;0;0;0;0.0;0.0
07;2020-12-30;0;0;0;0;0.0;0.0
07;2020-12-31;0;0;0;0;0.0;0.0
07;2021-01-01;7;0;7;0;0.0;0.0
07;2021-01-02;0;0;7;0;0.0;0.0
07;2021-01-03;0;0;7;0;0.0;0.0
07;2021-01-04;0;0;7;0;0.0;0.0
07;2021-01-05;0;0;7;0;0.0;0.0
07;2021-01-06;31;0;38;0;0.0;0.0
07;2021-01-07;130;1;168;1;0.1;0.0
07;2021-01-08;45;1;213;2;0.1;0.0
07;2021-01-09;17;0;230;2;0.1;0.0
07;2021-01-10;0;0;230;2;0.1;0.0
07;2021-01-11;157;1;387;3;0.1;0.0
07;2021-01-12;309;0;696;3;0.2;0.0
07;2021-01-13;305;1;1001;4;0.3;0.0
07;2021-01-14;478;0;1479;4;0.5;0.0
07;2021-01-15;188;0;1667;4;0.5;0.0
07;2021-01-16;17;0;1684;4;0.5;0.0
07;2021-01-17;2;0;1686;4;0.5;0.0
07;2021-01-18;363;2;2049;6;0.6;0.0
07;2021-01-19;830;2;2879;8;0.9;0.0
07;2021-01-20;597;2;3476;10;1.1;0.0
07;2021-01-21;452;3;3928;13;1.2;0.0
07;2021-01-22;291;0;4219;13;1.3;0.0
07;2021-01-23;107;0;4326;13;1.3;0.0
07;2021-01-24;0;0;4326;13;1.3;0.0
07;2021-01-25;164;0;4490;13;1.4;0.0
07;2021-01-26;491;3;4981;16;1.5;0.0
07;2021-01-27;555;7;5536;23;1.7;0.0
07;2021-01-28;1206;100;6742;123;2.1;0.0
07;2021-01-29;707;18;7449;141;2.3;0.0
07;2021-01-30;213;4;7662;145;2.3;0.0
07;2021-01-31;7;0;7669;145;2.3;0.0
07;2021-02-01;267;33;7936;178;2.4;0.1
07;2021-02-02;664;241;8600;419;2.6;0.1
07;2021-02-03;1045;222;9645;641;3.0;0.2
07;2021-02-04;720;262;10365;903;3.2;0.3
07;2021-02-05;484;256;10849;1159;3.3;0.4
07;2021-02-06;98;3;10947;1162;3.3;0.4
07;2021-02-07;12;1;10959;1163;3.4;0.4
07;2021-02-08;239;179;11198;1342;3.4;0.4
07;2021-02-09;487;326;11685;1668;3.6;0.5
07;2021-02-10;538;396;12223;2064;3.7;0.6
07;2021-02-11;400;282;12623;2346;3.9;0.7
07;2021-02-12;268;160;12891;2506;3.9;0.8
07;2021-02-13;69;20;12960;2526;4.0;0.8
07;2021-02-14;0;0;12960;2526;4.0;0.8
07;2021-02-15;270;132;13230;2658;4.0;0.8
07;2021-02-16;347;365;13577;3023;4.2;0.9
07;2021-02-17;466;335;14043;3358;4.3;1.0
07;2021-02-18;562;768;14605;4126;4.5;1.3
07;2021-02-19;456;508;15061;4634;4.6;1.4
07;2021-02-20;109;69;15170;4703;4.6;1.4
07;2021-02-21;15;0;15185;4703;4.6;1.4
07;2021-02-22;424;217;15609;4920;4.8;1.5
07;2021-02-23;646;620;16255;5540;5.0;1.7
07;2021-02-24;928;705;17183;6245;5.3;1.9
07;2021-02-25;710;538;17893;6783;5.5;2.1
07;2021-02-26;845;295;18738;7078;5.7;2.2
07;2021-02-27;190;145;18928;7223;5.8;2.2
07;2021-02-28;1;0;18929;7223;5.8;2.2
07;2021-03-01;438;216;19367;7439;5.9;2.3
07;2021-03-02;654;565;20021;8004;6.1;2.4
07;2021-03-03;691;537;20712;8541;6.3;2.6
07;2021-03-04;1098;358;21810;8899;6.7;2.7
07;2021-03-05;1084;373;22894;9272;7.0;2.8
07;2021-03-06;1124;98;24018;9370;7.3;2.9
07;2021-03-07;718;21;24736;9391;7.6;2.9
07;2021-03-08;352;318;25088;9709;7.7;3.0
07;2021-03-09;1088;433;26176;10142;8.0;3.1
07;2021-03-10;866;515;27042;10657;8.3;3.3
07;2021-03-11;1373;466;28415;11123;8.7;3.4
07;2021-03-12;1615;563;30030;11686;9.2;3.6
07;2021-03-13;679;101;30709;11787;9.4;3.6
07;2021-03-14;4;0;30713;11787;9.4;3.6
07;2021-03-15;526;292;31239;12079;9.6;3.7
07;2021-03-16;1207;482;32446;12561;9.9;3.8
07;2021-03-17;1187;782;33633;13343;10.3;4.1
07;2021-03-18;1219;415;34852;13758;10.7;4.2
07;2021-03-19;1269;423;36121;14181;11.1;4.3
07;2021-03-20;467;109;36588;14290;11.2;4.4
07;2021-03-21;3;2;36591;14292;11.2;4.4
07;2021-03-22;791;538;37382;14830;11.4;4.5
07;2021-03-23;1514;720;38896;15550;11.9;4.8
07;2021-03-24;1274;664;40170;16214;12.3;5.0
07;2021-03-25;1852;515;42022;16729;12.9;5.1
07;2021-03-26;1834;438;43856;17167;13.4;5.3
07;2021-03-27;385;101;44241;17268;13.5;5.3
07;2021-03-28;6;1;44247;17269;13.5;5.3
07;2021-03-29;787;358;45034;17627;13.8;5.4
07;2021-03-30;1526;511;46560;18138;14.2;5.5
07;2021-03-31;1656;503;48216;18641;14.8;5.7
07;2021-04-01;1584;657;49800;19298;15.2;5.9
07;2021-04-02;1523;438;51323;19736;15.7;6.0
07;2021-04-03;229;106;51552;19842;15.8;6.1
07;2021-04-04;3;1;51555;19843;15.8;6.1
07;2021-04-05;0;66;51555;19909;15.8;6.1
07;2021-04-06;1161;758;52716;20667;16.1;6.3
07;2021-04-07;1317;897;54033;21564;16.5;6.6
07;2021-04-08;1969;1179;56002;22743;17.1;7.0
07;2021-04-09;2424;567;58426;23310;17.9;7.1
07;2021-04-10;807;159;59233;23469;18.1;7.2
07;2021-04-11;339;13;59572;23482;18.2;7.2
07;2021-04-12;1281;592;60853;24074;18.6;7.4
07;2021-04-13;1767;1334;62620;25408;19.2;7.8
07;2021-04-14;1675;986;64295;26394;19.7;8.1
07;2021-04-15;1443;843;65738;27237;20.1;8.3
07;2021-04-16;1506;906;67244;28143;20.6;8.6
07;2021-04-17;869;214;68113;28357;20.8;8.7
07;2021-04-18;700;36;68813;28393;21.1;8.7
07;2021-04-19;1161;572;69974;28965;21.4;8.9
07;2021-04-20;1439;1317;71413;30282;21.8;9.3
07;2021-04-21;1717;918;73130;31200;22.4;9.5
07;2021-04-22;1817;963;74947;32163;22.9;9.8
07;2021-04-23;1411;973;76358;33136;23.4;10.1
07;2021-04-24;960;250;77318;33386;23.7;10.2
07;2021-04-25;717;69;78035;33455;23.9;10.2
07;2021-04-26;1138;682;79173;34137;24.2;10.4
07;2021-04-27;1395;1565;80568;35702;24.6;10.9
07;2021-04-28;1636;1757;82204;37459;25.1;11.5
07;2021-04-29;1939;1534;84143;38993;25.7;11.9
07;2021-04-30;1661;1482;85804;40475;26.2;12.4
07;2021-05-01;960;115;86764;40590;26.5;12.4
07;2021-05-02;845;155;87609;40745;26.8;12.5
07;2021-05-03;1280;434;88889;41179;27.2;12.6
07;2021-05-04;2170;1562;91059;42741;27.9;13.1
07;2021-05-05;1745;1386;92804;44127;28.4;13.5
07;2021-05-06;2104;1586;94908;45713;29.0;14.0
07;2021-05-07;1595;1556;96503;47269;29.5;14.5
07;2021-05-08;1226;405;97729;47674;29.9;14.6
07;2021-05-09;1030;327;98759;48001;30.2;14.7
07;2021-05-10;1403;1175;100162;49176;30.6;15.0
07;2021-05-11;2472;1699;102634;50875;31.4;15.6
07;2021-05-12;2163;1277;104797;52152;32.1;16.0
07;2021-05-13;1710;271;106507;52423;32.6;16.0
07;2021-05-14;1734;999;108241;53422;33.1;16.3
07;2021-05-15;1628;498;109869;53920;33.6;16.5
07;2021-05-16;1442;213;111311;54133;34.1;16.6
07;2021-05-17;1772;858;113083;54991;34.6;16.8
07;2021-05-18;2296;1304;115379;56295;35.3;17.2
07;2021-05-19;2376;997;117755;57292;36.0;17.5
07;2021-05-20;2162;1310;119917;58602;36.7;17.9
07;2021-05-21;1758;1314;121675;59916;37.2;18.3
07;2021-05-22;937;544;122612;60460;37.5;18.5
07;2021-05-23;857;157;123469;60617;37.8;18.5
07;2021-05-24;1650;339;125119;60956;38.3;18.6
07;2021-05-25;2187;1479;127306;62435;38.9;19.1
07;2021-05-26;1528;1381;128834;63816;39.4;19.5
07;2021-05-27;2020;1409;130854;65225;40.0;20.0
07;2021-05-28;1769;2081;132623;67306;40.6;20.6
07;2021-05-29;943;684;133566;67990;40.9;20.8
07;2021-05-30;622;570;134188;68560;41.1;21.0
07;2021-05-31;1132;1285;135320;69845;41.4;21.4
07;2021-06-01;2153;2007;137473;71852;42.1;22.0
07;2021-06-02;1531;1653;139004;73505;42.5;22.5
07;2021-06-03;1712;1258;140716;74763;43.0;22.9
07;2021-06-04;1674;1596;142390;76359;43.6;23.4
07;2021-06-05;988;955;143378;77314;43.9;23.7
07;2021-06-06;598;623;143976;77937;44.0;23.8
07;2021-06-07;961;1195;144937;79132;44.3;24.2
07;2021-06-08;1548;1771;146485;80903;44.8;24.8
07;2021-06-09;1030;1423;147515;82326;45.1;25.2
07;2021-06-10;789;1391;148304;83717;45.4;25.6
07;2021-06-11;1154;2034;149458;85751;45.7;26.2
07;2021-06-12;643;1217;150101;86968;45.9;26.6
07;2021-06-13;395;444;150496;87412;46.0;26.7
07;2021-06-14;566;1962;151062;89374;46.2;27.3
07;2021-06-15;935;2553;151997;91927;46.5;28.1
07;2021-06-16;1022;1853;153019;93780;46.8;28.7
07;2021-06-17;886;1951;153905;95731;47.1;29.3
07;2021-06-18;871;2285;154776;98016;47.4;30.0
07;2021-06-19;606;1455;155382;99471;47.5;30.4
07;2021-06-20;369;729;155751;100200;47.6;30.7
07;2021-06-21;517;2144;156268;102344;47.8;31.3
07;2021-06-22;655;2663;156923;105007;48.0;32.1
07;2021-06-23;680;1960;157603;106967;48.2;32.7
07;2021-06-24;647;1852;158250;108819;48.4;33.3
07;2021-06-25;701;2177;158951;110996;48.6;34.0
07;2021-06-26;360;1429;159311;112425;48.7;34.4
07;2021-06-27;284;1073;159595;113498;48.8;34.7
07;2021-06-28;505;2241;160100;115739;49.0;35.4
07;2021-06-29;540;2988;160640;118727;49.1;36.3
07;2021-06-30;822;2290;161462;121017;49.4;37.0
07;2021-07-01;772;1977;162234;122994;49.6;37.6
07;2021-07-02;882;2303;163116;125297;49.9;38.3
07;2021-07-03;420;1139;163536;126436;50.0;38.7
07;2021-07-04;211;853;163747;127289;50.1;38.9
07;2021-07-05;670;1685;164417;128974;50.3;39.5
07;2021-07-06;878;2633;165295;131607;50.6;40.3
07;2021-07-07;969;1946;166264;133553;50.9;40.9
07;2021-07-08;928;1972;167192;135525;51.1;41.5
07;2021-07-09;996;2262;168188;137787;51.5;42.2
07;2021-07-10;598;1100;168786;138887;51.6;42.5
07;2021-07-11;239;615;169025;139502;51.7;42.7
07;2021-07-12;806;1769;169831;141271;52.0;43.2
07;2021-07-13;1768;3175;171599;144446;52.5;44.2
07;2021-07-14;167;134;171766;144580;52.5;44.2
07;2021-07-15;1955;2459;173721;147039;53.1;45.0
07;2021-07-16;2052;1986;175773;149025;53.8;45.6
07;2021-07-17;1484;1251;177257;150276;54.2;46.0
07;2021-07-18;769;482;178026;150758;54.5;46.1
07;2021-07-19;1513;1703;179539;152461;54.9;46.6
07;2021-07-20;2516;2674;182055;155135;55.7;47.5
07;2021-07-21;1851;1912;183906;157047;56.3;48.0
07;2021-07-22;1917;1373;185823;158420;56.8;48.5
07;2021-07-23;2255;1683;188078;160103;57.5;49.0
07;2021-07-24;1634;1107;189712;161210;58.0;49.3
07;2021-07-25;33;21;189745;161231;58.0;49.3
07;2021-07-26;2183;1539;191928;162770;58.7;49.8
07;2021-07-27;2974;1907;194902;164677;59.6;50.4
07;2021-07-28;1627;1301;196529;165978;60.1;50.8
07;2021-07-29;2523;1271;199052;167249;60.9;51.2
07;2021-07-30;1343;1415;200395;168664;61.3;51.6
07;2021-07-31;1493;923;201888;169587;61.8;51.9
07;2021-08-01;73;26;201961;169613;61.8;51.9
07;2021-08-02;1457;1134;203418;170747;62.2;52.2
07;2021-08-03;2399;1905;205817;172652;63.0;52.8
07;2021-08-04;1932;1027;207749;173679;63.6;53.1
07;2021-08-05;1869;1285;209618;174964;64.1;53.5
07;2021-08-06;2019;1707;211637;176671;64.7;54.0
07;2021-08-07;991;552;212628;177223;65.0;54.2
07;2021-08-08;7;23;212635;177246;65.1;54.2
07;2021-08-09;1252;1374;213887;178620;65.4;54.6
07;2021-08-10;1588;2256;215475;180876;65.9;55.3
07;2021-08-11;1397;1604;216872;182480;66.3;55.8
07;2021-08-12;1092;1477;217964;183957;66.7;56.3
07;2021-08-13;1166;1780;219130;185737;67.0;56.8
07;2021-08-14;505;768;219635;186505;67.2;57.1
07;2021-08-15;9;27;219644;186532;67.2;57.1
07;2021-08-16;745;1322;220389;187854;67.4;57.5
07;2021-08-17;1298;2249;221687;190103;67.8;58.2
08;2020-12-27;1;0;1;0;0.0;0.0
08;2020-12-28;0;0;1;0;0.0;0.0
08;2020-12-29;0;0;1;0;0.0;0.0
08;2020-12-30;0;0;1;0;0.0;0.0
08;2020-12-31;0;0;1;0;0.0;0.0
08;2021-01-01;0;0;1;0;0.0;0.0
08;2021-01-02;0;0;1;0;0.0;0.0
08;2021-01-03;2;0;3;0;0.0;0.0
08;2021-01-04;24;0;27;0;0.0;0.0
08;2021-01-05;1;0;28;0;0.0;0.0
08;2021-01-06;0;0;28;0;0.0;0.0
08;2021-01-07;188;0;216;0;0.1;0.0
08;2021-01-08;314;0;530;0;0.2;0.0
08;2021-01-09;113;0;643;0;0.2;0.0
08;2021-01-10;1;0;644;0;0.2;0.0
08;2021-01-11;67;0;711;0;0.3;0.0
08;2021-01-12;157;0;868;0;0.3;0.0
08;2021-01-13;480;1;1348;1;0.5;0.0
08;2021-01-14;536;9;1884;10;0.7;0.0
08;2021-01-15;287;2;2171;12;0.8;0.0
08;2021-01-16;106;0;2277;12;0.9;0.0
08;2021-01-17;2;0;2279;12;0.9;0.0
08;2021-01-18;371;2;2650;14;1.0;0.0
08;2021-01-19;871;1;3521;15;1.3;0.0
08;2021-01-20;910;4;4431;19;1.7;0.0
08;2021-01-21;743;1;5174;20;1.9;0.0
08;2021-01-22;678;2;5852;22;2.2;0.0
08;2021-01-23;237;0;6089;22;2.3;0.0
08;2021-01-24;0;0;6089;22;2.3;0.0
08;2021-01-25;207;0;6296;22;2.4;0.0
08;2021-01-26;302;2;6598;24;2.5;0.0
08;2021-01-27;410;0;7008;24;2.6;0.0
08;2021-01-28;565;182;7573;206;2.9;0.1
08;2021-01-29;587;181;8160;387;3.1;0.1
08;2021-01-30;222;63;8382;450;3.2;0.2
08;2021-01-31;0;0;8382;450;3.2;0.2
08;2021-02-01;80;46;8462;496;3.2;0.2
08;2021-02-02;192;173;8654;669;3.3;0.3
08;2021-02-03;141;170;8795;839;3.3;0.3
08;2021-02-04;309;287;9104;1126;3.4;0.4
08;2021-02-05;499;360;9603;1486;3.6;0.6
08;2021-02-06;149;75;9752;1561;3.7;0.6
08;2021-02-07;8;0;9760;1561;3.7;0.6
08;2021-02-08;39;173;9799;1734;3.7;0.7
08;2021-02-09;219;646;10018;2380;3.8;0.9
08;2021-02-10;334;641;10352;3021;3.9;1.1
08;2021-02-11;464;364;10816;3385;4.1;1.3
08;2021-02-12;676;389;11492;3774;4.3;1.4
08;2021-02-13;140;118;11632;3892;4.4;1.5
08;2021-02-14;3;60;11635;3952;4.4;1.5
08;2021-02-15;227;209;11862;4161;4.5;1.6
08;2021-02-16;130;375;11992;4536;4.5;1.7
08;2021-02-17;112;417;12104;4953;4.6;1.9
08;2021-02-18;215;518;12319;5471;4.6;2.1
08;2021-02-19;305;425;12624;5896;4.8;2.2
08;2021-02-20;7;208;12631;6104;4.8;2.3
08;2021-02-21;0;0;12631;6104;4.8;2.3
08;2021-02-22;132;179;12763;6283;4.8;2.4
08;2021-02-23;150;319;12913;6602;4.9;2.5
08;2021-02-24;163;388;13076;6990;4.9;2.6
08;2021-02-25;500;526;13576;7516;5.1;2.8
08;2021-02-26;603;628;14179;8144;5.3;3.1
08;2021-02-27;318;191;14497;8335;5.5;3.1
08;2021-02-28;19;1;14516;8336;5.5;3.1
08;2021-03-01;200;105;14716;8441;5.5;3.2
08;2021-03-02;655;279;15371;8720;5.8;3.3
08;2021-03-03;897;202;16268;8922;6.1;3.4
08;2021-03-04;734;332;17002;9254;6.4;3.5
08;2021-03-05;1022;541;18024;9795;6.8;3.7
08;2021-03-06;693;137;18717;9932;7.0;3.7
08;2021-03-07;75;1;18792;9933;7.1;3.7
08;2021-03-08;217;123;19009;10056;7.2;3.8
08;2021-03-09;686;136;19695;10192;7.4;3.8
08;2021-03-10;1037;120;20732;10312;7.8;3.9
08;2021-03-11;981;249;21713;10561;8.2;4.0
08;2021-03-12;1631;513;23344;11074;8.8;4.2
08;2021-03-13;795;123;24139;11197;9.1;4.2
08;2021-03-14;22;0;24161;11197;9.1;4.2
08;2021-03-15;291;73;24452;11270;9.2;4.2
08;2021-03-16;563;38;25015;11308;9.4;4.3
08;2021-03-17;802;60;25817;11368;9.7;4.3
08;2021-03-18;815;155;26632;11523;10.0;4.3
08;2021-03-19;1135;282;27767;11805;10.5;4.4
08;2021-03-20;508;17;28275;11822;10.6;4.5
08;2021-03-21;13;1;28288;11823;10.7;4.5
08;2021-03-22;367;44;28655;11867;10.8;4.5
08;2021-03-23;733;63;29388;11930;11.1;4.5
08;2021-03-24;1327;68;30715;11998;11.6;4.5
08;2021-03-25;1904;90;32619;12088;12.3;4.6
08;2021-03-26;2564;170;35183;12258;13.3;4.6
08;2021-03-27;898;123;36081;12381;13.6;4.7
08;2021-03-28;228;6;36309;12387;13.7;4.7
08;2021-03-29;260;183;36569;12570;13.8;4.7
08;2021-03-30;832;486;37401;13056;14.1;4.9
08;2021-03-31;852;530;38253;13586;14.4;5.1
08;2021-04-01;1684;447;39937;14033;15.0;5.3
08;2021-04-02;1499;516;41436;14549;15.6;5.5
08;2021-04-03;1329;201;42765;14750;16.1;5.6
08;2021-04-04;134;4;42899;14754;16.2;5.6
08;2021-04-05;17;0;42916;14754;16.2;5.6
08;2021-04-06;702;480;43618;15234;16.4;5.7
08;2021-04-07;910;703;44528;15937;16.8;6.0
08;2021-04-08;1742;520;46270;16457;17.4;6.2
08;2021-04-09;2348;721;48618;17178;18.3;6.5
08;2021-04-10;1449;223;50067;17401;18.9;6.6
08;2021-04-11;10;6;50077;17407;18.9;6.6
08;2021-04-12;671;226;50748;17633;19.1;6.6
08;2021-04-13;1307;615;52055;18248;19.6;6.9
08;2021-04-14;1281;868;53336;19116;20.1;7.2
08;2021-04-15;1606;800;54942;19916;20.7;7.5
08;2021-04-16;1873;881;56815;20797;21.4;7.8
08;2021-04-17;1111;401;57926;21198;21.8;8.0
08;2021-04-18;23;14;57949;21212;21.8;8.0
08;2021-04-19;1149;298;59098;21510;22.3;8.1
08;2021-04-20;1118;541;60216;22051;22.7;8.3
08;2021-04-21;1139;741;61355;22792;23.1;8.6
08;2021-04-22;1327;881;62682;23673;23.6;8.9
08;2021-04-23;1676;1170;64358;24843;24.2;9.4
08;2021-04-24;1324;645;65682;25488;24.7;9.6
08;2021-04-25;26;198;65708;25686;24.7;9.7
08;2021-04-26;1040;153;66748;25839;25.1;9.7
08;2021-04-27;1337;603;68085;26442;25.6;10.0
08;2021-04-28;1452;680;69537;27122;26.2;10.2
08;2021-04-29;1172;1314;70709;28436;26.6;10.7
08;2021-04-30;1769;1616;72478;30052;27.3;11.3
08;2021-05-01;1049;494;73527;30546;27.7;11.5
08;2021-05-02;626;182;74153;30728;27.9;11.6
08;2021-05-03;1169;372;75322;31100;28.4;11.7
08;2021-05-04;1328;863;76650;31963;28.9;12.0
08;2021-05-05;1567;1331;78217;33294;29.5;12.5
08;2021-05-06;1971;1659;80188;34953;30.2;13.2
08;2021-05-07;1860;2100;82048;37053;30.9;14.0
08;2021-05-08;923;766;82971;37819;31.2;14.2
08;2021-05-09;443;71;83414;37890;31.4;14.3
08;2021-05-10;1191;665;84605;38555;31.9;14.5
08;2021-05-11;1909;942;86514;39497;32.6;14.9
08;2021-05-12;1810;1240;88324;40737;33.3;15.3
08;2021-05-13;1306;620;89630;41357;33.8;15.6
08;2021-05-14;2535;1034;92165;42391;34.7;16.0
08;2021-05-15;1821;714;93986;43105;35.4;16.2
08;2021-05-16;820;102;94806;43207;35.7;16.3
08;2021-05-17;699;906;95505;44113;36.0;16.6
08;2021-05-18;1251;840;96756;44953;36.4;16.9
08;2021-05-19;1609;960;98365;45913;37.0;17.3
08;2021-05-20;2146;962;100511;46875;37.9;17.7
08;2021-05-21;2338;1275;102849;48150;38.7;18.1
08;2021-05-22;1819;763;104668;48913;39.4;18.4
08;2021-05-23;864;90;105532;49003;39.7;18.5
08;2021-05-24;714;103;106246;49106;40.0;18.5
08;2021-05-25;1456;671;107702;49777;40.6;18.7
08;2021-05-26;1517;1009;109219;50786;41.1;19.1
08;2021-05-27;2007;1147;111226;51933;41.9;19.6
08;2021-05-28;1973;1821;113199;53754;42.6;20.2
08;2021-05-29;1769;969;114968;54723;43.3;20.6
08;2021-05-30;836;102;115804;54825;43.6;20.6
08;2021-05-31;755;574;116559;55399;43.9;20.9
08;2021-06-01;1351;882;117910;56281;44.4;21.2
08;2021-06-02;1296;1196;119206;57477;44.9;21.6
08;2021-06-03;1385;1525;120591;59002;45.4;22.2
08;2021-06-04;1777;2425;122368;61427;46.1;23.1
08;2021-06-05;1177;1379;123545;62806;46.5;23.7
08;2021-06-06;907;107;124452;62913;46.9;23.7
08;2021-06-07;661;1174;125113;64087;47.1;24.1
08;2021-06-08;930;1496;126043;65583;47.5;24.7
08;2021-06-09;843;1391;126886;66974;47.8;25.2
08;2021-06-10;1718;1554;128604;68528;48.4;25.8
08;2021-06-11;1721;2211;130325;70739;49.1;26.6
08;2021-06-12;1417;1527;131742;72266;49.6;27.2
08;2021-06-13;386;598;132128;72864;49.8;27.4
08;2021-06-14;380;1304;132508;74168;49.9;27.9
08;2021-06-15;740;1553;133248;75721;50.2;28.5
08;2021-06-16;807;2056;134055;77777;50.5;29.3
08;2021-06-17;1285;1854;135340;79631;51.0;30.0
08;2021-06-18;1608;2595;136948;82226;51.6;31.0
08;2021-06-19;1324;1407;138272;83633;52.1;31.5
08;2021-06-20;117;423;138389;84056;52.1;31.7
08;2021-06-21;494;1397;138883;85453;52.3;32.2
08;2021-06-22;808;2022;139691;87475;52.6;32.9
08;2021-06-23;858;1672;140549;89147;52.9;33.6
08;2021-06-24;1037;1924;141586;91071;53.3;34.3
08;2021-06-25;1081;2734;142667;93805;53.7;35.3
08;2021-06-26;1011;1781;143678;95586;54.1;36.0
08;2021-06-27;351;644;144029;96230;54.2;36.2
08;2021-06-28;397;1321;144426;97551;54.4;36.7
08;2021-06-29;627;1472;145053;99023;54.6;37.3
08;2021-06-30;855;1691;145908;100714;54.9;37.9
08;2021-07-01;885;2194;146793;102908;55.3;38.8
08;2021-07-02;939;2643;147732;105551;55.6;39.8
08;2021-07-03;784;2142;148516;107693;55.9;40.6
08;2021-07-04;128;861;148644;108554;56.0;40.9
08;2021-07-05;103;1195;148747;109749;56.0;41.3
08;2021-07-06;425;1834;149172;111583;56.2;42.0
08;2021-07-07;365;1780;149537;113363;56.3;42.7
08;2021-07-08;716;2014;150253;115377;56.6;43.5
08;2021-07-09;733;2437;150986;117814;56.9;44.4
08;2021-07-10;652;1999;151638;119813;57.1;45.1
08;2021-07-11;238;725;151876;120538;57.2;45.4
08;2021-07-12;311;1193;152187;121731;57.3;45.8
08;2021-07-13;944;1788;153131;123519;57.7;46.5
08;2021-07-14;177;329;153308;123848;57.7;46.6
08;2021-07-15;760;2450;154068;126298;58.0;47.6
08;2021-07-16;1080;2408;155148;128706;58.4;48.5
08;2021-07-17;992;2106;156140;130812;58.8;49.3
08;2021-07-18;344;740;156484;131552;58.9;49.5
08;2021-07-19;455;921;156939;132473;59.1;49.9
08;2021-07-20;878;1437;157817;133910;59.4;50.4
08;2021-07-21;1234;1720;159051;135630;59.9;51.1
08;2021-07-22;1147;2169;160198;137799;60.3;51.9
08;2021-07-23;1585;2447;161783;140246;60.9;52.8
08;2021-07-24;1307;1925;163090;142171;61.4;53.5
08;2021-07-25;773;444;163863;142615;61.7;53.7
08;2021-07-26;1310;845;165173;143460;62.2;54.0
08;2021-07-27;2179;1408;167352;144868;63.0;54.6
08;2021-07-28;2405;1449;169757;146317;63.9;55.1
08;2021-07-29;2591;1347;172348;147664;64.9;55.6
08;2021-07-30;2594;1586;174942;149250;65.9;56.2
08;2021-07-31;1967;1069;176909;150319;66.6;56.6
08;2021-08-01;934;299;177843;150618;67.0;56.7
08;2021-08-02;1251;682;179094;151300;67.4;57.0
08;2021-08-03;1629;820;180723;152120;68.1;57.3
08;2021-08-04;1488;659;182211;152779;68.6;57.5
08;2021-08-05;1892;966;184103;153745;69.3;57.9
08;2021-08-06;2575;1094;186678;154839;70.3;58.3
08;2021-08-07;1669;1156;188347;155995;70.9;58.7
08;2021-08-08;582;375;188929;156370;71.2;58.9
08;2021-08-09;672;533;189601;156903;71.4;59.1
08;2021-08-10;875;749;190476;157652;71.7;59.4
08;2021-08-11;521;791;190997;158443;71.9;59.7
08;2021-08-12;1147;1072;192144;159515;72.4;60.1
08;2021-08-13;1103;1009;193247;160524;72.8;60.5
08;2021-08-14;585;912;193832;161436;73.0;60.8
08;2021-08-15;137;274;193969;161710;73.0;60.9
08;2021-08-16;218;1176;194187;162886;73.1;61.3
08;2021-08-17;511;1195;194698;164081;73.3;61.8
09;2020-12-27;0;0;0;0;0.0;0.0
09;2020-12-28;1;0;1;0;0.0;0.0
09;2020-12-29;0;0;1;0;0.0;0.0
09;2020-12-30;0;0;1;0;0.0;0.0
09;2020-12-31;0;0;1;0;0.0;0.0
09;2021-01-01;0;0;1;0;0.0;0.0
09;2021-01-02;0;0;1;0;0.0;0.0
09;2021-01-03;0;0;1;0;0.0;0.0
09;2021-01-04;2;1;3;1;0.0;0.0
09;2021-01-05;0;0;3;1;0.0;0.0
09;2021-01-06;3;0;6;1;0.0;0.0
09;2021-01-07;257;2;263;3;0.2;0.0
09;2021-01-08;228;0;491;3;0.3;0.0
09;2021-01-09;103;0;594;3;0.4;0.0
09;2021-01-10;59;0;653;3;0.4;0.0
09;2021-01-11;175;0;828;3;0.5;0.0
09;2021-01-12;304;0;1132;3;0.7;0.0
09;2021-01-13;196;0;1328;3;0.9;0.0
09;2021-01-14;432;8;1760;11;1.2;0.0
09;2021-01-15;223;1;1983;12;1.3;0.0
09;2021-01-16;194;2;2177;14;1.4;0.0
09;2021-01-17;123;0;2300;14;1.5;0.0
09;2021-01-18;267;1;2567;15;1.7;0.0
09;2021-01-19;257;0;2824;15;1.9;0.0
09;2021-01-20;346;1;3170;16;2.1;0.0
09;2021-01-21;333;1;3503;17;2.3;0.0
09;2021-01-22;331;1;3834;18;2.5;0.0
09;2021-01-23;236;0;4070;18;2.7;0.0
09;2021-01-24;85;1;4155;19;2.7;0.0
09;2021-01-25;204;12;4359;31;2.9;0.0
09;2021-01-26;634;25;4993;56;3.3;0.0
09;2021-01-27;472;49;5465;105;3.6;0.1
09;2021-01-28;285;205;5750;310;3.8;0.2
09;2021-01-29;250;129;6000;439;3.9;0.3
09;2021-01-30;143;55;6143;494;4.0;0.3
09;2021-01-31;56;10;6199;504;4.1;0.3
09;2021-02-01;82;142;6281;646;4.1;0.4
09;2021-02-02;57;295;6338;941;4.2;0.6
09;2021-02-03;87;206;6425;1147;4.2;0.8
09;2021-02-04;49;299;6474;1446;4.2;0.9
09;2021-02-05;89;156;6563;1602;4.3;1.1
09;2021-02-06;68;49;6631;1651;4.4;1.1
09;2021-02-07;6;71;6637;1722;4.4;1.1
09;2021-02-08;22;177;6659;1899;4.4;1.2
09;2021-02-09;54;289;6713;2188;4.4;1.4
09;2021-02-10;15;196;6728;2384;4.4;1.6
09;2021-02-11;6;221;6734;2605;4.4;1.7
09;2021-02-12;149;176;6883;2781;4.5;1.8
09;2021-02-13;7;144;6890;2925;4.5;1.9
09;2021-02-14;0;52;6890;2977;4.5;2.0
09;2021-02-15;75;134;6965;3111;4.6;2.0
09;2021-02-16;227;509;7192;3620;4.7;2.4
09;2021-02-17;83;388;7275;4008;4.8;2.6
09;2021-02-18;87;450;7362;4458;4.8;2.9
09;2021-02-19;65;285;7427;4743;4.9;3.1
09;2021-02-20;59;200;7486;4943;4.9;3.2
09;2021-02-21;0;51;7486;4994;4.9;3.3
09;2021-02-22;127;218;7613;5212;5.0;3.4
09;2021-02-23;161;145;7774;5357;5.1;3.5
09;2021-02-24;74;178;7848;5535;5.1;3.6
09;2021-02-25;211;169;8059;5704;5.3;3.7
09;2021-02-26;162;174;8221;5878;5.4;3.9
09;2021-02-27;65;71;8286;5949;5.4;3.9
09;2021-02-28;43;17;8329;5966;5.5;3.9
09;2021-03-01;247;97;8576;6063;5.6;4.0
09;2021-03-02;284;76;8860;6139;5.8;4.0
09;2021-03-03;252;132;9112;6271;6.0;4.1
09;2021-03-04;413;32;9525;6303;6.3;4.1
09;2021-03-05;332;64;9857;6367;6.5;4.2
09;2021-03-06;397;46;10254;6413;6.7;4.2
09;2021-03-07;124;4;10378;6417;6.8;4.2
09;2021-03-08;380;64;10758;6481;7.1;4.3
09;2021-03-09;437;140;11195;6621;7.3;4.3
09;2021-03-10;560;71;11755;6692;7.7;4.4
09;2021-03-11;695;79;12450;6771;8.2;4.4
09;2021-03-12;659;32;13109;6803;8.6;4.5
09;2021-03-13;385;3;13494;6806;8.9;4.5
09;2021-03-14;120;3;13614;6809;8.9;4.5
09;2021-03-15;467;49;14081;6858;9.2;4.5
09;2021-03-16;370;80;14451;6938;9.5;4.6
09;2021-03-17;399;72;14850;7010;9.7;4.6
09;2021-03-18;454;43;15304;7053;10.0;4.6
09;2021-03-19;525;55;15829;7108;10.4;4.7
09;2021-03-20;313;39;16142;7147;10.6;4.7
09;2021-03-21;105;0;16247;7147;10.7;4.7
09;2021-03-22;424;119;16671;7266;10.9;4.8
09;2021-03-23;566;173;17237;7439;11.3;4.9
09;2021-03-24;711;42;17948;7481;11.8;4.9
09;2021-03-25;869;138;18817;7619;12.3;5.0
09;2021-03-26;751;45;19568;7664;12.8;5.0
09;2021-03-27;622;70;20190;7734;13.2;5.1
09;2021-03-28;132;24;20322;7758;13.3;5.1
09;2021-03-29;498;279;20820;8037;13.7;5.3
09;2021-03-30;729;155;21549;8192;14.1;5.4
09;2021-03-31;802;181;22351;8373;14.7;5.5
09;2021-04-01;735;254;23086;8627;15.1;5.7
09;2021-04-02;693;266;23779;8893;15.6;5.8
09;2021-04-03;771;117;24550;9010;16.1;5.9
09;2021-04-04;122;57;24672;9067;16.2;5.9
09;2021-04-05;237;60;24909;9127;16.3;6.0
09;2021-04-06;1057;394;25966;9521;17.0;6.2
09;2021-04-07;1208;358;27174;9879;17.8;6.5
09;2021-04-08;1469;405;28643;10284;18.8;6.7
09;2021-04-09;1138;414;29781;10698;19.5;7.0
09;2021-04-10;1349;195;31130;10893;20.4;7.1
09;2021-04-11;173;102;31303;10995;20.5;7.2
09;2021-04-12;736;345;32039;11340;21.0;7.4
09;2021-04-13;1047;409;33086;11749;21.7;7.7
09;2021-04-14;1332;510;34418;12259;22.6;8.0
09;2021-04-15;1148;505;35566;12764;23.3;8.4
09;2021-04-16;1032;415;36598;13179;24.0;8.6
09;2021-04-17;1194;355;37792;13534;24.8;8.9
09;2021-04-18;102;96;37894;13630;24.9;8.9
09;2021-04-19;697;405;38591;14035;25.3;9.2
09;2021-04-20;766;533;39357;14568;25.8;9.6
09;2021-04-21;940;590;40297;15158;26.4;9.9
09;2021-04-22;667;607;40964;15765;26.9;10.3
09;2021-04-23;773;430;41737;16195;27.4;10.6
09;2021-04-24;741;670;42478;16865;27.9;11.1
09;2021-04-25;75;113;42553;16978;27.9;11.1
09;2021-04-26;382;535;42935;17513;28.2;11.5
09;2021-04-27;443;720;43378;18233;28.5;12.0
09;2021-04-28;806;795;44184;19028;29.0;12.5
09;2021-04-29;550;774;44734;19802;29.4;13.0
09;2021-04-30;621;724;45355;20526;29.8;13.5
09;2021-05-01;478;455;45833;20981;30.1;13.8
09;2021-05-02;51;100;45884;21081;30.1;13.8
09;2021-05-03;522;663;46406;21744;30.5;14.3
09;2021-05-04;555;1348;46961;23092;30.8;15.2
09;2021-05-05;823;1347;47784;24439;31.4;16.0
09;2021-05-06;849;1033;48633;25472;31.9;16.7
09;2021-05-07;977;823;49610;26295;32.6;17.3
09;2021-05-08;395;461;50005;26756;32.8;17.6
09;2021-05-09;264;84;50269;26840;33.0;17.6
09;2021-05-10;504;966;50773;27806;33.3;18.2
09;2021-05-11;742;1052;51515;28858;33.8;18.9
09;2021-05-12;1535;1404;53050;30262;34.8;19.9
09;2021-05-13;1383;425;54433;30687;35.7;20.1
09;2021-05-14;986;654;55419;31341;36.4;20.6
09;2021-05-15;1236;790;56655;32131;37.2;21.1
09;2021-05-16;296;48;56951;32179;37.4;21.1
09;2021-05-17;875;413;57826;32592;37.9;21.4
09;2021-05-18;1291;394;59117;32986;38.8;21.6
09;2021-05-19;1495;370;60612;33356;39.8;21.9
09;2021-05-20;1379;406;61991;33762;40.7;22.2
09;2021-05-21;1164;496;63155;34258;41.4;22.5
09;2021-05-22;1546;364;64701;34622;42.5;22.7
09;2021-05-23;272;25;64973;34647;42.6;22.7
09;2021-05-24;177;100;65150;34747;42.7;22.8
09;2021-05-25;998;500;66148;35247;43.4;23.1
09;2021-05-26;1285;446;67433;35693;44.2;23.4
09;2021-05-27;966;403;68399;36096;44.9;23.7
09;2021-05-28;958;513;69357;36609;45.5;24.0
09;2021-05-29;1797;601;71154;37210;46.7;24.4
09;2021-05-30;541;197;71695;37407;47.0;24.5
09;2021-05-31;717;593;72412;38000;47.5;24.9
09;2021-06-01;969;642;73381;38642;48.2;25.4
09;2021-06-02;1008;898;74389;39540;48.8;25.9
09;2021-06-03;811;682;75200;40222;49.3;26.4
09;2021-06-04;877;799;76077;41021;49.9;26.9
09;2021-06-05;1320;874;77397;41895;50.8;27.5
09;2021-06-06;304;108;77701;42003;51.0;27.6
09;2021-06-07;623;517;78324;42520;51.4;27.9
09;2021-06-08;823;490;79147;43010;51.9;28.2
09;2021-06-09;808;834;79955;43844;52.5;28.8
09;2021-06-10;641;533;80596;44377;52.9;29.1
09;2021-06-11;831;762;81427;45139;53.4;29.6
09;2021-06-12;636;807;82063;45946;53.8;30.1
09;2021-06-13;94;130;82157;46076;53.9;30.2
09;2021-06-14;629;709;82786;46785;54.3;30.7
09;2021-06-15;824;890;83610;47675;54.9;31.3
09;2021-06-16;627;1078;84237;48753;55.3;32.0
09;2021-06-17;780;855;85017;49608;55.8;32.6
09;2021-06-18;635;1152;85652;50760;56.2;33.3
09;2021-06-19;517;1579;86169;52339;56.5;34.3
09;2021-06-20;8;279;86177;52618;56.5;34.5
09;2021-06-21;474;699;86651;53317;56.9;35.0
09;2021-06-22;463;1066;87114;54383;57.2;35.7
09;2021-06-23;435;1224;87549;55607;57.4;36.5
09;2021-06-24;581;772;88130;56379;57.8;37.0
09;2021-06-25;411;1062;88541;57441;58.1;37.7
09;2021-06-26;443;1087;88984;58528;58.4;38.4
09;2021-06-27;2;275;88986;58803;58.4;38.6
09;2021-06-28;239;1048;89225;59851;58.5;39.3
09;2021-06-29;313;1230;89538;61081;58.8;40.1
09;2021-06-30;457;1491;89995;62572;59.1;41.1
09;2021-07-01;384;1430;90379;64002;59.3;42.0
09;2021-07-02;308;1162;90687;65164;59.5;42.8
09;2021-07-03;210;1619;90897;66783;59.6;43.8
09;2021-07-04;4;254;90901;67037;59.6;44.0
09;2021-07-05;188;714;91089;67751;59.8;44.5
09;2021-07-06;293;1223;91382;68974;60.0;45.3
09;2021-07-07;416;1397;91798;70371;60.2;46.2
09;2021-07-08;324;1060;92122;71431;60.4;46.9
09;2021-07-09;292;1154;92414;72585;60.6;47.6
09;2021-07-10;345;1726;92759;74311;60.9;48.8
09;2021-07-11;147;391;92906;74702;61.0;49.0
09;2021-07-12;186;1074;93092;75776;61.1;49.7
09;2021-07-13;642;1306;93734;77082;61.5;50.6
09;2021-07-14;489;219;94223;77301;61.8;50.7
09;2021-07-15;819;1167;95042;78468;62.4;51.5
09;2021-07-16;609;1191;95651;79659;62.8;52.3
09;2021-07-17;1017;1444;96668;81103;63.4;53.2
09;2021-07-18;301;221;96969;81324;63.6;53.4
09;2021-07-19;483;968;97452;82292;63.9;54.0
09;2021-07-20;830;1260;98282;83552;64.5;54.8
09;2021-07-21;1014;1167;99296;84719;65.2;55.6
09;2021-07-22;847;907;100143;85626;65.7;56.2
09;2021-07-23;724;908;100867;86534;66.2;56.8
09;2021-07-24;924;460;101791;86994;66.8;57.1
09;2021-07-25;556;134;102347;87128;67.2;57.2
09;2021-07-26;646;767;102993;87895;67.6;57.7
09;2021-07-27;1177;946;104170;88841;68.4;58.3
09;2021-07-28;1189;983;105359;89824;69.1;58.9
09;2021-07-29;1023;735;106382;90559;69.8;59.4
09;2021-07-30;776;620;107158;91179;70.3;59.8
09;2021-07-31;1374;414;108532;91593;71.2;60.1
09;2021-08-01;141;125;108673;91718;71.3;60.2
09;2021-08-02;612;478;109285;92196;71.7;60.5
09;2021-08-03;1252;765;110537;92961;72.5;61.0
09;2021-08-04;1396;654;111933;93615;73.4;61.4
09;2021-08-05;997;672;112930;94287;74.1;61.9
09;2021-08-06;1014;638;113944;94925;74.8;62.3
09;2021-08-07;814;426;114758;95351;75.3;62.6
09;2021-08-08;122;129;114880;95480;75.4;62.7
09;2021-08-09;690;647;115570;96127;75.8;63.1
09;2021-08-10;931;693;116501;96820;76.4;63.5
09;2021-08-11;893;870;117394;97690;77.0;64.1
09;2021-08-12;629;728;118023;98418;77.4;64.6
09;2021-08-13;460;645;118483;99063;77.7;65.0
09;2021-08-14;310;826;118793;99889;77.9;65.5
09;2021-08-15;67;138;118860;100027;78.0;65.6
09;2021-08-16;546;619;119406;100646;78.4;66.0
09;2021-08-17;669;772;120075;101418;78.8;66.5
10;2020-12-27;0;0;0;0;0.0;0.0
10;2020-12-28;0;0;0;0;0.0;0.0
10;2020-12-29;0;0;0;0;0.0;0.0
10;2020-12-30;0;0;0;0;0.0;0.0
10;2020-12-31;0;0;0;0;0.0;0.0
10;2021-01-01;0;0;0;0;0.0;0.0
10;2021-01-02;0;0;0;0;0.0;0.0
10;2021-01-03;0;0;0;0;0.0;0.0
10;2021-01-04;0;0;0;0;0.0;0.0
10;2021-01-05;1;0;1;0;0.0;0.0
10;2021-01-06;0;0;1;0;0.0;0.0
10;2021-01-07;84;0;85;0;0.0;0.0
10;2021-01-08;255;0;340;0;0.1;0.0
10;2021-01-09;0;0;340;0;0.1;0.0
10;2021-01-10;0;0;340;0;0.1;0.0
10;2021-01-11;117;0;457;0;0.1;0.0
10;2021-01-12;191;0;648;0;0.2;0.0
10;2021-01-13;313;0;961;0;0.3;0.0
10;2021-01-14;391;7;1352;7;0.4;0.0
10;2021-01-15;359;3;1711;10;0.6;0.0
10;2021-01-16;55;0;1766;10;0.6;0.0
10;2021-01-17;0;0;1766;10;0.6;0.0
10;2021-01-18;699;2;2465;12;0.8;0.0
10;2021-01-19;1365;3;3830;15;1.2;0.0
10;2021-01-20;1072;9;4902;24;1.6;0.0
10;2021-01-21;1151;2;6053;26;2.0;0.0
10;2021-01-22;819;2;6872;28;2.2;0.0
10;2021-01-23;309;0;7181;28;2.3;0.0
10;2021-01-24;0;0;7181;28;2.3;0.0
10;2021-01-25;445;9;7626;37;2.5;0.0
10;2021-01-26;487;17;8113;54;2.6;0.0
10;2021-01-27;459;15;8572;69;2.8;0.0
10;2021-01-28;357;48;8929;117;2.9;0.0
10;2021-01-29;430;193;9359;310;3.0;0.1
10;2021-01-30;30;0;9389;310;3.0;0.1
10;2021-01-31;0;0;9389;310;3.0;0.1
10;2021-02-01;404;141;9793;451;3.2;0.1
10;2021-02-02;182;152;9975;603;3.2;0.2
10;2021-02-03;345;216;10320;819;3.3;0.3
10;2021-02-04;342;269;10662;1088;3.4;0.4
10;2021-02-05;327;320;10989;1408;3.5;0.5
10;2021-02-06;3;35;10992;1443;3.5;0.5
10;2021-02-07;0;0;10992;1443;3.5;0.5
10;2021-02-08;190;411;11182;1854;3.6;0.6
10;2021-02-09;482;585;11664;2439;3.8;0.8
10;2021-02-10;666;478;12330;2917;4.0;0.9
10;2021-02-11;781;597;13111;3514;4.2;1.1
10;2021-02-12;579;551;13690;4065;4.4;1.3
10;2021-02-13;36;120;13726;4185;4.4;1.4
10;2021-02-14;0;0;13726;4185;4.4;1.4
10;2021-02-15;142;446;13868;4631;4.5;1.5
10;2021-02-16;116;546;13984;5177;4.5;1.7
10;2021-02-17;129;607;14113;5784;4.6;1.9
10;2021-02-18;216;557;14329;6341;4.6;2.0
10;2021-02-19;187;471;14516;6812;4.7;2.2
10;2021-02-20;24;183;14540;6995;4.7;2.3
10;2021-02-21;0;0;14540;6995;4.7;2.3
10;2021-02-22;77;448;14617;7443;4.7;2.4
10;2021-02-23;76;561;14693;8004;4.7;2.6
10;2021-02-24;104;373;14797;8377;4.8;2.7
10;2021-02-25;324;375;15121;8752;4.9;2.8
10;2021-02-26;351;283;15472;9035;5.0;2.9
10;2021-02-27;275;129;15747;9164;5.1;3.0
10;2021-02-28;0;0;15747;9164;5.1;3.0
10;2021-03-01;257;333;16004;9497;5.2;3.1
10;2021-03-02;434;370;16438;9867;5.3;3.2
10;2021-03-03;453;582;16891;10449;5.5;3.4
10;2021-03-04;636;504;17527;10953;5.7;3.5
10;2021-03-05;677;254;18204;11207;5.9;3.6
10;2021-03-06;948;41;19152;11248;6.2;3.6
10;2021-03-07;769;6;19921;11254;6.4;3.6
10;2021-03-08;502;442;20423;11696;6.6;3.8
10;2021-03-09;673;436;21096;12132;6.8;3.9
10;2021-03-10;660;364;21756;12496;7.0;4.0
10;2021-03-11;1174;235;22930;12731;7.4;4.1
10;2021-03-12;1338;243;24268;12974;7.8;4.2
10;2021-03-13;891;37;25159;13011;8.1;4.2
10;2021-03-14;1381;16;26540;13027;8.6;4.2
10;2021-03-15;821;80;27361;13107;8.8;4.2
10;2021-03-16;688;63;28049;13170;9.1;4.2
10;2021-03-17;831;67;28880;13237;9.3;4.3
10;2021-03-18;885;80;29765;13317;9.6;4.3
10;2021-03-19;950;69;30715;13386;9.9;4.3
10;2021-03-20;552;18;31267;13404;10.1;4.3
10;2021-03-21;1849;39;33116;13443;10.7;4.3
10;2021-03-22;879;72;33995;13515;11.0;4.4
10;2021-03-23;1245;90;35240;13605;11.4;4.4
10;2021-03-24;1311;59;36551;13664;11.8;4.4
10;2021-03-25;1676;228;38227;13892;12.3;4.5
10;2021-03-26;1431;115;39658;14007;12.8;4.5
10;2021-03-27;762;79;40420;14086;13.0;4.5
10;2021-03-28;1221;29;41641;14115;13.4;4.6
10;2021-03-29;648;306;42289;14421;13.6;4.7
10;2021-03-30;927;373;43216;14794;13.9;4.8
10;2021-03-31;617;359;43833;15153;14.1;4.9
10;2021-04-01;884;684;44717;15837;14.4;5.1
10;2021-04-02;1068;589;45785;16426;14.8;5.3
10;2021-04-03;540;606;46325;17032;14.9;5.5
10;2021-04-04;1826;259;48151;17291;15.5;5.6
10;2021-04-05;1843;38;49994;17329;16.1;5.6
10;2021-04-06;514;651;50508;17980;16.3;5.8
10;2021-04-07;589;540;51097;18520;16.5;6.0
10;2021-04-08;1057;606;52154;19126;16.8;6.2
10;2021-04-09;1130;612;53284;19738;17.2;6.4
10;2021-04-10;1770;351;55054;20089;17.8;6.5
10;2021-04-11;55;1222;55109;21311;17.8;6.9
10;2021-04-12;1003;807;56112;22118;18.1;7.1
10;2021-04-13;1505;891;57617;23009;18.6;7.4
10;2021-04-14;820;601;58437;23610;18.9;7.6
10;2021-04-15;1447;889;59884;24499;19.3;7.9
10;2021-04-16;1109;696;60993;25195;19.7;8.1
10;2021-04-17;2391;359;63384;25554;20.5;8.2
10;2021-04-18;1421;1785;64805;27339;20.9;8.8
10;2021-04-19;838;834;65643;28173;21.2;9.1
10;2021-04-20;545;1035;66188;29208;21.4;9.4
10;2021-04-21;636;985;66824;30193;21.6;9.7
10;2021-04-22;932;965;67756;31158;21.9;10.1
10;2021-04-23;2173;776;69929;31934;22.6;10.3
10;2021-04-24;2296;375;72225;32309;23.3;10.4
10;2021-04-25;1989;1214;74214;33523;23.9;10.8
10;2021-04-26;773;620;74987;34143;24.2;11.0
10;2021-04-27;895;535;75882;34678;24.5;11.2
10;2021-04-28;873;404;76755;35082;24.8;11.3
10;2021-04-29;1433;672;78188;35754;25.2;11.5
10;2021-04-30;2173;768;80361;36522;25.9;11.8
10;2021-05-01;1988;2167;82349;38689;26.6;12.5
10;2021-05-02;1948;1893;84297;40582;27.2;13.1
10;2021-05-03;622;447;84919;41029;27.4;13.2
10;2021-05-04;1145;1249;86064;42278;27.8;13.6
10;2021-05-05;1754;1021;87818;43299;28.3;14.0
10;2021-05-06;2257;944;90075;44243;29.1;14.3
10;2021-05-07;2217;1138;92292;45381;29.8;14.6
10;2021-05-08;2271;860;94563;46241;30.5;14.9
10;2021-05-09;2005;100;96568;46341;31.2;15.0
10;2021-05-10;529;1093;97097;47434;31.3;15.3
10;2021-05-11;1051;1025;98148;48459;31.7;15.6
10;2021-05-12;2061;880;100209;49339;32.3;15.9
10;2021-05-13;2182;433;102391;49772;33.0;16.1
10;2021-05-14;2730;670;105121;50442;33.9;16.3
10;2021-05-15;2426;2042;107547;52484;34.7;16.9
10;2021-05-16;2081;1449;109628;53933;35.4;17.4
10;2021-05-17;1451;444;111079;54377;35.8;17.5
10;2021-05-18;2511;640;113590;55017;36.7;17.8
10;2021-05-19;1553;641;115143;55658;37.2;18.0
10;2021-05-20;1891;848;117034;56506;37.8;18.2
10;2021-05-21;2318;617;119352;57123;38.5;18.4
10;2021-05-22;2180;422;121532;57545;39.2;18.6
10;2021-05-23;1817;139;123349;57684;39.8;18.6
10;2021-05-24;1968;179;125317;57863;40.4;18.7
10;2021-05-25;2194;491;127511;58354;41.1;18.8
10;2021-05-26;1677;421;129188;58775;41.7;19.0
10;2021-05-27;1660;755;130848;59530;42.2;19.2
10;2021-05-28;1719;1184;132567;60714;42.8;19.6
10;2021-05-29;2170;642;134737;61356;43.5;19.8
10;2021-05-30;1029;135;135766;61491;43.8;19.8
10;2021-05-31;1039;750;136805;62241;44.1;20.1
10;2021-06-01;1132;885;137937;63126;44.5;20.4
10;2021-06-02;1032;717;138969;63843;44.8;20.6
10;2021-06-03;1473;1071;140442;64914;45.3;20.9
10;2021-06-04;1768;2602;142210;67516;45.9;21.8
10;2021-06-05;1514;2454;143724;69970;46.4;22.6
10;2021-06-06;1005;1875;144729;71845;46.7;23.2
10;2021-06-07;698;1112;145427;72957;46.9;23.5
10;2021-06-08;896;1169;146323;74126;47.2;23.9
10;2021-06-09;877;913;147200;75039;47.5;24.2
10;2021-06-10;677;1071;147877;76110;47.7;24.6
10;2021-06-11;1199;2210;149076;78320;48.1;25.3
10;2021-06-12;855;2388;149931;80708;48.4;26.0
10;2021-06-13;401;1837;150332;82545;48.5;26.6
10;2021-06-14;534;742;150866;83287;48.7;26.9
10;2021-06-15;740;2132;151606;85419;48.9;27.6
10;2021-06-16;740;1860;152346;87279;49.2;28.2
10;2021-06-17;848;2458;153194;89737;49.4;29.0
10;2021-06-18;1031;2472;154225;92209;49.8;29.8
10;2021-06-19;981;2594;155206;94803;50.1;30.6
10;2021-06-20;549;1599;155755;96402;50.3;31.1
10;2021-06-21;682;1045;156437;97447;50.5;31.4
10;2021-06-22;743;1523;157180;98970;50.7;31.9
10;2021-06-23;649;2408;157829;101378;50.9;32.7
10;2021-06-24;783;2618;158612;103996;51.2;33.6
10;2021-06-25;731;3041;159343;107037;51.4;34.5
10;2021-06-26;513;2743;159856;109780;51.6;35.4
10;2021-06-27;402;1939;160258;111719;51.7;36.0
10;2021-06-28;685;1787;160943;113506;51.9;36.6
10;2021-06-29;617;2692;161560;116198;52.1;37.5
10;2021-06-30;535;1524;162095;117722;52.3;38.0
10;2021-07-01;551;2171;162646;119893;52.5;38.7
10;2021-07-02;668;2728;163314;122621;52.7;39.6
10;2021-07-03;529;2600;163843;125221;52.9;40.4
10;2021-07-04;411;1725;164254;126946;53.0;41.0
10;2021-07-05;666;2222;164920;129168;53.2;41.7
10;2021-07-06;652;2187;165572;131355;53.4;42.4
10;2021-07-07;632;1700;166204;133055;53.6;42.9
10;2021-07-08;747;1458;166951;134513;53.9;43.4
10;2021-07-09;815;1945;167766;136458;54.1;44.0
10;2021-07-10;632;2096;168398;138554;54.3;44.7
10;2021-07-11;500;1381;168898;139935;54.5;45.2
10;2021-07-12;780;1623;169678;141558;54.8;45.7
10;2021-07-13;1125;1875;170803;143433;55.1;46.3
10;2021-07-14;1170;1056;171973;144489;55.5;46.6
10;2021-07-15;1473;1980;173446;146469;56.0;47.3
10;2021-07-16;1241;2272;174687;148741;56.4;48.0
10;2021-07-17;1287;1739;175974;150480;56.8;48.6
10;2021-07-18;941;1226;176915;151706;57.1;49.0
10;2021-07-19;1360;1619;178275;153325;57.5;49.5
10;2021-07-20;1685;1433;179960;154758;58.1;49.9
10;2021-07-21;1393;1485;181353;156243;58.5;50.4
10;2021-07-22;1934;1595;183287;157838;59.1;50.9
10;2021-07-23;1593;1543;184880;159381;59.7;51.4
10;2021-07-24;1390;1226;186270;160607;60.1;51.8
10;2021-07-25;1251;788;187521;161395;60.5;52.1
10;2021-07-26;1912;1317;189433;162712;61.1;52.5
10;2021-07-27;2119;1087;191552;163799;61.8;52.9
10;2021-07-28;2092;1014;193644;164813;62.5;53.2
10;2021-07-29;2429;1203;196073;166016;63.3;53.6
10;2021-07-30;2152;1307;198225;167323;64.0;54.0
10;2021-07-31;1672;935;199897;168258;64.5;54.3
10;2021-08-01;1234;576;201131;168834;64.9;54.5
10;2021-08-02;1332;1336;202463;170170;65.3;54.9
10;2021-08-03;1558;895;204021;171065;65.8;55.2
10;2021-08-04;1308;1065;205329;172130;66.3;55.5
10;2021-08-05;1624;1340;206953;173470;66.8;56.0
10;2021-08-06;1798;1329;208751;174799;67.4;56.4
10;2021-08-07;1150;1131;209901;175930;67.7;56.8
10;2021-08-08;658;749;210559;176679;67.9;57.0
10;2021-08-09;1302;1541;211861;178220;68.4;57.5
10;2021-08-10;1620;1343;213481;179563;68.9;57.9
10;2021-08-11;822;1107;214303;180670;69.2;58.3
10;2021-08-12;1022;1223;215325;181893;69.5;58.7
10;2021-08-13;729;1073;216054;182966;69.7;59.0
10;2021-08-14;570;1232;216624;184198;69.9;59.4
10;2021-08-15;300;777;216924;184975;70.0;59.7
10;2021-08-16;699;1615;217623;186590;70.2;60.2
10;2021-08-17;858;1772;218481;188362;70.5;60.8
11;2020-12-27;0;0;0;0;0.0;0.0
11;2020-12-28;1;0;1;0;0.0;0.0
11;2020-12-29;1;0;2;0;0.0;0.0
11;2020-12-30;0;0;2;0;0.0;0.0
11;2020-12-31;0;0;2;0;0.0;0.0
11;2021-01-01;0;0;2;0;0.0;0.0
11;2021-01-02;5;0;7;0;0.0;0.0
11;2021-01-03;0;0;7;0;0.0;0.0
11;2021-01-04;1;0;8;0;0.0;0.0
11;2021-01-05;94;0;102;0;0.0;0.0
11;2021-01-06;25;0;127;0;0.0;0.0
11;2021-01-07;119;0;246;0;0.1;0.0
11;2021-01-08;90;1;336;1;0.1;0.0
11;2021-01-09;86;0;422;1;0.1;0.0
11;2021-01-10;67;0;489;1;0.1;0.0
11;2021-01-11;136;0;625;1;0.2;0.0
11;2021-01-12;545;3;1170;4;0.3;0.0
11;2021-01-13;410;1;1580;5;0.4;0.0
11;2021-01-14;644;8;2224;13;0.6;0.0
11;2021-01-15;343;4;2567;17;0.7;0.0
11;2021-01-16;77;1;2644;18;0.7;0.0
11;2021-01-17;47;1;2691;19;0.7;0.0
11;2021-01-18;388;0;3079;19;0.8;0.0
11;2021-01-19;527;4;3606;23;1.0;0.0
11;2021-01-20;693;6;4299;29;1.2;0.0
11;2021-01-21;647;4;4946;33;1.3;0.0
11;2021-01-22;524;2;5470;35;1.5;0.0
11;2021-01-23;158;0;5628;35;1.5;0.0
11;2021-01-24;139;0;5767;35;1.5;0.0
11;2021-01-25;375;20;6142;55;1.6;0.0
11;2021-01-26;843;85;6985;140;1.9;0.0
11;2021-01-27;798;23;7783;163;2.1;0.0
11;2021-01-28;645;61;8428;224;2.3;0.1
11;2021-01-29;437;123;8865;347;2.4;0.1
11;2021-01-30;133;1;8998;348;2.4;0.1
11;2021-01-31;82;0;9080;348;2.4;0.1
11;2021-02-01;344;195;9424;543;2.5;0.1
11;2021-02-02;412;407;9836;950;2.6;0.3
11;2021-02-03;389;351;10225;1301;2.7;0.3
11;2021-02-04;374;497;10599;1798;2.8;0.5
11;2021-02-05;316;338;10915;2136;2.9;0.6
11;2021-02-06;207;62;11122;2198;3.0;0.6
11;2021-02-07;108;13;11230;2211;3.0;0.6
11;2021-02-08;315;159;11545;2370;3.1;0.6
11;2021-02-09;301;280;11846;2650;3.2;0.7
11;2021-02-10;339;447;12185;3097;3.3;0.8
11;2021-02-11;610;632;12795;3729;3.4;1.0
11;2021-02-12;402;380;13197;4109;3.5;1.1
11;2021-02-13;193;120;13390;4229;3.6;1.1
11;2021-02-14;72;27;13462;4256;3.6;1.1
11;2021-02-15;239;210;13701;4466;3.7;1.2
11;2021-02-16;265;513;13966;4979;3.7;1.3
11;2021-02-17;453;620;14419;5599;3.9;1.5
11;2021-02-18;457;574;14876;6173;4.0;1.7
11;2021-02-19;300;537;15176;6710;4.1;1.8
11;2021-02-20;147;75;15323;6785;4.1;1.8
11;2021-02-21;58;45;15381;6830;4.1;1.8
11;2021-02-22;125;333;15506;7163;4.2;1.9
11;2021-02-23;283;322;15789;7485;4.2;2.0
11;2021-02-24;251;370;16040;7855;4.3;2.1
11;2021-02-25;562;326;16602;8181;4.5;2.2
11;2021-02-26;523;318;17125;8499;4.6;2.3
11;2021-02-27;318;98;17443;8597;4.7;2.3
11;2021-02-28;95;24;17538;8621;4.7;2.3
11;2021-03-01;339;319;17877;8940;4.8;2.4
11;2021-03-02;562;393;18439;9333;4.9;2.5
11;2021-03-03;599;436;19038;9769;5.1;2.6
11;2021-03-04;1077;410;20115;10179;5.4;2.7
11;2021-03-05;1003;409;21118;10588;5.7;2.8
11;2021-03-06;1093;205;22211;10793;6.0;2.9
11;2021-03-07;658;35;22869;10828;6.1;2.9
11;2021-03-08;371;353;23240;11181;6.2;3.0
11;2021-03-09;997;396;24237;11577;6.5;3.1
11;2021-03-10;1173;545;25410;12122;6.8;3.3
11;2021-03-11;1572;446;26982;12568;7.2;3.4
11;2021-03-12;1455;443;28437;13011;7.6;3.5
11;2021-03-13;1158;240;29595;13251;7.9;3.6
11;2021-03-14;523;55;30118;13306;8.1;3.6
11;2021-03-15;651;241;30769;13547;8.3;3.6
11;2021-03-16;853;200;31622;13747;8.5;3.7
11;2021-03-17;906;220;32528;13967;8.7;3.7
11;2021-03-18;1172;283;33700;14250;9.0;3.8
11;2021-03-19;1371;246;35071;14496;9.4;3.9
11;2021-03-20;788;171;35859;14667;9.6;3.9
11;2021-03-21;225;65;36084;14732;9.7;4.0
11;2021-03-22;809;214;36893;14946;9.9;4.0
11;2021-03-23;1806;391;38699;15337;10.4;4.1
11;2021-03-24;1845;320;40544;15657;10.9;4.2
11;2021-03-25;2189;375;42733;16032;11.5;4.3
11;2021-03-26;2125;446;44858;16478;12.0;4.4
11;2021-03-27;1178;146;46036;16624;12.4;4.5
11;2021-03-28;265;43;46301;16667;12.4;4.5
11;2021-03-29;1181;222;47482;16889;12.7;4.5
11;2021-03-30;1993;322;49475;17211;13.3;4.6
11;2021-03-31;1614;383;51089;17594;13.7;4.7
11;2021-04-01;2146;424;53235;18018;14.3;4.8
11;2021-04-02;1643;429;54878;18447;14.7;4.9
11;2021-04-03;720;144;55598;18591;14.9;5.0
11;2021-04-04;198;74;55796;18665;15.0;5.0
11;2021-04-05;257;4;56053;18669;15.0;5.0
11;2021-04-06;1575;551;57628;19220;15.5;5.2
11;2021-04-07;1776;573;59404;19793;15.9;5.3
11;2021-04-08;1785;683;61189;20476;16.4;5.5
11;2021-04-09;2262;602;63451;21078;17.0;5.7
11;2021-04-10;1169;179;64620;21257;17.3;5.7
11;2021-04-11;549;107;65169;21364;17.5;5.7
11;2021-04-12;1614;537;66783;21901;17.9;5.9
11;2021-04-13;2259;885;69042;22786;18.5;6.1
11;2021-04-14;1661;1015;70703;23801;19.0;6.4
11;2021-04-15;1843;1130;72546;24931;19.5;6.7
11;2021-04-16;1836;848;74382;25779;20.0;6.9
11;2021-04-17;1772;564;76154;26343;20.4;7.1
11;2021-04-18;114;155;76268;26498;20.5;7.1
11;2021-04-19;1384;736;77652;27234;20.8;7.3
11;2021-04-20;1728;1284;79380;28518;21.3;7.7
11;2021-04-21;1780;1323;81160;29841;21.8;8.0
11;2021-04-22;1749;1322;82909;31163;22.2;8.4
11;2021-04-23;2012;1233;84921;32396;22.8;8.7
11;2021-04-24;1735;468;86656;32864;23.3;8.8
11;2021-04-25;658;180;87314;33044;23.4;8.9
11;2021-04-26;1377;836;88691;33880;23.8;9.1
11;2021-04-27;1835;1549;90526;35429;24.3;9.5
11;2021-04-28;2009;1469;92535;36898;24.8;9.9
11;2021-04-29;2248;1633;94783;38531;25.4;10.3
11;2021-04-30;2155;1428;96938;39959;26.0;10.7
11;2021-05-01;1338;342;98276;40301;26.4;10.8
11;2021-05-02;588;336;98864;40637;26.5;10.9
11;2021-05-03;1487;739;100351;41376;26.9;11.1
11;2021-05-04;1879;1431;102230;42807;27.4;11.5
11;2021-05-05;1894;1438;104124;44245;27.9;11.9
11;2021-05-06;2191;1475;106315;45720;28.5;12.3
11;2021-05-07;2104;1556;108419;47276;29.1;12.7
11;2021-05-08;896;727;109315;48003;29.3;12.9
11;2021-05-09;628;543;109943;48546;29.5;13.0
11;2021-05-10;1328;1651;111271;50197;29.9;13.5
11;2021-05-11;2040;1867;113311;52064;30.4;14.0
11;2021-05-12;1830;1635;115141;53699;30.9;14.4
11;2021-05-13;1406;414;116547;54113;31.3;14.5
11;2021-05-14;1713;1184;118260;55297;31.7;14.8
11;2021-05-15;1157;900;119417;56197;32.0;15.1
11;2021-05-16;808;164;120225;56361;32.3;15.1
11;2021-05-17;1470;1048;121695;57409;32.7;15.4
11;2021-05-18;1898;1197;123593;58606;33.2;15.7
11;2021-05-19;1847;1119;125440;59725;33.7;16.0
11;2021-05-20;1969;1090;127409;60815;34.2;16.3
11;2021-05-21;2277;1088;129686;61903;34.8;16.6
11;2021-05-22;1484;726;131170;62629;35.2;16.8
11;2021-05-23;768;68;131938;62697;35.4;16.8
11;2021-05-24;1411;226;133349;62923;35.8;16.9
11;2021-05-25;1811;1354;135160;64277;36.3;17.2
11;2021-05-26;1933;1303;137093;65580;36.8;17.6
11;2021-05-27;1985;1721;139078;67301;37.3;18.1
11;2021-05-28;1760;1898;140838;69199;37.8;18.6
11;2021-05-29;1428;1599;142266;70798;38.2;19.0
11;2021-05-30;486;395;142752;71193;38.3;19.1
11;2021-05-31;1261;1620;144013;72813;38.6;19.5
11;2021-06-01;1856;1904;145869;74717;39.1;20.0
11;2021-06-02;1761;2075;147630;76792;39.6;20.6
11;2021-06-03;2599;2414;150229;79206;40.3;21.3
11;2021-06-04;2145;2672;152374;81878;40.9;22.0
11;2021-06-05;1589;1904;153963;83782;41.3;22.5
11;2021-06-06;877;860;154840;84642;41.5;22.7
11;2021-06-07;1527;1713;156367;86355;42.0;23.2
11;2021-06-08;2039;1997;158406;88352;42.5;23.7
11;2021-06-09;1789;2191;160195;90543;43.0;24.3
11;2021-06-10;1807;2427;162002;92970;43.5;24.9
11;2021-06-11;1864;2491;163866;95461;44.0;25.6
11;2021-06-12;1457;1622;165323;97083;44.4;26.0
11;2021-06-13;711;723;166034;97806;44.5;26.2
11;2021-06-14;1033;1969;167067;99775;44.8;26.8
11;2021-06-15;1392;2684;168459;102459;45.2;27.5
11;2021-06-16;1338;2528;169797;104987;45.6;28.2
11;2021-06-17;1473;2540;171270;107527;46.0;28.9
11;2021-06-18;1520;2490;172790;110017;46.4;29.5
11;2021-06-19;1237;1410;174027;111427;46.7;29.9
11;2021-06-20;299;599;174326;112026;46.8;30.1
11;2021-06-21;839;2120;175165;114146;47.0;30.6
11;2021-06-22;1015;2608;176180;116754;47.3;31.3
11;2021-06-23;1097;2087;177277;118841;47.6;31.9
11;2021-06-24;907;2246;178184;121087;47.8;32.5
11;2021-06-25;991;2545;179175;123632;48.1;33.2
11;2021-06-26;776;1655;179951;125287;48.3;33.6
11;2021-06-27;210;688;180161;125975;48.3;33.8
11;2021-06-28;697;2300;180858;128275;48.5;34.4
11;2021-06-29;962;2600;181820;130875;48.8;35.1
11;2021-06-30;905;2522;182725;133397;49.0;35.8
11;2021-07-01;1002;1889;183727;135286;49.3;36.3
11;2021-07-02;967;2543;184694;137829;49.6;37.0
11;2021-07-03;728;1803;185422;139632;49.8;37.5
11;2021-07-04;339;1108;185761;140740;49.8;37.8
11;2021-07-05;694;2133;186455;142873;50.0;38.3
11;2021-07-06;972;2518;187427;145391;50.3;39.0
11;2021-07-07;946;2511;188373;147902;50.5;39.7
11;2021-07-08;1191;1912;189564;149814;50.9;40.2
11;2021-07-09;823;1793;190387;151607;51.1;40.7
11;2021-07-10;369;1302;190756;152909;51.2;41.0
11;2021-07-11;313;564;191069;153473;51.3;41.2
11;2021-07-12;503;2670;191572;156143;51.4;41.9
11;2021-07-13;1299;3069;192871;159212;51.7;42.7
11;2021-07-14;209;235;193080;159447;51.8;42.8
11;2021-07-15;1442;2965;194522;162412;52.2;43.6
11;2021-07-16;1867;2734;196389;165146;52.7;44.3
11;2021-07-17;1076;2166;197465;167312;53.0;44.9
11;2021-07-18;652;944;198117;168256;53.2;45.1
11;2021-07-19;1345;2092;199462;170348;53.5;45.7
11;2021-07-20;1988;2407;201450;172755;54.1;46.4
11;2021-07-21;2009;2437;203459;175192;54.6;47.0
11;2021-07-22;2394;1875;205853;177067;55.2;47.5
11;2021-07-23;2219;2268;208072;179335;55.8;48.1
11;2021-07-24;1274;1623;209346;180958;56.2;48.6
11;2021-07-25;749;691;210095;181649;56.4;48.7
11;2021-07-26;1661;1417;211756;183066;56.8;49.1
11;2021-07-27;2318;1994;214074;185060;57.4;49.7
11;2021-07-28;2456;1983;216530;187043;58.1;50.2
11;2021-07-29;2740;1793;219270;188836;58.8;50.7
11;2021-07-30;2557;1791;221827;190627;59.5;51.1
11;2021-07-31;1999;1124;223826;191751;60.1;51.4
11;2021-08-01;1011;480;224837;192231;60.3;51.6
11;2021-08-02;1915;1151;226752;193382;60.8;51.9
11;2021-08-03;2423;1595;229175;194977;61.5;52.3
11;2021-08-04;2541;1259;231716;196236;62.2;52.7
11;2021-08-05;2364;1334;234080;197570;62.8;53.0
11;2021-08-06;2245;1654;236325;199224;63.4;53.5
11;2021-08-07;1656;1162;237981;200386;63.9;53.8
11;2021-08-08;595;203;238576;200589;64.0;53.8
11;2021-08-09;1028;1429;239604;202018;64.3;54.2
11;2021-08-10;1737;1989;241341;204007;64.8;54.7
11;2021-08-11;1707;1686;243048;205693;65.2;55.2
11;2021-08-12;1669;1847;244717;207540;65.7;55.7
11;2021-08-13;1338;1657;246055;209197;66.0;56.1
11;2021-08-14;967;1587;247022;210784;66.3;56.6
11;2021-08-15;137;124;247159;210908;66.3;56.6
11;2021-08-16;703;1907;247862;212815;66.5;57.1
11;2021-08-17;1027;2387;248889;215202;66.8;57.7
12;2020-12-27;0;0;0;0;0.0;0.0
12;2020-12-28;0;0;0;0;0.0;0.0
12;2020-12-29;0;0;0;0;0.0;0.0
12;2020-12-30;0;0;0;0;0.0;0.0
12;2020-12-31;0;0;0;0;0.0;0.0
12;2021-01-01;0;0;0;0;0.0;0.0
12;2021-01-02;0;0;0;0;0.0;0.0
12;2021-01-03;0;0;0;0;0.0;0.0
12;2021-01-04;1;0;1;0;0.0;0.0
12;2021-01-05;0;0;1;0;0.0;0.0
12;2021-01-06;12;0;13;0;0.0;0.0
12;2021-01-07;202;0;215;0;0.1;0.0
12;2021-01-08;65;0;280;0;0.1;0.0
12;2021-01-09;0;0;280;0;0.1;0.0
12;2021-01-10;1;0;281;0;0.1;0.0
12;2021-01-11;99;0;380;0;0.1;0.0
12;2021-01-12;360;1;740;1;0.3;0.0
12;2021-01-13;285;0;1025;1;0.4;0.0
12;2021-01-14;600;11;1625;12;0.6;0.0
12;2021-01-15;366;10;1991;22;0.7;0.0
12;2021-01-16;138;2;2129;24;0.8;0.0
12;2021-01-17;0;0;2129;24;0.8;0.0
12;2021-01-18;453;0;2582;24;0.9;0.0
12;2021-01-19;604;3;3186;27;1.1;0.0
12;2021-01-20;878;2;4064;29;1.5;0.0
12;2021-01-21;735;0;4799;29;1.7;0.0
12;2021-01-22;798;1;5597;30;2.0;0.0
12;2021-01-23;382;0;5979;30;2.1;0.0
12;2021-01-24;0;0;5979;30;2.1;0.0
12;2021-01-25;453;0;6432;30;2.3;0.0
12;2021-01-26;650;0;7082;30;2.5;0.0
12;2021-01-27;1883;19;8965;49;3.2;0.0
12;2021-01-28;1884;211;10849;260;3.9;0.1
12;2021-01-29;1331;46;12180;306;4.4;0.1
12;2021-01-30;359;2;12539;308;4.5;0.1
12;2021-01-31;0;0;12539;308;4.5;0.1
12;2021-02-01;333;89;12872;397;4.6;0.1
12;2021-02-02;457;244;13329;641;4.8;0.2
12;2021-02-03;457;166;13786;807;5.0;0.3
12;2021-02-04;458;525;14244;1332;5.1;0.5
12;2021-02-05;449;183;14693;1515;5.3;0.5
12;2021-02-06;219;68;14912;1583;5.4;0.6
12;2021-02-07;8;0;14920;1583;5.4;0.6
12;2021-02-08;105;316;15025;1899;5.4;0.7
12;2021-02-09;208;341;15233;2240;5.5;0.8
12;2021-02-10;464;473;15697;2713;5.6;1.0
12;2021-02-11;538;346;16235;3059;5.8;1.1
12;2021-02-12;570;345;16805;3404;6.0;1.2
12;2021-02-13;175;134;16980;3538;6.1;1.3
12;2021-02-14;1;0;16981;3538;6.1;1.3
12;2021-02-15;175;377;17156;3915;6.2;1.4
12;2021-02-16;171;511;17327;4426;6.2;1.6
12;2021-02-17;365;1434;17692;5860;6.4;2.1
12;2021-02-18;676;1661;18368;7521;6.6;2.7
12;2021-02-19;593;973;18961;8494;6.8;3.1
12;2021-02-20;103;395;19064;8889;6.8;3.2
12;2021-02-21;0;0;19064;8889;6.8;3.2
12;2021-02-22;149;403;19213;9292;6.9;3.3
12;2021-02-23;157;558;19370;9850;7.0;3.5
12;2021-02-24;157;688;19527;10538;7.0;3.8
12;2021-02-25;201;770;19728;11308;7.1;4.1
12;2021-02-26;320;652;20048;11960;7.2;4.3
12;2021-02-27;190;350;20238;12310;7.3;4.4
12;2021-02-28;13;0;20251;12310;7.3;4.4
12;2021-03-01;51;349;20302;12659;7.3;4.5
12;2021-03-02;190;506;20492;13165;7.4;4.7
12;2021-03-03;243;388;20735;13553;7.4;4.9
12;2021-03-04;278;362;21013;13915;7.5;5.0
12;2021-03-05;421;368;21434;14283;7.7;5.1
12;2021-03-06;793;129;22227;14412;8.0;5.2
12;2021-03-07;140;32;22367;14444;8.0;5.2
12;2021-03-08;234;206;22601;14650;8.1;5.3
12;2021-03-09;716;235;23317;14885;8.4;5.3
12;2021-03-10;782;739;24099;15624;8.7;5.6
12;2021-03-11;918;660;25017;16284;9.0;5.8
12;2021-03-12;1258;528;26275;16812;9.4;6.0
12;2021-03-13;896;138;27171;16950;9.8;6.1
12;2021-03-14;45;2;27216;16952;9.8;6.1
12;2021-03-15;558;155;27774;17107;10.0;6.1
12;2021-03-16;817;162;28591;17269;10.3;6.2
12;2021-03-17;1504;165;30095;17434;10.8;6.3
12;2021-03-18;996;251;31091;17685;11.2;6.4
12;2021-03-19;1383;279;32474;17964;11.7;6.5
12;2021-03-20;724;79;33198;18043;11.9;6.5
12;2021-03-21;264;11;33462;18054;12.0;6.5
12;2021-03-22;606;174;34068;18228;12.2;6.5
12;2021-03-23;1214;174;35282;18402;12.7;6.6
12;2021-03-24;1421;203;36703;18605;13.2;6.7
12;2021-03-25;1846;204;38549;18809;13.8;6.8
12;2021-03-26;1977;226;40526;19035;14.6;6.8
12;2021-03-27;981;66;41507;19101;14.9;6.9
12;2021-03-28;60;1;41567;19102;14.9;6.9
12;2021-03-29;962;84;42529;19186;15.3;6.9
12;2021-03-30;1736;120;44265;19306;15.9;6.9
12;2021-03-31;1461;105;45726;19411;16.4;7.0
12;2021-04-01;1958;161;47684;19572;17.1;7.0
12;2021-04-02;1615;345;49299;19917;17.7;7.2
12;2021-04-03;882;98;50181;20015;18.0;7.2
12;2021-04-04;1;0;50182;20015;18.0;7.2
12;2021-04-05;645;11;50827;20026;18.3;7.2
12;2021-04-06;1154;536;51981;20562;18.7;7.4
12;2021-04-07;1649;633;53630;21195;19.3;7.6
12;2021-04-08;2098;563;55728;21758;20.0;7.8
12;2021-04-09;2112;645;57840;22403;20.8;8.0
12;2021-04-10;1427;219;59267;22622;21.3;8.1
12;2021-04-11;120;1;59387;22623;21.3;8.1
12;2021-04-12;1837;502;61224;23125;22.0;8.3
12;2021-04-13;1907;779;63131;23904;22.7;8.6
12;2021-04-14;1831;1319;64962;25223;23.3;9.1
12;2021-04-15;1937;898;66899;26121;24.0;9.4
12;2021-04-16;1675;1205;68574;27326;24.6;9.8
12;2021-04-17;1554;567;70128;27893;25.2;10.0
12;2021-04-18;0;0;70128;27893;25.2;10.0
12;2021-04-19;1687;548;71815;28441;25.8;10.2
12;2021-04-20;1545;985;73360;29426;26.4;10.6
12;2021-04-21;1692;1180;75052;30606;27.0;11.0
12;2021-04-22;1690;1095;76742;31701;27.6;11.4
12;2021-04-23;1383;1333;78125;33034;28.1;11.9
12;2021-04-24;1451;720;79576;33754;28.6;12.1
12;2021-04-25;60;0;79636;33754;28.6;12.1
12;2021-04-26;1461;897;81097;34651;29.1;12.4
12;2021-04-27;1320;1279;82417;35930;29.6;12.9
12;2021-04-28;1113;1870;83530;37800;30.0;13.6
12;2021-04-29;1571;1912;85101;39712;30.6;14.3
12;2021-04-30;1812;1835;86913;41547;31.2;14.9
12;2021-05-01;1616;259;88529;41806;31.8;15.0
12;2021-05-02;7;0;88536;41806;31.8;15.0
12;2021-05-03;1713;1248;90249;43054;32.4;15.5
12;2021-05-04;1482;1392;91731;44446;33.0;16.0
12;2021-05-05;1292;1674;93023;46120;33.4;16.6
12;2021-05-06;1753;1376;94776;47496;34.0;17.1
12;2021-05-07;1482;1776;96258;49272;34.6;17.7
12;2021-05-08;1330;460;97588;49732;35.1;17.9
12;2021-05-09;13;34;97601;49766;35.1;17.9
12;2021-05-10;827;2217;98428;51983;35.4;18.7
12;2021-05-11;930;1853;99358;53836;35.7;19.3
12;2021-05-12;950;1821;100308;55657;36.0;20.0
12;2021-05-13;1587;809;101895;56466;36.6;20.3
12;2021-05-14;1236;1533;103131;57999;37.0;20.8
12;2021-05-15;1068;1114;104199;59113;37.4;21.2
12;2021-05-16;2;19;104201;59132;37.4;21.2
12;2021-05-17;1082;1810;105283;60942;37.8;21.9
12;2021-05-18;1426;1534;106709;62476;38.3;22.4
12;2021-05-19;1915;1330;108624;63806;39.0;22.9
12;2021-05-20;2116;874;110740;64680;39.8;23.2
12;2021-05-21;1821;1252;112561;65932;40.4;23.7
12;2021-05-22;1206;1014;113767;66946;40.9;24.1
12;2021-05-23;7;12;113774;66958;40.9;24.1
12;2021-05-24;1956;538;115730;67496;41.6;24.2
12;2021-05-25;1742;1160;117472;68656;42.2;24.7
12;2021-05-26;1998;777;119470;69433;42.9;24.9
12;2021-05-27;2164;744;121634;70177;43.7;25.2
12;2021-05-28;1928;1032;123562;71209;44.4;25.6
12;2021-05-29;1637;804;125199;72013;45.0;25.9
12;2021-05-30;9;43;125208;72056;45.0;25.9
12;2021-05-31;1699;816;126907;72872;45.6;26.2
12;2021-06-01;1889;1027;128796;73899;46.3;26.5
12;2021-06-02;1979;1053;130775;74952;47.0;26.9
12;2021-06-03;2121;830;132896;75782;47.7;27.2
12;2021-06-04;1967;1418;134863;77200;48.4;27.7
12;2021-06-05;1739;984;136602;78184;49.1;28.1
12;2021-06-06;5;6;136607;78190;49.1;28.1
12;2021-06-07;1090;1804;137697;79994;49.5;28.7
12;2021-06-08;1333;1201;139030;81195;49.9;29.2
12;2021-06-09;895;1291;139925;82486;50.3;29.6
12;2021-06-10;1021;917;140946;83403;50.6;30.0
12;2021-06-11;1204;2080;142150;85483;51.1;30.7
12;2021-06-12;1033;1321;143183;86804;51.4;31.2
12;2021-06-13;6;47;143189;86851;51.4;31.2
12;2021-06-14;662;1828;143851;88679;51.7;31.9
12;2021-06-15;745;1882;144596;90561;51.9;32.5
12;2021-06-16;821;1817;145417;92378;52.2;33.2
12;2021-06-17;678;995;146095;93373;52.5;33.5
12;2021-06-18;1134;1839;147229;95212;52.9;34.2
12;2021-06-19;914;1406;148143;96618;53.2;34.7
12;2021-06-20;4;10;148147;96628;53.2;34.7
12;2021-06-21;510;1738;148657;98366;53.4;35.3
12;2021-06-22;503;1474;149160;99840;53.6;35.9
12;2021-06-23;578;1306;149738;101146;53.8;36.3
12;2021-06-24;249;545;149987;101691;53.9;36.5
12;2021-06-25;874;1839;150861;103530;54.2;37.2
12;2021-06-26;673;1526;151534;105056;54.4;37.7
12;2021-06-27;1;9;151535;105065;54.4;37.7
12;2021-06-28;468;2452;152003;107517;54.6;38.6
12;2021-06-29;565;1957;152568;109474;54.8;39.3
12;2021-06-30;830;2133;153398;111607;55.1;40.1
12;2021-07-01;343;1086;153741;112693;55.2;40.5
12;2021-07-02;795;2626;154536;115319;55.5;41.4
12;2021-07-03;565;1873;155101;117192;55.7;42.1
12;2021-07-04;1;0;155102;117192;55.7;42.1
12;2021-07-05;439;2408;155541;119600;55.9;43.0
12;2021-07-06;640;2497;156181;122097;56.1;43.9
12;2021-07-07;686;2119;156867;124216;56.4;44.6
12;2021-07-08;293;912;157160;125128;56.5;45.0
12;2021-07-09;724;2589;157884;127717;56.7;45.9
12;2021-07-10;444;2076;158328;129793;56.9;46.6
12;2021-07-11;0;0;158328;129793;56.9;46.6
12;2021-07-12;582;2436;158910;132229;57.1;47.5
12;2021-07-13;839;2589;159749;134818;57.4;48.4
12;2021-07-14;44;25;159793;134843;57.4;48.4
12;2021-07-15;791;2109;160584;136952;57.7;49.2
12;2021-07-16;1247;2555;161831;139507;58.1;50.1
12;2021-07-17;790;2006;162621;141513;58.4;50.8
12;2021-07-18;23;11;162644;141524;58.4;50.8
12;2021-07-19;1317;2005;163961;143529;58.9;51.6
12;2021-07-20;1421;1472;165382;145001;59.4;52.1
12;2021-07-21;1013;936;166395;145937;59.8;52.4
12;2021-07-22;2223;1307;168618;147244;60.6;52.9
12;2021-07-23;1862;2068;170480;149312;61.2;53.6
12;2021-07-24;1602;1566;172082;150878;61.8;54.2
12;2021-07-25;96;28;172178;150906;61.9;54.2
12;2021-07-26;1922;1437;174100;152343;62.5;54.7
12;2021-07-27;2224;1006;176324;153349;63.3;55.1
12;2021-07-28;1699;674;178023;154023;64.0;55.3
12;2021-07-29;1172;802;179195;154825;64.4;55.6
12;2021-07-30;2489;1284;181684;156109;65.3;56.1
12;2021-07-31;1954;1004;183638;157113;66.0;56.4
12;2021-08-01;224;37;183862;157150;66.1;56.5
12;2021-08-02;1807;837;185669;157987;66.7;56.8
12;2021-08-03;1948;773;187617;158760;67.4;57.0
12;2021-08-04;1681;830;189298;159590;68.0;57.3
12;2021-08-05;1626;682;190924;160272;68.6;57.6
12;2021-08-06;1689;1309;192613;161581;69.2;58.0
12;2021-08-07;1436;739;194049;162320;69.7;58.3
12;2021-08-08;0;3;194049;162323;69.7;58.3
12;2021-08-09;1341;1417;195390;163740;70.2;58.8
12;2021-08-10;1337;1253;196727;164993;70.7;59.3
12;2021-08-11;814;1194;197541;166187;71.0;59.7
12;2021-08-12;730;1070;198271;167257;71.2;60.1
12;2021-08-13;1045;1336;199316;168593;71.6;60.6
12;2021-08-14;729;1353;200045;169946;71.9;61.1
12;2021-08-15;254;73;200299;170019;72.0;61.1
12;2021-08-16;664;1809;200963;171828;72.2;61.7
12;2021-08-17;895;1985;201858;173813;72.5;62.4
13;2020-12-27;3;0;3;0;0.0;0.0
13;2020-12-28;3;0;6;0;0.0;0.0
13;2020-12-29;0;0;6;0;0.0;0.0
13;2020-12-30;0;0;6;0;0.0;0.0
13;2020-12-31;5;0;11;0;0.0;0.0
13;2021-01-01;3;0;14;0;0.0;0.0
13;2021-01-02;4;0;18;0;0.0;0.0
13;2021-01-03;6;0;24;0;0.0;0.0
13;2021-01-04;0;0;24;0;0.0;0.0
13;2021-01-05;78;1;102;1;0.0;0.0
13;2021-01-06;122;0;224;1;0.0;0.0
13;2021-01-07;174;1;398;2;0.0;0.0
13;2021-01-08;188;0;586;2;0.0;0.0
13;2021-01-09;12;0;598;2;0.0;0.0
13;2021-01-10;3;0;601;2;0.0;0.0
13;2021-01-11;480;1;1081;3;0.1;0.0
13;2021-01-12;814;1;1895;4;0.1;0.0
13;2021-01-13;1084;1;2979;5;0.1;0.0
13;2021-01-14;1567;17;4546;22;0.2;0.0
13;2021-01-15;1534;7;6080;29;0.3;0.0
13;2021-01-16;407;2;6487;31;0.3;0.0
13;2021-01-17;43;0;6530;31;0.3;0.0
13;2021-01-18;2383;9;8913;40;0.4;0.0
13;2021-01-19;7408;31;16321;71;0.8;0.0
13;2021-01-20;5556;16;21877;87;1.1;0.0
13;2021-01-21;5354;25;27231;112;1.3;0.0
13;2021-01-22;3993;19;31224;131;1.5;0.0
13;2021-01-23;1336;6;32560;137;1.6;0.0
13;2021-01-24;490;4;33050;141;1.6;0.0
13;2021-01-25;2338;27;35388;168;1.7;0.0
13;2021-01-26;2950;90;38338;258;1.9;0.0
13;2021-01-27;3117;123;41455;381;2.0;0.0
13;2021-01-28;3245;193;44700;574;2.2;0.0
13;2021-01-29;2509;130;47209;704;2.3;0.0
13;2021-01-30;1022;11;48231;715;2.4;0.0
13;2021-01-31;249;0;48480;715;2.4;0.0
13;2021-02-01;1858;295;50338;1010;2.5;0.0
13;2021-02-02;2254;616;52592;1626;2.6;0.1
13;2021-02-03;1863;580;54455;2206;2.7;0.1
13;2021-02-04;1900;930;56355;3136;2.8;0.2
13;2021-02-05;2625;1558;58980;4694;2.9;0.2
13;2021-02-06;848;311;59828;5005;2.9;0.2
13;2021-02-07;275;6;60103;5011;3.0;0.2
13;2021-02-08;1898;1544;62001;6555;3.0;0.3
13;2021-02-09;3311;4445;65312;11000;3.2;0.5
13;2021-02-10;3222;3428;68534;14428;3.4;0.7
13;2021-02-11;3575;3585;72109;18013;3.5;0.9
13;2021-02-12;2825;3155;74934;21168;3.7;1.0
13;2021-02-13;733;597;75667;21765;3.7;1.1
13;2021-02-14;72;378;75739;22143;3.7;1.1
13;2021-02-15;966;2032;76705;24175;3.8;1.2
13;2021-02-16;1391;2639;78096;26814;3.8;1.3
13;2021-02-17;1345;3003;79441;29817;3.9;1.5
13;2021-02-18;1900;2692;81341;32509;4.0;1.6
13;2021-02-19;1514;2190;82855;34699;4.1;1.7
13;2021-02-20;457;791;83312;35490;4.1;1.7
13;2021-02-21;33;286;83345;35776;4.1;1.8
13;2021-02-22;1020;2263;84365;38039;4.1;1.9
13;2021-02-23;1282;2679;85647;40718;4.2;2.0
13;2021-02-24;1506;2630;87153;43348;4.3;2.1
13;2021-02-25;2383;2152;89536;45500;4.4;2.2
13;2021-02-26;2457;2118;91993;47618;4.5;2.3
13;2021-02-27;982;751;92975;48369;4.6;2.4
13;2021-02-28;193;204;93168;48573;4.6;2.4
13;2021-03-01;1916;1529;95084;50102;4.7;2.5
13;2021-03-02;3005;2627;98089;52729;4.8;2.6
13;2021-03-03;3485;2577;101574;55306;5.0;2.7
13;2021-03-04;4194;3134;105768;58440;5.2;2.9
13;2021-03-05;4044;2793;109812;61233;5.4;3.0
13;2021-03-06;5298;833;115110;62066;5.7;3.1
13;2021-03-07;4293;373;119403;62439;5.9;3.1
13;2021-03-08;3923;1998;123326;64437;6.1;3.2
13;2021-03-09;5069;2274;128395;66711;6.3;3.3
13;2021-03-10;5179;1988;133574;68699;6.6;3.4
13;2021-03-11;7302;2129;140876;70828;6.9;3.5
13;2021-03-12;8323;2106;149199;72934;7.3;3.6
13;2021-03-13;6375;724;155574;73658;7.6;3.6
13;2021-03-14;2313;164;157887;73822;7.8;3.6
13;2021-03-15;6356;1300;164243;75122;8.1;3.7
13;2021-03-16;5073;1529;169316;76651;8.3;3.8
13;2021-03-17;5173;1410;174489;78061;8.6;3.8
13;2021-03-18;5816;1871;180305;79932;8.9;3.9
13;2021-03-19;6804;1609;187109;81541;9.2;4.0
13;2021-03-20;4037;698;191146;82239;9.4;4.0
13;2021-03-21;724;84;191870;82323;9.4;4.0
13;2021-03-22;7298;1554;199168;83877;9.8;4.1
13;2021-03-23;9124;1745;208292;85622;10.2;4.2
13;2021-03-24;8854;2181;217146;87803;10.7;4.3
13;2021-03-25;10909;2099;228055;89902;11.2;4.4
13;2021-03-26;10708;1906;238763;91808;11.7;4.5
13;2021-03-27;4866;826;243629;92634;12.0;4.6
13;2021-03-28;1119;81;244748;92715;12.0;4.6
13;2021-03-29;7574;1996;252322;94711;12.4;4.7
13;2021-03-30;12611;2506;264933;97217;13.0;4.8
13;2021-03-31;10815;3154;275748;100371;13.6;4.9
13;2021-04-01;12264;3052;288012;103423;14.2;5.1
13;2021-04-02;9788;3888;297800;107311;14.6;5.3
13;2021-04-03;4007;2804;301807;110115;14.8;5.4
13;2021-04-04;629;305;302436;110420;14.9;5.4
13;2021-04-05;3530;722;305966;111142;15.0;5.5
13;2021-04-06;8518;4252;314484;115394;15.5;5.7
13;2021-04-07;10078;4683;324562;120077;16.0;5.9
13;2021-04-08;10108;5459;334670;125536;16.4;6.2
13;2021-04-09;11260;5102;345930;130638;17.0;6.4
13;2021-04-10;7300;2092;353230;132730;17.4;6.5
13;2021-04-11;1378;533;354608;133263;17.4;6.6
13;2021-04-12;7981;4786;362589;138049;17.8;6.8
13;2021-04-13;9140;5494;371729;143543;18.3;7.1
13;2021-04-14;9531;5815;381260;149358;18.7;7.3
13;2021-04-15;9874;5961;391134;155319;19.2;7.6
13;2021-04-16;9968;5564;401102;160883;19.7;7.9
13;2021-04-17;4081;2019;405183;162902;19.9;8.0
13;2021-04-18;2523;1423;407706;164325;20.0;8.1
13;2021-04-19;6450;6402;414156;170727;20.4;8.4
13;2021-04-20;7403;7596;421559;178323;20.7;8.8
13;2021-04-21;7776;7374;429335;185697;21.1;9.1
13;2021-04-22;8465;7926;437800;193623;21.5;9.5
13;2021-04-23;8377;6790;446177;200413;21.9;9.9
13;2021-04-24;4621;3819;450798;204232;22.2;10.0
13;2021-04-25;873;524;451671;204756;22.2;10.1
13;2021-04-26;6170;7117;457841;211873;22.5;10.4
13;2021-04-27;7261;8029;465102;219902;22.9;10.8
13;2021-04-28;9450;7709;474552;227611;23.3;11.2
13;2021-04-29;11405;7598;485957;235209;23.9;11.6
13;2021-04-30;10924;7377;496881;242586;24.4;11.9
13;2021-05-01;5368;3793;502249;246379;24.7;12.1
13;2021-05-02;2098;745;504347;247124;24.8;12.1
13;2021-05-03;7300;7857;511647;254981;25.1;12.5
13;2021-05-04;8452;8516;520099;263497;25.6;13.0
13;2021-05-05;8227;8967;528326;272464;26.0;13.4
13;2021-05-06;10141;8585;538467;281049;26.5;13.8
13;2021-05-07;8853;10035;547320;291084;26.9;14.3
13;2021-05-08;4571;3928;551891;295012;27.1;14.5
13;2021-05-09;936;683;552827;295695;27.2;14.5
13;2021-05-10;7714;8765;560541;304460;27.6;15.0
13;2021-05-11;10977;9576;571518;314036;28.1;15.4
13;2021-05-12;12841;8724;584359;322760;28.7;15.9
13;2021-05-13;9511;3636;593870;326396;29.2;16.0
13;2021-05-14;13660;6445;607530;332841;29.9;16.4
13;2021-05-15;10199;4528;617729;337369;30.4;16.6
13;2021-05-16;3125;788;620854;338157;30.5;16.6
13;2021-05-17;10845;6811;631699;344968;31.0;17.0
13;2021-05-18;11916;6470;643615;351438;31.6;17.3
13;2021-05-19;12156;6346;655771;357784;32.2;17.6
13;2021-05-20;13450;6457;669221;364241;32.9;17.9
13;2021-05-21;13001;6774;682222;371015;33.5;18.2
13;2021-05-22;7511;3631;689733;374646;33.9;18.4
13;2021-05-23;863;640;690596;375286;33.9;18.4
13;2021-05-24;6767;2474;697363;377760;34.3;18.6
13;2021-05-25;9274;7598;706637;385358;34.7;18.9
13;2021-05-26;10139;7840;716776;393198;35.2;19.3
13;2021-05-27;10350;8419;727126;401617;35.7;19.7
13;2021-05-28;8995;9173;736121;410790;36.2;20.2
13;2021-05-29;7177;4628;743298;415418;36.5;20.4
13;2021-05-30;891;527;744189;415945;36.6;20.4
13;2021-05-31;8191;8035;752380;423980;37.0;20.8
13;2021-06-01;9591;9303;761971;433283;37.5;21.3
13;2021-06-02;10086;8794;772057;442077;37.9;21.7
13;2021-06-03;12292;9489;784349;451566;38.6;22.2
13;2021-06-04;12033;10042;796382;461608;39.1;22.7
13;2021-06-05;7826;5579;804208;467187;39.5;23.0
13;2021-06-06;1671;882;805879;468069;39.6;23.0
13;2021-06-07;6684;9884;812563;477953;39.9;23.5
13;2021-06-08;8311;9990;820874;487943;40.3;24.0
13;2021-06-09;8399;9740;829273;497683;40.8;24.5
13;2021-06-10;8939;9770;838212;507453;41.2;24.9
13;2021-06-11;8234;12707;846446;520160;41.6;25.6
13;2021-06-12;5789;6707;852235;526867;41.9;25.9
13;2021-06-13;951;1215;853186;528082;41.9;26.0
13;2021-06-14;6005;11140;859191;539222;42.2;26.5
13;2021-06-15;7284;11401;866475;550623;42.6;27.1
13;2021-06-16;7339;9879;873814;560502;43.0;27.6
13;2021-06-17;7435;10709;881249;571211;43.3;28.1
13;2021-06-18;7535;11079;888784;582290;43.7;28.6
13;2021-06-19;4612;7496;893396;589786;43.9;29.0
13;2021-06-20;955;1045;894351;590831;44.0;29.0
13;2021-06-21;4470;12261;898821;603092;44.2;29.6
13;2021-06-22;4934;13872;903755;616964;44.4;30.3
13;2021-06-23;5143;13567;908898;630531;44.7;31.0
13;2021-06-24;5325;12848;914223;643379;44.9;31.6
13;2021-06-25;5258;14681;919481;658060;45.2;32.3
13;2021-06-26;3021;9679;922502;667739;45.3;32.8
13;2021-06-27;535;931;923037;668670;45.4;32.9
13;2021-06-28;3728;12552;926765;681222;45.6;33.5
13;2021-06-29;4486;12903;931251;694125;45.8;34.1
13;2021-06-30;4878;12688;936129;706813;46.0;34.7
13;2021-07-01;5517;11480;941646;718293;46.3;35.3
13;2021-07-02;5545;12400;947191;730693;46.6;35.9
13;2021-07-03;3500;9162;950691;739855;46.7;36.4
13;2021-07-04;475;867;951166;740722;46.8;36.4
13;2021-07-05;3844;11780;955010;752502;46.9;37.0
13;2021-07-06;5438;11679;960448;764181;47.2;37.6
13;2021-07-07;5609;10694;966057;774875;47.5;38.1
13;2021-07-08;6213;10311;972270;785186;47.8;38.6
13;2021-07-09;5917;11913;978187;797099;48.1;39.2
13;2021-07-10;3164;8637;981351;805736;48.2;39.6
13;2021-07-11;435;1011;981786;806747;48.3;39.7
13;2021-07-12;4477;10956;986263;817703;48.5;40.2
13;2021-07-13;8953;13152;995216;830855;48.9;40.8
13;2021-07-14;5592;4848;1000808;835703;49.2;41.1
13;2021-07-15;11399;12900;1012207;848603;49.8;41.7
13;2021-07-16;12166;12882;1024373;861485;50.4;42.3
13;2021-07-17;6579;8472;1030952;869957;50.7;42.8
13;2021-07-18;718;1060;1031670;871017;50.7;42.8
13;2021-07-19;9780;11131;1041450;882148;51.2;43.4
13;2021-07-20;12220;11630;1053670;893778;51.8;43.9
13;2021-07-21;12634;10306;1066304;904084;52.4;44.4
13;2021-07-22;14503;10393;1080807;914477;53.1;44.9
13;2021-07-23;14411;10892;1095218;925369;53.8;45.5
13;2021-07-24;8310;7961;1103528;933330;54.2;45.9
13;2021-07-25;1009;785;1104537;934115;54.3;45.9
13;2021-07-26;11586;9056;1116123;943171;54.9;46.4
13;2021-07-27;13478;9333;1129601;952504;55.5;46.8
13;2021-07-28;12245;8143;1141846;960647;56.1;47.2
13;2021-07-29;13732;8079;1155578;968726;56.8;47.6
13;2021-07-30;13598;8593;1169176;977319;57.5;48.0
13;2021-07-31;8646;5809;1177822;983128;57.9;48.3
13;2021-08-01;1098;715;1178920;983843;57.9;48.4
13;2021-08-02;9942;6647;1188862;990490;58.4;48.7
13;2021-08-03;10927;7241;1199789;997731;59.0;49.0
13;2021-08-04;9349;6515;1209138;1004246;59.4;49.4
13;2021-08-05;9355;7479;1218493;1011725;59.9;49.7
13;2021-08-06;9070;8965;1227563;1020690;60.3;50.2
13;2021-08-07;5386;5524;1232949;1026214;60.6;50.4
13;2021-08-08;890;790;1233839;1027004;60.6;50.5
13;2021-08-09;8231;9006;1242070;1036010;61.1;50.9
13;2021-08-10;8922;8835;1250992;1044845;61.5;51.4
13;2021-08-11;7718;8464;1258710;1053309;61.9;51.8
13;2021-08-12;7569;9582;1266279;1062891;62.2;52.2
13;2021-08-13;6767;9079;1273046;1071970;62.6;52.7
13;2021-08-14;3662;6419;1276708;1078389;62.8;53.0
13;2021-08-15;467;722;1277175;1079111;62.8;53.0
13;2021-08-16;6357;10983;1283532;1090094;63.1;53.6
13;2021-08-17;6477;10496;1290009;1100590;63.4;54.1
14;2020-12-27;0;0;0;0;0.0;0.0
14;2020-12-28;1;1;1;1;0.0;0.0
14;2020-12-29;0;0;1;1;0.0;0.0
14;2020-12-30;0;0;1;1;0.0;0.0
14;2020-12-31;3;0;4;1;0.0;0.0
14;2021-01-01;1;0;5;1;0.0;0.0
14;2021-01-02;1;0;6;1;0.0;0.0
14;2021-01-03;0;0;6;1;0.0;0.0
14;2021-01-04;10;0;16;1;0.0;0.0
14;2021-01-05;24;0;40;1;0.0;0.0
14;2021-01-06;349;0;389;1;0.1;0.0
14;2021-01-07;400;2;789;3;0.1;0.0
14;2021-01-08;626;2;1415;5;0.2;0.0
14;2021-01-09;127;0;1542;5;0.2;0.0
14;2021-01-10;41;0;1583;5;0.2;0.0
14;2021-01-11;667;1;2250;6;0.3;0.0
14;2021-01-12;946;2;3196;8;0.5;0.0
14;2021-01-13;850;1;4046;9;0.6;0.0
14;2021-01-14;2824;17;6870;26;1.0;0.0
14;2021-01-15;1893;20;8763;46;1.3;0.0
14;2021-01-16;271;2;9034;48;1.3;0.0
14;2021-01-17;145;4;9179;52;1.3;0.0
14;2021-01-18;1085;4;10264;56;1.5;0.0
14;2021-01-19;1152;2;11416;58;1.7;0.0
14;2021-01-20;1987;4;13403;62;1.9;0.0
14;2021-01-21;1812;6;15215;68;2.2;0.0
14;2021-01-22;1492;3;16707;71;2.4;0.0
14;2021-01-23;297;1;17004;72;2.5;0.0
14;2021-01-24;71;0;17075;72;2.5;0.0
14;2021-01-25;910;10;17985;82;2.6;0.0
14;2021-01-26;848;37;18833;119;2.7;0.0
14;2021-01-27;882;158;19715;277;2.9;0.0
14;2021-01-28;782;143;20497;420;3.0;0.1
14;2021-01-29;782;227;21279;647;3.1;0.1
14;2021-01-30;269;12;21548;659;3.1;0.1
14;2021-01-31;58;3;21606;662;3.1;0.1
14;2021-02-01;727;230;22333;892;3.2;0.1
14;2021-02-02;824;424;23157;1316;3.3;0.2
14;2021-02-03;751;388;23908;1704;3.5;0.2
14;2021-02-04;1170;2060;25078;3764;3.6;0.5
14;2021-02-05;1294;1316;26372;5080;3.8;0.7
14;2021-02-06;394;240;26766;5320;3.9;0.8
14;2021-02-07;179;72;26945;5392;3.9;0.8
14;2021-02-08;774;825;27719;6217;4.0;0.9
14;2021-02-09;721;1009;28440;7226;4.1;1.0
14;2021-02-10;824;1609;29264;8835;4.2;1.3
14;2021-02-11;1352;1431;30616;10266;4.4;1.5
14;2021-02-12;1380;1082;31996;11348;4.6;1.6
14;2021-02-13;308;186;32304;11534;4.7;1.7
14;2021-02-14;84;65;32388;11599;4.7;1.7
14;2021-02-15;442;1083;32830;12682;4.7;1.8
14;2021-02-16;679;979;33509;13661;4.8;2.0
14;2021-02-17;405;983;33914;14644;4.9;2.1
14;2021-02-18;705;884;34619;15528;5.0;2.2
14;2021-02-19;733;782;35352;16310;5.1;2.4
14;2021-02-20;88;271;35440;16581;5.1;2.4
14;2021-02-21;6;90;35446;16671;5.1;2.4
14;2021-02-22;432;1045;35878;17716;5.2;2.6
14;2021-02-23;486;921;36364;18637;5.3;2.7
14;2021-02-24;439;893;36803;19530;5.3;2.8
14;2021-02-25;1223;1177;38026;20707;5.5;3.0
14;2021-02-26;1576;1167;39602;21874;5.7;3.2
14;2021-02-27;507;268;40109;22142;5.8;3.2
14;2021-02-28;27;42;40136;22184;5.8;3.2
14;2021-03-01;521;927;40657;23111;5.9;3.3
14;2021-03-02;967;809;41624;23920;6.0;3.5
14;2021-03-03;1078;837;42702;24757;6.2;3.6
14;2021-03-04;1947;789;44649;25546;6.5;3.7
14;2021-03-05;2429;873;47078;26419;6.8;3.8
14;2021-03-06;3075;204;50153;26623;7.3;3.9
14;2021-03-07;1196;61;51349;26684;7.4;3.9
14;2021-03-08;1249;814;52598;27498;7.6;4.0
14;2021-03-09;1741;698;54339;28196;7.9;4.1
14;2021-03-10;1834;589;56173;28785;8.1;4.2
14;2021-03-11;2757;475;58930;29260;8.5;4.2
14;2021-03-12;4045;565;62975;29825;9.1;4.3
14;2021-03-13;1853;175;64828;30000;9.4;4.3
14;2021-03-14;31;39;64859;30039;9.4;4.3
14;2021-03-15;2005;139;66864;30178;9.7;4.4
14;2021-03-16;1402;277;68266;30455;9.9;4.4
14;2021-03-17;1155;195;69421;30650;10.0;4.4
14;2021-03-18;1479;305;70900;30955;10.3;4.5
14;2021-03-19;2607;267;73507;31222;10.6;4.5
14;2021-03-20;2656;37;76163;31259;11.0;4.5
14;2021-03-21;454;8;76617;31267;11.1;4.5
14;2021-03-22;1873;360;78490;31627;11.4;4.6
14;2021-03-23;2176;322;80666;31949;11.7;4.6
14;2021-03-24;2432;195;83098;32144;12.0;4.6
14;2021-03-25;3291;320;86389;32464;12.5;4.7
14;2021-03-26;4608;470;90997;32934;13.2;4.8
14;2021-03-27;2231;229;93228;33163;13.5;4.8
14;2021-03-28;36;1;93264;33164;13.5;4.8
14;2021-03-29;1613;482;94877;33646;13.7;4.9
14;2021-03-30;2722;516;97599;34162;14.1;4.9
14;2021-03-31;2324;923;99923;35085;14.5;5.1
14;2021-04-01;4173;1678;104096;36763;15.1;5.3
14;2021-04-02;3867;1270;107963;38033;15.6;5.5
14;2021-04-03;1128;1203;109091;39236;15.8;5.7
14;2021-04-04;25;482;109116;39718;15.8;5.7
14;2021-04-05;1218;322;110334;40040;16.0;5.8
14;2021-04-06;2383;995;112717;41035;16.3;5.9
14;2021-04-07;2729;1034;115446;42069;16.7;6.1
14;2021-04-08;4300;1118;119746;43187;17.3;6.2
14;2021-04-09;6031;1178;125777;44365;18.2;6.4
14;2021-04-10;2895;435;128672;44800;18.6;6.5
14;2021-04-11;628;121;129300;44921;18.7;6.5
14;2021-04-12;2915;1585;132215;46506;19.1;6.7
14;2021-04-13;3470;1450;135685;47956;19.6;6.9
14;2021-04-14;3121;1168;138806;49124;20.1;7.1
14;2021-04-15;4399;1511;143205;50635;20.7;7.3
14;2021-04-16;4600;1560;147805;52195;21.4;7.5
14;2021-04-17;2314;1665;150119;53860;21.7;7.8
14;2021-04-18;539;325;150658;54185;21.8;7.8
14;2021-04-19;2758;1706;153416;55891;22.2;8.1
14;2021-04-20;3390;1833;156806;57724;22.7;8.3
14;2021-04-21;3012;1470;159818;59194;23.1;8.6
14;2021-04-22;4226;2085;164044;61279;23.7;8.9
14;2021-04-23;4645;2297;168689;63576;24.4;9.2
14;2021-04-24;1850;1756;170539;65332;24.7;9.4
14;2021-04-25;456;27;170995;65359;24.7;9.5
14;2021-04-26;3378;1568;174373;66927;25.2;9.7
14;2021-04-27;3504;2576;177877;69503;25.7;10.1
14;2021-04-28;3243;1897;181120;71400;26.2;10.3
14;2021-04-29;4545;2307;185665;73707;26.9;10.7
14;2021-04-30;5123;2641;190788;76348;27.6;11.0
14;2021-05-01;3554;196;194342;76544;28.1;11.1
14;2021-05-02;1237;55;195579;76599;28.3;11.1
14;2021-05-03;2484;2770;198063;79369;28.6;11.5
14;2021-05-04;3127;2913;201190;82282;29.1;11.9
14;2021-05-05;3686;2756;204876;85038;29.6;12.3
14;2021-05-06;4931;3488;209807;88526;30.3;12.8
14;2021-05-07;4866;3855;214673;92381;31.0;13.4
14;2021-05-08;2728;1264;217401;93645;31.4;13.5
14;2021-05-09;1915;668;219316;94313;31.7;13.6
14;2021-05-10;3635;3150;222951;97463;32.2;14.1
14;2021-05-11;4348;3606;227299;101069;32.9;14.6
14;2021-05-12;4050;3218;231349;104287;33.5;15.1
14;2021-05-13;4691;1131;236040;105418;34.1;15.2
14;2021-05-14;6675;2632;242715;108050;35.1;15.6
14;2021-05-15;5144;778;247859;108828;35.8;15.7
14;2021-05-16;2319;121;250178;108949;36.2;15.8
14;2021-05-17;2821;2263;252999;111212;36.6;16.1
14;2021-05-18;4089;2242;257088;113454;37.2;16.4
14;2021-05-19;3752;2020;260840;115474;37.7;16.7
14;2021-05-20;4480;2768;265320;118242;38.4;17.1
14;2021-05-21;4275;3528;269595;121770;39.0;17.6
14;2021-05-22;1670;866;271265;122636;39.2;17.7
14;2021-05-23;649;71;271914;122707;39.3;17.7
14;2021-05-24;2845;749;274759;123456;39.7;17.9
14;2021-05-25;3634;3387;278393;126843;40.3;18.3
14;2021-05-26;3435;2408;281828;129251;40.8;18.7
14;2021-05-27;4770;3241;286598;132492;41.4;19.2
14;2021-05-28;5093;3892;291691;136384;42.2;19.7
14;2021-05-29;2341;2457;294032;138841;42.5;20.1
14;2021-05-30;760;239;294792;139080;42.6;20.1
14;2021-05-31;4093;2968;298885;142048;43.2;20.5
14;2021-06-01;5741;3218;304626;145266;44.1;21.0
14;2021-06-02;5029;2857;309655;148123;44.8;21.4
14;2021-06-03;6661;4016;316316;152139;45.7;22.0
14;2021-06-04;6445;5135;322761;157274;46.7;22.7
14;2021-06-05;4357;1866;327118;159140;47.3;23.0
14;2021-06-06;2041;83;329159;159223;47.6;23.0
14;2021-06-07;4250;3452;333409;162675;48.2;23.5
14;2021-06-08;5238;3131;338647;165806;49.0;24.0
14;2021-06-09;4275;2969;342922;168775;49.6;24.4
14;2021-06-10;5081;2974;348003;171749;50.3;24.8
14;2021-06-11;4841;4888;352844;176637;51.0;25.5
14;2021-06-12;3680;4513;356524;181150;51.6;26.2
14;2021-06-13;849;1090;357373;182240;51.7;26.4
14;2021-06-14;2186;3793;359559;186033;52.0;26.9
14;2021-06-15;3315;3973;362874;190006;52.5;27.5
14;2021-06-16;3448;4556;366322;194562;53.0;28.1
14;2021-06-17;4234;5269;370556;199831;53.6;28.9
14;2021-06-18;3733;6119;374289;205950;54.1;29.8
14;2021-06-19;2591;2953;376880;208903;54.5;30.2
14;2021-06-20;579;1556;377459;210459;54.6;30.4
14;2021-06-21;2123;4360;379582;214819;54.9;31.1
14;2021-06-22;2584;5178;382166;219997;55.3;31.8
14;2021-06-23;2501;4347;384667;224344;55.6;32.4
14;2021-06-24;3451;5809;388118;230153;56.1;33.3
14;2021-06-25;2748;7276;390866;237429;56.5;34.3
14;2021-06-26;2176;4540;393042;241969;56.8;35.0
14;2021-06-27;440;1829;393482;243798;56.9;35.3
14;2021-06-28;1311;3971;394793;247769;57.1;35.8
14;2021-06-29;1789;5367;396582;253136;57.4;36.6
14;2021-06-30;2022;4619;398604;257755;57.6;37.3
14;2021-07-01;2932;5068;401536;262823;58.1;38.0
14;2021-07-02;2596;6669;404132;269492;58.4;39.0
14;2021-07-03;1429;2646;405561;272138;58.7;39.4
14;2021-07-04;421;713;405982;272851;58.7;39.5
14;2021-07-05;1191;4778;407173;277629;58.9;40.2
14;2021-07-06;2091;6002;409264;283631;59.2;41.0
14;2021-07-07;2256;4576;411520;288207;59.5;41.7
14;2021-07-08;2908;5523;414428;293730;59.9;42.5
14;2021-07-09;2767;6437;417195;300167;60.3;43.4
14;2021-07-10;2040;3201;419235;303368;60.6;43.9
14;2021-07-11;900;872;420135;304240;60.8;44.0
14;2021-07-12;1634;5901;421769;310141;61.0;44.9
14;2021-07-13;3075;7338;424844;317479;61.4;45.9
14;2021-07-14;2255;3060;427099;320539;61.8;46.4
14;2021-07-15;4163;7661;431262;328200;62.4;47.5
14;2021-07-16;4703;7697;435965;335897;63.1;48.6
14;2021-07-17;2110;4207;438075;340104;63.4;49.2
14;2021-07-18;819;1868;438894;341972;63.5;49.5
14;2021-07-19;2588;6124;441482;348096;63.8;50.3
14;2021-07-20;3243;7262;444725;355358;64.3;51.4
14;2021-07-21;4100;5844;448825;361202;64.9;52.2
14;2021-07-22;4824;6605;453649;367807;65.6;53.2
14;2021-07-23;5370;6765;459019;374572;66.4;54.2
14;2021-07-24;3075;3793;462094;378365;66.8;54.7
14;2021-07-25;1499;1246;463593;379611;67.0;54.9
14;2021-07-26;4667;4186;468260;383797;67.7;55.5
14;2021-07-27;5371;4361;473631;388158;68.5;56.1
14;2021-07-28;5087;3974;478718;392132;69.2;56.7
14;2021-07-29;6398;4884;485116;397016;70.2;57.4
14;2021-07-30;5801;5169;490917;402185;71.0;58.2
14;2021-07-31;2763;2505;493680;404690;71.4;58.5
14;2021-08-01;1890;935;495570;405625;71.7;58.7
14;2021-08-02;3881;4291;499451;409916;72.2;59.3
14;2021-08-03;4449;4163;503900;414079;72.9;59.9
14;2021-08-04;4521;3536;508421;417615;73.5;60.4
14;2021-08-05;4630;4030;513051;421645;74.2;61.0
14;2021-08-06;4412;4807;517463;426452;74.8;61.7
14;2021-08-07;2125;2297;519588;428749;75.1;62.0
14;2021-08-08;631;852;520219;429601;75.2;62.1
14;2021-08-09;2125;2879;522344;432480;75.5;62.5
14;2021-08-10;3647;4173;525991;436653;76.1;63.2
14;2021-08-11;3055;3456;529046;440109;76.5;63.6
14;2021-08-12;3468;4335;532514;444444;77.0;64.3
14;2021-08-13;2621;4124;535135;448568;77.4;64.9
14;2021-08-14;1321;1995;536456;450563;77.6;65.2
14;2021-08-15;388;1481;536844;452044;77.6;65.4
14;2021-08-16;1816;2773;538660;454817;77.9;65.8
14;2021-08-17;2250;4560;540910;459377;78.2;66.4
15;2020-12-27;2;0;2;0;0.0;0.0
15;2020-12-28;0;0;2;0;0.0;0.0
15;2020-12-29;0;0;2;0;0.0;0.0
15;2020-12-30;0;0;2;0;0.0;0.0
15;2020-12-31;0;0;2;0;0.0;0.0
15;2021-01-01;1;0;3;0;0.0;0.0
15;2021-01-02;0;0;3;0;0.0;0.0
15;2021-01-03;0;0;3;0;0.0;0.0
15;2021-01-04;0;0;3;0;0.0;0.0
15;2021-01-05;0;0;3;0;0.0;0.0
15;2021-01-06;0;0;3;0;0.0;0.0
15;2021-01-07;72;0;75;0;0.1;0.0
15;2021-01-08;110;0;185;0;0.1;0.0
15;2021-01-09;0;0;185;0;0.1;0.0
15;2021-01-10;2;0;187;0;0.1;0.0
15;2021-01-11;99;0;286;0;0.2;0.0
15;2021-01-12;94;0;380;0;0.3;0.0
15;2021-01-13;230;0;610;0;0.4;0.0
15;2021-01-14;309;1;919;1;0.6;0.0
15;2021-01-15;138;0;1057;1;0.7;0.0
15;2021-01-16;90;0;1147;1;0.8;0.0
15;2021-01-17;0;0;1147;1;0.8;0.0
15;2021-01-18;404;2;1551;3;1.1;0.0
15;2021-01-19;550;0;2101;3;1.5;0.0
15;2021-01-20;626;1;2727;4;1.9;0.0
15;2021-01-21;576;3;3303;7;2.3;0.0
15;2021-01-22;503;2;3806;9;2.7;0.0
15;2021-01-23;432;1;4238;10;3.0;0.0
15;2021-01-24;6;0;4244;10;3.0;0.0
15;2021-01-25;400;0;4644;10;3.3;0.0
15;2021-01-26;437;0;5081;10;3.6;0.0
15;2021-01-27;735;7;5816;17;4.1;0.0
15;2021-01-28;624;53;6440;70;4.5;0.0
15;2021-01-29;334;82;6774;152;4.7;0.1
15;2021-01-30;218;3;6992;155;4.9;0.1
15;2021-01-31;1;1;6993;156;4.9;0.1
15;2021-02-01;238;89;7231;245;5.1;0.2
15;2021-02-02;188;91;7419;336;5.2;0.2
15;2021-02-03;266;159;7685;495;5.4;0.3
15;2021-02-04;663;205;8348;700;5.8;0.5
15;2021-02-05;297;256;8645;956;6.1;0.7
15;2021-02-06;98;76;8743;1032;6.1;0.7
15;2021-02-07;0;0;8743;1032;6.1;0.7
15;2021-02-08;233;107;8976;1139;6.3;0.8
15;2021-02-09;205;119;9181;1258;6.4;0.9
15;2021-02-10;338;300;9519;1558;6.7;1.1
15;2021-02-11;117;239;9636;1797;6.7;1.3
15;2021-02-12;136;160;9772;1957;6.8;1.4
15;2021-02-13;92;78;9864;2035;6.9;1.4
15;2021-02-14;0;0;9864;2035;6.9;1.4
15;2021-02-15;63;215;9927;2250;7.0;1.6
15;2021-02-16;52;295;9979;2545;7.0;1.8
15;2021-02-17;134;474;10113;3019;7.1;2.1
15;2021-02-18;87;749;10200;3768;7.1;2.6
15;2021-02-19;90;431;10290;4199;7.2;2.9
15;2021-02-20;20;259;10310;4458;7.2;3.1
15;2021-02-21;0;0;10310;4458;7.2;3.1
15;2021-02-22;23;497;10333;4955;7.2;3.5
15;2021-02-23;180;457;10513;5412;7.4;3.8
15;2021-02-24;31;456;10544;5868;7.4;4.1
15;2021-02-25;228;1002;10772;6870;7.5;4.8
15;2021-02-26;186;476;10958;7346;7.7;5.1
15;2021-02-27;146;88;11104;7434;7.8;5.2
15;2021-02-28;1;0;11105;7434;7.8;5.2
15;2021-03-01;121;222;11226;7656;7.9;5.4
15;2021-03-02;250;307;11476;7963;8.0;5.6
15;2021-03-03;207;29;11683;7992;8.2;5.6
15;2021-03-04;246;248;11929;8240;8.4;5.8
15;2021-03-05;348;174;12277;8414;8.6;5.9
15;2021-03-06;680;11;12957;8425;9.1;5.9
15;2021-03-07;81;1;13038;8426;9.1;5.9
15;2021-03-08;93;106;13131;8532;9.2;6.0
15;2021-03-09;281;294;13412;8826;9.4;6.2
15;2021-03-10;416;176;13828;9002;9.7;6.3
15;2021-03-11;434;296;14262;9298;10.0;6.5
15;2021-03-12;525;95;14787;9393;10.4;6.6
15;2021-03-13;355;7;15142;9400;10.6;6.6
15;2021-03-14;18;0;15160;9400;10.6;6.6
15;2021-03-15;542;64;15702;9464;11.0;6.6
15;2021-03-16;328;21;16030;9485;11.2;6.6
15;2021-03-17;130;53;16160;9538;11.3;6.7
15;2021-03-18;250;95;16410;9633;11.5;6.7
15;2021-03-19;669;31;17079;9664;12.0;6.8
15;2021-03-20;148;36;17227;9700;12.1;6.8
15;2021-03-21;6;0;17233;9700;12.1;6.8
15;2021-03-22;575;79;17808;9779;12.5;6.8
15;2021-03-23;775;97;18583;9876;13.0;6.9
15;2021-03-24;937;35;19520;9911;13.7;6.9
15;2021-03-25;1282;30;20802;9941;14.6;7.0
15;2021-03-26;1009;61;21811;10002;15.3;7.0
15;2021-03-27;301;6;22112;10008;15.5;7.0
15;2021-03-28;20;0;22132;10008;15.5;7.0
15;2021-03-29;781;18;22913;10026;16.0;7.0
15;2021-03-30;1134;201;24047;10227;16.8;7.2
15;2021-03-31;941;23;24988;10250;17.5;7.2
15;2021-04-01;1233;57;26221;10307;18.4;7.2
15;2021-04-02;1142;61;27363;10368;19.2;7.3
15;2021-04-03;120;18;27483;10386;19.2;7.3
15;2021-04-04;0;0;27483;10386;19.2;7.3
15;2021-04-05;33;1;27516;10387;19.3;7.3
15;2021-04-06;834;85;28350;10472;19.9;7.3
15;2021-04-07;663;105;29013;10577;20.3;7.4
15;2021-04-08;1247;144;30260;10721;21.2;7.5
15;2021-04-09;1277;100;31537;10821;22.1;7.6
15;2021-04-10;364;19;31901;10840;22.3;7.6
15;2021-04-11;14;0;31915;10840;22.3;7.6
15;2021-04-12;644;458;32559;11298;22.8;7.9
15;2021-04-13;1124;322;33683;11620;23.6;8.1
15;2021-04-14;1038;200;34721;11820;24.3;8.3
15;2021-04-15;1183;308;35904;12128;25.1;8.5
15;2021-04-16;1038;555;36942;12683;25.9;8.9
15;2021-04-17;445;13;37387;12696;26.2;8.9
15;2021-04-18;0;10;37387;12706;26.2;8.9
15;2021-04-19;539;513;37926;13219;26.6;9.3
15;2021-04-20;847;614;38773;13833;27.1;9.7
15;2021-04-21;594;650;39367;14483;27.6;10.1
15;2021-04-22;728;775;40095;15258;28.1;10.7
15;2021-04-23;731;680;40826;15938;28.6;11.2
15;2021-04-24;363;123;41189;16061;28.8;11.2
15;2021-04-25;1;3;41190;16064;28.8;11.2
15;2021-04-26;325;632;41515;16696;29.1;11.7
15;2021-04-27;469;938;41984;17634;29.4;12.3
15;2021-04-28;383;788;42367;18422;29.7;12.9
15;2021-04-29;586;1012;42953;19434;30.1;13.6
15;2021-04-30;547;1078;43500;20512;30.5;14.4
15;2021-05-01;283;30;43783;20542;30.7;14.4
15;2021-05-02;0;0;43783;20542;30.7;14.4
15;2021-05-03;881;331;44664;20873;31.3;14.6
15;2021-05-04;802;857;45466;21730;31.8;15.2
15;2021-05-05;676;680;46142;22410;32.3;15.7
15;2021-05-06;826;967;46968;23377;32.9;16.4
15;2021-05-07;1154;906;48122;24283;33.7;17.0
15;2021-05-08;491;55;48613;24338;34.0;17.0
15;2021-05-09;24;9;48637;24347;34.1;17.0
15;2021-05-10;705;912;49342;25259;34.6;17.7
15;2021-05-11;1185;1185;50527;26444;35.4;18.5
15;2021-05-12;1147;836;51674;27280;36.2;19.1
15;2021-05-13;1165;440;52839;27720;37.0;19.4
15;2021-05-14;1504;582;54343;28302;38.1;19.8
15;2021-05-15;1410;417;55753;28719;39.0;20.1
15;2021-05-16;1;10;55754;28729;39.0;20.1
15;2021-05-17;999;606;56753;29335;39.7;20.5
15;2021-05-18;1222;972;57975;30307;40.6;21.2
15;2021-05-19;1020;460;58995;30767;41.3;21.5
15;2021-05-20;1239;779;60234;31546;42.2;22.1
15;2021-05-21;1349;747;61583;32293;43.1;22.6
15;2021-05-22;527;188;62110;32481;43.5;22.7
15;2021-05-23;2;11;62112;32492;43.5;22.8
15;2021-05-24;693;257;62805;32749;44.0;22.9
15;2021-05-25;1151;620;63956;33369;44.8;23.4
15;2021-05-26;1095;460;65051;33829;45.6;23.7
15;2021-05-27;1270;660;66321;34489;46.4;24.2
15;2021-05-28;1509;886;67830;35375;47.5;24.8
15;2021-05-29;984;361;68814;35736;48.2;25.0
15;2021-05-30;14;25;68828;35761;48.2;25.0
15;2021-05-31;1201;480;70029;36241;49.0;25.4
15;2021-06-01;1400;571;71429;36812;50.0;25.8
15;2021-06-02;865;419;72294;37231;50.6;26.1
15;2021-06-03;932;708;73226;37939;51.3;26.6
15;2021-06-04;1076;719;74302;38658;52.0;27.1
15;2021-06-05;651;264;74953;38922;52.5;27.3
15;2021-06-06;16;20;74969;38942;52.5;27.3
15;2021-06-07;797;350;75766;39292;53.1;27.5
15;2021-06-08;477;396;76243;39688;53.4;27.8
15;2021-06-09;377;377;76620;40065;53.7;28.1
15;2021-06-10;275;425;76895;40490;53.8;28.4
15;2021-06-11;661;1099;77556;41589;54.3;29.1
15;2021-06-12;377;467;77933;42056;54.6;29.4
15;2021-06-13;11;6;77944;42062;54.6;29.5
15;2021-06-14;542;976;78486;43038;55.0;30.1
15;2021-06-15;450;1164;78936;44202;55.3;31.0
15;2021-06-16;543;899;79479;45101;55.7;31.6
15;2021-06-17;290;935;79769;46036;55.9;32.2
15;2021-06-18;741;1204;80510;47240;56.4;33.1
15;2021-06-19;543;705;81053;47945;56.8;33.6
15;2021-06-20;11;1;81064;47946;56.8;33.6
15;2021-06-21;281;1041;81345;48987;57.0;34.3
15;2021-06-22;232;1479;81577;50466;57.1;35.3
15;2021-06-23;346;1446;81923;51912;57.4;36.4
15;2021-06-24;292;1093;82215;53005;57.6;37.1
15;2021-06-25;379;1642;82594;54647;57.8;38.3
15;2021-06-26;165;908;82759;55555;58.0;38.9
15;2021-06-27;0;0;82759;55555;58.0;38.9
15;2021-06-28;176;1227;82935;56782;58.1;39.8
15;2021-06-29;302;1265;83237;58047;58.3;40.6
15;2021-06-30;268;982;83505;59029;58.5;41.3
15;2021-07-01;381;1220;83886;60249;58.7;42.2
15;2021-07-02;410;1349;84296;61598;59.0;43.1
15;2021-07-03;251;708;84547;62306;59.2;43.6
15;2021-07-04;1;1;84548;62307;59.2;43.6
15;2021-07-05;247;1259;84795;63566;59.4;44.5
15;2021-07-06;272;1468;85067;65034;59.6;45.5
15;2021-07-07;254;1344;85321;66378;59.7;46.5
15;2021-07-08;489;1351;85810;67729;60.1;47.4
15;2021-07-09;482;1786;86292;69515;60.4;48.7
15;2021-07-10;215;865;86507;70380;60.6;49.3
15;2021-07-11;9;5;86516;70385;60.6;49.3
15;2021-07-12;272;1485;86788;71870;60.8;50.3
15;2021-07-13;580;1768;87368;73638;61.2;51.6
15;2021-07-14;10;131;87378;73769;61.2;51.7
15;2021-07-15;1131;729;88509;74498;62.0;52.2
15;2021-07-16;1138;1337;89647;75835;62.8;53.1
15;2021-07-17;819;953;90466;76788;63.3;53.8
15;2021-07-18;0;3;90466;76791;63.3;53.8
15;2021-07-19;1074;1272;91540;78063;64.1;54.7
15;2021-07-20;1613;568;93153;78631;65.2;55.1
15;2021-07-21;1184;605;94337;79236;66.1;55.5
15;2021-07-22;894;513;95231;79749;66.7;55.8
15;2021-07-23;1339;1062;96570;80811;67.6;56.6
15;2021-07-24;626;770;97196;81581;68.1;57.1
15;2021-07-25;1;24;97197;81605;68.1;57.1
15;2021-07-26;1244;597;98441;82202;68.9;57.6
15;2021-07-27;1686;568;100127;82770;70.1;58.0
15;2021-07-28;1231;588;101358;83358;71.0;58.4
15;2021-07-29;830;399;102188;83757;71.6;58.6
15;2021-07-30;1003;1131;103191;84888;72.3;59.4
15;2021-07-31;601;638;103792;85526;72.7;59.9
15;2021-08-01;21;12;103813;85538;72.7;59.9
15;2021-08-02;1143;541;104956;86079;73.5;60.3
15;2021-08-03;1155;383;106111;86462;74.3;60.5
15;2021-08-04;787;409;106898;86871;74.9;60.8
15;2021-08-05;383;284;107281;87155;75.1;61.0
15;2021-08-06;788;1239;108069;88394;75.7;61.9
15;2021-08-07;262;1164;108331;89558;75.9;62.7
15;2021-08-08;3;6;108334;89564;75.9;62.7
15;2021-08-09;512;1165;108846;90729;76.2;63.5
15;2021-08-10;432;725;109278;91454;76.5;64.0
15;2021-08-11;411;1007;109689;92461;76.8;64.7
15;2021-08-12;521;1181;110210;93642;77.2;65.6
15;2021-08-13;678;1133;110888;94775;77.6;66.4
15;2021-08-14;177;552;111065;95327;77.8;66.8
15;2021-08-15;14;9;111079;95336;77.8;66.8
15;2021-08-16;383;1133;111462;96469;78.0;67.6
15;2021-08-17;387;1140;111849;97609;78.3;68.3
16;2020-12-27;0;0;0;0;0.0;0.0
16;2020-12-28;0;0;0;0;0.0;0.0
16;2020-12-29;0;0;0;0;0.0;0.0
16;2020-12-30;0;0;0;0;0.0;0.0
16;2020-12-31;0;0;0;0;0.0;0.0
16;2021-01-01;0;0;0;0;0.0;0.0
16;2021-01-02;0;0;0;0;0.0;0.0
16;2021-01-03;0;0;0;0;0.0;0.0
16;2021-01-04;1;0;1;0;0.0;0.0
16;2021-01-05;1;0;2;0;0.0;0.0
16;2021-01-06;88;0;90;0;0.0;0.0
16;2021-01-07;239;0;329;0;0.1;0.0
16;2021-01-08;465;2;794;2;0.2;0.0
16;2021-01-09;1;0;795;2;0.2;0.0
16;2021-01-10;1;0;796;2;0.2;0.0
16;2021-01-11;304;0;1100;2;0.3;0.0
16;2021-01-12;437;1;1537;3;0.4;0.0
16;2021-01-13;480;0;2017;3;0.6;0.0
16;2021-01-14;600;6;2617;9;0.8;0.0
16;2021-01-15;504;4;3121;13;0.9;0.0
16;2021-01-16;0;0;3121;13;0.9;0.0
16;2021-01-17;0;0;3121;13;0.9;0.0
16;2021-01-18;430;5;3551;18;1.0;0.0
16;2021-01-19;833;2;4384;20;1.3;0.0
16;2021-01-20;1181;2;5565;22;1.6;0.0
16;2021-01-21;1354;3;6919;25;2.0;0.0
16;2021-01-22;1114;0;8033;25;2.3;0.0
16;2021-01-23;183;0;8216;25;2.4;0.0
16;2021-01-24;0;0;8216;25;2.4;0.0
16;2021-01-25;641;2;8857;27;2.5;0.0
16;2021-01-26;1025;0;9882;27;2.8;0.0
16;2021-01-27;1402;105;11284;132;3.2;0.0
16;2021-01-28;1259;60;12543;192;3.6;0.1
16;2021-01-29;743;140;13286;332;3.8;0.1
16;2021-01-30;36;0;13322;332;3.8;0.1
16;2021-01-31;0;0;13322;332;3.8;0.1
16;2021-02-01;394;204;13716;536;3.9;0.2
16;2021-02-02;576;174;14292;710;4.1;0.2
16;2021-02-03;621;352;14913;1062;4.3;0.3
16;2021-02-04;463;271;15376;1333;4.4;0.4
16;2021-02-05;505;277;15881;1610;4.6;0.5
16;2021-02-06;3;80;15884;1690;4.6;0.5
16;2021-02-07;41;2;15925;1692;4.6;0.5
16;2021-02-08;355;220;16280;1912;4.7;0.5
16;2021-02-09;648;294;16928;2206;4.9;0.6
16;2021-02-10;693;680;17621;2886;5.1;0.8
16;2021-02-11;798;613;18419;3499;5.3;1.0
16;2021-02-12;623;833;19042;4332;5.5;1.2
16;2021-02-13;42;78;19084;4410;5.5;1.3
16;2021-02-14;2;7;19086;4417;5.5;1.3
16;2021-02-15;216;668;19302;5085;5.5;1.5
16;2021-02-16;374;958;19676;6043;5.7;1.7
16;2021-02-17;350;1310;20026;7353;5.8;2.1
16;2021-02-18;510;1255;20536;8608;5.9;2.5
16;2021-02-19;389;795;20925;9403;6.0;2.7
16;2021-02-20;2;8;20927;9411;6.0;2.7
16;2021-02-21;0;0;20927;9411;6.0;2.7
16;2021-02-22;135;541;21062;9952;6.0;2.9
16;2021-02-23;205;925;21267;10877;6.1;3.1
16;2021-02-24;274;897;21541;11774;6.2;3.4
16;2021-02-25;395;689;21936;12463;6.3;3.6
16;2021-02-26;478;500;22414;12963;6.4;3.7
16;2021-02-27;249;1;22663;12964;6.5;3.7
16;2021-02-28;5;5;22668;12969;6.5;3.7
16;2021-03-01;152;328;22820;13297;6.6;3.8
16;2021-03-02;272;671;23092;13968;6.6;4.0
16;2021-03-03;391;727;23483;14695;6.7;4.2
16;2021-03-04;806;571;24289;15266;7.0;4.4
16;2021-03-05;1142;542;25431;15808;7.3;4.5
16;2021-03-06;751;13;26182;15821;7.5;4.5
16;2021-03-07;94;18;26276;15839;7.5;4.5
16;2021-03-08;437;320;26713;16159;7.7;4.6
16;2021-03-09;774;701;27487;16860;7.9;4.8
16;2021-03-10;606;669;28093;17529;8.1;5.0
16;2021-03-11;1446;531;29539;18060;8.5;5.2
16;2021-03-12;1164;460;30703;18520;8.8;5.3
16;2021-03-13;765;13;31468;18533;9.0;5.3
16;2021-03-14;1;0;31469;18533;9.0;5.3
16;2021-03-15;461;184;31930;18717;9.2;5.4
16;2021-03-16;859;421;32789;19138;9.4;5.5
16;2021-03-17;590;286;33379;19424;9.6;5.6
16;2021-03-18;1031;283;34410;19707;9.9;5.7
16;2021-03-19;1101;248;35511;19955;10.2;5.7
16;2021-03-20;396;5;35907;19960;10.3;5.7
16;2021-03-21;9;0;35916;19960;10.3;5.7
16;2021-03-22;727;100;36643;20060;10.5;5.8
16;2021-03-23;1463;104;38106;20164;10.9;5.8
16;2021-03-24;1120;185;39226;20349;11.3;5.8
16;2021-03-25;2046;91;41272;20440;11.9;5.9
16;2021-03-26;1916;97;43188;20537;12.4;5.9
16;2021-03-27;433;22;43621;20559;12.5;5.9
16;2021-03-28;0;0;43621;20559;12.5;5.9
16;2021-03-29;925;61;44546;20620;12.8;5.9
16;2021-03-30;1883;179;46429;20799;13.3;6.0
16;2021-03-31;1514;134;47943;20933;13.8;6.0
16;2021-04-01;2007;401;49950;21334;14.3;6.1
16;2021-04-02;1442;380;51392;21714;14.8;6.2
16;2021-04-03;288;5;51680;21719;14.8;6.2
16;2021-04-04;1;0;51681;21719;14.8;6.2
16;2021-04-05;2;0;51683;21719;14.8;6.2
16;2021-04-06;2013;544;53696;22263;15.4;6.4
16;2021-04-07;1952;402;55648;22665;16.0;6.5
16;2021-04-08;2824;590;58472;23255;16.8;6.7
16;2021-04-09;2694;554;61166;23809;17.6;6.8
16;2021-04-10;1290;37;62456;23846;17.9;6.8
16;2021-04-11;2;0;62458;23846;17.9;6.8
16;2021-04-12;1431;315;63889;24161;18.3;6.9
16;2021-04-13;2125;841;66014;25002;19.0;7.2
16;2021-04-14;1952;633;67966;25635;19.5;7.4
16;2021-04-15;2103;986;70069;26621;20.1;7.6
16;2021-04-16;2040;786;72109;27407;20.7;7.9
16;2021-04-17;1507;85;73616;27492;21.1;7.9
16;2021-04-18;197;3;73813;27495;21.2;7.9
16;2021-04-19;1440;524;75253;28019;21.6;8.0
16;2021-04-20;2054;1232;77307;29251;22.2;8.4
16;2021-04-21;1777;741;79084;29992;22.7;8.6
16;2021-04-22;2292;1004;81376;30996;23.4;8.9
16;2021-04-23;2361;1172;83737;32168;24.0;9.2
16;2021-04-24;829;37;84566;32205;24.3;9.2
16;2021-04-25;117;8;84683;32213;24.3;9.3
16;2021-04-26;1401;806;86084;33019;24.7;9.5
16;2021-04-27;2057;1417;88141;34436;25.3;9.9
16;2021-04-28;1590;1129;89731;35565;25.8;10.2
16;2021-04-29;2247;1497;91978;37062;26.4;10.6
16;2021-04-30;2856;1342;94834;38404;27.2;11.0
16;2021-05-01;353;60;95187;38464;27.3;11.0
16;2021-05-02;155;13;95342;38477;27.4;11.1
16;2021-05-03;2610;537;97952;39014;28.1;11.2
16;2021-05-04;2060;2046;100012;41060;28.7;11.8
16;2021-05-05;1689;1832;101701;42892;29.2;12.3
16;2021-05-06;1888;2244;103589;45136;29.8;13.0
16;2021-05-07;3070;2124;106659;47260;30.6;13.6
16;2021-05-08;1198;468;107857;47728;31.0;13.7
16;2021-05-09;530;26;108387;47754;31.1;13.7
16;2021-05-10;1931;1626;110318;49380;31.7;14.2
16;2021-05-11;2354;1962;112672;51342;32.4;14.7
16;2021-05-12;1732;1798;114404;53140;32.9;15.3
16;2021-05-13;1461;355;115865;53495;33.3;15.4
16;2021-05-14;1989;1562;117854;55057;33.8;15.8
16;2021-05-15;596;896;118450;55953;34.0;16.1
16;2021-05-16;132;6;118582;55959;34.1;16.1
16;2021-05-17;1609;1286;120191;57245;34.5;16.4
16;2021-05-18;2759;1423;122950;58668;35.3;16.8
16;2021-05-19;2006;1238;124956;59906;35.9;17.2
16;2021-05-20;2835;1387;127791;61293;36.7;17.6
16;2021-05-21;2945;1398;130736;62691;37.5;18.0
16;2021-05-22;412;711;131148;63402;37.7;18.2
16;2021-05-23;210;11;131358;63413;37.7;18.2
16;2021-05-24;1261;235;132619;63648;38.1;18.3
16;2021-05-25;2762;1460;135381;65108;38.9;18.7
16;2021-05-26;1834;1189;137215;66297;39.4;19.0
16;2021-05-27;2418;1583;139633;67880;40.1;19.5
16;2021-05-28;2897;1570;142530;69450;40.9;19.9
16;2021-05-29;814;883;143344;70333;41.2;20.2
16;2021-05-30;1;4;143345;70337;41.2;20.2
16;2021-05-31;1984;1104;145329;71441;41.7;20.5
16;2021-06-01;2344;1715;147673;73156;42.4;21.0
16;2021-06-02;1822;1504;149495;74660;42.9;21.4
16;2021-06-03;2622;1762;152117;76422;43.7;21.9
16;2021-06-04;2833;2032;154950;78454;44.5;22.5
16;2021-06-05;1006;549;155956;79003;44.8;22.7
16;2021-06-06;160;28;156116;79031;44.8;22.7
16;2021-06-07;1991;1282;158107;80313;45.4;23.1
16;2021-06-08;2396;1998;160503;82311;46.1;23.6
16;2021-06-09;2530;1615;163033;83926;46.8;24.1
16;2021-06-10;2571;2002;165604;85928;47.6;24.7
16;2021-06-11;2152;2736;167756;88664;48.2;25.5
16;2021-06-12;1614;517;169370;89181;48.6;25.6
16;2021-06-13;261;72;169631;89253;48.7;25.6
16;2021-06-14;796;2797;170427;92050;48.9;26.4
16;2021-06-15;1865;2624;172292;94674;49.5;27.2
16;2021-06-16;1577;2087;173869;96761;49.9;27.8
16;2021-06-17;2041;2511;175910;99272;50.5;28.5
16;2021-06-18;2062;3220;177972;102492;51.1;29.4
16;2021-06-19;1352;1313;179324;103805;51.5;29.8
16;2021-06-20;243;28;179567;103833;51.6;29.8
16;2021-06-21;1411;2173;180978;106006;52.0;30.4
16;2021-06-22;1674;2942;182652;108948;52.5;31.3
16;2021-06-23;1565;2020;184217;110968;52.9;31.9
16;2021-06-24;1926;2168;186143;113136;53.5;32.5
16;2021-06-25;1984;2726;188127;115862;54.0;33.3
16;2021-06-26;1061;724;189188;116586;54.3;33.5
16;2021-06-27;132;25;189320;116611;54.4;33.5
16;2021-06-28;1164;1965;190484;118576;54.7;34.1
16;2021-06-29;1282;3359;191766;121935;55.1;35.0
16;2021-06-30;1337;2712;193103;124647;55.5;35.8
16;2021-07-01;1863;3158;194966;127805;56.0;36.7
16;2021-07-02;1425;3581;196391;131386;56.4;37.7
16;2021-07-03;691;1111;197082;132497;56.6;38.1
16;2021-07-04;3;15;197085;132512;56.6;38.1
16;2021-07-05;813;2298;197898;134810;56.8;38.7
16;2021-07-06;1278;3367;199176;138177;57.2;39.7
16;2021-07-07;866;2275;200042;140452;57.5;40.3
16;2021-07-08;1232;2738;201274;143190;57.8;41.1
16;2021-07-09;1112;3713;202386;146903;58.1;42.2
16;2021-07-10;338;1339;202724;148242;58.2;42.6
16;2021-07-11;2;13;202726;148255;58.2;42.6
16;2021-07-12;634;2442;203360;150697;58.4;43.3
16;2021-07-13;1384;3529;204744;154226;58.8;44.3
16;2021-07-14;798;877;205542;155103;59.0;44.5
16;2021-07-15;1245;3410;206787;158513;59.4;45.5
16;2021-07-16;1494;3383;208281;161896;59.8;46.5
16;2021-07-17;537;1189;208818;163085;60.0;46.8
16;2021-07-18;14;6;208832;163091;60.0;46.8
16;2021-07-19;617;2856;209449;165947;60.2;47.7
16;2021-07-20;1122;3294;210571;169241;60.5;48.6
16;2021-07-21;1117;2621;211688;171862;60.8;49.4
16;2021-07-22;1865;2868;213553;174730;61.3;50.2
16;2021-07-23;1542;3548;215095;178278;61.8;51.2
16;2021-07-24;638;1213;215733;179491;62.0;51.6
16;2021-07-25;11;11;215744;179502;62.0;51.6
16;2021-07-26;1526;2128;217270;181630;62.4;52.2
16;2021-07-27;1856;2820;219126;184450;62.9;53.0
16;2021-07-28;1858;2320;220984;186770;63.5;53.6
16;2021-07-29;2235;2475;223219;189245;64.1;54.4
16;2021-07-30;2343;3113;225562;192358;64.8;55.2
16;2021-07-31;955;1354;226517;193712;65.1;55.6
16;2021-08-01;186;22;226703;193734;65.1;55.6
16;2021-08-02;2114;1828;228817;195562;65.7;56.2
16;2021-08-03;2109;2342;230926;197904;66.3;56.8
16;2021-08-04;2111;1886;233037;199790;66.9;57.4
16;2021-08-05;2754;1655;235791;201445;67.7;57.9
16;2021-08-06;2504;2363;238295;203808;68.4;58.5
16;2021-08-07;829;558;239124;204366;68.7;58.7
16;2021-08-08;34;37;239158;204403;68.7;58.7
16;2021-08-09;2176;1061;241334;205464;69.3;59.0
16;2021-08-10;2884;1585;244218;207049;70.1;59.5
16;2021-08-11;2593;1232;246811;208281;70.9;59.8
16;2021-08-12;1993;1736;248804;210017;71.5;60.3
16;2021-08-13;2658;1459;251462;211476;72.2;60.7
16;2021-08-14;753;452;252215;211928;72.4;60.9
16;2021-08-15;27;3;252242;211931;72.4;60.9
16;2021-08-16;1333;1583;253575;213514;72.8;61.3
16;2021-08-17;1808;1619;255383;215133;73.3;61.8
17;2020-12-27;0;0;0;0;0.0;0.0
17;2020-12-28;0;0;0;0;0.0;0.0
17;2020-12-29;0;0;0;0;0.0;0.0
17;2020-12-30;1;0;1;0;0.0;0.0
17;2020-12-31;0;0;1;0;0.0;0.0
17;2021-01-01;1;0;2;0;0.0;0.0
17;2021-01-02;1;0;3;0;0.0;0.0
17;2021-01-03;0;0;3;0;0.0;0.0
17;2021-01-04;56;0;59;0;0.0;0.0
17;2021-01-05;98;0;157;0;0.0;0.0
17;2021-01-06;132;0;289;0;0.0;0.0
17;2021-01-07;485;1;774;1;0.1;0.0
17;2021-01-08;418;0;1192;1;0.2;0.0
17;2021-01-09;0;0;1192;1;0.2;0.0
17;2021-01-10;1;0;1193;1;0.2;0.0
17;2021-01-11;380;1;1573;2;0.2;0.0
17;2021-01-12;746;1;2319;3;0.4;0.0
17;2021-01-13;653;2;2972;5;0.5;0.0
17;2021-01-14;616;9;3588;14;0.6;0.0
17;2021-01-15;680;1;4268;15;0.7;0.0
17;2021-01-16;128;2;4396;17;0.7;0.0
17;2021-01-17;19;0;4415;17;0.7;0.0
17;2021-01-18;886;2;5301;19;0.8;0.0
17;2021-01-19;1910;3;7211;22;1.1;0.0
17;2021-01-20;2394;2;9605;24;1.5;0.0
17;2021-01-21;2497;2;12102;26;1.9;0.0
17;2021-01-22;1882;5;13984;31;2.2;0.0
17;2021-01-23;738;1;14722;32;2.3;0.0
17;2021-01-24;48;0;14770;32;2.3;0.0
17;2021-01-25;1383;5;16153;37;2.5;0.0
17;2021-01-26;2110;3;18263;40;2.8;0.0
17;2021-01-27;1674;33;19937;73;3.1;0.0
17;2021-01-28;2475;230;22412;303;3.5;0.0
17;2021-01-29;1738;221;24150;524;3.7;0.1
17;2021-01-30;528;5;24678;529;3.8;0.1
17;2021-01-31;37;2;24715;531;3.8;0.1
17;2021-02-01;740;211;25455;742;3.9;0.1
17;2021-02-02;1202;348;26657;1090;4.1;0.2
17;2021-02-03;1286;406;27943;1496;4.3;0.2
17;2021-02-04;1159;502;29102;1998;4.5;0.3
17;2021-02-05;603;757;29705;2755;4.6;0.4
17;2021-02-06;22;42;29727;2797;4.6;0.4
17;2021-02-07;31;13;29758;2810;4.6;0.4
17;2021-02-08;706;404;30464;3214;4.7;0.5
17;2021-02-09;1101;1318;31565;4532;4.9;0.7
17;2021-02-10;863;1284;32428;5816;5.0;0.9
17;2021-02-11;1240;1401;33668;7217;5.2;1.1
17;2021-02-12;772;968;34440;8185;5.3;1.3
17;2021-02-13;43;104;34483;8289;5.3;1.3
17;2021-02-14;1;10;34484;8299;5.3;1.3
17;2021-02-15;620;1225;35104;9524;5.4;1.5
17;2021-02-16;749;1832;35853;11356;5.5;1.8
17;2021-02-17;795;1358;36648;12714;5.7;2.0
17;2021-02-18;967;2185;37615;14899;5.8;2.3
17;2021-02-19;1067;1544;38682;16443;6.0;2.5
17;2021-02-20;104;310;38786;16753;6.0;2.6
17;2021-02-21;9;2;38795;16755;6.0;2.6
17;2021-02-22;646;1630;39441;18385;6.1;2.8
17;2021-02-23;781;1535;40222;19920;6.2;3.1
17;2021-02-24;1079;1590;41301;21510;6.4;3.3
17;2021-02-25;1085;1711;42386;23221;6.6;3.6
17;2021-02-26;1308;1296;43694;24517;6.8;3.8
17;2021-02-27;527;247;44221;24764;6.8;3.8
17;2021-02-28;19;9;44240;24773;6.8;3.8
17;2021-03-01;634;1042;44874;25815;6.9;4.0
17;2021-03-02;1093;871;45967;26686;7.1;4.1
17;2021-03-03;1619;799;47586;27485;7.4;4.2
17;2021-03-04;2425;1142;50011;28627;7.7;4.4
17;2021-03-05;2661;679;52672;29306;8.1;4.5
17;2021-03-06;1029;27;53701;29333;8.3;4.5
17;2021-03-07;183;47;53884;29380;8.3;4.5
17;2021-03-08;1014;833;54898;30213;8.5;4.7
17;2021-03-09;1746;615;56644;30828;8.8;4.8
17;2021-03-10;2047;643;58691;31471;9.1;4.9
17;2021-03-11;3226;1000;61917;32471;9.6;5.0
17;2021-03-12;3354;625;65271;33096;10.1;5.1
17;2021-03-13;1201;12;66472;33108;10.3;5.1
17;2021-03-14;32;0;66504;33108;10.3;5.1
17;2021-03-15;1241;994;67745;34102;10.5;5.3
17;2021-03-16;892;537;68637;34639;10.6;5.4
17;2021-03-17;1458;705;70095;35344;10.8;5.5
17;2021-03-18;1683;764;71778;36108;11.1;5.6
17;2021-03-19;2095;546;73873;36654;11.4;5.7
17;2021-03-20;1083;56;74956;36710;11.6;5.7
17;2021-03-21;36;43;74992;36753;11.6;5.7
17;2021-03-22;1577;689;76569;37442;11.8;5.8
17;2021-03-23;2492;580;79061;38022;12.2;5.9
17;2021-03-24;3544;854;82605;38876;12.8;6.0
17;2021-03-25;4711;642;87316;39518;13.5;6.1
17;2021-03-26;4943;474;92259;39992;14.3;6.2
17;2021-03-27;1737;69;93996;40061;14.5;6.2
17;2021-03-28;369;45;94365;40106;14.6;6.2
17;2021-03-29;2361;566;96726;40672;14.9;6.3
17;2021-03-30;2655;987;99381;41659;15.4;6.4
17;2021-03-31;3842;905;103223;42564;16.0;6.6
17;2021-04-01;4013;1161;107236;43725;16.6;6.8
17;2021-04-02;3706;833;110942;44558;17.1;6.9
17;2021-04-03;1151;187;112093;44745;17.3;6.9
17;2021-04-04;501;7;112594;44752;17.4;6.9
17;2021-04-05;444;128;113038;44880;17.5;6.9
17;2021-04-06;3481;1029;116519;45909;18.0;7.1
17;2021-04-07;4130;1154;120649;47063;18.6;7.3
17;2021-04-08;4569;1474;125218;48537;19.4;7.5
17;2021-04-09;6493;837;131711;49374;20.4;7.6
17;2021-04-10;2583;65;134294;49439;20.8;7.6
17;2021-04-11;787;16;135081;49455;20.9;7.6
17;2021-04-12;2888;1619;137969;51074;21.3;7.9
17;2021-04-13;4149;1286;142118;52360;22.0;8.1
17;2021-04-14;4420;1204;146538;53564;22.6;8.3
17;2021-04-15;4599;1137;151137;54701;23.4;8.5
17;2021-04-16;4297;1153;155434;55854;24.0;8.6
17;2021-04-17;1682;382;157116;56236;24.3;8.7
17;2021-04-18;472;81;157588;56317;24.4;8.7
17;2021-04-19;2341;2062;159929;58379;24.7;9.0
17;2021-04-20;2925;2553;162854;60932;25.2;9.4
17;2021-04-21;2973;1940;165827;62872;25.6;9.7
17;2021-04-22;3118;2359;168945;65231;26.1;10.1
17;2021-04-23;2446;2729;171391;67960;26.5;10.5
17;2021-04-24;1669;925;173060;68885;26.7;10.6
17;2021-04-25;665;246;173725;69131;26.8;10.7
17;2021-04-26;2576;2627;176301;71758;27.2;11.1
17;2021-04-27;3153;2674;179454;74432;27.7;11.5
17;2021-04-28;3100;2942;182554;77374;28.2;12.0
17;2021-04-29;4144;2861;186698;80235;28.9;12.4
17;2021-04-30;4355;2637;191053;82872;29.5;12.8
17;2021-05-01;848;542;191901;83414;29.7;12.9
17;2021-05-02;552;840;192453;84254;29.7;13.0
17;2021-05-03;2544;2958;194997;87212;30.1;13.5
17;2021-05-04;2318;3728;197315;90940;30.5;14.1
17;2021-05-05;2909;3702;200224;94642;30.9;14.6
17;2021-05-06;4122;3407;204346;98049;31.6;15.2
17;2021-05-07;4355;3633;208701;101682;32.3;15.7
17;2021-05-08;1305;754;210006;102436;32.5;15.8
17;2021-05-09;1309;705;211315;103141;32.7;15.9
17;2021-05-10;2727;3692;214042;106833;33.1;16.5
17;2021-05-11;3501;3996;217543;110829;33.6;17.1
17;2021-05-12;3530;3810;221073;114639;34.2;17.7
17;2021-05-13;2547;693;223620;115332;34.6;17.8
17;2021-05-14;3032;2395;226652;117727;35.0;18.2
17;2021-05-15;2128;663;228780;118390;35.4;18.3
17;2021-05-16;1735;317;230515;118707;35.6;18.3
17;2021-05-17;4289;2000;234804;120707;36.3;18.7
17;2021-05-18;4746;1637;239550;122344;37.0;18.9
17;2021-05-19;5067;1276;244617;123620;37.8;19.1
17;2021-05-20;4945;1950;249562;125570;38.6;19.4
17;2021-05-21;5000;1959;254562;127529;39.3;19.7
17;2021-05-22;2394;533;256956;128062;39.7;19.8
17;2021-05-23;1899;128;258855;128190;40.0;19.8
17;2021-05-24;1426;207;260281;128397;40.2;19.8
17;2021-05-25;4030;1770;264311;130167;40.8;20.1
17;2021-05-26;4367;2042;268678;132209;41.5;20.4
17;2021-05-27;5216;2136;273894;134345;42.3;20.8
17;2021-05-28;4467;3438;278361;137783;43.0;21.3
17;2021-05-29;1560;1707;279921;139490;43.3;21.6
17;2021-05-30;857;410;280778;139900;43.4;21.6
17;2021-05-31;2946;3013;283724;142913;43.8;22.1
17;2021-06-01;4296;2926;288020;145839;44.5;22.5
17;2021-06-02;4200;3174;292220;149013;45.2;23.0
17;2021-06-03;5056;3167;297276;152180;45.9;23.5
17;2021-06-04;4515;3856;301791;156036;46.6;24.1
17;2021-06-05;1990;1603;303781;157639;46.9;24.4
17;2021-06-06;850;733;304631;158372;47.1;24.5
17;2021-06-07;3140;4346;307771;162718;47.6;25.1
17;2021-06-08;3791;4497;311562;167215;48.1;25.8
17;2021-06-09;4347;3054;315909;170269;48.8;26.3
17;2021-06-10;4929;2793;320838;173062;49.6;26.7
17;2021-06-11;4790;3686;325628;176748;50.3;27.3
17;2021-06-12;1812;1402;327440;178150;50.6;27.5
17;2021-06-13;609;414;328049;178564;50.7;27.6
17;2021-06-14;2834;4536;330883;183100;51.1;28.3
17;2021-06-15;3623;4380;334506;187480;51.7;29.0
17;2021-06-16;4132;3689;338638;191169;52.3;29.5
17;2021-06-17;4366;4122;343004;195291;53.0;30.2
17;2021-06-18;4053;4437;347057;199728;53.6;30.9
17;2021-06-19;1450;1989;348507;201717;53.9;31.2
17;2021-06-20;595;1035;349102;202752;54.0;31.3
17;2021-06-21;2563;4372;351665;207124;54.3;32.0
17;2021-06-22;3528;4449;355193;211573;54.9;32.7
17;2021-06-23;3795;3990;358988;215563;55.5;33.3
17;2021-06-24;3598;3959;362586;219522;56.0;33.9
17;2021-06-25;2718;4985;365304;224507;56.5;34.7
17;2021-06-26;906;2335;366210;226842;56.6;35.1
17;2021-06-27;395;1903;366605;228745;56.7;35.4
17;2021-06-28;1522;5417;368127;234162;56.9;36.2
17;2021-06-29;1684;5889;369811;240051;57.2;37.1
17;2021-06-30;2030;5550;371841;245601;57.5;38.0
17;2021-07-01;2262;5557;374103;251158;57.8;38.8
17;2021-07-02;2486;5986;376589;257144;58.2;39.7
17;2021-07-03;626;2546;377215;259690;58.3;40.1
17;2021-07-04;155;1249;377370;260939;58.3;40.3
17;2021-07-05;1889;5180;379259;266119;58.6;41.1
17;2021-07-06;2127;5599;381386;271718;58.9;42.0
17;2021-07-07;2402;5496;383788;277214;59.3;42.8
17;2021-07-08;2912;5440;386700;282654;59.8;43.7
17;2021-07-09;2521;6080;389221;288734;60.2;44.6
17;2021-07-10;828;2473;390049;291207;60.3;45.0
17;2021-07-11;380;908;390429;292115;60.3;45.1
17;2021-07-12;2005;5622;392434;297737;60.6;46.0
17;2021-07-13;2367;6714;394801;304451;61.0;47.0
17;2021-07-14;71;71;394872;304522;61.0;47.1
17;2021-07-15;2189;6859;397061;311381;61.4;48.1
17;2021-07-16;2768;6974;399829;318355;61.8;49.2
17;2021-07-17;1007;2274;400836;320629;61.9;49.6
17;2021-07-18;312;1038;401148;321667;62.0;49.7
17;2021-07-19;2634;5911;403782;327578;62.4;50.6
17;2021-07-20;3307;6319;407089;333897;62.9;51.6
17;2021-07-21;3790;6032;410879;339929;63.5;52.5
17;2021-07-22;4239;6280;415118;346209;64.2;53.5
17;2021-07-23;3817;6574;418935;352783;64.7;54.5
17;2021-07-24;2065;1403;421000;354186;65.1;54.7
17;2021-07-25;1040;415;422040;354601;65.2;54.8
17;2021-07-26;3679;5430;425719;360031;65.8;55.6
17;2021-07-27;4703;5444;430422;365475;66.5;56.5
17;2021-07-28;5183;5177;435605;370652;67.3;57.3
17;2021-07-29;5141;5341;440746;375993;68.1;58.1
17;2021-07-30;5460;5572;446206;381565;69.0;59.0
17;2021-07-31;2102;1212;448308;382777;69.3;59.2
17;2021-08-01;1086;356;449394;383133;69.4;59.2
17;2021-08-02;4593;4388;453987;387521;70.2;59.9
17;2021-08-03;5709;4159;459696;391680;71.0;60.5
17;2021-08-04;6169;3368;465865;395048;72.0;61.1
17;2021-08-05;6346;3148;472211;398196;73.0;61.5
17;2021-08-06;5859;3600;478070;401796;73.9;62.1
17;2021-08-07;1968;864;480038;402660;74.2;62.2
17;2021-08-08;970;216;481008;402876;74.3;62.3
17;2021-08-09;3902;3692;484910;406568;74.9;62.8
17;2021-08-10;5053;3486;489963;410054;75.7;63.4
17;2021-08-11;4872;3805;494835;413859;76.5;64.0
17;2021-08-12;4849;3954;499684;417813;77.2;64.6
17;2021-08-13;4451;4133;504135;421946;77.9;65.2
17;2021-08-14;1224;1381;505359;423327;78.1;65.4
17;2021-08-15;400;371;505759;423698;78.2;65.5
17;2021-08-16;2814;4058;508573;427756;78.6;66.1
17;2021-08-17;2991;4266;511564;432022;79.1;66.8
18;2020-12-27;0;0;0;0;0.0;0.0
18;2020-12-28;0;0;0;0;0.0;0.0
18;2020-12-29;0;0;0;0;0.0;0.0
18;2020-12-30;1;0;1;0;0.0;0.0
18;2020-12-31;0;0;1;0;0.0;0.0
18;2021-01-01;0;0;1;0;0.0;0.0
18;2021-01-02;0;0;1;0;0.0;0.0
18;2021-01-03;0;0;1;0;0.0;0.0
18;2021-01-04;3;0;4;0;0.0;0.0
18;2021-01-05;0;0;4;0;0.0;0.0
18;2021-01-06;1;0;5;0;0.0;0.0
18;2021-01-07;30;1;35;1;0.0;0.0
18;2021-01-08;65;0;100;1;0.0;0.0
18;2021-01-09;225;0;325;1;0.1;0.0
18;2021-01-10;146;0;471;1;0.2;0.0
18;2021-01-11;170;1;641;2;0.2;0.0
18;2021-01-12;372;0;1013;2;0.3;0.0
18;2021-01-13;270;2;1283;4;0.4;0.0
18;2021-01-14;269;2;1552;6;0.5;0.0
18;2021-01-15;332;2;1884;8;0.6;0.0
18;2021-01-16;288;3;2172;11;0.7;0.0
18;2021-01-17;1;0;2173;11;0.7;0.0
18;2021-01-18;290;0;2463;11;0.8;0.0
18;2021-01-19;1374;5;3837;16;1.3;0.0
18;2021-01-20;1239;1;5076;17;1.7;0.0
18;2021-01-21;963;0;6039;17;2.0;0.0
18;2021-01-22;780;1;6819;18;2.3;0.0
18;2021-01-23;249;2;7068;20;2.4;0.0
18;2021-01-24;0;0;7068;20;2.4;0.0
18;2021-01-25;509;0;7577;20;2.6;0.0
18;2021-01-26;395;1;7972;21;2.7;0.0
18;2021-01-27;390;2;8362;23;2.8;0.0
18;2021-01-28;566;8;8928;31;3.0;0.0
18;2021-01-29;492;72;9420;103;3.2;0.0
18;2021-01-30;433;167;9853;270;3.3;0.1
18;2021-01-31;82;121;9935;391;3.4;0.1
18;2021-02-01;328;142;10263;533;3.5;0.2
18;2021-02-02;506;244;10769;777;3.6;0.3
18;2021-02-03;398;204;11167;981;3.8;0.3
18;2021-02-04;630;226;11797;1207;4.0;0.4
18;2021-02-05;449;194;12246;1401;4.1;0.5
18;2021-02-06;283;103;12529;1504;4.2;0.5
18;2021-02-07;108;1;12637;1505;4.3;0.5
18;2021-02-08;268;230;12905;1735;4.4;0.6
18;2021-02-09;583;781;13488;2516;4.6;0.8
18;2021-02-10;740;698;14228;3214;4.8;1.1
18;2021-02-11;655;451;14883;3665;5.0;1.2
18;2021-02-12;502;326;15385;3991;5.2;1.3
18;2021-02-13;286;124;15671;4115;5.3;1.4
18;2021-02-14;364;99;16035;4214;5.4;1.4
18;2021-02-15;379;395;16414;4609;5.5;1.6
18;2021-02-16;399;401;16813;5010;5.7;1.7
18;2021-02-17;403;458;17216;5468;5.8;1.8
18;2021-02-18;344;540;17560;6008;5.9;2.0
18;2021-02-19;471;303;18031;6311;6.1;2.1
18;2021-02-20;720;240;18751;6551;6.3;2.2
18;2021-02-21;316;2;19067;6553;6.4;2.2
18;2021-02-22;217;372;19284;6925;6.5;2.3
18;2021-02-23;204;351;19488;7276;6.6;2.5
18;2021-02-24;240;271;19728;7547;6.7;2.5
18;2021-02-25;293;520;20021;8067;6.8;2.7
18;2021-02-26;582;235;20603;8302;7.0;2.8
18;2021-02-27;510;389;21113;8691;7.1;2.9
18;2021-02-28;7;68;21120;8759;7.1;3.0
18;2021-03-01;236;415;21356;9174;7.2;3.1
18;2021-03-02;284;520;21640;9694;7.3;3.3
18;2021-03-03;346;586;21986;10280;7.4;3.5
18;2021-03-04;475;573;22461;10853;7.6;3.7
18;2021-03-05;524;375;22985;11228;7.8;3.8
18;2021-03-06;1071;344;24056;11572;8.1;3.9
18;2021-03-07;7;140;24063;11712;8.1;4.0
18;2021-03-08;335;362;24398;12074;8.2;4.1
18;2021-03-09;409;369;24807;12443;8.4;4.2
18;2021-03-10;423;454;25230;12897;8.5;4.4
18;2021-03-11;518;422;25748;13319;8.7;4.5
18;2021-03-12;704;303;26452;13622;8.9;4.6
18;2021-03-13;1163;253;27615;13875;9.3;4.7
18;2021-03-14;301;214;27916;14089;9.4;4.8
18;2021-03-15;491;380;28407;14469;9.6;4.9
18;2021-03-16;392;315;28799;14784;9.7;5.0
18;2021-03-17;383;416;29182;15200;9.8;5.1
18;2021-03-18;512;230;29694;15430;10.0;5.2
18;2021-03-19;756;226;30450;15656;10.3;5.3
18;2021-03-20;986;620;31436;16276;10.6;5.5
18;2021-03-21;309;307;31745;16583;10.7;5.6
18;2021-03-22;602;297;32347;16880;10.9;5.7
18;2021-03-23;706;292;33053;17172;11.2;5.8
18;2021-03-24;1052;299;34105;17471;11.5;5.9
18;2021-03-25;1049;298;35154;17769;11.9;6.0
18;2021-03-26;1210;348;36364;18117;12.3;6.1
18;2021-03-27;1489;320;37853;18437;12.8;6.2
18;2021-03-28;215;0;38068;18437;12.8;6.2
18;2021-03-29;1101;196;39169;18633;13.2;6.3
18;2021-03-30;1084;305;40253;18938;13.6;6.4
18;2021-03-31;1305;254;41558;19192;14.0;6.5
18;2021-04-01;1376;345;42934;19537;14.5;6.6
18;2021-04-02;1229;310;44163;19847;14.9;6.7
18;2021-04-03;581;181;44744;20028;15.1;6.8
18;2021-04-04;71;5;44815;20033;15.1;6.8
18;2021-04-05;199;0;45014;20033;15.2;6.8
18;2021-04-06;1026;349;46040;20382;15.5;6.9
18;2021-04-07;1322;362;47362;20744;16.0;7.0
18;2021-04-08;1692;341;49054;21085;16.5;7.1
18;2021-04-09;1833;282;50887;21367;17.2;7.2
18;2021-04-10;2633;648;53520;22015;18.1;7.4
18;2021-04-11;1985;312;55505;22327;18.7;7.5
18;2021-04-12;1402;396;56907;22723;19.2;7.7
18;2021-04-13;1784;469;58691;23192;19.8;7.8
18;2021-04-14;1378;517;60069;23709;20.3;8.0
18;2021-04-15;1532;530;61601;24239;20.8;8.2
18;2021-04-16;1614;591;63215;24830;21.3;8.4
18;2021-04-17;1599;520;64814;25350;21.9;8.6
18;2021-04-18;377;232;65191;25582;22.0;8.6
18;2021-04-19;1316;592;66507;26174;22.4;8.8
18;2021-04-20;1445;709;67952;26883;22.9;9.1
18;2021-04-21;1271;908;69223;27791;23.4;9.4
18;2021-04-22;1403;701;70626;28492;23.8;9.6
18;2021-04-23;1386;738;72012;29230;24.3;9.9
18;2021-04-24;1355;1269;73367;30499;24.8;10.3
18;2021-04-25;288;217;73655;30716;24.8;10.4
18;2021-04-26;1205;950;74860;31666;25.3;10.7
18;2021-04-27;1545;762;76405;32428;25.8;10.9
18;2021-04-28;1357;875;77762;33303;26.2;11.2
18;2021-04-29;1848;733;79610;34036;26.9;11.5
18;2021-04-30;1570;996;81180;35032;27.4;11.8
18;2021-05-01;788;211;81968;35243;27.7;11.9
18;2021-05-02;806;60;82774;35303;27.9;11.9
18;2021-05-03;1627;1006;84401;36309;28.5;12.2
18;2021-05-04;1730;1283;86131;37592;29.1;12.7
18;2021-05-05;1735;1215;87866;38807;29.6;13.1
18;2021-05-06;2163;1363;90029;40170;30.4;13.6
18;2021-05-07;1233;1402;91262;41572;30.8;14.0
18;2021-05-08;994;1465;92256;43037;31.1;14.5
18;2021-05-09;501;2260;92757;45297;31.3;15.3
18;2021-05-10;1157;1507;93914;46804;31.7;15.8
18;2021-05-11;1696;1752;95610;48556;32.3;16.4
18;2021-05-12;1808;1492;97418;50048;32.9;16.9
18;2021-05-13;1061;370;98479;50418;33.2;17.0
18;2021-05-14;1347;946;99826;51364;33.7;17.3
18;2021-05-15;1810;1162;101636;52526;34.3;17.7
18;2021-05-16;538;582;102174;53108;34.5;17.9
18;2021-05-17;1245;1091;103419;54199;34.9;18.3
18;2021-05-18;2148;934;105567;55133;35.6;18.6
18;2021-05-19;2163;917;107730;56050;36.3;18.9
18;2021-05-20;2278;984;110008;57034;37.1;19.2
18;2021-05-21;1497;763;111505;57797;37.6;19.5
18;2021-05-22;1724;1073;113229;58870;38.2;19.9
18;2021-05-23;485;336;113714;59206;38.4;20.0
18;2021-05-24;462;292;114176;59498;38.5;20.1
18;2021-05-25;1844;1065;116020;60563;39.1;20.4
18;2021-05-26;2152;842;118172;61405;39.9;20.7
18;2021-05-27;2208;1231;120380;62636;40.6;21.1
18;2021-05-28;1713;1305;122093;63941;41.2;21.6
18;2021-05-29;2620;1662;124713;65603;42.1;22.1
18;2021-05-30;1483;505;126196;66108;42.6;22.3
18;2021-05-31;1786;694;127982;66802;43.2;22.5
18;2021-06-01;2040;949;130022;67751;43.9;22.9
18;2021-06-02;2009;1022;132031;68773;44.5;23.2
18;2021-06-03;2283;1197;134314;69970;45.3;23.6
18;2021-06-04;1909;1124;136223;71094;46.0;24.0
18;2021-06-05;2803;1448;139026;72542;46.9;24.5
18;2021-06-06;365;381;139391;72923;47.0;24.6
18;2021-06-07;1296;1233;140687;74156;47.5;25.0
18;2021-06-08;1491;1395;142178;75551;48.0;25.5
18;2021-06-09;1328;1067;143506;76618;48.4;25.8
18;2021-06-10;1632;1407;145138;78025;49.0;26.3
18;2021-06-11;1496;1406;146634;79431;49.5;26.8
18;2021-06-12;1244;2512;147878;81943;49.9;27.6
18;2021-06-13;126;262;148004;82205;49.9;27.7
18;2021-06-14;657;1827;148661;84032;50.2;28.4
18;2021-06-15;1093;1822;149754;85854;50.5;29.0
18;2021-06-16;1256;1441;151010;87295;50.9;29.5
18;2021-06-17;1205;1670;152215;88965;51.4;30.0
18;2021-06-18;1292;1666;153507;90631;51.8;30.6
18;2021-06-19;1564;1251;155071;91882;52.3;31.0
18;2021-06-20;247;159;155318;92041;52.4;31.1
18;2021-06-21;665;1601;155983;93642;52.6;31.6
18;2021-06-22;1069;1644;157052;95286;53.0;32.1
18;2021-06-23;944;1641;157996;96927;53.3;32.7
18;2021-06-24;1033;1062;159029;97989;53.7;33.1
18;2021-06-25;893;1744;159922;99733;54.0;33.6
18;2021-06-26;1098;1472;161020;101205;54.3;34.1
18;2021-06-27;30;372;161050;101577;54.3;34.3
18;2021-06-28;421;1924;161471;103501;54.5;34.9
18;2021-06-29;595;2380;162066;105881;54.7;35.7
18;2021-06-30;601;2545;162667;108426;54.9;36.6
18;2021-07-01;961;2156;163628;110582;55.2;37.3
18;2021-07-02;615;1685;164243;112267;55.4;37.9
18;2021-07-03;755;2576;164998;114843;55.7;38.7
18;2021-07-04;164;1033;165162;115876;55.7;39.1
18;2021-07-05;764;1878;165926;117754;56.0;39.7
18;2021-07-06;560;2303;166486;120057;56.2;40.5
18;2021-07-07;767;2115;167253;122172;56.4;41.2
18;2021-07-08;1031;1984;168284;124156;56.8;41.9
18;2021-07-09;704;2307;168988;126463;57.0;42.7
18;2021-07-10;780;3174;169768;129637;57.3;43.7
18;2021-07-11;81;665;169849;130302;57.3;44.0
18;2021-07-12;223;2251;170072;132553;57.4;44.7
18;2021-07-13;619;2908;170691;135461;57.6;45.7
18;2021-07-14;194;938;170885;136399;57.7;46.0
18;2021-07-15;1394;2817;172279;139216;58.1;47.0
18;2021-07-16;1181;2123;173460;141339;58.5;47.7
18;2021-07-17;1129;2474;174589;143813;58.9;48.5
18;2021-07-18;228;331;174817;144144;59.0;48.6
18;2021-07-19;1055;1659;175872;145803;59.3;49.2
18;2021-07-20;1624;2271;177496;148074;59.9;50.0
18;2021-07-21;1900;2063;179396;150137;60.5;50.7
18;2021-07-22;2214;1893;181610;152030;61.3;51.3
18;2021-07-23;1395;1613;183005;153643;61.7;51.8
18;2021-07-24;886;1535;183891;155178;62.0;52.4
18;2021-07-25;189;399;184080;155577;62.1;52.5
18;2021-07-26;1398;1507;185478;157084;62.6;53.0
18;2021-07-27;1810;1540;187288;158624;63.2;53.5
18;2021-07-28;2189;1798;189477;160422;63.9;54.1
18;2021-07-29;2136;1819;191613;162241;64.6;54.7
18;2021-07-30;1576;1343;193189;163584;65.2;55.2
18;2021-07-31;1234;1281;194423;164865;65.6;55.6
18;2021-08-01;89;34;194512;164899;65.6;55.6
18;2021-08-02;1404;764;195916;165663;66.1;55.9
18;2021-08-03;1712;1622;197628;167285;66.7;56.4
18;2021-08-04;2412;1097;200040;168382;67.5;56.8
18;2021-08-05;1520;1243;201560;169625;68.0;57.2
18;2021-08-06;1576;1140;203136;170765;68.5;57.6
18;2021-08-07;608;762;203744;171527;68.7;57.9
18;2021-08-08;48;60;203792;171587;68.8;57.9
18;2021-08-09;1102;873;204894;172460;69.1;58.2
18;2021-08-10;1204;1509;206098;173969;69.5;58.7
18;2021-08-11;1603;1497;207701;175466;70.1;59.2
18;2021-08-12;1548;1594;209249;177060;70.6;59.7
18;2021-08-13;1077;1165;210326;178225;71.0;60.1
18;2021-08-14;756;599;211082;178824;71.2;60.3
18;2021-08-15;35;17;211117;178841;71.2;60.3
18;2021-08-16;826;1197;211943;180038;71.5;60.7
18;2021-08-17;973;1994;212916;182032;71.8;61.4
19;2020-12-27;0;0;0;0;0.0;0.0
19;2020-12-28;0;0;0;0;0.0;0.0
19;2020-12-29;1;0;1;0;0.0;0.0
19;2020-12-30;0;0;1;0;0.0;0.0
19;2020-12-31;0;0;1;0;0.0;0.0
19;2021-01-01;0;0;1;0;0.0;0.0
19;2021-01-02;0;0;1;0;0.0;0.0
19;2021-01-03;0;0;1;0;0.0;0.0
19;2021-01-04;0;0;1;0;0.0;0.0
19;2021-01-05;0;0;1;0;0.0;0.0
19;2021-01-06;0;0;1;0;0.0;0.0
19;2021-01-07;343;1;344;1;0.1;0.0
19;2021-01-08;247;1;591;2;0.2;0.0
19;2021-01-09;1;0;592;2;0.2;0.0
19;2021-01-10;1;0;593;2;0.2;0.0
19;2021-01-11;38;0;631;2;0.3;0.0
19;2021-01-12;413;1;1044;3;0.4;0.0
19;2021-01-13;424;2;1468;5;0.6;0.0
19;2021-01-14;474;1;1942;6;0.8;0.0
19;2021-01-15;224;0;2166;6;0.9;0.0
19;2021-01-16;0;0;2166;6;0.9;0.0
19;2021-01-17;1;0;2167;6;0.9;0.0
19;2021-01-18;251;1;2418;7;1.0;0.0
19;2021-01-19;519;0;2937;7;1.2;0.0
19;2021-01-20;921;3;3858;10;1.6;0.0
19;2021-01-21;505;3;4363;13;1.8;0.0
19;2021-01-22;1317;4;5680;17;2.4;0.0
19;2021-01-23;281;0;5961;17;2.5;0.0
19;2021-01-24;36;0;5997;17;2.5;0.0
19;2021-01-25;233;0;6230;17;2.6;0.0
19;2021-01-26;607;4;6837;21;2.8;0.0
19;2021-01-27;334;3;7171;24;3.0;0.0
19;2021-01-28;297;251;7468;275;3.1;0.1
19;2021-01-29;347;60;7815;335;3.3;0.1
19;2021-01-30;130;24;7945;359;3.3;0.1
19;2021-01-31;41;0;7986;359;3.3;0.1
19;2021-02-01;158;95;8144;454;3.4;0.2
19;2021-02-02;303;429;8447;883;3.5;0.4
19;2021-02-03;284;244;8731;1127;3.6;0.5
19;2021-02-04;255;376;8986;1503;3.7;0.6
19;2021-02-05;310;76;9296;1579;3.9;0.7
19;2021-02-06;211;1;9507;1580;4.0;0.7
19;2021-02-07;48;1;9555;1581;4.0;0.7
19;2021-02-08;177;150;9732;1731;4.0;0.7
19;2021-02-09;333;275;10065;2006;4.2;0.8
19;2021-02-10;517;296;10582;2302;4.4;1.0
19;2021-02-11;412;323;10994;2625;4.6;1.1
19;2021-02-12;797;1167;11791;3792;4.9;1.6
19;2021-02-13;352;184;12143;3976;5.1;1.7
19;2021-02-14;98;13;12241;3989;5.1;1.7
19;2021-02-15;200;246;12441;4235;5.2;1.8
19;2021-02-16;385;171;12826;4406;5.3;1.8
19;2021-02-17;306;469;13132;4875;5.5;2.0
19;2021-02-18;174;510;13306;5385;5.5;2.2
19;2021-02-19;469;301;13775;5686;5.7;2.4
19;2021-02-20;133;208;13908;5894;5.8;2.5
19;2021-02-21;20;40;13928;5934;5.8;2.5
19;2021-02-22;220;210;14148;6144;5.9;2.6
19;2021-02-23;268;345;14416;6489;6.0;2.7
19;2021-02-24;361;209;14777;6698;6.1;2.8
19;2021-02-25;519;383;15296;7081;6.4;2.9
19;2021-02-26;395;318;15691;7399;6.5;3.1
19;2021-02-27;348;162;16039;7561;6.7;3.1
19;2021-02-28;68;36;16107;7597;6.7;3.2
19;2021-03-01;266;221;16373;7818;6.8;3.3
19;2021-03-02;428;259;16801;8077;7.0;3.4
19;2021-03-03;691;337;17492;8414;7.3;3.5
19;2021-03-04;825;352;18317;8766;7.6;3.6
19;2021-03-05;891;735;19208;9501;8.0;4.0
19;2021-03-06;1072;216;20280;9717;8.4;4.0
19;2021-03-07;463;37;20743;9754;8.6;4.1
19;2021-03-08;638;161;21381;9915;8.9;4.1
19;2021-03-09;835;246;22216;10161;9.2;4.2
19;2021-03-10;1155;320;23371;10481;9.7;4.4
19;2021-03-11;1274;308;24645;10789;10.3;4.5
19;2021-03-12;1137;405;25782;11194;10.7;4.7
19;2021-03-13;1111;168;26893;11362;11.2;4.7
19;2021-03-14;160;84;27053;11446;11.3;4.8
19;2021-03-15;699;137;27752;11583;11.5;4.8
19;2021-03-16;688;303;28440;11886;11.8;4.9
19;2021-03-17;837;280;29277;12166;12.2;5.1
19;2021-03-18;767;283;30044;12449;12.5;5.2
19;2021-03-19;1014;487;31058;12936;12.9;5.4
19;2021-03-20;782;131;31840;13067;13.2;5.4
19;2021-03-21;128;4;31968;13071;13.3;5.4
19;2021-03-22;548;176;32516;13247;13.5;5.5
19;2021-03-23;1044;232;33560;13479;14.0;5.6
19;2021-03-24;1171;373;34731;13852;14.5;5.8
19;2021-03-25;1189;415;35920;14267;14.9;5.9
19;2021-03-26;1323;277;37243;14544;15.5;6.1
19;2021-03-27;855;188;38098;14732;15.9;6.1
19;2021-03-28;63;60;38161;14792;15.9;6.2
19;2021-03-29;612;177;38773;14969;16.1;6.2
19;2021-03-30;971;344;39744;15313;16.5;6.4
19;2021-03-31;1157;499;40901;15812;17.0;6.6
19;2021-04-01;1491;427;42392;16239;17.6;6.8
19;2021-04-02;1006;525;43398;16764;18.1;7.0
19;2021-04-03;597;283;43995;17047;18.3;7.1
19;2021-04-04;130;3;44125;17050;18.4;7.1
19;2021-04-05;40;75;44165;17125;18.4;7.1
19;2021-04-06;735;603;44900;17728;18.7;7.4
19;2021-04-07;978;732;45878;18460;19.1;7.7
19;2021-04-08;1116;1017;46994;19477;19.6;8.1
19;2021-04-09;1641;612;48635;20089;20.2;8.4
19;2021-04-10;946;557;49581;20646;20.6;8.6
19;2021-04-11;558;75;50139;20721;20.9;8.6
19;2021-04-12;681;522;50820;21243;21.1;8.8
19;2021-04-13;915;578;51735;21821;21.5;9.1
19;2021-04-14;1336;842;53071;22663;22.1;9.4
19;2021-04-15;1229;872;54300;23535;22.6;9.8
19;2021-04-16;1503;820;55803;24355;23.2;10.1
19;2021-04-17;761;478;56564;24833;23.5;10.3
19;2021-04-18;660;69;57224;24902;23.8;10.4
19;2021-04-19;730;439;57954;25341;24.1;10.5
19;2021-04-20;978;748;58932;26089;24.5;10.9
19;2021-04-21;1271;700;60203;26789;25.0;11.1
19;2021-04-22;1190;896;61393;27685;25.5;11.5
19;2021-04-23;1128;1021;62521;28706;26.0;11.9
19;2021-04-24;679;675;63200;29381;26.3;12.2
19;2021-04-25;675;69;63875;29450;26.6;12.3
19;2021-04-26;1056;331;64931;29781;27.0;12.4
19;2021-04-27;1028;570;65959;30351;27.4;12.6
19;2021-04-28;1553;553;67512;30904;28.1;12.9
19;2021-04-29;1453;1194;68965;32098;28.7;13.4
19;2021-04-30;1877;1059;70842;33157;29.5;13.8
19;2021-05-01;670;168;71512;33325;29.8;13.9
19;2021-05-02;550;151;72062;33476;30.0;13.9
19;2021-05-03;854;547;72916;34023;30.3;14.2
19;2021-05-04;1025;708;73941;34731;30.8;14.5
19;2021-05-05;1255;741;75196;35472;31.3;14.8
19;2021-05-06;1127;1199;76323;36671;31.8;15.3
19;2021-05-07;1665;1191;77988;37862;32.4;15.8
19;2021-05-08;712;207;78700;38069;32.7;15.8
19;2021-05-09;487;545;79187;38614;32.9;16.1
19;2021-05-10;1164;670;80351;39284;33.4;16.3
19;2021-05-11;1637;859;81988;40143;34.1;16.7
19;2021-05-12;1945;1317;83933;41460;34.9;17.3
19;2021-05-13;571;242;84504;41702;35.2;17.4
19;2021-05-14;1646;987;86150;42689;35.8;17.8
19;2021-05-15;1443;591;87593;43280;36.4;18.0
19;2021-05-16;350;82;87943;43362;36.6;18.0
19;2021-05-17;1499;558;89442;43920;37.2;18.3
19;2021-05-18;1671;500;91113;44420;37.9;18.5
19;2021-05-19;2007;830;93120;45250;38.7;18.8
19;2021-05-20;1722;888;94842;46138;39.5;19.2
19;2021-05-21;1964;814;96806;46952;40.3;19.5
19;2021-05-22;1272;652;98078;47604;40.8;19.8
19;2021-05-23;324;130;98402;47734;40.9;19.9
19;2021-05-24;139;46;98541;47780;41.0;19.9
19;2021-05-25;1503;492;100044;48272;41.6;20.1
19;2021-05-26;1926;667;101970;48939;42.4;20.4
19;2021-05-27;1787;833;103757;49772;43.2;20.7
19;2021-05-28;1937;989;105694;50761;44.0;21.1
19;2021-05-29;1375;705;107069;51466;44.5;21.4
19;2021-05-30;191;497;107260;51963;44.6;21.6
19;2021-05-31;1199;537;108459;52500;45.1;21.8
19;2021-06-01;1283;885;109742;53385;45.7;22.2
19;2021-06-02;1817;958;111559;54343;46.4;22.6
19;2021-06-03;1447;1253;113006;55596;47.0;23.1
19;2021-06-04;1847;1354;114853;56950;47.8;23.7
19;2021-06-05;1210;815;116063;57765;48.3;24.0
19;2021-06-06;87;649;116150;58414;48.3;24.3
19;2021-06-07;922;934;117072;59348;48.7;24.7
19;2021-06-08;1104;907;118176;60255;49.2;25.1
19;2021-06-09;1328;1462;119504;61717;49.7;25.7
19;2021-06-10;1284;1581;120788;63298;50.3;26.3
19;2021-06-11;1314;1917;122102;65215;50.8;27.1
19;2021-06-12;1357;1317;123459;66532;51.4;27.7
19;2021-06-13;543;423;124002;66955;51.6;27.9
19;2021-06-14;736;1017;124738;67972;51.9;28.3
19;2021-06-15;979;1144;125717;69116;52.3;28.8
19;2021-06-16;1223;1363;126940;70479;52.8;29.3
19;2021-06-17;869;1792;127809;72271;53.2;30.1
19;2021-06-18;1057;2135;128866;74406;53.6;31.0
19;2021-06-19;918;1301;129784;75707;54.0;31.5
19;2021-06-20;395;327;130179;76034;54.2;31.6
19;2021-06-21;500;1076;130679;77110;54.4;32.1
19;2021-06-22;698;1490;131377;78600;54.7;32.7
19;2021-06-23;743;1985;132120;80585;55.0;33.5
19;2021-06-24;687;1663;132807;82248;55.3;34.2
19;2021-06-25;562;2216;133369;84464;55.5;35.1
19;2021-06-26;471;1738;133840;86202;55.7;35.9
19;2021-06-27;289;444;134129;86646;55.8;36.1
19;2021-06-28;315;1500;134444;88146;55.9;36.7
19;2021-06-29;352;1889;134796;90035;56.1;37.5
19;2021-06-30;795;2152;135591;92187;56.4;38.4
19;2021-07-01;361;2320;135952;94507;56.6;39.3
19;2021-07-02;781;2318;136733;96825;56.9;40.3
19;2021-07-03;513;1738;137246;98563;57.1;41.0
19;2021-07-04;1;73;137247;98636;57.1;41.0
19;2021-07-05;600;1015;137847;99651;57.4;41.5
19;2021-07-06;506;1540;138353;101191;57.6;42.1
19;2021-07-07;705;2045;139058;103236;57.9;43.0
19;2021-07-08;768;2148;139826;105384;58.2;43.8
19;2021-07-09;715;2658;140541;108042;58.5;45.0
19;2021-07-10;587;1709;141128;109751;58.7;45.7
19;2021-07-11;45;212;141173;109963;58.7;45.8
19;2021-07-12;447;1488;141620;111451;58.9;46.4
19;2021-07-13;679;1826;142299;113277;59.2;47.1
19;2021-07-14;202;273;142501;113550;59.3;47.2
19;2021-07-15;871;2051;143372;115601;59.7;48.1
19;2021-07-16;1228;2444;144600;118045;60.2;49.1
19;2021-07-17;702;1718;145302;119763;60.5;49.8
19;2021-07-18;363;669;145665;120432;60.6;50.1
19;2021-07-19;967;1404;146632;121836;61.0;50.7
19;2021-07-20;967;1674;147599;123510;61.4;51.4
19;2021-07-21;1073;1711;148672;125221;61.9;52.1
19;2021-07-22;1388;1854;150060;127075;62.4;52.9
19;2021-07-23;1780;1990;151840;129065;63.2;53.7
19;2021-07-24;906;1752;152746;130817;63.6;54.4
19;2021-07-25;158;513;152904;131330;63.6;54.6
19;2021-07-26;906;907;153810;132237;64.0;55.0
19;2021-07-27;1418;1113;155228;133350;64.6;55.5
19;2021-07-28;2039;1223;157267;134573;65.4;56.0
19;2021-07-29;1613;1203;158880;135776;66.1;56.5
19;2021-07-30;1900;1022;160780;136798;66.9;56.9
19;2021-07-31;1115;1014;161895;137812;67.4;57.3
19;2021-08-01;347;372;162242;138184;67.5;57.5
19;2021-08-02;1135;805;163377;138989;68.0;57.8
19;2021-08-03;1446;1046;164823;140035;68.6;58.3
19;2021-08-04;1973;759;166796;140794;69.4;58.6
19;2021-08-05;1620;950;168416;141744;70.1;59.0
19;2021-08-06;1959;1212;170375;142956;70.9;59.5
19;2021-08-07;1326;994;171701;143950;71.4;59.9
19;2021-08-08;184;232;171885;144182;71.5;60.0
19;2021-08-09;999;786;172884;144968;71.9;60.3
19;2021-08-10;1278;1007;174162;145975;72.5;60.7
19;2021-08-11;1346;1002;175508;146977;73.0;61.2
19;2021-08-12;1012;1277;176520;148254;73.4;61.7
19;2021-08-13;1167;1275;177687;149529;73.9;62.2
19;2021-08-14;974;1159;178661;150688;74.3;62.7
19;2021-08-15;30;54;178691;150742;74.4;62.7
19;2021-08-16;586;1026;179277;151768;74.6;63.1
19;2021-08-17;597;1160;179874;152928;74.8;63.6
21;2020-12-27;4;0;4;0;0.0;0.0
21;2020-12-28;2;0;6;0;0.0;0.0
21;2020-12-29;19;0;25;0;0.0;0.0
21;2020-12-30;22;0;47;0;0.0;0.0
21;2020-12-31;0;0;47;0;0.0;0.0
21;2021-01-01;0;0;47;0;0.0;0.0
21;2021-01-02;1;0;48;0;0.0;0.0
21;2021-01-03;1;0;49;0;0.0;0.0
21;2021-01-04;22;0;71;0;0.0;0.0
21;2021-01-05;250;2;321;2;0.1;0.0
21;2021-01-06;300;0;621;2;0.1;0.0
21;2021-01-07;387;0;1008;2;0.2;0.0
21;2021-01-08;455;2;1463;4;0.3;0.0
21;2021-01-09;252;0;1715;4;0.3;0.0
21;2021-01-10;1;0;1716;4;0.3;0.0
21;2021-01-11;624;1;2340;5;0.4;0.0
21;2021-01-12;655;0;2995;5;0.6;0.0
21;2021-01-13;702;2;3697;7;0.7;0.0
21;2021-01-14;1188;6;4885;13;0.9;0.0
21;2021-01-15;715;5;5600;18;1.1;0.0
21;2021-01-16;162;0;5762;18;1.1;0.0
21;2021-01-17;5;0;5767;18;1.1;0.0
21;2021-01-18;1315;5;7082;23;1.3;0.0
21;2021-01-19;1363;2;8445;25;1.6;0.0
21;2021-01-20;1295;45;9740;70;1.8;0.0
21;2021-01-21;1540;3;11280;73;2.1;0.0
21;2021-01-22;1244;5;12524;78;2.4;0.0
21;2021-01-23;487;0;13011;78;2.4;0.0
21;2021-01-24;122;0;13133;78;2.5;0.0
21;2021-01-25;925;18;14058;96;2.6;0.0
21;2021-01-26;1541;146;15599;242;2.9;0.0
21;2021-01-27;2044;157;17643;399;3.3;0.1
21;2021-01-28;1449;227;19092;626;3.6;0.1
21;2021-01-29;1022;212;20114;838;3.8;0.2
21;2021-01-30;469;31;20583;869;3.9;0.2
21;2021-01-31;97;3;20680;872;3.9;0.2
21;2021-02-01;452;287;21132;1159;4.0;0.2
21;2021-02-02;455;442;21587;1601;4.1;0.3
21;2021-02-03;442;282;22029;1883;4.1;0.4
21;2021-02-04;416;548;22445;2431;4.2;0.5
21;2021-02-05;489;524;22934;2955;4.3;0.6
21;2021-02-06;154;223;23088;3178;4.3;0.6
21;2021-02-07;2;2;23090;3180;4.3;0.6
21;2021-02-08;434;391;23524;3571;4.4;0.7
21;2021-02-09;514;522;24038;4093;4.5;0.8
21;2021-02-10;460;583;24498;4676;4.6;0.9
21;2021-02-11;484;754;24982;5430;4.7;1.0
21;2021-02-12;356;939;25338;6369;4.8;1.2
21;2021-02-13;360;323;25698;6692;4.8;1.3
21;2021-02-14;240;149;25938;6841;4.9;1.3
21;2021-02-15;121;1415;26059;8256;4.9;1.5
21;2021-02-16;206;1572;26265;9828;4.9;1.8
21;2021-02-17;398;1986;26663;11814;5.0;2.2
21;2021-02-18;603;1357;27266;13171;5.1;2.5
21;2021-02-19;216;1139;27482;14310;5.2;2.7
21;2021-02-20;122;429;27604;14739;5.2;2.8
21;2021-02-21;1;83;27605;14822;5.2;2.8
21;2021-02-22;82;777;27687;15599;5.2;2.9
21;2021-02-23;169;1042;27856;16641;5.2;3.1
21;2021-02-24;224;746;28080;17387;5.3;3.3
21;2021-02-25;646;835;28726;18222;5.4;3.4
21;2021-02-26;927;723;29653;18945;5.6;3.6
21;2021-02-27;535;302;30188;19247;5.7;3.6
21;2021-02-28;24;134;30212;19381;5.7;3.6
21;2021-03-01;679;630;30891;20011;5.8;3.8
21;2021-03-02;1055;554;31946;20565;6.0;3.9
21;2021-03-03;1164;442;33110;21007;6.2;3.9
21;2021-03-04;1683;519;34793;21526;6.5;4.0
21;2021-03-05;2197;661;36990;22187;6.9;4.2
21;2021-03-06;1591;194;38581;22381;7.2;4.2
21;2021-03-07;4;16;38585;22397;7.2;4.2
21;2021-03-08;772;447;39357;22844;7.4;4.3
21;2021-03-09;1570;569;40927;23413;7.7;4.4
21;2021-03-10;1626;562;42553;23975;8.0;4.5
21;2021-03-11;2192;693;44745;24668;8.4;4.6
21;2021-03-12;2901;433;47646;25101;8.9;4.7
21;2021-03-13;1932;187;49578;25288;9.3;4.7
21;2021-03-14;38;50;49616;25338;9.3;4.8
21;2021-03-15;1413;85;51029;25423;9.6;4.8
21;2021-03-16;1879;150;52908;25573;9.9;4.8
21;2021-03-17;1806;111;54714;25684;10.3;4.8
21;2021-03-18;2124;263;56838;25947;10.7;4.9
21;2021-03-19;1962;144;58800;26091;11.0;4.9
21;2021-03-20;1228;38;60028;26129;11.3;4.9
21;2021-03-21;2;0;60030;26129;11.3;4.9
21;2021-03-22;1555;90;61585;26219;11.6;4.9
21;2021-03-23;2694;102;64279;26321;12.1;4.9
21;2021-03-24;2890;160;67169;26481;12.6;5.0
21;2021-03-25;3732;240;70901;26721;13.3;5.0
21;2021-03-26;3656;203;74557;26924;14.0;5.1
21;2021-03-27;1731;57;76288;26981;14.3;5.1
21;2021-03-28;200;37;76488;27018;14.4;5.1
21;2021-03-29;1789;518;78277;27536;14.7;5.2
21;2021-03-30;2348;805;80625;28341;15.1;5.3
21;2021-03-31;2718;650;83343;28991;15.6;5.4
21;2021-04-01;2689;715;86032;29706;16.1;5.6
21;2021-04-02;2247;739;88279;30445;16.6;5.7
21;2021-04-03;1018;278;89297;30723;16.8;5.8
21;2021-04-04;2;12;89299;30735;16.8;5.8
21;2021-04-05;9;0;89308;30735;16.8;5.8
21;2021-04-06;1360;1136;90668;31871;17.0;6.0
21;2021-04-07;1749;970;92417;32841;17.3;6.2
21;2021-04-08;3215;1132;95632;33973;17.9;6.4
21;2021-04-09;3481;1189;99113;35162;18.6;6.6
21;2021-04-10;1377;743;100490;35905;18.9;6.7
21;2021-04-11;145;3;100635;35908;18.9;6.7
21;2021-04-12;1115;1350;101750;37258;19.1;7.0
21;2021-04-13;1656;1784;103406;39042;19.4;7.3
21;2021-04-14;1483;1471;104889;40513;19.7;7.6
21;2021-04-15;1903;1594;106792;42107;20.0;7.9
21;2021-04-16;2322;1313;109114;43420;20.5;8.1
21;2021-04-17;1018;970;110132;44390;20.7;8.3
21;2021-04-18;15;4;110147;44394;20.7;8.3
21;2021-04-19;1110;1323;111257;45717;20.9;8.6
21;2021-04-20;1240;1836;112497;47553;21.1;8.9
21;2021-04-21;1094;1721;113591;49274;21.3;9.2
21;2021-04-22;1275;2212;114866;51486;21.6;9.7
21;2021-04-23;1982;1723;116848;53209;21.9;10.0
21;2021-04-24;1002;872;117850;54081;22.1;10.1
21;2021-04-25;9;168;117859;54249;22.1;10.2
21;2021-04-26;1013;1599;118872;55848;22.3;10.5
21;2021-04-27;1839;1941;120711;57789;22.7;10.8
21;2021-04-28;2231;2224;122942;60013;23.1;11.3
21;2021-04-29;3136;2267;126078;62280;23.7;11.7
21;2021-04-30;3559;1866;129637;64146;24.3;12.0
21;2021-05-01;962;226;130599;64372;24.5;12.1
21;2021-05-02;2;5;130601;64377;24.5;12.1
21;2021-05-03;2081;1350;132682;65727;24.9;12.3
21;2021-05-04;2577;1650;135259;67377;25.4;12.6
21;2021-05-05;2249;1691;137508;69068;25.8;13.0
21;2021-05-06;3012;2242;140520;71310;26.4;13.4
21;2021-05-07;2806;2185;143326;73495;26.9;13.8
21;2021-05-08;1067;269;144393;73764;27.1;13.8
21;2021-05-09;26;176;144419;73940;27.1;13.9
21;2021-05-10;3170;1732;147589;75672;27.7;14.2
21;2021-05-11;4917;2008;152506;77680;28.6;14.6
21;2021-05-12;4804;1749;157310;79429;29.5;14.9
21;2021-05-13;3846;363;161156;79792;30.2;15.0
21;2021-05-14;5200;1470;166356;81262;31.2;15.2
21;2021-05-15;3429;650;169785;81912;31.9;15.4
21;2021-05-16;49;4;169834;81916;31.9;15.4
21;2021-05-17;4129;1261;173963;83177;32.6;15.6
21;2021-05-18;4360;1505;178323;84682;33.5;15.9
21;2021-05-19;3471;1131;181794;85813;34.1;16.1
21;2021-05-20;3899;1358;185693;87171;34.8;16.4
21;2021-05-21;3625;2154;189318;89325;35.5;16.8
21;2021-05-22;1669;769;190987;90094;35.8;16.9
21;2021-05-23;4;17;190991;90111;35.8;16.9
21;2021-05-24;1817;266;192808;90377;36.2;17.0
21;2021-05-25;2647;1968;195455;92345;36.7;17.3
21;2021-05-26;2604;2000;198059;94345;37.2;17.7
21;2021-05-27;4014;2112;202073;96457;37.9;18.1
21;2021-05-28;3572;2831;205645;99288;38.6;18.6
21;2021-05-29;1927;1467;207572;100755;39.0;18.9
21;2021-05-30;98;13;207670;100768;39.0;18.9
21;2021-05-31;2502;1783;210172;102551;39.4;19.2
21;2021-06-01;3455;2259;213627;104810;40.1;19.7
21;2021-06-02;2615;1767;216242;106577;40.6;20.0
21;2021-06-03;3147;2078;219389;108655;41.2;20.4
21;2021-06-04;3281;2590;222670;111245;41.8;20.9
21;2021-06-05;2925;1653;225595;112898;42.3;21.2
21;2021-06-06;51;85;225646;112983;42.3;21.2
21;2021-06-07;4313;1350;229959;114333;43.2;21.5
21;2021-06-08;4940;2143;234899;116476;44.1;21.9
21;2021-06-09;4501;1627;239400;118103;44.9;22.2
21;2021-06-10;3930;2598;243330;120701;45.7;22.7
21;2021-06-11;4167;3111;247497;123812;46.4;23.2
21;2021-06-12;2198;1608;249695;125420;46.9;23.5
21;2021-06-13;29;11;249724;125431;46.9;23.5
21;2021-06-14;2198;2569;251922;128000;47.3;24.0
21;2021-06-15;2962;3097;254884;131097;47.8;24.6
21;2021-06-16;2854;2613;257738;133710;48.4;25.1
21;2021-06-17;3422;3045;261160;136755;49.0;25.7
21;2021-06-18;2427;3801;263587;140556;49.5;26.4
21;2021-06-19;2044;1864;265631;142420;49.8;26.7
21;2021-06-20;26;13;265657;142433;49.9;26.7
21;2021-06-21;1841;3414;267498;145847;50.2;27.4
21;2021-06-22;1879;5832;269377;151679;50.6;28.5
21;2021-06-23;2027;5012;271404;156691;50.9;29.4
21;2021-06-24;2365;4664;273769;161355;51.4;30.3
21;2021-06-25;1529;5898;275298;167253;51.7;31.4
21;2021-06-26;1441;3901;276739;171154;51.9;32.1
21;2021-06-27;18;125;276757;171279;51.9;32.1
21;2021-06-28;1398;4018;278155;175297;52.2;32.9
21;2021-06-29;1636;4180;279791;179477;52.5;33.7
21;2021-06-30;1567;3376;281358;182853;52.8;34.3
21;2021-07-01;1663;4148;283021;187001;53.1;35.1
21;2021-07-02;2176;4228;285197;191229;53.5;35.9
21;2021-07-03;1093;2101;286290;193330;53.7;36.3
21;2021-07-04;37;55;286327;193385;53.7;36.3
21;2021-07-05;1607;3625;287934;197010;54.0;37.0
21;2021-07-06;1347;3588;289281;200598;54.3;37.6
21;2021-07-07;1454;3242;290735;203840;54.6;38.3
21;2021-07-08;1878;4160;292613;208000;54.9;39.0
21;2021-07-09;2076;4351;294689;212351;55.3;39.8
21;2021-07-10;1089;2546;295778;214897;55.5;40.3
21;2021-07-11;21;74;295799;214971;55.5;40.3
21;2021-07-12;1655;3728;297454;218699;55.8;41.0
21;2021-07-13;2342;4897;299796;223596;56.3;42.0
21;2021-07-14;2873;2014;302669;225610;56.8;42.3
21;2021-07-15;3810;4560;306479;230170;57.5;43.2
21;2021-07-16;3883;5253;310362;235423;58.2;44.2
21;2021-07-17;2772;4168;313134;239591;58.8;45.0
21;2021-07-18;157;81;313291;239672;58.8;45.0
21;2021-07-19;2378;4626;315669;244298;59.2;45.8
21;2021-07-20;2755;5493;318424;249791;59.8;46.9
21;2021-07-21;2899;4791;321323;254582;60.3;47.8
21;2021-07-22;3015;4727;324338;259309;60.9;48.7
21;2021-07-23;4345;4881;328683;264190;61.7;49.6
21;2021-07-24;3033;3013;331716;267203;62.2;50.1
21;2021-07-25;67;40;331783;267243;62.3;50.2
21;2021-07-26;2661;3587;334444;270830;62.8;50.8
21;2021-07-27;3388;3776;337832;274606;63.4;51.5
21;2021-07-28;3552;3346;341384;277952;64.1;52.2
21;2021-07-29;4097;3365;345481;281317;64.8;52.8
21;2021-07-30;4576;3341;350057;284658;65.7;53.4
21;2021-07-31;3404;2363;353461;287021;66.3;53.9
21;2021-08-01;328;57;353789;287078;66.4;53.9
21;2021-08-02;2524;3161;356313;290239;66.9;54.5
21;2021-08-03;2603;2766;358916;293005;67.4;55.0
21;2021-08-04;2352;2481;361268;295486;67.8;55.5
21;2021-08-05;2189;3080;363457;298566;68.2;56.0
21;2021-08-06;2468;3297;365925;301863;68.7;56.6
21;2021-08-07;1887;2648;367812;304511;69.0;57.1
21;2021-08-08;74;68;367886;304579;69.0;57.2
21;2021-08-09;1618;2926;369504;307505;69.3;57.7
21;2021-08-10;1396;2709;370900;310214;69.6;58.2
21;2021-08-11;1647;2442;372547;312656;69.9;58.7
21;2021-08-12;1118;2408;373665;315064;70.1;59.1
21;2021-08-13;1426;2737;375091;317801;70.4;59.6
21;2021-08-14;834;2427;375925;320228;70.5;60.1
21;2021-08-15;51;63;375976;320291;70.6;60.1
21;2021-08-16;1387;2817;377363;323108;70.8;60.6
21;2021-08-17;1182;2763;378545;325871;71.0;61.2
22;2020-12-27;0;0;0;0;0.0;0.0
22;2020-12-28;0;0;0;0;0.0;0.0
22;2020-12-29;0;0;0;0;0.0;0.0
22;2020-12-30;0;0;0;0;0.0;0.0
22;2020-12-31;0;0;0;0;0.0;0.0
22;2021-01-01;0;0;0;0;0.0;0.0
22;2021-01-02;2;0;2;0;0.0;0.0
22;2021-01-03;0;0;2;0;0.0;0.0
22;2021-01-04;5;0;7;0;0.0;0.0
22;2021-01-05;61;0;68;0;0.0;0.0
22;2021-01-06;114;1;182;1;0.0;0.0
22;2021-01-07;67;0;249;1;0.0;0.0
22;2021-01-08;174;0;423;1;0.1;0.0
22;2021-01-09;1;0;424;1;0.1;0.0
22;2021-01-10;0;0;424;1;0.1;0.0
22;2021-01-11;234;3;658;4;0.1;0.0
22;2021-01-12;627;0;1285;4;0.2;0.0
22;2021-01-13;676;1;1961;5;0.3;0.0
22;2021-01-14;716;8;2677;13;0.4;0.0
22;2021-01-15;529;2;3206;15;0.5;0.0
22;2021-01-16;97;0;3303;15;0.6;0.0
22;2021-01-17;1;0;3304;15;0.6;0.0
22;2021-01-18;311;1;3615;16;0.6;0.0
22;2021-01-19;687;1;4302;17;0.7;0.0
22;2021-01-20;598;0;4900;17;0.8;0.0
22;2021-01-21;947;1;5847;18;1.0;0.0
22;2021-01-22;839;2;6686;20;1.1;0.0
22;2021-01-23;219;0;6905;20;1.2;0.0
22;2021-01-24;1;0;6906;20;1.2;0.0
22;2021-01-25;748;10;7654;30;1.3;0.0
22;2021-01-26;1016;59;8670;89;1.5;0.0
22;2021-01-27;3858;111;12528;200;2.1;0.0
22;2021-01-28;4511;85;17039;285;2.9;0.0
22;2021-01-29;1897;129;18936;414;3.2;0.1
22;2021-01-30;287;0;19223;414;3.2;0.1
22;2021-01-31;3;0;19226;414;3.2;0.1
22;2021-02-01;641;81;19867;495;3.3;0.1
22;2021-02-02;903;436;20770;931;3.5;0.2
22;2021-02-03;690;504;21460;1435;3.6;0.2
22;2021-02-04;965;636;22425;2071;3.8;0.3
22;2021-02-05;721;563;23146;2634;3.9;0.4
22;2021-02-06;249;0;23395;2634;3.9;0.4
22;2021-02-07;0;0;23395;2634;3.9;0.4
22;2021-02-08;531;133;23926;2767;4.0;0.5
22;2021-02-09;615;344;24541;3111;4.1;0.5
22;2021-02-10;425;201;24966;3312;4.2;0.6
22;2021-02-11;1086;324;26052;3636;4.4;0.6
22;2021-02-12;594;329;26646;3965;4.5;0.7
22;2021-02-13;319;78;26965;4043;4.5;0.7
22;2021-02-14;0;5;26965;4048;4.5;0.7
22;2021-02-15;672;429;27637;4477;4.6;0.8
22;2021-02-16;1041;704;28678;5181;4.8;0.9
22;2021-02-17;1202;2462;29880;7643;5.0;1.3
22;2021-02-18;2141;3008;32021;10651;5.4;1.8
22;2021-02-19;1636;1946;33657;12597;5.6;2.1
22;2021-02-20;479;213;34136;12810;5.7;2.1
22;2021-02-21;4;49;34140;12859;5.7;2.2
22;2021-02-22;403;721;34543;13580;5.8;2.3
22;2021-02-23;664;931;35207;14511;5.9;2.4
22;2021-02-24;695;944;35902;15455;6.0;2.6
22;2021-02-25;1202;1207;37104;16662;6.2;2.8
22;2021-02-26;1066;710;38170;17372;6.4;2.9
22;2021-02-27;563;286;38733;17658;6.5;3.0
22;2021-02-28;16;8;38749;17666;6.5;3.0
22;2021-03-01;958;525;39707;18191;6.7;3.1
22;2021-03-02;1205;877;40912;19068;6.9;3.2
22;2021-03-03;1325;863;42237;19931;7.1;3.3
22;2021-03-04;1600;930;43837;20861;7.4;3.5
22;2021-03-05;2106;809;45943;21670;7.7;3.6
22;2021-03-06;1113;298;47056;21968;7.9;3.7
22;2021-03-07;219;1;47275;21969;7.9;3.7
22;2021-03-08;1291;657;48566;22626;8.1;3.8
22;2021-03-09;1824;751;50390;23377;8.5;3.9
22;2021-03-10;1985;1004;52375;24381;8.8;4.1
22;2021-03-11;2373;1657;54748;26038;9.2;4.4
22;2021-03-12;3099;959;57847;26997;9.7;4.5
22;2021-03-13;1715;294;59562;27291;10.0;4.6
22;2021-03-14;245;23;59807;27314;10.0;4.6
22;2021-03-15;1618;566;61425;27880;10.3;4.7
22;2021-03-16;1601;853;63026;28733;10.6;4.8
22;2021-03-17;2647;701;65673;29434;11.0;4.9
22;2021-03-18;2553;1111;68226;30545;11.4;5.1
22;2021-03-19;3282;798;71508;31343;12.0;5.3
22;2021-03-20;2208;287;73716;31630;12.4;5.3
22;2021-03-21;16;0;73732;31630;12.4;5.3
22;2021-03-22;2364;365;76096;31995;12.8;5.4
22;2021-03-23;3143;784;79239;32779;13.3;5.5
22;2021-03-24;3484;684;82723;33463;13.9;5.6
22;2021-03-25;3961;604;86684;34067;14.5;5.7
22;2021-03-26;4003;480;90687;34547;15.2;5.8
22;2021-03-27;2088;180;92775;34727;15.6;5.8
22;2021-03-28;67;1;92842;34728;15.6;5.8
22;2021-03-29;2766;910;95608;35638;16.0;6.0
22;2021-03-30;3567;1154;99175;36792;16.6;6.2
22;2021-03-31;3675;1088;102850;37880;17.3;6.4
22;2021-04-01;4941;1125;107791;39005;18.1;6.5
22;2021-04-02;4392;1037;112183;40042;18.8;6.7
22;2021-04-03;1997;403;114180;40445;19.2;6.8
22;2021-04-04;37;0;114217;40445;19.2;6.8
22;2021-04-05;15;0;114232;40445;19.2;6.8
22;2021-04-06;3289;1139;117521;41584;19.7;7.0
22;2021-04-07;3426;1365;120947;42949;20.3;7.2
22;2021-04-08;4447;1321;125394;44270;21.0;7.4
22;2021-04-09;5185;1354;130579;45624;21.9;7.7
22;2021-04-10;2444;365;133023;45989;22.3;7.7
22;2021-04-11;485;10;133508;45999;22.4;7.7
22;2021-04-12;2985;1000;136493;46999;22.9;7.9
22;2021-04-13;3321;1517;139814;48516;23.5;8.1
22;2021-04-14;3168;2487;142982;51003;24.0;8.6
22;2021-04-15;3598;2434;146580;53437;24.6;9.0
22;2021-04-16;3632;2487;150212;55924;25.2;9.4
22;2021-04-17;1918;1787;152130;57711;25.5;9.7
22;2021-04-18;17;0;152147;57711;25.5;9.7
22;2021-04-19;3021;2149;155168;59860;26.0;10.0
22;2021-04-20;3307;2792;158475;62652;26.6;10.5
22;2021-04-21;3224;2732;161699;65384;27.1;11.0
22;2021-04-22;3593;3132;165292;68516;27.7;11.5
22;2021-04-23;3729;3174;169021;71690;28.4;12.0
22;2021-04-24;2002;1962;171023;73652;28.7;12.4
22;2021-04-25;17;0;171040;73652;28.7;12.4
22;2021-04-26;3210;2851;174250;76503;29.2;12.8
22;2021-04-27;3372;3143;177622;79646;29.8;13.4
22;2021-04-28;3489;3152;181111;82798;30.4;13.9
22;2021-04-29;4081;3271;185192;86069;31.1;14.4
22;2021-04-30;3905;3227;189097;89296;31.7;15.0
22;2021-05-01;60;69;189157;89365;31.7;15.0
22;2021-05-02;1237;60;190394;89425;31.9;15.0
22;2021-05-03;2030;2710;192424;92135;32.3;15.5
22;2021-05-04;2155;2899;194579;95034;32.6;15.9
22;2021-05-05;2052;3007;196631;98041;33.0;16.4
22;2021-05-06;2509;3497;199140;101538;33.4;17.0
22;2021-05-07;2831;3409;201971;104947;33.9;17.6
22;2021-05-08;45;121;202016;105068;33.9;17.6
22;2021-05-09;600;436;202616;105504;34.0;17.7
22;2021-05-10;4474;2729;207090;108233;34.7;18.2
22;2021-05-11;5104;2903;212194;111136;35.6;18.6
22;2021-05-12;6600;1022;218794;112158;36.7;18.8
22;2021-05-13;528;35;219322;112193;36.8;18.8
22;2021-05-14;6407;1086;225729;113279;37.9;19.0
22;2021-05-15;3987;428;229716;113707;38.5;19.1
22;2021-05-16;419;36;230135;113743;38.6;19.1
22;2021-05-17;5669;518;235804;114261;39.6;19.2
22;2021-05-18;6010;948;241814;115209;40.6;19.3
22;2021-05-19;6130;707;247944;115916;41.6;19.4
22;2021-05-20;6586;1375;254530;117291;42.7;19.7
22;2021-05-21;5894;1459;260424;118750;43.7;19.9
22;2021-05-22;4085;773;264509;119523;44.4;20.0
22;2021-05-23;407;15;264916;119538;44.4;20.1
22;2021-05-24;5307;220;270223;119758;45.3;20.1
22;2021-05-25;5636;1179;275859;120937;46.3;20.3
22;2021-05-26;4219;2809;280078;123746;47.0;20.8
22;2021-05-27;4505;3839;284583;127585;47.7;21.4
22;2021-05-28;4385;4438;288968;132023;48.5;22.1
22;2021-05-29;3045;1769;292013;133792;49.0;22.4
22;2021-05-30;19;7;292032;133799;49.0;22.4
22;2021-05-31;3655;3155;295687;136954;49.6;23.0
22;2021-06-01;3522;3691;299209;140645;50.2;23.6
22;2021-06-02;3084;3385;302293;144030;50.7;24.2
22;2021-06-03;3196;4100;305489;148130;51.2;24.8
22;2021-06-04;3370;4546;308859;152676;51.8;25.6
22;2021-06-05;3541;2025;312400;154701;52.4;25.9
22;2021-06-06;214;30;312614;154731;52.4;26.0
22;2021-06-07;3043;3256;315657;157987;52.9;26.5
22;2021-06-08;2796;3529;318453;161516;53.4;27.1
22;2021-06-09;2538;3508;320991;165024;53.8;27.7
22;2021-06-10;2517;4252;323508;169276;54.3;28.4
22;2021-06-11;2552;4228;326060;173504;54.7;29.1
22;2021-06-12;2413;1455;328473;174959;55.1;29.3
22;2021-06-13;133;1093;328606;176052;55.1;29.5
22;2021-06-14;2642;2467;331248;178519;55.6;29.9
22;2021-06-15;3097;3000;334345;181519;56.1;30.4
22;2021-06-16;3007;2813;337352;184332;56.6;30.9
22;2021-06-17;2564;3181;339916;187513;57.0;31.5
22;2021-06-18;3099;4113;343015;191626;57.5;32.1
22;2021-06-19;2985;1454;346000;193080;58.0;32.4
22;2021-06-20;155;8;346155;193088;58.1;32.4
22;2021-06-21;1779;5020;347934;198108;58.4;33.2
22;2021-06-22;2402;5554;350336;203662;58.8;34.2
22;2021-06-23;1282;6205;351618;209867;59.0;35.2
22;2021-06-24;2576;3915;354194;213782;59.4;35.9
22;2021-06-25;1563;6814;355757;220596;59.7;37.0
22;2021-06-26;784;3856;356541;224452;59.8;37.6
22;2021-06-27;4;512;356545;224964;59.8;37.7
22;2021-06-28;1052;5586;357597;230550;60.0;38.7
22;2021-06-29;1372;5957;358969;236507;60.2;39.7
22;2021-06-30;1128;5739;360097;242246;60.4;40.6
22;2021-07-01;1373;6039;361470;248285;60.6;41.6
22;2021-07-02;1708;6091;363178;254376;60.9;42.7
22;2021-07-03;1004;3821;364182;258197;61.1;43.3
22;2021-07-04;148;364;364330;258561;61.1;43.4
22;2021-07-05;1585;5803;365915;264364;61.4;44.3
22;2021-07-06;2306;5997;368221;270361;61.8;45.3
22;2021-07-07;2268;4933;370489;275294;62.1;46.2
22;2021-07-08;2497;5097;372986;280391;62.6;47.0
22;2021-07-09;2483;5382;375469;285773;63.0;47.9
22;2021-07-10;1798;3355;377267;289128;63.3;48.5
22;2021-07-11;484;72;377751;289200;63.4;48.5
22;2021-07-12;2314;4735;380065;293935;63.7;49.3
22;2021-07-13;3773;5052;383838;298987;64.4;50.1
22;2021-07-14;700;2497;384538;301484;64.5;50.6
22;2021-07-15;3819;4618;388357;306102;65.1;51.3
22;2021-07-16;3810;5290;392167;311392;65.8;52.2
22;2021-07-17;2540;3410;394707;314802;66.2;52.8
22;2021-07-18;566;86;395273;314888;66.3;52.8
22;2021-07-19;2749;4106;398022;318994;66.8;53.5
22;2021-07-20;3865;4135;401887;323129;67.4;54.2
22;2021-07-21;3962;3410;405849;326539;68.1;54.8
22;2021-07-22;4820;3707;410669;330246;68.9;55.4
22;2021-07-23;4420;4217;415089;334463;69.6;56.1
22;2021-07-24;2235;2616;417324;337079;70.0;56.5
22;2021-07-25;117;150;417441;337229;70.0;56.6
22;2021-07-26;3001;3918;420442;341147;70.5;57.2
22;2021-07-27;3667;4918;424109;346065;71.1;58.0
22;2021-07-28;3636;3648;427745;349713;71.7;58.7
22;2021-07-29;4236;3774;431981;353487;72.5;59.3
22;2021-07-30;3998;3975;435979;357462;73.1;60.0
22;2021-07-31;2377;2800;438356;360262;73.5;60.4
22;2021-08-01;114;152;438470;360414;73.5;60.5
22;2021-08-02;4613;2532;443083;362946;74.3;60.9
22;2021-08-03;4746;3422;447829;366368;75.1;61.5
22;2021-08-04;5718;2486;453547;368854;76.1;61.9
22;2021-08-05;4092;3802;457639;372656;76.8;62.5
22;2021-08-06;3624;3806;461263;376462;77.4;63.1
22;2021-08-07;2321;2264;463584;378726;77.8;63.5
22;2021-08-08;420;70;464004;378796;77.8;63.5
22;2021-08-09;2700;2700;466704;381496;78.3;64.0
22;2021-08-10;2694;3503;469398;384999;78.7;64.6
22;2021-08-11;2387;3118;471785;388117;79.1;65.1
22;2021-08-12;2147;3472;473932;391589;79.5;65.7
22;2021-08-13;1858;2971;475790;394560;79.8;66.2
22;2021-08-14;1272;1912;477062;396472;80.0;66.5
22;2021-08-15;83;198;477145;396670;80.0;66.5
22;2021-08-16;1462;3176;478607;399846;80.3;67.1
22;2021-08-17;1726;3453;480333;403299;80.6;67.6
23;2020-12-27;0;0;0;0;0.0;0.0
23;2020-12-28;1;0;1;0;0.0;0.0
23;2020-12-29;0;0;1;0;0.0;0.0
23;2020-12-30;0;0;1;0;0.0;0.0
23;2020-12-31;0;0;1;0;0.0;0.0
23;2021-01-01;0;0;1;0;0.0;0.0
23;2021-01-02;1;0;2;0;0.0;0.0
23;2021-01-03;0;0;2;0;0.0;0.0
23;2021-01-04;1;0;3;0;0.0;0.0
23;2021-01-05;3;0;6;0;0.0;0.0
23;2021-01-06;10;0;16;0;0.0;0.0
23;2021-01-07;116;0;132;0;0.1;0.0
23;2021-01-08;116;0;248;0;0.2;0.0
23;2021-01-09;36;0;284;0;0.2;0.0
23;2021-01-10;1;0;285;0;0.2;0.0
23;2021-01-11;175;0;460;0;0.4;0.0
23;2021-01-12;234;1;694;1;0.6;0.0
23;2021-01-13;308;0;1002;1;0.9;0.0
23;2021-01-14;292;5;1294;6;1.1;0.0
23;2021-01-15;334;5;1628;11;1.4;0.0
23;2021-01-16;163;1;1791;12;1.5;0.0
23;2021-01-17;0;0;1791;12;1.5;0.0
23;2021-01-18;342;3;2133;15;1.8;0.0
23;2021-01-19;497;2;2630;17;2.3;0.0
23;2021-01-20;362;1;2992;18;2.6;0.0
23;2021-01-21;697;1;3689;19;3.2;0.0
23;2021-01-22;478;0;4167;19;3.6;0.0
23;2021-01-23;368;1;4535;20;3.9;0.0
23;2021-01-24;0;0;4535;20;3.9;0.0
23;2021-01-25;382;17;4917;37;4.2;0.0
23;2021-01-26;300;5;5217;42;4.5;0.0
23;2021-01-27;228;3;5445;45;4.7;0.0
23;2021-01-28;232;46;5677;91;4.9;0.1
23;2021-01-29;303;103;5980;194;5.1;0.2
23;2021-01-30;100;28;6080;222;5.2;0.2
23;2021-01-31;2;34;6082;256;5.2;0.2
23;2021-02-01;148;107;6230;363;5.4;0.3
23;2021-02-02;157;122;6387;485;5.5;0.4
23;2021-02-03;105;208;6492;693;5.6;0.6
23;2021-02-04;78;265;6570;958;5.7;0.8
23;2021-02-05;117;313;6687;1271;5.8;1.1
23;2021-02-06;14;168;6701;1439;5.8;1.2
23;2021-02-07;1;0;6702;1439;5.8;1.2
23;2021-02-08;125;218;6827;1657;5.9;1.4
23;2021-02-09;85;295;6912;1952;5.9;1.7
23;2021-02-10;91;282;7003;2234;6.0;1.9
23;2021-02-11;244;587;7247;2821;6.2;2.4
23;2021-02-12;174;284;7421;3105;6.4;2.7
23;2021-02-13;8;191;7429;3296;6.4;2.8
23;2021-02-14;8;0;7437;3296;6.4;2.8
23;2021-02-15;157;367;7594;3663;6.5;3.2
23;2021-02-16;103;442;7697;4105;6.6;3.5
23;2021-02-17;65;493;7762;4598;6.7;4.0
23;2021-02-18;142;370;7904;4968;6.8;4.3
23;2021-02-19;109;253;8013;5221;6.9;4.5
23;2021-02-20;2;93;8015;5314;6.9;4.6
23;2021-02-21;0;0;8015;5314;6.9;4.6
23;2021-02-22;104;212;8119;5526;7.0;4.8
23;2021-02-23;107;220;8226;5746;7.1;4.9
23;2021-02-24;176;168;8402;5914;7.2;5.1
23;2021-02-25;183;109;8585;6023;7.4;5.2
23;2021-02-26;287;166;8872;6189;7.6;5.3
23;2021-02-27;112;11;8984;6200;7.7;5.3
23;2021-02-28;1;31;8985;6231;7.7;5.4
23;2021-03-01;88;201;9073;6432;7.8;5.5
23;2021-03-02;229;132;9302;6564;8.0;5.6
23;2021-03-03;133;90;9435;6654;8.1;5.7
23;2021-03-04;307;138;9742;6792;8.4;5.8
23;2021-03-05;517;111;10259;6903;8.8;5.9
23;2021-03-06;494;7;10753;6910;9.2;5.9
23;2021-03-07;313;3;11066;6913;9.5;5.9
23;2021-03-08;197;72;11263;6985;9.7;6.0
23;2021-03-09;421;102;11684;7087;10.0;6.1
23;2021-03-10;348;39;12032;7126;10.3;6.1
23;2021-03-11;325;49;12357;7175;10.6;6.2
23;2021-03-12;618;33;12975;7208;11.2;6.2
23;2021-03-13;286;12;13261;7220;11.4;6.2
23;2021-03-14;47;34;13308;7254;11.4;6.2
23;2021-03-15;220;126;13528;7380;11.6;6.3
23;2021-03-16;192;90;13720;7470;11.8;6.4
23;2021-03-17;131;101;13851;7571;11.9;6.5
23;2021-03-18;193;98;14044;7669;12.1;6.6
23;2021-03-19;205;121;14249;7790;12.3;6.7
23;2021-03-20;630;37;14879;7827;12.8;6.7
23;2021-03-21;128;0;15007;7827;12.9;6.7
23;2021-03-22;265;148;15272;7975;13.1;6.9
23;2021-03-23;504;105;15776;8080;13.6;6.9
23;2021-03-24;423;124;16199;8204;13.9;7.1
23;2021-03-25;819;188;17018;8392;14.6;7.2
23;2021-03-26;734;194;17752;8586;15.3;7.4
23;2021-03-27;505;48;18257;8634;15.7;7.4
23;2021-03-28;3;9;18260;8643;15.7;7.4
23;2021-03-29;358;111;18618;8754;16.0;7.5
23;2021-03-30;537;177;19155;8931;16.5;7.7
23;2021-03-31;411;175;19566;9106;16.8;7.8
23;2021-04-01;600;170;20166;9276;17.3;8.0
23;2021-04-02;498;298;20664;9574;17.8;8.2
23;2021-04-03;715;44;21379;9618;18.4;8.3
23;2021-04-04;4;0;21383;9618;18.4;8.3
23;2021-04-05;2;3;21385;9621;18.4;8.3
23;2021-04-06;382;294;21767;9915;18.7;8.5
23;2021-04-07;706;308;22473;10223;19.3;8.8
23;2021-04-08;803;235;23276;10458;20.0;9.0
23;2021-04-09;939;366;24215;10824;20.8;9.3
23;2021-04-10;1097;110;25312;10934;21.8;9.4
23;2021-04-11;21;2;25333;10936;21.8;9.4
23;2021-04-12;692;235;26025;11171;22.4;9.6
23;2021-04-13;669;302;26694;11473;23.0;9.9
23;2021-04-14;586;176;27280;11649;23.5;10.0
23;2021-04-15;930;184;28210;11833;24.3;10.2
23;2021-04-16;902;208;29112;12041;25.0;10.4
23;2021-04-17;994;551;30106;12592;25.9;10.8
23;2021-04-18;3;136;30109;12728;25.9;10.9
23;2021-04-19;611;296;30720;13024;26.4;11.2
23;2021-04-20;721;289;31441;13313;27.0;11.5
23;2021-04-21;733;396;32174;13709;27.7;11.8
23;2021-04-22;657;475;32831;14184;28.2;12.2
23;2021-04-23;592;341;33423;14525;28.7;12.5
23;2021-04-24;855;448;34278;14973;29.5;12.9
23;2021-04-25;0;0;34278;14973;29.5;12.9
23;2021-04-26;615;252;34893;15225;30.0;13.1
23;2021-04-27;675;428;35568;15653;30.6;13.5
23;2021-04-28;628;275;36196;15928;31.1;13.7
23;2021-04-29;883;379;37079;16307;31.9;14.0
23;2021-04-30;719;787;37798;17094;32.5;14.7
23;2021-05-01;1228;41;39026;17135;33.6;14.7
23;2021-05-02;14;0;39040;17135;33.6;14.7
23;2021-05-03;431;520;39471;17655;33.9;15.2
23;2021-05-04;616;511;40087;18166;34.5;15.6
23;2021-05-05;538;711;40625;18877;34.9;16.2
23;2021-05-06;727;701;41352;19578;35.6;16.8
23;2021-05-07;683;642;42035;20220;36.2;17.4
23;2021-05-08;1409;587;43444;20807;37.4;17.9
23;2021-05-09;3;0;43447;20807;37.4;17.9
23;2021-05-10;555;656;44002;21463;37.8;18.5
23;2021-05-11;561;764;44563;22227;38.3;19.1
23;2021-05-12;719;661;45282;22888;38.9;19.7
23;2021-05-13;537;56;45819;22944;39.4;19.7
23;2021-05-14;788;459;46607;23403;40.1;20.1
23;2021-05-15;994;234;47601;23637;40.9;20.3
23;2021-05-16;0;0;47601;23637;40.9;20.3
23;2021-05-17;568;449;48169;24086;41.4;20.7
23;2021-05-18;776;292;48945;24378;42.1;21.0
23;2021-05-19;1050;257;49995;24635;43.0;21.2
23;2021-05-20;837;316;50832;24951;43.7;21.5
23;2021-05-21;1105;311;51937;25262;44.7;21.7
23;2021-05-22;739;125;52676;25387;45.3;21.8
23;2021-05-23;2;20;52678;25407;45.3;21.9
23;2021-05-24;362;165;53040;25572;45.6;22.0
23;2021-05-25;904;336;53944;25908;46.4;22.3
23;2021-05-26;1076;227;55020;26135;47.3;22.5
23;2021-05-27;931;433;55951;26568;48.1;22.9
23;2021-05-28;781;743;56732;27311;48.8;23.5
23;2021-05-29;638;1100;57370;28411;49.3;24.4
23;2021-05-30;6;63;57376;28474;49.3;24.5
23;2021-05-31;433;540;57809;29014;49.7;25.0
23;2021-06-01;582;827;58391;29841;50.2;25.7
23;2021-06-02;624;521;59015;30362;50.8;26.1
23;2021-06-03;707;550;59722;30912;51.4;26.6
23;2021-06-04;779;614;60501;31526;52.0;27.1
23;2021-06-05;546;777;61047;32303;52.5;27.8
23;2021-06-06;0;0;61047;32303;52.5;27.8
23;2021-06-07;393;696;61440;32999;52.8;28.4
23;2021-06-08;322;776;61762;33775;53.1;29.0
23;2021-06-09;284;649;62046;34424;53.4;29.6
23;2021-06-10;373;692;62419;35116;53.7;30.2
23;2021-06-11;381;808;62800;35924;54.0;30.9
23;2021-06-12;378;1265;63178;37189;54.3;32.0
23;2021-06-13;13;5;63191;37194;54.3;32.0
23;2021-06-14;235;590;63426;37784;54.6;32.5
23;2021-06-15;230;861;63656;38645;54.7;33.2
23;2021-06-16;362;581;64018;39226;55.1;33.7
23;2021-06-17;339;810;64357;40036;55.4;34.4
23;2021-06-18;355;767;64712;40803;55.7;35.1
23;2021-06-19;490;1522;65202;42325;56.1;36.4
23;2021-06-20;2;11;65204;42336;56.1;36.4
23;2021-06-21;205;620;65409;42956;56.3;36.9
23;2021-06-22;216;684;65625;43640;56.4;37.5
23;2021-06-23;221;750;65846;44390;56.6;38.2
23;2021-06-24;198;606;66044;44996;56.8;38.7
23;2021-06-25;303;816;66347;45812;57.1;39.4
23;2021-06-26;222;999;66569;46811;57.3;40.3
23;2021-06-27;3;0;66572;46811;57.3;40.3
23;2021-06-28;115;693;66687;47504;57.4;40.9
23;2021-06-29;189;823;66876;48327;57.5;41.6
23;2021-06-30;168;944;67044;49271;57.7;42.4
23;2021-07-01;168;869;67212;50140;57.8;43.1
23;2021-07-02;192;1070;67404;51210;58.0;44.0
23;2021-07-03;250;979;67654;52189;58.2;44.9
23;2021-07-04;1;0;67655;52189;58.2;44.9
23;2021-07-05;160;805;67815;52994;58.3;45.6
23;2021-07-06;213;1043;68028;54037;58.5;46.5
23;2021-07-07;210;853;68238;54890;58.7;47.2
23;2021-07-08;253;738;68491;55628;58.9;47.8
23;2021-07-09;274;1012;68765;56640;59.1;48.7
23;2021-07-10;234;644;68999;57284;59.3;49.3
23;2021-07-11;0;0;68999;57284;59.3;49.3
23;2021-07-12;232;702;69231;57986;59.5;49.9
23;2021-07-13;471;917;69702;58903;59.9;50.7
23;2021-07-14;212;320;69914;59223;60.1;50.9
23;2021-07-15;477;813;70391;60036;60.5;51.6
23;2021-07-16;764;569;71155;60605;61.2;52.1
23;2021-07-17;220;479;71375;61084;61.4;52.5
23;2021-07-18;0;1;71375;61085;61.4;52.5
23;2021-07-19;702;628;72077;61713;62.0;53.1
23;2021-07-20;633;567;72710;62280;62.5;53.6
23;2021-07-21;698;635;73408;62915;63.1;54.1
23;2021-07-22;941;437;74349;63352;63.9;54.5
23;2021-07-23;841;505;75190;63857;64.7;54.9
23;2021-07-24;1007;439;76197;64296;65.5;55.3
23;2021-07-25;11;16;76208;64312;65.5;55.3
23;2021-07-26;787;567;76995;64879;66.2;55.8
23;2021-07-27;925;436;77920;65315;67.0;56.2
23;2021-07-28;870;415;78790;65730;67.8;56.5
23;2021-07-29;1044;400;79834;66130;68.7;56.9
23;2021-07-30;941;523;80775;66653;69.5;57.3
23;2021-07-31;1162;307;81937;66960;70.5;57.6
23;2021-08-01;18;8;81955;66968;70.5;57.6
23;2021-08-02;663;506;82618;67474;71.1;58.0
23;2021-08-03;734;460;83352;67934;71.7;58.4
23;2021-08-04;607;296;83959;68230;72.2;58.7
23;2021-08-05;684;365;84643;68595;72.8;59.0
23;2021-08-06;416;484;85059;69079;73.2;59.4
23;2021-08-07;290;189;85349;69268;73.4;59.6
23;2021-08-08;143;38;85492;69306;73.5;59.6
23;2021-08-09;490;492;85982;69798;74.0;60.0
23;2021-08-10;439;609;86421;70407;74.3;60.6
23;2021-08-11;427;488;86848;70895;74.7;61.0
23;2021-08-12;510;567;87358;71462;75.1;61.5
23;2021-08-13;414;576;87772;72038;75.5;62.0
23;2021-08-14;287;388;88059;72426;75.7;62.3
23;2021-08-15;27;9;88086;72435;75.8;62.3
23;2021-08-16;270;713;88356;73148;76.0;62.9
23;2021-08-17;273;727;88629;73875;76.2;63.5
24;2020-12-27;0;0;0;0;0.0;0.0
24;2020-12-28;0;0;0;0;0.0;0.0
24;2020-12-29;2;0;2;0;0.0;0.0
24;2020-12-30;1;0;3;0;0.0;0.0
24;2020-12-31;1;0;4;0;0.0;0.0
24;2021-01-01;0;0;4;0;0.0;0.0
24;2021-01-02;0;0;4;0;0.0;0.0
24;2021-01-03;0;0;4;0;0.0;0.0
24;2021-01-04;1;0;5;0;0.0;0.0
24;2021-01-05;1;0;6;0;0.0;0.0
24;2021-01-06;0;0;6;0;0.0;0.0
24;2021-01-07;190;0;196;0;0.0;0.0
24;2021-01-08;281;0;477;0;0.1;0.0
24;2021-01-09;185;0;662;0;0.2;0.0
24;2021-01-10;35;0;697;0;0.2;0.0
24;2021-01-11;269;0;966;0;0.2;0.0
24;2021-01-12;281;0;1247;0;0.3;0.0
24;2021-01-13;233;1;1480;1;0.4;0.0
24;2021-01-14;1013;15;2493;16;0.6;0.0
24;2021-01-15;605;6;3098;22;0.8;0.0
24;2021-01-16;87;0;3185;22;0.8;0.0
24;2021-01-17;2;1;3187;23;0.8;0.0
24;2021-01-18;299;0;3486;23;0.9;0.0
24;2021-01-19;467;1;3953;24;1.0;0.0
24;2021-01-20;553;0;4506;24;1.1;0.0
24;2021-01-21;644;5;5150;29;1.3;0.0
24;2021-01-22;514;0;5664;29;1.4;0.0
24;2021-01-23;151;1;5815;30;1.4;0.0
24;2021-01-24;2;0;5817;30;1.4;0.0
24;2021-01-25;441;0;6258;30;1.5;0.0
24;2021-01-26;636;66;6894;96;1.7;0.0
24;2021-01-27;1264;12;8158;108;2.0;0.0
24;2021-01-28;983;129;9141;237;2.2;0.1
24;2021-01-29;932;140;10073;377;2.5;0.1
24;2021-01-30;282;1;10355;378;2.5;0.1
24;2021-01-31;0;0;10355;378;2.5;0.1
24;2021-02-01;377;173;10732;551;2.6;0.1
24;2021-02-02;614;313;11346;864;2.8;0.2
24;2021-02-03;651;491;11997;1355;2.9;0.3
24;2021-02-04;977;391;12974;1746;3.2;0.4
24;2021-02-05;685;434;13659;2180;3.3;0.5
24;2021-02-06;140;35;13799;2215;3.4;0.5
24;2021-02-07;33;1;13832;2216;3.4;0.5
24;2021-02-08;309;236;14141;2452;3.5;0.6
24;2021-02-09;452;230;14593;2682;3.6;0.7
24;2021-02-10;373;110;14966;2792;3.7;0.7
24;2021-02-11;561;514;15527;3306;3.8;0.8
24;2021-02-12;495;392;16022;3698;3.9;0.9
24;2021-02-13;202;45;16224;3743;4.0;0.9
24;2021-02-14;89;0;16313;3743;4.0;0.9
24;2021-02-15;187;241;16500;3984;4.0;1.0
24;2021-02-16;334;522;16834;4506;4.1;1.1
24;2021-02-17;578;849;17412;5355;4.3;1.3
24;2021-02-18;442;731;17854;6086;4.4;1.5
24;2021-02-19;461;678;18315;6764;4.5;1.7
24;2021-02-20;163;141;18478;6905;4.5;1.7
24;2021-02-21;109;0;18587;6905;4.6;1.7
24;2021-02-22;426;529;19013;7434;4.7;1.8
24;2021-02-23;562;682;19575;8116;4.8;2.0
24;2021-02-24;537;832;20112;8948;4.9;2.2
24;2021-02-25;726;866;20838;9814;5.1;2.4
24;2021-02-26;975;972;21813;10786;5.3;2.6
24;2021-02-27;363;265;22176;11051;5.4;2.7
24;2021-02-28;25;4;22201;11055;5.4;2.7
24;2021-03-01;292;371;22493;11426;5.5;2.8
24;2021-03-02;538;417;23031;11843;5.6;2.9
24;2021-03-03;680;342;23711;12185;5.8;3.0
24;2021-03-04;914;508;24625;12693;6.0;3.1
24;2021-03-05;1065;567;25690;13260;6.3;3.2
24;2021-03-06;1126;142;26816;13402;6.6;3.3
24;2021-03-07;232;62;27048;13464;6.6;3.3
24;2021-03-08;531;257;27579;13721;6.8;3.4
24;2021-03-09;1174;443;28753;14164;7.0;3.5
24;2021-03-10;1141;451;29894;14615;7.3;3.6
24;2021-03-11;1603;462;31497;15077;7.7;3.7
24;2021-03-12;2050;442;33547;15519;8.2;3.8
24;2021-03-13;1344;200;34891;15719;8.5;3.8
24;2021-03-14;141;93;35032;15812;8.6;3.9
24;2021-03-15;952;170;35984;15982;8.8;3.9
24;2021-03-16;1144;231;37128;16213;9.1;4.0
24;2021-03-17;1215;286;38343;16499;9.4;4.0
24;2021-03-18;1056;558;39399;17057;9.6;4.2
24;2021-03-19;1252;540;40651;17597;10.0;4.3
24;2021-03-20;1055;150;41706;17747;10.2;4.3
24;2021-03-21;25;11;41731;17758;10.2;4.3
24;2021-03-22;1224;423;42955;18181;10.5;4.5
24;2021-03-23;1880;399;44835;18580;11.0;4.5
24;2021-03-24;1889;387;46724;18967;11.4;4.6
24;2021-03-25;1990;468;48714;19435;11.9;4.8
24;2021-03-26;2374;285;51088;19720;12.5;4.8
24;2021-03-27;1350;41;52438;19761;12.8;4.8
24;2021-03-28;63;9;52501;19770;12.9;4.8
24;2021-03-29;1673;326;54174;20096;13.3;4.9
24;2021-03-30;2408;396;56582;20492;13.9;5.0
24;2021-03-31;2181;311;58763;20803;14.4;5.1
24;2021-04-01;2195;312;60958;21115;14.9;5.2
24;2021-04-02;2072;394;63030;21509;15.4;5.3
24;2021-04-03;1375;122;64405;21631;15.8;5.3
24;2021-04-04;74;1;64479;21632;15.8;5.3
24;2021-04-05;947;58;65426;21690;16.0;5.3
24;2021-04-06;2351;700;67777;22390;16.6;5.5
24;2021-04-07;2717;691;70494;23081;17.3;5.7
24;2021-04-08;3006;961;73500;24042;18.0;5.9
24;2021-04-09;3487;1006;76987;25048;18.9;6.1
24;2021-04-10;2593;311;79580;25359;19.5;6.2
24;2021-04-11;1102;19;80682;25378;19.8;6.2
24;2021-04-12;2497;816;83179;26194;20.4;6.4
24;2021-04-13;2902;1202;86081;27396;21.1;6.7
24;2021-04-14;2937;1192;89018;28588;21.8;7.0
24;2021-04-15;2792;1102;91810;29690;22.5;7.3
24;2021-04-16;3266;974;95076;30664;23.3;7.5
24;2021-04-17;2271;501;97347;31165;23.8;7.6
24;2021-04-18;424;6;97771;31171;23.9;7.6
24;2021-04-19;1599;1011;99370;32182;24.3;7.9
24;2021-04-20;2267;1429;101637;33611;24.9;8.2
24;2021-04-21;2146;1442;103783;35053;25.4;8.6
24;2021-04-22;2061;1259;105844;36312;25.9;8.9
24;2021-04-23;1957;1331;107801;37643;26.4;9.2
24;2021-04-24;862;725;108663;38368;26.6;9.4
24;2021-04-25;54;4;108717;38372;26.6;9.4
24;2021-04-26;1296;1480;110013;39852;26.9;9.8
24;2021-04-27;1852;1880;111865;41732;27.4;10.2
24;2021-04-28;1505;1957;113370;43689;27.8;10.7
24;2021-04-29;1728;1890;115098;45579;28.2;11.2
24;2021-04-30;2270;1777;117368;47356;28.7;11.6
24;2021-05-01;2056;1067;119424;48423;29.2;11.9
24;2021-05-02;1923;213;121347;48636;29.7;11.9
24;2021-05-03;1475;1834;122822;50470;30.1;12.4
24;2021-05-04;2228;2293;125050;52763;30.6;12.9
24;2021-05-05;1890;2723;126940;55486;31.1;13.6
24;2021-05-06;1889;2796;128829;58282;31.5;14.3
24;2021-05-07;2264;2790;131093;61072;32.1;15.0
24;2021-05-08;1285;1152;132378;62224;32.4;15.2
24;2021-05-09;1166;901;133544;63125;32.7;15.5
24;2021-05-10;1095;2628;134639;65753;33.0;16.1
24;2021-05-11;2040;2801;136679;68554;33.5;16.8
24;2021-05-12;1924;2255;138603;70809;33.9;17.3
24;2021-05-13;1465;1215;140068;72024;34.3;17.6
24;2021-05-14;2378;1332;142446;73356;34.9;18.0
24;2021-05-15;2047;816;144493;74172;35.4;18.2
24;2021-05-16;1171;347;145664;74519;35.7;18.2
24;2021-05-17;2242;1254;147906;75773;36.2;18.6
24;2021-05-18;2481;1819;150387;77592;36.8;19.0
24;2021-05-19;2284;1377;152671;78969;37.4;19.3
24;2021-05-20;2373;1580;155044;80549;38.0;19.7
24;2021-05-21;2433;1413;157477;81962;38.6;20.1
24;2021-05-22;1719;407;159196;82369;39.0;20.2
24;2021-05-23;952;72;160148;82441;39.2;20.2
24;2021-05-24;1515;335;161663;82776;39.6;20.3
24;2021-05-25;2297;1385;163960;84161;40.1;20.6
24;2021-05-26;2149;1318;166109;85479;40.7;20.9
24;2021-05-27;1748;2195;167857;87674;41.1;21.5
24;2021-05-28;2145;2006;170002;89680;41.6;22.0
24;2021-05-29;1153;2092;171155;91772;41.9;22.5
24;2021-05-30;1418;171;172573;91943;42.3;22.5
24;2021-05-31;1743;1365;174316;93308;42.7;22.8
24;2021-06-01;2583;1977;176899;95285;43.3;23.3
24;2021-06-02;2652;1785;179551;97070;44.0;23.8
24;2021-06-03;2290;1464;181841;98534;44.5;24.1
24;2021-06-04;2381;1898;184222;100432;45.1;24.6
24;2021-06-05;2007;1417;186229;101849;45.6;24.9
24;2021-06-06;767;223;186996;102072;45.8;25.0
24;2021-06-07;1432;1496;188428;103568;46.1;25.4
24;2021-06-08;1678;1908;190106;105476;46.5;25.8
24;2021-06-09;1323;1597;191429;107073;46.9;26.2
24;2021-06-10;1574;1910;193003;108983;47.3;26.7
24;2021-06-11;1331;2082;194334;111065;47.6;27.2
24;2021-06-12;1123;2545;195457;113610;47.9;27.8
24;2021-06-13;1238;922;196695;114532;48.2;28.0
24;2021-06-14;1165;1858;197860;116390;48.4;28.5
24;2021-06-15;1486;2992;199346;119382;48.8;29.2
24;2021-06-16;1670;2732;201016;122114;49.2;29.9
24;2021-06-17;1544;2182;202560;124296;49.6;30.4
24;2021-06-18;1400;2864;203960;127160;49.9;31.1
24;2021-06-19;1275;1521;205235;128681;50.3;31.5
24;2021-06-20;514;500;205749;129181;50.4;31.6
24;2021-06-21;931;1835;206680;131016;50.6;32.1
24;2021-06-22;1453;2593;208133;133609;51.0;32.7
24;2021-06-23;1427;2421;209560;136030;51.3;33.3
24;2021-06-24;1134;1913;210694;137943;51.6;33.8
24;2021-06-25;967;2817;211661;140760;51.8;34.5
24;2021-06-26;864;2105;212525;142865;52.0;35.0
24;2021-06-27;402;978;212927;143843;52.1;35.2
24;2021-06-28;817;2483;213744;146326;52.3;35.8
24;2021-06-29;941;2869;214685;149195;52.6;36.5
24;2021-06-30;1112;2460;215797;151655;52.8;37.1
24;2021-07-01;1131;2300;216928;153955;53.1;37.7
24;2021-07-02;1097;2744;218025;156699;53.4;38.4
24;2021-07-03;812;1902;218837;158601;53.6;38.8
24;2021-07-04;410;1013;219247;159614;53.7;39.1
24;2021-07-05;792;2315;220039;161929;53.9;39.7
24;2021-07-06;879;3357;220918;165286;54.1;40.5
24;2021-07-07;1083;3041;222001;168327;54.4;41.2
24;2021-07-08;1341;2119;223342;170446;54.7;41.7
24;2021-07-09;1176;3218;224518;173664;55.0;42.5
24;2021-07-10;480;1964;224998;175628;55.1;43.0
24;2021-07-11;587;1188;225585;176816;55.2;43.3
24;2021-07-12;899;2520;226484;179336;55.5;43.9
24;2021-07-13;1323;3213;227807;182549;55.8;44.7
24;2021-07-14;614;1188;228421;183737;55.9;45.0
24;2021-07-15;1690;2776;230111;186513;56.3;45.7
24;2021-07-16;2147;2596;232258;189109;56.9;46.3
24;2021-07-17;1525;2232;233783;191341;57.2;46.9
24;2021-07-18;708;886;234491;192227;57.4;47.1
24;2021-07-19;1572;2186;236063;194413;57.8;47.6
24;2021-07-20;2012;2442;238075;196855;58.3;48.2
24;2021-07-21;1871;2328;239946;199183;58.8;48.8
24;2021-07-22;2341;2447;242287;201630;59.3;49.4
24;2021-07-23;2297;2625;244584;204255;59.9;50.0
24;2021-07-24;1806;1544;246390;205799;60.3;50.4
24;2021-07-25;810;871;247200;206670;60.5;50.6
24;2021-07-26;1566;2020;248766;208690;60.9;51.1
24;2021-07-27;2833;2284;251599;210974;61.6;51.7
24;2021-07-28;2724;1938;254323;212912;62.3;52.1
24;2021-07-29;3040;2232;257363;215144;63.0;52.7
24;2021-07-30;2458;1914;259821;217058;63.6;53.1
24;2021-07-31;1636;1559;261457;218617;64.0;53.5
24;2021-08-01;1110;652;262567;219269;64.3;53.7
24;2021-08-02;1939;1624;264506;220893;64.8;54.1
24;2021-08-03;2877;1911;267383;222804;65.5;54.6
24;2021-08-04;3073;1623;270456;224427;66.2;55.0
24;2021-08-05;3022;1434;273478;225861;67.0;55.3
24;2021-08-06;2531;1532;276009;227393;67.6;55.7
24;2021-08-07;1778;1115;277787;228508;68.0;56.0
24;2021-08-08;1098;677;278885;229185;68.3;56.1
24;2021-08-09;1723;1385;280608;230570;68.7;56.5
24;2021-08-10;2262;1776;282870;232346;69.3;56.9
24;2021-08-11;2263;1691;285133;234037;69.8;57.3
24;2021-08-12;1906;1959;287039;235996;70.3;57.8
24;2021-08-13;1487;1623;288526;237619;70.6;58.2
24;2021-08-14;1162;1241;289688;238860;70.9;58.5
24;2021-08-15;739;579;290427;239439;71.1;58.6
24;2021-08-16;1106;1700;291533;241139;71.4;59.0
24;2021-08-17;1597;2100;293130;243239;71.8;59.6
25;2020-12-27;0;0;0;0;0.0;0.0
25;2020-12-28;1;0;1;0;0.0;0.0
25;2020-12-29;0;0;1;0;0.0;0.0
25;2020-12-30;0;0;1;0;0.0;0.0
25;2020-12-31;2;0;3;0;0.0;0.0
25;2021-01-01;0;0;3;0;0.0;0.0
25;2021-01-02;1;0;4;0;0.0;0.0
25;2021-01-03;0;0;4;0;0.0;0.0
25;2021-01-04;0;0;4;0;0.0;0.0
25;2021-01-05;1;0;5;0;0.0;0.0
25;2021-01-06;75;1;80;1;0.0;0.0
25;2021-01-07;236;1;316;2;0.1;0.0
25;2021-01-08;345;1;661;3;0.1;0.0
25;2021-01-09;102;0;763;3;0.1;0.0
25;2021-01-10;0;0;763;3;0.1;0.0
25;2021-01-11;501;5;1264;8;0.2;0.0
25;2021-01-12;682;2;1946;10;0.4;0.0
25;2021-01-13;626;4;2572;14;0.5;0.0
25;2021-01-14;897;15;3469;29;0.6;0.0
25;2021-01-15;785;8;4254;37;0.8;0.0
25;2021-01-16;206;1;4460;38;0.8;0.0
25;2021-01-17;112;0;4572;38;0.8;0.0
25;2021-01-18;1296;7;5868;45;1.1;0.0
25;2021-01-19;1411;5;7279;50;1.3;0.0
25;2021-01-20;1420;4;8699;54;1.6;0.0
25;2021-01-21;1815;2;10514;56;1.9;0.0
25;2021-01-22;1504;4;12018;60;2.2;0.0
25;2021-01-23;499;1;12517;61;2.3;0.0
25;2021-01-24;119;0;12636;61;2.3;0.0
25;2021-01-25;990;0;13626;61;2.5;0.0
25;2021-01-26;1488;42;15114;103;2.8;0.0
25;2021-01-27;1249;70;16363;173;3.0;0.0
25;2021-01-28;1090;76;17453;249;3.2;0.0
25;2021-01-29;905;232;18358;481;3.4;0.1
25;2021-01-30;293;92;18651;573;3.5;0.1
25;2021-01-31;2;0;18653;573;3.5;0.1
25;2021-02-01;612;221;19265;794;3.6;0.1
25;2021-02-02;674;414;19939;1208;3.7;0.2
25;2021-02-03;759;249;20698;1457;3.8;0.3
25;2021-02-04;715;446;21413;1903;4.0;0.4
25;2021-02-05;517;468;21930;2371;4.1;0.4
25;2021-02-06;198;157;22128;2528;4.1;0.5
25;2021-02-07;2;34;22130;2562;4.1;0.5
25;2021-02-08;613;508;22743;3070;4.2;0.6
25;2021-02-09;616;491;23359;3561;4.3;0.7
25;2021-02-10;817;490;24176;4051;4.5;0.8
25;2021-02-11;585;854;24761;4905;4.6;0.9
25;2021-02-12;413;549;25174;5454;4.7;1.0
25;2021-02-13;97;141;25271;5595;4.7;1.0
25;2021-02-14;0;0;25271;5595;4.7;1.0
25;2021-02-15;187;1039;25458;6634;4.7;1.2
25;2021-02-16;214;1453;25672;8087;4.8;1.5
25;2021-02-17;110;1341;25782;9428;4.8;1.7
25;2021-02-18;147;1434;25929;10862;4.8;2.0
25;2021-02-19;102;1269;26031;12131;4.8;2.2
25;2021-02-20;26;492;26057;12623;4.8;2.3
25;2021-02-21;1;143;26058;12766;4.8;2.4
25;2021-02-22;83;1065;26141;13831;4.8;2.6
25;2021-02-23;195;1081;26336;14912;4.9;2.8
25;2021-02-24;104;975;26440;15887;4.9;2.9
25;2021-02-25;522;1005;26962;16892;5.0;3.1
25;2021-02-26;607;980;27569;17872;5.1;3.3
25;2021-02-27;228;373;27797;18245;5.2;3.4
25;2021-02-28;5;1;27802;18246;5.2;3.4
25;2021-03-01;443;622;28245;18868;5.2;3.5
25;2021-03-02;653;837;28898;19705;5.4;3.7
25;2021-03-03;541;735;29439;20440;5.5;3.8
25;2021-03-04;1157;659;30596;21099;5.7;3.9
25;2021-03-05;1853;388;32449;21487;6.0;4.0
25;2021-03-06;1170;227;33619;21714;6.2;4.0
25;2021-03-07;9;7;33628;21721;6.2;4.0
25;2021-03-08;548;709;34176;22430;6.3;4.2
25;2021-03-09;1040;779;35216;23209;6.5;4.3
25;2021-03-10;1150;650;36366;23859;6.7;4.4
25;2021-03-11;1658;583;38024;24442;7.0;4.5
25;2021-03-12;1995;450;40019;24892;7.4;4.6
25;2021-03-13;1119;98;41138;24990;7.6;4.6
25;2021-03-14;35;1;41173;24991;7.6;4.6
25;2021-03-15;1126;139;42299;25130;7.8;4.7
25;2021-03-16;1286;118;43585;25248;8.1;4.7
25;2021-03-17;1414;136;44999;25384;8.3;4.7
25;2021-03-18;1527;81;46526;25465;8.6;4.7
25;2021-03-19;1595;127;48121;25592;8.9;4.7
25;2021-03-20;821;36;48942;25628;9.1;4.8
25;2021-03-21;24;0;48966;25628;9.1;4.8
25;2021-03-22;1486;84;50452;25712;9.4;4.8
25;2021-03-23;2162;142;52614;25854;9.8;4.8
25;2021-03-24;2419;93;55033;25947;10.2;4.8
25;2021-03-25;2837;188;57870;26135;10.7;4.8
25;2021-03-26;3156;175;61026;26310;11.3;4.9
25;2021-03-27;1110;86;62136;26396;11.5;4.9
25;2021-03-28;121;64;62257;26460;11.5;4.9
25;2021-03-29;1787;279;64044;26739;11.9;5.0
25;2021-03-30;2213;392;66257;27131;12.3;5.0
25;2021-03-31;2220;358;68477;27489;12.7;5.1
25;2021-04-01;2450;519;70927;28008;13.1;5.2
25;2021-04-02;2027;599;72954;28607;13.5;5.3
25;2021-04-03;447;109;73401;28716;13.6;5.3
25;2021-04-04;39;21;73440;28737;13.6;5.3
25;2021-04-05;145;4;73585;28741;13.6;5.3
25;2021-04-06;1936;682;75521;29423;14.0;5.5
25;2021-04-07;1878;851;77399;30274;14.3;5.6
25;2021-04-08;2434;823;79833;31097;14.8;5.8
25;2021-04-09;2595;992;82428;32089;15.3;5.9
25;2021-04-10;977;289;83405;32378;15.5;6.0
25;2021-04-11;105;28;83510;32406;15.5;6.0
25;2021-04-12;1558;964;85068;33370;15.8;6.2
25;2021-04-13;1986;1316;87054;34686;16.1;6.4
25;2021-04-14;1750;1214;88804;35900;16.5;6.7
25;2021-04-15;1998;1328;90802;37228;16.8;6.9
25;2021-04-16;2085;1002;92887;38230;17.2;7.1
25;2021-04-17;1105;414;93992;38644;17.4;7.2
25;2021-04-18;118;18;94110;38662;17.4;7.2
25;2021-04-19;1327;1247;95437;39909;17.7;7.4
25;2021-04-20;1615;1462;97052;41371;18.0;7.7
25;2021-04-21;1716;1629;98768;43000;18.3;8.0
25;2021-04-22;1859;1708;100627;44708;18.7;8.3
25;2021-04-23;1902;1763;102529;46471;19.0;8.6
25;2021-04-24;1281;706;103810;47177;19.2;8.7
25;2021-04-25;140;114;103950;47291;19.3;8.8
25;2021-04-26;1722;1685;105672;48976;19.6;9.1
25;2021-04-27;2803;1524;108475;50500;20.1;9.4
25;2021-04-28;2425;1554;110900;52054;20.6;9.6
25;2021-04-29;2649;1834;113549;53888;21.0;10.0
25;2021-04-30;3106;1579;116655;55467;21.6;10.3
25;2021-05-01;1789;334;118444;55801;22.0;10.3
25;2021-05-02;442;22;118886;55823;22.0;10.3
25;2021-05-03;2902;841;121788;56664;22.6;10.5
25;2021-05-04;2641;1883;124429;58547;23.1;10.9
25;2021-05-05;2597;1663;127026;60210;23.5;11.2
25;2021-05-06;2927;2166;129953;62376;24.1;11.6
25;2021-05-07;3063;2125;133016;64501;24.7;12.0
25;2021-05-08;1334;229;134350;64730;24.9;12.0
25;2021-05-09;244;87;134594;64817;25.0;12.0
25;2021-05-10;3130;1640;137724;66457;25.5;12.3
25;2021-05-11;3750;2039;141474;68496;26.2;12.7
25;2021-05-12;3688;1792;145162;70288;26.9;13.0
25;2021-05-13;3520;598;148682;70886;27.6;13.1
25;2021-05-14;4483;1305;153165;72191;28.4;13.4
25;2021-05-15;3281;707;156446;72898;29.0;13.5
25;2021-05-16;723;92;157169;72990;29.1;13.5
25;2021-05-17;4090;1092;161259;74082;29.9;13.7
25;2021-05-18;5205;1187;166464;75269;30.9;14.0
25;2021-05-19;5245;1128;171709;76397;31.8;14.2
25;2021-05-20;5134;1451;176843;77848;32.8;14.4
25;2021-05-21;5765;1977;182608;79825;33.9;14.8
25;2021-05-22;3176;721;185784;80546;34.4;14.9
25;2021-05-23;781;156;186565;80702;34.6;15.0
25;2021-05-24;1528;151;188093;80853;34.9;15.0
25;2021-05-25;3514;1644;191607;82497;35.5;15.3
25;2021-05-26;3976;1557;195583;84054;36.3;15.6
25;2021-05-27;4517;1901;200100;85955;37.1;15.9
25;2021-05-28;3991;2651;204091;88606;37.8;16.4
25;2021-05-29;2015;1022;206106;89628;38.2;16.6
25;2021-05-30;175;96;206281;89724;38.2;16.6
25;2021-05-31;2673;1712;208954;91436;38.7;16.9
25;2021-06-01;2729;2158;211683;93594;39.2;17.3
25;2021-06-02;2609;2248;214292;95842;39.7;17.8
25;2021-06-03;3274;2043;217566;97885;40.3;18.1
25;2021-06-04;3209;2410;220775;100295;40.9;18.6
25;2021-06-05;1491;1397;222266;101692;41.2;18.9
25;2021-06-06;986;259;223252;101951;41.4;18.9
25;2021-06-07;2785;2573;226037;104524;41.9;19.4
25;2021-06-08;2603;2760;228640;107284;42.4;19.9
25;2021-06-09;2383;2762;231023;110046;42.8;20.4
25;2021-06-10;2322;2653;233345;112699;43.3;20.9
25;2021-06-11;2712;3311;236057;116010;43.8;21.5
25;2021-06-12;1571;1860;237628;117870;44.1;21.9
25;2021-06-13;496;257;238124;118127;44.1;21.9
25;2021-06-14;1422;3758;239546;121885;44.4;22.6
25;2021-06-15;1642;3568;241188;125453;44.7;23.3
25;2021-06-16;1954;3270;243142;128723;45.1;23.9
25;2021-06-17;1473;3326;244615;132049;45.3;24.5
25;2021-06-18;2282;4295;246897;136344;45.8;25.3
25;2021-06-19;1350;1976;248247;138320;46.0;25.6
25;2021-06-20;57;239;248304;138559;46.0;25.7
25;2021-06-21;1140;4140;249444;142699;46.2;26.5
25;2021-06-22;1149;4674;250593;147373;46.5;27.3
25;2021-06-23;1405;4075;251998;151448;46.7;28.1
25;2021-06-24;1193;4083;253191;155531;46.9;28.8
25;2021-06-25;1637;5608;254828;161139;47.2;29.9
25;2021-06-26;626;3383;255454;164522;47.4;30.5
25;2021-06-27;451;879;255905;165401;47.4;30.7
25;2021-06-28;908;4471;256813;169872;47.6;31.5
25;2021-06-29;1128;5468;257941;175340;47.8;32.5
25;2021-06-30;1312;5368;259253;180708;48.1;33.5
25;2021-07-01;1698;5227;260951;185935;48.4;34.5
25;2021-07-02;1750;5061;262701;190996;48.7;35.4
25;2021-07-03;1042;2695;263743;193691;48.9;35.9
25;2021-07-04;409;722;264152;194413;49.0;36.0
25;2021-07-05;1299;2577;265451;196990;49.2;36.5
25;2021-07-06;1571;4744;267022;201734;49.5;37.4
25;2021-07-07;1593;4505;268615;206239;49.8;38.2
25;2021-07-08;1544;3929;270159;210168;50.1;39.0
25;2021-07-09;1733;4583;271892;214751;50.4;39.8
25;2021-07-10;781;2371;272673;217122;50.5;40.2
25;2021-07-11;126;306;272799;217428;50.6;40.3
25;2021-07-12;1396;3859;274195;221287;50.8;41.0
25;2021-07-13;2472;4772;276667;226059;51.3;41.9
25;2021-07-14;378;561;277045;226620;51.4;42.0
25;2021-07-15;2400;3656;279445;230276;51.8;42.7
25;2021-07-16;3474;3835;282919;234111;52.4;43.4
25;2021-07-17;2204;2033;285123;236144;52.9;43.8
25;2021-07-18;805;1299;285928;237443;53.0;44.0
25;2021-07-19;2542;4207;288470;241650;53.5;44.8
25;2021-07-20;3376;3708;291846;245358;54.1;45.5
25;2021-07-21;3292;3363;295138;248721;54.7;46.1
25;2021-07-22;3324;2975;298462;251696;55.3;46.7
25;2021-07-23;3553;3349;302015;255045;56.0;47.3
25;2021-07-24;1408;2270;303423;257315;56.2;47.7
25;2021-07-25;673;706;304096;258021;56.4;47.8
25;2021-07-26;3046;3016;307142;261037;56.9;48.4
25;2021-07-27;3813;2118;310955;263155;57.6;48.8
25;2021-07-28;3661;2104;314616;265259;58.3;49.2
25;2021-07-29;4303;2082;318919;267341;59.1;49.6
25;2021-07-30;4236;2480;323155;269821;59.9;50.0
25;2021-07-31;1815;1467;324970;271288;60.2;50.3
25;2021-08-01;1343;195;326313;271483;60.5;50.3
25;2021-08-02;2708;2212;329021;273695;61.0;50.7
25;2021-08-03;2812;2201;331833;275896;61.5;51.1
25;2021-08-04;2920;1420;334753;277316;62.1;51.4
25;2021-08-05;2189;1724;336942;279040;62.5;51.7
25;2021-08-06;2276;2341;339218;281381;62.9;52.2
25;2021-08-07;1289;1195;340507;282576;63.1;52.4
25;2021-08-08;319;474;340826;283050;63.2;52.5
25;2021-08-09;2007;2214;342833;285264;63.6;52.9
25;2021-08-10;1944;2509;344777;287773;63.9;53.3
25;2021-08-11;1826;2025;346603;289798;64.3;53.7
25;2021-08-12;2131;2487;348734;292285;64.6;54.2
25;2021-08-13;1672;2010;350406;294295;65.0;54.6
25;2021-08-14;952;1778;351358;296073;65.1;54.9
25;2021-08-15;9;45;351367;296118;65.1;54.9
25;2021-08-16;1239;3249;352606;299367;65.4;55.5
25;2021-08-17;1412;3277;354018;302644;65.6;56.1
26;2020-12-27;0;0;0;0;0.0;0.0
26;2020-12-28;0;0;0;0;0.0;0.0
26;2020-12-29;0;0;0;0;0.0;0.0
26;2020-12-30;0;0;0;0;0.0;0.0
26;2020-12-31;0;0;0;0;0.0;0.0
26;2021-01-01;0;0;0;0;0.0;0.0
26;2021-01-02;0;0;0;0;0.0;0.0
26;2021-01-03;0;0;0;0;0.0;0.0
26;2021-01-04;0;0;0;0;0.0;0.0
26;2021-01-05;0;0;0;0;0.0;0.0
26;2021-01-06;0;0;0;0;0.0;0.0
26;2021-01-07;168;0;168;0;0.0;0.0
26;2021-01-08;125;0;293;0;0.1;0.0
26;2021-01-09;2;0;295;0;0.1;0.0
26;2021-01-10;0;0;295;0;0.1;0.0
26;2021-01-11;266;1;561;1;0.1;0.0
26;2021-01-12;176;1;737;2;0.1;0.0
26;2021-01-13;417;1;1154;3;0.2;0.0
26;2021-01-14;487;0;1641;3;0.3;0.0
26;2021-01-15;562;1;2203;4;0.4;0.0
26;2021-01-16;250;1;2453;5;0.5;0.0
26;2021-01-17;0;0;2453;5;0.5;0.0
26;2021-01-18;637;1;3090;6;0.6;0.0
26;2021-01-19;784;4;3874;10;0.7;0.0
26;2021-01-20;742;0;4616;10;0.9;0.0
26;2021-01-21;806;5;5422;15;1.0;0.0
26;2021-01-22;787;4;6209;19;1.2;0.0
26;2021-01-23;563;2;6772;21;1.3;0.0
26;2021-01-24;24;0;6796;21;1.3;0.0
26;2021-01-25;697;2;7493;23;1.4;0.0
26;2021-01-26;801;4;8294;27;1.6;0.0
26;2021-01-27;822;9;9116;36;1.8;0.0
26;2021-01-28;1328;169;10444;205;2.0;0.0
26;2021-01-29;970;66;11414;271;2.2;0.1
26;2021-01-30;605;5;12019;276;2.3;0.1
26;2021-01-31;24;0;12043;276;2.3;0.1
26;2021-02-01;709;189;12752;465;2.4;0.1
26;2021-02-02;1274;212;14026;677;2.7;0.1
26;2021-02-03;1235;258;15261;935;2.9;0.2
26;2021-02-04;985;452;16246;1387;3.1;0.3
26;2021-02-05;672;335;16918;1722;3.2;0.3
26;2021-02-06;408;241;17326;1963;3.3;0.4
26;2021-02-07;57;2;17383;1965;3.3;0.4
26;2021-02-08;544;418;17927;2383;3.4;0.5
26;2021-02-09;617;477;18544;2860;3.6;0.5
26;2021-02-10;665;341;19209;3201;3.7;0.6
26;2021-02-11;753;330;19962;3531;3.8;0.7
26;2021-02-12;590;453;20552;3984;3.9;0.8
26;2021-02-13;388;337;20940;4321;4.0;0.8
26;2021-02-14;36;0;20976;4321;4.0;0.8
26;2021-02-15;414;532;21390;4853;4.1;0.9
26;2021-02-16;294;558;21684;5411;4.2;1.0
26;2021-02-17;195;740;21879;6151;4.2;1.2
26;2021-02-18;337;899;22216;7050;4.3;1.4
26;2021-02-19;341;808;22557;7858;4.3;1.5
26;2021-02-20;95;490;22652;8348;4.4;1.6
26;2021-02-21;3;24;22655;8372;4.4;1.6
26;2021-02-22;144;719;22799;9091;4.4;1.7
26;2021-02-23;397;998;23196;10089;4.5;1.9
26;2021-02-24;342;1222;23538;11311;4.5;2.2
26;2021-02-25;734;1074;24272;12385;4.7;2.4
26;2021-02-26;925;640;25197;13025;4.8;2.5
26;2021-02-27;279;511;25476;13536;4.9;2.6
26;2021-02-28;3;30;25479;13566;4.9;2.6
26;2021-03-01;457;660;25936;14226;5.0;2.7
26;2021-03-02;741;633;26677;14859;5.1;2.9
26;2021-03-03;730;687;27407;15546;5.3;3.0
26;2021-03-04;1044;582;28451;16128;5.5;3.1
26;2021-03-05;1710;523;30161;16651;5.8;3.2
26;2021-03-06;2771;502;32932;17153;6.3;3.3
26;2021-03-07;2990;212;35922;17365;6.9;3.3
26;2021-03-08;909;654;36831;18019;7.1;3.5
26;2021-03-09;1324;557;38155;18576;7.3;3.6
26;2021-03-10;1219;516;39374;19092;7.6;3.7
26;2021-03-11;1608;653;40982;19745;7.9;3.8
26;2021-03-12;2216;478;43198;20223;8.3;3.9
26;2021-03-13;1885;345;45083;20568;8.7;4.0
26;2021-03-14;69;39;45152;20607;8.7;4.0
26;2021-03-15;1652;250;46804;20857;9.0;4.0
26;2021-03-16;1232;512;48036;21369;9.2;4.1
26;2021-03-17;1369;308;49405;21677;9.5;4.2
26;2021-03-18;1587;283;50992;21960;9.8;4.2
26;2021-03-19;2443;347;53435;22307;10.3;4.3
26;2021-03-20;1289;152;54724;22459;10.5;4.3
26;2021-03-21;61;20;54785;22479;10.5;4.3
26;2021-03-22;1845;195;56630;22674;10.9;4.4
26;2021-03-23;2474;273;59104;22947;11.4;4.4
26;2021-03-24;2551;242;61655;23189;11.8;4.5
26;2021-03-25;3041;339;64696;23528;12.4;4.5
26;2021-03-26;3049;354;67745;23882;13.0;4.6
26;2021-03-27;1245;156;68990;24038;13.3;4.6
26;2021-03-28;94;7;69084;24045;13.3;4.6
26;2021-03-29;1908;404;70992;24449;13.6;4.7
26;2021-03-30;2381;544;73373;24993;14.1;4.8
26;2021-03-31;2229;581;75602;25574;14.5;4.9
26;2021-04-01;2276;781;77878;26355;15.0;5.1
26;2021-04-02;2214;987;80092;27342;15.4;5.3
26;2021-04-03;552;1203;80644;28545;15.5;5.5
26;2021-04-04;215;889;80859;29434;15.5;5.7
26;2021-04-05;555;53;81414;29487;15.6;5.7
26;2021-04-06;1486;834;82900;30321;15.9;5.8
26;2021-04-07;1791;901;84691;31222;16.3;6.0
26;2021-04-08;3004;928;87695;32150;16.8;6.2
26;2021-04-09;3416;1001;91111;33151;17.5;6.4
26;2021-04-10;1355;919;92466;34070;17.8;6.5
26;2021-04-11;89;35;92555;34105;17.8;6.6
26;2021-04-12;1713;1128;94268;35233;18.1;6.8
26;2021-04-13;2795;1454;97063;36687;18.6;7.0
26;2021-04-14;2206;1478;99269;38165;19.1;7.3
26;2021-04-15;2276;1587;101545;39752;19.5;7.6
26;2021-04-16;2271;1588;103816;41340;19.9;7.9
26;2021-04-17;1096;841;104912;42181;20.2;8.1
26;2021-04-18;35;52;104947;42233;20.2;8.1
26;2021-04-19;1547;1572;106494;43805;20.5;8.4
26;2021-04-20;1799;1730;108293;45535;20.8;8.7
26;2021-04-21;2011;1512;110304;47047;21.2;9.0
26;2021-04-22;2290;1605;112594;48652;21.6;9.3
26;2021-04-23;2009;1636;114603;50288;22.0;9.7
26;2021-04-24;1654;844;116257;51132;22.3;9.8
26;2021-04-25;629;94;116886;51226;22.5;9.8
26;2021-04-26;1376;1601;118262;52827;22.7;10.1
26;2021-04-27;1986;1688;120248;54515;23.1;10.5
26;2021-04-28;1867;1544;122115;56059;23.5;10.8
26;2021-04-29;2866;1894;124981;57953;24.0;11.1
26;2021-04-30;2625;1764;127606;59717;24.5;11.5
26;2021-05-01;1538;382;129144;60099;24.8;11.5
26;2021-05-02;1086;118;130230;60217;25.0;11.6
26;2021-05-03;2201;1787;132431;62004;25.4;11.9
26;2021-05-04;2614;2354;135045;64358;25.9;12.4
26;2021-05-05;2772;2198;137817;66556;26.5;12.8
26;2021-05-06;3320;2215;141137;68771;27.1;13.2
26;2021-05-07;2858;2260;143995;71031;27.7;13.6
26;2021-05-08;1956;624;145951;71655;28.0;13.8
26;2021-05-09;713;123;146664;71778;28.2;13.8
26;2021-05-10;3022;1824;149686;73602;28.8;14.1
26;2021-05-11;4442;2189;154128;75791;29.6;14.6
26;2021-05-12;4825;1691;158953;77482;30.5;14.9
26;2021-05-13;4364;613;163317;78095;31.4;15.0
26;2021-05-14;4643;1547;167960;79642;32.3;15.3
26;2021-05-15;4468;629;172428;80271;33.1;15.4
26;2021-05-16;3630;344;176058;80615;33.8;15.5
26;2021-05-17;3657;1483;179715;82098;34.5;15.8
26;2021-05-18;4476;1742;184191;83840;35.4;16.1
26;2021-05-19;4485;1449;188676;85289;36.2;16.4
26;2021-05-20;4685;1754;193361;87043;37.1;16.7
26;2021-05-21;4727;1798;198088;88841;38.1;17.1
26;2021-05-22;3187;687;201275;89528;38.7;17.2
26;2021-05-23;1597;184;202872;89712;39.0;17.2
26;2021-05-24;3789;745;206661;90457;39.7;17.4
26;2021-05-25;3591;2337;210252;92794;40.4;17.8
26;2021-05-26;4180;2270;214432;95064;41.2;18.3
26;2021-05-27;4216;2466;218648;97530;42.0;18.7
26;2021-05-28;3777;2769;222425;100299;42.7;19.3
26;2021-05-29;3088;1643;225513;101942;43.3;19.6
26;2021-05-30;322;71;225835;102013;43.4;19.6
26;2021-05-31;3081;1850;228916;103863;44.0;20.0
26;2021-06-01;3108;2306;232024;106169;44.6;20.4
26;2021-06-02;2870;2213;234894;108382;45.1;20.8
26;2021-06-03;2851;2492;237745;110874;45.7;21.3
26;2021-06-04;2659;2904;240404;113778;46.2;21.9
26;2021-06-05;1802;1694;242206;115472;46.5;22.2
26;2021-06-06;9;0;242215;115472;46.5;22.2
26;2021-06-07;2347;2426;244562;117898;47.0;22.6
26;2021-06-08;2455;2293;247017;120191;47.5;23.1
26;2021-06-09;2094;2385;249111;122576;47.9;23.5
26;2021-06-10;1976;2761;251087;125337;48.2;24.1
26;2021-06-11;1895;3273;252982;128610;48.6;24.7
26;2021-06-12;1218;1791;254200;130401;48.8;25.1
26;2021-06-13;96;214;254296;130615;48.9;25.1
26;2021-06-14;1416;3497;255712;134112;49.1;25.8
26;2021-06-15;1584;3963;257296;138075;49.4;26.5
26;2021-06-16;1787;3464;259083;141539;49.8;27.2
26;2021-06-17;1510;3166;260593;144705;50.1;27.8
26;2021-06-18;1795;4367;262388;149072;50.4;28.6
26;2021-06-19;932;3182;263320;152254;50.6;29.2
26;2021-06-20;264;875;263584;153129;50.6;29.4
26;2021-06-21;1006;4549;264590;157678;50.8;30.3
26;2021-06-22;1062;5119;265652;162797;51.0;31.3
26;2021-06-23;1167;5073;266819;167870;51.3;32.2
26;2021-06-24;1260;4539;268079;172409;51.5;33.1
26;2021-06-25;1017;5541;269096;177950;51.7;34.2
26;2021-06-26;662;3821;269758;181771;51.8;34.9
26;2021-06-27;300;1273;270058;183044;51.9;35.2
26;2021-06-28;778;4755;270836;187799;52.0;36.1
26;2021-06-29;1099;4959;271935;192758;52.2;37.0
26;2021-06-30;1413;4890;273348;197648;52.5;38.0
26;2021-07-01;1641;4392;274989;202040;52.8;38.8
26;2021-07-02;1333;5162;276322;207202;53.1;39.8
26;2021-07-03;772;3326;277094;210528;53.2;40.4
26;2021-07-04;333;634;277427;211162;53.3;40.6
26;2021-07-05;887;4677;278314;215839;53.5;41.5
26;2021-07-06;1268;4202;279582;220041;53.7;42.3
26;2021-07-07;1438;3796;281020;223837;54.0;43.0
26;2021-07-08;2367;3329;283387;227166;54.4;43.6
26;2021-07-09;1557;4791;284944;231957;54.7;44.6
26;2021-07-10;911;2915;285855;234872;54.9;45.1
26;2021-07-11;334;352;286189;235224;55.0;45.2
26;2021-07-12;1113;4217;287302;239441;55.2;46.0
26;2021-07-13;2299;4340;289601;243781;55.6;46.8
26;2021-07-14;1057;813;290658;244594;55.8;47.0
26;2021-07-15;3168;3646;293826;248240;56.4;47.7
26;2021-07-16;2998;3694;296824;251934;57.0;48.4
26;2021-07-17;1876;1814;298700;253748;57.4;48.7
26;2021-07-18;18;24;298718;253772;57.4;48.7
26;2021-07-19;2721;3265;301439;257037;57.9;49.4
26;2021-07-20;3701;3365;305140;260402;58.6;50.0
26;2021-07-21;3581;3093;308721;263495;59.3;50.6
26;2021-07-22;4112;2957;312833;266452;60.1;51.2
26;2021-07-23;3853;3395;316686;269847;60.8;51.8
26;2021-07-24;2339;1355;319025;271202;61.3;52.1
26;2021-07-25;607;94;319632;271296;61.4;52.1
26;2021-07-26;3420;2577;323052;273873;62.1;52.6
26;2021-07-27;4808;2612;327860;276485;63.0;53.1
26;2021-07-28;4513;2378;332373;278863;63.8;53.6
26;2021-07-29;3885;2884;336258;281747;64.6;54.1
26;2021-07-30;3473;2666;339731;284413;65.3;54.6
26;2021-07-31;1141;1008;340872;285421;65.5;54.8
26;2021-08-01;406;106;341278;285527;65.6;54.8
26;2021-08-02;2935;2350;344213;287877;66.1;55.3
26;2021-08-03;3287;2285;347500;290162;66.8;55.7
26;2021-08-04;3972;2004;351472;292166;67.5;56.1
26;2021-08-05;3131;2191;354603;294357;68.1;56.5
26;2021-08-06;3124;2631;357727;296988;68.7;57.1
26;2021-08-07;639;843;358366;297831;68.8;57.2
26;2021-08-08;28;13;358394;297844;68.8;57.2
26;2021-08-09;2179;3054;360573;300898;69.3;57.8
26;2021-08-10;2324;3035;362897;303933;69.7;58.4
26;2021-08-11;2061;2712;364958;306645;70.1;58.9
26;2021-08-12;1769;2579;366727;309224;70.4;59.4
26;2021-08-13;1654;2412;368381;311636;70.8;59.9
26;2021-08-14;270;869;368651;312505;70.8;60.0
26;2021-08-15;6;8;368657;312513;70.8;60.0
26;2021-08-16;1176;3285;369833;315798;71.0;60.7
26;2021-08-17;1497;3138;371330;318936;71.3;61.3
27;2020-12-27;1;0;1;0;0.0;0.0
27;2020-12-28;0;0;1;0;0.0;0.0
27;2020-12-29;1;0;2;0;0.0;0.0
27;2020-12-30;0;0;2;0;0.0;0.0
27;2020-12-31;0;0;2;0;0.0;0.0
27;2021-01-01;0;0;2;0;0.0;0.0
27;2021-01-02;0;0;2;0;0.0;0.0
27;2021-01-03;2;0;4;0;0.0;0.0
27;2021-01-04;0;0;4;0;0.0;0.0
27;2021-01-05;15;0;19;0;0.0;0.0
27;2021-01-06;161;0;180;0;0.0;0.0
27;2021-01-07;371;1;551;1;0.1;0.0
27;2021-01-08;442;0;993;1;0.2;0.0
27;2021-01-09;72;1;1065;2;0.2;0.0
27;2021-01-10;101;0;1166;2;0.2;0.0
27;2021-01-11;383;0;1549;2;0.3;0.0
27;2021-01-12;409;2;1958;4;0.3;0.0
27;2021-01-13;839;1;2797;5;0.5;0.0
27;2021-01-14;1627;26;4424;31;0.7;0.0
27;2021-01-15;1219;5;5643;36;0.9;0.0
27;2021-01-16;333;2;5976;38;1.0;0.0
27;2021-01-17;205;0;6181;38;1.0;0.0
27;2021-01-18;798;2;6979;40;1.2;0.0
27;2021-01-19;773;2;7752;42;1.3;0.0
27;2021-01-20;871;0;8623;42;1.4;0.0
27;2021-01-21;655;1;9278;43;1.5;0.0
27;2021-01-22;779;4;10057;47;1.7;0.0
27;2021-01-23;350;0;10407;47;1.7;0.0
27;2021-01-24;169;6;10576;53;1.8;0.0
27;2021-01-25;635;15;11211;68;1.9;0.0
27;2021-01-26;462;17;11673;85;1.9;0.0
27;2021-01-27;506;105;12179;190;2.0;0.0
27;2021-01-28;517;296;12696;486;2.1;0.1
27;2021-01-29;509;109;13205;595;2.2;0.1
27;2021-01-30;242;31;13447;626;2.2;0.1
27;2021-01-31;27;24;13474;650;2.2;0.1
27;2021-02-01;348;195;13822;845;2.3;0.1
27;2021-02-02;307;281;14129;1126;2.4;0.2
27;2021-02-03;488;401;14617;1527;2.4;0.3
27;2021-02-04;718;890;15335;2417;2.6;0.4
27;2021-02-05;662;1154;15997;3571;2.7;0.6
27;2021-02-06;125;223;16122;3794;2.7;0.6
27;2021-02-07;25;42;16147;3836;2.7;0.6
27;2021-02-08;310;378;16457;4214;2.7;0.7
27;2021-02-09;342;556;16799;4770;2.8;0.8
27;2021-02-10;302;527;17101;5297;2.8;0.9
27;2021-02-11;317;459;17418;5756;2.9;1.0
27;2021-02-12;229;545;17647;6301;2.9;1.0
27;2021-02-13;151;133;17798;6434;3.0;1.1
27;2021-02-14;6;93;17804;6527;3.0;1.1
27;2021-02-15;389;599;18193;7126;3.0;1.2
27;2021-02-16;295;736;18488;7862;3.1;1.3
27;2021-02-17;247;641;18735;8503;3.1;1.4
27;2021-02-18;363;684;19098;9187;3.2;1.5
27;2021-02-19;218;690;19316;9877;3.2;1.6
27;2021-02-20;129;251;19445;10128;3.2;1.7
27;2021-02-21;12;139;19457;10267;3.2;1.7
27;2021-02-22;482;568;19939;10835;3.3;1.8
27;2021-02-23;495;627;20434;11462;3.4;1.9
27;2021-02-24;543;652;20977;12114;3.5;2.0
27;2021-02-25;844;758;21821;12872;3.6;2.1
27;2021-02-26;953;691;22774;13563;3.8;2.3
27;2021-02-27;406;159;23180;13722;3.9;2.3
27;2021-02-28;173;32;23353;13754;3.9;2.3
27;2021-03-01;487;443;23840;14197;4.0;2.4
27;2021-03-02;765;364;24605;14561;4.1;2.4
27;2021-03-03;852;365;25457;14926;4.2;2.5
27;2021-03-04;885;234;26342;15160;4.4;2.5
27;2021-03-05;1304;235;27646;15395;4.6;2.6
27;2021-03-06;1637;108;29283;15503;4.9;2.6
27;2021-03-07;620;16;29903;15519;5.0;2.6
27;2021-03-08;1204;306;31107;15825;5.2;2.6
27;2021-03-09;1826;263;32933;16088;5.5;2.7
27;2021-03-10;2116;345;35049;16433;5.8;2.7
27;2021-03-11;2150;223;37199;16656;6.2;2.8
27;2021-03-12;2818;198;40017;16854;6.7;2.8
27;2021-03-13;1919;122;41936;16976;7.0;2.8
27;2021-03-14;655;14;42591;16990;7.1;2.8
27;2021-03-15;1552;214;44143;17204;7.3;2.9
27;2021-03-16;1486;236;45629;17440;7.6;2.9
27;2021-03-17;1852;341;47481;17781;7.9;3.0
27;2021-03-18;1685;342;49166;18123;8.2;3.0
27;2021-03-19;1832;169;50998;18292;8.5;3.0
27;2021-03-20;903;40;51901;18332;8.6;3.1
27;2021-03-21;258;3;52159;18335;8.7;3.1
27;2021-03-22;1234;544;53393;18879;8.9;3.1
27;2021-03-23;1626;461;55019;19340;9.2;3.2
27;2021-03-24;1523;477;56542;19817;9.4;3.3
27;2021-03-25;2163;507;58705;20324;9.8;3.4
27;2021-03-26;2529;442;61234;20766;10.2;3.5
27;2021-03-27;1568;199;62802;20965;10.5;3.5
27;2021-03-28;1149;49;63951;21014;10.6;3.5
27;2021-03-29;1376;832;65327;21846;10.9;3.6
27;2021-03-30;1393;848;66720;22694;11.1;3.8
27;2021-03-31;1487;875;68207;23569;11.4;3.9
27;2021-04-01;1954;809;70161;24378;11.7;4.1
27;2021-04-02;2001;1184;72162;25562;12.0;4.3
27;2021-04-03;1562;739;73724;26301;12.3;4.4
27;2021-04-04;976;175;74700;26476;12.4;4.4
27;2021-04-05;282;6;74982;26482;12.5;4.4
27;2021-04-06;1414;1807;76396;28289;12.7;4.7
27;2021-04-07;1323;1747;77719;30036;12.9;5.0
27;2021-04-08;1683;1676;79402;31712;13.2;5.3
27;2021-04-09;2947;1558;82349;33270;13.7;5.5
27;2021-04-10;2032;982;84381;34252;14.0;5.7
27;2021-04-11;946;212;85327;34464;14.2;5.7
27;2021-04-12;2436;1512;87763;35976;14.6;6.0
27;2021-04-13;2393;1552;90156;37528;15.0;6.2
27;2021-04-14;2087;1626;92243;39154;15.4;6.5
27;2021-04-15;1875;1661;94118;40815;15.7;6.8
27;2021-04-16;2753;1114;96871;41929;16.1;7.0
27;2021-04-17;2168;494;99039;42423;16.5;7.1
27;2021-04-18;453;16;99492;42439;16.6;7.1
27;2021-04-19;1713;1175;101205;43614;16.8;7.3
27;2021-04-20;2386;1304;103591;44918;17.2;7.5
27;2021-04-21;2209;1079;105800;45997;17.6;7.7
27;2021-04-22;2178;1410;107978;47407;18.0;7.9
27;2021-04-23;2448;1176;110426;48583;18.4;8.1
27;2021-04-24;3258;1140;113684;49723;18.9;8.3
27;2021-04-25;1129;1052;114813;50775;19.1;8.5
27;2021-04-26;1923;1145;116736;51920;19.4;8.6
27;2021-04-27;2525;1089;119261;53009;19.9;8.8
27;2021-04-28;2392;1313;121653;54322;20.3;9.0
27;2021-04-29;2492;1474;124145;55796;20.7;9.3
27;2021-04-30;2370;1612;126515;57408;21.1;9.6
27;2021-05-01;2637;888;129152;58296;21.5;9.7
27;2021-05-02;1953;897;131105;59193;21.8;9.9
27;2021-05-03;3064;881;134169;60074;22.3;10.0
27;2021-05-04;2782;1645;136951;61719;22.8;10.3
27;2021-05-05;2817;1651;139768;63370;23.3;10.5
27;2021-05-06;3184;1293;142952;64663;23.8;10.8
27;2021-05-07;3325;2001;146277;66664;24.4;11.1
27;2021-05-08;2800;1331;149077;67995;24.8;11.3
27;2021-05-09;1696;298;150773;68293;25.1;11.4
27;2021-05-10;2952;2271;153725;70564;25.6;11.7
27;2021-05-11;3356;1755;157081;72319;26.2;12.0
27;2021-05-12;3462;1728;160543;74047;26.7;12.3
27;2021-05-13;1892;253;162435;74300;27.0;12.4
27;2021-05-14;3882;1789;166317;76089;27.7;12.7
27;2021-05-15;6603;955;172920;77044;28.8;12.8
27;2021-05-16;3667;436;176587;77480;29.4;12.9
27;2021-05-17;2776;1159;179363;78639;29.9;13.1
27;2021-05-18;3846;1291;183209;79930;30.5;13.3
27;2021-05-19;3967;1150;187176;81080;31.2;13.5
27;2021-05-20;3873;1168;191049;82248;31.8;13.7
27;2021-05-21;3968;1801;195017;84049;32.5;14.0
27;2021-05-22;4367;801;199384;84850;33.2;14.1
27;2021-05-23;800;173;200184;85023;33.3;14.2
27;2021-05-24;1490;341;201674;85364;33.6;14.2
27;2021-05-25;3513;1608;205187;86972;34.2;14.5
27;2021-05-26;3857;1739;209044;88711;34.8;14.8
27;2021-05-27;3787;1488;212831;90199;35.4;15.0
27;2021-05-28;3398;2631;216229;92830;36.0;15.5
27;2021-05-29;4824;2299;221053;95129;36.8;15.8
27;2021-05-30;1119;248;222172;95377;37.0;15.9
27;2021-05-31;3464;2275;225636;97652;37.6;16.3
27;2021-06-01;3815;2246;229451;99898;38.2;16.6
27;2021-06-02;3341;2184;232792;102082;38.8;17.0
27;2021-06-03;4429;2126;237221;104208;39.5;17.3
27;2021-06-04;3601;2974;240822;107182;40.1;17.8
27;2021-06-05;3212;3349;244034;110531;40.6;18.4
27;2021-06-06;2004;1007;246038;111538;41.0;18.6
27;2021-06-07;2567;2358;248605;113896;41.4;19.0
27;2021-06-08;3124;2377;251729;116273;41.9;19.4
27;2021-06-09;2303;2469;254032;118742;42.3;19.8
27;2021-06-10;2431;2038;256463;120780;42.7;20.1
27;2021-06-11;2890;3771;259353;124551;43.2;20.7
27;2021-06-12;1983;4190;261336;128741;43.5;21.4
27;2021-06-13;1083;2686;262419;131427;43.7;21.9
27;2021-06-14;1995;3115;264414;134542;44.0;22.4
27;2021-06-15;2687;3021;267101;137563;44.5;22.9
27;2021-06-16;2503;3262;269604;140825;44.9;23.4
27;2021-06-17;2295;3284;271899;144109;45.3;24.0
27;2021-06-18;2746;4420;274645;148529;45.7;24.7
27;2021-06-19;1862;3391;276507;151920;46.0;25.3
27;2021-06-20;608;711;277115;152631;46.1;25.4
27;2021-06-21;1703;3492;278818;156123;46.4;26.0
27;2021-06-22;2384;3719;281202;159842;46.8;26.6
27;2021-06-23;2075;3568;283277;163410;47.2;27.2
27;2021-06-24;2256;3412;285533;166822;47.5;27.8
27;2021-06-25;1935;4457;287468;171279;47.9;28.5
27;2021-06-26;883;5354;288351;176633;48.0;29.4
27;2021-06-27;377;1426;288728;178059;48.1;29.6
27;2021-06-28;1128;3403;289856;181462;48.3;30.2
27;2021-06-29;1700;4369;291556;185831;48.5;30.9
27;2021-06-30;2117;4094;293673;189925;48.9;31.6
27;2021-07-01;2224;3907;295897;193832;49.3;32.3
27;2021-07-02;1585;4617;297482;198449;49.5;33.0
27;2021-07-03;1308;4774;298790;203223;49.7;33.8
27;2021-07-04;504;1402;299294;204625;49.8;34.1
27;2021-07-05;1419;3532;300713;208157;50.1;34.7
27;2021-07-06;1369;4182;302082;212339;50.3;35.3
27;2021-07-07;1756;4900;303838;217239;50.6;36.2
27;2021-07-08;2088;4348;305926;221587;50.9;36.9
27;2021-07-09;1985;5285;307911;226872;51.3;37.8
27;2021-07-10;1167;4176;309078;231048;51.5;38.5
27;2021-07-11;424;1140;309502;232188;51.5;38.7
27;2021-07-12;1250;4375;310752;236563;51.7;39.4
27;2021-07-13;2759;5353;313511;241916;52.2;40.3
27;2021-07-14;1517;1751;315028;243667;52.4;40.6
27;2021-07-15;3029;5468;318057;249135;52.9;41.5
27;2021-07-16;3819;5287;321876;254422;53.6;42.4
27;2021-07-17;2729;3879;324605;258301;54.0;43.0
27;2021-07-18;552;1264;325157;259565;54.1;43.2
27;2021-07-19;3685;3788;328842;263353;54.7;43.8
27;2021-07-20;3443;3588;332285;266941;55.3;44.4
27;2021-07-21;4245;3901;336530;270842;56.0;45.1
27;2021-07-22;4743;3703;341273;274545;56.8;45.7
27;2021-07-23;3583;3398;344856;277943;57.4;46.3
27;2021-07-24;3108;2328;347964;280271;57.9;46.7
27;2021-07-25;491;544;348455;280815;58.0;46.7
27;2021-07-26;3058;3180;351513;283995;58.5;47.3
27;2021-07-27;3576;3099;355089;287094;59.1;47.8
27;2021-07-28;3568;3242;358657;290336;59.7;48.3
27;2021-07-29;4571;3499;363228;293835;60.5;48.9
27;2021-07-30;3789;3140;367017;296975;61.1;49.4
27;2021-07-31;3045;2579;370062;299554;61.6;49.9
27;2021-08-01;536;498;370598;300052;61.7;50.0
27;2021-08-02;3310;2578;373908;302630;62.2;50.4
27;2021-08-03;3412;2774;377320;305404;62.8;50.8
27;2021-08-04;3016;2328;380336;307732;63.3;51.2
27;2021-08-05;2663;2356;382999;310088;63.8;51.6
27;2021-08-06;3247;3246;386246;313334;64.3;52.2
27;2021-08-07;1790;2550;388036;315884;64.6;52.6
27;2021-08-08;219;196;388255;316080;64.6;52.6
27;2021-08-09;2204;2810;390459;318890;65.0;53.1
27;2021-08-10;2808;3499;393267;322389;65.5;53.7
27;2021-08-11;2621;3095;395888;325484;65.9;54.2
27;2021-08-12;2344;3898;398232;329382;66.3;54.8
27;2021-08-13;1725;2555;399957;331937;66.6;55.3
27;2021-08-14;1159;2888;401116;334825;66.8;55.7
27;2021-08-15;16;22;401132;334847;66.8;55.7
27;2021-08-16;1804;3803;402936;338650;67.1;56.4
27;2021-08-17;2017;3420;404953;342070;67.4;56.9
28;2020-12-27;0;0;0;0;0.0;0.0
28;2020-12-28;0;0;0;0;0.0;0.0
28;2020-12-29;0;0;0;0;0.0;0.0
28;2020-12-30;0;0;0;0;0.0;0.0
28;2020-12-31;0;0;0;0;0.0;0.0
28;2021-01-01;1;0;1;0;0.0;0.0
28;2021-01-02;0;0;1;0;0.0;0.0
28;2021-01-03;0;0;1;0;0.0;0.0
28;2021-01-04;0;0;1;0;0.0;0.0
28;2021-01-05;5;0;6;0;0.0;0.0
28;2021-01-06;84;0;90;0;0.0;0.0
28;2021-01-07;102;0;192;0;0.0;0.0
28;2021-01-08;134;2;326;2;0.1;0.0
28;2021-01-09;78;0;404;2;0.1;0.0
28;2021-01-10;1;0;405;2;0.1;0.0
28;2021-01-11;204;0;609;2;0.1;0.0
28;2021-01-12;265;2;874;4;0.2;0.0
28;2021-01-13;397;3;1271;7;0.3;0.0
28;2021-01-14;449;5;1720;12;0.4;0.0
28;2021-01-15;374;3;2094;15;0.5;0.0
28;2021-01-16;206;2;2300;17;0.5;0.0
28;2021-01-17;21;0;2321;17;0.5;0.0
28;2021-01-18;372;2;2693;19;0.6;0.0
28;2021-01-19;503;4;3196;23;0.7;0.0
28;2021-01-20;636;1;3832;24;0.9;0.0
28;2021-01-21;796;3;4628;27;1.1;0.0
28;2021-01-22;478;1;5106;28;1.2;0.0
28;2021-01-23;353;0;5459;28;1.3;0.0
28;2021-01-24;1;0;5460;28;1.3;0.0
28;2021-01-25;456;4;5916;32;1.4;0.0
28;2021-01-26;718;4;6634;36;1.5;0.0
28;2021-01-27;1213;50;7847;86;1.8;0.0
28;2021-01-28;1587;93;9434;179;2.2;0.0
28;2021-01-29;896;98;10330;277;2.4;0.1
28;2021-01-30;248;54;10578;331;2.5;0.1
28;2021-01-31;2;22;10580;353;2.5;0.1
28;2021-02-01;324;122;10904;475;2.5;0.1
28;2021-02-02;368;239;11272;714;2.6;0.2
28;2021-02-03;473;259;11745;973;2.7;0.2
28;2021-02-04;525;278;12270;1251;2.9;0.3
28;2021-02-05;436;226;12706;1477;3.0;0.3
28;2021-02-06;200;129;12906;1606;3.0;0.4
28;2021-02-07;0;0;12906;1606;3.0;0.4
28;2021-02-08;331;250;13237;1856;3.1;0.4
28;2021-02-09;281;347;13518;2203;3.1;0.5
28;2021-02-10;442;400;13960;2603;3.3;0.6
28;2021-02-11;562;492;14522;3095;3.4;0.7
28;2021-02-12;453;433;14975;3528;3.5;0.8
28;2021-02-13;181;192;15156;3720;3.5;0.9
28;2021-02-14;0;2;15156;3722;3.5;0.9
28;2021-02-15;280;474;15436;4196;3.6;1.0
28;2021-02-16;394;710;15830;4906;3.7;1.1
28;2021-02-17;585;1158;16415;6064;3.8;1.4
28;2021-02-18;665;1401;17080;7465;4.0;1.7
28;2021-02-19;546;765;17626;8230;4.1;1.9
28;2021-02-20;114;145;17740;8375;4.1;2.0
28;2021-02-21;7;33;17747;8408;4.1;2.0
28;2021-02-22;223;521;17970;8929;4.2;2.1
28;2021-02-23;203;379;18173;9308;4.2;2.2
28;2021-02-24;244;479;18417;9787;4.3;2.3
28;2021-02-25;574;453;18991;10240;4.4;2.4
28;2021-02-26;764;377;19755;10617;4.6;2.5
28;2021-02-27;265;86;20020;10703;4.7;2.5
28;2021-02-28;23;17;20043;10720;4.7;2.5
28;2021-03-01;291;215;20334;10935;4.7;2.5
28;2021-03-02;397;277;20731;11212;4.8;2.6
28;2021-03-03;369;400;21100;11612;4.9;2.7
28;2021-03-04;719;487;21819;12099;5.1;2.8
28;2021-03-05;1319;419;23138;12518;5.4;2.9
28;2021-03-06;1998;84;25136;12602;5.9;2.9
28;2021-03-07;974;29;26110;12631;6.1;2.9
28;2021-03-08;398;309;26508;12940;6.2;3.0
28;2021-03-09;980;359;27488;13299;6.4;3.1
28;2021-03-10;1357;545;28845;13844;6.7;3.2
28;2021-03-11;1535;703;30380;14547;7.1;3.4
28;2021-03-12;2256;642;32636;15189;7.6;3.5
28;2021-03-13;1235;132;33871;15321;7.9;3.6
28;2021-03-14;518;18;34389;15339;8.0;3.6
28;2021-03-15;756;231;35145;15570;8.2;3.6
28;2021-03-16;716;223;35861;15793;8.4;3.7
28;2021-03-17;746;288;36607;16081;8.5;3.7
28;2021-03-18;1201;277;37808;16358;8.8;3.8
28;2021-03-19;1557;333;39365;16691;9.2;3.9
28;2021-03-20;639;21;40004;16712;9.3;3.9
28;2021-03-21;28;7;40032;16719;9.3;3.9
28;2021-03-22;767;323;40799;17042;9.5;4.0
28;2021-03-23;1025;194;41824;17236;9.7;4.0
28;2021-03-24;1312;276;43136;17512;10.0;4.1
28;2021-03-25;1797;290;44933;17802;10.5;4.1
28;2021-03-26;2083;344;47016;18146;10.9;4.2
28;2021-03-27;402;38;47418;18184;11.0;4.2
28;2021-03-28;12;0;47430;18184;11.0;4.2
28;2021-03-29;1140;353;48570;18537;11.3;4.3
28;2021-03-30;1712;248;50282;18785;11.7;4.4
28;2021-03-31;2017;481;52299;19266;12.2;4.5
28;2021-04-01;1795;586;54094;19852;12.6;4.6
28;2021-04-02;1584;1320;55678;21172;13.0;4.9
28;2021-04-03;607;1072;56285;22244;13.1;5.2
28;2021-04-04;33;302;56318;22546;13.1;5.3
28;2021-04-05;40;3;56358;22549;13.1;5.3
28;2021-04-06;1226;462;57584;23011;13.4;5.4
28;2021-04-07;1890;1001;59474;24012;13.8;5.6
28;2021-04-08;2086;1071;61560;25083;14.3;5.8
28;2021-04-09;3236;918;64796;26001;15.1;6.1
28;2021-04-10;1582;194;66378;26195;15.5;6.1
28;2021-04-11;141;451;66519;26646;15.5;6.2
28;2021-04-12;1674;560;68193;27206;15.9;6.3
28;2021-04-13;1874;669;70067;27875;16.3;6.5
28;2021-04-14;2771;900;72838;28775;17.0;6.7
28;2021-04-15;2554;1137;75392;29912;17.6;7.0
28;2021-04-16;2552;803;77944;30715;18.2;7.2
28;2021-04-17;2309;131;80253;30846;18.7;7.2
28;2021-04-18;45;8;80298;30854;18.7;7.2
28;2021-04-19;1578;646;81876;31500;19.1;7.3
28;2021-04-20;1841;597;83717;32097;19.5;7.5
28;2021-04-21;2679;962;86396;33059;20.1;7.7
28;2021-04-22;1782;1215;88178;34274;20.5;8.0
28;2021-04-23;2324;1101;90502;35375;21.1;8.2
28;2021-04-24;3657;132;94159;35507;21.9;8.3
28;2021-04-25;1012;35;95171;35542;22.2;8.3
28;2021-04-26;1331;924;96502;36466;22.5;8.5
28;2021-04-27;1435;1279;97937;37745;22.8;8.8
28;2021-04-28;2375;1826;100312;39571;23.4;9.2
28;2021-04-29;2129;1500;102441;41071;23.9;9.6
28;2021-04-30;2973;1223;105414;42294;24.5;9.8
28;2021-05-01;127;120;105541;42414;24.6;9.9
28;2021-05-02;2;65;105543;42479;24.6;9.9
28;2021-05-03;1046;1020;106589;43499;24.8;10.1
28;2021-05-04;1360;1670;107949;45169;25.1;10.5
28;2021-05-05;2830;1649;110779;46818;25.8;10.9
28;2021-05-06;2456;1474;113235;48292;26.4;11.2
28;2021-05-07;2310;1933;115545;50225;26.9;11.7
28;2021-05-08;1077;116;116622;50341;27.2;11.7
28;2021-05-09;105;610;116727;50951;27.2;11.9
28;2021-05-10;1307;1892;118034;52843;27.5;12.3
28;2021-05-11;2028;2344;120062;55187;28.0;12.9
28;2021-05-12;2620;3231;122682;58418;28.6;13.6
28;2021-05-13;290;451;122972;58869;28.6;13.7
28;2021-05-14;1898;1619;124870;60488;29.1;14.1
28;2021-05-15;1436;1674;126306;62162;29.4;14.5
28;2021-05-16;1987;130;128293;62292;29.9;14.5
28;2021-05-17;2875;1495;131168;63787;30.5;14.9
28;2021-05-18;3381;1383;134549;65170;31.3;15.2
28;2021-05-19;5093;1282;139642;66452;32.5;15.5
28;2021-05-20;4150;1230;143792;67682;33.5;15.8
28;2021-05-21;3466;1587;147258;69269;34.3;16.1
28;2021-05-22;728;1162;147986;70431;34.5;16.4
28;2021-05-23;1957;137;149943;70568;34.9;16.4
28;2021-05-24;1429;395;151372;70963;35.2;16.5
28;2021-05-25;1877;1407;153249;72370;35.7;16.9
28;2021-05-26;2765;1346;156014;73716;36.3;17.2
28;2021-05-27;2755;1231;158769;74947;37.0;17.5
28;2021-05-28;3081;1736;161850;76683;37.7;17.9
28;2021-05-29;1869;874;163719;77557;38.1;18.1
28;2021-05-30;16;47;163735;77604;38.1;18.1
28;2021-05-31;2014;938;165749;78542;38.6;18.3
28;2021-06-01;2134;1663;167883;80205;39.1;18.7
28;2021-06-02;2075;2458;169958;82663;39.6;19.2
28;2021-06-03;2497;1563;172455;84226;40.2;19.6
28;2021-06-04;2609;2358;175064;86584;40.8;20.2
28;2021-06-05;1909;2529;176973;89113;41.2;20.8
28;2021-06-06;1059;1043;178032;90156;41.5;21.0
28;2021-06-07;3576;1574;181608;91730;42.3;21.4
28;2021-06-08;3195;1516;184803;93246;43.0;21.7
28;2021-06-09;3676;2129;188479;95375;43.9;22.2
28;2021-06-10;3141;1262;191620;96637;44.6;22.5
28;2021-06-11;3794;2132;195414;98769;45.5;23.0
28;2021-06-12;1304;560;196718;99329;45.8;23.1
28;2021-06-13;385;108;197103;99437;45.9;23.2
28;2021-06-14;2208;1997;199311;101434;46.4;23.6
28;2021-06-15;2092;2223;201403;103657;46.9;24.1
28;2021-06-16;2510;3981;203913;107638;47.5;25.1
28;2021-06-17;1925;3135;205838;110773;47.9;25.8
28;2021-06-18;2471;3786;208309;114559;48.5;26.7
28;2021-06-19;776;1612;209085;116171;48.7;27.1
28;2021-06-20;23;24;209108;116195;48.7;27.1
28;2021-06-21;1683;1989;210791;118184;49.1;27.5
28;2021-06-22;1369;2107;212160;120291;49.4;28.0
28;2021-06-23;1782;3164;213942;123455;49.8;28.7
28;2021-06-24;733;930;214675;124385;50.0;29.0
28;2021-06-25;1891;3028;216566;127413;50.4;29.7
28;2021-06-26;310;2116;216876;129529;50.5;30.2
28;2021-06-27;588;1284;217464;130813;50.6;30.5
28;2021-06-28;1226;3654;218690;134467;50.9;31.3
28;2021-06-29;1343;3799;220033;138266;51.2;32.2
28;2021-06-30;1492;4258;221525;142524;51.6;33.2
28;2021-07-01;1278;3501;222803;146025;51.9;34.0
28;2021-07-02;1313;4654;224116;150679;52.2;35.1
28;2021-07-03;1132;2369;225248;153048;52.5;35.6
28;2021-07-04;146;1325;225394;154373;52.5;35.9
28;2021-07-05;1362;2511;226756;156884;52.8;36.5
28;2021-07-06;1509;2869;228265;159753;53.2;37.2
28;2021-07-07;1637;4143;229902;163896;53.5;38.2
28;2021-07-08;1468;3236;231370;167132;53.9;38.9
28;2021-07-09;1392;4521;232762;171653;54.2;40.0
28;2021-07-10;527;2209;233289;173862;54.3;40.5
28;2021-07-11;1;1;233290;173863;54.3;40.5
28;2021-07-12;1527;3932;234817;177795;54.7;41.4
28;2021-07-13;2263;4138;237080;181933;55.2;42.4
28;2021-07-14;1330;1395;238410;183328;55.5;42.7
28;2021-07-15;2984;3976;241394;187304;56.2;43.6
28;2021-07-16;2442;4758;243836;192062;56.8;44.7
28;2021-07-17;1265;2431;245101;194493;57.1;45.3
28;2021-07-18;371;944;245472;195437;57.2;45.5
28;2021-07-19;1804;4343;247276;199780;57.6;46.5
28;2021-07-20;2468;4086;249744;203866;58.2;47.5
28;2021-07-21;2961;4284;252705;208150;58.8;48.5
28;2021-07-22;3658;3430;256363;211580;59.7;49.3
28;2021-07-23;2951;4004;259314;215584;60.4;50.2
28;2021-07-24;1693;1471;261007;217055;60.8;50.5
28;2021-07-25;68;60;261075;217115;60.8;50.6
28;2021-07-26;2923;3382;263998;220497;61.5;51.3
28;2021-07-27;3877;2619;267875;223116;62.4;52.0
28;2021-07-28;3943;2733;271818;225849;63.3;52.6
28;2021-07-29;4452;2084;276270;227933;64.3;53.1
28;2021-07-30;3788;2839;280058;230772;65.2;53.7
28;2021-07-31;761;824;280819;231596;65.4;53.9
28;2021-08-01;377;64;281196;231660;65.5;53.9
28;2021-08-02;1785;1518;282981;233178;65.9;54.3
28;2021-08-03;2678;2161;285659;235339;66.5;54.8
28;2021-08-04;1928;2295;287587;237634;67.0;55.3
28;2021-08-05;1655;1727;289242;239361;67.4;55.7
28;2021-08-06;1610;1962;290852;241323;67.7;56.2
28;2021-08-07;796;999;291648;242322;67.9;56.4
28;2021-08-08;21;33;291669;242355;67.9;56.4
28;2021-08-09;1380;1086;293049;243441;68.2;56.7
28;2021-08-10;1701;2023;294750;245464;68.6;57.2
28;2021-08-11;1266;1569;296016;247033;68.9;57.5
28;2021-08-12;1157;1881;297173;248914;69.2;58.0
28;2021-08-13;1285;1637;298458;250551;69.5;58.3
28;2021-08-14;655;841;299113;251392;69.7;58.5
28;2021-08-15;263;57;299376;251449;69.7;58.6
28;2021-08-16;857;2142;300233;253591;69.9;59.1
28;2021-08-17;1119;2792;301352;256383;70.2;59.7
29;2020-12-27;0;0;0;0;0.0;0.0
29;2020-12-28;0;0;0;0;0.0;0.0
29;2020-12-29;0;0;0;0;0.0;0.0
29;2020-12-30;0;0;0;0;0.0;0.0
29;2020-12-31;0;0;0;0;0.0;0.0
29;2021-01-01;1;0;1;0;0.0;0.0
29;2021-01-02;0;0;1;0;0.0;0.0
29;2021-01-03;1;0;2;0;0.0;0.0
29;2021-01-04;32;0;34;0;0.0;0.0
29;2021-01-05;31;0;65;0;0.0;0.0
29;2021-01-06;43;0;108;0;0.0;0.0
29;2021-01-07;137;0;245;0;0.0;0.0
29;2021-01-08;408;0;653;0;0.1;0.0
29;2021-01-09;2;0;655;0;0.1;0.0
29;2021-01-10;2;0;657;0;0.1;0.0
29;2021-01-11;666;0;1323;0;0.1;0.0
29;2021-01-12;1120;0;2443;0;0.3;0.0
29;2021-01-13;1097;2;3540;2;0.4;0.0
29;2021-01-14;894;4;4434;6;0.5;0.0
29;2021-01-15;1218;7;5652;13;0.6;0.0
29;2021-01-16;168;1;5820;14;0.6;0.0
29;2021-01-17;112;1;5932;15;0.7;0.0
29;2021-01-18;839;3;6771;18;0.7;0.0
29;2021-01-19;1285;0;8056;18;0.9;0.0
29;2021-01-20;2393;2;10449;20;1.2;0.0
29;2021-01-21;5612;6;16061;26;1.8;0.0
29;2021-01-22;3759;5;19820;31;2.2;0.0
29;2021-01-23;537;0;20357;31;2.2;0.0
29;2021-01-24;200;1;20557;32;2.3;0.0
29;2021-01-25;575;7;21132;39;2.3;0.0
29;2021-01-26;951;34;22083;73;2.4;0.0
29;2021-01-27;1286;54;23369;127;2.6;0.0
29;2021-01-28;801;137;24170;264;2.7;0.0
29;2021-01-29;778;205;24948;469;2.8;0.1
29;2021-01-30;281;4;25229;473;2.8;0.1
29;2021-01-31;80;5;25309;478;2.8;0.1
29;2021-02-01;429;449;25738;927;2.8;0.1
29;2021-02-02;876;824;26614;1751;2.9;0.2
29;2021-02-03;811;894;27425;2645;3.0;0.3
29;2021-02-04;866;642;28291;3287;3.1;0.4
29;2021-02-05;675;585;28966;3872;3.2;0.4
29;2021-02-06;247;102;29213;3974;3.2;0.4
29;2021-02-07;78;105;29291;4079;3.2;0.4
29;2021-02-08;383;446;29674;4525;3.3;0.5
29;2021-02-09;863;853;30537;5378;3.4;0.6
29;2021-02-10;1148;1019;31685;6397;3.5;0.7
29;2021-02-11;1795;4163;33480;10560;3.7;1.2
29;2021-02-12;2323;2505;35803;13065;3.9;1.4
29;2021-02-13;638;414;36441;13479;4.0;1.5
29;2021-02-14;12;229;36453;13708;4.0;1.5
29;2021-02-15;266;948;36719;14656;4.1;1.6
29;2021-02-16;886;1060;37605;15716;4.1;1.7
29;2021-02-17;801;856;38406;16572;4.2;1.8
29;2021-02-18;1530;849;39936;17421;4.4;1.9
29;2021-02-19;1412;1003;41348;18424;4.6;2.0
29;2021-02-20;204;368;41552;18792;4.6;2.1
29;2021-02-21;162;169;41714;18961;4.6;2.1
29;2021-02-22;773;563;42487;19524;4.7;2.2
29;2021-02-23;1271;913;43758;20437;4.8;2.3
29;2021-02-24;1470;830;45228;21267;5.0;2.3
29;2021-02-25;2510;903;47738;22170;5.3;2.4
29;2021-02-26;2677;715;50415;22885;5.6;2.5
29;2021-02-27;1284;282;51699;23167;5.7;2.6
29;2021-02-28;200;72;51899;23239;5.7;2.6
29;2021-03-01;945;484;52844;23723;5.8;2.6
29;2021-03-02;1816;800;54660;24523;6.0;2.7
29;2021-03-03;2093;1018;56753;25541;6.3;2.8
29;2021-03-04;2843;1556;59596;27097;6.6;3.0
29;2021-03-05;3540;1683;63136;28780;7.0;3.2
29;2021-03-06;2000;439;65136;29219;7.2;3.2
29;2021-03-07;412;83;65548;29302;7.2;3.2
29;2021-03-08;1274;594;66822;29896;7.4;3.3
29;2021-03-09;2605;978;69427;30874;7.7;3.4
29;2021-03-10;2427;873;71854;31747;7.9;3.5
29;2021-03-11;4519;1003;76373;32750;8.4;3.6
29;2021-03-12;5271;968;81644;33718;9.0;3.7
29;2021-03-13;2822;408;84466;34126;9.3;3.8
29;2021-03-14;365;3;84831;34129;9.4;3.8
29;2021-03-15;2049;270;86880;34399;9.6;3.8
29;2021-03-16;1821;742;88701;35141;9.8;3.9
29;2021-03-17;1860;711;90561;35852;10.0;4.0
29;2021-03-18;1863;1038;92424;36890;10.2;4.1
29;2021-03-19;3267;881;95691;37771;10.6;4.2
29;2021-03-20;1914;222;97605;37993;10.8;4.2
29;2021-03-21;132;11;97737;38004;10.8;4.2
29;2021-03-22;1647;555;99384;38559;11.0;4.3
29;2021-03-23;3441;1034;102825;39593;11.3;4.4
29;2021-03-24;3780;1025;106605;40618;11.8;4.5
29;2021-03-25;4816;1071;111421;41689;12.3;4.6
29;2021-03-26;5421;1167;116842;42856;12.9;4.7
29;2021-03-27;2429;332;119271;43188;13.2;4.8
29;2021-03-28;198;50;119469;43238;13.2;4.8
29;2021-03-29;2040;824;121509;44062;13.4;4.9
29;2021-03-30;3973;1328;125482;45390;13.8;5.0
29;2021-03-31;3937;1153;129419;46543;14.3;5.1
29;2021-04-01;5023;1145;134442;47688;14.8;5.3
29;2021-04-02;4767;1170;139209;48858;15.4;5.4
29;2021-04-03;2500;538;141709;49396;15.6;5.4
29;2021-04-04;146;33;141855;49429;15.6;5.5
29;2021-04-05;972;332;142827;49761;15.8;5.5
29;2021-04-06;3197;1238;146024;50999;16.1;5.6
29;2021-04-07;3652;940;149676;51939;16.5;5.7
29;2021-04-08;5287;2055;154963;53994;17.1;6.0
29;2021-04-09;6750;1564;161713;55558;17.8;6.1
29;2021-04-10;3498;705;165211;56263;18.2;6.2
29;2021-04-11;120;80;165331;56343;18.2;6.2
29;2021-04-12;3853;1483;169184;57826;18.7;6.4
29;2021-04-13;5862;1758;175046;59584;19.3;6.6
29;2021-04-14;4761;1743;179807;61327;19.8;6.8
29;2021-04-15;7172;1730;186979;63057;20.6;7.0
29;2021-04-16;6703;1355;193682;64412;21.4;7.1
29;2021-04-17;3828;969;197510;65381;21.8;7.2
29;2021-04-18;489;40;197999;65421;21.8;7.2
29;2021-04-19;3877;1465;201876;66886;22.3;7.4
29;2021-04-20;4397;2135;206273;69021;22.8;7.6
29;2021-04-21;4374;2195;210647;71216;23.2;7.9
29;2021-04-22;6643;2857;217290;74073;24.0;8.2
29;2021-04-23;6043;2195;223333;76268;24.6;8.4
29;2021-04-24;4007;1318;227340;77586;25.1;8.6
29;2021-04-25;433;169;227773;77755;25.1;8.6
29;2021-04-26;5261;1881;233034;79636;25.7;8.8
29;2021-04-27;5334;3199;238368;82835;26.3;9.1
29;2021-04-28;5354;2898;243722;85733;26.9;9.5
29;2021-04-29;6588;3347;250310;89080;27.6;9.8
29;2021-04-30;6265;3911;256575;92991;28.3;10.3
29;2021-05-01;1984;978;258559;93969;28.5;10.4
29;2021-05-02;1249;195;259808;94164;28.7;10.4
29;2021-05-03;4540;2291;264348;96455;29.2;10.6
29;2021-05-04;4110;3740;268458;100195;29.6;11.1
29;2021-05-05;4517;3410;272975;103605;30.1;11.4
29;2021-05-06;6238;3719;279213;107324;30.8;11.8
29;2021-05-07;5984;4621;285197;111945;31.5;12.3
29;2021-05-08;2092;565;287289;112510;31.7;12.4
29;2021-05-09;1726;137;289015;112647;31.9;12.4
29;2021-05-10;4761;3769;293776;116416;32.4;12.8
29;2021-05-11;4712;5000;298488;121416;32.9;13.4
29;2021-05-12;5027;4383;303515;125799;33.5;13.9
29;2021-05-13;3441;1502;306956;127301;33.9;14.0
29;2021-05-14;5650;4005;312606;131306;34.5;14.5
29;2021-05-15;4048;2317;316654;133623;34.9;14.7
29;2021-05-16;1588;294;318242;133917;35.1;14.8
29;2021-05-17;5564;3133;323806;137050;35.7;15.1
29;2021-05-18;5733;3099;329539;140149;36.4;15.5
29;2021-05-19;6207;2971;335746;143120;37.0;15.8
29;2021-05-20;7174;4568;342920;147688;37.8;16.3
29;2021-05-21;7215;3815;350135;151503;38.6;16.7
29;2021-05-22;5341;2130;355476;153633;39.2;16.9
29;2021-05-23;1631;65;357107;153698;39.4;17.0
29;2021-05-24;3485;535;360592;154233;39.8;17.0
29;2021-05-25;5834;3042;366426;157275;40.4;17.3
29;2021-05-26;5894;2994;372320;160269;41.1;17.7
29;2021-05-27;6826;3986;379146;164255;41.8;18.1
29;2021-05-28;6547;4450;385693;168705;42.5;18.6
29;2021-05-29;4383;2806;390076;171511;43.0;18.9
29;2021-05-30;1115;361;391191;171872;43.2;19.0
29;2021-05-31;6387;3457;397578;175329;43.9;19.3
29;2021-06-01;6604;4352;404182;179681;44.6;19.8
29;2021-06-02;6165;4132;410347;183813;45.3;20.3
29;2021-06-03;7695;4526;418042;188339;46.1;20.8
29;2021-06-04;6814;6167;424856;194506;46.9;21.5
29;2021-06-05;5350;3036;430206;197542;47.5;21.8
29;2021-06-06;1285;538;431491;198080;47.6;21.8
29;2021-06-07;4660;5563;436151;203643;48.1;22.5
29;2021-06-08;7174;5213;443325;208856;48.9;23.0
29;2021-06-09;6408;4754;449733;213610;49.6;23.6
29;2021-06-10;7778;5067;457511;218677;50.5;24.1
29;2021-06-11;8479;5876;465990;224553;51.4;24.8
29;2021-06-12;6568;2812;472558;227365;52.1;25.1
29;2021-06-13;2352;1372;474910;228737;52.4;25.2
29;2021-06-14;4034;6322;478944;235059;52.8;25.9
29;2021-06-15;5475;6191;484419;241250;53.4;26.6
29;2021-06-16;5568;5632;489987;246882;54.0;27.2
29;2021-06-17;6362;6311;496349;253193;54.8;27.9
29;2021-06-18;6114;7487;502463;260680;55.4;28.8
29;2021-06-19;4623;3527;507086;264207;55.9;29.1
29;2021-06-20;891;1454;507977;265661;56.0;29.3
29;2021-06-21;3760;6497;511737;272158;56.4;30.0
29;2021-06-22;4488;6427;516225;278585;56.9;30.7
29;2021-06-23;4672;6130;520897;284715;57.5;31.4
29;2021-06-24;4808;6749;525705;291464;58.0;32.2
29;2021-06-25;3600;7531;529305;298995;58.4;33.0
29;2021-06-26;2128;4094;531433;303089;58.6;33.4
29;2021-06-27;968;1631;532401;304720;58.7;33.6
29;2021-06-28;2840;6864;535241;311584;59.0;34.4
29;2021-06-29;2810;7729;538051;319313;59.4;35.2
29;2021-06-30;3043;7508;541094;326821;59.7;36.1
29;2021-07-01;3785;8421;544879;335242;60.1;37.0
29;2021-07-02;3604;9671;548483;344913;60.5;38.0
29;2021-07-03;2327;6057;550810;350970;60.8;38.7
29;2021-07-04;816;1771;551626;352741;60.8;38.9
29;2021-07-05;1912;7159;553538;359900;61.1;39.7
29;2021-07-06;1534;8014;555072;367914;61.2;40.6
29;2021-07-07;1703;7043;556775;374957;61.4;41.4
29;2021-07-08;2444;8213;559219;383170;61.7;42.3
29;2021-07-09;2622;9076;561841;392246;62.0;43.3
29;2021-07-10;1918;6106;563759;398352;62.2;43.9
29;2021-07-11;447;1063;564206;399415;62.2;44.1
29;2021-07-12;1975;8378;566181;407793;62.5;45.0
29;2021-07-13;2747;8659;568928;416452;62.8;45.9
29;2021-07-14;2076;3365;571004;419817;63.0;46.3
29;2021-07-15;3841;9725;574845;429542;63.4;47.4
29;2021-07-16;4594;9193;579439;438735;63.9;48.4
29;2021-07-17;3220;6117;582659;444852;64.3;49.1
29;2021-07-18;663;1078;583322;445930;64.3;49.2
29;2021-07-19;3149;7552;586471;453482;64.7;50.0
29;2021-07-20;3540;9441;590011;462923;65.1;51.1
29;2021-07-21;3632;7729;593643;470652;65.5;51.9
29;2021-07-22;3402;8542;597045;479194;65.9;52.9
29;2021-07-23;4035;10715;601080;489909;66.3;54.0
29;2021-07-24;2526;5958;603606;495867;66.6;54.7
29;2021-07-25;650;2363;604256;498230;66.7;55.0
29;2021-07-26;3367;7287;607623;505517;67.0;55.8
29;2021-07-27;3689;7115;611312;512632;67.4;56.5
29;2021-07-28;4165;6035;615477;518667;67.9;57.2
29;2021-07-29;5633;6361;621110;525028;68.5;57.9
29;2021-07-30;5401;6530;626511;531558;69.1;58.6
29;2021-07-31;2919;4933;629430;536491;69.4;59.2
29;2021-08-01;651;922;630081;537413;69.5;59.3
29;2021-08-02;4269;5219;634350;542632;70.0;59.9
29;2021-08-03;5469;4404;639819;547036;70.6;60.3
29;2021-08-04;5701;3603;645520;550639;71.2;60.7
29;2021-08-05;6613;4106;652133;554745;71.9;61.2
29;2021-08-06;6147;4332;658280;559077;72.6;61.7
29;2021-08-07;4276;2948;662556;562025;73.1;62.0
29;2021-08-08;842;754;663398;562779;73.2;62.1
29;2021-08-09;3066;4742;666464;567521;73.5;62.6
29;2021-08-10;4467;3862;670931;571383;74.0;63.0
29;2021-08-11;3946;3178;674877;574561;74.4;63.4
29;2021-08-12;4624;4492;679501;579053;75.0;63.9
29;2021-08-13;4120;3710;683621;582763;75.4;64.3
29;2021-08-14;2938;2831;686559;585594;75.7;64.6
29;2021-08-15;337;403;686896;585997;75.8;64.6
29;2021-08-16;3273;4374;690169;590371;76.1;65.1
29;2021-08-17;4374;3409;694543;593780;76.6;65.5
2A;2020-12-27;0;0;0;0;0.0;0.0
2A;2020-12-28;0;0;0;0;0.0;0.0
2A;2020-12-29;0;0;0;0;0.0;0.0
2A;2020-12-30;0;0;0;0;0.0;0.0
2A;2020-12-31;0;0;0;0;0.0;0.0
2A;2021-01-01;0;0;0;0;0.0;0.0
2A;2021-01-02;1;0;1;0;0.0;0.0
2A;2021-01-03;0;0;1;0;0.0;0.0
2A;2021-01-04;0;0;1;0;0.0;0.0
2A;2021-01-05;0;0;1;0;0.0;0.0
2A;2021-01-06;6;0;7;0;0.0;0.0
2A;2021-01-07;122;1;129;1;0.1;0.0
2A;2021-01-08;113;0;242;1;0.1;0.0
2A;2021-01-09;39;0;281;1;0.2;0.0
2A;2021-01-10;33;0;314;1;0.2;0.0
2A;2021-01-11;76;0;390;1;0.2;0.0
2A;2021-01-12;85;0;475;1;0.3;0.0
2A;2021-01-13;111;0;586;1;0.4;0.0
2A;2021-01-14;192;1;778;2;0.5;0.0
2A;2021-01-15;149;0;927;2;0.6;0.0
2A;2021-01-16;157;1;1084;3;0.7;0.0
2A;2021-01-17;85;1;1169;4;0.7;0.0
2A;2021-01-18;200;2;1369;6;0.8;0.0
2A;2021-01-19;487;0;1856;6;1.1;0.0
2A;2021-01-20;353;0;2209;6;1.4;0.0
2A;2021-01-21;453;1;2662;7;1.6;0.0
2A;2021-01-22;367;0;3029;7;1.9;0.0
2A;2021-01-23;183;0;3212;7;2.0;0.0
2A;2021-01-24;118;1;3330;8;2.1;0.0
2A;2021-01-25;213;0;3543;8;2.2;0.0
2A;2021-01-26;402;7;3945;15;2.4;0.0
2A;2021-01-27;324;5;4269;20;2.6;0.0
2A;2021-01-28;335;80;4604;100;2.8;0.1
2A;2021-01-29;341;63;4945;163;3.0;0.1
2A;2021-01-30;127;40;5072;203;3.1;0.1
2A;2021-01-31;92;12;5164;215;3.2;0.1
2A;2021-02-01;230;53;5394;268;3.3;0.2
2A;2021-02-02;288;117;5682;385;3.5;0.2
2A;2021-02-03;265;75;5947;460;3.7;0.3
2A;2021-02-04;256;122;6203;582;3.8;0.4
2A;2021-02-05;267;106;6470;688;4.0;0.4
2A;2021-02-06;121;59;6591;747;4.1;0.5
2A;2021-02-07;68;56;6659;803;4.1;0.5
2A;2021-02-08;91;209;6750;1012;4.2;0.6
2A;2021-02-09;128;302;6878;1314;4.2;0.8
2A;2021-02-10;161;236;7039;1550;4.3;1.0
2A;2021-02-11;297;368;7336;1918;4.5;1.2
2A;2021-02-12;345;303;7681;2221;4.7;1.4
2A;2021-02-13;225;59;7906;2280;4.9;1.4
2A;2021-02-14;133;77;8039;2357;4.9;1.5
2A;2021-02-15;191;182;8230;2539;5.1;1.6
2A;2021-02-16;385;320;8615;2859;5.3;1.8
2A;2021-02-17;286;166;8901;3025;5.5;1.9
2A;2021-02-18;340;198;9241;3223;5.7;2.0
2A;2021-02-19;145;300;9386;3523;5.8;2.2
2A;2021-02-20;243;138;9629;3661;5.9;2.3
2A;2021-02-21;58;55;9687;3716;6.0;2.3
2A;2021-02-22;77;215;9764;3931;6.0;2.4
2A;2021-02-23;122;290;9886;4221;6.1;2.6
2A;2021-02-24;82;297;9968;4518;6.1;2.8
2A;2021-02-25;105;265;10073;4783;6.2;2.9
2A;2021-02-26;123;273;10196;5056;6.3;3.1
2A;2021-02-27;308;69;10504;5125;6.5;3.2
2A;2021-02-28;69;66;10573;5191;6.5;3.2
2A;2021-03-01;116;152;10689;5343;6.6;3.3
2A;2021-03-02;197;264;10886;5607;6.7;3.5
2A;2021-03-03;242;256;11128;5863;6.9;3.6
2A;2021-03-04;508;228;11636;6091;7.2;3.8
2A;2021-03-05;972;289;12608;6380;7.8;3.9
2A;2021-03-06;1166;75;13774;6455;8.5;4.0
2A;2021-03-07;1019;45;14793;6500;9.1;4.0
2A;2021-03-08;931;88;15724;6588;9.7;4.1
2A;2021-03-09;936;151;16660;6739;10.3;4.1
2A;2021-03-10;629;138;17289;6877;10.6;4.2
2A;2021-03-11;723;281;18012;7158;11.1;4.4
2A;2021-03-12;561;319;18573;7477;11.4;4.6
2A;2021-03-13;613;198;19186;7675;11.8;4.7
2A;2021-03-14;312;126;19498;7801;12.0;4.8
2A;2021-03-15;376;203;19874;8004;12.2;4.9
2A;2021-03-16;498;369;20372;8373;12.5;5.2
2A;2021-03-17;699;274;21071;8647;13.0;5.3
2A;2021-03-18;447;306;21518;8953;13.2;5.5
2A;2021-03-19;487;158;22005;9111;13.5;5.6
2A;2021-03-20;1079;261;23084;9372;14.2;5.8
2A;2021-03-21;695;53;23779;9425;14.6;5.8
2A;2021-03-22;347;67;24126;9492;14.9;5.8
2A;2021-03-23;518;58;24644;9550;15.2;5.9
2A;2021-03-24;862;92;25506;9642;15.7;5.9
2A;2021-03-25;930;140;26436;9782;16.3;6.0
2A;2021-03-26;1078;164;27514;9946;16.9;6.1
2A;2021-03-27;1189;199;28703;10145;17.7;6.2
2A;2021-03-28;241;98;28944;10243;17.8;6.3
2A;2021-03-29;283;138;29227;10381;18.0;6.4
2A;2021-03-30;382;237;29609;10618;18.2;6.5
2A;2021-03-31;446;227;30055;10845;18.5;6.7
2A;2021-04-01;638;453;30693;11298;18.9;7.0
2A;2021-04-02;904;785;31597;12083;19.5;7.4
2A;2021-04-03;646;983;32243;13066;19.9;8.0
2A;2021-04-04;579;784;32822;13850;20.2;8.5
2A;2021-04-05;525;698;33347;14548;20.5;9.0
2A;2021-04-06;550;557;33897;15105;20.9;9.3
2A;2021-04-07;788;426;34685;15531;21.4;9.6
2A;2021-04-08;1049;355;35734;15886;22.0;9.8
2A;2021-04-09;936;394;36670;16280;22.6;10.0
2A;2021-04-10;1058;381;37728;16661;23.2;10.3
2A;2021-04-11;362;256;38090;16917;23.5;10.4
2A;2021-04-12;669;341;38759;17258;23.9;10.6
2A;2021-04-13;328;380;39087;17638;24.1;10.9
2A;2021-04-14;1047;589;40134;18227;24.7;11.2
2A;2021-04-15;1043;524;41177;18751;25.4;11.5
2A;2021-04-16;871;395;42048;19146;25.9;11.8
2A;2021-04-17;1368;938;43416;20084;26.7;12.4
2A;2021-04-18;982;947;44398;21031;27.3;12.9
2A;2021-04-19;269;343;44667;21374;27.5;13.2
2A;2021-04-20;354;344;45021;21718;27.7;13.4
2A;2021-04-21;729;734;45750;22452;28.2;13.8
2A;2021-04-22;896;649;46646;23101;28.7;14.2
2A;2021-04-23;987;776;47633;23877;29.3;14.7
2A;2021-04-24;1749;984;49382;24861;30.4;15.3
2A;2021-04-25;975;305;50357;25166;31.0;15.5
2A;2021-04-26;307;226;50664;25392;31.2;15.6
2A;2021-04-27;344;349;51008;25741;31.4;15.8
2A;2021-04-28;1674;423;52682;26164;32.4;16.1
2A;2021-04-29;1054;359;53736;26523;33.1;16.3
2A;2021-04-30;1130;1060;54866;27583;33.8;17.0
2A;2021-05-01;971;575;55837;28158;34.4;17.3
2A;2021-05-02;675;707;56512;28865;34.8;17.8
2A;2021-05-03;583;576;57095;29441;35.2;18.1
2A;2021-05-04;751;535;57846;29976;35.6;18.5
2A;2021-05-05;1009;984;58855;30960;36.2;19.1
2A;2021-05-06;905;912;59760;31872;36.8;19.6
2A;2021-05-07;1156;836;60916;32708;37.5;20.1
2A;2021-05-08;422;499;61338;33207;37.8;20.4
2A;2021-05-09;783;638;62121;33845;38.2;20.8
2A;2021-05-10;453;740;62574;34585;38.5;21.3
2A;2021-05-11;652;415;63226;35000;38.9;21.5
2A;2021-05-12;920;486;64146;35486;39.5;21.8
2A;2021-05-13;919;139;65065;35625;40.1;21.9
2A;2021-05-14;798;682;65863;36307;40.6;22.4
2A;2021-05-15;781;648;66644;36955;41.0;22.8
2A;2021-05-16;737;500;67381;37455;41.5;23.1
2A;2021-05-17;583;562;67964;38017;41.8;23.4
2A;2021-05-18;615;476;68579;38493;42.2;23.7
2A;2021-05-19;788;481;69367;38974;42.7;24.0
2A;2021-05-20;692;540;70059;39514;43.1;24.3
2A;2021-05-21;535;483;70594;39997;43.5;24.6
2A;2021-05-22;441;309;71035;40306;43.7;24.8
2A;2021-05-23;533;284;71568;40590;44.1;25.0
2A;2021-05-24;125;33;71693;40623;44.1;25.0
2A;2021-05-25;416;505;72109;41128;44.4;25.3
2A;2021-05-26;426;1167;72535;42295;44.7;26.0
2A;2021-05-27;435;1111;72970;43406;44.9;26.7
2A;2021-05-28;297;916;73267;44322;45.1;27.3
2A;2021-05-29;335;900;73602;45222;45.3;27.8
2A;2021-05-30;182;506;73784;45728;45.4;28.2
2A;2021-05-31;189;413;73973;46141;45.5;28.4
2A;2021-06-01;339;729;74312;46870;45.8;28.9
2A;2021-06-02;283;939;74595;47809;45.9;29.4
2A;2021-06-03;304;849;74899;48658;46.1;30.0
2A;2021-06-04;272;1093;75171;49751;46.3;30.6
2A;2021-06-05;319;1442;75490;51193;46.5;31.5
2A;2021-06-06;173;909;75663;52102;46.6;32.1
2A;2021-06-07;170;661;75833;52763;46.7;32.5
2A;2021-06-08;321;706;76154;53469;46.9;32.9
2A;2021-06-09;297;1318;76451;54787;47.1;33.7
2A;2021-06-10;329;857;76780;55644;47.3;34.3
2A;2021-06-11;278;1021;77058;56665;47.4;34.9
2A;2021-06-12;230;664;77288;57329;47.6;35.3
2A;2021-06-13;189;797;77477;58126;47.7;35.8
2A;2021-06-14;251;921;77728;59047;47.9;36.4
2A;2021-06-15;217;507;77945;59554;48.0;36.7
2A;2021-06-16;212;776;78157;60330;48.1;37.1
2A;2021-06-17;233;592;78390;60922;48.3;37.5
2A;2021-06-18;244;914;78634;61836;48.4;38.1
2A;2021-06-19;207;690;78841;62526;48.5;38.5
2A;2021-06-20;150;692;78991;63218;48.6;38.9
2A;2021-06-21;181;791;79172;64009;48.7;39.4
2A;2021-06-22;235;842;79407;64851;48.9;39.9
2A;2021-06-23;217;569;79624;65420;49.0;40.3
2A;2021-06-24;149;369;79773;65789;49.1;40.5
2A;2021-06-25;167;472;79940;66261;49.2;40.8
2A;2021-06-26;202;873;80142;67134;49.3;41.3
2A;2021-06-27;174;794;80316;67928;49.4;41.8
2A;2021-06-28;194;704;80510;68632;49.6;42.3
2A;2021-06-29;214;689;80724;69321;49.7;42.7
2A;2021-06-30;242;493;80966;69814;49.8;43.0
2A;2021-07-01;211;486;81177;70300;50.0;43.3
2A;2021-07-02;295;370;81472;70670;50.2;43.5
2A;2021-07-03;211;617;81683;71287;50.3;43.9
2A;2021-07-04;178;664;81861;71951;50.4;44.3
2A;2021-07-05;163;235;82024;72186;50.5;44.4
2A;2021-07-06;250;391;82274;72577;50.7;44.7
2A;2021-07-07;431;611;82705;73188;50.9;45.1
2A;2021-07-08;591;704;83296;73892;51.3;45.5
2A;2021-07-09;379;421;83675;74313;51.5;45.8
2A;2021-07-10;281;346;83956;74659;51.7;46.0
2A;2021-07-11;91;162;84047;74821;51.7;46.1
2A;2021-07-12;312;349;84359;75170;51.9;46.3
2A;2021-07-13;1178;534;85537;75704;52.7;46.6
2A;2021-07-14;1619;338;87156;76042;53.7;46.8
2A;2021-07-15;1432;835;88588;76877;54.5;47.3
2A;2021-07-16;1167;467;89755;77344;55.3;47.6
2A;2021-07-17;1096;343;90851;77687;55.9;47.8
2A;2021-07-18;634;134;91485;77821;56.3;47.9
2A;2021-07-19;913;431;92398;78252;56.9;48.2
2A;2021-07-20;1277;472;93675;78724;57.7;48.5
2A;2021-07-21;1427;721;95102;79445;58.6;48.9
2A;2021-07-22;1389;767;96491;80212;59.4;49.4
2A;2021-07-23;1432;465;97923;80677;60.3;49.7
2A;2021-07-24;886;290;98809;80967;60.8;49.9
2A;2021-07-25;449;71;99258;81038;61.1;49.9
2A;2021-07-26;1194;505;100452;81543;61.8;50.2
2A;2021-07-27;1264;514;101716;82057;62.6;50.5
2A;2021-07-28;1194;584;102910;82641;63.4;50.9
2A;2021-07-29;1208;653;104118;83294;64.1;51.3
2A;2021-07-30;936;605;105054;83899;64.7;51.7
2A;2021-07-31;533;339;105587;84238;65.0;51.9
2A;2021-08-01;549;119;106136;84357;65.3;51.9
2A;2021-08-02;449;492;106585;84849;65.6;52.2
2A;2021-08-03;799;882;107384;85731;66.1;52.8
2A;2021-08-04;722;1161;108106;86892;66.6;53.5
2A;2021-08-05;901;1347;109007;88239;67.1;54.3
2A;2021-08-06;384;810;109391;89049;67.4;54.8
2A;2021-08-07;348;890;109739;89939;67.6;55.4
2A;2021-08-08;79;185;109818;90124;67.6;55.5
2A;2021-08-09;641;1138;110459;91262;68.0;56.2
2A;2021-08-10;615;1187;111074;92449;68.4;56.9
2A;2021-08-11;587;1058;111661;93507;68.7;57.6
2A;2021-08-12;733;1478;112394;94985;69.2;58.5
2A;2021-08-13;464;1060;112858;96045;69.5;59.1
2A;2021-08-14;397;762;113255;96807;69.7;59.6
2A;2021-08-15;21;26;113276;96833;69.7;59.6
2A;2021-08-16;478;1293;113754;98126;70.0;60.4
2A;2021-08-17;924;1555;114678;99681;70.6;61.4
2B;2020-12-27;0;0;0;0;0.0;0.0
2B;2020-12-28;0;0;0;0;0.0;0.0
2B;2020-12-29;0;0;0;0;0.0;0.0
2B;2020-12-30;0;0;0;0;0.0;0.0
2B;2020-12-31;0;0;0;0;0.0;0.0
2B;2021-01-01;0;0;0;0;0.0;0.0
2B;2021-01-02;0;0;0;0;0.0;0.0
2B;2021-01-03;0;0;0;0;0.0;0.0
2B;2021-01-04;2;0;2;0;0.0;0.0
2B;2021-01-05;0;0;2;0;0.0;0.0
2B;2021-01-06;48;1;50;1;0.0;0.0
2B;2021-01-07;210;0;260;1;0.1;0.0
2B;2021-01-08;196;2;456;3;0.3;0.0
2B;2021-01-09;39;0;495;3;0.3;0.0
2B;2021-01-10;1;0;496;3;0.3;0.0
2B;2021-01-11;75;0;571;3;0.3;0.0
2B;2021-01-12;128;1;699;4;0.4;0.0
2B;2021-01-13;93;0;792;4;0.4;0.0
2B;2021-01-14;72;0;864;4;0.5;0.0
2B;2021-01-15;258;0;1122;4;0.6;0.0
2B;2021-01-16;43;0;1165;4;0.6;0.0
2B;2021-01-17;8;0;1173;4;0.6;0.0
2B;2021-01-18;271;0;1444;4;0.8;0.0
2B;2021-01-19;501;0;1945;4;1.1;0.0
2B;2021-01-20;462;2;2407;6;1.3;0.0
2B;2021-01-21;358;0;2765;6;1.5;0.0
2B;2021-01-22;373;0;3138;6;1.7;0.0
2B;2021-01-23;61;0;3199;6;1.8;0.0
2B;2021-01-24;29;0;3228;6;1.8;0.0
2B;2021-01-25;210;2;3438;8;1.9;0.0
2B;2021-01-26;390;1;3828;9;2.1;0.0
2B;2021-01-27;342;48;4170;57;2.3;0.0
2B;2021-01-28;365;148;4535;205;2.5;0.1
2B;2021-01-29;292;163;4827;368;2.6;0.2
2B;2021-01-30;80;33;4907;401;2.7;0.2
2B;2021-01-31;60;0;4967;401;2.7;0.2
2B;2021-02-01;231;93;5198;494;2.9;0.3
2B;2021-02-02;357;78;5555;572;3.0;0.3
2B;2021-02-03;519;92;6074;664;3.3;0.4
2B;2021-02-04;458;174;6532;838;3.6;0.5
2B;2021-02-05;393;95;6925;933;3.8;0.5
2B;2021-02-06;87;14;7012;947;3.8;0.5
2B;2021-02-07;60;0;7072;947;3.9;0.5
2B;2021-02-08;230;156;7302;1103;4.0;0.6
2B;2021-02-09;586;314;7888;1417;4.3;0.8
2B;2021-02-10;485;196;8373;1613;4.6;0.9
2B;2021-02-11;382;128;8755;1741;4.8;1.0
2B;2021-02-12;298;124;9053;1865;5.0;1.0
2B;2021-02-13;77;13;9130;1878;5.0;1.0
2B;2021-02-14;62;1;9192;1879;5.0;1.0
2B;2021-02-15;190;128;9382;2007;5.1;1.1
2B;2021-02-16;252;286;9634;2293;5.3;1.3
2B;2021-02-17;312;317;9946;2610;5.5;1.4
2B;2021-02-18;215;347;10161;2957;5.6;1.6
2B;2021-02-19;164;308;10325;3265;5.7;1.8
2B;2021-02-20;32;63;10357;3328;5.7;1.8
2B;2021-02-21;27;29;10384;3357;5.7;1.8
2B;2021-02-22;133;189;10517;3546;5.8;1.9
2B;2021-02-23;230;356;10747;3902;5.9;2.1
2B;2021-02-24;228;312;10975;4214;6.0;2.3
2B;2021-02-25;245;340;11220;4554;6.2;2.5
2B;2021-02-26;298;280;11518;4834;6.3;2.7
2B;2021-02-27;60;84;11578;4918;6.4;2.7
2B;2021-02-28;1;57;11579;4975;6.4;2.7
2B;2021-03-01;246;261;11825;5236;6.5;2.9
2B;2021-03-02;352;389;12177;5625;6.7;3.1
2B;2021-03-03;299;436;12476;6061;6.8;3.3
2B;2021-03-04;447;410;12923;6471;7.1;3.6
2B;2021-03-05;618;386;13541;6857;7.4;3.8
2B;2021-03-06;682;99;14223;6956;7.8;3.8
2B;2021-03-07;361;59;14584;7015;8.0;3.8
2B;2021-03-08;301;240;14885;7255;8.2;4.0
2B;2021-03-09;383;506;15268;7761;8.4;4.3
2B;2021-03-10;630;448;15898;8209;8.7;4.5
2B;2021-03-11;584;355;16482;8564;9.0;4.7
2B;2021-03-12;965;227;17447;8791;9.6;4.8
2B;2021-03-13;511;110;17958;8901;9.9;4.9
2B;2021-03-14;226;62;18184;8963;10.0;4.9
2B;2021-03-15;515;200;18699;9163;10.3;5.0
2B;2021-03-16;570;278;19269;9441;10.6;5.2
2B;2021-03-17;529;262;19798;9703;10.9;5.3
2B;2021-03-18;551;231;20349;9934;11.2;5.5
2B;2021-03-19;805;195;21154;10129;11.6;5.6
2B;2021-03-20;656;37;21810;10166;12.0;5.6
2B;2021-03-21;429;36;22239;10202;12.2;5.6
2B;2021-03-22;546;125;22785;10327;12.5;5.7
2B;2021-03-23;789;259;23574;10586;12.9;5.8
2B;2021-03-24;831;216;24405;10802;13.4;5.9
2B;2021-03-25;824;165;25229;10967;13.8;6.0
2B;2021-03-26;958;192;26187;11159;14.4;6.1
2B;2021-03-27;1089;37;27276;11196;15.0;6.1
2B;2021-03-28;830;123;28106;11319;15.4;6.2
2B;2021-03-29;745;180;28851;11499;15.8;6.3
2B;2021-03-30;970;330;29821;11829;16.4;6.5
2B;2021-03-31;981;266;30802;12095;16.9;6.6
2B;2021-04-01;1002;230;31804;12325;17.4;6.8
2B;2021-04-02;966;415;32770;12740;18.0;7.0
2B;2021-04-03;1247;153;34017;12893;18.7;7.1
2B;2021-04-04;197;60;34214;12953;18.8;7.1
2B;2021-04-05;109;113;34323;13066;18.8;7.2
2B;2021-04-06;1033;362;35356;13428;19.4;7.4
2B;2021-04-07;1230;430;36586;13858;20.1;7.6
2B;2021-04-08;1128;409;37714;14267;20.7;7.8
2B;2021-04-09;1169;568;38883;14835;21.3;8.1
2B;2021-04-10;1353;268;40236;15103;22.1;8.3
2B;2021-04-11;815;65;41051;15168;22.5;8.3
2B;2021-04-12;852;560;41903;15728;23.0;8.6
2B;2021-04-13;1061;631;42964;16359;23.6;9.0
2B;2021-04-14;1046;494;44010;16853;24.1;9.2
2B;2021-04-15;885;517;44895;17370;24.6;9.5
2B;2021-04-16;910;649;45805;18019;25.1;9.9
2B;2021-04-17;386;447;46191;18466;25.3;10.1
2B;2021-04-18;252;342;46443;18808;25.5;10.3
2B;2021-04-19;822;438;47265;19246;25.9;10.6
2B;2021-04-20;899;848;48164;20094;26.4;11.0
2B;2021-04-21;1056;609;49220;20703;27.0;11.4
2B;2021-04-22;938;731;50158;21434;27.5;11.8
2B;2021-04-23;661;630;50819;22064;27.9;12.1
2B;2021-04-24;288;772;51107;22836;28.0;12.5
2B;2021-04-25;285;477;51392;23313;28.2;12.8
2B;2021-04-26;708;920;52100;24233;28.6;13.3
2B;2021-04-27;965;875;53065;25108;29.1;13.8
2B;2021-04-28;918;862;53983;25970;29.6;14.2
2B;2021-04-29;923;868;54906;26838;30.1;14.7
2B;2021-04-30;1132;832;56038;27670;30.7;15.2
2B;2021-05-01;459;1115;56497;28785;31.0;15.8
2B;2021-05-02;335;245;56832;29030;31.2;15.9
2B;2021-05-03;1019;495;57851;29525;31.7;16.2
2B;2021-05-04;809;1151;58660;30676;32.2;16.8
2B;2021-05-05;801;1375;59461;32051;32.6;17.6
2B;2021-05-06;1288;905;60749;32956;33.3;18.1
2B;2021-05-07;1062;988;61811;33944;33.9;18.6
2B;2021-05-08;459;856;62270;34800;34.2;19.1
2B;2021-05-09;394;683;62664;35483;34.4;19.5
2B;2021-05-10;925;799;63589;36282;34.9;19.9
2B;2021-05-11;933;1162;64522;37444;35.4;20.5
2B;2021-05-12;861;892;65383;38336;35.9;21.0
2B;2021-05-13;1028;377;66411;38713;36.4;21.2
2B;2021-05-14;718;579;67129;39292;36.8;21.6
2B;2021-05-15;702;353;67831;39645;37.2;21.8
2B;2021-05-16;300;180;68131;39825;37.4;21.9
2B;2021-05-17;1003;406;69134;40231;37.9;22.1
2B;2021-05-18;991;383;70125;40614;38.5;22.3
2B;2021-05-19;771;417;70896;41031;38.9;22.5
2B;2021-05-20;672;359;71568;41390;39.3;22.7
2B;2021-05-21;705;502;72273;41892;39.7;23.0
2B;2021-05-22;574;391;72847;42283;40.0;23.2
2B;2021-05-23;168;46;73015;42329;40.1;23.2
2B;2021-05-24;40;115;73055;42444;40.1;23.3
2B;2021-05-25;549;353;73604;42797;40.4;23.5
2B;2021-05-26;544;789;74148;43586;40.7;23.9
2B;2021-05-27;407;1131;74555;44717;40.9;24.5
2B;2021-05-28;555;906;75110;45623;41.2;25.0
2B;2021-05-29;312;353;75422;45976;41.4;25.2
2B;2021-05-30;46;45;75468;46021;41.4;25.3
2B;2021-05-31;376;832;75844;46853;41.6;25.7
2B;2021-06-01;414;1038;76258;47891;41.8;26.3
2B;2021-06-02;364;991;76622;48882;42.0;26.8
2B;2021-06-03;498;808;77120;49690;42.3;27.3
2B;2021-06-04;343;1254;77463;50944;42.5;28.0
2B;2021-06-05;257;494;77720;51438;42.6;28.2
2B;2021-06-06;51;129;77771;51567;42.7;28.3
2B;2021-06-07;282;948;78053;52515;42.8;28.8
2B;2021-06-08;399;1169;78452;53684;43.0;29.5
2B;2021-06-09;518;1177;78970;54861;43.3;30.1
2B;2021-06-10;367;939;79337;55800;43.5;30.6
2B;2021-06-11;432;1274;79769;57074;43.8;31.3
2B;2021-06-12;151;545;79920;57619;43.8;31.6
2B;2021-06-13;26;59;79946;57678;43.9;31.6
2B;2021-06-14;195;1116;80141;58794;44.0;32.3
2B;2021-06-15;345;1219;80486;60013;44.2;32.9
2B;2021-06-16;381;936;80867;60949;44.4;33.4
2B;2021-06-17;399;1047;81266;61996;44.6;34.0
2B;2021-06-18;347;960;81613;62956;44.8;34.5
2B;2021-06-19;142;328;81755;63284;44.9;34.7
2B;2021-06-20;44;194;81799;63478;44.9;34.8
2B;2021-06-21;265;962;82064;64440;45.0;35.4
2B;2021-06-22;316;1115;82380;65555;45.2;36.0
2B;2021-06-23;208;872;82588;66427;45.3;36.4
2B;2021-06-24;336;756;82924;67183;45.5;36.9
2B;2021-06-25;212;1076;83136;68259;45.6;37.5
2B;2021-06-26;105;551;83241;68810;45.7;37.8
2B;2021-06-27;32;215;83273;69025;45.7;37.9
2B;2021-06-28;328;954;83601;69979;45.9;38.4
2B;2021-06-29;270;987;83871;70966;46.0;38.9
2B;2021-06-30;379;950;84250;71916;46.2;39.5
2B;2021-07-01;225;509;84475;72425;46.3;39.7
2B;2021-07-02;216;558;84691;72983;46.5;40.0
2B;2021-07-03;91;397;84782;73380;46.5;40.3
2B;2021-07-04;2;0;84784;73380;46.5;40.3
2B;2021-07-05;265;665;85049;74045;46.7;40.6
2B;2021-07-06;450;708;85499;74753;46.9;41.0
2B;2021-07-07;377;908;85876;75661;47.1;41.5
2B;2021-07-08;183;347;86059;76008;47.2;41.7
2B;2021-07-09;248;372;86307;76380;47.4;41.9
2B;2021-07-10;196;198;86503;76578;47.5;42.0
2B;2021-07-11;13;14;86516;76592;47.5;42.0
2B;2021-07-12;494;744;87010;77336;47.7;42.4
2B;2021-07-13;822;1014;87832;78350;48.2;43.0
2B;2021-07-14;343;99;88175;78449;48.4;43.0
2B;2021-07-15;1267;578;89442;79027;49.1;43.4
2B;2021-07-16;1116;563;90558;79590;49.7;43.7
2B;2021-07-17;710;318;91268;79908;50.1;43.8
2B;2021-07-18;179;46;91447;79954;50.2;43.9
2B;2021-07-19;850;706;92297;80660;50.6;44.3
2B;2021-07-20;1209;682;93506;81342;51.3;44.6
2B;2021-07-21;1385;725;94891;82067;52.1;45.0
2B;2021-07-22;1323;601;96214;82668;52.8;45.4
2B;2021-07-23;1316;497;97530;83165;53.5;45.6
2B;2021-07-24;532;315;98062;83480;53.8;45.8
2B;2021-07-25;203;71;98265;83551;53.9;45.8
2B;2021-07-26;911;632;99176;84183;54.4;46.2
2B;2021-07-27;1566;700;100742;84883;55.3;46.6
2B;2021-07-28;1158;621;101900;85504;55.9;46.9
2B;2021-07-29;1132;442;103032;85946;56.5;47.2
2B;2021-07-30;757;343;103789;86289;56.9;47.3
2B;2021-07-31;533;232;104322;86521;57.2;47.5
2B;2021-08-01;230;56;104552;86577;57.4;47.5
2B;2021-08-02;790;464;105342;87041;57.8;47.8
2B;2021-08-03;1121;777;106463;87818;58.4;48.2
2B;2021-08-04;798;448;107261;88266;58.9;48.4
2B;2021-08-05;1009;552;108270;88818;59.4;48.7
2B;2021-08-06;697;521;108967;89339;59.8;49.0
2B;2021-08-07;302;406;109269;89745;60.0;49.2
2B;2021-08-08;93;142;109362;89887;60.0;49.3
2B;2021-08-09;531;743;109893;90630;60.3;49.7
2B;2021-08-10;732;1130;110625;91760;60.7;50.3
2B;2021-08-11;747;892;111372;92652;61.1;50.8
2B;2021-08-12;682;1046;112054;93698;61.5;51.4
2B;2021-08-13;471;945;112525;94643;61.7;51.9
2B;2021-08-14;194;436;112719;95079;61.8;52.2
2B;2021-08-15;115;173;112834;95252;61.9;52.3
2B;2021-08-16;497;1054;113331;96306;62.2;52.8
2B;2021-08-17;549;1302;113880;97608;62.5;53.6
30;2020-12-27;1;0;1;0;0.0;0.0
30;2020-12-28;0;0;1;0;0.0;0.0
30;2020-12-29;0;0;1;0;0.0;0.0
30;2020-12-30;0;0;1;0;0.0;0.0
30;2020-12-31;0;0;1;0;0.0;0.0
30;2021-01-01;0;0;1;0;0.0;0.0
30;2021-01-02;0;0;1;0;0.0;0.0
30;2021-01-03;0;0;1;0;0.0;0.0
30;2021-01-04;1;0;2;0;0.0;0.0
30;2021-01-05;3;0;5;0;0.0;0.0
30;2021-01-06;128;0;133;0;0.0;0.0
30;2021-01-07;312;0;445;0;0.1;0.0
30;2021-01-08;531;0;976;0;0.1;0.0
30;2021-01-09;270;0;1246;0;0.2;0.0
30;2021-01-10;0;0;1246;0;0.2;0.0
30;2021-01-11;537;1;1783;1;0.2;0.0
30;2021-01-12;798;3;2581;4;0.3;0.0
30;2021-01-13;640;0;3221;4;0.4;0.0
30;2021-01-14;652;5;3873;9;0.5;0.0
30;2021-01-15;756;2;4629;11;0.6;0.0
30;2021-01-16;313;0;4942;11;0.7;0.0
30;2021-01-17;3;0;4945;11;0.7;0.0
30;2021-01-18;939;5;5884;16;0.8;0.0
30;2021-01-19;1735;7;7619;23;1.0;0.0
30;2021-01-20;1303;2;8922;25;1.2;0.0
30;2021-01-21;1226;2;10148;27;1.4;0.0
30;2021-01-22;1074;5;11222;32;1.5;0.0
30;2021-01-23;633;2;11855;34;1.6;0.0
30;2021-01-24;0;0;11855;34;1.6;0.0
30;2021-01-25;831;4;12686;38;1.7;0.0
30;2021-01-26;1056;15;13742;53;1.8;0.0
30;2021-01-27;982;111;14724;164;2.0;0.0
30;2021-01-28;712;274;15436;438;2.1;0.1
30;2021-01-29;668;445;16104;883;2.2;0.1
30;2021-01-30;472;287;16576;1170;2.2;0.2
30;2021-01-31;3;7;16579;1177;2.2;0.2
30;2021-02-01;813;437;17392;1614;2.3;0.2
30;2021-02-02;1875;679;19267;2293;2.6;0.3
30;2021-02-03;1183;487;20450;2780;2.7;0.4
30;2021-02-04;968;662;21418;3442;2.9;0.5
30;2021-02-05;599;762;22017;4204;2.9;0.6
30;2021-02-06;292;262;22309;4466;3.0;0.6
30;2021-02-07;2;8;22311;4474;3.0;0.6
30;2021-02-08;574;740;22885;5214;3.1;0.7
30;2021-02-09;981;1007;23866;6221;3.2;0.8
30;2021-02-10;986;1098;24852;7319;3.3;1.0
30;2021-02-11;927;1032;25779;8351;3.4;1.1
30;2021-02-12;616;993;26395;9344;3.5;1.2
30;2021-02-13;436;388;26831;9732;3.6;1.3
30;2021-02-14;1;21;26832;9753;3.6;1.3
30;2021-02-15;448;621;27280;10374;3.6;1.4
30;2021-02-16;460;848;27740;11222;3.7;1.5
30;2021-02-17;682;624;28422;11846;3.8;1.6
30;2021-02-18;796;529;29218;12375;3.9;1.7
30;2021-02-19;573;673;29791;13048;4.0;1.7
30;2021-02-20;223;227;30014;13275;4.0;1.8
30;2021-02-21;5;3;30019;13278;4.0;1.8
30;2021-02-22;501;764;30520;14042;4.1;1.9
30;2021-02-23;974;1468;31494;15510;4.2;2.1
30;2021-02-24;926;1194;32420;16704;4.3;2.2
30;2021-02-25;1207;893;33627;17597;4.5;2.4
30;2021-02-26;1337;600;34964;18197;4.7;2.4
30;2021-02-27;564;546;35528;18743;4.7;2.5
30;2021-02-28;2;7;35530;18750;4.7;2.5
30;2021-03-01;1341;831;36871;19581;4.9;2.6
30;2021-03-02;1711;910;38582;20491;5.2;2.7
30;2021-03-03;2306;763;40888;21254;5.5;2.8
30;2021-03-04;2638;870;43526;22124;5.8;3.0
30;2021-03-05;2761;615;46287;22739;6.2;3.0
30;2021-03-06;2997;363;49284;23102;6.6;3.1
30;2021-03-07;1860;44;51144;23146;6.8;3.1
30;2021-03-08;1551;786;52695;23932;7.0;3.2
30;2021-03-09;2274;873;54969;24805;7.3;3.3
30;2021-03-10;2355;652;57324;25457;7.7;3.4
30;2021-03-11;3055;690;60379;26147;8.1;3.5
30;2021-03-12;3112;384;63491;26531;8.5;3.5
30;2021-03-13;2227;294;65718;26825;8.8;3.6
30;2021-03-14;83;3;65801;26828;8.8;3.6
30;2021-03-15;1577;566;67378;27394;9.0;3.7
30;2021-03-16;1299;1070;68677;28464;9.2;3.8
30;2021-03-17;1455;648;70132;29112;9.4;3.9
30;2021-03-18;1648;714;71780;29826;9.6;4.0
30;2021-03-19;2251;547;74031;30373;9.9;4.1
30;2021-03-20;1400;143;75431;30516;10.1;4.1
30;2021-03-21;57;8;75488;30524;10.1;4.1
30;2021-03-22;2397;719;77885;31243;10.4;4.2
30;2021-03-23;3509;801;81394;32044;10.9;4.3
30;2021-03-24;3637;813;85031;32857;11.4;4.4
30;2021-03-25;4404;846;89435;33703;11.9;4.5
30;2021-03-26;4362;637;93797;34340;12.5;4.6
30;2021-03-27;1970;378;95767;34718;12.8;4.6
30;2021-03-28;35;29;95802;34747;12.8;4.6
30;2021-03-29;2813;1650;98615;36397;13.2;4.9
30;2021-03-30;3778;1878;102393;38275;13.7;5.1
30;2021-03-31;3506;1650;105899;39925;14.1;5.3
30;2021-04-01;4016;1462;109915;41387;14.7;5.5
30;2021-04-02;3603;1230;113518;42617;15.2;5.7
30;2021-04-03;1061;1225;114579;43842;15.3;5.9
30;2021-04-04;29;188;114608;44030;15.3;5.9
30;2021-04-05;765;287;115373;44317;15.4;5.9
30;2021-04-06;3043;1577;118416;45894;15.8;6.1
30;2021-04-07;2717;1629;121133;47523;16.2;6.3
30;2021-04-08;3918;1487;125051;49010;16.7;6.5
30;2021-04-09;4887;1518;129938;50528;17.4;6.8
30;2021-04-10;2426;1175;132364;51703;17.7;6.9
30;2021-04-11;949;58;133313;51761;17.8;6.9
30;2021-04-12;3147;1491;136460;53252;18.2;7.1
30;2021-04-13;4017;1936;140477;55188;18.8;7.4
30;2021-04-14;3386;1538;143863;56726;19.2;7.6
30;2021-04-15;3830;1465;147693;58191;19.7;7.8
30;2021-04-16;3703;1531;151396;59722;20.2;8.0
30;2021-04-17;1493;952;152889;60674;20.4;8.1
30;2021-04-18;961;66;153850;60740;20.6;8.1
30;2021-04-19;2449;2300;156299;63040;20.9;8.4
30;2021-04-20;2815;2830;159114;65870;21.3;8.8
30;2021-04-21;2601;2565;161715;68435;21.6;9.1
30;2021-04-22;3524;2315;165239;70750;22.1;9.5
30;2021-04-23;3578;2304;168817;73054;22.6;9.8
30;2021-04-24;1347;1231;170164;74285;22.7;9.9
30;2021-04-25;748;90;170912;74375;22.8;9.9
30;2021-04-26;2018;2390;172930;76765;23.1;10.3
30;2021-04-27;2952;2606;175882;79371;23.5;10.6
30;2021-04-28;2837;2483;178719;81854;23.9;10.9
30;2021-04-29;3617;2320;182336;84174;24.4;11.2
30;2021-04-30;3409;2026;185745;86200;24.8;11.5
30;2021-05-01;1749;605;187494;86805;25.1;11.6
30;2021-05-02;664;245;188158;87050;25.1;11.6
30;2021-05-03;3758;2501;191916;89551;25.6;12.0
30;2021-05-04;3981;3528;195897;93079;26.2;12.4
30;2021-05-05;3945;3130;199842;96209;26.7;12.9
30;2021-05-06;4201;3361;204043;99570;27.3;13.3
30;2021-05-07;4079;3060;208122;102630;27.8;13.7
30;2021-05-08;1605;720;209727;103350;28.0;13.8
30;2021-05-09;372;613;210099;103963;28.1;13.9
30;2021-05-10;2921;3119;213020;107082;28.5;14.3
30;2021-05-11;5387;3651;218407;110733;29.2;14.8
30;2021-05-12;5301;3222;223708;113955;29.9;15.2
30;2021-05-13;3231;1026;226939;114981;30.3;15.4
30;2021-05-14;4891;2463;231830;117444;31.0;15.7
30;2021-05-15;3409;1206;235239;118650;31.4;15.9
30;2021-05-16;397;339;235636;118989;31.5;15.9
30;2021-05-17;3798;3035;239434;122024;32.0;16.3
30;2021-05-18;4827;3035;244261;125059;32.6;16.7
30;2021-05-19;4774;2547;249035;127606;33.3;17.0
30;2021-05-20;5015;2580;254050;130186;33.9;17.4
30;2021-05-21;4887;2470;258937;132656;34.6;17.7
30;2021-05-22;3158;1293;262095;133949;35.0;17.9
30;2021-05-23;288;344;262383;134293;35.1;17.9
30;2021-05-24;783;767;263166;135060;35.2;18.0
30;2021-05-25;2657;3160;265823;138220;35.5;18.5
30;2021-05-26;2887;2563;268710;140783;35.9;18.8
30;2021-05-27;3760;2716;272470;143499;36.4;19.2
30;2021-05-28;3327;3278;275797;146777;36.8;19.6
30;2021-05-29;1687;1800;277484;148577;37.1;19.9
30;2021-05-30;360;584;277844;149161;37.1;19.9
30;2021-05-31;2829;2298;280673;151459;37.5;20.2
30;2021-06-01;3658;2797;284331;154256;38.0;20.6
30;2021-06-02;3318;2453;287649;156709;38.4;20.9
30;2021-06-03;4134;3354;291783;160063;39.0;21.4
30;2021-06-04;3904;3401;295687;163464;39.5;21.8
30;2021-06-05;1906;1313;297593;164777;39.8;22.0
30;2021-06-06;683;264;298276;165041;39.9;22.1
30;2021-06-07;4724;2526;303000;167567;40.5;22.4
30;2021-06-08;4831;3324;307831;170891;41.1;22.8
30;2021-06-09;4152;2988;311983;173879;41.7;23.2
30;2021-06-10;4610;3356;316593;177235;42.3;23.7
30;2021-06-11;4584;3812;321177;181047;42.9;24.2
30;2021-06-12;2484;1709;323661;182756;43.2;24.4
30;2021-06-13;494;341;324155;183097;43.3;24.5
30;2021-06-14;2471;4709;326626;187806;43.6;25.1
30;2021-06-15;3201;5305;329827;193111;44.1;25.8
30;2021-06-16;3109;4646;332936;197757;44.5;26.4
30;2021-06-17;3925;4373;336861;202130;45.0;27.0
30;2021-06-18;3713;4696;340574;206826;45.5;27.6
30;2021-06-19;1441;2003;342015;208829;45.7;27.9
30;2021-06-20;358;489;342373;209318;45.7;28.0
30;2021-06-21;2378;4906;344751;214224;46.1;28.6
30;2021-06-22;2364;5742;347115;219966;46.4;29.4
30;2021-06-23;2526;5341;349641;225307;46.7;30.1
30;2021-06-24;2338;4706;351979;230013;47.0;30.7
30;2021-06-25;2609;5606;354588;235619;47.4;31.5
30;2021-06-26;910;2941;355498;238560;47.5;31.9
30;2021-06-27;222;528;355720;239088;47.5;31.9
30;2021-06-28;1668;6028;357388;245116;47.7;32.7
30;2021-06-29;1837;6025;359225;251141;48.0;33.6
30;2021-06-30;2000;5257;361225;256398;48.3;34.3
30;2021-07-01;2987;4721;364212;261119;48.7;34.9
30;2021-07-02;2832;4619;367044;265738;49.0;35.5
30;2021-07-03;1153;3046;368197;268784;49.2;35.9
30;2021-07-04;115;393;368312;269177;49.2;36.0
30;2021-07-05;2023;4025;370335;273202;49.5;36.5
30;2021-07-06;2661;4973;372996;278175;49.8;37.2
30;2021-07-07;2538;4219;375534;282394;50.2;37.7
30;2021-07-08;2014;3423;377548;285817;50.4;38.2
30;2021-07-09;2405;5317;379953;291134;50.8;38.9
30;2021-07-10;1499;2157;381452;293291;51.0;39.2
30;2021-07-11;47;415;381499;293706;51.0;39.2
30;2021-07-12;2524;5149;384023;298855;51.3;39.9
30;2021-07-13;3289;6028;387312;304883;51.7;40.7
30;2021-07-14;498;548;387810;305431;51.8;40.8
30;2021-07-15;4128;5468;391938;310899;52.4;41.5
30;2021-07-16;4975;5717;396913;316616;53.0;42.3
30;2021-07-17;1703;2466;398616;319082;53.3;42.6
30;2021-07-18;146;601;398762;319683;53.3;42.7
30;2021-07-19;3369;6306;402131;325989;53.7;43.6
30;2021-07-20;4634;6508;406765;332497;54.3;44.4
30;2021-07-21;4043;5408;410808;337905;54.9;45.1
30;2021-07-22;4888;5736;415696;343641;55.5;45.9
30;2021-07-23;4975;5853;420671;349494;56.2;46.7
30;2021-07-24;2231;3266;422902;352760;56.5;47.1
30;2021-07-25;136;310;423038;353070;56.5;47.2
30;2021-07-26;4400;4120;427438;357190;57.1;47.7
30;2021-07-27;4841;4642;432279;361832;57.8;48.3
30;2021-07-28;4845;4007;437124;365839;58.4;48.9
30;2021-07-29;5893;4122;443017;369961;59.2;49.4
30;2021-07-30;5313;4389;448330;374350;59.9;50.0
30;2021-07-31;2626;1956;450956;376306;60.3;50.3
30;2021-08-01;720;309;451676;376615;60.3;50.3
30;2021-08-02;3637;4007;455313;380622;60.8;50.9
30;2021-08-03;4828;3937;460141;384559;61.5;51.4
30;2021-08-04;5230;3058;465371;387617;62.2;51.8
30;2021-08-05;4590;3761;469961;391378;62.8;52.3
30;2021-08-06;4233;4054;474194;395432;63.4;52.8
30;2021-08-07;1829;1943;476023;397375;63.6;53.1
30;2021-08-08;614;275;476637;397650;63.7;53.1
30;2021-08-09;3297;3741;479934;401391;64.1;53.6
30;2021-08-10;3896;4383;483830;405774;64.6;54.2
30;2021-08-11;3369;3471;487199;409245;65.1;54.7
30;2021-08-12;3744;4209;490943;413454;65.6;55.2
30;2021-08-13;3278;3314;494221;416768;66.0;55.7
30;2021-08-14;1105;2035;495326;418803;66.2;56.0
30;2021-08-15;260;170;495586;418973;66.2;56.0
30;2021-08-16;2153;4848;497739;423821;66.5;56.6
30;2021-08-17;2628;4144;500367;427965;66.9;57.2
31;2020-12-27;0;0;0;0;0.0;0.0
31;2020-12-28;1;0;1;0;0.0;0.0
31;2020-12-29;0;0;1;0;0.0;0.0
31;2020-12-30;0;0;1;0;0.0;0.0
31;2020-12-31;1;0;2;0;0.0;0.0
31;2021-01-01;4;0;6;0;0.0;0.0
31;2021-01-02;0;0;6;0;0.0;0.0
31;2021-01-03;2;0;8;0;0.0;0.0
31;2021-01-04;3;0;11;0;0.0;0.0
31;2021-01-05;50;0;61;0;0.0;0.0
31;2021-01-06;211;1;272;1;0.0;0.0
31;2021-01-07;284;1;556;2;0.0;0.0
31;2021-01-08;545;1;1101;3;0.1;0.0
31;2021-01-09;275;0;1376;3;0.1;0.0
31;2021-01-10;287;0;1663;3;0.1;0.0
31;2021-01-11;982;3;2645;6;0.2;0.0
31;2021-01-12;1192;0;3837;6;0.3;0.0
31;2021-01-13;1157;3;4994;9;0.4;0.0
31;2021-01-14;1176;17;6170;26;0.4;0.0
31;2021-01-15;1046;3;7216;29;0.5;0.0
31;2021-01-16;243;1;7459;30;0.5;0.0
31;2021-01-17;176;0;7635;30;0.5;0.0
31;2021-01-18;1612;4;9247;34;0.7;0.0
31;2021-01-19;2934;11;12181;45;0.9;0.0
31;2021-01-20;3664;12;15845;57;1.1;0.0
31;2021-01-21;2991;5;18836;62;1.3;0.0
31;2021-01-22;2271;7;21107;69;1.5;0.0
31;2021-01-23;728;1;21835;70;1.6;0.0
31;2021-01-24;212;1;22047;71;1.6;0.0
31;2021-01-25;1744;9;23791;80;1.7;0.0
31;2021-01-26;1838;64;25629;144;1.8;0.0
31;2021-01-27;1575;154;27204;298;1.9;0.0
31;2021-01-28;1385;302;28589;600;2.0;0.0
31;2021-01-29;1357;349;29946;949;2.1;0.1
31;2021-01-30;446;187;30392;1136;2.2;0.1
31;2021-01-31;61;209;30453;1345;2.2;0.1
31;2021-02-01;1157;732;31610;2077;2.3;0.1
31;2021-02-02;3034;804;34644;2881;2.5;0.2
31;2021-02-03;1917;778;36561;3659;2.6;0.3
31;2021-02-04;1807;843;38368;4502;2.7;0.3
31;2021-02-05;1339;576;39707;5078;2.8;0.4
31;2021-02-06;379;55;40086;5133;2.9;0.4
31;2021-02-07;37;41;40123;5174;2.9;0.4
31;2021-02-08;1115;669;41238;5843;2.9;0.4
31;2021-02-09;1677;1575;42915;7418;3.1;0.5
31;2021-02-10;1960;2475;44875;9893;3.2;0.7
31;2021-02-11;1814;1825;46689;11718;3.3;0.8
31;2021-02-12;1540;796;48229;12514;3.4;0.9
31;2021-02-13;504;230;48733;12744;3.5;0.9
31;2021-02-14;56;216;48789;12960;3.5;0.9
31;2021-02-15;442;1376;49231;14336;3.5;1.0
31;2021-02-16;464;1551;49695;15887;3.5;1.1
31;2021-02-17;471;1644;50166;17531;3.6;1.3
31;2021-02-18;477;1785;50643;19316;3.6;1.4
31;2021-02-19;393;1572;51036;20888;3.6;1.5
31;2021-02-20;69;530;51105;21418;3.6;1.5
31;2021-02-21;77;161;51182;21579;3.7;1.5
31;2021-02-22;432;1757;51614;23336;3.7;1.7
31;2021-02-23;866;3014;52480;26350;3.7;1.9
31;2021-02-24;653;2192;53133;28542;3.8;2.0
31;2021-02-25;1431;1842;54564;30384;3.9;2.2
31;2021-02-26;1712;1234;56276;31618;4.0;2.3
31;2021-02-27;637;404;56913;32022;4.1;2.3
31;2021-02-28;78;54;56991;32076;4.1;2.3
31;2021-03-01;873;1138;57864;33214;4.1;2.4
31;2021-03-02;1238;1670;59102;34884;4.2;2.5
31;2021-03-03;1355;1811;60457;36695;4.3;2.6
31;2021-03-04;2421;1509;62878;38204;4.5;2.7
31;2021-03-05;3053;1608;65931;39812;4.7;2.8
31;2021-03-06;2835;411;68766;40223;4.9;2.9
31;2021-03-07;5369;108;74135;40331;5.3;2.9
31;2021-03-08;1597;1097;75732;41428;5.4;3.0
31;2021-03-09;2791;1195;78523;42623;5.6;3.0
31;2021-03-10;2573;1098;81096;43721;5.8;3.1
31;2021-03-11;4379;1171;85475;44892;6.1;3.2
31;2021-03-12;5315;1195;90790;46087;6.5;3.3
31;2021-03-13;2836;506;93626;46593;6.7;3.3
31;2021-03-14;235;49;93861;46642;6.7;3.3
31;2021-03-15;2583;431;96444;47073;6.9;3.4
31;2021-03-16;1744;817;98188;47890;7.0;3.4
31;2021-03-17;1657;559;99845;48449;7.1;3.5
31;2021-03-18;1988;712;101833;49161;7.3;3.5
31;2021-03-19;3183;527;105016;49688;7.5;3.5
31;2021-03-20;1794;140;106810;49828;7.6;3.6
31;2021-03-21;210;35;107020;49863;7.6;3.6
31;2021-03-22;2577;370;109597;50233;7.8;3.6
31;2021-03-23;4054;319;113651;50552;8.1;3.6
31;2021-03-24;4355;293;118006;50845;8.4;3.6
31;2021-03-25;6039;523;124045;51368;8.9;3.7
31;2021-03-26;5464;516;129509;51884;9.2;3.7
31;2021-03-27;4350;209;133859;52093;9.6;3.7
31;2021-03-28;2290;48;136149;52141;9.7;3.7
31;2021-03-29;4206;429;140355;52570;10.0;3.8
31;2021-03-30;6594;556;146949;53126;10.5;3.8
31;2021-03-31;5647;379;152596;53505;10.9;3.8
31;2021-04-01;6963;555;159559;54060;11.4;3.9
31;2021-04-02;6100;588;165659;54648;11.8;3.9
31;2021-04-03;3927;153;169586;54801;12.1;3.9
31;2021-04-04;2059;111;171645;54912;12.3;3.9
31;2021-04-05;481;70;172126;54982;12.3;3.9
31;2021-04-06;4162;1150;176288;56132;12.6;4.0
31;2021-04-07;5985;978;182273;57110;13.0;4.1
31;2021-04-08;7566;1032;189839;58142;13.6;4.2
31;2021-04-09;8385;1254;198224;59396;14.1;4.2
31;2021-04-10;4716;543;202940;59939;14.5;4.3
31;2021-04-11;2067;139;205007;60078;14.6;4.3
31;2021-04-12;5998;1833;211005;61911;15.1;4.4
31;2021-04-13;8030;2021;219035;63932;15.6;4.6
31;2021-04-14;6649;1927;225684;65859;16.1;4.7
31;2021-04-15;7770;2239;233454;68098;16.7;4.9
31;2021-04-16;7181;2090;240635;70188;17.2;5.0
31;2021-04-17;4413;907;245048;71095;17.5;5.1
31;2021-04-18;2512;355;247560;71450;17.7;5.1
31;2021-04-19;5221;2026;252781;73476;18.0;5.2
31;2021-04-20;6072;2845;258853;76321;18.5;5.4
31;2021-04-21;5975;2798;264828;79119;18.9;5.6
31;2021-04-22;6380;3239;271208;82358;19.4;5.9
31;2021-04-23;6278;2579;277486;84937;19.8;6.1
31;2021-04-24;1615;3138;279101;88075;19.9;6.3
31;2021-04-25;686;2094;279787;90169;20.0;6.4
31;2021-04-26;3792;3222;283579;93391;20.2;6.7
31;2021-04-27;4516;3900;288095;97291;20.6;6.9
31;2021-04-28;4545;3548;292640;100839;20.9;7.2
31;2021-04-29;5184;4052;297824;104891;21.3;7.5
31;2021-04-30;5036;4135;302860;109026;21.6;7.8
31;2021-05-01;1488;3120;304348;112146;21.7;8.0
31;2021-05-02;1415;1981;305763;114127;21.8;8.1
31;2021-05-03;5655;2424;311418;116551;22.2;8.3
31;2021-05-04;4781;4741;316199;121292;22.6;8.7
31;2021-05-05;2995;5720;319194;127012;22.8;9.1
31;2021-05-06;3636;7385;322830;134397;23.0;9.6
31;2021-05-07;5257;7176;328087;141573;23.4;10.1
31;2021-05-08;3634;3105;331721;144678;23.7;10.3
31;2021-05-09;3760;2309;335481;146987;23.9;10.5
31;2021-05-10;5686;5478;341167;152465;24.4;10.9
31;2021-05-11;6651;6702;347818;159167;24.8;11.4
31;2021-05-12;6172;5922;353990;165089;25.3;11.8
31;2021-05-13;4643;2062;358633;167151;25.6;11.9
31;2021-05-14;6910;3983;365543;171134;26.1;12.2
31;2021-05-15;5144;1756;370687;172890;26.5;12.3
31;2021-05-16;3299;633;373986;173523;26.7;12.4
31;2021-05-17;5142;4151;379128;177674;27.1;12.7
31;2021-05-18;5589;4273;384717;181947;27.5;13.0
31;2021-05-19;5780;3764;390497;185711;27.9;13.3
31;2021-05-20;6475;4806;396972;190517;28.3;13.6
31;2021-05-21;5984;4606;402956;195123;28.8;13.9
31;2021-05-22;4084;1629;407040;196752;29.1;14.0
31;2021-05-23;3584;342;410624;197094;29.3;14.1
31;2021-05-24;3879;708;414503;197802;29.6;14.1
31;2021-05-25;6188;3610;420691;201412;30.0;14.4
31;2021-05-26;5608;4643;426299;206055;30.4;14.7
31;2021-05-27;4786;6200;431085;212255;30.8;15.2
31;2021-05-28;4115;6347;435200;218602;31.1;15.6
31;2021-05-29;1918;4030;437118;222632;31.2;15.9
31;2021-05-30;750;2362;437868;224994;31.3;16.1
31;2021-05-31;4397;5088;442265;230082;31.6;16.4
31;2021-06-01;5956;6565;448221;236647;32.0;16.9
31;2021-06-02;5801;6310;454022;242957;32.4;17.3
31;2021-06-03;7309;8144;461331;251101;32.9;17.9
31;2021-06-04;7541;7165;468872;258266;33.5;18.4
31;2021-06-05;9078;2775;477950;261041;34.1;18.6
31;2021-06-06;8110;1579;486060;262620;34.7;18.7
31;2021-06-07;7989;5470;494049;268090;35.3;19.1
31;2021-06-08;9105;6051;503154;274141;35.9;19.6
31;2021-06-09;8920;5539;512074;279680;36.6;20.0
31;2021-06-10;9781;6358;521855;286038;37.3;20.4
31;2021-06-11;10046;6640;531901;292678;38.0;20.9
31;2021-06-12;8793;3018;540694;295696;38.6;21.1
31;2021-06-13;8374;2013;549068;297709;39.2;21.3
31;2021-06-14;8431;6732;557499;304441;39.8;21.7
31;2021-06-15;9774;7439;567273;311880;40.5;22.3
31;2021-06-16;8733;5257;576006;317137;41.1;22.6
31;2021-06-17;8274;6605;584280;323742;41.7;23.1
31;2021-06-18;8550;7750;592830;331492;42.3;23.7
31;2021-06-19;7364;5437;600194;336929;42.8;24.1
31;2021-06-20;5571;3724;605765;340653;43.2;24.3
31;2021-06-21;5375;6916;611140;347569;43.6;24.8
31;2021-06-22;4985;8218;616125;355787;44.0;25.4
31;2021-06-23;5107;7277;621232;363064;44.3;25.9
31;2021-06-24;4635;8319;625867;371383;44.7;26.5
31;2021-06-25;5015;9307;630882;380690;45.0;27.2
31;2021-06-26;4284;6396;635166;387086;45.3;27.6
31;2021-06-27;3597;4103;638763;391189;45.6;27.9
31;2021-06-28;4098;6647;642861;397836;45.9;28.4
31;2021-06-29;3796;7567;646657;405403;46.2;28.9
31;2021-06-30;4275;7803;650932;413206;46.5;29.5
31;2021-07-01;4080;8469;655012;421675;46.8;30.1
31;2021-07-02;4107;9323;659119;430998;47.0;30.8
31;2021-07-03;4097;6110;663216;437108;47.3;31.2
31;2021-07-04;3204;4810;666420;441918;47.6;31.5
31;2021-07-05;4055;7094;670475;449012;47.9;32.1
31;2021-07-06;3889;8367;674364;457379;48.1;32.6
31;2021-07-07;3969;7964;678333;465343;48.4;33.2
31;2021-07-08;4042;8540;682375;473883;48.7;33.8
31;2021-07-09;4461;8795;686836;482678;49.0;34.5
31;2021-07-10;3918;5494;690754;488172;49.3;34.8
31;2021-07-11;3138;4124;693892;492296;49.5;35.1
31;2021-07-12;3819;8623;697711;500919;49.8;35.8
31;2021-07-13;6916;9431;704627;510350;50.3;36.4
31;2021-07-14;6158;3922;710785;514272;50.7;36.7
31;2021-07-15;8503;9425;719288;523697;51.3;37.4
31;2021-07-16;7761;9899;727049;533596;51.9;38.1
31;2021-07-17;8358;10530;735407;544126;52.5;38.8
31;2021-07-18;6621;9453;742028;553579;53.0;39.5
31;2021-07-19;4784;10768;746812;564347;53.3;40.3
31;2021-07-20;7144;11460;753956;575807;53.8;41.1
31;2021-07-21;7013;11525;760969;587332;54.3;41.9
31;2021-07-22;8149;11748;769118;599080;54.9;42.8
31;2021-07-23;7453;11799;776571;610879;55.4;43.6
31;2021-07-24;10280;10529;786851;621408;56.2;44.4
31;2021-07-25;7551;8778;794402;630186;56.7;45.0
31;2021-07-26;5512;9522;799914;639708;57.1;45.7
31;2021-07-27;7940;9180;807854;648888;57.7;46.3
31;2021-07-28;8636;8258;816490;657146;58.3;46.9
31;2021-07-29;8805;8020;825295;665166;58.9;47.5
31;2021-07-30;7631;7971;832926;673137;59.5;48.0
31;2021-07-31;5985;7384;838911;680521;59.9;48.6
31;2021-08-01;4397;4287;843308;684808;60.2;48.9
31;2021-08-02;5458;5411;848766;690219;60.6;49.3
31;2021-08-03;5839;5178;854605;695397;61.0;49.6
31;2021-08-04;5863;4789;860468;700186;61.4;50.0
31;2021-08-05;5527;7202;865995;707388;61.8;50.5
31;2021-08-06;5258;7323;871253;714711;62.2;51.0
31;2021-08-07;4573;6637;875826;721348;62.5;51.5
31;2021-08-08;3367;5562;879193;726910;62.8;51.9
31;2021-08-09;4366;7009;883559;733919;63.1;52.4
31;2021-08-10;4629;6270;888188;740189;63.4;52.8
31;2021-08-11;4506;5849;892694;746038;63.7;53.3
31;2021-08-12;4495;6739;897189;752777;64.0;53.7
31;2021-08-13;4090;6172;901279;758949;64.3;54.2
31;2021-08-14;3026;6447;904305;765396;64.6;54.6
31;2021-08-15;1289;4094;905594;769490;64.6;54.9
31;2021-08-16;3180;8110;908774;777600;64.9;55.5
31;2021-08-17;3368;7068;912142;784668;65.1;56.0
32;2020-12-27;0;0;0;0;0.0;0.0
32;2020-12-28;0;0;0;0;0.0;0.0
32;2020-12-29;0;0;0;0;0.0;0.0
32;2020-12-30;0;0;0;0;0.0;0.0
32;2020-12-31;0;0;0;0;0.0;0.0
32;2021-01-01;0;0;0;0;0.0;0.0
32;2021-01-02;0;0;0;0;0.0;0.0
32;2021-01-03;0;0;0;0;0.0;0.0
32;2021-01-04;3;0;3;0;0.0;0.0
32;2021-01-05;1;0;4;0;0.0;0.0
32;2021-01-06;2;0;6;0;0.0;0.0
32;2021-01-07;155;0;161;0;0.1;0.0
32;2021-01-08;70;0;231;0;0.1;0.0
32;2021-01-09;5;0;236;0;0.1;0.0
32;2021-01-10;1;0;237;0;0.1;0.0
32;2021-01-11;11;0;248;0;0.1;0.0
32;2021-01-12;96;0;344;0;0.2;0.0
32;2021-01-13;325;0;669;0;0.4;0.0
32;2021-01-14;377;3;1046;3;0.6;0.0
32;2021-01-15;448;1;1494;4;0.8;0.0
32;2021-01-16;16;2;1510;6;0.8;0.0
32;2021-01-17;1;0;1511;6;0.8;0.0
32;2021-01-18;345;1;1856;7;1.0;0.0
32;2021-01-19;418;0;2274;7;1.2;0.0
32;2021-01-20;358;0;2632;7;1.4;0.0
32;2021-01-21;582;0;3214;7;1.7;0.0
32;2021-01-22;372;0;3586;7;1.9;0.0
32;2021-01-23;180;0;3766;7;2.0;0.0
32;2021-01-24;5;0;3771;7;2.0;0.0
32;2021-01-25;468;1;4239;8;2.2;0.0
32;2021-01-26;608;0;4847;8;2.6;0.0
32;2021-01-27;701;4;5548;12;2.9;0.0
32;2021-01-28;687;15;6235;27;3.3;0.0
32;2021-01-29;460;53;6695;80;3.5;0.0
32;2021-01-30;260;0;6955;80;3.7;0.0
32;2021-01-31;4;5;6959;85;3.7;0.0
32;2021-02-01;288;58;7247;143;3.8;0.1
32;2021-02-02;638;139;7885;282;4.1;0.1
32;2021-02-03;338;200;8223;482;4.3;0.3
32;2021-02-04;426;279;8649;761;4.6;0.4
32;2021-02-05;348;360;8997;1121;4.7;0.6
32;2021-02-06;147;0;9144;1121;4.8;0.6
32;2021-02-07;0;36;9144;1157;4.8;0.6
32;2021-02-08;278;122;9422;1279;5.0;0.7
32;2021-02-09;309;229;9731;1508;5.1;0.8
32;2021-02-10;269;253;10000;1761;5.3;0.9
32;2021-02-11;382;317;10382;2078;5.5;1.1
32;2021-02-12;297;280;10679;2358;5.6;1.2
32;2021-02-13;249;1;10928;2359;5.8;1.2
32;2021-02-14;0;28;10928;2387;5.8;1.3
32;2021-02-15;25;212;10953;2599;5.8;1.4
32;2021-02-16;393;367;11346;2966;6.0;1.6
32;2021-02-17;191;474;11537;3440;6.1;1.8
32;2021-02-18;331;494;11868;3934;6.2;2.1
32;2021-02-19;185;278;12053;4212;6.3;2.2
32;2021-02-20;1;120;12054;4332;6.3;2.3
32;2021-02-21;0;0;12054;4332;6.3;2.3
32;2021-02-22;158;385;12212;4717;6.4;2.5
32;2021-02-23;431;566;12643;5283;6.7;2.8
32;2021-02-24;277;380;12920;5663;6.8;3.0
32;2021-02-25;481;518;13401;6181;7.1;3.3
32;2021-02-26;444;385;13845;6566;7.3;3.5
32;2021-02-27;157;246;14002;6812;7.4;3.6
32;2021-02-28;4;0;14006;6812;7.4;3.6
32;2021-03-01;51;300;14057;7112;7.4;3.7
32;2021-03-02;414;446;14471;7558;7.6;4.0
32;2021-03-03;276;292;14747;7850;7.8;4.1
32;2021-03-04;538;338;15285;8188;8.0;4.3
32;2021-03-05;436;249;15721;8437;8.3;4.4
32;2021-03-06;522;166;16243;8603;8.5;4.5
32;2021-03-07;25;5;16268;8608;8.6;4.5
32;2021-03-08;234;292;16502;8900;8.7;4.7
32;2021-03-09;643;329;17145;9229;9.0;4.9
32;2021-03-10;482;329;17627;9558;9.3;5.0
32;2021-03-11;854;293;18481;9851;9.7;5.2
32;2021-03-12;882;341;19363;10192;10.2;5.4
32;2021-03-13;492;248;19855;10440;10.4;5.5
32;2021-03-14;1;0;19856;10440;10.4;5.5
32;2021-03-15;267;26;20123;10466;10.6;5.5
32;2021-03-16;314;307;20437;10773;10.8;5.7
32;2021-03-17;150;156;20587;10929;10.8;5.8
32;2021-03-18;374;308;20961;11237;11.0;5.9
32;2021-03-19;404;182;21365;11419;11.2;6.0
32;2021-03-20;136;33;21501;11452;11.3;6.0
32;2021-03-21;0;0;21501;11452;11.3;6.0
32;2021-03-22;340;170;21841;11622;11.5;6.1
32;2021-03-23;560;399;22401;12021;11.8;6.3
32;2021-03-24;643;270;23044;12291;12.1;6.5
32;2021-03-25;899;417;23943;12708;12.6;6.7
32;2021-03-26;657;294;24600;13002;12.9;6.8
32;2021-03-27;165;3;24765;13005;13.0;6.8
32;2021-03-28;1;1;24766;13006;13.0;6.8
32;2021-03-29;371;48;25137;13054;13.2;6.9
32;2021-03-30;766;290;25903;13344;13.6;7.0
32;2021-03-31;654;173;26557;13517;14.0;7.1
32;2021-04-01;1238;321;27795;13838;14.6;7.3
32;2021-04-02;575;167;28370;14005;14.9;7.4
32;2021-04-03;114;0;28484;14005;15.0;7.4
32;2021-04-04;0;0;28484;14005;15.0;7.4
32;2021-04-05;0;0;28484;14005;15.0;7.4
32;2021-04-06;2645;309;31129;14314;16.4;7.5
32;2021-04-07;1178;204;32307;14518;17.0;7.6
32;2021-04-08;1737;406;34044;14924;17.9;7.9
32;2021-04-09;883;218;34927;15142;18.4;8.0
32;2021-04-10;808;29;35735;15171;18.8;8.0
32;2021-04-11;14;0;35749;15171;18.8;8.0
32;2021-04-12;477;23;36226;15194;19.1;8.0
32;2021-04-13;2469;383;38695;15577;20.4;8.2
32;2021-04-14;1227;263;39922;15840;21.0;8.3
32;2021-04-15;1704;392;41626;16232;21.9;8.5
32;2021-04-16;638;282;42264;16514;22.2;8.7
32;2021-04-17;781;38;43045;16552;22.7;8.7
32;2021-04-18;13;1;43058;16553;22.7;8.7
32;2021-04-19;502;46;43560;16599;22.9;8.7
32;2021-04-20;2472;389;46032;16988;24.2;8.9
32;2021-04-21;1009;301;47041;17289;24.8;9.1
32;2021-04-22;1662;321;48703;17610;25.6;9.3
32;2021-04-23;547;158;49250;17768;25.9;9.3
32;2021-04-24;1392;55;50642;17823;26.6;9.4
32;2021-04-25;0;11;50642;17834;26.6;9.4
32;2021-04-26;387;359;51029;18193;26.9;9.6
32;2021-04-27;2551;553;53580;18746;28.2;9.9
32;2021-04-28;971;356;54551;19102;28.7;10.1
32;2021-04-29;1009;885;55560;19987;29.2;10.5
32;2021-04-30;453;361;56013;20348;29.5;10.7
32;2021-05-01;2606;96;58619;20444;30.8;10.8
32;2021-05-02;0;0;58619;20444;30.8;10.8
32;2021-05-03;171;321;58790;20765;30.9;10.9
32;2021-05-04;793;2496;59583;23261;31.4;12.2
32;2021-05-05;2360;1097;61943;24358;32.6;12.8
32;2021-05-06;516;1661;62459;26019;32.9;13.7
32;2021-05-07;2286;538;64745;26557;34.1;14.0
32;2021-05-08;71;516;64816;27073;34.1;14.2
32;2021-05-09;21;179;64837;27252;34.1;14.3
32;2021-05-10;1993;551;66830;27803;35.2;14.6
32;2021-05-11;651;2276;67481;30079;35.5;15.8
32;2021-05-12;2313;1139;69794;31218;36.7;16.4
32;2021-05-13;281;1415;70075;32633;36.9;17.2
32;2021-05-14;2222;327;72297;32960;38.0;17.3
32;2021-05-15;134;712;72431;33672;38.1;17.7
32;2021-05-16;2;0;72433;33672;38.1;17.7
32;2021-05-17;353;170;72786;33842;38.3;17.8
32;2021-05-18;1642;297;74428;34139;39.2;18.0
32;2021-05-19;2474;274;76902;34413;40.5;18.1
32;2021-05-20;2887;473;79789;34886;42.0;18.4
32;2021-05-21;2534;501;82323;35387;43.3;18.6
32;2021-05-22;335;111;82658;35498;43.5;18.7
32;2021-05-23;2;13;82660;35511;43.5;18.7
32;2021-05-24;3;0;82663;35511;43.5;18.7
32;2021-05-25;1983;374;84646;35885;44.5;18.9
32;2021-05-26;2546;555;87192;36440;45.9;19.2
32;2021-05-27;2877;627;90069;37067;47.4;19.5
32;2021-05-28;2310;765;92379;37832;48.6;19.9
32;2021-05-29;372;312;92751;38144;48.8;20.1
32;2021-05-30;4;6;92755;38150;48.8;20.1
32;2021-05-31;1413;625;94168;38775;49.6;20.4
32;2021-06-01;565;2887;94733;41662;49.8;21.9
32;2021-06-02;1579;1354;96312;43016;50.7;22.6
32;2021-06-03;396;2086;96708;45102;50.9;23.7
32;2021-06-04;1837;830;98545;45932;51.9;24.2
32;2021-06-05;206;1663;98751;47595;52.0;25.0
32;2021-06-06;8;14;98759;47609;52.0;25.1
32;2021-06-07;103;418;98862;48027;52.0;25.3
32;2021-06-08;663;2540;99525;50567;52.4;26.6
32;2021-06-09;1191;1054;100716;51621;53.0;27.2
32;2021-06-10;684;1225;101400;52846;53.4;27.8
32;2021-06-11;927;663;102327;53509;53.8;28.2
32;2021-06-12;151;2679;102478;56188;53.9;29.6
32;2021-06-13;1;1;102479;56189;53.9;29.6
32;2021-06-14;529;210;103008;56399;54.2;29.7
32;2021-06-15;1734;1025;104742;57424;55.1;30.2
32;2021-06-16;850;2778;105592;60202;55.6;31.7
32;2021-06-17;860;829;106452;61031;56.0;32.1
32;2021-06-18;315;2724;106767;63755;56.2;33.5
32;2021-06-19;914;437;107681;64192;56.7;33.8
32;2021-06-20;5;13;107686;64205;56.7;33.8
32;2021-06-21;67;1994;107753;66199;56.7;34.8
32;2021-06-22;1043;969;108796;67168;57.2;35.3
32;2021-06-23;516;2183;109312;69351;57.5;36.5
32;2021-06-24;525;518;109837;69869;57.8;36.8
32;2021-06-25;500;2359;110337;72228;58.1;38.0
32;2021-06-26;108;171;110445;72399;58.1;38.1
32;2021-06-27;2;5;110447;72404;58.1;38.1
32;2021-06-28;629;601;111076;73005;58.4;38.4
32;2021-06-29;801;1984;111877;74989;58.9;39.5
32;2021-06-30;757;2724;112634;77713;59.3;40.9
32;2021-07-01;538;2639;113172;80352;59.6;42.3
32;2021-07-02;639;2334;113811;82686;59.9;43.5
32;2021-07-03;483;508;114294;83194;60.1;43.8
32;2021-07-04;1;12;114295;83206;60.1;43.8
32;2021-07-05;71;391;114366;83597;60.2;44.0
32;2021-07-06;877;2079;115243;85676;60.6;45.1
32;2021-07-07;778;2756;116021;88432;61.1;46.5
32;2021-07-08;476;2265;116497;90697;61.3;47.7
32;2021-07-09;615;2226;117112;92923;61.6;48.9
32;2021-07-10;536;521;117648;93444;61.9;49.2
32;2021-07-11;0;5;117648;93449;61.9;49.2
32;2021-07-12;527;1243;118175;94692;62.2;49.8
32;2021-07-13;1694;1815;119869;96507;63.1;50.8
32;2021-07-14;489;33;120358;96540;63.3;50.8
32;2021-07-15;2092;887;122450;97427;64.4;51.3
32;2021-07-16;1169;1911;123619;99338;65.0;52.3
32;2021-07-17;78;128;123697;99466;65.1;52.3
32;2021-07-18;2;5;123699;99471;65.1;52.3
32;2021-07-19;1994;144;125693;99615;66.1;52.4
32;2021-07-20;2033;1266;127726;100881;67.2;53.1
32;2021-07-21;1608;1689;129334;102570;68.1;54.0
32;2021-07-22;1945;501;131279;103071;69.1;54.2
32;2021-07-23;1400;1727;132679;104798;69.8;55.1
32;2021-07-24;138;119;132817;104917;69.9;55.2
32;2021-07-25;34;10;132851;104927;69.9;55.2
32;2021-07-26;1069;1068;133920;105995;70.5;55.8
32;2021-07-27;1718;2094;135638;108089;71.4;56.9
32;2021-07-28;687;975;136325;109064;71.7;57.4
32;2021-07-29;1686;1598;138011;110662;72.6;58.2
32;2021-07-30;362;349;138373;111011;72.8;58.4
32;2021-07-31;185;349;138558;111360;72.9;58.6
32;2021-08-01;17;4;138575;111364;72.9;58.6
32;2021-08-02;80;77;138655;111441;73.0;58.6
32;2021-08-03;1177;1789;139832;113230;73.6;59.6
32;2021-08-04;630;654;140462;113884;73.9;59.9
32;2021-08-05;1100;1936;141562;115820;74.5;60.9
32;2021-08-06;560;494;142122;116314;74.8;61.2
32;2021-08-07;148;93;142270;116407;74.9;61.3
32;2021-08-08;0;0;142270;116407;74.9;61.3
32;2021-08-09;261;1824;142531;118231;75.0;62.2
32;2021-08-10;713;2080;143244;120311;75.4;63.3
32;2021-08-11;576;445;143820;120756;75.7;63.5
32;2021-08-12;932;2100;144752;122856;76.2;64.6
32;2021-08-13;177;251;144929;123107;76.3;64.8
32;2021-08-14;102;118;145031;123225;76.3;64.8
32;2021-08-15;12;21;145043;123246;76.3;64.9
32;2021-08-16;41;39;145084;123285;76.3;64.9
32;2021-08-17;572;2298;145656;125583;76.6;66.1
33;2020-12-27;2;0;2;0;0.0;0.0
33;2020-12-28;3;0;5;0;0.0;0.0
33;2020-12-29;0;0;5;0;0.0;0.0
33;2020-12-30;0;0;5;0;0.0;0.0
33;2020-12-31;0;0;5;0;0.0;0.0
33;2021-01-01;0;0;5;0;0.0;0.0
33;2021-01-02;1;0;6;0;0.0;0.0
33;2021-01-03;0;0;6;0;0.0;0.0
33;2021-01-04;2;0;8;0;0.0;0.0
33;2021-01-05;2;0;10;0;0.0;0.0
33;2021-01-06;134;0;144;0;0.0;0.0
33;2021-01-07;1308;1;1452;1;0.1;0.0
33;2021-01-08;1199;2;2651;3;0.2;0.0
33;2021-01-09;297;1;2948;4;0.2;0.0
33;2021-01-10;229;0;3177;4;0.2;0.0
33;2021-01-11;627;0;3804;4;0.2;0.0
33;2021-01-12;1417;2;5221;6;0.3;0.0
33;2021-01-13;1313;8;6534;14;0.4;0.0
33;2021-01-14;1283;13;7817;27;0.5;0.0
33;2021-01-15;1607;11;9424;38;0.6;0.0
33;2021-01-16;566;8;9990;46;0.6;0.0
33;2021-01-17;406;4;10396;50;0.6;0.0
33;2021-01-18;1222;11;11618;61;0.7;0.0
33;2021-01-19;2922;4;14540;65;0.9;0.0
33;2021-01-20;3398;9;17938;74;1.1;0.0
33;2021-01-21;2856;5;20794;79;1.3;0.0
33;2021-01-22;2322;8;23116;87;1.4;0.0
33;2021-01-23;849;2;23965;89;1.5;0.0
33;2021-01-24;529;2;24494;91;1.5;0.0
33;2021-01-25;2170;61;26664;152;1.6;0.0
33;2021-01-26;2235;165;28899;317;1.8;0.0
33;2021-01-27;2251;209;31150;526;1.9;0.0
33;2021-01-28;2154;440;33304;966;2.0;0.1
33;2021-01-29;1818;692;35122;1658;2.2;0.1
33;2021-01-30;703;174;35825;1832;2.2;0.1
33;2021-01-31;388;156;36213;1988;2.2;0.1
33;2021-02-01;1456;649;37669;2637;2.3;0.2
33;2021-02-02;2643;1112;40312;3749;2.5;0.2
33;2021-02-03;2912;868;43224;4617;2.6;0.3
33;2021-02-04;4030;1354;47254;5971;2.9;0.4
33;2021-02-05;2189;1165;49443;7136;3.0;0.4
33;2021-02-06;643;201;50086;7337;3.1;0.4
33;2021-02-07;218;232;50304;7569;3.1;0.5
33;2021-02-08;1261;760;51565;8329;3.2;0.5
33;2021-02-09;1324;1688;52889;10017;3.2;0.6
33;2021-02-10;1263;1751;54152;11768;3.3;0.7
33;2021-02-11;1300;1447;55452;13215;3.4;0.8
33;2021-02-12;1115;1258;56567;14473;3.5;0.9
33;2021-02-13;202;294;56769;14767;3.5;0.9
33;2021-02-14;47;246;56816;15013;3.5;0.9
33;2021-02-15;686;1727;57502;16740;3.5;1.0
33;2021-02-16;812;2049;58314;18789;3.6;1.2
33;2021-02-17;666;2046;58980;20835;3.6;1.3
33;2021-02-18;897;2264;59877;23099;3.7;1.4
33;2021-02-19;915;2018;60792;25117;3.7;1.5
33;2021-02-20;77;659;60869;25776;3.7;1.6
33;2021-02-21;37;463;60906;26239;3.7;1.6
33;2021-02-22;705;1892;61611;28131;3.8;1.7
33;2021-02-23;1237;2747;62848;30878;3.8;1.9
33;2021-02-24;1395;2528;64243;33406;3.9;2.0
33;2021-02-25;2829;3762;67072;37168;4.1;2.3
33;2021-02-26;4055;2333;71127;39501;4.4;2.4
33;2021-02-27;1359;726;72486;40227;4.4;2.5
33;2021-02-28;125;519;72611;40746;4.4;2.5
33;2021-03-01;1532;1856;74143;42602;4.5;2.6
33;2021-03-02;2324;1746;76467;44348;4.7;2.7
33;2021-03-03;2304;1702;78771;46050;4.8;2.8
33;2021-03-04;3933;1671;82704;47721;5.1;2.9
33;2021-03-05;5755;1741;88459;49462;5.4;3.0
33;2021-03-06;3412;561;91871;50023;5.6;3.1
33;2021-03-07;741;160;92612;50183;5.7;3.1
33;2021-03-08;2712;1157;95324;51340;5.8;3.1
33;2021-03-09;4398;1340;99722;52680;6.1;3.2
33;2021-03-10;5119;1236;104841;53916;6.4;3.3
33;2021-03-11;7541;1236;112382;55152;6.9;3.4
33;2021-03-12;10115;1166;122497;56318;7.5;3.4
33;2021-03-13;5151;211;127648;56529;7.8;3.5
33;2021-03-14;713;24;128361;56553;7.9;3.5
33;2021-03-15;4439;682;132800;57235;8.1;3.5
33;2021-03-16;3582;875;136382;58110;8.3;3.6
33;2021-03-17;3637;941;140019;59051;8.6;3.6
33;2021-03-18;4036;1412;144055;60463;8.8;3.7
33;2021-03-19;6270;1027;150325;61490;9.2;3.8
33;2021-03-20;3367;100;153692;61590;9.4;3.8
33;2021-03-21;460;28;154152;61618;9.4;3.8
33;2021-03-22;4900;447;159052;62065;9.7;3.8
33;2021-03-23;6319;605;165371;62670;10.1;3.8
33;2021-03-24;7076;534;172447;63204;10.6;3.9
33;2021-03-25;8838;657;181285;63861;11.1;3.9
33;2021-03-26;10038;853;191323;64714;11.7;4.0
33;2021-03-27;3618;83;194941;64797;11.9;4.0
33;2021-03-28;577;33;195518;64830;12.0;4.0
33;2021-03-29;6768;703;202286;65533;12.4;4.0
33;2021-03-30;8097;1040;210383;66573;12.9;4.1
33;2021-03-31;7577;1063;217960;67636;13.3;4.1
33;2021-04-01;8817;1194;226777;68830;13.9;4.2
33;2021-04-02;8402;1555;235179;70385;14.4;4.3
33;2021-04-03;2832;523;238011;70908;14.6;4.3
33;2021-04-04;217;160;238228;71068;14.6;4.4
33;2021-04-05;690;122;238918;71190;14.6;4.4
33;2021-04-06;6048;2699;244966;73889;15.0;4.5
33;2021-04-07;7420;2569;252386;76458;15.5;4.7
33;2021-04-08;10320;2778;262706;79236;16.1;4.9
33;2021-04-09;12683;3089;275389;82325;16.9;5.0
33;2021-04-10;5353;1393;280742;83718;17.2;5.1
33;2021-04-11;1002;354;281744;84072;17.2;5.1
33;2021-04-12;7422;3276;289166;87348;17.7;5.3
33;2021-04-13;9314;3477;298480;90825;18.3;5.6
33;2021-04-14;9038;3635;307518;94460;18.8;5.8
33;2021-04-15;10105;3871;317623;98331;19.4;6.0
33;2021-04-16;9719;4226;327342;102557;20.0;6.3
33;2021-04-17;4653;1659;331995;104216;20.3;6.4
33;2021-04-18;929;413;332924;104629;20.4;6.4
33;2021-04-19;5615;3845;338539;108474;20.7;6.6
33;2021-04-20;7292;4262;345831;112736;21.2;6.9
33;2021-04-21;6595;4352;352426;117088;21.6;7.2
33;2021-04-22;7345;4474;359771;121562;22.0;7.4
33;2021-04-23;7705;4817;367476;126379;22.5;7.7
33;2021-04-24;4499;1801;371975;128180;22.8;7.8
33;2021-04-25;1651;418;373626;128598;22.9;7.9
33;2021-04-26;5262;5084;378888;133682;23.2;8.2
33;2021-04-27;6576;5601;385464;139283;23.6;8.5
33;2021-04-28;6778;5566;392242;144849;24.0;8.9
33;2021-04-29;8418;6231;400660;151080;24.5;9.2
33;2021-04-30;8737;6145;409397;157225;25.1;9.6
33;2021-05-01;2901;514;412298;157739;25.2;9.7
33;2021-05-02;1834;345;414132;158084;25.4;9.7
33;2021-05-03;7016;5220;421148;163304;25.8;10.0
33;2021-05-04;6829;6667;427977;169971;26.2;10.4
33;2021-05-05;7140;7569;435117;177540;26.6;10.9
33;2021-05-06;8705;8244;443822;185784;27.2;11.4
33;2021-05-07;8608;8911;452430;194695;27.7;11.9
33;2021-05-08;3541;1601;455971;196296;27.9;12.0
33;2021-05-09;1117;969;457088;197265;28.0;12.1
33;2021-05-10;6871;7317;463959;204582;28.4;12.5
33;2021-05-11;8637;7835;472596;212417;28.9;13.0
33;2021-05-12;9172;6697;481768;219114;29.5;13.4
33;2021-05-13;5209;2111;486977;221225;29.8;13.5
33;2021-05-14;8131;5359;495108;226584;30.3;13.9
33;2021-05-15;5181;2873;500289;229457;30.6;14.0
33;2021-05-16;1842;804;502131;230261;30.7;14.1
33;2021-05-17;8860;5109;510991;235370;31.3;14.4
33;2021-05-18;10619;4886;521610;240256;31.9;14.7
33;2021-05-19;10905;4793;532515;245049;32.6;15.0
33;2021-05-20;10908;5594;543423;250643;33.3;15.3
33;2021-05-21;10918;6259;554341;256902;33.9;15.7
33;2021-05-22;5122;2753;559463;259655;34.3;15.9
33;2021-05-23;1747;384;561210;260039;34.4;15.9
33;2021-05-24;5411;998;566621;261037;34.7;16.0
33;2021-05-25;9385;5770;576006;266807;35.3;16.3
33;2021-05-26;9679;6029;585685;272836;35.9;16.7
33;2021-05-27;10904;7720;596589;280556;36.5;17.2
33;2021-05-28;10065;9534;606654;290090;37.1;17.8
33;2021-05-29;5040;4113;611694;294203;37.4;18.0
33;2021-05-30;1701;667;613395;294870;37.6;18.1
33;2021-05-31;8556;6430;621951;301300;38.1;18.4
33;2021-06-01;11806;8726;633757;310026;38.8;19.0
33;2021-06-02;11712;8228;645469;318254;39.5;19.5
33;2021-06-03;12713;9200;658182;327454;40.3;20.0
33;2021-06-04;12936;10960;671118;338414;41.1;20.7
33;2021-06-05;5278;5066;676396;343480;41.4;21.0
33;2021-06-06;2526;1193;678922;344673;41.6;21.1
33;2021-06-07;9759;8498;688681;353171;42.2;21.6
33;2021-06-08;11934;9464;700615;362635;42.9;22.2
33;2021-06-09;11775;8538;712390;371173;43.6;22.7
33;2021-06-10;12953;8388;725343;379561;44.4;23.2
33;2021-06-11;12520;11183;737863;390744;45.2;23.9
33;2021-06-12;6188;4477;744051;395221;45.6;24.2
33;2021-06-13;2614;1282;746665;396503;45.7;24.3
33;2021-06-14;8581;10152;755246;406655;46.2;24.9
33;2021-06-15;12056;10275;767302;416930;47.0;25.5
33;2021-06-16;12051;8869;779353;425799;47.7;26.1
33;2021-06-17;13106;9619;792459;435418;48.5;26.7
33;2021-06-18;11790;11438;804249;446856;49.2;27.4
33;2021-06-19;5609;4815;809858;451671;49.6;27.7
33;2021-06-20;2945;1474;812803;453145;49.8;27.7
33;2021-06-21;7875;10164;820678;463309;50.2;28.4
33;2021-06-22;9060;11085;829738;474394;50.8;29.0
33;2021-06-23;8660;10844;838398;485238;51.3;29.7
33;2021-06-24;9741;9980;848139;495218;51.9;30.3
33;2021-06-25;8043;13715;856182;508933;52.4;31.2
33;2021-06-26;4341;5919;860523;514852;52.7;31.5
33;2021-06-27;2468;1961;862991;516813;52.8;31.6
33;2021-06-28;4872;12770;867863;529583;53.1;32.4
33;2021-06-29;6442;13646;874305;543229;53.5;33.3
33;2021-06-30;6675;13392;880980;556621;53.9;34.1
33;2021-07-01;8044;11815;889024;568436;54.4;34.8
33;2021-07-02;6811;15111;895835;583547;54.8;35.7
33;2021-07-03;3212;6779;899047;590326;55.0;36.1
33;2021-07-04;2066;2380;901113;592706;55.2;36.3
33;2021-07-05;4390;12912;905503;605618;55.4;37.1
33;2021-07-06;6141;14598;911644;620216;55.8;38.0
33;2021-07-07;6877;13051;918521;633267;56.2;38.8
33;2021-07-08;7947;12746;926468;646013;56.7;39.5
33;2021-07-09;6461;15105;932929;661118;57.1;40.5
33;2021-07-10;3107;7160;936036;668278;57.3;40.9
33;2021-07-11;1843;2298;937879;670576;57.4;41.1
33;2021-07-12;3931;14701;941810;685277;57.7;42.0
33;2021-07-13;7141;16106;948951;701383;58.1;42.9
33;2021-07-14;3683;5315;952634;706698;58.3;43.3
33;2021-07-15;7604;15969;960238;722667;58.8;44.2
33;2021-07-16;8558;15143;968796;737810;59.3;45.2
33;2021-07-17;3112;6434;971908;744244;59.5;45.6
33;2021-07-18;1694;3206;973602;747450;59.6;45.8
33;2021-07-19;5821;15103;979423;762553;60.0;46.7
33;2021-07-20;7387;16131;986810;778684;60.4;47.7
33;2021-07-21;8333;14543;995143;793227;60.9;48.6
33;2021-07-22;9332;15119;1004475;808346;61.5;49.5
33;2021-07-23;9593;16360;1014068;824706;62.1;50.5
33;2021-07-24;3805;7556;1017873;832262;62.3;51.0
33;2021-07-25;2083;2661;1019956;834923;62.4;51.1
33;2021-07-26;6906;13426;1026862;848349;62.9;51.9
33;2021-07-27;9989;13399;1036851;861748;63.5;52.8
33;2021-07-28;10851;11970;1047702;873718;64.1;53.5
33;2021-07-29;11588;11896;1059290;885614;64.9;54.2
33;2021-07-30;11309;12211;1070599;897825;65.5;55.0
33;2021-07-31;4712;5646;1075311;903471;65.8;55.3
33;2021-08-01;2464;1947;1077775;905418;66.0;55.4
33;2021-08-02;8306;9881;1086081;915299;66.5;56.0
33;2021-08-03;11428;9012;1097509;924311;67.2;56.6
33;2021-08-04;11821;7340;1109330;931651;67.9;57.0
33;2021-08-05;11827;8008;1121157;939659;68.6;57.5
33;2021-08-06;11129;9035;1132286;948694;69.3;58.1
33;2021-08-07;5881;4503;1138167;953197;69.7;58.4
33;2021-08-08;3188;1815;1141355;955012;69.9;58.5
33;2021-08-09;8586;8714;1149941;963726;70.4;59.0
33;2021-08-10;9293;8412;1159234;972138;71.0;59.5
33;2021-08-11;8055;7557;1167289;979695;71.5;60.0
33;2021-08-12;7919;8000;1175208;987695;71.9;60.5
33;2021-08-13;7719;7646;1182927;995341;72.4;60.9
33;2021-08-14;3476;4315;1186403;999656;72.6;61.2
33;2021-08-15;1195;1873;1187598;1001529;72.7;61.3
33;2021-08-16;6386;8624;1193984;1010153;73.1;61.8
33;2021-08-17;6504;9030;1200488;1019183;73.5;62.4
34;2020-12-27;1;0;1;0;0.0;0.0
34;2020-12-28;1;0;2;0;0.0;0.0
34;2020-12-29;0;0;2;0;0.0;0.0
34;2020-12-30;0;0;2;0;0.0;0.0
34;2020-12-31;0;0;2;0;0.0;0.0
34;2021-01-01;1;0;3;0;0.0;0.0
34;2021-01-02;2;0;5;0;0.0;0.0
34;2021-01-03;0;0;5;0;0.0;0.0
34;2021-01-04;21;0;26;0;0.0;0.0
34;2021-01-05;106;2;132;2;0.0;0.0
34;2021-01-06;198;1;330;3;0.0;0.0
34;2021-01-07;364;0;694;3;0.1;0.0
34;2021-01-08;606;0;1300;3;0.1;0.0
34;2021-01-09;244;0;1544;3;0.1;0.0
34;2021-01-10;95;1;1639;4;0.1;0.0
34;2021-01-11;567;2;2206;6;0.2;0.0
34;2021-01-12;1007;1;3213;7;0.3;0.0
34;2021-01-13;1098;6;4311;13;0.4;0.0
34;2021-01-14;1957;13;6268;26;0.5;0.0
34;2021-01-15;1469;5;7737;31;0.7;0.0
34;2021-01-16;331;7;8068;38;0.7;0.0
34;2021-01-17;233;1;8301;39;0.7;0.0
34;2021-01-18;1125;4;9426;43;0.8;0.0
34;2021-01-19;1610;7;11036;50;0.9;0.0
34;2021-01-20;2063;9;13099;59;1.1;0.0
34;2021-01-21;4214;10;17313;69;1.5;0.0
34;2021-01-22;2549;8;19862;77;1.7;0.0
34;2021-01-23;599;2;20461;79;1.7;0.0
34;2021-01-24;2;0;20463;79;1.7;0.0
34;2021-01-25;1241;5;21704;84;1.8;0.0
34;2021-01-26;1458;21;23162;105;2.0;0.0
34;2021-01-27;1467;23;24629;128;2.1;0.0
34;2021-01-28;1392;125;26021;253;2.2;0.0
34;2021-01-29;1258;136;27279;389;2.3;0.0
34;2021-01-30;479;25;27758;414;2.4;0.0
34;2021-01-31;4;0;27762;414;2.4;0.0
34;2021-02-01;1028;250;28790;664;2.4;0.1
34;2021-02-02;1458;444;30248;1108;2.6;0.1
34;2021-02-03;2655;526;32903;1634;2.8;0.1
34;2021-02-04;2307;886;35210;2520;3.0;0.2
34;2021-02-05;1889;1183;37099;3703;3.2;0.3
34;2021-02-06;491;238;37590;3941;3.2;0.3
34;2021-02-07;31;107;37621;4048;3.2;0.3
34;2021-02-08;860;1065;38481;5113;3.3;0.4
34;2021-02-09;1031;1311;39512;6424;3.4;0.5
34;2021-02-10;1293;1509;40805;7933;3.5;0.7
34;2021-02-11;1788;2711;42593;10644;3.6;0.9
34;2021-02-12;1921;1647;44514;12291;3.8;1.0
34;2021-02-13;356;513;44870;12804;3.8;1.1
34;2021-02-14;21;287;44891;13091;3.8;1.1
34;2021-02-15;673;1212;45564;14303;3.9;1.2
34;2021-02-16;665;1532;46229;15835;3.9;1.3
34;2021-02-17;711;1526;46940;17361;4.0;1.5
34;2021-02-18;836;1495;47776;18856;4.1;1.6
34;2021-02-19;815;1229;48591;20085;4.1;1.7
34;2021-02-20;301;485;48892;20570;4.2;1.7
34;2021-02-21;64;18;48956;20588;4.2;1.8
34;2021-02-22;629;1305;49585;21893;4.2;1.9
34;2021-02-23;562;1481;50147;23374;4.3;2.0
34;2021-02-24;937;2341;51084;25715;4.3;2.2
34;2021-02-25;1605;2280;52689;27995;4.5;2.4
34;2021-02-26;1850;1626;54539;29621;4.6;2.5
34;2021-02-27;701;434;55240;30055;4.7;2.6
34;2021-02-28;86;64;55326;30119;4.7;2.6
34;2021-03-01;928;1163;56254;31282;4.8;2.7
34;2021-03-02;1588;1282;57842;32564;4.9;2.8
34;2021-03-03;1832;1411;59674;33975;5.1;2.9
34;2021-03-04;2862;1626;62536;35601;5.3;3.0
34;2021-03-05;3686;1544;66222;37145;5.6;3.2
34;2021-03-06;2643;206;68865;37351;5.9;3.2
34;2021-03-07;1242;78;70107;37429;6.0;3.2
34;2021-03-08;2780;1013;72887;38442;6.2;3.3
34;2021-03-09;4014;1452;76901;39894;6.5;3.4
34;2021-03-10;3991;1336;80892;41230;6.9;3.5
34;2021-03-11;5434;1301;86326;42531;7.3;3.6
34;2021-03-12;6493;928;92819;43459;7.9;3.7
34;2021-03-13;3134;178;95953;43637;8.2;3.7
34;2021-03-14;1001;54;96954;43691;8.2;3.7
34;2021-03-15;3300;566;100254;44257;8.5;3.8
34;2021-03-16;2913;661;103167;44918;8.8;3.8
34;2021-03-17;3303;733;106470;45651;9.1;3.9
34;2021-03-18;3446;920;109916;46571;9.3;4.0
34;2021-03-19;4690;793;114606;47364;9.7;4.0
34;2021-03-20;3145;61;117751;47425;10.0;4.0
34;2021-03-21;1993;60;119744;47485;10.2;4.0
34;2021-03-22;3682;466;123426;47951;10.5;4.1
34;2021-03-23;4959;540;128385;48491;10.9;4.1
34;2021-03-24;5215;647;133600;49138;11.4;4.2
34;2021-03-25;7197;717;140797;49855;12.0;4.2
34;2021-03-26;7168;574;147965;50429;12.6;4.3
34;2021-03-27;2372;82;150337;50511;12.8;4.3
34;2021-03-28;699;18;151036;50529;12.8;4.3
34;2021-03-29;4184;762;155220;51291;13.2;4.4
34;2021-03-30;5219;972;160439;52263;13.6;4.4
34;2021-03-31;5066;1199;165505;53462;14.1;4.5
34;2021-04-01;7033;1032;172538;54494;14.7;4.6
34;2021-04-02;5820;1184;178358;55678;15.2;4.7
34;2021-04-03;1138;87;179496;55765;15.3;4.7
34;2021-04-04;165;5;179661;55770;15.3;4.7
34;2021-04-05;432;26;180093;55796;15.3;4.7
34;2021-04-06;3132;2458;183225;58254;15.6;5.0
34;2021-04-07;3384;2644;186609;60898;15.9;5.2
34;2021-04-08;5251;2819;191860;63717;16.3;5.4
34;2021-04-09;8072;2493;199932;66210;17.0;5.6
34;2021-04-10;3166;1369;203098;67579;17.3;5.7
34;2021-04-11;1715;809;204813;68388;17.4;5.8
34;2021-04-12;4485;2525;209298;70913;17.8;6.0
34;2021-04-13;5237;3059;214535;73972;18.2;6.3
34;2021-04-14;5617;3233;220152;77205;18.7;6.6
34;2021-04-15;6995;3168;227147;80373;19.3;6.8
34;2021-04-16;6573;3166;233720;83539;19.9;7.1
34;2021-04-17;2375;2068;236095;85607;20.1;7.3
34;2021-04-18;988;1721;237083;87328;20.2;7.4
34;2021-04-19;3421;3126;240504;90454;20.4;7.7
34;2021-04-20;3763;3668;244267;94122;20.8;8.0
34;2021-04-21;4244;3727;248511;97849;21.1;8.3
34;2021-04-22;4484;4615;252995;102464;21.5;8.7
34;2021-04-23;5370;3528;258365;105992;22.0;9.0
34;2021-04-24;3163;1579;261528;107571;22.2;9.1
34;2021-04-25;1919;647;263447;108218;22.4;9.2
34;2021-04-26;4219;3477;267666;111695;22.8;9.5
34;2021-04-27;5127;4021;272793;115716;23.2;9.8
34;2021-04-28;5766;3548;278559;119264;23.7;10.1
34;2021-04-29;6419;3947;284978;123211;24.2;10.5
34;2021-04-30;7868;3294;292846;126505;24.9;10.8
34;2021-05-01;2403;501;295249;127006;25.1;10.8
34;2021-05-02;3260;322;298509;127328;25.4;10.8
34;2021-05-03;6574;2899;305083;130227;25.9;11.1
34;2021-05-04;7110;3802;312193;134029;26.5;11.4
34;2021-05-05;6498;4532;318691;138561;27.1;11.8
34;2021-05-06;6944;5210;325635;143771;27.7;12.2
34;2021-05-07;6928;5682;332563;149453;28.3;12.7
34;2021-05-08;3607;1169;336170;150622;28.6;12.8
34;2021-05-09;2179;1287;338349;151909;28.8;12.9
34;2021-05-10;5860;4810;344209;156719;29.3;13.3
34;2021-05-11;7414;5333;351623;162052;29.9;13.8
34;2021-05-12;7751;4467;359374;166519;30.6;14.2
34;2021-05-13;6120;778;365494;167297;31.1;14.2
34;2021-05-14;7486;3732;372980;171029;31.7;14.5
34;2021-05-15;4864;1691;377844;172720;32.1;14.7
34;2021-05-16;4951;459;382795;173179;32.5;14.7
34;2021-05-17;8691;1983;391486;175162;33.3;14.9
34;2021-05-18;9142;1973;400628;177135;34.1;15.1
34;2021-05-19;8628;1809;409256;178944;34.8;15.2
34;2021-05-20;8867;2508;418123;181452;35.6;15.4
34;2021-05-21;8783;3223;426906;184675;36.3;15.7
34;2021-05-22;5789;1149;432695;185824;36.8;15.8
34;2021-05-23;3883;548;436578;186372;37.1;15.8
34;2021-05-24;1897;851;438475;187223;37.3;15.9
34;2021-05-25;7140;3816;445615;191039;37.9;16.2
34;2021-05-26;8323;3032;453938;194071;38.6;16.5
34;2021-05-27;8316;4301;462254;198372;39.3;16.9
34;2021-05-28;8048;5447;470302;203819;40.0;17.3
34;2021-05-29;4006;3111;474308;206930;40.3;17.6
34;2021-05-30;1987;1393;476295;208323;40.5;17.7
34;2021-05-31;5879;5261;482174;213584;41.0;18.2
34;2021-06-01;6950;6116;489124;219700;41.6;18.7
34;2021-06-02;6133;5813;495257;225513;42.1;19.2
34;2021-06-03;7710;6496;502967;232009;42.8;19.7
34;2021-06-04;7657;7592;510624;239601;43.4;20.4
34;2021-06-05;4139;3675;514763;243276;43.8;20.7
34;2021-06-06;3270;1867;518033;245143;44.0;20.8
34;2021-06-07;4419;6765;522452;251908;44.4;21.4
34;2021-06-08;5859;6824;528311;258732;44.9;22.0
34;2021-06-09;5825;6837;534136;265569;45.4;22.6
34;2021-06-10;6315;6873;540451;272442;46.0;23.2
34;2021-06-11;5398;9278;545849;281720;46.4;24.0
34;2021-06-12;3169;4725;549018;286445;46.7;24.4
34;2021-06-13;1080;1907;550098;288352;46.8;24.5
34;2021-06-14;3446;7820;553544;296172;47.1;25.2
34;2021-06-15;3950;8793;557494;304965;47.4;25.9
34;2021-06-16;4609;7852;562103;312817;47.8;26.6
34;2021-06-17;4218;7956;566321;320773;48.2;27.3
34;2021-06-18;4345;9330;570666;330103;48.5;28.1
34;2021-06-19;2736;4404;573402;334507;48.8;28.4
34;2021-06-20;890;2873;574292;337380;48.8;28.7
34;2021-06-21;2176;8559;576468;345939;49.0;29.4
34;2021-06-22;2970;9411;579438;355350;49.3;30.2
34;2021-06-23;3517;8976;582955;364326;49.6;31.0
34;2021-06-24;3551;8681;586506;373007;49.9;31.7
34;2021-06-25;3369;10433;589875;383440;50.2;32.6
34;2021-06-26;1643;6189;591518;389629;50.3;33.1
34;2021-06-27;306;4270;591824;393899;50.3;33.5
34;2021-06-28;2263;9434;594087;403333;50.5;34.3
34;2021-06-29;2682;10297;596769;413630;50.7;35.2
34;2021-06-30;3289;9550;600058;423180;51.0;36.0
34;2021-07-01;3442;9439;603500;432619;51.3;36.8
34;2021-07-02;3367;9741;606867;442360;51.6;37.6
34;2021-07-03;1677;6160;608544;448520;51.7;38.1
34;2021-07-04;310;2764;608854;451284;51.8;38.4
34;2021-07-05;3211;7999;612065;459283;52.0;39.0
34;2021-07-06;3440;9182;615505;468465;52.3;39.8
34;2021-07-07;3248;8642;618753;477107;52.6;40.6
34;2021-07-08;4266;8858;623019;485965;53.0;41.3
34;2021-07-09;3930;9336;626949;495301;53.3;42.1
34;2021-07-10;2133;5716;629082;501017;53.5;42.6
34;2021-07-11;923;2578;630005;503595;53.6;42.8
34;2021-07-12;2850;8967;632855;512562;53.8;43.6
34;2021-07-13;4561;10035;637416;522597;54.2;44.4
34;2021-07-14;740;349;638156;522946;54.3;44.5
34;2021-07-15;5799;10380;643955;533326;54.8;45.3
34;2021-07-16;5757;10711;649712;544037;55.2;46.3
34;2021-07-17;4464;4408;654176;548445;55.6;46.6
34;2021-07-18;230;198;654406;548643;55.6;46.6
34;2021-07-19;5069;8322;659475;556965;56.1;47.4
34;2021-07-20;6802;8375;666277;565340;56.6;48.1
34;2021-07-21;7515;7785;673792;573125;57.3;48.7
34;2021-07-22;7401;8160;681193;581285;57.9;49.4
34;2021-07-23;7764;8135;688957;589420;58.6;50.1
34;2021-07-24;5997;3033;694954;592453;59.1;50.4
34;2021-07-25;3206;534;698160;592987;59.4;50.4
34;2021-07-26;6212;6424;704372;599411;59.9;51.0
34;2021-07-27;8360;6007;712732;605418;60.6;51.5
34;2021-07-28;9185;5871;721917;611289;61.4;52.0
34;2021-07-29;11236;5999;733153;617288;62.3;52.5
34;2021-07-30;9726;6488;742879;623776;63.2;53.0
34;2021-07-31;6396;2165;749275;625941;63.7;53.2
34;2021-08-01;3268;605;752543;626546;64.0;53.3
34;2021-08-02;7283;5016;759826;631562;64.6;53.7
34;2021-08-03;8065;5365;767891;636927;65.3;54.2
34;2021-08-04;8261;4532;776152;641459;66.0;54.5
34;2021-08-05;7057;4981;783209;646440;66.6;55.0
34;2021-08-06;5842;5187;789051;651627;67.1;55.4
34;2021-08-07;3072;2420;792123;654047;67.3;55.6
34;2021-08-08;192;196;792315;654243;67.4;55.6
34;2021-08-09;4717;6144;797032;660387;67.8;56.1
34;2021-08-10;5329;6451;802361;666838;68.2;56.7
34;2021-08-11;4806;6520;807167;673358;68.6;57.3
34;2021-08-12;4522;6173;811689;679531;69.0;57.8
34;2021-08-13;4032;5700;815721;685231;69.4;58.3
34;2021-08-14;1768;2864;817489;688095;69.5;58.5
34;2021-08-15;194;185;817683;688280;69.5;58.5
34;2021-08-16;2840;7531;820523;695811;69.8;59.2
34;2021-08-17;3484;8245;824007;704056;70.1;59.9
35;2020-12-27;0;0;0;0;0.0;0.0
35;2020-12-28;0;0;0;0;0.0;0.0
35;2020-12-29;2;0;2;0;0.0;0.0
35;2020-12-30;0;0;2;0;0.0;0.0
35;2020-12-31;1;0;3;0;0.0;0.0
35;2021-01-01;3;0;6;0;0.0;0.0
35;2021-01-02;1;0;7;0;0.0;0.0
35;2021-01-03;0;0;7;0;0.0;0.0
35;2021-01-04;10;0;17;0;0.0;0.0
35;2021-01-05;110;0;127;0;0.0;0.0
35;2021-01-06;175;0;302;0;0.0;0.0
35;2021-01-07;439;1;741;1;0.1;0.0
35;2021-01-08;512;1;1253;2;0.1;0.0
35;2021-01-09;31;0;1284;2;0.1;0.0
35;2021-01-10;2;0;1286;2;0.1;0.0
35;2021-01-11;538;0;1824;2;0.2;0.0
35;2021-01-12;886;2;2710;4;0.3;0.0
35;2021-01-13;967;1;3677;5;0.3;0.0
35;2021-01-14;1261;19;4938;24;0.5;0.0
35;2021-01-15;728;2;5666;26;0.5;0.0
35;2021-01-16;188;2;5854;28;0.5;0.0
35;2021-01-17;43;0;5897;28;0.5;0.0
35;2021-01-18;1222;2;7119;30;0.7;0.0
35;2021-01-19;5406;14;12525;44;1.2;0.0
35;2021-01-20;3211;7;15736;51;1.5;0.0
35;2021-01-21;3635;5;19371;56;1.8;0.0
35;2021-01-22;2089;10;21460;66;2.0;0.0
35;2021-01-23;421;1;21881;67;2.0;0.0
35;2021-01-24;50;0;21931;67;2.0;0.0
35;2021-01-25;914;17;22845;84;2.1;0.0
35;2021-01-26;1129;140;23974;224;2.2;0.0
35;2021-01-27;1031;126;25005;350;2.3;0.0
35;2021-01-28;915;298;25920;648;2.4;0.1
35;2021-01-29;724;292;26644;940;2.5;0.1
35;2021-01-30;139;20;26783;960;2.5;0.1
35;2021-01-31;0;0;26783;960;2.5;0.1
35;2021-02-01;668;335;27451;1295;2.5;0.1
35;2021-02-02;726;486;28177;1781;2.6;0.2
35;2021-02-03;659;506;28836;2287;2.7;0.2
35;2021-02-04;589;657;29425;2944;2.7;0.3
35;2021-02-05;624;563;30049;3507;2.8;0.3
35;2021-02-06;171;5;30220;3512;2.8;0.3
35;2021-02-07;1;0;30221;3512;2.8;0.3
35;2021-02-08;447;658;30668;4170;2.8;0.4
35;2021-02-09;1715;3557;32383;7727;3.0;0.7
35;2021-02-10;1366;2728;33749;10455;3.1;1.0
35;2021-02-11;1944;3232;35693;13687;3.3;1.3
35;2021-02-12;1662;1738;37355;15425;3.5;1.4
35;2021-02-13;57;254;37412;15679;3.5;1.4
35;2021-02-14;7;68;37419;15747;3.5;1.5
35;2021-02-15;771;1101;38190;16848;3.5;1.6
35;2021-02-16;920;1023;39110;17871;3.6;1.7
35;2021-02-17;891;1095;40001;18966;3.7;1.8
35;2021-02-18;1014;1001;41015;19967;3.8;1.8
35;2021-02-19;1011;971;42026;20938;3.9;1.9
35;2021-02-20;143;49;42169;20987;3.9;1.9
35;2021-02-21;5;0;42174;20987;3.9;1.9
35;2021-02-22;775;833;42949;21820;4.0;2.0
35;2021-02-23;1287;866;44236;22686;4.1;2.1
35;2021-02-24;1403;817;45639;23503;4.2;2.2
35;2021-02-25;2247;784;47886;24287;4.4;2.2
35;2021-02-26;2601;734;50487;25021;4.7;2.3
35;2021-02-27;869;103;51356;25124;4.7;2.3
35;2021-02-28;9;0;51365;25124;4.7;2.3
35;2021-03-01;960;694;52325;25818;4.8;2.4
35;2021-03-02;1633;1997;53958;27815;5.0;2.6
35;2021-03-03;1911;972;55869;28787;5.2;2.7
35;2021-03-04;2918;1413;58787;30200;5.4;2.8
35;2021-03-05;3713;1344;62500;31544;5.8;2.9
35;2021-03-06;1340;87;63840;31631;5.9;2.9
35;2021-03-07;1;40;63841;31671;5.9;2.9
35;2021-03-08;1471;585;65312;32256;6.0;3.0
35;2021-03-09;3233;607;68545;32863;6.3;3.0
35;2021-03-10;2904;563;71449;33426;6.6;3.1
35;2021-03-11;4197;717;75646;34143;7.0;3.2
35;2021-03-12;6047;601;81693;34744;7.5;3.2
35;2021-03-13;2426;133;84119;34877;7.8;3.2
35;2021-03-14;18;25;84137;34902;7.8;3.2
35;2021-03-15;1964;669;86101;35571;8.0;3.3
35;2021-03-16;2502;730;88603;36301;8.2;3.4
35;2021-03-17;2393;604;90996;36905;8.4;3.4
35;2021-03-18;2333;597;93329;37502;8.6;3.5
35;2021-03-19;3544;507;96873;38009;9.0;3.5
35;2021-03-20;1537;112;98410;38121;9.1;3.5
35;2021-03-21;38;1;98448;38122;9.1;3.5
35;2021-03-22;1750;842;100198;38964;9.3;3.6
35;2021-03-23;3625;1186;103823;40150;9.6;3.7
35;2021-03-24;3730;994;107553;41144;9.9;3.8
35;2021-03-25;5330;997;112883;42141;10.4;3.9
35;2021-03-26;5847;817;118730;42958;11.0;4.0
35;2021-03-27;1415;211;120145;43169;11.1;4.0
35;2021-03-28;4;0;120149;43169;11.1;4.0
35;2021-03-29;2780;912;122929;44081;11.4;4.1
35;2021-03-30;4291;1331;127220;45412;11.8;4.2
35;2021-03-31;3469;1340;130689;46752;12.1;4.3
35;2021-04-01;4250;1236;134939;47988;12.5;4.4
35;2021-04-02;4865;1210;139804;49198;12.9;4.5
35;2021-04-03;763;214;140567;49412;13.0;4.6
35;2021-04-04;5;0;140572;49412;13.0;4.6
35;2021-04-05;20;1;140592;49413;13.0;4.6
35;2021-04-06;3278;2037;143870;51450;13.3;4.8
35;2021-04-07;3962;1845;147832;53295;13.7;4.9
35;2021-04-08;5804;1593;153636;54888;14.2;5.1
35;2021-04-09;7427;1414;161063;56302;14.9;5.2
35;2021-04-10;1861;252;162924;56554;15.1;5.2
35;2021-04-11;35;23;162959;56577;15.1;5.2
35;2021-04-12;5137;1601;168096;58178;15.5;5.4
35;2021-04-13;7615;2786;175711;60964;16.2;5.6
35;2021-04-14;6317;2300;182028;63264;16.8;5.8
35;2021-04-15;7567;2173;189595;65437;17.5;6.0
35;2021-04-16;8079;1757;197674;67194;18.3;6.2
35;2021-04-17;1571;222;199245;67416;18.4;6.2
35;2021-04-18;10;4;199255;67420;18.4;6.2
35;2021-04-19;4818;1670;204073;69090;18.9;6.4
35;2021-04-20;5161;2638;209234;71728;19.3;6.6
35;2021-04-21;5130;2205;214364;73933;19.8;6.8
35;2021-04-22;6426;2323;220790;76256;20.4;7.0
35;2021-04-23;6823;2362;227613;78618;21.0;7.3
35;2021-04-24;1130;261;228743;78879;21.1;7.3
35;2021-04-25;8;16;228751;78895;21.1;7.3
35;2021-04-26;5102;2157;233853;81052;21.6;7.5
35;2021-04-27;6086;3206;239939;84258;22.2;7.8
35;2021-04-28;6171;2566;246110;86824;22.7;8.0
35;2021-04-29;7114;2755;253224;89579;23.4;8.3
35;2021-04-30;7559;2541;260783;92120;24.1;8.5
35;2021-05-01;618;239;261401;92359;24.2;8.5
35;2021-05-02;15;21;261416;92380;24.2;8.5
35;2021-05-03;5308;2332;266724;94712;24.6;8.8
35;2021-05-04;5074;5339;271798;100051;25.1;9.2
35;2021-05-05;4881;4444;276679;104495;25.6;9.7
35;2021-05-06;6173;5275;282852;109770;26.1;10.1
35;2021-05-07;5620;5256;288472;115026;26.7;10.6
35;2021-05-08;1720;135;290192;115161;26.8;10.6
35;2021-05-09;696;75;290888;115236;26.9;10.6
35;2021-05-10;3724;4959;294612;120195;27.2;11.1
35;2021-05-11;4778;5808;299390;126003;27.7;11.6
35;2021-05-12;5287;5498;304677;131501;28.2;12.2
35;2021-05-13;2700;1428;307377;132929;28.4;12.3
35;2021-05-14;5458;4286;312835;137215;28.9;12.7
35;2021-05-15;2929;716;315764;137931;29.2;12.7
35;2021-05-16;998;61;316762;137992;29.3;12.8
35;2021-05-17;4474;3883;321236;141875;29.7;13.1
35;2021-05-18;5836;4327;327072;146202;30.2;13.5
35;2021-05-19;5867;3628;332939;149830;30.8;13.8
35;2021-05-20;6448;4010;339387;153840;31.4;14.2
35;2021-05-21;6137;4767;345524;158607;31.9;14.7
35;2021-05-22;2116;739;347640;159346;32.1;14.7
35;2021-05-23;688;46;348328;159392;32.2;14.7
35;2021-05-24;3206;1297;351534;160689;32.5;14.9
35;2021-05-25;5541;4277;357075;164966;33.0;15.2
35;2021-05-26;5726;4168;362801;169134;33.5;15.6
35;2021-05-27;6524;4785;369325;173919;34.1;16.1
35;2021-05-28;6333;5579;375658;179498;34.7;16.6
35;2021-05-29;2875;1149;378533;180647;35.0;16.7
35;2021-05-30;877;39;379410;180686;35.1;16.7
35;2021-05-31;6309;4392;385719;185078;35.6;17.1
35;2021-06-01;7367;5123;393086;190201;36.3;17.6
35;2021-06-02;7222;3797;400308;193998;37.0;17.9
35;2021-06-03;8155;4995;408463;198993;37.7;18.4
35;2021-06-04;7276;7462;415739;206455;38.4;19.1
35;2021-06-05;4139;1584;419878;208039;38.8;19.2
35;2021-06-06;3055;148;422933;208187;39.1;19.2
35;2021-06-07;5781;5777;428714;213964;39.6;19.8
35;2021-06-08;7599;5954;436313;219918;40.3;20.3
35;2021-06-09;8462;4820;444775;224738;41.1;20.8
35;2021-06-10;9345;4748;454120;229486;42.0;21.2
35;2021-06-11;8636;7478;462756;236964;42.8;21.9
35;2021-06-12;4687;1207;467443;238171;43.2;22.0
35;2021-06-13;3386;225;470829;238396;43.5;22.0
35;2021-06-14;6233;6519;477062;244915;44.1;22.6
35;2021-06-15;7506;6964;484568;251879;44.8;23.3
35;2021-06-16;8318;5626;492886;257505;45.6;23.8
35;2021-06-17;8890;5902;501776;263407;46.4;24.3
35;2021-06-18;8719;8105;510495;271512;47.2;25.1
35;2021-06-19;1502;2511;511997;274023;47.3;25.3
35;2021-06-20;2955;885;514952;274908;47.6;25.4
35;2021-06-21;5933;6382;520885;281290;48.1;26.0
35;2021-06-22;6839;7499;527724;288789;48.8;26.7
35;2021-06-23;7254;6146;534978;294935;49.4;27.3
35;2021-06-24;8366;5925;543344;300860;50.2;27.8
35;2021-06-25;6629;8479;549973;309339;50.8;28.6
35;2021-06-26;1106;3076;551079;312415;50.9;28.9
35;2021-06-27;2637;1031;553716;313446;51.2;29.0
35;2021-06-28;4294;7759;558010;321205;51.6;29.7
35;2021-06-29;5090;7973;563100;329178;52.0;30.4
35;2021-06-30;5600;7893;568700;337071;52.6;31.2
35;2021-07-01;6573;7547;575273;344618;53.2;31.8
35;2021-07-02;5331;9859;580604;354477;53.7;32.8
35;2021-07-03;1079;2840;581683;357317;53.8;33.0
35;2021-07-04;2149;1554;583832;358871;54.0;33.2
35;2021-07-05;3731;8207;587563;367078;54.3;33.9
35;2021-07-06;4786;9470;592349;376548;54.7;34.8
35;2021-07-07;5045;8320;597394;384868;55.2;35.6
35;2021-07-08;5370;8484;602764;393352;55.7;36.4
35;2021-07-09;3898;11545;606662;404897;56.1;37.4
35;2021-07-10;889;3148;607551;408045;56.1;37.7
35;2021-07-11;1298;2357;608849;410402;56.3;37.9
35;2021-07-12;3108;9150;611957;419552;56.6;38.8
35;2021-07-13;3970;10752;615927;430304;56.9;39.8
35;2021-07-14;2147;4450;618074;434754;57.1;40.2
35;2021-07-15;4276;10184;622350;444938;57.5;41.1
35;2021-07-16;4783;11013;627133;455951;58.0;42.1
35;2021-07-17;1981;4070;629114;460021;58.1;42.5
35;2021-07-18;843;2569;629957;462590;58.2;42.8
35;2021-07-19;3238;8982;633195;471572;58.5;43.6
35;2021-07-20;4208;10593;637403;482165;58.9;44.6
35;2021-07-21;4313;9390;641716;491555;59.3;45.4
35;2021-07-22;4817;9668;646533;501223;59.7;46.3
35;2021-07-23;4537;11023;651070;512246;60.2;47.3
35;2021-07-24;1581;4270;652651;516516;60.3;47.7
35;2021-07-25;813;2846;653464;519362;60.4;48.0
35;2021-07-26;3868;8742;657332;528104;60.7;48.8
35;2021-07-27;5210;9656;662542;537760;61.2;49.7
35;2021-07-28;5270;8678;667812;546438;61.7;50.5
35;2021-07-29;6055;8340;673867;554778;62.3;51.3
35;2021-07-30;5846;9085;679713;563863;62.8;52.1
35;2021-07-31;2290;3658;682003;567521;63.0;52.4
35;2021-08-01;1512;2414;683515;569935;63.2;52.7
35;2021-08-02;4694;6954;688209;576889;63.6;53.3
35;2021-08-03;6649;7590;694858;584479;64.2;54.0
35;2021-08-04;6631;6591;701489;591070;64.8;54.6
35;2021-08-05;6607;6979;708096;598049;65.4;55.3
35;2021-08-06;5978;7305;714074;605354;66.0;55.9
35;2021-08-07;2093;3149;716167;608503;66.2;56.2
35;2021-08-08;1520;2250;717687;610753;66.3;56.4
35;2021-08-09;4579;5529;722266;616282;66.7;57.0
35;2021-08-10;6526;6356;728792;622638;67.4;57.5
35;2021-08-11;6431;5850;735223;628488;67.9;58.1
35;2021-08-12;6949;5563;742172;634051;68.6;58.6
35;2021-08-13;6560;5041;748732;639092;69.2;59.1
35;2021-08-14;3032;1975;751764;641067;69.5;59.2
35;2021-08-15;2464;1246;754228;642313;69.7;59.4
35;2021-08-16;4831;5266;759059;647579;70.1;59.8
35;2021-08-17;6300;6039;765359;653618;70.7;60.4
36;2020-12-27;0;0;0;0;0.0;0.0
36;2020-12-28;0;0;0;0;0.0;0.0
36;2020-12-29;0;0;0;0;0.0;0.0
36;2020-12-30;0;0;0;0;0.0;0.0
36;2020-12-31;0;0;0;0;0.0;0.0
36;2021-01-01;0;0;0;0;0.0;0.0
36;2021-01-02;0;0;0;0;0.0;0.0
36;2021-01-03;0;0;0;0;0.0;0.0
36;2021-01-04;2;0;2;0;0.0;0.0
36;2021-01-05;0;0;2;0;0.0;0.0
36;2021-01-06;24;0;26;0;0.0;0.0
36;2021-01-07;51;0;77;0;0.0;0.0
36;2021-01-08;111;0;188;0;0.1;0.0
36;2021-01-09;83;0;271;0;0.1;0.0
36;2021-01-10;142;0;413;0;0.2;0.0
36;2021-01-11;239;1;652;1;0.3;0.0
36;2021-01-12;282;0;934;1;0.4;0.0
36;2021-01-13;198;1;1132;2;0.5;0.0
36;2021-01-14;505;4;1637;6;0.8;0.0
36;2021-01-15;179;1;1816;7;0.8;0.0
36;2021-01-16;24;1;1840;8;0.8;0.0
36;2021-01-17;19;2;1859;10;0.9;0.0
36;2021-01-18;613;4;2472;14;1.1;0.0
36;2021-01-19;1175;2;3647;16;1.7;0.0
36;2021-01-20;1102;3;4749;19;2.2;0.0
36;2021-01-21;721;0;5470;19;2.5;0.0
36;2021-01-22;857;2;6327;21;2.9;0.0
36;2021-01-23;295;0;6622;21;3.0;0.0
36;2021-01-24;185;1;6807;22;3.1;0.0
36;2021-01-25;640;4;7447;26;3.4;0.0
36;2021-01-26;610;1;8057;27;3.7;0.0
36;2021-01-27;848;19;8905;46;4.1;0.0
36;2021-01-28;477;44;9382;90;4.3;0.0
36;2021-01-29;573;98;9955;188;4.6;0.1
36;2021-01-30;288;72;10243;260;4.7;0.1
36;2021-01-31;115;135;10358;395;4.8;0.2
36;2021-02-01;378;100;10736;495;4.9;0.2
36;2021-02-02;410;174;11146;669;5.1;0.3
36;2021-02-03;473;264;11619;933;5.4;0.4
36;2021-02-04;275;276;11894;1209;5.5;0.6
36;2021-02-05;302;164;12196;1373;5.6;0.6
36;2021-02-06;1;0;12197;1373;5.6;0.6
36;2021-02-07;1;0;12198;1373;5.6;0.6
36;2021-02-08;280;259;12478;1632;5.7;0.8
36;2021-02-09;327;606;12805;2238;5.9;1.0
36;2021-02-10;490;655;13295;2893;6.1;1.3
36;2021-02-11;384;597;13679;3490;6.3;1.6
36;2021-02-12;303;461;13982;3951;6.4;1.8
36;2021-02-13;126;83;14108;4034;6.5;1.9
36;2021-02-14;22;44;14130;4078;6.5;1.9
36;2021-02-15;42;575;14172;4653;6.5;2.1
36;2021-02-16;107;418;14279;5071;6.6;2.3
36;2021-02-17;117;625;14396;5696;6.6;2.6
36;2021-02-18;161;616;14557;6312;6.7;2.9
36;2021-02-19;181;541;14738;6853;6.8;3.2
36;2021-02-20;86;239;14824;7092;6.8;3.3
36;2021-02-21;87;157;14911;7249;6.9;3.3
36;2021-02-22;162;508;15073;7757;6.9;3.6
36;2021-02-23;62;575;15135;8332;7.0;3.8
36;2021-02-24;112;681;15247;9013;7.0;4.2
36;2021-02-25;251;283;15498;9296;7.1;4.3
36;2021-02-26;339;471;15837;9767;7.3;4.5
36;2021-02-27;72;277;15909;10044;7.3;4.6
36;2021-02-28;13;97;15922;10141;7.3;4.7
36;2021-03-01;218;343;16140;10484;7.4;4.8
36;2021-03-02;352;365;16492;10849;7.6;5.0
36;2021-03-03;394;532;16886;11381;7.8;5.2
36;2021-03-04;662;357;17548;11738;8.1;5.4
36;2021-03-05;799;297;18347;12035;8.4;5.5
36;2021-03-06;410;17;18757;12052;8.6;5.6
36;2021-03-07;339;7;19096;12059;8.8;5.6
36;2021-03-08;251;315;19347;12374;8.9;5.7
36;2021-03-09;449;269;19796;12643;9.1;5.8
36;2021-03-10;724;410;20520;13053;9.5;6.0
36;2021-03-11;838;245;21358;13298;9.8;6.1
36;2021-03-12;1446;297;22804;13595;10.5;6.3
36;2021-03-13;575;129;23379;13724;10.8;6.3
36;2021-03-14;113;1;23492;13725;10.8;6.3
36;2021-03-15;648;158;24140;13883;11.1;6.4
36;2021-03-16;447;67;24587;13950;11.3;6.4
36;2021-03-17;765;91;25352;14041;11.7;6.5
36;2021-03-18;414;72;25766;14113;11.9;6.5
36;2021-03-19;738;40;26504;14153;12.2;6.5
36;2021-03-20;451;27;26955;14180;12.4;6.5
36;2021-03-21;0;0;26955;14180;12.4;6.5
36;2021-03-22;497;58;27452;14238;12.6;6.6
36;2021-03-23;777;57;28229;14295;13.0;6.6
36;2021-03-24;1089;75;29318;14370;13.5;6.6
36;2021-03-25;1337;89;30655;14459;14.1;6.7
36;2021-03-26;1419;156;32074;14615;14.8;6.7
36;2021-03-27;475;43;32549;14658;15.0;6.8
36;2021-03-28;68;57;32617;14715;15.0;6.8
36;2021-03-29;461;184;33078;14899;15.2;6.9
36;2021-03-30;582;265;33660;15164;15.5;7.0
36;2021-03-31;1263;170;34923;15334;16.1;7.1
36;2021-04-01;1085;432;36008;15766;16.6;7.3
36;2021-04-02;965;140;36973;15906;17.0;7.3
36;2021-04-03;282;181;37255;16087;17.2;7.4
36;2021-04-04;42;2;37297;16089;17.2;7.4
36;2021-04-05;15;46;37312;16135;17.2;7.4
36;2021-04-06;821;361;38133;16496;17.6;7.6
36;2021-04-07;1073;540;39206;17036;18.1;7.8
36;2021-04-08;1347;479;40553;17515;18.7;8.1
36;2021-04-09;1939;405;42492;17920;19.6;8.3
36;2021-04-10;591;243;43083;18163;19.8;8.4
36;2021-04-11;256;90;43339;18253;20.0;8.4
36;2021-04-12;849;561;44188;18814;20.4;8.7
36;2021-04-13;1140;517;45328;19331;20.9;8.9
36;2021-04-14;1582;863;46910;20194;21.6;9.3
36;2021-04-15;1654;471;48564;20665;22.4;9.5
36;2021-04-16;1488;466;50052;21131;23.1;9.7
36;2021-04-17;893;249;50945;21380;23.5;9.8
36;2021-04-18;383;7;51328;21387;23.6;9.8
36;2021-04-19;874;445;52202;21832;24.0;10.1
36;2021-04-20;1145;522;53347;22354;24.6;10.3
36;2021-04-21;1240;877;54587;23231;25.1;10.7
36;2021-04-22;1593;871;56180;24102;25.9;11.1
36;2021-04-23;1327;617;57507;24719;26.5;11.4
36;2021-04-24;678;380;58185;25099;26.8;11.6
36;2021-04-25;413;95;58598;25194;27.0;11.6
36;2021-04-26;1134;448;59732;25642;27.5;11.8
36;2021-04-27;1279;555;61011;26197;28.1;12.1
36;2021-04-28;1488;1063;62499;27260;28.8;12.6
36;2021-04-29;2016;707;64515;27967;29.7;12.9
36;2021-04-30;1553;457;66068;28424;30.4;13.1
36;2021-05-01;724;65;66792;28489;30.8;13.1
36;2021-05-02;498;63;67290;28552;31.0;13.1
36;2021-05-03;1292;311;68582;28863;31.6;13.3
36;2021-05-04;780;808;69362;29671;31.9;13.7
36;2021-05-05;1283;1306;70645;30977;32.5;14.3
36;2021-05-06;2138;795;72783;31772;33.5;14.6
36;2021-05-07;1469;768;74252;32540;34.2;15.0
36;2021-05-08;306;104;74558;32644;34.3;15.0
36;2021-05-09;175;343;74733;32987;34.4;15.2
36;2021-05-10;1216;816;75949;33803;35.0;15.6
36;2021-05-11;1725;1251;77674;35054;35.8;16.1
36;2021-05-12;1825;1484;79499;36538;36.6;16.8
36;2021-05-13;548;306;80047;36844;36.9;17.0
36;2021-05-14;701;1039;80748;37883;37.2;17.4
36;2021-05-15;635;591;81383;38474;37.5;17.7
36;2021-05-16;337;377;81720;38851;37.6;17.9
36;2021-05-17;614;943;82334;39794;37.9;18.3
36;2021-05-18;874;938;83208;40732;38.3;18.8
36;2021-05-19;1333;844;84541;41576;38.9;19.1
36;2021-05-20;1611;1210;86152;42786;39.7;19.7
36;2021-05-21;1107;1069;87259;43855;40.2;20.2
36;2021-05-22;678;342;87937;44197;40.5;20.4
36;2021-05-23;428;296;88365;44493;40.7;20.5
36;2021-05-24;505;469;88870;44962;40.9;20.7
36;2021-05-25;1045;685;89915;45647;41.4;21.0
36;2021-05-26;1473;1166;91388;46813;42.1;21.6
36;2021-05-27;1397;976;92785;47789;42.7;22.0
36;2021-05-28;921;1482;93706;49271;43.2;22.7
36;2021-05-29;700;507;94406;49778;43.5;22.9
36;2021-05-30;111;573;94517;50351;43.5;23.2
36;2021-05-31;1137;763;95654;51114;44.1;23.5
36;2021-06-01;1412;826;97066;51940;44.7;23.9
36;2021-06-02;2061;613;99127;52553;45.7;24.2
36;2021-06-03;1902;1200;101029;53753;46.5;24.8
36;2021-06-04;1774;1046;102803;54799;47.3;25.2
36;2021-06-05;692;658;103495;55457;47.7;25.5
36;2021-06-06;336;273;103831;55730;47.8;25.7
36;2021-06-07;983;809;104814;56539;48.3;26.0
36;2021-06-08;959;981;105773;57520;48.7;26.5
36;2021-06-09;1674;1069;107447;58589;49.5;27.0
36;2021-06-10;1532;1380;108979;59969;50.2;27.6
36;2021-06-11;1289;1500;110268;61469;50.8;28.3
36;2021-06-12;920;783;111188;62252;51.2;28.7
36;2021-06-13;343;269;111531;62521;51.4;28.8
36;2021-06-14;606;1270;112137;63791;51.6;29.4
36;2021-06-15;732;1216;112869;65007;52.0;29.9
36;2021-06-16;902;1519;113771;66526;52.4;30.6
36;2021-06-17;750;1905;114521;68431;52.7;31.5
36;2021-06-18;706;1881;115227;70312;53.1;32.4
36;2021-06-19;295;395;115522;70707;53.2;32.6
36;2021-06-20;235;327;115757;71034;53.3;32.7
36;2021-06-21;686;1449;116443;72483;53.6;33.4
36;2021-06-22;840;1551;117283;74034;54.0;34.1
36;2021-06-23;773;1792;118056;75826;54.4;34.9
36;2021-06-24;855;1526;118911;77352;54.8;35.6
36;2021-06-25;942;1222;119853;78574;55.2;36.2
36;2021-06-26;325;602;120178;79176;55.3;36.5
36;2021-06-27;105;267;120283;79443;55.4;36.6
36;2021-06-28;698;926;120981;80369;55.7;37.0
36;2021-06-29;688;1459;121669;81828;56.0;37.7
36;2021-06-30;837;2150;122506;83978;56.4;38.7
36;2021-07-01;351;1082;122857;85060;56.6;39.2
36;2021-07-02;745;1846;123602;86906;56.9;40.0
36;2021-07-03;466;884;124068;87790;57.1;40.4
36;2021-07-04;185;325;124253;88115;57.2;40.6
36;2021-07-05;495;1334;124748;89449;57.5;41.2
36;2021-07-06;490;1221;125238;90670;57.7;41.8
36;2021-07-07;586;1792;125824;92462;57.9;42.6
36;2021-07-08;548;1706;126372;94168;58.2;43.4
36;2021-07-09;783;1654;127155;95822;58.6;44.1
36;2021-07-10;469;1119;127624;96941;58.8;44.6
36;2021-07-11;257;154;127881;97095;58.9;44.7
36;2021-07-12;330;1627;128211;98722;59.0;45.5
36;2021-07-13;311;1936;128522;100658;59.2;46.4
36;2021-07-14;374;763;128896;101421;59.4;46.7
36;2021-07-15;915;2166;129811;103587;59.8;47.7
36;2021-07-16;627;1874;130438;105461;60.1;48.6
36;2021-07-17;398;858;130836;106319;60.3;49.0
36;2021-07-18;196;407;131032;106726;60.3;49.2
36;2021-07-19;551;1457;131583;108183;60.6;49.8
36;2021-07-20;776;1410;132359;109593;61.0;50.5
36;2021-07-21;710;1984;133069;111577;61.3;51.4
36;2021-07-22;1137;1686;134206;113263;61.8;52.2
36;2021-07-23;966;1745;135172;115008;62.3;53.0
36;2021-07-24;607;805;135779;115813;62.5;53.3
36;2021-07-25;148;404;135927;116217;62.6;53.5
36;2021-07-26;947;1085;136874;117302;63.0;54.0
36;2021-07-27;807;1354;137681;118656;63.4;54.6
36;2021-07-28;1381;1398;139062;120054;64.0;55.3
36;2021-07-29;1705;1312;140767;121366;64.8;55.9
36;2021-07-30;1442;1322;142209;122688;65.5;56.5
36;2021-07-31;931;535;143140;123223;65.9;56.7
36;2021-08-01;205;240;143345;123463;66.0;56.9
36;2021-08-02;1112;890;144457;124353;66.5;57.3
36;2021-08-03;1271;993;145728;125346;67.1;57.7
36;2021-08-04;1689;938;147417;126284;67.9;58.2
36;2021-08-05;1815;902;149232;127186;68.7;58.6
36;2021-08-06;1410;870;150642;128056;69.4;59.0
36;2021-08-07;538;523;151180;128579;69.6;59.2
36;2021-08-08;293;154;151473;128733;69.8;59.3
36;2021-08-09;817;844;152290;129577;70.1;59.7
36;2021-08-10;1064;1013;153354;130590;70.6;60.1
36;2021-08-11;1345;854;154699;131444;71.2;60.5
36;2021-08-12;1150;849;155849;132293;71.8;60.9
36;2021-08-13;1177;774;157026;133067;72.3;61.3
36;2021-08-14;424;837;157450;133904;72.5;61.7
36;2021-08-15;363;113;157813;134017;72.7;61.7
36;2021-08-16;605;955;158418;134972;73.0;62.2
36;2021-08-17;767;1000;159185;135972;73.3;62.6
37;2020-12-27;0;0;0;0;0.0;0.0
37;2020-12-28;17;0;17;0;0.0;0.0
37;2020-12-29;10;0;27;0;0.0;0.0
37;2020-12-30;0;0;27;0;0.0;0.0
37;2020-12-31;0;0;27;0;0.0;0.0
37;2021-01-01;0;0;27;0;0.0;0.0
37;2021-01-02;0;0;27;0;0.0;0.0
37;2021-01-03;0;0;27;0;0.0;0.0
37;2021-01-04;21;0;48;0;0.0;0.0
37;2021-01-05;47;0;95;0;0.0;0.0
37;2021-01-06;79;0;174;0;0.0;0.0
37;2021-01-07;115;0;289;0;0.0;0.0
37;2021-01-08;442;2;731;2;0.1;0.0
37;2021-01-09;79;0;810;2;0.1;0.0
37;2021-01-10;83;0;893;2;0.1;0.0
37;2021-01-11;280;0;1173;2;0.2;0.0
37;2021-01-12;659;4;1832;6;0.3;0.0
37;2021-01-13;560;1;2392;7;0.4;0.0
37;2021-01-14;522;3;2914;10;0.5;0.0
37;2021-01-15;628;1;3542;11;0.6;0.0
37;2021-01-16;304;2;3846;13;0.6;0.0
37;2021-01-17;262;1;4108;14;0.7;0.0
37;2021-01-18;734;8;4842;22;0.8;0.0
37;2021-01-19;1244;10;6086;32;1.0;0.0
37;2021-01-20;1038;3;7124;35;1.2;0.0
37;2021-01-21;854;1;7978;36;1.3;0.0
37;2021-01-22;767;2;8745;38;1.4;0.0
37;2021-01-23;173;0;8918;38;1.5;0.0
37;2021-01-24;0;0;8918;38;1.5;0.0
37;2021-01-25;538;13;9456;51;1.6;0.0
37;2021-01-26;1813;65;11269;116;1.9;0.0
37;2021-01-27;1523;76;12792;192;2.1;0.0
37;2021-01-28;1530;95;14322;287;2.4;0.0
37;2021-01-29;632;309;14954;596;2.5;0.1
37;2021-01-30;202;62;15156;658;2.5;0.1
37;2021-01-31;15;64;15171;722;2.5;0.1
37;2021-02-01;332;199;15503;921;2.6;0.2
37;2021-02-02;523;527;16026;1448;2.6;0.2
37;2021-02-03;660;351;16686;1799;2.8;0.3
37;2021-02-04;546;409;17232;2208;2.8;0.4
37;2021-02-05;465;443;17697;2651;2.9;0.4
37;2021-02-06;189;2;17886;2653;3.0;0.4
37;2021-02-07;20;1;17906;2654;3.0;0.4
37;2021-02-08;331;321;18237;2975;3.0;0.5
37;2021-02-09;625;709;18862;3684;3.1;0.6
37;2021-02-10;662;510;19524;4194;3.2;0.7
37;2021-02-11;612;563;20136;4757;3.3;0.8
37;2021-02-12;489;554;20625;5311;3.4;0.9
37;2021-02-13;155;207;20780;5518;3.4;0.9
37;2021-02-14;1;71;20781;5589;3.4;0.9
37;2021-02-15;425;479;21206;6068;3.5;1.0
37;2021-02-16;841;1448;22047;7516;3.6;1.2
37;2021-02-17;635;1372;22682;8888;3.7;1.5
37;2021-02-18;910;1415;23592;10303;3.9;1.7
37;2021-02-19;795;839;24387;11142;4.0;1.8
37;2021-02-20;245;210;24632;11352;4.1;1.9
37;2021-02-21;5;1;24637;11353;4.1;1.9
37;2021-02-22;336;580;24973;11933;4.1;2.0
37;2021-02-23;604;632;25577;12565;4.2;2.1
37;2021-02-24;572;620;26149;13185;4.3;2.2
37;2021-02-25;875;614;27024;13799;4.5;2.3
37;2021-02-26;1115;580;28139;14379;4.6;2.4
37;2021-02-27;584;189;28723;14568;4.7;2.4
37;2021-02-28;23;0;28746;14568;4.7;2.4
37;2021-03-01;603;361;29349;14929;4.8;2.5
37;2021-03-02;1090;544;30439;15473;5.0;2.6
37;2021-03-03;971;549;31410;16022;5.2;2.6
37;2021-03-04;1605;480;33015;16502;5.5;2.7
37;2021-03-05;2129;561;35144;17063;5.8;2.8
37;2021-03-06;1165;212;36309;17275;6.0;2.9
37;2021-03-07;471;66;36780;17341;6.1;2.9
37;2021-03-08;666;400;37446;17741;6.2;2.9
37;2021-03-09;1652;702;39098;18443;6.5;3.0
37;2021-03-10;1607;746;40705;19189;6.7;3.2
37;2021-03-11;2046;698;42751;19887;7.1;3.3
37;2021-03-12;3207;474;45958;20361;7.6;3.4
37;2021-03-13;1950;192;47908;20553;7.9;3.4
37;2021-03-14;206;4;48114;20557;7.9;3.4
37;2021-03-15;1069;250;49183;20807;8.1;3.4
37;2021-03-16;1048;530;50231;21337;8.3;3.5
37;2021-03-17;935;280;51166;21617;8.5;3.6
37;2021-03-18;1033;524;52199;22141;8.6;3.7
37;2021-03-19;2218;338;54417;22479;9.0;3.7
37;2021-03-20;1331;140;55748;22619;9.2;3.7
37;2021-03-21;204;4;55952;22623;9.2;3.7
37;2021-03-22;1287;242;57239;22865;9.5;3.8
37;2021-03-23;2256;569;59495;23434;9.8;3.9
37;2021-03-24;2246;463;61741;23897;10.2;3.9
37;2021-03-25;2981;443;64722;24340;10.7;4.0
37;2021-03-26;3524;409;68246;24749;11.3;4.1
37;2021-03-27;1175;127;69421;24876;11.5;4.1
37;2021-03-28;139;1;69560;24877;11.5;4.1
37;2021-03-29;1604;345;71164;25222;11.8;4.2
37;2021-03-30;2524;623;73688;25845;12.2;4.3
37;2021-03-31;2046;483;75734;26328;12.5;4.3
37;2021-04-01;2599;969;78333;27297;12.9;4.5
37;2021-04-02;2813;668;81146;27965;13.4;4.6
37;2021-04-03;817;222;81963;28187;13.5;4.7
37;2021-04-04;104;1;82067;28188;13.6;4.7
37;2021-04-05;3;0;82070;28188;13.6;4.7
37;2021-04-06;2238;778;84308;28966;13.9;4.8
37;2021-04-07;3171;862;87479;29828;14.5;4.9
37;2021-04-08;4041;968;91520;30796;15.1;5.1
37;2021-04-09;4543;947;96063;31743;15.9;5.2
37;2021-04-10;1328;431;97391;32174;16.1;5.3
37;2021-04-11;104;1;97495;32175;16.1;5.3
37;2021-04-12;2641;675;100136;32850;16.5;5.4
37;2021-04-13;4112;1158;104248;34008;17.2;5.6
37;2021-04-14;3044;895;107292;34903;17.7;5.8
37;2021-04-15;3758;1017;111050;35920;18.3;5.9
37;2021-04-16;4359;1222;115409;37142;19.1;6.1
37;2021-04-17;1147;222;116556;37364;19.3;6.2
37;2021-04-18;97;3;116653;37367;19.3;6.2
37;2021-04-19;2482;849;119135;38216;19.7;6.3
37;2021-04-20;3234;1337;122369;39553;20.2;6.5
37;2021-04-21;2930;1156;125299;40709;20.7;6.7
37;2021-04-22;3456;1400;128755;42109;21.3;7.0
37;2021-04-23;3691;1810;132446;43919;21.9;7.3
37;2021-04-24;1007;387;133453;44306;22.0;7.3
37;2021-04-25;45;2;133498;44308;22.1;7.3
37;2021-04-26;2968;1346;136466;45654;22.5;7.5
37;2021-04-27;4184;1816;140650;47470;23.2;7.8
37;2021-04-28;3462;1946;144112;49416;23.8;8.2
37;2021-04-29;4583;2019;148695;51435;24.6;8.5
37;2021-04-30;5055;1989;153750;53424;25.4;8.8
37;2021-05-01;638;212;154388;53636;25.5;8.9
37;2021-05-02;104;15;154492;53651;25.5;8.9
37;2021-05-03;2670;1956;157162;55607;26.0;9.2
37;2021-05-04;3733;2720;160895;58327;26.6;9.6
37;2021-05-05;3499;2088;164394;60415;27.2;10.0
37;2021-05-06;4995;1945;169389;62360;28.0;10.3
37;2021-05-07;4686;2884;174075;65244;28.8;10.8
37;2021-05-08;538;312;174613;65556;28.8;10.8
37;2021-05-09;63;41;174676;65597;28.9;10.8
37;2021-05-10;2160;3487;176836;69084;29.2;11.4
37;2021-05-11;3867;3883;180703;72967;29.8;12.1
37;2021-05-12;4039;2547;184742;75514;30.5;12.5
37;2021-05-13;1137;515;185879;76029;30.7;12.6
37;2021-05-14;4045;2683;189924;78712;31.4;13.0
37;2021-05-15;2323;744;192247;79456;31.8;13.1
37;2021-05-16;22;71;192269;79527;31.8;13.1
37;2021-05-17;2764;2055;195033;81582;32.2;13.5
37;2021-05-18;3874;2362;198907;83944;32.9;13.9
37;2021-05-19;3495;1806;202402;85750;33.4;14.2
37;2021-05-20;4752;1778;207154;87528;34.2;14.5
37;2021-05-21;4525;2570;211679;90098;35.0;14.9
37;2021-05-22;1077;751;212756;90849;35.1;15.0
37;2021-05-23;73;89;212829;90938;35.2;15.0
37;2021-05-24;513;106;213342;91044;35.2;15.0
37;2021-05-25;5123;2178;218465;93222;36.1;15.4
37;2021-05-26;4929;2097;223394;95319;36.9;15.7
37;2021-05-27;5986;2370;229380;97689;37.9;16.1
37;2021-05-28;6023;3263;235403;100952;38.9;16.7
37;2021-05-29;1521;1167;236924;102119;39.1;16.9
37;2021-05-30;55;160;236979;102279;39.1;16.9
37;2021-05-31;3647;2530;240626;104809;39.7;17.3
37;2021-06-01;5845;3622;246471;108431;40.7;17.9
37;2021-06-02;5076;2455;251547;110886;41.6;18.3
37;2021-06-03;6087;2880;257634;113766;42.6;18.8
37;2021-06-04;5510;4204;263144;117970;43.5;19.5
37;2021-06-05;1855;1305;264999;119275;43.8;19.7
37;2021-06-06;49;197;265048;119472;43.8;19.7
37;2021-06-07;3022;4164;268070;123636;44.3;20.4
37;2021-06-08;4200;4656;272270;128292;45.0;21.2
37;2021-06-09;3884;3569;276154;131861;45.6;21.8
37;2021-06-10;5268;3620;281422;135481;46.5;22.4
37;2021-06-11;4977;4839;286399;140320;47.3;23.2
37;2021-06-12;3553;1348;289952;141668;47.9;23.4
37;2021-06-13;15;164;289967;141832;47.9;23.4
37;2021-06-14;2667;4039;292634;145871;48.3;24.1
37;2021-06-15;3900;4781;296534;150652;49.0;24.9
37;2021-06-16;3257;3602;299791;154254;49.5;25.5
37;2021-06-17;4010;4495;303801;158749;50.2;26.2
37;2021-06-18;4705;5069;308506;163818;51.0;27.1
37;2021-06-19;2519;1102;311025;164920;51.4;27.2
37;2021-06-20;9;183;311034;165103;51.4;27.3
37;2021-06-21;2419;3826;313453;168929;51.8;27.9
37;2021-06-22;2969;5009;316422;173938;52.3;28.7
37;2021-06-23;2628;3646;319050;177584;52.7;29.3
37;2021-06-24;2864;3545;321914;181129;53.2;29.9
37;2021-06-25;3309;4882;325223;186011;53.7;30.7
37;2021-06-26;1240;3085;326463;189096;53.9;31.2
37;2021-06-27;23;142;326486;189238;53.9;31.3
37;2021-06-28;1702;4512;328188;193750;54.2;32.0
37;2021-06-29;1902;6224;330090;199974;54.5;33.0
37;2021-06-30;1870;4440;331960;204414;54.8;33.8
37;2021-07-01;2126;4792;334086;209206;55.2;34.6
37;2021-07-02;2679;5592;336765;214798;55.6;35.5
37;2021-07-03;945;2138;337710;216936;55.8;35.8
37;2021-07-04;4;104;337714;217040;55.8;35.9
37;2021-07-05;1708;5145;339422;222185;56.1;36.7
37;2021-07-06;2003;6763;341425;228948;56.4;37.8
37;2021-07-07;1944;5459;343369;234407;56.7;38.7
37;2021-07-08;2460;6662;345829;241069;57.1;39.8
37;2021-07-09;1983;7638;347812;248707;57.5;41.1
37;2021-07-10;1013;2615;348825;251322;57.6;41.5
37;2021-07-11;26;96;348851;251418;57.6;41.5
37;2021-07-12;1132;5987;349983;257405;57.8;42.5
37;2021-07-13;1614;7824;351597;265229;58.1;43.8
37;2021-07-14;524;406;352121;265635;58.2;43.9
37;2021-07-15;2621;7495;354742;273130;58.6;45.1
37;2021-07-16;2757;7803;357499;280933;59.1;46.4
37;2021-07-17;1202;2446;358701;283379;59.3;46.8
37;2021-07-18;50;53;358751;283432;59.3;46.8
37;2021-07-19;1647;6131;360398;289563;59.5;47.8
37;2021-07-20;2905;7068;363303;296631;60.0;49.0
37;2021-07-21;2980;5786;366283;302417;60.5;50.0
37;2021-07-22;4049;6538;370332;308955;61.2;51.0
37;2021-07-23;3804;7105;374136;316060;61.8;52.2
37;2021-07-24;1774;3311;375910;319371;62.1;52.8
37;2021-07-25;65;77;375975;319448;62.1;52.8
37;2021-07-26;3235;4316;379210;323764;62.6;53.5
37;2021-07-27;4410;4953;383620;328717;63.4;54.3
37;2021-07-28;4103;3661;387723;332378;64.0;54.9
37;2021-07-29;5063;4189;392786;336567;64.9;55.6
37;2021-07-30;5224;4923;398010;341490;65.7;56.4
37;2021-07-31;1912;1843;399922;343333;66.1;56.7
37;2021-08-01;31;52;399953;343385;66.1;56.7
37;2021-08-02;3278;3282;403231;346667;66.6;57.3
37;2021-08-03;5252;3136;408483;349803;67.5;57.8
37;2021-08-04;4538;1921;413021;351724;68.2;58.1
37;2021-08-05;4769;2591;417790;354315;69.0;58.5
37;2021-08-06;4821;3298;422611;357613;69.8;59.1
37;2021-08-07;1623;1118;424234;358731;70.1;59.3
37;2021-08-08;33;174;424267;358905;70.1;59.3
37;2021-08-09;2416;2247;426683;361152;70.5;59.7
37;2021-08-10;3018;2632;429701;363784;71.0;60.1
37;2021-08-11;2094;2101;431795;365885;71.3;60.4
37;2021-08-12;2603;2676;434398;368561;71.8;60.9
37;2021-08-13;2447;2755;436845;371316;72.2;61.3
37;2021-08-14;746;806;437591;372122;72.3;61.5
37;2021-08-15;12;57;437603;372179;72.3;61.5
37;2021-08-16;1455;3152;439058;375331;72.5;62.0
37;2021-08-17;1780;3964;440838;379295;72.8;62.7
38;2020-12-27;1;0;1;0;0.0;0.0
38;2020-12-28;1;0;2;0;0.0;0.0
38;2020-12-29;0;0;2;0;0.0;0.0
38;2020-12-30;2;0;4;0;0.0;0.0
38;2020-12-31;5;0;9;0;0.0;0.0
38;2021-01-01;2;0;11;0;0.0;0.0
38;2021-01-02;1;0;12;0;0.0;0.0
38;2021-01-03;2;0;14;0;0.0;0.0
38;2021-01-04;162;0;176;0;0.0;0.0
38;2021-01-05;258;1;434;1;0.0;0.0
38;2021-01-06;364;0;798;1;0.1;0.0
38;2021-01-07;636;1;1434;2;0.1;0.0
38;2021-01-08;695;0;2129;2;0.2;0.0
38;2021-01-09;30;0;2159;2;0.2;0.0
38;2021-01-10;1;0;2160;2;0.2;0.0
38;2021-01-11;801;2;2961;4;0.2;0.0
38;2021-01-12;1470;4;4431;8;0.4;0.0
38;2021-01-13;1082;5;5513;13;0.4;0.0
38;2021-01-14;1681;15;7194;28;0.6;0.0
38;2021-01-15;1674;7;8868;35;0.7;0.0
38;2021-01-16;306;2;9174;37;0.7;0.0
38;2021-01-17;3;0;9177;37;0.7;0.0
38;2021-01-18;1177;4;10354;41;0.8;0.0
38;2021-01-19;2239;6;12593;47;1.0;0.0
38;2021-01-20;1882;3;14475;50;1.1;0.0
38;2021-01-21;1628;6;16103;56;1.3;0.0
38;2021-01-22;1400;9;17503;65;1.4;0.0
38;2021-01-23;379;3;17882;68;1.4;0.0
38;2021-01-24;1;0;17883;68;1.4;0.0
38;2021-01-25;790;107;18673;175;1.5;0.0
38;2021-01-26;855;182;19528;357;1.5;0.0
38;2021-01-27;1089;277;20617;634;1.6;0.1
38;2021-01-28;1172;476;21789;1110;1.7;0.1
38;2021-01-29;950;379;22739;1489;1.8;0.1
38;2021-01-30;304;1;23043;1490;1.8;0.1
38;2021-01-31;0;0;23043;1490;1.8;0.1
38;2021-02-01;701;599;23744;2089;1.9;0.2
38;2021-02-02;965;962;24709;3051;2.0;0.2
38;2021-02-03;1229;695;25938;3746;2.1;0.3
38;2021-02-04;1278;972;27216;4718;2.2;0.4
38;2021-02-05;1400;844;28616;5562;2.3;0.4
38;2021-02-06;187;95;28803;5657;2.3;0.4
38;2021-02-07;3;48;28806;5705;2.3;0.5
38;2021-02-08;861;794;29667;6499;2.3;0.5
38;2021-02-09;1538;1313;31205;7812;2.5;0.6
38;2021-02-10;1580;1285;32785;9097;2.6;0.7
38;2021-02-11;1870;1159;34655;10256;2.7;0.8
38;2021-02-12;1508;1123;36163;11379;2.9;0.9
38;2021-02-13;466;189;36629;11568;2.9;0.9
38;2021-02-14;1;7;36630;11575;2.9;0.9
38;2021-02-15;976;944;37606;12519;3.0;1.0
38;2021-02-16;1378;976;38984;13495;3.1;1.1
38;2021-02-17;1372;1066;40356;14561;3.2;1.2
38;2021-02-18;1788;1066;42144;15627;3.3;1.2
38;2021-02-19;1256;867;43400;16494;3.4;1.3
38;2021-02-20;469;312;43869;16806;3.5;1.3
38;2021-02-21;0;0;43869;16806;3.5;1.3
38;2021-02-22;1073;904;44942;17710;3.6;1.4
38;2021-02-23;1540;948;46482;18658;3.7;1.5
38;2021-02-24;1731;1133;48213;19791;3.8;1.6
38;2021-02-25;2496;1051;50709;20842;4.0;1.6
38;2021-02-26;3309;977;54018;21819;4.3;1.7
38;2021-02-27;1510;433;55528;22252;4.4;1.8
38;2021-02-28;33;2;55561;22254;4.4;1.8
38;2021-03-01;2506;781;58067;23035;4.6;1.8
38;2021-03-02;4048;1055;62115;24090;4.9;1.9
38;2021-03-03;3365;1238;65480;25328;5.2;2.0
38;2021-03-04;4483;1380;69963;26708;5.5;2.1
38;2021-03-05;5230;1200;75193;27908;5.9;2.2
38;2021-03-06;3042;266;78235;28174;6.2;2.2
38;2021-03-07;113;1;78348;28175;6.2;2.2
38;2021-03-08;2440;906;80788;29081;6.4;2.3
38;2021-03-09;4025;1308;84813;30389;6.7;2.4
38;2021-03-10;3503;1083;88316;31472;7.0;2.5
38;2021-03-11;5139;1513;93455;32985;7.4;2.6
38;2021-03-12;7088;1163;100543;34148;7.9;2.7
38;2021-03-13;3770;217;104313;34365;8.2;2.7
38;2021-03-14;544;14;104857;34379;8.3;2.7
38;2021-03-15;2700;1008;107557;35387;8.5;2.8
38;2021-03-16;2082;1359;109639;36746;8.7;2.9
38;2021-03-17;2027;1209;111666;37955;8.8;3.0
38;2021-03-18;2642;1362;114308;39317;9.0;3.1
38;2021-03-19;4008;1060;118316;40377;9.4;3.2
38;2021-03-20;1824;243;120140;40620;9.5;3.2
38;2021-03-21;130;8;120270;40628;9.5;3.2
38;2021-03-22;2865;1002;123135;41630;9.7;3.3
38;2021-03-23;4780;1489;127915;43119;10.1;3.4
38;2021-03-24;3711;1579;131626;44698;10.4;3.5
38;2021-03-25;5789;1531;137415;46229;10.9;3.7
38;2021-03-26;6600;1736;144015;47965;11.4;3.8
38;2021-03-27;2512;761;146527;48726;11.6;3.9
38;2021-03-28;925;45;147452;48771;11.7;3.9
38;2021-03-29;2679;1844;150131;50615;11.9;4.0
38;2021-03-30;4566;2537;154697;53152;12.2;4.2
38;2021-03-31;3662;2224;158359;55376;12.5;4.4
38;2021-04-01;5130;2510;163489;57886;12.9;4.6
38;2021-04-02;3871;2526;167360;60412;13.2;4.8
38;2021-04-03;1418;939;168778;61351;13.3;4.8
38;2021-04-04;429;45;169207;61396;13.4;4.9
38;2021-04-05;2174;342;171381;61738;13.5;4.9
38;2021-04-06;4345;2391;175726;64129;13.9;5.1
38;2021-04-07;4416;2735;180142;66864;14.2;5.3
38;2021-04-08;5647;2660;185789;69524;14.7;5.5
38;2021-04-09;8559;2724;194348;72248;15.4;5.7
38;2021-04-10;3600;1476;197948;73724;15.6;5.8
38;2021-04-11;1048;100;198996;73824;15.7;5.8
38;2021-04-12;4196;2250;203192;76074;16.1;6.0
38;2021-04-13;6123;2461;209315;78535;16.5;6.2
38;2021-04-14;5119;2459;214434;80994;17.0;6.4
38;2021-04-15;6363;2756;220797;83750;17.5;6.6
38;2021-04-16;6215;2730;227012;86480;17.9;6.8
38;2021-04-17;2587;991;229599;87471;18.2;6.9
38;2021-04-18;1333;72;230932;87543;18.3;6.9
38;2021-04-19;3945;2835;234877;90378;18.6;7.1
38;2021-04-20;5419;2850;240296;93228;19.0;7.4
38;2021-04-21;4979;2705;245275;95933;19.4;7.6
38;2021-04-22;5781;2827;251056;98760;19.8;7.8
38;2021-04-23;6035;2810;257091;101570;20.3;8.0
38;2021-04-24;2665;1346;259756;102916;20.5;8.1
38;2021-04-25;804;592;260560;103508;20.6;8.2
38;2021-04-26;4485;2469;265045;105977;21.0;8.4
38;2021-04-27;6042;2729;271087;108706;21.4;8.6
38;2021-04-28;6193;2507;277280;111213;21.9;8.8
38;2021-04-29;8327;3071;285607;114284;22.6;9.0
38;2021-04-30;7671;4055;293278;118339;23.2;9.4
38;2021-05-01;1541;198;294819;118537;23.3;9.4
38;2021-05-02;842;71;295661;118608;23.4;9.4
38;2021-05-03;5297;3591;300958;122199;23.8;9.7
38;2021-05-04;6190;5077;307148;127276;24.3;10.1
38;2021-05-05;6065;4609;313213;131885;24.8;10.4
38;2021-05-06;6713;5309;319926;137194;25.3;10.8
38;2021-05-07;7275;6438;327201;143632;25.9;11.4
38;2021-05-08;3761;715;330962;144347;26.2;11.4
38;2021-05-09;2850;1928;333812;146275;26.4;11.6
38;2021-05-10;6151;5304;339963;151579;26.9;12.0
38;2021-05-11;8222;6023;348185;157602;27.5;12.5
38;2021-05-12;9049;4704;357234;162306;28.2;12.8
38;2021-05-13;6634;1409;363868;163715;28.8;12.9
38;2021-05-14;9564;3419;373432;167134;29.5;13.2
38;2021-05-15;6859;1458;380291;168592;30.1;13.3
38;2021-05-16;5474;652;385765;169244;30.5;13.4
38;2021-05-17;7668;3003;393433;172247;31.1;13.6
38;2021-05-18;8621;4032;402054;176279;31.8;13.9
38;2021-05-19;8153;3340;410207;179619;32.4;14.2
38;2021-05-20;8974;4490;419181;184109;33.1;14.6
38;2021-05-21;9959;4585;429140;188694;33.9;14.9
38;2021-05-22;7451;1907;436591;190601;34.5;15.1
38;2021-05-23;5585;577;442176;191178;35.0;15.1
38;2021-05-24;7498;1620;449674;192798;35.5;15.2
38;2021-05-25;9543;4853;459217;197651;36.3;15.6
38;2021-05-26;8114;4724;467331;202375;36.9;16.0
38;2021-05-27;9129;5657;476460;208032;37.7;16.4
38;2021-05-28;8787;6504;485247;214536;38.4;17.0
38;2021-05-29;5819;3261;491066;217797;38.8;17.2
38;2021-05-30;2691;1594;493757;219391;39.0;17.3
38;2021-05-31;8273;5135;502030;224526;39.7;17.7
38;2021-06-01;7963;6437;509993;230963;40.3;18.3
38;2021-06-02;7140;5623;517133;236586;40.9;18.7
38;2021-06-03;7392;6838;524525;243424;41.5;19.2
38;2021-06-04;8122;7610;532647;251034;42.1;19.8
38;2021-06-05;5795;3945;538442;254979;42.6;20.2
38;2021-06-06;2509;1461;540951;256440;42.8;20.3
38;2021-06-07;5553;6872;546504;263312;43.2;20.8
38;2021-06-08;5875;7530;552379;270842;43.7;21.4
38;2021-06-09;5048;6470;557427;277312;44.1;21.9
38;2021-06-10;5425;6792;562852;284104;44.5;22.5
38;2021-06-11;5885;7786;568737;291890;45.0;23.1
38;2021-06-12;3948;3260;572685;295150;45.3;23.3
38;2021-06-13;1255;1297;573940;296447;45.4;23.4
38;2021-06-14;3872;7667;577812;304114;45.7;24.0
38;2021-06-15;5243;8150;583055;312264;46.1;24.7
38;2021-06-16;5125;7409;588180;319673;46.5;25.3
38;2021-06-17;4523;7060;592703;326733;46.9;25.8
38;2021-06-18;6168;9228;598871;335961;47.3;26.6
38;2021-06-19;3596;4967;602467;340928;47.6;27.0
38;2021-06-20;1037;2901;603504;343829;47.7;27.2
38;2021-06-21;3748;8706;607252;352535;48.0;27.9
38;2021-06-22;3791;10106;611043;362641;48.3;28.7
38;2021-06-23;3153;9547;614196;372188;48.6;29.4
38;2021-06-24;3381;8587;617577;380775;48.8;30.1
38;2021-06-25;3778;11496;621355;392271;49.1;31.0
38;2021-06-26;2228;7852;623583;400123;49.3;31.6
38;2021-06-27;1097;4357;624680;404480;49.4;32.0
38;2021-06-28;2948;10301;627628;414781;49.6;32.8
38;2021-06-29;3785;10444;631413;425225;49.9;33.6
38;2021-06-30;4057;9938;635470;435163;50.2;34.4
38;2021-07-01;3535;9013;639005;444176;50.5;35.1
38;2021-07-02;3725;11612;642730;455788;50.8;36.0
38;2021-07-03;1736;8784;644466;464572;50.9;36.7
38;2021-07-04;1243;3205;645709;467777;51.0;37.0
38;2021-07-05;3059;10546;648768;478323;51.3;37.8
38;2021-07-06;3420;10235;652188;488558;51.6;38.6
38;2021-07-07;3527;9395;655715;497953;51.8;39.4
38;2021-07-08;3492;8225;659207;506178;52.1;40.0
38;2021-07-09;3891;10739;663098;516917;52.4;40.9
38;2021-07-10;2395;7798;665493;524715;52.6;41.5
38;2021-07-11;776;2024;666269;526739;52.7;41.6
38;2021-07-12;3468;10671;669737;537410;52.9;42.5
38;2021-07-13;6584;10924;676321;548334;53.5;43.3
38;2021-07-14;4664;3331;680985;551665;53.8;43.6
38;2021-07-15;8722;9662;689707;561327;54.5;44.4
38;2021-07-16;8735;10689;698442;572016;55.2;45.2
38;2021-07-17;4710;7472;703152;579488;55.6;45.8
38;2021-07-18;2570;2487;705722;581975;55.8;46.0
38;2021-07-19;5809;9213;711531;591188;56.2;46.7
38;2021-07-20;6252;8292;717783;599480;56.7;47.4
38;2021-07-21;7847;8016;725630;607496;57.4;48.0
38;2021-07-22;7585;6997;733215;614493;58.0;48.6
38;2021-07-23;8916;9030;742131;623523;58.7;49.3
38;2021-07-24;5553;5525;747684;629048;59.1;49.7
38;2021-07-25;2841;1650;750525;630698;59.3;49.9
38;2021-07-26;7830;7490;758355;638188;60.0;50.5
38;2021-07-27;7567;6259;765922;644447;60.5;50.9
38;2021-07-28;8518;5690;774440;650137;61.2;51.4
38;2021-07-29;7592;4677;782032;654814;61.8;51.8
38;2021-07-30;7658;6638;789690;661452;62.4;52.3
38;2021-07-31;4280;3590;793970;665042;62.8;52.6
38;2021-08-01;1246;1079;795216;666121;62.9;52.7
38;2021-08-02;3888;4443;799104;670564;63.2;53.0
38;2021-08-03;4527;4546;803631;675110;63.5;53.4
38;2021-08-04;4575;4342;808206;679452;63.9;53.7
38;2021-08-05;3670;4633;811876;684085;64.2;54.1
38;2021-08-06;4080;5938;815956;690023;64.5;54.5
38;2021-08-07;2273;3527;818229;693550;64.7;54.8
38;2021-08-08;775;2013;819004;695563;64.7;55.0
38;2021-08-09;3578;5563;822582;701126;65.0;55.4
38;2021-08-10;4819;6243;827401;707369;65.4;55.9
38;2021-08-11;3905;4648;831306;712017;65.7;56.3
38;2021-08-12;3341;4592;834647;716609;66.0;56.6
38;2021-08-13;4076;6015;838723;722624;66.3;57.1
38;2021-08-14;1727;4010;840450;726634;66.4;57.4
38;2021-08-15;526;1917;840976;728551;66.5;57.6
38;2021-08-16;2865;7893;843841;736444;66.7;58.2
38;2021-08-17;3351;5921;847192;742365;67.0;58.7
39;2020-12-27;0;0;0;0;0.0;0.0
39;2020-12-28;0;0;0;0;0.0;0.0
39;2020-12-29;0;0;0;0;0.0;0.0
39;2020-12-30;0;0;0;0;0.0;0.0
39;2020-12-31;0;0;0;0;0.0;0.0
39;2021-01-01;0;0;0;0;0.0;0.0
39;2021-01-02;0;0;0;0;0.0;0.0
39;2021-01-03;0;0;0;0;0.0;0.0
39;2021-01-04;3;0;3;0;0.0;0.0
39;2021-01-05;3;0;6;0;0.0;0.0
39;2021-01-06;57;3;63;3;0.0;0.0
39;2021-01-07;332;2;395;5;0.2;0.0
39;2021-01-08;658;2;1053;7;0.4;0.0
39;2021-01-09;169;0;1222;7;0.5;0.0
39;2021-01-10;1;0;1223;7;0.5;0.0
39;2021-01-11;476;1;1699;8;0.7;0.0
39;2021-01-12;431;1;2130;9;0.8;0.0
39;2021-01-13;408;2;2538;11;1.0;0.0
39;2021-01-14;574;3;3112;14;1.2;0.0
39;2021-01-15;470;1;3582;15;1.4;0.0
39;2021-01-16;141;1;3723;16;1.4;0.0
39;2021-01-17;0;1;3723;17;1.4;0.0
39;2021-01-18;924;7;4647;24;1.8;0.0
39;2021-01-19;1181;7;5828;31;2.3;0.0
39;2021-01-20;906;4;6734;35;2.6;0.0
39;2021-01-21;1178;2;7912;37;3.1;0.0
39;2021-01-22;985;2;8897;39;3.5;0.0
39;2021-01-23;383;1;9280;40;3.6;0.0
39;2021-01-24;0;0;9280;40;3.6;0.0
39;2021-01-25;642;2;9922;42;3.8;0.0
39;2021-01-26;1120;12;11042;54;4.3;0.0
39;2021-01-27;925;17;11967;71;4.6;0.0
39;2021-01-28;740;244;12707;315;4.9;0.1
39;2021-01-29;582;422;13289;737;5.2;0.3
39;2021-01-30;265;109;13554;846;5.3;0.3
39;2021-01-31;1;0;13555;846;5.3;0.3
39;2021-02-01;562;263;14117;1109;5.5;0.4
39;2021-02-02;753;322;14870;1431;5.8;0.6
39;2021-02-03;531;517;15401;1948;6.0;0.8
39;2021-02-04;553;462;15954;2410;6.2;0.9
39;2021-02-05;438;431;16392;2841;6.4;1.1
39;2021-02-06;265;110;16657;2951;6.5;1.1
39;2021-02-07;0;1;16657;2952;6.5;1.1
39;2021-02-08;321;372;16978;3324;6.6;1.3
39;2021-02-09;383;485;17361;3809;6.7;1.5
39;2021-02-10;252;338;17613;4147;6.8;1.6
39;2021-02-11;586;513;18199;4660;7.1;1.8
39;2021-02-12;386;416;18585;5076;7.2;2.0
39;2021-02-13;99;69;18684;5145;7.2;2.0
39;2021-02-14;0;0;18684;5145;7.2;2.0
39;2021-02-15;99;756;18783;5901;7.3;2.3
39;2021-02-16;99;911;18882;6812;7.3;2.6
39;2021-02-17;58;694;18940;7506;7.3;2.9
39;2021-02-18;109;858;19049;8364;7.4;3.2
39;2021-02-19;100;485;19149;8849;7.4;3.4
39;2021-02-20;18;364;19167;9213;7.4;3.6
39;2021-02-21;0;0;19167;9213;7.4;3.6
39;2021-02-22;100;729;19267;9942;7.5;3.9
39;2021-02-23;4;764;19271;10706;7.5;4.2
39;2021-02-24;125;872;19396;11578;7.5;4.5
39;2021-02-25;214;750;19610;12328;7.6;4.8
39;2021-02-26;218;468;19828;12796;7.7;5.0
39;2021-02-27;169;299;19997;13095;7.8;5.1
39;2021-02-28;1;0;19998;13095;7.8;5.1
39;2021-03-01;218;639;20216;13734;7.8;5.3
39;2021-03-02;329;827;20545;14561;8.0;5.6
39;2021-03-03;600;529;21145;15090;8.2;5.9
39;2021-03-04;658;477;21803;15567;8.5;6.0
39;2021-03-05;670;330;22473;15897;8.7;6.2
39;2021-03-06;777;248;23250;16145;9.0;6.3
39;2021-03-07;242;83;23492;16228;9.1;6.3
39;2021-03-08;286;444;23778;16672;9.2;6.5
39;2021-03-09;843;458;24621;17130;9.5;6.6
39;2021-03-10;985;337;25606;17467;9.9;6.8
39;2021-03-11;829;462;26435;17929;10.3;7.0
39;2021-03-12;806;291;27241;18220;10.6;7.1
39;2021-03-13;788;103;28029;18323;10.9;7.1
39;2021-03-14;35;10;28064;18333;10.9;7.1
39;2021-03-15;512;100;28576;18433;11.1;7.1
39;2021-03-16;555;68;29131;18501;11.3;7.2
39;2021-03-17;612;56;29743;18557;11.5;7.2
39;2021-03-18;597;71;30340;18628;11.8;7.2
39;2021-03-19;393;72;30733;18700;11.9;7.3
39;2021-03-20;311;10;31044;18710;12.0;7.3
39;2021-03-21;3;0;31047;18710;12.0;7.3
39;2021-03-22;754;116;31801;18826;12.3;7.3
39;2021-03-23;1130;44;32931;18870;12.8;7.3
39;2021-03-24;1178;97;34109;18967;13.2;7.4
39;2021-03-25;2041;126;36150;19093;14.0;7.4
39;2021-03-26;798;113;36948;19206;14.3;7.4
39;2021-03-27;345;6;37293;19212;14.5;7.5
39;2021-03-28;36;4;37329;19216;14.5;7.5
39;2021-03-29;1036;192;38365;19408;14.9;7.5
39;2021-03-30;1400;267;39765;19675;15.4;7.6
39;2021-03-31;657;521;40422;20196;15.7;7.8
39;2021-04-01;1310;316;41732;20512;16.2;8.0
39;2021-04-02;626;131;42358;20643;16.4;8.0
39;2021-04-03;180;7;42538;20650;16.5;8.0
39;2021-04-04;4;1;42542;20651;16.5;8.0
39;2021-04-05;1;0;42543;20651;16.5;8.0
39;2021-04-06;824;632;43367;21283;16.8;8.3
39;2021-04-07;1131;677;44498;21960;17.3;8.5
39;2021-04-08;1790;578;46288;22538;18.0;8.7
39;2021-04-09;1676;291;47964;22829;18.6;8.9
39;2021-04-10;345;181;48309;23010;18.7;8.9
39;2021-04-11;2;0;48311;23010;18.7;8.9
39;2021-04-12;681;396;48992;23406;19.0;9.1
39;2021-04-13;1200;581;50192;23987;19.5;9.3
39;2021-04-14;845;638;51037;24625;19.8;9.6
39;2021-04-15;1480;715;52517;25340;20.4;9.8
39;2021-04-16;1090;174;53607;25514;20.8;9.9
39;2021-04-17;197;59;53804;25573;20.9;9.9
39;2021-04-18;0;0;53804;25573;20.9;9.9
39;2021-04-19;524;699;54328;26272;21.1;10.2
39;2021-04-20;766;544;55094;26816;21.4;10.4
39;2021-04-21;1142;720;56236;27536;21.8;10.7
39;2021-04-22;1012;1129;57248;28665;22.2;11.1
39;2021-04-23;457;358;57705;29023;22.4;11.3
39;2021-04-24;275;149;57980;29172;22.5;11.3
39;2021-04-25;12;2;57992;29174;22.5;11.3
39;2021-04-26;568;1039;58560;30213;22.7;11.7
39;2021-04-27;788;982;59348;31195;23.0;12.1
39;2021-04-28;1719;417;61067;31612;23.7;12.3
39;2021-04-29;2571;971;63638;32583;24.7;12.6
39;2021-04-30;2473;393;66111;32976;25.6;12.8
39;2021-05-01;41;53;66152;33029;25.7;12.8
39;2021-05-02;0;0;66152;33029;25.7;12.8
39;2021-05-03;917;805;67069;33834;26.0;13.1
39;2021-05-04;949;1128;68018;34962;26.4;13.6
39;2021-05-05;1953;887;69971;35849;27.1;13.9
39;2021-05-06;2424;1343;72395;37192;28.1;14.4
39;2021-05-07;1286;573;73681;37765;28.6;14.6
39;2021-05-08;179;55;73860;37820;28.6;14.7
39;2021-05-09;10;8;73870;37828;28.6;14.7
39;2021-05-10;1761;847;75631;38675;29.3;15.0
39;2021-05-11;1773;1513;77404;40188;30.0;15.6
39;2021-05-12;1804;1489;79208;41677;30.7;16.2
39;2021-05-13;246;23;79454;41700;30.8;16.2
39;2021-05-14;2392;332;81846;42032;31.7;16.3
39;2021-05-15;1848;257;83694;42289;32.5;16.4
39;2021-05-16;0;0;83694;42289;32.5;16.4
39;2021-05-17;1988;724;85682;43013;33.2;16.7
39;2021-05-18;1692;1183;87374;44196;33.9;17.1
39;2021-05-19;2496;557;89870;44753;34.9;17.4
39;2021-05-20;2465;754;92335;45507;35.8;17.6
39;2021-05-21;1799;564;94134;46071;36.5;17.9
39;2021-05-22;322;219;94456;46290;36.6;18.0
39;2021-05-23;7;36;94463;46326;36.6;18.0
39;2021-05-24;8;28;94471;46354;36.6;18.0
39;2021-05-25;1726;1202;96197;47556;37.3;18.4
39;2021-05-26;1643;1379;97840;48935;37.9;19.0
39;2021-05-27;1486;1623;99326;50558;38.5;19.6
39;2021-05-28;856;1219;100182;51777;38.9;20.1
39;2021-05-29;261;276;100443;52053;39.0;20.2
39;2021-05-30;2;40;100445;52093;39.0;20.2
39;2021-05-31;1626;1248;102071;53341;39.6;20.7
39;2021-06-01;1895;1319;103966;54660;40.3;21.2
39;2021-06-02;1706;1175;105672;55835;41.0;21.7
39;2021-06-03;1326;1160;106998;56995;41.5;22.1
39;2021-06-04;942;1068;107940;58063;41.9;22.5
39;2021-06-05;766;516;108706;58579;42.2;22.7
39;2021-06-06;1;36;108707;58615;42.2;22.7
39;2021-06-07;2105;914;110812;59529;43.0;23.1
39;2021-06-08;2211;1155;113023;60684;43.8;23.5
39;2021-06-09;1732;1244;114755;61928;44.5;24.0
39;2021-06-10;1617;2082;116372;64010;45.1;24.8
39;2021-06-11;1568;1271;117940;65281;45.7;25.3
39;2021-06-12;1264;348;119204;65629;46.2;25.5
39;2021-06-13;11;18;119215;65647;46.2;25.5
39;2021-06-14;1337;1896;120552;67543;46.8;26.2
39;2021-06-15;1383;1253;121935;68796;47.3;26.7
39;2021-06-16;1171;1539;123106;70335;47.7;27.3
39;2021-06-17;1044;1716;124150;72051;48.1;27.9
39;2021-06-18;1637;1178;125787;73229;48.8;28.4
39;2021-06-19;249;412;126036;73641;48.9;28.6
39;2021-06-20;2;18;126038;73659;48.9;28.6
39;2021-06-21;351;2494;126389;76153;49.0;29.5
39;2021-06-22;810;2289;127199;78442;49.3;30.4
39;2021-06-23;1199;1301;128398;79743;49.8;30.9
39;2021-06-24;737;1048;129135;80791;50.1;31.3
39;2021-06-25;680;2962;129815;83753;50.3;32.5
39;2021-06-26;205;1564;130020;85317;50.4;33.1
39;2021-06-27;0;0;130020;85317;50.4;33.1
39;2021-06-28;304;2745;130324;88062;50.5;34.2
39;2021-06-29;498;2697;130822;90759;50.7;35.2
39;2021-06-30;898;2422;131720;93181;51.1;36.1
39;2021-07-01;644;1938;132364;95119;51.3;36.9
39;2021-07-02;1111;1405;133475;96524;51.8;37.4
39;2021-07-03;553;524;134028;97048;52.0;37.6
39;2021-07-04;1;2;134029;97050;52.0;37.6
39;2021-07-05;602;2589;134631;99639;52.2;38.6
39;2021-07-06;836;1886;135467;101525;52.5;39.4
39;2021-07-07;588;1389;136055;102914;52.8;39.9
39;2021-07-08;698;906;136753;103820;53.0;40.3
39;2021-07-09;1080;1584;137833;105404;53.5;40.9
39;2021-07-10;738;476;138571;105880;53.7;41.1
39;2021-07-11;28;8;138599;105888;53.8;41.1
39;2021-07-12;573;2595;139172;108483;54.0;42.1
39;2021-07-13;1635;2657;140807;111140;54.6;43.1
39;2021-07-14;16;21;140823;111161;54.6;43.1
39;2021-07-15;1902;1839;142725;113000;55.4;43.8
39;2021-07-16;3227;2039;145952;115039;56.6;44.6
39;2021-07-17;2225;1158;148177;116197;57.5;45.1
39;2021-07-18;164;52;148341;116249;57.5;45.1
39;2021-07-19;1401;2956;149742;119205;58.1;46.2
39;2021-07-20;1838;2812;151580;122017;58.8;47.3
39;2021-07-21;2585;2577;154165;124594;59.8;48.3
39;2021-07-22;1934;1838;156099;126432;60.5;49.0
39;2021-07-23;1809;1927;157908;128359;61.2;49.8
39;2021-07-24;1398;1427;159306;129786;61.8;50.3
39;2021-07-25;0;1;159306;129787;61.8;50.3
39;2021-07-26;1317;1996;160623;131783;62.3;51.1
39;2021-07-27;2332;1899;162955;133682;63.2;51.8
39;2021-07-28;2679;1475;165634;135157;64.2;52.4
39;2021-07-29;2192;1743;167826;136900;65.1;53.1
39;2021-07-30;2031;1465;169857;138365;65.9;53.7
39;2021-07-31;1362;656;171219;139021;66.4;53.9
39;2021-08-01;10;18;171229;139039;66.4;53.9
39;2021-08-02;1202;1400;172431;140439;66.9;54.5
39;2021-08-03;1911;1488;174342;141927;67.6;55.0
39;2021-08-04;1042;660;175384;142587;68.0;55.3
39;2021-08-05;1231;731;176615;143318;68.5;55.6
39;2021-08-06;1376;2287;177991;145605;69.0;56.5
39;2021-08-07;1060;1209;179051;146814;69.4;56.9
39;2021-08-08;26;10;179077;146824;69.5;56.9
39;2021-08-09;435;302;179512;147126;69.6;57.1
39;2021-08-10;1228;927;180740;148053;70.1;57.4
39;2021-08-11;894;1530;181634;149583;70.4;58.0
39;2021-08-12;1584;2163;183218;151746;71.1;58.9
39;2021-08-13;1314;2114;184532;153860;71.6;59.7
39;2021-08-14;355;1104;184887;154964;71.7;60.1
39;2021-08-15;0;1;184887;154965;71.7;60.1
39;2021-08-16;486;735;185373;155700;71.9;60.4
39;2021-08-17;569;1433;185942;157133;72.1;60.9
40;2020-12-27;0;0;0;0;0.0;0.0
40;2020-12-28;0;0;0;0;0.0;0.0
40;2020-12-29;0;0;0;0;0.0;0.0
40;2020-12-30;0;0;0;0;0.0;0.0
40;2020-12-31;1;0;1;0;0.0;0.0
40;2021-01-01;0;0;1;0;0.0;0.0
40;2021-01-02;0;0;1;0;0.0;0.0
40;2021-01-03;0;0;1;0;0.0;0.0
40;2021-01-04;0;0;1;0;0.0;0.0
40;2021-01-05;0;0;1;0;0.0;0.0
40;2021-01-06;1;0;2;0;0.0;0.0
40;2021-01-07;212;0;214;0;0.1;0.0
40;2021-01-08;392;2;606;2;0.1;0.0
40;2021-01-09;0;0;606;2;0.1;0.0
40;2021-01-10;1;0;607;2;0.1;0.0
40;2021-01-11;111;0;718;2;0.2;0.0
40;2021-01-12;0;0;718;2;0.2;0.0
40;2021-01-13;681;0;1399;2;0.3;0.0
40;2021-01-14;901;5;2300;7;0.6;0.0
40;2021-01-15;811;3;3111;10;0.8;0.0
40;2021-01-16;157;0;3268;10;0.8;0.0
40;2021-01-17;1;1;3269;11;0.8;0.0
40;2021-01-18;402;0;3671;11;0.9;0.0
40;2021-01-19;1204;3;4875;14;1.2;0.0
40;2021-01-20;879;2;5754;16;1.4;0.0
40;2021-01-21;1266;5;7020;21;1.7;0.0
40;2021-01-22;809;2;7829;23;1.9;0.0
40;2021-01-23;288;0;8117;23;2.0;0.0
40;2021-01-24;2;0;8119;23;2.0;0.0
40;2021-01-25;393;1;8512;24;2.1;0.0
40;2021-01-26;803;6;9315;30;2.3;0.0
40;2021-01-27;1118;12;10433;42;2.5;0.0
40;2021-01-28;706;114;11139;156;2.7;0.0
40;2021-01-29;600;228;11739;384;2.8;0.1
40;2021-01-30;235;3;11974;387;2.9;0.1
40;2021-01-31;1;0;11975;387;2.9;0.1
40;2021-02-01;358;132;12333;519;3.0;0.1
40;2021-02-02;923;52;13256;571;3.2;0.1
40;2021-02-03;894;298;14150;869;3.4;0.2
40;2021-02-04;1058;602;15208;1471;3.7;0.4
40;2021-02-05;793;421;16001;1892;3.9;0.5
40;2021-02-06;380;84;16381;1976;4.0;0.5
40;2021-02-07;10;0;16391;1976;4.0;0.5
40;2021-02-08;372;121;16763;2097;4.1;0.5
40;2021-02-09;809;541;17572;2638;4.3;0.6
40;2021-02-10;749;470;18321;3108;4.4;0.8
40;2021-02-11;739;682;19060;3790;4.6;0.9
40;2021-02-12;628;643;19688;4433;4.8;1.1
40;2021-02-13;400;95;20088;4528;4.9;1.1
40;2021-02-14;0;0;20088;4528;4.9;1.1
40;2021-02-15;48;386;20136;4914;4.9;1.2
40;2021-02-16;285;599;20421;5513;5.0;1.3
40;2021-02-17;360;894;20781;6407;5.0;1.6
40;2021-02-18;382;695;21163;7102;5.1;1.7
40;2021-02-19;144;644;21307;7746;5.2;1.9
40;2021-02-20;39;95;21346;7841;5.2;1.9
40;2021-02-21;1;66;21347;7907;5.2;1.9
40;2021-02-22;53;564;21400;8471;5.2;2.1
40;2021-02-23;179;835;21579;9306;5.2;2.3
40;2021-02-24;283;686;21862;9992;5.3;2.4
40;2021-02-25;728;992;22590;10984;5.5;2.7
40;2021-02-26;655;635;23245;11619;5.6;2.8
40;2021-02-27;384;101;23629;11720;5.7;2.8
40;2021-02-28;2;0;23631;11720;5.7;2.8
40;2021-03-01;418;507;24049;12227;5.8;3.0
40;2021-03-02;734;1040;24783;13267;6.0;3.2
40;2021-03-03;933;909;25716;14176;6.2;3.4
40;2021-03-04;1318;823;27034;14999;6.6;3.6
40;2021-03-05;1230;742;28264;15741;6.9;3.8
40;2021-03-06;866;390;29130;16131;7.1;3.9
40;2021-03-07;92;9;29222;16140;7.1;3.9
40;2021-03-08;838;501;30060;16641;7.3;4.0
40;2021-03-09;1505;643;31565;17284;7.7;4.2
40;2021-03-10;1749;709;33314;17993;8.1;4.4
40;2021-03-11;1985;695;35299;18688;8.6;4.5
40;2021-03-12;2049;548;37348;19236;9.1;4.7
40;2021-03-13;973;256;38321;19492;9.3;4.7
40;2021-03-14;98;0;38419;19492;9.3;4.7
40;2021-03-15;924;88;39343;19580;9.5;4.8
40;2021-03-16;986;270;40329;19850;9.8;4.8
40;2021-03-17;1576;346;41905;20196;10.2;4.9
40;2021-03-18;1560;338;43465;20534;10.6;5.0
40;2021-03-19;1808;145;45273;20679;11.0;5.0
40;2021-03-20;706;14;45979;20693;11.2;5.0
40;2021-03-21;52;1;46031;20694;11.2;5.0
40;2021-03-22;1174;35;47205;20729;11.5;5.0
40;2021-03-23;2324;165;49529;20894;12.0;5.1
40;2021-03-24;2325;231;51854;21125;12.6;5.1
40;2021-03-25;2767;378;54621;21503;13.3;5.2
40;2021-03-26;3121;208;57742;21711;14.0;5.3
40;2021-03-27;923;46;58665;21757;14.2;5.3
40;2021-03-28;178;47;58843;21804;14.3;5.3
40;2021-03-29;1153;381;59996;22185;14.6;5.4
40;2021-03-30;2298;387;62294;22572;15.1;5.5
40;2021-03-31;1999;300;64293;22872;15.6;5.6
40;2021-04-01;2408;328;66701;23200;16.2;5.6
40;2021-04-02;2362;218;69063;23418;16.8;5.7
40;2021-04-03;743;120;69806;23538;16.9;5.7
40;2021-04-04;362;8;70168;23546;17.0;5.7
40;2021-04-05;523;40;70691;23586;17.2;5.7
40;2021-04-06;2096;807;72787;24393;17.7;5.9
40;2021-04-07;2665;873;75452;25266;18.3;6.1
40;2021-04-08;3060;897;78512;26163;19.1;6.4
40;2021-04-09;3826;604;82338;26767;20.0;6.5
40;2021-04-10;1598;341;83936;27108;20.4;6.6
40;2021-04-11;51;6;83987;27114;20.4;6.6
40;2021-04-12;2176;734;86163;27848;20.9;6.8
40;2021-04-13;2568;1088;88731;28936;21.5;7.0
40;2021-04-14;2572;1375;91303;30311;22.2;7.4
40;2021-04-15;2985;1507;94288;31818;22.9;7.7
40;2021-04-16;2876;1185;97164;33003;23.6;8.0
40;2021-04-17;1464;348;98628;33351;23.9;8.1
40;2021-04-18;57;24;98685;33375;24.0;8.1
40;2021-04-19;1058;1021;99743;34396;24.2;8.3
40;2021-04-20;1621;1743;101364;36139;24.6;8.8
40;2021-04-21;1777;1738;103141;37877;25.0;9.2
40;2021-04-22;2113;1776;105254;39653;25.5;9.6
40;2021-04-23;2162;1398;107416;41051;26.1;10.0
40;2021-04-24;1327;620;108743;41671;26.4;10.1
40;2021-04-25;37;57;108780;41728;26.4;10.1
40;2021-04-26;1250;1135;110030;42863;26.7;10.4
40;2021-04-27;1486;2033;111516;44896;27.1;10.9
40;2021-04-28;2051;1369;113567;46265;27.6;11.2
40;2021-04-29;2608;1898;116175;48163;28.2;11.7
40;2021-04-30;2699;1617;118874;49780;28.9;12.1
40;2021-05-01;1229;782;120103;50562;29.2;12.3
40;2021-05-02;143;322;120246;50884;29.2;12.4
40;2021-05-03;1857;1500;122103;52384;29.6;12.7
40;2021-05-04;1883;2466;123986;54850;30.1;13.3
40;2021-05-05;2188;2668;126174;57518;30.6;14.0
40;2021-05-06;2236;2863;128410;60381;31.2;14.7
40;2021-05-07;1904;3001;130314;63382;31.6;15.4
40;2021-05-08;675;468;130989;63850;31.8;15.5
40;2021-05-09;316;21;131305;63871;31.9;15.5
40;2021-05-10;1399;2054;132704;65925;32.2;16.0
40;2021-05-11;2197;2510;134901;68435;32.7;16.6
40;2021-05-12;2731;1943;137632;70378;33.4;17.1
40;2021-05-13;1984;514;139616;70892;33.9;17.2
40;2021-05-14;2325;1657;141941;72549;34.5;17.6
40;2021-05-15;1340;963;143281;73512;34.8;17.8
40;2021-05-16;434;24;143715;73536;34.9;17.8
40;2021-05-17;2120;1313;145835;74849;35.4;18.2
40;2021-05-18;2509;1417;148344;76266;36.0;18.5
40;2021-05-19;2955;1105;151299;77371;36.7;18.8
40;2021-05-20;3585;1163;154884;78534;37.6;19.1
40;2021-05-21;2925;1332;157809;79866;38.3;19.4
40;2021-05-22;1146;796;158955;80662;38.6;19.6
40;2021-05-23;631;29;159586;80691;38.7;19.6
40;2021-05-24;1212;331;160798;81022;39.0;19.7
40;2021-05-25;2169;1307;162967;82329;39.6;20.0
40;2021-05-26;2615;1562;165582;83891;40.2;20.4
40;2021-05-27;2733;2010;168315;85901;40.9;20.9
40;2021-05-28;2568;2275;170883;88176;41.5;21.4
40;2021-05-29;1558;1256;172441;89432;41.9;21.7
40;2021-05-30;3;52;172444;89484;41.9;21.7
40;2021-05-31;2566;1209;175010;90693;42.5;22.0
40;2021-06-01;3011;1771;178021;92464;43.2;22.4
40;2021-06-02;3173;1989;181194;94453;44.0;22.9
40;2021-06-03;3592;2337;184786;96790;44.9;23.5
40;2021-06-04;3016;2805;187802;99595;45.6;24.2
40;2021-06-05;1779;1395;189581;100990;46.0;24.5
40;2021-06-06;459;79;190040;101069;46.1;24.5
40;2021-06-07;2185;2027;192225;103096;46.7;25.0
40;2021-06-08;2952;2102;195177;105198;47.4;25.5
40;2021-06-09;3215;2268;198392;107466;48.2;26.1
40;2021-06-10;2995;2096;201387;109562;48.9;26.6
40;2021-06-11;3140;2797;204527;112359;49.6;27.3
40;2021-06-12;1964;1637;206491;113996;50.1;27.7
40;2021-06-13;644;161;207135;114157;50.3;27.7
40;2021-06-14;1458;2498;208593;116655;50.6;28.3
40;2021-06-15;2237;2821;210830;119476;51.2;29.0
40;2021-06-16;2605;2455;213435;121931;51.8;29.6
40;2021-06-17;2432;2436;215867;124367;52.4;30.2
40;2021-06-18;2323;2904;218190;127271;53.0;30.9
40;2021-06-19;1798;1231;219988;128502;53.4;31.2
40;2021-06-20;344;275;220332;128777;53.5;31.3
40;2021-06-21;1393;2320;221725;131097;53.8;31.8
40;2021-06-22;1687;2996;223412;134093;54.2;32.5
40;2021-06-23;1606;3344;225018;137437;54.6;33.4
40;2021-06-24;1735;2384;226753;139821;55.0;33.9
40;2021-06-25;1759;3264;228512;143085;55.5;34.7
40;2021-06-26;1327;1711;229839;144796;55.8;35.1
40;2021-06-27;263;354;230102;145150;55.9;35.2
40;2021-06-28;1334;2820;231436;147970;56.2;35.9
40;2021-06-29;1709;3388;233145;151358;56.6;36.7
40;2021-06-30;1774;3641;234919;154999;57.0;37.6
40;2021-07-01;1714;3950;236633;158949;57.4;38.6
40;2021-07-02;1559;3809;238192;162758;57.8;39.5
40;2021-07-03;678;1922;238870;164680;58.0;40.0
40;2021-07-04;219;483;239089;165163;58.0;40.1
40;2021-07-05;1471;3021;240560;168184;58.4;40.8
40;2021-07-06;1766;3613;242326;171797;58.8;41.7
40;2021-07-07;1974;3843;244300;175640;59.3;42.6
40;2021-07-08;2101;3407;246401;179047;59.8;43.5
40;2021-07-09;2108;3949;248509;182996;60.3;44.4
40;2021-07-10;1005;2158;249514;185154;60.6;44.9
40;2021-07-11;207;294;249721;185448;60.6;45.0
40;2021-07-12;1312;4043;251033;189491;60.9;46.0
40;2021-07-13;2427;4697;253460;194188;61.5;47.1
40;2021-07-14;2193;2054;255653;196242;62.1;47.6
40;2021-07-15;2835;4858;258488;201100;62.7;48.8
40;2021-07-16;3313;3943;261801;205043;63.5;49.8
40;2021-07-17;2109;2592;263910;207635;64.1;50.4
40;2021-07-18;470;542;264380;208177;64.2;50.5
40;2021-07-19;2563;3702;266943;211879;64.8;51.4
40;2021-07-20;3050;4052;269993;215931;65.5;52.4
40;2021-07-21;3196;3883;273189;219814;66.3;53.4
40;2021-07-22;3840;3931;277029;223745;67.2;54.3
40;2021-07-23;4077;4108;281106;227853;68.2;55.3
40;2021-07-24;2781;2106;283887;229959;68.9;55.8
40;2021-07-25;952;487;284839;230446;69.1;55.9
40;2021-07-26;2930;3077;287769;233523;69.9;56.7
40;2021-07-27;3497;3603;291266;237126;70.7;57.6
40;2021-07-28;3360;3393;294626;240519;71.5;58.4
40;2021-07-29;3511;3427;298137;243946;72.4;59.2
40;2021-07-30;3109;3400;301246;247346;73.1;60.0
40;2021-07-31;1770;1909;303016;249255;73.6;60.5
40;2021-08-01;343;286;303359;249541;73.6;60.6
40;2021-08-02;1986;2380;305345;251921;74.1;61.1
40;2021-08-03;2320;2686;307665;254607;74.7;61.8
40;2021-08-04;2084;2315;309749;256922;75.2;62.4
40;2021-08-05;1959;2666;311708;259588;75.7;63.0
40;2021-08-06;1868;3063;313576;262651;76.1;63.8
40;2021-08-07;1216;1744;314792;264395;76.4;64.2
40;2021-08-08;83;153;314875;264548;76.4;64.2
40;2021-08-09;1598;3125;316473;267673;76.8;65.0
40;2021-08-10;1420;3163;317893;270836;77.2;65.7
40;2021-08-11;1408;2845;319301;273681;77.5;66.4
40;2021-08-12;1271;3101;320572;276782;77.8;67.2
40;2021-08-13;1129;2973;321701;279755;78.1;67.9
40;2021-08-14;615;2037;322316;281792;78.2;68.4
40;2021-08-15;5;172;322321;281964;78.2;68.4
40;2021-08-16;1098;3386;323419;285350;78.5;69.3
40;2021-08-17;1149;3414;324568;288764;78.8;70.1
41;2020-12-27;0;0;0;0;0.0;0.0
41;2020-12-28;0;0;0;0;0.0;0.0
41;2020-12-29;0;0;0;0;0.0;0.0
41;2020-12-30;0;0;0;0;0.0;0.0
41;2020-12-31;0;0;0;0;0.0;0.0
41;2021-01-01;0;0;0;0;0.0;0.0
41;2021-01-02;2;0;2;0;0.0;0.0
41;2021-01-03;0;0;2;0;0.0;0.0
41;2021-01-04;0;0;2;0;0.0;0.0
41;2021-01-05;35;0;37;0;0.0;0.0
41;2021-01-06;72;0;109;0;0.0;0.0
41;2021-01-07;21;0;130;0;0.0;0.0
41;2021-01-08;1;0;131;0;0.0;0.0
41;2021-01-09;0;0;131;0;0.0;0.0
41;2021-01-10;0;0;131;0;0.0;0.0
41;2021-01-11;133;0;264;0;0.1;0.0
41;2021-01-12;321;1;585;1;0.2;0.0
41;2021-01-13;270;0;855;1;0.3;0.0
41;2021-01-14;283;1;1138;2;0.3;0.0
41;2021-01-15;215;1;1353;3;0.4;0.0
41;2021-01-16;0;0;1353;3;0.4;0.0
41;2021-01-17;0;0;1353;3;0.4;0.0
41;2021-01-18;397;2;1750;5;0.5;0.0
41;2021-01-19;857;0;2607;5;0.8;0.0
41;2021-01-20;1056;3;3663;8;1.1;0.0
41;2021-01-21;1567;2;5230;10;1.6;0.0
41;2021-01-22;835;0;6065;10;1.9;0.0
41;2021-01-23;92;0;6157;10;1.9;0.0
41;2021-01-24;0;0;6157;10;1.9;0.0
41;2021-01-25;421;1;6578;11;2.0;0.0
41;2021-01-26;473;2;7051;13;2.2;0.0
41;2021-01-27;441;1;7492;14;2.3;0.0
41;2021-01-28;604;56;8096;70;2.5;0.0
41;2021-01-29;260;30;8356;100;2.5;0.0
41;2021-01-30;0;0;8356;100;2.5;0.0
41;2021-01-31;0;0;8356;100;2.5;0.0
41;2021-02-01;350;147;8706;247;2.7;0.1
41;2021-02-02;471;231;9177;478;2.8;0.1
41;2021-02-03;341;202;9518;680;2.9;0.2
41;2021-02-04;559;154;10077;834;3.1;0.3
41;2021-02-05;329;192;10406;1026;3.2;0.3
41;2021-02-06;4;0;10410;1026;3.2;0.3
41;2021-02-07;2;0;10412;1026;3.2;0.3
41;2021-02-08;306;308;10718;1334;3.3;0.4
41;2021-02-09;598;456;11316;1790;3.5;0.5
41;2021-02-10;486;692;11802;2482;3.6;0.8
41;2021-02-11;1066;1157;12868;3639;3.9;1.1
41;2021-02-12;688;356;13556;3995;4.1;1.2
41;2021-02-13;9;5;13565;4000;4.1;1.2
41;2021-02-14;2;27;13567;4027;4.1;1.2
41;2021-02-15;314;307;13881;4334;4.2;1.3
41;2021-02-16;354;566;14235;4900;4.3;1.5
41;2021-02-17;318;459;14553;5359;4.4;1.6
41;2021-02-18;617;320;15170;5679;4.6;1.7
41;2021-02-19;456;336;15626;6015;4.8;1.8
41;2021-02-20;69;58;15695;6073;4.8;1.9
41;2021-02-21;0;0;15695;6073;4.8;1.9
41;2021-02-22;310;419;16005;6492;4.9;2.0
41;2021-02-23;454;351;16459;6843;5.0;2.1
41;2021-02-24;281;442;16740;7285;5.1;2.2
41;2021-02-25;674;458;17414;7743;5.3;2.4
41;2021-02-26;630;252;18044;7995;5.5;2.4
41;2021-02-27;161;4;18205;7999;5.6;2.4
41;2021-02-28;4;31;18209;8030;5.6;2.4
41;2021-03-01;310;311;18519;8341;5.6;2.5
41;2021-03-02;648;412;19167;8753;5.8;2.7
41;2021-03-03;497;410;19664;9163;6.0;2.8
41;2021-03-04;784;836;20448;9999;6.2;3.1
41;2021-03-05;840;672;21288;10671;6.5;3.3
41;2021-03-06;715;21;22003;10692;6.7;3.3
41;2021-03-07;498;17;22501;10709;6.9;3.3
41;2021-03-08;299;377;22800;11086;7.0;3.4
41;2021-03-09;1042;451;23842;11537;7.3;3.5
41;2021-03-10;721;455;24563;11992;7.5;3.7
41;2021-03-11;1182;682;25745;12674;7.9;3.9
41;2021-03-12;1114;411;26859;13085;8.2;4.0
41;2021-03-13;1222;15;28081;13100;8.6;4.0
41;2021-03-14;392;3;28473;13103;8.7;4.0
41;2021-03-15;797;352;29270;13455;8.9;4.1
41;2021-03-16;1061;408;30331;13863;9.3;4.2
41;2021-03-17;587;240;30918;14103;9.4;4.3
41;2021-03-18;925;401;31843;14504;9.7;4.4
41;2021-03-19;911;332;32754;14836;10.0;4.5
41;2021-03-20;539;18;33293;14854;10.2;4.5
41;2021-03-21;1;0;33294;14854;10.2;4.5
41;2021-03-22;809;272;34103;15126;10.4;4.6
41;2021-03-23;1309;491;35412;15617;10.8;4.8
41;2021-03-24;1231;366;36643;15983;11.2;4.9
41;2021-03-25;2026;436;38669;16419;11.8;5.0
41;2021-03-26;1655;324;40324;16743;12.3;5.1
41;2021-03-27;451;57;40775;16800;12.4;5.1
41;2021-03-28;1;0;40776;16800;12.4;5.1
41;2021-03-29;938;308;41714;17108;12.7;5.2
41;2021-03-30;1496;594;43210;17702;13.2;5.4
41;2021-03-31;1147;493;44357;18195;13.5;5.6
41;2021-04-01;2252;562;46609;18757;14.2;5.7
41;2021-04-02;1242;474;47851;19231;14.6;5.9
41;2021-04-03;321;5;48172;19236;14.7;5.9
41;2021-04-04;39;0;48211;19236;14.7;5.9
41;2021-04-05;140;2;48351;19238;14.7;5.9
41;2021-04-06;1301;625;49652;19863;15.1;6.1
41;2021-04-07;1851;703;51503;20566;15.7;6.3
41;2021-04-08;2294;920;53797;21486;16.4;6.6
41;2021-04-09;2568;609;56365;22095;17.2;6.7
41;2021-04-10;954;497;57319;22592;17.5;6.9
41;2021-04-11;279;376;57598;22968;17.6;7.0
41;2021-04-12;1688;655;59286;23623;18.1;7.2
41;2021-04-13;2262;983;61548;24606;18.8;7.5
41;2021-04-14;1793;552;63341;25158;19.3;7.7
41;2021-04-15;2385;972;65726;26130;20.0;8.0
41;2021-04-16;1931;624;67657;26754;20.6;8.2
41;2021-04-17;647;136;68304;26890;20.8;8.2
41;2021-04-18;5;0;68309;26890;20.8;8.2
41;2021-04-19;1262;743;69571;27633;21.2;8.4
41;2021-04-20;2004;1203;71575;28836;21.8;8.8
41;2021-04-21;1504;914;73079;29750;22.3;9.1
41;2021-04-22;2236;1595;75315;31345;23.0;9.6
41;2021-04-23;1735;1078;77050;32423;23.5;9.9
41;2021-04-24;1544;278;78594;32701;24.0;10.0
41;2021-04-25;1007;19;79601;32720;24.3;10.0
41;2021-04-26;1357;628;80958;33348;24.7;10.2
41;2021-04-27;2094;1040;83052;34388;25.3;10.5
41;2021-04-28;1561;860;84613;35248;25.8;10.8
41;2021-04-29;2211;1374;86824;36622;26.5;11.2
41;2021-04-30;1962;869;88786;37491;27.1;11.4
41;2021-05-01;189;12;88975;37503;27.1;11.4
41;2021-05-02;107;17;89082;37520;27.2;11.4
41;2021-05-03;1866;891;90948;38411;27.7;11.7
41;2021-05-04;2096;1546;93044;39957;28.4;12.2
41;2021-05-05;1881;1191;94925;41148;29.0;12.6
41;2021-05-06;2448;1696;97373;42844;29.7;13.1
41;2021-05-07;2018;1800;99391;44644;30.3;13.6
41;2021-05-08;203;154;99594;44798;30.4;13.7
41;2021-05-09;11;354;99605;45152;30.4;13.8
41;2021-05-10;1590;1556;101195;46708;30.9;14.2
41;2021-05-11;2087;2099;103282;48807;31.5;14.9
41;2021-05-12;1952;1676;105234;50483;32.1;15.4
41;2021-05-13;1485;946;106719;51429;32.6;15.7
41;2021-05-14;1576;1303;108295;52732;33.0;16.1
41;2021-05-15;206;294;108501;53026;33.1;16.2
41;2021-05-16;4;0;108505;53026;33.1;16.2
41;2021-05-17;2483;561;110988;53587;33.9;16.3
41;2021-05-18;3137;1029;114125;54616;34.8;16.7
41;2021-05-19;2554;673;116679;55289;35.6;16.9
41;2021-05-20;3349;1153;120028;56442;36.6;17.2
41;2021-05-21;2727;967;122755;57409;37.4;17.5
41;2021-05-22;397;237;123152;57646;37.6;17.6
41;2021-05-23;6;2;123158;57648;37.6;17.6
41;2021-05-24;2605;145;125763;57793;38.4;17.6
41;2021-05-25;2989;577;128752;58370;39.3;17.8
41;2021-05-26;3037;647;131789;59017;40.2;18.0
41;2021-05-27;3296;1110;135085;60127;41.2;18.3
41;2021-05-28;3143;980;138228;61107;42.2;18.6
41;2021-05-29;2075;429;140303;61536;42.8;18.8
41;2021-05-30;344;22;140647;61558;42.9;18.8
41;2021-05-31;1711;1506;142358;63064;43.4;19.2
41;2021-06-01;2262;2012;144620;65076;44.1;19.9
41;2021-06-02;1831;1290;146451;66366;44.7;20.2
41;2021-06-03;2597;1942;149048;68308;45.5;20.8
41;2021-06-04;2306;1964;151354;70272;46.2;21.4
41;2021-06-05;611;1583;151965;71855;46.4;21.9
41;2021-06-06;108;927;152073;72782;46.4;22.2
41;2021-06-07;1516;1532;153589;74314;46.8;22.7
41;2021-06-08;1713;2414;155302;76728;47.4;23.4
41;2021-06-09;1615;1643;156917;78371;47.9;23.9
41;2021-06-10;1917;1817;158834;80188;48.4;24.5
41;2021-06-11;1572;1796;160406;81984;48.9;25.0
41;2021-06-12;663;649;161069;82633;49.1;25.2
41;2021-06-13;12;77;161081;82710;49.1;25.2
41;2021-06-14;1269;1964;162350;84674;49.5;25.8
41;2021-06-15;1836;2762;164186;87436;50.1;26.7
41;2021-06-16;1725;2310;165911;89746;50.6;27.4
41;2021-06-17;1811;2576;167722;92322;51.2;28.2
41;2021-06-18;1666;2401;169388;94723;51.7;28.9
41;2021-06-19;412;532;169800;95255;51.8;29.1
41;2021-06-20;11;32;169811;95287;51.8;29.1
41;2021-06-21;1325;1780;171136;97067;52.2;29.6
41;2021-06-22;1618;2564;172754;99631;52.7;30.4
41;2021-06-23;1375;2046;174129;101677;53.1;31.0
41;2021-06-24;1483;2310;175612;103987;53.6;31.7
41;2021-06-25;1294;2618;176906;106605;54.0;32.5
41;2021-06-26;435;614;177341;107219;54.1;32.7
41;2021-06-27;1;4;177342;107223;54.1;32.7
41;2021-06-28;404;2697;177746;109920;54.2;33.5
41;2021-06-29;666;3440;178412;113360;54.4;34.6
41;2021-06-30;552;3068;178964;116428;54.6;35.5
41;2021-07-01;767;3106;179731;119534;54.8;36.5
41;2021-07-02;590;3499;180321;123033;55.0;37.5
41;2021-07-03;158;647;180479;123680;55.1;37.7
41;2021-07-04;1;2;180480;123682;55.1;37.7
41;2021-07-05;287;2820;180767;126502;55.1;38.6
41;2021-07-06;666;3635;181433;130137;55.3;39.7
41;2021-07-07;479;3139;181912;133276;55.5;40.7
41;2021-07-08;942;3370;182854;136646;55.8;41.7
41;2021-07-09;537;3642;183391;140288;55.9;42.8
41;2021-07-10;247;2088;183638;142376;56.0;43.4
41;2021-07-11;5;281;183643;142657;56.0;43.5
41;2021-07-12;860;2290;184503;144947;56.3;44.2
41;2021-07-13;1198;3288;185701;148235;56.6;45.2
41;2021-07-14;140;1080;185841;149315;56.7;45.5
41;2021-07-15;1332;3321;187173;152636;57.1;46.6
41;2021-07-16;1089;3392;188262;156028;57.4;47.6
41;2021-07-17;341;807;188603;156835;57.5;47.8
41;2021-07-18;24;32;188627;156867;57.5;47.8
41;2021-07-19;1189;2319;189816;159186;57.9;48.6
41;2021-07-20;1638;2746;191454;161932;58.4;49.4
41;2021-07-21;1705;2087;193159;164019;58.9;50.0
41;2021-07-22;2259;2304;195418;166323;59.6;50.7
41;2021-07-23;2097;2475;197515;168798;60.2;51.5
41;2021-07-24;328;840;197843;169638;60.3;51.7
41;2021-07-25;17;23;197860;169661;60.4;51.8
41;2021-07-26;1897;1684;199757;171345;60.9;52.3
41;2021-07-27;2532;2340;202289;173685;61.7;53.0
41;2021-07-28;2161;1828;204450;175513;62.4;53.5
41;2021-07-29;2336;2023;206786;177536;63.1;54.2
41;2021-07-30;2151;2084;208937;179620;63.7;54.8
41;2021-07-31;378;579;209315;180199;63.8;55.0
41;2021-08-01;17;7;209332;180206;63.9;55.0
41;2021-08-02;1544;1607;210876;181813;64.3;55.5
41;2021-08-03;2507;1858;213383;183671;65.1;56.0
41;2021-08-04;2292;1197;215675;184868;65.8;56.4
41;2021-08-05;3029;1256;218704;186124;66.7;56.8
41;2021-08-06;2206;1300;220910;187424;67.4;57.2
41;2021-08-07;508;346;221418;187770;67.5;57.3
41;2021-08-08;13;20;221431;187790;67.5;57.3
41;2021-08-09;1685;1353;223116;189143;68.1;57.7
41;2021-08-10;2559;1414;225675;190557;68.8;58.1
41;2021-08-11;1591;1435;227266;191992;69.3;58.6
41;2021-08-12;1933;1331;229199;193323;69.9;59.0
41;2021-08-13;1436;1687;230635;195010;70.4;59.5
41;2021-08-14;362;204;230997;195214;70.5;59.5
41;2021-08-15;0;16;230997;195230;70.5;59.6
41;2021-08-16;865;2063;231862;197293;70.7;60.2
41;2021-08-17;1494;1627;233356;198920;71.2;60.7
42;2020-12-27;2;0;2;0;0.0;0.0
42;2020-12-28;0;0;2;0;0.0;0.0
42;2020-12-29;0;0;2;0;0.0;0.0
42;2020-12-30;0;0;2;0;0.0;0.0
42;2020-12-31;0;0;2;0;0.0;0.0
42;2021-01-01;0;0;2;0;0.0;0.0
42;2021-01-02;0;0;2;0;0.0;0.0
42;2021-01-03;0;0;2;0;0.0;0.0
42;2021-01-04;1;0;3;0;0.0;0.0
42;2021-01-05;1;0;4;0;0.0;0.0
42;2021-01-06;178;1;182;1;0.0;0.0
42;2021-01-07;256;0;438;1;0.1;0.0
42;2021-01-08;264;1;702;2;0.1;0.0
42;2021-01-09;136;0;838;2;0.1;0.0
42;2021-01-10;0;0;838;2;0.1;0.0
42;2021-01-11;293;2;1131;4;0.1;0.0
42;2021-01-12;412;1;1543;5;0.2;0.0
42;2021-01-13;527;2;2070;7;0.3;0.0
42;2021-01-14;772;4;2842;11;0.4;0.0
42;2021-01-15;703;4;3545;15;0.5;0.0
42;2021-01-16;298;1;3843;16;0.5;0.0
42;2021-01-17;219;0;4062;16;0.5;0.0
42;2021-01-18;969;1;5031;17;0.7;0.0
42;2021-01-19;1328;11;6359;28;0.8;0.0
42;2021-01-20;956;4;7315;32;1.0;0.0
42;2021-01-21;1020;6;8335;38;1.1;0.0
42;2021-01-22;992;6;9327;44;1.2;0.0
42;2021-01-23;401;0;9728;44;1.3;0.0
42;2021-01-24;358;0;10086;44;1.3;0.0
42;2021-01-25;1099;13;11185;57;1.5;0.0
42;2021-01-26;1746;19;12931;76;1.7;0.0
42;2021-01-27;1457;123;14388;199;1.9;0.0
42;2021-01-28;1666;141;16054;340;2.1;0.0
42;2021-01-29;946;118;17000;458;2.2;0.1
42;2021-01-30;257;113;17257;571;2.3;0.1
42;2021-01-31;258;2;17515;573;2.3;0.1
42;2021-02-01;735;62;18250;635;2.4;0.1
42;2021-02-02;1804;296;20054;931;2.6;0.1
42;2021-02-03;1517;488;21571;1419;2.8;0.2
42;2021-02-04;1283;615;22854;2034;3.0;0.3
42;2021-02-05;684;528;23538;2562;3.1;0.3
42;2021-02-06;303;149;23841;2711;3.1;0.4
42;2021-02-07;275;153;24116;2864;3.2;0.4
42;2021-02-08;508;620;24624;3484;3.2;0.5
42;2021-02-09;703;802;25327;4286;3.3;0.6
42;2021-02-10;740;691;26067;4977;3.4;0.7
42;2021-02-11;770;680;26837;5657;3.5;0.7
42;2021-02-12;675;753;27512;6410;3.6;0.8
42;2021-02-13;427;304;27939;6714;3.7;0.9
42;2021-02-14;186;228;28125;6942;3.7;0.9
42;2021-02-15;522;820;28647;7762;3.7;1.0
42;2021-02-16;488;1246;29135;9008;3.8;1.2
42;2021-02-17;517;1535;29652;10543;3.9;1.4
42;2021-02-18;754;1385;30406;11928;4.0;1.6
42;2021-02-19;767;1021;31173;12949;4.1;1.7
42;2021-02-20;248;412;31421;13361;4.1;1.7
42;2021-02-21;63;328;31484;13689;4.1;1.8
42;2021-02-22;575;967;32059;14656;4.2;1.9
42;2021-02-23;1205;1429;33264;16085;4.3;2.1
42;2021-02-24;1242;1223;34506;17308;4.5;2.3
42;2021-02-25;1667;1419;36173;18727;4.7;2.4
42;2021-02-26;1646;929;37819;19656;4.9;2.6
42;2021-02-27;580;295;38399;19951;5.0;2.6
42;2021-02-28;166;126;38565;20077;5.0;2.6
42;2021-03-01;808;848;39373;20925;5.1;2.7
42;2021-03-02;1275;813;40648;21738;5.3;2.8
42;2021-03-03;1366;804;42014;22542;5.5;2.9
42;2021-03-04;1705;714;43719;23256;5.7;3.0
42;2021-03-05;2626;664;46345;23920;6.1;3.1
42;2021-03-06;1932;262;48277;24182;6.3;3.2
42;2021-03-07;1492;91;49769;24273;6.5;3.2
42;2021-03-08;1405;511;51174;24784;6.7;3.2
42;2021-03-09;1984;457;53158;25241;7.0;3.3
42;2021-03-10;2053;497;55211;25738;7.2;3.4
42;2021-03-11;3048;606;58259;26344;7.6;3.4
42;2021-03-12;3007;823;61266;27167;8.0;3.6
42;2021-03-13;1479;360;62745;27527;8.2;3.6
42;2021-03-14;472;177;63217;27704;8.3;3.6
42;2021-03-15;1571;596;64788;28300;8.5;3.7
42;2021-03-16;1472;778;66260;29078;8.7;3.8
42;2021-03-17;1718;1075;67978;30153;8.9;3.9
42;2021-03-18;1804;1030;69782;31183;9.1;4.1
42;2021-03-19;2566;673;72348;31856;9.5;4.2
42;2021-03-20;1671;228;74019;32084;9.7;4.2
42;2021-03-21;527;97;74546;32181;9.7;4.2
42;2021-03-22;1427;734;75973;32915;9.9;4.3
42;2021-03-23;2505;856;78478;33771;10.3;4.4
42;2021-03-24;2783;784;81261;34555;10.6;4.5
42;2021-03-25;3720;933;84981;35488;11.1;4.6
42;2021-03-26;3760;784;88741;36272;11.6;4.7
42;2021-03-27;1806;446;90547;36718;11.8;4.8
42;2021-03-28;1040;212;91587;36930;12.0;4.8
42;2021-03-29;2062;921;93649;37851;12.2;4.9
42;2021-03-30;3144;862;96793;38713;12.7;5.1
42;2021-03-31;2442;1070;99235;39783;13.0;5.2
42;2021-04-01;3391;1043;102626;40826;13.4;5.3
42;2021-04-02;2849;1221;105475;42047;13.8;5.5
42;2021-04-03;1419;606;106894;42653;14.0;5.6
42;2021-04-04;1404;392;108298;43045;14.2;5.6
42;2021-04-05;1900;296;110198;43341;14.4;5.7
42;2021-04-06;2292;1409;112490;44750;14.7;5.9
42;2021-04-07;2757;1827;115247;46577;15.1;6.1
42;2021-04-08;4022;1589;119269;48166;15.6;6.3
42;2021-04-09;5131;1539;124400;49705;16.3;6.5
42;2021-04-10;2590;759;126990;50464;16.6;6.6
42;2021-04-11;1955;422;128945;50886;16.9;6.7
42;2021-04-12;3698;1543;132643;52429;17.3;6.9
42;2021-04-13;4658;1809;137301;54238;18.0;7.1
42;2021-04-14;4313;1897;141614;56135;18.5;7.3
42;2021-04-15;4808;1816;146422;57951;19.1;7.6
42;2021-04-16;4617;1881;151039;59832;19.8;7.8
42;2021-04-17;2981;1072;154020;60904;20.1;8.0
42;2021-04-18;1884;413;155904;61317;20.4;8.0
42;2021-04-19;3089;1536;158993;62853;20.8;8.2
42;2021-04-20;3466;1949;162459;64802;21.2;8.5
42;2021-04-21;3475;1747;165934;66549;21.7;8.7
42;2021-04-22;3769;1945;169703;68494;22.2;9.0
42;2021-04-23;3836;2008;173539;70502;22.7;9.2
42;2021-04-24;2361;1517;175900;72019;23.0;9.4
42;2021-04-25;1659;944;177559;72963;23.2;9.5
42;2021-04-26;3276;1728;180835;74691;23.6;9.8
42;2021-04-27;3257;2209;184092;76900;24.1;10.1
42;2021-04-28;3464;2620;187556;79520;24.5;10.4
42;2021-04-29;3770;2803;191326;82323;25.0;10.8
42;2021-04-30;3361;3031;194687;85354;25.5;11.2
42;2021-05-01;2969;1046;197656;86400;25.8;11.3
42;2021-05-02;1936;1258;199592;87658;26.1;11.5
42;2021-05-03;2869;2767;202461;90425;26.5;11.8
42;2021-05-04;3418;3127;205879;93552;26.9;12.2
42;2021-05-05;3331;3398;209210;96950;27.4;12.7
42;2021-05-06;3888;3766;213098;100716;27.9;13.2
42;2021-05-07;3731;4032;216829;104748;28.4;13.7
42;2021-05-08;3165;1067;219994;105815;28.8;13.8
42;2021-05-09;1505;2212;221499;108027;29.0;14.1
42;2021-05-10;3250;3829;224749;111856;29.4;14.6
42;2021-05-11;5576;3911;230325;115767;30.1;15.1
42;2021-05-12;5343;3567;235668;119334;30.8;15.6
42;2021-05-13;5454;1142;241122;120476;31.5;15.8
42;2021-05-14;5242;2926;246364;123402;32.2;16.1
42;2021-05-15;4881;2118;251245;125520;32.9;16.4
42;2021-05-16;2872;1036;254117;126556;33.2;16.5
42;2021-05-17;5888;2839;260005;129395;34.0;16.9
42;2021-05-18;6252;2979;266257;132374;34.8;17.3
42;2021-05-19;6525;2749;272782;135123;35.7;17.7
42;2021-05-20;7106;2892;279888;138015;36.6;18.0
42;2021-05-21;6352;3269;286240;141284;37.4;18.5
42;2021-05-22;5837;2125;292077;143409;38.2;18.8
42;2021-05-23;2835;872;294912;144281;38.6;18.9
42;2021-05-24;5251;1430;300163;145711;39.3;19.1
42;2021-05-25;5154;3945;305317;149656;39.9;19.6
42;2021-05-26;5161;3457;310478;153113;40.6;20.0
42;2021-05-27;5366;3635;315844;156748;41.3;20.5
42;2021-05-28;5039;4205;320883;160953;42.0;21.0
42;2021-05-29;4344;2985;325227;163938;42.5;21.4
42;2021-05-30;1981;1209;327208;165147;42.8;21.6
42;2021-05-31;4242;3425;331450;168572;43.3;22.0
42;2021-06-01;4593;3570;336043;172142;43.9;22.5
42;2021-06-02;4478;3013;340521;175155;44.5;22.9
42;2021-06-03;4928;3839;345449;178994;45.2;23.4
42;2021-06-04;4767;4220;350216;183214;45.8;24.0
42;2021-06-05;3688;2424;353904;185638;46.3;24.3
42;2021-06-06;1445;1293;355349;186931;46.5;24.4
42;2021-06-07;3991;3373;359340;190304;47.0;24.9
42;2021-06-08;3464;3243;362804;193547;47.4;25.3
42;2021-06-09;2961;3202;365765;196749;47.8;25.7
42;2021-06-10;3241;2933;369006;199682;48.3;26.1
42;2021-06-11;3588;4116;372594;203798;48.7;26.6
42;2021-06-12;2863;2880;375457;206678;49.1;27.0
42;2021-06-13;943;1278;376400;207956;49.2;27.2
42;2021-06-14;2313;4062;378713;212018;49.5;27.7
42;2021-06-15;2831;4072;381544;216090;49.9;28.3
42;2021-06-16;2925;3550;384469;219640;50.3;28.7
42;2021-06-17;2637;3741;387106;223381;50.6;29.2
42;2021-06-18;3091;5148;390197;228529;51.0;29.9
42;2021-06-19;2848;4242;393045;232771;51.4;30.4
42;2021-06-20;857;1842;393902;234613;51.5;30.7
42;2021-06-21;1907;6277;395809;240890;51.8;31.5
42;2021-06-22;1875;5893;397684;246783;52.0;32.3
42;2021-06-23;1841;5320;399525;252103;52.2;33.0
42;2021-06-24;1786;4683;401311;256786;52.5;33.6
42;2021-06-25;2039;6951;403350;263737;52.7;34.5
42;2021-06-26;1409;5817;404759;269554;52.9;35.2
42;2021-06-27;757;2854;405516;272408;53.0;35.6
42;2021-06-28;1745;7057;407261;279465;53.3;36.5
42;2021-06-29;1528;6562;408789;286027;53.5;37.4
42;2021-06-30;1966;5762;410755;291789;53.7;38.2
42;2021-07-01;1778;5119;412533;296908;53.9;38.8
42;2021-07-02;2048;6747;414581;303655;54.2;39.7
42;2021-07-03;1759;5975;416340;309630;54.4;40.5
42;2021-07-04;853;2512;417193;312142;54.6;40.8
42;2021-07-05;1715;6285;418908;318427;54.8;41.6
42;2021-07-06;2104;5573;421012;324000;55.1;42.4
42;2021-07-07;2335;4658;423347;328658;55.4;43.0
42;2021-07-08;2272;3961;425619;332619;55.7;43.5
42;2021-07-09;2415;6099;428034;338718;56.0;44.3
42;2021-07-10;1695;5586;429729;344304;56.2;45.0
42;2021-07-11;920;2299;430649;346603;56.3;45.3
42;2021-07-12;1775;6289;432424;352892;56.5;46.1
42;2021-07-13;3605;6277;436029;359169;57.0;47.0
42;2021-07-14;4474;2051;440503;361220;57.6;47.2
42;2021-07-15;4556;5620;445059;366840;58.2;48.0
42;2021-07-16;4443;6191;449502;373031;58.8;48.8
42;2021-07-17;3218;4700;452720;377731;59.2;49.4
42;2021-07-18;1840;1743;454560;379474;59.4;49.6
42;2021-07-19;3797;5071;458357;384545;59.9;50.3
42;2021-07-20;4714;4858;463071;389403;60.6;50.9
42;2021-07-21;5168;4712;468239;394115;61.2;51.5
42;2021-07-22;5493;3932;473732;398047;61.9;52.1
42;2021-07-23;5469;5105;479201;403152;62.7;52.7
42;2021-07-24;4027;3822;483228;406974;63.2;53.2
42;2021-07-25;1652;1384;484880;408358;63.4;53.4
42;2021-07-26;4717;4326;489597;412684;64.0;54.0
42;2021-07-27;5312;3954;494909;416638;64.7;54.5
42;2021-07-28;5752;3669;500661;420307;65.5;55.0
42;2021-07-29;5637;3425;506298;423732;66.2;55.4
42;2021-07-30;5100;3756;511398;427488;66.9;55.9
42;2021-07-31;4718;3049;516116;430537;67.5;56.3
42;2021-08-01;2477;1306;518593;431843;67.8;56.5
42;2021-08-02;4316;3103;522909;434946;68.4;56.9
42;2021-08-03;3794;3261;526703;438207;68.9;57.3
42;2021-08-04;3443;3217;530146;441424;69.3;57.7
42;2021-08-05;3383;3310;533529;444734;69.8;58.2
42;2021-08-06;3595;3976;537124;448710;70.2;58.7
42;2021-08-07;2997;3047;540121;451757;70.6;59.1
42;2021-08-08;1185;1706;541306;453463;70.8;59.3
42;2021-08-09;2784;3840;544090;457303;71.1;59.8
42;2021-08-10;3246;3896;547336;461199;71.6;60.3
42;2021-08-11;2575;3507;549911;464706;71.9;60.8
42;2021-08-12;2504;3549;552415;468255;72.2;61.2
42;2021-08-13;2305;3882;554720;472137;72.5;61.7
42;2021-08-14;1635;3257;556355;475394;72.8;62.2
42;2021-08-15;595;1022;556950;476416;72.8;62.3
42;2021-08-16;2054;4549;559004;480965;73.1;62.9
42;2021-08-17;2221;4144;561225;485109;73.4;63.4
43;2020-12-27;0;0;0;0;0.0;0.0
43;2020-12-28;0;0;0;0;0.0;0.0
43;2020-12-29;0;0;0;0;0.0;0.0
43;2020-12-30;0;0;0;0;0.0;0.0
43;2020-12-31;0;0;0;0;0.0;0.0
43;2021-01-01;0;0;0;0;0.0;0.0
43;2021-01-02;0;0;0;0;0.0;0.0
43;2021-01-03;0;0;0;0;0.0;0.0
43;2021-01-04;1;0;1;0;0.0;0.0
43;2021-01-05;0;0;1;0;0.0;0.0
43;2021-01-06;0;0;1;0;0.0;0.0
43;2021-01-07;167;0;168;0;0.1;0.0
43;2021-01-08;151;1;319;1;0.1;0.0
43;2021-01-09;0;0;319;1;0.1;0.0
43;2021-01-10;0;0;319;1;0.1;0.0
43;2021-01-11;137;0;456;1;0.2;0.0
43;2021-01-12;244;1;700;2;0.3;0.0
43;2021-01-13;244;1;944;3;0.4;0.0
43;2021-01-14;294;2;1238;5;0.5;0.0
43;2021-01-15;303;2;1541;7;0.7;0.0
43;2021-01-16;32;0;1573;7;0.7;0.0
43;2021-01-17;0;0;1573;7;0.7;0.0
43;2021-01-18;760;5;2333;12;1.0;0.0
43;2021-01-19;776;6;3109;18;1.4;0.0
43;2021-01-20;519;0;3628;18;1.6;0.0
43;2021-01-21;446;2;4074;20;1.8;0.0
43;2021-01-22;465;7;4539;27;2.0;0.0
43;2021-01-23;1;0;4540;27;2.0;0.0
43;2021-01-24;1;0;4541;27;2.0;0.0
43;2021-01-25;539;0;5080;27;2.2;0.0
43;2021-01-26;615;5;5695;32;2.5;0.0
43;2021-01-27;740;0;6435;32;2.8;0.0
43;2021-01-28;747;32;7182;64;3.2;0.0
43;2021-01-29;719;84;7901;148;3.5;0.1
43;2021-01-30;109;0;8010;148;3.5;0.1
43;2021-01-31;0;0;8010;148;3.5;0.1
43;2021-02-01;404;101;8414;249;3.7;0.1
43;2021-02-02;715;151;9129;400;4.0;0.2
43;2021-02-03;691;43;9820;443;4.3;0.2
43;2021-02-04;523;170;10343;613;4.6;0.3
43;2021-02-05;544;172;10887;785;4.8;0.3
43;2021-02-06;164;19;11051;804;4.9;0.4
43;2021-02-07;0;0;11051;804;4.9;0.4
43;2021-02-08;411;304;11462;1108;5.1;0.5
43;2021-02-09;369;432;11831;1540;5.2;0.7
43;2021-02-10;400;362;12231;1902;5.4;0.8
43;2021-02-11;388;396;12619;2298;5.6;1.0
43;2021-02-12;425;202;13044;2500;5.7;1.1
43;2021-02-13;570;40;13614;2540;6.0;1.1
43;2021-02-14;0;0;13614;2540;6.0;1.1
43;2021-02-15;68;479;13682;3019;6.0;1.3
43;2021-02-16;41;375;13723;3394;6.0;1.5
43;2021-02-17;87;486;13810;3880;6.1;1.7
43;2021-02-18;147;379;13957;4259;6.2;1.9
43;2021-02-19;278;513;14235;4772;6.3;2.1
43;2021-02-20;22;4;14257;4776;6.3;2.1
43;2021-02-21;0;0;14257;4776;6.3;2.1
43;2021-02-22;16;501;14273;5277;6.3;2.3
43;2021-02-23;201;799;14474;6076;6.4;2.7
43;2021-02-24;147;724;14621;6800;6.4;3.0
43;2021-02-25;227;695;14848;7495;6.5;3.3
43;2021-02-26;222;671;15070;8166;6.6;3.6
43;2021-02-27;138;75;15208;8241;6.7;3.6
43;2021-02-28;1;0;15209;8241;6.7;3.6
43;2021-03-01;210;477;15419;8718;6.8;3.8
43;2021-03-02;342;581;15761;9299;6.9;4.1
43;2021-03-03;339;588;16100;9887;7.1;4.4
43;2021-03-04;551;462;16651;10349;7.3;4.6
43;2021-03-05;566;451;17217;10800;7.6;4.8
43;2021-03-06;489;179;17706;10979;7.8;4.8
43;2021-03-07;12;0;17718;10979;7.8;4.8
43;2021-03-08;446;445;18164;11424;8.0;5.0
43;2021-03-09;621;354;18785;11778;8.3;5.2
43;2021-03-10;674;500;19459;12278;8.6;5.4
43;2021-03-11;953;439;20412;12717;9.0;5.6
43;2021-03-12;945;427;21357;13144;9.4;5.8
43;2021-03-13;792;115;22149;13259;9.8;5.8
43;2021-03-14;2;0;22151;13259;9.8;5.8
43;2021-03-15;706;142;22857;13401;10.1;5.9
43;2021-03-16;847;282;23704;13683;10.4;6.0
43;2021-03-17;638;135;24342;13818;10.7;6.1
43;2021-03-18;675;135;25017;13953;11.0;6.1
43;2021-03-19;839;108;25856;14061;11.4;6.2
43;2021-03-20;450;60;26306;14121;11.6;6.2
43;2021-03-21;0;0;26306;14121;11.6;6.2
43;2021-03-22;744;39;27050;14160;11.9;6.2
43;2021-03-23;872;43;27922;14203;12.3;6.3
43;2021-03-24;1174;76;29096;14279;12.8;6.3
43;2021-03-25;1594;149;30690;14428;13.5;6.4
43;2021-03-26;1609;185;32299;14613;14.2;6.4
43;2021-03-27;1449;72;33748;14685;14.9;6.5
43;2021-03-28;420;20;34168;14705;15.1;6.5
43;2021-03-29;1095;170;35263;14875;15.5;6.6
43;2021-03-30;1313;238;36576;15113;16.1;6.7
43;2021-03-31;1305;256;37881;15369;16.7;6.8
43;2021-04-01;1346;337;39227;15706;17.3;6.9
43;2021-04-02;1052;352;40279;16058;17.8;7.1
43;2021-04-03;339;198;40618;16256;17.9;7.2
43;2021-04-04;0;0;40618;16256;17.9;7.2
43;2021-04-05;3;0;40621;16256;17.9;7.2
43;2021-04-06;688;603;41309;16859;18.2;7.4
43;2021-04-07;868;575;42177;17434;18.6;7.7
43;2021-04-08;1086;462;43263;17896;19.1;7.9
43;2021-04-09;1148;658;44411;18554;19.6;8.2
43;2021-04-10;625;262;45036;18816;19.8;8.3
43;2021-04-11;0;0;45036;18816;19.8;8.3
43;2021-04-12;682;652;45718;19468;20.1;8.6
43;2021-04-13;918;723;46636;20191;20.6;8.9
43;2021-04-14;725;667;47361;20858;20.9;9.2
43;2021-04-15;959;701;48320;21559;21.3;9.5
43;2021-04-16;1008;690;49328;22249;21.7;9.8
43;2021-04-17;423;302;49751;22551;21.9;9.9
43;2021-04-18;3;5;49754;22556;21.9;9.9
43;2021-04-19;628;566;50382;23122;22.2;10.2
43;2021-04-20;840;673;51222;23795;22.6;10.5
43;2021-04-21;320;988;51542;24783;22.7;10.9
43;2021-04-22;679;1014;52221;25797;23.0;11.4
43;2021-04-23;401;1101;52622;26898;23.2;11.9
43;2021-04-24;347;1038;52969;27936;23.3;12.3
43;2021-04-25;23;403;52992;28339;23.4;12.5
43;2021-04-26;386;964;53378;29303;23.5;12.9
43;2021-04-27;825;987;54203;30290;23.9;13.3
43;2021-04-28;794;1107;54997;31397;24.2;13.8
43;2021-04-29;1238;1140;56235;32537;24.8;14.3
43;2021-04-30;1199;1065;57434;33602;25.3;14.8
43;2021-05-01;400;24;57834;33626;25.5;14.8
43;2021-05-02;1;0;57835;33626;25.5;14.8
43;2021-05-03;1218;405;59053;34031;26.0;15.0
43;2021-05-04;1236;952;60289;34983;26.6;15.4
43;2021-05-05;1145;848;61434;35831;27.1;15.8
43;2021-05-06;1404;937;62838;36768;27.7;16.2
43;2021-05-07;1089;1170;63927;37938;28.2;16.7
43;2021-05-08;519;136;64446;38074;28.4;16.8
43;2021-05-09;0;2;64446;38076;28.4;16.8
43;2021-05-10;1085;722;65531;38798;28.9;17.1
43;2021-05-11;1555;1007;67086;39805;29.6;17.5
43;2021-05-12;1481;808;68567;40613;30.2;17.9
43;2021-05-13;936;379;69503;40992;30.6;18.1
43;2021-05-14;2204;1108;71707;42100;31.6;18.6
43;2021-05-15;1271;319;72978;42419;32.2;18.7
43;2021-05-16;272;47;73250;42466;32.3;18.7
43;2021-05-17;1625;628;74875;43094;33.0;19.0
43;2021-05-18;1966;673;76841;43767;33.9;19.3
43;2021-05-19;2067;571;78908;44338;34.8;19.5
43;2021-05-20;2338;805;81246;45143;35.8;19.9
43;2021-05-21;2385;707;83631;45850;36.9;20.2
43;2021-05-22;1208;340;84839;46190;37.4;20.4
43;2021-05-23;1;0;84840;46190;37.4;20.4
43;2021-05-24;382;99;85222;46289;37.6;20.4
43;2021-05-25;1408;652;86630;46941;38.2;20.7
43;2021-05-26;1349;557;87979;47498;38.8;20.9
43;2021-05-27;1389;710;89368;48208;39.4;21.2
43;2021-05-28;1348;734;90716;48942;40.0;21.6
43;2021-05-29;1135;602;91851;49544;40.5;21.8
43;2021-05-30;149;17;92000;49561;40.5;21.8
43;2021-05-31;1208;442;93208;50003;41.1;22.0
43;2021-06-01;1277;984;94485;50987;41.6;22.5
43;2021-06-02;1086;700;95571;51687;42.1;22.8
43;2021-06-03;1193;856;96764;52543;42.6;23.2
43;2021-06-04;1350;858;98114;53401;43.2;23.5
43;2021-06-05;824;452;98938;53853;43.6;23.7
43;2021-06-06;10;5;98948;53858;43.6;23.7
43;2021-06-07;748;517;99696;54375;43.9;24.0
43;2021-06-08;664;703;100360;55078;44.2;24.3
43;2021-06-09;539;760;100899;55838;44.5;24.6
43;2021-06-10;808;1119;101707;56957;44.8;25.1
43;2021-06-11;759;1347;102466;58304;45.2;25.7
43;2021-06-12;914;513;103380;58817;45.6;25.9
43;2021-06-13;3;27;103383;58844;45.6;25.9
43;2021-06-14;446;1089;103829;59933;45.8;26.4
43;2021-06-15;630;1195;104459;61128;46.0;26.9
43;2021-06-16;549;975;105008;62103;46.3;27.4
43;2021-06-17;602;1503;105610;63606;46.5;28.0
43;2021-06-18;900;1464;106510;65070;46.9;28.7
43;2021-06-19;448;782;106958;65852;47.1;29.0
43;2021-06-20;0;12;106958;65864;47.1;29.0
43;2021-06-21;423;1306;107381;67170;47.3;29.6
43;2021-06-22;532;1960;107913;69130;47.6;30.5
43;2021-06-23;343;1743;108256;70873;47.7;31.2
43;2021-06-24;512;1494;108768;72367;47.9;31.9
43;2021-06-25;596;2346;109364;74713;48.2;32.9
43;2021-06-26;505;1245;109869;75958;48.4;33.5
43;2021-06-27;10;20;109879;75978;48.4;33.5
43;2021-06-28;341;1785;110220;77763;48.6;34.3
43;2021-06-29;524;2381;110744;80144;48.8;35.3
43;2021-06-30;459;2275;111203;82419;49.0;36.3
43;2021-07-01;472;1909;111675;84328;49.2;37.2
43;2021-07-02;499;1962;112174;86290;49.4;38.0
43;2021-07-03;258;1108;112432;87398;49.6;38.5
43;2021-07-04;1;0;112433;87398;49.6;38.5
43;2021-07-05;525;1199;112958;88597;49.8;39.0
43;2021-07-06;632;1678;113590;90275;50.1;39.8
43;2021-07-07;523;1420;114113;91695;50.3;40.4
43;2021-07-08;838;1416;114951;93111;50.7;41.0
43;2021-07-09;550;1498;115501;94609;50.9;41.7
43;2021-07-10;401;1337;115902;95946;51.1;42.3
43;2021-07-11;23;99;115925;96045;51.1;42.3
43;2021-07-12;602;1687;116527;97732;51.4;43.1
43;2021-07-13;1186;1849;117713;99581;51.9;43.9
43;2021-07-14;846;158;118559;99739;52.3;44.0
43;2021-07-15;1933;1839;120492;101578;53.1;44.8
43;2021-07-16;1751;1618;122243;103196;53.9;45.5
43;2021-07-17;1541;1194;123784;104390;54.6;46.0
43;2021-07-18;4;19;123788;104409;54.6;46.0
43;2021-07-19;1438;1260;125226;105669;55.2;46.6
43;2021-07-20;1894;1448;127120;107117;56.0;47.2
43;2021-07-21;1848;1111;128968;108228;56.8;47.7
43;2021-07-22;2110;1330;131078;109558;57.8;48.3
43;2021-07-23;1616;1325;132694;110883;58.5;48.9
43;2021-07-24;577;995;133271;111878;58.7;49.3
43;2021-07-25;0;1;133271;111879;58.7;49.3
43;2021-07-26;1639;1066;134910;112945;59.5;49.8
43;2021-07-27;2273;1219;137183;114164;60.5;50.3
43;2021-07-28;1951;1091;139134;115255;61.3;50.8
43;2021-07-29;1979;1023;141113;116278;62.2;51.2
43;2021-07-30;1861;1339;142974;117617;63.0;51.8
43;2021-07-31;704;609;143678;118226;63.3;52.1
43;2021-08-01;13;20;143691;118246;63.3;52.1
43;2021-08-02;1530;967;145221;119213;64.0;52.5
43;2021-08-03;1397;1166;146618;120379;64.6;53.1
43;2021-08-04;1260;1108;147878;121487;65.2;53.5
43;2021-08-05;1251;1288;149129;122775;65.7;54.1
43;2021-08-06;1126;1466;150255;124241;66.2;54.8
43;2021-08-07;494;749;150749;124990;66.4;55.1
43;2021-08-08;4;0;150753;124990;66.4;55.1
43;2021-08-09;818;1632;151571;126622;66.8;55.8
43;2021-08-10;1018;1586;152589;128208;67.2;56.5
43;2021-08-11;678;1339;153267;129547;67.5;57.1
43;2021-08-12;871;1600;154138;131147;67.9;57.8
43;2021-08-13;629;1170;154767;132317;68.2;58.3
43;2021-08-14;332;540;155099;132857;68.4;58.6
43;2021-08-15;3;9;155102;132866;68.4;58.6
43;2021-08-16;680;1677;155782;134543;68.7;59.3
43;2021-08-17;710;1491;156492;136034;69.0;60.0
44;2020-12-27;1;0;1;0;0.0;0.0
44;2020-12-28;1;0;2;0;0.0;0.0
44;2020-12-29;0;0;2;0;0.0;0.0
44;2020-12-30;1;0;3;0;0.0;0.0
44;2020-12-31;0;0;3;0;0.0;0.0
44;2021-01-01;0;0;3;0;0.0;0.0
44;2021-01-02;0;0;3;0;0.0;0.0
44;2021-01-03;3;0;6;0;0.0;0.0
44;2021-01-04;0;0;6;0;0.0;0.0
44;2021-01-05;1;0;7;0;0.0;0.0
44;2021-01-06;20;1;27;1;0.0;0.0
44;2021-01-07;186;0;213;1;0.0;0.0
44;2021-01-08;528;0;741;1;0.1;0.0
44;2021-01-09;473;0;1214;1;0.1;0.0
44;2021-01-10;455;1;1669;2;0.1;0.0
44;2021-01-11;802;1;2471;3;0.2;0.0
44;2021-01-12;906;1;3377;4;0.2;0.0
44;2021-01-13;1087;1;4464;5;0.3;0.0
44;2021-01-14;1113;7;5577;12;0.4;0.0
44;2021-01-15;988;1;6565;13;0.5;0.0
44;2021-01-16;335;2;6900;15;0.5;0.0
44;2021-01-17;328;1;7228;16;0.5;0.0
44;2021-01-18;856;3;8084;19;0.6;0.0
44;2021-01-19;2615;4;10699;23;0.7;0.0
44;2021-01-20;2739;5;13438;28;0.9;0.0
44;2021-01-21;4532;6;17970;34;1.3;0.0
44;2021-01-22;2416;6;20386;40;1.4;0.0
44;2021-01-23;764;1;21150;41;1.5;0.0
44;2021-01-24;119;0;21269;41;1.5;0.0
44;2021-01-25;830;0;22099;41;1.5;0.0
44;2021-01-26;2564;19;24663;60;1.7;0.0
44;2021-01-27;2095;63;26758;123;1.9;0.0
44;2021-01-28;3733;192;30491;315;2.1;0.0
44;2021-01-29;2369;493;32860;808;2.3;0.1
44;2021-01-30;628;214;33488;1022;2.3;0.1
44;2021-01-31;14;213;33502;1235;2.3;0.1
44;2021-02-01;591;544;34093;1779;2.4;0.1
44;2021-02-02;878;760;34971;2539;2.4;0.2
44;2021-02-03;890;896;35861;3435;2.5;0.2
44;2021-02-04;937;724;36798;4159;2.6;0.3
44;2021-02-05;894;627;37692;4786;2.6;0.3
44;2021-02-06;467;268;38159;5054;2.7;0.4
44;2021-02-07;72;207;38231;5261;2.7;0.4
44;2021-02-08;521;459;38752;5720;2.7;0.4
44;2021-02-09;990;1256;39742;6976;2.8;0.5
44;2021-02-10;1142;1314;40884;8290;2.8;0.6
44;2021-02-11;2289;3024;43173;11314;3.0;0.8
44;2021-02-12;1663;1750;44836;13064;3.1;0.9
44;2021-02-13;433;517;45269;13581;3.1;0.9
44;2021-02-14;10;180;45279;13761;3.2;1.0
44;2021-02-15;505;1102;45784;14863;3.2;1.0
44;2021-02-16;1441;2568;47225;17431;3.3;1.2
44;2021-02-17;1104;2174;48329;19605;3.4;1.4
44;2021-02-18;1958;3725;50287;23330;3.5;1.6
44;2021-02-19;1579;2539;51866;25869;3.6;1.8
44;2021-02-20;409;644;52275;26513;3.6;1.8
44;2021-02-21;6;178;52281;26691;3.6;1.9
44;2021-02-22;717;837;52998;27528;3.7;1.9
44;2021-02-23;1246;1130;54244;28658;3.8;2.0
44;2021-02-24;1238;1095;55482;29753;3.9;2.1
44;2021-02-25;2442;1086;57924;30839;4.0;2.1
44;2021-02-26;2290;963;60214;31802;4.2;2.2
44;2021-02-27;976;453;61190;32255;4.3;2.2
44;2021-02-28;6;32;61196;32287;4.3;2.2
44;2021-03-01;991;563;62187;32850;4.3;2.3
44;2021-03-02;1801;1053;63988;33903;4.5;2.4
44;2021-03-03;1859;1136;65847;35039;4.6;2.4
44;2021-03-04;2881;1574;68728;36613;4.8;2.5
44;2021-03-05;3479;1334;72207;37947;5.0;2.6
44;2021-03-06;2508;497;74715;38444;5.2;2.7
44;2021-03-07;988;89;75703;38533;5.3;2.7
44;2021-03-08;1785;613;77488;39146;5.4;2.7
44;2021-03-09;3352;1153;80840;40299;5.6;2.8
44;2021-03-10;3078;1118;83918;41417;5.8;2.9
44;2021-03-11;4439;1790;88357;43207;6.1;3.0
44;2021-03-12;5892;1309;94249;44516;6.6;3.1
44;2021-03-13;3631;299;97880;44815;6.8;3.1
44;2021-03-14;430;63;98310;44878;6.8;3.1
44;2021-03-15;2687;370;100997;45248;7.0;3.1
44;2021-03-16;2149;628;103146;45876;7.2;3.2
44;2021-03-17;1966;678;105112;46554;7.3;3.2
44;2021-03-18;2168;640;107280;47194;7.5;3.3
44;2021-03-19;3784;367;111064;47561;7.7;3.3
44;2021-03-20;3211;291;114275;47852;8.0;3.3
44;2021-03-21;913;18;115188;47870;8.0;3.3
44;2021-03-22;2463;441;117651;48311;8.2;3.4
44;2021-03-23;3960;703;121611;49014;8.5;3.4
44;2021-03-24;4302;630;125913;49644;8.8;3.5
44;2021-03-25;5625;928;131538;50572;9.2;3.5
44;2021-03-26;6504;760;138042;51332;9.6;3.6
44;2021-03-27;3214;426;141256;51758;9.8;3.6
44;2021-03-28;1244;40;142500;51798;9.9;3.6
44;2021-03-29;3119;790;145619;52588;10.1;3.7
44;2021-03-30;5134;1119;150753;53707;10.5;3.7
44;2021-03-31;4613;1308;155366;55015;10.8;3.8
44;2021-04-01;6132;1002;161498;56017;11.2;3.9
44;2021-04-02;5796;955;167294;56972;11.6;4.0
44;2021-04-03;2435;652;169729;57624;11.8;4.0
44;2021-04-04;665;20;170394;57644;11.9;4.0
44;2021-04-05;692;286;171086;57930;11.9;4.0
44;2021-04-06;4208;1374;175294;59304;12.2;4.1
44;2021-04-07;5077;1657;180371;60961;12.6;4.2
44;2021-04-08;7179;1664;187550;62625;13.1;4.4
44;2021-04-09;10062;1809;197612;64434;13.8;4.5
44;2021-04-10;4563;1448;202175;65882;14.1;4.6
44;2021-04-11;2148;427;204323;66309;14.2;4.6
44;2021-04-12;5464;1589;209787;67898;14.6;4.7
44;2021-04-13;6730;2258;216517;70156;15.1;4.9
44;2021-04-14;5909;2229;222426;72385;15.5;5.0
44;2021-04-15;6701;2209;229127;74594;15.9;5.2
44;2021-04-16;7782;2040;236909;76634;16.5;5.3
44;2021-04-17;4299;1383;241208;78017;16.8;5.4
44;2021-04-18;2254;819;243462;78836;16.9;5.5
44;2021-04-19;5045;1908;248507;80744;17.3;5.6
44;2021-04-20;6281;2649;254788;83393;17.7;5.8
44;2021-04-21;6006;2784;260794;86177;18.1;6.0
44;2021-04-22;6958;2514;267752;88691;18.6;6.2
44;2021-04-23;7329;3170;275081;91861;19.1;6.4
44;2021-04-24;3974;2048;279055;93909;19.4;6.5
44;2021-04-25;2076;1058;281131;94967;19.6;6.6
44;2021-04-26;5648;2762;286779;97729;20.0;6.8
44;2021-04-27;7420;4107;294199;101836;20.5;7.1
44;2021-04-28;7607;3785;301806;105621;21.0;7.3
44;2021-04-29;8964;4274;310770;109895;21.6;7.6
44;2021-04-30;9568;4695;320338;114590;22.3;8.0
44;2021-05-01;2849;925;323187;115515;22.5;8.0
44;2021-05-02;1901;618;325088;116133;22.6;8.1
44;2021-05-03;5547;4076;330635;120209;23.0;8.4
44;2021-05-04;6330;5142;336965;125351;23.4;8.7
44;2021-05-05;6073;4626;343038;129977;23.9;9.0
44;2021-05-06;7257;4883;350295;134860;24.4;9.4
44;2021-05-07;7451;5719;357746;140579;24.9;9.8
44;2021-05-08;2583;1265;360329;141844;25.1;9.9
44;2021-05-09;1801;1815;362130;143659;25.2;10.0
44;2021-05-10;6571;5774;368701;149433;25.7;10.4
44;2021-05-11;7789;6268;376490;155701;26.2;10.8
44;2021-05-12;8194;5725;384684;161426;26.8;11.2
44;2021-05-13;5301;1189;389985;162615;27.1;11.3
44;2021-05-14;7586;3974;397571;166589;27.7;11.6
44;2021-05-15;5008;2234;402579;168823;28.0;11.7
44;2021-05-16;2796;741;405375;169564;28.2;11.8
44;2021-05-17;6745;5153;412120;174717;28.7;12.2
44;2021-05-18;7971;5239;420091;179956;29.2;12.5
44;2021-05-19;8168;4289;428259;184245;29.8;12.8
44;2021-05-20;8365;4651;436624;188896;30.4;13.1
44;2021-05-21;8836;5216;445460;194112;31.0;13.5
44;2021-05-22;5099;2234;450559;196346;31.4;13.7
44;2021-05-23;1759;824;452318;197170;31.5;13.7
44;2021-05-24;4887;1619;457205;198789;31.8;13.8
44;2021-05-25;7740;5547;464945;204336;32.4;14.2
44;2021-05-26;8185;5044;473130;209380;32.9;14.6
44;2021-05-27;9657;5357;482787;214737;33.6;14.9
44;2021-05-28;9187;6916;491974;221653;34.2;15.4
44;2021-05-29;5885;3335;497859;224988;34.6;15.7
44;2021-05-30;1775;704;499634;225692;34.8;15.7
44;2021-05-31;8061;6188;507695;231880;35.3;16.1
44;2021-06-01;9905;6561;517600;238441;36.0;16.6
44;2021-06-02;9525;5696;527125;244137;36.7;17.0
44;2021-06-03;10856;5885;537981;250022;37.4;17.4
44;2021-06-04;9960;8075;547941;258097;38.1;18.0
44;2021-06-05;5780;4344;553721;262441;38.5;18.3
44;2021-06-06;2363;1130;556084;263571;38.7;18.3
44;2021-06-07;9555;6939;565639;270510;39.4;18.8
44;2021-06-08;10914;7500;576553;278010;40.1;19.3
44;2021-06-09;10554;6325;587107;284335;40.9;19.8
44;2021-06-10;11423;6038;598530;290373;41.6;20.2
44;2021-06-11;11956;8643;610486;299016;42.5;20.8
44;2021-06-12;7761;4093;618247;303109;43.0;21.1
44;2021-06-13;2792;1008;621039;304117;43.2;21.2
44;2021-06-14;8767;8406;629806;312523;43.8;21.7
44;2021-06-15;11702;8252;641508;320775;44.6;22.3
44;2021-06-16;10979;7654;652487;328429;45.4;22.9
44;2021-06-17;11731;8677;664218;337106;46.2;23.5
44;2021-06-18;10899;10110;675117;347216;47.0;24.2
44;2021-06-19;5882;4325;680999;351541;47.4;24.5
44;2021-06-20;2534;1335;683533;352876;47.6;24.6
44;2021-06-21;7352;10011;690885;362887;48.1;25.3
44;2021-06-22;8466;10626;699351;373513;48.7;26.0
44;2021-06-23;8557;9132;707908;382645;49.3;26.6
44;2021-06-24;9125;8569;717033;391214;49.9;27.2
44;2021-06-25;7647;10815;724680;402029;50.4;28.0
44;2021-06-26;2960;6470;727640;408499;50.6;28.4
44;2021-06-27;815;2406;728455;410905;50.7;28.6
44;2021-06-28;5229;10056;733684;420961;51.1;29.3
44;2021-06-29;6184;12087;739868;433048;51.5;30.1
44;2021-06-30;6177;10454;746045;443502;51.9;30.9
44;2021-07-01;6928;10485;752973;453987;52.4;31.6
44;2021-07-02;6630;12550;759603;466537;52.9;32.5
44;2021-07-03;2581;7003;762184;473540;53.0;33.0
44;2021-07-04;994;2235;763178;475775;53.1;33.1
44;2021-07-05;5298;11869;768476;487644;53.5;33.9
44;2021-07-06;6057;12610;774533;500254;53.9;34.8
44;2021-07-07;6487;11097;781020;511351;54.3;35.6
44;2021-07-08;7380;11956;788400;523307;54.9;36.4
44;2021-07-09;6213;14254;794613;537561;55.3;37.4
44;2021-07-10;2438;7010;797051;544571;55.5;37.9
44;2021-07-11;730;2262;797781;546833;55.5;38.1
44;2021-07-12;4358;14051;802139;560884;55.8;39.0
44;2021-07-13;5725;14854;807864;575738;56.2;40.1
44;2021-07-14;3639;5809;811503;581547;56.5;40.5
44;2021-07-15;7191;14282;818694;595829;57.0;41.5
44;2021-07-16;8118;14987;826812;610816;57.5;42.5
44;2021-07-17;3363;7579;830175;618395;57.8;43.0
44;2021-07-18;1430;2546;831605;620941;57.9;43.2
44;2021-07-19;4679;14701;836284;635642;58.2;44.2
44;2021-07-20;5982;15678;842266;651320;58.6;45.3
44;2021-07-21;5818;14002;848084;665322;59.0;46.3
44;2021-07-22;6704;13760;854788;679082;59.5;47.3
44;2021-07-23;6139;15645;860927;694727;59.9;48.3
44;2021-07-24;2833;8731;863760;703458;60.1;48.9
44;2021-07-25;937;3090;864697;706548;60.2;49.2
44;2021-07-26;6044;12699;870741;719247;60.6;50.0
44;2021-07-27;9648;12192;880389;731439;61.3;50.9
44;2021-07-28;9189;10850;889578;742289;61.9;51.7
44;2021-07-29;10200;10843;899778;753132;62.6;52.4
44;2021-07-30;9098;10928;908876;764060;63.2;53.2
44;2021-07-31;4742;5644;913618;769704;63.6;53.6
44;2021-08-01;2536;1410;916154;771114;63.7;53.7
44;2021-08-02;6277;9475;922431;780589;64.2;54.3
44;2021-08-03;8337;8547;930768;789136;64.8;54.9
44;2021-08-04;9026;6975;939794;796111;65.4;55.4
44;2021-08-05;11442;7511;951236;803622;66.2;55.9
44;2021-08-06;9605;8194;960841;811816;66.9;56.5
44;2021-08-07;4538;3692;965379;815508;67.2;56.7
44;2021-08-08;2522;1729;967901;817237;67.3;56.9
44;2021-08-09;8826;7961;976727;825198;68.0;57.4
44;2021-08-10;10187;7596;986914;832794;68.7;57.9
44;2021-08-11;10323;6763;997237;839557;69.4;58.4
44;2021-08-12;10281;7324;1007518;846881;70.1;58.9
44;2021-08-13;8265;6122;1015783;853003;70.7;59.4
44;2021-08-14;3181;3217;1018964;856220;70.9;59.6
44;2021-08-15;708;926;1019672;857146;71.0;59.6
44;2021-08-16;5809;8277;1025481;865423;71.4;60.2
44;2021-08-17;5543;8172;1031024;873595;71.7;60.8
45;2020-12-27;0;0;0;0;0.0;0.0
45;2020-12-28;1;0;1;0;0.0;0.0
45;2020-12-29;0;0;1;0;0.0;0.0
45;2020-12-30;0;0;1;0;0.0;0.0
45;2020-12-31;1;0;2;0;0.0;0.0
45;2021-01-01;0;0;2;0;0.0;0.0
45;2021-01-02;0;0;2;0;0.0;0.0
45;2021-01-03;0;0;2;0;0.0;0.0
45;2021-01-04;0;0;2;0;0.0;0.0
45;2021-01-05;76;0;78;0;0.0;0.0
45;2021-01-06;69;0;147;0;0.0;0.0
45;2021-01-07;187;0;334;0;0.0;0.0
45;2021-01-08;199;1;533;1;0.1;0.0
45;2021-01-09;42;0;575;1;0.1;0.0
45;2021-01-10;23;0;598;1;0.1;0.0
45;2021-01-11;254;0;852;1;0.1;0.0
45;2021-01-12;680;3;1532;4;0.2;0.0
45;2021-01-13;496;2;2028;6;0.3;0.0
45;2021-01-14;484;38;2512;44;0.4;0.0
45;2021-01-15;391;3;2903;47;0.4;0.0
45;2021-01-16;39;0;2942;47;0.4;0.0
45;2021-01-17;24;0;2966;47;0.4;0.0
45;2021-01-18;814;1;3780;48;0.6;0.0
45;2021-01-19;1196;6;4976;54;0.7;0.0
45;2021-01-20;2114;8;7090;62;1.0;0.0
45;2021-01-21;2523;6;9613;68;1.4;0.0
45;2021-01-22;1409;3;11022;71;1.6;0.0
45;2021-01-23;124;0;11146;71;1.6;0.0
45;2021-01-24;39;0;11185;71;1.6;0.0
45;2021-01-25;557;3;11742;74;1.7;0.0
45;2021-01-26;870;18;12612;92;1.8;0.0
45;2021-01-27;650;44;13262;136;1.9;0.0
45;2021-01-28;882;218;14144;354;2.1;0.1
45;2021-01-29;577;128;14721;482;2.2;0.1
45;2021-01-30;40;41;14761;523;2.2;0.1
45;2021-01-31;37;23;14798;546;2.2;0.1
45;2021-02-01;462;208;15260;754;2.2;0.1
45;2021-02-02;760;468;16020;1222;2.3;0.2
45;2021-02-03;773;481;16793;1703;2.5;0.2
45;2021-02-04;701;267;17494;1970;2.6;0.3
45;2021-02-05;417;151;17911;2121;2.6;0.3
45;2021-02-06;36;28;17947;2149;2.6;0.3
45;2021-02-07;7;31;17954;2180;2.6;0.3
45;2021-02-08;455;194;18409;2374;2.7;0.3
45;2021-02-09;1006;410;19415;2784;2.8;0.4
45;2021-02-10;1279;805;20694;3589;3.0;0.5
45;2021-02-11;1385;1524;22079;5113;3.2;0.7
45;2021-02-12;1052;1142;23131;6255;3.4;0.9
45;2021-02-13;85;158;23216;6413;3.4;0.9
45;2021-02-14;39;11;23255;6424;3.4;0.9
45;2021-02-15;523;609;23778;7033;3.5;1.0
45;2021-02-16;756;941;24534;7974;3.6;1.2
45;2021-02-17;641;1047;25175;9021;3.7;1.3
45;2021-02-18;841;855;26016;9876;3.8;1.4
45;2021-02-19;828;765;26844;10641;3.9;1.6
45;2021-02-20;59;94;26903;10735;3.9;1.6
45;2021-02-21;17;46;26920;10781;3.9;1.6
45;2021-02-22;407;631;27327;11412;4.0;1.7
45;2021-02-23;815;791;28142;12203;4.1;1.8
45;2021-02-24;650;917;28792;13120;4.2;1.9
45;2021-02-25;962;780;29754;13900;4.4;2.0
45;2021-02-26;1044;688;30798;14588;4.5;2.1
45;2021-02-27;290;52;31088;14640;4.6;2.1
45;2021-02-28;28;5;31116;14645;4.6;2.1
45;2021-03-01;533;336;31649;14981;4.6;2.2
45;2021-03-02;671;725;32320;15706;4.7;2.3
45;2021-03-03;982;897;33302;16603;4.9;2.4
45;2021-03-04;1108;987;34410;17590;5.0;2.6
45;2021-03-05;1444;863;35854;18453;5.3;2.7
45;2021-03-06;2020;130;37874;18583;5.5;2.7
45;2021-03-07;143;59;38017;18642;5.6;2.7
45;2021-03-08;752;848;38769;19490;5.7;2.9
45;2021-03-09;1256;719;40025;20209;5.9;3.0
45;2021-03-10;1593;901;41618;21110;6.1;3.1
45;2021-03-11;1720;751;43338;21861;6.3;3.2
45;2021-03-12;2074;607;45412;22468;6.6;3.3
45;2021-03-13;988;47;46400;22515;6.8;3.3
45;2021-03-14;24;43;46424;22558;6.8;3.3
45;2021-03-15;810;598;47234;23156;6.9;3.4
45;2021-03-16;943;837;48177;23993;7.1;3.5
45;2021-03-17;1051;688;49228;24681;7.2;3.6
45;2021-03-18;997;582;50225;25263;7.4;3.7
45;2021-03-19;1619;430;51844;25693;7.6;3.8
45;2021-03-20;498;82;52342;25775;7.7;3.8
45;2021-03-21;20;35;52362;25810;7.7;3.8
45;2021-03-22;914;530;53276;26340;7.8;3.9
45;2021-03-23;1984;721;55260;27061;8.1;4.0
45;2021-03-24;1898;551;57158;27612;8.4;4.0
45;2021-03-25;2983;451;60141;28063;8.8;4.1
45;2021-03-26;3389;480;63530;28543;9.3;4.2
45;2021-03-27;1796;122;65326;28665;9.6;4.2
45;2021-03-28;89;40;65415;28705;9.6;4.2
45;2021-03-29;1529;538;66944;29243;9.8;4.3
45;2021-03-30;2784;783;69728;30026;10.2;4.4
45;2021-03-31;2134;577;71862;30603;10.5;4.5
45;2021-04-01;2973;567;74835;31170;11.0;4.6
45;2021-04-02;2826;512;77661;31682;11.4;4.6
45;2021-04-03;810;73;78471;31755;11.5;4.7
45;2021-04-04;113;33;78584;31788;11.5;4.7
45;2021-04-05;14;2;78598;31790;11.5;4.7
45;2021-04-06;1736;792;80334;32582;11.8;4.8
45;2021-04-07;1775;1111;82109;33693;12.0;4.9
45;2021-04-08;2773;1020;84882;34713;12.4;5.1
45;2021-04-09;3675;643;88557;35356;13.0;5.2
45;2021-04-10;2322;108;90879;35464;13.3;5.2
45;2021-04-11;153;24;91032;35488;13.3;5.2
45;2021-04-12;2606;666;93638;36154;13.7;5.3
45;2021-04-13;3847;1085;97485;37239;14.3;5.5
45;2021-04-14;2930;1217;100415;38456;14.7;5.6
45;2021-04-15;3520;1036;103935;39492;15.2;5.8
45;2021-04-16;3775;685;107710;40177;15.8;5.9
45;2021-04-17;1613;113;109323;40290;16.0;5.9
45;2021-04-18;200;40;109523;40330;16.0;5.9
45;2021-04-19;1937;946;111460;41276;16.3;6.0
45;2021-04-20;3076;1699;114536;42975;16.8;6.3
45;2021-04-21;2721;1305;117257;44280;17.2;6.5
45;2021-04-22;3425;1840;120682;46120;17.7;6.8
45;2021-04-23;3277;1782;123959;47902;18.2;7.0
45;2021-04-24;2023;867;125982;48769;18.4;7.1
45;2021-04-25;291;86;126273;48855;18.5;7.2
45;2021-04-26;2228;1167;128501;50022;18.8;7.3
45;2021-04-27;3352;2352;131853;52374;19.3;7.7
45;2021-04-28;2802;1947;134655;54321;19.7;8.0
45;2021-04-29;3835;2336;138490;56657;20.3;8.3
45;2021-04-30;4390;1808;142880;58465;20.9;8.6
45;2021-05-01;451;61;143331;58526;21.0;8.6
45;2021-05-02;627;122;143958;58648;21.1;8.6
45;2021-05-03;2821;992;146779;59640;21.5;8.7
45;2021-05-04;3160;2347;149939;61987;22.0;9.1
45;2021-05-05;2714;2163;152653;64150;22.4;9.4
45;2021-05-06;3331;2540;155984;66690;22.8;9.8
45;2021-05-07;2872;3199;158856;69889;23.3;10.2
45;2021-05-08;611;247;159467;70136;23.4;10.3
45;2021-05-09;1498;127;160965;70263;23.6;10.3
45;2021-05-10;4140;2975;165105;73238;24.2;10.7
45;2021-05-11;5030;2970;170135;76208;24.9;11.2
45;2021-05-12;6078;2784;176213;78992;25.8;11.6
45;2021-05-13;2450;597;178663;79589;26.2;11.7
45;2021-05-14;4968;1633;183631;81222;26.9;11.9
45;2021-05-15;4066;612;187697;81834;27.5;12.0
45;2021-05-16;289;33;187986;81867;27.5;12.0
45;2021-05-17;3358;1540;191344;83407;28.0;12.2
45;2021-05-18;5118;1680;196462;85087;28.8;12.5
45;2021-05-19;4493;2062;200955;87149;29.4;12.8
45;2021-05-20;5264;2138;206219;89287;30.2;13.1
45;2021-05-21;5145;2229;211364;91516;31.0;13.4
45;2021-05-22;3041;632;214405;92148;31.4;13.5
45;2021-05-23;15;94;214420;92242;31.4;13.5
45;2021-05-24;2827;207;217247;92449;31.8;13.5
45;2021-05-25;4962;3032;222209;95481;32.5;14.0
45;2021-05-26;5114;2331;227323;97812;33.3;14.3
45;2021-05-27;5310;3236;232633;101048;34.1;14.8
45;2021-05-28;5662;3592;238295;104640;34.9;15.3
45;2021-05-29;3671;1288;241966;105928;35.4;15.5
45;2021-05-30;33;182;241999;106110;35.4;15.5
45;2021-05-31;4328;2522;246327;108632;36.1;15.9
45;2021-06-01;6092;3001;252419;111633;37.0;16.3
45;2021-06-02;4943;3103;257362;114736;37.7;16.8
45;2021-06-03;5619;3205;262981;117941;38.5;17.3
45;2021-06-04;5897;3187;268878;121128;39.4;17.7
45;2021-06-05;2033;1335;270911;122463;39.7;17.9
45;2021-06-06;88;198;270999;122661;39.7;18.0
45;2021-06-07;4081;2723;275080;125384;40.3;18.4
45;2021-06-08;4643;4076;279723;129460;41.0;19.0
45;2021-06-09;4356;3342;284079;132802;41.6;19.4
45;2021-06-10;4643;2684;288722;135486;42.3;19.8
45;2021-06-11;4117;3664;292839;139150;42.9;20.4
45;2021-06-12;2440;1508;295279;140658;43.2;20.6
45;2021-06-13;21;424;295300;141082;43.2;20.7
45;2021-06-14;3139;4153;298439;145235;43.7;21.3
45;2021-06-15;3388;4329;301827;149564;44.2;21.9
45;2021-06-16;3902;3455;305729;153019;44.8;22.4
45;2021-06-17;3525;3540;309254;156559;45.3;22.9
45;2021-06-18;3803;5030;313057;161589;45.8;23.7
45;2021-06-19;2395;1761;315452;163350;46.2;23.9
45;2021-06-20;47;142;315499;163492;46.2;23.9
45;2021-06-21;2163;5849;317662;169341;46.5;24.8
45;2021-06-22;2420;6529;320082;175870;46.9;25.8
45;2021-06-23;2284;5603;322366;181473;47.2;26.6
45;2021-06-24;2135;3532;324501;185005;47.5;27.1
45;2021-06-25;2443;6444;326944;191449;47.9;28.0
45;2021-06-26;1947;3094;328891;194543;48.2;28.5
45;2021-06-27;53;138;328944;194681;48.2;28.5
45;2021-06-28;2078;4832;331022;199513;48.5;29.2
45;2021-06-29;2837;6814;333859;206327;48.9;30.2
45;2021-06-30;2887;5850;336746;212177;49.3;31.1
45;2021-07-01;2398;5035;339144;217212;49.7;31.8
45;2021-07-02;2367;6285;341511;223497;50.0;32.7
45;2021-07-03;755;2540;342266;226037;50.1;33.1
45;2021-07-04;6;12;342272;226049;50.1;33.1
45;2021-07-05;2141;4988;344413;231037;50.4;33.8
45;2021-07-06;2804;6778;347217;237815;50.8;34.8
45;2021-07-07;2440;6057;349657;243872;51.2;35.7
45;2021-07-08;2819;5382;352476;249254;51.6;36.5
45;2021-07-09;2147;6984;354623;256238;51.9;37.5
45;2021-07-10;1543;3860;356166;260098;52.2;38.1
45;2021-07-11;24;31;356190;260129;52.2;38.1
45;2021-07-12;1590;5997;357780;266126;52.4;39.0
45;2021-07-13;2997;8231;360777;274357;52.8;40.2
45;2021-07-14;1472;1516;362249;275873;53.0;40.4
45;2021-07-15;3729;7288;365978;283161;53.6;41.5
45;2021-07-16;3252;7442;369230;290603;54.1;42.6
45;2021-07-17;1281;2332;370511;292935;54.3;42.9
45;2021-07-18;15;19;370526;292954;54.3;42.9
45;2021-07-19;1867;5944;372393;298898;54.5;43.8
45;2021-07-20;4698;6907;377091;305805;55.2;44.8
45;2021-07-21;5165;5475;382256;311280;56.0;45.6
45;2021-07-22;6166;4900;388422;316180;56.9;46.3
45;2021-07-23;4248;5482;392670;321662;57.5;47.1
45;2021-07-24;1854;2824;394524;324486;57.8;47.5
45;2021-07-25;5;14;394529;324500;57.8;47.5
45;2021-07-26;2899;4982;397428;329482;58.2;48.2
45;2021-07-27;5438;5075;402866;334557;59.0;49.0
45;2021-07-28;4978;4173;407844;338730;59.7;49.6
45;2021-07-29;5264;3247;413108;341977;60.5;50.1
45;2021-07-30;4729;4707;417837;346684;61.2;50.8
45;2021-07-31;846;1950;418683;348634;61.3;51.1
45;2021-08-01;1;4;418684;348638;61.3;51.1
45;2021-08-02;3592;3229;422276;351867;61.8;51.5
45;2021-08-03;4859;3012;427135;354879;62.5;52.0
45;2021-08-04;3720;2228;430855;357107;63.1;52.3
45;2021-08-05;3291;2633;434146;359740;63.6;52.7
45;2021-08-06;3738;3261;437884;363001;64.1;53.2
45;2021-08-07;1678;1044;439562;364045;64.4;53.3
45;2021-08-08;6;18;439568;364063;64.4;53.3
45;2021-08-09;2581;3006;442149;367069;64.7;53.8
45;2021-08-10;3491;3790;445640;370859;65.3;54.3
45;2021-08-11;2692;3711;448332;374570;65.7;54.9
45;2021-08-12;2088;3436;450420;378006;66.0;55.4
45;2021-08-13;1730;4210;452150;382216;66.2;56.0
45;2021-08-14;664;945;452814;383161;66.3;56.1
45;2021-08-15;58;30;452872;383191;66.3;56.1
45;2021-08-16;1141;2311;454013;385502;66.5;56.5
45;2021-08-17;1822;3426;455835;388928;66.8;57.0
46;2020-12-27;4;0;4;0;0.0;0.0
46;2020-12-28;0;0;4;0;0.0;0.0
46;2020-12-29;0;0;4;0;0.0;0.0
46;2020-12-30;0;0;4;0;0.0;0.0
46;2020-12-31;0;0;4;0;0.0;0.0
46;2021-01-01;0;0;4;0;0.0;0.0
46;2021-01-02;0;0;4;0;0.0;0.0
46;2021-01-03;1;0;5;0;0.0;0.0
46;2021-01-04;0;0;5;0;0.0;0.0
46;2021-01-05;0;0;5;0;0.0;0.0
46;2021-01-06;3;0;8;0;0.0;0.0
46;2021-01-07;135;0;143;0;0.1;0.0
46;2021-01-08;181;0;324;0;0.2;0.0
46;2021-01-09;1;0;325;0;0.2;0.0
46;2021-01-10;1;0;326;0;0.2;0.0
46;2021-01-11;118;0;444;0;0.3;0.0
46;2021-01-12;140;0;584;0;0.3;0.0
46;2021-01-13;234;0;818;0;0.5;0.0
46;2021-01-14;239;2;1057;2;0.6;0.0
46;2021-01-15;304;2;1361;4;0.8;0.0
46;2021-01-16;18;0;1379;4;0.8;0.0
46;2021-01-17;0;0;1379;4;0.8;0.0
46;2021-01-18;274;2;1653;6;1.0;0.0
46;2021-01-19;389;0;2042;6;1.2;0.0
46;2021-01-20;936;1;2978;7;1.7;0.0
46;2021-01-21;996;0;3974;7;2.3;0.0
46;2021-01-22;390;2;4364;9;2.5;0.0
46;2021-01-23;0;0;4364;9;2.5;0.0
46;2021-01-24;0;0;4364;9;2.5;0.0
46;2021-01-25;203;1;4567;10;2.6;0.0
46;2021-01-26;262;1;4829;11;2.8;0.0
46;2021-01-27;276;0;5105;11;2.9;0.0
46;2021-01-28;278;43;5383;54;3.1;0.0
46;2021-01-29;233;93;5616;147;3.2;0.1
46;2021-01-30;1;0;5617;147;3.2;0.1
46;2021-01-31;1;0;5618;147;3.2;0.1
46;2021-02-01;233;174;5851;321;3.4;0.2
46;2021-02-02;209;238;6060;559;3.5;0.3
46;2021-02-03;224;97;6284;656;3.6;0.4
46;2021-02-04;372;86;6656;742;3.8;0.4
46;2021-02-05;226;179;6882;921;4.0;0.5
46;2021-02-06;9;0;6891;921;4.0;0.5
46;2021-02-07;43;0;6934;921;4.0;0.5
46;2021-02-08;197;156;7131;1077;4.1;0.6
46;2021-02-09;271;230;7402;1307;4.3;0.8
46;2021-02-10;279;545;7681;1852;4.4;1.1
46;2021-02-11;655;559;8336;2411;4.8;1.4
46;2021-02-12;321;341;8657;2752;5.0;1.6
46;2021-02-13;2;0;8659;2752;5.0;1.6
46;2021-02-14;0;62;8659;2814;5.0;1.6
46;2021-02-15;195;293;8854;3107;5.1;1.8
46;2021-02-16;217;282;9071;3389;5.2;2.0
46;2021-02-17;200;328;9271;3717;5.4;2.1
46;2021-02-18;336;267;9607;3984;5.5;2.3
46;2021-02-19;277;234;9884;4218;5.7;2.4
46;2021-02-20;0;0;9884;4218;5.7;2.4
46;2021-02-21;1;0;9885;4218;5.7;2.4
46;2021-02-22;132;193;10017;4411;5.8;2.5
46;2021-02-23;225;168;10242;4579;5.9;2.6
46;2021-02-24;179;325;10421;4904;6.0;2.8
46;2021-02-25;247;342;10668;5246;6.2;3.0
46;2021-02-26;401;346;11069;5592;6.4;3.2
46;2021-02-27;120;1;11189;5593;6.5;3.2
46;2021-02-28;0;3;11189;5596;6.5;3.2
46;2021-03-01;169;180;11358;5776;6.6;3.3
46;2021-03-02;406;233;11764;6009;6.8;3.5
46;2021-03-03;457;331;12221;6340;7.1;3.7
46;2021-03-04;607;455;12828;6795;7.4;3.9
46;2021-03-05;809;365;13637;7160;7.9;4.1
46;2021-03-06;475;17;14112;7177;8.1;4.1
46;2021-03-07;101;19;14213;7196;8.2;4.2
46;2021-03-08;348;249;14561;7445;8.4;4.3
46;2021-03-09;745;270;15306;7715;8.8;4.5
46;2021-03-10;686;248;15992;7963;9.2;4.6
46;2021-03-11;848;254;16840;8217;9.7;4.7
46;2021-03-12;926;228;17766;8445;10.3;4.9
46;2021-03-13;512;3;18278;8448;10.6;4.9
46;2021-03-14;0;0;18278;8448;10.6;4.9
46;2021-03-15;505;165;18783;8613;10.8;5.0
46;2021-03-16;752;173;19535;8786;11.3;5.1
46;2021-03-17;671;203;20206;8989;11.7;5.2
46;2021-03-18;747;216;20953;9205;12.1;5.3
46;2021-03-19;810;149;21763;9354;12.6;5.4
46;2021-03-20;292;3;22055;9357;12.7;5.4
46;2021-03-21;2;0;22057;9357;12.7;5.4
46;2021-03-22;555;241;22612;9598;13.1;5.5
46;2021-03-23;702;213;23314;9811;13.5;5.7
46;2021-03-24;674;240;23988;10051;13.9;5.8
46;2021-03-25;1133;182;25121;10233;14.5;5.9
46;2021-03-26;1025;341;26146;10574;15.1;6.1
46;2021-03-27;420;71;26566;10645;15.3;6.1
46;2021-03-28;127;1;26693;10646;15.4;6.1
46;2021-03-29;732;254;27425;10900;15.8;6.3
46;2021-03-30;767;365;28192;11265;16.3;6.5
46;2021-03-31;866;421;29058;11686;16.8;6.7
46;2021-04-01;1169;344;30227;12030;17.5;6.9
46;2021-04-02;924;394;31151;12424;18.0;7.2
46;2021-04-03;167;166;31318;12590;18.1;7.3
46;2021-04-04;0;71;31318;12661;18.1;7.3
46;2021-04-05;3;0;31321;12661;18.1;7.3
46;2021-04-06;545;519;31866;13180;18.4;7.6
46;2021-04-07;784;647;32650;13827;18.9;8.0
46;2021-04-08;962;542;33612;14369;19.4;8.3
46;2021-04-09;1018;505;34630;14874;20.0;8.6
46;2021-04-10;502;208;35132;15082;20.3;8.7
46;2021-04-11;232;1;35364;15083;20.4;8.7
46;2021-04-12;845;546;36209;15629;20.9;9.0
46;2021-04-13;1187;717;37396;16346;21.6;9.4
46;2021-04-14;1535;615;38931;16961;22.5;9.8
46;2021-04-15;1500;664;40431;17625;23.3;10.2
46;2021-04-16;1585;567;42016;18192;24.3;10.5
46;2021-04-17;993;134;43009;18326;24.8;10.6
46;2021-04-18;516;8;43525;18334;25.1;10.6
46;2021-04-19;1070;573;44595;18907;25.8;10.9
46;2021-04-20;1222;725;45817;19632;26.5;11.3
46;2021-04-21;1230;713;47047;20345;27.2;11.7
46;2021-04-22;1391;729;48438;21074;28.0;12.2
46;2021-04-23;1133;731;49571;21805;28.6;12.6
46;2021-04-24;472;19;50043;21824;28.9;12.6
46;2021-04-25;351;11;50394;21835;29.1;12.6
46;2021-04-26;851;731;51245;22566;29.6;13.0
46;2021-04-27;1221;665;52466;23231;30.3;13.4
46;2021-04-28;1289;669;53755;23900;31.0;13.8
46;2021-04-29;1416;525;55171;24425;31.9;14.1
46;2021-04-30;1438;564;56609;24989;32.7;14.4
46;2021-05-01;697;73;57306;25062;33.1;14.5
46;2021-05-02;346;4;57652;25066;33.3;14.5
46;2021-05-03;853;569;58505;25635;33.8;14.8
46;2021-05-04;1037;1061;59542;26696;34.4;15.4
46;2021-05-05;1375;787;60917;27483;35.2;15.9
46;2021-05-06;1377;742;62294;28225;36.0;16.3
46;2021-05-07;1396;792;63690;29017;36.8;16.8
46;2021-05-08;281;411;63971;29428;36.9;17.0
46;2021-05-09;23;225;63994;29653;37.0;17.1
46;2021-05-10;517;1140;64511;30793;37.3;17.8
46;2021-05-11;1034;1258;65545;32051;37.9;18.5
46;2021-05-12;994;1563;66539;33614;38.4;19.4
46;2021-05-13;600;143;67139;33757;38.8;19.5
46;2021-05-14;960;1097;68099;34854;39.3;20.1
46;2021-05-15;256;654;68355;35508;39.5;20.5
46;2021-05-16;78;298;68433;35806;39.5;20.7
46;2021-05-17;653;957;69086;36763;39.9;21.2
46;2021-05-18;1404;1023;70490;37786;40.7;21.8
46;2021-05-19;1306;904;71796;38690;41.5;22.3
46;2021-05-20;1453;811;73249;39501;42.3;22.8
46;2021-05-21;996;1158;74245;40659;42.9;23.5
46;2021-05-22;147;369;74392;41028;43.0;23.7
46;2021-05-23;450;25;74842;41053;43.2;23.7
46;2021-05-24;411;113;75253;41166;43.5;23.8
46;2021-05-25;962;1332;76215;42498;44.0;24.5
46;2021-05-26;1236;1150;77451;43648;44.7;25.2
46;2021-05-27;1432;1194;78883;44842;45.6;25.9
46;2021-05-28;1431;1209;80314;46051;46.4;26.6
46;2021-05-29;1052;399;81366;46450;47.0;26.8
46;2021-05-30;408;39;81774;46489;47.2;26.8
46;2021-05-31;970;976;82744;47465;47.8;27.4
46;2021-06-01;1277;998;84021;48463;48.5;28.0
46;2021-06-02;1317;1117;85338;49580;49.3;28.6
46;2021-06-03;1416;1011;86754;50591;50.1;29.2
46;2021-06-04;1332;977;88086;51568;50.9;29.8
46;2021-06-05;380;414;88466;51982;51.1;30.0
46;2021-06-06;207;95;88673;52077;51.2;30.1
46;2021-06-07;814;617;89487;52694;51.7;30.4
46;2021-06-08;1020;895;90507;53589;52.3;30.9
46;2021-06-09;1504;972;92011;54561;53.1;31.5
46;2021-06-10;982;852;92993;55413;53.7;32.0
46;2021-06-11;970;1322;93963;56735;54.3;32.8
46;2021-06-12;459;549;94422;57284;54.5;33.1
46;2021-06-13;27;86;94449;57370;54.5;33.1
46;2021-06-14;593;1137;95042;58507;54.9;33.8
46;2021-06-15;751;1248;95793;59755;55.3;34.5
46;2021-06-16;999;1113;96792;60868;55.9;35.2
46;2021-06-17;527;896;97319;61764;56.2;35.7
46;2021-06-18;658;1255;97977;63019;56.6;36.4
46;2021-06-19;457;313;98434;63332;56.8;36.6
46;2021-06-20;39;161;98473;63493;56.9;36.7
46;2021-06-21;428;945;98901;64438;57.1;37.2
46;2021-06-22;350;1178;99251;65616;57.3;37.9
46;2021-06-23;520;1075;99771;66691;57.6;38.5
46;2021-06-24;250;822;100021;67513;57.8;39.0
46;2021-06-25;491;1117;100512;68630;58.0;39.6
46;2021-06-26;397;552;100909;69182;58.3;40.0
46;2021-06-27;3;4;100912;69186;58.3;40.0
46;2021-06-28;313;1338;101225;70524;58.5;40.7
46;2021-06-29;378;1683;101603;72207;58.7;41.7
46;2021-06-30;512;1578;102115;73785;59.0;42.6
46;2021-07-01;308;1153;102423;74938;59.1;43.3
46;2021-07-02;466;1085;102889;76023;59.4;43.9
46;2021-07-03;124;455;103013;76478;59.5;44.2
46;2021-07-04;58;127;103071;76605;59.5;44.2
46;2021-07-05;345;1187;103416;77792;59.7;44.9
46;2021-07-06;369;1458;103785;79250;59.9;45.8
46;2021-07-07;582;1720;104367;80970;60.3;46.8
46;2021-07-08;339;1166;104706;82136;60.5;47.4
46;2021-07-09;395;1707;105101;83843;60.7;48.4
46;2021-07-10;286;1040;105387;84883;60.9;49.0
46;2021-07-11;15;375;105402;85258;60.9;49.2
46;2021-07-12;248;1261;105650;86519;61.0;50.0
46;2021-07-13;626;1673;106276;88192;61.4;50.9
46;2021-07-14;66;144;106342;88336;61.4;51.0
46;2021-07-15;895;1466;107237;89802;61.9;51.9
46;2021-07-16;767;1397;108004;91199;62.4;52.7
46;2021-07-17;360;538;108364;91737;62.6;53.0
46;2021-07-18;2;0;108366;91737;62.6;53.0
46;2021-07-19;670;1187;109036;92924;63.0;53.7
46;2021-07-20;981;1428;110017;94352;63.5;54.5
46;2021-07-21;1002;1383;111019;95735;64.1;55.3
46;2021-07-22;1395;1114;112414;96849;64.9;55.9
46;2021-07-23;762;1323;113176;98172;65.4;56.7
46;2021-07-24;951;663;114127;98835;65.9;57.1
46;2021-07-25;134;17;114261;98852;66.0;57.1
46;2021-07-26;877;879;115138;99731;66.5;57.6
46;2021-07-27;1205;977;116343;100708;67.2;58.2
46;2021-07-28;1250;1103;117593;101811;67.9;58.8
46;2021-07-29;1550;847;119143;102658;68.8;59.3
46;2021-07-30;1884;951;121027;103609;69.9;59.8
46;2021-07-31;928;654;121955;104263;70.4;60.2
46;2021-08-01;11;3;121966;104266;70.4;60.2
46;2021-08-02;964;584;122930;104850;71.0;60.5
46;2021-08-03;1346;677;124276;105527;71.8;60.9
46;2021-08-04;1735;603;126011;106130;72.8;61.3
46;2021-08-05;1376;842;127387;106972;73.6;61.8
46;2021-08-06;1394;845;128781;107817;74.4;62.3
46;2021-08-07;703;541;129484;108358;74.8;62.6
46;2021-08-08;95;67;129579;108425;74.8;62.6
46;2021-08-09;1001;691;130580;109116;75.4;63.0
46;2021-08-10;1190;891;131770;110007;76.1;63.5
46;2021-08-11;1240;1067;133010;111074;76.8;64.1
46;2021-08-12;987;795;133997;111869;77.4;64.6
46;2021-08-13;935;995;134932;112864;77.9;65.2
46;2021-08-14;583;774;135515;113638;78.3;65.6
46;2021-08-15;7;27;135522;113665;78.3;65.6
46;2021-08-16;778;802;136300;114467;78.7;66.1
46;2021-08-17;787;1279;137087;115746;79.2;66.8
47;2020-12-27;0;0;0;0;0.0;0.0
47;2020-12-28;0;0;0;0;0.0;0.0
47;2020-12-29;0;0;0;0;0.0;0.0
47;2020-12-30;0;0;0;0;0.0;0.0
47;2020-12-31;0;0;0;0;0.0;0.0
47;2021-01-01;4;0;4;0;0.0;0.0
47;2021-01-02;0;0;4;0;0.0;0.0
47;2021-01-03;0;0;4;0;0.0;0.0
47;2021-01-04;0;0;4;0;0.0;0.0
47;2021-01-05;0;0;4;0;0.0;0.0
47;2021-01-06;0;0;4;0;0.0;0.0
47;2021-01-07;71;1;75;1;0.0;0.0
47;2021-01-08;314;0;389;1;0.1;0.0
47;2021-01-09;113;0;502;1;0.2;0.0
47;2021-01-10;0;0;502;1;0.2;0.0
47;2021-01-11;249;0;751;1;0.2;0.0
47;2021-01-12;327;0;1078;1;0.3;0.0
47;2021-01-13;349;0;1427;1;0.4;0.0
47;2021-01-14;364;4;1791;5;0.5;0.0
47;2021-01-15;287;1;2078;6;0.6;0.0
47;2021-01-16;176;4;2254;10;0.7;0.0
47;2021-01-17;0;0;2254;10;0.7;0.0
47;2021-01-18;485;1;2739;11;0.8;0.0
47;2021-01-19;469;2;3208;13;1.0;0.0
47;2021-01-20;513;0;3721;13;1.1;0.0
47;2021-01-21;585;0;4306;13;1.3;0.0
47;2021-01-22;470;0;4776;13;1.4;0.0
47;2021-01-23;390;1;5166;14;1.6;0.0
47;2021-01-24;0;0;5166;14;1.6;0.0
47;2021-01-25;426;0;5592;14;1.7;0.0
47;2021-01-26;789;4;6381;18;1.9;0.0
47;2021-01-27;732;0;7113;18;2.2;0.0
47;2021-01-28;575;66;7688;84;2.3;0.0
47;2021-01-29;461;171;8149;255;2.5;0.1
47;2021-01-30;301;39;8450;294;2.6;0.1
47;2021-01-31;0;0;8450;294;2.6;0.1
47;2021-02-01;374;116;8824;410;2.7;0.1
47;2021-02-02;759;317;9583;727;2.9;0.2
47;2021-02-03;424;163;10007;890;3.0;0.3
47;2021-02-04;370;318;10377;1208;3.1;0.4
47;2021-02-05;300;311;10677;1519;3.2;0.5
47;2021-02-06;296;99;10973;1618;3.3;0.5
47;2021-02-07;0;0;10973;1618;3.3;0.5
47;2021-02-08;184;286;11157;1904;3.4;0.6
47;2021-02-09;231;259;11388;2163;3.4;0.7
47;2021-02-10;254;247;11642;2410;3.5;0.7
47;2021-02-11;356;379;11998;2789;3.6;0.8
47;2021-02-12;243;413;12241;3202;3.7;1.0
47;2021-02-13;226;111;12467;3313;3.8;1.0
47;2021-02-14;0;0;12467;3313;3.8;1.0
47;2021-02-15;194;384;12661;3697;3.8;1.1
47;2021-02-16;303;588;12964;4285;3.9;1.3
47;2021-02-17;326;456;13290;4741;4.0;1.4
47;2021-02-18;200;600;13490;5341;4.1;1.6
47;2021-02-19;194;365;13684;5706;4.1;1.7
47;2021-02-20;117;269;13801;5975;4.2;1.8
47;2021-02-21;0;0;13801;5975;4.2;1.8
47;2021-02-22;75;407;13876;6382;4.2;1.9
47;2021-02-23;151;649;14027;7031;4.2;2.1
47;2021-02-24;261;562;14288;7593;4.3;2.3
47;2021-02-25;304;413;14592;8006;4.4;2.4
47;2021-02-26;468;322;15060;8328;4.6;2.5
47;2021-02-27;324;213;15384;8541;4.7;2.6
47;2021-02-28;0;0;15384;8541;4.7;2.6
47;2021-03-01;124;397;15508;8938;4.7;2.7
47;2021-03-02;200;366;15708;9304;4.8;2.8
47;2021-03-03;244;350;15952;9654;4.8;2.9
47;2021-03-04;591;331;16543;9985;5.0;3.0
47;2021-03-05;844;288;17387;10273;5.3;3.1
47;2021-03-06;507;193;17894;10466;5.4;3.2
47;2021-03-07;331;5;18225;10471;5.5;3.2
47;2021-03-08;458;227;18683;10698;5.7;3.2
47;2021-03-09;509;492;19192;11190;5.8;3.4
47;2021-03-10;666;301;19858;11491;6.0;3.5
47;2021-03-11;938;380;20796;11871;6.3;3.6
47;2021-03-12;1370;298;22166;12169;6.7;3.7
47;2021-03-13;949;109;23115;12278;7.0;3.7
47;2021-03-14;51;0;23166;12278;7.0;3.7
47;2021-03-15;592;163;23758;12441;7.2;3.8
47;2021-03-16;750;177;24508;12618;7.4;3.8
47;2021-03-17;860;208;25368;12826;7.7;3.9
47;2021-03-18;917;176;26285;13002;8.0;3.9
47;2021-03-19;1271;125;27556;13127;8.3;4.0
47;2021-03-20;1086;58;28642;13185;8.7;4.0
47;2021-03-21;344;1;28986;13186;8.8;4.0
47;2021-03-22;1012;95;29998;13281;9.1;4.0
47;2021-03-23;1147;148;31145;13429;9.4;4.1
47;2021-03-24;1212;130;32357;13559;9.8;4.1
47;2021-03-25;1566;150;33923;13709;10.3;4.2
47;2021-03-26;1882;199;35805;13908;10.8;4.2
47;2021-03-27;979;129;36784;14037;11.1;4.2
47;2021-03-28;699;4;37483;14041;11.3;4.3
47;2021-03-29;1512;80;38995;14121;11.8;4.3
47;2021-03-30;1643;125;40638;14246;12.3;4.3
47;2021-03-31;1605;151;42243;14397;12.8;4.4
47;2021-04-01;1682;267;43925;14664;13.3;4.4
47;2021-04-02;1934;457;45859;15121;13.9;4.6
47;2021-04-03;1202;180;47061;15301;14.2;4.6
47;2021-04-04;475;13;47536;15314;14.4;4.6
47;2021-04-05;1296;57;48832;15371;14.8;4.7
47;2021-04-06;1386;386;50218;15757;15.2;4.8
47;2021-04-07;1694;592;51912;16349;15.7;4.9
47;2021-04-08;1834;480;53746;16829;16.3;5.1
47;2021-04-09;2082;544;55828;17373;16.9;5.3
47;2021-04-10;1564;326;57392;17699;17.4;5.4
47;2021-04-11;530;9;57922;17708;17.5;5.4
47;2021-04-12;1437;610;59359;18318;18.0;5.5
47;2021-04-13;1817;765;61176;19083;18.5;5.8
47;2021-04-14;1748;719;62924;19802;19.0;6.0
47;2021-04-15;2012;844;64936;20646;19.7;6.2
47;2021-04-16;1766;894;66702;21540;20.2;6.5
47;2021-04-17;1472;970;68174;22510;20.6;6.8
47;2021-04-18;23;0;68197;22510;20.6;6.8
47;2021-04-19;1332;931;69529;23441;21.0;7.1
47;2021-04-20;1626;904;71155;24345;21.5;7.4
47;2021-04-21;1626;771;72781;25116;22.0;7.6
47;2021-04-22;1872;1060;74653;26176;22.6;7.9
47;2021-04-23;1726;1072;76379;27248;23.1;8.2
47;2021-04-24;1549;801;77928;28049;23.6;8.5
47;2021-04-25;242;345;78170;28394;23.7;8.6
47;2021-04-26;1488;1363;79658;29757;24.1;9.0
47;2021-04-27;1922;1473;81580;31230;24.7;9.5
47;2021-04-28;2090;1589;83670;32819;25.3;9.9
47;2021-04-29;2530;1509;86200;34328;26.1;10.4
47;2021-04-30;2043;1780;88243;36108;26.7;10.9
47;2021-05-01;2262;982;90505;37090;27.4;11.2
47;2021-05-02;21;357;90526;37447;27.4;11.3
47;2021-05-03;1596;1417;92122;38864;27.9;11.8
47;2021-05-04;1647;1729;93769;40593;28.4;12.3
47;2021-05-05;1926;1643;95695;42236;29.0;12.8
47;2021-05-06;2106;1508;97801;43744;29.6;13.2
47;2021-05-07;2001;1623;99802;45367;30.2;13.7
47;2021-05-08;2096;463;101898;45830;30.8;13.9
47;2021-05-09;24;360;101922;46190;30.9;14.0
47;2021-05-10;1202;1670;103124;47860;31.2;14.5
47;2021-05-11;2174;1991;105298;49851;31.9;15.1
47;2021-05-12;2626;1451;107924;51302;32.7;15.5
47;2021-05-13;2381;657;110305;51959;33.4;15.7
47;2021-05-14;2062;859;112367;52818;34.0;16.0
47;2021-05-15;1934;862;114301;53680;34.6;16.3
47;2021-05-16;367;9;114668;53689;34.7;16.3
47;2021-05-17;1885;1123;116553;54812;35.3;16.6
47;2021-05-18;2357;1140;118910;55952;36.0;16.9
47;2021-05-19;2344;761;121254;56713;36.7;17.2
47;2021-05-20;2587;967;123841;57680;37.5;17.5
47;2021-05-21;1537;1132;125378;58812;38.0;17.8
47;2021-05-22;2368;835;127746;59647;38.7;18.1
47;2021-05-23;25;185;127771;59832;38.7;18.1
47;2021-05-24;1549;236;129320;60068;39.1;18.2
47;2021-05-25;1484;1319;130804;61387;39.6;18.6
47;2021-05-26;1599;1088;132403;62475;40.1;18.9
47;2021-05-27;1944;1268;134347;63743;40.7;19.3
47;2021-05-28;1457;1536;135804;65279;41.1;19.8
47;2021-05-29;1152;1126;136956;66405;41.5;20.1
47;2021-05-30;12;45;136968;66450;41.5;20.1
47;2021-05-31;1867;1422;138835;67872;42.0;20.5
47;2021-06-01;1922;1341;140757;69213;42.6;21.0
47;2021-06-02;2101;1333;142858;70546;43.2;21.4
47;2021-06-03;2485;1610;145343;72156;44.0;21.8
47;2021-06-04;1967;2114;147310;74270;44.6;22.5
47;2021-06-05;1638;1475;148948;75745;45.1;22.9
47;2021-06-06;212;70;149160;75815;45.2;23.0
47;2021-06-07;1663;2245;150823;78060;45.7;23.6
47;2021-06-08;1630;1906;152453;79966;46.2;24.2
47;2021-06-09;1823;2127;154276;82093;46.7;24.9
47;2021-06-10;2374;1616;156650;83709;47.4;25.3
47;2021-06-11;1829;2101;158479;85810;48.0;26.0
47;2021-06-12;1352;2103;159831;87913;48.4;26.6
47;2021-06-13;4;10;159835;87923;48.4;26.6
47;2021-06-14;1282;2449;161117;90372;48.8;27.4
47;2021-06-15;1465;2036;162582;92408;49.2;28.0
47;2021-06-16;1207;2187;163789;94595;49.6;28.6
47;2021-06-17;1656;1524;165445;96119;50.1;29.1
47;2021-06-18;1440;2497;166885;98616;50.5;29.9
47;2021-06-19;1538;2456;168423;101072;51.0;30.6
47;2021-06-20;4;33;168427;101105;51.0;30.6
47;2021-06-21;1137;2514;169564;103619;51.3;31.4
47;2021-06-22;758;2503;170322;106122;51.6;32.1
47;2021-06-23;998;2015;171320;108137;51.9;32.7
47;2021-06-24;1211;1935;172531;110072;52.2;33.3
47;2021-06-25;1005;2608;173536;112680;52.5;34.1
47;2021-06-26;988;2789;174524;115469;52.8;35.0
47;2021-06-27;16;349;174540;115818;52.8;35.1
47;2021-06-28;875;2406;175415;118224;53.1;35.8
47;2021-06-29;798;2317;176213;120541;53.3;36.5
47;2021-06-30;730;2308;176943;122849;53.6;37.2
47;2021-07-01;820;2107;177763;124956;53.8;37.8
47;2021-07-02;886;2276;178649;127232;54.1;38.5
47;2021-07-03;727;3042;179376;130274;54.3;39.4
47;2021-07-04;34;12;179410;130286;54.3;39.4
47;2021-07-05;979;2146;180389;132432;54.6;40.1
47;2021-07-06;1007;1959;181396;134391;54.9;40.7
47;2021-07-07;1300;2064;182696;136455;55.3;41.3
47;2021-07-08;1144;2192;183840;138647;55.7;42.0
47;2021-07-09;1050;2408;184890;141055;56.0;42.7
47;2021-07-10;954;2130;185844;143185;56.3;43.3
47;2021-07-11;1;6;185845;143191;56.3;43.3
47;2021-07-12;557;2581;186402;145772;56.4;44.1
47;2021-07-13;1094;2592;187496;148364;56.8;44.9
47;2021-07-14;1165;1579;188661;149943;57.1;45.4
47;2021-07-15;1717;3139;190378;153082;57.6;46.3
47;2021-07-16;1720;2678;192098;155760;58.2;47.2
47;2021-07-17;1196;2459;193294;158219;58.5;47.9
47;2021-07-18;36;188;193330;158407;58.5;48.0
47;2021-07-19;1115;2564;194445;160971;58.9;48.7
47;2021-07-20;1636;2340;196081;163311;59.4;49.4
47;2021-07-21;2176;2244;198257;165555;60.0;50.1
47;2021-07-22;2153;2297;200410;167852;60.7;50.8
47;2021-07-23;2106;2252;202516;170104;61.3;51.5
47;2021-07-24;1108;1912;203624;172016;61.6;52.1
47;2021-07-25;12;1;203636;172017;61.6;52.1
47;2021-07-26;1229;1940;204865;173957;62.0;52.7
47;2021-07-27;2103;1635;206968;175592;62.7;53.2
47;2021-07-28;1868;1594;208836;177186;63.2;53.6
47;2021-07-29;2302;1601;211138;178787;63.9;54.1
47;2021-07-30;1857;1623;212995;180410;64.5;54.6
47;2021-07-31;1479;1666;214474;182076;64.9;55.1
47;2021-08-01;17;8;214491;182084;64.9;55.1
47;2021-08-02;2021;1219;216512;183303;65.5;55.5
47;2021-08-03;2141;1104;218653;184407;66.2;55.8
47;2021-08-04;2168;1516;220821;185923;66.8;56.3
47;2021-08-05;2396;1439;223217;187362;67.6;56.7
47;2021-08-06;1996;1836;225213;189198;68.2;57.3
47;2021-08-07;1601;1412;226814;190610;68.7;57.7
47;2021-08-08;24;22;226838;190632;68.7;57.7
47;2021-08-09;1871;1210;228709;191842;69.2;58.1
47;2021-08-10;1902;1287;230611;193129;69.8;58.5
47;2021-08-11;1797;1399;232408;194528;70.4;58.9
47;2021-08-12;2042;1341;234450;195869;71.0;59.3
47;2021-08-13;1411;1660;235861;197529;71.4;59.8
47;2021-08-14;1337;1442;237198;198971;71.8;60.2
47;2021-08-15;8;18;237206;198989;71.8;60.2
47;2021-08-16;1434;1448;238640;200437;72.2;60.7
47;2021-08-17;1122;1692;239762;202129;72.6;61.2
48;2020-12-27;0;0;0;0;0.0;0.0
48;2020-12-28;0;0;0;0;0.0;0.0
48;2020-12-29;0;0;0;0;0.0;0.0
48;2020-12-30;0;0;0;0;0.0;0.0
48;2020-12-31;0;0;0;0;0.0;0.0
48;2021-01-01;0;0;0;0;0.0;0.0
48;2021-01-02;0;0;0;0;0.0;0.0
48;2021-01-03;0;0;0;0;0.0;0.0
48;2021-01-04;0;0;0;0;0.0;0.0
48;2021-01-05;0;0;0;0;0.0;0.0
48;2021-01-06;0;0;0;0;0.0;0.0
48;2021-01-07;55;0;55;0;0.1;0.0
48;2021-01-08;87;0;142;0;0.2;0.0
48;2021-01-09;1;0;143;0;0.2;0.0
48;2021-01-10;0;0;143;0;0.2;0.0
48;2021-01-11;13;0;156;0;0.2;0.0
48;2021-01-12;19;1;175;1;0.2;0.0
48;2021-01-13;104;0;279;1;0.4;0.0
48;2021-01-14;90;1;369;2;0.5;0.0
48;2021-01-15;63;0;432;2;0.6;0.0
48;2021-01-16;0;0;432;2;0.6;0.0
48;2021-01-17;0;0;432;2;0.6;0.0
48;2021-01-18;117;0;549;2;0.7;0.0
48;2021-01-19;345;0;894;2;1.2;0.0
48;2021-01-20;364;0;1258;2;1.6;0.0
48;2021-01-21;465;0;1723;2;2.3;0.0
48;2021-01-22;269;0;1992;2;2.6;0.0
48;2021-01-23;36;0;2028;2;2.7;0.0
48;2021-01-24;0;0;2028;2;2.7;0.0
48;2021-01-25;109;2;2137;4;2.8;0.0
48;2021-01-26;261;0;2398;4;3.1;0.0
48;2021-01-27;257;2;2655;6;3.5;0.0
48;2021-01-28;270;10;2925;16;3.8;0.0
48;2021-01-29;175;60;3100;76;4.1;0.1
48;2021-01-30;1;7;3101;83;4.1;0.1
48;2021-01-31;0;6;3101;89;4.1;0.1
48;2021-02-01;98;47;3199;136;4.2;0.2
48;2021-02-02;191;36;3390;172;4.4;0.2
48;2021-02-03;177;82;3567;254;4.7;0.3
48;2021-02-04;234;14;3801;268;5.0;0.4
48;2021-02-05;144;36;3945;304;5.2;0.4
48;2021-02-06;34;0;3979;304;5.2;0.4
48;2021-02-07;0;0;3979;304;5.2;0.4
48;2021-02-08;50;61;4029;365;5.3;0.5
48;2021-02-09;66;167;4095;532;5.4;0.7
48;2021-02-10;65;303;4160;835;5.5;1.1
48;2021-02-11;165;407;4325;1242;5.7;1.6
48;2021-02-12;120;155;4445;1397;5.8;1.8
48;2021-02-13;8;55;4453;1452;5.8;1.9
48;2021-02-14;0;0;4453;1452;5.8;1.9
48;2021-02-15;51;106;4504;1558;5.9;2.0
48;2021-02-16;43;173;4547;1731;6.0;2.3
48;2021-02-17;35;284;4582;2015;6.0;2.6
48;2021-02-18;252;106;4834;2121;6.3;2.8
48;2021-02-19;60;183;4894;2304;6.4;3.0
48;2021-02-20;0;1;4894;2305;6.4;3.0
48;2021-02-21;0;14;4894;2319;6.4;3.0
48;2021-02-22;24;129;4918;2448;6.4;3.2
48;2021-02-23;74;222;4992;2670;6.5;3.5
48;2021-02-24;66;265;5058;2935;6.6;3.8
48;2021-02-25;148;263;5206;3198;6.8;4.2
48;2021-02-26;51;229;5257;3427;6.9;4.5
48;2021-02-27;28;1;5285;3428;6.9;4.5
48;2021-02-28;3;14;5288;3442;6.9;4.5
48;2021-03-01;102;96;5390;3538;7.1;4.6
48;2021-03-02;199;87;5589;3625;7.3;4.8
48;2021-03-03;155;110;5744;3735;7.5;4.9
48;2021-03-04;194;183;5938;3918;7.8;5.1
48;2021-03-05;136;141;6074;4059;8.0;5.3
48;2021-03-06;180;53;6254;4112;8.2;5.4
48;2021-03-07;75;1;6329;4113;8.3;5.4
48;2021-03-08;352;122;6681;4235;8.8;5.6
48;2021-03-09;377;87;7058;4322;9.3;5.7
48;2021-03-10;263;61;7321;4383;9.6;5.7
48;2021-03-11;334;90;7655;4473;10.0;5.9
48;2021-03-12;255;154;7910;4627;10.4;6.1
48;2021-03-13;301;5;8211;4632;10.8;6.1
48;2021-03-14;8;0;8219;4632;10.8;6.1
48;2021-03-15;174;63;8393;4695;11.0;6.2
48;2021-03-16;166;66;8559;4761;11.2;6.2
48;2021-03-17;156;110;8715;4871;11.4;6.4
48;2021-03-18;190;104;8905;4975;11.7;6.5
48;2021-03-19;116;96;9021;5071;11.8;6.6
48;2021-03-20;101;0;9122;5071;12.0;6.6
48;2021-03-21;0;0;9122;5071;12.0;6.6
48;2021-03-22;160;22;9282;5093;12.2;6.7
48;2021-03-23;329;103;9611;5196;12.6;6.8
48;2021-03-24;284;99;9895;5295;13.0;6.9
48;2021-03-25;757;118;10652;5413;14.0;7.1
48;2021-03-26;269;60;10921;5473;14.3;7.2
48;2021-03-27;104;1;11025;5474;14.5;7.2
48;2021-03-28;79;19;11104;5493;14.6;7.2
48;2021-03-29;304;80;11408;5573;15.0;7.3
48;2021-03-30;362;130;11770;5703;15.4;7.5
48;2021-03-31;448;86;12218;5789;16.0;7.6
48;2021-04-01;729;70;12947;5859;17.0;7.7
48;2021-04-02;487;131;13434;5990;17.6;7.9
48;2021-04-03;140;83;13574;6073;17.8;8.0
48;2021-04-04;0;0;13574;6073;17.8;8.0
48;2021-04-05;43;1;13617;6074;17.8;8.0
48;2021-04-06;465;159;14082;6233;18.5;8.2
48;2021-04-07;465;140;14547;6373;19.1;8.4
48;2021-04-08;620;187;15167;6560;19.9;8.6
48;2021-04-09;446;120;15613;6680;20.5;8.8
48;2021-04-10;95;60;15708;6740;20.6;8.8
48;2021-04-11;2;0;15710;6740;20.6;8.8
48;2021-04-12;364;71;16074;6811;21.1;8.9
48;2021-04-13;361;93;16435;6904;21.5;9.1
48;2021-04-14;624;186;17059;7090;22.4;9.3
48;2021-04-15;699;356;17758;7446;23.3;9.8
48;2021-04-16;538;226;18296;7672;24.0;10.1
48;2021-04-17;89;71;18385;7743;24.1;10.1
48;2021-04-18;0;0;18385;7743;24.1;10.1
48;2021-04-19;197;106;18582;7849;24.4;10.3
48;2021-04-20;216;181;18798;8030;24.6;10.5
48;2021-04-21;284;206;19082;8236;25.0;10.8
48;2021-04-22;307;479;19389;8715;25.4;11.4
48;2021-04-23;255;241;19644;8956;25.8;11.7
48;2021-04-24;97;93;19741;9049;25.9;11.9
48;2021-04-25;1;9;19742;9058;25.9;11.9
48;2021-04-26;87;209;19829;9267;26.0;12.1
48;2021-04-27;172;292;20001;9559;26.2;12.5
48;2021-04-28;149;414;20150;9973;26.4;13.1
48;2021-04-29;204;490;20354;10463;26.7;13.7
48;2021-04-30;172;226;20526;10689;26.9;14.0
48;2021-05-01;0;0;20526;10689;26.9;14.0
48;2021-05-02;0;0;20526;10689;26.9;14.0
48;2021-05-03;106;386;20632;11075;27.0;14.5
48;2021-05-04;227;421;20859;11496;27.3;15.1
48;2021-05-05;84;485;20943;11981;27.5;15.7
48;2021-05-06;742;638;21685;12619;28.4;16.5
48;2021-05-07;96;504;21781;13123;28.6;17.2
48;2021-05-08;309;43;22090;13166;29.0;17.3
48;2021-05-09;285;9;22375;13175;29.3;17.3
48;2021-05-10;55;325;22430;13500;29.4;17.7
48;2021-05-11;221;292;22651;13792;29.7;18.1
48;2021-05-12;249;312;22900;14104;30.0;18.5
48;2021-05-13;472;157;23372;14261;30.6;18.7
48;2021-05-14;244;221;23616;14482;31.0;19.0
48;2021-05-15;84;47;23700;14529;31.1;19.0
48;2021-05-16;1;8;23701;14537;31.1;19.1
48;2021-05-17;474;267;24175;14804;31.7;19.4
48;2021-05-18;264;228;24439;15032;32.0;19.7
48;2021-05-19;207;278;24646;15310;32.3;20.1
48;2021-05-20;320;256;24966;15566;32.7;20.4
48;2021-05-21;172;267;25138;15833;33.0;20.8
48;2021-05-22;25;50;25163;15883;33.0;20.8
48;2021-05-23;0;6;25163;15889;33.0;20.8
48;2021-05-24;0;14;25163;15903;33.0;20.8
48;2021-05-25;180;266;25343;16169;33.2;21.2
48;2021-05-26;416;298;25759;16467;33.8;21.6
48;2021-05-27;1176;377;26935;16844;35.3;22.1
48;2021-05-28;315;350;27250;17194;35.7;22.5
48;2021-05-29;79;50;27329;17244;35.8;22.6
48;2021-05-30;0;1;27329;17245;35.8;22.6
48;2021-05-31;625;263;27954;17508;36.6;23.0
48;2021-06-01;272;305;28226;17813;37.0;23.4
48;2021-06-02;407;424;28633;18237;37.5;23.9
48;2021-06-03;628;430;29261;18667;38.4;24.5
48;2021-06-04;291;281;29552;18948;38.7;24.8
48;2021-06-05;121;77;29673;19025;38.9;24.9
48;2021-06-06;1;1;29674;19026;38.9;24.9
48;2021-06-07;440;161;30114;19187;39.5;25.2
48;2021-06-08;614;307;30728;19494;40.3;25.6
48;2021-06-09;379;189;31107;19683;40.8;25.8
48;2021-06-10;1002;239;32109;19922;42.1;26.1
48;2021-06-11;372;159;32481;20081;42.6;26.3
48;2021-06-12;74;56;32555;20137;42.7;26.4
48;2021-06-13;0;2;32555;20139;42.7;26.4
48;2021-06-14;124;115;32679;20254;42.8;26.6
48;2021-06-15;407;385;33086;20639;43.4;27.1
48;2021-06-16;259;144;33345;20783;43.7;27.2
48;2021-06-17;486;574;33831;21357;44.3;28.0
48;2021-06-18;254;314;34085;21671;44.7;28.4
48;2021-06-19;35;291;34120;21962;44.7;28.8
48;2021-06-20;123;224;34243;22186;44.9;29.1
48;2021-06-21;125;132;34368;22318;45.1;29.3
48;2021-06-22;258;333;34626;22651;45.4;29.7
48;2021-06-23;111;546;34737;23197;45.5;30.4
48;2021-06-24;364;608;35101;23805;46.0;31.2
48;2021-06-25;153;276;35254;24081;46.2;31.6
48;2021-06-26;15;45;35269;24126;46.2;31.6
48;2021-06-27;1;1;35270;24127;46.2;31.6
48;2021-06-28;81;177;35351;24304;46.3;31.9
48;2021-06-29;297;413;35648;24717;46.7;32.4
48;2021-06-30;96;465;35744;25182;46.9;33.0
48;2021-07-01;194;665;35938;25847;47.1;33.9
48;2021-07-02;148;369;36086;26216;47.3;34.4
48;2021-07-03;41;89;36127;26305;47.4;34.5
48;2021-07-04;7;0;36134;26305;47.4;34.5
48;2021-07-05;40;115;36174;26420;47.4;34.6
48;2021-07-06;278;597;36452;27017;47.8;35.4
48;2021-07-07;200;485;36652;27502;48.0;36.1
48;2021-07-08;224;1191;36876;28693;48.3;37.6
48;2021-07-09;156;552;37032;29245;48.5;38.3
48;2021-07-10;95;148;37127;29393;48.7;38.5
48;2021-07-11;0;4;37127;29397;48.7;38.5
48;2021-07-12;140;673;37267;30070;48.9;39.4
48;2021-07-13;212;431;37479;30501;49.1;40.0
48;2021-07-14;178;144;37657;30645;49.4;40.2
48;2021-07-15;187;458;37844;31103;49.6;40.8
48;2021-07-16;234;314;38078;31417;49.9;41.2
48;2021-07-17;128;117;38206;31534;50.1;41.3
48;2021-07-18;4;5;38210;31539;50.1;41.3
48;2021-07-19;105;305;38315;31844;50.2;41.7
48;2021-07-20;653;993;38968;32837;51.1;43.0
48;2021-07-21;68;371;39036;33208;51.2;43.5
48;2021-07-22;779;1123;39815;34331;52.2;45.0
48;2021-07-23;364;436;40179;34767;52.7;45.6
48;2021-07-24;505;170;40684;34937;53.3;45.8
48;2021-07-25;137;46;40821;34983;53.5;45.9
48;2021-07-26;100;198;40921;35181;53.6;46.1
48;2021-07-27;1194;642;42115;35823;55.2;47.0
48;2021-07-28;176;316;42291;36139;55.4;47.4
48;2021-07-29;704;639;42995;36778;56.4;48.2
48;2021-07-30;199;293;43194;37071;56.6;48.6
48;2021-07-31;336;179;43530;37250;57.1;48.8
48;2021-08-01;18;55;43548;37305;57.1;48.9
48;2021-08-02;225;160;43773;37465;57.4;49.1
48;2021-08-03;894;566;44667;38031;58.6;49.9
48;2021-08-04;325;219;44992;38250;59.0;50.1
48;2021-08-05;673;466;45665;38716;59.9;50.8
48;2021-08-06;435;273;46100;38989;60.4;51.1
48;2021-08-07;249;123;46349;39112;60.8;51.3
48;2021-08-08;1;5;46350;39117;60.8;51.3
48;2021-08-09;170;140;46520;39257;61.0;51.5
48;2021-08-10;723;552;47243;39809;61.9;52.2
48;2021-08-11;296;235;47539;40044;62.3;52.5
48;2021-08-12;417;408;47956;40452;62.9;53.0
48;2021-08-13;218;208;48174;40660;63.1;53.3
48;2021-08-14;135;163;48309;40823;63.3;53.5
48;2021-08-15;131;80;48440;40903;63.5;53.6
48;2021-08-16;118;187;48558;41090;63.7;53.9
48;2021-08-17;360;1184;48918;42274;64.1;55.4
49;2020-12-27;0;0;0;0;0.0;0.0
49;2020-12-28;2;0;2;0;0.0;0.0
49;2020-12-29;0;0;2;0;0.0;0.0
49;2020-12-30;0;0;2;0;0.0;0.0
49;2020-12-31;0;0;2;0;0.0;0.0
49;2021-01-01;2;0;4;0;0.0;0.0
49;2021-01-02;1;1;5;1;0.0;0.0
49;2021-01-03;0;0;5;1;0.0;0.0
49;2021-01-04;10;0;15;1;0.0;0.0
49;2021-01-05;92;0;107;1;0.0;0.0
49;2021-01-06;232;0;339;1;0.0;0.0
49;2021-01-07;366;0;705;1;0.1;0.0
49;2021-01-08;329;1;1034;2;0.1;0.0
49;2021-01-09;118;0;1152;2;0.1;0.0
49;2021-01-10;114;0;1266;2;0.2;0.0
49;2021-01-11;287;0;1553;2;0.2;0.0
49;2021-01-12;623;0;2176;2;0.3;0.0
49;2021-01-13;602;2;2778;4;0.3;0.0
49;2021-01-14;590;6;3368;10;0.4;0.0
49;2021-01-15;775;1;4143;11;0.5;0.0
49;2021-01-16;147;0;4290;11;0.5;0.0
49;2021-01-17;111;2;4401;13;0.5;0.0
49;2021-01-18;691;0;5092;13;0.6;0.0
49;2021-01-19;1204;1;6296;14;0.8;0.0
49;2021-01-20;1510;3;7806;17;1.0;0.0
49;2021-01-21;1940;4;9746;21;1.2;0.0
49;2021-01-22;1319;5;11065;26;1.4;0.0
49;2021-01-23;263;1;11328;27;1.4;0.0
49;2021-01-24;0;0;11328;27;1.4;0.0
49;2021-01-25;552;5;11880;32;1.5;0.0
49;2021-01-26;987;75;12867;107;1.6;0.0
49;2021-01-27;1854;37;14721;144;1.8;0.0
49;2021-01-28;2876;88;17597;232;2.2;0.0
49;2021-01-29;1589;93;19186;325;2.4;0.0
49;2021-01-30;300;47;19486;372;2.4;0.0
49;2021-01-31;62;51;19548;423;2.4;0.1
49;2021-02-01;661;165;20209;588;2.5;0.1
49;2021-02-02;743;386;20952;974;2.6;0.1
49;2021-02-03;675;379;21627;1353;2.7;0.2
49;2021-02-04;758;446;22385;1799;2.7;0.2
49;2021-02-05;707;598;23092;2397;2.8;0.3
49;2021-02-06;229;111;23321;2508;2.9;0.3
49;2021-02-07;59;84;23380;2592;2.9;0.3
49;2021-02-08;549;480;23929;3072;2.9;0.4
49;2021-02-09;713;647;24642;3719;3.0;0.5
49;2021-02-10;806;953;25448;4672;3.1;0.6
49;2021-02-11;1012;1409;26460;6081;3.2;0.7
49;2021-02-12;870;978;27330;7059;3.3;0.9
49;2021-02-13;266;118;27596;7177;3.4;0.9
49;2021-02-14;9;106;27605;7283;3.4;0.9
49;2021-02-15;731;664;28336;7947;3.5;1.0
49;2021-02-16;1106;1125;29442;9072;3.6;1.1
49;2021-02-17;1159;1870;30601;10942;3.8;1.3
49;2021-02-18;1811;2439;32412;13381;4.0;1.6
49;2021-02-19;1395;1110;33807;14491;4.1;1.8
49;2021-02-20;233;385;34040;14876;4.2;1.8
49;2021-02-21;0;64;34040;14940;4.2;1.8
49;2021-02-22;646;576;34686;15516;4.3;1.9
49;2021-02-23;735;860;35421;16376;4.3;2.0
49;2021-02-24;822;644;36243;17020;4.4;2.1
49;2021-02-25;1208;813;37451;17833;4.6;2.2
49;2021-02-26;1673;848;39124;18681;4.8;2.3
49;2021-02-27;435;282;39559;18963;4.8;2.3
49;2021-02-28;49;38;39608;19001;4.9;2.3
49;2021-03-01;766;585;40374;19586;4.9;2.4
49;2021-03-02;1083;701;41457;20287;5.1;2.5
49;2021-03-03;1559;674;43016;20961;5.3;2.6
49;2021-03-04;1767;936;44783;21897;5.5;2.7
49;2021-03-05;2212;694;46995;22591;5.8;2.8
49;2021-03-06;716;188;47711;22779;5.8;2.8
49;2021-03-07;627;12;48338;22791;5.9;2.8
49;2021-03-08;1396;716;49734;23507;6.1;2.9
49;2021-03-09;2051;740;51785;24247;6.3;3.0
49;2021-03-10;2528;863;54313;25110;6.7;3.1
49;2021-03-11;3195;1471;57508;26581;7.0;3.3
49;2021-03-12;3766;1005;61274;27586;7.5;3.4
49;2021-03-13;1501;219;62775;27805;7.7;3.4
49;2021-03-14;6;0;62781;27805;7.7;3.4
49;2021-03-15;2084;535;64865;28340;8.0;3.5
49;2021-03-16;1732;961;66597;29301;8.2;3.6
49;2021-03-17;1811;671;68408;29972;8.4;3.7
49;2021-03-18;2202;730;70610;30702;8.7;3.8
49;2021-03-19;3331;561;73941;31263;9.1;3.8
49;2021-03-20;1743;206;75684;31469;9.3;3.9
49;2021-03-21;499;23;76183;31492;9.3;3.9
49;2021-03-22;2247;547;78430;32039;9.6;3.9
49;2021-03-23;3403;679;81833;32718;10.0;4.0
49;2021-03-24;3602;497;85435;33215;10.5;4.1
49;2021-03-25;4226;649;89661;33864;11.0;4.2
49;2021-03-26;4884;505;94545;34369;11.6;4.2
49;2021-03-27;1674;98;96219;34467;11.8;4.2
49;2021-03-28;400;30;96619;34497;11.8;4.2
49;2021-03-29;2372;610;98991;35107;12.1;4.3
49;2021-03-30;3269;939;102260;36046;12.5;4.4
49;2021-03-31;2979;748;105239;36794;12.9;4.5
49;2021-04-01;4121;869;109360;37663;13.4;4.6
49;2021-04-02;4295;946;113655;38609;13.9;4.7
49;2021-04-03;971;194;114626;38803;14.0;4.8
49;2021-04-04;314;3;114940;38806;14.1;4.8
49;2021-04-05;942;21;115882;38827;14.2;4.8
49;2021-04-06;2331;1322;118213;40149;14.5;4.9
49;2021-04-07;3308;1362;121521;41511;14.9;5.1
49;2021-04-08;5182;1408;126703;42919;15.5;5.3
49;2021-04-09;6207;1427;132910;44346;16.3;5.4
49;2021-04-10;2068;499;134978;44845;16.5;5.5
49;2021-04-11;390;7;135368;44852;16.6;5.5
49;2021-04-12;4073;1569;139441;46421;17.1;5.7
49;2021-04-13;5379;1913;144820;48334;17.8;5.9
49;2021-04-14;4542;1870;149362;50204;18.3;6.2
49;2021-04-15;5379;1884;154741;52088;19.0;6.4
49;2021-04-16;5758;2135;160499;54223;19.7;6.6
49;2021-04-17;3336;849;163835;55072;20.1;6.8
49;2021-04-18;381;476;164216;55548;20.1;6.8
49;2021-04-19;3710;2055;167926;57603;20.6;7.1
49;2021-04-20;4375;2113;172301;59716;21.1;7.3
49;2021-04-21;3954;2208;176255;61924;21.6;7.6
49;2021-04-22;4834;2103;181089;64027;22.2;7.8
49;2021-04-23;4812;2329;185901;66356;22.8;8.1
49;2021-04-24;2937;1156;188838;67512;23.1;8.3
49;2021-04-25;40;282;188878;67794;23.2;8.3
49;2021-04-26;3739;2113;192617;69907;23.6;8.6
49;2021-04-27;4473;2507;197090;72414;24.2;8.9
49;2021-04-28;4617;2494;201707;74908;24.7;9.2
49;2021-04-29;5206;3018;206913;77926;25.4;9.6
49;2021-04-30;5556;3202;212469;81128;26.0;9.9
49;2021-05-01;2363;666;214832;81794;26.3;10.0
49;2021-05-02;5;40;214837;81834;26.3;10.0
49;2021-05-03;5011;2408;219848;84242;26.9;10.3
49;2021-05-04;4971;3043;224819;87285;27.6;10.7
49;2021-05-05;4786;3002;229605;90287;28.1;11.1
49;2021-05-06;5330;3078;234935;93365;28.8;11.4
49;2021-05-07;4278;5031;239213;98396;29.3;12.1
49;2021-05-08;3576;436;242789;98832;29.8;12.1
49;2021-05-09;10;41;242799;98873;29.8;12.1
49;2021-05-10;4831;4277;247630;103150;30.4;12.6
49;2021-05-11;5397;5085;253027;108235;31.0;13.3
49;2021-05-12;4802;4595;257829;112830;31.6;13.8
49;2021-05-13;4779;689;262608;113519;32.2;13.9
49;2021-05-14;5173;3271;267781;116790;32.8;14.3
49;2021-05-15;4157;1807;271938;118597;33.3;14.5
49;2021-05-16;2788;119;274726;118716;33.7;14.6
49;2021-05-17;4834;3693;279560;122409;34.3;15.0
49;2021-05-18;5472;3771;285032;126180;34.9;15.5
49;2021-05-19;5917;3231;290949;129411;35.7;15.9
49;2021-05-20;6793;2964;297742;132375;36.5;16.2
49;2021-05-21;6453;3741;304195;136116;37.3;16.7
49;2021-05-22;5186;1193;309381;137309;37.9;16.8
49;2021-05-23;1;12;309382;137321;37.9;16.8
49;2021-05-24;4218;447;313600;137768;38.4;16.9
49;2021-05-25;6331;3306;319931;141074;39.2;17.3
49;2021-05-26;6272;2668;326203;143742;40.0;17.6
49;2021-05-27;7109;2723;333312;146465;40.9;18.0
49;2021-05-28;6875;4020;340187;150485;41.7;18.4
49;2021-05-29;5024;1897;345211;152382;42.3;18.7
49;2021-05-30;20;13;345231;152395;42.3;18.7
49;2021-05-31;6039;3223;351270;155618;43.1;19.1
49;2021-06-01;6587;3987;357857;159605;43.9;19.6
49;2021-06-02;5793;3745;363650;163350;44.6;20.0
49;2021-06-03;6604;3424;370254;166774;45.4;20.4
49;2021-06-04;6470;4863;376724;171637;46.2;21.0
49;2021-06-05;4386;2696;381110;174333;46.7;21.4
49;2021-06-06;35;52;381145;174385;46.7;21.4
49;2021-06-07;4632;4761;385777;179146;47.3;22.0
49;2021-06-08;5185;5103;390962;184249;47.9;22.6
49;2021-06-09;5320;4502;396282;188751;48.6;23.1
49;2021-06-10;5998;3782;402280;192533;49.3;23.6
49;2021-06-11;4851;6035;407131;198568;49.9;24.3
49;2021-06-12;4102;3203;411233;201771;50.4;24.7
49;2021-06-13;19;989;411252;202760;50.4;24.9
49;2021-06-14;3408;6017;414660;208777;50.8;25.6
49;2021-06-15;4243;6400;418903;215177;51.3;26.4
49;2021-06-16;4148;5680;423051;220857;51.9;27.1
49;2021-06-17;5068;5077;428119;225934;52.5;27.7
49;2021-06-18;4130;6887;432249;232821;53.0;28.5
49;2021-06-19;3525;3974;435774;236795;53.4;29.0
49;2021-06-20;30;23;435804;236818;53.4;29.0
49;2021-06-21;2828;6512;438632;243330;53.8;29.8
49;2021-06-22;3201;7007;441833;250337;54.2;30.7
49;2021-06-23;3253;6318;445086;256655;54.6;31.5
49;2021-06-24;4311;4978;449397;261633;55.1;32.1
49;2021-06-25;3318;7449;452715;269082;55.5;33.0
49;2021-06-26;2569;4627;455284;273709;55.8;33.5
49;2021-06-27;15;1544;455299;275253;55.8;33.7
49;2021-06-28;2232;7187;457531;282440;56.1;34.6
49;2021-06-29;3024;7273;460555;289713;56.4;35.5
49;2021-06-30;2821;6804;463376;296517;56.8;36.3
49;2021-07-01;3083;6271;466459;302788;57.2;37.1
49;2021-07-02;2899;8071;469358;310859;57.5;38.1
49;2021-07-03;1995;5484;471353;316343;57.8;38.8
49;2021-07-04;7;53;471360;316396;57.8;38.8
49;2021-07-05;1628;7078;472988;323474;58.0;39.6
49;2021-07-06;1885;7553;474873;331027;58.2;40.6
49;2021-07-07;2054;6627;476927;337654;58.5;41.4
49;2021-07-08;2548;6355;479475;344009;58.8;42.2
49;2021-07-09;2301;8251;481776;352260;59.0;43.2
49;2021-07-10;1784;5341;483560;357601;59.3;43.8
49;2021-07-11;11;35;483571;357636;59.3;43.8
49;2021-07-12;1926;7716;485497;365352;59.5;44.8
49;2021-07-13;2562;8310;488059;373662;59.8;45.8
49;2021-07-14;2883;3373;490942;377035;60.2;46.2
49;2021-07-15;3123;7554;494065;384589;60.6;47.1
49;2021-07-16;3313;8300;497378;392889;61.0;48.2
49;2021-07-17;2077;5486;499455;398375;61.2;48.8
49;2021-07-18;3744;579;503199;398954;61.7;48.9
49;2021-07-19;2566;7451;505765;406405;62.0;49.8
49;2021-07-20;3356;7479;509121;413884;62.4;50.7
49;2021-07-21;4150;6465;513271;420349;62.9;51.5
49;2021-07-22;4650;5854;517921;426203;63.5;52.2
49;2021-07-23;4919;6627;522840;432830;64.1;53.1
49;2021-07-24;3596;5001;526436;437831;64.5;53.7
49;2021-07-25;37;32;526473;437863;64.5;53.7
49;2021-07-26;4179;5899;530652;443762;65.0;54.4
49;2021-07-27;5564;5447;536216;449209;65.7;55.1
49;2021-07-28;5928;4356;542144;453565;66.4;55.6
49;2021-07-29;6546;4145;548690;457710;67.3;56.1
49;2021-07-30;6023;4790;554713;462500;68.0;56.7
49;2021-07-31;3938;3413;558651;465913;68.5;57.1
49;2021-08-01;18;22;558669;465935;68.5;57.1
49;2021-08-02;4248;4648;562917;470583;69.0;57.7
49;2021-08-03;5422;3802;568339;474385;69.7;58.1
49;2021-08-04;5202;3705;573541;478090;70.3;58.6
49;2021-08-05;5224;3290;578765;481380;70.9;59.0
49;2021-08-06;5683;4270;584448;485650;71.6;59.5
49;2021-08-07;3903;3037;588351;488687;72.1;59.9
49;2021-08-08;23;36;588374;488723;72.1;59.9
49;2021-08-09;3429;4668;591803;493391;72.5;60.5
49;2021-08-10;4170;3889;595973;497280;73.0;61.0
49;2021-08-11;3914;3639;599887;500919;73.5;61.4
49;2021-08-12;2624;3042;602511;503961;73.8;61.8
49;2021-08-13;3801;4248;606312;508209;74.3;62.3
49;2021-08-14;2266;3143;608578;511352;74.6;62.7
49;2021-08-15;29;26;608607;511378;74.6;62.7
49;2021-08-16;2715;5055;611322;516433;74.9;63.3
49;2021-08-17;3248;4901;614570;521334;75.3;63.9
50;2020-12-27;0;0;0;0;0.0;0.0
50;2020-12-28;0;0;0;0;0.0;0.0
50;2020-12-29;1;0;1;0;0.0;0.0
50;2020-12-30;0;0;1;0;0.0;0.0
50;2020-12-31;0;0;1;0;0.0;0.0
50;2021-01-01;0;0;1;0;0.0;0.0
50;2021-01-02;0;0;1;0;0.0;0.0
50;2021-01-03;0;0;1;0;0.0;0.0
50;2021-01-04;1;0;2;0;0.0;0.0
50;2021-01-05;0;0;2;0;0.0;0.0
50;2021-01-06;126;0;128;0;0.0;0.0
50;2021-01-07;321;0;449;0;0.1;0.0
50;2021-01-08;436;2;885;2;0.2;0.0
50;2021-01-09;236;0;1121;2;0.2;0.0
50;2021-01-10;23;0;1144;2;0.2;0.0
50;2021-01-11;391;1;1535;3;0.3;0.0
50;2021-01-12;600;0;2135;3;0.4;0.0
50;2021-01-13;694;4;2829;7;0.6;0.0
50;2021-01-14;1046;5;3875;12;0.8;0.0
50;2021-01-15;709;2;4584;14;0.9;0.0
50;2021-01-16;214;3;4798;17;1.0;0.0
50;2021-01-17;1;0;4799;17;1.0;0.0
50;2021-01-18;619;1;5418;18;1.1;0.0
50;2021-01-19;894;2;6312;20;1.3;0.0
50;2021-01-20;965;1;7277;21;1.5;0.0
50;2021-01-21;917;4;8194;25;1.7;0.0
50;2021-01-22;713;2;8907;27;1.8;0.0
50;2021-01-23;667;4;9574;31;2.0;0.0
50;2021-01-24;880;3;10454;34;2.1;0.0
50;2021-01-25;2709;10;13163;44;2.7;0.0
50;2021-01-26;1336;14;14499;58;3.0;0.0
50;2021-01-27;766;56;15265;114;3.1;0.0
50;2021-01-28;718;170;15983;284;3.3;0.1
50;2021-01-29;581;306;16564;590;3.4;0.1
50;2021-01-30;381;165;16945;755;3.5;0.2
50;2021-01-31;0;0;16945;755;3.5;0.2
50;2021-02-01;449;225;17394;980;3.5;0.2
50;2021-02-02;416;236;17810;1216;3.6;0.2
50;2021-02-03;390;378;18200;1594;3.7;0.3
50;2021-02-04;485;452;18685;2046;3.8;0.4
50;2021-02-05;422;450;19107;2496;3.9;0.5
50;2021-02-06;179;114;19286;2610;3.9;0.5
50;2021-02-07;0;0;19286;2610;3.9;0.5
50;2021-02-08;255;509;19541;3119;4.0;0.6
50;2021-02-09;246;642;19787;3761;4.0;0.8
50;2021-02-10;570;558;20357;4319;4.1;0.9
50;2021-02-11;438;915;20795;5234;4.2;1.1
50;2021-02-12;329;672;21124;5906;4.3;1.2
50;2021-02-13;306;489;21430;6395;4.4;1.3
50;2021-02-14;185;826;21615;7221;4.4;1.5
50;2021-02-15;663;2025;22278;9246;4.5;1.9
50;2021-02-16;746;1623;23024;10869;4.7;2.2
50;2021-02-17;632;829;23656;11698;4.8;2.4
50;2021-02-18;569;810;24225;12508;4.9;2.5
50;2021-02-19;630;522;24855;13030;5.1;2.7
50;2021-02-20;423;193;25278;13223;5.2;2.7
50;2021-02-21;85;29;25363;13252;5.2;2.7
50;2021-02-22;291;726;25654;13978;5.2;2.8
50;2021-02-23;502;565;26156;14543;5.3;3.0
50;2021-02-24;624;571;26780;15114;5.5;3.1
50;2021-02-25;778;591;27558;15705;5.6;3.2
50;2021-02-26;999;399;28557;16104;5.8;3.3
50;2021-02-27;887;114;29444;16218;6.0;3.3
50;2021-02-28;111;0;29555;16218;6.0;3.3
50;2021-03-01;489;559;30044;16777;6.1;3.4
50;2021-03-02;651;521;30695;17298;6.3;3.5
50;2021-03-03;797;458;31492;17756;6.4;3.6
50;2021-03-04;1248;342;32740;18098;6.7;3.7
50;2021-03-05;1552;352;34292;18450;7.0;3.8
50;2021-03-06;1319;159;35611;18609;7.3;3.8
50;2021-03-07;550;43;36161;18652;7.4;3.8
50;2021-03-08;1024;624;37185;19276;7.6;3.9
50;2021-03-09;1555;579;38740;19855;7.9;4.0
50;2021-03-10;1607;322;40347;20177;8.2;4.1
50;2021-03-11;2352;358;42699;20535;8.7;4.2
50;2021-03-12;2866;247;45565;20782;9.3;4.2
50;2021-03-13;1992;138;47557;20920;9.7;4.3
50;2021-03-14;279;41;47836;20961;9.7;4.3
50;2021-03-15;1377;297;49213;21258;10.0;4.3
50;2021-03-16;1340;283;50553;21541;10.3;4.4
50;2021-03-17;1295;412;51848;21953;10.6;4.5
50;2021-03-18;1161;428;53009;22381;10.8;4.6
50;2021-03-19;1731;591;54740;22972;11.2;4.7
50;2021-03-20;1685;228;56425;23200;11.5;4.7
50;2021-03-21;794;11;57219;23211;11.7;4.7
50;2021-03-22;1508;336;58727;23547;12.0;4.8
50;2021-03-23;2073;397;60800;23944;12.4;4.9
50;2021-03-24;2279;557;63079;24501;12.9;5.0
50;2021-03-25;2812;471;65891;24972;13.4;5.1
50;2021-03-26;3205;470;69096;25442;14.1;5.2
50;2021-03-27;1823;374;70919;25816;14.5;5.3
50;2021-03-28;403;18;71322;25834;14.5;5.3
50;2021-03-29;2138;722;73460;26556;15.0;5.4
50;2021-03-30;2283;649;75743;27205;15.4;5.5
50;2021-03-31;2478;571;78221;27776;15.9;5.7
50;2021-04-01;3105;866;81326;28642;16.6;5.8
50;2021-04-02;2961;945;84287;29587;17.2;6.0
50;2021-04-03;1245;689;85532;30276;17.4;6.2
50;2021-04-04;321;137;85853;30413;17.5;6.2
50;2021-04-05;400;27;86253;30440;17.6;6.2
50;2021-04-06;2129;1226;88382;31666;18.0;6.5
50;2021-04-07;2559;1185;90941;32851;18.5;6.7
50;2021-04-08;3598;1225;94539;34076;19.3;6.9
50;2021-04-09;3936;1303;98475;35379;20.1;7.2
50;2021-04-10;2535;882;101010;36261;20.6;7.4
50;2021-04-11;411;147;101421;36408;20.7;7.4
50;2021-04-12;2438;1382;103859;37790;21.2;7.7
50;2021-04-13;2678;1540;106537;39330;21.7;8.0
50;2021-04-14;2608;1352;109145;40682;22.2;8.3
50;2021-04-15;3162;1117;112307;41799;22.9;8.5
50;2021-04-16;3365;1103;115672;42902;23.6;8.7
50;2021-04-17;2400;1184;118072;44086;24.1;9.0
50;2021-04-18;425;664;118497;44750;24.2;9.1
50;2021-04-19;1998;1475;120495;46225;24.6;9.4
50;2021-04-20;2277;1593;122772;47818;25.0;9.7
50;2021-04-21;2551;1761;125323;49579;25.5;10.1
50;2021-04-22;3079;1827;128402;51406;26.2;10.5
50;2021-04-23;2757;1919;131159;53325;26.7;10.9
50;2021-04-24;1898;1436;133057;54761;27.1;11.2
50;2021-04-25;470;274;133527;55035;27.2;11.2
50;2021-04-26;2119;1888;135646;56923;27.6;11.6
50;2021-04-27;2412;1999;138058;58922;28.1;12.0
50;2021-04-28;2707;1975;140765;60897;28.7;12.4
50;2021-04-29;3285;2043;144050;62940;29.4;12.8
50;2021-04-30;3000;1930;147050;64870;30.0;13.2
50;2021-05-01;1015;593;148065;65463;30.2;13.3
50;2021-05-02;523;448;148588;65911;30.3;13.4
50;2021-05-03;1769;1806;150357;67717;30.6;13.8
50;2021-05-04;1772;2329;152129;70046;31.0;14.3
50;2021-05-05;1661;2955;153790;73001;31.3;14.9
50;2021-05-06;2530;2584;156320;75585;31.9;15.4
50;2021-05-07;2150;2861;158470;78446;32.3;16.0
50;2021-05-08;1170;791;159640;79237;32.5;16.1
50;2021-05-09;624;362;160264;79599;32.7;16.2
50;2021-05-10;1705;2606;161969;82205;33.0;16.8
50;2021-05-11;2543;2848;164512;85053;33.5;17.3
50;2021-05-12;3181;2439;167693;87492;34.2;17.8
50;2021-05-13;3382;610;171075;88102;34.9;18.0
50;2021-05-14;3572;2279;174647;90381;35.6;18.4
50;2021-05-15;4001;1872;178648;92253;36.4;18.8
50;2021-05-16;947;266;179595;92519;36.6;18.9
50;2021-05-17;2139;1879;181734;94398;37.0;19.2
50;2021-05-18;2522;1620;184256;96018;37.6;19.6
50;2021-05-19;2503;1443;186759;97461;38.1;19.9
50;2021-05-20;3262;1624;190021;99085;38.7;20.2
50;2021-05-21;3158;1914;193179;100999;39.4;20.6
50;2021-05-22;2651;1329;195830;102328;39.9;20.9
50;2021-05-23;603;284;196433;102612;40.0;20.9
50;2021-05-24;1527;490;197960;103102;40.3;21.0
50;2021-05-25;2450;1674;200410;104776;40.8;21.4
50;2021-05-26;3000;1452;203410;106228;41.5;21.6
50;2021-05-27;3033;1974;206443;108202;42.1;22.1
50;2021-05-28;2945;2123;209388;110325;42.7;22.5
50;2021-05-29;2760;1404;212148;111729;43.2;22.8
50;2021-05-30;812;324;212960;112053;43.4;22.8
50;2021-05-31;2652;1818;215612;113871;43.9;23.2
50;2021-06-01;3332;2065;218944;115936;44.6;23.6
50;2021-06-02;3259;1787;222203;117723;45.3;24.0
50;2021-06-03;3915;2063;226118;119786;46.1;24.4
50;2021-06-04;3823;2883;229941;122669;46.9;25.0
50;2021-06-05;2960;1847;232901;124516;47.5;25.4
50;2021-06-06;813;443;233714;124959;47.6;25.5
50;2021-06-07;3513;2084;237227;127043;48.3;25.9
50;2021-06-08;4072;2224;241299;129267;49.2;26.3
50;2021-06-09;4254;1990;245553;131257;50.0;26.8
50;2021-06-10;4196;2118;249749;133375;50.9;27.2
50;2021-06-11;4226;2713;253975;136088;51.8;27.7
50;2021-06-12;3736;1608;257711;137696;52.5;28.1
50;2021-06-13;1143;451;258854;138147;52.8;28.2
50;2021-06-14;2691;2965;261545;141112;53.3;28.8
50;2021-06-15;3020;2601;264565;143713;53.9;29.3
50;2021-06-16;3098;1975;267663;145688;54.6;29.7
50;2021-06-17;2795;2486;270458;148174;55.1;30.2
50;2021-06-18;3241;3049;273699;151223;55.8;30.8
50;2021-06-19;3178;1925;276877;153148;56.4;31.2
50;2021-06-20;731;710;277608;153858;56.6;31.4
50;2021-06-21;1819;3133;279427;156991;56.9;32.0
50;2021-06-22;2063;3393;281490;160384;57.4;32.7
50;2021-06-23;1871;3874;283361;164258;57.7;33.5
50;2021-06-24;1712;4011;285073;168269;58.1;34.3
50;2021-06-25;2135;4008;287208;172277;58.5;35.1
50;2021-06-26;2142;3698;289350;175975;59.0;35.9
50;2021-06-27;614;894;289964;176869;59.1;36.0
50;2021-06-28;1926;3349;291890;180218;59.5;36.7
50;2021-06-29;1881;3405;293771;183623;59.9;37.4
50;2021-06-30;2178;3407;295949;187030;60.3;38.1
50;2021-07-01;1945;3283;297894;190313;60.7;38.8
50;2021-07-02;1897;3929;299791;194242;61.1;39.6
50;2021-07-03;1446;3447;301237;197689;61.4;40.3
50;2021-07-04;445;1067;301682;198756;61.5;40.5
50;2021-07-05;1262;3410;302944;202166;61.7;41.2
50;2021-07-06;1574;3889;304518;206055;62.1;42.0
50;2021-07-07;1797;3620;306315;209675;62.4;42.7
50;2021-07-08;1377;4105;307692;213780;62.7;43.6
50;2021-07-09;1392;4573;309084;218353;63.0;44.5
50;2021-07-10;1023;3602;310107;221955;63.2;45.2
50;2021-07-11;371;1019;310478;222974;63.3;45.4
50;2021-07-12;1315;4630;311793;227604;63.5;46.4
50;2021-07-13;1626;4865;313419;232469;63.9;47.4
50;2021-07-14;1474;2356;314893;234825;64.2;47.9
50;2021-07-15;1681;5054;316574;239879;64.5;48.9
50;2021-07-16;2986;5242;319560;245121;65.1;50.0
50;2021-07-17;2140;3730;321700;248851;65.6;50.7
50;2021-07-18;402;1094;322102;249945;65.6;50.9
50;2021-07-19;1568;5182;323670;255127;66.0;52.0
50;2021-07-20;1925;5415;325595;260542;66.4;53.1
50;2021-07-21;1791;5270;327386;265812;66.7;54.2
50;2021-07-22;1931;5005;329317;270817;67.1;55.2
50;2021-07-23;2060;5389;331377;276206;67.5;56.3
50;2021-07-24;1306;3841;332683;280047;67.8;57.1
50;2021-07-25;268;1039;332951;281086;67.9;57.3
50;2021-07-26;2280;3496;335231;284582;68.3;58.0
50;2021-07-27;2885;3352;338116;287934;68.9;58.7
50;2021-07-28;2967;3693;341083;291627;69.5;59.4
50;2021-07-29;3544;3235;344627;294862;70.2;60.1
50;2021-07-30;3049;3014;347676;297876;70.9;60.7
50;2021-07-31;2380;2669;350056;300545;71.3;61.3
50;2021-08-01;480;684;350536;301229;71.4;61.4
50;2021-08-02;2444;2747;352980;303976;71.9;62.0
50;2021-08-03;3376;2465;356356;306441;72.6;62.5
50;2021-08-04;3578;2326;359934;308767;73.4;62.9
50;2021-08-05;3150;2156;363084;310923;74.0;63.4
50;2021-08-06;3613;2802;366697;313725;74.7;63.9
50;2021-08-07;2431;2161;369128;315886;75.2;64.4
50;2021-08-08;510;714;369638;316600;75.3;64.5
50;2021-08-09;2475;2128;372113;318728;75.8;65.0
50;2021-08-10;2934;1986;375047;320714;76.4;65.4
50;2021-08-11;2816;2014;377863;322728;77.0;65.8
50;2021-08-12;2562;2439;380425;325167;77.5;66.3
50;2021-08-13;2444;1975;382869;327142;78.0;66.7
50;2021-08-14;1804;1745;384673;328887;78.4;67.0
50;2021-08-15;399;334;385072;329221;78.5;67.1
50;2021-08-16;1679;2227;386751;331448;78.8;67.6
50;2021-08-17;1937;2664;388688;334112;79.2;68.1
51;2020-12-27;0;0;0;0;0.0;0.0
51;2020-12-28;0;0;0;0;0.0;0.0
51;2020-12-29;0;0;0;0;0.0;0.0
51;2020-12-30;0;0;0;0;0.0;0.0
51;2020-12-31;1;0;1;0;0.0;0.0
51;2021-01-01;0;0;1;0;0.0;0.0
51;2021-01-02;0;0;1;0;0.0;0.0
51;2021-01-03;0;0;1;0;0.0;0.0
51;2021-01-04;1;0;2;0;0.0;0.0
51;2021-01-05;1;0;3;0;0.0;0.0
51;2021-01-06;6;0;9;0;0.0;0.0
51;2021-01-07;262;1;271;1;0.0;0.0
51;2021-01-08;507;1;778;2;0.1;0.0
51;2021-01-09;91;0;869;2;0.2;0.0
51;2021-01-10;0;0;869;2;0.2;0.0
51;2021-01-11;545;2;1414;4;0.3;0.0
51;2021-01-12;1538;4;2952;8;0.5;0.0
51;2021-01-13;1289;5;4241;13;0.8;0.0
51;2021-01-14;1473;6;5714;19;1.0;0.0
51;2021-01-15;606;3;6320;22;1.1;0.0
51;2021-01-16;177;1;6497;23;1.2;0.0
51;2021-01-17;102;0;6599;23;1.2;0.0
51;2021-01-18;843;3;7442;26;1.3;0.0
51;2021-01-19;998;4;8440;30;1.5;0.0
51;2021-01-20;943;9;9383;39;1.7;0.0
51;2021-01-21;790;3;10173;42;1.8;0.0
51;2021-01-22;391;2;10564;44;1.9;0.0
51;2021-01-23;294;0;10858;44;1.9;0.0
51;2021-01-24;130;1;10988;45;1.9;0.0
51;2021-01-25;712;3;11700;48;2.1;0.0
51;2021-01-26;779;5;12479;53;2.2;0.0
51;2021-01-27;656;4;13135;57;2.3;0.0
51;2021-01-28;646;70;13781;127;2.4;0.0
51;2021-01-29;473;142;14254;269;2.5;0.0
51;2021-01-30;126;5;14380;274;2.6;0.0
51;2021-01-31;83;0;14463;274;2.6;0.0
51;2021-02-01;275;58;14738;332;2.6;0.1
51;2021-02-02;738;722;15476;1054;2.7;0.2
51;2021-02-03;642;470;16118;1524;2.9;0.3
51;2021-02-04;968;822;17086;2346;3.0;0.4
51;2021-02-05;972;515;18058;2861;3.2;0.5
51;2021-02-06;30;149;18088;3010;3.2;0.5
51;2021-02-07;0;18;18088;3028;3.2;0.5
51;2021-02-08;115;413;18203;3441;3.2;0.6
51;2021-02-09;222;472;18425;3913;3.3;0.7
51;2021-02-10;219;641;18644;4554;3.3;0.8
51;2021-02-11;299;529;18943;5083;3.4;0.9
51;2021-02-12;341;565;19284;5648;3.4;1.0
51;2021-02-13;8;116;19292;5764;3.4;1.0
51;2021-02-14;8;171;19300;5935;3.4;1.1
51;2021-02-15;266;853;19566;6788;3.5;1.2
51;2021-02-16;400;971;19966;7759;3.5;1.4
51;2021-02-17;367;879;20333;8638;3.6;1.5
51;2021-02-18;436;595;20769;9233;3.7;1.6
51;2021-02-19;530;424;21299;9657;3.8;1.7
51;2021-02-20;205;296;21504;9953;3.8;1.8
51;2021-02-21;10;101;21514;10054;3.8;1.8
51;2021-02-22;195;689;21709;10743;3.9;1.9
51;2021-02-23;262;1099;21971;11842;3.9;2.1
51;2021-02-24;413;694;22384;12536;4.0;2.2
51;2021-02-25;1050;888;23434;13424;4.2;2.4
51;2021-02-26;1226;665;24660;14089;4.4;2.5
51;2021-02-27;590;124;25250;14213;4.5;2.5
51;2021-02-28;7;71;25257;14284;4.5;2.5
51;2021-03-01;766;311;26023;14595;4.6;2.6
51;2021-03-02;1127;451;27150;15046;4.8;2.7
51;2021-03-03;1193;464;28343;15510;5.0;2.8
51;2021-03-04;1060;703;29403;16213;5.2;2.9
51;2021-03-05;1559;674;30962;16887;5.5;3.0
51;2021-03-06;1433;59;32395;16946;5.7;3.0
51;2021-03-07;250;5;32645;16951;5.8;3.0
51;2021-03-08;992;99;33637;17050;6.0;3.0
51;2021-03-09;1664;189;35301;17239;6.3;3.1
51;2021-03-10;1994;104;37295;17343;6.6;3.1
51;2021-03-11;2370;167;39665;17510;7.0;3.1
51;2021-03-12;3249;156;42914;17666;7.6;3.1
51;2021-03-13;2550;49;45464;17715;8.1;3.1
51;2021-03-14;190;5;45654;17720;8.1;3.1
51;2021-03-15;1577;148;47231;17868;8.4;3.2
51;2021-03-16;1479;183;48710;18051;8.6;3.2
51;2021-03-17;1497;207;50207;18258;8.9;3.2
51;2021-03-18;1614;284;51821;18542;9.2;3.3
51;2021-03-19;2310;302;54131;18844;9.6;3.3
51;2021-03-20;1661;214;55792;19058;9.9;3.4
51;2021-03-21;133;4;55925;19062;9.9;3.4
51;2021-03-22;1417;121;57342;19183;10.2;3.4
51;2021-03-23;2467;165;59809;19348;10.6;3.4
51;2021-03-24;2842;131;62651;19479;11.1;3.5
51;2021-03-25;3254;335;65905;19814;11.7;3.5
51;2021-03-26;3412;505;69317;20319;12.3;3.6
51;2021-03-27;1843;251;71160;20570;12.6;3.6
51;2021-03-28;213;3;71373;20573;12.7;3.6
51;2021-03-29;991;643;72364;21216;12.8;3.8
51;2021-03-30;1749;858;74113;22074;13.1;3.9
51;2021-03-31;1738;759;75851;22833;13.5;4.0
51;2021-04-01;2282;448;78133;23281;13.9;4.1
51;2021-04-02;2425;641;80558;23922;14.3;4.2
51;2021-04-03;1304;410;81862;24332;14.5;4.3
51;2021-04-04;106;2;81968;24334;14.5;4.3
51;2021-04-05;72;141;82040;24475;14.6;4.3
51;2021-04-06;764;1234;82804;25709;14.7;4.6
51;2021-04-07;1312;1413;84116;27122;14.9;4.8
51;2021-04-08;2206;1772;86322;28894;15.3;5.1
51;2021-04-09;2863;1731;89185;30625;15.8;5.4
51;2021-04-10;2216;498;91401;31123;16.2;5.5
51;2021-04-11;105;85;91506;31208;16.2;5.5
51;2021-04-12;1450;1344;92956;32552;16.5;5.8
51;2021-04-13;1936;1685;94892;34237;16.8;6.1
51;2021-04-14;2459;1554;97351;35791;17.3;6.3
51;2021-04-15;2855;1670;100206;37461;17.8;6.6
51;2021-04-16;3215;1602;103421;39063;18.3;6.9
51;2021-04-17;1965;775;105386;39838;18.7;7.1
51;2021-04-18;296;113;105682;39951;18.7;7.1
51;2021-04-19;1561;1162;107243;41113;19.0;7.3
51;2021-04-20;1793;1666;109036;42779;19.3;7.6
51;2021-04-21;2005;1741;111041;44520;19.7;7.9
51;2021-04-22;2385;1651;113426;46171;20.1;8.2
51;2021-04-23;2981;1827;116407;47998;20.6;8.5
51;2021-04-24;1750;953;118157;48951;21.0;8.7
51;2021-04-25;123;162;118280;49113;21.0;8.7
51;2021-04-26;1850;759;120130;49872;21.3;8.8
51;2021-04-27;2442;1232;122572;51104;21.7;9.1
51;2021-04-28;2551;1309;125123;52413;22.2;9.3
51;2021-04-29;2674;1460;127797;53873;22.7;9.6
51;2021-04-30;2975;1677;130772;55550;23.2;9.9
51;2021-05-01;1454;413;132226;55963;23.5;9.9
51;2021-05-02;107;99;132333;56062;23.5;9.9
51;2021-05-03;2485;764;134818;56826;23.9;10.1
51;2021-05-04;2788;1350;137606;58176;24.4;10.3
51;2021-05-05;2859;1637;140465;59813;24.9;10.6
51;2021-05-06;5344;1947;145809;61760;25.9;11.0
51;2021-05-07;3705;1936;149514;63696;26.5;11.3
51;2021-05-08;2861;820;152375;64516;27.0;11.4
51;2021-05-09;211;92;152586;64608;27.1;11.5
51;2021-05-10;3215;1864;155801;66472;27.6;11.8
51;2021-05-11;3639;2042;159440;68514;28.3;12.2
51;2021-05-12;4184;2241;163624;70755;29.0;12.5
51;2021-05-13;1776;502;165400;71257;29.3;12.6
51;2021-05-14;5402;1749;170802;73006;30.3;12.9
51;2021-05-15;4228;1355;175030;74361;31.0;13.2
51;2021-05-16;284;46;175314;74407;31.1;13.2
51;2021-05-17;3132;1527;178446;75934;31.6;13.5
51;2021-05-18;3917;1771;182363;77705;32.3;13.8
51;2021-05-19;4031;1732;186394;79437;33.1;14.1
51;2021-05-20;4648;1968;191042;81405;33.9;14.4
51;2021-05-21;3596;2482;194638;83887;34.5;14.9
51;2021-05-22;2076;1547;196714;85434;34.9;15.2
51;2021-05-23;308;210;197022;85644;34.9;15.2
51;2021-05-24;2019;720;199041;86364;35.3;15.3
51;2021-05-25;3130;1829;202171;88193;35.9;15.6
51;2021-05-26;3297;1712;205468;89905;36.4;15.9
51;2021-05-27;3268;2063;208736;91968;37.0;16.3
51;2021-05-28;3604;2827;212340;94795;37.7;16.8
51;2021-05-29;2402;1997;214742;96792;38.1;17.2
51;2021-05-30;401;133;215143;96925;38.2;17.2
51;2021-05-31;3350;1786;218493;98711;38.8;17.5
51;2021-06-01;3855;2336;222348;101047;39.4;17.9
51;2021-06-02;6098;2328;228446;103375;40.5;18.3
51;2021-06-03;3581;2430;232027;105805;41.2;18.8
51;2021-06-04;6345;2947;238372;108752;42.3;19.3
51;2021-06-05;2599;1820;240971;110572;42.7;19.6
51;2021-06-06;172;157;241143;110729;42.8;19.6
51;2021-06-07;4302;2167;245445;112896;43.5;20.0
51;2021-06-08;3925;2536;249370;115432;44.2;20.5
51;2021-06-09;4019;2751;253389;118183;44.9;21.0
51;2021-06-10;3204;2485;256593;120668;45.5;21.4
51;2021-06-11;3357;3429;259950;124097;46.1;22.0
51;2021-06-12;2166;2172;262116;126269;46.5;22.4
51;2021-06-13;191;148;262307;126417;46.5;22.4
51;2021-06-14;1628;3335;263935;129752;46.8;23.0
51;2021-06-15;3189;3577;267124;133329;47.4;23.6
51;2021-06-16;2208;3685;269332;137014;47.8;24.3
51;2021-06-17;2609;5405;271941;142419;48.2;25.3
51;2021-06-18;2357;5212;274298;147631;48.6;26.2
51;2021-06-19;1683;4427;275981;152058;48.9;27.0
51;2021-06-20;184;228;276165;152286;49.0;27.0
51;2021-06-21;1230;4440;277395;156726;49.2;27.8
51;2021-06-22;1557;4043;278952;160769;49.5;28.5
51;2021-06-23;3666;4237;282618;165006;50.1;29.3
51;2021-06-24;2246;3228;284864;168234;50.5;29.8
51;2021-06-25;1906;6524;286770;174758;50.9;31.0
51;2021-06-26;1203;5070;287973;179828;51.1;31.9
51;2021-06-27;103;336;288076;180164;51.1;32.0
51;2021-06-28;1400;4413;289476;184577;51.3;32.7
51;2021-06-29;1172;4464;290648;189041;51.5;33.5
51;2021-06-30;1686;6043;292334;195084;51.8;34.6
51;2021-07-01;1976;3768;294310;198852;52.2;35.3
51;2021-07-02;1836;6889;296146;205741;52.5;36.5
51;2021-07-03;1003;3199;297149;208940;52.7;37.1
51;2021-07-04;171;254;297320;209194;52.7;37.1
51;2021-07-05;765;5528;298085;214722;52.9;38.1
51;2021-07-06;1247;4782;299332;219504;53.1;38.9
51;2021-07-07;1612;4939;300944;224443;53.4;39.8
51;2021-07-08;2068;3432;303012;227875;53.7;40.4
51;2021-07-09;1853;5056;304865;232931;54.1;41.3
51;2021-07-10;1232;3209;306097;236140;54.3;41.9
51;2021-07-11;190;280;306287;236420;54.3;41.9
51;2021-07-12;994;4378;307281;240798;54.5;42.7
51;2021-07-13;1476;4772;308757;245570;54.8;43.6
51;2021-07-14;1070;1687;309827;247257;55.0;43.9
51;2021-07-15;2928;4912;312755;252169;55.5;44.7
51;2021-07-16;2358;5283;315113;257452;55.9;45.7
51;2021-07-17;1817;3488;316930;260940;56.2;46.3
51;2021-07-18;163;329;317093;261269;56.2;46.3
51;2021-07-19;1893;3977;318986;265246;56.6;47.0
51;2021-07-20;2579;5144;321565;270390;57.0;48.0
51;2021-07-21;3606;4066;325171;274456;57.7;48.7
51;2021-07-22;4403;3760;329574;278216;58.5;49.3
51;2021-07-23;3632;4386;333206;282602;59.1;50.1
51;2021-07-24;2078;2723;335284;285325;59.5;50.6
51;2021-07-25;350;259;335634;285584;59.5;50.7
51;2021-07-26;3105;2810;338739;288394;60.1;51.1
51;2021-07-27;5821;3267;344560;291661;61.1;51.7
51;2021-07-28;4119;4316;348679;295977;61.8;52.5
51;2021-07-29;4673;2717;353352;298694;62.7;53.0
51;2021-07-30;3600;3153;356952;301847;63.3;53.5
51;2021-07-31;2510;2128;359462;303975;63.8;53.9
51;2021-08-01;373;235;359835;304210;63.8;54.0
51;2021-08-02;3265;2311;363100;306521;64.4;54.4
51;2021-08-03;3762;1912;366862;308433;65.1;54.7
51;2021-08-04;4435;2119;371297;310552;65.9;55.1
51;2021-08-05;2631;1534;373928;312086;66.3;55.4
51;2021-08-06;3032;2547;376960;314633;66.9;55.8
51;2021-08-07;2154;1690;379114;316323;67.2;56.1
51;2021-08-08;364;207;379478;316530;67.3;56.1
51;2021-08-09;2501;1844;381979;318374;67.7;56.5
51;2021-08-10;2360;1979;384339;320353;68.2;56.8
51;2021-08-11;2904;2323;387243;322676;68.7;57.2
51;2021-08-12;1741;1942;388984;324618;69.0;57.6
51;2021-08-13;2023;2659;391007;327277;69.3;58.0
51;2021-08-14;1577;2030;392584;329307;69.6;58.4
51;2021-08-15;146;146;392730;329453;69.7;58.4
51;2021-08-16;1345;3011;394075;332464;69.9;59.0
51;2021-08-17;1498;3262;395573;335726;70.2;59.5
52;2020-12-27;0;0;0;0;0.0;0.0
52;2020-12-28;0;0;0;0;0.0;0.0
52;2020-12-29;0;0;0;0;0.0;0.0
52;2020-12-30;0;0;0;0;0.0;0.0
52;2020-12-31;0;0;0;0;0.0;0.0
52;2021-01-01;0;0;0;0;0.0;0.0
52;2021-01-02;0;0;0;0;0.0;0.0
52;2021-01-03;0;0;0;0;0.0;0.0
52;2021-01-04;0;0;0;0;0.0;0.0
52;2021-01-05;0;0;0;0;0.0;0.0
52;2021-01-06;2;0;2;0;0.0;0.0
52;2021-01-07;0;0;2;0;0.0;0.0
52;2021-01-08;201;1;203;1;0.1;0.0
52;2021-01-09;93;0;296;1;0.2;0.0
52;2021-01-10;0;0;296;1;0.2;0.0
52;2021-01-11;207;0;503;1;0.3;0.0
52;2021-01-12;171;0;674;1;0.4;0.0
52;2021-01-13;562;2;1236;3;0.7;0.0
52;2021-01-14;677;9;1913;12;1.1;0.0
52;2021-01-15;411;1;2324;13;1.4;0.0
52;2021-01-16;16;1;2340;14;1.4;0.0
52;2021-01-17;0;0;2340;14;1.4;0.0
52;2021-01-18;427;0;2767;14;1.6;0.0
52;2021-01-19;439;0;3206;14;1.9;0.0
52;2021-01-20;420;0;3626;14;2.1;0.0
52;2021-01-21;424;1;4050;15;2.4;0.0
52;2021-01-22;321;2;4371;17;2.6;0.0
52;2021-01-23;72;1;4443;18;2.6;0.0
52;2021-01-24;0;0;4443;18;2.6;0.0
52;2021-01-25;235;0;4678;18;2.8;0.0
52;2021-01-26;307;0;4985;18;2.9;0.0
52;2021-01-27;237;1;5222;19;3.1;0.0
52;2021-01-28;174;4;5396;23;3.2;0.0
52;2021-01-29;74;124;5470;147;3.2;0.1
52;2021-01-30;91;95;5561;242;3.3;0.1
52;2021-01-31;0;0;5561;242;3.3;0.1
52;2021-02-01;117;191;5678;433;3.4;0.3
52;2021-02-02;61;177;5739;610;3.4;0.4
52;2021-02-03;90;416;5829;1026;3.4;0.6
52;2021-02-04;231;595;6060;1621;3.6;1.0
52;2021-02-05;113;505;6173;2126;3.6;1.3
52;2021-02-06;22;0;6195;2126;3.7;1.3
52;2021-02-07;0;1;6195;2127;3.7;1.3
52;2021-02-08;34;207;6229;2334;3.7;1.4
52;2021-02-09;47;216;6276;2550;3.7;1.5
52;2021-02-10;88;191;6364;2741;3.8;1.6
52;2021-02-11;129;147;6493;2888;3.8;1.7
52;2021-02-12;188;130;6681;3018;3.9;1.8
52;2021-02-13;5;1;6686;3019;4.0;1.8
52;2021-02-14;0;16;6686;3035;4.0;1.8
52;2021-02-15;79;279;6765;3314;4.0;2.0
52;2021-02-16;50;357;6815;3671;4.0;2.2
52;2021-02-17;37;315;6852;3986;4.0;2.4
52;2021-02-18;82;281;6934;4267;4.1;2.5
52;2021-02-19;51;193;6985;4460;4.1;2.6
52;2021-02-20;14;111;6999;4571;4.1;2.7
52;2021-02-21;0;0;6999;4571;4.1;2.7
52;2021-02-22;42;384;7041;4955;4.2;2.9
52;2021-02-23;56;278;7097;5233;4.2;3.1
52;2021-02-24;81;247;7178;5480;4.2;3.2
52;2021-02-25;161;237;7339;5717;4.3;3.4
52;2021-02-26;296;182;7635;5899;4.5;3.5
52;2021-02-27;149;49;7784;5948;4.6;3.5
52;2021-02-28;0;0;7784;5948;4.6;3.5
52;2021-03-01;163;14;7947;5962;4.7;3.5
52;2021-03-02;198;50;8145;6012;4.8;3.6
52;2021-03-03;356;36;8501;6048;5.0;3.6
52;2021-03-04;378;58;8879;6106;5.2;3.6
52;2021-03-05;531;52;9410;6158;5.6;3.6
52;2021-03-06;409;35;9819;6193;5.8;3.7
52;2021-03-07;0;0;9819;6193;5.8;3.7
52;2021-03-08;398;111;10217;6304;6.0;3.7
52;2021-03-09;549;106;10766;6410;6.4;3.8
52;2021-03-10;308;109;11074;6519;6.5;3.9
52;2021-03-11;586;35;11660;6554;6.9;3.9
52;2021-03-12;583;67;12243;6621;7.2;3.9
52;2021-03-13;492;9;12735;6630;7.5;3.9
52;2021-03-14;15;3;12750;6633;7.5;3.9
52;2021-03-15;316;27;13066;6660;7.7;3.9
52;2021-03-16;203;15;13269;6675;7.8;3.9
52;2021-03-17;364;13;13633;6688;8.1;4.0
52;2021-03-18;442;9;14075;6697;8.3;4.0
52;2021-03-19;452;54;14527;6751;8.6;4.0
52;2021-03-20;259;11;14786;6762;8.7;4.0
52;2021-03-21;15;1;14801;6763;8.7;4.0
52;2021-03-22;375;49;15176;6812;9.0;4.0
52;2021-03-23;685;89;15861;6901;9.4;4.1
52;2021-03-24;771;70;16632;6971;9.8;4.1
52;2021-03-25;1141;86;17773;7057;10.5;4.2
52;2021-03-26;1036;138;18809;7195;11.1;4.3
52;2021-03-27;476;75;19285;7270;11.4;4.3
52;2021-03-28;53;0;19338;7270;11.4;4.3
52;2021-03-29;506;184;19844;7454;11.7;4.4
52;2021-03-30;870;294;20714;7748;12.2;4.6
52;2021-03-31;956;291;21670;8039;12.8;4.7
52;2021-04-01;1146;182;22816;8221;13.5;4.9
52;2021-04-02;958;103;23774;8324;14.0;4.9
52;2021-04-03;460;3;24234;8327;14.3;4.9
52;2021-04-04;1;1;24235;8328;14.3;4.9
52;2021-04-05;1;0;24236;8328;14.3;4.9
52;2021-04-06;432;295;24668;8623;14.6;5.1
52;2021-04-07;503;450;25171;9073;14.9;5.4
52;2021-04-08;860;211;26031;9284;15.4;5.5
52;2021-04-09;1059;127;27090;9411;16.0;5.6
52;2021-04-10;852;102;27942;9513;16.5;5.6
52;2021-04-11;96;1;28038;9514;16.6;5.6
52;2021-04-12;933;275;28971;9789;17.1;5.8
52;2021-04-13;1250;378;30221;10167;17.9;6.0
52;2021-04-14;1345;456;31566;10623;18.7;6.3
52;2021-04-15;1508;435;33074;11058;19.5;6.5
52;2021-04-16;1573;364;34647;11422;20.5;6.7
52;2021-04-17;1309;131;35956;11553;21.2;6.8
52;2021-04-18;510;29;36466;11582;21.5;6.8
52;2021-04-19;697;611;37163;12193;22.0;7.2
52;2021-04-20;1081;673;38244;12866;22.6;7.6
52;2021-04-21;1060;676;39304;13542;23.2;8.0
52;2021-04-22;1468;733;40772;14275;24.1;8.4
52;2021-04-23;1253;666;42025;14941;24.8;8.8
52;2021-04-24;477;293;42502;15234;25.1;9.0
52;2021-04-25;3;77;42505;15311;25.1;9.0
52;2021-04-26;631;561;43136;15872;25.5;9.4
52;2021-04-27;932;670;44068;16542;26.0;9.8
52;2021-04-28;1441;562;45509;17104;26.9;10.1
52;2021-04-29;1451;579;46960;17683;27.7;10.4
52;2021-04-30;1315;609;48275;18292;28.5;10.8
52;2021-05-01;8;232;48283;18524;28.5;10.9
52;2021-05-02;0;1;48283;18525;28.5;10.9
52;2021-05-03;1159;628;49442;19153;29.2;11.3
52;2021-05-04;1445;720;50887;19873;30.1;11.7
52;2021-05-05;1768;646;52655;20519;31.1;12.1
52;2021-05-06;1962;532;54617;21051;32.3;12.4
52;2021-05-07;1442;1173;56059;22224;33.1;13.1
52;2021-05-08;588;317;56647;22541;33.5;13.3
52;2021-05-09;1;47;56648;22588;33.5;13.3
52;2021-05-10;791;1101;57439;23689;33.9;14.0
52;2021-05-11;867;1397;58306;25086;34.4;14.8
52;2021-05-12;1208;1382;59514;26468;35.2;15.6
52;2021-05-13;67;184;59581;26652;35.2;15.7
52;2021-05-14;1186;1364;60767;28016;35.9;16.6
52;2021-05-15;491;929;61258;28945;36.2;17.1
52;2021-05-16;8;43;61266;28988;36.2;17.1
52;2021-05-17;1144;705;62410;29693;36.9;17.5
52;2021-05-18;1217;675;63627;30368;37.6;17.9
52;2021-05-19;1543;414;65170;30782;38.5;18.2
52;2021-05-20;1546;421;66716;31203;39.4;18.4
52;2021-05-21;1624;614;68340;31817;40.4;18.8
52;2021-05-22;1089;209;69429;32026;41.0;18.9
52;2021-05-23;1;0;69430;32026;41.0;18.9
52;2021-05-24;405;33;69835;32059;41.3;18.9
52;2021-05-25;1351;384;71186;32443;42.1;19.2
52;2021-05-26;1479;672;72665;33115;42.9;19.6
52;2021-05-27;1566;789;74231;33904;43.9;20.0
52;2021-05-28;1492;671;75723;34575;44.7;20.4
52;2021-05-29;696;834;76419;35409;45.2;20.9
52;2021-05-30;16;550;76435;35959;45.2;21.2
52;2021-05-31;824;830;77259;36789;45.6;21.7
52;2021-06-01;957;817;78216;37606;46.2;22.2
52;2021-06-02;895;755;79111;38361;46.7;22.7
52;2021-06-03;825;825;79936;39186;47.2;23.2
52;2021-06-04;884;1341;80820;40527;47.8;23.9
52;2021-06-05;580;638;81400;41165;48.1;24.3
52;2021-06-06;27;55;81427;41220;48.1;24.4
52;2021-06-07;359;931;81786;42151;48.3;24.9
52;2021-06-08;556;1469;82342;43620;48.7;25.8
52;2021-06-09;612;1474;82954;45094;49.0;26.6
52;2021-06-10;793;1159;83747;46253;49.5;27.3
52;2021-06-11;830;1349;84577;47602;50.0;28.1
52;2021-06-12;422;586;84999;48188;50.2;28.5
52;2021-06-13;1;6;85000;48194;50.2;28.5
52;2021-06-14;172;1413;85172;49607;50.3;29.3
52;2021-06-15;221;1810;85393;51417;50.5;30.4
52;2021-06-16;354;1995;85747;53412;50.7;31.6
52;2021-06-17;265;1156;86012;54568;50.8;32.2
52;2021-06-18;308;1553;86320;56121;51.0;33.2
52;2021-06-19;502;690;86822;56811;51.3;33.6
52;2021-06-20;0;17;86822;56828;51.3;33.6
52;2021-06-21;524;897;87346;57725;51.6;34.1
52;2021-06-22;503;1049;87849;58774;51.9;34.7
52;2021-06-23;562;1042;88411;59816;52.2;35.3
52;2021-06-24;609;718;89020;60534;52.6;35.8
52;2021-06-25;661;1313;89681;61847;53.0;36.5
52;2021-06-26;264;721;89945;62568;53.1;37.0
52;2021-06-27;1;8;89946;62576;53.1;37.0
52;2021-06-28;185;1443;90131;64019;53.3;37.8
52;2021-06-29;164;1414;90295;65433;53.4;38.7
52;2021-06-30;219;1469;90514;66902;53.5;39.5
52;2021-07-01;320;1021;90834;67923;53.7;40.1
52;2021-07-02;430;1455;91264;69378;53.9;41.0
52;2021-07-03;302;1147;91566;70525;54.1;41.7
52;2021-07-04;0;11;91566;70536;54.1;41.7
52;2021-07-05;173;1450;91739;71986;54.2;42.5
52;2021-07-06;284;1449;92023;73435;54.4;43.4
52;2021-07-07;308;1165;92331;74600;54.6;44.1
52;2021-07-08;472;1164;92803;75764;54.8;44.8
52;2021-07-09;287;1619;93090;77383;55.0;45.7
52;2021-07-10;155;822;93245;78205;55.1;46.2
52;2021-07-11;13;12;93258;78217;55.1;46.2
52;2021-07-12;283;1466;93541;79683;55.3;47.1
52;2021-07-13;590;1370;94131;81053;55.6;47.9
52;2021-07-14;436;152;94567;81205;55.9;48.0
52;2021-07-15;614;1428;95181;82633;56.2;48.8
52;2021-07-16;899;1338;96080;83971;56.8;49.6
52;2021-07-17;530;342;96610;84313;57.1;49.8
52;2021-07-18;3;12;96613;84325;57.1;49.8
52;2021-07-19;686;985;97299;85310;57.5;50.4
52;2021-07-20;1107;832;98406;86142;58.1;50.9
52;2021-07-21;1155;738;99561;86880;58.8;51.3
52;2021-07-22;1440;864;101001;87744;59.7;51.8
52;2021-07-23;1389;958;102390;88702;60.5;52.4
52;2021-07-24;872;487;103262;89189;61.0;52.7
52;2021-07-25;20;21;103282;89210;61.0;52.7
52;2021-07-26;1000;613;104282;89823;61.6;53.1
52;2021-07-27;1332;654;105614;90477;62.4;53.5
52;2021-07-28;1373;640;106987;91117;63.2;53.8
52;2021-07-29;1243;619;108230;91736;63.9;54.2
52;2021-07-30;1350;708;109580;92444;64.7;54.6
52;2021-07-31;870;545;110450;92989;65.3;54.9
52;2021-08-01;5;14;110455;93003;65.3;55.0
52;2021-08-02;1171;562;111626;93565;66.0;55.3
52;2021-08-03;1348;534;112974;94099;66.7;55.6
52;2021-08-04;1139;580;114113;94679;67.4;55.9
52;2021-08-05;1012;576;115125;95255;68.0;56.3
52;2021-08-06;1050;700;116175;95955;68.6;56.7
52;2021-08-07;517;420;116692;96375;68.9;56.9
52;2021-08-08;0;6;116692;96381;68.9;56.9
52;2021-08-09;459;870;117151;97251;69.2;57.5
52;2021-08-10;707;749;117858;98000;69.6;57.9
52;2021-08-11;524;836;118382;98836;69.9;58.4
52;2021-08-12;614;749;118996;99585;70.3;58.8
52;2021-08-13;403;1025;119399;100610;70.5;59.4
52;2021-08-14;417;359;119816;100969;70.8;59.7
52;2021-08-15;8;13;119824;100982;70.8;59.7
52;2021-08-16;325;937;120149;101919;71.0;60.2
52;2021-08-17;399;911;120548;102830;71.2;60.8
53;2020-12-27;0;0;0;0;0.0;0.0
53;2020-12-28;0;0;0;0;0.0;0.0
53;2020-12-29;0;0;0;0;0.0;0.0
53;2020-12-30;0;0;0;0;0.0;0.0
53;2020-12-31;0;0;0;0;0.0;0.0
53;2021-01-01;0;0;0;0;0.0;0.0
53;2021-01-02;0;0;0;0;0.0;0.0
53;2021-01-03;0;0;0;0;0.0;0.0
53;2021-01-04;1;0;1;0;0.0;0.0
53;2021-01-05;0;0;1;0;0.0;0.0
53;2021-01-06;0;0;1;0;0.0;0.0
53;2021-01-07;102;0;103;0;0.0;0.0
53;2021-01-08;284;1;387;1;0.1;0.0
53;2021-01-09;134;1;521;2;0.2;0.0
53;2021-01-10;15;0;536;2;0.2;0.0
53;2021-01-11;176;0;712;2;0.2;0.0
53;2021-01-12;453;1;1165;3;0.4;0.0
53;2021-01-13;253;0;1418;3;0.5;0.0
53;2021-01-14;290;7;1708;10;0.6;0.0
53;2021-01-15;343;4;2051;14;0.7;0.0
53;2021-01-16;61;0;2112;14;0.7;0.0
53;2021-01-17;24;1;2136;15;0.7;0.0
53;2021-01-18;364;0;2500;15;0.8;0.0
53;2021-01-19;594;0;3094;15;1.0;0.0
53;2021-01-20;742;0;3836;15;1.3;0.0
53;2021-01-21;769;2;4605;17;1.5;0.0
53;2021-01-22;705;2;5310;19;1.7;0.0
53;2021-01-23;160;1;5470;20;1.8;0.0
53;2021-01-24;6;0;5476;20;1.8;0.0
53;2021-01-25;550;0;6026;20;2.0;0.0
53;2021-01-26;1198;6;7224;26;2.4;0.0
53;2021-01-27;696;6;7920;32;2.6;0.0
53;2021-01-28;737;95;8657;127;2.8;0.0
53;2021-01-29;422;187;9079;314;3.0;0.1
53;2021-01-30;128;0;9207;314;3.0;0.1
53;2021-01-31;0;0;9207;314;3.0;0.1
53;2021-02-01;298;149;9505;463;3.1;0.2
53;2021-02-02;309;231;9814;694;3.2;0.2
53;2021-02-03;227;377;10041;1071;3.3;0.4
53;2021-02-04;184;332;10225;1403;3.3;0.5
53;2021-02-05;234;303;10459;1706;3.4;0.6
53;2021-02-06;153;23;10612;1729;3.5;0.6
53;2021-02-07;0;0;10612;1729;3.5;0.6
53;2021-02-08;168;107;10780;1836;3.5;0.6
53;2021-02-09;369;215;11149;2051;3.7;0.7
53;2021-02-10;266;435;11415;2486;3.7;0.8
53;2021-02-11;432;492;11847;2978;3.9;1.0
53;2021-02-12;318;575;12165;3553;4.0;1.2
53;2021-02-13;96;66;12261;3619;4.0;1.2
53;2021-02-14;0;99;12261;3718;4.0;1.2
53;2021-02-15;239;429;12500;4147;4.1;1.4
53;2021-02-16;528;842;13028;4989;4.3;1.6
53;2021-02-17;391;618;13419;5607;4.4;1.8
53;2021-02-18;546;578;13965;6185;4.6;2.0
53;2021-02-19;895;426;14860;6611;4.9;2.2
53;2021-02-20;139;113;14999;6724;4.9;2.2
53;2021-02-21;1;20;15000;6744;4.9;2.2
53;2021-02-22;161;585;15161;7329;5.0;2.4
53;2021-02-23;59;657;15220;7986;5.0;2.6
53;2021-02-24;137;517;15357;8503;5.0;2.8
53;2021-02-25;457;359;15814;8862;5.2;2.9
53;2021-02-26;439;263;16253;9125;5.3;3.0
53;2021-02-27;86;115;16339;9240;5.4;3.0
53;2021-02-28;0;0;16339;9240;5.4;3.0
53;2021-03-01;230;281;16569;9521;5.4;3.1
53;2021-03-02;246;255;16815;9776;5.5;3.2
53;2021-03-03;320;393;17135;10169;5.6;3.3
53;2021-03-04;859;339;17994;10508;5.9;3.4
53;2021-03-05;659;281;18653;10789;6.1;3.5
53;2021-03-06;445;213;19098;11002;6.3;3.6
53;2021-03-07;276;5;19374;11007;6.3;3.6
53;2021-03-08;375;181;19749;11188;6.5;3.7
53;2021-03-09;878;245;20627;11433;6.8;3.7
53;2021-03-10;807;108;21434;11541;7.0;3.8
53;2021-03-11;1247;224;22681;11765;7.4;3.9
53;2021-03-12;1603;145;24284;11910;8.0;3.9
53;2021-03-13;824;12;25108;11922;8.2;3.9
53;2021-03-14;1;0;25109;11922;8.2;3.9
53;2021-03-15;1002;299;26111;12221;8.6;4.0
53;2021-03-16;1035;327;27146;12548;8.9;4.1
53;2021-03-17;685;259;27831;12807;9.1;4.2
53;2021-03-18;972;342;28803;13149;9.4;4.3
53;2021-03-19;1344;599;30147;13748;9.9;4.5
53;2021-03-20;592;16;30739;13764;10.1;4.5
53;2021-03-21;2;0;30741;13764;10.1;4.5
53;2021-03-22;1212;157;31953;13921;10.5;4.6
53;2021-03-23;1697;66;33650;13987;11.0;4.6
53;2021-03-24;1323;117;34973;14104;11.5;4.6
53;2021-03-25;2323;230;37296;14334;12.2;4.7
53;2021-03-26;1882;150;39178;14484;12.8;4.7
53;2021-03-27;339;4;39517;14488;12.9;4.7
53;2021-03-28;2;0;39519;14488;12.9;4.7
53;2021-03-29;1474;212;40993;14700;13.4;4.8
53;2021-03-30;1944;198;42937;14898;14.1;4.9
53;2021-03-31;1791;219;44728;15117;14.6;5.0
53;2021-04-01;1946;674;46674;15791;15.3;5.2
53;2021-04-02;2075;224;48749;16015;16.0;5.2
53;2021-04-03;414;1;49163;16016;16.1;5.2
53;2021-04-04;10;0;49173;16016;16.1;5.2
53;2021-04-05;9;15;49182;16031;16.1;5.2
53;2021-04-06;1304;500;50486;16531;16.5;5.4
53;2021-04-07;1176;925;51662;17456;16.9;5.7
53;2021-04-08;1663;1006;53325;18462;17.5;6.0
53;2021-04-09;1957;402;55282;18864;18.1;6.2
53;2021-04-10;543;13;55825;18877;18.3;6.2
53;2021-04-11;12;0;55837;18877;18.3;6.2
53;2021-04-12;695;1067;56532;19944;18.5;6.5
53;2021-04-13;1470;1106;58002;21050;19.0;6.9
53;2021-04-14;1023;733;59025;21783;19.3;7.1
53;2021-04-15;1158;1108;60183;22891;19.7;7.5
53;2021-04-16;1272;815;61455;23706;20.1;7.8
53;2021-04-17;281;274;61736;23980;20.2;7.9
53;2021-04-18;0;0;61736;23980;20.2;7.9
53;2021-04-19;680;1067;62416;25047;20.4;8.2
53;2021-04-20;936;1450;63352;26497;20.7;8.7
53;2021-04-21;850;1012;64202;27509;21.0;9.0
53;2021-04-22;1046;1612;65248;29121;21.4;9.5
53;2021-04-23;1329;1055;66577;30176;21.8;9.9
53;2021-04-24;68;7;66645;30183;21.8;9.9
53;2021-04-25;6;39;66651;30222;21.8;9.9
53;2021-04-26;368;1238;67019;31460;21.9;10.3
53;2021-04-27;724;1972;67743;33432;22.2;10.9
53;2021-04-28;978;1393;68721;34825;22.5;11.4
53;2021-04-29;1051;1712;69772;36537;22.8;12.0
53;2021-04-30;1367;1311;71139;37848;23.3;12.4
53;2021-05-01;36;50;71175;37898;23.3;12.4
53;2021-05-02;0;0;71175;37898;23.3;12.4
53;2021-05-03;1570;705;72745;38603;23.8;12.6
53;2021-05-04;1305;1443;74050;40046;24.2;13.1
53;2021-05-05;1611;826;75661;40872;24.8;13.4
53;2021-05-06;1391;1396;77052;42268;25.2;13.8
53;2021-05-07;1538;1303;78590;43571;25.7;14.3
53;2021-05-08;939;36;79529;43607;26.0;14.3
53;2021-05-09;11;2;79540;43609;26.0;14.3
53;2021-05-10;2416;815;81956;44424;26.8;14.5
53;2021-05-11;3096;1286;85052;45710;27.9;15.0
53;2021-05-12;2751;1091;87803;46801;28.8;15.3
53;2021-05-13;350;28;88153;46829;28.9;15.3
53;2021-05-14;2020;677;90173;47506;29.5;15.6
53;2021-05-15;1058;63;91231;47569;29.9;15.6
53;2021-05-16;3;0;91234;47569;29.9;15.6
53;2021-05-17;1701;1197;92935;48766;30.4;16.0
53;2021-05-18;1881;1550;94816;50316;31.1;16.5
53;2021-05-19;2303;743;97119;51059;31.8;16.7
53;2021-05-20;3217;861;100336;51920;32.9;17.0
53;2021-05-21;2798;827;103134;52747;33.8;17.3
53;2021-05-22;21;60;103155;52807;33.8;17.3
53;2021-05-23;0;0;103155;52807;33.8;17.3
53;2021-05-24;8;6;103163;52813;33.8;17.3
53;2021-05-25;1818;803;104981;53616;34.4;17.6
53;2021-05-26;1852;904;106833;54520;35.0;17.9
53;2021-05-27;3072;1076;109905;55596;36.0;18.2
53;2021-05-28;2562;877;112467;56473;36.8;18.5
53;2021-05-29;846;244;113313;56717;37.1;18.6
53;2021-05-30;18;6;113331;56723;37.1;18.6
53;2021-05-31;2564;802;115895;57525;38.0;18.8
53;2021-06-01;3491;1259;119386;58784;39.1;19.3
53;2021-06-02;3183;525;122569;59309;40.1;19.4
53;2021-06-03;4197;784;126766;60093;41.5;19.7
53;2021-06-04;3180;1265;129946;61358;42.6;20.1
53;2021-06-05;137;245;130083;61603;42.6;20.2
53;2021-06-06;1;4;130084;61607;42.6;20.2
53;2021-06-07;2629;923;132713;62530;43.5;20.5
53;2021-06-08;3585;1130;136298;63660;44.6;20.8
53;2021-06-09;2453;940;138751;64600;45.4;21.2
53;2021-06-10;3521;848;142272;65448;46.6;21.4
53;2021-06-11;2966;1213;145238;66661;47.6;21.8
53;2021-06-12;108;138;145346;66799;47.6;21.9
53;2021-06-13;10;2;145356;66801;47.6;21.9
53;2021-06-14;1600;1790;146956;68591;48.1;22.5
53;2021-06-15;1898;2262;148854;70853;48.7;23.2
53;2021-06-16;1826;1730;150680;72583;49.3;23.8
53;2021-06-17;3013;1650;153693;74233;50.3;24.3
53;2021-06-18;2702;1810;156395;76043;51.2;24.9
53;2021-06-19;762;1166;157157;77209;51.5;25.3
53;2021-06-20;3;479;157160;77688;51.5;25.4
53;2021-06-21;919;2526;158079;80214;51.8;26.3
53;2021-06-22;1299;3453;159378;83667;52.2;27.4
53;2021-06-23;1362;2892;160740;86559;52.6;28.3
53;2021-06-24;1803;2033;162543;88592;53.2;29.0
53;2021-06-25;1784;2044;164327;90636;53.8;29.7
53;2021-06-26;977;350;165304;90986;54.1;29.8
53;2021-06-27;8;8;165312;90994;54.1;29.8
53;2021-06-28;662;2899;165974;93893;54.4;30.7
53;2021-06-29;858;3649;166832;97542;54.6;31.9
53;2021-06-30;748;1517;167580;99059;54.9;32.4
53;2021-07-01;1505;2633;169085;101692;55.4;33.3
53;2021-07-02;1489;2023;170574;103715;55.9;34.0
53;2021-07-03;857;572;171431;104287;56.1;34.2
53;2021-07-04;0;4;171431;104291;56.1;34.2
53;2021-07-05;533;2060;171964;106351;56.3;34.8
53;2021-07-06;854;3615;172818;109966;56.6;36.0
53;2021-07-07;1023;2653;173841;112619;56.9;36.9
53;2021-07-08;1309;3117;175150;115736;57.4;37.9
53;2021-07-09;1114;3397;176264;119133;57.7;39.0
53;2021-07-10;422;999;176686;120132;57.9;39.3
53;2021-07-11;12;20;176698;120152;57.9;39.3
53;2021-07-12;502;3709;177200;123861;58.0;40.6
53;2021-07-13;892;4762;178092;128623;58.3;42.1
53;2021-07-14;104;284;178196;128907;58.4;42.2
53;2021-07-15;1111;4348;179307;133255;58.7;43.6
53;2021-07-16;1247;3849;180554;137104;59.1;44.9
53;2021-07-17;1316;300;181870;137404;59.6;45.0
53;2021-07-18;27;20;181897;137424;59.6;45.0
53;2021-07-19;733;3432;182630;140856;59.8;46.1
53;2021-07-20;977;4128;183607;144984;60.1;47.5
53;2021-07-21;684;3277;184291;148261;60.4;48.6
53;2021-07-22;1511;3524;185802;151785;60.8;49.7
53;2021-07-23;1602;3761;187404;155546;61.4;50.9
53;2021-07-24;953;281;188357;155827;61.7;51.0
53;2021-07-25;60;25;188417;155852;61.7;51.0
53;2021-07-26;1723;1942;190140;157794;62.3;51.7
53;2021-07-27;2353;2828;192493;160622;63.0;52.6
53;2021-07-28;2135;2817;194628;163439;63.7;53.5
53;2021-07-29;2485;2545;197113;165984;64.5;54.4
53;2021-07-30;1822;2651;198935;168635;65.1;55.2
53;2021-07-31;626;232;199561;168867;65.4;55.3
53;2021-08-01;37;25;199598;168892;65.4;55.3
53;2021-08-02;2078;1730;201676;170622;66.0;55.9
53;2021-08-03;2406;1905;204082;172527;66.8;56.5
53;2021-08-04;2472;1854;206554;174381;67.6;57.1
53;2021-08-05;2859;1535;209413;175916;68.6;57.6
53;2021-08-06;2509;1712;211922;177628;69.4;58.2
53;2021-08-07;479;270;212401;177898;69.6;58.3
53;2021-08-08;6;19;212407;177917;69.6;58.3
53;2021-08-09;1837;1646;214244;179563;70.2;58.8
53;2021-08-10;2316;1745;216560;181308;70.9;59.4
53;2021-08-11;1677;859;218237;182167;71.5;59.7
53;2021-08-12;1998;981;220235;183148;72.1;60.0
53;2021-08-13;2031;1295;222266;184443;72.8;60.4
53;2021-08-14;66;63;222332;184506;72.8;60.4
53;2021-08-15;1;2;222333;184508;72.8;60.4
53;2021-08-16;1327;1596;223660;186104;73.2;60.9
53;2021-08-17;1546;1651;225206;187755;73.7;61.5
54;2020-12-27;0;0;0;0;0.0;0.0
54;2020-12-28;1;0;1;0;0.0;0.0
54;2020-12-29;0;0;1;0;0.0;0.0
54;2020-12-30;0;0;1;0;0.0;0.0
54;2020-12-31;10;0;11;0;0.0;0.0
54;2021-01-01;0;0;11;0;0.0;0.0
54;2021-01-02;0;0;11;0;0.0;0.0
54;2021-01-03;1;0;12;0;0.0;0.0
54;2021-01-04;163;0;175;0;0.0;0.0
54;2021-01-05;395;0;570;0;0.1;0.0
54;2021-01-06;650;1;1220;1;0.2;0.0
54;2021-01-07;817;2;2037;3;0.3;0.0
54;2021-01-08;706;3;2743;6;0.4;0.0
54;2021-01-09;81;0;2824;6;0.4;0.0
54;2021-01-10;78;0;2902;6;0.4;0.0
54;2021-01-11;974;3;3876;9;0.5;0.0
54;2021-01-12;1180;1;5056;10;0.7;0.0
54;2021-01-13;2424;8;7480;18;1.0;0.0
54;2021-01-14;3399;30;10879;48;1.5;0.0
54;2021-01-15;2717;13;13596;61;1.9;0.0
54;2021-01-16;815;3;14411;64;2.0;0.0
54;2021-01-17;210;0;14621;64;2.0;0.0
54;2021-01-18;1556;6;16177;70;2.2;0.0
54;2021-01-19;1703;0;17880;70;2.4;0.0
54;2021-01-20;1523;4;19403;74;2.7;0.0
54;2021-01-21;1371;4;20774;78;2.8;0.0
54;2021-01-22;1092;8;21866;86;3.0;0.0
54;2021-01-23;478;1;22344;87;3.1;0.0
54;2021-01-24;66;0;22410;87;3.1;0.0
54;2021-01-25;940;30;23350;117;3.2;0.0
54;2021-01-26;142;5;23492;122;3.2;0.0
54;2021-01-27;12;172;23504;294;3.2;0.0
54;2021-01-28;32;233;23536;527;3.2;0.1
54;2021-01-29;18;278;23554;805;3.2;0.1
54;2021-01-30;6;0;23560;805;3.2;0.1
54;2021-01-31;1;0;23561;805;3.2;0.1
54;2021-02-01;13;786;23574;1591;3.2;0.2
54;2021-02-02;23;970;23597;2561;3.2;0.4
54;2021-02-03;364;1532;23961;4093;3.3;0.6
54;2021-02-04;737;2452;24698;6545;3.4;0.9
54;2021-02-05;796;1894;25494;8439;3.5;1.2
54;2021-02-06;203;338;25697;8777;3.5;1.2
54;2021-02-07;4;126;25701;8903;3.5;1.2
54;2021-02-08;117;998;25818;9901;3.5;1.4
54;2021-02-09;305;1071;26123;10972;3.6;1.5
54;2021-02-10;385;798;26508;11770;3.6;1.6
54;2021-02-11;293;820;26801;12590;3.7;1.7
54;2021-02-12;449;1299;27250;13889;3.7;1.9
54;2021-02-13;148;236;27398;14125;3.8;1.9
54;2021-02-14;9;11;27407;14136;3.8;1.9
54;2021-02-15;434;1137;27841;15273;3.8;2.1
54;2021-02-16;401;1223;28242;16496;3.9;2.3
54;2021-02-17;518;958;28760;17454;3.9;2.4
54;2021-02-18;594;782;29354;18236;4.0;2.5
54;2021-02-19;520;778;29874;19014;4.1;2.6
54;2021-02-20;33;284;29907;19298;4.1;2.6
54;2021-02-21;3;25;29910;19323;4.1;2.6
54;2021-02-22;485;604;30395;19927;4.2;2.7
54;2021-02-23;679;558;31074;20485;4.3;2.8
54;2021-02-24;728;353;31802;20838;4.4;2.9
54;2021-02-25;1475;722;33277;21560;4.6;3.0
54;2021-02-26;1772;790;35049;22350;4.8;3.1
54;2021-02-27;699;110;35748;22460;4.9;3.1
54;2021-02-28;11;28;35759;22488;4.9;3.1
54;2021-03-01;650;218;36409;22706;5.0;3.1
54;2021-03-02;1505;145;37914;22851;5.2;3.1
54;2021-03-03;1763;59;39677;22910;5.4;3.1
54;2021-03-04;2025;98;41702;23008;5.7;3.2
54;2021-03-05;2796;143;44498;23151;6.1;3.2
54;2021-03-06;4044;110;48542;23261;6.6;3.2
54;2021-03-07;2625;70;51167;23331;7.0;3.2
54;2021-03-08;1336;66;52503;23397;7.2;3.2
54;2021-03-09;2647;103;55150;23500;7.6;3.2
54;2021-03-10;3196;111;58346;23611;8.0;3.2
54;2021-03-11;3393;101;61739;23712;8.5;3.2
54;2021-03-12;4980;183;66719;23895;9.1;3.3
54;2021-03-13;4204;123;70923;24018;9.7;3.3
54;2021-03-14;543;39;71466;24057;9.8;3.3
54;2021-03-15;1719;102;73185;24159;10.0;3.3
54;2021-03-16;1735;176;74920;24335;10.3;3.3
54;2021-03-17;2082;150;77002;24485;10.5;3.4
54;2021-03-18;2060;169;79062;24654;10.8;3.4
54;2021-03-19;3319;268;82381;24922;11.3;3.4
54;2021-03-20;2309;77;84690;24999;11.6;3.4
54;2021-03-21;295;15;84985;25014;11.6;3.4
54;2021-03-22;1034;334;86019;25348;11.8;3.5
54;2021-03-23;1936;523;87955;25871;12.0;3.5
54;2021-03-24;2195;713;90150;26584;12.3;3.6
54;2021-03-25;3176;729;93326;27313;12.8;3.7
54;2021-03-26;3515;823;96841;28136;13.3;3.9
54;2021-03-27;2419;287;99260;28423;13.6;3.9
54;2021-03-28;278;5;99538;28428;13.6;3.9
54;2021-03-29;1669;387;101207;28815;13.9;3.9
54;2021-03-30;2557;981;103764;29796;14.2;4.1
54;2021-03-31;2598;1148;106362;30944;14.6;4.2
54;2021-04-01;3234;1280;109596;32224;15.0;4.4
54;2021-04-02;2968;1685;112564;33909;15.4;4.6
54;2021-04-03;1261;1312;113825;35221;15.6;4.8
54;2021-04-04;137;422;113962;35643;15.6;4.9
54;2021-04-05;145;575;114107;36218;15.6;5.0
54;2021-04-06;1267;1665;115374;37883;15.8;5.2
54;2021-04-07;926;2267;116300;40150;15.9;5.5
54;2021-04-08;2325;2446;118625;42596;16.2;5.8
54;2021-04-09;4126;3153;122751;45749;16.8;6.3
54;2021-04-10;3209;1679;125960;47428;17.2;6.5
54;2021-04-11;206;1001;126166;48429;17.3;6.6
54;2021-04-12;2196;1538;128362;49967;17.6;6.8
54;2021-04-13;3002;1978;131364;51945;18.0;7.1
54;2021-04-14;3261;1872;134625;53817;18.4;7.4
54;2021-04-15;2880;2295;137505;56112;18.8;7.7
54;2021-04-16;3139;2598;140644;58710;19.3;8.0
54;2021-04-17;3473;1491;144117;60201;19.7;8.2
54;2021-04-18;63;245;144180;60446;19.7;8.3
54;2021-04-19;2461;1081;146641;61527;20.1;8.4
54;2021-04-20;3012;1247;149653;62774;20.5;8.6
54;2021-04-21;4402;1630;154055;64404;21.1;8.8
54;2021-04-22;3722;2383;157777;66787;21.6;9.1
54;2021-04-23;3867;2073;161644;68860;22.1;9.4
54;2021-04-24;2346;1037;163990;69897;22.5;9.6
54;2021-04-25;283;276;164273;70173;22.5;9.6
54;2021-04-26;2305;1271;166578;71444;22.8;9.8
54;2021-04-27;3288;1436;169866;72880;23.3;10.0
54;2021-04-28;2977;1953;172843;74833;23.7;10.2
54;2021-04-29;3793;2081;176636;76914;24.2;10.5
54;2021-04-30;4491;1965;181127;78879;24.8;10.8
54;2021-05-01;2263;804;183390;79683;25.1;10.9
54;2021-05-02;229;68;183619;79751;25.1;10.9
54;2021-05-03;3094;940;186713;80691;25.6;11.0
54;2021-05-04;3517;1447;190230;82138;26.0;11.2
54;2021-05-05;4895;1408;195125;83546;26.7;11.4
54;2021-05-06;4438;2800;199563;86346;27.3;11.8
54;2021-05-07;4824;3410;204387;89756;28.0;12.3
54;2021-05-08;2029;642;206416;90398;28.3;12.4
54;2021-05-09;375;135;206791;90533;28.3;12.4
54;2021-05-10;3205;2240;209996;92773;28.8;12.7
54;2021-05-11;5491;2935;215487;95708;29.5;13.1
54;2021-05-12;4145;3388;219632;99096;30.1;13.6
54;2021-05-13;2645;488;222277;99584;30.4;13.6
54;2021-05-14;6884;1992;229161;101576;31.4;13.9
54;2021-05-15;5482;1313;234643;102889;32.1;14.1
54;2021-05-16;946;109;235589;102998;32.3;14.1
54;2021-05-17;3793;821;239382;103819;32.8;14.2
54;2021-05-18;3287;1101;242669;104920;33.2;14.4
54;2021-05-19;3467;1513;246136;106433;33.7;14.6
54;2021-05-20;4539;1621;250675;108054;34.3;14.8
54;2021-05-21;6743;2508;257418;110562;35.2;15.1
54;2021-05-22;5652;1366;263070;111928;36.0;15.3
54;2021-05-23;504;54;263574;111982;36.1;15.3
54;2021-05-24;1444;342;265018;112324;36.3;15.4
54;2021-05-25;4181;1539;269199;113863;36.9;15.6
54;2021-05-26;3536;2218;272735;116081;37.3;15.9
54;2021-05-27;4181;2439;276916;118520;37.9;16.2
54;2021-05-28;4970;3565;281886;122085;38.6;16.7
54;2021-05-29;3848;3988;285734;126073;39.1;17.3
54;2021-05-30;127;83;285861;126156;39.1;17.3
54;2021-05-31;2939;3069;288800;129225;39.5;17.7
54;2021-06-01;2620;4204;291420;133429;39.9;18.3
54;2021-06-02;2164;4086;293584;137515;40.2;18.8
54;2021-06-03;3146;5660;296730;143175;40.6;19.6
54;2021-06-04;5098;5481;301828;148656;41.3;20.4
54;2021-06-05;2342;3286;304170;151942;41.6;20.8
54;2021-06-06;70;236;304240;152178;41.7;20.8
54;2021-06-07;3705;2933;307945;155111;42.2;21.2
54;2021-06-08;4540;4269;312485;159380;42.8;21.8
54;2021-06-09;5995;3313;318480;162693;43.6;22.3
54;2021-06-10;5299;4439;323779;167132;44.3;22.9
54;2021-06-11;5014;4912;328793;172044;45.0;23.6
54;2021-06-12;4238;3228;333031;175272;45.6;24.0
54;2021-06-13;54;210;333085;175482;45.6;24.0
54;2021-06-14;2330;3592;335415;179074;45.9;24.5
54;2021-06-15;2825;4735;338240;183809;46.3;25.2
54;2021-06-16;3485;5649;341725;189458;46.8;25.9
54;2021-06-17;3138;5218;344863;194676;47.2;26.7
54;2021-06-18;4152;6237;349015;200913;47.8;27.5
54;2021-06-19;2643;3123;351658;204036;48.1;27.9
54;2021-06-20;100;338;351758;204374;48.2;28.0
54;2021-06-21;2554;4760;354312;209134;48.5;28.6
54;2021-06-22;2042;6225;356354;215359;48.8;29.5
54;2021-06-23;2242;5594;358596;220953;49.1;30.3
54;2021-06-24;2091;3458;360687;224411;49.4;30.7
54;2021-06-25;2199;7046;362886;231457;49.7;31.7
54;2021-06-26;2384;5668;365270;237125;50.0;32.5
54;2021-06-27;134;607;365404;237732;50.0;32.5
54;2021-06-28;1959;4347;367363;242079;50.3;33.1
54;2021-06-29;1937;5208;369300;247287;50.6;33.9
54;2021-06-30;1983;5119;371283;252406;50.8;34.6
54;2021-07-01;2134;5981;373417;258387;51.1;35.4
54;2021-07-02;2817;7553;376234;265940;51.5;36.4
54;2021-07-03;2834;4088;379068;270028;51.9;37.0
54;2021-07-04;195;498;379263;270526;51.9;37.0
54;2021-07-05;1675;4252;380938;274778;52.2;37.6
54;2021-07-06;2004;5071;382942;279849;52.4;38.3
54;2021-07-07;1891;4838;384833;284687;52.7;39.0
54;2021-07-08;1679;4109;386512;288796;52.9;39.5
54;2021-07-09;3197;6018;389709;294814;53.4;40.4
54;2021-07-10;2538;4368;392247;299182;53.7;41.0
54;2021-07-11;9;103;392256;299285;53.7;41.0
54;2021-07-12;2093;4675;394349;303960;54.0;41.6
54;2021-07-13;2612;4969;396961;308929;54.3;42.3
54;2021-07-14;1532;1504;398493;310433;54.6;42.5
54;2021-07-15;3175;4835;401668;315268;55.0;43.2
54;2021-07-16;4658;6229;406326;321497;55.6;44.0
54;2021-07-17;3999;4768;410325;326265;56.2;44.7
54;2021-07-18;1805;1678;412130;327943;56.4;44.9
54;2021-07-19;2574;4040;414704;331983;56.8;45.5
54;2021-07-20;2894;4814;417598;336797;57.2;46.1
54;2021-07-21;3126;6335;420724;343132;57.6;47.0
54;2021-07-22;3255;5734;423979;348866;58.0;47.8
54;2021-07-23;3955;7016;427934;355882;58.6;48.7
54;2021-07-24;2919;5327;430853;361209;59.0;49.5
54;2021-07-25;68;50;430921;361259;59.0;49.5
54;2021-07-26;2957;4175;433878;365434;59.4;50.0
54;2021-07-27;3689;4005;437567;369439;59.9;50.6
54;2021-07-28;5118;3854;442685;373293;60.6;51.1
54;2021-07-29;5091;3207;447776;376500;61.3;51.5
54;2021-07-30;5075;4986;452851;381486;62.0;52.2
54;2021-07-31;4471;3220;457322;384706;62.6;52.7
54;2021-08-01;256;74;457578;384780;62.6;52.7
54;2021-08-02;3043;3700;460621;388480;63.1;53.2
54;2021-08-03;4053;2924;464674;391404;63.6;53.6
54;2021-08-04;4331;2682;469005;394086;64.2;54.0
54;2021-08-05;4546;2420;473551;396506;64.8;54.3
54;2021-08-06;5367;3989;478918;400495;65.6;54.8
54;2021-08-07;3621;2822;482539;403317;66.1;55.2
54;2021-08-08;247;114;482786;403431;66.1;55.2
54;2021-08-09;2890;2683;485676;406114;66.5;55.6
54;2021-08-10;2501;3764;488177;409878;66.8;56.1
54;2021-08-11;2313;2563;490490;412441;67.2;56.5
54;2021-08-12;2145;3002;492635;415443;67.4;56.9
54;2021-08-13;2582;4439;495217;419882;67.8;57.5
54;2021-08-14;1407;2070;496624;421952;68.0;57.8
54;2021-08-15;30;43;496654;421995;68.0;57.8
54;2021-08-16;1824;3423;498478;425418;68.2;58.2
54;2021-08-17;1885;3306;500363;428724;68.5;58.7
55;2020-12-27;0;0;0;0;0.0;0.0
55;2020-12-28;0;0;0;0;0.0;0.0
55;2020-12-29;0;0;0;0;0.0;0.0
55;2020-12-30;0;0;0;0;0.0;0.0
55;2020-12-31;0;0;0;0;0.0;0.0
55;2021-01-01;0;0;0;0;0.0;0.0
55;2021-01-02;0;0;0;0;0.0;0.0
55;2021-01-03;0;0;0;0;0.0;0.0
55;2021-01-04;1;0;1;0;0.0;0.0
55;2021-01-05;0;0;1;0;0.0;0.0
55;2021-01-06;0;0;1;0;0.0;0.0
55;2021-01-07;122;0;123;0;0.1;0.0
55;2021-01-08;127;0;250;0;0.1;0.0
55;2021-01-09;52;0;302;0;0.2;0.0
55;2021-01-10;0;0;302;0;0.2;0.0
55;2021-01-11;127;1;429;1;0.2;0.0
55;2021-01-12;119;0;548;1;0.3;0.0
55;2021-01-13;135;0;683;1;0.4;0.0
55;2021-01-14;643;6;1326;7;0.7;0.0
55;2021-01-15;237;0;1563;7;0.9;0.0
55;2021-01-16;62;0;1625;7;0.9;0.0
55;2021-01-17;1;0;1626;7;0.9;0.0
55;2021-01-18;413;1;2039;8;1.1;0.0
55;2021-01-19;351;3;2390;11;1.3;0.0
55;2021-01-20;451;2;2841;13;1.6;0.0
55;2021-01-21;430;0;3271;13;1.8;0.0
55;2021-01-22;391;0;3662;13;2.0;0.0
55;2021-01-23;49;0;3711;13;2.0;0.0
55;2021-01-24;0;0;3711;13;2.0;0.0
55;2021-01-25;436;0;4147;13;2.3;0.0
55;2021-01-26;431;0;4578;13;2.5;0.0
55;2021-01-27;424;0;5002;13;2.8;0.0
55;2021-01-28;485;100;5487;113;3.0;0.1
55;2021-01-29;159;54;5646;167;3.1;0.1
55;2021-01-30;92;28;5738;195;3.2;0.1
55;2021-01-31;0;0;5738;195;3.2;0.1
55;2021-02-01;153;177;5891;372;3.2;0.2
55;2021-02-02;159;148;6050;520;3.3;0.3
55;2021-02-03;53;161;6103;681;3.4;0.4
55;2021-02-04;234;398;6337;1079;3.5;0.6
55;2021-02-05;174;139;6511;1218;3.6;0.7
55;2021-02-06;61;56;6572;1274;3.6;0.7
55;2021-02-07;2;53;6574;1327;3.6;0.7
55;2021-02-08;0;18;6574;1345;3.6;0.7
55;2021-02-09;92;117;6666;1462;3.7;0.8
55;2021-02-10;65;22;6731;1484;3.7;0.8
55;2021-02-11;175;98;6906;1582;3.8;0.9
55;2021-02-12;94;28;7000;1610;3.9;0.9
55;2021-02-13;0;0;7000;1610;3.9;0.9
55;2021-02-14;0;0;7000;1610;3.9;0.9
55;2021-02-15;15;418;7015;2028;3.9;1.1
55;2021-02-16;143;396;7158;2424;3.9;1.3
55;2021-02-17;26;491;7184;2915;4.0;1.6
55;2021-02-18;20;344;7204;3259;4.0;1.8
55;2021-02-19;122;289;7326;3548;4.0;2.0
55;2021-02-20;11;0;7337;3548;4.0;2.0
55;2021-02-21;0;0;7337;3548;4.0;2.0
55;2021-02-22;55;458;7392;4006;4.1;2.2
55;2021-02-23;85;442;7477;4448;4.1;2.4
55;2021-02-24;72;415;7549;4863;4.2;2.7
55;2021-02-25;270;681;7819;5544;4.3;3.1
55;2021-02-26;324;235;8143;5779;4.5;3.2
55;2021-02-27;125;88;8268;5867;4.6;3.2
55;2021-02-28;2;8;8270;5875;4.6;3.2
55;2021-03-01;77;141;8347;6016;4.6;3.3
55;2021-03-02;124;171;8471;6187;4.7;3.4
55;2021-03-03;198;3;8669;6190;4.8;3.4
55;2021-03-04;238;43;8907;6233;4.9;3.4
55;2021-03-05;362;46;9269;6279;5.1;3.5
55;2021-03-06;223;6;9492;6285;5.2;3.5
55;2021-03-07;69;1;9561;6286;5.3;3.5
55;2021-03-08;327;49;9888;6335;5.4;3.5
55;2021-03-09;634;50;10522;6385;5.8;3.5
55;2021-03-10;396;24;10918;6409;6.0;3.5
55;2021-03-11;596;143;11514;6552;6.3;3.6
55;2021-03-12;815;93;12329;6645;6.8;3.7
55;2021-03-13;523;12;12852;6657;7.1;3.7
55;2021-03-14;14;0;12866;6657;7.1;3.7
55;2021-03-15;393;24;13259;6681;7.3;3.7
55;2021-03-16;568;110;13827;6791;7.6;3.7
55;2021-03-17;683;19;14510;6810;8.0;3.7
55;2021-03-18;323;23;14833;6833;8.2;3.8
55;2021-03-19;471;59;15304;6892;8.4;3.8
55;2021-03-20;253;15;15557;6907;8.6;3.8
55;2021-03-21;1;1;15558;6908;8.6;3.8
55;2021-03-22;473;20;16031;6928;8.8;3.8
55;2021-03-23;972;63;17003;6991;9.4;3.8
55;2021-03-24;802;40;17805;7031;9.8;3.9
55;2021-03-25;1096;80;18901;7111;10.4;3.9
55;2021-03-26;602;34;19503;7145;10.7;3.9
55;2021-03-27;255;23;19758;7168;10.9;3.9
55;2021-03-28;0;0;19758;7168;10.9;3.9
55;2021-03-29;943;39;20701;7207;11.4;4.0
55;2021-03-30;1423;72;22124;7279;12.2;4.0
55;2021-03-31;1481;69;23605;7348;13.0;4.0
55;2021-04-01;1205;124;24810;7472;13.7;4.1
55;2021-04-02;898;75;25708;7547;14.2;4.2
55;2021-04-03;91;10;25799;7557;14.2;4.2
55;2021-04-04;2;0;25801;7557;14.2;4.2
55;2021-04-05;6;12;25807;7569;14.2;4.2
55;2021-04-06;933;275;26740;7844;14.7;4.3
55;2021-04-07;993;235;27733;8079;15.3;4.4
55;2021-04-08;1647;421;29380;8500;16.2;4.7
55;2021-04-09;1429;263;30809;8763;17.0;4.8
55;2021-04-10;242;173;31051;8936;17.1;4.9
55;2021-04-11;452;20;31503;8956;17.3;4.9
55;2021-04-12;855;328;32358;9284;17.8;5.1
55;2021-04-13;1355;528;33713;9812;18.6;5.4
55;2021-04-14;1372;728;35085;10540;19.3;5.8
55;2021-04-15;1636;459;36721;10999;20.2;6.1
55;2021-04-16;705;379;37426;11378;20.6;6.3
55;2021-04-17;677;29;38103;11407;21.0;6.3
55;2021-04-18;38;18;38141;11425;21.0;6.3
55;2021-04-19;961;347;39102;11772;21.5;6.5
55;2021-04-20;1172;775;40274;12547;22.2;6.9
55;2021-04-21;990;640;41264;13187;22.7;7.3
55;2021-04-22;1099;679;42363;13866;23.3;7.6
55;2021-04-23;1424;594;43787;14460;24.1;8.0
55;2021-04-24;313;124;44100;14584;24.3;8.0
55;2021-04-25;384;51;44484;14635;24.5;8.1
55;2021-04-26;478;816;44962;15451;24.8;8.5
55;2021-04-27;570;995;45532;16446;25.1;9.1
55;2021-04-28;931;815;46463;17261;25.6;9.5
55;2021-04-29;1118;855;47581;18116;26.2;10.0
55;2021-04-30;1279;621;48860;18737;26.9;10.3
55;2021-05-01;153;132;49013;18869;27.0;10.4
55;2021-05-02;2;3;49015;18872;27.0;10.4
55;2021-05-03;1208;629;50223;19501;27.6;10.7
55;2021-05-04;683;1177;50906;20678;28.0;11.4
55;2021-05-05;659;1074;51565;21752;28.4;12.0
55;2021-05-06;1347;1160;52912;22912;29.1;12.6
55;2021-05-07;1433;555;54345;23467;29.9;12.9
55;2021-05-08;156;77;54501;23544;30.0;13.0
55;2021-05-09;62;523;54563;24067;30.0;13.2
55;2021-05-10;860;1031;55423;25098;30.5;13.8
55;2021-05-11;1070;1379;56493;26477;31.1;14.6
55;2021-05-12;1032;1767;57525;28244;31.7;15.5
55;2021-05-13;99;75;57624;28319;31.7;15.6
55;2021-05-14;352;558;57976;28877;31.9;15.9
55;2021-05-15;292;492;58268;29369;32.1;16.2
55;2021-05-16;3;10;58271;29379;32.1;16.2
55;2021-05-17;1028;841;59299;30220;32.6;16.6
55;2021-05-18;1569;892;60868;31112;33.5;17.1
55;2021-05-19;1810;782;62678;31894;34.5;17.6
55;2021-05-20;2215;731;64893;32625;35.7;18.0
55;2021-05-21;2009;802;66902;33427;36.8;18.4
55;2021-05-22;198;166;67100;33593;36.9;18.5
55;2021-05-23;23;120;67123;33713;37.0;18.6
55;2021-05-24;0;0;67123;33713;37.0;18.6
55;2021-05-25;1348;652;68471;34365;37.7;18.9
55;2021-05-26;1674;1018;70145;35383;38.6;19.5
55;2021-05-27;1320;981;71465;36364;39.3;20.0
55;2021-05-28;1521;931;72986;37295;40.2;20.5
55;2021-05-29;1402;697;74388;37992;41.0;20.9
55;2021-05-30;15;206;74403;38198;41.0;21.0
55;2021-05-31;1049;1130;75452;39328;41.5;21.7
55;2021-06-01;918;958;76370;40286;42.0;22.2
55;2021-06-02;1162;985;77532;41271;42.7;22.7
55;2021-06-03;703;545;78235;41816;43.1;23.0
55;2021-06-04;1390;1100;79625;42916;43.8;23.6
55;2021-06-05;1366;277;80991;43193;44.6;23.8
55;2021-06-06;0;2;80991;43195;44.6;23.8
55;2021-06-07;790;714;81781;43909;45.0;24.2
55;2021-06-08;698;1075;82479;44984;45.4;24.8
55;2021-06-09;850;870;83329;45854;45.9;25.2
55;2021-06-10;379;275;83708;46129;46.1;25.4
55;2021-06-11;528;1287;84236;47416;46.4;26.1
55;2021-06-12;761;519;84997;47935;46.8;26.4
55;2021-06-13;265;33;85262;47968;46.9;26.4
55;2021-06-14;388;1363;85650;49331;47.2;27.2
55;2021-06-15;574;1212;86224;50543;47.5;27.8
55;2021-06-16;734;831;86958;51374;47.9;28.3
55;2021-06-17;425;857;87383;52231;48.1;28.8
55;2021-06-18;667;1475;88050;53706;48.5;29.6
55;2021-06-19;593;457;88643;54163;48.8;29.8
55;2021-06-20;0;0;88643;54163;48.8;29.8
55;2021-06-21;436;1023;89079;55186;49.0;30.4
55;2021-06-22;335;1014;89414;56200;49.2;30.9
55;2021-06-23;626;1213;90040;57413;49.6;31.6
55;2021-06-24;163;433;90203;57846;49.7;31.8
55;2021-06-25;642;1225;90845;59071;50.0;32.5
55;2021-06-26;418;339;91263;59410;50.2;32.7
55;2021-06-27;1;2;91264;59412;50.2;32.7
55;2021-06-28;149;1380;91413;60792;50.3;33.5
55;2021-06-29;202;1289;91615;62081;50.4;34.2
55;2021-06-30;269;1932;91884;64013;50.6;35.2
55;2021-07-01;386;1978;92270;65991;50.8;36.3
55;2021-07-02;391;1719;92661;67710;51.0;37.3
55;2021-07-03;108;262;92769;67972;51.1;37.4
55;2021-07-04;12;19;92781;67991;51.1;37.4
55;2021-07-05;222;1508;93003;69499;51.2;38.3
55;2021-07-06;319;892;93322;70391;51.4;38.8
55;2021-07-07;387;1803;93709;72194;51.6;39.7
55;2021-07-08;534;1595;94243;73789;51.9;40.6
55;2021-07-09;454;1480;94697;75269;52.1;41.4
55;2021-07-10;356;1111;95053;76380;52.3;42.0
55;2021-07-11;0;9;95053;76389;52.3;42.1
55;2021-07-12;603;1167;95656;77556;52.7;42.7
55;2021-07-13;599;1488;96255;79044;53.0;43.5
55;2021-07-14;0;13;96255;79057;53.0;43.5
55;2021-07-15;781;1645;97036;80702;53.4;44.4
55;2021-07-16;1253;1816;98289;82518;54.1;45.4
55;2021-07-17;1282;821;99571;83339;54.8;45.9
55;2021-07-18;1;2;99572;83341;54.8;45.9
55;2021-07-19;597;783;100169;84124;55.1;46.3
55;2021-07-20;996;1026;101165;85150;55.7;46.9
55;2021-07-21;1474;1374;102639;86524;56.5;47.6
55;2021-07-22;1166;567;103805;87091;57.1;47.9
55;2021-07-23;1103;1353;104908;88444;57.8;48.7
55;2021-07-24;809;762;105717;89206;58.2;49.1
55;2021-07-25;119;229;105836;89435;58.3;49.2
55;2021-07-26;667;443;106503;89878;58.6;49.5
55;2021-07-27;1155;477;107658;90355;59.3;49.7
55;2021-07-28;1032;1068;108690;91423;59.8;50.3
55;2021-07-29;668;448;109358;91871;60.2;50.6
55;2021-07-30;1264;965;110622;92836;60.9;51.1
55;2021-07-31;708;614;111330;93450;61.3;51.4
55;2021-08-01;8;5;111338;93455;61.3;51.5
55;2021-08-02;611;444;111949;93899;61.6;51.7
55;2021-08-03;638;420;112587;94319;62.0;51.9
55;2021-08-04;1244;953;113831;95272;62.7;52.5
55;2021-08-05;996;320;114827;95592;63.2;52.6
55;2021-08-06;811;1096;115638;96688;63.7;53.2
55;2021-08-07;595;334;116233;97022;64.0;53.4
55;2021-08-08;0;0;116233;97022;64.0;53.4
55;2021-08-09;398;306;116631;97328;64.2;53.6
55;2021-08-10;432;775;117063;98103;64.4;54.0
55;2021-08-11;589;643;117652;98746;64.8;54.4
55;2021-08-12;322;488;117974;99234;64.9;54.6
55;2021-08-13;426;1108;118400;100342;65.2;55.2
55;2021-08-14;135;190;118535;100532;65.3;55.3
55;2021-08-15;11;5;118546;100537;65.3;55.3
55;2021-08-16;237;735;118783;101272;65.4;55.8
55;2021-08-17;228;290;119011;101562;65.5;55.9
56;2020-12-27;0;0;0;0;0.0;0.0
56;2020-12-28;1;0;1;0;0.0;0.0
56;2020-12-29;0;0;1;0;0.0;0.0
56;2020-12-30;0;0;1;0;0.0;0.0
56;2020-12-31;0;0;1;0;0.0;0.0
56;2021-01-01;0;0;1;0;0.0;0.0
56;2021-01-02;1;0;2;0;0.0;0.0
56;2021-01-03;0;0;2;0;0.0;0.0
56;2021-01-04;1;0;3;0;0.0;0.0
56;2021-01-05;1;0;4;0;0.0;0.0
56;2021-01-06;1;0;5;0;0.0;0.0
56;2021-01-07;198;0;203;0;0.0;0.0
56;2021-01-08;119;0;322;0;0.0;0.0
56;2021-01-09;1;0;323;0;0.0;0.0
56;2021-01-10;1;0;324;0;0.0;0.0
56;2021-01-11;242;0;566;0;0.1;0.0
56;2021-01-12;754;0;1320;0;0.2;0.0
56;2021-01-13;638;1;1958;1;0.3;0.0
56;2021-01-14;969;2;2927;3;0.4;0.0
56;2021-01-15;843;5;3770;8;0.5;0.0
56;2021-01-16;234;3;4004;11;0.5;0.0
56;2021-01-17;27;0;4031;11;0.5;0.0
56;2021-01-18;1004;1;5035;12;0.7;0.0
56;2021-01-19;851;1;5886;13;0.8;0.0
56;2021-01-20;884;1;6770;14;0.9;0.0
56;2021-01-21;1460;2;8230;16;1.1;0.0
56;2021-01-22;1181;2;9411;18;1.2;0.0
56;2021-01-23;319;2;9730;20;1.3;0.0
56;2021-01-24;6;0;9736;20;1.3;0.0
56;2021-01-25;826;0;10562;20;1.4;0.0
56;2021-01-26;1036;4;11598;24;1.5;0.0
56;2021-01-27;1082;62;12680;86;1.7;0.0
56;2021-01-28;975;125;13655;211;1.8;0.0
56;2021-01-29;873;107;14528;318;1.9;0.0
56;2021-01-30;139;19;14667;337;1.9;0.0
56;2021-01-31;0;0;14667;337;1.9;0.0
56;2021-02-01;479;155;15146;492;2.0;0.1
56;2021-02-02;942;257;16088;749;2.1;0.1
56;2021-02-03;1023;270;17111;1019;2.3;0.1
56;2021-02-04;4697;352;21808;1371;2.9;0.2
56;2021-02-05;3590;431;25398;1802;3.4;0.2
56;2021-02-06;549;171;25947;1973;3.4;0.3
56;2021-02-07;136;26;26083;1999;3.5;0.3
56;2021-02-08;296;288;26379;2287;3.5;0.3
56;2021-02-09;795;507;27174;2794;3.6;0.4
56;2021-02-10;865;701;28039;3495;3.7;0.5
56;2021-02-11;972;1077;29011;4572;3.8;0.6
56;2021-02-12;1151;641;30162;5213;4.0;0.7
56;2021-02-13;220;104;30382;5317;4.0;0.7
56;2021-02-14;6;46;30388;5363;4.0;0.7
56;2021-02-15;622;1088;31010;6451;4.1;0.9
56;2021-02-16;1219;737;32229;7188;4.3;1.0
56;2021-02-17;1189;959;33418;8147;4.4;1.1
56;2021-02-18;1352;884;34770;9031;4.6;1.2
56;2021-02-19;1321;916;36091;9947;4.8;1.3
56;2021-02-20;365;261;36456;10208;4.8;1.4
56;2021-02-21;0;0;36456;10208;4.8;1.4
56;2021-02-22;374;699;36830;10907;4.9;1.4
56;2021-02-23;740;960;37570;11867;5.0;1.6
56;2021-02-24;915;1183;38485;13050;5.1;1.7
56;2021-02-25;2029;4258;40514;17308;5.4;2.3
56;2021-02-26;2358;2263;42872;19571;5.7;2.6
56;2021-02-27;745;446;43617;20017;5.8;2.6
56;2021-02-28;14;114;43631;20131;5.8;2.7
56;2021-03-01;647;561;44278;20692;5.9;2.7
56;2021-03-02;978;789;45256;21481;6.0;2.8
56;2021-03-03;1150;916;46406;22397;6.1;3.0
56;2021-03-04;1966;1040;48372;23437;6.4;3.1
56;2021-03-05;2582;1432;50954;24869;6.7;3.3
56;2021-03-06;1208;218;52162;25087;6.9;3.3
56;2021-03-07;282;24;52444;25111;6.9;3.3
56;2021-03-08;1140;391;53584;25502;7.1;3.4
56;2021-03-09;2040;631;55624;26133;7.4;3.5
56;2021-03-10;2001;936;57625;27069;7.6;3.6
56;2021-03-11;3253;740;60878;27809;8.1;3.7
56;2021-03-12;4208;828;65086;28637;8.6;3.8
56;2021-03-13;1882;148;66968;28785;8.9;3.8
56;2021-03-14;195;2;67163;28787;8.9;3.8
56;2021-03-15;1283;529;68446;29316;9.1;3.9
56;2021-03-16;1089;1030;69535;30346;9.2;4.0
56;2021-03-17;1360;777;70895;31123;9.4;4.1
56;2021-03-18;1998;1873;72893;32996;9.6;4.4
56;2021-03-19;2938;1399;75831;34395;10.0;4.6
56;2021-03-20;1493;206;77324;34601;10.2;4.6
56;2021-03-21;208;22;77532;34623;10.3;4.6
56;2021-03-22;1610;405;79142;35028;10.5;4.6
56;2021-03-23;2806;685;81948;35713;10.8;4.7
56;2021-03-24;3450;526;85398;36239;11.3;4.8
56;2021-03-25;4235;723;89633;36962;11.9;4.9
56;2021-03-26;5089;783;94722;37745;12.5;5.0
56;2021-03-27;1499;294;96221;38039;12.7;5.0
56;2021-03-28;264;11;96485;38050;12.8;5.0
56;2021-03-29;2233;503;98718;38553;13.1;5.1
56;2021-03-30;3519;784;102237;39337;13.5;5.2
56;2021-03-31;3116;717;105353;40054;13.9;5.3
56;2021-04-01;4071;819;109424;40873;14.5;5.4
56;2021-04-02;3927;942;113351;41815;15.0;5.5
56;2021-04-03;1186;270;114537;42085;15.2;5.6
56;2021-04-04;232;3;114769;42088;15.2;5.6
56;2021-04-05;244;8;115013;42096;15.2;5.6
56;2021-04-06;2824;1232;117837;43328;15.6;5.7
56;2021-04-07;4022;1190;121859;44518;16.1;5.9
56;2021-04-08;5295;1161;127154;45679;16.8;6.0
56;2021-04-09;7389;1285;134543;46964;17.8;6.2
56;2021-04-10;2577;426;137120;47390;18.1;6.3
56;2021-04-11;193;102;137313;47492;18.2;6.3
56;2021-04-12;3932;836;141245;48328;18.7;6.4
56;2021-04-13;5965;1264;147210;49592;19.5;6.6
56;2021-04-14;5167;1427;152377;51019;20.2;6.8
56;2021-04-15;7148;1772;159525;52791;21.1;7.0
56;2021-04-16;7842;2011;167367;54802;22.2;7.3
56;2021-04-17;3132;644;170499;55446;22.6;7.3
56;2021-04-18;528;107;171027;55553;22.6;7.4
56;2021-04-19;3719;1261;174746;56814;23.1;7.5
56;2021-04-20;4106;1978;178852;58792;23.7;7.8
56;2021-04-21;4060;2323;182912;61115;24.2;8.1
56;2021-04-22;5174;1926;188086;63041;24.9;8.3
56;2021-04-23;5165;2413;193251;65454;25.6;8.7
56;2021-04-24;2899;645;196150;66099;26.0;8.7
56;2021-04-25;465;149;196615;66248;26.0;8.8
56;2021-04-26;4706;1668;201321;67916;26.6;9.0
56;2021-04-27;5098;2551;206419;70467;27.3;9.3
56;2021-04-28;4968;2242;211387;72709;28.0;9.6
56;2021-04-29;5842;2938;217229;75647;28.8;10.0
56;2021-04-30;6244;2807;223473;78454;29.6;10.4
56;2021-05-01;2488;362;225961;78816;29.9;10.4
56;2021-05-02;307;254;226268;79070;29.9;10.5
56;2021-05-03;3866;2070;230134;81140;30.5;10.7
56;2021-05-04;4383;3906;234517;85046;31.0;11.3
56;2021-05-05;3523;3876;238040;88922;31.5;11.8
56;2021-05-06;4376;5440;242416;94362;32.1;12.5
56;2021-05-07;4267;5012;246683;99374;32.6;13.2
56;2021-05-08;1643;319;248326;99693;32.9;13.2
56;2021-05-09;495;227;248821;99920;32.9;13.2
56;2021-05-10;3750;3811;252571;103731;33.4;13.7
56;2021-05-11;4168;5050;256739;108781;34.0;14.4
56;2021-05-12;4343;4775;261082;113556;34.6;15.0
56;2021-05-13;2396;1011;263478;114567;34.9;15.2
56;2021-05-14;4225;4362;267703;118929;35.4;15.7
56;2021-05-15;2486;1894;270189;120823;35.8;16.0
56;2021-05-16;237;488;270426;121311;35.8;16.1
56;2021-05-17;2512;3668;272938;124979;36.1;16.5
56;2021-05-18;3520;4084;276458;129063;36.6;17.1
56;2021-05-19;3529;3390;279987;132453;37.1;17.5
56;2021-05-20;3805;4821;283792;137274;37.6;18.2
56;2021-05-21;3745;5232;287537;142506;38.1;18.9
56;2021-05-22;1698;2207;289235;144713;38.3;19.2
56;2021-05-23;284;197;289519;144910;38.3;19.2
56;2021-05-24;2058;498;291577;145408;38.6;19.2
56;2021-05-25;3139;4468;294716;149876;39.0;19.8
56;2021-05-26;3736;3899;298452;153775;39.5;20.4
56;2021-05-27;4360;4870;302812;158645;40.1;21.0
56;2021-05-28;4634;5961;307446;164606;40.7;21.8
56;2021-05-29;1887;1635;309333;166241;40.9;22.0
56;2021-05-30;317;67;309650;166308;41.0;22.0
56;2021-05-31;4502;3223;314152;169531;41.6;22.4
56;2021-06-01;5665;3387;319817;172918;42.3;22.9
56;2021-06-02;5637;2956;325454;175874;43.1;23.3
56;2021-06-03;6186;3305;331640;179179;43.9;23.7
56;2021-06-04;5812;4412;337452;183591;44.7;24.3
56;2021-06-05;4346;2386;341798;185977;45.2;24.6
56;2021-06-06;496;616;342294;186593;45.3;24.7
56;2021-06-07;5106;3171;347400;189764;46.0;25.1
56;2021-06-08;6067;3378;353467;193142;46.8;25.6
56;2021-06-09;6434;2813;359901;195955;47.6;25.9
56;2021-06-10;7476;2869;367377;198824;48.6;26.3
56;2021-06-11;6765;3870;374142;202694;49.5;26.8
56;2021-06-12;5102;2064;379244;204758;50.2;27.1
56;2021-06-13;1980;439;381224;205197;50.5;27.2
56;2021-06-14;3310;4594;384534;209791;50.9;27.8
56;2021-06-15;4205;4901;388739;214692;51.5;28.4
56;2021-06-16;4497;4503;393236;219195;52.0;29.0
56;2021-06-17;4256;4753;397492;223948;52.6;29.6
56;2021-06-18;4518;5974;402010;229922;53.2;30.4
56;2021-06-19;3837;2144;405847;232066;53.7;30.7
56;2021-06-20;1504;340;407351;232406;53.9;30.8
56;2021-06-21;3309;4462;410660;236868;54.4;31.3
56;2021-06-22;3486;5445;414146;242313;54.8;32.1
56;2021-06-23;3761;5062;417907;247375;55.3;32.7
56;2021-06-24;3477;5319;421384;252694;55.8;33.4
56;2021-06-25;3883;6279;425267;258973;56.3;34.3
56;2021-06-26;3203;2915;428470;261888;56.7;34.7
56;2021-06-27;305;162;428775;262050;56.7;34.7
56;2021-06-28;1576;3981;430351;266031;57.0;35.2
56;2021-06-29;2436;5773;432787;271804;57.3;36.0
56;2021-06-30;2495;5557;435282;277361;57.6;36.7
56;2021-07-01;2734;4959;438016;282320;58.0;37.4
56;2021-07-02;2657;6207;440673;288527;58.3;38.2
56;2021-07-03;2205;2683;442878;291210;58.6;38.5
56;2021-07-04;779;811;443657;292021;58.7;38.6
56;2021-07-05;1869;5445;445526;297466;59.0;39.4
56;2021-07-06;2188;5937;447714;303403;59.3;40.2
56;2021-07-07;2845;5644;450559;309047;59.6;40.9
56;2021-07-08;3078;6039;453637;315086;60.0;41.7
56;2021-07-09;2218;7100;455855;322186;60.3;42.6
56;2021-07-10;1127;3002;456982;325188;60.5;43.0
56;2021-07-11;256;344;457238;325532;60.5;43.1
56;2021-07-12;2177;6607;459415;332139;60.8;44.0
56;2021-07-13;3252;7467;462667;339606;61.2;44.9
56;2021-07-14;1784;2590;464451;342196;61.5;45.3
56;2021-07-15;3818;7063;468269;349259;62.0;46.2
56;2021-07-16;4076;8092;472345;357351;62.5;47.3
56;2021-07-17;2319;3521;474664;360872;62.8;47.8
56;2021-07-18;253;478;474917;361350;62.9;47.8
56;2021-07-19;2863;6354;477780;367704;63.2;48.7
56;2021-07-20;3719;7922;481499;375626;63.7;49.7
56;2021-07-21;3085;7525;484584;383151;64.1;50.7
56;2021-07-22;4371;8028;488955;391179;64.7;51.8
56;2021-07-23;4373;8407;493328;399586;65.3;52.9
56;2021-07-24;1684;4601;495012;404187;65.5;53.5
56;2021-07-25;547;1920;495559;406107;65.6;53.7
56;2021-07-26;3659;5465;499218;411572;66.1;54.5
56;2021-07-27;5345;6200;504563;417772;66.8;55.3
56;2021-07-28;4653;5459;509216;423231;67.4;56.0
56;2021-07-29;5357;5625;514573;428856;68.1;56.8
56;2021-07-30;5344;5852;519917;434708;68.8;57.5
56;2021-07-31;2144;2691;522061;437399;69.1;57.9
56;2021-08-01;1152;976;523213;438375;69.2;58.0
56;2021-08-02;4494;4601;527707;442976;69.8;58.6
56;2021-08-03;6357;4953;534064;447929;70.7;59.3
56;2021-08-04;5934;4347;539998;452276;71.5;59.9
56;2021-08-05;6064;4604;546062;456880;72.3;60.5
56;2021-08-06;5771;4910;551833;461790;73.0;61.1
56;2021-08-07;2838;2222;554671;464012;73.4;61.4
56;2021-08-08;1814;561;556485;464573;73.7;61.5
56;2021-08-09;3898;4264;560383;468837;74.2;62.1
56;2021-08-10;4916;4603;565299;473440;74.8;62.7
56;2021-08-11;4542;4137;569841;477577;75.4;63.2
56;2021-08-12;4459;4535;574300;482112;76.0;63.8
56;2021-08-13;4168;4798;578468;486910;76.6;64.4
56;2021-08-14;1766;2130;580234;489040;76.8;64.7
56;2021-08-15;349;484;580583;489524;76.8;64.8
56;2021-08-16;3051;4515;583634;494039;77.2;65.4
56;2021-08-17;3714;5045;587348;499084;77.7;66.1
57;2020-12-27;2;0;2;0;0.0;0.0
57;2020-12-28;0;0;2;0;0.0;0.0
57;2020-12-29;1;0;3;0;0.0;0.0
57;2020-12-30;1;0;4;0;0.0;0.0
57;2020-12-31;0;0;4;0;0.0;0.0
57;2021-01-01;0;0;4;0;0.0;0.0
57;2021-01-02;3;0;7;0;0.0;0.0
57;2021-01-03;0;0;7;0;0.0;0.0
57;2021-01-04;16;0;23;0;0.0;0.0
57;2021-01-05;199;0;222;0;0.0;0.0
57;2021-01-06;226;1;448;1;0.0;0.0
57;2021-01-07;584;2;1032;3;0.1;0.0
57;2021-01-08;509;2;1541;5;0.1;0.0
57;2021-01-09;202;0;1743;5;0.2;0.0
57;2021-01-10;108;1;1851;6;0.2;0.0
57;2021-01-11;470;1;2321;7;0.2;0.0
57;2021-01-12;613;5;2934;12;0.3;0.0
57;2021-01-13;695;2;3629;14;0.4;0.0
57;2021-01-14;707;6;4336;20;0.4;0.0
57;2021-01-15;635;4;4971;24;0.5;0.0
57;2021-01-16;452;1;5423;25;0.5;0.0
57;2021-01-17;492;1;5915;26;0.6;0.0
57;2021-01-18;2707;20;8622;46;0.8;0.0
57;2021-01-19;2568;19;11190;65;1.1;0.0
57;2021-01-20;2762;17;13952;82;1.3;0.0
57;2021-01-21;1793;5;15745;87;1.5;0.0
57;2021-01-22;1324;6;17069;93;1.6;0.0
57;2021-01-23;543;16;17612;109;1.7;0.0
57;2021-01-24;1;0;17613;109;1.7;0.0
57;2021-01-25;870;186;18483;295;1.8;0.0
57;2021-01-26;1112;214;19595;509;1.9;0.0
57;2021-01-27;1069;183;20664;692;2.0;0.1
57;2021-01-28;1040;299;21704;991;2.1;0.1
57;2021-01-29;982;396;22686;1387;2.2;0.1
57;2021-01-30;440;94;23126;1481;2.2;0.1
57;2021-01-31;11;27;23137;1508;2.2;0.1
57;2021-02-01;826;351;23963;1859;2.3;0.2
57;2021-02-02;989;364;24952;2223;2.4;0.2
57;2021-02-03;986;320;25938;2543;2.5;0.2
57;2021-02-04;1137;808;27075;3351;2.6;0.3
57;2021-02-05;929;356;28004;3707;2.7;0.4
57;2021-02-06;481;349;28485;4056;2.7;0.4
57;2021-02-07;103;334;28588;4390;2.8;0.4
57;2021-02-08;1256;1558;29844;5948;2.9;0.6
57;2021-02-09;1762;1676;31606;7624;3.1;0.7
57;2021-02-10;1711;2074;33317;9698;3.2;0.9
57;2021-02-11;1486;1330;34803;11028;3.4;1.1
57;2021-02-12;1227;677;36030;11705;3.5;1.1
57;2021-02-13;1152;178;37182;11883;3.6;1.1
57;2021-02-14;1210;28;38392;11911;3.7;1.1
57;2021-02-15;766;863;39158;12774;3.8;1.2
57;2021-02-16;1072;798;40230;13572;3.9;1.3
57;2021-02-17;1009;960;41239;14532;4.0;1.4
57;2021-02-18;974;1160;42213;15692;4.1;1.5
57;2021-02-19;955;937;43168;16629;4.2;1.6
57;2021-02-20;1173;617;44341;17246;4.3;1.7
57;2021-02-21;323;13;44664;17259;4.3;1.7
57;2021-02-22;1230;913;45894;18172;4.4;1.8
57;2021-02-23;2234;1090;48128;19262;4.6;1.9
57;2021-02-24;2268;1004;50396;20266;4.9;2.0
57;2021-02-25;3297;1121;53693;21387;5.2;2.1
57;2021-02-26;3577;959;57270;22346;5.5;2.2
57;2021-02-27;3689;538;60959;22884;5.9;2.2
57;2021-02-28;1896;59;62855;22943;6.1;2.2
57;2021-03-01;2050;1345;64905;24288;6.3;2.3
57;2021-03-02;2855;1604;67760;25892;6.5;2.5
57;2021-03-03;2804;1615;70564;27507;6.8;2.7
57;2021-03-04;3269;1302;73833;28809;7.1;2.8
57;2021-03-05;4457;1248;78290;30057;7.6;2.9
57;2021-03-06;7243;794;85533;30851;8.3;3.0
57;2021-03-07;6071;277;91604;31128;8.8;3.0
57;2021-03-08;2297;1009;93901;32137;9.1;3.1
57;2021-03-09;3380;1304;97281;33441;9.4;3.2
57;2021-03-10;3579;973;100860;34414;9.7;3.3
57;2021-03-11;4036;1255;104896;35669;10.1;3.4
57;2021-03-12;5106;1216;110002;36885;10.6;3.6
57;2021-03-13;6283;991;116285;37876;11.2;3.7
57;2021-03-14;2424;427;118709;38303;11.5;3.7
57;2021-03-15;2960;880;121669;39183;11.7;3.8
57;2021-03-16;3061;1280;124730;40463;12.0;3.9
57;2021-03-17;3050;1141;127780;41604;12.3;4.0
57;2021-03-18;3400;1076;131180;42680;12.7;4.1
57;2021-03-19;4620;1044;135800;43724;13.1;4.2
57;2021-03-20;4697;1024;140497;44748;13.6;4.3
57;2021-03-21;1895;256;142392;45004;13.7;4.3
57;2021-03-22;2480;1475;144872;46479;14.0;4.5
57;2021-03-23;3441;2339;148313;48818;14.3;4.7
57;2021-03-24;3896;2148;152209;50966;14.7;4.9
57;2021-03-25;4738;2594;156947;53560;15.2;5.2
57;2021-03-26;4841;2258;161788;55818;15.6;5.4
57;2021-03-27;3710;3156;165498;58974;16.0;5.7
57;2021-03-28;1400;1849;166898;60823;16.1;5.9
57;2021-03-29;1935;2171;168833;62994;16.3;6.1
57;2021-03-30;3300;2490;172133;65484;16.6;6.3
57;2021-03-31;2821;2307;174954;67791;16.9;6.5
57;2021-04-01;3223;3170;178177;70961;17.2;6.9
57;2021-04-02;2392;2580;180569;73541;17.4;7.1
57;2021-04-03;2567;2667;183136;76208;17.7;7.4
57;2021-04-04;593;970;183729;77178;17.7;7.5
57;2021-04-05;1922;669;185651;77847;17.9;7.5
57;2021-04-06;2451;2832;188102;80679;18.2;7.8
57;2021-04-07;3810;3086;191912;83765;18.5;8.1
57;2021-04-08;5612;2904;197524;86669;19.1;8.4
57;2021-04-09;5009;2722;202533;89391;19.6;8.6
57;2021-04-10;2354;3639;204887;93030;19.8;9.0
57;2021-04-11;1099;1890;205986;94920;19.9;9.2
57;2021-04-12;1790;2754;207776;97674;20.1;9.4
57;2021-04-13;1975;3031;209751;100705;20.2;9.7
57;2021-04-14;1919;2990;211670;103695;20.4;10.0
57;2021-04-15;2366;3431;214036;107126;20.7;10.3
57;2021-04-16;2701;3292;216737;110418;20.9;10.7
57;2021-04-17;2473;3186;219210;113604;21.2;11.0
57;2021-04-18;1245;1775;220455;115379;21.3;11.1
57;2021-04-19;2141;2260;222596;117639;21.5;11.4
57;2021-04-20;2514;2784;225110;120423;21.7;11.6
57;2021-04-21;2569;2378;227679;122801;22.0;11.9
57;2021-04-22;3207;2252;230886;125053;22.3;12.1
57;2021-04-23;4056;2580;234942;127633;22.7;12.3
57;2021-04-24;3393;2562;238335;130195;23.0;12.6
57;2021-04-25;757;1127;239092;131322;23.1;12.7
57;2021-04-26;2969;1997;242061;133319;23.4;12.9
57;2021-04-27;3899;2373;245960;135692;23.7;13.1
57;2021-04-28;4211;2591;250171;138283;24.2;13.3
57;2021-04-29;5259;3451;255430;141734;24.7;13.7
57;2021-04-30;4728;3549;260158;145283;25.1;14.0
57;2021-05-01;2351;1685;262509;146968;25.3;14.2
57;2021-05-02;790;912;263299;147880;25.4;14.3
57;2021-05-03;3565;2995;266864;150875;25.8;14.6
57;2021-05-04;4870;3167;271734;154042;26.2;14.9
57;2021-05-05;6122;3172;277856;157214;26.8;15.2
57;2021-05-06;5990;3288;283846;160502;27.4;15.5
57;2021-05-07;6854;3445;290700;163947;28.1;15.8
57;2021-05-08;4052;1608;294752;165555;28.5;16.0
57;2021-05-09;2048;1112;296800;166667;28.7;16.1
57;2021-05-10;5128;3069;301928;169736;29.1;16.4
57;2021-05-11;7449;2854;309377;172590;29.9;16.7
57;2021-05-12;7845;3244;317222;175834;30.6;17.0
57;2021-05-13;4509;912;321731;176746;31.1;17.1
57;2021-05-14;7837;2631;329568;179377;31.8;17.3
57;2021-05-15;5964;2051;335532;181428;32.4;17.5
57;2021-05-16;3309;578;338841;182006;32.7;17.6
57;2021-05-17;3866;2067;342707;184073;33.1;17.8
57;2021-05-18;6289;2103;348996;186176;33.7;18.0
57;2021-05-19;7019;2330;356015;188506;34.4;18.2
57;2021-05-20;6049;2184;362064;190690;35.0;18.4
57;2021-05-21;7563;2919;369627;193609;35.7;18.7
57;2021-05-22;4892;2169;374519;195778;36.2;18.9
57;2021-05-23;1964;432;376483;196210;36.3;18.9
57;2021-05-24;3032;1066;379515;197276;36.6;19.0
57;2021-05-25;5576;2803;385091;200079;37.2;19.3
57;2021-05-26;6374;3183;391465;203262;37.8;19.6
57;2021-05-27;5793;3121;397258;206383;38.4;19.9
57;2021-05-28;7025;4751;404283;211134;39.0;20.4
57;2021-05-29;5222;4251;409505;215385;39.5;20.8
57;2021-05-30;1967;1741;411472;217126;39.7;21.0
57;2021-05-31;4319;3339;415791;220465;40.1;21.3
57;2021-06-01;5934;3713;421725;224178;40.7;21.6
57;2021-06-02;6338;3905;428063;228083;41.3;22.0
57;2021-06-03;6213;3701;434276;231784;41.9;22.4
57;2021-06-04;7566;4992;441842;236776;42.7;22.9
57;2021-06-05;4769;4033;446611;240809;43.1;23.2
57;2021-06-06;1994;889;448605;241698;43.3;23.3
57;2021-06-07;4325;4037;452930;245735;43.7;23.7
57;2021-06-08;6713;4311;459643;250046;44.4;24.1
57;2021-06-09;6882;4155;466525;254201;45.0;24.5
57;2021-06-10;6220;4590;472745;258791;45.6;25.0
57;2021-06-11;5364;5363;478109;264154;46.2;25.5
57;2021-06-12;5743;4453;483852;268607;46.7;25.9
57;2021-06-13;1500;1141;485352;269748;46.9;26.0
57;2021-06-14;3380;4705;488732;274453;47.2;26.5
57;2021-06-15;3815;6019;492547;280472;47.5;27.1
57;2021-06-16;4400;6593;496947;287065;48.0;27.7
57;2021-06-17;4195;6082;501142;293147;48.4;28.3
57;2021-06-18;4274;7307;505416;300454;48.8;29.0
57;2021-06-19;4155;6292;509571;306746;49.2;29.6
57;2021-06-20;987;1667;510558;308413;49.3;29.8
57;2021-06-21;2065;5971;512623;314384;49.5;30.3
57;2021-06-22;2637;7985;515260;322369;49.7;31.1
57;2021-06-23;3075;8388;518335;330757;50.0;31.9
57;2021-06-24;2456;5290;520791;336047;50.3;32.4
57;2021-06-25;2855;7830;523646;343877;50.6;33.2
57;2021-06-26;2870;7257;526516;351134;50.8;33.9
57;2021-06-27;754;2986;527270;354120;50.9;34.2
57;2021-06-28;1590;5077;528860;359197;51.1;34.7
57;2021-06-29;2085;6828;530945;366025;51.3;35.3
57;2021-06-30;3064;7320;534009;373345;51.6;36.0
57;2021-07-01;2688;5955;536697;379300;51.8;36.6
57;2021-07-02;2657;8077;539354;387377;52.1;37.4
57;2021-07-03;3239;6525;542593;393902;52.4;38.0
57;2021-07-04;947;2469;543540;396371;52.5;38.3
57;2021-07-05;1692;4606;545232;400977;52.6;38.7
57;2021-07-06;2418;6479;547650;407456;52.9;39.3
57;2021-07-07;2722;7085;550372;414541;53.1;40.0
57;2021-07-08;2488;5874;552860;420415;53.4;40.6
57;2021-07-09;3422;8416;556282;428831;53.7;41.4
57;2021-07-10;3093;6937;559375;435768;54.0;42.1
57;2021-07-11;853;2231;560228;437999;54.1;42.3
57;2021-07-12;2406;6421;562634;444420;54.3;42.9
57;2021-07-13;4407;7498;567041;451918;54.7;43.6
57;2021-07-14;2823;3841;569864;455759;55.0;44.0
57;2021-07-15;3945;7787;573809;463546;55.4;44.7
57;2021-07-16;5635;9821;579444;473367;55.9;45.7
57;2021-07-17;5813;7285;585257;480652;56.5;46.4
57;2021-07-18;1484;2660;586741;483312;56.6;46.7
57;2021-07-19;2358;6209;589099;489521;56.9;47.3
57;2021-07-20;4316;6910;593415;496431;57.3;47.9
57;2021-07-21;5289;6902;598704;503333;57.8;48.6
57;2021-07-22;5943;5956;604647;509289;58.4;49.2
57;2021-07-23;7007;6394;611654;515683;59.0;49.8
57;2021-07-24;4523;7039;616177;522722;59.5;50.5
57;2021-07-25;1336;1769;617513;524491;59.6;50.6
57;2021-07-26;3709;4494;621222;528985;60.0;51.1
57;2021-07-27;6840;4925;628062;533910;60.6;51.5
57;2021-07-28;7445;4541;635507;538451;61.4;52.0
57;2021-07-29;7570;4583;643077;543034;62.1;52.4
57;2021-07-30;6827;4877;649904;547911;62.7;52.9
57;2021-07-31;5683;5009;655587;552920;63.3;53.4
57;2021-08-01;2020;1115;657607;554035;63.5;53.5
57;2021-08-02;3502;3184;661109;557219;63.8;53.8
57;2021-08-03;5465;4281;666574;561500;64.3;54.2
57;2021-08-04;5199;3466;671773;564966;64.9;54.5
57;2021-08-05;5346;3762;677119;568728;65.4;54.9
57;2021-08-06;5566;4836;682685;573564;65.9;55.4
57;2021-08-07;4540;5137;687225;578701;66.3;55.9
57;2021-08-08;1469;1499;688694;580200;66.5;56.0
57;2021-08-09;2605;3159;691299;583359;66.7;56.3
57;2021-08-10;3491;3780;694790;587139;67.1;56.7
57;2021-08-11;3686;4009;698476;591148;67.4;57.1
57;2021-08-12;3130;5209;701606;596357;67.7;57.6
57;2021-08-13;3448;4711;705054;601068;68.1;58.0
57;2021-08-14;2147;5177;707201;606245;68.3;58.5
57;2021-08-15;528;1090;707729;607335;68.3;58.6
57;2021-08-16;1774;3557;709503;610892;68.5;59.0
57;2021-08-17;2345;5337;711848;616229;68.7;59.5
58;2020-12-27;0;0;0;0;0.0;0.0
58;2020-12-28;0;0;0;0;0.0;0.0
58;2020-12-29;1;0;1;0;0.0;0.0
58;2020-12-30;0;0;1;0;0.0;0.0
58;2020-12-31;0;0;1;0;0.0;0.0
58;2021-01-01;0;0;1;0;0.0;0.0
58;2021-01-02;0;0;1;0;0.0;0.0
58;2021-01-03;1;0;2;0;0.0;0.0
58;2021-01-04;0;0;2;0;0.0;0.0
58;2021-01-05;2;0;4;0;0.0;0.0
58;2021-01-06;145;0;149;0;0.1;0.0
58;2021-01-07;241;0;390;0;0.2;0.0
58;2021-01-08;63;0;453;0;0.2;0.0
58;2021-01-09;1;0;454;0;0.2;0.0
58;2021-01-10;0;0;454;0;0.2;0.0
58;2021-01-11;54;0;508;0;0.3;0.0
58;2021-01-12;258;0;766;0;0.4;0.0
58;2021-01-13;405;0;1171;0;0.6;0.0
58;2021-01-14;291;1;1462;1;0.7;0.0
58;2021-01-15;141;0;1603;1;0.8;0.0
58;2021-01-16;10;1;1613;2;0.8;0.0
58;2021-01-17;0;0;1613;2;0.8;0.0
58;2021-01-18;413;1;2026;3;1.0;0.0
58;2021-01-19;986;2;3012;5;1.5;0.0
58;2021-01-20;1206;2;4218;7;2.1;0.0
58;2021-01-21;961;4;5179;11;2.6;0.0
58;2021-01-22;779;3;5958;14;3.0;0.0
58;2021-01-23;251;0;6209;14;3.1;0.0
58;2021-01-24;2;0;6211;14;3.1;0.0
58;2021-01-25;439;0;6650;14;3.3;0.0
58;2021-01-26;650;4;7300;18;3.7;0.0
58;2021-01-27;604;44;7904;62;4.0;0.0
58;2021-01-28;756;66;8660;128;4.3;0.1
58;2021-01-29;837;7;9497;135;4.8;0.1
58;2021-01-30;281;0;9778;135;4.9;0.1
58;2021-01-31;10;0;9788;135;4.9;0.1
58;2021-02-01;200;71;9988;206;5.0;0.1
58;2021-02-02;565;85;10553;291;5.3;0.1
58;2021-02-03;279;148;10832;439;5.4;0.2
58;2021-02-04;285;93;11117;532;5.6;0.3
58;2021-02-05;184;93;11301;625;5.7;0.3
58;2021-02-06;89;0;11390;625;5.7;0.3
58;2021-02-07;0;0;11390;625;5.7;0.3
58;2021-02-08;306;73;11696;698;5.9;0.3
58;2021-02-09;503;314;12199;1012;6.1;0.5
58;2021-02-10;349;381;12548;1393;6.3;0.7
58;2021-02-11;287;380;12835;1773;6.4;0.9
58;2021-02-12;243;203;13078;1976;6.6;1.0
58;2021-02-13;83;29;13161;2005;6.6;1.0
58;2021-02-14;0;3;13161;2008;6.6;1.0
58;2021-02-15;114;529;13275;2537;6.7;1.3
58;2021-02-16;209;939;13484;3476;6.8;1.7
58;2021-02-17;219;768;13703;4244;6.9;2.1
58;2021-02-18;187;790;13890;5034;7.0;2.5
58;2021-02-19;241;724;14131;5758;7.1;2.9
58;2021-02-20;62;229;14193;5987;7.1;3.0
58;2021-02-21;0;30;14193;6017;7.1;3.0
58;2021-02-22;78;405;14271;6422;7.1;3.2
58;2021-02-23;49;622;14320;7044;7.2;3.5
58;2021-02-24;39;629;14359;7673;7.2;3.8
58;2021-02-25;252;703;14611;8376;7.3;4.2
58;2021-02-26;246;623;14857;8999;7.4;4.5
58;2021-02-27;104;189;14961;9188;7.5;4.6
58;2021-02-28;11;8;14972;9196;7.5;4.6
58;2021-03-01;145;246;15117;9442;7.6;4.7
58;2021-03-02;416;642;15533;10084;7.8;5.1
58;2021-03-03;523;293;16056;10377;8.0;5.2
58;2021-03-04;723;277;16779;10654;8.4;5.3
58;2021-03-05;867;206;17646;10860;8.8;5.4
58;2021-03-06;574;87;18220;10947;9.1;5.5
58;2021-03-07;63;12;18283;10959;9.2;5.5
58;2021-03-08;154;299;18437;11258;9.2;5.6
58;2021-03-09;544;549;18981;11807;9.5;5.9
58;2021-03-10;838;243;19819;12050;9.9;6.0
58;2021-03-11;857;273;20676;12323;10.4;6.2
58;2021-03-12;862;199;21538;12522;10.8;6.3
58;2021-03-13;506;67;22044;12589;11.0;6.3
58;2021-03-14;34;0;22078;12589;11.1;6.3
58;2021-03-15;528;110;22606;12699;11.3;6.4
58;2021-03-16;726;222;23332;12921;11.7;6.5
58;2021-03-17;756;195;24088;13116;12.1;6.6
58;2021-03-18;583;179;24671;13295;12.4;6.7
58;2021-03-19;537;104;25208;13399;12.6;6.7
58;2021-03-20;322;64;25530;13463;12.8;6.7
58;2021-03-21;17;0;25547;13463;12.8;6.7
58;2021-03-22;794;25;26341;13488;13.2;6.8
58;2021-03-23;1636;42;27977;13530;14.0;6.8
58;2021-03-24;1366;74;29343;13604;14.7;6.8
58;2021-03-25;1840;44;31183;13648;15.6;6.8
58;2021-03-26;1413;51;32596;13699;16.3;6.9
58;2021-03-27;358;6;32954;13705;16.5;6.9
58;2021-03-28;20;0;32974;13705;16.5;6.9
58;2021-03-29;639;157;33613;13862;16.8;6.9
58;2021-03-30;1185;254;34798;14116;17.4;7.1
58;2021-03-31;1116;397;35914;14513;18.0;7.3
58;2021-04-01;1547;402;37461;14915;18.8;7.5
58;2021-04-02;1464;368;38925;15283;19.5;7.7
58;2021-04-03;567;150;39492;15433;19.8;7.7
58;2021-04-04;1;1;39493;15434;19.8;7.7
58;2021-04-05;46;0;39539;15434;19.8;7.7
58;2021-04-06;822;344;40361;15778;20.2;7.9
58;2021-04-07;695;551;41056;16329;20.6;8.2
58;2021-04-08;1493;426;42549;16755;21.3;8.4
58;2021-04-09;1774;484;44323;17239;22.2;8.6
58;2021-04-10;652;200;44975;17439;22.5;8.7
58;2021-04-11;17;3;44992;17442;22.5;8.7
58;2021-04-12;1117;502;46109;17944;23.1;9.0
58;2021-04-13;1436;626;47545;18570;23.8;9.3
58;2021-04-14;1339;673;48884;19243;24.5;9.6
58;2021-04-15;1434;601;50318;19844;25.2;9.9
58;2021-04-16;1734;514;52052;20358;26.1;10.2
58;2021-04-17;721;232;52773;20590;26.4;10.3
58;2021-04-18;20;7;52793;20597;26.4;10.3
58;2021-04-19;532;605;53325;21202;26.7;10.6
58;2021-04-20;486;1120;53811;22322;27.0;11.2
58;2021-04-21;626;970;54437;23292;27.3;11.7
58;2021-04-22;767;1525;55204;24817;27.7;12.4
58;2021-04-23;919;785;56123;25602;28.1;12.8
58;2021-04-24;211;205;56334;25807;28.2;12.9
58;2021-04-25;109;9;56443;25816;28.3;12.9
58;2021-04-26;762;248;57205;26064;28.7;13.1
58;2021-04-27;1499;1114;58704;27178;29.4;13.6
58;2021-04-28;1535;1051;60239;28229;30.2;14.1
58;2021-04-29;1442;1041;61681;29270;30.9;14.7
58;2021-04-30;1257;939;62938;30209;31.5;15.1
58;2021-05-01;6;17;62944;30226;31.5;15.1
58;2021-05-02;4;2;62948;30228;31.5;15.1
58;2021-05-03;1043;404;63991;30632;32.1;15.3
58;2021-05-04;1075;1348;65066;31980;32.6;16.0
58;2021-05-05;952;1091;66018;33071;33.1;16.6
58;2021-05-06;1361;1060;67379;34131;33.8;17.1
58;2021-05-07;1110;1090;68489;35221;34.3;17.6
58;2021-05-08;59;60;68548;35281;34.3;17.7
58;2021-05-09;5;19;68553;35300;34.3;17.7
58;2021-05-10;875;989;69428;36289;34.8;18.2
58;2021-05-11;1185;1982;70613;38271;35.4;19.2
58;2021-05-12;1662;1554;72275;39825;36.2;20.0
58;2021-05-13;49;181;72324;40006;36.2;20.0
58;2021-05-14;2311;909;74635;40915;37.4;20.5
58;2021-05-15;1725;458;76360;41373;38.3;20.7
58;2021-05-16;118;30;76478;41403;38.3;20.7
58;2021-05-17;792;610;77270;42013;38.7;21.0
58;2021-05-18;1332;1183;78602;43196;39.4;21.6
58;2021-05-19;1737;546;80339;43742;40.3;21.9
58;2021-05-20;1701;670;82040;44412;41.1;22.3
58;2021-05-21;854;727;82894;45139;41.5;22.6
58;2021-05-22;304;240;83198;45379;41.7;22.7
58;2021-05-23;2;21;83200;45400;41.7;22.7
58;2021-05-24;21;43;83221;45443;41.7;22.8
58;2021-05-25;1389;1152;84610;46595;42.4;23.3
58;2021-05-26;844;840;85454;47435;42.8;23.8
58;2021-05-27;752;944;86206;48379;43.2;24.2
58;2021-05-28;430;912;86636;49291;43.4;24.7
58;2021-05-29;151;212;86787;49503;43.5;24.8
58;2021-05-30;21;19;86808;49522;43.5;24.8
58;2021-05-31;757;398;87565;49920;43.9;25.0
58;2021-06-01;1373;1658;88938;51578;44.6;25.8
58;2021-06-02;1463;1044;90401;52622;45.3;26.4
58;2021-06-03;1026;959;91427;53581;45.8;26.8
58;2021-06-04;845;915;92272;54496;46.2;27.3
58;2021-06-05;272;263;92544;54759;46.4;27.4
58;2021-06-06;24;49;92568;54808;46.4;27.5
58;2021-06-07;712;793;93280;55601;46.7;27.9
58;2021-06-08;1325;1758;94605;57359;47.4;28.7
58;2021-06-09;1419;1009;96024;58368;48.1;29.2
58;2021-06-10;1108;981;97132;59349;48.7;29.7
58;2021-06-11;1031;907;98163;60256;49.2;30.2
58;2021-06-12;1055;415;99218;60671;49.7;30.4
58;2021-06-13;36;33;99254;60704;49.7;30.4
58;2021-06-14;516;1016;99770;61720;50.0;30.9
58;2021-06-15;1594;1757;101364;63477;50.8;31.8
58;2021-06-16;1805;992;103169;64469;51.7;32.3
58;2021-06-17;2024;1110;105193;65579;52.7;32.9
58;2021-06-18;987;1064;106180;66643;53.2;33.4
58;2021-06-19;581;319;106761;66962;53.5;33.5
58;2021-06-20;9;2;106770;66964;53.5;33.5
58;2021-06-21;471;551;107241;67515;53.7;33.8
58;2021-06-22;1028;1966;108269;69481;54.2;34.8
58;2021-06-23;1478;1513;109747;70994;55.0;35.6
58;2021-06-24;728;1025;110475;72019;55.3;36.1
58;2021-06-25;823;1718;111298;73737;55.8;36.9
58;2021-06-26;554;1229;111852;74966;56.0;37.6
58;2021-06-27;17;26;111869;74992;56.0;37.6
58;2021-06-28;463;987;112332;75979;56.3;38.1
58;2021-06-29;623;2162;112955;78141;56.6;39.1
58;2021-06-30;998;1623;113953;79764;57.1;40.0
58;2021-07-01;759;1674;114712;81438;57.5;40.8
58;2021-07-02;444;849;115156;82287;57.7;41.2
58;2021-07-03;249;512;115405;82799;57.8;41.5
58;2021-07-04;12;30;115417;82829;57.8;41.5
58;2021-07-05;510;768;115927;83597;58.1;41.9
58;2021-07-06;694;2122;116621;85719;58.4;42.9
58;2021-07-07;387;955;117008;86674;58.6;43.4
58;2021-07-08;399;1020;117407;87694;58.8;43.9
58;2021-07-09;709;1416;118116;89110;59.2;44.6
58;2021-07-10;260;413;118376;89523;59.3;44.9
58;2021-07-11;175;55;118551;89578;59.4;44.9
58;2021-07-12;198;968;118749;90546;59.5;45.4
58;2021-07-13;932;2502;119681;93048;60.0;46.6
58;2021-07-14;27;62;119708;93110;60.0;46.6
58;2021-07-15;1134;1939;120842;95049;60.5;47.6
58;2021-07-16;1411;1448;122253;96497;61.3;48.3
58;2021-07-17;463;288;122716;96785;61.5;48.5
58;2021-07-18;102;21;122818;96806;61.5;48.5
58;2021-07-19;1647;989;124465;97795;62.4;49.0
58;2021-07-20;1404;2457;125869;100252;63.1;50.2
58;2021-07-21;1175;2011;127044;102263;63.7;51.2
58;2021-07-22;1139;1668;128183;103931;64.2;52.1
58;2021-07-23;1258;1447;129441;105378;64.9;52.8
58;2021-07-24;998;1272;130439;106650;65.4;53.4
58;2021-07-25;88;39;130527;106689;65.4;53.5
58;2021-07-26;981;860;131508;107549;65.9;53.9
58;2021-07-27;1558;2580;133066;110129;66.7;55.2
58;2021-07-28;1568;1971;134634;112100;67.5;56.2
58;2021-07-29;1572;1616;136206;113716;68.2;57.0
58;2021-07-30;1460;1428;137666;115144;69.0;57.7
58;2021-07-31;561;525;138227;115669;69.3;58.0
58;2021-08-01;34;13;138261;115682;69.3;58.0
58;2021-08-02;1583;863;139844;116545;70.1;58.4
58;2021-08-03;2041;1780;141885;118325;71.1;59.3
58;2021-08-04;1304;1184;143189;119509;71.7;59.9
58;2021-08-05;1619;1181;144808;120690;72.6;60.5
58;2021-08-06;1354;1030;146162;121720;73.2;61.0
58;2021-08-07;311;401;146473;122121;73.4;61.2
58;2021-08-08;30;58;146503;122179;73.4;61.2
58;2021-08-09;1075;1385;147578;123564;73.9;61.9
58;2021-08-10;1778;1388;149356;124952;74.8;62.6
58;2021-08-11;1117;776;150473;125728;75.4;63.0
58;2021-08-12;1063;1110;151536;126838;75.9;63.5
58;2021-08-13;831;947;152367;127785;76.3;64.0
58;2021-08-14;228;315;152595;128100;76.5;64.2
58;2021-08-15;13;27;152608;128127;76.5;64.2
58;2021-08-16;306;1403;152914;129530;76.6;64.9
58;2021-08-17;767;1333;153681;130863;77.0;65.6
59;2020-12-27;1;0;1;0;0.0;0.0
59;2020-12-28;26;0;27;0;0.0;0.0
59;2020-12-29;0;0;27;0;0.0;0.0
59;2020-12-30;0;0;27;0;0.0;0.0
59;2020-12-31;1;0;28;0;0.0;0.0
59;2021-01-01;3;0;31;0;0.0;0.0
59;2021-01-02;1;0;32;0;0.0;0.0
59;2021-01-03;2;0;34;0;0.0;0.0
59;2021-01-04;79;0;113;0;0.0;0.0
59;2021-01-05;217;0;330;0;0.0;0.0
59;2021-01-06;430;2;760;2;0.0;0.0
59;2021-01-07;1313;0;2073;2;0.1;0.0
59;2021-01-08;1262;4;3335;6;0.1;0.0
59;2021-01-09;609;3;3944;9;0.2;0.0
59;2021-01-10;427;0;4371;9;0.2;0.0
59;2021-01-11;1846;5;6217;14;0.2;0.0
59;2021-01-12;2470;2;8687;16;0.3;0.0
59;2021-01-13;2366;3;11053;19;0.4;0.0
59;2021-01-14;2757;22;13810;41;0.5;0.0
59;2021-01-15;2274;16;16084;57;0.6;0.0
59;2021-01-16;770;1;16854;58;0.7;0.0
59;2021-01-17;560;1;17414;59;0.7;0.0
59;2021-01-18;3509;15;20923;74;0.8;0.0
59;2021-01-19;4753;9;25676;83;1.0;0.0
59;2021-01-20;4134;12;29810;95;1.2;0.0
59;2021-01-21;4728;40;34538;135;1.3;0.0
59;2021-01-22;4020;11;38558;146;1.5;0.0
59;2021-01-23;1214;3;39772;149;1.5;0.0
59;2021-01-24;168;0;39940;149;1.5;0.0
59;2021-01-25;2728;58;42668;207;1.6;0.0
59;2021-01-26;2802;137;45470;344;1.8;0.0
59;2021-01-27;1736;308;47206;652;1.8;0.0
59;2021-01-28;3398;764;50604;1416;2.0;0.1
59;2021-01-29;2541;796;53145;2212;2.1;0.1
59;2021-01-30;288;176;53433;2388;2.1;0.1
59;2021-01-31;24;0;53457;2388;2.1;0.1
59;2021-02-01;78;863;53535;3251;2.1;0.1
59;2021-02-02;684;1433;54219;4684;2.1;0.2
59;2021-02-03;3748;1438;57967;6122;2.2;0.2
59;2021-02-04;2958;1742;60925;7864;2.4;0.3
59;2021-02-05;1049;1408;61974;9272;2.4;0.4
59;2021-02-06;206;355;62180;9627;2.4;0.4
59;2021-02-07;268;49;62448;9676;2.4;0.4
59;2021-02-08;683;1624;63131;11300;2.4;0.4
59;2021-02-09;1010;1846;64141;13146;2.5;0.5
59;2021-02-10;974;1638;65115;14784;2.5;0.6
59;2021-02-11;1346;1814;66461;16598;2.6;0.6
59;2021-02-12;1412;1645;67873;18243;2.6;0.7
59;2021-02-13;207;748;68080;18991;2.6;0.7
59;2021-02-14;13;42;68093;19033;2.6;0.7
59;2021-02-15;1393;3114;69486;22147;2.7;0.9
59;2021-02-16;1433;3773;70919;25920;2.7;1.0
59;2021-02-17;1618;3827;72537;29747;2.8;1.1
59;2021-02-18;3105;5197;75642;34944;2.9;1.3
59;2021-02-19;3209;3620;78851;38564;3.0;1.5
59;2021-02-20;1414;1591;80265;40155;3.1;1.6
59;2021-02-21;242;261;80507;40416;3.1;1.6
59;2021-02-22;1432;2586;81939;43002;3.2;1.7
59;2021-02-23;2658;2864;84597;45866;3.3;1.8
59;2021-02-24;4105;4060;88702;49926;3.4;1.9
59;2021-02-25;6917;3726;95619;53652;3.7;2.1
59;2021-02-26;6495;1900;102114;55552;3.9;2.1
59;2021-02-27;3095;186;105209;55738;4.1;2.2
59;2021-02-28;208;59;105417;55797;4.1;2.2
59;2021-03-01;3693;667;109110;56464;4.2;2.2
59;2021-03-02;4793;569;113903;57033;4.4;2.2
59;2021-03-03;5747;999;119650;58032;4.6;2.2
59;2021-03-04;7082;944;126732;58976;4.9;2.3
59;2021-03-05;7827;980;134559;59956;5.2;2.3
59;2021-03-06;11558;525;146117;60481;5.6;2.3
59;2021-03-07;7584;345;153701;60826;5.9;2.3
59;2021-03-08;4496;1094;158197;61920;6.1;2.4
59;2021-03-09;6584;1419;164781;63339;6.4;2.4
59;2021-03-10;7023;1193;171804;64532;6.6;2.5
59;2021-03-11;9469;1868;181273;66400;7.0;2.6
59;2021-03-12;12147;1542;193420;67942;7.5;2.6
59;2021-03-13;16552;1071;209972;69013;8.1;2.7
59;2021-03-14;6960;318;216932;69331;8.4;2.7
59;2021-03-15;5612;1505;222544;70836;8.6;2.7
59;2021-03-16;3739;1326;226283;72162;8.7;2.8
59;2021-03-17;3853;2097;230136;74259;8.9;2.9
59;2021-03-18;3957;2494;234093;76753;9.0;3.0
59;2021-03-19;7740;1823;241833;78576;9.3;3.0
59;2021-03-20;16021;1266;257854;79842;10.0;3.1
59;2021-03-21;6315;438;264169;80280;10.2;3.1
59;2021-03-22;5446;1771;269615;82051;10.4;3.2
59;2021-03-23;7768;2815;277383;84866;10.7;3.3
59;2021-03-24;6860;2965;284243;87831;11.0;3.4
59;2021-03-25;10531;2539;294774;90370;11.4;3.5
59;2021-03-26;12248;2835;307022;93205;11.9;3.6
59;2021-03-27;15276;1124;322298;94329;12.4;3.6
59;2021-03-28;7984;349;330282;94678;12.8;3.7
59;2021-03-29;5494;3198;335776;97876;13.0;3.8
59;2021-03-30;7538;3749;343314;101625;13.3;3.9
59;2021-03-31;6154;4103;349468;105728;13.5;4.1
59;2021-04-01;7489;4913;356957;110641;13.8;4.3
59;2021-04-02;7647;5524;364604;116165;14.1;4.5
59;2021-04-03;13015;4300;377619;120465;14.6;4.7
59;2021-04-04;5348;2182;382967;122647;14.8;4.7
59;2021-04-05;6010;1534;388977;124181;15.0;4.8
59;2021-04-06;5402;4494;394379;128675;15.2;5.0
59;2021-04-07;7624;5434;402003;134109;15.5;5.2
59;2021-04-08;10390;5762;412393;139871;15.9;5.4
59;2021-04-09;13420;5924;425813;145795;16.4;5.6
59;2021-04-10;11476;6137;437289;151932;16.9;5.9
59;2021-04-11;4634;3567;441923;155499;17.1;6.0
59;2021-04-12;6305;4351;448228;159850;17.3;6.2
59;2021-04-13;8934;4794;457162;164644;17.7;6.4
59;2021-04-14;8789;4336;465951;168980;18.0;6.5
59;2021-04-15;10306;4841;476257;173821;18.4;6.7
59;2021-04-16;10882;5503;487139;179324;18.8;6.9
59;2021-04-17;7299;9080;494438;188404;19.1;7.3
59;2021-04-18;3231;4170;497669;192574;19.2;7.4
59;2021-04-19;5045;4301;502714;196875;19.4;7.6
59;2021-04-20;6895;4213;509609;201088;19.7;7.8
59;2021-04-21;6273;4429;515882;205517;19.9;7.9
59;2021-04-22;8609;5507;524491;211024;20.3;8.2
59;2021-04-23;8453;5685;532944;216709;20.6;8.4
59;2021-04-24;5535;8066;538479;224775;20.8;8.7
59;2021-04-25;3242;6082;541721;230857;20.9;8.9
59;2021-04-26;6493;3794;548214;234651;21.2;9.1
59;2021-04-27;8359;5196;556573;239847;21.5;9.3
59;2021-04-28;8772;6574;565345;246421;21.8;9.5
59;2021-04-29;9411;8574;574756;254995;22.2;9.8
59;2021-04-30;10603;8546;585359;263541;22.6;10.2
59;2021-05-01;11998;7593;597357;271134;23.1;10.5
59;2021-05-02;8645;5992;606002;277126;23.4;10.7
59;2021-05-03;9554;5066;615556;282192;23.8;10.9
59;2021-05-04;11424;6012;626980;288204;24.2;11.1
59;2021-05-05;10294;6218;637274;294422;24.6;11.4
59;2021-05-06;11195;8463;648469;302885;25.0;11.7
59;2021-05-07;13297;9628;661766;312513;25.6;12.1
59;2021-05-08;14742;4161;676508;316674;26.1;12.2
59;2021-05-09;11491;3339;687999;320013;26.6;12.4
59;2021-05-10;12742;6646;700741;326659;27.1;12.6
59;2021-05-11;15112;8344;715853;335003;27.6;12.9
59;2021-05-12;16627;8645;732480;343648;28.3;13.3
59;2021-05-13;18442;3453;750922;347101;29.0;13.4
59;2021-05-14;15779;6968;766701;354069;29.6;13.7
59;2021-05-15;23444;5303;790145;359372;30.5;13.9
59;2021-05-16;21182;2408;811327;361780;31.3;14.0
59;2021-05-17;15072;5274;826399;367054;31.9;14.2
59;2021-05-18;16926;5673;843325;372727;32.6;14.4
59;2021-05-19;18319;5103;861644;377830;33.3;14.6
59;2021-05-20;17930;7018;879574;384848;34.0;14.9
59;2021-05-21;18371;8301;897945;393149;34.7;15.2
59;2021-05-22;23815;5694;921760;398843;35.6;15.4
59;2021-05-23;17922;2269;939682;401112;36.3;15.5
59;2021-05-24;16688;2130;956370;403242;36.9;15.6
59;2021-05-25;14991;6678;971361;409920;37.5;15.8
59;2021-05-26;15892;7050;987253;416970;38.1;16.1
59;2021-05-27;16147;9181;1003400;426151;38.8;16.5
59;2021-05-28;15887;11474;1019287;437625;39.4;16.9
59;2021-05-29;14372;8724;1033659;446349;39.9;17.2
59;2021-05-30;8406;1845;1042065;448194;40.2;17.3
59;2021-05-31;14202;7972;1056267;456166;40.8;17.6
59;2021-06-01;15091;10425;1071358;466591;41.4;18.0
59;2021-06-02;14765;9945;1086123;476536;42.0;18.4
59;2021-06-03;15626;12145;1101749;488681;42.6;18.9
59;2021-06-04;15605;13500;1117354;502181;43.2;19.4
59;2021-06-05;14980;9342;1132334;511523;43.7;19.8
59;2021-06-06;8830;3205;1141164;514728;44.1;19.9
59;2021-06-07;10526;9446;1151690;524174;44.5;20.2
59;2021-06-08;11760;11097;1163450;535271;44.9;20.7
59;2021-06-09;10765;11918;1174215;547189;45.4;21.1
59;2021-06-10;11497;12342;1185712;559531;45.8;21.6
59;2021-06-11;10975;16018;1196687;575549;46.2;22.2
59;2021-06-12;11077;13683;1207764;589232;46.7;22.8
59;2021-06-13;6340;7032;1214104;596264;46.9;23.0
59;2021-06-14;6504;12699;1220608;608963;47.1;23.5
59;2021-06-15;8239;15953;1228847;624916;47.5;24.1
59;2021-06-16;9203;13556;1238050;638472;47.8;24.7
59;2021-06-17;9188;15658;1247238;654130;48.2;25.3
59;2021-06-18;9081;20054;1256319;674184;48.5;26.0
59;2021-06-19;8954;17488;1265273;691672;48.9;26.7
59;2021-06-20;4900;10190;1270173;701862;49.1;27.1
59;2021-06-21;5277;15971;1275450;717833;49.3;27.7
59;2021-06-22;6332;18687;1281782;736520;49.5;28.4
59;2021-06-23;6166;19086;1287948;755606;49.7;29.2
59;2021-06-24;7333;20538;1295281;776144;50.0;30.0
59;2021-06-25;6507;21211;1301788;797355;50.3;30.8
59;2021-06-26;6485;23758;1308273;821113;50.5;31.7
59;2021-06-27;4756;17078;1313029;838191;50.7;32.4
59;2021-06-28;5002;19829;1318031;858020;50.9;33.1
59;2021-06-29;5553;20373;1323584;878393;51.1;33.9
59;2021-06-30;6134;20099;1329718;898492;51.4;34.7
59;2021-07-01;6785;20842;1336503;919334;51.6;35.5
59;2021-07-02;6831;23248;1343334;942582;51.9;36.4
59;2021-07-03;5559;24618;1348893;967200;52.1;37.4
59;2021-07-04;4415;15980;1353308;983180;52.3;38.0
59;2021-07-05;5664;17490;1358972;1000670;52.5;38.7
59;2021-07-06;6597;18812;1365569;1019482;52.7;39.4
59;2021-07-07;6941;17462;1372510;1036944;53.0;40.1
59;2021-07-08;8014;17702;1380524;1054646;53.3;40.7
59;2021-07-09;7698;20304;1388222;1074950;53.6;41.5
59;2021-07-10;7437;18540;1395659;1093490;53.9;42.2
59;2021-07-11;4452;10228;1400111;1103718;54.1;42.6
59;2021-07-12;5905;18040;1406016;1121758;54.3;43.3
59;2021-07-13;9896;20759;1415912;1142517;54.7;44.1
59;2021-07-14;9780;8461;1425692;1150978;55.1;44.5
59;2021-07-15;11624;20417;1437316;1171395;55.5;45.2
59;2021-07-16;13203;20511;1450519;1191906;56.0;46.0
59;2021-07-17;12382;17459;1462901;1209365;56.5;46.7
59;2021-07-18;7949;8680;1470850;1218045;56.8;47.0
59;2021-07-19;10381;16449;1481231;1234494;57.2;47.7
59;2021-07-20;13378;17124;1494609;1251618;57.7;48.3
59;2021-07-21;14501;15587;1509110;1267205;58.3;48.9
59;2021-07-22;17022;15202;1526132;1282407;58.9;49.5
59;2021-07-23;15691;15833;1541823;1298240;59.6;50.1
59;2021-07-24;16325;12276;1558148;1310516;60.2;50.6
59;2021-07-25;11901;7318;1570049;1317834;60.6;50.9
59;2021-07-26;13011;12608;1583060;1330442;61.1;51.4
59;2021-07-27;16123;11949;1599183;1342391;61.8;51.9
59;2021-07-28;17363;11635;1616546;1354026;62.4;52.3
59;2021-07-29;17330;11656;1633876;1365682;63.1;52.7
59;2021-07-30;15859;11591;1649735;1377273;63.7;53.2
59;2021-07-31;13929;9161;1663664;1386434;64.3;53.6
59;2021-08-01;9927;4526;1673591;1390960;64.6;53.7
59;2021-08-02;12069;10000;1685660;1400960;65.1;54.1
59;2021-08-03;13348;10028;1699008;1410988;65.6;54.5
59;2021-08-04;11175;8264;1710183;1419252;66.1;54.8
59;2021-08-05;12653;9775;1722836;1429027;66.5;55.2
59;2021-08-06;12452;11025;1735288;1440052;67.0;55.6
59;2021-08-07;9689;9276;1744977;1449328;67.4;56.0
59;2021-08-08;6927;5235;1751904;1454563;67.7;56.2
59;2021-08-09;8364;10789;1760268;1465352;68.0;56.6
59;2021-08-10;10340;10753;1770608;1476105;68.4;57.0
59;2021-08-11;8624;9297;1779232;1485402;68.7;57.4
59;2021-08-12;8960;12031;1788192;1497433;69.1;57.8
59;2021-08-13;8391;11685;1796583;1509118;69.4;58.3
59;2021-08-14;5901;10354;1802484;1519472;69.6;58.7
59;2021-08-15;3355;4648;1805839;1524120;69.8;58.9
59;2021-08-16;5824;13829;1811663;1537949;70.0;59.4
59;2021-08-17;6859;12719;1818522;1550668;70.2;59.9
60;2020-12-27;0;0;0;0;0.0;0.0
60;2020-12-28;0;0;0;0;0.0;0.0
60;2020-12-29;1;0;1;0;0.0;0.0
60;2020-12-30;0;0;1;0;0.0;0.0
60;2020-12-31;0;0;1;0;0.0;0.0
60;2021-01-01;0;0;1;0;0.0;0.0
60;2021-01-02;5;0;6;0;0.0;0.0
60;2021-01-03;1;0;7;0;0.0;0.0
60;2021-01-04;1;0;8;0;0.0;0.0
60;2021-01-05;37;0;45;0;0.0;0.0
60;2021-01-06;188;4;233;4;0.0;0.0
60;2021-01-07;236;4;469;8;0.1;0.0
60;2021-01-08;380;3;849;11;0.1;0.0
60;2021-01-09;3;0;852;11;0.1;0.0
60;2021-01-10;60;0;912;11;0.1;0.0
60;2021-01-11;342;2;1254;13;0.2;0.0
60;2021-01-12;534;2;1788;15;0.2;0.0
60;2021-01-13;476;5;2264;20;0.3;0.0
60;2021-01-14;507;6;2771;26;0.3;0.0
60;2021-01-15;700;6;3471;32;0.4;0.0
60;2021-01-16;124;1;3595;33;0.4;0.0
60;2021-01-17;31;0;3626;33;0.4;0.0
60;2021-01-18;859;5;4485;38;0.5;0.0
60;2021-01-19;1175;10;5660;48;0.7;0.0
60;2021-01-20;1697;13;7357;61;0.9;0.0
60;2021-01-21;2189;10;9546;71;1.2;0.0
60;2021-01-22;1524;14;11070;85;1.3;0.0
60;2021-01-23;499;4;11569;89;1.4;0.0
60;2021-01-24;61;1;11630;90;1.4;0.0
60;2021-01-25;895;14;12525;104;1.5;0.0
60;2021-01-26;950;14;13475;118;1.6;0.0
60;2021-01-27;643;8;14118;126;1.7;0.0
60;2021-01-28;395;169;14513;295;1.8;0.0
60;2021-01-29;77;106;14590;401;1.8;0.0
60;2021-01-30;0;1;14590;402;1.8;0.0
60;2021-01-31;22;61;14612;463;1.8;0.1
60;2021-02-01;38;108;14650;571;1.8;0.1
60;2021-02-02;26;159;14676;730;1.8;0.1
60;2021-02-03;162;237;14838;967;1.8;0.1
60;2021-02-04;170;341;15008;1308;1.8;0.2
60;2021-02-05;313;477;15321;1785;1.9;0.2
60;2021-02-06;63;79;15384;1864;1.9;0.2
60;2021-02-07;31;32;15415;1896;1.9;0.2
60;2021-02-08;328;517;15743;2413;1.9;0.3
60;2021-02-09;317;469;16060;2882;1.9;0.3
60;2021-02-10;553;993;16613;3875;2.0;0.5
60;2021-02-11;935;1130;17548;5005;2.1;0.6
60;2021-02-12;912;858;18460;5863;2.2;0.7
60;2021-02-13;90;309;18550;6172;2.2;0.7
60;2021-02-14;24;91;18574;6263;2.3;0.8
60;2021-02-15;613;810;19187;7073;2.3;0.9
60;2021-02-16;580;926;19767;7999;2.4;1.0
60;2021-02-17;632;930;20399;8929;2.5;1.1
60;2021-02-18;684;827;21083;9756;2.6;1.2
60;2021-02-19;641;767;21724;10523;2.6;1.3
60;2021-02-20;104;190;21828;10713;2.6;1.3
60;2021-02-21;22;121;21850;10834;2.6;1.3
60;2021-02-22;461;875;22311;11709;2.7;1.4
60;2021-02-23;533;789;22844;12498;2.8;1.5
60;2021-02-24;794;553;23638;13051;2.9;1.6
60;2021-02-25;1095;310;24733;13361;3.0;1.6
60;2021-02-26;1298;190;26031;13551;3.2;1.6
60;2021-02-27;666;36;26697;13587;3.2;1.6
60;2021-02-28;7;10;26704;13597;3.2;1.6
60;2021-03-01;893;49;27597;13646;3.3;1.7
60;2021-03-02;1013;166;28610;13812;3.5;1.7
60;2021-03-03;1321;450;29931;14262;3.6;1.7
60;2021-03-04;1724;517;31655;14779;3.8;1.8
60;2021-03-05;1820;289;33475;15068;4.1;1.8
60;2021-03-06;1919;137;35394;15205;4.3;1.8
60;2021-03-07;885;31;36279;15236;4.4;1.8
60;2021-03-08;978;317;37257;15553;4.5;1.9
60;2021-03-09;1642;357;38899;15910;4.7;1.9
60;2021-03-10;1937;431;40836;16341;4.9;2.0
60;2021-03-11;2324;384;43160;16725;5.2;2.0
60;2021-03-12;2592;543;45752;17268;5.5;2.1
60;2021-03-13;3837;210;49589;17478;6.0;2.1
60;2021-03-14;1779;58;51368;17536;6.2;2.1
60;2021-03-15;2091;502;53459;18038;6.5;2.2
60;2021-03-16;1583;625;55042;18663;6.7;2.3
60;2021-03-17;1659;619;56701;19282;6.9;2.3
60;2021-03-18;1759;738;58460;20020;7.1;2.4
60;2021-03-19;2591;529;61051;20549;7.4;2.5
60;2021-03-20;3239;189;64290;20738;7.8;2.5
60;2021-03-21;2125;99;66415;20837;8.0;2.5
60;2021-03-22;2132;712;68547;21549;8.3;2.6
60;2021-03-23;3307;728;71854;22277;8.7;2.7
60;2021-03-24;3069;878;74923;23155;9.1;2.8
60;2021-03-25;3849;849;78772;24004;9.5;2.9
60;2021-03-26;4216;875;82988;24879;10.1;3.0
60;2021-03-27;4141;313;87129;25192;10.6;3.1
60;2021-03-28;2448;81;89577;25273;10.9;3.1
60;2021-03-29;2608;1086;92185;26359;11.2;3.2
60;2021-03-30;3285;1075;95470;27434;11.6;3.3
60;2021-03-31;2669;1147;98139;28581;11.9;3.5
60;2021-04-01;2562;1107;100701;29688;12.2;3.6
60;2021-04-02;3307;1102;104008;30790;12.6;3.7
60;2021-04-03;3170;1014;107178;31804;13.0;3.9
60;2021-04-04;875;483;108053;32287;13.1;3.9
60;2021-04-05;458;81;108511;32368;13.2;3.9
60;2021-04-06;1965;1626;110476;33994;13.4;4.1
60;2021-04-07;1985;1749;112461;35743;13.6;4.3
60;2021-04-08;2612;1492;115073;37235;13.9;4.5
60;2021-04-09;2997;1519;118070;38754;14.3;4.7
60;2021-04-10;2928;1588;120998;40342;14.7;4.9
60;2021-04-11;1049;997;122047;41339;14.8;5.0
60;2021-04-12;2047;1722;124094;43061;15.0;5.2
60;2021-04-13;2747;1784;126841;44845;15.4;5.4
60;2021-04-14;3129;1816;129970;46661;15.8;5.7
60;2021-04-15;3545;1890;133515;48551;16.2;5.9
60;2021-04-16;3287;1950;136802;50501;16.6;6.1
60;2021-04-17;2848;2170;139650;52671;16.9;6.4
60;2021-04-18;573;1834;140223;54505;17.0;6.6
60;2021-04-19;1742;2213;141965;56718;17.2;6.9
60;2021-04-20;2128;2678;144093;59396;17.5;7.2
60;2021-04-21;2653;2208;146746;61604;17.8;7.5
60;2021-04-22;2630;2511;149376;64115;18.1;7.8
60;2021-04-23;2647;2503;152023;66618;18.4;8.1
60;2021-04-24;2471;3458;154494;70076;18.7;8.5
60;2021-04-25;1161;1964;155655;72040;18.9;8.7
60;2021-04-26;1890;2528;157545;74568;19.1;9.0
60;2021-04-27;2310;2846;159855;77414;19.4;9.4
60;2021-04-28;3061;2398;162916;79812;19.7;9.7
60;2021-04-29;3153;2627;166069;82439;20.1;10.0
60;2021-04-30;3459;2970;169528;85409;20.5;10.4
60;2021-05-01;2355;1123;171883;86532;20.8;10.5
60;2021-05-02;2147;843;174030;87375;21.1;10.6
60;2021-05-03;2955;1852;176985;89227;21.5;10.8
60;2021-05-04;3018;2357;180003;91584;21.8;11.1
60;2021-05-05;3257;2808;183260;94392;22.2;11.4
60;2021-05-06;3648;2479;186908;96871;22.7;11.7
60;2021-05-07;3986;2524;190894;99395;23.1;12.0
60;2021-05-08;3584;974;194478;100369;23.6;12.2
60;2021-05-09;3459;951;197937;101320;24.0;12.3
60;2021-05-10;2391;2294;200328;103614;24.3;12.6
60;2021-05-11;3667;2469;203995;106083;24.7;12.9
60;2021-05-12;4718;2548;208713;108631;25.3;13.2
60;2021-05-13;5292;1127;214005;109758;25.9;13.3
60;2021-05-14;5604;1810;219609;111568;26.6;13.5
60;2021-05-15;6173;1715;225782;113283;27.4;13.7
60;2021-05-16;4861;689;230643;113972;28.0;13.8
60;2021-05-17;3716;1675;234359;115647;28.4;14.0
60;2021-05-18;4048;2080;238407;117727;28.9;14.3
60;2021-05-19;5096;1853;243503;119580;29.5;14.5
60;2021-05-20;5458;1793;248961;121373;30.2;14.7
60;2021-05-21;5973;1976;254934;123349;30.9;14.9
60;2021-05-22;5355;1981;260289;125330;31.5;15.2
60;2021-05-23;4267;655;264556;125985;32.1;15.3
60;2021-05-24;2951;533;267507;126518;32.4;15.3
60;2021-05-25;4138;2003;271645;128521;32.9;15.6
60;2021-05-26;4465;1833;276110;130354;33.5;15.8
60;2021-05-27;4613;1997;280723;132351;34.0;16.0
60;2021-05-28;4627;2511;285350;134862;34.6;16.3
60;2021-05-29;4612;2274;289962;137136;35.1;16.6
60;2021-05-30;1086;351;291048;137487;35.3;16.7
60;2021-05-31;3830;2081;294878;139568;35.7;16.9
60;2021-06-01;4443;2852;299321;142420;36.3;17.3
60;2021-06-02;3911;2449;303232;144869;36.8;17.6
60;2021-06-03;3906;2380;307138;147249;37.2;17.8
60;2021-06-04;4654;2907;311792;150156;37.8;18.2
60;2021-06-05;4303;3420;316095;153576;38.3;18.6
60;2021-06-06;2157;795;318252;154371;38.6;18.7
60;2021-06-07;2777;2756;321029;157127;38.9;19.0
60;2021-06-08;3802;3010;324831;160137;39.4;19.4
60;2021-06-09;3243;3399;328074;163536;39.8;19.8
60;2021-06-10;3452;3367;331526;166903;40.2;20.2
60;2021-06-11;3881;4197;335407;171100;40.7;20.7
60;2021-06-12;3779;4277;339186;175377;41.1;21.3
60;2021-06-13;1156;2224;340342;177601;41.2;21.5
60;2021-06-14;1907;3305;342249;180906;41.5;21.9
60;2021-06-15;3014;4165;345263;185071;41.8;22.4
60;2021-06-16;3252;4491;348515;189562;42.2;23.0
60;2021-06-17;2978;4786;351493;194348;42.6;23.6
60;2021-06-18;2986;4605;354479;198953;43.0;24.1
60;2021-06-19;3142;4725;357621;203678;43.3;24.7
60;2021-06-20;1430;1934;359051;205612;43.5;24.9
60;2021-06-21;1408;4039;360459;209651;43.7;25.4
60;2021-06-22;1760;5292;362219;214943;43.9;26.1
60;2021-06-23;1862;5239;364081;220182;44.1;26.7
60;2021-06-24;1804;5604;365885;225786;44.3;27.4
60;2021-06-25;1903;5727;367788;231513;44.6;28.1
60;2021-06-26;1857;6980;369645;238493;44.8;28.9
60;2021-06-27;714;2594;370359;241087;44.9;29.2
60;2021-06-28;1781;4140;372140;245227;45.1;29.7
60;2021-06-29;2012;5466;374152;250693;45.3;30.4
60;2021-06-30;2298;5357;376450;256050;45.6;31.0
60;2021-07-01;1888;4919;378338;260969;45.9;31.6
60;2021-07-02;2368;5882;380706;266851;46.1;32.3
60;2021-07-03;2402;6166;383108;273017;46.4;33.1
60;2021-07-04;792;2726;383900;275743;46.5;33.4
60;2021-07-05;1657;4401;385557;280144;46.7;34.0
60;2021-07-06;2140;4500;387697;284644;47.0;34.5
60;2021-07-07;2171;5120;389868;289764;47.3;35.1
60;2021-07-08;2673;4692;392541;294456;47.6;35.7
60;2021-07-09;2639;5560;395180;300016;47.9;36.4
60;2021-07-10;2581;5876;397761;305892;48.2;37.1
60;2021-07-11;1214;1944;398975;307836;48.4;37.3
60;2021-07-12;1432;4741;400407;312577;48.5;37.9
60;2021-07-13;2909;5019;403316;317596;48.9;38.5
60;2021-07-14;2576;1408;405892;319004;49.2;38.7
60;2021-07-15;3428;4871;409320;323875;49.6;39.3
60;2021-07-16;3695;5242;413015;329117;50.1;39.9
60;2021-07-17;4073;5138;417088;334255;50.6;40.5
60;2021-07-18;2180;2127;419268;336382;50.8;40.8
60;2021-07-19;2537;3894;421805;340276;51.1;41.2
60;2021-07-20;4184;4903;425989;345179;51.6;41.8
60;2021-07-21;4334;4277;430323;349456;52.2;42.4
60;2021-07-22;4622;4334;434945;353790;52.7;42.9
60;2021-07-23;4969;4896;439914;358686;53.3;43.5
60;2021-07-24;4302;4668;444216;363354;53.8;44.0
60;2021-07-25;2598;1826;446814;365180;54.2;44.3
60;2021-07-26;3367;3761;450181;368941;54.6;44.7
60;2021-07-27;4415;4633;454596;373574;55.1;45.3
60;2021-07-28;4524;3758;459120;377332;55.6;45.7
60;2021-07-29;4891;3706;464011;381038;56.2;46.2
60;2021-07-30;5002;4251;469013;385289;56.8;46.7
60;2021-07-31;4046;3958;473059;389247;57.3;47.2
60;2021-08-01;1680;859;474739;390106;57.5;47.3
60;2021-08-02;3161;2747;477900;392853;57.9;47.6
60;2021-08-03;3574;2889;481474;395742;58.4;48.0
60;2021-08-04;3290;2789;484764;398531;58.8;48.3
60;2021-08-05;3017;2254;487781;400785;59.1;48.6
60;2021-08-06;3812;3056;491593;403841;59.6;48.9
60;2021-08-07;3362;3069;494955;406910;60.0;49.3
60;2021-08-08;1532;902;496487;407812;60.2;49.4
60;2021-08-09;2192;2864;498679;410676;60.4;49.8
60;2021-08-10;3259;3300;501938;413976;60.8;50.2
60;2021-08-11;2778;3223;504716;417199;61.2;50.6
60;2021-08-12;2346;2654;507062;419853;61.5;50.9
60;2021-08-13;2735;2989;509797;422842;61.8;51.2
60;2021-08-14;2522;2717;512319;425559;62.1;51.6
60;2021-08-15;1358;544;513677;426103;62.3;51.6
60;2021-08-16;2035;3762;515712;429865;62.5;52.1
60;2021-08-17;2333;3802;518045;433667;62.8;52.6
61;2020-12-27;0;0;0;0;0.0;0.0
61;2020-12-28;0;0;0;0;0.0;0.0
61;2020-12-29;0;0;0;0;0.0;0.0
61;2020-12-30;0;0;0;0;0.0;0.0
61;2020-12-31;0;0;0;0;0.0;0.0
61;2021-01-01;1;0;1;0;0.0;0.0
61;2021-01-02;1;0;2;0;0.0;0.0
61;2021-01-03;0;0;2;0;0.0;0.0
61;2021-01-04;1;0;3;0;0.0;0.0
61;2021-01-05;3;0;6;0;0.0;0.0
61;2021-01-06;76;0;82;0;0.0;0.0
61;2021-01-07;175;2;257;2;0.1;0.0
61;2021-01-08;406;1;663;3;0.2;0.0
61;2021-01-09;165;1;828;4;0.3;0.0
61;2021-01-10;49;0;877;4;0.3;0.0
61;2021-01-11;396;1;1273;5;0.5;0.0
61;2021-01-12;680;2;1953;7;0.7;0.0
61;2021-01-13;739;1;2692;8;1.0;0.0
61;2021-01-14;529;8;3221;16;1.2;0.0
61;2021-01-15;538;4;3759;20;1.4;0.0
61;2021-01-16;289;1;4048;21;1.5;0.0
61;2021-01-17;844;7;4892;28;1.8;0.0
61;2021-01-18;1913;3;6805;31;2.5;0.0
61;2021-01-19;1323;4;8128;35;2.9;0.0
61;2021-01-20;683;0;8811;35;3.2;0.0
61;2021-01-21;844;1;9655;36;3.5;0.0
61;2021-01-22;764;1;10419;37;3.8;0.0
61;2021-01-23;256;2;10675;39;3.9;0.0
61;2021-01-24;228;0;10903;39;3.9;0.0
61;2021-01-25;578;2;11481;41;4.1;0.0
61;2021-01-26;557;0;12038;41;4.3;0.0
61;2021-01-27;569;14;12607;55;4.6;0.0
61;2021-01-28;464;53;13071;108;4.7;0.0
61;2021-01-29;479;204;13550;312;4.9;0.1
61;2021-01-30;212;3;13762;315;5.0;0.1
61;2021-01-31;106;0;13868;315;5.0;0.1
61;2021-02-01;430;190;14298;505;5.2;0.2
61;2021-02-02;387;424;14685;929;5.3;0.3
61;2021-02-03;412;490;15097;1419;5.5;0.5
61;2021-02-04;390;338;15487;1757;5.6;0.6
61;2021-02-05;538;361;16025;2118;5.8;0.8
61;2021-02-06;199;91;16224;2209;5.9;0.8
61;2021-02-07;45;200;16269;2409;5.9;0.9
61;2021-02-08;540;1408;16809;3817;6.1;1.4
61;2021-02-09;404;808;17213;4625;6.2;1.7
61;2021-02-10;277;559;17490;5184;6.3;1.9
61;2021-02-11;431;562;17921;5746;6.5;2.1
61;2021-02-12;402;737;18323;6483;6.6;2.3
61;2021-02-13;132;431;18455;6914;6.7;2.5
61;2021-02-14;2;314;18457;7228;6.7;2.6
61;2021-02-15;171;846;18628;8074;6.7;2.9
61;2021-02-16;203;681;18831;8755;6.8;3.2
61;2021-02-17;44;639;18875;9394;6.8;3.4
61;2021-02-18;161;526;19036;9920;6.9;3.6
61;2021-02-19;101;391;19137;10311;6.9;3.7
61;2021-02-20;40;240;19177;10551;6.9;3.8
61;2021-02-21;2;155;19179;10706;6.9;3.9
61;2021-02-22;88;566;19267;11272;7.0;4.1
61;2021-02-23;112;495;19379;11767;7.0;4.2
61;2021-02-24;173;572;19552;12339;7.1;4.5
61;2021-02-25;265;446;19817;12785;7.2;4.6
61;2021-02-26;266;464;20083;13249;7.3;4.8
61;2021-02-27;109;226;20192;13475;7.3;4.9
61;2021-02-28;4;121;20196;13596;7.3;4.9
61;2021-03-01;217;611;20413;14207;7.4;5.1
61;2021-03-02;148;699;20561;14906;7.4;5.4
61;2021-03-03;142;448;20703;15354;7.5;5.5
61;2021-03-04;431;446;21134;15800;7.6;5.7
61;2021-03-05;701;297;21835;16097;7.9;5.8
61;2021-03-06;435;230;22270;16327;8.0;5.9
61;2021-03-07;155;2;22425;16329;8.1;5.9
61;2021-03-08;299;314;22724;16643;8.2;6.0
61;2021-03-09;622;185;23346;16828;8.4;6.1
61;2021-03-10;672;186;24018;17014;8.7;6.1
61;2021-03-11;1121;129;25139;17143;9.1;6.2
61;2021-03-12;1467;102;26606;17245;9.6;6.2
61;2021-03-13;774;52;27380;17297;9.9;6.2
61;2021-03-14;226;5;27606;17302;10.0;6.2
61;2021-03-15;814;35;28420;17337;10.3;6.3
61;2021-03-16;720;22;29140;17359;10.5;6.3
61;2021-03-17;760;13;29900;17372;10.8;6.3
61;2021-03-18;857;24;30757;17396;11.1;6.3
61;2021-03-19;1026;49;31783;17445;11.5;6.3
61;2021-03-20;471;14;32254;17459;11.6;6.3
61;2021-03-21;71;2;32325;17461;11.7;6.3
61;2021-03-22;796;89;33121;17550;12.0;6.3
61;2021-03-23;920;39;34041;17589;12.3;6.4
61;2021-03-24;1372;67;35413;17656;12.8;6.4
61;2021-03-25;1875;63;37288;17719;13.5;6.4
61;2021-03-26;1798;41;39086;17760;14.1;6.4
61;2021-03-27;1083;19;40169;17779;14.5;6.4
61;2021-03-28;359;9;40528;17788;14.6;6.4
61;2021-03-29;1271;181;41799;17969;15.1;6.5
61;2021-03-30;1471;96;43270;18065;15.6;6.5
61;2021-03-31;1686;50;44956;18115;16.2;6.5
61;2021-04-01;2049;223;47005;18338;17.0;6.6
61;2021-04-02;1516;430;48521;18768;17.5;6.8
61;2021-04-03;638;288;49159;19056;17.8;6.9
61;2021-04-04;193;1;49352;19057;17.8;6.9
61;2021-04-05;532;8;49884;19065;18.0;6.9
61;2021-04-06;1354;620;51238;19685;18.5;7.1
61;2021-04-07;1697;664;52935;20349;19.1;7.3
61;2021-04-08;2268;828;55203;21177;19.9;7.6
61;2021-04-09;2138;837;57341;22014;20.7;8.0
61;2021-04-10;1534;485;58875;22499;21.3;8.1
61;2021-04-11;238;197;59113;22696;21.3;8.2
61;2021-04-12;1289;736;60402;23432;21.8;8.5
61;2021-04-13;1741;704;62143;24136;22.4;8.7
61;2021-04-14;1731;785;63874;24921;23.1;9.0
61;2021-04-15;2268;782;66142;25703;23.9;9.3
61;2021-04-16;2224;684;68366;26387;24.7;9.5
61;2021-04-17;1487;325;69853;26712;25.2;9.6
61;2021-04-18;538;99;70391;26811;25.4;9.7
61;2021-04-19;938;746;71329;27557;25.8;10.0
61;2021-04-20;1523;785;72852;28342;26.3;10.2
61;2021-04-21;1352;1040;74204;29382;26.8;10.6
61;2021-04-22;1293;1220;75497;30602;27.3;11.1
61;2021-04-23;1218;1151;76715;31753;27.7;11.5
61;2021-04-24;1437;816;78152;32569;28.2;11.8
61;2021-04-25;361;330;78513;32899;28.4;11.9
61;2021-04-26;670;1142;79183;34041;28.6;12.3
61;2021-04-27;1465;1144;80648;35185;29.1;12.7
61;2021-04-28;1387;1388;82035;36573;29.6;13.2
61;2021-04-29;1251;1861;83286;38434;30.1;13.9
61;2021-04-30;1721;1171;85007;39605;30.7;14.3
61;2021-05-01;788;320;85795;39925;31.0;14.4
61;2021-05-02;438;225;86233;40150;31.1;14.5
61;2021-05-03;843;1250;87076;41400;31.4;15.0
61;2021-05-04;1326;1752;88402;43152;31.9;15.6
61;2021-05-05;1013;2030;89415;45182;32.3;16.3
61;2021-05-06;1771;2211;91186;47393;32.9;17.1
61;2021-05-07;1376;1967;92562;49360;33.4;17.8
61;2021-05-08;927;471;93489;49831;33.8;18.0
61;2021-05-09;394;291;93883;50122;33.9;18.1
61;2021-05-10;988;1755;94871;51877;34.3;18.7
61;2021-05-11;1375;1516;96246;53393;34.8;19.3
61;2021-05-12;1868;1591;98114;54984;35.4;19.9
61;2021-05-13;889;489;99003;55473;35.8;20.0
61;2021-05-14;1851;1192;100854;56665;36.4;20.5
61;2021-05-15;2100;1119;102954;57784;37.2;20.9
61;2021-05-16;984;300;103938;58084;37.5;21.0
61;2021-05-17;1312;913;105250;58997;38.0;21.3
61;2021-05-18;2423;891;107673;59888;38.9;21.6
61;2021-05-19;2401;801;110074;60689;39.8;21.9
61;2021-05-20;2214;812;112288;61501;40.6;22.2
61;2021-05-21;2148;860;114436;62361;41.3;22.5
61;2021-05-22;1778;717;116214;63078;42.0;22.8
61;2021-05-23;714;53;116928;63131;42.2;22.8
61;2021-05-24;913;110;117841;63241;42.6;22.8
61;2021-05-25;1992;923;119833;64164;43.3;23.2
61;2021-05-26;2041;928;121874;65092;44.0;23.5
61;2021-05-27;2040;1095;123914;66187;44.7;23.9
61;2021-05-28;2052;1378;125966;67565;45.5;24.4
61;2021-05-29;1462;554;127428;68119;46.0;24.6
61;2021-05-30;450;44;127878;68163;46.2;24.6
61;2021-05-31;1560;937;129438;69100;46.7;25.0
61;2021-06-01;1876;1387;131314;70487;47.4;25.5
61;2021-06-02;1675;1136;132989;71623;48.0;25.9
61;2021-06-03;2248;1111;135237;72734;48.8;26.3
61;2021-06-04;1894;1344;137131;74078;49.5;26.8
61;2021-06-05;1667;1239;138798;75317;50.1;27.2
61;2021-06-06;318;230;139116;75547;50.2;27.3
61;2021-06-07;2188;869;141304;76416;51.0;27.6
61;2021-06-08;1846;1569;143150;77985;51.7;28.2
61;2021-06-09;1975;1184;145125;79169;52.4;28.6
61;2021-06-10;1973;1192;147098;80361;53.1;29.0
61;2021-06-11;1821;1580;148919;81941;53.8;29.6
61;2021-06-12;1423;998;150342;82939;54.3;30.0
61;2021-06-13;340;377;150682;83316;54.4;30.1
61;2021-06-14;1106;1189;151788;84505;54.8;30.5
61;2021-06-15;1212;1695;153000;86200;55.3;31.1
61;2021-06-16;1112;1363;154112;87563;55.7;31.6
61;2021-06-17;1019;1729;155131;89292;56.0;32.2
61;2021-06-18;1521;1668;156652;90960;56.6;32.8
61;2021-06-19;1244;1303;157896;92263;57.0;33.3
61;2021-06-20;289;345;158185;92608;57.1;33.4
61;2021-06-21;808;1630;158993;94238;57.4;34.0
61;2021-06-22;1023;1683;160016;95921;57.8;34.6
61;2021-06-23;967;2438;160983;98359;58.1;35.5
61;2021-06-24;650;1359;161633;99718;58.4;36.0
61;2021-06-25;839;2168;162472;101886;58.7;36.8
61;2021-06-26;625;1952;163097;103838;58.9;37.5
61;2021-06-27;139;799;163236;104637;59.0;37.8
61;2021-06-28;478;2247;163714;106884;59.1;38.6
61;2021-06-29;699;2858;164413;109742;59.4;39.6
61;2021-06-30;771;2462;165184;112204;59.7;40.5
61;2021-07-01;633;1693;165817;113897;59.9;41.1
61;2021-07-02;841;2497;166658;116394;60.2;42.0
61;2021-07-03;416;1911;167074;118305;60.3;42.7
61;2021-07-04;75;637;167149;118942;60.4;43.0
61;2021-07-05;684;1774;167833;120716;60.6;43.6
61;2021-07-06;990;2796;168823;123512;61.0;44.6
61;2021-07-07;734;2362;169557;125874;61.2;45.5
61;2021-07-08;840;1945;170397;127819;61.5;46.2
61;2021-07-09;721;2375;171118;130194;61.8;47.0
61;2021-07-10;464;1771;171582;131965;62.0;47.7
61;2021-07-11;244;489;171826;132454;62.1;47.8
61;2021-07-12;436;2291;172262;134745;62.2;48.7
61;2021-07-13;644;2489;172906;137234;62.4;49.6
61;2021-07-14;149;334;173055;137568;62.5;49.7
61;2021-07-15;811;2815;173866;140383;62.8;50.7
61;2021-07-16;967;2574;174833;142957;63.1;51.6
61;2021-07-17;703;2231;175536;145188;63.4;52.4
61;2021-07-18;338;368;175874;145556;63.5;52.6
61;2021-07-19;935;2403;176809;147959;63.9;53.4
61;2021-07-20;1320;2358;178129;150317;64.3;54.3
61;2021-07-21;1500;2182;179629;152499;64.9;55.1
61;2021-07-22;1751;2189;181380;154688;65.5;55.9
61;2021-07-23;1791;2306;183171;156994;66.1;56.7
61;2021-07-24;1450;2004;184621;158998;66.7;57.4
61;2021-07-25;324;394;184945;159392;66.8;57.6
61;2021-07-26;1248;1932;186193;161324;67.2;58.3
61;2021-07-27;2409;1584;188602;162908;68.1;58.8
61;2021-07-28;2436;1350;191038;164258;69.0;59.3
61;2021-07-29;2540;1571;193578;165829;69.9;59.9
61;2021-07-30;2381;1392;195959;167221;70.8;60.4
61;2021-07-31;1277;1298;197236;168519;71.2;60.9
61;2021-08-01;495;259;197731;168778;71.4;61.0
61;2021-08-02;1898;1117;199629;169895;72.1;61.4
61;2021-08-03;2444;911;202073;170806;73.0;61.7
61;2021-08-04;2336;780;204409;171586;73.8;62.0
61;2021-08-05;1893;988;206302;172574;74.5;62.3
61;2021-08-06;2145;1156;208447;173730;75.3;62.7
61;2021-08-07;1414;796;209861;174526;75.8;63.0
61;2021-08-08;444;263;210305;174789;75.9;63.1
61;2021-08-09;1298;1108;211603;175897;76.4;63.5
61;2021-08-10;1314;1103;212917;177000;76.9;63.9
61;2021-08-11;1116;1253;214033;178253;77.3;64.4
61;2021-08-12;1023;1320;215056;179573;77.7;64.9
61;2021-08-13;862;1604;215918;181177;78.0;65.4
61;2021-08-14;712;853;216630;182030;78.2;65.7
61;2021-08-15;93;184;216723;182214;78.3;65.8
61;2021-08-16;909;1539;217632;183753;78.6;66.4
61;2021-08-17;1144;1691;218776;185444;79.0;67.0
62;2020-12-27;2;0;2;0;0.0;0.0
62;2020-12-28;2;0;4;0;0.0;0.0
62;2020-12-29;0;0;4;0;0.0;0.0
62;2020-12-30;0;0;4;0;0.0;0.0
62;2020-12-31;0;0;4;0;0.0;0.0
62;2021-01-01;0;0;4;0;0.0;0.0
62;2021-01-02;0;0;4;0;0.0;0.0
62;2021-01-03;0;0;4;0;0.0;0.0
62;2021-01-04;2;0;6;0;0.0;0.0
62;2021-01-05;47;0;53;0;0.0;0.0
62;2021-01-06;123;0;176;0;0.0;0.0
62;2021-01-07;351;0;527;0;0.0;0.0
62;2021-01-08;712;6;1239;6;0.1;0.0
62;2021-01-09;164;1;1403;7;0.1;0.0
62;2021-01-10;84;0;1487;7;0.1;0.0
62;2021-01-11;555;1;2042;8;0.1;0.0
62;2021-01-12;1249;1;3291;9;0.2;0.0
62;2021-01-13;1138;6;4429;15;0.3;0.0
62;2021-01-14;1387;8;5816;23;0.4;0.0
62;2021-01-15;1295;8;7111;31;0.5;0.0
62;2021-01-16;308;3;7419;34;0.5;0.0
62;2021-01-17;107;1;7526;35;0.5;0.0
62;2021-01-18;1664;10;9190;45;0.6;0.0
62;2021-01-19;2103;5;11293;50;0.8;0.0
62;2021-01-20;2055;6;13348;56;0.9;0.0
62;2021-01-21;2229;5;15577;61;1.1;0.0
62;2021-01-22;1833;9;17410;70;1.2;0.0
62;2021-01-23;512;1;17922;71;1.2;0.0
62;2021-01-24;0;0;17922;71;1.2;0.0
62;2021-01-25;1281;7;19203;78;1.3;0.0
62;2021-01-26;1542;15;20745;93;1.4;0.0
62;2021-01-27;1493;174;22238;267;1.5;0.0
62;2021-01-28;4153;349;26391;616;1.8;0.0
62;2021-01-29;2025;334;28416;950;2.0;0.1
62;2021-01-30;159;152;28575;1102;2.0;0.1
62;2021-01-31;22;3;28597;1105;2.0;0.1
62;2021-02-01;46;359;28643;1464;2.0;0.1
62;2021-02-02;59;787;28702;2251;2.0;0.2
62;2021-02-03;44;629;28746;2880;2.0;0.2
62;2021-02-04;81;815;28827;3695;2.0;0.3
62;2021-02-05;80;751;28907;4446;2.0;0.3
62;2021-02-06;27;193;28934;4639;2.0;0.3
62;2021-02-07;237;28;29171;4667;2.0;0.3
62;2021-02-08;130;844;29301;5511;2.0;0.4
62;2021-02-09;226;1097;29527;6608;2.0;0.5
62;2021-02-10;384;1172;29911;7780;2.1;0.5
62;2021-02-11;723;1004;30634;8784;2.1;0.6
62;2021-02-12;965;782;31599;9566;2.2;0.7
62;2021-02-13;159;269;31758;9835;2.2;0.7
62;2021-02-14;0;0;31758;9835;2.2;0.7
62;2021-02-15;665;1274;32423;11109;2.2;0.8
62;2021-02-16;920;1785;33343;12894;2.3;0.9
62;2021-02-17;1074;2117;34417;15011;2.4;1.0
62;2021-02-18;2215;3794;36632;18805;2.5;1.3
62;2021-02-19;2307;2541;38939;21346;2.7;1.5
62;2021-02-20;613;478;39552;21824;2.7;1.5
62;2021-02-21;87;49;39639;21873;2.7;1.5
62;2021-02-22;847;970;40486;22843;2.8;1.6
62;2021-02-23;1419;1218;41905;24061;2.9;1.7
62;2021-02-24;1546;648;43451;24709;3.0;1.7
62;2021-02-25;3169;418;46620;25127;3.2;1.7
62;2021-02-26;2910;344;49530;25471;3.4;1.8
62;2021-02-27;1830;98;51360;25569;3.5;1.8
62;2021-02-28;52;42;51412;25611;3.5;1.8
62;2021-03-01;1319;121;52731;25732;3.6;1.8
62;2021-03-02;3156;177;55887;25909;3.8;1.8
62;2021-03-03;3270;127;59157;26036;4.1;1.8
62;2021-03-04;3806;214;62963;26250;4.3;1.8
62;2021-03-05;4644;227;67607;26477;4.7;1.8
62;2021-03-06;9620;249;77227;26726;5.3;1.8
62;2021-03-07;8074;215;85301;26941;5.9;1.9
62;2021-03-08;2195;259;87496;27200;6.0;1.9
62;2021-03-09;3807;384;91303;27584;6.3;1.9
62;2021-03-10;4230;613;95533;28197;6.6;1.9
62;2021-03-11;5994;1534;101527;29731;7.0;2.0
62;2021-03-12;6635;1421;108162;31152;7.4;2.1
62;2021-03-13;14720;807;122882;31959;8.5;2.2
62;2021-03-14;9584;398;132466;32357;9.1;2.2
62;2021-03-15;3764;1021;136230;33378;9.4;2.3
62;2021-03-16;2735;855;138965;34233;9.6;2.4
62;2021-03-17;2804;733;141769;34966;9.8;2.4
62;2021-03-18;2723;939;144492;35905;9.9;2.5
62;2021-03-19;4780;923;149272;36828;10.3;2.5
62;2021-03-20;11060;604;160332;37432;11.0;2.6
62;2021-03-21;9447;363;169779;37795;11.7;2.6
62;2021-03-22;2942;1108;172721;38903;11.9;2.7
62;2021-03-23;4995;1497;177716;40400;12.2;2.8
62;2021-03-24;4690;1404;182406;41804;12.6;2.9
62;2021-03-25;6555;1473;188961;43277;13.0;3.0
62;2021-03-26;7052;1500;196013;44777;13.5;3.1
62;2021-03-27;12590;734;208603;45511;14.4;3.1
62;2021-03-28;6937;280;215540;45791;14.8;3.2
62;2021-03-29;3472;1211;219012;47002;15.1;3.2
62;2021-03-30;4548;2210;223560;49212;15.4;3.4
62;2021-03-31;4222;2479;227782;51691;15.7;3.6
62;2021-04-01;4975;2771;232757;54462;16.0;3.7
62;2021-04-02;5067;3237;237824;57699;16.4;4.0
62;2021-04-03;8209;3348;246033;61047;16.9;4.2
62;2021-04-04;4579;1927;250612;62974;17.3;4.3
62;2021-04-05;943;466;251555;63440;17.3;4.4
62;2021-04-06;4122;3002;255677;66442;17.6;4.6
62;2021-04-07;5060;3512;260737;69954;17.9;4.8
62;2021-04-08;6486;3991;267223;73945;18.4;5.1
62;2021-04-09;7624;3475;274847;77420;18.9;5.3
62;2021-04-10;6633;8076;281480;85496;19.4;5.9
62;2021-04-11;2808;6904;284288;92400;19.6;6.4
62;2021-04-12;3420;2376;287708;94776;19.8;6.5
62;2021-04-13;6171;3165;293879;97941;20.2;6.7
62;2021-04-14;5304;3067;299183;101008;20.6;7.0
62;2021-04-15;5738;2984;304921;103992;21.0;7.2
62;2021-04-16;5418;3194;310339;107186;21.4;7.4
62;2021-04-17;4358;7361;314697;114547;21.7;7.9
62;2021-04-18;1956;6851;316653;121398;21.8;8.4
62;2021-04-19;2779;1926;319432;123324;22.0;8.5
62;2021-04-20;4150;3889;323582;127213;22.3;8.8
62;2021-04-21;3749;3980;327331;131193;22.5;9.0
62;2021-04-22;3946;5195;331277;136388;22.8;9.4
62;2021-04-23;4056;5312;335333;141700;23.1;9.8
62;2021-04-24;4405;6734;339738;148434;23.4;10.2
62;2021-04-25;1909;3503;341647;151937;23.5;10.5
62;2021-04-26;2224;2431;343871;154368;23.7;10.6
62;2021-04-27;4412;3711;348283;158079;24.0;10.9
62;2021-04-28;4589;4376;352872;162455;24.3;11.2
62;2021-04-29;4790;5897;357662;168352;24.6;11.6
62;2021-04-30;5213;5719;362875;174071;25.0;12.0
62;2021-05-01;5727;3469;368602;177540;25.4;12.2
62;2021-05-02;7824;3145;376426;180685;25.9;12.4
62;2021-05-03;4507;2344;380933;183029;26.2;12.6
62;2021-05-04;5397;4982;386330;188011;26.6;12.9
62;2021-05-05;4734;4841;391064;192852;26.9;13.3
62;2021-05-06;5621;4948;396685;197800;27.3;13.6
62;2021-05-07;7682;4679;404367;202479;27.8;13.9
62;2021-05-08;10648;2316;415015;204795;28.6;14.1
62;2021-05-09;8627;1635;423642;206430;29.2;14.2
62;2021-05-10;4868;4023;428510;210453;29.5;14.5
62;2021-05-11;6416;5051;434926;215504;29.9;14.8
62;2021-05-12;8623;4609;443549;220113;30.5;15.2
62;2021-05-13;9997;1489;453546;221602;31.2;15.3
62;2021-05-14;11882;3407;465428;225009;32.0;15.5
62;2021-05-15;19784;3287;485212;228296;33.4;15.7
62;2021-05-16;16395;1412;501607;229708;34.5;15.8
62;2021-05-17;8181;2662;509788;232370;35.1;16.0
62;2021-05-18;9329;3134;519117;235504;35.7;16.2
62;2021-05-19;8616;2923;527733;238427;36.3;16.4
62;2021-05-20;8343;3850;536076;242277;36.9;16.7
62;2021-05-21;9397;4223;545473;246500;37.5;17.0
62;2021-05-22;17874;3537;563347;250037;38.8;17.2
62;2021-05-23;12378;1151;575725;251188;39.6;17.3
62;2021-05-24;3910;586;579635;251774;39.9;17.3
62;2021-05-25;7221;4087;586856;255861;40.4;17.6
62;2021-05-26;6779;4913;593635;260774;40.9;18.0
62;2021-05-27;6383;5694;600018;266468;41.3;18.3
62;2021-05-28;6519;6767;606537;273235;41.8;18.8
62;2021-05-29;10852;5550;617389;278785;42.5;19.2
62;2021-05-30;4037;984;621426;279769;42.8;19.3
62;2021-05-31;4793;3976;626219;283745;43.1;19.5
62;2021-06-01;6521;6535;632740;290280;43.6;20.0
62;2021-06-02;7435;5818;640175;296098;44.1;20.4
62;2021-06-03;7858;5893;648033;301991;44.6;20.8
62;2021-06-04;7906;6256;655939;308247;45.2;21.2
62;2021-06-05;8275;6235;664214;314482;45.7;21.6
62;2021-06-06;3127;1289;667341;315771;45.9;21.7
62;2021-06-07;4621;3764;671962;319535;46.3;22.0
62;2021-06-08;6207;5903;678169;325438;46.7;22.4
62;2021-06-09;5495;4769;683664;330207;47.1;22.7
62;2021-06-10;5205;5879;688869;336086;47.4;23.1
62;2021-06-11;6210;8872;695079;344958;47.8;23.7
62;2021-06-12;5935;8647;701014;353605;48.3;24.3
62;2021-06-13;3231;3798;704245;357403;48.5;24.6
62;2021-06-14;2609;6776;706854;364179;48.7;25.1
62;2021-06-15;4673;8543;711527;372722;49.0;25.7
62;2021-06-16;5083;7431;716610;380153;49.3;26.2
62;2021-06-17;5234;8040;721844;388193;49.7;26.7
62;2021-06-18;4821;10488;726665;398681;50.0;27.4
62;2021-06-19;5796;13441;732461;412122;50.4;28.4
62;2021-06-20;2100;4370;734561;416492;50.6;28.7
62;2021-06-21;2971;8933;737532;425425;50.8;29.3
62;2021-06-22;3428;10176;740960;435601;51.0;30.0
62;2021-06-23;3388;10323;744348;445924;51.2;30.7
62;2021-06-24;3342;11785;747690;457709;51.5;31.5
62;2021-06-25;3726;15768;751416;473477;51.7;32.6
62;2021-06-26;3549;18424;754965;491901;52.0;33.9
62;2021-06-27;1121;9818;756086;501719;52.0;34.5
62;2021-06-28;1924;8872;758010;510591;52.2;35.1
62;2021-06-29;2972;11465;760982;522056;52.4;35.9
62;2021-06-30;4141;10811;765123;532867;52.7;36.7
62;2021-07-01;4476;10486;769599;543353;53.0;37.4
62;2021-07-02;4158;11982;773757;555335;53.3;38.2
62;2021-07-03;2993;18057;776750;573392;53.5;39.5
62;2021-07-04;1449;9196;778199;582588;53.6;40.1
62;2021-07-05;2417;6922;780616;589510;53.7;40.6
62;2021-07-06;3817;10021;784433;599531;54.0;41.3
62;2021-07-07;3915;8912;788348;608443;54.3;41.9
62;2021-07-08;5243;9096;793591;617539;54.6;42.5
62;2021-07-09;4452;10846;798043;628385;54.9;43.3
62;2021-07-10;4954;11895;802997;640280;55.3;44.1
62;2021-07-11;1336;2088;804333;642368;55.4;44.2
62;2021-07-12;2325;7135;806658;649503;55.5;44.7
62;2021-07-13;5161;12156;811819;661659;55.9;45.5
62;2021-07-14;3627;3156;815446;664815;56.1;45.8
62;2021-07-15;7574;11510;823020;676325;56.7;46.6
62;2021-07-16;7610;11051;830630;687376;57.2;47.3
62;2021-07-17;9673;10319;840303;697695;57.8;48.0
62;2021-07-18;2708;3459;843011;701154;58.0;48.3
62;2021-07-19;6001;7016;849012;708170;58.4;48.7
62;2021-07-20;7924;10724;856936;718894;59.0;49.5
62;2021-07-21;9747;9416;866683;728310;59.7;50.1
62;2021-07-22;9775;9021;876458;737331;60.3;50.8
62;2021-07-23;10604;8419;887062;745750;61.1;51.3
62;2021-07-24;9641;10317;896703;756067;61.7;52.0
62;2021-07-25;5532;1859;902235;757926;62.1;52.2
62;2021-07-26;6217;5385;908452;763311;62.5;52.5
62;2021-07-27;9739;8126;918191;771437;63.2;53.1
62;2021-07-28;10321;7488;928512;778925;63.9;53.6
62;2021-07-29;11886;7639;940398;786564;64.7;54.1
62;2021-07-30;9011;6288;949409;792852;65.4;54.6
62;2021-07-31;6590;4011;955999;796863;65.8;54.9
62;2021-08-01;2332;1098;958331;797961;66.0;54.9
62;2021-08-02;6804;4749;965135;802710;66.4;55.3
62;2021-08-03;8566;7472;973701;810182;67.0;55.8
62;2021-08-04;9415;5460;983116;815642;67.7;56.1
62;2021-08-05;8322;5616;991438;821258;68.2;56.5
62;2021-08-06;7278;5932;998716;827190;68.7;56.9
62;2021-08-07;5461;4937;1004177;832127;69.1;57.3
62;2021-08-08;1872;1300;1006049;833427;69.3;57.4
62;2021-08-09;5226;5034;1011275;838461;69.6;57.7
62;2021-08-10;6194;7346;1017469;845807;70.0;58.2
62;2021-08-11;5395;7381;1022864;853188;70.4;58.7
62;2021-08-12;5976;7001;1028840;860189;70.8;59.2
62;2021-08-13;4367;6025;1033207;866214;71.1;59.6
62;2021-08-14;3767;6850;1036974;873064;71.4;60.1
62;2021-08-15;1140;1207;1038114;874271;71.5;60.2
62;2021-08-16;3147;5851;1041261;880122;71.7;60.6
62;2021-08-17;4103;7326;1045364;887448;72.0;61.1
63;2020-12-27;0;0;0;0;0.0;0.0
63;2020-12-28;1;0;1;0;0.0;0.0
63;2020-12-29;0;0;1;0;0.0;0.0
63;2020-12-30;0;0;1;0;0.0;0.0
63;2020-12-31;0;0;1;0;0.0;0.0
63;2021-01-01;1;0;2;0;0.0;0.0
63;2021-01-02;0;0;2;0;0.0;0.0
63;2021-01-03;1;0;3;0;0.0;0.0
63;2021-01-04;0;0;3;0;0.0;0.0
63;2021-01-05;1;0;4;0;0.0;0.0
63;2021-01-06;4;1;8;1;0.0;0.0
63;2021-01-07;310;0;318;1;0.0;0.0
63;2021-01-08;214;0;532;1;0.1;0.0
63;2021-01-09;91;0;623;1;0.1;0.0
63;2021-01-10;81;0;704;1;0.1;0.0
63;2021-01-11;430;0;1134;1;0.2;0.0
63;2021-01-12;661;1;1795;2;0.3;0.0
63;2021-01-13;873;2;2668;4;0.4;0.0
63;2021-01-14;540;8;3208;12;0.5;0.0
63;2021-01-15;431;2;3639;14;0.6;0.0
63;2021-01-16;157;0;3796;14;0.6;0.0
63;2021-01-17;133;0;3929;14;0.6;0.0
63;2021-01-18;613;2;4542;16;0.7;0.0
63;2021-01-19;866;1;5408;17;0.8;0.0
63;2021-01-20;1047;1;6455;18;1.0;0.0
63;2021-01-21;1012;3;7467;21;1.1;0.0
63;2021-01-22;968;3;8435;24;1.3;0.0
63;2021-01-23;192;0;8627;24;1.3;0.0
63;2021-01-24;164;1;8791;25;1.3;0.0
63;2021-01-25;809;1;9600;26;1.5;0.0
63;2021-01-26;972;2;10572;28;1.6;0.0
63;2021-01-27;1001;5;11573;33;1.8;0.0
63;2021-01-28;1320;66;12893;99;2.0;0.0
63;2021-01-29;1066;66;13959;165;2.1;0.0
63;2021-01-30;68;0;14027;165;2.1;0.0
63;2021-01-31;6;0;14033;165;2.1;0.0
63;2021-02-01;572;182;14605;347;2.2;0.1
63;2021-02-02;885;234;15490;581;2.3;0.1
63;2021-02-03;1472;282;16962;863;2.6;0.1
63;2021-02-04;2118;516;19080;1379;2.9;0.2
63;2021-02-05;1144;272;20224;1651;3.1;0.3
63;2021-02-06;117;0;20341;1651;3.1;0.3
63;2021-02-07;9;1;20350;1652;3.1;0.3
63;2021-02-08;538;408;20888;2060;3.2;0.3
63;2021-02-09;671;435;21559;2495;3.3;0.4
63;2021-02-10;607;603;22166;3098;3.4;0.5
63;2021-02-11;751;468;22917;3566;3.5;0.5
63;2021-02-12;822;810;23739;4376;3.6;0.7
63;2021-02-13;82;1;23821;4377;3.6;0.7
63;2021-02-14;0;65;23821;4442;3.6;0.7
63;2021-02-15;203;788;24024;5230;3.6;0.8
63;2021-02-16;413;1139;24437;6369;3.7;1.0
63;2021-02-17;348;875;24785;7244;3.8;1.1
63;2021-02-18;607;826;25392;8070;3.8;1.2
63;2021-02-19;448;972;25840;9042;3.9;1.4
63;2021-02-20;35;32;25875;9074;3.9;1.4
63;2021-02-21;2;17;25877;9091;3.9;1.4
63;2021-02-22;292;934;26169;10025;4.0;1.5
63;2021-02-23;580;1141;26749;11166;4.1;1.7
63;2021-02-24;697;1421;27446;12587;4.2;1.9
63;2021-02-25;1602;1667;29048;14254;4.4;2.2
63;2021-02-26;1625;1367;30673;15621;4.6;2.4
63;2021-02-27;642;67;31315;15688;4.7;2.4
63;2021-02-28;4;178;31319;15866;4.7;2.4
63;2021-03-01;586;522;31905;16388;4.8;2.5
63;2021-03-02;906;801;32811;17189;5.0;2.6
63;2021-03-03;1036;724;33847;17913;5.1;2.7
63;2021-03-04;1752;496;35599;18409;5.4;2.8
63;2021-03-05;2612;688;38211;19097;5.8;2.9
63;2021-03-06;1550;52;39761;19149;6.0;2.9
63;2021-03-07;511;17;40272;19166;6.1;2.9
63;2021-03-08;967;649;41239;19815;6.2;3.0
63;2021-03-09;1539;1064;42778;20879;6.5;3.2
63;2021-03-10;1651;612;44429;21491;6.7;3.3
63;2021-03-11;3051;890;47480;22381;7.2;3.4
63;2021-03-12;3513;385;50993;22766;7.7;3.4
63;2021-03-13;2049;83;53042;22849;8.0;3.5
63;2021-03-14;61;22;53103;22871;8.0;3.5
63;2021-03-15;1761;368;54864;23239;8.3;3.5
63;2021-03-16;1744;414;56608;23653;8.6;3.6
63;2021-03-17;1638;682;58246;24335;8.8;3.7
63;2021-03-18;1938;745;60184;25080;9.1;3.8
63;2021-03-19;2740;494;62924;25574;9.5;3.9
63;2021-03-20;1121;71;64045;25645;9.7;3.9
63;2021-03-21;50;45;64095;25690;9.7;3.9
63;2021-03-22;1984;257;66079;25947;10.0;3.9
63;2021-03-23;2885;345;68964;26292;10.4;4.0
63;2021-03-24;3219;339;72183;26631;10.9;4.0
63;2021-03-25;4595;387;76778;27018;11.6;4.1
63;2021-03-26;4691;565;81469;27583;12.3;4.2
63;2021-03-27;2454;230;83923;27813;12.7;4.2
63;2021-03-28;1047;83;84970;27896;12.9;4.2
63;2021-03-29;2480;519;87450;28415;13.2;4.3
63;2021-03-30;3282;627;90732;29042;13.7;4.4
63;2021-03-31;2967;751;93699;29793;14.2;4.5
63;2021-04-01;3837;531;97536;30324;14.8;4.6
63;2021-04-02;3484;712;101020;31036;15.3;4.7
63;2021-04-03;1171;181;102191;31217;15.5;4.7
63;2021-04-04;877;27;103068;31244;15.6;4.7
63;2021-04-05;803;85;103871;31329;15.7;4.7
63;2021-04-06;2473;938;106344;32267;16.1;4.9
63;2021-04-07;3205;868;109549;33135;16.6;5.0
63;2021-04-08;4722;1218;114271;34353;17.3;5.2
63;2021-04-09;5313;996;119584;35349;18.1;5.4
63;2021-04-10;2221;479;121805;35828;18.4;5.4
63;2021-04-11;834;37;122639;35865;18.6;5.4
63;2021-04-12;1603;1312;124242;37177;18.8;5.6
63;2021-04-13;1987;1967;126229;39144;19.1;5.9
63;2021-04-14;2628;1435;128857;40579;19.5;6.1
63;2021-04-15;3805;1540;132662;42119;20.1;6.4
63;2021-04-16;2841;2159;135503;44278;20.5;6.7
63;2021-04-17;1233;674;136736;44952;20.7;6.8
63;2021-04-18;802;61;137538;45013;20.8;6.8
63;2021-04-19;1655;2105;139193;47118;21.1;7.1
63;2021-04-20;1701;2299;140894;49417;21.3;7.5
63;2021-04-21;1517;2406;142411;51823;21.6;7.8
63;2021-04-22;1913;2267;144324;54090;21.9;8.2
63;2021-04-23;2018;3114;146342;57204;22.2;8.7
63;2021-04-24;1192;1128;147534;58332;22.3;8.8
63;2021-04-25;554;413;148088;58745;22.4;8.9
63;2021-04-26;1438;2241;149526;60986;22.6;9.2
63;2021-04-27;2314;2613;151840;63599;23.0;9.6
63;2021-04-28;2334;3163;154174;66762;23.4;10.1
63;2021-04-29;2873;2838;157047;69600;23.8;10.5
63;2021-04-30;2862;2820;159909;72420;24.2;11.0
63;2021-05-01;1127;1050;161036;73470;24.4;11.1
63;2021-05-02;897;640;161933;74110;24.5;11.2
63;2021-05-03;2686;2249;164619;76359;24.9;11.6
63;2021-05-04;2878;2696;167497;79055;25.4;12.0
63;2021-05-05;2934;3123;170431;82178;25.8;12.4
63;2021-05-06;3669;3057;174100;85235;26.4;12.9
63;2021-05-07;4033;3541;178133;88776;27.0;13.4
63;2021-05-08;2000;653;180133;89429;27.3;13.5
63;2021-05-09;1802;608;181935;90037;27.6;13.6
63;2021-05-10;4197;2764;186132;92801;28.2;14.1
63;2021-05-11;5337;2762;191469;95563;29.0;14.5
63;2021-05-12;5267;2907;196736;98470;29.8;14.9
63;2021-05-13;4131;698;200867;99168;30.4;15.0
63;2021-05-14;4771;1514;205638;100682;31.1;15.2
63;2021-05-15;3720;986;209358;101668;31.7;15.4
63;2021-05-16;3522;443;212880;102111;32.2;15.5
63;2021-05-17;3898;1990;216778;104101;32.8;15.8
63;2021-05-18;5120;1615;221898;105716;33.6;16.0
63;2021-05-19;5220;1623;227118;107339;34.4;16.3
63;2021-05-20;6798;2084;233916;109423;35.4;16.6
63;2021-05-21;6255;2328;240171;111751;36.4;16.9
63;2021-05-22;3353;848;243524;112599;36.9;17.1
63;2021-05-23;2383;246;245907;112845;37.2;17.1
63;2021-05-24;2638;580;248545;113425;37.6;17.2
63;2021-05-25;4268;2645;252813;116070;38.3;17.6
63;2021-05-26;5450;2417;258263;118487;39.1;17.9
63;2021-05-27;6498;2799;264761;121286;40.1;18.4
63;2021-05-28;5419;3899;270180;125185;40.9;19.0
63;2021-05-29;3360;1503;273540;126688;41.4;19.2
63;2021-05-30;1579;217;275119;126905;41.7;19.2
63;2021-05-31;4149;2285;279268;129190;42.3;19.6
63;2021-06-01;3805;2961;283073;132151;42.9;20.0
63;2021-06-02;3889;2528;286962;134679;43.5;20.4
63;2021-06-03;4901;3144;291863;137823;44.2;20.9
63;2021-06-04;5098;3621;296961;141444;45.0;21.4
63;2021-06-05;2812;1745;299773;143189;45.4;21.7
63;2021-06-06;1308;698;301081;143887;45.6;21.8
63;2021-06-07;3163;2517;304244;146404;46.1;22.2
63;2021-06-08;2877;2756;307121;149160;46.5;22.6
63;2021-06-09;3024;2275;310145;151435;47.0;22.9
63;2021-06-10;3221;2689;313366;154124;47.5;23.3
63;2021-06-11;3098;4049;316464;158173;47.9;24.0
63;2021-06-12;1637;1969;318101;160142;48.2;24.3
63;2021-06-13;479;1096;318580;161238;48.3;24.4
63;2021-06-14;1823;3473;320403;164711;48.5;24.9
63;2021-06-15;2209;3478;322612;168189;48.9;25.5
63;2021-06-16;2570;3313;325182;171502;49.3;26.0
63;2021-06-17;2393;4303;327575;175805;49.6;26.6
63;2021-06-18;2472;5829;330047;181634;50.0;27.5
63;2021-06-19;1632;2832;331679;184466;50.2;27.9
63;2021-06-20;673;2439;332352;186905;50.3;28.3
63;2021-06-21;1270;5389;333622;192294;50.5;29.1
63;2021-06-22;1232;5540;334854;197834;50.7;30.0
63;2021-06-23;1529;4760;336383;202594;50.9;30.7
63;2021-06-24;1925;5382;338308;207976;51.2;31.5
63;2021-06-25;1746;5899;340054;213875;51.5;32.4
63;2021-06-26;1069;3352;341123;217227;51.7;32.9
63;2021-06-27;709;3487;341832;220714;51.8;33.4
63;2021-06-28;1137;5662;342969;226376;51.9;34.3
63;2021-06-29;1226;5160;344195;231536;52.1;35.1
63;2021-06-30;1597;5291;345792;236827;52.4;35.9
63;2021-07-01;1912;8068;347704;244895;52.7;37.1
63;2021-07-02;2052;6542;349756;251437;53.0;38.1
63;2021-07-03;959;2926;350715;254363;53.1;38.5
63;2021-07-04;1053;1884;351768;256247;53.3;38.8
63;2021-07-05;1528;6277;353296;262524;53.5;39.8
63;2021-07-06;1600;4801;354896;267325;53.8;40.5
63;2021-07-07;1970;4084;356866;271409;54.1;41.1
63;2021-07-08;2204;4589;359070;275998;54.4;41.8
63;2021-07-09;1923;5718;360993;281716;54.7;42.7
63;2021-07-10;1529;3413;362522;285129;54.9;43.2
63;2021-07-11;908;1534;363430;286663;55.0;43.4
63;2021-07-12;1580;8705;365010;295368;55.3;44.7
63;2021-07-13;3597;6142;368607;301510;55.8;45.7
63;2021-07-14;3615;1786;372222;303296;56.4;45.9
63;2021-07-15;4398;5033;376620;308329;57.0;46.7
63;2021-07-16;4678;5782;381298;314111;57.8;47.6
63;2021-07-17;3013;2473;384311;316584;58.2;47.9
63;2021-07-18;2824;1089;387135;317673;58.6;48.1
63;2021-07-19;3996;4852;391131;322525;59.2;48.8
63;2021-07-20;4727;5450;395858;327975;60.0;49.7
63;2021-07-21;4784;3983;400642;331958;60.7;50.3
63;2021-07-22;5500;4396;406142;336354;61.5;50.9
63;2021-07-23;5136;4650;411278;341004;62.3;51.6
63;2021-07-24;3660;1950;414938;342954;62.8;51.9
63;2021-07-25;3044;1435;417982;344389;63.3;52.2
63;2021-07-26;4019;3225;422001;347614;63.9;52.6
63;2021-07-27;3904;3155;425905;350769;64.5;53.1
63;2021-07-28;3821;2716;429726;353485;65.1;53.5
63;2021-07-29;4431;3153;434157;356638;65.8;54.0
63;2021-07-30;3786;3577;437943;360215;66.3;54.6
63;2021-07-31;2145;1714;440088;361929;66.7;54.8
63;2021-08-01;1191;833;441279;362762;66.8;54.9
63;2021-08-02;2213;3071;443492;365833;67.2;55.4
63;2021-08-03;2714;3261;446206;369094;67.6;55.9
63;2021-08-04;2799;3238;449005;372332;68.0;56.4
63;2021-08-05;2412;3477;451417;375809;68.4;56.9
63;2021-08-06;2344;4153;453761;379962;68.7;57.5
63;2021-08-07;1298;2797;455059;382759;68.9;58.0
63;2021-08-08;320;1204;455379;383963;69.0;58.2
63;2021-08-09;1832;4222;457211;388185;69.2;58.8
63;2021-08-10;2211;3993;459422;392178;69.6;59.4
63;2021-08-11;2091;3625;461513;395803;69.9;59.9
63;2021-08-12;1843;4620;463356;400423;70.2;60.6
63;2021-08-13;1652;3994;465008;404417;70.4;61.3
63;2021-08-14;832;3234;465840;407651;70.6;61.7
63;2021-08-15;183;1449;466023;409100;70.6;62.0
63;2021-08-16;1161;4383;467184;413483;70.8;62.6
63;2021-08-17;1578;4030;468762;417513;71.0;63.2
64;2020-12-27;1;0;1;0;0.0;0.0
64;2020-12-28;2;0;3;0;0.0;0.0
64;2020-12-29;0;0;3;0;0.0;0.0
64;2020-12-30;0;0;3;0;0.0;0.0
64;2020-12-31;0;0;3;0;0.0;0.0
64;2021-01-01;0;0;3;0;0.0;0.0
64;2021-01-02;0;0;3;0;0.0;0.0
64;2021-01-03;0;0;3;0;0.0;0.0
64;2021-01-04;29;0;32;0;0.0;0.0
64;2021-01-05;25;0;57;0;0.0;0.0
64;2021-01-06;188;0;245;0;0.0;0.0
64;2021-01-07;841;0;1086;0;0.2;0.0
64;2021-01-08;879;2;1965;2;0.3;0.0
64;2021-01-09;54;0;2019;2;0.3;0.0
64;2021-01-10;2;0;2021;2;0.3;0.0
64;2021-01-11;541;0;2562;2;0.4;0.0
64;2021-01-12;760;3;3322;5;0.5;0.0
64;2021-01-13;865;2;4187;7;0.6;0.0
64;2021-01-14;1045;3;5232;10;0.8;0.0
64;2021-01-15;929;5;6161;15;0.9;0.0
64;2021-01-16;69;0;6230;15;0.9;0.0
64;2021-01-17;5;0;6235;15;0.9;0.0
64;2021-01-18;942;8;7177;23;1.1;0.0
64;2021-01-19;1442;5;8619;28;1.3;0.0
64;2021-01-20;1617;3;10236;31;1.5;0.0
64;2021-01-21;2602;2;12838;33;1.9;0.0
64;2021-01-22;1648;4;14486;37;2.1;0.0
64;2021-01-23;524;1;15010;38;2.2;0.0
64;2021-01-24;89;0;15099;38;2.2;0.0
64;2021-01-25;971;8;16070;46;2.4;0.0
64;2021-01-26;1357;21;17427;67;2.6;0.0
64;2021-01-27;1241;120;18668;187;2.7;0.0
64;2021-01-28;1648;632;20316;819;3.0;0.1
64;2021-01-29;973;653;21289;1472;3.1;0.2
64;2021-01-30;468;59;21757;1531;3.2;0.2
64;2021-01-31;91;0;21848;1531;3.2;0.2
64;2021-02-01;674;312;22522;1843;3.3;0.3
64;2021-02-02;1133;555;23655;2398;3.5;0.4
64;2021-02-03;1041;640;24696;3038;3.6;0.4
64;2021-02-04;1028;535;25724;3573;3.8;0.5
64;2021-02-05;867;456;26591;4029;3.9;0.6
64;2021-02-06;501;34;27092;4063;4.0;0.6
64;2021-02-07;131;4;27223;4067;4.0;0.6
64;2021-02-08;769;310;27992;4377;4.1;0.6
64;2021-02-09;946;710;28938;5087;4.2;0.7
64;2021-02-10;914;798;29852;5885;4.4;0.9
64;2021-02-11;1200;1490;31052;7375;4.5;1.1
64;2021-02-12;1075;1065;32127;8440;4.7;1.2
64;2021-02-13;225;320;32352;8760;4.7;1.3
64;2021-02-14;37;47;32389;8807;4.7;1.3
64;2021-02-15;221;1129;32610;9936;4.8;1.5
64;2021-02-16;258;1406;32868;11342;4.8;1.7
64;2021-02-17;289;1251;33157;12593;4.9;1.8
64;2021-02-18;508;1718;33665;14311;4.9;2.1
64;2021-02-19;415;1290;34080;15601;5.0;2.3
64;2021-02-20;119;438;34199;16039;5.0;2.3
64;2021-02-21;20;83;34219;16122;5.0;2.4
64;2021-02-22;477;987;34696;17109;5.1;2.5
64;2021-02-23;720;1145;35416;18254;5.2;2.7
64;2021-02-24;730;1017;36146;19271;5.3;2.8
64;2021-02-25;1093;954;37239;20225;5.5;3.0
64;2021-02-26;1216;915;38455;21140;5.6;3.1
64;2021-02-27;864;405;39319;21545;5.8;3.2
64;2021-02-28;42;84;39361;21629;5.8;3.2
64;2021-03-01;764;798;40125;22427;5.9;3.3
64;2021-03-02;1078;917;41203;23344;6.0;3.4
64;2021-03-03;1251;1004;42454;24348;6.2;3.6
64;2021-03-04;1879;1188;44333;25536;6.5;3.7
64;2021-03-05;2195;1072;46528;26608;6.8;3.9
64;2021-03-06;1542;518;48070;27126;7.0;4.0
64;2021-03-07;594;110;48664;27236;7.1;4.0
64;2021-03-08;1534;765;50198;28001;7.3;4.1
64;2021-03-09;2068;848;52266;28849;7.7;4.2
64;2021-03-10;2081;762;54347;29611;8.0;4.3
64;2021-03-11;2971;1073;57318;30684;8.4;4.5
64;2021-03-12;3484;599;60802;31283;8.9;4.6
64;2021-03-13;2257;168;63059;31451;9.2;4.6
64;2021-03-14;232;15;63291;31466;9.3;4.6
64;2021-03-15;2334;227;65625;31693;9.6;4.6
64;2021-03-16;1992;267;67617;31960;9.9;4.7
64;2021-03-17;2070;236;69687;32196;10.2;4.7
64;2021-03-18;2461;204;72148;32400;10.6;4.7
64;2021-03-19;3012;284;75160;32684;11.0;4.8
64;2021-03-20;2467;89;77627;32773;11.4;4.8
64;2021-03-21;1280;25;78907;32798;11.6;4.8
64;2021-03-22;2589;551;81496;33349;11.9;4.9
64;2021-03-23;3198;651;84694;34000;12.4;5.0
64;2021-03-24;3562;701;88256;34701;12.9;5.1
64;2021-03-25;4351;804;92607;35505;13.6;5.2
64;2021-03-26;4424;700;97031;36205;14.2;5.3
64;2021-03-27;2970;429;100001;36634;14.6;5.4
64;2021-03-28;521;56;100522;36690;14.7;5.4
64;2021-03-29;3026;885;103548;37575;15.2;5.5
64;2021-03-30;4135;870;107683;38445;15.8;5.6
64;2021-03-31;3590;788;111273;39233;16.3;5.7
64;2021-04-01;4779;933;116052;40166;17.0;5.9
64;2021-04-02;4439;745;120491;40911;17.6;6.0
64;2021-04-03;2059;584;122550;41495;17.9;6.1
64;2021-04-04;307;49;122857;41544;18.0;6.1
64;2021-04-05;1689;139;124546;41683;18.2;6.1
64;2021-04-06;3656;1387;128202;43070;18.8;6.3
64;2021-04-07;3948;1514;132150;44584;19.3;6.5
64;2021-04-08;5193;1596;137343;46180;20.1;6.8
64;2021-04-09;5892;1632;143235;47812;21.0;7.0
64;2021-04-10;3223;1048;146458;48860;21.4;7.2
64;2021-04-11;445;251;146903;49111;21.5;7.2
64;2021-04-12;4046;1863;150949;50974;22.1;7.5
64;2021-04-13;4463;2162;155412;53136;22.7;7.8
64;2021-04-14;4090;2139;159502;55275;23.3;8.1
64;2021-04-15;4395;2297;163897;57572;24.0;8.4
64;2021-04-16;4296;2254;168193;59826;24.6;8.8
64;2021-04-17;2479;1499;170672;61325;25.0;9.0
64;2021-04-18;1096;1182;171768;62507;25.1;9.1
64;2021-04-19;2730;2445;174498;64952;25.5;9.5
64;2021-04-20;3207;2425;177705;67377;26.0;9.9
64;2021-04-21;3219;2564;180924;69941;26.5;10.2
64;2021-04-22;3388;2781;184312;72722;27.0;10.6
64;2021-04-23;3433;2605;187745;75327;27.5;11.0
64;2021-04-24;2067;1588;189812;76915;27.8;11.3
64;2021-04-25;290;237;190102;77152;27.8;11.3
64;2021-04-26;2658;2651;192760;79803;28.2;11.7
64;2021-04-27;3058;3128;195818;82931;28.7;12.1
64;2021-04-28;3602;3062;199420;85993;29.2;12.6
64;2021-04-29;4651;3455;204071;89448;29.9;13.1
64;2021-04-30;4083;3611;208154;93059;30.5;13.6
64;2021-05-01;1480;1029;209634;94088;30.7;13.8
64;2021-05-02;446;325;210080;94413;30.8;13.8
64;2021-05-03;2908;3522;212988;97935;31.2;14.3
64;2021-05-04;3645;3989;216633;101924;31.7;14.9
64;2021-05-05;3359;4018;219992;105942;32.2;15.5
64;2021-05-06;4110;3987;224102;109929;32.8;16.1
64;2021-05-07;3919;4193;228021;114122;33.4;16.7
64;2021-05-08;2620;1237;230641;115359;33.8;16.9
64;2021-05-09;720;306;231361;115665;33.9;16.9
64;2021-05-10;2862;4237;234223;119902;34.3;17.6
64;2021-05-11;4182;4153;238405;124055;34.9;18.2
64;2021-05-12;4485;3943;242890;127998;35.6;18.7
64;2021-05-13;3198;887;246088;128885;36.0;18.9
64;2021-05-14;5152;3149;251240;132034;36.8;19.3
64;2021-05-15;3525;1866;254765;133900;37.3;19.6
64;2021-05-16;498;225;255263;134125;37.4;19.6
64;2021-05-17;4191;2384;259454;136509;38.0;20.0
64;2021-05-18;5166;2305;264620;138814;38.7;20.3
64;2021-05-19;4978;2165;269598;140979;39.5;20.6
64;2021-05-20;5568;2160;275166;143139;40.3;21.0
64;2021-05-21;5271;2248;280437;145387;41.0;21.3
64;2021-05-22;3582;1512;284019;146899;41.6;21.5
64;2021-05-23;431;206;284450;147105;41.6;21.5
64;2021-05-24;2995;1233;287445;148338;42.1;21.7
64;2021-05-25;4334;2850;291779;151188;42.7;22.1
64;2021-05-26;4354;2717;296133;153905;43.3;22.5
64;2021-05-27;5283;3157;301416;157062;44.1;23.0
64;2021-05-28;4615;3433;306031;160495;44.8;23.5
64;2021-05-29;2810;2117;308841;162612;45.2;23.8
64;2021-05-30;436;204;309277;162816;45.3;23.8
64;2021-05-31;3891;3673;313168;166489;45.8;24.4
64;2021-06-01;5336;3566;318504;170055;46.6;24.9
64;2021-06-02;4937;3179;323441;173234;47.3;25.4
64;2021-06-03;6364;3269;329805;176503;48.3;25.8
64;2021-06-04;5143;4551;334948;181054;49.0;26.5
64;2021-06-05;3484;2524;338432;183578;49.5;26.9
64;2021-06-06;2014;330;340446;183908;49.8;26.9
64;2021-06-07;4131;4329;344577;188237;50.4;27.6
64;2021-06-08;5155;4127;349732;192364;51.2;28.2
64;2021-06-09;5152;3653;354884;196017;51.9;28.7
64;2021-06-10;6178;3143;361062;199160;52.9;29.2
64;2021-06-11;5591;4873;366653;204033;53.7;29.9
64;2021-06-12;3950;2326;370603;206359;54.2;30.2
64;2021-06-13;1554;392;372157;206751;54.5;30.3
64;2021-06-14;3672;4794;375829;211545;55.0;31.0
64;2021-06-15;4576;4707;380405;216252;55.7;31.7
64;2021-06-16;4470;4666;384875;220918;56.3;32.3
64;2021-06-17;3642;4303;388517;225221;56.9;33.0
64;2021-06-18;4424;5175;392941;230396;57.5;33.7
64;2021-06-19;2983;3283;395924;233679;58.0;34.2
64;2021-06-20;880;539;396804;234218;58.1;34.3
64;2021-06-21;2313;5129;399117;239347;58.4;35.0
64;2021-06-22;2557;5729;401674;245076;58.8;35.9
64;2021-06-23;3105;5482;404779;250558;59.3;36.7
64;2021-06-24;2719;3806;407498;254364;59.6;37.2
64;2021-06-25;2899;6438;410397;260802;60.1;38.2
64;2021-06-26;1799;3837;412196;264639;60.3;38.7
64;2021-06-27;492;714;412688;265353;60.4;38.8
64;2021-06-28;1930;6067;414618;271420;60.7;39.7
64;2021-06-29;1953;6261;416571;277681;61.0;40.6
64;2021-06-30;2253;6001;418824;283682;61.3;41.5
64;2021-07-01;2409;5341;421233;289023;61.7;42.3
64;2021-07-02;2301;6408;423534;295431;62.0;43.2
64;2021-07-03;1261;3784;424795;299215;62.2;43.8
64;2021-07-04;411;847;425206;300062;62.2;43.9
64;2021-07-05;1379;5411;426585;305473;62.4;44.7
64;2021-07-06;1988;6149;428573;311622;62.7;45.6
64;2021-07-07;2063;5750;430636;317372;63.0;46.5
64;2021-07-08;1800;4394;432436;321766;63.3;47.1
64;2021-07-09;1819;6535;434255;328301;63.6;48.1
64;2021-07-10;1168;3880;435423;332181;63.7;48.6
64;2021-07-11;253;860;435676;333041;63.8;48.7
64;2021-07-12;1497;6087;437173;339128;64.0;49.6
64;2021-07-13;2362;7248;439535;346376;64.3;50.7
64;2021-07-14;2369;3396;441904;349772;64.7;51.2
64;2021-07-15;2100;5482;444004;355254;65.0;52.0
64;2021-07-16;2837;6777;446841;362031;65.4;53.0
64;2021-07-17;2336;4588;449177;366619;65.7;53.7
64;2021-07-18;711;2050;449888;368669;65.9;54.0
64;2021-07-19;2348;6121;452236;374790;66.2;54.9
64;2021-07-20;3121;6548;455357;381338;66.7;55.8
64;2021-07-21;3331;6046;458688;387384;67.1;56.7
64;2021-07-22;3803;5716;462491;393100;67.7;57.5
64;2021-07-23;3719;5610;466210;398710;68.2;58.4
64;2021-07-24;2539;4429;468749;403139;68.6;59.0
64;2021-07-25;753;1060;469502;404199;68.7;59.2
64;2021-07-26;3075;5129;472577;409328;69.2;59.9
64;2021-07-27;4236;5131;476813;414459;69.8;60.7
64;2021-07-28;4275;4588;481088;419047;70.4;61.3
64;2021-07-29;5485;3884;486573;422931;71.2;61.9
64;2021-07-30;5099;4213;491672;427144;72.0;62.5
64;2021-07-31;3148;3347;494820;430491;72.4;63.0
64;2021-08-01;1141;581;495961;431072;72.6;63.1
64;2021-08-02;4326;2644;500287;433716;73.2;63.5
64;2021-08-03;4511;3160;504798;436876;73.9;63.9
64;2021-08-04;4097;2990;508895;439866;74.5;64.4
64;2021-08-05;3990;2611;512885;442477;75.1;64.8
64;2021-08-06;3800;3336;516685;445813;75.6;65.3
64;2021-08-07;2473;2703;519158;448516;76.0;65.7
64;2021-08-08;487;608;519645;449124;76.1;65.7
64;2021-08-09;2671;3194;522316;452318;76.5;66.2
64;2021-08-10;3271;3426;525587;455744;76.9;66.7
64;2021-08-11;3050;3257;528637;459001;77.4;67.2
64;2021-08-12;3169;3294;531806;462295;77.8;67.7
64;2021-08-13;2522;3648;534328;465943;78.2;68.2
64;2021-08-14;1625;2671;535953;468614;78.5;68.6
64;2021-08-15;202;691;536155;469305;78.5;68.7
64;2021-08-16;2088;3226;538243;472531;78.8;69.2
64;2021-08-17;2240;3693;540483;476224;79.1;69.7
65;2020-12-27;0;0;0;0;0.0;0.0
65;2020-12-28;0;0;0;0;0.0;0.0
65;2020-12-29;0;0;0;0;0.0;0.0
65;2020-12-30;0;0;0;0;0.0;0.0
65;2020-12-31;0;0;0;0;0.0;0.0
65;2021-01-01;0;0;0;0;0.0;0.0
65;2021-01-02;0;0;0;0;0.0;0.0
65;2021-01-03;0;0;0;0;0.0;0.0
65;2021-01-04;0;0;0;0;0.0;0.0
65;2021-01-05;1;0;1;0;0.0;0.0
65;2021-01-06;3;0;4;0;0.0;0.0
65;2021-01-07;167;0;171;0;0.1;0.0
65;2021-01-08;253;1;424;1;0.2;0.0
65;2021-01-09;176;1;600;2;0.3;0.0
65;2021-01-10;1;0;601;2;0.3;0.0
65;2021-01-11;275;3;876;5;0.4;0.0
65;2021-01-12;272;1;1148;6;0.5;0.0
65;2021-01-13;587;1;1735;7;0.8;0.0
65;2021-01-14;579;5;2314;12;1.0;0.0
65;2021-01-15;527;2;2841;14;1.3;0.0
65;2021-01-16;221;2;3062;16;1.3;0.0
65;2021-01-17;1;0;3063;16;1.4;0.0
65;2021-01-18;551;5;3614;21;1.6;0.0
65;2021-01-19;570;2;4184;23;1.8;0.0
65;2021-01-20;584;3;4768;26;2.1;0.0
65;2021-01-21;584;0;5352;26;2.4;0.0
65;2021-01-22;597;0;5949;26;2.6;0.0
65;2021-01-23;174;1;6123;27;2.7;0.0
65;2021-01-24;3;1;6126;28;2.7;0.0
65;2021-01-25;551;4;6677;32;2.9;0.0
65;2021-01-26;881;2;7558;34;3.3;0.0
65;2021-01-27;588;12;8146;46;3.6;0.0
65;2021-01-28;505;71;8651;117;3.8;0.1
65;2021-01-29;426;138;9077;255;4.0;0.1
65;2021-01-30;183;74;9260;329;4.1;0.1
65;2021-01-31;15;0;9275;329;4.1;0.1
65;2021-02-01;321;90;9596;419;4.2;0.2
65;2021-02-02;418;195;10014;614;4.4;0.3
65;2021-02-03;463;245;10477;859;4.6;0.4
65;2021-02-04;307;331;10784;1190;4.8;0.5
65;2021-02-05;285;361;11069;1551;4.9;0.7
65;2021-02-06;99;103;11168;1654;4.9;0.7
65;2021-02-07;10;0;11178;1654;4.9;0.7
65;2021-02-08;425;222;11603;1876;5.1;0.8
65;2021-02-09;272;379;11875;2255;5.2;1.0
65;2021-02-10;296;272;12171;2527;5.4;1.1
65;2021-02-11;320;275;12491;2802;5.5;1.2
65;2021-02-12;277;232;12768;3034;5.6;1.3
65;2021-02-13;125;97;12893;3131;5.7;1.4
65;2021-02-14;3;16;12896;3147;5.7;1.4
65;2021-02-15;202;414;13098;3561;5.8;1.6
65;2021-02-16;488;582;13586;4143;6.0;1.8
65;2021-02-17;230;499;13816;4642;6.1;2.0
65;2021-02-18;285;587;14101;5229;6.2;2.3
65;2021-02-19;156;479;14257;5708;6.3;2.5
65;2021-02-20;53;158;14310;5866;6.3;2.6
65;2021-02-21;3;48;14313;5914;6.3;2.6
65;2021-02-22;166;540;14479;6454;6.4;2.8
65;2021-02-23;247;526;14726;6980;6.5;3.1
65;2021-02-24;232;639;14958;7619;6.6;3.4
65;2021-02-25;212;181;15170;7800;6.7;3.4
65;2021-02-26;350;775;15520;8575;6.8;3.8
65;2021-02-27;106;202;15626;8777;6.9;3.9
65;2021-02-28;1;0;15627;8777;6.9;3.9
65;2021-03-01;376;374;16003;9151;7.1;4.0
65;2021-03-02;454;362;16457;9513;7.3;4.2
65;2021-03-03;380;390;16837;9903;7.4;4.4
65;2021-03-04;695;331;17532;10234;7.7;4.5
65;2021-03-05;678;286;18210;10520;8.0;4.6
65;2021-03-06;1187;86;19397;10606;8.6;4.7
65;2021-03-07;258;11;19655;10617;8.7;4.7
65;2021-03-08;412;343;20067;10960;8.8;4.8
65;2021-03-09;668;334;20735;11294;9.1;5.0
65;2021-03-10;625;371;21360;11665;9.4;5.1
65;2021-03-11;779;357;22139;12022;9.8;5.3
65;2021-03-12;1057;190;23196;12212;10.2;5.4
65;2021-03-13;353;93;23549;12305;10.4;5.4
65;2021-03-14;3;30;23552;12335;10.4;5.4
65;2021-03-15;815;185;24367;12520;10.7;5.5
65;2021-03-16;692;218;25059;12738;11.0;5.6
65;2021-03-17;709;208;25768;12946;11.4;5.7
65;2021-03-18;534;233;26302;13179;11.6;5.8
65;2021-03-19;878;162;27180;13341;12.0;5.9
65;2021-03-20;244;45;27424;13386;12.1;5.9
65;2021-03-21;12;2;27436;13388;12.1;5.9
65;2021-03-22;735;154;28171;13542;12.4;6.0
65;2021-03-23;837;367;29008;13909;12.8;6.1
65;2021-03-24;868;254;29876;14163;13.2;6.2
65;2021-03-25;1250;191;31126;14354;13.7;6.3
65;2021-03-26;1221;140;32347;14494;14.3;6.4
65;2021-03-27;1357;88;33704;14582;14.9;6.4
65;2021-03-28;1;2;33705;14584;14.9;6.4
65;2021-03-29;1493;358;35198;14942;15.5;6.6
65;2021-03-30;1357;404;36555;15346;16.1;6.8
65;2021-03-31;1205;371;37760;15717;16.6;6.9
65;2021-04-01;1510;397;39270;16114;17.3;7.1
65;2021-04-02;1684;288;40954;16402;18.1;7.2
65;2021-04-03;247;44;41201;16446;18.2;7.3
65;2021-04-04;4;2;41205;16448;18.2;7.3
65;2021-04-05;158;44;41363;16492;18.2;7.3
65;2021-04-06;1291;493;42654;16985;18.8;7.5
65;2021-04-07;1956;456;44610;17441;19.7;7.7
65;2021-04-08;1638;415;46248;17856;20.4;7.9
65;2021-04-09;1645;470;47893;18326;21.1;8.1
65;2021-04-10;1590;151;49483;18477;21.8;8.1
65;2021-04-11;3;0;49486;18477;21.8;8.1
65;2021-04-12;1349;737;50835;19214;22.4;8.5
65;2021-04-13;1573;590;52408;19804;23.1;8.7
65;2021-04-14;1904;742;54312;20546;23.9;9.1
65;2021-04-15;1699;668;56011;21214;24.7;9.4
65;2021-04-16;1824;529;57835;21743;25.5;9.6
65;2021-04-17;2157;128;59992;21871;26.4;9.6
65;2021-04-18;7;27;59999;21898;26.5;9.7
65;2021-04-19;1337;773;61336;22671;27.0;10.0
65;2021-04-20;1528;706;62864;23377;27.7;10.3
65;2021-04-21;1050;1049;63914;24426;28.2;10.8
65;2021-04-22;1644;725;65558;25151;28.9;11.1
65;2021-04-23;1161;1148;66719;26299;29.4;11.6
65;2021-04-24;1263;610;67982;26909;30.0;11.9
65;2021-04-25;31;15;68013;26924;30.0;11.9
65;2021-04-26;1605;1295;69618;28219;30.7;12.4
65;2021-04-27;1423;1338;71041;29557;31.3;13.0
65;2021-04-28;1729;1023;72770;30580;32.1;13.5
65;2021-04-29;1961;1030;74731;31610;32.9;13.9
65;2021-04-30;1782;925;76513;32535;33.7;14.3
65;2021-05-01;1574;227;78087;32762;34.4;14.4
65;2021-05-02;671;22;78758;32784;34.7;14.5
65;2021-05-03;1284;1620;80042;34404;35.3;15.2
65;2021-05-04;1536;1242;81578;35646;36.0;15.7
65;2021-05-05;1372;1646;82950;37292;36.6;16.4
65;2021-05-06;1556;1177;84506;38469;37.3;17.0
65;2021-05-07;1274;1569;85780;40038;37.8;17.7
65;2021-05-08;1648;443;87428;40481;38.5;17.8
65;2021-05-09;0;90;87428;40571;38.5;17.9
65;2021-05-10;952;1883;88380;42454;39.0;18.7
65;2021-05-11;1059;1811;89439;44265;39.4;19.5
65;2021-05-12;1236;1635;90675;45900;40.0;20.2
65;2021-05-13;1345;166;92020;46066;40.6;20.3
65;2021-05-14;1576;1095;93596;47161;41.3;20.8
65;2021-05-15;1399;511;94995;47672;41.9;21.0
65;2021-05-16;1444;71;96439;47743;42.5;21.0
65;2021-05-17;1036;1615;97475;49358;43.0;21.8
65;2021-05-18;1610;1208;99085;50566;43.7;22.3
65;2021-05-19;1685;1009;100770;51575;44.4;22.7
65;2021-05-20;1844;1052;102614;52627;45.2;23.2
65;2021-05-21;1791;1235;104405;53862;46.0;23.7
65;2021-05-22;1287;637;105692;54499;46.6;24.0
65;2021-05-23;689;32;106381;54531;46.9;24.0
65;2021-05-24;703;77;107084;54608;47.2;24.1
65;2021-05-25;1357;1546;108441;56154;47.8;24.8
65;2021-05-26;1472;1355;109913;57509;48.5;25.4
65;2021-05-27;1621;1462;111534;58971;49.2;26.0
65;2021-05-28;1600;1673;113134;60644;49.9;26.7
65;2021-05-29;1186;1513;114320;62157;50.4;27.4
65;2021-05-30;6;10;114326;62167;50.4;27.4
65;2021-05-31;1325;1300;115651;63467;51.0;28.0
65;2021-06-01;1833;934;117484;64401;51.8;28.4
65;2021-06-02;1576;950;119060;65351;52.5;28.8
65;2021-06-03;1341;1102;120401;66453;53.1;29.3
65;2021-06-04;1790;1561;122191;68014;53.9;30.0
65;2021-06-05;433;1240;122624;69254;54.1;30.5
65;2021-06-06;3;13;122627;69267;54.1;30.5
65;2021-06-07;674;1983;123301;71250;54.4;31.4
65;2021-06-08;956;1537;124257;72787;54.8;32.1
65;2021-06-09;827;1548;125084;74335;55.1;32.8
65;2021-06-10;740;1155;125824;75490;55.5;33.3
65;2021-06-11;910;1808;126734;77298;55.9;34.1
65;2021-06-12;150;639;126884;77937;55.9;34.4
65;2021-06-13;5;7;126889;77944;55.9;34.4
65;2021-06-14;504;2422;127393;80366;56.2;35.4
65;2021-06-15;940;1804;128333;82170;56.6;36.2
65;2021-06-16;1064;1366;129397;83536;57.0;36.8
65;2021-06-17;814;1047;130211;84583;57.4;37.3
65;2021-06-18;1017;1632;131228;86215;57.9;38.0
65;2021-06-19;690;1688;131918;87903;58.2;38.8
65;2021-06-20;2;2;131920;87905;58.2;38.8
65;2021-06-21;737;1939;132657;89844;58.5;39.6
65;2021-06-22;1045;1479;133702;91323;58.9;40.3
65;2021-06-23;1064;1234;134766;92557;59.4;40.8
65;2021-06-24;959;1143;135725;93700;59.8;41.3
65;2021-06-25;831;1966;136556;95666;60.2;42.2
65;2021-06-26;168;1658;136724;97324;60.3;42.9
65;2021-06-27;15;1101;136739;98425;60.3;43.4
65;2021-06-28;445;2301;137184;100726;60.5;44.4
65;2021-06-29;684;1920;137868;102646;60.8;45.3
65;2021-06-30;931;1679;138799;104325;61.2;46.0
65;2021-07-01;604;750;139403;105075;61.5;46.3
65;2021-07-02;1166;1733;140569;106808;62.0;47.1
65;2021-07-03;195;1916;140764;108724;62.1;47.9
65;2021-07-04;416;183;141180;108907;62.2;48.0
65;2021-07-05;640;1994;141820;110901;62.5;48.9
65;2021-07-06;896;2124;142716;113025;62.9;49.8
65;2021-07-07;971;1515;143687;114540;63.3;50.5
65;2021-07-08;325;662;144012;115202;63.5;50.8
65;2021-07-09;549;1594;144561;116796;63.7;51.5
65;2021-07-10;294;956;144855;117752;63.9;51.9
65;2021-07-11;0;0;144855;117752;63.9;51.9
65;2021-07-12;478;2221;145333;119973;64.1;52.9
65;2021-07-13;693;2149;146026;122122;64.4;53.8
65;2021-07-14;210;51;146236;122173;64.5;53.9
65;2021-07-15;1043;1660;147279;123833;64.9;54.6
65;2021-07-16;1185;1879;148464;125712;65.4;55.4
65;2021-07-17;425;542;148889;126254;65.6;55.7
65;2021-07-18;22;12;148911;126266;65.6;55.7
65;2021-07-19;630;1493;149541;127759;65.9;56.3
65;2021-07-20;1444;1700;150985;129459;66.6;57.1
65;2021-07-21;1403;1659;152388;131118;67.2;57.8
65;2021-07-22;2170;1288;154558;132406;68.1;58.4
65;2021-07-23;1602;1792;156160;134198;68.8;59.2
65;2021-07-24;1036;649;157196;134847;69.3;59.4
65;2021-07-25;22;21;157218;134868;69.3;59.5
65;2021-07-26;1134;1244;158352;136112;69.8;60.0
65;2021-07-27;1770;1957;160122;138069;70.6;60.9
65;2021-07-28;1561;1317;161683;139386;71.3;61.4
65;2021-07-29;2813;1131;164496;140517;72.5;61.9
65;2021-07-30;2405;1393;166901;141910;73.6;62.6
65;2021-07-31;2250;348;169151;142258;74.6;62.7
65;2021-08-01;14;16;169165;142274;74.6;62.7
65;2021-08-02;935;830;170100;143104;75.0;63.1
65;2021-08-03;2021;1058;172121;144162;75.9;63.6
65;2021-08-04;1761;632;173882;144794;76.7;63.8
65;2021-08-05;1782;834;175664;145628;77.4;64.2
65;2021-08-06;1641;964;177305;146592;78.2;64.6
65;2021-08-07;719;479;178024;147071;78.5;64.8
65;2021-08-08;2;9;178026;147080;78.5;64.8
65;2021-08-09;680;943;178706;148023;78.8;65.3
65;2021-08-10;1154;1548;179860;149571;79.3;65.9
65;2021-08-11;728;1261;180588;150832;79.6;66.5
65;2021-08-12;766;1079;181354;151911;79.9;67.0
65;2021-08-13;406;1005;181760;152916;80.1;67.4
65;2021-08-14;593;564;182353;153480;80.4;67.7
65;2021-08-15;6;19;182359;153499;80.4;67.7
65;2021-08-16;394;1535;182753;155034;80.6;68.3
65;2021-08-17;708;2169;183461;157203;80.9;69.3
66;2020-12-27;0;0;0;0;0.0;0.0
66;2020-12-28;2;0;2;0;0.0;0.0
66;2020-12-29;0;0;2;0;0.0;0.0
66;2020-12-30;0;0;2;0;0.0;0.0
66;2020-12-31;1;0;3;0;0.0;0.0
66;2021-01-01;1;0;4;0;0.0;0.0
66;2021-01-02;0;0;4;0;0.0;0.0
66;2021-01-03;0;0;4;0;0.0;0.0
66;2021-01-04;30;0;34;0;0.0;0.0
66;2021-01-05;135;0;169;0;0.0;0.0
66;2021-01-06;195;0;364;0;0.1;0.0
66;2021-01-07;182;0;546;0;0.1;0.0
66;2021-01-08;212;0;758;0;0.2;0.0
66;2021-01-09;232;0;990;0;0.2;0.0
66;2021-01-10;11;0;1001;0;0.2;0.0
66;2021-01-11;404;3;1405;3;0.3;0.0
66;2021-01-12;587;2;1992;5;0.4;0.0
66;2021-01-13;877;7;2869;12;0.6;0.0
66;2021-01-14;892;11;3761;23;0.8;0.0
66;2021-01-15;587;1;4348;24;0.9;0.0
66;2021-01-16;106;2;4454;26;0.9;0.0
66;2021-01-17;46;1;4500;27;0.9;0.0
66;2021-01-18;654;2;5154;29;1.1;0.0
66;2021-01-19;716;3;5870;32;1.2;0.0
66;2021-01-20;1169;3;7039;35;1.5;0.0
66;2021-01-21;2402;4;9441;39;2.0;0.0
66;2021-01-22;1438;10;10879;49;2.3;0.0
66;2021-01-23;399;3;11278;52;2.4;0.0
66;2021-01-24;226;9;11504;61;2.4;0.0
66;2021-01-25;738;40;12242;101;2.6;0.0
66;2021-01-26;786;68;13028;169;2.7;0.0
66;2021-01-27;866;104;13894;273;2.9;0.1
66;2021-01-28;872;128;14766;401;3.1;0.1
66;2021-01-29;816;127;15582;528;3.3;0.1
66;2021-01-30;480;70;16062;598;3.4;0.1
66;2021-01-31;202;27;16264;625;3.4;0.1
66;2021-02-01;562;189;16826;814;3.5;0.2
66;2021-02-02;619;289;17445;1103;3.6;0.2
66;2021-02-03;737;628;18182;1731;3.8;0.4
66;2021-02-04;688;621;18870;2352;3.9;0.5
66;2021-02-05;777;415;19647;2767;4.1;0.6
66;2021-02-06;417;147;20064;2914;4.2;0.6
66;2021-02-07;169;139;20233;3053;4.2;0.6
66;2021-02-08;501;393;20734;3446;4.3;0.7
66;2021-02-09;531;401;21265;3847;4.4;0.8
66;2021-02-10;616;772;21881;4619;4.6;1.0
66;2021-02-11;1104;1573;22985;6192;4.8;1.3
66;2021-02-12;1120;1202;24105;7394;5.0;1.5
66;2021-02-13;366;304;24471;7698;5.1;1.6
66;2021-02-14;111;197;24582;7895;5.1;1.6
66;2021-02-15;425;700;25007;8595;5.2;1.8
66;2021-02-16;304;788;25311;9383;5.3;2.0
66;2021-02-17;379;698;25690;10081;5.4;2.1
66;2021-02-18;366;775;26056;10856;5.4;2.3
66;2021-02-19;400;703;26456;11559;5.5;2.4
66;2021-02-20;184;409;26640;11968;5.6;2.5
66;2021-02-21;41;171;26681;12139;5.6;2.5
66;2021-02-22;416;643;27097;12782;5.7;2.7
66;2021-02-23;508;666;27605;13448;5.8;2.8
66;2021-02-24;341;751;27946;14199;5.8;3.0
66;2021-02-25;717;713;28663;14912;6.0;3.1
66;2021-02-26;953;747;29616;15659;6.2;3.3
66;2021-02-27;363;429;29979;16088;6.3;3.4
66;2021-02-28;59;172;30038;16260;6.3;3.4
66;2021-03-01;378;652;30416;16912;6.3;3.5
66;2021-03-02;334;657;30750;17569;6.4;3.7
66;2021-03-03;528;645;31278;18214;6.5;3.8
66;2021-03-04;991;1056;32269;19270;6.7;4.0
66;2021-03-05;1525;798;33794;20068;7.1;4.2
66;2021-03-06;1145;345;34939;20413;7.3;4.3
66;2021-03-07;1097;97;36036;20510;7.5;4.3
66;2021-03-08;695;545;36731;21055;7.7;4.4
66;2021-03-09;1222;593;37953;21648;7.9;4.5
66;2021-03-10;1301;501;39254;22149;8.2;4.6
66;2021-03-11;1475;595;40729;22744;8.5;4.7
66;2021-03-12;2393;579;43122;23323;9.0;4.9
66;2021-03-13;1081;307;44203;23630;9.2;4.9
66;2021-03-14;192;84;44395;23714;9.3;5.0
66;2021-03-15;1109;392;45504;24106;9.5;5.0
66;2021-03-16;952;260;46456;24366;9.7;5.1
66;2021-03-17;867;397;47323;24763;9.9;5.2
66;2021-03-18;969;344;48292;25107;10.1;5.2
66;2021-03-19;1292;317;49584;25424;10.4;5.3
66;2021-03-20;837;122;50421;25546;10.5;5.3
66;2021-03-21;185;44;50606;25590;10.6;5.3
66;2021-03-22;1111;395;51717;25985;10.8;5.4
66;2021-03-23;1756;387;53473;26372;11.2;5.5
66;2021-03-24;1795;518;55268;26890;11.5;5.6
66;2021-03-25;2536;469;57804;27359;12.1;5.7
66;2021-03-26;2577;363;60381;27722;12.6;5.8
66;2021-03-27;1208;296;61589;28018;12.9;5.8
66;2021-03-28;321;3;61910;28021;12.9;5.8
66;2021-03-29;1830;256;63740;28277;13.3;5.9
66;2021-03-30;2239;172;65979;28449;13.8;5.9
66;2021-03-31;1987;250;67966;28699;14.2;6.0
66;2021-04-01;2671;302;70637;29001;14.7;6.1
66;2021-04-02;2421;255;73058;29256;15.3;6.1
66;2021-04-03;1148;335;74206;29591;15.5;6.2
66;2021-04-04;107;125;74313;29716;15.5;6.2
66;2021-04-05;195;142;74508;29858;15.6;6.2
66;2021-04-06;1331;651;75839;30509;15.8;6.4
66;2021-04-07;1396;598;77235;31107;16.1;6.5
66;2021-04-08;2070;547;79305;31654;16.6;6.6
66;2021-04-09;3477;660;82782;32314;17.3;6.7
66;2021-04-10;2307;522;85089;32836;17.8;6.9
66;2021-04-11;1200;166;86289;33002;18.0;6.9
66;2021-04-12;2702;1023;88991;34025;18.6;7.1
66;2021-04-13;3608;1061;92599;35086;19.3;7.3
66;2021-04-14;3293;923;95892;36009;20.0;7.5
66;2021-04-15;3554;1047;99446;37056;20.8;7.7
66;2021-04-16;3592;1034;103038;38090;21.5;8.0
66;2021-04-17;2263;591;105301;38681;22.0;8.1
66;2021-04-18;1445;132;106746;38813;22.3;8.1
66;2021-04-19;2257;1122;109003;39935;22.8;8.3
66;2021-04-20;2372;1080;111375;41015;23.3;8.6
66;2021-04-21;2869;1179;114244;42194;23.9;8.8
66;2021-04-22;2657;1230;116901;43424;24.4;9.1
66;2021-04-23;2380;1236;119281;44660;24.9;9.3
66;2021-04-24;2744;880;122025;45540;25.5;9.5
66;2021-04-25;1207;267;123232;45807;25.7;9.6
66;2021-04-26;1996;1254;125228;47061;26.1;9.8
66;2021-04-27;2749;1302;127977;48363;26.7;10.1
66;2021-04-28;2421;1663;130398;50026;27.2;10.4
66;2021-04-29;2701;2126;133099;52152;27.8;10.9
66;2021-04-30;3055;1557;136154;53709;28.4;11.2
66;2021-05-01;2001;470;138155;54179;28.8;11.3
66;2021-05-02;1529;263;139684;54442;29.2;11.4
66;2021-05-03;2938;1111;142622;55553;29.8;11.6
66;2021-05-04;3170;1344;145792;56897;30.4;11.9
66;2021-05-05;3052;1544;148844;58441;31.1;12.2
66;2021-05-06;3756;2079;152600;60520;31.9;12.6
66;2021-05-07;2968;3084;155568;63604;32.5;13.3
66;2021-05-08;1731;1171;157299;64775;32.8;13.5
66;2021-05-09;887;1371;158186;66146;33.0;13.8
66;2021-05-10;1805;2973;159991;69119;33.4;14.4
66;2021-05-11;2740;3125;162731;72244;34.0;15.1
66;2021-05-12;2430;2569;165161;74813;34.5;15.6
66;2021-05-13;2258;1382;167419;76195;35.0;15.9
66;2021-05-14;2772;2116;170191;78311;35.5;16.3
66;2021-05-15;2330;1576;172521;79887;36.0;16.7
66;2021-05-16;2286;1250;174807;81137;36.5;16.9
66;2021-05-17;2052;1824;176859;82961;36.9;17.3
66;2021-05-18;3237;1808;180096;84769;37.6;17.7
66;2021-05-19;2877;1341;182973;86110;38.2;18.0
66;2021-05-20;4375;1448;187348;87558;39.1;18.3
66;2021-05-21;3268;1460;190616;89018;39.8;18.6
66;2021-05-22;3066;776;193682;89794;40.4;18.7
66;2021-05-23;1510;238;195192;90032;40.7;18.8
66;2021-05-24;1955;427;197147;90459;41.2;18.9
66;2021-05-25;2795;1688;199942;92147;41.7;19.2
66;2021-05-26;2780;1495;202722;93642;42.3;19.5
66;2021-05-27;3385;2258;206107;95900;43.0;20.0
66;2021-05-28;2683;3051;208790;98951;43.6;20.7
66;2021-05-29;2148;1519;210938;100470;44.0;21.0
66;2021-05-30;786;989;211724;101459;44.2;21.2
66;2021-05-31;2120;1786;213844;103245;44.6;21.6
66;2021-06-01;2624;2005;216468;105250;45.2;22.0
66;2021-06-02;2808;2339;219276;107589;45.8;22.5
66;2021-06-03;2478;2973;221754;110562;46.3;23.1
66;2021-06-04;1858;3353;223612;113915;46.7;23.8
66;2021-06-05;1410;2599;225022;116514;47.0;24.3
66;2021-06-06;292;1227;225314;117741;47.0;24.6
66;2021-06-07;1340;2959;226654;120700;47.3;25.2
66;2021-06-08;1739;3021;228393;123721;47.7;25.8
66;2021-06-09;2068;2785;230461;126506;48.1;26.4
66;2021-06-10;2081;2961;232542;129467;48.5;27.0
66;2021-06-11;2096;3867;234638;133334;49.0;27.8
66;2021-06-12;871;2409;235509;135743;49.2;28.3
66;2021-06-13;515;1334;236024;137077;49.3;28.6
66;2021-06-14;1361;3495;237385;140572;49.6;29.3
66;2021-06-15;2130;3572;239515;144144;50.0;30.1
66;2021-06-16;1788;3567;241303;147711;50.4;30.8
66;2021-06-17;2430;3604;243733;151315;50.9;31.6
66;2021-06-18;2227;3823;245960;155138;51.3;32.4
66;2021-06-19;1542;2319;247502;157457;51.7;32.9
66;2021-06-20;998;1263;248500;158720;51.9;33.1
66;2021-06-21;1163;2880;249663;161600;52.1;33.7
66;2021-06-22;1505;3763;251168;165363;52.4;34.5
66;2021-06-23;1324;3027;252492;168390;52.7;35.2
66;2021-06-24;1515;3230;254007;171620;53.0;35.8
66;2021-06-25;1398;3534;255405;175154;53.3;36.6
66;2021-06-26;963;2683;256368;177837;53.5;37.1
66;2021-06-27;679;1556;257047;179393;53.7;37.5
66;2021-06-28;977;2977;258024;182370;53.9;38.1
66;2021-06-29;1145;3794;259169;186164;54.1;38.9
66;2021-06-30;1277;3299;260446;189463;54.4;39.6
66;2021-07-01;1369;4044;261815;193507;54.7;40.4
66;2021-07-02;1313;3604;263128;197111;54.9;41.2
66;2021-07-03;1151;3901;264279;201012;55.2;42.0
66;2021-07-04;717;1792;264996;202804;55.3;42.3
66;2021-07-05;1092;3001;266088;205805;55.6;43.0
66;2021-07-06;1369;3784;267457;209589;55.8;43.8
66;2021-07-07;1388;3250;268845;212839;56.1;44.4
66;2021-07-08;1268;3382;270113;216221;56.4;45.1
66;2021-07-09;1420;3464;271533;219685;56.7;45.9
66;2021-07-10;1004;2403;272537;222088;56.9;46.4
66;2021-07-11;540;1539;273077;223627;57.0;46.7
66;2021-07-12;993;3641;274070;227268;57.2;47.4
66;2021-07-13;2129;4271;276199;231539;57.7;48.3
66;2021-07-14;1948;1230;278147;232769;58.1;48.6
66;2021-07-15;2779;3111;280926;235880;58.6;49.2
66;2021-07-16;3328;3195;284254;239075;59.3;49.9
66;2021-07-17;2113;2034;286367;241109;59.8;50.3
66;2021-07-18;1196;1060;287563;242169;60.0;50.6
66;2021-07-19;2785;3085;290348;245254;60.6;51.2
66;2021-07-20;3643;2880;293991;248134;61.4;51.8
66;2021-07-21;3960;2942;297951;251076;62.2;52.4
66;2021-07-22;3842;2811;301793;253887;63.0;53.0
66;2021-07-23;3885;3035;305678;256922;63.8;53.6
66;2021-07-24;2584;1919;308262;258841;64.4;54.0
66;2021-07-25;2019;1233;310281;260074;64.8;54.3
66;2021-07-26;2764;2629;313045;262703;65.4;54.8
66;2021-07-27;3198;2885;316243;265588;66.0;55.4
66;2021-07-28;3332;2565;319575;268153;66.7;56.0
66;2021-07-29;3849;2528;323424;270681;67.5;56.5
66;2021-07-30;4175;2455;327599;273136;68.4;57.0
66;2021-07-31;2211;1706;329810;274842;68.9;57.4
66;2021-08-01;1813;893;331623;275735;69.2;57.6
66;2021-08-02;2259;1916;333882;277651;69.7;58.0
66;2021-08-03;2600;2070;336482;279721;70.2;58.4
66;2021-08-04;2561;1996;339043;281717;70.8;58.8
66;2021-08-05;2421;2497;341464;284214;71.3;59.3
66;2021-08-06;2304;2636;343768;286850;71.8;59.9
66;2021-08-07;1494;2083;345262;288933;72.1;60.3
66;2021-08-08;611;1453;345873;290386;72.2;60.6
66;2021-08-09;1326;2798;347199;293184;72.5;61.2
66;2021-08-10;1633;3062;348832;296246;72.8;61.8
66;2021-08-11;1607;3010;350439;299256;73.2;62.5
66;2021-08-12;1626;2984;352065;302240;73.5;63.1
66;2021-08-13;1374;2963;353439;305203;73.8;63.7
66;2021-08-14;653;2505;354092;307708;73.9;64.2
66;2021-08-15;133;1626;354225;309334;74.0;64.6
66;2021-08-16;1240;2583;355465;311917;74.2;65.1
66;2021-08-17;1464;2969;356929;314886;74.5;65.7
67;2020-12-27;5;0;5;0;0.0;0.0
67;2020-12-28;3;0;8;0;0.0;0.0
67;2020-12-29;2;0;10;0;0.0;0.0
67;2020-12-30;0;0;10;0;0.0;0.0
67;2020-12-31;0;0;10;0;0.0;0.0
67;2021-01-01;3;0;13;0;0.0;0.0
67;2021-01-02;1;0;14;0;0.0;0.0
67;2021-01-03;1;0;15;0;0.0;0.0
67;2021-01-04;41;0;56;0;0.0;0.0
67;2021-01-05;167;0;223;0;0.0;0.0
67;2021-01-06;120;0;343;0;0.0;0.0
67;2021-01-07;235;1;578;1;0.1;0.0
67;2021-01-08;232;1;810;2;0.1;0.0
67;2021-01-09;113;1;923;3;0.1;0.0
67;2021-01-10;66;0;989;3;0.1;0.0
67;2021-01-11;182;1;1171;4;0.1;0.0
67;2021-01-12;511;1;1682;5;0.1;0.0
67;2021-01-13;654;2;2336;7;0.2;0.0
67;2021-01-14;1079;7;3415;14;0.3;0.0
67;2021-01-15;937;7;4352;21;0.4;0.0
67;2021-01-16;196;3;4548;24;0.4;0.0
67;2021-01-17;98;0;4646;24;0.4;0.0
67;2021-01-18;896;2;5542;26;0.5;0.0
67;2021-01-19;1424;5;6966;31;0.6;0.0
67;2021-01-20;1850;12;8816;43;0.8;0.0
67;2021-01-21;2207;9;11023;52;1.0;0.0
67;2021-01-22;1987;7;13010;59;1.1;0.0
67;2021-01-23;813;6;13823;65;1.2;0.0
67;2021-01-24;380;1;14203;66;1.3;0.0
67;2021-01-25;526;31;14729;97;1.3;0.0
67;2021-01-26;158;108;14887;205;1.3;0.0
67;2021-01-27;1391;91;16278;296;1.4;0.0
67;2021-01-28;3052;225;19330;521;1.7;0.0
67;2021-01-29;2025;161;21355;682;1.9;0.1
67;2021-01-30;1094;82;22449;764;2.0;0.1
67;2021-01-31;1161;29;23610;793;2.1;0.1
67;2021-02-01;3390;250;27000;1043;2.4;0.1
67;2021-02-02;2689;429;29689;1472;2.6;0.1
67;2021-02-03;1573;402;31262;1874;2.8;0.2
67;2021-02-04;1193;760;32455;2634;2.9;0.2
67;2021-02-05;1193;645;33648;3279;3.0;0.3
67;2021-02-06;788;145;34436;3424;3.0;0.3
67;2021-02-07;289;44;34725;3468;3.1;0.3
67;2021-02-08;837;450;35562;3918;3.1;0.3
67;2021-02-09;958;739;36520;4657;3.2;0.4
67;2021-02-10;929;793;37449;5450;3.3;0.5
67;2021-02-11;1149;1129;38598;6579;3.4;0.6
67;2021-02-12;1245;782;39843;7361;3.5;0.6
67;2021-02-13;765;280;40608;7641;3.6;0.7
67;2021-02-14;243;94;40851;7735;3.6;0.7
67;2021-02-15;779;839;41630;8574;3.7;0.8
67;2021-02-16;927;1148;42557;9722;3.8;0.9
67;2021-02-17;784;1196;43341;10918;3.8;1.0
67;2021-02-18;1398;2569;44739;13487;4.0;1.2
67;2021-02-19;1370;2114;46109;15601;4.1;1.4
67;2021-02-20;629;907;46738;16508;4.1;1.5
67;2021-02-21;209;1197;46947;17705;4.1;1.6
67;2021-02-22;1403;2168;48350;19873;4.3;1.8
67;2021-02-23;1461;1568;49811;21441;4.4;1.9
67;2021-02-24;1434;1052;51245;22493;4.5;2.0
67;2021-02-25;1614;1471;52859;23964;4.7;2.1
67;2021-02-26;2224;1408;55083;25372;4.9;2.2
67;2021-02-27;1256;785;56339;26157;5.0;2.3
67;2021-02-28;147;364;56486;26521;5.0;2.3
67;2021-03-01;638;1000;57124;27521;5.0;2.4
67;2021-03-02;893;1199;58017;28720;5.1;2.5
67;2021-03-03;1409;1283;59426;30003;5.2;2.6
67;2021-03-04;1961;1055;61387;31058;5.4;2.7
67;2021-03-05;3256;1102;64643;32160;5.7;2.8
67;2021-03-06;2335;773;66978;32933;5.9;2.9
67;2021-03-07;466;281;67444;33214;6.0;2.9
67;2021-03-08;1186;793;68630;34007;6.1;3.0
67;2021-03-09;2220;906;70850;34913;6.3;3.1
67;2021-03-10;2447;1192;73297;36105;6.5;3.2
67;2021-03-11;3204;1355;76501;37460;6.8;3.3
67;2021-03-12;5254;1369;81755;38829;7.2;3.4
67;2021-03-13;3996;883;85751;39712;7.6;3.5
67;2021-03-14;483;388;86234;40100;7.6;3.5
67;2021-03-15;2189;1157;88423;41257;7.8;3.6
67;2021-03-16;1548;1232;89971;42489;7.9;3.8
67;2021-03-17;2066;920;92037;43409;8.1;3.8
67;2021-03-18;2385;728;94422;44137;8.3;3.9
67;2021-03-19;3671;748;98093;44885;8.7;4.0
67;2021-03-20;3062;507;101155;45392;8.9;4.0
67;2021-03-21;332;16;101487;45408;9.0;4.0
67;2021-03-22;2330;778;103817;46186;9.2;4.1
67;2021-03-23;3397;775;107214;46961;9.5;4.1
67;2021-03-24;3906;811;111120;47772;9.8;4.2
67;2021-03-25;5313;536;116433;48308;10.3;4.3
67;2021-03-26;6868;477;123301;48785;10.9;4.3
67;2021-03-27;3925;341;127226;49126;11.2;4.3
67;2021-03-28;579;99;127805;49225;11.3;4.3
67;2021-03-29;3818;426;131623;49651;11.6;4.4
67;2021-03-30;4841;669;136464;50320;12.0;4.4
67;2021-03-31;4841;690;141305;51010;12.5;4.5
67;2021-04-01;5143;929;146448;51939;12.9;4.6
67;2021-04-02;1004;175;147452;52114;13.0;4.6
67;2021-04-03;1689;286;149141;52400;13.2;4.6
67;2021-04-04;326;5;149467;52405;13.2;4.6
67;2021-04-05;371;3;149838;52408;13.2;4.6
67;2021-04-06;3474;1179;153312;53587;13.5;4.7
67;2021-04-07;4533;1277;157845;54864;13.9;4.8
67;2021-04-08;5658;1399;163503;56263;14.4;5.0
67;2021-04-09;7108;1348;170611;57611;15.1;5.1
67;2021-04-10;4331;889;174942;58500;15.4;5.2
67;2021-04-11;855;426;175797;58926;15.5;5.2
67;2021-04-12;3880;1404;179677;60330;15.9;5.3
67;2021-04-13;4892;1576;184569;61906;16.3;5.5
67;2021-04-14;5273;1896;189842;63802;16.8;5.6
67;2021-04-15;6077;2107;195919;65909;17.3;5.8
67;2021-04-16;7833;2418;203752;68327;18.0;6.0
67;2021-04-17;4006;1581;207758;69908;18.3;6.2
67;2021-04-18;1113;646;208871;70554;18.4;6.2
67;2021-04-19;3630;2140;212501;72694;18.8;6.4
67;2021-04-20;4257;1923;216758;74617;19.1;6.6
67;2021-04-21;4068;2511;220826;77128;19.5;6.8
67;2021-04-22;4476;2911;225302;80039;19.9;7.1
67;2021-04-23;5238;2997;230540;83036;20.4;7.3
67;2021-04-24;3100;2022;233640;85058;20.6;7.5
67;2021-04-25;1028;452;234668;85510;20.7;7.5
67;2021-04-26;3191;2615;237859;88125;21.0;7.8
67;2021-04-27;4022;2921;241881;91046;21.4;8.0
67;2021-04-28;4251;3433;246132;94479;21.7;8.3
67;2021-04-29;5125;3514;251257;97993;22.2;8.7
67;2021-04-30;7180;2489;258437;100482;22.8;8.9
67;2021-05-01;2682;782;261119;101264;23.1;8.9
67;2021-05-02;2180;676;263299;101940;23.2;9.0
67;2021-05-03;5561;2615;268860;104555;23.7;9.2
67;2021-05-04;5853;3606;274713;108161;24.3;9.5
67;2021-05-05;5214;4202;279927;112363;24.7;9.9
67;2021-05-06;6713;4922;286640;117285;25.3;10.4
67;2021-05-07;6432;6918;293072;124203;25.9;11.0
67;2021-05-08;3575;1021;296647;125224;26.2;11.1
67;2021-05-09;3372;596;300019;125820;26.5;11.1
67;2021-05-10;4696;4532;304715;130352;26.9;11.5
67;2021-05-11;5648;4929;310363;135281;27.4;11.9
67;2021-05-12;6594;4848;316957;140129;28.0;12.4
67;2021-05-13;7310;1674;324267;141803;28.6;12.5
67;2021-05-14;8880;5364;333147;147167;29.4;13.0
67;2021-05-15;8192;3654;341339;150821;30.1;13.3
67;2021-05-16;6176;977;347515;151798;30.7;13.4
67;2021-05-17;5693;3889;353208;155687;31.2;13.7
67;2021-05-18;6901;3985;360109;159672;31.8;14.1
67;2021-05-19;7376;4171;367485;163843;32.4;14.5
67;2021-05-20;8694;4241;376179;168084;33.2;14.8
67;2021-05-21;8161;5864;384340;173948;33.9;15.4
67;2021-05-22;5936;3430;390276;177378;34.5;15.7
67;2021-05-23;2659;594;392935;177972;34.7;15.7
67;2021-05-24;4417;865;397352;178837;35.1;15.8
67;2021-05-25;5415;4771;402767;183608;35.6;16.2
67;2021-05-26;6059;4882;408826;188490;36.1;16.6
67;2021-05-27;7311;4912;416137;193402;36.7;17.1
67;2021-05-28;7968;6510;424105;199912;37.4;17.7
67;2021-05-29;6649;3879;430754;203791;38.0;18.0
67;2021-05-30;1147;809;431901;204600;38.1;18.1
67;2021-05-31;6403;4060;438304;208660;38.7;18.4
67;2021-06-01;7329;4401;445633;213061;39.3;18.8
67;2021-06-02;8063;4178;453696;217239;40.1;19.2
67;2021-06-03;8838;4865;462534;222104;40.8;19.6
67;2021-06-04;8590;6134;471124;228238;41.6;20.2
67;2021-06-05;6553;3986;477677;232224;42.2;20.5
67;2021-06-06;3477;871;481154;233095;42.5;20.6
67;2021-06-07;7414;4260;488568;237355;43.1;21.0
67;2021-06-08;8630;4922;497198;242277;43.9;21.4
67;2021-06-09;9261;4806;506459;247083;44.7;21.8
67;2021-06-10;9771;5017;516230;252100;45.6;22.3
67;2021-06-11;8071;8336;524301;260436;46.3;23.0
67;2021-06-12;6789;5201;531090;265637;46.9;23.5
67;2021-06-13;3107;1043;534197;266680;47.2;23.5
67;2021-06-14;5509;6458;539706;273138;47.7;24.1
67;2021-06-15;6687;6751;546393;279889;48.2;24.7
67;2021-06-16;6945;6700;553338;286589;48.9;25.3
67;2021-06-17;7273;9053;560611;295642;49.5;26.1
67;2021-06-18;7601;8509;568212;304151;50.2;26.9
67;2021-06-19;6383;5962;574595;310113;50.7;27.4
67;2021-06-20;1451;1412;576046;311525;50.9;27.5
67;2021-06-21;4268;6770;580314;318295;51.2;28.1
67;2021-06-22;4240;9095;584554;327390;51.6;28.9
67;2021-06-23;5287;8189;589841;335579;52.1;29.6
67;2021-06-24;4518;9097;594359;344676;52.5;30.4
67;2021-06-25;5338;9954;599697;354630;52.9;31.3
67;2021-06-26;3464;9106;603161;363736;53.3;32.1
67;2021-06-27;1022;3521;604183;367257;53.3;32.4
67;2021-06-28;2846;8735;607029;375992;53.6;33.2
67;2021-06-29;2894;8607;609923;384599;53.9;34.0
67;2021-06-30;3379;8740;613302;393339;54.1;34.7
67;2021-07-01;3605;8430;616907;401769;54.5;35.5
67;2021-07-02;3731;10933;620638;412702;54.8;36.4
67;2021-07-03;2976;7744;623614;420446;55.1;37.1
67;2021-07-04;763;1869;624377;422315;55.1;37.3
67;2021-07-05;2620;8251;626997;430566;55.4;38.0
67;2021-07-06;3097;8441;630094;439007;55.6;38.8
67;2021-07-07;3915;8737;634009;447744;56.0;39.5
67;2021-07-08;4191;7787;638200;455531;56.3;40.2
67;2021-07-09;3758;11372;641958;466903;56.7;41.2
67;2021-07-10;2856;8203;644814;475106;56.9;41.9
67;2021-07-11;943;1993;645757;477099;57.0;42.1
67;2021-07-12;2467;9722;648224;486821;57.2;43.0
67;2021-07-13;4097;9890;652321;496711;57.6;43.9
67;2021-07-14;3486;4399;655807;501110;57.9;44.2
67;2021-07-15;5122;12224;660929;513334;58.4;45.3
67;2021-07-16;4841;12293;665770;525627;58.8;46.4
67;2021-07-17;3726;8827;669496;534454;59.1;47.2
67;2021-07-18;1459;2548;670955;537002;59.2;47.4
67;2021-07-19;4614;9748;675569;546750;59.6;48.3
67;2021-07-20;5759;9818;681328;556568;60.2;49.1
67;2021-07-21;5851;10644;687179;567212;60.7;50.1
67;2021-07-22;6416;10232;693595;577444;61.2;51.0
67;2021-07-23;7373;11193;700968;588637;61.9;52.0
67;2021-07-24;5417;7578;706385;596215;62.4;52.6
67;2021-07-25;2310;1966;708695;598181;62.6;52.8
67;2021-07-26;4979;7252;713674;605433;63.0;53.5
67;2021-07-27;6543;7309;720217;612742;63.6;54.1
67;2021-07-28;7508;7213;727725;619955;64.3;54.7
67;2021-07-29;8312;6432;736037;626387;65.0;55.3
67;2021-07-30;8581;7307;744618;633694;65.7;56.0
67;2021-07-31;5049;4864;749667;638558;66.2;56.4
67;2021-08-01;2434;1416;752101;639974;66.4;56.5
67;2021-08-02;6291;5080;758392;645054;67.0;57.0
67;2021-08-03;7261;4702;765653;649756;67.6;57.4
67;2021-08-04;6830;4598;772483;654354;68.2;57.8
67;2021-08-05;5690;4210;778173;658564;68.7;58.1
67;2021-08-06;6274;5414;784447;663978;69.3;58.6
67;2021-08-07;4602;4272;789049;668250;69.7;59.0
67;2021-08-08;1276;1433;790325;669683;69.8;59.1
67;2021-08-09;3094;4478;793419;674161;70.1;59.5
67;2021-08-10;3175;4772;796594;678933;70.3;59.9
67;2021-08-11;3397;4666;799991;683599;70.6;60.4
67;2021-08-12;3105;4877;803096;688476;70.9;60.8
67;2021-08-13;3135;5370;806231;693846;71.2;61.3
67;2021-08-14;2176;5059;808407;698905;71.4;61.7
67;2021-08-15;701;1595;809108;700500;71.4;61.8
67;2021-08-16;2055;5215;811163;705715;71.6;62.3
67;2021-08-17;2048;5246;813211;710961;71.8;62.8
68;2020-12-27;0;0;0;0;0.0;0.0
68;2020-12-28;0;0;0;0;0.0;0.0
68;2020-12-29;0;0;0;0;0.0;0.0
68;2020-12-30;0;0;0;0;0.0;0.0
68;2020-12-31;0;0;0;0;0.0;0.0
68;2021-01-01;0;0;0;0;0.0;0.0
68;2021-01-02;0;0;0;0;0.0;0.0
68;2021-01-03;0;0;0;0;0.0;0.0
68;2021-01-04;1;0;1;0;0.0;0.0
68;2021-01-05;11;0;12;0;0.0;0.0
68;2021-01-06;244;1;256;1;0.0;0.0
68;2021-01-07;75;0;331;1;0.0;0.0
68;2021-01-08;118;1;449;2;0.1;0.0
68;2021-01-09;20;0;469;2;0.1;0.0
68;2021-01-10;1;0;470;2;0.1;0.0
68;2021-01-11;82;0;552;2;0.1;0.0
68;2021-01-12;386;1;938;3;0.1;0.0
68;2021-01-13;703;2;1641;5;0.2;0.0
68;2021-01-14;372;2;2013;7;0.3;0.0
68;2021-01-15;204;1;2217;8;0.3;0.0
68;2021-01-16;1;0;2218;8;0.3;0.0
68;2021-01-17;0;0;2218;8;0.3;0.0
68;2021-01-18;379;6;2597;14;0.3;0.0
68;2021-01-19;559;5;3156;19;0.4;0.0
68;2021-01-20;707;10;3863;29;0.5;0.0
68;2021-01-21;1393;12;5256;41;0.7;0.0
68;2021-01-22;1499;11;6755;52;0.9;0.0
68;2021-01-23;215;3;6970;55;0.9;0.0
68;2021-01-24;697;0;7667;55;1.0;0.0
68;2021-01-25;1390;46;9057;101;1.2;0.0
68;2021-01-26;1553;79;10610;180;1.4;0.0
68;2021-01-27;2767;153;13377;333;1.8;0.0
68;2021-01-28;2352;60;15729;393;2.1;0.1
68;2021-01-29;1509;116;17238;509;2.3;0.1
68;2021-01-30;165;3;17403;512;2.3;0.1
68;2021-01-31;0;0;17403;512;2.3;0.1
68;2021-02-01;737;116;18140;628;2.4;0.1
68;2021-02-02;869;307;19009;935;2.5;0.1
68;2021-02-03;998;622;20007;1557;2.6;0.2
68;2021-02-04;1000;324;21007;1881;2.8;0.2
68;2021-02-05;946;236;21953;2117;2.9;0.3
68;2021-02-06;140;1;22093;2118;2.9;0.3
68;2021-02-07;1;16;22094;2134;2.9;0.3
68;2021-02-08;893;23;22987;2157;3.0;0.3
68;2021-02-09;1359;46;24346;2203;3.2;0.3
68;2021-02-10;1452;62;25798;2265;3.4;0.3
68;2021-02-11;1487;470;27285;2735;3.6;0.4
68;2021-02-12;1548;449;28833;3184;3.8;0.4
68;2021-02-13;132;1;28965;3185;3.8;0.4
68;2021-02-14;57;231;29022;3416;3.8;0.4
68;2021-02-15;662;1089;29684;4505;3.9;0.6
68;2021-02-16;863;1371;30547;5876;4.0;0.8
68;2021-02-17;1285;2141;31832;8017;4.2;1.1
68;2021-02-18;1656;2057;33488;10074;4.4;1.3
68;2021-02-19;986;1368;34474;11442;4.5;1.5
68;2021-02-20;93;125;34567;11567;4.5;1.5
68;2021-02-21;1;40;34568;11607;4.5;1.5
68;2021-02-22;446;797;35014;12404;4.6;1.6
68;2021-02-23;639;1061;35653;13465;4.7;1.8
68;2021-02-24;853;1155;36506;14620;4.8;1.9
68;2021-02-25;1209;1248;37715;15868;4.9;2.1
68;2021-02-26;1200;990;38915;16858;5.1;2.2
68;2021-02-27;547;174;39462;17032;5.2;2.2
68;2021-02-28;12;1;39474;17033;5.2;2.2
68;2021-03-01;940;766;40414;17799;5.3;2.3
68;2021-03-02;1215;928;41629;18727;5.5;2.5
68;2021-03-03;1592;968;43221;19695;5.7;2.6
68;2021-03-04;1989;1043;45210;20738;5.9;2.7
68;2021-03-05;2356;1048;47566;21786;6.2;2.9
68;2021-03-06;2284;246;49850;22032;6.5;2.9
68;2021-03-07;839;107;50689;22139;6.6;2.9
68;2021-03-08;1473;981;52162;23120;6.8;3.0
68;2021-03-09;1696;1334;53858;24454;7.1;3.2
68;2021-03-10;1963;1803;55821;26257;7.3;3.4
68;2021-03-11;2638;1916;58459;28173;7.7;3.7
68;2021-03-12;2629;1423;61088;29596;8.0;3.9
68;2021-03-13;3342;254;64430;29850;8.4;3.9
68;2021-03-14;1542;64;65972;29914;8.6;3.9
68;2021-03-15;1793;625;67765;30539;8.9;4.0
68;2021-03-16;2000;601;69765;31140;9.1;4.1
68;2021-03-17;1956;727;71721;31867;9.4;4.2
68;2021-03-18;2219;951;73940;32818;9.7;4.3
68;2021-03-19;3084;737;77024;33555;10.1;4.4
68;2021-03-20;973;122;77997;33677;10.2;4.4
68;2021-03-21;68;2;78065;33679;10.2;4.4
68;2021-03-22;1965;591;80030;34270;10.5;4.5
68;2021-03-23;2860;615;82890;34885;10.9;4.6
68;2021-03-24;3178;815;86068;35700;11.3;4.7
68;2021-03-25;3502;789;89570;36489;11.7;4.8
68;2021-03-26;3891;723;93461;37212;12.2;4.9
68;2021-03-27;1102;163;94563;37375;12.4;4.9
68;2021-03-28;55;3;94618;37378;12.4;4.9
68;2021-03-29;2264;1376;96882;38754;12.7;5.1
68;2021-03-30;2934;1303;99816;40057;13.1;5.2
68;2021-03-31;2641;1365;102457;41422;13.4;5.4
68;2021-04-01;2748;1547;105205;42969;13.8;5.6
68;2021-04-02;244;88;105449;43057;13.8;5.6
68;2021-04-03;240;124;105689;43181;13.8;5.7
68;2021-04-04;5;0;105694;43181;13.8;5.7
68;2021-04-05;48;3;105742;43184;13.9;5.7
68;2021-04-06;1793;1328;107535;44512;14.1;5.8
68;2021-04-07;2585;1536;110120;46048;14.4;6.0
68;2021-04-08;3233;1501;113353;47549;14.9;6.2
68;2021-04-09;4198;1525;117551;49074;15.4;6.4
68;2021-04-10;1201;1975;118752;51049;15.6;6.7
68;2021-04-11;126;1318;118878;52367;15.6;6.9
68;2021-04-12;2667;1636;121545;54003;15.9;7.1
68;2021-04-13;2760;2109;124305;56112;16.3;7.4
68;2021-04-14;3604;2266;127909;58378;16.8;7.6
68;2021-04-15;4051;2154;131960;60532;17.3;7.9
68;2021-04-16;3942;2077;135902;62609;17.8;8.2
68;2021-04-17;1075;442;136977;63051;17.9;8.3
68;2021-04-18;85;9;137062;63060;18.0;8.3
68;2021-04-19;2359;1837;139421;64897;18.3;8.5
68;2021-04-20;2440;2328;141861;67225;18.6;8.8
68;2021-04-21;2830;2479;144691;69704;19.0;9.1
68;2021-04-22;3286;1976;147977;71680;19.4;9.4
68;2021-04-23;3412;2074;151389;73754;19.8;9.7
68;2021-04-24;842;488;152231;74242;19.9;9.7
68;2021-04-25;214;20;152445;74262;20.0;9.7
68;2021-04-26;2328;2109;154773;76371;20.3;10.0
68;2021-04-27;2600;2218;157373;78589;20.6;10.3
68;2021-04-28;3573;1765;160946;80354;21.1;10.5
68;2021-04-29;4165;1748;165111;82102;21.6;10.8
68;2021-04-30;4833;1366;169944;83468;22.3;10.9
68;2021-05-01;946;121;170890;83589;22.4;11.0
68;2021-05-02;732;70;171622;83659;22.5;11.0
68;2021-05-03;3623;1817;175245;85476;23.0;11.2
68;2021-05-04;3935;2362;179180;87838;23.5;11.5
68;2021-05-05;3632;3241;182812;91079;24.0;11.9
68;2021-05-06;4806;2866;187618;93945;24.6;12.3
68;2021-05-07;4519;2908;192137;96853;25.2;12.7
68;2021-05-08;1671;211;193808;97064;25.4;12.7
68;2021-05-09;1077;107;194885;97171;25.5;12.7
68;2021-05-10;3159;3720;198044;100891;25.9;13.2
68;2021-05-11;4718;3618;202762;104509;26.6;13.7
68;2021-05-12;5785;3293;208547;107802;27.3;14.1
68;2021-05-13;4763;839;213310;108641;27.9;14.2
68;2021-05-14;5962;2134;219272;110775;28.7;14.5
68;2021-05-15;3560;911;222832;111686;29.2;14.6
68;2021-05-16;669;122;223501;111808;29.3;14.6
68;2021-05-17;4447;2497;227948;114305;29.9;15.0
68;2021-05-18;6139;2308;234087;116613;30.7;15.3
68;2021-05-19;5869;2887;239956;119500;31.4;15.7
68;2021-05-20;5930;2419;245886;121919;32.2;16.0
68;2021-05-21;5779;2870;251665;124789;33.0;16.4
68;2021-05-22;2578;926;254243;125715;33.3;16.5
68;2021-05-23;15;17;254258;125732;33.3;16.5
68;2021-05-24;2307;969;256565;126701;33.6;16.6
68;2021-05-25;4345;3438;260910;130139;34.2;17.1
68;2021-05-26;4882;3382;265792;133521;34.8;17.5
68;2021-05-27;5408;3405;271200;136926;35.5;17.9
68;2021-05-28;5620;3733;276820;140659;36.3;18.4
68;2021-05-29;1538;1186;278358;141845;36.5;18.6
68;2021-05-30;41;46;278399;141891;36.5;18.6
68;2021-05-31;5161;2362;283560;144253;37.2;18.9
68;2021-06-01;5988;2802;289548;147055;37.9;19.3
68;2021-06-02;4888;3014;294436;150069;38.6;19.7
68;2021-06-03;5941;3103;300377;153172;39.4;20.1
68;2021-06-04;4895;3306;305272;156478;40.0;20.5
68;2021-06-05;780;1169;306052;157647;40.1;20.7
68;2021-06-06;68;115;306120;157762;40.1;20.7
68;2021-06-07;4757;3036;310877;160798;40.7;21.1
68;2021-06-08;4941;3556;315818;164354;41.4;21.5
68;2021-06-09;4993;3442;320811;167796;42.0;22.0
68;2021-06-10;5202;3145;326013;170941;42.7;22.4
68;2021-06-11;5059;4153;331072;175094;43.4;22.9
68;2021-06-12;3035;1768;334107;176862;43.8;23.2
68;2021-06-13;515;682;334622;177544;43.8;23.3
68;2021-06-14;2517;4392;337139;181936;44.2;23.8
68;2021-06-15;3111;4722;340250;186658;44.6;24.5
68;2021-06-16;3388;4440;343638;191098;45.0;25.0
68;2021-06-17;2360;4460;345998;195558;45.3;25.6
68;2021-06-18;3356;5178;349354;200736;45.8;26.3
68;2021-06-19;2255;2170;351609;202906;46.1;26.6
68;2021-06-20;258;893;351867;203799;46.1;26.7
68;2021-06-21;2062;5154;353929;208953;46.4;27.4
68;2021-06-22;1901;5177;355830;214130;46.6;28.1
68;2021-06-23;2317;5744;358147;219874;46.9;28.8
68;2021-06-24;2154;4897;360301;224771;47.2;29.5
68;2021-06-25;2287;6660;362588;231431;47.5;30.3
68;2021-06-26;1303;2607;363891;234038;47.7;30.7
68;2021-06-27;151;880;364042;234918;47.7;30.8
68;2021-06-28;1601;6444;365643;241362;47.9;31.6
68;2021-06-29;1538;6635;367181;247997;48.1;32.5
68;2021-06-30;1797;6554;368978;254551;48.3;33.4
68;2021-07-01;2097;5351;371075;259902;48.6;34.1
68;2021-07-02;2102;6485;373177;266387;48.9;34.9
68;2021-07-03;988;1936;374165;268323;49.0;35.2
68;2021-07-04;242;201;374407;268524;49.1;35.2
68;2021-07-05;1458;5519;375865;274043;49.2;35.9
68;2021-07-06;2003;5886;377868;279929;49.5;36.7
68;2021-07-07;2455;4974;380323;284903;49.8;37.3
68;2021-07-08;2433;4749;382756;289652;50.2;38.0
68;2021-07-09;2092;7367;384848;297019;50.4;38.9
68;2021-07-10;1022;2002;385870;299021;50.6;39.2
68;2021-07-11;145;155;386015;299176;50.6;39.2
68;2021-07-12;1639;6778;387654;305954;50.8;40.1
68;2021-07-13;2901;6547;390555;312501;51.2;40.9
68;2021-07-14;1842;982;392397;313483;51.4;41.1
68;2021-07-15;3180;6651;395577;320134;51.8;41.9
68;2021-07-16;3809;6762;399386;326896;52.3;42.8
68;2021-07-17;3360;2296;402746;329192;52.8;43.1
68;2021-07-18;1053;233;403799;329425;52.9;43.2
68;2021-07-19;3045;6088;406844;335513;53.3;44.0
68;2021-07-20;4001;5675;410845;341188;53.8;44.7
68;2021-07-21;4334;5824;415179;347012;54.4;45.5
68;2021-07-22;4177;4845;419356;351857;54.9;46.1
68;2021-07-23;5028;5749;424384;357606;55.6;46.9
68;2021-07-24;3339;2125;427723;359731;56.0;47.1
68;2021-07-25;821;530;428544;360261;56.2;47.2
68;2021-07-26;4827;4439;433371;364700;56.8;47.8
68;2021-07-27;6345;3747;439716;368447;57.6;48.3
68;2021-07-28;6833;3874;446549;372321;58.5;48.8
68;2021-07-29;6374;3401;452923;375722;59.3;49.2
68;2021-07-30;6312;4366;459235;380088;60.2;49.8
68;2021-07-31;3903;1423;463138;381511;60.7;50.0
68;2021-08-01;1644;477;464782;381988;60.9;50.1
68;2021-08-02;4584;3130;469366;385118;61.5;50.5
68;2021-08-03;3526;2430;472892;387548;62.0;50.8
68;2021-08-04;3128;2685;476020;390233;62.4;51.1
68;2021-08-05;2729;2632;478749;392865;62.7;51.5
68;2021-08-06;3980;4311;482729;397176;63.3;52.0
68;2021-08-07;1224;1303;483953;398479;63.4;52.2
68;2021-08-08;359;803;484312;399282;63.5;52.3
68;2021-08-09;2561;3678;486873;402960;63.8;52.8
68;2021-08-10;2203;2777;489076;405737;64.1;53.2
68;2021-08-11;1895;2719;490971;408456;64.3;53.5
68;2021-08-12;1730;2657;492701;411113;64.6;53.9
68;2021-08-13;2668;4751;495369;415864;64.9;54.5
68;2021-08-14;705;1435;496074;417299;65.0;54.7
68;2021-08-15;45;446;496119;417745;65.0;54.7
68;2021-08-16;1962;5051;498081;422796;65.3;55.4
68;2021-08-17;1753;4826;499834;427622;65.5;56.0
69;2020-12-27;3;0;3;0;0.0;0.0
69;2020-12-28;8;0;11;0;0.0;0.0
69;2020-12-29;5;0;16;0;0.0;0.0
69;2020-12-30;6;0;22;0;0.0;0.0
69;2020-12-31;10;0;32;0;0.0;0.0
69;2021-01-01;2;0;34;0;0.0;0.0
69;2021-01-02;1;0;35;0;0.0;0.0
69;2021-01-03;1;0;36;0;0.0;0.0
69;2021-01-04;11;0;47;0;0.0;0.0
69;2021-01-05;215;0;262;0;0.0;0.0
69;2021-01-06;509;0;771;0;0.0;0.0
69;2021-01-07;812;0;1583;0;0.1;0.0
69;2021-01-08;826;0;2409;0;0.1;0.0
69;2021-01-09;37;1;2446;1;0.1;0.0
69;2021-01-10;3;1;2449;2;0.1;0.0
69;2021-01-11;1133;2;3582;4;0.2;0.0
69;2021-01-12;1396;7;4978;11;0.3;0.0
69;2021-01-13;1392;3;6370;14;0.3;0.0
69;2021-01-14;2273;21;8643;35;0.5;0.0
69;2021-01-15;1826;8;10469;43;0.6;0.0
69;2021-01-16;928;4;11397;47;0.6;0.0
69;2021-01-17;260;2;11657;49;0.6;0.0
69;2021-01-18;1694;18;13351;67;0.7;0.0
69;2021-01-19;3509;34;16860;101;0.9;0.0
69;2021-01-20;4451;28;21311;129;1.1;0.0
69;2021-01-21;4058;28;25369;157;1.4;0.0
69;2021-01-22;3163;20;28532;177;1.5;0.0
69;2021-01-23;1284;5;29816;182;1.6;0.0
69;2021-01-24;101;1;29917;183;1.6;0.0
69;2021-01-25;2237;42;32154;225;1.7;0.0
69;2021-01-26;2563;90;34717;315;1.9;0.0
69;2021-01-27;2355;177;37072;492;2.0;0.0
69;2021-01-28;2236;376;39308;868;2.1;0.0
69;2021-01-29;2111;290;41419;1158;2.2;0.1
69;2021-01-30;889;3;42308;1161;2.3;0.1
69;2021-01-31;65;0;42373;1161;2.3;0.1
69;2021-02-01;1112;401;43485;1562;2.3;0.1
69;2021-02-02;1551;413;45036;1975;2.4;0.1
69;2021-02-03;1442;537;46478;2512;2.5;0.1
69;2021-02-04;1793;954;48271;3466;2.6;0.2
69;2021-02-05;820;821;49091;4287;2.6;0.2
69;2021-02-06;369;53;49460;4340;2.6;0.2
69;2021-02-07;0;0;49460;4340;2.6;0.2
69;2021-02-08;1133;1077;50593;5417;2.7;0.3
69;2021-02-09;2049;2113;52642;7530;2.8;0.4
69;2021-02-10;1855;2649;54497;10179;2.9;0.5
69;2021-02-11;1862;3298;56359;13477;3.0;0.7
69;2021-02-12;1900;2112;58259;15589;3.1;0.8
69;2021-02-13;458;803;58717;16392;3.1;0.9
69;2021-02-14;89;40;58806;16432;3.1;0.9
69;2021-02-15;1014;1771;59820;18203;3.2;1.0
69;2021-02-16;984;2444;60804;20647;3.2;1.1
69;2021-02-17;1026;2392;61830;23039;3.3;1.2
69;2021-02-18;967;2310;62797;25349;3.3;1.4
69;2021-02-19;891;1878;63688;27227;3.4;1.5
69;2021-02-20;322;913;64010;28140;3.4;1.5
69;2021-02-21;53;68;64063;28208;3.4;1.5
69;2021-02-22;610;2100;64673;30308;3.4;1.6
69;2021-02-23;740;2227;65413;32535;3.5;1.7
69;2021-02-24;972;2248;66385;34783;3.5;1.9
69;2021-02-25;2215;2681;68600;37464;3.7;2.0
69;2021-02-26;2775;1925;71375;39389;3.8;2.1
69;2021-02-27;924;572;72299;39961;3.9;2.1
69;2021-02-28;148;104;72447;40065;3.9;2.1
69;2021-03-01;2163;909;74610;40974;4.0;2.2
69;2021-03-02;3297;1399;77907;42373;4.2;2.3
69;2021-03-03;3671;1228;81578;43601;4.3;2.3
69;2021-03-04;4878;1288;86456;44889;4.6;2.4
69;2021-03-05;5870;1257;92326;46146;4.9;2.5
69;2021-03-06;3416;420;95742;46566;5.1;2.5
69;2021-03-07;640;42;96382;46608;5.1;2.5
69;2021-03-08;2956;1123;99338;47731;5.3;2.5
69;2021-03-09;4609;1266;103947;48997;5.5;2.6
69;2021-03-10;5067;1049;109014;50046;5.8;2.7
69;2021-03-11;6601;1051;115615;51097;6.2;2.7
69;2021-03-12;8855;1211;124470;52308;6.6;2.8
69;2021-03-13;4928;238;129398;52546;6.9;2.8
69;2021-03-14;2742;145;132140;52691;7.0;2.8
69;2021-03-15;4806;713;136946;53404;7.3;2.8
69;2021-03-16;3818;644;140764;54048;7.5;2.9
69;2021-03-17;3951;888;144715;54936;7.7;2.9
69;2021-03-18;4964;1608;149679;56544;8.0;3.0
69;2021-03-19;6688;1058;156367;57602;8.3;3.1
69;2021-03-20;3591;273;159958;57875;8.5;3.1
69;2021-03-21;1978;95;161936;57970;8.6;3.1
69;2021-03-22;4548;815;166484;58785;8.9;3.1
69;2021-03-23;7365;825;173849;59610;9.3;3.2
69;2021-03-24;6455;1006;180304;60616;9.6;3.2
69;2021-03-25;8586;1118;188890;61734;10.1;3.3
69;2021-03-26;8813;1243;197703;62977;10.5;3.4
69;2021-03-27;3155;797;200858;63774;10.7;3.4
69;2021-03-28;2216;186;203074;63960;10.8;3.4
69;2021-03-29;4097;2193;207171;66153;11.0;3.5
69;2021-03-30;7646;2539;214817;68692;11.5;3.7
69;2021-03-31;6356;3172;221173;71864;11.8;3.8
69;2021-04-01;8450;2737;229623;74601;12.2;4.0
69;2021-04-02;8312;3127;237935;77728;12.7;4.1
69;2021-04-03;5423;2164;243358;79892;13.0;4.3
69;2021-04-04;6611;550;249969;80442;13.3;4.3
69;2021-04-05;6193;818;256162;81260;13.7;4.3
69;2021-04-06;5112;3485;261274;84745;13.9;4.5
69;2021-04-07;5169;3896;266443;88641;14.2;4.7
69;2021-04-08;6426;4058;272869;92699;14.5;4.9
69;2021-04-09;9165;3777;282034;96476;15.0;5.1
69;2021-04-10;3053;2501;285087;98977;15.2;5.3
69;2021-04-11;2039;1900;287126;100877;15.3;5.4
69;2021-04-12;5471;3580;292597;104457;15.6;5.6
69;2021-04-13;7070;4124;299667;108581;16.0;5.8
69;2021-04-14;6716;4153;306383;112734;16.3;6.0
69;2021-04-15;7929;4593;314312;117327;16.8;6.3
69;2021-04-16;7862;4501;322174;121828;17.2;6.5
69;2021-04-17;5039;2318;327213;124146;17.4;6.6
69;2021-04-18;1715;1795;328928;125941;17.5;6.7
69;2021-04-19;7020;3776;335948;129717;17.9;6.9
69;2021-04-20;6485;4749;342433;134466;18.3;7.2
69;2021-04-21;5688;4416;348121;138882;18.6;7.4
69;2021-04-22;6427;5438;354548;144320;18.9;7.7
69;2021-04-23;6733;4899;361281;149219;19.3;8.0
69;2021-04-24;3156;2029;364437;151248;19.4;8.1
69;2021-04-25;2119;1546;366556;152794;19.5;8.1
69;2021-04-26;4498;3881;371054;156675;19.8;8.4
69;2021-04-27;6516;5333;377570;162008;20.1;8.6
69;2021-04-28;6274;4865;383844;166873;20.5;8.9
69;2021-04-29;6701;5394;390545;172267;20.8;9.2
69;2021-04-30;6928;6174;397473;178441;21.2;9.5
69;2021-05-01;3301;644;400774;179085;21.4;9.5
69;2021-05-02;1627;5886;402401;184971;21.4;9.9
69;2021-05-03;5858;8247;408259;193218;21.8;10.3
69;2021-05-04;7607;8170;415866;201388;22.2;10.7
69;2021-05-05;11211;5644;427077;207032;22.8;11.0
69;2021-05-06;12474;6293;439551;213325;23.4;11.4
69;2021-05-07;11686;7163;451237;220488;24.1;11.8
69;2021-05-08;4303;1653;455540;222141;24.3;11.8
69;2021-05-09;6635;2682;462175;224823;24.6;12.0
69;2021-05-10;6936;6067;469111;230890;25.0;12.3
69;2021-05-11;9828;7044;478939;237934;25.5;12.7
69;2021-05-12;12463;6810;491402;244744;26.2;13.0
69;2021-05-13;10841;2559;502243;247303;26.8;13.2
69;2021-05-14;12590;5225;514833;252528;27.4;13.5
69;2021-05-15;9142;2599;523975;255127;27.9;13.6
69;2021-05-16;8408;1876;532383;257003;28.4;13.7
69;2021-05-17;11308;5656;543691;262659;29.0;14.0
69;2021-05-18;13226;6402;556917;269061;29.7;14.3
69;2021-05-19;13699;5897;570616;274958;30.4;14.7
69;2021-05-20;11385;6088;582001;281046;31.0;15.0
69;2021-05-21;11044;6569;593045;287615;31.6;15.3
69;2021-05-22;5579;2576;598624;290191;31.9;15.5
69;2021-05-23;4569;1546;603193;291737;32.2;15.6
69;2021-05-24;8431;1863;611624;293600;32.6;15.6
69;2021-05-25;9746;6179;621370;299779;33.1;16.0
69;2021-05-26;10288;6119;631658;305898;33.7;16.3
69;2021-05-27;10435;6788;642093;312686;34.2;16.7
69;2021-05-28;11619;8746;653712;321432;34.8;17.1
69;2021-05-29;7391;6042;661103;327474;35.2;17.5
69;2021-05-30;7384;3171;668487;330645;35.6;17.6
69;2021-05-31;10962;6382;679449;337027;36.2;18.0
69;2021-06-01;12834;7522;692283;344549;36.9;18.4
69;2021-06-02;14892;6715;707175;351264;37.7;18.7
69;2021-06-03;16640;7434;723815;358698;38.6;19.1
69;2021-06-04;16208;8565;740023;367263;39.4;19.6
69;2021-06-05;10106;3412;750129;370675;40.0;19.8
69;2021-06-06;7490;1715;757619;372390;40.4;19.8
69;2021-06-07;12819;7038;770438;379428;41.1;20.2
69;2021-06-08;16381;8287;786819;387715;41.9;20.7
69;2021-06-09;15220;7366;802039;395081;42.8;21.1
69;2021-06-10;16275;7328;818314;402409;43.6;21.4
69;2021-06-11;16657;9693;834971;412102;44.5;22.0
69;2021-06-12;8538;4191;843509;416293;45.0;22.2
69;2021-06-13;5621;2145;849130;418438;45.3;22.3
69;2021-06-14;8586;9100;857716;427538;45.7;22.8
69;2021-06-15;10942;11027;868658;438565;46.3;23.4
69;2021-06-16;11350;12329;880008;450894;46.9;24.0
69;2021-06-17;11471;13257;891479;464151;47.5;24.7
69;2021-06-18;12076;14780;903555;478931;48.2;25.5
69;2021-06-19;6828;8351;910383;487282;48.5;26.0
69;2021-06-20;5274;4767;915657;492049;48.8;26.2
69;2021-06-21;6557;12125;922214;504174;49.2;26.9
69;2021-06-22;7216;13841;929430;518015;49.5;27.6
69;2021-06-23;8356;13038;937786;531053;50.0;28.3
69;2021-06-24;9299;13737;947085;544790;50.5;29.0
69;2021-06-25;7075;16314;954160;561104;50.9;29.9
69;2021-06-26;3951;9078;958111;570182;51.1;30.4
69;2021-06-27;3290;7419;961401;577601;51.2;30.8
69;2021-06-28;4548;14889;965949;592490;51.5;31.6
69;2021-06-29;5368;15662;971317;608152;51.8;32.4
69;2021-06-30;6383;14454;977700;622606;52.1;33.2
69;2021-07-01;8098;11965;985798;634571;52.5;33.8
69;2021-07-02;9027;14127;994825;648698;53.0;34.6
69;2021-07-03;5994;7773;1000819;656471;53.3;35.0
69;2021-07-04;4152;5552;1004971;662023;53.6;35.3
69;2021-07-05;6145;13022;1011116;675045;53.9;36.0
69;2021-07-06;5530;14288;1016646;689333;54.2;36.7
69;2021-07-07;7265;13560;1023911;702893;54.6;37.5
69;2021-07-08;7506;13412;1031417;716305;55.0;38.2
69;2021-07-09;7459;16468;1038876;732773;55.4;39.1
69;2021-07-10;3116;10321;1041992;743094;55.5;39.6
69;2021-07-11;4329;5832;1046321;748926;55.8;39.9
69;2021-07-12;3951;16973;1050272;765899;56.0;40.8
69;2021-07-13;6168;20736;1056440;786635;56.3;41.9
69;2021-07-14;5015;8494;1061455;795129;56.6;42.4
69;2021-07-15;7397;22599;1068852;817728;57.0;43.6
69;2021-07-16;9501;20134;1078353;837862;57.5;44.7
69;2021-07-17;4866;12240;1083219;850102;57.7;45.3
69;2021-07-18;3397;8901;1086616;859003;57.9;45.8
69;2021-07-19;6434;16473;1093050;875476;58.3;46.7
69;2021-07-20;9050;19311;1102100;894787;58.7;47.7
69;2021-07-21;9272;17413;1111372;912200;59.2;48.6
69;2021-07-22;11355;16446;1122727;928646;59.8;49.5
69;2021-07-23;10940;17667;1133667;946313;60.4;50.4
69;2021-07-24;5541;11040;1139208;957353;60.7;51.0
69;2021-07-25;4687;6630;1143895;963983;61.0;51.4
69;2021-07-26;8554;12948;1152449;976931;61.4;52.1
69;2021-07-27;12762;12157;1165211;989088;62.1;52.7
69;2021-07-28;11844;12119;1177055;1001207;62.7;53.4
69;2021-07-29;14479;12292;1191534;1013499;63.5;54.0
69;2021-07-30;13482;12214;1205016;1025713;64.2;54.7
69;2021-07-31;7996;7214;1213012;1032927;64.7;55.1
69;2021-08-01;4971;5852;1217983;1038779;64.9;55.4
69;2021-08-02;10173;9571;1228156;1048350;65.5;55.9
69;2021-08-03;12689;8961;1240845;1057311;66.1;56.4
69;2021-08-04;12304;8115;1253149;1065426;66.8;56.8
69;2021-08-05;10772;7495;1263921;1072921;67.4;57.2
69;2021-08-06;9498;7757;1273419;1080678;67.9;57.6
69;2021-08-07;4716;4799;1278135;1085477;68.1;57.9
69;2021-08-08;4261;3541;1282396;1089018;68.4;58.0
69;2021-08-09;6864;9181;1289260;1098199;68.7;58.5
69;2021-08-10;7686;6988;1296946;1105187;69.1;58.9
69;2021-08-11;7501;8076;1304447;1113263;69.5;59.3
69;2021-08-12;6944;7299;1311391;1120562;69.9;59.7
69;2021-08-13;6113;8311;1317504;1128873;70.2;60.2
69;2021-08-14;4156;5348;1321660;1134221;70.4;60.5
69;2021-08-15;2337;2512;1323997;1136733;70.6;60.6
69;2021-08-16;4835;8836;1328832;1145569;70.8;61.1
69;2021-08-17;6088;8206;1334920;1153775;71.2;61.5
70;2020-12-27;0;0;0;0;0.0;0.0
70;2020-12-28;0;0;0;0;0.0;0.0
70;2020-12-29;0;0;0;0;0.0;0.0
70;2020-12-30;0;0;0;0;0.0;0.0
70;2020-12-31;0;0;0;0;0.0;0.0
70;2021-01-01;0;0;0;0;0.0;0.0
70;2021-01-02;0;0;0;0;0.0;0.0
70;2021-01-03;0;0;0;0;0.0;0.0
70;2021-01-04;0;0;0;0;0.0;0.0
70;2021-01-05;0;0;0;0;0.0;0.0
70;2021-01-06;24;0;24;0;0.0;0.0
70;2021-01-07;121;0;145;0;0.1;0.0
70;2021-01-08;22;0;167;0;0.1;0.0
70;2021-01-09;0;0;167;0;0.1;0.0
70;2021-01-10;0;0;167;0;0.1;0.0
70;2021-01-11;148;1;315;1;0.1;0.0
70;2021-01-12;201;1;516;2;0.2;0.0
70;2021-01-13;172;2;688;4;0.3;0.0
70;2021-01-14;149;6;837;10;0.4;0.0
70;2021-01-15;153;0;990;10;0.4;0.0
70;2021-01-16;65;0;1055;10;0.5;0.0
70;2021-01-17;0;0;1055;10;0.5;0.0
70;2021-01-18;394;0;1449;10;0.6;0.0
70;2021-01-19;502;2;1951;12;0.8;0.0
70;2021-01-20;494;2;2445;14;1.0;0.0
70;2021-01-21;673;2;3118;16;1.3;0.0
70;2021-01-22;458;3;3576;19;1.5;0.0
70;2021-01-23;261;2;3837;21;1.6;0.0
70;2021-01-24;4;0;3841;21;1.6;0.0
70;2021-01-25;371;1;4212;22;1.8;0.0
70;2021-01-26;335;1;4547;23;1.9;0.0
70;2021-01-27;329;10;4876;33;2.1;0.0
70;2021-01-28;365;36;5241;69;2.2;0.0
70;2021-01-29;329;52;5570;121;2.4;0.1
70;2021-01-30;228;1;5798;122;2.5;0.1
70;2021-01-31;0;0;5798;122;2.5;0.1
70;2021-02-01;260;52;6058;174;2.6;0.1
70;2021-02-02;272;98;6330;272;2.7;0.1
70;2021-02-03;251;61;6581;333;2.8;0.1
70;2021-02-04;264;122;6845;455;2.9;0.2
70;2021-02-05;254;75;7099;530;3.0;0.2
70;2021-02-06;209;38;7308;568;3.1;0.2
70;2021-02-07;0;0;7308;568;3.1;0.2
70;2021-02-08;178;234;7486;802;3.2;0.3
70;2021-02-09;205;231;7691;1033;3.3;0.4
70;2021-02-10;196;303;7887;1336;3.4;0.6
70;2021-02-11;351;329;8238;1665;3.5;0.7
70;2021-02-12;239;492;8477;2157;3.6;0.9
70;2021-02-13;75;211;8552;2368;3.7;1.0
70;2021-02-14;0;29;8552;2397;3.7;1.0
70;2021-02-15;70;340;8622;2737;3.7;1.2
70;2021-02-16;113;362;8735;3099;3.7;1.3
70;2021-02-17;167;305;8902;3404;3.8;1.5
70;2021-02-18;205;258;9107;3662;3.9;1.6
70;2021-02-19;197;206;9304;3868;4.0;1.7
70;2021-02-20;192;69;9496;3937;4.1;1.7
70;2021-02-21;1;0;9497;3937;4.1;1.7
70;2021-02-22;106;237;9603;4174;4.1;1.8
70;2021-02-23;125;261;9728;4435;4.2;1.9
70;2021-02-24;130;233;9858;4668;4.2;2.0
70;2021-02-25;315;257;10173;4925;4.4;2.1
70;2021-02-26;395;149;10568;5074;4.5;2.2
70;2021-02-27;147;202;10715;5276;4.6;2.3
70;2021-02-28;0;0;10715;5276;4.6;2.3
70;2021-03-01;249;242;10964;5518;4.7;2.4
70;2021-03-02;487;276;11451;5794;4.9;2.5
70;2021-03-03;467;260;11918;6054;5.1;2.6
70;2021-03-04;691;272;12609;6326;5.4;2.7
70;2021-03-05;766;258;13375;6584;5.7;2.8
70;2021-03-06;540;116;13915;6700;6.0;2.9
70;2021-03-07;216;23;14131;6723;6.1;2.9
70;2021-03-08;554;211;14685;6934;6.3;3.0
70;2021-03-09;866;175;15551;7109;6.7;3.0
70;2021-03-10;659;177;16210;7286;7.0;3.1
70;2021-03-11;698;254;16908;7540;7.3;3.2
70;2021-03-12;985;178;17893;7718;7.7;3.3
70;2021-03-13;582;120;18475;7838;7.9;3.4
70;2021-03-14;19;0;18494;7838;7.9;3.4
70;2021-03-15;774;109;19268;7947;8.3;3.4
70;2021-03-16;655;95;19923;8042;8.5;3.4
70;2021-03-17;595;181;20518;8223;8.8;3.5
70;2021-03-18;633;141;21151;8364;9.1;3.6
70;2021-03-19;1018;141;22169;8505;9.5;3.6
70;2021-03-20;641;185;22810;8690;9.8;3.7
70;2021-03-21;9;0;22819;8690;9.8;3.7
70;2021-03-22;757;98;23576;8788;10.1;3.8
70;2021-03-23;1309;159;24885;8947;10.7;3.8
70;2021-03-24;1270;106;26155;9053;11.2;3.9
70;2021-03-25;1245;196;27400;9249;11.7;4.0
70;2021-03-26;1487;296;28887;9545;12.4;4.1
70;2021-03-27;957;128;29844;9673;12.8;4.1
70;2021-03-28;0;10;29844;9683;12.8;4.2
70;2021-03-29;718;413;30562;10096;13.1;4.3
70;2021-03-30;1093;316;31655;10412;13.6;4.5
70;2021-03-31;878;317;32533;10729;14.0;4.6
70;2021-04-01;1153;426;33686;11155;14.4;4.8
70;2021-04-02;1310;345;34996;11500;15.0;4.9
70;2021-04-03;639;321;35635;11821;15.3;5.1
70;2021-04-04;10;0;35645;11821;15.3;5.1
70;2021-04-05;4;2;35649;11823;15.3;5.1
70;2021-04-06;831;554;36480;12377;15.6;5.3
70;2021-04-07;858;588;37338;12965;16.0;5.6
70;2021-04-08;1320;562;38658;13527;16.6;5.8
70;2021-04-09;1403;533;40061;14060;17.2;6.0
70;2021-04-10;859;348;40920;14408;17.5;6.2
70;2021-04-11;21;1;40941;14409;17.6;6.2
70;2021-04-12;695;659;41636;15068;17.9;6.5
70;2021-04-13;920;770;42556;15838;18.2;6.8
70;2021-04-14;815;576;43371;16414;18.6;7.0
70;2021-04-15;1079;606;44450;17020;19.1;7.3
70;2021-04-16;1244;552;45694;17572;19.6;7.5
70;2021-04-17;689;470;46383;18042;19.9;7.7
70;2021-04-18;59;4;46442;18046;19.9;7.7
70;2021-04-19;540;807;46982;18853;20.1;8.1
70;2021-04-20;664;855;47646;19708;20.4;8.5
70;2021-04-21;484;929;48130;20637;20.6;8.8
70;2021-04-22;776;800;48906;21437;21.0;9.2
70;2021-04-23;875;743;49781;22180;21.3;9.5
70;2021-04-24;432;642;50213;22822;21.5;9.8
70;2021-04-25;11;0;50224;22822;21.5;9.8
70;2021-04-26;925;603;51149;23425;21.9;10.0
70;2021-04-27;1209;752;52358;24177;22.5;10.4
70;2021-04-28;889;811;53247;24988;22.8;10.7
70;2021-04-29;1343;931;54590;25919;23.4;11.1
70;2021-04-30;1533;876;56123;26795;24.1;11.5
70;2021-05-01;1694;120;57817;26915;24.8;11.5
70;2021-05-02;2;0;57819;26915;24.8;11.5
70;2021-05-03;1191;578;59010;27493;25.3;11.8
70;2021-05-04;1354;753;60364;28246;25.9;12.1
70;2021-05-05;1190;875;61554;29121;26.4;12.5
70;2021-05-06;1846;1267;63400;30388;27.2;13.0
70;2021-05-07;2127;1242;65527;31630;28.1;13.6
70;2021-05-08;1341;190;66868;31820;28.7;13.6
70;2021-05-09;8;58;66876;31878;28.7;13.7
70;2021-05-10;960;946;67836;32824;29.1;14.1
70;2021-05-11;1239;1071;69075;33895;29.6;14.5
70;2021-05-12;1176;866;70251;34761;30.1;14.9
70;2021-05-13;1544;147;71795;34908;30.8;15.0
70;2021-05-14;2062;758;73857;35666;31.7;15.3
70;2021-05-15;2657;531;76514;36197;32.8;15.5
70;2021-05-16;999;71;77513;36268;33.2;15.6
70;2021-05-17;1237;385;78750;36653;33.8;15.7
70;2021-05-18;1296;591;80046;37244;34.3;16.0
70;2021-05-19;1476;479;81522;37723;35.0;16.2
70;2021-05-20;1780;632;83302;38355;35.7;16.4
70;2021-05-21;1690;819;84992;39174;36.4;16.8
70;2021-05-22;1221;665;86213;39839;37.0;17.1
70;2021-05-23;8;14;86221;39853;37.0;17.1
70;2021-05-24;227;25;86448;39878;37.1;17.1
70;2021-05-25;836;927;87284;40805;37.4;17.5
70;2021-05-26;1048;947;88332;41752;37.9;17.9
70;2021-05-27;1263;998;89595;42750;38.4;18.3
70;2021-05-28;1546;1161;91141;43911;39.1;18.8
70;2021-05-29;1371;587;92512;44498;39.7;19.1
70;2021-05-30;1;8;92513;44506;39.7;19.1
70;2021-05-31;969;678;93482;45184;40.1;19.4
70;2021-06-01;1213;849;94695;46033;40.6;19.7
70;2021-06-02;1264;679;95959;46712;41.1;20.0
70;2021-06-03;1430;840;97389;47552;41.8;20.4
70;2021-06-04;1336;1109;98725;48661;42.3;20.9
70;2021-06-05;1024;664;99749;49325;42.8;21.2
70;2021-06-06;599;79;100348;49404;43.0;21.2
70;2021-06-07;940;850;101288;50254;43.4;21.6
70;2021-06-08;1217;1185;102505;51439;44.0;22.1
70;2021-06-09;1156;987;103661;52426;44.5;22.5
70;2021-06-10;1567;829;105228;53255;45.1;22.8
70;2021-06-11;1586;1956;106814;55211;45.8;23.7
70;2021-06-12;829;1971;107643;57182;46.2;24.5
70;2021-06-13;142;14;107785;57196;46.2;24.5
70;2021-06-14;558;1245;108343;58441;46.5;25.1
70;2021-06-15;451;1507;108794;59948;46.7;25.7
70;2021-06-16;800;1394;109594;61342;47.0;26.3
70;2021-06-17;1150;2095;110744;63437;47.5;27.2
70;2021-06-18;997;2255;111741;65692;47.9;28.2
70;2021-06-19;1091;1639;112832;67331;48.4;28.9
70;2021-06-20;1;3;112833;67334;48.4;28.9
70;2021-06-21;692;1453;113525;68787;48.7;29.5
70;2021-06-22;654;1510;114179;70297;49.0;30.1
70;2021-06-23;662;1570;114841;71867;49.2;30.8
70;2021-06-24;877;2049;115718;73916;49.6;31.7
70;2021-06-25;683;2646;116401;76562;49.9;32.8
70;2021-06-26;943;2136;117344;78698;50.3;33.7
70;2021-06-27;141;761;117485;79459;50.4;34.1
70;2021-06-28;336;1349;117821;80808;50.5;34.7
70;2021-06-29;411;1610;118232;82418;50.7;35.3
70;2021-06-30;390;1635;118622;84053;50.9;36.0
70;2021-07-01;640;1751;119262;85804;51.1;36.8
70;2021-07-02;815;1577;120077;87381;51.5;37.5
70;2021-07-03;841;1080;120918;88461;51.9;37.9
70;2021-07-04;29;70;120947;88531;51.9;38.0
70;2021-07-05;611;1037;121558;89568;52.1;38.4
70;2021-07-06;681;1275;122239;90843;52.4;39.0
70;2021-07-07;508;1424;122747;92267;52.6;39.6
70;2021-07-08;815;1572;123562;93839;53.0;40.2
70;2021-07-09;872;1662;124434;95501;53.4;41.0
70;2021-07-10;831;1031;125265;96532;53.7;41.4
70;2021-07-11;7;20;125272;96552;53.7;41.4
70;2021-07-12;430;1394;125702;97946;53.9;42.0
70;2021-07-13;907;1867;126609;99813;54.3;42.8
70;2021-07-14;33;6;126642;99819;54.3;42.8
70;2021-07-15;1380;1693;128022;101512;54.9;43.5
70;2021-07-16;1624;2065;129646;103577;55.6;44.4
70;2021-07-17;1501;1449;131147;105026;56.2;45.0
70;2021-07-18;1144;639;132291;105665;56.7;45.3
70;2021-07-19;883;972;133174;106637;57.1;45.7
70;2021-07-20;1349;1356;134523;107993;57.7;46.3
70;2021-07-21;1285;1402;135808;109395;58.2;46.9
70;2021-07-22;1863;1824;137671;111219;59.0;47.7
70;2021-07-23;1827;2495;139498;113714;59.8;48.8
70;2021-07-24;1363;1804;140861;115518;60.4;49.5
70;2021-07-25;25;3;140886;115521;60.4;49.5
70;2021-07-26;1053;974;141939;116495;60.9;50.0
70;2021-07-27;1392;976;143331;117471;61.5;50.4
70;2021-07-28;1394;1163;144725;118634;62.1;50.9
70;2021-07-29;1871;1382;146596;120016;62.9;51.5
70;2021-07-30;1966;1345;148562;121361;63.7;52.0
70;2021-07-31;1745;1162;150307;122523;64.5;52.5
70;2021-08-01;1;4;150308;122527;64.5;52.5
70;2021-08-02;773;735;151081;123262;64.8;52.9
70;2021-08-03;1290;1035;152371;124297;65.3;53.3
70;2021-08-04;1209;917;153580;125214;65.9;53.7
70;2021-08-05;1657;1190;155237;126404;66.6;54.2
70;2021-08-06;1794;1332;157031;127736;67.3;54.8
70;2021-08-07;1189;1028;158220;128764;67.8;55.2
70;2021-08-08;35;28;158255;128792;67.9;55.2
70;2021-08-09;527;702;158782;129494;68.1;55.5
70;2021-08-10;896;1132;159678;130626;68.5;56.0
70;2021-08-11;806;723;160484;131349;68.8;56.3
70;2021-08-12;901;1273;161385;132622;69.2;56.9
70;2021-08-13;1029;1618;162414;134240;69.6;57.6
70;2021-08-14;769;968;163183;135208;70.0;58.0
70;2021-08-15;36;28;163219;135236;70.0;58.0
70;2021-08-16;544;905;163763;136141;70.2;58.4
70;2021-08-17;670;1190;164433;137331;70.5;58.9
71;2020-12-27;0;0;0;0;0.0;0.0
71;2020-12-28;0;0;0;0;0.0;0.0
71;2020-12-29;0;0;0;0;0.0;0.0
71;2020-12-30;0;0;0;0;0.0;0.0
71;2020-12-31;0;0;0;0;0.0;0.0
71;2021-01-01;1;0;1;0;0.0;0.0
71;2021-01-02;0;0;1;0;0.0;0.0
71;2021-01-03;1;0;2;0;0.0;0.0
71;2021-01-04;1;0;3;0;0.0;0.0
71;2021-01-05;12;0;15;0;0.0;0.0
71;2021-01-06;72;0;87;0;0.0;0.0
71;2021-01-07;66;0;153;0;0.0;0.0
71;2021-01-08;146;0;299;0;0.1;0.0
71;2021-01-09;117;0;416;0;0.1;0.0
71;2021-01-10;1;0;417;0;0.1;0.0
71;2021-01-11;245;0;662;0;0.1;0.0
71;2021-01-12;846;1;1508;1;0.3;0.0
71;2021-01-13;562;2;2070;3;0.4;0.0
71;2021-01-14;581;9;2651;12;0.5;0.0
71;2021-01-15;666;2;3317;14;0.6;0.0
71;2021-01-16;9;0;3326;14;0.6;0.0
71;2021-01-17;0;0;3326;14;0.6;0.0
71;2021-01-18;1094;8;4420;22;0.8;0.0
71;2021-01-19;1691;6;6111;28;1.1;0.0
71;2021-01-20;1512;5;7623;33;1.4;0.0
71;2021-01-21;2057;16;9680;49;1.8;0.0
71;2021-01-22;1411;6;11091;55;2.0;0.0
71;2021-01-23;815;6;11906;61;2.2;0.0
71;2021-01-24;0;0;11906;61;2.2;0.0
71;2021-01-25;1064;6;12970;67;2.4;0.0
71;2021-01-26;1504;19;14474;86;2.6;0.0
71;2021-01-27;1248;33;15722;119;2.9;0.0
71;2021-01-28;1082;97;16804;216;3.1;0.0
71;2021-01-29;1014;143;17818;359;3.3;0.1
71;2021-01-30;604;2;18422;361;3.4;0.1
71;2021-01-31;1;15;18423;376;3.4;0.1
71;2021-02-01;751;238;19174;614;3.5;0.1
71;2021-02-02;753;357;19927;971;3.6;0.2
71;2021-02-03;818;424;20745;1395;3.8;0.3
71;2021-02-04;780;572;21525;1967;3.9;0.4
71;2021-02-05;705;525;22230;2492;4.1;0.5
71;2021-02-06;535;9;22765;2501;4.2;0.5
71;2021-02-07;3;50;22768;2551;4.2;0.5
71;2021-02-08;603;699;23371;3250;4.3;0.6
71;2021-02-09;370;1012;23741;4262;4.3;0.8
71;2021-02-10;412;991;24153;5253;4.4;1.0
71;2021-02-11;472;1180;24625;6433;4.5;1.2
71;2021-02-12;534;1037;25159;7470;4.6;1.4
71;2021-02-13;124;512;25283;7982;4.6;1.5
71;2021-02-14;1;7;25284;7989;4.6;1.5
71;2021-02-15;322;913;25606;8902;4.7;1.6
71;2021-02-16;442;1364;26048;10266;4.8;1.9
71;2021-02-17;426;1125;26474;11391;4.8;2.1
71;2021-02-18;548;935;27022;12326;4.9;2.2
71;2021-02-19;574;850;27596;13176;5.0;2.4
71;2021-02-20;224;381;27820;13557;5.1;2.5
71;2021-02-21;4;13;27824;13570;5.1;2.5
71;2021-02-22;237;873;28061;14443;5.1;2.6
71;2021-02-23;452;926;28513;15369;5.2;2.8
71;2021-02-24;444;724;28957;16093;5.3;2.9
71;2021-02-25;532;728;29489;16821;5.4;3.1
71;2021-02-26;830;531;30319;17352;5.5;3.2
71;2021-02-27;456;339;30775;17691;5.6;3.2
71;2021-02-28;54;14;30829;17705;5.6;3.2
71;2021-03-01;1188;680;32017;18385;5.8;3.4
71;2021-03-02;1574;644;33591;19029;6.1;3.5
71;2021-03-03;1819;771;35410;19800;6.5;3.6
71;2021-03-04;2002;822;37412;20622;6.8;3.8
71;2021-03-05;2284;693;39696;21315;7.2;3.9
71;2021-03-06;755;65;40451;21380;7.4;3.9
71;2021-03-07;40;21;40491;21401;7.4;3.9
71;2021-03-08;1452;784;41943;22185;7.7;4.0
71;2021-03-09;2160;528;44103;22713;8.1;4.1
71;2021-03-10;2166;469;46269;23182;8.4;4.2
71;2021-03-11;2631;658;48900;23840;8.9;4.4
71;2021-03-12;2607;624;51507;24464;9.4;4.5
71;2021-03-13;996;101;52503;24565;9.6;4.5
71;2021-03-14;35;0;52538;24565;9.6;4.5
71;2021-03-15;1799;498;54337;25063;9.9;4.6
71;2021-03-16;1821;198;56158;25261;10.3;4.6
71;2021-03-17;2132;251;58290;25512;10.6;4.7
71;2021-03-18;1953;438;60243;25950;11.0;4.7
71;2021-03-19;2368;330;62611;26280;11.4;4.8
71;2021-03-20;1084;38;63695;26318;11.6;4.8
71;2021-03-21;17;5;63712;26323;11.6;4.8
71;2021-03-22;2576;375;66288;26698;12.1;4.9
71;2021-03-23;3347;507;69635;27205;12.7;5.0
71;2021-03-24;3348;460;72983;27665;13.3;5.0
71;2021-03-25;4026;586;77009;28251;14.1;5.2
71;2021-03-26;4054;339;81063;28590;14.8;5.2
71;2021-03-27;998;107;82061;28697;15.0;5.2
71;2021-03-28;57;8;82118;28705;15.0;5.2
71;2021-03-29;2405;1172;84523;29877;15.4;5.5
71;2021-03-30;2952;1361;87475;31238;16.0;5.7
71;2021-03-31;2554;1524;90029;32762;16.4;6.0
71;2021-04-01;2718;1300;92747;34062;16.9;6.2
71;2021-04-02;2504;1422;95251;35484;17.4;6.5
71;2021-04-03;268;34;95519;35518;17.4;6.5
71;2021-04-04;6;0;95525;35518;17.4;6.5
71;2021-04-05;61;0;95586;35518;17.4;6.5
71;2021-04-06;2260;1876;97846;37394;17.9;6.8
71;2021-04-07;2391;1792;100237;39186;18.3;7.2
71;2021-04-08;3283;1806;103520;40992;18.9;7.5
71;2021-04-09;4039;1671;107559;42663;19.6;7.8
71;2021-04-10;769;46;108328;42709;19.8;7.8
71;2021-04-11;100;3;108428;42712;19.8;7.8
71;2021-04-12;2354;1701;110782;44413;20.2;8.1
71;2021-04-13;2583;1894;113365;46307;20.7;8.5
71;2021-04-14;2372;1920;115737;48227;21.1;8.8
71;2021-04-15;2778;1689;118515;49916;21.6;9.1
71;2021-04-16;2627;1649;121142;51565;22.1;9.4
71;2021-04-17;952;344;122094;51909;22.3;9.5
71;2021-04-18;106;5;122200;51914;22.3;9.5
71;2021-04-19;1759;2574;123959;54488;22.6;9.9
71;2021-04-20;2219;2601;126178;57089;23.0;10.4
71;2021-04-21;2125;2594;128303;59683;23.4;10.9
71;2021-04-22;2512;2443;130815;62126;23.9;11.3
71;2021-04-23;2920;2270;133735;64396;24.4;11.8
71;2021-04-24;518;52;134253;64448;24.5;11.8
71;2021-04-25;26;0;134279;64448;24.5;11.8
71;2021-04-26;2567;2135;136846;66583;25.0;12.2
71;2021-04-27;2985;2262;139831;68845;25.5;12.6
71;2021-04-28;3075;2131;142906;70976;26.1;13.0
71;2021-04-29;3779;2234;146685;73210;26.8;13.4
71;2021-04-30;3928;1727;150613;74937;27.5;13.7
71;2021-05-01;39;53;150652;74990;27.5;13.7
71;2021-05-02;23;18;150675;75008;27.5;13.7
71;2021-05-03;4289;1385;154964;76393;28.3;13.9
71;2021-05-04;2955;2353;157919;78746;28.8;14.4
71;2021-05-05;3426;2096;161345;80842;29.5;14.8
71;2021-05-06;3466;2369;164811;83211;30.1;15.2
71;2021-05-07;3675;2813;168486;86024;30.8;15.7
71;2021-05-08;180;183;168666;86207;30.8;15.7
71;2021-05-09;44;47;168710;86254;30.8;15.7
71;2021-05-10;3700;2285;172410;88539;31.5;16.2
71;2021-05-11;4663;2358;177073;90897;32.3;16.6
71;2021-05-12;3975;2599;181048;93496;33.0;17.1
71;2021-05-13;1576;154;182624;93650;33.3;17.1
71;2021-05-14;3764;2193;186388;95843;34.0;17.5
71;2021-05-15;242;329;186630;96172;34.1;17.6
71;2021-05-16;2;0;186632;96172;34.1;17.6
71;2021-05-17;3864;1886;190496;98058;34.8;17.9
71;2021-05-18;3496;2429;193992;100487;35.4;18.3
71;2021-05-19;3719;2282;197711;102769;36.1;18.8
71;2021-05-20;4181;2299;201892;105068;36.9;19.2
71;2021-05-21;3723;2577;205615;107645;37.5;19.6
71;2021-05-22;168;306;205783;107951;37.6;19.7
71;2021-05-23;14;55;205797;108006;37.6;19.7
71;2021-05-24;18;96;205815;108102;37.6;19.7
71;2021-05-25;2690;3008;208505;111110;38.1;20.3
71;2021-05-26;2972;2433;211477;113543;38.6;20.7
71;2021-05-27;3388;2589;214865;116132;39.2;21.2
71;2021-05-28;2919;3162;217784;119294;39.8;21.8
71;2021-05-29;482;659;218266;119953;39.8;21.9
71;2021-05-30;75;57;218341;120010;39.9;21.9
71;2021-05-31;2776;3458;221117;123468;40.4;22.5
71;2021-06-01;3673;3542;224790;127010;41.0;23.2
71;2021-06-02;3995;2624;228785;129634;41.8;23.7
71;2021-06-03;4436;2530;233221;132164;42.6;24.1
71;2021-06-04;3717;3714;236938;135878;43.3;24.8
71;2021-06-05;683;645;237621;136523;43.4;24.9
71;2021-06-06;57;91;237678;136614;43.4;24.9
71;2021-06-07;3281;4149;240959;140763;44.0;25.7
71;2021-06-08;3897;4014;244856;144777;44.7;26.4
71;2021-06-09;4694;2750;249550;147527;45.6;26.9
71;2021-06-10;5269;2744;254819;150271;46.5;27.4
71;2021-06-11;4435;3722;259254;153993;47.3;28.1
71;2021-06-12;716;594;259970;154587;47.5;28.2
71;2021-06-13;104;187;260074;154774;47.5;28.3
71;2021-06-14;3512;3782;263586;158556;48.1;28.9
71;2021-06-15;4207;3560;267793;162116;48.9;29.6
71;2021-06-16;4596;2718;272389;164834;49.7;30.1
71;2021-06-17;4268;2997;276657;167831;50.5;30.6
71;2021-06-18;4324;3772;280981;171603;51.3;31.3
71;2021-06-19;1269;653;282250;172256;51.5;31.4
71;2021-06-20;37;27;282287;172283;51.5;31.4
71;2021-06-21;2270;4282;284557;176565;51.9;32.2
71;2021-06-22;2685;4353;287242;180918;52.4;33.0
71;2021-06-23;3062;3417;290304;184335;53.0;33.6
71;2021-06-24;3328;3021;293632;187356;53.6;34.2
71;2021-06-25;2652;4473;296284;191829;54.1;35.0
71;2021-06-26;372;550;296656;192379;54.2;35.1
71;2021-06-27;30;68;296686;192447;54.2;35.1
71;2021-06-28;1533;4621;298219;197068;54.4;36.0
71;2021-06-29;1991;4824;300210;201892;54.8;36.9
71;2021-06-30;2503;3936;302713;205828;55.3;37.6
71;2021-07-01;2688;3903;305401;209731;55.7;38.3
71;2021-07-02;2942;3984;308343;213715;56.3;39.0
71;2021-07-03;318;711;308661;214426;56.3;39.1
71;2021-07-04;28;133;308689;214559;56.3;39.2
71;2021-07-05;2476;4320;311165;218879;56.8;40.0
71;2021-07-06;2462;4566;313627;223445;57.2;40.8
71;2021-07-07;2984;3725;316611;227170;57.8;41.5
71;2021-07-08;2766;4115;319377;231285;58.3;42.2
71;2021-07-09;2381;5025;321758;236310;58.7;43.1
71;2021-07-10;208;655;321966;236965;58.8;43.3
71;2021-07-11;15;65;321981;237030;58.8;43.3
71;2021-07-12;1910;5308;323891;242338;59.1;44.2
71;2021-07-13;2540;5870;326431;248208;59.6;45.3
71;2021-07-14;948;399;327379;248607;59.8;45.4
71;2021-07-15;3019;5737;330398;254344;60.3;46.4
71;2021-07-16;3294;6012;333692;260356;60.9;47.5
71;2021-07-17;503;782;334195;261138;61.0;47.7
71;2021-07-18;88;93;334283;261231;61.0;47.7
71;2021-07-19;2863;5569;337146;266800;61.5;48.7
71;2021-07-20;3361;5921;340507;272721;62.2;49.8
71;2021-07-21;3400;5466;343907;278187;62.8;50.8
71;2021-07-22;3940;5342;347847;283529;63.5;51.8
71;2021-07-23;3231;5999;351078;289528;64.1;52.9
71;2021-07-24;704;598;351782;290126;64.2;53.0
71;2021-07-25;147;80;351929;290206;64.2;53.0
71;2021-07-26;3584;4902;355513;295108;64.9;53.9
71;2021-07-27;4070;5121;359583;300229;65.6;54.8
71;2021-07-28;4211;4821;363794;305050;66.4;55.7
71;2021-07-29;4193;4641;367987;309691;67.2;56.5
71;2021-07-30;4221;4918;372208;314609;67.9;57.4
71;2021-07-31;718;727;372926;315336;68.1;57.6
71;2021-08-01;104;35;373030;315371;68.1;57.6
71;2021-08-02;3943;3757;376973;319128;68.8;58.3
71;2021-08-03;4379;3822;381352;322950;69.6;59.0
71;2021-08-04;4371;2979;385723;325929;70.4;59.5
71;2021-08-05;4149;3253;389872;329182;71.2;60.1
71;2021-08-06;3669;4007;393541;333189;71.8;60.8
71;2021-08-07;492;328;394033;333517;71.9;60.9
71;2021-08-08;46;65;394079;333582;71.9;60.9
71;2021-08-09;3022;3419;397101;337001;72.5;61.5
71;2021-08-10;3056;3387;400157;340388;73.0;62.1
71;2021-08-11;3171;3070;403328;343458;73.6;62.7
71;2021-08-12;2978;3097;406306;346555;74.2;63.3
71;2021-08-13;2626;3316;408932;349871;74.6;63.9
71;2021-08-14;278;521;409210;350392;74.7;64.0
71;2021-08-15;49;109;409259;350501;74.7;64.0
71;2021-08-16;1703;3526;410962;354027;75.0;64.6
71;2021-08-17;1715;3429;412677;357456;75.3;65.3
72;2020-12-27;0;0;0;0;0.0;0.0
72;2020-12-28;0;0;0;0;0.0;0.0
72;2020-12-29;0;0;0;0;0.0;0.0
72;2020-12-30;0;0;0;0;0.0;0.0
72;2020-12-31;0;0;0;0;0.0;0.0
72;2021-01-01;2;0;2;0;0.0;0.0
72;2021-01-02;0;0;2;0;0.0;0.0
72;2021-01-03;0;0;2;0;0.0;0.0
72;2021-01-04;0;0;2;0;0.0;0.0
72;2021-01-05;14;0;16;0;0.0;0.0
72;2021-01-06;27;0;43;0;0.0;0.0
72;2021-01-07;110;0;153;0;0.0;0.0
72;2021-01-08;232;0;385;0;0.1;0.0
72;2021-01-09;36;0;421;0;0.1;0.0
72;2021-01-10;0;0;421;0;0.1;0.0
72;2021-01-11;484;1;905;1;0.2;0.0
72;2021-01-12;615;1;1520;2;0.3;0.0
72;2021-01-13;500;1;2020;3;0.4;0.0
72;2021-01-14;644;3;2664;6;0.5;0.0
72;2021-01-15;478;1;3142;7;0.6;0.0
72;2021-01-16;93;0;3235;7;0.6;0.0
72;2021-01-17;0;0;3235;7;0.6;0.0
72;2021-01-18;292;0;3527;7;0.6;0.0
72;2021-01-19;776;3;4303;10;0.8;0.0
72;2021-01-20;1534;6;5837;16;1.0;0.0
72;2021-01-21;1744;5;7581;21;1.4;0.0
72;2021-01-22;1149;6;8730;27;1.6;0.0
72;2021-01-23;32;0;8762;27;1.6;0.0
72;2021-01-24;0;0;8762;27;1.6;0.0
72;2021-01-25;502;7;9264;34;1.7;0.0
72;2021-01-26;1165;21;10429;55;1.9;0.0
72;2021-01-27;882;19;11311;74;2.0;0.0
72;2021-01-28;776;68;12087;142;2.2;0.0
72;2021-01-29;712;69;12799;211;2.3;0.0
72;2021-01-30;58;0;12857;211;2.3;0.0
72;2021-01-31;1;0;12858;211;2.3;0.0
72;2021-02-01;499;229;13357;440;2.4;0.1
72;2021-02-02;507;295;13864;735;2.5;0.1
72;2021-02-03;487;229;14351;964;2.6;0.2
72;2021-02-04;476;342;14827;1306;2.6;0.2
72;2021-02-05;513;407;15340;1713;2.7;0.3
72;2021-02-06;83;14;15423;1727;2.8;0.3
72;2021-02-07;19;3;15442;1730;2.8;0.3
72;2021-02-08;310;405;15752;2135;2.8;0.4
72;2021-02-09;489;531;16241;2666;2.9;0.5
72;2021-02-10;557;929;16798;3595;3.0;0.6
72;2021-02-11;851;1349;17649;4944;3.2;0.9
72;2021-02-12;851;595;18500;5539;3.3;1.0
72;2021-02-13;108;38;18608;5577;3.3;1.0
72;2021-02-14;1;22;18609;5599;3.3;1.0
72;2021-02-15;220;503;18829;6102;3.4;1.1
72;2021-02-16;499;1030;19328;7132;3.5;1.3
72;2021-02-17;464;717;19792;7849;3.5;1.4
72;2021-02-18;594;638;20386;8487;3.6;1.5
72;2021-02-19;520;600;20906;9087;3.7;1.6
72;2021-02-20;80;57;20986;9144;3.7;1.6
72;2021-02-21;0;0;20986;9144;3.7;1.6
72;2021-02-22;328;583;21314;9727;3.8;1.7
72;2021-02-23;567;530;21881;10257;3.9;1.8
72;2021-02-24;435;472;22316;10729;4.0;1.9
72;2021-02-25;922;567;23238;11296;4.1;2.0
72;2021-02-26;600;512;23838;11808;4.3;2.1
72;2021-02-27;322;66;24160;11874;4.3;2.1
72;2021-02-28;15;17;24175;11891;4.3;2.1
72;2021-03-01;378;482;24553;12373;4.4;2.2
72;2021-03-02;503;605;25056;12978;4.5;2.3
72;2021-03-03;732;654;25788;13632;4.6;2.4
72;2021-03-04;738;783;26526;14415;4.7;2.6
72;2021-03-05;935;772;27461;15187;4.9;2.7
72;2021-03-06;761;136;28222;15323;5.0;2.7
72;2021-03-07;448;26;28670;15349;5.1;2.7
72;2021-03-08;559;461;29229;15810;5.2;2.8
72;2021-03-09;1042;651;30271;16461;5.4;2.9
72;2021-03-10;1136;667;31407;17128;5.6;3.1
72;2021-03-11;1607;494;33014;17622;5.9;3.1
72;2021-03-12;1364;518;34378;18140;6.1;3.2
72;2021-03-13;982;118;35360;18258;6.3;3.3
72;2021-03-14;14;10;35374;18268;6.3;3.3
72;2021-03-15;1158;223;36532;18491;6.5;3.3
72;2021-03-16;1052;189;37584;18680;6.7;3.3
72;2021-03-17;1034;260;38618;18940;6.9;3.4
72;2021-03-18;1086;370;39704;19310;7.1;3.4
72;2021-03-19;1274;291;40978;19601;7.3;3.5
72;2021-03-20;485;92;41463;19693;7.4;3.5
72;2021-03-21;19;0;41482;19693;7.4;3.5
72;2021-03-22;1347;342;42829;20035;7.6;3.6
72;2021-03-23;1724;480;44553;20515;8.0;3.7
72;2021-03-24;1840;305;46393;20820;8.3;3.7
72;2021-03-25;2445;464;48838;21284;8.7;3.8
72;2021-03-26;2335;373;51173;21657;9.1;3.9
72;2021-03-27;614;30;51787;21687;9.2;3.9
72;2021-03-28;22;0;51809;21687;9.2;3.9
72;2021-03-29;1616;381;53425;22068;9.5;3.9
72;2021-03-30;2495;386;55920;22454;10.0;4.0
72;2021-03-31;2138;361;58058;22815;10.4;4.1
72;2021-04-01;2834;347;60892;23162;10.9;4.1
72;2021-04-02;2247;398;63139;23560;11.3;4.2
72;2021-04-03;292;39;63431;23599;11.3;4.2
72;2021-04-04;14;3;63445;23602;11.3;4.2
72;2021-04-05;51;49;63496;23651;11.3;4.2
72;2021-04-06;1760;467;65256;24118;11.6;4.3
72;2021-04-07;2572;597;67828;24715;12.1;4.4
72;2021-04-08;2720;779;70548;25494;12.6;4.6
72;2021-04-09;3862;581;74410;26075;13.3;4.7
72;2021-04-10;1111;50;75521;26125;13.5;4.7
72;2021-04-11;8;1;75529;26126;13.5;4.7
72;2021-04-12;1850;899;77379;27025;13.8;4.8
72;2021-04-13;2366;1076;79745;28101;14.2;5.0
72;2021-04-14;2249;1096;81994;29197;14.6;5.2
72;2021-04-15;2421;1113;84415;30310;15.1;5.4
72;2021-04-16;2563;959;86978;31269;15.5;5.6
72;2021-04-17;707;144;87685;31413;15.7;5.6
72;2021-04-18;57;2;87742;31415;15.7;5.6
72;2021-04-19;1397;1096;89139;32511;15.9;5.8
72;2021-04-20;2999;1301;92138;33812;16.4;6.0
72;2021-04-21;2517;1563;94655;35375;16.9;6.3
72;2021-04-22;2814;1790;97469;37165;17.4;6.6
72;2021-04-23;3211;1451;100680;38616;18.0;6.9
72;2021-04-24;1400;266;102080;38882;18.2;6.9
72;2021-04-25;881;19;102961;38901;18.4;6.9
72;2021-04-26;3514;1480;106475;40381;19.0;7.2
72;2021-04-27;4092;1861;110567;42242;19.7;7.5
72;2021-04-28;3834;1867;114401;44109;20.4;7.9
72;2021-04-29;4159;1815;118560;45924;21.2;8.2
72;2021-04-30;3614;1709;122174;47633;21.8;8.5
72;2021-05-01;1642;226;123816;47859;22.1;8.5
72;2021-05-02;1533;160;125349;48019;22.4;8.6
72;2021-05-03;3456;1151;128805;49170;23.0;8.8
72;2021-05-04;4013;1801;132818;50971;23.7;9.1
72;2021-05-05;3868;2179;136686;53150;24.4;9.5
72;2021-05-06;3596;1942;140282;55092;25.0;9.8
72;2021-05-07;3545;2147;143827;57239;25.7;10.2
72;2021-05-08;1900;152;145727;57391;26.0;10.2
72;2021-05-09;2082;209;147809;57600;26.4;10.3
72;2021-05-10;3773;1519;151582;59119;27.1;10.6
72;2021-05-11;4597;1992;156179;61111;27.9;10.9
72;2021-05-12;4082;1820;160261;62931;28.6;11.2
72;2021-05-13;3031;270;163292;63201;29.1;11.3
72;2021-05-14;3663;1392;166955;64593;29.8;11.5
72;2021-05-15;3121;364;170076;64957;30.4;11.6
72;2021-05-16;2502;153;172578;65110;30.8;11.6
72;2021-05-17;3724;1283;176302;66393;31.5;11.9
72;2021-05-18;4332;1687;180634;68080;32.2;12.2
72;2021-05-19;3977;1510;184611;69590;33.0;12.4
72;2021-05-20;4262;1451;188873;71041;33.7;12.7
72;2021-05-21;3789;1389;192662;72430;34.4;12.9
72;2021-05-22;2561;506;195223;72936;34.8;13.0
72;2021-05-23;1391;162;196614;73098;35.1;13.0
72;2021-05-24;2353;296;198967;73394;35.5;13.1
72;2021-05-25;4075;1412;203042;74806;36.2;13.4
72;2021-05-26;4096;1410;207138;76216;37.0;13.6
72;2021-05-27;4346;2046;211484;78262;37.7;14.0
72;2021-05-28;4107;2018;215591;80280;38.5;14.3
72;2021-05-29;2668;809;218259;81089;39.0;14.5
72;2021-05-30;1142;872;219401;81961;39.2;14.6
72;2021-05-31;3121;2329;222522;84290;39.7;15.0
72;2021-06-01;3563;2668;226085;86958;40.4;15.5
72;2021-06-02;3612;2782;229697;89740;41.0;16.0
72;2021-06-03;4241;2996;233938;92736;41.8;16.6
72;2021-06-04;3892;2750;237830;95486;42.5;17.0
72;2021-06-05;1439;2567;239269;98053;42.7;17.5
72;2021-06-06;908;1541;240177;99594;42.9;17.8
72;2021-06-07;1746;3424;241923;103018;43.2;18.4
72;2021-06-08;2929;3835;244852;106853;43.7;19.1
72;2021-06-09;2651;3372;247503;110225;44.2;19.7
72;2021-06-10;2827;3317;250330;113542;44.7;20.3
72;2021-06-11;2840;3773;253170;117315;45.2;20.9
72;2021-06-12;1244;2598;254414;119913;45.4;21.4
72;2021-06-13;388;1859;254802;121772;45.5;21.7
72;2021-06-14;1336;4129;256138;125901;45.7;22.5
72;2021-06-15;2755;3513;258893;129414;46.2;23.1
72;2021-06-16;2428;3574;261321;132988;46.6;23.7
72;2021-06-17;2320;3876;263641;136864;47.1;24.4
72;2021-06-18;2308;4310;265949;141174;47.5;25.2
72;2021-06-19;1127;2763;267076;143937;47.7;25.7
72;2021-06-20;339;2057;267415;145994;47.7;26.1
72;2021-06-21;1564;4032;268979;150026;48.0;26.8
72;2021-06-22;1713;4995;270692;155021;48.3;27.7
72;2021-06-23;2005;4219;272697;159240;48.7;28.4
72;2021-06-24;2232;4013;274929;163253;49.1;29.1
72;2021-06-25;1772;4837;276701;168090;49.4;30.0
72;2021-06-26;1190;2880;277891;170970;49.6;30.5
72;2021-06-27;392;2112;278283;173082;49.7;30.9
72;2021-06-28;1440;4294;279723;177376;49.9;31.7
72;2021-06-29;1768;4741;281491;182117;50.2;32.5
72;2021-06-30;1979;4167;283470;186284;50.6;33.3
72;2021-07-01;1940;4415;285410;190699;50.9;34.0
72;2021-07-02;1852;4715;287262;195414;51.3;34.9
72;2021-07-03;1292;3120;288554;198534;51.5;35.4
72;2021-07-04;583;1951;289137;200485;51.6;35.8
72;2021-07-05;1192;4164;290329;204649;51.8;36.5
72;2021-07-06;1461;5163;291790;209812;52.1;37.5
72;2021-07-07;1580;4611;293370;214423;52.4;38.3
72;2021-07-08;1646;4328;295016;218751;52.7;39.0
72;2021-07-09;2104;4613;297120;223364;53.0;39.9
72;2021-07-10;1595;2689;298715;226053;53.3;40.4
72;2021-07-11;949;1588;299664;227641;53.5;40.6
72;2021-07-12;1592;3757;301256;231398;53.8;41.3
72;2021-07-13;2086;4775;303342;236173;54.1;42.2
72;2021-07-14;1324;2366;304666;238539;54.4;42.6
72;2021-07-15;3484;3426;308150;241965;55.0;43.2
72;2021-07-16;3170;4130;311320;246095;55.6;43.9
72;2021-07-17;2639;1762;313959;247857;56.0;44.2
72;2021-07-18;1707;824;315666;248681;56.3;44.4
72;2021-07-19;2915;3513;318581;252194;56.9;45.0
72;2021-07-20;3034;4286;321615;256480;57.4;45.8
72;2021-07-21;2874;3598;324489;260078;57.9;46.4
72;2021-07-22;3756;2914;328245;262992;58.6;46.9
72;2021-07-23;3471;3792;331716;266784;59.2;47.6
72;2021-07-24;2814;1460;334530;268244;59.7;47.9
72;2021-07-25;1449;1076;335979;269320;60.0;48.1
72;2021-07-26;2719;2920;338698;272240;60.5;48.6
72;2021-07-27;3838;3819;342536;276059;61.1;49.3
72;2021-07-28;3556;3125;346092;279184;61.8;49.8
72;2021-07-29;3555;2710;349647;281894;62.4;50.3
72;2021-07-30;3756;3379;353403;285273;63.1;50.9
72;2021-07-31;2542;1746;355945;287019;63.5;51.2
72;2021-08-01;1827;430;357772;287449;63.9;51.3
72;2021-08-02;3202;2286;360974;289735;64.4;51.7
72;2021-08-03;3225;3304;364199;293039;65.0;52.3
72;2021-08-04;3755;2546;367954;295585;65.7;52.8
72;2021-08-05;3754;2461;371708;298046;66.3;53.2
72;2021-08-06;3331;2689;375039;300735;66.9;53.7
72;2021-08-07;2342;1610;377381;302345;67.4;54.0
72;2021-08-08;1617;694;378998;303039;67.7;54.1
72;2021-08-09;2692;2670;381690;305709;68.1;54.6
72;2021-08-10;2910;2744;384600;308453;68.7;55.1
72;2021-08-11;2362;2201;386962;310654;69.1;55.5
72;2021-08-12;2372;2594;389334;313248;69.5;55.9
72;2021-08-13;2116;2279;391450;315527;69.9;56.3
72;2021-08-14;1157;1543;392607;317070;70.1;56.6
72;2021-08-15;622;613;393229;317683;70.2;56.7
72;2021-08-16;1649;2372;394878;320055;70.5;57.1
72;2021-08-17;1711;2880;396589;322935;70.8;57.6
73;2020-12-27;0;0;0;0;0.0;0.0
73;2020-12-28;1;0;1;0;0.0;0.0
73;2020-12-29;0;0;1;0;0.0;0.0
73;2020-12-30;0;0;1;0;0.0;0.0
73;2020-12-31;0;0;1;0;0.0;0.0
73;2021-01-01;0;0;1;0;0.0;0.0
73;2021-01-02;0;0;1;0;0.0;0.0
73;2021-01-03;0;0;1;0;0.0;0.0
73;2021-01-04;1;0;2;0;0.0;0.0
73;2021-01-05;0;0;2;0;0.0;0.0
73;2021-01-06;1;0;3;0;0.0;0.0
73;2021-01-07;30;0;33;0;0.0;0.0
73;2021-01-08;81;0;114;0;0.0;0.0
73;2021-01-09;0;0;114;0;0.0;0.0
73;2021-01-10;0;0;114;0;0.0;0.0
73;2021-01-11;86;0;200;0;0.0;0.0
73;2021-01-12;303;1;503;1;0.1;0.0
73;2021-01-13;357;1;860;2;0.2;0.0
73;2021-01-14;513;2;1373;4;0.3;0.0
73;2021-01-15;617;1;1990;5;0.5;0.0
73;2021-01-16;128;0;2118;5;0.5;0.0
73;2021-01-17;0;0;2118;5;0.5;0.0
73;2021-01-18;624;0;2742;5;0.6;0.0
73;2021-01-19;1239;3;3981;8;0.9;0.0
73;2021-01-20;951;2;4932;10;1.1;0.0
73;2021-01-21;982;4;5914;14;1.4;0.0
73;2021-01-22;947;0;6861;14;1.6;0.0
73;2021-01-23;387;0;7248;14;1.7;0.0
73;2021-01-24;0;0;7248;14;1.7;0.0
73;2021-01-25;656;5;7904;19;1.8;0.0
73;2021-01-26;761;2;8665;21;2.0;0.0
73;2021-01-27;1105;5;9770;26;2.3;0.0
73;2021-01-28;961;5;10731;31;2.5;0.0
73;2021-01-29;683;5;11414;36;2.6;0.0
73;2021-01-30;345;3;11759;39;2.7;0.0
73;2021-01-31;0;0;11759;39;2.7;0.0
73;2021-02-01;620;40;12379;79;2.9;0.0
73;2021-02-02;751;334;13130;413;3.0;0.1
73;2021-02-03;653;348;13783;761;3.2;0.2
73;2021-02-04;624;234;14407;995;3.3;0.2
73;2021-02-05;680;410;15087;1405;3.5;0.3
73;2021-02-06;261;38;15348;1443;3.5;0.3
73;2021-02-07;1;0;15349;1443;3.5;0.3
73;2021-02-08;522;252;15871;1695;3.7;0.4
73;2021-02-09;793;447;16664;2142;3.9;0.5
73;2021-02-10;898;396;17562;2538;4.1;0.6
73;2021-02-11;958;708;18520;3246;4.3;0.8
73;2021-02-12;810;498;19330;3744;4.5;0.9
73;2021-02-13;263;58;19593;3802;4.5;0.9
73;2021-02-14;1;0;19594;3802;4.5;0.9
73;2021-02-15;346;528;19940;4330;4.6;1.0
73;2021-02-16;453;762;20393;5092;4.7;1.2
73;2021-02-17;451;966;20844;6058;4.8;1.4
73;2021-02-18;469;556;21313;6614;4.9;1.5
73;2021-02-19;445;636;21758;7250;5.0;1.7
73;2021-02-20;69;249;21827;7499;5.0;1.7
73;2021-02-21;0;0;21827;7499;5.0;1.7
73;2021-02-22;240;443;22067;7942;5.1;1.8
73;2021-02-23;325;522;22392;8464;5.2;2.0
73;2021-02-24;486;748;22878;9212;5.3;2.1
73;2021-02-25;502;507;23380;9719;5.4;2.2
73;2021-02-26;730;567;24110;10286;5.6;2.4
73;2021-02-27;330;238;24440;10524;5.7;2.4
73;2021-02-28;1;1;24441;10525;5.7;2.4
73;2021-03-01;557;510;24998;11035;5.8;2.6
73;2021-03-02;669;898;25667;11933;5.9;2.8
73;2021-03-03;642;1195;26309;13128;6.1;3.0
73;2021-03-04;1039;899;27348;14027;6.3;3.2
73;2021-03-05;1239;608;28587;14635;6.6;3.4
73;2021-03-06;1091;334;29678;14969;6.9;3.5
73;2021-03-07;455;93;30133;15062;7.0;3.5
73;2021-03-08;605;428;30738;15490;7.1;3.6
73;2021-03-09;983;536;31721;16026;7.3;3.7
73;2021-03-10;1035;870;32756;16896;7.6;3.9
73;2021-03-11;1556;656;34312;17552;7.9;4.1
73;2021-03-12;2017;534;36329;18086;8.4;4.2
73;2021-03-13;1178;205;37507;18291;8.7;4.2
73;2021-03-14;66;3;37573;18294;8.7;4.2
73;2021-03-15;1184;398;38757;18692;9.0;4.3
73;2021-03-16;794;400;39551;19092;9.1;4.4
73;2021-03-17;876;479;40427;19571;9.3;4.5
73;2021-03-18;1350;257;41777;19828;9.7;4.6
73;2021-03-19;1765;394;43542;20222;10.1;4.7
73;2021-03-20;886;127;44428;20349;10.3;4.7
73;2021-03-21;123;2;44551;20351;10.3;4.7
73;2021-03-22;1184;393;45735;20744;10.6;4.8
73;2021-03-23;1447;233;47182;20977;10.9;4.8
73;2021-03-24;1594;342;48776;21319;11.3;4.9
73;2021-03-25;2062;382;50838;21701;11.8;5.0
73;2021-03-26;2471;362;53309;22063;12.3;5.1
73;2021-03-27;885;144;54194;22207;12.5;5.1
73;2021-03-28;310;13;54504;22220;12.6;5.1
73;2021-03-29;1509;236;56013;22456;12.9;5.2
73;2021-03-30;2088;479;58101;22935;13.4;5.3
73;2021-03-31;2089;400;60190;23335;13.9;5.4
73;2021-04-01;2086;330;62276;23665;14.4;5.5
73;2021-04-02;2359;223;64635;23888;14.9;5.5
73;2021-04-03;848;146;65483;24034;15.1;5.6
73;2021-04-04;188;18;65671;24052;15.2;5.6
73;2021-04-05;212;26;65883;24078;15.2;5.6
73;2021-04-06;1509;505;67392;24583;15.6;5.7
73;2021-04-07;1947;650;69339;25233;16.0;5.8
73;2021-04-08;2491;818;71830;26051;16.6;6.0
73;2021-04-09;3060;519;74890;26570;17.3;6.1
73;2021-04-10;1135;317;76025;26887;17.6;6.2
73;2021-04-11;163;9;76188;26896;17.6;6.2
73;2021-04-12;1697;975;77885;27871;18.0;6.4
73;2021-04-13;1892;1128;79777;28999;18.4;6.7
73;2021-04-14;2017;1088;81794;30087;18.9;7.0
73;2021-04-15;2416;1189;84210;31276;19.5;7.2
73;2021-04-16;1894;932;86104;32208;19.9;7.4
73;2021-04-17;1176;557;87280;32765;20.2;7.6
73;2021-04-18;155;76;87435;32841;20.2;7.6
73;2021-04-19;1380;1057;88815;33898;20.5;7.8
73;2021-04-20;1790;1316;90605;35214;20.9;8.1
73;2021-04-21;1573;1301;92178;36515;21.3;8.4
73;2021-04-22;1814;1223;93992;37738;21.7;8.7
73;2021-04-23;1895;1254;95887;38992;22.2;9.0
73;2021-04-24;980;672;96867;39664;22.4;9.2
73;2021-04-25;79;97;96946;39761;22.4;9.2
73;2021-04-26;1164;1318;98110;41079;22.7;9.5
73;2021-04-27;1442;1470;99552;42549;23.0;9.8
73;2021-04-28;1732;1460;101284;44009;23.4;10.2
73;2021-04-29;2412;1564;103696;45573;24.0;10.5
73;2021-04-30;2397;1438;106093;47011;24.5;10.9
73;2021-05-01;1068;306;107161;47317;24.8;10.9
73;2021-05-02;34;165;107195;47482;24.8;11.0
73;2021-05-03;1392;1592;108587;49074;25.1;11.3
73;2021-05-04;1708;1828;110295;50902;25.5;11.8
73;2021-05-05;1975;1687;112270;52589;26.0;12.2
73;2021-05-06;2430;1699;114700;54288;26.5;12.6
73;2021-05-07;2261;1849;116961;56137;27.0;13.0
73;2021-05-08;1836;379;118797;56516;27.5;13.1
73;2021-05-09;127;125;118924;56641;27.5;13.1
73;2021-05-10;1607;1891;120531;58532;27.9;13.5
73;2021-05-11;2378;2369;122909;60901;28.4;14.1
73;2021-05-12;3555;2092;126464;62993;29.2;14.6
73;2021-05-13;1554;275;128018;63268;29.6;14.6
73;2021-05-14;1587;1490;129605;64758;30.0;15.0
73;2021-05-15;1446;943;131051;65701;30.3;15.2
73;2021-05-16;131;62;131182;65763;30.3;15.2
73;2021-05-17;1710;1953;132892;67716;30.7;15.7
73;2021-05-18;2496;1736;135388;69452;31.3;16.1
73;2021-05-19;2540;1623;137928;71075;31.9;16.4
73;2021-05-20;3162;1502;141090;72577;32.6;16.8
73;2021-05-21;2473;1848;143563;74425;33.2;17.2
73;2021-05-22;1989;922;145552;75347;33.6;17.4
73;2021-05-23;212;14;145764;75361;33.7;17.4
73;2021-05-24;2565;329;148329;75690;34.3;17.5
73;2021-05-25;2140;1740;150469;77430;34.8;17.9
73;2021-05-26;2343;1999;152812;79429;35.3;18.4
73;2021-05-27;3083;1715;155895;81144;36.0;18.8
73;2021-05-28;2918;2374;158813;83518;36.7;19.3
73;2021-05-29;2316;1322;161129;84840;37.3;19.6
73;2021-05-30;187;14;161316;84854;37.3;19.6
73;2021-05-31;2411;1628;163727;86482;37.9;20.0
73;2021-06-01;3180;1789;166907;88271;38.6;20.4
73;2021-06-02;3104;1460;170011;89731;39.3;20.7
73;2021-06-03;4422;1742;174433;91473;40.3;21.1
73;2021-06-04;4277;2181;178710;93654;41.3;21.7
73;2021-06-05;3158;1281;181868;94935;42.0;21.9
73;2021-06-06;1882;298;183750;95233;42.5;22.0
73;2021-06-07;2756;2147;186506;97380;43.1;22.5
73;2021-06-08;2685;1874;189191;99254;43.7;22.9
73;2021-06-09;2364;1789;191555;101043;44.3;23.4
73;2021-06-10;2006;1653;193561;102696;44.7;23.7
73;2021-06-11;2191;2441;195752;105137;45.3;24.3
73;2021-06-12;2247;1331;197999;106468;45.8;24.6
73;2021-06-13;44;82;198043;106550;45.8;24.6
73;2021-06-14;1347;2930;199390;109480;46.1;25.3
73;2021-06-15;1593;2754;200983;112234;46.5;25.9
73;2021-06-16;1467;2571;202450;114805;46.8;26.5
73;2021-06-17;944;1727;203394;116532;47.0;26.9
73;2021-06-18;1884;2932;205278;119464;47.5;27.6
73;2021-06-19;1422;1986;206700;121450;47.8;28.1
73;2021-06-20;448;306;207148;121756;47.9;28.1
73;2021-06-21;1110;2938;208258;124694;48.1;28.8
73;2021-06-22;1093;2872;209351;127566;48.4;29.5
73;2021-06-23;1085;3136;210436;130702;48.7;30.2
73;2021-06-24;883;1793;211319;132495;48.9;30.6
73;2021-06-25;1326;2801;212645;135296;49.2;31.3
73;2021-06-26;968;2397;213613;137693;49.4;31.8
73;2021-06-27;328;549;213941;138242;49.5;32.0
73;2021-06-28;966;3557;214907;141799;49.7;32.8
73;2021-06-29;1075;3337;215982;145136;49.9;33.6
73;2021-06-30;1238;3120;217220;148256;50.2;34.3
73;2021-07-01;1135;2363;218355;150619;50.5;34.8
73;2021-07-02;1205;3618;219560;154237;50.8;35.7
73;2021-07-03;960;2793;220520;157030;51.0;36.3
73;2021-07-04;301;618;220821;157648;51.1;36.4
73;2021-07-05;1154;3684;221975;161332;51.3;37.3
73;2021-07-06;1249;2949;223224;164281;51.6;38.0
73;2021-07-07;1443;2951;224667;167232;51.9;38.7
73;2021-07-08;1369;2301;226036;169533;52.3;39.2
73;2021-07-09;1429;4023;227465;173556;52.6;40.1
73;2021-07-10;889;3013;228354;176569;52.8;40.8
73;2021-07-11;561;1468;228915;178037;52.9;41.2
73;2021-07-12;1059;4194;229974;182231;53.2;42.1
73;2021-07-13;1728;4228;231702;186459;53.6;43.1
73;2021-07-14;1843;1914;233545;188373;54.0;43.5
73;2021-07-15;2742;3792;236287;192165;54.6;44.4
73;2021-07-16;2407;4016;238694;196181;55.2;45.4
73;2021-07-17;1512;2609;240206;198790;55.5;46.0
73;2021-07-18;1175;1218;241381;200008;55.8;46.2
73;2021-07-19;2441;3245;243822;203253;56.4;47.0
73;2021-07-20;3362;2852;247184;206105;57.1;47.6
73;2021-07-21;3375;2784;250559;208889;57.9;48.3
73;2021-07-22;2721;2208;253280;211097;58.6;48.8
73;2021-07-23;3397;2896;256677;213993;59.3;49.5
73;2021-07-24;2052;2272;258729;216265;59.8;50.0
73;2021-07-25;621;793;259350;217058;60.0;50.2
73;2021-07-26;2617;2491;261967;219549;60.6;50.8
73;2021-07-27;3791;2266;265758;221815;61.4;51.3
73;2021-07-28;3509;2090;269267;223905;62.3;51.8
73;2021-07-29;3947;2142;273214;226047;63.2;52.3
73;2021-07-30;3536;2469;276750;228516;64.0;52.8
73;2021-07-31;2460;1588;279210;230104;64.6;53.2
73;2021-08-01;829;620;280039;230724;64.7;53.3
73;2021-08-02;3074;2100;283113;232824;65.5;53.8
73;2021-08-03;3474;1986;286587;234810;66.3;54.3
73;2021-08-04;3282;2011;289869;236821;67.0;54.8
73;2021-08-05;2846;2223;292715;239044;67.7;55.3
73;2021-08-06;2495;2375;295210;241419;68.2;55.8
73;2021-08-07;1391;1481;296601;242900;68.6;56.2
73;2021-08-08;426;616;297027;243516;68.7;56.3
73;2021-08-09;1772;2383;298799;245899;69.1;56.8
73;2021-08-10;1864;2485;300663;248384;69.5;57.4
73;2021-08-11;1794;2532;302457;250916;69.9;58.0
73;2021-08-12;1663;2489;304120;253405;70.3;58.6
73;2021-08-13;1422;2834;305542;256239;70.6;59.2
73;2021-08-14;893;1515;306435;257754;70.8;59.6
73;2021-08-15;96;161;306531;257915;70.9;59.6
73;2021-08-16;749;1366;307280;259281;71.0;59.9
73;2021-08-17;889;1945;308169;261226;71.2;60.4
74;2020-12-27;3;0;3;0;0.0;0.0
74;2020-12-28;2;0;5;0;0.0;0.0
74;2020-12-29;0;0;5;0;0.0;0.0
74;2020-12-30;0;0;5;0;0.0;0.0
74;2020-12-31;0;0;5;0;0.0;0.0
74;2021-01-01;0;0;5;0;0.0;0.0
74;2021-01-02;1;1;6;1;0.0;0.0
74;2021-01-03;0;0;6;1;0.0;0.0
74;2021-01-04;0;0;6;1;0.0;0.0
74;2021-01-05;1;0;7;1;0.0;0.0
74;2021-01-06;44;0;51;1;0.0;0.0
74;2021-01-07;219;1;270;2;0.0;0.0
74;2021-01-08;291;2;561;4;0.1;0.0
74;2021-01-09;78;0;639;4;0.1;0.0
74;2021-01-10;74;0;713;4;0.1;0.0
74;2021-01-11;373;0;1086;4;0.1;0.0
74;2021-01-12;405;3;1491;7;0.2;0.0
74;2021-01-13;395;0;1886;7;0.2;0.0
74;2021-01-14;468;1;2354;8;0.3;0.0
74;2021-01-15;641;4;2995;12;0.4;0.0
74;2021-01-16;252;1;3247;13;0.4;0.0
74;2021-01-17;131;1;3378;14;0.4;0.0
74;2021-01-18;521;0;3899;14;0.5;0.0
74;2021-01-19;808;2;4707;16;0.6;0.0
74;2021-01-20;1276;4;5983;20;0.7;0.0
74;2021-01-21;1566;1;7549;21;0.9;0.0
74;2021-01-22;1240;6;8789;27;1.1;0.0
74;2021-01-23;344;1;9133;28;1.1;0.0
74;2021-01-24;90;0;9223;28;1.1;0.0
74;2021-01-25;795;2;10018;30;1.2;0.0
74;2021-01-26;1358;14;11376;44;1.4;0.0
74;2021-01-27;1075;10;12451;54;1.5;0.0
74;2021-01-28;987;29;13438;83;1.6;0.0
74;2021-01-29;878;42;14316;125;1.7;0.0
74;2021-01-30;305;1;14621;126;1.8;0.0
74;2021-01-31;84;1;14705;127;1.8;0.0
74;2021-02-01;629;44;15334;171;1.9;0.0
74;2021-02-02;644;154;15978;325;1.9;0.0
74;2021-02-03;604;124;16582;449;2.0;0.1
74;2021-02-04;612;136;17194;585;2.1;0.1
74;2021-02-05;548;223;17742;808;2.1;0.1
74;2021-02-06;272;140;18014;948;2.2;0.1
74;2021-02-07;94;126;18108;1074;2.2;0.1
74;2021-02-08;616;349;18724;1423;2.3;0.2
74;2021-02-09;535;533;19259;1956;2.3;0.2
74;2021-02-10;688;521;19947;2477;2.4;0.3
74;2021-02-11;1066;1017;21013;3494;2.5;0.4
74;2021-02-12;909;617;21922;4111;2.6;0.5
74;2021-02-13;405;240;22327;4351;2.7;0.5
74;2021-02-14;316;114;22643;4465;2.7;0.5
74;2021-02-15;274;852;22917;5317;2.8;0.6
74;2021-02-16;486;1066;23403;6383;2.8;0.8
74;2021-02-17;541;1110;23944;7493;2.9;0.9
74;2021-02-18;474;995;24418;8488;2.9;1.0
74;2021-02-19;617;656;25035;9144;3.0;1.1
74;2021-02-20;114;189;25149;9333;3.0;1.1
74;2021-02-21;46;61;25195;9394;3.0;1.1
74;2021-02-22;316;786;25511;10180;3.1;1.2
74;2021-02-23;303;820;25814;11000;3.1;1.3
74;2021-02-24;239;680;26053;11680;3.1;1.4
74;2021-02-25;520;754;26573;12434;3.2;1.5
74;2021-02-26;972;703;27545;13137;3.3;1.6
74;2021-02-27;254;182;27799;13319;3.4;1.6
74;2021-02-28;125;71;27924;13390;3.4;1.6
74;2021-03-01;719;633;28643;14023;3.5;1.7
74;2021-03-02;1090;686;29733;14709;3.6;1.8
74;2021-03-03;1016;638;30749;15347;3.7;1.9
74;2021-03-04;1609;1017;32358;16364;3.9;2.0
74;2021-03-05;2084;897;34442;17261;4.2;2.1
74;2021-03-06;1753;323;36195;17584;4.4;2.1
74;2021-03-07;1384;103;37579;17687;4.5;2.1
74;2021-03-08;1197;960;38776;18647;4.7;2.3
74;2021-03-09;1946;666;40722;19313;4.9;2.3
74;2021-03-10;1745;910;42467;20223;5.1;2.4
74;2021-03-11;2444;722;44911;20945;5.4;2.5
74;2021-03-12;3240;1020;48151;21965;5.8;2.7
74;2021-03-13;1997;277;50148;22242;6.1;2.7
74;2021-03-14;608;102;50756;22344;6.1;2.7
74;2021-03-15;2123;554;52879;22898;6.4;2.8
74;2021-03-16;1958;412;54837;23310;6.6;2.8
74;2021-03-17;1969;317;56806;23627;6.9;2.9
74;2021-03-18;2131;288;58937;23915;7.1;2.9
74;2021-03-19;2632;295;61569;24210;7.4;2.9
74;2021-03-20;1373;100;62942;24310;7.6;2.9
74;2021-03-21;288;32;63230;24342;7.6;2.9
74;2021-03-22;2051;325;65281;24667;7.9;3.0
74;2021-03-23;2717;332;67998;24999;8.2;3.0
74;2021-03-24;2945;297;70943;25296;8.6;3.1
74;2021-03-25;3867;299;74810;25595;9.0;3.1
74;2021-03-26;4090;381;78900;25976;9.5;3.1
74;2021-03-27;1939;254;80839;26230;9.8;3.2
74;2021-03-28;437;77;81276;26307;9.8;3.2
74;2021-03-29;3030;716;84306;27023;10.2;3.3
74;2021-03-30;3540;770;87846;27793;10.6;3.4
74;2021-03-31;3143;725;90989;28518;11.0;3.4
74;2021-04-01;4235;892;95224;29410;11.5;3.6
74;2021-04-02;3701;782;98925;30192;11.9;3.6
74;2021-04-03;1694;537;100619;30729;12.1;3.7
74;2021-04-04;236;121;100855;30850;12.2;3.7
74;2021-04-05;431;18;101286;30868;12.2;3.7
74;2021-04-06;2624;1214;103910;32082;12.5;3.9
74;2021-04-07;3187;1247;107097;33329;12.9;4.0
74;2021-04-08;3861;1181;110958;34510;13.4;4.2
74;2021-04-09;4103;1172;115061;35682;13.9;4.3
74;2021-04-10;1946;1037;117007;36719;14.1;4.4
74;2021-04-11;253;183;117260;36902;14.2;4.5
74;2021-04-12;2719;1770;119979;38672;14.5;4.7
74;2021-04-13;3116;2098;123095;40770;14.9;4.9
74;2021-04-14;2898;1969;125993;42739;15.2;5.2
74;2021-04-15;3455;1910;129448;44649;15.6;5.4
74;2021-04-16;3377;1779;132825;46428;16.0;5.6
74;2021-04-17;1935;1032;134760;47460;16.3;5.7
74;2021-04-18;218;208;134978;47668;16.3;5.8
74;2021-04-19;2096;2096;137074;49764;16.5;6.0
74;2021-04-20;3066;2426;140140;52190;16.9;6.3
74;2021-04-21;2462;2373;142602;54563;17.2;6.6
74;2021-04-22;2624;2339;145226;56902;17.5;6.9
74;2021-04-23;2564;2247;147790;59149;17.8;7.1
74;2021-04-24;1484;1538;149274;60687;18.0;7.3
74;2021-04-25;224;150;149498;60837;18.0;7.3
74;2021-04-26;2392;2461;151890;63298;18.3;7.6
74;2021-04-27;3270;2908;155160;66206;18.7;8.0
74;2021-04-28;3460;2631;158620;68837;19.1;8.3
74;2021-04-29;3913;2682;162533;71519;19.6;8.6
74;2021-04-30;4075;2223;166608;73742;20.1;8.9
74;2021-05-01;2119;383;168727;74125;20.4;8.9
74;2021-05-02;204;234;168931;74359;20.4;9.0
74;2021-05-03;2593;3011;171524;77370;20.7;9.3
74;2021-05-04;3222;3102;174746;80472;21.1;9.7
74;2021-05-05;3393;3015;178139;83487;21.5;10.1
74;2021-05-06;3857;2633;181996;86120;22.0;10.4
74;2021-05-07;3592;3550;185588;89670;22.4;10.8
74;2021-05-08;1148;823;186736;90493;22.5;10.9
74;2021-05-09;194;248;186930;90741;22.6;11.0
74;2021-05-10;3468;3142;190398;93883;23.0;11.3
74;2021-05-11;4321;3431;194719;97314;23.5;11.7
74;2021-05-12;5302;2966;200021;100280;24.1;12.1
74;2021-05-13;2363;947;202384;101227;24.4;12.2
74;2021-05-14;5949;2399;208333;103626;25.1;12.5
74;2021-05-15;4517;1850;212850;105476;25.7;12.7
74;2021-05-16;3009;335;215859;105811;26.1;12.8
74;2021-05-17;5400;2886;221259;108697;26.7;13.1
74;2021-05-18;6780;2809;228039;111506;27.5;13.5
74;2021-05-19;6232;2294;234271;113800;28.3;13.7
74;2021-05-20;6644;2557;240915;116357;29.1;14.0
74;2021-05-21;6525;2989;247440;119346;29.9;14.4
74;2021-05-22;5294;1569;252734;120915;30.5;14.6
74;2021-05-23;2051;284;254785;121199;30.8;14.6
74;2021-05-24;2361;661;257146;121860;31.0;14.7
74;2021-05-25;5069;3333;262215;125193;31.7;15.1
74;2021-05-26;5250;2568;267465;127761;32.3;15.4
74;2021-05-27;6003;2984;273468;130745;33.0;15.8
74;2021-05-28;5658;3587;279126;134332;33.7;16.2
74;2021-05-29;3799;2150;282925;136482;34.2;16.5
74;2021-05-30;488;309;283413;136791;34.2;16.5
74;2021-05-31;5067;3553;288480;140344;34.8;16.9
74;2021-06-01;4929;3726;293409;144070;35.4;17.4
74;2021-06-02;5267;3205;298676;147275;36.1;17.8
74;2021-06-03;6894;3251;305570;150526;36.9;18.2
74;2021-06-04;6909;4431;312479;154957;37.7;18.7
74;2021-06-05;4612;2709;317091;157666;38.3;19.0
74;2021-06-06;123;112;317214;157778;38.3;19.0
74;2021-06-07;5033;4148;322247;161926;38.9;19.5
74;2021-06-08;5028;3949;327275;165875;39.5;20.0
74;2021-06-09;5077;3486;332352;169361;40.1;20.4
74;2021-06-10;5124;2873;337476;172234;40.7;20.8
74;2021-06-11;5214;3812;342690;176046;41.4;21.3
74;2021-06-12;3573;2386;346263;178432;41.8;21.5
74;2021-06-13;119;89;346382;178521;41.8;21.5
74;2021-06-14;3597;4484;349979;183005;42.2;22.1
74;2021-06-15;3664;3897;353643;186902;42.7;22.6
74;2021-06-16;4824;3123;358467;190025;43.3;22.9
74;2021-06-17;3816;2955;362283;192980;43.7;23.3
74;2021-06-18;4114;4665;366397;197645;44.2;23.9
74;2021-06-19;2995;3098;369392;200743;44.6;24.2
74;2021-06-20;125;97;369517;200840;44.6;24.2
74;2021-06-21;2384;5423;371901;206263;44.9;24.9
74;2021-06-22;2491;5316;374392;211579;45.2;25.5
74;2021-06-23;2975;4618;377367;216197;45.6;26.1
74;2021-06-24;2859;4629;380226;220826;45.9;26.7
74;2021-06-25;2924;6766;383150;227592;46.3;27.5
74;2021-06-26;1707;5398;384857;232990;46.5;28.1
74;2021-06-27;63;1663;384920;234653;46.5;28.3
74;2021-06-28;1917;7219;386837;241872;46.7;29.2
74;2021-06-29;2299;7427;389136;249299;47.0;30.1
74;2021-06-30;2736;6540;391872;255839;47.3;30.9
74;2021-07-01;3056;5412;394928;261251;47.7;31.5
74;2021-07-02;3000;6642;397928;267893;48.0;32.3
74;2021-07-03;1697;5081;399625;272974;48.2;33.0
74;2021-07-04;82;1022;399707;273996;48.3;33.1
74;2021-07-05;2042;6836;401749;280832;48.5;33.9
74;2021-07-06;2566;6492;404315;287324;48.8;34.7
74;2021-07-07;2958;5448;407273;292772;49.2;35.3
74;2021-07-08;3782;4902;411055;297674;49.6;35.9
74;2021-07-09;2651;6976;413706;304650;49.9;36.8
74;2021-07-10;1619;5131;415325;309781;50.1;37.4
74;2021-07-11;76;141;415401;309922;50.1;37.4
74;2021-07-12;2067;7899;417468;317821;50.4;38.4
74;2021-07-13;3952;7582;421420;325403;50.9;39.3
74;2021-07-14;1961;2237;423381;327640;51.1;39.6
74;2021-07-15;3568;6863;426949;334503;51.5;40.4
74;2021-07-16;4179;7744;431128;342247;52.0;41.3
74;2021-07-17;2873;5333;434001;347580;52.4;42.0
74;2021-07-18;149;157;434150;347737;52.4;42.0
74;2021-07-19;4260;7350;438410;355087;52.9;42.9
74;2021-07-20;5790;6460;444200;361547;53.6;43.6
74;2021-07-21;5550;6668;449750;368215;54.3;44.4
74;2021-07-22;4740;5327;454490;373542;54.9;45.1
74;2021-07-23;6084;6980;460574;380522;55.6;45.9
74;2021-07-24;3044;4311;463618;384833;56.0;46.5
74;2021-07-25;160;174;463778;385007;56.0;46.5
74;2021-07-26;5445;6126;469223;391133;56.6;47.2
74;2021-07-27;6767;5165;475990;396298;57.5;47.8
74;2021-07-28;6430;5101;482420;401399;58.2;48.5
74;2021-07-29;5231;3931;487651;405330;58.9;48.9
74;2021-07-30;6611;5485;494262;410815;59.7;49.6
74;2021-07-31;4325;3118;498587;413933;60.2;50.0
74;2021-08-01;177;152;498764;414085;60.2;50.0
74;2021-08-02;5827;4386;504591;418471;60.9;50.5
74;2021-08-03;5818;3841;510409;422312;61.6;51.0
74;2021-08-04;6066;3482;516475;425794;62.3;51.4
74;2021-08-05;4860;3254;521335;429048;62.9;51.8
74;2021-08-06;4900;4170;526235;433218;63.5;52.3
74;2021-08-07;3174;2883;529409;436101;63.9;52.6
74;2021-08-08;152;133;529561;436234;63.9;52.7
74;2021-08-09;4865;4799;534426;441033;64.5;53.2
74;2021-08-10;4865;4657;539291;445690;65.1;53.8
74;2021-08-11;4282;4867;543573;450557;65.6;54.4
74;2021-08-12;3544;3591;547117;454148;66.0;54.8
74;2021-08-13;3606;4568;550723;458716;66.5;55.4
74;2021-08-14;2157;3328;552880;462044;66.7;55.8
74;2021-08-15;59;101;552939;462145;66.7;55.8
74;2021-08-16;3135;5835;556074;467980;67.1;56.5
74;2021-08-17;2930;5459;559004;473439;67.5;57.2
75;2020-12-27;41;1;41;1;0.0;0.0
75;2020-12-28;51;0;92;1;0.0;0.0
75;2020-12-29;20;0;112;1;0.0;0.0
75;2020-12-30;53;0;165;1;0.0;0.0
75;2020-12-31;32;0;197;1;0.0;0.0
75;2021-01-01;44;2;241;3;0.0;0.0
75;2021-01-02;57;1;298;4;0.0;0.0
75;2021-01-03;94;0;392;4;0.0;0.0
75;2021-01-04;298;1;690;5;0.0;0.0
75;2021-01-05;867;13;1557;18;0.1;0.0
75;2021-01-06;1356;16;2913;34;0.1;0.0
75;2021-01-07;2059;18;4972;52;0.2;0.0
75;2021-01-08;2869;32;7841;84;0.4;0.0
75;2021-01-09;1093;2;8934;86;0.4;0.0
75;2021-01-10;1096;5;10030;91;0.5;0.0
75;2021-01-11;3077;48;13107;139;0.6;0.0
75;2021-01-12;3476;55;16583;194;0.8;0.0
75;2021-01-13;3547;43;20130;237;0.9;0.0
75;2021-01-14;3699;63;23829;300;1.1;0.0
75;2021-01-15;3310;45;27139;345;1.3;0.0
75;2021-01-16;1129;16;28268;361;1.3;0.0
75;2021-01-17;549;14;28817;375;1.3;0.0
75;2021-01-18;3262;74;32079;449;1.5;0.0
75;2021-01-19;3844;48;35923;497;1.7;0.0
75;2021-01-20;4398;63;40321;560;1.9;0.0
75;2021-01-21;4903;82;45224;642;2.1;0.0
75;2021-01-22;4571;81;49795;723;2.3;0.0
75;2021-01-23;1755;15;51550;738;2.4;0.0
75;2021-01-24;740;7;52290;745;2.4;0.0
75;2021-01-25;1706;26;53996;771;2.5;0.0
75;2021-01-26;2542;87;56538;858;2.6;0.0
75;2021-01-27;3113;165;59651;1023;2.8;0.0
75;2021-01-28;4762;264;64413;1287;3.0;0.1
75;2021-01-29;4041;268;68454;1555;3.2;0.1
75;2021-01-30;1354;34;69808;1589;3.2;0.1
75;2021-01-31;217;3;70025;1592;3.3;0.1
75;2021-02-01;1616;379;71641;1971;3.3;0.1
75;2021-02-02;2126;652;73767;2623;3.4;0.1
75;2021-02-03;1870;688;75637;3311;3.5;0.2
75;2021-02-04;2135;1128;77772;4439;3.6;0.2
75;2021-02-05;2206;871;79978;5310;3.7;0.2
75;2021-02-06;1092;92;81070;5402;3.8;0.3
75;2021-02-07;172;6;81242;5408;3.8;0.3
75;2021-02-08;1249;1469;82491;6877;3.8;0.3
75;2021-02-09;1776;2386;84267;9263;3.9;0.4
75;2021-02-10;2405;2399;86672;11662;4.0;0.5
75;2021-02-11;2923;6417;89595;18079;4.2;0.8
75;2021-02-12;3112;2408;92707;20487;4.3;1.0
75;2021-02-13;847;1050;93554;21537;4.4;1.0
75;2021-02-14;200;43;93754;21580;4.4;1.0
75;2021-02-15;995;2458;94749;24038;4.4;1.1
75;2021-02-16;1437;6539;96186;30577;4.5;1.4
75;2021-02-17;1311;3235;97497;33812;4.5;1.6
75;2021-02-18;1745;5854;99242;39666;4.6;1.8
75;2021-02-19;2207;4149;101449;43815;4.7;2.0
75;2021-02-20;471;1688;101920;45503;4.7;2.1
75;2021-02-21;186;160;102106;45663;4.8;2.1
75;2021-02-22;1209;1931;103315;47594;4.8;2.2
75;2021-02-23;1431;2726;104746;50320;4.9;2.3
75;2021-02-24;1681;2340;106427;52660;5.0;2.5
75;2021-02-25;2763;5334;109190;57994;5.1;2.7
75;2021-02-26;3355;2729;112545;60723;5.2;2.8
75;2021-02-27;1395;942;113940;61665;5.3;2.9
75;2021-02-28;317;142;114257;61807;5.3;2.9
75;2021-03-01;2585;1689;116842;63496;5.4;3.0
75;2021-03-02;4154;2214;120996;65710;5.6;3.1
75;2021-03-03;5403;2355;126399;68065;5.9;3.2
75;2021-03-04;8023;2608;134422;70673;6.3;3.3
75;2021-03-05;10527;2762;144949;73435;6.7;3.4
75;2021-03-06;11058;1087;156007;74522;7.3;3.5
75;2021-03-07;9483;1523;165490;76045;7.7;3.5
75;2021-03-08;5877;1568;171367;77613;8.0;3.6
75;2021-03-09;7501;2139;178868;79752;8.3;3.7
75;2021-03-10;7478;2135;186346;81887;8.7;3.8
75;2021-03-11;10315;2547;196661;84434;9.2;3.9
75;2021-03-12;12037;2575;208698;87009;9.7;4.1
75;2021-03-13;8532;775;217230;87784;10.1;4.1
75;2021-03-14;4157;251;221387;88035;10.3;4.1
75;2021-03-15;7433;987;228820;89022;10.7;4.1
75;2021-03-16;5132;693;233952;89715;10.9;4.2
75;2021-03-17;5410;833;239362;90548;11.1;4.2
75;2021-03-18;6596;883;245958;91431;11.4;4.3
75;2021-03-19;9722;998;255680;92429;11.9;4.3
75;2021-03-20;5916;614;261596;93043;12.2;4.3
75;2021-03-21;1578;435;263174;93478;12.3;4.4
75;2021-03-22;8616;1030;271790;94508;12.7;4.4
75;2021-03-23;10924;1260;282714;95768;13.2;4.5
75;2021-03-24;10977;1340;293691;97108;13.7;4.5
75;2021-03-25;14184;1548;307875;98656;14.3;4.6
75;2021-03-26;13942;1695;321817;100351;15.0;4.7
75;2021-03-27;7260;780;329077;101131;15.3;4.7
75;2021-03-28;1770;152;330847;101283;15.4;4.7
75;2021-03-29;7948;2220;338795;103503;15.8;4.8
75;2021-03-30;10902;3251;349697;106754;16.3;5.0
75;2021-03-31;9713;3613;359410;110367;16.7;5.1
75;2021-04-01;10650;5214;370060;115581;17.2;5.4
75;2021-04-02;9013;5586;379073;121167;17.6;5.6
75;2021-04-03;4102;4897;383175;126064;17.8;5.9
75;2021-04-04;1411;1496;384586;127560;17.9;5.9
75;2021-04-05;2224;1440;386810;129000;18.0;6.0
75;2021-04-06;6874;4310;393684;133310;18.3;6.2
75;2021-04-07;8053;4425;401737;137735;18.7;6.4
75;2021-04-08;11039;4176;412776;141911;19.2;6.6
75;2021-04-09;12187;4624;424963;146535;19.8;6.8
75;2021-04-10;5819;4274;430782;150809;20.1;7.0
75;2021-04-11;1922;1796;432704;152605;20.1;7.1
75;2021-04-12;7460;3789;440164;156394;20.5;7.3
75;2021-04-13;8546;6867;448710;163261;20.9;7.6
75;2021-04-14;8266;5227;456976;168488;21.3;7.8
75;2021-04-15;8873;6136;465849;174624;21.7;8.1
75;2021-04-16;9357;6117;475206;180741;22.1;8.4
75;2021-04-17;4808;3654;480014;184395;22.3;8.6
75;2021-04-18;1658;878;481672;185273;22.4;8.6
75;2021-04-19;5559;4949;487231;190222;22.7;8.9
75;2021-04-20;6442;5955;493673;196177;23.0;9.1
75;2021-04-21;6840;5574;500513;201751;23.3;9.4
75;2021-04-22;7529;5917;508042;207668;23.6;9.7
75;2021-04-23;8514;6322;516556;213990;24.0;10.0
75;2021-04-24;6154;3349;522710;217339;24.3;10.1
75;2021-04-25;2954;758;525664;218097;24.5;10.2
75;2021-04-26;7022;4724;532686;222821;24.8;10.4
75;2021-04-27;10576;6424;543262;229245;25.3;10.7
75;2021-04-28;12179;6030;555441;235275;25.9;11.0
75;2021-04-29;13744;6340;569185;241615;26.5;11.2
75;2021-04-30;13651;6178;582836;247793;27.1;11.5
75;2021-05-01;5070;1327;587906;249120;27.4;11.6
75;2021-05-02;2378;791;590284;249911;27.5;11.6
75;2021-05-03;10273;13522;600557;263433;28.0;12.3
75;2021-05-04;11159;8076;611716;271509;28.5;12.6
75;2021-05-05;13537;6716;625253;278225;29.1;13.0
75;2021-05-06;13984;8197;639237;286422;29.8;13.3
75;2021-05-07;13961;8597;653198;295019;30.4;13.7
75;2021-05-08;10066;5523;663264;300542;30.9;14.0
75;2021-05-09;3813;3202;667077;303744;31.1;14.1
75;2021-05-10;14280;6731;681357;310475;31.7;14.5
75;2021-05-11;16828;8433;698185;318908;32.5;14.8
75;2021-05-12;17946;8164;716131;327072;33.3;15.2
75;2021-05-13;13619;2511;729750;329583;34.0;15.3
75;2021-05-14;18369;5149;748119;334732;34.8;15.6
75;2021-05-15;12298;2648;760417;337380;35.4;15.7
75;2021-05-16;3845;764;764262;338144;35.6;15.7
75;2021-05-17;15990;4659;780252;342803;36.3;16.0
75;2021-05-18;19139;5336;799391;348139;37.2;16.2
75;2021-05-19;20703;10739;820094;358878;38.2;16.7
75;2021-05-20;21562;8683;841656;367561;39.2;17.1
75;2021-05-21;21016;6555;862672;374116;40.2;17.4
75;2021-05-22;15919;3321;878591;377437;40.9;17.6
75;2021-05-23;5626;1339;884217;378776;41.2;17.6
75;2021-05-24;15628;2568;899845;381344;41.9;17.8
75;2021-05-25;18008;9603;917853;390947;42.7;18.2
75;2021-05-26;18855;8228;936708;399175;43.6;18.6
75;2021-05-27;20131;9826;956839;409001;44.5;19.0
75;2021-05-28;19327;10873;976166;419874;45.4;19.5
75;2021-05-29;16114;5855;992280;425729;46.2;19.8
75;2021-05-30;7030;2157;999310;427886;46.5;19.9
75;2021-05-31;18092;9470;1017402;437356;47.4;20.4
75;2021-06-01;18626;12996;1036028;450352;48.2;21.0
75;2021-06-02;18097;10312;1054125;460664;49.1;21.4
75;2021-06-03;20223;11981;1074348;472645;50.0;22.0
75;2021-06-04;18103;12880;1092451;485525;50.9;22.6
75;2021-06-05;11978;9629;1104429;495154;51.4;23.0
75;2021-06-06;6716;3160;1111145;498314;51.7;23.2
75;2021-06-07;13889;11846;1125034;510160;52.4;23.7
75;2021-06-08;14775;13984;1139809;524144;53.1;24.4
75;2021-06-09;16459;15256;1156268;539400;53.8;25.1
75;2021-06-10;18340;26333;1174608;565733;54.7;26.3
75;2021-06-11;15292;16478;1189900;582211;55.4;27.1
75;2021-06-12;13277;10003;1203177;592214;56.0;27.6
75;2021-06-13;6267;3796;1209444;596010;56.3;27.7
75;2021-06-14;11813;15425;1221257;611435;56.8;28.5
75;2021-06-15;12633;19557;1233890;630992;57.4;29.4
75;2021-06-16;12163;17241;1246053;648233;58.0;30.2
75;2021-06-17;12607;17690;1258660;665923;58.6;31.0
75;2021-06-18;11190;22628;1269850;688551;59.1;32.1
75;2021-06-19;7521;11833;1277371;700384;59.5;32.6
75;2021-06-20;2812;5486;1280183;705870;59.6;32.9
75;2021-06-21;8452;16343;1288635;722213;60.0;33.6
75;2021-06-22;8767;21815;1297402;744028;60.4;34.6
75;2021-06-23;10272;21436;1307674;765464;60.9;35.6
75;2021-06-24;11290;20642;1318964;786106;61.4;36.6
75;2021-06-25;9841;24703;1328805;810809;61.9;37.7
75;2021-06-26;7927;15425;1336732;826234;62.2;38.5
75;2021-06-27;2695;6333;1339427;832567;62.3;38.8
75;2021-06-28;8452;20152;1347879;852719;62.7;39.7
75;2021-06-29;9320;23845;1357199;876564;63.2;40.8
75;2021-06-30;10118;23620;1367317;900184;63.6;41.9
75;2021-07-01;11205;23522;1378522;923706;64.2;43.0
75;2021-07-02;10449;24776;1388971;948482;64.7;44.2
75;2021-07-03;7781;19821;1396752;968303;65.0;45.1
75;2021-07-04;3898;9559;1400650;977862;65.2;45.5
75;2021-07-05;8922;21568;1409572;999430;65.6;46.5
75;2021-07-06;10012;24011;1419584;1023441;66.1;47.6
75;2021-07-07;9982;25092;1429566;1048533;66.5;48.8
75;2021-07-08;10515;25010;1440081;1073543;67.0;50.0
75;2021-07-09;10461;24033;1450542;1097576;67.5;51.1
75;2021-07-10;7897;18513;1458439;1116089;67.9;52.0
75;2021-07-11;4340;8535;1462779;1124624;68.1;52.4
75;2021-07-12;9394;23085;1472173;1147709;68.5;53.4
75;2021-07-13;14239;24817;1486412;1172526;69.2;54.6
75;2021-07-14;8210;9718;1494622;1182244;69.6;55.0
75;2021-07-15;15087;25654;1509709;1207898;70.3;56.2
75;2021-07-16;15409;22132;1525118;1230030;71.0;57.3
75;2021-07-17;11475;16886;1536593;1246916;71.5;58.0
75;2021-07-18;6259;6825;1542852;1253741;71.8;58.4
75;2021-07-19;14199;21296;1557051;1275037;72.5;59.4
75;2021-07-20;15953;21869;1573004;1296906;73.2;60.4
75;2021-07-21;15565;20706;1588569;1317612;73.9;61.3
75;2021-07-22;17005;20059;1605574;1337671;74.7;62.3
75;2021-07-23;16829;19069;1622403;1356740;75.5;63.2
75;2021-07-24;10964;14045;1633367;1370785;76.0;63.8
75;2021-07-25;4968;5080;1638335;1375865;76.3;64.0
75;2021-07-26;15015;16846;1653350;1392711;77.0;64.8
75;2021-07-27;17883;16583;1671233;1409294;77.8;65.6
75;2021-07-28;16872;15423;1688105;1424717;78.6;66.3
75;2021-07-29;16543;15032;1704648;1439749;79.3;67.0
75;2021-07-30;15991;14282;1720639;1454031;80.1;67.7
75;2021-07-31;9177;9836;1729816;1463867;80.5;68.1
75;2021-08-01;3452;3286;1733268;1467153;80.7;68.3
75;2021-08-02;10346;11942;1743614;1479095;81.2;68.9
75;2021-08-03;10749;10768;1754363;1489863;81.7;69.4
75;2021-08-04;9267;9467;1763630;1499330;82.1;69.8
75;2021-08-05;8357;9478;1771987;1508808;82.5;70.2
75;2021-08-06;7888;9906;1779875;1518714;82.9;70.7
75;2021-08-07;5545;7124;1785420;1525838;83.1;71.0
75;2021-08-08;1908;3267;1787328;1529105;83.2;71.2
75;2021-08-09;8205;11394;1795533;1540499;83.6;71.7
75;2021-08-10;8756;11515;1804289;1552014;84.0;72.2
75;2021-08-11;7431;10071;1811720;1562085;84.3;72.7
75;2021-08-12;6639;10560;1818359;1572645;84.6;73.2
75;2021-08-13;5926;8848;1824285;1581493;84.9;73.6
75;2021-08-14;3969;7168;1828254;1588661;85.1;74.0
75;2021-08-15;919;1921;1829173;1590582;85.1;74.0
75;2021-08-16;5881;13970;1835054;1604552;85.4;74.7
75;2021-08-17;5511;13501;1840565;1618053;85.7;75.3
76;2020-12-27;0;0;0;0;0.0;0.0
76;2020-12-28;0;0;0;0;0.0;0.0
76;2020-12-29;0;0;0;0;0.0;0.0
76;2020-12-30;0;0;0;0;0.0;0.0
76;2020-12-31;0;0;0;0;0.0;0.0
76;2021-01-01;0;0;0;0;0.0;0.0
76;2021-01-02;0;0;0;0;0.0;0.0
76;2021-01-03;0;0;0;0;0.0;0.0
76;2021-01-04;17;0;17;0;0.0;0.0
76;2021-01-05;138;0;155;0;0.0;0.0
76;2021-01-06;682;2;837;2;0.1;0.0
76;2021-01-07;1355;6;2192;8;0.2;0.0
76;2021-01-08;1534;2;3726;10;0.3;0.0
76;2021-01-09;736;2;4462;12;0.4;0.0
76;2021-01-10;492;1;4954;13;0.4;0.0
76;2021-01-11;1358;2;6312;15;0.5;0.0
76;2021-01-12;1358;2;7670;17;0.6;0.0
76;2021-01-13;1187;5;8857;22;0.7;0.0
76;2021-01-14;2175;23;11032;45;0.9;0.0
76;2021-01-15;1910;9;12942;54;1.0;0.0
76;2021-01-16;987;5;13929;59;1.1;0.0
76;2021-01-17;2898;20;16827;79;1.4;0.0
76;2021-01-18;4396;16;21223;95;1.7;0.0
76;2021-01-19;3012;8;24235;103;1.9;0.0
76;2021-01-20;2070;9;26305;112;2.1;0.0
76;2021-01-21;1773;4;28078;116;2.3;0.0
76;2021-01-22;1706;4;29784;120;2.4;0.0
76;2021-01-23;449;1;30233;121;2.4;0.0
76;2021-01-24;99;0;30332;121;2.4;0.0
76;2021-01-25;1474;141;31806;262;2.6;0.0
76;2021-01-26;1389;335;33195;597;2.7;0.0
76;2021-01-27;1340;432;34535;1029;2.8;0.1
76;2021-01-28;1283;383;35818;1412;2.9;0.1
76;2021-01-29;1152;459;36970;1871;3.0;0.2
76;2021-01-30;283;305;37253;2176;3.0;0.2
76;2021-01-31;4;98;37257;2274;3.0;0.2
76;2021-02-01;839;816;38096;3090;3.1;0.2
76;2021-02-02;1056;1021;39152;4111;3.1;0.3
76;2021-02-03;919;1003;40071;5114;3.2;0.4
76;2021-02-04;977;1454;41048;6568;3.3;0.5
76;2021-02-05;974;1105;42022;7673;3.4;0.6
76;2021-02-06;262;881;42284;8554;3.4;0.7
76;2021-02-07;467;1659;42751;10213;3.4;0.8
76;2021-02-08;1922;3735;44673;13948;3.6;1.1
76;2021-02-09;1757;2998;46430;16946;3.7;1.4
76;2021-02-10;1487;1810;47917;18756;3.9;1.5
76;2021-02-11;1676;1530;49593;20286;4.0;1.6
76;2021-02-12;1709;1578;51302;21864;4.1;1.8
76;2021-02-13;230;337;51532;22201;4.1;1.8
76;2021-02-14;9;82;51541;22283;4.1;1.8
76;2021-02-15;554;1719;52095;24002;4.2;1.9
76;2021-02-16;741;1643;52836;25645;4.2;2.1
76;2021-02-17;625;1449;53461;27094;4.3;2.2
76;2021-02-18;780;1395;54241;28489;4.4;2.3
76;2021-02-19;868;1343;55109;29832;4.4;2.4
76;2021-02-20;270;288;55379;30120;4.5;2.4
76;2021-02-21;0;0;55379;30120;4.5;2.4
76;2021-02-22;371;1314;55750;31434;4.5;2.5
76;2021-02-23;575;1241;56325;32675;4.5;2.6
76;2021-02-24;599;1201;56924;33876;4.6;2.7
76;2021-02-25;1665;1264;58589;35140;4.7;2.8
76;2021-02-26;2171;1050;60760;36190;4.9;2.9
76;2021-02-27;1107;275;61867;36465;5.0;2.9
76;2021-02-28;27;197;61894;36662;5.0;2.9
76;2021-03-01;828;2109;62722;38771;5.0;3.1
76;2021-03-02;1381;1721;64103;40492;5.2;3.3
76;2021-03-03;1942;1400;66045;41892;5.3;3.4
76;2021-03-04;2818;1110;68863;43002;5.5;3.5
76;2021-03-05;4178;811;73041;43813;5.9;3.5
76;2021-03-06;3363;162;76404;43975;6.1;3.5
76;2021-03-07;1257;32;77661;44007;6.2;3.5
76;2021-03-08;2100;1252;79761;45259;6.4;3.6
76;2021-03-09;3574;1168;83335;46427;6.7;3.7
76;2021-03-10;3592;1064;86927;47491;7.0;3.8
76;2021-03-11;5634;945;92561;48436;7.4;3.9
76;2021-03-12;6826;598;99387;49034;8.0;3.9
76;2021-03-13;4645;145;104032;49179;8.4;4.0
76;2021-03-14;1068;28;105100;49207;8.4;4.0
76;2021-03-15;2917;234;108017;49441;8.7;4.0
76;2021-03-16;2554;401;110571;49842;8.9;4.0
76;2021-03-17;2695;316;113266;50158;9.1;4.0
76;2021-03-18;3002;308;116268;50466;9.3;4.1
76;2021-03-19;4395;426;120663;50892;9.7;4.1
76;2021-03-20;3974;287;124637;51179;10.0;4.1
76;2021-03-21;837;13;125474;51192;10.1;4.1
76;2021-03-22;3993;342;129467;51534;10.4;4.1
76;2021-03-23;5711;355;135178;51889;10.9;4.2
76;2021-03-24;5699;396;140877;52285;11.3;4.2
76;2021-03-25;7508;569;148385;52854;11.9;4.2
76;2021-03-26;8720;585;157105;53439;12.6;4.3
76;2021-03-27;4810;386;161915;53825;13.0;4.3
76;2021-03-28;1021;31;162936;53856;13.1;4.3
76;2021-03-29;5389;823;168325;54679;13.5;4.4
76;2021-03-30;6585;1059;174910;55738;14.1;4.5
76;2021-03-31;6449;1255;181359;56993;14.6;4.6
76;2021-04-01;6784;2035;188143;59028;15.1;4.7
76;2021-04-02;6488;2677;194631;61705;15.6;5.0
76;2021-04-03;2443;1080;197074;62785;15.8;5.0
76;2021-04-04;264;11;197338;62796;15.9;5.0
76;2021-04-05;868;379;198206;63175;15.9;5.1
76;2021-04-06;3557;2795;201763;65970;16.2;5.3
76;2021-04-07;4416;2403;206179;68373;16.6;5.5
76;2021-04-08;5842;2781;212021;71154;17.0;5.7
76;2021-04-09;8805;3069;220826;74223;17.8;6.0
76;2021-04-10;4876;1417;225702;75640;18.1;6.1
76;2021-04-11;814;529;226516;76169;18.2;6.1
76;2021-04-12;4725;2849;231241;79018;18.6;6.4
76;2021-04-13;5926;2871;237167;81889;19.1;6.6
76;2021-04-14;4805;3141;241972;85030;19.5;6.8
76;2021-04-15;5564;3361;247536;88391;19.9;7.1
76;2021-04-16;7353;3441;254889;91832;20.5;7.4
76;2021-04-17;4389;1429;259278;93261;20.8;7.5
76;2021-04-18;339;140;259617;93401;20.9;7.5
76;2021-04-19;3478;3773;263095;97174;21.2;7.8
76;2021-04-20;4342;4277;267437;101451;21.5;8.2
76;2021-04-21;4189;4690;271626;106141;21.8;8.5
76;2021-04-22;4561;5439;276187;111580;22.2;9.0
76;2021-04-23;5437;5955;281624;117535;22.6;9.4
76;2021-04-24;4163;2190;285787;119725;23.0;9.6
76;2021-04-25;893;267;286680;119992;23.0;9.6
76;2021-04-26;4482;4478;291162;124470;23.4;10.0
76;2021-04-27;4999;5002;296161;129472;23.8;10.4
76;2021-04-28;5347;4167;301508;133639;24.2;10.7
76;2021-04-29;6927;4169;308435;137808;24.8;11.1
76;2021-04-30;8218;4650;316653;142458;25.5;11.5
76;2021-05-01;4827;1008;321480;143466;25.8;11.5
76;2021-05-02;1843;261;323323;143727;26.0;11.6
76;2021-05-03;4703;3315;328026;147042;26.4;11.8
76;2021-05-04;4823;4561;332849;151603;26.8;12.2
76;2021-05-05;4785;5179;337634;156782;27.1;12.6
76;2021-05-06;5922;5588;343556;162370;27.6;13.1
76;2021-05-07;6139;6758;349695;169128;28.1;13.6
76;2021-05-08;5055;905;354750;170033;28.5;13.7
76;2021-05-09;2539;235;357289;170268;28.7;13.7
76;2021-05-10;4948;5058;362237;175326;29.1;14.1
76;2021-05-11;6518;5678;368755;181004;29.6;14.6
76;2021-05-12;6265;5075;375020;186079;30.2;15.0
76;2021-05-13;8846;1280;383866;187359;30.9;15.1
76;2021-05-14;10415;4668;394281;192027;31.7;15.4
76;2021-05-15;9120;2454;403401;194481;32.4;15.6
76;2021-05-16;6233;479;409634;194960;32.9;15.7
76;2021-05-17;7225;3274;416859;198234;33.5;15.9
76;2021-05-18;8305;2810;425164;201044;34.2;16.2
76;2021-05-19;8404;3191;433568;204235;34.9;16.4
76;2021-05-20;9649;3416;443217;207651;35.6;16.7
76;2021-05-21;8369;4094;451586;211745;36.3;17.0
76;2021-05-22;7164;2360;458750;214105;36.9;17.2
76;2021-05-23;6390;412;465140;214517;37.4;17.2
76;2021-05-24;6865;1529;472005;216046;37.9;17.4
76;2021-05-25;8024;4086;480029;220132;38.6;17.7
76;2021-05-26;7574;3611;487603;223743;39.2;18.0
76;2021-05-27;8347;4707;495950;228450;39.9;18.4
76;2021-05-28;8234;6576;504184;235026;40.5;18.9
76;2021-05-29;6220;3519;510404;238545;41.0;19.2
76;2021-05-30;3147;431;513551;238976;41.3;19.2
76;2021-05-31;8167;3971;521718;242947;41.9;19.5
76;2021-06-01;9211;5029;530929;247976;42.7;19.9
76;2021-06-02;7930;4447;538859;252423;43.3;20.3
76;2021-06-03;9537;5406;548396;257829;44.1;20.7
76;2021-06-04;9244;6678;557640;264507;44.8;21.3
76;2021-06-05;6291;3815;563931;268322;45.3;21.6
76;2021-06-06;2554;650;566485;268972;45.5;21.6
76;2021-06-07;6983;5454;573468;274426;46.1;22.1
76;2021-06-08;8652;6285;582120;280711;46.8;22.6
76;2021-06-09;7213;6085;589333;286796;47.4;23.1
76;2021-06-10;7993;6562;597326;293358;48.0;23.6
76;2021-06-11;7581;8234;604907;301592;48.6;24.2
76;2021-06-12;7166;5874;612073;307466;49.2;24.7
76;2021-06-13;2961;1294;615034;308760;49.4;24.8
76;2021-06-14;6490;6718;621524;315478;50.0;25.4
76;2021-06-15;6297;7465;627821;322943;50.5;26.0
76;2021-06-16;6655;7484;634476;330427;51.0;26.6
76;2021-06-17;7006;7758;641482;338185;51.6;27.2
76;2021-06-18;7688;9237;649170;347422;52.2;27.9
76;2021-06-19;5986;6263;655156;353685;52.7;28.4
76;2021-06-20;2812;1815;657968;355500;52.9;28.6
76;2021-06-21;5590;8175;663558;363675;53.3;29.2
76;2021-06-22;4922;9878;668480;373553;53.7;30.0
76;2021-06-23;4730;9435;673210;382988;54.1;30.8
76;2021-06-24;4796;9917;678006;392905;54.5;31.6
76;2021-06-25;5224;11575;683230;404480;54.9;32.5
76;2021-06-26;3453;7877;686683;412357;55.2;33.2
76;2021-06-27;1366;5165;688049;417522;55.3;33.6
76;2021-06-28;3615;9945;691664;427467;55.6;34.4
76;2021-06-29;3872;10234;695536;437701;55.9;35.2
76;2021-06-30;4266;9839;699802;447540;56.3;36.0
76;2021-07-01;4590;9903;704392;457443;56.6;36.8
76;2021-07-02;4369;12011;708761;469454;57.0;37.7
76;2021-07-03;3586;8450;712347;477904;57.3;38.4
76;2021-07-04;1486;5305;713833;483209;57.4;38.8
76;2021-07-05;3953;9331;717786;492540;57.7;39.6
76;2021-07-06;4055;10078;721841;502618;58.0;40.4
76;2021-07-07;4012;9328;725853;511946;58.4;41.2
76;2021-07-08;4465;9459;730318;521405;58.7;41.9
76;2021-07-09;4365;12410;734683;533815;59.1;42.9
76;2021-07-10;3136;8553;737819;542368;59.3;43.6
76;2021-07-11;1777;2820;739596;545188;59.5;43.8
76;2021-07-12;3156;11151;742752;556339;59.7;44.7
76;2021-07-13;4935;12262;747687;568601;60.1;45.7
76;2021-07-14;4804;5542;752491;574143;60.5;46.2
76;2021-07-15;5912;11793;758403;585936;61.0;47.1
76;2021-07-16;6715;12019;765118;597955;61.5;48.1
76;2021-07-17;5278;8702;770396;606657;61.9;48.8
76;2021-07-18;2257;3356;772653;610013;62.1;49.0
76;2021-07-19;5159;11150;777812;621163;62.5;49.9
76;2021-07-20;6268;11625;784080;632788;63.0;50.9
76;2021-07-21;6336;10559;790416;643347;63.5;51.7
76;2021-07-22;8234;9649;798650;652996;64.2;52.5
76;2021-07-23;7621;11992;806271;664988;64.8;53.5
76;2021-07-24;4989;7713;811260;672701;65.2;54.1
76;2021-07-25;2866;3142;814126;675843;65.5;54.3
76;2021-07-26;5427;10147;819553;685990;65.9;55.2
76;2021-07-27;8313;9558;827866;695548;66.6;55.9
76;2021-07-28;8223;7806;836089;703354;67.2;56.5
76;2021-07-29;9544;6971;845633;710325;68.0;57.1
76;2021-07-30;7960;7832;853593;718157;68.6;57.7
76;2021-07-31;6573;5321;860166;723478;69.2;58.2
76;2021-08-01;3859;2074;864025;725552;69.5;58.3
76;2021-08-02;6527;7092;870552;732644;70.0;58.9
76;2021-08-03;7941;6346;878493;738990;70.6;59.4
76;2021-08-04;7213;5846;885706;744836;71.2;59.9
76;2021-08-05;8016;5695;893722;750531;71.9;60.3
76;2021-08-06;6742;6862;900464;757393;72.4;60.9
76;2021-08-07;4769;4370;905233;761763;72.8;61.2
76;2021-08-08;2399;2154;907632;763917;73.0;61.4
76;2021-08-09;5590;6725;913222;770642;73.4;62.0
76;2021-08-10;6330;6534;919552;777176;73.9;62.5
76;2021-08-11;6435;5468;925987;782644;74.4;62.9
76;2021-08-12;6009;6046;931996;788690;74.9;63.4
76;2021-08-13;4986;6175;936982;794865;75.3;63.9
76;2021-08-14;3791;4578;940773;799443;75.6;64.3
76;2021-08-15;1573;2348;942346;801791;75.8;64.5
76;2021-08-16;3604;6703;945950;808494;76.1;65.0
76;2021-08-17;3873;6926;949823;815420;76.4;65.6
77;2020-12-27;1;0;1;0;0.0;0.0
77;2020-12-28;1;0;2;0;0.0;0.0
77;2020-12-29;0;0;2;0;0.0;0.0
77;2020-12-30;0;0;2;0;0.0;0.0
77;2020-12-31;0;0;2;0;0.0;0.0
77;2021-01-01;3;0;5;0;0.0;0.0
77;2021-01-02;0;0;5;0;0.0;0.0
77;2021-01-03;0;0;5;0;0.0;0.0
77;2021-01-04;6;0;11;0;0.0;0.0
77;2021-01-05;199;0;210;0;0.0;0.0
77;2021-01-06;223;2;433;2;0.0;0.0
77;2021-01-07;521;3;954;5;0.1;0.0
77;2021-01-08;612;0;1566;5;0.1;0.0
77;2021-01-09;273;1;1839;6;0.1;0.0
77;2021-01-10;235;2;2074;8;0.1;0.0
77;2021-01-11;783;2;2857;10;0.2;0.0
77;2021-01-12;884;1;3741;11;0.3;0.0
77;2021-01-13;936;1;4677;12;0.3;0.0
77;2021-01-14;847;7;5524;19;0.4;0.0
77;2021-01-15;859;10;6383;29;0.4;0.0
77;2021-01-16;168;1;6551;30;0.5;0.0
77;2021-01-17;131;2;6682;32;0.5;0.0
77;2021-01-18;1194;5;7876;37;0.6;0.0
77;2021-01-19;1719;20;9595;57;0.7;0.0
77;2021-01-20;2540;5;12135;62;0.9;0.0
77;2021-01-21;2052;23;14187;85;1.0;0.0
77;2021-01-22;1147;8;15334;93;1.1;0.0
77;2021-01-23;350;0;15684;93;1.1;0.0
77;2021-01-24;43;0;15727;93;1.1;0.0
77;2021-01-25;939;26;16666;119;1.2;0.0
77;2021-01-26;1702;24;18368;143;1.3;0.0
77;2021-01-27;1362;29;19730;172;1.4;0.0
77;2021-01-28;1697;99;21427;271;1.5;0.0
77;2021-01-29;1285;147;22712;418;1.6;0.0
77;2021-01-30;211;2;22923;420;1.6;0.0
77;2021-01-31;0;0;22923;420;1.6;0.0
77;2021-02-01;569;212;23492;632;1.7;0.0
77;2021-02-02;867;267;24359;899;1.7;0.1
77;2021-02-03;794;526;25153;1425;1.8;0.1
77;2021-02-04;789;804;25942;2229;1.8;0.2
77;2021-02-05;857;852;26799;3081;1.9;0.2
77;2021-02-06;165;103;26964;3184;1.9;0.2
77;2021-02-07;16;92;26980;3276;1.9;0.2
77;2021-02-08;494;939;27474;4215;1.9;0.3
77;2021-02-09;590;1466;28064;5681;2.0;0.4
77;2021-02-10;1029;1835;29093;7516;2.0;0.5
77;2021-02-11;1059;1655;30152;9171;2.1;0.6
77;2021-02-12;1097;1172;31249;10343;2.2;0.7
77;2021-02-13;187;175;31436;10518;2.2;0.7
77;2021-02-14;12;57;31448;10575;2.2;0.7
77;2021-02-15;555;1030;32003;11605;2.2;0.8
77;2021-02-16;599;1539;32602;13144;2.3;0.9
77;2021-02-17;515;1188;33117;14332;2.3;1.0
77;2021-02-18;840;1619;33957;15951;2.4;1.1
77;2021-02-19;776;1154;34733;17105;2.4;1.2
77;2021-02-20;54;178;34787;17283;2.4;1.2
77;2021-02-21;7;31;34794;17314;2.4;1.2
77;2021-02-22;303;773;35097;18087;2.5;1.3
77;2021-02-23;358;1132;35455;19219;2.5;1.4
77;2021-02-24;512;899;35967;20118;2.5;1.4
77;2021-02-25;793;970;36760;21088;2.6;1.5
77;2021-02-26;841;840;37601;21928;2.6;1.5
77;2021-02-27;460;169;38061;22097;2.7;1.6
77;2021-02-28;32;5;38093;22102;2.7;1.6
77;2021-03-01;676;712;38769;22814;2.7;1.6
77;2021-03-02;1092;1028;39861;23842;2.8;1.7
77;2021-03-03;1954;1175;41815;25017;2.9;1.8
77;2021-03-04;2800;1133;44615;26150;3.1;1.8
77;2021-03-05;3378;1052;47993;27202;3.4;1.9
77;2021-03-06;4823;261;52816;27463;3.7;1.9
77;2021-03-07;3189;114;56005;27577;3.9;1.9
77;2021-03-08;1230;506;57235;28083;4.0;2.0
77;2021-03-09;2503;631;59738;28714;4.2;2.0
77;2021-03-10;2397;576;62135;29290;4.4;2.1
77;2021-03-11;3500;782;65635;30072;4.6;2.1
77;2021-03-12;3888;684;69523;30756;4.9;2.2
77;2021-03-13;4482;204;74005;30960;5.2;2.2
77;2021-03-14;2152;120;76157;31080;5.3;2.2
77;2021-03-15;2509;277;78666;31357;5.5;2.2
77;2021-03-16;2444;374;81110;31731;5.7;2.2
77;2021-03-17;2551;425;83661;32156;5.9;2.3
77;2021-03-18;3010;398;86671;32554;6.1;2.3
77;2021-03-19;3358;433;90029;32987;6.3;2.3
77;2021-03-20;1966;75;91995;33062;6.5;2.3
77;2021-03-21;242;13;92237;33075;6.5;2.3
77;2021-03-22;3019;406;95256;33481;6.7;2.4
77;2021-03-23;4518;526;99774;34007;7.0;2.4
77;2021-03-24;4151;617;103925;34624;7.3;2.4
77;2021-03-25;5905;407;109830;35031;7.7;2.5
77;2021-03-26;6265;443;116095;35474;8.2;2.5
77;2021-03-27;3321;120;119416;35594;8.4;2.5
77;2021-03-28;1730;44;121146;35638;8.5;2.5
77;2021-03-29;2652;685;123798;36323;8.7;2.6
77;2021-03-30;3995;1193;127793;37516;9.0;2.6
77;2021-03-31;3753;1222;131546;38738;9.2;2.7
77;2021-04-01;4141;1817;135687;40555;9.5;2.8
77;2021-04-02;3989;2013;139676;42568;9.8;3.0
77;2021-04-03;1745;2281;141421;44849;9.9;3.2
77;2021-04-04;425;1426;141846;46275;10.0;3.3
77;2021-04-05;158;162;142004;46437;10.0;3.3
77;2021-04-06;2716;1922;144720;48359;10.2;3.4
77;2021-04-07;3317;2082;148037;50441;10.4;3.5
77;2021-04-08;4534;2364;152571;52805;10.7;3.7
77;2021-04-09;4848;2086;157419;54891;11.1;3.9
77;2021-04-10;3074;2747;160493;57638;11.3;4.0
77;2021-04-11;586;716;161079;58354;11.3;4.1
77;2021-04-12;2231;1825;163310;60179;11.5;4.2
77;2021-04-13;3360;2634;166670;62813;11.7;4.4
77;2021-04-14;2522;2648;169192;65461;11.9;4.6
77;2021-04-15;3319;3113;172511;68574;12.1;4.8
77;2021-04-16;3575;2720;176086;71294;12.4;5.0
77;2021-04-17;1386;474;177472;71768;12.5;5.0
77;2021-04-18;150;11;177622;71779;12.5;5.0
77;2021-04-19;2083;2511;179705;74290;12.6;5.2
77;2021-04-20;2568;3382;182273;77672;12.8;5.5
77;2021-04-21;2193;3477;184466;81149;13.0;5.7
77;2021-04-22;3002;3858;187468;85007;13.2;6.0
77;2021-04-23;3529;3635;190997;88642;13.4;6.2
77;2021-04-24;4901;2513;195898;91155;13.8;6.4
77;2021-04-25;4080;1238;199978;92393;14.0;6.5
77;2021-04-26;3227;2041;203205;94434;14.3;6.6
77;2021-04-27;3993;2516;207198;96950;14.6;6.8
77;2021-04-28;4068;2615;211266;99565;14.8;7.0
77;2021-04-29;4478;3078;215744;102643;15.2;7.2
77;2021-04-30;4907;3335;220651;105978;15.5;7.4
77;2021-05-01;2463;594;223114;106572;15.7;7.5
77;2021-05-02;3142;277;226256;106849;15.9;7.5
77;2021-05-03;5987;2066;232243;108915;16.3;7.7
77;2021-05-04;6438;2990;238681;111905;16.8;7.9
77;2021-05-05;6016;3024;244697;114929;17.2;8.1
77;2021-05-06;6889;3593;251586;118522;17.7;8.3
77;2021-05-07;8203;3261;259789;121783;18.2;8.6
77;2021-05-08;5708;808;265497;122591;18.6;8.6
77;2021-05-09;4906;479;270403;123070;19.0;8.6
77;2021-05-10;8089;2328;278492;125398;19.6;8.8
77;2021-05-11;9582;2921;288074;128319;20.2;9.0
77;2021-05-12;8977;2283;297051;130602;20.9;9.2
77;2021-05-13;9304;879;306355;131481;21.5;9.2
77;2021-05-14;10426;1664;316781;133145;22.3;9.4
77;2021-05-15;8990;1249;325771;134394;22.9;9.4
77;2021-05-16;5151;463;330922;134857;23.2;9.5
77;2021-05-17;10372;1471;341294;136328;24.0;9.6
77;2021-05-18;11781;1801;353075;138129;24.8;9.7
77;2021-05-19;10913;1604;363988;139733;25.6;9.8
77;2021-05-20;12211;2153;376199;141886;26.4;10.0
77;2021-05-21;11652;2696;387851;144582;27.2;10.2
77;2021-05-22;9820;1735;397671;146317;27.9;10.3
77;2021-05-23;6986;806;404657;147123;28.4;10.3
77;2021-05-24;6763;774;411420;147897;28.9;10.4
77;2021-05-25;8311;2814;419731;150711;29.5;10.6
77;2021-05-26;7565;2979;427296;153690;30.0;10.8
77;2021-05-27;7551;3962;434847;157652;30.5;11.1
77;2021-05-28;7639;4010;442486;161662;31.1;11.4
77;2021-05-29;7354;2341;449840;164003;31.6;11.5
77;2021-05-30;4357;892;454197;164895;31.9;11.6
77;2021-05-31;8386;3831;462583;168726;32.5;11.9
77;2021-06-01;9642;4380;472225;173106;33.2;12.2
77;2021-06-02;9003;3919;481228;177025;33.8;12.4
77;2021-06-03;9002;5272;490230;182297;34.4;12.8
77;2021-06-04;9117;5491;499347;187788;35.1;13.2
77;2021-06-05;6663;4993;506010;192781;35.5;13.5
77;2021-06-06;4911;3208;510921;195989;35.9;13.8
77;2021-06-07;6418;4544;517339;200533;36.3;14.1
77;2021-06-08;5726;5213;523065;205746;36.7;14.5
77;2021-06-09;5057;4958;528122;210704;37.1;14.8
77;2021-06-10;5015;5462;533137;216166;37.4;15.2
77;2021-06-11;5754;6036;538891;222202;37.9;15.6
77;2021-06-12;6545;4750;545436;226952;38.3;15.9
77;2021-06-13;3507;3051;548943;230003;38.6;16.2
77;2021-06-14;3217;7929;552160;237932;38.8;16.7
77;2021-06-15;4125;8479;556285;246411;39.1;17.3
77;2021-06-16;4805;8376;561090;254787;39.4;17.9
77;2021-06-17;4471;9026;565561;263813;39.7;18.5
77;2021-06-18;4364;9786;569925;273599;40.0;19.2
77;2021-06-19;5303;6929;575228;280528;40.4;19.7
77;2021-06-20;2094;3799;577322;284327;40.6;20.0
77;2021-06-21;3228;9579;580550;293906;40.8;20.6
77;2021-06-22;3667;11374;584217;305280;41.0;21.4
77;2021-06-23;3440;10055;587657;315335;41.3;22.2
77;2021-06-24;3359;10913;591016;326248;41.5;22.9
77;2021-06-25;3626;10804;594642;337052;41.8;23.7
77;2021-06-26;4088;10069;598730;347121;42.1;24.4
77;2021-06-27;2123;6425;600853;353546;42.2;24.8
77;2021-06-28;2801;10829;603654;364375;42.4;25.6
77;2021-06-29;3413;12525;607067;376900;42.6;26.5
77;2021-06-30;3285;11448;610352;388348;42.9;27.3
77;2021-07-01;3277;11659;613629;400007;43.1;28.1
77;2021-07-02;3449;12248;617078;412255;43.3;29.0
77;2021-07-03;3184;10792;620262;423047;43.6;29.7
77;2021-07-04;1994;6492;622256;429539;43.7;30.2
77;2021-07-05;3590;9545;625846;439084;44.0;30.8
77;2021-07-06;3734;9522;629580;448606;44.2;31.5
77;2021-07-07;4054;8952;633634;457558;44.5;32.1
77;2021-07-08;3911;8756;637545;466314;44.8;32.8
77;2021-07-09;4692;10340;642237;476654;45.1;33.5
77;2021-07-10;4039;9838;646276;486492;45.4;34.2
77;2021-07-11;3084;5083;649360;491575;45.6;34.5
77;2021-07-12;3284;10861;652644;502436;45.8;35.3
77;2021-07-13;6110;12025;658754;514461;46.3;36.1
77;2021-07-14;3546;6438;662300;520899;46.5;36.6
77;2021-07-15;7151;11959;669451;532858;47.0;37.4
77;2021-07-16;7798;9883;677249;542741;47.6;38.1
77;2021-07-17;5778;9458;683027;552199;48.0;38.8
77;2021-07-18;4140;5328;687167;557527;48.3;39.2
77;2021-07-19;7491;8940;694658;566467;48.8;39.8
77;2021-07-20;9560;8023;704218;574490;49.5;40.4
77;2021-07-21;9495;7464;713713;581954;50.1;40.9
77;2021-07-22;10484;7512;724197;589466;50.9;41.4
77;2021-07-23;9810;8185;734007;597651;51.6;42.0
77;2021-07-24;7180;7857;741187;605508;52.1;42.5
77;2021-07-25;5862;4023;747049;609531;52.5;42.8
77;2021-07-26;9166;5954;756215;615485;53.1;43.2
77;2021-07-27;10832;6012;767047;621497;53.9;43.7
77;2021-07-28;9319;6396;776366;627893;54.5;44.1
77;2021-07-29;9460;5487;785826;633380;55.2;44.5
77;2021-07-30;9641;6341;795467;639721;55.9;44.9
77;2021-07-31;7200;6621;802667;646342;56.4;45.4
77;2021-08-01;2938;1205;805605;647547;56.6;45.5
77;2021-08-02;6997;5721;812602;653268;57.1;45.9
77;2021-08-03;5720;4482;818322;657750;57.5;46.2
77;2021-08-04;4666;4375;822988;662125;57.8;46.5
77;2021-08-05;3197;2947;826185;665072;58.0;46.7
77;2021-08-06;5808;5229;831993;670301;58.4;47.1
77;2021-08-07;5241;6790;837234;677091;58.8;47.6
77;2021-08-08;1955;1855;839189;678946;58.9;47.7
77;2021-08-09;5018;6562;844207;685508;59.3;48.2
77;2021-08-10;2650;3544;846857;689052;59.5;48.4
77;2021-08-11;3086;6177;849943;695229;59.7;48.8
77;2021-08-12;2229;3542;852172;698771;59.9;49.1
77;2021-08-13;2658;4860;854830;703631;60.0;49.4
77;2021-08-14;2797;7292;857627;710923;60.2;49.9
77;2021-08-15;787;764;858414;711687;60.3;50.0
77;2021-08-16;2355;6968;860769;718655;60.5;50.5
77;2021-08-17;2862;7177;863631;725832;60.7;51.0
78;2020-12-27;2;0;2;0;0.0;0.0
78;2020-12-28;0;0;2;0;0.0;0.0
78;2020-12-29;0;0;2;0;0.0;0.0
78;2020-12-30;0;0;2;0;0.0;0.0
78;2020-12-31;15;0;17;0;0.0;0.0
78;2021-01-01;1;0;18;0;0.0;0.0
78;2021-01-02;1;0;19;0;0.0;0.0
78;2021-01-03;2;0;21;0;0.0;0.0
78;2021-01-04;145;3;166;3;0.0;0.0
78;2021-01-05;175;1;341;4;0.0;0.0
78;2021-01-06;208;3;549;7;0.0;0.0
78;2021-01-07;469;2;1018;9;0.1;0.0
78;2021-01-08;651;3;1669;12;0.1;0.0
78;2021-01-09;22;0;1691;12;0.1;0.0
78;2021-01-10;1;0;1692;12;0.1;0.0
78;2021-01-11;792;3;2484;15;0.2;0.0
78;2021-01-12;946;5;3430;20;0.2;0.0
78;2021-01-13;737;9;4167;29;0.3;0.0
78;2021-01-14;811;9;4978;38;0.3;0.0
78;2021-01-15;847;9;5825;47;0.4;0.0
78;2021-01-16;32;1;5857;48;0.4;0.0
78;2021-01-17;0;0;5857;48;0.4;0.0
78;2021-01-18;1381;21;7238;69;0.5;0.0
78;2021-01-19;1841;27;9079;96;0.6;0.0
78;2021-01-20;1657;15;10736;111;0.7;0.0
78;2021-01-21;3252;14;13988;125;1.0;0.0
78;2021-01-22;2216;16;16204;141;1.1;0.0
78;2021-01-23;279;0;16483;141;1.1;0.0
78;2021-01-24;5;0;16488;141;1.1;0.0
78;2021-01-25;958;32;17446;173;1.2;0.0
78;2021-01-26;1559;20;19005;193;1.3;0.0
78;2021-01-27;2060;49;21065;242;1.5;0.0
78;2021-01-28;2434;107;23499;349;1.6;0.0
78;2021-01-29;1489;64;24988;413;1.7;0.0
78;2021-01-30;210;3;25198;416;1.7;0.0
78;2021-01-31;3;0;25201;416;1.7;0.0
78;2021-02-01;786;225;25987;641;1.8;0.0
78;2021-02-02;968;346;26955;987;1.9;0.1
78;2021-02-03;975;241;27930;1228;1.9;0.1
78;2021-02-04;1117;448;29047;1676;2.0;0.1
78;2021-02-05;1190;508;30237;2184;2.1;0.2
78;2021-02-06;197;44;30434;2228;2.1;0.2
78;2021-02-07;139;14;30573;2242;2.1;0.2
78;2021-02-08;760;610;31333;2852;2.2;0.2
78;2021-02-09;1122;943;32455;3795;2.2;0.3
78;2021-02-10;1248;1182;33703;4977;2.3;0.3
78;2021-02-11;1819;1896;35522;6873;2.5;0.5
78;2021-02-12;1819;1412;37341;8285;2.6;0.6
78;2021-02-13;173;80;37514;8365;2.6;0.6
78;2021-02-14;26;25;37540;8390;2.6;0.6
78;2021-02-15;446;1439;37986;9829;2.6;0.7
78;2021-02-16;627;1558;38613;11387;2.7;0.8
78;2021-02-17;585;2220;39198;13607;2.7;0.9
78;2021-02-18;998;2279;40196;15886;2.8;1.1
78;2021-02-19;819;1733;41015;17619;2.8;1.2
78;2021-02-20;147;124;41162;17743;2.8;1.2
78;2021-02-21;0;12;41162;17755;2.8;1.2
78;2021-02-22;499;1060;41661;18815;2.9;1.3
78;2021-02-23;540;1121;42201;19936;2.9;1.4
78;2021-02-24;619;1237;42820;21173;3.0;1.5
78;2021-02-25;866;1156;43686;22329;3.0;1.5
78;2021-02-26;1132;1244;44818;23573;3.1;1.6
78;2021-02-27;739;150;45557;23723;3.1;1.6
78;2021-02-28;67;18;45624;23741;3.1;1.6
78;2021-03-01;965;908;46589;24649;3.2;1.7
78;2021-03-02;1725;1058;48314;25707;3.3;1.8
78;2021-03-03;1965;1233;50279;26940;3.5;1.9
78;2021-03-04;2946;1587;53225;28527;3.7;2.0
78;2021-03-05;3253;1657;56478;30184;3.9;2.1
78;2021-03-06;6242;287;62720;30471;4.3;2.1
78;2021-03-07;3443;94;66163;30565;4.6;2.1
78;2021-03-08;1456;761;67619;31326;4.7;2.2
78;2021-03-09;2939;907;70558;32233;4.9;2.2
78;2021-03-10;3076;1118;73634;33351;5.1;2.3
78;2021-03-11;4176;1309;77810;34660;5.4;2.4
78;2021-03-12;5369;1339;83179;35999;5.7;2.5
78;2021-03-13;4654;194;87833;36193;6.1;2.5
78;2021-03-14;1035;40;88868;36233;6.1;2.5
78;2021-03-15;3621;263;92489;36496;6.4;2.5
78;2021-03-16;2564;562;95053;37058;6.6;2.6
78;2021-03-17;2966;437;98019;37495;6.8;2.6
78;2021-03-18;3780;434;101799;37929;7.0;2.6
78;2021-03-19;5316;484;107115;38413;7.4;2.7
78;2021-03-20;2258;124;109373;38537;7.6;2.7
78;2021-03-21;165;7;109538;38544;7.6;2.7
78;2021-03-22;3531;379;113069;38923;7.8;2.7
78;2021-03-23;5230;541;118299;39464;8.2;2.7
78;2021-03-24;4893;542;123192;40006;8.5;2.8
78;2021-03-25;6938;558;130130;40564;9.0;2.8
78;2021-03-26;6936;714;137066;41278;9.5;2.8
78;2021-03-27;3744;189;140810;41467;9.7;2.9
78;2021-03-28;1919;47;142729;41514;9.9;2.9
78;2021-03-29;3865;762;146594;42276;10.1;2.9
78;2021-03-30;5523;1056;152117;43332;10.5;3.0
78;2021-03-31;5330;1283;157447;44615;10.9;3.1
78;2021-04-01;5593;2342;163040;46957;11.3;3.2
78;2021-04-02;5193;2624;168233;49581;11.6;3.4
78;2021-04-03;2198;2562;170431;52143;11.8;3.6
78;2021-04-04;173;14;170604;52157;11.8;3.6
78;2021-04-05;199;19;170803;52176;11.8;3.6
78;2021-04-06;3616;2305;174419;54481;12.0;3.8
78;2021-04-07;4357;2586;178776;57067;12.3;3.9
78;2021-04-08;5523;2670;184299;59737;12.7;4.1
78;2021-04-09;6907;2447;191206;62184;13.2;4.3
78;2021-04-10;3994;1894;195200;64078;13.5;4.4
78;2021-04-11;374;606;195574;64684;13.5;4.5
78;2021-04-12;3531;2364;199105;67048;13.7;4.6
78;2021-04-13;5458;2494;204563;69542;14.1;4.8
78;2021-04-14;4955;3390;209518;72932;14.5;5.0
78;2021-04-15;4615;3843;214133;76775;14.8;5.3
78;2021-04-16;5628;4017;219761;80792;15.2;5.6
78;2021-04-17;3615;714;223376;81506;15.4;5.6
78;2021-04-18;272;42;223648;81548;15.4;5.6
78;2021-04-19;3241;2815;226889;84363;15.7;5.8
78;2021-04-20;4709;3688;231598;88051;16.0;6.1
78;2021-04-21;4532;3504;236130;91555;16.3;6.3
78;2021-04-22;4568;4688;240698;96243;16.6;6.6
78;2021-04-23;5058;4429;245756;100672;17.0;6.9
78;2021-04-24;4865;2622;250621;103294;17.3;7.1
78;2021-04-25;3047;1730;253668;105024;17.5;7.2
78;2021-04-26;4768;3316;258436;108340;17.8;7.5
78;2021-04-27;5469;4308;263905;112648;18.2;7.8
78;2021-04-28;5651;4786;269556;117434;18.6;8.1
78;2021-04-29;6258;4063;275814;121497;19.0;8.4
78;2021-04-30;7210;4464;283024;125961;19.5;8.7
78;2021-05-01;612;256;283636;126217;19.6;8.7
78;2021-05-02;2008;165;285644;126382;19.7;8.7
78;2021-05-03;7458;1276;293102;127658;20.2;8.8
78;2021-05-04;6077;3981;299179;131639;20.7;9.1
78;2021-05-05;7296;4548;306475;136187;21.2;9.4
78;2021-05-06;6478;5178;312953;141365;21.6;9.8
78;2021-05-07;8312;5142;321265;146507;22.2;10.1
78;2021-05-08;2916;1450;324181;147957;22.4;10.2
78;2021-05-09;2818;349;326999;148306;22.6;10.2
78;2021-05-10;7342;4451;334341;152757;23.1;10.5
78;2021-05-11;8143;5415;342484;158172;23.6;10.9
78;2021-05-12;8729;3916;351213;162088;24.2;11.2
78;2021-05-13;6631;600;357844;162688;24.7;11.2
78;2021-05-14;10215;2218;368059;164906;25.4;11.4
78;2021-05-15;4934;2365;372993;167271;25.7;11.5
78;2021-05-16;3697;793;376690;168064;26.0;11.6
78;2021-05-17;8741;1347;385431;169411;26.6;11.7
78;2021-05-18;9883;1883;395314;171294;27.3;11.8
78;2021-05-19;11649;1710;406963;173004;28.1;11.9
78;2021-05-20;11593;2266;418556;175270;28.9;12.1
78;2021-05-21;12126;2630;430682;177900;29.7;12.3
78;2021-05-22;6546;1372;437228;179272;30.2;12.4
78;2021-05-23;3126;388;440354;179660;30.4;12.4
78;2021-05-24;3523;416;443877;180076;30.6;12.4
78;2021-05-25;9987;2503;453864;182579;31.3;12.6
78;2021-05-26;10165;3779;464029;186358;32.0;12.9
78;2021-05-27;10958;4642;474987;191000;32.8;13.2
78;2021-05-28;11414;6034;486401;197034;33.6;13.6
78;2021-05-29;4226;3385;490627;200419;33.9;13.8
78;2021-05-30;135;346;490762;200765;33.9;13.9
78;2021-05-31;7971;5362;498733;206127;34.4;14.2
78;2021-06-01;10032;6531;508765;212658;35.1;14.7
78;2021-06-02;8581;6214;517346;218872;35.7;15.1
78;2021-06-03;9899;6475;527245;225347;36.4;15.6
78;2021-06-04;9793;8147;537038;233494;37.1;16.1
78;2021-06-05;5516;6140;542554;239634;37.5;16.5
78;2021-06-06;2148;2013;544702;241647;37.6;16.7
78;2021-06-07;8125;6518;552827;248165;38.2;17.1
78;2021-06-08;8063;7319;560890;255484;38.7;17.6
78;2021-06-09;7319;6727;568209;262211;39.2;18.1
78;2021-06-10;7097;7101;575306;269312;39.7;18.6
78;2021-06-11;7580;8182;582886;277494;40.2;19.2
78;2021-06-12;6373;2919;589259;280413;40.7;19.4
78;2021-06-13;946;2458;590205;282871;40.7;19.5
78;2021-06-14;3407;9815;593612;292686;41.0;20.2
78;2021-06-15;5795;8293;599407;300979;41.4;20.8
78;2021-06-16;5417;8634;604824;309613;41.8;21.4
78;2021-06-17;5484;8537;610308;318150;42.1;22.0
78;2021-06-18;6165;9798;616473;327948;42.6;22.6
78;2021-06-19;5221;4818;621694;332766;42.9;23.0
78;2021-06-20;624;2838;622318;335604;43.0;23.2
78;2021-06-21;4080;9468;626398;345072;43.2;23.8
78;2021-06-22;3344;10316;629742;355388;43.5;24.5
78;2021-06-23;3837;10391;633579;365779;43.7;25.3
78;2021-06-24;3793;9976;637372;375755;44.0;25.9
78;2021-06-25;3999;13152;641371;388907;44.3;26.8
78;2021-06-26;4213;7954;645584;396861;44.6;27.4
78;2021-06-27;1040;2542;646624;399403;44.6;27.6
78;2021-06-28;3293;10901;649917;410304;44.9;28.3
78;2021-06-29;3537;11250;653454;421554;45.1;29.1
78;2021-06-30;4114;13225;657568;434779;45.4;30.0
78;2021-07-01;3960;12700;661528;447479;45.7;30.9
78;2021-07-02;4218;13937;665746;461416;46.0;31.9
78;2021-07-03;3155;8626;668901;470042;46.2;32.4
78;2021-07-04;759;1742;669660;471784;46.2;32.6
78;2021-07-05;3373;9692;673033;481476;46.5;33.2
78;2021-07-06;3519;12047;676552;493523;46.7;34.1
78;2021-07-07;3758;11609;680310;505132;47.0;34.9
78;2021-07-08;3861;11677;684171;516809;47.2;35.7
78;2021-07-09;4758;12742;688929;529551;47.6;36.6
78;2021-07-10;2620;6605;691549;536156;47.7;37.0
78;2021-07-11;747;2044;692296;538200;47.8;37.2
78;2021-07-12;2989;11741;695285;549941;48.0;38.0
78;2021-07-13;5322;11971;700607;561912;48.4;38.8
78;2021-07-14;2528;4983;703135;566895;48.5;39.1
78;2021-07-15;5657;11951;708792;578846;48.9;40.0
78;2021-07-16;7253;10778;716045;589624;49.4;40.7
78;2021-07-17;4721;4887;720766;594511;49.8;41.0
78;2021-07-18;1121;463;721887;594974;49.8;41.1
78;2021-07-19;3831;10342;725718;605316;50.1;41.8
78;2021-07-20;5561;9907;731279;615223;50.5;42.5
78;2021-07-21;5886;9849;737165;625072;50.9;43.1
78;2021-07-22;5944;9296;743109;634368;51.3;43.8
78;2021-07-23;6181;9211;749290;643579;51.7;44.4
78;2021-07-24;2930;4966;752220;648545;51.9;44.8
78;2021-07-25;982;372;753202;648917;52.0;44.8
78;2021-07-26;4850;6975;758052;655892;52.3;45.3
78;2021-07-27;7545;6882;765597;662774;52.8;45.8
78;2021-07-28;6920;5918;772517;668692;53.3;46.2
78;2021-07-29;7875;5977;780392;674669;53.9;46.6
78;2021-07-30;7623;7030;788015;681699;54.4;47.1
78;2021-07-31;2639;2730;790654;684429;54.6;47.2
78;2021-08-01;102;72;790756;684501;54.6;47.3
78;2021-08-02;2363;2108;793119;686609;54.7;47.4
78;2021-08-03;4205;4246;797324;690855;55.0;47.7
78;2021-08-04;4344;2792;801668;693647;55.3;47.9
78;2021-08-05;3846;3142;805514;696789;55.6;48.1
78;2021-08-06;3842;3708;809356;700497;55.9;48.4
78;2021-08-07;2791;3433;812147;703930;56.1;48.6
78;2021-08-08;475;341;812622;704271;56.1;48.6
78;2021-08-09;1860;1643;814482;705914;56.2;48.7
78;2021-08-10;3377;3966;817859;709880;56.5;49.0
78;2021-08-11;2958;3371;820817;713251;56.7;49.2
78;2021-08-12;2716;3528;823533;716779;56.8;49.5
78;2021-08-13;2811;3151;826344;719930;57.0;49.7
78;2021-08-14;2287;3072;828631;723002;57.2;49.9
78;2021-08-15;273;375;828904;723377;57.2;49.9
78;2021-08-16;891;2331;829795;725708;57.3;50.1
78;2021-08-17;2742;4393;832537;730101;57.5;50.4
79;2020-12-27;0;0;0;0;0.0;0.0
79;2020-12-28;3;0;3;0;0.0;0.0
79;2020-12-29;0;0;3;0;0.0;0.0
79;2020-12-30;0;0;3;0;0.0;0.0
79;2020-12-31;0;0;3;0;0.0;0.0
79;2021-01-01;0;0;3;0;0.0;0.0
79;2021-01-02;0;0;3;0;0.0;0.0
79;2021-01-03;0;0;3;0;0.0;0.0
79;2021-01-04;1;0;4;0;0.0;0.0
79;2021-01-05;0;0;4;0;0.0;0.0
79;2021-01-06;0;0;4;0;0.0;0.0
79;2021-01-07;158;0;162;0;0.0;0.0
79;2021-01-08;165;0;327;0;0.1;0.0
79;2021-01-09;98;0;425;0;0.1;0.0
79;2021-01-10;3;0;428;0;0.1;0.0
79;2021-01-11;184;1;612;1;0.2;0.0
79;2021-01-12;246;2;858;3;0.2;0.0
79;2021-01-13;258;0;1116;3;0.3;0.0
79;2021-01-14;505;7;1621;10;0.4;0.0
79;2021-01-15;616;4;2237;14;0.6;0.0
79;2021-01-16;66;0;2303;14;0.6;0.0
79;2021-01-17;0;0;2303;14;0.6;0.0
79;2021-01-18;477;2;2780;16;0.7;0.0
79;2021-01-19;1356;1;4136;17;1.1;0.0
79;2021-01-20;1677;1;5813;18;1.6;0.0
79;2021-01-21;1997;7;7810;25;2.1;0.0
79;2021-01-22;873;4;8683;29;2.3;0.0
79;2021-01-23;65;0;8748;29;2.3;0.0
79;2021-01-24;0;0;8748;29;2.3;0.0
79;2021-01-25;644;7;9392;36;2.5;0.0
79;2021-01-26;590;13;9982;49;2.7;0.0
79;2021-01-27;741;84;10723;133;2.9;0.0
79;2021-01-28;733;150;11456;283;3.1;0.1
79;2021-01-29;490;88;11946;371;3.2;0.1
79;2021-01-30;0;0;11946;371;3.2;0.1
79;2021-01-31;0;0;11946;371;3.2;0.1
79;2021-02-01;207;111;12153;482;3.3;0.1
79;2021-02-02;333;73;12486;555;3.4;0.1
79;2021-02-03;390;60;12876;615;3.5;0.2
79;2021-02-04;324;109;13200;724;3.5;0.2
79;2021-02-05;357;274;13557;998;3.6;0.3
79;2021-02-06;3;0;13560;998;3.6;0.3
79;2021-02-07;22;0;13582;998;3.6;0.3
79;2021-02-08;283;169;13865;1167;3.7;0.3
79;2021-02-09;457;786;14322;1953;3.8;0.5
79;2021-02-10;618;1198;14940;3151;4.0;0.8
79;2021-02-11;777;1237;15717;4388;4.2;1.2
79;2021-02-12;468;768;16185;5156;4.3;1.4
79;2021-02-13;53;74;16238;5230;4.4;1.4
79;2021-02-14;0;0;16238;5230;4.4;1.4
79;2021-02-15;185;507;16423;5737;4.4;1.5
79;2021-02-16;334;736;16757;6473;4.5;1.7
79;2021-02-17;248;880;17005;7353;4.6;2.0
79;2021-02-18;353;946;17358;8299;4.7;2.2
79;2021-02-19;267;564;17625;8863;4.7;2.4
79;2021-02-20;4;22;17629;8885;4.7;2.4
79;2021-02-21;1;0;17630;8885;4.7;2.4
79;2021-02-22;136;464;17766;9349;4.8;2.5
79;2021-02-23;248;568;18014;9917;4.8;2.7
79;2021-02-24;245;543;18259;10460;4.9;2.8
79;2021-02-25;517;470;18776;10930;5.0;2.9
79;2021-02-26;598;401;19374;11331;5.2;3.0
79;2021-02-27;408;5;19782;11336;5.3;3.0
79;2021-02-28;35;0;19817;11336;5.3;3.0
79;2021-03-01;89;360;19906;11696;5.3;3.1
79;2021-03-02;302;508;20208;12204;5.4;3.3
79;2021-03-03;661;542;20869;12746;5.6;3.4
79;2021-03-04;904;571;21773;13317;5.8;3.6
79;2021-03-05;1216;449;22989;13766;6.2;3.7
79;2021-03-06;611;5;23600;13771;6.3;3.7
79;2021-03-07;77;1;23677;13772;6.4;3.7
79;2021-03-08;344;310;24021;14082;6.4;3.8
79;2021-03-09;841;343;24862;14425;6.7;3.9
79;2021-03-10;1145;404;26007;14829;7.0;4.0
79;2021-03-11;1640;325;27647;15154;7.4;4.1
79;2021-03-12;1719;120;29366;15274;7.9;4.1
79;2021-03-13;1136;12;30502;15286;8.2;4.1
79;2021-03-14;50;0;30552;15286;8.2;4.1
79;2021-03-15;496;158;31048;15444;8.3;4.1
79;2021-03-16;735;145;31783;15589;8.5;4.2
79;2021-03-17;577;108;32360;15697;8.7;4.2
79;2021-03-18;553;203;32913;15900;8.8;4.3
79;2021-03-19;662;258;33575;16158;9.0;4.3
79;2021-03-20;1007;12;34582;16170;9.3;4.3
79;2021-03-21;3;0;34585;16170;9.3;4.3
79;2021-03-22;954;203;35539;16373;9.5;4.4
79;2021-03-23;1591;170;37130;16543;10.0;4.4
79;2021-03-24;1829;159;38959;16702;10.5;4.5
79;2021-03-25;2499;188;41458;16890;11.1;4.5
79;2021-03-26;2405;136;43863;17026;11.8;4.6
79;2021-03-27;769;16;44632;17042;12.0;4.6
79;2021-03-28;1;0;44633;17042;12.0;4.6
79;2021-03-29;2147;113;46780;17155;12.6;4.6
79;2021-03-30;2816;62;49596;17217;13.3;4.6
79;2021-03-31;2777;380;52373;17597;14.1;4.7
79;2021-04-01;2696;378;55069;17975;14.8;4.8
79;2021-04-02;2822;391;57891;18366;15.5;4.9
79;2021-04-03;633;54;58524;18420;15.7;4.9
79;2021-04-04;3;0;58527;18420;15.7;4.9
79;2021-04-05;380;4;58907;18424;15.8;4.9
79;2021-04-06;1793;584;60700;19008;16.3;5.1
79;2021-04-07;3116;734;63816;19742;17.1;5.3
79;2021-04-08;2630;695;66446;20437;17.8;5.5
79;2021-04-09;3740;545;70186;20982;18.8;5.6
79;2021-04-10;1465;383;71651;21365;19.2;5.7
79;2021-04-11;4;0;71655;21365;19.2;5.7
79;2021-04-12;1753;355;73408;21720;19.7;5.8
79;2021-04-13;2174;746;75582;22466;20.3;6.0
79;2021-04-14;2480;674;78062;23140;20.9;6.2
79;2021-04-15;2215;665;80277;23805;21.5;6.4
79;2021-04-16;1414;440;81691;24245;21.9;6.5
79;2021-04-17;581;349;82272;24594;22.1;6.6
79;2021-04-18;1;14;82273;24608;22.1;6.6
79;2021-04-19;1089;842;83362;25450;22.4;6.8
79;2021-04-20;1507;1231;84869;26681;22.8;7.2
79;2021-04-21;1417;1440;86286;28121;23.2;7.5
79;2021-04-22;1572;1084;87858;29205;23.6;7.8
79;2021-04-23;1317;1187;89175;30392;23.9;8.2
79;2021-04-24;651;462;89826;30854;24.1;8.3
79;2021-04-25;1;0;89827;30854;24.1;8.3
79;2021-04-26;1343;1812;91170;32666;24.5;8.8
79;2021-04-27;1898;2352;93068;35018;25.0;9.4
79;2021-04-28;1457;2868;94525;37886;25.4;10.2
79;2021-04-29;2105;2254;96630;40140;25.9;10.8
79;2021-04-30;2113;2461;98743;42601;26.5;11.4
79;2021-05-01;519;378;99262;42979;26.6;11.5
79;2021-05-02;1;11;99263;42990;26.6;11.5
79;2021-05-03;1182;1289;100445;44279;27.0;11.9
79;2021-05-04;1733;2330;102178;46609;27.4;12.5
79;2021-05-05;1695;2484;103873;49093;27.9;13.2
79;2021-05-06;2317;2212;106190;51305;28.5;13.8
79;2021-05-07;2086;2803;108276;54108;29.1;14.5
79;2021-05-08;199;507;108475;54615;29.1;14.7
79;2021-05-09;0;0;108475;54615;29.1;14.7
79;2021-05-10;1584;1786;110059;56401;29.5;15.1
79;2021-05-11;2311;1650;112370;58051;30.2;15.6
79;2021-05-12;1997;2677;114367;60728;30.7;16.3
79;2021-05-13;640;290;115007;61018;30.9;16.4
79;2021-05-14;2100;673;117107;61691;31.4;16.6
79;2021-05-15;1399;498;118506;62189;31.8;16.7
79;2021-05-16;1;22;118507;62211;31.8;16.7
79;2021-05-17;1876;1083;120383;63294;32.3;17.0
79;2021-05-18;2970;1269;123353;64563;33.1;17.3
79;2021-05-19;2896;965;126249;65528;33.9;17.6
79;2021-05-20;3105;1247;129354;66775;34.7;17.9
79;2021-05-21;2768;1064;132122;67839;35.5;18.2
79;2021-05-22;1084;261;133206;68100;35.7;18.3
79;2021-05-23;1;0;133207;68100;35.7;18.3
79;2021-05-24;161;20;133368;68120;35.8;18.3
79;2021-05-25;3199;989;136567;69109;36.6;18.5
79;2021-05-26;3314;852;139881;69961;37.5;18.8
79;2021-05-27;3589;1718;143470;71679;38.5;19.2
79;2021-05-28;3329;1822;146799;73501;39.4;19.7
79;2021-05-29;1073;451;147872;73952;39.7;19.8
79;2021-05-30;3;1;147875;73953;39.7;19.8
79;2021-05-31;2382;733;150257;74686;40.3;20.0
79;2021-06-01;3021;1576;153278;76262;41.1;20.5
79;2021-06-02;4065;1168;157343;77430;42.2;20.8
79;2021-06-03;4087;1755;161430;79185;43.3;21.3
79;2021-06-04;4145;2034;165575;81219;44.4;21.8
79;2021-06-05;2802;759;168377;81978;45.2;22.0
79;2021-06-06;696;39;169073;82017;45.4;22.0
79;2021-06-07;2810;1412;171883;83429;46.1;22.4
79;2021-06-08;2982;2067;174865;85496;46.9;22.9
79;2021-06-09;3630;1938;178495;87434;47.9;23.5
79;2021-06-10;3020;1974;181515;89408;48.7;24.0
79;2021-06-11;3767;2313;185282;91721;49.7;24.6
79;2021-06-12;1706;609;186988;92330;50.2;24.8
79;2021-06-13;214;24;187202;92354;50.2;24.8
79;2021-06-14;1247;1691;188449;94045;50.6;25.2
79;2021-06-15;1880;2360;190329;96405;51.1;25.9
79;2021-06-16;2206;2248;192535;98653;51.7;26.5
79;2021-06-17;2238;2617;194773;101270;52.3;27.2
79;2021-06-18;2412;2321;197185;103591;52.9;27.8
79;2021-06-19;1245;582;198430;104173;53.3;28.0
79;2021-06-20;3;2;198433;104175;53.3;28.0
79;2021-06-21;1233;2281;199666;106456;53.6;28.6
79;2021-06-22;1548;2874;201214;109330;54.0;29.3
79;2021-06-23;1770;2547;202984;111877;54.5;30.0
79;2021-06-24;2107;2005;205091;113882;55.0;30.6
79;2021-06-25;1488;2842;206579;116724;55.4;31.3
79;2021-06-26;870;809;207449;117533;55.7;31.5
79;2021-06-27;13;6;207462;117539;55.7;31.5
79;2021-06-28;1055;2621;208517;120160;56.0;32.2
79;2021-06-29;1474;3551;209991;123711;56.4;33.2
79;2021-06-30;1354;3448;211345;127159;56.7;34.1
79;2021-07-01;1203;3785;212548;130944;57.0;35.1
79;2021-07-02;1489;3349;214037;134293;57.4;36.0
79;2021-07-03;399;1503;214436;135796;57.5;36.4
79;2021-07-04;2;9;214438;135805;57.5;36.4
79;2021-07-05;751;2119;215189;137924;57.7;37.0
79;2021-07-06;946;3666;216135;141590;58.0;38.0
79;2021-07-07;1332;4306;217467;145896;58.4;39.2
79;2021-07-08;1098;4043;218565;149939;58.7;40.2
79;2021-07-09;837;3721;219402;153660;58.9;41.2
79;2021-07-10;513;1317;219915;154977;59.0;41.6
79;2021-07-11;1;12;219916;154989;59.0;41.6
79;2021-07-12;542;3693;220458;158682;59.2;42.6
79;2021-07-13;999;5193;221457;163875;59.4;44.0
79;2021-07-14;132;874;221589;164749;59.5;44.2
79;2021-07-15;1227;4680;222816;169429;59.8;45.5
79;2021-07-16;1330;4362;224146;173791;60.2;46.6
79;2021-07-17;575;2422;224721;176213;60.3;47.3
79;2021-07-18;43;498;224764;176711;60.3;47.4
79;2021-07-19;734;3319;225498;180030;60.5;48.3
79;2021-07-20;1225;3948;226723;183978;60.8;49.4
79;2021-07-21;1177;4199;227900;188177;61.2;50.5
79;2021-07-22;1351;3989;229251;192166;61.5;51.6
79;2021-07-23;1349;4561;230600;196727;61.9;52.8
79;2021-07-24;864;1499;231464;198226;62.1;53.2
79;2021-07-25;55;326;231519;198552;62.1;53.3
79;2021-07-26;1367;2598;232886;201150;62.5;54.0
79;2021-07-27;2081;2996;234967;204146;63.1;54.8
79;2021-07-28;2483;2494;237450;206640;63.7;55.5
79;2021-07-29;2996;2856;240446;209496;64.5;56.2
79;2021-07-30;2131;2828;242577;212324;65.1;57.0
79;2021-07-31;882;1157;243459;213481;65.3;57.3
79;2021-08-01;3;3;243462;213484;65.3;57.3
79;2021-08-02;1784;1543;245246;215027;65.8;57.7
79;2021-08-03;2810;2049;248056;217076;66.6;58.3
79;2021-08-04;2979;1744;251035;218820;67.4;58.7
79;2021-08-05;2890;2214;253925;221034;68.1;59.3
79;2021-08-06;2517;1642;256442;222676;68.8;59.8
79;2021-08-07;867;814;257309;223490;69.1;60.0
79;2021-08-08;0;3;257309;223493;69.1;60.0
79;2021-08-09;2485;1081;259794;224574;69.7;60.3
79;2021-08-10;2971;1535;262765;226109;70.5;60.7
79;2021-08-11;2572;1659;265337;227768;71.2;61.1
79;2021-08-12;2759;1422;268096;229190;71.9;61.5
79;2021-08-13;2832;1050;270928;230240;72.7;61.8
79;2021-08-14;507;391;271435;230631;72.8;61.9
79;2021-08-15;6;5;271441;230636;72.8;61.9
79;2021-08-16;1759;1191;273200;231827;73.3;62.2
79;2021-08-17;2061;1574;275261;233401;73.9;62.6
80;2020-12-27;0;0;0;0;0.0;0.0
80;2020-12-28;0;0;0;0;0.0;0.0
80;2020-12-29;11;0;11;0;0.0;0.0
80;2020-12-30;0;0;11;0;0.0;0.0
80;2020-12-31;0;0;11;0;0.0;0.0
80;2021-01-01;0;0;11;0;0.0;0.0
80;2021-01-02;0;0;11;0;0.0;0.0
80;2021-01-03;1;0;12;0;0.0;0.0
80;2021-01-04;0;0;12;0;0.0;0.0
80;2021-01-05;0;0;12;0;0.0;0.0
80;2021-01-06;30;0;42;0;0.0;0.0
80;2021-01-07;276;2;318;2;0.1;0.0
80;2021-01-08;330;0;648;2;0.1;0.0
80;2021-01-09;108;0;756;2;0.1;0.0
80;2021-01-10;21;0;777;2;0.1;0.0
80;2021-01-11;276;0;1053;2;0.2;0.0
80;2021-01-12;428;1;1481;3;0.3;0.0
80;2021-01-13;514;3;1995;6;0.4;0.0
80;2021-01-14;453;4;2448;10;0.4;0.0
80;2021-01-15;330;1;2778;11;0.5;0.0
80;2021-01-16;103;1;2881;12;0.5;0.0
80;2021-01-17;102;1;2983;13;0.5;0.0
80;2021-01-18;412;2;3395;15;0.6;0.0
80;2021-01-19;962;16;4357;31;0.8;0.0
80;2021-01-20;1086;9;5443;40;1.0;0.0
80;2021-01-21;1011;9;6454;49;1.1;0.0
80;2021-01-22;1113;4;7567;53;1.3;0.0
80;2021-01-23;908;1;8475;54;1.5;0.0
80;2021-01-24;824;5;9299;59;1.6;0.0
80;2021-01-25;1541;8;10840;67;1.9;0.0
80;2021-01-26;1480;10;12320;77;2.2;0.0
80;2021-01-27;822;27;13142;104;2.3;0.0
80;2021-01-28;623;173;13765;277;2.4;0.0
80;2021-01-29;637;218;14402;495;2.5;0.1
80;2021-01-30;85;59;14487;554;2.5;0.1
80;2021-01-31;0;0;14487;554;2.5;0.1
80;2021-02-01;26;257;14513;811;2.5;0.1
80;2021-02-02;21;446;14534;1257;2.6;0.2
80;2021-02-03;29;542;14563;1799;2.6;0.3
80;2021-02-04;278;349;14841;2148;2.6;0.4
80;2021-02-05;347;211;15188;2359;2.7;0.4
80;2021-02-06;168;70;15356;2429;2.7;0.4
80;2021-02-07;1;0;15357;2429;2.7;0.4
80;2021-02-08;426;242;15783;2671;2.8;0.5
80;2021-02-09;686;244;16469;2915;2.9;0.5
80;2021-02-10;606;497;17075;3412;3.0;0.6
80;2021-02-11;861;353;17936;3765;3.1;0.7
80;2021-02-12;943;315;18879;4080;3.3;0.7
80;2021-02-13;195;427;19074;4507;3.3;0.8
80;2021-02-14;78;572;19152;5079;3.4;0.9
80;2021-02-15;606;1018;19758;6097;3.5;1.1
80;2021-02-16;688;1136;20446;7233;3.6;1.3
80;2021-02-17;485;1169;20931;8402;3.7;1.5
80;2021-02-18;569;1140;21500;9542;3.8;1.7
80;2021-02-19;503;853;22003;10395;3.9;1.8
80;2021-02-20;22;513;22025;10908;3.9;1.9
80;2021-02-21;47;49;22072;10957;3.9;1.9
80;2021-02-22;149;577;22221;11534;3.9;2.0
80;2021-02-23;471;691;22692;12225;4.0;2.1
80;2021-02-24;431;677;23123;12902;4.1;2.3
80;2021-02-25;815;541;23938;13443;4.2;2.4
80;2021-02-26;1062;520;25000;13963;4.4;2.5
80;2021-02-27;476;72;25476;14035;4.5;2.5
80;2021-02-28;49;24;25525;14059;4.5;2.5
80;2021-03-01;728;65;26253;14124;4.6;2.5
80;2021-03-02;1014;90;27267;14214;4.8;2.5
80;2021-03-03;982;55;28249;14269;5.0;2.5
80;2021-03-04;1391;237;29640;14506;5.2;2.5
80;2021-03-05;1874;331;31514;14837;5.5;2.6
80;2021-03-06;2918;327;34432;15164;6.0;2.7
80;2021-03-07;1841;80;36273;15244;6.4;2.7
80;2021-03-08;715;609;36988;15853;6.5;2.8
80;2021-03-09;1310;910;38298;16763;6.7;2.9
80;2021-03-10;1724;751;40022;17514;7.0;3.1
80;2021-03-11;1910;823;41932;18337;7.4;3.2
80;2021-03-12;3138;740;45070;19077;7.9;3.3
80;2021-03-13;4006;204;49076;19281;8.6;3.4
80;2021-03-14;350;13;49426;19294;8.7;3.4
80;2021-03-15;1014;247;50440;19541;8.9;3.4
80;2021-03-16;882;338;51322;19879;9.0;3.5
80;2021-03-17;665;277;51987;20156;9.1;3.5
80;2021-03-18;1002;296;52989;20452;9.3;3.6
80;2021-03-19;1738;383;54727;20835;9.6;3.7
80;2021-03-20;3822;110;58549;20945;10.3;3.7
80;2021-03-21;486;31;59035;20976;10.4;3.7
80;2021-03-22;902;289;59937;21265;10.5;3.7
80;2021-03-23;1713;417;61650;21682;10.8;3.8
80;2021-03-24;1755;465;63405;22147;11.1;3.9
80;2021-03-25;2714;448;66119;22595;11.6;4.0
80;2021-03-26;3104;421;69223;23016;12.1;4.0
80;2021-03-27;2234;225;71457;23241;12.5;4.1
80;2021-03-28;675;92;72132;23333;12.7;4.1
80;2021-03-29;1981;751;74113;24084;13.0;4.2
80;2021-03-30;1969;869;76082;24953;13.4;4.4
80;2021-03-31;1495;981;77577;25934;13.6;4.6
80;2021-04-01;1951;1486;79528;27420;14.0;4.8
80;2021-04-02;2811;1576;82339;28996;14.5;5.1
80;2021-04-03;3046;857;85385;29853;15.0;5.2
80;2021-04-04;134;8;85519;29861;15.0;5.2
80;2021-04-05;684;199;86203;30060;15.1;5.3
80;2021-04-06;1279;965;87482;31025;15.4;5.4
80;2021-04-07;1623;1200;89105;32225;15.6;5.7
80;2021-04-08;2154;839;91259;33064;16.0;5.8
80;2021-04-09;3528;1348;94787;34412;16.6;6.0
80;2021-04-10;2738;1941;97525;36353;17.1;6.4
80;2021-04-11;189;177;97714;36530;17.1;6.4
80;2021-04-12;1813;486;99527;37016;17.5;6.5
80;2021-04-13;2383;1036;101910;38052;17.9;6.7
80;2021-04-14;2769;1146;104679;39198;18.4;6.9
80;2021-04-15;3731;868;108410;40066;19.0;7.0
80;2021-04-16;3337;873;111747;40939;19.6;7.2
80;2021-04-17;1653;2301;113400;43240;19.9;7.6
80;2021-04-18;372;388;113772;43628;20.0;7.7
80;2021-04-19;951;775;114723;44403;20.1;7.8
80;2021-04-20;1612;815;116335;45218;20.4;7.9
80;2021-04-21;1612;999;117947;46217;20.7;8.1
80;2021-04-22;2166;1250;120113;47467;21.1;8.3
80;2021-04-23;2638;1248;122751;48715;21.5;8.5
80;2021-04-24;1358;1193;124109;49908;21.8;8.8
80;2021-04-25;209;532;124318;50440;21.8;8.9
80;2021-04-26;1294;1445;125612;51885;22.0;9.1
80;2021-04-27;2024;1396;127636;53281;22.4;9.4
80;2021-04-28;2199;1395;129835;54676;22.8;9.6
80;2021-04-29;3216;1882;133051;56558;23.4;9.9
80;2021-04-30;3080;2855;136131;59413;23.9;10.4
80;2021-05-01;987;659;137118;60072;24.1;10.5
80;2021-05-02;371;53;137489;60125;24.1;10.6
80;2021-05-03;2722;1186;140211;61311;24.6;10.8
80;2021-05-04;2496;1707;142707;63018;25.0;11.1
80;2021-05-05;3365;1897;146072;64915;25.6;11.4
80;2021-05-06;3172;2555;149244;67470;26.2;11.8
80;2021-05-07;3455;2697;152699;70167;26.8;12.3
80;2021-05-08;2785;923;155484;71090;27.3;12.5
80;2021-05-09;1408;268;156892;71358;27.5;12.5
80;2021-05-10;1881;1834;158773;73192;27.9;12.8
80;2021-05-11;3274;1800;162047;74992;28.4;13.2
80;2021-05-12;4701;1571;166748;76563;29.3;13.4
80;2021-05-13;3836;366;170584;76929;29.9;13.5
80;2021-05-14;5190;1400;175774;78329;30.9;13.7
80;2021-05-15;5919;1053;181693;79382;31.9;13.9
80;2021-05-16;2678;309;184371;79691;32.4;14.0
80;2021-05-17;2372;818;186743;80509;32.8;14.1
80;2021-05-18;3948;854;190691;81363;33.5;14.3
80;2021-05-19;4021;945;194712;82308;34.2;14.4
80;2021-05-20;4568;1219;199280;83527;35.0;14.7
80;2021-05-21;4891;1670;204171;85197;35.8;15.0
80;2021-05-22;5032;1156;209203;86353;36.7;15.2
80;2021-05-23;1783;241;210986;86594;37.0;15.2
80;2021-05-24;1468;159;212454;86753;37.3;15.2
80;2021-05-25;2622;1135;215076;87888;37.7;15.4
80;2021-05-26;4250;1700;219326;89588;38.5;15.7
80;2021-05-27;3977;2468;223303;92056;39.2;16.2
80;2021-05-28;3866;2980;227169;95036;39.9;16.7
80;2021-05-29;3699;1633;230868;96669;40.5;17.0
80;2021-05-30;1182;199;232050;96868;40.7;17.0
80;2021-05-31;2602;1374;234652;98242;41.2;17.2
80;2021-06-01;4031;2436;238683;100678;41.9;17.7
80;2021-06-02;3335;2008;242018;102686;42.5;18.0
80;2021-06-03;4266;2932;246284;105618;43.2;18.5
80;2021-06-04;4794;3083;251078;108701;44.1;19.1
80;2021-06-05;3560;2078;254638;110779;44.7;19.4
80;2021-06-06;802;210;255440;110989;44.8;19.5
80;2021-06-07;1752;1945;257192;112934;45.1;19.8
80;2021-06-08;2745;2555;259937;115489;45.6;20.3
80;2021-06-09;3010;2731;262947;118220;46.1;20.7
80;2021-06-10;3168;3172;266115;121392;46.7;21.3
80;2021-06-11;3224;3895;269339;125287;47.3;22.0
80;2021-06-12;3043;2327;272382;127614;47.8;22.4
80;2021-06-13;473;405;272855;128019;47.9;22.5
80;2021-06-14;1265;2851;274120;130870;48.1;23.0
80;2021-06-15;2314;3422;276434;134292;48.5;23.6
80;2021-06-16;1564;4216;277998;138508;48.8;24.3
80;2021-06-17;2363;3625;280361;142133;49.2;24.9
80;2021-06-18;2554;3901;282915;146034;49.7;25.6
80;2021-06-19;2988;4341;285903;150375;50.2;26.4
80;2021-06-20;203;1077;286106;151452;50.2;26.6
80;2021-06-21;1016;2618;287122;154070;50.4;27.0
80;2021-06-22;1151;3934;288273;158004;50.6;27.7
80;2021-06-23;1856;5290;290129;163294;50.9;28.7
80;2021-06-24;1700;4686;291829;167980;51.2;29.5
80;2021-06-25;1376;6123;293205;174103;51.5;30.6
80;2021-06-26;1936;6181;295141;180284;51.8;31.6
80;2021-06-27;332;2029;295473;182313;51.9;32.0
80;2021-06-28;909;3169;296382;185482;52.0;32.6
80;2021-06-29;1922;4619;298304;190101;52.4;33.4
80;2021-06-30;1249;4781;299553;194882;52.6;34.2
80;2021-07-01;1628;4993;301181;199875;52.9;35.1
80;2021-07-02;1880;5980;303061;205855;53.2;36.1
80;2021-07-03;1331;5266;304392;211121;53.4;37.1
80;2021-07-04;692;1472;305084;212593;53.5;37.3
80;2021-07-05;906;2961;305990;215554;53.7;37.8
80;2021-07-06;1872;3983;307862;219537;54.0;38.5
80;2021-07-07;1576;4508;309438;224045;54.3;39.3
80;2021-07-08;2095;5003;311533;229048;54.7;40.2
80;2021-07-09;2615;5469;314148;234517;55.1;41.2
80;2021-07-10;1633;4019;315781;238536;55.4;41.9
80;2021-07-11;405;804;316186;239340;55.5;42.0
80;2021-07-12;882;3382;317068;242722;55.6;42.6
80;2021-07-13;2099;5087;319167;247809;56.0;43.5
80;2021-07-14;2798;1745;321965;249554;56.5;43.8
80;2021-07-15;2804;5295;324769;254849;57.0;44.7
80;2021-07-16;3891;5885;328660;260734;57.7;45.8
80;2021-07-17;3377;4461;332037;265195;58.3;46.5
80;2021-07-18;874;896;332911;266091;58.4;46.7
80;2021-07-19;2162;2884;335073;268975;58.8;47.2
80;2021-07-20;3319;4904;338392;273879;59.4;48.1
80;2021-07-21;3498;4495;341890;278374;60.0;48.9
80;2021-07-22;4358;4570;346248;282944;60.8;49.7
80;2021-07-23;5392;4823;351640;287767;61.7;50.5
80;2021-07-24;4360;4336;356000;292103;62.5;51.3
80;2021-07-25;1183;646;357183;292749;62.7;51.4
80;2021-07-26;2674;2332;359857;295081;63.2;51.8
80;2021-07-27;4364;3702;364221;298783;63.9;52.4
80;2021-07-28;5081;2798;369302;301581;64.8;52.9
80;2021-07-29;4969;3224;374271;304805;65.7;53.5
80;2021-07-30;5012;3634;379283;308439;66.6;54.1
80;2021-07-31;4145;2919;383428;311358;67.3;54.6
80;2021-08-01;1283;362;384711;311720;67.5;54.7
80;2021-08-02;2048;1755;386759;313475;67.9;55.0
80;2021-08-03;3702;2361;390461;315836;68.5;55.4
80;2021-08-04;3345;2495;393806;318331;69.1;55.9
80;2021-08-05;3124;2562;396930;320893;69.7;56.3
80;2021-08-06;3229;2902;400159;323795;70.2;56.8
80;2021-08-07;2411;2652;402570;326447;70.7;57.3
80;2021-08-08;614;719;403184;327166;70.8;57.4
80;2021-08-09;1381;2120;404565;329286;71.0;57.8
80;2021-08-10;2335;2846;406900;332132;71.4;58.3
80;2021-08-11;1930;2481;408830;334613;71.8;58.7
80;2021-08-12;2237;2666;411067;337279;72.1;59.2
80;2021-08-13;1858;3147;412925;340426;72.5;59.7
80;2021-08-14;1408;2134;414333;342560;72.7;60.1
80;2021-08-15;314;668;414647;343228;72.8;60.2
80;2021-08-16;890;2518;415537;345746;72.9;60.7
80;2021-08-17;1697;3533;417234;349279;73.2;61.3
81;2020-12-27;0;0;0;0;0.0;0.0
81;2020-12-28;0;0;0;0;0.0;0.0
81;2020-12-29;0;0;0;0;0.0;0.0
81;2020-12-30;0;0;0;0;0.0;0.0
81;2020-12-31;0;0;0;0;0.0;0.0
81;2021-01-01;0;0;0;0;0.0;0.0
81;2021-01-02;0;0;0;0;0.0;0.0
81;2021-01-03;0;0;0;0;0.0;0.0
81;2021-01-04;1;0;1;0;0.0;0.0
81;2021-01-05;0;0;1;0;0.0;0.0
81;2021-01-06;5;0;6;0;0.0;0.0
81;2021-01-07;266;0;272;0;0.1;0.0
81;2021-01-08;312;1;584;1;0.2;0.0
81;2021-01-09;74;1;658;2;0.2;0.0
81;2021-01-10;1;0;659;2;0.2;0.0
81;2021-01-11;133;0;792;2;0.2;0.0
81;2021-01-12;167;0;959;2;0.2;0.0
81;2021-01-13;233;1;1192;3;0.3;0.0
81;2021-01-14;963;8;2155;11;0.6;0.0
81;2021-01-15;524;1;2679;12;0.7;0.0
81;2021-01-16;72;0;2751;12;0.7;0.0
81;2021-01-17;0;0;2751;12;0.7;0.0
81;2021-01-18;580;3;3331;15;0.9;0.0
81;2021-01-19;662;4;3993;19;1.0;0.0
81;2021-01-20;752;2;4745;21;1.2;0.0
81;2021-01-21;1177;5;5922;26;1.5;0.0
81;2021-01-22;855;2;6777;28;1.7;0.0
81;2021-01-23;221;2;6998;30;1.8;0.0
81;2021-01-24;102;0;7100;30;1.8;0.0
81;2021-01-25;568;3;7668;33;2.0;0.0
81;2021-01-26;634;5;8302;38;2.1;0.0
81;2021-01-27;551;4;8853;42;2.3;0.0
81;2021-01-28;700;215;9553;257;2.5;0.1
81;2021-01-29;302;183;9855;440;2.5;0.1
81;2021-01-30;204;37;10059;477;2.6;0.1
81;2021-01-31;104;1;10163;478;2.6;0.1
81;2021-02-01;320;130;10483;608;2.7;0.2
81;2021-02-02;446;142;10929;750;2.8;0.2
81;2021-02-03;476;223;11405;973;2.9;0.3
81;2021-02-04;1403;693;12808;1666;3.3;0.4
81;2021-02-05;869;315;13677;1981;3.5;0.5
81;2021-02-06;274;21;13951;2002;3.6;0.5
81;2021-02-07;103;0;14054;2002;3.6;0.5
81;2021-02-08;275;218;14329;2220;3.7;0.6
81;2021-02-09;419;219;14748;2439;3.8;0.6
81;2021-02-10;371;285;15119;2724;3.9;0.7
81;2021-02-11;651;389;15770;3113;4.1;0.8
81;2021-02-12;579;546;16349;3659;4.2;0.9
81;2021-02-13;188;158;16537;3817;4.3;1.0
81;2021-02-14;100;1;16637;3818;4.3;1.0
81;2021-02-15;234;484;16871;4302;4.3;1.1
81;2021-02-16;281;616;17152;4918;4.4;1.3
81;2021-02-17;242;521;17394;5439;4.5;1.4
81;2021-02-18;483;674;17877;6113;4.6;1.6
81;2021-02-19;566;410;18443;6523;4.8;1.7
81;2021-02-20;322;282;18765;6805;4.8;1.8
81;2021-02-21;23;80;18788;6885;4.8;1.8
81;2021-02-22;232;536;19020;7421;4.9;1.9
81;2021-02-23;168;594;19188;8015;4.9;2.1
81;2021-02-24;291;631;19479;8646;5.0;2.2
81;2021-02-25;713;1056;20192;9702;5.2;2.5
81;2021-02-26;909;960;21101;10662;5.4;2.7
81;2021-02-27;275;242;21376;10904;5.5;2.8
81;2021-02-28;21;88;21397;10992;5.5;2.8
81;2021-03-01;208;410;21605;11402;5.6;2.9
81;2021-03-02;364;544;21969;11946;5.7;3.1
81;2021-03-03;462;422;22431;12368;5.8;3.2
81;2021-03-04;1061;459;23492;12827;6.1;3.3
81;2021-03-05;1407;394;24899;13221;6.4;3.4
81;2021-03-06;981;167;25880;13388;6.7;3.5
81;2021-03-07;154;102;26034;13490;6.7;3.5
81;2021-03-08;465;360;26499;13850;6.8;3.6
81;2021-03-09;812;372;27311;14222;7.0;3.7
81;2021-03-10;899;392;28210;14614;7.3;3.8
81;2021-03-11;1349;356;29559;14970;7.6;3.9
81;2021-03-12;1690;302;31249;15272;8.1;3.9
81;2021-03-13;1030;186;32279;15458;8.3;4.0
81;2021-03-14;66;82;32345;15540;8.3;4.0
81;2021-03-15;1093;225;33438;15765;8.6;4.1
81;2021-03-16;724;226;34162;15991;8.8;4.1
81;2021-03-17;892;277;35054;16268;9.0;4.2
81;2021-03-18;969;579;36023;16847;9.3;4.3
81;2021-03-19;1271;454;37294;17301;9.6;4.5
81;2021-03-20;676;280;37970;17581;9.8;4.5
81;2021-03-21;139;22;38109;17603;9.8;4.5
81;2021-03-22;933;285;39042;17888;10.1;4.6
81;2021-03-23;1420;225;40462;18113;10.4;4.7
81;2021-03-24;1605;275;42067;18388;10.8;4.7
81;2021-03-25;2028;323;44095;18711;11.4;4.8
81;2021-03-26;2102;282;46197;18993;11.9;4.9
81;2021-03-27;1092;36;47289;19029;12.2;4.9
81;2021-03-28;734;40;48023;19069;12.4;4.9
81;2021-03-29;2867;183;50890;19252;13.1;5.0
81;2021-03-30;3055;211;53945;19463;13.9;5.0
81;2021-03-31;2690;296;56635;19759;14.6;5.1
81;2021-04-01;3314;562;59949;20321;15.5;5.2
81;2021-04-02;2613;368;62562;20689;16.1;5.3
81;2021-04-03;1147;302;63709;20991;16.4;5.4
81;2021-04-04;1402;21;65111;21012;16.8;5.4
81;2021-04-05;718;18;65829;21030;17.0;5.4
81;2021-04-06;1597;511;67426;21541;17.4;5.6
81;2021-04-07;1815;584;69241;22125;17.9;5.7
81;2021-04-08;2615;826;71856;22951;18.5;5.9
81;2021-04-09;3049;471;74905;23422;19.3;6.0
81;2021-04-10;1476;510;76381;23932;19.7;6.2
81;2021-04-11;1297;64;77678;23996;20.0;6.2
81;2021-04-12;1220;685;78898;24681;20.3;6.4
81;2021-04-13;2529;789;81427;25470;21.0;6.6
81;2021-04-14;2507;831;83934;26301;21.6;6.8
81;2021-04-15;3098;1200;87032;27501;22.4;7.1
81;2021-04-16;2821;1083;89853;28584;23.2;7.4
81;2021-04-17;1145;296;90998;28880;23.5;7.4
81;2021-04-18;519;146;91517;29026;23.6;7.5
81;2021-04-19;913;823;92430;29849;23.8;7.7
81;2021-04-20;2270;1169;94700;31018;24.4;8.0
81;2021-04-21;2224;1004;96924;32022;25.0;8.3
81;2021-04-22;2817;1057;99741;33079;25.7;8.5
81;2021-04-23;2883;967;102624;34046;26.5;8.8
81;2021-04-24;1327;743;103951;34789;26.8;9.0
81;2021-04-25;454;716;104405;35505;26.9;9.2
81;2021-04-26;1059;2423;105464;37928;27.2;9.8
81;2021-04-27;1597;2350;107061;40278;27.6;10.4
81;2021-04-28;1425;2395;108486;42673;28.0;11.0
81;2021-04-29;1818;2748;110304;45421;28.4;11.7
81;2021-04-30;2013;2354;112317;47775;29.0;12.3
81;2021-05-01;362;685;112679;48460;29.0;12.5
81;2021-05-02;291;1379;112970;49839;29.1;12.8
81;2021-05-03;1114;1169;114084;51008;29.4;13.1
81;2021-05-04;2621;1910;116705;52918;30.1;13.6
81;2021-05-05;2015;1931;118720;54849;30.6;14.1
81;2021-05-06;2748;3438;121468;58287;31.3;15.0
81;2021-05-07;2126;2861;123594;61148;31.9;15.8
81;2021-05-08;963;877;124557;62025;32.1;16.0
81;2021-05-09;534;1352;125091;63377;32.2;16.3
81;2021-05-10;825;1602;125916;64979;32.5;16.8
81;2021-05-11;1661;2576;127577;67555;32.9;17.4
81;2021-05-12;1638;2464;129215;70019;33.3;18.1
81;2021-05-13;1216;563;130431;70582;33.6;18.2
81;2021-05-14;1890;1724;132321;72306;34.1;18.6
81;2021-05-15;1511;620;133832;72926;34.5;18.8
81;2021-05-16;1368;414;135200;73340;34.9;18.9
81;2021-05-17;1166;864;136366;74204;35.2;19.1
81;2021-05-18;1701;1431;138067;75635;35.6;19.5
81;2021-05-19;2642;1244;140709;76879;36.3;19.8
81;2021-05-20;2968;1351;143677;78230;37.0;20.2
81;2021-05-21;2738;1117;146415;79347;37.7;20.5
81;2021-05-22;2815;520;149230;79867;38.5;20.6
81;2021-05-23;1178;74;150408;79941;38.8;20.6
81;2021-05-24;837;80;151245;80021;39.0;20.6
81;2021-05-25;2493;1106;153738;81127;39.6;20.9
81;2021-05-26;1891;799;155629;81926;40.1;21.1
81;2021-05-27;2555;1540;158184;83466;40.8;21.5
81;2021-05-28;2564;1663;160748;85129;41.4;21.9
81;2021-05-29;1400;542;162148;85671;41.8;22.1
81;2021-05-30;935;220;163083;85891;42.0;22.1
81;2021-05-31;1183;1340;164266;87231;42.3;22.5
81;2021-06-01;1781;2696;166047;89927;42.8;23.2
81;2021-06-02;2004;2446;168051;92373;43.3;23.8
81;2021-06-03;2004;2534;170055;94907;43.8;24.5
81;2021-06-04;1845;2948;171900;97855;44.3;25.2
81;2021-06-05;1754;1306;173654;99161;44.8;25.6
81;2021-06-06;370;366;174024;99527;44.9;25.7
81;2021-06-07;1209;1540;175233;101067;45.2;26.1
81;2021-06-08;2370;2388;177603;103455;45.8;26.7
81;2021-06-09;2439;1869;180042;105324;46.4;27.2
81;2021-06-10;1279;1564;181321;106888;46.7;27.6
81;2021-06-11;2654;2201;183975;109089;47.4;28.1
81;2021-06-12;1659;1038;185634;110127;47.9;28.4
81;2021-06-13;444;475;186078;110602;48.0;28.5
81;2021-06-14;773;1420;186851;112022;48.2;28.9
81;2021-06-15;1678;3503;188529;115525;48.6;29.8
81;2021-06-16;1267;3014;189796;118539;48.9;30.6
81;2021-06-17;1343;2524;191139;121063;49.3;31.2
81;2021-06-18;1837;2772;192976;123835;49.7;31.9
81;2021-06-19;825;949;193801;124784;50.0;32.2
81;2021-06-20;405;536;194206;125320;50.1;32.3
81;2021-06-21;425;1038;194631;126358;50.2;32.6
81;2021-06-22;1060;2566;195691;128924;50.4;33.2
81;2021-06-23;1142;2157;196833;131081;50.7;33.8
81;2021-06-24;1114;1937;197947;133018;51.0;34.3
81;2021-06-25;1241;2867;199188;135885;51.4;35.0
81;2021-06-26;722;1712;199910;137597;51.5;35.5
81;2021-06-27;526;1646;200436;139243;51.7;35.9
81;2021-06-28;476;1541;200912;140784;51.8;36.3
81;2021-06-29;1083;2639;201995;143423;52.1;37.0
81;2021-06-30;1042;3154;203037;146577;52.3;37.8
81;2021-07-01;880;2628;203917;149205;52.6;38.5
81;2021-07-02;988;2857;204905;152062;52.8;39.2
81;2021-07-03;732;2830;205637;154892;53.0;39.9
81;2021-07-04;268;1010;205905;155902;53.1;40.2
81;2021-07-05;702;1623;206607;157525;53.3;40.6
81;2021-07-06;974;3176;207581;160701;53.5;41.4
81;2021-07-07;1059;2439;208640;163140;53.8;42.1
81;2021-07-08;1029;2234;209669;165374;54.1;42.6
81;2021-07-09;1147;2702;210816;168076;54.3;43.3
81;2021-07-10;807;1523;211623;169599;54.6;43.7
81;2021-07-11;436;1011;212059;170610;54.7;44.0
81;2021-07-12;736;1726;212795;172336;54.9;44.4
81;2021-07-13;2064;3142;214859;175478;55.4;45.2
81;2021-07-14;1442;1568;216301;177046;55.8;45.6
81;2021-07-15;2543;2760;218844;179806;56.4;46.4
81;2021-07-16;2021;3030;220865;182836;56.9;47.1
81;2021-07-17;1217;2457;222082;185293;57.3;47.8
81;2021-07-18;672;1129;222754;186422;57.4;48.1
81;2021-07-19;1251;1733;224005;188155;57.7;48.5
81;2021-07-20;3060;2805;227065;190960;58.5;49.2
81;2021-07-21;3485;2343;230550;193303;59.4;49.8
81;2021-07-22;3552;2093;234102;195396;60.4;50.4
81;2021-07-23;3166;3244;237268;198640;61.2;51.2
81;2021-07-24;2516;1717;239784;200357;61.8;51.7
81;2021-07-25;1685;709;241469;201066;62.3;51.8
81;2021-07-26;2006;1540;243475;202606;62.8;52.2
81;2021-07-27;3594;2536;247069;205142;63.7;52.9
81;2021-07-28;3023;2196;250092;207338;64.5;53.5
81;2021-07-29;3321;1773;253413;209111;65.3;53.9
81;2021-07-30;2811;2255;256224;211366;66.1;54.5
81;2021-07-31;1943;1009;258167;212375;66.6;54.8
81;2021-08-01;830;636;258997;213011;66.8;54.9
81;2021-08-02;1066;986;260063;213997;67.0;55.2
81;2021-08-03;2308;2109;262371;216106;67.6;55.7
81;2021-08-04;2021;1528;264392;217634;68.2;56.1
81;2021-08-05;1518;1870;265910;219504;68.6;56.6
81;2021-08-06;1718;1970;267628;221474;69.0;57.1
81;2021-08-07;978;1040;268606;222514;69.2;57.4
81;2021-08-08;436;709;269042;223223;69.4;57.5
81;2021-08-09;791;656;269833;223879;69.6;57.7
81;2021-08-10;1600;2755;271433;226634;70.0;58.4
81;2021-08-11;1106;2405;272539;229039;70.3;59.0
81;2021-08-12;1036;2242;273575;231281;70.5;59.6
81;2021-08-13;865;2465;274440;233746;70.8;60.3
81;2021-08-14;490;1872;274930;235618;70.9;60.7
81;2021-08-15;141;1100;275071;236718;70.9;61.0
81;2021-08-16;616;1819;275687;238537;71.1;61.5
81;2021-08-17;1329;3089;277016;241626;71.4;62.3
82;2020-12-27;0;0;0;0;0.0;0.0
82;2020-12-28;2;0;2;0;0.0;0.0
82;2020-12-29;0;0;2;0;0.0;0.0
82;2020-12-30;0;0;2;0;0.0;0.0
82;2020-12-31;0;0;2;0;0.0;0.0
82;2021-01-01;0;0;2;0;0.0;0.0
82;2021-01-02;0;0;2;0;0.0;0.0
82;2021-01-03;0;0;2;0;0.0;0.0
82;2021-01-04;0;0;2;0;0.0;0.0
82;2021-01-05;86;0;88;0;0.0;0.0
82;2021-01-06;1;0;89;0;0.0;0.0
82;2021-01-07;75;0;164;0;0.1;0.0
82;2021-01-08;46;0;210;0;0.1;0.0
82;2021-01-09;77;0;287;0;0.1;0.0
82;2021-01-10;0;0;287;0;0.1;0.0
82;2021-01-11;94;0;381;0;0.1;0.0
82;2021-01-12;284;0;665;0;0.3;0.0
82;2021-01-13;336;1;1001;1;0.4;0.0
82;2021-01-14;442;3;1443;4;0.5;0.0
82;2021-01-15;612;2;2055;6;0.8;0.0
82;2021-01-16;230;3;2285;9;0.9;0.0
82;2021-01-17;89;0;2374;9;0.9;0.0
82;2021-01-18;433;0;2807;9;1.1;0.0
82;2021-01-19;479;1;3286;10;1.3;0.0
82;2021-01-20;663;2;3949;12;1.5;0.0
82;2021-01-21;447;1;4396;13;1.7;0.0
82;2021-01-22;483;2;4879;15;1.9;0.0
82;2021-01-23;151;0;5030;15;1.9;0.0
82;2021-01-24;0;0;5030;15;1.9;0.0
82;2021-01-25;376;0;5406;15;2.1;0.0
82;2021-01-26;468;0;5874;15;2.2;0.0
82;2021-01-27;519;0;6393;15;2.4;0.0
82;2021-01-28;586;34;6979;49;2.7;0.0
82;2021-01-29;405;108;7384;157;2.8;0.1
82;2021-01-30;44;22;7428;179;2.8;0.1
82;2021-01-31;0;0;7428;179;2.8;0.1
82;2021-02-01;292;55;7720;234;2.9;0.1
82;2021-02-02;344;100;8064;334;3.1;0.1
82;2021-02-03;462;66;8526;400;3.2;0.2
82;2021-02-04;765;219;9291;619;3.5;0.2
82;2021-02-05;480;148;9771;767;3.7;0.3
82;2021-02-06;93;39;9864;806;3.8;0.3
82;2021-02-07;29;79;9893;885;3.8;0.3
82;2021-02-08;149;225;10042;1110;3.8;0.4
82;2021-02-09;238;393;10280;1503;3.9;0.6
82;2021-02-10;271;602;10551;2105;4.0;0.8
82;2021-02-11;225;402;10776;2507;4.1;1.0
82;2021-02-12;190;610;10966;3117;4.2;1.2
82;2021-02-13;60;118;11026;3235;4.2;1.2
82;2021-02-14;4;81;11030;3316;4.2;1.3
82;2021-02-15;217;305;11247;3621;4.3;1.4
82;2021-02-16;280;391;11527;4012;4.4;1.5
82;2021-02-17;359;519;11886;4531;4.5;1.7
82;2021-02-18;507;506;12393;5037;4.7;1.9
82;2021-02-19;490;542;12883;5579;4.9;2.1
82;2021-02-20;78;139;12961;5718;4.9;2.2
82;2021-02-21;0;0;12961;5718;4.9;2.2
82;2021-02-22;200;408;13161;6126;5.0;2.3
82;2021-02-23;276;469;13437;6595;5.1;2.5
82;2021-02-24;283;458;13720;7053;5.2;2.7
82;2021-02-25;637;508;14357;7561;5.5;2.9
82;2021-02-26;648;397;15005;7958;5.7;3.0
82;2021-02-27;214;74;15219;8032;5.8;3.1
82;2021-02-28;30;7;15249;8039;5.8;3.1
82;2021-03-01;291;229;15540;8268;5.9;3.1
82;2021-03-02;495;402;16035;8670;6.1;3.3
82;2021-03-03;441;388;16476;9058;6.3;3.4
82;2021-03-04;600;300;17076;9358;6.5;3.6
82;2021-03-05;680;382;17756;9740;6.8;3.7
82;2021-03-06;693;43;18449;9783;7.0;3.7
82;2021-03-07;302;3;18751;9786;7.1;3.7
82;2021-03-08;603;154;19354;9940;7.4;3.8
82;2021-03-09;582;257;19936;10197;7.6;3.9
82;2021-03-10;778;247;20714;10444;7.9;4.0
82;2021-03-11;974;281;21688;10725;8.3;4.1
82;2021-03-12;992;104;22680;10829;8.6;4.1
82;2021-03-13;564;53;23244;10882;8.9;4.1
82;2021-03-14;61;5;23305;10887;8.9;4.1
82;2021-03-15;485;326;23790;11213;9.1;4.3
82;2021-03-16;197;334;23987;11547;9.1;4.4
82;2021-03-17;191;295;24178;11842;9.2;4.5
82;2021-03-18;279;350;24457;12192;9.3;4.6
82;2021-03-19;533;314;24990;12506;9.5;4.8
82;2021-03-20;251;58;25241;12564;9.6;4.8
82;2021-03-21;23;0;25264;12564;9.6;4.8
82;2021-03-22;405;320;25669;12884;9.8;4.9
82;2021-03-23;602;313;26271;13197;10.0;5.0
82;2021-03-24;620;335;26891;13532;10.2;5.2
82;2021-03-25;928;244;27819;13776;10.6;5.2
82;2021-03-26;1216;268;29035;14044;11.1;5.3
82;2021-03-27;479;78;29514;14122;11.2;5.4
82;2021-03-28;136;2;29650;14124;11.3;5.4
82;2021-03-29;925;379;30575;14503;11.6;5.5
82;2021-03-30;1188;280;31763;14783;12.1;5.6
82;2021-03-31;1019;261;32782;15044;12.5;5.7
82;2021-04-01;1072;197;33854;15241;12.9;5.8
82;2021-04-02;1212;286;35066;15527;13.4;5.9
82;2021-04-03;715;130;35781;15657;13.6;6.0
82;2021-04-04;276;13;36057;15670;13.7;6.0
82;2021-04-05;388;20;36445;15690;13.9;6.0
82;2021-04-06;953;511;37398;16201;14.2;6.2
82;2021-04-07;1017;499;38415;16700;14.6;6.4
82;2021-04-08;1454;418;39869;17118;15.2;6.5
82;2021-04-09;1656;471;41525;17589;15.8;6.7
82;2021-04-10;1714;100;43239;17689;16.5;6.7
82;2021-04-11;559;19;43798;17708;16.7;6.7
82;2021-04-12;1348;292;45146;18000;17.2;6.9
82;2021-04-13;1625;271;46771;18271;17.8;7.0
82;2021-04-14;1410;297;48181;18568;18.3;7.1
82;2021-04-15;1781;323;49962;18891;19.0;7.2
82;2021-04-16;1541;331;51503;19222;19.6;7.3
82;2021-04-17;1243;70;52746;19292;20.1;7.3
82;2021-04-18;561;15;53307;19307;20.3;7.4
82;2021-04-19;958;359;54265;19666;20.7;7.5
82;2021-04-20;1268;403;55533;20069;21.1;7.6
82;2021-04-21;1219;374;56752;20443;21.6;7.8
82;2021-04-22;1451;294;58203;20737;22.2;7.9
82;2021-04-23;1075;682;59278;21419;22.6;8.2
82;2021-04-24;1186;265;60464;21684;23.0;8.3
82;2021-04-25;736;49;61200;21733;23.3;8.3
82;2021-04-26;748;808;61948;22541;23.6;8.6
82;2021-04-27;905;924;62853;23465;23.9;8.9
82;2021-04-28;921;872;63774;24337;24.3;9.3
82;2021-04-29;1106;912;64880;25249;24.7;9.6
82;2021-04-30;1041;889;65921;26138;25.1;10.0
82;2021-05-01;1141;258;67062;26396;25.5;10.1
82;2021-05-02;697;145;67759;26541;25.8;10.1
82;2021-05-03;410;1215;68169;27756;26.0;10.6
82;2021-05-04;864;1170;69033;28926;26.3;11.0
82;2021-05-05;568;1173;69601;30099;26.5;11.5
82;2021-05-06;850;1421;70451;31520;26.8;12.0
82;2021-05-07;735;1456;71186;32976;27.1;12.6
82;2021-05-08;935;520;72121;33496;27.5;12.8
82;2021-05-09;753;580;72874;34076;27.7;13.0
82;2021-05-10;850;1365;73724;35441;28.1;13.5
82;2021-05-11;1158;1349;74882;36790;28.5;14.0
82;2021-05-12;1016;1345;75898;38135;28.9;14.5
82;2021-05-13;1454;432;77352;38567;29.5;14.7
82;2021-05-14;1691;1240;79043;39807;30.1;15.2
82;2021-05-15;1935;695;80978;40502;30.8;15.4
82;2021-05-16;558;115;81536;40617;31.0;15.5
82;2021-05-17;1090;1173;82626;41790;31.5;15.9
82;2021-05-18;1467;1188;84093;42978;32.0;16.4
82;2021-05-19;1271;978;85364;43956;32.5;16.7
82;2021-05-20;1408;1159;86772;45115;33.0;17.2
82;2021-05-21;1411;1217;88183;46332;33.6;17.6
82;2021-05-22;2069;632;90252;46964;34.4;17.9
82;2021-05-23;705;117;90957;47081;34.6;17.9
82;2021-05-24;1441;263;92398;47344;35.2;18.0
82;2021-05-25;1445;964;93843;48308;35.7;18.4
82;2021-05-26;1414;923;95257;49231;36.3;18.7
82;2021-05-27;1460;1025;96717;50256;36.8;19.1
82;2021-05-28;1540;1144;98257;51400;37.4;19.6
82;2021-05-29;1496;546;99753;51946;38.0;19.8
82;2021-05-30;402;101;100155;52047;38.1;19.8
82;2021-05-31;1491;992;101646;53039;38.7;20.2
82;2021-06-01;1751;1055;103397;54094;39.4;20.6
82;2021-06-02;1473;1005;104870;55099;39.9;21.0
82;2021-06-03;1490;1185;106360;56284;40.5;21.4
82;2021-06-04;2248;1307;108608;57591;41.4;21.9
82;2021-06-05;2271;985;110879;58576;42.2;22.3
82;2021-06-06;328;133;111207;58709;42.3;22.4
82;2021-06-07;958;1275;112165;59984;42.7;22.8
82;2021-06-08;1446;1141;113611;61125;43.3;23.3
82;2021-06-09;1709;1143;115320;62268;43.9;23.7
82;2021-06-10;1441;1208;116761;63476;44.5;24.2
82;2021-06-11;1922;1125;118683;64601;45.2;24.6
82;2021-06-12;2392;1397;121075;65998;46.1;25.1
82;2021-06-13;378;113;121453;66111;46.2;25.2
82;2021-06-14;1212;1083;122665;67194;46.7;25.6
82;2021-06-15;1462;1244;124127;68438;47.3;26.1
82;2021-06-16;1751;1168;125878;69606;47.9;26.5
82;2021-06-17;1219;1473;127097;71079;48.4;27.1
82;2021-06-18;1469;1438;128566;72517;49.0;27.6
82;2021-06-19;2271;982;130837;73499;49.8;28.0
82;2021-06-20;268;174;131105;73673;49.9;28.1
82;2021-06-21;483;1361;131588;75034;50.1;28.6
82;2021-06-22;892;1707;132480;76741;50.4;29.2
82;2021-06-23;1238;1588;133718;78329;50.9;29.8
82;2021-06-24;756;1904;134474;80233;51.2;30.6
82;2021-06-25;741;1938;135215;82171;51.5;31.3
82;2021-06-26;1240;2146;136455;84317;52.0;32.1
82;2021-06-27;195;438;136650;84755;52.0;32.3
82;2021-06-28;330;1413;136980;86168;52.2;32.8
82;2021-06-29;518;1841;137498;88009;52.4;33.5
82;2021-06-30;948;1912;138446;89921;52.7;34.2
82;2021-07-01;658;1632;139104;91553;53.0;34.9
82;2021-07-02;931;2298;140035;93851;53.3;35.7
82;2021-07-03;859;2340;140894;96191;53.6;36.6
82;2021-07-04;120;439;141014;96630;53.7;36.8
82;2021-07-05;444;1562;141458;98192;53.9;37.4
82;2021-07-06;512;1865;141970;100057;54.1;38.1
82;2021-07-07;791;1777;142761;101834;54.4;38.8
82;2021-07-08;505;1504;143266;103338;54.6;39.3
82;2021-07-09;780;2152;144046;105490;54.9;40.2
82;2021-07-10;705;2217;144751;107707;55.1;41.0
82;2021-07-11;38;381;144789;108088;55.1;41.2
82;2021-07-12;579;1882;145368;109970;55.4;41.9
82;2021-07-13;711;2004;146079;111974;55.6;42.6
82;2021-07-14;617;740;146696;112714;55.9;42.9
82;2021-07-15;857;1752;147553;114466;56.2;43.6
82;2021-07-16;1438;2637;148991;117103;56.7;44.6
82;2021-07-17;563;2192;149554;119295;56.9;45.4
82;2021-07-18;14;41;149568;119336;57.0;45.4
82;2021-07-19;731;2073;150299;121409;57.2;46.2
82;2021-07-20;918;1885;151217;123294;57.6;46.9
82;2021-07-21;1287;1762;152504;125056;58.1;47.6
82;2021-07-22;1078;1764;153582;126820;58.5;48.3
82;2021-07-23;1050;2987;154632;129807;58.9;49.4
82;2021-07-24;1102;1484;155734;131291;59.3;50.0
82;2021-07-25;302;72;156036;131363;59.4;50.0
82;2021-07-26;945;1898;156981;133261;59.8;50.7
82;2021-07-27;1331;1643;158312;134904;60.3;51.4
82;2021-07-28;1465;1499;159777;136403;60.8;51.9
82;2021-07-29;1323;1529;161100;137932;61.3;52.5
82;2021-07-30;1530;2478;162630;140410;61.9;53.5
82;2021-07-31;456;295;163086;140705;62.1;53.6
82;2021-08-01;272;50;163358;140755;62.2;53.6
82;2021-08-02;1268;873;164626;141628;62.7;53.9
82;2021-08-03;1430;826;166056;142454;63.2;54.2
82;2021-08-04;1360;1025;167416;143479;63.7;54.6
82;2021-08-05;1486;596;168902;144075;64.3;54.9
82;2021-08-06;993;645;169895;144720;64.7;55.1
82;2021-08-07;922;1191;170817;145911;65.0;55.6
82;2021-08-08;155;65;170972;145976;65.1;55.6
82;2021-08-09;1072;891;172044;146867;65.5;55.9
82;2021-08-10;1285;912;173329;147779;66.0;56.3
82;2021-08-11;1260;1122;174589;148901;66.5;56.7
82;2021-08-12;1470;944;176059;149845;67.0;57.1
82;2021-08-13;1399;991;177458;150836;67.6;57.4
82;2021-08-14;310;482;177768;151318;67.7;57.6
82;2021-08-15;61;34;177829;151352;67.7;57.6
82;2021-08-16;780;1461;178609;152813;68.0;58.2
82;2021-08-17;1046;1229;179655;154042;68.4;58.7
83;2020-12-27;1;0;1;0;0.0;0.0
83;2020-12-28;0;0;1;0;0.0;0.0
83;2020-12-29;0;0;1;0;0.0;0.0
83;2020-12-30;1;0;2;0;0.0;0.0
83;2020-12-31;0;0;2;0;0.0;0.0
83;2021-01-01;1;0;3;0;0.0;0.0
83;2021-01-02;0;0;3;0;0.0;0.0
83;2021-01-03;1;0;4;0;0.0;0.0
83;2021-01-04;1;0;5;0;0.0;0.0
83;2021-01-05;3;0;8;0;0.0;0.0
83;2021-01-06;69;0;77;0;0.0;0.0
83;2021-01-07;324;1;401;1;0.0;0.0
83;2021-01-08;411;0;812;1;0.1;0.0
83;2021-01-09;48;0;860;1;0.1;0.0
83;2021-01-10;1;0;861;1;0.1;0.0
83;2021-01-11;475;0;1336;1;0.1;0.0
83;2021-01-12;1001;3;2337;4;0.2;0.0
83;2021-01-13;961;7;3298;11;0.3;0.0
83;2021-01-14;838;5;4136;16;0.4;0.0
83;2021-01-15;701;1;4837;17;0.5;0.0
83;2021-01-16;41;1;4878;18;0.5;0.0
83;2021-01-17;1;0;4879;18;0.5;0.0
83;2021-01-18;1221;4;6100;22;0.6;0.0
83;2021-01-19;2016;7;8116;29;0.8;0.0
83;2021-01-20;1659;10;9775;39;0.9;0.0
83;2021-01-21;2101;8;11876;47;1.1;0.0
83;2021-01-22;1658;5;13534;52;1.3;0.0
83;2021-01-23;244;0;13778;52;1.3;0.0
83;2021-01-24;21;1;13799;53;1.3;0.0
83;2021-01-25;1553;6;15352;59;1.4;0.0
83;2021-01-26;1757;15;17109;74;1.6;0.0
83;2021-01-27;2152;82;19261;156;1.8;0.0
83;2021-01-28;5079;359;24340;515;2.3;0.0
83;2021-01-29;2947;351;27287;866;2.5;0.1
83;2021-01-30;234;45;27521;911;2.6;0.1
83;2021-01-31;46;0;27567;911;2.6;0.1
83;2021-02-01;1277;422;28844;1333;2.7;0.1
83;2021-02-02;1438;726;30282;2059;2.8;0.2
83;2021-02-03;1526;638;31808;2697;3.0;0.3
83;2021-02-04;1484;749;33292;3446;3.1;0.3
83;2021-02-05;1218;680;34510;4126;3.2;0.4
83;2021-02-06;22;14;34532;4140;3.2;0.4
83;2021-02-07;1;0;34533;4140;3.2;0.4
83;2021-02-08;1089;626;35622;4766;3.3;0.4
83;2021-02-09;1324;915;36946;5681;3.4;0.5
83;2021-02-10;1529;805;38475;6486;3.6;0.6
83;2021-02-11;1605;1022;40080;7508;3.7;0.7
83;2021-02-12;1346;829;41426;8337;3.9;0.8
83;2021-02-13;52;25;41478;8362;3.9;0.8
83;2021-02-14;0;0;41478;8362;3.9;0.8
83;2021-02-15;669;1057;42147;9419;3.9;0.9
83;2021-02-16;542;1379;42689;10798;4.0;1.0
83;2021-02-17;804;1838;43493;12636;4.1;1.2
83;2021-02-18;1624;3871;45117;16507;4.2;1.5
83;2021-02-19;1475;2337;46592;18844;4.3;1.8
83;2021-02-20;63;170;46655;19014;4.3;1.8
83;2021-02-21;24;35;46679;19049;4.3;1.8
83;2021-02-22;501;1757;47180;20806;4.4;1.9
83;2021-02-23;670;1447;47850;22253;4.5;2.1
83;2021-02-24;722;1488;48572;23741;4.5;2.2
83;2021-02-25;1249;1414;49821;25155;4.6;2.3
83;2021-02-26;1297;1260;51118;26415;4.8;2.5
83;2021-02-27;551;55;51669;26470;4.8;2.5
83;2021-02-28;8;13;51677;26483;4.8;2.5
83;2021-03-01;810;1240;52487;27723;4.9;2.6
83;2021-03-02;988;1314;53475;29037;5.0;2.7
83;2021-03-03;1435;1527;54910;30564;5.1;2.8
83;2021-03-04;1888;1385;56798;31949;5.3;3.0
83;2021-03-05;2217;1240;59015;33189;5.5;3.1
83;2021-03-06;3006;113;62021;33302;5.8;3.1
83;2021-03-07;2224;41;64245;33343;6.0;3.1
83;2021-03-08;849;1319;65094;34662;6.1;3.2
83;2021-03-09;1929;1226;67023;35888;6.2;3.3
83;2021-03-10;2373;1363;69396;37251;6.5;3.5
83;2021-03-11;3673;2205;73069;39456;6.8;3.7
83;2021-03-12;3645;1511;76714;40967;7.1;3.8
83;2021-03-13;4601;174;81315;41141;7.6;3.8
83;2021-03-14;2332;48;83647;41189;7.8;3.8
83;2021-03-15;3337;665;86984;41854;8.1;3.9
83;2021-03-16;2597;698;89581;42552;8.3;4.0
83;2021-03-17;2847;785;92428;43337;8.6;4.0
83;2021-03-18;3550;797;95978;44134;8.9;4.1
83;2021-03-19;4171;583;100149;44717;9.3;4.2
83;2021-03-20;3475;67;103624;44784;9.6;4.2
83;2021-03-21;2011;30;105635;44814;9.8;4.2
83;2021-03-22;3961;892;109596;45706;10.2;4.3
83;2021-03-23;4751;590;114347;46296;10.6;4.3
83;2021-03-24;5046;720;119393;47016;11.1;4.4
83;2021-03-25;6530;849;125923;47865;11.7;4.5
83;2021-03-26;7172;748;133095;48613;12.4;4.5
83;2021-03-27;3966;388;137061;49001;12.8;4.6
83;2021-03-28;2183;32;139244;49033;13.0;4.6
83;2021-03-29;4551;764;143795;49797;13.4;4.6
83;2021-03-30;5964;945;149759;50742;13.9;4.7
83;2021-03-31;5552;1074;155311;51816;14.5;4.8
83;2021-04-01;5978;1257;161289;53073;15.0;4.9
83;2021-04-02;5759;1067;167048;54140;15.6;5.0
83;2021-04-03;1801;633;168849;54773;15.7;5.1
83;2021-04-04;855;346;169704;55119;15.8;5.1
83;2021-04-05;190;66;169894;55185;15.8;5.1
83;2021-04-06;4726;1399;174620;56584;16.3;5.3
83;2021-04-07;5830;1661;180450;58245;16.8;5.4
83;2021-04-08;7884;1995;188334;60240;17.5;5.6
83;2021-04-09;7585;2192;195919;62432;18.2;5.8
83;2021-04-10;2947;2653;198866;65085;18.5;6.1
83;2021-04-11;1720;2137;200586;67222;18.7;6.3
83;2021-04-12;4951;2874;205537;70096;19.1;6.5
83;2021-04-13;5405;3006;210942;73102;19.6;6.8
83;2021-04-14;5897;2945;216839;76047;20.2;7.1
83;2021-04-15;6776;3039;223615;79086;20.8;7.4
83;2021-04-16;6125;3515;229740;82601;21.4;7.7
83;2021-04-17;3512;2188;233252;84789;21.7;7.9
83;2021-04-18;2174;1297;235426;86086;21.9;8.0
83;2021-04-19;4107;3905;239533;89991;22.3;8.4
83;2021-04-20;4358;3871;243891;93862;22.7;8.7
83;2021-04-21;4302;4157;248193;98019;23.1;9.1
83;2021-04-22;5004;4303;253197;102322;23.6;9.5
83;2021-04-23;4526;4565;257723;106887;24.0;10.0
83;2021-04-24;2628;2709;260351;109596;24.2;10.2
83;2021-04-25;1927;1572;262278;111168;24.4;10.4
83;2021-04-26;3568;3852;265846;115020;24.8;10.7
83;2021-04-27;4134;4549;269980;119569;25.1;11.1
83;2021-04-28;4314;4369;274294;123938;25.5;11.5
83;2021-04-29;5813;5115;280107;129053;26.1;12.0
83;2021-04-30;5789;4309;285896;133362;26.6;12.4
83;2021-05-01;1692;426;287588;133788;26.8;12.5
83;2021-05-02;1237;755;288825;134543;26.9;12.5
83;2021-05-03;3751;4281;292576;138824;27.2;12.9
83;2021-05-04;3346;5101;295922;143925;27.6;13.4
83;2021-05-05;3642;4966;299564;148891;27.9;13.9
83;2021-05-06;4672;4957;304236;153848;28.3;14.3
83;2021-05-07;4172;5318;308408;159166;28.7;14.8
83;2021-05-08;2762;1013;311170;160179;29.0;14.9
83;2021-05-09;2151;1234;313321;161413;29.2;15.0
83;2021-05-10;3205;5420;316526;166833;29.5;15.5
83;2021-05-11;5124;5683;321650;172516;30.0;16.1
83;2021-05-12;6292;4845;327942;177361;30.5;16.5
83;2021-05-13;6582;1342;334524;178703;31.2;16.6
83;2021-05-14;7422;4112;341946;182815;31.8;17.0
83;2021-05-15;7753;2201;349699;185016;32.6;17.2
83;2021-05-16;6627;1248;356326;186264;33.2;17.3
83;2021-05-17;4893;4213;361219;190477;33.6;17.7
83;2021-05-18;5531;3861;366750;194338;34.2;18.1
83;2021-05-19;6206;3402;372956;197740;34.7;18.4
83;2021-05-20;6757;3793;379713;201533;35.4;18.8
83;2021-05-21;7908;3871;387621;205404;36.1;19.1
83;2021-05-22;6091;1718;393712;207122;36.7;19.3
83;2021-05-23;4686;706;398398;207828;37.1;19.4
83;2021-05-24;5810;971;404208;208799;37.6;19.4
83;2021-05-25;5512;4752;409720;213551;38.2;19.9
83;2021-05-26;4859;4436;414579;217987;38.6;20.3
83;2021-05-27;5072;5261;419651;223248;39.1;20.8
83;2021-05-28;4507;5767;424158;229015;39.5;21.3
83;2021-05-29;2706;4274;426864;233289;39.8;21.7
83;2021-05-30;1257;1375;428121;234664;39.9;21.9
83;2021-05-31;5488;4767;433609;239431;40.4;22.3
83;2021-06-01;5730;5304;439339;244735;40.9;22.8
83;2021-06-02;5258;4581;444597;249316;41.4;23.2
83;2021-06-03;5743;5133;450340;254449;41.9;23.7
83;2021-06-04;5447;6043;455787;260492;42.4;24.3
83;2021-06-05;3926;3194;459713;263686;42.8;24.6
83;2021-06-06;1936;1383;461649;265069;43.0;24.7
83;2021-06-07;3919;5088;465568;270157;43.4;25.2
83;2021-06-08;4173;4825;469741;274982;43.7;25.6
83;2021-06-09;4005;4701;473746;279683;44.1;26.0
83;2021-06-10;3996;4259;477742;283942;44.5;26.4
83;2021-06-11;3655;5444;481397;289386;44.8;26.9
83;2021-06-12;2912;2984;484309;292370;45.1;27.2
83;2021-06-13;995;1391;485304;293761;45.2;27.4
83;2021-06-14;2857;5658;488161;299419;45.5;27.9
83;2021-06-15;3162;4860;491323;304279;45.8;28.3
83;2021-06-16;2962;4507;494285;308786;46.0;28.8
83;2021-06-17;2766;5284;497051;314070;46.3;29.2
83;2021-06-18;3156;5960;500207;320030;46.6;29.8
83;2021-06-19;2320;4096;502527;324126;46.8;30.2
83;2021-06-20;674;1889;503201;326015;46.9;30.4
83;2021-06-21;2111;7587;505312;333602;47.1;31.1
83;2021-06-22;2101;7165;507413;340767;47.3;31.7
83;2021-06-23;1932;6928;509345;347695;47.4;32.4
83;2021-06-24;1954;7367;511299;355062;47.6;33.1
83;2021-06-25;2109;8398;513408;363460;47.8;33.8
83;2021-06-26;1465;6810;514873;370270;47.9;34.5
83;2021-06-27;692;3185;515565;373455;48.0;34.8
83;2021-06-28;1572;7891;517137;381346;48.2;35.5
83;2021-06-29;1903;7807;519040;389153;48.3;36.2
83;2021-06-30;2241;7268;521281;396421;48.5;36.9
83;2021-07-01;2549;6567;523830;402988;48.8;37.5
83;2021-07-02;2258;7796;526088;410784;49.0;38.3
83;2021-07-03;1509;5686;527597;416470;49.1;38.8
83;2021-07-04;570;2750;528167;419220;49.2;39.0
83;2021-07-05;1922;7533;530089;426753;49.4;39.7
83;2021-07-06;2573;5935;532662;432688;49.6;40.3
83;2021-07-07;2680;4669;535342;437357;49.9;40.7
83;2021-07-08;3246;4468;538588;441825;50.2;41.1
83;2021-07-09;3039;6959;541627;448784;50.4;41.8
83;2021-07-10;1574;4927;543201;453711;50.6;42.3
83;2021-07-11;1006;1763;544207;455474;50.7;42.4
83;2021-07-12;2134;7683;546341;463157;50.9;43.1
83;2021-07-13;4027;7077;550368;470234;51.3;43.8
83;2021-07-14;2092;1319;552460;471553;51.4;43.9
83;2021-07-15;4580;6841;557040;478394;51.9;44.6
83;2021-07-16;5269;7120;562309;485514;52.4;45.2
83;2021-07-17;3594;4994;565903;490508;52.7;45.7
83;2021-07-18;1600;1312;567503;491820;52.8;45.8
83;2021-07-19;3949;6311;571452;498131;53.2;46.4
83;2021-07-20;5969;6158;577421;504289;53.8;47.0
83;2021-07-21;6007;5199;583428;509488;54.3;47.4
83;2021-07-22;7074;5527;590502;515015;55.0;48.0
83;2021-07-23;7091;5883;597593;520898;55.7;48.5
83;2021-07-24;4635;4550;602228;525448;56.1;48.9
83;2021-07-25;1324;731;603552;526179;56.2;49.0
83;2021-07-26;5519;4920;609071;531099;56.7;49.5
83;2021-07-27;6786;4870;615857;535969;57.4;49.9
83;2021-07-28;6567;4383;622424;540352;58.0;50.3
83;2021-07-29;7441;4810;629865;545162;58.7;50.8
83;2021-07-30;6919;4735;636784;549897;59.3;51.2
83;2021-07-31;4650;3199;641434;553096;59.7;51.5
83;2021-08-01;1054;845;642488;553941;59.8;51.6
83;2021-08-02;5727;3680;648215;557621;60.4;51.9
83;2021-08-03;6345;3956;654560;561577;61.0;52.3
83;2021-08-04;5866;3674;660426;565251;61.5;52.6
83;2021-08-05;6126;4062;666552;569313;62.1;53.0
83;2021-08-06;6110;4893;672662;574206;62.6;53.5
83;2021-08-07;3735;3530;676397;577736;63.0;53.8
83;2021-08-08;1061;818;677458;578554;63.1;53.9
83;2021-08-09;4697;4621;682155;583175;63.5;54.3
83;2021-08-10;5202;5121;687357;588296;64.0;54.8
83;2021-08-11;4561;5047;691918;593343;64.4;55.3
83;2021-08-12;4879;5528;696797;598871;64.9;55.8
83;2021-08-13;4877;5710;701674;604581;65.3;56.3
83;2021-08-14;3168;3859;704842;608440;65.6;56.7
83;2021-08-15;202;388;705044;608828;65.7;56.7
83;2021-08-16;3570;5424;708614;614252;66.0;57.2
83;2021-08-17;3454;5215;712068;619467;66.3;57.7
84;2020-12-27;0;0;0;0;0.0;0.0
84;2020-12-28;0;0;0;0;0.0;0.0
84;2020-12-29;0;0;0;0;0.0;0.0
84;2020-12-30;0;0;0;0;0.0;0.0
84;2020-12-31;0;0;0;0;0.0;0.0
84;2021-01-01;0;0;0;0;0.0;0.0
84;2021-01-02;0;0;0;0;0.0;0.0
84;2021-01-03;0;0;0;0;0.0;0.0
84;2021-01-04;0;0;0;0;0.0;0.0
84;2021-01-05;0;0;0;0;0.0;0.0
84;2021-01-06;0;0;0;0;0.0;0.0
84;2021-01-07;69;0;69;0;0.0;0.0
84;2021-01-08;81;0;150;0;0.0;0.0
84;2021-01-09;30;0;180;0;0.0;0.0
84;2021-01-10;0;0;180;0;0.0;0.0
84;2021-01-11;219;0;399;0;0.1;0.0
84;2021-01-12;623;2;1022;2;0.2;0.0
84;2021-01-13;358;0;1380;2;0.2;0.0
84;2021-01-14;940;13;2320;15;0.4;0.0
84;2021-01-15;617;9;2937;24;0.5;0.0
84;2021-01-16;166;0;3103;24;0.6;0.0
84;2021-01-17;29;1;3132;25;0.6;0.0
84;2021-01-18;696;3;3828;28;0.7;0.0
84;2021-01-19;877;2;4705;30;0.8;0.0
84;2021-01-20;1018;3;5723;33;1.0;0.0
84;2021-01-21;1048;4;6771;37;1.2;0.0
84;2021-01-22;1132;0;7903;37;1.4;0.0
84;2021-01-23;248;0;8151;37;1.5;0.0
84;2021-01-24;3;0;8154;37;1.5;0.0
84;2021-01-25;806;0;8960;37;1.6;0.0
84;2021-01-26;938;5;9898;42;1.8;0.0
84;2021-01-27;1071;2;10969;44;2.0;0.0
84;2021-01-28;1621;18;12590;62;2.2;0.0
84;2021-01-29;1198;63;13788;125;2.5;0.0
84;2021-01-30;171;21;13959;146;2.5;0.0
84;2021-01-31;7;0;13966;146;2.5;0.0
84;2021-02-01;656;147;14622;293;2.6;0.1
84;2021-02-02;787;268;15409;561;2.7;0.1
84;2021-02-03;758;244;16167;805;2.9;0.1
84;2021-02-04;912;406;17079;1211;3.0;0.2
84;2021-02-05;727;415;17806;1626;3.2;0.3
84;2021-02-06;126;49;17932;1675;3.2;0.3
84;2021-02-07;0;0;17932;1675;3.2;0.3
84;2021-02-08;568;276;18500;1951;3.3;0.3
84;2021-02-09;691;719;19191;2670;3.4;0.5
84;2021-02-10;554;568;19745;3238;3.5;0.6
84;2021-02-11;546;585;20291;3823;3.6;0.7
84;2021-02-12;562;681;20853;4504;3.7;0.8
84;2021-02-13;46;171;20899;4675;3.7;0.8
84;2021-02-14;3;0;20902;4675;3.7;0.8
84;2021-02-15;209;892;21111;5567;3.8;1.0
84;2021-02-16;222;832;21333;6399;3.8;1.1
84;2021-02-17;447;781;21780;7180;3.9;1.3
84;2021-02-18;557;1105;22337;8285;4.0;1.5
84;2021-02-19;737;1187;23074;9472;4.1;1.7
84;2021-02-20;65;153;23139;9625;4.1;1.7
84;2021-02-21;5;37;23144;9662;4.1;1.7
84;2021-02-22;369;744;23513;10406;4.2;1.9
84;2021-02-23;268;705;23781;11111;4.2;2.0
84;2021-02-24;393;738;24174;11849;4.3;2.1
84;2021-02-25;713;851;24887;12700;4.4;2.3
84;2021-02-26;822;682;25709;13382;4.6;2.4
84;2021-02-27;133;126;25842;13508;4.6;2.4
84;2021-02-28;16;0;25858;13508;4.6;2.4
84;2021-03-01;456;668;26314;14176;4.7;2.5
84;2021-03-02;631;811;26945;14987;4.8;2.7
84;2021-03-03;821;949;27766;15936;4.9;2.8
84;2021-03-04;1095;690;28861;16626;5.1;3.0
84;2021-03-05;1310;520;30171;17146;5.4;3.1
84;2021-03-06;1461;63;31632;17209;5.6;3.1
84;2021-03-07;481;15;32113;17224;5.7;3.1
84;2021-03-08;813;610;32926;17834;5.9;3.2
84;2021-03-09;1387;784;34313;18618;6.1;3.3
84;2021-03-10;1473;669;35786;19287;6.4;3.4
84;2021-03-11;1984;645;37770;19932;6.7;3.6
84;2021-03-12;2078;629;39848;20561;7.1;3.7
84;2021-03-13;745;37;40593;20598;7.2;3.7
84;2021-03-14;247;53;40840;20651;7.3;3.7
84;2021-03-15;1069;311;41909;20962;7.5;3.7
84;2021-03-16;1179;336;43088;21298;7.7;3.8
84;2021-03-17;1144;442;44232;21740;7.9;3.9
84;2021-03-18;1456;400;45688;22140;8.1;3.9
84;2021-03-19;2175;464;47863;22604;8.5;4.0
84;2021-03-20;838;26;48701;22630;8.7;4.0
84;2021-03-21;150;9;48851;22639;8.7;4.0
84;2021-03-22;1157;461;50008;23100;8.9;4.1
84;2021-03-23;1911;466;51919;23566;9.3;4.2
84;2021-03-24;2178;400;54097;23966;9.6;4.3
84;2021-03-25;3653;398;57750;24364;10.3;4.3
84;2021-03-26;3317;484;61067;24848;10.9;4.4
84;2021-03-27;913;56;61980;24904;11.0;4.4
84;2021-03-28;73;2;62053;24906;11.1;4.4
84;2021-03-29;1716;531;63769;25437;11.4;4.5
84;2021-03-30;2666;682;66435;26119;11.8;4.7
84;2021-03-31;2400;646;68835;26765;12.3;4.8
84;2021-04-01;3019;573;71854;27338;12.8;4.9
84;2021-04-02;2450;528;74304;27866;13.2;5.0
84;2021-04-03;509;28;74813;27894;13.3;5.0
84;2021-04-04;12;0;74825;27894;13.3;5.0
84;2021-04-05;811;102;75636;27996;13.5;5.0
84;2021-04-06;2140;840;77776;28836;13.9;5.1
84;2021-04-07;2403;864;80179;29700;14.3;5.3
84;2021-04-08;3651;1035;83830;30735;14.9;5.5
84;2021-04-09;4114;942;87944;31677;15.7;5.6
84;2021-04-10;1308;130;89252;31807;15.9;5.7
84;2021-04-11;37;12;89289;31819;15.9;5.7
84;2021-04-12;2091;806;91380;32625;16.3;5.8
84;2021-04-13;2941;1369;94321;33994;16.8;6.1
84;2021-04-14;2811;1355;97132;35349;17.3;6.3
84;2021-04-15;3272;1417;100404;36766;17.9;6.6
84;2021-04-16;3429;1550;103833;38316;18.5;6.8
84;2021-04-17;1666;196;105499;38512;18.8;6.9
84;2021-04-18;37;0;105536;38512;18.8;6.9
84;2021-04-19;2505;923;108041;39435;19.3;7.0
84;2021-04-20;2626;1530;110667;40965;19.7;7.3
84;2021-04-21;2650;1489;113317;42454;20.2;7.6
84;2021-04-22;3011;1736;116328;44190;20.7;7.9
84;2021-04-23;3034;1899;119362;46089;21.3;8.2
84;2021-04-24;1530;287;120892;46376;21.5;8.3
84;2021-04-25;27;2;120919;46378;21.6;8.3
84;2021-04-26;2184;1372;123103;47750;21.9;8.5
84;2021-04-27;2552;1988;125655;49738;22.4;8.9
84;2021-04-28;2816;1841;128471;51579;22.9;9.2
84;2021-04-29;3421;2029;131892;53608;23.5;9.6
84;2021-04-30;3133;2423;135025;56031;24.1;10.0
84;2021-05-01;457;258;135482;56289;24.2;10.0
84;2021-05-02;1;0;135483;56289;24.2;10.0
84;2021-05-03;2165;1633;137648;57922;24.5;10.3
84;2021-05-04;2489;2528;140137;60450;25.0;10.8
84;2021-05-05;2351;2217;142488;62667;25.4;11.2
84;2021-05-06;3223;2253;145711;64920;26.0;11.6
84;2021-05-07;2766;2558;148477;67478;26.5;12.0
84;2021-05-08;1157;527;149634;68005;26.7;12.1
84;2021-05-09;6;52;149640;68057;26.7;12.1
84;2021-05-10;2156;2458;151796;70515;27.1;12.6
84;2021-05-11;2908;3166;154704;73681;27.6;13.1
84;2021-05-12;2850;2924;157554;76605;28.1;13.7
84;2021-05-13;2160;845;159714;77450;28.5;13.8
84;2021-05-14;2728;2033;162442;79483;29.0;14.2
84;2021-05-15;2002;984;164444;80467;29.3;14.3
84;2021-05-16;1341;184;165785;80651;29.6;14.4
84;2021-05-17;2223;2155;168008;82806;29.9;14.8
84;2021-05-18;2904;2105;170912;84911;30.5;15.1
84;2021-05-19;3233;1664;174145;86575;31.0;15.4
84;2021-05-20;3699;2206;177844;88781;31.7;15.8
84;2021-05-21;3469;2333;181313;91114;32.3;16.2
84;2021-05-22;1584;679;182897;91793;32.6;16.4
84;2021-05-23;6;9;182903;91802;32.6;16.4
84;2021-05-24;1840;426;184743;92228;32.9;16.4
84;2021-05-25;2982;2184;187725;94412;33.5;16.8
84;2021-05-26;3077;2085;190802;96497;34.0;17.2
84;2021-05-27;3856;2322;194658;98819;34.7;17.6
84;2021-05-28;3182;3306;197840;102125;35.3;18.2
84;2021-05-29;1092;1653;198932;103778;35.5;18.5
84;2021-05-30;8;85;198940;103863;35.5;18.5
84;2021-05-31;2192;2636;201132;106499;35.9;19.0
84;2021-06-01;3145;3158;204277;109657;36.4;19.5
84;2021-06-02;3174;2623;207451;112280;37.0;20.0
84;2021-06-03;4112;2985;211563;115265;37.7;20.5
84;2021-06-04;3616;3037;215179;118302;38.4;21.1
84;2021-06-05;1782;1496;216961;119798;38.7;21.4
84;2021-06-06;988;207;217949;120005;38.9;21.4
84;2021-06-07;2453;2749;220402;122754;39.3;21.9
84;2021-06-08;3320;3050;223722;125804;39.9;22.4
84;2021-06-09;3031;2680;226753;128484;40.4;22.9
84;2021-06-10;3508;2788;230261;131272;41.0;23.4
84;2021-06-11;3024;3062;233285;134334;41.6;23.9
84;2021-06-12;1965;1312;235250;135646;41.9;24.2
84;2021-06-13;414;213;235664;135859;42.0;24.2
84;2021-06-14;1929;3156;237593;139015;42.4;24.8
84;2021-06-15;2575;3456;240168;142471;42.8;25.4
84;2021-06-16;2526;2953;242694;145424;43.3;25.9
84;2021-06-17;2996;3477;245690;148901;43.8;26.5
84;2021-06-18;2424;3549;248114;152450;44.2;27.2
84;2021-06-19;1289;1546;249403;153996;44.5;27.5
84;2021-06-20;549;354;249952;154350;44.6;27.5
84;2021-06-21;1570;3131;251522;157481;44.8;28.1
84;2021-06-22;2164;4012;253686;161493;45.2;28.8
84;2021-06-23;2115;3306;255801;164799;45.6;29.4
84;2021-06-24;2200;3482;258001;168281;46.0;30.0
84;2021-06-25;1835;3886;259836;172167;46.3;30.7
84;2021-06-26;1131;1817;260967;173984;46.5;31.0
84;2021-06-27;295;345;261262;174329;46.6;31.1
84;2021-06-28;1210;3223;262472;177552;46.8;31.6
84;2021-06-29;1479;4046;263951;181598;47.1;32.4
84;2021-06-30;1716;3959;265667;185557;47.4;33.1
84;2021-07-01;1809;3949;267476;189506;47.7;33.8
84;2021-07-02;1749;3895;269225;193401;48.0;34.5
84;2021-07-03;1102;2030;270327;195431;48.2;34.8
84;2021-07-04;394;416;270721;195847;48.3;34.9
84;2021-07-05;1540;3540;272261;199387;48.5;35.5
84;2021-07-06;1629;4166;273890;203553;48.8;36.3
84;2021-07-07;1672;3102;275562;206655;49.1;36.8
84;2021-07-08;2160;3744;277722;210399;49.5;37.5
84;2021-07-09;1836;3969;279558;214368;49.8;38.2
84;2021-07-10;1247;2159;280805;216527;50.1;38.6
84;2021-07-11;352;304;281157;216831;50.1;38.7
84;2021-07-12;1380;3839;282537;220670;50.4;39.3
84;2021-07-13;2333;5009;284870;225679;50.8;40.2
84;2021-07-14;1879;1247;286749;226926;51.1;40.5
84;2021-07-15;2634;4548;289383;231474;51.6;41.3
84;2021-07-16;2774;4596;292157;236070;52.1;42.1
84;2021-07-17;1584;2440;293741;238510;52.4;42.5
84;2021-07-18;1013;548;294754;239058;52.5;42.6
84;2021-07-19;2402;3741;297156;242799;53.0;43.3
84;2021-07-20;2941;4160;300097;246959;53.5;44.0
84;2021-07-21;3173;3655;303270;250614;54.1;44.7
84;2021-07-22;3772;3787;307042;254401;54.7;45.3
84;2021-07-23;3508;3674;310550;258075;55.4;46.0
84;2021-07-24;1450;2245;312000;260320;55.6;46.4
84;2021-07-25;1032;506;313032;260826;55.8;46.5
84;2021-07-26;2709;3021;315741;263847;56.3;47.0
84;2021-07-27;3425;3559;319166;267406;56.9;47.7
84;2021-07-28;3834;3302;323000;270708;57.6;48.3
84;2021-07-29;4189;3147;327189;273855;58.3;48.8
84;2021-07-30;3987;3315;331176;277170;59.0;49.4
84;2021-07-31;1992;1680;333168;278850;59.4;49.7
84;2021-08-01;813;425;333981;279275;59.5;49.8
84;2021-08-02;2921;2680;336902;281955;60.1;50.3
84;2021-08-03;4077;2780;340979;284735;60.8;50.8
84;2021-08-04;3857;2586;344836;287321;61.5;51.2
84;2021-08-05;3829;2555;348665;289876;62.2;51.7
84;2021-08-06;3672;2847;352337;292723;62.8;52.2
84;2021-08-07;2041;1721;354378;294444;63.2;52.5
84;2021-08-08;384;733;354762;295177;63.2;52.6
84;2021-08-09;2849;2579;357611;297756;63.7;53.1
84;2021-08-10;3713;2933;361324;300689;64.4;53.6
84;2021-08-11;3256;2657;364580;303346;65.0;54.1
84;2021-08-12;3135;2965;367715;306311;65.5;54.6
84;2021-08-13;2863;2665;370578;308976;66.1;55.1
84;2021-08-14;1675;1729;372253;310705;66.4;55.4
84;2021-08-15;286;226;372539;310931;66.4;55.4
84;2021-08-16;2328;3050;374867;313981;66.8;56.0
84;2021-08-17;2656;3231;377523;317212;67.3;56.5
85;2020-12-27;1;0;1;0;0.0;0.0
85;2020-12-28;0;0;1;0;0.0;0.0
85;2020-12-29;0;0;1;0;0.0;0.0
85;2020-12-30;0;0;1;0;0.0;0.0
85;2020-12-31;0;0;1;0;0.0;0.0
85;2021-01-01;0;0;1;0;0.0;0.0
85;2021-01-02;0;0;1;0;0.0;0.0
85;2021-01-03;1;0;2;0;0.0;0.0
85;2021-01-04;25;0;27;0;0.0;0.0
85;2021-01-05;62;0;89;0;0.0;0.0
85;2021-01-06;107;1;196;1;0.0;0.0
85;2021-01-07;203;0;399;1;0.1;0.0
85;2021-01-08;293;1;692;2;0.1;0.0
85;2021-01-09;288;2;980;4;0.1;0.0
85;2021-01-10;59;0;1039;4;0.2;0.0
85;2021-01-11;453;0;1492;4;0.2;0.0
85;2021-01-12;586;2;2078;6;0.3;0.0
85;2021-01-13;544;2;2622;8;0.4;0.0
85;2021-01-14;681;4;3303;12;0.5;0.0
85;2021-01-15;438;3;3741;15;0.5;0.0
85;2021-01-16;264;3;4005;18;0.6;0.0
85;2021-01-17;37;0;4042;18;0.6;0.0
85;2021-01-18;999;3;5041;21;0.7;0.0
85;2021-01-19;1427;16;6468;37;0.9;0.0
85;2021-01-20;1874;2;8342;39;1.2;0.0
85;2021-01-21;3220;10;11562;49;1.7;0.0
85;2021-01-22;1696;19;13258;68;1.9;0.0
85;2021-01-23;466;2;13724;70;2.0;0.0
85;2021-01-24;50;0;13774;70;2.0;0.0
85;2021-01-25;577;1;14351;71;2.1;0.0
85;2021-01-26;876;34;15227;105;2.2;0.0
85;2021-01-27;1804;32;17031;137;2.5;0.0
85;2021-01-28;1631;38;18662;175;2.7;0.0
85;2021-01-29;875;63;19537;238;2.9;0.0
85;2021-01-30;149;5;19686;243;2.9;0.0
85;2021-01-31;2;45;19688;288;2.9;0.0
85;2021-02-01;480;103;20168;391;3.0;0.1
85;2021-02-02;537;175;20705;566;3.0;0.1
85;2021-02-03;414;261;21119;827;3.1;0.1
85;2021-02-04;621;267;21740;1094;3.2;0.2
85;2021-02-05;624;265;22364;1359;3.3;0.2
85;2021-02-06;156;245;22520;1604;3.3;0.2
85;2021-02-07;1;0;22521;1604;3.3;0.2
85;2021-02-08;387;653;22908;2257;3.4;0.3
85;2021-02-09;662;1059;23570;3316;3.5;0.5
85;2021-02-10;583;1132;24153;4448;3.5;0.7
85;2021-02-11;1541;3042;25694;7490;3.8;1.1
85;2021-02-12;1012;1262;26706;8752;3.9;1.3
85;2021-02-13;250;505;26956;9257;3.9;1.4
85;2021-02-14;2;132;26958;9389;3.9;1.4
85;2021-02-15;336;813;27294;10202;4.0;1.5
85;2021-02-16;570;1189;27864;11391;4.1;1.7
85;2021-02-17;786;1575;28650;12966;4.2;1.9
85;2021-02-18;1277;1938;29927;14904;4.4;2.2
85;2021-02-19;957;1208;30884;16112;4.5;2.4
85;2021-02-20;174;262;31058;16374;4.5;2.4
85;2021-02-21;1;11;31059;16385;4.5;2.4
85;2021-02-22;814;886;31873;17271;4.7;2.5
85;2021-02-23;828;485;32701;17756;4.8;2.6
85;2021-02-24;756;313;33457;18069;4.9;2.6
85;2021-02-25;1336;402;34793;18471;5.1;2.7
85;2021-02-26;1228;331;36021;18802;5.3;2.8
85;2021-02-27;400;99;36421;18901;5.3;2.8
85;2021-02-28;7;1;36428;18902;5.3;2.8
85;2021-03-01;765;432;37193;19334;5.4;2.8
85;2021-03-02;1100;793;38293;20127;5.6;2.9
85;2021-03-03;843;516;39136;20643;5.7;3.0
85;2021-03-04;1577;1177;40713;21820;6.0;3.2
85;2021-03-05;1739;852;42452;22672;6.2;3.3
85;2021-03-06;1227;129;43679;22801;6.4;3.3
85;2021-03-07;333;35;44012;22836;6.4;3.3
85;2021-03-08;1741;461;45753;23297;6.7;3.4
85;2021-03-09;2240;575;47993;23872;7.0;3.5
85;2021-03-10;1863;652;49856;24524;7.3;3.6
85;2021-03-11;3119;1089;52975;25613;7.8;3.7
85;2021-03-12;2728;868;55703;26481;8.2;3.9
85;2021-03-13;1371;162;57074;26643;8.4;3.9
85;2021-03-14;182;2;57256;26645;8.4;3.9
85;2021-03-15;1918;517;59174;27162;8.7;4.0
85;2021-03-16;1630;517;60804;27679;8.9;4.1
85;2021-03-17;980;525;61784;28204;9.0;4.1
85;2021-03-18;1902;453;63686;28657;9.3;4.2
85;2021-03-19;2200;370;65886;29027;9.6;4.2
85;2021-03-20;1068;178;66954;29205;9.8;4.3
85;2021-03-21;271;5;67225;29210;9.8;4.3
85;2021-03-22;1763;560;68988;29770;10.1;4.4
85;2021-03-23;2420;734;71408;30504;10.5;4.5
85;2021-03-24;2205;529;73613;31033;10.8;4.5
85;2021-03-25;3648;598;77261;31631;11.3;4.6
85;2021-03-26;3359;650;80620;32281;11.8;4.7
85;2021-03-27;1729;122;82349;32403;12.1;4.7
85;2021-03-28;539;4;82888;32407;12.1;4.7
85;2021-03-29;2412;760;85300;33167;12.5;4.9
85;2021-03-30;2862;1025;88162;34192;12.9;5.0
85;2021-03-31;2198;673;90360;34865;13.2;5.1
85;2021-04-01;3873;913;94233;35778;13.8;5.2
85;2021-04-02;2705;1102;96938;36880;14.2;5.4
85;2021-04-03;1413;322;98351;37202;14.4;5.4
85;2021-04-04;324;29;98675;37231;14.4;5.4
85;2021-04-05;104;175;98779;37406;14.5;5.5
85;2021-04-06;2201;1598;100980;39004;14.8;5.7
85;2021-04-07;3091;1189;104071;40193;15.2;5.9
85;2021-04-08;4540;1602;108611;41795;15.9;6.1
85;2021-04-09;4602;1224;113213;43019;16.6;6.3
85;2021-04-10;1867;400;115080;43419;16.8;6.4
85;2021-04-11;27;10;115107;43429;16.8;6.4
85;2021-04-12;4287;1486;119394;44915;17.5;6.6
85;2021-04-13;4833;1872;124227;46787;18.2;6.8
85;2021-04-14;3961;1011;128188;47798;18.8;7.0
85;2021-04-15;5518;1741;133706;49539;19.6;7.3
85;2021-04-16;5241;1540;138947;51079;20.3;7.5
85;2021-04-17;1383;437;140330;51516;20.5;7.5
85;2021-04-18;350;11;140680;51527;20.6;7.5
85;2021-04-19;3367;1701;144047;53228;21.1;7.8
85;2021-04-20;3695;1925;147742;55153;21.6;8.1
85;2021-04-21;2692;1696;150434;56849;22.0;8.3
85;2021-04-22;3803;2232;154237;59081;22.6;8.6
85;2021-04-23;3904;2087;158141;61168;23.1;9.0
85;2021-04-24;1661;1534;159802;62702;23.4;9.2
85;2021-04-25;981;563;160783;63265;23.5;9.3
85;2021-04-26;3590;2350;164373;65615;24.1;9.6
85;2021-04-27;4393;2165;168766;67780;24.7;9.9
85;2021-04-28;5747;1255;174513;69035;25.5;10.1
85;2021-04-29;5635;2004;180148;71039;26.4;10.4
85;2021-04-30;5576;1677;185724;72716;27.2;10.6
85;2021-05-01;1736;636;187460;73352;27.4;10.7
85;2021-05-02;873;470;188333;73822;27.6;10.8
85;2021-05-03;3493;2385;191826;76207;28.1;11.2
85;2021-05-04;3488;3086;195314;79293;28.6;11.6
85;2021-05-05;4532;2168;199846;81461;29.3;11.9
85;2021-05-06;4920;2593;204766;84054;30.0;12.3
85;2021-05-07;3933;3863;208699;87917;30.5;12.9
85;2021-05-08;2246;229;210945;88146;30.9;12.9
85;2021-05-09;1509;183;212454;88329;31.1;12.9
85;2021-05-10;3212;4930;215666;93259;31.6;13.7
85;2021-05-11;4027;4977;219693;98236;32.2;14.4
85;2021-05-12;5019;3933;224712;102169;32.9;15.0
85;2021-05-13;5144;612;229856;102781;33.6;15.0
85;2021-05-14;4356;3167;234212;105948;34.3;15.5
85;2021-05-15;2327;776;236539;106724;34.6;15.6
85;2021-05-16;2213;162;238752;106886;34.9;15.6
85;2021-05-17;4146;3377;242898;110263;35.6;16.1
85;2021-05-18;5216;2855;248114;113118;36.3;16.6
85;2021-05-19;6493;1766;254607;114884;37.3;16.8
85;2021-05-20;6775;2178;261382;117062;38.3;17.1
85;2021-05-21;5498;2746;266880;119808;39.1;17.5
85;2021-05-22;2584;752;269464;120560;39.4;17.6
85;2021-05-23;1329;161;270793;120721;39.6;17.7
85;2021-05-24;4572;436;275365;121157;40.3;17.7
85;2021-05-25;4517;3564;279882;124721;41.0;18.3
85;2021-05-26;4946;2678;284828;127399;41.7;18.6
85;2021-05-27;4961;3693;289789;131092;42.4;19.2
85;2021-05-28;5253;4067;295042;135159;43.2;19.8
85;2021-05-29;3961;1528;299003;136687;43.8;20.0
85;2021-05-30;1291;126;300294;136813;44.0;20.0
85;2021-05-31;4689;3382;304983;140195;44.6;20.5
85;2021-06-01;5404;3398;310387;143593;45.4;21.0
85;2021-06-02;5557;2521;315944;146114;46.2;21.4
85;2021-06-03;5916;3235;321860;149349;47.1;21.9
85;2021-06-04;5838;3821;327698;153170;48.0;22.4
85;2021-06-05;2850;1941;330548;155111;48.4;22.7
85;2021-06-06;1510;803;332058;155914;48.6;22.8
85;2021-06-07;3237;4860;335295;160774;49.1;23.5
85;2021-06-08;4092;4527;339387;165301;49.7;24.2
85;2021-06-09;4848;3516;344235;168817;50.4;24.7
85;2021-06-10;5199;3705;349434;172522;51.1;25.3
85;2021-06-11;4505;4663;353939;177185;51.8;25.9
85;2021-06-12;1491;1799;355430;178984;52.0;26.2
85;2021-06-13;1220;672;356650;179656;52.2;26.3
85;2021-06-14;2680;5093;359330;184749;52.6;27.0
85;2021-06-15;3714;4934;363044;189683;53.1;27.8
85;2021-06-16;4083;3906;367127;193589;53.7;28.3
85;2021-06-17;3939;3899;371066;197488;54.3;28.9
85;2021-06-18;3626;5681;374692;203169;54.8;29.7
85;2021-06-19;1214;2029;375906;205198;55.0;30.0
85;2021-06-20;137;520;376043;205718;55.0;30.1
85;2021-06-21;2376;5813;378419;211531;55.4;31.0
85;2021-06-22;2848;5730;381267;217261;55.8;31.8
85;2021-06-23;3390;4498;384657;221759;56.3;32.5
85;2021-06-24;3641;4559;388298;226318;56.8;33.1
85;2021-06-25;2290;6180;390588;232498;57.2;34.0
85;2021-06-26;791;3761;391379;236259;57.3;34.6
85;2021-06-27;125;1370;391504;237629;57.3;34.8
85;2021-06-28;1186;6718;392690;244347;57.5;35.8
85;2021-06-29;1757;6874;394447;251221;57.7;36.8
85;2021-06-30;2211;6202;396658;257423;58.1;37.7
85;2021-07-01;2841;6058;399499;263481;58.5;38.6
85;2021-07-02;2268;7013;401767;270494;58.8;39.6
85;2021-07-03;617;3166;402384;273660;58.9;40.1
85;2021-07-04;145;1086;402529;274746;58.9;40.2
85;2021-07-05;1064;6652;403593;281398;59.1;41.2
85;2021-07-06;1580;6458;405173;287856;59.3;42.1
85;2021-07-07;1649;5863;406822;293719;59.5;43.0
85;2021-07-08;2165;5442;408987;299161;59.9;43.8
85;2021-07-09;1645;7098;410632;306259;60.1;44.8
85;2021-07-10;565;2838;411197;309097;60.2;45.2
85;2021-07-11;527;1288;411724;310385;60.3;45.4
85;2021-07-12;1407;7049;413131;317434;60.5;46.5
85;2021-07-13;2061;7394;415192;324828;60.8;47.5
85;2021-07-14;1453;2049;416645;326877;61.0;47.8
85;2021-07-15;2679;6935;419324;333812;61.4;48.9
85;2021-07-16;3425;6834;422749;340646;61.9;49.9
85;2021-07-17;1562;2152;424311;342798;62.1;50.2
85;2021-07-18;1146;1156;425457;343954;62.3;50.3
85;2021-07-19;3549;6237;429006;350191;62.8;51.3
85;2021-07-20;4296;6221;433302;356412;63.4;52.2
85;2021-07-21;3984;6204;437286;362616;64.0;53.1
85;2021-07-22;3894;6188;441180;368804;64.6;54.0
85;2021-07-23;4519;6711;445699;375515;65.2;55.0
85;2021-07-24;1044;2298;446743;377813;65.4;55.3
85;2021-07-25;489;306;447232;378119;65.5;55.3
85;2021-07-26;4500;5360;451732;383479;66.1;56.1
85;2021-07-27;5301;5395;457033;388874;66.9;56.9
85;2021-07-28;4949;4977;461982;393851;67.6;57.6
85;2021-07-29;5854;4740;467836;398591;68.5;58.3
85;2021-07-30;5992;4953;473828;403544;69.4;59.1
85;2021-07-31;1222;1577;475050;405121;69.5;59.3
85;2021-08-01;460;195;475510;405316;69.6;59.3
85;2021-08-02;4930;3954;480440;409270;70.3;59.9
85;2021-08-03;6503;3350;486943;412620;71.3;60.4
85;2021-08-04;6606;3419;493549;416039;72.2;60.9
85;2021-08-05;6163;3597;499712;419636;73.1;61.4
85;2021-08-06;5786;4513;505498;424149;74.0;62.1
85;2021-08-07;1503;1178;507001;425327;74.2;62.3
85;2021-08-08;329;231;507330;425558;74.3;62.3
85;2021-08-09;4116;3274;511446;428832;74.9;62.8
85;2021-08-10;4773;3413;516219;432245;75.6;63.3
85;2021-08-11;4651;4203;520870;436448;76.2;63.9
85;2021-08-12;4451;4290;525321;440738;76.9;64.5
85;2021-08-13;3778;3637;529099;444375;77.4;65.0
85;2021-08-14;1014;1092;530113;445467;77.6;65.2
85;2021-08-15;159;239;530272;445706;77.6;65.2
85;2021-08-16;2835;4763;533107;450469;78.0;65.9
85;2021-08-17;2942;4335;536049;454804;78.5;66.6
86;2020-12-27;0;0;0;0;0.0;0.0
86;2020-12-28;1;0;1;0;0.0;0.0
86;2020-12-29;1;0;2;0;0.0;0.0
86;2020-12-30;0;0;2;0;0.0;0.0
86;2020-12-31;0;0;2;0;0.0;0.0
86;2021-01-01;0;0;2;0;0.0;0.0
86;2021-01-02;0;0;2;0;0.0;0.0
86;2021-01-03;2;0;4;0;0.0;0.0
86;2021-01-04;0;0;4;0;0.0;0.0
86;2021-01-05;0;0;4;0;0.0;0.0
86;2021-01-06;178;0;182;0;0.0;0.0
86;2021-01-07;672;0;854;0;0.2;0.0
86;2021-01-08;609;3;1463;3;0.3;0.0
86;2021-01-09;0;0;1463;3;0.3;0.0
86;2021-01-10;173;0;1636;3;0.4;0.0
86;2021-01-11;305;0;1941;3;0.4;0.0
86;2021-01-12;459;0;2400;3;0.5;0.0
86;2021-01-13;336;0;2736;3;0.6;0.0
86;2021-01-14;551;1;3287;4;0.8;0.0
86;2021-01-15;542;1;3829;5;0.9;0.0
86;2021-01-16;2;0;3831;5;0.9;0.0
86;2021-01-17;0;0;3831;5;0.9;0.0
86;2021-01-18;564;0;4395;5;1.0;0.0
86;2021-01-19;1914;1;6309;6;1.4;0.0
86;2021-01-20;1458;19;7767;25;1.8;0.0
86;2021-01-21;1292;0;9059;25;2.1;0.0
86;2021-01-22;833;0;9892;25;2.3;0.0
86;2021-01-23;313;0;10205;25;2.3;0.0
86;2021-01-24;0;0;10205;25;2.3;0.0
86;2021-01-25;583;110;10788;135;2.5;0.0
86;2021-01-26;750;123;11538;258;2.6;0.1
86;2021-01-27;764;156;12302;414;2.8;0.1
86;2021-01-28;1043;425;13345;839;3.1;0.2
86;2021-01-29;878;219;14223;1058;3.3;0.2
86;2021-01-30;275;103;14498;1161;3.3;0.3
86;2021-01-31;57;157;14555;1318;3.3;0.3
86;2021-02-01;433;207;14988;1525;3.4;0.3
86;2021-02-02;573;386;15561;1911;3.6;0.4
86;2021-02-03;525;224;16086;2135;3.7;0.5
86;2021-02-04;478;366;16564;2501;3.8;0.6
86;2021-02-05;438;744;17002;3245;3.9;0.7
86;2021-02-06;146;205;17148;3450;3.9;0.8
86;2021-02-07;120;8;17268;3458;3.9;0.8
86;2021-02-08;361;328;17629;3786;4.0;0.9
86;2021-02-09;751;1124;18380;4910;4.2;1.1
86;2021-02-10;977;942;19357;5852;4.4;1.3
86;2021-02-11;1005;976;20362;6828;4.7;1.6
86;2021-02-12;745;379;21107;7207;4.8;1.6
86;2021-02-13;191;95;21298;7302;4.9;1.7
86;2021-02-14;1;34;21299;7336;4.9;1.7
86;2021-02-15;244;508;21543;7844;4.9;1.8
86;2021-02-16;384;865;21927;8709;5.0;2.0
86;2021-02-17;454;897;22381;9606;5.1;2.2
86;2021-02-18;421;874;22802;10480;5.2;2.4
86;2021-02-19;601;640;23403;11120;5.4;2.5
86;2021-02-20;115;176;23518;11296;5.4;2.6
86;2021-02-21;0;0;23518;11296;5.4;2.6
86;2021-02-22;240;428;23758;11724;5.4;2.7
86;2021-02-23;369;606;24127;12330;5.5;2.8
86;2021-02-24;408;587;24535;12917;5.6;3.0
86;2021-02-25;901;668;25436;13585;5.8;3.1
86;2021-02-26;1030;540;26466;14125;6.1;3.2
86;2021-02-27;460;149;26926;14274;6.2;3.3
86;2021-02-28;3;2;26929;14276;6.2;3.3
86;2021-03-01;232;525;27161;14801;6.2;3.4
86;2021-03-02;1142;850;28303;15651;6.5;3.6
86;2021-03-03;792;625;29095;16276;6.7;3.7
86;2021-03-04;1495;619;30590;16895;7.0;3.9
86;2021-03-05;1577;314;32167;17209;7.4;3.9
86;2021-03-06;995;169;33162;17378;7.6;4.0
86;2021-03-07;371;32;33533;17410;7.7;4.0
86;2021-03-08;473;541;34006;17951;7.8;4.1
86;2021-03-09;1368;529;35374;18480;8.1;4.2
86;2021-03-10;948;611;36322;19091;8.3;4.4
86;2021-03-11;1798;477;38120;19568;8.7;4.5
86;2021-03-12;2206;436;40326;20004;9.2;4.6
86;2021-03-13;1445;101;41771;20105;9.5;4.6
86;2021-03-14;133;16;41904;20121;9.6;4.6
86;2021-03-15;784;159;42688;20280;9.8;4.6
86;2021-03-16;847;203;43535;20483;10.0;4.7
86;2021-03-17;786;205;44321;20688;10.1;4.7
86;2021-03-18;1005;99;45326;20787;10.4;4.8
86;2021-03-19;2141;324;47467;21111;10.9;4.8
86;2021-03-20;592;133;48059;21244;11.0;4.9
86;2021-03-21;10;0;48069;21244;11.0;4.9
86;2021-03-22;851;277;48920;21521;11.2;4.9
86;2021-03-23;2015;327;50935;21848;11.6;5.0
86;2021-03-24;1557;291;52492;22139;12.0;5.1
86;2021-03-25;2485;352;54977;22491;12.6;5.1
86;2021-03-26;3038;360;58015;22851;13.3;5.2
86;2021-03-27;731;143;58746;22994;13.4;5.3
86;2021-03-28;5;128;58751;23122;13.4;5.3
86;2021-03-29;1260;392;60011;23514;13.7;5.4
86;2021-03-30;2402;820;62413;24334;14.3;5.6
86;2021-03-31;1511;624;63924;24958;14.6;5.7
86;2021-04-01;2240;942;66164;25900;15.1;5.9
86;2021-04-02;1902;556;68066;26456;15.6;6.0
86;2021-04-03;825;324;68891;26780;15.8;6.1
86;2021-04-04;82;108;68973;26888;15.8;6.1
86;2021-04-05;314;4;69287;26892;15.8;6.1
86;2021-04-06;1534;959;70821;27851;16.2;6.4
86;2021-04-07;1633;630;72454;28481;16.6;6.5
86;2021-04-08;2567;760;75021;29241;17.2;6.7
86;2021-04-09;3251;650;78272;29891;17.9;6.8
86;2021-04-10;1663;191;79935;30082;18.3;6.9
86;2021-04-11;442;9;80377;30091;18.4;6.9
86;2021-04-12;821;766;81198;30857;18.6;7.1
86;2021-04-13;2450;940;83648;31797;19.1;7.3
86;2021-04-14;1871;874;85519;32671;19.6;7.5
86;2021-04-15;2276;726;87795;33397;20.1;7.6
86;2021-04-16;2472;1227;90267;34624;20.6;7.9
86;2021-04-17;1040;263;91307;34887;20.9;8.0
86;2021-04-18;119;3;91426;34890;20.9;8.0
86;2021-04-19;745;795;92171;35685;21.1;8.2
86;2021-04-20;2300;1501;94471;37186;21.6;8.5
86;2021-04-21;2107;1118;96578;38304;22.1;8.8
86;2021-04-22;2332;1445;98910;39749;22.6;9.1
86;2021-04-23;2394;1575;101304;41324;23.2;9.4
86;2021-04-24;1300;510;102604;41834;23.5;9.6
86;2021-04-25;825;26;103429;41860;23.6;9.6
86;2021-04-26;2079;891;105508;42751;24.1;9.8
86;2021-04-27;3156;1670;108664;44421;24.8;10.2
86;2021-04-28;3004;1522;111668;45943;25.5;10.5
86;2021-04-29;3557;1833;115225;47776;26.3;10.9
86;2021-04-30;2970;1482;118195;49258;27.0;11.3
86;2021-05-01;1580;198;119775;49456;27.4;11.3
86;2021-05-02;1280;44;121055;49500;27.7;11.3
86;2021-05-03;2562;1002;123617;50502;28.3;11.5
86;2021-05-04;3510;1898;127127;52400;29.1;12.0
86;2021-05-05;3991;1480;131118;53880;30.0;12.3
86;2021-05-06;4290;1658;135408;55538;31.0;12.7
86;2021-05-07;4047;1822;139455;57360;31.9;13.1
86;2021-05-08;1976;398;141431;57758;32.3;13.2
86;2021-05-09;1642;203;143073;57961;32.7;13.3
86;2021-05-10;1956;1174;145029;59135;33.2;13.5
86;2021-05-11;3604;2688;148633;61823;34.0;14.1
86;2021-05-12;2251;1650;150884;63473;34.5;14.5
86;2021-05-13;1685;298;152569;63771;34.9;14.6
86;2021-05-14;2098;792;154667;64563;35.4;14.8
86;2021-05-15;1467;503;156134;65066;35.7;14.9
86;2021-05-16;778;164;156912;65230;35.9;14.9
86;2021-05-17;3221;1063;160133;66293;36.6;15.2
86;2021-05-18;4307;1666;164440;67959;37.6;15.5
86;2021-05-19;3591;1437;168031;69396;38.4;15.9
86;2021-05-20;4375;1623;172406;71019;39.4;16.2
86;2021-05-21;3440;1772;175846;72791;40.2;16.6
86;2021-05-22;2076;663;177922;73454;40.7;16.8
86;2021-05-23;1439;183;179361;73637;41.0;16.8
86;2021-05-24;1848;203;181209;73840;41.4;16.9
86;2021-05-25;2849;1641;184058;75481;42.1;17.3
86;2021-05-26;2727;1525;186785;77006;42.7;17.6
86;2021-05-27;3545;1846;190330;78852;43.5;18.0
86;2021-05-28;2163;2540;192493;81392;44.0;18.6
86;2021-05-29;1527;1287;194020;82679;44.4;18.9
86;2021-05-30;935;133;194955;82812;44.6;18.9
86;2021-05-31;1922;1821;196877;84633;45.0;19.3
86;2021-06-01;2665;2594;199542;87227;45.6;19.9
86;2021-06-02;2300;2667;201842;89894;46.1;20.6
86;2021-06-03;3334;2415;205176;92309;46.9;21.1
86;2021-06-04;2239;2863;207415;95172;47.4;21.8
86;2021-06-05;1502;1578;208917;96750;47.8;22.1
86;2021-06-06;819;899;209736;97649;48.0;22.3
86;2021-06-07;1118;2466;210854;100115;48.2;22.9
86;2021-06-08;1989;3698;212843;103813;48.7;23.7
86;2021-06-09;1902;3320;214745;107133;49.1;24.5
86;2021-06-10;2352;3240;217097;110373;49.6;25.2
86;2021-06-11;1517;2791;218614;113164;50.0;25.9
86;2021-06-12;746;2245;219360;115409;50.2;26.4
86;2021-06-13;214;1477;219574;116886;50.2;26.7
86;2021-06-14;1160;2904;220734;119790;50.5;27.4
86;2021-06-15;1688;4260;222422;124050;50.9;28.4
86;2021-06-16;1808;3132;224230;127182;51.3;29.1
86;2021-06-17;1776;4446;226006;131628;51.7;30.1
86;2021-06-18;1883;4591;227889;136219;52.1;31.1
86;2021-06-19;635;2100;228524;138319;52.2;31.6
86;2021-06-20;174;1319;228698;139638;52.3;31.9
86;2021-06-21;1106;2240;229804;141878;52.5;32.4
86;2021-06-22;1297;3458;231101;145336;52.8;33.2
86;2021-06-23;1363;2401;232464;147737;53.1;33.8
86;2021-06-24;1590;2725;234054;150462;53.5;34.4
86;2021-06-25;1193;3552;235247;154014;53.8;35.2
86;2021-06-26;391;2651;235638;156665;53.9;35.8
86;2021-06-27;138;1633;235776;158298;53.9;36.2
86;2021-06-28;270;3343;236046;161641;54.0;37.0
86;2021-06-29;858;4604;236904;166245;54.2;38.0
86;2021-06-30;1050;2974;237954;169219;54.4;38.7
86;2021-07-01;1540;3004;239494;172223;54.8;39.4
86;2021-07-02;1108;3646;240602;175869;55.0;40.2
86;2021-07-03;516;2393;241118;178262;55.1;40.8
86;2021-07-04;116;1347;241234;179609;55.2;41.1
86;2021-07-05;469;2832;241703;182441;55.3;41.7
86;2021-07-06;989;4103;242692;186544;55.5;42.6
86;2021-07-07;1261;2629;243953;189173;55.8;43.2
86;2021-07-08;1615;3149;245568;192322;56.1;44.0
86;2021-07-09;1742;3082;247310;195404;56.5;44.7
86;2021-07-10;1296;1952;248606;197356;56.8;45.1
86;2021-07-11;481;841;249087;198197;56.9;45.3
86;2021-07-12;834;2403;249921;200600;57.1;45.9
86;2021-07-13;1774;3370;251695;203970;57.5;46.6
86;2021-07-14;781;1232;252476;205202;57.7;46.9
86;2021-07-15;1881;3291;254357;208493;58.2;47.7
86;2021-07-16;1670;2664;256027;211157;58.5;48.3
86;2021-07-17;1347;1598;257374;212755;58.8;48.6
86;2021-07-18;377;906;257751;213661;58.9;48.8
86;2021-07-19;1374;1886;259125;215547;59.2;49.3
86;2021-07-20;2340;2732;261465;218279;59.8;49.9
86;2021-07-21;2299;2157;263764;220436;60.3;50.4
86;2021-07-22;2893;2792;266657;223228;61.0;51.0
86;2021-07-23;2459;2161;269116;225389;61.5;51.5
86;2021-07-24;1539;1222;270655;226611;61.9;51.8
86;2021-07-25;713;322;271368;226933;62.0;51.9
86;2021-07-26;1585;2106;272953;229039;62.4;52.4
86;2021-07-27;3538;2753;276491;231792;63.2;53.0
86;2021-07-28;3256;2130;279747;233922;64.0;53.5
86;2021-07-29;3250;2543;282997;236465;64.7;54.1
86;2021-07-30;2232;2380;285229;238845;65.2;54.6
86;2021-07-31;1420;1056;286649;239901;65.5;54.8
86;2021-08-01;646;336;287295;240237;65.7;54.9
86;2021-08-02;1926;1679;289221;241916;66.1;55.3
86;2021-08-03;3266;1990;292487;243906;66.9;55.8
86;2021-08-04;2729;1783;295216;245689;67.5;56.2
86;2021-08-05;3545;2052;298761;247741;68.3;56.6
86;2021-08-06;2364;1759;301125;249500;68.8;57.0
86;2021-08-07;1568;996;302693;250496;69.2;57.3
86;2021-08-08;946;550;303639;251046;69.4;57.4
86;2021-08-09;1874;1298;305513;252344;69.8;57.7
86;2021-08-10;2671;1780;308184;254124;70.5;58.1
86;2021-08-11;2347;1434;310531;255558;71.0;58.4
86;2021-08-12;2462;1823;312993;257381;71.6;58.8
86;2021-08-13;1822;1486;314815;258867;72.0;59.2
86;2021-08-14;1319;1148;316134;260015;72.3;59.4
86;2021-08-15;560;619;316694;260634;72.4;59.6
86;2021-08-16;1137;1787;317831;262421;72.7;60.0
86;2021-08-17;1546;2212;319377;264633;73.0;60.5
87;2020-12-27;0;0;0;0;0.0;0.0
87;2020-12-28;1;0;1;0;0.0;0.0
87;2020-12-29;0;0;1;0;0.0;0.0
87;2020-12-30;0;0;1;0;0.0;0.0
87;2020-12-31;0;0;1;0;0.0;0.0
87;2021-01-01;0;0;1;0;0.0;0.0
87;2021-01-02;0;0;1;0;0.0;0.0
87;2021-01-03;0;0;1;0;0.0;0.0
87;2021-01-04;1;0;2;0;0.0;0.0
87;2021-01-05;1;0;3;0;0.0;0.0
87;2021-01-06;10;0;13;0;0.0;0.0
87;2021-01-07;301;0;314;0;0.1;0.0
87;2021-01-08;407;0;721;0;0.2;0.0
87;2021-01-09;64;0;785;0;0.2;0.0
87;2021-01-10;35;0;820;0;0.2;0.0
87;2021-01-11;424;0;1244;0;0.3;0.0
87;2021-01-12;652;0;1896;0;0.5;0.0
87;2021-01-13;660;3;2556;3;0.7;0.0
87;2021-01-14;517;11;3073;14;0.8;0.0
87;2021-01-15;533;3;3606;17;1.0;0.0
87;2021-01-16;204;1;3810;18;1.0;0.0
87;2021-01-17;1;0;3811;18;1.0;0.0
87;2021-01-18;645;4;4456;22;1.2;0.0
87;2021-01-19;655;1;5111;23;1.4;0.0
87;2021-01-20;674;3;5785;26;1.6;0.0
87;2021-01-21;717;1;6502;27;1.8;0.0
87;2021-01-22;758;4;7260;31;2.0;0.0
87;2021-01-23;286;0;7546;31;2.0;0.0
87;2021-01-24;0;0;7546;31;2.0;0.0
87;2021-01-25;620;10;8166;41;2.2;0.0
87;2021-01-26;570;53;8736;94;2.4;0.0
87;2021-01-27;572;40;9308;134;2.5;0.0
87;2021-01-28;857;109;10165;243;2.7;0.1
87;2021-01-29;740;272;10905;515;2.9;0.1
87;2021-01-30;327;75;11232;590;3.0;0.2
87;2021-01-31;34;71;11266;661;3.0;0.2
87;2021-02-01;413;310;11679;971;3.1;0.3
87;2021-02-02;452;482;12131;1453;3.3;0.4
87;2021-02-03;540;422;12671;1875;3.4;0.5
87;2021-02-04;613;594;13284;2469;3.6;0.7
87;2021-02-05;342;384;13626;2853;3.7;0.8
87;2021-02-06;51;154;13677;3007;3.7;0.8
87;2021-02-07;20;0;13697;3007;3.7;0.8
87;2021-02-08;245;445;13942;3452;3.8;0.9
87;2021-02-09;218;545;14160;3997;3.8;1.1
87;2021-02-10;261;626;14421;4623;3.9;1.2
87;2021-02-11;286;539;14707;5162;4.0;1.4
87;2021-02-12;285;555;14992;5717;4.0;1.5
87;2021-02-13;25;169;15017;5886;4.1;1.6
87;2021-02-14;0;3;15017;5889;4.1;1.6
87;2021-02-15;237;388;15254;6277;4.1;1.7
87;2021-02-16;330;330;15584;6607;4.2;1.8
87;2021-02-17;330;380;15914;6987;4.3;1.9
87;2021-02-18;477;646;16391;7633;4.4;2.1
87;2021-02-19;402;482;16793;8115;4.5;2.2
87;2021-02-20;123;197;16916;8312;4.6;2.2
87;2021-02-21;2;9;16918;8321;4.6;2.2
87;2021-02-22;438;576;17356;8897;4.7;2.4
87;2021-02-23;556;633;17912;9530;4.8;2.6
87;2021-02-24;450;601;18362;10131;5.0;2.7
87;2021-02-25;790;707;19152;10838;5.2;2.9
87;2021-02-26;840;477;19992;11315;5.4;3.1
87;2021-02-27;405;212;20397;11527;5.5;3.1
87;2021-02-28;3;0;20400;11527;5.5;3.1
87;2021-03-01;518;369;20918;11896;5.6;3.2
87;2021-03-02;1031;386;21949;12282;5.9;3.3
87;2021-03-03;1174;353;23123;12635;6.2;3.4
87;2021-03-04;1406;339;24529;12974;6.6;3.5
87;2021-03-05;1769;285;26298;13259;7.1;3.6
87;2021-03-06;1046;40;27344;13299;7.4;3.6
87;2021-03-07;257;5;27601;13304;7.4;3.6
87;2021-03-08;864;242;28465;13546;7.7;3.7
87;2021-03-09;1288;231;29753;13777;8.0;3.7
87;2021-03-10;1298;233;31051;14010;8.4;3.8
87;2021-03-11;1754;253;32805;14263;8.8;3.8
87;2021-03-12;2128;290;34933;14553;9.4;3.9
87;2021-03-13;1309;20;36242;14573;9.8;3.9
87;2021-03-14;80;1;36322;14574;9.8;3.9
87;2021-03-15;988;357;37310;14931;10.1;4.0
87;2021-03-16;1061;243;38371;15174;10.3;4.1
87;2021-03-17;1070;220;39441;15394;10.6;4.2
87;2021-03-18;1180;342;40621;15736;11.0;4.2
87;2021-03-19;1682;276;42303;16012;11.4;4.3
87;2021-03-20;923;86;43226;16098;11.7;4.3
87;2021-03-21;32;0;43258;16098;11.7;4.3
87;2021-03-22;1049;381;44307;16479;11.9;4.4
87;2021-03-23;1385;430;45692;16909;12.3;4.6
87;2021-03-24;1508;366;47200;17275;12.7;4.7
87;2021-03-25;2500;395;49700;17670;13.4;4.8
87;2021-03-26;2531;454;52231;18124;14.1;4.9
87;2021-03-27;889;125;53120;18249;14.3;4.9
87;2021-03-28;269;18;53389;18267;14.4;4.9
87;2021-03-29;1117;417;54506;18684;14.7;5.0
87;2021-03-30;1908;666;56414;19350;15.2;5.2
87;2021-03-31;1658;693;58072;20043;15.7;5.4
87;2021-04-01;2239;572;60311;20615;16.3;5.6
87;2021-04-02;1841;633;62152;21248;16.8;5.7
87;2021-04-03;455;265;62607;21513;16.9;5.8
87;2021-04-04;2;0;62609;21513;16.9;5.8
87;2021-04-05;82;1;62691;21514;16.9;5.8
87;2021-04-06;998;906;63689;22420;17.2;6.0
87;2021-04-07;1485;926;65174;23346;17.6;6.3
87;2021-04-08;1784;1033;66958;24379;18.1;6.6
87;2021-04-09;2646;737;69604;25116;18.8;6.8
87;2021-04-10;1190;306;70794;25422;19.1;6.9
87;2021-04-11;68;0;70862;25422;19.1;6.9
87;2021-04-12;1618;826;72480;26248;19.5;7.1
87;2021-04-13;2290;1061;74770;27309;20.2;7.4
87;2021-04-14;2528;1185;77298;28494;20.8;7.7
87;2021-04-15;2223;1074;79521;29568;21.4;8.0
87;2021-04-16;2735;1071;82256;30639;22.2;8.3
87;2021-04-17;731;385;82987;31024;22.4;8.4
87;2021-04-18;111;141;83098;31165;22.4;8.4
87;2021-04-19;1658;835;84756;32000;22.9;8.6
87;2021-04-20;2085;880;86841;32880;23.4;8.9
87;2021-04-21;2293;991;89134;33871;24.0;9.1
87;2021-04-22;2564;1160;91698;35031;24.7;9.4
87;2021-04-23;1996;1181;93694;36212;25.3;9.8
87;2021-04-24;825;620;94519;36832;25.5;9.9
87;2021-04-25;64;103;94583;36935;25.5;10.0
87;2021-04-26;1356;915;95939;37850;25.9;10.2
87;2021-04-27;2397;1206;98336;39056;26.5;10.5
87;2021-04-28;3868;1442;102204;40498;27.6;10.9
87;2021-04-29;3077;1840;105281;42338;28.4;11.4
87;2021-04-30;3174;1359;108455;43697;29.3;11.8
87;2021-05-01;613;57;109068;43754;29.4;11.8
87;2021-05-02;361;5;109429;43759;29.5;11.8
87;2021-05-03;2322;935;111751;44694;30.1;12.1
87;2021-05-04;2906;1072;114657;45766;30.9;12.3
87;2021-05-05;2989;1511;117646;47277;31.7;12.8
87;2021-05-06;2532;1724;120178;49001;32.4;13.2
87;2021-05-07;2944;1718;123122;50719;33.2;13.7
87;2021-05-08;772;294;123894;51013;33.4;13.8
87;2021-05-09;19;133;123913;51146;33.4;13.8
87;2021-05-10;1937;1604;125850;52750;33.9;14.2
87;2021-05-11;2466;1908;128316;54658;34.6;14.7
87;2021-05-12;2620;2066;130936;56724;35.3;15.3
87;2021-05-13;1085;292;132021;57016;35.6;15.4
87;2021-05-14;2244;1772;134265;58788;36.2;15.9
87;2021-05-15;950;406;135215;59194;36.5;16.0
87;2021-05-16;141;73;135356;59267;36.5;16.0
87;2021-05-17;1627;1760;136983;61027;36.9;16.5
87;2021-05-18;2636;1817;139619;62844;37.7;16.9
87;2021-05-19;2820;1553;142439;64397;38.4;17.4
87;2021-05-20;3305;1720;145744;66117;39.3;17.8
87;2021-05-21;2765;1839;148509;67956;40.1;18.3
87;2021-05-22;1457;628;149966;68584;40.4;18.5
87;2021-05-23;210;92;150176;68676;40.5;18.5
87;2021-05-24;1056;142;151232;68818;40.8;18.6
87;2021-05-25;2118;1811;153350;70629;41.4;19.0
87;2021-05-26;3220;2476;156570;73105;42.2;19.7
87;2021-05-27;3023;2355;159593;75460;43.0;20.4
87;2021-05-28;2673;2524;162266;77984;43.8;21.0
87;2021-05-29;1060;1315;163326;79299;44.1;21.4
87;2021-05-30;258;59;163584;79358;44.1;21.4
87;2021-05-31;2287;1359;165871;80717;44.7;21.8
87;2021-06-01;2548;1867;168419;82584;45.4;22.3
87;2021-06-02;2524;1857;170943;84441;46.1;22.8
87;2021-06-03;3210;2530;174153;86971;47.0;23.5
87;2021-06-04;2838;2059;176991;89030;47.7;24.0
87;2021-06-05;1311;576;178302;89606;48.1;24.2
87;2021-06-06;262;95;178564;89701;48.2;24.2
87;2021-06-07;2100;1901;180664;91602;48.7;24.7
87;2021-06-08;2934;2571;183598;94173;49.5;25.4
87;2021-06-09;2305;2813;185903;96986;50.1;26.2
87;2021-06-10;2975;2552;188878;99538;50.9;26.8
87;2021-06-11;2363;3072;191241;102610;51.6;27.7
87;2021-06-12;1221;1104;192462;103714;51.9;28.0
87;2021-06-13;292;484;192754;104198;52.0;28.1
87;2021-06-14;980;2731;193734;106929;52.3;28.8
87;2021-06-15;1361;3320;195095;110249;52.6;29.7
87;2021-06-16;1650;3421;196745;113670;53.1;30.7
87;2021-06-17;2437;2315;199182;115985;53.7;31.3
87;2021-06-18;1789;3017;200971;119002;54.2;32.1
87;2021-06-19;1047;1177;202018;120179;54.5;32.4
87;2021-06-20;205;205;202223;120384;54.5;32.5
87;2021-06-21;1041;2643;203264;123027;54.8;33.2
87;2021-06-22;1030;2882;204294;125909;55.1;34.0
87;2021-06-23;1257;3082;205551;128991;55.4;34.8
87;2021-06-24;1620;2558;207171;131549;55.9;35.5
87;2021-06-25;1449;2713;208620;134262;56.3;36.2
87;2021-06-26;529;1203;209149;135465;56.4;36.5
87;2021-06-27;26;212;209175;135677;56.4;36.6
87;2021-06-28;716;2572;209891;138249;56.6;37.3
87;2021-06-29;1156;3415;211047;141664;56.9;38.2
87;2021-06-30;1122;2650;212169;144314;57.2;38.9
87;2021-07-01;1480;2549;213649;146863;57.6;39.6
87;2021-07-02;1200;3462;214849;150325;57.9;40.5
87;2021-07-03;413;1510;215262;151835;58.1;41.0
87;2021-07-04;23;383;215285;152218;58.1;41.1
87;2021-07-05;686;2395;215971;154613;58.2;41.7
87;2021-07-06;583;3221;216554;157834;58.4;42.6
87;2021-07-07;863;3345;217417;161179;58.6;43.5
87;2021-07-08;1119;3670;218536;164849;58.9;44.5
87;2021-07-09;1109;3699;219645;168548;59.2;45.5
87;2021-07-10;285;1357;219930;169905;59.3;45.8
87;2021-07-11;49;284;219979;170189;59.3;45.9
87;2021-07-12;560;3190;220539;173379;59.5;46.8
87;2021-07-13;832;3515;221371;176894;59.7;47.7
87;2021-07-14;517;539;221888;177433;59.8;47.9
87;2021-07-15;1357;3461;223245;180894;60.2;48.8
87;2021-07-16;1729;3596;224974;184490;60.7;49.8
87;2021-07-17;655;1372;225629;185862;60.9;50.1
87;2021-07-18;81;285;225710;186147;60.9;50.2
87;2021-07-19;1431;3400;227141;189547;61.3;51.1
87;2021-07-20;1805;3592;228946;193139;61.7;52.1
87;2021-07-21;1448;3151;230394;196290;62.1;52.9
87;2021-07-22;1877;3254;232271;199544;62.6;53.8
87;2021-07-23;1863;3170;234134;202714;63.1;54.7
87;2021-07-24;811;1283;234945;203997;63.4;55.0
87;2021-07-25;105;241;235050;204238;63.4;55.1
87;2021-07-26;1536;2326;236586;206564;63.8;55.7
87;2021-07-27;2534;2060;239120;208624;64.5;56.3
87;2021-07-28;2388;2000;241508;210624;65.1;56.8
87;2021-07-29;2990;1991;244498;212615;65.9;57.3
87;2021-07-30;2529;2075;247027;214690;66.6;57.9
87;2021-07-31;1104;835;248131;215525;66.9;58.1
87;2021-08-01;282;149;248413;215674;67.0;58.2
87;2021-08-02;2107;1511;250520;217185;67.6;58.6
87;2021-08-03;2481;1328;253001;218513;68.2;58.9
87;2021-08-04;2303;1062;255304;219575;68.9;59.2
87;2021-08-05;2513;1405;257817;220980;69.5;59.6
87;2021-08-06;2128;1659;259945;222639;70.1;60.0
87;2021-08-07;1101;778;261046;223417;70.4;60.3
87;2021-08-08;206;123;261252;223540;70.5;60.3
87;2021-08-09;1813;1529;263065;225069;71.0;60.7
87;2021-08-10;2192;1534;265257;226603;71.5;61.1
87;2021-08-11;1904;1272;267161;227875;72.1;61.5
87;2021-08-12;2090;1476;269251;229351;72.6;61.9
87;2021-08-13;1704;1630;270955;230981;73.1;62.3
87;2021-08-14;664;728;271619;231709;73.3;62.5
87;2021-08-15;72;104;271691;231813;73.3;62.5
87;2021-08-16;1497;1745;273188;233558;73.7;63.0
87;2021-08-17;1335;1662;274523;235220;74.0;63.4
88;2020-12-27;0;0;0;0;0.0;0.0
88;2020-12-28;0;0;0;0;0.0;0.0
88;2020-12-29;0;0;0;0;0.0;0.0
88;2020-12-30;0;0;0;0;0.0;0.0
88;2020-12-31;0;0;0;0;0.0;0.0
88;2021-01-01;2;0;2;0;0.0;0.0
88;2021-01-02;0;0;2;0;0.0;0.0
88;2021-01-03;0;0;2;0;0.0;0.0
88;2021-01-04;0;0;2;0;0.0;0.0
88;2021-01-05;1;0;3;0;0.0;0.0
88;2021-01-06;3;0;6;0;0.0;0.0
88;2021-01-07;71;1;77;1;0.0;0.0
88;2021-01-08;189;2;266;3;0.1;0.0
88;2021-01-09;190;0;456;3;0.1;0.0
88;2021-01-10;0;0;456;3;0.1;0.0
88;2021-01-11;227;0;683;3;0.2;0.0
88;2021-01-12;422;0;1105;3;0.3;0.0
88;2021-01-13;491;2;1596;5;0.4;0.0
88;2021-01-14;345;2;1941;7;0.5;0.0
88;2021-01-15;380;2;2321;9;0.6;0.0
88;2021-01-16;62;0;2383;9;0.7;0.0
88;2021-01-17;1;0;2384;9;0.7;0.0
88;2021-01-18;460;0;2844;9;0.8;0.0
88;2021-01-19;451;0;3295;9;0.9;0.0
88;2021-01-20;461;1;3756;10;1.0;0.0
88;2021-01-21;1544;4;5300;14;1.5;0.0
88;2021-01-22;1181;2;6481;16;1.8;0.0
88;2021-01-23;284;0;6765;16;1.9;0.0
88;2021-01-24;298;2;7063;18;2.0;0.0
88;2021-01-25;938;3;8001;21;2.2;0.0
88;2021-01-26;388;5;8389;26;2.3;0.0
88;2021-01-27;3;0;8392;26;2.3;0.0
88;2021-01-28;162;37;8554;63;2.4;0.0
88;2021-01-29;526;163;9080;226;2.5;0.1
88;2021-01-30;288;127;9368;353;2.6;0.1
88;2021-01-31;0;0;9368;353;2.6;0.1
88;2021-02-01;406;283;9774;636;2.7;0.2
88;2021-02-02;333;364;10107;1000;2.8;0.3
88;2021-02-03;437;241;10544;1241;2.9;0.3
88;2021-02-04;316;229;10860;1470;3.0;0.4
88;2021-02-05;457;251;11317;1721;3.1;0.5
88;2021-02-06;109;56;11426;1777;3.2;0.5
88;2021-02-07;0;0;11426;1777;3.2;0.5
88;2021-02-08;359;204;11785;1981;3.3;0.6
88;2021-02-09;291;288;12076;2269;3.4;0.6
88;2021-02-10;414;348;12490;2617;3.5;0.7
88;2021-02-11;849;1094;13339;3711;3.7;1.0
88;2021-02-12;938;705;14277;4416;4.0;1.2
88;2021-02-13;162;212;14439;4628;4.0;1.3
88;2021-02-14;81;216;14520;4844;4.0;1.3
88;2021-02-15;641;1075;15161;5919;4.2;1.6
88;2021-02-16;472;725;15633;6644;4.3;1.8
88;2021-02-17;456;439;16089;7083;4.5;2.0
88;2021-02-18;516;385;16605;7468;4.6;2.1
88;2021-02-19;535;462;17140;7930;4.8;2.2
88;2021-02-20;156;101;17296;8031;4.8;2.2
88;2021-02-21;1;25;17297;8056;4.8;2.2
88;2021-02-22;425;342;17722;8398;4.9;2.3
88;2021-02-23;403;232;18125;8630;5.0;2.4
88;2021-02-24;506;210;18631;8840;5.2;2.5
88;2021-02-25;675;284;19306;9124;5.4;2.5
88;2021-02-26;862;277;20168;9401;5.6;2.6
88;2021-02-27;267;34;20435;9435;5.7;2.6
88;2021-02-28;30;1;20465;9436;5.7;2.6
88;2021-03-01;359;464;20824;9900;5.8;2.8
88;2021-03-02;431;497;21255;10397;5.9;2.9
88;2021-03-03;649;464;21904;10861;6.1;3.0
88;2021-03-04;1039;754;22943;11615;6.4;3.2
88;2021-03-05;935;701;23878;12316;6.6;3.4
88;2021-03-06;1874;117;25752;12433;7.2;3.5
88;2021-03-07;1058;79;26810;12512;7.5;3.5
88;2021-03-08;726;689;27536;13201;7.7;3.7
88;2021-03-09;1095;535;28631;13736;8.0;3.8
88;2021-03-10;1081;494;29712;14230;8.3;4.0
88;2021-03-11;1441;400;31153;14630;8.7;4.1
88;2021-03-12;1309;488;32462;15118;9.0;4.2
88;2021-03-13;1210;127;33672;15245;9.4;4.2
88;2021-03-14;166;5;33838;15250;9.4;4.2
88;2021-03-15;930;448;34768;15698;9.7;4.4
88;2021-03-16;1024;344;35792;16042;10.0;4.5
88;2021-03-17;902;423;36694;16465;10.2;4.6
88;2021-03-18;1301;400;37995;16865;10.6;4.7
88;2021-03-19;1464;502;39459;17367;11.0;4.8
88;2021-03-20;1317;52;40776;17419;11.3;4.8
88;2021-03-21;37;0;40813;17419;11.4;4.8
88;2021-03-22;1231;544;42044;17963;11.7;5.0
88;2021-03-23;1780;441;43824;18404;12.2;5.1
88;2021-03-24;1875;472;45699;18876;12.7;5.3
88;2021-03-25;2499;489;48198;19365;13.4;5.4
88;2021-03-26;2480;455;50678;19820;14.1;5.5
88;2021-03-27;883;298;51561;20118;14.3;5.6
88;2021-03-28;61;4;51622;20122;14.4;5.6
88;2021-03-29;1305;445;52927;20567;14.7;5.7
88;2021-03-30;2062;392;54989;20959;15.3;5.8
88;2021-03-31;1619;576;56608;21535;15.7;6.0
88;2021-04-01;2116;716;58724;22251;16.3;6.2
88;2021-04-02;2815;640;61539;22891;17.1;6.4
88;2021-04-03;744;212;62283;23103;17.3;6.4
88;2021-04-04;16;1;62299;23104;17.3;6.4
88;2021-04-05;23;2;62322;23106;17.3;6.4
88;2021-04-06;1137;676;63459;23782;17.7;6.6
88;2021-04-07;1600;714;65059;24496;18.1;6.8
88;2021-04-08;1859;786;66918;25282;18.6;7.0
88;2021-04-09;3080;737;69998;26019;19.5;7.2
88;2021-04-10;724;648;70722;26667;19.7;7.4
88;2021-04-11;33;1;70755;26668;19.7;7.4
88;2021-04-12;1539;984;72294;27652;20.1;7.7
88;2021-04-13;2037;1090;74331;28742;20.7;8.0
88;2021-04-14;1910;949;76241;29691;21.2;8.3
88;2021-04-15;1967;1240;78208;30931;21.8;8.6
88;2021-04-16;2108;1050;80316;31981;22.3;8.9
88;2021-04-17;1429;766;81745;32747;22.7;9.1
88;2021-04-18;268;23;82013;32770;22.8;9.1
88;2021-04-19;1175;1237;83188;34007;23.1;9.5
88;2021-04-20;1190;1397;84378;35404;23.5;9.8
88;2021-04-21;1503;1298;85881;36702;23.9;10.2
88;2021-04-22;1898;1631;87779;38333;24.4;10.7
88;2021-04-23;1825;2046;89604;40379;24.9;11.2
88;2021-04-24;1184;781;90788;41160;25.3;11.4
88;2021-04-25;34;2;90822;41162;25.3;11.4
88;2021-04-26;1180;1171;92002;42333;25.6;11.8
88;2021-04-27;1278;1734;93280;44067;25.9;12.3
88;2021-04-28;1634;1497;94914;45564;26.4;12.7
88;2021-04-29;2082;1462;96996;47026;27.0;13.1
88;2021-04-30;2450;1629;99446;48655;27.7;13.5
88;2021-05-01;2007;279;101453;48934;28.2;13.6
88;2021-05-02;1301;123;102754;49057;28.6;13.6
88;2021-05-03;1558;1218;104312;50275;29.0;14.0
88;2021-05-04;1444;1466;105756;51741;29.4;14.4
88;2021-05-05;2427;1598;108183;53339;30.1;14.8
88;2021-05-06;3210;1213;111393;54552;31.0;15.2
88;2021-05-07;2939;1357;114332;55909;31.8;15.6
88;2021-05-08;1531;469;115863;56378;32.2;15.7
88;2021-05-09;1734;156;117597;56534;32.7;15.7
88;2021-05-10;1764;1571;119361;58105;33.2;16.2
88;2021-05-11;2658;1910;122019;60015;33.9;16.7
88;2021-05-12;2531;1852;124550;61867;34.6;17.2
88;2021-05-13;3258;677;127808;62544;35.5;17.4
88;2021-05-14;2501;1540;130309;64084;36.2;17.8
88;2021-05-15;1625;739;131934;64823;36.7;18.0
88;2021-05-16;1333;104;133267;64927;37.1;18.1
88;2021-05-17;1988;945;135255;65872;37.6;18.3
88;2021-05-18;2255;1110;137510;66982;38.2;18.6
88;2021-05-19;2723;1148;140233;68130;39.0;19.0
88;2021-05-20;3346;1238;143579;69368;39.9;19.3
88;2021-05-21;2875;1147;146454;70515;40.7;19.6
88;2021-05-22;1432;714;147886;71229;41.1;19.8
88;2021-05-23;557;74;148443;71303;41.3;19.8
88;2021-05-24;1675;431;150118;71734;41.8;20.0
88;2021-05-25;1647;1173;151765;72907;42.2;20.3
88;2021-05-26;2369;1139;154134;74046;42.9;20.6
88;2021-05-27;2201;1362;156335;75408;43.5;21.0
88;2021-05-28;1892;1991;158227;77399;44.0;21.5
88;2021-05-29;1232;1756;159459;79155;44.4;22.0
88;2021-05-30;587;418;160046;79573;44.5;22.1
88;2021-05-31;1326;1854;161372;81427;44.9;22.6
88;2021-06-01;1720;1988;163092;83415;45.4;23.2
88;2021-06-02;2078;1871;165170;85286;45.9;23.7
88;2021-06-03;2738;1618;167908;86904;46.7;24.2
88;2021-06-04;2043;1936;169951;88840;47.3;24.7
88;2021-06-05;1531;1141;171482;89981;47.7;25.0
88;2021-06-06;693;155;172175;90136;47.9;25.1
88;2021-06-07;1292;1709;173467;91845;48.2;25.5
88;2021-06-08;1664;1930;175131;93775;48.7;26.1
88;2021-06-09;1618;1908;176749;95683;49.2;26.6
88;2021-06-10;1780;2047;178529;97730;49.7;27.2
88;2021-06-11;1549;2219;180078;99949;50.1;27.8
88;2021-06-12;669;1657;180747;101606;50.3;28.3
88;2021-06-13;464;378;181211;101984;50.4;28.4
88;2021-06-14;1030;2247;182241;104231;50.7;29.0
88;2021-06-15;1928;2455;184169;106686;51.2;29.7
88;2021-06-16;1484;2870;185653;109556;51.6;30.5
88;2021-06-17;1600;2727;187253;112283;52.1;31.2
88;2021-06-18;1356;2461;188609;114744;52.5;31.9
88;2021-06-19;701;1090;189310;115834;52.7;32.2
88;2021-06-20;78;79;189388;115913;52.7;32.2
88;2021-06-21;672;2579;190060;118492;52.9;33.0
88;2021-06-22;869;3432;190929;121924;53.1;33.9
88;2021-06-23;1142;2877;192071;124801;53.4;34.7
88;2021-06-24;702;2604;192773;127405;53.6;35.4
88;2021-06-25;1437;3181;194210;130586;54.0;36.3
88;2021-06-26;903;2072;195113;132658;54.3;36.9
88;2021-06-27;543;634;195656;133292;54.4;37.1
88;2021-06-28;758;2511;196414;135803;54.6;37.8
88;2021-06-29;959;3354;197373;139157;54.9;38.7
88;2021-06-30;1136;3112;198509;142269;55.2;39.6
88;2021-07-01;1056;2686;199565;144955;55.5;40.3
88;2021-07-02;988;3145;200553;148100;55.8;41.2
88;2021-07-03;694;1698;201247;149798;56.0;41.7
88;2021-07-04;258;815;201505;150613;56.0;41.9
88;2021-07-05;993;2022;202498;152635;56.3;42.5
88;2021-07-06;1020;2415;203518;155050;56.6;43.1
88;2021-07-07;1179;2584;204697;157634;56.9;43.8
88;2021-07-08;1083;2063;205780;159697;57.2;44.4
88;2021-07-09;1584;2704;207364;162401;57.7;45.2
88;2021-07-10;716;1818;208080;164219;57.9;45.7
88;2021-07-11;468;696;208548;164915;58.0;45.9
88;2021-07-12;1052;2520;209600;167435;58.3;46.6
88;2021-07-13;1311;2651;210911;170086;58.7;47.3
88;2021-07-14;1203;800;212114;170886;59.0;47.5
88;2021-07-15;1744;3314;213858;174200;59.5;48.5
88;2021-07-16;1470;2961;215328;177161;59.9;49.3
88;2021-07-17;799;1589;216127;178750;60.1;49.7
88;2021-07-18;180;680;216307;179430;60.2;49.9
88;2021-07-19;1560;2233;217867;181663;60.6;50.5
88;2021-07-20;2141;2393;220008;184056;61.2;51.2
88;2021-07-21;1935;2224;221943;186280;61.7;51.8
88;2021-07-22;1696;2108;223639;188388;62.2;52.4
88;2021-07-23;2501;2779;226140;191167;62.9;53.2
88;2021-07-24;1058;1186;227198;192353;63.2;53.5
88;2021-07-25;431;608;227629;192961;63.3;53.7
88;2021-07-26;1711;2069;229340;195030;63.8;54.2
88;2021-07-27;2346;2056;231686;197086;64.4;54.8
88;2021-07-28;2202;2250;233888;199336;65.1;55.4
88;2021-07-29;3010;1630;236898;200966;65.9;55.9
88;2021-07-30;2265;2288;239163;203254;66.5;56.5
88;2021-07-31;1096;1038;240259;204292;66.8;56.8
88;2021-08-01;442;462;240701;204754;67.0;57.0
88;2021-08-02;2361;1765;243062;206519;67.6;57.4
88;2021-08-03;2865;1581;245927;208100;68.4;57.9
88;2021-08-04;2512;1525;248439;209625;69.1;58.3
88;2021-08-05;1984;1375;250423;211000;69.7;58.7
88;2021-08-06;2914;2009;253337;213009;70.5;59.2
88;2021-08-07;1170;912;254507;213921;70.8;59.5
88;2021-08-08;750;317;255257;214238;71.0;59.6
88;2021-08-09;1544;1643;256801;215881;71.4;60.0
88;2021-08-10;1931;2055;258732;217936;72.0;60.6
88;2021-08-11;1862;1746;260594;219682;72.5;61.1
88;2021-08-12;1659;1343;262253;221025;72.9;61.5
88;2021-08-13;1921;2115;264174;223140;73.5;62.1
88;2021-08-14;575;909;264749;224049;73.6;62.3
88;2021-08-15;335;522;265084;224571;73.7;62.5
88;2021-08-16;1142;1981;266226;226552;74.1;63.0
88;2021-08-17;1253;2048;267479;228600;74.4;63.6
89;2020-12-27;0;0;0;0;0.0;0.0
89;2020-12-28;1;0;1;0;0.0;0.0
89;2020-12-29;0;0;1;0;0.0;0.0
89;2020-12-30;0;0;1;0;0.0;0.0
89;2020-12-31;0;0;1;0;0.0;0.0
89;2021-01-01;0;0;1;0;0.0;0.0
89;2021-01-02;0;0;1;0;0.0;0.0
89;2021-01-03;0;0;1;0;0.0;0.0
89;2021-01-04;0;0;1;0;0.0;0.0
89;2021-01-05;0;0;1;0;0.0;0.0
89;2021-01-06;48;0;49;0;0.0;0.0
89;2021-01-07;201;0;250;0;0.1;0.0
89;2021-01-08;48;0;298;0;0.1;0.0
89;2021-01-09;1;0;299;0;0.1;0.0
89;2021-01-10;0;0;299;0;0.1;0.0
89;2021-01-11;220;0;519;0;0.2;0.0
89;2021-01-12;349;0;868;0;0.3;0.0
89;2021-01-13;533;3;1401;3;0.4;0.0
89;2021-01-14;709;7;2110;10;0.6;0.0
89;2021-01-15;275;2;2385;12;0.7;0.0
89;2021-01-16;90;3;2475;15;0.7;0.0
89;2021-01-17;0;0;2475;15;0.7;0.0
89;2021-01-18;503;1;2978;16;0.9;0.0
89;2021-01-19;840;3;3818;19;1.1;0.0
89;2021-01-20;760;1;4578;20;1.4;0.0
89;2021-01-21;939;4;5517;24;1.7;0.0
89;2021-01-22;1018;1;6535;25;2.0;0.0
89;2021-01-23;200;0;6735;25;2.0;0.0
89;2021-01-24;106;0;6841;25;2.1;0.0
89;2021-01-25;482;4;7323;29;2.2;0.0
89;2021-01-26;582;13;7905;42;2.4;0.0
89;2021-01-27;472;38;8377;80;2.5;0.0
89;2021-01-28;550;127;8927;207;2.7;0.1
89;2021-01-29;958;42;9885;249;3.0;0.1
89;2021-01-30;184;67;10069;316;3.0;0.1
89;2021-01-31;24;2;10093;318;3.0;0.1
89;2021-02-01;255;153;10348;471;3.1;0.1
89;2021-02-02;282;337;10630;808;3.2;0.2
89;2021-02-03;292;344;10922;1152;3.3;0.3
89;2021-02-04;432;593;11354;1745;3.4;0.5
89;2021-02-05;387;201;11741;1946;3.5;0.6
89;2021-02-06;77;66;11818;2012;3.6;0.6
89;2021-02-07;0;0;11818;2012;3.6;0.6
89;2021-02-08;288;188;12106;2200;3.6;0.7
89;2021-02-09;285;442;12391;2642;3.7;0.8
89;2021-02-10;396;314;12787;2956;3.9;0.9
89;2021-02-11;333;550;13120;3506;4.0;1.1
89;2021-02-12;432;599;13552;4105;4.1;1.2
89;2021-02-13;52;131;13604;4236;4.1;1.3
89;2021-02-14;21;116;13625;4352;4.1;1.3
89;2021-02-15;218;408;13843;4760;4.2;1.4
89;2021-02-16;134;536;13977;5296;4.2;1.6
89;2021-02-17;263;435;14240;5731;4.3;1.7
89;2021-02-18;225;557;14465;6288;4.4;1.9
89;2021-02-19;244;653;14709;6941;4.4;2.1
89;2021-02-20;33;140;14742;7081;4.4;2.1
89;2021-02-21;0;10;14742;7091;4.4;2.1
89;2021-02-22;233;451;14975;7542;4.5;2.3
89;2021-02-23;171;493;15146;8035;4.6;2.4
89;2021-02-24;341;389;15487;8424;4.7;2.5
89;2021-02-25;369;465;15856;8889;4.8;2.7
89;2021-02-26;384;336;16240;9225;4.9;2.8
89;2021-02-27;137;81;16377;9306;4.9;2.8
89;2021-02-28;6;13;16383;9319;4.9;2.8
89;2021-03-01;541;238;16924;9557;5.1;2.9
89;2021-03-02;753;356;17677;9913;5.3;3.0
89;2021-03-03;647;276;18324;10189;5.5;3.1
89;2021-03-04;633;380;18957;10569;5.7;3.2
89;2021-03-05;730;504;19687;11073;5.9;3.3
89;2021-03-06;550;133;20237;11206;6.1;3.4
89;2021-03-07;288;40;20525;11246;6.2;3.4
89;2021-03-08;558;325;21083;11571;6.3;3.5
89;2021-03-09;998;276;22081;11847;6.6;3.6
89;2021-03-10;981;254;23062;12101;6.9;3.6
89;2021-03-11;1074;300;24136;12401;7.3;3.7
89;2021-03-12;1280;336;25416;12737;7.7;3.8
89;2021-03-13;636;44;26052;12781;7.8;3.8
89;2021-03-14;1;0;26053;12781;7.8;3.8
89;2021-03-15;814;311;26867;13092;8.1;3.9
89;2021-03-16;948;222;27815;13314;8.4;4.0
89;2021-03-17;918;268;28733;13582;8.7;4.1
89;2021-03-18;883;255;29616;13837;8.9;4.2
89;2021-03-19;1149;196;30765;14033;9.3;4.2
89;2021-03-20;844;26;31609;14059;9.5;4.2
89;2021-03-21;173;6;31782;14065;9.6;4.2
89;2021-03-22;1044;221;32826;14286;9.9;4.3
89;2021-03-23;1740;257;34566;14543;10.4;4.4
89;2021-03-24;1967;325;36533;14868;11.0;4.5
89;2021-03-25;1818;169;38351;15037;11.5;4.5
89;2021-03-26;2627;184;40978;15221;12.3;4.6
89;2021-03-27;1773;48;42751;15269;12.9;4.6
89;2021-03-28;32;3;42783;15272;12.9;4.6
89;2021-03-29;963;582;43746;15854;13.2;4.8
89;2021-03-30;1153;568;44899;16422;13.5;4.9
89;2021-03-31;2005;472;46904;16894;14.1;5.1
89;2021-04-01;2120;460;49024;17354;14.8;5.2
89;2021-04-02;2139;446;51163;17800;15.4;5.4
89;2021-04-03;1003;241;52166;18041;15.7;5.4
89;2021-04-04;16;1;52182;18042;15.7;5.4
89;2021-04-05;92;2;52274;18044;15.7;5.4
89;2021-04-06;1033;756;53307;18800;16.1;5.7
89;2021-04-07;1031;807;54338;19607;16.4;5.9
89;2021-04-08;1730;725;56068;20332;16.9;6.1
89;2021-04-09;2161;732;58229;21064;17.5;6.3
89;2021-04-10;892;180;59121;21244;17.8;6.4
89;2021-04-11;38;51;59159;21295;17.8;6.4
89;2021-04-12;1014;794;60173;22089;18.1;6.7
89;2021-04-13;1357;1079;61530;23168;18.5;7.0
89;2021-04-14;1211;1037;62741;24205;18.9;7.3
89;2021-04-15;1416;944;64157;25149;19.3;7.6
89;2021-04-16;1329;939;65486;26088;19.7;7.9
89;2021-04-17;1067;455;66553;26543;20.0;8.0
89;2021-04-18;27;154;66580;26697;20.0;8.0
89;2021-04-19;749;1035;67329;27732;20.3;8.4
89;2021-04-20;1018;1536;68347;29268;20.6;8.8
89;2021-04-21;814;1106;69161;30374;20.8;9.1
89;2021-04-22;1107;1167;70268;31541;21.2;9.5
89;2021-04-23;1823;1969;72091;33510;21.7;10.1
89;2021-04-24;1172;1175;73263;34685;22.1;10.4
89;2021-04-25;139;6;73402;34691;22.1;10.4
89;2021-04-26;1503;775;74905;35466;22.6;10.7
89;2021-04-27;1732;1054;76637;36520;23.1;11.0
89;2021-04-28;1594;1852;78231;38372;23.6;11.6
89;2021-04-29;1970;1917;80201;40289;24.1;12.1
89;2021-04-30;1804;1766;82005;42055;24.7;12.7
89;2021-05-01;846;722;82851;42777;24.9;12.9
89;2021-05-02;134;31;82985;42808;25.0;12.9
89;2021-05-03;1605;762;84590;43570;25.5;13.1
89;2021-05-04;1620;1129;86210;44699;26.0;13.5
89;2021-05-05;2319;1265;88529;45964;26.7;13.8
89;2021-05-06;2413;1377;90942;47341;27.4;14.3
89;2021-05-07;2721;1317;93663;48658;28.2;14.7
89;2021-05-08;1786;534;95449;49192;28.7;14.8
89;2021-05-09;196;18;95645;49210;28.8;14.8
89;2021-05-10;1201;965;96846;50175;29.2;15.1
89;2021-05-11;2491;1461;99337;51636;29.9;15.5
89;2021-05-12;2059;1218;101396;52854;30.5;15.9
89;2021-05-13;414;333;101810;53187;30.7;16.0
89;2021-05-14;1878;1095;103688;54282;31.2;16.3
89;2021-05-15;2248;393;105936;54675;31.9;16.5
89;2021-05-16;10;35;105946;54710;31.9;16.5
89;2021-05-17;2091;637;108037;55347;32.5;16.7
89;2021-05-18;2324;827;110361;56174;33.2;16.9
89;2021-05-19;2861;881;113222;57055;34.1;17.2
89;2021-05-20;2928;888;116150;57943;35.0;17.4
89;2021-05-21;2480;878;118630;58821;35.7;17.7
89;2021-05-22;1429;570;120059;59391;36.2;17.9
89;2021-05-23;108;10;120167;59401;36.2;17.9
89;2021-05-24;286;223;120453;59624;36.3;18.0
89;2021-05-25;1558;983;122011;60607;36.7;18.2
89;2021-05-26;1817;1020;123828;61627;37.3;18.6
89;2021-05-27;2118;1354;125946;62981;37.9;19.0
89;2021-05-28;2143;1422;128089;64403;38.6;19.4
89;2021-05-29;540;658;128629;65061;38.7;19.6
89;2021-05-30;25;22;128654;65083;38.7;19.6
89;2021-05-31;1248;969;129902;66052;39.1;19.9
89;2021-06-01;1506;983;131408;67035;39.6;20.2
89;2021-06-02;1945;1280;133353;68315;40.2;20.6
89;2021-06-03;2428;1522;135781;69837;40.9;21.0
89;2021-06-04;2142;1886;137923;71723;41.5;21.6
89;2021-06-05;1184;1224;139107;72947;41.9;22.0
89;2021-06-06;23;37;139130;72984;41.9;22.0
89;2021-06-07;2110;1448;141240;74432;42.5;22.4
89;2021-06-08;2196;1456;143436;75888;43.2;22.9
89;2021-06-09;2321;1508;145757;77396;43.9;23.3
89;2021-06-10;2791;1600;148548;78996;44.7;23.8
89;2021-06-11;1948;1748;150496;80744;45.3;24.3
89;2021-06-12;1103;757;151599;81501;45.6;24.5
89;2021-06-13;156;424;151755;81925;45.7;24.7
89;2021-06-14;1310;1820;153065;83745;46.1;25.2
89;2021-06-15;1402;2012;154467;85757;46.5;25.8
89;2021-06-16;1128;2583;155595;88340;46.9;26.6
89;2021-06-17;1430;2338;157025;90678;47.3;27.3
89;2021-06-18;1623;2876;158648;93554;47.8;28.2
89;2021-06-19;687;1662;159335;95216;48.0;28.7
89;2021-06-20;55;127;159390;95343;48.0;28.7
89;2021-06-21;760;1529;160150;96872;48.2;29.2
89;2021-06-22;1048;2679;161198;99551;48.5;30.0
89;2021-06-23;1156;1796;162354;101347;48.9;30.5
89;2021-06-24;1077;1495;163431;102842;49.2;31.0
89;2021-06-25;1007;2428;164438;105270;49.5;31.7
89;2021-06-26;561;2481;164999;107751;49.7;32.4
89;2021-06-27;14;28;165013;107779;49.7;32.5
89;2021-06-28;1033;2493;166046;110272;50.0;33.2
89;2021-06-29;688;2403;166734;112675;50.2;33.9
89;2021-06-30;1083;3182;167817;115857;50.5;34.9
89;2021-07-01;1021;2985;168838;118842;50.8;35.8
89;2021-07-02;1106;2746;169944;121588;51.2;36.6
89;2021-07-03;554;1571;170498;123159;51.3;37.1
89;2021-07-04;11;36;170509;123195;51.3;37.1
89;2021-07-05;1295;1836;171804;125031;51.7;37.6
89;2021-07-06;1050;2309;172854;127340;52.0;38.3
89;2021-07-07;668;1786;173522;129126;52.3;38.9
89;2021-07-08;791;1871;174313;130997;52.5;39.4
89;2021-07-09;1135;2606;175448;133603;52.8;40.2
89;2021-07-10;719;815;176167;134418;53.0;40.5
89;2021-07-11;26;39;176193;134457;53.1;40.5
89;2021-07-12;1423;1897;177616;136354;53.5;41.1
89;2021-07-13;2134;2742;179750;139096;54.1;41.9
89;2021-07-14;312;324;180062;139420;54.2;42.0
89;2021-07-15;2235;3163;182297;142583;54.9;42.9
89;2021-07-16;2388;2859;184685;145442;55.6;43.8
89;2021-07-17;1233;1226;185918;146668;56.0;44.2
89;2021-07-18;276;97;186194;146765;56.1;44.2
89;2021-07-19;1564;2814;187758;149579;56.5;45.0
89;2021-07-20;1924;3280;189682;152859;57.1;46.0
89;2021-07-21;2076;2723;191758;155582;57.7;46.8
89;2021-07-22;2470;2989;194228;158571;58.5;47.7
89;2021-07-23;2476;3102;196704;161673;59.2;48.7
89;2021-07-24;1234;1248;197938;162921;59.6;49.1
89;2021-07-25;68;185;198006;163106;59.6;49.1
89;2021-07-26;1718;2319;199724;165425;60.1;49.8
89;2021-07-27;2330;1909;202054;167334;60.8;50.4
89;2021-07-28;2511;1335;204565;168669;61.6;50.8
89;2021-07-29;2508;1617;207073;170286;62.4;51.3
89;2021-07-30;2658;1615;209731;171901;63.2;51.8
89;2021-07-31;1118;1072;210849;172973;63.5;52.1
89;2021-08-01;69;33;210918;173006;63.5;52.1
89;2021-08-02;1776;1281;212694;174287;64.0;52.5
89;2021-08-03;2455;1251;215149;175538;64.8;52.9
89;2021-08-04;1519;1642;216668;177180;65.2;53.4
89;2021-08-05;1527;1686;218195;178866;65.7;53.9
89;2021-08-06;2157;1645;220352;180511;66.4;54.4
89;2021-08-07;921;1091;221273;181602;66.6;54.7
89;2021-08-08;55;47;221328;181649;66.6;54.7
89;2021-08-09;1087;1172;222415;182821;67.0;55.1
89;2021-08-10;1772;1810;224187;184631;67.5;55.6
89;2021-08-11;1511;1577;225698;186208;68.0;56.1
89;2021-08-12;1349;1384;227047;187592;68.4;56.5
89;2021-08-13;1238;1945;228285;189537;68.7;57.1
89;2021-08-14;514;1014;228799;190551;68.9;57.4
89;2021-08-15;19;43;228818;190594;68.9;57.4
89;2021-08-16;979;1955;229797;192549;69.2;58.0
89;2021-08-17;803;1558;230600;194107;69.4;58.4
90;2020-12-27;0;0;0;0;0.0;0.0
90;2020-12-28;0;0;0;0;0.0;0.0
90;2020-12-29;0;0;0;0;0.0;0.0
90;2020-12-30;1;0;1;0;0.0;0.0
90;2020-12-31;0;0;1;0;0.0;0.0
90;2021-01-01;0;0;1;0;0.0;0.0
90;2021-01-02;1;0;2;0;0.0;0.0
90;2021-01-03;0;0;2;0;0.0;0.0
90;2021-01-04;2;0;4;0;0.0;0.0
90;2021-01-05;0;0;4;0;0.0;0.0
90;2021-01-06;0;0;4;0;0.0;0.0
90;2021-01-07;1;0;5;0;0.0;0.0
90;2021-01-08;170;0;175;0;0.1;0.0
90;2021-01-09;46;0;221;0;0.2;0.0
90;2021-01-10;0;0;221;0;0.2;0.0
90;2021-01-11;200;0;421;0;0.3;0.0
90;2021-01-12;430;0;851;0;0.6;0.0
90;2021-01-13;468;3;1319;3;0.9;0.0
90;2021-01-14;414;1;1733;4;1.2;0.0
90;2021-01-15;405;10;2138;14;1.5;0.0
90;2021-01-16;111;2;2249;16;1.6;0.0
90;2021-01-17;1;0;2250;16;1.6;0.0
90;2021-01-18;364;2;2614;18;1.9;0.0
90;2021-01-19;462;5;3076;23;2.2;0.0
90;2021-01-20;392;2;3468;25;2.5;0.0
90;2021-01-21;351;1;3819;26;2.7;0.0
90;2021-01-22;346;2;4165;28;3.0;0.0
90;2021-01-23;98;0;4263;28;3.0;0.0
90;2021-01-24;0;0;4263;28;3.0;0.0
90;2021-01-25;322;3;4585;31;3.3;0.0
90;2021-01-26;224;0;4809;31;3.4;0.0
90;2021-01-27;255;0;5064;31;3.6;0.0
90;2021-01-28;328;33;5392;64;3.8;0.0
90;2021-01-29;291;163;5683;227;4.1;0.2
90;2021-01-30;176;45;5859;272;4.2;0.2
90;2021-01-31;118;0;5977;272;4.3;0.2
90;2021-02-01;275;112;6252;384;4.5;0.3
90;2021-02-02;290;163;6542;547;4.7;0.4
90;2021-02-03;256;368;6798;915;4.9;0.7
90;2021-02-04;257;304;7055;1219;5.0;0.9
90;2021-02-05;266;271;7321;1490;5.2;1.1
90;2021-02-06;89;68;7410;1558;5.3;1.1
90;2021-02-07;0;0;7410;1558;5.3;1.1
90;2021-02-08;170;218;7580;1776;5.4;1.3
90;2021-02-09;139;166;7719;1942;5.5;1.4
90;2021-02-10;182;31;7901;1973;5.6;1.4
90;2021-02-11;228;109;8129;2082;5.8;1.5
90;2021-02-12;126;239;8255;2321;5.9;1.7
90;2021-02-13;95;45;8350;2366;6.0;1.7
90;2021-02-14;0;0;8350;2366;6.0;1.7
90;2021-02-15;113;280;8463;2646;6.0;1.9
90;2021-02-16;92;276;8555;2922;6.1;2.1
90;2021-02-17;178;205;8733;3127;6.2;2.2
90;2021-02-18;128;242;8861;3369;6.3;2.4
90;2021-02-19;64;272;8925;3641;6.4;2.6
90;2021-02-20;40;72;8965;3713;6.4;2.6
90;2021-02-21;0;0;8965;3713;6.4;2.6
90;2021-02-22;76;333;9041;4046;6.5;2.9
90;2021-02-23;40;259;9081;4305;6.5;3.1
90;2021-02-24;109;289;9190;4594;6.6;3.3
90;2021-02-25;89;313;9279;4907;6.6;3.5
90;2021-02-26;89;394;9368;5301;6.7;3.8
90;2021-02-27;140;178;9508;5479;6.8;3.9
90;2021-02-28;8;113;9516;5592;6.8;4.0
90;2021-03-01;212;233;9728;5825;6.9;4.2
90;2021-03-02;178;285;9906;6110;7.1;4.4
90;2021-03-03;239;355;10145;6465;7.2;4.6
90;2021-03-04;259;277;10404;6742;7.4;4.8
90;2021-03-05;359;270;10763;7012;7.7;5.0
90;2021-03-06;291;104;11054;7116;7.9;5.1
90;2021-03-07;18;1;11072;7117;7.9;5.1
90;2021-03-08;246;248;11318;7365;8.1;5.3
90;2021-03-09;430;164;11748;7529;8.4;5.4
90;2021-03-10;348;197;12096;7726;8.6;5.5
90;2021-03-11;348;119;12444;7845;8.9;5.6
90;2021-03-12;519;129;12963;7974;9.2;5.7
90;2021-03-13;539;47;13502;8021;9.6;5.7
90;2021-03-14;21;0;13523;8021;9.6;5.7
90;2021-03-15;387;117;13910;8138;9.9;5.8
90;2021-03-16;401;99;14311;8237;10.2;5.9
90;2021-03-17;323;76;14634;8313;10.4;5.9
90;2021-03-18;348;78;14982;8391;10.7;6.0
90;2021-03-19;468;79;15450;8470;11.0;6.0
90;2021-03-20;426;48;15876;8518;11.3;6.1
90;2021-03-21;7;2;15883;8520;11.3;6.1
90;2021-03-22;399;30;16282;8550;11.6;6.1
90;2021-03-23;738;73;17020;8623;12.1;6.2
90;2021-03-24;816;45;17836;8668;12.7;6.2
90;2021-03-25;946;74;18782;8742;13.4;6.2
90;2021-03-26;1227;59;20009;8801;14.3;6.3
90;2021-03-27;438;33;20447;8834;14.6;6.3
90;2021-03-28;34;0;20481;8834;14.6;6.3
90;2021-03-29;712;142;21193;8976;15.1;6.4
90;2021-03-30;674;154;21867;9130;15.6;6.5
90;2021-03-31;728;80;22595;9210;16.1;6.6
90;2021-04-01;602;118;23197;9328;16.6;6.7
90;2021-04-02;657;98;23854;9426;17.0;6.7
90;2021-04-03;370;40;24224;9466;17.3;6.8
90;2021-04-04;1;0;24225;9466;17.3;6.8
90;2021-04-05;0;0;24225;9466;17.3;6.8
90;2021-04-06;528;251;24753;9717;17.7;6.9
90;2021-04-07;485;263;25238;9980;18.0;7.1
90;2021-04-08;510;244;25748;10224;18.4;7.3
90;2021-04-09;752;266;26500;10490;18.9;7.5
90;2021-04-10;224;8;26724;10498;19.1;7.5
90;2021-04-11;7;0;26731;10498;19.1;7.5
90;2021-04-12;556;480;27287;10978;19.5;7.8
90;2021-04-13;631;530;27918;11508;19.9;8.2
90;2021-04-14;527;352;28445;11860;20.3;8.5
90;2021-04-15;905;289;29350;12149;20.9;8.7
90;2021-04-16;370;404;29720;12553;21.2;9.0
90;2021-04-17;190;128;29910;12681;21.3;9.0
90;2021-04-18;21;0;29931;12681;21.4;9.0
90;2021-04-19;435;570;30366;13251;21.7;9.5
90;2021-04-20;494;619;30860;13870;22.0;9.9
90;2021-04-21;353;497;31213;14367;22.3;10.3
90;2021-04-22;569;601;31782;14968;22.7;10.7
90;2021-04-23;505;744;32287;15712;23.0;11.2
90;2021-04-24;305;202;32592;15914;23.3;11.4
90;2021-04-25;1;0;32593;15914;23.3;11.4
90;2021-04-26;507;751;33100;16665;23.6;11.9
90;2021-04-27;641;681;33741;17346;24.1;12.4
90;2021-04-28;765;445;34506;17791;24.6;12.7
90;2021-04-29;1003;450;35509;18241;25.3;13.0
90;2021-04-30;1120;458;36629;18699;26.1;13.3
90;2021-05-01;60;42;36689;18741;26.2;13.4
90;2021-05-02;4;0;36693;18741;26.2;13.4
90;2021-05-03;903;286;37596;19027;26.8;13.6
90;2021-05-04;784;638;38380;19665;27.4;14.0
90;2021-05-05;892;505;39272;20170;28.0;14.4
90;2021-05-06;852;627;40124;20797;28.6;14.8
90;2021-05-07;440;510;40564;21307;28.9;15.2
90;2021-05-08;26;27;40590;21334;29.0;15.2
90;2021-05-09;5;33;40595;21367;29.0;15.2
90;2021-05-10;507;585;41102;21952;29.3;15.7
90;2021-05-11;778;636;41880;22588;29.9;16.1
90;2021-05-12;530;598;42410;23186;30.3;16.5
90;2021-05-13;1113;264;43523;23450;31.1;16.7
90;2021-05-14;865;403;44388;23853;31.7;17.0
90;2021-05-15;14;125;44402;23978;31.7;17.1
90;2021-05-16;2;7;44404;23985;31.7;17.1
90;2021-05-17;793;289;45197;24274;32.3;17.3
90;2021-05-18;1023;471;46220;24745;33.0;17.7
90;2021-05-19;1265;384;47485;25129;33.9;17.9
90;2021-05-20;1200;270;48685;25399;34.7;18.1
90;2021-05-21;1265;431;49950;25830;35.6;18.4
90;2021-05-22;9;131;49959;25961;35.6;18.5
90;2021-05-23;4;0;49963;25961;35.7;18.5
90;2021-05-24;368;266;50331;26227;35.9;18.7
90;2021-05-25;637;792;50968;27019;36.4;19.3
90;2021-05-26;630;568;51598;27587;36.8;19.7
90;2021-05-27;963;383;52561;27970;37.5;20.0
90;2021-05-28;668;827;53229;28797;38.0;20.5
90;2021-05-29;93;296;53322;29093;38.0;20.8
90;2021-05-30;4;1;53326;29094;38.1;20.8
90;2021-05-31;809;715;54135;29809;38.6;21.3
90;2021-06-01;968;740;55103;30549;39.3;21.8
90;2021-06-02;760;676;55863;31225;39.9;22.3
90;2021-06-03;758;743;56621;31968;40.4;22.8
90;2021-06-04;833;974;57454;32942;41.0;23.5
90;2021-06-05;54;427;57508;33369;41.0;23.8
90;2021-06-06;1;16;57509;33385;41.0;23.8
90;2021-06-07;1265;1081;58774;34466;41.9;24.6
90;2021-06-08;1481;936;60255;35402;43.0;25.3
90;2021-06-09;965;659;61220;36061;43.7;25.7
90;2021-06-10;625;496;61845;36557;44.1;26.1
90;2021-06-11;787;1126;62632;37683;44.7;26.9
90;2021-06-12;806;298;63438;37981;45.3;27.1
90;2021-06-13;10;12;63448;37993;45.3;27.1
90;2021-06-14;264;974;63712;38967;45.5;27.8
90;2021-06-15;567;880;64279;39847;45.9;28.4
90;2021-06-16;510;548;64789;40395;46.2;28.8
90;2021-06-17;444;638;65233;41033;46.5;29.3
90;2021-06-18;622;996;65855;42029;47.0;30.0
90;2021-06-19;450;169;66305;42198;47.3;30.1
90;2021-06-20;0;28;66305;42226;47.3;30.1
90;2021-06-21;256;1178;66561;43404;47.5;31.0
90;2021-06-22;384;950;66945;44354;47.8;31.6
90;2021-06-23;414;634;67359;44988;48.1;32.1
90;2021-06-24;319;602;67678;45590;48.3;32.5
90;2021-06-25;426;1273;68104;46863;48.6;33.4
90;2021-06-26;420;561;68524;47424;48.9;33.8
90;2021-06-27;2;6;68526;47430;48.9;33.8
90;2021-06-28;378;1298;68904;48728;49.2;34.8
90;2021-06-29;306;1307;69210;50035;49.4;35.7
90;2021-06-30;486;1230;69696;51265;49.7;36.6
90;2021-07-01;346;919;70042;52184;50.0;37.2
90;2021-07-02;506;1206;70548;53390;50.3;38.1
90;2021-07-03;52;129;70600;53519;50.4;38.2
90;2021-07-04;0;21;70600;53540;50.4;38.2
90;2021-07-05;399;1014;70999;54554;50.7;38.9
90;2021-07-06;513;971;71512;55525;51.0;39.6
90;2021-07-07;380;995;71892;56520;51.3;40.3
90;2021-07-08;304;608;72196;57128;51.5;40.8
90;2021-07-09;438;951;72634;58079;51.8;41.4
90;2021-07-10;32;91;72666;58170;51.9;41.5
90;2021-07-11;7;17;72673;58187;51.9;41.5
90;2021-07-12;242;1076;72915;59263;52.0;42.3
90;2021-07-13;474;1162;73389;60425;52.4;43.1
90;2021-07-14;2;8;73391;60433;52.4;43.1
90;2021-07-15;791;1451;74182;61884;52.9;44.2
90;2021-07-16;824;1683;75006;63567;53.5;45.4
90;2021-07-17;484;954;75490;64521;53.9;46.0
90;2021-07-18;4;2;75494;64523;53.9;46.0
90;2021-07-19;1182;1461;76676;65984;54.7;47.1
90;2021-07-20;1334;1137;78010;67121;55.7;47.9
90;2021-07-21;1395;981;79405;68102;56.7;48.6
90;2021-07-22;1123;696;80528;68798;57.5;49.1
90;2021-07-23;961;1024;81489;69822;58.1;49.8
90;2021-07-24;116;65;81605;69887;58.2;49.9
90;2021-07-25;2;1;81607;69888;58.2;49.9
90;2021-07-26;1068;805;82675;70693;59.0;50.4
90;2021-07-27;1074;741;83749;71434;59.8;51.0
90;2021-07-28;808;710;84557;72144;60.3;51.5
90;2021-07-29;832;437;85389;72581;60.9;51.8
90;2021-07-30;777;496;86166;73077;61.5;52.1
90;2021-07-31;479;313;86645;73390;61.8;52.4
90;2021-08-01;0;3;86645;73393;61.8;52.4
90;2021-08-02;834;512;87479;73905;62.4;52.7
90;2021-08-03;907;492;88386;74397;63.1;53.1
90;2021-08-04;1063;456;89449;74853;63.8;53.4
90;2021-08-05;519;221;89968;75074;64.2;53.6
90;2021-08-06;635;389;90603;75463;64.6;53.8
90;2021-08-07;35;63;90638;75526;64.7;53.9
90;2021-08-08;18;3;90656;75529;64.7;53.9
90;2021-08-09;721;944;91377;76473;65.2;54.6
90;2021-08-10;533;1151;91910;77624;65.6;55.4
90;2021-08-11;536;947;92446;78571;66.0;56.1
90;2021-08-12;444;816;92890;79387;66.3;56.6
90;2021-08-13;524;895;93414;80282;66.7;57.3
90;2021-08-14;30;99;93444;80381;66.7;57.4
90;2021-08-15;2;8;93446;80389;66.7;57.4
90;2021-08-16;445;633;93891;81022;67.0;57.8
90;2021-08-17;338;1163;94229;82185;67.2;58.6
91;2020-12-27;0;0;0;0;0.0;0.0
91;2020-12-28;0;0;0;0;0.0;0.0
91;2020-12-29;1;0;1;0;0.0;0.0
91;2020-12-30;1;0;2;0;0.0;0.0
91;2020-12-31;0;0;2;0;0.0;0.0
91;2021-01-01;5;0;7;0;0.0;0.0
91;2021-01-02;0;0;7;0;0.0;0.0
91;2021-01-03;0;0;7;0;0.0;0.0
91;2021-01-04;1;0;8;0;0.0;0.0
91;2021-01-05;71;0;79;0;0.0;0.0
91;2021-01-06;188;2;267;2;0.0;0.0
91;2021-01-07;523;6;790;8;0.1;0.0
91;2021-01-08;394;1;1184;9;0.1;0.0
91;2021-01-09;89;3;1273;12;0.1;0.0
91;2021-01-10;1;0;1274;12;0.1;0.0
91;2021-01-11;595;2;1869;14;0.1;0.0
91;2021-01-12;899;8;2768;22;0.2;0.0
91;2021-01-13;702;6;3470;28;0.3;0.0
91;2021-01-14;721;11;4191;39;0.3;0.0
91;2021-01-15;568;3;4759;42;0.4;0.0
91;2021-01-16;316;8;5075;50;0.4;0.0
91;2021-01-17;116;1;5191;51;0.4;0.0
91;2021-01-18;991;3;6182;54;0.5;0.0
91;2021-01-19;1867;14;8049;68;0.6;0.0
91;2021-01-20;2368;19;10417;87;0.8;0.0
91;2021-01-21;2095;14;12512;101;0.9;0.0
91;2021-01-22;1858;10;14370;111;1.1;0.0
91;2021-01-23;413;1;14783;112;1.1;0.0
91;2021-01-24;53;0;14836;112;1.1;0.0
91;2021-01-25;1048;4;15884;116;1.2;0.0
91;2021-01-26;1577;41;17461;157;1.3;0.0
91;2021-01-27;2415;95;19876;252;1.5;0.0
91;2021-01-28;1982;223;21858;475;1.7;0.0
91;2021-01-29;1749;68;23607;543;1.8;0.0
91;2021-01-30;422;7;24029;550;1.8;0.0
91;2021-01-31;54;0;24083;550;1.8;0.0
91;2021-02-01;964;218;25047;768;1.9;0.1
91;2021-02-02;858;364;25905;1132;2.0;0.1
91;2021-02-03;937;571;26842;1703;2.0;0.1
91;2021-02-04;885;282;27727;1985;2.1;0.2
91;2021-02-05;1034;359;28761;2344;2.2;0.2
91;2021-02-06;337;93;29098;2437;2.2;0.2
91;2021-02-07;13;0;29111;2437;2.2;0.2
91;2021-02-08;905;606;30016;3043;2.3;0.2
91;2021-02-09;962;861;30978;3904;2.3;0.3
91;2021-02-10;1065;989;32043;4893;2.4;0.4
91;2021-02-11;1120;1019;33163;5912;2.5;0.4
91;2021-02-12;1061;835;34224;6747;2.6;0.5
91;2021-02-13;330;360;34554;7107;2.6;0.5
91;2021-02-14;18;112;34572;7219;2.6;0.5
91;2021-02-15;368;1263;34940;8482;2.6;0.6
91;2021-02-16;553;1757;35493;10239;2.7;0.8
91;2021-02-17;810;2678;36303;12917;2.8;1.0
91;2021-02-18;941;2018;37244;14935;2.8;1.1
91;2021-02-19;863;1383;38107;16318;2.9;1.2
91;2021-02-20;166;360;38273;16678;2.9;1.3
91;2021-02-21;13;50;38286;16728;2.9;1.3
91;2021-02-22;334;1204;38620;17932;2.9;1.4
91;2021-02-23;397;1072;39017;19004;3.0;1.4
91;2021-02-24;473;1059;39490;20063;3.0;1.5
91;2021-02-25;732;1020;40222;21083;3.0;1.6
91;2021-02-26;1096;1059;41318;22142;3.1;1.7
91;2021-02-27;609;330;41927;22472;3.2;1.7
91;2021-02-28;65;66;41992;22538;3.2;1.7
91;2021-03-01;931;1069;42923;23607;3.3;1.8
91;2021-03-02;1259;1094;44182;24701;3.3;1.9
91;2021-03-03;1467;1279;45649;25980;3.5;2.0
91;2021-03-04;2426;1128;48075;27108;3.6;2.1
91;2021-03-05;3350;1168;51425;28276;3.9;2.1
91;2021-03-06;4905;459;56330;28735;4.3;2.2
91;2021-03-07;3207;114;59537;28849;4.5;2.2
91;2021-03-08;1473;1066;61010;29915;4.6;2.3
91;2021-03-09;2623;996;63633;30911;4.8;2.3
91;2021-03-10;2618;1041;66251;31952;5.0;2.4
91;2021-03-11;3785;1133;70036;33085;5.3;2.5
91;2021-03-12;4785;1047;74821;34132;5.7;2.6
91;2021-03-13;5258;336;80079;34468;6.1;2.6
91;2021-03-14;302;27;80381;34495;6.1;2.6
91;2021-03-15;2982;436;83363;34931;6.3;2.6
91;2021-03-16;2607;386;85970;35317;6.5;2.7
91;2021-03-17;2227;350;88197;35667;6.7;2.7
91;2021-03-18;2390;410;90587;36077;6.9;2.7
91;2021-03-19;4093;383;94680;36460;7.2;2.8
91;2021-03-20;3609;180;98289;36640;7.4;2.8
91;2021-03-21;138;30;98427;36670;7.5;2.8
91;2021-03-22;3148;609;101575;37279;7.7;2.8
91;2021-03-23;4137;700;105712;37979;8.0;2.9
91;2021-03-24;3935;500;109647;38479;8.3;2.9
91;2021-03-25;5058;526;114705;39005;8.7;3.0
91;2021-03-26;5551;550;120256;39555;9.1;3.0
91;2021-03-27;4987;338;125243;39893;9.5;3.0
91;2021-03-28;282;59;125525;39952;9.5;3.0
91;2021-03-29;3303;1039;128828;40991;9.8;3.1
91;2021-03-30;4426;1222;133254;42213;10.1;3.2
91;2021-03-31;3367;1339;136621;43552;10.4;3.3
91;2021-04-01;3738;1681;140359;45233;10.6;3.4
91;2021-04-02;3891;2311;144250;47544;10.9;3.6
91;2021-04-03;1869;2874;146119;50418;11.1;3.8
91;2021-04-04;648;1319;146767;51737;11.1;3.9
91;2021-04-05;562;131;147329;51868;11.2;3.9
91;2021-04-06;3403;1787;150732;53655;11.4;4.1
91;2021-04-07;3416;1933;154148;55588;11.7;4.2
91;2021-04-08;4659;2161;158807;57749;12.0;4.4
91;2021-04-09;5346;2150;164153;59899;12.4;4.5
91;2021-04-10;2729;2818;166882;62717;12.6;4.8
91;2021-04-11;192;141;167074;62858;12.7;4.8
91;2021-04-12;2854;2274;169928;65132;12.9;4.9
91;2021-04-13;3755;2646;173683;67778;13.2;5.1
91;2021-04-14;3708;2321;177391;70099;13.4;5.3
91;2021-04-15;4477;2511;181868;72610;13.8;5.5
91;2021-04-16;4548;2806;186416;75416;14.1;5.7
91;2021-04-17;2982;2078;189398;77494;14.4;5.9
91;2021-04-18;268;70;189666;77564;14.4;5.9
91;2021-04-19;2304;2731;191970;80295;14.5;6.1
91;2021-04-20;3178;2986;195148;83281;14.8;6.3
91;2021-04-21;2989;2897;198137;86178;15.0;6.5
91;2021-04-22;3164;3364;201301;89542;15.3;6.8
91;2021-04-23;3714;3356;205015;92898;15.5;7.0
91;2021-04-24;3481;3729;208496;96627;15.8;7.3
91;2021-04-25;2615;641;211111;97268;16.0;7.4
91;2021-04-26;3486;2799;214597;100067;16.3;7.6
91;2021-04-27;4487;2924;219084;102991;16.6;7.8
91;2021-04-28;4568;2703;223652;105694;17.0;8.0
91;2021-04-29;5743;3056;229395;108750;17.4;8.2
91;2021-04-30;5388;2851;234783;111601;17.8;8.5
91;2021-05-01;3514;520;238297;112121;18.1;8.5
91;2021-05-02;624;132;238921;112253;18.1;8.5
91;2021-05-03;5202;2289;244123;114542;18.5;8.7
91;2021-05-04;5592;3175;249715;117717;18.9;8.9
91;2021-05-05;4848;2868;254563;120585;19.3;9.1
91;2021-05-06;5247;3373;259810;123958;19.7;9.4
91;2021-05-07;6121;3744;265931;127702;20.2;9.7
91;2021-05-08;6518;964;272449;128666;20.6;9.8
91;2021-05-09;4803;562;277252;129228;21.0;9.8
91;2021-05-10;5901;3006;283153;132234;21.5;10.0
91;2021-05-11;6834;3838;289987;136072;22.0;10.3
91;2021-05-12;5896;3441;295883;139513;22.4;10.6
91;2021-05-13;4826;1078;300709;140591;22.8;10.7
91;2021-05-14;6548;2391;307257;142982;23.3;10.8
91;2021-05-15;7796;1924;315053;144906;23.9;11.0
91;2021-05-16;4582;370;319635;145276;24.2;11.0
91;2021-05-17;6953;1710;326588;146986;24.8;11.1
91;2021-05-18;8117;1742;334705;148728;25.4;11.3
91;2021-05-19;7098;1699;341803;150427;25.9;11.4
91;2021-05-20;8200;2145;350003;152572;26.5;11.6
91;2021-05-21;8143;2581;358146;155153;27.1;11.8
91;2021-05-22;7664;1546;365810;156699;27.7;11.9
91;2021-05-23;4799;527;370609;157226;28.1;11.9
91;2021-05-24;5017;601;375626;157827;28.5;12.0
91;2021-05-25;7626;2649;383252;160476;29.0;12.2
91;2021-05-26;6871;2942;390123;163418;29.6;12.4
91;2021-05-27;7969;3445;398092;166863;30.2;12.6
91;2021-05-28;7536;4321;405628;171184;30.7;13.0
91;2021-05-29;9300;3506;414928;174690;31.4;13.2
91;2021-05-30;5954;961;420882;175651;31.9;13.3
91;2021-05-31;6742;3702;427624;179353;32.4;13.6
91;2021-06-01;7787;4778;435411;184131;33.0;14.0
91;2021-06-02;7452;3957;442863;188088;33.6;14.3
91;2021-06-03;7857;4782;450720;192870;34.2;14.6
91;2021-06-04;7182;5721;457902;198591;34.7;15.1
91;2021-06-05;6387;5812;464289;204403;35.2;15.5
91;2021-06-06;4089;2511;468378;206914;35.5;15.7
91;2021-06-07;5879;5479;474257;212393;35.9;16.1
91;2021-06-08;7041;5795;481298;218188;36.5;16.5
91;2021-06-09;6469;5143;487767;223331;37.0;16.9
91;2021-06-10;7179;5775;494946;229106;37.5;17.4
91;2021-06-11;6544;7112;501490;236218;38.0;17.9
91;2021-06-12;6222;7363;507712;243581;38.5;18.5
91;2021-06-13;2851;2317;510563;245898;38.7;18.6
91;2021-06-14;4226;7199;514789;253097;39.0;19.2
91;2021-06-15;5575;7256;520364;260353;39.4;19.7
91;2021-06-16;5303;6445;525667;266798;39.8;20.2
91;2021-06-17;6244;7133;531911;273931;40.3;20.8
91;2021-06-18;4635;8739;536546;282670;40.7;21.4
91;2021-06-19;4191;7153;540737;289823;41.0;22.0
91;2021-06-20;1006;4213;541743;294036;41.1;22.3
91;2021-06-21;3230;7236;544973;301272;41.3;22.8
91;2021-06-22;4163;9227;549136;310499;41.6;23.5
91;2021-06-23;4315;7964;553451;318463;41.9;24.1
91;2021-06-24;4905;8478;558356;326941;42.3;24.8
91;2021-06-25;3470;9173;561826;336114;42.6;25.5
91;2021-06-26;2988;8036;564814;344150;42.8;26.1
91;2021-06-27;549;2998;565363;347148;42.8;26.3
91;2021-06-28;3128;8234;568491;355382;43.1;26.9
91;2021-06-29;3586;9641;572077;365023;43.4;27.7
91;2021-06-30;3952;8694;576029;373717;43.7;28.3
91;2021-07-01;4089;8869;580118;382586;44.0;29.0
91;2021-07-02;3755;9315;583873;391901;44.3;29.7
91;2021-07-03;2878;9787;586751;401688;44.5;30.4
91;2021-07-04;849;4721;587600;406409;44.5;30.8
91;2021-07-05;2656;7261;590256;413670;44.7;31.4
91;2021-07-06;3753;9425;594009;423095;45.0;32.1
91;2021-07-07;3800;8580;597809;431675;45.3;32.7
91;2021-07-08;4356;8985;602165;440660;45.6;33.4
91;2021-07-09;3960;9957;606125;450617;45.9;34.2
91;2021-07-10;3401;10228;609526;460845;46.2;34.9
91;2021-07-11;984;4799;610510;465644;46.3;35.3
91;2021-07-12;2800;8891;613310;474535;46.5;36.0
91;2021-07-13;4456;10384;617766;484919;46.8;36.8
91;2021-07-14;2299;3582;620065;488501;47.0;37.0
91;2021-07-15;4533;9823;624598;498324;47.3;37.8
91;2021-07-16;6269;9754;630867;508078;47.8;38.5
91;2021-07-17;5705;9058;636572;517136;48.2;39.2
91;2021-07-18;3393;3669;639965;520805;48.5;39.5
91;2021-07-19;3769;7530;643734;528335;48.8;40.0
91;2021-07-20;6054;9291;649788;537626;49.2;40.7
91;2021-07-21;6221;7722;656009;545348;49.7;41.3
91;2021-07-22;6454;8385;662463;553733;50.2;42.0
91;2021-07-23;6903;8267;669366;562000;50.7;42.6
91;2021-07-24;4953;6471;674319;568471;51.1;43.1
91;2021-07-25;3245;1383;677564;569854;51.4;43.2
91;2021-07-26;4914;6586;682478;576440;51.7;43.7
91;2021-07-27;7521;7059;689999;583499;52.3;44.2
91;2021-07-28;7244;5892;697243;589391;52.8;44.7
91;2021-07-29;7334;5887;704577;595278;53.4;45.1
91;2021-07-30;6871;5755;711448;601033;53.9;45.6
91;2021-07-31;4822;4769;716270;605802;54.3;45.9
91;2021-08-01;2596;1322;718866;607124;54.5;46.0
91;2021-08-02;4644;4214;723510;611338;54.8;46.3
91;2021-08-03;5743;4671;729253;616009;55.3;46.7
91;2021-08-04;5657;4111;734910;620120;55.7;47.0
91;2021-08-05;5540;4253;740450;624373;56.1;47.3
91;2021-08-06;5634;5607;746084;629980;56.5;47.7
91;2021-08-07;3030;2406;749114;632386;56.8;47.9
91;2021-08-08;593;1094;749707;633480;56.8;48.0
91;2021-08-09;3751;3958;753458;637438;57.1;48.3
91;2021-08-10;4496;4528;757954;641966;57.4;48.7
91;2021-08-11;4073;4470;762027;646436;57.8;49.0
91;2021-08-12;3931;4736;765958;651172;58.1;49.4
91;2021-08-13;4220;4801;770178;655973;58.4;49.7
91;2021-08-14;2181;2377;772359;658350;58.5;49.9
91;2021-08-15;92;170;772451;658520;58.5;49.9
91;2021-08-16;2844;4626;775295;663146;58.8;50.3
91;2021-08-17;3579;5786;778874;668932;59.0;50.7
92;2020-12-27;18;0;18;0;0.0;0.0
92;2020-12-28;12;0;30;0;0.0;0.0
92;2020-12-29;54;0;84;0;0.0;0.0
92;2020-12-30;34;0;118;0;0.0;0.0
92;2020-12-31;4;0;122;0;0.0;0.0
92;2021-01-01;21;0;143;0;0.0;0.0
92;2021-01-02;4;0;147;0;0.0;0.0
92;2021-01-03;8;0;155;0;0.0;0.0
92;2021-01-04;61;1;216;1;0.0;0.0
92;2021-01-05;225;1;441;2;0.0;0.0
92;2021-01-06;413;3;854;5;0.1;0.0
92;2021-01-07;663;5;1517;10;0.1;0.0
92;2021-01-08;837;4;2354;14;0.1;0.0
92;2021-01-09;122;1;2476;15;0.2;0.0
92;2021-01-10;45;0;2521;15;0.2;0.0
92;2021-01-11;846;5;3367;20;0.2;0.0
92;2021-01-12;1294;10;4661;30;0.3;0.0
92;2021-01-13;1236;15;5897;45;0.4;0.0
92;2021-01-14;1204;17;7101;62;0.4;0.0
92;2021-01-15;972;7;8073;69;0.5;0.0
92;2021-01-16;178;1;8251;70;0.5;0.0
92;2021-01-17;21;0;8272;70;0.5;0.0
92;2021-01-18;1538;23;9810;93;0.6;0.0
92;2021-01-19;1549;20;11359;113;0.7;0.0
92;2021-01-20;1806;14;13165;127;0.8;0.0
92;2021-01-21;3417;23;16582;150;1.0;0.0
92;2021-01-22;2609;42;19191;192;1.2;0.0
92;2021-01-23;137;0;19328;192;1.2;0.0
92;2021-01-24;23;0;19351;192;1.2;0.0
92;2021-01-25;840;13;20191;205;1.3;0.0
92;2021-01-26;1212;12;21403;217;1.3;0.0
92;2021-01-27;2212;96;23615;313;1.5;0.0
92;2021-01-28;4154;189;27769;502;1.7;0.0
92;2021-01-29;2709;266;30478;768;1.9;0.0
92;2021-01-30;322;13;30800;781;1.9;0.0
92;2021-01-31;19;2;30819;783;1.9;0.0
92;2021-02-01;860;322;31679;1105;2.0;0.1
92;2021-02-02;1047;355;32726;1460;2.0;0.1
92;2021-02-03;996;449;33722;1909;2.1;0.1
92;2021-02-04;1037;549;34759;2458;2.2;0.2
92;2021-02-05;1329;501;36088;2959;2.2;0.2
92;2021-02-06;110;17;36198;2976;2.2;0.2
92;2021-02-07;11;14;36209;2990;2.2;0.2
92;2021-02-08;568;734;36777;3724;2.3;0.2
92;2021-02-09;1061;1300;37838;5024;2.3;0.3
92;2021-02-10;1063;1305;38901;6329;2.4;0.4
92;2021-02-11;1492;1927;40393;8256;2.5;0.5
92;2021-02-12;1414;1485;41807;9741;2.6;0.6
92;2021-02-13;67;60;41874;9801;2.6;0.6
92;2021-02-14;17;0;41891;9801;2.6;0.6
92;2021-02-15;568;1660;42459;11461;2.6;0.7
92;2021-02-16;781;2058;43240;13519;2.7;0.8
92;2021-02-17;616;1758;43856;15277;2.7;0.9
92;2021-02-18;1568;3671;45424;18948;2.8;1.2
92;2021-02-19;1725;2661;47149;21609;2.9;1.3
92;2021-02-20;143;401;47292;22010;2.9;1.4
92;2021-02-21;34;53;47326;22063;2.9;1.4
92;2021-02-22;492;1219;47818;23282;3.0;1.4
92;2021-02-23;726;1365;48544;24647;3.0;1.5
92;2021-02-24;607;1301;49151;25948;3.0;1.6
92;2021-02-25;914;1809;50065;27757;3.1;1.7
92;2021-02-26;1453;1368;51518;29125;3.2;1.8
92;2021-02-27;498;191;52016;29316;3.2;1.8
92;2021-02-28;63;56;52079;29372;3.2;1.8
92;2021-03-01;1097;1048;53176;30420;3.3;1.9
92;2021-03-02;1966;1369;55142;31789;3.4;2.0
92;2021-03-03;2787;1099;57929;32888;3.6;2.0
92;2021-03-04;3587;1529;61516;34417;3.8;2.1
92;2021-03-05;4973;1725;66489;36142;4.1;2.2
92;2021-03-06;5717;327;72206;36469;4.5;2.3
92;2021-03-07;2896;237;75102;36706;4.7;2.3
92;2021-03-08;2413;822;77515;37528;4.8;2.3
92;2021-03-09;3433;1030;80948;38558;5.0;2.4
92;2021-03-10;3935;944;84883;39502;5.3;2.4
92;2021-03-11;5008;1388;89891;40890;5.6;2.5
92;2021-03-12;6764;1560;96655;42450;6.0;2.6
92;2021-03-13;5154;231;101809;42681;6.3;2.6
92;2021-03-14;1737;74;103546;42755;6.4;2.6
92;2021-03-15;3792;594;107338;43349;6.7;2.7
92;2021-03-16;3690;597;111028;43946;6.9;2.7
92;2021-03-17;3871;418;114899;44364;7.1;2.7
92;2021-03-18;4123;753;119022;45117;7.4;2.8
92;2021-03-19;5917;728;124939;45845;7.7;2.8
92;2021-03-20;2535;74;127474;45919;7.9;2.8
92;2021-03-21;148;29;127622;45948;7.9;2.8
92;2021-03-22;4114;480;131736;46428;8.2;2.9
92;2021-03-23;6093;874;137829;47302;8.5;2.9
92;2021-03-24;6370;653;144199;47955;8.9;3.0
92;2021-03-25;8434;643;152633;48598;9.5;3.0
92;2021-03-26;8352;904;160985;49502;10.0;3.1
92;2021-03-27;2828;272;163813;49774;10.2;3.1
92;2021-03-28;539;39;164352;49813;10.2;3.1
92;2021-03-29;4657;1054;169009;50867;10.5;3.2
92;2021-03-30;6381;1554;175390;52421;10.9;3.2
92;2021-03-31;5538;2257;180928;54678;11.2;3.4
92;2021-04-01;6262;3681;187190;58359;11.6;3.6
92;2021-04-02;5627;3417;192817;61776;11.9;3.8
92;2021-04-03;871;1416;193688;63192;12.0;3.9
92;2021-04-04;484;1062;194172;64254;12.0;4.0
92;2021-04-05;811;158;194983;64412;12.1;4.0
92;2021-04-06;3647;1955;198630;66367;12.3;4.1
92;2021-04-07;4988;2890;203618;69257;12.6;4.3
92;2021-04-08;5975;3176;209593;72433;13.0;4.5
92;2021-04-09;8028;3050;217621;75483;13.5;4.7
92;2021-04-10;2628;1294;220249;76777;13.6;4.8
92;2021-04-11;154;807;220403;77584;13.7;4.8
92;2021-04-12;3681;2520;224084;80104;13.9;5.0
92;2021-04-13;4378;4431;228462;84535;14.2;5.2
92;2021-04-14;4864;4041;233326;88576;14.5;5.5
92;2021-04-15;5296;3959;238622;92535;14.8;5.7
92;2021-04-16;5070;3862;243692;96397;15.1;6.0
92;2021-04-17;1798;1192;245490;97589;15.2;6.0
92;2021-04-18;346;94;245836;97683;15.2;6.1
92;2021-04-19;2807;2841;248643;100524;15.4;6.2
92;2021-04-20;4191;3757;252834;104281;15.7;6.5
92;2021-04-21;4608;4519;257442;108800;16.0;6.7
92;2021-04-22;4658;5127;262100;113927;16.2;7.1
92;2021-04-23;5232;4695;267332;118622;16.6;7.4
92;2021-04-24;4935;1910;272267;120532;16.9;7.5
92;2021-04-25;1789;150;274056;120682;17.0;7.5
92;2021-04-26;3995;3625;278051;124307;17.2;7.7
92;2021-04-27;6042;5263;284093;129570;17.6;8.0
92;2021-04-28;7377;4502;291470;134072;18.1;8.3
92;2021-04-29;7985;4790;299455;138862;18.6;8.6
92;2021-04-30;8840;4847;308295;143709;19.1;8.9
92;2021-05-01;1201;408;309496;144117;19.2;8.9
92;2021-05-02;662;140;310158;144257;19.2;8.9
92;2021-05-03;6775;3896;316933;148153;19.6;9.2
92;2021-05-04;10415;4372;327348;152525;20.3;9.5
92;2021-05-05;10072;5263;337420;157788;20.9;9.8
92;2021-05-06;11425;4913;348845;162701;21.6;10.1
92;2021-05-07;9857;5296;358702;167997;22.2;10.4
92;2021-05-08;7210;1928;365912;169925;22.7;10.5
92;2021-05-09;3788;600;369700;170525;22.9;10.6
92;2021-05-10;9530;4002;379230;174527;23.5;10.8
92;2021-05-11;13978;5696;393208;180223;24.4;11.2
92;2021-05-12;14267;4586;407475;184809;25.3;11.5
92;2021-05-13;9164;913;416639;185722;25.8;11.5
92;2021-05-14;12027;2316;428666;188038;26.6;11.7
92;2021-05-15;8390;1229;437056;189267;27.1;11.7
92;2021-05-16;4137;451;441193;189718;27.3;11.8
92;2021-05-17;10645;2220;451838;191938;28.0;11.9
92;2021-05-18;16405;3132;468243;195070;29.0;12.1
92;2021-05-19;16033;3721;484276;198791;30.0;12.3
92;2021-05-20;16825;3982;501101;202773;31.1;12.6
92;2021-05-21;14077;3636;515178;206409;31.9;12.8
92;2021-05-22;8316;1518;523494;207927;32.4;12.9
92;2021-05-23;4084;455;527578;208382;32.7;12.9
92;2021-05-24;6122;855;533700;209237;33.1;13.0
92;2021-05-25;13108;4561;546808;213798;33.9;13.2
92;2021-05-26;11925;5042;558733;218840;34.6;13.6
92;2021-05-27;12733;6328;571466;225168;35.4;14.0
92;2021-05-28;11227;6284;582693;231452;36.1;14.3
92;2021-05-29;5449;2303;588142;233755;36.4;14.5
92;2021-05-30;2248;387;590390;234142;36.6;14.5
92;2021-05-31;12053;5307;602443;239449;37.3;14.8
92;2021-06-01;12600;7645;615043;247094;38.1;15.3
92;2021-06-02;14372;7213;629415;254307;39.0;15.8
92;2021-06-03;14583;8033;643998;262340;39.9;16.3
92;2021-06-04;12221;8227;656219;270567;40.7;16.8
92;2021-06-05;7385;6247;663604;276814;41.1;17.2
92;2021-06-06;3593;1675;667197;278489;41.3;17.3
92;2021-06-07;11442;7636;678639;286125;42.1;17.7
92;2021-06-08;12758;9608;691397;295733;42.8;18.3
92;2021-06-09;11647;9476;703044;305209;43.6;18.9
92;2021-06-10;11954;10566;714998;315775;44.3;19.6
92;2021-06-11;8144;11037;723142;326812;44.8;20.3
92;2021-06-12;6360;5100;729502;331912;45.2;20.6
92;2021-06-13;3964;2720;733466;334632;45.5;20.7
92;2021-06-14;5211;11167;738677;345799;45.8;21.4
92;2021-06-15;6498;13131;745175;358930;46.2;22.2
92;2021-06-16;6949;12991;752124;371921;46.6;23.0
92;2021-06-17;7420;14014;759544;385935;47.1;23.9
92;2021-06-18;6897;14394;766441;400329;47.5;24.8
92;2021-06-19;3960;9112;770401;409441;47.7;25.4
92;2021-06-20;1964;5610;772365;415051;47.9;25.7
92;2021-06-21;4827;12273;777192;427324;48.2;26.5
92;2021-06-22;5875;17551;783067;444875;48.5;27.6
92;2021-06-23;5479;15997;788546;460872;48.9;28.6
92;2021-06-24;6199;15124;794745;475996;49.2;29.5
92;2021-06-25;5110;16098;799855;492094;49.6;30.5
92;2021-06-26;4064;10455;803919;502549;49.8;31.1
92;2021-06-27;1859;6049;805778;508598;49.9;31.5
92;2021-06-28;3672;12053;809450;520651;50.2;32.3
92;2021-06-29;4674;18162;814124;538813;50.4;33.4
92;2021-06-30;4416;16213;818540;555026;50.7;34.4
92;2021-07-01;5530;16306;824070;571332;51.1;35.4
92;2021-07-02;4815;15280;828885;586612;51.4;36.4
92;2021-07-03;3300;10184;832185;596796;51.6;37.0
92;2021-07-04;1122;4208;833307;601004;51.6;37.2
92;2021-07-05;4778;12332;838085;613336;51.9;38.0
92;2021-07-06;5221;15795;843306;629131;52.3;39.0
92;2021-07-07;4244;11454;847550;640585;52.5;39.7
92;2021-07-08;5403;14635;852953;655220;52.9;40.6
92;2021-07-09;5874;14205;858827;669425;53.2;41.5
92;2021-07-10;4355;8447;863182;677872;53.5;42.0
92;2021-07-11;1475;2619;864657;680491;53.6;42.2
92;2021-07-12;4375;14631;869032;695122;53.9;43.1
92;2021-07-13;7844;17446;876876;712568;54.3;44.2
92;2021-07-14;5083;5741;881959;718309;54.7;44.5
92;2021-07-15;9548;16245;891507;734554;55.2;45.5
92;2021-07-16;9043;14168;900550;748722;55.8;46.4
92;2021-07-17;6556;7599;907106;756321;56.2;46.9
92;2021-07-18;1832;2482;908938;758803;56.3;47.0
92;2021-07-19;6446;13199;915384;772002;56.7;47.8
92;2021-07-20;10048;14090;925432;786092;57.3;48.7
92;2021-07-21;10403;12090;935835;798182;58.0;49.5
92;2021-07-22;11943;12955;947778;811137;58.7;50.3
92;2021-07-23;11544;11336;959322;822473;59.4;51.0
92;2021-07-24;6617;6237;965939;828710;59.9;51.4
92;2021-07-25;2760;2310;968699;831020;60.0;51.5
92;2021-07-26;9438;9162;978137;840182;60.6;52.1
92;2021-07-27;11420;9576;989557;849758;61.3;52.7
92;2021-07-28;11277;8119;1000834;857877;62.0;53.2
92;2021-07-29;10355;8590;1011189;866467;62.7;53.7
92;2021-07-30;8966;8302;1020155;874769;63.2;54.2
92;2021-07-31;5665;4798;1025820;879567;63.6;54.5
92;2021-08-01;2178;1288;1027998;880855;63.7;54.6
92;2021-08-02;4604;4913;1032602;885768;64.0;54.9
92;2021-08-03;5049;6124;1037651;891892;64.3;55.3
92;2021-08-04;4621;4835;1042272;896727;64.6;55.6
92;2021-08-05;4404;5665;1046676;902392;64.9;55.9
92;2021-08-06;4437;5942;1051113;908334;65.1;56.3
92;2021-08-07;2787;4224;1053900;912558;65.3;56.5
92;2021-08-08;951;1075;1054851;913633;65.4;56.6
92;2021-08-09;3147;4230;1057998;917863;65.6;56.9
92;2021-08-10;3744;5593;1061742;923456;65.8;57.2
92;2021-08-11;3158;4409;1064900;927865;66.0;57.5
92;2021-08-12;3328;5570;1068228;933435;66.2;57.8
92;2021-08-13;2922;5110;1071150;938545;66.4;58.2
92;2021-08-14;1881;3930;1073031;942475;66.5;58.4
92;2021-08-15;567;836;1073598;943311;66.5;58.5
92;2021-08-16;2327;5287;1075925;948598;66.7;58.8
92;2021-08-17;2569;6944;1078494;955542;66.8;59.2
93;2020-12-27;10;3;10;3;0.0;0.0
93;2020-12-28;4;0;14;3;0.0;0.0
93;2020-12-29;0;0;14;3;0.0;0.0
93;2020-12-30;44;1;58;4;0.0;0.0
93;2020-12-31;9;0;67;4;0.0;0.0
93;2021-01-01;5;0;72;4;0.0;0.0
93;2021-01-02;0;0;72;4;0.0;0.0
93;2021-01-03;3;0;75;4;0.0;0.0
93;2021-01-04;0;0;75;4;0.0;0.0
93;2021-01-05;62;1;137;5;0.0;0.0
93;2021-01-06;179;0;316;5;0.0;0.0
93;2021-01-07;380;3;696;8;0.0;0.0
93;2021-01-08;631;1;1327;9;0.1;0.0
93;2021-01-09;21;0;1348;9;0.1;0.0
93;2021-01-10;2;0;1350;9;0.1;0.0
93;2021-01-11;502;4;1852;13;0.1;0.0
93;2021-01-12;753;7;2605;20;0.2;0.0
93;2021-01-13;750;5;3355;25;0.2;0.0
93;2021-01-14;684;18;4039;43;0.2;0.0
93;2021-01-15;514;4;4553;47;0.3;0.0
93;2021-01-16;139;3;4692;50;0.3;0.0
93;2021-01-17;6;1;4698;51;0.3;0.0
93;2021-01-18;1197;10;5895;61;0.4;0.0
93;2021-01-19;1612;16;7507;77;0.4;0.0
93;2021-01-20;1556;11;9063;88;0.5;0.0
93;2021-01-21;1916;33;10979;121;0.7;0.0
93;2021-01-22;1386;15;12365;136;0.7;0.0
93;2021-01-23;711;8;13076;144;0.8;0.0
93;2021-01-24;0;0;13076;144;0.8;0.0
93;2021-01-25;1207;16;14283;160;0.9;0.0
93;2021-01-26;1290;38;15573;198;0.9;0.0
93;2021-01-27;2155;70;17728;268;1.1;0.0
93;2021-01-28;2262;207;19990;475;1.2;0.0
93;2021-01-29;1619;228;21609;703;1.3;0.0
93;2021-01-30;927;47;22536;750;1.3;0.0
93;2021-01-31;7;7;22543;757;1.3;0.0
93;2021-02-01;1179;171;23722;928;1.4;0.1
93;2021-02-02;1166;311;24888;1239;1.5;0.1
93;2021-02-03;1230;398;26118;1637;1.6;0.1
93;2021-02-04;923;566;27041;2203;1.6;0.1
93;2021-02-05;797;432;27838;2635;1.7;0.2
93;2021-02-06;693;70;28531;2705;1.7;0.2
93;2021-02-07;3;0;28534;2705;1.7;0.2
93;2021-02-08;910;649;29444;3354;1.8;0.2
93;2021-02-09;851;599;30295;3953;1.8;0.2
93;2021-02-10;880;678;31175;4631;1.9;0.3
93;2021-02-11;1242;834;32417;5465;1.9;0.3
93;2021-02-12;1041;640;33458;6105;2.0;0.4
93;2021-02-13;394;264;33852;6369;2.0;0.4
93;2021-02-14;13;59;33865;6428;2.0;0.4
93;2021-02-15;411;1278;34276;7706;2.1;0.5
93;2021-02-16;547;1236;34823;8942;2.1;0.5
93;2021-02-17;544;1770;35367;10712;2.1;0.6
93;2021-02-18;1133;1875;36500;12587;2.2;0.8
93;2021-02-19;993;1545;37493;14132;2.2;0.8
93;2021-02-20;304;665;37797;14797;2.3;0.9
93;2021-02-21;9;23;37806;14820;2.3;0.9
93;2021-02-22;602;1298;38408;16118;2.3;1.0
93;2021-02-23;563;1127;38971;17245;2.3;1.0
93;2021-02-24;642;1224;39613;18469;2.4;1.1
93;2021-02-25;900;1078;40513;19547;2.4;1.2
93;2021-02-26;1120;984;41633;20531;2.5;1.2
93;2021-02-27;543;622;42176;21153;2.5;1.3
93;2021-02-28;87;57;42263;21210;2.5;1.3
93;2021-03-01;1080;1073;43343;22283;2.6;1.3
93;2021-03-02;1443;1150;44786;23433;2.7;1.4
93;2021-03-03;1739;1192;46525;24625;2.8;1.5
93;2021-03-04;2715;1128;49240;25753;2.9;1.5
93;2021-03-05;3819;897;53059;26650;3.2;1.6
93;2021-03-06;5049;565;58108;27215;3.5;1.6
93;2021-03-07;4301;215;62409;27430;3.7;1.6
93;2021-03-08;2036;1260;64445;28690;3.9;1.7
93;2021-03-09;2915;968;67360;29658;4.0;1.8
93;2021-03-10;2857;1111;70217;30769;4.2;1.8
93;2021-03-11;3565;1247;73782;32016;4.4;1.9
93;2021-03-12;4126;1296;77908;33312;4.7;2.0
93;2021-03-13;4287;634;82195;33946;4.9;2.0
93;2021-03-14;882;70;83077;34016;5.0;2.0
93;2021-03-15;3548;690;86625;34706;5.2;2.1
93;2021-03-16;3161;619;89786;35325;5.4;2.1
93;2021-03-17;2654;600;92440;35925;5.5;2.2
93;2021-03-18;3312;726;95752;36651;5.7;2.2
93;2021-03-19;3765;645;99517;37296;6.0;2.2
93;2021-03-20;3462;296;102979;37592;6.2;2.3
93;2021-03-21;813;271;103792;37863;6.2;2.3
93;2021-03-22;3846;617;107638;38480;6.4;2.3
93;2021-03-23;4759;808;112397;39288;6.7;2.4
93;2021-03-24;4113;682;116510;39970;7.0;2.4
93;2021-03-25;5575;853;122085;40823;7.3;2.4
93;2021-03-26;5547;884;127632;41707;7.6;2.5
93;2021-03-27;4280;306;131912;42013;7.9;2.5
93;2021-03-28;611;40;132523;42053;7.9;2.5
93;2021-03-29;3856;959;136379;43012;8.2;2.6
93;2021-03-30;4725;1265;141104;44277;8.4;2.7
93;2021-03-31;3910;1245;145014;45522;8.7;2.7
93;2021-04-01;4054;3147;149068;48669;8.9;2.9
93;2021-04-02;3218;3561;152286;52230;9.1;3.1
93;2021-04-03;2520;2262;154806;54492;9.3;3.3
93;2021-04-04;762;157;155568;54649;9.3;3.3
93;2021-04-05;707;90;156275;54739;9.4;3.3
93;2021-04-06;4560;2343;160835;57082;9.6;3.4
93;2021-04-07;4904;2095;165739;59177;9.9;3.5
93;2021-04-08;5809;2685;171548;61862;10.3;3.7
93;2021-04-09;6092;3180;177640;65042;10.6;3.9
93;2021-04-10;4197;2489;181837;67531;10.9;4.0
93;2021-04-11;575;433;182412;67964;10.9;4.1
93;2021-04-12;4098;2925;186510;70889;11.2;4.2
93;2021-04-13;4601;3658;191111;74547;11.4;4.5
93;2021-04-14;4360;2475;195471;77022;11.7;4.6
93;2021-04-15;4557;3035;200028;80057;12.0;4.8
93;2021-04-16;4437;2990;204465;83047;12.2;5.0
93;2021-04-17;3516;2507;207981;85554;12.5;5.1
93;2021-04-18;290;434;208271;85988;12.5;5.1
93;2021-04-19;3775;2859;212046;88847;12.7;5.3
93;2021-04-20;4304;3275;216350;92122;13.0;5.5
93;2021-04-21;4140;2773;220490;94895;13.2;5.7
93;2021-04-22;4511;4014;225001;98909;13.5;5.9
93;2021-04-23;5626;3241;230627;102150;13.8;6.1
93;2021-04-24;5926;3325;236553;105475;14.2;6.3
93;2021-04-25;1733;592;238286;106067;14.3;6.4
93;2021-04-26;4859;3082;243145;109149;14.6;6.5
93;2021-04-27;6457;3627;249602;112776;14.9;6.8
93;2021-04-28;6077;3427;255679;116203;15.3;7.0
93;2021-04-29;7301;3245;262980;119448;15.7;7.2
93;2021-04-30;8260;3110;271240;122558;16.2;7.3
93;2021-05-01;4945;1185;276185;123743;16.5;7.4
93;2021-05-02;417;647;276602;124390;16.6;7.4
93;2021-05-03;8164;5117;284766;129507;17.1;7.8
93;2021-05-04;7824;5408;292590;134915;17.5;8.1
93;2021-05-05;7577;4807;300167;139722;18.0;8.4
93;2021-05-06;8248;4776;308415;144498;18.5;8.7
93;2021-05-07;7010;5423;315425;149921;18.9;9.0
93;2021-05-08;8357;2387;323782;152308;19.4;9.1
93;2021-05-09;6121;1365;329903;153673;19.8;9.2
93;2021-05-10;8252;4073;338155;157746;20.2;9.4
93;2021-05-11;9303;4808;347458;162554;20.8;9.7
93;2021-05-12;9186;3657;356644;166211;21.4;10.0
93;2021-05-13;8292;1654;364936;167865;21.9;10.1
93;2021-05-14;10423;3537;375359;171402;22.5;10.3
93;2021-05-15;11129;3002;386488;174404;23.1;10.4
93;2021-05-16;5557;728;392045;175132;23.5;10.5
93;2021-05-17;11896;2261;403941;177393;24.2;10.6
93;2021-05-18;14098;2396;418039;179789;25.0;10.8
93;2021-05-19;11435;2948;429474;182737;25.7;10.9
93;2021-05-20;12618;3480;442092;186217;26.5;11.1
93;2021-05-21;13012;2887;455104;189104;27.2;11.3
93;2021-05-22;12386;2205;467490;191309;28.0;11.5
93;2021-05-23;8481;1108;475971;192417;28.5;11.5
93;2021-05-24;11201;1945;487172;194362;29.2;11.6
93;2021-05-25;12287;4315;499459;198677;29.9;11.9
93;2021-05-26;11069;3751;510528;202428;30.6;12.1
93;2021-05-27;12706;3885;523234;206313;31.3;12.4
93;2021-05-28;12655;5260;535889;211573;32.1;12.7
93;2021-05-29;11392;4263;547281;215836;32.8;12.9
93;2021-05-30;8216;1377;555497;217213;33.3;13.0
93;2021-05-31;9181;5179;564678;222392;33.8;13.3
93;2021-06-01;11385;6281;576063;228673;34.5;13.7
93;2021-06-02;10708;5194;586771;233867;35.1;14.0
93;2021-06-03;10808;5514;597579;239381;35.8;14.3
93;2021-06-04;10601;7803;608180;247184;36.4;14.8
93;2021-06-05;9015;7352;617195;254536;37.0;15.2
93;2021-06-06;8399;1745;625594;256281;37.5;15.3
93;2021-06-07;10066;7526;635660;263807;38.1;15.8
93;2021-06-08;10377;7376;646037;271183;38.7;16.2
93;2021-06-09;10232;7291;656269;278474;39.3;16.7
93;2021-06-10;9000;8185;665269;286659;39.8;17.2
93;2021-06-11;8828;8818;674097;295477;40.4;17.7
93;2021-06-12;9866;6651;683963;302128;41.0;18.1
93;2021-06-13;7165;2125;691128;304253;41.4;18.2
93;2021-06-14;5398;9729;696526;313982;41.7;18.8
93;2021-06-15;6219;9657;702745;323639;42.1;19.4
93;2021-06-16;6645;9060;709390;332699;42.5;19.9
93;2021-06-17;5736;8469;715126;341168;42.8;20.4
93;2021-06-18;7216;11133;722342;352301;43.3;21.1
93;2021-06-19;7077;11099;729419;363400;43.7;21.8
93;2021-06-20;4950;6874;734369;370274;44.0;22.2
93;2021-06-21;4069;10727;738438;381001;44.2;22.8
93;2021-06-22;4667;11306;743105;392307;44.5;23.5
93;2021-06-23;4539;10595;747644;402902;44.8;24.1
93;2021-06-24;4196;10298;751840;413200;45.0;24.7
93;2021-06-25;5179;13051;757019;426251;45.3;25.5
93;2021-06-26;5300;13915;762319;440166;45.6;26.4
93;2021-06-27;3287;7104;765606;447270;45.8;26.8
93;2021-06-28;3692;12513;769298;459783;46.1;27.5
93;2021-06-29;4011;12346;773309;472129;46.3;28.3
93;2021-06-30;4130;11296;777439;483425;46.5;28.9
93;2021-07-01;5830;11158;783269;494583;46.9;29.6
93;2021-07-02;5447;12368;788716;506951;47.2;30.4
93;2021-07-03;5335;13443;794051;520394;47.5;31.2
93;2021-07-04;3079;7885;797130;528279;47.7;31.6
93;2021-07-05;4500;10846;801630;539125;48.0;32.3
93;2021-07-06;4737;11752;806367;550877;48.3;33.0
93;2021-07-07;5000;11412;811367;562289;48.6;33.7
93;2021-07-08;4989;10260;816356;572549;48.9;34.3
93;2021-07-09;5858;13021;822214;585570;49.2;35.1
93;2021-07-10;5869;14279;828083;599849;49.6;35.9
93;2021-07-11;3685;9084;831768;608933;49.8;36.5
93;2021-07-12;5523;12065;837291;620998;50.1;37.2
93;2021-07-13;11038;13275;848329;634273;50.8;38.0
93;2021-07-14;10603;6781;858932;641054;51.4;38.4
93;2021-07-15;12394;14106;871326;655160;52.2;39.2
93;2021-07-16;13060;13664;884386;668824;53.0;40.0
93;2021-07-17;11332;13904;895718;682728;53.6;40.9
93;2021-07-18;7392;8945;903110;691673;54.1;41.4
93;2021-07-19;9553;10911;912663;702584;54.6;42.1
93;2021-07-20;12527;10659;925190;713243;55.4;42.7
93;2021-07-21;14154;10920;939344;724163;56.2;43.4
93;2021-07-22;14051;9432;953395;733595;57.1;43.9
93;2021-07-23;14451;10611;967846;744206;57.9;44.6
93;2021-07-24;13840;10612;981686;754818;58.8;45.2
93;2021-07-25;8959;6325;990645;761143;59.3;45.6
93;2021-07-26;12463;7749;1003108;768892;60.1;46.0
93;2021-07-27;14856;7369;1017964;776261;61.0;46.5
93;2021-07-28;14630;8189;1032594;784450;61.8;47.0
93;2021-07-29;13182;7000;1045776;791450;62.6;47.4
93;2021-07-30;13560;7790;1059336;799240;63.4;47.9
93;2021-07-31;11961;7655;1071297;806895;64.1;48.3
93;2021-08-01;7128;4558;1078425;811453;64.6;48.6
93;2021-08-02;7509;5667;1085934;817120;65.0;48.9
93;2021-08-03;6979;6833;1092913;823953;65.4;49.3
93;2021-08-04;7311;7952;1100224;831905;65.9;49.8
93;2021-08-05;5641;6820;1105865;838725;66.2;50.2
93;2021-08-06;6647;8300;1112512;847025;66.6;50.7
93;2021-08-07;7085;9016;1119597;856041;67.0;51.3
93;2021-08-08;4270;5524;1123867;861565;67.3;51.6
93;2021-08-09;6419;8022;1130286;869587;67.7;52.1
93;2021-08-10;6925;8796;1137211;878383;68.1;52.6
93;2021-08-11;7176;9632;1144387;888015;68.5;53.2
93;2021-08-12;6049;8980;1150436;896995;68.9;53.7
93;2021-08-13;6107;8962;1156543;905957;69.2;54.2
93;2021-08-14;5613;10414;1162156;916371;69.6;54.9
93;2021-08-15;2603;3600;1164759;919971;69.7;55.1
93;2021-08-16;5287;11157;1170046;931128;70.1;55.8
93;2021-08-17;5646;10808;1175692;941936;70.4;56.4
94;2020-12-27;6;0;6;0;0.0;0.0
94;2020-12-28;10;0;16;0;0.0;0.0
94;2020-12-29;0;0;16;0;0.0;0.0
94;2020-12-30;1;0;17;0;0.0;0.0
94;2020-12-31;4;0;21;0;0.0;0.0
94;2021-01-01;4;0;25;0;0.0;0.0
94;2021-01-02;0;0;25;0;0.0;0.0
94;2021-01-03;2;0;27;0;0.0;0.0
94;2021-01-04;35;2;62;2;0.0;0.0
94;2021-01-05;231;2;293;4;0.0;0.0
94;2021-01-06;332;4;625;8;0.0;0.0
94;2021-01-07;690;11;1315;19;0.1;0.0
94;2021-01-08;922;10;2237;29;0.2;0.0
94;2021-01-09;47;0;2284;29;0.2;0.0
94;2021-01-10;18;0;2302;29;0.2;0.0
94;2021-01-11;1013;9;3315;38;0.2;0.0
94;2021-01-12;1345;26;4660;64;0.3;0.0
94;2021-01-13;1407;24;6067;88;0.4;0.0
94;2021-01-14;1540;26;7607;114;0.5;0.0
94;2021-01-15;1219;22;8826;136;0.6;0.0
94;2021-01-16;197;2;9023;138;0.6;0.0
94;2021-01-17;95;1;9118;139;0.6;0.0
94;2021-01-18;1490;28;10608;167;0.8;0.0
94;2021-01-19;1950;27;12558;194;0.9;0.0
94;2021-01-20;2181;20;14739;214;1.0;0.0
94;2021-01-21;3001;16;17740;230;1.3;0.0
94;2021-01-22;2175;19;19915;249;1.4;0.0
94;2021-01-23;731;3;20646;252;1.5;0.0
94;2021-01-24;284;0;20930;252;1.5;0.0
94;2021-01-25;1466;21;22396;273;1.6;0.0
94;2021-01-26;1562;20;23958;293;1.7;0.0
94;2021-01-27;1807;27;25765;320;1.8;0.0
94;2021-01-28;1535;134;27300;454;1.9;0.0
94;2021-01-29;1378;149;28678;603;2.0;0.0
94;2021-01-30;580;4;29258;607;2.1;0.0
94;2021-01-31;120;8;29378;615;2.1;0.0
94;2021-02-01;927;154;30305;769;2.2;0.1
94;2021-02-02;852;254;31157;1023;2.2;0.1
94;2021-02-03;759;370;31916;1393;2.3;0.1
94;2021-02-04;901;434;32817;1827;2.3;0.1
94;2021-02-05;872;574;33689;2401;2.4;0.2
94;2021-02-06;405;76;34094;2477;2.4;0.2
94;2021-02-07;120;0;34214;2477;2.4;0.2
94;2021-02-08;633;550;34847;3027;2.5;0.2
94;2021-02-09;1036;988;35883;4015;2.6;0.3
94;2021-02-10;1101;1371;36984;5386;2.6;0.4
94;2021-02-11;1428;1561;38412;6947;2.7;0.5
94;2021-02-12;1388;1662;39800;8609;2.8;0.6
94;2021-02-13;300;263;40100;8872;2.9;0.6
94;2021-02-14;29;72;40129;8944;2.9;0.6
94;2021-02-15;752;1777;40881;10721;2.9;0.8
94;2021-02-16;702;2757;41583;13478;3.0;1.0
94;2021-02-17;714;1587;42297;15065;3.0;1.1
94;2021-02-18;787;1713;43084;16778;3.1;1.2
94;2021-02-19;967;1467;44051;18245;3.1;1.3
94;2021-02-20;133;924;44184;19169;3.1;1.4
94;2021-02-21;20;185;44204;19354;3.1;1.4
94;2021-02-22;521;1354;44725;20708;3.2;1.5
94;2021-02-23;627;1282;45352;21990;3.2;1.6
94;2021-02-24;693;925;46045;22915;3.3;1.6
94;2021-02-25;1069;1572;47114;24487;3.4;1.7
94;2021-02-26;1321;1076;48435;25563;3.4;1.8
94;2021-02-27;515;555;48950;26118;3.5;1.9
94;2021-02-28;91;84;49041;26202;3.5;1.9
94;2021-03-01;882;946;49923;27148;3.6;1.9
94;2021-03-02;1566;998;51489;28146;3.7;2.0
94;2021-03-03;1946;1026;53435;29172;3.8;2.1
94;2021-03-04;2858;1194;56293;30366;4.0;2.2
94;2021-03-05;3832;1359;60125;31725;4.3;2.3
94;2021-03-06;4814;585;64939;32310;4.6;2.3
94;2021-03-07;3687;571;68626;32881;4.9;2.3
94;2021-03-08;1915;810;70541;33691;5.0;2.4
94;2021-03-09;2554;935;73095;34626;5.2;2.5
94;2021-03-10;3198;1050;76293;35676;5.4;2.5
94;2021-03-11;3837;946;80130;36622;5.7;2.6
94;2021-03-12;4578;831;84708;37453;6.0;2.7
94;2021-03-13;4129;396;88837;37849;6.3;2.7
94;2021-03-14;2114;158;90951;38007;6.5;2.7
94;2021-03-15;3170;791;94121;38798;6.7;2.8
94;2021-03-16;2774;450;96895;39248;6.9;2.8
94;2021-03-17;2859;464;99754;39712;7.1;2.8
94;2021-03-18;3264;445;103018;40157;7.3;2.9
94;2021-03-19;4271;712;107289;40869;7.6;2.9
94;2021-03-20;3692;295;110981;41164;7.9;2.9
94;2021-03-21;1462;392;112443;41556;8.0;3.0
94;2021-03-22;3217;679;115660;42235;8.2;3.0
94;2021-03-23;4511;740;120171;42975;8.5;3.1
94;2021-03-24;4625;632;124796;43607;8.9;3.1
94;2021-03-25;6320;674;131116;44281;9.3;3.1
94;2021-03-26;6087;843;137203;45124;9.8;3.2
94;2021-03-27;4472;278;141675;45402;10.1;3.2
94;2021-03-28;1887;108;143562;45510;10.2;3.2
94;2021-03-29;4125;1235;147687;46745;10.5;3.3
94;2021-03-30;5300;1358;152987;48103;10.9;3.4
94;2021-03-31;4902;1815;157889;49918;11.2;3.6
94;2021-04-01;5822;2318;163711;52236;11.6;3.7
94;2021-04-02;5246;2338;168957;54574;12.0;3.9
94;2021-04-03;3088;2527;172045;57101;12.2;4.1
94;2021-04-04;1052;780;173097;57881;12.3;4.1
94;2021-04-05;835;162;173932;58043;12.4;4.1
94;2021-04-06;3573;2615;177505;60658;12.6;4.3
94;2021-04-07;3865;2274;181370;62932;12.9;4.5
94;2021-04-08;4624;2060;185994;64992;13.2;4.6
94;2021-04-09;5361;2480;191355;67472;13.6;4.8
94;2021-04-10;2960;3010;194315;70482;13.8;5.0
94;2021-04-11;1267;1770;195582;72252;13.9;5.1
94;2021-04-12;3439;2290;199021;74542;14.2;5.3
94;2021-04-13;4314;3427;203335;77969;14.5;5.5
94;2021-04-14;3901;2700;207236;80669;14.7;5.7
94;2021-04-15;4441;2992;211677;83661;15.1;6.0
94;2021-04-16;4705;2844;216382;86505;15.4;6.2
94;2021-04-17;2461;2768;218843;89273;15.6;6.3
94;2021-04-18;918;1248;219761;90521;15.6;6.4
94;2021-04-19;2976;2447;222737;92968;15.8;6.6
94;2021-04-20;3270;2712;226007;95680;16.1;6.8
94;2021-04-21;3217;3164;229224;98844;16.3;7.0
94;2021-04-22;3910;3648;233134;102492;16.6;7.3
94;2021-04-23;4115;3996;237249;106488;16.9;7.6
94;2021-04-24;4264;3408;241513;109896;17.2;7.8
94;2021-04-25;2409;1502;243922;111398;17.3;7.9
94;2021-04-26;4009;3280;247931;114678;17.6;8.2
94;2021-04-27;5093;3377;253024;118055;18.0;8.4
94;2021-04-28;4830;3632;257854;121687;18.3;8.7
94;2021-04-29;6416;3817;264270;125504;18.8;8.9
94;2021-04-30;6486;3943;270756;129447;19.3;9.2
94;2021-05-01;4057;1065;274813;130512;19.5;9.3
94;2021-05-02;3053;1473;277866;131985;19.8;9.4
94;2021-05-03;5736;5347;283602;137332;20.2;9.8
94;2021-05-04;6100;3572;289702;140904;20.6;10.0
94;2021-05-05;6181;3426;295883;144330;21.0;10.3
94;2021-05-06;7152;3537;303035;147867;21.6;10.5
94;2021-05-07;6671;4121;309706;151988;22.0;10.8
94;2021-05-08;4898;2552;314604;154540;22.4;11.0
94;2021-05-09;4226;2248;318830;156788;22.7;11.2
94;2021-05-10;7716;3134;326546;159922;23.2;11.4
94;2021-05-11;8974;3933;335520;163855;23.9;11.7
94;2021-05-12;9574;3603;345094;167458;24.5;11.9
94;2021-05-13;8676;1372;353770;168830;25.2;12.0
94;2021-05-14;9872;3325;363642;172155;25.9;12.2
94;2021-05-15;8943;2167;372585;174322;26.5;12.4
94;2021-05-16;5070;909;377655;175231;26.9;12.5
94;2021-05-17;10838;2255;388493;177486;27.6;12.6
94;2021-05-18;11297;2454;399790;179940;28.4;12.8
94;2021-05-19;11670;3599;411460;183539;29.3;13.1
94;2021-05-20;12152;4363;423612;187902;30.1;13.4
94;2021-05-21;11872;3162;435484;191064;31.0;13.6
94;2021-05-22;10290;1968;445774;193032;31.7;13.7
94;2021-05-23;5003;712;450777;193744;32.1;13.8
94;2021-05-24;9661;1347;460438;195091;32.7;13.9
94;2021-05-25;10003;4266;470441;199357;33.5;14.2
94;2021-05-26;10279;3313;480720;202670;34.2;14.4
94;2021-05-27;10865;4588;491585;207258;35.0;14.7
94;2021-05-28;10447;4957;502032;212215;35.7;15.1
94;2021-05-29;9875;3455;511907;215670;36.4;15.3
94;2021-05-30;4786;928;516693;216598;36.7;15.4
94;2021-05-31;9984;4238;526677;220836;37.5;15.7
94;2021-06-01;10316;5105;536993;225941;38.2;16.1
94;2021-06-02;9356;4597;546349;230538;38.9;16.4
94;2021-06-03;9563;5602;555912;236140;39.5;16.8
94;2021-06-04;10413;6534;566325;242674;40.3;17.3
94;2021-06-05;9200;6259;575525;248933;40.9;17.7
94;2021-06-06;3984;1851;579509;250784;41.2;17.8
94;2021-06-07;8666;5976;588175;256760;41.8;18.3
94;2021-06-08;9009;7535;597184;264295;42.5;18.8
94;2021-06-09;8935;8164;606119;272459;43.1;19.4
94;2021-06-10;8801;10983;614920;283442;43.7;20.2
94;2021-06-11;7835;8388;622755;291830;44.3;20.8
94;2021-06-12;10260;6843;633015;298673;45.0;21.2
94;2021-06-13;3470;3259;636485;301932;45.3;21.5
94;2021-06-14;6945;8214;643430;310146;45.8;22.1
94;2021-06-15;7730;8816;651160;318962;46.3;22.7
94;2021-06-16;7238;8271;658398;327233;46.8;23.3
94;2021-06-17;6701;9073;665099;336306;47.3;23.9
94;2021-06-18;6487;11957;671586;348263;47.8;24.8
94;2021-06-19;6009;9586;677595;357849;48.2;25.5
94;2021-06-20;1889;4013;679484;361862;48.3;25.7
94;2021-06-21;4517;11185;684001;373047;48.6;26.5
94;2021-06-22;4838;10812;688839;383859;49.0;27.3
94;2021-06-23;4172;11158;693011;395017;49.3;28.1
94;2021-06-24;4963;10336;697974;405353;49.6;28.8
94;2021-06-25;4281;13737;702255;419090;49.9;29.8
94;2021-06-26;3136;11992;705391;431082;50.2;30.7
94;2021-06-27;1059;4997;706450;436079;50.2;31.0
94;2021-06-28;3489;12078;709939;448157;50.5;31.9
94;2021-06-29;4045;12181;713984;460338;50.8;32.7
94;2021-06-30;4259;11633;718243;471971;51.1;33.6
94;2021-07-01;4691;11102;722934;483073;51.4;34.4
94;2021-07-02;5198;12193;728132;495266;51.8;35.2
94;2021-07-03;3691;11802;731823;507068;52.0;36.1
94;2021-07-04;1513;5081;733336;512149;52.2;36.4
94;2021-07-05;4125;11430;737461;523579;52.4;37.2
94;2021-07-06;4242;10888;741703;534467;52.8;38.0
94;2021-07-07;4928;11073;746631;545540;53.1;38.8
94;2021-07-08;4974;10026;751605;555566;53.5;39.5
94;2021-07-09;5488;11864;757093;567430;53.8;40.4
94;2021-07-10;3935;11357;761028;578787;54.1;41.2
94;2021-07-11;1524;4714;762552;583501;54.2;41.5
94;2021-07-12;4163;11967;766715;595468;54.5;42.4
94;2021-07-13;6345;12025;773060;607493;55.0;43.2
94;2021-07-14;4126;5290;777186;612783;55.3;43.6
94;2021-07-15;7087;12360;784273;625143;55.8;44.5
94;2021-07-16;7260;11289;791533;636432;56.3;45.3
94;2021-07-17;5872;11307;797405;647739;56.7;46.1
94;2021-07-18;2600;4019;800005;651758;56.9;46.4
94;2021-07-19;6361;10426;806366;662184;57.4;47.1
94;2021-07-20;8156;10368;814522;672552;57.9;47.8
94;2021-07-21;8537;9554;823059;682106;58.5;48.5
94;2021-07-22;9438;9386;832497;691492;59.2;49.2
94;2021-07-23;8684;9380;841181;700872;59.8;49.8
94;2021-07-24;7127;8868;848308;709740;60.3;50.5
94;2021-07-25;2185;2737;850493;712477;60.5;50.7
94;2021-07-26;7693;8064;858186;720541;61.0;51.2
94;2021-07-27;8649;7106;866835;727647;61.7;51.8
94;2021-07-28;8763;6534;875598;734181;62.3;52.2
94;2021-07-29;8862;6324;884460;740505;62.9;52.7
94;2021-07-30;7690;6531;892150;747036;63.5;53.1
94;2021-07-31;7108;6284;899258;753320;64.0;53.6
94;2021-08-01;3147;1774;902405;755094;64.2;53.7
94;2021-08-02;6048;5424;908453;760518;64.6;54.1
94;2021-08-03;6082;5152;914535;765670;65.0;54.5
94;2021-08-04;5962;5091;920497;770761;65.5;54.8
94;2021-08-05;5644;5418;926141;776179;65.9;55.2
94;2021-08-06;5399;5777;931540;781956;66.3;55.6
94;2021-08-07;4194;4456;935734;786412;66.6;55.9
94;2021-08-08;1354;1699;937088;788111;66.6;56.1
94;2021-08-09;4753;6770;941841;794881;67.0;56.5
94;2021-08-10;5203;6484;947044;801365;67.4;57.0
94;2021-08-11;4133;5901;951177;807266;67.6;57.4
94;2021-08-12;4208;6437;955385;813703;67.9;57.9
94;2021-08-13;3550;5732;958935;819435;68.2;58.3
94;2021-08-14;2852;5718;961787;825153;68.4;58.7
94;2021-08-15;442;726;962229;825879;68.4;58.7
94;2021-08-16;3365;8224;965594;834103;68.7;59.3
94;2021-08-17;3252;8080;968846;842183;68.9;59.9
95;2020-12-27;3;0;3;0;0.0;0.0
95;2020-12-28;4;0;7;0;0.0;0.0
95;2020-12-29;0;0;7;0;0.0;0.0
95;2020-12-30;0;0;7;0;0.0;0.0
95;2020-12-31;2;0;9;0;0.0;0.0
95;2021-01-01;0;0;9;0;0.0;0.0
95;2021-01-02;13;0;22;0;0.0;0.0
95;2021-01-03;1;0;23;0;0.0;0.0
95;2021-01-04;48;0;71;0;0.0;0.0
95;2021-01-05;311;0;382;0;0.0;0.0
95;2021-01-06;192;0;574;0;0.0;0.0
95;2021-01-07;130;0;704;0;0.1;0.0
95;2021-01-08;277;1;981;1;0.1;0.0
95;2021-01-09;251;0;1232;1;0.1;0.0
95;2021-01-10;383;1;1615;2;0.1;0.0
95;2021-01-11;489;1;2104;3;0.2;0.0
95;2021-01-12;862;1;2966;4;0.2;0.0
95;2021-01-13;781;13;3747;17;0.3;0.0
95;2021-01-14;887;13;4634;30;0.4;0.0
95;2021-01-15;758;5;5392;35;0.4;0.0
95;2021-01-16;298;3;5690;38;0.5;0.0
95;2021-01-17;221;1;5911;39;0.5;0.0
95;2021-01-18;1336;5;7247;44;0.6;0.0
95;2021-01-19;1573;6;8820;50;0.7;0.0
95;2021-01-20;2038;5;10858;55;0.9;0.0
95;2021-01-21;1853;3;12711;58;1.0;0.0
95;2021-01-22;1325;5;14036;63;1.1;0.0
95;2021-01-23;647;0;14683;63;1.2;0.0
95;2021-01-24;181;0;14864;63;1.2;0.0
95;2021-01-25;796;37;15660;100;1.3;0.0
95;2021-01-26;987;160;16647;260;1.3;0.0
95;2021-01-27;1250;192;17897;452;1.4;0.0
95;2021-01-28;1720;36;19617;488;1.6;0.0
95;2021-01-29;1247;211;20864;699;1.7;0.1
95;2021-01-30;477;5;21341;704;1.7;0.1
95;2021-01-31;212;2;21553;706;1.7;0.1
95;2021-02-01;565;275;22118;981;1.8;0.1
95;2021-02-02;527;268;22645;1249;1.8;0.1
95;2021-02-03;612;519;23257;1768;1.9;0.1
95;2021-02-04;1065;370;24322;2138;1.9;0.2
95;2021-02-05;732;307;25054;2445;2.0;0.2
95;2021-02-06;335;256;25389;2701;2.0;0.2
95;2021-02-07;140;416;25529;3117;2.0;0.2
95;2021-02-08;764;345;26293;3462;2.1;0.3
95;2021-02-09;1131;1093;27424;4555;2.2;0.4
95;2021-02-10;1255;1411;28679;5966;2.3;0.5
95;2021-02-11;1385;1148;30064;7114;2.4;0.6
95;2021-02-12;1031;993;31095;8107;2.5;0.6
95;2021-02-13;329;319;31424;8426;2.5;0.7
95;2021-02-14;39;192;31463;8618;2.5;0.7
95;2021-02-15;425;1071;31888;9689;2.6;0.8
95;2021-02-16;493;925;32381;10614;2.6;0.9
95;2021-02-17;654;1141;33035;11755;2.6;0.9
95;2021-02-18;721;1694;33756;13449;2.7;1.1
95;2021-02-19;783;1309;34539;14758;2.8;1.2
95;2021-02-20;305;493;34844;15251;2.8;1.2
95;2021-02-21;165;320;35009;15571;2.8;1.2
95;2021-02-22;327;1025;35336;16596;2.8;1.3
95;2021-02-23;368;733;35704;17329;2.9;1.4
95;2021-02-24;309;884;36013;18213;2.9;1.5
95;2021-02-25;721;1133;36734;19346;2.9;1.5
95;2021-02-26;988;889;37722;20235;3.0;1.6
95;2021-02-27;365;434;38087;20669;3.1;1.7
95;2021-02-28;61;236;38148;20905;3.1;1.7
95;2021-03-01;770;593;38918;21498;3.1;1.7
95;2021-03-02;1320;857;40238;22355;3.2;1.8
95;2021-03-03;1596;984;41834;23339;3.4;1.9
95;2021-03-04;3192;1204;45026;24543;3.6;2.0
95;2021-03-05;3652;1102;48678;25645;3.9;2.1
95;2021-03-06;4004;500;52682;26145;4.2;2.1
95;2021-03-07;4220;321;56902;26466;4.6;2.1
95;2021-03-08;1541;869;58443;27335;4.7;2.2
95;2021-03-09;2622;503;61065;27838;4.9;2.2
95;2021-03-10;2341;853;63406;28691;5.1;2.3
95;2021-03-11;3136;1147;66542;29838;5.3;2.4
95;2021-03-12;3517;802;70059;30640;5.6;2.5
95;2021-03-13;3518;418;73577;31058;5.9;2.5
95;2021-03-14;1984;299;75561;31357;6.1;2.5
95;2021-03-15;2372;322;77933;31679;6.2;2.5
95;2021-03-16;1574;417;79507;32096;6.4;2.6
95;2021-03-17;2103;419;81610;32515;6.5;2.6
95;2021-03-18;2798;367;84408;32882;6.8;2.6
95;2021-03-19;3473;360;87881;33242;7.0;2.7
95;2021-03-20;2591;206;90472;33448;7.2;2.7
95;2021-03-21;1199;245;91671;33693;7.3;2.7
95;2021-03-22;2936;368;94607;34061;7.6;2.7
95;2021-03-23;3433;457;98040;34518;7.9;2.8
95;2021-03-24;3940;514;101980;35032;8.2;2.8
95;2021-03-25;5856;652;107836;35684;8.6;2.9
95;2021-03-26;5429;678;113265;36362;9.1;2.9
95;2021-03-27;3749;216;117014;36578;9.4;2.9
95;2021-03-28;1533;116;118547;36694;9.5;2.9
95;2021-03-29;2893;576;121440;37270;9.7;3.0
95;2021-03-30;3885;1238;125325;38508;10.0;3.1
95;2021-03-31;3655;1668;128980;40176;10.3;3.2
95;2021-04-01;5479;2270;134459;42446;10.8;3.4
95;2021-04-02;3547;2761;138006;45207;11.1;3.6
95;2021-04-03;2092;2486;140098;47693;11.2;3.8
95;2021-04-04;1245;1201;141343;48894;11.3;3.9
95;2021-04-05;594;64;141937;48958;11.4;3.9
95;2021-04-06;1856;1538;143793;50496;11.5;4.0
95;2021-04-07;4949;2182;148742;52678;11.9;4.2
95;2021-04-08;4896;2459;153638;55137;12.3;4.4
95;2021-04-09;5432;2338;159070;57475;12.7;4.6
95;2021-04-10;3708;1435;162778;58910;13.0;4.7
95;2021-04-11;1566;1036;164344;59946;13.2;4.8
95;2021-04-12;3251;1620;167595;61566;13.4;4.9
95;2021-04-13;3141;1685;170736;63251;13.7;5.1
95;2021-04-14;2745;1992;173481;65243;13.9;5.2
95;2021-04-15;3899;3338;177380;68581;14.2;5.5
95;2021-04-16;4064;3029;181444;71610;14.5;5.7
95;2021-04-17;2374;1757;183818;73367;14.7;5.9
95;2021-04-18;1508;1021;185326;74388;14.8;6.0
95;2021-04-19;2566;2370;187892;76758;15.1;6.1
95;2021-04-20;2120;2454;190012;79212;15.2;6.3
95;2021-04-21;3930;2634;193942;81846;15.5;6.6
95;2021-04-22;3411;4630;197353;86476;15.8;6.9
95;2021-04-23;2768;3562;200121;90038;16.0;7.2
95;2021-04-24;3569;2587;203690;92625;16.3;7.4
95;2021-04-25;1961;1548;205651;94173;16.5;7.5
95;2021-04-26;2749;2707;208400;96880;16.7;7.8
95;2021-04-27;3850;2174;212250;99054;17.0;7.9
95;2021-04-28;3889;2670;216139;101724;17.3;8.1
95;2021-04-29;6139;4547;222278;106271;17.8;8.5
95;2021-04-30;6903;2934;229181;109205;18.4;8.7
95;2021-05-01;2368;917;231549;110122;18.5;8.8
95;2021-05-02;2447;1498;233996;111620;18.7;8.9
95;2021-05-03;5123;1926;239119;113546;19.2;9.1
95;2021-05-04;6354;2721;245473;116267;19.7;9.3
95;2021-05-05;5146;3808;250619;120075;20.1;9.6
95;2021-05-06;8203;4926;258822;125001;20.7;10.0
95;2021-05-07;5775;4750;264597;129751;21.2;10.4
95;2021-05-08;5741;1529;270338;131280;21.7;10.5
95;2021-05-09;2826;1579;273164;132859;21.9;10.6
95;2021-05-10;9962;3182;283126;136041;22.7;10.9
95;2021-05-11;8447;3459;291573;139500;23.4;11.2
95;2021-05-12;9460;3217;301033;142717;24.1;11.4
95;2021-05-13;7954;1205;308987;143922;24.8;11.5
95;2021-05-14;7014;1908;316001;145830;25.3;11.7
95;2021-05-15;4512;1068;320513;146898;25.7;11.8
95;2021-05-16;4820;828;325333;147726;26.1;11.8
95;2021-05-17;7740;1348;333073;149074;26.7;11.9
95;2021-05-18;9466;1862;342539;150936;27.4;12.1
95;2021-05-19;9245;2510;351784;153446;28.2;12.3
95;2021-05-20;12582;2445;364366;155891;29.2;12.5
95;2021-05-21;10178;2535;374544;158426;30.0;12.7
95;2021-05-22;9399;1559;383943;159985;30.8;12.8
95;2021-05-23;4142;949;388085;160934;31.1;12.9
95;2021-05-24;2398;537;390483;161471;31.3;12.9
95;2021-05-25;7209;2079;397692;163550;31.9;13.1
95;2021-05-26;8850;3126;406542;166676;32.6;13.4
95;2021-05-27;10362;4431;416904;171107;33.4;13.7
95;2021-05-28;7686;4423;424590;175530;34.0;14.1
95;2021-05-29;5264;2764;429854;178294;34.4;14.3
95;2021-05-30;3731;1697;433585;179991;34.7;14.4
95;2021-05-31;6429;3325;440014;183316;35.2;14.7
95;2021-06-01;8783;3807;448797;187123;36.0;15.0
95;2021-06-02;8794;4744;457591;191867;36.7;15.4
95;2021-06-03;8526;6557;466117;198424;37.3;15.9
95;2021-06-04;8882;4405;474999;202829;38.1;16.2
95;2021-06-05;8336;3741;483335;206570;38.7;16.5
95;2021-06-06;4832;1608;488167;208178;39.1;16.7
95;2021-06-07;6056;4541;494223;212719;39.6;17.0
95;2021-06-08;6553;5517;500776;218236;40.1;17.5
95;2021-06-09;6261;6469;507037;224705;40.6;18.0
95;2021-06-10;6431;6814;513468;231519;41.1;18.5
95;2021-06-11;7230;6440;520698;237959;41.7;19.1
95;2021-06-12;6009;4375;526707;242334;42.2;19.4
95;2021-06-13;2084;3285;528791;245619;42.4;19.7
95;2021-06-14;5363;5990;534154;251609;42.8;20.2
95;2021-06-15;5742;8073;539896;259682;43.2;20.8
95;2021-06-16;5487;7533;545383;267215;43.7;21.4
95;2021-06-17;6601;8157;551984;275372;44.2;22.1
95;2021-06-18;5827;7853;557811;283225;44.7;22.7
95;2021-06-19;4969;8924;562780;292149;45.1;23.4
95;2021-06-20;1427;3310;564207;295459;45.2;23.7
95;2021-06-21;3526;7716;567733;303175;45.5;24.3
95;2021-06-22;5068;9043;572801;312218;45.9;25.0
95;2021-06-23;4780;10876;577581;323094;46.3;25.9
95;2021-06-24;4937;10719;582518;333813;46.7;26.7
95;2021-06-25;4888;10355;587406;344168;47.1;27.6
95;2021-06-26;4323;8483;591729;352651;47.4;28.2
95;2021-06-27;1032;3991;592761;356642;47.5;28.6
95;2021-06-28;2742;9488;595503;366130;47.7;29.3
95;2021-06-29;2535;8788;598038;374918;47.9;30.0
95;2021-06-30;3953;9992;601991;384910;48.2;30.8
95;2021-07-01;4468;11157;606459;396067;48.6;31.7
95;2021-07-02;4195;10545;610654;406612;48.9;32.6
95;2021-07-03;3538;9151;614192;415763;49.2;33.3
95;2021-07-04;1271;3403;615463;419166;49.3;33.6
95;2021-07-05;2349;4375;617812;423541;49.5;33.9
95;2021-07-06;2665;7746;620477;431287;49.7;34.5
95;2021-07-07;3963;9623;624440;440910;50.0;35.3
95;2021-07-08;5315;9817;629755;450727;50.4;36.1
95;2021-07-09;4551;10076;634306;460803;50.8;36.9
95;2021-07-10;3396;7387;637702;468190;51.1;37.5
95;2021-07-11;1519;3602;639221;471792;51.2;37.8
95;2021-07-12;2977;9680;642198;481472;51.4;38.6
95;2021-07-13;5052;10062;647250;491534;51.8;39.4
95;2021-07-14;4413;5724;651663;497258;52.2;39.8
95;2021-07-15;7369;12346;659032;509604;52.8;40.8
95;2021-07-16;7972;11982;667004;521586;53.4;41.8
95;2021-07-17;5047;7814;672051;529400;53.8;42.4
95;2021-07-18;3451;2893;675502;532293;54.1;42.6
95;2021-07-19;4827;6863;680329;539156;54.5;43.2
95;2021-07-20;6905;8374;687234;547530;55.1;43.9
95;2021-07-21;9205;9427;696439;556957;55.8;44.6
95;2021-07-22;10033;9706;706472;566663;56.6;45.4
95;2021-07-23;10843;10192;717315;576855;57.5;46.2
95;2021-07-24;5250;6236;722565;583091;57.9;46.7
95;2021-07-25;2174;2274;724739;585365;58.1;46.9
95;2021-07-26;4491;4011;729230;589376;58.4;47.2
95;2021-07-27;8410;7036;737640;596412;59.1;47.8
95;2021-07-28;9627;7534;747267;603946;59.9;48.4
95;2021-07-29;8343;5465;755610;609411;60.5;48.8
95;2021-07-30;8398;7754;764008;617165;61.2;49.4
95;2021-07-31;4201;4110;768209;621275;61.5;49.8
95;2021-08-01;2196;1366;770405;622641;61.7;49.9
95;2021-08-02;4099;3895;774504;626536;62.0;50.2
95;2021-08-03;6070;5510;780574;632046;62.5;50.6
95;2021-08-04;6411;6060;786985;638106;63.0;51.1
95;2021-08-05;6801;5720;793786;643826;63.6;51.6
95;2021-08-06;6445;7057;800231;650883;64.1;52.1
95;2021-08-07;2822;3195;803053;654078;64.3;52.4
95;2021-08-08;1326;1880;804379;655958;64.4;52.5
95;2021-08-09;3872;5036;808251;660994;64.7;52.9
95;2021-08-10;5185;5840;813436;666834;65.2;53.4
95;2021-08-11;5316;6536;818752;673370;65.6;53.9
95;2021-08-12;5179;6322;823931;679692;66.0;54.4
95;2021-08-13;3768;5432;827699;685124;66.3;54.9
95;2021-08-14;3535;3299;831234;688423;66.6;55.1
95;2021-08-15;268;347;831502;688770;66.6;55.2
95;2021-08-16;2774;6027;834276;694797;66.8;55.7
95;2021-08-17;3531;7225;837807;702022;67.1;56.2
971;2020-12-27;0;0;0;0;0.0;0.0
971;2020-12-28;0;0;0;0;0.0;0.0
971;2020-12-29;0;0;0;0;0.0;0.0
971;2020-12-30;0;0;0;0;0.0;0.0
971;2020-12-31;0;0;0;0;0.0;0.0
971;2021-01-01;1;0;1;0;0.0;0.0
971;2021-01-02;0;0;1;0;0.0;0.0
971;2021-01-03;0;0;1;0;0.0;0.0
971;2021-01-04;1;0;2;0;0.0;0.0
971;2021-01-05;0;0;2;0;0.0;0.0
971;2021-01-06;1;0;3;0;0.0;0.0
971;2021-01-07;0;0;3;0;0.0;0.0
971;2021-01-08;56;1;59;1;0.0;0.0
971;2021-01-09;20;0;79;1;0.0;0.0
971;2021-01-10;0;0;79;1;0.0;0.0
971;2021-01-11;60;0;139;1;0.0;0.0
971;2021-01-12;45;0;184;1;0.0;0.0
971;2021-01-13;47;1;231;2;0.1;0.0
971;2021-01-14;63;0;294;2;0.1;0.0
971;2021-01-15;77;0;371;2;0.1;0.0
971;2021-01-16;0;0;371;2;0.1;0.0
971;2021-01-17;0;0;371;2;0.1;0.0
971;2021-01-18;80;1;451;3;0.1;0.0
971;2021-01-19;145;0;596;3;0.2;0.0
971;2021-01-20;135;0;731;3;0.2;0.0
971;2021-01-21;154;1;885;4;0.2;0.0
971;2021-01-22;134;0;1019;4;0.3;0.0
971;2021-01-23;1;0;1020;4;0.3;0.0
971;2021-01-24;0;0;1020;4;0.3;0.0
971;2021-01-25;202;1;1222;5;0.3;0.0
971;2021-01-26;216;1;1438;6;0.4;0.0
971;2021-01-27;236;0;1674;6;0.4;0.0
971;2021-01-28;241;4;1915;10;0.5;0.0
971;2021-01-29;197;2;2112;12;0.6;0.0
971;2021-01-30;24;0;2136;12;0.6;0.0
971;2021-01-31;1;0;2137;12;0.6;0.0
971;2021-02-01;228;4;2365;16;0.6;0.0
971;2021-02-02;243;24;2608;40;0.7;0.0
971;2021-02-03;225;3;2833;43;0.8;0.0
971;2021-02-04;302;22;3135;65;0.8;0.0
971;2021-02-05;277;33;3412;98;0.9;0.0
971;2021-02-06;49;1;3461;99;0.9;0.0
971;2021-02-07;0;0;3461;99;0.9;0.0
971;2021-02-08;256;22;3717;121;1.0;0.0
971;2021-02-09;317;29;4034;150;1.1;0.0
971;2021-02-10;243;29;4277;179;1.1;0.0
971;2021-02-11;297;111;4574;290;1.2;0.1
971;2021-02-12;287;26;4861;316;1.3;0.1
971;2021-02-13;50;7;4911;323;1.3;0.1
971;2021-02-14;20;36;4931;359;1.3;0.1
971;2021-02-15;83;46;5014;405;1.3;0.1
971;2021-02-16;16;1;5030;406;1.3;0.1
971;2021-02-17;17;1;5047;407;1.3;0.1
971;2021-02-18;244;17;5291;424;1.4;0.1
971;2021-02-19;245;21;5536;445;1.5;0.1
971;2021-02-20;48;0;5584;445;1.5;0.1
971;2021-02-21;1;0;5585;445;1.5;0.1
971;2021-02-22;181;65;5766;510;1.5;0.1
971;2021-02-23;197;74;5963;584;1.6;0.2
971;2021-02-24;333;126;6296;710;1.7;0.2
971;2021-02-25;378;81;6674;791;1.8;0.2
971;2021-02-26;224;84;6898;875;1.8;0.2
971;2021-02-27;65;0;6963;875;1.8;0.2
971;2021-02-28;1;0;6964;875;1.8;0.2
971;2021-03-01;171;82;7135;957;1.9;0.3
971;2021-03-02;274;134;7409;1091;2.0;0.3
971;2021-03-03;240;121;7649;1212;2.0;0.3
971;2021-03-04;327;85;7976;1297;2.1;0.3
971;2021-03-05;364;152;8340;1449;2.2;0.4
971;2021-03-06;598;9;8938;1458;2.4;0.4
971;2021-03-07;1;0;8939;1458;2.4;0.4
971;2021-03-08;316;141;9255;1599;2.5;0.4
971;2021-03-09;386;155;9641;1754;2.6;0.5
971;2021-03-10;424;163;10065;1917;2.7;0.5
971;2021-03-11;123;46;10188;1963;2.7;0.5
971;2021-03-12;505;228;10693;2191;2.8;0.6
971;2021-03-13;137;3;10830;2194;2.9;0.6
971;2021-03-14;14;23;10844;2217;2.9;0.6
971;2021-03-15;423;46;11267;2263;3.0;0.6
971;2021-03-16;483;84;11750;2347;3.1;0.6
971;2021-03-17;469;74;12219;2421;3.2;0.6
971;2021-03-18;583;86;12802;2507;3.4;0.7
971;2021-03-19;582;95;13384;2602;3.6;0.7
971;2021-03-20;177;22;13561;2624;3.6;0.7
971;2021-03-21;8;0;13569;2624;3.6;0.7
971;2021-03-22;357;88;13926;2712;3.7;0.7
971;2021-03-23;536;157;14462;2869;3.8;0.8
971;2021-03-24;472;109;14934;2978;4.0;0.8
971;2021-03-25;759;182;15693;3160;4.2;0.8
971;2021-03-26;645;122;16338;3282;4.3;0.9
971;2021-03-27;286;37;16624;3319;4.4;0.9
971;2021-03-28;24;1;16648;3320;4.4;0.9
971;2021-03-29;384;84;17032;3404;4.5;0.9
971;2021-03-30;624;164;17656;3568;4.7;0.9
971;2021-03-31;546;134;18202;3702;4.8;1.0
971;2021-04-01;660;198;18862;3900;5.0;1.0
971;2021-04-02;38;35;18900;3935;5.0;1.0
971;2021-04-03;58;2;18958;3937;5.0;1.0
971;2021-04-04;4;18;18962;3955;5.0;1.0
971;2021-04-05;13;0;18975;3955;5.0;1.0
971;2021-04-06;481;193;19456;4148;5.2;1.1
971;2021-04-07;581;118;20037;4266;5.3;1.1
971;2021-04-08;512;163;20549;4429;5.5;1.2
971;2021-04-09;492;209;21041;4638;5.6;1.2
971;2021-04-10;101;4;21142;4642;5.6;1.2
971;2021-04-11;8;21;21150;4663;5.6;1.2
971;2021-04-12;303;262;21453;4925;5.7;1.3
971;2021-04-13;554;325;22007;5250;5.8;1.4
971;2021-04-14;436;224;22443;5474;6.0;1.5
971;2021-04-15;551;312;22994;5786;6.1;1.5
971;2021-04-16;564;274;23558;6060;6.3;1.6
971;2021-04-17;210;4;23768;6064;6.3;1.6
971;2021-04-18;6;14;23774;6078;6.3;1.6
971;2021-04-19;404;243;24178;6321;6.4;1.7
971;2021-04-20;726;345;24904;6666;6.6;1.8
971;2021-04-21;625;316;25529;6982;6.8;1.9
971;2021-04-22;811;335;26340;7317;7.0;1.9
971;2021-04-23;846;250;27186;7567;7.2;2.0
971;2021-04-24;388;74;27574;7641;7.3;2.0
971;2021-04-25;601;64;28175;7705;7.5;2.0
971;2021-04-26;965;217;29140;7922;7.7;2.1
971;2021-04-27;704;236;29844;8158;7.9;2.2
971;2021-04-28;864;267;30708;8425;8.1;2.2
971;2021-04-29;1200;207;31908;8632;8.5;2.3
971;2021-04-30;1269;191;33177;8823;8.8;2.3
971;2021-05-01;604;45;33781;8868;9.0;2.4
971;2021-05-02;354;18;34135;8886;9.1;2.4
971;2021-05-03;921;185;35056;9071;9.3;2.4
971;2021-05-04;959;207;36015;9278;9.6;2.5
971;2021-05-05;1012;252;37027;9530;9.8;2.5
971;2021-05-06;1147;175;38174;9705;10.1;2.6
971;2021-05-07;1262;272;39436;9977;10.5;2.6
971;2021-05-08;322;36;39758;10013;10.5;2.7
971;2021-05-09;183;10;39941;10023;10.6;2.7
971;2021-05-10;841;217;40782;10240;10.8;2.7
971;2021-05-11;965;317;41747;10557;11.1;2.8
971;2021-05-12;907;325;42654;10882;11.3;2.9
971;2021-05-13;211;79;42865;10961;11.4;2.9
971;2021-05-14;862;275;43727;11236;11.6;3.0
971;2021-05-15;486;15;44213;11251;11.7;3.0
971;2021-05-16;181;36;44394;11287;11.8;3.0
971;2021-05-17;719;278;45113;11565;12.0;3.1
971;2021-05-18;743;389;45856;11954;12.2;3.2
971;2021-05-19;700;530;46556;12484;12.4;3.3
971;2021-05-20;807;379;47363;12863;12.6;3.4
971;2021-05-21;822;409;48185;13272;12.8;3.5
971;2021-05-22;504;216;48689;13488;12.9;3.6
971;2021-05-23;201;114;48890;13602;13.0;3.6
971;2021-05-24;201;175;49091;13777;13.0;3.7
971;2021-05-25;547;663;49638;14440;13.2;3.8
971;2021-05-26;595;493;50233;14933;13.3;4.0
971;2021-05-27;132;184;50365;15117;13.4;4.0
971;2021-05-28;518;528;50883;15645;13.5;4.2
971;2021-05-29;235;138;51118;15783;13.6;4.2
971;2021-05-30;76;113;51194;15896;13.6;4.2
971;2021-05-31;449;537;51643;16433;13.7;4.4
971;2021-06-01;592;709;52235;17142;13.9;4.5
971;2021-06-02;577;707;52812;17849;14.0;4.7
971;2021-06-03;506;563;53318;18412;14.1;4.9
971;2021-06-04;807;805;54125;19217;14.4;5.1
971;2021-06-05;317;645;54442;19862;14.4;5.3
971;2021-06-06;137;530;54579;20392;14.5;5.4
971;2021-06-07;419;784;54998;21176;14.6;5.6
971;2021-06-08;501;894;55499;22070;14.7;5.9
971;2021-06-09;503;860;56002;22930;14.9;6.1
971;2021-06-10;537;847;56539;23777;15.0;6.3
971;2021-06-11;466;1242;57005;25019;15.1;6.6
971;2021-06-12;299;663;57304;25682;15.2;6.8
971;2021-06-13;129;314;57433;25996;15.2;6.9
971;2021-06-14;372;3789;57805;29785;15.3;7.9
971;2021-06-15;484;2001;58289;31786;15.5;8.4
971;2021-06-16;479;1479;58768;33265;15.6;8.8
971;2021-06-17;431;1013;59199;34278;15.7;9.1
971;2021-06-18;479;1019;59678;35297;15.8;9.4
971;2021-06-19;315;509;59993;35806;15.9;9.5
971;2021-06-20;111;231;60104;36037;15.9;9.6
971;2021-06-21;336;679;60440;36716;16.0;9.7
971;2021-06-22;330;873;60770;37589;16.1;10.0
971;2021-06-23;368;892;61138;38481;16.2;10.2
971;2021-06-24;415;734;61553;39215;16.3;10.4
971;2021-06-25;453;762;62006;39977;16.5;10.6
971;2021-06-26;301;514;62307;40491;16.5;10.7
971;2021-06-27;116;149;62423;40640;16.6;10.8
971;2021-06-28;304;689;62727;41329;16.6;11.0
971;2021-06-29;382;782;63109;42111;16.7;11.2
971;2021-06-30;433;921;63542;43032;16.9;11.4
971;2021-07-01;361;650;63903;43682;17.0;11.6
971;2021-07-02;423;692;64326;44374;17.1;11.8
971;2021-07-03;272;464;64598;44838;17.1;11.9
971;2021-07-04;112;239;64710;45077;17.2;12.0
971;2021-07-05;328;510;65038;45587;17.3;12.1
971;2021-07-06;380;765;65418;46352;17.4;12.3
971;2021-07-07;376;845;65794;47197;17.5;12.5
971;2021-07-08;409;791;66203;47988;17.6;12.7
971;2021-07-09;430;795;66633;48783;17.7;12.9
971;2021-07-10;245;294;66878;49077;17.7;13.0
971;2021-07-11;170;136;67048;49213;17.8;13.1
971;2021-07-12;477;608;67525;49821;17.9;13.2
971;2021-07-13;863;1009;68388;50830;18.1;13.5
971;2021-07-14;470;282;68858;51112;18.3;13.6
971;2021-07-15;865;839;69723;51951;18.5;13.8
971;2021-07-16;1081;1038;70804;52989;18.8;14.1
971;2021-07-17;649;441;71453;53430;19.0;14.2
971;2021-07-18;400;217;71853;53647;19.1;14.2
971;2021-07-19;574;582;72427;54229;19.2;14.4
971;2021-07-20;817;724;73244;54953;19.4;14.6
971;2021-07-21;754;496;73998;55449;19.6;14.7
971;2021-07-22;954;869;74952;56318;19.9;14.9
971;2021-07-23;1008;753;75960;57071;20.2;15.1
971;2021-07-24;409;378;76369;57449;20.3;15.2
971;2021-07-25;248;258;76617;57707;20.3;15.3
971;2021-07-26;630;557;77247;58264;20.5;15.5
971;2021-07-27;795;575;78042;58839;20.7;15.6
971;2021-07-28;773;646;78815;59485;20.9;15.8
971;2021-07-29;872;657;79687;60142;21.1;16.0
971;2021-07-30;1253;744;80940;60886;21.5;16.2
971;2021-07-31;551;410;81491;61296;21.6;16.3
971;2021-08-01;307;245;81798;61541;21.7;16.3
971;2021-08-02;749;419;82547;61960;21.9;16.4
971;2021-08-03;711;669;83258;62629;22.1;16.6
971;2021-08-04;647;664;83905;63293;22.3;16.8
971;2021-08-05;615;581;84520;63874;22.4;16.9
971;2021-08-06;894;629;85414;64503;22.7;17.1
971;2021-08-07;447;390;85861;64893;22.8;17.2
971;2021-08-08;271;313;86132;65206;22.9;17.3
971;2021-08-09;581;586;86713;65792;23.0;17.5
971;2021-08-10;736;798;87449;66590;23.2;17.7
971;2021-08-11;914;781;88363;67371;23.4;17.9
971;2021-08-12;921;781;89284;68152;23.7;18.1
971;2021-08-13;828;433;90112;68585;23.9;18.2
971;2021-08-14;618;696;90730;69281;24.1;18.4
971;2021-08-15;434;409;91164;69690;24.2;18.5
971;2021-08-16;724;729;91888;70419;24.4;18.7
971;2021-08-17;706;858;92594;71277;24.6;18.9
972;2020-12-27;0;0;0;0;0.0;0.0
972;2020-12-28;0;0;0;0;0.0;0.0
972;2020-12-29;0;0;0;0;0.0;0.0
972;2020-12-30;0;0;0;0;0.0;0.0
972;2020-12-31;0;0;0;0;0.0;0.0
972;2021-01-01;0;0;0;0;0.0;0.0
972;2021-01-02;0;0;0;0;0.0;0.0
972;2021-01-03;0;0;0;0;0.0;0.0
972;2021-01-04;0;0;0;0;0.0;0.0
972;2021-01-05;0;0;0;0;0.0;0.0
972;2021-01-06;5;0;5;0;0.0;0.0
972;2021-01-07;31;0;36;0;0.0;0.0
972;2021-01-08;90;1;126;1;0.0;0.0
972;2021-01-09;20;0;146;1;0.0;0.0
972;2021-01-10;0;0;146;1;0.0;0.0
972;2021-01-11;122;0;268;1;0.1;0.0
972;2021-01-12;79;0;347;1;0.1;0.0
972;2021-01-13;65;0;412;1;0.1;0.0
972;2021-01-14;88;1;500;2;0.1;0.0
972;2021-01-15;164;0;664;2;0.2;0.0
972;2021-01-16;51;0;715;2;0.2;0.0
972;2021-01-17;0;0;715;2;0.2;0.0
972;2021-01-18;158;0;873;2;0.2;0.0
972;2021-01-19;168;1;1041;3;0.3;0.0
972;2021-01-20;165;0;1206;3;0.3;0.0
972;2021-01-21;181;2;1387;5;0.4;0.0
972;2021-01-22;174;0;1561;5;0.4;0.0
972;2021-01-23;58;0;1619;5;0.5;0.0
972;2021-01-24;0;0;1619;5;0.5;0.0
972;2021-01-25;161;0;1780;5;0.5;0.0
972;2021-01-26;137;1;1917;6;0.5;0.0
972;2021-01-27;163;5;2080;11;0.6;0.0
972;2021-01-28;152;12;2232;23;0.6;0.0
972;2021-01-29;143;41;2375;64;0.7;0.0
972;2021-01-30;96;16;2471;80;0.7;0.0
972;2021-01-31;0;0;2471;80;0.7;0.0
972;2021-02-01;119;73;2590;153;0.7;0.0
972;2021-02-02;184;96;2774;249;0.8;0.1
972;2021-02-03;132;79;2906;328;0.8;0.1
972;2021-02-04;160;71;3066;399;0.9;0.1
972;2021-02-05;124;96;3190;495;0.9;0.1
972;2021-02-06;62;26;3252;521;0.9;0.1
972;2021-02-07;1;0;3253;521;0.9;0.1
972;2021-02-08;137;80;3390;601;0.9;0.2
972;2021-02-09;176;78;3566;679;1.0;0.2
972;2021-02-10;153;90;3719;769;1.0;0.2
972;2021-02-11;150;103;3869;872;1.1;0.2
972;2021-02-12;148;130;4017;1002;1.1;0.3
972;2021-02-13;47;37;4064;1039;1.1;0.3
972;2021-02-14;0;0;4064;1039;1.1;0.3
972;2021-02-15;51;67;4115;1106;1.1;0.3
972;2021-02-16;0;1;4115;1107;1.1;0.3
972;2021-02-17;1;3;4116;1110;1.1;0.3
972;2021-02-18;69;127;4185;1237;1.2;0.3
972;2021-02-19;69;131;4254;1368;1.2;0.4
972;2021-02-20;48;68;4302;1436;1.2;0.4
972;2021-02-21;0;0;4302;1436;1.2;0.4
972;2021-02-22;102;60;4404;1496;1.2;0.4
972;2021-02-23;113;237;4517;1733;1.3;0.5
972;2021-02-24;106;222;4623;1955;1.3;0.5
972;2021-02-25;93;151;4716;2106;1.3;0.6
972;2021-02-26;132;169;4848;2275;1.4;0.6
972;2021-02-27;69;52;4917;2327;1.4;0.6
972;2021-02-28;0;0;4917;2327;1.4;0.6
972;2021-03-01;137;144;5054;2471;1.4;0.7
972;2021-03-02;158;79;5212;2550;1.5;0.7
972;2021-03-03;179;145;5391;2695;1.5;0.8
972;2021-03-04;152;135;5543;2830;1.5;0.8
972;2021-03-05;238;128;5781;2958;1.6;0.8
972;2021-03-06;119;58;5900;3016;1.6;0.8
972;2021-03-07;100;3;6000;3019;1.7;0.8
972;2021-03-08;196;133;6196;3152;1.7;0.9
972;2021-03-09;283;101;6479;3253;1.8;0.9
972;2021-03-10;322;134;6801;3387;1.9;0.9
972;2021-03-11;336;81;7137;3468;2.0;1.0
972;2021-03-12;413;55;7550;3523;2.1;1.0
972;2021-03-13;155;21;7705;3544;2.1;1.0
972;2021-03-14;4;1;7709;3545;2.1;1.0
972;2021-03-15;277;90;7986;3635;2.2;1.0
972;2021-03-16;305;56;8291;3691;2.3;1.0
972;2021-03-17;388;49;8679;3740;2.4;1.0
972;2021-03-18;434;44;9113;3784;2.5;1.1
972;2021-03-19;401;63;9514;3847;2.7;1.1
972;2021-03-20;149;48;9663;3895;2.7;1.1
972;2021-03-21;25;1;9688;3896;2.7;1.1
972;2021-03-22;362;118;10050;4014;2.8;1.1
972;2021-03-23;403;122;10453;4136;2.9;1.2
972;2021-03-24;429;107;10882;4243;3.0;1.2
972;2021-03-25;485;99;11367;4342;3.2;1.2
972;2021-03-26;634;102;12001;4444;3.3;1.2
972;2021-03-27;154;71;12155;4515;3.4;1.3
972;2021-03-28;81;2;12236;4517;3.4;1.3
972;2021-03-29;422;165;12658;4682;3.5;1.3
972;2021-03-30;469;244;13127;4926;3.7;1.4
972;2021-03-31;1151;192;14278;5118;4.0;1.4
972;2021-04-01;955;171;15233;5289;4.2;1.5
972;2021-04-02;895;14;16128;5303;4.5;1.5
972;2021-04-03;788;54;16916;5357;4.7;1.5
972;2021-04-04;751;12;17667;5369;4.9;1.5
972;2021-04-05;829;44;18496;5413;5.2;1.5
972;2021-04-06;885;136;19381;5549;5.4;1.5
972;2021-04-07;1436;326;20817;5875;5.8;1.6
972;2021-04-08;1308;271;22125;6146;6.2;1.7
972;2021-04-09;1240;316;23365;6462;6.5;1.8
972;2021-04-10;838;165;24203;6627;6.7;1.8
972;2021-04-11;620;14;24823;6641;6.9;1.9
972;2021-04-12;867;317;25690;6958;7.2;1.9
972;2021-04-13;881;327;26571;7285;7.4;2.0
972;2021-04-14;960;321;27531;7606;7.7;2.1
972;2021-04-15;959;298;28490;7904;7.9;2.2
972;2021-04-16;994;300;29484;8204;8.2;2.3
972;2021-04-17;530;161;30014;8365;8.4;2.3
972;2021-04-18;339;56;30353;8421;8.5;2.3
972;2021-04-19;668;344;31021;8765;8.6;2.4
972;2021-04-20;868;309;31889;9074;8.9;2.5
972;2021-04-21;1002;354;32891;9428;9.2;2.6
972;2021-04-22;605;312;33496;9740;9.3;2.7
972;2021-04-23;613;465;34109;10205;9.5;2.8
972;2021-04-24;363;197;34472;10402;9.6;2.9
972;2021-04-25;168;199;34640;10601;9.7;3.0
972;2021-04-26;516;541;35156;11142;9.8;3.1
972;2021-04-27;568;608;35724;11750;10.0;3.3
972;2021-04-28;448;692;36172;12442;10.1;3.5
972;2021-04-29;653;642;36825;13084;10.3;3.6
972;2021-04-30;771;687;37596;13771;10.5;3.8
972;2021-05-01;244;246;37840;14017;10.5;3.9
972;2021-05-02;227;513;38067;14530;10.6;4.1
972;2021-05-03;569;771;38636;15301;10.8;4.3
972;2021-05-04;526;678;39162;15979;10.9;4.5
972;2021-05-05;547;896;39709;16875;11.1;4.7
972;2021-05-06;546;786;40255;17661;11.2;4.9
972;2021-05-07;629;1014;40884;18675;11.4;5.2
972;2021-05-08;226;526;41110;19201;11.5;5.4
972;2021-05-09;172;506;41282;19707;11.5;5.5
972;2021-05-10;519;857;41801;20564;11.7;5.7
972;2021-05-11;476;871;42277;21435;11.8;6.0
972;2021-05-12;559;910;42836;22345;11.9;6.2
972;2021-05-13;274;533;43110;22878;12.0;6.4
972;2021-05-14;389;752;43499;23630;12.1;6.6
972;2021-05-15;233;578;43732;24208;12.2;6.7
972;2021-05-16;155;442;43887;24650;12.2;6.9
972;2021-05-17;474;753;44361;25403;12.4;7.1
972;2021-05-18;446;680;44807;26083;12.5;7.3
972;2021-05-19;453;743;45260;26826;12.6;7.5
972;2021-05-20;594;500;45854;27326;12.8;7.6
972;2021-05-21;545;705;46399;28031;12.9;7.8
972;2021-05-22;186;364;46585;28395;13.0;7.9
972;2021-05-23;111;182;46696;28577;13.0;8.0
972;2021-05-24;136;241;46832;28818;13.1;8.0
972;2021-05-25;351;698;47183;29516;13.2;8.2
972;2021-05-26;382;714;47565;30230;13.3;8.4
972;2021-05-27;270;647;47835;30877;13.3;8.6
972;2021-05-28;279;816;48114;31693;13.4;8.8
972;2021-05-29;154;513;48268;32206;13.5;9.0
972;2021-05-30;17;33;48285;32239;13.5;9.0
972;2021-05-31;346;682;48631;32921;13.6;9.2
972;2021-06-01;300;547;48931;33468;13.6;9.3
972;2021-06-02;326;575;49257;34043;13.7;9.5
972;2021-06-03;247;425;49504;34468;13.8;9.6
972;2021-06-04;350;643;49854;35111;13.9;9.8
972;2021-06-05;260;373;50114;35484;14.0;9.9
972;2021-06-06;25;32;50139;35516;14.0;9.9
972;2021-06-07;260;736;50399;36252;14.0;10.1
972;2021-06-08;256;589;50655;36841;14.1;10.3
972;2021-06-09;303;699;50958;37540;14.2;10.5
972;2021-06-10;307;453;51265;37993;14.3;10.6
972;2021-06-11;361;534;51626;38527;14.4;10.7
972;2021-06-12;246;322;51872;38849;14.5;10.8
972;2021-06-13;32;29;51904;38878;14.5;10.8
972;2021-06-14;367;551;52271;39429;14.6;11.0
972;2021-06-15;410;488;52681;39917;14.7;11.1
972;2021-06-16;436;436;53117;40353;14.8;11.2
972;2021-06-17;355;576;53472;40929;14.9;11.4
972;2021-06-18;458;538;53930;41467;15.0;11.6
972;2021-06-19;225;196;54155;41663;15.1;11.6
972;2021-06-20;25;17;54180;41680;15.1;11.6
972;2021-06-21;332;581;54512;42261;15.2;11.8
972;2021-06-22;297;464;54809;42725;15.3;11.9
972;2021-06-23;425;562;55234;43287;15.4;12.1
972;2021-06-24;327;437;55561;43724;15.5;12.2
972;2021-06-25;313;387;55874;44111;15.6;12.3
972;2021-06-26;221;200;56095;44311;15.6;12.4
972;2021-06-27;16;23;56111;44334;15.6;12.4
972;2021-06-28;338;425;56449;44759;15.7;12.5
972;2021-06-29;329;431;56778;45190;15.8;12.6
972;2021-06-30;440;421;57218;45611;15.9;12.7
972;2021-07-01;350;393;57568;46004;16.0;12.8
972;2021-07-02;124;201;57692;46205;16.1;12.9
972;2021-07-03;100;118;57792;46323;16.1;12.9
972;2021-07-04;24;36;57816;46359;16.1;12.9
972;2021-07-05;494;580;58310;46939;16.3;13.1
972;2021-07-06;485;428;58795;47367;16.4;13.2
972;2021-07-07;610;493;59405;47860;16.6;13.3
972;2021-07-08;494;422;59899;48282;16.7;13.5
972;2021-07-09;626;582;60525;48864;16.9;13.6
972;2021-07-10;404;306;60929;49170;17.0;13.7
972;2021-07-11;52;38;60981;49208;17.0;13.7
972;2021-07-12;843;699;61824;49907;17.2;13.9
972;2021-07-13;1471;710;63295;50617;17.6;14.1
972;2021-07-14;133;63;63428;50680;17.7;14.1
972;2021-07-15;1604;679;65032;51359;18.1;14.3
972;2021-07-16;1637;656;66669;52015;18.6;14.5
972;2021-07-17;1091;368;67760;52383;18.9;14.6
972;2021-07-18;56;39;67816;52422;18.9;14.6
972;2021-07-19;1138;651;68954;53073;19.2;14.8
972;2021-07-20;1130;576;70084;53649;19.5;15.0
972;2021-07-21;1088;596;71172;54245;19.8;15.1
972;2021-07-22;900;518;72072;54763;20.1;15.3
972;2021-07-23;940;481;73012;55244;20.4;15.4
972;2021-07-24;497;222;73509;55466;20.5;15.5
972;2021-07-25;51;63;73560;55529;20.5;15.5
972;2021-07-26;680;513;74240;56042;20.7;15.6
972;2021-07-27;1024;510;75264;56552;21.0;15.8
972;2021-07-28;629;563;75893;57115;21.2;15.9
972;2021-07-29;830;538;76723;57653;21.4;16.1
972;2021-07-30;883;616;77606;58269;21.6;16.2
972;2021-07-31;556;269;78162;58538;21.8;16.3
972;2021-08-01;82;33;78244;58571;21.8;16.3
972;2021-08-02;804;810;79048;59381;22.0;16.6
972;2021-08-03;724;741;79772;60122;22.2;16.8
972;2021-08-04;758;567;80530;60689;22.4;16.9
972;2021-08-05;902;590;81432;61279;22.7;17.1
972;2021-08-06;1173;892;82605;62171;23.0;17.3
972;2021-08-07;667;570;83272;62741;23.2;17.5
972;2021-08-08;82;83;83354;62824;23.2;17.5
972;2021-08-09;1118;1063;84472;63887;23.5;17.8
972;2021-08-10;1188;1041;85660;64928;23.9;18.1
972;2021-08-11;1230;918;86890;65846;24.2;18.4
972;2021-08-12;1440;922;88330;66768;24.6;18.6
972;2021-08-13;1097;623;89427;67391;24.9;18.8
972;2021-08-14;520;310;89947;67701;25.1;18.9
972;2021-08-15;70;54;90017;67755;25.1;18.9
972;2021-08-16;1236;1039;91253;68794;25.4;19.2
972;2021-08-17;1040;1170;92293;69964;25.7;19.5
973;2020-12-27;0;0;0;0;0.0;0.0
973;2020-12-28;0;0;0;0;0.0;0.0
973;2020-12-29;0;0;0;0;0.0;0.0
973;2020-12-30;0;0;0;0;0.0;0.0
973;2020-12-31;0;0;0;0;0.0;0.0
973;2021-01-01;0;0;0;0;0.0;0.0
973;2021-01-02;2;2;2;2;0.0;0.0
973;2021-01-03;0;0;2;2;0.0;0.0
973;2021-01-04;0;0;2;2;0.0;0.0
973;2021-01-05;0;0;2;2;0.0;0.0
973;2021-01-06;0;0;2;2;0.0;0.0
973;2021-01-07;0;0;2;2;0.0;0.0
973;2021-01-08;0;0;2;2;0.0;0.0
973;2021-01-09;0;0;2;2;0.0;0.0
973;2021-01-10;0;0;2;2;0.0;0.0
973;2021-01-11;0;0;2;2;0.0;0.0
973;2021-01-12;0;0;2;2;0.0;0.0
973;2021-01-13;30;0;32;2;0.0;0.0
973;2021-01-14;46;0;78;2;0.0;0.0
973;2021-01-15;35;0;113;2;0.0;0.0
973;2021-01-16;18;1;131;3;0.0;0.0
973;2021-01-17;0;0;131;3;0.0;0.0
973;2021-01-18;63;0;194;3;0.1;0.0
973;2021-01-19;150;1;344;4;0.1;0.0
973;2021-01-20;134;0;478;4;0.2;0.0
973;2021-01-21;118;0;596;4;0.2;0.0
973;2021-01-22;76;0;672;4;0.2;0.0
973;2021-01-23;0;0;672;4;0.2;0.0
973;2021-01-24;0;0;672;4;0.2;0.0
973;2021-01-25;56;0;728;4;0.3;0.0
973;2021-01-26;100;2;828;6;0.3;0.0
973;2021-01-27;109;1;937;7;0.3;0.0
973;2021-01-28;96;3;1033;10;0.4;0.0
973;2021-01-29;104;3;1137;13;0.4;0.0
973;2021-01-30;0;0;1137;13;0.4;0.0
973;2021-01-31;0;0;1137;13;0.4;0.0
973;2021-02-01;54;0;1191;13;0.4;0.0
973;2021-02-02;122;4;1313;17;0.5;0.0
973;2021-02-03;119;7;1432;24;0.5;0.0
973;2021-02-04;79;26;1511;50;0.5;0.0
973;2021-02-05;66;8;1577;58;0.5;0.0
973;2021-02-06;0;0;1577;58;0.5;0.0
973;2021-02-07;0;0;1577;58;0.5;0.0
973;2021-02-08;52;12;1629;70;0.6;0.0
973;2021-02-09;92;39;1721;109;0.6;0.0
973;2021-02-10;101;41;1822;150;0.6;0.1
973;2021-02-11;105;93;1927;243;0.7;0.1
973;2021-02-12;88;64;2015;307;0.7;0.1
973;2021-02-13;0;0;2015;307;0.7;0.1
973;2021-02-14;0;0;2015;307;0.7;0.1
973;2021-02-15;27;65;2042;372;0.7;0.1
973;2021-02-16;123;55;2165;427;0.7;0.1
973;2021-02-17;145;120;2310;547;0.8;0.2
973;2021-02-18;103;141;2413;688;0.8;0.2
973;2021-02-19;122;74;2535;762;0.9;0.3
973;2021-02-20;0;0;2535;762;0.9;0.3
973;2021-02-21;0;0;2535;762;0.9;0.3
973;2021-02-22;78;49;2613;811;0.9;0.3
973;2021-02-23;158;102;2771;913;1.0;0.3
973;2021-02-24;190;123;2961;1036;1.0;0.4
973;2021-02-25;259;92;3220;1128;1.1;0.4
973;2021-02-26;264;70;3484;1198;1.2;0.4
973;2021-02-27;120;1;3604;1199;1.2;0.4
973;2021-02-28;0;0;3604;1199;1.2;0.4
973;2021-03-01;180;87;3784;1286;1.3;0.4
973;2021-03-02;255;108;4039;1394;1.4;0.5
973;2021-03-03;255;132;4294;1526;1.5;0.5
973;2021-03-04;281;83;4575;1609;1.6;0.6
973;2021-03-05;274;48;4849;1657;1.7;0.6
973;2021-03-06;118;2;4967;1659;1.7;0.6
973;2021-03-07;0;0;4967;1659;1.7;0.6
973;2021-03-08;187;40;5154;1699;1.8;0.6
973;2021-03-09;350;93;5504;1792;1.9;0.6
973;2021-03-10;359;106;5863;1898;2.0;0.7
973;2021-03-11;270;115;6133;2013;2.1;0.7
973;2021-03-12;287;91;6420;2104;2.2;0.7
973;2021-03-13;112;4;6532;2108;2.2;0.7
973;2021-03-14;0;0;6532;2108;2.2;0.7
973;2021-03-15;181;27;6713;2135;2.3;0.7
973;2021-03-16;243;139;6956;2274;2.4;0.8
973;2021-03-17;274;129;7230;2403;2.5;0.8
973;2021-03-18;249;155;7479;2558;2.6;0.9
973;2021-03-19;283;128;7762;2686;2.7;0.9
973;2021-03-20;259;17;8021;2703;2.8;0.9
973;2021-03-21;119;2;8140;2705;2.8;0.9
973;2021-03-22;219;110;8359;2815;2.9;1.0
973;2021-03-23;275;194;8634;3009;3.0;1.0
973;2021-03-24;235;215;8869;3224;3.1;1.1
973;2021-03-25;168;180;9037;3404;3.1;1.2
973;2021-03-26;189;308;9226;3712;3.2;1.3
973;2021-03-27;58;94;9284;3806;3.2;1.3
973;2021-03-28;0;0;9284;3806;3.2;1.3
973;2021-03-29;175;247;9459;4053;3.3;1.4
973;2021-03-30;445;238;9904;4291;3.4;1.5
973;2021-03-31;320;292;10224;4583;3.5;1.6
973;2021-04-01;445;261;10669;4844;3.7;1.7
973;2021-04-02;307;279;10976;5123;3.8;1.8
973;2021-04-03;153;121;11129;5244;3.8;1.8
973;2021-04-04;1;0;11130;5244;3.8;1.8
973;2021-04-05;118;14;11248;5258;3.9;1.8
973;2021-04-06;438;335;11686;5593;4.0;1.9
973;2021-04-07;502;344;12188;5937;4.2;2.0
973;2021-04-08;514;269;12702;6206;4.4;2.1
973;2021-04-09;497;226;13199;6432;4.5;2.2
973;2021-04-10;147;90;13346;6522;4.6;2.2
973;2021-04-11;2;0;13348;6522;4.6;2.2
973;2021-04-12;551;268;13899;6790;4.8;2.3
973;2021-04-13;673;244;14572;7034;5.0;2.4
973;2021-04-14;721;313;15293;7347;5.3;2.5
973;2021-04-15;777;246;16070;7593;5.5;2.6
973;2021-04-16;760;301;16830;7894;5.8;2.7
973;2021-04-17;499;134;17329;8028;6.0;2.8
973;2021-04-18;499;44;17828;8072;6.1;2.8
973;2021-04-19;714;252;18542;8324;6.4;2.9
973;2021-04-20;606;278;19148;8602;6.6;3.0
973;2021-04-21;874;250;20022;8852;6.9;3.0
973;2021-04-22;727;230;20749;9082;7.1;3.1
973;2021-04-23;705;232;21454;9314;7.4;3.2
973;2021-04-24;524;97;21978;9411;7.6;3.2
973;2021-04-25;611;50;22589;9461;7.8;3.3
973;2021-04-26;780;231;23369;9692;8.0;3.3
973;2021-04-27;820;345;24189;10037;8.3;3.5
973;2021-04-28;745;331;24934;10368;8.6;3.6
973;2021-04-29;664;284;25598;10652;8.8;3.7
973;2021-04-30;710;261;26308;10913;9.1;3.8
973;2021-05-01;211;27;26519;10940;9.1;3.8
973;2021-05-02;602;85;27121;11025;9.3;3.8
973;2021-05-03;555;391;27676;11416;9.5;3.9
973;2021-05-04;666;325;28342;11741;9.7;4.0
973;2021-05-05;701;450;29043;12191;10.0;4.2
973;2021-05-06;694;475;29737;12666;10.2;4.4
973;2021-05-07;595;473;30332;13139;10.4;4.5
973;2021-05-08;343;59;30675;13198;10.6;4.5
973;2021-05-09;263;72;30938;13270;10.6;4.6
973;2021-05-10;440;612;31378;13882;10.8;4.8
973;2021-05-11;398;497;31776;14379;10.9;4.9
973;2021-05-12;512;647;32288;15026;11.1;5.2
973;2021-05-13;334;98;32622;15124;11.2;5.2
973;2021-05-14;486;554;33108;15678;11.4;5.4
973;2021-05-15;258;348;33366;16026;11.5;5.5
973;2021-05-16;208;210;33574;16236;11.5;5.6
973;2021-05-17;447;600;34021;16836;11.7;5.8
973;2021-05-18;563;568;34584;17404;11.9;6.0
973;2021-05-19;534;552;35118;17956;12.1;6.2
973;2021-05-20;642;452;35760;18408;12.3;6.3
973;2021-05-21;502;609;36262;19017;12.5;6.5
973;2021-05-22;167;501;36429;19518;12.5;6.7
973;2021-05-23;270;474;36699;19992;12.6;6.9
973;2021-05-24;562;248;37261;20240;12.8;7.0
973;2021-05-25;500;743;37761;20983;13.0;7.2
973;2021-05-26;449;683;38210;21666;13.1;7.5
973;2021-05-27;706;525;38916;22191;13.4;7.6
973;2021-05-28;580;553;39496;22744;13.6;7.8
973;2021-05-29;257;360;39753;23104;13.7;7.9
973;2021-05-30;151;399;39904;23503;13.7;8.1
973;2021-05-31;357;574;40261;24077;13.9;8.3
973;2021-06-01;421;466;40682;24543;14.0;8.4
973;2021-06-02;562;555;41244;25098;14.2;8.6
973;2021-06-03;523;469;41767;25567;14.4;8.8
973;2021-06-04;599;495;42366;26062;14.6;9.0
973;2021-06-05;273;292;42639;26354;14.7;9.1
973;2021-06-06;211;299;42850;26653;14.7;9.2
973;2021-06-07;488;452;43338;27105;14.9;9.3
973;2021-06-08;546;313;43884;27418;15.1;9.4
973;2021-06-09;520;389;44404;27807;15.3;9.6
973;2021-06-10;357;291;44761;28098;15.4;9.7
973;2021-06-11;434;467;45195;28565;15.5;9.8
973;2021-06-12;170;283;45365;28848;15.6;9.9
973;2021-06-13;214;268;45579;29116;15.7;10.0
973;2021-06-14;377;549;45956;29665;15.8;10.2
973;2021-06-15;376;444;46332;30109;15.9;10.4
973;2021-06-16;483;459;46815;30568;16.1;10.5
973;2021-06-17;436;579;47251;31147;16.3;10.7
973;2021-06-18;393;565;47644;31712;16.4;10.9
973;2021-06-19;235;260;47879;31972;16.5;11.0
973;2021-06-20;127;270;48006;32242;16.5;11.1
973;2021-06-21;331;603;48337;32845;16.6;11.3
973;2021-06-22;369;462;48706;33307;16.8;11.5
973;2021-06-23;331;538;49037;33845;16.9;11.6
973;2021-06-24;441;500;49478;34345;17.0;11.8
973;2021-06-25;442;556;49920;34901;17.2;12.0
973;2021-06-26;172;320;50092;35221;17.2;12.1
973;2021-06-27;121;170;50213;35391;17.3;12.2
973;2021-06-28;316;593;50529;35984;17.4;12.4
973;2021-06-29;378;507;50907;36491;17.5;12.6
973;2021-06-30;402;678;51309;37169;17.7;12.8
973;2021-07-01;422;399;51731;37568;17.8;12.9
973;2021-07-02;488;522;52219;38090;18.0;13.1
973;2021-07-03;209;274;52428;38364;18.0;13.2
973;2021-07-04;86;243;52514;38607;18.1;13.3
973;2021-07-05;359;547;52873;39154;18.2;13.5
973;2021-07-06;348;473;53221;39627;18.3;13.6
973;2021-07-07;345;413;53566;40040;18.4;13.8
973;2021-07-08;280;329;53846;40369;18.5;13.9
973;2021-07-09;365;435;54211;40804;18.6;14.0
973;2021-07-10;165;277;54376;41081;18.7;14.1
973;2021-07-11;102;163;54478;41244;18.7;14.2
973;2021-07-12;381;496;54859;41740;18.9;14.4
973;2021-07-13;665;558;55524;42298;19.1;14.6
973;2021-07-14;387;161;55911;42459;19.2;14.6
973;2021-07-15;628;526;56539;42985;19.4;14.8
973;2021-07-16;577;486;57116;43471;19.6;15.0
973;2021-07-17;343;283;57459;43754;19.8;15.1
973;2021-07-18;250;122;57709;43876;19.9;15.1
973;2021-07-19;499;458;58208;44334;20.0;15.3
973;2021-07-20;530;491;58738;44825;20.2;15.4
973;2021-07-21;520;391;59258;45216;20.4;15.6
973;2021-07-22;620;450;59878;45666;20.6;15.7
973;2021-07-23;575;367;60453;46033;20.8;15.8
973;2021-07-24;322;239;60775;46272;20.9;15.9
973;2021-07-25;161;110;60936;46382;21.0;16.0
973;2021-07-26;418;345;61354;46727;21.1;16.1
973;2021-07-27;471;356;61825;47083;21.3;16.2
973;2021-07-28;384;370;62209;47453;21.4;16.3
973;2021-07-29;469;427;62678;47880;21.6;16.5
973;2021-07-30;435;403;63113;48283;21.7;16.6
973;2021-07-31;204;163;63317;48446;21.8;16.7
973;2021-08-01;139;131;63456;48577;21.8;16.7
973;2021-08-02;380;429;63836;49006;22.0;16.9
973;2021-08-03;409;402;64245;49408;22.1;17.0
973;2021-08-04;281;372;64526;49780;22.2;17.1
973;2021-08-05;319;355;64845;50135;22.3;17.2
973;2021-08-06;311;516;65156;50651;22.4;17.4
973;2021-08-07;161;267;65317;50918;22.5;17.5
973;2021-08-08;114;177;65431;51095;22.5;17.6
973;2021-08-09;314;471;65745;51566;22.6;17.7
973;2021-08-10;315;513;66060;52079;22.7;17.9
973;2021-08-11;514;506;66574;52585;22.9;18.1
973;2021-08-12;495;579;67069;53164;23.1;18.3
973;2021-08-13;323;231;67392;53395;23.2;18.4
973;2021-08-14;252;399;67644;53794;23.3;18.5
973;2021-08-15;121;139;67765;53933;23.3;18.6
973;2021-08-16;293;466;68058;54399;23.4;18.7
973;2021-08-17;297;384;68355;54783;23.5;18.8
974;2020-12-27;0;0;0;0;0.0;0.0
974;2020-12-28;0;0;0;0;0.0;0.0
974;2020-12-29;0;0;0;0;0.0;0.0
974;2020-12-30;0;0;0;0;0.0;0.0
974;2020-12-31;0;0;0;0;0.0;0.0
974;2021-01-01;1;0;1;0;0.0;0.0
974;2021-01-02;0;0;1;0;0.0;0.0
974;2021-01-03;0;0;1;0;0.0;0.0
974;2021-01-04;0;0;1;0;0.0;0.0
974;2021-01-05;2;0;3;0;0.0;0.0
974;2021-01-06;0;0;3;0;0.0;0.0
974;2021-01-07;0;0;3;0;0.0;0.0
974;2021-01-08;0;0;3;0;0.0;0.0
974;2021-01-09;1;0;4;0;0.0;0.0
974;2021-01-10;0;0;4;0;0.0;0.0
974;2021-01-11;0;0;4;0;0.0;0.0
974;2021-01-12;0;0;4;0;0.0;0.0
974;2021-01-13;0;0;4;0;0.0;0.0
974;2021-01-14;0;0;4;0;0.0;0.0
974;2021-01-15;333;0;337;0;0.0;0.0
974;2021-01-16;27;0;364;0;0.0;0.0
974;2021-01-17;0;0;364;0;0.0;0.0
974;2021-01-18;49;1;413;1;0.0;0.0
974;2021-01-19;393;0;806;1;0.1;0.0
974;2021-01-20;482;1;1288;2;0.1;0.0
974;2021-01-21;614;2;1902;4;0.2;0.0
974;2021-01-22;414;1;2316;5;0.3;0.0
974;2021-01-23;75;0;2391;5;0.3;0.0
974;2021-01-24;0;0;2391;5;0.3;0.0
974;2021-01-25;273;2;2664;7;0.3;0.0
974;2021-01-26;429;0;3093;7;0.4;0.0
974;2021-01-27;316;0;3409;7;0.4;0.0
974;2021-01-28;409;0;3818;7;0.4;0.0
974;2021-01-29;422;3;4240;10;0.5;0.0
974;2021-01-30;421;1;4661;11;0.5;0.0
974;2021-01-31;0;0;4661;11;0.5;0.0
974;2021-02-01;373;4;5034;15;0.6;0.0
974;2021-02-02;500;4;5534;19;0.6;0.0
974;2021-02-03;602;14;6136;33;0.7;0.0
974;2021-02-04;628;21;6764;54;0.8;0.0
974;2021-02-05;564;97;7328;151;0.9;0.0
974;2021-02-06;501;5;7829;156;0.9;0.0
974;2021-02-07;0;8;7829;164;0.9;0.0
974;2021-02-08;472;34;8301;198;1.0;0.0
974;2021-02-09;787;93;9088;291;1.1;0.0
974;2021-02-10;820;87;9908;378;1.2;0.0
974;2021-02-11;796;88;10704;466;1.2;0.1
974;2021-02-12;638;93;11342;559;1.3;0.1
974;2021-02-13;653;76;11995;635;1.4;0.1
974;2021-02-14;1;0;11996;635;1.4;0.1
974;2021-02-15;524;126;12520;761;1.5;0.1
974;2021-02-16;651;533;13171;1294;1.5;0.2
974;2021-02-17;592;326;13763;1620;1.6;0.2
974;2021-02-18;494;409;14257;2029;1.7;0.2
974;2021-02-19;497;319;14754;2348;1.7;0.3
974;2021-02-20;577;117;15331;2465;1.8;0.3
974;2021-02-21;0;0;15331;2465;1.8;0.3
974;2021-02-22;403;236;15734;2701;1.8;0.3
974;2021-02-23;607;240;16341;2941;1.9;0.3
974;2021-02-24;584;251;16925;3192;2.0;0.4
974;2021-02-25;647;295;17572;3487;2.0;0.4
974;2021-02-26;485;470;18057;3957;2.1;0.5
974;2021-02-27;384;467;18441;4424;2.1;0.5
974;2021-02-28;0;0;18441;4424;2.1;0.5
974;2021-03-01;293;385;18734;4809;2.2;0.6
974;2021-03-02;485;505;19219;5314;2.2;0.6
974;2021-03-03;757;537;19976;5851;2.3;0.7
974;2021-03-04;777;494;20753;6345;2.4;0.7
974;2021-03-05;728;523;21481;6868;2.5;0.8
974;2021-03-06;812;525;22293;7393;2.6;0.9
974;2021-03-07;0;0;22293;7393;2.6;0.9
974;2021-03-08;436;558;22729;7951;2.6;0.9
974;2021-03-09;671;770;23400;8721;2.7;1.0
974;2021-03-10;643;836;24043;9557;2.8;1.1
974;2021-03-11;701;631;24744;10188;2.9;1.2
974;2021-03-12;730;652;25474;10840;3.0;1.3
974;2021-03-13;669;600;26143;11440;3.0;1.3
974;2021-03-14;2;0;26145;11440;3.0;1.3
974;2021-03-15;507;500;26652;11940;3.1;1.4
974;2021-03-16;681;691;27333;12631;3.2;1.5
974;2021-03-17;848;529;28181;13160;3.3;1.5
974;2021-03-18;1022;513;29203;13673;3.4;1.6
974;2021-03-19;785;529;29988;14202;3.5;1.7
974;2021-03-20;578;594;30566;14796;3.6;1.7
974;2021-03-21;0;0;30566;14796;3.6;1.7
974;2021-03-22;566;467;31132;15263;3.6;1.8
974;2021-03-23;780;637;31912;15900;3.7;1.8
974;2021-03-24;792;644;32704;16544;3.8;1.9
974;2021-03-25;932;539;33636;17083;3.9;2.0
974;2021-03-26;922;452;34558;17535;4.0;2.0
974;2021-03-27;782;337;35340;17872;4.1;2.1
974;2021-03-28;1;0;35341;17872;4.1;2.1
974;2021-03-29;961;270;36302;18142;4.2;2.1
974;2021-03-30;884;496;37186;18638;4.3;2.2
974;2021-03-31;740;660;37926;19298;4.4;2.2
974;2021-04-01;718;708;38644;20006;4.5;2.3
974;2021-04-02;688;757;39332;20763;4.6;2.4
974;2021-04-03;699;698;40031;21461;4.7;2.5
974;2021-04-04;0;0;40031;21461;4.7;2.5
974;2021-04-05;0;0;40031;21461;4.7;2.5
974;2021-04-06;795;635;40826;22096;4.7;2.6
974;2021-04-07;1368;783;42194;22879;4.9;2.7
974;2021-04-08;1791;769;43985;23648;5.1;2.7
974;2021-04-09;1509;775;45494;24423;5.3;2.8
974;2021-04-10;1138;648;46632;25071;5.4;2.9
974;2021-04-11;2;0;46634;25071;5.4;2.9
974;2021-04-12;1238;546;47872;25617;5.6;3.0
974;2021-04-13;1440;752;49312;26369;5.7;3.1
974;2021-04-14;2070;764;51382;27133;6.0;3.2
974;2021-04-15;2506;954;53888;28087;6.3;3.3
974;2021-04-16;1935;784;55823;28871;6.5;3.4
974;2021-04-17;1290;603;57113;29474;6.6;3.4
974;2021-04-18;0;0;57113;29474;6.6;3.4
974;2021-04-19;1374;564;58487;30038;6.8;3.5
974;2021-04-20;1651;805;60138;30843;7.0;3.6
974;2021-04-21;2126;626;62264;31469;7.2;3.7
974;2021-04-22;2953;821;65217;32290;7.6;3.8
974;2021-04-23;2312;818;67529;33108;7.9;3.8
974;2021-04-24;1109;804;68638;33912;8.0;3.9
974;2021-04-25;3;0;68641;33912;8.0;3.9
974;2021-04-26;1173;914;69814;34826;8.1;4.0
974;2021-04-27;1686;1027;71500;35853;8.3;4.2
974;2021-04-28;2900;749;74400;36602;8.7;4.3
974;2021-04-29;3950;810;78350;37412;9.1;4.4
974;2021-04-30;3446;906;81796;38318;9.5;4.5
974;2021-05-01;2106;226;83902;38544;9.8;4.5
974;2021-05-02;1;0;83903;38544;9.8;4.5
974;2021-05-03;1865;574;85768;39118;10.0;4.5
974;2021-05-04;2128;1094;87896;40212;10.2;4.7
974;2021-05-05;3119;1642;91015;41854;10.6;4.9
974;2021-05-06;4005;1584;95020;43438;11.0;5.1
974;2021-05-07;3228;1526;98248;44964;11.4;5.2
974;2021-05-08;1574;503;99822;45467;11.6;5.3
974;2021-05-09;2;1;99824;45468;11.6;5.3
974;2021-05-10;2412;1000;102236;46468;11.9;5.4
974;2021-05-11;3652;1639;105888;48107;12.3;5.6
974;2021-05-12;4724;2398;110612;50505;12.9;5.9
974;2021-05-13;3555;596;114167;51101;13.3;5.9
974;2021-05-14;5277;2513;119444;53614;13.9;6.2
974;2021-05-15;3159;1537;122603;55151;14.3;6.4
974;2021-05-16;16;19;122619;55170;14.3;6.4
974;2021-05-17;2998;1499;125617;56669;14.6;6.6
974;2021-05-18;3764;1795;129381;58464;15.0;6.8
974;2021-05-19;4692;2417;134073;60881;15.6;7.1
974;2021-05-20;5140;2853;139213;63734;16.2;7.4
974;2021-05-21;4995;2637;144208;66371;16.8;7.7
974;2021-05-22;3370;1256;147578;67627;17.2;7.9
974;2021-05-23;5;3;147583;67630;17.2;7.9
974;2021-05-24;3645;1077;151228;68707;17.6;8.0
974;2021-05-25;4247;1911;155475;70618;18.1;8.2
974;2021-05-26;4992;2991;160467;73609;18.7;8.6
974;2021-05-27;4616;4096;165083;77705;19.2;9.0
974;2021-05-28;4385;3834;169468;81539;19.7;9.5
974;2021-05-29;2555;2455;172023;83994;20.0;9.8
974;2021-05-30;8;14;172031;84008;20.0;9.8
974;2021-05-31;2348;2254;174379;86262;20.3;10.0
974;2021-06-01;3301;2761;177680;89023;20.7;10.4
974;2021-06-02;3973;3365;181653;92388;21.1;10.7
974;2021-06-03;4043;3651;185696;96039;21.6;11.2
974;2021-06-04;3849;3760;189545;99799;22.0;11.6
974;2021-06-05;2214;1924;191759;101723;22.3;11.8
974;2021-06-06;1073;133;192832;101856;22.4;11.8
974;2021-06-07;2014;2527;194846;104383;22.7;12.1
974;2021-06-08;2558;3339;197404;107722;23.0;12.5
974;2021-06-09;2981;4833;200385;112555;23.3;13.1
974;2021-06-10;3414;4464;203799;117019;23.7;13.6
974;2021-06-11;2841;4623;206640;121642;24.0;14.1
974;2021-06-12;1726;3378;208366;125020;24.2;14.5
974;2021-06-13;1323;246;209689;125266;24.4;14.6
974;2021-06-14;1490;3183;211179;128449;24.6;14.9
974;2021-06-15;2058;3618;213237;132067;24.8;15.4
974;2021-06-16;2751;4655;215988;136722;25.1;15.9
974;2021-06-17;2521;4896;218509;141618;25.4;16.5
974;2021-06-18;2602;4893;221111;146511;25.7;17.0
974;2021-06-19;1304;3517;222415;150028;25.9;17.4
974;2021-06-20;632;288;223047;150316;25.9;17.5
974;2021-06-21;1265;3234;224312;153550;26.1;17.9
974;2021-06-22;1624;3763;225936;157313;26.3;18.3
974;2021-06-23;2255;4994;228191;162307;26.5;18.9
974;2021-06-24;2284;4071;230475;166378;26.8;19.3
974;2021-06-25;2188;4104;232663;170482;27.1;19.8
974;2021-06-26;1400;2711;234063;173193;27.2;20.1
974;2021-06-27;665;267;234728;173460;27.3;20.2
974;2021-06-28;1307;2479;236035;175939;27.4;20.5
974;2021-06-29;1757;2845;237792;178784;27.7;20.8
974;2021-06-30;2562;3846;240354;182630;27.9;21.2
974;2021-07-01;2698;3827;243052;186457;28.3;21.7
974;2021-07-02;2510;3713;245562;190170;28.6;22.1
974;2021-07-03;1613;2459;247175;192629;28.7;22.4
974;2021-07-04;881;1038;248056;193667;28.8;22.5
974;2021-07-05;1691;2220;249747;195887;29.0;22.8
974;2021-07-06;2576;2540;252323;198427;29.3;23.1
974;2021-07-07;2662;3135;254985;201562;29.7;23.4
974;2021-07-08;2410;3173;257395;204735;29.9;23.8
974;2021-07-09;2758;3428;260153;208163;30.3;24.2
974;2021-07-10;1621;2192;261774;210355;30.4;24.5
974;2021-07-11;730;1016;262504;211371;30.5;24.6
974;2021-07-12;1748;2603;264252;213974;30.7;24.9
974;2021-07-13;4428;3337;268680;217311;31.2;25.3
974;2021-07-14;3293;604;271973;217915;31.6;25.3
974;2021-07-15;5552;4015;277525;221930;32.3;25.8
974;2021-07-16;6230;3288;283755;225218;33.0;26.2
974;2021-07-17;4372;1903;288127;227121;33.5;26.4
974;2021-07-18;2673;763;290800;227884;33.8;26.5
974;2021-07-19;4641;2024;295441;229908;34.4;26.7
974;2021-07-20;6225;2424;301666;232332;35.1;27.0
974;2021-07-21;6714;2857;308380;235189;35.9;27.3
974;2021-07-22;7099;2814;315479;238003;36.7;27.7
974;2021-07-23;6621;2977;322100;240980;37.5;28.0
974;2021-07-24;3794;2052;325894;243032;37.9;28.3
974;2021-07-25;2521;757;328415;243789;38.2;28.3
974;2021-07-26;4352;2085;332767;245874;38.7;28.6
974;2021-07-27;5390;2555;338157;248429;39.3;28.9
974;2021-07-28;5341;2888;343498;251317;39.9;29.2
974;2021-07-29;5694;2805;349192;254122;40.6;29.6
974;2021-07-30;5828;2583;355020;256705;41.3;29.9
974;2021-07-31;3906;1636;358926;258341;41.7;30.0
974;2021-08-01;1882;715;360808;259056;42.0;30.1
974;2021-08-02;3374;1864;364182;260920;42.3;30.3
974;2021-08-03;4261;4075;368443;264995;42.8;30.8
974;2021-08-04;4832;4218;373275;269213;43.4;31.3
974;2021-08-05;4400;4669;377675;273882;43.9;31.8
974;2021-08-06;4045;5092;381720;278974;44.4;32.4
974;2021-08-07;2734;4044;384454;283018;44.7;32.9
974;2021-08-08;1469;2265;385923;285283;44.9;33.2
974;2021-08-09;2542;4531;388465;289814;45.2;33.7
974;2021-08-10;3745;4958;392210;294772;45.6;34.3
974;2021-08-11;4555;5423;396765;300195;46.1;34.9
974;2021-08-12;4668;5918;401433;306113;46.7;35.6
974;2021-08-13;4421;5824;405854;311937;47.2;36.3
974;2021-08-14;2549;4316;408403;316253;47.5;36.8
974;2021-08-15;1564;2175;409967;318428;47.7;37.0
974;2021-08-16;2320;4167;412287;322595;47.9;37.5
974;2021-08-17;3089;4522;415376;327117;48.3;38.0
975;2020-12-27;0;0;0;0;0.0;0.0
975;2020-12-28;0;0;0;0;0.0;0.0
975;2020-12-29;0;0;0;0;0.0;0.0
975;2020-12-30;0;0;0;0;0.0;0.0
975;2020-12-31;0;0;0;0;0.0;0.0
975;2021-01-01;0;0;0;0;0.0;0.0
975;2021-01-02;0;0;0;0;0.0;0.0
975;2021-01-03;0;0;0;0;0.0;0.0
975;2021-01-04;0;0;0;0;0.0;0.0
975;2021-01-05;0;0;0;0;0.0;0.0
975;2021-01-06;0;0;0;0;0.0;0.0
975;2021-01-07;0;0;0;0;0.0;0.0
975;2021-01-08;0;0;0;0;0.0;0.0
975;2021-01-09;0;0;0;0;0.0;0.0
975;2021-01-10;0;0;0;0;0.0;0.0
975;2021-01-11;0;0;0;0;0.0;0.0
975;2021-01-12;0;0;0;0;0.0;0.0
975;2021-01-13;0;0;0;0;0.0;0.0
975;2021-01-14;0;0;0;0;0.0;0.0
975;2021-01-15;0;0;0;0;0.0;0.0
975;2021-01-16;0;0;0;0;0.0;0.0
975;2021-01-17;0;0;0;0;0.0;0.0
975;2021-01-18;0;0;0;0;0.0;0.0
975;2021-01-19;0;0;0;0;0.0;0.0
975;2021-01-20;0;0;0;0;0.0;0.0
975;2021-01-21;0;0;0;0;0.0;0.0
975;2021-01-22;0;0;0;0;0.0;0.0
975;2021-01-23;0;0;0;0;0.0;0.0
975;2021-01-24;0;0;0;0;0.0;0.0
975;2021-01-25;0;0;0;0;0.0;0.0
975;2021-01-26;0;0;0;0;0.0;0.0
975;2021-01-27;0;0;0;0;0.0;0.0
975;2021-01-28;0;0;0;0;0.0;0.0
975;2021-01-29;0;0;0;0;0.0;0.0
975;2021-01-30;0;0;0;0;0.0;0.0
975;2021-01-31;0;0;0;0;0.0;0.0
975;2021-02-01;0;0;0;0;0.0;0.0
975;2021-02-02;0;0;0;0;0.0;0.0
975;2021-02-03;0;0;0;0;0.0;0.0
975;2021-02-04;0;0;0;0;0.0;0.0
975;2021-02-05;0;0;0;0;0.0;0.0
975;2021-02-06;0;0;0;0;0.0;0.0
975;2021-02-07;0;0;0;0;0.0;0.0
975;2021-02-08;0;0;0;0;0.0;0.0
975;2021-02-09;0;0;0;0;0.0;0.0
975;2021-02-10;0;0;0;0;0.0;0.0
975;2021-02-11;0;0;0;0;0.0;0.0
975;2021-02-12;0;0;0;0;0.0;0.0
975;2021-02-13;0;0;0;0;0.0;0.0
975;2021-02-14;0;0;0;0;0.0;0.0
975;2021-02-15;0;0;0;0;0.0;0.0
975;2021-02-16;0;0;0;0;0.0;0.0
975;2021-02-17;0;0;0;0;0.0;0.0
975;2021-02-18;0;0;0;0;0.0;0.0
975;2021-02-19;0;0;0;0;0.0;0.0
975;2021-02-20;0;0;0;0;0.0;0.0
975;2021-02-21;0;0;0;0;0.0;0.0
975;2021-02-22;0;0;0;0;0.0;0.0
975;2021-02-23;0;0;0;0;0.0;0.0
975;2021-02-24;0;0;0;0;0.0;0.0
975;2021-02-25;0;0;0;0;0.0;0.0
975;2021-02-26;0;0;0;0;0.0;0.0
975;2021-02-27;0;0;0;0;0.0;0.0
975;2021-02-28;0;0;0;0;0.0;0.0
975;2021-03-01;0;0;0;0;0.0;0.0
975;2021-03-02;0;0;0;0;0.0;0.0
975;2021-03-03;0;0;0;0;0.0;0.0
975;2021-03-04;0;0;0;0;0.0;0.0
975;2021-03-05;0;0;0;0;0.0;0.0
975;2021-03-06;0;0;0;0;0.0;0.0
975;2021-03-07;0;0;0;0;0.0;0.0
975;2021-03-08;0;0;0;0;0.0;0.0
975;2021-03-09;0;0;0;0;0.0;0.0
975;2021-03-10;0;0;0;0;0.0;0.0
975;2021-03-11;0;0;0;0;0.0;0.0
975;2021-03-12;0;0;0;0;0.0;0.0
975;2021-03-13;0;0;0;0;0.0;0.0
975;2021-03-14;0;0;0;0;0.0;0.0
975;2021-03-15;0;0;0;0;0.0;0.0
975;2021-03-16;0;0;0;0;0.0;0.0
975;2021-03-17;0;0;0;0;0.0;0.0
975;2021-03-18;0;0;0;0;0.0;0.0
975;2021-03-19;0;0;0;0;0.0;0.0
975;2021-03-20;0;0;0;0;0.0;0.0
975;2021-03-21;0;0;0;0;0.0;0.0
975;2021-03-22;0;0;0;0;0.0;0.0
975;2021-03-23;0;0;0;0;0.0;0.0
975;2021-03-24;0;0;0;0;0.0;0.0
975;2021-03-25;0;0;0;0;0.0;0.0
975;2021-03-26;0;0;0;0;0.0;0.0
975;2021-03-27;0;0;0;0;0.0;0.0
975;2021-03-28;0;0;0;0;0.0;0.0
975;2021-03-29;2;0;2;0;0.0;0.0
975;2021-03-30;0;0;2;0;0.0;0.0
975;2021-03-31;0;0;2;0;0.0;0.0
975;2021-04-01;0;0;2;0;0.0;0.0
975;2021-04-02;0;0;2;0;0.0;0.0
975;2021-04-03;0;0;2;0;0.0;0.0
975;2021-04-04;0;0;2;0;0.0;0.0
975;2021-04-05;0;0;2;0;0.0;0.0
975;2021-04-06;0;0;2;0;0.0;0.0
975;2021-04-07;0;0;2;0;0.0;0.0
975;2021-04-08;1;0;3;0;0.1;0.0
975;2021-04-09;0;0;3;0;0.1;0.0
975;2021-04-10;0;0;3;0;0.1;0.0
975;2021-04-11;0;0;3;0;0.1;0.0
975;2021-04-12;0;0;3;0;0.1;0.0
975;2021-04-13;0;0;3;0;0.1;0.0
975;2021-04-14;0;0;3;0;0.1;0.0
975;2021-04-15;0;0;3;0;0.1;0.0
975;2021-04-16;0;0;3;0;0.1;0.0
975;2021-04-17;0;0;3;0;0.1;0.0
975;2021-04-18;0;0;3;0;0.1;0.0
975;2021-04-19;0;0;3;0;0.1;0.0
975;2021-04-20;0;0;3;0;0.1;0.0
975;2021-04-21;0;0;3;0;0.1;0.0
975;2021-04-22;0;0;3;0;0.1;0.0
975;2021-04-23;0;0;3;0;0.1;0.0
975;2021-04-24;0;0;3;0;0.1;0.0
975;2021-04-25;0;0;3;0;0.1;0.0
975;2021-04-26;0;0;3;0;0.1;0.0
975;2021-04-27;0;0;3;0;0.1;0.0
975;2021-04-28;0;0;3;0;0.1;0.0
975;2021-04-29;0;0;3;0;0.1;0.0
975;2021-04-30;0;0;3;0;0.1;0.0
975;2021-05-01;0;0;3;0;0.1;0.0
975;2021-05-02;0;0;3;0;0.1;0.0
975;2021-05-03;0;0;3;0;0.1;0.0
975;2021-05-04;0;0;3;0;0.1;0.0
975;2021-05-05;0;0;3;0;0.1;0.0
975;2021-05-06;0;0;3;0;0.1;0.0
975;2021-05-07;0;0;3;0;0.1;0.0
975;2021-05-08;0;0;3;0;0.1;0.0
975;2021-05-09;0;0;3;0;0.1;0.0
975;2021-05-10;0;0;3;0;0.1;0.0
975;2021-05-11;0;0;3;0;0.1;0.0
975;2021-05-12;0;0;3;0;0.1;0.0
975;2021-05-13;0;0;3;0;0.1;0.0
975;2021-05-14;0;0;3;0;0.1;0.0
975;2021-05-15;0;0;3;0;0.1;0.0
975;2021-05-16;0;0;3;0;0.1;0.0
975;2021-05-17;0;0;3;0;0.1;0.0
975;2021-05-18;0;0;3;0;0.1;0.0
975;2021-05-19;0;0;3;0;0.1;0.0
975;2021-05-20;0;0;3;0;0.1;0.0
975;2021-05-21;0;0;3;0;0.1;0.0
975;2021-05-22;0;0;3;0;0.1;0.0
975;2021-05-23;0;0;3;0;0.1;0.0
975;2021-05-24;0;0;3;0;0.1;0.0
975;2021-05-25;0;0;3;0;0.1;0.0
975;2021-05-26;0;0;3;0;0.1;0.0
975;2021-05-27;0;0;3;0;0.1;0.0
975;2021-05-28;0;0;3;0;0.1;0.0
975;2021-05-29;0;2;3;2;0.1;0.0
975;2021-05-30;0;0;3;2;0.1;0.0
975;2021-05-31;0;0;3;2;0.1;0.0
975;2021-06-01;0;0;3;2;0.1;0.0
975;2021-06-02;0;0;3;2;0.1;0.0
975;2021-06-03;0;0;3;2;0.1;0.0
975;2021-06-04;0;0;3;2;0.1;0.0
975;2021-06-05;0;0;3;2;0.1;0.0
975;2021-06-06;0;0;3;2;0.1;0.0
975;2021-06-07;0;0;3;2;0.1;0.0
975;2021-06-08;0;0;3;2;0.1;0.0
975;2021-06-09;0;0;3;2;0.1;0.0
975;2021-06-10;0;0;3;2;0.1;0.0
975;2021-06-11;0;0;3;2;0.1;0.0
975;2021-06-12;0;0;3;2;0.1;0.0
975;2021-06-13;0;0;3;2;0.1;0.0
975;2021-06-14;0;0;3;2;0.1;0.0
975;2021-06-15;0;0;3;2;0.1;0.0
975;2021-06-16;0;0;3;2;0.1;0.0
975;2021-06-17;0;0;3;2;0.1;0.0
975;2021-06-18;0;0;3;2;0.1;0.0
975;2021-06-19;0;0;3;2;0.1;0.0
975;2021-06-20;0;0;3;2;0.1;0.0
975;2021-06-21;1;0;4;2;0.1;0.0
975;2021-06-22;0;0;4;2;0.1;0.0
975;2021-06-23;0;0;4;2;0.1;0.0
975;2021-06-24;0;0;4;2;0.1;0.0
975;2021-06-25;0;0;4;2;0.1;0.0
975;2021-06-26;0;0;4;2;0.1;0.0
975;2021-06-27;0;0;4;2;0.1;0.0
975;2021-06-28;0;0;4;2;0.1;0.0
975;2021-06-29;0;0;4;2;0.1;0.0
975;2021-06-30;0;0;4;2;0.1;0.0
975;2021-07-01;0;0;4;2;0.1;0.0
975;2021-07-02;0;0;4;2;0.1;0.0
975;2021-07-03;0;0;4;2;0.1;0.0
975;2021-07-04;0;0;4;2;0.1;0.0
975;2021-07-05;0;0;4;2;0.1;0.0
975;2021-07-06;1;0;5;2;0.1;0.0
975;2021-07-07;7;0;12;2;0.2;0.0
975;2021-07-08;0;0;12;2;0.2;0.0
975;2021-07-09;1;0;13;2;0.2;0.0
975;2021-07-10;0;0;13;2;0.2;0.0
975;2021-07-11;0;0;13;2;0.2;0.0
975;2021-07-12;1;0;14;2;0.2;0.0
975;2021-07-13;0;0;14;2;0.2;0.0
975;2021-07-14;0;0;14;2;0.2;0.0
975;2021-07-15;0;0;14;2;0.2;0.0
975;2021-07-16;0;0;14;2;0.2;0.0
975;2021-07-17;0;0;14;2;0.2;0.0
975;2021-07-18;0;0;14;2;0.2;0.0
975;2021-07-19;0;0;14;2;0.2;0.0
975;2021-07-20;0;0;14;2;0.2;0.0
975;2021-07-21;0;0;14;2;0.2;0.0
975;2021-07-22;0;0;14;2;0.2;0.0
975;2021-07-23;0;0;14;2;0.2;0.0
975;2021-07-24;0;0;14;2;0.2;0.0
975;2021-07-25;0;0;14;2;0.2;0.0
975;2021-07-26;0;0;14;2;0.2;0.0
975;2021-07-27;0;0;14;2;0.2;0.0
975;2021-07-28;0;0;14;2;0.2;0.0
975;2021-07-29;0;0;14;2;0.2;0.0
975;2021-07-30;0;0;14;2;0.2;0.0
975;2021-07-31;0;0;14;2;0.2;0.0
975;2021-08-01;0;0;14;2;0.2;0.0
975;2021-08-02;1;0;15;2;0.3;0.0
975;2021-08-03;0;0;15;2;0.3;0.0
975;2021-08-04;0;0;15;2;0.3;0.0
975;2021-08-05;0;0;15;2;0.3;0.0
975;2021-08-06;0;0;15;2;0.3;0.0
975;2021-08-07;0;0;15;2;0.3;0.0
975;2021-08-08;0;0;15;2;0.3;0.0
975;2021-08-09;0;0;15;2;0.3;0.0
975;2021-08-10;0;0;15;2;0.3;0.0
975;2021-08-11;0;0;15;2;0.3;0.0
975;2021-08-12;0;0;15;2;0.3;0.0
975;2021-08-13;0;0;15;2;0.3;0.0
975;2021-08-14;0;0;15;2;0.3;0.0
975;2021-08-15;0;0;15;2;0.3;0.0
975;2021-08-16;0;0;15;2;0.3;0.0
975;2021-08-17;0;0;15;2;0.3;0.0
976;2020-12-27;0;0;0;0;0.0;0.0
976;2020-12-28;0;0;0;0;0.0;0.0
976;2020-12-29;0;0;0;0;0.0;0.0
976;2020-12-30;0;0;0;0;0.0;0.0
976;2020-12-31;0;0;0;0;0.0;0.0
976;2021-01-01;0;0;0;0;0.0;0.0
976;2021-01-02;0;0;0;0;0.0;0.0
976;2021-01-03;0;0;0;0;0.0;0.0
976;2021-01-04;0;0;0;0;0.0;0.0
976;2021-01-05;0;0;0;0;0.0;0.0
976;2021-01-06;0;0;0;0;0.0;0.0
976;2021-01-07;0;0;0;0;0.0;0.0
976;2021-01-08;0;0;0;0;0.0;0.0
976;2021-01-09;0;0;0;0;0.0;0.0
976;2021-01-10;0;0;0;0;0.0;0.0
976;2021-01-11;9;0;9;0;0.0;0.0
976;2021-01-12;0;0;9;0;0.0;0.0
976;2021-01-13;0;0;9;0;0.0;0.0
976;2021-01-14;0;0;9;0;0.0;0.0
976;2021-01-15;1;0;10;0;0.0;0.0
976;2021-01-16;1;0;11;0;0.0;0.0
976;2021-01-17;0;0;11;0;0.0;0.0
976;2021-01-18;1;0;12;0;0.0;0.0
976;2021-01-19;0;0;12;0;0.0;0.0
976;2021-01-20;0;0;12;0;0.0;0.0
976;2021-01-21;1;1;13;1;0.0;0.0
976;2021-01-22;0;0;13;1;0.0;0.0
976;2021-01-23;1;0;14;1;0.0;0.0
976;2021-01-24;0;0;14;1;0.0;0.0
976;2021-01-25;143;3;157;4;0.1;0.0
976;2021-01-26;165;3;322;7;0.1;0.0
976;2021-01-27;250;3;572;10;0.2;0.0
976;2021-01-28;102;8;674;18;0.2;0.0
976;2021-01-29;231;2;905;20;0.3;0.0
976;2021-01-30;285;11;1190;31;0.4;0.0
976;2021-01-31;1;0;1191;31;0.4;0.0
976;2021-02-01;161;1;1352;32;0.5;0.0
976;2021-02-02;330;9;1682;41;0.6;0.0
976;2021-02-03;228;3;1910;44;0.7;0.0
976;2021-02-04;216;9;2126;53;0.8;0.0
976;2021-02-05;213;0;2339;53;0.8;0.0
976;2021-02-06;83;10;2422;63;0.9;0.0
976;2021-02-07;0;0;2422;63;0.9;0.0
976;2021-02-08;82;4;2504;67;0.9;0.0
976;2021-02-09;194;1;2698;68;1.0;0.0
976;2021-02-10;187;4;2885;72;1.0;0.0
976;2021-02-11;236;4;3121;76;1.1;0.0
976;2021-02-12;287;4;3408;80;1.2;0.0
976;2021-02-13;56;0;3464;80;1.2;0.0
976;2021-02-14;1;0;3465;80;1.2;0.0
976;2021-02-15;359;7;3824;87;1.4;0.0
976;2021-02-16;266;10;4090;97;1.5;0.0
976;2021-02-17;167;8;4257;105;1.5;0.0
976;2021-02-18;217;12;4474;117;1.6;0.0
976;2021-02-19;237;24;4711;141;1.7;0.1
976;2021-02-20;139;8;4850;149;1.7;0.1
976;2021-02-21;0;0;4850;149;1.7;0.1
976;2021-02-22;130;122;4980;271;1.8;0.1
976;2021-02-23;184;156;5164;427;1.8;0.2
976;2021-02-24;176;146;5340;573;1.9;0.2
976;2021-02-25;227;277;5567;850;2.0;0.3
976;2021-02-26;242;247;5809;1097;2.1;0.4
976;2021-02-27;0;0;5809;1097;2.1;0.4
976;2021-02-28;0;0;5809;1097;2.1;0.4
976;2021-03-01;145;259;5954;1356;2.1;0.5
976;2021-03-02;228;260;6182;1616;2.2;0.6
976;2021-03-03;202;190;6384;1806;2.3;0.6
976;2021-03-04;205;143;6589;1949;2.4;0.7
976;2021-03-05;224;116;6813;2065;2.4;0.7
976;2021-03-06;1;0;6814;2065;2.4;0.7
976;2021-03-07;0;0;6814;2065;2.4;0.7
976;2021-03-08;189;109;7003;2174;2.5;0.8
976;2021-03-09;391;163;7394;2337;2.6;0.8
976;2021-03-10;180;178;7574;2515;2.7;0.9
976;2021-03-11;167;207;7741;2722;2.8;1.0
976;2021-03-12;237;294;7978;3016;2.9;1.1
976;2021-03-13;2;0;7980;3016;2.9;1.1
976;2021-03-14;0;0;7980;3016;2.9;1.1
976;2021-03-15;157;294;8137;3310;2.9;1.2
976;2021-03-16;237;226;8374;3536;3.0;1.3
976;2021-03-17;264;144;8638;3680;3.1;1.3
976;2021-03-18;173;236;8811;3916;3.2;1.4
976;2021-03-19;173;298;8984;4214;3.2;1.5
976;2021-03-20;0;0;8984;4214;3.2;1.5
976;2021-03-21;0;0;8984;4214;3.2;1.5
976;2021-03-22;97;136;9081;4350;3.2;1.6
976;2021-03-23;136;239;9217;4589;3.3;1.6
976;2021-03-24;160;147;9377;4736;3.4;1.7
976;2021-03-25;185;206;9562;4942;3.4;1.8
976;2021-03-26;160;212;9722;5154;3.5;1.8
976;2021-03-27;18;0;9740;5154;3.5;1.8
976;2021-03-28;1;0;9741;5154;3.5;1.8
976;2021-03-29;0;2;9741;5156;3.5;1.8
976;2021-03-30;272;335;10013;5491;3.6;2.0
976;2021-03-31;225;125;10238;5616;3.7;2.0
976;2021-04-01;245;103;10483;5719;3.8;2.0
976;2021-04-02;289;262;10772;5981;3.9;2.1
976;2021-04-03;905;308;11677;6289;4.2;2.3
976;2021-04-04;1;0;11678;6289;4.2;2.3
976;2021-04-05;1;0;11679;6289;4.2;2.3
976;2021-04-06;162;277;11841;6566;4.2;2.3
976;2021-04-07;237;266;12078;6832;4.3;2.4
976;2021-04-08;285;140;12363;6972;4.4;2.5
976;2021-04-09;249;171;12612;7143;4.5;2.6
976;2021-04-10;181;114;12793;7257;4.6;2.6
976;2021-04-11;7;0;12800;7257;4.6;2.6
976;2021-04-12;0;19;12800;7276;4.6;2.6
976;2021-04-13;394;345;13194;7621;4.7;2.7
976;2021-04-14;239;205;13433;7826;4.8;2.8
976;2021-04-15;209;117;13642;7943;4.9;2.8
976;2021-04-16;214;127;13856;8070;5.0;2.9
976;2021-04-17;226;131;14082;8201;5.0;2.9
976;2021-04-18;1;0;14083;8201;5.0;2.9
976;2021-04-19;7;1;14090;8202;5.0;2.9
976;2021-04-20;369;223;14459;8425;5.2;3.0
976;2021-04-21;413;150;14872;8575;5.3;3.1
976;2021-04-22;410;150;15282;8725;5.5;3.1
976;2021-04-23;367;166;15649;8891;5.6;3.2
976;2021-04-24;413;128;16062;9019;5.7;3.2
976;2021-04-25;2;0;16064;9019;5.7;3.2
976;2021-04-26;55;8;16119;9027;5.8;3.2
976;2021-04-27;351;293;16470;9320;5.9;3.3
976;2021-04-28;357;515;16827;9835;6.0;3.5
976;2021-04-29;559;344;17386;10179;6.2;3.6
976;2021-04-30;404;238;17790;10417;6.4;3.7
976;2021-05-01;673;286;18463;10703;6.6;3.8
976;2021-05-02;0;0;18463;10703;6.6;3.8
976;2021-05-03;141;6;18604;10709;6.7;3.8
976;2021-05-04;353;426;18957;11135;6.8;4.0
976;2021-05-05;448;318;19405;11453;6.9;4.1
976;2021-05-06;320;202;19725;11655;7.1;4.2
976;2021-05-07;341;133;20066;11788;7.2;4.2
976;2021-05-08;305;139;20371;11927;7.3;4.3
976;2021-05-09;0;0;20371;11927;7.3;4.3
976;2021-05-10;9;9;20380;11936;7.3;4.3
976;2021-05-11;363;490;20743;12426;7.4;4.4
976;2021-05-12;334;310;21077;12736;7.5;4.6
976;2021-05-13;127;97;21204;12833;7.6;4.6
976;2021-05-14;0;0;21204;12833;7.6;4.6
976;2021-05-15;486;283;21690;13116;7.8;4.7
976;2021-05-16;1;0;21691;13116;7.8;4.7
976;2021-05-17;124;51;21815;13167;7.8;4.7
976;2021-05-18;517;430;22332;13597;8.0;4.9
976;2021-05-19;651;663;22983;14260;8.2;5.1
976;2021-05-20;1055;497;24038;14757;8.6;5.3
976;2021-05-21;1046;313;25084;15070;9.0;5.4
976;2021-05-22;1243;299;26327;15369;9.4;5.5
976;2021-05-23;0;0;26327;15369;9.4;5.5
976;2021-05-24;1;0;26328;15369;9.4;5.5
976;2021-05-25;890;623;27218;15992;9.7;5.7
976;2021-05-26;1036;842;28254;16834;10.1;6.0
976;2021-05-27;1325;512;29579;17346;10.6;6.2
976;2021-05-28;957;374;30536;17720;10.9;6.3
976;2021-05-29;1131;391;31667;18111;11.3;6.5
976;2021-05-30;1;1;31668;18112;11.3;6.5
976;2021-05-31;105;6;31773;18118;11.4;6.5
976;2021-06-01;1151;651;32924;18769;11.8;6.7
976;2021-06-02;1238;529;34162;19298;12.2;6.9
976;2021-06-03;808;351;34970;19649;12.5;7.0
976;2021-06-04;1001;323;35971;19972;12.9;7.1
976;2021-06-05;679;299;36650;20271;13.1;7.3
976;2021-06-06;1;0;36651;20271;13.1;7.3
976;2021-06-07;91;12;36742;20283;13.1;7.3
976;2021-06-08;958;444;37700;20727;13.5;7.4
976;2021-06-09;971;550;38671;21277;13.8;7.6
976;2021-06-10;702;231;39373;21508;14.1;7.7
976;2021-06-11;849;366;40222;21874;14.4;7.8
976;2021-06-12;585;276;40807;22150;14.6;7.9
976;2021-06-13;2;0;40809;22150;14.6;7.9
976;2021-06-14;187;112;40996;22262;14.7;8.0
976;2021-06-15;415;839;41411;23101;14.8;8.3
976;2021-06-16;892;1442;42303;24543;15.1;8.8
976;2021-06-17;792;660;43095;25203;15.4;9.0
976;2021-06-18;707;621;43802;25824;15.7;9.2
976;2021-06-19;538;643;44340;26467;15.9;9.5
976;2021-06-20;1;0;44341;26467;15.9;9.5
976;2021-06-21;128;132;44469;26599;15.9;9.5
976;2021-06-22;430;1150;44899;27749;16.1;9.9
976;2021-06-23;662;1185;45561;28934;16.3;10.4
976;2021-06-24;469;546;46030;29480;16.5;10.5
976;2021-06-25;543;477;46573;29957;16.7;10.7
976;2021-06-26;388;690;46961;30647;16.8;11.0
976;2021-06-27;1;0;46962;30647;16.8;11.0
976;2021-06-28;106;191;47068;30838;16.8;11.0
976;2021-06-29;723;974;47791;31812;17.1;11.4
976;2021-06-30;683;947;48474;32759;17.3;11.7
976;2021-07-01;580;546;49054;33305;17.6;11.9
976;2021-07-02;452;431;49506;33736;17.7;12.1
976;2021-07-03;447;420;49953;34156;17.9;12.2
976;2021-07-04;2;0;49955;34156;17.9;12.2
976;2021-07-05;120;224;50075;34380;17.9;12.3
976;2021-07-06;503;865;50578;35245;18.1;12.6
976;2021-07-07;771;1010;51349;36255;18.4;13.0
976;2021-07-08;806;634;52155;36889;18.7;13.2
976;2021-07-09;791;518;52946;37407;18.9;13.4
976;2021-07-10;441;319;53387;37726;19.1;13.5
976;2021-07-11;0;0;53387;37726;19.1;13.5
976;2021-07-12;164;172;53551;37898;19.2;13.6
976;2021-07-13;855;1000;54406;38898;19.5;13.9
976;2021-07-14;0;5;54406;38903;19.5;13.9
976;2021-07-15;1228;814;55634;39717;19.9;14.2
976;2021-07-16;1305;660;56939;40377;20.4;14.4
976;2021-07-17;1047;376;57986;40753;20.7;14.6
976;2021-07-18;0;0;57986;40753;20.7;14.6
976;2021-07-19;204;133;58190;40886;20.8;14.6
976;2021-07-20;1158;872;59348;41758;21.2;14.9
976;2021-07-21;32;28;59380;41786;21.2;15.0
976;2021-07-22;1122;654;60502;42440;21.6;15.2
976;2021-07-23;1201;540;61703;42980;22.1;15.4
976;2021-07-24;853;435;62556;43415;22.4;15.5
976;2021-07-25;0;0;62556;43415;22.4;15.5
976;2021-07-26;178;36;62734;43451;22.4;15.5
976;2021-07-27;1125;821;63859;44272;22.8;15.8
976;2021-07-28;1013;633;64872;44905;23.2;16.1
976;2021-07-29;1199;557;66071;45462;23.6;16.3
976;2021-07-30;1200;406;67271;45868;24.1;16.4
976;2021-07-31;760;274;68031;46142;24.3;16.5
976;2021-08-01;0;0;68031;46142;24.3;16.5
976;2021-08-02;309;179;68340;46321;24.5;16.6
976;2021-08-03;1500;930;69840;47251;25.0;16.9
976;2021-08-04;1820;810;71660;48061;25.6;17.2
976;2021-08-05;1459;495;73119;48556;26.2;17.4
976;2021-08-06;1676;500;74795;49056;26.8;17.6
976;2021-08-07;911;356;75706;49412;27.1;17.7
976;2021-08-08;6;1;75712;49413;27.1;17.7
976;2021-08-09;518;235;76230;49648;27.3;17.8
976;2021-08-10;1618;1374;77848;51022;27.9;18.3
976;2021-08-11;2024;1237;79872;52259;28.6;18.7
976;2021-08-12;1692;611;81564;52870;29.2;18.9
976;2021-08-13;1530;530;83094;53400;29.7;19.1
976;2021-08-14;827;450;83921;53850;30.0;19.3
976;2021-08-15;0;0;83921;53850;30.0;19.3
976;2021-08-16;536;287;84457;54137;30.2;19.4
976;2021-08-17;1705;1288;86162;55425;30.8;19.8
977;2020-12-27;0;0;0;0;0.0;0.0
977;2020-12-28;0;0;0;0;0.0;0.0
977;2020-12-29;0;0;0;0;0.0;0.0
977;2020-12-30;0;0;0;0;0.0;0.0
977;2020-12-31;0;0;0;0;0.0;0.0
977;2021-01-01;0;0;0;0;0.0;0.0
977;2021-01-02;0;0;0;0;0.0;0.0
977;2021-01-03;0;0;0;0;0.0;0.0
977;2021-01-04;0;0;0;0;0.0;0.0
977;2021-01-05;0;0;0;0;0.0;0.0
977;2021-01-06;0;0;0;0;0.0;0.0
977;2021-01-07;0;0;0;0;0.0;0.0
977;2021-01-08;0;0;0;0;0.0;0.0
977;2021-01-09;0;0;0;0;0.0;0.0
977;2021-01-10;0;0;0;0;0.0;0.0
977;2021-01-11;0;0;0;0;0.0;0.0
977;2021-01-12;0;0;0;0;0.0;0.0
977;2021-01-13;0;0;0;0;0.0;0.0
977;2021-01-14;0;0;0;0;0.0;0.0
977;2021-01-15;0;0;0;0;0.0;0.0
977;2021-01-16;0;0;0;0;0.0;0.0
977;2021-01-17;0;0;0;0;0.0;0.0
977;2021-01-18;1;0;1;0;0.0;0.0
977;2021-01-19;0;0;1;0;0.0;0.0
977;2021-01-20;0;0;1;0;0.0;0.0
977;2021-01-21;12;0;13;0;0.1;0.0
977;2021-01-22;12;0;25;0;0.3;0.0
977;2021-01-23;0;0;25;0;0.3;0.0
977;2021-01-24;0;0;25;0;0.3;0.0
977;2021-01-25;0;0;25;0;0.3;0.0
977;2021-01-26;0;0;25;0;0.3;0.0
977;2021-01-27;12;0;37;0;0.4;0.0
977;2021-01-28;1;0;38;0;0.4;0.0
977;2021-01-29;6;0;44;0;0.4;0.0
977;2021-01-30;0;0;44;0;0.4;0.0
977;2021-01-31;0;0;44;0;0.4;0.0
977;2021-02-01;0;0;44;0;0.4;0.0
977;2021-02-02;0;0;44;0;0.4;0.0
977;2021-02-03;11;0;55;0;0.6;0.0
977;2021-02-04;12;0;67;0;0.7;0.0
977;2021-02-05;11;0;78;0;0.8;0.0
977;2021-02-06;0;0;78;0;0.8;0.0
977;2021-02-07;0;0;78;0;0.8;0.0
977;2021-02-08;0;0;78;0;0.8;0.0
977;2021-02-09;13;0;91;0;0.9;0.0
977;2021-02-10;0;0;91;0;0.9;0.0
977;2021-02-11;17;0;108;0;1.1;0.0
977;2021-02-12;45;0;153;0;1.5;0.0
977;2021-02-13;0;0;153;0;1.5;0.0
977;2021-02-14;0;0;153;0;1.5;0.0
977;2021-02-15;0;0;153;0;1.5;0.0
977;2021-02-16;0;0;153;0;1.5;0.0
977;2021-02-17;0;0;153;0;1.5;0.0
977;2021-02-18;18;0;171;0;1.7;0.0
977;2021-02-19;35;0;206;0;2.1;0.0
977;2021-02-20;0;0;206;0;2.1;0.0
977;2021-02-21;0;0;206;0;2.1;0.0
977;2021-02-22;0;0;206;0;2.1;0.0
977;2021-02-23;0;21;206;21;2.1;0.2
977;2021-02-24;0;0;206;21;2.1;0.2
977;2021-02-25;15;10;221;31;2.2;0.3
977;2021-02-26;33;20;254;51;2.5;0.5
977;2021-02-27;0;0;254;51;2.5;0.5
977;2021-02-28;0;0;254;51;2.5;0.5
977;2021-03-01;0;0;254;51;2.5;0.5
977;2021-03-02;19;11;273;62;2.7;0.6
977;2021-03-03;0;0;273;62;2.7;0.6
977;2021-03-04;16;12;289;74;2.9;0.7
977;2021-03-05;35;19;324;93;3.3;0.9
977;2021-03-06;0;0;324;93;3.3;0.9
977;2021-03-07;0;0;324;93;3.3;0.9
977;2021-03-08;0;0;324;93;3.3;0.9
977;2021-03-09;1;0;325;93;3.3;0.9
977;2021-03-10;0;0;325;93;3.3;0.9
977;2021-03-11;20;30;345;123;3.5;1.2
977;2021-03-12;62;41;407;164;4.1;1.6
977;2021-03-13;0;0;407;164;4.1;1.6
977;2021-03-14;0;0;407;164;4.1;1.6
977;2021-03-15;0;0;407;164;4.1;1.6
977;2021-03-16;30;9;437;173;4.4;1.7
977;2021-03-17;0;0;437;173;4.4;1.7
977;2021-03-18;30;16;467;189;4.7;1.9
977;2021-03-19;57;29;524;218;5.3;2.2
977;2021-03-20;0;0;524;218;5.3;2.2
977;2021-03-21;0;0;524;218;5.3;2.2
977;2021-03-22;0;0;524;218;5.3;2.2
977;2021-03-23;0;0;524;218;5.3;2.2
977;2021-03-24;0;0;524;218;5.3;2.2
977;2021-03-25;65;17;589;235;5.9;2.4
977;2021-03-26;73;26;662;261;6.6;2.6
977;2021-03-27;0;0;662;261;6.6;2.6
977;2021-03-28;0;0;662;261;6.6;2.6
977;2021-03-29;0;0;662;261;6.6;2.6
977;2021-03-30;40;18;702;279;7.0;2.8
977;2021-03-31;26;15;728;294;7.3;3.0
977;2021-04-01;25;32;753;326;7.6;3.3
977;2021-04-02;0;0;753;326;7.6;3.3
977;2021-04-03;0;0;753;326;7.6;3.3
977;2021-04-04;0;0;753;326;7.6;3.3
977;2021-04-05;9;0;762;326;7.6;3.3
977;2021-04-06;0;0;762;326;7.6;3.3
977;2021-04-07;0;0;762;326;7.6;3.3
977;2021-04-08;57;46;819;372;8.2;3.7
977;2021-04-09;58;31;877;403;8.8;4.0
977;2021-04-10;0;0;877;403;8.8;4.0
977;2021-04-11;0;0;877;403;8.8;4.0
977;2021-04-12;0;0;877;403;8.8;4.0
977;2021-04-13;0;0;877;403;8.8;4.0
977;2021-04-14;5;6;882;409;8.9;4.1
977;2021-04-15;56;71;938;480;9.4;4.8
977;2021-04-16;90;35;1028;515;10.3;5.2
977;2021-04-17;0;1;1028;516;10.3;5.2
977;2021-04-18;0;0;1028;516;10.3;5.2
977;2021-04-19;1;0;1029;516;10.3;5.2
977;2021-04-20;335;65;1364;581;13.7;5.8
977;2021-04-21;337;30;1701;611;17.1;6.1
977;2021-04-22;284;49;1985;660;19.9;6.6
977;2021-04-23;260;42;2245;702;22.5;7.0
977;2021-04-24;231;1;2476;703;24.9;7.1
977;2021-04-25;0;0;2476;703;24.9;7.1
977;2021-04-26;283;19;2759;722;27.7;7.2
977;2021-04-27;224;68;2983;790;29.9;7.9
977;2021-04-28;192;26;3175;816;31.9;8.2
977;2021-04-29;170;23;3345;839;33.6;8.4
977;2021-04-30;172;17;3517;856;35.3;8.6
977;2021-05-01;202;12;3719;868;37.3;8.7
977;2021-05-02;0;0;3719;868;37.3;8.7
977;2021-05-03;135;9;3854;877;38.7;8.8
977;2021-05-04;161;53;4015;930;40.3;9.3
977;2021-05-05;221;28;4236;958;42.5;9.6
977;2021-05-06;175;32;4411;990;44.3;9.9
977;2021-05-07;149;31;4560;1021;45.8;10.2
977;2021-05-08;1;0;4561;1021;45.8;10.2
977;2021-05-09;0;0;4561;1021;45.8;10.2
977;2021-05-10;0;0;4561;1021;45.8;10.2
977;2021-05-11;3;41;4564;1062;45.8;10.7
977;2021-05-12;6;36;4570;1098;45.9;11.0
977;2021-05-13;0;0;4570;1098;45.9;11.0
977;2021-05-14;28;98;4598;1196;46.2;12.0
977;2021-05-15;0;0;4598;1196;46.2;12.0
977;2021-05-16;1;0;4599;1196;46.2;12.0
977;2021-05-17;1;14;4600;1210;46.2;12.1
977;2021-05-18;17;32;4617;1242;46.4;12.5
977;2021-05-19;0;1;4617;1243;46.4;12.5
977;2021-05-20;0;8;4617;1251;46.4;12.6
977;2021-05-21;12;32;4629;1283;46.5;12.9
977;2021-05-22;0;0;4629;1283;46.5;12.9
977;2021-05-23;0;0;4629;1283;46.5;12.9
977;2021-05-24;0;0;4629;1283;46.5;12.9
977;2021-05-25;50;331;4679;1614;47.0;16.2
977;2021-05-26;54;360;4733;1974;47.5;19.8
977;2021-05-27;34;317;4767;2291;47.9;23.0
977;2021-05-28;27;256;4794;2547;48.1;25.6
977;2021-05-29;35;375;4829;2922;48.5;29.3
977;2021-05-30;1;0;4830;2922;48.5;29.3
977;2021-05-31;45;216;4875;3138;48.9;31.5
977;2021-06-01;48;227;4923;3365;49.4;33.8
977;2021-06-02;69;273;4992;3638;50.1;36.5
977;2021-06-03;41;252;5033;3890;50.5;39.1
977;2021-06-04;81;270;5114;4160;51.3;41.8
977;2021-06-05;1;0;5115;4160;51.4;41.8
977;2021-06-06;0;0;5115;4160;51.4;41.8
977;2021-06-07;1;1;5116;4161;51.4;41.8
977;2021-06-08;5;2;5121;4163;51.4;41.8
977;2021-06-09;0;3;5121;4166;51.4;41.8
977;2021-06-10;8;4;5129;4170;51.5;41.9
977;2021-06-11;4;8;5133;4178;51.5;41.9
977;2021-06-12;16;59;5149;4237;51.7;42.5
977;2021-06-13;0;0;5149;4237;51.7;42.5
977;2021-06-14;0;0;5149;4237;51.7;42.5
977;2021-06-15;0;1;5149;4238;51.7;42.5
977;2021-06-16;0;0;5149;4238;51.7;42.5
977;2021-06-17;2;6;5151;4244;51.7;42.6
977;2021-06-18;0;2;5151;4246;51.7;42.6
977;2021-06-19;25;49;5176;4295;52.0;43.1
977;2021-06-20;0;0;5176;4295;52.0;43.1
977;2021-06-21;1;2;5177;4297;52.0;43.1
977;2021-06-22;8;0;5185;4297;52.1;43.1
977;2021-06-23;15;9;5200;4306;52.2;43.2
977;2021-06-24;10;5;5210;4311;52.3;43.3
977;2021-06-25;0;0;5210;4311;52.3;43.3
977;2021-06-26;25;45;5235;4356;52.6;43.7
977;2021-06-27;0;0;5235;4356;52.6;43.7
977;2021-06-28;0;0;5235;4356;52.6;43.7
977;2021-06-29;0;0;5235;4356;52.6;43.7
977;2021-06-30;0;0;5235;4356;52.6;43.7
977;2021-07-01;27;36;5262;4392;52.8;44.1
977;2021-07-02;26;31;5288;4423;53.1;44.4
977;2021-07-03;27;213;5315;4636;53.4;46.5
977;2021-07-04;0;0;5315;4636;53.4;46.5
977;2021-07-05;4;8;5319;4644;53.4;46.6
977;2021-07-06;0;0;5319;4644;53.4;46.6
977;2021-07-07;8;0;5327;4644;53.5;46.6
977;2021-07-08;33;23;5360;4667;53.8;46.9
977;2021-07-09;23;32;5383;4699;54.0;47.2
977;2021-07-10;33;45;5416;4744;54.4;47.6
977;2021-07-11;0;0;5416;4744;54.4;47.6
977;2021-07-12;0;1;5416;4745;54.4;47.6
977;2021-07-13;10;10;5426;4755;54.5;47.7
977;2021-07-14;0;0;5426;4755;54.5;47.7
977;2021-07-15;1;11;5427;4766;54.5;47.8
977;2021-07-16;44;51;5471;4817;54.9;48.4
977;2021-07-17;34;39;5505;4856;55.3;48.8
977;2021-07-18;1;0;5506;4856;55.3;48.8
977;2021-07-19;3;2;5509;4858;55.3;48.8
977;2021-07-20;3;1;5512;4859;55.3;48.8
977;2021-07-21;33;16;5545;4875;55.7;48.9
977;2021-07-22;35;33;5580;4908;56.0;49.3
977;2021-07-23;32;29;5612;4937;56.3;49.6
977;2021-07-24;43;26;5655;4963;56.8;49.8
977;2021-07-25;0;0;5655;4963;56.8;49.8
977;2021-07-26;13;9;5668;4972;56.9;49.9
977;2021-07-27;0;10;5668;4982;56.9;50.0
977;2021-07-28;31;14;5699;4996;57.2;50.2
977;2021-07-29;33;32;5732;5028;57.5;50.5
977;2021-07-30;31;29;5763;5057;57.9;50.8
977;2021-07-31;53;24;5816;5081;58.4;51.0
977;2021-08-01;0;0;5816;5081;58.4;51.0
977;2021-08-02;11;1;5827;5082;58.5;51.0
977;2021-08-03;0;0;5827;5082;58.5;51.0
977;2021-08-04;40;14;5867;5096;58.9;51.2
977;2021-08-05;28;30;5895;5126;59.2;51.5
977;2021-08-06;35;35;5930;5161;59.5;51.8
977;2021-08-07;56;26;5986;5187;60.1;52.1
977;2021-08-08;0;0;5986;5187;60.1;52.1
977;2021-08-09;7;5;5993;5192;60.2;52.1
977;2021-08-10;14;8;6007;5200;60.3;52.2
977;2021-08-11;36;18;6043;5218;60.7;52.4
977;2021-08-12;24;30;6067;5248;60.9;52.7
977;2021-08-13;32;14;6099;5262;61.2;52.8
977;2021-08-14;20;27;6119;5289;61.4;53.1
977;2021-08-15;0;0;6119;5289;61.4;53.1
977;2021-08-16;13;31;6132;5320;61.6;53.4
977;2021-08-17;15;8;6147;5328;61.7;53.5
978;2020-12-27;0;0;0;0;0.0;0.0
978;2020-12-28;0;0;0;0;0.0;0.0
978;2020-12-29;0;0;0;0;0.0;0.0
978;2020-12-30;0;0;0;0;0.0;0.0
978;2020-12-31;0;0;0;0;0.0;0.0
978;2021-01-01;0;0;0;0;0.0;0.0
978;2021-01-02;0;0;0;0;0.0;0.0
978;2021-01-03;0;0;0;0;0.0;0.0
978;2021-01-04;0;0;0;0;0.0;0.0
978;2021-01-05;0;0;0;0;0.0;0.0
978;2021-01-06;0;0;0;0;0.0;0.0
978;2021-01-07;0;0;0;0;0.0;0.0
978;2021-01-08;0;0;0;0;0.0;0.0
978;2021-01-09;0;0;0;0;0.0;0.0
978;2021-01-10;0;0;0;0;0.0;0.0
978;2021-01-11;0;0;0;0;0.0;0.0
978;2021-01-12;0;0;0;0;0.0;0.0
978;2021-01-13;10;0;10;0;0.0;0.0
978;2021-01-14;12;0;22;0;0.1;0.0
978;2021-01-15;9;0;31;0;0.1;0.0
978;2021-01-16;0;0;31;0;0.1;0.0
978;2021-01-17;0;0;31;0;0.1;0.0
978;2021-01-18;0;0;31;0;0.1;0.0
978;2021-01-19;12;0;43;0;0.1;0.0
978;2021-01-20;13;0;56;0;0.2;0.0
978;2021-01-21;6;0;62;0;0.2;0.0
978;2021-01-22;0;0;62;0;0.2;0.0
978;2021-01-23;0;0;62;0;0.2;0.0
978;2021-01-24;0;0;62;0;0.2;0.0
978;2021-01-25;0;0;62;0;0.2;0.0
978;2021-01-26;9;0;71;0;0.2;0.0
978;2021-01-27;10;0;81;0;0.2;0.0
978;2021-01-28;6;1;87;1;0.2;0.0
978;2021-01-29;0;0;87;1;0.2;0.0
978;2021-01-30;0;0;87;1;0.2;0.0
978;2021-01-31;0;0;87;1;0.2;0.0
978;2021-02-01;0;0;87;1;0.2;0.0
978;2021-02-02;39;0;126;1;0.4;0.0
978;2021-02-03;11;0;137;1;0.4;0.0
978;2021-02-04;31;0;168;1;0.5;0.0
978;2021-02-05;6;0;174;1;0.5;0.0
978;2021-02-06;0;0;174;1;0.5;0.0
978;2021-02-07;0;0;174;1;0.5;0.0
978;2021-02-08;0;0;174;1;0.5;0.0
978;2021-02-09;38;0;212;1;0.6;0.0
978;2021-02-10;27;1;239;2;0.7;0.0
978;2021-02-11;0;0;239;2;0.7;0.0
978;2021-02-12;36;0;275;2;0.8;0.0
978;2021-02-13;0;0;275;2;0.8;0.0
978;2021-02-14;0;0;275;2;0.8;0.0
978;2021-02-15;50;1;325;3;0.9;0.0
978;2021-02-16;0;0;325;3;0.9;0.0
978;2021-02-17;0;0;325;3;0.9;0.0
978;2021-02-18;28;0;353;3;1.0;0.0
978;2021-02-19;44;0;397;3;1.1;0.0
978;2021-02-20;0;0;397;3;1.1;0.0
978;2021-02-21;0;0;397;3;1.1;0.0
978;2021-02-22;45;4;442;7;1.3;0.0
978;2021-02-23;41;29;483;36;1.4;0.1
978;2021-02-24;35;1;518;37;1.5;0.1
978;2021-02-25;55;36;573;73;1.6;0.2
978;2021-02-26;39;5;612;78;1.7;0.2
978;2021-02-27;0;0;612;78;1.7;0.2
978;2021-02-28;0;0;612;78;1.7;0.2
978;2021-03-01;49;5;661;83;1.9;0.2
978;2021-03-02;7;27;668;110;1.9;0.3
978;2021-03-03;52;28;720;138;2.0;0.4
978;2021-03-04;31;26;751;164;2.1;0.5
978;2021-03-05;46;10;797;174;2.3;0.5
978;2021-03-06;0;0;797;174;2.3;0.5
978;2021-03-07;0;0;797;174;2.3;0.5
978;2021-03-08;32;7;829;181;2.3;0.5
978;2021-03-09;19;27;848;208;2.4;0.6
978;2021-03-10;35;28;883;236;2.5;0.7
978;2021-03-11;2;0;885;236;2.5;0.7
978;2021-03-12;52;21;937;257;2.7;0.7
978;2021-03-13;13;0;950;257;2.7;0.7
978;2021-03-14;0;0;950;257;2.7;0.7
978;2021-03-15;31;41;981;298;2.8;0.8
978;2021-03-16;73;6;1054;304;3.0;0.9
978;2021-03-17;67;13;1121;317;3.2;0.9
978;2021-03-18;82;39;1203;356;3.4;1.0
978;2021-03-19;32;50;1235;406;3.5;1.1
978;2021-03-20;0;0;1235;406;3.5;1.1
978;2021-03-21;0;0;1235;406;3.5;1.1
978;2021-03-22;35;45;1270;451;3.6;1.3
978;2021-03-23;30;43;1300;494;3.7;1.4
978;2021-03-24;38;42;1338;536;3.8;1.5
978;2021-03-25;94;34;1432;570;4.1;1.6
978;2021-03-26;45;33;1477;603;4.2;1.7
978;2021-03-27;94;3;1571;606;4.4;1.7
978;2021-03-28;0;0;1571;606;4.4;1.7
978;2021-03-29;69;48;1640;654;4.6;1.9
978;2021-03-30;98;24;1738;678;4.9;1.9
978;2021-03-31;90;49;1828;727;5.2;2.1
978;2021-04-01;57;48;1885;775;5.3;2.2
978;2021-04-02;0;0;1885;775;5.3;2.2
978;2021-04-03;1;0;1886;775;5.3;2.2
978;2021-04-04;0;0;1886;775;5.3;2.2
978;2021-04-05;2;0;1888;775;5.3;2.2
978;2021-04-06;49;63;1937;838;5.5;2.4
978;2021-04-07;93;33;2030;871;5.7;2.5
978;2021-04-08;120;7;2150;878;6.1;2.5
978;2021-04-09;90;39;2240;917;6.3;2.6
978;2021-04-10;169;12;2409;929;6.8;2.6
978;2021-04-11;0;0;2409;929;6.8;2.6
978;2021-04-12;42;75;2451;1004;6.9;2.8
978;2021-04-13;49;71;2500;1075;7.1;3.0
978;2021-04-14;82;45;2582;1120;7.3;3.2
978;2021-04-15;92;23;2674;1143;7.6;3.2
978;2021-04-16;77;42;2751;1185;7.8;3.4
978;2021-04-17;165;4;2916;1189;8.3;3.4
978;2021-04-18;0;0;2916;1189;8.3;3.4
978;2021-04-19;52;67;2968;1256;8.4;3.6
978;2021-04-20;83;27;3051;1283;8.6;3.6
978;2021-04-21;91;29;3142;1312;8.9;3.7
978;2021-04-22;101;20;3243;1332;9.2;3.8
978;2021-04-23;45;66;3288;1398;9.3;4.0
978;2021-04-24;99;78;3387;1476;9.6;4.2
978;2021-04-25;0;0;3387;1476;9.6;4.2
978;2021-04-26;29;91;3416;1567;9.7;4.4
978;2021-04-27;59;63;3475;1630;9.8;4.6
978;2021-04-28;92;39;3567;1669;10.1;4.7
978;2021-04-29;89;31;3656;1700;10.3;4.8
978;2021-04-30;104;14;3760;1714;10.6;4.9
978;2021-05-01;0;8;3760;1722;10.6;4.9
978;2021-05-02;0;0;3760;1722;10.6;4.9
978;2021-05-03;25;99;3785;1821;10.7;5.2
978;2021-05-04;159;102;3944;1923;11.2;5.4
978;2021-05-05;142;59;4086;1982;11.6;5.6
978;2021-05-06;200;49;4286;2031;12.1;5.7
978;2021-05-07;127;71;4413;2102;12.5;5.9
978;2021-05-08;69;122;4482;2224;12.7;6.3
978;2021-05-09;0;0;4482;2224;12.7;6.3
978;2021-05-10;124;99;4606;2323;13.0;6.6
978;2021-05-11;132;72;4738;2395;13.4;6.8
978;2021-05-12;156;78;4894;2473;13.9;7.0
978;2021-05-13;83;6;4977;2479;14.1;7.0
978;2021-05-14;130;62;5107;2541;14.5;7.2
978;2021-05-15;87;4;5194;2545;14.7;7.2
978;2021-05-16;0;0;5194;2545;14.7;7.2
978;2021-05-17;146;115;5340;2660;15.1;7.5
978;2021-05-18;151;94;5491;2754;15.5;7.8
978;2021-05-19;84;69;5575;2823;15.8;8.0
978;2021-05-20;104;26;5679;2849;16.1;8.1
978;2021-05-21;98;52;5777;2901;16.3;8.2
978;2021-05-22;100;11;5877;2912;16.6;8.2
978;2021-05-23;0;0;5877;2912;16.6;8.2
978;2021-05-24;33;7;5910;2919;16.7;8.3
978;2021-05-25;119;78;6029;2997;17.1;8.5
978;2021-05-26;109;49;6138;3046;17.4;8.6
978;2021-05-27;112;42;6250;3088;17.7;8.7
978;2021-05-28;33;1;6283;3089;17.8;8.7
978;2021-05-29;60;213;6343;3302;18.0;9.3
978;2021-05-30;0;0;6343;3302;18.0;9.3
978;2021-05-31;112;63;6455;3365;18.3;9.5
978;2021-06-01;116;62;6571;3427;18.6;9.7
978;2021-06-02;131;33;6702;3460;19.0;9.8
978;2021-06-03;102;38;6804;3498;19.3;9.9
978;2021-06-04;128;70;6932;3568;19.6;10.1
978;2021-06-05;83;21;7015;3589;19.9;10.2
978;2021-06-06;0;0;7015;3589;19.9;10.2
978;2021-06-07;96;96;7111;3685;20.1;10.4
978;2021-06-08;82;89;7193;3774;20.4;10.7
978;2021-06-09;99;73;7292;3847;20.6;10.9
978;2021-06-10;112;63;7404;3910;21.0;11.1
978;2021-06-11;117;106;7521;4016;21.3;11.4
978;2021-06-12;57;30;7578;4046;21.4;11.5
978;2021-06-13;0;0;7578;4046;21.4;11.5
978;2021-06-14;106;127;7684;4173;21.7;11.8
978;2021-06-15;88;120;7772;4293;22.0;12.1
978;2021-06-16;105;148;7877;4441;22.3;12.6
978;2021-06-17;85;72;7962;4513;22.5;12.8
978;2021-06-18;67;99;8029;4612;22.7;13.1
978;2021-06-19;65;79;8094;4691;22.9;13.3
978;2021-06-20;0;0;8094;4691;22.9;13.3
978;2021-06-21;78;150;8172;4841;23.1;13.7
978;2021-06-22;71;103;8243;4944;23.3;14.0
978;2021-06-23;68;115;8311;5059;23.5;14.3
978;2021-06-24;44;75;8355;5134;23.6;14.5
978;2021-06-25;63;100;8418;5234;23.8;14.8
978;2021-06-26;35;61;8453;5295;23.9;15.0
978;2021-06-27;0;0;8453;5295;23.9;15.0
978;2021-06-28;74;131;8527;5426;24.1;15.4
978;2021-06-29;62;104;8589;5530;24.3;15.7
978;2021-06-30;56;110;8645;5640;24.5;16.0
978;2021-07-01;42;87;8687;5727;24.6;16.2
978;2021-07-02;52;91;8739;5818;24.7;16.5
978;2021-07-03;40;90;8779;5908;24.8;16.7
978;2021-07-04;0;1;8779;5909;24.8;16.7
978;2021-07-05;67;93;8846;6002;25.0;17.0
978;2021-07-06;55;75;8901;6077;25.2;17.2
978;2021-07-07;55;123;8956;6200;25.3;17.5
978;2021-07-08;54;107;9010;6307;25.5;17.8
978;2021-07-09;46;92;9056;6399;25.6;18.1
978;2021-07-10;38;85;9094;6484;25.7;18.4
978;2021-07-11;0;4;9094;6488;25.7;18.4
978;2021-07-12;71;130;9165;6618;25.9;18.7
978;2021-07-13;146;162;9311;6780;26.4;19.2
978;2021-07-14;3;0;9314;6780;26.4;19.2
978;2021-07-15;162;195;9476;6975;26.8;19.7
978;2021-07-16;113;113;9589;7088;27.1;20.1
978;2021-07-17;52;100;9641;7188;27.3;20.3
978;2021-07-18;0;0;9641;7188;27.3;20.3
978;2021-07-19;98;133;9739;7321;27.6;20.7
978;2021-07-20;80;74;9819;7395;27.8;20.9
978;2021-07-21;63;50;9882;7445;28.0;21.1
978;2021-07-22;99;115;9981;7560;28.2;21.4
978;2021-07-23;67;100;10048;7660;28.4;21.7
978;2021-07-24;20;35;10068;7695;28.5;21.8
978;2021-07-25;0;0;10068;7695;28.5;21.8
978;2021-07-26;94;116;10162;7811;28.8;22.1
978;2021-07-27;67;145;10229;7956;28.9;22.5
978;2021-07-28;72;127;10301;8083;29.2;22.9
978;2021-07-29;80;98;10381;8181;29.4;23.2
978;2021-07-30;82;116;10463;8297;29.6;23.5
978;2021-07-31;48;67;10511;8364;29.7;23.7
978;2021-08-01;0;0;10511;8364;29.7;23.7
978;2021-08-02;65;95;10576;8459;29.9;23.9
978;2021-08-03;60;94;10636;8553;30.1;24.2
978;2021-08-04;63;55;10699;8608;30.3;24.4
978;2021-08-05;48;70;10747;8678;30.4;24.6
978;2021-08-06;74;128;10821;8806;30.6;24.9
978;2021-08-07;43;44;10864;8850;30.7;25.0
978;2021-08-08;0;0;10864;8850;30.7;25.0
978;2021-08-09;138;150;11002;9000;31.1;25.5
978;2021-08-10;82;93;11084;9093;31.4;25.7
978;2021-08-11;106;100;11190;9193;31.7;26.0
978;2021-08-12;99;99;11289;9292;31.9;26.3
978;2021-08-13;131;74;11420;9366;32.3;26.5
978;2021-08-14;73;98;11493;9464;32.5;26.8
978;2021-08-15;0;0;11493;9464;32.5;26.8
978;2021-08-16;45;70;11538;9534;32.7;27.0
978;2021-08-17;32;33;11570;9567;32.7;27.1
