dep;jour;n_dose1;n_complet;n_cum_dose1;n_cum_complet;couv_dose1;couv_complet
01;2020-12-27;1;0;1;0;0.0;0.0
01;2020-12-28;0;0;1;0;0.0;0.0
01;2020-12-29;0;0;1;0;0.0;0.0
01;2020-12-30;0;0;1;0;0.0;0.0
01;2020-12-31;0;0;1;0;0.0;0.0
01;2021-01-01;2;0;3;0;0.0;0.0
01;2021-01-02;0;0;3;0;0.0;0.0
01;2021-01-03;0;0;3;0;0.0;0.0
01;2021-01-04;2;0;5;0;0.0;0.0
01;2021-01-05;2;0;7;0;0.0;0.0
01;2021-01-06;1;0;8;0;0.0;0.0
01;2021-01-07;67;0;75;0;0.0;0.0
01;2021-01-08;159;0;234;0;0.0;0.0
01;2021-01-09;2;1;236;1;0.0;0.0
01;2021-01-10;0;0;236;1;0.0;0.0
01;2021-01-11;148;0;384;1;0.1;0.0
01;2021-01-12;317;2;701;3;0.1;0.0
01;2021-01-13;444;1;1145;4;0.2;0.0
01;2021-01-14;529;3;1674;7;0.3;0.0
01;2021-01-15;397;3;2071;10;0.3;0.0
01;2021-01-16;202;0;2273;10;0.3;0.0
01;2021-01-17;128;0;2401;10;0.4;0.0
01;2021-01-18;378;1;2779;11;0.4;0.0
01;2021-01-19;1041;1;3820;12;0.6;0.0
01;2021-01-20;1262;2;5082;14;0.8;0.0
01;2021-01-21;1098;4;6180;18;0.9;0.0
01;2021-01-22;645;0;6825;18;1.0;0.0
01;2021-01-23;222;0;7047;18;1.1;0.0
01;2021-01-24;71;1;7118;19;1.1;0.0
01;2021-01-25;485;1;7603;20;1.2;0.0
01;2021-01-26;740;3;8343;23;1.3;0.0
01;2021-01-27;517;3;8860;26;1.3;0.0
01;2021-01-28;682;52;9542;78;1.5;0.0
01;2021-01-29;637;100;10179;178;1.5;0.0
01;2021-01-30;237;15;10416;193;1.6;0.0
01;2021-01-31;62;0;10478;193;1.6;0.0
01;2021-02-01;458;71;10936;264;1.7;0.0
01;2021-02-02;516;173;11452;437;1.7;0.1
01;2021-02-03;374;244;11826;681;1.8;0.1
01;2021-02-04;478;383;12304;1064;1.9;0.2
01;2021-02-05;441;256;12745;1320;1.9;0.2
01;2021-02-06;261;118;13006;1438;2.0;0.2
01;2021-02-07;2;97;13008;1535;2.0;0.2
01;2021-02-08;505;361;13513;1896;2.1;0.3
01;2021-02-09;775;801;14288;2697;2.2;0.4
01;2021-02-10;952;675;15240;3372;2.3;0.5
01;2021-02-11;791;724;16031;4096;2.4;0.6
01;2021-02-12;638;507;16669;4603;2.5;0.7
01;2021-02-13;161;112;16830;4715;2.6;0.7
01;2021-02-14;0;9;16830;4724;2.6;0.7
01;2021-02-15;437;398;17267;5122;2.6;0.8
01;2021-02-16;659;360;17926;5482;2.7;0.8
01;2021-02-17;520;235;18446;5717;2.8;0.9
01;2021-02-18;589;525;19035;6242;2.9;1.0
01;2021-02-19;580;212;19615;6454;3.0;1.0
01;2021-02-20;201;138;19816;6592;3.0;1.0
01;2021-02-21;0;1;19816;6593;3.0;1.0
01;2021-02-22;427;476;20243;7069;3.1;1.1
01;2021-02-23;482;461;20725;7530;3.2;1.1
01;2021-02-24;433;413;21158;7943;3.2;1.2
01;2021-02-25;827;565;21985;8508;3.3;1.3
01;2021-02-26;874;471;22859;8979;3.5;1.4
01;2021-02-27;480;106;23339;9085;3.6;1.4
01;2021-02-28;20;3;23359;9088;3.6;1.4
01;2021-03-01;630;421;23989;9509;3.7;1.4
01;2021-03-02;963;508;24952;10017;3.8;1.5
01;2021-03-03;939;638;25891;10655;3.9;1.6
01;2021-03-04;1199;608;27090;11263;4.1;1.7
01;2021-03-05;1354;462;28444;11725;4.3;1.8
01;2021-03-06;781;96;29225;11821;4.4;1.8
01;2021-03-07;43;1;29268;11822;4.5;1.8
01;2021-03-08;669;614;29937;12436;4.6;1.9
01;2021-03-09;1339;602;31276;13038;4.8;2.0
01;2021-03-10;1160;554;32436;13592;4.9;2.1
01;2021-03-11;1685;640;34121;14232;5.2;2.2
01;2021-03-12;2004;638;36125;14870;5.5;2.3
01;2021-03-13;1501;98;37626;14968;5.7;2.3
01;2021-03-14;132;59;37758;15027;5.7;2.3
01;2021-03-15;1157;397;38915;15424;5.9;2.3
01;2021-03-16;1012;563;39927;15987;6.1;2.4
01;2021-03-17;839;343;40766;16330;6.2;2.5
01;2021-03-18;1294;466;42060;16796;6.4;2.6
01;2021-03-19;1746;532;43806;17328;6.7;2.6
01;2021-03-20;1445;133;45251;17461;6.9;2.7
01;2021-03-21;97;11;45348;17472;6.9;2.7
01;2021-03-22;1575;490;46923;17962;7.1;2.7
01;2021-03-23;2197;645;49120;18607;7.5;2.8
01;2021-03-24;1615;412;50735;19019;7.7;2.9
01;2021-03-25;2910;633;53645;19652;8.2;3.0
01;2021-03-26;2872;614;56517;20266;8.6;3.1
01;2021-03-27;1311;161;57828;20427;8.8;3.1
01;2021-03-28;22;1;57850;20428;8.8;3.1
01;2021-03-29;1930;541;59780;20969;9.1;3.2
01;2021-03-30;2515;763;62295;21732;9.5;3.3
01;2021-03-31;1868;627;64163;22359;9.8;3.4
01;2021-04-01;2571;856;66734;23215;10.2;3.5
01;2021-04-02;2816;724;69550;23939;10.6;3.6
01;2021-04-03;1256;134;70806;24073;10.8;3.7
01;2021-04-04;2;0;70808;24073;10.8;3.7
01;2021-04-05;1261;65;72069;24138;11.0;3.7
01;2021-04-06;2823;792;74892;24930;11.4;3.8
01;2021-04-07;2740;707;77632;25637;11.8;3.9
01;2021-04-08;3242;995;80874;26632;12.3;4.1
01;2021-04-09;3988;1334;84862;27966;12.9;4.3
01;2021-04-10;1824;304;86686;28270;13.2;4.3
01;2021-04-11;44;22;86730;28292;13.2;4.3
01;2021-04-12;2717;1223;89447;29515;13.6;4.5
01;2021-04-13;2943;1322;92390;30837;14.1;4.7
01;2021-04-14;3127;1083;95517;31920;14.5;4.9
01;2021-04-15;3073;1476;98590;33396;15.0;5.1
01;2021-04-16;2861;1579;101451;34975;15.4;5.3
01;2021-04-17;1654;682;103105;35657;15.7;5.4
01;2021-04-18;13;0;103118;35657;15.7;5.4
01;2021-04-19;2040;1520;105158;37177;16.0;5.7
01;2021-04-20;2663;1572;107821;38749;16.4;5.9
01;2021-04-21;2686;1349;110507;40098;16.8;6.1
01;2021-04-22;2835;1532;113342;41630;17.3;6.3
01;2021-04-23;2764;1530;116106;43160;17.7;6.6
01;2021-04-24;1447;653;117553;43813;17.9;6.7
01;2021-04-25;9;0;117562;43813;17.9;6.7
01;2021-04-26;1970;1730;119532;45543;18.2;6.9
01;2021-04-27;2573;1556;122105;47099;18.6;7.2
01;2021-04-28;2500;1569;124605;48668;19.0;7.4
01;2021-04-29;2715;1771;127320;50439;19.4;7.7
01;2021-04-30;2983;2245;130303;52684;19.8;8.0
01;2021-05-01;1473;855;131776;53539;20.1;8.1
01;2021-05-02;546;76;132322;53615;20.1;8.2
01;2021-05-03;2294;2477;134616;56092;20.5;8.5
01;2021-05-04;2540;2634;137156;58726;20.9;8.9
01;2021-05-05;2528;2498;139684;61224;21.3;9.3
01;2021-05-06;2996;2530;142680;63754;21.7;9.7
01;2021-05-07;3218;2779;145898;66533;22.2;10.1
01;2021-05-08;1646;923;147544;67456;22.5;10.3
01;2021-05-09;1023;162;148567;67618;22.6;10.3
01;2021-05-10;2501;3066;151068;70684;23.0;10.8
01;2021-05-11;3581;3063;154649;73747;23.5;11.2
01;2021-05-12;3651;3003;158300;76750;24.1;11.7
01;2021-05-13;4087;1501;162387;78251;24.7;11.9
01;2021-05-14;4270;2344;166657;80595;25.4;12.3
01;2021-05-15;3157;1435;169814;82030;25.8;12.5
01;2021-05-16;1413;150;171227;82180;26.1;12.5
01;2021-05-17;3446;2469;174673;84649;26.6;12.9
01;2021-05-18;4074;1959;178747;86608;27.2;13.2
01;2021-05-19;3974;1904;182721;88512;27.8;13.5
01;2021-05-20;4530;2013;187251;90525;28.5;13.8
01;2021-05-21;4621;2194;191872;92719;29.2;14.1
01;2021-05-22;3368;952;195240;93671;29.7;14.3
01;2021-05-23;834;83;196074;93754;29.8;14.3
01;2021-05-24;2765;500;198839;94254;30.3;14.3
01;2021-05-25;3558;2428;202397;96682;30.8;14.7
01;2021-05-26;3571;2246;205968;98928;31.4;15.1
01;2021-05-27;3854;2099;209822;101027;31.9;15.4
01;2021-05-28;3665;2633;213487;103660;32.5;15.8
01;2021-05-29;3060;1304;216547;104964;33.0;16.0
01;2021-05-30;613;88;217160;105052;33.1;16.0
01;2021-05-31;2405;2515;219565;107567;33.4;16.4
01;2021-06-01;2769;2585;222334;110152;33.8;16.8
01;2021-06-02;2882;2200;225216;112352;34.3;17.1
01;2021-06-03;3365;2437;228581;114789;34.8;17.5
01;2021-06-04;4500;3372;233081;118161;35.5;18.0
01;2021-06-05;3253;1732;236334;119893;36.0;18.2
01;2021-06-06;670;78;237004;119971;36.1;18.3
01;2021-06-07;3389;2874;240393;122845;36.6;18.7
01;2021-06-08;3650;2719;244043;125564;37.1;19.1
01;2021-06-09;2949;2637;246992;128201;37.6;19.5
01;2021-06-10;2768;2040;249760;130241;38.0;19.8
01;2021-06-11;3071;3364;252831;133605;38.5;20.3
01;2021-06-12;2404;2199;255235;135804;38.9;20.7
01;2021-06-13;200;479;255435;136283;38.9;20.7
01;2021-06-14;2122;3166;257557;139449;39.2;21.2
01;2021-06-15;2004;3369;259561;142818;39.5;21.7
01;2021-06-16;2180;3291;261741;146109;39.8;22.2
01;2021-06-17;1958;3175;263699;149284;40.1;22.7
01;2021-06-18;2645;4165;266344;153449;40.5;23.4
01;2021-06-19;1728;2559;268072;156008;40.8;23.7
01;2021-06-20;159;498;268231;156506;40.8;23.8
01;2021-06-21;1800;3704;270031;160210;41.1;24.4
01;2021-06-22;1550;4001;271581;164211;41.3;25.0
01;2021-06-23;1584;3756;273165;167967;41.6;25.6
01;2021-06-24;1471;3567;274636;171534;41.8;26.1
01;2021-06-25;1889;4563;276525;176097;42.1;26.8
01;2021-06-26;1210;2946;277735;179043;42.3;27.3
01;2021-06-27;170;339;277905;179382;42.3;27.3
01;2021-06-28;1385;4025;279290;183407;42.5;27.9
01;2021-06-29;1412;3850;280702;187257;42.7;28.5
01;2021-06-30;1378;4159;282080;191416;42.9;29.1
01;2021-07-01;1432;4091;283512;195507;43.2;29.8
01;2021-07-02;1589;4987;285101;200494;43.4;30.5
01;2021-07-03;858;3377;285959;203871;43.5;31.0
01;2021-07-04;105;499;286064;204370;43.5;31.1
01;2021-07-05;1488;4083;287552;208453;43.8;31.7
01;2021-07-06;1105;4277;288657;212730;43.9;32.4
01;2021-07-07;1756;3697;290413;216427;44.2;32.9
01;2021-07-08;1475;3677;291888;220104;44.4;33.5
01;2021-07-09;1885;4362;293773;224466;44.7;34.2
01;2021-07-10;1120;3439;294893;227905;44.9;34.7
01;2021-07-11;105;418;294998;228323;44.9;34.8
01;2021-07-12;1422;3841;296420;232164;45.1;35.3
01;2021-07-13;2058;4117;298478;236281;45.4;36.0
01;2021-07-14;148;179;298626;236460;45.5;36.0
01;2021-07-15;3090;4191;301716;240651;45.9;36.6
01;2021-07-16;3746;4840;305462;245491;46.5;37.4
01;2021-07-17;2204;3049;307666;248540;46.8;37.8
01;2021-07-18;289;551;307955;249091;46.9;37.9
01;2021-07-19;2915;3869;310870;252960;47.3;38.5
01;2021-07-20;3299;3691;314169;256651;47.8;39.1
01;2021-07-21;3936;3563;318105;260214;48.4;39.6
01;2021-07-22;4219;3493;322324;263707;49.1;40.1
01;2021-07-23;3940;4218;326264;267925;49.7;40.8
01;2021-07-24;2732;2714;328996;270639;50.1;41.2
01;2021-07-25;61;59;329057;270698;50.1;41.2
01;2021-07-26;3349;3241;332406;273939;50.6;41.7
01;2021-07-27;4103;2787;336509;276726;51.2;42.1
01;2021-07-28;3988;2651;340497;279377;51.8;42.5
01;2021-07-29;4697;2438;345194;281815;52.5;42.9
01;2021-07-30;4453;3431;349647;285246;53.2;43.4
01;2021-07-31;3642;1778;353289;287024;53.8;43.7
01;2021-08-01;397;74;353686;287098;53.8;43.7
01;2021-08-02;3068;2454;356754;289552;54.3;44.1
01;2021-08-03;3071;2452;359825;292004;54.8;44.4
01;2021-08-04;2542;1735;362367;293739;55.2;44.7
01;2021-08-05;2242;2361;364609;296100;55.5;45.1
01;2021-08-06;2748;3112;367357;299212;55.9;45.5
01;2021-08-07;2069;1837;369426;301049;56.2;45.8
01;2021-08-08;245;261;369671;301310;56.3;45.9
01;2021-08-09;1133;2633;370804;303943;56.4;46.3
01;2021-08-10;1449;2417;372253;306360;56.7;46.6
01;2021-08-11;1468;2593;373721;308953;56.9;47.0
01;2021-08-12;1619;2825;375340;311778;57.1;47.5
01;2021-08-13;1809;2725;377149;314503;57.4;47.9
01;2021-08-14;1393;2234;378542;316737;57.6;48.2
01;2021-08-15;13;21;378555;316758;57.6;48.2
01;2021-08-16;978;3012;379533;319770;57.8;48.7
01;2021-08-17;1350;2757;380883;322527;58.0;49.1
01;2021-08-18;1252;2904;382135;325431;58.2;49.5
01;2021-08-19;1296;2422;383431;327853;58.4;49.9
01;2021-08-20;1449;3952;384880;331805;58.6;50.5
01;2021-08-21;880;2846;385760;334651;58.7;50.9
01;2021-08-22;19;20;385779;334671;58.7;50.9
01;2021-08-23;1113;3021;386892;337692;58.9;51.4
01;2021-08-24;1222;3148;388114;340840;59.1;51.9
01;2021-08-25;1121;2986;389235;343826;59.2;52.3
01;2021-08-26;1639;2733;390874;346559;59.5;52.8
01;2021-08-27;1635;3646;392509;350205;59.7;53.3
01;2021-08-28;1040;2589;393549;352794;59.9;53.7
01;2021-08-29;16;31;393565;352825;59.9;53.7
01;2021-08-30;1178;2729;394743;355554;60.1;54.1
01;2021-08-31;1088;1942;395831;357496;60.3;54.4
01;2021-09-01;908;1867;396739;359363;60.4;54.7
01;2021-09-02;797;1755;397536;361118;60.5;55.0
01;2021-09-03;1129;2396;398665;363514;60.7;55.3
01;2021-09-04;792;2001;399457;365515;60.8;55.6
01;2021-09-05;94;80;399551;365595;60.8;55.6
01;2021-09-06;647;1398;400198;366993;60.9;55.9
01;2021-09-07;568;1198;400766;368191;61.0;56.0
01;2021-09-08;772;1540;401538;369731;61.1;56.3
02;2020-12-27;0;0;0;0;0.0;0.0
02;2020-12-28;0;0;0;0;0.0;0.0
02;2020-12-29;0;0;0;0;0.0;0.0
02;2020-12-30;0;0;0;0;0.0;0.0
02;2020-12-31;0;0;0;0;0.0;0.0
02;2021-01-01;0;0;0;0;0.0;0.0
02;2021-01-02;0;0;0;0;0.0;0.0
02;2021-01-03;0;0;0;0;0.0;0.0
02;2021-01-04;0;0;0;0;0.0;0.0
02;2021-01-05;0;0;0;0;0.0;0.0
02;2021-01-06;22;0;22;0;0.0;0.0
02;2021-01-07;261;2;283;2;0.1;0.0
02;2021-01-08;489;3;772;5;0.1;0.0
02;2021-01-09;74;0;846;5;0.2;0.0
02;2021-01-10;49;0;895;5;0.2;0.0
02;2021-01-11;267;0;1162;5;0.2;0.0
02;2021-01-12;355;1;1517;6;0.3;0.0
02;2021-01-13;468;4;1985;10;0.4;0.0
02;2021-01-14;651;11;2636;21;0.5;0.0
02;2021-01-15;631;6;3267;27;0.6;0.0
02;2021-01-16;333;4;3600;31;0.7;0.0
02;2021-01-17;62;0;3662;31;0.7;0.0
02;2021-01-18;811;8;4473;39;0.9;0.0
02;2021-01-19;942;5;5415;44;1.0;0.0
02;2021-01-20;1430;5;6845;49;1.3;0.0
02;2021-01-21;2602;5;9447;54;1.8;0.0
02;2021-01-22;1421;5;10868;59;2.1;0.0
02;2021-01-23;291;1;11159;60;2.1;0.0
02;2021-01-24;67;0;11226;60;2.1;0.0
02;2021-01-25;432;8;11658;68;2.2;0.0
02;2021-01-26;704;14;12362;82;2.3;0.0
02;2021-01-27;162;2;12524;84;2.4;0.0
02;2021-01-28;69;232;12593;316;2.4;0.1
02;2021-01-29;119;404;12712;720;2.4;0.1
02;2021-01-30;4;13;12716;733;2.4;0.1
02;2021-01-31;0;10;12716;743;2.4;0.1
02;2021-02-01;11;202;12727;945;2.4;0.2
02;2021-02-02;45;315;12772;1260;2.4;0.2
02;2021-02-03;124;318;12896;1578;2.5;0.3
02;2021-02-04;227;334;13123;1912;2.5;0.4
02;2021-02-05;178;382;13301;2294;2.5;0.4
02;2021-02-06;66;159;13367;2453;2.5;0.5
02;2021-02-07;9;0;13376;2453;2.5;0.5
02;2021-02-08;305;404;13681;2857;2.6;0.5
02;2021-02-09;322;634;14003;3491;2.7;0.7
02;2021-02-10;485;988;14488;4479;2.8;0.9
02;2021-02-11;936;1804;15424;6283;2.9;1.2
02;2021-02-12;885;1055;16309;7338;3.1;1.4
02;2021-02-13;290;122;16599;7460;3.2;1.4
02;2021-02-14;1;5;16600;7465;3.2;1.4
02;2021-02-15;344;585;16944;8050;3.2;1.5
02;2021-02-16;413;484;17357;8534;3.3;1.6
02;2021-02-17;498;552;17855;9086;3.4;1.7
02;2021-02-18;507;389;18362;9475;3.5;1.8
02;2021-02-19;444;511;18806;9986;3.6;1.9
02;2021-02-20;372;208;19178;10194;3.6;1.9
02;2021-02-21;39;17;19217;10211;3.7;1.9
02;2021-02-22;377;281;19594;10492;3.7;2.0
02;2021-02-23;432;328;20026;10820;3.8;2.1
02;2021-02-24;600;137;20626;10957;3.9;2.1
02;2021-02-25;870;129;21496;11086;4.1;2.1
02;2021-02-26;808;72;22304;11158;4.2;2.1
02;2021-02-27;445;14;22749;11172;4.3;2.1
02;2021-02-28;55;2;22804;11174;4.3;2.1
02;2021-03-01;638;24;23442;11198;4.5;2.1
02;2021-03-02;1032;128;24474;11326;4.7;2.2
02;2021-03-03;754;203;25228;11529;4.8;2.2
02;2021-03-04;1162;630;26390;12159;5.0;2.3
02;2021-03-05;1048;506;27438;12665;5.2;2.4
02;2021-03-06;2139;95;29577;12760;5.6;2.4
02;2021-03-07;1505;49;31082;12809;5.9;2.4
02;2021-03-08;574;356;31656;13165;6.0;2.5
02;2021-03-09;998;398;32654;13563;6.2;2.6
02;2021-03-10;895;462;33549;14025;6.4;2.7
02;2021-03-11;1294;386;34843;14411;6.6;2.7
02;2021-03-12;1705;412;36548;14823;6.9;2.8
02;2021-03-13;2592;238;39140;15061;7.4;2.9
02;2021-03-14;1457;43;40597;15104;7.7;2.9
02;2021-03-15;612;452;41209;15556;7.8;3.0
02;2021-03-16;863;402;42072;15958;8.0;3.0
02;2021-03-17;759;441;42831;16399;8.1;3.1
02;2021-03-18;608;611;43439;17010;8.3;3.2
02;2021-03-19;1172;299;44611;17309;8.5;3.3
02;2021-03-20;2430;159;47041;17468;8.9;3.3
02;2021-03-21;1488;82;48529;17550;9.2;3.3
02;2021-03-22;762;493;49291;18043;9.4;3.4
02;2021-03-23;1194;543;50485;18586;9.6;3.5
02;2021-03-24;1582;501;52067;19087;9.9;3.6
02;2021-03-25;1694;594;53761;19681;10.2;3.7
02;2021-03-26;2412;493;56173;20174;10.7;3.8
02;2021-03-27;2495;137;58668;20311;11.2;3.9
02;2021-03-28;638;14;59306;20325;11.3;3.9
02;2021-03-29;1038;855;60344;21180;11.5;4.0
02;2021-03-30;1554;842;61898;22022;11.8;4.2
02;2021-03-31;1299;712;63197;22734;12.0;4.3
02;2021-04-01;1290;861;64487;23595;12.3;4.5
02;2021-04-02;1184;1229;65671;24824;12.5;4.7
02;2021-04-03;2647;849;68318;25673;13.0;4.9
02;2021-04-04;727;240;69045;25913;13.1;4.9
02;2021-04-05;1509;133;70554;26046;13.4;5.0
02;2021-04-06;1540;852;72094;26898;13.7;5.1
02;2021-04-07;1871;778;73965;27676;14.1;5.3
02;2021-04-08;1919;1107;75884;28783;14.4;5.5
02;2021-04-09;2433;1093;78317;29876;14.9;5.7
02;2021-04-10;2430;1211;80747;31087;15.3;5.9
02;2021-04-11;476;416;81223;31503;15.4;6.0
02;2021-04-12;1824;623;83047;32126;15.8;6.1
02;2021-04-13;1601;924;84648;33050;16.1;6.3
02;2021-04-14;2584;976;87232;34026;16.6;6.5
02;2021-04-15;2496;777;89728;34803;17.1;6.6
02;2021-04-16;2439;1130;92167;35933;17.5;6.8
02;2021-04-17;1890;2142;94057;38075;17.9;7.2
02;2021-04-18;270;812;94327;38887;17.9;7.4
02;2021-04-19;1158;633;95485;39520;18.2;7.5
02;2021-04-20;1676;765;97161;40285;18.5;7.7
02;2021-04-21;1550;993;98711;41278;18.8;7.8
02;2021-04-22;1748;704;100459;41982;19.1;8.0
02;2021-04-23;1930;1410;102389;43392;19.5;8.2
02;2021-04-24;1714;1642;104103;45034;19.8;8.6
02;2021-04-25;462;235;104565;45269;19.9;8.6
02;2021-04-26;1339;561;105904;45830;20.1;8.7
02;2021-04-27;1627;1094;107531;46924;20.4;8.9
02;2021-04-28;1592;1431;109123;48355;20.7;9.2
02;2021-04-29;1885;1171;111008;49526;21.1;9.4
02;2021-04-30;2717;1652;113725;51178;21.6;9.7
02;2021-05-01;1991;1231;115716;52409;22.0;10.0
02;2021-05-02;1982;420;117698;52829;22.4;10.0
02;2021-05-03;2225;984;119923;53813;22.8;10.2
02;2021-05-04;1523;1311;121446;55124;23.1;10.5
02;2021-05-05;2330;1842;123776;56966;23.5;10.8
02;2021-05-06;2123;1738;125899;58704;23.9;11.2
02;2021-05-07;2357;2174;128256;60878;24.4;11.6
02;2021-05-08;2920;950;131176;61828;24.9;11.8
02;2021-05-09;1822;421;132998;62249;25.3;11.8
02;2021-05-10;2375;1480;135373;63729;25.7;12.1
02;2021-05-11;2878;1576;138251;65305;26.3;12.4
02;2021-05-12;2675;1619;140926;66924;26.8;12.7
02;2021-05-13;2991;1038;143917;67962;27.4;12.9
02;2021-05-14;3382;1204;147299;69166;28.0;13.1
02;2021-05-15;4374;1087;151673;70253;28.8;13.4
02;2021-05-16;2797;213;154470;70466;29.4;13.4
02;2021-05-17;2147;664;156617;71130;29.8;13.5
02;2021-05-18;2635;973;159252;72103;30.3;13.7
02;2021-05-19;2852;999;162104;73102;30.8;13.9
02;2021-05-20;3554;1232;165658;74334;31.5;14.1
02;2021-05-21;3819;1071;169477;75405;32.2;14.3
02;2021-05-22;5847;968;175324;76373;33.3;14.5
02;2021-05-23;2659;239;177983;76612;33.8;14.6
02;2021-05-24;3542;541;181525;77153;34.5;14.7
02;2021-05-25;2260;1163;183785;78316;34.9;14.9
02;2021-05-26;3080;1498;186865;79814;35.5;15.2
02;2021-05-27;3651;1490;190516;81304;36.2;15.5
02;2021-05-28;3514;1579;194030;82883;36.9;15.8
02;2021-05-29;4081;1566;198111;84449;37.7;16.1
02;2021-05-30;1449;187;199560;84636;37.9;16.1
02;2021-05-31;2575;1192;202135;85828;38.4;16.3
02;2021-06-01;2870;1870;205005;87698;39.0;16.7
02;2021-06-02;3160;1651;208165;89349;39.6;17.0
02;2021-06-03;2857;1834;211022;91183;40.1;17.3
02;2021-06-04;3142;2061;214164;93244;40.7;17.7
02;2021-06-05;3441;1735;217605;94979;41.4;18.1
02;2021-06-06;1738;259;219343;95238;41.7;18.1
02;2021-06-07;1613;1500;220956;96738;42.0;18.4
02;2021-06-08;2063;1841;223019;98579;42.4;18.7
02;2021-06-09;2057;1648;225076;100227;42.8;19.1
02;2021-06-10;2013;1837;227089;102064;43.2;19.4
02;2021-06-11;2194;3071;229283;105135;43.6;20.0
02;2021-06-12;2312;2595;231595;107730;44.0;20.5
02;2021-06-13;684;1387;232279;109117;44.2;20.7
02;2021-06-14;1049;2393;233328;111510;44.4;21.2
02;2021-06-15;1519;2462;234847;113972;44.6;21.7
02;2021-06-16;1534;2750;236381;116722;44.9;22.2
02;2021-06-17;1782;2858;238163;119580;45.3;22.7
02;2021-06-18;2312;3573;240475;123153;45.7;23.4
02;2021-06-19;1841;3821;242316;126974;46.1;24.1
02;2021-06-20;644;1522;242960;128496;46.2;24.4
02;2021-06-21;808;3193;243768;131689;46.3;25.0
02;2021-06-22;1155;3668;244923;135357;46.6;25.7
02;2021-06-23;1227;3588;246150;138945;46.8;26.4
02;2021-06-24;1327;3149;247477;142094;47.0;27.0
02;2021-06-25;1400;4544;248877;146638;47.3;27.9
02;2021-06-26;1346;4228;250223;150866;47.6;28.7
02;2021-06-27;600;2334;250823;153200;47.7;29.1
02;2021-06-28;877;3021;251700;156221;47.8;29.7
02;2021-06-29;919;2929;252619;159150;48.0;30.3
02;2021-06-30;1510;3162;254129;162312;48.3;30.9
02;2021-07-01;1196;3592;255325;165904;48.5;31.5
02;2021-07-02;1360;5135;256685;171039;48.8;32.5
02;2021-07-03;998;5989;257683;177028;49.0;33.7
02;2021-07-04;509;2370;258192;179398;49.1;34.1
02;2021-07-05;661;3937;258853;183335;49.2;34.9
02;2021-07-06;674;3047;259527;186382;49.3;35.4
02;2021-07-07;1322;3724;260849;190106;49.6;36.1
02;2021-07-08;1394;3871;262243;193977;49.9;36.9
02;2021-07-09;1281;4216;263524;198193;50.1;37.7
02;2021-07-10;1332;4608;264856;202801;50.3;38.6
02;2021-07-11;481;1968;265337;204769;50.4;38.9
02;2021-07-12;1416;3729;266753;208498;50.7;39.6
02;2021-07-13;2067;3662;268820;212160;51.1;40.3
02;2021-07-14;1755;1600;270575;213760;51.4;40.6
02;2021-07-15;2725;3559;273300;217319;52.0;41.3
02;2021-07-16;3166;4219;276466;221538;52.6;42.1
02;2021-07-17;3562;4229;280028;225767;53.2;42.9
02;2021-07-18;2038;1614;282066;227381;53.6;43.2
02;2021-07-19;3440;3037;285506;230418;54.3;43.8
02;2021-07-20;3500;3300;289006;233718;54.9;44.4
02;2021-07-21;3910;2953;292916;236671;55.7;45.0
02;2021-07-22;3322;2805;296238;239476;56.3;45.5
02;2021-07-23;3208;3560;299446;243036;56.9;46.2
02;2021-07-24;4448;3723;303894;246759;57.8;46.9
02;2021-07-25;2192;1090;306086;247849;58.2;47.1
02;2021-07-26;3878;2252;309964;250101;58.9;47.5
02;2021-07-27;3662;2148;313626;252249;59.6;48.0
02;2021-07-28;3282;2096;316908;254345;60.2;48.3
02;2021-07-29;2583;2222;319491;256567;60.7;48.8
02;2021-07-30;3315;2307;322806;258874;61.4;49.2
02;2021-07-31;4186;2277;326992;261151;62.2;49.6
02;2021-08-01;1474;692;328466;261843;62.4;49.8
02;2021-08-02;2037;1601;330503;263444;62.8;50.1
02;2021-08-03;2534;1900;333037;265344;63.3;50.4
02;2021-08-04;2567;1707;335604;267051;63.8;50.8
02;2021-08-05;1849;2268;337453;269319;64.1;51.2
02;2021-08-06;2096;2743;339549;272062;64.5;51.7
02;2021-08-07;2520;2787;342069;274849;65.0;52.2
02;2021-08-08;1027;1571;343096;276420;65.2;52.5
02;2021-08-09;1898;2748;344994;279168;65.6;53.1
02;2021-08-10;1766;2459;346760;281627;65.9;53.5
02;2021-08-11;1481;2109;348241;283736;66.2;53.9
02;2021-08-12;1208;2333;349449;286069;66.4;54.4
02;2021-08-13;1610;2913;351059;288982;66.7;54.9
02;2021-08-14;1661;3695;352720;292677;67.1;55.6
02;2021-08-15;160;572;352880;293249;67.1;55.7
02;2021-08-16;1270;3759;354150;297008;67.3;56.5
02;2021-08-17;1416;2838;355566;299846;67.6;57.0
02;2021-08-18;1574;3183;357140;303029;67.9;57.6
02;2021-08-19;1134;3218;358274;306247;68.1;58.2
02;2021-08-20;1190;2948;359464;309195;68.3;58.8
02;2021-08-21;1442;4081;360906;313276;68.6;59.6
02;2021-08-22;406;1655;361312;314931;68.7;59.9
02;2021-08-23;1151;3075;362463;318006;68.9;60.5
02;2021-08-24;902;2184;363365;320190;69.1;60.9
02;2021-08-25;1019;2593;364384;322783;69.3;61.4
02;2021-08-26;910;2333;365294;325116;69.4;61.8
02;2021-08-27;964;2615;366258;327731;69.6;62.3
02;2021-08-28;1299;3423;367557;331154;69.9;63.0
02;2021-08-29;328;1170;367885;332324;69.9;63.2
02;2021-08-30;993;2470;368878;334794;70.1;63.6
02;2021-08-31;858;2255;369736;337049;70.3;64.1
02;2021-09-01;699;1545;370435;338594;70.4;64.4
02;2021-09-02;647;1760;371082;340354;70.5;64.7
02;2021-09-03;688;1955;371770;342309;70.7;65.1
02;2021-09-04;846;2835;372616;345144;70.8;65.6
02;2021-09-05;226;531;372842;345675;70.9;65.7
02;2021-09-06;402;1033;373244;346708;71.0;65.9
02;2021-09-07;447;1399;373691;348107;71.0;66.2
02;2021-09-08;506;1869;374197;349976;71.1;66.5
03;2020-12-27;0;0;0;0;0.0;0.0
03;2020-12-28;1;0;1;0;0.0;0.0
03;2020-12-29;0;0;1;0;0.0;0.0
03;2020-12-30;1;0;2;0;0.0;0.0
03;2020-12-31;0;0;2;0;0.0;0.0
03;2021-01-01;0;0;2;0;0.0;0.0
03;2021-01-02;0;0;2;0;0.0;0.0
03;2021-01-03;0;0;2;0;0.0;0.0
03;2021-01-04;0;0;2;0;0.0;0.0
03;2021-01-05;0;0;2;0;0.0;0.0
03;2021-01-06;10;0;12;0;0.0;0.0
03;2021-01-07;61;0;73;0;0.0;0.0
03;2021-01-08;146;1;219;1;0.1;0.0
03;2021-01-09;122;0;341;1;0.1;0.0
03;2021-01-10;6;0;347;1;0.1;0.0
03;2021-01-11;412;1;759;2;0.2;0.0
03;2021-01-12;631;0;1390;2;0.4;0.0
03;2021-01-13;669;2;2059;4;0.6;0.0
03;2021-01-14;861;4;2920;8;0.9;0.0
03;2021-01-15;387;3;3307;11;1.0;0.0
03;2021-01-16;278;0;3585;11;1.1;0.0
03;2021-01-17;42;0;3627;11;1.1;0.0
03;2021-01-18;878;0;4505;11;1.4;0.0
03;2021-01-19;1150;2;5655;13;1.7;0.0
03;2021-01-20;1290;3;6945;16;2.1;0.0
03;2021-01-21;1200;5;8145;21;2.5;0.0
03;2021-01-22;1117;4;9262;25;2.8;0.0
03;2021-01-23;466;0;9728;25;2.9;0.0
03;2021-01-24;0;0;9728;25;2.9;0.0
03;2021-01-25;187;0;9915;25;3.0;0.0
03;2021-01-26;679;8;10594;33;3.2;0.0
03;2021-01-27;695;10;11289;43;3.4;0.0
03;2021-01-28;1020;41;12309;84;3.7;0.0
03;2021-01-29;856;78;13165;162;4.0;0.0
03;2021-01-30;600;2;13765;164;4.2;0.0
03;2021-01-31;0;0;13765;164;4.2;0.0
03;2021-02-01;160;71;13925;235;4.2;0.1
03;2021-02-02;767;247;14692;482;4.4;0.1
03;2021-02-03;1056;437;15748;919;4.8;0.3
03;2021-02-04;1551;605;17299;1524;5.2;0.5
03;2021-02-05;948;303;18247;1827;5.5;0.6
03;2021-02-06;152;13;18399;1840;5.6;0.6
03;2021-02-07;5;0;18404;1840;5.6;0.6
03;2021-02-08;128;51;18532;1891;5.6;0.6
03;2021-02-09;612;440;19144;2331;5.8;0.7
03;2021-02-10;485;338;19629;2669;5.9;0.8
03;2021-02-11;1026;566;20655;3235;6.2;1.0
03;2021-02-12;1078;530;21733;3765;6.6;1.1
03;2021-02-13;126;161;21859;3926;6.6;1.2
03;2021-02-14;0;1;21859;3927;6.6;1.2
03;2021-02-15;309;695;22168;4622;6.7;1.4
03;2021-02-16;548;1044;22716;5666;6.9;1.7
03;2021-02-17;453;1168;23169;6834;7.0;2.1
03;2021-02-18;368;1107;23537;7941;7.1;2.4
03;2021-02-19;496;716;24033;8657;7.3;2.6
03;2021-02-20;128;165;24161;8822;7.3;2.7
03;2021-02-21;2;1;24163;8823;7.3;2.7
03;2021-02-22;158;186;24321;9009;7.3;2.7
03;2021-02-23;720;869;25041;9878;7.6;3.0
03;2021-02-24;609;927;25650;10805;7.7;3.3
03;2021-02-25;1092;1676;26742;12481;8.1;3.8
03;2021-02-26;821;1274;27563;13755;8.3;4.2
03;2021-02-27;96;233;27659;13988;8.3;4.2
03;2021-02-28;0;14;27659;14002;8.3;4.2
03;2021-03-01;178;233;27837;14235;8.4;4.3
03;2021-03-02;818;631;28655;14866;8.6;4.5
03;2021-03-03;902;430;29557;15296;8.9;4.6
03;2021-03-04;1540;564;31097;15860;9.4;4.8
03;2021-03-05;1121;694;32218;16554;9.7;5.0
03;2021-03-06;915;111;33133;16665;10.0;5.0
03;2021-03-07;2;0;33135;16665;10.0;5.0
03;2021-03-08;239;241;33374;16906;10.1;5.1
03;2021-03-09;1016;432;34390;17338;10.4;5.2
03;2021-03-10;941;540;35331;17878;10.7;5.4
03;2021-03-11;1676;646;37007;18524;11.2;5.6
03;2021-03-12;1302;861;38309;19385;11.6;5.9
03;2021-03-13;863;113;39172;19498;11.8;5.9
03;2021-03-14;2;5;39174;19503;11.8;5.9
03;2021-03-15;250;199;39424;19702;11.9;5.9
03;2021-03-16;650;404;40074;20106;12.1;6.1
03;2021-03-17;1303;437;41377;20543;12.5;6.2
03;2021-03-18;1720;393;43097;20936;13.0;6.3
03;2021-03-19;1728;364;44825;21300;13.5;6.4
03;2021-03-20;301;26;45126;21326;13.6;6.4
03;2021-03-21;1;0;45127;21326;13.6;6.4
03;2021-03-22;222;394;45349;21720;13.7;6.6
03;2021-03-23;1355;355;46704;22075;14.1;6.7
03;2021-03-24;1824;349;48528;22424;14.6;6.8
03;2021-03-25;2368;568;50896;22992;15.4;6.9
03;2021-03-26;2239;446;53135;23438;16.0;7.1
03;2021-03-27;816;21;53951;23459;16.3;7.1
03;2021-03-28;1;39;53952;23498;16.3;7.1
03;2021-03-29;659;176;54611;23674;16.5;7.1
03;2021-03-30;1908;449;56519;24123;17.1;7.3
03;2021-03-31;1014;983;57533;25106;17.4;7.6
03;2021-04-01;1375;1094;58908;26200;17.8;7.9
03;2021-04-02;1706;614;60614;26814;18.3;8.1
03;2021-04-03;366;99;60980;26913;18.4;8.1
03;2021-04-04;3;0;60983;26913;18.4;8.1
03;2021-04-05;18;14;61001;26927;18.4;8.1
03;2021-04-06;1073;410;62074;27337;18.7;8.3
03;2021-04-07;1562;522;63636;27859;19.2;8.4
03;2021-04-08;2120;481;65756;28340;19.8;8.6
03;2021-04-09;2057;1162;67813;29502;20.5;8.9
03;2021-04-10;1013;73;68826;29575;20.8;8.9
03;2021-04-11;478;9;69304;29584;20.9;8.9
03;2021-04-12;985;226;70289;29810;21.2;9.0
03;2021-04-13;1873;986;72162;30796;21.8;9.3
03;2021-04-14;2337;1222;74499;32018;22.5;9.7
03;2021-04-15;2621;1402;77120;33420;23.3;10.1
03;2021-04-16;2835;1179;79955;34599;24.1;10.4
03;2021-04-17;1082;441;81037;35040;24.5;10.6
03;2021-04-18;0;0;81037;35040;24.5;10.6
03;2021-04-19;1191;586;82228;35626;24.8;10.8
03;2021-04-20;1748;1274;83976;36900;25.3;11.1
03;2021-04-21;1122;1294;85098;38194;25.7;11.5
03;2021-04-22;1675;997;86773;39191;26.2;11.8
03;2021-04-23;2479;1272;89252;40463;26.9;12.2
03;2021-04-24;1301;920;90553;41383;27.3;12.5
03;2021-04-25;350;16;90903;41399;27.4;12.5
03;2021-04-26;1332;464;92235;41863;27.8;12.6
03;2021-04-27;1767;1524;94002;43387;28.4;13.1
03;2021-04-28;1930;1122;95932;44509;29.0;13.4
03;2021-04-29;2371;1241;98303;45750;29.7;13.8
03;2021-04-30;1931;806;100234;46556;30.3;14.1
03;2021-05-01;437;491;100671;47047;30.4;14.2
03;2021-05-02;2;1;100673;47048;30.4;14.2
03;2021-05-03;1912;774;102585;47822;31.0;14.4
03;2021-05-04;2845;1631;105430;49453;31.8;14.9
03;2021-05-05;2603;1325;108033;50778;32.6;15.3
03;2021-05-06;3097;2009;111130;52787;33.5;15.9
03;2021-05-07;4729;1792;115859;54579;35.0;16.5
03;2021-05-08;661;381;116520;54960;35.2;16.6
03;2021-05-09;49;511;116569;55471;35.2;16.7
03;2021-05-10;1892;1481;118461;56952;35.8;17.2
03;2021-05-11;3900;1840;122361;58792;36.9;17.7
03;2021-05-12;2971;1522;125332;60314;37.8;18.2
03;2021-05-13;4383;409;129715;60723;39.2;18.3
03;2021-05-14;3655;1697;133370;62420;40.3;18.8
03;2021-05-15;1942;491;135312;62911;40.8;19.0
03;2021-05-16;517;57;135829;62968;41.0;19.0
03;2021-05-17;1277;863;137106;63831;41.4;19.3
03;2021-05-18;3070;1505;140176;65336;42.3;19.7
03;2021-05-19;2623;968;142799;66304;43.1;20.0
03;2021-05-20;3336;1142;146135;67446;44.1;20.4
03;2021-05-21;4195;1281;150330;68727;45.4;20.7
03;2021-05-22;2012;359;152342;69086;46.0;20.9
03;2021-05-23;641;73;152983;69159;46.2;20.9
03;2021-05-24;2655;216;155638;69375;47.0;20.9
03;2021-05-25;3070;1689;158708;71064;47.9;21.4
03;2021-05-26;2338;1045;161046;72109;48.6;21.8
03;2021-05-27;2947;1127;163993;73236;49.5;22.1
03;2021-05-28;3849;2287;167842;75523;50.7;22.8
03;2021-05-29;1748;603;169590;76126;51.2;23.0
03;2021-05-30;242;23;169832;76149;51.3;23.0
03;2021-05-31;697;570;170529;76719;51.5;23.2
03;2021-06-01;2303;2346;172832;79065;52.2;23.9
03;2021-06-02;1535;1749;174367;80814;52.6;24.4
03;2021-06-03;2060;2754;176427;83568;53.3;25.2
03;2021-06-04;1699;2506;178126;86074;53.8;26.0
03;2021-06-05;1076;1143;179202;87217;54.1;26.3
03;2021-06-06;59;7;179261;87224;54.1;26.3
03;2021-06-07;785;1815;180046;89039;54.3;26.9
03;2021-06-08;1457;2556;181503;91595;54.8;27.6
03;2021-06-09;1267;1875;182770;93470;55.2;28.2
03;2021-06-10;1381;2124;184151;95594;55.6;28.9
03;2021-06-11;1503;3450;185654;99044;56.0;29.9
03;2021-06-12;831;823;186485;99867;56.3;30.1
03;2021-06-13;20;10;186505;99877;56.3;30.1
03;2021-06-14;381;2175;186886;102052;56.4;30.8
03;2021-06-15;1316;3834;188202;105886;56.8;32.0
03;2021-06-16;788;2888;188990;108774;57.0;32.8
03;2021-06-17;1083;3334;190073;112108;57.4;33.8
03;2021-06-18;1109;3980;191182;116088;57.7;35.0
03;2021-06-19;641;1618;191823;117706;57.9;35.5
03;2021-06-20;20;8;191843;117714;57.9;35.5
03;2021-06-21;462;2636;192305;120350;58.0;36.3
03;2021-06-22;1026;4004;193331;124354;58.4;37.5
03;2021-06-23;716;3285;194047;127639;58.6;38.5
03;2021-06-24;984;3864;195031;131503;58.9;39.7
03;2021-06-25;1019;3894;196050;135397;59.2;40.9
03;2021-06-26;513;2040;196563;137437;59.3;41.5
03;2021-06-27;65;486;196628;137923;59.3;41.6
03;2021-06-28;640;2100;197268;140023;59.5;42.3
03;2021-06-29;1029;3331;198297;143354;59.9;43.3
03;2021-06-30;831;3119;199128;146473;60.1;44.2
03;2021-07-01;986;2937;200114;149410;60.4;45.1
03;2021-07-02;920;4095;201034;153505;60.7;46.3
03;2021-07-03;487;1884;201521;155389;60.8;46.9
03;2021-07-04;20;332;201541;155721;60.8;47.0
03;2021-07-05;817;2381;202358;158102;61.1;47.7
03;2021-07-06;1171;3462;203529;161564;61.4;48.8
03;2021-07-07;805;2619;204334;164183;61.7;49.6
03;2021-07-08;1060;3043;205394;167226;62.0;50.5
03;2021-07-09;1471;3627;206865;170853;62.4;51.6
03;2021-07-10;509;1926;207374;172779;62.6;52.1
03;2021-07-11;61;492;207435;173271;62.6;52.3
03;2021-07-12;939;1149;208374;174420;62.9;52.6
03;2021-07-13;2613;3151;210987;177571;63.7;53.6
03;2021-07-14;195;25;211182;177596;63.7;53.6
03;2021-07-15;2613;2456;213795;180052;64.5;54.3
03;2021-07-16;2736;2277;216531;182329;65.4;55.0
03;2021-07-17;1033;1626;217564;183955;65.7;55.5
03;2021-07-18;31;6;217595;183961;65.7;55.5
03;2021-07-19;2392;1276;219987;185237;66.4;55.9
03;2021-07-20;3076;3032;223063;188269;67.3;56.8
03;2021-07-21;3213;1438;226276;189707;68.3;57.3
03;2021-07-22;2853;1887;229129;191594;69.2;57.8
03;2021-07-23;3205;1306;232334;192900;70.1;58.2
03;2021-07-24;588;581;232922;193481;70.3;58.4
03;2021-07-25;18;5;232940;193486;70.3;58.4
03;2021-07-26;2044;1578;234984;195064;70.9;58.9
03;2021-07-27;3325;2233;238309;197297;71.9;59.5
03;2021-07-28;2715;1116;241024;198413;72.7;59.9
03;2021-07-29;2548;1662;243572;200075;73.5;60.4
03;2021-07-30;2134;1454;245706;201529;74.2;60.8
03;2021-07-31;964;894;246670;202423;74.5;61.1
03;2021-08-01;13;20;246683;202443;74.5;61.1
03;2021-08-02;1679;1605;248362;204048;75.0;61.6
03;2021-08-03;2224;2774;250586;206822;75.6;62.4
03;2021-08-04;2195;889;252781;207711;76.3;62.7
03;2021-08-05;1265;1940;254046;209651;76.7;63.3
03;2021-08-06;1281;1023;255327;210674;77.1;63.6
03;2021-08-07;606;494;255933;211168;77.2;63.7
03;2021-08-08;66;29;255999;211197;77.3;63.7
03;2021-08-09;598;1306;256597;212503;77.4;64.1
03;2021-08-10;1677;3469;258274;215972;78.0;65.2
03;2021-08-11;1336;2529;259610;218501;78.4;65.9
03;2021-08-12;1138;3514;260748;222015;78.7;67.0
03;2021-08-13;769;1051;261517;223066;78.9;67.3
03;2021-08-14;379;567;261896;223633;79.0;67.5
03;2021-08-15;9;61;261905;223694;79.1;67.5
03;2021-08-16;722;2694;262627;226388;79.3;68.3
03;2021-08-17;1075;3220;263702;229608;79.6;69.3
03;2021-08-18;1161;2156;264863;231764;79.9;70.0
03;2021-08-19;1004;3049;265867;234813;80.2;70.9
03;2021-08-20;718;1139;266585;235952;80.5;71.2
03;2021-08-21;419;722;267004;236674;80.6;71.4
03;2021-08-22;8;6;267012;236680;80.6;71.4
03;2021-08-23;775;2286;267787;238966;80.8;72.1
03;2021-08-24;891;2408;268678;241374;81.1;72.9
03;2021-08-25;927;2025;269605;243399;81.4;73.5
03;2021-08-26;570;1435;270175;244834;81.5;73.9
03;2021-08-27;456;1580;270631;246414;81.7;74.4
03;2021-08-28;218;674;270849;247088;81.7;74.6
03;2021-08-29;4;0;270853;247088;81.8;74.6
03;2021-08-30;766;1469;271619;248557;82.0;75.0
03;2021-08-31;692;2052;272311;250609;82.2;75.6
03;2021-09-01;598;1511;272909;252120;82.4;76.1
03;2021-09-02;477;1233;273386;253353;82.5;76.5
03;2021-09-03;489;1186;273875;254539;82.7;76.8
03;2021-09-04;251;628;274126;255167;82.7;77.0
03;2021-09-05;5;11;274131;255178;82.7;77.0
03;2021-09-06;320;1098;274451;256276;82.8;77.4
03;2021-09-07;565;1592;275016;257868;83.0;77.8
03;2021-09-08;419;1513;275435;259381;83.1;78.3
04;2020-12-27;0;0;0;0;0.0;0.0
04;2020-12-28;1;0;1;0;0.0;0.0
04;2020-12-29;0;0;1;0;0.0;0.0
04;2020-12-30;0;0;1;0;0.0;0.0
04;2020-12-31;0;0;1;0;0.0;0.0
04;2021-01-01;0;0;1;0;0.0;0.0
04;2021-01-02;0;0;1;0;0.0;0.0
04;2021-01-03;0;0;1;0;0.0;0.0
04;2021-01-04;0;0;1;0;0.0;0.0
04;2021-01-05;4;0;5;0;0.0;0.0
04;2021-01-06;0;0;5;0;0.0;0.0
04;2021-01-07;61;0;66;0;0.0;0.0
04;2021-01-08;88;0;154;0;0.1;0.0
04;2021-01-09;57;0;211;0;0.1;0.0
04;2021-01-10;0;0;211;0;0.1;0.0
04;2021-01-11;77;0;288;0;0.2;0.0
04;2021-01-12;421;0;709;0;0.4;0.0
04;2021-01-13;245;2;954;2;0.6;0.0
04;2021-01-14;90;2;1044;4;0.6;0.0
04;2021-01-15;164;4;1208;8;0.7;0.0
04;2021-01-16;106;2;1314;10;0.8;0.0
04;2021-01-17;14;0;1328;10;0.8;0.0
04;2021-01-18;236;9;1564;19;0.9;0.0
04;2021-01-19;468;3;2032;22;1.2;0.0
04;2021-01-20;574;9;2606;31;1.6;0.0
04;2021-01-21;614;5;3220;36;1.9;0.0
04;2021-01-22;638;1;3858;37;2.3;0.0
04;2021-01-23;111;0;3969;37;2.4;0.0
04;2021-01-24;0;0;3969;37;2.4;0.0
04;2021-01-25;240;0;4209;37;2.5;0.0
04;2021-01-26;656;1;4865;38;2.9;0.0
04;2021-01-27;480;0;5345;38;3.2;0.0
04;2021-01-28;665;20;6010;58;3.6;0.0
04;2021-01-29;368;41;6378;99;3.9;0.1
04;2021-01-30;65;41;6443;140;3.9;0.1
04;2021-01-31;1;5;6444;145;3.9;0.1
04;2021-02-01;269;145;6713;290;4.1;0.2
04;2021-02-02;560;221;7273;511;4.4;0.3
04;2021-02-03;367;159;7640;670;4.6;0.4
04;2021-02-04;357;53;7997;723;4.8;0.4
04;2021-02-05;379;218;8376;941;5.1;0.6
04;2021-02-06;50;89;8426;1030;5.1;0.6
04;2021-02-07;2;22;8428;1052;5.1;0.6
04;2021-02-08;163;69;8591;1121;5.2;0.7
04;2021-02-09;194;128;8785;1249;5.3;0.8
04;2021-02-10;252;161;9037;1410;5.5;0.9
04;2021-02-11;364;269;9401;1679;5.7;1.0
04;2021-02-12;293;305;9694;1984;5.9;1.2
04;2021-02-13;26;94;9720;2078;5.9;1.3
04;2021-02-14;0;0;9720;2078;5.9;1.3
04;2021-02-15;31;149;9751;2227;5.9;1.3
04;2021-02-16;81;473;9832;2700;6.0;1.6
04;2021-02-17;67;395;9899;3095;6.0;1.9
04;2021-02-18;45;572;9944;3667;6.0;2.2
04;2021-02-19;52;350;9996;4017;6.1;2.4
04;2021-02-20;5;70;10001;4087;6.1;2.5
04;2021-02-21;0;0;10001;4087;6.1;2.5
04;2021-02-22;7;275;10008;4362;6.1;2.6
04;2021-02-23;19;555;10027;4917;6.1;3.0
04;2021-02-24;38;400;10065;5317;6.1;3.2
04;2021-02-25;72;351;10137;5668;6.1;3.4
04;2021-02-26;216;301;10353;5969;6.3;3.6
04;2021-02-27;179;72;10532;6041;6.4;3.7
04;2021-02-28;1;0;10533;6041;6.4;3.7
04;2021-03-01;18;69;10551;6110;6.4;3.7
04;2021-03-02;135;40;10686;6150;6.5;3.7
04;2021-03-03;375;612;11061;6762;6.7;4.1
04;2021-03-04;207;473;11268;7235;6.8;4.4
04;2021-03-05;236;345;11504;7580;7.0;4.6
04;2021-03-06;912;73;12416;7653;7.5;4.6
04;2021-03-07;498;25;12914;7678;7.8;4.6
04;2021-03-08;45;82;12959;7760;7.8;4.7
04;2021-03-09;215;253;13174;8013;8.0;4.9
04;2021-03-10;401;365;13575;8378;8.2;5.1
04;2021-03-11;495;336;14070;8714;8.5;5.3
04;2021-03-12;699;207;14769;8921;8.9;5.4
04;2021-03-13;1088;63;15857;8984;9.6;5.4
04;2021-03-14;460;3;16317;8987;9.9;5.4
04;2021-03-15;93;14;16410;9001;9.9;5.4
04;2021-03-16;74;8;16484;9009;10.0;5.5
04;2021-03-17;534;81;17018;9090;10.3;5.5
04;2021-03-18;815;25;17833;9115;10.8;5.5
04;2021-03-19;724;33;18557;9148;11.2;5.5
04;2021-03-20;159;3;18716;9151;11.3;5.5
04;2021-03-21;0;0;18716;9151;11.3;5.5
04;2021-03-22;105;13;18821;9164;11.4;5.5
04;2021-03-23;244;7;19065;9171;11.5;5.6
04;2021-03-24;1024;52;20089;9223;12.2;5.6
04;2021-03-25;1325;46;21414;9269;13.0;5.6
04;2021-03-26;1449;66;22863;9335;13.8;5.7
04;2021-03-27;266;20;23129;9355;14.0;5.7
04;2021-03-28;2;0;23131;9355;14.0;5.7
04;2021-03-29;681;13;23812;9368;14.4;5.7
04;2021-03-30;1086;148;24898;9516;15.1;5.8
04;2021-03-31;1327;107;26225;9623;15.9;5.8
04;2021-04-01;1133;133;27358;9756;16.6;5.9
04;2021-04-02;1185;111;28543;9867;17.3;6.0
04;2021-04-03;250;20;28793;9887;17.4;6.0
04;2021-04-04;1;0;28794;9887;17.4;6.0
04;2021-04-05;36;1;28830;9888;17.5;6.0
04;2021-04-06;928;148;29758;10036;18.0;6.1
04;2021-04-07;881;435;30639;10471;18.5;6.3
04;2021-04-08;926;698;31565;11169;19.1;6.8
04;2021-04-09;678;420;32243;11589;19.5;7.0
04;2021-04-10;231;191;32474;11780;19.7;7.1
04;2021-04-11;153;65;32627;11845;19.8;7.2
04;2021-04-12;593;101;33220;11946;20.1;7.2
04;2021-04-13;1190;240;34410;12186;20.8;7.4
04;2021-04-14;995;499;35405;12685;21.4;7.7
04;2021-04-15;921;673;36326;13358;22.0;8.1
04;2021-04-16;819;456;37145;13814;22.5;8.4
04;2021-04-17;211;69;37356;13883;22.6;8.4
04;2021-04-18;0;13;37356;13896;22.6;8.4
04;2021-04-19;338;288;37694;14184;22.8;8.6
04;2021-04-20;1005;444;38699;14628;23.4;8.9
04;2021-04-21;656;745;39355;15373;23.8;9.3
04;2021-04-22;759;853;40114;16226;24.3;9.8
04;2021-04-23;695;537;40809;16763;24.7;10.1
04;2021-04-24;165;65;40974;16828;24.8;10.2
04;2021-04-25;0;0;40974;16828;24.8;10.2
04;2021-04-26;172;611;41146;17439;24.9;10.6
04;2021-04-27;395;966;41541;18405;25.1;11.1
04;2021-04-28;432;1088;41973;19493;25.4;11.8
04;2021-04-29;687;1126;42660;20619;25.8;12.5
04;2021-04-30;436;848;43096;21467;26.1;13.0
04;2021-05-01;104;22;43200;21489;26.2;13.0
04;2021-05-02;8;131;43208;21620;26.2;13.1
04;2021-05-03;151;551;43359;22171;26.2;13.4
04;2021-05-04;564;838;43923;23009;26.6;13.9
04;2021-05-05;514;926;44437;23935;26.9;14.5
04;2021-05-06;1162;592;45599;24527;27.6;14.8
04;2021-05-07;657;757;46256;25284;28.0;15.3
04;2021-05-08;48;98;46304;25382;28.0;15.4
04;2021-05-09;0;0;46304;25382;28.0;15.4
04;2021-05-10;466;295;46770;25677;28.3;15.5
04;2021-05-11;1200;906;47970;26583;29.0;16.1
04;2021-05-12;1389;741;49359;27324;29.9;16.5
04;2021-05-13;378;131;49737;27455;30.1;16.6
04;2021-05-14;440;296;50177;27751;30.4;16.8
04;2021-05-15;99;163;50276;27914;30.4;16.9
04;2021-05-16;4;6;50280;27920;30.4;16.9
04;2021-05-17;155;298;50435;28218;30.5;17.1
04;2021-05-18;392;976;50827;29194;30.8;17.7
04;2021-05-19;773;688;51600;29882;31.2;18.1
04;2021-05-20;1258;551;52858;30433;32.0;18.4
04;2021-05-21;853;787;53711;31220;32.5;18.9
04;2021-05-22;105;146;53816;31366;32.6;19.0
04;2021-05-23;1;1;53817;31367;32.6;19.0
04;2021-05-24;2;36;53819;31403;32.6;19.0
04;2021-05-25;868;593;54687;31996;33.1;19.4
04;2021-05-26;1048;788;55735;32784;33.7;19.8
04;2021-05-27;1357;633;57092;33417;34.6;20.2
04;2021-05-28;1119;658;58211;34075;35.2;20.6
04;2021-05-29;90;398;58301;34473;35.3;20.9
04;2021-05-30;3;1;58304;34474;35.3;20.9
04;2021-05-31;421;417;58725;34891;35.5;21.1
04;2021-06-01;643;640;59368;35531;35.9;21.5
04;2021-06-02;871;1063;60239;36594;36.5;22.2
04;2021-06-03;1196;852;61435;37446;37.2;22.7
04;2021-06-04;977;780;62412;38226;37.8;23.1
04;2021-06-05;142;201;62554;38427;37.9;23.3
04;2021-06-06;7;13;62561;38440;37.9;23.3
04;2021-06-07;563;316;63124;38756;38.2;23.5
04;2021-06-08;843;595;63967;39351;38.7;23.8
04;2021-06-09;1148;685;65115;40036;39.4;24.2
04;2021-06-10;1147;585;66262;40621;40.1;24.6
04;2021-06-11;945;614;67207;41235;40.7;25.0
04;2021-06-12;212;148;67419;41383;40.8;25.1
04;2021-06-13;1;1;67420;41384;40.8;25.1
04;2021-06-14;478;303;67898;41687;41.1;25.2
04;2021-06-15;645;1003;68543;42690;41.5;25.8
04;2021-06-16;1022;786;69565;43476;42.1;26.3
04;2021-06-17;1001;960;70566;44436;42.7;26.9
04;2021-06-18;765;886;71331;45322;43.2;27.4
04;2021-06-19;40;85;71371;45407;43.2;27.5
04;2021-06-20;7;9;71378;45416;43.2;27.5
04;2021-06-21;306;615;71684;46031;43.4;27.9
04;2021-06-22;361;1310;72045;47341;43.6;28.7
04;2021-06-23;476;1313;72521;48654;43.9;29.5
04;2021-06-24;852;820;73373;49474;44.4;29.9
04;2021-06-25;462;639;73835;50113;44.7;30.3
04;2021-06-26;56;129;73891;50242;44.7;30.4
04;2021-06-27;4;4;73895;50246;44.7;30.4
04;2021-06-28;158;341;74053;50587;44.8;30.6
04;2021-06-29;371;838;74424;51425;45.1;31.1
04;2021-06-30;541;1121;74965;52546;45.4;31.8
04;2021-07-01;579;1219;75544;53765;45.7;32.5
04;2021-07-02;557;1090;76101;54855;46.1;33.2
04;2021-07-03;65;162;76166;55017;46.1;33.3
04;2021-07-04;6;6;76172;55023;46.1;33.3
04;2021-07-05;106;297;76278;55320;46.2;33.5
04;2021-07-06;505;1382;76783;56702;46.5;34.3
04;2021-07-07;495;1342;77278;58044;46.8;35.1
04;2021-07-08;726;1363;78004;59407;47.2;36.0
04;2021-07-09;581;1061;78585;60468;47.6;36.6
04;2021-07-10;92;177;78677;60645;47.6;36.7
04;2021-07-11;0;21;78677;60666;47.6;36.7
04;2021-07-12;128;653;78805;61319;47.7;37.1
04;2021-07-13;882;1541;79687;62860;48.2;38.1
04;2021-07-14;26;43;79713;62903;48.3;38.1
04;2021-07-15;1220;1736;80933;64639;49.0;39.1
04;2021-07-16;1082;1119;82015;65758;49.6;39.8
04;2021-07-17;446;234;82461;65992;49.9;39.9
04;2021-07-18;114;18;82575;66010;50.0;40.0
04;2021-07-19;484;655;83059;66665;50.3;40.4
04;2021-07-20;1314;1467;84373;68132;51.1;41.2
04;2021-07-21;1127;1165;85500;69297;51.8;41.9
04;2021-07-22;1500;1372;87000;70669;52.7;42.8
04;2021-07-23;1151;1141;88151;71810;53.4;43.5
04;2021-07-24;685;213;88836;72023;53.8;43.6
04;2021-07-25;42;20;88878;72043;53.8;43.6
04;2021-07-26;445;639;89323;72682;54.1;44.0
04;2021-07-27;1371;1045;90694;73727;54.9;44.6
04;2021-07-28;1074;1038;91768;74765;55.6;45.3
04;2021-07-29;1560;1300;93328;76065;56.5;46.0
04;2021-07-30;1246;925;94574;76990;57.2;46.6
04;2021-07-31;252;176;94826;77166;57.4;46.7
04;2021-08-01;48;19;94874;77185;57.4;46.7
04;2021-08-02;139;110;95013;77295;57.5;46.8
04;2021-08-03;1347;1114;96360;78409;58.3;47.5
04;2021-08-04;1178;862;97538;79271;59.0;48.0
04;2021-08-05;1191;737;98729;80008;59.8;48.4
04;2021-08-06;519;397;99248;80405;60.1;48.7
04;2021-08-07;161;162;99409;80567;60.2;48.8
04;2021-08-08;25;12;99434;80579;60.2;48.8
04;2021-08-09;104;120;99538;80699;60.3;48.9
04;2021-08-10;656;980;100194;81679;60.7;49.4
04;2021-08-11;1147;1023;101341;82702;61.3;50.1
04;2021-08-12;1124;1299;102465;84001;62.0;50.8
04;2021-08-13;443;384;102908;84385;62.3;51.1
04;2021-08-14;100;73;103008;84458;62.4;51.1
04;2021-08-15;0;0;103008;84458;62.4;51.1
04;2021-08-16;103;138;103111;84596;62.4;51.2
04;2021-08-17;496;1014;103607;85610;62.7;51.8
04;2021-08-18;717;1319;104324;86929;63.2;52.6
04;2021-08-19;738;1409;105062;88338;63.6;53.5
04;2021-08-20;746;1364;105808;89702;64.0;54.3
04;2021-08-21;65;111;105873;89813;64.1;54.4
04;2021-08-22;15;45;105888;89858;64.1;54.4
04;2021-08-23;54;109;105942;89967;64.1;54.5
04;2021-08-24;680;1492;106622;91459;64.5;55.4
04;2021-08-25;656;1183;107278;92642;64.9;56.1
04;2021-08-26;487;1212;107765;93854;65.2;56.8
04;2021-08-27;449;929;108214;94783;65.5;57.4
04;2021-08-28;123;244;108337;95027;65.6;57.5
04;2021-08-29;27;23;108364;95050;65.6;57.5
04;2021-08-30;122;245;108486;95295;65.7;57.7
04;2021-08-31;511;1006;108997;96301;66.0;58.3
04;2021-09-01;507;1251;109504;97552;66.3;59.1
04;2021-09-02;333;925;109837;98477;66.5;59.6
04;2021-09-03;287;819;110124;99296;66.7;60.1
04;2021-09-04;138;235;110262;99531;66.7;60.2
04;2021-09-05;14;9;110276;99540;66.8;60.3
04;2021-09-06;57;104;110333;99644;66.8;60.3
04;2021-09-07;370;997;110703;100641;67.0;60.9
04;2021-09-08;319;848;111022;101489;67.2;61.4
05;2020-12-27;0;0;0;0;0.0;0.0
05;2020-12-28;1;0;1;0;0.0;0.0
05;2020-12-29;1;0;2;0;0.0;0.0
05;2020-12-30;2;0;4;0;0.0;0.0
05;2020-12-31;0;0;4;0;0.0;0.0
05;2021-01-01;2;0;6;0;0.0;0.0
05;2021-01-02;2;0;8;0;0.0;0.0
05;2021-01-03;1;0;9;0;0.0;0.0
05;2021-01-04;2;0;11;0;0.0;0.0
05;2021-01-05;0;0;11;0;0.0;0.0
05;2021-01-06;21;0;32;0;0.0;0.0
05;2021-01-07;128;0;160;0;0.1;0.0
05;2021-01-08;146;0;306;0;0.2;0.0
05;2021-01-09;11;0;317;0;0.2;0.0
05;2021-01-10;0;0;317;0;0.2;0.0
05;2021-01-11;44;0;361;0;0.3;0.0
05;2021-01-12;105;0;466;0;0.3;0.0
05;2021-01-13;140;0;606;0;0.4;0.0
05;2021-01-14;167;0;773;0;0.5;0.0
05;2021-01-15;128;1;901;1;0.6;0.0
05;2021-01-16;14;0;915;1;0.6;0.0
05;2021-01-17;0;0;915;1;0.6;0.0
05;2021-01-18;226;1;1141;2;0.8;0.0
05;2021-01-19;228;0;1369;2;1.0;0.0
05;2021-01-20;213;0;1582;2;1.1;0.0
05;2021-01-21;255;0;1837;2;1.3;0.0
05;2021-01-22;195;1;2032;3;1.4;0.0
05;2021-01-23;112;0;2144;3;1.5;0.0
05;2021-01-24;0;0;2144;3;1.5;0.0
05;2021-01-25;317;0;2461;3;1.7;0.0
05;2021-01-26;486;0;2947;3;2.1;0.0
05;2021-01-27;389;3;3336;6;2.4;0.0
05;2021-01-28;363;43;3699;49;2.6;0.0
05;2021-01-29;364;110;4063;159;2.9;0.1
05;2021-01-30;97;9;4160;168;2.9;0.1
05;2021-01-31;4;0;4164;168;2.9;0.1
05;2021-02-01;177;20;4341;188;3.1;0.1
05;2021-02-02;187;114;4528;302;3.2;0.2
05;2021-02-03;207;60;4735;362;3.3;0.3
05;2021-02-04;197;122;4932;484;3.5;0.3
05;2021-02-05;183;111;5115;595;3.6;0.4
05;2021-02-06;76;24;5191;619;3.7;0.4
05;2021-02-07;0;5;5191;624;3.7;0.4
05;2021-02-08;84;99;5275;723;3.7;0.5
05;2021-02-09;97;99;5372;822;3.8;0.6
05;2021-02-10;81;161;5453;983;3.8;0.7
05;2021-02-11;87;118;5540;1101;3.9;0.8
05;2021-02-12;84;128;5624;1229;4.0;0.9
05;2021-02-13;75;32;5699;1261;4.0;0.9
05;2021-02-14;0;0;5699;1261;4.0;0.9
05;2021-02-15;97;161;5796;1422;4.1;1.0
05;2021-02-16;110;241;5906;1663;4.2;1.2
05;2021-02-17;136;207;6042;1870;4.3;1.3
05;2021-02-18;154;275;6196;2145;4.4;1.5
05;2021-02-19;158;300;6354;2445;4.5;1.7
05;2021-02-20;31;77;6385;2522;4.5;1.8
05;2021-02-21;0;0;6385;2522;4.5;1.8
05;2021-02-22;70;219;6455;2741;4.6;1.9
05;2021-02-23;18;202;6473;2943;4.6;2.1
05;2021-02-24;20;153;6493;3096;4.6;2.2
05;2021-02-25;56;135;6549;3231;4.6;2.3
05;2021-02-26;145;187;6694;3418;4.7;2.4
05;2021-02-27;65;155;6759;3573;4.8;2.5
05;2021-02-28;11;0;6770;3573;4.8;2.5
05;2021-03-01;92;149;6862;3722;4.8;2.6
05;2021-03-02;92;175;6954;3897;4.9;2.7
05;2021-03-03;112;209;7066;4106;5.0;2.9
05;2021-03-04;242;146;7308;4252;5.2;3.0
05;2021-03-05;578;177;7886;4429;5.6;3.1
05;2021-03-06;668;52;8554;4481;6.0;3.2
05;2021-03-07;516;19;9070;4500;6.4;3.2
05;2021-03-08;556;130;9626;4630;6.8;3.3
05;2021-03-09;520;160;10146;4790;7.2;3.4
05;2021-03-10;498;140;10644;4930;7.5;3.5
05;2021-03-11;376;137;11020;5067;7.8;3.6
05;2021-03-12;435;90;11455;5157;8.1;3.6
05;2021-03-13;796;95;12251;5252;8.6;3.7
05;2021-03-14;670;11;12921;5263;9.1;3.7
05;2021-03-15;354;126;13275;5389;9.4;3.8
05;2021-03-16;148;141;13423;5530;9.5;3.9
05;2021-03-17;262;120;13685;5650;9.7;4.0
05;2021-03-18;364;35;14049;5685;9.9;4.0
05;2021-03-19;450;59;14499;5744;10.2;4.1
05;2021-03-20;167;32;14666;5776;10.3;4.1
05;2021-03-21;1;0;14667;5776;10.3;4.1
05;2021-03-22;717;36;15384;5812;10.9;4.1
05;2021-03-23;805;14;16189;5826;11.4;4.1
05;2021-03-24;790;77;16979;5903;12.0;4.2
05;2021-03-25;901;59;17880;5962;12.6;4.2
05;2021-03-26;1023;49;18903;6011;13.3;4.2
05;2021-03-27;467;33;19370;6044;13.7;4.3
05;2021-03-28;10;0;19380;6044;13.7;4.3
05;2021-03-29;905;63;20285;6107;14.3;4.3
05;2021-03-30;1142;79;21427;6186;15.1;4.4
05;2021-03-31;823;253;22250;6439;15.7;4.5
05;2021-04-01;900;243;23150;6682;16.3;4.7
05;2021-04-02;665;378;23815;7060;16.8;5.0
05;2021-04-03;550;184;24365;7244;17.2;5.1
05;2021-04-04;350;63;24715;7307;17.4;5.2
05;2021-04-05;158;12;24873;7319;17.5;5.2
05;2021-04-06;646;274;25519;7593;18.0;5.4
05;2021-04-07;773;323;26292;7916;18.5;5.6
05;2021-04-08;734;335;27026;8251;19.1;5.8
05;2021-04-09;882;411;27908;8662;19.7;6.1
05;2021-04-10;714;387;28622;9049;20.2;6.4
05;2021-04-11;191;174;28813;9223;20.3;6.5
05;2021-04-12;732;263;29545;9486;20.8;6.7
05;2021-04-13;921;248;30466;9734;21.5;6.9
05;2021-04-14;668;326;31134;10060;22.0;7.1
05;2021-04-15;768;398;31902;10458;22.5;7.4
05;2021-04-16;731;411;32633;10869;23.0;7.7
05;2021-04-17;671;240;33304;11109;23.5;7.8
05;2021-04-18;305;23;33609;11132;23.7;7.9
05;2021-04-19;363;536;33972;11668;24.0;8.2
05;2021-04-20;482;629;34454;12297;24.3;8.7
05;2021-04-21;494;628;34948;12925;24.7;9.1
05;2021-04-22;385;548;35333;13473;24.9;9.5
05;2021-04-23;523;656;35856;14129;25.3;10.0
05;2021-04-24;347;384;36203;14513;25.5;10.2
05;2021-04-25;288;23;36491;14536;25.7;10.3
05;2021-04-26;367;704;36858;15240;26.0;10.8
05;2021-04-27;657;749;37515;15989;26.5;11.3
05;2021-04-28;468;721;37983;16710;26.8;11.8
05;2021-04-29;703;748;38686;17458;27.3;12.3
05;2021-04-30;509;755;39195;18213;27.6;12.8
05;2021-05-01;138;110;39333;18323;27.7;12.9
05;2021-05-02;267;115;39600;18438;27.9;13.0
05;2021-05-03;457;494;40057;18932;28.3;13.4
05;2021-05-04;384;503;40441;19435;28.5;13.7
05;2021-05-05;462;671;40903;20106;28.9;14.2
05;2021-05-06;646;725;41549;20831;29.3;14.7
05;2021-05-07;596;800;42145;21631;29.7;15.3
05;2021-05-08;481;177;42626;21808;30.1;15.4
05;2021-05-09;208;57;42834;21865;30.2;15.4
05;2021-05-10;500;697;43334;22562;30.6;15.9
05;2021-05-11;669;908;44003;23470;31.0;16.6
05;2021-05-12;647;733;44650;24203;31.5;17.1
05;2021-05-13;960;116;45610;24319;32.2;17.2
05;2021-05-14;826;495;46436;24814;32.8;17.5
05;2021-05-15;1043;354;47479;25168;33.5;17.8
05;2021-05-16;235;52;47714;25220;33.7;17.8
05;2021-05-17;484;430;48198;25650;34.0;18.1
05;2021-05-18;519;419;48717;26069;34.4;18.4
05;2021-05-19;727;460;49444;26529;34.9;18.7
05;2021-05-20;747;434;50191;26963;35.4;19.0
05;2021-05-21;705;511;50896;27474;35.9;19.4
05;2021-05-22;607;239;51503;27713;36.3;19.5
05;2021-05-23;277;59;51780;27772;36.5;19.6
05;2021-05-24;509;157;52289;27929;36.9;19.7
05;2021-05-25;515;483;52804;28412;37.2;20.0
05;2021-05-26;696;363;53500;28775;37.7;20.3
05;2021-05-27;799;572;54299;29347;38.3;20.7
05;2021-05-28;666;648;54965;29995;38.8;21.2
05;2021-05-29;566;544;55531;30539;39.2;21.5
05;2021-05-30;212;82;55743;30621;39.3;21.6
05;2021-05-31;575;495;56318;31116;39.7;22.0
05;2021-06-01;589;585;56907;31701;40.1;22.4
05;2021-06-02;685;703;57592;32404;40.6;22.9
05;2021-06-03;716;651;58308;33055;41.1;23.3
05;2021-06-04;1018;819;59326;33874;41.9;23.9
05;2021-06-05;807;508;60133;34382;42.4;24.3
05;2021-06-06;202;89;60335;34471;42.6;24.3
05;2021-06-07;605;833;60940;35304;43.0;24.9
05;2021-06-08;702;659;61642;35963;43.5;25.4
05;2021-06-09;648;783;62290;36746;43.9;25.9
05;2021-06-10;544;718;62834;37464;44.3;26.4
05;2021-06-11;766;723;63600;38187;44.9;26.9
05;2021-06-12;593;484;64193;38671;45.3;27.3
05;2021-06-13;112;91;64305;38762;45.4;27.3
05;2021-06-14;403;668;64708;39430;45.6;27.8
05;2021-06-15;543;910;65251;40340;46.0;28.5
05;2021-06-16;433;671;65684;41011;46.3;28.9
05;2021-06-17;361;805;66045;41816;46.6;29.5
05;2021-06-18;398;724;66443;42540;46.9;30.0
05;2021-06-19;421;570;66864;43110;47.2;30.4
05;2021-06-20;64;77;66928;43187;47.2;30.5
05;2021-06-21;319;641;67247;43828;47.4;30.9
05;2021-06-22;356;829;67603;44657;47.7;31.5
05;2021-06-23;354;764;67957;45421;47.9;32.0
05;2021-06-24;388;1023;68345;46444;48.2;32.8
05;2021-06-25;229;893;68574;47337;48.4;33.4
05;2021-06-26;292;1074;68866;48411;48.6;34.2
05;2021-06-27;128;170;68994;48581;48.7;34.3
05;2021-06-28;254;792;69248;49373;48.9;34.8
05;2021-06-29;250;785;69498;50158;49.0;35.4
05;2021-06-30;329;789;69827;50947;49.3;35.9
05;2021-07-01;383;789;70210;51736;49.5;36.5
05;2021-07-02;370;871;70580;52607;49.8;37.1
05;2021-07-03;305;741;70885;53348;50.0;37.6
05;2021-07-04;179;177;71064;53525;50.1;37.8
05;2021-07-05;264;781;71328;54306;50.3;38.3
05;2021-07-06;336;858;71664;55164;50.6;38.9
05;2021-07-07;401;782;72065;55946;50.8;39.5
05;2021-07-08;431;848;72496;56794;51.1;40.1
05;2021-07-09;422;994;72918;57788;51.4;40.8
05;2021-07-10;314;729;73232;58517;51.7;41.3
05;2021-07-11;176;119;73408;58636;51.8;41.4
05;2021-07-12;416;1014;73824;59650;52.1;42.1
05;2021-07-13;483;870;74307;60520;52.4;42.7
05;2021-07-14;838;299;75145;60819;53.0;42.9
05;2021-07-15;709;993;75854;61812;53.5;43.6
05;2021-07-16;1027;1457;76881;63269;54.2;44.6
05;2021-07-17;674;1306;77555;64575;54.7;45.6
05;2021-07-18;285;131;77840;64706;54.9;45.6
05;2021-07-19;572;792;78412;65498;55.3;46.2
05;2021-07-20;763;801;79175;66299;55.9;46.8
05;2021-07-21;883;841;80058;67140;56.5;47.4
05;2021-07-22;814;870;80872;68010;57.1;48.0
05;2021-07-23;1447;1238;82319;69248;58.1;48.9
05;2021-07-24;864;836;83183;70084;58.7;49.4
05;2021-07-25;305;160;83488;70244;58.9;49.6
05;2021-07-26;779;561;84267;70805;59.4;49.9
05;2021-07-27;1261;756;85528;71561;60.3;50.5
05;2021-07-28;1523;720;87051;72281;61.4;51.0
05;2021-07-29;1346;723;88397;73004;62.4;51.5
05;2021-07-30;961;594;89358;73598;63.0;51.9
05;2021-07-31;782;525;90140;74123;63.6;52.3
05;2021-08-01;192;178;90332;74301;63.7;52.4
05;2021-08-02;836;549;91168;74850;64.3;52.8
05;2021-08-03;827;608;91995;75458;64.9;53.2
05;2021-08-04;990;757;92985;76215;65.6;53.8
05;2021-08-05;981;723;93966;76938;66.3;54.3
05;2021-08-06;875;792;94841;77730;66.9;54.8
05;2021-08-07;631;642;95472;78372;67.3;55.3
05;2021-08-08;196;270;95668;78642;67.5;55.5
05;2021-08-09;773;846;96441;79488;68.0;56.1
05;2021-08-10;652;697;97093;80185;68.5;56.6
05;2021-08-11;742;857;97835;81042;69.0;57.2
05;2021-08-12;793;784;98628;81826;69.6;57.7
05;2021-08-13;626;893;99254;82719;70.0;58.4
05;2021-08-14;408;783;99662;83502;70.3;58.9
05;2021-08-15;189;224;99851;83726;70.4;59.1
05;2021-08-16;488;1084;100339;84810;70.8;59.8
05;2021-08-17;433;882;100772;85692;71.1;60.5
05;2021-08-18;435;972;101207;86664;71.4;61.1
05;2021-08-19;500;963;101707;87627;71.7;61.8
05;2021-08-20;477;1113;102184;88740;72.1;62.6
05;2021-08-21;356;851;102540;89591;72.3;63.2
05;2021-08-22;117;254;102657;89845;72.4;63.4
05;2021-08-23;321;828;102978;90673;72.6;64.0
05;2021-08-24;401;779;103379;91452;72.9;64.5
05;2021-08-25;407;923;103786;92375;73.2;65.2
05;2021-08-26;304;813;104090;93188;73.4;65.7
05;2021-08-27;334;921;104424;94109;73.7;66.4
05;2021-08-28;244;655;104668;94764;73.8;66.9
05;2021-08-29;66;255;104734;95019;73.9;67.0
05;2021-08-30;268;803;105002;95822;74.1;67.6
05;2021-08-31;252;713;105254;96535;74.3;68.1
05;2021-09-01;268;655;105522;97190;74.4;68.6
05;2021-09-02;250;705;105772;97895;74.6;69.1
05;2021-09-03;251;616;106023;98511;74.8;69.5
05;2021-09-04;202;667;106225;99178;74.9;70.0
05;2021-09-05;55;177;106280;99355;75.0;70.1
05;2021-09-06;160;421;106440;99776;75.1;70.4
05;2021-09-07;212;611;106652;100387;75.2;70.8
05;2021-09-08;172;591;106824;100978;75.4;71.2
06;2020-12-27;13;0;13;0;0.0;0.0
06;2020-12-28;24;0;37;0;0.0;0.0
06;2020-12-29;11;0;48;0;0.0;0.0
06;2020-12-30;9;0;57;0;0.0;0.0
06;2020-12-31;30;0;87;0;0.0;0.0
06;2021-01-01;24;0;111;0;0.0;0.0
06;2021-01-02;7;0;118;0;0.0;0.0
06;2021-01-03;8;0;126;0;0.0;0.0
06;2021-01-04;154;1;280;1;0.0;0.0
06;2021-01-05;190;2;470;3;0.0;0.0
06;2021-01-06;241;1;711;4;0.1;0.0
06;2021-01-07;521;2;1232;6;0.1;0.0
06;2021-01-08;690;2;1922;8;0.2;0.0
06;2021-01-09;392;3;2314;11;0.2;0.0
06;2021-01-10;82;0;2396;11;0.2;0.0
06;2021-01-11;1152;0;3548;11;0.3;0.0
06;2021-01-12;2245;5;5793;16;0.5;0.0
06;2021-01-13;1743;5;7536;21;0.7;0.0
06;2021-01-14;2162;18;9698;39;0.9;0.0
06;2021-01-15;1890;5;11588;44;1.1;0.0
06;2021-01-16;992;4;12580;48;1.2;0.0
06;2021-01-17;243;0;12823;48;1.2;0.0
06;2021-01-18;2497;7;15320;55;1.4;0.0
06;2021-01-19;2776;12;18096;67;1.7;0.0
06;2021-01-20;3372;12;21468;79;2.0;0.0
06;2021-01-21;3042;23;24510;102;2.3;0.0
06;2021-01-22;2984;18;27494;120;2.5;0.0
06;2021-01-23;1306;3;28800;123;2.7;0.0
06;2021-01-24;34;0;28834;123;2.7;0.0
06;2021-01-25;2079;13;30913;136;2.9;0.0
06;2021-01-26;3405;46;34318;182;3.2;0.0
06;2021-01-27;2570;97;36888;279;3.4;0.0
06;2021-01-28;2821;191;39709;470;3.7;0.0
06;2021-01-29;2520;293;42229;763;3.9;0.1
06;2021-01-30;674;40;42903;803;4.0;0.1
06;2021-01-31;4;1;42907;804;4.0;0.1
06;2021-02-01;1029;430;43936;1234;4.1;0.1
06;2021-02-02;1506;379;45442;1613;4.2;0.1
06;2021-02-03;335;131;45777;1744;4.2;0.2
06;2021-02-04;721;833;46498;2577;4.3;0.2
06;2021-02-05;1015;1027;47513;3604;4.4;0.3
06;2021-02-06;167;404;47680;4008;4.4;0.4
06;2021-02-07;14;49;47694;4057;4.4;0.4
06;2021-02-08;541;982;48235;5039;4.5;0.5
06;2021-02-09;323;702;48558;5741;4.5;0.5
06;2021-02-10;381;584;48939;6325;4.5;0.6
06;2021-02-11;481;938;49420;7263;4.6;0.7
06;2021-02-12;659;1146;50079;8409;4.6;0.8
06;2021-02-13;206;304;50285;8713;4.7;0.8
06;2021-02-14;17;1;50302;8714;4.7;0.8
06;2021-02-15;471;1066;50773;9780;4.7;0.9
06;2021-02-16;872;1851;51645;11631;4.8;1.1
06;2021-02-17;838;1912;52483;13543;4.9;1.3
06;2021-02-18;1818;2405;54301;15948;5.0;1.5
06;2021-02-19;1769;1929;56070;17877;5.2;1.7
06;2021-02-20;287;465;56357;18342;5.2;1.7
06;2021-02-21;24;55;56381;18397;5.2;1.7
06;2021-02-22;1087;1348;57468;19745;5.3;1.8
06;2021-02-23;1760;1307;59228;21052;5.5;2.0
06;2021-02-24;2122;1094;61350;22146;5.7;2.1
06;2021-02-25;3861;1454;65211;23600;6.0;2.2
06;2021-02-26;3406;1406;68617;25006;6.4;2.3
06;2021-02-27;1441;314;70058;25320;6.5;2.3
06;2021-02-28;97;24;70155;25344;6.5;2.3
06;2021-03-01;2422;704;72577;26048;6.7;2.4
06;2021-03-02;2466;839;75043;26887;7.0;2.5
06;2021-03-03;2867;481;77910;27368;7.2;2.5
06;2021-03-04;4633;524;82543;27892;7.6;2.6
06;2021-03-05;3916;968;86459;28860;8.0;2.7
06;2021-03-06;11967;345;98426;29205;9.1;2.7
06;2021-03-07;10217;316;108643;29521;10.1;2.7
06;2021-03-08;4177;1041;112820;30562;10.5;2.8
06;2021-03-09;5007;825;117827;31387;10.9;2.9
06;2021-03-10;4731;677;122558;32064;11.4;3.0
06;2021-03-11;6739;867;129297;32931;12.0;3.1
06;2021-03-12;6884;998;136181;33929;12.6;3.1
06;2021-03-13;11261;354;147442;34283;13.7;3.2
06;2021-03-14;514;47;147956;34330;13.7;3.2
06;2021-03-15;4843;744;152799;35074;14.2;3.2
06;2021-03-16;3778;1049;156577;36123;14.5;3.3
06;2021-03-17;6209;1795;162786;37918;15.1;3.5
06;2021-03-18;5134;1801;167920;39719;15.6;3.7
06;2021-03-19;6832;1992;174752;41711;16.2;3.9
06;2021-03-20;2375;551;177127;42262;16.4;3.9
06;2021-03-21;411;23;177538;42285;16.4;3.9
06;2021-03-22;3991;698;181529;42983;16.8;4.0
06;2021-03-23;5993;1211;187522;44194;17.4;4.1
06;2021-03-24;4230;3116;191752;47310;17.8;4.4
06;2021-03-25;5878;3164;197630;50474;18.3;4.7
06;2021-03-26;6369;1988;203999;52462;18.9;4.9
06;2021-03-27;2041;366;206040;52828;19.1;4.9
06;2021-03-28;215;5;206255;52833;19.1;4.9
06;2021-03-29;3209;2086;209464;54919;19.4;5.1
06;2021-03-30;5197;2506;214661;57425;19.9;5.3
06;2021-03-31;8061;1658;222722;59083;20.6;5.5
06;2021-04-01;7668;2464;230390;61547;21.3;5.7
06;2021-04-02;7252;2706;237642;64253;22.0;6.0
06;2021-04-03;2726;1374;240368;65627;22.3;6.1
06;2021-04-04;302;548;240670;66175;22.3;6.1
06;2021-04-05;1413;696;242083;66871;22.4;6.2
06;2021-04-06;6676;3308;248759;70179;23.0;6.5
06;2021-04-07;6233;3891;254992;74070;23.6;6.9
06;2021-04-08;5751;5650;260743;79720;24.2;7.4
06;2021-04-09;9394;5859;270137;85579;25.0;7.9
06;2021-04-10;2397;2780;272534;88359;25.2;8.2
06;2021-04-11;189;58;272723;88417;25.3;8.2
06;2021-04-12;4390;3512;277113;91929;25.7;8.5
06;2021-04-13;6387;5057;283500;96986;26.3;9.0
06;2021-04-14;5473;4458;288973;101444;26.8;9.4
06;2021-04-15;5556;4387;294529;105831;27.3;9.8
06;2021-04-16;7090;5194;301619;111025;27.9;10.3
06;2021-04-17;2787;3054;304406;114079;28.2;10.6
06;2021-04-18;267;224;304673;114303;28.2;10.6
06;2021-04-19;5501;4043;310174;118346;28.7;11.0
06;2021-04-20;5668;4874;315842;123220;29.3;11.4
06;2021-04-21;8331;4172;324173;127392;30.0;11.8
06;2021-04-22;8578;4197;332751;131589;30.8;12.2
06;2021-04-23;8836;4277;341587;135866;31.6;12.6
06;2021-04-24;2356;1499;343943;137365;31.9;12.7
06;2021-04-25;122;29;344065;137394;31.9;12.7
06;2021-04-26;4158;2317;348223;139711;32.3;12.9
06;2021-04-27;4588;4042;352811;143753;32.7;13.3
06;2021-04-28;4155;4579;356966;148332;33.1;13.7
06;2021-04-29;6093;5458;363059;153790;33.6;14.2
06;2021-04-30;6779;5168;369838;158958;34.3;14.7
06;2021-05-01;4169;835;374007;159793;34.6;14.8
06;2021-05-02;494;157;374501;159950;34.7;14.8
06;2021-05-03;6923;3557;381424;163507;35.3;15.1
06;2021-05-04;5759;5386;387183;168893;35.9;15.6
06;2021-05-05;4550;3912;391733;172805;36.3;16.0
06;2021-05-06;5233;4737;396966;177542;36.8;16.4
06;2021-05-07;5663;5676;402629;183218;37.3;17.0
06;2021-05-08;4874;1328;407503;184546;37.8;17.1
06;2021-05-09;206;308;407709;184854;37.8;17.1
06;2021-05-10;4831;5046;412540;189900;38.2;17.6
06;2021-05-11;4947;5569;417487;195469;38.7;18.1
06;2021-05-12;9111;4897;426598;200366;39.5;18.6
06;2021-05-13;9281;2142;435879;202508;40.4;18.8
06;2021-05-14;10856;3363;446735;205871;41.4;19.1
06;2021-05-15;9303;2219;456038;208090;42.2;19.3
06;2021-05-16;1504;287;457542;208377;42.4;19.3
06;2021-05-17;7518;3754;465060;212131;43.1;19.7
06;2021-05-18;9745;3224;474805;215355;44.0;20.0
06;2021-05-19;7712;2984;482517;218339;44.7;20.2
06;2021-05-20;7961;3669;490478;222008;45.4;20.6
06;2021-05-21;8811;3945;499289;225953;46.3;20.9
06;2021-05-22;3035;1326;502324;227279;46.5;21.1
06;2021-05-23;132;627;502456;227906;46.5;21.1
06;2021-05-24;3200;998;505656;228904;46.8;21.2
06;2021-05-25;4767;4932;510423;233836;47.3;21.7
06;2021-05-26;5694;6631;516117;240467;47.8;22.3
06;2021-05-27;5591;6278;521708;246745;48.3;22.9
06;2021-05-28;4991;7290;526699;254035;48.8;23.5
06;2021-05-29;1644;2931;528343;256966;48.9;23.8
06;2021-05-30;258;1123;528601;258089;49.0;23.9
06;2021-05-31;4420;5123;533021;263212;49.4;24.4
06;2021-06-01;5752;7427;538773;270639;49.9;25.1
06;2021-06-02;3322;8549;542095;279188;50.2;25.9
06;2021-06-03;4550;8306;546645;287494;50.6;26.6
06;2021-06-04;5498;7738;552143;295232;51.2;27.4
06;2021-06-05;2466;3348;554609;298580;51.4;27.7
06;2021-06-06;181;234;554790;298814;51.4;27.7
06;2021-06-07;4151;5586;558941;304400;51.8;28.2
06;2021-06-08;4481;5214;563422;309614;52.2;28.7
06;2021-06-09;4126;7360;567548;316974;52.6;29.4
06;2021-06-10;4799;6868;572347;323842;53.0;30.0
06;2021-06-11;3924;8363;576271;332205;53.4;30.8
06;2021-06-12;1749;3751;578020;335956;53.6;31.1
06;2021-06-13;150;439;578170;336395;53.6;31.2
06;2021-06-14;2741;8604;580911;344999;53.8;32.0
06;2021-06-15;3292;9494;584203;354493;54.1;32.8
06;2021-06-16;3518;7014;587721;361507;54.4;33.5
06;2021-06-17;3690;7193;591411;368700;54.8;34.2
06;2021-06-18;2646;5931;594057;374631;55.0;34.7
06;2021-06-19;1317;1686;595374;376317;55.2;34.9
06;2021-06-20;210;348;595584;376665;55.2;34.9
06;2021-06-21;1732;6303;597316;382968;55.3;35.5
06;2021-06-22;2366;7364;599682;390332;55.6;36.2
06;2021-06-23;2095;6545;601777;396877;55.8;36.8
06;2021-06-24;3488;8978;605265;405855;56.1;37.6
06;2021-06-25;2307;9608;607572;415463;56.3;38.5
06;2021-06-26;895;2289;608467;417752;56.4;38.7
06;2021-06-27;379;1189;608846;418941;56.4;38.8
06;2021-06-28;2499;8128;611345;427069;56.6;39.6
06;2021-06-29;2393;7724;613738;434793;56.9;40.3
06;2021-06-30;1526;7695;615264;442488;57.0;41.0
06;2021-07-01;3491;7484;618755;449972;57.3;41.7
06;2021-07-02;4474;8278;623229;458250;57.7;42.5
06;2021-07-03;1243;4308;624472;462558;57.9;42.9
06;2021-07-04;318;303;624790;462861;57.9;42.9
06;2021-07-05;4074;5146;628864;468007;58.3;43.4
06;2021-07-06;2138;5819;631002;473826;58.5;43.9
06;2021-07-07;4196;5981;635198;479807;58.8;44.5
06;2021-07-08;3721;6330;638919;486137;59.2;45.0
06;2021-07-09;4861;6240;643780;492377;59.6;45.6
06;2021-07-10;1773;2333;645553;494710;59.8;45.8
06;2021-07-11;331;322;645884;495032;59.8;45.9
06;2021-07-12;4203;7156;650087;502188;60.2;46.5
06;2021-07-13;6130;9024;656217;511212;60.8;47.4
06;2021-07-14;1240;441;657457;511653;60.9;47.4
06;2021-07-15;6825;8048;664282;519701;61.5;48.1
06;2021-07-16;8534;9022;672816;528723;62.3;49.0
06;2021-07-17;3174;5473;675990;534196;62.6;49.5
06;2021-07-18;1080;5335;677070;539531;62.7;50.0
06;2021-07-19;6169;8032;683239;547563;63.3;50.7
06;2021-07-20;7598;10257;690837;557820;64.0;51.7
06;2021-07-21;8474;8710;699311;566530;64.8;52.5
06;2021-07-22;10442;7878;709753;574408;65.8;53.2
06;2021-07-23;9564;6937;719317;581345;66.6;53.9
06;2021-07-24;3303;3112;722620;584457;66.9;54.1
06;2021-07-25;1001;478;723621;584935;67.0;54.2
06;2021-07-26;7662;6893;731283;591828;67.7;54.8
06;2021-07-27;9268;5596;740551;597424;68.6;55.3
06;2021-07-28;7477;5415;748028;602839;69.3;55.8
06;2021-07-29;8869;5777;756897;608616;70.1;56.4
06;2021-07-30;8545;5551;765442;614167;70.9;56.9
06;2021-07-31;3822;3083;769264;617250;71.3;57.2
06;2021-08-01;894;435;770158;617685;71.4;57.2
06;2021-08-02;7042;4621;777200;622306;72.0;57.7
06;2021-08-03;6817;5485;784017;627791;72.6;58.2
06;2021-08-04;5812;3513;789829;631304;73.2;58.5
06;2021-08-05;6722;4462;796551;635766;73.8;58.9
06;2021-08-06;6072;6126;802623;641892;74.4;59.5
06;2021-08-07;2308;2472;804931;644364;74.6;59.7
06;2021-08-08;605;633;805536;644997;74.6;59.8
06;2021-08-09;4803;6017;810339;651014;75.1;60.3
06;2021-08-10;5472;6905;815811;657919;75.6;61.0
06;2021-08-11;4413;6210;820224;664129;76.0;61.5
06;2021-08-12;4655;6742;824879;670871;76.4;62.2
06;2021-08-13;3815;6449;828694;677320;76.8;62.7
06;2021-08-14;1559;2281;830253;679601;76.9;63.0
06;2021-08-15;403;635;830656;680236;77.0;63.0
06;2021-08-16;3186;6889;833842;687125;77.3;63.7
06;2021-08-17;3791;7770;837633;694895;77.6;64.4
06;2021-08-18;2961;6409;840594;701304;77.9;65.0
06;2021-08-19;3913;8114;844507;709418;78.2;65.7
06;2021-08-20;3154;6510;847661;715928;78.5;66.3
06;2021-08-21;1792;3590;849453;719518;78.7;66.7
06;2021-08-22;365;707;849818;720225;78.7;66.7
06;2021-08-23;2370;6524;852188;726749;79.0;67.3
06;2021-08-24;2796;6465;854984;733214;79.2;67.9
06;2021-08-25;2547;5660;857531;738874;79.4;68.5
06;2021-08-26;2635;6866;860166;745740;79.7;69.1
06;2021-08-27;2446;7072;862612;752812;79.9;69.7
06;2021-08-28;1280;3332;863892;756144;80.0;70.1
06;2021-08-29;285;821;864177;756965;80.1;70.1
06;2021-08-30;2360;6359;866537;763324;80.3;70.7
06;2021-08-31;2693;7125;869230;770449;80.5;71.4
06;2021-09-01;2232;5803;871462;776252;80.7;71.9
06;2021-09-02;2376;6416;873838;782668;81.0;72.5
06;2021-09-03;2081;6860;875919;789528;81.1;73.1
06;2021-09-04;1305;3641;877224;793169;81.3;73.5
06;2021-09-05;263;521;877487;793690;81.3;73.5
06;2021-09-06;1365;4886;878852;798576;81.4;74.0
06;2021-09-07;1534;5248;880386;803824;81.6;74.5
06;2021-09-08;1482;4424;881868;808248;81.7;74.9
07;2020-12-27;0;0;0;0;0.0;0.0
07;2020-12-28;0;0;0;0;0.0;0.0
07;2020-12-29;0;0;0;0;0.0;0.0
07;2020-12-30;0;0;0;0;0.0;0.0
07;2020-12-31;0;0;0;0;0.0;0.0
07;2021-01-01;7;0;7;0;0.0;0.0
07;2021-01-02;0;0;7;0;0.0;0.0
07;2021-01-03;0;0;7;0;0.0;0.0
07;2021-01-04;0;0;7;0;0.0;0.0
07;2021-01-05;0;0;7;0;0.0;0.0
07;2021-01-06;31;0;38;0;0.0;0.0
07;2021-01-07;130;1;168;1;0.1;0.0
07;2021-01-08;45;1;213;2;0.1;0.0
07;2021-01-09;17;0;230;2;0.1;0.0
07;2021-01-10;0;0;230;2;0.1;0.0
07;2021-01-11;157;1;387;3;0.1;0.0
07;2021-01-12;310;0;697;3;0.2;0.0
07;2021-01-13;309;1;1006;4;0.3;0.0
07;2021-01-14;477;0;1483;4;0.5;0.0
07;2021-01-15;188;0;1671;4;0.5;0.0
07;2021-01-16;17;0;1688;4;0.5;0.0
07;2021-01-17;2;0;1690;4;0.5;0.0
07;2021-01-18;363;4;2053;8;0.6;0.0
07;2021-01-19;831;2;2884;10;0.9;0.0
07;2021-01-20;605;2;3489;12;1.1;0.0
07;2021-01-21;452;3;3941;15;1.2;0.0
07;2021-01-22;291;0;4232;15;1.3;0.0
07;2021-01-23;107;0;4339;15;1.3;0.0
07;2021-01-24;0;0;4339;15;1.3;0.0
07;2021-01-25;164;0;4503;15;1.4;0.0
07;2021-01-26;491;4;4994;19;1.5;0.0
07;2021-01-27;556;7;5550;26;1.7;0.0
07;2021-01-28;1207;101;6757;127;2.1;0.0
07;2021-01-29;707;18;7464;145;2.3;0.0
07;2021-01-30;213;4;7677;149;2.3;0.0
07;2021-01-31;7;0;7684;149;2.4;0.0
07;2021-02-01;267;17;7951;166;2.4;0.1
07;2021-02-02;664;236;8615;402;2.6;0.1
07;2021-02-03;1046;217;9661;619;3.0;0.2
07;2021-02-04;722;254;10383;873;3.2;0.3
07;2021-02-05;484;250;10867;1123;3.3;0.3
07;2021-02-06;98;3;10965;1126;3.4;0.3
07;2021-02-07;12;1;10977;1127;3.4;0.3
07;2021-02-08;239;150;11216;1277;3.4;0.4
07;2021-02-09;488;313;11704;1590;3.6;0.5
07;2021-02-10;538;371;12242;1961;3.7;0.6
07;2021-02-11;400;255;12642;2216;3.9;0.7
07;2021-02-12;267;149;12909;2365;3.9;0.7
07;2021-02-13;69;16;12978;2381;4.0;0.7
07;2021-02-14;0;0;12978;2381;4.0;0.7
07;2021-02-15;270;109;13248;2490;4.1;0.8
07;2021-02-16;348;323;13596;2813;4.2;0.9
07;2021-02-17;466;313;14062;3126;4.3;1.0
07;2021-02-18;562;741;14624;3867;4.5;1.2
07;2021-02-19;457;488;15081;4355;4.6;1.3
07;2021-02-20;109;58;15190;4413;4.6;1.4
07;2021-02-21;15;0;15205;4413;4.7;1.4
07;2021-02-22;425;199;15630;4612;4.8;1.4
07;2021-02-23;646;595;16276;5207;5.0;1.6
07;2021-02-24;928;670;17204;5877;5.3;1.8
07;2021-02-25;710;499;17914;6376;5.5;2.0
07;2021-02-26;845;258;18759;6634;5.7;2.0
07;2021-02-27;190;140;18949;6774;5.8;2.1
07;2021-02-28;1;0;18950;6774;5.8;2.1
07;2021-03-01;438;192;19388;6966;5.9;2.1
07;2021-03-02;655;547;20043;7513;6.1;2.3
07;2021-03-03;693;505;20736;8018;6.3;2.5
07;2021-03-04;1100;336;21836;8354;6.7;2.6
07;2021-03-05;1084;359;22920;8713;7.0;2.7
07;2021-03-06;1125;99;24045;8812;7.4;2.7
07;2021-03-07;717;20;24762;8832;7.6;2.7
07;2021-03-08;352;306;25114;9138;7.7;2.8
07;2021-03-09;1088;424;26202;9562;8.0;2.9
07;2021-03-10;867;514;27069;10076;8.3;3.1
07;2021-03-11;1373;462;28442;10538;8.7;3.2
07;2021-03-12;1618;559;30060;11097;9.2;3.4
07;2021-03-13;680;99;30740;11196;9.4;3.4
07;2021-03-14;4;0;30744;11196;9.4;3.4
07;2021-03-15;527;286;31271;11482;9.6;3.5
07;2021-03-16;1209;482;32480;11964;9.9;3.7
07;2021-03-17;1188;772;33668;12736;10.3;3.9
07;2021-03-18;1219;411;34887;13147;10.7;4.0
07;2021-03-19;1268;422;36155;13569;11.1;4.2
07;2021-03-20;467;108;36622;13677;11.2;4.2
07;2021-03-21;3;1;36625;13678;11.2;4.2
07;2021-03-22;790;533;37415;14211;11.4;4.3
07;2021-03-23;1518;716;38933;14927;11.9;4.6
07;2021-03-24;1277;660;40210;15587;12.3;4.8
07;2021-03-25;1852;515;42062;16102;12.9;4.9
07;2021-03-26;1834;440;43896;16542;13.4;5.1
07;2021-03-27;385;100;44281;16642;13.5;5.1
07;2021-03-28;6;1;44287;16643;13.5;5.1
07;2021-03-29;789;357;45076;17000;13.8;5.2
07;2021-03-30;1526;506;46602;17506;14.3;5.4
07;2021-03-31;1660;507;48262;18013;14.8;5.5
07;2021-04-01;1588;660;49850;18673;15.3;5.7
07;2021-04-02;1523;439;51373;19112;15.7;5.8
07;2021-04-03;230;106;51603;19218;15.8;5.9
07;2021-04-04;3;1;51606;19219;15.8;5.9
07;2021-04-05;0;66;51606;19285;15.8;5.9
07;2021-04-06;1160;760;52766;20045;16.1;6.1
07;2021-04-07;1317;900;54083;20945;16.5;6.4
07;2021-04-08;1969;1178;56052;22123;17.1;6.8
07;2021-04-09;2425;567;58477;22690;17.9;6.9
07;2021-04-10;808;162;59285;22852;18.1;7.0
07;2021-04-11;339;12;59624;22864;18.2;7.0
07;2021-04-12;1287;601;60911;23465;18.6;7.2
07;2021-04-13;1768;1337;62679;24802;19.2;7.6
07;2021-04-14;1678;1010;64357;25812;19.7;7.9
07;2021-04-15;1442;843;65799;26655;20.1;8.2
07;2021-04-16;1505;906;67304;27561;20.6;8.4
07;2021-04-17;870;216;68174;27777;20.9;8.5
07;2021-04-18;701;38;68875;27815;21.1;8.5
07;2021-04-19;1161;573;70036;28388;21.4;8.7
07;2021-04-20;1441;1319;71477;29707;21.9;9.1
07;2021-04-21;1719;918;73196;30625;22.4;9.4
07;2021-04-22;1817;968;75013;31593;22.9;9.7
07;2021-04-23;1411;970;76424;32563;23.4;10.0
07;2021-04-24;962;252;77386;32815;23.7;10.0
07;2021-04-25;717;69;78103;32884;23.9;10.1
07;2021-04-26;1138;678;79241;33562;24.2;10.3
07;2021-04-27;1395;1565;80636;35127;24.7;10.7
07;2021-04-28;1636;1758;82272;36885;25.2;11.3
07;2021-04-29;1938;1531;84210;38416;25.8;11.8
07;2021-04-30;1661;1482;85871;39898;26.3;12.2
07;2021-05-01;960;118;86831;40016;26.6;12.2
07;2021-05-02;844;155;87675;40171;26.8;12.3
07;2021-05-03;1280;435;88955;40606;27.2;12.4
07;2021-05-04;2171;1566;91126;42172;27.9;12.9
07;2021-05-05;1745;1386;92871;43558;28.4;13.3
07;2021-05-06;2105;1587;94976;45145;29.1;13.8
07;2021-05-07;1597;1554;96573;46699;29.5;14.3
07;2021-05-08;1228;405;97801;47104;29.9;14.4
07;2021-05-09;1030;327;98831;47431;30.2;14.5
07;2021-05-10;1406;1177;100237;48608;30.7;14.9
07;2021-05-11;2472;1696;102709;50304;31.4;15.4
07;2021-05-12;2164;1277;104873;51581;32.1;15.8
07;2021-05-13;1712;273;106585;51854;32.6;15.9
07;2021-05-14;1735;997;108320;52851;33.1;16.2
07;2021-05-15;1627;500;109947;53351;33.6;16.3
07;2021-05-16;1444;213;111391;53564;34.1;16.4
07;2021-05-17;1772;859;113163;54423;34.6;16.6
07;2021-05-18;2296;1303;115459;55726;35.3;17.0
07;2021-05-19;2375;999;117834;56725;36.0;17.4
07;2021-05-20;2165;1310;119999;58035;36.7;17.8
07;2021-05-21;1758;1312;121757;59347;37.2;18.2
07;2021-05-22;935;543;122692;59890;37.5;18.3
07;2021-05-23;857;157;123549;60047;37.8;18.4
07;2021-05-24;1650;339;125199;60386;38.3;18.5
07;2021-05-25;2185;1478;127384;61864;39.0;18.9
07;2021-05-26;1529;1381;128913;63245;39.4;19.3
07;2021-05-27;2018;1410;130931;64655;40.1;19.8
07;2021-05-28;1770;2078;132701;66733;40.6;20.4
07;2021-05-29;943;684;133644;67417;40.9;20.6
07;2021-05-30;622;570;134266;67987;41.1;20.8
07;2021-05-31;1133;1281;135399;69268;41.4;21.2
07;2021-06-01;2153;2001;137552;71269;42.1;21.8
07;2021-06-02;1530;1654;139082;72923;42.5;22.3
07;2021-06-03;1712;1253;140794;74176;43.1;22.7
07;2021-06-04;1676;1593;142470;75769;43.6;23.2
07;2021-06-05;987;955;143457;76724;43.9;23.5
07;2021-06-06;598;623;144055;77347;44.1;23.7
07;2021-06-07;962;1193;145017;78540;44.4;24.0
07;2021-06-08;1550;1772;146567;80312;44.8;24.6
07;2021-06-09;1030;1420;147597;81732;45.2;25.0
07;2021-06-10;788;1389;148385;83121;45.4;25.4
07;2021-06-11;1154;2034;149539;85155;45.7;26.1
07;2021-06-12;643;1217;150182;86372;45.9;26.4
07;2021-06-13;395;444;150577;86816;46.1;26.6
07;2021-06-14;566;1960;151143;88776;46.2;27.2
07;2021-06-15;936;2552;152079;91328;46.5;27.9
07;2021-06-16;1024;1852;153103;93180;46.8;28.5
07;2021-06-17;885;1950;153988;95130;47.1;29.1
07;2021-06-18;872;2283;154860;97413;47.4;29.8
07;2021-06-19;604;1453;155464;98866;47.6;30.2
07;2021-06-20;369;727;155833;99593;47.7;30.5
07;2021-06-21;517;2144;156350;101737;47.8;31.1
07;2021-06-22;655;2661;157005;104398;48.0;31.9
07;2021-06-23;680;1961;157685;106359;48.2;32.5
07;2021-06-24;646;1852;158331;108211;48.4;33.1
07;2021-06-25;701;2177;159032;110388;48.7;33.8
07;2021-06-26;362;1431;159394;111819;48.8;34.2
07;2021-06-27;285;1073;159679;112892;48.9;34.5
07;2021-06-28;506;2242;160185;115134;49.0;35.2
07;2021-06-29;540;2988;160725;118122;49.2;36.1
07;2021-06-30;822;2282;161547;120404;49.4;36.8
07;2021-07-01;776;1962;162323;122366;49.7;37.4
07;2021-07-02;882;2297;163205;124663;49.9;38.1
07;2021-07-03;421;1139;163626;125802;50.1;38.5
07;2021-07-04;211;852;163837;126654;50.1;38.7
07;2021-07-05;670;1686;164507;128340;50.3;39.3
07;2021-07-06;880;2632;165387;130972;50.6;40.1
07;2021-07-07;970;1947;166357;132919;50.9;40.7
07;2021-07-08;928;1964;167285;134883;51.2;41.3
07;2021-07-09;996;2262;168281;137145;51.5;42.0
07;2021-07-10;598;1101;168879;138246;51.7;42.3
07;2021-07-11;239;614;169118;138860;51.7;42.5
07;2021-07-12;809;1769;169927;140629;52.0;43.0
07;2021-07-13;1771;3177;171698;143806;52.5;44.0
07;2021-07-14;167;133;171865;143939;52.6;44.0
07;2021-07-15;1961;2464;173826;146403;53.2;44.8
07;2021-07-16;2055;1986;175881;148389;53.8;45.4
07;2021-07-17;1484;1251;177365;149640;54.3;45.8
07;2021-07-18;771;482;178136;150122;54.5;45.9
07;2021-07-19;1514;1688;179650;151810;55.0;46.4
07;2021-07-20;2523;2683;182173;154493;55.7;47.3
07;2021-07-21;1855;1916;184028;156409;56.3;47.8
07;2021-07-22;1918;1373;185946;157782;56.9;48.3
07;2021-07-23;2267;1687;188213;159469;57.6;48.8
07;2021-07-24;1643;1111;189856;160580;58.1;49.1
07;2021-07-25;34;22;189890;160602;58.1;49.1
07;2021-07-26;2197;1537;192087;162139;58.8;49.6
07;2021-07-27;3012;1910;195099;164049;59.7;50.2
07;2021-07-28;1644;1307;196743;165356;60.2;50.6
07;2021-07-29;2541;1275;199284;166631;61.0;51.0
07;2021-07-30;1354;1417;200638;168048;61.4;51.4
07;2021-07-31;1506;922;202144;168970;61.8;51.7
07;2021-08-01;74;26;202218;168996;61.9;51.7
07;2021-08-02;1514;1133;203732;170129;62.3;52.0
07;2021-08-03;2416;1913;206148;172042;63.1;52.6
07;2021-08-04;1947;1031;208095;173073;63.7;52.9
07;2021-08-05;1890;1293;209985;174366;64.2;53.3
07;2021-08-06;2031;1709;212016;176075;64.9;53.9
07;2021-08-07;997;554;213013;176629;65.2;54.0
07;2021-08-08;11;23;213024;176652;65.2;54.0
07;2021-08-09;1257;1382;214281;178034;65.6;54.5
07;2021-08-10;1600;2259;215881;180293;66.0;55.2
07;2021-08-11;1400;1601;217281;181894;66.5;55.6
07;2021-08-12;1100;1484;218381;183378;66.8;56.1
07;2021-08-13;1179;1786;219560;185164;67.2;56.6
07;2021-08-14;511;765;220071;185929;67.3;56.9
07;2021-08-15;9;28;220080;185957;67.3;56.9
07;2021-08-16;754;1328;220834;187285;67.6;57.3
07;2021-08-17;1329;2277;222163;189562;68.0;58.0
07;2021-08-18;873;1514;223036;191076;68.2;58.5
07;2021-08-19;1144;1695;224180;192771;68.6;59.0
07;2021-08-20;893;2086;225073;194857;68.9;59.6
07;2021-08-21;361;547;225434;195404;69.0;59.8
07;2021-08-22;7;23;225441;195427;69.0;59.8
07;2021-08-23;466;1308;225907;196735;69.1;60.2
07;2021-08-24;1121;2308;227028;199043;69.5;60.9
07;2021-08-25;683;1833;227711;200876;69.7;61.5
07;2021-08-26;683;2017;228394;202893;69.9;62.1
07;2021-08-27;779;1821;229173;204714;70.1;62.6
07;2021-08-28;335;606;229508;205320;70.2;62.8
07;2021-08-29;1;33;229509;205353;70.2;62.8
07;2021-08-30;426;1325;229935;206678;70.3;63.2
07;2021-08-31;1091;2279;231026;208957;70.7;63.9
07;2021-09-01;531;1395;231557;210352;70.8;64.4
07;2021-09-02;601;1538;232158;211890;71.0;64.8
07;2021-09-03;734;1887;232892;213777;71.2;65.4
07;2021-09-04;308;715;233200;214492;71.3;65.6
07;2021-09-05;26;22;233226;214514;71.4;65.6
07;2021-09-06;399;1028;233625;215542;71.5;65.9
07;2021-09-07;512;1462;234137;217004;71.6;66.4
07;2021-09-08;438;1159;234575;218163;71.8;66.7
08;2020-12-27;1;0;1;0;0.0;0.0
08;2020-12-28;0;0;1;0;0.0;0.0
08;2020-12-29;0;0;1;0;0.0;0.0
08;2020-12-30;0;0;1;0;0.0;0.0
08;2020-12-31;0;0;1;0;0.0;0.0
08;2021-01-01;0;0;1;0;0.0;0.0
08;2021-01-02;0;0;1;0;0.0;0.0
08;2021-01-03;2;0;3;0;0.0;0.0
08;2021-01-04;24;0;27;0;0.0;0.0
08;2021-01-05;1;0;28;0;0.0;0.0
08;2021-01-06;0;0;28;0;0.0;0.0
08;2021-01-07;188;0;216;0;0.1;0.0
08;2021-01-08;314;0;530;0;0.2;0.0
08;2021-01-09;113;0;643;0;0.2;0.0
08;2021-01-10;1;0;644;0;0.2;0.0
08;2021-01-11;67;0;711;0;0.3;0.0
08;2021-01-12;157;0;868;0;0.3;0.0
08;2021-01-13;480;1;1348;1;0.5;0.0
08;2021-01-14;537;9;1885;10;0.7;0.0
08;2021-01-15;287;2;2172;12;0.8;0.0
08;2021-01-16;107;0;2279;12;0.9;0.0
08;2021-01-17;2;0;2281;12;0.9;0.0
08;2021-01-18;371;2;2652;14;1.0;0.0
08;2021-01-19;873;1;3525;15;1.3;0.0
08;2021-01-20;910;4;4435;19;1.7;0.0
08;2021-01-21;743;1;5178;20;2.0;0.0
08;2021-01-22;677;1;5855;21;2.2;0.0
08;2021-01-23;237;0;6092;21;2.3;0.0
08;2021-01-24;0;0;6092;21;2.3;0.0
08;2021-01-25;207;0;6299;21;2.4;0.0
08;2021-01-26;303;1;6602;22;2.5;0.0
08;2021-01-27;410;1;7012;23;2.6;0.0
08;2021-01-28;565;179;7577;202;2.9;0.1
08;2021-01-29;587;178;8164;380;3.1;0.1
08;2021-01-30;222;63;8386;443;3.2;0.2
08;2021-01-31;0;0;8386;443;3.2;0.2
08;2021-02-01;80;44;8466;487;3.2;0.2
08;2021-02-02;192;168;8658;655;3.3;0.2
08;2021-02-03;141;164;8799;819;3.3;0.3
08;2021-02-04;309;280;9108;1099;3.4;0.4
08;2021-02-05;499;347;9607;1446;3.6;0.5
08;2021-02-06;149;69;9756;1515;3.7;0.6
08;2021-02-07;8;0;9764;1515;3.7;0.6
08;2021-02-08;40;159;9804;1674;3.7;0.6
08;2021-02-09;220;622;10024;2296;3.8;0.9
08;2021-02-10;334;614;10358;2910;3.9;1.1
08;2021-02-11;465;341;10823;3251;4.1;1.2
08;2021-02-12;676;361;11499;3612;4.3;1.4
08;2021-02-13;140;99;11639;3711;4.4;1.4
08;2021-02-14;3;60;11642;3771;4.4;1.4
08;2021-02-15;227;178;11869;3949;4.5;1.5
08;2021-02-16;130;336;11999;4285;4.5;1.6
08;2021-02-17;112;361;12111;4646;4.6;1.7
08;2021-02-18;215;460;12326;5106;4.6;1.9
08;2021-02-19;305;370;12631;5476;4.8;2.1
08;2021-02-20;7;191;12638;5667;4.8;2.1
08;2021-02-21;0;0;12638;5667;4.8;2.1
08;2021-02-22;132;158;12770;5825;4.8;2.2
08;2021-02-23;150;283;12920;6108;4.9;2.3
08;2021-02-24;163;357;13083;6465;4.9;2.4
08;2021-02-25;500;478;13583;6943;5.1;2.6
08;2021-02-26;603;590;14186;7533;5.3;2.8
08;2021-02-27;318;181;14504;7714;5.5;2.9
08;2021-02-28;19;1;14523;7715;5.5;2.9
08;2021-03-01;200;100;14723;7815;5.5;2.9
08;2021-03-02;654;267;15377;8082;5.8;3.0
08;2021-03-03;897;193;16274;8275;6.1;3.1
08;2021-03-04;734;319;17008;8594;6.4;3.2
08;2021-03-05;1022;516;18030;9110;6.8;3.4
08;2021-03-06;695;139;18725;9249;7.1;3.5
08;2021-03-07;75;2;18800;9251;7.1;3.5
08;2021-03-08;217;125;19017;9376;7.2;3.5
08;2021-03-09;687;151;19704;9527;7.4;3.6
08;2021-03-10;1038;114;20742;9641;7.8;3.6
08;2021-03-11;982;250;21724;9891;8.2;3.7
08;2021-03-12;1631;515;23355;10406;8.8;3.9
08;2021-03-13;797;123;24152;10529;9.1;4.0
08;2021-03-14;22;0;24174;10529;9.1;4.0
08;2021-03-15;291;73;24465;10602;9.2;4.0
08;2021-03-16;563;40;25028;10642;9.4;4.0
08;2021-03-17;804;64;25832;10706;9.7;4.0
08;2021-03-18;816;157;26648;10863;10.0;4.1
08;2021-03-19;1135;283;27783;11146;10.5;4.2
08;2021-03-20;511;18;28294;11164;10.7;4.2
08;2021-03-21;13;1;28307;11165;10.7;4.2
08;2021-03-22;367;45;28674;11210;10.8;4.2
08;2021-03-23;733;63;29407;11273;11.1;4.2
08;2021-03-24;1327;69;30734;11342;11.6;4.3
08;2021-03-25;1905;96;32639;11438;12.3;4.3
08;2021-03-26;2570;172;35209;11610;13.3;4.4
08;2021-03-27;898;124;36107;11734;13.6;4.4
08;2021-03-28;228;6;36335;11740;13.7;4.4
08;2021-03-29;261;183;36596;11923;13.8;4.5
08;2021-03-30;832;484;37428;12407;14.1;4.7
08;2021-03-31;852;531;38280;12938;14.4;4.9
08;2021-04-01;1685;447;39965;13385;15.1;5.0
08;2021-04-02;1499;517;41464;13902;15.6;5.2
08;2021-04-03;1329;203;42793;14105;16.1;5.3
08;2021-04-04;134;4;42927;14109;16.2;5.3
08;2021-04-05;17;0;42944;14109;16.2;5.3
08;2021-04-06;703;481;43647;14590;16.4;5.5
08;2021-04-07;910;702;44557;15292;16.8;5.8
08;2021-04-08;1743;523;46300;15815;17.4;6.0
08;2021-04-09;2348;727;48648;16542;18.3;6.2
08;2021-04-10;1449;226;50097;16768;18.9;6.3
08;2021-04-11;10;6;50107;16774;18.9;6.3
08;2021-04-12;671;211;50778;16985;19.1;6.4
08;2021-04-13;1310;610;52088;17595;19.6;6.6
08;2021-04-14;1280;867;53368;18462;20.1;7.0
08;2021-04-15;1606;806;54974;19268;20.7;7.3
08;2021-04-16;1873;880;56847;20148;21.4;7.6
08;2021-04-17;1112;401;57959;20549;21.8;7.7
08;2021-04-18;23;14;57982;20563;21.8;7.7
08;2021-04-19;1151;298;59133;20861;22.3;7.9
08;2021-04-20;1120;542;60253;21403;22.7;8.1
08;2021-04-21;1139;744;61392;22147;23.1;8.3
08;2021-04-22;1327;880;62719;23027;23.6;8.7
08;2021-04-23;1676;1173;64395;24200;24.3;9.1
08;2021-04-24;1325;647;65720;24847;24.8;9.4
08;2021-04-25;26;198;65746;25045;24.8;9.4
08;2021-04-26;1040;156;66786;25201;25.2;9.5
08;2021-04-27;1338;593;68124;25794;25.7;9.7
08;2021-04-28;1453;673;69577;26467;26.2;10.0
08;2021-04-29;1173;1313;70750;27780;26.6;10.5
08;2021-04-30;1769;1611;72519;29391;27.3;11.1
08;2021-05-01;1049;493;73568;29884;27.7;11.3
08;2021-05-02;627;183;74195;30067;27.9;11.3
08;2021-05-03;1169;372;75364;30439;28.4;11.5
08;2021-05-04;1328;875;76692;31314;28.9;11.8
08;2021-05-05;1567;1336;78259;32650;29.5;12.3
08;2021-05-06;1971;1654;80230;34304;30.2;12.9
08;2021-05-07;1861;2100;82091;36404;30.9;13.7
08;2021-05-08;923;767;83014;37171;31.3;14.0
08;2021-05-09;443;71;83457;37242;31.4;14.0
08;2021-05-10;1192;657;84649;37899;31.9;14.3
08;2021-05-11;1910;940;86559;38839;32.6;14.6
08;2021-05-12;1810;1240;88369;40079;33.3;15.1
08;2021-05-13;1306;619;89675;40698;33.8;15.3
08;2021-05-14;2535;1036;92210;41734;34.7;15.7
08;2021-05-15;1821;711;94031;42445;35.4;16.0
08;2021-05-16;820;102;94851;42547;35.7;16.0
08;2021-05-17;700;905;95551;43452;36.0;16.4
08;2021-05-18;1251;838;96802;44290;36.5;16.7
08;2021-05-19;1610;960;98412;45250;37.1;17.0
08;2021-05-20;2147;956;100559;46206;37.9;17.4
08;2021-05-21;2338;1273;102897;47479;38.8;17.9
08;2021-05-22;1817;762;104714;48241;39.4;18.2
08;2021-05-23;864;90;105578;48331;39.8;18.2
08;2021-05-24;715;105;106293;48436;40.0;18.2
08;2021-05-25;1456;671;107749;49107;40.6;18.5
08;2021-05-26;1527;1011;109276;50118;41.2;18.9
08;2021-05-27;2005;1144;111281;51262;41.9;19.3
08;2021-05-28;1973;1819;113254;53081;42.7;20.0
08;2021-05-29;1768;965;115022;54046;43.3;20.4
08;2021-05-30;836;102;115858;54148;43.6;20.4
08;2021-05-31;755;569;116613;54717;43.9;20.6
08;2021-06-01;1350;876;117963;55593;44.4;20.9
08;2021-06-02;1295;1196;119258;56789;44.9;21.4
08;2021-06-03;1386;1521;120644;58310;45.4;22.0
08;2021-06-04;1777;2420;122421;60730;46.1;22.9
08;2021-06-05;1177;1379;123598;62109;46.5;23.4
08;2021-06-06;907;107;124505;62216;46.9;23.4
08;2021-06-07;661;1174;125166;63390;47.1;23.9
08;2021-06-08;931;1496;126097;64886;47.5;24.4
08;2021-06-09;841;1386;126938;66272;47.8;25.0
08;2021-06-10;1718;1559;128656;67831;48.5;25.5
08;2021-06-11;1721;2207;130377;70038;49.1;26.4
08;2021-06-12;1418;1527;131795;71565;49.6;27.0
08;2021-06-13;386;598;132181;72163;49.8;27.2
08;2021-06-14;380;1304;132561;73467;49.9;27.7
08;2021-06-15;741;1550;133302;75017;50.2;28.3
08;2021-06-16;808;2056;134110;77073;50.5;29.0
08;2021-06-17;1285;1851;135395;78924;51.0;29.7
08;2021-06-18;1609;2592;137004;81516;51.6;30.7
08;2021-06-19;1325;1407;138329;82923;52.1;31.2
08;2021-06-20;117;422;138446;83345;52.1;31.4
08;2021-06-21;494;1397;138940;84742;52.3;31.9
08;2021-06-22;809;2023;139749;86765;52.6;32.7
08;2021-06-23;860;1673;140609;88438;53.0;33.3
08;2021-06-24;1038;1923;141647;90361;53.3;34.0
08;2021-06-25;1084;2729;142731;93090;53.8;35.1
08;2021-06-26;1011;1784;143742;94874;54.1;35.7
08;2021-06-27;351;642;144093;95516;54.3;36.0
08;2021-06-28;397;1324;144490;96840;54.4;36.5
08;2021-06-29;628;1472;145118;98312;54.7;37.0
08;2021-06-30;856;1690;145974;100002;55.0;37.7
08;2021-07-01;887;2194;146861;102196;55.3;38.5
08;2021-07-02;939;2642;147800;104838;55.7;39.5
08;2021-07-03;784;2145;148584;106983;56.0;40.3
08;2021-07-04;128;861;148712;107844;56.0;40.6
08;2021-07-05;104;1195;148816;109039;56.0;41.1
08;2021-07-06;425;1835;149241;110874;56.2;41.8
08;2021-07-07;364;1781;149605;112655;56.3;42.4
08;2021-07-08;717;2016;150322;114671;56.6;43.2
08;2021-07-09;734;2434;151056;117105;56.9;44.1
08;2021-07-10;653;1998;151709;119103;57.1;44.9
08;2021-07-11;238;726;151947;119829;57.2;45.1
08;2021-07-12;312;1192;152259;121021;57.3;45.6
08;2021-07-13;946;1787;153205;122808;57.7;46.2
08;2021-07-14;178;329;153383;123137;57.8;46.4
08;2021-07-15;760;2448;154143;125585;58.1;47.3
08;2021-07-16;1084;2404;155227;127989;58.5;48.2
08;2021-07-17;993;2107;156220;130096;58.8;49.0
08;2021-07-18;346;741;156566;130837;59.0;49.3
08;2021-07-19;457;920;157023;131757;59.1;49.6
08;2021-07-20;878;1435;157901;133192;59.5;50.2
08;2021-07-21;1235;1716;159136;134908;59.9;50.8
08;2021-07-22;1151;2168;160287;137076;60.4;51.6
08;2021-07-23;1586;2441;161873;139517;61.0;52.5
08;2021-07-24;1310;1923;163183;141440;61.5;53.3
08;2021-07-25;774;445;163957;141885;61.7;53.4
08;2021-07-26;1323;845;165280;142730;62.2;53.8
08;2021-07-27;2188;1406;167468;144136;63.1;54.3
08;2021-07-28;2414;1452;169882;145588;64.0;54.8
08;2021-07-29;2605;1346;172487;146934;65.0;55.3
08;2021-07-30;2601;1589;175088;148523;65.9;55.9
08;2021-07-31;1974;1076;177062;149599;66.7;56.3
08;2021-08-01;935;300;177997;149899;67.0;56.5
08;2021-08-02;1255;682;179252;150581;67.5;56.7
08;2021-08-03;1632;823;180884;151404;68.1;57.0
08;2021-08-04;1491;664;182375;152068;68.7;57.3
08;2021-08-05;1905;976;184280;153044;69.4;57.6
08;2021-08-06;2588;1099;186868;154143;70.4;58.1
08;2021-08-07;1673;1162;188541;155305;71.0;58.5
08;2021-08-08;585;373;189126;155678;71.2;58.6
08;2021-08-09;672;535;189798;156213;71.5;58.8
08;2021-08-10;879;749;190677;156962;71.8;59.1
08;2021-08-11;524;791;191201;157753;72.0;59.4
08;2021-08-12;1160;1079;192361;158832;72.4;59.8
08;2021-08-13;1155;1015;193516;159847;72.9;60.2
08;2021-08-14;587;913;194103;160760;73.1;60.5
08;2021-08-15;137;274;194240;161034;73.2;60.6
08;2021-08-16;219;1180;194459;162214;73.2;61.1
08;2021-08-17;514;1209;194973;163423;73.4;61.5
08;2021-08-18;278;1264;195251;164687;73.5;62.0
08;2021-08-19;605;1889;195856;166576;73.8;62.7
08;2021-08-20;681;2177;196537;168753;74.0;63.6
08;2021-08-21;273;1339;196810;170092;74.1;64.1
08;2021-08-22;105;899;196915;170991;74.2;64.4
08;2021-08-23;160;1448;197075;172439;74.2;64.9
08;2021-08-24;361;1753;197436;174192;74.4;65.6
08;2021-08-25;320;1248;197756;175440;74.5;66.1
08;2021-08-26;500;2063;198256;177503;74.7;66.8
08;2021-08-27;449;2324;198705;179827;74.8;67.7
08;2021-08-28;260;1285;198965;181112;74.9;68.2
08;2021-08-29;167;561;199132;181673;75.0;68.4
08;2021-08-30;302;1167;199434;182840;75.1;68.9
08;2021-08-31;360;1284;199794;184124;75.2;69.3
08;2021-09-01;413;1351;200207;185475;75.4;69.9
08;2021-09-02;463;1286;200670;186761;75.6;70.3
08;2021-09-03;461;1691;201131;188452;75.7;71.0
08;2021-09-04;348;1462;201479;189914;75.9;71.5
08;2021-09-05;106;205;201585;190119;75.9;71.6
08;2021-09-06;195;513;201780;190632;76.0;71.8
08;2021-09-07;204;611;201984;191243;76.1;72.0
08;2021-09-08;273;592;202257;191835;76.2;72.2
09;2020-12-27;0;0;0;0;0.0;0.0
09;2020-12-28;1;0;1;0;0.0;0.0
09;2020-12-29;0;0;1;0;0.0;0.0
09;2020-12-30;0;0;1;0;0.0;0.0
09;2020-12-31;0;0;1;0;0.0;0.0
09;2021-01-01;0;0;1;0;0.0;0.0
09;2021-01-02;0;0;1;0;0.0;0.0
09;2021-01-03;0;0;1;0;0.0;0.0
09;2021-01-04;2;1;3;1;0.0;0.0
09;2021-01-05;0;0;3;1;0.0;0.0
09;2021-01-06;3;0;6;1;0.0;0.0
09;2021-01-07;257;2;263;3;0.2;0.0
09;2021-01-08;228;0;491;3;0.3;0.0
09;2021-01-09;103;0;594;3;0.4;0.0
09;2021-01-10;59;0;653;3;0.4;0.0
09;2021-01-11;175;0;828;3;0.5;0.0
09;2021-01-12;303;0;1131;3;0.7;0.0
09;2021-01-13;196;0;1327;3;0.9;0.0
09;2021-01-14;432;8;1759;11;1.2;0.0
09;2021-01-15;223;1;1982;12;1.3;0.0
09;2021-01-16;194;1;2176;13;1.4;0.0
09;2021-01-17;123;0;2299;13;1.5;0.0
09;2021-01-18;267;1;2566;14;1.7;0.0
09;2021-01-19;258;1;2824;15;1.9;0.0
09;2021-01-20;346;1;3170;16;2.1;0.0
09;2021-01-21;333;1;3503;17;2.3;0.0
09;2021-01-22;331;1;3834;18;2.5;0.0
09;2021-01-23;237;0;4071;18;2.7;0.0
09;2021-01-24;85;1;4156;19;2.7;0.0
09;2021-01-25;206;11;4362;30;2.9;0.0
09;2021-01-26;634;25;4996;55;3.3;0.0
09;2021-01-27;472;47;5468;102;3.6;0.1
09;2021-01-28;286;141;5754;243;3.8;0.2
09;2021-01-29;251;121;6005;364;3.9;0.2
09;2021-01-30;143;53;6148;417;4.0;0.3
09;2021-01-31;56;10;6204;427;4.1;0.3
09;2021-02-01;82;130;6286;557;4.1;0.4
09;2021-02-02;57;285;6343;842;4.2;0.6
09;2021-02-03;87;191;6430;1033;4.2;0.7
09;2021-02-04;49;267;6479;1300;4.3;0.9
09;2021-02-05;89;125;6568;1425;4.3;0.9
09;2021-02-06;68;36;6636;1461;4.4;1.0
09;2021-02-07;6;53;6642;1514;4.4;1.0
09;2021-02-08;22;157;6664;1671;4.4;1.1
09;2021-02-09;55;238;6719;1909;4.4;1.3
09;2021-02-10;15;143;6734;2052;4.4;1.3
09;2021-02-11;6;179;6740;2231;4.4;1.5
09;2021-02-12;148;121;6888;2352;4.5;1.5
09;2021-02-13;7;124;6895;2476;4.5;1.6
09;2021-02-14;0;45;6895;2521;4.5;1.7
09;2021-02-15;75;114;6970;2635;4.6;1.7
09;2021-02-16;227;470;7197;3105;4.7;2.0
09;2021-02-17;83;343;7280;3448;4.8;2.3
09;2021-02-18;87;384;7367;3832;4.8;2.5
09;2021-02-19;63;227;7430;4059;4.9;2.7
09;2021-02-20;59;164;7489;4223;4.9;2.8
09;2021-02-21;0;40;7489;4263;4.9;2.8
09;2021-02-22;127;184;7616;4447;5.0;2.9
09;2021-02-23;161;118;7777;4565;5.1;3.0
09;2021-02-24;74;159;7851;4724;5.2;3.1
09;2021-02-25;211;148;8062;4872;5.3;3.2
09;2021-02-26;162;152;8224;5024;5.4;3.3
09;2021-02-27;65;57;8289;5081;5.4;3.3
09;2021-02-28;44;15;8333;5096;5.5;3.3
09;2021-03-01;247;87;8580;5183;5.6;3.4
09;2021-03-02;284;69;8864;5252;5.8;3.4
09;2021-03-03;252;125;9116;5377;6.0;3.5
09;2021-03-04;413;29;9529;5406;6.3;3.5
09;2021-03-05;331;57;9860;5463;6.5;3.6
09;2021-03-06;397;42;10257;5505;6.7;3.6
09;2021-03-07;124;4;10381;5509;6.8;3.6
09;2021-03-08;380;63;10761;5572;7.1;3.7
09;2021-03-09;437;134;11198;5706;7.3;3.7
09;2021-03-10;561;71;11759;5777;7.7;3.8
09;2021-03-11;695;78;12454;5855;8.2;3.8
09;2021-03-12;660;32;13114;5887;8.6;3.9
09;2021-03-13;385;3;13499;5890;8.9;3.9
09;2021-03-14;120;3;13619;5893;8.9;3.9
09;2021-03-15;467;51;14086;5944;9.2;3.9
09;2021-03-16;370;79;14456;6023;9.5;4.0
09;2021-03-17;399;72;14855;6095;9.7;4.0
09;2021-03-18;454;43;15309;6138;10.0;4.0
09;2021-03-19;525;56;15834;6194;10.4;4.1
09;2021-03-20;314;39;16148;6233;10.6;4.1
09;2021-03-21;105;0;16253;6233;10.7;4.1
09;2021-03-22;424;117;16677;6350;10.9;4.2
09;2021-03-23;566;169;17243;6519;11.3;4.3
09;2021-03-24;711;43;17954;6562;11.8;4.3
09;2021-03-25;869;134;18823;6696;12.4;4.4
09;2021-03-26;751;47;19574;6743;12.8;4.4
09;2021-03-27;622;70;20196;6813;13.3;4.5
09;2021-03-28;132;24;20328;6837;13.3;4.5
09;2021-03-29;498;276;20826;7113;13.7;4.7
09;2021-03-30;729;154;21555;7267;14.1;4.8
09;2021-03-31;803;182;22358;7449;14.7;4.9
09;2021-04-01;734;253;23092;7702;15.2;5.1
09;2021-04-02;694;267;23786;7969;15.6;5.2
09;2021-04-03;771;116;24557;8085;16.1;5.3
09;2021-04-04;122;57;24679;8142;16.2;5.3
09;2021-04-05;237;61;24916;8203;16.3;5.4
09;2021-04-06;1057;394;25973;8597;17.0;5.6
09;2021-04-07;1209;360;27182;8957;17.8;5.9
09;2021-04-08;1470;407;28652;9364;18.8;6.1
09;2021-04-09;1138;414;29790;9778;19.5;6.4
09;2021-04-10;1349;196;31139;9974;20.4;6.5
09;2021-04-11;173;101;31312;10075;20.5;6.6
09;2021-04-12;737;346;32049;10421;21.0;6.8
09;2021-04-13;1047;414;33096;10835;21.7;7.1
09;2021-04-14;1332;511;34428;11346;22.6;7.4
09;2021-04-15;1147;505;35575;11851;23.3;7.8
09;2021-04-16;1032;410;36607;12261;24.0;8.0
09;2021-04-17;1193;356;37800;12617;24.8;8.3
09;2021-04-18;102;96;37902;12713;24.9;8.3
09;2021-04-19;697;407;38599;13120;25.3;8.6
09;2021-04-20;766;531;39365;13651;25.8;9.0
09;2021-04-21;939;590;40304;14241;26.4;9.3
09;2021-04-22;666;606;40970;14847;26.9;9.7
09;2021-04-23;774;430;41744;15277;27.4;10.0
09;2021-04-24;741;671;42485;15948;27.9;10.5
09;2021-04-25;75;112;42560;16060;27.9;10.5
09;2021-04-26;382;532;42942;16592;28.2;10.9
09;2021-04-27;444;721;43386;17313;28.5;11.4
09;2021-04-28;806;794;44192;18107;29.0;11.9
09;2021-04-29;550;776;44742;18883;29.4;12.4
09;2021-04-30;621;723;45363;19606;29.8;12.9
09;2021-05-01;478;455;45841;20061;30.1;13.2
09;2021-05-02;51;100;45892;20161;30.1;13.2
09;2021-05-03;521;663;46413;20824;30.5;13.7
09;2021-05-04;555;1348;46968;22172;30.8;14.5
09;2021-05-05;822;1348;47790;23520;31.4;15.4
09;2021-05-06;849;1032;48639;24552;31.9;16.1
09;2021-05-07;977;822;49616;25374;32.6;16.6
09;2021-05-08;395;461;50011;25835;32.8;17.0
09;2021-05-09;264;84;50275;25919;33.0;17.0
09;2021-05-10;504;966;50779;26885;33.3;17.6
09;2021-05-11;741;1049;51520;27934;33.8;18.3
09;2021-05-12;1535;1402;53055;29336;34.8;19.2
09;2021-05-13;1383;425;54438;29761;35.7;19.5
09;2021-05-14;986;654;55424;30415;36.4;20.0
09;2021-05-15;1236;789;56660;31204;37.2;20.5
09;2021-05-16;296;48;56956;31252;37.4;20.5
09;2021-05-17;873;413;57829;31665;37.9;20.8
09;2021-05-18;1291;396;59120;32061;38.8;21.0
09;2021-05-19;1496;370;60616;32431;39.8;21.3
09;2021-05-20;1380;404;61996;32835;40.7;21.5
09;2021-05-21;1164;496;63160;33331;41.4;21.9
09;2021-05-22;1546;365;64706;33696;42.5;22.1
09;2021-05-23;273;25;64979;33721;42.6;22.1
09;2021-05-24;177;100;65156;33821;42.8;22.2
09;2021-05-25;998;500;66154;34321;43.4;22.5
09;2021-05-26;1285;447;67439;34768;44.3;22.8
09;2021-05-27;966;403;68405;35171;44.9;23.1
09;2021-05-28;958;511;69363;35682;45.5;23.4
09;2021-05-29;1796;600;71159;36282;46.7;23.8
09;2021-05-30;541;197;71700;36479;47.0;23.9
09;2021-05-31;717;592;72417;37071;47.5;24.3
09;2021-06-01;970;638;73387;37709;48.2;24.7
09;2021-06-02;1009;896;74396;38605;48.8;25.3
09;2021-06-03;810;682;75206;39287;49.3;25.8
09;2021-06-04;877;799;76083;40086;49.9;26.3
09;2021-06-05;1320;874;77403;40960;50.8;26.9
09;2021-06-06;304;108;77707;41068;51.0;26.9
09;2021-06-07;623;518;78330;41586;51.4;27.3
09;2021-06-08;823;488;79153;42074;51.9;27.6
09;2021-06-09;805;835;79958;42909;52.5;28.2
09;2021-06-10;642;534;80600;43443;52.9;28.5
09;2021-06-11;831;762;81431;44205;53.4;29.0
09;2021-06-12;636;809;82067;45014;53.9;29.5
09;2021-06-13;94;130;82161;45144;53.9;29.6
09;2021-06-14;630;708;82791;45852;54.3;30.1
09;2021-06-15;824;889;83615;46741;54.9;30.7
09;2021-06-16;627;1079;84242;47820;55.3;31.4
09;2021-06-17;780;853;85022;48673;55.8;31.9
09;2021-06-18;635;1150;85657;49823;56.2;32.7
09;2021-06-19;517;1580;86174;51403;56.5;33.7
09;2021-06-20;8;279;86182;51682;56.6;33.9
09;2021-06-21;473;698;86655;52380;56.9;34.4
09;2021-06-22;463;1066;87118;53446;57.2;35.1
09;2021-06-23;435;1224;87553;54670;57.5;35.9
09;2021-06-24;581;771;88134;55441;57.8;36.4
09;2021-06-25;411;1063;88545;56504;58.1;37.1
09;2021-06-26;443;1087;88988;57591;58.4;37.8
09;2021-06-27;2;275;88990;57866;58.4;38.0
09;2021-06-28;239;1046;89229;58912;58.5;38.7
09;2021-06-29;314;1228;89543;60140;58.8;39.5
09;2021-06-30;457;1492;90000;61632;59.1;40.4
09;2021-07-01;384;1430;90384;63062;59.3;41.4
09;2021-07-02;308;1162;90692;64224;59.5;42.1
09;2021-07-03;210;1619;90902;65843;59.6;43.2
09;2021-07-04;4;254;90906;66097;59.7;43.4
09;2021-07-05;189;713;91095;66810;59.8;43.8
09;2021-07-06;293;1221;91388;68031;60.0;44.6
09;2021-07-07;419;1399;91807;69430;60.2;45.6
09;2021-07-08;325;1058;92132;70488;60.5;46.3
09;2021-07-09;293;1154;92425;71642;60.6;47.0
09;2021-07-10;345;1727;92770;73369;60.9;48.1
09;2021-07-11;147;392;92917;73761;61.0;48.4
09;2021-07-12;187;1074;93104;74835;61.1;49.1
09;2021-07-13;642;1308;93746;76143;61.5;50.0
09;2021-07-14;490;220;94236;76363;61.8;50.1
09;2021-07-15;819;1165;95055;77528;62.4;50.9
09;2021-07-16;610;1190;95665;78718;62.8;51.7
09;2021-07-17;1016;1444;96681;80162;63.4;52.6
09;2021-07-18;301;221;96982;80383;63.6;52.7
09;2021-07-19;483;973;97465;81356;64.0;53.4
09;2021-07-20;830;1260;98295;82616;64.5;54.2
09;2021-07-21;1017;1167;99312;83783;65.2;55.0
09;2021-07-22;847;908;100159;84691;65.7;55.6
09;2021-07-23;724;910;100883;85601;66.2;56.2
09;2021-07-24;928;463;101811;86064;66.8;56.5
09;2021-07-25;559;134;102370;86198;67.2;56.6
09;2021-07-26;647;767;103017;86965;67.6;57.1
09;2021-07-27;1179;947;104196;87912;68.4;57.7
09;2021-07-28;1196;987;105392;88899;69.2;58.3
09;2021-07-29;1042;736;106434;89635;69.8;58.8
09;2021-07-30;779;625;107213;90260;70.4;59.2
09;2021-07-31;1378;417;108591;90677;71.3;59.5
09;2021-08-01;141;125;108732;90802;71.3;59.6
09;2021-08-02;614;479;109346;91281;71.8;59.9
09;2021-08-03;1254;767;110600;92048;72.6;60.4
09;2021-08-04;1398;654;111998;92702;73.5;60.8
09;2021-08-05;998;676;112996;93378;74.1;61.3
09;2021-08-06;1015;638;114011;94016;74.8;61.7
09;2021-08-07;827;429;114838;94445;75.4;62.0
09;2021-08-08;129;131;114967;94576;75.4;62.1
09;2021-08-09;690;648;115657;95224;75.9;62.5
09;2021-08-10;941;694;116598;95918;76.5;62.9
09;2021-08-11;894;868;117492;96786;77.1;63.5
09;2021-08-12;631;730;118123;97516;77.5;64.0
09;2021-08-13;465;646;118588;98162;77.8;64.4
09;2021-08-14;311;828;118899;98990;78.0;65.0
09;2021-08-15;67;138;118966;99128;78.1;65.0
09;2021-08-16;546;619;119512;99747;78.4;65.5
09;2021-08-17;673;777;120185;100524;78.9;66.0
09;2021-08-18;619;930;120804;101454;79.3;66.6
09;2021-08-19;431;722;121235;102176;79.6;67.0
09;2021-08-20;363;750;121598;102926;79.8;67.5
09;2021-08-21;343;1383;121941;104309;80.0;68.4
09;2021-08-22;67;168;122008;104477;80.1;68.6
09;2021-08-23;336;759;122344;105236;80.3;69.1
09;2021-08-24;402;955;122746;106191;80.5;69.7
09;2021-08-25;283;1004;123029;107195;80.7;70.3
09;2021-08-26;315;927;123344;108122;80.9;70.9
09;2021-08-27;223;740;123567;108862;81.1;71.4
09;2021-08-28;256;969;123823;109831;81.2;72.1
09;2021-08-29;15;144;123838;109975;81.3;72.2
09;2021-08-30;275;748;124113;110723;81.4;72.7
09;2021-08-31;316;1148;124429;111871;81.6;73.4
09;2021-09-01;360;977;124789;112848;81.9;74.0
09;2021-09-02;159;601;124948;113449;82.0;74.4
09;2021-09-03;223;879;125171;114328;82.1;75.0
09;2021-09-04;161;536;125332;114864;82.2;75.4
09;2021-09-05;25;104;125357;114968;82.3;75.4
09;2021-09-06;183;653;125540;115621;82.4;75.9
09;2021-09-07;154;694;125694;116315;82.5;76.3
09;2021-09-08;199;917;125893;117232;82.6;76.9
10;2020-12-27;0;0;0;0;0.0;0.0
10;2020-12-28;0;0;0;0;0.0;0.0
10;2020-12-29;0;0;0;0;0.0;0.0
10;2020-12-30;0;0;0;0;0.0;0.0
10;2020-12-31;0;0;0;0;0.0;0.0
10;2021-01-01;0;0;0;0;0.0;0.0
10;2021-01-02;1;0;1;0;0.0;0.0
10;2021-01-03;0;0;1;0;0.0;0.0
10;2021-01-04;0;0;1;0;0.0;0.0
10;2021-01-05;1;0;2;0;0.0;0.0
10;2021-01-06;0;0;2;0;0.0;0.0
10;2021-01-07;84;0;86;0;0.0;0.0
10;2021-01-08;255;0;341;0;0.1;0.0
10;2021-01-09;0;0;341;0;0.1;0.0
10;2021-01-10;0;0;341;0;0.1;0.0
10;2021-01-11;117;0;458;0;0.1;0.0
10;2021-01-12;191;0;649;0;0.2;0.0
10;2021-01-13;313;0;962;0;0.3;0.0
10;2021-01-14;391;7;1353;7;0.4;0.0
10;2021-01-15;359;3;1712;10;0.6;0.0
10;2021-01-16;56;0;1768;10;0.6;0.0
10;2021-01-17;0;0;1768;10;0.6;0.0
10;2021-01-18;702;0;2470;10;0.8;0.0
10;2021-01-19;1390;2;3860;12;1.2;0.0
10;2021-01-20;1079;9;4939;21;1.6;0.0
10;2021-01-21;1152;2;6091;23;2.0;0.0
10;2021-01-22;819;2;6910;25;2.2;0.0
10;2021-01-23;309;0;7219;25;2.3;0.0
10;2021-01-24;0;0;7219;25;2.3;0.0
10;2021-01-25;445;8;7664;33;2.5;0.0
10;2021-01-26;487;17;8151;50;2.6;0.0
10;2021-01-27;459;14;8610;64;2.8;0.0
10;2021-01-28;358;45;8968;109;2.9;0.0
10;2021-01-29;430;177;9398;286;3.0;0.1
10;2021-01-30;30;0;9428;286;3.0;0.1
10;2021-01-31;0;0;9428;286;3.0;0.1
10;2021-02-01;405;132;9833;418;3.2;0.1
10;2021-02-02;182;143;10015;561;3.2;0.2
10;2021-02-03;361;214;10376;775;3.3;0.3
10;2021-02-04;342;258;10718;1033;3.5;0.3
10;2021-02-05;327;287;11045;1320;3.6;0.4
10;2021-02-06;3;35;11048;1355;3.6;0.4
10;2021-02-07;0;0;11048;1355;3.6;0.4
10;2021-02-08;190;352;11238;1707;3.6;0.6
10;2021-02-09;486;553;11724;2260;3.8;0.7
10;2021-02-10;667;472;12391;2732;4.0;0.9
10;2021-02-11;781;583;13172;3315;4.3;1.1
10;2021-02-12;580;522;13752;3837;4.4;1.2
10;2021-02-13;37;100;13789;3937;4.4;1.3
10;2021-02-14;0;0;13789;3937;4.4;1.3
10;2021-02-15;142;350;13931;4287;4.5;1.4
10;2021-02-16;116;454;14047;4741;4.5;1.5
10;2021-02-17;129;517;14176;5258;4.6;1.7
10;2021-02-18;216;467;14392;5725;4.6;1.8
10;2021-02-19;188;427;14580;6152;4.7;2.0
10;2021-02-20;24;164;14604;6316;4.7;2.0
10;2021-02-21;0;0;14604;6316;4.7;2.0
10;2021-02-22;77;377;14681;6693;4.7;2.2
10;2021-02-23;76;505;14757;7198;4.8;2.3
10;2021-02-24;113;336;14870;7534;4.8;2.4
10;2021-02-25;324;342;15194;7876;4.9;2.5
10;2021-02-26;351;266;15545;8142;5.0;2.6
10;2021-02-27;275;117;15820;8259;5.1;2.7
10;2021-02-28;0;0;15820;8259;5.1;2.7
10;2021-03-01;257;301;16077;8560;5.2;2.8
10;2021-03-02;435;361;16512;8921;5.3;2.9
10;2021-03-03;454;555;16966;9476;5.5;3.1
10;2021-03-04;636;478;17602;9954;5.7;3.2
10;2021-03-05;677;246;18279;10200;5.9;3.3
10;2021-03-06;950;43;19229;10243;6.2;3.3
10;2021-03-07;769;6;19998;10249;6.5;3.3
10;2021-03-08;502;431;20500;10680;6.6;3.4
10;2021-03-09;673;430;21173;11110;6.8;3.6
10;2021-03-10;660;357;21833;11467;7.0;3.7
10;2021-03-11;1174;236;23007;11703;7.4;3.8
10;2021-03-12;1338;243;24345;11946;7.9;3.9
10;2021-03-13;891;38;25236;11984;8.1;3.9
10;2021-03-14;1381;16;26617;12000;8.6;3.9
10;2021-03-15;821;78;27438;12078;8.9;3.9
10;2021-03-16;688;63;28126;12141;9.1;3.9
10;2021-03-17;831;67;28957;12208;9.3;3.9
10;2021-03-18;885;81;29842;12289;9.6;4.0
10;2021-03-19;951;70;30793;12359;9.9;4.0
10;2021-03-20;552;18;31345;12377;10.1;4.0
10;2021-03-21;1849;42;33194;12419;10.7;4.0
10;2021-03-22;879;72;34073;12491;11.0;4.0
10;2021-03-23;1244;92;35317;12583;11.4;4.1
10;2021-03-24;1311;59;36628;12642;11.8;4.1
10;2021-03-25;1676;228;38304;12870;12.4;4.2
10;2021-03-26;1431;116;39735;12986;12.8;4.2
10;2021-03-27;762;79;40497;13065;13.1;4.2
10;2021-03-28;1221;29;41718;13094;13.5;4.2
10;2021-03-29;648;303;42366;13397;13.7;4.3
10;2021-03-30;927;375;43293;13772;14.0;4.4
10;2021-03-31;617;359;43910;14131;14.2;4.6
10;2021-04-01;884;685;44794;14816;14.5;4.8
10;2021-04-02;1069;586;45863;15402;14.8;5.0
10;2021-04-03;540;603;46403;16005;15.0;5.2
10;2021-04-04;1826;260;48229;16265;15.6;5.2
10;2021-04-05;1843;43;50072;16308;16.2;5.3
10;2021-04-06;514;650;50586;16958;16.3;5.5
10;2021-04-07;590;540;51176;17498;16.5;5.6
10;2021-04-08;1057;607;52233;18105;16.9;5.8
10;2021-04-09;1130;612;53363;18717;17.2;6.0
10;2021-04-10;1770;348;55133;19065;17.8;6.2
10;2021-04-11;55;1220;55188;20285;17.8;6.5
10;2021-04-12;1003;807;56191;21092;18.1;6.8
10;2021-04-13;1506;894;57697;21986;18.6;7.1
10;2021-04-14;820;601;58517;22587;18.9;7.3
10;2021-04-15;1454;892;59971;23479;19.4;7.6
10;2021-04-16;1109;697;61080;24176;19.7;7.8
10;2021-04-17;2391;361;63471;24537;20.5;7.9
10;2021-04-18;1422;1785;64893;26322;20.9;8.5
10;2021-04-19;838;833;65731;27155;21.2;8.8
10;2021-04-20;546;1034;66277;28189;21.4;9.1
10;2021-04-21;636;974;66913;29163;21.6;9.4
10;2021-04-22;932;963;67845;30126;21.9;9.7
10;2021-04-23;2173;778;70018;30904;22.6;10.0
10;2021-04-24;2296;374;72314;31278;23.3;10.1
10;2021-04-25;1991;1215;74305;32493;24.0;10.5
10;2021-04-26;773;621;75078;33114;24.2;10.7
10;2021-04-27;895;537;75973;33651;24.5;10.9
10;2021-04-28;873;405;76846;34056;24.8;11.0
10;2021-04-29;1433;673;78279;34729;25.3;11.2
10;2021-04-30;2173;768;80452;35497;26.0;11.5
10;2021-05-01;1988;2168;82440;37665;26.6;12.2
10;2021-05-02;1948;1894;84388;39559;27.2;12.8
10;2021-05-03;622;447;85010;40006;27.4;12.9
10;2021-05-04;1145;1248;86155;41254;27.8;13.3
10;2021-05-05;1755;1021;87910;42275;28.4;13.6
10;2021-05-06;2257;948;90167;43223;29.1;13.9
10;2021-05-07;2218;1138;92385;44361;29.8;14.3
10;2021-05-08;2272;860;94657;45221;30.5;14.6
10;2021-05-09;2005;100;96662;45321;31.2;14.6
10;2021-05-10;530;1092;97192;46413;31.4;15.0
10;2021-05-11;1052;1027;98244;47440;31.7;15.3
10;2021-05-12;2062;884;100306;48324;32.4;15.6
10;2021-05-13;2180;435;102486;48759;33.1;15.7
10;2021-05-14;2729;673;105215;49432;34.0;16.0
10;2021-05-15;2426;2050;107641;51482;34.7;16.6
10;2021-05-16;2081;1448;109722;52930;35.4;17.1
10;2021-05-17;1451;443;111173;53373;35.9;17.2
10;2021-05-18;2510;639;113683;54012;36.7;17.4
10;2021-05-19;1553;638;115236;54650;37.2;17.6
10;2021-05-20;1892;846;117128;55496;37.8;17.9
10;2021-05-21;2318;618;119446;56114;38.5;18.1
10;2021-05-22;2180;422;121626;56536;39.2;18.2
10;2021-05-23;1817;139;123443;56675;39.8;18.3
10;2021-05-24;1968;177;125411;56852;40.5;18.3
10;2021-05-25;2195;491;127606;57343;41.2;18.5
10;2021-05-26;1677;421;129283;57764;41.7;18.6
10;2021-05-27;1660;755;130943;58519;42.3;18.9
10;2021-05-28;1719;1183;132662;59702;42.8;19.3
10;2021-05-29;2170;643;134832;60345;43.5;19.5
10;2021-05-30;1029;135;135861;60480;43.8;19.5
10;2021-05-31;1040;750;136901;61230;44.2;19.8
10;2021-06-01;1134;884;138035;62114;44.5;20.0
10;2021-06-02;1033;719;139068;62833;44.9;20.3
10;2021-06-03;1473;1071;140541;63904;45.3;20.6
10;2021-06-04;1768;2599;142309;66503;45.9;21.5
10;2021-06-05;1519;2450;143828;68953;46.4;22.2
10;2021-06-06;1005;1876;144833;70829;46.7;22.9
10;2021-06-07;698;1112;145531;71941;47.0;23.2
10;2021-06-08;896;1171;146427;73112;47.2;23.6
10;2021-06-09;877;913;147304;74025;47.5;23.9
10;2021-06-10;678;1072;147982;75097;47.8;24.2
10;2021-06-11;1199;2201;149181;77298;48.1;24.9
10;2021-06-12;855;2388;150036;79686;48.4;25.7
10;2021-06-13;401;1834;150437;81520;48.5;26.3
10;2021-06-14;535;743;150972;82263;48.7;26.5
10;2021-06-15;740;2133;151712;84396;49.0;27.2
10;2021-06-16;741;1860;152453;86256;49.2;27.8
10;2021-06-17;850;2458;153303;88714;49.5;28.6
10;2021-06-18;1031;2473;154334;91187;49.8;29.4
10;2021-06-19;981;2595;155315;93782;50.1;30.3
10;2021-06-20;549;1598;155864;95380;50.3;30.8
10;2021-06-21;682;1045;156546;96425;50.5;31.1
10;2021-06-22;744;1525;157290;97950;50.8;31.6
10;2021-06-23;653;2408;157943;100358;51.0;32.4
10;2021-06-24;784;2618;158727;102976;51.2;33.2
10;2021-06-25;730;3046;159457;106022;51.5;34.2
10;2021-06-26;513;2747;159970;108769;51.6;35.1
10;2021-06-27;403;1939;160373;110708;51.7;35.7
10;2021-06-28;685;1787;161058;112495;52.0;36.3
10;2021-06-29;617;2695;161675;115190;52.2;37.2
10;2021-06-30;534;1524;162209;116714;52.3;37.7
10;2021-07-01;553;2172;162762;118886;52.5;38.4
10;2021-07-02;668;2727;163430;121613;52.7;39.2
10;2021-07-03;529;2600;163959;124213;52.9;40.1
10;2021-07-04;411;1727;164370;125940;53.0;40.6
10;2021-07-05;668;2222;165038;128162;53.3;41.4
10;2021-07-06;652;2190;165690;130352;53.5;42.1
10;2021-07-07;636;1703;166326;132055;53.7;42.6
10;2021-07-08;749;1458;167075;133513;53.9;43.1
10;2021-07-09;815;1947;167890;135460;54.2;43.7
10;2021-07-10;633;2096;168523;137556;54.4;44.4
10;2021-07-11;500;1383;169023;138939;54.5;44.8
10;2021-07-12;780;1623;169803;140562;54.8;45.4
10;2021-07-13;1125;1873;170928;142435;55.2;46.0
10;2021-07-14;1170;1056;172098;143491;55.5;46.3
10;2021-07-15;1474;1979;173572;145470;56.0;46.9
10;2021-07-16;1240;2274;174812;147744;56.4;47.7
10;2021-07-17;1288;1739;176100;149483;56.8;48.2
10;2021-07-18;942;1225;177042;150708;57.1;48.6
10;2021-07-19;1360;1620;178402;152328;57.6;49.2
10;2021-07-20;1687;1432;180089;153760;58.1;49.6
10;2021-07-21;1395;1487;181484;155247;58.6;50.1
10;2021-07-22;1936;1599;183420;156846;59.2;50.6
10;2021-07-23;1596;1544;185016;158390;59.7;51.1
10;2021-07-24;1389;1228;186405;159618;60.1;51.5
10;2021-07-25;1251;789;187656;160407;60.6;51.8
10;2021-07-26;1913;1315;189569;161722;61.2;52.2
10;2021-07-27;2138;1090;191707;162812;61.9;52.5
10;2021-07-28;2095;1016;193802;163828;62.5;52.9
10;2021-07-29;2438;1204;196240;165032;63.3;53.3
10;2021-07-30;2162;1310;198402;166342;64.0;53.7
10;2021-07-31;1677;937;200079;167279;64.6;54.0
10;2021-08-01;1235;570;201314;167849;65.0;54.2
10;2021-08-02;1337;1336;202651;169185;65.4;54.6
10;2021-08-03;1567;896;204218;170081;65.9;54.9
10;2021-08-04;1317;1065;205535;171146;66.3;55.2
10;2021-08-05;1628;1347;207163;172493;66.8;55.7
10;2021-08-06;1803;1333;208966;173826;67.4;56.1
10;2021-08-07;1151;1133;210117;174959;67.8;56.5
10;2021-08-08;660;751;210777;175710;68.0;56.7
10;2021-08-09;1305;1543;212082;177253;68.4;57.2
10;2021-08-10;1632;1350;213714;178603;69.0;57.6
10;2021-08-11;836;1106;214550;179709;69.2;58.0
10;2021-08-12;1023;1226;215573;180935;69.6;58.4
10;2021-08-13;729;1075;216302;182010;69.8;58.7
10;2021-08-14;571;1238;216873;183248;70.0;59.1
10;2021-08-15;303;780;217176;184028;70.1;59.4
10;2021-08-16;701;1618;217877;185646;70.3;59.9
10;2021-08-17;861;1777;218738;187423;70.6;60.5
10;2021-08-18;695;1618;219433;189041;70.8;61.0
10;2021-08-19;538;1568;219971;190609;71.0;61.5
10;2021-08-20;602;1737;220573;192346;71.2;62.1
10;2021-08-21;419;1435;220992;193781;71.3;62.5
10;2021-08-22;187;1061;221179;194842;71.4;62.9
10;2021-08-23;478;1558;221657;196400;71.5;63.4
10;2021-08-24;663;1770;222320;198170;71.7;63.9
10;2021-08-25;453;1376;222773;199546;71.9;64.4
10;2021-08-26;427;1485;223200;201031;72.0;64.9
10;2021-08-27;619;1586;223819;202617;72.2;65.4
10;2021-08-28;386;1332;224205;203949;72.3;65.8
10;2021-08-29;225;946;224430;204895;72.4;66.1
10;2021-08-30;432;1395;224862;206290;72.6;66.6
10;2021-08-31;467;1450;225329;207740;72.7;67.0
10;2021-09-01;295;1200;225624;208940;72.8;67.4
10;2021-09-02;259;1144;225883;210084;72.9;67.8
10;2021-09-03;399;1217;226282;211301;73.0;68.2
10;2021-09-04;334;1093;226616;212394;73.1;68.5
10;2021-09-05;171;466;226787;212860;73.2;68.7
10;2021-09-06;266;750;227053;213610;73.3;68.9
10;2021-09-07;302;728;227355;214338;73.4;69.2
10;2021-09-08;248;760;227603;215098;73.4;69.4
11;2020-12-27;0;0;0;0;0.0;0.0
11;2020-12-28;1;0;1;0;0.0;0.0
11;2020-12-29;1;0;2;0;0.0;0.0
11;2020-12-30;0;0;2;0;0.0;0.0
11;2020-12-31;0;0;2;0;0.0;0.0
11;2021-01-01;0;0;2;0;0.0;0.0
11;2021-01-02;5;0;7;0;0.0;0.0
11;2021-01-03;0;0;7;0;0.0;0.0
11;2021-01-04;1;0;8;0;0.0;0.0
11;2021-01-05;95;0;103;0;0.0;0.0
11;2021-01-06;25;0;128;0;0.0;0.0
11;2021-01-07;119;0;247;0;0.1;0.0
11;2021-01-08;91;1;338;1;0.1;0.0
11;2021-01-09;86;0;424;1;0.1;0.0
11;2021-01-10;67;0;491;1;0.1;0.0
11;2021-01-11;136;0;627;1;0.2;0.0
11;2021-01-12;545;3;1172;4;0.3;0.0
11;2021-01-13;410;1;1582;5;0.4;0.0
11;2021-01-14;646;8;2228;13;0.6;0.0
11;2021-01-15;342;3;2570;16;0.7;0.0
11;2021-01-16;77;1;2647;17;0.7;0.0
11;2021-01-17;47;1;2694;18;0.7;0.0
11;2021-01-18;388;0;3082;18;0.8;0.0
11;2021-01-19;531;4;3613;22;1.0;0.0
11;2021-01-20;693;6;4306;28;1.2;0.0
11;2021-01-21;648;4;4954;32;1.3;0.0
11;2021-01-22;524;2;5478;34;1.5;0.0
11;2021-01-23;160;0;5638;34;1.5;0.0
11;2021-01-24;139;0;5777;34;1.6;0.0
11;2021-01-25;375;19;6152;53;1.7;0.0
11;2021-01-26;846;85;6998;138;1.9;0.0
11;2021-01-27;800;24;7798;162;2.1;0.0
11;2021-01-28;649;61;8447;223;2.3;0.1
11;2021-01-29;441;121;8888;344;2.4;0.1
11;2021-01-30;135;0;9023;344;2.4;0.1
11;2021-01-31;82;0;9105;344;2.4;0.1
11;2021-02-01;344;190;9449;534;2.5;0.1
11;2021-02-02;412;397;9861;931;2.6;0.2
11;2021-02-03;391;348;10252;1279;2.8;0.3
11;2021-02-04;376;492;10628;1771;2.9;0.5
11;2021-02-05;317;327;10945;2098;2.9;0.6
11;2021-02-06;209;59;11154;2157;3.0;0.6
11;2021-02-07;108;12;11262;2169;3.0;0.6
11;2021-02-08;316;136;11578;2305;3.1;0.6
11;2021-02-09;299;253;11877;2558;3.2;0.7
11;2021-02-10;342;407;12219;2965;3.3;0.8
11;2021-02-11;610;607;12829;3572;3.4;1.0
11;2021-02-12;404;357;13233;3929;3.6;1.1
11;2021-02-13;194;99;13427;4028;3.6;1.1
11;2021-02-14;72;22;13499;4050;3.6;1.1
11;2021-02-15;241;187;13740;4237;3.7;1.1
11;2021-02-16;265;484;14005;4721;3.8;1.3
11;2021-02-17;453;591;14458;5312;3.9;1.4
11;2021-02-18;456;541;14914;5853;4.0;1.6
11;2021-02-19;300;468;15214;6321;4.1;1.7
11;2021-02-20;147;65;15361;6386;4.1;1.7
11;2021-02-21;59;35;15420;6421;4.1;1.7
11;2021-02-22;124;289;15544;6710;4.2;1.8
11;2021-02-23;283;280;15827;6990;4.2;1.9
11;2021-02-24;251;335;16078;7325;4.3;2.0
11;2021-02-25;563;295;16641;7620;4.5;2.0
11;2021-02-26;523;285;17164;7905;4.6;2.1
11;2021-02-27;319;95;17483;8000;4.7;2.1
11;2021-02-28;95;22;17578;8022;4.7;2.2
11;2021-03-01;339;279;17917;8301;4.8;2.2
11;2021-03-02;562;361;18479;8662;5.0;2.3
11;2021-03-03;600;402;19079;9064;5.1;2.4
11;2021-03-04;1078;383;20157;9447;5.4;2.5
11;2021-03-05;1003;390;21160;9837;5.7;2.6
11;2021-03-06;1094;189;22254;10026;6.0;2.7
11;2021-03-07;658;32;22912;10058;6.1;2.7
11;2021-03-08;370;340;23282;10398;6.2;2.8
11;2021-03-09;997;391;24279;10789;6.5;2.9
11;2021-03-10;1174;531;25453;11320;6.8;3.0
11;2021-03-11;1571;436;27024;11756;7.3;3.2
11;2021-03-12;1456;431;28480;12187;7.6;3.3
11;2021-03-13;1160;231;29640;12418;8.0;3.3
11;2021-03-14;523;52;30163;12470;8.1;3.3
11;2021-03-15;651;233;30814;12703;8.3;3.4
11;2021-03-16;853;198;31667;12901;8.5;3.5
11;2021-03-17;907;212;32574;13113;8.7;3.5
11;2021-03-18;1172;283;33746;13396;9.1;3.6
11;2021-03-19;1372;242;35118;13638;9.4;3.7
11;2021-03-20;790;172;35908;13810;9.6;3.7
11;2021-03-21;225;67;36133;13877;9.7;3.7
11;2021-03-22;808;218;36941;14095;9.9;3.8
11;2021-03-23;1806;389;38747;14484;10.4;3.9
11;2021-03-24;1846;316;40593;14800;10.9;4.0
11;2021-03-25;2190;373;42783;15173;11.5;4.1
11;2021-03-26;2125;444;44908;15617;12.0;4.2
11;2021-03-27;1178;145;46086;15762;12.4;4.2
11;2021-03-28;265;43;46351;15805;12.4;4.2
11;2021-03-29;1182;223;47533;16028;12.8;4.3
11;2021-03-30;1993;325;49526;16353;13.3;4.4
11;2021-03-31;1614;386;51140;16739;13.7;4.5
11;2021-04-01;2145;424;53285;17163;14.3;4.6
11;2021-04-02;1643;429;54928;17592;14.7;4.7
11;2021-04-03;720;146;55648;17738;14.9;4.8
11;2021-04-04;198;75;55846;17813;15.0;4.8
11;2021-04-05;257;4;56103;17817;15.1;4.8
11;2021-04-06;1574;551;57677;18368;15.5;4.9
11;2021-04-07;1778;573;59455;18941;16.0;5.1
11;2021-04-08;1784;683;61239;19624;16.4;5.3
11;2021-04-09;2263;602;63502;20226;17.0;5.4
11;2021-04-10;1169;179;64671;20405;17.4;5.5
11;2021-04-11;549;106;65220;20511;17.5;5.5
11;2021-04-12;1616;539;66836;21050;17.9;5.6
11;2021-04-13;2261;883;69097;21933;18.5;5.9
11;2021-04-14;1661;1020;70758;22953;19.0;6.2
11;2021-04-15;1844;1130;72602;24083;19.5;6.5
11;2021-04-16;1836;849;74438;24932;20.0;6.7
11;2021-04-17;1773;562;76211;25494;20.4;6.8
11;2021-04-18;114;155;76325;25649;20.5;6.9
11;2021-04-19;1384;736;77709;26385;20.9;7.1
11;2021-04-20;1729;1281;79438;27666;21.3;7.4
11;2021-04-21;1779;1323;81217;28989;21.8;7.8
11;2021-04-22;1751;1323;82968;30312;22.3;8.1
11;2021-04-23;2012;1234;84980;31546;22.8;8.5
11;2021-04-24;1735;468;86715;32014;23.3;8.6
11;2021-04-25;661;179;87376;32193;23.4;8.6
11;2021-04-26;1380;839;88756;33032;23.8;8.9
11;2021-04-27;1840;1551;90596;34583;24.3;9.3
11;2021-04-28;2009;1465;92605;36048;24.8;9.7
11;2021-04-29;2248;1638;94853;37686;25.4;10.1
11;2021-04-30;2158;1427;97011;39113;26.0;10.5
11;2021-05-01;1338;341;98349;39454;26.4;10.6
11;2021-05-02;588;336;98937;39790;26.5;10.7
11;2021-05-03;1487;736;100424;40526;26.9;10.9
11;2021-05-04;1879;1429;102303;41955;27.4;11.3
11;2021-05-05;1895;1439;104198;43394;28.0;11.6
11;2021-05-06;2192;1477;106390;44871;28.5;12.0
11;2021-05-07;2106;1556;108496;46427;29.1;12.5
11;2021-05-08;898;727;109394;47154;29.4;12.7
11;2021-05-09;628;543;110022;47697;29.5;12.8
11;2021-05-10;1328;1652;111350;49349;29.9;13.2
11;2021-05-11;2041;1869;113391;51218;30.4;13.7
11;2021-05-12;1848;1651;115239;52869;30.9;14.2
11;2021-05-13;1406;414;116645;53283;31.3;14.3
11;2021-05-14;1714;1185;118359;54468;31.8;14.6
11;2021-05-15;1157;897;119516;55365;32.1;14.9
11;2021-05-16;808;164;120324;55529;32.3;14.9
11;2021-05-17;1471;1048;121795;56577;32.7;15.2
11;2021-05-18;1898;1195;123693;57772;33.2;15.5
11;2021-05-19;1847;1123;125540;58895;33.7;15.8
11;2021-05-20;1969;1091;127509;59986;34.2;16.1
11;2021-05-21;2275;1091;129784;61077;34.8;16.4
11;2021-05-22;1485;727;131269;61804;35.2;16.6
11;2021-05-23;768;71;132037;61875;35.4;16.6
11;2021-05-24;1411;226;133448;62101;35.8;16.7
11;2021-05-25;1811;1354;135259;63455;36.3;17.0
11;2021-05-26;1934;1301;137193;64756;36.8;17.4
11;2021-05-27;1988;1723;139181;66479;37.3;17.8
11;2021-05-28;1758;1899;140939;68378;37.8;18.3
11;2021-05-29;1427;1601;142366;69979;38.2;18.8
11;2021-05-30;486;395;142852;70374;38.3;18.9
11;2021-05-31;1261;1617;144113;71991;38.7;19.3
11;2021-06-01;1857;1903;145970;73894;39.2;19.8
11;2021-06-02;1761;2069;147731;75963;39.6;20.4
11;2021-06-03;2599;2412;150330;78375;40.3;21.0
11;2021-06-04;2146;2669;152476;81044;40.9;21.7
11;2021-06-05;1590;1904;154066;82948;41.3;22.3
11;2021-06-06;877;859;154943;83807;41.6;22.5
11;2021-06-07;1527;1711;156470;85518;42.0;22.9
11;2021-06-08;2038;1991;158508;87509;42.5;23.5
11;2021-06-09;1789;2184;160297;89693;43.0;24.1
11;2021-06-10;1806;2427;162103;92120;43.5;24.7
11;2021-06-11;1864;2494;163967;94614;44.0;25.4
11;2021-06-12;1457;1625;165424;96239;44.4;25.8
11;2021-06-13;713;723;166137;96962;44.6;26.0
11;2021-06-14;1033;1970;167170;98932;44.9;26.5
11;2021-06-15;1395;2687;168565;101619;45.2;27.3
11;2021-06-16;1337;2529;169902;104148;45.6;27.9
11;2021-06-17;1474;2539;171376;106687;46.0;28.6
11;2021-06-18;1520;2487;172896;109174;46.4;29.3
11;2021-06-19;1237;1411;174133;110585;46.7;29.7
11;2021-06-20;299;599;174432;111184;46.8;29.8
11;2021-06-21;838;2123;175270;113307;47.0;30.4
11;2021-06-22;1016;2606;176286;115913;47.3;31.1
11;2021-06-23;1097;2089;177383;118002;47.6;31.7
11;2021-06-24;907;2246;178290;120248;47.8;32.3
11;2021-06-25;993;2546;179283;122794;48.1;32.9
11;2021-06-26;776;1656;180059;124450;48.3;33.4
11;2021-06-27;210;688;180269;125138;48.4;33.6
11;2021-06-28;697;2298;180966;127436;48.6;34.2
11;2021-06-29;964;2599;181930;130035;48.8;34.9
11;2021-06-30;905;2521;182835;132556;49.1;35.6
11;2021-07-01;1004;1888;183839;134444;49.3;36.1
11;2021-07-02;968;2543;184807;136987;49.6;36.8
11;2021-07-03;728;1806;185535;138793;49.8;37.2
11;2021-07-04;340;1109;185875;139902;49.9;37.5
11;2021-07-05;696;2133;186571;142035;50.1;38.1
11;2021-07-06;973;2518;187544;144553;50.3;38.8
11;2021-07-07;946;2511;188490;147064;50.6;39.5
11;2021-07-08;1191;1911;189681;148975;50.9;40.0
11;2021-07-09;823;1794;190504;150769;51.1;40.5
11;2021-07-10;369;1301;190873;152070;51.2;40.8
11;2021-07-11;313;564;191186;152634;51.3;41.0
11;2021-07-12;505;2669;191691;155303;51.4;41.7
11;2021-07-13;1305;3066;192996;158369;51.8;42.5
11;2021-07-14;211;233;193207;158602;51.8;42.6
11;2021-07-15;1450;2965;194657;161567;52.2;43.3
11;2021-07-16;1875;2732;196532;164299;52.7;44.1
11;2021-07-17;1075;2165;197607;166464;53.0;44.7
11;2021-07-18;653;946;198260;167410;53.2;44.9
11;2021-07-19;1355;2095;199615;169505;53.6;45.5
11;2021-07-20;1998;2407;201613;171912;54.1;46.1
11;2021-07-21;2016;2441;203629;174353;54.6;46.8
11;2021-07-22;2415;1886;206044;176239;55.3;47.3
11;2021-07-23;2230;2281;208274;178520;55.9;47.9
11;2021-07-24;1274;1628;209548;180148;56.2;48.3
11;2021-07-25;750;691;210298;180839;56.4;48.5
11;2021-07-26;1667;1428;211965;182267;56.9;48.9
11;2021-07-27;2341;2001;214306;184268;57.5;49.4
11;2021-07-28;2482;1988;216788;186256;58.2;50.0
11;2021-07-29;2772;1794;219560;188050;58.9;50.5
11;2021-07-30;2575;1802;222135;189852;59.6;50.9
11;2021-07-31;2008;1139;224143;190991;60.1;51.2
11;2021-08-01;1012;482;225155;191473;60.4;51.4
11;2021-08-02;1927;1152;227082;192625;60.9;51.7
11;2021-08-03;2439;1598;229521;194223;61.6;52.1
11;2021-08-04;2557;1267;232078;195490;62.3;52.5
11;2021-08-05;2383;1336;234461;196826;62.9;52.8
11;2021-08-06;2253;1663;236714;198489;63.5;53.3
11;2021-08-07;1665;1169;238379;199658;64.0;53.6
11;2021-08-08;599;210;238978;199868;64.1;53.6
11;2021-08-09;1032;1432;240010;201300;64.4;54.0
11;2021-08-10;1742;1990;241752;203290;64.9;54.5
11;2021-08-11;1716;1688;243468;204978;65.3;55.0
11;2021-08-12;1703;1855;245171;206833;65.8;55.5
11;2021-08-13;1348;1658;246519;208491;66.1;55.9
11;2021-08-14;982;1593;247501;210084;66.4;56.4
11;2021-08-15;138;126;247639;210210;66.4;56.4
11;2021-08-16;722;1913;248361;212123;66.6;56.9
11;2021-08-17;1046;2393;249407;214516;66.9;57.6
11;2021-08-18;1106;2030;250513;216546;67.2;58.1
11;2021-08-19;995;2291;251508;218837;67.5;58.7
11;2021-08-20;965;2290;252473;221127;67.7;59.3
11;2021-08-21;574;1838;253047;222965;67.9;59.8
11;2021-08-22;190;512;253237;223477;67.9;60.0
11;2021-08-23;522;1816;253759;225293;68.1;60.4
11;2021-08-24;794;2254;254553;227547;68.3;61.1
11;2021-08-25;788;2152;255341;229699;68.5;61.6
11;2021-08-26;746;2003;256087;231702;68.7;62.2
11;2021-08-27;702;2223;256789;233925;68.9;62.8
11;2021-08-28;435;1743;257224;235668;69.0;63.2
11;2021-08-29;143;514;257367;236182;69.1;63.4
11;2021-08-30;449;1344;257816;237526;69.2;63.7
11;2021-08-31;569;1945;258385;239471;69.3;64.3
11;2021-09-01;598;1810;258983;241281;69.5;64.7
11;2021-09-02;549;1701;259532;242982;69.6;65.2
11;2021-09-03;532;1711;260064;244693;69.8;65.7
11;2021-09-04;486;1546;260550;246239;69.9;66.1
11;2021-09-05;153;271;260703;246510;69.9;66.1
11;2021-09-06;298;856;261001;247366;70.0;66.4
11;2021-09-07;353;1120;261354;248486;70.1;66.7
11;2021-09-08;470;1306;261824;249792;70.2;67.0
12;2020-12-27;0;0;0;0;0.0;0.0
12;2020-12-28;0;0;0;0;0.0;0.0
12;2020-12-29;0;0;0;0;0.0;0.0
12;2020-12-30;0;0;0;0;0.0;0.0
12;2020-12-31;0;0;0;0;0.0;0.0
12;2021-01-01;0;0;0;0;0.0;0.0
12;2021-01-02;0;0;0;0;0.0;0.0
12;2021-01-03;2;0;2;0;0.0;0.0
12;2021-01-04;1;0;3;0;0.0;0.0
12;2021-01-05;1;0;4;0;0.0;0.0
12;2021-01-06;12;0;16;0;0.0;0.0
12;2021-01-07;202;0;218;0;0.1;0.0
12;2021-01-08;65;0;283;0;0.1;0.0
12;2021-01-09;0;0;283;0;0.1;0.0
12;2021-01-10;1;0;284;0;0.1;0.0
12;2021-01-11;100;0;384;0;0.1;0.0
12;2021-01-12;361;1;745;1;0.3;0.0
12;2021-01-13;285;0;1030;1;0.4;0.0
12;2021-01-14;600;12;1630;13;0.6;0.0
12;2021-01-15;367;8;1997;21;0.7;0.0
12;2021-01-16;138;1;2135;22;0.8;0.0
12;2021-01-17;0;0;2135;22;0.8;0.0
12;2021-01-18;453;0;2588;22;0.9;0.0
12;2021-01-19;606;3;3194;25;1.1;0.0
12;2021-01-20;879;2;4073;27;1.5;0.0
12;2021-01-21;736;0;4809;27;1.7;0.0
12;2021-01-22;798;1;5607;28;2.0;0.0
12;2021-01-23;382;0;5989;28;2.2;0.0
12;2021-01-24;0;0;5989;28;2.2;0.0
12;2021-01-25;453;0;6442;28;2.3;0.0
12;2021-01-26;650;0;7092;28;2.5;0.0
12;2021-01-27;1886;31;8978;59;3.2;0.0
12;2021-01-28;1886;221;10864;280;3.9;0.1
12;2021-01-29;1332;43;12196;323;4.4;0.1
12;2021-01-30;359;2;12555;325;4.5;0.1
12;2021-01-31;0;0;12555;325;4.5;0.1
12;2021-02-01;333;85;12888;410;4.6;0.1
12;2021-02-02;457;235;13345;645;4.8;0.2
12;2021-02-03;457;166;13802;811;5.0;0.3
12;2021-02-04;459;514;14261;1325;5.1;0.5
12;2021-02-05;449;174;14710;1499;5.3;0.5
12;2021-02-06;220;49;14930;1548;5.4;0.6
12;2021-02-07;8;0;14938;1548;5.4;0.6
12;2021-02-08;104;289;15042;1837;5.4;0.7
12;2021-02-09;208;303;15250;2140;5.5;0.8
12;2021-02-10;464;430;15714;2570;5.6;0.9
12;2021-02-11;539;306;16253;2876;5.8;1.0
12;2021-02-12;570;288;16823;3164;6.0;1.1
12;2021-02-13;175;119;16998;3283;6.1;1.2
12;2021-02-14;1;0;16999;3283;6.1;1.2
12;2021-02-15;175;319;17174;3602;6.2;1.3
12;2021-02-16;171;456;17345;4058;6.2;1.5
12;2021-02-17;366;1371;17711;5429;6.4;2.0
12;2021-02-18;676;1584;18387;7013;6.6;2.5
12;2021-02-19;594;937;18981;7950;6.8;2.9
12;2021-02-20;103;368;19084;8318;6.9;3.0
12;2021-02-21;0;0;19084;8318;6.9;3.0
12;2021-02-22;150;350;19234;8668;6.9;3.1
12;2021-02-23;157;499;19391;9167;7.0;3.3
12;2021-02-24;156;604;19547;9771;7.0;3.5
12;2021-02-25;201;698;19748;10469;7.1;3.8
12;2021-02-26;320;596;20068;11065;7.2;4.0
12;2021-02-27;190;327;20258;11392;7.3;4.1
12;2021-02-28;13;0;20271;11392;7.3;4.1
12;2021-03-01;51;333;20322;11725;7.3;4.2
12;2021-03-02;190;477;20512;12202;7.4;4.4
12;2021-03-03;244;365;20756;12567;7.5;4.5
12;2021-03-04;278;350;21034;12917;7.6;4.6
12;2021-03-05;421;349;21455;13266;7.7;4.8
12;2021-03-06;793;126;22248;13392;8.0;4.8
12;2021-03-07;140;32;22388;13424;8.0;4.8
12;2021-03-08;234;201;22622;13625;8.1;4.9
12;2021-03-09;716;227;23338;13852;8.4;5.0
12;2021-03-10;784;732;24122;14584;8.7;5.2
12;2021-03-11;919;659;25041;15243;9.0;5.5
12;2021-03-12;1260;525;26301;15768;9.4;5.7
12;2021-03-13;896;140;27197;15908;9.8;5.7
12;2021-03-14;45;2;27242;15910;9.8;5.7
12;2021-03-15;559;154;27801;16064;10.0;5.8
12;2021-03-16;818;161;28619;16225;10.3;5.8
12;2021-03-17;1504;167;30123;16392;10.8;5.9
12;2021-03-18;996;251;31119;16643;11.2;6.0
12;2021-03-19;1383;281;32502;16924;11.7;6.1
12;2021-03-20;725;79;33227;17003;11.9;6.1
12;2021-03-21;264;10;33491;17013;12.0;6.1
12;2021-03-22;606;175;34097;17188;12.2;6.2
12;2021-03-23;1214;176;35311;17364;12.7;6.2
12;2021-03-24;1422;205;36733;17569;13.2;6.3
12;2021-03-25;1846;206;38579;17775;13.9;6.4
12;2021-03-26;1978;227;40557;18002;14.6;6.5
12;2021-03-27;981;67;41538;18069;14.9;6.5
12;2021-03-28;60;1;41598;18070;14.9;6.5
12;2021-03-29;963;84;42561;18154;15.3;6.5
12;2021-03-30;1737;123;44298;18277;15.9;6.6
12;2021-03-31;1461;107;45759;18384;16.4;6.6
12;2021-04-01;1958;164;47717;18548;17.1;6.7
12;2021-04-02;1615;343;49332;18891;17.7;6.8
12;2021-04-03;882;95;50214;18986;18.0;6.8
12;2021-04-04;1;0;50215;18986;18.0;6.8
12;2021-04-05;645;14;50860;19000;18.3;6.8
12;2021-04-06;1154;536;52014;19536;18.7;7.0
12;2021-04-07;1651;639;53665;20175;19.3;7.2
12;2021-04-08;2098;566;55763;20741;20.0;7.5
12;2021-04-09;2112;650;57875;21391;20.8;7.7
12;2021-04-10;1427;219;59302;21610;21.3;7.8
12;2021-04-11;120;1;59422;21611;21.3;7.8
12;2021-04-12;1837;504;61259;22115;22.0;7.9
12;2021-04-13;1907;777;63166;22892;22.7;8.2
12;2021-04-14;1831;1319;64997;24211;23.3;8.7
12;2021-04-15;1938;897;66935;25108;24.0;9.0
12;2021-04-16;1676;1205;68611;26313;24.6;9.5
12;2021-04-17;1554;567;70165;26880;25.2;9.7
12;2021-04-18;0;0;70165;26880;25.2;9.7
12;2021-04-19;1688;549;71853;27429;25.8;9.9
12;2021-04-20;1546;983;73399;28412;26.4;10.2
12;2021-04-21;1693;1183;75092;29595;27.0;10.6
12;2021-04-22;1691;1096;76783;30691;27.6;11.0
12;2021-04-23;1383;1335;78166;32026;28.1;11.5
12;2021-04-24;1451;720;79617;32746;28.6;11.8
12;2021-04-25;60;0;79677;32746;28.6;11.8
12;2021-04-26;1459;897;81136;33643;29.1;12.1
12;2021-04-27;1320;1279;82456;34922;29.6;12.5
12;2021-04-28;1113;1870;83569;36792;30.0;13.2
12;2021-04-29;1571;1910;85140;38702;30.6;13.9
12;2021-04-30;1812;1837;86952;40539;31.2;14.6
12;2021-05-01;1616;260;88568;40799;31.8;14.7
12;2021-05-02;8;0;88576;40799;31.8;14.7
12;2021-05-03;1713;1251;90289;42050;32.4;15.1
12;2021-05-04;1483;1394;91772;43444;33.0;15.6
12;2021-05-05;1296;1673;93068;45117;33.4;16.2
12;2021-05-06;1753;1377;94821;46494;34.1;16.7
12;2021-05-07;1485;1777;96306;48271;34.6;17.3
12;2021-05-08;1330;461;97636;48732;35.1;17.5
12;2021-05-09;13;34;97649;48766;35.1;17.5
12;2021-05-10;828;2215;98477;50981;35.4;18.3
12;2021-05-11;930;1848;99407;52829;35.7;19.0
12;2021-05-12;949;1820;100356;54649;36.1;19.6
12;2021-05-13;1588;810;101944;55459;36.6;19.9
12;2021-05-14;1235;1533;103179;56992;37.1;20.5
12;2021-05-15;1068;1115;104247;58107;37.5;20.9
12;2021-05-16;2;19;104249;58126;37.5;20.9
12;2021-05-17;1082;1810;105331;59936;37.8;21.5
12;2021-05-18;1427;1533;106758;61469;38.4;22.1
12;2021-05-19;1915;1331;108673;62800;39.0;22.6
12;2021-05-20;2119;876;110792;63676;39.8;22.9
12;2021-05-21;1821;1253;112613;64929;40.5;23.3
12;2021-05-22;1206;1015;113819;65944;40.9;23.7
12;2021-05-23;7;12;113826;65956;40.9;23.7
12;2021-05-24;1956;537;115782;66493;41.6;23.9
12;2021-05-25;1744;1159;117526;67652;42.2;24.3
12;2021-05-26;1998;779;119524;68431;42.9;24.6
12;2021-05-27;2165;744;121689;69175;43.7;24.9
12;2021-05-28;1928;1030;123617;70205;44.4;25.2
12;2021-05-29;1637;805;125254;71010;45.0;25.5
12;2021-05-30;9;43;125263;71053;45.0;25.5
12;2021-05-31;1699;815;126962;71868;45.6;25.8
12;2021-06-01;1889;1026;128851;72894;46.3;26.2
12;2021-06-02;1979;1053;130830;73947;47.0;26.6
12;2021-06-03;2121;826;132951;74773;47.8;26.9
12;2021-06-04;1967;1418;134918;76191;48.5;27.4
12;2021-06-05;1739;985;136657;77176;49.1;27.7
12;2021-06-06;6;6;136663;77182;49.1;27.7
12;2021-06-07;1091;1809;137754;78991;49.5;28.4
12;2021-06-08;1333;1201;139087;80192;50.0;28.8
12;2021-06-09;896;1291;139983;81483;50.3;29.3
12;2021-06-10;1022;921;141005;82404;50.7;29.6
12;2021-06-11;1204;2081;142209;84485;51.1;30.4
12;2021-06-12;1033;1321;143242;85806;51.5;30.8
12;2021-06-13;6;47;143248;85853;51.5;30.8
12;2021-06-14;662;1830;143910;87683;51.7;31.5
12;2021-06-15;744;1876;144654;89559;52.0;32.2
12;2021-06-16;821;1818;145475;91377;52.3;32.8
12;2021-06-17;678;995;146153;92372;52.5;33.2
12;2021-06-18;1134;1840;147287;94212;52.9;33.8
12;2021-06-19;914;1406;148201;95618;53.2;34.4
12;2021-06-20;4;10;148205;95628;53.2;34.4
12;2021-06-21;512;1738;148717;97366;53.4;35.0
12;2021-06-22;503;1475;149220;98841;53.6;35.5
12;2021-06-23;578;1307;149798;100148;53.8;36.0
12;2021-06-24;249;545;150047;100693;53.9;36.2
12;2021-06-25;876;1840;150923;102533;54.2;36.8
12;2021-06-26;674;1527;151597;104060;54.5;37.4
12;2021-06-27;1;9;151598;104069;54.5;37.4
12;2021-06-28;468;2453;152066;106522;54.6;38.3
12;2021-06-29;565;1956;152631;108478;54.8;39.0
12;2021-06-30;829;2133;153460;110611;55.1;39.7
12;2021-07-01;344;1087;153804;111698;55.3;40.1
12;2021-07-02;796;2627;154600;114325;55.5;41.1
12;2021-07-03;565;1873;155165;116198;55.7;41.7
12;2021-07-04;1;0;155166;116198;55.7;41.7
12;2021-07-05;440;2407;155606;118605;55.9;42.6
12;2021-07-06;640;2496;156246;121101;56.1;43.5
12;2021-07-07;688;2117;156934;123218;56.4;44.3
12;2021-07-08;294;912;157228;124130;56.5;44.6
12;2021-07-09;724;2588;157952;126718;56.7;45.5
12;2021-07-10;445;2077;158397;128795;56.9;46.3
12;2021-07-11;0;0;158397;128795;56.9;46.3
12;2021-07-12;586;2437;158983;131232;57.1;47.1
12;2021-07-13;842;2591;159825;133823;57.4;48.1
12;2021-07-14;44;25;159869;133848;57.4;48.1
12;2021-07-15;792;2107;160661;135955;57.7;48.8
12;2021-07-16;1248;2556;161909;138511;58.2;49.8
12;2021-07-17;790;2007;162699;140518;58.4;50.5
12;2021-07-18;25;11;162724;140529;58.5;50.5
12;2021-07-19;1319;2004;164043;142533;58.9;51.2
12;2021-07-20;1421;1474;165464;144007;59.4;51.7
12;2021-07-21;1022;941;166486;144948;59.8;52.1
12;2021-07-22;2235;1308;168721;146256;60.6;52.5
12;2021-07-23;1866;2063;170587;148319;61.3;53.3
12;2021-07-24;1604;1564;172191;149883;61.9;53.8
12;2021-07-25;98;28;172289;149911;61.9;53.9
12;2021-07-26;1931;1436;174220;151347;62.6;54.4
12;2021-07-27;2237;1006;176457;152353;63.4;54.7
12;2021-07-28;1716;676;178173;153029;64.0;55.0
12;2021-07-29;1192;807;179365;153836;64.4;55.3
12;2021-07-30;2508;1281;181873;155117;65.3;55.7
12;2021-07-31;1965;1003;183838;156120;66.0;56.1
12;2021-08-01;225;38;184063;156158;66.1;56.1
12;2021-08-02;1814;832;185877;156990;66.8;56.4
12;2021-08-03;1959;773;187836;157763;67.5;56.7
12;2021-08-04;1691;832;189527;158595;68.1;57.0
12;2021-08-05;1636;684;191163;159279;68.7;57.2
12;2021-08-06;1706;1314;192869;160593;69.3;57.7
12;2021-08-07;1447;744;194316;161337;69.8;58.0
12;2021-08-08;0;3;194316;161340;69.8;58.0
12;2021-08-09;1351;1416;195667;162756;70.3;58.5
12;2021-08-10;1341;1255;197008;164011;70.8;58.9
12;2021-08-11;818;1194;197826;165205;71.1;59.3
12;2021-08-12;730;1070;198556;166275;71.3;59.7
12;2021-08-13;1053;1336;199609;167611;71.7;60.2
12;2021-08-14;736;1353;200345;168964;72.0;60.7
12;2021-08-15;255;75;200600;169039;72.1;60.7
12;2021-08-16;669;1818;201269;170857;72.3;61.4
12;2021-08-17;904;1991;202173;172848;72.6;62.1
12;2021-08-18;449;1520;202622;174368;72.8;62.6
12;2021-08-19;636;1116;203258;175484;73.0;63.0
12;2021-08-20;792;1888;204050;177372;73.3;63.7
12;2021-08-21;472;1525;204522;178897;73.5;64.3
12;2021-08-22;93;27;204615;178924;73.5;64.3
12;2021-08-23;452;1920;205067;180844;73.7;65.0
12;2021-08-24;485;1916;205552;182760;73.8;65.7
12;2021-08-25;329;1580;205881;184340;74.0;66.2
12;2021-08-26;481;1608;206362;185948;74.1;66.8
12;2021-08-27;600;1696;206962;187644;74.4;67.4
12;2021-08-28;332;1550;207294;189194;74.5;68.0
12;2021-08-29;175;140;207469;189334;74.5;68.0
12;2021-08-30;560;1909;208029;191243;74.7;68.7
12;2021-08-31;414;1392;208443;192635;74.9;69.2
12;2021-09-01;424;1017;208867;193652;75.0;69.6
12;2021-09-02;261;816;209128;194468;75.1;69.9
12;2021-09-03;485;1373;209613;195841;75.3;70.4
12;2021-09-04;428;1207;210041;197048;75.5;70.8
12;2021-09-05;52;205;210093;197253;75.5;70.9
12;2021-09-06;215;804;210308;198057;75.6;71.2
12;2021-09-07;269;669;210577;198726;75.6;71.4
12;2021-09-08;235;614;210812;199340;75.7;71.6
13;2020-12-27;4;0;4;0;0.0;0.0
13;2020-12-28;4;0;8;0;0.0;0.0
13;2020-12-29;0;0;8;0;0.0;0.0
13;2020-12-30;2;0;10;0;0.0;0.0
13;2020-12-31;6;0;16;0;0.0;0.0
13;2021-01-01;4;0;20;0;0.0;0.0
13;2021-01-02;4;0;24;0;0.0;0.0
13;2021-01-03;11;0;35;0;0.0;0.0
13;2021-01-04;0;0;35;0;0.0;0.0
13;2021-01-05;78;1;113;1;0.0;0.0
13;2021-01-06;122;0;235;1;0.0;0.0
13;2021-01-07;174;1;409;2;0.0;0.0
13;2021-01-08;188;0;597;2;0.0;0.0
13;2021-01-09;13;0;610;2;0.0;0.0
13;2021-01-10;3;0;613;2;0.0;0.0
13;2021-01-11;480;1;1093;3;0.1;0.0
13;2021-01-12;814;1;1907;4;0.1;0.0
13;2021-01-13;1086;1;2993;5;0.1;0.0
13;2021-01-14;1575;17;4568;22;0.2;0.0
13;2021-01-15;1535;7;6103;29;0.3;0.0
13;2021-01-16;407;2;6510;31;0.3;0.0
13;2021-01-17;44;0;6554;31;0.3;0.0
13;2021-01-18;2383;9;8937;40;0.4;0.0
13;2021-01-19;7409;38;16346;78;0.8;0.0
13;2021-01-20;5562;16;21908;94;1.1;0.0
13;2021-01-21;5365;28;27273;122;1.3;0.0
13;2021-01-22;4000;23;31273;145;1.5;0.0
13;2021-01-23;1349;6;32622;151;1.6;0.0
13;2021-01-24;490;5;33112;156;1.6;0.0
13;2021-01-25;2340;29;35452;185;1.7;0.0
13;2021-01-26;2953;86;38405;271;1.9;0.0
13;2021-01-27;3119;122;41524;393;2.0;0.0
13;2021-01-28;3246;183;44770;576;2.2;0.0
13;2021-01-29;2511;126;47281;702;2.3;0.0
13;2021-01-30;1025;10;48306;712;2.4;0.0
13;2021-01-31;249;0;48555;712;2.4;0.0
13;2021-02-01;1862;277;50417;989;2.5;0.0
13;2021-02-02;2255;580;52672;1569;2.6;0.1
13;2021-02-03;1864;556;54536;2125;2.7;0.1
13;2021-02-04;1906;904;56442;3029;2.8;0.1
13;2021-02-05;2626;1510;59068;4539;2.9;0.2
13;2021-02-06;855;295;59923;4834;2.9;0.2
13;2021-02-07;277;5;60200;4839;3.0;0.2
13;2021-02-08;1903;1475;62103;6314;3.1;0.3
13;2021-02-09;3315;4310;65418;10624;3.2;0.5
13;2021-02-10;3234;3287;68652;13911;3.4;0.7
13;2021-02-11;3581;3400;72233;17311;3.6;0.9
13;2021-02-12;2838;2921;75071;20232;3.7;1.0
13;2021-02-13;733;558;75804;20790;3.7;1.0
13;2021-02-14;72;355;75876;21145;3.7;1.0
13;2021-02-15;969;1880;76845;23025;3.8;1.1
13;2021-02-16;1392;2445;78237;25470;3.8;1.3
13;2021-02-17;1345;2764;79582;28234;3.9;1.4
13;2021-02-18;1903;2488;81485;30722;4.0;1.5
13;2021-02-19;1515;2026;83000;32748;4.1;1.6
13;2021-02-20;458;715;83458;33463;4.1;1.6
13;2021-02-21;33;252;83491;33715;4.1;1.7
13;2021-02-22;1023;2101;84514;35816;4.2;1.8
13;2021-02-23;1286;2436;85800;38252;4.2;1.9
13;2021-02-24;1518;2437;87318;40689;4.3;2.0
13;2021-02-25;2383;1993;89701;42682;4.4;2.1
13;2021-02-26;2457;2002;92158;44684;4.5;2.2
13;2021-02-27;982;701;93140;45385;4.6;2.2
13;2021-02-28;193;191;93333;45576;4.6;2.2
13;2021-03-01;1924;1449;95257;47025;4.7;2.3
13;2021-03-02;3012;2508;98269;49533;4.8;2.4
13;2021-03-03;3486;2484;101755;52017;5.0;2.6
13;2021-03-04;4206;3008;105961;55025;5.2;2.7
13;2021-03-05;4046;2700;110007;57725;5.4;2.8
13;2021-03-06;5302;788;115309;58513;5.7;2.9
13;2021-03-07;4292;377;119601;58890;5.9;2.9
13;2021-03-08;3929;1939;123530;60829;6.1;3.0
13;2021-03-09;5074;2240;128604;63069;6.3;3.1
13;2021-03-10;5180;1956;133784;65025;6.6;3.2
13;2021-03-11;7307;2121;141091;67146;6.9;3.3
13;2021-03-12;8329;2094;149420;69240;7.3;3.4
13;2021-03-13;6377;729;155797;69969;7.7;3.4
13;2021-03-14;2312;167;158109;70136;7.8;3.4
13;2021-03-15;6358;1309;164467;71445;8.1;3.5
13;2021-03-16;5080;1526;169547;72971;8.3;3.6
13;2021-03-17;5176;1413;174723;74384;8.6;3.7
13;2021-03-18;5818;1869;180541;76253;8.9;3.7
13;2021-03-19;6810;1605;187351;77858;9.2;3.8
13;2021-03-20;4043;699;191394;78557;9.4;3.9
13;2021-03-21;724;84;192118;78641;9.4;3.9
13;2021-03-22;7299;1549;199417;80190;9.8;3.9
13;2021-03-23;9128;1746;208545;81936;10.3;4.0
13;2021-03-24;8864;2189;217409;84125;10.7;4.1
13;2021-03-25;10914;2110;228323;86235;11.2;4.2
13;2021-03-26;10716;1910;239039;88145;11.7;4.3
13;2021-03-27;4867;829;243906;88974;12.0;4.4
13;2021-03-28;1119;81;245025;89055;12.0;4.4
13;2021-03-29;7579;2003;252604;91058;12.4;4.5
13;2021-03-30;12621;2525;265225;93583;13.0;4.6
13;2021-03-31;10819;3161;276044;96744;13.6;4.8
13;2021-04-01;12273;3051;288317;99795;14.2;4.9
13;2021-04-02;9792;3899;298109;103694;14.7;5.1
13;2021-04-03;4011;2804;302120;106498;14.9;5.2
13;2021-04-04;630;305;302750;106803;14.9;5.2
13;2021-04-05;3533;729;306283;107532;15.1;5.3
13;2021-04-06;8519;4247;314802;111779;15.5;5.5
13;2021-04-07;10083;4691;324885;116470;16.0;5.7
13;2021-04-08;10119;5465;335004;121935;16.5;6.0
13;2021-04-09;11277;5113;346281;127048;17.0;6.2
13;2021-04-10;7301;2096;353582;129144;17.4;6.3
13;2021-04-11;1379;533;354961;129677;17.4;6.4
13;2021-04-12;7981;4787;362942;134464;17.8;6.6
13;2021-04-13;9147;5500;372089;139964;18.3;6.9
13;2021-04-14;9536;5818;381625;145782;18.8;7.2
13;2021-04-15;9879;5957;391504;151739;19.2;7.5
13;2021-04-16;9968;5565;401472;157304;19.7;7.7
13;2021-04-17;4081;2020;405553;159324;19.9;7.8
13;2021-04-18;2523;1423;408076;160747;20.1;7.9
13;2021-04-19;6454;6409;414530;167156;20.4;8.2
13;2021-04-20;7407;7600;421937;174756;20.7;8.6
13;2021-04-21;7774;7380;429711;182136;21.1;9.0
13;2021-04-22;8468;7923;438179;190059;21.5;9.3
13;2021-04-23;8390;6814;446569;196873;22.0;9.7
13;2021-04-24;4625;3818;451194;200691;22.2;9.9
13;2021-04-25;876;520;452070;201211;22.2;9.9
13;2021-04-26;6171;7116;458241;208327;22.5;10.2
13;2021-04-27;7263;8028;465504;216355;22.9;10.6
13;2021-04-28;9453;7710;474957;224065;23.3;11.0
13;2021-04-29;11407;7605;486364;231670;23.9;11.4
13;2021-04-30;10921;7378;497285;239048;24.4;11.7
13;2021-05-01;5366;3794;502651;242842;24.7;11.9
13;2021-05-02;2100;748;504751;243590;24.8;12.0
13;2021-05-03;7301;7866;512052;251456;25.2;12.4
13;2021-05-04;8456;8514;520508;259970;25.6;12.8
13;2021-05-05;8230;8965;528738;268935;26.0;13.2
13;2021-05-06;10144;8584;538882;277519;26.5;13.6
13;2021-05-07;8855;10038;547737;287557;26.9;14.1
13;2021-05-08;4572;3935;552309;291492;27.1;14.3
13;2021-05-09;938;686;553247;292178;27.2;14.4
13;2021-05-10;7714;8762;560961;300940;27.6;14.8
13;2021-05-11;10983;9571;571944;310511;28.1;15.3
13;2021-05-12;12844;8730;584788;319241;28.7;15.7
13;2021-05-13;9511;3639;594299;322880;29.2;15.9
13;2021-05-14;13659;6450;607958;329330;29.9;16.2
13;2021-05-15;10200;4537;618158;333867;30.4;16.4
13;2021-05-16;3125;789;621283;334656;30.5;16.4
13;2021-05-17;10848;6815;632131;341471;31.1;16.8
13;2021-05-18;11920;6485;644051;347956;31.7;17.1
13;2021-05-19;12159;6356;656210;354312;32.3;17.4
13;2021-05-20;13450;6464;669660;360776;32.9;17.7
13;2021-05-21;13002;6779;682662;367555;33.6;18.1
13;2021-05-22;7522;3637;690184;371192;33.9;18.2
13;2021-05-23;862;638;691046;371830;34.0;18.3
13;2021-05-24;6769;2474;697815;374304;34.3;18.4
13;2021-05-25;9271;7600;707086;381904;34.8;18.8
13;2021-05-26;10143;7843;717229;389747;35.3;19.2
13;2021-05-27;10351;8423;727580;398170;35.8;19.6
13;2021-05-28;9009;9174;736589;407344;36.2;20.0
13;2021-05-29;7178;4625;743767;411969;36.6;20.2
13;2021-05-30;891;527;744658;412496;36.6;20.3
13;2021-05-31;8196;8028;752854;420524;37.0;20.7
13;2021-06-01;9591;9299;762445;429823;37.5;21.1
13;2021-06-02;10091;8789;772536;438612;38.0;21.6
13;2021-06-03;12299;9492;784835;448104;38.6;22.0
13;2021-06-04;12038;10042;796873;458146;39.2;22.5
13;2021-06-05;7832;5589;804705;463735;39.6;22.8
13;2021-06-06;1671;886;806376;464621;39.6;22.8
13;2021-06-07;6688;9874;813064;474495;40.0;23.3
13;2021-06-08;8319;9992;821383;484487;40.4;23.8
13;2021-06-09;8403;9735;829786;494222;40.8;24.3
13;2021-06-10;8949;9775;838735;503997;41.2;24.8
13;2021-06-11;8237;12712;846972;516709;41.6;25.4
13;2021-06-12;5788;6708;852760;523417;41.9;25.7
13;2021-06-13;953;1215;853713;524632;42.0;25.8
13;2021-06-14;6008;11145;859721;535777;42.3;26.3
13;2021-06-15;7294;11406;867015;547183;42.6;26.9
13;2021-06-16;7349;9879;874364;557062;43.0;27.4
13;2021-06-17;7444;10713;881808;567775;43.3;27.9
13;2021-06-18;7549;11077;889357;578852;43.7;28.5
13;2021-06-19;4619;7498;893976;586350;43.9;28.8
13;2021-06-20;969;1045;894945;587395;44.0;28.9
13;2021-06-21;4470;12266;899415;599661;44.2;29.5
13;2021-06-22;4942;13875;904357;613536;44.5;30.2
13;2021-06-23;5155;13577;909512;627113;44.7;30.8
13;2021-06-24;5340;12857;914852;639970;45.0;31.5
13;2021-06-25;5267;14687;920119;654657;45.2;32.2
13;2021-06-26;3022;9683;923141;664340;45.4;32.7
13;2021-06-27;535;931;923676;665271;45.4;32.7
13;2021-06-28;3737;12563;927413;677834;45.6;33.3
13;2021-06-29;4503;12907;931916;690741;45.8;34.0
13;2021-06-30;4903;12695;936819;703436;46.0;34.6
13;2021-07-01;5595;11501;942414;714937;46.3;35.1
13;2021-07-02;5584;12400;947998;727337;46.6;35.8
13;2021-07-03;3515;9165;951513;736502;46.8;36.2
13;2021-07-04;475;867;951988;737369;46.8;36.2
13;2021-07-05;3873;11776;955861;749145;47.0;36.8
13;2021-07-06;5467;11684;961328;760829;47.3;37.4
13;2021-07-07;5826;10707;967154;771536;47.5;37.9
13;2021-07-08;6231;10328;973385;781864;47.8;38.4
13;2021-07-09;5936;11928;979321;793792;48.1;39.0
13;2021-07-10;3169;8638;982490;802430;48.3;39.4
13;2021-07-11;437;1014;982927;803444;48.3;39.5
13;2021-07-12;4494;10953;987421;814397;48.5;40.0
13;2021-07-13;8978;13182;996399;827579;49.0;40.7
13;2021-07-14;5617;4863;1002016;832442;49.3;40.9
13;2021-07-15;11453;12951;1013469;845393;49.8;41.6
13;2021-07-16;12204;12917;1025673;858310;50.4;42.2
13;2021-07-17;6590;8494;1032263;866804;50.7;42.6
13;2021-07-18;726;1059;1032989;867863;50.8;42.7
13;2021-07-19;9809;11150;1042798;879013;51.3;43.2
13;2021-07-20;12277;11658;1055075;890671;51.9;43.8
13;2021-07-21;12694;10351;1067769;901022;52.5;44.3
13;2021-07-22;14563;10454;1082332;911476;53.2;44.8
13;2021-07-23;14485;10961;1096817;922437;53.9;45.3
13;2021-07-24;8343;7993;1105160;930430;54.3;45.7
13;2021-07-25;1017;785;1106177;931215;54.4;45.8
13;2021-07-26;11666;9114;1117843;940329;54.9;46.2
13;2021-07-27;13616;9418;1131459;949747;55.6;46.7
13;2021-07-28;12348;8177;1143807;957924;56.2;47.1
13;2021-07-29;13850;8163;1157657;966087;56.9;47.5
13;2021-07-30;13743;8666;1171400;974753;57.6;47.9
13;2021-07-31;8708;5856;1180108;980609;58.0;48.2
13;2021-08-01;1106;729;1181214;981338;58.1;48.2
13;2021-08-02;10048;6722;1191262;988060;58.6;48.6
13;2021-08-03;11086;7306;1202348;995366;59.1;48.9
13;2021-08-04;9432;6558;1211780;1001924;59.6;49.2
13;2021-08-05;9442;7562;1221222;1009486;60.0;49.6
13;2021-08-06;9152;9017;1230374;1018503;60.5;50.1
13;2021-08-07;5432;5572;1235806;1024075;60.7;50.3
13;2021-08-08;904;804;1236710;1024879;60.8;50.4
13;2021-08-09;8297;9066;1245007;1033945;61.2;50.8
13;2021-08-10;9026;8896;1254033;1042841;61.6;51.3
13;2021-08-11;7788;8530;1261821;1051371;62.0;51.7
13;2021-08-12;7624;9648;1269445;1061019;62.4;52.2
13;2021-08-13;6912;9181;1276357;1070200;62.7;52.6
13;2021-08-14;3684;6451;1280041;1076651;62.9;52.9
13;2021-08-15;476;731;1280517;1077382;62.9;53.0
13;2021-08-16;6421;11072;1286938;1088454;63.3;53.5
13;2021-08-17;6628;10604;1293566;1099058;63.6;54.0
13;2021-08-18;6296;10159;1299862;1109217;63.9;54.5
13;2021-08-19;6637;10579;1306499;1119796;64.2;55.0
13;2021-08-20;5764;11225;1312263;1131021;64.5;55.6
13;2021-08-21;2602;7557;1314865;1138578;64.6;56.0
13;2021-08-22;368;1090;1315233;1139668;64.6;56.0
13;2021-08-23;4908;11202;1320141;1150870;64.9;56.6
13;2021-08-24;5402;10895;1325543;1161765;65.2;57.1
13;2021-08-25;5154;10072;1330697;1171837;65.4;57.6
13;2021-08-26;5084;9750;1335781;1181587;65.7;58.1
13;2021-08-27;4978;10607;1340759;1192194;65.9;58.6
13;2021-08-28;2327;6448;1343086;1198642;66.0;58.9
13;2021-08-29;334;1136;1343420;1199778;66.0;59.0
13;2021-08-30;4189;9840;1347609;1209618;66.2;59.5
13;2021-08-31;4467;10091;1352076;1219709;66.5;60.0
13;2021-09-01;4159;8555;1356235;1228264;66.7;60.4
13;2021-09-02;4172;8445;1360407;1236709;66.9;60.8
13;2021-09-03;4206;9262;1364613;1245971;67.1;61.2
13;2021-09-04;2131;5529;1366744;1251500;67.2;61.5
13;2021-09-05;182;389;1366926;1251889;67.2;61.5
13;2021-09-06;3066;6666;1369992;1258555;67.3;61.9
13;2021-09-07;3141;7242;1373133;1265797;67.5;62.2
13;2021-09-08;3296;7060;1376429;1272857;67.7;62.6
14;2020-12-27;0;0;0;0;0.0;0.0
14;2020-12-28;1;1;1;1;0.0;0.0
14;2020-12-29;0;0;1;1;0.0;0.0
14;2020-12-30;0;0;1;1;0.0;0.0
14;2020-12-31;3;0;4;1;0.0;0.0
14;2021-01-01;1;0;5;1;0.0;0.0
14;2021-01-02;1;0;6;1;0.0;0.0
14;2021-01-03;0;0;6;1;0.0;0.0
14;2021-01-04;10;0;16;1;0.0;0.0
14;2021-01-05;24;0;40;1;0.0;0.0
14;2021-01-06;349;0;389;1;0.1;0.0
14;2021-01-07;402;2;791;3;0.1;0.0
14;2021-01-08;631;2;1422;5;0.2;0.0
14;2021-01-09;127;0;1549;5;0.2;0.0
14;2021-01-10;41;0;1590;5;0.2;0.0
14;2021-01-11;673;1;2263;6;0.3;0.0
14;2021-01-12;953;2;3216;8;0.5;0.0
14;2021-01-13;849;1;4065;9;0.6;0.0
14;2021-01-14;2838;17;6903;26;1.0;0.0
14;2021-01-15;1896;18;8799;44;1.3;0.0
14;2021-01-16;271;2;9070;46;1.3;0.0
14;2021-01-17;145;7;9215;53;1.3;0.0
14;2021-01-18;1085;5;10300;58;1.5;0.0
14;2021-01-19;1154;2;11454;60;1.7;0.0
14;2021-01-20;1988;4;13442;64;1.9;0.0
14;2021-01-21;1815;6;15257;70;2.2;0.0
14;2021-01-22;1494;5;16751;75;2.4;0.0
14;2021-01-23;297;1;17048;76;2.5;0.0
14;2021-01-24;72;0;17120;76;2.5;0.0
14;2021-01-25;911;10;18031;86;2.6;0.0
14;2021-01-26;848;35;18879;121;2.7;0.0
14;2021-01-27;884;157;19763;278;2.9;0.0
14;2021-01-28;782;145;20545;423;3.0;0.1
14;2021-01-29;786;224;21331;647;3.1;0.1
14;2021-01-30;270;11;21601;658;3.1;0.1
14;2021-01-31;58;1;21659;659;3.1;0.1
14;2021-02-01;727;219;22386;878;3.2;0.1
14;2021-02-02;828;416;23214;1294;3.4;0.2
14;2021-02-03;761;373;23975;1667;3.5;0.2
14;2021-02-04;1170;2029;25145;3696;3.6;0.5
14;2021-02-05;1295;1291;26440;4987;3.8;0.7
14;2021-02-06;396;216;26836;5203;3.9;0.8
14;2021-02-07;179;63;27015;5266;3.9;0.8
14;2021-02-08;774;721;27789;5987;4.0;0.9
14;2021-02-09;722;935;28511;6922;4.1;1.0
14;2021-02-10;825;1480;29336;8402;4.2;1.2
14;2021-02-11;1351;1380;30687;9782;4.4;1.4
14;2021-02-12;1382;1001;32069;10783;4.6;1.6
14;2021-02-13;308;164;32377;10947;4.7;1.6
14;2021-02-14;84;51;32461;10998;4.7;1.6
14;2021-02-15;441;916;32902;11914;4.8;1.7
14;2021-02-16;679;806;33581;12720;4.9;1.8
14;2021-02-17;406;838;33987;13558;4.9;2.0
14;2021-02-18;706;762;34693;14320;5.0;2.1
14;2021-02-19;733;695;35426;15015;5.1;2.2
14;2021-02-20;88;235;35514;15250;5.1;2.2
14;2021-02-21;6;82;35520;15332;5.1;2.2
14;2021-02-22;431;892;35951;16224;5.2;2.3
14;2021-02-23;486;775;36437;16999;5.3;2.5
14;2021-02-24;438;788;36875;17787;5.3;2.6
14;2021-02-25;1224;1079;38099;18866;5.5;2.7
14;2021-02-26;1576;1092;39675;19958;5.7;2.9
14;2021-02-27;507;241;40182;20199;5.8;2.9
14;2021-02-28;27;34;40209;20233;5.8;2.9
14;2021-03-01;522;816;40731;21049;5.9;3.0
14;2021-03-02;966;732;41697;21781;6.0;3.2
14;2021-03-03;1080;766;42777;22547;6.2;3.3
14;2021-03-04;1949;763;44726;23310;6.5;3.4
14;2021-03-05;2433;827;47159;24137;6.8;3.5
14;2021-03-06;3076;193;50235;24330;7.3;3.5
14;2021-03-07;1196;62;51431;24392;7.4;3.5
14;2021-03-08;1252;763;52683;25155;7.6;3.6
14;2021-03-09;1741;683;54424;25838;7.9;3.7
14;2021-03-10;1835;574;56259;26412;8.1;3.8
14;2021-03-11;2757;462;59016;26874;8.5;3.9
14;2021-03-12;4045;568;63061;27442;9.1;4.0
14;2021-03-13;1853;176;64914;27618;9.4;4.0
14;2021-03-14;31;39;64945;27657;9.4;4.0
14;2021-03-15;2005;143;66950;27800;9.7;4.0
14;2021-03-16;1401;268;68351;28068;9.9;4.1
14;2021-03-17;1155;193;69506;28261;10.1;4.1
14;2021-03-18;1481;297;70987;28558;10.3;4.1
14;2021-03-19;2608;268;73595;28826;10.6;4.2
14;2021-03-20;2659;41;76254;28867;11.0;4.2
14;2021-03-21;454;7;76708;28874;11.1;4.2
14;2021-03-22;1872;363;78580;29237;11.4;4.2
14;2021-03-23;2177;318;80757;29555;11.7;4.3
14;2021-03-24;2432;194;83189;29749;12.0;4.3
14;2021-03-25;3292;319;86481;30068;12.5;4.3
14;2021-03-26;4607;476;91088;30544;13.2;4.4
14;2021-03-27;2231;228;93319;30772;13.5;4.5
14;2021-03-28;36;1;93355;30773;13.5;4.5
14;2021-03-29;1614;479;94969;31252;13.7;4.5
14;2021-03-30;2722;517;97691;31769;14.1;4.6
14;2021-03-31;2326;924;100017;32693;14.5;4.7
14;2021-04-01;4174;1683;104191;34376;15.1;5.0
14;2021-04-02;3867;1269;108058;35645;15.6;5.2
14;2021-04-03;1128;1200;109186;36845;15.8;5.3
14;2021-04-04;25;482;109211;37327;15.8;5.4
14;2021-04-05;1219;324;110430;37651;16.0;5.4
14;2021-04-06;2383;999;112813;38650;16.3;5.6
14;2021-04-07;2729;1031;115542;39681;16.7;5.7
14;2021-04-08;4301;1118;119843;40799;17.3;5.9
14;2021-04-09;6030;1186;125873;41985;18.2;6.1
14;2021-04-10;2896;438;128769;42423;18.6;6.1
14;2021-04-11;628;121;129397;42544;18.7;6.2
14;2021-04-12;2915;1584;132312;44128;19.1;6.4
14;2021-04-13;3471;1445;135783;45573;19.6;6.6
14;2021-04-14;3122;1166;138905;46739;20.1;6.8
14;2021-04-15;4400;1501;143305;48240;20.7;7.0
14;2021-04-16;4600;1563;147905;49803;21.4;7.2
14;2021-04-17;2312;1667;150217;51470;21.7;7.4
14;2021-04-18;539;327;150756;51797;21.8;7.5
14;2021-04-19;2759;1686;153515;53483;22.2;7.7
14;2021-04-20;3390;1816;156905;55299;22.7;8.0
14;2021-04-21;3015;1470;159920;56769;23.1;8.2
14;2021-04-22;4228;2089;164148;58858;23.7;8.5
14;2021-04-23;4650;2303;168798;61161;24.4;8.8
14;2021-04-24;1852;1753;170650;62914;24.7;9.1
14;2021-04-25;456;28;171106;62942;24.7;9.1
14;2021-04-26;3378;1572;174484;64514;25.2;9.3
14;2021-04-27;3504;2572;177988;67086;25.7;9.7
14;2021-04-28;3245;1897;181233;68983;26.2;10.0
14;2021-04-29;4545;2309;185778;71292;26.9;10.3
14;2021-04-30;5125;2636;190903;73928;27.6;10.7
14;2021-05-01;3554;200;194457;74128;28.1;10.7
14;2021-05-02;1237;55;195694;74183;28.3;10.7
14;2021-05-03;2483;2767;198177;76950;28.7;11.1
14;2021-05-04;3128;2900;201305;79850;29.1;11.5
14;2021-05-05;3688;2744;204993;82594;29.6;11.9
14;2021-05-06;4930;3481;209923;86075;30.4;12.4
14;2021-05-07;4868;3840;214791;89915;31.1;13.0
14;2021-05-08;2728;1263;217519;91178;31.5;13.2
14;2021-05-09;1915;670;219434;91848;31.7;13.3
14;2021-05-10;3635;3149;223069;94997;32.3;13.7
14;2021-05-11;4346;3606;227415;98603;32.9;14.3
14;2021-05-12;4051;3217;231466;101820;33.5;14.7
14;2021-05-13;4690;1131;236156;102951;34.2;14.9
14;2021-05-14;6675;2627;242831;105578;35.1;15.3
14;2021-05-15;5150;778;247981;106356;35.9;15.4
14;2021-05-16;2319;120;250300;106476;36.2;15.4
14;2021-05-17;2820;2260;253120;108736;36.6;15.7
14;2021-05-18;4090;2237;257210;110973;37.2;16.0
14;2021-05-19;3752;2021;260962;112994;37.7;16.3
14;2021-05-20;4482;2765;265444;115759;38.4;16.7
14;2021-05-21;4277;3522;269721;119281;39.0;17.3
14;2021-05-22;1670;864;271391;120145;39.2;17.4
14;2021-05-23;649;71;272040;120216;39.3;17.4
14;2021-05-24;2845;750;274885;120966;39.8;17.5
14;2021-05-25;3636;3384;278521;124350;40.3;18.0
14;2021-05-26;3439;2408;281960;126758;40.8;18.3
14;2021-05-27;4771;3239;286731;129997;41.5;18.8
14;2021-05-28;5093;3883;291824;133880;42.2;19.4
14;2021-05-29;2341;2456;294165;136336;42.5;19.7
14;2021-05-30;760;237;294925;136573;42.7;19.8
14;2021-05-31;4092;2965;299017;139538;43.2;20.2
14;2021-06-01;5741;3215;304758;142753;44.1;20.6
14;2021-06-02;5028;2860;309786;145613;44.8;21.1
14;2021-06-03;6661;4016;316447;149629;45.8;21.6
14;2021-06-04;6446;5134;322893;154763;46.7;22.4
14;2021-06-05;4360;1861;327253;156624;47.3;22.7
14;2021-06-06;2045;83;329298;156707;47.6;22.7
14;2021-06-07;4251;3450;333549;160157;48.2;23.2
14;2021-06-08;5238;3134;338787;163291;49.0;23.6
14;2021-06-09;4272;2966;343059;166257;49.6;24.0
14;2021-06-10;5083;2971;348142;169228;50.3;24.5
14;2021-06-11;4843;4878;352985;174106;51.0;25.2
14;2021-06-12;3680;4519;356665;178625;51.6;25.8
14;2021-06-13;849;1089;357514;179714;51.7;26.0
14;2021-06-14;2186;3793;359700;183507;52.0;26.5
14;2021-06-15;3316;3971;363016;187478;52.5;27.1
14;2021-06-16;3449;4554;366465;192032;53.0;27.8
14;2021-06-17;4234;5269;370699;197301;53.6;28.5
14;2021-06-18;3734;6118;374433;203419;54.2;29.4
14;2021-06-19;2591;2952;377024;206371;54.5;29.8
14;2021-06-20;580;1556;377604;207927;54.6;30.1
14;2021-06-21;2123;4360;379727;212287;54.9;30.7
14;2021-06-22;2583;5176;382310;217463;55.3;31.5
14;2021-06-23;2502;4348;384812;221811;55.7;32.1
14;2021-06-24;3450;5810;388262;227621;56.2;32.9
14;2021-06-25;2751;7276;391013;234897;56.5;34.0
14;2021-06-26;2176;4540;393189;239437;56.9;34.6
14;2021-06-27;440;1828;393629;241265;56.9;34.9
14;2021-06-28;1311;3965;394940;245230;57.1;35.5
14;2021-06-29;1791;5365;396731;250595;57.4;36.2
14;2021-06-30;2024;4618;398755;255213;57.7;36.9
14;2021-07-01;2932;5064;401687;260277;58.1;37.6
14;2021-07-02;2601;6668;404288;266945;58.5;38.6
14;2021-07-03;1430;2646;405718;269591;58.7;39.0
14;2021-07-04;422;713;406140;270304;58.7;39.1
14;2021-07-05;1191;4780;407331;275084;58.9;39.8
14;2021-07-06;2092;6002;409423;281086;59.2;40.7
14;2021-07-07;2259;4576;411682;285662;59.5;41.3
14;2021-07-08;2912;5525;414594;291187;60.0;42.1
14;2021-07-09;2770;6432;417364;297619;60.4;43.0
14;2021-07-10;2041;3203;419405;300822;60.7;43.5
14;2021-07-11;900;872;420305;301694;60.8;43.6
14;2021-07-12;1635;5903;421940;307597;61.0;44.5
14;2021-07-13;3085;7343;425025;314940;61.5;45.5
14;2021-07-14;2259;3061;427284;318001;61.8;46.0
14;2021-07-15;4174;7654;431458;325655;62.4;47.1
14;2021-07-16;4710;7692;436168;333347;63.1;48.2
14;2021-07-17;2117;4209;438285;337556;63.4;48.8
14;2021-07-18;822;1870;439107;339426;63.5;49.1
14;2021-07-19;2600;6125;441707;345551;63.9;50.0
14;2021-07-20;3248;7255;444955;352806;64.4;51.0
14;2021-07-21;4107;5842;449062;358648;64.9;51.9
14;2021-07-22;4855;6604;453917;365252;65.6;52.8
14;2021-07-23;5383;6767;459300;372019;66.4;53.8
14;2021-07-24;3085;3795;462385;375814;66.9;54.4
14;2021-07-25;1506;1248;463891;377062;67.1;54.5
14;2021-07-26;4684;4188;468575;381250;67.8;55.1
14;2021-07-27;5404;4363;473979;385613;68.5;55.8
14;2021-07-28;5117;3971;479096;389584;69.3;56.3
14;2021-07-29;6445;4883;485541;394467;70.2;57.0
14;2021-07-30;5841;5168;491382;399635;71.1;57.8
14;2021-07-31;2774;2508;494156;402143;71.5;58.2
14;2021-08-01;1895;933;496051;403076;71.7;58.3
14;2021-08-02;3948;4291;499999;407367;72.3;58.9
14;2021-08-03;4480;4170;504479;411537;73.0;59.5
14;2021-08-04;4646;3537;509125;415074;73.6;60.0
14;2021-08-05;4655;4033;513780;419107;74.3;60.6
14;2021-08-06;4428;4806;518208;423913;74.9;61.3
14;2021-08-07;2131;2297;520339;426210;75.3;61.6
14;2021-08-08;638;853;520977;427063;75.3;61.8
14;2021-08-09;2128;2878;523105;429941;75.7;62.2
14;2021-08-10;3657;4172;526762;434113;76.2;62.8
14;2021-08-11;3072;3463;529834;437576;76.6;63.3
14;2021-08-12;3482;4347;533316;441923;77.1;63.9
14;2021-08-13;2634;4139;535950;446062;77.5;64.5
14;2021-08-14;1420;2007;537370;448069;77.7;64.8
14;2021-08-15;391;1483;537761;449552;77.8;65.0
14;2021-08-16;1826;2782;539587;452334;78.0;65.4
14;2021-08-17;2262;4565;541849;456899;78.4;66.1
14;2021-08-18;2062;4524;543911;461423;78.7;66.7
14;2021-08-19;2325;5083;546236;466506;79.0;67.5
14;2021-08-20;2182;5405;548418;471911;79.3;68.2
14;2021-08-21;1012;2836;549430;474747;79.5;68.7
14;2021-08-22;170;1564;549600;476311;79.5;68.9
14;2021-08-23;1261;4169;550861;480480;79.7;69.5
14;2021-08-24;1325;4304;552186;484784;79.9;70.1
14;2021-08-25;1391;4398;553577;489182;80.1;70.7
14;2021-08-26;1421;5078;554998;494260;80.3;71.5
14;2021-08-27;1465;5288;556463;499548;80.5;72.2
14;2021-08-28;729;3000;557192;502548;80.6;72.7
14;2021-08-29;184;1013;557376;503561;80.6;72.8
14;2021-08-30;1011;3630;558387;507191;80.8;73.4
14;2021-08-31;1321;4802;559708;511993;80.9;74.0
14;2021-09-01;1064;3982;560772;515975;81.1;74.6
14;2021-09-02;857;3348;561629;519323;81.2;75.1
14;2021-09-03;1173;4355;562802;523678;81.4;75.7
14;2021-09-04;661;2369;563463;526047;81.5;76.1
14;2021-09-05;126;413;563589;526460;81.5;76.1
14;2021-09-06;461;2219;564050;528679;81.6;76.5
14;2021-09-07;494;2199;564544;530878;81.6;76.8
14;2021-09-08;677;3168;565221;534046;81.7;77.2
15;2020-12-27;2;0;2;0;0.0;0.0
15;2020-12-28;0;0;2;0;0.0;0.0
15;2020-12-29;0;0;2;0;0.0;0.0
15;2020-12-30;0;0;2;0;0.0;0.0
15;2020-12-31;0;0;2;0;0.0;0.0
15;2021-01-01;1;0;3;0;0.0;0.0
15;2021-01-02;0;0;3;0;0.0;0.0
15;2021-01-03;0;0;3;0;0.0;0.0
15;2021-01-04;0;0;3;0;0.0;0.0
15;2021-01-05;0;0;3;0;0.0;0.0
15;2021-01-06;0;0;3;0;0.0;0.0
15;2021-01-07;72;0;75;0;0.1;0.0
15;2021-01-08;110;0;185;0;0.1;0.0
15;2021-01-09;0;0;185;0;0.1;0.0
15;2021-01-10;2;0;187;0;0.1;0.0
15;2021-01-11;99;0;286;0;0.2;0.0
15;2021-01-12;94;0;380;0;0.3;0.0
15;2021-01-13;230;0;610;0;0.4;0.0
15;2021-01-14;313;1;923;1;0.6;0.0
15;2021-01-15;138;0;1061;1;0.7;0.0
15;2021-01-16;90;0;1151;1;0.8;0.0
15;2021-01-17;0;0;1151;1;0.8;0.0
15;2021-01-18;404;2;1555;3;1.1;0.0
15;2021-01-19;550;0;2105;3;1.5;0.0
15;2021-01-20;629;1;2734;4;1.9;0.0
15;2021-01-21;577;4;3311;8;2.3;0.0
15;2021-01-22;503;1;3814;9;2.7;0.0
15;2021-01-23;432;1;4246;10;3.0;0.0
15;2021-01-24;6;0;4252;10;3.0;0.0
15;2021-01-25;401;0;4653;10;3.3;0.0
15;2021-01-26;437;0;5090;10;3.6;0.0
15;2021-01-27;735;7;5825;17;4.1;0.0
15;2021-01-28;624;51;6449;68;4.5;0.0
15;2021-01-29;336;80;6785;148;4.8;0.1
15;2021-01-30;218;3;7003;151;4.9;0.1
15;2021-01-31;1;1;7004;152;4.9;0.1
15;2021-02-01;239;85;7243;237;5.1;0.2
15;2021-02-02;188;86;7431;323;5.2;0.2
15;2021-02-03;267;151;7698;474;5.4;0.3
15;2021-02-04;663;201;8361;675;5.9;0.5
15;2021-02-05;296;213;8657;888;6.1;0.6
15;2021-02-06;98;64;8755;952;6.1;0.7
15;2021-02-07;0;0;8755;952;6.1;0.7
15;2021-02-08;233;89;8988;1041;6.3;0.7
15;2021-02-09;205;106;9193;1147;6.4;0.8
15;2021-02-10;338;294;9531;1441;6.7;1.0
15;2021-02-11;117;226;9648;1667;6.8;1.2
15;2021-02-12;136;146;9784;1813;6.9;1.3
15;2021-02-13;92;77;9876;1890;6.9;1.3
15;2021-02-14;0;0;9876;1890;6.9;1.3
15;2021-02-15;63;184;9939;2074;7.0;1.5
15;2021-02-16;52;262;9991;2336;7.0;1.6
15;2021-02-17;134;437;10125;2773;7.1;1.9
15;2021-02-18;87;706;10212;3479;7.2;2.4
15;2021-02-19;90;391;10302;3870;7.2;2.7
15;2021-02-20;20;228;10322;4098;7.2;2.9
15;2021-02-21;0;0;10322;4098;7.2;2.9
15;2021-02-22;23;439;10345;4537;7.2;3.2
15;2021-02-23;180;412;10525;4949;7.4;3.5
15;2021-02-24;31;425;10556;5374;7.4;3.8
15;2021-02-25;228;945;10784;6319;7.6;4.4
15;2021-02-26;186;446;10970;6765;7.7;4.7
15;2021-02-27;145;77;11115;6842;7.8;4.8
15;2021-02-28;1;0;11116;6842;7.8;4.8
15;2021-03-01;121;212;11237;7054;7.9;4.9
15;2021-03-02;250;289;11487;7343;8.0;5.1
15;2021-03-03;207;27;11694;7370;8.2;5.2
15;2021-03-04;246;229;11940;7599;8.4;5.3
15;2021-03-05;348;169;12288;7768;8.6;5.4
15;2021-03-06;680;11;12968;7779;9.1;5.4
15;2021-03-07;81;2;13049;7781;9.1;5.4
15;2021-03-08;93;98;13142;7879;9.2;5.5
15;2021-03-09;281;282;13423;8161;9.4;5.7
15;2021-03-10;417;176;13840;8337;9.7;5.8
15;2021-03-11;434;295;14274;8632;10.0;6.0
15;2021-03-12;525;94;14799;8726;10.4;6.1
15;2021-03-13;355;7;15154;8733;10.6;6.1
15;2021-03-14;18;0;15172;8733;10.6;6.1
15;2021-03-15;542;64;15714;8797;11.0;6.2
15;2021-03-16;328;21;16042;8818;11.2;6.2
15;2021-03-17;130;53;16172;8871;11.3;6.2
15;2021-03-18;250;94;16422;8965;11.5;6.3
15;2021-03-19;669;32;17091;8997;12.0;6.3
15;2021-03-20;148;36;17239;9033;12.1;6.3
15;2021-03-21;6;0;17245;9033;12.1;6.3
15;2021-03-22;575;79;17820;9112;12.5;6.4
15;2021-03-23;776;98;18596;9210;13.0;6.4
15;2021-03-24;937;35;19533;9245;13.7;6.5
15;2021-03-25;1282;33;20815;9278;14.6;6.5
15;2021-03-26;1009;61;21824;9339;15.3;6.5
15;2021-03-27;301;7;22125;9346;15.5;6.5
15;2021-03-28;20;0;22145;9346;15.5;6.5
15;2021-03-29;782;18;22927;9364;16.1;6.6
15;2021-03-30;1136;202;24063;9566;16.8;6.7
15;2021-03-31;941;23;25004;9589;17.5;6.7
15;2021-04-01;1233;60;26237;9649;18.4;6.8
15;2021-04-02;1142;61;27379;9710;19.2;6.8
15;2021-04-03;120;18;27499;9728;19.3;6.8
15;2021-04-04;0;0;27499;9728;19.3;6.8
15;2021-04-05;33;3;27532;9731;19.3;6.8
15;2021-04-06;834;86;28366;9817;19.9;6.9
15;2021-04-07;663;107;29029;9924;20.3;6.9
15;2021-04-08;1247;150;30276;10074;21.2;7.1
15;2021-04-09;1277;104;31553;10178;22.1;7.1
15;2021-04-10;364;20;31917;10198;22.3;7.1
15;2021-04-11;14;0;31931;10198;22.4;7.1
15;2021-04-12;644;459;32575;10657;22.8;7.5
15;2021-04-13;1124;323;33699;10980;23.6;7.7
15;2021-04-14;1039;199;34738;11179;24.3;7.8
15;2021-04-15;1183;310;35921;11489;25.2;8.0
15;2021-04-16;1038;554;36959;12043;25.9;8.4
15;2021-04-17;445;14;37404;12057;26.2;8.4
15;2021-04-18;0;10;37404;12067;26.2;8.4
15;2021-04-19;539;514;37943;12581;26.6;8.8
15;2021-04-20;847;615;38790;13196;27.2;9.2
15;2021-04-21;594;651;39384;13847;27.6;9.7
15;2021-04-22;728;776;40112;14623;28.1;10.2
15;2021-04-23;731;681;40843;15304;28.6;10.7
15;2021-04-24;363;123;41206;15427;28.9;10.8
15;2021-04-25;1;3;41207;15430;28.9;10.8
15;2021-04-26;325;632;41532;16062;29.1;11.2
15;2021-04-27;469;940;42001;17002;29.4;11.9
15;2021-04-28;383;788;42384;17790;29.7;12.5
15;2021-04-29;587;1009;42971;18799;30.1;13.2
15;2021-04-30;547;1074;43518;19873;30.5;13.9
15;2021-05-01;283;30;43801;19903;30.7;13.9
15;2021-05-02;0;0;43801;19903;30.7;13.9
15;2021-05-03;881;331;44682;20234;31.3;14.2
15;2021-05-04;802;855;45484;21089;31.8;14.8
15;2021-05-05;676;680;46160;21769;32.3;15.2
15;2021-05-06;827;967;46987;22736;32.9;15.9
15;2021-05-07;1154;904;48141;23640;33.7;16.6
15;2021-05-08;491;55;48632;23695;34.1;16.6
15;2021-05-09;24;9;48656;23704;34.1;16.6
15;2021-05-10;705;913;49361;24617;34.6;17.2
15;2021-05-11;1186;1185;50547;25802;35.4;18.1
15;2021-05-12;1147;836;51694;26638;36.2;18.7
15;2021-05-13;1165;440;52859;27078;37.0;19.0
15;2021-05-14;1504;583;54363;27661;38.1;19.4
15;2021-05-15;1410;418;55773;28079;39.1;19.7
15;2021-05-16;1;10;55774;28089;39.1;19.7
15;2021-05-17;999;606;56773;28695;39.8;20.1
15;2021-05-18;1222;971;57995;29666;40.6;20.8
15;2021-05-19;1020;459;59015;30125;41.3;21.1
15;2021-05-20;1239;782;60254;30907;42.2;21.6
15;2021-05-21;1349;748;61603;31655;43.1;22.2
15;2021-05-22;527;188;62130;31843;43.5;22.3
15;2021-05-23;2;11;62132;31854;43.5;22.3
15;2021-05-24;693;257;62825;32111;44.0;22.5
15;2021-05-25;1151;620;63976;32731;44.8;22.9
15;2021-05-26;1095;459;65071;33190;45.6;23.2
15;2021-05-27;1270;660;66341;33850;46.5;23.7
15;2021-05-28;1509;886;67850;34736;47.5;24.3
15;2021-05-29;984;361;68834;35097;48.2;24.6
15;2021-05-30;14;25;68848;35122;48.2;24.6
15;2021-05-31;1201;480;70049;35602;49.1;24.9
15;2021-06-01;1400;570;71449;36172;50.0;25.3
15;2021-06-02;865;418;72314;36590;50.6;25.6
15;2021-06-03;932;708;73246;37298;51.3;26.1
15;2021-06-04;1076;718;74322;38016;52.0;26.6
15;2021-06-05;651;263;74973;38279;52.5;26.8
15;2021-06-06;16;20;74989;38299;52.5;26.8
15;2021-06-07;797;349;75786;38648;53.1;27.1
15;2021-06-08;477;393;76263;39041;53.4;27.3
15;2021-06-09;377;377;76640;39418;53.7;27.6
15;2021-06-10;275;423;76915;39841;53.9;27.9
15;2021-06-11;661;1100;77576;40941;54.3;28.7
15;2021-06-12;377;467;77953;41408;54.6;29.0
15;2021-06-13;11;6;77964;41414;54.6;29.0
15;2021-06-14;542;977;78506;42391;55.0;29.7
15;2021-06-15;450;1164;78956;43555;55.3;30.5
15;2021-06-16;543;899;79499;44454;55.7;31.1
15;2021-06-17;290;934;79789;45388;55.9;31.8
15;2021-06-18;741;1205;80530;46593;56.4;32.6
15;2021-06-19;543;705;81073;47298;56.8;33.1
15;2021-06-20;11;1;81084;47299;56.8;33.1
15;2021-06-21;280;1042;81364;48341;57.0;33.8
15;2021-06-22;232;1479;81596;49820;57.1;34.9
15;2021-06-23;346;1445;81942;51265;57.4;35.9
15;2021-06-24;292;1094;82234;52359;57.6;36.7
15;2021-06-25;379;1642;82613;54001;57.8;37.8
15;2021-06-26;165;908;82778;54909;58.0;38.4
15;2021-06-27;0;0;82778;54909;58.0;38.4
15;2021-06-28;176;1227;82954;56136;58.1;39.3
15;2021-06-29;303;1264;83257;57400;58.3;40.2
15;2021-06-30;268;982;83525;58382;58.5;40.9
15;2021-07-01;381;1220;83906;59602;58.8;41.7
15;2021-07-02;410;1348;84316;60950;59.0;42.7
15;2021-07-03;251;708;84567;61658;59.2;43.2
15;2021-07-04;1;1;84568;61659;59.2;43.2
15;2021-07-05;248;1257;84816;62916;59.4;44.1
15;2021-07-06;274;1467;85090;64383;59.6;45.1
15;2021-07-07;256;1345;85346;65728;59.8;46.0
15;2021-07-08;489;1353;85835;67081;60.1;47.0
15;2021-07-09;488;1784;86323;68865;60.4;48.2
15;2021-07-10;215;863;86538;69728;60.6;48.8
15;2021-07-11;9;5;86547;69733;60.6;48.8
15;2021-07-12;277;1484;86824;71217;60.8;49.9
15;2021-07-13;587;1769;87411;72986;61.2;51.1
15;2021-07-14;16;130;87427;73116;61.2;51.2
15;2021-07-15;1132;729;88559;73845;62.0;51.7
15;2021-07-16;1141;1337;89700;75182;62.8;52.6
15;2021-07-17;820;953;90520;76135;63.4;53.3
15;2021-07-18;0;3;90520;76138;63.4;53.3
15;2021-07-19;1075;1270;91595;77408;64.1;54.2
15;2021-07-20;1614;569;93209;77977;65.3;54.6
15;2021-07-21;1189;603;94398;78580;66.1;55.0
15;2021-07-22;894;513;95292;79093;66.7;55.4
15;2021-07-23;1341;1065;96633;80158;67.7;56.1
15;2021-07-24;628;769;97261;80927;68.1;56.7
15;2021-07-25;1;24;97262;80951;68.1;56.7
15;2021-07-26;1248;595;98510;81546;69.0;57.1
15;2021-07-27;1692;572;100202;82118;70.2;57.5
15;2021-07-28;1239;584;101441;82702;71.0;57.9
15;2021-07-29;837;401;102278;83103;71.6;58.2
15;2021-07-30;1008;1132;103286;84235;72.3;59.0
15;2021-07-31;604;637;103890;84872;72.7;59.4
15;2021-08-01;21;12;103911;84884;72.8;59.4
15;2021-08-02;1143;542;105054;85426;73.6;59.8
15;2021-08-03;1165;382;106219;85808;74.4;60.1
15;2021-08-04;789;409;107008;86217;74.9;60.4
15;2021-08-05;383;284;107391;86501;75.2;60.6
15;2021-08-06;790;1240;108181;87741;75.8;61.4
15;2021-08-07;264;1162;108445;88903;75.9;62.3
15;2021-08-08;3;6;108448;88909;75.9;62.3
15;2021-08-09;512;1165;108960;90074;76.3;63.1
15;2021-08-10;434;724;109394;90798;76.6;63.6
15;2021-08-11;411;1006;109805;91804;76.9;64.3
15;2021-08-12;523;1184;110328;92988;77.3;65.1
15;2021-08-13;679;1139;111007;94127;77.7;65.9
15;2021-08-14;179;552;111186;94679;77.9;66.3
15;2021-08-15;17;9;111203;94688;77.9;66.3
15;2021-08-16;387;1134;111590;95822;78.1;67.1
15;2021-08-17;398;1141;111988;96963;78.4;67.9
15;2021-08-18;368;802;112356;97765;78.7;68.5
15;2021-08-19;298;879;112654;98644;78.9;69.1
15;2021-08-20;601;1215;113255;99859;79.3;69.9
15;2021-08-21;217;866;113472;100725;79.5;70.5
15;2021-08-22;12;26;113484;100751;79.5;70.5
15;2021-08-23;227;611;113711;101362;79.6;71.0
15;2021-08-24;245;589;113956;101951;79.8;71.4
15;2021-08-25;150;492;114106;102443;79.9;71.7
15;2021-08-26;136;362;114242;102805;80.0;72.0
15;2021-08-27;365;1337;114607;104142;80.3;72.9
15;2021-08-28;213;857;114820;104999;80.4;73.5
15;2021-08-29;7;13;114827;105012;80.4;73.5
15;2021-08-30;223;1062;115050;106074;80.6;74.3
15;2021-08-31;402;664;115452;106738;80.8;74.7
15;2021-09-01;181;445;115633;107183;81.0;75.1
15;2021-09-02;91;275;115724;107458;81.0;75.2
15;2021-09-03;201;1006;115925;108464;81.2;75.9
15;2021-09-04;150;422;116075;108886;81.3;76.2
15;2021-09-05;0;2;116075;108888;81.3;76.2
15;2021-09-06;98;491;116173;109379;81.3;76.6
15;2021-09-07;89;269;116262;109648;81.4;76.8
15;2021-09-08;182;612;116444;110260;81.5;77.2
16;2020-12-27;0;0;0;0;0.0;0.0
16;2020-12-28;2;0;2;0;0.0;0.0
16;2020-12-29;0;0;2;0;0.0;0.0
16;2020-12-30;1;0;3;0;0.0;0.0
16;2020-12-31;0;0;3;0;0.0;0.0
16;2021-01-01;0;0;3;0;0.0;0.0
16;2021-01-02;0;0;3;0;0.0;0.0
16;2021-01-03;0;0;3;0;0.0;0.0
16;2021-01-04;1;0;4;0;0.0;0.0
16;2021-01-05;1;0;5;0;0.0;0.0
16;2021-01-06;88;0;93;0;0.0;0.0
16;2021-01-07;240;0;333;0;0.1;0.0
16;2021-01-08;465;2;798;2;0.2;0.0
16;2021-01-09;1;0;799;2;0.2;0.0
16;2021-01-10;1;0;800;2;0.2;0.0
16;2021-01-11;304;0;1104;2;0.3;0.0
16;2021-01-12;437;1;1541;3;0.4;0.0
16;2021-01-13;480;0;2021;3;0.6;0.0
16;2021-01-14;600;7;2621;10;0.8;0.0
16;2021-01-15;504;3;3125;13;0.9;0.0
16;2021-01-16;0;0;3125;13;0.9;0.0
16;2021-01-17;0;0;3125;13;0.9;0.0
16;2021-01-18;431;4;3556;17;1.0;0.0
16;2021-01-19;833;2;4389;19;1.3;0.0
16;2021-01-20;1185;2;5574;21;1.6;0.0
16;2021-01-21;1372;3;6946;24;2.0;0.0
16;2021-01-22;1114;0;8060;24;2.3;0.0
16;2021-01-23;183;0;8243;24;2.4;0.0
16;2021-01-24;0;0;8243;24;2.4;0.0
16;2021-01-25;641;2;8884;26;2.6;0.0
16;2021-01-26;1026;1;9910;27;2.8;0.0
16;2021-01-27;1406;105;11316;132;3.3;0.0
16;2021-01-28;1261;54;12577;186;3.6;0.1
16;2021-01-29;742;136;13319;322;3.8;0.1
16;2021-01-30;36;0;13355;322;3.8;0.1
16;2021-01-31;0;0;13355;322;3.8;0.1
16;2021-02-01;394;199;13749;521;3.9;0.1
16;2021-02-02;576;172;14325;693;4.1;0.2
16;2021-02-03;621;343;14946;1036;4.3;0.3
16;2021-02-04;464;260;15410;1296;4.4;0.4
16;2021-02-05;505;264;15915;1560;4.6;0.4
16;2021-02-06;3;80;15918;1640;4.6;0.5
16;2021-02-07;41;3;15959;1643;4.6;0.5
16;2021-02-08;356;190;16315;1833;4.7;0.5
16;2021-02-09;649;266;16964;2099;4.9;0.6
16;2021-02-10;693;667;17657;2766;5.1;0.8
16;2021-02-11;800;573;18457;3339;5.3;1.0
16;2021-02-12;623;804;19080;4143;5.5;1.2
16;2021-02-13;43;78;19123;4221;5.5;1.2
16;2021-02-14;2;7;19125;4228;5.5;1.2
16;2021-02-15;216;604;19341;4832;5.6;1.4
16;2021-02-16;374;845;19715;5677;5.7;1.6
16;2021-02-17;347;1206;20062;6883;5.8;2.0
16;2021-02-18;511;1121;20573;8004;5.9;2.3
16;2021-02-19;389;684;20962;8688;6.0;2.5
16;2021-02-20;2;8;20964;8696;6.0;2.5
16;2021-02-21;2;0;20966;8696;6.0;2.5
16;2021-02-22;136;448;21102;9144;6.1;2.6
16;2021-02-23;205;758;21307;9902;6.1;2.8
16;2021-02-24;274;818;21581;10720;6.2;3.1
16;2021-02-25;395;604;21976;11324;6.3;3.3
16;2021-02-26;479;443;22455;11767;6.4;3.4
16;2021-02-27;249;1;22704;11768;6.5;3.4
16;2021-02-28;5;5;22709;11773;6.5;3.4
16;2021-03-01;152;271;22861;12044;6.6;3.5
16;2021-03-02;272;579;23133;12623;6.6;3.6
16;2021-03-03;391;668;23524;13291;6.8;3.8
16;2021-03-04;804;535;24328;13826;7.0;4.0
16;2021-03-05;1143;510;25471;14336;7.3;4.1
16;2021-03-06;751;14;26222;14350;7.5;4.1
16;2021-03-07;94;18;26316;14368;7.6;4.1
16;2021-03-08;438;300;26754;14668;7.7;4.2
16;2021-03-09;774;657;27528;15325;7.9;4.4
16;2021-03-10;606;650;28134;15975;8.1;4.6
16;2021-03-11;1447;529;29581;16504;8.5;4.7
16;2021-03-12;1164;455;30745;16959;8.8;4.9
16;2021-03-13;765;14;31510;16973;9.0;4.9
16;2021-03-14;1;0;31511;16973;9.1;4.9
16;2021-03-15;462;180;31973;17153;9.2;4.9
16;2021-03-16;860;412;32833;17565;9.4;5.0
16;2021-03-17;590;280;33423;17845;9.6;5.1
16;2021-03-18;1033;276;34456;18121;9.9;5.2
16;2021-03-19;1101;247;35557;18368;10.2;5.3
16;2021-03-20;396;5;35953;18373;10.3;5.3
16;2021-03-21;9;0;35962;18373;10.3;5.3
16;2021-03-22;728;100;36690;18473;10.5;5.3
16;2021-03-23;1464;102;38154;18575;11.0;5.3
16;2021-03-24;1119;183;39273;18758;11.3;5.4
16;2021-03-25;2047;89;41320;18847;11.9;5.4
16;2021-03-26;1916;98;43236;18945;12.4;5.4
16;2021-03-27;433;21;43669;18966;12.5;5.4
16;2021-03-28;0;0;43669;18966;12.5;5.4
16;2021-03-29;925;60;44594;19026;12.8;5.5
16;2021-03-30;1884;180;46478;19206;13.3;5.5
16;2021-03-31;1514;134;47992;19340;13.8;5.6
16;2021-04-01;2009;399;50001;19739;14.4;5.7
16;2021-04-02;1442;378;51443;20117;14.8;5.8
16;2021-04-03;288;5;51731;20122;14.9;5.8
16;2021-04-04;1;0;51732;20122;14.9;5.8
16;2021-04-05;2;0;51734;20122;14.9;5.8
16;2021-04-06;2013;545;53747;20667;15.4;5.9
16;2021-04-07;1954;404;55701;21071;16.0;6.1
16;2021-04-08;2823;583;58524;21654;16.8;6.2
16;2021-04-09;2695;554;61219;22208;17.6;6.4
16;2021-04-10;1291;37;62510;22245;18.0;6.4
16;2021-04-11;2;0;62512;22245;18.0;6.4
16;2021-04-12;1431;316;63943;22561;18.4;6.5
16;2021-04-13;2124;838;66067;23399;19.0;6.7
16;2021-04-14;1951;631;68018;24030;19.5;6.9
16;2021-04-15;2103;984;70121;25014;20.1;7.2
16;2021-04-16;2045;788;72166;25802;20.7;7.4
16;2021-04-17;1507;92;73673;25894;21.2;7.4
16;2021-04-18;197;3;73870;25897;21.2;7.4
16;2021-04-19;1440;524;75310;26421;21.6;7.6
16;2021-04-20;2055;1231;77365;27652;22.2;7.9
16;2021-04-21;1777;750;79142;28402;22.7;8.2
16;2021-04-22;2291;1005;81433;29407;23.4;8.4
16;2021-04-23;2364;1172;83797;30579;24.1;8.8
16;2021-04-24;829;38;84626;30617;24.3;8.8
16;2021-04-25;117;5;84743;30622;24.3;8.8
16;2021-04-26;1400;808;86143;31430;24.7;9.0
16;2021-04-27;2057;1416;88200;32846;25.3;9.4
16;2021-04-28;1591;1127;89791;33973;25.8;9.8
16;2021-04-29;2250;1484;92041;35457;26.4;10.2
16;2021-04-30;2856;1339;94897;36796;27.3;10.6
16;2021-05-01;353;60;95250;36856;27.4;10.6
16;2021-05-02;155;13;95405;36869;27.4;10.6
16;2021-05-03;2610;534;98015;37403;28.2;10.7
16;2021-05-04;2061;2046;100076;39449;28.7;11.3
16;2021-05-05;1688;1829;101764;41278;29.2;11.9
16;2021-05-06;1888;2239;103652;43517;29.8;12.5
16;2021-05-07;3071;2117;106723;45634;30.7;13.1
16;2021-05-08;1197;468;107920;46102;31.0;13.2
16;2021-05-09;530;27;108450;46129;31.1;13.2
16;2021-05-10;1930;1625;110380;47754;31.7;13.7
16;2021-05-11;2354;1963;112734;49717;32.4;14.3
16;2021-05-12;1734;1799;114468;51516;32.9;14.8
16;2021-05-13;1461;355;115929;51871;33.3;14.9
16;2021-05-14;1989;1555;117918;53426;33.9;15.3
16;2021-05-15;596;896;118514;54322;34.0;15.6
16;2021-05-16;132;6;118646;54328;34.1;15.6
16;2021-05-17;1609;1286;120255;55614;34.5;16.0
16;2021-05-18;2759;1422;123014;57036;35.3;16.4
16;2021-05-19;2006;1240;125020;58276;35.9;16.7
16;2021-05-20;2833;1389;127853;59665;36.7;17.1
16;2021-05-21;2944;1398;130797;61063;37.6;17.5
16;2021-05-22;412;711;131209;61774;37.7;17.7
16;2021-05-23;210;11;131419;61785;37.7;17.7
16;2021-05-24;1263;234;132682;62019;38.1;17.8
16;2021-05-25;2759;1462;135441;63481;38.9;18.2
16;2021-05-26;1835;1187;137276;64668;39.4;18.6
16;2021-05-27;2418;1581;139694;66249;40.1;19.0
16;2021-05-28;2899;1563;142593;67812;41.0;19.5
16;2021-05-29;814;883;143407;68695;41.2;19.7
16;2021-05-30;1;4;143408;68699;41.2;19.7
16;2021-05-31;1984;1102;145392;69801;41.8;20.0
16;2021-06-01;2344;1713;147736;71514;42.4;20.5
16;2021-06-02;1822;1503;149558;73017;43.0;21.0
16;2021-06-03;2623;1758;152181;74775;43.7;21.5
16;2021-06-04;2834;2028;155015;76803;44.5;22.1
16;2021-06-05;1006;549;156021;77352;44.8;22.2
16;2021-06-06;161;29;156182;77381;44.9;22.2
16;2021-06-07;1991;1281;158173;78662;45.4;22.6
16;2021-06-08;2395;1995;160568;80657;46.1;23.2
16;2021-06-09;2529;1616;163097;82273;46.8;23.6
16;2021-06-10;2571;2001;165668;84274;47.6;24.2
16;2021-06-11;2152;2731;167820;87005;48.2;25.0
16;2021-06-12;1614;517;169434;87522;48.7;25.1
16;2021-06-13;261;72;169695;87594;48.7;25.2
16;2021-06-14;797;2794;170492;90388;49.0;26.0
16;2021-06-15;1866;2623;172358;93011;49.5;26.7
16;2021-06-16;1576;2086;173934;95097;50.0;27.3
16;2021-06-17;2041;2500;175975;97597;50.5;28.0
16;2021-06-18;2061;3218;178036;100815;51.1;29.0
16;2021-06-19;1352;1311;179388;102126;51.5;29.3
16;2021-06-20;243;28;179631;102154;51.6;29.3
16;2021-06-21;1411;2170;181042;104324;52.0;30.0
16;2021-06-22;1675;2943;182717;107267;52.5;30.8
16;2021-06-23;1565;2018;184282;109285;52.9;31.4
16;2021-06-24;1927;2167;186209;111452;53.5;32.0
16;2021-06-25;1983;2725;188192;114177;54.1;32.8
16;2021-06-26;1061;725;189253;114902;54.4;33.0
16;2021-06-27;132;25;189385;114927;54.4;33.0
16;2021-06-28;1164;1965;190549;116892;54.7;33.6
16;2021-06-29;1282;3358;191831;120250;55.1;34.5
16;2021-06-30;1337;2713;193168;122963;55.5;35.3
16;2021-07-01;1863;3157;195031;126120;56.0;36.2
16;2021-07-02;1424;3581;196455;129701;56.4;37.3
16;2021-07-03;694;1111;197149;130812;56.6;37.6
16;2021-07-04;3;15;197152;130827;56.6;37.6
16;2021-07-05;815;2298;197967;133125;56.9;38.2
16;2021-07-06;1278;3366;199245;136491;57.2;39.2
16;2021-07-07;871;2274;200116;138765;57.5;39.9
16;2021-07-08;1234;2732;201350;141497;57.8;40.6
16;2021-07-09;1111;3708;202461;145205;58.1;41.7
16;2021-07-10;338;1338;202799;146543;58.2;42.1
16;2021-07-11;2;13;202801;146556;58.2;42.1
16;2021-07-12;634;2436;203435;148992;58.4;42.8
16;2021-07-13;1392;3530;204827;152522;58.8;43.8
16;2021-07-14;799;877;205626;153399;59.1;44.1
16;2021-07-15;1250;3407;206876;156806;59.4;45.0
16;2021-07-16;1498;3384;208374;160190;59.8;46.0
16;2021-07-17;538;1188;208912;161378;60.0;46.3
16;2021-07-18;14;6;208926;161384;60.0;46.4
16;2021-07-19;618;2856;209544;164240;60.2;47.2
16;2021-07-20;1125;3285;210669;167525;60.5;48.1
16;2021-07-21;1118;2618;211787;170143;60.8;48.9
16;2021-07-22;1871;2859;213658;173002;61.4;49.7
16;2021-07-23;1553;3544;215211;176546;61.8;50.7
16;2021-07-24;639;1208;215850;177754;62.0;51.1
16;2021-07-25;11;11;215861;177765;62.0;51.1
16;2021-07-26;1530;2128;217391;179893;62.4;51.7
16;2021-07-27;1868;2817;219259;182710;63.0;52.5
16;2021-07-28;1863;2319;221122;185029;63.5;53.1
16;2021-07-29;2244;2474;223366;187503;64.2;53.9
16;2021-07-30;2357;3104;225723;190607;64.8;54.7
16;2021-07-31;960;1354;226683;191961;65.1;55.1
16;2021-08-01;192;22;226875;191983;65.2;55.1
16;2021-08-02;2121;1828;228996;193811;65.8;55.7
16;2021-08-03;2124;2327;231120;196138;66.4;56.3
16;2021-08-04;2120;1885;233240;198023;67.0;56.9
16;2021-08-05;2768;1655;236008;199678;67.8;57.3
16;2021-08-06;2508;2368;238516;202046;68.5;58.0
16;2021-08-07;831;562;239347;202608;68.7;58.2
16;2021-08-08;36;34;239383;202642;68.8;58.2
16;2021-08-09;2180;1062;241563;203704;69.4;58.5
16;2021-08-10;2887;1587;244450;205291;70.2;59.0
16;2021-08-11;2604;1232;247054;206523;71.0;59.3
16;2021-08-12;1999;1738;249053;208261;71.5;59.8
16;2021-08-13;2686;1467;251739;209728;72.3;60.2
16;2021-08-14;757;453;252496;210181;72.5;60.4
16;2021-08-15;27;4;252523;210185;72.5;60.4
16;2021-08-16;1338;1581;253861;211766;72.9;60.8
16;2021-08-17;1823;1626;255684;213392;73.4;61.3
16;2021-08-18;1590;1469;257274;214861;73.9;61.7
16;2021-08-19;1512;1775;258786;216636;74.3;62.2
16;2021-08-20;1600;1902;260386;218538;74.8;62.8
16;2021-08-21;558;827;260944;219365;74.9;63.0
16;2021-08-22;4;5;260948;219370;74.9;63.0
16;2021-08-23;989;2065;261937;221435;75.2;63.6
16;2021-08-24;1038;2375;262975;223810;75.5;64.3
16;2021-08-25;882;1780;263857;225590;75.8;64.8
16;2021-08-26;871;2528;264728;228118;76.0;65.5
16;2021-08-27;851;2406;265579;230524;76.3;66.2
16;2021-08-28;260;770;265839;231294;76.4;66.4
16;2021-08-29;2;16;265841;231310;76.4;66.4
16;2021-08-30;639;2396;266480;233706;76.5;67.1
16;2021-08-31;667;2632;267147;236338;76.7;67.9
16;2021-09-01;467;2540;267614;238878;76.9;68.6
16;2021-09-02;540;2365;268154;241243;77.0;69.3
16;2021-09-03;539;2812;268693;244055;77.2;70.1
16;2021-09-04;361;963;269054;245018;77.3;70.4
16;2021-09-05;5;29;269059;245047;77.3;70.4
16;2021-09-06;315;1759;269374;246806;77.4;70.9
16;2021-09-07;350;1989;269724;248795;77.5;71.5
16;2021-09-08;387;2212;270111;251007;77.6;72.1
17;2020-12-27;0;0;0;0;0.0;0.0
17;2020-12-28;0;0;0;0;0.0;0.0
17;2020-12-29;0;0;0;0;0.0;0.0
17;2020-12-30;1;0;1;0;0.0;0.0
17;2020-12-31;0;0;1;0;0.0;0.0
17;2021-01-01;1;0;2;0;0.0;0.0
17;2021-01-02;1;0;3;0;0.0;0.0
17;2021-01-03;0;0;3;0;0.0;0.0
17;2021-01-04;56;0;59;0;0.0;0.0
17;2021-01-05;98;0;157;0;0.0;0.0
17;2021-01-06;132;0;289;0;0.0;0.0
17;2021-01-07;485;1;774;1;0.1;0.0
17;2021-01-08;418;0;1192;1;0.2;0.0
17;2021-01-09;0;0;1192;1;0.2;0.0
17;2021-01-10;1;0;1193;1;0.2;0.0
17;2021-01-11;381;1;1574;2;0.2;0.0
17;2021-01-12;749;1;2323;3;0.4;0.0
17;2021-01-13;654;2;2977;5;0.5;0.0
17;2021-01-14;617;9;3594;14;0.6;0.0
17;2021-01-15;681;1;4275;15;0.7;0.0
17;2021-01-16;129;2;4404;17;0.7;0.0
17;2021-01-17;19;0;4423;17;0.7;0.0
17;2021-01-18;886;2;5309;19;0.8;0.0
17;2021-01-19;1910;3;7219;22;1.1;0.0
17;2021-01-20;2394;2;9613;24;1.5;0.0
17;2021-01-21;2499;3;12112;27;1.9;0.0
17;2021-01-22;1892;6;14004;33;2.2;0.0
17;2021-01-23;738;1;14742;34;2.3;0.0
17;2021-01-24;48;0;14790;34;2.3;0.0
17;2021-01-25;1383;5;16173;39;2.5;0.0
17;2021-01-26;2110;3;18283;42;2.8;0.0
17;2021-01-27;1675;32;19958;74;3.1;0.0
17;2021-01-28;2474;225;22432;299;3.5;0.0
17;2021-01-29;1739;218;24171;517;3.7;0.1
17;2021-01-30;528;3;24699;520;3.8;0.1
17;2021-01-31;37;2;24736;522;3.8;0.1
17;2021-02-01;740;190;25476;712;3.9;0.1
17;2021-02-02;1202;335;26678;1047;4.1;0.2
17;2021-02-03;1296;388;27974;1435;4.3;0.2
17;2021-02-04;1162;446;29136;1881;4.5;0.3
17;2021-02-05;603;709;29739;2590;4.6;0.4
17;2021-02-06;23;41;29762;2631;4.6;0.4
17;2021-02-07;31;13;29793;2644;4.6;0.4
17;2021-02-08;706;371;30499;3015;4.7;0.5
17;2021-02-09;1101;1275;31600;4290;4.9;0.7
17;2021-02-10;865;1245;32465;5535;5.0;0.9
17;2021-02-11;1242;1334;33707;6869;5.2;1.1
17;2021-02-12;771;906;34478;7775;5.3;1.2
17;2021-02-13;43;98;34521;7873;5.3;1.2
17;2021-02-14;1;10;34522;7883;5.3;1.2
17;2021-02-15;621;1033;35143;8916;5.4;1.4
17;2021-02-16;749;1632;35892;10548;5.5;1.6
17;2021-02-17;795;1138;36687;11686;5.7;1.8
17;2021-02-18;965;2001;37652;13687;5.8;2.1
17;2021-02-19;1067;1392;38719;15079;6.0;2.3
17;2021-02-20;105;275;38824;15354;6.0;2.4
17;2021-02-21;9;2;38833;15356;6.0;2.4
17;2021-02-22;647;1466;39480;16822;6.1;2.6
17;2021-02-23;781;1376;40261;18198;6.2;2.8
17;2021-02-24;1080;1436;41341;19634;6.4;3.0
17;2021-02-25;1087;1564;42428;21198;6.6;3.3
17;2021-02-26;1307;1164;43735;22362;6.8;3.5
17;2021-02-27;527;232;44262;22594;6.8;3.5
17;2021-02-28;19;9;44281;22603;6.8;3.5
17;2021-03-01;634;974;44915;23577;6.9;3.6
17;2021-03-02;1094;806;46009;24383;7.1;3.8
17;2021-03-03;1618;743;47627;25126;7.4;3.9
17;2021-03-04;2426;1068;50053;26194;7.7;4.0
17;2021-03-05;2663;625;52716;26819;8.1;4.1
17;2021-03-06;1029;28;53745;26847;8.3;4.1
17;2021-03-07;183;47;53928;26894;8.3;4.2
17;2021-03-08;1017;811;54945;27705;8.5;4.3
17;2021-03-09;1745;597;56690;28302;8.8;4.4
17;2021-03-10;2047;635;58737;28937;9.1;4.5
17;2021-03-11;3226;989;61963;29926;9.6;4.6
17;2021-03-12;3356;621;65319;30547;10.1;4.7
17;2021-03-13;1202;11;66521;30558;10.3;4.7
17;2021-03-14;32;0;66553;30558;10.3;4.7
17;2021-03-15;1241;984;67794;31542;10.5;4.9
17;2021-03-16;893;531;68687;32073;10.6;5.0
17;2021-03-17;1460;700;70147;32773;10.8;5.1
17;2021-03-18;1683;762;71830;33535;11.1;5.2
17;2021-03-19;2096;543;73926;34078;11.4;5.3
17;2021-03-20;1084;57;75010;34135;11.6;5.3
17;2021-03-21;37;41;75047;34176;11.6;5.3
17;2021-03-22;1578;687;76625;34863;11.8;5.4
17;2021-03-23;2491;580;79116;35443;12.2;5.5
17;2021-03-24;3545;850;82661;36293;12.8;5.6
17;2021-03-25;4712;641;87373;36934;13.5;5.7
17;2021-03-26;4944;473;92317;37407;14.3;5.8
17;2021-03-27;1737;68;94054;37475;14.5;5.8
17;2021-03-28;369;45;94423;37520;14.6;5.8
17;2021-03-29;2361;565;96784;38085;15.0;5.9
17;2021-03-30;2656;979;99440;39064;15.4;6.0
17;2021-03-31;3843;903;103283;39967;16.0;6.2
17;2021-04-01;4014;1163;107297;41130;16.6;6.4
17;2021-04-02;3709;836;111006;41966;17.2;6.5
17;2021-04-03;1152;187;112158;42153;17.3;6.5
17;2021-04-04;501;6;112659;42159;17.4;6.5
17;2021-04-05;445;128;113104;42287;17.5;6.5
17;2021-04-06;3481;1028;116585;43315;18.0;6.7
17;2021-04-07;4130;1154;120715;44469;18.7;6.9
17;2021-04-08;4570;1478;125285;45947;19.4;7.1
17;2021-04-09;6497;843;131782;46790;20.4;7.2
17;2021-04-10;2583;68;134365;46858;20.8;7.2
17;2021-04-11;788;16;135153;46874;20.9;7.2
17;2021-04-12;2889;1611;138042;48485;21.3;7.5
17;2021-04-13;4151;1287;142193;49772;22.0;7.7
17;2021-04-14;4419;1205;146612;50977;22.7;7.9
17;2021-04-15;4600;1136;151212;52113;23.4;8.1
17;2021-04-16;4298;1154;155510;53267;24.0;8.2
17;2021-04-17;1682;382;157192;53649;24.3;8.3
17;2021-04-18;472;81;157664;53730;24.4;8.3
17;2021-04-19;2339;2057;160003;55787;24.7;8.6
17;2021-04-20;2928;2552;162931;58339;25.2;9.0
17;2021-04-21;2973;1941;165904;60280;25.6;9.3
17;2021-04-22;3122;2361;169026;62641;26.1;9.7
17;2021-04-23;2447;2728;171473;65369;26.5;10.1
17;2021-04-24;1669;925;173142;66294;26.8;10.2
17;2021-04-25;665;246;173807;66540;26.9;10.3
17;2021-04-26;2578;2624;176385;69164;27.3;10.7
17;2021-04-27;3151;2668;179536;71832;27.7;11.1
17;2021-04-28;3103;2927;182639;74759;28.2;11.6
17;2021-04-29;4149;2856;186788;77615;28.9;12.0
17;2021-04-30;4356;2630;191144;80245;29.5;12.4
17;2021-05-01;849;541;191993;80786;29.7;12.5
17;2021-05-02;553;839;192546;81625;29.8;12.6
17;2021-05-03;2542;2956;195088;84581;30.1;13.1
17;2021-05-04;2317;3721;197405;88302;30.5;13.6
17;2021-05-05;2909;3699;200314;92001;31.0;14.2
17;2021-05-06;4121;3401;204435;95402;31.6;14.7
17;2021-05-07;4357;3622;208792;99024;32.3;15.3
17;2021-05-08;1306;752;210098;99776;32.5;15.4
17;2021-05-09;1310;705;211408;100481;32.7;15.5
17;2021-05-10;2726;3688;214134;104169;33.1;16.1
17;2021-05-11;3500;3990;217634;108159;33.6;16.7
17;2021-05-12;3532;3803;221166;111962;34.2;17.3
17;2021-05-13;2545;693;223711;112655;34.6;17.4
17;2021-05-14;3032;2396;226743;115051;35.0;17.8
17;2021-05-15;2128;657;228871;115708;35.4;17.9
17;2021-05-16;1734;318;230605;116026;35.6;17.9
17;2021-05-17;4288;1998;234893;118024;36.3;18.2
17;2021-05-18;4746;1637;239639;119661;37.0;18.5
17;2021-05-19;5070;1281;244709;120942;37.8;18.7
17;2021-05-20;4943;1945;249652;122887;38.6;19.0
17;2021-05-21;4998;1951;254650;124838;39.4;19.3
17;2021-05-22;2392;532;257042;125370;39.7;19.4
17;2021-05-23;1899;128;258941;125498;40.0;19.4
17;2021-05-24;1426;210;260367;125708;40.2;19.4
17;2021-05-25;4030;1770;264397;127478;40.9;19.7
17;2021-05-26;4367;2038;268764;129516;41.5;20.0
17;2021-05-27;5216;2136;273980;131652;42.3;20.3
17;2021-05-28;4468;3429;278448;135081;43.0;20.9
17;2021-05-29;1561;1702;280009;136783;43.3;21.1
17;2021-05-30;857;411;280866;137194;43.4;21.2
17;2021-05-31;2946;3011;283812;140205;43.9;21.7
17;2021-06-01;4296;2923;288108;143128;44.5;22.1
17;2021-06-02;4202;3171;292310;146299;45.2;22.6
17;2021-06-03;5055;3155;297365;149454;46.0;23.1
17;2021-06-04;4516;3850;301881;153304;46.7;23.7
17;2021-06-05;1991;1597;303872;154901;47.0;23.9
17;2021-06-06;851;733;304723;155634;47.1;24.1
17;2021-06-07;3139;4340;307862;159974;47.6;24.7
17;2021-06-08;3790;4496;311652;164470;48.2;25.4
17;2021-06-09;4346;3052;315998;167522;48.8;25.9
17;2021-06-10;4929;2791;320927;170313;49.6;26.3
17;2021-06-11;4794;3685;325721;173998;50.3;26.9
17;2021-06-12;1812;1392;327533;175390;50.6;27.1
17;2021-06-13;612;415;328145;175805;50.7;27.2
17;2021-06-14;2834;4537;330979;180342;51.1;27.9
17;2021-06-15;3623;4377;334602;184719;51.7;28.5
17;2021-06-16;4132;3691;338734;188410;52.3;29.1
17;2021-06-17;4368;4113;343102;192523;53.0;29.8
17;2021-06-18;4055;4439;347157;196962;53.6;30.4
17;2021-06-19;1450;1989;348607;198951;53.9;30.7
17;2021-06-20;595;1035;349202;199986;54.0;30.9
17;2021-06-21;2562;4373;351764;204359;54.4;31.6
17;2021-06-22;3530;4451;355294;208810;54.9;32.3
17;2021-06-23;3796;3993;359090;212803;55.5;32.9
17;2021-06-24;3600;3954;362690;216757;56.1;33.5
17;2021-06-25;2719;4987;365409;221744;56.5;34.3
17;2021-06-26;906;2335;366315;224079;56.6;34.6
17;2021-06-27;396;1902;366711;225981;56.7;34.9
17;2021-06-28;1523;5414;368234;231395;56.9;35.8
17;2021-06-29;1684;5894;369918;237289;57.2;36.7
17;2021-06-30;2029;5547;371947;242836;57.5;37.5
17;2021-07-01;2265;5559;374212;248395;57.8;38.4
17;2021-07-02;2487;5983;376699;254378;58.2;39.3
17;2021-07-03;627;2545;377326;256923;58.3;39.7
17;2021-07-04;155;1250;377481;258173;58.3;39.9
17;2021-07-05;1891;5179;379372;263352;58.6;40.7
17;2021-07-06;2133;5600;381505;268952;59.0;41.6
17;2021-07-07;2408;5497;383913;274449;59.3;42.4
17;2021-07-08;2915;5443;386828;279892;59.8;43.3
17;2021-07-09;2526;6072;389354;285964;60.2;44.2
17;2021-07-10;828;2473;390182;288437;60.3;44.6
17;2021-07-11;380;907;390562;289344;60.4;44.7
17;2021-07-12;2007;5619;392569;294963;60.7;45.6
17;2021-07-13;2373;6719;394942;301682;61.0;46.6
17;2021-07-14;71;71;395013;301753;61.0;46.6
17;2021-07-15;2191;6861;397204;308614;61.4;47.7
17;2021-07-16;2779;6968;399983;315582;61.8;48.8
17;2021-07-17;1051;2275;401034;317857;62.0;49.1
17;2021-07-18;313;1037;401347;318894;62.0;49.3
17;2021-07-19;2635;5910;403982;324804;62.4;50.2
17;2021-07-20;3320;6313;407302;331117;62.9;51.2
17;2021-07-21;3803;6026;411105;337143;63.5;52.1
17;2021-07-22;4251;6274;415356;343417;64.2;53.1
17;2021-07-23;3899;6568;419255;349985;64.8;54.1
17;2021-07-24;2068;1400;421323;351385;65.1;54.3
17;2021-07-25;1043;416;422366;351801;65.3;54.4
17;2021-07-26;3740;5424;426106;357225;65.9;55.2
17;2021-07-27;4730;5438;430836;362663;66.6;56.0
17;2021-07-28;5217;5172;436053;367835;67.4;56.8
17;2021-07-29;5167;5342;441220;373177;68.2;57.7
17;2021-07-30;5508;5567;446728;378744;69.0;58.5
17;2021-07-31;2119;1213;448847;379957;69.4;58.7
17;2021-08-01;1095;359;449942;380316;69.5;58.8
17;2021-08-02;4621;4392;454563;384708;70.2;59.5
17;2021-08-03;5764;4163;460327;388871;71.1;60.1
17;2021-08-04;6195;3376;466522;392247;72.1;60.6
17;2021-08-05;6385;3149;472907;395396;73.1;61.1
17;2021-08-06;5890;3603;478797;398999;74.0;61.7
17;2021-08-07;1987;869;480784;399868;74.3;61.8
17;2021-08-08;977;219;481761;400087;74.5;61.8
17;2021-08-09;3921;3696;485682;403783;75.1;62.4
17;2021-08-10;5078;3491;490760;407274;75.8;62.9
17;2021-08-11;4911;3810;495671;411084;76.6;63.5
17;2021-08-12;4890;3958;500561;415042;77.4;64.1
17;2021-08-13;4515;4145;505076;419187;78.1;64.8
17;2021-08-14;1238;1385;506314;420572;78.2;65.0
17;2021-08-15;406;376;506720;420948;78.3;65.1
17;2021-08-16;2838;4066;509558;425014;78.7;65.7
17;2021-08-17;3041;4289;512599;429303;79.2;66.3
17;2021-08-18;2618;4550;515217;433853;79.6;67.0
17;2021-08-19;2718;4376;517935;438229;80.0;67.7
17;2021-08-20;2478;5027;520413;443256;80.4;68.5
17;2021-08-21;683;1354;521096;444610;80.5;68.7
17;2021-08-22;215;457;521311;445067;80.6;68.8
17;2021-08-23;1976;4954;523287;450021;80.9;69.5
17;2021-08-24;1936;5094;525223;455115;81.2;70.3
17;2021-08-25;1656;5504;526879;460619;81.4;71.2
17;2021-08-26;1599;5761;528478;466380;81.7;72.1
17;2021-08-27;1543;5950;530021;472330;81.9;73.0
17;2021-08-28;517;1453;530538;473783;82.0;73.2
17;2021-08-29;87;575;530625;474358;82.0;73.3
17;2021-08-30;1425;5110;532050;479468;82.2;74.1
17;2021-08-31;1325;5348;533375;484816;82.4;74.9
17;2021-09-01;1193;5113;534568;489929;82.6;75.7
17;2021-09-02;1134;4549;535702;494478;82.8;76.4
17;2021-09-03;1157;5333;536859;499811;83.0;77.2
17;2021-09-04;281;971;537140;500782;83.0;77.4
17;2021-09-05;53;138;537193;500920;83.0;77.4
17;2021-09-06;720;3727;537913;504647;83.1;78.0
17;2021-09-07;706;3266;538619;507913;83.2;78.5
17;2021-09-08;819;4144;539438;512057;83.4;79.1
18;2020-12-27;0;0;0;0;0.0;0.0
18;2020-12-28;0;0;0;0;0.0;0.0
18;2020-12-29;0;0;0;0;0.0;0.0
18;2020-12-30;1;0;1;0;0.0;0.0
18;2020-12-31;0;0;1;0;0.0;0.0
18;2021-01-01;0;0;1;0;0.0;0.0
18;2021-01-02;0;0;1;0;0.0;0.0
18;2021-01-03;0;0;1;0;0.0;0.0
18;2021-01-04;3;0;4;0;0.0;0.0
18;2021-01-05;0;0;4;0;0.0;0.0
18;2021-01-06;1;0;5;0;0.0;0.0
18;2021-01-07;30;1;35;1;0.0;0.0
18;2021-01-08;65;0;100;1;0.0;0.0
18;2021-01-09;225;0;325;1;0.1;0.0
18;2021-01-10;146;0;471;1;0.2;0.0
18;2021-01-11;170;1;641;2;0.2;0.0
18;2021-01-12;372;0;1013;2;0.3;0.0
18;2021-01-13;270;1;1283;3;0.4;0.0
18;2021-01-14;269;2;1552;5;0.5;0.0
18;2021-01-15;332;2;1884;7;0.6;0.0
18;2021-01-16;288;3;2172;10;0.7;0.0
18;2021-01-17;1;0;2173;10;0.7;0.0
18;2021-01-18;291;0;2464;10;0.8;0.0
18;2021-01-19;1374;2;3838;12;1.3;0.0
18;2021-01-20;1239;2;5077;14;1.7;0.0
18;2021-01-21;965;0;6042;14;2.0;0.0
18;2021-01-22;780;2;6822;16;2.3;0.0
18;2021-01-23;249;2;7071;18;2.4;0.0
18;2021-01-24;0;0;7071;18;2.4;0.0
18;2021-01-25;509;0;7580;18;2.6;0.0
18;2021-01-26;395;1;7975;19;2.7;0.0
18;2021-01-27;390;2;8365;21;2.8;0.0
18;2021-01-28;566;8;8931;29;3.0;0.0
18;2021-01-29;491;72;9422;101;3.2;0.0
18;2021-01-30;432;141;9854;242;3.3;0.1
18;2021-01-31;82;102;9936;344;3.4;0.1
18;2021-02-01;328;123;10264;467;3.5;0.2
18;2021-02-02;507;232;10771;699;3.6;0.2
18;2021-02-03;398;203;11169;902;3.8;0.3
18;2021-02-04;630;226;11799;1128;4.0;0.4
18;2021-02-05;448;185;12247;1313;4.1;0.4
18;2021-02-06;283;92;12530;1405;4.2;0.5
18;2021-02-07;108;1;12638;1406;4.3;0.5
18;2021-02-08;268;199;12906;1605;4.4;0.5
18;2021-02-09;583;770;13489;2375;4.6;0.8
18;2021-02-10;741;672;14230;3047;4.8;1.0
18;2021-02-11;655;430;14885;3477;5.0;1.2
18;2021-02-12;502;312;15387;3789;5.2;1.3
18;2021-02-13;286;109;15673;3898;5.3;1.3
18;2021-02-14;364;97;16037;3995;5.4;1.3
18;2021-02-15;378;329;16415;4324;5.5;1.5
18;2021-02-16;399;351;16814;4675;5.7;1.6
18;2021-02-17;403;406;17217;5081;5.8;1.7
18;2021-02-18;344;480;17561;5561;5.9;1.9
18;2021-02-19;472;260;18033;5821;6.1;2.0
18;2021-02-20;721;206;18754;6027;6.3;2.0
18;2021-02-21;316;4;19070;6031;6.4;2.0
18;2021-02-22;217;316;19287;6347;6.5;2.1
18;2021-02-23;204;294;19491;6641;6.6;2.2
18;2021-02-24;241;221;19732;6862;6.7;2.3
18;2021-02-25;293;475;20025;7337;6.8;2.5
18;2021-02-26;582;209;20607;7546;7.0;2.5
18;2021-02-27;510;362;21117;7908;7.1;2.7
18;2021-02-28;7;68;21124;7976;7.1;2.7
18;2021-03-01;236;364;21360;8340;7.2;2.8
18;2021-03-02;284;489;21644;8829;7.3;3.0
18;2021-03-03;346;557;21990;9386;7.4;3.2
18;2021-03-04;475;547;22465;9933;7.6;3.4
18;2021-03-05;524;347;22989;10280;7.8;3.5
18;2021-03-06;1071;329;24060;10609;8.1;3.6
18;2021-03-07;7;139;24067;10748;8.1;3.6
18;2021-03-08;335;341;24402;11089;8.2;3.7
18;2021-03-09;410;354;24812;11443;8.4;3.9
18;2021-03-10;422;444;25234;11887;8.5;4.0
18;2021-03-11;518;409;25752;12296;8.7;4.1
18;2021-03-12;704;299;26456;12595;8.9;4.2
18;2021-03-13;1164;245;27620;12840;9.3;4.3
18;2021-03-14;301;214;27921;13054;9.4;4.4
18;2021-03-15;492;372;28413;13426;9.6;4.5
18;2021-03-16;392;310;28805;13736;9.7;4.6
18;2021-03-17;383;410;29188;14146;9.8;4.8
18;2021-03-18;512;223;29700;14369;10.0;4.8
18;2021-03-19;755;225;30455;14594;10.3;4.9
18;2021-03-20;986;618;31441;15212;10.6;5.1
18;2021-03-21;308;305;31749;15517;10.7;5.2
18;2021-03-22;603;294;32352;15811;10.9;5.3
18;2021-03-23;706;290;33058;16101;11.2;5.4
18;2021-03-24;1051;297;34109;16398;11.5;5.5
18;2021-03-25;1049;300;35158;16698;11.9;5.6
18;2021-03-26;1210;349;36368;17047;12.3;5.8
18;2021-03-27;1489;321;37857;17368;12.8;5.9
18;2021-03-28;215;0;38072;17368;12.8;5.9
18;2021-03-29;1102;198;39174;17566;13.2;5.9
18;2021-03-30;1084;302;40258;17868;13.6;6.0
18;2021-03-31;1305;253;41563;18121;14.0;6.1
18;2021-04-01;1377;347;42940;18468;14.5;6.2
18;2021-04-02;1229;311;44169;18779;14.9;6.3
18;2021-04-03;581;181;44750;18960;15.1;6.4
18;2021-04-04;71;5;44821;18965;15.1;6.4
18;2021-04-05;199;0;45020;18965;15.2;6.4
18;2021-04-06;1027;352;46047;19317;15.5;6.5
18;2021-04-07;1322;363;47369;19680;16.0;6.6
18;2021-04-08;1692;347;49061;20027;16.6;6.8
18;2021-04-09;1833;281;50894;20308;17.2;6.9
18;2021-04-10;2633;652;53527;20960;18.1;7.1
18;2021-04-11;1986;316;55513;21276;18.7;7.2
18;2021-04-12;1401;404;56914;21680;19.2;7.3
18;2021-04-13;1784;469;58698;22149;19.8;7.5
18;2021-04-14;1378;517;60076;22666;20.3;7.6
18;2021-04-15;1532;529;61608;23195;20.8;7.8
18;2021-04-16;1614;593;63222;23788;21.3;8.0
18;2021-04-17;1599;518;64821;24306;21.9;8.2
18;2021-04-18;377;232;65198;24538;22.0;8.3
18;2021-04-19;1317;594;66515;25132;22.4;8.5
18;2021-04-20;1446;712;67961;25844;22.9;8.7
18;2021-04-21;1271;909;69232;26753;23.4;9.0
18;2021-04-22;1402;704;70634;27457;23.8;9.3
18;2021-04-23;1387;734;72021;28191;24.3;9.5
18;2021-04-24;1355;1274;73376;29465;24.8;9.9
18;2021-04-25;288;217;73664;29682;24.9;10.0
18;2021-04-26;1204;954;74868;30636;25.3;10.3
18;2021-04-27;1545;764;76413;31400;25.8;10.6
18;2021-04-28;1358;876;77771;32276;26.2;10.9
18;2021-04-29;1850;734;79621;33010;26.9;11.1
18;2021-04-30;1570;996;81191;34006;27.4;11.5
18;2021-05-01;788;211;81979;34217;27.7;11.5
18;2021-05-02;806;60;82785;34277;27.9;11.6
18;2021-05-03;1627;1012;84412;35289;28.5;11.9
18;2021-05-04;1730;1282;86142;36571;29.1;12.3
18;2021-05-05;1735;1216;87877;37787;29.6;12.7
18;2021-05-06;2163;1366;90040;39153;30.4;13.2
18;2021-05-07;1234;1401;91274;40554;30.8;13.7
18;2021-05-08;994;1469;92268;42023;31.1;14.2
18;2021-05-09;500;2260;92768;44283;31.3;14.9
18;2021-05-10;1157;1508;93925;45791;31.7;15.4
18;2021-05-11;1696;1748;95621;47539;32.3;16.0
18;2021-05-12;1808;1496;97429;49035;32.9;16.5
18;2021-05-13;1061;370;98490;49405;33.2;16.7
18;2021-05-14;1346;944;99836;50349;33.7;17.0
18;2021-05-15;1809;1164;101645;51513;34.3;17.4
18;2021-05-16;538;581;102183;52094;34.5;17.6
18;2021-05-17;1245;1091;103428;53185;34.9;17.9
18;2021-05-18;2147;934;105575;54119;35.6;18.3
18;2021-05-19;2162;919;107737;55038;36.3;18.6
18;2021-05-20;2277;984;110014;56022;37.1;18.9
18;2021-05-21;1497;765;111511;56787;37.6;19.2
18;2021-05-22;1724;1074;113235;57861;38.2;19.5
18;2021-05-23;485;335;113720;58196;38.4;19.6
18;2021-05-24;462;292;114182;58488;38.5;19.7
18;2021-05-25;1842;1061;116024;59549;39.1;20.1
18;2021-05-26;2154;844;118178;60393;39.9;20.4
18;2021-05-27;2208;1232;120386;61625;40.6;20.8
18;2021-05-28;1713;1306;122099;62931;41.2;21.2
18;2021-05-29;2621;1660;124720;64591;42.1;21.8
18;2021-05-30;1484;504;126204;65095;42.6;22.0
18;2021-05-31;1786;692;127990;65787;43.2;22.2
18;2021-06-01;2040;949;130030;66736;43.9;22.5
18;2021-06-02;2010;1017;132040;67753;44.5;22.9
18;2021-06-03;2283;1201;134323;68954;45.3;23.3
18;2021-06-04;1909;1122;136232;70076;46.0;23.6
18;2021-06-05;2802;1449;139034;71525;46.9;24.1
18;2021-06-06;365;381;139399;71906;47.0;24.3
18;2021-06-07;1296;1233;140695;73139;47.5;24.7
18;2021-06-08;1491;1394;142186;74533;48.0;25.1
18;2021-06-09;1329;1067;143515;75600;48.4;25.5
18;2021-06-10;1631;1407;145146;77007;49.0;26.0
18;2021-06-11;1496;1404;146642;78411;49.5;26.5
18;2021-06-12;1245;2511;147887;80922;49.9;27.3
18;2021-06-13;126;262;148013;81184;49.9;27.4
18;2021-06-14;656;1828;148669;83012;50.2;28.0
18;2021-06-15;1093;1822;149762;84834;50.5;28.6
18;2021-06-16;1258;1441;151020;86275;51.0;29.1
18;2021-06-17;1205;1671;152225;87946;51.4;29.7
18;2021-06-18;1292;1665;153517;89611;51.8;30.2
18;2021-06-19;1564;1251;155081;90862;52.3;30.7
18;2021-06-20;246;159;155327;91021;52.4;30.7
18;2021-06-21;665;1602;155992;92623;52.6;31.2
18;2021-06-22;1068;1644;157060;94267;53.0;31.8
18;2021-06-23;944;1642;158004;95909;53.3;32.4
18;2021-06-24;1033;1062;159037;96971;53.7;32.7
18;2021-06-25;893;1745;159930;98716;54.0;33.3
18;2021-06-26;1098;1473;161028;100189;54.3;33.8
18;2021-06-27;31;372;161059;100561;54.3;33.9
18;2021-06-28;423;1923;161482;102484;54.5;34.6
18;2021-06-29;595;2377;162077;104861;54.7;35.4
18;2021-06-30;600;2544;162677;107405;54.9;36.2
18;2021-07-01;962;2156;163639;109561;55.2;37.0
18;2021-07-02;615;1686;164254;111247;55.4;37.5
18;2021-07-03;755;2576;165009;113823;55.7;38.4
18;2021-07-04;164;1033;165173;114856;55.7;38.7
18;2021-07-05;765;1877;165938;116733;56.0;39.4
18;2021-07-06;560;2302;166498;119035;56.2;40.2
18;2021-07-07;767;2115;167265;121150;56.4;40.9
18;2021-07-08;1031;1984;168296;123134;56.8;41.5
18;2021-07-09;704;2309;169000;125443;57.0;42.3
18;2021-07-10;781;3174;169781;128617;57.3;43.4
18;2021-07-11;82;665;169863;129282;57.3;43.6
18;2021-07-12;223;2253;170086;131535;57.4;44.4
18;2021-07-13;619;2905;170705;134440;57.6;45.4
18;2021-07-14;194;936;170899;135376;57.7;45.7
18;2021-07-15;1396;2816;172295;138192;58.1;46.6
18;2021-07-16;1185;2122;173480;140314;58.5;47.3
18;2021-07-17;1130;2472;174610;142786;58.9;48.2
18;2021-07-18;229;332;174839;143118;59.0;48.3
18;2021-07-19;1056;1658;175895;144776;59.3;48.8
18;2021-07-20;1625;2268;177520;147044;59.9;49.6
18;2021-07-21;1902;2063;179422;149107;60.5;50.3
18;2021-07-22;2214;1900;181636;151007;61.3;50.9
18;2021-07-23;1399;1612;183035;152619;61.8;51.5
18;2021-07-24;891;1533;183926;154152;62.1;52.0
18;2021-07-25;192;396;184118;154548;62.1;52.1
18;2021-07-26;1400;1504;185518;156052;62.6;52.6
18;2021-07-27;1825;1537;187343;157589;63.2;53.2
18;2021-07-28;2199;1796;189542;159385;63.9;53.8
18;2021-07-29;2142;1817;191684;161202;64.7;54.4
18;2021-07-30;1586;1343;193270;162545;65.2;54.8
18;2021-07-31;1237;1282;194507;163827;65.6;55.3
18;2021-08-01;90;34;194597;163861;65.7;55.3
18;2021-08-02;1410;766;196007;164627;66.1;55.5
18;2021-08-03;1719;1627;197726;166254;66.7;56.1
18;2021-08-04;2426;1101;200152;167355;67.5;56.5
18;2021-08-05;1529;1247;201681;168602;68.0;56.9
18;2021-08-06;1582;1142;203263;169744;68.6;57.3
18;2021-08-07;609;763;203872;170507;68.8;57.5
18;2021-08-08;49;60;203921;170567;68.8;57.5
18;2021-08-09;1105;875;205026;171442;69.2;57.8
18;2021-08-10;1206;1512;206232;172954;69.6;58.4
18;2021-08-11;1608;1505;207840;174459;70.1;58.9
18;2021-08-12;1553;1596;209393;176055;70.6;59.4
18;2021-08-13;1087;1172;210480;177227;71.0;59.8
18;2021-08-14;759;604;211239;177831;71.3;60.0
18;2021-08-15;35;17;211274;177848;71.3;60.0
18;2021-08-16;830;1202;212104;179050;71.6;60.4
18;2021-08-17;979;1997;213083;181047;71.9;61.1
18;2021-08-18;1153;1958;214236;183005;72.3;61.7
18;2021-08-19;1089;1611;215325;184616;72.6;62.3
18;2021-08-20;910;1756;216235;186372;73.0;62.9
18;2021-08-21;419;705;216654;187077;73.1;63.1
18;2021-08-22;21;73;216675;187150;73.1;63.1
18;2021-08-23;484;1681;217159;188831;73.3;63.7
18;2021-08-24;900;1493;218059;190324;73.6;64.2
18;2021-08-25;838;1864;218897;192188;73.9;64.8
18;2021-08-26;769;1530;219666;193718;74.1;65.4
18;2021-08-27;572;1995;220238;195713;74.3;66.0
18;2021-08-28;501;870;220739;196583;74.5;66.3
18;2021-08-29;91;176;220830;196759;74.5;66.4
18;2021-08-30;526;1441;221356;198200;74.7;66.9
18;2021-08-31;503;1441;221859;199641;74.9;67.4
18;2021-09-01;577;1643;222436;201284;75.0;67.9
18;2021-09-02;397;1267;222833;202551;75.2;68.3
18;2021-09-03;452;1304;223285;203855;75.3;68.8
18;2021-09-04;355;806;223640;204661;75.5;69.0
18;2021-09-05;29;80;223669;204741;75.5;69.1
18;2021-09-06;272;1087;223941;205828;75.6;69.4
18;2021-09-07;272;984;224213;206812;75.6;69.8
18;2021-09-08;400;1137;224613;207949;75.8;70.2
19;2020-12-27;0;0;0;0;0.0;0.0
19;2020-12-28;0;0;0;0;0.0;0.0
19;2020-12-29;1;0;1;0;0.0;0.0
19;2020-12-30;0;0;1;0;0.0;0.0
19;2020-12-31;0;0;1;0;0.0;0.0
19;2021-01-01;0;0;1;0;0.0;0.0
19;2021-01-02;0;0;1;0;0.0;0.0
19;2021-01-03;0;0;1;0;0.0;0.0
19;2021-01-04;0;0;1;0;0.0;0.0
19;2021-01-05;0;0;1;0;0.0;0.0
19;2021-01-06;0;0;1;0;0.0;0.0
19;2021-01-07;344;1;345;1;0.1;0.0
19;2021-01-08;247;1;592;2;0.2;0.0
19;2021-01-09;1;0;593;2;0.2;0.0
19;2021-01-10;1;0;594;2;0.2;0.0
19;2021-01-11;38;0;632;2;0.3;0.0
19;2021-01-12;415;1;1047;3;0.4;0.0
19;2021-01-13;425;3;1472;6;0.6;0.0
19;2021-01-14;475;1;1947;7;0.8;0.0
19;2021-01-15;226;0;2173;7;0.9;0.0
19;2021-01-16;0;0;2173;7;0.9;0.0
19;2021-01-17;1;0;2174;7;0.9;0.0
19;2021-01-18;251;2;2425;9;1.0;0.0
19;2021-01-19;519;0;2944;9;1.2;0.0
19;2021-01-20;922;4;3866;13;1.6;0.0
19;2021-01-21;507;4;4373;17;1.8;0.0
19;2021-01-22;1315;4;5688;21;2.4;0.0
19;2021-01-23;281;0;5969;21;2.5;0.0
19;2021-01-24;37;0;6006;21;2.5;0.0
19;2021-01-25;233;0;6239;21;2.6;0.0
19;2021-01-26;607;3;6846;24;2.8;0.0
19;2021-01-27;334;3;7180;27;3.0;0.0
19;2021-01-28;297;155;7477;182;3.1;0.1
19;2021-01-29;348;54;7825;236;3.3;0.1
19;2021-01-30;130;24;7955;260;3.3;0.1
19;2021-01-31;42;0;7997;260;3.3;0.1
19;2021-02-01;158;95;8155;355;3.4;0.1
19;2021-02-02;303;425;8458;780;3.5;0.3
19;2021-02-03;285;237;8743;1017;3.6;0.4
19;2021-02-04;255;368;8998;1385;3.7;0.6
19;2021-02-05;311;75;9309;1460;3.9;0.6
19;2021-02-06;213;2;9522;1462;4.0;0.6
19;2021-02-07;48;2;9570;1464;4.0;0.6
19;2021-02-08;177;142;9747;1606;4.1;0.7
19;2021-02-09;333;263;10080;1869;4.2;0.8
19;2021-02-10;517;283;10597;2152;4.4;0.9
19;2021-02-11;412;307;11009;2459;4.6;1.0
19;2021-02-12;798;1149;11807;3608;4.9;1.5
19;2021-02-13;352;143;12159;3751;5.1;1.6
19;2021-02-14;98;9;12257;3760;5.1;1.6
19;2021-02-15;200;223;12457;3983;5.2;1.7
19;2021-02-16;386;159;12843;4142;5.3;1.7
19;2021-02-17;306;421;13149;4563;5.5;1.9
19;2021-02-18;174;450;13323;5013;5.5;2.1
19;2021-02-19;469;280;13792;5293;5.7;2.2
19;2021-02-20;133;183;13925;5476;5.8;2.3
19;2021-02-21;20;39;13945;5515;5.8;2.3
19;2021-02-22;221;197;14166;5712;5.9;2.4
19;2021-02-23;268;327;14434;6039;6.0;2.5
19;2021-02-24;361;190;14795;6229;6.2;2.6
19;2021-02-25;519;353;15314;6582;6.4;2.7
19;2021-02-26;395;286;15709;6868;6.5;2.9
19;2021-02-27;348;142;16057;7010;6.7;2.9
19;2021-02-28;68;35;16125;7045;6.7;2.9
19;2021-03-01;266;211;16391;7256;6.8;3.0
19;2021-03-02;428;242;16819;7498;7.0;3.1
19;2021-03-03;692;321;17511;7819;7.3;3.3
19;2021-03-04;826;334;18337;8153;7.6;3.4
19;2021-03-05;891;703;19228;8856;8.0;3.7
19;2021-03-06;1073;187;20301;9043;8.4;3.8
19;2021-03-07;463;37;20764;9080;8.6;3.8
19;2021-03-08;638;151;21402;9231;8.9;3.8
19;2021-03-09;836;244;22238;9475;9.3;3.9
19;2021-03-10;1155;312;23393;9787;9.7;4.1
19;2021-03-11;1274;307;24667;10094;10.3;4.2
19;2021-03-12;1136;396;25803;10490;10.7;4.4
19;2021-03-13;1111;163;26914;10653;11.2;4.4
19;2021-03-14;160;84;27074;10737;11.3;4.5
19;2021-03-15;699;135;27773;10872;11.6;4.5
19;2021-03-16;688;300;28461;11172;11.8;4.6
19;2021-03-17;839;279;29300;11451;12.2;4.8
19;2021-03-18;767;282;30067;11733;12.5;4.9
19;2021-03-19;1014;483;31081;12216;12.9;5.1
19;2021-03-20;783;131;31864;12347;13.3;5.1
19;2021-03-21;128;4;31992;12351;13.3;5.1
19;2021-03-22;548;175;32540;12526;13.5;5.2
19;2021-03-23;1045;231;33585;12757;14.0;5.3
19;2021-03-24;1171;373;34756;13130;14.5;5.5
19;2021-03-25;1189;413;35945;13543;15.0;5.6
19;2021-03-26;1323;276;37268;13819;15.5;5.7
19;2021-03-27;854;187;38122;14006;15.9;5.8
19;2021-03-28;63;60;38185;14066;15.9;5.9
19;2021-03-29;612;177;38797;14243;16.1;5.9
19;2021-03-30;971;344;39768;14587;16.5;6.1
19;2021-03-31;1157;494;40925;15081;17.0;6.3
19;2021-04-01;1491;426;42416;15507;17.6;6.5
19;2021-04-02;1007;524;43423;16031;18.1;6.7
19;2021-04-03;597;283;44020;16314;18.3;6.8
19;2021-04-04;130;3;44150;16317;18.4;6.8
19;2021-04-05;40;75;44190;16392;18.4;6.8
19;2021-04-06;735;603;44925;16995;18.7;7.1
19;2021-04-07;978;732;45903;17727;19.1;7.4
19;2021-04-08;1116;1016;47019;18743;19.6;7.8
19;2021-04-09;1642;615;48661;19358;20.2;8.1
19;2021-04-10;946;558;49607;19916;20.6;8.3
19;2021-04-11;558;74;50165;19990;20.9;8.3
19;2021-04-12;681;521;50846;20511;21.2;8.5
19;2021-04-13;915;575;51761;21086;21.5;8.8
19;2021-04-14;1333;848;53094;21934;22.1;9.1
19;2021-04-15;1229;873;54323;22807;22.6;9.5
19;2021-04-16;1505;820;55828;23627;23.2;9.8
19;2021-04-17;762;478;56590;24105;23.5;10.0
19;2021-04-18;661;69;57251;24174;23.8;10.1
19;2021-04-19;730;440;57981;24614;24.1;10.2
19;2021-04-20;979;748;58960;25362;24.5;10.6
19;2021-04-21;1271;700;60231;26062;25.1;10.8
19;2021-04-22;1189;899;61420;26961;25.6;11.2
19;2021-04-23;1129;1020;62549;27981;26.0;11.6
19;2021-04-24;679;676;63228;28657;26.3;11.9
19;2021-04-25;675;69;63903;28726;26.6;12.0
19;2021-04-26;1056;331;64959;29057;27.0;12.1
19;2021-04-27;1028;568;65987;29625;27.5;12.3
19;2021-04-28;1553;555;67540;30180;28.1;12.6
19;2021-04-29;1453;1183;68993;31363;28.7;13.0
19;2021-04-30;1876;1060;70869;32423;29.5;13.5
19;2021-05-01;671;170;71540;32593;29.8;13.6
19;2021-05-02;550;152;72090;32745;30.0;13.6
19;2021-05-03;854;547;72944;33292;30.4;13.9
19;2021-05-04;1025;707;73969;33999;30.8;14.1
19;2021-05-05;1255;741;75224;34740;31.3;14.5
19;2021-05-06;1127;1198;76351;35938;31.8;15.0
19;2021-05-07;1664;1189;78015;37127;32.5;15.4
19;2021-05-08;712;206;78727;37333;32.8;15.5
19;2021-05-09;487;546;79214;37879;33.0;15.8
19;2021-05-10;1164;668;80378;38547;33.4;16.0
19;2021-05-11;1640;857;82018;39404;34.1;16.4
19;2021-05-12;1945;1315;83963;40719;34.9;16.9
19;2021-05-13;571;242;84534;40961;35.2;17.0
19;2021-05-14;1646;988;86180;41949;35.9;17.5
19;2021-05-15;1443;592;87623;42541;36.5;17.7
19;2021-05-16;350;82;87973;42623;36.6;17.7
19;2021-05-17;1498;560;89471;43183;37.2;18.0
19;2021-05-18;1670;497;91141;43680;37.9;18.2
19;2021-05-19;2009;831;93150;44511;38.8;18.5
19;2021-05-20;1722;890;94872;45401;39.5;18.9
19;2021-05-21;1965;814;96837;46215;40.3;19.2
19;2021-05-22;1272;652;98109;46867;40.8;19.5
19;2021-05-23;324;131;98433;46998;41.0;19.6
19;2021-05-24;139;46;98572;47044;41.0;19.6
19;2021-05-25;1502;492;100074;47536;41.6;19.8
19;2021-05-26;1926;666;102000;48202;42.4;20.1
19;2021-05-27;1786;834;103786;49036;43.2;20.4
19;2021-05-28;1937;991;105723;50027;44.0;20.8
19;2021-05-29;1375;705;107098;50732;44.6;21.1
19;2021-05-30;191;497;107289;51229;44.6;21.3
19;2021-05-31;1199;537;108488;51766;45.1;21.5
19;2021-06-01;1285;886;109773;52652;45.7;21.9
19;2021-06-02;1817;952;111590;53604;46.4;22.3
19;2021-06-03;1447;1250;113037;54854;47.0;22.8
19;2021-06-04;1848;1354;114885;56208;47.8;23.4
19;2021-06-05;1210;815;116095;57023;48.3;23.7
19;2021-06-06;87;648;116182;57671;48.3;24.0
19;2021-06-07;922;934;117104;58605;48.7;24.4
19;2021-06-08;1104;907;118208;59512;49.2;24.8
19;2021-06-09;1330;1462;119538;60974;49.7;25.4
19;2021-06-10;1284;1581;120822;62555;50.3;26.0
19;2021-06-11;1315;1917;122137;64472;50.8;26.8
19;2021-06-12;1357;1317;123494;65789;51.4;27.4
19;2021-06-13;543;424;124037;66213;51.6;27.6
19;2021-06-14;736;1016;124773;67229;51.9;28.0
19;2021-06-15;979;1143;125752;68372;52.3;28.4
19;2021-06-16;1222;1364;126974;69736;52.8;29.0
19;2021-06-17;869;1792;127843;71528;53.2;29.8
19;2021-06-18;1057;2137;128900;73665;53.6;30.7
19;2021-06-19;919;1302;129819;74967;54.0;31.2
19;2021-06-20;395;327;130214;75294;54.2;31.3
19;2021-06-21;500;1075;130714;76369;54.4;31.8
19;2021-06-22;698;1490;131412;77859;54.7;32.4
19;2021-06-23;745;1988;132157;79847;55.0;33.2
19;2021-06-24;687;1663;132844;81510;55.3;33.9
19;2021-06-25;562;2216;133406;83726;55.5;34.8
19;2021-06-26;472;1741;133878;85467;55.7;35.6
19;2021-06-27;289;445;134167;85912;55.8;35.7
19;2021-06-28;315;1499;134482;87411;56.0;36.4
19;2021-06-29;354;1894;134836;89305;56.1;37.2
19;2021-06-30;795;2153;135631;91458;56.4;38.1
19;2021-07-01;361;2321;135992;93779;56.6;39.0
19;2021-07-02;781;2317;136773;96096;56.9;40.0
19;2021-07-03;513;1744;137286;97840;57.1;40.7
19;2021-07-04;1;73;137287;97913;57.1;40.7
19;2021-07-05;600;1015;137887;98928;57.4;41.2
19;2021-07-06;505;1540;138392;100468;57.6;41.8
19;2021-07-07;706;2046;139098;102514;57.9;42.7
19;2021-07-08;770;2149;139868;104663;58.2;43.5
19;2021-07-09;716;2659;140584;107322;58.5;44.7
19;2021-07-10;587;1709;141171;109031;58.7;45.4
19;2021-07-11;45;212;141216;109243;58.8;45.5
19;2021-07-12;447;1489;141663;110732;58.9;46.1
19;2021-07-13;685;1829;142348;112561;59.2;46.8
19;2021-07-14;202;273;142550;112834;59.3;46.9
19;2021-07-15;871;2051;143421;114885;59.7;47.8
19;2021-07-16;1230;2445;144651;117330;60.2;48.8
19;2021-07-17;703;1718;145354;119048;60.5;49.5
19;2021-07-18;365;673;145719;119721;60.6;49.8
19;2021-07-19;969;1402;146688;121123;61.0;50.4
19;2021-07-20;967;1674;147655;122797;61.4;51.1
19;2021-07-21;1084;1714;148739;124511;61.9;51.8
19;2021-07-22;1393;1856;150132;126367;62.5;52.6
19;2021-07-23;1785;1994;151917;128361;63.2;53.4
19;2021-07-24;908;1754;152825;130115;63.6;54.1
19;2021-07-25;165;513;152990;130628;63.7;54.4
19;2021-07-26;911;911;153901;131539;64.0;54.7
19;2021-07-27;1424;1117;155325;132656;64.6;55.2
19;2021-07-28;2047;1222;157372;133878;65.5;55.7
19;2021-07-29;1623;1202;158995;135080;66.2;56.2
19;2021-07-30;1910;1025;160905;136105;67.0;56.6
19;2021-07-31;1129;1017;162034;137122;67.4;57.1
19;2021-08-01;347;372;162381;137494;67.6;57.2
19;2021-08-02;1147;809;163528;138303;68.0;57.5
19;2021-08-03;1450;1053;164978;139356;68.6;58.0
19;2021-08-04;1987;762;166965;140118;69.5;58.3
19;2021-08-05;1628;954;168593;141072;70.1;58.7
19;2021-08-06;1960;1215;170553;142287;71.0;59.2
19;2021-08-07;1333;998;171886;143285;71.5;59.6
19;2021-08-08;186;234;172072;143519;71.6;59.7
19;2021-08-09;1007;785;173079;144304;72.0;60.0
19;2021-08-10;1280;1012;174359;145316;72.5;60.5
19;2021-08-11;1353;1007;175712;146323;73.1;60.9
19;2021-08-12;1016;1276;176728;147599;73.5;61.4
19;2021-08-13;1176;1276;177904;148875;74.0;61.9
19;2021-08-14;980;1163;178884;150038;74.4;62.4
19;2021-08-15;30;54;178914;150092;74.4;62.5
19;2021-08-16;591;1029;179505;151121;74.7;62.9
19;2021-08-17;630;1167;180135;152288;75.0;63.4
19;2021-08-18;651;980;180786;153268;75.2;63.8
19;2021-08-19;436;1260;181222;154528;75.4;64.3
19;2021-08-20;861;1927;182083;156455;75.8;65.1
19;2021-08-21;489;1374;182572;157829;76.0;65.7
19;2021-08-22;52;93;182624;157922;76.0;65.7
19;2021-08-23;222;1157;182846;159079;76.1;66.2
19;2021-08-24;535;1318;183381;160397;76.3;66.7
19;2021-08-25;643;1557;184024;161954;76.6;67.4
19;2021-08-26;475;1462;184499;163416;76.8;68.0
19;2021-08-27;500;1689;184999;165105;77.0;68.7
19;2021-08-28;360;1277;185359;166382;77.1;69.2
19;2021-08-29;60;182;185419;166564;77.1;69.3
19;2021-08-30;225;1094;185644;167658;77.2;69.8
19;2021-08-31;322;1451;185966;169109;77.4;70.4
19;2021-09-01;353;1480;186319;170589;77.5;71.0
19;2021-09-02;345;1317;186664;171906;77.7;71.5
19;2021-09-03;407;1521;187071;173427;77.8;72.2
19;2021-09-04;301;1392;187372;174819;78.0;72.7
19;2021-09-05;32;245;187404;175064;78.0;72.8
19;2021-09-06;196;697;187600;175761;78.1;73.1
19;2021-09-07;227;821;187827;176582;78.2;73.5
19;2021-09-08;274;927;188101;177509;78.3;73.9
21;2020-12-27;4;0;4;0;0.0;0.0
21;2020-12-28;2;0;6;0;0.0;0.0
21;2020-12-29;19;0;25;0;0.0;0.0
21;2020-12-30;22;0;47;0;0.0;0.0
21;2020-12-31;0;0;47;0;0.0;0.0
21;2021-01-01;0;0;47;0;0.0;0.0
21;2021-01-02;1;0;48;0;0.0;0.0
21;2021-01-03;1;0;49;0;0.0;0.0
21;2021-01-04;22;0;71;0;0.0;0.0
21;2021-01-05;250;2;321;2;0.1;0.0
21;2021-01-06;300;0;621;2;0.1;0.0
21;2021-01-07;387;0;1008;2;0.2;0.0
21;2021-01-08;455;2;1463;4;0.3;0.0
21;2021-01-09;252;0;1715;4;0.3;0.0
21;2021-01-10;2;0;1717;4;0.3;0.0
21;2021-01-11;624;1;2341;5;0.4;0.0
21;2021-01-12;655;0;2996;5;0.6;0.0
21;2021-01-13;703;2;3699;7;0.7;0.0
21;2021-01-14;1192;6;4891;13;0.9;0.0
21;2021-01-15;717;5;5608;18;1.1;0.0
21;2021-01-16;162;0;5770;18;1.1;0.0
21;2021-01-17;5;0;5775;18;1.1;0.0
21;2021-01-18;1318;5;7093;23;1.3;0.0
21;2021-01-19;1371;2;8464;25;1.6;0.0
21;2021-01-20;1297;45;9761;70;1.8;0.0
21;2021-01-21;1541;3;11302;73;2.1;0.0
21;2021-01-22;1245;5;12547;78;2.4;0.0
21;2021-01-23;487;0;13034;78;2.4;0.0
21;2021-01-24;124;0;13158;78;2.5;0.0
21;2021-01-25;927;18;14085;96;2.6;0.0
21;2021-01-26;1542;139;15627;235;2.9;0.0
21;2021-01-27;2056;148;17683;383;3.3;0.1
21;2021-01-28;1461;218;19144;601;3.6;0.1
21;2021-01-29;1023;209;20167;810;3.8;0.2
21;2021-01-30;470;29;20637;839;3.9;0.2
21;2021-01-31;97;3;20734;842;3.9;0.2
21;2021-02-01;453;281;21187;1123;4.0;0.2
21;2021-02-02;456;430;21643;1553;4.1;0.3
21;2021-02-03;443;276;22086;1829;4.1;0.3
21;2021-02-04;417;530;22503;2359;4.2;0.4
21;2021-02-05;490;515;22993;2874;4.3;0.5
21;2021-02-06;158;218;23151;3092;4.3;0.6
21;2021-02-07;2;2;23153;3094;4.3;0.6
21;2021-02-08;433;378;23586;3472;4.4;0.7
21;2021-02-09;514;484;24100;3956;4.5;0.7
21;2021-02-10;461;553;24561;4509;4.6;0.8
21;2021-02-11;485;731;25046;5240;4.7;1.0
21;2021-02-12;356;859;25402;6099;4.8;1.1
21;2021-02-13;361;272;25763;6371;4.8;1.2
21;2021-02-14;239;131;26002;6502;4.9;1.2
21;2021-02-15;120;1196;26122;7698;4.9;1.4
21;2021-02-16;207;1393;26329;9091;4.9;1.7
21;2021-02-17;402;1850;26731;10941;5.0;2.1
21;2021-02-18;604;1264;27335;12205;5.1;2.3
21;2021-02-19;217;1058;27552;13263;5.2;2.5
21;2021-02-20;122;375;27674;13638;5.2;2.6
21;2021-02-21;1;83;27675;13721;5.2;2.6
21;2021-02-22;83;710;27758;14431;5.2;2.7
21;2021-02-23;170;937;27928;15368;5.2;2.9
21;2021-02-24;225;653;28153;16021;5.3;3.0
21;2021-02-25;647;772;28800;16793;5.4;3.2
21;2021-02-26;926;666;29726;17459;5.6;3.3
21;2021-02-27;533;264;30259;17723;5.7;3.3
21;2021-02-28;24;124;30283;17847;5.7;3.3
21;2021-03-01;679;594;30962;18441;5.8;3.5
21;2021-03-02;1054;521;32016;18962;6.0;3.6
21;2021-03-03;1168;417;33184;19379;6.2;3.6
21;2021-03-04;1685;501;34869;19880;6.5;3.7
21;2021-03-05;2196;645;37065;20525;7.0;3.9
21;2021-03-06;1593;193;38658;20718;7.3;3.9
21;2021-03-07;4;15;38662;20733;7.3;3.9
21;2021-03-08;772;435;39434;21168;7.4;4.0
21;2021-03-09;1571;560;41005;21728;7.7;4.1
21;2021-03-10;1627;551;42632;22279;8.0;4.2
21;2021-03-11;2196;686;44828;22965;8.4;4.3
21;2021-03-12;2905;435;47733;23400;9.0;4.4
21;2021-03-13;1932;171;49665;23571;9.3;4.4
21;2021-03-14;38;45;49703;23616;9.3;4.4
21;2021-03-15;1414;86;51117;23702;9.6;4.4
21;2021-03-16;1885;151;53002;23853;9.9;4.5
21;2021-03-17;1809;114;54811;23967;10.3;4.5
21;2021-03-18;2128;265;56939;24232;10.7;4.5
21;2021-03-19;1963;149;58902;24381;11.1;4.6
21;2021-03-20;1228;37;60130;24418;11.3;4.6
21;2021-03-21;2;0;60132;24418;11.3;4.6
21;2021-03-22;1556;92;61688;24510;11.6;4.6
21;2021-03-23;2695;106;64383;24616;12.1;4.6
21;2021-03-24;2892;163;67275;24779;12.6;4.6
21;2021-03-25;3731;246;71006;25025;13.3;4.7
21;2021-03-26;3655;197;74661;25222;14.0;4.7
21;2021-03-27;1732;59;76393;25281;14.3;4.7
21;2021-03-28;200;38;76593;25319;14.4;4.8
21;2021-03-29;1789;516;78382;25835;14.7;4.8
21;2021-03-30;2348;800;80730;26635;15.1;5.0
21;2021-03-31;2717;650;83447;27285;15.7;5.1
21;2021-04-01;2693;719;86140;28004;16.2;5.3
21;2021-04-02;2248;739;88388;28743;16.6;5.4
21;2021-04-03;1018;281;89406;29024;16.8;5.4
21;2021-04-04;2;12;89408;29036;16.8;5.4
21;2021-04-05;9;0;89417;29036;16.8;5.4
21;2021-04-06;1360;1136;90777;30172;17.0;5.7
21;2021-04-07;1751;968;92528;31140;17.4;5.8
21;2021-04-08;3217;1140;95745;32280;18.0;6.1
21;2021-04-09;3481;1185;99226;33465;18.6;6.3
21;2021-04-10;1376;736;100602;34201;18.9;6.4
21;2021-04-11;145;3;100747;34204;18.9;6.4
21;2021-04-12;1117;1347;101864;35551;19.1;6.7
21;2021-04-13;1656;1782;103520;37333;19.4;7.0
21;2021-04-14;1483;1470;105003;38803;19.7;7.3
21;2021-04-15;1902;1592;106905;40395;20.1;7.6
21;2021-04-16;2322;1311;109227;41706;20.5;7.8
21;2021-04-17;1019;972;110246;42678;20.7;8.0
21;2021-04-18;15;4;110261;42682;20.7;8.0
21;2021-04-19;1110;1321;111371;44003;20.9;8.3
21;2021-04-20;1241;1834;112612;45837;21.1;8.6
21;2021-04-21;1095;1722;113707;47559;21.3;8.9
21;2021-04-22;1274;2212;114981;49771;21.6;9.3
21;2021-04-23;1984;1729;116965;51500;21.9;9.7
21;2021-04-24;1001;872;117966;52372;22.1;9.8
21;2021-04-25;9;168;117975;52540;22.1;9.9
21;2021-04-26;1013;1592;118988;54132;22.3;10.2
21;2021-04-27;1841;1934;120829;56066;22.7;10.5
21;2021-04-28;2230;2225;123059;58291;23.1;10.9
21;2021-04-29;3135;2256;126194;60547;23.7;11.4
21;2021-04-30;3561;1848;129755;62395;24.3;11.7
21;2021-05-01;962;227;130717;62622;24.5;11.8
21;2021-05-02;2;5;130719;62627;24.5;11.8
21;2021-05-03;2081;1350;132800;63977;24.9;12.0
21;2021-05-04;2576;1644;135376;65621;25.4;12.3
21;2021-05-05;2248;1691;137624;67312;25.8;12.6
21;2021-05-06;3015;2247;140639;69559;26.4;13.1
21;2021-05-07;2804;2176;143443;71735;26.9;13.5
21;2021-05-08;1068;271;144511;72006;27.1;13.5
21;2021-05-09;26;177;144537;72183;27.1;13.5
21;2021-05-10;3170;1731;147707;73914;27.7;13.9
21;2021-05-11;4923;2004;152630;75918;28.6;14.2
21;2021-05-12;4805;1746;157435;77664;29.5;14.6
21;2021-05-13;3846;369;161281;78033;30.3;14.6
21;2021-05-14;5202;1471;166483;79504;31.2;14.9
21;2021-05-15;3428;647;169911;80151;31.9;15.0
21;2021-05-16;49;4;169960;80155;31.9;15.0
21;2021-05-17;4128;1256;174088;81411;32.7;15.3
21;2021-05-18;4359;1503;178447;82914;33.5;15.6
21;2021-05-19;3470;1125;181917;84039;34.1;15.8
21;2021-05-20;3900;1358;185817;85397;34.9;16.0
21;2021-05-21;3626;2159;189443;87556;35.6;16.4
21;2021-05-22;1669;770;191112;88326;35.9;16.6
21;2021-05-23;4;17;191116;88343;35.9;16.6
21;2021-05-24;1816;266;192932;88609;36.2;16.6
21;2021-05-25;2649;1968;195581;90577;36.7;17.0
21;2021-05-26;2604;1997;198185;92574;37.2;17.4
21;2021-05-27;4014;2101;202199;94675;37.9;17.8
21;2021-05-28;3572;2822;205771;97497;38.6;18.3
21;2021-05-29;1932;1469;207703;98966;39.0;18.6
21;2021-05-30;98;13;207801;98979;39.0;18.6
21;2021-05-31;2503;1781;210304;100760;39.5;18.9
21;2021-06-01;3454;2254;213758;103014;40.1;19.3
21;2021-06-02;2618;1761;216376;104775;40.6;19.7
21;2021-06-03;3146;2075;219522;106850;41.2;20.1
21;2021-06-04;3284;2587;222806;109437;41.8;20.5
21;2021-06-05;2925;1654;225731;111091;42.4;20.8
21;2021-06-06;51;85;225782;111176;42.4;20.9
21;2021-06-07;4317;1346;230099;112522;43.2;21.1
21;2021-06-08;4941;2144;235040;114666;44.1;21.5
21;2021-06-09;4503;1626;239543;116292;45.0;21.8
21;2021-06-10;3935;2596;243478;118888;45.7;22.3
21;2021-06-11;4169;3100;247647;121988;46.5;22.9
21;2021-06-12;2198;1608;249845;123596;46.9;23.2
21;2021-06-13;29;11;249874;123607;46.9;23.2
21;2021-06-14;2199;2565;252073;126172;47.3;23.7
21;2021-06-15;2960;3090;255033;129262;47.9;24.3
21;2021-06-16;2854;2611;257887;131873;48.4;24.7
21;2021-06-17;3422;3043;261309;134916;49.0;25.3
21;2021-06-18;2427;3798;263736;138714;49.5;26.0
21;2021-06-19;2045;1864;265781;140578;49.9;26.4
21;2021-06-20;26;13;265807;140591;49.9;26.4
21;2021-06-21;1843;3408;267650;143999;50.2;27.0
21;2021-06-22;1884;5830;269534;149829;50.6;28.1
21;2021-06-23;2029;5013;271563;154842;51.0;29.1
21;2021-06-24;2367;4667;273930;159509;51.4;29.9
21;2021-06-25;1532;5897;275462;165406;51.7;31.0
21;2021-06-26;1441;3900;276903;169306;52.0;31.8
21;2021-06-27;18;125;276921;169431;52.0;31.8
21;2021-06-28;1397;4017;278318;173448;52.2;32.5
21;2021-06-29;1636;4180;279954;177628;52.5;33.3
21;2021-06-30;1569;3376;281523;181004;52.8;34.0
21;2021-07-01;1666;4151;283189;185155;53.1;34.7
21;2021-07-02;2179;4232;285368;189387;53.6;35.5
21;2021-07-03;1095;2101;286463;191488;53.8;35.9
21;2021-07-04;37;55;286500;191543;53.8;35.9
21;2021-07-05;1609;3627;288109;195170;54.1;36.6
21;2021-07-06;1348;3585;289457;198755;54.3;37.3
21;2021-07-07;1455;3241;290912;201996;54.6;37.9
21;2021-07-08;1881;4157;292793;206153;54.9;38.7
21;2021-07-09;2084;4349;294877;210502;55.3;39.5
21;2021-07-10;1089;2546;295966;213048;55.5;40.0
21;2021-07-11;21;74;295987;213122;55.5;40.0
21;2021-07-12;1658;3729;297645;216851;55.9;40.7
21;2021-07-13;2346;4893;299991;221744;56.3;41.6
21;2021-07-14;2873;2017;302864;223761;56.8;42.0
21;2021-07-15;3816;4553;306680;228314;57.6;42.8
21;2021-07-16;3889;5258;310569;233572;58.3;43.8
21;2021-07-17;2774;4170;313343;237742;58.8;44.6
21;2021-07-18;157;82;313500;237824;58.8;44.6
21;2021-07-19;2377;4626;315877;242450;59.3;45.5
21;2021-07-20;2759;5486;318636;247936;59.8;46.5
21;2021-07-21;2910;4789;321546;252725;60.3;47.4
21;2021-07-22;3025;4723;324571;257448;60.9;48.3
21;2021-07-23;4354;4895;328925;262343;61.7;49.2
21;2021-07-24;3037;3020;331962;265363;62.3;49.8
21;2021-07-25;68;40;332030;265403;62.3;49.8
21;2021-07-26;2664;3588;334694;268991;62.8;50.5
21;2021-07-27;3412;3775;338106;272766;63.4;51.2
21;2021-07-28;3575;3350;341681;276116;64.1;51.8
21;2021-07-29;4133;3367;345814;279483;64.9;52.4
21;2021-07-30;4616;3344;350430;282827;65.8;53.1
21;2021-07-31;3426;2375;353856;285202;66.4;53.5
21;2021-08-01;330;57;354186;285259;66.5;53.5
21;2021-08-02;2535;3164;356721;288423;66.9;54.1
21;2021-08-03;2619;2762;359340;291185;67.4;54.6
21;2021-08-04;2367;2486;361707;293671;67.9;55.1
21;2021-08-05;2215;3078;363922;296749;68.3;55.7
21;2021-08-06;2586;3308;366508;300057;68.8;56.3
21;2021-08-07;1902;2659;368410;302716;69.1;56.8
21;2021-08-08;74;69;368484;302785;69.1;56.8
21;2021-08-09;1648;2931;370132;305716;69.5;57.4
21;2021-08-10;1409;2715;371541;308431;69.7;57.9
21;2021-08-11;1664;2445;373205;310876;70.0;58.3
21;2021-08-12;1162;2418;374367;313294;70.3;58.8
21;2021-08-13;1512;2747;375879;316041;70.5;59.3
21;2021-08-14;852;2438;376731;318479;70.7;59.8
21;2021-08-15;51;64;376782;318543;70.7;59.8
21;2021-08-16;1389;2819;378171;321362;71.0;60.3
21;2021-08-17;1200;2776;379371;324138;71.2;60.8
21;2021-08-18;1024;2872;380395;327010;71.4;61.4
21;2021-08-19;951;3068;381346;330078;71.6;61.9
21;2021-08-20;1050;4191;382396;334269;71.8;62.7
21;2021-08-21;834;3140;383230;337409;71.9;63.3
21;2021-08-22;32;116;383262;337525;71.9;63.3
21;2021-08-23;908;3213;384170;340738;72.1;63.9
21;2021-08-24;963;2873;385133;343611;72.3;64.5
21;2021-08-25;860;2548;385993;346159;72.4;65.0
21;2021-08-26;711;2419;386704;348578;72.6;65.4
21;2021-08-27;1025;3384;387729;351962;72.8;66.0
21;2021-08-28;704;2754;388433;354716;72.9;66.6
21;2021-08-29;43;215;388476;354931;72.9;66.6
21;2021-08-30;772;2257;389248;357188;73.0;67.0
21;2021-08-31;935;2099;390183;359287;73.2;67.4
21;2021-09-01;611;1770;390794;361057;73.3;67.8
21;2021-09-02;520;1444;391314;362501;73.4;68.0
21;2021-09-03;767;2023;392081;364524;73.6;68.4
21;2021-09-04;749;1670;392830;366194;73.7;68.7
21;2021-09-05;69;107;392899;366301;73.7;68.7
21;2021-09-06;400;1469;393299;367770;73.8;69.0
21;2021-09-07;377;1297;393676;369067;73.9;69.3
21;2021-09-08;462;1581;394138;370648;74.0;69.6
22;2020-12-27;0;0;0;0;0.0;0.0
22;2020-12-28;0;0;0;0;0.0;0.0
22;2020-12-29;0;0;0;0;0.0;0.0
22;2020-12-30;0;0;0;0;0.0;0.0
22;2020-12-31;0;0;0;0;0.0;0.0
22;2021-01-01;0;0;0;0;0.0;0.0
22;2021-01-02;2;0;2;0;0.0;0.0
22;2021-01-03;0;0;2;0;0.0;0.0
22;2021-01-04;5;0;7;0;0.0;0.0
22;2021-01-05;61;0;68;0;0.0;0.0
22;2021-01-06;114;1;182;1;0.0;0.0
22;2021-01-07;67;0;249;1;0.0;0.0
22;2021-01-08;174;0;423;1;0.1;0.0
22;2021-01-09;1;0;424;1;0.1;0.0
22;2021-01-10;0;0;424;1;0.1;0.0
22;2021-01-11;234;3;658;4;0.1;0.0
22;2021-01-12;627;0;1285;4;0.2;0.0
22;2021-01-13;676;1;1961;5;0.3;0.0
22;2021-01-14;716;8;2677;13;0.4;0.0
22;2021-01-15;529;2;3206;15;0.5;0.0
22;2021-01-16;96;0;3302;15;0.6;0.0
22;2021-01-17;1;0;3303;15;0.6;0.0
22;2021-01-18;311;1;3614;16;0.6;0.0
22;2021-01-19;687;1;4301;17;0.7;0.0
22;2021-01-20;598;1;4899;18;0.8;0.0
22;2021-01-21;947;1;5846;19;1.0;0.0
22;2021-01-22;840;2;6686;21;1.1;0.0
22;2021-01-23;219;0;6905;21;1.2;0.0
22;2021-01-24;1;0;6906;21;1.2;0.0
22;2021-01-25;750;9;7656;30;1.3;0.0
22;2021-01-26;1017;59;8673;89;1.5;0.0
22;2021-01-27;3859;109;12532;198;2.1;0.0
22;2021-01-28;4511;84;17043;282;2.9;0.0
22;2021-01-29;1898;121;18941;403;3.2;0.1
22;2021-01-30;287;0;19228;403;3.2;0.1
22;2021-01-31;3;0;19231;403;3.2;0.1
22;2021-02-01;641;76;19872;479;3.3;0.1
22;2021-02-02;903;432;20775;911;3.5;0.2
22;2021-02-03;690;491;21465;1402;3.6;0.2
22;2021-02-04;965;618;22430;2020;3.8;0.3
22;2021-02-05;721;553;23151;2573;3.9;0.4
22;2021-02-06;253;0;23404;2573;3.9;0.4
22;2021-02-07;0;0;23404;2573;3.9;0.4
22;2021-02-08;531;120;23935;2693;4.0;0.5
22;2021-02-09;614;318;24549;3011;4.1;0.5
22;2021-02-10;425;188;24974;3199;4.2;0.5
22;2021-02-11;1086;311;26060;3510;4.4;0.6
22;2021-02-12;594;307;26654;3817;4.5;0.6
22;2021-02-13;319;72;26973;3889;4.5;0.7
22;2021-02-14;0;4;26973;3893;4.5;0.7
22;2021-02-15;672;382;27645;4275;4.6;0.7
22;2021-02-16;1042;637;28687;4912;4.8;0.8
22;2021-02-17;1202;2407;29889;7319;5.0;1.2
22;2021-02-18;2142;2931;32031;10250;5.4;1.7
22;2021-02-19;1637;1862;33668;12112;5.6;2.0
22;2021-02-20;480;183;34148;12295;5.7;2.1
22;2021-02-21;6;49;34154;12344;5.7;2.1
22;2021-02-22;403;628;34557;12972;5.8;2.2
22;2021-02-23;665;848;35222;13820;5.9;2.3
22;2021-02-24;695;841;35917;14661;6.0;2.5
22;2021-02-25;1200;1088;37117;15749;6.2;2.6
22;2021-02-26;1067;641;38184;16390;6.4;2.7
22;2021-02-27;564;250;38748;16640;6.5;2.8
22;2021-02-28;16;8;38764;16648;6.5;2.8
22;2021-03-01;958;480;39722;17128;6.7;2.9
22;2021-03-02;1206;799;40928;17927;6.9;3.0
22;2021-03-03;1325;798;42253;18725;7.1;3.1
22;2021-03-04;1600;864;43853;19589;7.4;3.3
22;2021-03-05;2108;755;45961;20344;7.7;3.4
22;2021-03-06;1114;272;47075;20616;7.9;3.5
22;2021-03-07;219;1;47294;20617;7.9;3.5
22;2021-03-08;1291;631;48585;21248;8.1;3.6
22;2021-03-09;1824;739;50409;21987;8.5;3.7
22;2021-03-10;1987;991;52396;22978;8.8;3.9
22;2021-03-11;2377;1638;54773;24616;9.2;4.1
22;2021-03-12;3102;953;57875;25569;9.7;4.3
22;2021-03-13;1720;287;59595;25856;10.0;4.3
22;2021-03-14;245;23;59840;25879;10.0;4.3
22;2021-03-15;1620;561;61460;26440;10.3;4.4
22;2021-03-16;1603;849;63063;27289;10.6;4.6
22;2021-03-17;2650;697;65713;27986;11.0;4.7
22;2021-03-18;2552;1105;68265;29091;11.5;4.9
22;2021-03-19;3282;794;71547;29885;12.0;5.0
22;2021-03-20;2208;284;73755;30169;12.4;5.1
22;2021-03-21;16;0;73771;30169;12.4;5.1
22;2021-03-22;2364;362;76135;30531;12.8;5.1
22;2021-03-23;3142;785;79277;31316;13.3;5.3
22;2021-03-24;3485;684;82762;32000;13.9;5.4
22;2021-03-25;3962;608;86724;32608;14.5;5.5
22;2021-03-26;4003;484;90727;33092;15.2;5.6
22;2021-03-27;2088;181;92815;33273;15.6;5.6
22;2021-03-28;67;1;92882;33274;15.6;5.6
22;2021-03-29;2766;908;95648;34182;16.0;5.7
22;2021-03-30;3568;1154;99216;35336;16.6;5.9
22;2021-03-31;3676;1083;102892;36419;17.3;6.1
22;2021-04-01;4944;1128;107836;37547;18.1;6.3
22;2021-04-02;4391;1034;112227;38581;18.8;6.5
22;2021-04-03;1997;403;114224;38984;19.2;6.5
22;2021-04-04;37;0;114261;38984;19.2;6.5
22;2021-04-05;15;0;114276;38984;19.2;6.5
22;2021-04-06;3291;1137;117567;40121;19.7;6.7
22;2021-04-07;3431;1366;120998;41487;20.3;7.0
22;2021-04-08;4448;1322;125446;42809;21.0;7.2
22;2021-04-09;5184;1359;130630;44168;21.9;7.4
22;2021-04-10;2446;365;133076;44533;22.3;7.5
22;2021-04-11;485;10;133561;44543;22.4;7.5
22;2021-04-12;2987;1006;136548;45549;22.9;7.6
22;2021-04-13;3320;1519;139868;47068;23.5;7.9
22;2021-04-14;3169;2483;143037;49551;24.0;8.3
22;2021-04-15;3600;2431;146637;51982;24.6;8.7
22;2021-04-16;3632;2485;150269;54467;25.2;9.1
22;2021-04-17;1920;1792;152189;56259;25.5;9.4
22;2021-04-18;17;0;152206;56259;25.5;9.4
22;2021-04-19;3022;2148;155228;58407;26.0;9.8
22;2021-04-20;3312;2796;158540;61203;26.6;10.3
22;2021-04-21;3223;2733;161763;63936;27.1;10.7
22;2021-04-22;3593;3132;165356;67068;27.7;11.2
22;2021-04-23;3729;3173;169085;70241;28.4;11.8
22;2021-04-24;2006;1962;171091;72203;28.7;12.1
22;2021-04-25;17;0;171108;72203;28.7;12.1
22;2021-04-26;3213;2854;174321;75057;29.2;12.6
22;2021-04-27;3373;3138;177694;78195;29.8;13.1
22;2021-04-28;3489;3154;181183;81349;30.4;13.6
22;2021-04-29;4081;3258;185264;84607;31.1;14.2
22;2021-04-30;3905;3222;189169;87829;31.7;14.7
22;2021-05-01;60;69;189229;87898;31.7;14.7
22;2021-05-02;1237;60;190466;87958;31.9;14.8
22;2021-05-03;2030;2711;192496;90669;32.3;15.2
22;2021-05-04;2154;2898;194650;93567;32.6;15.7
22;2021-05-05;2050;3005;196700;96572;33.0;16.2
22;2021-05-06;2509;3494;199209;100066;33.4;16.8
22;2021-05-07;2831;3401;202040;103467;33.9;17.4
22;2021-05-08;45;120;202085;103587;33.9;17.4
22;2021-05-09;602;438;202687;104025;34.0;17.4
22;2021-05-10;4474;2730;207161;106755;34.7;17.9
22;2021-05-11;5107;2899;212268;109654;35.6;18.4
22;2021-05-12;6600;1021;218868;110675;36.7;18.6
22;2021-05-13;528;35;219396;110710;36.8;18.6
22;2021-05-14;6408;1082;225804;111792;37.9;18.8
22;2021-05-15;3988;421;229792;112213;38.5;18.8
22;2021-05-16;419;37;230211;112250;38.6;18.8
22;2021-05-17;5669;520;235880;112770;39.6;18.9
22;2021-05-18;6010;947;241890;113717;40.6;19.1
22;2021-05-19;6130;708;248020;114425;41.6;19.2
22;2021-05-20;6586;1371;254606;115796;42.7;19.4
22;2021-05-21;5897;1452;260503;117248;43.7;19.7
22;2021-05-22;4092;773;264595;118021;44.4;19.8
22;2021-05-23;407;17;265002;118038;44.4;19.8
22;2021-05-24;5313;225;270315;118263;45.3;19.8
22;2021-05-25;5637;1174;275952;119437;46.3;20.0
22;2021-05-26;4222;2807;280174;122244;47.0;20.5
22;2021-05-27;4506;3836;284680;126080;47.8;21.1
22;2021-05-28;4384;4434;289064;130514;48.5;21.9
22;2021-05-29;3046;1770;292110;132284;49.0;22.2
22;2021-05-30;19;7;292129;132291;49.0;22.2
22;2021-05-31;3654;3152;295783;135443;49.6;22.7
22;2021-06-01;3523;3686;299306;139129;50.2;23.3
22;2021-06-02;3086;3381;302392;142510;50.7;23.9
22;2021-06-03;3197;4094;305589;146604;51.3;24.6
22;2021-06-04;3373;4543;308962;151147;51.8;25.4
22;2021-06-05;3543;2026;312505;153173;52.4;25.7
22;2021-06-06;214;30;312719;153203;52.5;25.7
22;2021-06-07;3046;3255;315765;156458;53.0;26.2
22;2021-06-08;2800;3531;318565;159989;53.4;26.8
22;2021-06-09;2543;3507;321108;163496;53.9;27.4
22;2021-06-10;2517;4250;323625;167746;54.3;28.1
22;2021-06-11;2552;4228;326177;171974;54.7;28.8
22;2021-06-12;2414;1455;328591;173429;55.1;29.1
22;2021-06-13;133;1093;328724;174522;55.1;29.3
22;2021-06-14;2644;2468;331368;176990;55.6;29.7
22;2021-06-15;3096;2996;334464;179986;56.1;30.2
22;2021-06-16;3008;2805;337472;182791;56.6;30.7
22;2021-06-17;2563;3175;340035;185966;57.0;31.2
22;2021-06-18;3099;4113;343134;190079;57.6;31.9
22;2021-06-19;2986;1456;346120;191535;58.1;32.1
22;2021-06-20;155;8;346275;191543;58.1;32.1
22;2021-06-21;1782;5021;348057;196564;58.4;33.0
22;2021-06-22;2403;5554;350460;202118;58.8;33.9
22;2021-06-23;1284;6204;351744;208322;59.0;34.9
22;2021-06-24;2578;3912;354322;212234;59.4;35.6
22;2021-06-25;1568;6813;355890;219047;59.7;36.7
22;2021-06-26;783;3855;356673;222902;59.8;37.4
22;2021-06-27;4;511;356677;223413;59.8;37.5
22;2021-06-28;1051;5586;357728;228999;60.0;38.4
22;2021-06-29;1375;5952;359103;234951;60.2;39.4
22;2021-06-30;1131;5738;360234;240689;60.4;40.4
22;2021-07-01;1383;6036;361617;246725;60.7;41.4
22;2021-07-02;1712;6091;363329;252816;60.9;42.4
22;2021-07-03;1008;3819;364337;256635;61.1;43.0
22;2021-07-04;149;365;364486;257000;61.1;43.1
22;2021-07-05;1597;5803;366083;262803;61.4;44.1
22;2021-07-06;2315;5994;368398;268797;61.8;45.1
22;2021-07-07;2294;4933;370692;273730;62.2;45.9
22;2021-07-08;2503;5098;373195;278828;62.6;46.8
22;2021-07-09;2498;5386;375693;284214;63.0;47.7
22;2021-07-10;1808;3357;377501;287571;63.3;48.2
22;2021-07-11;484;74;377985;287645;63.4;48.2
22;2021-07-12;2333;4733;380318;292378;63.8;49.0
22;2021-07-13;3783;5055;384101;297433;64.4;49.9
22;2021-07-14;700;2495;384801;299928;64.5;50.3
22;2021-07-15;3869;4620;388670;304548;65.2;51.1
22;2021-07-16;3835;5288;392505;309836;65.8;52.0
22;2021-07-17;2555;3411;395060;313247;66.3;52.5
22;2021-07-18;570;87;395630;313334;66.4;52.6
22;2021-07-19;2771;4105;398401;317439;66.8;53.2
22;2021-07-20;3922;4132;402323;321571;67.5;53.9
22;2021-07-21;3996;3411;406319;324982;68.2;54.5
22;2021-07-22;4858;3705;411177;328687;69.0;55.1
22;2021-07-23;4451;4218;415628;332905;69.7;55.8
22;2021-07-24;2260;2616;417888;335521;70.1;56.3
22;2021-07-25;118;149;418006;335670;70.1;56.3
22;2021-07-26;3023;3920;421029;339590;70.6;57.0
22;2021-07-27;3721;4914;424750;344504;71.2;57.8
22;2021-07-28;3706;3657;428456;348161;71.9;58.4
22;2021-07-29;4288;3779;432744;351940;72.6;59.0
22;2021-07-30;4035;3975;436779;355915;73.3;59.7
22;2021-07-31;2402;2805;439181;358720;73.7;60.2
22;2021-08-01;117;151;439298;358871;73.7;60.2
22;2021-08-02;4663;2549;443961;361420;74.5;60.6
22;2021-08-03;4781;3427;448742;364847;75.3;61.2
22;2021-08-04;5757;2498;454499;367345;76.2;61.6
22;2021-08-05;4115;3807;458614;371152;76.9;62.3
22;2021-08-06;3645;3813;462259;374965;77.5;62.9
22;2021-08-07;2347;2263;464606;377228;77.9;63.3
22;2021-08-08;422;71;465028;377299;78.0;63.3
22;2021-08-09;2714;2703;467742;380002;78.5;63.7
22;2021-08-10;2707;3510;470449;383512;78.9;64.3
22;2021-08-11;2399;3116;472848;386628;79.3;64.9
22;2021-08-12;2181;3481;475029;390109;79.7;65.4
22;2021-08-13;1893;2973;476922;393082;80.0;65.9
22;2021-08-14;1322;1913;478244;394995;80.2;66.3
22;2021-08-15;85;198;478329;395193;80.2;66.3
22;2021-08-16;1460;3180;479789;398373;80.5;66.8
22;2021-08-17;1739;3460;481528;401833;80.8;67.4
22;2021-08-18;1398;3305;482926;405138;81.0;68.0
22;2021-08-19;1299;3608;484225;408746;81.2;68.6
22;2021-08-20;1443;3599;485668;412345;81.5;69.2
22;2021-08-21;804;2259;486472;414604;81.6;69.5
22;2021-08-22;151;308;486623;414912;81.6;69.6
22;2021-08-23;1951;3611;488574;418523;81.9;70.2
22;2021-08-24;1420;3247;489994;421770;82.2;70.7
22;2021-08-25;838;2508;490832;424278;82.3;71.2
22;2021-08-26;1052;4292;491884;428570;82.5;71.9
22;2021-08-27;1309;4600;493193;433170;82.7;72.7
22;2021-08-28;727;2518;493920;435688;82.8;73.1
22;2021-08-29;35;26;493955;435714;82.9;73.1
22;2021-08-30;919;2964;494874;438678;83.0;73.6
22;2021-08-31;963;3796;495837;442474;83.2;74.2
22;2021-09-01;953;3408;496790;445882;83.3;74.8
22;2021-09-02;828;3036;497618;448918;83.5;75.3
22;2021-09-03;927;3047;498545;451965;83.6;75.8
22;2021-09-04;778;2719;499323;454684;83.8;76.3
22;2021-09-05;95;47;499418;454731;83.8;76.3
22;2021-09-06;487;2153;499905;456884;83.9;76.6
22;2021-09-07;505;2272;500410;459156;83.9;77.0
22;2021-09-08;613;2170;501023;461326;84.0;77.4
23;2020-12-27;0;0;0;0;0.0;0.0
23;2020-12-28;1;0;1;0;0.0;0.0
23;2020-12-29;0;0;1;0;0.0;0.0
23;2020-12-30;0;0;1;0;0.0;0.0
23;2020-12-31;0;0;1;0;0.0;0.0
23;2021-01-01;0;0;1;0;0.0;0.0
23;2021-01-02;1;0;2;0;0.0;0.0
23;2021-01-03;0;0;2;0;0.0;0.0
23;2021-01-04;1;0;3;0;0.0;0.0
23;2021-01-05;3;0;6;0;0.0;0.0
23;2021-01-06;10;0;16;0;0.0;0.0
23;2021-01-07;116;1;132;1;0.1;0.0
23;2021-01-08;117;0;249;1;0.2;0.0
23;2021-01-09;36;0;285;1;0.2;0.0
23;2021-01-10;1;0;286;1;0.2;0.0
23;2021-01-11;176;1;462;2;0.4;0.0
23;2021-01-12;238;3;700;5;0.6;0.0
23;2021-01-13;308;0;1008;5;0.9;0.0
23;2021-01-14;293;4;1301;9;1.1;0.0
23;2021-01-15;334;5;1635;14;1.4;0.0
23;2021-01-16;163;1;1798;15;1.5;0.0
23;2021-01-17;0;0;1798;15;1.5;0.0
23;2021-01-18;342;3;2140;18;1.8;0.0
23;2021-01-19;498;2;2638;20;2.3;0.0
23;2021-01-20;362;1;3000;21;2.6;0.0
23;2021-01-21;698;1;3698;22;3.2;0.0
23;2021-01-22;479;0;4177;22;3.6;0.0
23;2021-01-23;368;1;4545;23;3.9;0.0
23;2021-01-24;0;0;4545;23;3.9;0.0
23;2021-01-25;382;17;4927;40;4.2;0.0
23;2021-01-26;301;5;5228;45;4.5;0.0
23;2021-01-27;228;2;5456;47;4.7;0.0
23;2021-01-28;232;35;5688;82;4.9;0.1
23;2021-01-29;303;100;5991;182;5.2;0.2
23;2021-01-30;100;25;6091;207;5.2;0.2
23;2021-01-31;2;33;6093;240;5.2;0.2
23;2021-02-01;148;83;6241;323;5.4;0.3
23;2021-02-02;157;111;6398;434;5.5;0.4
23;2021-02-03;105;184;6503;618;5.6;0.5
23;2021-02-04;78;256;6581;874;5.7;0.8
23;2021-02-05;117;285;6698;1159;5.8;1.0
23;2021-02-06;14;147;6712;1306;5.8;1.1
23;2021-02-07;1;0;6713;1306;5.8;1.1
23;2021-02-08;124;184;6837;1490;5.9;1.3
23;2021-02-09;89;272;6926;1762;6.0;1.5
23;2021-02-10;92;254;7018;2016;6.0;1.7
23;2021-02-11;245;577;7263;2593;6.2;2.2
23;2021-02-12;174;269;7437;2862;6.4;2.5
23;2021-02-13;8;188;7445;3050;6.4;2.6
23;2021-02-14;8;0;7453;3050;6.4;2.6
23;2021-02-15;157;331;7610;3381;6.5;2.9
23;2021-02-16;103;395;7713;3776;6.6;3.2
23;2021-02-17;65;433;7778;4209;6.7;3.6
23;2021-02-18;142;329;7920;4538;6.8;3.9
23;2021-02-19;109;229;8029;4767;6.9;4.1
23;2021-02-20;2;86;8031;4853;6.9;4.2
23;2021-02-21;0;0;8031;4853;6.9;4.2
23;2021-02-22;104;192;8135;5045;7.0;4.3
23;2021-02-23;109;187;8244;5232;7.1;4.5
23;2021-02-24;176;150;8420;5382;7.2;4.6
23;2021-02-25;184;95;8604;5477;7.4;4.7
23;2021-02-26;287;161;8891;5638;7.6;4.8
23;2021-02-27;112;11;9003;5649;7.7;4.9
23;2021-02-28;1;31;9004;5680;7.7;4.9
23;2021-03-01;88;185;9092;5865;7.8;5.0
23;2021-03-02;229;120;9321;5985;8.0;5.1
23;2021-03-03;133;84;9454;6069;8.1;5.2
23;2021-03-04;307;136;9761;6205;8.4;5.3
23;2021-03-05;517;105;10278;6310;8.8;5.4
23;2021-03-06;494;7;10772;6317;9.3;5.4
23;2021-03-07;313;3;11085;6320;9.5;5.4
23;2021-03-08;197;71;11282;6391;9.7;5.5
23;2021-03-09;421;102;11703;6493;10.1;5.6
23;2021-03-10;348;38;12051;6531;10.4;5.6
23;2021-03-11;324;44;12375;6575;10.6;5.7
23;2021-03-12;618;34;12993;6609;11.2;5.7
23;2021-03-13;287;12;13280;6621;11.4;5.7
23;2021-03-14;47;34;13327;6655;11.5;5.7
23;2021-03-15;220;125;13547;6780;11.7;5.8
23;2021-03-16;192;86;13739;6866;11.8;5.9
23;2021-03-17;131;101;13870;6967;11.9;6.0
23;2021-03-18;193;95;14063;7062;12.1;6.1
23;2021-03-19;205;120;14268;7182;12.3;6.2
23;2021-03-20;631;37;14899;7219;12.8;6.2
23;2021-03-21;128;0;15027;7219;12.9;6.2
23;2021-03-22;274;157;15301;7376;13.2;6.3
23;2021-03-23;504;103;15805;7479;13.6;6.4
23;2021-03-24;423;124;16228;7603;14.0;6.5
23;2021-03-25;819;188;17047;7791;14.7;6.7
23;2021-03-26;735;194;17782;7985;15.3;6.9
23;2021-03-27;505;50;18287;8035;15.7;6.9
23;2021-03-28;3;9;18290;8044;15.7;6.9
23;2021-03-29;358;109;18648;8153;16.0;7.0
23;2021-03-30;537;178;19185;8331;16.5;7.2
23;2021-03-31;411;173;19596;8504;16.9;7.3
23;2021-04-01;600;172;20196;8676;17.4;7.5
23;2021-04-02;498;298;20694;8974;17.8;7.7
23;2021-04-03;715;44;21409;9018;18.4;7.8
23;2021-04-04;4;0;21413;9018;18.4;7.8
23;2021-04-05;2;3;21415;9021;18.4;7.8
23;2021-04-06;382;293;21797;9314;18.7;8.0
23;2021-04-07;707;309;22504;9623;19.4;8.3
23;2021-04-08;805;236;23309;9859;20.0;8.5
23;2021-04-09;940;368;24249;10227;20.9;8.8
23;2021-04-10;1097;111;25346;10338;21.8;8.9
23;2021-04-11;21;2;25367;10340;21.8;8.9
23;2021-04-12;692;236;26059;10576;22.4;9.1
23;2021-04-13;669;302;26728;10878;23.0;9.4
23;2021-04-14;586;178;27314;11056;23.5;9.5
23;2021-04-15;930;185;28244;11241;24.3;9.7
23;2021-04-16;902;212;29146;11453;25.1;9.9
23;2021-04-17;996;553;30142;12006;25.9;10.3
23;2021-04-18;3;136;30145;12142;25.9;10.4
23;2021-04-19;613;297;30758;12439;26.5;10.7
23;2021-04-20;721;292;31479;12731;27.1;10.9
23;2021-04-21;733;397;32212;13128;27.7;11.3
23;2021-04-22;657;472;32869;13600;28.3;11.7
23;2021-04-23;596;345;33465;13945;28.8;12.0
23;2021-04-24;855;448;34320;14393;29.5;12.4
23;2021-04-25;0;0;34320;14393;29.5;12.4
23;2021-04-26;616;252;34936;14645;30.0;12.6
23;2021-04-27;675;425;35611;15070;30.6;13.0
23;2021-04-28;628;277;36239;15347;31.2;13.2
23;2021-04-29;883;379;37122;15726;31.9;13.5
23;2021-04-30;719;784;37841;16510;32.5;14.2
23;2021-05-01;1229;42;39070;16552;33.6;14.2
23;2021-05-02;14;0;39084;16552;33.6;14.2
23;2021-05-03;434;520;39518;17072;34.0;14.7
23;2021-05-04;617;513;40135;17585;34.5;15.1
23;2021-05-05;540;713;40675;18298;35.0;15.7
23;2021-05-06;728;700;41403;18998;35.6;16.3
23;2021-05-07;685;643;42088;19641;36.2;16.9
23;2021-05-08;1411;588;43499;20229;37.4;17.4
23;2021-05-09;4;0;43503;20229;37.4;17.4
23;2021-05-10;555;656;44058;20885;37.9;18.0
23;2021-05-11;560;764;44618;21649;38.4;18.6
23;2021-05-12;720;662;45338;22311;39.0;19.2
23;2021-05-13;537;56;45875;22367;39.5;19.2
23;2021-05-14;788;458;46663;22825;40.1;19.6
23;2021-05-15;995;235;47658;23060;41.0;19.8
23;2021-05-16;0;0;47658;23060;41.0;19.8
23;2021-05-17;568;448;48226;23508;41.5;20.2
23;2021-05-18;777;292;49003;23800;42.1;20.5
23;2021-05-19;1051;259;50054;24059;43.0;20.7
23;2021-05-20;837;315;50891;24374;43.8;21.0
23;2021-05-21;1108;311;51999;24685;44.7;21.2
23;2021-05-22;740;125;52739;24810;45.4;21.3
23;2021-05-23;3;20;52742;24830;45.4;21.4
23;2021-05-24;363;166;53105;24996;45.7;21.5
23;2021-05-25;908;336;54013;25332;46.5;21.8
23;2021-05-26;1078;227;55091;25559;47.4;22.0
23;2021-05-27;932;438;56023;25997;48.2;22.4
23;2021-05-28;781;743;56804;26740;48.9;23.0
23;2021-05-29;638;1100;57442;27840;49.4;23.9
23;2021-05-30;6;63;57448;27903;49.4;24.0
23;2021-05-31;433;539;57881;28442;49.8;24.5
23;2021-06-01;583;828;58464;29270;50.3;25.2
23;2021-06-02;625;520;59089;29790;50.8;25.6
23;2021-06-03;709;552;59798;30342;51.4;26.1
23;2021-06-04;779;614;60577;30956;52.1;26.6
23;2021-06-05;545;777;61122;31733;52.6;27.3
23;2021-06-06;0;0;61122;31733;52.6;27.3
23;2021-06-07;393;697;61515;32430;52.9;27.9
23;2021-06-08;323;777;61838;33207;53.2;28.6
23;2021-06-09;287;649;62125;33856;53.4;29.1
23;2021-06-10;374;689;62499;34545;53.8;29.7
23;2021-06-11;384;808;62883;35353;54.1;30.4
23;2021-06-12;377;1266;63260;36619;54.4;31.5
23;2021-06-13;13;5;63273;36624;54.4;31.5
23;2021-06-14;235;590;63508;37214;54.6;32.0
23;2021-06-15;231;861;63739;38075;54.8;32.7
23;2021-06-16;362;579;64101;38654;55.1;33.2
23;2021-06-17;339;810;64440;39464;55.4;33.9
23;2021-06-18;356;767;64796;40231;55.7;34.6
23;2021-06-19;492;1523;65288;41754;56.2;35.9
23;2021-06-20;2;11;65290;41765;56.2;35.9
23;2021-06-21;205;620;65495;42385;56.3;36.5
23;2021-06-22;216;687;65711;43072;56.5;37.0
23;2021-06-23;221;750;65932;43822;56.7;37.7
23;2021-06-24;200;606;66132;44428;56.9;38.2
23;2021-06-25;302;816;66434;45244;57.1;38.9
23;2021-06-26;221;999;66655;46243;57.3;39.8
23;2021-06-27;3;0;66658;46243;57.3;39.8
23;2021-06-28;115;693;66773;46936;57.4;40.4
23;2021-06-29;189;823;66962;47759;57.6;41.1
23;2021-06-30;169;944;67131;48703;57.7;41.9
23;2021-07-01;168;870;67299;49573;57.9;42.6
23;2021-07-02;192;1069;67491;50642;58.0;43.6
23;2021-07-03;250;979;67741;51621;58.3;44.4
23;2021-07-04;1;0;67742;51621;58.3;44.4
23;2021-07-05;160;805;67902;52426;58.4;45.1
23;2021-07-06;214;1043;68116;53469;58.6;46.0
23;2021-07-07;210;850;68326;54319;58.8;46.7
23;2021-07-08;254;739;68580;55058;59.0;47.4
23;2021-07-09;275;1012;68855;56070;59.2;48.2
23;2021-07-10;234;644;69089;56714;59.4;48.8
23;2021-07-11;0;0;69089;56714;59.4;48.8
23;2021-07-12;232;702;69321;57416;59.6;49.4
23;2021-07-13;471;917;69792;58333;60.0;50.2
23;2021-07-14;212;320;70004;58653;60.2;50.4
23;2021-07-15;481;810;70485;59463;60.6;51.1
23;2021-07-16;765;568;71250;60031;61.3;51.6
23;2021-07-17;220;478;71470;60509;61.5;52.0
23;2021-07-18;0;1;71470;60510;61.5;52.0
23;2021-07-19;704;630;72174;61140;62.1;52.6
23;2021-07-20;633;568;72807;61708;62.6;53.1
23;2021-07-21;702;635;73509;62343;63.2;53.6
23;2021-07-22;945;437;74454;62780;64.0;54.0
23;2021-07-23;842;508;75296;63288;64.8;54.4
23;2021-07-24;1013;439;76309;63727;65.6;54.8
23;2021-07-25;13;16;76322;63743;65.6;54.8
23;2021-07-26;787;566;77109;64309;66.3;55.3
23;2021-07-27;929;436;78038;64745;67.1;55.7
23;2021-07-28;878;412;78916;65157;67.9;56.0
23;2021-07-29;1050;400;79966;65557;68.8;56.4
23;2021-07-30;947;522;80913;66079;69.6;56.8
23;2021-07-31;1166;306;82079;66385;70.6;57.1
23;2021-08-01;19;8;82098;66393;70.6;57.1
23;2021-08-02;673;506;82771;66899;71.2;57.5
23;2021-08-03;766;459;83537;67358;71.8;57.9
23;2021-08-04;612;297;84149;67655;72.4;58.2
23;2021-08-05;692;364;84841;68019;73.0;58.5
23;2021-08-06;422;483;85263;68502;73.3;58.9
23;2021-08-07;299;189;85562;68691;73.6;59.1
23;2021-08-08;146;38;85708;68729;73.7;59.1
23;2021-08-09;493;492;86201;69221;74.1;59.5
23;2021-08-10;467;608;86668;69829;74.5;60.1
23;2021-08-11;426;488;87094;70317;74.9;60.5
23;2021-08-12;513;568;87607;70885;75.3;61.0
23;2021-08-13;418;578;88025;71463;75.7;61.5
23;2021-08-14;286;390;88311;71853;76.0;61.8
23;2021-08-15;27;9;88338;71862;76.0;61.8
23;2021-08-16;277;711;88615;72573;76.2;62.4
23;2021-08-17;278;730;88893;73303;76.5;63.0
23;2021-08-18;179;635;89072;73938;76.6;63.6
23;2021-08-19;257;727;89329;74665;76.8;64.2
23;2021-08-20;213;682;89542;75347;77.0;64.8
23;2021-08-21;140;499;89682;75846;77.1;65.2
23;2021-08-22;54;48;89736;75894;77.2;65.3
23;2021-08-23;149;818;89885;76712;77.3;66.0
23;2021-08-24;262;911;90147;77623;77.5;66.8
23;2021-08-25;185;791;90332;78414;77.7;67.4
23;2021-08-26;215;744;90547;79158;77.9;68.1
23;2021-08-27;213;641;90760;79799;78.1;68.6
23;2021-08-28;219;454;90979;80253;78.2;69.0
23;2021-08-29;15;88;90994;80341;78.3;69.1
23;2021-08-30;187;665;91181;81006;78.4;69.7
23;2021-08-31;228;671;91409;81677;78.6;70.2
23;2021-09-01;160;427;91569;82104;78.8;70.6
23;2021-09-02;117;346;91686;82450;78.9;70.9
23;2021-09-03;207;583;91893;83033;79.0;71.4
23;2021-09-04;179;846;92072;83879;79.2;72.1
23;2021-09-05;5;7;92077;83886;79.2;72.1
23;2021-09-06;131;489;92208;84375;79.3;72.6
23;2021-09-07;96;526;92304;84901;79.4;73.0
23;2021-09-08;120;487;92424;85388;79.5;73.4
24;2020-12-27;0;0;0;0;0.0;0.0
24;2020-12-28;1;0;1;0;0.0;0.0
24;2020-12-29;2;0;3;0;0.0;0.0
24;2020-12-30;1;0;4;0;0.0;0.0
24;2020-12-31;1;0;5;0;0.0;0.0
24;2021-01-01;1;0;6;0;0.0;0.0
24;2021-01-02;0;0;6;0;0.0;0.0
24;2021-01-03;0;0;6;0;0.0;0.0
24;2021-01-04;1;0;7;0;0.0;0.0
24;2021-01-05;1;0;8;0;0.0;0.0
24;2021-01-06;2;0;10;0;0.0;0.0
24;2021-01-07;190;0;200;0;0.0;0.0
24;2021-01-08;282;0;482;0;0.1;0.0
24;2021-01-09;185;13;667;13;0.2;0.0
24;2021-01-10;35;0;702;13;0.2;0.0
24;2021-01-11;269;0;971;13;0.2;0.0
24;2021-01-12;280;0;1251;13;0.3;0.0
24;2021-01-13;233;0;1484;13;0.4;0.0
24;2021-01-14;1015;23;2499;36;0.6;0.0
24;2021-01-15;605;5;3104;41;0.8;0.0
24;2021-01-16;87;0;3191;41;0.8;0.0
24;2021-01-17;2;1;3193;42;0.8;0.0
24;2021-01-18;300;0;3493;42;0.9;0.0
24;2021-01-19;468;1;3961;43;1.0;0.0
24;2021-01-20;555;0;4516;43;1.1;0.0
24;2021-01-21;645;6;5161;49;1.3;0.0
24;2021-01-22;514;1;5675;50;1.4;0.0
24;2021-01-23;152;1;5827;51;1.4;0.0
24;2021-01-24;3;0;5830;51;1.4;0.0
24;2021-01-25;442;0;6272;51;1.5;0.0
24;2021-01-26;638;66;6910;117;1.7;0.0
24;2021-01-27;1267;12;8177;129;2.0;0.0
24;2021-01-28;983;127;9160;256;2.2;0.1
24;2021-01-29;932;138;10092;394;2.5;0.1
24;2021-01-30;282;1;10374;395;2.5;0.1
24;2021-01-31;0;0;10374;395;2.5;0.1
24;2021-02-01;377;164;10751;559;2.6;0.1
24;2021-02-02;616;292;11367;851;2.8;0.2
24;2021-02-03;653;479;12020;1330;2.9;0.3
24;2021-02-04;978;388;12998;1718;3.2;0.4
24;2021-02-05;690;406;13688;2124;3.4;0.5
24;2021-02-06;141;35;13829;2159;3.4;0.5
24;2021-02-07;33;1;13862;2160;3.4;0.5
24;2021-02-08;309;227;14171;2387;3.5;0.6
24;2021-02-09;454;230;14625;2617;3.6;0.6
24;2021-02-10;378;102;15003;2719;3.7;0.7
24;2021-02-11;561;491;15564;3210;3.8;0.8
24;2021-02-12;495;381;16059;3591;3.9;0.9
24;2021-02-13;202;43;16261;3634;4.0;0.9
24;2021-02-14;89;0;16350;3634;4.0;0.9
24;2021-02-15;187;212;16537;3846;4.0;0.9
24;2021-02-16;336;477;16873;4323;4.1;1.1
24;2021-02-17;584;805;17457;5128;4.3;1.3
24;2021-02-18;443;671;17900;5799;4.4;1.4
24;2021-02-19;462;658;18362;6457;4.5;1.6
24;2021-02-20;163;119;18525;6576;4.5;1.6
24;2021-02-21;109;0;18634;6576;4.6;1.6
24;2021-02-22;426;481;19060;7057;4.7;1.7
24;2021-02-23;562;626;19622;7683;4.8;1.9
24;2021-02-24;538;774;20160;8457;4.9;2.1
24;2021-02-25;728;807;20888;9264;5.1;2.3
24;2021-02-26;977;898;21865;10162;5.4;2.5
24;2021-02-27;363;251;22228;10413;5.4;2.5
24;2021-02-28;25;4;22253;10417;5.4;2.6
24;2021-03-01;292;336;22545;10753;5.5;2.6
24;2021-03-02;539;392;23084;11145;5.7;2.7
24;2021-03-03;681;315;23765;11460;5.8;2.8
24;2021-03-04;914;487;24679;11947;6.0;2.9
24;2021-03-05;1067;539;25746;12486;6.3;3.1
24;2021-03-06;1127;138;26873;12624;6.6;3.1
24;2021-03-07;232;63;27105;12687;6.6;3.1
24;2021-03-08;531;248;27636;12935;6.8;3.2
24;2021-03-09;1173;430;28809;13365;7.1;3.3
24;2021-03-10;1142;442;29951;13807;7.3;3.4
24;2021-03-11;1604;460;31555;14267;7.7;3.5
24;2021-03-12;2052;440;33607;14707;8.2;3.6
24;2021-03-13;1348;193;34955;14900;8.6;3.6
24;2021-03-14;141;93;35096;14993;8.6;3.7
24;2021-03-15;954;169;36050;15162;8.8;3.7
24;2021-03-16;1143;229;37193;15391;9.1;3.8
24;2021-03-17;1218;283;38411;15674;9.4;3.8
24;2021-03-18;1055;556;39466;16230;9.7;4.0
24;2021-03-19;1252;534;40718;16764;10.0;4.1
24;2021-03-20;1055;145;41773;16909;10.2;4.1
24;2021-03-21;25;11;41798;16920;10.2;4.1
24;2021-03-22;1224;423;43022;17343;10.5;4.2
24;2021-03-23;1881;398;44903;17741;11.0;4.3
24;2021-03-24;1891;382;46794;18123;11.5;4.4
24;2021-03-25;1991;471;48785;18594;11.9;4.6
24;2021-03-26;2374;282;51159;18876;12.5;4.6
24;2021-03-27;1350;42;52509;18918;12.9;4.6
24;2021-03-28;63;9;52572;18927;12.9;4.6
24;2021-03-29;1673;328;54245;19255;13.3;4.7
24;2021-03-30;2410;390;56655;19645;13.9;4.8
24;2021-03-31;2183;309;58838;19954;14.4;4.9
24;2021-04-01;2197;308;61035;20262;14.9;5.0
24;2021-04-02;2071;395;63106;20657;15.5;5.1
24;2021-04-03;1376;122;64482;20779;15.8;5.1
24;2021-04-04;74;1;64556;20780;15.8;5.1
24;2021-04-05;947;59;65503;20839;16.0;5.1
24;2021-04-06;2354;701;67857;21540;16.6;5.3
24;2021-04-07;2717;693;70574;22233;17.3;5.4
24;2021-04-08;3007;962;73581;23195;18.0;5.7
24;2021-04-09;3488;1008;77069;24203;18.9;5.9
24;2021-04-10;2595;314;79664;24517;19.5;6.0
24;2021-04-11;1103;20;80767;24537;19.8;6.0
24;2021-04-12;2498;815;83265;25352;20.4;6.2
24;2021-04-13;2903;1201;86168;26553;21.1;6.5
24;2021-04-14;2939;1196;89107;27749;21.8;6.8
24;2021-04-15;2792;1102;91899;28851;22.5;7.1
24;2021-04-16;3266;974;95165;29825;23.3;7.3
24;2021-04-17;2273;501;97438;30326;23.9;7.4
24;2021-04-18;424;6;97862;30332;24.0;7.4
24;2021-04-19;1599;1013;99461;31345;24.4;7.7
24;2021-04-20;2269;1432;101730;32777;24.9;8.0
24;2021-04-21;2146;1443;103876;34220;25.4;8.4
24;2021-04-22;2060;1257;105936;35477;25.9;8.7
24;2021-04-23;1958;1335;107894;36812;26.4;9.0
24;2021-04-24;863;724;108757;37536;26.6;9.2
24;2021-04-25;54;4;108811;37540;26.6;9.2
24;2021-04-26;1296;1477;110107;39017;27.0;9.6
24;2021-04-27;1851;1880;111958;40897;27.4;10.0
24;2021-04-28;1506;1951;113464;42848;27.8;10.5
24;2021-04-29;1730;1887;115194;44735;28.2;11.0
24;2021-04-30;2272;1774;117466;46509;28.8;11.4
24;2021-05-01;2059;1066;119525;47575;29.3;11.6
24;2021-05-02;1924;215;121449;47790;29.7;11.7
24;2021-05-03;1474;1832;122923;49622;30.1;12.2
24;2021-05-04;2227;2301;125150;51923;30.6;12.7
24;2021-05-05;1890;2719;127040;54642;31.1;13.4
24;2021-05-06;1889;2797;128929;57439;31.6;14.1
24;2021-05-07;2267;2789;131196;60228;32.1;14.7
24;2021-05-08;1285;1152;132481;61380;32.4;15.0
24;2021-05-09;1169;903;133650;62283;32.7;15.3
24;2021-05-10;1098;2629;134748;64912;33.0;15.9
24;2021-05-11;2039;2782;136787;67694;33.5;16.6
24;2021-05-12;1924;2251;138711;69945;34.0;17.1
24;2021-05-13;1465;1216;140176;71161;34.3;17.4
24;2021-05-14;2378;1332;142554;72493;34.9;17.8
24;2021-05-15;2047;817;144601;73310;35.4;18.0
24;2021-05-16;1171;347;145772;73657;35.7;18.0
24;2021-05-17;2242;1252;148014;74909;36.2;18.3
24;2021-05-18;2484;1819;150498;76728;36.9;18.8
24;2021-05-19;2284;1376;152782;78104;37.4;19.1
24;2021-05-20;2375;1573;155157;79677;38.0;19.5
24;2021-05-21;2433;1415;157590;81092;38.6;19.9
24;2021-05-22;1719;411;159309;81503;39.0;20.0
24;2021-05-23;952;72;160261;81575;39.2;20.0
24;2021-05-24;1516;334;161777;81909;39.6;20.1
24;2021-05-25;2298;1385;164075;83294;40.2;20.4
24;2021-05-26;2149;1319;166224;84613;40.7;20.7
24;2021-05-27;1748;2194;167972;86807;41.1;21.3
24;2021-05-28;2145;2005;170117;88812;41.7;21.7
24;2021-05-29;1154;2083;171271;90895;41.9;22.3
24;2021-05-30;1418;171;172689;91066;42.3;22.3
24;2021-05-31;1744;1364;174433;92430;42.7;22.6
24;2021-06-01;2583;1979;177016;94409;43.3;23.1
24;2021-06-02;2654;1786;179670;96195;44.0;23.6
24;2021-06-03;2291;1462;181961;97657;44.6;23.9
24;2021-06-04;2381;1900;184342;99557;45.1;24.4
24;2021-06-05;2007;1416;186349;100973;45.6;24.7
24;2021-06-06;767;223;187116;101196;45.8;24.8
24;2021-06-07;1432;1497;188548;102693;46.2;25.1
24;2021-06-08;1678;1905;190226;104598;46.6;25.6
24;2021-06-09;1323;1597;191549;106195;46.9;26.0
24;2021-06-10;1576;1911;193125;108106;47.3;26.5
24;2021-06-11;1335;2079;194460;110185;47.6;27.0
24;2021-06-12;1120;2545;195580;112730;47.9;27.6
24;2021-06-13;1238;921;196818;113651;48.2;27.8
24;2021-06-14;1166;1858;197984;115509;48.5;28.3
24;2021-06-15;1486;2991;199470;118500;48.8;29.0
24;2021-06-16;1670;2733;201140;121233;49.3;29.7
24;2021-06-17;1544;2176;202684;123409;49.6;30.2
24;2021-06-18;1400;2859;204084;126268;50.0;30.9
24;2021-06-19;1274;1522;205358;127790;50.3;31.3
24;2021-06-20;514;501;205872;128291;50.4;31.4
24;2021-06-21;932;1836;206804;130127;50.6;31.9
24;2021-06-22;1452;2592;208256;132719;51.0;32.5
24;2021-06-23;1427;2421;209683;135140;51.3;33.1
24;2021-06-24;1138;1917;210821;137057;51.6;33.6
24;2021-06-25;968;2818;211789;139875;51.9;34.3
24;2021-06-26;866;2106;212655;141981;52.1;34.8
24;2021-06-27;402;979;213057;142960;52.2;35.0
24;2021-06-28;818;2482;213875;145442;52.4;35.6
24;2021-06-29;939;2868;214814;148310;52.6;36.3
24;2021-06-30;1113;2459;215927;150769;52.9;36.9
24;2021-07-01;1132;2303;217059;153072;53.1;37.5
24;2021-07-02;1099;2743;218158;155815;53.4;38.2
24;2021-07-03;811;1903;218969;157718;53.6;38.6
24;2021-07-04;410;1014;219379;158732;53.7;38.9
24;2021-07-05;795;2316;220174;161048;53.9;39.4
24;2021-07-06;880;3354;221054;164402;54.1;40.3
24;2021-07-07;1084;3043;222138;167445;54.4;41.0
24;2021-07-08;1342;2119;223480;169564;54.7;41.5
24;2021-07-09;1178;3218;224658;172782;55.0;42.3
24;2021-07-10;480;1963;225138;174745;55.1;42.8
24;2021-07-11;587;1189;225725;175934;55.3;43.1
24;2021-07-12;907;2518;226632;178452;55.5;43.7
24;2021-07-13;1324;3214;227956;181666;55.8;44.5
24;2021-07-14;618;1188;228574;182854;56.0;44.8
24;2021-07-15;1697;2777;230271;185631;56.4;45.5
24;2021-07-16;2149;2598;232420;188229;56.9;46.1
24;2021-07-17;1529;2236;233949;190465;57.3;46.6
24;2021-07-18;709;887;234658;191352;57.5;46.9
24;2021-07-19;1578;2188;236236;193540;57.8;47.4
24;2021-07-20;2020;2441;238256;195981;58.3;48.0
24;2021-07-21;1875;2329;240131;198310;58.8;48.6
24;2021-07-22;2351;2441;242482;200751;59.4;49.2
24;2021-07-23;2304;2623;244786;203374;59.9;49.8
24;2021-07-24;1808;1546;246594;204920;60.4;50.2
24;2021-07-25;816;874;247410;205794;60.6;50.4
24;2021-07-26;1573;2015;248983;207809;61.0;50.9
24;2021-07-27;2853;2291;251836;210100;61.7;51.4
24;2021-07-28;2764;1935;254600;212035;62.3;51.9
24;2021-07-29;3067;2238;257667;214273;63.1;52.5
24;2021-07-30;2466;1920;260133;216193;63.7;52.9
24;2021-07-31;1651;1564;261784;217757;64.1;53.3
24;2021-08-01;1118;654;262902;218411;64.4;53.5
24;2021-08-02;1943;1618;264845;220029;64.9;53.9
24;2021-08-03;2889;1906;267734;221935;65.6;54.3
24;2021-08-04;3080;1628;270814;223563;66.3;54.7
24;2021-08-05;3048;1435;273862;224998;67.1;55.1
24;2021-08-06;2536;1537;276398;226535;67.7;55.5
24;2021-08-07;1789;1118;278187;227653;68.1;55.7
24;2021-08-08;1105;684;279292;228337;68.4;55.9
24;2021-08-09;1741;1386;281033;229723;68.8;56.3
24;2021-08-10;2266;1781;283299;231504;69.4;56.7
24;2021-08-11;2274;1694;285573;233198;69.9;57.1
24;2021-08-12;1911;1961;287484;235159;70.4;57.6
24;2021-08-13;1529;1625;289013;236784;70.8;58.0
24;2021-08-14;1165;1242;290178;238026;71.1;58.3
24;2021-08-15;740;582;290918;238608;71.2;58.4
24;2021-08-16;1117;1705;292035;240313;71.5;58.8
24;2021-08-17;1628;2106;293663;242419;71.9;59.4
24;2021-08-18;1562;1920;295225;244339;72.3;59.8
24;2021-08-19;1118;2634;296343;246973;72.6;60.5
24;2021-08-20;1097;2427;297440;249400;72.8;61.1
24;2021-08-21;873;1629;298313;251029;73.0;61.5
24;2021-08-22;349;1101;298662;252130;73.1;61.7
24;2021-08-23;664;2036;299326;254166;73.3;62.2
24;2021-08-24;811;2393;300137;256559;73.5;62.8
24;2021-08-25;808;2318;300945;258877;73.7;63.4
24;2021-08-26;741;2838;301686;261715;73.9;64.1
24;2021-08-27;799;2761;302485;264476;74.1;64.8
24;2021-08-28;516;1911;303001;266387;74.2;65.2
24;2021-08-29;170;1029;303171;267416;74.2;65.5
24;2021-08-30;368;1966;303539;269382;74.3;66.0
24;2021-08-31;587;2488;304126;271870;74.5;66.6
24;2021-09-01;617;2476;304743;274346;74.6;67.2
24;2021-09-02;463;1899;305206;276245;74.7;67.6
24;2021-09-03;537;2231;305743;278476;74.9;68.2
24;2021-09-04;348;1995;306091;280471;75.0;68.7
24;2021-09-05;240;970;306331;281441;75.0;68.9
24;2021-09-06;344;1622;306675;283063;75.1;69.3
24;2021-09-07;471;1892;307146;284955;75.2;69.8
24;2021-09-08;389;1923;307535;286878;75.3;70.2
25;2020-12-27;0;0;0;0;0.0;0.0
25;2020-12-28;1;0;1;0;0.0;0.0
25;2020-12-29;0;0;1;0;0.0;0.0
25;2020-12-30;0;0;1;0;0.0;0.0
25;2020-12-31;3;0;4;0;0.0;0.0
25;2021-01-01;0;0;4;0;0.0;0.0
25;2021-01-02;1;0;5;0;0.0;0.0
25;2021-01-03;0;0;5;0;0.0;0.0
25;2021-01-04;1;0;6;0;0.0;0.0
25;2021-01-05;1;0;7;0;0.0;0.0
25;2021-01-06;75;1;82;1;0.0;0.0
25;2021-01-07;236;1;318;2;0.1;0.0
25;2021-01-08;345;1;663;3;0.1;0.0
25;2021-01-09;102;0;765;3;0.1;0.0
25;2021-01-10;0;0;765;3;0.1;0.0
25;2021-01-11;502;5;1267;8;0.2;0.0
25;2021-01-12;683;2;1950;10;0.4;0.0
25;2021-01-13;627;9;2577;19;0.5;0.0
25;2021-01-14;898;16;3475;35;0.6;0.0
25;2021-01-15;786;9;4261;44;0.8;0.0
25;2021-01-16;206;1;4467;45;0.8;0.0
25;2021-01-17;112;0;4579;45;0.8;0.0
25;2021-01-18;1297;6;5876;51;1.1;0.0
25;2021-01-19;1412;5;7288;56;1.4;0.0
25;2021-01-20;1422;4;8710;60;1.6;0.0
25;2021-01-21;1842;3;10552;63;2.0;0.0
25;2021-01-22;1508;4;12060;67;2.2;0.0
25;2021-01-23;499;0;12559;67;2.3;0.0
25;2021-01-24;119;0;12678;67;2.4;0.0
25;2021-01-25;991;0;13669;67;2.5;0.0
25;2021-01-26;1487;41;15156;108;2.8;0.0
25;2021-01-27;1248;69;16404;177;3.0;0.0
25;2021-01-28;1090;74;17494;251;3.2;0.0
25;2021-01-29;906;228;18400;479;3.4;0.1
25;2021-01-30;293;83;18693;562;3.5;0.1
25;2021-01-31;2;0;18695;562;3.5;0.1
25;2021-02-01;612;204;19307;766;3.6;0.1
25;2021-02-02;674;391;19981;1157;3.7;0.2
25;2021-02-03;758;236;20739;1393;3.8;0.3
25;2021-02-04;715;425;21454;1818;4.0;0.3
25;2021-02-05;519;437;21973;2255;4.1;0.4
25;2021-02-06;197;140;22170;2395;4.1;0.4
25;2021-02-07;2;34;22172;2429;4.1;0.5
25;2021-02-08;612;479;22784;2908;4.2;0.5
25;2021-02-09;615;455;23399;3363;4.3;0.6
25;2021-02-10;817;429;24216;3792;4.5;0.7
25;2021-02-11;589;788;24805;4580;4.6;0.8
25;2021-02-12;413;492;25218;5072;4.7;0.9
25;2021-02-13;97;120;25315;5192;4.7;1.0
25;2021-02-14;0;0;25315;5192;4.7;1.0
25;2021-02-15;186;887;25501;6079;4.7;1.1
25;2021-02-16;213;1262;25714;7341;4.8;1.4
25;2021-02-17;108;1145;25822;8486;4.8;1.6
25;2021-02-18;147;1285;25969;9771;4.8;1.8
25;2021-02-19;102;1091;26071;10862;4.8;2.0
25;2021-02-20;27;419;26098;11281;4.8;2.1
25;2021-02-21;1;117;26099;11398;4.8;2.1
25;2021-02-22;83;952;26182;12350;4.9;2.3
25;2021-02-23;195;955;26377;13305;4.9;2.5
25;2021-02-24;104;864;26481;14169;4.9;2.6
25;2021-02-25;522;882;27003;15051;5.0;2.8
25;2021-02-26;607;874;27610;15925;5.1;3.0
25;2021-02-27;228;336;27838;16261;5.2;3.0
25;2021-02-28;5;1;27843;16262;5.2;3.0
25;2021-03-01;443;574;28286;16836;5.2;3.1
25;2021-03-02;654;772;28940;17608;5.4;3.3
25;2021-03-03;542;688;29482;18296;5.5;3.4
25;2021-03-04;1157;633;30639;18929;5.7;3.5
25;2021-03-05;1855;367;32494;19296;6.0;3.6
25;2021-03-06;1170;218;33664;19514;6.2;3.6
25;2021-03-07;9;7;33673;19521;6.2;3.6
25;2021-03-08;548;670;34221;20191;6.3;3.7
25;2021-03-09;1040;756;35261;20947;6.5;3.9
25;2021-03-10;1151;634;36412;21581;6.7;4.0
25;2021-03-11;1658;579;38070;22160;7.1;4.1
25;2021-03-12;1996;457;40066;22617;7.4;4.2
25;2021-03-13;1120;99;41186;22716;7.6;4.2
25;2021-03-14;35;0;41221;22716;7.6;4.2
25;2021-03-15;1126;140;42347;22856;7.9;4.2
25;2021-03-16;1286;121;43633;22977;8.1;4.3
25;2021-03-17;1414;137;45047;23114;8.4;4.3
25;2021-03-18;1529;85;46576;23199;8.6;4.3
25;2021-03-19;1595;127;48171;23326;8.9;4.3
25;2021-03-20;822;41;48993;23367;9.1;4.3
25;2021-03-21;24;0;49017;23367;9.1;4.3
25;2021-03-22;1485;87;50502;23454;9.4;4.3
25;2021-03-23;2162;143;52664;23597;9.8;4.4
25;2021-03-24;2419;95;55083;23692;10.2;4.4
25;2021-03-25;2838;195;57921;23887;10.7;4.4
25;2021-03-26;3160;180;61081;24067;11.3;4.5
25;2021-03-27;1111;89;62192;24156;11.5;4.5
25;2021-03-28;121;64;62313;24220;11.6;4.5
25;2021-03-29;1789;278;64102;24498;11.9;4.5
25;2021-03-30;2214;393;66316;24891;12.3;4.6
25;2021-03-31;2221;359;68537;25250;12.7;4.7
25;2021-04-01;2450;523;70987;25773;13.2;4.8
25;2021-04-02;2027;601;73014;26374;13.5;4.9
25;2021-04-03;447;110;73461;26484;13.6;4.9
25;2021-04-04;39;19;73500;26503;13.6;4.9
25;2021-04-05;145;4;73645;26507;13.7;4.9
25;2021-04-06;1937;686;75582;27193;14.0;5.0
25;2021-04-07;1878;849;77460;28042;14.4;5.2
25;2021-04-08;2435;825;79895;28867;14.8;5.4
25;2021-04-09;2597;998;82492;29865;15.3;5.5
25;2021-04-10;977;288;83469;30153;15.5;5.6
25;2021-04-11;105;28;83574;30181;15.5;5.6
25;2021-04-12;1558;966;85132;31147;15.8;5.8
25;2021-04-13;1989;1322;87121;32469;16.1;6.0
25;2021-04-14;1750;1218;88871;33687;16.5;6.2
25;2021-04-15;1998;1330;90869;35017;16.8;6.5
25;2021-04-16;2084;1004;92953;36021;17.2;6.7
25;2021-04-17;1105;415;94058;36436;17.4;6.8
25;2021-04-18;118;18;94176;36454;17.5;6.8
25;2021-04-19;1327;1242;95503;37696;17.7;7.0
25;2021-04-20;1615;1461;97118;39157;18.0;7.3
25;2021-04-21;1717;1630;98835;40787;18.3;7.6
25;2021-04-22;1858;1709;100693;42496;18.7;7.9
25;2021-04-23;1903;1768;102596;44264;19.0;8.2
25;2021-04-24;1280;702;103876;44966;19.3;8.3
25;2021-04-25;140;114;104016;45080;19.3;8.4
25;2021-04-26;1722;1685;105738;46765;19.6;8.7
25;2021-04-27;2804;1522;108542;48287;20.1;9.0
25;2021-04-28;2426;1555;110968;49842;20.6;9.2
25;2021-04-29;2649;1832;113617;51674;21.1;9.6
25;2021-04-30;3109;1572;116726;53246;21.6;9.9
25;2021-05-01;1789;334;118515;53580;22.0;9.9
25;2021-05-02;442;22;118957;53602;22.1;9.9
25;2021-05-03;2902;842;121859;54444;22.6;10.1
25;2021-05-04;2640;1885;124499;56329;23.1;10.4
25;2021-05-05;2598;1669;127097;57998;23.6;10.8
25;2021-05-06;2927;2166;130024;60164;24.1;11.2
25;2021-05-07;3063;2122;133087;62286;24.7;11.5
25;2021-05-08;1334;229;134421;62515;24.9;11.6
25;2021-05-09;244;87;134665;62602;25.0;11.6
25;2021-05-10;3130;1635;137795;64237;25.5;11.9
25;2021-05-11;3748;2040;141543;66277;26.2;12.3
25;2021-05-12;3688;1789;145231;68066;26.9;12.6
25;2021-05-13;3523;599;148754;68665;27.6;12.7
25;2021-05-14;4484;1307;153238;69972;28.4;13.0
25;2021-05-15;3282;711;156520;70683;29.0;13.1
25;2021-05-16;723;93;157243;70776;29.1;13.1
25;2021-05-17;4090;1095;161333;71871;29.9;13.3
25;2021-05-18;5205;1192;166538;73063;30.9;13.5
25;2021-05-19;5247;1132;171785;74195;31.8;13.8
25;2021-05-20;5135;1452;176920;75647;32.8;14.0
25;2021-05-21;5764;1981;182684;77628;33.9;14.4
25;2021-05-22;3177;722;185861;78350;34.5;14.5
25;2021-05-23;781;156;186642;78506;34.6;14.6
25;2021-05-24;1528;152;188170;78658;34.9;14.6
25;2021-05-25;3515;1647;191685;80305;35.5;14.9
25;2021-05-26;3977;1555;195662;81860;36.3;15.2
25;2021-05-27;4518;1901;200180;83761;37.1;15.5
25;2021-05-28;3994;2653;204174;86414;37.8;16.0
25;2021-05-29;2016;1021;206190;87435;38.2;16.2
25;2021-05-30;175;96;206365;87531;38.3;16.2
25;2021-05-31;2673;1708;209038;89239;38.8;16.5
25;2021-06-01;2729;2158;211767;91397;39.3;16.9
25;2021-06-02;2609;2251;214376;93648;39.7;17.4
25;2021-06-03;3274;2045;217650;95693;40.3;17.7
25;2021-06-04;3210;2407;220860;98100;40.9;18.2
25;2021-06-05;1492;1402;222352;99502;41.2;18.4
25;2021-06-06;987;259;223339;99761;41.4;18.5
25;2021-06-07;2782;2575;226121;102336;41.9;19.0
25;2021-06-08;2605;2760;228726;105096;42.4;19.5
25;2021-06-09;2382;2764;231108;107860;42.8;20.0
25;2021-06-10;2323;2655;233431;110515;43.3;20.5
25;2021-06-11;2709;3302;236140;113817;43.8;21.1
25;2021-06-12;1572;1861;237712;115678;44.1;21.4
25;2021-06-13;496;257;238208;115935;44.2;21.5
25;2021-06-14;1422;3755;239630;119690;44.4;22.2
25;2021-06-15;1643;3567;241273;123257;44.7;22.8
25;2021-06-16;1954;3273;243227;126530;45.1;23.5
25;2021-06-17;1474;3324;244701;129854;45.4;24.1
25;2021-06-18;2289;4296;246990;134150;45.8;24.9
25;2021-06-19;1351;1976;248341;136126;46.0;25.2
25;2021-06-20;59;239;248400;136365;46.0;25.3
25;2021-06-21;1139;4139;249539;140504;46.3;26.0
25;2021-06-22;1150;4676;250689;145180;46.5;26.9
25;2021-06-23;1405;4073;252094;149253;46.7;27.7
25;2021-06-24;1194;4085;253288;153338;47.0;28.4
25;2021-06-25;1641;5606;254929;158944;47.3;29.5
25;2021-06-26;626;3384;255555;162328;47.4;30.1
25;2021-06-27;451;878;256006;163206;47.5;30.3
25;2021-06-28;907;4475;256913;167681;47.6;31.1
25;2021-06-29;1132;5471;258045;173152;47.8;32.1
25;2021-06-30;1311;5369;259356;178521;48.1;33.1
25;2021-07-01;1709;5230;261065;183751;48.4;34.1
25;2021-07-02;1751;5061;262816;188812;48.7;35.0
25;2021-07-03;1041;2694;263857;191506;48.9;35.5
25;2021-07-04;409;722;264266;192228;49.0;35.6
25;2021-07-05;1300;2579;265566;194807;49.2;36.1
25;2021-07-06;1571;4747;267137;199554;49.5;37.0
25;2021-07-07;1600;4504;268737;204058;49.8;37.8
25;2021-07-08;1554;3933;270291;207991;50.1;38.6
25;2021-07-09;1800;4587;272091;212578;50.4;39.4
25;2021-07-10;781;2372;272872;214950;50.6;39.8
25;2021-07-11;127;307;272999;215257;50.6;39.9
25;2021-07-12;1405;3860;274404;219117;50.9;40.6
25;2021-07-13;2473;4769;276877;223886;51.3;41.5
25;2021-07-14;379;561;277256;224447;51.4;41.6
25;2021-07-15;2403;3654;279659;228101;51.8;42.3
25;2021-07-16;3486;3833;283145;231934;52.5;43.0
25;2021-07-17;2208;2037;285353;233971;52.9;43.4
25;2021-07-18;807;1300;286160;235271;53.0;43.6
25;2021-07-19;2545;4209;288705;239480;53.5;44.4
25;2021-07-20;3383;3712;292088;243192;54.1;45.1
25;2021-07-21;3301;3369;295389;246561;54.8;45.7
25;2021-07-22;3350;2986;298739;249547;55.4;46.3
25;2021-07-23;3567;3354;302306;252901;56.0;46.9
25;2021-07-24;1414;2271;303720;255172;56.3;47.3
25;2021-07-25;679;708;304399;255880;56.4;47.4
25;2021-07-26;3057;3010;307456;258890;57.0;48.0
25;2021-07-27;3835;2127;311291;261017;57.7;48.4
25;2021-07-28;3694;2119;314985;263136;58.4;48.8
25;2021-07-29;4320;2091;319305;265227;59.2;49.2
25;2021-07-30;4288;2487;323593;267714;60.0;49.6
25;2021-07-31;1820;1468;325413;269182;60.3;49.9
25;2021-08-01;1352;199;326765;269381;60.6;49.9
25;2021-08-02;2734;2212;329499;271593;61.1;50.3
25;2021-08-03;2836;2204;332335;273797;61.6;50.8
25;2021-08-04;2939;1429;335274;275226;62.2;51.0
25;2021-08-05;2198;1730;337472;276956;62.6;51.3
25;2021-08-06;2280;2348;339752;279304;63.0;51.8
25;2021-08-07;1292;1205;341044;280509;63.2;52.0
25;2021-08-08;326;477;341370;280986;63.3;52.1
25;2021-08-09;2025;2230;343395;283216;63.7;52.5
25;2021-08-10;1968;2521;345363;285737;64.0;53.0
25;2021-08-11;1831;2035;347194;287772;64.4;53.3
25;2021-08-12;2143;2500;349337;290272;64.8;53.8
25;2021-08-13;1702;2023;351039;292295;65.1;54.2
25;2021-08-14;965;1786;352004;294081;65.3;54.5
25;2021-08-15;9;45;352013;294126;65.3;54.5
25;2021-08-16;1254;3259;353267;297385;65.5;55.1
25;2021-08-17;1453;3285;354720;300670;65.8;55.7
25;2021-08-18;1232;2804;355952;303474;66.0;56.3
25;2021-08-19;985;2869;356937;306343;66.2;56.8
25;2021-08-20;1416;3694;358353;310037;66.4;57.5
25;2021-08-21;565;1782;358918;311819;66.5;57.8
25;2021-08-22;212;1272;359130;313091;66.6;58.0
25;2021-08-23;1100;3333;360230;316424;66.8;58.7
25;2021-08-24;1065;3230;361295;319654;67.0;59.3
25;2021-08-25;1016;3058;362311;322712;67.2;59.8
25;2021-08-26;1136;3002;363447;325714;67.4;60.4
25;2021-08-27;1197;3060;364644;328774;67.6;60.9
25;2021-08-28;590;1785;365234;330559;67.7;61.3
25;2021-08-29;158;510;365392;331069;67.7;61.4
25;2021-08-30;935;2821;366327;333890;67.9;61.9
25;2021-08-31;962;2416;367289;336306;68.1;62.3
25;2021-09-01;837;2574;368126;338880;68.2;62.8
25;2021-09-02;766;1945;368892;340825;68.4;63.2
25;2021-09-03;789;2213;369681;343038;68.5;63.6
25;2021-09-04;685;1547;370366;344585;68.7;63.9
25;2021-09-05;127;234;370493;344819;68.7;63.9
25;2021-09-06;622;1842;371115;346661;68.8;64.3
25;2021-09-07;488;1412;371603;348073;68.9;64.5
25;2021-09-08;621;1955;372224;350028;69.0;64.9
26;2020-12-27;0;0;0;0;0.0;0.0
26;2020-12-28;0;0;0;0;0.0;0.0
26;2020-12-29;0;0;0;0;0.0;0.0
26;2020-12-30;0;0;0;0;0.0;0.0
26;2020-12-31;0;0;0;0;0.0;0.0
26;2021-01-01;0;0;0;0;0.0;0.0
26;2021-01-02;0;0;0;0;0.0;0.0
26;2021-01-03;0;0;0;0;0.0;0.0
26;2021-01-04;0;0;0;0;0.0;0.0
26;2021-01-05;0;0;0;0;0.0;0.0
26;2021-01-06;0;0;0;0;0.0;0.0
26;2021-01-07;168;0;168;0;0.0;0.0
26;2021-01-08;125;0;293;0;0.1;0.0
26;2021-01-09;2;0;295;0;0.1;0.0
26;2021-01-10;0;0;295;0;0.1;0.0
26;2021-01-11;266;1;561;1;0.1;0.0
26;2021-01-12;176;1;737;2;0.1;0.0
26;2021-01-13;417;1;1154;3;0.2;0.0
26;2021-01-14;488;0;1642;3;0.3;0.0
26;2021-01-15;563;1;2205;4;0.4;0.0
26;2021-01-16;250;1;2455;5;0.5;0.0
26;2021-01-17;0;0;2455;5;0.5;0.0
26;2021-01-18;637;1;3092;6;0.6;0.0
26;2021-01-19;785;3;3877;9;0.7;0.0
26;2021-01-20;742;0;4619;9;0.9;0.0
26;2021-01-21;807;3;5426;12;1.0;0.0
26;2021-01-22;787;4;6213;16;1.2;0.0
26;2021-01-23;563;3;6776;19;1.3;0.0
26;2021-01-24;24;0;6800;19;1.3;0.0
26;2021-01-25;697;3;7497;22;1.4;0.0
26;2021-01-26;801;4;8298;26;1.6;0.0
26;2021-01-27;822;6;9120;32;1.8;0.0
26;2021-01-28;1329;148;10449;180;2.0;0.0
26;2021-01-29;970;64;11419;244;2.2;0.0
26;2021-01-30;606;5;12025;249;2.3;0.0
26;2021-01-31;24;0;12049;249;2.3;0.0
26;2021-02-01;709;181;12758;430;2.5;0.1
26;2021-02-02;1274;204;14032;634;2.7;0.1
26;2021-02-03;1252;249;15284;883;2.9;0.2
26;2021-02-04;986;413;16270;1296;3.1;0.2
26;2021-02-05;673;303;16943;1599;3.3;0.3
26;2021-02-06;407;192;17350;1791;3.3;0.3
26;2021-02-07;57;2;17407;1793;3.3;0.3
26;2021-02-08;545;379;17952;2172;3.4;0.4
26;2021-02-09;616;438;18568;2610;3.6;0.5
26;2021-02-10;665;305;19233;2915;3.7;0.6
26;2021-02-11;753;268;19986;3183;3.8;0.6
26;2021-02-12;590;408;20576;3591;4.0;0.7
26;2021-02-13;388;259;20964;3850;4.0;0.7
26;2021-02-14;36;0;21000;3850;4.0;0.7
26;2021-02-15;414;442;21414;4292;4.1;0.8
26;2021-02-16;294;477;21708;4769;4.2;0.9
26;2021-02-17;196;652;21904;5421;4.2;1.0
26;2021-02-18;337;814;22241;6235;4.3;1.2
26;2021-02-19;341;751;22582;6986;4.3;1.3
26;2021-02-20;95;418;22677;7404;4.4;1.4
26;2021-02-21;3;17;22680;7421;4.4;1.4
26;2021-02-22;144;607;22824;8028;4.4;1.5
26;2021-02-23;398;926;23222;8954;4.5;1.7
26;2021-02-24;344;1145;23566;10099;4.5;1.9
26;2021-02-25;740;980;24306;11079;4.7;2.1
26;2021-02-26;926;583;25232;11662;4.8;2.2
26;2021-02-27;278;458;25510;12120;4.9;2.3
26;2021-02-28;3;29;25513;12149;4.9;2.3
26;2021-03-01;458;607;25971;12756;5.0;2.5
26;2021-03-02;742;577;26713;13333;5.1;2.6
26;2021-03-03;730;641;27443;13974;5.3;2.7
26;2021-03-04;1045;550;28488;14524;5.5;2.8
26;2021-03-05;1710;498;30198;15022;5.8;2.9
26;2021-03-06;2773;463;32971;15485;6.3;3.0
26;2021-03-07;2989;219;35960;15704;6.9;3.0
26;2021-03-08;910;629;36870;16333;7.1;3.1
26;2021-03-09;1325;546;38195;16879;7.3;3.2
26;2021-03-10;1219;502;39414;17381;7.6;3.3
26;2021-03-11;1609;648;41023;18029;7.9;3.5
26;2021-03-12;2215;476;43238;18505;8.3;3.6
26;2021-03-13;1886;337;45124;18842;8.7;3.6
26;2021-03-14;69;39;45193;18881;8.7;3.6
26;2021-03-15;1652;249;46845;19130;9.0;3.7
26;2021-03-16;1232;516;48077;19646;9.2;3.8
26;2021-03-17;1369;303;49446;19949;9.5;3.8
26;2021-03-18;1587;279;51033;20228;9.8;3.9
26;2021-03-19;2444;346;53477;20574;10.3;4.0
26;2021-03-20;1289;151;54766;20725;10.5;4.0
26;2021-03-21;61;21;54827;20746;10.5;4.0
26;2021-03-22;1846;196;56673;20942;10.9;4.0
26;2021-03-23;2475;277;59148;21219;11.4;4.1
26;2021-03-24;2551;245;61699;21464;11.9;4.1
26;2021-03-25;3043;339;64742;21803;12.4;4.2
26;2021-03-26;3050;353;67792;22156;13.0;4.3
26;2021-03-27;1245;160;69037;22316;13.3;4.3
26;2021-03-28;94;7;69131;22323;13.3;4.3
26;2021-03-29;1908;407;71039;22730;13.6;4.4
26;2021-03-30;2383;550;73422;23280;14.1;4.5
26;2021-03-31;2229;582;75651;23862;14.5;4.6
26;2021-04-01;2278;781;77929;24643;15.0;4.7
26;2021-04-02;2214;988;80143;25631;15.4;4.9
26;2021-04-03;552;1200;80695;26831;15.5;5.2
26;2021-04-04;215;886;80910;27717;15.5;5.3
26;2021-04-05;556;53;81466;27770;15.6;5.3
26;2021-04-06;1486;832;82952;28602;15.9;5.5
26;2021-04-07;1792;896;84744;29498;16.3;5.7
26;2021-04-08;3007;936;87751;30434;16.9;5.8
26;2021-04-09;3416;1007;91167;31441;17.5;6.0
26;2021-04-10;1356;926;92523;32367;17.8;6.2
26;2021-04-11;88;35;92611;32402;17.8;6.2
26;2021-04-12;1714;1125;94325;33527;18.1;6.4
26;2021-04-13;2797;1453;97122;34980;18.7;6.7
26;2021-04-14;2207;1484;99329;36464;19.1;7.0
26;2021-04-15;2281;1588;101610;38052;19.5;7.3
26;2021-04-16;2271;1593;103881;39645;20.0;7.6
26;2021-04-17;1096;840;104977;40485;20.2;7.8
26;2021-04-18;35;52;105012;40537;20.2;7.8
26;2021-04-19;1548;1571;106560;42108;20.5;8.1
26;2021-04-20;1799;1726;108359;43834;20.8;8.4
26;2021-04-21;2012;1509;110371;45343;21.2;8.7
26;2021-04-22;2291;1600;112662;46943;21.6;9.0
26;2021-04-23;2011;1636;114673;48579;22.0;9.3
26;2021-04-24;1655;845;116328;49424;22.3;9.5
26;2021-04-25;629;95;116957;49519;22.5;9.5
26;2021-04-26;1377;1595;118334;51114;22.7;9.8
26;2021-04-27;1986;1685;120320;52799;23.1;10.1
26;2021-04-28;1867;1545;122187;54344;23.5;10.4
26;2021-04-29;2866;1895;125053;56239;24.0;10.8
26;2021-04-30;2627;1765;127680;58004;24.5;11.1
26;2021-05-01;1538;378;129218;58382;24.8;11.2
26;2021-05-02;1086;118;130304;58500;25.0;11.2
26;2021-05-03;2201;1788;132505;60288;25.5;11.6
26;2021-05-04;2614;2359;135119;62647;26.0;12.0
26;2021-05-05;2772;2199;137891;64846;26.5;12.5
26;2021-05-06;3321;2221;141212;67067;27.1;12.9
26;2021-05-07;2860;2255;144072;69322;27.7;13.3
26;2021-05-08;1960;621;146032;69943;28.1;13.4
26;2021-05-09;713;123;146745;70066;28.2;13.5
26;2021-05-10;3022;1827;149767;71893;28.8;13.8
26;2021-05-11;4445;2183;154212;74076;29.6;14.2
26;2021-05-12;4828;1694;159040;75770;30.6;14.6
26;2021-05-13;4363;616;163403;76386;31.4;14.7
26;2021-05-14;4642;1549;168045;77935;32.3;15.0
26;2021-05-15;4469;625;172514;78560;33.1;15.1
26;2021-05-16;3631;344;176145;78904;33.8;15.2
26;2021-05-17;3657;1487;179802;80391;34.5;15.4
26;2021-05-18;4476;1742;184278;82133;35.4;15.8
26;2021-05-19;4486;1453;188764;83586;36.3;16.1
26;2021-05-20;4685;1767;193449;85353;37.2;16.4
26;2021-05-21;4731;1802;198180;87155;38.1;16.7
26;2021-05-22;3189;690;201369;87845;38.7;16.9
26;2021-05-23;1598;183;202967;88028;39.0;16.9
26;2021-05-24;3791;743;206758;88771;39.7;17.1
26;2021-05-25;3593;2347;210351;91118;40.4;17.5
26;2021-05-26;4179;2272;214530;93390;41.2;17.9
26;2021-05-27;4215;2461;218745;95851;42.0;18.4
26;2021-05-28;3777;2767;222522;98618;42.7;18.9
26;2021-05-29;3088;1653;225610;100271;43.3;19.3
26;2021-05-30;322;71;225932;100342;43.4;19.3
26;2021-05-31;3081;1854;229013;102196;44.0;19.6
26;2021-06-01;3112;2307;232125;104503;44.6;20.1
26;2021-06-02;2871;2218;234996;106721;45.1;20.5
26;2021-06-03;2851;2494;237847;109215;45.7;21.0
26;2021-06-04;2660;2908;240507;112123;46.2;21.5
26;2021-06-05;1805;1694;242312;113817;46.5;21.9
26;2021-06-06;9;0;242321;113817;46.6;21.9
26;2021-06-07;2348;2429;244669;116246;47.0;22.3
26;2021-06-08;2453;2293;247122;118539;47.5;22.8
26;2021-06-09;2095;2389;249217;120928;47.9;23.2
26;2021-06-10;1981;2763;251198;123691;48.3;23.8
26;2021-06-11;1896;3274;253094;126965;48.6;24.4
26;2021-06-12;1219;1790;254313;128755;48.9;24.7
26;2021-06-13;97;214;254410;128969;48.9;24.8
26;2021-06-14;1416;3497;255826;132466;49.1;25.4
26;2021-06-15;1585;3964;257411;136430;49.4;26.2
26;2021-06-16;1785;3469;259196;139899;49.8;26.9
26;2021-06-17;1510;3167;260706;143066;50.1;27.5
26;2021-06-18;1796;4369;262502;147435;50.4;28.3
26;2021-06-19;933;3181;263435;150616;50.6;28.9
26;2021-06-20;264;876;263699;151492;50.7;29.1
26;2021-06-21;1005;4557;264704;156049;50.8;30.0
26;2021-06-22;1061;5120;265765;161169;51.1;31.0
26;2021-06-23;1167;5072;266932;166241;51.3;31.9
26;2021-06-24;1260;4544;268192;170785;51.5;32.8
26;2021-06-25;1014;5541;269206;176326;51.7;33.9
26;2021-06-26;662;3825;269868;180151;51.8;34.6
26;2021-06-27;300;1273;270168;181424;51.9;34.9
26;2021-06-28;778;4757;270946;186181;52.0;35.8
26;2021-06-29;1099;4962;272045;191143;52.3;36.7
26;2021-06-30;1412;4892;273457;196035;52.5;37.7
26;2021-07-01;1651;4392;275108;200427;52.8;38.5
26;2021-07-02;1334;5164;276442;205591;53.1;39.5
26;2021-07-03;771;3323;277213;208914;53.3;40.1
26;2021-07-04;332;633;277545;209547;53.3;40.3
26;2021-07-05;889;4677;278434;214224;53.5;41.2
26;2021-07-06;1266;4201;279700;218425;53.7;42.0
26;2021-07-07;1442;3797;281142;222222;54.0;42.7
26;2021-07-08;2388;3332;283530;225554;54.5;43.3
26;2021-07-09;1559;4790;285089;230344;54.8;44.2
26;2021-07-10;910;2914;285999;233258;54.9;44.8
26;2021-07-11;333;348;286332;233606;55.0;44.9
26;2021-07-12;1113;4219;287445;237825;55.2;45.7
26;2021-07-13;2303;4342;289748;242167;55.7;46.5
26;2021-07-14;1060;813;290808;242980;55.9;46.7
26;2021-07-15;3169;3655;293977;246635;56.5;47.4
26;2021-07-16;3004;3690;296981;250325;57.1;48.1
26;2021-07-17;1877;1814;298858;252139;57.4;48.4
26;2021-07-18;20;24;298878;252163;57.4;48.4
26;2021-07-19;2727;3266;301605;255429;57.9;49.1
26;2021-07-20;3706;3370;305311;258799;58.7;49.7
26;2021-07-21;3589;3085;308900;261884;59.3;50.3
26;2021-07-22;4122;2970;313022;264854;60.1;50.9
26;2021-07-23;3862;3401;316884;268255;60.9;51.5
26;2021-07-24;2344;1363;319228;269618;61.3;51.8
26;2021-07-25;608;96;319836;269714;61.4;51.8
26;2021-07-26;3428;2581;323264;272295;62.1;52.3
26;2021-07-27;4845;2621;328109;274916;63.0;52.8
26;2021-07-28;4537;2390;332646;277306;63.9;53.3
26;2021-07-29;3904;2896;336550;280202;64.7;53.8
26;2021-07-30;3487;2672;340037;282874;65.3;54.3
26;2021-07-31;1144;1009;341181;283883;65.5;54.5
26;2021-08-01;417;108;341598;283991;65.6;54.6
26;2021-08-02;2944;2363;344542;286354;66.2;55.0
26;2021-08-03;3297;2294;347839;288648;66.8;55.4
26;2021-08-04;3994;2016;351833;290664;67.6;55.8
26;2021-08-05;3145;2201;354978;292865;68.2;56.3
26;2021-08-06;3138;2639;358116;295504;68.8;56.8
26;2021-08-07;640;844;358756;296348;68.9;56.9
26;2021-08-08;29;13;358785;296361;68.9;56.9
26;2021-08-09;2190;3062;360975;299423;69.3;57.5
26;2021-08-10;2339;3045;363314;302468;69.8;58.1
26;2021-08-11;2078;2719;365392;305187;70.2;58.6
26;2021-08-12;1773;2587;367165;307774;70.5;59.1
26;2021-08-13;1729;2424;368894;310198;70.9;59.6
26;2021-08-14;272;872;369166;311070;70.9;59.8
26;2021-08-15;6;8;369172;311078;70.9;59.8
26;2021-08-16;1184;3290;370356;314368;71.1;60.4
26;2021-08-17;1514;3152;371870;317520;71.4;61.0
26;2021-08-18;1628;3377;373498;320897;71.7;61.6
26;2021-08-19;1552;3070;375050;323967;72.0;62.2
26;2021-08-20;1422;2978;376472;326945;72.3;62.8
26;2021-08-21;592;1090;377064;328035;72.4;63.0
26;2021-08-22;59;379;377123;328414;72.4;63.1
26;2021-08-23;1590;3618;378713;332032;72.8;63.8
26;2021-08-24;1727;3590;380440;335622;73.1;64.5
26;2021-08-25;1603;3660;382043;339282;73.4;65.2
26;2021-08-26;1484;3154;383527;342436;73.7;65.8
26;2021-08-27;1557;3606;385084;346042;74.0;66.5
26;2021-08-28;395;1101;385479;347143;74.1;66.7
26;2021-08-29;10;25;385489;347168;74.1;66.7
26;2021-08-30;1460;3438;386949;350606;74.3;67.4
26;2021-08-31;1280;3427;388229;354033;74.6;68.0
26;2021-09-01;1366;2812;389595;356845;74.8;68.6
26;2021-09-02;1112;2149;390707;358994;75.1;69.0
26;2021-09-03;1103;2752;391810;361746;75.3;69.5
26;2021-09-04;426;738;392236;362484;75.3;69.6
26;2021-09-05;25;24;392261;362508;75.4;69.6
26;2021-09-06;723;1774;392984;364282;75.5;70.0
26;2021-09-07;751;1691;393735;365973;75.6;70.3
26;2021-09-08;829;1918;394564;367891;75.8;70.7
27;2020-12-27;1;0;1;0;0.0;0.0
27;2020-12-28;1;0;2;0;0.0;0.0
27;2020-12-29;2;0;4;0;0.0;0.0
27;2020-12-30;0;0;4;0;0.0;0.0
27;2020-12-31;0;0;4;0;0.0;0.0
27;2021-01-01;0;0;4;0;0.0;0.0
27;2021-01-02;0;0;4;0;0.0;0.0
27;2021-01-03;2;0;6;0;0.0;0.0
27;2021-01-04;0;0;6;0;0.0;0.0
27;2021-01-05;15;0;21;0;0.0;0.0
27;2021-01-06;161;0;182;0;0.0;0.0
27;2021-01-07;372;1;554;1;0.1;0.0
27;2021-01-08;443;0;997;1;0.2;0.0
27;2021-01-09;72;1;1069;2;0.2;0.0
27;2021-01-10;100;0;1169;2;0.2;0.0
27;2021-01-11;383;0;1552;2;0.3;0.0
27;2021-01-12;409;2;1961;4;0.3;0.0
27;2021-01-13;840;1;2801;5;0.5;0.0
27;2021-01-14;1630;26;4431;31;0.7;0.0
27;2021-01-15;1222;4;5653;35;0.9;0.0
27;2021-01-16;333;1;5986;36;1.0;0.0
27;2021-01-17;205;0;6191;36;1.0;0.0
27;2021-01-18;799;2;6990;38;1.2;0.0
27;2021-01-19;773;3;7763;41;1.3;0.0
27;2021-01-20;871;1;8634;42;1.4;0.0
27;2021-01-21;655;4;9289;46;1.5;0.0
27;2021-01-22;780;4;10069;50;1.7;0.0
27;2021-01-23;350;0;10419;50;1.7;0.0
27;2021-01-24;169;4;10588;54;1.8;0.0
27;2021-01-25;635;14;11223;68;1.9;0.0
27;2021-01-26;462;16;11685;84;1.9;0.0
27;2021-01-27;506;98;12191;182;2.0;0.0
27;2021-01-28;517;262;12708;444;2.1;0.1
27;2021-01-29;509;101;13217;545;2.2;0.1
27;2021-01-30;242;23;13459;568;2.2;0.1
27;2021-01-31;27;19;13486;587;2.2;0.1
27;2021-02-01;348;184;13834;771;2.3;0.1
27;2021-02-02;307;273;14141;1044;2.4;0.2
27;2021-02-03;487;385;14628;1429;2.4;0.2
27;2021-02-04;716;862;15344;2291;2.6;0.4
27;2021-02-05;663;1104;16007;3395;2.7;0.6
27;2021-02-06;126;200;16133;3595;2.7;0.6
27;2021-02-07;25;37;16158;3632;2.7;0.6
27;2021-02-08;312;331;16470;3963;2.7;0.7
27;2021-02-09;341;502;16811;4465;2.8;0.7
27;2021-02-10;303;467;17114;4932;2.8;0.8
27;2021-02-11;318;392;17432;5324;2.9;0.9
27;2021-02-12;230;463;17662;5787;2.9;1.0
27;2021-02-13;151;114;17813;5901;3.0;1.0
27;2021-02-14;6;72;17819;5973;3.0;1.0
27;2021-02-15;390;496;18209;6469;3.0;1.1
27;2021-02-16;295;599;18504;7068;3.1;1.2
27;2021-02-17;247;519;18751;7587;3.1;1.3
27;2021-02-18;363;560;19114;8147;3.2;1.4
27;2021-02-19;218;574;19332;8721;3.2;1.5
27;2021-02-20;129;222;19461;8943;3.2;1.5
27;2021-02-21;12;107;19473;9050;3.2;1.5
27;2021-02-22;482;491;19955;9541;3.3;1.6
27;2021-02-23;495;563;20450;10104;3.4;1.7
27;2021-02-24;543;584;20993;10688;3.5;1.8
27;2021-02-25;847;684;21840;11372;3.6;1.9
27;2021-02-26;953;628;22793;12000;3.8;2.0
27;2021-02-27;408;142;23201;12142;3.9;2.0
27;2021-02-28;173;26;23374;12168;3.9;2.0
27;2021-03-01;487;401;23861;12569;4.0;2.1
27;2021-03-02;765;327;24626;12896;4.1;2.1
27;2021-03-03;852;321;25478;13217;4.2;2.2
27;2021-03-04;887;222;26365;13439;4.4;2.2
27;2021-03-05;1304;221;27669;13660;4.6;2.3
27;2021-03-06;1637;105;29306;13765;4.9;2.3
27;2021-03-07;620;16;29926;13781;5.0;2.3
27;2021-03-08;1204;290;31130;14071;5.2;2.3
27;2021-03-09;1827;254;32957;14325;5.5;2.4
27;2021-03-10;2116;332;35073;14657;5.8;2.4
27;2021-03-11;2156;214;37229;14871;6.2;2.5
27;2021-03-12;2818;197;40047;15068;6.7;2.5
27;2021-03-13;1919;125;41966;15193;7.0;2.5
27;2021-03-14;655;15;42621;15208;7.1;2.5
27;2021-03-15;1556;215;44177;15423;7.4;2.6
27;2021-03-16;1489;239;45666;15662;7.6;2.6
27;2021-03-17;1854;341;47520;16003;7.9;2.7
27;2021-03-18;1688;346;49208;16349;8.2;2.7
27;2021-03-19;1833;168;51041;16517;8.5;2.7
27;2021-03-20;905;41;51946;16558;8.6;2.8
27;2021-03-21;258;3;52204;16561;8.7;2.8
27;2021-03-22;1233;540;53437;17101;8.9;2.8
27;2021-03-23;1627;456;55064;17557;9.2;2.9
27;2021-03-24;1523;470;56587;18027;9.4;3.0
27;2021-03-25;2162;510;58749;18537;9.8;3.1
27;2021-03-26;2531;435;61280;18972;10.2;3.2
27;2021-03-27;1568;199;62848;19171;10.5;3.2
27;2021-03-28;1149;49;63997;19220;10.7;3.2
27;2021-03-29;1376;824;65373;20044;10.9;3.3
27;2021-03-30;1391;842;66764;20886;11.1;3.5
27;2021-03-31;1487;873;68251;21759;11.4;3.6
27;2021-04-01;1956;811;70207;22570;11.7;3.8
27;2021-04-02;2000;1182;72207;23752;12.0;4.0
27;2021-04-03;1563;731;73770;24483;12.3;4.1
27;2021-04-04;978;175;74748;24658;12.4;4.1
27;2021-04-05;283;6;75031;24664;12.5;4.1
27;2021-04-06;1416;1797;76447;26461;12.7;4.4
27;2021-04-07;1323;1743;77770;28204;12.9;4.7
27;2021-04-08;1683;1679;79453;29883;13.2;5.0
27;2021-04-09;2949;1561;82402;31444;13.7;5.2
27;2021-04-10;2033;986;84435;32430;14.1;5.4
27;2021-04-11;946;211;85381;32641;14.2;5.4
27;2021-04-12;2435;1508;87816;34149;14.6;5.7
27;2021-04-13;2393;1548;90209;35697;15.0;5.9
27;2021-04-14;2085;1626;92294;37323;15.4;6.2
27;2021-04-15;1874;1660;94168;38983;15.7;6.5
27;2021-04-16;2753;1111;96921;40094;16.1;6.7
27;2021-04-17;2169;498;99090;40592;16.5;6.8
27;2021-04-18;453;16;99543;40608;16.6;6.8
27;2021-04-19;1713;1175;101256;41783;16.9;7.0
27;2021-04-20;2386;1304;103642;43087;17.3;7.2
27;2021-04-21;2210;1082;105852;44169;17.6;7.4
27;2021-04-22;2179;1419;108031;45588;18.0;7.6
27;2021-04-23;2447;1181;110478;46769;18.4;7.8
27;2021-04-24;3258;1146;113736;47915;18.9;8.0
27;2021-04-25;1130;1052;114866;48967;19.1;8.2
27;2021-04-26;1924;1147;116790;50114;19.4;8.3
27;2021-04-27;2529;1088;119319;51202;19.9;8.5
27;2021-04-28;2394;1314;121713;52516;20.3;8.7
27;2021-04-29;2491;1471;124204;53987;20.7;9.0
27;2021-04-30;2371;1613;126575;55600;21.1;9.3
27;2021-05-01;2638;889;129213;56489;21.5;9.4
27;2021-05-02;1953;898;131166;57387;21.8;9.6
27;2021-05-03;3064;873;134230;58260;22.3;9.7
27;2021-05-04;2781;1648;137011;59908;22.8;10.0
27;2021-05-05;2816;1648;139827;61556;23.3;10.2
27;2021-05-06;3184;1289;143011;62845;23.8;10.5
27;2021-05-07;3322;1992;146333;64837;24.4;10.8
27;2021-05-08;2804;1329;149137;66166;24.8;11.0
27;2021-05-09;1697;296;150834;66462;25.1;11.1
27;2021-05-10;2950;2272;153784;68734;25.6;11.4
27;2021-05-11;3358;1756;157142;70490;26.2;11.7
27;2021-05-12;3463;1728;160605;72218;26.7;12.0
27;2021-05-13;1892;254;162497;72472;27.1;12.1
27;2021-05-14;3884;1788;166381;74260;27.7;12.4
27;2021-05-15;6602;952;172983;75212;28.8;12.5
27;2021-05-16;3668;436;176651;75648;29.4;12.6
27;2021-05-17;2776;1161;179427;76809;29.9;12.8
27;2021-05-18;3845;1294;183272;78103;30.5;13.0
27;2021-05-19;3967;1154;187239;79257;31.2;13.2
27;2021-05-20;3874;1169;191113;80426;31.8;13.4
27;2021-05-21;3968;1790;195081;82216;32.5;13.7
27;2021-05-22;4369;802;199450;83018;33.2;13.8
27;2021-05-23;799;173;200249;83191;33.3;13.8
27;2021-05-24;1490;342;201739;83533;33.6;13.9
27;2021-05-25;3512;1607;205251;85140;34.2;14.2
27;2021-05-26;3857;1741;209108;86881;34.8;14.5
27;2021-05-27;3789;1485;212897;88366;35.4;14.7
27;2021-05-28;3401;2624;216298;90990;36.0;15.1
27;2021-05-29;4823;2301;221121;93291;36.8;15.5
27;2021-05-30;1118;248;222239;93539;37.0;15.6
27;2021-05-31;3467;2273;225706;95812;37.6;16.0
27;2021-06-01;3816;2243;229522;98055;38.2;16.3
27;2021-06-02;3341;2181;232863;100236;38.8;16.7
27;2021-06-03;4430;2120;237293;102356;39.5;17.0
27;2021-06-04;3603;2968;240896;105324;40.1;17.5
27;2021-06-05;3208;3351;244104;108675;40.6;18.1
27;2021-06-06;2005;1007;246109;109682;41.0;18.3
27;2021-06-07;2570;2358;248679;112040;41.4;18.7
27;2021-06-08;3127;2377;251806;114417;41.9;19.0
27;2021-06-09;2304;2470;254110;116887;42.3;19.5
27;2021-06-10;2431;2039;256541;118926;42.7;19.8
27;2021-06-11;2890;3771;259431;122697;43.2;20.4
27;2021-06-12;1982;4192;261413;126889;43.5;21.1
27;2021-06-13;1084;2686;262497;129575;43.7;21.6
27;2021-06-14;1995;3109;264492;132684;44.0;22.1
27;2021-06-15;2688;3020;267180;135704;44.5;22.6
27;2021-06-16;2502;3258;269682;138962;44.9;23.1
27;2021-06-17;2296;3288;271978;142250;45.3;23.7
27;2021-06-18;2746;4418;274724;146668;45.7;24.4
27;2021-06-19;1863;3393;276587;150061;46.0;25.0
27;2021-06-20;607;711;277194;150772;46.1;25.1
27;2021-06-21;1703;3495;278897;154267;46.4;25.7
27;2021-06-22;2385;3717;281282;157984;46.8;26.3
27;2021-06-23;2075;3570;283357;161554;47.2;26.9
27;2021-06-24;2256;3411;285613;164965;47.5;27.5
27;2021-06-25;1936;4457;287549;169422;47.9;28.2
27;2021-06-26;884;5353;288433;174775;48.0;29.1
27;2021-06-27;377;1428;288810;176203;48.1;29.3
27;2021-06-28;1128;3403;289938;179606;48.3;29.9
27;2021-06-29;1702;4366;291640;183972;48.6;30.6
27;2021-06-30;2117;4095;293757;188067;48.9;31.3
27;2021-07-01;2225;3909;295982;191976;49.3;32.0
27;2021-07-02;1590;4618;297572;196594;49.5;32.7
27;2021-07-03;1308;4774;298880;201368;49.8;33.5
27;2021-07-04;504;1405;299384;202773;49.8;33.8
27;2021-07-05;1419;3529;300803;206302;50.1;34.3
27;2021-07-06;1369;4181;302172;210483;50.3;35.0
27;2021-07-07;1759;4903;303931;215386;50.6;35.9
27;2021-07-08;2089;4348;306020;219734;50.9;36.6
27;2021-07-09;1985;5289;308005;225023;51.3;37.5
27;2021-07-10;1167;4178;309172;229201;51.5;38.2
27;2021-07-11;426;1139;309598;230340;51.5;38.3
27;2021-07-12;1254;4374;310852;234714;51.7;39.1
27;2021-07-13;2760;5353;313612;240067;52.2;40.0
27;2021-07-14;1519;1752;315131;241819;52.5;40.3
27;2021-07-15;3035;5468;318166;247287;53.0;41.2
27;2021-07-16;3821;5285;321987;252572;53.6;42.0
27;2021-07-17;2734;3878;324721;256450;54.1;42.7
27;2021-07-18;552;1265;325273;257715;54.2;42.9
27;2021-07-19;3688;3787;328961;261502;54.8;43.5
27;2021-07-20;3460;3589;332421;265091;55.3;44.1
27;2021-07-21;4254;3901;336675;268992;56.0;44.8
27;2021-07-22;4752;3712;341427;272704;56.8;45.4
27;2021-07-23;3592;3395;345019;276099;57.4;46.0
27;2021-07-24;3115;2325;348134;278424;58.0;46.4
27;2021-07-25;493;545;348627;278969;58.0;46.4
27;2021-07-26;3071;3177;351698;282146;58.5;47.0
27;2021-07-27;3598;3101;355296;285247;59.1;47.5
27;2021-07-28;3592;3241;358888;288488;59.7;48.0
27;2021-07-29;4589;3510;363477;291998;60.5;48.6
27;2021-07-30;3816;3142;367293;295140;61.1;49.1
27;2021-07-31;3066;2580;370359;297720;61.7;49.6
27;2021-08-01;538;498;370897;298218;61.7;49.6
27;2021-08-02;3321;2583;374218;300801;62.3;50.1
27;2021-08-03;3429;2770;377647;303571;62.9;50.5
27;2021-08-04;3038;2333;380685;305904;63.4;50.9
27;2021-08-05;2679;2357;383364;308261;63.8;51.3
27;2021-08-06;3270;3246;386634;311507;64.4;51.9
27;2021-08-07;1800;2557;388434;314064;64.7;52.3
27;2021-08-08;219;197;388653;314261;64.7;52.3
27;2021-08-09;2210;2809;390863;317070;65.1;52.8
27;2021-08-10;2812;3508;393675;320578;65.5;53.4
27;2021-08-11;2629;3100;396304;323678;66.0;53.9
27;2021-08-12;2351;3906;398655;327584;66.4;54.5
27;2021-08-13;1740;2568;400395;330152;66.7;55.0
27;2021-08-14;1161;2892;401556;333044;66.8;55.4
27;2021-08-15;18;23;401574;333067;66.9;55.4
27;2021-08-16;1809;3812;403383;336879;67.2;56.1
27;2021-08-17;2040;3438;405423;340317;67.5;56.7
27;2021-08-18;1452;2983;406875;343300;67.7;57.2
27;2021-08-19;1705;3357;408580;346657;68.0;57.7
27;2021-08-20;1628;3440;410208;350097;68.3;58.3
27;2021-08-21;981;2846;411189;352943;68.5;58.8
27;2021-08-22;184;157;411373;353100;68.5;58.8
27;2021-08-23;1076;4006;412449;357106;68.7;59.4
27;2021-08-24;1433;3968;413882;361074;68.9;60.1
27;2021-08-25;1715;3412;415597;364486;69.2;60.7
27;2021-08-26;1146;2922;416743;367408;69.4;61.2
27;2021-08-27;1263;3217;418006;370625;69.6;61.7
27;2021-08-28;907;2865;418913;373490;69.7;62.2
27;2021-08-29;86;136;418999;373626;69.8;62.2
27;2021-08-30;905;3312;419904;376938;69.9;62.8
27;2021-08-31;1219;3205;421123;380143;70.1;63.3
27;2021-09-01;992;3172;422115;383315;70.3;63.8
27;2021-09-02;871;2490;422986;385805;70.4;64.2
27;2021-09-03;849;2450;423835;388255;70.6;64.6
27;2021-09-04;720;2086;424555;390341;70.7;65.0
27;2021-09-05;36;162;424591;390503;70.7;65.0
27;2021-09-06;536;1805;425127;392308;70.8;65.3
27;2021-09-07;692;2363;425819;394671;70.9;65.7
27;2021-09-08;758;2396;426577;397067;71.0;66.1
28;2020-12-27;0;0;0;0;0.0;0.0
28;2020-12-28;0;0;0;0;0.0;0.0
28;2020-12-29;0;0;0;0;0.0;0.0
28;2020-12-30;0;0;0;0;0.0;0.0
28;2020-12-31;0;0;0;0;0.0;0.0
28;2021-01-01;1;0;1;0;0.0;0.0
28;2021-01-02;0;0;1;0;0.0;0.0
28;2021-01-03;0;0;1;0;0.0;0.0
28;2021-01-04;0;0;1;0;0.0;0.0
28;2021-01-05;5;0;6;0;0.0;0.0
28;2021-01-06;84;0;90;0;0.0;0.0
28;2021-01-07;102;0;192;0;0.0;0.0
28;2021-01-08;134;2;326;2;0.1;0.0
28;2021-01-09;78;0;404;2;0.1;0.0
28;2021-01-10;1;0;405;2;0.1;0.0
28;2021-01-11;205;0;610;2;0.1;0.0
28;2021-01-12;265;1;875;3;0.2;0.0
28;2021-01-13;397;3;1272;6;0.3;0.0
28;2021-01-14;449;5;1721;11;0.4;0.0
28;2021-01-15;374;3;2095;14;0.5;0.0
28;2021-01-16;206;2;2301;16;0.5;0.0
28;2021-01-17;21;0;2322;16;0.5;0.0
28;2021-01-18;372;2;2694;18;0.6;0.0
28;2021-01-19;503;4;3197;22;0.7;0.0
28;2021-01-20;637;1;3834;23;0.9;0.0
28;2021-01-21;797;3;4631;26;1.1;0.0
28;2021-01-22;478;1;5109;27;1.2;0.0
28;2021-01-23;354;0;5463;27;1.3;0.0
28;2021-01-24;1;0;5464;27;1.3;0.0
28;2021-01-25;456;4;5920;31;1.4;0.0
28;2021-01-26;719;4;6639;35;1.5;0.0
28;2021-01-27;1213;50;7852;85;1.8;0.0
28;2021-01-28;1587;93;9439;178;2.2;0.0
28;2021-01-29;896;90;10335;268;2.4;0.1
28;2021-01-30;248;49;10583;317;2.5;0.1
28;2021-01-31;2;22;10585;339;2.5;0.1
28;2021-02-01;325;116;10910;455;2.5;0.1
28;2021-02-02;370;230;11280;685;2.6;0.2
28;2021-02-03;473;249;11753;934;2.7;0.2
28;2021-02-04;525;267;12278;1201;2.9;0.3
28;2021-02-05;436;212;12714;1413;3.0;0.3
28;2021-02-06;200;128;12914;1541;3.0;0.4
28;2021-02-07;0;0;12914;1541;3.0;0.4
28;2021-02-08;331;218;13245;1759;3.1;0.4
28;2021-02-09;281;288;13526;2047;3.1;0.5
28;2021-02-10;443;350;13969;2397;3.3;0.6
28;2021-02-11;562;443;14531;2840;3.4;0.7
28;2021-02-12;453;363;14984;3203;3.5;0.7
28;2021-02-13;181;163;15165;3366;3.5;0.8
28;2021-02-14;0;2;15165;3368;3.5;0.8
28;2021-02-15;280;389;15445;3757;3.6;0.9
28;2021-02-16;394;651;15839;4408;3.7;1.0
28;2021-02-17;585;1084;16424;5492;3.8;1.3
28;2021-02-18;666;1347;17090;6839;4.0;1.6
28;2021-02-19;548;722;17638;7561;4.1;1.8
28;2021-02-20;114;125;17752;7686;4.1;1.8
28;2021-02-21;7;32;17759;7718;4.1;1.8
28;2021-02-22;223;454;17982;8172;4.2;1.9
28;2021-02-23;203;336;18185;8508;4.2;2.0
28;2021-02-24;244;411;18429;8919;4.3;2.1
28;2021-02-25;574;387;19003;9306;4.4;2.2
28;2021-02-26;764;347;19767;9653;4.6;2.2
28;2021-02-27;265;77;20032;9730;4.7;2.3
28;2021-02-28;23;17;20055;9747;4.7;2.3
28;2021-03-01;292;195;20347;9942;4.7;2.3
28;2021-03-02;397;259;20744;10201;4.8;2.4
28;2021-03-03;369;368;21113;10569;4.9;2.5
28;2021-03-04;720;450;21833;11019;5.1;2.6
28;2021-03-05;1319;386;23152;11405;5.4;2.7
28;2021-03-06;1998;83;25150;11488;5.9;2.7
28;2021-03-07;974;30;26124;11518;6.1;2.7
28;2021-03-08;398;280;26522;11798;6.2;2.7
28;2021-03-09;981;355;27503;12153;6.4;2.8
28;2021-03-10;1357;533;28860;12686;6.7;3.0
28;2021-03-11;1536;688;30396;13374;7.1;3.1
28;2021-03-12;2258;632;32654;14006;7.6;3.3
28;2021-03-13;1235;132;33889;14138;7.9;3.3
28;2021-03-14;518;17;34407;14155;8.0;3.3
28;2021-03-15;755;232;35162;14387;8.2;3.4
28;2021-03-16;716;222;35878;14609;8.4;3.4
28;2021-03-17;746;288;36624;14897;8.5;3.5
28;2021-03-18;1203;275;37827;15172;8.8;3.5
28;2021-03-19;1556;327;39383;15499;9.2;3.6
28;2021-03-20;639;21;40022;15520;9.3;3.6
28;2021-03-21;29;8;40051;15528;9.3;3.6
28;2021-03-22;767;319;40818;15847;9.5;3.7
28;2021-03-23;1027;191;41845;16038;9.7;3.7
28;2021-03-24;1312;275;43157;16313;10.0;3.8
28;2021-03-25;1797;286;44954;16599;10.5;3.9
28;2021-03-26;2084;346;47038;16945;11.0;3.9
28;2021-03-27;402;38;47440;16983;11.0;4.0
28;2021-03-28;12;0;47452;16983;11.1;4.0
28;2021-03-29;1140;355;48592;17338;11.3;4.0
28;2021-03-30;1711;251;50303;17589;11.7;4.1
28;2021-03-31;2018;480;52321;18069;12.2;4.2
28;2021-04-01;1796;588;54117;18657;12.6;4.3
28;2021-04-02;1585;1316;55702;19973;13.0;4.7
28;2021-04-03;607;1071;56309;21044;13.1;4.9
28;2021-04-04;33;300;56342;21344;13.1;5.0
28;2021-04-05;40;3;56382;21347;13.1;5.0
28;2021-04-06;1225;461;57607;21808;13.4;5.1
28;2021-04-07;1890;1006;59497;22814;13.9;5.3
28;2021-04-08;2086;1070;61583;23884;14.3;5.6
28;2021-04-09;3235;919;64818;24803;15.1;5.8
28;2021-04-10;1581;199;66399;25002;15.5;5.8
28;2021-04-11;141;451;66540;25453;15.5;5.9
28;2021-04-12;1674;560;68214;26013;15.9;6.1
28;2021-04-13;1875;673;70089;26686;16.3;6.2
28;2021-04-14;2771;902;72860;27588;17.0;6.4
28;2021-04-15;2556;1147;75416;28735;17.6;6.7
28;2021-04-16;2553;805;77969;29540;18.2;6.9
28;2021-04-17;2309;133;80278;29673;18.7;6.9
28;2021-04-18;45;8;80323;29681;18.7;6.9
28;2021-04-19;1577;650;81900;30331;19.1;7.1
28;2021-04-20;1841;598;83741;30929;19.5;7.2
28;2021-04-21;2679;963;86420;31892;20.1;7.4
28;2021-04-22;1783;1215;88203;33107;20.5;7.7
28;2021-04-23;2325;1103;90528;34210;21.1;8.0
28;2021-04-24;3657;140;94185;34350;21.9;8.0
28;2021-04-25;1012;38;95197;34388;22.2;8.0
28;2021-04-26;1331;927;96528;35315;22.5;8.2
28;2021-04-27;1436;1275;97964;36590;22.8;8.5
28;2021-04-28;2374;1832;100338;38422;23.4;8.9
28;2021-04-29;2130;1506;102468;39928;23.9;9.3
28;2021-04-30;2974;1226;105442;41154;24.6;9.6
28;2021-05-01;127;118;105569;41272;24.6;9.6
28;2021-05-02;2;65;105571;41337;24.6;9.6
28;2021-05-03;1047;1018;106618;42355;24.8;9.9
28;2021-05-04;1360;1670;107978;44025;25.1;10.3
28;2021-05-05;2830;1652;110808;45677;25.8;10.6
28;2021-05-06;2457;1473;113265;47150;26.4;11.0
28;2021-05-07;2310;1926;115575;49076;26.9;11.4
28;2021-05-08;1078;112;116653;49188;27.2;11.5
28;2021-05-09;105;610;116758;49798;27.2;11.6
28;2021-05-10;1308;1893;118066;51691;27.5;12.0
28;2021-05-11;2028;2335;120094;54026;28.0;12.6
28;2021-05-12;2619;3229;122713;57255;28.6;13.3
28;2021-05-13;290;451;123003;57706;28.6;13.4
28;2021-05-14;1899;1615;124902;59321;29.1;13.8
28;2021-05-15;1436;1674;126338;60995;29.4;14.2
28;2021-05-16;1987;131;128325;61126;29.9;14.2
28;2021-05-17;2876;1492;131201;62618;30.6;14.6
28;2021-05-18;3382;1380;134583;63998;31.3;14.9
28;2021-05-19;5092;1281;139675;65279;32.5;15.2
28;2021-05-20;4150;1231;143825;66510;33.5;15.5
28;2021-05-21;3465;1579;147290;68089;34.3;15.9
28;2021-05-22;729;1161;148019;69250;34.5;16.1
28;2021-05-23;1957;138;149976;69388;34.9;16.2
28;2021-05-24;1429;395;151405;69783;35.3;16.3
28;2021-05-25;1877;1406;153282;71189;35.7;16.6
28;2021-05-26;2767;1341;156049;72530;36.3;16.9
28;2021-05-27;2756;1234;158805;73764;37.0;17.2
28;2021-05-28;3081;1731;161886;75495;37.7;17.6
28;2021-05-29;1869;874;163755;76369;38.1;17.8
28;2021-05-30;16;47;163771;76416;38.1;17.8
28;2021-05-31;2014;936;165785;77352;38.6;18.0
28;2021-06-01;2133;1660;167918;79012;39.1;18.4
28;2021-06-02;2077;2458;169995;81470;39.6;19.0
28;2021-06-03;2498;1561;172493;83031;40.2;19.3
28;2021-06-04;2608;2357;175101;85388;40.8;19.9
28;2021-06-05;1909;2527;177010;87915;41.2;20.5
28;2021-06-06;1059;1046;178069;88961;41.5;20.7
28;2021-06-07;3577;1575;181646;90536;42.3;21.1
28;2021-06-08;3197;1517;184843;92053;43.0;21.4
28;2021-06-09;3676;2125;188519;94178;43.9;21.9
28;2021-06-10;3142;1257;191661;95435;44.6;22.2
28;2021-06-11;3792;2131;195453;97566;45.5;22.7
28;2021-06-12;1305;561;196758;98127;45.8;22.9
28;2021-06-13;385;108;197143;98235;45.9;22.9
28;2021-06-14;2208;1999;199351;100234;46.4;23.3
28;2021-06-15;2092;2225;201443;102459;46.9;23.9
28;2021-06-16;2510;3973;203953;106432;47.5;24.8
28;2021-06-17;1932;3135;205885;109567;47.9;25.5
28;2021-06-18;2474;3785;208359;113352;48.5;26.4
28;2021-06-19;776;1612;209135;114964;48.7;26.8
28;2021-06-20;23;24;209158;114988;48.7;26.8
28;2021-06-21;1685;1991;210843;116979;49.1;27.2
28;2021-06-22;1372;2106;212215;119085;49.4;27.7
28;2021-06-23;1782;3164;213997;122249;49.8;28.5
28;2021-06-24;733;929;214730;123178;50.0;28.7
28;2021-06-25;1890;3028;216620;126206;50.4;29.4
28;2021-06-26;310;2111;216930;128317;50.5;29.9
28;2021-06-27;588;1284;217518;129601;50.7;30.2
28;2021-06-28;1226;3655;218744;133256;50.9;31.0
28;2021-06-29;1342;3794;220086;137050;51.3;31.9
28;2021-06-30;1495;4259;221581;141309;51.6;32.9
28;2021-07-01;1277;3500;222858;144809;51.9;33.7
28;2021-07-02;1313;4653;224171;149462;52.2;34.8
28;2021-07-03;1132;2370;225303;151832;52.5;35.4
28;2021-07-04;146;1326;225449;153158;52.5;35.7
28;2021-07-05;1362;2513;226811;155671;52.8;36.3
28;2021-07-06;1510;2871;228321;158542;53.2;36.9
28;2021-07-07;1636;4144;229957;162686;53.5;37.9
28;2021-07-08;1470;3239;231427;165925;53.9;38.6
28;2021-07-09;1394;4518;232821;170443;54.2;39.7
28;2021-07-10;528;2207;233349;172650;54.3;40.2
28;2021-07-11;2;1;233351;172651;54.3;40.2
28;2021-07-12;1527;3930;234878;176581;54.7;41.1
28;2021-07-13;2264;4142;237142;180723;55.2;42.1
28;2021-07-14;1329;1396;238471;182119;55.5;42.4
28;2021-07-15;2986;3976;241457;186095;56.2;43.3
28;2021-07-16;2444;4751;243901;190846;56.8;44.4
28;2021-07-17;1265;2431;245166;193277;57.1;45.0
28;2021-07-18;369;944;245535;194221;57.2;45.2
28;2021-07-19;1809;4338;247344;198559;57.6;46.2
28;2021-07-20;2477;4089;249821;202648;58.2;47.2
28;2021-07-21;2965;4287;252786;206935;58.9;48.2
28;2021-07-22;3668;3428;256454;210363;59.7;49.0
28;2021-07-23;2962;3999;259416;214362;60.4;49.9
28;2021-07-24;1709;1481;261125;215843;60.8;50.3
28;2021-07-25;67;60;261192;215903;60.8;50.3
28;2021-07-26;2932;3386;264124;219289;61.5;51.1
28;2021-07-27;3885;2620;268009;221909;62.4;51.7
28;2021-07-28;3950;2742;271959;224651;63.3;52.3
28;2021-07-29;4467;2090;276426;226741;64.4;52.8
28;2021-07-30;3820;2841;280246;229582;65.3;53.5
28;2021-07-31;763;825;281009;230407;65.4;53.7
28;2021-08-01;378;65;281387;230472;65.5;53.7
28;2021-08-02;1793;1519;283180;231991;65.9;54.0
28;2021-08-03;2686;2163;285866;234154;66.6;54.5
28;2021-08-04;1933;2298;287799;236452;67.0;55.1
28;2021-08-05;1665;1731;289464;238183;67.4;55.5
28;2021-08-06;1614;1970;291078;240153;67.8;55.9
28;2021-08-07;800;1001;291878;241154;68.0;56.2
28;2021-08-08;22;33;291900;241187;68.0;56.2
28;2021-08-09;1389;1100;293289;242287;68.3;56.4
28;2021-08-10;1712;2027;295001;244314;68.7;56.9
28;2021-08-11;1272;1571;296273;245885;69.0;57.3
28;2021-08-12;1165;1884;297438;247769;69.3;57.7
28;2021-08-13;1315;1648;298753;249417;69.6;58.1
28;2021-08-14;656;843;299409;250260;69.7;58.3
28;2021-08-15;265;60;299674;250320;69.8;58.3
28;2021-08-16;859;2142;300533;252462;70.0;58.8
28;2021-08-17;1124;2798;301657;255260;70.2;59.4
28;2021-08-18;888;2412;302545;257672;70.5;60.0
28;2021-08-19;882;2617;303427;260289;70.7;60.6
28;2021-08-20;935;2752;304362;263041;70.9;61.3
28;2021-08-21;378;1001;304740;264042;71.0;61.5
28;2021-08-22;8;31;304748;264073;71.0;61.5
28;2021-08-23;1040;2146;305788;266219;71.2;62.0
28;2021-08-24;861;2583;306649;268802;71.4;62.6
28;2021-08-25;1068;2207;307717;271009;71.7;63.1
28;2021-08-26;692;1814;308409;272823;71.8;63.5
28;2021-08-27;749;2364;309158;275187;72.0;64.1
28;2021-08-28;524;1094;309682;276281;72.1;64.3
28;2021-08-29;7;23;309689;276304;72.1;64.3
28;2021-08-30;992;2183;310681;278487;72.3;64.9
28;2021-08-31;797;2247;311478;280734;72.5;65.4
28;2021-09-01;744;2603;312222;283337;72.7;66.0
28;2021-09-02;541;2111;312763;285448;72.8;66.5
28;2021-09-03;659;2558;313422;288006;73.0;67.1
28;2021-09-04;585;2602;314007;290608;73.1;67.7
28;2021-09-05;210;247;314217;290855;73.2;67.7
28;2021-09-06;403;1618;314620;292473;73.3;68.1
28;2021-09-07;351;1450;314971;293923;73.3;68.4
28;2021-09-08;531;1583;315502;295506;73.5;68.8
29;2020-12-27;0;0;0;0;0.0;0.0
29;2020-12-28;1;0;1;0;0.0;0.0
29;2020-12-29;0;0;1;0;0.0;0.0
29;2020-12-30;0;0;1;0;0.0;0.0
29;2020-12-31;0;0;1;0;0.0;0.0
29;2021-01-01;2;0;3;0;0.0;0.0
29;2021-01-02;0;0;3;0;0.0;0.0
29;2021-01-03;1;0;4;0;0.0;0.0
29;2021-01-04;32;0;36;0;0.0;0.0
29;2021-01-05;31;0;67;0;0.0;0.0
29;2021-01-06;43;0;110;0;0.0;0.0
29;2021-01-07;137;0;247;0;0.0;0.0
29;2021-01-08;408;0;655;0;0.1;0.0
29;2021-01-09;2;0;657;0;0.1;0.0
29;2021-01-10;2;0;659;0;0.1;0.0
29;2021-01-11;667;0;1326;0;0.1;0.0
29;2021-01-12;1120;0;2446;0;0.3;0.0
29;2021-01-13;1101;1;3547;1;0.4;0.0
29;2021-01-14;894;4;4441;5;0.5;0.0
29;2021-01-15;1221;7;5662;12;0.6;0.0
29;2021-01-16;168;1;5830;13;0.6;0.0
29;2021-01-17;112;1;5942;14;0.7;0.0
29;2021-01-18;841;3;6783;17;0.7;0.0
29;2021-01-19;1313;1;8096;18;0.9;0.0
29;2021-01-20;2396;2;10492;20;1.2;0.0
29;2021-01-21;5658;7;16150;27;1.8;0.0
29;2021-01-22;3775;5;19925;32;2.2;0.0
29;2021-01-23;538;0;20463;32;2.3;0.0
29;2021-01-24;200;1;20663;33;2.3;0.0
29;2021-01-25;575;7;21238;40;2.3;0.0
29;2021-01-26;951;34;22189;74;2.4;0.0
29;2021-01-27;1286;52;23475;126;2.6;0.0
29;2021-01-28;803;136;24278;262;2.7;0.0
29;2021-01-29;780;199;25058;461;2.8;0.1
29;2021-01-30;281;4;25339;465;2.8;0.1
29;2021-01-31;80;5;25419;470;2.8;0.1
29;2021-02-01;429;436;25848;906;2.9;0.1
29;2021-02-02;878;747;26726;1653;2.9;0.2
29;2021-02-03;812;888;27538;2541;3.0;0.3
29;2021-02-04;867;631;28405;3172;3.1;0.3
29;2021-02-05;675;579;29080;3751;3.2;0.4
29;2021-02-06;249;93;29329;3844;3.2;0.4
29;2021-02-07;78;95;29407;3939;3.2;0.4
29;2021-02-08;383;429;29790;4368;3.3;0.5
29;2021-02-09;863;843;30653;5211;3.4;0.6
29;2021-02-10;1150;1001;31803;6212;3.5;0.7
29;2021-02-11;1796;4139;33599;10351;3.7;1.1
29;2021-02-12;2326;2484;35925;12835;4.0;1.4
29;2021-02-13;638;404;36563;13239;4.0;1.5
29;2021-02-14;12;215;36575;13454;4.0;1.5
29;2021-02-15;266;855;36841;14309;4.1;1.6
29;2021-02-16;887;952;37728;15261;4.2;1.7
29;2021-02-17;801;720;38529;15981;4.3;1.8
29;2021-02-18;1530;747;40059;16728;4.4;1.8
29;2021-02-19;1416;867;41475;17595;4.6;1.9
29;2021-02-20;204;309;41679;17904;4.6;2.0
29;2021-02-21;162;158;41841;18062;4.6;2.0
29;2021-02-22;773;495;42614;18557;4.7;2.0
29;2021-02-23;1271;791;43885;19348;4.8;2.1
29;2021-02-24;1471;698;45356;20046;5.0;2.2
29;2021-02-25;2510;784;47866;20830;5.3;2.3
29;2021-02-26;2676;624;50542;21454;5.6;2.4
29;2021-02-27;1284;237;51826;21691;5.7;2.4
29;2021-02-28;200;69;52026;21760;5.7;2.4
29;2021-03-01;945;428;52971;22188;5.8;2.4
29;2021-03-02;1817;723;54788;22911;6.0;2.5
29;2021-03-03;2095;935;56883;23846;6.3;2.6
29;2021-03-04;2844;1474;59727;25320;6.6;2.8
29;2021-03-05;3540;1618;63267;26938;7.0;3.0
29;2021-03-06;2000;423;65267;27361;7.2;3.0
29;2021-03-07;412;78;65679;27439;7.2;3.0
29;2021-03-08;1274;570;66953;28009;7.4;3.1
29;2021-03-09;2605;958;69558;28967;7.7;3.2
29;2021-03-10;2427;853;71985;29820;7.9;3.3
29;2021-03-11;4519;984;76504;30804;8.4;3.4
29;2021-03-12;5270;955;81774;31759;9.0;3.5
29;2021-03-13;2826;403;84600;32162;9.3;3.5
29;2021-03-14;365;3;84965;32165;9.4;3.5
29;2021-03-15;2050;268;87015;32433;9.6;3.6
29;2021-03-16;1823;736;88838;33169;9.8;3.7
29;2021-03-17;1861;704;90699;33873;10.0;3.7
29;2021-03-18;1865;1037;92564;34910;10.2;3.9
29;2021-03-19;3270;877;95834;35787;10.6;3.9
29;2021-03-20;1914;222;97748;36009;10.8;4.0
29;2021-03-21;132;11;97880;36020;10.8;4.0
29;2021-03-22;1647;555;99527;36575;11.0;4.0
29;2021-03-23;3442;1031;102969;37606;11.4;4.1
29;2021-03-24;3781;1020;106750;38626;11.8;4.3
29;2021-03-25;4820;1067;111570;39693;12.3;4.4
29;2021-03-26;5423;1163;116993;40856;12.9;4.5
29;2021-03-27;2429;332;119422;41188;13.2;4.5
29;2021-03-28;198;50;119620;41238;13.2;4.5
29;2021-03-29;2041;818;121661;42056;13.4;4.6
29;2021-03-30;3977;1328;125638;43384;13.9;4.8
29;2021-03-31;3936;1153;129574;44537;14.3;4.9
29;2021-04-01;5028;1142;134602;45679;14.8;5.0
29;2021-04-02;4766;1166;139368;46845;15.4;5.2
29;2021-04-03;2500;535;141868;47380;15.6;5.2
29;2021-04-04;146;33;142014;47413;15.7;5.2
29;2021-04-05;972;330;142986;47743;15.8;5.3
29;2021-04-06;3199;1233;146185;48976;16.1;5.4
29;2021-04-07;3654;942;149839;49918;16.5;5.5
29;2021-04-08;5287;2056;155126;51974;17.1;5.7
29;2021-04-09;6753;1563;161879;53537;17.9;5.9
29;2021-04-10;3500;708;165379;54245;18.2;6.0
29;2021-04-11;120;80;165499;54325;18.3;6.0
29;2021-04-12;3854;1480;169353;55805;18.7;6.2
29;2021-04-13;5863;1759;175216;57564;19.3;6.3
29;2021-04-14;4762;1745;179978;59309;19.9;6.5
29;2021-04-15;7176;1730;187154;61039;20.6;6.7
29;2021-04-16;6704;1353;193858;62392;21.4;6.9
29;2021-04-17;3829;970;197687;63362;21.8;7.0
29;2021-04-18;489;40;198176;63402;21.9;7.0
29;2021-04-19;3881;1464;202057;64866;22.3;7.2
29;2021-04-20;4397;2134;206454;67000;22.8;7.4
29;2021-04-21;4375;2199;210829;69199;23.3;7.6
29;2021-04-22;6643;2852;217472;72051;24.0;7.9
29;2021-04-23;6049;2194;223521;74245;24.7;8.2
29;2021-04-24;4008;1314;227529;75559;25.1;8.3
29;2021-04-25;434;169;227963;75728;25.1;8.4
29;2021-04-26;5261;1868;233224;77596;25.7;8.6
29;2021-04-27;5335;3185;238559;80781;26.3;8.9
29;2021-04-28;5362;2902;243921;83683;26.9;9.2
29;2021-04-29;6595;3321;250516;87004;27.6;9.6
29;2021-04-30;6268;3886;256784;90890;28.3;10.0
29;2021-05-01;1987;977;258771;91867;28.5;10.1
29;2021-05-02;1249;194;260020;92061;28.7;10.2
29;2021-05-03;4541;2284;264561;94345;29.2;10.4
29;2021-05-04;4111;3741;268672;98086;29.6;10.8
29;2021-05-05;4518;3403;273190;101489;30.1;11.2
29;2021-05-06;6237;3711;279427;105200;30.8;11.6
29;2021-05-07;5985;4600;285412;109800;31.5;12.1
29;2021-05-08;2096;560;287508;110360;31.7;12.2
29;2021-05-09;1727;136;289235;110496;31.9;12.2
29;2021-05-10;4760;3757;293995;114253;32.4;12.6
29;2021-05-11;4711;4982;298706;119235;32.9;13.2
29;2021-05-12;5025;4375;303731;123610;33.5;13.6
29;2021-05-13;3441;1498;307172;125108;33.9;13.8
29;2021-05-14;5650;3997;312822;129105;34.5;14.2
29;2021-05-15;4048;2304;316870;131409;35.0;14.5
29;2021-05-16;1588;294;318458;131703;35.1;14.5
29;2021-05-17;5563;3129;324021;134832;35.7;14.9
29;2021-05-18;5732;3084;329753;137916;36.4;15.2
29;2021-05-19;6214;2961;335967;140877;37.1;15.5
29;2021-05-20;7176;4557;343143;145434;37.9;16.0
29;2021-05-21;7216;3808;350359;149242;38.6;16.5
29;2021-05-22;5343;2127;355702;151369;39.2;16.7
29;2021-05-23;1631;65;357333;151434;39.4;16.7
29;2021-05-24;3485;533;360818;151967;39.8;16.8
29;2021-05-25;5836;3037;366654;155004;40.4;17.1
29;2021-05-26;5894;2991;372548;157995;41.1;17.4
29;2021-05-27;6827;3970;379375;161965;41.8;17.9
29;2021-05-28;6547;4432;385922;166397;42.6;18.4
29;2021-05-29;4382;2806;390304;169203;43.1;18.7
29;2021-05-30;1114;360;391418;169563;43.2;18.7
29;2021-05-31;6384;3445;397802;173008;43.9;19.1
29;2021-06-01;6605;4332;404407;177340;44.6;19.6
29;2021-06-02;6166;4131;410573;181471;45.3;20.0
29;2021-06-03;7696;4503;418269;185974;46.1;20.5
29;2021-06-04;6814;6156;425083;192130;46.9;21.2
29;2021-06-05;5351;3030;430434;195160;47.5;21.5
29;2021-06-06;1285;538;431719;195698;47.6;21.6
29;2021-06-07;4660;5563;436379;201261;48.1;22.2
29;2021-06-08;7174;5196;443553;206457;48.9;22.8
29;2021-06-09;6408;4752;449961;211209;49.6;23.3
29;2021-06-10;7777;5062;457738;216271;50.5;23.9
29;2021-06-11;8479;5875;466217;222146;51.4;24.5
29;2021-06-12;6568;2811;472785;224957;52.2;24.8
29;2021-06-13;2352;1372;475137;226329;52.4;25.0
29;2021-06-14;4035;6317;479172;232646;52.9;25.7
29;2021-06-15;5479;6188;484651;238834;53.5;26.3
29;2021-06-16;5571;5623;490222;244457;54.1;27.0
29;2021-06-17;6368;6306;496590;250763;54.8;27.7
29;2021-06-18;6116;7488;502706;258251;55.5;28.5
29;2021-06-19;4623;3528;507329;261779;56.0;28.9
29;2021-06-20;891;1452;508220;263231;56.1;29.0
29;2021-06-21;3761;6496;511981;269727;56.5;29.8
29;2021-06-22;4490;6424;516471;276151;57.0;30.5
29;2021-06-23;4675;6130;521146;282281;57.5;31.1
29;2021-06-24;4809;6747;525955;289028;58.0;31.9
29;2021-06-25;3598;7531;529553;296559;58.4;32.7
29;2021-06-26;2131;4093;531684;300652;58.6;33.2
29;2021-06-27;967;1632;532651;302284;58.8;33.3
29;2021-06-28;2843;6863;535494;309147;59.1;34.1
29;2021-06-29;2816;7727;538310;316874;59.4;35.0
29;2021-06-30;3048;7507;541358;324381;59.7;35.8
29;2021-07-01;3788;8417;545146;332798;60.1;36.7
29;2021-07-02;3607;9661;548753;342459;60.5;37.8
29;2021-07-03;2328;6053;551081;348512;60.8;38.4
29;2021-07-04;816;1771;551897;350283;60.9;38.6
29;2021-07-05;1916;7158;553813;357441;61.1;39.4
29;2021-07-06;1540;8010;555353;365451;61.3;40.3
29;2021-07-07;1707;7038;557060;372489;61.4;41.1
29;2021-07-08;2453;8202;559513;380691;61.7;42.0
29;2021-07-09;2632;9071;562145;389762;62.0;43.0
29;2021-07-10;1919;6104;564064;395866;62.2;43.7
29;2021-07-11;449;1064;564513;396930;62.3;43.8
29;2021-07-12;1983;8379;566496;405309;62.5;44.7
29;2021-07-13;2755;8663;569251;413972;62.8;45.7
29;2021-07-14;2087;3373;571338;417345;63.0;46.0
29;2021-07-15;3861;9726;575199;427071;63.4;47.1
29;2021-07-16;4619;9195;579818;436266;64.0;48.1
29;2021-07-17;3223;6112;583041;442378;64.3;48.8
29;2021-07-18;669;1079;583710;443457;64.4;48.9
29;2021-07-19;3158;7545;586868;451002;64.7;49.7
29;2021-07-20;3559;9434;590427;460436;65.1;50.8
29;2021-07-21;3661;7725;594088;468161;65.5;51.6
29;2021-07-22;3427;8534;597515;476695;65.9;52.6
29;2021-07-23;4066;10704;601581;487399;66.4;53.8
29;2021-07-24;2536;5959;604117;493358;66.6;54.4
29;2021-07-25;656;2360;604773;495718;66.7;54.7
29;2021-07-26;3399;7277;608172;502995;67.1;55.5
29;2021-07-27;3726;7111;611898;510106;67.5;56.3
29;2021-07-28;4210;6032;616108;516138;68.0;56.9
29;2021-07-29;5696;6360;621804;522498;68.6;57.6
29;2021-07-30;5465;6535;627269;529033;69.2;58.4
29;2021-07-31;2938;4932;630207;533965;69.5;58.9
29;2021-08-01;658;921;630865;534886;69.6;59.0
29;2021-08-02;4290;5216;635155;540102;70.1;59.6
29;2021-08-03;5489;4407;640644;544509;70.7;60.1
29;2021-08-04;5740;3608;646384;548117;71.3;60.5
29;2021-08-05;6651;4110;653035;552227;72.0;60.9
29;2021-08-06;6201;4334;659236;556561;72.7;61.4
29;2021-08-07;4286;2956;663522;559517;73.2;61.7
29;2021-08-08;845;752;664367;560269;73.3;61.8
29;2021-08-09;3084;4741;667451;565010;73.6;62.3
29;2021-08-10;4490;3866;671941;568876;74.1;62.8
29;2021-08-11;3957;3188;675898;572064;74.6;63.1
29;2021-08-12;4641;4499;680539;576563;75.1;63.6
29;2021-08-13;4173;3723;684712;580286;75.5;64.0
29;2021-08-14;2960;2845;687672;583131;75.9;64.3
29;2021-08-15;337;404;688009;583535;75.9;64.4
29;2021-08-16;3275;4381;691284;587916;76.3;64.9
29;2021-08-17;4404;3418;695688;591334;76.7;65.2
29;2021-08-18;3668;3616;699356;594950;77.1;65.6
29;2021-08-19;3899;4718;703255;599668;77.6;66.1
29;2021-08-20;3500;4601;706755;604269;78.0;66.7
29;2021-08-21;2265;3167;709020;607436;78.2;67.0
29;2021-08-22;214;416;709234;607852;78.2;67.1
29;2021-08-23;2494;4628;711728;612480;78.5;67.6
29;2021-08-24;2439;4952;714167;617432;78.8;68.1
29;2021-08-25;2150;4228;716317;621660;79.0;68.6
29;2021-08-26;2340;5338;718657;626998;79.3;69.2
29;2021-08-27;2044;5917;720701;632915;79.5;69.8
29;2021-08-28;1468;3996;722169;636911;79.7;70.3
29;2021-08-29;449;1318;722618;638229;79.7;70.4
29;2021-08-30;1453;4231;724071;642460;79.9;70.9
29;2021-08-31;1593;4532;725664;646992;80.0;71.4
29;2021-09-01;1342;4002;727006;650994;80.2;71.8
29;2021-09-02;1172;4409;728178;655403;80.3;72.3
29;2021-09-03;1416;5237;729594;660640;80.5;72.9
29;2021-09-04;1415;4063;731009;664703;80.6;73.3
29;2021-09-05;226;740;731235;665443;80.7;73.4
29;2021-09-06;735;3748;731970;669191;80.7;73.8
29;2021-09-07;919;3966;732889;673157;80.8;74.3
29;2021-09-08;895;3800;733784;676957;80.9;74.7
2A;2020-12-27;0;0;0;0;0.0;0.0
2A;2020-12-28;0;0;0;0;0.0;0.0
2A;2020-12-29;0;0;0;0;0.0;0.0
2A;2020-12-30;0;0;0;0;0.0;0.0
2A;2020-12-31;0;0;0;0;0.0;0.0
2A;2021-01-01;0;0;0;0;0.0;0.0
2A;2021-01-02;1;0;1;0;0.0;0.0
2A;2021-01-03;0;0;1;0;0.0;0.0
2A;2021-01-04;0;0;1;0;0.0;0.0
2A;2021-01-05;0;0;1;0;0.0;0.0
2A;2021-01-06;6;0;7;0;0.0;0.0
2A;2021-01-07;122;1;129;1;0.1;0.0
2A;2021-01-08;114;0;243;1;0.1;0.0
2A;2021-01-09;39;0;282;1;0.2;0.0
2A;2021-01-10;33;0;315;1;0.2;0.0
2A;2021-01-11;76;0;391;1;0.2;0.0
2A;2021-01-12;85;0;476;1;0.3;0.0
2A;2021-01-13;112;0;588;1;0.4;0.0
2A;2021-01-14;191;1;779;2;0.5;0.0
2A;2021-01-15;149;0;928;2;0.6;0.0
2A;2021-01-16;160;1;1088;3;0.7;0.0
2A;2021-01-17;85;1;1173;4;0.7;0.0
2A;2021-01-18;201;2;1374;6;0.8;0.0
2A;2021-01-19;488;1;1862;7;1.1;0.0
2A;2021-01-20;356;0;2218;7;1.4;0.0
2A;2021-01-21;453;1;2671;8;1.6;0.0
2A;2021-01-22;367;0;3038;8;1.9;0.0
2A;2021-01-23;183;0;3221;8;2.0;0.0
2A;2021-01-24;118;1;3339;9;2.1;0.0
2A;2021-01-25;215;0;3554;9;2.2;0.0
2A;2021-01-26;402;7;3956;16;2.4;0.0
2A;2021-01-27;324;5;4280;21;2.6;0.0
2A;2021-01-28;335;77;4615;98;2.8;0.1
2A;2021-01-29;341;61;4956;159;3.1;0.1
2A;2021-01-30;127;34;5083;193;3.1;0.1
2A;2021-01-31;92;12;5175;205;3.2;0.1
2A;2021-02-01;231;47;5406;252;3.3;0.2
2A;2021-02-02;288;113;5694;365;3.5;0.2
2A;2021-02-03;265;73;5959;438;3.7;0.3
2A;2021-02-04;256;119;6215;557;3.8;0.3
2A;2021-02-05;267;100;6482;657;4.0;0.4
2A;2021-02-06;121;54;6603;711;4.1;0.4
2A;2021-02-07;68;42;6671;753;4.1;0.5
2A;2021-02-08;91;186;6762;939;4.2;0.6
2A;2021-02-09;128;281;6890;1220;4.2;0.8
2A;2021-02-10;163;223;7053;1443;4.3;0.9
2A;2021-02-11;296;331;7349;1774;4.5;1.1
2A;2021-02-12;345;267;7694;2041;4.7;1.3
2A;2021-02-13;225;52;7919;2093;4.9;1.3
2A;2021-02-14;135;69;8054;2162;5.0;1.3
2A;2021-02-15;198;163;8252;2325;5.1;1.4
2A;2021-02-16;384;289;8636;2614;5.3;1.6
2A;2021-02-17;289;153;8925;2767;5.5;1.7
2A;2021-02-18;340;185;9265;2952;5.7;1.8
2A;2021-02-19;145;274;9410;3226;5.8;2.0
2A;2021-02-20;243;122;9653;3348;5.9;2.1
2A;2021-02-21;58;47;9711;3395;6.0;2.1
2A;2021-02-22;77;203;9788;3598;6.0;2.2
2A;2021-02-23;122;264;9910;3862;6.1;2.4
2A;2021-02-24;82;265;9992;4127;6.2;2.5
2A;2021-02-25;105;240;10097;4367;6.2;2.7
2A;2021-02-26;123;251;10220;4618;6.3;2.8
2A;2021-02-27;308;62;10528;4680;6.5;2.9
2A;2021-02-28;69;62;10597;4742;6.5;2.9
2A;2021-03-01;116;138;10713;4880;6.6;3.0
2A;2021-03-02;199;249;10912;5129;6.7;3.2
2A;2021-03-03;244;248;11156;5377;6.9;3.3
2A;2021-03-04;508;224;11664;5601;7.2;3.4
2A;2021-03-05;973;280;12637;5881;7.8;3.6
2A;2021-03-06;1166;75;13803;5956;8.5;3.7
2A;2021-03-07;1020;44;14823;6000;9.1;3.7
2A;2021-03-08;933;85;15756;6085;9.7;3.7
2A;2021-03-09;937;151;16693;6236;10.3;3.8
2A;2021-03-10;632;139;17325;6375;10.7;3.9
2A;2021-03-11;723;278;18048;6653;11.1;4.1
2A;2021-03-12;561;318;18609;6971;11.5;4.3
2A;2021-03-13;613;197;19222;7168;11.8;4.4
2A;2021-03-14;312;126;19534;7294;12.0;4.5
2A;2021-03-15;377;203;19911;7497;12.3;4.6
2A;2021-03-16;498;367;20409;7864;12.6;4.8
2A;2021-03-17;702;275;21111;8139;13.0;5.0
2A;2021-03-18;447;303;21558;8442;13.3;5.2
2A;2021-03-19;489;157;22047;8599;13.6;5.3
2A;2021-03-20;1079;261;23126;8860;14.2;5.5
2A;2021-03-21;695;54;23821;8914;14.7;5.5
2A;2021-03-22;347;67;24168;8981;14.9;5.5
2A;2021-03-23;518;58;24686;9039;15.2;5.6
2A;2021-03-24;864;92;25550;9131;15.7;5.6
2A;2021-03-25;930;142;26480;9273;16.3;5.7
2A;2021-03-26;1080;164;27560;9437;17.0;5.8
2A;2021-03-27;1189;201;28749;9638;17.7;5.9
2A;2021-03-28;241;97;28990;9735;17.8;6.0
2A;2021-03-29;283;138;29273;9873;18.0;6.1
2A;2021-03-30;383;233;29656;10106;18.3;6.2
2A;2021-03-31;446;226;30102;10332;18.5;6.4
2A;2021-04-01;638;452;30740;10784;18.9;6.6
2A;2021-04-02;904;784;31644;11568;19.5;7.1
2A;2021-04-03;646;982;32290;12550;19.9;7.7
2A;2021-04-04;579;784;32869;13334;20.2;8.2
2A;2021-04-05;525;695;33394;14029;20.6;8.6
2A;2021-04-06;550;558;33944;14587;20.9;9.0
2A;2021-04-07;791;428;34735;15015;21.4;9.2
2A;2021-04-08;1049;358;35784;15373;22.0;9.5
2A;2021-04-09;935;394;36719;15767;22.6;9.7
2A;2021-04-10;1059;382;37778;16149;23.3;9.9
2A;2021-04-11;362;256;38140;16405;23.5;10.1
2A;2021-04-12;669;340;38809;16745;23.9;10.3
2A;2021-04-13;329;379;39138;17124;24.1;10.5
2A;2021-04-14;1046;588;40184;17712;24.7;10.9
2A;2021-04-15;1044;526;41228;18238;25.4;11.2
2A;2021-04-16;873;392;42101;18630;25.9;11.5
2A;2021-04-17;1369;938;43470;19568;26.8;12.0
2A;2021-04-18;982;948;44452;20516;27.4;12.6
2A;2021-04-19;270;343;44722;20859;27.5;12.8
2A;2021-04-20;354;344;45076;21203;27.8;13.1
2A;2021-04-21;729;734;45805;21937;28.2;13.5
2A;2021-04-22;897;647;46702;22584;28.8;13.9
2A;2021-04-23;986;776;47688;23360;29.4;14.4
2A;2021-04-24;1750;984;49438;24344;30.4;15.0
2A;2021-04-25;975;305;50413;24649;31.0;15.2
2A;2021-04-26;308;226;50721;24875;31.2;15.3
2A;2021-04-27;344;347;51065;25222;31.4;15.5
2A;2021-04-28;1676;424;52741;25646;32.5;15.8
2A;2021-04-29;1054;361;53795;26007;33.1;16.0
2A;2021-04-30;1131;1062;54926;27069;33.8;16.7
2A;2021-05-01;971;575;55897;27644;34.4;17.0
2A;2021-05-02;675;708;56572;28352;34.8;17.5
2A;2021-05-03;583;576;57155;28928;35.2;17.8
2A;2021-05-04;752;535;57907;29463;35.7;18.1
2A;2021-05-05;1009;984;58916;30447;36.3;18.7
2A;2021-05-06;905;912;59821;31359;36.8;19.3
2A;2021-05-07;1156;835;60977;32194;37.5;19.8
2A;2021-05-08;422;500;61399;32694;37.8;20.1
2A;2021-05-09;783;638;62182;33332;38.3;20.5
2A;2021-05-10;454;741;62636;34073;38.6;21.0
2A;2021-05-11;652;415;63288;34488;39.0;21.2
2A;2021-05-12;924;490;64212;34978;39.5;21.5
2A;2021-05-13;920;138;65132;35116;40.1;21.6
2A;2021-05-14;797;679;65929;35795;40.6;22.0
2A;2021-05-15;780;649;66709;36444;41.1;22.4
2A;2021-05-16;739;500;67448;36944;41.5;22.7
2A;2021-05-17;583;559;68031;37503;41.9;23.1
2A;2021-05-18;614;475;68645;37978;42.3;23.4
2A;2021-05-19;787;481;69432;38459;42.7;23.7
2A;2021-05-20;692;540;70124;38999;43.2;24.0
2A;2021-05-21;536;483;70660;39482;43.5;24.3
2A;2021-05-22;441;309;71101;39791;43.8;24.5
2A;2021-05-23;533;283;71634;40074;44.1;24.7
2A;2021-05-24;125;33;71759;40107;44.2;24.7
2A;2021-05-25;420;503;72179;40610;44.4;25.0
2A;2021-05-26;425;1166;72604;41776;44.7;25.7
2A;2021-05-27;435;1111;73039;42887;45.0;26.4
2A;2021-05-28;298;916;73337;43803;45.2;27.0
2A;2021-05-29;334;900;73671;44703;45.4;27.5
2A;2021-05-30;182;507;73853;45210;45.5;27.8
2A;2021-05-31;191;413;74044;45623;45.6;28.1
2A;2021-06-01;342;727;74386;46350;45.8;28.5
2A;2021-06-02;285;940;74671;47290;46.0;29.1
2A;2021-06-03;306;852;74977;48142;46.2;29.6
2A;2021-06-04;271;1092;75248;49234;46.3;30.3
2A;2021-06-05;319;1442;75567;50676;46.5;31.2
2A;2021-06-06;173;907;75740;51583;46.6;31.8
2A;2021-06-07;170;661;75910;52244;46.7;32.2
2A;2021-06-08;324;707;76234;52951;46.9;32.6
2A;2021-06-09;300;1316;76534;54267;47.1;33.4
2A;2021-06-10;329;856;76863;55123;47.3;33.9
2A;2021-06-11;277;1021;77140;56144;47.5;34.6
2A;2021-06-12;232;657;77372;56801;47.6;35.0
2A;2021-06-13;189;797;77561;57598;47.8;35.5
2A;2021-06-14;251;922;77812;58520;47.9;36.0
2A;2021-06-15;217;507;78029;59027;48.0;36.3
2A;2021-06-16;213;776;78242;59803;48.2;36.8
2A;2021-06-17;235;591;78477;60394;48.3;37.2
2A;2021-06-18;246;914;78723;61308;48.5;37.7
2A;2021-06-19;208;690;78931;61998;48.6;38.2
2A;2021-06-20;150;692;79081;62690;48.7;38.6
2A;2021-06-21;181;791;79262;63481;48.8;39.1
2A;2021-06-22;236;841;79498;64322;48.9;39.6
2A;2021-06-23;217;568;79715;64890;49.1;40.0
2A;2021-06-24;149;369;79864;65259;49.2;40.2
2A;2021-06-25;167;471;80031;65730;49.3;40.5
2A;2021-06-26;203;873;80234;66603;49.4;41.0
2A;2021-06-27;175;794;80409;67397;49.5;41.5
2A;2021-06-28;194;704;80603;68101;49.6;41.9
2A;2021-06-29;215;689;80818;68790;49.8;42.4
2A;2021-06-30;242;493;81060;69283;49.9;42.7
2A;2021-07-01;212;485;81272;69768;50.0;43.0
2A;2021-07-02;295;370;81567;70138;50.2;43.2
2A;2021-07-03;211;617;81778;70755;50.3;43.6
2A;2021-07-04;178;664;81956;71419;50.5;44.0
2A;2021-07-05;163;235;82119;71654;50.6;44.1
2A;2021-07-06;252;389;82371;72043;50.7;44.4
2A;2021-07-07;433;610;82804;72653;51.0;44.7
2A;2021-07-08;593;707;83397;73360;51.3;45.2
2A;2021-07-09;384;421;83781;73781;51.6;45.4
2A;2021-07-10;281;346;84062;74127;51.8;45.6
2A;2021-07-11;92;159;84154;74286;51.8;45.7
2A;2021-07-12;316;349;84470;74635;52.0;46.0
2A;2021-07-13;1179;533;85649;75168;52.7;46.3
2A;2021-07-14;1624;341;87273;75509;53.7;46.5
2A;2021-07-15;1437;836;88710;76345;54.6;47.0
2A;2021-07-16;1169;467;89879;76812;55.3;47.3
2A;2021-07-17;1096;344;90975;77156;56.0;47.5
2A;2021-07-18;635;134;91610;77290;56.4;47.6
2A;2021-07-19;918;431;92528;77721;57.0;47.9
2A;2021-07-20;1284;475;93812;78196;57.8;48.1
2A;2021-07-21;1428;727;95240;78923;58.6;48.6
2A;2021-07-22;1399;766;96639;79689;59.5;49.1
2A;2021-07-23;1440;465;98079;80154;60.4;49.3
2A;2021-07-24;895;289;98974;80443;60.9;49.5
2A;2021-07-25;450;80;99424;80523;61.2;49.6
2A;2021-07-26;1199;507;100623;81030;62.0;49.9
2A;2021-07-27;1300;518;101923;81548;62.8;50.2
2A;2021-07-28;1200;592;103123;82140;63.5;50.6
2A;2021-07-29;1228;655;104351;82795;64.2;51.0
2A;2021-07-30;959;611;105310;83406;64.8;51.4
2A;2021-07-31;543;340;105853;83746;65.2;51.6
2A;2021-08-01;570;122;106423;83868;65.5;51.6
2A;2021-08-02;450;492;106873;84360;65.8;51.9
2A;2021-08-03;814;880;107687;85240;66.3;52.5
2A;2021-08-04;725;1161;108412;86401;66.7;53.2
2A;2021-08-05;957;1347;109369;87748;67.3;54.0
2A;2021-08-06;388;815;109757;88563;67.6;54.5
2A;2021-08-07;353;888;110110;89451;67.8;55.1
2A;2021-08-08;78;185;110188;89636;67.8;55.2
2A;2021-08-09;662;1141;110850;90777;68.2;55.9
2A;2021-08-10;640;1208;111490;91985;68.6;56.6
2A;2021-08-11;591;1059;112081;93044;69.0;57.3
2A;2021-08-12;739;1489;112820;94533;69.5;58.2
2A;2021-08-13;478;1067;113298;95600;69.8;58.9
2A;2021-08-14;411;765;113709;96365;70.0;59.3
2A;2021-08-15;21;26;113730;96391;70.0;59.3
2A;2021-08-16;483;1292;114213;97683;70.3;60.1
2A;2021-08-17;935;1556;115148;99239;70.9;61.1
2A;2021-08-18;524;1124;115672;100363;71.2;61.8
2A;2021-08-19;427;1009;116099;101372;71.5;62.4
2A;2021-08-20;326;574;116425;101946;71.7;62.8
2A;2021-08-21;228;536;116653;102482;71.8;63.1
2A;2021-08-22;193;618;116846;103100;71.9;63.5
2A;2021-08-23;323;745;117169;103845;72.1;63.9
2A;2021-08-24;323;857;117492;104702;72.3;64.5
2A;2021-08-25;393;880;117885;105582;72.6;65.0
2A;2021-08-26;337;769;118222;106351;72.8;65.5
2A;2021-08-27;242;711;118464;107062;72.9;65.9
2A;2021-08-28;254;352;118718;107414;73.1;66.1
2A;2021-08-29;97;115;118815;107529;73.2;66.2
2A;2021-08-30;243;653;119058;108182;73.3;66.6
2A;2021-08-31;169;520;119227;108702;73.4;66.9
2A;2021-09-01;337;822;119564;109524;73.6;67.4
2A;2021-09-02;293;698;119857;110222;73.8;67.9
2A;2021-09-03;239;616;120096;110838;73.9;68.2
2A;2021-09-04;147;449;120243;111287;74.0;68.5
2A;2021-09-05;25;23;120268;111310;74.0;68.5
2A;2021-09-06;111;400;120379;111710;74.1;68.8
2A;2021-09-07;188;749;120567;112459;74.2;69.2
2A;2021-09-08;218;769;120785;113228;74.4;69.7
2B;2020-12-27;0;0;0;0;0.0;0.0
2B;2020-12-28;0;0;0;0;0.0;0.0
2B;2020-12-29;0;0;0;0;0.0;0.0
2B;2020-12-30;0;0;0;0;0.0;0.0
2B;2020-12-31;0;0;0;0;0.0;0.0
2B;2021-01-01;0;0;0;0;0.0;0.0
2B;2021-01-02;0;0;0;0;0.0;0.0
2B;2021-01-03;0;0;0;0;0.0;0.0
2B;2021-01-04;2;0;2;0;0.0;0.0
2B;2021-01-05;0;0;2;0;0.0;0.0
2B;2021-01-06;48;1;50;1;0.0;0.0
2B;2021-01-07;210;0;260;1;0.1;0.0
2B;2021-01-08;197;1;457;2;0.3;0.0
2B;2021-01-09;39;0;496;2;0.3;0.0
2B;2021-01-10;1;0;497;2;0.3;0.0
2B;2021-01-11;74;0;571;2;0.3;0.0
2B;2021-01-12;128;1;699;3;0.4;0.0
2B;2021-01-13;93;0;792;3;0.4;0.0
2B;2021-01-14;72;0;864;3;0.5;0.0
2B;2021-01-15;259;0;1123;3;0.6;0.0
2B;2021-01-16;43;0;1166;3;0.6;0.0
2B;2021-01-17;8;0;1174;3;0.6;0.0
2B;2021-01-18;271;0;1445;3;0.8;0.0
2B;2021-01-19;502;0;1947;3;1.1;0.0
2B;2021-01-20;462;2;2409;5;1.3;0.0
2B;2021-01-21;358;0;2767;5;1.5;0.0
2B;2021-01-22;379;0;3146;5;1.7;0.0
2B;2021-01-23;61;0;3207;5;1.8;0.0
2B;2021-01-24;29;0;3236;5;1.8;0.0
2B;2021-01-25;210;2;3446;7;1.9;0.0
2B;2021-01-26;391;1;3837;8;2.1;0.0
2B;2021-01-27;342;46;4179;54;2.3;0.0
2B;2021-01-28;365;144;4544;198;2.5;0.1
2B;2021-01-29;293;157;4837;355;2.7;0.2
2B;2021-01-30;80;33;4917;388;2.7;0.2
2B;2021-01-31;60;0;4977;388;2.7;0.2
2B;2021-02-01;231;87;5208;475;2.9;0.3
2B;2021-02-02;357;75;5565;550;3.1;0.3
2B;2021-02-03;520;88;6085;638;3.3;0.4
2B;2021-02-04;458;118;6543;756;3.6;0.4
2B;2021-02-05;394;91;6937;847;3.8;0.5
2B;2021-02-06;87;11;7024;858;3.9;0.5
2B;2021-02-07;60;0;7084;858;3.9;0.5
2B;2021-02-08;231;132;7315;990;4.0;0.5
2B;2021-02-09;586;304;7901;1294;4.3;0.7
2B;2021-02-10;485;179;8386;1473;4.6;0.8
2B;2021-02-11;382;113;8768;1586;4.8;0.9
2B;2021-02-12;298;112;9066;1698;5.0;0.9
2B;2021-02-13;77;11;9143;1709;5.0;0.9
2B;2021-02-14;62;1;9205;1710;5.1;0.9
2B;2021-02-15;190;108;9395;1818;5.2;1.0
2B;2021-02-16;253;245;9648;2063;5.3;1.1
2B;2021-02-17;312;272;9960;2335;5.5;1.3
2B;2021-02-18;215;303;10175;2638;5.6;1.4
2B;2021-02-19;163;284;10338;2922;5.7;1.6
2B;2021-02-20;32;48;10370;2970;5.7;1.6
2B;2021-02-21;28;26;10398;2996;5.7;1.6
2B;2021-02-22;133;171;10531;3167;5.8;1.7
2B;2021-02-23;231;332;10762;3499;5.9;1.9
2B;2021-02-24;229;293;10991;3792;6.0;2.1
2B;2021-02-25;245;307;11236;4099;6.2;2.2
2B;2021-02-26;300;262;11536;4361;6.3;2.4
2B;2021-02-27;60;74;11596;4435;6.4;2.4
2B;2021-02-28;1;50;11597;4485;6.4;2.5
2B;2021-03-01;246;252;11843;4737;6.5;2.6
2B;2021-03-02;352;373;12195;5110;6.7;2.8
2B;2021-03-03;299;413;12494;5523;6.9;3.0
2B;2021-03-04;447;387;12941;5910;7.1;3.2
2B;2021-03-05;619;363;13560;6273;7.4;3.4
2B;2021-03-06;682;96;14242;6369;7.8;3.5
2B;2021-03-07;361;59;14603;6428;8.0;3.5
2B;2021-03-08;301;235;14904;6663;8.2;3.7
2B;2021-03-09;383;492;15287;7155;8.4;3.9
2B;2021-03-10;631;436;15918;7591;8.7;4.2
2B;2021-03-11;584;350;16502;7941;9.1;4.4
2B;2021-03-12;966;222;17468;8163;9.6;4.5
2B;2021-03-13;511;108;17979;8271;9.9;4.5
2B;2021-03-14;226;63;18205;8334;10.0;4.6
2B;2021-03-15;515;202;18720;8536;10.3;4.7
2B;2021-03-16;571;275;19291;8811;10.6;4.8
2B;2021-03-17;530;260;19821;9071;10.9;5.0
2B;2021-03-18;551;225;20372;9296;11.2;5.1
2B;2021-03-19;804;194;21176;9490;11.6;5.2
2B;2021-03-20;656;37;21832;9527;12.0;5.2
2B;2021-03-21;428;36;22260;9563;12.2;5.2
2B;2021-03-22;546;126;22806;9689;12.5;5.3
2B;2021-03-23;789;256;23595;9945;12.9;5.5
2B;2021-03-24;831;215;24426;10160;13.4;5.6
2B;2021-03-25;824;163;25250;10323;13.9;5.7
2B;2021-03-26;958;190;26208;10513;14.4;5.8
2B;2021-03-27;1092;36;27300;10549;15.0;5.8
2B;2021-03-28;830;122;28130;10671;15.4;5.9
2B;2021-03-29;745;177;28875;10848;15.8;6.0
2B;2021-03-30;972;328;29847;11176;16.4;6.1
2B;2021-03-31;981;266;30828;11442;16.9;6.3
2B;2021-04-01;1003;226;31831;11668;17.5;6.4
2B;2021-04-02;966;413;32797;12081;18.0;6.6
2B;2021-04-03;1247;153;34044;12234;18.7;6.7
2B;2021-04-04;197;60;34241;12294;18.8;6.7
2B;2021-04-05;109;113;34350;12407;18.8;6.8
2B;2021-04-06;1033;360;35383;12767;19.4;7.0
2B;2021-04-07;1230;428;36613;13195;20.1;7.2
2B;2021-04-08;1129;408;37742;13603;20.7;7.5
2B;2021-04-09;1168;567;38910;14170;21.3;7.8
2B;2021-04-10;1353;267;40263;14437;22.1;7.9
2B;2021-04-11;815;65;41078;14502;22.5;8.0
2B;2021-04-12;853;559;41931;15061;23.0;8.3
2B;2021-04-13;1063;630;42994;15691;23.6;8.6
2B;2021-04-14;1046;494;44040;16185;24.2;8.9
2B;2021-04-15;886;518;44926;16703;24.6;9.2
2B;2021-04-16;910;648;45836;17351;25.1;9.5
2B;2021-04-17;386;447;46222;17798;25.4;9.8
2B;2021-04-18;253;342;46475;18140;25.5;10.0
2B;2021-04-19;822;437;47297;18577;26.0;10.2
2B;2021-04-20;898;844;48195;19421;26.4;10.7
2B;2021-04-21;1056;608;49251;20029;27.0;11.0
2B;2021-04-22;938;732;50189;20761;27.5;11.4
2B;2021-04-23;662;629;50851;21390;27.9;11.7
2B;2021-04-24;287;772;51138;22162;28.1;12.2
2B;2021-04-25;285;477;51423;22639;28.2;12.4
2B;2021-04-26;708;919;52131;23558;28.6;12.9
2B;2021-04-27;965;875;53096;24433;29.1;13.4
2B;2021-04-28;919;862;54015;25295;29.6;13.9
2B;2021-04-29;925;867;54940;26162;30.1;14.4
2B;2021-04-30;1133;832;56073;26994;30.8;14.8
2B;2021-05-01;460;1116;56533;28110;31.0;15.4
2B;2021-05-02;335;245;56868;28355;31.2;15.6
2B;2021-05-03;1017;496;57885;28851;31.8;15.8
2B;2021-05-04;811;1152;58696;30003;32.2;16.5
2B;2021-05-05;801;1377;59497;31380;32.6;17.2
2B;2021-05-06;1287;905;60784;32285;33.4;17.7
2B;2021-05-07;1062;987;61846;33272;33.9;18.3
2B;2021-05-08;459;854;62305;34126;34.2;18.7
2B;2021-05-09;394;683;62699;34809;34.4;19.1
2B;2021-05-10;926;799;63625;35608;34.9;19.5
2B;2021-05-11;933;1162;64558;36770;35.4;20.2
2B;2021-05-12;861;893;65419;37663;35.9;20.7
2B;2021-05-13;1028;376;66447;38039;36.5;20.9
2B;2021-05-14;719;578;67166;38617;36.9;21.2
2B;2021-05-15;702;353;67868;38970;37.2;21.4
2B;2021-05-16;300;180;68168;39150;37.4;21.5
2B;2021-05-17;1003;405;69171;39555;38.0;21.7
2B;2021-05-18;991;383;70162;39938;38.5;21.9
2B;2021-05-19;771;416;70933;40354;38.9;22.1
2B;2021-05-20;673;359;71606;40713;39.3;22.3
2B;2021-05-21;706;502;72312;41215;39.7;22.6
2B;2021-05-22;574;392;72886;41607;40.0;22.8
2B;2021-05-23;170;46;73056;41653;40.1;22.9
2B;2021-05-24;40;115;73096;41768;40.1;22.9
2B;2021-05-25;549;350;73645;42118;40.4;23.1
2B;2021-05-26;544;787;74189;42905;40.7;23.5
2B;2021-05-27;407;1131;74596;44036;40.9;24.2
2B;2021-05-28;553;906;75149;44942;41.2;24.7
2B;2021-05-29;311;353;75460;45295;41.4;24.9
2B;2021-05-30;46;45;75506;45340;41.4;24.9
2B;2021-05-31;376;831;75882;46171;41.6;25.3
2B;2021-06-01;414;1038;76296;47209;41.9;25.9
2B;2021-06-02;364;990;76660;48199;42.1;26.4
2B;2021-06-03;499;807;77159;49006;42.3;26.9
2B;2021-06-04;344;1254;77503;50260;42.5;27.6
2B;2021-06-05;257;491;77760;50751;42.7;27.8
2B;2021-06-06;51;129;77811;50880;42.7;27.9
2B;2021-06-07;283;948;78094;51828;42.8;28.4
2B;2021-06-08;399;1170;78493;52998;43.1;29.1
2B;2021-06-09;519;1177;79012;54175;43.4;29.7
2B;2021-06-10;368;939;79380;55114;43.6;30.2
2B;2021-06-11;432;1273;79812;56387;43.8;30.9
2B;2021-06-12;151;544;79963;56931;43.9;31.2
2B;2021-06-13;27;59;79990;56990;43.9;31.3
2B;2021-06-14;195;1115;80185;58105;44.0;31.9
2B;2021-06-15;345;1219;80530;59324;44.2;32.5
2B;2021-06-16;383;937;80913;60261;44.4;33.1
2B;2021-06-17;403;1046;81316;61307;44.6;33.6
2B;2021-06-18;348;960;81664;62267;44.8;34.2
2B;2021-06-19;144;330;81808;62597;44.9;34.3
2B;2021-06-20;44;194;81852;62791;44.9;34.5
2B;2021-06-21;265;962;82117;63753;45.1;35.0
2B;2021-06-22;317;1115;82434;64868;45.2;35.6
2B;2021-06-23;209;872;82643;65740;45.3;36.1
2B;2021-06-24;337;757;82980;66497;45.5;36.5
2B;2021-06-25;212;1074;83192;67571;45.6;37.1
2B;2021-06-26;105;550;83297;68121;45.7;37.4
2B;2021-06-27;32;215;83329;68336;45.7;37.5
2B;2021-06-28;329;954;83658;69290;45.9;38.0
2B;2021-06-29;270;988;83928;70278;46.0;38.6
2B;2021-06-30;381;950;84309;71228;46.3;39.1
2B;2021-07-01;226;509;84535;71737;46.4;39.4
2B;2021-07-02;219;557;84754;72294;46.5;39.7
2B;2021-07-03;91;397;84845;72691;46.6;39.9
2B;2021-07-04;2;0;84847;72691;46.6;39.9
2B;2021-07-05;264;666;85111;73357;46.7;40.2
2B;2021-07-06;450;707;85561;74064;46.9;40.6
2B;2021-07-07;376;908;85937;74972;47.2;41.1
2B;2021-07-08;183;348;86120;75320;47.3;41.3
2B;2021-07-09;250;375;86370;75695;47.4;41.5
2B;2021-07-10;197;199;86567;75894;47.5;41.6
2B;2021-07-11;13;14;86580;75908;47.5;41.6
2B;2021-07-12;497;747;87077;76655;47.8;42.1
2B;2021-07-13;822;1017;87899;77672;48.2;42.6
2B;2021-07-14;344;100;88243;77772;48.4;42.7
2B;2021-07-15;1272;589;89515;78361;49.1;43.0
2B;2021-07-16;1121;564;90636;78925;49.7;43.3
2B;2021-07-17;711;318;91347;79243;50.1;43.5
2B;2021-07-18;179;49;91526;79292;50.2;43.5
2B;2021-07-19;858;709;92384;80001;50.7;43.9
2B;2021-07-20;1212;683;93596;80684;51.4;44.3
2B;2021-07-21;1396;725;94992;81409;52.1;44.7
2B;2021-07-22;1330;605;96322;82014;52.8;45.0
2B;2021-07-23;1324;501;97646;82515;53.6;45.3
2B;2021-07-24;536;316;98182;82831;53.9;45.4
2B;2021-07-25;203;71;98385;82902;54.0;45.5
2B;2021-07-26;913;632;99298;83534;54.5;45.8
2B;2021-07-27;1579;705;100877;84239;55.3;46.2
2B;2021-07-28;1174;634;102051;84873;56.0;46.6
2B;2021-07-29;1145;449;103196;85322;56.6;46.8
2B;2021-07-30;765;349;103961;85671;57.0;47.0
2B;2021-07-31;539;233;104500;85904;57.3;47.1
2B;2021-08-01;230;57;104730;85961;57.5;47.2
2B;2021-08-02;802;471;105532;86432;57.9;47.4
2B;2021-08-03;1137;785;106669;87217;58.5;47.9
2B;2021-08-04;811;454;107480;87671;59.0;48.1
2B;2021-08-05;1023;558;108503;88229;59.5;48.4
2B;2021-08-06;701;524;109204;88753;59.9;48.7
2B;2021-08-07;306;406;109510;89159;60.1;48.9
2B;2021-08-08;93;142;109603;89301;60.1;49.0
2B;2021-08-09;536;746;110139;90047;60.4;49.4
2B;2021-08-10;737;1133;110876;91180;60.8;50.0
2B;2021-08-11;749;899;111625;92079;61.2;50.5
2B;2021-08-12;691;1046;112316;93125;61.6;51.1
2B;2021-08-13;490;950;112806;94075;61.9;51.6
2B;2021-08-14;199;439;113005;94514;62.0;51.9
2B;2021-08-15;117;173;113122;94687;62.1;52.0
2B;2021-08-16;508;1065;113630;95752;62.3;52.5
2B;2021-08-17;584;1306;114214;97058;62.7;53.3
2B;2021-08-18;509;1194;114723;98252;62.9;53.9
2B;2021-08-19;421;897;115144;99149;63.2;54.4
2B;2021-08-20;362;808;115506;99957;63.4;54.8
2B;2021-08-21;157;475;115663;100432;63.5;55.1
2B;2021-08-22;79;208;115742;100640;63.5;55.2
2B;2021-08-23;371;943;116113;101583;63.7;55.7
2B;2021-08-24;495;1212;116608;102795;64.0;56.4
2B;2021-08-25;342;967;116950;103762;64.2;56.9
2B;2021-08-26;396;816;117346;104578;64.4;57.4
2B;2021-08-27;258;572;117604;105150;64.5;57.7
2B;2021-08-28;166;439;117770;105589;64.6;57.9
2B;2021-08-29;52;126;117822;105715;64.6;58.0
2B;2021-08-30;363;851;118185;106566;64.8;58.5
2B;2021-08-31;378;919;118563;107485;65.1;59.0
2B;2021-09-01;365;983;118928;108468;65.3;59.5
2B;2021-09-02;301;734;119229;109202;65.4;59.9
2B;2021-09-03;214;500;119443;109702;65.5;60.2
2B;2021-09-04;120;342;119563;110044;65.6;60.4
2B;2021-09-05;17;137;119580;110181;65.6;60.5
2B;2021-09-06;159;654;119739;110835;65.7;60.8
2B;2021-09-07;254;963;119993;111798;65.8;61.3
2B;2021-09-08;196;734;120189;112532;65.9;61.7
30;2020-12-27;1;0;1;0;0.0;0.0
30;2020-12-28;1;0;2;0;0.0;0.0
30;2020-12-29;0;0;2;0;0.0;0.0
30;2020-12-30;0;0;2;0;0.0;0.0
30;2020-12-31;0;0;2;0;0.0;0.0
30;2021-01-01;0;0;2;0;0.0;0.0
30;2021-01-02;0;0;2;0;0.0;0.0
30;2021-01-03;0;0;2;0;0.0;0.0
30;2021-01-04;1;0;3;0;0.0;0.0
30;2021-01-05;3;0;6;0;0.0;0.0
30;2021-01-06;128;0;134;0;0.0;0.0
30;2021-01-07;313;0;447;0;0.1;0.0
30;2021-01-08;532;0;979;0;0.1;0.0
30;2021-01-09;270;0;1249;0;0.2;0.0
30;2021-01-10;0;0;1249;0;0.2;0.0
30;2021-01-11;537;0;1786;0;0.2;0.0
30;2021-01-12;800;3;2586;3;0.3;0.0
30;2021-01-13;640;0;3226;3;0.4;0.0
30;2021-01-14;652;5;3878;8;0.5;0.0
30;2021-01-15;756;2;4634;10;0.6;0.0
30;2021-01-16;313;0;4947;10;0.7;0.0
30;2021-01-17;3;0;4950;10;0.7;0.0
30;2021-01-18;941;5;5891;15;0.8;0.0
30;2021-01-19;1735;6;7626;21;1.0;0.0
30;2021-01-20;1304;2;8930;23;1.2;0.0
30;2021-01-21;1229;2;10159;25;1.4;0.0
30;2021-01-22;1076;6;11235;31;1.5;0.0
30;2021-01-23;634;2;11869;33;1.6;0.0
30;2021-01-24;0;0;11869;33;1.6;0.0
30;2021-01-25;831;4;12700;37;1.7;0.0
30;2021-01-26;1057;15;13757;52;1.8;0.0
30;2021-01-27;982;107;14739;159;2.0;0.0
30;2021-01-28;712;258;15451;417;2.1;0.1
30;2021-01-29;669;428;16120;845;2.2;0.1
30;2021-01-30;472;269;16592;1114;2.2;0.1
30;2021-01-31;3;7;16595;1121;2.2;0.1
30;2021-02-01;814;415;17409;1536;2.3;0.2
30;2021-02-02;1875;668;19284;2204;2.6;0.3
30;2021-02-03;1185;471;20469;2675;2.7;0.4
30;2021-02-04;968;621;21437;3296;2.9;0.4
30;2021-02-05;599;717;22036;4013;2.9;0.5
30;2021-02-06;294;227;22330;4240;3.0;0.6
30;2021-02-07;2;8;22332;4248;3.0;0.6
30;2021-02-08;574;652;22906;4900;3.1;0.7
30;2021-02-09;984;958;23890;5858;3.2;0.8
30;2021-02-10;986;1026;24876;6884;3.3;0.9
30;2021-02-11;929;978;25805;7862;3.4;1.1
30;2021-02-12;619;925;26424;8787;3.5;1.2
30;2021-02-13;436;328;26860;9115;3.6;1.2
30;2021-02-14;1;21;26861;9136;3.6;1.2
30;2021-02-15;450;532;27311;9668;3.6;1.3
30;2021-02-16;460;766;27771;10434;3.7;1.4
30;2021-02-17;682;549;28453;10983;3.8;1.5
30;2021-02-18;796;463;29249;11446;3.9;1.5
30;2021-02-19;574;607;29823;12053;4.0;1.6
30;2021-02-20;223;195;30046;12248;4.0;1.6
30;2021-02-21;5;3;30051;12251;4.0;1.6
30;2021-02-22;501;700;30552;12951;4.1;1.7
30;2021-02-23;974;1405;31526;14356;4.2;1.9
30;2021-02-24;929;1112;32455;15468;4.3;2.1
30;2021-02-25;1208;821;33663;16289;4.5;2.2
30;2021-02-26;1337;532;35000;16821;4.7;2.2
30;2021-02-27;564;497;35564;17318;4.8;2.3
30;2021-02-28;3;7;35567;17325;4.8;2.3
30;2021-03-01;1339;780;36906;18105;4.9;2.4
30;2021-03-02;1712;858;38618;18963;5.2;2.5
30;2021-03-03;2310;725;40928;19688;5.5;2.6
30;2021-03-04;2638;828;43566;20516;5.8;2.7
30;2021-03-05;2765;590;46331;21106;6.2;2.8
30;2021-03-06;2997;343;49328;21449;6.6;2.9
30;2021-03-07;1862;47;51190;21496;6.8;2.9
30;2021-03-08;1554;753;52744;22249;7.0;3.0
30;2021-03-09;2276;841;55020;23090;7.4;3.1
30;2021-03-10;2359;638;57379;23728;7.7;3.2
30;2021-03-11;3056;695;60435;24423;8.1;3.3
30;2021-03-12;3113;384;63548;24807;8.5;3.3
30;2021-03-13;2227;291;65775;25098;8.8;3.4
30;2021-03-14;83;3;65858;25101;8.8;3.4
30;2021-03-15;1579;557;67437;25658;9.0;3.4
30;2021-03-16;1299;1062;68736;26720;9.2;3.6
30;2021-03-17;1456;636;70192;27356;9.4;3.7
30;2021-03-18;1649;712;71841;28068;9.6;3.8
30;2021-03-19;2250;544;74091;28612;9.9;3.8
30;2021-03-20;1401;142;75492;28754;10.1;3.8
30;2021-03-21;58;8;75550;28762;10.1;3.8
30;2021-03-22;2397;716;77947;29478;10.4;3.9
30;2021-03-23;3512;803;81459;30281;10.9;4.0
30;2021-03-24;3638;821;85097;31102;11.4;4.2
30;2021-03-25;4405;843;89502;31945;12.0;4.3
30;2021-03-26;4363;642;93865;32587;12.5;4.4
30;2021-03-27;1971;379;95836;32966;12.8;4.4
30;2021-03-28;35;29;95871;32995;12.8;4.4
30;2021-03-29;2816;1648;98687;34643;13.2;4.6
30;2021-03-30;3778;1882;102465;36525;13.7;4.9
30;2021-03-31;3507;1643;105972;38168;14.2;5.1
30;2021-04-01;4016;1468;109988;39636;14.7;5.3
30;2021-04-02;3604;1226;113592;40862;15.2;5.5
30;2021-04-03;1062;1224;114654;42086;15.3;5.6
30;2021-04-04;30;188;114684;42274;15.3;5.6
30;2021-04-05;766;289;115450;42563;15.4;5.7
30;2021-04-06;3044;1580;118494;44143;15.8;5.9
30;2021-04-07;2720;1631;121214;45774;16.2;6.1
30;2021-04-08;3922;1489;125136;47263;16.7;6.3
30;2021-04-09;4889;1520;130025;48783;17.4;6.5
30;2021-04-10;2427;1178;132452;49961;17.7;6.7
30;2021-04-11;950;59;133402;50020;17.8;6.7
30;2021-04-12;3146;1489;136548;51509;18.2;6.9
30;2021-04-13;4019;1934;140567;53443;18.8;7.1
30;2021-04-14;3386;1542;143953;54985;19.2;7.3
30;2021-04-15;3830;1468;147783;56453;19.7;7.5
30;2021-04-16;3703;1545;151486;57998;20.2;7.7
30;2021-04-17;1493;953;152979;58951;20.4;7.9
30;2021-04-18;961;67;153940;59018;20.6;7.9
30;2021-04-19;2450;2297;156390;61315;20.9;8.2
30;2021-04-20;2815;2829;159205;64144;21.3;8.6
30;2021-04-21;2603;2568;161808;66712;21.6;8.9
30;2021-04-22;3526;2315;165334;69027;22.1;9.2
30;2021-04-23;3581;2303;168915;71330;22.6;9.5
30;2021-04-24;1347;1228;170262;72558;22.7;9.7
30;2021-04-25;748;90;171010;72648;22.8;9.7
30;2021-04-26;2017;2388;173027;75036;23.1;10.0
30;2021-04-27;2952;2597;175979;77633;23.5;10.4
30;2021-04-28;2837;2487;178816;80120;23.9;10.7
30;2021-04-29;3620;2322;182436;82442;24.4;11.0
30;2021-04-30;3408;2021;185844;84463;24.8;11.3
30;2021-05-01;1749;603;187593;85066;25.1;11.4
30;2021-05-02;665;245;188258;85311;25.2;11.4
30;2021-05-03;3759;2502;192017;87813;25.7;11.7
30;2021-05-04;3985;3537;196002;91350;26.2;12.2
30;2021-05-05;3947;3125;199949;94475;26.7;12.6
30;2021-05-06;4205;3364;204154;97839;27.3;13.1
30;2021-05-07;4079;3065;208233;100904;27.8;13.5
30;2021-05-08;1605;720;209838;101624;28.0;13.6
30;2021-05-09;372;613;210210;102237;28.1;13.7
30;2021-05-10;2921;3117;213131;105354;28.5;14.1
30;2021-05-11;5388;3648;218519;109002;29.2;14.6
30;2021-05-12;5303;3219;223822;112221;29.9;15.0
30;2021-05-13;3232;1027;227054;113248;30.3;15.1
30;2021-05-14;4892;2460;231946;115708;31.0;15.5
30;2021-05-15;3408;1206;235354;116914;31.4;15.6
30;2021-05-16;397;338;235751;117252;31.5;15.7
30;2021-05-17;3798;3033;239549;120285;32.0;16.1
30;2021-05-18;4828;3034;244377;123319;32.7;16.5
30;2021-05-19;4775;2547;249152;125866;33.3;16.8
30;2021-05-20;5015;2577;254167;128443;34.0;17.2
30;2021-05-21;4888;2472;259055;130915;34.6;17.5
30;2021-05-22;3158;1290;262213;132205;35.0;17.7
30;2021-05-23;288;344;262501;132549;35.1;17.7
30;2021-05-24;786;767;263287;133316;35.2;17.8
30;2021-05-25;2657;3159;265944;136475;35.5;18.2
30;2021-05-26;2889;2569;268833;139044;35.9;18.6
30;2021-05-27;3761;2715;272594;141759;36.4;18.9
30;2021-05-28;3326;3267;275920;145026;36.9;19.4
30;2021-05-29;1687;1797;277607;146823;37.1;19.6
30;2021-05-30;360;584;277967;147407;37.1;19.7
30;2021-05-31;2830;2295;280797;149702;37.5;20.0
30;2021-06-01;3659;2797;284456;152499;38.0;20.4
30;2021-06-02;3319;2453;287775;154952;38.4;20.7
30;2021-06-03;4132;3353;291907;158305;39.0;21.2
30;2021-06-04;3904;3400;295811;161705;39.5;21.6
30;2021-06-05;1907;1315;297718;163020;39.8;21.8
30;2021-06-06;684;264;298402;163284;39.9;21.8
30;2021-06-07;4725;2526;303127;165810;40.5;22.2
30;2021-06-08;4832;3326;307959;169136;41.1;22.6
30;2021-06-09;4155;2992;312114;172128;41.7;23.0
30;2021-06-10;4612;3357;316726;175485;42.3;23.4
30;2021-06-11;4587;3811;321313;179296;42.9;24.0
30;2021-06-12;2485;1710;323798;181006;43.3;24.2
30;2021-06-13;494;344;324292;181350;43.3;24.2
30;2021-06-14;2470;4710;326762;186060;43.7;24.9
30;2021-06-15;3200;5309;329962;191369;44.1;25.6
30;2021-06-16;3108;4645;333070;196014;44.5;26.2
30;2021-06-17;3924;4372;336994;200386;45.0;26.8
30;2021-06-18;3714;4698;340708;205084;45.5;27.4
30;2021-06-19;1441;2005;342149;207089;45.7;27.7
30;2021-06-20;357;490;342506;207579;45.8;27.7
30;2021-06-21;2379;4909;344885;212488;46.1;28.4
30;2021-06-22;2365;5741;347250;218229;46.4;29.2
30;2021-06-23;2529;5346;349779;223575;46.7;29.9
30;2021-06-24;2339;4709;352118;228284;47.0;30.5
30;2021-06-25;2611;5603;354729;233887;47.4;31.2
30;2021-06-26;910;2940;355639;236827;47.5;31.6
30;2021-06-27;222;527;355861;237354;47.5;31.7
30;2021-06-28;1670;6030;357531;243384;47.8;32.5
30;2021-06-29;1837;6025;359368;249409;48.0;33.3
30;2021-06-30;2003;5256;361371;254665;48.3;34.0
30;2021-07-01;2988;4724;364359;259389;48.7;34.7
30;2021-07-02;2836;4628;367195;264017;49.1;35.3
30;2021-07-03;1155;3047;368350;267064;49.2;35.7
30;2021-07-04;116;393;368466;267457;49.2;35.7
30;2021-07-05;2027;4030;370493;271487;49.5;36.3
30;2021-07-06;2666;4972;373159;276459;49.9;36.9
30;2021-07-07;2539;4221;375698;280680;50.2;37.5
30;2021-07-08;2016;3420;377714;284100;50.5;38.0
30;2021-07-09;2410;5315;380124;289415;50.8;38.7
30;2021-07-10;1503;2157;381627;291572;51.0;39.0
30;2021-07-11;48;415;381675;291987;51.0;39.0
30;2021-07-12;2527;5150;384202;297137;51.3;39.7
30;2021-07-13;3301;6036;387503;303173;51.8;40.5
30;2021-07-14;500;550;388003;303723;51.8;40.6
30;2021-07-15;4137;5479;392140;309202;52.4;41.3
30;2021-07-16;4987;5726;397127;314928;53.1;42.1
30;2021-07-17;1705;2467;398832;317395;53.3;42.4
30;2021-07-18;146;601;398978;317996;53.3;42.5
30;2021-07-19;3374;6308;402352;324304;53.8;43.3
30;2021-07-20;4642;6522;406994;330826;54.4;44.2
30;2021-07-21;4063;5417;411057;336243;54.9;44.9
30;2021-07-22;4899;5739;415956;341982;55.6;45.7
30;2021-07-23;5001;5867;420957;347849;56.2;46.5
30;2021-07-24;2241;3261;423198;351110;56.5;46.9
30;2021-07-25;137;309;423335;351419;56.6;47.0
30;2021-07-26;4417;4131;427752;355550;57.2;47.5
30;2021-07-27;4858;4648;432610;360198;57.8;48.1
30;2021-07-28;4878;4019;437488;364217;58.5;48.7
30;2021-07-29;5924;4135;443412;368352;59.2;49.2
30;2021-07-30;5345;4391;448757;372743;60.0;49.8
30;2021-07-31;2653;1964;451410;374707;60.3;50.1
30;2021-08-01;734;311;452144;375018;60.4;50.1
30;2021-08-02;3683;4016;455827;379034;60.9;50.6
30;2021-08-03;4886;3947;460713;382981;61.6;51.2
30;2021-08-04;5279;3057;465992;386038;62.3;51.6
30;2021-08-05;4616;3784;470608;389822;62.9;52.1
30;2021-08-06;4288;4053;474896;393875;63.4;52.6
30;2021-08-07;1841;1951;476737;395826;63.7;52.9
30;2021-08-08;618;280;477355;396106;63.8;52.9
30;2021-08-09;3341;3758;480696;399864;64.2;53.4
30;2021-08-10;3925;4404;484621;404268;64.7;54.0
30;2021-08-11;3401;3481;488022;407749;65.2;54.5
30;2021-08-12;3757;4215;491779;411964;65.7;55.0
30;2021-08-13;3302;3338;495081;415302;66.1;55.5
30;2021-08-14;1125;2049;496206;417351;66.3;55.8
30;2021-08-15;270;175;496476;417526;66.3;55.8
30;2021-08-16;2159;4866;498635;422392;66.6;56.4
30;2021-08-17;2731;4193;501366;426585;67.0;57.0
30;2021-08-18;2807;3834;504173;430419;67.4;57.5
30;2021-08-19;2846;4329;507019;434748;67.7;58.1
30;2021-08-20;2587;4462;509606;439210;68.1;58.7
30;2021-08-21;1011;2884;510617;442094;68.2;59.1
30;2021-08-22;226;516;510843;442610;68.3;59.1
30;2021-08-23;1681;4474;512524;447084;68.5;59.7
30;2021-08-24;1943;4519;514467;451603;68.7;60.3
30;2021-08-25;1683;4344;516150;455947;69.0;60.9
30;2021-08-26;1843;4253;517993;460200;69.2;61.5
30;2021-08-27;1761;4353;519754;464553;69.4;62.1
30;2021-08-28;679;2472;520433;467025;69.5;62.4
30;2021-08-29;181;613;520614;467638;69.6;62.5
30;2021-08-30;1405;4302;522019;471940;69.7;63.1
30;2021-08-31;1324;4185;523343;476125;69.9;63.6
30;2021-09-01;1236;3623;524579;479748;70.1;64.1
30;2021-09-02;1340;3580;525919;483328;70.3;64.6
30;2021-09-03;1498;4144;527417;487472;70.5;65.1
30;2021-09-04;681;1927;528098;489399;70.6;65.4
30;2021-09-05;134;494;528232;489893;70.6;65.5
30;2021-09-06;717;2679;528949;492572;70.7;65.8
30;2021-09-07;688;2594;529637;495166;70.8;66.2
30;2021-09-08;845;2797;530482;497963;70.9;66.5
31;2020-12-27;0;0;0;0;0.0;0.0
31;2020-12-28;1;0;1;0;0.0;0.0
31;2020-12-29;0;0;1;0;0.0;0.0
31;2020-12-30;0;0;1;0;0.0;0.0
31;2020-12-31;1;0;2;0;0.0;0.0
31;2021-01-01;4;0;6;0;0.0;0.0
31;2021-01-02;0;0;6;0;0.0;0.0
31;2021-01-03;2;0;8;0;0.0;0.0
31;2021-01-04;3;0;11;0;0.0;0.0
31;2021-01-05;50;0;61;0;0.0;0.0
31;2021-01-06;211;1;272;1;0.0;0.0
31;2021-01-07;284;1;556;2;0.0;0.0
31;2021-01-08;546;1;1102;3;0.1;0.0
31;2021-01-09;275;0;1377;3;0.1;0.0
31;2021-01-10;286;0;1663;3;0.1;0.0
31;2021-01-11;982;3;2645;6;0.2;0.0
31;2021-01-12;1192;1;3837;7;0.3;0.0
31;2021-01-13;1158;3;4995;10;0.4;0.0
31;2021-01-14;1179;18;6174;28;0.4;0.0
31;2021-01-15;1047;3;7221;31;0.5;0.0
31;2021-01-16;243;1;7464;32;0.5;0.0
31;2021-01-17;176;0;7640;32;0.5;0.0
31;2021-01-18;1615;5;9255;37;0.7;0.0
31;2021-01-19;2935;10;12190;47;0.9;0.0
31;2021-01-20;3669;12;15859;59;1.1;0.0
31;2021-01-21;2993;7;18852;66;1.3;0.0
31;2021-01-22;2272;5;21124;71;1.5;0.0
31;2021-01-23;728;2;21852;73;1.6;0.0
31;2021-01-24;212;1;22064;74;1.6;0.0
31;2021-01-25;1744;9;23808;83;1.7;0.0
31;2021-01-26;1838;42;25646;125;1.8;0.0
31;2021-01-27;1575;142;27221;267;1.9;0.0
31;2021-01-28;1385;287;28606;554;2.0;0.0
31;2021-01-29;1359;326;29965;880;2.1;0.1
31;2021-01-30;446;171;30411;1051;2.2;0.1
31;2021-01-31;61;194;30472;1245;2.2;0.1
31;2021-02-01;1160;702;31632;1947;2.3;0.1
31;2021-02-02;3041;772;34673;2719;2.5;0.2
31;2021-02-03;1918;753;36591;3472;2.6;0.2
31;2021-02-04;1809;825;38400;4297;2.7;0.3
31;2021-02-05;1342;555;39742;4852;2.8;0.3
31;2021-02-06;383;53;40125;4905;2.9;0.4
31;2021-02-07;37;39;40162;4944;2.9;0.4
31;2021-02-08;1115;628;41277;5572;2.9;0.4
31;2021-02-09;1678;1542;42955;7114;3.1;0.5
31;2021-02-10;1960;2382;44915;9496;3.2;0.7
31;2021-02-11;1815;1791;46730;11287;3.3;0.8
31;2021-02-12;1539;770;48269;12057;3.4;0.9
31;2021-02-13;504;218;48773;12275;3.5;0.9
31;2021-02-14;56;204;48829;12479;3.5;0.9
31;2021-02-15;443;1151;49272;13630;3.5;1.0
31;2021-02-16;464;1355;49736;14985;3.6;1.1
31;2021-02-17;471;1414;50207;16399;3.6;1.2
31;2021-02-18;476;1513;50683;17912;3.6;1.3
31;2021-02-19;393;1371;51076;19283;3.6;1.4
31;2021-02-20;69;448;51145;19731;3.7;1.4
31;2021-02-21;77;152;51222;19883;3.7;1.4
31;2021-02-22;433;1550;51655;21433;3.7;1.5
31;2021-02-23;865;2845;52520;24278;3.7;1.7
31;2021-02-24;652;2002;53172;26280;3.8;1.9
31;2021-02-25;1432;1720;54604;28000;3.9;2.0
31;2021-02-26;1711;1074;56315;29074;4.0;2.1
31;2021-02-27;638;335;56953;29409;4.1;2.1
31;2021-02-28;78;54;57031;29463;4.1;2.1
31;2021-03-01;874;1017;57905;30480;4.1;2.2
31;2021-03-02;1239;1530;59144;32010;4.2;2.3
31;2021-03-03;1354;1686;60498;33696;4.3;2.4
31;2021-03-04;2424;1391;62922;35087;4.5;2.5
31;2021-03-05;3054;1510;65976;36597;4.7;2.6
31;2021-03-06;2835;369;68811;36966;4.9;2.6
31;2021-03-07;5368;109;74179;37075;5.3;2.6
31;2021-03-08;1599;1042;75778;38117;5.4;2.7
31;2021-03-09;2792;1156;78570;39273;5.6;2.8
31;2021-03-10;2574;1066;81144;40339;5.8;2.9
31;2021-03-11;4380;1143;85524;41482;6.1;3.0
31;2021-03-12;5315;1184;90839;42666;6.5;3.0
31;2021-03-13;2837;504;93676;43170;6.7;3.1
31;2021-03-14;235;49;93911;43219;6.7;3.1
31;2021-03-15;2583;425;96494;43644;6.9;3.1
31;2021-03-16;1745;802;98239;44446;7.0;3.2
31;2021-03-17;1657;553;99896;44999;7.1;3.2
31;2021-03-18;1988;707;101884;45706;7.3;3.3
31;2021-03-19;3187;518;105071;46224;7.5;3.3
31;2021-03-20;1797;137;106868;46361;7.6;3.3
31;2021-03-21;210;35;107078;46396;7.6;3.3
31;2021-03-22;2580;369;109658;46765;7.8;3.3
31;2021-03-23;4056;320;113714;47085;8.1;3.4
31;2021-03-24;4357;290;118071;47375;8.4;3.4
31;2021-03-25;6041;523;124112;47898;8.9;3.4
31;2021-03-26;5466;513;129578;48411;9.2;3.5
31;2021-03-27;4350;207;133928;48618;9.6;3.5
31;2021-03-28;2291;48;136219;48666;9.7;3.5
31;2021-03-29;4207;431;140426;49097;10.0;3.5
31;2021-03-30;6596;554;147022;49651;10.5;3.5
31;2021-03-31;5650;381;152672;50032;10.9;3.6
31;2021-04-01;6966;558;159638;50590;11.4;3.6
31;2021-04-02;6102;583;165740;51173;11.8;3.7
31;2021-04-03;3929;152;169669;51325;12.1;3.7
31;2021-04-04;2060;115;171729;51440;12.3;3.7
31;2021-04-05;481;70;172210;51510;12.3;3.7
31;2021-04-06;4166;1151;176376;52661;12.6;3.8
31;2021-04-07;5986;983;182362;53644;13.0;3.8
31;2021-04-08;7568;1038;189930;54682;13.6;3.9
31;2021-04-09;8387;1260;198317;55942;14.2;4.0
31;2021-04-10;4717;544;203034;56486;14.5;4.0
31;2021-04-11;2068;137;205102;56623;14.6;4.0
31;2021-04-12;6000;1837;211102;58460;15.1;4.2
31;2021-04-13;8033;2020;219135;60480;15.6;4.3
31;2021-04-14;6653;1916;225788;62396;16.1;4.5
31;2021-04-15;7773;2238;233561;64634;16.7;4.6
31;2021-04-16;7182;2097;240743;66731;17.2;4.8
31;2021-04-17;4414;909;245157;67640;17.5;4.8
31;2021-04-18;2513;354;247670;67994;17.7;4.9
31;2021-04-19;5220;2028;252890;70022;18.1;5.0
31;2021-04-20;6073;2845;258963;72867;18.5;5.2
31;2021-04-21;5974;2792;264937;75659;18.9;5.4
31;2021-04-22;6381;3245;271318;78904;19.4;5.6
31;2021-04-23;6281;2554;277599;81458;19.8;5.8
31;2021-04-24;1615;3140;279214;84598;19.9;6.0
31;2021-04-25;688;2094;279902;86692;20.0;6.2
31;2021-04-26;3793;3222;283695;89914;20.3;6.4
31;2021-04-27;4517;3893;288212;93807;20.6;6.7
31;2021-04-28;4545;3564;292757;97371;20.9;7.0
31;2021-04-29;5184;4065;297941;101436;21.3;7.2
31;2021-04-30;5037;4128;302978;105564;21.6;7.5
31;2021-05-01;1487;3118;304465;108682;21.7;7.8
31;2021-05-02;1414;1980;305879;110662;21.8;7.9
31;2021-05-03;5657;2419;311536;113081;22.2;8.1
31;2021-05-04;4779;4740;316315;117821;22.6;8.4
31;2021-05-05;2996;5718;319311;123539;22.8;8.8
31;2021-05-06;3636;7377;322947;130916;23.1;9.3
31;2021-05-07;5257;7156;328204;138072;23.4;9.9
31;2021-05-08;3634;3104;331838;141176;23.7;10.1
31;2021-05-09;3760;2309;335598;143485;24.0;10.2
31;2021-05-10;5685;5477;341283;148962;24.4;10.6
31;2021-05-11;6653;6697;347936;155659;24.8;11.1
31;2021-05-12;6172;5934;354108;161593;25.3;11.5
31;2021-05-13;4643;2064;358751;163657;25.6;11.7
31;2021-05-14;6912;3978;365663;167635;26.1;12.0
31;2021-05-15;5144;1755;370807;169390;26.5;12.1
31;2021-05-16;3301;632;374108;170022;26.7;12.1
31;2021-05-17;5143;4150;379251;174172;27.1;12.4
31;2021-05-18;5589;4271;384840;178443;27.5;12.7
31;2021-05-19;5783;3762;390623;182205;27.9;13.0
31;2021-05-20;6475;4795;397098;187000;28.3;13.3
31;2021-05-21;5985;4607;403083;191607;28.8;13.7
31;2021-05-22;4085;1629;407168;193236;29.1;13.8
31;2021-05-23;3585;342;410753;193578;29.3;13.8
31;2021-05-24;3880;707;414633;194285;29.6;13.9
31;2021-05-25;6191;3607;420824;197892;30.0;14.1
31;2021-05-26;5611;4643;426435;202535;30.4;14.5
31;2021-05-27;4788;6188;431223;208723;30.8;14.9
31;2021-05-28;4118;6353;435341;215076;31.1;15.4
31;2021-05-29;1918;4029;437259;219105;31.2;15.6
31;2021-05-30;751;2361;438010;221466;31.3;15.8
31;2021-05-31;4399;5081;442409;226547;31.6;16.2
31;2021-06-01;5955;6561;448364;233108;32.0;16.6
31;2021-06-02;5801;6305;454165;239413;32.4;17.1
31;2021-06-03;7308;8140;461473;247553;32.9;17.7
31;2021-06-04;7545;7160;469018;254713;33.5;18.2
31;2021-06-05;9079;2771;478097;257484;34.1;18.4
31;2021-06-06;8115;1582;486212;259066;34.7;18.5
31;2021-06-07;7989;5472;494201;264538;35.3;18.9
31;2021-06-08;9109;6048;503310;270586;35.9;19.3
31;2021-06-09;8920;5554;512230;276140;36.6;19.7
31;2021-06-10;9784;6358;522014;282498;37.3;20.2
31;2021-06-11;10051;6634;532065;289132;38.0;20.6
31;2021-06-12;8792;3021;540857;292153;38.6;20.9
31;2021-06-13;8376;2018;549233;294171;39.2;21.0
31;2021-06-14;8432;6731;557665;300902;39.8;21.5
31;2021-06-15;9780;7447;567445;308349;40.5;22.0
31;2021-06-16;8739;5256;576184;313605;41.1;22.4
31;2021-06-17;8279;6604;584463;320209;41.7;22.9
31;2021-06-18;8554;7751;593017;327960;42.3;23.4
31;2021-06-19;7367;5437;600384;333397;42.9;23.8
31;2021-06-20;5574;3725;605958;337122;43.3;24.1
31;2021-06-21;5377;6917;611335;344039;43.6;24.6
31;2021-06-22;4989;8230;616324;352269;44.0;25.1
31;2021-06-23;5111;7282;621435;359551;44.4;25.7
31;2021-06-24;4635;8324;626070;367875;44.7;26.3
31;2021-06-25;5018;9312;631088;377187;45.0;26.9
31;2021-06-26;4283;6399;635371;383586;45.4;27.4
31;2021-06-27;3598;4107;638969;387693;45.6;27.7
31;2021-06-28;4101;6646;643070;394339;45.9;28.1
31;2021-06-29;3799;7562;646869;401901;46.2;28.7
31;2021-06-30;4280;7812;651149;409713;46.5;29.2
31;2021-07-01;4094;8467;655243;418180;46.8;29.9
31;2021-07-02;4109;9328;659352;427508;47.1;30.5
31;2021-07-03;4101;6110;663453;433618;47.4;31.0
31;2021-07-04;3206;4811;666659;438429;47.6;31.3
31;2021-07-05;4055;7098;670714;445527;47.9;31.8
31;2021-07-06;3889;8364;674603;453891;48.2;32.4
31;2021-07-07;3963;7965;678566;461856;48.4;33.0
31;2021-07-08;4055;8538;682621;470394;48.7;33.6
31;2021-07-09;4464;8802;687085;479196;49.0;34.2
31;2021-07-10;3919;5495;691004;484691;49.3;34.6
31;2021-07-11;3138;4138;694142;488829;49.5;34.9
31;2021-07-12;3826;8633;697968;497462;49.8;35.5
31;2021-07-13;6922;9441;704890;506903;50.3;36.2
31;2021-07-14;6167;3933;711057;510836;50.8;36.5
31;2021-07-15;8522;9446;719579;520282;51.4;37.1
31;2021-07-16;7778;9916;727357;530198;51.9;37.8
31;2021-07-17;8367;10553;735724;540751;52.5;38.6
31;2021-07-18;6628;9470;742352;550221;53.0;39.3
31;2021-07-19;4792;10772;747144;560993;53.3;40.0
31;2021-07-20;7164;11480;754308;572473;53.8;40.9
31;2021-07-21;7044;11529;761352;584002;54.3;41.7
31;2021-07-22;8165;11760;769517;595762;54.9;42.5
31;2021-07-23;7472;11810;776989;607572;55.5;43.4
31;2021-07-24;10317;10566;787306;618138;56.2;44.1
31;2021-07-25;7567;8802;794873;626940;56.7;44.8
31;2021-07-26;5520;9543;800393;636483;57.1;45.4
31;2021-07-27;7965;9198;808358;645681;57.7;46.1
31;2021-07-28;8684;8277;817042;653958;58.3;46.7
31;2021-07-29;8853;8049;825895;662007;59.0;47.3
31;2021-07-30;7670;7986;833565;669993;59.5;47.8
31;2021-07-31;6017;7392;839582;677385;59.9;48.4
31;2021-08-01;4434;4303;844016;681688;60.2;48.7
31;2021-08-02;5486;5417;849502;687105;60.6;49.0
31;2021-08-03;5857;5187;855359;692292;61.1;49.4
31;2021-08-04;5923;4800;861282;697092;61.5;49.8
31;2021-08-05;5579;7228;866861;704320;61.9;50.3
31;2021-08-06;5297;7342;872158;711662;62.3;50.8
31;2021-08-07;4597;6643;876755;718305;62.6;51.3
31;2021-08-08;3386;5577;880141;723882;62.8;51.7
31;2021-08-09;4387;7009;884528;730891;63.1;52.2
31;2021-08-10;4664;6280;889192;737171;63.5;52.6
31;2021-08-11;4517;5860;893709;743031;63.8;53.0
31;2021-08-12;4517;6756;898226;749787;64.1;53.5
31;2021-08-13;4150;6193;902376;755980;64.4;54.0
31;2021-08-14;3032;6462;905408;762442;64.6;54.4
31;2021-08-15;1294;4095;906702;766537;64.7;54.7
31;2021-08-16;3213;8125;909915;774662;65.0;55.3
31;2021-08-17;3424;7098;913339;781760;65.2;55.8
31;2021-08-18;3303;7001;916642;788761;65.4;56.3
31;2021-08-19;2955;6987;919597;795748;65.6;56.8
31;2021-08-20;2957;7387;922554;803135;65.9;57.3
31;2021-08-21;1967;6792;924521;809927;66.0;57.8
31;2021-08-22;1483;5634;926004;815561;66.1;58.2
31;2021-08-23;2320;7722;928324;823283;66.3;58.8
31;2021-08-24;2542;6168;930866;829451;66.4;59.2
31;2021-08-25;2356;5727;933222;835178;66.6;59.6
31;2021-08-26;2261;5794;935483;840972;66.8;60.0
31;2021-08-27;2348;6661;937831;847633;66.9;60.5
31;2021-08-28;1826;6786;939657;854419;67.1;61.0
31;2021-08-29;1270;5064;940927;859483;67.2;61.4
31;2021-08-30;2113;6628;943040;866111;67.3;61.8
31;2021-08-31;2246;5564;945286;871675;67.5;62.2
31;2021-09-01;1678;5054;946964;876729;67.6;62.6
31;2021-09-02;1741;4523;948705;881252;67.7;62.9
31;2021-09-03;1762;5204;950467;886456;67.8;63.3
31;2021-09-04;1990;5928;952457;892384;68.0;63.7
31;2021-09-05;1124;2401;953581;894785;68.1;63.9
31;2021-09-06;1336;3599;954917;898384;68.2;64.1
31;2021-09-07;1236;3347;956153;901731;68.3;64.4
31;2021-09-08;1390;3947;957543;905678;68.4;64.6
32;2020-12-27;0;0;0;0;0.0;0.0
32;2020-12-28;0;0;0;0;0.0;0.0
32;2020-12-29;0;0;0;0;0.0;0.0
32;2020-12-30;0;0;0;0;0.0;0.0
32;2020-12-31;0;0;0;0;0.0;0.0
32;2021-01-01;0;0;0;0;0.0;0.0
32;2021-01-02;0;0;0;0;0.0;0.0
32;2021-01-03;1;0;1;0;0.0;0.0
32;2021-01-04;3;0;4;0;0.0;0.0
32;2021-01-05;1;0;5;0;0.0;0.0
32;2021-01-06;2;0;7;0;0.0;0.0
32;2021-01-07;155;0;162;0;0.1;0.0
32;2021-01-08;70;0;232;0;0.1;0.0
32;2021-01-09;5;0;237;0;0.1;0.0
32;2021-01-10;1;0;238;0;0.1;0.0
32;2021-01-11;11;0;249;0;0.1;0.0
32;2021-01-12;96;0;345;0;0.2;0.0
32;2021-01-13;325;1;670;1;0.4;0.0
32;2021-01-14;378;3;1048;4;0.6;0.0
32;2021-01-15;448;2;1496;6;0.8;0.0
32;2021-01-16;16;2;1512;8;0.8;0.0
32;2021-01-17;1;0;1513;8;0.8;0.0
32;2021-01-18;345;1;1858;9;1.0;0.0
32;2021-01-19;418;0;2276;9;1.2;0.0
32;2021-01-20;358;0;2634;9;1.4;0.0
32;2021-01-21;582;0;3216;9;1.7;0.0
32;2021-01-22;372;0;3588;9;1.9;0.0
32;2021-01-23;180;0;3768;9;2.0;0.0
32;2021-01-24;5;0;3773;9;2.0;0.0
32;2021-01-25;468;1;4241;10;2.2;0.0
32;2021-01-26;608;0;4849;10;2.6;0.0
32;2021-01-27;702;4;5551;14;2.9;0.0
32;2021-01-28;687;14;6238;28;3.3;0.0
32;2021-01-29;460;50;6698;78;3.5;0.0
32;2021-01-30;260;0;6958;78;3.7;0.0
32;2021-01-31;4;5;6962;83;3.7;0.0
32;2021-02-01;288;57;7250;140;3.8;0.1
32;2021-02-02;638;139;7888;279;4.2;0.1
32;2021-02-03;338;198;8226;477;4.3;0.3
32;2021-02-04;426;275;8652;752;4.6;0.4
32;2021-02-05;348;354;9000;1106;4.7;0.6
32;2021-02-06;147;0;9147;1106;4.8;0.6
32;2021-02-07;0;36;9147;1142;4.8;0.6
32;2021-02-08;278;115;9425;1257;5.0;0.7
32;2021-02-09;310;227;9735;1484;5.1;0.8
32;2021-02-10;271;249;10006;1733;5.3;0.9
32;2021-02-11;382;312;10388;2045;5.5;1.1
32;2021-02-12;297;275;10685;2320;5.6;1.2
32;2021-02-13;249;1;10934;2321;5.8;1.2
32;2021-02-14;0;28;10934;2349;5.8;1.2
32;2021-02-15;25;190;10959;2539;5.8;1.3
32;2021-02-16;393;347;11352;2886;6.0;1.5
32;2021-02-17;192;448;11544;3334;6.1;1.8
32;2021-02-18;331;481;11875;3815;6.2;2.0
32;2021-02-19;184;273;12059;4088;6.3;2.2
32;2021-02-20;1;94;12060;4182;6.3;2.2
32;2021-02-21;0;0;12060;4182;6.3;2.2
32;2021-02-22;158;351;12218;4533;6.4;2.4
32;2021-02-23;431;547;12649;5080;6.7;2.7
32;2021-02-24;277;349;12926;5429;6.8;2.9
32;2021-02-25;481;493;13407;5922;7.1;3.1
32;2021-02-26;444;371;13851;6293;7.3;3.3
32;2021-02-27;157;229;14008;6522;7.4;3.4
32;2021-02-28;4;0;14012;6522;7.4;3.4
32;2021-03-01;51;292;14063;6814;7.4;3.6
32;2021-03-02;415;418;14478;7232;7.6;3.8
32;2021-03-03;276;280;14754;7512;7.8;4.0
32;2021-03-04;541;336;15295;7848;8.0;4.1
32;2021-03-05;437;238;15732;8086;8.3;4.3
32;2021-03-06;522;161;16254;8247;8.6;4.3
32;2021-03-07;25;5;16279;8252;8.6;4.3
32;2021-03-08;234;286;16513;8538;8.7;4.5
32;2021-03-09;644;327;17157;8865;9.0;4.7
32;2021-03-10;482;324;17639;9189;9.3;4.8
32;2021-03-11;854;289;18493;9478;9.7;5.0
32;2021-03-12;882;339;19375;9817;10.2;5.2
32;2021-03-13;492;245;19867;10062;10.5;5.3
32;2021-03-14;1;0;19868;10062;10.5;5.3
32;2021-03-15;267;25;20135;10087;10.6;5.3
32;2021-03-16;314;306;20449;10393;10.8;5.5
32;2021-03-17;150;154;20599;10547;10.8;5.5
32;2021-03-18;375;307;20974;10854;11.0;5.7
32;2021-03-19;404;179;21378;11033;11.2;5.8
32;2021-03-20;136;33;21514;11066;11.3;5.8
32;2021-03-21;0;0;21514;11066;11.3;5.8
32;2021-03-22;340;170;21854;11236;11.5;5.9
32;2021-03-23;560;399;22414;11635;11.8;6.1
32;2021-03-24;643;269;23057;11904;12.1;6.3
32;2021-03-25;899;415;23956;12319;12.6;6.5
32;2021-03-26;657;294;24613;12613;13.0;6.6
32;2021-03-27;165;3;24778;12616;13.0;6.6
32;2021-03-28;1;1;24779;12617;13.0;6.6
32;2021-03-29;371;48;25150;12665;13.2;6.7
32;2021-03-30;766;290;25916;12955;13.6;6.8
32;2021-03-31;654;170;26570;13125;14.0;6.9
32;2021-04-01;1237;318;27807;13443;14.6;7.1
32;2021-04-02;575;167;28382;13610;14.9;7.2
32;2021-04-03;114;0;28496;13610;15.0;7.2
32;2021-04-04;0;0;28496;13610;15.0;7.2
32;2021-04-05;0;0;28496;13610;15.0;7.2
32;2021-04-06;2649;309;31145;13919;16.4;7.3
32;2021-04-07;1178;202;32323;14121;17.0;7.4
32;2021-04-08;1736;405;34059;14526;17.9;7.6
32;2021-04-09;883;218;34942;14744;18.4;7.8
32;2021-04-10;809;29;35751;14773;18.8;7.8
32;2021-04-11;14;0;35765;14773;18.8;7.8
32;2021-04-12;477;23;36242;14796;19.1;7.8
32;2021-04-13;2469;388;38711;15184;20.4;8.0
32;2021-04-14;1227;263;39938;15447;21.0;8.1
32;2021-04-15;1704;392;41642;15839;21.9;8.3
32;2021-04-16;638;282;42280;16121;22.2;8.5
32;2021-04-17;783;39;43063;16160;22.7;8.5
32;2021-04-18;13;1;43076;16161;22.7;8.5
32;2021-04-19;502;45;43578;16206;22.9;8.5
32;2021-04-20;2472;392;46050;16598;24.2;8.7
32;2021-04-21;1010;303;47060;16901;24.8;8.9
32;2021-04-22;1662;320;48722;17221;25.6;9.1
32;2021-04-23;549;159;49271;17380;25.9;9.1
32;2021-04-24;1392;55;50663;17435;26.7;9.2
32;2021-04-25;0;11;50663;17446;26.7;9.2
32;2021-04-26;387;359;51050;17805;26.9;9.4
32;2021-04-27;2552;555;53602;18360;28.2;9.7
32;2021-04-28;972;355;54574;18715;28.7;9.8
32;2021-04-29;1009;884;55583;19599;29.2;10.3
32;2021-04-30;453;363;56036;19962;29.5;10.5
32;2021-05-01;2607;97;58643;20059;30.9;10.6
32;2021-05-02;0;0;58643;20059;30.9;10.6
32;2021-05-03;171;321;58814;20380;30.9;10.7
32;2021-05-04;788;2496;59602;22876;31.4;12.0
32;2021-05-05;2361;1097;61963;23973;32.6;12.6
32;2021-05-06;516;1658;62479;25631;32.9;13.5
32;2021-05-07;2286;539;64765;26170;34.1;13.8
32;2021-05-08;71;516;64836;26686;34.1;14.0
32;2021-05-09;21;179;64857;26865;34.1;14.1
32;2021-05-10;1994;547;66851;27412;35.2;14.4
32;2021-05-11;651;2275;67502;29687;35.5;15.6
32;2021-05-12;2313;1138;69815;30825;36.7;16.2
32;2021-05-13;281;1417;70096;32242;36.9;17.0
32;2021-05-14;2222;327;72318;32569;38.1;17.1
32;2021-05-15;134;712;72452;33281;38.1;17.5
32;2021-05-16;2;0;72454;33281;38.1;17.5
32;2021-05-17;353;169;72807;33450;38.3;17.6
32;2021-05-18;1642;297;74449;33747;39.2;17.8
32;2021-05-19;2475;272;76924;34019;40.5;17.9
32;2021-05-20;2887;470;79811;34489;42.0;18.1
32;2021-05-21;2535;500;82346;34989;43.3;18.4
32;2021-05-22;334;111;82680;35100;43.5;18.5
32;2021-05-23;2;13;82682;35113;43.5;18.5
32;2021-05-24;3;0;82685;35113;43.5;18.5
32;2021-05-25;1983;373;84668;35486;44.6;18.7
32;2021-05-26;2548;555;87216;36041;45.9;19.0
32;2021-05-27;2878;627;90094;36668;47.4;19.3
32;2021-05-28;2311;766;92405;37434;48.6;19.7
32;2021-05-29;372;311;92777;37745;48.8;19.9
32;2021-05-30;4;6;92781;37751;48.8;19.9
32;2021-05-31;1414;625;94195;38376;49.6;20.2
32;2021-06-01;566;2888;94761;41264;49.9;21.7
32;2021-06-02;1580;1352;96341;42616;50.7;22.4
32;2021-06-03;395;2087;96736;44703;50.9;23.5
32;2021-06-04;1837;830;98573;45533;51.9;24.0
32;2021-06-05;206;1661;98779;47194;52.0;24.8
32;2021-06-06;8;14;98787;47208;52.0;24.8
32;2021-06-07;103;418;98890;47626;52.0;25.1
32;2021-06-08;664;2540;99554;50166;52.4;26.4
32;2021-06-09;1191;1055;100745;51221;53.0;27.0
32;2021-06-10;686;1225;101431;52446;53.4;27.6
32;2021-06-11;926;662;102357;53108;53.9;27.9
32;2021-06-12;150;2679;102507;55787;53.9;29.4
32;2021-06-13;1;1;102508;55788;53.9;29.4
32;2021-06-14;529;210;103037;55998;54.2;29.5
32;2021-06-15;1735;1027;104772;57025;55.1;30.0
32;2021-06-16;850;2777;105622;59802;55.6;31.5
32;2021-06-17;860;829;106482;60631;56.0;31.9
32;2021-06-18;315;2724;106797;63355;56.2;33.3
32;2021-06-19;914;436;107711;63791;56.7;33.6
32;2021-06-20;5;13;107716;63804;56.7;33.6
32;2021-06-21;67;1994;107783;65798;56.7;34.6
32;2021-06-22;1043;970;108826;66768;57.3;35.1
32;2021-06-23;516;2184;109342;68952;57.5;36.3
32;2021-06-24;528;519;109870;69471;57.8;36.6
32;2021-06-25;501;2359;110371;71830;58.1;37.8
32;2021-06-26;108;171;110479;72001;58.1;37.9
32;2021-06-27;2;5;110481;72006;58.1;37.9
32;2021-06-28;630;603;111111;72609;58.5;38.2
32;2021-06-29;800;1985;111911;74594;58.9;39.3
32;2021-06-30;757;2727;112668;77321;59.3;40.7
32;2021-07-01;540;2641;113208;79962;59.6;42.1
32;2021-07-02;641;2335;113849;82297;59.9;43.3
32;2021-07-03;482;506;114331;82803;60.2;43.6
32;2021-07-04;1;12;114332;82815;60.2;43.6
32;2021-07-05;76;390;114408;83205;60.2;43.8
32;2021-07-06;880;2083;115288;85288;60.7;44.9
32;2021-07-07;781;2757;116069;88045;61.1;46.3
32;2021-07-08;478;2268;116547;90313;61.3;47.5
32;2021-07-09;615;2226;117162;92539;61.7;48.7
32;2021-07-10;537;521;117699;93060;61.9;49.0
32;2021-07-11;0;5;117699;93065;61.9;49.0
32;2021-07-12;525;1243;118224;94308;62.2;49.6
32;2021-07-13;1697;1816;119921;96124;63.1;50.6
32;2021-07-14;492;35;120413;96159;63.4;50.6
32;2021-07-15;2095;891;122508;97050;64.5;51.1
32;2021-07-16;1170;1913;123678;98963;65.1;52.1
32;2021-07-17;78;129;123756;99092;65.1;52.1
32;2021-07-18;2;5;123758;99097;65.1;52.1
32;2021-07-19;1996;147;125754;99244;66.2;52.2
32;2021-07-20;2039;1271;127793;100515;67.2;52.9
32;2021-07-21;1616;1691;129409;102206;68.1;53.8
32;2021-07-22;1948;514;131357;102720;69.1;54.1
32;2021-07-23;1407;1731;132764;104451;69.9;55.0
32;2021-07-24;139;118;132903;104569;69.9;55.0
32;2021-07-25;34;10;132937;104579;70.0;55.0
32;2021-07-26;1071;1071;134008;105650;70.5;55.6
32;2021-07-27;1731;2098;135739;107748;71.4;56.7
32;2021-07-28;694;974;136433;108722;71.8;57.2
32;2021-07-29;1694;1609;138127;110331;72.7;58.1
32;2021-07-30;363;349;138490;110680;72.9;58.2
32;2021-07-31;187;351;138677;111031;73.0;58.4
32;2021-08-01;18;4;138695;111035;73.0;58.4
32;2021-08-02;82;76;138777;111111;73.0;58.5
32;2021-08-03;1176;1791;139953;112902;73.6;59.4
32;2021-08-04;632;652;140585;113554;74.0;59.8
32;2021-08-05;1109;1941;141694;115495;74.6;60.8
32;2021-08-06;561;495;142255;115990;74.9;61.0
32;2021-08-07;148;93;142403;116083;74.9;61.1
32;2021-08-08;0;0;142403;116083;74.9;61.1
32;2021-08-09;261;1826;142664;117909;75.1;62.0
32;2021-08-10;716;2078;143380;119987;75.4;63.1
32;2021-08-11;581;447;143961;120434;75.8;63.4
32;2021-08-12;933;2101;144894;122535;76.2;64.5
32;2021-08-13;177;251;145071;122786;76.3;64.6
32;2021-08-14;112;119;145183;122905;76.4;64.7
32;2021-08-15;13;21;145196;122926;76.4;64.7
32;2021-08-16;41;39;145237;122965;76.4;64.7
32;2021-08-17;573;2301;145810;125266;76.7;65.9
32;2021-08-18;310;559;146120;125825;76.9;66.2
32;2021-08-19;952;1411;147072;127236;77.4;67.0
32;2021-08-20;154;165;147226;127401;77.5;67.0
32;2021-08-21;149;191;147375;127592;77.5;67.1
32;2021-08-22;8;3;147383;127595;77.6;67.1
32;2021-08-23;42;101;147425;127696;77.6;67.2
32;2021-08-24;582;1450;148007;129146;77.9;68.0
32;2021-08-25;92;191;148099;129337;77.9;68.1
32;2021-08-26;321;2260;148420;131597;78.1;69.2
32;2021-08-27;271;552;148691;132149;78.2;69.5
32;2021-08-28;70;109;148761;132258;78.3;69.6
32;2021-08-29;1;8;148762;132266;78.3;69.6
32;2021-08-30;19;50;148781;132316;78.3;69.6
32;2021-08-31;195;1536;148976;133852;78.4;70.4
32;2021-09-01;651;827;149627;134679;78.7;70.9
32;2021-09-02;315;1733;149942;136412;78.9;71.8
32;2021-09-03;186;313;150128;136725;79.0;71.9
32;2021-09-04;49;104;150177;136829;79.0;72.0
32;2021-09-05;11;15;150188;136844;79.0;72.0
32;2021-09-06;38;103;150226;136947;79.0;72.1
32;2021-09-07;436;946;150662;137893;79.3;72.6
32;2021-09-08;252;554;150914;138447;79.4;72.9
33;2020-12-27;2;0;2;0;0.0;0.0
33;2020-12-28;3;0;5;0;0.0;0.0
33;2020-12-29;0;0;5;0;0.0;0.0
33;2020-12-30;0;0;5;0;0.0;0.0
33;2020-12-31;0;0;5;0;0.0;0.0
33;2021-01-01;0;0;5;0;0.0;0.0
33;2021-01-02;2;0;7;0;0.0;0.0
33;2021-01-03;1;0;8;0;0.0;0.0
33;2021-01-04;2;0;10;0;0.0;0.0
33;2021-01-05;2;0;12;0;0.0;0.0
33;2021-01-06;134;0;146;0;0.0;0.0
33;2021-01-07;1309;1;1455;1;0.1;0.0
33;2021-01-08;1200;2;2655;3;0.2;0.0
33;2021-01-09;298;0;2953;3;0.2;0.0
33;2021-01-10;229;0;3182;3;0.2;0.0
33;2021-01-11;627;0;3809;3;0.2;0.0
33;2021-01-12;1417;2;5226;5;0.3;0.0
33;2021-01-13;1313;9;6539;14;0.4;0.0
33;2021-01-14;1289;13;7828;27;0.5;0.0
33;2021-01-15;1607;11;9435;38;0.6;0.0
33;2021-01-16;568;8;10003;46;0.6;0.0
33;2021-01-17;406;3;10409;49;0.6;0.0
33;2021-01-18;1223;9;11632;58;0.7;0.0
33;2021-01-19;2926;4;14558;62;0.9;0.0
33;2021-01-20;3405;9;17963;71;1.1;0.0
33;2021-01-21;2862;5;20825;76;1.3;0.0
33;2021-01-22;2326;7;23151;83;1.4;0.0
33;2021-01-23;852;2;24003;85;1.5;0.0
33;2021-01-24;529;2;24532;87;1.5;0.0
33;2021-01-25;2172;57;26704;144;1.6;0.0
33;2021-01-26;2244;146;28948;290;1.8;0.0
33;2021-01-27;2260;193;31208;483;1.9;0.0
33;2021-01-28;2157;422;33365;905;2.0;0.1
33;2021-01-29;1821;651;35186;1556;2.2;0.1
33;2021-01-30;704;164;35890;1720;2.2;0.1
33;2021-01-31;390;140;36280;1860;2.2;0.1
33;2021-02-01;1456;622;37736;2482;2.3;0.2
33;2021-02-02;2645;1078;40381;3560;2.5;0.2
33;2021-02-03;2923;842;43304;4402;2.7;0.3
33;2021-02-04;4030;1328;47334;5730;2.9;0.4
33;2021-02-05;2191;1121;49525;6851;3.0;0.4
33;2021-02-06;644;181;50169;7032;3.1;0.4
33;2021-02-07;218;202;50387;7234;3.1;0.4
33;2021-02-08;1262;713;51649;7947;3.2;0.5
33;2021-02-09;1324;1614;52973;9561;3.2;0.6
33;2021-02-10;1263;1686;54236;11247;3.3;0.7
33;2021-02-11;1301;1360;55537;12607;3.4;0.8
33;2021-02-12;1115;1157;56652;13764;3.5;0.8
33;2021-02-13;203;252;56855;14016;3.5;0.9
33;2021-02-14;47;217;56902;14233;3.5;0.9
33;2021-02-15;684;1478;57586;15711;3.5;1.0
33;2021-02-16;812;1838;58398;17549;3.6;1.1
33;2021-02-17;667;1830;59065;19379;3.6;1.2
33;2021-02-18;899;2019;59964;21398;3.7;1.3
33;2021-02-19;916;1828;60880;23226;3.7;1.4
33;2021-02-20;77;544;60957;23770;3.7;1.5
33;2021-02-21;38;405;60995;24175;3.7;1.5
33;2021-02-22;706;1653;61701;25828;3.8;1.6
33;2021-02-23;1234;2500;62935;28328;3.9;1.7
33;2021-02-24;1399;2320;64334;30648;3.9;1.9
33;2021-02-25;2830;3523;67164;34171;4.1;2.1
33;2021-02-26;4056;2146;71220;36317;4.4;2.2
33;2021-02-27;1360;637;72580;36954;4.4;2.3
33;2021-02-28;126;474;72706;37428;4.5;2.3
33;2021-03-01;1534;1722;74240;39150;4.5;2.4
33;2021-03-02;2323;1596;76563;40746;4.7;2.5
33;2021-03-03;2310;1586;78873;42332;4.8;2.6
33;2021-03-04;3934;1555;82807;43887;5.1;2.7
33;2021-03-05;5761;1638;88568;45525;5.4;2.8
33;2021-03-06;3414;541;91982;46066;5.6;2.8
33;2021-03-07;741;147;92723;46213;5.7;2.8
33;2021-03-08;2715;1095;95438;47308;5.8;2.9
33;2021-03-09;4402;1304;99840;48612;6.1;3.0
33;2021-03-10;5121;1213;104961;49825;6.4;3.1
33;2021-03-11;7543;1209;112504;51034;6.9;3.1
33;2021-03-12;10121;1147;122625;52181;7.5;3.2
33;2021-03-13;5156;212;127781;52393;7.8;3.2
33;2021-03-14;715;28;128496;52421;7.9;3.2
33;2021-03-15;4442;670;132938;53091;8.1;3.3
33;2021-03-16;3579;867;136517;53958;8.4;3.3
33;2021-03-17;3638;945;140155;54903;8.6;3.4
33;2021-03-18;4038;1407;144193;56310;8.8;3.4
33;2021-03-19;6270;1027;150463;57337;9.2;3.5
33;2021-03-20;3368;104;153831;57441;9.4;3.5
33;2021-03-21;462;29;154293;57470;9.4;3.5
33;2021-03-22;4901;449;159194;57919;9.7;3.5
33;2021-03-23;6322;603;165516;58522;10.1;3.6
33;2021-03-24;7077;527;172593;59049;10.6;3.6
33;2021-03-25;8841;656;181434;59705;11.1;3.7
33;2021-03-26;10038;849;191472;60554;11.7;3.7
33;2021-03-27;3619;83;195091;60637;11.9;3.7
33;2021-03-28;577;33;195668;60670;12.0;3.7
33;2021-03-29;6769;701;202437;61371;12.4;3.8
33;2021-03-30;8101;1038;210538;62409;12.9;3.8
33;2021-03-31;7579;1068;218117;63477;13.4;3.9
33;2021-04-01;8822;1193;226939;64670;13.9;4.0
33;2021-04-02;8405;1551;235344;66221;14.4;4.1
33;2021-04-03;2832;522;238176;66743;14.6;4.1
33;2021-04-04;218;160;238394;66903;14.6;4.1
33;2021-04-05;693;123;239087;67026;14.6;4.1
33;2021-04-06;6050;2699;245137;69725;15.0;4.3
33;2021-04-07;7425;2550;252562;72275;15.5;4.4
33;2021-04-08;10325;2779;262887;75054;16.1;4.6
33;2021-04-09;12688;3088;275575;78142;16.9;4.8
33;2021-04-10;5357;1393;280932;79535;17.2;4.9
33;2021-04-11;1002;352;281934;79887;17.3;4.9
33;2021-04-12;7422;3277;289356;83164;17.7;5.1
33;2021-04-13;9320;3477;298676;86641;18.3;5.3
33;2021-04-14;9043;3654;307719;90295;18.8;5.5
33;2021-04-15;10111;3878;317830;94173;19.5;5.8
33;2021-04-16;9720;4226;327550;98399;20.1;6.0
33;2021-04-17;4652;1659;332202;100058;20.3;6.1
33;2021-04-18;929;413;333131;100471;20.4;6.2
33;2021-04-19;5617;3837;338748;104308;20.7;6.4
33;2021-04-20;7295;4266;346043;108574;21.2;6.6
33;2021-04-21;6595;4347;352638;112921;21.6;6.9
33;2021-04-22;7350;4475;359988;117396;22.0;7.2
33;2021-04-23;7707;4822;367695;122218;22.5;7.5
33;2021-04-24;4502;1797;372197;124015;22.8;7.6
33;2021-04-25;1651;418;373848;124433;22.9;7.6
33;2021-04-26;5267;5078;379115;129511;23.2;7.9
33;2021-04-27;6579;5602;385694;135113;23.6;8.3
33;2021-04-28;6782;5555;392476;140668;24.0;8.6
33;2021-04-29;8425;6224;400901;146892;24.5;9.0
33;2021-04-30;8739;6112;409640;153004;25.1;9.4
33;2021-05-01;2901;513;412541;153517;25.3;9.4
33;2021-05-02;1835;346;414376;153863;25.4;9.4
33;2021-05-03;7017;5216;421393;159079;25.8;9.7
33;2021-05-04;6826;6664;428219;165743;26.2;10.1
33;2021-05-05;7143;7568;435362;173311;26.7;10.6
33;2021-05-06;8705;8234;444067;181545;27.2;11.1
33;2021-05-07;8608;8890;452675;190435;27.7;11.7
33;2021-05-08;3542;1599;456217;192034;27.9;11.8
33;2021-05-09;1118;969;457335;193003;28.0;11.8
33;2021-05-10;6878;7295;464213;200298;28.4;12.3
33;2021-05-11;8637;7827;472850;208125;28.9;12.7
33;2021-05-12;9176;6689;482026;214814;29.5;13.2
33;2021-05-13;5209;2114;487235;216928;29.8;13.3
33;2021-05-14;8130;5357;495365;222285;30.3;13.6
33;2021-05-15;5184;2874;500549;225159;30.6;13.8
33;2021-05-16;1842;804;502391;225963;30.8;13.8
33;2021-05-17;8860;5108;511251;231071;31.3;14.1
33;2021-05-18;10625;4879;521876;235950;31.9;14.4
33;2021-05-19;10903;4783;532779;240733;32.6;14.7
33;2021-05-20;10912;5586;543691;246319;33.3;15.1
33;2021-05-21;10919;6243;554610;252562;34.0;15.5
33;2021-05-22;5122;2752;559732;255314;34.3;15.6
33;2021-05-23;1747;384;561479;255698;34.4;15.7
33;2021-05-24;5413;1000;566892;256698;34.7;15.7
33;2021-05-25;9391;5769;576283;262467;35.3;16.1
33;2021-05-26;9678;6035;585961;268502;35.9;16.4
33;2021-05-27;10908;7731;596869;276233;36.5;16.9
33;2021-05-28;10066;9500;606935;285733;37.2;17.5
33;2021-05-29;5043;4116;611978;289849;37.5;17.7
33;2021-05-30;1703;667;613681;290516;37.6;17.8
33;2021-05-31;8556;6419;622237;296935;38.1;18.2
33;2021-06-01;11807;8714;634044;305649;38.8;18.7
33;2021-06-02;11713;8207;645757;313856;39.5;19.2
33;2021-06-03;12717;9195;658474;323051;40.3;19.8
33;2021-06-04;12940;10952;671414;334003;41.1;20.4
33;2021-06-05;5277;5056;676691;339059;41.4;20.8
33;2021-06-06;2526;1193;679217;340252;41.6;20.8
33;2021-06-07;9761;8498;688978;348750;42.2;21.4
33;2021-06-08;11938;9452;700916;358202;42.9;21.9
33;2021-06-09;11777;8526;712693;366728;43.6;22.5
33;2021-06-10;12953;8387;725646;375115;44.4;23.0
33;2021-06-11;12521;11160;738167;386275;45.2;23.6
33;2021-06-12;6189;4478;744356;390753;45.6;23.9
33;2021-06-13;2614;1283;746970;392036;45.7;24.0
33;2021-06-14;8583;10152;755553;402188;46.3;24.6
33;2021-06-15;12060;10270;767613;412458;47.0;25.3
33;2021-06-16;12056;8862;779669;421320;47.7;25.8
33;2021-06-17;13117;9612;792786;430932;48.5;26.4
33;2021-06-18;11800;11436;804586;442368;49.3;27.1
33;2021-06-19;5612;4815;810198;447183;49.6;27.4
33;2021-06-20;2947;1475;813145;448658;49.8;27.5
33;2021-06-21;7876;10166;821021;458824;50.3;28.1
33;2021-06-22;9064;11082;830085;469906;50.8;28.8
33;2021-06-23;8666;10843;838751;480749;51.3;29.4
33;2021-06-24;9747;9986;848498;490735;51.9;30.0
33;2021-06-25;8050;13712;856548;504447;52.4;30.9
33;2021-06-26;4343;5917;860891;510364;52.7;31.2
33;2021-06-27;2468;1961;863359;512325;52.9;31.4
33;2021-06-28;4875;12765;868234;525090;53.2;32.1
33;2021-06-29;6444;13654;874678;538744;53.5;33.0
33;2021-06-30;6684;13393;881362;552137;54.0;33.8
33;2021-07-01;8053;11818;889415;563955;54.5;34.5
33;2021-07-02;6849;15112;896264;579067;54.9;35.5
33;2021-07-03;3229;6784;899493;585851;55.1;35.9
33;2021-07-04;2068;2379;901561;588230;55.2;36.0
33;2021-07-05;4401;12907;905962;601137;55.5;36.8
33;2021-07-06;6150;14593;912112;615730;55.8;37.7
33;2021-07-07;6896;13051;919008;628781;56.3;38.5
33;2021-07-08;7973;12753;926981;641534;56.8;39.3
33;2021-07-09;6473;15112;933454;656646;57.1;40.2
33;2021-07-10;3114;7160;936568;663806;57.3;40.6
33;2021-07-11;1844;2300;938412;666106;57.5;40.8
33;2021-07-12;3950;14704;942362;680810;57.7;41.7
33;2021-07-13;7165;16105;949527;696915;58.1;42.7
33;2021-07-14;3687;5320;953214;702235;58.4;43.0
33;2021-07-15;7625;15974;960839;718209;58.8;44.0
33;2021-07-16;8590;15147;969429;733356;59.3;44.9
33;2021-07-17;3157;6429;972586;739785;59.5;45.3
33;2021-07-18;1703;3206;974289;742991;59.6;45.5
33;2021-07-19;5870;15094;980159;758085;60.0;46.4
33;2021-07-20;7428;16124;987587;774209;60.5;47.4
33;2021-07-21;8376;14542;995963;788751;61.0;48.3
33;2021-07-22;9367;15100;1005330;803851;61.5;49.2
33;2021-07-23;9668;16352;1014998;820203;62.1;50.2
33;2021-07-24;3837;7551;1018835;827754;62.4;50.7
33;2021-07-25;2093;2666;1020928;830420;62.5;50.8
33;2021-07-26;6965;13416;1027893;843836;62.9;51.7
33;2021-07-27;10094;13398;1037987;857234;63.5;52.5
33;2021-07-28;10935;11969;1048922;869203;64.2;53.2
33;2021-07-29;11677;11910;1060599;881113;64.9;53.9
33;2021-07-30;11397;12218;1071996;893331;65.6;54.7
33;2021-07-31;4761;5649;1076757;898980;65.9;55.0
33;2021-08-01;2485;1951;1079242;900931;66.1;55.2
33;2021-08-02;8410;9888;1087652;910819;66.6;55.8
33;2021-08-03;11523;9017;1099175;919836;67.3;56.3
33;2021-08-04;11905;7354;1111080;927190;68.0;56.8
33;2021-08-05;11906;8033;1122986;935223;68.7;57.3
33;2021-08-06;11194;9052;1134180;944275;69.4;57.8
33;2021-08-07;5932;4517;1140112;948792;69.8;58.1
33;2021-08-08;3200;1820;1143312;950612;70.0;58.2
33;2021-08-09;8645;8721;1151957;959333;70.5;58.7
33;2021-08-10;9337;8446;1161294;967779;71.1;59.2
33;2021-08-11;8094;7577;1169388;975356;71.6;59.7
33;2021-08-12;7960;8023;1177348;983379;72.1;60.2
33;2021-08-13;7823;7689;1185171;991068;72.6;60.7
33;2021-08-14;3509;4331;1188680;995399;72.8;60.9
33;2021-08-15;1207;1879;1189887;997278;72.8;61.1
33;2021-08-16;6414;8635;1196301;1005913;73.2;61.6
33;2021-08-17;6600;9062;1202901;1014975;73.6;62.1
33;2021-08-18;5590;8768;1208491;1023743;74.0;62.7
33;2021-08-19;5466;9115;1213957;1032858;74.3;63.2
33;2021-08-20;4895;9831;1218852;1042689;74.6;63.8
33;2021-08-21;2180;5032;1221032;1047721;74.8;64.1
33;2021-08-22;562;2368;1221594;1050089;74.8;64.3
33;2021-08-23;3885;10291;1225479;1060380;75.0;64.9
33;2021-08-24;4104;11093;1229583;1071473;75.3;65.6
33;2021-08-25;3696;10480;1233279;1081953;75.5;66.2
33;2021-08-26;3608;11043;1236887;1092996;75.7;66.9
33;2021-08-27;3766;12585;1240653;1105581;76.0;67.7
33;2021-08-28;1558;6629;1242211;1112210;76.0;68.1
33;2021-08-29;453;2429;1242664;1114639;76.1;68.2
33;2021-08-30;2319;10533;1244983;1125172;76.2;68.9
33;2021-08-31;3217;11068;1248200;1136240;76.4;69.6
33;2021-09-01;2791;8814;1250991;1145054;76.6;70.1
33;2021-09-02;2669;8385;1253660;1153439;76.7;70.6
33;2021-09-03;3075;10125;1256735;1163564;76.9;71.2
33;2021-09-04;1625;6076;1258360;1169640;77.0;71.6
33;2021-09-05;410;1515;1258770;1171155;77.1;71.7
33;2021-09-06;1579;7171;1260349;1178326;77.2;72.1
33;2021-09-07;2047;6572;1262396;1184898;77.3;72.5
33;2021-09-08;1714;6581;1264110;1191479;77.4;72.9
34;2020-12-27;1;0;1;0;0.0;0.0
34;2020-12-28;1;0;2;0;0.0;0.0
34;2020-12-29;0;0;2;0;0.0;0.0
34;2020-12-30;0;0;2;0;0.0;0.0
34;2020-12-31;0;0;2;0;0.0;0.0
34;2021-01-01;1;0;3;0;0.0;0.0
34;2021-01-02;2;0;5;0;0.0;0.0
34;2021-01-03;0;0;5;0;0.0;0.0
34;2021-01-04;23;0;28;0;0.0;0.0
34;2021-01-05;106;2;134;2;0.0;0.0
34;2021-01-06;198;1;332;3;0.0;0.0
34;2021-01-07;364;0;696;3;0.1;0.0
34;2021-01-08;606;0;1302;3;0.1;0.0
34;2021-01-09;244;0;1546;3;0.1;0.0
34;2021-01-10;95;1;1641;4;0.1;0.0
34;2021-01-11;567;2;2208;6;0.2;0.0
34;2021-01-12;1007;1;3215;7;0.3;0.0
34;2021-01-13;1098;5;4313;12;0.4;0.0
34;2021-01-14;1958;12;6271;24;0.5;0.0
34;2021-01-15;1470;5;7741;29;0.7;0.0
34;2021-01-16;331;7;8072;36;0.7;0.0
34;2021-01-17;233;1;8305;37;0.7;0.0
34;2021-01-18;1126;4;9431;41;0.8;0.0
34;2021-01-19;1610;8;11041;49;0.9;0.0
34;2021-01-20;2087;8;13128;57;1.1;0.0
34;2021-01-21;4234;10;17362;67;1.5;0.0
34;2021-01-22;2554;8;19916;75;1.7;0.0
34;2021-01-23;599;2;20515;77;1.7;0.0
34;2021-01-24;2;0;20517;77;1.7;0.0
34;2021-01-25;1243;5;21760;82;1.9;0.0
34;2021-01-26;1460;19;23220;101;2.0;0.0
34;2021-01-27;1469;23;24689;124;2.1;0.0
34;2021-01-28;1392;123;26081;247;2.2;0.0
34;2021-01-29;1260;130;27341;377;2.3;0.0
34;2021-01-30;479;15;27820;392;2.4;0.0
34;2021-01-31;4;0;27824;392;2.4;0.0
34;2021-02-01;1028;229;28852;621;2.5;0.1
34;2021-02-02;1459;411;30311;1032;2.6;0.1
34;2021-02-03;2656;497;32967;1529;2.8;0.1
34;2021-02-04;2313;859;35280;2388;3.0;0.2
34;2021-02-05;1888;1145;37168;3533;3.2;0.3
34;2021-02-06;497;218;37665;3751;3.2;0.3
34;2021-02-07;32;97;37697;3848;3.2;0.3
34;2021-02-08;860;995;38557;4843;3.3;0.4
34;2021-02-09;1033;1233;39590;6076;3.4;0.5
34;2021-02-10;1296;1433;40886;7509;3.5;0.6
34;2021-02-11;1791;2590;42677;10099;3.6;0.9
34;2021-02-12;1923;1538;44600;11637;3.8;1.0
34;2021-02-13;357;460;44957;12097;3.8;1.0
34;2021-02-14;22;279;44979;12376;3.8;1.1
34;2021-02-15;673;971;45652;13347;3.9;1.1
34;2021-02-16;665;1246;46317;14593;3.9;1.2
34;2021-02-17;714;1269;47031;15862;4.0;1.3
34;2021-02-18;836;1246;47867;17108;4.1;1.5
34;2021-02-19;815;1000;48682;18108;4.1;1.5
34;2021-02-20;301;379;48983;18487;4.2;1.6
34;2021-02-21;64;18;49047;18505;4.2;1.6
34;2021-02-22;630;1091;49677;19596;4.2;1.7
34;2021-02-23;562;1217;50239;20813;4.3;1.8
34;2021-02-24;938;2095;51177;22908;4.4;1.9
34;2021-02-25;1607;2033;52784;24941;4.5;2.1
34;2021-02-26;1849;1431;54633;26372;4.6;2.2
34;2021-02-27;701;347;55334;26719;4.7;2.3
34;2021-02-28;86;64;55420;26783;4.7;2.3
34;2021-03-01;929;1035;56349;27818;4.8;2.4
34;2021-03-02;1591;1119;57940;28937;4.9;2.5
34;2021-03-03;1834;1225;59774;30162;5.1;2.6
34;2021-03-04;2866;1507;62640;31669;5.3;2.7
34;2021-03-05;3686;1437;66326;33106;5.6;2.8
34;2021-03-06;2644;187;68970;33293;5.9;2.8
34;2021-03-07;1243;73;70213;33366;6.0;2.8
34;2021-03-08;2781;935;72994;34301;6.2;2.9
34;2021-03-09;4019;1389;77013;35690;6.5;3.0
34;2021-03-10;3992;1290;81005;36980;6.9;3.1
34;2021-03-11;5437;1282;86442;38262;7.3;3.3
34;2021-03-12;6495;916;92937;39178;7.9;3.3
34;2021-03-13;3136;172;96073;39350;8.2;3.3
34;2021-03-14;1003;54;97076;39404;8.3;3.4
34;2021-03-15;3306;556;100382;39960;8.5;3.4
34;2021-03-16;2913;653;103295;40613;8.8;3.5
34;2021-03-17;3305;739;106600;41352;9.1;3.5
34;2021-03-18;3449;913;110049;42265;9.4;3.6
34;2021-03-19;4694;795;114743;43060;9.8;3.7
34;2021-03-20;3148;65;117891;43125;10.0;3.7
34;2021-03-21;1997;60;119888;43185;10.2;3.7
34;2021-03-22;3682;462;123570;43647;10.5;3.7
34;2021-03-23;4962;537;128532;44184;10.9;3.8
34;2021-03-24;5219;641;133751;44825;11.4;3.8
34;2021-03-25;7198;716;140949;45541;12.0;3.9
34;2021-03-26;7169;573;148118;46114;12.6;3.9
34;2021-03-27;2373;82;150491;46196;12.8;3.9
34;2021-03-28;699;21;151190;46217;12.9;3.9
34;2021-03-29;4186;758;155376;46975;13.2;4.0
34;2021-03-30;5222;966;160598;47941;13.7;4.1
34;2021-03-31;5068;1210;165666;49151;14.1;4.2
34;2021-04-01;7034;1036;172700;50187;14.7;4.3
34;2021-04-02;5823;1187;178523;51374;15.2;4.4
34;2021-04-03;1138;87;179661;51461;15.3;4.4
34;2021-04-04;166;5;179827;51466;15.3;4.4
34;2021-04-05;432;26;180259;51492;15.3;4.4
34;2021-04-06;3136;2451;183395;53943;15.6;4.6
34;2021-04-07;3385;2636;186780;56579;15.9;4.8
34;2021-04-08;5253;2810;192033;59389;16.3;5.0
34;2021-04-09;8074;2495;200107;61884;17.0;5.3
34;2021-04-10;3166;1373;203273;63257;17.3;5.4
34;2021-04-11;1715;806;204988;64063;17.4;5.4
34;2021-04-12;4496;2519;209484;66582;17.8;5.7
34;2021-04-13;5240;3054;214724;69636;18.3;5.9
34;2021-04-14;5619;3239;220343;72875;18.7;6.2
34;2021-04-15;6998;3169;227341;76044;19.3;6.5
34;2021-04-16;6576;3159;233917;79203;19.9;6.7
34;2021-04-17;2378;2069;236295;81272;20.1;6.9
34;2021-04-18;989;1720;237284;82992;20.2;7.1
34;2021-04-19;3421;3120;240705;86112;20.5;7.3
34;2021-04-20;3767;3661;244472;89773;20.8;7.6
34;2021-04-21;4243;3720;248715;93493;21.1;7.9
34;2021-04-22;4489;4616;253204;98109;21.5;8.3
34;2021-04-23;5377;3517;258581;101626;22.0;8.6
34;2021-04-24;3164;1582;261745;103208;22.3;8.8
34;2021-04-25;1919;646;263664;103854;22.4;8.8
34;2021-04-26;4224;3475;267888;107329;22.8;9.1
34;2021-04-27;5128;4013;273016;111342;23.2;9.5
34;2021-04-28;5769;3544;278785;114886;23.7;9.8
34;2021-04-29;6421;3936;285206;118822;24.2;10.1
34;2021-04-30;7874;3284;293080;122106;24.9;10.4
34;2021-05-01;2405;501;295485;122607;25.1;10.4
34;2021-05-02;3261;323;298746;122930;25.4;10.5
34;2021-05-03;6577;2903;305323;125833;26.0;10.7
34;2021-05-04;7111;3800;312434;129633;26.6;11.0
34;2021-05-05;6498;4528;318932;134161;27.1;11.4
34;2021-05-06;6945;5199;325877;139360;27.7;11.8
34;2021-05-07;6927;5678;332804;145038;28.3;12.3
34;2021-05-08;3609;1174;336413;146212;28.6;12.4
34;2021-05-09;2178;1288;338591;147500;28.8;12.5
34;2021-05-10;5855;4807;344446;152307;29.3;12.9
34;2021-05-11;7414;5313;351860;157620;29.9;13.4
34;2021-05-12;7755;4458;359615;162078;30.6;13.8
34;2021-05-13;6127;780;365742;162858;31.1;13.8
34;2021-05-14;7492;3741;373234;166599;31.7;14.2
34;2021-05-15;4865;1688;378099;168287;32.1;14.3
34;2021-05-16;4952;460;383051;168747;32.6;14.3
34;2021-05-17;8694;1983;391745;170730;33.3;14.5
34;2021-05-18;9143;1978;400888;172708;34.1;14.7
34;2021-05-19;8626;1810;409514;174518;34.8;14.8
34;2021-05-20;8869;2513;418383;177031;35.6;15.1
34;2021-05-21;8785;3232;427168;180263;36.3;15.3
34;2021-05-22;5788;1155;432956;181418;36.8;15.4
34;2021-05-23;3884;549;436840;181967;37.1;15.5
34;2021-05-24;1898;854;438738;182821;37.3;15.5
34;2021-05-25;7142;3812;445880;186633;37.9;15.9
34;2021-05-26;8325;3034;454205;189667;38.6;16.1
34;2021-05-27;8320;4307;462525;193974;39.3;16.5
34;2021-05-28;8053;5451;470578;199425;40.0;17.0
34;2021-05-29;4008;3104;474586;202529;40.4;17.2
34;2021-05-30;1988;1389;476574;203918;40.5;17.3
34;2021-05-31;5876;5253;482450;209171;41.0;17.8
34;2021-06-01;6954;6105;489404;215276;41.6;18.3
34;2021-06-02;6136;5808;495540;221084;42.1;18.8
34;2021-06-03;7715;6487;503255;227571;42.8;19.3
34;2021-06-04;7660;7585;510915;235156;43.4;20.0
34;2021-06-05;4142;3678;515057;238834;43.8;20.3
34;2021-06-06;3270;1865;518327;240699;44.1;20.5
34;2021-06-07;4422;6762;522749;247461;44.4;21.0
34;2021-06-08;5858;6830;528607;254291;44.9;21.6
34;2021-06-09;5830;6842;534437;261133;45.4;22.2
34;2021-06-10;6323;6869;540760;268002;46.0;22.8
34;2021-06-11;5401;9278;546161;277280;46.4;23.6
34;2021-06-12;3168;4727;549329;282007;46.7;24.0
34;2021-06-13;1081;1907;550410;283914;46.8;24.1
34;2021-06-14;3448;7815;553858;291729;47.1;24.8
34;2021-06-15;3955;8792;557813;300521;47.4;25.6
34;2021-06-16;4618;7854;562431;308375;47.8;26.2
34;2021-06-17;4225;7951;566656;316326;48.2;26.9
34;2021-06-18;4348;9331;571004;325657;48.5;27.7
34;2021-06-19;2734;4404;573738;330061;48.8;28.1
34;2021-06-20;891;2873;574629;332934;48.9;28.3
34;2021-06-21;2179;8556;576808;341490;49.0;29.0
34;2021-06-22;2977;9409;579785;350899;49.3;29.8
34;2021-06-23;3528;8970;583313;359869;49.6;30.6
34;2021-06-24;3561;8679;586874;368548;49.9;31.3
34;2021-06-25;3376;10437;590250;378985;50.2;32.2
34;2021-06-26;1643;6189;591893;385174;50.3;32.7
34;2021-06-27;308;4270;592201;389444;50.4;33.1
34;2021-06-28;2267;9433;594468;398877;50.5;33.9
34;2021-06-29;2687;10300;597155;409177;50.8;34.8
34;2021-06-30;3357;9551;600512;418728;51.1;35.6
34;2021-07-01;3527;9444;604039;428172;51.4;36.4
34;2021-07-02;3433;9741;607472;437913;51.6;37.2
34;2021-07-03;1682;6158;609154;444071;51.8;37.8
34;2021-07-04;312;2763;609466;446834;51.8;38.0
34;2021-07-05;3233;7998;612699;454832;52.1;38.7
34;2021-07-06;3538;9178;616237;464010;52.4;39.5
34;2021-07-07;3277;8648;619514;472658;52.7;40.2
34;2021-07-08;4302;8867;623816;481525;53.0;40.9
34;2021-07-09;4008;9345;627824;490870;53.4;41.7
34;2021-07-10;2142;5718;629966;496588;53.6;42.2
34;2021-07-11;924;2578;630890;499166;53.6;42.4
34;2021-07-12;2930;8967;633820;508133;53.9;43.2
34;2021-07-13;4657;10046;638477;518179;54.3;44.1
34;2021-07-14;782;357;639259;518536;54.4;44.1
34;2021-07-15;5911;10394;645170;528930;54.9;45.0
34;2021-07-16;5861;10729;651031;539659;55.4;45.9
34;2021-07-17;4497;4410;655528;544069;55.7;46.3
34;2021-07-18;233;195;655761;544264;55.8;46.3
34;2021-07-19;5120;8328;660881;552592;56.2;47.0
34;2021-07-20;6903;8384;667784;560976;56.8;47.7
34;2021-07-21;7657;7821;675441;568797;57.4;48.4
34;2021-07-22;7441;8173;682882;576970;58.1;49.1
34;2021-07-23;7838;8161;690720;585131;58.7;49.7
34;2021-07-24;6153;3058;696873;588189;59.3;50.0
34;2021-07-25;3214;544;700087;588733;59.5;50.1
34;2021-07-26;6243;6432;706330;595165;60.1;50.6
34;2021-07-27;8754;6053;715084;601218;60.8;51.1
34;2021-07-28;9706;5917;724790;607135;61.6;51.6
34;2021-07-29;11327;6049;736117;613184;62.6;52.1
34;2021-07-30;9847;6531;745964;619715;63.4;52.7
34;2021-07-31;6445;2187;752409;621902;64.0;52.9
34;2021-08-01;3321;617;755730;622519;64.3;52.9
34;2021-08-02;7357;5065;763087;627584;64.9;53.4
34;2021-08-03;8133;5390;771220;632974;65.6;53.8
34;2021-08-04;8412;4562;779632;637536;66.3;54.2
34;2021-08-05;7107;5017;786739;642553;66.9;54.6
34;2021-08-06;5883;5220;792622;647773;67.4;55.1
34;2021-08-07;3099;2430;795721;650203;67.7;55.3
34;2021-08-08;201;205;795922;650408;67.7;55.3
34;2021-08-09;4774;6166;800696;656574;68.1;55.8
34;2021-08-10;5393;6480;806089;663054;68.5;56.4
34;2021-08-11;4831;6538;810920;669592;68.9;56.9
34;2021-08-12;4552;6196;815472;675788;69.3;57.5
34;2021-08-13;4099;5733;819571;681521;69.7;57.9
34;2021-08-14;1796;2881;821367;684402;69.8;58.2
34;2021-08-15;202;190;821569;684592;69.9;58.2
34;2021-08-16;2857;7545;824426;692137;70.1;58.8
34;2021-08-17;3562;8279;827988;700416;70.4;59.6
34;2021-08-18;3189;7554;831177;707970;70.7;60.2
34;2021-08-19;3248;7773;834425;715743;70.9;60.9
34;2021-08-20;2707;7711;837132;723454;71.2;61.5
34;2021-08-21;1380;3559;838512;727013;71.3;61.8
34;2021-08-22;160;310;838672;727323;71.3;61.8
34;2021-08-23;2321;8651;840993;735974;71.5;62.6
34;2021-08-24;2715;8958;843708;744932;71.7;63.3
34;2021-08-25;2330;8537;846038;753469;71.9;64.1
34;2021-08-26;2576;7883;848614;761352;72.2;64.7
34;2021-08-27;2184;7563;850798;768915;72.3;65.4
34;2021-08-28;1106;3558;851904;772473;72.4;65.7
34;2021-08-29;358;1358;852262;773831;72.5;65.8
34;2021-08-30;2039;6876;854301;780707;72.6;66.4
34;2021-08-31;2108;6821;856409;787528;72.8;67.0
34;2021-09-01;2037;6402;858446;793930;73.0;67.5
34;2021-09-02;1642;4852;860088;798782;73.1;67.9
34;2021-09-03;1750;5556;861838;804338;73.3;68.4
34;2021-09-04;1351;3374;863189;807712;73.4;68.7
34;2021-09-05;135;236;863324;807948;73.4;68.7
34;2021-09-06;1141;4048;864465;811996;73.5;69.0
34;2021-09-07;1343;4118;865808;816114;73.6;69.4
34;2021-09-08;1581;4742;867389;820856;73.7;69.8
35;2020-12-27;0;0;0;0;0.0;0.0
35;2020-12-28;0;0;0;0;0.0;0.0
35;2020-12-29;2;0;2;0;0.0;0.0
35;2020-12-30;0;0;2;0;0.0;0.0
35;2020-12-31;1;0;3;0;0.0;0.0
35;2021-01-01;3;0;6;0;0.0;0.0
35;2021-01-02;1;0;7;0;0.0;0.0
35;2021-01-03;0;0;7;0;0.0;0.0
35;2021-01-04;10;0;17;0;0.0;0.0
35;2021-01-05;110;0;127;0;0.0;0.0
35;2021-01-06;175;0;302;0;0.0;0.0
35;2021-01-07;440;1;742;1;0.1;0.0
35;2021-01-08;513;1;1255;2;0.1;0.0
35;2021-01-09;31;0;1286;2;0.1;0.0
35;2021-01-10;2;0;1288;2;0.1;0.0
35;2021-01-11;538;0;1826;2;0.2;0.0
35;2021-01-12;886;2;2712;4;0.3;0.0
35;2021-01-13;969;1;3681;5;0.3;0.0
35;2021-01-14;1261;19;4942;24;0.5;0.0
35;2021-01-15;729;2;5671;26;0.5;0.0
35;2021-01-16;189;2;5860;28;0.5;0.0
35;2021-01-17;43;0;5903;28;0.5;0.0
35;2021-01-18;1222;2;7125;30;0.7;0.0
35;2021-01-19;5407;14;12532;44;1.2;0.0
35;2021-01-20;3236;8;15768;52;1.5;0.0
35;2021-01-21;3638;5;19406;57;1.8;0.0
35;2021-01-22;2089;10;21495;67;2.0;0.0
35;2021-01-23;421;1;21916;68;2.0;0.0
35;2021-01-24;50;0;21966;68;2.0;0.0
35;2021-01-25;917;16;22883;84;2.1;0.0
35;2021-01-26;1130;130;24013;214;2.2;0.0
35;2021-01-27;1031;115;25044;329;2.3;0.0
35;2021-01-28;915;281;25959;610;2.4;0.1
35;2021-01-29;724;269;26683;879;2.5;0.1
35;2021-01-30;139;18;26822;897;2.5;0.1
35;2021-01-31;0;0;26822;897;2.5;0.1
35;2021-02-01;670;287;27492;1184;2.5;0.1
35;2021-02-02;726;419;28218;1603;2.6;0.1
35;2021-02-03;661;484;28879;2087;2.7;0.2
35;2021-02-04;591;604;29470;2691;2.7;0.2
35;2021-02-05;624;530;30094;3221;2.8;0.3
35;2021-02-06;175;5;30269;3226;2.8;0.3
35;2021-02-07;1;0;30270;3226;2.8;0.3
35;2021-02-08;446;581;30716;3807;2.8;0.4
35;2021-02-09;1715;3496;32431;7303;3.0;0.7
35;2021-02-10;1368;2658;33799;9961;3.1;0.9
35;2021-02-11;1946;3123;35745;13084;3.3;1.2
35;2021-02-12;1662;1621;37407;14705;3.5;1.4
35;2021-02-13;58;240;37465;14945;3.5;1.4
35;2021-02-14;8;68;37473;15013;3.5;1.4
35;2021-02-15;771;897;38244;15910;3.5;1.5
35;2021-02-16;920;883;39164;16793;3.6;1.6
35;2021-02-17;892;973;40056;17766;3.7;1.6
35;2021-02-18;1015;875;41071;18641;3.8;1.7
35;2021-02-19;1011;838;42082;19479;3.9;1.8
35;2021-02-20;143;42;42225;19521;3.9;1.8
35;2021-02-21;5;0;42230;19521;3.9;1.8
35;2021-02-22;777;712;43007;20233;4.0;1.9
35;2021-02-23;1288;754;44295;20987;4.1;1.9
35;2021-02-24;1404;726;45699;21713;4.2;2.0
35;2021-02-25;2247;713;47946;22426;4.4;2.1
35;2021-02-26;2601;657;50547;23083;4.7;2.1
35;2021-02-27;869;90;51416;23173;4.8;2.1
35;2021-02-28;9;0;51425;23173;4.8;2.1
35;2021-03-01;961;638;52386;23811;4.8;2.2
35;2021-03-02;1634;1907;54020;25718;5.0;2.4
35;2021-03-03;1913;920;55933;26638;5.2;2.5
35;2021-03-04;2918;1358;58851;27996;5.4;2.6
35;2021-03-05;3717;1306;62568;29302;5.8;2.7
35;2021-03-06;1339;88;63907;29390;5.9;2.7
35;2021-03-07;1;40;63908;29430;5.9;2.7
35;2021-03-08;1474;572;65382;30002;6.0;2.8
35;2021-03-09;3234;592;68616;30594;6.3;2.8
35;2021-03-10;2905;550;71521;31144;6.6;2.9
35;2021-03-11;4199;700;75720;31844;7.0;2.9
35;2021-03-12;6048;590;81768;32434;7.6;3.0
35;2021-03-13;2426;135;84194;32569;7.8;3.0
35;2021-03-14;18;25;84212;32594;7.8;3.0
35;2021-03-15;1966;668;86178;33262;8.0;3.1
35;2021-03-16;2505;718;88683;33980;8.2;3.1
35;2021-03-17;2397;598;91080;34578;8.4;3.2
35;2021-03-18;2335;586;93415;35164;8.6;3.2
35;2021-03-19;3546;507;96961;35671;9.0;3.3
35;2021-03-20;1542;109;98503;35780;9.1;3.3
35;2021-03-21;38;1;98541;35781;9.1;3.3
35;2021-03-22;1750;837;100291;36618;9.3;3.4
35;2021-03-23;3626;1175;103917;37793;9.6;3.5
35;2021-03-24;3732;986;107649;38779;9.9;3.6
35;2021-03-25;5330;991;112979;39770;10.4;3.7
35;2021-03-26;5850;805;118829;40575;11.0;3.7
35;2021-03-27;1416;208;120245;40783;11.1;3.8
35;2021-03-28;4;0;120249;40783;11.1;3.8
35;2021-03-29;2780;908;123029;41691;11.4;3.9
35;2021-03-30;4291;1329;127320;43020;11.8;4.0
35;2021-03-31;3471;1338;130791;44358;12.1;4.1
35;2021-04-01;4252;1240;135043;45598;12.5;4.2
35;2021-04-02;4863;1206;139906;46804;12.9;4.3
35;2021-04-03;764;213;140670;47017;13.0;4.3
35;2021-04-04;6;0;140676;47017;13.0;4.3
35;2021-04-05;22;1;140698;47018;13.0;4.3
35;2021-04-06;3282;2028;143980;49046;13.3;4.5
35;2021-04-07;3966;1844;147946;50890;13.7;4.7
35;2021-04-08;5803;1593;153749;52483;14.2;4.9
35;2021-04-09;7427;1414;161176;53897;14.9;5.0
35;2021-04-10;1861;252;163037;54149;15.1;5.0
35;2021-04-11;35;23;163072;54172;15.1;5.0
35;2021-04-12;5137;1596;168209;55768;15.5;5.2
35;2021-04-13;7625;2785;175834;58553;16.2;5.4
35;2021-04-14;6312;2300;182146;60853;16.8;5.6
35;2021-04-15;7567;2177;189713;63030;17.5;5.8
35;2021-04-16;8081;1761;197794;64791;18.3;6.0
35;2021-04-17;1571;223;199365;65014;18.4;6.0
35;2021-04-18;10;4;199375;65018;18.4;6.0
35;2021-04-19;4820;1670;204195;66688;18.9;6.2
35;2021-04-20;5162;2638;209357;69326;19.3;6.4
35;2021-04-21;5134;2209;214491;71535;19.8;6.6
35;2021-04-22;6430;2324;220921;73859;20.4;6.8
35;2021-04-23;6822;2362;227743;76221;21.0;7.0
35;2021-04-24;1131;262;228874;76483;21.2;7.1
35;2021-04-25;8;16;228882;76499;21.2;7.1
35;2021-04-26;5101;2153;233983;78652;21.6;7.3
35;2021-04-27;6091;3203;240074;81855;22.2;7.6
35;2021-04-28;6173;2557;246247;84412;22.8;7.8
35;2021-04-29;7116;2745;253363;87157;23.4;8.1
35;2021-04-30;7562;2535;260925;89692;24.1;8.3
35;2021-05-01;618;239;261543;89931;24.2;8.3
35;2021-05-02;15;21;261558;89952;24.2;8.3
35;2021-05-03;5308;2327;266866;92279;24.7;8.5
35;2021-05-04;5071;5323;271937;97602;25.1;9.0
35;2021-05-05;4883;4444;276820;102046;25.6;9.4
35;2021-05-06;6176;5264;282996;107310;26.2;9.9
35;2021-05-07;5619;5245;288615;112555;26.7;10.4
35;2021-05-08;1720;135;290335;112690;26.8;10.4
35;2021-05-09;698;75;291033;112765;26.9;10.4
35;2021-05-10;3724;4955;294757;117720;27.2;10.9
35;2021-05-11;4777;5803;299534;123523;27.7;11.4
35;2021-05-12;5289;5493;304823;129016;28.2;11.9
35;2021-05-13;2702;1428;307525;130444;28.4;12.1
35;2021-05-14;5458;4280;312983;134724;28.9;12.5
35;2021-05-15;2930;718;315913;135442;29.2;12.5
35;2021-05-16;999;61;316912;135503;29.3;12.5
35;2021-05-17;4475;3882;321387;139385;29.7;12.9
35;2021-05-18;5838;4324;327225;143709;30.2;13.3
35;2021-05-19;5867;3634;333092;147343;30.8;13.6
35;2021-05-20;6447;4009;339539;151352;31.4;14.0
35;2021-05-21;6141;4766;345680;156118;31.9;14.4
35;2021-05-22;2118;735;347798;156853;32.1;14.5
35;2021-05-23;688;46;348486;156899;32.2;14.5
35;2021-05-24;3207;1297;351693;158196;32.5;14.6
35;2021-05-25;5544;4272;357237;162468;33.0;15.0
35;2021-05-26;5726;4159;362963;166627;33.5;15.4
35;2021-05-27;6528;4769;369491;171396;34.1;15.8
35;2021-05-28;6332;5565;375823;176961;34.7;16.4
35;2021-05-29;2875;1146;378698;178107;35.0;16.5
35;2021-05-30;877;39;379575;178146;35.1;16.5
35;2021-05-31;6312;4385;385887;182531;35.7;16.9
35;2021-06-01;7366;5112;393253;187643;36.3;17.3
35;2021-06-02;7222;3796;400475;191439;37.0;17.7
35;2021-06-03;8155;4996;408630;196435;37.8;18.2
35;2021-06-04;7274;7453;415904;203888;38.4;18.8
35;2021-06-05;4139;1581;420043;205469;38.8;19.0
35;2021-06-06;3055;146;423098;205615;39.1;19.0
35;2021-06-07;5782;5775;428880;211390;39.6;19.5
35;2021-06-08;7601;5952;436481;217342;40.3;20.1
35;2021-06-09;8464;4810;444945;222152;41.1;20.5
35;2021-06-10;9347;4750;454292;226902;42.0;21.0
35;2021-06-11;8636;7473;462928;234375;42.8;21.7
35;2021-06-12;4688;1209;467616;235584;43.2;21.8
35;2021-06-13;3386;226;471002;235810;43.5;21.8
35;2021-06-14;6233;6519;477235;242329;44.1;22.4
35;2021-06-15;7506;6963;484741;249292;44.8;23.0
35;2021-06-16;8323;5625;493064;254917;45.6;23.6
35;2021-06-17;8895;5904;501959;260821;46.4;24.1
35;2021-06-18;8718;8099;510677;268920;47.2;24.9
35;2021-06-19;1504;2511;512181;271431;47.3;25.1
35;2021-06-20;2955;883;515136;272314;47.6;25.2
35;2021-06-21;5932;6377;521068;278691;48.2;25.8
35;2021-06-22;6843;7499;527911;286190;48.8;26.4
35;2021-06-23;7253;6146;535164;292336;49.5;27.0
35;2021-06-24;8371;5924;543535;298260;50.2;27.6
35;2021-06-25;6631;8478;550166;306738;50.8;28.3
35;2021-06-26;1107;3077;551273;309815;50.9;28.6
35;2021-06-27;2637;1031;553910;310846;51.2;28.7
35;2021-06-28;4296;7759;558206;318605;51.6;29.4
35;2021-06-29;5091;7971;563297;326576;52.1;30.2
35;2021-06-30;5604;7890;568901;334466;52.6;30.9
35;2021-07-01;6586;7546;575487;342012;53.2;31.6
35;2021-07-02;5334;9859;580821;351871;53.7;32.5
35;2021-07-03;1084;2838;581905;354709;53.8;32.8
35;2021-07-04;2149;1555;584054;356264;54.0;32.9
35;2021-07-05;3735;8205;587789;364469;54.3;33.7
35;2021-07-06;4789;9476;592578;373945;54.8;34.6
35;2021-07-07;5059;8322;597637;382267;55.2;35.3
35;2021-07-08;5387;8489;603024;390756;55.7;36.1
35;2021-07-09;3908;11546;606932;402302;56.1;37.2
35;2021-07-10;892;3149;607824;405451;56.2;37.5
35;2021-07-11;1301;2355;609125;407806;56.3;37.7
35;2021-07-12;3120;9145;612245;416951;56.6;38.5
35;2021-07-13;3981;10748;616226;427699;56.9;39.5
35;2021-07-14;2152;4449;618378;432148;57.1;39.9
35;2021-07-15;4293;10182;622671;442330;57.5;40.9
35;2021-07-16;4801;11009;627472;453339;58.0;41.9
35;2021-07-17;1985;4065;629457;457404;58.2;42.3
35;2021-07-18;844;2570;630301;459974;58.2;42.5
35;2021-07-19;3253;8971;633554;468945;58.6;43.3
35;2021-07-20;4243;10591;637797;479536;58.9;44.3
35;2021-07-21;4369;9387;642166;488923;59.3;45.2
35;2021-07-22;4848;9660;647014;498583;59.8;46.1
35;2021-07-23;4563;11014;651577;509597;60.2;47.1
35;2021-07-24;1587;4268;653164;513865;60.4;47.5
35;2021-07-25;816;2845;653980;516710;60.4;47.8
35;2021-07-26;3892;8736;657872;525446;60.8;48.6
35;2021-07-27;5282;9652;663154;535098;61.3;49.5
35;2021-07-28;5319;8672;668473;543770;61.8;50.3
35;2021-07-29;6111;8340;674584;552110;62.3;51.0
35;2021-07-30;5901;9086;680485;561196;62.9;51.9
35;2021-07-31;2318;3655;682803;564851;63.1;52.2
35;2021-08-01;1525;2411;684328;567262;63.2;52.4
35;2021-08-02;4755;6949;689083;574211;63.7;53.1
35;2021-08-03;6712;7581;695795;581792;64.3;53.8
35;2021-08-04;6707;6589;702502;588381;64.9;54.4
35;2021-08-05;6680;6981;709182;595362;65.5;55.0
35;2021-08-06;6061;7322;715243;602684;66.1;55.7
35;2021-08-07;2108;3149;717351;605833;66.3;56.0
35;2021-08-08;1525;2256;718876;608089;66.4;56.2
35;2021-08-09;4616;5537;723492;613626;66.9;56.7
35;2021-08-10;6558;6379;730050;620005;67.5;57.3
35;2021-08-11;6464;5863;736514;625868;68.1;57.8
35;2021-08-12;6986;5581;743500;631449;68.7;58.4
35;2021-08-13;6654;5062;750154;636511;69.3;58.8
35;2021-08-14;3047;1982;753201;638493;69.6;59.0
35;2021-08-15;2472;1256;755673;639749;69.8;59.1
35;2021-08-16;4847;5294;760520;645043;70.3;59.6
35;2021-08-17;6370;6077;766890;651120;70.9;60.2
35;2021-08-18;6446;5621;773336;656741;71.5;60.7
35;2021-08-19;6252;5755;779588;662496;72.0;61.2
35;2021-08-20;5102;6345;784690;668841;72.5;61.8
35;2021-08-21;2377;2631;787067;671472;72.7;62.1
35;2021-08-22;1760;1792;788827;673264;72.9;62.2
35;2021-08-23;3084;6008;791911;679272;73.2;62.8
35;2021-08-24;3462;7220;795373;686492;73.5;63.4
35;2021-08-25;3287;6614;798660;693106;73.8;64.1
35;2021-08-26;2615;6888;801275;699994;74.0;64.7
35;2021-08-27;2751;7258;804026;707252;74.3;65.4
35;2021-08-28;1172;2952;805198;710204;74.4;65.6
35;2021-08-29;519;1758;805717;711962;74.5;65.8
35;2021-08-30;1956;5480;807673;717442;74.6;66.3
35;2021-08-31;2337;6502;810010;723944;74.9;66.9
35;2021-09-01;1911;6086;811921;730030;75.0;67.5
35;2021-09-02;1829;6169;813750;736199;75.2;68.0
35;2021-09-03;2014;7044;815764;743243;75.4;68.7
35;2021-09-04;1118;4095;816882;747338;75.5;69.1
35;2021-09-05;517;2074;817399;749412;75.5;69.3
35;2021-09-06;1124;5003;818523;754415;75.6;69.7
35;2021-09-07;1302;5406;819825;759821;75.8;70.2
35;2021-09-08;1327;6239;821152;766060;75.9;70.8
36;2020-12-27;0;0;0;0;0.0;0.0
36;2020-12-28;0;0;0;0;0.0;0.0
36;2020-12-29;0;0;0;0;0.0;0.0
36;2020-12-30;0;0;0;0;0.0;0.0
36;2020-12-31;0;0;0;0;0.0;0.0
36;2021-01-01;0;0;0;0;0.0;0.0
36;2021-01-02;0;0;0;0;0.0;0.0
36;2021-01-03;0;0;0;0;0.0;0.0
36;2021-01-04;2;0;2;0;0.0;0.0
36;2021-01-05;0;0;2;0;0.0;0.0
36;2021-01-06;24;0;26;0;0.0;0.0
36;2021-01-07;51;0;77;0;0.0;0.0
36;2021-01-08;111;0;188;0;0.1;0.0
36;2021-01-09;84;0;272;0;0.1;0.0
36;2021-01-10;142;0;414;0;0.2;0.0
36;2021-01-11;239;1;653;1;0.3;0.0
36;2021-01-12;282;0;935;1;0.4;0.0
36;2021-01-13;198;1;1133;2;0.5;0.0
36;2021-01-14;505;3;1638;5;0.8;0.0
36;2021-01-15;179;1;1817;6;0.8;0.0
36;2021-01-16;24;1;1841;7;0.8;0.0
36;2021-01-17;19;1;1860;8;0.9;0.0
36;2021-01-18;613;3;2473;11;1.1;0.0
36;2021-01-19;1174;2;3647;13;1.7;0.0
36;2021-01-20;1102;2;4749;15;2.2;0.0
36;2021-01-21;721;0;5470;15;2.5;0.0
36;2021-01-22;857;2;6327;17;2.9;0.0
36;2021-01-23;295;0;6622;17;3.0;0.0
36;2021-01-24;185;0;6807;17;3.1;0.0
36;2021-01-25;640;4;7447;21;3.4;0.0
36;2021-01-26;610;1;8057;22;3.7;0.0
36;2021-01-27;851;19;8908;41;4.1;0.0
36;2021-01-28;478;35;9386;76;4.3;0.0
36;2021-01-29;573;92;9959;168;4.6;0.1
36;2021-01-30;288;66;10247;234;4.7;0.1
36;2021-01-31;115;118;10362;352;4.8;0.2
36;2021-02-01;378;99;10740;451;4.9;0.2
36;2021-02-02;410;169;11150;620;5.1;0.3
36;2021-02-03;473;257;11623;877;5.4;0.4
36;2021-02-04;275;251;11898;1128;5.5;0.5
36;2021-02-05;302;157;12200;1285;5.6;0.6
36;2021-02-06;1;0;12201;1285;5.6;0.6
36;2021-02-07;1;0;12202;1285;5.6;0.6
36;2021-02-08;280;223;12482;1508;5.7;0.7
36;2021-02-09;328;592;12810;2100;5.9;1.0
36;2021-02-10;490;629;13300;2729;6.1;1.3
36;2021-02-11;384;577;13684;3306;6.3;1.5
36;2021-02-12;303;427;13987;3733;6.4;1.7
36;2021-02-13;126;59;14113;3792;6.5;1.7
36;2021-02-14;22;23;14135;3815;6.5;1.8
36;2021-02-15;42;490;14177;4305;6.5;2.0
36;2021-02-16;107;352;14284;4657;6.6;2.1
36;2021-02-17;117;537;14401;5194;6.6;2.4
36;2021-02-18;161;556;14562;5750;6.7;2.6
36;2021-02-19;181;455;14743;6205;6.8;2.9
36;2021-02-20;86;207;14829;6412;6.8;3.0
36;2021-02-21;87;139;14916;6551;6.9;3.0
36;2021-02-22;162;441;15078;6992;6.9;3.2
36;2021-02-23;62;535;15140;7527;7.0;3.5
36;2021-02-24;109;606;15249;8133;7.0;3.7
36;2021-02-25;251;248;15500;8381;7.1;3.9
36;2021-02-26;339;433;15839;8814;7.3;4.1
36;2021-02-27;73;239;15912;9053;7.3;4.2
36;2021-02-28;13;85;15925;9138;7.3;4.2
36;2021-03-01;218;318;16143;9456;7.4;4.4
36;2021-03-02;352;343;16495;9799;7.6;4.5
36;2021-03-03;394;505;16889;10304;7.8;4.7
36;2021-03-04;663;335;17552;10639;8.1;4.9
36;2021-03-05;799;283;18351;10922;8.5;5.0
36;2021-03-06;410;17;18761;10939;8.6;5.0
36;2021-03-07;339;7;19100;10946;8.8;5.0
36;2021-03-08;251;304;19351;11250;8.9;5.2
36;2021-03-09;449;262;19800;11512;9.1;5.3
36;2021-03-10;724;406;20524;11918;9.5;5.5
36;2021-03-11;839;242;21363;12160;9.8;5.6
36;2021-03-12;1446;296;22809;12456;10.5;5.7
36;2021-03-13;575;127;23384;12583;10.8;5.8
36;2021-03-14;113;1;23497;12584;10.8;5.8
36;2021-03-15;648;157;24145;12741;11.1;5.9
36;2021-03-16;447;67;24592;12808;11.3;5.9
36;2021-03-17;765;91;25357;12899;11.7;5.9
36;2021-03-18;414;72;25771;12971;11.9;6.0
36;2021-03-19;738;40;26509;13011;12.2;6.0
36;2021-03-20;451;26;26960;13037;12.4;6.0
36;2021-03-21;0;0;26960;13037;12.4;6.0
36;2021-03-22;497;59;27457;13096;12.6;6.0
36;2021-03-23;777;58;28234;13154;13.0;6.1
36;2021-03-24;1090;77;29324;13231;13.5;6.1
36;2021-03-25;1337;89;30661;13320;14.1;6.1
36;2021-03-26;1419;158;32080;13478;14.8;6.2
36;2021-03-27;475;43;32555;13521;15.0;6.2
36;2021-03-28;68;57;32623;13578;15.0;6.3
36;2021-03-29;462;184;33085;13762;15.2;6.3
36;2021-03-30;584;263;33669;14025;15.5;6.5
36;2021-03-31;1263;172;34932;14197;16.1;6.5
36;2021-04-01;1086;430;36018;14627;16.6;6.7
36;2021-04-02;966;143;36984;14770;17.0;6.8
36;2021-04-03;282;176;37266;14946;17.2;6.9
36;2021-04-04;42;2;37308;14948;17.2;6.9
36;2021-04-05;15;46;37323;14994;17.2;6.9
36;2021-04-06;821;362;38144;15356;17.6;7.1
36;2021-04-07;1073;541;39217;15897;18.1;7.3
36;2021-04-08;1347;480;40564;16377;18.7;7.5
36;2021-04-09;1939;403;42503;16780;19.6;7.7
36;2021-04-10;592;243;43095;17023;19.8;7.8
36;2021-04-11;256;90;43351;17113;20.0;7.9
36;2021-04-12;848;561;44199;17674;20.4;8.1
36;2021-04-13;1140;518;45339;18192;20.9;8.4
36;2021-04-14;1582;864;46921;19056;21.6;8.8
36;2021-04-15;1654;473;48575;19529;22.4;9.0
36;2021-04-16;1488;466;50063;19995;23.1;9.2
36;2021-04-17;893;250;50956;20245;23.5;9.3
36;2021-04-18;383;7;51339;20252;23.6;9.3
36;2021-04-19;874;443;52213;20695;24.0;9.5
36;2021-04-20;1145;521;53358;21216;24.6;9.8
36;2021-04-21;1240;878;54598;22094;25.1;10.2
36;2021-04-22;1593;872;56191;22966;25.9;10.6
36;2021-04-23;1327;616;57518;23582;26.5;10.9
36;2021-04-24;678;381;58196;23963;26.8;11.0
36;2021-04-25;413;94;58609;24057;27.0;11.1
36;2021-04-26;1134;448;59743;24505;27.5;11.3
36;2021-04-27;1278;552;61021;25057;28.1;11.5
36;2021-04-28;1488;1064;62509;26121;28.8;12.0
36;2021-04-29;2016;703;64525;26824;29.7;12.4
36;2021-04-30;1553;457;66078;27281;30.4;12.6
36;2021-05-01;724;64;66802;27345;30.8;12.6
36;2021-05-02;498;64;67300;27409;31.0;12.6
36;2021-05-03;1292;315;68592;27724;31.6;12.8
36;2021-05-04;780;806;69372;28530;31.9;13.1
36;2021-05-05;1283;1306;70655;29836;32.5;13.7
36;2021-05-06;2138;795;72793;30631;33.5;14.1
36;2021-05-07;1469;769;74262;31400;34.2;14.5
36;2021-05-08;306;105;74568;31505;34.3;14.5
36;2021-05-09;174;343;74742;31848;34.4;14.7
36;2021-05-10;1216;816;75958;32664;35.0;15.0
36;2021-05-11;1725;1248;77683;33912;35.8;15.6
36;2021-05-12;1827;1484;79510;35396;36.6;16.3
36;2021-05-13;548;304;80058;35700;36.9;16.4
36;2021-05-14;701;1038;80759;36738;37.2;16.9
36;2021-05-15;635;591;81394;37329;37.5;17.2
36;2021-05-16;337;377;81731;37706;37.6;17.4
36;2021-05-17;615;943;82346;38649;37.9;17.8
36;2021-05-18;874;937;83220;39586;38.3;18.2
36;2021-05-19;1333;846;84553;40432;38.9;18.6
36;2021-05-20;1611;1209;86164;41641;39.7;19.2
36;2021-05-21;1107;1067;87271;42708;40.2;19.7
36;2021-05-22;678;342;87949;43050;40.5;19.8
36;2021-05-23;429;297;88378;43347;40.7;20.0
36;2021-05-24;505;469;88883;43816;40.9;20.2
36;2021-05-25;1046;684;89929;44500;41.4;20.5
36;2021-05-26;1473;1160;91402;45660;42.1;21.0
36;2021-05-27;1397;977;92799;46637;42.7;21.5
36;2021-05-28;921;1482;93720;48119;43.2;22.2
36;2021-05-29;700;507;94420;48626;43.5;22.4
36;2021-05-30;111;573;94531;49199;43.5;22.7
36;2021-05-31;1137;763;95668;49962;44.1;23.0
36;2021-06-01;1412;829;97080;50791;44.7;23.4
36;2021-06-02;2062;614;99142;51405;45.7;23.7
36;2021-06-03;1902;1202;101044;52607;46.5;24.2
36;2021-06-04;1774;1039;102818;53646;47.4;24.7
36;2021-06-05;692;657;103510;54303;47.7;25.0
36;2021-06-06;336;272;103846;54575;47.8;25.1
36;2021-06-07;983;808;104829;55383;48.3;25.5
36;2021-06-08;958;981;105787;56364;48.7;26.0
36;2021-06-09;1675;1069;107462;57433;49.5;26.4
36;2021-06-10;1530;1382;108992;58815;50.2;27.1
36;2021-06-11;1289;1497;110281;60312;50.8;27.8
36;2021-06-12;920;779;111201;61091;51.2;28.1
36;2021-06-13;343;269;111544;61360;51.4;28.3
36;2021-06-14;606;1269;112150;62629;51.6;28.8
36;2021-06-15;734;1215;112884;63844;52.0;29.4
36;2021-06-16;903;1519;113787;65363;52.4;30.1
36;2021-06-17;750;1902;114537;67265;52.7;31.0
36;2021-06-18;706;1881;115243;69146;53.1;31.8
36;2021-06-19;295;395;115538;69541;53.2;32.0
36;2021-06-20;235;327;115773;69868;53.3;32.2
36;2021-06-21;686;1449;116459;71317;53.6;32.8
36;2021-06-22;841;1552;117300;72869;54.0;33.6
36;2021-06-23;773;1789;118073;74658;54.4;34.4
36;2021-06-24;855;1523;118928;76181;54.8;35.1
36;2021-06-25;942;1220;119870;77401;55.2;35.6
36;2021-06-26;325;602;120195;78003;55.4;35.9
36;2021-06-27;105;267;120300;78270;55.4;36.0
36;2021-06-28;697;925;120997;79195;55.7;36.5
36;2021-06-29;688;1459;121685;80654;56.0;37.1
36;2021-06-30;837;2149;122522;82803;56.4;38.1
36;2021-07-01;351;1081;122873;83884;56.6;38.6
36;2021-07-02;747;1845;123620;85729;56.9;39.5
36;2021-07-03;466;885;124086;86614;57.1;39.9
36;2021-07-04;185;325;124271;86939;57.2;40.0
36;2021-07-05;494;1335;124765;88274;57.5;40.7
36;2021-07-06;491;1221;125256;89495;57.7;41.2
36;2021-07-07;586;1792;125842;91287;58.0;42.0
36;2021-07-08;550;1706;126392;92993;58.2;42.8
36;2021-07-09;786;1654;127178;94647;58.6;43.6
36;2021-07-10;470;1119;127648;95766;58.8;44.1
36;2021-07-11;257;154;127905;95920;58.9;44.2
36;2021-07-12;332;1627;128237;97547;59.1;44.9
36;2021-07-13;312;1937;128549;99484;59.2;45.8
36;2021-07-14;376;763;128925;100247;59.4;46.2
36;2021-07-15;915;2166;129840;102413;59.8;47.2
36;2021-07-16;628;1873;130468;104286;60.1;48.0
36;2021-07-17;400;859;130868;105145;60.3;48.4
36;2021-07-18;199;408;131067;105553;60.4;48.6
36;2021-07-19;552;1455;131619;107008;60.6;49.3
36;2021-07-20;776;1406;132395;108414;61.0;49.9
36;2021-07-21;712;1983;133107;110397;61.3;50.8
36;2021-07-22;1139;1687;134246;112084;61.8;51.6
36;2021-07-23;969;1745;135215;113829;62.3;52.4
36;2021-07-24;606;801;135821;114630;62.6;52.8
36;2021-07-25;148;403;135969;115033;62.6;53.0
36;2021-07-26;949;1085;136918;116118;63.1;53.5
36;2021-07-27;816;1354;137734;117472;63.4;54.1
36;2021-07-28;1385;1400;139119;118872;64.1;54.7
36;2021-07-29;1707;1308;140826;120180;64.9;55.3
36;2021-07-30;1448;1324;142274;121504;65.5;56.0
36;2021-07-31;932;535;143206;122039;66.0;56.2
36;2021-08-01;209;239;143415;122278;66.0;56.3
36;2021-08-02;1116;894;144531;123172;66.6;56.7
36;2021-08-03;1272;995;145803;124167;67.1;57.2
36;2021-08-04;1692;937;147495;125104;67.9;57.6
36;2021-08-05;1822;910;149317;126014;68.8;58.0
36;2021-08-06;1419;878;150736;126892;69.4;58.4
36;2021-08-07;541;527;151277;127419;69.7;58.7
36;2021-08-08;292;154;151569;127573;69.8;58.8
36;2021-08-09;818;846;152387;128419;70.2;59.1
36;2021-08-10;1067;1013;153454;129432;70.7;59.6
36;2021-08-11;1354;857;154808;130289;71.3;60.0
36;2021-08-12;1159;856;155967;131145;71.8;60.4
36;2021-08-13;1185;778;157152;131923;72.4;60.8
36;2021-08-14;426;837;157578;132760;72.6;61.1
36;2021-08-15;363;113;157941;132873;72.7;61.2
36;2021-08-16;605;957;158546;133830;73.0;61.6
36;2021-08-17;766;1001;159312;134831;73.4;62.1
36;2021-08-18;1036;1162;160348;135993;73.8;62.6
36;2021-08-19;835;1182;161183;137175;74.2;63.2
36;2021-08-20;483;1479;161666;138654;74.5;63.9
36;2021-08-21;309;466;161975;139120;74.6;64.1
36;2021-08-22;27;65;162002;139185;74.6;64.1
36;2021-08-23;549;1178;162551;140363;74.9;64.6
36;2021-08-24;588;1205;163139;141568;75.1;65.2
36;2021-08-25;461;1092;163600;142660;75.3;65.7
36;2021-08-26;665;1479;164265;144139;75.6;66.4
36;2021-08-27;528;1409;164793;145548;75.9;67.0
36;2021-08-28;368;580;165161;146128;76.1;67.3
36;2021-08-29;220;239;165381;146367;76.2;67.4
36;2021-08-30;246;748;165627;147115;76.3;67.8
36;2021-08-31;387;932;166014;148047;76.5;68.2
36;2021-09-01;385;1218;166399;149265;76.6;68.7
36;2021-09-02;318;1056;166717;150321;76.8;69.2
36;2021-09-03;296;1493;167013;151814;76.9;69.9
36;2021-09-04;248;867;167261;152681;77.0;70.3
36;2021-09-05;119;382;167380;153063;77.1;70.5
36;2021-09-06;148;1039;167528;154102;77.2;71.0
36;2021-09-07;190;852;167718;154954;77.2;71.4
36;2021-09-08;213;1284;167931;156238;77.3;72.0
37;2020-12-27;0;0;0;0;0.0;0.0
37;2020-12-28;17;0;17;0;0.0;0.0
37;2020-12-29;10;0;27;0;0.0;0.0
37;2020-12-30;0;0;27;0;0.0;0.0
37;2020-12-31;0;0;27;0;0.0;0.0
37;2021-01-01;0;0;27;0;0.0;0.0
37;2021-01-02;0;0;27;0;0.0;0.0
37;2021-01-03;0;0;27;0;0.0;0.0
37;2021-01-04;21;0;48;0;0.0;0.0
37;2021-01-05;47;0;95;0;0.0;0.0
37;2021-01-06;79;0;174;0;0.0;0.0
37;2021-01-07;116;0;290;0;0.0;0.0
37;2021-01-08;442;1;732;1;0.1;0.0
37;2021-01-09;80;1;812;2;0.1;0.0
37;2021-01-10;83;0;895;2;0.1;0.0
37;2021-01-11;280;0;1175;2;0.2;0.0
37;2021-01-12;658;4;1833;6;0.3;0.0
37;2021-01-13;560;1;2393;7;0.4;0.0
37;2021-01-14;523;3;2916;10;0.5;0.0
37;2021-01-15;628;1;3544;11;0.6;0.0
37;2021-01-16;304;2;3848;13;0.6;0.0
37;2021-01-17;262;1;4110;14;0.7;0.0
37;2021-01-18;734;10;4844;24;0.8;0.0
37;2021-01-19;1243;10;6087;34;1.0;0.0
37;2021-01-20;1038;3;7125;37;1.2;0.0
37;2021-01-21;856;1;7981;38;1.3;0.0
37;2021-01-22;767;2;8748;40;1.4;0.0
37;2021-01-23;173;0;8921;40;1.5;0.0
37;2021-01-24;0;0;8921;40;1.5;0.0
37;2021-01-25;540;15;9461;55;1.6;0.0
37;2021-01-26;1814;65;11275;120;1.9;0.0
37;2021-01-27;1525;68;12800;188;2.1;0.0
37;2021-01-28;1530;88;14330;276;2.4;0.0
37;2021-01-29;633;306;14963;582;2.5;0.1
37;2021-01-30;202;56;15165;638;2.5;0.1
37;2021-01-31;15;54;15180;692;2.5;0.1
37;2021-02-01;332;183;15512;875;2.6;0.1
37;2021-02-02;523;505;16035;1380;2.6;0.2
37;2021-02-03;659;334;16694;1714;2.8;0.3
37;2021-02-04;548;393;17242;2107;2.8;0.3
37;2021-02-05;466;417;17708;2524;2.9;0.4
37;2021-02-06;189;2;17897;2526;3.0;0.4
37;2021-02-07;20;1;17917;2527;3.0;0.4
37;2021-02-08;331;293;18248;2820;3.0;0.5
37;2021-02-09;625;674;18873;3494;3.1;0.6
37;2021-02-10;662;490;19535;3984;3.2;0.7
37;2021-02-11;612;531;20147;4515;3.3;0.7
37;2021-02-12;489;530;20636;5045;3.4;0.8
37;2021-02-13;155;174;20791;5219;3.4;0.9
37;2021-02-14;2;70;20793;5289;3.4;0.9
37;2021-02-15;425;408;21218;5697;3.5;0.9
37;2021-02-16;841;1349;22059;7046;3.6;1.2
37;2021-02-17;635;1271;22694;8317;3.7;1.4
37;2021-02-18;912;1354;23606;9671;3.9;1.6
37;2021-02-19;795;790;24401;10461;4.0;1.7
37;2021-02-20;245;171;24646;10632;4.1;1.8
37;2021-02-21;5;1;24651;10633;4.1;1.8
37;2021-02-22;334;523;24985;11156;4.1;1.8
37;2021-02-23;606;541;25591;11697;4.2;1.9
37;2021-02-24;572;524;26163;12221;4.3;2.0
37;2021-02-25;875;523;27038;12744;4.5;2.1
37;2021-02-26;1116;513;28154;13257;4.7;2.2
37;2021-02-27;585;156;28739;13413;4.7;2.2
37;2021-02-28;23;0;28762;13413;4.8;2.2
37;2021-03-01;603;330;29365;13743;4.9;2.3
37;2021-03-02;1090;488;30455;14231;5.0;2.4
37;2021-03-03;973;473;31428;14704;5.2;2.4
37;2021-03-04;1607;436;33035;15140;5.5;2.5
37;2021-03-05;2129;514;35164;15654;5.8;2.6
37;2021-03-06;1165;193;36329;15847;6.0;2.6
37;2021-03-07;472;67;36801;15914;6.1;2.6
37;2021-03-08;666;390;37467;16304;6.2;2.7
37;2021-03-09;1652;686;39119;16990;6.5;2.8
37;2021-03-10;1606;736;40725;17726;6.7;2.9
37;2021-03-11;2048;681;42773;18407;7.1;3.0
37;2021-03-12;3209;471;45982;18878;7.6;3.1
37;2021-03-13;1947;189;47929;19067;7.9;3.1
37;2021-03-14;206;4;48135;19071;8.0;3.2
37;2021-03-15;1069;248;49204;19319;8.1;3.2
37;2021-03-16;1048;529;50252;19848;8.3;3.3
37;2021-03-17;934;278;51186;20126;8.5;3.3
37;2021-03-18;1035;522;52221;20648;8.6;3.4
37;2021-03-19;2218;340;54439;20988;9.0;3.5
37;2021-03-20;1334;141;55773;21129;9.2;3.5
37;2021-03-21;204;4;55977;21133;9.2;3.5
37;2021-03-22;1287;240;57264;21373;9.5;3.5
37;2021-03-23;2256;565;59520;21938;9.8;3.6
37;2021-03-24;2246;464;61766;22402;10.2;3.7
37;2021-03-25;2984;442;64750;22844;10.7;3.8
37;2021-03-26;3524;402;68274;23246;11.3;3.8
37;2021-03-27;1175;126;69449;23372;11.5;3.9
37;2021-03-28;139;1;69588;23373;11.5;3.9
37;2021-03-29;1604;346;71192;23719;11.8;3.9
37;2021-03-30;2524;622;73716;24341;12.2;4.0
37;2021-03-31;2048;483;75764;24824;12.5;4.1
37;2021-04-01;2601;965;78365;25789;12.9;4.3
37;2021-04-02;2812;668;81177;26457;13.4;4.4
37;2021-04-03;817;224;81994;26681;13.5;4.4
37;2021-04-04;104;1;82098;26682;13.6;4.4
37;2021-04-05;4;0;82102;26682;13.6;4.4
37;2021-04-06;2241;781;84343;27463;13.9;4.5
37;2021-04-07;3172;874;87515;28337;14.5;4.7
37;2021-04-08;4045;966;91560;29303;15.1;4.8
37;2021-04-09;4546;949;96106;30252;15.9;5.0
37;2021-04-10;1328;430;97434;30682;16.1;5.1
37;2021-04-11;104;1;97538;30683;16.1;5.1
37;2021-04-12;2644;674;100182;31357;16.5;5.2
37;2021-04-13;4114;1162;104296;32519;17.2;5.4
37;2021-04-14;3044;896;107340;33415;17.7;5.5
37;2021-04-15;3759;1018;111099;34433;18.4;5.7
37;2021-04-16;4359;1228;115458;35661;19.1;5.9
37;2021-04-17;1147;222;116605;35883;19.3;5.9
37;2021-04-18;97;3;116702;35886;19.3;5.9
37;2021-04-19;2482;849;119184;36735;19.7;6.1
37;2021-04-20;3232;1338;122416;38073;20.2;6.3
37;2021-04-21;2930;1156;125346;39229;20.7;6.5
37;2021-04-22;3455;1399;128801;40628;21.3;6.7
37;2021-04-23;3691;1812;132492;42440;21.9;7.0
37;2021-04-24;1007;387;133499;42827;22.1;7.1
37;2021-04-25;46;2;133545;42829;22.1;7.1
37;2021-04-26;2971;1338;136516;44167;22.6;7.3
37;2021-04-27;4185;1807;140701;45974;23.2;7.6
37;2021-04-28;3462;1951;144163;47925;23.8;7.9
37;2021-04-29;4585;2010;148748;49935;24.6;8.2
37;2021-04-30;5056;1976;153804;51911;25.4;8.6
37;2021-05-01;637;209;154441;52120;25.5;8.6
37;2021-05-02;104;15;154545;52135;25.5;8.6
37;2021-05-03;2672;1957;157217;54092;26.0;8.9
37;2021-05-04;3731;2711;160948;56803;26.6;9.4
37;2021-05-05;3498;2080;164446;58883;27.2;9.7
37;2021-05-06;4994;1944;169440;60827;28.0;10.0
37;2021-05-07;4684;2880;174124;63707;28.8;10.5
37;2021-05-08;538;312;174662;64019;28.9;10.6
37;2021-05-09;63;41;174725;64060;28.9;10.6
37;2021-05-10;2159;3483;176884;67543;29.2;11.2
37;2021-05-11;3868;3876;180752;71419;29.9;11.8
37;2021-05-12;4041;2541;184793;73960;30.5;12.2
37;2021-05-13;1138;516;185931;74476;30.7;12.3
37;2021-05-14;4045;2678;189976;77154;31.4;12.7
37;2021-05-15;2323;743;192299;77897;31.8;12.9
37;2021-05-16;22;71;192321;77968;31.8;12.9
37;2021-05-17;2765;2043;195086;80011;32.2;13.2
37;2021-05-18;3875;2359;198961;82370;32.9;13.6
37;2021-05-19;3495;1808;202456;84178;33.4;13.9
37;2021-05-20;4752;1776;207208;85954;34.2;14.2
37;2021-05-21;4525;2573;211733;88527;35.0;14.6
37;2021-05-22;1078;752;212811;89279;35.2;14.7
37;2021-05-23;73;89;212884;89368;35.2;14.8
37;2021-05-24;513;106;213397;89474;35.3;14.8
37;2021-05-25;5125;2176;218522;91650;36.1;15.1
37;2021-05-26;4929;2099;223451;93749;36.9;15.5
37;2021-05-27;5987;2361;229438;96110;37.9;15.9
37;2021-05-28;6023;3254;235461;99364;38.9;16.4
37;2021-05-29;1520;1166;236981;100530;39.1;16.6
37;2021-05-30;55;160;237036;100690;39.2;16.6
37;2021-05-31;3648;2523;240684;103213;39.8;17.0
37;2021-06-01;5846;3619;246530;106832;40.7;17.6
37;2021-06-02;5077;2454;251607;109286;41.6;18.1
37;2021-06-03;6087;2880;257694;112166;42.6;18.5
37;2021-06-04;5511;4204;263205;116370;43.5;19.2
37;2021-06-05;1855;1304;265060;117674;43.8;19.4
37;2021-06-06;49;197;265109;117871;43.8;19.5
37;2021-06-07;3022;4167;268131;122038;44.3;20.2
37;2021-06-08;4202;4650;272333;126688;45.0;20.9
37;2021-06-09;3883;3570;276216;130258;45.6;21.5
37;2021-06-10;5270;3622;281486;133880;46.5;22.1
37;2021-06-11;4977;4834;286463;138714;47.3;22.9
37;2021-06-12;3553;1349;290016;140063;47.9;23.1
37;2021-06-13;15;164;290031;140227;47.9;23.2
37;2021-06-14;2667;4034;292698;144261;48.3;23.8
37;2021-06-15;3900;4782;296598;149043;49.0;24.6
37;2021-06-16;3259;3603;299857;152646;49.5;25.2
37;2021-06-17;4012;4496;303869;157142;50.2;26.0
37;2021-06-18;4705;5074;308574;162216;51.0;26.8
37;2021-06-19;2520;1102;311094;163318;51.4;27.0
37;2021-06-20;9;183;311103;163501;51.4;27.0
37;2021-06-21;2419;3827;313522;167328;51.8;27.6
37;2021-06-22;2970;5008;316492;172336;52.3;28.5
37;2021-06-23;2626;3643;319118;175979;52.7;29.1
37;2021-06-24;2874;3542;321992;179521;53.2;29.7
37;2021-06-25;3309;4877;325301;184398;53.7;30.5
37;2021-06-26;1240;3084;326541;187482;53.9;31.0
37;2021-06-27;23;142;326564;187624;53.9;31.0
37;2021-06-28;1703;4510;328267;192134;54.2;31.7
37;2021-06-29;1904;6220;330171;198354;54.5;32.8
37;2021-06-30;1871;4441;332042;202795;54.8;33.5
37;2021-07-01;2126;4795;334168;207590;55.2;34.3
37;2021-07-02;2680;5589;336848;213179;55.6;35.2
37;2021-07-03;945;2138;337793;215317;55.8;35.6
37;2021-07-04;5;105;337798;215422;55.8;35.6
37;2021-07-05;1709;5139;339507;220561;56.1;36.4
37;2021-07-06;2005;6761;341512;227322;56.4;37.6
37;2021-07-07;1945;5462;343457;232784;56.7;38.5
37;2021-07-08;2465;6664;345922;239448;57.1;39.6
37;2021-07-09;1988;7644;347910;247092;57.5;40.8
37;2021-07-10;1013;2616;348923;249708;57.6;41.2
37;2021-07-11;26;96;348949;249804;57.6;41.3
37;2021-07-12;1132;5985;350081;255789;57.8;42.3
37;2021-07-13;1616;7819;351697;263608;58.1;43.5
37;2021-07-14;524;407;352221;264015;58.2;43.6
37;2021-07-15;2625;7499;354846;271514;58.6;44.9
37;2021-07-16;2760;7802;357606;279316;59.1;46.1
37;2021-07-17;1202;2443;358808;281759;59.3;46.5
37;2021-07-18;50;53;358858;281812;59.3;46.6
37;2021-07-19;1652;6128;360510;287940;59.6;47.6
37;2021-07-20;2909;7068;363419;295008;60.0;48.7
37;2021-07-21;2983;5784;366402;300792;60.5;49.7
37;2021-07-22;4060;6532;370462;307324;61.2;50.8
37;2021-07-23;3810;7101;374272;314425;61.8;51.9
37;2021-07-24;1777;3308;376049;317733;62.1;52.5
37;2021-07-25;66;77;376115;317810;62.1;52.5
37;2021-07-26;3241;4323;379356;322133;62.7;53.2
37;2021-07-27;4433;4960;383789;327093;63.4;54.0
37;2021-07-28;4141;3658;387930;330751;64.1;54.6
37;2021-07-29;5088;4195;393018;334946;64.9;55.3
37;2021-07-30;5245;4933;398263;339879;65.8;56.1
37;2021-07-31;1923;1846;400186;341725;66.1;56.4
37;2021-08-01;31;52;400217;341777;66.1;56.5
37;2021-08-02;3295;3295;403512;345072;66.7;57.0
37;2021-08-03;5263;3142;408775;348214;67.5;57.5
37;2021-08-04;4557;1927;413332;350141;68.3;57.8
37;2021-08-05;4782;2600;418114;352741;69.1;58.3
37;2021-08-06;4853;3307;422967;356048;69.9;58.8
37;2021-08-07;1623;1121;424590;357169;70.1;59.0
37;2021-08-08;34;176;424624;357345;70.1;59.0
37;2021-08-09;2434;2259;427058;359604;70.5;59.4
37;2021-08-10;3026;2639;430084;362243;71.0;59.8
37;2021-08-11;2099;2107;432183;364350;71.4;60.2
37;2021-08-12;2613;2688;434796;367038;71.8;60.6
37;2021-08-13;2483;2771;437279;369809;72.2;61.1
37;2021-08-14;755;813;438034;370622;72.4;61.2
37;2021-08-15;12;57;438046;370679;72.4;61.2
37;2021-08-16;1463;3160;439509;373839;72.6;61.8
37;2021-08-17;1792;3974;441301;377813;72.9;62.4
37;2021-08-18;1395;3141;442696;380954;73.1;62.9
37;2021-08-19;1589;3842;444285;384796;73.4;63.6
37;2021-08-20;1589;4545;445874;389341;73.7;64.3
37;2021-08-21;610;1202;446484;390543;73.8;64.5
37;2021-08-22;4;31;446488;390574;73.8;64.5
37;2021-08-23;1283;3984;447771;394558;74.0;65.2
37;2021-08-24;1540;4847;449311;399405;74.2;66.0
37;2021-08-25;1053;4221;450364;403626;74.4;66.7
37;2021-08-26;1276;4513;451640;408139;74.6;67.4
37;2021-08-27;1446;5660;453086;413799;74.8;68.4
37;2021-08-28;404;1462;453490;415261;74.9;68.6
37;2021-08-29;1;18;453491;415279;74.9;68.6
37;2021-08-30;1070;3943;454561;419222;75.1;69.2
37;2021-08-31;1275;3825;455836;423047;75.3;69.9
37;2021-09-01;976;2686;456812;425733;75.5;70.3
37;2021-09-02;883;2804;457695;428537;75.6;70.8
37;2021-09-03;1035;3955;458730;432492;75.8;71.4
37;2021-09-04;665;1464;459395;433956;75.9;71.7
37;2021-09-05;1;30;459396;433986;75.9;71.7
37;2021-09-06;374;1313;459770;435299;75.9;71.9
37;2021-09-07;528;1506;460298;436805;76.0;72.2
37;2021-09-08;801;2060;461099;438865;76.2;72.5
38;2020-12-27;1;0;1;0;0.0;0.0
38;2020-12-28;1;0;2;0;0.0;0.0
38;2020-12-29;0;0;2;0;0.0;0.0
38;2020-12-30;2;0;4;0;0.0;0.0
38;2020-12-31;5;0;9;0;0.0;0.0
38;2021-01-01;2;0;11;0;0.0;0.0
38;2021-01-02;1;0;12;0;0.0;0.0
38;2021-01-03;3;0;15;0;0.0;0.0
38;2021-01-04;162;0;177;0;0.0;0.0
38;2021-01-05;258;1;435;1;0.0;0.0
38;2021-01-06;364;0;799;1;0.1;0.0
38;2021-01-07;636;1;1435;2;0.1;0.0
38;2021-01-08;695;0;2130;2;0.2;0.0
38;2021-01-09;30;0;2160;2;0.2;0.0
38;2021-01-10;2;0;2162;2;0.2;0.0
38;2021-01-11;801;2;2963;4;0.2;0.0
38;2021-01-12;1470;4;4433;8;0.4;0.0
38;2021-01-13;1083;5;5516;13;0.4;0.0
38;2021-01-14;1682;14;7198;27;0.6;0.0
38;2021-01-15;1676;7;8874;34;0.7;0.0
38;2021-01-16;307;1;9181;35;0.7;0.0
38;2021-01-17;3;0;9184;35;0.7;0.0
38;2021-01-18;1178;3;10362;38;0.8;0.0
38;2021-01-19;2241;6;12603;44;1.0;0.0
38;2021-01-20;1883;4;14486;48;1.1;0.0
38;2021-01-21;1643;7;16129;55;1.3;0.0
38;2021-01-22;1400;8;17529;63;1.4;0.0
38;2021-01-23;379;3;17908;66;1.4;0.0
38;2021-01-24;1;0;17909;66;1.4;0.0
38;2021-01-25;791;91;18700;157;1.5;0.0
38;2021-01-26;855;156;19555;313;1.5;0.0
38;2021-01-27;1093;245;20648;558;1.6;0.0
38;2021-01-28;1173;445;21821;1003;1.7;0.1
38;2021-01-29;952;352;22773;1355;1.8;0.1
38;2021-01-30;304;0;23077;1355;1.8;0.1
38;2021-01-31;0;0;23077;1355;1.8;0.1
38;2021-02-01;702;566;23779;1921;1.9;0.2
38;2021-02-02;966;922;24745;2843;2.0;0.2
38;2021-02-03;1230;676;25975;3519;2.1;0.3
38;2021-02-04;1278;923;27253;4442;2.2;0.4
38;2021-02-05;1399;824;28652;5266;2.3;0.4
38;2021-02-06;187;86;28839;5352;2.3;0.4
38;2021-02-07;3;47;28842;5399;2.3;0.4
38;2021-02-08;862;691;29704;6090;2.3;0.5
38;2021-02-09;1537;1213;31241;7303;2.5;0.6
38;2021-02-10;1581;1209;32822;8512;2.6;0.7
38;2021-02-11;1871;1070;34693;9582;2.7;0.8
38;2021-02-12;1509;1036;36202;10618;2.9;0.8
38;2021-02-13;466;175;36668;10793;2.9;0.9
38;2021-02-14;1;3;36669;10796;2.9;0.9
38;2021-02-15;977;809;37646;11605;3.0;0.9
38;2021-02-16;1379;882;39025;12487;3.1;1.0
38;2021-02-17;1376;930;40401;13417;3.2;1.1
38;2021-02-18;1791;974;42192;14391;3.3;1.1
38;2021-02-19;1256;771;43448;15162;3.4;1.2
38;2021-02-20;471;269;43919;15431;3.5;1.2
38;2021-02-21;0;0;43919;15431;3.5;1.2
38;2021-02-22;1075;803;44994;16234;3.6;1.3
38;2021-02-23;1540;860;46534;17094;3.7;1.4
38;2021-02-24;1736;1055;48270;18149;3.8;1.4
38;2021-02-25;2501;972;50771;19121;4.0;1.5
38;2021-02-26;3311;893;54082;20014;4.3;1.6
38;2021-02-27;1511;396;55593;20410;4.4;1.6
38;2021-02-28;33;2;55626;20412;4.4;1.6
38;2021-03-01;2509;730;58135;21142;4.6;1.7
38;2021-03-02;4048;1018;62183;22160;4.9;1.8
38;2021-03-03;3368;1198;65551;23358;5.2;1.8
38;2021-03-04;4486;1340;70037;24698;5.5;2.0
38;2021-03-05;5233;1146;75270;25844;6.0;2.0
38;2021-03-06;3042;267;78312;26111;6.2;2.1
38;2021-03-07;115;2;78427;26113;6.2;2.1
38;2021-03-08;2442;868;80869;26981;6.4;2.1
38;2021-03-09;4025;1294;84894;28275;6.7;2.2
38;2021-03-10;3508;1069;88402;29344;7.0;2.3
38;2021-03-11;5141;1516;93543;30860;7.4;2.4
38;2021-03-12;7093;1173;100636;32033;8.0;2.5
38;2021-03-13;3772;224;104408;32257;8.3;2.6
38;2021-03-14;544;15;104952;32272;8.3;2.6
38;2021-03-15;2701;997;107653;33269;8.5;2.6
38;2021-03-16;2081;1350;109734;34619;8.7;2.7
38;2021-03-17;2025;1200;111759;35819;8.8;2.8
38;2021-03-18;2641;1356;114400;37175;9.0;2.9
38;2021-03-19;4010;1056;118410;38231;9.4;3.0
38;2021-03-20;1826;246;120236;38477;9.5;3.0
38;2021-03-21;130;8;120366;38485;9.5;3.0
38;2021-03-22;2867;998;123233;39483;9.7;3.1
38;2021-03-23;4782;1488;128015;40971;10.1;3.2
38;2021-03-24;3708;1569;131723;42540;10.4;3.4
38;2021-03-25;5792;1541;137515;44081;10.9;3.5
38;2021-03-26;6600;1739;144115;45820;11.4;3.6
38;2021-03-27;2512;758;146627;46578;11.6;3.7
38;2021-03-28;926;48;147553;46626;11.7;3.7
38;2021-03-29;2678;1842;150231;48468;11.9;3.8
38;2021-03-30;4564;2535;154795;51003;12.2;4.0
38;2021-03-31;3665;2224;158460;53227;12.5;4.2
38;2021-04-01;5133;2525;163593;55752;12.9;4.4
38;2021-04-02;3874;2523;167467;58275;13.2;4.6
38;2021-04-03;1418;939;168885;59214;13.4;4.7
38;2021-04-04;430;45;169315;59259;13.4;4.7
38;2021-04-05;2177;349;171492;59608;13.6;4.7
38;2021-04-06;4346;2397;175838;62005;13.9;4.9
38;2021-04-07;4414;2734;180252;64739;14.2;5.1
38;2021-04-08;5650;2670;185902;67409;14.7;5.3
38;2021-04-09;8563;2729;194465;70138;15.4;5.5
38;2021-04-10;3600;1477;198065;71615;15.7;5.7
38;2021-04-11;1048;100;199113;71715;15.7;5.7
38;2021-04-12;4199;2253;203312;73968;16.1;5.8
38;2021-04-13;6125;2472;209437;76440;16.6;6.0
38;2021-04-14;5120;2462;214557;78902;17.0;6.2
38;2021-04-15;6363;2771;220920;81673;17.5;6.5
38;2021-04-16;6216;2727;227136;84400;18.0;6.7
38;2021-04-17;2588;993;229724;85393;18.2;6.8
38;2021-04-18;1333;72;231057;85465;18.3;6.8
38;2021-04-19;3946;2838;235003;88303;18.6;7.0
38;2021-04-20;5425;2857;240428;91160;19.0;7.2
38;2021-04-21;4979;2707;245407;93867;19.4;7.4
38;2021-04-22;5786;2836;251193;96703;19.9;7.6
38;2021-04-23;6038;2820;257231;99523;20.3;7.9
38;2021-04-24;2665;1349;259896;100872;20.5;8.0
38;2021-04-25;805;590;260701;101462;20.6;8.0
38;2021-04-26;4488;2475;265189;103937;21.0;8.2
38;2021-04-27;6044;2724;271233;106661;21.4;8.4
38;2021-04-28;6199;2509;277432;109170;21.9;8.6
38;2021-04-29;8331;3065;285763;112235;22.6;8.9
38;2021-04-30;7673;4050;293436;116285;23.2;9.2
38;2021-05-01;1546;197;294982;116482;23.3;9.2
38;2021-05-02;846;73;295828;116555;23.4;9.2
38;2021-05-03;5299;3590;301127;120145;23.8;9.5
38;2021-05-04;6201;5084;307328;125229;24.3;9.9
38;2021-05-05;6068;4608;313396;129837;24.8;10.3
38;2021-05-06;6715;5330;320111;135167;25.3;10.7
38;2021-05-07;7285;6445;327396;141612;25.9;11.2
38;2021-05-08;3777;719;331173;142331;26.2;11.3
38;2021-05-09;2852;1930;334025;144261;26.4;11.4
38;2021-05-10;6157;5310;340182;149571;26.9;11.8
38;2021-05-11;8225;6024;348407;155595;27.5;12.3
38;2021-05-12;9049;4706;357456;160301;28.3;12.7
38;2021-05-13;6635;1416;364091;161717;28.8;12.8
38;2021-05-14;9565;3424;373656;165141;29.5;13.1
38;2021-05-15;6865;1452;380521;166593;30.1;13.2
38;2021-05-16;5474;650;385995;167243;30.5;13.2
38;2021-05-17;7672;3002;393667;170245;31.1;13.5
38;2021-05-18;8624;4034;402291;174279;31.8;13.8
38;2021-05-19;8159;3351;410450;177630;32.4;14.0
38;2021-05-20;8978;4492;419428;182122;33.2;14.4
38;2021-05-21;9960;4588;429388;186710;33.9;14.8
38;2021-05-22;7457;1906;436845;188616;34.5;14.9
38;2021-05-23;5590;580;442435;189196;35.0;15.0
38;2021-05-24;7502;1626;449937;190822;35.6;15.1
38;2021-05-25;9542;4853;459479;195675;36.3;15.5
38;2021-05-26;8125;4726;467604;200401;37.0;15.8
38;2021-05-27;9135;5652;476739;206053;37.7;16.3
38;2021-05-28;8788;6495;485527;212548;38.4;16.8
38;2021-05-29;5822;3257;491349;215805;38.8;17.1
38;2021-05-30;2695;1593;494044;217398;39.1;17.2
38;2021-05-31;8273;5135;502317;222533;39.7;17.6
38;2021-06-01;7964;6433;510281;228966;40.3;18.1
38;2021-06-02;7144;5618;517425;234584;40.9;18.5
38;2021-06-03;7397;6827;524822;241411;41.5;19.1
38;2021-06-04;8129;7615;532951;249026;42.1;19.7
38;2021-06-05;5798;3946;538749;252972;42.6;20.0
38;2021-06-06;2508;1463;541257;254435;42.8;20.1
38;2021-06-07;5554;6867;546811;261302;43.2;20.7
38;2021-06-08;5877;7530;552688;268832;43.7;21.3
38;2021-06-09;5052;6470;557740;275302;44.1;21.8
38;2021-06-10;5429;6790;563169;282092;44.5;22.3
38;2021-06-11;5889;7789;569058;289881;45.0;22.9
38;2021-06-12;3945;3259;573003;293140;45.3;23.2
38;2021-06-13;1257;1297;574260;294437;45.4;23.3
38;2021-06-14;3870;7666;578130;302103;45.7;23.9
38;2021-06-15;5236;8148;583366;310251;46.1;24.5
38;2021-06-16;5125;7407;588491;317658;46.5;25.1
38;2021-06-17;4524;7060;593015;324718;46.9;25.7
38;2021-06-18;6166;9232;599181;333950;47.4;26.4
38;2021-06-19;3595;4968;602776;338918;47.7;26.8
38;2021-06-20;1038;2901;603814;341819;47.7;27.0
38;2021-06-21;3750;8710;607564;350529;48.0;27.7
38;2021-06-22;3793;10104;611357;360633;48.3;28.5
38;2021-06-23;3155;9548;614512;370181;48.6;29.3
38;2021-06-24;3381;8590;617893;378771;48.8;29.9
38;2021-06-25;3786;11490;621679;390261;49.1;30.9
38;2021-06-26;2230;7853;623909;398114;49.3;31.5
38;2021-06-27;1099;4355;625008;402469;49.4;31.8
38;2021-06-28;2952;10303;627960;412772;49.6;32.6
38;2021-06-29;3786;10449;631746;423221;49.9;33.5
38;2021-06-30;4061;9938;635807;433159;50.3;34.2
38;2021-07-01;3548;9011;639355;442170;50.5;35.0
38;2021-07-02;3728;11613;643083;453783;50.8;35.9
38;2021-07-03;1740;8787;644823;462570;51.0;36.6
38;2021-07-04;1243;3209;646066;465779;51.1;36.8
38;2021-07-05;3062;10546;649128;476325;51.3;37.7
38;2021-07-06;3462;10240;652590;486565;51.6;38.5
38;2021-07-07;3570;9402;656160;495967;51.9;39.2
38;2021-07-08;3501;8221;659661;504188;52.1;39.9
38;2021-07-09;3894;10739;663555;514927;52.5;40.7
38;2021-07-10;2404;7806;665959;522733;52.6;41.3
38;2021-07-11;778;2029;666737;524762;52.7;41.5
38;2021-07-12;3481;10675;670218;535437;53.0;42.3
38;2021-07-13;6598;10932;676816;546369;53.5;43.2
38;2021-07-14;4675;3337;681491;549706;53.9;43.5
38;2021-07-15;8737;9675;690228;559381;54.6;44.2
38;2021-07-16;8760;10700;698988;570081;55.3;45.1
38;2021-07-17;4742;7482;703730;577563;55.6;45.7
38;2021-07-18;2573;2490;706303;580053;55.8;45.9
38;2021-07-19;5827;9225;712130;589278;56.3;46.6
38;2021-07-20;6290;8306;718420;597584;56.8;47.2
38;2021-07-21;7865;8032;726285;605616;57.4;47.9
38;2021-07-22;7600;6999;733885;612615;58.0;48.4
38;2021-07-23;8946;9039;742831;621654;58.7;49.1
38;2021-07-24;5576;5534;748407;627188;59.2;49.6
38;2021-07-25;2872;1652;751279;628840;59.4;49.7
38;2021-07-26;7874;7503;759153;636343;60.0;50.3
38;2021-07-27;7628;6274;766781;642617;60.6;50.8
38;2021-07-28;8628;5714;775409;648331;61.3;51.3
38;2021-07-29;7683;4681;783092;653012;61.9;51.6
38;2021-07-30;7809;6656;790901;659668;62.5;52.1
38;2021-07-31;4354;3602;795255;663270;62.9;52.4
38;2021-08-01;1300;1085;796555;664355;63.0;52.5
38;2021-08-02;3923;4448;800478;668803;63.3;52.9
38;2021-08-03;4584;4557;805062;673360;63.6;53.2
38;2021-08-04;4636;4357;809698;677717;64.0;53.6
38;2021-08-05;3722;4643;813420;682360;64.3;53.9
38;2021-08-06;4155;5945;817575;688305;64.6;54.4
38;2021-08-07;2308;3532;819883;691837;64.8;54.7
38;2021-08-08;792;2017;820675;693854;64.9;54.9
38;2021-08-09;3605;5577;824280;699431;65.2;55.3
38;2021-08-10;4882;6254;829162;705685;65.5;55.8
38;2021-08-11;3955;4660;833117;710345;65.9;56.2
38;2021-08-12;3386;4610;836503;714955;66.1;56.5
38;2021-08-13;4187;6032;840690;720987;66.5;57.0
38;2021-08-14;1773;4019;842463;725006;66.6;57.3
38;2021-08-15;532;1919;842995;726925;66.6;57.5
38;2021-08-16;2973;7925;845968;734850;66.9;58.1
38;2021-08-17;3428;5959;849396;740809;67.1;58.6
38;2021-08-18;2967;7149;852363;747958;67.4;59.1
38;2021-08-19;2560;4825;854923;752783;67.6;59.5
38;2021-08-20;2847;8421;857770;761204;67.8;60.2
38;2021-08-21;1182;5015;858952;766219;67.9;60.6
38;2021-08-22;495;1510;859447;767729;67.9;60.7
38;2021-08-23;2569;7622;862016;775351;68.1;61.3
38;2021-08-24;2550;5331;864566;780682;68.3;61.7
38;2021-08-25;2545;5867;867111;786549;68.5;62.2
38;2021-08-26;2247;4241;869358;790790;68.7;62.5
38;2021-08-27;2494;5922;871852;796712;68.9;63.0
38;2021-08-28;1410;3684;873262;800396;69.0;63.3
38;2021-08-29;374;1084;873636;801480;69.1;63.4
38;2021-08-30;2311;5779;875947;807259;69.2;63.8
38;2021-08-31;2196;4715;878143;811974;69.4;64.2
38;2021-09-01;2165;4350;880308;816324;69.6;64.5
38;2021-09-02;1653;3358;881961;819682;69.7;64.8
38;2021-09-03;1994;5037;883955;824719;69.9;65.2
38;2021-09-04;1134;2807;885089;827526;70.0;65.4
38;2021-09-05;385;724;885474;828250;70.0;65.5
38;2021-09-06;1182;3390;886656;831640;70.1;65.7
38;2021-09-07;1283;3328;887939;834968;70.2;66.0
38;2021-09-08;1699;3619;889638;838587;70.3;66.3
39;2020-12-27;0;0;0;0;0.0;0.0
39;2020-12-28;0;0;0;0;0.0;0.0
39;2020-12-29;0;0;0;0;0.0;0.0
39;2020-12-30;0;0;0;0;0.0;0.0
39;2020-12-31;0;0;0;0;0.0;0.0
39;2021-01-01;0;0;0;0;0.0;0.0
39;2021-01-02;0;0;0;0;0.0;0.0
39;2021-01-03;0;0;0;0;0.0;0.0
39;2021-01-04;3;0;3;0;0.0;0.0
39;2021-01-05;3;0;6;0;0.0;0.0
39;2021-01-06;57;3;63;3;0.0;0.0
39;2021-01-07;333;2;396;5;0.2;0.0
39;2021-01-08;657;2;1053;7;0.4;0.0
39;2021-01-09;169;0;1222;7;0.5;0.0
39;2021-01-10;1;0;1223;7;0.5;0.0
39;2021-01-11;474;1;1697;8;0.7;0.0
39;2021-01-12;431;1;2128;9;0.8;0.0
39;2021-01-13;408;2;2536;11;1.0;0.0
39;2021-01-14;574;3;3110;14;1.2;0.0
39;2021-01-15;471;1;3581;15;1.4;0.0
39;2021-01-16;141;1;3722;16;1.4;0.0
39;2021-01-17;0;1;3722;17;1.4;0.0
39;2021-01-18;924;7;4646;24;1.8;0.0
39;2021-01-19;1181;6;5827;30;2.3;0.0
39;2021-01-20;906;4;6733;34;2.6;0.0
39;2021-01-21;1178;2;7911;36;3.1;0.0
39;2021-01-22;985;1;8896;37;3.5;0.0
39;2021-01-23;383;1;9279;38;3.6;0.0
39;2021-01-24;0;0;9279;38;3.6;0.0
39;2021-01-25;642;2;9921;40;3.8;0.0
39;2021-01-26;1121;12;11042;52;4.3;0.0
39;2021-01-27;925;17;11967;69;4.6;0.0
39;2021-01-28;740;235;12707;304;4.9;0.1
39;2021-01-29;582;404;13289;708;5.2;0.3
39;2021-01-30;265;103;13554;811;5.3;0.3
39;2021-01-31;1;0;13555;811;5.3;0.3
39;2021-02-01;562;249;14117;1060;5.5;0.4
39;2021-02-02;754;313;14871;1373;5.8;0.5
39;2021-02-03;531;510;15402;1883;6.0;0.7
39;2021-02-04;554;448;15956;2331;6.2;0.9
39;2021-02-05;439;413;16395;2744;6.4;1.1
39;2021-02-06;265;108;16660;2852;6.5;1.1
39;2021-02-07;0;1;16660;2853;6.5;1.1
39;2021-02-08;321;309;16981;3162;6.6;1.2
39;2021-02-09;383;458;17364;3620;6.7;1.4
39;2021-02-10;253;308;17617;3928;6.8;1.5
39;2021-02-11;587;500;18204;4428;7.1;1.7
39;2021-02-12;386;408;18590;4836;7.2;1.9
39;2021-02-13;99;58;18689;4894;7.2;1.9
39;2021-02-14;0;0;18689;4894;7.2;1.9
39;2021-02-15;99;675;18788;5569;7.3;2.2
39;2021-02-16;99;859;18887;6428;7.3;2.5
39;2021-02-17;58;643;18945;7071;7.3;2.7
39;2021-02-18;109;807;19054;7878;7.4;3.1
39;2021-02-19;100;459;19154;8337;7.4;3.2
39;2021-02-20;18;353;19172;8690;7.4;3.4
39;2021-02-21;0;0;19172;8690;7.4;3.4
39;2021-02-22;100;682;19272;9372;7.5;3.6
39;2021-02-23;4;730;19276;10102;7.5;3.9
39;2021-02-24;125;829;19401;10931;7.5;4.2
39;2021-02-25;214;711;19615;11642;7.6;4.5
39;2021-02-26;218;455;19833;12097;7.7;4.7
39;2021-02-27;169;282;20002;12379;7.8;4.8
39;2021-02-28;1;0;20003;12379;7.8;4.8
39;2021-03-01;218;621;20221;13000;7.8;5.0
39;2021-03-02;329;804;20550;13804;8.0;5.4
39;2021-03-03;602;518;21152;14322;8.2;5.6
39;2021-03-04;658;464;21810;14786;8.5;5.7
39;2021-03-05;670;321;22480;15107;8.7;5.9
39;2021-03-06;777;237;23257;15344;9.0;6.0
39;2021-03-07;242;84;23499;15428;9.1;6.0
39;2021-03-08;286;439;23785;15867;9.2;6.2
39;2021-03-09;843;462;24628;16329;9.6;6.3
39;2021-03-10;984;336;25612;16665;9.9;6.5
39;2021-03-11;829;464;26441;17129;10.3;6.6
39;2021-03-12;805;289;27246;17418;10.6;6.8
39;2021-03-13;788;104;28034;17522;10.9;6.8
39;2021-03-14;35;10;28069;17532;10.9;6.8
39;2021-03-15;513;107;28582;17639;11.1;6.8
39;2021-03-16;555;68;29137;17707;11.3;6.9
39;2021-03-17;612;57;29749;17764;11.5;6.9
39;2021-03-18;597;71;30346;17835;11.8;6.9
39;2021-03-19;393;71;30739;17906;11.9;6.9
39;2021-03-20;312;12;31051;17918;12.0;6.9
39;2021-03-21;3;0;31054;17918;12.0;6.9
39;2021-03-22;754;116;31808;18034;12.3;7.0
39;2021-03-23;1130;44;32938;18078;12.8;7.0
39;2021-03-24;1179;97;34117;18175;13.2;7.0
39;2021-03-25;2042;130;36159;18305;14.0;7.1
39;2021-03-26;797;116;36956;18421;14.3;7.1
39;2021-03-27;345;7;37301;18428;14.5;7.1
39;2021-03-28;36;4;37337;18432;14.5;7.1
39;2021-03-29;1037;194;38374;18626;14.9;7.2
39;2021-03-30;1400;269;39774;18895;15.4;7.3
39;2021-03-31;658;526;40432;19421;15.7;7.5
39;2021-04-01;1310;316;41742;19737;16.2;7.7
39;2021-04-02;626;130;42368;19867;16.4;7.7
39;2021-04-03;180;8;42548;19875;16.5;7.7
39;2021-04-04;4;1;42552;19876;16.5;7.7
39;2021-04-05;1;0;42553;19876;16.5;7.7
39;2021-04-06;824;633;43377;20509;16.8;8.0
39;2021-04-07;1133;679;44510;21188;17.3;8.2
39;2021-04-08;1790;582;46300;21770;18.0;8.4
39;2021-04-09;1676;293;47976;22063;18.6;8.6
39;2021-04-10;346;187;48322;22250;18.7;8.6
39;2021-04-11;2;0;48324;22250;18.7;8.6
39;2021-04-12;680;399;49004;22649;19.0;8.8
39;2021-04-13;1200;579;50204;23228;19.5;9.0
39;2021-04-14;845;640;51049;23868;19.8;9.3
39;2021-04-15;1481;720;52530;24588;20.4;9.5
39;2021-04-16;1090;176;53620;24764;20.8;9.6
39;2021-04-17;197;61;53817;24825;20.9;9.6
39;2021-04-18;0;0;53817;24825;20.9;9.6
39;2021-04-19;524;697;54341;25522;21.1;9.9
39;2021-04-20;766;545;55107;26067;21.4;10.1
39;2021-04-21;1142;722;56249;26789;21.8;10.4
39;2021-04-22;1012;1132;57261;27921;22.2;10.8
39;2021-04-23;457;363;57718;28284;22.4;11.0
39;2021-04-24;276;149;57994;28433;22.5;11.0
39;2021-04-25;12;3;58006;28436;22.5;11.0
39;2021-04-26;568;1040;58574;29476;22.7;11.4
39;2021-04-27;788;982;59362;30458;23.0;11.8
39;2021-04-28;1720;417;61082;30875;23.7;12.0
39;2021-04-29;2571;973;63653;31848;24.7;12.4
39;2021-04-30;2475;392;66128;32240;25.6;12.5
39;2021-05-01;41;53;66169;32293;25.7;12.5
39;2021-05-02;0;0;66169;32293;25.7;12.5
39;2021-05-03;917;807;67086;33100;26.0;12.8
39;2021-05-04;949;1126;68035;34226;26.4;13.3
39;2021-05-05;1954;886;69989;35112;27.1;13.6
39;2021-05-06;2424;1346;72413;36458;28.1;14.1
39;2021-05-07;1286;573;73699;37031;28.6;14.4
39;2021-05-08;179;55;73878;37086;28.7;14.4
39;2021-05-09;10;8;73888;37094;28.7;14.4
39;2021-05-10;1761;849;75649;37943;29.3;14.7
39;2021-05-11;1775;1515;77424;39458;30.0;15.3
39;2021-05-12;1810;1498;79234;40956;30.7;15.9
39;2021-05-13;246;23;79480;40979;30.8;15.9
39;2021-05-14;2392;337;81872;41316;31.8;16.0
39;2021-05-15;1849;256;83721;41572;32.5;16.1
39;2021-05-16;0;0;83721;41572;32.5;16.1
39;2021-05-17;1988;727;85709;42299;33.2;16.4
39;2021-05-18;1692;1181;87401;43480;33.9;16.9
39;2021-05-19;2496;556;89897;44036;34.9;17.1
39;2021-05-20;2465;756;92362;44792;35.8;17.4
39;2021-05-21;1800;562;94162;45354;36.5;17.6
39;2021-05-22;322;218;94484;45572;36.6;17.7
39;2021-05-23;7;36;94491;45608;36.6;17.7
39;2021-05-24;8;28;94499;45636;36.6;17.7
39;2021-05-25;1725;1196;96224;46832;37.3;18.2
39;2021-05-26;1643;1379;97867;48211;38.0;18.7
39;2021-05-27;1486;1623;99353;49834;38.5;19.3
39;2021-05-28;856;1220;100209;51054;38.9;19.8
39;2021-05-29;261;276;100470;51330;39.0;19.9
39;2021-05-30;2;40;100472;51370;39.0;19.9
39;2021-05-31;1626;1246;102098;52616;39.6;20.4
39;2021-06-01;1894;1321;103992;53937;40.3;20.9
39;2021-06-02;1707;1171;105699;55108;41.0;21.4
39;2021-06-03;1326;1160;107025;56268;41.5;21.8
39;2021-06-04;942;1072;107967;57340;41.9;22.2
39;2021-06-05;766;516;108733;57856;42.2;22.4
39;2021-06-06;1;36;108734;57892;42.2;22.5
39;2021-06-07;2104;917;110838;58809;43.0;22.8
39;2021-06-08;2211;1155;113049;59964;43.8;23.3
39;2021-06-09;1733;1243;114782;61207;44.5;23.7
39;2021-06-10;1617;2081;116399;63288;45.1;24.5
39;2021-06-11;1569;1271;117968;64559;45.8;25.0
39;2021-06-12;1263;348;119231;64907;46.2;25.2
39;2021-06-13;11;18;119242;64925;46.2;25.2
39;2021-06-14;1337;1895;120579;66820;46.8;25.9
39;2021-06-15;1388;1258;121967;68078;47.3;26.4
39;2021-06-16;1171;1534;123138;69612;47.8;27.0
39;2021-06-17;1043;1715;124181;71327;48.2;27.7
39;2021-06-18;1638;1180;125819;72507;48.8;28.1
39;2021-06-19;249;411;126068;72918;48.9;28.3
39;2021-06-20;2;18;126070;72936;48.9;28.3
39;2021-06-21;351;2495;126421;75431;49.0;29.3
39;2021-06-22;814;2294;127235;77725;49.3;30.1
39;2021-06-23;1200;1302;128435;79027;49.8;30.6
39;2021-06-24;736;1044;129171;80071;50.1;31.1
39;2021-06-25;680;2961;129851;83032;50.4;32.2
39;2021-06-26;207;1564;130058;84596;50.4;32.8
39;2021-06-27;0;0;130058;84596;50.4;32.8
39;2021-06-28;305;2744;130363;87340;50.6;33.9
39;2021-06-29;498;2697;130861;90037;50.8;34.9
39;2021-06-30;898;2425;131759;92462;51.1;35.9
39;2021-07-01;645;1938;132404;94400;51.3;36.6
39;2021-07-02;1112;1406;133516;95806;51.8;37.2
39;2021-07-03;554;524;134070;96330;52.0;37.4
39;2021-07-04;2;1;134072;96331;52.0;37.4
39;2021-07-05;602;2589;134674;98920;52.2;38.4
39;2021-07-06;836;1888;135510;100808;52.6;39.1
39;2021-07-07;591;1389;136101;102197;52.8;39.6
39;2021-07-08;699;906;136800;103103;53.1;40.0
39;2021-07-09;1080;1585;137880;104688;53.5;40.6
39;2021-07-10;739;476;138619;105164;53.8;40.8
39;2021-07-11;28;8;138647;105172;53.8;40.8
39;2021-07-12;577;2596;139224;107768;54.0;41.8
39;2021-07-13;1637;2658;140861;110426;54.6;42.8
39;2021-07-14;17;21;140878;110447;54.6;42.8
39;2021-07-15;1905;1837;142783;112284;55.4;43.5
39;2021-07-16;3226;2048;146009;114332;56.6;44.3
39;2021-07-17;2225;1162;148234;115494;57.5;44.8
39;2021-07-18;164;52;148398;115546;57.6;44.8
39;2021-07-19;1402;2958;149800;118504;58.1;46.0
39;2021-07-20;1842;2810;151642;121314;58.8;47.0
39;2021-07-21;2588;2584;154230;123898;59.8;48.1
39;2021-07-22;1935;1842;156165;125740;60.6;48.8
39;2021-07-23;1815;1931;157980;127671;61.3;49.5
39;2021-07-24;1400;1428;159380;129099;61.8;50.1
39;2021-07-25;0;1;159380;129100;61.8;50.1
39;2021-07-26;1320;2000;160700;131100;62.3;50.8
39;2021-07-27;2344;1902;163044;133002;63.2;51.6
39;2021-07-28;2687;1475;165731;134477;64.3;52.2
39;2021-07-29;2200;1742;167931;136219;65.1;52.8
39;2021-07-30;2046;1467;169977;137686;65.9;53.4
39;2021-07-31;1367;656;171344;138342;66.5;53.7
39;2021-08-01;10;18;171354;138360;66.5;53.7
39;2021-08-02;1203;1399;172557;139759;66.9;54.2
39;2021-08-03;1920;1486;174477;141245;67.7;54.8
39;2021-08-04;1046;661;175523;141906;68.1;55.0
39;2021-08-05;1236;736;176759;142642;68.6;55.3
39;2021-08-06;1376;2292;178135;144934;69.1;56.2
39;2021-08-07;1067;1213;179202;146147;69.5;56.7
39;2021-08-08;26;10;179228;146157;69.5;56.7
39;2021-08-09;436;302;179664;146459;69.7;56.8
39;2021-08-10;1228;932;180892;147391;70.2;57.2
39;2021-08-11;895;1532;181787;148923;70.5;57.8
39;2021-08-12;1596;2168;183383;151091;71.1;58.6
39;2021-08-13;1330;2120;184713;153211;71.6;59.4
39;2021-08-14;360;1106;185073;154317;71.8;59.8
39;2021-08-15;0;1;185073;154318;71.8;59.8
39;2021-08-16;487;735;185560;155053;72.0;60.1
39;2021-08-17;571;1441;186131;156494;72.2;60.7
39;2021-08-18;859;1727;186990;158221;72.5;61.4
39;2021-08-19;905;1594;187895;159815;72.9;62.0
39;2021-08-20;637;2501;188532;162316;73.1;63.0
39;2021-08-21;468;1291;189000;163607;73.3;63.5
39;2021-08-22;6;11;189006;163618;73.3;63.5
39;2021-08-23;263;972;189269;164590;73.4;63.8
39;2021-08-24;452;1609;189721;166199;73.6;64.5
39;2021-08-25;624;1603;190345;167802;73.8;65.1
39;2021-08-26;708;1859;191053;169661;74.1;65.8
39;2021-08-27;405;2062;191458;171723;74.3;66.6
39;2021-08-28;323;1361;191781;173084;74.4;67.1
39;2021-08-29;0;1;191781;173085;74.4;67.1
39;2021-08-30;345;1016;192126;174101;74.5;67.5
39;2021-08-31;395;1034;192521;175135;74.7;67.9
39;2021-09-01;507;1575;193028;176710;74.9;68.5
39;2021-09-02;331;1479;193359;178189;75.0;69.1
39;2021-09-03;467;2386;193826;180575;75.2;70.0
39;2021-09-04;147;212;193973;180787;75.2;70.1
39;2021-09-05;0;1;193973;180788;75.2;70.1
39;2021-09-06;234;548;194207;181336;75.3;70.3
39;2021-09-07;208;309;194415;181645;75.4;70.4
39;2021-09-08;439;915;194854;182560;75.6;70.8
40;2020-12-27;0;0;0;0;0.0;0.0
40;2020-12-28;0;0;0;0;0.0;0.0
40;2020-12-29;0;0;0;0;0.0;0.0
40;2020-12-30;0;0;0;0;0.0;0.0
40;2020-12-31;1;0;1;0;0.0;0.0
40;2021-01-01;0;0;1;0;0.0;0.0
40;2021-01-02;0;0;1;0;0.0;0.0
40;2021-01-03;0;0;1;0;0.0;0.0
40;2021-01-04;0;0;1;0;0.0;0.0
40;2021-01-05;0;0;1;0;0.0;0.0
40;2021-01-06;1;0;2;0;0.0;0.0
40;2021-01-07;212;0;214;0;0.1;0.0
40;2021-01-08;391;2;605;2;0.1;0.0
40;2021-01-09;0;0;605;2;0.1;0.0
40;2021-01-10;1;0;606;2;0.1;0.0
40;2021-01-11;111;0;717;2;0.2;0.0
40;2021-01-12;0;0;717;2;0.2;0.0
40;2021-01-13;681;5;1398;7;0.3;0.0
40;2021-01-14;901;7;2299;14;0.6;0.0
40;2021-01-15;811;3;3110;17;0.8;0.0
40;2021-01-16;157;0;3267;17;0.8;0.0
40;2021-01-17;1;1;3268;18;0.8;0.0
40;2021-01-18;402;0;3670;18;0.9;0.0
40;2021-01-19;1204;3;4874;21;1.2;0.0
40;2021-01-20;879;2;5753;23;1.4;0.0
40;2021-01-21;1266;5;7019;28;1.7;0.0
40;2021-01-22;809;2;7828;30;1.9;0.0
40;2021-01-23;288;0;8116;30;2.0;0.0
40;2021-01-24;2;0;8118;30;2.0;0.0
40;2021-01-25;393;2;8511;32;2.1;0.0
40;2021-01-26;803;5;9314;37;2.3;0.0
40;2021-01-27;1118;11;10432;48;2.5;0.0
40;2021-01-28;708;110;11140;158;2.7;0.0
40;2021-01-29;601;227;11741;385;2.8;0.1
40;2021-01-30;237;3;11978;388;2.9;0.1
40;2021-01-31;1;0;11979;388;2.9;0.1
40;2021-02-01;358;129;12337;517;3.0;0.1
40;2021-02-02;923;51;13260;568;3.2;0.1
40;2021-02-03;895;297;14155;865;3.4;0.2
40;2021-02-04;1059;595;15214;1460;3.7;0.4
40;2021-02-05;794;411;16008;1871;3.9;0.5
40;2021-02-06;380;81;16388;1952;4.0;0.5
40;2021-02-07;10;0;16398;1952;4.0;0.5
40;2021-02-08;372;111;16770;2063;4.1;0.5
40;2021-02-09;809;534;17579;2597;4.3;0.6
40;2021-02-10;749;430;18328;3027;4.4;0.7
40;2021-02-11;739;657;19067;3684;4.6;0.9
40;2021-02-12;628;622;19695;4306;4.8;1.0
40;2021-02-13;400;88;20095;4394;4.9;1.1
40;2021-02-14;0;0;20095;4394;4.9;1.1
40;2021-02-15;48;345;20143;4739;4.9;1.2
40;2021-02-16;285;520;20428;5259;5.0;1.3
40;2021-02-17;360;838;20788;6097;5.0;1.5
40;2021-02-18;382;648;21170;6745;5.1;1.6
40;2021-02-19;143;602;21313;7347;5.2;1.8
40;2021-02-20;39;88;21352;7435;5.2;1.8
40;2021-02-21;1;63;21353;7498;5.2;1.8
40;2021-02-22;53;523;21406;8021;5.2;1.9
40;2021-02-23;179;757;21585;8778;5.2;2.1
40;2021-02-24;283;637;21868;9415;5.3;2.3
40;2021-02-25;727;920;22595;10335;5.5;2.5
40;2021-02-26;656;585;23251;10920;5.6;2.7
40;2021-02-27;384;95;23635;11015;5.7;2.7
40;2021-02-28;2;0;23637;11015;5.7;2.7
40;2021-03-01;418;465;24055;11480;5.8;2.8
40;2021-03-02;734;973;24789;12453;6.0;3.0
40;2021-03-03;934;849;25723;13302;6.2;3.2
40;2021-03-04;1320;771;27043;14073;6.6;3.4
40;2021-03-05;1231;707;28274;14780;6.9;3.6
40;2021-03-06;866;364;29140;15144;7.1;3.7
40;2021-03-07;92;9;29232;15153;7.1;3.7
40;2021-03-08;838;486;30070;15639;7.3;3.8
40;2021-03-09;1505;622;31575;16261;7.7;3.9
40;2021-03-10;1753;708;33328;16969;8.1;4.1
40;2021-03-11;1985;672;35313;17641;8.6;4.3
40;2021-03-12;2049;543;37362;18184;9.1;4.4
40;2021-03-13;972;253;38334;18437;9.3;4.5
40;2021-03-14;98;0;38432;18437;9.3;4.5
40;2021-03-15;924;88;39356;18525;9.6;4.5
40;2021-03-16;987;268;40343;18793;9.8;4.6
40;2021-03-17;1576;340;41919;19133;10.2;4.6
40;2021-03-18;1560;337;43479;19470;10.6;4.7
40;2021-03-19;1808;144;45287;19614;11.0;4.8
40;2021-03-20;706;14;45993;19628;11.2;4.8
40;2021-03-21;52;1;46045;19629;11.2;4.8
40;2021-03-22;1174;35;47219;19664;11.5;4.8
40;2021-03-23;2325;166;49544;19830;12.0;4.8
40;2021-03-24;2326;231;51870;20061;12.6;4.9
40;2021-03-25;2768;381;54638;20442;13.3;5.0
40;2021-03-26;3122;210;57760;20652;14.0;5.0
40;2021-03-27;923;48;58683;20700;14.2;5.0
40;2021-03-28;178;47;58861;20747;14.3;5.0
40;2021-03-29;1153;379;60014;21126;14.6;5.1
40;2021-03-30;2298;389;62312;21515;15.1;5.2
40;2021-03-31;1995;301;64307;21816;15.6;5.3
40;2021-04-01;2413;330;66720;22146;16.2;5.4
40;2021-04-02;2362;219;69082;22365;16.8;5.4
40;2021-04-03;743;121;69825;22486;16.9;5.5
40;2021-04-04;362;8;70187;22494;17.0;5.5
40;2021-04-05;523;40;70710;22534;17.2;5.5
40;2021-04-06;2096;806;72806;23340;17.7;5.7
40;2021-04-07;2666;870;75472;24210;18.3;5.9
40;2021-04-08;3061;896;78533;25106;19.1;6.1
40;2021-04-09;3826;605;82359;25711;20.0;6.2
40;2021-04-10;1599;341;83958;26052;20.4;6.3
40;2021-04-11;51;6;84009;26058;20.4;6.3
40;2021-04-12;2178;732;86187;26790;20.9;6.5
40;2021-04-13;2567;1089;88754;27879;21.5;6.8
40;2021-04-14;2571;1375;91325;29254;22.2;7.1
40;2021-04-15;2987;1504;94312;30758;22.9;7.5
40;2021-04-16;2878;1182;97190;31940;23.6;7.8
40;2021-04-17;1464;347;98654;32287;23.9;7.8
40;2021-04-18;57;24;98711;32311;24.0;7.8
40;2021-04-19;1058;1019;99769;33330;24.2;8.1
40;2021-04-20;1622;1745;101391;35075;24.6;8.5
40;2021-04-21;1777;1734;103168;36809;25.0;8.9
40;2021-04-22;2112;1774;105280;38583;25.6;9.4
40;2021-04-23;2163;1396;107443;39979;26.1;9.7
40;2021-04-24;1328;623;108771;40602;26.4;9.9
40;2021-04-25;37;57;108808;40659;26.4;9.9
40;2021-04-26;1251;1135;110059;41794;26.7;10.1
40;2021-04-27;1487;2033;111546;43827;27.1;10.6
40;2021-04-28;2052;1368;113598;45195;27.6;11.0
40;2021-04-29;2608;1895;116206;47090;28.2;11.4
40;2021-04-30;2702;1616;118908;48706;28.9;11.8
40;2021-05-01;1229;783;120137;49489;29.2;12.0
40;2021-05-02;143;322;120280;49811;29.2;12.1
40;2021-05-03;1857;1500;122137;51311;29.6;12.5
40;2021-05-04;1882;2465;124019;53776;30.1;13.1
40;2021-05-05;2188;2669;126207;56445;30.6;13.7
40;2021-05-06;2238;2865;128445;59310;31.2;14.4
40;2021-05-07;1904;3003;130349;62313;31.6;15.1
40;2021-05-08;674;469;131023;62782;31.8;15.2
40;2021-05-09;316;21;131339;62803;31.9;15.2
40;2021-05-10;1400;2051;132739;64854;32.2;15.7
40;2021-05-11;2197;2511;134936;67365;32.8;16.4
40;2021-05-12;2730;1944;137666;69309;33.4;16.8
40;2021-05-13;1984;512;139650;69821;33.9;16.9
40;2021-05-14;2325;1658;141975;71479;34.5;17.4
40;2021-05-15;1340;962;143315;72441;34.8;17.6
40;2021-05-16;434;24;143749;72465;34.9;17.6
40;2021-05-17;2120;1310;145869;73775;35.4;17.9
40;2021-05-18;2509;1415;148378;75190;36.0;18.3
40;2021-05-19;2956;1106;151334;76296;36.7;18.5
40;2021-05-20;3586;1158;154920;77454;37.6;18.8
40;2021-05-21;2926;1322;157846;78776;38.3;19.1
40;2021-05-22;1146;794;158992;79570;38.6;19.3
40;2021-05-23;631;29;159623;79599;38.7;19.3
40;2021-05-24;1212;332;160835;79931;39.0;19.4
40;2021-05-25;2168;1310;163003;81241;39.6;19.7
40;2021-05-26;2615;1562;165618;82803;40.2;20.1
40;2021-05-27;2733;2012;168351;84815;40.9;20.6
40;2021-05-28;2569;2271;170920;87086;41.5;21.1
40;2021-05-29;1558;1253;172478;88339;41.9;21.4
40;2021-05-30;4;52;172482;88391;41.9;21.5
40;2021-05-31;2566;1208;175048;89599;42.5;21.7
40;2021-06-01;3012;1767;178060;91366;43.2;22.2
40;2021-06-02;3173;1991;181233;93357;44.0;22.7
40;2021-06-03;3592;2334;184825;95691;44.9;23.2
40;2021-06-04;3015;2801;187840;98492;45.6;23.9
40;2021-06-05;1780;1395;189620;99887;46.0;24.2
40;2021-06-06;459;79;190079;99966;46.1;24.3
40;2021-06-07;2186;2025;192265;101991;46.7;24.8
40;2021-06-08;2955;2098;195220;104089;47.4;25.3
40;2021-06-09;3216;2267;198436;106356;48.2;25.8
40;2021-06-10;2996;2097;201432;108453;48.9;26.3
40;2021-06-11;3139;2797;204571;111250;49.7;27.0
40;2021-06-12;1964;1636;206535;112886;50.1;27.4
40;2021-06-13;645;162;207180;113048;50.3;27.4
40;2021-06-14;1458;2497;208638;115545;50.6;28.0
40;2021-06-15;2236;2820;210874;118365;51.2;28.7
40;2021-06-16;2608;2458;213482;120823;51.8;29.3
40;2021-06-17;2432;2438;215914;123261;52.4;29.9
40;2021-06-18;2326;2903;218240;126164;53.0;30.6
40;2021-06-19;1798;1228;220038;127392;53.4;30.9
40;2021-06-20;345;276;220383;127668;53.5;31.0
40;2021-06-21;1395;2318;221778;129986;53.8;31.6
40;2021-06-22;1688;2996;223466;132982;54.2;32.3
40;2021-06-23;1606;3346;225072;136328;54.6;33.1
40;2021-06-24;1735;2384;226807;138712;55.1;33.7
40;2021-06-25;1760;3263;228567;141975;55.5;34.5
40;2021-06-26;1328;1713;229895;143688;55.8;34.9
40;2021-06-27;263;354;230158;144042;55.9;35.0
40;2021-06-28;1334;2820;231492;146862;56.2;35.6
40;2021-06-29;1711;3391;233203;150253;56.6;36.5
40;2021-06-30;1777;3644;234980;153897;57.0;37.4
40;2021-07-01;1714;3953;236694;157850;57.5;38.3
40;2021-07-02;1562;3810;238256;161660;57.8;39.2
40;2021-07-03;678;1918;238934;163578;58.0;39.7
40;2021-07-04;219;483;239153;164061;58.0;39.8
40;2021-07-05;1476;3020;240629;167081;58.4;40.6
40;2021-07-06;1769;3613;242398;170694;58.8;41.4
40;2021-07-07;1975;3845;244373;174539;59.3;42.4
40;2021-07-08;2102;3409;246475;177948;59.8;43.2
40;2021-07-09;2111;3947;248586;181895;60.3;44.2
40;2021-07-10;1005;2157;249591;184052;60.6;44.7
40;2021-07-11;207;294;249798;184346;60.6;44.7
40;2021-07-12;1313;4045;251111;188391;61.0;45.7
40;2021-07-13;2428;4697;253539;193088;61.5;46.9
40;2021-07-14;2199;2059;255738;195147;62.1;47.4
40;2021-07-15;2845;4858;258583;200005;62.8;48.5
40;2021-07-16;3315;3947;261898;203952;63.6;49.5
40;2021-07-17;2111;2594;264009;206546;64.1;50.1
40;2021-07-18;472;542;264481;207088;64.2;50.3
40;2021-07-19;2568;3701;267049;210789;64.8;51.2
40;2021-07-20;3064;4053;270113;214842;65.6;52.1
40;2021-07-21;3207;3888;273320;218730;66.3;53.1
40;2021-07-22;3856;3931;277176;222661;67.3;54.0
40;2021-07-23;4091;4111;281267;226772;68.3;55.0
40;2021-07-24;2796;2113;284063;228885;69.0;55.6
40;2021-07-25;955;489;285018;229374;69.2;55.7
40;2021-07-26;2941;3083;287959;232457;69.9;56.4
40;2021-07-27;3527;3603;291486;236060;70.8;57.3
40;2021-07-28;3380;3399;294866;239459;71.6;58.1
40;2021-07-29;3544;3432;298410;242891;72.4;59.0
40;2021-07-30;3133;3405;301543;246296;73.2;59.8
40;2021-07-31;1782;1908;303325;248204;73.6;60.2
40;2021-08-01;343;287;303668;248491;73.7;60.3
40;2021-08-02;2003;2379;305671;250870;74.2;60.9
40;2021-08-03;2333;2692;308004;253562;74.8;61.5
40;2021-08-04;2091;2321;310095;255883;75.3;62.1
40;2021-08-05;1969;2670;312064;258553;75.7;62.8
40;2021-08-06;1883;3067;313947;261620;76.2;63.5
40;2021-08-07;1218;1746;315165;263366;76.5;63.9
40;2021-08-08;84;154;315249;263520;76.5;64.0
40;2021-08-09;1599;3124;316848;266644;76.9;64.7
40;2021-08-10;1430;3164;318278;269808;77.3;65.5
40;2021-08-11;1422;2847;319700;272655;77.6;66.2
40;2021-08-12;1275;3101;320975;275756;77.9;66.9
40;2021-08-13;1136;2979;322111;278735;78.2;67.7
40;2021-08-14;617;2037;322728;280772;78.3;68.2
40;2021-08-15;5;172;322733;280944;78.3;68.2
40;2021-08-16;1106;3385;323839;284329;78.6;69.0
40;2021-08-17;1158;3421;324997;287750;78.9;69.8
40;2021-08-18;983;3260;325980;291010;79.1;70.6
40;2021-08-19;849;2971;326829;293981;79.3;71.4
40;2021-08-20;803;3033;327632;297014;79.5;72.1
40;2021-08-21;521;1899;328153;298913;79.7;72.6
40;2021-08-22;71;463;328224;299376;79.7;72.7
40;2021-08-23;727;2818;328951;302194;79.8;73.4
40;2021-08-24;692;2541;329643;304735;80.0;74.0
40;2021-08-25;673;2003;330316;306738;80.2;74.5
40;2021-08-26;488;1675;330804;308413;80.3;74.9
40;2021-08-27;636;2469;331440;310882;80.5;75.5
40;2021-08-28;324;1218;331764;312100;80.5;75.8
40;2021-08-29;1;9;331765;312109;80.5;75.8
40;2021-08-30;599;2160;332364;314269;80.7;76.3
40;2021-08-31;470;1466;332834;315735;80.8;76.6
40;2021-09-01;450;1544;333284;317279;80.9;77.0
40;2021-09-02;402;1493;333686;318772;81.0;77.4
40;2021-09-03;436;1620;334122;320392;81.1;77.8
40;2021-09-04;370;1182;334492;321574;81.2;78.1
40;2021-09-05;2;26;334494;321600;81.2;78.1
40;2021-09-06;238;847;334732;322447;81.2;78.3
40;2021-09-07;290;965;335022;323412;81.3;78.5
40;2021-09-08;402;1084;335424;324496;81.4;78.8
41;2020-12-27;0;0;0;0;0.0;0.0
41;2020-12-28;0;0;0;0;0.0;0.0
41;2020-12-29;0;0;0;0;0.0;0.0
41;2020-12-30;0;0;0;0;0.0;0.0
41;2020-12-31;0;0;0;0;0.0;0.0
41;2021-01-01;0;0;0;0;0.0;0.0
41;2021-01-02;2;0;2;0;0.0;0.0
41;2021-01-03;0;0;2;0;0.0;0.0
41;2021-01-04;0;0;2;0;0.0;0.0
41;2021-01-05;35;0;37;0;0.0;0.0
41;2021-01-06;72;0;109;0;0.0;0.0
41;2021-01-07;21;0;130;0;0.0;0.0
41;2021-01-08;1;0;131;0;0.0;0.0
41;2021-01-09;0;0;131;0;0.0;0.0
41;2021-01-10;0;0;131;0;0.0;0.0
41;2021-01-11;133;0;264;0;0.1;0.0
41;2021-01-12;321;1;585;1;0.2;0.0
41;2021-01-13;271;0;856;1;0.3;0.0
41;2021-01-14;283;1;1139;2;0.3;0.0
41;2021-01-15;215;1;1354;3;0.4;0.0
41;2021-01-16;0;0;1354;3;0.4;0.0
41;2021-01-17;0;0;1354;3;0.4;0.0
41;2021-01-18;397;2;1751;5;0.5;0.0
41;2021-01-19;857;2;2608;7;0.8;0.0
41;2021-01-20;1058;3;3666;10;1.1;0.0
41;2021-01-21;1568;4;5234;14;1.6;0.0
41;2021-01-22;836;1;6070;15;1.9;0.0
41;2021-01-23;92;0;6162;15;1.9;0.0
41;2021-01-24;0;0;6162;15;1.9;0.0
41;2021-01-25;421;1;6583;16;2.0;0.0
41;2021-01-26;473;2;7056;18;2.2;0.0
41;2021-01-27;441;2;7497;20;2.3;0.0
41;2021-01-28;604;57;8101;77;2.5;0.0
41;2021-01-29;260;30;8361;107;2.6;0.0
41;2021-01-30;0;0;8361;107;2.6;0.0
41;2021-01-31;0;0;8361;107;2.6;0.0
41;2021-02-01;349;147;8710;254;2.7;0.1
41;2021-02-02;471;227;9181;481;2.8;0.1
41;2021-02-03;341;199;9522;680;2.9;0.2
41;2021-02-04;559;145;10081;825;3.1;0.3
41;2021-02-05;329;174;10410;999;3.2;0.3
41;2021-02-06;4;0;10414;999;3.2;0.3
41;2021-02-07;2;0;10416;999;3.2;0.3
41;2021-02-08;306;300;10722;1299;3.3;0.4
41;2021-02-09;599;445;11321;1744;3.5;0.5
41;2021-02-10;486;681;11807;2425;3.6;0.7
41;2021-02-11;1066;1155;12873;3580;3.9;1.1
41;2021-02-12;687;355;13560;3935;4.1;1.2
41;2021-02-13;9;5;13569;3940;4.1;1.2
41;2021-02-14;3;27;13572;3967;4.1;1.2
41;2021-02-15;314;273;13886;4240;4.2;1.3
41;2021-02-16;354;509;14240;4749;4.3;1.4
41;2021-02-17;317;422;14557;5171;4.4;1.6
41;2021-02-18;617;292;15174;5463;4.6;1.7
41;2021-02-19;456;292;15630;5755;4.8;1.8
41;2021-02-20;68;46;15698;5801;4.8;1.8
41;2021-02-21;0;0;15698;5801;4.8;1.8
41;2021-02-22;310;364;16008;6165;4.9;1.9
41;2021-02-23;454;296;16462;6461;5.0;2.0
41;2021-02-24;281;401;16743;6862;5.1;2.1
41;2021-02-25;676;412;17419;7274;5.3;2.2
41;2021-02-26;630;227;18049;7501;5.5;2.3
41;2021-02-27;161;4;18210;7505;5.6;2.3
41;2021-02-28;4;31;18214;7536;5.6;2.3
41;2021-03-01;311;284;18525;7820;5.7;2.4
41;2021-03-02;649;375;19174;8195;5.8;2.5
41;2021-03-03;497;394;19671;8589;6.0;2.6
41;2021-03-04;786;799;20457;9388;6.2;2.9
41;2021-03-05;840;658;21297;10046;6.5;3.1
41;2021-03-06;715;22;22012;10068;6.7;3.1
41;2021-03-07;498;20;22510;10088;6.9;3.1
41;2021-03-08;301;360;22811;10448;7.0;3.2
41;2021-03-09;1042;441;23853;10889;7.3;3.3
41;2021-03-10;721;454;24574;11343;7.5;3.5
41;2021-03-11;1182;666;25756;12009;7.9;3.7
41;2021-03-12;1116;410;26872;12419;8.2;3.8
41;2021-03-13;1224;18;28096;12437;8.6;3.8
41;2021-03-14;392;6;28488;12443;8.7;3.8
41;2021-03-15;797;349;29285;12792;8.9;3.9
41;2021-03-16;1061;406;30346;13198;9.3;4.0
41;2021-03-17;587;239;30933;13437;9.4;4.1
41;2021-03-18;926;400;31859;13837;9.7;4.2
41;2021-03-19;911;333;32770;14170;10.0;4.3
41;2021-03-20;541;17;33311;14187;10.2;4.3
41;2021-03-21;1;0;33312;14187;10.2;4.3
41;2021-03-22;810;273;34122;14460;10.4;4.4
41;2021-03-23;1309;489;35431;14949;10.8;4.6
41;2021-03-24;1231;365;36662;15314;11.2;4.7
41;2021-03-25;2026;437;38688;15751;11.8;4.8
41;2021-03-26;1655;325;40343;16076;12.3;4.9
41;2021-03-27;452;58;40795;16134;12.4;4.9
41;2021-03-28;1;0;40796;16134;12.4;4.9
41;2021-03-29;938;306;41734;16440;12.7;5.0
41;2021-03-30;1496;592;43230;17032;13.2;5.2
41;2021-03-31;1148;492;44378;17524;13.5;5.3
41;2021-04-01;2252;564;46630;18088;14.2;5.5
41;2021-04-02;1242;474;47872;18562;14.6;5.7
41;2021-04-03;321;5;48193;18567;14.7;5.7
41;2021-04-04;39;0;48232;18567;14.7;5.7
41;2021-04-05;140;2;48372;18569;14.8;5.7
41;2021-04-06;1302;626;49674;19195;15.2;5.9
41;2021-04-07;1852;703;51526;19898;15.7;6.1
41;2021-04-08;2294;920;53820;20818;16.4;6.4
41;2021-04-09;2570;611;56390;21429;17.2;6.5
41;2021-04-10;954;497;57344;21926;17.5;6.7
41;2021-04-11;279;376;57623;22302;17.6;6.8
41;2021-04-12;1689;653;59312;22955;18.1;7.0
41;2021-04-13;2262;985;61574;23940;18.8;7.3
41;2021-04-14;1794;548;63368;24488;19.3;7.5
41;2021-04-15;2385;975;65753;25463;20.1;7.8
41;2021-04-16;1931;625;67684;26088;20.6;8.0
41;2021-04-17;647;138;68331;26226;20.8;8.0
41;2021-04-18;5;0;68336;26226;20.8;8.0
41;2021-04-19;1262;744;69598;26970;21.2;8.2
41;2021-04-20;2004;1200;71602;28170;21.8;8.6
41;2021-04-21;1503;918;73105;29088;22.3;8.9
41;2021-04-22;2236;1599;75341;30687;23.0;9.4
41;2021-04-23;1736;1080;77077;31767;23.5;9.7
41;2021-04-24;1544;283;78621;32050;24.0;9.8
41;2021-04-25;1007;20;79628;32070;24.3;9.8
41;2021-04-26;1356;625;80984;32695;24.7;10.0
41;2021-04-27;2094;1039;83078;33734;25.3;10.3
41;2021-04-28;1562;860;84640;34594;25.8;10.6
41;2021-04-29;2211;1378;86851;35972;26.5;11.0
41;2021-04-30;1963;866;88814;36838;27.1;11.2
41;2021-05-01;189;12;89003;36850;27.1;11.2
41;2021-05-02;107;17;89110;36867;27.2;11.2
41;2021-05-03;1866;894;90976;37761;27.8;11.5
41;2021-05-04;2094;1544;93070;39305;28.4;12.0
41;2021-05-05;1881;1190;94951;40495;29.0;12.4
41;2021-05-06;2448;1693;97399;42188;29.7;12.9
41;2021-05-07;2017;1801;99416;43989;30.3;13.4
41;2021-05-08;203;155;99619;44144;30.4;13.5
41;2021-05-09;11;354;99630;44498;30.4;13.6
41;2021-05-10;1590;1556;101220;46054;30.9;14.0
41;2021-05-11;2087;2102;103307;48156;31.5;14.7
41;2021-05-12;1951;1678;105258;49834;32.1;15.2
41;2021-05-13;1486;947;106744;50781;32.6;15.5
41;2021-05-14;1576;1305;108320;52086;33.0;15.9
41;2021-05-15;206;294;108526;52380;33.1;16.0
41;2021-05-16;4;0;108530;52380;33.1;16.0
41;2021-05-17;2483;564;111013;52944;33.9;16.1
41;2021-05-18;3138;1030;114151;53974;34.8;16.5
41;2021-05-19;2553;674;116704;54648;35.6;16.7
41;2021-05-20;3349;1149;120053;55797;36.6;17.0
41;2021-05-21;2727;967;122780;56764;37.5;17.3
41;2021-05-22;397;237;123177;57001;37.6;17.4
41;2021-05-23;6;2;123183;57003;37.6;17.4
41;2021-05-24;2605;149;125788;57152;38.4;17.4
41;2021-05-25;2992;577;128780;57729;39.3;17.6
41;2021-05-26;3038;651;131818;58380;40.2;17.8
41;2021-05-27;3296;1110;135114;59490;41.2;18.1
41;2021-05-28;3144;975;138258;60465;42.2;18.4
41;2021-05-29;2074;429;140332;60894;42.8;18.6
41;2021-05-30;344;22;140676;60916;42.9;18.6
41;2021-05-31;1711;1501;142387;62417;43.4;19.0
41;2021-06-01;2262;2012;144649;64429;44.1;19.7
41;2021-06-02;1832;1289;146481;65718;44.7;20.0
41;2021-06-03;2597;1942;149078;67660;45.5;20.6
41;2021-06-04;2304;1959;151382;69619;46.2;21.2
41;2021-06-05;611;1583;151993;71202;46.4;21.7
41;2021-06-06;109;927;152102;72129;46.4;22.0
41;2021-06-07;1515;1530;153617;73659;46.9;22.5
41;2021-06-08;1713;2410;155330;76069;47.4;23.2
41;2021-06-09;1615;1639;156945;77708;47.9;23.7
41;2021-06-10;1917;1813;158862;79521;48.5;24.3
41;2021-06-11;1572;1793;160434;81314;48.9;24.8
41;2021-06-12;663;649;161097;81963;49.1;25.0
41;2021-06-13;13;77;161110;82040;49.1;25.0
41;2021-06-14;1269;1963;162379;84003;49.5;25.6
41;2021-06-15;1835;2758;164214;86761;50.1;26.5
41;2021-06-16;1725;2309;165939;89070;50.6;27.2
41;2021-06-17;1811;2574;167750;91644;51.2;28.0
41;2021-06-18;1665;2400;169415;94044;51.7;28.7
41;2021-06-19;412;530;169827;94574;51.8;28.8
41;2021-06-20;11;32;169838;94606;51.8;28.9
41;2021-06-21;1325;1779;171163;96385;52.2;29.4
41;2021-06-22;1619;2564;172782;98949;52.7;30.2
41;2021-06-23;1375;2045;174157;100994;53.1;30.8
41;2021-06-24;1483;2307;175640;103301;53.6;31.5
41;2021-06-25;1293;2617;176933;105918;54.0;32.3
41;2021-06-26;434;614;177367;106532;54.1;32.5
41;2021-06-27;1;4;177368;106536;54.1;32.5
41;2021-06-28;404;2696;177772;109232;54.2;33.3
41;2021-06-29;666;3441;178438;112673;54.4;34.4
41;2021-06-30;552;3068;178990;115741;54.6;35.3
41;2021-07-01;767;3103;179757;118844;54.8;36.3
41;2021-07-02;590;3499;180347;122343;55.0;37.3
41;2021-07-03;158;646;180505;122989;55.1;37.5
41;2021-07-04;2;2;180507;122991;55.1;37.5
41;2021-07-05;287;2818;180794;125809;55.1;38.4
41;2021-07-06;666;3634;181460;129443;55.4;39.5
41;2021-07-07;479;3140;181939;132583;55.5;40.4
41;2021-07-08;941;3368;182880;135951;55.8;41.5
41;2021-07-09;540;3641;183420;139592;55.9;42.6
41;2021-07-10;247;2087;183667;141679;56.0;43.2
41;2021-07-11;5;280;183672;141959;56.0;43.3
41;2021-07-12;862;2292;184534;144251;56.3;44.0
41;2021-07-13;1198;3286;185732;147537;56.7;45.0
41;2021-07-14;140;1080;185872;148617;56.7;45.3
41;2021-07-15;1334;3321;187206;151938;57.1;46.3
41;2021-07-16;1091;3391;188297;155329;57.4;47.4
41;2021-07-17;344;807;188641;156136;57.5;47.6
41;2021-07-18;24;32;188665;156168;57.5;47.6
41;2021-07-19;1190;2319;189855;158487;57.9;48.3
41;2021-07-20;1641;2744;191496;161231;58.4;49.2
41;2021-07-21;1708;2083;193204;163314;58.9;49.8
41;2021-07-22;2262;2292;195466;165606;59.6;50.5
41;2021-07-23;2103;2469;197569;168075;60.3;51.3
41;2021-07-24;329;840;197898;168915;60.4;51.5
41;2021-07-25;19;23;197917;168938;60.4;51.5
41;2021-07-26;1903;1679;199820;170617;61.0;52.0
41;2021-07-27;2536;2342;202356;172959;61.7;52.8
41;2021-07-28;2161;1830;204517;174789;62.4;53.3
41;2021-07-29;2345;2025;206862;176814;63.1;53.9
41;2021-07-30;2152;2085;209014;178899;63.8;54.6
41;2021-07-31;378;580;209392;179479;63.9;54.7
41;2021-08-01;21;7;209413;179486;63.9;54.7
41;2021-08-02;1549;1605;210962;181091;64.4;55.2
41;2021-08-03;2515;1855;213477;182946;65.1;55.8
41;2021-08-04;2301;1199;215778;184145;65.8;56.2
41;2021-08-05;3046;1263;218824;185408;66.7;56.6
41;2021-08-06;2213;1303;221037;186711;67.4;57.0
41;2021-08-07;511;347;221548;187058;67.6;57.1
41;2021-08-08;13;20;221561;187078;67.6;57.1
41;2021-08-09;1689;1356;223250;188434;68.1;57.5
41;2021-08-10;2563;1418;225813;189852;68.9;57.9
41;2021-08-11;1594;1440;227407;191292;69.4;58.4
41;2021-08-12;1943;1340;229350;192632;70.0;58.8
41;2021-08-13;1470;1698;230820;194330;70.4;59.3
41;2021-08-14;364;205;231184;194535;70.5;59.3
41;2021-08-15;0;16;231184;194551;70.5;59.3
41;2021-08-16;866;2070;232050;196621;70.8;60.0
41;2021-08-17;1498;1637;233548;198258;71.2;60.5
41;2021-08-18;1134;1969;234682;200227;71.6;61.1
41;2021-08-19;1307;1555;235989;201782;72.0;61.5
41;2021-08-20;915;2308;236904;204090;72.3;62.3
41;2021-08-21;120;227;237024;204317;72.3;62.3
41;2021-08-22;1;32;237025;204349;72.3;62.3
41;2021-08-23;691;2295;237716;206644;72.5;63.0
41;2021-08-24;1409;2305;239125;208949;72.9;63.7
41;2021-08-25;618;2201;239743;211150;73.1;64.4
41;2021-08-26;842;2820;240585;213970;73.4;65.3
41;2021-08-27;617;2760;241202;216730;73.6;66.1
41;2021-08-28;98;622;241300;217352;73.6;66.3
41;2021-08-29;46;23;241346;217375;73.6;66.3
41;2021-08-30;667;2116;242013;219491;73.8;67.0
41;2021-08-31;765;2596;242778;222087;74.1;67.7
41;2021-09-01;497;1828;243275;223915;74.2;68.3
41;2021-09-02;625;2145;243900;226060;74.4;69.0
41;2021-09-03;653;2226;244553;228286;74.6;69.6
41;2021-09-04;193;591;244746;228877;74.7;69.8
41;2021-09-05;3;1;244749;228878;74.7;69.8
41;2021-09-06;291;1095;245040;229973;74.7;70.1
41;2021-09-07;415;1339;245455;231312;74.9;70.6
41;2021-09-08;313;1275;245768;232587;75.0;70.9
42;2020-12-27;2;0;2;0;0.0;0.0
42;2020-12-28;0;0;2;0;0.0;0.0
42;2020-12-29;0;0;2;0;0.0;0.0
42;2020-12-30;0;0;2;0;0.0;0.0
42;2020-12-31;0;0;2;0;0.0;0.0
42;2021-01-01;0;0;2;0;0.0;0.0
42;2021-01-02;0;0;2;0;0.0;0.0
42;2021-01-03;0;0;2;0;0.0;0.0
42;2021-01-04;1;0;3;0;0.0;0.0
42;2021-01-05;1;0;4;0;0.0;0.0
42;2021-01-06;178;1;182;1;0.0;0.0
42;2021-01-07;256;0;438;1;0.1;0.0
42;2021-01-08;264;1;702;2;0.1;0.0
42;2021-01-09;136;0;838;2;0.1;0.0
42;2021-01-10;0;0;838;2;0.1;0.0
42;2021-01-11;293;2;1131;4;0.1;0.0
42;2021-01-12;412;1;1543;5;0.2;0.0
42;2021-01-13;527;2;2070;7;0.3;0.0
42;2021-01-14;773;2;2843;9;0.4;0.0
42;2021-01-15;705;4;3548;13;0.5;0.0
42;2021-01-16;298;2;3846;15;0.5;0.0
42;2021-01-17;219;0;4065;15;0.5;0.0
42;2021-01-18;968;1;5033;16;0.7;0.0
42;2021-01-19;1329;10;6362;26;0.8;0.0
42;2021-01-20;956;4;7318;30;1.0;0.0
42;2021-01-21;1020;6;8338;36;1.1;0.0
42;2021-01-22;992;6;9330;42;1.2;0.0
42;2021-01-23;401;0;9731;42;1.3;0.0
42;2021-01-24;358;0;10089;42;1.3;0.0
42;2021-01-25;1099;12;11188;54;1.5;0.0
42;2021-01-26;1746;17;12934;71;1.7;0.0
42;2021-01-27;1458;121;14392;192;1.9;0.0
42;2021-01-28;1668;135;16060;327;2.1;0.0
42;2021-01-29;946;115;17006;442;2.2;0.1
42;2021-01-30;257;100;17263;542;2.3;0.1
42;2021-01-31;258;2;17521;544;2.3;0.1
42;2021-02-01;736;60;18257;604;2.4;0.1
42;2021-02-02;1824;273;20081;877;2.6;0.1
42;2021-02-03;1517;467;21598;1344;2.8;0.2
42;2021-02-04;1282;587;22880;1931;3.0;0.3
42;2021-02-05;685;501;23565;2432;3.1;0.3
42;2021-02-06;304;134;23869;2566;3.1;0.3
42;2021-02-07;276;139;24145;2705;3.2;0.4
42;2021-02-08;508;536;24653;3241;3.2;0.4
42;2021-02-09;703;721;25356;3962;3.3;0.5
42;2021-02-10;742;612;26098;4574;3.4;0.6
42;2021-02-11;772;603;26870;5177;3.5;0.7
42;2021-02-12;675;663;27545;5840;3.6;0.8
42;2021-02-13;428;263;27973;6103;3.7;0.8
42;2021-02-14;186;183;28159;6286;3.7;0.8
42;2021-02-15;521;690;28680;6976;3.8;0.9
42;2021-02-16;490;1109;29170;8085;3.8;1.1
42;2021-02-17;518;1424;29688;9509;3.9;1.2
42;2021-02-18;756;1247;30444;10756;4.0;1.4
42;2021-02-19;768;917;31212;11673;4.1;1.5
42;2021-02-20;248;365;31460;12038;4.1;1.6
42;2021-02-21;63;282;31523;12320;4.1;1.6
42;2021-02-22;575;876;32098;13196;4.2;1.7
42;2021-02-23;1210;1367;33308;14563;4.4;1.9
42;2021-02-24;1245;1175;34553;15738;4.5;2.1
42;2021-02-25;1666;1368;36219;17106;4.7;2.2
42;2021-02-26;1648;890;37867;17996;5.0;2.4
42;2021-02-27;580;268;38447;18264;5.0;2.4
42;2021-02-28;166;108;38613;18372;5.0;2.4
42;2021-03-01;807;789;39420;19161;5.2;2.5
42;2021-03-02;1276;771;40696;19932;5.3;2.6
42;2021-03-03;1368;760;42064;20692;5.5;2.7
42;2021-03-04;1705;688;43769;21380;5.7;2.8
42;2021-03-05;2625;634;46394;22014;6.1;2.9
42;2021-03-06;1932;252;48326;22266;6.3;2.9
42;2021-03-07;1491;95;49817;22361;6.5;2.9
42;2021-03-08;1405;504;51222;22865;6.7;3.0
42;2021-03-09;1984;452;53206;23317;7.0;3.0
42;2021-03-10;2053;505;55259;23822;7.2;3.1
42;2021-03-11;3047;620;58306;24442;7.6;3.2
42;2021-03-12;3008;832;61314;25274;8.0;3.3
42;2021-03-13;1479;362;62793;25636;8.2;3.4
42;2021-03-14;472;167;63265;25803;8.3;3.4
42;2021-03-15;1571;599;64836;26402;8.5;3.5
42;2021-03-16;1472;772;66308;27174;8.7;3.6
42;2021-03-17;1724;1080;68032;28254;8.9;3.7
42;2021-03-18;1804;1028;69836;29282;9.1;3.8
42;2021-03-19;2567;683;72403;29965;9.5;3.9
42;2021-03-20;1672;232;74075;30197;9.7;3.9
42;2021-03-21;526;99;74601;30296;9.8;4.0
42;2021-03-22;1427;732;76028;31028;9.9;4.1
42;2021-03-23;2507;861;78535;31889;10.3;4.2
42;2021-03-24;2783;782;81318;32671;10.6;4.3
42;2021-03-25;3720;935;85038;33606;11.1;4.4
42;2021-03-26;3760;789;88798;34395;11.6;4.5
42;2021-03-27;1806;452;90604;34847;11.8;4.6
42;2021-03-28;1040;216;91644;35063;12.0;4.6
42;2021-03-29;2062;927;93706;35990;12.3;4.7
42;2021-03-30;3146;865;96852;36855;12.7;4.8
42;2021-03-31;2443;1071;99295;37926;13.0;5.0
42;2021-04-01;3392;1051;102687;38977;13.4;5.1
42;2021-04-02;2850;1228;105537;40205;13.8;5.3
42;2021-04-03;1418;609;106955;40814;14.0;5.3
42;2021-04-04;1404;395;108359;41209;14.2;5.4
42;2021-04-05;1901;297;110260;41506;14.4;5.4
42;2021-04-06;2292;1411;112552;42917;14.7;5.6
42;2021-04-07;2761;1830;115313;44747;15.1;5.9
42;2021-04-08;4025;1597;119338;46344;15.6;6.1
42;2021-04-09;5135;1558;124473;47902;16.3;6.3
42;2021-04-10;2591;767;127064;48669;16.6;6.4
42;2021-04-11;1956;431;129020;49100;16.9;6.4
42;2021-04-12;3699;1551;132719;50651;17.4;6.6
42;2021-04-13;4658;1810;137377;52461;18.0;6.9
42;2021-04-14;4311;1905;141688;54366;18.5;7.1
42;2021-04-15;4810;1838;146498;56204;19.2;7.3
42;2021-04-16;4620;1891;151118;58095;19.8;7.6
42;2021-04-17;2983;1074;154101;59169;20.2;7.7
42;2021-04-18;1884;414;155985;59583;20.4;7.8
42;2021-04-19;3090;1538;159075;61121;20.8;8.0
42;2021-04-20;3468;1955;162543;63076;21.3;8.2
42;2021-04-21;3479;1747;166022;64823;21.7;8.5
42;2021-04-22;3769;1952;169791;66775;22.2;8.7
42;2021-04-23;3840;2017;173631;68792;22.7;9.0
42;2021-04-24;2363;1518;175994;70310;23.0;9.2
42;2021-04-25;1658;942;177652;71252;23.2;9.3
42;2021-04-26;3280;1733;180932;72985;23.7;9.5
42;2021-04-27;3256;2206;184188;75191;24.1;9.8
42;2021-04-28;3464;2623;187652;77814;24.5;10.2
42;2021-04-29;3770;2802;191422;80616;25.0;10.5
42;2021-04-30;3361;3031;194783;83647;25.5;10.9
42;2021-05-01;2969;1051;197752;84698;25.9;11.1
42;2021-05-02;1935;1259;199687;85957;26.1;11.2
42;2021-05-03;2868;2767;202555;88724;26.5;11.6
42;2021-05-04;3417;3129;205972;91853;26.9;12.0
42;2021-05-05;3327;3400;209299;95253;27.4;12.5
42;2021-05-06;3888;3767;213187;99020;27.9;12.9
42;2021-05-07;3730;4035;216917;103055;28.4;13.5
42;2021-05-08;3165;1070;220082;104125;28.8;13.6
42;2021-05-09;1505;2213;221587;106338;29.0;13.9
42;2021-05-10;3250;3828;224837;110166;29.4;14.4
42;2021-05-11;5575;3906;230412;114072;30.1;14.9
42;2021-05-12;5341;3569;235753;117641;30.8;15.4
42;2021-05-13;5453;1150;241206;118791;31.5;15.5
42;2021-05-14;5240;2927;246446;121718;32.2;15.9
42;2021-05-15;4881;2125;251327;123843;32.9;16.2
42;2021-05-16;2873;1037;254200;124880;33.2;16.3
42;2021-05-17;5887;2839;260087;127719;34.0;16.7
42;2021-05-18;6252;2980;266339;130699;34.8;17.1
42;2021-05-19;6524;2750;272863;133449;35.7;17.5
42;2021-05-20;7104;2896;279967;136345;36.6;17.8
42;2021-05-21;6351;3273;286318;139618;37.4;18.3
42;2021-05-22;5836;2132;292154;141750;38.2;18.5
42;2021-05-23;2835;874;294989;142624;38.6;18.7
42;2021-05-24;5251;1432;300240;144056;39.3;18.8
42;2021-05-25;5155;3940;305395;147996;39.9;19.4
42;2021-05-26;5162;3458;310557;151454;40.6;19.8
42;2021-05-27;5369;3635;315926;155089;41.3;20.3
42;2021-05-28;5043;4200;320969;159289;42.0;20.8
42;2021-05-29;4344;2986;325313;162275;42.5;21.2
42;2021-05-30;1981;1210;327294;163485;42.8;21.4
42;2021-05-31;4243;3422;331537;166907;43.4;21.8
42;2021-06-01;4592;3567;336129;170474;44.0;22.3
42;2021-06-02;4479;3011;340608;173485;44.5;22.7
42;2021-06-03;4930;3841;345538;177326;45.2;23.2
42;2021-06-04;4767;4219;350305;181545;45.8;23.7
42;2021-06-05;3689;2427;353994;183972;46.3;24.1
42;2021-06-06;1446;1295;355440;185267;46.5;24.2
42;2021-06-07;3991;3379;359431;188646;47.0;24.7
42;2021-06-08;3466;3248;362897;191894;47.5;25.1
42;2021-06-09;2964;3206;365861;195100;47.8;25.5
42;2021-06-10;3243;2938;369104;198038;48.3;25.9
42;2021-06-11;3589;4117;372693;202155;48.7;26.4
42;2021-06-12;2863;2880;375556;205035;49.1;26.8
42;2021-06-13;944;1277;376500;206312;49.2;27.0
42;2021-06-14;2313;4062;378813;210374;49.5;27.5
42;2021-06-15;2831;4071;381644;214445;49.9;28.0
42;2021-06-16;2923;3550;384567;217995;50.3;28.5
42;2021-06-17;2639;3737;387206;221732;50.6;29.0
42;2021-06-18;3093;5147;390299;226879;51.0;29.7
42;2021-06-19;2849;4245;393148;231124;51.4;30.2
42;2021-06-20;857;1845;394005;232969;51.5;30.5
42;2021-06-21;1908;6277;395913;239246;51.8;31.3
42;2021-06-22;1877;5893;397790;245139;52.0;32.1
42;2021-06-23;1845;5323;399635;250462;52.3;32.8
42;2021-06-24;1787;4685;401422;255147;52.5;33.4
42;2021-06-25;2039;6951;403461;262098;52.8;34.3
42;2021-06-26;1409;5822;404870;267920;52.9;35.0
42;2021-06-27;756;2857;405626;270777;53.0;35.4
42;2021-06-28;1744;7060;407370;277837;53.3;36.3
42;2021-06-29;1527;6566;408897;284403;53.5;37.2
42;2021-06-30;1968;5764;410865;290167;53.7;37.9
42;2021-07-01;1779;5121;412644;295288;54.0;38.6
42;2021-07-02;2049;6743;414693;302031;54.2;39.5
42;2021-07-03;1760;5979;416453;308010;54.5;40.3
42;2021-07-04;854;2513;417307;310523;54.6;40.6
42;2021-07-05;1716;6285;419023;316808;54.8;41.4
42;2021-07-06;2106;5577;421129;322385;55.1;42.2
42;2021-07-07;2337;4661;423466;327046;55.4;42.8
42;2021-07-08;2273;3958;425739;331004;55.7;43.3
42;2021-07-09;2415;6097;428154;337101;56.0;44.1
42;2021-07-10;1694;5582;429848;342683;56.2;44.8
42;2021-07-11;921;2304;430769;344987;56.3;45.1
42;2021-07-12;1777;6289;432546;351276;56.6;45.9
42;2021-07-13;3613;6290;436159;357566;57.0;46.8
42;2021-07-14;4479;2054;440638;359620;57.6;47.0
42;2021-07-15;4560;5628;445198;365248;58.2;47.8
42;2021-07-16;4445;6193;449643;371441;58.8;48.6
42;2021-07-17;3221;4706;452864;376147;59.2;49.2
42;2021-07-18;1839;1743;454703;377890;59.5;49.4
42;2021-07-19;3806;5079;458509;382969;60.0;50.1
42;2021-07-20;4719;4863;463228;387832;60.6;50.7
42;2021-07-21;5176;4717;468404;392549;61.3;51.3
42;2021-07-22;5499;3936;473903;396485;62.0;51.8
42;2021-07-23;5500;5114;479403;401599;62.7;52.5
42;2021-07-24;4036;3833;483439;405432;63.2;53.0
42;2021-07-25;1656;1387;485095;406819;63.4;53.2
42;2021-07-26;4733;4327;489828;411146;64.1;53.8
42;2021-07-27;5330;3964;495158;415110;64.7;54.3
42;2021-07-28;5784;3676;500942;418786;65.5;54.8
42;2021-07-29;5679;3430;506621;422216;66.2;55.2
42;2021-07-30;5138;3773;511759;425989;66.9;55.7
42;2021-07-31;4759;3055;516518;429044;67.5;56.1
42;2021-08-01;2499;1313;519017;430357;67.9;56.3
42;2021-08-02;4362;3113;523379;433470;68.4;56.7
42;2021-08-03;3818;3281;527197;436751;68.9;57.1
42;2021-08-04;3473;3221;530670;439972;69.4;57.5
42;2021-08-05;3403;3313;534073;443285;69.8;58.0
42;2021-08-06;3632;3995;537705;447280;70.3;58.5
42;2021-08-07;3022;3066;540727;450346;70.7;58.9
42;2021-08-08;1198;1714;541925;452060;70.9;59.1
42;2021-08-09;2808;3859;544733;455919;71.2;59.6
42;2021-08-10;3274;3905;548007;459824;71.7;60.1
42;2021-08-11;2591;3519;550598;463343;72.0;60.6
42;2021-08-12;2512;3566;553110;466909;72.3;61.1
42;2021-08-13;2327;3905;555437;470814;72.6;61.6
42;2021-08-14;1647;3266;557084;474080;72.8;62.0
42;2021-08-15;599;1025;557683;475105;72.9;62.1
42;2021-08-16;2068;4569;559751;479674;73.2;62.7
42;2021-08-17;2241;4172;561992;483846;73.5;63.3
42;2021-08-18;2044;4146;564036;487992;73.8;63.8
42;2021-08-19;1920;3369;565956;491361;74.0;64.3
42;2021-08-20;2263;4600;568219;495961;74.3;64.9
42;2021-08-21;1078;3861;569297;499822;74.4;65.4
42;2021-08-22;494;2020;569791;501842;74.5;65.6
42;2021-08-23;1618;4664;571409;506506;74.7;66.2
42;2021-08-24;1729;4038;573138;510544;74.9;66.8
42;2021-08-25;1738;3888;574876;514432;75.2;67.3
42;2021-08-26;1437;3041;576313;517473;75.4;67.7
42;2021-08-27;1772;4560;578085;522033;75.6;68.3
42;2021-08-28;1300;3705;579385;525738;75.8;68.7
42;2021-08-29;377;1427;579762;527165;75.8;68.9
42;2021-08-30;1276;3418;581038;530583;76.0;69.4
42;2021-08-31;1234;2842;582272;533425;76.1;69.8
42;2021-09-01;1242;2985;583514;536410;76.3;70.1
42;2021-09-02;1309;2913;584823;539323;76.5;70.5
42;2021-09-03;1559;3268;586382;542591;76.7;71.0
42;2021-09-04;1039;2985;587421;545576;76.8;71.3
42;2021-09-05;378;872;587799;546448;76.9;71.5
42;2021-09-06;757;2138;588556;548586;77.0;71.7
42;2021-09-07;813;1912;589369;550498;77.1;72.0
42;2021-09-08;903;2195;590272;552693;77.2;72.3
43;2020-12-27;0;0;0;0;0.0;0.0
43;2020-12-28;0;0;0;0;0.0;0.0
43;2020-12-29;0;0;0;0;0.0;0.0
43;2020-12-30;0;0;0;0;0.0;0.0
43;2020-12-31;0;0;0;0;0.0;0.0
43;2021-01-01;0;0;0;0;0.0;0.0
43;2021-01-02;0;0;0;0;0.0;0.0
43;2021-01-03;0;0;0;0;0.0;0.0
43;2021-01-04;2;0;2;0;0.0;0.0
43;2021-01-05;0;0;2;0;0.0;0.0
43;2021-01-06;0;0;2;0;0.0;0.0
43;2021-01-07;167;0;169;0;0.1;0.0
43;2021-01-08;151;1;320;1;0.1;0.0
43;2021-01-09;0;0;320;1;0.1;0.0
43;2021-01-10;0;0;320;1;0.1;0.0
43;2021-01-11;137;0;457;1;0.2;0.0
43;2021-01-12;244;0;701;1;0.3;0.0
43;2021-01-13;244;2;945;3;0.4;0.0
43;2021-01-14;294;2;1239;5;0.5;0.0
43;2021-01-15;303;2;1542;7;0.7;0.0
43;2021-01-16;32;0;1574;7;0.7;0.0
43;2021-01-17;0;0;1574;7;0.7;0.0
43;2021-01-18;761;5;2335;12;1.0;0.0
43;2021-01-19;776;7;3111;19;1.4;0.0
43;2021-01-20;519;2;3630;21;1.6;0.0
43;2021-01-21;446;2;4076;23;1.8;0.0
43;2021-01-22;465;6;4541;29;2.0;0.0
43;2021-01-23;1;0;4542;29;2.0;0.0
43;2021-01-24;2;0;4544;29;2.0;0.0
43;2021-01-25;539;0;5083;29;2.2;0.0
43;2021-01-26;615;5;5698;34;2.5;0.0
43;2021-01-27;740;0;6438;34;2.8;0.0
43;2021-01-28;747;30;7185;64;3.2;0.0
43;2021-01-29;721;83;7906;147;3.5;0.1
43;2021-01-30;109;0;8015;147;3.5;0.1
43;2021-01-31;0;0;8015;147;3.5;0.1
43;2021-02-01;404;99;8419;246;3.7;0.1
43;2021-02-02;716;145;9135;391;4.0;0.2
43;2021-02-03;690;41;9825;432;4.3;0.2
43;2021-02-04;524;157;10349;589;4.6;0.3
43;2021-02-05;544;169;10893;758;4.8;0.3
43;2021-02-06;165;16;11058;774;4.9;0.3
43;2021-02-07;0;0;11058;774;4.9;0.3
43;2021-02-08;411;290;11469;1064;5.1;0.5
43;2021-02-09;369;417;11838;1481;5.2;0.7
43;2021-02-10;400;350;12238;1831;5.4;0.8
43;2021-02-11;388;375;12626;2206;5.6;1.0
43;2021-02-12;425;198;13051;2404;5.8;1.1
43;2021-02-13;570;41;13621;2445;6.0;1.1
43;2021-02-14;0;0;13621;2445;6.0;1.1
43;2021-02-15;68;418;13689;2863;6.0;1.3
43;2021-02-16;41;333;13730;3196;6.1;1.4
43;2021-02-17;87;456;13817;3652;6.1;1.6
43;2021-02-18;147;347;13964;3999;6.2;1.8
43;2021-02-19;278;486;14242;4485;6.3;2.0
43;2021-02-20;22;4;14264;4489;6.3;2.0
43;2021-02-21;0;0;14264;4489;6.3;2.0
43;2021-02-22;16;460;14280;4949;6.3;2.2
43;2021-02-23;202;758;14482;5707;6.4;2.5
43;2021-02-24;147;707;14629;6414;6.4;2.8
43;2021-02-25;227;664;14856;7078;6.5;3.1
43;2021-02-26;222;618;15078;7696;6.6;3.4
43;2021-02-27;138;71;15216;7767;6.7;3.4
43;2021-02-28;1;0;15217;7767;6.7;3.4
43;2021-03-01;210;458;15427;8225;6.8;3.6
43;2021-03-02;342;557;15769;8782;6.9;3.9
43;2021-03-03;338;568;16107;9350;7.1;4.1
43;2021-03-04;551;450;16658;9800;7.3;4.3
43;2021-03-05;566;445;17224;10245;7.6;4.5
43;2021-03-06;489;176;17713;10421;7.8;4.6
43;2021-03-07;12;0;17725;10421;7.8;4.6
43;2021-03-08;446;434;18171;10855;8.0;4.8
43;2021-03-09;621;358;18792;11213;8.3;4.9
43;2021-03-10;674;500;19466;11713;8.6;5.2
43;2021-03-11;953;439;20419;12152;9.0;5.4
43;2021-03-12;945;426;21364;12578;9.4;5.5
43;2021-03-13;792;117;22156;12695;9.8;5.6
43;2021-03-14;2;0;22158;12695;9.8;5.6
43;2021-03-15;706;142;22864;12837;10.1;5.7
43;2021-03-16;848;286;23712;13123;10.5;5.8
43;2021-03-17;638;137;24350;13260;10.7;5.8
43;2021-03-18;676;138;25026;13398;11.0;5.9
43;2021-03-19;839;108;25865;13506;11.4;6.0
43;2021-03-20;450;60;26315;13566;11.6;6.0
43;2021-03-21;0;0;26315;13566;11.6;6.0
43;2021-03-22;744;39;27059;13605;11.9;6.0
43;2021-03-23;872;49;27931;13654;12.3;6.0
43;2021-03-24;1174;95;29105;13749;12.8;6.1
43;2021-03-25;1594;155;30699;13904;13.5;6.1
43;2021-03-26;1609;191;32308;14095;14.2;6.2
43;2021-03-27;1449;78;33757;14173;14.9;6.2
43;2021-03-28;420;20;34177;14193;15.1;6.3
43;2021-03-29;1096;171;35273;14364;15.5;6.3
43;2021-03-30;1313;240;36586;14604;16.1;6.4
43;2021-03-31;1305;264;37891;14868;16.7;6.6
43;2021-04-01;1347;341;39238;15209;17.3;6.7
43;2021-04-02;1052;355;40290;15564;17.8;6.9
43;2021-04-03;340;198;40630;15762;17.9;6.9
43;2021-04-04;0;0;40630;15762;17.9;6.9
43;2021-04-05;3;0;40633;15762;17.9;6.9
43;2021-04-06;688;607;41321;16369;18.2;7.2
43;2021-04-07;868;573;42189;16942;18.6;7.5
43;2021-04-08;1087;463;43276;17405;19.1;7.7
43;2021-04-09;1148;662;44424;18067;19.6;8.0
43;2021-04-10;626;264;45050;18331;19.9;8.1
43;2021-04-11;0;0;45050;18331;19.9;8.1
43;2021-04-12;682;651;45732;18982;20.2;8.4
43;2021-04-13;917;725;46649;19707;20.6;8.7
43;2021-04-14;725;669;47374;20376;20.9;9.0
43;2021-04-15;959;700;48333;21076;21.3;9.3
43;2021-04-16;1009;694;49342;21770;21.7;9.6
43;2021-04-17;423;302;49765;22072;21.9;9.7
43;2021-04-18;3;5;49768;22077;21.9;9.7
43;2021-04-19;629;568;50397;22645;22.2;10.0
43;2021-04-20;840;676;51237;23321;22.6;10.3
43;2021-04-21;320;986;51557;24307;22.7;10.7
43;2021-04-22;680;1016;52237;25323;23.0;11.2
43;2021-04-23;401;1102;52638;26425;23.2;11.6
43;2021-04-24;347;1039;52985;27464;23.4;12.1
43;2021-04-25;23;403;53008;27867;23.4;12.3
43;2021-04-26;385;964;53393;28831;23.5;12.7
43;2021-04-27;825;987;54218;29818;23.9;13.1
43;2021-04-28;794;1108;55012;30926;24.2;13.6
43;2021-04-29;1238;1139;56250;32065;24.8;14.1
43;2021-04-30;1199;1068;57449;33133;25.3;14.6
43;2021-05-01;400;27;57849;33160;25.5;14.6
43;2021-05-02;1;0;57850;33160;25.5;14.6
43;2021-05-03;1218;408;59068;33568;26.0;14.8
43;2021-05-04;1237;954;60305;34522;26.6;15.2
43;2021-05-05;1143;848;61448;35370;27.1;15.6
43;2021-05-06;1405;938;62853;36308;27.7;16.0
43;2021-05-07;1089;1172;63942;37480;28.2;16.5
43;2021-05-08;521;136;64463;37616;28.4;16.6
43;2021-05-09;0;2;64463;37618;28.4;16.6
43;2021-05-10;1084;724;65547;38342;28.9;16.9
43;2021-05-11;1554;1010;67101;39352;29.6;17.3
43;2021-05-12;1482;808;68583;40160;30.2;17.7
43;2021-05-13;936;379;69519;40539;30.6;17.9
43;2021-05-14;2204;1110;71723;41649;31.6;18.4
43;2021-05-15;1271;315;72994;41964;32.2;18.5
43;2021-05-16;272;47;73266;42011;32.3;18.5
43;2021-05-17;1625;631;74891;42642;33.0;18.8
43;2021-05-18;1966;676;76857;43318;33.9;19.1
43;2021-05-19;2065;576;78922;43894;34.8;19.3
43;2021-05-20;2338;805;81260;44699;35.8;19.7
43;2021-05-21;2385;709;83645;45408;36.9;20.0
43;2021-05-22;1209;341;84854;45749;37.4;20.2
43;2021-05-23;1;0;84855;45749;37.4;20.2
43;2021-05-24;382;99;85237;45848;37.6;20.2
43;2021-05-25;1408;654;86645;46502;38.2;20.5
43;2021-05-26;1349;560;87994;47062;38.8;20.7
43;2021-05-27;1390;714;89384;47776;39.4;21.1
43;2021-05-28;1348;733;90732;48509;40.0;21.4
43;2021-05-29;1135;604;91867;49113;40.5;21.6
43;2021-05-30;149;17;92016;49130;40.6;21.7
43;2021-05-31;1208;442;93224;49572;41.1;21.8
43;2021-06-01;1280;985;94504;50557;41.6;22.3
43;2021-06-02;1086;700;95590;51257;42.1;22.6
43;2021-06-03;1193;858;96783;52115;42.7;23.0
43;2021-06-04;1351;859;98134;52974;43.2;23.3
43;2021-06-05;824;452;98958;53426;43.6;23.5
43;2021-06-06;10;5;98968;53431;43.6;23.5
43;2021-06-07;748;518;99716;53949;43.9;23.8
43;2021-06-08;664;704;100380;54653;44.2;24.1
43;2021-06-09;539;761;100919;55414;44.5;24.4
43;2021-06-10;808;1120;101727;56534;44.8;24.9
43;2021-06-11;760;1348;102487;57882;45.2;25.5
43;2021-06-12;914;514;103401;58396;45.6;25.7
43;2021-06-13;3;27;103404;58423;45.6;25.7
43;2021-06-14;446;1088;103850;59511;45.8;26.2
43;2021-06-15;630;1195;104480;60706;46.0;26.8
43;2021-06-16;549;974;105029;61680;46.3;27.2
43;2021-06-17;602;1502;105631;63182;46.6;27.8
43;2021-06-18;899;1464;106530;64646;46.9;28.5
43;2021-06-19;447;782;106977;65428;47.1;28.8
43;2021-06-20;0;12;106977;65440;47.1;28.8
43;2021-06-21;424;1307;107401;66747;47.3;29.4
43;2021-06-22;533;1959;107934;68706;47.6;30.3
43;2021-06-23;343;1743;108277;70449;47.7;31.0
43;2021-06-24;512;1494;108789;71943;47.9;31.7
43;2021-06-25;597;2345;109386;74288;48.2;32.7
43;2021-06-26;505;1245;109891;75533;48.4;33.3
43;2021-06-27;10;20;109901;75553;48.4;33.3
43;2021-06-28;341;1785;110242;77338;48.6;34.1
43;2021-06-29;524;2381;110766;79719;48.8;35.1
43;2021-06-30;460;2275;111226;81994;49.0;36.1
43;2021-07-01;475;1910;111701;83904;49.2;37.0
43;2021-07-02;500;1964;112201;85868;49.4;37.8
43;2021-07-03;258;1108;112459;86976;49.6;38.3
43;2021-07-04;1;0;112460;86976;49.6;38.3
43;2021-07-05;526;1202;112986;88178;49.8;38.9
43;2021-07-06;633;1680;113619;89858;50.1;39.6
43;2021-07-07;525;1423;114144;91281;50.3;40.2
43;2021-07-08;837;1418;114981;92699;50.7;40.9
43;2021-07-09;550;1500;115531;94199;50.9;41.5
43;2021-07-10;401;1337;115932;95536;51.1;42.1
43;2021-07-11;23;99;115955;95635;51.1;42.1
43;2021-07-12;603;1685;116558;97320;51.4;42.9
43;2021-07-13;1186;1849;117744;99169;51.9;43.7
43;2021-07-14;848;159;118592;99328;52.3;43.8
43;2021-07-15;1932;1841;120524;101169;53.1;44.6
43;2021-07-16;1752;1617;122276;102786;53.9;45.3
43;2021-07-17;1545;1201;123821;103987;54.6;45.8
43;2021-07-18;4;19;123825;104006;54.6;45.8
43;2021-07-19;1441;1257;125266;105263;55.2;46.4
43;2021-07-20;1897;1451;127163;106714;56.0;47.0
43;2021-07-21;1852;1111;129015;107825;56.9;47.5
43;2021-07-22;2109;1334;131124;109159;57.8;48.1
43;2021-07-23;1618;1325;132742;110484;58.5;48.7
43;2021-07-24;577;1000;133319;111484;58.8;49.1
43;2021-07-25;0;1;133319;111485;58.8;49.1
43;2021-07-26;1642;1072;134961;112557;59.5;49.6
43;2021-07-27;2283;1225;137244;113782;60.5;50.1
43;2021-07-28;1953;1093;139197;114875;61.3;50.6
43;2021-07-29;1987;1017;141184;115892;62.2;51.1
43;2021-07-30;1870;1336;143054;117228;63.0;51.7
43;2021-07-31;706;609;143760;117837;63.4;51.9
43;2021-08-01;13;21;143773;117858;63.4;51.9
43;2021-08-02;1540;969;145313;118827;64.0;52.4
43;2021-08-03;1405;1166;146718;119993;64.7;52.9
43;2021-08-04;1261;1108;147979;121101;65.2;53.4
43;2021-08-05;1255;1283;149234;122384;65.8;53.9
43;2021-08-06;1129;1466;150363;123850;66.3;54.6
43;2021-08-07;670;755;151033;124605;66.6;54.9
43;2021-08-08;5;0;151038;124605;66.6;54.9
43;2021-08-09;820;1636;151858;126241;66.9;55.6
43;2021-08-10;1024;1584;152882;127825;67.4;56.3
43;2021-08-11;681;1344;153563;129169;67.7;56.9
43;2021-08-12;875;1604;154438;130773;68.1;57.6
43;2021-08-13;675;1178;155113;131951;68.4;58.2
43;2021-08-14;351;552;155464;132503;68.5;58.4
43;2021-08-15;3;9;155467;132512;68.5;58.4
43;2021-08-16;684;1675;156151;134187;68.8;59.1
43;2021-08-17;711;1510;156862;135697;69.1;59.8
43;2021-08-18;560;1512;157422;137209;69.4;60.5
43;2021-08-19;642;1611;158064;138820;69.7;61.2
43;2021-08-20;516;1595;158580;140415;69.9;61.9
43;2021-08-21;238;556;158818;140971;70.0;62.1
43;2021-08-22;7;7;158825;140978;70.0;62.1
43;2021-08-23;499;1587;159324;142565;70.2;62.8
43;2021-08-24;513;1394;159837;143959;70.4;63.4
43;2021-08-25;511;1298;160348;145257;70.7;64.0
43;2021-08-26;473;1138;160821;146395;70.9;64.5
43;2021-08-27;528;1358;161349;147753;71.1;65.1
43;2021-08-28;176;499;161525;148252;71.2;65.3
43;2021-08-29;0;1;161525;148253;71.2;65.3
43;2021-08-30;484;1060;162009;149313;71.4;65.8
43;2021-08-31;381;888;162390;150201;71.6;66.2
43;2021-09-01;305;960;162695;151161;71.7;66.6
43;2021-09-02;308;965;163003;152126;71.8;67.0
43;2021-09-03;502;1017;163505;153143;72.1;67.5
43;2021-09-04;317;569;163822;153712;72.2;67.7
43;2021-09-05;39;23;163861;153735;72.2;67.8
43;2021-09-06;247;760;164108;154495;72.3;68.1
43;2021-09-07;234;710;164342;155205;72.4;68.4
43;2021-09-08;208;806;164550;156011;72.5;68.8
44;2020-12-27;1;0;1;0;0.0;0.0
44;2020-12-28;1;0;2;0;0.0;0.0
44;2020-12-29;1;0;3;0;0.0;0.0
44;2020-12-30;1;0;4;0;0.0;0.0
44;2020-12-31;1;0;5;0;0.0;0.0
44;2021-01-01;1;0;6;0;0.0;0.0
44;2021-01-02;0;0;6;0;0.0;0.0
44;2021-01-03;3;0;9;0;0.0;0.0
44;2021-01-04;0;0;9;0;0.0;0.0
44;2021-01-05;1;0;10;0;0.0;0.0
44;2021-01-06;20;1;30;1;0.0;0.0
44;2021-01-07;187;0;217;1;0.0;0.0
44;2021-01-08;528;0;745;1;0.1;0.0
44;2021-01-09;473;0;1218;1;0.1;0.0
44;2021-01-10;455;1;1673;2;0.1;0.0
44;2021-01-11;801;1;2474;3;0.2;0.0
44;2021-01-12;906;1;3380;4;0.2;0.0
44;2021-01-13;1086;1;4466;5;0.3;0.0
44;2021-01-14;1115;6;5581;11;0.4;0.0
44;2021-01-15;988;1;6569;12;0.5;0.0
44;2021-01-16;336;2;6905;14;0.5;0.0
44;2021-01-17;328;1;7233;15;0.5;0.0
44;2021-01-18;856;3;8089;18;0.6;0.0
44;2021-01-19;2622;5;10711;23;0.7;0.0
44;2021-01-20;2741;3;13452;26;0.9;0.0
44;2021-01-21;4533;8;17985;34;1.3;0.0
44;2021-01-22;2416;7;20401;41;1.4;0.0
44;2021-01-23;767;1;21168;42;1.5;0.0
44;2021-01-24;119;0;21287;42;1.5;0.0
44;2021-01-25;833;0;22120;42;1.5;0.0
44;2021-01-26;2563;16;24683;58;1.7;0.0
44;2021-01-27;2097;57;26780;115;1.9;0.0
44;2021-01-28;3733;189;30513;304;2.1;0.0
44;2021-01-29;2370;456;32883;760;2.3;0.1
44;2021-01-30;627;200;33510;960;2.3;0.1
44;2021-01-31;14;182;33524;1142;2.3;0.1
44;2021-02-01;593;515;34117;1657;2.4;0.1
44;2021-02-02;879;715;34996;2372;2.4;0.2
44;2021-02-03;890;836;35886;3208;2.5;0.2
44;2021-02-04;938;685;36824;3893;2.6;0.3
44;2021-02-05;896;591;37720;4484;2.6;0.3
44;2021-02-06;470;242;38190;4726;2.7;0.3
44;2021-02-07;72;187;38262;4913;2.7;0.3
44;2021-02-08;521;412;38783;5325;2.7;0.4
44;2021-02-09;992;1193;39775;6518;2.8;0.5
44;2021-02-10;1141;1251;40916;7769;2.8;0.5
44;2021-02-11;2289;3007;43205;10776;3.0;0.7
44;2021-02-12;1663;1693;44868;12469;3.1;0.9
44;2021-02-13;433;443;45301;12912;3.2;0.9
44;2021-02-14;10;164;45311;13076;3.2;0.9
44;2021-02-15;505;931;45816;14007;3.2;1.0
44;2021-02-16;1440;2360;47256;16367;3.3;1.1
44;2021-02-17;1104;1970;48360;18337;3.4;1.3
44;2021-02-18;1959;3534;50319;21871;3.5;1.5
44;2021-02-19;1579;2402;51898;24273;3.6;1.7
44;2021-02-20;409;541;52307;24814;3.6;1.7
44;2021-02-21;6;175;52313;24989;3.6;1.7
44;2021-02-22;717;732;53030;25721;3.7;1.8
44;2021-02-23;1246;971;54276;26692;3.8;1.9
44;2021-02-24;1238;965;55514;27657;3.9;1.9
44;2021-02-25;2444;913;57958;28570;4.0;2.0
44;2021-02-26;2292;840;60250;29410;4.2;2.0
44;2021-02-27;976;380;61226;29790;4.3;2.1
44;2021-02-28;7;32;61233;29822;4.3;2.1
44;2021-03-01;989;499;62222;30321;4.3;2.1
44;2021-03-02;1807;957;64029;31278;4.5;2.2
44;2021-03-03;1861;1052;65890;32330;4.6;2.2
44;2021-03-04;2881;1510;68771;33840;4.8;2.4
44;2021-03-05;3482;1280;72253;35120;5.0;2.4
44;2021-03-06;2508;455;74761;35575;5.2;2.5
44;2021-03-07;988;89;75749;35664;5.3;2.5
44;2021-03-08;1785;585;77534;36249;5.4;2.5
44;2021-03-09;3353;1117;80887;37366;5.6;2.6
44;2021-03-10;3079;1092;83966;38458;5.8;2.7
44;2021-03-11;4439;1769;88405;40227;6.2;2.8
44;2021-03-12;5893;1308;94298;41535;6.6;2.9
44;2021-03-13;3632;293;97930;41828;6.8;2.9
44;2021-03-14;431;62;98361;41890;6.8;2.9
44;2021-03-15;2688;367;101049;42257;7.0;2.9
44;2021-03-16;2149;624;103198;42881;7.2;3.0
44;2021-03-17;1966;665;105164;43546;7.3;3.0
44;2021-03-18;2169;641;107333;44187;7.5;3.1
44;2021-03-19;3787;366;111120;44553;7.7;3.1
44;2021-03-20;3212;297;114332;44850;8.0;3.1
44;2021-03-21;914;19;115246;44869;8.0;3.1
44;2021-03-22;2462;441;117708;45310;8.2;3.2
44;2021-03-23;3960;704;121668;46014;8.5;3.2
44;2021-03-24;4303;630;125971;46644;8.8;3.2
44;2021-03-25;5625;928;131596;47572;9.2;3.3
44;2021-03-26;6508;755;138104;48327;9.6;3.4
44;2021-03-27;3216;428;141320;48755;9.8;3.4
44;2021-03-28;1244;40;142564;48795;9.9;3.4
44;2021-03-29;3122;786;145686;49581;10.1;3.4
44;2021-03-30;5138;1109;150824;50690;10.5;3.5
44;2021-03-31;4613;1305;155437;51995;10.8;3.6
44;2021-04-01;6139;1007;161576;53002;11.2;3.7
44;2021-04-02;5796;951;167372;53953;11.6;3.8
44;2021-04-03;2435;649;169807;54602;11.8;3.8
44;2021-04-04;665;21;170472;54623;11.9;3.8
44;2021-04-05;692;287;171164;54910;11.9;3.8
44;2021-04-06;4212;1374;175376;56284;12.2;3.9
44;2021-04-07;5077;1652;180453;57936;12.6;4.0
44;2021-04-08;7180;1666;187633;59602;13.1;4.1
44;2021-04-09;10066;1817;197699;61419;13.8;4.3
44;2021-04-10;4563;1455;202262;62874;14.1;4.4
44;2021-04-11;2149;429;204411;63303;14.2;4.4
44;2021-04-12;5466;1587;209877;64890;14.6;4.5
44;2021-04-13;6729;2257;216606;67147;15.1;4.7
44;2021-04-14;5911;2234;222517;69381;15.5;4.8
44;2021-04-15;6702;2205;229219;71586;15.9;5.0
44;2021-04-16;7784;2046;237003;73632;16.5;5.1
44;2021-04-17;4301;1381;241304;75013;16.8;5.2
44;2021-04-18;2254;819;243558;75832;16.9;5.3
44;2021-04-19;5046;1905;248604;77737;17.3;5.4
44;2021-04-20;6282;2645;254886;80382;17.7;5.6
44;2021-04-21;6007;2786;260893;83168;18.2;5.8
44;2021-04-22;6961;2509;267854;85677;18.6;6.0
44;2021-04-23;7336;3179;275190;88856;19.1;6.2
44;2021-04-24;3971;2047;279161;90903;19.4;6.3
44;2021-04-25;2076;1056;281237;91959;19.6;6.4
44;2021-04-26;5653;2755;286890;94714;20.0;6.6
44;2021-04-27;7420;4084;294310;98798;20.5;6.9
44;2021-04-28;7608;3781;301918;102579;21.0;7.1
44;2021-04-29;8966;4274;310884;106853;21.6;7.4
44;2021-04-30;9568;4695;320452;111548;22.3;7.8
44;2021-05-01;2849;923;323301;112471;22.5;7.8
44;2021-05-02;1901;619;325202;113090;22.6;7.9
44;2021-05-03;5548;4073;330750;117163;23.0;8.2
44;2021-05-04;6330;5122;337080;122285;23.5;8.5
44;2021-05-05;6073;4614;343153;126899;23.9;8.8
44;2021-05-06;7256;4878;350409;131777;24.4;9.2
44;2021-05-07;7452;5701;357861;137478;24.9;9.6
44;2021-05-08;2583;1265;360444;138743;25.1;9.7
44;2021-05-09;1801;1813;362245;140556;25.2;9.8
44;2021-05-10;6574;5769;368819;146325;25.7;10.2
44;2021-05-11;7788;6264;376607;152589;26.2;10.6
44;2021-05-12;8196;5716;384803;158305;26.8;11.0
44;2021-05-13;5305;1191;390108;159496;27.1;11.1
44;2021-05-14;7587;3973;397695;163469;27.7;11.4
44;2021-05-15;5008;2234;402703;165703;28.0;11.5
44;2021-05-16;2795;741;405498;166444;28.2;11.6
44;2021-05-17;6744;5147;412242;171591;28.7;11.9
44;2021-05-18;7966;5223;420208;176814;29.2;12.3
44;2021-05-19;8168;4281;428376;181095;29.8;12.6
44;2021-05-20;8366;4648;436742;185743;30.4;12.9
44;2021-05-21;8840;5203;445582;190946;31.0;13.3
44;2021-05-22;5099;2231;450681;193177;31.4;13.4
44;2021-05-23;1759;824;452440;194001;31.5;13.5
44;2021-05-24;4887;1616;457327;195617;31.8;13.6
44;2021-05-25;7741;5550;465068;201167;32.4;14.0
44;2021-05-26;8182;5044;473250;206211;32.9;14.3
44;2021-05-27;9660;5353;482910;211564;33.6;14.7
44;2021-05-28;9187;6903;492097;218467;34.2;15.2
44;2021-05-29;5886;3321;497983;221788;34.7;15.4
44;2021-05-30;1775;705;499758;222493;34.8;15.5
44;2021-05-31;8063;6181;507821;228674;35.3;15.9
44;2021-06-01;9907;6555;517728;235229;36.0;16.4
44;2021-06-02;9527;5690;527255;240919;36.7;16.8
44;2021-06-03;10864;5885;538119;246804;37.4;17.2
44;2021-06-04;9961;8071;548080;254875;38.1;17.7
44;2021-06-05;5781;4339;553861;259214;38.5;18.0
44;2021-06-06;2363;1130;556224;260344;38.7;18.1
44;2021-06-07;9554;6936;565778;267280;39.4;18.6
44;2021-06-08;10913;7505;576691;274785;40.1;19.1
44;2021-06-09;10558;6318;587249;281103;40.9;19.6
44;2021-06-10;11428;6040;598677;287143;41.7;20.0
44;2021-06-11;11959;8643;610636;295786;42.5;20.6
44;2021-06-12;7767;4092;618403;299878;43.0;20.9
44;2021-06-13;2793;1006;621196;300884;43.2;20.9
44;2021-06-14;8768;8414;629964;309298;43.8;21.5
44;2021-06-15;11709;8259;641673;317557;44.6;22.1
44;2021-06-16;10978;7656;652651;325213;45.4;22.6
44;2021-06-17;11732;8687;664383;333900;46.2;23.2
44;2021-06-18;10902;10115;675285;344015;47.0;23.9
44;2021-06-19;5884;4323;681169;348338;47.4;24.2
44;2021-06-20;2535;1340;683704;349678;47.6;24.3
44;2021-06-21;7353;10016;691057;359694;48.1;25.0
44;2021-06-22;8469;10629;699526;370323;48.7;25.8
44;2021-06-23;8554;9141;708080;379464;49.3;26.4
44;2021-06-24;9125;8569;717205;388033;49.9;27.0
44;2021-06-25;7648;10820;724853;398853;50.4;27.8
44;2021-06-26;2960;6471;727813;405324;50.6;28.2
44;2021-06-27;817;2406;728630;407730;50.7;28.4
44;2021-06-28;5229;10058;733859;417788;51.1;29.1
44;2021-06-29;6181;12084;740040;429872;51.5;29.9
44;2021-06-30;6184;10448;746224;440320;51.9;30.6
44;2021-07-01;6933;10486;753157;450806;52.4;31.4
44;2021-07-02;6695;12557;759852;463363;52.9;32.2
44;2021-07-03;2583;7001;762435;470364;53.1;32.7
44;2021-07-04;995;2236;763430;472600;53.1;32.9
44;2021-07-05;5321;11871;768751;484471;53.5;33.7
44;2021-07-06;6060;12601;774811;497072;53.9;34.6
44;2021-07-07;6499;11097;781310;508169;54.4;35.4
44;2021-07-08;7394;11959;788704;520128;54.9;36.2
44;2021-07-09;6262;14255;794966;534383;55.3;37.2
44;2021-07-10;2447;7008;797413;541391;55.5;37.7
44;2021-07-11;731;2262;798144;543653;55.5;37.8
44;2021-07-12;4400;14055;802544;557708;55.8;38.8
44;2021-07-13;5759;14850;808303;572558;56.2;39.8
44;2021-07-14;3672;5809;811975;578367;56.5;40.2
44;2021-07-15;7227;14288;819202;592655;57.0;41.2
44;2021-07-16;8236;14996;827438;607651;57.6;42.3
44;2021-07-17;3372;7576;830810;615227;57.8;42.8
44;2021-07-18;1434;2548;832244;617775;57.9;43.0
44;2021-07-19;4866;14696;837110;632471;58.2;44.0
44;2021-07-20;6036;15674;843146;648145;58.7;45.1
44;2021-07-21;5847;13987;848993;662132;59.1;46.1
44;2021-07-22;6723;13746;855716;675878;59.5;47.0
44;2021-07-23;6159;15630;861875;691508;60.0;48.1
44;2021-07-24;2848;8717;864723;700225;60.2;48.7
44;2021-07-25;945;3089;865668;703314;60.2;48.9
44;2021-07-26;6079;12687;871747;716001;60.7;49.8
44;2021-07-27;9707;12185;881454;728186;61.3;50.7
44;2021-07-28;9248;10846;890702;739032;62.0;51.4
44;2021-07-29;10282;10840;900984;749872;62.7;52.2
44;2021-07-30;9169;10928;910153;760800;63.3;52.9
44;2021-07-31;4783;5646;914936;766446;63.7;53.3
44;2021-08-01;2572;1409;917508;767855;63.8;53.4
44;2021-08-02;6566;9479;924074;777334;64.3;54.1
44;2021-08-03;8428;8538;932502;785872;64.9;54.7
44;2021-08-04;9089;6984;941591;792856;65.5;55.2
44;2021-08-05;11537;7521;953128;800377;66.3;55.7
44;2021-08-06;9655;8200;962783;808577;67.0;56.3
44;2021-08-07;4564;3702;967347;812279;67.3;56.5
44;2021-08-08;2538;1728;969885;814007;67.5;56.6
44;2021-08-09;8876;7976;978761;821983;68.1;57.2
44;2021-08-10;10244;7618;989005;829601;68.8;57.7
44;2021-08-11;10383;6784;999388;836385;69.5;58.2
44;2021-08-12;10345;7345;1009733;843730;70.3;58.7
44;2021-08-13;8400;6156;1018133;849886;70.8;59.1
44;2021-08-14;3218;3223;1021351;853109;71.1;59.4
44;2021-08-15;714;930;1022065;854039;71.1;59.4
44;2021-08-16;5845;8302;1027910;862341;71.5;60.0
44;2021-08-17;5593;8178;1033503;870519;71.9;60.6
44;2021-08-18;4813;7614;1038316;878133;72.2;61.1
44;2021-08-19;4937;8347;1043253;886480;72.6;61.7
44;2021-08-20;4475;8922;1047728;895402;72.9;62.3
44;2021-08-21;1943;4614;1049671;900016;73.0;62.6
44;2021-08-22;697;2440;1050368;902456;73.1;62.8
44;2021-08-23;3643;9427;1054011;911883;73.3;63.5
44;2021-08-24;3619;8699;1057630;920582;73.6;64.1
44;2021-08-25;3130;8584;1060760;929166;73.8;64.7
44;2021-08-26;2930;10338;1063690;939504;74.0;65.4
44;2021-08-27;3062;10455;1066752;949959;74.2;66.1
44;2021-08-28;1366;5853;1068118;955812;74.3;66.5
44;2021-08-29;561;2706;1068679;958518;74.4;66.7
44;2021-08-30;2653;10965;1071332;969483;74.5;67.5
44;2021-08-31;2805;11221;1074137;980704;74.7;68.2
44;2021-09-01;2664;9928;1076801;990632;74.9;68.9
44;2021-09-02;2248;8745;1079049;999377;75.1;69.5
44;2021-09-03;2118;10200;1081167;1009577;75.2;70.2
44;2021-09-04;1446;6020;1082613;1015597;75.3;70.7
44;2021-09-05;436;1435;1083049;1017032;75.4;70.8
44;2021-09-06;1615;6615;1084664;1023647;75.5;71.2
44;2021-09-07;1467;5772;1086131;1029419;75.6;71.6
44;2021-09-08;1868;6508;1087999;1035927;75.7;72.1
45;2020-12-27;0;0;0;0;0.0;0.0
45;2020-12-28;1;0;1;0;0.0;0.0
45;2020-12-29;0;0;1;0;0.0;0.0
45;2020-12-30;0;0;1;0;0.0;0.0
45;2020-12-31;1;0;2;0;0.0;0.0
45;2021-01-01;0;0;2;0;0.0;0.0
45;2021-01-02;0;0;2;0;0.0;0.0
45;2021-01-03;0;0;2;0;0.0;0.0
45;2021-01-04;0;0;2;0;0.0;0.0
45;2021-01-05;76;0;78;0;0.0;0.0
45;2021-01-06;68;0;146;0;0.0;0.0
45;2021-01-07;207;0;353;0;0.1;0.0
45;2021-01-08;199;1;552;1;0.1;0.0
45;2021-01-09;42;0;594;1;0.1;0.0
45;2021-01-10;23;0;617;1;0.1;0.0
45;2021-01-11;254;0;871;1;0.1;0.0
45;2021-01-12;680;3;1551;4;0.2;0.0
45;2021-01-13;496;1;2047;5;0.3;0.0
45;2021-01-14;491;39;2538;44;0.4;0.0
45;2021-01-15;391;3;2929;47;0.4;0.0
45;2021-01-16;39;0;2968;47;0.4;0.0
45;2021-01-17;24;0;2992;47;0.4;0.0
45;2021-01-18;815;1;3807;48;0.6;0.0
45;2021-01-19;1197;5;5004;53;0.7;0.0
45;2021-01-20;2118;12;7122;65;1.0;0.0
45;2021-01-21;2523;6;9645;71;1.4;0.0
45;2021-01-22;1409;4;11054;75;1.6;0.0
45;2021-01-23;124;0;11178;75;1.6;0.0
45;2021-01-24;39;0;11217;75;1.6;0.0
45;2021-01-25;557;3;11774;78;1.7;0.0
45;2021-01-26;870;18;12644;96;1.9;0.0
45;2021-01-27;650;42;13294;138;1.9;0.0
45;2021-01-28;881;203;14175;341;2.1;0.0
45;2021-01-29;578;113;14753;454;2.2;0.1
45;2021-01-30;40;40;14793;494;2.2;0.1
45;2021-01-31;37;22;14830;516;2.2;0.1
45;2021-02-01;462;199;15292;715;2.2;0.1
45;2021-02-02;759;446;16051;1161;2.4;0.2
45;2021-02-03;773;458;16824;1619;2.5;0.2
45;2021-02-04;709;263;17533;1882;2.6;0.3
45;2021-02-05;418;149;17951;2031;2.6;0.3
45;2021-02-06;36;28;17987;2059;2.6;0.3
45;2021-02-07;7;29;17994;2088;2.6;0.3
45;2021-02-08;455;190;18449;2278;2.7;0.3
45;2021-02-09;1006;401;19455;2679;2.8;0.4
45;2021-02-10;1280;793;20735;3472;3.0;0.5
45;2021-02-11;1385;1514;22120;4986;3.2;0.7
45;2021-02-12;1052;1102;23172;6088;3.4;0.9
45;2021-02-13;85;153;23257;6241;3.4;0.9
45;2021-02-14;39;11;23296;6252;3.4;0.9
45;2021-02-15;523;499;23819;6751;3.5;1.0
45;2021-02-16;757;808;24576;7559;3.6;1.1
45;2021-02-17;642;885;25218;8444;3.7;1.2
45;2021-02-18;841;701;26059;9145;3.8;1.3
45;2021-02-19;827;688;26886;9833;3.9;1.4
45;2021-02-20;59;89;26945;9922;3.9;1.5
45;2021-02-21;17;39;26962;9961;3.9;1.5
45;2021-02-22;409;534;27371;10495;4.0;1.5
45;2021-02-23;816;631;28187;11126;4.1;1.6
45;2021-02-24;651;763;28838;11889;4.2;1.7
45;2021-02-25;962;651;29800;12540;4.4;1.8
45;2021-02-26;1044;578;30844;13118;4.5;1.9
45;2021-02-27;290;45;31134;13163;4.6;1.9
45;2021-02-28;28;5;31162;13168;4.6;1.9
45;2021-03-01;534;275;31696;13443;4.6;2.0
45;2021-03-02;671;626;32367;14069;4.7;2.1
45;2021-03-03;982;812;33349;14881;4.9;2.2
45;2021-03-04;1108;948;34457;15829;5.0;2.3
45;2021-03-05;1445;816;35902;16645;5.3;2.4
45;2021-03-06;2021;133;37923;16778;5.6;2.5
45;2021-03-07;143;54;38066;16832;5.6;2.5
45;2021-03-08;753;816;38819;17648;5.7;2.6
45;2021-03-09;1256;672;40075;18320;5.9;2.7
45;2021-03-10;1592;872;41667;19192;6.1;2.8
45;2021-03-11;1721;734;43388;19926;6.4;2.9
45;2021-03-12;2073;600;45461;20526;6.7;3.0
45;2021-03-13;988;47;46449;20573;6.8;3.0
45;2021-03-14;24;43;46473;20616;6.8;3.0
45;2021-03-15;810;586;47283;21202;6.9;3.1
45;2021-03-16;942;821;48225;22023;7.1;3.2
45;2021-03-17;1053;680;49278;22703;7.2;3.3
45;2021-03-18;998;581;50276;23284;7.4;3.4
45;2021-03-19;1619;427;51895;23711;7.6;3.5
45;2021-03-20;498;80;52393;23791;7.7;3.5
45;2021-03-21;20;35;52413;23826;7.7;3.5
45;2021-03-22;914;522;53327;24348;7.8;3.6
45;2021-03-23;1985;714;55312;25062;8.1;3.7
45;2021-03-24;1897;548;57209;25610;8.4;3.8
45;2021-03-25;2983;454;60192;26064;8.8;3.8
45;2021-03-26;3390;486;63582;26550;9.3;3.9
45;2021-03-27;1796;126;65378;26676;9.6;3.9
45;2021-03-28;89;40;65467;26716;9.6;3.9
45;2021-03-29;1531;539;66998;27255;9.8;4.0
45;2021-03-30;2785;778;69783;28033;10.2;4.1
45;2021-03-31;2134;579;71917;28612;10.5;4.2
45;2021-04-01;2973;564;74890;29176;11.0;4.3
45;2021-04-02;2827;511;77717;29687;11.4;4.3
45;2021-04-03;810;72;78527;29759;11.5;4.4
45;2021-04-04;113;33;78640;29792;11.5;4.4
45;2021-04-05;14;2;78654;29794;11.5;4.4
45;2021-04-06;1735;792;80389;30586;11.8;4.5
45;2021-04-07;1775;1113;82164;31699;12.0;4.6
45;2021-04-08;2772;1021;84936;32720;12.4;4.8
45;2021-04-09;3675;647;88611;33367;13.0;4.9
45;2021-04-10;2323;115;90934;33482;13.3;4.9
45;2021-04-11;153;24;91087;33506;13.3;4.9
45;2021-04-12;2608;668;93695;34174;13.7;5.0
45;2021-04-13;3849;1093;97544;35267;14.3;5.2
45;2021-04-14;2930;1222;100474;36489;14.7;5.3
45;2021-04-15;3519;1035;103993;37524;15.2;5.5
45;2021-04-16;3775;686;107768;38210;15.8;5.6
45;2021-04-17;1614;113;109382;38323;16.0;5.6
45;2021-04-18;200;42;109582;38365;16.0;5.6
45;2021-04-19;1938;947;111520;39312;16.3;5.8
45;2021-04-20;3075;1695;114595;41007;16.8;6.0
45;2021-04-21;2723;1304;117318;42311;17.2;6.2
45;2021-04-22;3422;1843;120740;44154;17.7;6.5
45;2021-04-23;3279;1785;124019;45939;18.2;6.7
45;2021-04-24;2023;869;126042;46808;18.5;6.9
45;2021-04-25;291;86;126333;46894;18.5;6.9
45;2021-04-26;2230;1162;128563;48056;18.8;7.0
45;2021-04-27;3353;2352;131916;50408;19.3;7.4
45;2021-04-28;2803;1943;134719;52351;19.7;7.7
45;2021-04-29;3854;2330;138573;54681;20.3;8.0
45;2021-04-30;4391;1801;142964;56482;20.9;8.3
45;2021-05-01;451;61;143415;56543;21.0;8.3
45;2021-05-02;627;122;144042;56665;21.1;8.3
45;2021-05-03;2821;991;146863;57656;21.5;8.4
45;2021-05-04;3160;2349;150023;60005;22.0;8.8
45;2021-05-05;2716;2162;152739;62167;22.4;9.1
45;2021-05-06;3330;2540;156069;64707;22.9;9.5
45;2021-05-07;2873;3185;158942;67892;23.3;9.9
45;2021-05-08;612;250;159554;68142;23.4;10.0
45;2021-05-09;1498;128;161052;68270;23.6;10.0
45;2021-05-10;4142;2973;165194;71243;24.2;10.4
45;2021-05-11;5030;2967;170224;74210;24.9;10.9
45;2021-05-12;6078;2778;176302;76988;25.8;11.3
45;2021-05-13;2450;598;178752;77586;26.2;11.4
45;2021-05-14;4968;1631;183720;79217;26.9;11.6
45;2021-05-15;4066;617;187786;79834;27.5;11.7
45;2021-05-16;289;33;188075;79867;27.5;11.7
45;2021-05-17;3360;1534;191435;81401;28.0;11.9
45;2021-05-18;5117;1681;196552;83082;28.8;12.2
45;2021-05-19;4495;2063;201047;85145;29.4;12.5
45;2021-05-20;5268;2139;206315;87284;30.2;12.8
45;2021-05-21;5143;2225;211458;89509;31.0;13.1
45;2021-05-22;3042;632;214500;90141;31.4;13.2
45;2021-05-23;15;94;214515;90235;31.4;13.2
45;2021-05-24;2827;214;217342;90449;31.8;13.2
45;2021-05-25;4962;3029;222304;93478;32.6;13.7
45;2021-05-26;5112;2338;227416;95816;33.3;14.0
45;2021-05-27;5310;3235;232726;99051;34.1;14.5
45;2021-05-28;5663;3594;238389;102645;34.9;15.0
45;2021-05-29;3671;1289;242060;103934;35.4;15.2
45;2021-05-30;33;182;242093;104116;35.5;15.2
45;2021-05-31;4330;2517;246423;106633;36.1;15.6
45;2021-06-01;6091;3001;252514;109634;37.0;16.1
45;2021-06-02;4945;3107;257459;112741;37.7;16.5
45;2021-06-03;5621;3202;263080;115943;38.5;17.0
45;2021-06-04;5896;3184;268976;119127;39.4;17.4
45;2021-06-05;2034;1335;271010;120462;39.7;17.6
45;2021-06-06;88;198;271098;120660;39.7;17.7
45;2021-06-07;4080;2722;275178;123382;40.3;18.1
45;2021-06-08;4643;4075;279821;127457;41.0;18.7
45;2021-06-09;4358;3343;284179;130800;41.6;19.2
45;2021-06-10;4649;2686;288828;133486;42.3;19.5
45;2021-06-11;4120;3668;292948;137154;42.9;20.1
45;2021-06-12;2440;1506;295388;138660;43.3;20.3
45;2021-06-13;21;424;295409;139084;43.3;20.4
45;2021-06-14;3140;4155;298549;143239;43.7;21.0
45;2021-06-15;3389;4326;301938;147565;44.2;21.6
45;2021-06-16;3904;3453;305842;151018;44.8;22.1
45;2021-06-17;3526;3537;309368;154555;45.3;22.6
45;2021-06-18;3800;5030;313168;159585;45.9;23.4
45;2021-06-19;2395;1761;315563;161346;46.2;23.6
45;2021-06-20;48;142;315611;161488;46.2;23.6
45;2021-06-21;2163;5850;317774;167338;46.5;24.5
45;2021-06-22;2419;6530;320193;173868;46.9;25.5
45;2021-06-23;2283;5600;322476;179468;47.2;26.3
45;2021-06-24;2136;3532;324612;183000;47.5;26.8
45;2021-06-25;2444;6450;327056;189450;47.9;27.7
45;2021-06-26;1947;3092;329003;192542;48.2;28.2
45;2021-06-27;53;138;329056;192680;48.2;28.2
45;2021-06-28;2076;4834;331132;197514;48.5;28.9
45;2021-06-29;2847;6816;333979;204330;48.9;29.9
45;2021-06-30;2887;5852;336866;210182;49.3;30.8
45;2021-07-01;2401;5039;339267;215221;49.7;31.5
45;2021-07-02;2370;6284;341637;221505;50.0;32.4
45;2021-07-03;755;2542;342392;224047;50.1;32.8
45;2021-07-04;6;12;342398;224059;50.1;32.8
45;2021-07-05;2139;4989;344537;229048;50.5;33.5
45;2021-07-06;2805;6780;347342;235828;50.9;34.5
45;2021-07-07;2449;6059;349791;241887;51.2;35.4
45;2021-07-08;2828;5381;352619;247268;51.6;36.2
45;2021-07-09;2148;6985;354767;254253;52.0;37.2
45;2021-07-10;1547;3863;356314;258116;52.2;37.8
45;2021-07-11;24;31;356338;258147;52.2;37.8
45;2021-07-12;1591;5998;357929;264145;52.4;38.7
45;2021-07-13;3029;8238;360958;272383;52.9;39.9
45;2021-07-14;1474;1519;362432;273902;53.1;40.1
45;2021-07-15;3733;7290;366165;281192;53.6;41.2
45;2021-07-16;3259;7444;369424;288636;54.1;42.3
45;2021-07-17;1285;2333;370709;290969;54.3;42.6
45;2021-07-18;15;19;370724;290988;54.3;42.6
45;2021-07-19;1868;5938;372592;296926;54.6;43.5
45;2021-07-20;4760;6905;377352;303831;55.3;44.5
45;2021-07-21;5177;5479;382529;309310;56.0;45.3
45;2021-07-22;6182;4906;388711;314216;56.9;46.0
45;2021-07-23;4261;5481;392972;319697;57.5;46.8
45;2021-07-24;1862;2823;394834;322520;57.8;47.2
45;2021-07-25;5;14;394839;322534;57.8;47.2
45;2021-07-26;2918;4979;397757;327513;58.2;48.0
45;2021-07-27;5467;5080;403224;332593;59.0;48.7
45;2021-07-28;4990;4175;408214;336768;59.8;49.3
45;2021-07-29;5281;3250;413495;340018;60.6;49.8
45;2021-07-30;4761;4711;418256;344729;61.2;50.5
45;2021-07-31;849;1950;419105;346679;61.4;50.8
45;2021-08-01;2;4;419107;346683;61.4;50.8
45;2021-08-02;3615;3246;422722;349929;61.9;51.2
45;2021-08-03;4875;3009;427597;352938;62.6;51.7
45;2021-08-04;3740;2232;431337;355170;63.2;52.0
45;2021-08-05;3312;2637;434649;357807;63.6;52.4
45;2021-08-06;3750;3263;438399;361070;64.2;52.9
45;2021-08-07;1682;1048;440081;362118;64.4;53.0
45;2021-08-08;9;18;440090;362136;64.4;53.0
45;2021-08-09;2599;3014;442689;365150;64.8;53.5
45;2021-08-10;3508;3803;446197;368953;65.3;54.0
45;2021-08-11;2701;3721;448898;372674;65.7;54.6
45;2021-08-12;2094;3437;450992;376111;66.0;55.1
45;2021-08-13;1742;4223;452734;380334;66.3;55.7
45;2021-08-14;680;956;453414;381290;66.4;55.8
45;2021-08-15;58;31;453472;381321;66.4;55.8
45;2021-08-16;1155;2314;454627;383635;66.6;56.2
45;2021-08-17;1855;3447;456482;387082;66.8;56.7
45;2021-08-18;1781;4051;458263;391133;67.1;57.3
45;2021-08-19;1434;4274;459697;395407;67.3;57.9
45;2021-08-20;1417;3682;461114;399089;67.5;58.4
45;2021-08-21;900;1151;462014;400240;67.7;58.6
45;2021-08-22;4;8;462018;400248;67.7;58.6
45;2021-08-23;1324;4241;463342;404489;67.9;59.2
45;2021-08-24;1730;4516;465072;409005;68.1;59.9
45;2021-08-25;1577;3723;466649;412728;68.3;60.4
45;2021-08-26;1003;3448;467652;416176;68.5;60.9
45;2021-08-27;1384;4978;469036;421154;68.7;61.7
45;2021-08-28;877;2026;469913;423180;68.8;62.0
45;2021-08-29;100;38;470013;423218;68.8;62.0
45;2021-08-30;1214;4114;471227;427332;69.0;62.6
45;2021-08-31;1075;4507;472302;431839;69.2;63.2
45;2021-09-01;1091;3547;473393;435386;69.3;63.8
45;2021-09-02;920;3353;474313;438739;69.5;64.2
45;2021-09-03;1084;3841;475397;442580;69.6;64.8
45;2021-09-04;491;1308;475888;443888;69.7;65.0
45;2021-09-05;0;16;475888;443904;69.7;65.0
45;2021-09-06;875;2821;476763;446725;69.8;65.4
45;2021-09-07;702;2226;477465;448951;69.9;65.7
45;2021-09-08;829;2608;478294;451559;70.0;66.1
46;2020-12-27;4;0;4;0;0.0;0.0
46;2020-12-28;0;0;4;0;0.0;0.0
46;2020-12-29;0;0;4;0;0.0;0.0
46;2020-12-30;0;0;4;0;0.0;0.0
46;2020-12-31;0;0;4;0;0.0;0.0
46;2021-01-01;0;0;4;0;0.0;0.0
46;2021-01-02;0;0;4;0;0.0;0.0
46;2021-01-03;1;0;5;0;0.0;0.0
46;2021-01-04;0;0;5;0;0.0;0.0
46;2021-01-05;0;0;5;0;0.0;0.0
46;2021-01-06;3;0;8;0;0.0;0.0
46;2021-01-07;136;0;144;0;0.1;0.0
46;2021-01-08;181;0;325;0;0.2;0.0
46;2021-01-09;1;0;326;0;0.2;0.0
46;2021-01-10;2;0;328;0;0.2;0.0
46;2021-01-11;118;0;446;0;0.3;0.0
46;2021-01-12;140;0;586;0;0.3;0.0
46;2021-01-13;235;0;821;0;0.5;0.0
46;2021-01-14;242;2;1063;2;0.6;0.0
46;2021-01-15;306;2;1369;4;0.8;0.0
46;2021-01-16;18;0;1387;4;0.8;0.0
46;2021-01-17;0;0;1387;4;0.8;0.0
46;2021-01-18;276;2;1663;6;1.0;0.0
46;2021-01-19;390;0;2053;6;1.2;0.0
46;2021-01-20;937;2;2990;8;1.7;0.0
46;2021-01-21;997;0;3987;8;2.3;0.0
46;2021-01-22;390;2;4377;10;2.5;0.0
46;2021-01-23;0;0;4377;10;2.5;0.0
46;2021-01-24;0;0;4377;10;2.5;0.0
46;2021-01-25;204;1;4581;11;2.6;0.0
46;2021-01-26;264;1;4845;12;2.8;0.0
46;2021-01-27;277;0;5122;12;3.0;0.0
46;2021-01-28;278;43;5400;55;3.1;0.0
46;2021-01-29;233;91;5633;146;3.3;0.1
46;2021-01-30;1;0;5634;146;3.3;0.1
46;2021-01-31;1;0;5635;146;3.3;0.1
46;2021-02-01;234;167;5869;313;3.4;0.2
46;2021-02-02;210;227;6079;540;3.5;0.3
46;2021-02-03;227;92;6306;632;3.6;0.4
46;2021-02-04;372;76;6678;708;3.9;0.4
46;2021-02-05;226;164;6904;872;4.0;0.5
46;2021-02-06;9;0;6913;872;4.0;0.5
46;2021-02-07;43;0;6956;872;4.0;0.5
46;2021-02-08;197;141;7153;1013;4.1;0.6
46;2021-02-09;271;214;7424;1227;4.3;0.7
46;2021-02-10;280;523;7704;1750;4.4;1.0
46;2021-02-11;655;548;8359;2298;4.8;1.3
46;2021-02-12;322;327;8681;2625;5.0;1.5
46;2021-02-13;2;0;8683;2625;5.0;1.5
46;2021-02-14;0;62;8683;2687;5.0;1.6
46;2021-02-15;195;266;8878;2953;5.1;1.7
46;2021-02-16;218;254;9096;3207;5.3;1.9
46;2021-02-17;200;308;9296;3515;5.4;2.0
46;2021-02-18;336;252;9632;3767;5.6;2.2
46;2021-02-19;277;222;9909;3989;5.7;2.3
46;2021-02-20;0;0;9909;3989;5.7;2.3
46;2021-02-21;1;0;9910;3989;5.7;2.3
46;2021-02-22;131;171;10041;4160;5.8;2.4
46;2021-02-23;225;144;10266;4304;5.9;2.5
46;2021-02-24;179;287;10445;4591;6.0;2.7
46;2021-02-25;248;311;10693;4902;6.2;2.8
46;2021-02-26;401;329;11094;5231;6.4;3.0
46;2021-02-27;120;1;11214;5232;6.5;3.0
46;2021-02-28;0;3;11214;5235;6.5;3.0
46;2021-03-01;169;168;11383;5403;6.6;3.1
46;2021-03-02;406;214;11789;5617;6.8;3.2
46;2021-03-03;458;319;12247;5936;7.1;3.4
46;2021-03-04;607;433;12854;6369;7.4;3.7
46;2021-03-05;809;352;13663;6721;7.9;3.9
46;2021-03-06;476;17;14139;6738;8.2;3.9
46;2021-03-07;101;19;14240;6757;8.2;3.9
46;2021-03-08;349;236;14589;6993;8.4;4.0
46;2021-03-09;746;269;15335;7262;8.9;4.2
46;2021-03-10;685;247;16020;7509;9.3;4.3
46;2021-03-11;852;255;16872;7764;9.7;4.5
46;2021-03-12;927;222;17799;7986;10.3;4.6
46;2021-03-13;512;3;18311;7989;10.6;4.6
46;2021-03-14;0;0;18311;7989;10.6;4.6
46;2021-03-15;505;162;18816;8151;10.9;4.7
46;2021-03-16;752;174;19568;8325;11.3;4.8
46;2021-03-17;673;198;20241;8523;11.7;4.9
46;2021-03-18;758;211;20999;8734;12.1;5.0
46;2021-03-19;810;148;21809;8882;12.6;5.1
46;2021-03-20;292;3;22101;8885;12.8;5.1
46;2021-03-21;2;0;22103;8885;12.8;5.1
46;2021-03-22;555;240;22658;9125;13.1;5.3
46;2021-03-23;702;211;23360;9336;13.5;5.4
46;2021-03-24;674;237;24034;9573;13.9;5.5
46;2021-03-25;1135;180;25169;9753;14.5;5.6
46;2021-03-26;1025;340;26194;10093;15.1;5.8
46;2021-03-27;420;72;26614;10165;15.4;5.9
46;2021-03-28;127;1;26741;10166;15.4;5.9
46;2021-03-29;733;251;27474;10417;15.9;6.0
46;2021-03-30;767;364;28241;10781;16.3;6.2
46;2021-03-31;865;419;29106;11200;16.8;6.5
46;2021-04-01;1172;346;30278;11546;17.5;6.7
46;2021-04-02;924;396;31202;11942;18.0;6.9
46;2021-04-03;167;165;31369;12107;18.1;7.0
46;2021-04-04;0;71;31369;12178;18.1;7.0
46;2021-04-05;3;0;31372;12178;18.1;7.0
46;2021-04-06;545;518;31917;12696;18.4;7.3
46;2021-04-07;785;645;32702;13341;18.9;7.7
46;2021-04-08;961;541;33663;13882;19.4;8.0
46;2021-04-09;1018;506;34681;14388;20.0;8.3
46;2021-04-10;506;208;35187;14596;20.3;8.4
46;2021-04-11;232;1;35419;14597;20.5;8.4
46;2021-04-12;845;547;36264;15144;20.9;8.7
46;2021-04-13;1187;719;37451;15863;21.6;9.2
46;2021-04-14;1533;614;38984;16477;22.5;9.5
46;2021-04-15;1502;663;40486;17140;23.4;9.9
46;2021-04-16;1585;567;42071;17707;24.3;10.2
46;2021-04-17;994;135;43065;17842;24.9;10.3
46;2021-04-18;517;9;43582;17851;25.2;10.3
46;2021-04-19;1070;572;44652;18423;25.8;10.6
46;2021-04-20;1229;728;45881;19151;26.5;11.1
46;2021-04-21;1230;713;47111;19864;27.2;11.5
46;2021-04-22;1391;729;48502;20593;28.0;11.9
46;2021-04-23;1132;731;49634;21324;28.7;12.3
46;2021-04-24;472;19;50106;21343;28.9;12.3
46;2021-04-25;351;11;50457;21354;29.1;12.3
46;2021-04-26;852;730;51309;22084;29.6;12.8
46;2021-04-27;1221;664;52530;22748;30.3;13.1
46;2021-04-28;1289;668;53819;23416;31.1;13.5
46;2021-04-29;1416;523;55235;23939;31.9;13.8
46;2021-04-30;1438;563;56673;24502;32.7;14.1
46;2021-05-01;697;72;57370;24574;33.1;14.2
46;2021-05-02;346;4;57716;24578;33.3;14.2
46;2021-05-03;853;569;58569;25147;33.8;14.5
46;2021-05-04;1037;1063;59606;26210;34.4;15.1
46;2021-05-05;1374;789;60980;26999;35.2;15.6
46;2021-05-06;1376;742;62356;27741;36.0;16.0
46;2021-05-07;1398;792;63754;28533;36.8;16.5
46;2021-05-08;280;409;64034;28942;37.0;16.7
46;2021-05-09;23;225;64057;29167;37.0;16.8
46;2021-05-10;517;1137;64574;30304;37.3;17.5
46;2021-05-11;1034;1255;65608;31559;37.9;18.2
46;2021-05-12;993;1559;66601;33118;38.5;19.1
46;2021-05-13;600;144;67201;33262;38.8;19.2
46;2021-05-14;959;1097;68160;34359;39.4;19.8
46;2021-05-15;254;654;68414;35013;39.5;20.2
46;2021-05-16;77;297;68491;35310;39.6;20.4
46;2021-05-17;653;961;69144;36271;39.9;20.9
46;2021-05-18;1404;1024;70548;37295;40.7;21.5
46;2021-05-19;1306;904;71854;38199;41.5;22.1
46;2021-05-20;1453;810;73307;39009;42.3;22.5
46;2021-05-21;997;1158;74304;40167;42.9;23.2
46;2021-05-22;147;369;74451;40536;43.0;23.4
46;2021-05-23;451;25;74902;40561;43.3;23.4
46;2021-05-24;411;113;75313;40674;43.5;23.5
46;2021-05-25;961;1332;76274;42006;44.0;24.3
46;2021-05-26;1238;1149;77512;43155;44.8;24.9
46;2021-05-27;1433;1193;78945;44348;45.6;25.6
46;2021-05-28;1428;1211;80373;45559;46.4;26.3
46;2021-05-29;1052;399;81425;45958;47.0;26.5
46;2021-05-30;409;40;81834;45998;47.3;26.6
46;2021-05-31;970;976;82804;46974;47.8;27.1
46;2021-06-01;1277;998;84081;47972;48.6;27.7
46;2021-06-02;1321;1117;85402;49089;49.3;28.3
46;2021-06-03;1418;1011;86820;50100;50.1;28.9
46;2021-06-04;1332;978;88152;51078;50.9;29.5
46;2021-06-05;381;414;88533;51492;51.1;29.7
46;2021-06-06;209;96;88742;51588;51.2;29.8
46;2021-06-07;814;617;89556;52205;51.7;30.1
46;2021-06-08;1020;896;90576;53101;52.3;30.7
46;2021-06-09;1504;974;92080;54075;53.2;31.2
46;2021-06-10;982;852;93062;54927;53.7;31.7
46;2021-06-11;970;1322;94032;56249;54.3;32.5
46;2021-06-12;459;547;94491;56796;54.6;32.8
46;2021-06-13;27;86;94518;56882;54.6;32.8
46;2021-06-14;593;1137;95111;58019;54.9;33.5
46;2021-06-15;751;1247;95862;59266;55.4;34.2
46;2021-06-16;1001;1112;96863;60378;55.9;34.9
46;2021-06-17;527;895;97390;61273;56.2;35.4
46;2021-06-18;658;1255;98048;62528;56.6;36.1
46;2021-06-19;457;313;98505;62841;56.9;36.3
46;2021-06-20;39;161;98544;63002;56.9;36.4
46;2021-06-21;429;946;98973;63948;57.2;36.9
46;2021-06-22;350;1178;99323;65126;57.4;37.6
46;2021-06-23;520;1075;99843;66201;57.7;38.2
46;2021-06-24;251;821;100094;67022;57.8;38.7
46;2021-06-25;491;1118;100585;68140;58.1;39.3
46;2021-06-26;397;553;100982;68693;58.3;39.7
46;2021-06-27;3;4;100985;68697;58.3;39.7
46;2021-06-28;315;1338;101300;70035;58.5;40.4
46;2021-06-29;376;1682;101676;71717;58.7;41.4
46;2021-06-30;512;1578;102188;73295;59.0;42.3
46;2021-07-01;486;1153;102674;74448;59.3;43.0
46;2021-07-02;469;1086;103143;75534;59.6;43.6
46;2021-07-03;124;455;103267;75989;59.6;43.9
46;2021-07-04;57;127;103324;76116;59.7;44.0
46;2021-07-05;347;1188;103671;77304;59.9;44.6
46;2021-07-06;448;1458;104119;78762;60.1;45.5
46;2021-07-07;583;1727;104702;80489;60.5;46.5
46;2021-07-08;339;1165;105041;81654;60.7;47.2
46;2021-07-09;395;1707;105436;83361;60.9;48.1
46;2021-07-10;285;1040;105721;84401;61.1;48.7
46;2021-07-11;15;375;105736;84776;61.1;49.0
46;2021-07-12;248;1261;105984;86037;61.2;49.7
46;2021-07-13;626;1671;106610;87708;61.6;50.6
46;2021-07-14;73;144;106683;87852;61.6;50.7
46;2021-07-15;917;1466;107600;89318;62.1;51.6
46;2021-07-16;766;1395;108366;90713;62.6;52.4
46;2021-07-17;363;539;108729;91252;62.8;52.7
46;2021-07-18;2;0;108731;91252;62.8;52.7
46;2021-07-19;730;1189;109461;92441;63.2;53.4
46;2021-07-20;983;1436;110444;93877;63.8;54.2
46;2021-07-21;1002;1379;111446;95256;64.4;55.0
46;2021-07-22;1404;1117;112850;96373;65.2;55.7
46;2021-07-23;768;1322;113618;97695;65.6;56.4
46;2021-07-24;957;661;114575;98356;66.2;56.8
46;2021-07-25;136;17;114711;98373;66.2;56.8
46;2021-07-26;881;879;115592;99252;66.8;57.3
46;2021-07-27;1220;978;116812;100230;67.5;57.9
46;2021-07-28;1284;1113;118096;101343;68.2;58.5
46;2021-07-29;1580;849;119676;102192;69.1;59.0
46;2021-07-30;1931;957;121607;103149;70.2;59.6
46;2021-07-31;958;660;122565;103809;70.8;59.9
46;2021-08-01;12;3;122577;103812;70.8;59.9
46;2021-08-02;974;591;123551;104403;71.3;60.3
46;2021-08-03;1362;678;124913;105081;72.1;60.7
46;2021-08-04;1738;608;126651;105689;73.1;61.0
46;2021-08-05;1383;847;128034;106536;73.9;61.5
46;2021-08-06;1421;846;129455;107382;74.8;62.0
46;2021-08-07;707;542;130162;107924;75.2;62.3
46;2021-08-08;142;66;130304;107990;75.2;62.4
46;2021-08-09;1017;695;131321;108685;75.8;62.8
46;2021-08-10;1201;893;132522;109578;76.5;63.3
46;2021-08-11;1260;1067;133782;110645;77.3;63.9
46;2021-08-12;989;799;134771;111444;77.8;64.4
46;2021-08-13;950;1003;135721;112447;78.4;64.9
46;2021-08-14;584;776;136305;113223;78.7;65.4
46;2021-08-15;8;27;136313;113250;78.7;65.4
46;2021-08-16;794;807;137107;114057;79.2;65.9
46;2021-08-17;884;1288;137991;115345;79.7;66.6
46;2021-08-18;770;1050;138761;116395;80.1;67.2
46;2021-08-19;668;1362;139429;117757;80.5;68.0
46;2021-08-20;520;1553;139949;119310;80.8;68.9
46;2021-08-21;375;649;140324;119959;81.0;69.3
46;2021-08-22;2;31;140326;119990;81.0;69.3
46;2021-08-23;418;1205;140744;121195;81.3;70.0
46;2021-08-24;550;1337;141294;122532;81.6;70.8
46;2021-08-25;525;1398;141819;123930;81.9;71.6
46;2021-08-26;386;1096;142205;125026;82.1;72.2
46;2021-08-27;433;1912;142638;126938;82.4;73.3
46;2021-08-28;270;650;142908;127588;82.5;73.7
46;2021-08-29;5;11;142913;127599;82.5;73.7
46;2021-08-30;284;1133;143197;128732;82.7;74.3
46;2021-08-31;332;1278;143529;130010;82.9;75.1
46;2021-09-01;394;1146;143923;131156;83.1;75.7
46;2021-09-02;267;1018;144190;132174;83.3;76.3
46;2021-09-03;321;1293;144511;133467;83.5;77.1
46;2021-09-04;188;663;144699;134130;83.6;77.5
46;2021-09-05;8;16;144707;134146;83.6;77.5
46;2021-09-06;217;756;144924;134902;83.7;77.9
46;2021-09-07;251;815;145175;135717;83.8;78.4
46;2021-09-08;277;889;145452;136606;84.0;78.9
47;2020-12-27;0;0;0;0;0.0;0.0
47;2020-12-28;0;0;0;0;0.0;0.0
47;2020-12-29;0;0;0;0;0.0;0.0
47;2020-12-30;0;0;0;0;0.0;0.0
47;2020-12-31;0;0;0;0;0.0;0.0
47;2021-01-01;4;0;4;0;0.0;0.0
47;2021-01-02;0;0;4;0;0.0;0.0
47;2021-01-03;0;0;4;0;0.0;0.0
47;2021-01-04;0;0;4;0;0.0;0.0
47;2021-01-05;0;0;4;0;0.0;0.0
47;2021-01-06;0;0;4;0;0.0;0.0
47;2021-01-07;71;0;75;0;0.0;0.0
47;2021-01-08;314;0;389;0;0.1;0.0
47;2021-01-09;113;0;502;0;0.2;0.0
47;2021-01-10;0;0;502;0;0.2;0.0
47;2021-01-11;249;1;751;1;0.2;0.0
47;2021-01-12;327;0;1078;1;0.3;0.0
47;2021-01-13;349;0;1427;1;0.4;0.0
47;2021-01-14;364;4;1791;5;0.5;0.0
47;2021-01-15;287;1;2078;6;0.6;0.0
47;2021-01-16;176;3;2254;9;0.7;0.0
47;2021-01-17;0;0;2254;9;0.7;0.0
47;2021-01-18;486;1;2740;10;0.8;0.0
47;2021-01-19;469;2;3209;12;1.0;0.0
47;2021-01-20;515;0;3724;12;1.1;0.0
47;2021-01-21;585;0;4309;12;1.3;0.0
47;2021-01-22;470;0;4779;12;1.4;0.0
47;2021-01-23;390;0;5169;12;1.6;0.0
47;2021-01-24;0;0;5169;12;1.6;0.0
47;2021-01-25;426;0;5595;12;1.7;0.0
47;2021-01-26;791;4;6386;16;1.9;0.0
47;2021-01-27;732;0;7118;16;2.2;0.0
47;2021-01-28;576;62;7694;78;2.3;0.0
47;2021-01-29;461;168;8155;246;2.5;0.1
47;2021-01-30;302;37;8457;283;2.6;0.1
47;2021-01-31;0;0;8457;283;2.6;0.1
47;2021-02-01;373;115;8830;398;2.7;0.1
47;2021-02-02;759;309;9589;707;2.9;0.2
47;2021-02-03;425;152;10014;859;3.0;0.3
47;2021-02-04;370;310;10384;1169;3.1;0.4
47;2021-02-05;300;304;10684;1473;3.2;0.4
47;2021-02-06;297;89;10981;1562;3.3;0.5
47;2021-02-07;0;0;10981;1562;3.3;0.5
47;2021-02-08;183;244;11164;1806;3.4;0.5
47;2021-02-09;231;223;11395;2029;3.4;0.6
47;2021-02-10;254;225;11649;2254;3.5;0.7
47;2021-02-11;356;352;12005;2606;3.6;0.8
47;2021-02-12;243;385;12248;2991;3.7;0.9
47;2021-02-13;226;101;12474;3092;3.8;0.9
47;2021-02-14;0;0;12474;3092;3.8;0.9
47;2021-02-15;194;333;12668;3425;3.8;1.0
47;2021-02-16;303;559;12971;3984;3.9;1.2
47;2021-02-17;326;424;13297;4408;4.0;1.3
47;2021-02-18;200;547;13497;4955;4.1;1.5
47;2021-02-19;193;337;13690;5292;4.1;1.6
47;2021-02-20;117;243;13807;5535;4.2;1.7
47;2021-02-21;0;0;13807;5535;4.2;1.7
47;2021-02-22;75;359;13882;5894;4.2;1.8
47;2021-02-23;149;618;14031;6512;4.2;2.0
47;2021-02-24;261;533;14292;7045;4.3;2.1
47;2021-02-25;304;386;14596;7431;4.4;2.2
47;2021-02-26;468;302;15064;7733;4.6;2.3
47;2021-02-27;324;193;15388;7926;4.7;2.4
47;2021-02-28;0;0;15388;7926;4.7;2.4
47;2021-03-01;124;383;15512;8309;4.7;2.5
47;2021-03-02;200;338;15712;8647;4.8;2.6
47;2021-03-03;244;325;15956;8972;4.8;2.7
47;2021-03-04;593;321;16549;9293;5.0;2.8
47;2021-03-05;844;268;17393;9561;5.3;2.9
47;2021-03-06;507;178;17900;9739;5.4;2.9
47;2021-03-07;331;6;18231;9745;5.5;3.0
47;2021-03-08;458;217;18689;9962;5.7;3.0
47;2021-03-09;508;488;19197;10450;5.8;3.2
47;2021-03-10;666;298;19863;10748;6.0;3.3
47;2021-03-11;938;375;20801;11123;6.3;3.4
47;2021-03-12;1374;297;22175;11420;6.7;3.5
47;2021-03-13;950;110;23125;11530;7.0;3.5
47;2021-03-14;51;0;23176;11530;7.0;3.5
47;2021-03-15;592;163;23768;11693;7.2;3.5
47;2021-03-16;750;177;24518;11870;7.4;3.6
47;2021-03-17;860;210;25378;12080;7.7;3.7
47;2021-03-18;917;178;26295;12258;8.0;3.7
47;2021-03-19;1272;128;27567;12386;8.3;3.7
47;2021-03-20;1088;59;28655;12445;8.7;3.8
47;2021-03-21;344;1;28999;12446;8.8;3.8
47;2021-03-22;1012;95;30011;12541;9.1;3.8
47;2021-03-23;1146;147;31157;12688;9.4;3.8
47;2021-03-24;1212;130;32369;12818;9.8;3.9
47;2021-03-25;1566;151;33935;12969;10.3;3.9
47;2021-03-26;1882;199;35817;13168;10.8;4.0
47;2021-03-27;980;130;36797;13298;11.1;4.0
47;2021-03-28;700;5;37497;13303;11.4;4.0
47;2021-03-29;1512;80;39009;13383;11.8;4.1
47;2021-03-30;1644;127;40653;13510;12.3;4.1
47;2021-03-31;1605;153;42258;13663;12.8;4.1
47;2021-04-01;1682;269;43940;13932;13.3;4.2
47;2021-04-02;1934;454;45874;14386;13.9;4.4
47;2021-04-03;1202;183;47076;14569;14.3;4.4
47;2021-04-04;475;13;47551;14582;14.4;4.4
47;2021-04-05;1296;58;48847;14640;14.8;4.4
47;2021-04-06;1386;389;50233;15029;15.2;4.5
47;2021-04-07;1697;592;51930;15621;15.7;4.7
47;2021-04-08;1834;478;53764;16099;16.3;4.9
47;2021-04-09;2084;544;55848;16643;16.9;5.0
47;2021-04-10;1564;326;57412;16969;17.4;5.1
47;2021-04-11;530;9;57942;16978;17.5;5.1
47;2021-04-12;1438;613;59380;17591;18.0;5.3
47;2021-04-13;1816;763;61196;18354;18.5;5.6
47;2021-04-14;1749;719;62945;19073;19.1;5.8
47;2021-04-15;2012;844;64957;19917;19.7;6.0
47;2021-04-16;1767;890;66724;20807;20.2;6.3
47;2021-04-17;1472;969;68196;21776;20.6;6.6
47;2021-04-18;23;0;68219;21776;20.7;6.6
47;2021-04-19;1331;933;69550;22709;21.1;6.9
47;2021-04-20;1626;909;71176;23618;21.5;7.1
47;2021-04-21;1626;774;72802;24392;22.0;7.4
47;2021-04-22;1872;1058;74674;25450;22.6;7.7
47;2021-04-23;1726;1071;76400;26521;23.1;8.0
47;2021-04-24;1549;802;77949;27323;23.6;8.3
47;2021-04-25;242;345;78191;27668;23.7;8.4
47;2021-04-26;1490;1360;79681;29028;24.1;8.8
47;2021-04-27;1922;1471;81603;30499;24.7;9.2
47;2021-04-28;2090;1589;83693;32088;25.3;9.7
47;2021-04-29;2533;1506;86226;33594;26.1;10.2
47;2021-04-30;2044;1780;88270;35374;26.7;10.7
47;2021-05-01;2263;985;90533;36359;27.4;11.0
47;2021-05-02;21;357;90554;36716;27.4;11.1
47;2021-05-03;1596;1419;92150;38135;27.9;11.5
47;2021-05-04;1647;1731;93797;39866;28.4;12.1
47;2021-05-05;1927;1641;95724;41507;29.0;12.6
47;2021-05-06;2106;1508;97830;43015;29.6;13.0
47;2021-05-07;2001;1622;99831;44637;30.2;13.5
47;2021-05-08;2098;464;101929;45101;30.9;13.7
47;2021-05-09;24;359;101953;45460;30.9;13.8
47;2021-05-10;1202;1670;103155;47130;31.2;14.3
47;2021-05-11;2173;1986;105328;49116;31.9;14.9
47;2021-05-12;2626;1447;107954;50563;32.7;15.3
47;2021-05-13;2381;657;110335;51220;33.4;15.5
47;2021-05-14;2062;859;112397;52079;34.0;15.8
47;2021-05-15;1935;863;114332;52942;34.6;16.0
47;2021-05-16;367;9;114699;52951;34.7;16.0
47;2021-05-17;1885;1124;116584;54075;35.3;16.4
47;2021-05-18;2358;1140;118942;55215;36.0;16.7
47;2021-05-19;2345;760;121287;55975;36.7;16.9
47;2021-05-20;2589;967;123876;56942;37.5;17.2
47;2021-05-21;1538;1135;125414;58077;38.0;17.6
47;2021-05-22;2369;838;127783;58915;38.7;17.8
47;2021-05-23;25;186;127808;59101;38.7;17.9
47;2021-05-24;1549;237;129357;59338;39.2;18.0
47;2021-05-25;1485;1320;130842;60658;39.6;18.4
47;2021-05-26;1599;1090;132441;61748;40.1;18.7
47;2021-05-27;1942;1270;134383;63018;40.7;19.1
47;2021-05-28;1458;1536;135841;64554;41.1;19.5
47;2021-05-29;1153;1122;136994;65676;41.5;19.9
47;2021-05-30;12;45;137006;65721;41.5;19.9
47;2021-05-31;1868;1416;138874;67137;42.0;20.3
47;2021-06-01;1922;1341;140796;68478;42.6;20.7
47;2021-06-02;2101;1333;142897;69811;43.3;21.1
47;2021-06-03;2486;1612;145383;71423;44.0;21.6
47;2021-06-04;1967;2116;147350;73539;44.6;22.3
47;2021-06-05;1640;1475;148990;75014;45.1;22.7
47;2021-06-06;212;70;149202;75084;45.2;22.7
47;2021-06-07;1661;2242;150863;77326;45.7;23.4
47;2021-06-08;1631;1903;152494;79229;46.2;24.0
47;2021-06-09;1824;2123;154318;81352;46.7;24.6
47;2021-06-10;2377;1621;156695;82973;47.4;25.1
47;2021-06-11;1827;2101;158522;85074;48.0;25.8
47;2021-06-12;1351;2102;159873;87176;48.4;26.4
47;2021-06-13;4;10;159877;87186;48.4;26.4
47;2021-06-14;1281;2442;161158;89628;48.8;27.1
47;2021-06-15;1465;2033;162623;91661;49.2;27.7
47;2021-06-16;1206;2182;163829;93843;49.6;28.4
47;2021-06-17;1656;1522;165485;95365;50.1;28.9
47;2021-06-18;1440;2497;166925;97862;50.5;29.6
47;2021-06-19;1540;2456;168465;100318;51.0;30.4
47;2021-06-20;5;33;168470;100351;51.0;30.4
47;2021-06-21;1136;2513;169606;102864;51.3;31.1
47;2021-06-22;761;2505;170367;105369;51.6;31.9
47;2021-06-23;999;2016;171366;107385;51.9;32.5
47;2021-06-24;1212;1936;172578;109321;52.2;33.1
47;2021-06-25;1006;2608;173584;111929;52.5;33.9
47;2021-06-26;988;2790;174572;114719;52.8;34.7
47;2021-06-27;16;349;174588;115068;52.9;34.8
47;2021-06-28;875;2407;175463;117475;53.1;35.6
47;2021-06-29;798;2316;176261;119791;53.4;36.3
47;2021-06-30;730;2304;176991;122095;53.6;37.0
47;2021-07-01;920;2106;177911;124201;53.9;37.6
47;2021-07-02;885;2275;178796;126476;54.1;38.3
47;2021-07-03;727;3044;179523;129520;54.3;39.2
47;2021-07-04;34;12;179557;129532;54.4;39.2
47;2021-07-05;980;2149;180537;131681;54.7;39.9
47;2021-07-06;1007;1957;181544;133638;55.0;40.5
47;2021-07-07;1300;2065;182844;135703;55.4;41.1
47;2021-07-08;1144;2194;183988;137897;55.7;41.7
47;2021-07-09;1049;2406;185037;140303;56.0;42.5
47;2021-07-10;952;2131;185989;142434;56.3;43.1
47;2021-07-11;1;6;185990;142440;56.3;43.1
47;2021-07-12;557;2582;186547;145022;56.5;43.9
47;2021-07-13;1094;2588;187641;147610;56.8;44.7
47;2021-07-14;1166;1577;188807;149187;57.2;45.2
47;2021-07-15;1717;3136;190524;152323;57.7;46.1
47;2021-07-16;1723;2679;192247;155002;58.2;46.9
47;2021-07-17;1202;2459;193449;157461;58.6;47.7
47;2021-07-18;36;188;193485;157649;58.6;47.7
47;2021-07-19;1115;2558;194600;160207;58.9;48.5
47;2021-07-20;1639;2342;196239;162549;59.4;49.2
47;2021-07-21;2191;2239;198430;164788;60.1;49.9
47;2021-07-22;2159;2299;200589;167087;60.7;50.6
47;2021-07-23;2124;2249;202713;169336;61.4;51.3
47;2021-07-24;1114;1912;203827;171248;61.7;51.8
47;2021-07-25;20;1;203847;171249;61.7;51.8
47;2021-07-26;1235;1945;205082;173194;62.1;52.4
47;2021-07-27;2121;1634;207203;174828;62.7;52.9
47;2021-07-28;1881;1606;209084;176434;63.3;53.4
47;2021-07-29;2325;1598;211409;178032;64.0;53.9
47;2021-07-30;1865;1626;213274;179658;64.6;54.4
47;2021-07-31;1485;1667;214759;181325;65.0;54.9
47;2021-08-01;18;8;214777;181333;65.0;54.9
47;2021-08-02;2057;1217;216834;182550;65.6;55.3
47;2021-08-03;2159;1104;218993;183654;66.3;55.6
47;2021-08-04;2193;1526;221186;185180;67.0;56.1
47;2021-08-05;2405;1447;223591;186627;67.7;56.5
47;2021-08-06;2002;1840;225593;188467;68.3;57.1
47;2021-08-07;1628;1418;227221;189885;68.8;57.5
47;2021-08-08;24;22;227245;189907;68.8;57.5
47;2021-08-09;1884;1210;229129;191117;69.4;57.9
47;2021-08-10;1921;1297;231050;192414;69.9;58.2
47;2021-08-11;1804;1402;232854;193816;70.5;58.7
47;2021-08-12;2053;1335;234907;195151;71.1;59.1
47;2021-08-13;1417;1669;236324;196820;71.5;59.6
47;2021-08-14;1350;1441;237674;198261;71.9;60.0
47;2021-08-15;11;18;237685;198279;72.0;60.0
47;2021-08-16;1436;1448;239121;199727;72.4;60.5
47;2021-08-17;1120;1695;240241;201422;72.7;61.0
47;2021-08-18;1169;1712;241410;203134;73.1;61.5
47;2021-08-19;1033;1812;242443;204946;73.4;62.0
47;2021-08-20;960;1707;243403;206653;73.7;62.6
47;2021-08-21;820;1274;244223;207927;73.9;62.9
47;2021-08-22;19;31;244242;207958;73.9;63.0
47;2021-08-23;607;1826;244849;209784;74.1;63.5
47;2021-08-24;811;1619;245660;211403;74.4;64.0
47;2021-08-25;804;1787;246464;213190;74.6;64.5
47;2021-08-26;730;2080;247194;215270;74.8;65.2
47;2021-08-27;698;1977;247892;217247;75.0;65.8
47;2021-08-28;549;1667;248441;218914;75.2;66.3
47;2021-08-29;2;16;248443;218930;75.2;66.3
47;2021-08-30;458;1925;248901;220855;75.3;66.9
47;2021-08-31;580;1817;249481;222672;75.5;67.4
47;2021-09-01;413;2020;249894;224692;75.6;68.0
47;2021-09-02;435;2017;250329;226709;75.8;68.6
47;2021-09-03;499;1952;250828;228661;75.9;69.2
47;2021-09-04;471;1819;251299;230480;76.1;69.8
47;2021-09-05;7;36;251306;230516;76.1;69.8
47;2021-09-06;338;1406;251644;231922;76.2;70.2
47;2021-09-07;472;1267;252116;233189;76.3;70.6
47;2021-09-08;412;1616;252528;234805;76.4;71.1
48;2020-12-27;0;0;0;0;0.0;0.0
48;2020-12-28;0;0;0;0;0.0;0.0
48;2020-12-29;0;0;0;0;0.0;0.0
48;2020-12-30;0;0;0;0;0.0;0.0
48;2020-12-31;0;0;0;0;0.0;0.0
48;2021-01-01;0;0;0;0;0.0;0.0
48;2021-01-02;0;0;0;0;0.0;0.0
48;2021-01-03;0;0;0;0;0.0;0.0
48;2021-01-04;0;0;0;0;0.0;0.0
48;2021-01-05;0;0;0;0;0.0;0.0
48;2021-01-06;0;0;0;0;0.0;0.0
48;2021-01-07;56;0;56;0;0.1;0.0
48;2021-01-08;88;0;144;0;0.2;0.0
48;2021-01-09;1;0;145;0;0.2;0.0
48;2021-01-10;0;0;145;0;0.2;0.0
48;2021-01-11;13;0;158;0;0.2;0.0
48;2021-01-12;19;1;177;1;0.2;0.0
48;2021-01-13;104;0;281;1;0.4;0.0
48;2021-01-14;90;1;371;2;0.5;0.0
48;2021-01-15;63;0;434;2;0.6;0.0
48;2021-01-16;0;0;434;2;0.6;0.0
48;2021-01-17;0;0;434;2;0.6;0.0
48;2021-01-18;117;0;551;2;0.7;0.0
48;2021-01-19;345;2;896;4;1.2;0.0
48;2021-01-20;364;0;1260;4;1.7;0.0
48;2021-01-21;465;1;1725;5;2.3;0.0
48;2021-01-22;269;0;1994;5;2.6;0.0
48;2021-01-23;36;0;2030;5;2.7;0.0
48;2021-01-24;0;0;2030;5;2.7;0.0
48;2021-01-25;109;2;2139;7;2.8;0.0
48;2021-01-26;261;0;2400;7;3.1;0.0
48;2021-01-27;257;1;2657;8;3.5;0.0
48;2021-01-28;271;10;2928;18;3.8;0.0
48;2021-01-29;175;60;3103;78;4.1;0.1
48;2021-01-30;1;7;3104;85;4.1;0.1
48;2021-01-31;0;6;3104;91;4.1;0.1
48;2021-02-01;98;45;3202;136;4.2;0.2
48;2021-02-02;191;34;3393;170;4.4;0.2
48;2021-02-03;177;82;3570;252;4.7;0.3
48;2021-02-04;234;13;3804;265;5.0;0.3
48;2021-02-05;144;34;3948;299;5.2;0.4
48;2021-02-06;34;1;3982;300;5.2;0.4
48;2021-02-07;0;0;3982;300;5.2;0.4
48;2021-02-08;50;59;4032;359;5.3;0.5
48;2021-02-09;66;151;4098;510;5.4;0.7
48;2021-02-10;65;298;4163;808;5.5;1.1
48;2021-02-11;165;405;4328;1213;5.7;1.6
48;2021-02-12;120;151;4448;1364;5.8;1.8
48;2021-02-13;8;55;4456;1419;5.8;1.9
48;2021-02-14;0;0;4456;1419;5.8;1.9
48;2021-02-15;51;94;4507;1513;5.9;2.0
48;2021-02-16;43;152;4550;1665;6.0;2.2
48;2021-02-17;35;278;4585;1943;6.0;2.5
48;2021-02-18;252;103;4837;2046;6.3;2.7
48;2021-02-19;60;176;4897;2222;6.4;2.9
48;2021-02-20;0;1;4897;2223;6.4;2.9
48;2021-02-21;0;14;4897;2237;6.4;2.9
48;2021-02-22;24;109;4921;2346;6.5;3.1
48;2021-02-23;74;214;4995;2560;6.5;3.4
48;2021-02-24;68;254;5063;2814;6.6;3.7
48;2021-02-25;148;257;5211;3071;6.8;4.0
48;2021-02-26;51;214;5262;3285;6.9;4.3
48;2021-02-27;28;1;5290;3286;6.9;4.3
48;2021-02-28;3;14;5293;3300;6.9;4.3
48;2021-03-01;102;92;5395;3392;7.1;4.4
48;2021-03-02;199;82;5594;3474;7.3;4.6
48;2021-03-03;155;102;5749;3576;7.5;4.7
48;2021-03-04;194;179;5943;3755;7.8;4.9
48;2021-03-05;136;138;6079;3893;8.0;5.1
48;2021-03-06;180;53;6259;3946;8.2;5.2
48;2021-03-07;75;2;6334;3948;8.3;5.2
48;2021-03-08;352;122;6686;4070;8.8;5.3
48;2021-03-09;377;98;7063;4168;9.3;5.5
48;2021-03-10;263;61;7326;4229;9.6;5.5
48;2021-03-11;334;89;7660;4318;10.0;5.7
48;2021-03-12;255;152;7915;4470;10.4;5.9
48;2021-03-13;301;5;8216;4475;10.8;5.9
48;2021-03-14;8;0;8224;4475;10.8;5.9
48;2021-03-15;174;63;8398;4538;11.0;5.9
48;2021-03-16;167;66;8565;4604;11.2;6.0
48;2021-03-17;156;110;8721;4714;11.4;6.2
48;2021-03-18;190;104;8911;4818;11.7;6.3
48;2021-03-19;116;95;9027;4913;11.8;6.4
48;2021-03-20;101;0;9128;4913;12.0;6.4
48;2021-03-21;0;0;9128;4913;12.0;6.4
48;2021-03-22;160;19;9288;4932;12.2;6.5
48;2021-03-23;329;103;9617;5035;12.6;6.6
48;2021-03-24;284;99;9901;5134;13.0;6.7
48;2021-03-25;757;120;10658;5254;14.0;6.9
48;2021-03-26;269;61;10927;5315;14.3;7.0
48;2021-03-27;104;1;11031;5316;14.5;7.0
48;2021-03-28;80;20;11111;5336;14.6;7.0
48;2021-03-29;305;79;11416;5415;15.0;7.1
48;2021-03-30;364;131;11780;5546;15.4;7.3
48;2021-03-31;448;86;12228;5632;16.0;7.4
48;2021-04-01;729;72;12957;5704;17.0;7.5
48;2021-04-02;487;134;13444;5838;17.6;7.7
48;2021-04-03;140;83;13584;5921;17.8;7.8
48;2021-04-04;0;0;13584;5921;17.8;7.8
48;2021-04-05;43;1;13627;5922;17.9;7.8
48;2021-04-06;465;160;14092;6082;18.5;8.0
48;2021-04-07;465;141;14557;6223;19.1;8.2
48;2021-04-08;620;188;15177;6411;19.9;8.4
48;2021-04-09;446;121;15623;6532;20.5;8.6
48;2021-04-10;95;60;15718;6592;20.6;8.6
48;2021-04-11;2;0;15720;6592;20.6;8.6
48;2021-04-12;364;71;16084;6663;21.1;8.7
48;2021-04-13;361;92;16445;6755;21.6;8.9
48;2021-04-14;624;187;17069;6942;22.4;9.1
48;2021-04-15;702;360;17771;7302;23.3;9.6
48;2021-04-16;538;226;18309;7528;24.0;9.9
48;2021-04-17;89;72;18398;7600;24.1;10.0
48;2021-04-18;0;0;18398;7600;24.1;10.0
48;2021-04-19;197;106;18595;7706;24.4;10.1
48;2021-04-20;216;181;18811;7887;24.7;10.3
48;2021-04-21;284;208;19095;8095;25.0;10.6
48;2021-04-22;307;480;19402;8575;25.4;11.2
48;2021-04-23;255;242;19657;8817;25.8;11.6
48;2021-04-24;97;94;19754;8911;25.9;11.7
48;2021-04-25;1;9;19755;8920;25.9;11.7
48;2021-04-26;87;210;19842;9130;26.0;12.0
48;2021-04-27;172;292;20014;9422;26.2;12.4
48;2021-04-28;149;415;20163;9837;26.4;12.9
48;2021-04-29;204;488;20367;10325;26.7;13.5
48;2021-04-30;172;224;20539;10549;26.9;13.8
48;2021-05-01;0;0;20539;10549;26.9;13.8
48;2021-05-02;0;0;20539;10549;26.9;13.8
48;2021-05-03;106;386;20645;10935;27.1;14.3
48;2021-05-04;227;421;20872;11356;27.4;14.9
48;2021-05-05;84;486;20956;11842;27.5;15.5
48;2021-05-06;774;640;21730;12482;28.5;16.4
48;2021-05-07;96;503;21826;12985;28.6;17.0
48;2021-05-08;309;43;22135;13028;29.0;17.1
48;2021-05-09;285;9;22420;13037;29.4;17.1
48;2021-05-10;55;325;22475;13362;29.5;17.5
48;2021-05-11;221;289;22696;13651;29.8;17.9
48;2021-05-12;249;313;22945;13964;30.1;18.3
48;2021-05-13;472;158;23417;14122;30.7;18.5
48;2021-05-14;244;222;23661;14344;31.0;18.8
48;2021-05-15;84;46;23745;14390;31.1;18.9
48;2021-05-16;1;8;23746;14398;31.1;18.9
48;2021-05-17;474;267;24220;14665;31.7;19.2
48;2021-05-18;263;229;24483;14894;32.1;19.5
48;2021-05-19;207;278;24690;15172;32.4;19.9
48;2021-05-20;318;256;25008;15428;32.8;20.2
48;2021-05-21;174;267;25182;15695;33.0;20.6
48;2021-05-22;25;50;25207;15745;33.0;20.6
48;2021-05-23;0;6;25207;15751;33.0;20.6
48;2021-05-24;0;14;25207;15765;33.0;20.7
48;2021-05-25;180;264;25387;16029;33.3;21.0
48;2021-05-26;416;298;25803;16327;33.8;21.4
48;2021-05-27;1179;379;26982;16706;35.4;21.9
48;2021-05-28;316;349;27298;17055;35.8;22.4
48;2021-05-29;79;50;27377;17105;35.9;22.4
48;2021-05-30;0;1;27377;17106;35.9;22.4
48;2021-05-31;625;263;28002;17369;36.7;22.8
48;2021-06-01;272;305;28274;17674;37.1;23.2
48;2021-06-02;407;425;28681;18099;37.6;23.7
48;2021-06-03;629;432;29310;18531;38.4;24.3
48;2021-06-04;291;282;29601;18813;38.8;24.7
48;2021-06-05;121;77;29722;18890;39.0;24.8
48;2021-06-06;1;1;29723;18891;39.0;24.8
48;2021-06-07;440;161;30163;19052;39.5;25.0
48;2021-06-08;615;309;30778;19361;40.3;25.4
48;2021-06-09;379;190;31157;19551;40.8;25.6
48;2021-06-10;1002;241;32159;19792;42.2;25.9
48;2021-06-11;372;161;32531;19953;42.6;26.2
48;2021-06-12;74;57;32605;20010;42.7;26.2
48;2021-06-13;0;2;32605;20012;42.7;26.2
48;2021-06-14;124;115;32729;20127;42.9;26.4
48;2021-06-15;407;386;33136;20513;43.4;26.9
48;2021-06-16;260;144;33396;20657;43.8;27.1
48;2021-06-17;486;575;33882;21232;44.4;27.8
48;2021-06-18;254;314;34136;21546;44.7;28.2
48;2021-06-19;35;291;34171;21837;44.8;28.6
48;2021-06-20;123;224;34294;22061;45.0;28.9
48;2021-06-21;125;132;34419;22193;45.1;29.1
48;2021-06-22;258;334;34677;22527;45.5;29.5
48;2021-06-23;111;546;34788;23073;45.6;30.2
48;2021-06-24;364;610;35152;23683;46.1;31.0
48;2021-06-25;154;276;35306;23959;46.3;31.4
48;2021-06-26;15;45;35321;24004;46.3;31.5
48;2021-06-27;1;1;35322;24005;46.3;31.5
48;2021-06-28;81;177;35403;24182;46.4;31.7
48;2021-06-29;297;413;35700;24595;46.8;32.2
48;2021-06-30;97;465;35797;25060;46.9;32.9
48;2021-07-01;194;669;35991;25729;47.2;33.7
48;2021-07-02;148;369;36139;26098;47.4;34.2
48;2021-07-03;42;89;36181;26187;47.4;34.3
48;2021-07-04;7;0;36188;26187;47.4;34.3
48;2021-07-05;40;116;36228;26303;47.5;34.5
48;2021-07-06;277;597;36505;26900;47.9;35.3
48;2021-07-07;201;488;36706;27388;48.1;35.9
48;2021-07-08;224;1191;36930;28579;48.4;37.5
48;2021-07-09;159;553;37089;29132;48.6;38.2
48;2021-07-10;95;147;37184;29279;48.7;38.4
48;2021-07-11;0;4;37184;29283;48.7;38.4
48;2021-07-12;140;674;37324;29957;48.9;39.3
48;2021-07-13;212;431;37536;30388;49.2;39.8
48;2021-07-14;179;145;37715;30533;49.4;40.0
48;2021-07-15;187;459;37902;30992;49.7;40.6
48;2021-07-16;234;315;38136;31307;50.0;41.0
48;2021-07-17;129;118;38265;31425;50.2;41.2
48;2021-07-18;4;5;38269;31430;50.2;41.2
48;2021-07-19;105;306;38374;31736;50.3;41.6
48;2021-07-20;677;992;39051;32728;51.2;42.9
48;2021-07-21;69;371;39120;33099;51.3;43.4
48;2021-07-22;779;1124;39899;34223;52.3;44.9
48;2021-07-23;367;437;40266;34660;52.8;45.4
48;2021-07-24;509;170;40775;34830;53.5;45.7
48;2021-07-25;138;46;40913;34876;53.6;45.7
48;2021-07-26;101;198;41014;35074;53.8;46.0
48;2021-07-27;1194;644;42208;35718;55.3;46.8
48;2021-07-28;178;317;42386;36035;55.6;47.2
48;2021-07-29;714;645;43100;36680;56.5;48.1
48;2021-07-30;200;292;43300;36972;56.8;48.5
48;2021-07-31;337;178;43637;37150;57.2;48.7
48;2021-08-01;18;55;43655;37205;57.2;48.8
48;2021-08-02;228;164;43883;37369;57.5;49.0
48;2021-08-03;924;570;44807;37939;58.7;49.7
48;2021-08-04;328;220;45135;38159;59.2;50.0
48;2021-08-05;675;474;45810;38633;60.1;50.6
48;2021-08-06;442;275;46252;38908;60.6;51.0
48;2021-08-07;249;125;46501;39033;61.0;51.2
48;2021-08-08;2;5;46503;39038;61.0;51.2
48;2021-08-09;170;140;46673;39178;61.2;51.4
48;2021-08-10;725;554;47398;39732;62.1;52.1
48;2021-08-11;296;237;47694;39969;62.5;52.4
48;2021-08-12;418;414;48112;40383;63.1;52.9
48;2021-08-13;227;212;48339;40595;63.4;53.2
48;2021-08-14;138;165;48477;40760;63.5;53.4
48;2021-08-15;131;81;48608;40841;63.7;53.5
48;2021-08-16;121;191;48729;41032;63.9;53.8
48;2021-08-17;365;1188;49094;42220;64.4;55.3
48;2021-08-18;208;202;49302;42422;64.6;55.6
48;2021-08-19;240;325;49542;42747;64.9;56.0
48;2021-08-20;214;285;49756;43032;65.2;56.4
48;2021-08-21;85;233;49841;43265;65.3;56.7
48;2021-08-22;0;0;49841;43265;65.3;56.7
48;2021-08-23;65;153;49906;43418;65.4;56.9
48;2021-08-24;308;952;50214;44370;65.8;58.2
48;2021-08-25;156;349;50370;44719;66.0;58.6
48;2021-08-26;180;501;50550;45220;66.3;59.3
48;2021-08-27;152;337;50702;45557;66.5;59.7
48;2021-08-28;126;301;50828;45858;66.6;60.1
48;2021-08-29;0;1;50828;45859;66.6;60.1
48;2021-08-30;54;146;50882;46005;66.7;60.3
48;2021-08-31;258;1070;51140;47075;67.0;61.7
48;2021-09-01;123;346;51263;47421;67.2;62.2
48;2021-09-02;131;404;51394;47825;67.4;62.7
48;2021-09-03;124;328;51518;48153;67.5;63.1
48;2021-09-04;121;242;51639;48395;67.7;63.4
48;2021-09-05;3;26;51642;48421;67.7;63.5
48;2021-09-06;34;190;51676;48611;67.7;63.7
48;2021-09-07;158;392;51834;49003;67.9;64.2
48;2021-09-08;96;225;51930;49228;68.1;64.5
49;2020-12-27;0;0;0;0;0.0;0.0
49;2020-12-28;2;0;2;0;0.0;0.0
49;2020-12-29;0;0;2;0;0.0;0.0
49;2020-12-30;0;0;2;0;0.0;0.0
49;2020-12-31;0;0;2;0;0.0;0.0
49;2021-01-01;2;0;4;0;0.0;0.0
49;2021-01-02;1;1;5;1;0.0;0.0
49;2021-01-03;0;0;5;1;0.0;0.0
49;2021-01-04;10;0;15;1;0.0;0.0
49;2021-01-05;92;0;107;1;0.0;0.0
49;2021-01-06;232;0;339;1;0.0;0.0
49;2021-01-07;366;0;705;1;0.1;0.0
49;2021-01-08;329;1;1034;2;0.1;0.0
49;2021-01-09;118;0;1152;2;0.1;0.0
49;2021-01-10;114;0;1266;2;0.2;0.0
49;2021-01-11;287;0;1553;2;0.2;0.0
49;2021-01-12;623;0;2176;2;0.3;0.0
49;2021-01-13;602;2;2778;4;0.3;0.0
49;2021-01-14;590;5;3368;9;0.4;0.0
49;2021-01-15;775;1;4143;10;0.5;0.0
49;2021-01-16;147;0;4290;10;0.5;0.0
49;2021-01-17;111;2;4401;12;0.5;0.0
49;2021-01-18;691;0;5092;12;0.6;0.0
49;2021-01-19;1204;1;6296;13;0.8;0.0
49;2021-01-20;1511;3;7807;16;1.0;0.0
49;2021-01-21;1942;4;9749;20;1.2;0.0
49;2021-01-22;1319;4;11068;24;1.4;0.0
49;2021-01-23;263;1;11331;25;1.4;0.0
49;2021-01-24;1;0;11332;25;1.4;0.0
49;2021-01-25;552;3;11884;28;1.5;0.0
49;2021-01-26;987;74;12871;102;1.6;0.0
49;2021-01-27;1859;36;14730;138;1.8;0.0
49;2021-01-28;2878;81;17608;219;2.2;0.0
49;2021-01-29;1589;84;19197;303;2.4;0.0
49;2021-01-30;300;43;19497;346;2.4;0.0
49;2021-01-31;62;48;19559;394;2.4;0.0
49;2021-02-01;662;154;20221;548;2.5;0.1
49;2021-02-02;743;370;20964;918;2.6;0.1
49;2021-02-03;677;371;21641;1289;2.7;0.2
49;2021-02-04;758;433;22399;1722;2.7;0.2
49;2021-02-05;708;589;23107;2311;2.8;0.3
49;2021-02-06;229;103;23336;2414;2.9;0.3
49;2021-02-07;59;75;23395;2489;2.9;0.3
49;2021-02-08;549;438;23944;2927;2.9;0.4
49;2021-02-09;714;584;24658;3511;3.0;0.4
49;2021-02-10;806;878;25464;4389;3.1;0.5
49;2021-02-11;1029;1358;26493;5747;3.2;0.7
49;2021-02-12;871;926;27364;6673;3.4;0.8
49;2021-02-13;266;112;27630;6785;3.4;0.8
49;2021-02-14;9;98;27639;6883;3.4;0.8
49;2021-02-15;731;624;28370;7507;3.5;0.9
49;2021-02-16;1106;1078;29476;8585;3.6;1.1
49;2021-02-17;1159;1814;30635;10399;3.8;1.3
49;2021-02-18;1811;2378;32446;12777;4.0;1.6
49;2021-02-19;1395;1063;33841;13840;4.1;1.7
49;2021-02-20;233;348;34074;14188;4.2;1.7
49;2021-02-21;0;64;34074;14252;4.2;1.7
49;2021-02-22;646;515;34720;14767;4.3;1.8
49;2021-02-23;734;804;35454;15571;4.3;1.9
49;2021-02-24;822;567;36276;16138;4.4;2.0
49;2021-02-25;1208;733;37484;16871;4.6;2.1
49;2021-02-26;1678;767;39162;17638;4.8;2.2
49;2021-02-27;435;247;39597;17885;4.9;2.2
49;2021-02-28;49;36;39646;17921;4.9;2.2
49;2021-03-01;767;532;40413;18453;5.0;2.3
49;2021-03-02;1082;645;41495;19098;5.1;2.3
49;2021-03-03;1559;632;43054;19730;5.3;2.4
49;2021-03-04;1768;891;44822;20621;5.5;2.5
49;2021-03-05;2214;670;47036;21291;5.8;2.6
49;2021-03-06;717;175;47753;21466;5.9;2.6
49;2021-03-07;627;12;48380;21478;5.9;2.6
49;2021-03-08;1397;694;49777;22172;6.1;2.7
49;2021-03-09;2051;723;51828;22895;6.4;2.8
49;2021-03-10;2529;866;54357;23761;6.7;2.9
49;2021-03-11;3195;1462;57552;25223;7.1;3.1
49;2021-03-12;3766;1007;61318;26230;7.5;3.2
49;2021-03-13;1501;212;62819;26442;7.7;3.2
49;2021-03-14;6;0;62825;26442;7.7;3.2
49;2021-03-15;2084;529;64909;26971;8.0;3.3
49;2021-03-16;1733;958;66642;27929;8.2;3.4
49;2021-03-17;1811;675;68453;28604;8.4;3.5
49;2021-03-18;2204;725;70657;29329;8.7;3.6
49;2021-03-19;3334;563;73991;29892;9.1;3.7
49;2021-03-20;1743;203;75734;30095;9.3;3.7
49;2021-03-21;499;22;76233;30117;9.3;3.7
49;2021-03-22;2247;548;78480;30665;9.6;3.8
49;2021-03-23;3406;676;81886;31341;10.0;3.8
49;2021-03-24;3602;500;85488;31841;10.5;3.9
49;2021-03-25;4226;654;89714;32495;11.0;4.0
49;2021-03-26;4885;501;94599;32996;11.6;4.0
49;2021-03-27;1674;99;96273;33095;11.8;4.1
49;2021-03-28;400;27;96673;33122;11.8;4.1
49;2021-03-29;2371;605;99044;33727;12.1;4.1
49;2021-03-30;3267;937;102311;34664;12.5;4.2
49;2021-03-31;2980;749;105291;35413;12.9;4.3
49;2021-04-01;4122;867;109413;36280;13.4;4.4
49;2021-04-02;4297;953;113710;37233;13.9;4.6
49;2021-04-03;971;193;114681;37426;14.1;4.6
49;2021-04-04;315;3;114996;37429;14.1;4.6
49;2021-04-05;944;22;115940;37451;14.2;4.6
49;2021-04-06;2331;1320;118271;38771;14.5;4.8
49;2021-04-07;3307;1363;121578;40134;14.9;4.9
49;2021-04-08;5184;1426;126762;41560;15.5;5.1
49;2021-04-09;6207;1436;132969;42996;16.3;5.3
49;2021-04-10;2067;499;135036;43495;16.6;5.3
49;2021-04-11;390;8;135426;43503;16.6;5.3
49;2021-04-12;4075;1572;139501;45075;17.1;5.5
49;2021-04-13;5381;1913;144882;46988;17.8;5.8
49;2021-04-14;4542;1879;149424;48867;18.3;6.0
49;2021-04-15;5380;1885;154804;50752;19.0;6.2
49;2021-04-16;5762;2141;160566;52893;19.7;6.5
49;2021-04-17;3336;853;163902;53746;20.1;6.6
49;2021-04-18;381;476;164283;54222;20.1;6.6
49;2021-04-19;3710;2056;167993;56278;20.6;6.9
49;2021-04-20;4375;2110;172368;58388;21.1;7.2
49;2021-04-21;3954;2204;176322;60592;21.6;7.4
49;2021-04-22;4836;2108;181158;62700;22.2;7.7
49;2021-04-23;4814;2333;185972;65033;22.8;8.0
49;2021-04-24;2939;1155;188911;66188;23.2;8.1
49;2021-04-25;40;282;188951;66470;23.2;8.1
49;2021-04-26;3743;2112;192694;68582;23.6;8.4
49;2021-04-27;4473;2505;197167;71087;24.2;8.7
49;2021-04-28;4617;2497;201784;73584;24.7;9.0
49;2021-04-29;5206;3025;206990;76609;25.4;9.4
49;2021-04-30;5556;3205;212546;79814;26.1;9.8
49;2021-05-01;2364;666;214910;80480;26.3;9.9
49;2021-05-02;5;40;214915;80520;26.3;9.9
49;2021-05-03;5012;2409;219927;82929;27.0;10.2
49;2021-05-04;4972;3039;224899;85968;27.6;10.5
49;2021-05-05;4789;3007;229688;88975;28.2;10.9
49;2021-05-06;5330;3094;235018;92069;28.8;11.3
49;2021-05-07;4281;5017;239299;97086;29.3;11.9
49;2021-05-08;3577;437;242876;97523;29.8;12.0
49;2021-05-09;10;41;242886;97564;29.8;12.0
49;2021-05-10;4830;4277;247716;101841;30.4;12.5
49;2021-05-11;5397;5087;253113;106928;31.0;13.1
49;2021-05-12;4800;4594;257913;111522;31.6;13.7
49;2021-05-13;4779;690;262692;112212;32.2;13.8
49;2021-05-14;5172;3269;267864;115481;32.8;14.2
49;2021-05-15;4157;1806;272021;117287;33.3;14.4
49;2021-05-16;2788;119;274809;117406;33.7;14.4
49;2021-05-17;4834;3684;279643;121090;34.3;14.8
49;2021-05-18;5474;3770;285117;124860;34.9;15.3
49;2021-05-19;5918;3231;291035;128091;35.7;15.7
49;2021-05-20;6809;2965;297844;131056;36.5;16.1
49;2021-05-21;6452;3745;304296;134801;37.3;16.5
49;2021-05-22;5186;1190;309482;135991;37.9;16.7
49;2021-05-23;1;12;309483;136003;37.9;16.7
49;2021-05-24;4215;448;313698;136451;38.4;16.7
49;2021-05-25;6330;3307;320028;139758;39.2;17.1
49;2021-05-26;6274;2666;326302;142424;40.0;17.5
49;2021-05-27;7111;2723;333413;145147;40.9;17.8
49;2021-05-28;6877;4012;340290;149159;41.7;18.3
49;2021-05-29;5024;1894;345314;151053;42.3;18.5
49;2021-05-30;21;14;345335;151067;42.3;18.5
49;2021-05-31;6038;3220;351373;154287;43.1;18.9
49;2021-06-01;6591;3986;357964;158273;43.9;19.4
49;2021-06-02;5795;3742;363759;162015;44.6;19.9
49;2021-06-03;6605;3421;370364;165436;45.4;20.3
49;2021-06-04;6471;4863;376835;170299;46.2;20.9
49;2021-06-05;4387;2695;381222;172994;46.7;21.2
49;2021-06-06;38;52;381260;173046;46.7;21.2
49;2021-06-07;4634;4761;385894;177807;47.3;21.8
49;2021-06-08;5188;5103;391082;182910;47.9;22.4
49;2021-06-09;5324;4501;396406;187411;48.6;23.0
49;2021-06-10;6005;3782;402411;191193;49.3;23.4
49;2021-06-11;4872;6035;407283;197228;49.9;24.2
49;2021-06-12;4098;3203;411381;200431;50.4;24.6
49;2021-06-13;20;989;411401;201420;50.4;24.7
49;2021-06-14;3412;6016;414813;207436;50.8;25.4
49;2021-06-15;4243;6397;419056;213833;51.4;26.2
49;2021-06-16;4153;5681;423209;219514;51.9;26.9
49;2021-06-17;5068;5077;428277;224591;52.5;27.5
49;2021-06-18;4134;6889;432411;231480;53.0;28.4
49;2021-06-19;3525;3973;435936;235453;53.4;28.9
49;2021-06-20;33;25;435969;235478;53.4;28.9
49;2021-06-21;2829;6511;438798;241989;53.8;29.7
49;2021-06-22;3208;7004;442006;248993;54.2;30.5
49;2021-06-23;3254;6315;445260;255308;54.6;31.3
49;2021-06-24;4318;4979;449578;260287;55.1;31.9
49;2021-06-25;3326;7450;452904;267737;55.5;32.8
49;2021-06-26;2570;4626;455474;272363;55.8;33.4
49;2021-06-27;15;1544;455489;273907;55.8;33.6
49;2021-06-28;2234;7185;457723;281092;56.1;34.5
49;2021-06-29;3029;7271;460752;288363;56.5;35.3
49;2021-06-30;2826;6805;463578;295168;56.8;36.2
49;2021-07-01;3394;6275;466972;301443;57.2;36.9
49;2021-07-02;3069;8071;470041;309514;57.6;37.9
49;2021-07-03;2008;5486;472049;315000;57.9;38.6
49;2021-07-04;7;53;472056;315053;57.9;38.6
49;2021-07-05;1742;7081;473798;322134;58.1;39.5
49;2021-07-06;1895;7552;475693;329686;58.3;40.4
49;2021-07-07;2102;6626;477795;336312;58.6;41.2
49;2021-07-08;2691;6358;480486;342670;58.9;42.0
49;2021-07-09;2362;8248;482848;350918;59.2;43.0
49;2021-07-10;1804;5343;484652;356261;59.4;43.7
49;2021-07-11;11;35;484663;356296;59.4;43.7
49;2021-07-12;1948;7713;486611;364009;59.6;44.6
49;2021-07-13;2573;8305;489184;372314;60.0;45.6
49;2021-07-14;2893;3374;492077;375688;60.3;46.0
49;2021-07-15;3168;7555;495245;383243;60.7;47.0
49;2021-07-16;3398;8300;498643;391543;61.1;48.0
49;2021-07-17;2103;5479;500746;397022;61.4;48.7
49;2021-07-18;3750;582;504496;397604;61.8;48.7
49;2021-07-19;2668;7452;507164;405056;62.2;49.6
49;2021-07-20;3588;7480;510752;412536;62.6;50.6
49;2021-07-21;4230;6464;514982;419000;63.1;51.4
49;2021-07-22;4814;5865;519796;424865;63.7;52.1
49;2021-07-23;5116;6626;524912;431491;64.3;52.9
49;2021-07-24;3688;5002;528600;436493;64.8;53.5
49;2021-07-25;67;33;528667;436526;64.8;53.5
49;2021-07-26;4516;5902;533183;442428;65.4;54.2
49;2021-07-27;5754;5444;538937;447872;66.1;54.9
49;2021-07-28;6017;4364;544954;452236;66.8;55.4
49;2021-07-29;6702;4155;551656;456391;67.6;55.9
49;2021-07-30;6176;4789;557832;461180;68.4;56.5
49;2021-07-31;3958;3422;561790;464602;68.9;56.9
49;2021-08-01;21;22;561811;464624;68.9;56.9
49;2021-08-02;4271;4654;566082;469278;69.4;57.5
49;2021-08-03;5433;3804;571515;473082;70.0;58.0
49;2021-08-04;5261;3717;576776;476799;70.7;58.4
49;2021-08-05;5305;3289;582081;480088;71.3;58.8
49;2021-08-06;5715;4282;587796;484370;72.0;59.4
49;2021-08-07;3915;3044;591711;487414;72.5;59.7
49;2021-08-08;24;36;591735;487450;72.5;59.7
49;2021-08-09;3497;4680;595232;492130;73.0;60.3
49;2021-08-10;4222;3902;599454;496032;73.5;60.8
49;2021-08-11;3982;3650;603436;499682;74.0;61.2
49;2021-08-12;2637;3056;606073;502738;74.3;61.6
49;2021-08-13;3869;4266;609942;507004;74.8;62.1
49;2021-08-14;2272;3149;612214;510153;75.0;62.5
49;2021-08-15;29;26;612243;510179;75.0;62.5
49;2021-08-16;2722;5061;614965;515240;75.4;63.2
49;2021-08-17;3272;4914;618237;520154;75.8;63.8
49;2021-08-18;2969;4114;621206;524268;76.1;64.3
49;2021-08-19;1536;3661;622742;527929;76.3;64.7
49;2021-08-20;2725;5775;625467;533704;76.7;65.4
49;2021-08-21;1377;4149;626844;537853;76.8;65.9
49;2021-08-22;6;41;626850;537894;76.8;65.9
49;2021-08-23;2247;5625;629097;543519;77.1;66.6
49;2021-08-24;2733;5784;631830;549303;77.4;67.3
49;2021-08-25;2325;5431;634155;554734;77.7;68.0
49;2021-08-26;1704;4827;635859;559561;77.9;68.6
49;2021-08-27;2440;6809;638299;566370;78.2;69.4
49;2021-08-28;901;4304;639200;570674;78.3;69.9
49;2021-08-29;4;94;639204;570768;78.3;70.0
49;2021-08-30;1151;4295;640355;575063;78.5;70.5
49;2021-08-31;2232;6002;642587;581065;78.8;71.2
49;2021-09-01;1678;4424;644265;585489;79.0;71.8
49;2021-09-02;1048;2803;645313;588292;79.1;72.1
49;2021-09-03;1453;4182;646766;592474;79.3;72.6
49;2021-09-04;1207;3566;647973;596040;79.4;73.1
49;2021-09-05;4;9;647977;596049;79.4;73.1
49;2021-09-06;1092;2916;649069;598965;79.6;73.4
49;2021-09-07;1171;2865;650240;601830;79.7;73.8
49;2021-09-08;970;3301;651210;605131;79.8;74.2
50;2020-12-27;0;0;0;0;0.0;0.0
50;2020-12-28;0;0;0;0;0.0;0.0
50;2020-12-29;1;0;1;0;0.0;0.0
50;2020-12-30;0;0;1;0;0.0;0.0
50;2020-12-31;0;0;1;0;0.0;0.0
50;2021-01-01;0;0;1;0;0.0;0.0
50;2021-01-02;0;0;1;0;0.0;0.0
50;2021-01-03;0;0;1;0;0.0;0.0
50;2021-01-04;1;0;2;0;0.0;0.0
50;2021-01-05;0;0;2;0;0.0;0.0
50;2021-01-06;126;0;128;0;0.0;0.0
50;2021-01-07;323;0;451;0;0.1;0.0
50;2021-01-08;436;2;887;2;0.2;0.0
50;2021-01-09;236;0;1123;2;0.2;0.0
50;2021-01-10;23;0;1146;2;0.2;0.0
50;2021-01-11;391;1;1537;3;0.3;0.0
50;2021-01-12;600;0;2137;3;0.4;0.0
50;2021-01-13;694;4;2831;7;0.6;0.0
50;2021-01-14;1046;5;3877;12;0.8;0.0
50;2021-01-15;710;2;4587;14;0.9;0.0
50;2021-01-16;215;3;4802;17;1.0;0.0
50;2021-01-17;1;0;4803;17;1.0;0.0
50;2021-01-18;620;1;5423;18;1.1;0.0
50;2021-01-19;900;3;6323;21;1.3;0.0
50;2021-01-20;965;0;7288;21;1.5;0.0
50;2021-01-21;917;4;8205;25;1.7;0.0
50;2021-01-22;713;2;8918;27;1.8;0.0
50;2021-01-23;667;4;9585;31;2.0;0.0
50;2021-01-24;880;3;10465;34;2.1;0.0
50;2021-01-25;2711;9;13176;43;2.7;0.0
50;2021-01-26;1336;14;14512;57;3.0;0.0
50;2021-01-27;766;56;15278;113;3.1;0.0
50;2021-01-28;718;163;15996;276;3.3;0.1
50;2021-01-29;581;294;16577;570;3.4;0.1
50;2021-01-30;381;161;16958;731;3.5;0.1
50;2021-01-31;0;0;16958;731;3.5;0.1
50;2021-02-01;449;213;17407;944;3.5;0.2
50;2021-02-02;417;227;17824;1171;3.6;0.2
50;2021-02-03;391;369;18215;1540;3.7;0.3
50;2021-02-04;486;435;18701;1975;3.8;0.4
50;2021-02-05;424;435;19125;2410;3.9;0.5
50;2021-02-06;179;107;19304;2517;3.9;0.5
50;2021-02-07;0;0;19304;2517;3.9;0.5
50;2021-02-08;254;463;19558;2980;4.0;0.6
50;2021-02-09;246;572;19804;3552;4.0;0.7
50;2021-02-10;571;496;20375;4048;4.2;0.8
50;2021-02-11;437;872;20812;4920;4.2;1.0
50;2021-02-12;329;612;21141;5532;4.3;1.1
50;2021-02-13;306;458;21447;5990;4.4;1.2
50;2021-02-14;185;819;21632;6809;4.4;1.4
50;2021-02-15;663;1937;22295;8746;4.5;1.8
50;2021-02-16;746;1527;23041;10273;4.7;2.1
50;2021-02-17;632;726;23673;10999;4.8;2.2
50;2021-02-18;569;734;24242;11733;4.9;2.4
50;2021-02-19;631;441;24873;12174;5.1;2.5
50;2021-02-20;423;156;25296;12330;5.2;2.5
50;2021-02-21;85;22;25381;12352;5.2;2.5
50;2021-02-22;291;640;25672;12992;5.2;2.6
50;2021-02-23;502;486;26174;13478;5.3;2.7
50;2021-02-24;624;527;26798;14005;5.5;2.9
50;2021-02-25;779;523;27577;14528;5.6;3.0
50;2021-02-26;999;348;28576;14876;5.8;3.0
50;2021-02-27;887;107;29463;14983;6.0;3.1
50;2021-02-28;111;0;29574;14983;6.0;3.1
50;2021-03-01;488;492;30062;15475;6.1;3.2
50;2021-03-02;651;488;30713;15963;6.3;3.3
50;2021-03-03;797;415;31510;16378;6.4;3.3
50;2021-03-04;1248;311;32758;16689;6.7;3.4
50;2021-03-05;1553;326;34311;17015;7.0;3.5
50;2021-03-06;1319;148;35630;17163;7.3;3.5
50;2021-03-07;550;42;36180;17205;7.4;3.5
50;2021-03-08;1025;614;37205;17819;7.6;3.6
50;2021-03-09;1559;576;38764;18395;7.9;3.7
50;2021-03-10;1609;319;40373;18714;8.2;3.8
50;2021-03-11;2352;352;42725;19066;8.7;3.9
50;2021-03-12;2866;250;45591;19316;9.3;3.9
50;2021-03-13;1994;136;47585;19452;9.7;4.0
50;2021-03-14;280;41;47865;19493;9.8;4.0
50;2021-03-15;1378;296;49243;19789;10.0;4.0
50;2021-03-16;1341;281;50584;20070;10.3;4.1
50;2021-03-17;1296;409;51880;20479;10.6;4.2
50;2021-03-18;1162;429;53042;20908;10.8;4.3
50;2021-03-19;1733;579;54775;21487;11.2;4.4
50;2021-03-20;1688;230;56463;21717;11.5;4.4
50;2021-03-21;794;12;57257;21729;11.7;4.4
50;2021-03-22;1509;334;58766;22063;12.0;4.5
50;2021-03-23;2077;398;60843;22461;12.4;4.6
50;2021-03-24;2281;551;63124;23012;12.9;4.7
50;2021-03-25;2812;471;65936;23483;13.4;4.8
50;2021-03-26;3206;471;69142;23954;14.1;4.9
50;2021-03-27;1823;375;70965;24329;14.5;5.0
50;2021-03-28;403;20;71368;24349;14.5;5.0
50;2021-03-29;2139;721;73507;25070;15.0;5.1
50;2021-03-30;2283;646;75790;25716;15.4;5.2
50;2021-03-31;2478;571;78268;26287;16.0;5.4
50;2021-04-01;3106;866;81374;27153;16.6;5.5
50;2021-04-02;2963;930;84337;28083;17.2;5.7
50;2021-04-03;1245;682;85582;28765;17.4;5.9
50;2021-04-04;321;136;85903;28901;17.5;5.9
50;2021-04-05;400;27;86303;28928;17.6;5.9
50;2021-04-06;2129;1223;88432;30151;18.0;6.1
50;2021-04-07;2559;1176;90991;31327;18.5;6.4
50;2021-04-08;3597;1210;94588;32537;19.3;6.6
50;2021-04-09;3936;1299;98524;33836;20.1;6.9
50;2021-04-10;2533;875;101057;34711;20.6;7.1
50;2021-04-11;411;144;101468;34855;20.7;7.1
50;2021-04-12;2438;1376;103906;36231;21.2;7.4
50;2021-04-13;2677;1518;106583;37749;21.7;7.7
50;2021-04-14;2608;1352;109191;39101;22.3;8.0
50;2021-04-15;3162;1117;112353;40218;22.9;8.2
50;2021-04-16;3365;1102;115718;41320;23.6;8.4
50;2021-04-17;2398;1184;118116;42504;24.1;8.7
50;2021-04-18;425;664;118541;43168;24.2;8.8
50;2021-04-19;1997;1473;120538;44641;24.6;9.1
50;2021-04-20;2275;1587;122813;46228;25.0;9.4
50;2021-04-21;2552;1760;125365;47988;25.5;9.8
50;2021-04-22;3078;1827;128443;49815;26.2;10.2
50;2021-04-23;2757;1916;131200;51731;26.7;10.5
50;2021-04-24;1900;1430;133100;53161;27.1;10.8
50;2021-04-25;470;272;133570;53433;27.2;10.9
50;2021-04-26;2120;1885;135690;55318;27.7;11.3
50;2021-04-27;2413;2002;138103;57320;28.1;11.7
50;2021-04-28;2708;1974;140811;59294;28.7;12.1
50;2021-04-29;3286;2044;144097;61338;29.4;12.5
50;2021-04-30;3000;1930;147097;63268;30.0;12.9
50;2021-05-01;1015;596;148112;63864;30.2;13.0
50;2021-05-02;523;448;148635;64312;30.3;13.1
50;2021-05-03;1771;1804;150406;66116;30.7;13.5
50;2021-05-04;1771;2330;152177;68446;31.0;13.9
50;2021-05-05;1661;2950;153838;71396;31.4;14.6
50;2021-05-06;2531;2578;156369;73974;31.9;15.1
50;2021-05-07;2150;2857;158519;76831;32.3;15.7
50;2021-05-08;1171;791;159690;77622;32.5;15.8
50;2021-05-09;624;362;160314;77984;32.7;15.9
50;2021-05-10;1705;2604;162019;80588;33.0;16.4
50;2021-05-11;2543;2843;164562;83431;33.5;17.0
50;2021-05-12;3180;2437;167742;85868;34.2;17.5
50;2021-05-13;3383;611;171125;86479;34.9;17.6
50;2021-05-14;3571;2275;174696;88754;35.6;18.1
50;2021-05-15;4000;1875;178696;90629;36.4;18.5
50;2021-05-16;947;267;179643;90896;36.6;18.5
50;2021-05-17;2140;1877;181783;92773;37.0;18.9
50;2021-05-18;2523;1620;184306;94393;37.6;19.2
50;2021-05-19;2503;1446;186809;95839;38.1;19.5
50;2021-05-20;3261;1624;190070;97463;38.7;19.9
50;2021-05-21;3159;1909;193229;99372;39.4;20.3
50;2021-05-22;2651;1324;195880;100696;39.9;20.5
50;2021-05-23;604;284;196484;100980;40.0;20.6
50;2021-05-24;1527;490;198011;101470;40.4;20.7
50;2021-05-25;2450;1672;200461;103142;40.9;21.0
50;2021-05-26;3000;1458;203461;104600;41.5;21.3
50;2021-05-27;3034;1975;206495;106575;42.1;21.7
50;2021-05-28;2946;2120;209441;108695;42.7;22.2
50;2021-05-29;2760;1403;212201;110098;43.2;22.4
50;2021-05-30;812;328;213013;110426;43.4;22.5
50;2021-05-31;2652;1816;215665;112242;44.0;22.9
50;2021-06-01;3332;2068;218997;114310;44.6;23.3
50;2021-06-02;3260;1789;222257;116099;45.3;23.7
50;2021-06-03;3914;2064;226171;118163;46.1;24.1
50;2021-06-04;3824;2879;229995;121042;46.9;24.7
50;2021-06-05;2961;1840;232956;122882;47.5;25.0
50;2021-06-06;813;443;233769;123325;47.6;25.1
50;2021-06-07;3513;2083;237282;125408;48.4;25.6
50;2021-06-08;4072;2228;241354;127636;49.2;26.0
50;2021-06-09;4255;1990;245609;129626;50.1;26.4
50;2021-06-10;4198;2120;249807;131746;50.9;26.9
50;2021-06-11;4226;2714;254033;134460;51.8;27.4
50;2021-06-12;3738;1614;257771;136074;52.5;27.7
50;2021-06-13;1143;451;258914;136525;52.8;27.8
50;2021-06-14;2694;2966;261608;139491;53.3;28.4
50;2021-06-15;3020;2600;264628;142091;53.9;29.0
50;2021-06-16;3096;1974;267724;144065;54.6;29.4
50;2021-06-17;2798;2487;270522;146552;55.1;29.9
50;2021-06-18;3240;3053;273762;149605;55.8;30.5
50;2021-06-19;3178;1925;276940;151530;56.4;30.9
50;2021-06-20;731;710;277671;152240;56.6;31.0
50;2021-06-21;1819;3130;279490;155370;57.0;31.7
50;2021-06-22;2064;3393;281554;158763;57.4;32.4
50;2021-06-23;1873;3875;283427;162638;57.8;33.1
50;2021-06-24;1714;4008;285141;166646;58.1;34.0
50;2021-06-25;2135;4010;287276;170656;58.5;34.8
50;2021-06-26;2146;3693;289422;174349;59.0;35.5
50;2021-06-27;616;895;290038;175244;59.1;35.7
50;2021-06-28;1926;3349;291964;178593;59.5;36.4
50;2021-06-29;1882;3406;293846;181999;59.9;37.1
50;2021-06-30;2183;3407;296029;185406;60.3;37.8
50;2021-07-01;1947;3286;297976;188692;60.7;38.5
50;2021-07-02;1899;3931;299875;192623;61.1;39.3
50;2021-07-03;1447;3445;301322;196068;61.4;40.0
50;2021-07-04;445;1066;301767;197134;61.5;40.2
50;2021-07-05;1262;3412;303029;200546;61.8;40.9
50;2021-07-06;1576;3894;304605;204440;62.1;41.7
50;2021-07-07;1803;3618;306408;208058;62.4;42.4
50;2021-07-08;1377;4106;307785;212164;62.7;43.2
50;2021-07-09;1395;4572;309180;216736;63.0;44.2
50;2021-07-10;1025;3599;310205;220335;63.2;44.9
50;2021-07-11;373;1018;310578;221353;63.3;45.1
50;2021-07-12;1318;4625;311896;225978;63.6;46.1
50;2021-07-13;1626;4858;313522;230836;63.9;47.0
50;2021-07-14;1476;2359;314998;233195;64.2;47.5
50;2021-07-15;1687;5055;316685;238250;64.5;48.6
50;2021-07-16;2994;5243;319679;243493;65.2;49.6
50;2021-07-17;2149;3731;321828;247224;65.6;50.4
50;2021-07-18;402;1089;322230;248313;65.7;50.6
50;2021-07-19;1574;5184;323804;253497;66.0;51.7
50;2021-07-20;1929;5412;325733;258909;66.4;52.8
50;2021-07-21;1803;5257;327536;264166;66.8;53.8
50;2021-07-22;1949;5006;329485;269172;67.2;54.9
50;2021-07-23;2072;5372;331557;274544;67.6;56.0
50;2021-07-24;1310;3837;332867;278381;67.8;56.7
50;2021-07-25;274;1037;333141;279418;67.9;56.9
50;2021-07-26;2289;3486;335430;282904;68.4;57.7
50;2021-07-27;2897;3345;338327;286249;69.0;58.3
50;2021-07-28;2994;3688;341321;289937;69.6;59.1
50;2021-07-29;3579;3231;344900;293168;70.3;59.7
50;2021-07-30;3073;3004;347973;296172;70.9;60.4
50;2021-07-31;2406;2672;350379;298844;71.4;60.9
50;2021-08-01;483;685;350862;299529;71.5;61.0
50;2021-08-02;2469;2739;353331;302268;72.0;61.6
50;2021-08-03;3398;2469;356729;304737;72.7;62.1
50;2021-08-04;3596;2321;360325;307058;73.4;62.6
50;2021-08-05;3174;2160;363499;309218;74.1;63.0
50;2021-08-06;3643;2799;367142;312017;74.8;63.6
50;2021-08-07;2458;2156;369600;314173;75.3;64.0
50;2021-08-08;511;713;370111;314886;75.4;64.2
50;2021-08-09;2482;2133;372593;317019;75.9;64.6
50;2021-08-10;2964;1985;375557;319004;76.5;65.0
50;2021-08-11;2824;2017;378381;321021;77.1;65.4
50;2021-08-12;2567;2439;380948;323460;77.6;65.9
50;2021-08-13;2460;1985;383408;325445;78.1;66.3
50;2021-08-14;1806;1746;385214;327191;78.5;66.7
50;2021-08-15;399;334;385613;327525;78.6;66.8
50;2021-08-16;1692;2228;387305;329753;78.9;67.2
50;2021-08-17;1949;2703;389254;332456;79.3;67.8
50;2021-08-18;1812;2388;391066;334844;79.7;68.2
50;2021-08-19;1687;2573;392753;337417;80.0;68.8
50;2021-08-20;1596;2744;394349;340161;80.4;69.3
50;2021-08-21;1004;2727;395353;342888;80.6;69.9
50;2021-08-22;384;519;395737;343407;80.7;70.0
50;2021-08-23;1135;2902;396872;346309;80.9;70.6
50;2021-08-24;1235;3222;398107;349531;81.1;71.2
50;2021-08-25;1084;2650;399191;352181;81.4;71.8
50;2021-08-26;856;3155;400047;355336;81.5;72.4
50;2021-08-27;929;3180;400976;358516;81.7;73.1
50;2021-08-28;789;2888;401765;361404;81.9;73.7
50;2021-08-29;282;574;402047;361978;81.9;73.8
50;2021-08-30;767;2944;402814;364922;82.1;74.4
50;2021-08-31;816;3032;403630;367954;82.3;75.0
50;2021-09-01;627;2885;404257;370839;82.4;75.6
50;2021-09-02;499;2536;404756;373375;82.5;76.1
50;2021-09-03;652;2836;405408;376211;82.6;76.7
50;2021-09-04;619;2981;406027;379192;82.7;77.3
50;2021-09-05;194;741;406221;379933;82.8;77.4
50;2021-09-06;372;2163;406593;382096;82.9;77.9
50;2021-09-07;292;1701;406885;383797;82.9;78.2
50;2021-09-08;455;2114;407340;385911;83.0;78.6
51;2020-12-27;0;0;0;0;0.0;0.0
51;2020-12-28;0;0;0;0;0.0;0.0
51;2020-12-29;0;0;0;0;0.0;0.0
51;2020-12-30;0;0;0;0;0.0;0.0
51;2020-12-31;1;0;1;0;0.0;0.0
51;2021-01-01;0;0;1;0;0.0;0.0
51;2021-01-02;0;0;1;0;0.0;0.0
51;2021-01-03;0;0;1;0;0.0;0.0
51;2021-01-04;1;0;2;0;0.0;0.0
51;2021-01-05;1;0;3;0;0.0;0.0
51;2021-01-06;6;0;9;0;0.0;0.0
51;2021-01-07;262;1;271;1;0.0;0.0
51;2021-01-08;507;1;778;2;0.1;0.0
51;2021-01-09;91;0;869;2;0.2;0.0
51;2021-01-10;0;0;869;2;0.2;0.0
51;2021-01-11;545;2;1414;4;0.3;0.0
51;2021-01-12;1539;4;2953;8;0.5;0.0
51;2021-01-13;1291;5;4244;13;0.8;0.0
51;2021-01-14;1476;6;5720;19;1.0;0.0
51;2021-01-15;607;3;6327;22;1.1;0.0
51;2021-01-16;177;1;6504;23;1.2;0.0
51;2021-01-17;102;0;6606;23;1.2;0.0
51;2021-01-18;846;3;7452;26;1.3;0.0
51;2021-01-19;999;2;8451;28;1.5;0.0
51;2021-01-20;944;8;9395;36;1.7;0.0
51;2021-01-21;790;2;10185;38;1.8;0.0
51;2021-01-22;392;2;10577;40;1.9;0.0
51;2021-01-23;294;0;10871;40;1.9;0.0
51;2021-01-24;130;1;11001;41;2.0;0.0
51;2021-01-25;712;3;11713;44;2.1;0.0
51;2021-01-26;780;5;12493;49;2.2;0.0
51;2021-01-27;655;2;13148;51;2.3;0.0
51;2021-01-28;646;57;13794;108;2.4;0.0
51;2021-01-29;474;142;14268;250;2.5;0.0
51;2021-01-30;126;5;14394;255;2.6;0.0
51;2021-01-31;83;0;14477;255;2.6;0.0
51;2021-02-01;275;58;14752;313;2.6;0.1
51;2021-02-02;738;711;15490;1024;2.7;0.2
51;2021-02-03;642;454;16132;1478;2.9;0.3
51;2021-02-04;968;789;17100;2267;3.0;0.4
51;2021-02-05;973;508;18073;2775;3.2;0.5
51;2021-02-06;30;139;18103;2914;3.2;0.5
51;2021-02-07;0;18;18103;2932;3.2;0.5
51;2021-02-08;115;396;18218;3328;3.2;0.6
51;2021-02-09;222;457;18440;3785;3.3;0.7
51;2021-02-10;219;614;18659;4399;3.3;0.8
51;2021-02-11;299;505;18958;4904;3.4;0.9
51;2021-02-12;341;515;19299;5419;3.4;1.0
51;2021-02-13;8;102;19307;5521;3.4;1.0
51;2021-02-14;8;131;19315;5652;3.4;1.0
51;2021-02-15;265;678;19580;6330;3.5;1.1
51;2021-02-16;400;828;19980;7158;3.5;1.3
51;2021-02-17;367;756;20347;7914;3.6;1.4
51;2021-02-18;437;523;20784;8437;3.7;1.5
51;2021-02-19;529;398;21313;8835;3.8;1.6
51;2021-02-20;205;281;21518;9116;3.8;1.6
51;2021-02-21;10;93;21528;9209;3.8;1.6
51;2021-02-22;195;598;21723;9807;3.9;1.7
51;2021-02-23;262;996;21985;10803;3.9;1.9
51;2021-02-24;414;603;22399;11406;4.0;2.0
51;2021-02-25;1050;816;23449;12222;4.2;2.2
51;2021-02-26;1227;624;24676;12846;4.4;2.3
51;2021-02-27;590;104;25266;12950;4.5;2.3
51;2021-02-28;7;59;25273;13009;4.5;2.3
51;2021-03-01;767;288;26040;13297;4.6;2.4
51;2021-03-02;1128;425;27168;13722;4.8;2.4
51;2021-03-03;1193;432;28361;14154;5.0;2.5
51;2021-03-04;1061;662;29422;14816;5.2;2.6
51;2021-03-05;1560;609;30982;15425;5.5;2.7
51;2021-03-06;1433;58;32415;15483;5.7;2.7
51;2021-03-07;250;6;32665;15489;5.8;2.7
51;2021-03-08;992;100;33657;15589;6.0;2.8
51;2021-03-09;1664;190;35321;15779;6.3;2.8
51;2021-03-10;1993;101;37314;15880;6.6;2.8
51;2021-03-11;2372;169;39686;16049;7.0;2.8
51;2021-03-12;3253;155;42939;16204;7.6;2.9
51;2021-03-13;2550;51;45489;16255;8.1;2.9
51;2021-03-14;190;5;45679;16260;8.1;2.9
51;2021-03-15;1580;150;47259;16410;8.4;2.9
51;2021-03-16;1479;184;48738;16594;8.6;2.9
51;2021-03-17;1497;206;50235;16800;8.9;3.0
51;2021-03-18;1615;287;51850;17087;9.2;3.0
51;2021-03-19;2311;300;54161;17387;9.6;3.1
51;2021-03-20;1662;216;55823;17603;9.9;3.1
51;2021-03-21;133;4;55956;17607;9.9;3.1
51;2021-03-22;1417;122;57373;17729;10.2;3.1
51;2021-03-23;2468;165;59841;17894;10.6;3.2
51;2021-03-24;2844;131;62685;18025;11.1;3.2
51;2021-03-25;3254;335;65939;18360;11.7;3.3
51;2021-03-26;3413;503;69352;18863;12.3;3.3
51;2021-03-27;1842;251;71194;19114;12.6;3.4
51;2021-03-28;213;3;71407;19117;12.7;3.4
51;2021-03-29;991;636;72398;19753;12.8;3.5
51;2021-03-30;1748;852;74146;20605;13.2;3.7
51;2021-03-31;1738;757;75884;21362;13.5;3.8
51;2021-04-01;2283;447;78167;21809;13.9;3.9
51;2021-04-02;2425;641;80592;22450;14.3;4.0
51;2021-04-03;1304;411;81896;22861;14.5;4.1
51;2021-04-04;106;2;82002;22863;14.5;4.1
51;2021-04-05;72;141;82074;23004;14.6;4.1
51;2021-04-06;763;1234;82837;24238;14.7;4.3
51;2021-04-07;1313;1409;84150;25647;14.9;4.5
51;2021-04-08;2206;1770;86356;27417;15.3;4.9
51;2021-04-09;2862;1730;89218;29147;15.8;5.2
51;2021-04-10;2219;497;91437;29644;16.2;5.3
51;2021-04-11;105;85;91542;29729;16.2;5.3
51;2021-04-12;1450;1340;92992;31069;16.5;5.5
51;2021-04-13;1936;1680;94928;32749;16.8;5.8
51;2021-04-14;2461;1555;97389;34304;17.3;6.1
51;2021-04-15;2855;1671;100244;35975;17.8;6.4
51;2021-04-16;3215;1596;103459;37571;18.3;6.7
51;2021-04-17;1966;775;105425;38346;18.7;6.8
51;2021-04-18;296;114;105721;38460;18.8;6.8
51;2021-04-19;1561;1160;107282;39620;19.0;7.0
51;2021-04-20;1794;1662;109076;41282;19.3;7.3
51;2021-04-21;2005;1740;111081;43022;19.7;7.6
51;2021-04-22;2407;1660;113488;44682;20.1;7.9
51;2021-04-23;2982;1829;116470;46511;20.7;8.2
51;2021-04-24;1750;951;118220;47462;21.0;8.4
51;2021-04-25;123;161;118343;47623;21.0;8.4
51;2021-04-26;1851;761;120194;48384;21.3;8.6
51;2021-04-27;2442;1232;122636;49616;21.8;8.8
51;2021-04-28;2552;1294;125188;50910;22.2;9.0
51;2021-04-29;2674;1463;127862;52373;22.7;9.3
51;2021-04-30;2976;1673;130838;54046;23.2;9.6
51;2021-05-01;1454;413;132292;54459;23.5;9.7
51;2021-05-02;107;99;132399;54558;23.5;9.7
51;2021-05-03;2484;763;134883;55321;23.9;9.8
51;2021-05-04;2788;1353;137671;56674;24.4;10.1
51;2021-05-05;2860;1638;140531;58312;24.9;10.3
51;2021-05-06;5344;1952;145875;60264;25.9;10.7
51;2021-05-07;3705;1924;149580;62188;26.5;11.0
51;2021-05-08;2861;819;152441;63007;27.0;11.2
51;2021-05-09;211;92;152652;63099;27.1;11.2
51;2021-05-10;3215;1867;155867;64966;27.6;11.5
51;2021-05-11;3643;2038;159510;67004;28.3;11.9
51;2021-05-12;4182;2234;163692;69238;29.0;12.3
51;2021-05-13;1778;505;165470;69743;29.3;12.4
51;2021-05-14;5402;1744;170872;71487;30.3;12.7
51;2021-05-15;4229;1355;175101;72842;31.1;12.9
51;2021-05-16;284;46;175385;72888;31.1;12.9
51;2021-05-17;3133;1526;178518;74414;31.7;13.2
51;2021-05-18;3918;1769;182436;76183;32.4;13.5
51;2021-05-19;4031;1723;186467;77906;33.1;13.8
51;2021-05-20;4650;1967;191117;79873;33.9;14.2
51;2021-05-21;3597;2476;194714;82349;34.5;14.6
51;2021-05-22;2076;1548;196790;83897;34.9;14.9
51;2021-05-23;308;210;197098;84107;35.0;14.9
51;2021-05-24;2019;718;199117;84825;35.3;15.0
51;2021-05-25;3130;1830;202247;86655;35.9;15.4
51;2021-05-26;3298;1716;205545;88371;36.5;15.7
51;2021-05-27;3267;2062;208812;90433;37.0;16.0
51;2021-05-28;3606;2814;212418;93247;37.7;16.5
51;2021-05-29;2402;1992;214820;95239;38.1;16.9
51;2021-05-30;401;133;215221;95372;38.2;16.9
51;2021-05-31;3350;1777;218571;97149;38.8;17.2
51;2021-06-01;3855;2330;222426;99479;39.4;17.6
51;2021-06-02;6098;2327;228524;101806;40.5;18.1
51;2021-06-03;3582;2426;232106;104232;41.2;18.5
51;2021-06-04;6345;2939;238451;107171;42.3;19.0
51;2021-06-05;2599;1816;241050;108987;42.8;19.3
51;2021-06-06;172;157;241222;109144;42.8;19.4
51;2021-06-07;4303;2163;245525;111307;43.5;19.7
51;2021-06-08;3925;2531;249450;113838;44.2;20.2
51;2021-06-09;4018;2747;253468;116585;45.0;20.7
51;2021-06-10;3208;2488;256676;119073;45.5;21.1
51;2021-06-11;3358;3427;260034;122500;46.1;21.7
51;2021-06-12;2166;2171;262200;124671;46.5;22.1
51;2021-06-13;191;149;262391;124820;46.5;22.1
51;2021-06-14;1627;3332;264018;128152;46.8;22.7
51;2021-06-15;3191;3577;267209;131729;47.4;23.4
51;2021-06-16;2208;3683;269417;135412;47.8;24.0
51;2021-06-17;2609;5401;272026;140813;48.2;25.0
51;2021-06-18;2357;5211;274383;146024;48.7;25.9
51;2021-06-19;1683;4425;276066;150449;49.0;26.7
51;2021-06-20;184;228;276250;150677;49.0;26.7
51;2021-06-21;1231;4439;277481;155116;49.2;27.5
51;2021-06-22;1558;4044;279039;159160;49.5;28.2
51;2021-06-23;3670;4239;282709;163399;50.1;29.0
51;2021-06-24;2247;3227;284956;166626;50.5;29.6
51;2021-06-25;1907;6525;286863;173151;50.9;30.7
51;2021-06-26;1203;5067;288066;178218;51.1;31.6
51;2021-06-27;103;336;288169;178554;51.1;31.7
51;2021-06-28;1401;4414;289570;182968;51.4;32.5
51;2021-06-29;1175;4463;290745;187431;51.6;33.2
51;2021-06-30;1687;6045;292432;193476;51.9;34.3
51;2021-07-01;1978;3767;294410;197243;52.2;35.0
51;2021-07-02;1836;6890;296246;204133;52.5;36.2
51;2021-07-03;1004;3198;297250;207331;52.7;36.8
51;2021-07-04;171;254;297421;207585;52.8;36.8
51;2021-07-05;768;5529;298189;213114;52.9;37.8
51;2021-07-06;1248;4779;299437;217893;53.1;38.6
51;2021-07-07;1615;4935;301052;222828;53.4;39.5
51;2021-07-08;2068;3431;303120;226259;53.8;40.1
51;2021-07-09;1855;5055;304975;231314;54.1;41.0
51;2021-07-10;1236;3205;306211;234519;54.3;41.6
51;2021-07-11;191;281;306402;234800;54.3;41.6
51;2021-07-12;995;4379;307397;239179;54.5;42.4
51;2021-07-13;1481;4773;308878;243952;54.8;43.3
51;2021-07-14;1071;1690;309949;245642;55.0;43.6
51;2021-07-15;2937;4911;312886;250553;55.5;44.4
51;2021-07-16;2364;5275;315250;255828;55.9;45.4
51;2021-07-17;1821;3483;317071;259311;56.2;46.0
51;2021-07-18;163;330;317234;259641;56.3;46.1
51;2021-07-19;1892;3979;319126;263620;56.6;46.8
51;2021-07-20;2585;5140;321711;268760;57.1;47.7
51;2021-07-21;3614;4066;325325;272826;57.7;48.4
51;2021-07-22;4413;3758;329738;276584;58.5;49.1
51;2021-07-23;3643;4380;333381;280964;59.1;49.8
51;2021-07-24;2086;2722;335467;283686;59.5;50.3
51;2021-07-25;356;258;335823;283944;59.6;50.4
51;2021-07-26;3115;2811;338938;286755;60.1;50.9
51;2021-07-27;5858;3272;344796;290027;61.2;51.4
51;2021-07-28;4137;4319;348933;294346;61.9;52.2
51;2021-07-29;4700;2721;353633;297067;62.7;52.7
51;2021-07-30;3625;3159;357258;300226;63.4;53.2
51;2021-07-31;2528;2131;359786;302357;63.8;53.6
51;2021-08-01;375;236;360161;302593;63.9;53.7
51;2021-08-02;3284;2310;363445;304903;64.5;54.1
51;2021-08-03;3774;1911;367219;306814;65.1;54.4
51;2021-08-04;4456;2123;371675;308937;65.9;54.8
51;2021-08-05;2656;1538;374331;310475;66.4;55.1
51;2021-08-06;3044;2551;377375;313026;66.9;55.5
51;2021-08-07;2162;1695;379537;314721;67.3;55.8
51;2021-08-08;366;208;379903;314929;67.4;55.9
51;2021-08-09;2602;1854;382505;316783;67.8;56.2
51;2021-08-10;2371;1981;384876;318764;68.3;56.5
51;2021-08-11;2915;2339;387791;321103;68.8;57.0
51;2021-08-12;1751;1948;389542;323051;69.1;57.3
51;2021-08-13;2059;2673;391601;325724;69.5;57.8
51;2021-08-14;1580;2040;393181;327764;69.7;58.1
51;2021-08-15;149;148;393330;327912;69.8;58.2
51;2021-08-16;1352;3017;394682;330929;70.0;58.7
51;2021-08-17;1550;3281;396232;334210;70.3;59.3
51;2021-08-18;1895;3688;398127;337898;70.6;59.9
51;2021-08-19;1399;2546;399526;340444;70.9;60.4
51;2021-08-20;1695;3969;401221;344413;71.2;61.1
51;2021-08-21;983;2496;402204;346909;71.3;61.5
51;2021-08-22;101;342;402305;347251;71.4;61.6
51;2021-08-23;1105;3605;403410;350856;71.5;62.2
51;2021-08-24;1167;3641;404577;354497;71.8;62.9
51;2021-08-25;1308;4486;405885;358983;72.0;63.7
51;2021-08-26;1051;2544;406936;361527;72.2;64.1
51;2021-08-27;1210;4178;408146;365705;72.4;64.9
51;2021-08-28;649;2628;408795;368333;72.5;65.3
51;2021-08-29;83;360;408878;368693;72.5;65.4
51;2021-08-30;1330;4826;410208;373519;72.8;66.2
51;2021-08-31;776;3011;410984;376530;72.9;66.8
51;2021-09-01;739;3369;411723;379899;73.0;67.4
51;2021-09-02;794;2215;412517;382114;73.2;67.8
51;2021-09-03;901;2905;413418;385019;73.3;68.3
51;2021-09-04;611;2803;414029;387822;73.4;68.8
51;2021-09-05;122;225;414151;388047;73.5;68.8
51;2021-09-06;432;1785;414583;389832;73.5;69.1
51;2021-09-07;515;1575;415098;391407;73.6;69.4
51;2021-09-08;620;2165;415718;393572;73.7;69.8
52;2020-12-27;0;0;0;0;0.0;0.0
52;2020-12-28;1;0;1;0;0.0;0.0
52;2020-12-29;0;0;1;0;0.0;0.0
52;2020-12-30;0;0;1;0;0.0;0.0
52;2020-12-31;0;0;1;0;0.0;0.0
52;2021-01-01;0;0;1;0;0.0;0.0
52;2021-01-02;1;0;2;0;0.0;0.0
52;2021-01-03;0;0;2;0;0.0;0.0
52;2021-01-04;0;0;2;0;0.0;0.0
52;2021-01-05;0;0;2;0;0.0;0.0
52;2021-01-06;2;0;4;0;0.0;0.0
52;2021-01-07;0;0;4;0;0.0;0.0
52;2021-01-08;201;1;205;1;0.1;0.0
52;2021-01-09;93;0;298;1;0.2;0.0
52;2021-01-10;0;0;298;1;0.2;0.0
52;2021-01-11;207;0;505;1;0.3;0.0
52;2021-01-12;171;0;676;1;0.4;0.0
52;2021-01-13;562;2;1238;3;0.7;0.0
52;2021-01-14;677;10;1915;13;1.1;0.0
52;2021-01-15;411;1;2326;14;1.4;0.0
52;2021-01-16;16;1;2342;15;1.4;0.0
52;2021-01-17;0;0;2342;15;1.4;0.0
52;2021-01-18;427;0;2769;15;1.6;0.0
52;2021-01-19;440;0;3209;15;1.9;0.0
52;2021-01-20;420;0;3629;15;2.1;0.0
52;2021-01-21;424;1;4053;16;2.4;0.0
52;2021-01-22;321;2;4374;18;2.6;0.0
52;2021-01-23;73;1;4447;19;2.6;0.0
52;2021-01-24;0;0;4447;19;2.6;0.0
52;2021-01-25;235;0;4682;19;2.8;0.0
52;2021-01-26;307;0;4989;19;2.9;0.0
52;2021-01-27;238;1;5227;20;3.1;0.0
52;2021-01-28;174;4;5401;24;3.2;0.0
52;2021-01-29;74;120;5475;144;3.2;0.1
52;2021-01-30;91;94;5566;238;3.3;0.1
52;2021-01-31;0;0;5566;238;3.3;0.1
52;2021-02-01;117;183;5683;421;3.4;0.2
52;2021-02-02;61;170;5744;591;3.4;0.3
52;2021-02-03;90;399;5834;990;3.4;0.6
52;2021-02-04;231;577;6065;1567;3.6;0.9
52;2021-02-05;113;465;6178;2032;3.7;1.2
52;2021-02-06;22;0;6200;2032;3.7;1.2
52;2021-02-07;0;1;6200;2033;3.7;1.2
52;2021-02-08;34;190;6234;2223;3.7;1.3
52;2021-02-09;47;189;6281;2412;3.7;1.4
52;2021-02-10;88;172;6369;2584;3.8;1.5
52;2021-02-11;129;133;6498;2717;3.8;1.6
52;2021-02-12;187;115;6685;2832;3.9;1.7
52;2021-02-13;5;1;6690;2833;4.0;1.7
52;2021-02-14;0;16;6690;2849;4.0;1.7
52;2021-02-15;79;247;6769;3096;4.0;1.8
52;2021-02-16;50;315;6819;3411;4.0;2.0
52;2021-02-17;38;287;6857;3698;4.1;2.2
52;2021-02-18;82;256;6939;3954;4.1;2.3
52;2021-02-19;51;173;6990;4127;4.1;2.4
52;2021-02-20;14;97;7004;4224;4.1;2.5
52;2021-02-21;0;0;7004;4224;4.1;2.5
52;2021-02-22;42;356;7046;4580;4.2;2.7
52;2021-02-23;57;258;7103;4838;4.2;2.9
52;2021-02-24;81;229;7184;5067;4.2;3.0
52;2021-02-25;161;232;7345;5299;4.3;3.1
52;2021-02-26;296;181;7641;5480;4.5;3.2
52;2021-02-27;149;49;7790;5529;4.6;3.3
52;2021-02-28;0;0;7790;5529;4.6;3.3
52;2021-03-01;163;13;7953;5542;4.7;3.3
52;2021-03-02;199;47;8152;5589;4.8;3.3
52;2021-03-03;356;36;8508;5625;5.0;3.3
52;2021-03-04;379;58;8887;5683;5.3;3.4
52;2021-03-05;531;53;9418;5736;5.6;3.4
52;2021-03-06;409;36;9827;5772;5.8;3.4
52;2021-03-07;0;0;9827;5772;5.8;3.4
52;2021-03-08;397;111;10224;5883;6.0;3.5
52;2021-03-09;549;109;10773;5992;6.4;3.5
52;2021-03-10;308;108;11081;6100;6.5;3.6
52;2021-03-11;587;35;11668;6135;6.9;3.6
52;2021-03-12;584;67;12252;6202;7.2;3.7
52;2021-03-13;492;10;12744;6212;7.5;3.7
52;2021-03-14;15;3;12759;6215;7.5;3.7
52;2021-03-15;318;27;13077;6242;7.7;3.7
52;2021-03-16;203;15;13280;6257;7.8;3.7
52;2021-03-17;367;13;13647;6270;8.1;3.7
52;2021-03-18;442;10;14089;6280;8.3;3.7
52;2021-03-19;452;53;14541;6333;8.6;3.7
52;2021-03-20;259;12;14800;6345;8.7;3.7
52;2021-03-21;15;1;14815;6346;8.8;3.7
52;2021-03-22;375;49;15190;6395;9.0;3.8
52;2021-03-23;686;89;15876;6484;9.4;3.8
52;2021-03-24;771;71;16647;6555;9.8;3.9
52;2021-03-25;1141;88;17788;6643;10.5;3.9
52;2021-03-26;1037;136;18825;6779;11.1;4.0
52;2021-03-27;477;75;19302;6854;11.4;4.0
52;2021-03-28;53;0;19355;6854;11.4;4.0
52;2021-03-29;507;183;19862;7037;11.7;4.2
52;2021-03-30;870;296;20732;7333;12.2;4.3
52;2021-03-31;956;292;21688;7625;12.8;4.5
52;2021-04-01;1145;184;22833;7809;13.5;4.6
52;2021-04-02;958;109;23791;7918;14.1;4.7
52;2021-04-03;461;3;24252;7921;14.3;4.7
52;2021-04-04;1;1;24253;7922;14.3;4.7
52;2021-04-05;1;0;24254;7922;14.3;4.7
52;2021-04-06;433;295;24687;8217;14.6;4.9
52;2021-04-07;506;450;25193;8667;14.9;5.1
52;2021-04-08;860;209;26053;8876;15.4;5.2
52;2021-04-09;1059;130;27112;9006;16.0;5.3
52;2021-04-10;852;102;27964;9108;16.5;5.4
52;2021-04-11;96;1;28060;9109;16.6;5.4
52;2021-04-12;932;276;28992;9385;17.1;5.5
52;2021-04-13;1251;378;30243;9763;17.9;5.8
52;2021-04-14;1346;456;31589;10219;18.7;6.0
52;2021-04-15;1506;440;33095;10659;19.6;6.3
52;2021-04-16;1573;357;34668;11016;20.5;6.5
52;2021-04-17;1311;134;35979;11150;21.3;6.6
52;2021-04-18;510;29;36489;11179;21.6;6.6
52;2021-04-19;697;611;37186;11790;22.0;7.0
52;2021-04-20;1080;678;38266;12468;22.6;7.4
52;2021-04-21;1060;675;39326;13143;23.2;7.8
52;2021-04-22;1468;733;40794;13876;24.1;8.2
52;2021-04-23;1251;667;42045;14543;24.8;8.6
52;2021-04-24;477;293;42522;14836;25.1;8.8
52;2021-04-25;3;77;42525;14913;25.1;8.8
52;2021-04-26;632;560;43157;15473;25.5;9.1
52;2021-04-27;933;671;44090;16144;26.1;9.5
52;2021-04-28;1442;567;45532;16711;26.9;9.9
52;2021-04-29;1452;583;46984;17294;27.8;10.2
52;2021-04-30;1316;609;48300;17903;28.5;10.6
52;2021-05-01;8;232;48308;18135;28.5;10.7
52;2021-05-02;0;1;48308;18136;28.5;10.7
52;2021-05-03;1159;628;49467;18764;29.2;11.1
52;2021-05-04;1445;720;50912;19484;30.1;11.5
52;2021-05-05;1768;647;52680;20131;31.1;11.9
52;2021-05-06;1963;537;54643;20668;32.3;12.2
52;2021-05-07;1442;1169;56085;21837;33.1;12.9
52;2021-05-08;589;318;56674;22155;33.5;13.1
52;2021-05-09;1;47;56675;22202;33.5;13.1
52;2021-05-10;793;1101;57468;23303;34.0;13.8
52;2021-05-11;868;1391;58336;24694;34.5;14.6
52;2021-05-12;1206;1382;59542;26076;35.2;15.4
52;2021-05-13;67;184;59609;26260;35.2;15.5
52;2021-05-14;1185;1366;60794;27626;35.9;16.3
52;2021-05-15;491;929;61285;28555;36.2;16.9
52;2021-05-16;8;43;61293;28598;36.2;16.9
52;2021-05-17;1144;705;62437;29303;36.9;17.3
52;2021-05-18;1218;677;63655;29980;37.6;17.7
52;2021-05-19;1542;415;65197;30395;38.5;18.0
52;2021-05-20;1546;421;66743;30816;39.4;18.2
52;2021-05-21;1625;614;68368;31430;40.4;18.6
52;2021-05-22;1089;210;69457;31640;41.0;18.7
52;2021-05-23;1;0;69458;31640;41.0;18.7
52;2021-05-24;405;33;69863;31673;41.3;18.7
52;2021-05-25;1351;385;71214;32058;42.1;18.9
52;2021-05-26;1479;672;72693;32730;43.0;19.3
52;2021-05-27;1565;788;74258;33518;43.9;19.8
52;2021-05-28;1493;670;75751;34188;44.8;20.2
52;2021-05-29;696;834;76447;35022;45.2;20.7
52;2021-05-30;16;550;76463;35572;45.2;21.0
52;2021-05-31;824;830;77287;36402;45.7;21.5
52;2021-06-01;956;816;78243;37218;46.2;22.0
52;2021-06-02;896;754;79139;37972;46.8;22.4
52;2021-06-03;825;825;79964;38797;47.2;22.9
52;2021-06-04;883;1340;80847;40137;47.8;23.7
52;2021-06-05;581;637;81428;40774;48.1;24.1
52;2021-06-06;27;55;81455;40829;48.1;24.1
52;2021-06-07;359;931;81814;41760;48.3;24.7
52;2021-06-08;556;1469;82370;43229;48.7;25.5
52;2021-06-09;612;1474;82982;44703;49.0;26.4
52;2021-06-10;794;1157;83776;45860;49.5;27.1
52;2021-06-11;830;1349;84606;47209;50.0;27.9
52;2021-06-12;422;586;85028;47795;50.2;28.2
52;2021-06-13;2;6;85030;47801;50.2;28.2
52;2021-06-14;171;1413;85201;49214;50.3;29.1
52;2021-06-15;221;1807;85422;51021;50.5;30.1
52;2021-06-16;351;1996;85773;53017;50.7;31.3
52;2021-06-17;265;1155;86038;54172;50.8;32.0
52;2021-06-18;308;1553;86346;55725;51.0;32.9
52;2021-06-19;502;686;86848;56411;51.3;33.3
52;2021-06-20;1;17;86849;56428;51.3;33.3
52;2021-06-21;522;896;87371;57324;51.6;33.9
52;2021-06-22;503;1048;87874;58372;51.9;34.5
52;2021-06-23;563;1043;88437;59415;52.3;35.1
52;2021-06-24;610;715;89047;60130;52.6;35.5
52;2021-06-25;661;1313;89708;61443;53.0;36.3
52;2021-06-26;264;722;89972;62165;53.2;36.7
52;2021-06-27;1;8;89973;62173;53.2;36.7
52;2021-06-28;185;1443;90158;63616;53.3;37.6
52;2021-06-29;163;1414;90321;65030;53.4;38.4
52;2021-06-30;219;1467;90540;66497;53.5;39.3
52;2021-07-01;320;1022;90860;67519;53.7;39.9
52;2021-07-02;430;1455;91290;68974;53.9;40.8
52;2021-07-03;302;1148;91592;70122;54.1;41.4
52;2021-07-04;0;11;91592;70133;54.1;41.4
52;2021-07-05;173;1448;91765;71581;54.2;42.3
52;2021-07-06;284;1449;92049;73030;54.4;43.1
52;2021-07-07;309;1165;92358;74195;54.6;43.8
52;2021-07-08;473;1165;92831;75360;54.8;44.5
52;2021-07-09;288;1620;93119;76980;55.0;45.5
52;2021-07-10;155;822;93274;77802;55.1;46.0
52;2021-07-11;13;12;93287;77814;55.1;46.0
52;2021-07-12;300;1466;93587;79280;55.3;46.8
52;2021-07-13;590;1368;94177;80648;55.6;47.7
52;2021-07-14;437;153;94614;80801;55.9;47.7
52;2021-07-15;614;1429;95228;82230;56.3;48.6
52;2021-07-16;900;1336;96128;83566;56.8;49.4
52;2021-07-17;530;343;96658;83909;57.1;49.6
52;2021-07-18;3;12;96661;83921;57.1;49.6
52;2021-07-19;690;986;97351;84907;57.5;50.2
52;2021-07-20;1110;832;98461;85739;58.2;50.7
52;2021-07-21;1161;738;99622;86477;58.9;51.1
52;2021-07-22;1447;863;101069;87340;59.7;51.6
52;2021-07-23;1400;956;102469;88296;60.5;52.2
52;2021-07-24;874;486;103343;88782;61.1;52.5
52;2021-07-25;22;21;103365;88803;61.1;52.5
52;2021-07-26;1010;613;104375;89416;61.7;52.8
52;2021-07-27;1343;656;105718;90072;62.5;53.2
52;2021-07-28;1380;642;107098;90714;63.3;53.6
52;2021-07-29;1263;622;108361;91336;64.0;54.0
52;2021-07-30;1366;709;109727;92045;64.8;54.4
52;2021-07-31;873;549;110600;92594;65.3;54.7
52;2021-08-01;1;14;110601;92608;65.3;54.7
52;2021-08-02;1183;562;111784;93170;66.0;55.0
52;2021-08-03;1361;539;113145;93709;66.9;55.4
52;2021-08-04;1152;581;114297;94290;67.5;55.7
52;2021-08-05;1025;575;115322;94865;68.1;56.1
52;2021-08-06;1055;699;116377;95564;68.8;56.5
52;2021-08-07;518;421;116895;95985;69.1;56.7
52;2021-08-08;0;6;116895;95991;69.1;56.7
52;2021-08-09;468;870;117363;96861;69.3;57.2
52;2021-08-10;717;748;118080;97609;69.8;57.7
52;2021-08-11;533;836;118613;98445;70.1;58.2
52;2021-08-12;621;750;119234;99195;70.4;58.6
52;2021-08-13;414;1026;119648;100221;70.7;59.2
52;2021-08-14;419;360;120067;100581;70.9;59.4
52;2021-08-15;13;13;120080;100594;70.9;59.4
52;2021-08-16;326;934;120406;101528;71.1;60.0
52;2021-08-17;409;909;120815;102437;71.4;60.5
52;2021-08-18;479;944;121294;103381;71.7;61.1
52;2021-08-19;456;835;121750;104216;71.9;61.6
52;2021-08-20;383;1210;122133;105426;72.2;62.3
52;2021-08-21;394;604;122527;106030;72.4;62.6
52;2021-08-22;4;11;122531;106041;72.4;62.7
52;2021-08-23;426;1056;122957;107097;72.6;63.3
52;2021-08-24;297;1078;123254;108175;72.8;63.9
52;2021-08-25;250;1061;123504;109236;73.0;64.5
52;2021-08-26;296;913;123800;110149;73.1;65.1
52;2021-08-27;426;1276;124226;111425;73.4;65.8
52;2021-08-28;243;495;124469;111920;73.5;66.1
52;2021-08-29;3;25;124472;111945;73.5;66.1
52;2021-08-30;203;998;124675;112943;73.7;66.7
52;2021-08-31;205;1055;124880;113998;73.8;67.4
52;2021-09-01;180;1067;125060;115065;73.9;68.0
52;2021-09-02;194;762;125254;115827;74.0;68.4
52;2021-09-03;241;936;125495;116763;74.1;69.0
52;2021-09-04;189;556;125684;117319;74.3;69.3
52;2021-09-05;2;14;125686;117333;74.3;69.3
52;2021-09-06;121;541;125807;117874;74.3;69.6
52;2021-09-07;160;519;125967;118393;74.4;70.0
52;2021-09-08;136;613;126103;119006;74.5;70.3
53;2020-12-27;0;0;0;0;0.0;0.0
53;2020-12-28;0;0;0;0;0.0;0.0
53;2020-12-29;0;0;0;0;0.0;0.0
53;2020-12-30;0;0;0;0;0.0;0.0
53;2020-12-31;0;0;0;0;0.0;0.0
53;2021-01-01;0;0;0;0;0.0;0.0
53;2021-01-02;1;0;1;0;0.0;0.0
53;2021-01-03;0;0;1;0;0.0;0.0
53;2021-01-04;1;0;2;0;0.0;0.0
53;2021-01-05;0;0;2;0;0.0;0.0
53;2021-01-06;0;0;2;0;0.0;0.0
53;2021-01-07;102;0;104;0;0.0;0.0
53;2021-01-08;284;1;388;1;0.1;0.0
53;2021-01-09;134;1;522;2;0.2;0.0
53;2021-01-10;15;0;537;2;0.2;0.0
53;2021-01-11;176;0;713;2;0.2;0.0
53;2021-01-12;454;0;1167;2;0.4;0.0
53;2021-01-13;253;0;1420;2;0.5;0.0
53;2021-01-14;290;7;1710;9;0.6;0.0
53;2021-01-15;343;4;2053;13;0.7;0.0
53;2021-01-16;61;0;2114;13;0.7;0.0
53;2021-01-17;24;0;2138;13;0.7;0.0
53;2021-01-18;364;0;2502;13;0.8;0.0
53;2021-01-19;594;0;3096;13;1.0;0.0
53;2021-01-20;742;0;3838;13;1.3;0.0
53;2021-01-21;769;2;4607;15;1.5;0.0
53;2021-01-22;705;5;5312;20;1.7;0.0
53;2021-01-23;160;0;5472;20;1.8;0.0
53;2021-01-24;6;0;5478;20;1.8;0.0
53;2021-01-25;550;0;6028;20;2.0;0.0
53;2021-01-26;1198;6;7226;26;2.4;0.0
53;2021-01-27;696;5;7922;31;2.6;0.0
53;2021-01-28;738;94;8660;125;2.8;0.0
53;2021-01-29;422;178;9082;303;3.0;0.1
53;2021-01-30;129;0;9211;303;3.0;0.1
53;2021-01-31;0;0;9211;303;3.0;0.1
53;2021-02-01;298;145;9509;448;3.1;0.1
53;2021-02-02;309;225;9818;673;3.2;0.2
53;2021-02-03;227;370;10045;1043;3.3;0.3
53;2021-02-04;184;322;10229;1365;3.3;0.4
53;2021-02-05;234;295;10463;1660;3.4;0.5
53;2021-02-06;153;23;10616;1683;3.5;0.6
53;2021-02-07;0;0;10616;1683;3.5;0.6
53;2021-02-08;168;95;10784;1778;3.5;0.6
53;2021-02-09;369;213;11153;1991;3.7;0.7
53;2021-02-10;266;412;11419;2403;3.7;0.8
53;2021-02-11;432;476;11851;2879;3.9;0.9
53;2021-02-12;318;532;12169;3411;4.0;1.1
53;2021-02-13;96;57;12265;3468;4.0;1.1
53;2021-02-14;0;99;12265;3567;4.0;1.2
53;2021-02-15;239;363;12504;3930;4.1;1.3
53;2021-02-16;528;769;13032;4699;4.3;1.5
53;2021-02-17;391;558;13423;5257;4.4;1.7
53;2021-02-18;547;532;13970;5789;4.6;1.9
53;2021-02-19;895;380;14865;6169;4.9;2.0
53;2021-02-20;139;91;15004;6260;4.9;2.1
53;2021-02-21;1;20;15005;6280;4.9;2.1
53;2021-02-22;161;485;15166;6765;5.0;2.2
53;2021-02-23;59;570;15225;7335;5.0;2.4
53;2021-02-24;137;451;15362;7786;5.0;2.5
53;2021-02-25;457;318;15819;8104;5.2;2.7
53;2021-02-26;438;229;16257;8333;5.3;2.7
53;2021-02-27;86;96;16343;8429;5.4;2.8
53;2021-02-28;0;0;16343;8429;5.4;2.8
53;2021-03-01;231;248;16574;8677;5.4;2.8
53;2021-03-02;246;228;16820;8905;5.5;2.9
53;2021-03-03;321;378;17141;9283;5.6;3.0
53;2021-03-04;860;339;18001;9622;5.9;3.2
53;2021-03-05;659;273;18660;9895;6.1;3.2
53;2021-03-06;447;199;19107;10094;6.3;3.3
53;2021-03-07;276;5;19383;10099;6.3;3.3
53;2021-03-08;375;170;19758;10269;6.5;3.4
53;2021-03-09;878;245;20636;10514;6.8;3.4
53;2021-03-10;807;109;21443;10623;7.0;3.5
53;2021-03-11;1247;228;22690;10851;7.4;3.6
53;2021-03-12;1603;147;24293;10998;8.0;3.6
53;2021-03-13;824;13;25117;11011;8.2;3.6
53;2021-03-14;1;0;25118;11011;8.2;3.6
53;2021-03-15;1002;297;26120;11308;8.6;3.7
53;2021-03-16;1035;332;27155;11640;8.9;3.8
53;2021-03-17;685;259;27840;11899;9.1;3.9
53;2021-03-18;972;345;28812;12244;9.4;4.0
53;2021-03-19;1344;598;30156;12842;9.9;4.2
53;2021-03-20;592;17;30748;12859;10.1;4.2
53;2021-03-21;3;0;30751;12859;10.1;4.2
53;2021-03-22;1213;157;31964;13016;10.5;4.3
53;2021-03-23;1699;71;33663;13087;11.0;4.3
53;2021-03-24;1323;118;34986;13205;11.5;4.3
53;2021-03-25;2323;240;37309;13445;12.2;4.4
53;2021-03-26;1884;151;39193;13596;12.8;4.5
53;2021-03-27;339;3;39532;13599;12.9;4.5
53;2021-03-28;2;0;39534;13599;12.9;4.5
53;2021-03-29;1474;213;41008;13812;13.4;4.5
53;2021-03-30;1944;201;42952;14013;14.1;4.6
53;2021-03-31;1792;223;44744;14236;14.7;4.7
53;2021-04-01;1948;670;46692;14906;15.3;4.9
53;2021-04-02;2075;227;48767;15133;16.0;5.0
53;2021-04-03;414;1;49181;15134;16.1;5.0
53;2021-04-04;10;0;49191;15134;16.1;5.0
53;2021-04-05;9;15;49200;15149;16.1;5.0
53;2021-04-06;1304;503;50504;15652;16.5;5.1
53;2021-04-07;1175;926;51679;16578;16.9;5.4
53;2021-04-08;1663;1006;53342;17584;17.5;5.8
53;2021-04-09;1958;407;55300;17991;18.1;5.9
53;2021-04-10;543;13;55843;18004;18.3;5.9
53;2021-04-11;12;0;55855;18004;18.3;5.9
53;2021-04-12;694;1067;56549;19071;18.5;6.2
53;2021-04-13;1470;1108;58019;20179;19.0;6.6
53;2021-04-14;1024;736;59043;20915;19.3;6.8
53;2021-04-15;1158;1106;60201;22021;19.7;7.2
53;2021-04-16;1271;816;61472;22837;20.1;7.5
53;2021-04-17;281;274;61753;23111;20.2;7.6
53;2021-04-18;0;0;61753;23111;20.2;7.6
53;2021-04-19;681;1067;62434;24178;20.4;7.9
53;2021-04-20;936;1452;63370;25630;20.8;8.4
53;2021-04-21;851;1011;64221;26641;21.0;8.7
53;2021-04-22;1046;1614;65267;28255;21.4;9.3
53;2021-04-23;1328;1053;66595;29308;21.8;9.6
53;2021-04-24;68;7;66663;29315;21.8;9.6
53;2021-04-25;6;39;66669;29354;21.8;9.6
53;2021-04-26;368;1232;67037;30586;22.0;10.0
53;2021-04-27;723;1972;67760;32558;22.2;10.7
53;2021-04-28;978;1394;68738;33952;22.5;11.1
53;2021-04-29;1051;1711;69789;35663;22.9;11.7
53;2021-04-30;1367;1315;71156;36978;23.3;12.1
53;2021-05-01;36;50;71192;37028;23.3;12.1
53;2021-05-02;0;0;71192;37028;23.3;12.1
53;2021-05-03;1570;703;72762;37731;23.8;12.4
53;2021-05-04;1304;1442;74066;39173;24.3;12.8
53;2021-05-05;1611;827;75677;40000;24.8;13.1
53;2021-05-06;1391;1400;77068;41400;25.2;13.6
53;2021-05-07;1538;1300;78606;42700;25.7;14.0
53;2021-05-08;939;36;79545;42736;26.0;14.0
53;2021-05-09;11;2;79556;42738;26.1;14.0
53;2021-05-10;2416;815;81972;43553;26.8;14.3
53;2021-05-11;3097;1282;85069;44835;27.9;14.7
53;2021-05-12;2751;1092;87820;45927;28.8;15.0
53;2021-05-13;350;27;88170;45954;28.9;15.0
53;2021-05-14;2021;678;90191;46632;29.5;15.3
53;2021-05-15;1058;64;91249;46696;29.9;15.3
53;2021-05-16;3;0;91252;46696;29.9;15.3
53;2021-05-17;1701;1196;92953;47892;30.4;15.7
53;2021-05-18;1881;1551;94834;49443;31.1;16.2
53;2021-05-19;2303;745;97137;50188;31.8;16.4
53;2021-05-20;3216;868;100353;51056;32.9;16.7
53;2021-05-21;2798;829;103151;51885;33.8;17.0
53;2021-05-22;21;59;103172;51944;33.8;17.0
53;2021-05-23;0;0;103172;51944;33.8;17.0
53;2021-05-24;8;6;103180;51950;33.8;17.0
53;2021-05-25;1819;802;104999;52752;34.4;17.3
53;2021-05-26;1852;906;106851;53658;35.0;17.6
53;2021-05-27;3073;1079;109924;54737;36.0;17.9
53;2021-05-28;2562;875;112486;55612;36.8;18.2
53;2021-05-29;846;240;113332;55852;37.1;18.3
53;2021-05-30;18;6;113350;55858;37.1;18.3
53;2021-05-31;2565;803;115915;56661;38.0;18.6
53;2021-06-01;3490;1258;119405;57919;39.1;19.0
53;2021-06-02;3184;521;122589;58440;40.1;19.1
53;2021-06-03;4198;785;126787;59225;41.5;19.4
53;2021-06-04;3180;1266;129967;60491;42.6;19.8
53;2021-06-05;137;245;130104;60736;42.6;19.9
53;2021-06-06;1;4;130105;60740;42.6;19.9
53;2021-06-07;2629;924;132734;61664;43.5;20.2
53;2021-06-08;3589;1129;136323;62793;44.6;20.6
53;2021-06-09;2454;944;138777;63737;45.4;20.9
53;2021-06-10;3521;848;142298;64585;46.6;21.2
53;2021-06-11;2966;1214;145264;65799;47.6;21.5
53;2021-06-12;108;138;145372;65937;47.6;21.6
53;2021-06-13;10;2;145382;65939;47.6;21.6
53;2021-06-14;1600;1789;146982;67728;48.1;22.2
53;2021-06-15;1899;2264;148881;69992;48.8;22.9
53;2021-06-16;1826;1733;150707;71725;49.4;23.5
53;2021-06-17;3013;1651;153720;73376;50.3;24.0
53;2021-06-18;2704;1808;156424;75184;51.2;24.6
53;2021-06-19;762;1166;157186;76350;51.5;25.0
53;2021-06-20;3;479;157189;76829;51.5;25.2
53;2021-06-21;918;2526;158107;79355;51.8;26.0
53;2021-06-22;1299;3452;159406;82807;52.2;27.1
53;2021-06-23;1362;2891;160768;85698;52.6;28.1
53;2021-06-24;1802;2033;162570;87731;53.2;28.7
53;2021-06-25;1785;2044;164355;89775;53.8;29.4
53;2021-06-26;977;350;165332;90125;54.1;29.5
53;2021-06-27;8;8;165340;90133;54.1;29.5
53;2021-06-28;662;2900;166002;93033;54.4;30.5
53;2021-06-29;858;3646;166860;96679;54.6;31.7
53;2021-06-30;748;1518;167608;98197;54.9;32.2
53;2021-07-01;1507;2631;169115;100828;55.4;33.0
53;2021-07-02;1528;2025;170643;102853;55.9;33.7
53;2021-07-03;857;574;171500;103427;56.2;33.9
53;2021-07-04;0;4;171500;103431;56.2;33.9
53;2021-07-05;542;2060;172042;105491;56.3;34.5
53;2021-07-06;861;3616;172903;109107;56.6;35.7
53;2021-07-07;1024;2652;173927;111759;57.0;36.6
53;2021-07-08;1313;3116;175240;114875;57.4;37.6
53;2021-07-09;1131;3397;176371;118272;57.8;38.7
53;2021-07-10;422;1000;176793;119272;57.9;39.1
53;2021-07-11;12;20;176805;119292;57.9;39.1
53;2021-07-12;503;3706;177308;122998;58.1;40.3
53;2021-07-13;895;4763;178203;127761;58.4;41.8
53;2021-07-14;104;284;178307;128045;58.4;41.9
53;2021-07-15;1112;4345;179419;132390;58.8;43.4
53;2021-07-16;1248;3847;180667;136237;59.2;44.6
53;2021-07-17;1317;299;181984;136536;59.6;44.7
53;2021-07-18;27;20;182011;136556;59.6;44.7
53;2021-07-19;734;3429;182745;139985;59.8;45.8
53;2021-07-20;985;4123;183730;144108;60.2;47.2
53;2021-07-21;686;3275;184416;147383;60.4;48.3
53;2021-07-22;1513;3524;185929;150907;60.9;49.4
53;2021-07-23;1604;3762;187533;154669;61.4;50.7
53;2021-07-24;956;280;188489;154949;61.7;50.7
53;2021-07-25;60;24;188549;154973;61.7;50.8
53;2021-07-26;1727;1941;190276;156914;62.3;51.4
53;2021-07-27;2357;2822;192633;159736;63.1;52.3
53;2021-07-28;2145;2813;194778;162549;63.8;53.2
53;2021-07-29;2493;2545;197271;165094;64.6;54.1
53;2021-07-30;1829;2647;199100;167741;65.2;54.9
53;2021-07-31;626;230;199726;167971;65.4;55.0
53;2021-08-01;37;25;199763;167996;65.4;55.0
53;2021-08-02;2084;1729;201847;169725;66.1;55.6
53;2021-08-03;2414;1905;204261;171630;66.9;56.2
53;2021-08-04;2478;1863;206739;173493;67.7;56.8
53;2021-08-05;2870;1538;209609;175031;68.6;57.3
53;2021-08-06;2517;1718;212126;176749;69.5;57.9
53;2021-08-07;483;272;212609;177021;69.6;58.0
53;2021-08-08;6;19;212615;177040;69.6;58.0
53;2021-08-09;1839;1650;214454;178690;70.2;58.5
53;2021-08-10;2320;1748;216774;180438;71.0;59.1
53;2021-08-11;1681;863;218455;181301;71.5;59.4
53;2021-08-12;2004;984;220459;182285;72.2;59.7
53;2021-08-13;2039;1313;222498;183598;72.9;60.1
53;2021-08-14;66;63;222564;183661;72.9;60.1
53;2021-08-15;1;2;222565;183663;72.9;60.1
53;2021-08-16;1333;1595;223898;185258;73.3;60.7
53;2021-08-17;1547;1656;225445;186914;73.8;61.2
53;2021-08-18;1515;1603;226960;188517;74.3;61.7
53;2021-08-19;1372;1972;228332;190489;74.8;62.4
53;2021-08-20;1093;2082;229425;192571;75.1;63.1
53;2021-08-21;189;342;229614;192913;75.2;63.2
53;2021-08-22;0;0;229614;192913;75.2;63.2
53;2021-08-23;842;1912;230456;194825;75.5;63.8
53;2021-08-24;901;2114;231357;196939;75.8;64.5
53;2021-08-25;908;2272;232265;199211;76.1;65.2
53;2021-08-26;666;2611;232931;201822;76.3;66.1
53;2021-08-27;753;2642;233684;204464;76.5;67.0
53;2021-08-28;48;133;233732;204597;76.5;67.0
53;2021-08-29;11;31;233743;204628;76.5;67.0
53;2021-08-30;618;2106;234361;206734;76.7;67.7
53;2021-08-31;759;2919;235120;209653;77.0;68.7
53;2021-09-01;339;1637;235459;211290;77.1;69.2
53;2021-09-02;440;1821;235899;213111;77.3;69.8
53;2021-09-03;443;2494;236342;215605;77.4;70.6
53;2021-09-04;115;211;236457;215816;77.4;70.7
53;2021-09-05;1;12;236458;215828;77.4;70.7
53;2021-09-06;300;1662;236758;217490;77.5;71.2
53;2021-09-07;285;1941;237043;219431;77.6;71.9
53;2021-09-08;419;2157;237462;221588;77.8;72.6
54;2020-12-27;0;0;0;0;0.0;0.0
54;2020-12-28;1;0;1;0;0.0;0.0
54;2020-12-29;0;0;1;0;0.0;0.0
54;2020-12-30;0;0;1;0;0.0;0.0
54;2020-12-31;10;0;11;0;0.0;0.0
54;2021-01-01;0;0;11;0;0.0;0.0
54;2021-01-02;0;0;11;0;0.0;0.0
54;2021-01-03;1;0;12;0;0.0;0.0
54;2021-01-04;163;0;175;0;0.0;0.0
54;2021-01-05;395;0;570;0;0.1;0.0
54;2021-01-06;650;1;1220;1;0.2;0.0
54;2021-01-07;817;2;2037;3;0.3;0.0
54;2021-01-08;706;3;2743;6;0.4;0.0
54;2021-01-09;81;0;2824;6;0.4;0.0
54;2021-01-10;78;0;2902;6;0.4;0.0
54;2021-01-11;974;3;3876;9;0.5;0.0
54;2021-01-12;1181;1;5057;10;0.7;0.0
54;2021-01-13;2425;8;7482;18;1.0;0.0
54;2021-01-14;3401;26;10883;44;1.5;0.0
54;2021-01-15;2720;13;13603;57;1.9;0.0
54;2021-01-16;815;3;14418;60;2.0;0.0
54;2021-01-17;209;0;14627;60;2.0;0.0
54;2021-01-18;1557;6;16184;66;2.2;0.0
54;2021-01-19;1705;0;17889;66;2.4;0.0
54;2021-01-20;1525;4;19414;70;2.7;0.0
54;2021-01-21;1372;4;20786;74;2.8;0.0
54;2021-01-22;1092;8;21878;82;3.0;0.0
54;2021-01-23;478;1;22356;83;3.1;0.0
54;2021-01-24;66;0;22422;83;3.1;0.0
54;2021-01-25;946;29;23368;112;3.2;0.0
54;2021-01-26;142;5;23510;117;3.2;0.0
54;2021-01-27;12;151;23522;268;3.2;0.0
54;2021-01-28;32;216;23554;484;3.2;0.1
54;2021-01-29;18;256;23572;740;3.2;0.1
54;2021-01-30;7;0;23579;740;3.2;0.1
54;2021-01-31;1;0;23580;740;3.2;0.1
54;2021-02-01;13;754;23593;1494;3.2;0.2
54;2021-02-02;22;932;23615;2426;3.2;0.3
54;2021-02-03;363;1454;23978;3880;3.3;0.5
54;2021-02-04;740;2310;24718;6190;3.4;0.8
54;2021-02-05;797;1809;25515;7999;3.5;1.1
54;2021-02-06;204;296;25719;8295;3.5;1.1
54;2021-02-07;4;108;25723;8403;3.5;1.2
54;2021-02-08;117;919;25840;9322;3.5;1.3
54;2021-02-09;305;1001;26145;10323;3.6;1.4
54;2021-02-10;385;721;26530;11044;3.6;1.5
54;2021-02-11;294;764;26824;11808;3.7;1.6
54;2021-02-12;446;1186;27270;12994;3.7;1.8
54;2021-02-13;148;228;27418;13222;3.8;1.8
54;2021-02-14;9;11;27427;13233;3.8;1.8
54;2021-02-15;428;1032;27855;14265;3.8;2.0
54;2021-02-16;401;1118;28256;15383;3.9;2.1
54;2021-02-17;518;884;28774;16267;3.9;2.2
54;2021-02-18;595;724;29369;16991;4.0;2.3
54;2021-02-19;520;686;29889;17677;4.1;2.4
54;2021-02-20;33;264;29922;17941;4.1;2.5
54;2021-02-21;3;23;29925;17964;4.1;2.5
54;2021-02-22;484;562;30409;18526;4.2;2.5
54;2021-02-23;679;533;31088;19059;4.3;2.6
54;2021-02-24;728;348;31816;19407;4.4;2.7
54;2021-02-25;1475;701;33291;20108;4.6;2.8
54;2021-02-26;1775;774;35066;20882;4.8;2.9
54;2021-02-27;698;110;35764;20992;4.9;2.9
54;2021-02-28;11;28;35775;21020;4.9;2.9
54;2021-03-01;651;213;36426;21233;5.0;2.9
54;2021-03-02;1505;144;37931;21377;5.2;2.9
54;2021-03-03;1764;62;39695;21439;5.4;2.9
54;2021-03-04;2028;97;41723;21536;5.7;2.9
54;2021-03-05;2797;143;44520;21679;6.1;3.0
54;2021-03-06;4045;112;48565;21791;6.6;3.0
54;2021-03-07;2626;70;51191;21861;7.0;3.0
54;2021-03-08;1337;65;52528;21926;7.2;3.0
54;2021-03-09;2646;105;55174;22031;7.6;3.0
54;2021-03-10;3195;109;58369;22140;8.0;3.0
54;2021-03-11;3391;99;61760;22239;8.5;3.0
54;2021-03-12;4981;181;66741;22420;9.1;3.1
54;2021-03-13;4206;115;70947;22535;9.7;3.1
54;2021-03-14;543;40;71490;22575;9.8;3.1
54;2021-03-15;1719;104;73209;22679;10.0;3.1
54;2021-03-16;1735;173;74944;22852;10.3;3.1
54;2021-03-17;2082;151;77026;23003;10.5;3.1
54;2021-03-18;2060;171;79086;23174;10.8;3.2
54;2021-03-19;3320;274;82406;23448;11.3;3.2
54;2021-03-20;2312;75;84718;23523;11.6;3.2
54;2021-03-21;295;15;85013;23538;11.6;3.2
54;2021-03-22;1034;330;86047;23868;11.8;3.3
54;2021-03-23;1937;523;87984;24391;12.0;3.3
54;2021-03-24;2195;710;90179;25101;12.3;3.4
54;2021-03-25;3177;727;93356;25828;12.8;3.5
54;2021-03-26;3516;815;96872;26643;13.3;3.6
54;2021-03-27;2419;289;99291;26932;13.6;3.7
54;2021-03-28;278;6;99569;26938;13.6;3.7
54;2021-03-29;1669;385;101238;27323;13.9;3.7
54;2021-03-30;2559;975;103797;28298;14.2;3.9
54;2021-03-31;2598;1143;106395;29441;14.6;4.0
54;2021-04-01;3238;1284;109633;30725;15.0;4.2
54;2021-04-02;2963;1679;112596;32404;15.4;4.4
54;2021-04-03;1263;1307;113859;33711;15.6;4.6
54;2021-04-04;137;419;113996;34130;15.6;4.7
54;2021-04-05;145;573;114141;34703;15.6;4.8
54;2021-04-06;1269;1661;115410;36364;15.8;5.0
54;2021-04-07;926;2257;116336;38621;15.9;5.3
54;2021-04-08;2326;2441;118662;41062;16.2;5.6
54;2021-04-09;4121;3148;122783;44210;16.8;6.1
54;2021-04-10;3208;1679;125991;45889;17.2;6.3
54;2021-04-11;206;1000;126197;46889;17.3;6.4
54;2021-04-12;2199;1531;128396;48420;17.6;6.6
54;2021-04-13;3002;1977;131398;50397;18.0;6.9
54;2021-04-14;3262;1865;134660;52262;18.4;7.2
54;2021-04-15;2876;2297;137536;54559;18.8;7.5
54;2021-04-16;3143;2603;140679;57162;19.3;7.8
54;2021-04-17;3475;1490;144154;58652;19.7;8.0
54;2021-04-18;64;245;144218;58897;19.7;8.1
54;2021-04-19;2462;1082;146680;59979;20.1;8.2
54;2021-04-20;3011;1246;149691;61225;20.5;8.4
54;2021-04-21;4403;1635;154094;62860;21.1;8.6
54;2021-04-22;3721;2387;157815;65247;21.6;8.9
54;2021-04-23;3866;2080;161681;67327;22.1;9.2
54;2021-04-24;2346;1040;164027;68367;22.5;9.4
54;2021-04-25;283;276;164310;68643;22.5;9.4
54;2021-04-26;2306;1271;166616;69914;22.8;9.6
54;2021-04-27;3288;1440;169904;71354;23.3;9.8
54;2021-04-28;2974;1947;172878;73301;23.7;10.0
54;2021-04-29;3795;2077;176673;75378;24.2;10.3
54;2021-04-30;4491;1965;181164;77343;24.8;10.6
54;2021-05-01;2264;803;183428;78146;25.1;10.7
54;2021-05-02;229;68;183657;78214;25.1;10.7
54;2021-05-03;3097;942;186754;79156;25.6;10.8
54;2021-05-04;3517;1454;190271;80610;26.1;11.0
54;2021-05-05;4896;1416;195167;82026;26.7;11.2
54;2021-05-06;4437;2801;199604;84827;27.3;11.6
54;2021-05-07;4825;3402;204429;88229;28.0;12.1
54;2021-05-08;2030;645;206459;88874;28.3;12.2
54;2021-05-09;375;136;206834;89010;28.3;12.2
54;2021-05-10;3208;2241;210042;91251;28.8;12.5
54;2021-05-11;5491;2932;215533;94183;29.5;12.9
54;2021-05-12;4146;3389;219679;97572;30.1;13.4
54;2021-05-13;2648;493;222327;98065;30.4;13.4
54;2021-05-14;6886;1999;229213;100064;31.4;13.7
54;2021-05-15;5484;1320;234697;101384;32.1;13.9
54;2021-05-16;946;111;235643;101495;32.3;13.9
54;2021-05-17;3798;828;239441;102323;32.8;14.0
54;2021-05-18;3289;1104;242730;103427;33.2;14.2
54;2021-05-19;3465;1514;246195;104941;33.7;14.4
54;2021-05-20;4538;1620;250733;106561;34.3;14.6
54;2021-05-21;6755;2507;257488;109068;35.3;14.9
54;2021-05-22;5661;1373;263149;110441;36.0;15.1
54;2021-05-23;504;54;263653;110495;36.1;15.1
54;2021-05-24;1444;343;265097;110838;36.3;15.2
54;2021-05-25;4199;1534;269296;112372;36.9;15.4
54;2021-05-26;3535;2213;272831;114585;37.4;15.7
54;2021-05-27;4182;2431;277013;117016;37.9;16.0
54;2021-05-28;4982;3558;281995;120574;38.6;16.5
54;2021-05-29;3847;3991;285842;124565;39.1;17.1
54;2021-05-30;127;83;285969;124648;39.2;17.1
54;2021-05-31;2939;3064;288908;127712;39.6;17.5
54;2021-06-01;2621;4199;291529;131911;39.9;18.1
54;2021-06-02;2165;4096;293694;136007;40.2;18.6
54;2021-06-03;3145;5655;296839;141662;40.6;19.4
54;2021-06-04;5101;5472;301940;147134;41.3;20.1
54;2021-06-05;2342;3281;304282;150415;41.7;20.6
54;2021-06-06;71;236;304353;150651;41.7;20.6
54;2021-06-07;3706;2935;308059;153586;42.2;21.0
54;2021-06-08;4545;4268;312604;157854;42.8;21.6
54;2021-06-09;6004;3315;318608;161169;43.6;22.1
54;2021-06-10;5299;4452;323907;165621;44.3;22.7
54;2021-06-11;5021;4914;328928;170535;45.0;23.3
54;2021-06-12;4244;3228;333172;173763;45.6;23.8
54;2021-06-13;54;210;333226;173973;45.6;23.8
54;2021-06-14;2331;3593;335557;177566;45.9;24.3
54;2021-06-15;2831;4732;338388;182298;46.3;25.0
54;2021-06-16;3489;5656;341877;187954;46.8;25.7
54;2021-06-17;3138;5219;345015;193173;47.2;26.4
54;2021-06-18;4156;6240;349171;199413;47.8;27.3
54;2021-06-19;2647;3128;351818;202541;48.2;27.7
54;2021-06-20;101;339;351919;202880;48.2;27.8
54;2021-06-21;2558;4768;354477;207648;48.5;28.4
54;2021-06-22;2044;6225;356521;213873;48.8;29.3
54;2021-06-23;2245;5592;358766;219465;49.1;30.0
54;2021-06-24;2093;3456;360859;222921;49.4;30.5
54;2021-06-25;2202;7055;363061;229976;49.7;31.5
54;2021-06-26;2383;5670;365444;235646;50.0;32.3
54;2021-06-27;134;607;365578;236253;50.1;32.3
54;2021-06-28;1962;4352;367540;240605;50.3;32.9
54;2021-06-29;1941;5204;369481;245809;50.6;33.7
54;2021-06-30;1982;5120;371463;250929;50.9;34.4
54;2021-07-01;2140;5984;373603;256913;51.2;35.2
54;2021-07-02;2817;7565;376420;264478;51.5;36.2
54;2021-07-03;2837;4097;379257;268575;51.9;36.8
54;2021-07-04;195;498;379452;269073;52.0;36.8
54;2021-07-05;1670;4254;381122;273327;52.2;37.4
54;2021-07-06;2001;5077;383123;278404;52.5;38.1
54;2021-07-07;1906;4843;385029;283247;52.7;38.8
54;2021-07-08;1679;4112;386708;287359;52.9;39.3
54;2021-07-09;3205;6026;389913;293385;53.4;40.2
54;2021-07-10;2543;4376;392456;297761;53.7;40.8
54;2021-07-11;9;103;392465;297864;53.7;40.8
54;2021-07-12;2101;4690;394566;302554;54.0;41.4
54;2021-07-13;2621;4973;397187;307527;54.4;42.1
54;2021-07-14;1536;1506;398723;309033;54.6;42.3
54;2021-07-15;3174;4837;401897;313870;55.0;43.0
54;2021-07-16;4666;6223;406563;320093;55.7;43.8
54;2021-07-17;4007;4768;410570;324861;56.2;44.5
54;2021-07-18;1804;1682;412374;326543;56.5;44.7
54;2021-07-19;2591;4047;414965;330590;56.8;45.3
54;2021-07-20;2907;4814;417872;335404;57.2;45.9
54;2021-07-21;3132;6335;421004;341739;57.6;46.8
54;2021-07-22;3278;5734;424282;347473;58.1;47.6
54;2021-07-23;3983;6979;428265;354452;58.6;48.5
54;2021-07-24;2947;5324;431212;359776;59.0;49.3
54;2021-07-25;71;50;431283;359826;59.0;49.3
54;2021-07-26;2983;4172;434266;363998;59.5;49.8
54;2021-07-27;3719;4008;437985;368006;60.0;50.4
54;2021-07-28;5205;3867;443190;371873;60.7;50.9
54;2021-07-29;5157;3202;448347;375075;61.4;51.4
54;2021-07-30;5138;5000;453485;380075;62.1;52.0
54;2021-07-31;4532;3227;458017;383302;62.7;52.5
54;2021-08-01;257;73;458274;383375;62.7;52.5
54;2021-08-02;3094;3704;461368;387079;63.2;53.0
54;2021-08-03;4103;2917;465471;389996;63.7;53.4
54;2021-08-04;4417;2696;469888;392692;64.3;53.8
54;2021-08-05;4616;2432;474504;395124;65.0;54.1
54;2021-08-06;5443;3996;479947;399120;65.7;54.6
54;2021-08-07;3666;2832;483613;401952;66.2;55.0
54;2021-08-08;247;114;483860;402066;66.2;55.0
54;2021-08-09;2976;2695;486836;404761;66.7;55.4
54;2021-08-10;2554;3768;489390;408529;67.0;55.9
54;2021-08-11;2329;2566;491719;411095;67.3;56.3
54;2021-08-12;2174;3010;493893;414105;67.6;56.7
54;2021-08-13;2612;4450;496505;418555;68.0;57.3
54;2021-08-14;1427;2076;497932;420631;68.2;57.6
54;2021-08-15;30;43;497962;420674;68.2;57.6
54;2021-08-16;1839;3430;499801;424104;68.4;58.1
54;2021-08-17;1935;3313;501736;427417;68.7;58.5
54;2021-08-18;1487;4101;503223;431518;68.9;59.1
54;2021-08-19;1244;2791;504467;434309;69.1;59.5
54;2021-08-20;1841;4933;506308;439242;69.3;60.1
54;2021-08-21;1452;4016;507760;443258;69.5;60.7
54;2021-08-22;58;27;507818;443285;69.5;60.7
54;2021-08-23;1198;3851;509016;447136;69.7;61.2
54;2021-08-24;1115;3154;510131;450290;69.8;61.6
54;2021-08-25;1401;4378;511532;454668;70.0;62.2
54;2021-08-26;993;3109;512525;457777;70.2;62.7
54;2021-08-27;1494;5322;514019;463099;70.4;63.4
54;2021-08-28;1123;4272;515142;467371;70.5;64.0
54;2021-08-29;15;50;515157;467421;70.5;64.0
54;2021-08-30;1175;4191;516332;471612;70.7;64.6
54;2021-08-31;1044;4696;517376;476308;70.8;65.2
54;2021-09-01;1091;3750;518467;480058;71.0;65.7
54;2021-09-02;716;2164;519183;482222;71.1;66.0
54;2021-09-03;966;3206;520149;485428;71.2;66.5
54;2021-09-04;1140;3420;521289;488848;71.4;66.9
54;2021-09-05;24;31;521313;488879;71.4;66.9
54;2021-09-06;483;1463;521796;490342;71.4;67.1
54;2021-09-07;514;1589;522310;491931;71.5;67.4
54;2021-09-08;574;1882;522884;493813;71.6;67.6
55;2020-12-27;0;0;0;0;0.0;0.0
55;2020-12-28;0;0;0;0;0.0;0.0
55;2020-12-29;0;0;0;0;0.0;0.0
55;2020-12-30;0;0;0;0;0.0;0.0
55;2020-12-31;0;0;0;0;0.0;0.0
55;2021-01-01;0;0;0;0;0.0;0.0
55;2021-01-02;0;0;0;0;0.0;0.0
55;2021-01-03;0;0;0;0;0.0;0.0
55;2021-01-04;1;0;1;0;0.0;0.0
55;2021-01-05;0;0;1;0;0.0;0.0
55;2021-01-06;0;0;1;0;0.0;0.0
55;2021-01-07;122;0;123;0;0.1;0.0
55;2021-01-08;127;0;250;0;0.1;0.0
55;2021-01-09;52;0;302;0;0.2;0.0
55;2021-01-10;0;0;302;0;0.2;0.0
55;2021-01-11;128;1;430;1;0.2;0.0
55;2021-01-12;119;0;549;1;0.3;0.0
55;2021-01-13;135;0;684;1;0.4;0.0
55;2021-01-14;644;7;1328;8;0.7;0.0
55;2021-01-15;237;0;1565;8;0.9;0.0
55;2021-01-16;62;0;1627;8;0.9;0.0
55;2021-01-17;1;0;1628;8;0.9;0.0
55;2021-01-18;413;1;2041;9;1.1;0.0
55;2021-01-19;352;3;2393;12;1.3;0.0
55;2021-01-20;455;2;2848;14;1.6;0.0
55;2021-01-21;430;0;3278;14;1.8;0.0
55;2021-01-22;391;0;3669;14;2.0;0.0
55;2021-01-23;49;0;3718;14;2.0;0.0
55;2021-01-24;0;0;3718;14;2.0;0.0
55;2021-01-25;436;0;4154;14;2.3;0.0
55;2021-01-26;431;0;4585;14;2.5;0.0
55;2021-01-27;424;0;5009;14;2.8;0.0
55;2021-01-28;485;97;5494;111;3.0;0.1
55;2021-01-29;159;54;5653;165;3.1;0.1
55;2021-01-30;92;27;5745;192;3.2;0.1
55;2021-01-31;0;0;5745;192;3.2;0.1
55;2021-02-01;153;169;5898;361;3.2;0.2
55;2021-02-02;159;144;6057;505;3.3;0.3
55;2021-02-03;53;148;6110;653;3.4;0.4
55;2021-02-04;234;391;6344;1044;3.5;0.6
55;2021-02-05;174;139;6518;1183;3.6;0.7
55;2021-02-06;62;56;6580;1239;3.6;0.7
55;2021-02-07;2;53;6582;1292;3.6;0.7
55;2021-02-08;0;17;6582;1309;3.6;0.7
55;2021-02-09;92;116;6674;1425;3.7;0.8
55;2021-02-10;65;23;6739;1448;3.7;0.8
55;2021-02-11;175;95;6914;1543;3.8;0.8
55;2021-02-12;94;28;7008;1571;3.9;0.9
55;2021-02-13;0;0;7008;1571;3.9;0.9
55;2021-02-14;0;0;7008;1571;3.9;0.9
55;2021-02-15;15;334;7023;1905;3.9;1.0
55;2021-02-16;143;314;7166;2219;3.9;1.2
55;2021-02-17;26;418;7192;2637;4.0;1.5
55;2021-02-18;20;286;7212;2923;4.0;1.6
55;2021-02-19;125;258;7337;3181;4.0;1.8
55;2021-02-20;11;0;7348;3181;4.0;1.8
55;2021-02-21;0;0;7348;3181;4.0;1.8
55;2021-02-22;55;399;7403;3580;4.1;2.0
55;2021-02-23;85;396;7488;3976;4.1;2.2
55;2021-02-24;72;365;7560;4341;4.2;2.4
55;2021-02-25;270;646;7830;4987;4.3;2.7
55;2021-02-26;324;215;8154;5202;4.5;2.9
55;2021-02-27;125;85;8279;5287;4.6;2.9
55;2021-02-28;2;8;8281;5295;4.6;2.9
55;2021-03-01;77;125;8358;5420;4.6;3.0
55;2021-03-02;124;149;8482;5569;4.7;3.1
55;2021-03-03;198;3;8680;5572;4.8;3.1
55;2021-03-04;238;41;8918;5613;4.9;3.1
55;2021-03-05;362;47;9280;5660;5.1;3.1
55;2021-03-06;224;6;9504;5666;5.2;3.1
55;2021-03-07;74;1;9578;5667;5.3;3.1
55;2021-03-08;329;49;9907;5716;5.5;3.1
55;2021-03-09;635;50;10542;5766;5.8;3.2
55;2021-03-10;397;25;10939;5791;6.0;3.2
55;2021-03-11;597;144;11536;5935;6.4;3.3
55;2021-03-12;816;91;12352;6026;6.8;3.3
55;2021-03-13;523;12;12875;6038;7.1;3.3
55;2021-03-14;14;0;12889;6038;7.1;3.3
55;2021-03-15;393;24;13282;6062;7.3;3.3
55;2021-03-16;568;105;13850;6167;7.6;3.4
55;2021-03-17;683;21;14533;6188;8.0;3.4
55;2021-03-18;323;23;14856;6211;8.2;3.4
55;2021-03-19;471;59;15327;6270;8.4;3.5
55;2021-03-20;254;15;15581;6285;8.6;3.5
55;2021-03-21;1;1;15582;6286;8.6;3.5
55;2021-03-22;474;20;16056;6306;8.8;3.5
55;2021-03-23;972;65;17028;6371;9.4;3.5
55;2021-03-24;802;43;17830;6414;9.8;3.5
55;2021-03-25;1098;81;18928;6495;10.4;3.6
55;2021-03-26;602;36;19530;6531;10.8;3.6
55;2021-03-27;256;23;19786;6554;10.9;3.6
55;2021-03-28;0;0;19786;6554;10.9;3.6
55;2021-03-29;944;39;20730;6593;11.4;3.6
55;2021-03-30;1425;72;22155;6665;12.2;3.7
55;2021-03-31;1484;69;23639;6734;13.0;3.7
55;2021-04-01;1207;127;24846;6861;13.7;3.8
55;2021-04-02;902;74;25748;6935;14.2;3.8
55;2021-04-03;93;12;25841;6947;14.2;3.8
55;2021-04-04;2;0;25843;6947;14.2;3.8
55;2021-04-05;6;12;25849;6959;14.2;3.8
55;2021-04-06;933;277;26782;7236;14.7;4.0
55;2021-04-07;993;237;27775;7473;15.3;4.1
55;2021-04-08;1649;420;29424;7893;16.2;4.3
55;2021-04-09;1430;261;30854;8154;17.0;4.5
55;2021-04-10;242;174;31096;8328;17.1;4.6
55;2021-04-11;452;21;31548;8349;17.4;4.6
55;2021-04-12;855;327;32403;8676;17.8;4.8
55;2021-04-13;1355;529;33758;9205;18.6;5.1
55;2021-04-14;1372;728;35130;9933;19.3;5.5
55;2021-04-15;1636;458;36766;10391;20.2;5.7
55;2021-04-16;705;379;37471;10770;20.6;5.9
55;2021-04-17;677;31;38148;10801;21.0;5.9
55;2021-04-18;38;18;38186;10819;21.0;6.0
55;2021-04-19;961;347;39147;11166;21.6;6.1
55;2021-04-20;1173;772;40320;11938;22.2;6.6
55;2021-04-21;991;640;41311;12578;22.7;6.9
55;2021-04-22;1099;677;42410;13255;23.3;7.3
55;2021-04-23;1424;596;43834;13851;24.1;7.6
55;2021-04-24;313;124;44147;13975;24.3;7.7
55;2021-04-25;384;51;44531;14026;24.5;7.7
55;2021-04-26;478;816;45009;14842;24.8;8.2
55;2021-04-27;570;995;45579;15837;25.1;8.7
55;2021-04-28;931;816;46510;16653;25.6;9.2
55;2021-04-29;1118;858;47628;17511;26.2;9.6
55;2021-04-30;1280;622;48908;18133;26.9;10.0
55;2021-05-01;153;132;49061;18265;27.0;10.1
55;2021-05-02;2;3;49063;18268;27.0;10.1
55;2021-05-03;1208;630;50271;18898;27.7;10.4
55;2021-05-04;683;1177;50954;20075;28.1;11.1
55;2021-05-05;658;1074;51612;21149;28.4;11.6
55;2021-05-06;1348;1159;52960;22308;29.2;12.3
55;2021-05-07;1433;554;54393;22862;29.9;12.6
55;2021-05-08;156;77;54549;22939;30.0;12.6
55;2021-05-09;62;522;54611;23461;30.1;12.9
55;2021-05-10;860;1030;55471;24491;30.5;13.5
55;2021-05-11;1070;1375;56541;25866;31.1;14.2
55;2021-05-12;1031;1766;57572;27632;31.7;15.2
55;2021-05-13;99;75;57671;27707;31.7;15.3
55;2021-05-14;352;558;58023;28265;31.9;15.6
55;2021-05-15;292;492;58315;28757;32.1;15.8
55;2021-05-16;3;10;58318;28767;32.1;15.8
55;2021-05-17;1028;841;59346;29608;32.7;16.3
55;2021-05-18;1568;890;60914;30498;33.5;16.8
55;2021-05-19;1809;781;62723;31279;34.5;17.2
55;2021-05-20;2215;730;64938;32009;35.8;17.6
55;2021-05-21;2011;801;66949;32810;36.9;18.1
55;2021-05-22;198;166;67147;32976;37.0;18.2
55;2021-05-23;23;120;67170;33096;37.0;18.2
55;2021-05-24;0;0;67170;33096;37.0;18.2
55;2021-05-25;1347;653;68517;33749;37.7;18.6
55;2021-05-26;1674;1017;70191;34766;38.6;19.1
55;2021-05-27;1321;982;71512;35748;39.4;19.7
55;2021-05-28;1521;929;73033;36677;40.2;20.2
55;2021-05-29;1403;697;74436;37374;41.0;20.6
55;2021-05-30;15;206;74451;37580;41.0;20.7
55;2021-05-31;1049;1130;75500;38710;41.6;21.3
55;2021-06-01;918;957;76418;39667;42.1;21.8
55;2021-06-02;1163;986;77581;40653;42.7;22.4
55;2021-06-03;703;545;78284;41198;43.1;22.7
55;2021-06-04;1389;1101;79673;42299;43.9;23.3
55;2021-06-05;1366;277;81039;42576;44.6;23.4
55;2021-06-06;0;2;81039;42578;44.6;23.4
55;2021-06-07;790;714;81829;43292;45.0;23.8
55;2021-06-08;699;1075;82528;44367;45.4;24.4
55;2021-06-09;852;869;83380;45236;45.9;24.9
55;2021-06-10;379;275;83759;45511;46.1;25.1
55;2021-06-11;528;1287;84287;46798;46.4;25.8
55;2021-06-12;761;519;85048;47317;46.8;26.0
55;2021-06-13;265;33;85313;47350;47.0;26.1
55;2021-06-14;391;1363;85704;48713;47.2;26.8
55;2021-06-15;574;1212;86278;49925;47.5;27.5
55;2021-06-16;735;832;87013;50757;47.9;27.9
55;2021-06-17;425;858;87438;51615;48.1;28.4
55;2021-06-18;668;1475;88106;53090;48.5;29.2
55;2021-06-19;593;455;88699;53545;48.8;29.5
55;2021-06-20;0;0;88699;53545;48.8;29.5
55;2021-06-21;439;1023;89138;54568;49.1;30.0
55;2021-06-22;335;1013;89473;55581;49.3;30.6
55;2021-06-23;626;1210;90099;56791;49.6;31.3
55;2021-06-24;163;433;90262;57224;49.7;31.5
55;2021-06-25;642;1227;90904;58451;50.0;32.2
55;2021-06-26;418;341;91322;58792;50.3;32.4
55;2021-06-27;1;2;91323;58794;50.3;32.4
55;2021-06-28;149;1380;91472;60174;50.4;33.1
55;2021-06-29;201;1288;91673;61462;50.5;33.8
55;2021-06-30;272;1932;91945;63394;50.6;34.9
55;2021-07-01;388;1978;92333;65372;50.8;36.0
55;2021-07-02;391;1719;92724;67091;51.0;36.9
55;2021-07-03;108;262;92832;67353;51.1;37.1
55;2021-07-04;12;19;92844;67372;51.1;37.1
55;2021-07-05;222;1508;93066;68880;51.2;37.9
55;2021-07-06;327;900;93393;69780;51.4;38.4
55;2021-07-07;388;1801;93781;71581;51.6;39.4
55;2021-07-08;534;1594;94315;73175;51.9;40.3
55;2021-07-09;456;1479;94771;74654;52.2;41.1
55;2021-07-10;356;1112;95127;75766;52.4;41.7
55;2021-07-11;0;9;95127;75775;52.4;41.7
55;2021-07-12;608;1166;95735;76941;52.7;42.4
55;2021-07-13;599;1488;96334;78429;53.0;43.2
55;2021-07-14;1;13;96335;78442;53.0;43.2
55;2021-07-15;782;1645;97117;80087;53.5;44.1
55;2021-07-16;1255;1808;98372;81895;54.2;45.1
55;2021-07-17;1283;821;99655;82716;54.9;45.5
55;2021-07-18;1;2;99656;82718;54.9;45.5
55;2021-07-19;597;785;100253;83503;55.2;46.0
55;2021-07-20;1001;1019;101254;84522;55.7;46.5
55;2021-07-21;1484;1369;102738;85891;56.6;47.3
55;2021-07-22;1175;565;103913;86456;57.2;47.6
55;2021-07-23;1113;1356;105026;87812;57.8;48.3
55;2021-07-24;819;762;105845;88574;58.3;48.8
55;2021-07-25;120;229;105965;88803;58.3;48.9
55;2021-07-26;669;444;106634;89247;58.7;49.1
55;2021-07-27;1168;479;107802;89726;59.3;49.4
55;2021-07-28;1039;1064;108841;90790;59.9;50.0
55;2021-07-29;669;446;109510;91236;60.3;50.2
55;2021-07-30;1271;966;110781;92202;61.0;50.8
55;2021-07-31;713;613;111494;92815;61.4;51.1
55;2021-08-01;9;5;111503;92820;61.4;51.1
55;2021-08-02;628;443;112131;93263;61.7;51.3
55;2021-08-03;642;419;112773;93682;62.1;51.6
55;2021-08-04;1248;953;114021;94635;62.8;52.1
55;2021-08-05;1001;323;115022;94958;63.3;52.3
55;2021-08-06;816;1095;115838;96053;63.8;52.9
55;2021-08-07;596;336;116434;96389;64.1;53.1
55;2021-08-08;0;0;116434;96389;64.1;53.1
55;2021-08-09;402;306;116836;96695;64.3;53.2
55;2021-08-10;435;775;117271;97470;64.6;53.7
55;2021-08-11;593;645;117864;98115;64.9;54.0
55;2021-08-12;325;488;118189;98603;65.1;54.3
55;2021-08-13;427;1110;118616;99713;65.3;54.9
55;2021-08-14;136;192;118752;99905;65.4;55.0
55;2021-08-15;11;5;118763;99910;65.4;55.0
55;2021-08-16;245;739;119008;100649;65.5;55.4
55;2021-08-17;255;291;119263;100940;65.7;55.6
55;2021-08-18;540;1241;119803;102181;66.0;56.3
55;2021-08-19;450;960;120253;103141;66.2;56.8
55;2021-08-20;562;1012;120815;104153;66.5;57.3
55;2021-08-21;292;771;121107;104924;66.7;57.8
55;2021-08-22;8;6;121115;104930;66.7;57.8
55;2021-08-23;353;611;121468;105541;66.9;58.1
55;2021-08-24;303;833;121771;106374;67.0;58.6
55;2021-08-25;665;1172;122436;107546;67.4;59.2
55;2021-08-26;448;1252;122884;108798;67.7;59.9
55;2021-08-27;314;1246;123198;110044;67.8;60.6
55;2021-08-28;382;579;123580;110623;68.0;60.9
55;2021-08-29;216;57;123796;110680;68.2;60.9
55;2021-08-30;129;677;123925;111357;68.2;61.3
55;2021-08-31;282;823;124207;112180;68.4;61.8
55;2021-09-01;542;1269;124749;113449;68.7;62.5
55;2021-09-02;201;893;124950;114342;68.8;62.9
55;2021-09-03;403;1271;125353;115613;69.0;63.6
55;2021-09-04;287;599;125640;116212;69.2;64.0
55;2021-09-05;16;89;125656;116301;69.2;64.0
55;2021-09-06;59;126;125715;116427;69.2;64.1
55;2021-09-07;265;593;125980;117020;69.4;64.4
55;2021-09-08;210;332;126190;117352;69.5;64.6
56;2020-12-27;0;0;0;0;0.0;0.0
56;2020-12-28;1;0;1;0;0.0;0.0
56;2020-12-29;0;0;1;0;0.0;0.0
56;2020-12-30;0;0;1;0;0.0;0.0
56;2020-12-31;0;0;1;0;0.0;0.0
56;2021-01-01;0;0;1;0;0.0;0.0
56;2021-01-02;1;0;2;0;0.0;0.0
56;2021-01-03;2;0;4;0;0.0;0.0
56;2021-01-04;2;0;6;0;0.0;0.0
56;2021-01-05;1;0;7;0;0.0;0.0
56;2021-01-06;2;0;9;0;0.0;0.0
56;2021-01-07;198;0;207;0;0.0;0.0
56;2021-01-08;119;0;326;0;0.0;0.0
56;2021-01-09;1;0;327;0;0.0;0.0
56;2021-01-10;1;0;328;0;0.0;0.0
56;2021-01-11;242;0;570;0;0.1;0.0
56;2021-01-12;754;0;1324;0;0.2;0.0
56;2021-01-13;638;1;1962;1;0.3;0.0
56;2021-01-14;970;2;2932;3;0.4;0.0
56;2021-01-15;843;5;3775;8;0.5;0.0
56;2021-01-16;234;3;4009;11;0.5;0.0
56;2021-01-17;27;0;4036;11;0.5;0.0
56;2021-01-18;1005;1;5041;12;0.7;0.0
56;2021-01-19;866;0;5907;12;0.8;0.0
56;2021-01-20;884;1;6791;13;0.9;0.0
56;2021-01-21;1450;2;8241;15;1.1;0.0
56;2021-01-22;1182;3;9423;18;1.2;0.0
56;2021-01-23;319;2;9742;20;1.3;0.0
56;2021-01-24;6;0;9748;20;1.3;0.0
56;2021-01-25;830;0;10578;20;1.4;0.0
56;2021-01-26;1034;4;11612;24;1.5;0.0
56;2021-01-27;1082;59;12694;83;1.7;0.0
56;2021-01-28;975;120;13669;203;1.8;0.0
56;2021-01-29;873;102;14542;305;1.9;0.0
56;2021-01-30;139;18;14681;323;1.9;0.0
56;2021-01-31;0;0;14681;323;1.9;0.0
56;2021-02-01;479;154;15160;477;2.0;0.1
56;2021-02-02;941;255;16101;732;2.1;0.1
56;2021-02-03;1023;266;17124;998;2.3;0.1
56;2021-02-04;4701;345;21825;1343;2.9;0.2
56;2021-02-05;3591;424;25416;1767;3.4;0.2
56;2021-02-06;550;167;25966;1934;3.4;0.3
56;2021-02-07;136;26;26102;1960;3.5;0.3
56;2021-02-08;297;270;26399;2230;3.5;0.3
56;2021-02-09;794;474;27193;2704;3.6;0.4
56;2021-02-10;866;680;28059;3384;3.7;0.4
56;2021-02-11;973;1037;29032;4421;3.8;0.6
56;2021-02-12;1151;600;30183;5021;4.0;0.7
56;2021-02-13;220;87;30403;5108;4.0;0.7
56;2021-02-14;6;45;30409;5153;4.0;0.7
56;2021-02-15;622;916;31031;6069;4.1;0.8
56;2021-02-16;1220;644;32251;6713;4.3;0.9
56;2021-02-17;1189;846;33440;7559;4.4;1.0
56;2021-02-18;1352;760;34792;8319;4.6;1.1
56;2021-02-19;1322;776;36114;9095;4.8;1.2
56;2021-02-20;365;208;36479;9303;4.8;1.2
56;2021-02-21;1;0;36480;9303;4.8;1.2
56;2021-02-22;376;624;36856;9927;4.9;1.3
56;2021-02-23;741;811;37597;10738;5.0;1.4
56;2021-02-24;916;1033;38513;11771;5.1;1.6
56;2021-02-25;2031;4129;40544;15900;5.4;2.1
56;2021-02-26;2356;2175;42900;18075;5.7;2.4
56;2021-02-27;745;430;43645;18505;5.8;2.4
56;2021-02-28;15;113;43660;18618;5.8;2.5
56;2021-03-01;648;491;44308;19109;5.9;2.5
56;2021-03-02;979;702;45287;19811;6.0;2.6
56;2021-03-03;1150;822;46437;20633;6.1;2.7
56;2021-03-04;1967;972;48404;21605;6.4;2.9
56;2021-03-05;2582;1382;50986;22987;6.7;3.0
56;2021-03-06;1207;206;52193;23193;6.9;3.1
56;2021-03-07;282;24;52475;23217;6.9;3.1
56;2021-03-08;1141;378;53616;23595;7.1;3.1
56;2021-03-09;2042;618;55658;24213;7.4;3.2
56;2021-03-10;2000;916;57658;25129;7.6;3.3
56;2021-03-11;3252;729;60910;25858;8.1;3.4
56;2021-03-12;4208;812;65118;26670;8.6;3.5
56;2021-03-13;1883;147;67001;26817;8.9;3.5
56;2021-03-14;195;4;67196;26821;8.9;3.5
56;2021-03-15;1285;529;68481;27350;9.1;3.6
56;2021-03-16;1089;1017;69570;28367;9.2;3.8
56;2021-03-17;1371;765;70941;29132;9.4;3.9
56;2021-03-18;2001;1854;72942;30986;9.7;4.1
56;2021-03-19;2943;1375;75885;32361;10.0;4.3
56;2021-03-20;1493;207;77378;32568;10.2;4.3
56;2021-03-21;208;22;77586;32590;10.3;4.3
56;2021-03-22;1611;402;79197;32992;10.5;4.4
56;2021-03-23;2807;680;82004;33672;10.9;4.5
56;2021-03-24;3450;521;85454;34193;11.3;4.5
56;2021-03-25;4240;719;89694;34912;11.9;4.6
56;2021-03-26;5092;763;94786;35675;12.5;4.7
56;2021-03-27;1501;291;96287;35966;12.7;4.8
56;2021-03-28;264;11;96551;35977;12.8;4.8
56;2021-03-29;2236;504;98787;36481;13.1;4.8
56;2021-03-30;3519;784;102306;37265;13.5;4.9
56;2021-03-31;3116;716;105422;37981;14.0;5.0
56;2021-04-01;4078;819;109500;38800;14.5;5.1
56;2021-04-02;3928;943;113428;39743;15.0;5.3
56;2021-04-03;1186;270;114614;40013;15.2;5.3
56;2021-04-04;232;4;114846;40017;15.2;5.3
56;2021-04-05;244;8;115090;40025;15.2;5.3
56;2021-04-06;2826;1233;117916;41258;15.6;5.5
56;2021-04-07;4026;1190;121942;42448;16.1;5.6
56;2021-04-08;5298;1164;127240;43612;16.8;5.8
56;2021-04-09;7392;1281;134632;44893;17.8;5.9
56;2021-04-10;2578;427;137210;45320;18.2;6.0
56;2021-04-11;194;101;137404;45421;18.2;6.0
56;2021-04-12;3933;836;141337;46257;18.7;6.1
56;2021-04-13;5966;1262;147303;47519;19.5;6.3
56;2021-04-14;5167;1431;152470;48950;20.2;6.5
56;2021-04-15;7154;1773;159624;50723;21.1;6.7
56;2021-04-16;7843;2011;167467;52734;22.2;7.0
56;2021-04-17;3132;647;170599;53381;22.6;7.1
56;2021-04-18;528;110;171127;53491;22.6;7.1
56;2021-04-19;3719;1264;174846;54755;23.1;7.2
56;2021-04-20;4106;1979;178952;56734;23.7;7.5
56;2021-04-21;4060;2324;183012;59058;24.2;7.8
56;2021-04-22;5175;1919;188187;60977;24.9;8.1
56;2021-04-23;5171;2417;193358;63394;25.6;8.4
56;2021-04-24;2901;643;196259;64037;26.0;8.5
56;2021-04-25;465;150;196724;64187;26.0;8.5
56;2021-04-26;4709;1666;201433;65853;26.7;8.7
56;2021-04-27;5098;2547;206531;68400;27.3;9.1
56;2021-04-28;4969;2242;211500;70642;28.0;9.3
56;2021-04-29;5842;2937;217342;73579;28.8;9.7
56;2021-04-30;6246;2795;223588;76374;29.6;10.1
56;2021-05-01;2489;362;226077;76736;29.9;10.2
56;2021-05-02;307;254;226384;76990;30.0;10.2
56;2021-05-03;3865;2069;230249;79059;30.5;10.5
56;2021-05-04;4379;3904;234628;82963;31.1;11.0
56;2021-05-05;3523;3873;238151;86836;31.5;11.5
56;2021-05-06;4377;5435;242528;92271;32.1;12.2
56;2021-05-07;4268;4994;246796;97265;32.7;12.9
56;2021-05-08;1644;320;248440;97585;32.9;12.9
56;2021-05-09;495;227;248935;97812;32.9;12.9
56;2021-05-10;3751;3808;252686;101620;33.4;13.4
56;2021-05-11;4170;5047;256856;106667;34.0;14.1
56;2021-05-12;4342;4773;261198;111440;34.6;14.7
56;2021-05-13;2397;1015;263595;112455;34.9;14.9
56;2021-05-14;4228;4354;267823;116809;35.4;15.5
56;2021-05-15;2487;1895;270310;118704;35.8;15.7
56;2021-05-16;237;488;270547;119192;35.8;15.8
56;2021-05-17;2513;3667;273060;122859;36.1;16.3
56;2021-05-18;3520;4098;276580;126957;36.6;16.8
56;2021-05-19;3528;3398;280108;130355;37.1;17.3
56;2021-05-20;3804;4814;283912;135169;37.6;17.9
56;2021-05-21;3746;5225;287658;140394;38.1;18.6
56;2021-05-22;1698;2207;289356;142601;38.3;18.9
56;2021-05-23;284;197;289640;142798;38.3;18.9
56;2021-05-24;2058;498;291698;143296;38.6;19.0
56;2021-05-25;3140;4470;294838;147766;39.0;19.6
56;2021-05-26;3735;3935;298573;151701;39.5;20.1
56;2021-05-27;4362;4868;302935;156569;40.1;20.7
56;2021-05-28;4637;5953;307572;162522;40.7;21.5
56;2021-05-29;1886;1635;309458;164157;41.0;21.7
56;2021-05-30;318;67;309776;164224;41.0;21.7
56;2021-05-31;4502;3220;314278;167444;41.6;22.2
56;2021-06-01;5664;3383;319942;170827;42.3;22.6
56;2021-06-02;5638;2949;325580;173776;43.1;23.0
56;2021-06-03;6188;3299;331768;177075;43.9;23.4
56;2021-06-04;5814;4408;337582;181483;44.7;24.0
56;2021-06-05;4346;2381;341928;183864;45.3;24.3
56;2021-06-06;496;616;342424;184480;45.3;24.4
56;2021-06-07;5104;3171;347528;187651;46.0;24.8
56;2021-06-08;6071;3373;353599;191024;46.8;25.3
56;2021-06-09;6433;2812;360032;193836;47.7;25.7
56;2021-06-10;7479;2873;367511;196709;48.6;26.0
56;2021-06-11;6765;3867;374276;200576;49.5;26.5
56;2021-06-12;5102;2065;379378;202641;50.2;26.8
56;2021-06-13;1980;439;381358;203080;50.5;26.9
56;2021-06-14;3311;4592;384669;207672;50.9;27.5
56;2021-06-15;4202;4891;388871;212563;51.5;28.1
56;2021-06-16;4496;4503;393367;217066;52.1;28.7
56;2021-06-17;4258;4748;397625;221814;52.6;29.4
56;2021-06-18;4517;5974;402142;227788;53.2;30.1
56;2021-06-19;3837;2143;405979;229931;53.7;30.4
56;2021-06-20;1504;340;407483;230271;53.9;30.5
56;2021-06-21;3308;4462;410791;234733;54.4;31.1
56;2021-06-22;3485;5438;414276;240171;54.8;31.8
56;2021-06-23;3765;5062;418041;245233;55.3;32.5
56;2021-06-24;3477;5318;421518;250551;55.8;33.2
56;2021-06-25;3884;6281;425402;256832;56.3;34.0
56;2021-06-26;3204;2916;428606;259748;56.7;34.4
56;2021-06-27;305;163;428911;259911;56.8;34.4
56;2021-06-28;1575;3982;430486;263893;57.0;34.9
56;2021-06-29;2436;5761;432922;269654;57.3;35.7
56;2021-06-30;2498;5559;435420;275213;57.6;36.4
56;2021-07-01;2734;4955;438154;280168;58.0;37.1
56;2021-07-02;2657;6204;440811;286372;58.3;37.9
56;2021-07-03;2205;2683;443016;289055;58.6;38.3
56;2021-07-04;779;811;443795;289866;58.7;38.4
56;2021-07-05;1872;5442;445667;295308;59.0;39.1
56;2021-07-06;2190;5932;447857;301240;59.3;39.9
56;2021-07-07;2845;5645;450702;306885;59.7;40.6
56;2021-07-08;3086;6036;453788;312921;60.1;41.4
56;2021-07-09;2218;7098;456006;320019;60.4;42.4
56;2021-07-10;1127;3004;457133;323023;60.5;42.8
56;2021-07-11;256;344;457389;323367;60.5;42.8
56;2021-07-12;2183;6607;459572;329974;60.8;43.7
56;2021-07-13;3261;7467;462833;337441;61.3;44.7
56;2021-07-14;1784;2591;464617;340032;61.5;45.0
56;2021-07-15;3821;7066;468438;347098;62.0;45.9
56;2021-07-16;4078;8090;472516;355188;62.5;47.0
56;2021-07-17;2319;3521;474835;358709;62.8;47.5
56;2021-07-18;256;478;475091;359187;62.9;47.5
56;2021-07-19;2865;6356;477956;365543;63.3;48.4
56;2021-07-20;3725;7915;481681;373458;63.8;49.4
56;2021-07-21;3095;7520;484776;380978;64.2;50.4
56;2021-07-22;4394;8033;489170;389011;64.7;51.5
56;2021-07-23;4392;8407;493562;397418;65.3;52.6
56;2021-07-24;1688;4601;495250;402019;65.5;53.2
56;2021-07-25;552;1918;495802;403937;65.6;53.5
56;2021-07-26;3679;5462;499481;409399;66.1;54.2
56;2021-07-27;5374;6199;504855;415598;66.8;55.0
56;2021-07-28;4689;5463;509544;421061;67.4;55.7
56;2021-07-29;5381;5628;514925;426689;68.2;56.5
56;2021-07-30;5385;5859;520310;432548;68.9;57.2
56;2021-07-31;2157;2693;522467;435241;69.1;57.6
56;2021-08-01;1248;977;523715;436218;69.3;57.7
56;2021-08-02;4511;4602;528226;440820;69.9;58.3
56;2021-08-03;6380;4957;534606;445777;70.8;59.0
56;2021-08-04;5952;4360;540558;450137;71.5;59.6
56;2021-08-05;6100;4605;546658;454742;72.4;60.2
56;2021-08-06;5847;4917;552505;459659;73.1;60.8
56;2021-08-07;2852;2225;555357;461884;73.5;61.1
56;2021-08-08;1826;562;557183;462446;73.7;61.2
56;2021-08-09;3923;4266;561106;466712;74.3;61.8
56;2021-08-10;4928;4608;566034;471320;74.9;62.4
56;2021-08-11;4558;4143;570592;475463;75.5;62.9
56;2021-08-12;4479;4541;575071;480004;76.1;63.5
56;2021-08-13;4209;4807;579280;484811;76.7;64.2
56;2021-08-14;1779;2140;581059;486951;76.9;64.4
56;2021-08-15;349;485;581408;487436;76.9;64.5
56;2021-08-16;3054;4518;584462;491954;77.4;65.1
56;2021-08-17;3754;5052;588216;497006;77.9;65.8
56;2021-08-18;3729;4609;591945;501615;78.3;66.4
56;2021-08-19;3052;4990;594997;506605;78.7;67.0
56;2021-08-20;2890;5261;597887;511866;79.1;67.7
56;2021-08-21;1151;2398;599038;514264;79.3;68.1
56;2021-08-22;129;503;599167;514767;79.3;68.1
56;2021-08-23;1917;4968;601084;519735;79.6;68.8
56;2021-08-24;1918;5515;603002;525250;79.8;69.5
56;2021-08-25;1699;5057;604701;530307;80.0;70.2
56;2021-08-26;1396;5322;606097;535629;80.2;70.9
56;2021-08-27;1735;5873;607832;541502;80.4;71.7
56;2021-08-28;591;2801;608423;544303;80.5;72.0
56;2021-08-29;79;477;608502;544780;80.5;72.1
56;2021-08-30;1374;4743;609876;549523;80.7;72.7
56;2021-08-31;1472;4791;611348;554314;80.9;73.4
56;2021-09-01;1315;4196;612663;558510;81.1;73.9
56;2021-09-02;1077;4037;613740;562547;81.2;74.5
56;2021-09-03;1089;4597;614829;567144;81.4;75.1
56;2021-09-04;750;2442;615579;569586;81.5;75.4
56;2021-09-05;121;371;615700;569957;81.5;75.4
56;2021-09-06;874;3621;616574;573578;81.6;75.9
56;2021-09-07;810;3465;617384;577043;81.7;76.4
56;2021-09-08;906;3465;618290;580508;81.8;76.8
57;2020-12-27;2;0;2;0;0.0;0.0
57;2020-12-28;0;0;2;0;0.0;0.0
57;2020-12-29;1;0;3;0;0.0;0.0
57;2020-12-30;1;0;4;0;0.0;0.0
57;2020-12-31;0;0;4;0;0.0;0.0
57;2021-01-01;1;0;5;0;0.0;0.0
57;2021-01-02;3;0;8;0;0.0;0.0
57;2021-01-03;0;0;8;0;0.0;0.0
57;2021-01-04;17;0;25;0;0.0;0.0
57;2021-01-05;199;0;224;0;0.0;0.0
57;2021-01-06;226;1;450;1;0.0;0.0
57;2021-01-07;585;2;1035;3;0.1;0.0
57;2021-01-08;509;2;1544;5;0.1;0.0
57;2021-01-09;202;0;1746;5;0.2;0.0
57;2021-01-10;108;1;1854;6;0.2;0.0
57;2021-01-11;470;1;2324;7;0.2;0.0
57;2021-01-12;613;6;2937;13;0.3;0.0
57;2021-01-13;695;2;3632;15;0.4;0.0
57;2021-01-14;707;6;4339;21;0.4;0.0
57;2021-01-15;636;5;4975;26;0.5;0.0
57;2021-01-16;452;1;5427;27;0.5;0.0
57;2021-01-17;493;1;5920;28;0.6;0.0
57;2021-01-18;2715;20;8635;48;0.8;0.0
57;2021-01-19;2567;20;11202;68;1.1;0.0
57;2021-01-20;2763;22;13965;90;1.3;0.0
57;2021-01-21;1797;5;15762;95;1.5;0.0
57;2021-01-22;1325;7;17087;102;1.6;0.0
57;2021-01-23;543;15;17630;117;1.7;0.0
57;2021-01-24;1;0;17631;117;1.7;0.0
57;2021-01-25;869;176;18500;293;1.8;0.0
57;2021-01-26;1112;203;19612;496;1.9;0.0
57;2021-01-27;1070;170;20682;666;2.0;0.1
57;2021-01-28;1040;280;21722;946;2.1;0.1
57;2021-01-29;982;375;22704;1321;2.2;0.1
57;2021-01-30;440;85;23144;1406;2.2;0.1
57;2021-01-31;11;20;23155;1426;2.2;0.1
57;2021-02-01;827;328;23982;1754;2.3;0.2
57;2021-02-02;989;347;24971;2101;2.4;0.2
57;2021-02-03;986;301;25957;2402;2.5;0.2
57;2021-02-04;1138;783;27095;3185;2.6;0.3
57;2021-02-05;930;331;28025;3516;2.7;0.3
57;2021-02-06;481;328;28506;3844;2.8;0.4
57;2021-02-07;103;333;28609;4177;2.8;0.4
57;2021-02-08;1258;1521;29867;5698;2.9;0.6
57;2021-02-09;1764;1630;31631;7328;3.1;0.7
57;2021-02-10;1712;2009;33343;9337;3.2;0.9
57;2021-02-11;1486;1275;34829;10612;3.4;1.0
57;2021-02-12;1227;648;36056;11260;3.5;1.1
57;2021-02-13;1152;144;37208;11404;3.6;1.1
57;2021-02-14;1210;28;38418;11432;3.7;1.1
57;2021-02-15;766;777;39184;12209;3.8;1.2
57;2021-02-16;1074;715;40258;12924;3.9;1.2
57;2021-02-17;1009;848;41267;13772;4.0;1.3
57;2021-02-18;974;1041;42241;14813;4.1;1.4
57;2021-02-19;956;802;43197;15615;4.2;1.5
57;2021-02-20;1173;537;44370;16152;4.3;1.6
57;2021-02-21;323;13;44693;16165;4.3;1.6
57;2021-02-22;1230;797;45923;16962;4.4;1.6
57;2021-02-23;2235;979;48158;17941;4.6;1.7
57;2021-02-24;2287;901;50445;18842;4.9;1.8
57;2021-02-25;3298;1001;53743;19843;5.2;1.9
57;2021-02-26;3590;875;57333;20718;5.5;2.0
57;2021-02-27;3697;501;61030;21219;5.9;2.0
57;2021-02-28;1896;60;62926;21279;6.1;2.1
57;2021-03-01;2053;1261;64979;22540;6.3;2.2
57;2021-03-02;2858;1515;67837;24055;6.5;2.3
57;2021-03-03;2806;1531;70643;25586;6.8;2.5
57;2021-03-04;3274;1252;73917;26838;7.1;2.6
57;2021-03-05;4457;1194;78374;28032;7.6;2.7
57;2021-03-06;7245;745;85619;28777;8.3;2.8
57;2021-03-07;6071;272;91690;29049;8.9;2.8
57;2021-03-08;2298;975;93988;30024;9.1;2.9
57;2021-03-09;3386;1278;97374;31302;9.4;3.0
57;2021-03-10;3582;956;100956;32258;9.7;3.1
57;2021-03-11;4038;1232;104994;33490;10.1;3.2
57;2021-03-12;5109;1188;110103;34678;10.6;3.3
57;2021-03-13;6284;976;116387;35654;11.2;3.4
57;2021-03-14;2425;426;118812;36080;11.5;3.5
57;2021-03-15;2962;869;121774;36949;11.8;3.6
57;2021-03-16;3061;1270;124835;38219;12.1;3.7
57;2021-03-17;3050;1141;127885;39360;12.3;3.8
57;2021-03-18;3402;1066;131287;40426;12.7;3.9
57;2021-03-19;4627;1034;135914;41460;13.1;4.0
57;2021-03-20;4702;1028;140616;42488;13.6;4.1
57;2021-03-21;1895;254;142511;42742;13.8;4.1
57;2021-03-22;2480;1466;144991;44208;14.0;4.3
57;2021-03-23;3443;2330;148434;46538;14.3;4.5
57;2021-03-24;3896;2142;152330;48680;14.7;4.7
57;2021-03-25;4741;2592;157071;51272;15.2;4.9
57;2021-03-26;4842;2257;161913;53529;15.6;5.2
57;2021-03-27;3710;3142;165623;56671;16.0;5.5
57;2021-03-28;1401;1841;167024;58512;16.1;5.6
57;2021-03-29;1934;2160;168958;60672;16.3;5.9
57;2021-03-30;3300;2471;172258;63143;16.6;6.1
57;2021-03-31;2824;2292;175082;65435;16.9;6.3
57;2021-04-01;3222;3163;178304;68598;17.2;6.6
57;2021-04-02;2392;2572;180696;71170;17.4;6.9
57;2021-04-03;2566;2657;183262;73827;17.7;7.1
57;2021-04-04;593;968;183855;74795;17.7;7.2
57;2021-04-05;1922;673;185777;75468;17.9;7.3
57;2021-04-06;2452;2828;188229;78296;18.2;7.6
57;2021-04-07;3812;3098;192041;81394;18.5;7.9
57;2021-04-08;5613;2905;197654;84299;19.1;8.1
57;2021-04-09;5014;2729;202668;87028;19.6;8.4
57;2021-04-10;2353;3641;205021;90669;19.8;8.8
57;2021-04-11;1099;1891;206120;92560;19.9;8.9
57;2021-04-12;1795;2747;207915;95307;20.1;9.2
57;2021-04-13;1976;3030;209891;98337;20.3;9.5
57;2021-04-14;1919;2986;211810;101323;20.4;9.8
57;2021-04-15;2366;3425;214176;104748;20.7;10.1
57;2021-04-16;2701;3290;216877;108038;20.9;10.4
57;2021-04-17;2473;3179;219350;111217;21.2;10.7
57;2021-04-18;1244;1772;220594;112989;21.3;10.9
57;2021-04-19;2141;2257;222735;115246;21.5;11.1
57;2021-04-20;2514;2782;225249;118028;21.7;11.4
57;2021-04-21;2570;2379;227819;120407;22.0;11.6
57;2021-04-22;3207;2251;231026;122658;22.3;11.8
57;2021-04-23;4055;2572;235081;125230;22.7;12.1
57;2021-04-24;3395;2562;238476;127792;23.0;12.3
57;2021-04-25;757;1126;239233;128918;23.1;12.4
57;2021-04-26;2971;1993;242204;130911;23.4;12.6
57;2021-04-27;3900;2374;246104;133285;23.8;12.9
57;2021-04-28;4212;2588;250316;135873;24.2;13.1
57;2021-04-29;5260;3450;255576;139323;24.7;13.4
57;2021-04-30;4730;3546;260306;142869;25.1;13.8
57;2021-05-01;2353;1686;262659;144555;25.4;14.0
57;2021-05-02;790;912;263449;145467;25.4;14.0
57;2021-05-03;3565;2993;267014;148460;25.8;14.3
57;2021-05-04;4871;3158;271885;151618;26.2;14.6
57;2021-05-05;6122;3162;278007;154780;26.8;14.9
57;2021-05-06;5992;3280;283999;158060;27.4;15.3
57;2021-05-07;6853;3438;290852;161498;28.1;15.6
57;2021-05-08;4053;1604;294905;163102;28.5;15.7
57;2021-05-09;2049;1114;296954;164216;28.7;15.9
57;2021-05-10;5129;3069;302083;167285;29.2;16.1
57;2021-05-11;7450;2848;309533;170133;29.9;16.4
57;2021-05-12;7847;3245;317380;173378;30.6;16.7
57;2021-05-13;4511;915;321891;174293;31.1;16.8
57;2021-05-14;7838;2629;329729;176922;31.8;17.1
57;2021-05-15;5967;2045;335696;178967;32.4;17.3
57;2021-05-16;3308;577;339004;179544;32.7;17.3
57;2021-05-17;3866;2068;342870;181612;33.1;17.5
57;2021-05-18;6292;2106;349162;183718;33.7;17.7
57;2021-05-19;7023;2329;356185;186047;34.4;18.0
57;2021-05-20;6052;2180;362237;188227;35.0;18.2
57;2021-05-21;7565;2922;369802;191149;35.7;18.5
57;2021-05-22;4894;2171;374696;193320;36.2;18.7
57;2021-05-23;1964;431;376660;193751;36.4;18.7
57;2021-05-24;3032;1057;379692;194808;36.7;18.8
57;2021-05-25;5576;2805;385268;197613;37.2;19.1
57;2021-05-26;6377;3180;391645;200793;37.8;19.4
57;2021-05-27;5795;3121;397440;203914;38.4;19.7
57;2021-05-28;7026;4742;404466;208656;39.0;20.1
57;2021-05-29;5224;4248;409690;212904;39.6;20.6
57;2021-05-30;1967;1743;411657;214647;39.7;20.7
57;2021-05-31;4319;3339;415976;217986;40.2;21.0
57;2021-06-01;5936;3713;421912;221699;40.7;21.4
57;2021-06-02;6342;3900;428254;225599;41.3;21.8
57;2021-06-03;6215;3700;434469;229299;41.9;22.1
57;2021-06-04;7570;4990;442039;234289;42.7;22.6
57;2021-06-05;4768;4031;446807;238320;43.1;23.0
57;2021-06-06;1993;890;448800;239210;43.3;23.1
57;2021-06-07;4325;4036;453125;243246;43.7;23.5
57;2021-06-08;6720;4318;459845;247564;44.4;23.9
57;2021-06-09;6884;4157;466729;251721;45.1;24.3
57;2021-06-10;6221;4598;472950;256319;45.7;24.7
57;2021-06-11;5368;5367;478318;261686;46.2;25.3
57;2021-06-12;5743;4450;484061;266136;46.7;25.7
57;2021-06-13;1500;1142;485561;267278;46.9;25.8
57;2021-06-14;3384;4703;488945;271981;47.2;26.3
57;2021-06-15;3818;6023;492763;278004;47.6;26.8
57;2021-06-16;4402;6597;497165;284601;48.0;27.5
57;2021-06-17;4200;6072;501365;290673;48.4;28.1
57;2021-06-18;4275;7307;505640;297980;48.8;28.8
57;2021-06-19;4157;6291;509797;304271;49.2;29.4
57;2021-06-20;987;1667;510784;305938;49.3;29.5
57;2021-06-21;2069;5970;512853;311908;49.5;30.1
57;2021-06-22;2644;7991;515497;319899;49.8;30.9
57;2021-06-23;3076;8387;518573;328286;50.1;31.7
57;2021-06-24;2457;5289;521030;333575;50.3;32.2
57;2021-06-25;2857;7826;523887;341401;50.6;33.0
57;2021-06-26;2871;7259;526758;348660;50.9;33.7
57;2021-06-27;754;2987;527512;351647;50.9;33.9
57;2021-06-28;1591;5078;529103;356725;51.1;34.4
57;2021-06-29;2086;6831;531189;363556;51.3;35.1
57;2021-06-30;3066;7326;534255;370882;51.6;35.8
57;2021-07-01;2698;5960;536953;376842;51.8;36.4
57;2021-07-02;2700;8081;539653;384923;52.1;37.2
57;2021-07-03;3240;6530;542893;391453;52.4;37.8
57;2021-07-04;946;2467;543839;393920;52.5;38.0
57;2021-07-05;1711;4606;545550;398526;52.7;38.5
57;2021-07-06;2427;6480;547977;405006;52.9;39.1
57;2021-07-07;2731;7091;550708;412097;53.2;39.8
57;2021-07-08;2495;5876;553203;417973;53.4;40.4
57;2021-07-09;3430;8417;556633;426390;53.7;41.2
57;2021-07-10;3097;6939;559730;433329;54.0;41.8
57;2021-07-11;855;2232;560585;435561;54.1;42.0
57;2021-07-12;2441;6436;563026;441997;54.4;42.7
57;2021-07-13;4415;7506;567441;449503;54.8;43.4
57;2021-07-14;2825;3842;570266;453345;55.1;43.8
57;2021-07-15;3956;7789;574222;461134;55.4;44.5
57;2021-07-16;5642;9831;579864;470965;56.0;45.5
57;2021-07-17;5827;7286;585691;478251;56.5;46.2
57;2021-07-18;1493;2661;587184;480912;56.7;46.4
57;2021-07-19;2372;6205;589556;487117;56.9;47.0
57;2021-07-20;4325;6912;593881;494029;57.3;47.7
57;2021-07-21;5301;6905;599182;500934;57.8;48.4
57;2021-07-22;5955;5960;605137;506894;58.4;48.9
57;2021-07-23;7021;6407;612158;513301;59.1;49.6
57;2021-07-24;4535;7038;616693;520339;59.5;50.2
57;2021-07-25;1335;1769;618028;522108;59.7;50.4
57;2021-07-26;3725;4492;621753;526600;60.0;50.8
57;2021-07-27;6869;4947;628622;531547;60.7;51.3
57;2021-07-28;7484;4563;636106;536110;61.4;51.8
57;2021-07-29;7626;4592;643732;540702;62.1;52.2
57;2021-07-30;6875;4898;650607;545600;62.8;52.7
57;2021-07-31;5708;5018;656315;550618;63.4;53.2
57;2021-08-01;2025;1115;658340;551733;63.6;53.3
57;2021-08-02;3523;3180;661863;554913;63.9;53.6
57;2021-08-03;5501;4281;667364;559194;64.4;54.0
57;2021-08-04;5228;3457;672592;562651;64.9;54.3
57;2021-08-05;5376;3777;677968;566428;65.4;54.7
57;2021-08-06;5623;4851;683591;571279;66.0;55.1
57;2021-08-07;4575;5156;688166;576435;66.4;55.6
57;2021-08-08;1476;1506;689642;577941;66.6;55.8
57;2021-08-09;2618;3170;692260;581111;66.8;56.1
57;2021-08-10;3517;3789;695777;584900;67.2;56.5
57;2021-08-11;3712;4022;699489;588922;67.5;56.9
57;2021-08-12;3150;5217;702639;594139;67.8;57.4
57;2021-08-13;3482;4730;706121;598869;68.2;57.8
57;2021-08-14;2159;5183;708280;604052;68.4;58.3
57;2021-08-15;529;1092;708809;605144;68.4;58.4
57;2021-08-16;1783;3565;710592;608709;68.6;58.8
57;2021-08-17;2368;5358;712960;614067;68.8;59.3
57;2021-08-18;2445;5374;715405;619441;69.1;59.8
57;2021-08-19;2201;5484;717606;624925;69.3;60.3
57;2021-08-20;2045;6019;719651;630944;69.5;60.9
57;2021-08-21;1860;5384;721511;636328;69.7;61.4
57;2021-08-22;455;1528;721966;637856;69.7;61.6
57;2021-08-23;1143;3716;723109;641572;69.8;61.9
57;2021-08-24;1803;5613;724912;647185;70.0;62.5
57;2021-08-25;1600;5314;726512;652499;70.1;63.0
57;2021-08-26;1585;4666;728097;657165;70.3;63.4
57;2021-08-27;1761;5890;729858;663055;70.5;64.0
57;2021-08-28;2001;5377;731859;668432;70.7;64.5
57;2021-08-29;340;1088;732199;669520;70.7;64.6
57;2021-08-30;1028;3259;733227;672779;70.8;64.9
57;2021-08-31;1528;4417;734755;677196;70.9;65.4
57;2021-09-01;1424;4138;736179;681334;71.1;65.8
57;2021-09-02;1156;3393;737335;684727;71.2;66.1
57;2021-09-03;1547;4332;738882;689059;71.3;66.5
57;2021-09-04;1671;3985;740553;693044;71.5;66.9
57;2021-09-05;379;923;740932;693967;71.5;67.0
57;2021-09-06;748;2125;741680;696092;71.6;67.2
57;2021-09-07;676;2225;742356;698317;71.7;67.4
57;2021-09-08;886;2897;743242;701214;71.8;67.7
58;2020-12-27;0;0;0;0;0.0;0.0
58;2020-12-28;0;0;0;0;0.0;0.0
58;2020-12-29;1;0;1;0;0.0;0.0
58;2020-12-30;0;0;1;0;0.0;0.0
58;2020-12-31;0;0;1;0;0.0;0.0
58;2021-01-01;0;0;1;0;0.0;0.0
58;2021-01-02;0;0;1;0;0.0;0.0
58;2021-01-03;1;0;2;0;0.0;0.0
58;2021-01-04;0;0;2;0;0.0;0.0
58;2021-01-05;2;0;4;0;0.0;0.0
58;2021-01-06;145;0;149;0;0.1;0.0
58;2021-01-07;241;0;390;0;0.2;0.0
58;2021-01-08;63;0;453;0;0.2;0.0
58;2021-01-09;1;0;454;0;0.2;0.0
58;2021-01-10;0;0;454;0;0.2;0.0
58;2021-01-11;54;0;508;0;0.3;0.0
58;2021-01-12;258;0;766;0;0.4;0.0
58;2021-01-13;406;0;1172;0;0.6;0.0
58;2021-01-14;291;1;1463;1;0.7;0.0
58;2021-01-15;141;0;1604;1;0.8;0.0
58;2021-01-16;10;1;1614;2;0.8;0.0
58;2021-01-17;0;0;1614;2;0.8;0.0
58;2021-01-18;413;1;2027;3;1.0;0.0
58;2021-01-19;987;2;3014;5;1.5;0.0
58;2021-01-20;1206;2;4220;7;2.1;0.0
58;2021-01-21;962;4;5182;11;2.6;0.0
58;2021-01-22;779;3;5961;14;3.0;0.0
58;2021-01-23;251;0;6212;14;3.1;0.0
58;2021-01-24;2;0;6214;14;3.1;0.0
58;2021-01-25;439;0;6653;14;3.3;0.0
58;2021-01-26;650;3;7303;17;3.7;0.0
58;2021-01-27;604;44;7907;61;4.0;0.0
58;2021-01-28;756;66;8663;127;4.3;0.1
58;2021-01-29;837;5;9500;132;4.8;0.1
58;2021-01-30;281;0;9781;132;4.9;0.1
58;2021-01-31;10;0;9791;132;4.9;0.1
58;2021-02-01;200;71;9991;203;5.0;0.1
58;2021-02-02;566;81;10557;284;5.3;0.1
58;2021-02-03;279;141;10836;425;5.4;0.2
58;2021-02-04;285;91;11121;516;5.6;0.3
58;2021-02-05;184;89;11305;605;5.7;0.3
58;2021-02-06;89;0;11394;605;5.7;0.3
58;2021-02-07;0;0;11394;605;5.7;0.3
58;2021-02-08;306;62;11700;667;5.9;0.3
58;2021-02-09;503;307;12203;974;6.1;0.5
58;2021-02-10;350;361;12553;1335;6.3;0.7
58;2021-02-11;287;373;12840;1708;6.4;0.9
58;2021-02-12;243;199;13083;1907;6.6;1.0
58;2021-02-13;83;29;13166;1936;6.6;1.0
58;2021-02-14;0;3;13166;1939;6.6;1.0
58;2021-02-15;114;423;13280;2362;6.7;1.2
58;2021-02-16;208;797;13488;3159;6.8;1.6
58;2021-02-17;221;659;13709;3818;6.9;1.9
58;2021-02-18;187;673;13896;4491;7.0;2.3
58;2021-02-19;241;639;14137;5130;7.1;2.6
58;2021-02-20;62;199;14199;5329;7.1;2.7
58;2021-02-21;0;30;14199;5359;7.1;2.7
58;2021-02-22;78;345;14277;5704;7.2;2.9
58;2021-02-23;49;536;14326;6240;7.2;3.1
58;2021-02-24;39;543;14365;6783;7.2;3.4
58;2021-02-25;252;635;14617;7418;7.3;3.7
58;2021-02-26;246;552;14863;7970;7.4;4.0
58;2021-02-27;104;167;14967;8137;7.5;4.1
58;2021-02-28;11;8;14978;8145;7.5;4.1
58;2021-03-01;145;207;15123;8352;7.6;4.2
58;2021-03-02;416;589;15539;8941;7.8;4.5
58;2021-03-03;524;281;16063;9222;8.0;4.6
58;2021-03-04;725;269;16788;9491;8.4;4.8
58;2021-03-05;867;198;17655;9689;8.8;4.9
58;2021-03-06;574;85;18229;9774;9.1;4.9
58;2021-03-07;63;10;18292;9784;9.2;4.9
58;2021-03-08;156;294;18448;10078;9.2;5.0
58;2021-03-09;544;533;18992;10611;9.5;5.3
58;2021-03-10;838;236;19830;10847;9.9;5.4
58;2021-03-11;857;271;20687;11118;10.4;5.6
58;2021-03-12;862;197;21549;11315;10.8;5.7
58;2021-03-13;506;66;22055;11381;11.0;5.7
58;2021-03-14;34;1;22089;11382;11.1;5.7
58;2021-03-15;528;108;22617;11490;11.3;5.8
58;2021-03-16;726;223;23343;11713;11.7;5.9
58;2021-03-17;756;193;24099;11906;12.1;6.0
58;2021-03-18;584;173;24683;12079;12.4;6.1
58;2021-03-19;538;101;25221;12180;12.6;6.1
58;2021-03-20;322;64;25543;12244;12.8;6.1
58;2021-03-21;17;0;25560;12244;12.8;6.1
58;2021-03-22;795;25;26355;12269;13.2;6.1
58;2021-03-23;1636;43;27991;12312;14.0;6.2
58;2021-03-24;1369;74;29360;12386;14.7;6.2
58;2021-03-25;1840;45;31200;12431;15.6;6.2
58;2021-03-26;1414;55;32614;12486;16.3;6.3
58;2021-03-27;358;7;32972;12493;16.5;6.3
58;2021-03-28;20;0;32992;12493;16.5;6.3
58;2021-03-29;638;152;33630;12645;16.8;6.3
58;2021-03-30;1186;255;34816;12900;17.4;6.5
58;2021-03-31;1116;394;35932;13294;18.0;6.7
58;2021-04-01;1548;402;37480;13696;18.8;6.9
58;2021-04-02;1464;364;38944;14060;19.5;7.0
58;2021-04-03;568;149;39512;14209;19.8;7.1
58;2021-04-04;1;1;39513;14210;19.8;7.1
58;2021-04-05;47;0;39560;14210;19.8;7.1
58;2021-04-06;823;344;40383;14554;20.2;7.3
58;2021-04-07;695;550;41078;15104;20.6;7.6
58;2021-04-08;1493;427;42571;15531;21.3;7.8
58;2021-04-09;1774;486;44345;16017;22.2;8.0
58;2021-04-10;652;201;44997;16218;22.5;8.1
58;2021-04-11;17;3;45014;16221;22.6;8.1
58;2021-04-12;1117;504;46131;16725;23.1;8.4
58;2021-04-13;1436;630;47567;17355;23.8;8.7
58;2021-04-14;1339;677;48906;18032;24.5;9.0
58;2021-04-15;1433;601;50339;18633;25.2;9.3
58;2021-04-16;1734;512;52073;19145;26.1;9.6
58;2021-04-17;721;232;52794;19377;26.5;9.7
58;2021-04-18;20;7;52814;19384;26.5;9.7
58;2021-04-19;531;603;53345;19987;26.7;10.0
58;2021-04-20;486;1120;53831;21107;27.0;10.6
58;2021-04-21;629;969;54460;22076;27.3;11.1
58;2021-04-22;767;1522;55227;23598;27.7;11.8
58;2021-04-23;919;784;56146;24382;28.1;12.2
58;2021-04-24;211;206;56357;24588;28.2;12.3
58;2021-04-25;109;9;56466;24597;28.3;12.3
58;2021-04-26;762;247;57228;24844;28.7;12.4
58;2021-04-27;1499;1109;58727;25953;29.4;13.0
58;2021-04-28;1536;1044;60263;26997;30.2;13.5
58;2021-04-29;1442;1046;61705;28043;30.9;14.0
58;2021-04-30;1257;940;62962;28983;31.5;14.5
58;2021-05-01;6;17;62968;29000;31.5;14.5
58;2021-05-02;4;2;62972;29002;31.5;14.5
58;2021-05-03;1042;407;64014;29409;32.1;14.7
58;2021-05-04;1075;1346;65089;30755;32.6;15.4
58;2021-05-05;952;1092;66041;31847;33.1;16.0
58;2021-05-06;1363;1058;67404;32905;33.8;16.5
58;2021-05-07;1111;1091;68515;33996;34.3;17.0
58;2021-05-08;59;60;68574;34056;34.4;17.1
58;2021-05-09;7;21;68581;34077;34.4;17.1
58;2021-05-10;875;993;69456;35070;34.8;17.6
58;2021-05-11;1185;1982;70641;37052;35.4;18.6
58;2021-05-12;1661;1557;72302;38609;36.2;19.3
58;2021-05-13;49;183;72351;38792;36.2;19.4
58;2021-05-14;2311;908;74662;39700;37.4;19.9
58;2021-05-15;1725;456;76387;40156;38.3;20.1
58;2021-05-16;118;33;76505;40189;38.3;20.1
58;2021-05-17;793;611;77298;40800;38.7;20.4
58;2021-05-18;1332;1181;78630;41981;39.4;21.0
58;2021-05-19;1737;548;80367;42529;40.3;21.3
58;2021-05-20;1701;673;82068;43202;41.1;21.6
58;2021-05-21;854;720;82922;43922;41.5;22.0
58;2021-05-22;304;238;83226;44160;41.7;22.1
58;2021-05-23;2;21;83228;44181;41.7;22.1
58;2021-05-24;21;42;83249;44223;41.7;22.2
58;2021-05-25;1386;1156;84635;45379;42.4;22.7
58;2021-05-26;845;838;85480;46217;42.8;23.2
58;2021-05-27;753;936;86233;47153;43.2;23.6
58;2021-05-28;429;909;86662;48062;43.4;24.1
58;2021-05-29;151;209;86813;48271;43.5;24.2
58;2021-05-30;21;19;86834;48290;43.5;24.2
58;2021-05-31;757;396;87591;48686;43.9;24.4
58;2021-06-01;1373;1652;88964;50338;44.6;25.2
58;2021-06-02;1468;1049;90432;51387;45.3;25.7
58;2021-06-03;1026;960;91458;52347;45.8;26.2
58;2021-06-04;843;905;92301;53252;46.2;26.7
58;2021-06-05;272;263;92573;53515;46.4;26.8
58;2021-06-06;24;49;92597;53564;46.4;26.8
58;2021-06-07;712;792;93309;54356;46.7;27.2
58;2021-06-08;1324;1758;94633;56114;47.4;28.1
58;2021-06-09;1419;1007;96052;57121;48.1;28.6
58;2021-06-10;1109;975;97161;58096;48.7;29.1
58;2021-06-11;1030;907;98191;59003;49.2;29.6
58;2021-06-12;1056;415;99247;59418;49.7;29.8
58;2021-06-13;36;33;99283;59451;49.7;29.8
58;2021-06-14;516;1016;99799;60467;50.0;30.3
58;2021-06-15;1595;1757;101394;62224;50.8;31.2
58;2021-06-16;1806;993;103200;63217;51.7;31.7
58;2021-06-17;2024;1106;105224;64323;52.7;32.2
58;2021-06-18;987;1063;106211;65386;53.2;32.8
58;2021-06-19;581;319;106792;65705;53.5;32.9
58;2021-06-20;9;2;106801;65707;53.5;32.9
58;2021-06-21;472;553;107273;66260;53.7;33.2
58;2021-06-22;1028;1966;108301;68226;54.3;34.2
58;2021-06-23;1478;1511;109779;69737;55.0;34.9
58;2021-06-24;728;1025;110507;70762;55.4;35.5
58;2021-06-25;826;1719;111333;72481;55.8;36.3
58;2021-06-26;554;1229;111887;73710;56.1;36.9
58;2021-06-27;18;26;111905;73736;56.1;36.9
58;2021-06-28;463;987;112368;74723;56.3;37.4
58;2021-06-29;623;2161;112991;76884;56.6;38.5
58;2021-06-30;998;1624;113989;78508;57.1;39.3
58;2021-07-01;760;1672;114749;80180;57.5;40.2
58;2021-07-02;444;850;115193;81030;57.7;40.6
58;2021-07-03;249;512;115442;81542;57.8;40.9
58;2021-07-04;12;30;115454;81572;57.8;40.9
58;2021-07-05;511;770;115965;82342;58.1;41.3
58;2021-07-06;695;2121;116660;84463;58.4;42.3
58;2021-07-07;389;952;117049;85415;58.6;42.8
58;2021-07-08;399;1018;117448;86433;58.8;43.3
58;2021-07-09;709;1419;118157;87852;59.2;44.0
58;2021-07-10;260;412;118417;88264;59.3;44.2
58;2021-07-11;175;53;118592;88317;59.4;44.2
58;2021-07-12;197;965;118789;89282;59.5;44.7
58;2021-07-13;932;2502;119721;91784;60.0;46.0
58;2021-07-14;27;60;119748;91844;60.0;46.0
58;2021-07-15;1135;1936;120883;93780;60.6;47.0
58;2021-07-16;1412;1448;122295;95228;61.3;47.7
58;2021-07-17;463;288;122758;95516;61.5;47.9
58;2021-07-18;102;21;122860;95537;61.6;47.9
58;2021-07-19;1654;987;124514;96524;62.4;48.4
58;2021-07-20;1407;2454;125921;98978;63.1;49.6
58;2021-07-21;1177;2008;127098;100986;63.7;50.6
58;2021-07-22;1144;1670;128242;102656;64.3;51.4
58;2021-07-23;1265;1446;129507;104102;64.9;52.2
58;2021-07-24;1001;1271;130508;105373;65.4;52.8
58;2021-07-25;89;39;130597;105412;65.4;52.8
58;2021-07-26;981;862;131578;106274;65.9;53.2
58;2021-07-27;1568;2574;133146;108848;66.7;54.5
58;2021-07-28;1574;1973;134720;110821;67.5;55.5
58;2021-07-29;1582;1620;136302;112441;68.3;56.3
58;2021-07-30;1465;1427;137767;113868;69.0;57.0
58;2021-07-31;569;525;138336;114393;69.3;57.3
58;2021-08-01;35;13;138371;114406;69.3;57.3
58;2021-08-02;1588;863;139959;115269;70.1;57.8
58;2021-08-03;2050;1779;142009;117048;71.1;58.6
58;2021-08-04;1309;1184;143318;118232;71.8;59.2
58;2021-08-05;1621;1175;144939;119407;72.6;59.8
58;2021-08-06;1359;1032;146298;120439;73.3;60.3
58;2021-08-07;318;400;146616;120839;73.5;60.5
58;2021-08-08;30;58;146646;120897;73.5;60.6
58;2021-08-09;1084;1386;147730;122283;74.0;61.3
58;2021-08-10;1779;1387;149509;123670;74.9;62.0
58;2021-08-11;1128;781;150637;124451;75.5;62.4
58;2021-08-12;1067;1110;151704;125561;76.0;62.9
58;2021-08-13;931;956;152635;126517;76.5;63.4
58;2021-08-14;233;317;152868;126834;76.6;63.5
58;2021-08-15;13;27;152881;126861;76.6;63.6
58;2021-08-16;309;1404;153190;128265;76.8;64.3
58;2021-08-17;803;1337;153993;129602;77.2;64.9
58;2021-08-18;764;1172;154757;130774;77.5;65.5
58;2021-08-19;721;1342;155478;132116;77.9;66.2
58;2021-08-20;705;1295;156183;133411;78.2;66.8
58;2021-08-21;248;476;156431;133887;78.4;67.1
58;2021-08-22;9;86;156440;133973;78.4;67.1
58;2021-08-23;416;814;156856;134787;78.6;67.5
58;2021-08-24;511;1480;157367;136267;78.8;68.3
58;2021-08-25;435;1543;157802;137810;79.1;69.0
58;2021-08-26;551;1732;158353;139542;79.3;69.9
58;2021-08-27;491;1564;158844;141106;79.6;70.7
58;2021-08-28;241;640;159085;141746;79.7;71.0
58;2021-08-29;9;42;159094;141788;79.7;71.0
58;2021-08-30;357;808;159451;142596;79.9;71.4
58;2021-08-31;483;1608;159934;144204;80.1;72.2
58;2021-09-01;419;1675;160353;145879;80.3;73.1
58;2021-09-02;288;1361;160641;147240;80.5;73.8
58;2021-09-03;363;1564;161004;148804;80.7;74.6
58;2021-09-04;206;700;161210;149504;80.8;74.9
58;2021-09-05;3;27;161213;149531;80.8;74.9
58;2021-09-06;116;560;161329;150091;80.8;75.2
58;2021-09-07;314;987;161643;151078;81.0;75.7
58;2021-09-08;238;1325;161881;152403;81.1;76.4
59;2020-12-27;1;0;1;0;0.0;0.0
59;2020-12-28;27;0;28;0;0.0;0.0
59;2020-12-29;0;0;28;0;0.0;0.0
59;2020-12-30;0;0;28;0;0.0;0.0
59;2020-12-31;1;0;29;0;0.0;0.0
59;2021-01-01;3;0;32;0;0.0;0.0
59;2021-01-02;3;0;35;0;0.0;0.0
59;2021-01-03;4;0;39;0;0.0;0.0
59;2021-01-04;79;0;118;0;0.0;0.0
59;2021-01-05;217;0;335;0;0.0;0.0
59;2021-01-06;429;1;764;1;0.0;0.0
59;2021-01-07;1314;0;2078;1;0.1;0.0
59;2021-01-08;1262;5;3340;6;0.1;0.0
59;2021-01-09;609;3;3949;9;0.2;0.0
59;2021-01-10;428;0;4377;9;0.2;0.0
59;2021-01-11;1847;5;6224;14;0.2;0.0
59;2021-01-12;2471;2;8695;16;0.3;0.0
59;2021-01-13;2367;3;11062;19;0.4;0.0
59;2021-01-14;2758;21;13820;40;0.5;0.0
59;2021-01-15;2275;15;16095;55;0.6;0.0
59;2021-01-16;771;1;16866;56;0.7;0.0
59;2021-01-17;560;1;17426;57;0.7;0.0
59;2021-01-18;3511;13;20937;70;0.8;0.0
59;2021-01-19;4755;7;25692;77;1.0;0.0
59;2021-01-20;4134;12;29826;89;1.2;0.0
59;2021-01-21;4729;33;34555;122;1.3;0.0
59;2021-01-22;4024;10;38579;132;1.5;0.0
59;2021-01-23;1215;3;39794;135;1.5;0.0
59;2021-01-24;168;0;39962;135;1.5;0.0
59;2021-01-25;2729;54;42691;189;1.6;0.0
59;2021-01-26;2811;131;45502;320;1.8;0.0
59;2021-01-27;1736;293;47238;613;1.8;0.0
59;2021-01-28;3399;737;50637;1350;2.0;0.1
59;2021-01-29;2541;759;53178;2109;2.1;0.1
59;2021-01-30;288;162;53466;2271;2.1;0.1
59;2021-01-31;24;0;53490;2271;2.1;0.1
59;2021-02-01;79;826;53569;3097;2.1;0.1
59;2021-02-02;686;1381;54255;4478;2.1;0.2
59;2021-02-03;3749;1385;58004;5863;2.2;0.2
59;2021-02-04;2965;1658;60969;7521;2.4;0.3
59;2021-02-05;1053;1329;62022;8850;2.4;0.3
59;2021-02-06;206;317;62228;9167;2.4;0.4
59;2021-02-07;268;49;62496;9216;2.4;0.4
59;2021-02-08;683;1427;63179;10643;2.4;0.4
59;2021-02-09;1014;1639;64193;12282;2.5;0.5
59;2021-02-10;976;1462;65169;13744;2.5;0.5
59;2021-02-11;1347;1676;66516;15420;2.6;0.6
59;2021-02-12;1414;1492;67930;16912;2.6;0.7
59;2021-02-13;207;632;68137;17544;2.6;0.7
59;2021-02-14;13;42;68150;17586;2.6;0.7
59;2021-02-15;1394;2443;69544;20029;2.7;0.8
59;2021-02-16;1436;2996;70980;23025;2.7;0.9
59;2021-02-17;1622;3102;72602;26127;2.8;1.0
59;2021-02-18;3106;4585;75708;30712;2.9;1.2
59;2021-02-19;3211;3262;78919;33974;3.0;1.3
59;2021-02-20;1414;1374;80333;35348;3.1;1.4
59;2021-02-21;242;246;80575;35594;3.1;1.4
59;2021-02-22;1429;2173;82004;37767;3.2;1.5
59;2021-02-23;2659;2544;84663;40311;3.3;1.6
59;2021-02-24;4108;3889;88771;44200;3.4;1.7
59;2021-02-25;6916;3599;95687;47799;3.7;1.8
59;2021-02-26;6496;1771;102183;49570;3.9;1.9
59;2021-02-27;3096;185;105279;49755;4.1;1.9
59;2021-02-28;208;60;105487;49815;4.1;1.9
59;2021-03-01;3693;611;109180;50426;4.2;1.9
59;2021-03-02;4794;542;113974;50968;4.4;2.0
59;2021-03-03;5748;964;119722;51932;4.6;2.0
59;2021-03-04;7084;915;126806;52847;4.9;2.0
59;2021-03-05;7833;924;134639;53771;5.2;2.1
59;2021-03-06;11559;494;146198;54265;5.6;2.1
59;2021-03-07;7586;328;153784;54593;5.9;2.1
59;2021-03-08;4497;1064;158281;55657;6.1;2.1
59;2021-03-09;6581;1385;164862;57042;6.4;2.2
59;2021-03-10;7027;1171;171889;58213;6.6;2.2
59;2021-03-11;9476;1872;181365;60085;7.0;2.3
59;2021-03-12;12158;1545;193523;61630;7.5;2.4
59;2021-03-13;16554;1080;210077;62710;8.1;2.4
59;2021-03-14;6965;327;217042;63037;8.4;2.4
59;2021-03-15;5616;1474;222658;64511;8.6;2.5
59;2021-03-16;3738;1319;226396;65830;8.7;2.5
59;2021-03-17;3856;2072;230252;67902;8.9;2.6
59;2021-03-18;3958;2464;234210;70366;9.0;2.7
59;2021-03-19;7742;1810;241952;72176;9.3;2.8
59;2021-03-20;16025;1271;257977;73447;10.0;2.8
59;2021-03-21;6315;445;264292;73892;10.2;2.9
59;2021-03-22;5448;1753;269740;75645;10.4;2.9
59;2021-03-23;7773;2799;277513;78444;10.7;3.0
59;2021-03-24;6860;2952;284373;81396;11.0;3.1
59;2021-03-25;10532;2548;294905;83944;11.4;3.2
59;2021-03-26;12251;2821;307156;86765;11.9;3.4
59;2021-03-27;15277;1142;322433;87907;12.5;3.4
59;2021-03-28;7984;361;330417;88268;12.8;3.4
59;2021-03-29;5495;3181;335912;91449;13.0;3.5
59;2021-03-30;7540;3746;343452;95195;13.3;3.7
59;2021-03-31;6157;4086;349609;99281;13.5;3.8
59;2021-04-01;7489;4910;357098;104191;13.8;4.0
59;2021-04-02;7647;5507;364745;109698;14.1;4.2
59;2021-04-03;13019;4300;377764;113998;14.6;4.4
59;2021-04-04;5349;2176;383113;116174;14.8;4.5
59;2021-04-05;6016;1531;389129;117705;15.0;4.5
59;2021-04-06;5406;4485;394535;122190;15.2;4.7
59;2021-04-07;7625;5422;402160;127612;15.5;4.9
59;2021-04-08;10395;5753;412555;133365;15.9;5.2
59;2021-04-09;13419;5926;425974;139291;16.5;5.4
59;2021-04-10;11479;6131;437453;145422;16.9;5.6
59;2021-04-11;4636;3561;442089;148983;17.1;5.8
59;2021-04-12;6305;4347;448394;153330;17.3;5.9
59;2021-04-13;8934;4789;457328;158119;17.7;6.1
59;2021-04-14;8789;4342;466117;162461;18.0;6.3
59;2021-04-15;10310;4850;476427;167311;18.4;6.5
59;2021-04-16;10880;5502;487307;172813;18.8;6.7
59;2021-04-17;7299;9075;494606;181888;19.1;7.0
59;2021-04-18;3230;4162;497836;186050;19.2;7.2
59;2021-04-19;5043;4292;502879;190342;19.4;7.4
59;2021-04-20;6897;4211;509776;194553;19.7;7.5
59;2021-04-21;6275;4423;516051;198976;19.9;7.7
59;2021-04-22;8613;5517;524664;204493;20.3;7.9
59;2021-04-23;8459;5689;533123;210182;20.6;8.1
59;2021-04-24;5538;8048;538661;218230;20.8;8.4
59;2021-04-25;3244;6076;541905;224306;20.9;8.7
59;2021-04-26;6492;3792;548397;228098;21.2;8.8
59;2021-04-27;8366;5173;556763;233271;21.5;9.0
59;2021-04-28;8770;6555;565533;239826;21.8;9.3
59;2021-04-29;9418;8537;574951;248363;22.2;9.6
59;2021-04-30;10606;8523;585557;256886;22.6;9.9
59;2021-05-01;12000;7591;597557;264477;23.1;10.2
59;2021-05-02;8646;5990;606203;270467;23.4;10.4
59;2021-05-03;9555;5061;615758;275528;23.8;10.6
59;2021-05-04;11424;5981;627182;281509;24.2;10.9
59;2021-05-05;10297;6209;637479;287718;24.6;11.1
59;2021-05-06;11197;8446;648676;296164;25.1;11.4
59;2021-05-07;13299;9595;661975;305759;25.6;11.8
59;2021-05-08;14746;4169;676721;309928;26.1;12.0
59;2021-05-09;11492;3331;688213;313259;26.6;12.1
59;2021-05-10;12746;6636;700959;319895;27.1;12.4
59;2021-05-11;15112;8325;716071;328220;27.7;12.7
59;2021-05-12;16630;8641;732701;336861;28.3;13.0
59;2021-05-13;18443;3460;751144;340321;29.0;13.1
59;2021-05-14;15781;6963;766925;347284;29.6;13.4
59;2021-05-15;23450;5285;790375;352569;30.5;13.6
59;2021-05-16;21184;2413;811559;354982;31.3;13.7
59;2021-05-17;15073;5273;826632;360255;31.9;13.9
59;2021-05-18;16928;5673;843560;365928;32.6;14.1
59;2021-05-19;18324;5109;861884;371037;33.3;14.3
59;2021-05-20;17933;6994;879817;378031;34.0;14.6
59;2021-05-21;18371;8286;898188;386317;34.7;14.9
59;2021-05-22;23816;5681;922004;391998;35.6;15.1
59;2021-05-23;17922;2273;939926;394271;36.3;15.2
59;2021-05-24;16691;2136;956617;396407;36.9;15.3
59;2021-05-25;14990;6662;971607;403069;37.5;15.6
59;2021-05-26;15895;7039;987502;410108;38.1;15.8
59;2021-05-27;16153;9166;1003655;419274;38.8;16.2
59;2021-05-28;15888;11454;1019543;430728;39.4;16.6
59;2021-05-29;14376;8709;1033919;439437;39.9;17.0
59;2021-05-30;8407;1843;1042326;441280;40.3;17.0
59;2021-05-31;14211;7965;1056537;449245;40.8;17.4
59;2021-06-01;15096;10385;1071633;459630;41.4;17.8
59;2021-06-02;14770;9924;1086403;469554;42.0;18.1
59;2021-06-03;15633;12120;1102036;481674;42.6;18.6
59;2021-06-04;15615;13468;1117651;495142;43.2;19.1
59;2021-06-05;14984;9342;1132635;504484;43.7;19.5
59;2021-06-06;8832;3205;1141467;507689;44.1;19.6
59;2021-06-07;10529;9428;1151996;517117;44.5;20.0
59;2021-06-08;11764;11083;1163760;528200;45.0;20.4
59;2021-06-09;10764;11896;1174524;540096;45.4;20.9
59;2021-06-10;11503;12333;1186027;552429;45.8;21.3
59;2021-06-11;10979;15994;1197006;568423;46.2;22.0
59;2021-06-12;11075;13680;1208081;582103;46.7;22.5
59;2021-06-13;6345;7032;1214426;589135;46.9;22.8
59;2021-06-14;6510;12690;1220936;601825;47.2;23.2
59;2021-06-15;8237;15948;1229173;617773;47.5;23.9
59;2021-06-16;9205;13550;1238378;631323;47.8;24.4
59;2021-06-17;9191;15655;1247569;646978;48.2;25.0
59;2021-06-18;9090;20067;1256659;667045;48.5;25.8
59;2021-06-19;8957;17493;1265616;684538;48.9;26.4
59;2021-06-20;4901;10190;1270517;694728;49.1;26.8
59;2021-06-21;5280;15968;1275797;710696;49.3;27.5
59;2021-06-22;6334;18677;1282131;729373;49.5;28.2
59;2021-06-23;6168;19084;1288299;748457;49.8;28.9
59;2021-06-24;7340;20535;1295639;768992;50.0;29.7
59;2021-06-25;6509;21201;1302148;790193;50.3;30.5
59;2021-06-26;6488;23749;1308636;813942;50.5;31.4
59;2021-06-27;4755;17077;1313391;831019;50.7;32.1
59;2021-06-28;5006;19820;1318397;850839;50.9;32.9
59;2021-06-29;5553;20378;1323950;871217;51.1;33.7
59;2021-06-30;6134;20099;1330084;891316;51.4;34.4
59;2021-07-01;6795;20842;1336879;912158;51.6;35.2
59;2021-07-02;6841;23248;1343720;935406;51.9;36.1
59;2021-07-03;5564;24620;1349284;960026;52.1;37.1
59;2021-07-04;4416;15978;1353700;976004;52.3;37.7
59;2021-07-05;5673;17488;1359373;993492;52.5;38.4
59;2021-07-06;6611;18803;1365984;1012295;52.8;39.1
59;2021-07-07;6946;17454;1372930;1029749;53.0;39.8
59;2021-07-08;8027;17693;1380957;1047442;53.3;40.5
59;2021-07-09;7706;20304;1388663;1067746;53.6;41.2
59;2021-07-10;7449;18541;1396112;1086287;53.9;42.0
59;2021-07-11;4451;10233;1400563;1096520;54.1;42.4
59;2021-07-12;5915;18046;1406478;1114566;54.3;43.1
59;2021-07-13;9912;20765;1416390;1135331;54.7;43.9
59;2021-07-14;9785;8457;1426175;1143788;55.1;44.2
59;2021-07-15;11636;20399;1437811;1164187;55.5;45.0
59;2021-07-16;13223;20496;1451034;1184683;56.0;45.8
59;2021-07-17;12396;17466;1463430;1202149;56.5;46.4
59;2021-07-18;7965;8682;1471395;1210831;56.8;46.8
59;2021-07-19;10404;16456;1481799;1227287;57.2;47.4
59;2021-07-20;13417;17125;1495216;1244412;57.8;48.1
59;2021-07-21;14529;15598;1509745;1260010;58.3;48.7
59;2021-07-22;17070;15209;1526815;1275219;59.0;49.3
59;2021-07-23;15733;15839;1542548;1291058;59.6;49.9
59;2021-07-24;16355;12300;1558903;1303358;60.2;50.3
59;2021-07-25;11920;7332;1570823;1310690;60.7;50.6
59;2021-07-26;13046;12613;1583869;1323303;61.2;51.1
59;2021-07-27;16247;11976;1600116;1335279;61.8;51.6
59;2021-07-28;17454;11660;1617570;1346939;62.5;52.0
59;2021-07-29;17420;11667;1634990;1358606;63.2;52.5
59;2021-07-30;15919;11614;1650909;1370220;63.8;52.9
59;2021-07-31;14018;9203;1664927;1379423;64.3;53.3
59;2021-08-01;9959;4567;1674886;1383990;64.7;53.5
59;2021-08-02;12188;10022;1687074;1394012;65.2;53.8
59;2021-08-03;13442;10044;1700516;1404056;65.7;54.2
59;2021-08-04;11226;8282;1711742;1412338;66.1;54.6
59;2021-08-05;12710;9784;1724452;1422122;66.6;54.9
59;2021-08-06;12553;11035;1737005;1433157;67.1;55.4
59;2021-08-07;9736;9296;1746741;1442453;67.5;55.7
59;2021-08-08;6957;5258;1753698;1447711;67.7;55.9
59;2021-08-09;8399;10822;1762097;1458533;68.1;56.3
59;2021-08-10;10391;10773;1772488;1469306;68.5;56.8
59;2021-08-11;8654;9316;1781142;1478622;68.8;57.1
59;2021-08-12;8987;12071;1790129;1490693;69.1;57.6
59;2021-08-13;8589;11750;1798718;1502443;69.5;58.0
59;2021-08-14;5944;10390;1804662;1512833;69.7;58.4
59;2021-08-15;3371;4662;1808033;1517495;69.8;58.6
59;2021-08-16;5849;13866;1813882;1531361;70.1;59.1
59;2021-08-17;6930;12760;1820812;1544121;70.3;59.6
59;2021-08-18;5888;11467;1826700;1555588;70.6;60.1
59;2021-08-19;6301;13860;1833001;1569448;70.8;60.6
59;2021-08-20;5800;14570;1838801;1584018;71.0;61.2
59;2021-08-21;4159;10280;1842960;1594298;71.2;61.6
59;2021-08-22;2831;7645;1845791;1601943;71.3;61.9
59;2021-08-23;4756;15718;1850547;1617661;71.5;62.5
59;2021-08-24;5272;15178;1855819;1632839;71.7;63.1
59;2021-08-25;4644;13075;1860463;1645914;71.9;63.6
59;2021-08-26;5178;14331;1865641;1660245;72.1;64.1
59;2021-08-27;4959;15404;1870600;1675649;72.3;64.7
59;2021-08-28;3789;12360;1874389;1688009;72.4;65.2
59;2021-08-29;1931;8426;1876320;1696435;72.5;65.5
59;2021-08-30;3829;12920;1880149;1709355;72.6;66.0
59;2021-08-31;3790;12930;1883939;1722285;72.8;66.5
59;2021-09-01;3262;10694;1887201;1732979;72.9;66.9
59;2021-09-02;3168;10931;1890369;1743910;73.0;67.4
59;2021-09-03;3765;12101;1894134;1756011;73.2;67.8
59;2021-09-04;3374;9946;1897508;1765957;73.3;68.2
59;2021-09-05;1202;3634;1898710;1769591;73.3;68.4
59;2021-09-06;2132;7318;1900842;1776909;73.4;68.6
59;2021-09-07;2215;7007;1903057;1783916;73.5;68.9
59;2021-09-08;2526;7467;1905583;1791383;73.6;69.2
60;2020-12-27;0;0;0;0;0.0;0.0
60;2020-12-28;0;0;0;0;0.0;0.0
60;2020-12-29;1;0;1;0;0.0;0.0
60;2020-12-30;0;0;1;0;0.0;0.0
60;2020-12-31;0;0;1;0;0.0;0.0
60;2021-01-01;0;0;1;0;0.0;0.0
60;2021-01-02;5;0;6;0;0.0;0.0
60;2021-01-03;1;0;7;0;0.0;0.0
60;2021-01-04;1;0;8;0;0.0;0.0
60;2021-01-05;37;0;45;0;0.0;0.0
60;2021-01-06;188;3;233;3;0.0;0.0
60;2021-01-07;236;4;469;7;0.1;0.0
60;2021-01-08;380;3;849;10;0.1;0.0
60;2021-01-09;3;0;852;10;0.1;0.0
60;2021-01-10;60;0;912;10;0.1;0.0
60;2021-01-11;345;2;1257;12;0.2;0.0
60;2021-01-12;535;2;1792;14;0.2;0.0
60;2021-01-13;476;5;2268;19;0.3;0.0
60;2021-01-14;507;6;2775;25;0.3;0.0
60;2021-01-15;702;7;3477;32;0.4;0.0
60;2021-01-16;124;1;3601;33;0.4;0.0
60;2021-01-17;32;0;3633;33;0.4;0.0
60;2021-01-18;859;7;4492;40;0.5;0.0
60;2021-01-19;1202;11;5694;51;0.7;0.0
60;2021-01-20;1717;11;7411;62;0.9;0.0
60;2021-01-21;2263;8;9674;70;1.2;0.0
60;2021-01-22;1543;15;11217;85;1.4;0.0
60;2021-01-23;499;4;11716;89;1.4;0.0
60;2021-01-24;61;1;11777;90;1.4;0.0
60;2021-01-25;897;14;12674;104;1.5;0.0
60;2021-01-26;950;14;13624;118;1.7;0.0
60;2021-01-27;646;6;14270;124;1.7;0.0
60;2021-01-28;395;165;14665;289;1.8;0.0
60;2021-01-29;77;103;14742;392;1.8;0.0
60;2021-01-30;0;1;14742;393;1.8;0.0
60;2021-01-31;22;60;14764;453;1.8;0.1
60;2021-02-01;39;104;14803;557;1.8;0.1
60;2021-02-02;26;150;14829;707;1.8;0.1
60;2021-02-03;165;231;14994;938;1.8;0.1
60;2021-02-04;170;334;15164;1272;1.8;0.2
60;2021-02-05;315;471;15479;1743;1.9;0.2
60;2021-02-06;65;78;15544;1821;1.9;0.2
60;2021-02-07;31;31;15575;1852;1.9;0.2
60;2021-02-08;329;497;15904;2349;1.9;0.3
60;2021-02-09;319;455;16223;2804;2.0;0.3
60;2021-02-10;555;974;16778;3778;2.0;0.5
60;2021-02-11;942;1113;17720;4891;2.1;0.6
60;2021-02-12;914;840;18634;5731;2.3;0.7
60;2021-02-13;91;295;18725;6026;2.3;0.7
60;2021-02-14;24;85;18749;6111;2.3;0.7
60;2021-02-15;612;687;19361;6798;2.3;0.8
60;2021-02-16;580;840;19941;7638;2.4;0.9
60;2021-02-17;633;836;20574;8474;2.5;1.0
60;2021-02-18;684;739;21258;9213;2.6;1.1
60;2021-02-19;641;687;21899;9900;2.7;1.2
60;2021-02-20;104;175;22003;10075;2.7;1.2
60;2021-02-21;23;104;22026;10179;2.7;1.2
60;2021-02-22;461;784;22487;10963;2.7;1.3
60;2021-02-23;535;708;23022;11671;2.8;1.4
60;2021-02-24;794;507;23816;12178;2.9;1.5
60;2021-02-25;1095;280;24911;12458;3.0;1.5
60;2021-02-26;1300;178;26211;12636;3.2;1.5
60;2021-02-27;666;35;26877;12671;3.3;1.5
60;2021-02-28;7;10;26884;12681;3.3;1.5
60;2021-03-01;894;48;27778;12729;3.4;1.5
60;2021-03-02;1013;168;28791;12897;3.5;1.6
60;2021-03-03;1322;446;30113;13343;3.6;1.6
60;2021-03-04;1725;509;31838;13852;3.9;1.7
60;2021-03-05;1822;281;33660;14133;4.1;1.7
60;2021-03-06;1920;140;35580;14273;4.3;1.7
60;2021-03-07;885;31;36465;14304;4.4;1.7
60;2021-03-08;978;305;37443;14609;4.5;1.8
60;2021-03-09;1642;352;39085;14961;4.7;1.8
60;2021-03-10;1938;426;41023;15387;5.0;1.9
60;2021-03-11;2325;381;43348;15768;5.3;1.9
60;2021-03-12;2595;541;45943;16309;5.6;2.0
60;2021-03-13;3839;214;49782;16523;6.0;2.0
60;2021-03-14;1782;59;51564;16582;6.2;2.0
60;2021-03-15;2090;495;53654;17077;6.5;2.1
60;2021-03-16;1583;623;55237;17700;6.7;2.1
60;2021-03-17;1658;613;56895;18313;6.9;2.2
60;2021-03-18;1759;736;58654;19049;7.1;2.3
60;2021-03-19;2591;527;61245;19576;7.4;2.4
60;2021-03-20;3241;194;64486;19770;7.8;2.4
60;2021-03-21;2125;98;66611;19868;8.1;2.4
60;2021-03-22;2133;709;68744;20577;8.3;2.5
60;2021-03-23;3308;719;72052;21296;8.7;2.6
60;2021-03-24;3070;868;75122;22164;9.1;2.7
60;2021-03-25;3849;847;78971;23011;9.6;2.8
60;2021-03-26;4217;874;83188;23885;10.1;2.9
60;2021-03-27;4142;321;87330;24206;10.6;2.9
60;2021-03-28;2450;84;89780;24290;10.9;2.9
60;2021-03-29;2610;1084;92390;25374;11.2;3.1
60;2021-03-30;3285;1076;95675;26450;11.6;3.2
60;2021-03-31;2668;1141;98343;27591;11.9;3.3
60;2021-04-01;2562;1103;100905;28694;12.2;3.5
60;2021-04-02;3308;1111;104213;29805;12.6;3.6
60;2021-04-03;3172;1011;107385;30816;13.0;3.7
60;2021-04-04;876;487;108261;31303;13.1;3.8
60;2021-04-05;459;84;108720;31387;13.2;3.8
60;2021-04-06;1966;1622;110686;33009;13.4;4.0
60;2021-04-07;1984;1747;112670;34756;13.7;4.2
60;2021-04-08;2612;1498;115282;36254;14.0;4.4
60;2021-04-09;2999;1523;118281;37777;14.3;4.6
60;2021-04-10;2928;1583;121209;39360;14.7;4.8
60;2021-04-11;1046;998;122255;40358;14.8;4.9
60;2021-04-12;2045;1721;124300;42079;15.1;5.1
60;2021-04-13;2749;1786;127049;43865;15.4;5.3
60;2021-04-14;3144;1822;130193;45687;15.8;5.5
60;2021-04-15;3560;1894;133753;47581;16.2;5.8
60;2021-04-16;3292;1951;137045;49532;16.6;6.0
60;2021-04-17;2849;2172;139894;51704;17.0;6.3
60;2021-04-18;573;1833;140467;53537;17.0;6.5
60;2021-04-19;1742;2212;142209;55749;17.2;6.8
60;2021-04-20;2129;2679;144338;58428;17.5;7.1
60;2021-04-21;2653;2208;146991;60636;17.8;7.3
60;2021-04-22;2631;2509;149622;63145;18.1;7.7
60;2021-04-23;2650;2501;152272;65646;18.5;8.0
60;2021-04-24;2471;3457;154743;69103;18.8;8.4
60;2021-04-25;1162;1962;155905;71065;18.9;8.6
60;2021-04-26;1890;2530;157795;73595;19.1;8.9
60;2021-04-27;2311;2841;160106;76436;19.4;9.3
60;2021-04-28;3061;2397;163167;78833;19.8;9.6
60;2021-04-29;3154;2622;166321;81455;20.2;9.9
60;2021-04-30;3459;2961;169780;84416;20.6;10.2
60;2021-05-01;2355;1123;172135;85539;20.9;10.4
60;2021-05-02;2148;845;174283;86384;21.1;10.5
60;2021-05-03;2956;1854;177239;88238;21.5;10.7
60;2021-05-04;3018;2358;180257;90596;21.8;11.0
60;2021-05-05;3260;2811;183517;93407;22.2;11.3
60;2021-05-06;3648;2481;187165;95888;22.7;11.6
60;2021-05-07;3985;2518;191150;98406;23.2;11.9
60;2021-05-08;3583;972;194733;99378;23.6;12.0
60;2021-05-09;3460;956;198193;100334;24.0;12.2
60;2021-05-10;2392;2294;200585;102628;24.3;12.4
60;2021-05-11;3670;2469;204255;105097;24.8;12.7
60;2021-05-12;4718;2550;208973;107647;25.3;13.0
60;2021-05-13;5292;1129;214265;108776;26.0;13.2
60;2021-05-14;5603;1807;219868;110583;26.6;13.4
60;2021-05-15;6173;1718;226041;112301;27.4;13.6
60;2021-05-16;4861;691;230902;112992;28.0;13.7
60;2021-05-17;3716;1678;234618;114670;28.4;13.9
60;2021-05-18;4048;2081;238666;116751;28.9;14.2
60;2021-05-19;5097;1856;243763;118607;29.5;14.4
60;2021-05-20;5459;1794;249222;120401;30.2;14.6
60;2021-05-21;5974;1977;255196;122378;30.9;14.8
60;2021-05-22;5356;1980;260552;124358;31.6;15.1
60;2021-05-23;4267;658;264819;125016;32.1;15.2
60;2021-05-24;2951;534;267770;125550;32.5;15.2
60;2021-05-25;4139;2004;271909;127554;33.0;15.5
60;2021-05-26;4467;1835;276376;129389;33.5;15.7
60;2021-05-27;4613;1996;280989;131385;34.1;15.9
60;2021-05-28;4628;2501;285617;133886;34.6;16.2
60;2021-05-29;4612;2270;290229;136156;35.2;16.5
60;2021-05-30;1086;347;291315;136503;35.3;16.5
60;2021-05-31;3831;2084;295146;138587;35.8;16.8
60;2021-06-01;4445;2849;299591;141436;36.3;17.1
60;2021-06-02;3915;2447;303506;143883;36.8;17.4
60;2021-06-03;3905;2376;307411;146259;37.3;17.7
60;2021-06-04;4652;2904;312063;149163;37.8;18.1
60;2021-06-05;4302;3422;316365;152585;38.3;18.5
60;2021-06-06;2159;794;318524;153379;38.6;18.6
60;2021-06-07;2777;2761;321301;156140;38.9;18.9
60;2021-06-08;3802;3008;325103;159148;39.4;19.3
60;2021-06-09;3248;3399;328351;162547;39.8;19.7
60;2021-06-10;3456;3371;331807;165918;40.2;20.1
60;2021-06-11;3882;4193;335689;170111;40.7;20.6
60;2021-06-12;3782;4279;339471;174390;41.1;21.1
60;2021-06-13;1156;2225;340627;176615;41.3;21.4
60;2021-06-14;1910;3305;342537;179920;41.5;21.8
60;2021-06-15;3016;4163;345553;184083;41.9;22.3
60;2021-06-16;3252;4488;348805;188571;42.3;22.9
60;2021-06-17;2978;4785;351783;193356;42.6;23.4
60;2021-06-18;2984;4604;354767;197960;43.0;24.0
60;2021-06-19;3145;4724;357912;202684;43.4;24.6
60;2021-06-20;1430;1935;359342;204619;43.6;24.8
60;2021-06-21;1408;4041;360750;208660;43.7;25.3
60;2021-06-22;1759;5292;362509;213952;43.9;25.9
60;2021-06-23;1862;5239;364371;219191;44.2;26.6
60;2021-06-24;1804;5604;366175;224795;44.4;27.2
60;2021-06-25;1905;5730;368080;230525;44.6;27.9
60;2021-06-26;1863;6978;369943;237503;44.8;28.8
60;2021-06-27;715;2594;370658;240097;44.9;29.1
60;2021-06-28;1782;4143;372440;244240;45.1;29.6
60;2021-06-29;2014;5465;374454;249705;45.4;30.3
60;2021-06-30;2298;5358;376752;255063;45.7;30.9
60;2021-07-01;1891;4917;378643;259980;45.9;31.5
60;2021-07-02;2370;5882;381013;265862;46.2;32.2
60;2021-07-03;2403;6163;383416;272025;46.5;33.0
60;2021-07-04;792;2725;384208;274750;46.6;33.3
60;2021-07-05;1658;4402;385866;279152;46.8;33.8
60;2021-07-06;2147;4501;388013;283653;47.0;34.4
60;2021-07-07;2174;5118;390187;288771;47.3;35.0
60;2021-07-08;2672;4689;392859;293460;47.6;35.6
60;2021-07-09;2642;5562;395501;299022;47.9;36.2
60;2021-07-10;2581;5875;398082;304897;48.2;37.0
60;2021-07-11;1215;1942;399297;306839;48.4;37.2
60;2021-07-12;1445;4738;400742;311577;48.6;37.8
60;2021-07-13;2912;5023;403654;316600;48.9;38.4
60;2021-07-14;2586;1407;406240;318007;49.2;38.5
60;2021-07-15;3433;4876;409673;322883;49.7;39.1
60;2021-07-16;3700;5242;413373;328125;50.1;39.8
60;2021-07-17;4080;5133;417453;333258;50.6;40.4
60;2021-07-18;2186;2129;419639;335387;50.9;40.6
60;2021-07-19;2542;3890;422181;339277;51.2;41.1
60;2021-07-20;4198;4904;426379;344181;51.7;41.7
60;2021-07-21;4355;4283;430734;348464;52.2;42.2
60;2021-07-22;4628;4332;435362;352796;52.8;42.8
60;2021-07-23;4984;4904;440346;357700;53.4;43.4
60;2021-07-24;4317;4673;444663;362373;53.9;43.9
60;2021-07-25;2603;1829;447266;364202;54.2;44.1
60;2021-07-26;3379;3760;450645;367962;54.6;44.6
60;2021-07-27;4437;4628;455082;372590;55.2;45.2
60;2021-07-28;4547;3771;459629;376361;55.7;45.6
60;2021-07-29;4898;3706;464527;380067;56.3;46.1
60;2021-07-30;5029;4254;469556;384321;56.9;46.6
60;2021-07-31;4063;3973;473619;388294;57.4;47.1
60;2021-08-01;1685;862;475304;389156;57.6;47.2
60;2021-08-02;3174;2755;478478;391911;58.0;47.5
60;2021-08-03;3585;2893;482063;394804;58.4;47.9
60;2021-08-04;3311;2796;485374;397600;58.8;48.2
60;2021-08-05;3028;2255;488402;399855;59.2;48.5
60;2021-08-06;3826;3060;492228;402915;59.7;48.8
60;2021-08-07;3370;3073;495598;405988;60.1;49.2
60;2021-08-08;1534;910;497132;406898;60.3;49.3
60;2021-08-09;2200;2868;499332;409766;60.5;49.7
60;2021-08-10;3276;3310;502608;413076;60.9;50.1
60;2021-08-11;2811;3233;505419;416309;61.3;50.5
60;2021-08-12;2356;2663;507775;418972;61.5;50.8
60;2021-08-13;2746;2998;510521;421970;61.9;51.1
60;2021-08-14;2540;2732;513061;424702;62.2;51.5
60;2021-08-15;1361;551;514422;425253;62.3;51.5
60;2021-08-16;2036;3778;516458;429031;62.6;52.0
60;2021-08-17;2338;3826;518796;432857;62.9;52.5
60;2021-08-18;1935;3293;520731;436150;63.1;52.9
60;2021-08-19;1639;3090;522370;439240;63.3;53.2
60;2021-08-20;1852;3997;524222;443237;63.5;53.7
60;2021-08-21;1598;3489;525820;446726;63.7;54.1
60;2021-08-22;571;1337;526391;448063;63.8;54.3
60;2021-08-23;1098;3237;527489;451300;63.9;54.7
60;2021-08-24;1367;4490;528856;455790;64.1;55.2
60;2021-08-25;1431;3579;530287;459369;64.3;55.7
60;2021-08-26;1424;3458;531711;462827;64.4;56.1
60;2021-08-27;1432;4168;533143;466995;64.6;56.6
60;2021-08-28;1373;4474;534516;471469;64.8;57.1
60;2021-08-29;547;2033;535063;473502;64.9;57.4
60;2021-08-30;1226;2997;536289;476499;65.0;57.8
60;2021-08-31;1632;3846;537921;480345;65.2;58.2
60;2021-09-01;1222;2787;539143;483132;65.3;58.6
60;2021-09-02;1052;2708;540195;485840;65.5;58.9
60;2021-09-03;1019;3147;541214;488987;65.6;59.3
60;2021-09-04;1503;3704;542717;492691;65.8;59.7
60;2021-09-05;364;1352;543081;494043;65.8;59.9
60;2021-09-06;791;2525;543872;496568;65.9;60.2
60;2021-09-07;828;2968;544700;499536;66.0;60.5
60;2021-09-08;877;2971;545577;502507;66.1;60.9
61;2020-12-27;0;0;0;0;0.0;0.0
61;2020-12-28;0;0;0;0;0.0;0.0
61;2020-12-29;0;0;0;0;0.0;0.0
61;2020-12-30;0;0;0;0;0.0;0.0
61;2020-12-31;0;0;0;0;0.0;0.0
61;2021-01-01;1;0;1;0;0.0;0.0
61;2021-01-02;1;0;2;0;0.0;0.0
61;2021-01-03;0;0;2;0;0.0;0.0
61;2021-01-04;1;0;3;0;0.0;0.0
61;2021-01-05;3;0;6;0;0.0;0.0
61;2021-01-06;77;0;83;0;0.0;0.0
61;2021-01-07;175;2;258;2;0.1;0.0
61;2021-01-08;406;1;664;3;0.2;0.0
61;2021-01-09;165;1;829;4;0.3;0.0
61;2021-01-10;49;0;878;4;0.3;0.0
61;2021-01-11;396;1;1274;5;0.5;0.0
61;2021-01-12;681;2;1955;7;0.7;0.0
61;2021-01-13;740;1;2695;8;1.0;0.0
61;2021-01-14;530;8;3225;16;1.2;0.0
61;2021-01-15;537;4;3762;20;1.4;0.0
61;2021-01-16;289;1;4051;21;1.5;0.0
61;2021-01-17;857;6;4908;27;1.8;0.0
61;2021-01-18;1913;2;6821;29;2.5;0.0
61;2021-01-19;1323;3;8144;32;2.9;0.0
61;2021-01-20;683;0;8827;32;3.2;0.0
61;2021-01-21;848;1;9675;33;3.5;0.0
61;2021-01-22;764;0;10439;33;3.8;0.0
61;2021-01-23;257;2;10696;35;3.9;0.0
61;2021-01-24;229;0;10925;35;3.9;0.0
61;2021-01-25;578;1;11503;36;4.2;0.0
61;2021-01-26;561;0;12064;36;4.4;0.0
61;2021-01-27;569;13;12633;49;4.6;0.0
61;2021-01-28;464;50;13097;99;4.7;0.0
61;2021-01-29;479;197;13576;296;4.9;0.1
61;2021-01-30;212;3;13788;299;5.0;0.1
61;2021-01-31;109;0;13897;299;5.0;0.1
61;2021-02-01;430;180;14327;479;5.2;0.2
61;2021-02-02;387;416;14714;895;5.3;0.3
61;2021-02-03;412;484;15126;1379;5.5;0.5
61;2021-02-04;390;312;15516;1691;5.6;0.6
61;2021-02-05;538;348;16054;2039;5.8;0.7
61;2021-02-06;201;82;16255;2121;5.9;0.8
61;2021-02-07;45;199;16300;2320;5.9;0.8
61;2021-02-08;541;1335;16841;3655;6.1;1.3
61;2021-02-09;405;768;17246;4423;6.2;1.6
61;2021-02-10;277;523;17523;4946;6.3;1.8
61;2021-02-11;432;485;17955;5431;6.5;2.0
61;2021-02-12;402;662;18357;6093;6.6;2.2
61;2021-02-13;133;355;18490;6448;6.7;2.3
61;2021-02-14;3;272;18493;6720;6.7;2.4
61;2021-02-15;172;688;18665;7408;6.7;2.7
61;2021-02-16;203;572;18868;7980;6.8;2.9
61;2021-02-17;44;527;18912;8507;6.8;3.1
61;2021-02-18;161;434;19073;8941;6.9;3.2
61;2021-02-19;101;330;19174;9271;6.9;3.3
61;2021-02-20;40;213;19214;9484;6.9;3.4
61;2021-02-21;2;136;19216;9620;6.9;3.5
61;2021-02-22;88;490;19304;10110;7.0;3.7
61;2021-02-23;109;427;19413;10537;7.0;3.8
61;2021-02-24;173;480;19586;11017;7.1;4.0
61;2021-02-25;265;374;19851;11391;7.2;4.1
61;2021-02-26;266;406;20117;11797;7.3;4.3
61;2021-02-27;110;198;20227;11995;7.3;4.3
61;2021-02-28;4;118;20231;12113;7.3;4.4
61;2021-03-01;217;564;20448;12677;7.4;4.6
61;2021-03-02;148;655;20596;13332;7.4;4.8
61;2021-03-03;142;408;20738;13740;7.5;5.0
61;2021-03-04;431;413;21169;14153;7.6;5.1
61;2021-03-05;701;283;21870;14436;7.9;5.2
61;2021-03-06;437;219;22307;14655;8.1;5.3
61;2021-03-07;155;2;22462;14657;8.1;5.3
61;2021-03-08;298;306;22760;14963;8.2;5.4
61;2021-03-09;622;176;23382;15139;8.4;5.5
61;2021-03-10;672;184;24054;15323;8.7;5.5
61;2021-03-11;1120;127;25174;15450;9.1;5.6
61;2021-03-12;1467;97;26641;15547;9.6;5.6
61;2021-03-13;775;54;27416;15601;9.9;5.6
61;2021-03-14;226;6;27642;15607;10.0;5.6
61;2021-03-15;814;34;28456;15641;10.3;5.6
61;2021-03-16;720;21;29176;15662;10.5;5.7
61;2021-03-17;761;13;29937;15675;10.8;5.7
61;2021-03-18;858;28;30795;15703;11.1;5.7
61;2021-03-19;1027;50;31822;15753;11.5;5.7
61;2021-03-20;471;14;32293;15767;11.7;5.7
61;2021-03-21;71;2;32364;15769;11.7;5.7
61;2021-03-22;796;90;33160;15859;12.0;5.7
61;2021-03-23;920;39;34080;15898;12.3;5.7
61;2021-03-24;1372;70;35452;15968;12.8;5.8
61;2021-03-25;1876;68;37328;16036;13.5;5.8
61;2021-03-26;1799;46;39127;16082;14.1;5.8
61;2021-03-27;1083;18;40210;16100;14.5;5.8
61;2021-03-28;359;9;40569;16109;14.7;5.8
61;2021-03-29;1271;182;41840;16291;15.1;5.9
61;2021-03-30;1471;96;43311;16387;15.6;5.9
61;2021-03-31;1686;51;44997;16438;16.3;5.9
61;2021-04-01;2051;230;47048;16668;17.0;6.0
61;2021-04-02;1520;434;48568;17102;17.5;6.2
61;2021-04-03;640;287;49208;17389;17.8;6.3
61;2021-04-04;193;1;49401;17390;17.8;6.3
61;2021-04-05;532;8;49933;17398;18.0;6.3
61;2021-04-06;1354;618;51287;18016;18.5;6.5
61;2021-04-07;1699;658;52986;18674;19.1;6.7
61;2021-04-08;2268;833;55254;19507;20.0;7.0
61;2021-04-09;2138;837;57392;20344;20.7;7.3
61;2021-04-10;1534;487;58926;20831;21.3;7.5
61;2021-04-11;238;199;59164;21030;21.4;7.6
61;2021-04-12;1289;736;60453;21766;21.8;7.9
61;2021-04-13;1740;706;62193;22472;22.5;8.1
61;2021-04-14;1735;784;63928;23256;23.1;8.4
61;2021-04-15;2268;781;66196;24037;23.9;8.7
61;2021-04-16;2223;688;68419;24725;24.7;8.9
61;2021-04-17;1487;324;69906;25049;25.2;9.0
61;2021-04-18;538;99;70444;25148;25.4;9.1
61;2021-04-19;938;749;71382;25897;25.8;9.4
61;2021-04-20;1523;786;72905;26683;26.3;9.6
61;2021-04-21;1352;1040;74257;27723;26.8;10.0
61;2021-04-22;1293;1216;75550;28939;27.3;10.5
61;2021-04-23;1216;1147;76766;30086;27.7;10.9
61;2021-04-24;1437;818;78203;30904;28.2;11.2
61;2021-04-25;361;331;78564;31235;28.4;11.3
61;2021-04-26;670;1144;79234;32379;28.6;11.7
61;2021-04-27;1465;1139;80699;33518;29.1;12.1
61;2021-04-28;1386;1390;82085;34908;29.6;12.6
61;2021-04-29;1247;1860;83332;36768;30.1;13.3
61;2021-04-30;1721;1172;85053;37940;30.7;13.7
61;2021-05-01;788;321;85841;38261;31.0;13.8
61;2021-05-02;439;225;86280;38486;31.2;13.9
61;2021-05-03;844;1249;87124;39735;31.5;14.3
61;2021-05-04;1326;1752;88450;41487;31.9;15.0
61;2021-05-05;1009;2030;89459;43517;32.3;15.7
61;2021-05-06;1772;2213;91231;45730;32.9;16.5
61;2021-05-07;1376;1971;92607;47701;33.4;17.2
61;2021-05-08;930;473;93537;48174;33.8;17.4
61;2021-05-09;394;293;93931;48467;33.9;17.5
61;2021-05-10;988;1749;94919;50216;34.3;18.1
61;2021-05-11;1376;1516;96295;51732;34.8;18.7
61;2021-05-12;1870;1593;98165;53325;35.5;19.3
61;2021-05-13;889;491;99054;53816;35.8;19.4
61;2021-05-14;1852;1190;100906;55006;36.4;19.9
61;2021-05-15;2104;1119;103010;56125;37.2;20.3
61;2021-05-16;984;300;103994;56425;37.6;20.4
61;2021-05-17;1312;914;105306;57339;38.0;20.7
61;2021-05-18;2424;893;107730;58232;38.9;21.0
61;2021-05-19;2401;804;110131;59036;39.8;21.3
61;2021-05-20;2213;816;112344;59852;40.6;21.6
61;2021-05-21;2150;861;114494;60713;41.3;21.9
61;2021-05-22;1781;718;116275;61431;42.0;22.2
61;2021-05-23;714;54;116989;61485;42.2;22.2
61;2021-05-24;913;110;117902;61595;42.6;22.2
61;2021-05-25;1991;920;119893;62515;43.3;22.6
61;2021-05-26;2044;931;121937;63446;44.0;22.9
61;2021-05-27;2040;1090;123977;64536;44.8;23.3
61;2021-05-28;2052;1379;126029;65915;45.5;23.8
61;2021-05-29;1464;556;127493;66471;46.0;24.0
61;2021-05-30;450;44;127943;66515;46.2;24.0
61;2021-05-31;1561;938;129504;67453;46.8;24.4
61;2021-06-01;1876;1389;131380;68842;47.4;24.9
61;2021-06-02;1675;1135;133055;69977;48.1;25.3
61;2021-06-03;2250;1111;135305;71088;48.9;25.7
61;2021-06-04;1894;1345;137199;72433;49.5;26.2
61;2021-06-05;1669;1240;138868;73673;50.2;26.6
61;2021-06-06;318;230;139186;73903;50.3;26.7
61;2021-06-07;2189;867;141375;74770;51.1;27.0
61;2021-06-08;1847;1568;143222;76338;51.7;27.6
61;2021-06-09;1975;1185;145197;77523;52.4;28.0
61;2021-06-10;1974;1192;147171;78715;53.1;28.4
61;2021-06-11;1822;1581;148993;80296;53.8;29.0
61;2021-06-12;1424;999;150417;81295;54.3;29.4
61;2021-06-13;340;377;150757;81672;54.4;29.5
61;2021-06-14;1107;1189;151864;82861;54.8;29.9
61;2021-06-15;1213;1693;153077;84554;55.3;30.5
61;2021-06-16;1112;1363;154189;85917;55.7;31.0
61;2021-06-17;1020;1730;155209;87647;56.1;31.7
61;2021-06-18;1522;1670;156731;89317;56.6;32.3
61;2021-06-19;1245;1303;157976;90620;57.1;32.7
61;2021-06-20;289;345;158265;90965;57.2;32.9
61;2021-06-21;807;1629;159072;92594;57.4;33.4
61;2021-06-22;1024;1682;160096;94276;57.8;34.0
61;2021-06-23;967;2436;161063;96712;58.2;34.9
61;2021-06-24;650;1359;161713;98071;58.4;35.4
61;2021-06-25;840;2167;162553;100238;58.7;36.2
61;2021-06-26;624;1953;163177;102191;58.9;36.9
61;2021-06-27;139;799;163316;102990;59.0;37.2
61;2021-06-28;478;2247;163794;105237;59.2;38.0
61;2021-06-29;699;2859;164493;108096;59.4;39.0
61;2021-06-30;771;2463;165264;110559;59.7;39.9
61;2021-07-01;633;1696;165897;112255;59.9;40.5
61;2021-07-02;842;2499;166739;114754;60.2;41.4
61;2021-07-03;417;1912;167156;116666;60.4;42.1
61;2021-07-04;75;638;167231;117304;60.4;42.4
61;2021-07-05;683;1773;167914;119077;60.6;43.0
61;2021-07-06;990;2793;168904;121870;61.0;44.0
61;2021-07-07;734;2361;169638;124231;61.3;44.9
61;2021-07-08;842;1945;170480;126176;61.6;45.6
61;2021-07-09;723;2375;171203;128551;61.8;46.4
61;2021-07-10;464;1768;171667;130319;62.0;47.1
61;2021-07-11;244;489;171911;130808;62.1;47.2
61;2021-07-12;438;2290;172349;133098;62.2;48.1
61;2021-07-13;646;2486;172995;135584;62.5;49.0
61;2021-07-14;149;334;173144;135918;62.5;49.1
61;2021-07-15;815;2813;173959;138731;62.8;50.1
61;2021-07-16;968;2572;174927;141303;63.2;51.0
61;2021-07-17;707;2232;175634;143535;63.4;51.8
61;2021-07-18;339;368;175973;143903;63.6;52.0
61;2021-07-19;935;2405;176908;146308;63.9;52.8
61;2021-07-20;1327;2356;178235;148664;64.4;53.7
61;2021-07-21;1503;2182;179738;150846;64.9;54.5
61;2021-07-22;1751;2189;181489;153035;65.5;55.3
61;2021-07-23;1793;2305;183282;155340;66.2;56.1
61;2021-07-24;1456;2006;184738;157346;66.7;56.8
61;2021-07-25;324;393;185062;157739;66.8;57.0
61;2021-07-26;1252;1930;186314;159669;67.3;57.7
61;2021-07-27;2420;1585;188734;161254;68.2;58.2
61;2021-07-28;2458;1354;191192;162608;69.0;58.7
61;2021-07-29;2563;1574;193755;164182;70.0;59.3
61;2021-07-30;2398;1387;196153;165569;70.8;59.8
61;2021-07-31;1282;1300;197435;166869;71.3;60.3
61;2021-08-01;503;259;197938;167128;71.5;60.4
61;2021-08-02;1913;1120;199851;168248;72.2;60.8
61;2021-08-03;2451;913;202302;169161;73.1;61.1
61;2021-08-04;2346;781;204648;169942;73.9;61.4
61;2021-08-05;1899;992;206547;170934;74.6;61.7
61;2021-08-06;2164;1162;208711;172096;75.4;62.2
61;2021-08-07;1422;799;210133;172895;75.9;62.4
61;2021-08-08;447;263;210580;173158;76.0;62.5
61;2021-08-09;1307;1112;211887;174270;76.5;62.9
61;2021-08-10;1315;1107;213202;175377;77.0;63.3
61;2021-08-11;1117;1258;214319;176635;77.4;63.8
61;2021-08-12;1033;1321;215352;177956;77.8;64.3
61;2021-08-13;875;1609;216227;179565;78.1;64.8
61;2021-08-14;717;862;216944;180427;78.3;65.2
61;2021-08-15;93;184;217037;180611;78.4;65.2
61;2021-08-16;912;1541;217949;182152;78.7;65.8
61;2021-08-17;1151;1698;219100;183850;79.1;66.4
61;2021-08-18;809;1480;219909;185330;79.4;66.9
61;2021-08-19;734;1571;220643;186901;79.7;67.5
61;2021-08-20;801;2132;221444;189033;80.0;68.3
61;2021-08-21;490;1341;221934;190374;80.1;68.8
61;2021-08-22;137;446;222071;190820;80.2;68.9
61;2021-08-23;413;1703;222484;192523;80.3;69.5
61;2021-08-24;522;1897;223006;194420;80.5;70.2
61;2021-08-25;411;1734;223417;196154;80.7;70.8
61;2021-08-26;425;1598;223842;197752;80.8;71.4
61;2021-08-27;514;1886;224356;199638;81.0;72.1
61;2021-08-28;284;1367;224640;201005;81.1;72.6
61;2021-08-29;50;417;224690;201422;81.1;72.7
61;2021-08-30;382;1623;225072;203045;81.3;73.3
61;2021-08-31;505;1713;225577;204758;81.5;73.9
61;2021-09-01;451;1499;226028;206257;81.6;74.5
61;2021-09-02;419;1341;226447;207598;81.8;75.0
61;2021-09-03;474;1578;226921;209176;81.9;75.5
61;2021-09-04;343;1337;227264;210513;82.1;76.0
61;2021-09-05;76;225;227340;210738;82.1;76.1
61;2021-09-06;279;1230;227619;211968;82.2;76.5
61;2021-09-07;332;1563;227951;213531;82.3;77.1
61;2021-09-08;263;1413;228214;214944;82.4;77.6
62;2020-12-27;2;0;2;0;0.0;0.0
62;2020-12-28;2;0;4;0;0.0;0.0
62;2020-12-29;0;0;4;0;0.0;0.0
62;2020-12-30;0;0;4;0;0.0;0.0
62;2020-12-31;0;0;4;0;0.0;0.0
62;2021-01-01;0;0;4;0;0.0;0.0
62;2021-01-02;2;0;6;0;0.0;0.0
62;2021-01-03;0;0;6;0;0.0;0.0
62;2021-01-04;2;0;8;0;0.0;0.0
62;2021-01-05;47;0;55;0;0.0;0.0
62;2021-01-06;123;0;178;0;0.0;0.0
62;2021-01-07;351;0;529;0;0.0;0.0
62;2021-01-08;713;6;1242;6;0.1;0.0
62;2021-01-09;164;1;1406;7;0.1;0.0
62;2021-01-10;84;0;1490;7;0.1;0.0
62;2021-01-11;555;1;2045;8;0.1;0.0
62;2021-01-12;1260;3;3305;11;0.2;0.0
62;2021-01-13;1139;6;4444;17;0.3;0.0
62;2021-01-14;1387;8;5831;25;0.4;0.0
62;2021-01-15;1299;8;7130;33;0.5;0.0
62;2021-01-16;308;2;7438;35;0.5;0.0
62;2021-01-17;107;0;7545;35;0.5;0.0
62;2021-01-18;1666;9;9211;44;0.6;0.0
62;2021-01-19;2103;4;11314;48;0.8;0.0
62;2021-01-20;2055;5;13369;53;0.9;0.0
62;2021-01-21;2243;5;15612;58;1.1;0.0
62;2021-01-22;1835;7;17447;65;1.2;0.0
62;2021-01-23;512;1;17959;66;1.2;0.0
62;2021-01-24;0;0;17959;66;1.2;0.0
62;2021-01-25;1284;6;19243;72;1.3;0.0
62;2021-01-26;1544;13;20787;85;1.4;0.0
62;2021-01-27;1501;163;22288;248;1.5;0.0
62;2021-01-28;4168;378;26456;626;1.8;0.0
62;2021-01-29;2035;320;28491;946;2.0;0.1
62;2021-01-30;159;140;28650;1086;2.0;0.1
62;2021-01-31;22;3;28672;1089;2.0;0.1
62;2021-02-01;46;325;28718;1414;2.0;0.1
62;2021-02-02;59;756;28777;2170;2.0;0.1
62;2021-02-03;44;601;28821;2771;2.0;0.2
62;2021-02-04;81;777;28902;3548;2.0;0.2
62;2021-02-05;80;708;28982;4256;2.0;0.3
62;2021-02-06;29;182;29011;4438;2.0;0.3
62;2021-02-07;237;30;29248;4468;2.0;0.3
62;2021-02-08;132;756;29380;5224;2.0;0.4
62;2021-02-09;227;993;29607;6217;2.0;0.4
62;2021-02-10;385;1074;29992;7291;2.1;0.5
62;2021-02-11;725;904;30717;8195;2.1;0.6
62;2021-02-12;966;708;31683;8903;2.2;0.6
62;2021-02-13;159;236;31842;9139;2.2;0.6
62;2021-02-14;0;0;31842;9139;2.2;0.6
62;2021-02-15;665;1046;32507;10185;2.2;0.7
62;2021-02-16;923;1510;33430;11695;2.3;0.8
62;2021-02-17;1074;1805;34504;13500;2.4;0.9
62;2021-02-18;2227;3592;36731;17092;2.5;1.2
62;2021-02-19;2311;2421;39042;19513;2.7;1.3
62;2021-02-20;616;428;39658;19941;2.7;1.4
62;2021-02-21;87;50;39745;19991;2.7;1.4
62;2021-02-22;848;824;40593;20815;2.8;1.4
62;2021-02-23;1420;1071;42013;21886;2.9;1.5
62;2021-02-24;1547;564;43560;22450;3.0;1.5
62;2021-02-25;3169;381;46729;22831;3.2;1.6
62;2021-02-26;2910;310;49639;23141;3.4;1.6
62;2021-02-27;1830;92;51469;23233;3.5;1.6
62;2021-02-28;52;42;51521;23275;3.5;1.6
62;2021-03-01;1322;110;52843;23385;3.6;1.6
62;2021-03-02;3157;163;56000;23548;3.9;1.6
62;2021-03-03;3270;132;59270;23680;4.1;1.6
62;2021-03-04;3811;220;63081;23900;4.3;1.6
62;2021-03-05;4646;229;67727;24129;4.7;1.7
62;2021-03-06;9621;269;77348;24398;5.3;1.7
62;2021-03-07;8075;226;85423;24624;5.9;1.7
62;2021-03-08;2196;256;87619;24880;6.0;1.7
62;2021-03-09;3808;379;91427;25259;6.3;1.7
62;2021-03-10;4233;609;95660;25868;6.6;1.8
62;2021-03-11;5994;1530;101654;27398;7.0;1.9
62;2021-03-12;6636;1427;108290;28825;7.5;2.0
62;2021-03-13;14722;806;123012;29631;8.5;2.0
62;2021-03-14;9586;417;132598;30048;9.1;2.1
62;2021-03-15;3763;1012;136361;31060;9.4;2.1
62;2021-03-16;2737;845;139098;31905;9.6;2.2
62;2021-03-17;2805;729;141903;32634;9.8;2.2
62;2021-03-18;2724;941;144627;33575;10.0;2.3
62;2021-03-19;4783;927;149410;34502;10.3;2.4
62;2021-03-20;11067;622;160477;35124;11.0;2.4
62;2021-03-21;9449;378;169926;35502;11.7;2.4
62;2021-03-22;2943;1107;172869;36609;11.9;2.5
62;2021-03-23;4996;1483;177865;38092;12.2;2.6
62;2021-03-24;4695;1368;182560;39460;12.6;2.7
62;2021-03-25;6555;1472;189115;40932;13.0;2.8
62;2021-03-26;7051;1498;196166;42430;13.5;2.9
62;2021-03-27;12591;750;208757;43180;14.4;3.0
62;2021-03-28;6941;288;215698;43468;14.8;3.0
62;2021-03-29;3472;1210;219170;44678;15.1;3.1
62;2021-03-30;4549;2205;223719;46883;15.4;3.2
62;2021-03-31;4224;2469;227943;49352;15.7;3.4
62;2021-04-01;4975;2762;232918;52114;16.0;3.6
62;2021-04-02;5067;3235;237985;55349;16.4;3.8
62;2021-04-03;8210;3356;246195;58705;16.9;4.0
62;2021-04-04;4582;1928;250777;60633;17.3;4.2
62;2021-04-05;944;465;251721;61098;17.3;4.2
62;2021-04-06;4125;3009;255846;64107;17.6;4.4
62;2021-04-07;5060;3503;260906;67610;18.0;4.7
62;2021-04-08;6489;3998;267395;71608;18.4;4.9
62;2021-04-09;7629;3481;275024;75089;18.9;5.2
62;2021-04-10;6634;8074;281658;83163;19.4;5.7
62;2021-04-11;2808;6886;284466;90049;19.6;6.2
62;2021-04-12;3423;2381;287889;92430;19.8;6.4
62;2021-04-13;6172;3164;294061;95594;20.2;6.6
62;2021-04-14;5306;3064;299367;98658;20.6;6.8
62;2021-04-15;5735;2985;305102;101643;21.0;7.0
62;2021-04-16;5420;3200;310522;104843;21.4;7.2
62;2021-04-17;4359;7361;314881;112204;21.7;7.7
62;2021-04-18;1956;6849;316837;119053;21.8;8.2
62;2021-04-19;2779;1930;319616;120983;22.0;8.3
62;2021-04-20;4150;3884;323766;124867;22.3;8.6
62;2021-04-21;3747;3984;327513;128851;22.5;8.9
62;2021-04-22;3949;5196;331462;134047;22.8;9.2
62;2021-04-23;4062;5319;335524;139366;23.1;9.6
62;2021-04-24;4404;6732;339928;146098;23.4;10.1
62;2021-04-25;1910;3499;341838;149597;23.5;10.3
62;2021-04-26;2224;2429;344062;152026;23.7;10.5
62;2021-04-27;4409;3706;348471;155732;24.0;10.7
62;2021-04-28;4588;4406;353059;160138;24.3;11.0
62;2021-04-29;4790;5899;357849;166037;24.6;11.4
62;2021-04-30;5214;5716;363063;171753;25.0;11.8
62;2021-05-01;5726;3473;368789;175226;25.4;12.1
62;2021-05-02;7828;3152;376617;178378;25.9;12.3
62;2021-05-03;4508;2348;381125;180726;26.2;12.4
62;2021-05-04;5396;4974;386521;185700;26.6;12.8
62;2021-05-05;4735;4837;391256;190537;26.9;13.1
62;2021-05-06;5620;4944;396876;195481;27.3;13.5
62;2021-05-07;7690;4665;404566;200146;27.8;13.8
62;2021-05-08;10656;2327;415222;202473;28.6;13.9
62;2021-05-09;8626;1638;423848;204111;29.2;14.0
62;2021-05-10;4867;4025;428715;208136;29.5;14.3
62;2021-05-11;6415;5049;435130;213185;30.0;14.7
62;2021-05-12;8623;4595;443753;217780;30.5;15.0
62;2021-05-13;9999;1492;453752;219272;31.2;15.1
62;2021-05-14;11881;3402;465633;222674;32.1;15.3
62;2021-05-15;19785;3298;485418;225972;33.4;15.6
62;2021-05-16;16396;1414;501814;227386;34.5;15.7
62;2021-05-17;8183;2663;509997;230049;35.1;15.8
62;2021-05-18;9325;3132;519322;233181;35.7;16.1
62;2021-05-19;8614;2933;527936;236114;36.3;16.3
62;2021-05-20;8342;3845;536278;239959;36.9;16.5
62;2021-05-21;9398;4217;545676;244176;37.6;16.8
62;2021-05-22;17876;3531;563552;247707;38.8;17.1
62;2021-05-23;12377;1161;575929;248868;39.6;17.1
62;2021-05-24;3910;588;579839;249456;39.9;17.2
62;2021-05-25;7222;4096;587061;253552;40.4;17.5
62;2021-05-26;6782;4914;593843;258466;40.9;17.8
62;2021-05-27;6383;5696;600226;264162;41.3;18.2
62;2021-05-28;6519;6757;606745;270919;41.8;18.6
62;2021-05-29;10852;5541;617597;276460;42.5;19.0
62;2021-05-30;4037;981;621634;277441;42.8;19.1
62;2021-05-31;4796;3961;626430;281402;43.1;19.4
62;2021-06-01;6521;6530;632951;287932;43.6;19.8
62;2021-06-02;7443;5816;640394;293748;44.1;20.2
62;2021-06-03;7859;5891;648253;299639;44.6;20.6
62;2021-06-04;7905;6250;656158;305889;45.2;21.1
62;2021-06-05;8275;6232;664433;312121;45.7;21.5
62;2021-06-06;3129;1291;667562;313412;46.0;21.6
62;2021-06-07;4621;3764;672183;317176;46.3;21.8
62;2021-06-08;6209;5906;678392;323082;46.7;22.2
62;2021-06-09;5498;4768;683890;327850;47.1;22.6
62;2021-06-10;5207;5881;689097;333731;47.4;23.0
62;2021-06-11;6212;8866;695309;342597;47.9;23.6
62;2021-06-12;5935;8644;701244;351241;48.3;24.2
62;2021-06-13;3228;3797;704472;355038;48.5;24.4
62;2021-06-14;2609;6782;707081;361820;48.7;24.9
62;2021-06-15;4676;8539;711757;370359;49.0;25.5
62;2021-06-16;5082;7430;716839;377789;49.3;26.0
62;2021-06-17;5234;8042;722073;385831;49.7;26.6
62;2021-06-18;4825;10490;726898;396321;50.0;27.3
62;2021-06-19;5798;13442;732696;409763;50.4;28.2
62;2021-06-20;2101;4369;734797;414132;50.6;28.5
62;2021-06-21;2974;8927;737771;423059;50.8;29.1
62;2021-06-22;3430;10173;741201;433232;51.0;29.8
62;2021-06-23;3388;10318;744589;443550;51.3;30.5
62;2021-06-24;3345;11783;747934;455333;51.5;31.3
62;2021-06-25;3725;15767;751659;471100;51.7;32.4
62;2021-06-26;3550;18427;755209;489527;52.0;33.7
62;2021-06-27;1121;9813;756330;499340;52.1;34.4
62;2021-06-28;1926;8868;758256;508208;52.2;35.0
62;2021-06-29;2974;11464;761230;519672;52.4;35.8
62;2021-06-30;4144;10820;765374;530492;52.7;36.5
62;2021-07-01;4483;10487;769857;540979;53.0;37.2
62;2021-07-02;4168;11985;774025;552964;53.3;38.1
62;2021-07-03;2996;18055;777021;571019;53.5;39.3
62;2021-07-04;1450;9196;778471;580215;53.6;39.9
62;2021-07-05;2416;6915;780887;587130;53.8;40.4
62;2021-07-06;3823;10016;784710;597146;54.0;41.1
62;2021-07-07;3915;8910;788625;606056;54.3;41.7
62;2021-07-08;5245;9090;793870;615146;54.6;42.3
62;2021-07-09;4470;10849;798340;625995;55.0;43.1
62;2021-07-10;4978;11893;803318;637888;55.3;43.9
62;2021-07-11;1337;2092;804655;639980;55.4;44.1
62;2021-07-12;2327;7134;806982;647114;55.5;44.5
62;2021-07-13;5177;12158;812159;659272;55.9;45.4
62;2021-07-14;3636;3163;815795;662435;56.2;45.6
62;2021-07-15;7587;11497;823382;673932;56.7;46.4
62;2021-07-16;7626;11044;831008;684976;57.2;47.1
62;2021-07-17;9729;10332;840737;695308;57.9;47.9
62;2021-07-18;2715;3460;843452;698768;58.1;48.1
62;2021-07-19;6014;7018;849466;705786;58.5;48.6
62;2021-07-20;7939;10723;857405;716509;59.0;49.3
62;2021-07-21;9777;9407;867182;725916;59.7;50.0
62;2021-07-22;9801;9024;876983;734940;60.4;50.6
62;2021-07-23;10633;8413;887616;743353;61.1;51.2
62;2021-07-24;9665;10314;897281;753667;61.8;51.9
62;2021-07-25;5549;1872;902830;755539;62.1;52.0
62;2021-07-26;6240;5389;909070;760928;62.6;52.4
62;2021-07-27;9848;8125;918918;769053;63.3;52.9
62;2021-07-28;10398;7491;929316;776544;64.0;53.5
62;2021-07-29;11997;7655;941313;784199;64.8;54.0
62;2021-07-30;9089;6292;950402;790491;65.4;54.4
62;2021-07-31;6634;4022;957036;794513;65.9;54.7
62;2021-08-01;2342;1103;959378;795616;66.0;54.8
62;2021-08-02;6863;4757;966241;800373;66.5;55.1
62;2021-08-03;8623;7479;974864;807852;67.1;55.6
62;2021-08-04;9492;5481;984356;813333;67.8;56.0
62;2021-08-05;8360;5622;992716;818955;68.3;56.4
62;2021-08-06;7318;5931;1000034;824886;68.8;56.8
62;2021-08-07;5494;4960;1005528;829846;69.2;57.1
62;2021-08-08;1875;1301;1007403;831147;69.3;57.2
62;2021-08-09;5255;5030;1012658;836177;69.7;57.6
62;2021-08-10;6217;7357;1018875;843534;70.1;58.1
62;2021-08-11;5411;7393;1024286;850927;70.5;58.6
62;2021-08-12;5995;7012;1030281;857939;70.9;59.1
62;2021-08-13;4491;6061;1034772;864000;71.2;59.5
62;2021-08-14;3824;6867;1038596;870867;71.5;59.9
62;2021-08-15;1138;1212;1039734;872079;71.6;60.0
62;2021-08-16;3178;5875;1042912;877954;71.8;60.4
62;2021-08-17;4164;7349;1047076;885303;72.1;60.9
62;2021-08-18;4340;7238;1051416;892541;72.4;61.4
62;2021-08-19;4337;8615;1055753;901156;72.7;62.0
62;2021-08-20;3360;8474;1059113;909630;72.9;62.6
62;2021-08-21;2447;9764;1061560;919394;73.1;63.3
62;2021-08-22;389;2816;1061949;922210;73.1;63.5
62;2021-08-23;2717;7832;1064666;930042;73.3;64.0
62;2021-08-24;3821;10410;1068487;940452;73.5;64.7
62;2021-08-25;3496;9197;1071983;949649;73.8;65.4
62;2021-08-26;3175;9770;1075158;959419;74.0;66.0
62;2021-08-27;2567;8818;1077725;968237;74.2;66.6
62;2021-08-28;2021;7993;1079746;976230;74.3;67.2
62;2021-08-29;861;2249;1080607;978479;74.4;67.4
62;2021-08-30;2031;7377;1082638;985856;74.5;67.9
62;2021-08-31;2123;8011;1084761;993867;74.7;68.4
62;2021-09-01;1806;6162;1086567;1000029;74.8;68.8
62;2021-09-02;1833;6842;1088400;1006871;74.9;69.3
62;2021-09-03;2048;7354;1090448;1014225;75.1;69.8
62;2021-09-04;2109;6666;1092557;1020891;75.2;70.3
62;2021-09-05;311;1263;1092868;1022154;75.2;70.4
62;2021-09-06;1008;3790;1093876;1025944;75.3;70.6
62;2021-09-07;1209;4343;1095085;1030287;75.4;70.9
62;2021-09-08;1253;4523;1096338;1034810;75.5;71.2
63;2020-12-27;0;0;0;0;0.0;0.0
63;2020-12-28;1;0;1;0;0.0;0.0
63;2020-12-29;0;0;1;0;0.0;0.0
63;2020-12-30;0;0;1;0;0.0;0.0
63;2020-12-31;0;0;1;0;0.0;0.0
63;2021-01-01;1;0;2;0;0.0;0.0
63;2021-01-02;0;0;2;0;0.0;0.0
63;2021-01-03;1;0;3;0;0.0;0.0
63;2021-01-04;0;0;3;0;0.0;0.0
63;2021-01-05;1;0;4;0;0.0;0.0
63;2021-01-06;4;1;8;1;0.0;0.0
63;2021-01-07;310;0;318;1;0.0;0.0
63;2021-01-08;214;0;532;1;0.1;0.0
63;2021-01-09;91;0;623;1;0.1;0.0
63;2021-01-10;82;0;705;1;0.1;0.0
63;2021-01-11;431;2;1136;3;0.2;0.0
63;2021-01-12;661;1;1797;4;0.3;0.0
63;2021-01-13;873;2;2670;6;0.4;0.0
63;2021-01-14;544;8;3214;14;0.5;0.0
63;2021-01-15;431;3;3645;17;0.6;0.0
63;2021-01-16;157;0;3802;17;0.6;0.0
63;2021-01-17;133;0;3935;17;0.6;0.0
63;2021-01-18;632;2;4567;19;0.7;0.0
63;2021-01-19;866;1;5433;20;0.8;0.0
63;2021-01-20;1069;2;6502;22;1.0;0.0
63;2021-01-21;1015;3;7517;25;1.1;0.0
63;2021-01-22;968;3;8485;28;1.3;0.0
63;2021-01-23;192;0;8677;28;1.3;0.0
63;2021-01-24;164;1;8841;29;1.3;0.0
63;2021-01-25;829;1;9670;30;1.5;0.0
63;2021-01-26;972;2;10642;32;1.6;0.0
63;2021-01-27;1003;5;11645;37;1.8;0.0
63;2021-01-28;1320;67;12965;104;2.0;0.0
63;2021-01-29;1067;65;14032;169;2.1;0.0
63;2021-01-30;68;0;14100;169;2.1;0.0
63;2021-01-31;6;0;14106;169;2.1;0.0
63;2021-02-01;575;166;14681;335;2.2;0.1
63;2021-02-02;885;221;15566;556;2.4;0.1
63;2021-02-03;1474;273;17040;829;2.6;0.1
63;2021-02-04;2118;497;19158;1326;2.9;0.2
63;2021-02-05;1145;261;20303;1587;3.1;0.2
63;2021-02-06;117;0;20420;1587;3.1;0.2
63;2021-02-07;9;1;20429;1588;3.1;0.2
63;2021-02-08;538;364;20967;1952;3.2;0.3
63;2021-02-09;671;378;21638;2330;3.3;0.4
63;2021-02-10;608;556;22246;2886;3.4;0.4
63;2021-02-11;751;434;22997;3320;3.5;0.5
63;2021-02-12;820;759;23817;4079;3.6;0.6
63;2021-02-13;82;1;23899;4080;3.6;0.6
63;2021-02-14;0;65;23899;4145;3.6;0.6
63;2021-02-15;202;684;24101;4829;3.7;0.7
63;2021-02-16;409;1016;24510;5845;3.7;0.9
63;2021-02-17;352;739;24862;6584;3.8;1.0
63;2021-02-18;607;721;25469;7305;3.9;1.1
63;2021-02-19;449;856;25918;8161;3.9;1.2
63;2021-02-20;35;32;25953;8193;3.9;1.2
63;2021-02-21;2;17;25955;8210;3.9;1.2
63;2021-02-22;291;780;26246;8990;4.0;1.4
63;2021-02-23;580;986;26826;9976;4.1;1.5
63;2021-02-24;696;1307;27522;11283;4.2;1.7
63;2021-02-25;1603;1563;29125;12846;4.4;1.9
63;2021-02-26;1625;1270;30750;14116;4.7;2.1
63;2021-02-27;642;70;31392;14186;4.8;2.1
63;2021-02-28;4;177;31396;14363;4.8;2.2
63;2021-03-01;586;449;31982;14812;4.8;2.2
63;2021-03-02;906;733;32888;15545;5.0;2.4
63;2021-03-03;1036;655;33924;16200;5.1;2.5
63;2021-03-04;1753;460;35677;16660;5.4;2.5
63;2021-03-05;2612;659;38289;17319;5.8;2.6
63;2021-03-06;1551;54;39840;17373;6.0;2.6
63;2021-03-07;512;19;40352;17392;6.1;2.6
63;2021-03-08;967;621;41319;18013;6.3;2.7
63;2021-03-09;1538;1011;42857;19024;6.5;2.9
63;2021-03-10;1653;589;44510;19613;6.7;3.0
63;2021-03-11;3052;879;47562;20492;7.2;3.1
63;2021-03-12;3514;387;51076;20879;7.7;3.2
63;2021-03-13;2049;84;53125;20963;8.0;3.2
63;2021-03-14;61;22;53186;20985;8.1;3.2
63;2021-03-15;1766;367;54952;21352;8.3;3.2
63;2021-03-16;1746;408;56698;21760;8.6;3.3
63;2021-03-17;1642;677;58340;22437;8.8;3.4
63;2021-03-18;1941;738;60281;23175;9.1;3.5
63;2021-03-19;2742;492;63023;23667;9.5;3.6
63;2021-03-20;1121;71;64144;23738;9.7;3.6
63;2021-03-21;50;45;64194;23783;9.7;3.6
63;2021-03-22;1984;259;66178;24042;10.0;3.6
63;2021-03-23;2886;346;69064;24388;10.5;3.7
63;2021-03-24;3221;343;72285;24731;10.9;3.7
63;2021-03-25;4597;389;76882;25120;11.6;3.8
63;2021-03-26;4691;567;81573;25687;12.4;3.9
63;2021-03-27;2455;232;84028;25919;12.7;3.9
63;2021-03-28;1047;83;85075;26002;12.9;3.9
63;2021-03-29;2480;520;87555;26522;13.3;4.0
63;2021-03-30;3284;628;90839;27150;13.8;4.1
63;2021-03-31;2967;752;93806;27902;14.2;4.2
63;2021-04-01;3842;522;97648;28424;14.8;4.3
63;2021-04-02;3483;710;101131;29134;15.3;4.4
63;2021-04-03;1174;181;102305;29315;15.5;4.4
63;2021-04-04;877;27;103182;29342;15.6;4.4
63;2021-04-05;802;85;103984;29427;15.7;4.5
63;2021-04-06;2477;940;106461;30367;16.1;4.6
63;2021-04-07;3208;872;109669;31239;16.6;4.7
63;2021-04-08;4722;1222;114391;32461;17.3;4.9
63;2021-04-09;5314;1004;119705;33465;18.1;5.1
63;2021-04-10;2221;481;121926;33946;18.5;5.1
63;2021-04-11;834;39;122760;33985;18.6;5.1
63;2021-04-12;1597;1311;124357;35296;18.8;5.3
63;2021-04-13;1986;1962;126343;37258;19.1;5.6
63;2021-04-14;2630;1438;128973;38696;19.5;5.9
63;2021-04-15;3809;1542;132782;40238;20.1;6.1
63;2021-04-16;2841;2158;135623;42396;20.5;6.4
63;2021-04-17;1233;673;136856;43069;20.7;6.5
63;2021-04-18;803;61;137659;43130;20.8;6.5
63;2021-04-19;1656;2102;139315;45232;21.1;6.9
63;2021-04-20;1702;2298;141017;47530;21.4;7.2
63;2021-04-21;1518;2406;142535;49936;21.6;7.6
63;2021-04-22;1915;2261;144450;52197;21.9;7.9
63;2021-04-23;2018;3112;146468;55309;22.2;8.4
63;2021-04-24;1192;1127;147660;56436;22.4;8.5
63;2021-04-25;554;412;148214;56848;22.4;8.6
63;2021-04-26;1438;2241;149652;59089;22.7;8.9
63;2021-04-27;2327;2607;151979;61696;23.0;9.3
63;2021-04-28;2347;3165;154326;64861;23.4;9.8
63;2021-04-29;2882;2819;157208;67680;23.8;10.3
63;2021-04-30;2862;2813;160070;70493;24.2;10.7
63;2021-05-01;1128;1051;161198;71544;24.4;10.8
63;2021-05-02;897;640;162095;72184;24.6;10.9
63;2021-05-03;2685;2238;164780;74422;25.0;11.3
63;2021-05-04;2879;2697;167659;77119;25.4;11.7
63;2021-05-05;2935;3117;170594;80236;25.8;12.2
63;2021-05-06;3671;3051;174265;83287;26.4;12.6
63;2021-05-07;4033;3536;178298;86823;27.0;13.2
63;2021-05-08;2000;653;180298;87476;27.3;13.2
63;2021-05-09;1802;606;182100;88082;27.6;13.3
63;2021-05-10;4196;2762;186296;90844;28.2;13.8
63;2021-05-11;5338;2764;191634;93608;29.0;14.2
63;2021-05-12;5270;2907;196904;96515;29.8;14.6
63;2021-05-13;4132;699;201036;97214;30.4;14.7
63;2021-05-14;4772;1512;205808;98726;31.2;15.0
63;2021-05-15;3724;986;209532;99712;31.7;15.1
63;2021-05-16;3521;447;213053;100159;32.3;15.2
63;2021-05-17;3899;1990;216952;102149;32.9;15.5
63;2021-05-18;5120;1614;222072;103763;33.6;15.7
63;2021-05-19;5222;1626;227294;105389;34.4;16.0
63;2021-05-20;6801;2090;234095;107479;35.5;16.3
63;2021-05-21;6254;2332;240349;109811;36.4;16.6
63;2021-05-22;3353;849;243702;110660;36.9;16.8
63;2021-05-23;2385;244;246087;110904;37.3;16.8
63;2021-05-24;2639;580;248726;111484;37.7;16.9
63;2021-05-25;4269;2644;252995;114128;38.3;17.3
63;2021-05-26;5451;2416;258446;116544;39.1;17.7
63;2021-05-27;6503;2801;264949;119345;40.1;18.1
63;2021-05-28;5420;3885;270369;123230;41.0;18.7
63;2021-05-29;3360;1503;273729;124733;41.5;18.9
63;2021-05-30;1579;217;275308;124950;41.7;18.9
63;2021-05-31;4154;2282;279462;127232;42.3;19.3
63;2021-06-01;3806;2961;283268;130193;42.9;19.7
63;2021-06-02;3888;2526;287156;132719;43.5;20.1
63;2021-06-03;4903;3143;292059;135862;44.2;20.6
63;2021-06-04;5099;3622;297158;139484;45.0;21.1
63;2021-06-05;2814;1743;299972;141227;45.4;21.4
63;2021-06-06;1308;697;301280;141924;45.6;21.5
63;2021-06-07;3165;2515;304445;144439;46.1;21.9
63;2021-06-08;2879;2754;307324;147193;46.5;22.3
63;2021-06-09;3024;2276;310348;149469;47.0;22.6
63;2021-06-10;3226;2690;313574;152159;47.5;23.0
63;2021-06-11;3100;4048;316674;156207;48.0;23.7
63;2021-06-12;1637;1969;318311;158176;48.2;24.0
63;2021-06-13;482;1098;318793;159274;48.3;24.1
63;2021-06-14;1825;3472;320618;162746;48.6;24.6
63;2021-06-15;2210;3480;322828;166226;48.9;25.2
63;2021-06-16;2574;3313;325402;169539;49.3;25.7
63;2021-06-17;2400;4313;327802;173852;49.6;26.3
63;2021-06-18;2478;5828;330280;179680;50.0;27.2
63;2021-06-19;1640;2834;331920;182514;50.3;27.6
63;2021-06-20;677;2441;332597;184955;50.4;28.0
63;2021-06-21;1272;5387;333869;190342;50.6;28.8
63;2021-06-22;1233;5537;335102;195879;50.8;29.7
63;2021-06-23;1529;4764;336631;200643;51.0;30.4
63;2021-06-24;1926;5383;338557;206026;51.3;31.2
63;2021-06-25;1752;5898;340309;211924;51.5;32.1
63;2021-06-26;1073;3351;341382;215275;51.7;32.6
63;2021-06-27;713;3487;342095;218762;51.8;33.1
63;2021-06-28;1137;5663;343232;224425;52.0;34.0
63;2021-06-29;1225;5160;344457;229585;52.2;34.8
63;2021-06-30;1603;5292;346060;234877;52.4;35.6
63;2021-07-01;1915;8066;347975;242943;52.7;36.8
63;2021-07-02;2060;6543;350035;249486;53.0;37.8
63;2021-07-03;963;2928;350998;252414;53.2;38.2
63;2021-07-04;1064;1885;352062;254299;53.3;38.5
63;2021-07-05;1538;6281;353600;260580;53.6;39.5
63;2021-07-06;1602;4804;355202;265384;53.8;40.2
63;2021-07-07;1975;4085;357177;269469;54.1;40.8
63;2021-07-08;2207;4581;359384;274050;54.4;41.5
63;2021-07-09;1925;5721;361309;279771;54.7;42.4
63;2021-07-10;1534;3415;362843;283186;55.0;42.9
63;2021-07-11;910;1537;363753;284723;55.1;43.1
63;2021-07-12;1595;8704;365348;293427;55.3;44.4
63;2021-07-13;3601;6137;368949;299564;55.9;45.4
63;2021-07-14;3618;1790;372567;301354;56.4;45.6
63;2021-07-15;4414;5034;376981;306388;57.1;46.4
63;2021-07-16;4692;5785;381673;312173;57.8;47.3
63;2021-07-17;3013;2473;384686;314646;58.3;47.7
63;2021-07-18;2826;1089;387512;315735;58.7;47.8
63;2021-07-19;4002;4846;391514;320581;59.3;48.6
63;2021-07-20;4739;5456;396253;326037;60.0;49.4
63;2021-07-21;4791;3977;401044;330014;60.7;50.0
63;2021-07-22;5510;4401;406554;334415;61.6;50.7
63;2021-07-23;5159;4650;411713;339065;62.4;51.4
63;2021-07-24;3676;1951;415389;341016;62.9;51.7
63;2021-07-25;3065;1438;418454;342454;63.4;51.9
63;2021-07-26;4040;3228;422494;345682;64.0;52.4
63;2021-07-27;3934;3161;426428;348843;64.6;52.8
63;2021-07-28;3853;2716;430281;351559;65.2;53.2
63;2021-07-29;4455;3160;434736;354719;65.8;53.7
63;2021-07-30;3817;3574;438553;358293;66.4;54.3
63;2021-07-31;2161;1721;440714;360014;66.8;54.5
63;2021-08-01;1197;836;441911;360850;66.9;54.7
63;2021-08-02;2231;3067;444142;363917;67.3;55.1
63;2021-08-03;2739;3267;446881;367184;67.7;55.6
63;2021-08-04;2818;3243;449699;370427;68.1;56.1
63;2021-08-05;2443;3473;452142;373900;68.5;56.6
63;2021-08-06;2355;4153;454497;378053;68.8;57.3
63;2021-08-07;1307;2805;455804;380858;69.0;57.7
63;2021-08-08;324;1205;456128;382063;69.1;57.9
63;2021-08-09;1887;4223;458015;386286;69.4;58.5
63;2021-08-10;2220;3995;460235;390281;69.7;59.1
63;2021-08-11;2104;3629;462339;393910;70.0;59.7
63;2021-08-12;1948;4623;464287;398533;70.3;60.4
63;2021-08-13;1680;4010;465967;402543;70.6;61.0
63;2021-08-14;841;3237;466808;405780;70.7;61.5
63;2021-08-15;183;1450;466991;407230;70.7;61.7
63;2021-08-16;1228;4394;468219;411624;70.9;62.3
63;2021-08-17;1627;4052;469846;415676;71.2;63.0
63;2021-08-18;1462;3304;471308;418980;71.4;63.5
63;2021-08-19;1322;3446;472630;422426;71.6;64.0
63;2021-08-20;1372;3712;474002;426138;71.8;64.5
63;2021-08-21;674;2166;474676;428304;71.9;64.9
63;2021-08-22;212;1092;474888;429396;71.9;65.0
63;2021-08-23;1055;3589;475943;432985;72.1;65.6
63;2021-08-24;1083;2985;477026;435970;72.3;66.0
63;2021-08-25;1001;2790;478027;438760;72.4;66.5
63;2021-08-26;1126;2705;479153;441465;72.6;66.9
63;2021-08-27;1143;3159;480296;444624;72.7;67.3
63;2021-08-28;695;1707;480991;446331;72.9;67.6
63;2021-08-29;107;577;481098;446908;72.9;67.7
63;2021-08-30;786;2442;481884;449350;73.0;68.1
63;2021-08-31;984;2564;482868;451914;73.1;68.4
63;2021-09-01;913;2134;483781;454048;73.3;68.8
63;2021-09-02;812;2196;484593;456244;73.4;69.1
63;2021-09-03;903;2659;485496;458903;73.5;69.5
63;2021-09-04;707;1536;486203;460439;73.6;69.7
63;2021-09-05;80;273;486283;460712;73.7;69.8
63;2021-09-06;553;1605;486836;462317;73.7;70.0
63;2021-09-07;649;1739;487485;464056;73.8;70.3
63;2021-09-08;696;1784;488181;465840;73.9;70.6
64;2020-12-27;1;0;1;0;0.0;0.0
64;2020-12-28;2;0;3;0;0.0;0.0
64;2020-12-29;0;0;3;0;0.0;0.0
64;2020-12-30;0;0;3;0;0.0;0.0
64;2020-12-31;0;0;3;0;0.0;0.0
64;2021-01-01;0;0;3;0;0.0;0.0
64;2021-01-02;0;0;3;0;0.0;0.0
64;2021-01-03;0;0;3;0;0.0;0.0
64;2021-01-04;29;0;32;0;0.0;0.0
64;2021-01-05;25;0;57;0;0.0;0.0
64;2021-01-06;188;0;245;0;0.0;0.0
64;2021-01-07;842;1;1087;1;0.2;0.0
64;2021-01-08;880;2;1967;3;0.3;0.0
64;2021-01-09;54;0;2021;3;0.3;0.0
64;2021-01-10;2;0;2023;3;0.3;0.0
64;2021-01-11;543;0;2566;3;0.4;0.0
64;2021-01-12;760;3;3326;6;0.5;0.0
64;2021-01-13;865;2;4191;8;0.6;0.0
64;2021-01-14;1045;3;5236;11;0.8;0.0
64;2021-01-15;929;3;6165;14;0.9;0.0
64;2021-01-16;70;0;6235;14;0.9;0.0
64;2021-01-17;5;0;6240;14;0.9;0.0
64;2021-01-18;942;6;7182;20;1.1;0.0
64;2021-01-19;1448;3;8630;23;1.3;0.0
64;2021-01-20;1617;3;10247;26;1.5;0.0
64;2021-01-21;2604;1;12851;27;1.9;0.0
64;2021-01-22;1651;3;14502;30;2.1;0.0
64;2021-01-23;524;1;15026;31;2.2;0.0
64;2021-01-24;89;0;15115;31;2.2;0.0
64;2021-01-25;974;7;16089;38;2.4;0.0
64;2021-01-26;1358;21;17447;59;2.6;0.0
64;2021-01-27;1243;116;18690;175;2.7;0.0
64;2021-01-28;1649;618;20339;793;3.0;0.1
64;2021-01-29;973;635;21312;1428;3.1;0.2
64;2021-01-30;468;55;21780;1483;3.2;0.2
64;2021-01-31;92;0;21872;1483;3.2;0.2
64;2021-02-01;674;297;22546;1780;3.3;0.3
64;2021-02-02;1134;535;23680;2315;3.5;0.3
64;2021-02-03;1042;624;24722;2939;3.6;0.4
64;2021-02-04;1027;522;25749;3461;3.8;0.5
64;2021-02-05;867;451;26616;3912;3.9;0.6
64;2021-02-06;501;32;27117;3944;4.0;0.6
64;2021-02-07;131;4;27248;3948;4.0;0.6
64;2021-02-08;769;285;28017;4233;4.1;0.6
64;2021-02-09;947;687;28964;4920;4.2;0.7
64;2021-02-10;916;765;29880;5685;4.4;0.8
64;2021-02-11;1200;1460;31080;7145;4.5;1.0
64;2021-02-12;1076;1008;32156;8153;4.7;1.2
64;2021-02-13;225;243;32381;8396;4.7;1.2
64;2021-02-14;37;35;32418;8431;4.7;1.2
64;2021-02-15;221;959;32639;9390;4.8;1.4
64;2021-02-16;260;1258;32899;10648;4.8;1.6
64;2021-02-17;290;1084;33189;11732;4.9;1.7
64;2021-02-18;508;1546;33697;13278;4.9;1.9
64;2021-02-19;415;1109;34112;14387;5.0;2.1
64;2021-02-20;119;356;34231;14743;5.0;2.2
64;2021-02-21;20;73;34251;14816;5.0;2.2
64;2021-02-22;477;840;34728;15656;5.1;2.3
64;2021-02-23;720;998;35448;16654;5.2;2.4
64;2021-02-24;731;906;36179;17560;5.3;2.6
64;2021-02-25;1094;840;37273;18400;5.5;2.7
64;2021-02-26;1216;806;38489;19206;5.6;2.8
64;2021-02-27;864;340;39353;19546;5.8;2.9
64;2021-02-28;42;67;39395;19613;5.8;2.9
64;2021-03-01;766;708;40161;20321;5.9;3.0
64;2021-03-02;1079;830;41240;21151;6.0;3.1
64;2021-03-03;1251;917;42491;22068;6.2;3.2
64;2021-03-04;1879;1137;44370;23205;6.5;3.4
64;2021-03-05;2197;1012;46567;24217;6.8;3.5
64;2021-03-06;1543;481;48110;24698;7.0;3.6
64;2021-03-07;596;100;48706;24798;7.1;3.6
64;2021-03-08;1535;726;50241;25524;7.4;3.7
64;2021-03-09;2069;816;52310;26340;7.7;3.9
64;2021-03-10;2082;745;54392;27085;8.0;4.0
64;2021-03-11;2972;1043;57364;28128;8.4;4.1
64;2021-03-12;3486;587;60850;28715;8.9;4.2
64;2021-03-13;2257;163;63107;28878;9.2;4.2
64;2021-03-14;233;15;63340;28893;9.3;4.2
64;2021-03-15;2334;221;65674;29114;9.6;4.3
64;2021-03-16;1993;263;67667;29377;9.9;4.3
64;2021-03-17;2072;237;69739;29614;10.2;4.3
64;2021-03-18;2464;207;72203;29821;10.6;4.4
64;2021-03-19;3014;285;75217;30106;11.0;4.4
64;2021-03-20;2468;91;77685;30197;11.4;4.4
64;2021-03-21;1280;27;78965;30224;11.6;4.4
64;2021-03-22;2589;543;81554;30767;11.9;4.5
64;2021-03-23;3198;645;84752;31412;12.4;4.6
64;2021-03-24;3564;697;88316;32109;12.9;4.7
64;2021-03-25;4351;800;92667;32909;13.6;4.8
64;2021-03-26;4429;697;97096;33606;14.2;4.9
64;2021-03-27;2973;432;100069;34038;14.6;5.0
64;2021-03-28;521;56;100590;34094;14.7;5.0
64;2021-03-29;3028;879;103618;34973;15.2;5.1
64;2021-03-30;4137;867;107755;35840;15.8;5.2
64;2021-03-31;3593;788;111348;36628;16.3;5.4
64;2021-04-01;4783;938;116131;37566;17.0;5.5
64;2021-04-02;4446;744;120577;38310;17.6;5.6
64;2021-04-03;2060;585;122637;38895;18.0;5.7
64;2021-04-04;309;49;122946;38944;18.0;5.7
64;2021-04-05;1689;142;124635;39086;18.2;5.7
64;2021-04-06;3654;1388;128289;40474;18.8;5.9
64;2021-04-07;3949;1510;132238;41984;19.4;6.1
64;2021-04-08;5195;1595;137433;43579;20.1;6.4
64;2021-04-09;5900;1639;143333;45218;21.0;6.6
64;2021-04-10;3222;1049;146555;46267;21.5;6.8
64;2021-04-11;447;251;147002;46518;21.5;6.8
64;2021-04-12;4047;1863;151049;48381;22.1;7.1
64;2021-04-13;4464;2166;155513;50547;22.8;7.4
64;2021-04-14;4089;2135;159602;52682;23.4;7.7
64;2021-04-15;4395;2294;163997;54976;24.0;8.0
64;2021-04-16;4298;2256;168295;57232;24.6;8.4
64;2021-04-17;2480;1496;170775;58728;25.0;8.6
64;2021-04-18;1096;1181;171871;59909;25.2;8.8
64;2021-04-19;2733;2441;174604;62350;25.6;9.1
64;2021-04-20;3209;2427;177813;64777;26.0;9.5
64;2021-04-21;3225;2562;181038;67339;26.5;9.9
64;2021-04-22;3389;2782;184427;70121;27.0;10.3
64;2021-04-23;3433;2612;187860;72733;27.5;10.6
64;2021-04-24;2067;1588;189927;74321;27.8;10.9
64;2021-04-25;290;237;190217;74558;27.8;10.9
64;2021-04-26;2659;2645;192876;77203;28.2;11.3
64;2021-04-27;3061;3130;195937;80333;28.7;11.8
64;2021-04-28;3605;3056;199542;83389;29.2;12.2
64;2021-04-29;4653;3457;204195;86846;29.9;12.7
64;2021-04-30;4085;3607;208280;90453;30.5;13.2
64;2021-05-01;1485;1030;209765;91483;30.7;13.4
64;2021-05-02;446;325;210211;91808;30.8;13.4
64;2021-05-03;2909;3520;213120;95328;31.2;14.0
64;2021-05-04;3645;3986;216765;99314;31.7;14.5
64;2021-05-05;3360;4012;220125;103326;32.2;15.1
64;2021-05-06;4109;3988;224234;107314;32.8;15.7
64;2021-05-07;3922;4190;228156;111504;33.4;16.3
64;2021-05-08;2621;1236;230777;112740;33.8;16.5
64;2021-05-09;720;305;231497;113045;33.9;16.5
64;2021-05-10;2862;4236;234359;117281;34.3;17.2
64;2021-05-11;4186;4143;238545;121424;34.9;17.8
64;2021-05-12;4486;3942;243031;125366;35.6;18.4
64;2021-05-13;3199;886;246230;126252;36.0;18.5
64;2021-05-14;5153;3150;251383;129402;36.8;18.9
64;2021-05-15;3526;1866;254909;131268;37.3;19.2
64;2021-05-16;498;225;255407;131493;37.4;19.2
64;2021-05-17;4193;2387;259600;133880;38.0;19.6
64;2021-05-18;5166;2305;264766;136185;38.8;19.9
64;2021-05-19;4978;2164;269744;138349;39.5;20.3
64;2021-05-20;5571;2159;275315;140508;40.3;20.6
64;2021-05-21;5273;2247;280588;142755;41.1;20.9
64;2021-05-22;3582;1509;284170;144264;41.6;21.1
64;2021-05-23;431;206;284601;144470;41.7;21.1
64;2021-05-24;2997;1231;287598;145701;42.1;21.3
64;2021-05-25;4334;2851;291932;148552;42.7;21.7
64;2021-05-26;4356;2714;296288;151266;43.4;22.1
64;2021-05-27;5285;3157;301573;154423;44.1;22.6
64;2021-05-28;4620;3432;306193;157855;44.8;23.1
64;2021-05-29;2811;2113;309004;159968;45.2;23.4
64;2021-05-30;439;203;309443;160171;45.3;23.4
64;2021-05-31;3891;3671;313334;163842;45.9;24.0
64;2021-06-01;5339;3569;318673;167411;46.6;24.5
64;2021-06-02;4934;3177;323607;170588;47.4;25.0
64;2021-06-03;6367;3263;329974;173851;48.3;25.4
64;2021-06-04;5151;4556;335125;178407;49.1;26.1
64;2021-06-05;3485;2524;338610;180931;49.6;26.5
64;2021-06-06;2014;328;340624;181259;49.9;26.5
64;2021-06-07;4130;4332;344754;185591;50.5;27.2
64;2021-06-08;5155;4120;349909;189711;51.2;27.8
64;2021-06-09;5153;3659;355062;193370;52.0;28.3
64;2021-06-10;6181;3145;361243;196515;52.9;28.8
64;2021-06-11;5590;4875;366833;201390;53.7;29.5
64;2021-06-12;3951;2329;370784;203719;54.3;29.8
64;2021-06-13;1556;392;372340;204111;54.5;29.9
64;2021-06-14;3671;4793;376011;208904;55.0;30.6
64;2021-06-15;4576;4708;380587;213612;55.7;31.3
64;2021-06-16;4471;4667;385058;218279;56.4;32.0
64;2021-06-17;3643;4305;388701;222584;56.9;32.6
64;2021-06-18;4424;5172;393125;227756;57.5;33.3
64;2021-06-19;2985;3284;396110;231040;58.0;33.8
64;2021-06-20;881;539;396991;231579;58.1;33.9
64;2021-06-21;2315;5124;399306;236703;58.4;34.6
64;2021-06-22;2559;5729;401865;242432;58.8;35.5
64;2021-06-23;3105;5483;404970;247915;59.3;36.3
64;2021-06-24;2720;3809;407690;251724;59.7;36.8
64;2021-06-25;2902;6436;410592;258160;60.1;37.8
64;2021-06-26;1799;3838;412391;261998;60.4;38.4
64;2021-06-27;492;713;412883;262711;60.4;38.5
64;2021-06-28;1935;6069;414818;268780;60.7;39.3
64;2021-06-29;1965;6268;416783;275048;61.0;40.3
64;2021-06-30;2255;6002;419038;281050;61.3;41.1
64;2021-07-01;2413;5344;421451;286394;61.7;41.9
64;2021-07-02;2305;6407;423756;292801;62.0;42.9
64;2021-07-03;1263;3783;425019;296584;62.2;43.4
64;2021-07-04;411;847;425430;297431;62.3;43.5
64;2021-07-05;1379;5411;426809;302842;62.5;44.3
64;2021-07-06;1997;6151;428806;308993;62.8;45.2
64;2021-07-07;2065;5752;430871;314745;63.1;46.1
64;2021-07-08;1802;4398;432673;319143;63.3;46.7
64;2021-07-09;1824;6540;434497;325683;63.6;47.7
64;2021-07-10;1171;3882;435668;329565;63.8;48.2
64;2021-07-11;253;860;435921;330425;63.8;48.4
64;2021-07-12;1502;6088;437423;336513;64.0;49.3
64;2021-07-13;2365;7251;439788;343764;64.4;50.3
64;2021-07-14;2372;3406;442160;347170;64.7;50.8
64;2021-07-15;2104;5482;444264;352652;65.0;51.6
64;2021-07-16;2848;6774;447112;359426;65.4;52.6
64;2021-07-17;2338;4586;449450;364012;65.8;53.3
64;2021-07-18;716;2050;450166;366062;65.9;53.6
64;2021-07-19;2350;6122;452516;372184;66.2;54.5
64;2021-07-20;3127;6553;455643;378737;66.7;55.4
64;2021-07-21;3346;6048;458989;384785;67.2;56.3
64;2021-07-22;3815;5719;462804;390504;67.7;57.2
64;2021-07-23;3726;5621;466530;396125;68.3;58.0
64;2021-07-24;2547;4430;469077;400555;68.7;58.6
64;2021-07-25;753;1062;469830;401617;68.8;58.8
64;2021-07-26;3089;5134;472919;406751;69.2;59.5
64;2021-07-27;4265;5144;477184;411895;69.8;60.3
64;2021-07-28;4316;4596;481500;416491;70.5;61.0
64;2021-07-29;5521;3902;487021;420393;71.3;61.5
64;2021-07-30;5149;4224;492170;424617;72.0;62.2
64;2021-07-31;3172;3347;495342;427964;72.5;62.6
64;2021-08-01;1145;586;496487;428550;72.7;62.7
64;2021-08-02;4356;2650;500843;431200;73.3;63.1
64;2021-08-03;4549;3175;505392;434375;74.0;63.6
64;2021-08-04;4130;2997;509522;437372;74.6;64.0
64;2021-08-05;4020;2615;513542;439987;75.2;64.4
64;2021-08-06;3841;3340;517383;443327;75.7;64.9
64;2021-08-07;2481;2700;519864;446027;76.1;65.3
64;2021-08-08;489;609;520353;446636;76.2;65.4
64;2021-08-09;2736;3199;523089;449835;76.6;65.8
64;2021-08-10;3348;3434;526437;453269;77.1;66.3
64;2021-08-11;3063;3265;529500;456534;77.5;66.8
64;2021-08-12;3185;3303;532685;459837;78.0;67.3
64;2021-08-13;2560;3657;535245;463494;78.3;67.8
64;2021-08-14;1628;2682;536873;466176;78.6;68.2
64;2021-08-15;203;691;537076;466867;78.6;68.3
64;2021-08-16;2100;3233;539176;470100;78.9;68.8
64;2021-08-17;2284;3702;541460;473802;79.3;69.4
64;2021-08-18;2034;3518;543494;477320;79.6;69.9
64;2021-08-19;1928;3527;545422;480847;79.8;70.4
64;2021-08-20;1574;3975;546996;484822;80.1;71.0
64;2021-08-21;969;2882;547965;487704;80.2;71.4
64;2021-08-22;160;893;548125;488597;80.2;71.5
64;2021-08-23;1255;3238;549380;491835;80.4;72.0
64;2021-08-24;1371;4593;550751;496428;80.6;72.7
64;2021-08-25;1253;3744;552004;500172;80.8;73.2
64;2021-08-26;1100;3532;553104;503704;81.0;73.7
64;2021-08-27;1187;4226;554291;507930;81.1;74.3
64;2021-08-28;731;2496;555022;510426;81.2;74.7
64;2021-08-29;90;533;555112;510959;81.3;74.8
64;2021-08-30;984;3608;556096;514567;81.4;75.3
64;2021-08-31;989;3972;557085;518539;81.5;75.9
64;2021-09-01;913;3192;557998;521731;81.7;76.4
64;2021-09-02;892;3261;558890;524992;81.8;76.8
64;2021-09-03;865;3200;559755;528192;81.9;77.3
64;2021-09-04;694;2241;560449;530433;82.0;77.6
64;2021-09-05;74;267;560523;530700;82.0;77.7
64;2021-09-06;527;2583;561050;533283;82.1;78.1
64;2021-09-07;709;2337;561759;535620;82.2;78.4
64;2021-09-08;728;2831;562487;538451;82.3;78.8
65;2020-12-27;0;0;0;0;0.0;0.0
65;2020-12-28;1;0;1;0;0.0;0.0
65;2020-12-29;0;0;1;0;0.0;0.0
65;2020-12-30;0;0;1;0;0.0;0.0
65;2020-12-31;0;0;1;0;0.0;0.0
65;2021-01-01;1;0;2;0;0.0;0.0
65;2021-01-02;0;0;2;0;0.0;0.0
65;2021-01-03;0;0;2;0;0.0;0.0
65;2021-01-04;0;0;2;0;0.0;0.0
65;2021-01-05;1;0;3;0;0.0;0.0
65;2021-01-06;3;0;6;0;0.0;0.0
65;2021-01-07;167;0;173;0;0.1;0.0
65;2021-01-08;253;1;426;1;0.2;0.0
65;2021-01-09;177;1;603;2;0.3;0.0
65;2021-01-10;1;0;604;2;0.3;0.0
65;2021-01-11;275;3;879;5;0.4;0.0
65;2021-01-12;272;1;1151;6;0.5;0.0
65;2021-01-13;587;1;1738;7;0.8;0.0
65;2021-01-14;579;5;2317;12;1.0;0.0
65;2021-01-15;527;2;2844;14;1.3;0.0
65;2021-01-16;221;2;3065;16;1.4;0.0
65;2021-01-17;1;0;3066;16;1.4;0.0
65;2021-01-18;553;4;3619;20;1.6;0.0
65;2021-01-19;570;2;4189;22;1.8;0.0
65;2021-01-20;585;5;4774;27;2.1;0.0
65;2021-01-21;584;0;5358;27;2.4;0.0
65;2021-01-22;598;0;5956;27;2.6;0.0
65;2021-01-23;174;1;6130;28;2.7;0.0
65;2021-01-24;3;1;6133;29;2.7;0.0
65;2021-01-25;551;4;6684;33;2.9;0.0
65;2021-01-26;882;2;7566;35;3.3;0.0
65;2021-01-27;588;11;8154;46;3.6;0.0
65;2021-01-28;508;70;8662;116;3.8;0.1
65;2021-01-29;426;135;9088;251;4.0;0.1
65;2021-01-30;183;72;9271;323;4.1;0.1
65;2021-01-31;15;0;9286;323;4.1;0.1
65;2021-02-01;324;79;9610;402;4.2;0.2
65;2021-02-02;419;162;10029;564;4.4;0.2
65;2021-02-03;463;232;10492;796;4.6;0.4
65;2021-02-04;307;285;10799;1081;4.8;0.5
65;2021-02-05;284;335;11083;1416;4.9;0.6
65;2021-02-06;99;75;11182;1491;4.9;0.7
65;2021-02-07;10;0;11192;1491;4.9;0.7
65;2021-02-08;426;198;11618;1689;5.1;0.7
65;2021-02-09;272;331;11890;2020;5.2;0.9
65;2021-02-10;298;228;12188;2248;5.4;1.0
65;2021-02-11;320;240;12508;2488;5.5;1.1
65;2021-02-12;277;191;12785;2679;5.6;1.2
65;2021-02-13;125;83;12910;2762;5.7;1.2
65;2021-02-14;3;15;12913;2777;5.7;1.2
65;2021-02-15;202;343;13115;3120;5.8;1.4
65;2021-02-16;489;490;13604;3610;6.0;1.6
65;2021-02-17;231;427;13835;4037;6.1;1.8
65;2021-02-18;285;516;14120;4553;6.2;2.0
65;2021-02-19;156;400;14276;4953;6.3;2.2
65;2021-02-20;53;145;14329;5098;6.3;2.2
65;2021-02-21;3;48;14332;5146;6.3;2.3
65;2021-02-22;166;465;14498;5611;6.4;2.5
65;2021-02-23;249;470;14747;6081;6.5;2.7
65;2021-02-24;232;566;14979;6647;6.6;2.9
65;2021-02-25;212;166;15191;6813;6.7;3.0
65;2021-02-26;350;691;15541;7504;6.9;3.3
65;2021-02-27;109;184;15650;7688;6.9;3.4
65;2021-02-28;1;0;15651;7688;6.9;3.4
65;2021-03-01;378;351;16029;8039;7.1;3.5
65;2021-03-02;454;321;16483;8360;7.3;3.7
65;2021-03-03;381;355;16864;8715;7.4;3.8
65;2021-03-04;695;301;17559;9016;7.7;4.0
65;2021-03-05;678;267;18237;9283;8.0;4.1
65;2021-03-06;1187;81;19424;9364;8.6;4.1
65;2021-03-07;258;12;19682;9376;8.7;4.1
65;2021-03-08;412;328;20094;9704;8.9;4.3
65;2021-03-09;669;324;20763;10028;9.2;4.4
65;2021-03-10;625;360;21388;10388;9.4;4.6
65;2021-03-11;778;351;22166;10739;9.8;4.7
65;2021-03-12;1058;188;23224;10927;10.2;4.8
65;2021-03-13;354;91;23578;11018;10.4;4.9
65;2021-03-14;3;30;23581;11048;10.4;4.9
65;2021-03-15;816;184;24397;11232;10.8;5.0
65;2021-03-16;692;216;25089;11448;11.1;5.0
65;2021-03-17;711;201;25800;11649;11.4;5.1
65;2021-03-18;536;233;26336;11882;11.6;5.2
65;2021-03-19;878;161;27214;12043;12.0;5.3
65;2021-03-20;245;43;27459;12086;12.1;5.3
65;2021-03-21;12;2;27471;12088;12.1;5.3
65;2021-03-22;735;149;28206;12237;12.4;5.4
65;2021-03-23;837;361;29043;12598;12.8;5.6
65;2021-03-24;867;251;29910;12849;13.2;5.7
65;2021-03-25;1253;188;31163;13037;13.7;5.7
65;2021-03-26;1225;139;32388;13176;14.3;5.8
65;2021-03-27;1357;93;33745;13269;14.9;5.8
65;2021-03-28;1;1;33746;13270;14.9;5.8
65;2021-03-29;1492;358;35238;13628;15.5;6.0
65;2021-03-30;1357;406;36595;14034;16.1;6.2
65;2021-03-31;1208;368;37803;14402;16.7;6.3
65;2021-04-01;1510;394;39313;14796;17.3;6.5
65;2021-04-02;1684;286;40997;15082;18.1;6.6
65;2021-04-03;247;45;41244;15127;18.2;6.7
65;2021-04-04;4;2;41248;15129;18.2;6.7
65;2021-04-05;158;44;41406;15173;18.3;6.7
65;2021-04-06;1295;492;42701;15665;18.8;6.9
65;2021-04-07;1959;459;44660;16124;19.7;7.1
65;2021-04-08;1642;414;46302;16538;20.4;7.3
65;2021-04-09;1644;471;47946;17009;21.1;7.5
65;2021-04-10;1591;149;49537;17158;21.8;7.6
65;2021-04-11;3;0;49540;17158;21.8;7.6
65;2021-04-12;1350;735;50890;17893;22.4;7.9
65;2021-04-13;1575;589;52465;18482;23.1;8.1
65;2021-04-14;1904;744;54369;19226;24.0;8.5
65;2021-04-15;1700;671;56069;19897;24.7;8.8
65;2021-04-16;1824;527;57893;20424;25.5;9.0
65;2021-04-17;2156;132;60049;20556;26.5;9.1
65;2021-04-18;7;27;60056;20583;26.5;9.1
65;2021-04-19;1337;766;61393;21349;27.1;9.4
65;2021-04-20;1530;708;62923;22057;27.7;9.7
65;2021-04-21;1054;1044;63977;23101;28.2;10.2
65;2021-04-22;1646;724;65623;23825;28.9;10.5
65;2021-04-23;1160;1146;66783;24971;29.4;11.0
65;2021-04-24;1264;610;68047;25581;30.0;11.3
65;2021-04-25;31;15;68078;25596;30.0;11.3
65;2021-04-26;1609;1295;69687;26891;30.7;11.9
65;2021-04-27;1423;1337;71110;28228;31.3;12.4
65;2021-04-28;1731;1023;72841;29251;32.1;12.9
65;2021-04-29;1959;1035;74800;30286;33.0;13.4
65;2021-04-30;1782;922;76582;31208;33.8;13.8
65;2021-05-01;1574;229;78156;31437;34.5;13.9
65;2021-05-02;671;24;78827;31461;34.8;13.9
65;2021-05-03;1280;1619;80107;33080;35.3;14.6
65;2021-05-04;1535;1243;81642;34323;36.0;15.1
65;2021-05-05;1373;1641;83015;35964;36.6;15.9
65;2021-05-06;1558;1177;84573;37141;37.3;16.4
65;2021-05-07;1274;1568;85847;38709;37.8;17.1
65;2021-05-08;1647;443;87494;39152;38.6;17.3
65;2021-05-09;0;89;87494;39241;38.6;17.3
65;2021-05-10;954;1883;88448;41124;39.0;18.1
65;2021-05-11;1059;1808;89507;42932;39.5;18.9
65;2021-05-12;1236;1635;90743;44567;40.0;19.6
65;2021-05-13;1345;170;92088;44737;40.6;19.7
65;2021-05-14;1575;1094;93663;45831;41.3;20.2
65;2021-05-15;1401;509;95064;46340;41.9;20.4
65;2021-05-16;1444;70;96508;46410;42.5;20.5
65;2021-05-17;1036;1616;97544;48026;43.0;21.2
65;2021-05-18;1613;1207;99157;49233;43.7;21.7
65;2021-05-19;1685;1009;100842;50242;44.5;22.1
65;2021-05-20;1845;1054;102687;51296;45.3;22.6
65;2021-05-21;1791;1231;104478;52527;46.1;23.2
65;2021-05-22;1287;638;105765;53165;46.6;23.4
65;2021-05-23;689;32;106454;53197;46.9;23.5
65;2021-05-24;703;77;107157;53274;47.2;23.5
65;2021-05-25;1358;1548;108515;54822;47.8;24.2
65;2021-05-26;1472;1353;109987;56175;48.5;24.8
65;2021-05-27;1622;1464;111609;57639;49.2;25.4
65;2021-05-28;1600;1671;113209;59310;49.9;26.1
65;2021-05-29;1188;1515;114397;60825;50.4;26.8
65;2021-05-30;7;10;114404;60835;50.4;26.8
65;2021-05-31;1325;1299;115729;62134;51.0;27.4
65;2021-06-01;1833;936;117562;63070;51.8;27.8
65;2021-06-02;1575;950;119137;64020;52.5;28.2
65;2021-06-03;1341;1104;120478;65124;53.1;28.7
65;2021-06-04;1791;1560;122269;66684;53.9;29.4
65;2021-06-05;433;1240;122702;67924;54.1;29.9
65;2021-06-06;3;13;122705;67937;54.1;29.9
65;2021-06-07;674;1984;123379;69921;54.4;30.8
65;2021-06-08;956;1535;124335;71456;54.8;31.5
65;2021-06-09;827;1548;125162;73004;55.2;32.2
65;2021-06-10;740;1155;125902;74159;55.5;32.7
65;2021-06-11;911;1802;126813;75961;55.9;33.5
65;2021-06-12;150;640;126963;76601;56.0;33.8
65;2021-06-13;5;7;126968;76608;56.0;33.8
65;2021-06-14;502;2422;127470;79030;56.2;34.8
65;2021-06-15;942;1803;128412;80833;56.6;35.6
65;2021-06-16;1065;1366;129477;82199;57.1;36.2
65;2021-06-17;814;1048;130291;83247;57.4;36.7
65;2021-06-18;1017;1632;131308;84879;57.9;37.4
65;2021-06-19;691;1689;131999;86568;58.2;38.2
65;2021-06-20;2;2;132001;86570;58.2;38.2
65;2021-06-21;735;1940;132736;88510;58.5;39.0
65;2021-06-22;1046;1479;133782;89989;59.0;39.7
65;2021-06-23;1064;1233;134846;91222;59.4;40.2
65;2021-06-24;959;1144;135805;92366;59.9;40.7
65;2021-06-25;831;1967;136636;94333;60.2;41.6
65;2021-06-26;168;1658;136804;95991;60.3;42.3
65;2021-06-27;15;1100;136819;97091;60.3;42.8
65;2021-06-28;444;2301;137263;99392;60.5;43.8
65;2021-06-29;685;1920;137948;101312;60.8;44.7
65;2021-06-30;933;1679;138881;102991;61.2;45.4
65;2021-07-01;606;752;139487;103743;61.5;45.7
65;2021-07-02;1167;1734;140654;105477;62.0;46.5
65;2021-07-03;197;1916;140851;107393;62.1;47.3
65;2021-07-04;416;186;141267;107579;62.3;47.4
65;2021-07-05;640;1992;141907;109571;62.6;48.3
65;2021-07-06;897;2126;142804;111697;63.0;49.2
65;2021-07-07;976;1516;143780;113213;63.4;49.9
65;2021-07-08;326;663;144106;113876;63.5;50.2
65;2021-07-09;550;1594;144656;115470;63.8;50.9
65;2021-07-10;302;956;144958;116426;63.9;51.3
65;2021-07-11;0;0;144958;116426;63.9;51.3
65;2021-07-12;480;2222;145438;118648;64.1;52.3
65;2021-07-13;700;2148;146138;120796;64.4;53.3
65;2021-07-14;214;52;146352;120848;64.5;53.3
65;2021-07-15;1048;1662;147400;122510;65.0;54.0
65;2021-07-16;1186;1883;148586;124393;65.5;54.8
65;2021-07-17;431;543;149017;124936;65.7;55.1
65;2021-07-18;22;11;149039;124947;65.7;55.1
65;2021-07-19;633;1496;149672;126443;66.0;55.7
65;2021-07-20;1447;1705;151119;128148;66.6;56.5
65;2021-07-21;1419;1661;152538;129809;67.2;57.2
65;2021-07-22;2197;1291;154735;131100;68.2;57.8
65;2021-07-23;1623;1791;156358;132891;68.9;58.6
65;2021-07-24;1043;649;157401;133540;69.4;58.9
65;2021-07-25;24;21;157425;133561;69.4;58.9
65;2021-07-26;1143;1245;158568;134806;69.9;59.4
65;2021-07-27;1793;1954;160361;136760;70.7;60.3
65;2021-07-28;1602;1323;161963;138083;71.4;60.9
65;2021-07-29;2895;1137;164858;139220;72.7;61.4
65;2021-07-30;2450;1397;167308;140617;73.8;62.0
65;2021-07-31;2304;356;169612;140973;74.8;62.1
65;2021-08-01;14;16;169626;140989;74.8;62.2
65;2021-08-02;991;834;170617;141823;75.2;62.5
65;2021-08-03;2102;1069;172719;142892;76.1;63.0
65;2021-08-04;1802;640;174521;143532;76.9;63.3
65;2021-08-05;1819;833;176340;144365;77.7;63.6
65;2021-08-06;1666;971;178006;145336;78.5;64.1
65;2021-08-07;728;485;178734;145821;78.8;64.3
65;2021-08-08;2;9;178736;145830;78.8;64.3
65;2021-08-09;699;943;179435;146773;79.1;64.7
65;2021-08-10;1191;1544;180626;148317;79.6;65.4
65;2021-08-11;729;1265;181355;149582;79.9;65.9
65;2021-08-12;778;1083;182133;150665;80.3;66.4
65;2021-08-13;423;1009;182556;151674;80.5;66.9
65;2021-08-14;597;566;183153;152240;80.7;67.1
65;2021-08-15;7;19;183160;152259;80.7;67.1
65;2021-08-16;402;1535;183562;153794;80.9;67.8
65;2021-08-17;732;2176;184294;155970;81.2;68.8
65;2021-08-18;594;1544;184888;157514;81.5;69.4
65;2021-08-19;722;1314;185610;158828;81.8;70.0
65;2021-08-20;446;1337;186056;160165;82.0;70.6
65;2021-08-21;39;105;186095;160270;82.0;70.7
65;2021-08-22;11;13;186106;160283;82.0;70.7
65;2021-08-23;262;1682;186368;161965;82.2;71.4
65;2021-08-24;544;2445;186912;164410;82.4;72.5
65;2021-08-25;413;1959;187325;166369;82.6;73.3
65;2021-08-26;453;2306;187778;168675;82.8;74.4
65;2021-08-27;434;1945;188212;170620;83.0;75.2
65;2021-08-28;160;194;188372;170814;83.0;75.3
65;2021-08-29;9;18;188381;170832;83.0;75.3
65;2021-08-30;257;1055;188638;171887;83.2;75.8
65;2021-08-31;461;1589;189099;173476;83.4;76.5
65;2021-09-01;452;1163;189551;174639;83.6;77.0
65;2021-09-02;354;1009;189905;175648;83.7;77.4
65;2021-09-03;441;1246;190346;176894;83.9;78.0
65;2021-09-04;163;909;190509;177803;84.0;78.4
65;2021-09-05;12;35;190521;177838;84.0;78.4
65;2021-09-06;274;759;190795;178597;84.1;78.7
65;2021-09-07;312;1190;191107;179787;84.2;79.3
65;2021-09-08;334;1032;191441;180819;84.4;79.7
66;2020-12-27;0;0;0;0;0.0;0.0
66;2020-12-28;2;0;2;0;0.0;0.0
66;2020-12-29;0;0;2;0;0.0;0.0
66;2020-12-30;0;0;2;0;0.0;0.0
66;2020-12-31;1;0;3;0;0.0;0.0
66;2021-01-01;3;0;6;0;0.0;0.0
66;2021-01-02;0;0;6;0;0.0;0.0
66;2021-01-03;0;0;6;0;0.0;0.0
66;2021-01-04;30;0;36;0;0.0;0.0
66;2021-01-05;135;0;171;0;0.0;0.0
66;2021-01-06;195;0;366;0;0.1;0.0
66;2021-01-07;182;0;548;0;0.1;0.0
66;2021-01-08;212;0;760;0;0.2;0.0
66;2021-01-09;232;0;992;0;0.2;0.0
66;2021-01-10;11;0;1003;0;0.2;0.0
66;2021-01-11;404;3;1407;3;0.3;0.0
66;2021-01-12;587;2;1994;5;0.4;0.0
66;2021-01-13;877;7;2871;12;0.6;0.0
66;2021-01-14;892;12;3763;24;0.8;0.0
66;2021-01-15;588;1;4351;25;0.9;0.0
66;2021-01-16;106;2;4457;27;0.9;0.0
66;2021-01-17;46;1;4503;28;0.9;0.0
66;2021-01-18;655;3;5158;31;1.1;0.0
66;2021-01-19;717;3;5875;34;1.2;0.0
66;2021-01-20;1169;3;7044;37;1.5;0.0
66;2021-01-21;2402;4;9446;41;2.0;0.0
66;2021-01-22;1439;7;10885;48;2.3;0.0
66;2021-01-23;399;4;11284;52;2.4;0.0
66;2021-01-24;226;9;11510;61;2.4;0.0
66;2021-01-25;739;31;12249;92;2.6;0.0
66;2021-01-26;787;61;13036;153;2.7;0.0
66;2021-01-27;867;103;13903;256;2.9;0.1
66;2021-01-28;877;121;14780;377;3.1;0.1
66;2021-01-29;819;116;15599;493;3.3;0.1
66;2021-01-30;480;50;16079;543;3.4;0.1
66;2021-01-31;202;25;16281;568;3.4;0.1
66;2021-02-01;562;168;16843;736;3.5;0.2
66;2021-02-02;621;273;17464;1009;3.6;0.2
66;2021-02-03;736;570;18200;1579;3.8;0.3
66;2021-02-04;688;522;18888;2101;3.9;0.4
66;2021-02-05;778;387;19666;2488;4.1;0.5
66;2021-02-06;420;137;20086;2625;4.2;0.5
66;2021-02-07;169;137;20255;2762;4.2;0.6
66;2021-02-08;501;326;20756;3088;4.3;0.6
66;2021-02-09;533;331;21289;3419;4.4;0.7
66;2021-02-10;618;673;21907;4092;4.6;0.9
66;2021-02-11;1104;1511;23011;5603;4.8;1.2
66;2021-02-12;1121;1156;24132;6759;5.0;1.4
66;2021-02-13;366;251;24498;7010;5.1;1.5
66;2021-02-14;111;179;24609;7189;5.1;1.5
66;2021-02-15;425;584;25034;7773;5.2;1.6
66;2021-02-16;304;687;25338;8460;5.3;1.8
66;2021-02-17;379;620;25717;9080;5.4;1.9
66;2021-02-18;366;680;26083;9760;5.4;2.0
66;2021-02-19;400;619;26483;10379;5.5;2.2
66;2021-02-20;184;357;26667;10736;5.6;2.2
66;2021-02-21;41;140;26708;10876;5.6;2.3
66;2021-02-22;416;533;27124;11409;5.7;2.4
66;2021-02-23;508;570;27632;11979;5.8;2.5
66;2021-02-24;342;659;27974;12638;5.8;2.6
66;2021-02-25;717;605;28691;13243;6.0;2.8
66;2021-02-26;954;671;29645;13914;6.2;2.9
66;2021-02-27;363;360;30008;14274;6.3;3.0
66;2021-02-28;59;141;30067;14415;6.3;3.0
66;2021-03-01;378;578;30445;14993;6.4;3.1
66;2021-03-02;335;593;30780;15586;6.4;3.3
66;2021-03-03;529;578;31309;16164;6.5;3.4
66;2021-03-04;991;999;32300;17163;6.7;3.6
66;2021-03-05;1527;745;33827;17908;7.1;3.7
66;2021-03-06;1146;325;34973;18233;7.3;3.8
66;2021-03-07;1097;89;36070;18322;7.5;3.8
66;2021-03-08;696;515;36766;18837;7.7;3.9
66;2021-03-09;1225;574;37991;19411;7.9;4.1
66;2021-03-10;1301;490;39292;19901;8.2;4.2
66;2021-03-11;1474;581;40766;20482;8.5;4.3
66;2021-03-12;2395;570;43161;21052;9.0;4.4
66;2021-03-13;1081;299;44242;21351;9.2;4.5
66;2021-03-14;192;83;44434;21434;9.3;4.5
66;2021-03-15;1109;391;45543;21825;9.5;4.6
66;2021-03-16;952;258;46495;22083;9.7;4.6
66;2021-03-17;866;391;47361;22474;9.9;4.7
66;2021-03-18;969;343;48330;22817;10.1;4.8
66;2021-03-19;1293;317;49623;23134;10.4;4.8
66;2021-03-20;837;122;50460;23256;10.5;4.9
66;2021-03-21;186;44;50646;23300;10.6;4.9
66;2021-03-22;1114;384;51760;23684;10.8;4.9
66;2021-03-23;1757;388;53517;24072;11.2;5.0
66;2021-03-24;1796;515;55313;24587;11.5;5.1
66;2021-03-25;2537;466;57850;25053;12.1;5.2
66;2021-03-26;2577;365;60427;25418;12.6;5.3
66;2021-03-27;1211;295;61638;25713;12.9;5.4
66;2021-03-28;321;3;61959;25716;12.9;5.4
66;2021-03-29;1831;254;63790;25970;13.3;5.4
66;2021-03-30;2241;172;66031;26142;13.8;5.5
66;2021-03-31;1987;250;68018;26392;14.2;5.5
66;2021-04-01;2673;302;70691;26694;14.8;5.6
66;2021-04-02;2422;256;73113;26950;15.3;5.6
66;2021-04-03;1148;334;74261;27284;15.5;5.7
66;2021-04-04;107;125;74368;27409;15.5;5.7
66;2021-04-05;196;141;74564;27550;15.6;5.8
66;2021-04-06;1334;649;75898;28199;15.8;5.9
66;2021-04-07;1397;598;77295;28797;16.1;6.0
66;2021-04-08;2071;547;79366;29344;16.6;6.1
66;2021-04-09;3484;663;82850;30007;17.3;6.3
66;2021-04-10;2308;525;85158;30532;17.8;6.4
66;2021-04-11;1200;168;86358;30700;18.0;6.4
66;2021-04-12;2702;1021;89060;31721;18.6;6.6
66;2021-04-13;3609;1055;92669;32776;19.3;6.8
66;2021-04-14;3293;924;95962;33700;20.0;7.0
66;2021-04-15;3557;1049;99519;34749;20.8;7.3
66;2021-04-16;3592;1035;103111;35784;21.5;7.5
66;2021-04-17;2263;592;105374;36376;22.0;7.6
66;2021-04-18;1445;132;106819;36508;22.3;7.6
66;2021-04-19;2256;1120;109075;37628;22.8;7.9
66;2021-04-20;2374;1077;111449;38705;23.3;8.1
66;2021-04-21;2870;1178;114319;39883;23.9;8.3
66;2021-04-22;2662;1232;116981;41115;24.4;8.6
66;2021-04-23;2380;1234;119361;42349;24.9;8.8
66;2021-04-24;2744;882;122105;43231;25.5;9.0
66;2021-04-25;1207;266;123312;43497;25.7;9.1
66;2021-04-26;1998;1254;125310;44751;26.2;9.3
66;2021-04-27;2748;1301;128058;46052;26.7;9.6
66;2021-04-28;2421;1655;130479;47707;27.2;10.0
66;2021-04-29;2704;2129;133183;49836;27.8;10.4
66;2021-04-30;3054;1554;136237;51390;28.4;10.7
66;2021-05-01;2001;470;138238;51860;28.9;10.8
66;2021-05-02;1529;264;139767;52124;29.2;10.9
66;2021-05-03;2939;1109;142706;53233;29.8;11.1
66;2021-05-04;3169;1343;145875;54576;30.5;11.4
66;2021-05-05;3054;1545;148929;56121;31.1;11.7
66;2021-05-06;3753;2083;152682;58204;31.9;12.2
66;2021-05-07;2968;3075;155650;61279;32.5;12.8
66;2021-05-08;1730;1171;157380;62450;32.9;13.0
66;2021-05-09;887;1369;158267;63819;33.0;13.3
66;2021-05-10;1805;2969;160072;66788;33.4;13.9
66;2021-05-11;2741;3128;162813;69916;34.0;14.6
66;2021-05-12;2432;2569;165245;72485;34.5;15.1
66;2021-05-13;2260;1386;167505;73871;35.0;15.4
66;2021-05-14;2772;2118;170277;75989;35.5;15.9
66;2021-05-15;2329;1575;172606;77564;36.0;16.2
66;2021-05-16;2286;1248;174892;78812;36.5;16.5
66;2021-05-17;2051;1826;176943;80638;36.9;16.8
66;2021-05-18;3237;1808;180180;82446;37.6;17.2
66;2021-05-19;2878;1343;183058;83789;38.2;17.5
66;2021-05-20;4375;1448;187433;85237;39.1;17.8
66;2021-05-21;3268;1460;190701;86697;39.8;18.1
66;2021-05-22;3066;780;193767;87477;40.5;18.3
66;2021-05-23;1510;236;195277;87713;40.8;18.3
66;2021-05-24;1954;427;197231;88140;41.2;18.4
66;2021-05-25;2797;1689;200028;89829;41.8;18.8
66;2021-05-26;2780;1492;202808;91321;42.3;19.1
66;2021-05-27;3386;2256;206194;93577;43.0;19.5
66;2021-05-28;2686;3043;208880;96620;43.6;20.2
66;2021-05-29;2147;1516;211027;98136;44.1;20.5
66;2021-05-30;786;989;211813;99125;44.2;20.7
66;2021-05-31;2122;1775;213935;100900;44.7;21.1
66;2021-06-01;2637;2002;216572;102902;45.2;21.5
66;2021-06-02;2810;2337;219382;105239;45.8;22.0
66;2021-06-03;2485;2963;221867;108202;46.3;22.6
66;2021-06-04;1954;3354;223821;111556;46.7;23.3
66;2021-06-05;1411;2599;225232;114155;47.0;23.8
66;2021-06-06;294;1228;225526;115383;47.1;24.1
66;2021-06-07;1343;2958;226869;118341;47.4;24.7
66;2021-06-08;1738;3021;228607;121362;47.7;25.3
66;2021-06-09;2068;2788;230675;124150;48.2;25.9
66;2021-06-10;2081;2962;232756;127112;48.6;26.5
66;2021-06-11;2103;3861;234859;130973;49.0;27.3
66;2021-06-12;872;2411;235731;133384;49.2;27.8
66;2021-06-13;517;1334;236248;134718;49.3;28.1
66;2021-06-14;1360;3496;237608;138214;49.6;28.9
66;2021-06-15;2131;3573;239739;141787;50.0;29.6
66;2021-06-16;1790;3568;241529;145355;50.4;30.3
66;2021-06-17;2436;3607;243965;148962;50.9;31.1
66;2021-06-18;2228;3824;246193;152786;51.4;31.9
66;2021-06-19;1542;2321;247735;155107;51.7;32.4
66;2021-06-20;998;1266;248733;156373;51.9;32.6
66;2021-06-21;1164;2879;249897;159252;52.2;33.2
66;2021-06-22;1510;3763;251407;163015;52.5;34.0
66;2021-06-23;1326;3027;252733;166042;52.8;34.7
66;2021-06-24;1516;3230;254249;169272;53.1;35.3
66;2021-06-25;1402;3537;255651;172809;53.4;36.1
66;2021-06-26;963;2680;256614;175489;53.6;36.6
66;2021-06-27;679;1557;257293;177046;53.7;37.0
66;2021-06-28;979;2975;258272;180021;53.9;37.6
66;2021-06-29;1149;3797;259421;183818;54.2;38.4
66;2021-06-30;1278;3307;260699;187125;54.4;39.1
66;2021-07-01;1484;4048;262183;191173;54.7;39.9
66;2021-07-02;1512;3603;263695;194776;55.1;40.7
66;2021-07-03;1154;3903;264849;198679;55.3;41.5
66;2021-07-04;717;1790;265566;200469;55.4;41.9
66;2021-07-05;1293;3007;266859;203476;55.7;42.5
66;2021-07-06;1454;3787;268313;207263;56.0;43.3
66;2021-07-07;1432;3248;269745;210511;56.3;43.9
66;2021-07-08;1377;3384;271122;213895;56.6;44.7
66;2021-07-09;1518;3466;272640;217361;56.9;45.4
66;2021-07-10;1004;2403;273644;219764;57.1;45.9
66;2021-07-11;540;1540;274184;221304;57.2;46.2
66;2021-07-12;1023;3642;275207;224946;57.5;47.0
66;2021-07-13;2356;4268;277563;229214;57.9;47.9
66;2021-07-14;1989;1241;279552;230455;58.4;48.1
66;2021-07-15;2835;3114;282387;233569;59.0;48.8
66;2021-07-16;3372;3209;285759;236778;59.7;49.4
66;2021-07-17;2126;2036;287885;238814;60.1;49.9
66;2021-07-18;1198;1062;289083;239876;60.4;50.1
66;2021-07-19;2794;3085;291877;242961;60.9;50.7
66;2021-07-20;3659;2882;295536;245843;61.7;51.3
66;2021-07-21;4099;2954;299635;248797;62.6;51.9
66;2021-07-22;3912;2818;303547;251615;63.4;52.5
66;2021-07-23;3897;3034;307444;254649;64.2;53.2
66;2021-07-24;2584;1922;310028;256571;64.7;53.6
66;2021-07-25;2023;1241;312051;257812;65.1;53.8
66;2021-07-26;2866;2626;314917;260438;65.7;54.4
66;2021-07-27;3231;2887;318148;263325;66.4;55.0
66;2021-07-28;3355;2574;321503;265899;67.1;55.5
66;2021-07-29;3856;2537;325359;268436;67.9;56.0
66;2021-07-30;4237;2472;329596;270908;68.8;56.6
66;2021-07-31;2233;1716;331829;272624;69.3;56.9
66;2021-08-01;1821;899;333650;273523;69.7;57.1
66;2021-08-02;2379;1926;336029;275449;70.2;57.5
66;2021-08-03;2621;2070;338650;277519;70.7;57.9
66;2021-08-04;2630;1996;341280;279515;71.2;58.4
66;2021-08-05;2438;2508;343718;282023;71.8;58.9
66;2021-08-06;2318;2646;346036;284669;72.2;59.4
66;2021-08-07;1505;2096;347541;286765;72.6;59.9
66;2021-08-08;614;1458;348155;288223;72.7;60.2
66;2021-08-09;1357;2800;349512;291023;73.0;60.8
66;2021-08-10;1645;3078;351157;294101;73.3;61.4
66;2021-08-11;1679;3018;352836;297119;73.7;62.0
66;2021-08-12;1670;2993;354506;300112;74.0;62.7
66;2021-08-13;1397;2978;355903;303090;74.3;63.3
66;2021-08-14;656;2509;356559;305599;74.4;63.8
66;2021-08-15;136;1629;356695;307228;74.5;64.1
66;2021-08-16;1275;2595;357970;309823;74.7;64.7
66;2021-08-17;1487;2979;359457;312802;75.0;65.3
66;2021-08-18;1332;3068;360789;315870;75.3;65.9
66;2021-08-19;1101;2919;361890;318789;75.6;66.6
66;2021-08-20;980;3317;362870;322106;75.8;67.2
66;2021-08-21;561;2012;363431;324118;75.9;67.7
66;2021-08-22;232;1352;363663;325470;75.9;67.9
66;2021-08-23;1143;2762;364806;328232;76.2;68.5
66;2021-08-24;1049;2948;365855;331180;76.4;69.1
66;2021-08-25;902;2307;366757;333487;76.6;69.6
66;2021-08-26;957;2184;367714;335671;76.8;70.1
66;2021-08-27;919;2370;368633;338041;77.0;70.6
66;2021-08-28;515;1138;369148;339179;77.1;70.8
66;2021-08-29;243;333;369391;339512;77.1;70.9
66;2021-08-30;835;2597;370226;342109;77.3;71.4
66;2021-08-31;824;2724;371050;344833;77.5;72.0
66;2021-09-01;728;2160;371778;346993;77.6;72.4
66;2021-09-02;665;1904;372443;348897;77.8;72.8
66;2021-09-03;703;2189;373146;351086;77.9;73.3
66;2021-09-04;699;1785;373845;352871;78.0;73.7
66;2021-09-05;203;311;374048;353182;78.1;73.7
66;2021-09-06;422;2118;374470;355300;78.2;74.2
66;2021-09-07;374;1687;374844;356987;78.3;74.5
66;2021-09-08;529;1835;375373;358822;78.4;74.9
67;2020-12-27;8;0;8;0;0.0;0.0
67;2020-12-28;4;0;12;0;0.0;0.0
67;2020-12-29;2;0;14;0;0.0;0.0
67;2020-12-30;0;0;14;0;0.0;0.0
67;2020-12-31;0;0;14;0;0.0;0.0
67;2021-01-01;4;0;18;0;0.0;0.0
67;2021-01-02;1;0;19;0;0.0;0.0
67;2021-01-03;1;0;20;0;0.0;0.0
67;2021-01-04;41;0;61;0;0.0;0.0
67;2021-01-05;167;0;228;0;0.0;0.0
67;2021-01-06;121;0;349;0;0.0;0.0
67;2021-01-07;235;1;584;1;0.1;0.0
67;2021-01-08;233;1;817;2;0.1;0.0
67;2021-01-09;113;1;930;3;0.1;0.0
67;2021-01-10;67;0;997;3;0.1;0.0
67;2021-01-11;182;1;1179;4;0.1;0.0
67;2021-01-12;511;1;1690;5;0.1;0.0
67;2021-01-13;655;2;2345;7;0.2;0.0
67;2021-01-14;1085;7;3430;14;0.3;0.0
67;2021-01-15;938;6;4368;20;0.4;0.0
67;2021-01-16;196;3;4564;23;0.4;0.0
67;2021-01-17;101;0;4665;23;0.4;0.0
67;2021-01-18;899;3;5564;26;0.5;0.0
67;2021-01-19;1424;5;6988;31;0.6;0.0
67;2021-01-20;1854;12;8842;43;0.8;0.0
67;2021-01-21;2211;9;11053;52;1.0;0.0
67;2021-01-22;1991;7;13044;59;1.2;0.0
67;2021-01-23;813;5;13857;64;1.2;0.0
67;2021-01-24;380;1;14237;65;1.3;0.0
67;2021-01-25;526;30;14763;95;1.3;0.0
67;2021-01-26;159;104;14922;199;1.3;0.0
67;2021-01-27;1397;86;16319;285;1.4;0.0
67;2021-01-28;3054;212;19373;497;1.7;0.0
67;2021-01-29;2029;153;21402;650;1.9;0.1
67;2021-01-30;1096;73;22498;723;2.0;0.1
67;2021-01-31;1163;26;23661;749;2.1;0.1
67;2021-02-01;3392;243;27053;992;2.4;0.1
67;2021-02-02;2692;407;29745;1399;2.6;0.1
67;2021-02-03;1573;388;31318;1787;2.8;0.2
67;2021-02-04;1193;732;32511;2519;2.9;0.2
67;2021-02-05;1193;616;33704;3135;3.0;0.3
67;2021-02-06;793;133;34497;3268;3.0;0.3
67;2021-02-07;291;37;34788;3305;3.1;0.3
67;2021-02-08;839;402;35627;3707;3.1;0.3
67;2021-02-09;958;675;36585;4382;3.2;0.4
67;2021-02-10;931;721;37516;5103;3.3;0.5
67;2021-02-11;1151;1077;38667;6180;3.4;0.5
67;2021-02-12;1245;703;39912;6883;3.5;0.6
67;2021-02-13;765;258;40677;7141;3.6;0.6
67;2021-02-14;244;91;40921;7232;3.6;0.6
67;2021-02-15;780;706;41701;7938;3.7;0.7
67;2021-02-16;930;944;42631;8882;3.8;0.8
67;2021-02-17;783;1030;43414;9912;3.8;0.9
67;2021-02-18;1401;2391;44815;12303;4.0;1.1
67;2021-02-19;1374;1892;46189;14195;4.1;1.3
67;2021-02-20;632;786;46821;14981;4.1;1.3
67;2021-02-21;209;1112;47030;16093;4.2;1.4
67;2021-02-22;1404;2097;48434;18190;4.3;1.6
67;2021-02-23;1462;1456;49896;19646;4.4;1.7
67;2021-02-24;1437;944;51333;20590;4.5;1.8
67;2021-02-25;1617;1335;52950;21925;4.7;1.9
67;2021-02-26;2227;1270;55177;23195;4.9;2.0
67;2021-02-27;1257;678;56434;23873;5.0;2.1
67;2021-02-28;147;291;56581;24164;5.0;2.1
67;2021-03-01;640;904;57221;25068;5.1;2.2
67;2021-03-02;896;1096;58117;26164;5.1;2.3
67;2021-03-03;1409;1189;59526;27353;5.3;2.4
67;2021-03-04;1961;986;61487;28339;5.4;2.5
67;2021-03-05;3258;1048;64745;29387;5.7;2.6
67;2021-03-06;2334;720;67079;30107;5.9;2.7
67;2021-03-07;466;263;67545;30370;6.0;2.7
67;2021-03-08;1188;752;68733;31122;6.1;2.7
67;2021-03-09;2225;868;70958;31990;6.3;2.8
67;2021-03-10;2448;1164;73406;33154;6.5;2.9
67;2021-03-11;3207;1346;76613;34500;6.8;3.0
67;2021-03-12;5260;1348;81873;35848;7.2;3.2
67;2021-03-13;3997;873;85870;36721;7.6;3.2
67;2021-03-14;483;380;86353;37101;7.6;3.3
67;2021-03-15;2188;1148;88541;38249;7.8;3.4
67;2021-03-16;1552;1221;90093;39470;8.0;3.5
67;2021-03-17;2069;908;92162;40378;8.1;3.6
67;2021-03-18;2389;730;94551;41108;8.3;3.6
67;2021-03-19;3671;745;98222;41853;8.7;3.7
67;2021-03-20;3062;508;101284;42361;8.9;3.7
67;2021-03-21;335;17;101619;42378;9.0;3.7
67;2021-03-22;2332;769;103951;43147;9.2;3.8
67;2021-03-23;3401;773;107352;43920;9.5;3.9
67;2021-03-24;3909;805;111261;44725;9.8;3.9
67;2021-03-25;5314;537;116575;45262;10.3;4.0
67;2021-03-26;6868;476;123443;45738;10.9;4.0
67;2021-03-27;3925;344;127368;46082;11.2;4.1
67;2021-03-28;580;100;127948;46182;11.3;4.1
67;2021-03-29;3820;426;131768;46608;11.6;4.1
67;2021-03-30;4845;665;136613;47273;12.1;4.2
67;2021-03-31;4848;695;141461;47968;12.5;4.2
67;2021-04-01;5147;927;146608;48895;12.9;4.3
67;2021-04-02;1008;174;147616;49069;13.0;4.3
67;2021-04-03;1689;284;149305;49353;13.2;4.4
67;2021-04-04;327;5;149632;49358;13.2;4.4
67;2021-04-05;371;4;150003;49362;13.2;4.4
67;2021-04-06;3482;1178;153485;50540;13.6;4.5
67;2021-04-07;4531;1282;158016;51822;14.0;4.6
67;2021-04-08;5660;1406;163676;53228;14.5;4.7
67;2021-04-09;7110;1351;170786;54579;15.1;4.8
67;2021-04-10;4333;888;175119;55467;15.5;4.9
67;2021-04-11;855;426;175974;55893;15.5;4.9
67;2021-04-12;3887;1402;179861;57295;15.9;5.1
67;2021-04-13;4892;1574;184753;58869;16.3;5.2
67;2021-04-14;5289;1898;190042;60767;16.8;5.4
67;2021-04-15;6080;2106;196122;62873;17.3;5.6
67;2021-04-16;7837;2419;203959;65292;18.0;5.8
67;2021-04-17;4008;1576;207967;66868;18.4;5.9
67;2021-04-18;1112;646;209079;67514;18.5;6.0
67;2021-04-19;3632;2139;212711;69653;18.8;6.1
67;2021-04-20;4258;1917;216969;71570;19.2;6.3
67;2021-04-21;4069;2511;221038;74081;19.5;6.5
67;2021-04-22;4479;2915;225517;76996;19.9;6.8
67;2021-04-23;5246;3003;230763;79999;20.4;7.1
67;2021-04-24;3100;2023;233863;82022;20.6;7.2
67;2021-04-25;1028;451;234891;82473;20.7;7.3
67;2021-04-26;3191;2617;238082;85090;21.0;7.5
67;2021-04-27;4024;2912;242106;88002;21.4;7.8
67;2021-04-28;4253;3419;246359;91421;21.8;8.1
67;2021-04-29;5125;3495;251484;94916;22.2;8.4
67;2021-04-30;7180;2476;258664;97392;22.8;8.6
67;2021-05-01;2686;784;261350;98176;23.1;8.7
67;2021-05-02;2182;676;263532;98852;23.3;8.7
67;2021-05-03;5562;2613;269094;101465;23.8;9.0
67;2021-05-04;5854;3603;274948;105068;24.3;9.3
67;2021-05-05;5219;4194;280167;109262;24.7;9.6
67;2021-05-06;6714;4921;286881;114183;25.3;10.1
67;2021-05-07;6435;6906;293316;121089;25.9;10.7
67;2021-05-08;3575;1022;296891;122111;26.2;10.8
67;2021-05-09;3371;592;300262;122703;26.5;10.8
67;2021-05-10;4697;4529;304959;127232;26.9;11.2
67;2021-05-11;5649;4918;310608;132150;27.4;11.7
67;2021-05-12;6599;4844;317207;136994;28.0;12.1
67;2021-05-13;7313;1676;324520;138670;28.7;12.2
67;2021-05-14;8880;5356;333400;144026;29.4;12.7
67;2021-05-15;8196;3657;341596;147683;30.2;13.0
67;2021-05-16;6178;969;347774;148652;30.7;13.1
67;2021-05-17;5695;3887;353469;152539;31.2;13.5
67;2021-05-18;6900;3984;360369;156523;31.8;13.8
67;2021-05-19;7377;4171;367746;160694;32.5;14.2
67;2021-05-20;8694;4237;376440;164931;33.2;14.6
67;2021-05-21;8165;5860;384605;170791;34.0;15.1
67;2021-05-22;5937;3418;390542;174209;34.5;15.4
67;2021-05-23;2660;593;393202;174802;34.7;15.4
67;2021-05-24;4418;865;397620;175667;35.1;15.5
67;2021-05-25;5415;4772;403035;180439;35.6;15.9
67;2021-05-26;6065;4873;409100;185312;36.1;16.4
67;2021-05-27;7315;4895;416415;190207;36.8;16.8
67;2021-05-28;7967;6499;424382;196706;37.5;17.4
67;2021-05-29;6652;3872;431034;200578;38.1;17.7
67;2021-05-30;1147;809;432181;201387;38.2;17.8
67;2021-05-31;6408;4059;438589;205446;38.7;18.1
67;2021-06-01;7328;4401;445917;209847;39.4;18.5
67;2021-06-02;8066;4176;453983;214023;40.1;18.9
67;2021-06-03;8843;4861;462826;218884;40.9;19.3
67;2021-06-04;8596;6128;471422;225012;41.6;19.9
67;2021-06-05;6554;3980;477976;228992;42.2;20.2
67;2021-06-06;3478;874;481454;229866;42.5;20.3
67;2021-06-07;7415;4254;488869;234120;43.2;20.7
67;2021-06-08;8630;4926;497499;239046;43.9;21.1
67;2021-06-09;9264;4797;506763;243843;44.7;21.5
67;2021-06-10;9776;5010;516539;248853;45.6;22.0
67;2021-06-11;8070;8319;524609;257172;46.3;22.7
67;2021-06-12;6791;5202;531400;262374;46.9;23.2
67;2021-06-13;3108;1044;534508;263418;47.2;23.3
67;2021-06-14;5511;6459;540019;269877;47.7;23.8
67;2021-06-15;6688;6751;546707;276628;48.3;24.4
67;2021-06-16;6953;6703;553660;283331;48.9;25.0
67;2021-06-17;7275;9056;560935;292387;49.5;25.8
67;2021-06-18;7606;8510;568541;300897;50.2;26.6
67;2021-06-19;6390;5966;574931;306863;50.8;27.1
67;2021-06-20;1451;1413;576382;308276;50.9;27.2
67;2021-06-21;4267;6773;580649;315049;51.3;27.8
67;2021-06-22;4243;9097;584892;324146;51.6;28.6
67;2021-06-23;5294;8187;590186;332333;52.1;29.3
67;2021-06-24;4521;9100;594707;341433;52.5;30.1
67;2021-06-25;5341;9954;600048;351387;53.0;31.0
67;2021-06-26;3466;9103;603514;360490;53.3;31.8
67;2021-06-27;1024;3524;604538;364014;53.4;32.1
67;2021-06-28;2848;8731;607386;372745;53.6;32.9
67;2021-06-29;2899;8614;610285;381359;53.9;33.7
67;2021-06-30;3383;8743;613668;390102;54.2;34.4
67;2021-07-01;3615;8423;617283;398525;54.5;35.2
67;2021-07-02;3737;10936;621020;409461;54.8;36.2
67;2021-07-03;2980;7747;624000;417208;55.1;36.8
67;2021-07-04;764;1871;624764;419079;55.2;37.0
67;2021-07-05;2624;8253;627388;427332;55.4;37.7
67;2021-07-06;3103;8439;630491;435771;55.7;38.5
67;2021-07-07;3927;8742;634418;444513;56.0;39.2
67;2021-07-08;4195;7788;638613;452301;56.4;39.9
67;2021-07-09;3768;11373;642381;463674;56.7;40.9
67;2021-07-10;2862;8208;645243;471882;57.0;41.7
67;2021-07-11;944;1995;646187;473877;57.1;41.8
67;2021-07-12;2479;9725;648666;483602;57.3;42.7
67;2021-07-13;4120;9890;652786;493492;57.6;43.6
67;2021-07-14;3490;4410;656276;497902;57.9;44.0
67;2021-07-15;5141;12229;661417;510131;58.4;45.0
67;2021-07-16;4869;12295;666286;522426;58.8;46.1
67;2021-07-17;3737;8826;670023;531252;59.2;46.9
67;2021-07-18;1464;2550;671487;533802;59.3;47.1
67;2021-07-19;4647;9743;676134;543545;59.7;48.0
67;2021-07-20;5777;9824;681911;553369;60.2;48.9
67;2021-07-21;5869;10652;687780;564021;60.7;49.8
67;2021-07-22;6440;10228;694220;574249;61.3;50.7
67;2021-07-23;7401;11188;701621;585437;61.9;51.7
67;2021-07-24;5424;7579;707045;593016;62.4;52.4
67;2021-07-25;2317;1969;709362;594985;62.6;52.5
67;2021-07-26;5010;7247;714372;602232;63.1;53.2
67;2021-07-27;6631;7320;721003;609552;63.7;53.8
67;2021-07-28;7545;7209;728548;616761;64.3;54.5
67;2021-07-29;8399;6433;736947;623194;65.1;55.0
67;2021-07-30;8668;7310;745615;630504;65.8;55.7
67;2021-07-31;5109;4877;750724;635381;66.3;56.1
67;2021-08-01;2481;1431;753205;636812;66.5;56.2
67;2021-08-02;6358;5091;759563;641903;67.1;56.7
67;2021-08-03;7298;4711;766861;646614;67.7;57.1
67;2021-08-04;6890;4599;773751;651213;68.3;57.5
67;2021-08-05;5747;4227;779498;655440;68.8;57.9
67;2021-08-06;6329;5423;785827;660863;69.4;58.3
67;2021-08-07;4681;4276;790508;665139;69.8;58.7
67;2021-08-08;1308;1436;791816;666575;69.9;58.9
67;2021-08-09;3125;4482;794941;671057;70.2;59.2
67;2021-08-10;3218;4787;798159;675844;70.5;59.7
67;2021-08-11;3416;4677;801575;680521;70.8;60.1
67;2021-08-12;3130;4886;804705;685407;71.0;60.5
67;2021-08-13;3195;5389;807900;690796;71.3;61.0
67;2021-08-14;2196;5081;810096;695877;71.5;61.4
67;2021-08-15;713;1601;810809;697478;71.6;61.6
67;2021-08-16;2068;5235;812877;702713;71.8;62.0
67;2021-08-17;2080;5271;814957;707984;72.0;62.5
67;2021-08-18;2356;6345;817313;714329;72.2;63.1
67;2021-08-19;1878;6152;819191;720481;72.3;63.6
67;2021-08-20;2300;7451;821491;727932;72.5;64.3
67;2021-08-21;1516;5567;823007;733499;72.7;64.8
67;2021-08-22;377;2049;823384;735548;72.7;64.9
67;2021-08-23;1906;6844;825290;742392;72.9;65.5
67;2021-08-24;1978;6615;827268;749007;73.0;66.1
67;2021-08-25;2087;7212;829355;756219;73.2;66.8
67;2021-08-26;1832;5542;831187;761761;73.4;67.3
67;2021-08-27;2188;7044;833375;768805;73.6;67.9
67;2021-08-28;1695;6095;835070;774900;73.7;68.4
67;2021-08-29;438;1599;835508;776499;73.8;68.6
67;2021-08-30;1396;4428;836904;780927;73.9;68.9
67;2021-08-31;1416;4205;838320;785132;74.0;69.3
67;2021-09-01;1771;4535;840091;789667;74.2;69.7
67;2021-09-02;1049;3133;841140;792800;74.3;70.0
67;2021-09-03;1535;4428;842675;797228;74.4;70.4
67;2021-09-04;1462;4089;844137;801317;74.5;70.7
67;2021-09-05;258;935;844395;802252;74.6;70.8
67;2021-09-06;950;2329;845345;804581;74.6;71.0
67;2021-09-07;863;2226;846208;806807;74.7;71.2
67;2021-09-08;1184;2972;847392;809779;74.8;71.5
68;2020-12-27;0;0;0;0;0.0;0.0
68;2020-12-28;0;0;0;0;0.0;0.0
68;2020-12-29;0;0;0;0;0.0;0.0
68;2020-12-30;2;0;2;0;0.0;0.0
68;2020-12-31;0;0;2;0;0.0;0.0
68;2021-01-01;0;0;2;0;0.0;0.0
68;2021-01-02;0;0;2;0;0.0;0.0
68;2021-01-03;1;0;3;0;0.0;0.0
68;2021-01-04;1;0;4;0;0.0;0.0
68;2021-01-05;11;0;15;0;0.0;0.0
68;2021-01-06;245;1;260;1;0.0;0.0
68;2021-01-07;75;0;335;1;0.0;0.0
68;2021-01-08;118;1;453;2;0.1;0.0
68;2021-01-09;20;0;473;2;0.1;0.0
68;2021-01-10;1;0;474;2;0.1;0.0
68;2021-01-11;82;0;556;2;0.1;0.0
68;2021-01-12;386;1;942;3;0.1;0.0
68;2021-01-13;703;2;1645;5;0.2;0.0
68;2021-01-14;372;2;2017;7;0.3;0.0
68;2021-01-15;204;1;2221;8;0.3;0.0
68;2021-01-16;1;0;2222;8;0.3;0.0
68;2021-01-17;0;0;2222;8;0.3;0.0
68;2021-01-18;379;5;2601;13;0.3;0.0
68;2021-01-19;559;5;3160;18;0.4;0.0
68;2021-01-20;707;10;3867;28;0.5;0.0
68;2021-01-21;1394;13;5261;41;0.7;0.0
68;2021-01-22;1499;12;6760;53;0.9;0.0
68;2021-01-23;215;3;6975;56;0.9;0.0
68;2021-01-24;698;1;7673;57;1.0;0.0
68;2021-01-25;1390;41;9063;98;1.2;0.0
68;2021-01-26;1555;79;10618;177;1.4;0.0
68;2021-01-27;2768;150;13386;327;1.8;0.0
68;2021-01-28;2355;59;15741;386;2.1;0.1
68;2021-01-29;1509;115;17250;501;2.3;0.1
68;2021-01-30;165;3;17415;504;2.3;0.1
68;2021-01-31;0;0;17415;504;2.3;0.1
68;2021-02-01;737;107;18152;611;2.4;0.1
68;2021-02-02;869;299;19021;910;2.5;0.1
68;2021-02-03;1000;606;20021;1516;2.6;0.2
68;2021-02-04;1001;313;21022;1829;2.8;0.2
68;2021-02-05;948;222;21970;2051;2.9;0.3
68;2021-02-06;140;2;22110;2053;2.9;0.3
68;2021-02-07;1;16;22111;2069;2.9;0.3
68;2021-02-08;893;23;23004;2092;3.0;0.3
68;2021-02-09;1359;44;24363;2136;3.2;0.3
68;2021-02-10;1453;63;25816;2199;3.4;0.3
68;2021-02-11;1486;465;27302;2664;3.6;0.3
68;2021-02-12;1550;444;28852;3108;3.8;0.4
68;2021-02-13;132;1;28984;3109;3.8;0.4
68;2021-02-14;58;232;29042;3341;3.8;0.4
68;2021-02-15;663;1039;29705;4380;3.9;0.6
68;2021-02-16;863;1297;30568;5677;4.0;0.7
68;2021-02-17;1284;2062;31852;7739;4.2;1.0
68;2021-02-18;1659;1991;33511;9730;4.4;1.3
68;2021-02-19;987;1285;34498;11015;4.5;1.4
68;2021-02-20;93;123;34591;11138;4.5;1.5
68;2021-02-21;1;40;34592;11178;4.5;1.5
68;2021-02-22;446;725;35038;11903;4.6;1.6
68;2021-02-23;639;1002;35677;12905;4.7;1.7
68;2021-02-24;854;1078;36531;13983;4.8;1.8
68;2021-02-25;1209;1187;37740;15170;4.9;2.0
68;2021-02-26;1200;905;38940;16075;5.1;2.1
68;2021-02-27;549;165;39489;16240;5.2;2.1
68;2021-02-28;12;1;39501;16241;5.2;2.1
68;2021-03-01;942;724;40443;16965;5.3;2.2
68;2021-03-02;1216;879;41659;17844;5.5;2.3
68;2021-03-03;1593;926;43252;18770;5.7;2.5
68;2021-03-04;1992;986;45244;19756;5.9;2.6
68;2021-03-05;2356;992;47600;20748;6.2;2.7
68;2021-03-06;2287;239;49887;20987;6.5;2.7
68;2021-03-07;839;106;50726;21093;6.6;2.8
68;2021-03-08;1474;939;52200;22032;6.8;2.9
68;2021-03-09;1698;1292;53898;23324;7.1;3.1
68;2021-03-10;1964;1787;55862;25111;7.3;3.3
68;2021-03-11;2639;1886;58501;26997;7.7;3.5
68;2021-03-12;2628;1395;61129;28392;8.0;3.7
68;2021-03-13;3342;259;64471;28651;8.4;3.8
68;2021-03-14;1543;66;66014;28717;8.6;3.8
68;2021-03-15;1794;612;67808;29329;8.9;3.8
68;2021-03-16;2001;597;69809;29926;9.1;3.9
68;2021-03-17;1957;724;71766;30650;9.4;4.0
68;2021-03-18;2220;940;73986;31590;9.7;4.1
68;2021-03-19;3085;726;77071;32316;10.1;4.2
68;2021-03-20;973;122;78044;32438;10.2;4.3
68;2021-03-21;68;2;78112;32440;10.2;4.3
68;2021-03-22;1965;590;80077;33030;10.5;4.3
68;2021-03-23;2860;617;82937;33647;10.9;4.4
68;2021-03-24;3178;810;86115;34457;11.3;4.5
68;2021-03-25;3502;788;89617;35245;11.7;4.6
68;2021-03-26;3894;726;93511;35971;12.3;4.7
68;2021-03-27;1102;167;94613;36138;12.4;4.7
68;2021-03-28;56;3;94669;36141;12.4;4.7
68;2021-03-29;2262;1363;96931;37504;12.7;4.9
68;2021-03-30;2934;1295;99865;38799;13.1;5.1
68;2021-03-31;2642;1351;102507;40150;13.4;5.3
68;2021-04-01;2748;1546;105255;41696;13.8;5.5
68;2021-04-02;244;88;105499;41784;13.8;5.5
68;2021-04-03;240;124;105739;41908;13.9;5.5
68;2021-04-04;5;0;105744;41908;13.9;5.5
68;2021-04-05;49;3;105793;41911;13.9;5.5
68;2021-04-06;1792;1321;107585;43232;14.1;5.7
68;2021-04-07;2585;1537;110170;44769;14.4;5.9
68;2021-04-08;3234;1501;113404;46270;14.9;6.1
68;2021-04-09;4201;1525;117605;47795;15.4;6.3
68;2021-04-10;1204;1969;118809;49764;15.6;6.5
68;2021-04-11;126;1318;118935;51082;15.6;6.7
68;2021-04-12;2667;1633;121602;52715;15.9;6.9
68;2021-04-13;2760;2109;124362;54824;16.3;7.2
68;2021-04-14;3607;2266;127969;57090;16.8;7.5
68;2021-04-15;4052;2159;132021;59249;17.3;7.8
68;2021-04-16;3943;2080;135964;61329;17.8;8.0
68;2021-04-17;1075;441;137039;61770;18.0;8.1
68;2021-04-18;85;9;137124;61779;18.0;8.1
68;2021-04-19;2358;1830;139482;63609;18.3;8.3
68;2021-04-20;2442;2325;141924;65934;18.6;8.6
68;2021-04-21;2831;2474;144755;68408;19.0;9.0
68;2021-04-22;3287;1975;148042;70383;19.4;9.2
68;2021-04-23;3414;2074;151456;72457;19.8;9.5
68;2021-04-24;842;488;152298;72945;20.0;9.6
68;2021-04-25;214;20;152512;72965;20.0;9.6
68;2021-04-26;2329;2105;154841;75070;20.3;9.8
68;2021-04-27;2600;2214;157441;77284;20.6;10.1
68;2021-04-28;3573;1762;161014;79046;21.1;10.4
68;2021-04-29;4166;1746;165180;80792;21.6;10.6
68;2021-04-30;4833;1367;170013;82159;22.3;10.8
68;2021-05-01;947;120;170960;82279;22.4;10.8
68;2021-05-02;732;69;171692;82348;22.5;10.8
68;2021-05-03;3623;1818;175315;84166;23.0;11.0
68;2021-05-04;3937;2361;179252;86527;23.5;11.3
68;2021-05-05;3632;3241;182884;89768;24.0;11.8
68;2021-05-06;4809;2860;187693;92628;24.6;12.1
68;2021-05-07;4522;2908;192215;95536;25.2;12.5
68;2021-05-08;1671;210;193886;95746;25.4;12.5
68;2021-05-09;1077;107;194963;95853;25.5;12.6
68;2021-05-10;3159;3720;198122;99573;26.0;13.0
68;2021-05-11;4718;3615;202840;103188;26.6;13.5
68;2021-05-12;5790;3293;208630;106481;27.3;14.0
68;2021-05-13;4764;839;213394;107320;28.0;14.1
68;2021-05-14;5962;2134;219356;109454;28.7;14.3
68;2021-05-15;3560;911;222916;110365;29.2;14.5
68;2021-05-16;669;120;223585;110485;29.3;14.5
68;2021-05-17;4449;2501;228034;112986;29.9;14.8
68;2021-05-18;6141;2308;234175;115294;30.7;15.1
68;2021-05-19;5871;2886;240046;118180;31.5;15.5
68;2021-05-20;5930;2415;245976;120595;32.2;15.8
68;2021-05-21;5778;2868;251754;123463;33.0;16.2
68;2021-05-22;2578;926;254332;124389;33.3;16.3
68;2021-05-23;15;17;254347;124406;33.3;16.3
68;2021-05-24;2307;970;256654;125376;33.6;16.4
68;2021-05-25;4347;3438;261001;128814;34.2;16.9
68;2021-05-26;4882;3382;265883;132196;34.8;17.3
68;2021-05-27;5408;3406;271291;135602;35.5;17.8
68;2021-05-28;5621;3726;276912;139328;36.3;18.3
68;2021-05-29;1541;1186;278453;140514;36.5;18.4
68;2021-05-30;41;46;278494;140560;36.5;18.4
68;2021-05-31;5160;2363;283654;142923;37.2;18.7
68;2021-06-01;5989;2792;289643;145715;38.0;19.1
68;2021-06-02;4886;3009;294529;148724;38.6;19.5
68;2021-06-03;5943;3100;300472;151824;39.4;19.9
68;2021-06-04;4897;3303;305369;155127;40.0;20.3
68;2021-06-05;780;1168;306149;156295;40.1;20.5
68;2021-06-06;69;115;306218;156410;40.1;20.5
68;2021-06-07;4758;3035;310976;159445;40.7;20.9
68;2021-06-08;4941;3554;315917;162999;41.4;21.4
68;2021-06-09;4995;3446;320912;166445;42.0;21.8
68;2021-06-10;5202;3147;326114;169592;42.7;22.2
68;2021-06-11;5059;4153;331173;173745;43.4;22.8
68;2021-06-12;3035;1769;334208;175514;43.8;23.0
68;2021-06-13;515;682;334723;176196;43.9;23.1
68;2021-06-14;2517;4392;337240;180588;44.2;23.7
68;2021-06-15;3112;4718;340352;185306;44.6;24.3
68;2021-06-16;3390;4443;343742;189749;45.0;24.9
68;2021-06-17;2361;4456;346103;194205;45.3;25.4
68;2021-06-18;3359;5177;349462;199382;45.8;26.1
68;2021-06-19;2256;2170;351718;201552;46.1;26.4
68;2021-06-20;259;893;351977;202445;46.1;26.5
68;2021-06-21;2061;5154;354038;207599;46.4;27.2
68;2021-06-22;1901;5177;355939;212776;46.6;27.9
68;2021-06-23;2317;5743;358256;218519;46.9;28.6
68;2021-06-24;2157;4898;360413;223417;47.2;29.3
68;2021-06-25;2287;6655;362700;230072;47.5;30.1
68;2021-06-26;1304;2610;364004;232682;47.7;30.5
68;2021-06-27;151;880;364155;233562;47.7;30.6
68;2021-06-28;1601;6445;365756;240007;47.9;31.4
68;2021-06-29;1539;6633;367295;246640;48.1;32.3
68;2021-06-30;1799;6555;369094;253195;48.4;33.2
68;2021-07-01;2110;5353;371204;258548;48.6;33.9
68;2021-07-02;2101;6483;373305;265031;48.9;34.7
68;2021-07-03;988;1935;374293;266966;49.0;35.0
68;2021-07-04;242;200;374535;267166;49.1;35.0
68;2021-07-05;1458;5516;375993;272682;49.3;35.7
68;2021-07-06;2002;5883;377995;278565;49.5;36.5
68;2021-07-07;2457;4974;380452;283539;49.8;37.2
68;2021-07-08;2436;4751;382888;288290;50.2;37.8
68;2021-07-09;2092;7367;384980;295657;50.4;38.7
68;2021-07-10;1026;2003;386006;297660;50.6;39.0
68;2021-07-11;147;156;386153;297816;50.6;39.0
68;2021-07-12;1646;6773;387799;304589;50.8;39.9
68;2021-07-13;2910;6551;390709;311140;51.2;40.8
68;2021-07-14;1841;983;392550;312123;51.4;40.9
68;2021-07-15;3189;6655;395739;318778;51.9;41.8
68;2021-07-16;3818;6766;399557;325544;52.4;42.7
68;2021-07-17;3363;2301;402920;327845;52.8;43.0
68;2021-07-18;1054;230;403974;328075;52.9;43.0
68;2021-07-19;3052;6084;407026;334159;53.3;43.8
68;2021-07-20;4002;5670;411028;339829;53.9;44.5
68;2021-07-21;4339;5827;415367;345656;54.4;45.3
68;2021-07-22;4192;4845;419559;350501;55.0;45.9
68;2021-07-23;5043;5759;424602;356260;55.6;46.7
68;2021-07-24;3351;2127;427953;358387;56.1;47.0
68;2021-07-25;826;537;428779;358924;56.2;47.0
68;2021-07-26;4837;4448;433616;363372;56.8;47.6
68;2021-07-27;6376;3756;439992;367128;57.7;48.1
68;2021-07-28;6853;3879;446845;371007;58.5;48.6
68;2021-07-29;6398;3420;453243;374427;59.4;49.1
68;2021-07-30;6346;4378;459589;378805;60.2;49.6
68;2021-07-31;3918;1426;463507;380231;60.7;49.8
68;2021-08-01;1652;493;465159;380724;60.9;49.9
68;2021-08-02;4600;3148;469759;383872;61.6;50.3
68;2021-08-03;3543;2444;473302;386316;62.0;50.6
68;2021-08-04;3141;2688;476443;389004;62.4;51.0
68;2021-08-05;2748;2638;479191;391642;62.8;51.3
68;2021-08-06;3997;4327;483188;395969;63.3;51.9
68;2021-08-07;1226;1304;484414;397273;63.5;52.1
68;2021-08-08;363;813;484777;398086;63.5;52.2
68;2021-08-09;2574;3684;487351;401770;63.9;52.6
68;2021-08-10;2216;2781;489567;404551;64.1;53.0
68;2021-08-11;1898;2730;491465;407281;64.4;53.4
68;2021-08-12;1747;2664;493212;409945;64.6;53.7
68;2021-08-13;2712;4760;495924;414705;65.0;54.3
68;2021-08-14;707;1438;496631;416143;65.1;54.5
68;2021-08-15;45;445;496676;416588;65.1;54.6
68;2021-08-16;2000;5063;498676;421651;65.3;55.2
68;2021-08-17;1793;4846;500469;426497;65.6;55.9
68;2021-08-18;1171;3688;501640;430185;65.7;56.4
68;2021-08-19;1356;3742;502996;433927;65.9;56.9
68;2021-08-20;2217;6061;505213;439988;66.2;57.7
68;2021-08-21;490;1379;505703;441367;66.3;57.8
68;2021-08-22;116;458;505819;441825;66.3;57.9
68;2021-08-23;1185;5424;507004;447249;66.4;58.6
68;2021-08-24;1399;5945;508403;453194;66.6;59.4
68;2021-08-25;1655;3749;510058;456943;66.8;59.9
68;2021-08-26;1984;4500;512042;461443;67.1;60.5
68;2021-08-27;1837;6277;513879;467720;67.3;61.3
68;2021-08-28;422;1070;514301;468790;67.4;61.4
68;2021-08-29;36;418;514337;469208;67.4;61.5
68;2021-08-30;1343;4553;515680;473761;67.6;62.1
68;2021-08-31;1292;4236;516972;477997;67.7;62.6
68;2021-09-01;879;2276;517851;480273;67.9;62.9
68;2021-09-02;874;1979;518725;482252;68.0;63.2
68;2021-09-03;1300;4607;520025;486859;68.1;63.8
68;2021-09-04;481;952;520506;487811;68.2;63.9
68;2021-09-05;209;174;520715;487985;68.2;63.9
68;2021-09-06;686;2386;521401;490371;68.3;64.3
68;2021-09-07;605;1449;522006;491820;68.4;64.4
68;2021-09-08;610;1464;522616;493284;68.5;64.6
69;2020-12-27;5;0;5;0;0.0;0.0
69;2020-12-28;10;0;15;0;0.0;0.0
69;2020-12-29;5;0;20;0;0.0;0.0
69;2020-12-30;6;0;26;0;0.0;0.0
69;2020-12-31;12;0;38;0;0.0;0.0
69;2021-01-01;2;0;40;0;0.0;0.0
69;2021-01-02;1;0;41;0;0.0;0.0
69;2021-01-03;3;0;44;0;0.0;0.0
69;2021-01-04;13;0;57;0;0.0;0.0
69;2021-01-05;217;0;274;0;0.0;0.0
69;2021-01-06;519;0;793;0;0.0;0.0
69;2021-01-07;812;0;1605;0;0.1;0.0
69;2021-01-08;828;0;2433;0;0.1;0.0
69;2021-01-09;41;1;2474;1;0.1;0.0
69;2021-01-10;3;1;2477;2;0.1;0.0
69;2021-01-11;1135;2;3612;4;0.2;0.0
69;2021-01-12;1396;7;5008;11;0.3;0.0
69;2021-01-13;1395;3;6403;14;0.3;0.0
69;2021-01-14;2282;18;8685;32;0.5;0.0
69;2021-01-15;1826;8;10511;40;0.6;0.0
69;2021-01-16;930;3;11441;43;0.6;0.0
69;2021-01-17;260;2;11701;45;0.6;0.0
69;2021-01-18;1694;18;13395;63;0.7;0.0
69;2021-01-19;3511;35;16906;98;0.9;0.0
69;2021-01-20;4456;29;21362;127;1.1;0.0
69;2021-01-21;4078;28;25440;155;1.4;0.0
69;2021-01-22;3170;19;28610;174;1.5;0.0
69;2021-01-23;1285;5;29895;179;1.6;0.0
69;2021-01-24;101;1;29996;180;1.6;0.0
69;2021-01-25;2243;38;32239;218;1.7;0.0
69;2021-01-26;2562;87;34801;305;1.9;0.0
69;2021-01-27;2355;170;37156;475;2.0;0.0
69;2021-01-28;2236;360;39392;835;2.1;0.0
69;2021-01-29;2112;276;41504;1111;2.2;0.1
69;2021-01-30;889;3;42393;1114;2.3;0.1
69;2021-01-31;65;0;42458;1114;2.3;0.1
69;2021-02-01;1112;387;43570;1501;2.3;0.1
69;2021-02-02;1558;391;45128;1892;2.4;0.1
69;2021-02-03;1442;526;46570;2418;2.5;0.1
69;2021-02-04;1794;932;48364;3350;2.6;0.2
69;2021-02-05;820;811;49184;4161;2.6;0.2
69;2021-02-06;369;46;49553;4207;2.6;0.2
69;2021-02-07;0;0;49553;4207;2.6;0.2
69;2021-02-08;1133;993;50686;5200;2.7;0.3
69;2021-02-09;2051;2037;52737;7237;2.8;0.4
69;2021-02-10;1855;2582;54592;9819;2.9;0.5
69;2021-02-11;1862;3109;56454;12928;3.0;0.7
69;2021-02-12;1903;1931;58357;14859;3.1;0.8
69;2021-02-13;458;636;58815;15495;3.1;0.8
69;2021-02-14;89;33;58904;15528;3.1;0.8
69;2021-02-15;1014;1561;59918;17089;3.2;0.9
69;2021-02-16;984;2096;60902;19185;3.2;1.0
69;2021-02-17;1027;2081;61929;21266;3.3;1.1
69;2021-02-18;967;2025;62896;23291;3.4;1.2
69;2021-02-19;891;1634;63787;24925;3.4;1.3
69;2021-02-20;321;764;64108;25689;3.4;1.4
69;2021-02-21;53;59;64161;25748;3.4;1.4
69;2021-02-22;610;1877;64771;27625;3.5;1.5
69;2021-02-23;740;2007;65511;29632;3.5;1.6
69;2021-02-24;972;2039;66483;31671;3.5;1.7
69;2021-02-25;2215;2448;68698;34119;3.7;1.8
69;2021-02-26;2775;1766;71473;35885;3.8;1.9
69;2021-02-27;925;532;72398;36417;3.9;1.9
69;2021-02-28;148;100;72546;36517;3.9;1.9
69;2021-03-01;2166;818;74712;37335;4.0;2.0
69;2021-03-02;3297;1327;78009;38662;4.2;2.1
69;2021-03-03;3670;1195;81679;39857;4.4;2.1
69;2021-03-04;4885;1262;86564;41119;4.6;2.2
69;2021-03-05;5875;1216;92439;42335;4.9;2.3
69;2021-03-06;3417;398;95856;42733;5.1;2.3
69;2021-03-07;641;43;96497;42776;5.1;2.3
69;2021-03-08;2960;1078;99457;43854;5.3;2.3
69;2021-03-09;4609;1226;104066;45080;5.5;2.4
69;2021-03-10;5069;1031;109135;46111;5.8;2.5
69;2021-03-11;6601;1020;115736;47131;6.2;2.5
69;2021-03-12;8859;1161;124595;48292;6.6;2.6
69;2021-03-13;4927;247;129522;48539;6.9;2.6
69;2021-03-14;2741;151;132263;48690;7.1;2.6
69;2021-03-15;4807;695;137070;49385;7.3;2.6
69;2021-03-16;3820;663;140890;50048;7.5;2.7
69;2021-03-17;3952;880;144842;50928;7.7;2.7
69;2021-03-18;4967;1564;149809;52492;8.0;2.8
69;2021-03-19;6687;1002;156496;53494;8.3;2.9
69;2021-03-20;3594;276;160090;53770;8.5;2.9
69;2021-03-21;1977;102;162067;53872;8.6;2.9
69;2021-03-22;4549;770;166616;54642;8.9;2.9
69;2021-03-23;7366;821;173982;55463;9.3;3.0
69;2021-03-24;6456;1005;180438;56468;9.6;3.0
69;2021-03-25;8590;1123;189028;57591;10.1;3.1
69;2021-03-26;8814;1249;197842;58840;10.5;3.1
69;2021-03-27;3157;793;200999;59633;10.7;3.2
69;2021-03-28;2219;190;203218;59823;10.8;3.2
69;2021-03-29;4098;2178;207316;62001;11.1;3.3
69;2021-03-30;7642;2545;214958;64546;11.5;3.4
69;2021-03-31;6356;3131;221314;67677;11.8;3.6
69;2021-04-01;8463;2727;229777;70404;12.2;3.8
69;2021-04-02;8312;3115;238089;73519;12.7;3.9
69;2021-04-03;5425;2132;243514;75651;13.0;4.0
69;2021-04-04;6611;546;250125;76197;13.3;4.1
69;2021-04-05;6194;816;256319;77013;13.7;4.1
69;2021-04-06;5115;3475;261434;80488;13.9;4.3
69;2021-04-07;5169;3884;266603;84372;14.2;4.5
69;2021-04-08;6427;4019;273030;88391;14.6;4.7
69;2021-04-09;9166;3757;282196;92148;15.0;4.9
69;2021-04-10;3053;2498;285249;94646;15.2;5.0
69;2021-04-11;2039;1901;287288;96547;15.3;5.1
69;2021-04-12;5472;3569;292760;100116;15.6;5.3
69;2021-04-13;7069;4121;299829;104237;16.0;5.6
69;2021-04-14;6718;4154;306547;108391;16.3;5.8
69;2021-04-15;7944;4602;314491;112993;16.8;6.0
69;2021-04-16;7864;4500;322355;117493;17.2;6.3
69;2021-04-17;5038;2313;327393;119806;17.5;6.4
69;2021-04-18;1716;1791;329109;121597;17.5;6.5
69;2021-04-19;7019;3777;336128;125374;17.9;6.7
69;2021-04-20;6487;4765;342615;130139;18.3;6.9
69;2021-04-21;5688;4416;348303;134555;18.6;7.2
69;2021-04-22;6428;5441;354731;139996;18.9;7.5
69;2021-04-23;6738;4900;361469;144896;19.3;7.7
69;2021-04-24;3157;2029;364626;146925;19.4;7.8
69;2021-04-25;2119;1545;366745;148470;19.5;7.9
69;2021-04-26;4497;3875;371242;152345;19.8;8.1
69;2021-04-27;6516;5316;377758;157661;20.1;8.4
69;2021-04-28;6274;4863;384032;162524;20.5;8.7
69;2021-04-29;6702;5384;390734;167908;20.8;9.0
69;2021-04-30;6931;6159;397665;174067;21.2;9.3
69;2021-05-01;3303;644;400968;174711;21.4;9.3
69;2021-05-02;1628;5883;402596;180594;21.5;9.6
69;2021-05-03;5858;8246;408454;188840;21.8;10.1
69;2021-05-04;7608;8155;416062;196995;22.2;10.5
69;2021-05-05;11213;5664;427275;202659;22.8;10.8
69;2021-05-06;12475;6306;439750;208965;23.4;11.1
69;2021-05-07;11689;7145;451439;216110;24.1;11.5
69;2021-05-08;4306;1654;455745;217764;24.3;11.6
69;2021-05-09;6635;2682;462380;220446;24.6;11.8
69;2021-05-10;6939;6068;469319;226514;25.0;12.1
69;2021-05-11;9830;7037;479149;233551;25.5;12.4
69;2021-05-12;12462;6804;491611;240355;26.2;12.8
69;2021-05-13;10844;2561;502455;242916;26.8;12.9
69;2021-05-14;12595;5217;515050;248133;27.5;13.2
69;2021-05-15;9141;2594;524191;250727;27.9;13.4
69;2021-05-16;8408;1876;532599;252603;28.4;13.5
69;2021-05-17;11306;5651;543905;258254;29.0;13.8
69;2021-05-18;13229;6407;557134;264661;29.7;14.1
69;2021-05-19;13700;5897;570834;270558;30.4;14.4
69;2021-05-20;11390;6082;582224;276640;31.0;14.7
69;2021-05-21;11043;6561;593267;283201;31.6;15.1
69;2021-05-22;5579;2575;598846;285776;31.9;15.2
69;2021-05-23;4571;1544;603417;287320;32.2;15.3
69;2021-05-24;8430;1864;611847;289184;32.6;15.4
69;2021-05-25;9749;6176;621596;295360;33.1;15.7
69;2021-05-26;10287;6115;631883;301475;33.7;16.1
69;2021-05-27;10439;6790;642322;308265;34.2;16.4
69;2021-05-28;11622;8746;653944;317011;34.9;16.9
69;2021-05-29;7394;6045;661338;323056;35.3;17.2
69;2021-05-30;7385;3169;668723;326225;35.6;17.4
69;2021-05-31;10966;6378;679689;332603;36.2;17.7
69;2021-06-01;12854;7515;692543;340118;36.9;18.1
69;2021-06-02;14898;6721;707441;346839;37.7;18.5
69;2021-06-03;16649;7426;724090;354265;38.6;18.9
69;2021-06-04;16212;8560;740302;362825;39.5;19.3
69;2021-06-05;10110;3419;750412;366244;40.0;19.5
69;2021-06-06;7490;1719;757902;367963;40.4;19.6
69;2021-06-07;12828;7028;770730;374991;41.1;20.0
69;2021-06-08;16382;8282;787112;383273;42.0;20.4
69;2021-06-09;15223;7359;802335;390632;42.8;20.8
69;2021-06-10;16297;7333;818632;397965;43.6;21.2
69;2021-06-11;16653;9685;835285;407650;44.5;21.7
69;2021-06-12;8542;4189;843827;411839;45.0;22.0
69;2021-06-13;5624;2148;849451;413987;45.3;22.1
69;2021-06-14;8588;9087;858039;423074;45.7;22.6
69;2021-06-15;10948;11022;868987;434096;46.3;23.1
69;2021-06-16;11352;12327;880339;446423;46.9;23.8
69;2021-06-17;11477;13255;891816;459678;47.5;24.5
69;2021-06-18;12077;14778;903893;474456;48.2;25.3
69;2021-06-19;6834;8358;910727;482814;48.5;25.7
69;2021-06-20;5277;4767;916004;487581;48.8;26.0
69;2021-06-21;6557;12126;922561;499707;49.2;26.6
69;2021-06-22;7221;13836;929782;513543;49.6;27.4
69;2021-06-23;8361;13033;938143;526576;50.0;28.1
69;2021-06-24;9309;13745;947452;540321;50.5;28.8
69;2021-06-25;7077;16313;954529;556634;50.9;29.7
69;2021-06-26;3955;9080;958484;565714;51.1;30.2
69;2021-06-27;3293;7422;961777;573136;51.3;30.6
69;2021-06-28;4551;14892;966328;588028;51.5;31.3
69;2021-06-29;5373;15663;971701;603691;51.8;32.2
69;2021-06-30;6396;14457;978097;618148;52.1;32.9
69;2021-07-01;8813;11979;986910;630127;52.6;33.6
69;2021-07-02;10652;14131;997562;644258;53.2;34.3
69;2021-07-03;6000;7772;1003562;652030;53.5;34.8
69;2021-07-04;4153;5552;1007715;657582;53.7;35.1
69;2021-07-05;6232;13023;1013947;670605;54.0;35.7
69;2021-07-06;5894;14284;1019841;684889;54.4;36.5
69;2021-07-07;7320;13563;1027161;698452;54.8;37.2
69;2021-07-08;7569;13418;1034730;711870;55.2;37.9
69;2021-07-09;7591;16478;1042321;728348;55.6;38.8
69;2021-07-10;3124;10318;1045445;738666;55.7;39.4
69;2021-07-11;4332;5832;1049777;744498;56.0;39.7
69;2021-07-12;4213;16974;1053990;761472;56.2;40.6
69;2021-07-13;6229;20730;1060219;782202;56.5;41.7
69;2021-07-14;5060;8492;1065279;790694;56.8;42.1
69;2021-07-15;7498;22598;1072777;813292;57.2;43.4
69;2021-07-16;9847;20136;1082624;833428;57.7;44.4
69;2021-07-17;4884;12245;1087508;845673;58.0;45.1
69;2021-07-18;3414;8902;1090922;854575;58.1;45.6
69;2021-07-19;7083;16467;1098005;871042;58.5;46.4
69;2021-07-20;9581;19321;1107586;890363;59.0;47.5
69;2021-07-21;9387;17417;1116973;907780;59.5;48.4
69;2021-07-22;11467;16464;1128440;924244;60.1;49.3
69;2021-07-23;11131;17695;1139571;941939;60.7;50.2
69;2021-07-24;5698;11061;1145269;953000;61.0;50.8
69;2021-07-25;4707;6634;1149976;959634;61.3;51.2
69;2021-07-26;8929;12960;1158905;972594;61.8;51.8
69;2021-07-27;12946;12158;1171851;984752;62.5;52.5
69;2021-07-28;12096;12166;1183947;996918;63.1;53.1
69;2021-07-29;14766;12335;1198713;1009253;63.9;53.8
69;2021-07-30;14074;12260;1212787;1021513;64.6;54.5
69;2021-07-31;8258;7248;1221045;1028761;65.1;54.8
69;2021-08-01;5117;5872;1226162;1034633;65.4;55.1
69;2021-08-02;12151;9620;1238313;1044253;66.0;55.7
69;2021-08-03;13183;8995;1251496;1053248;66.7;56.1
69;2021-08-04;13403;8168;1264899;1061416;67.4;56.6
69;2021-08-05;11377;7529;1276276;1068945;68.0;57.0
69;2021-08-06;10251;7794;1286527;1076739;68.6;57.4
69;2021-08-07;4965;4817;1291492;1081556;68.8;57.7
69;2021-08-08;4330;3562;1295822;1085118;69.1;57.8
69;2021-08-09;7422;9221;1303244;1094339;69.5;58.3
69;2021-08-10;7893;7020;1311137;1101359;69.9;58.7
69;2021-08-11;7786;8117;1318923;1109476;70.3;59.1
69;2021-08-12;7180;7338;1326103;1116814;70.7;59.5
69;2021-08-13;6522;8363;1332625;1125177;71.0;60.0
69;2021-08-14;4366;5369;1336991;1130546;71.3;60.3
69;2021-08-15;2423;2520;1339414;1133066;71.4;60.4
69;2021-08-16;5198;8884;1344612;1141950;71.7;60.9
69;2021-08-17;6297;8274;1350909;1150224;72.0;61.3
69;2021-08-18;6155;9463;1357064;1159687;72.3;61.8
69;2021-08-19;6027;9325;1363091;1169012;72.7;62.3
69;2021-08-20;5750;8828;1368841;1177840;73.0;62.8
69;2021-08-21;2692;3952;1371533;1181792;73.1;63.0
69;2021-08-22;1849;2417;1373382;1184209;73.2;63.1
69;2021-08-23;3518;12378;1376900;1196587;73.4;63.8
69;2021-08-24;5001;13619;1381901;1210206;73.7;64.5
69;2021-08-25;4309;12890;1386210;1223096;73.9;65.2
69;2021-08-26;4417;11725;1390627;1234821;74.1;65.8
69;2021-08-27;4237;14464;1394864;1249285;74.4;66.6
69;2021-08-28;1844;8626;1396708;1257911;74.4;67.1
69;2021-08-29;1289;6522;1397997;1264433;74.5;67.4
69;2021-08-30;3138;11807;1401135;1276240;74.7;68.0
69;2021-08-31;4099;10184;1405234;1286424;74.9;68.6
69;2021-09-01;3501;9756;1408735;1296180;75.1;69.1
69;2021-09-02;4110;9199;1412845;1305379;75.3;69.6
69;2021-09-03;3841;11214;1416686;1316593;75.5;70.2
69;2021-09-04;2168;8692;1418854;1325285;75.6;70.6
69;2021-09-05;1410;3842;1420264;1329127;75.7;70.8
69;2021-09-06;2165;6870;1422429;1335997;75.8;71.2
69;2021-09-07;2263;6948;1424692;1342945;75.9;71.6
69;2021-09-08;2604;7478;1427296;1350423;76.1;72.0
70;2020-12-27;0;0;0;0;0.0;0.0
70;2020-12-28;0;0;0;0;0.0;0.0
70;2020-12-29;0;0;0;0;0.0;0.0
70;2020-12-30;0;0;0;0;0.0;0.0
70;2020-12-31;0;0;0;0;0.0;0.0
70;2021-01-01;0;0;0;0;0.0;0.0
70;2021-01-02;0;0;0;0;0.0;0.0
70;2021-01-03;0;0;0;0;0.0;0.0
70;2021-01-04;0;0;0;0;0.0;0.0
70;2021-01-05;1;0;1;0;0.0;0.0
70;2021-01-06;24;0;25;0;0.0;0.0
70;2021-01-07;121;0;146;0;0.1;0.0
70;2021-01-08;22;0;168;0;0.1;0.0
70;2021-01-09;0;0;168;0;0.1;0.0
70;2021-01-10;0;0;168;0;0.1;0.0
70;2021-01-11;148;1;316;1;0.1;0.0
70;2021-01-12;201;1;517;2;0.2;0.0
70;2021-01-13;172;2;689;4;0.3;0.0
70;2021-01-14;148;5;837;9;0.4;0.0
70;2021-01-15;153;1;990;10;0.4;0.0
70;2021-01-16;65;0;1055;10;0.5;0.0
70;2021-01-17;0;0;1055;10;0.5;0.0
70;2021-01-18;396;0;1451;10;0.6;0.0
70;2021-01-19;503;2;1954;12;0.8;0.0
70;2021-01-20;494;2;2448;14;1.0;0.0
70;2021-01-21;674;2;3122;16;1.3;0.0
70;2021-01-22;458;3;3580;19;1.5;0.0
70;2021-01-23;261;2;3841;21;1.6;0.0
70;2021-01-24;4;0;3845;21;1.6;0.0
70;2021-01-25;371;1;4216;22;1.8;0.0
70;2021-01-26;335;1;4551;23;2.0;0.0
70;2021-01-27;331;10;4882;33;2.1;0.0
70;2021-01-28;365;35;5247;68;2.3;0.0
70;2021-01-29;329;52;5576;120;2.4;0.1
70;2021-01-30;228;0;5804;120;2.5;0.1
70;2021-01-31;0;0;5804;120;2.5;0.1
70;2021-02-01;261;42;6065;162;2.6;0.1
70;2021-02-02;272;96;6337;258;2.7;0.1
70;2021-02-03;251;58;6588;316;2.8;0.1
70;2021-02-04;264;120;6852;436;2.9;0.2
70;2021-02-05;254;72;7106;508;3.0;0.2
70;2021-02-06;209;37;7315;545;3.1;0.2
70;2021-02-07;0;0;7315;545;3.1;0.2
70;2021-02-08;179;167;7494;712;3.2;0.3
70;2021-02-09;204;164;7698;876;3.3;0.4
70;2021-02-10;196;230;7894;1106;3.4;0.5
70;2021-02-11;351;284;8245;1390;3.5;0.6
70;2021-02-12;239;425;8484;1815;3.6;0.8
70;2021-02-13;75;163;8559;1978;3.7;0.8
70;2021-02-14;0;29;8559;2007;3.7;0.9
70;2021-02-15;70;289;8629;2296;3.7;1.0
70;2021-02-16;113;301;8742;2597;3.7;1.1
70;2021-02-17;165;288;8907;2885;3.8;1.2
70;2021-02-18;205;233;9112;3118;3.9;1.3
70;2021-02-19;197;190;9309;3308;4.0;1.4
70;2021-02-20;192;60;9501;3368;4.1;1.4
70;2021-02-21;1;0;9502;3368;4.1;1.4
70;2021-02-22;106;193;9608;3561;4.1;1.5
70;2021-02-23;125;223;9733;3784;4.2;1.6
70;2021-02-24;132;194;9865;3978;4.2;1.7
70;2021-02-25;315;220;10180;4198;4.4;1.8
70;2021-02-26;395;132;10575;4330;4.5;1.9
70;2021-02-27;147;161;10722;4491;4.6;1.9
70;2021-02-28;0;0;10722;4491;4.6;1.9
70;2021-03-01;249;219;10971;4710;4.7;2.0
70;2021-03-02;487;243;11458;4953;4.9;2.1
70;2021-03-03;467;241;11925;5194;5.1;2.2
70;2021-03-04;693;256;12618;5450;5.4;2.3
70;2021-03-05;767;241;13385;5691;5.7;2.4
70;2021-03-06;540;107;13925;5798;6.0;2.5
70;2021-03-07;216;23;14141;5821;6.1;2.5
70;2021-03-08;554;207;14695;6028;6.3;2.6
70;2021-03-09;866;173;15561;6201;6.7;2.7
70;2021-03-10;659;178;16220;6379;7.0;2.7
70;2021-03-11;698;255;16918;6634;7.3;2.8
70;2021-03-12;985;180;17903;6814;7.7;2.9
70;2021-03-13;583;122;18486;6936;7.9;3.0
70;2021-03-14;20;1;18506;6937;7.9;3.0
70;2021-03-15;774;111;19280;7048;8.3;3.0
70;2021-03-16;655;97;19935;7145;8.5;3.1
70;2021-03-17;595;182;20530;7327;8.8;3.1
70;2021-03-18;633;140;21163;7467;9.1;3.2
70;2021-03-19;1019;143;22182;7610;9.5;3.3
70;2021-03-20;641;186;22823;7796;9.8;3.3
70;2021-03-21;9;0;22832;7796;9.8;3.3
70;2021-03-22;757;97;23589;7893;10.1;3.4
70;2021-03-23;1310;154;24899;8047;10.7;3.5
70;2021-03-24;1270;107;26169;8154;11.2;3.5
70;2021-03-25;1246;198;27415;8352;11.8;3.6
70;2021-03-26;1487;300;28902;8652;12.4;3.7
70;2021-03-27;957;129;29859;8781;12.8;3.8
70;2021-03-28;0;10;29859;8791;12.8;3.8
70;2021-03-29;721;415;30580;9206;13.1;3.9
70;2021-03-30;1093;316;31673;9522;13.6;4.1
70;2021-03-31;878;317;32551;9839;14.0;4.2
70;2021-04-01;1154;428;33705;10267;14.5;4.4
70;2021-04-02;1310;346;35015;10613;15.0;4.6
70;2021-04-03;639;320;35654;10933;15.3;4.7
70;2021-04-04;11;0;35665;10933;15.3;4.7
70;2021-04-05;4;2;35669;10935;15.3;4.7
70;2021-04-06;832;555;36501;11490;15.7;4.9
70;2021-04-07;858;590;37359;12080;16.0;5.2
70;2021-04-08;1320;564;38679;12644;16.6;5.4
70;2021-04-09;1404;537;40083;13181;17.2;5.7
70;2021-04-10;859;346;40942;13527;17.6;5.8
70;2021-04-11;23;1;40965;13528;17.6;5.8
70;2021-04-12;696;660;41661;14188;17.9;6.1
70;2021-04-13;921;769;42582;14957;18.3;6.4
70;2021-04-14;816;575;43398;15532;18.6;6.7
70;2021-04-15;1079;606;44477;16138;19.1;6.9
70;2021-04-16;1243;553;45720;16691;19.6;7.2
70;2021-04-17;689;469;46409;17160;19.9;7.4
70;2021-04-18;62;4;46471;17164;19.9;7.4
70;2021-04-19;540;809;47011;17973;20.2;7.7
70;2021-04-20;664;852;47675;18825;20.4;8.1
70;2021-04-21;483;928;48158;19753;20.7;8.5
70;2021-04-22;775;800;48933;20553;21.0;8.8
70;2021-04-23;875;742;49808;21295;21.4;9.1
70;2021-04-24;432;642;50240;21937;21.5;9.4
70;2021-04-25;11;0;50251;21937;21.5;9.4
70;2021-04-26;924;604;51175;22541;21.9;9.7
70;2021-04-27;1209;754;52384;23295;22.5;10.0
70;2021-04-28;889;811;53273;24106;22.8;10.3
70;2021-04-29;1343;929;54616;25035;23.4;10.7
70;2021-04-30;1533;873;56149;25908;24.1;11.1
70;2021-05-01;1694;120;57843;26028;24.8;11.2
70;2021-05-02;2;0;57845;26028;24.8;11.2
70;2021-05-03;1189;580;59034;26608;25.3;11.4
70;2021-05-04;1354;757;60388;27365;25.9;11.7
70;2021-05-05;1190;879;61578;28244;26.4;12.1
70;2021-05-06;1846;1271;63424;29515;27.2;12.7
70;2021-05-07;2127;1240;65551;30755;28.1;13.2
70;2021-05-08;1341;192;66892;30947;28.7;13.3
70;2021-05-09;9;58;66901;31005;28.7;13.3
70;2021-05-10;961;946;67862;31951;29.1;13.7
70;2021-05-11;1240;1076;69102;33027;29.6;14.2
70;2021-05-12;1176;865;70278;33892;30.1;14.5
70;2021-05-13;1544;147;71822;34039;30.8;14.6
70;2021-05-14;2062;756;73884;34795;31.7;14.9
70;2021-05-15;2657;532;76541;35327;32.8;15.1
70;2021-05-16;999;72;77540;35399;33.3;15.2
70;2021-05-17;1238;386;78778;35785;33.8;15.3
70;2021-05-18;1296;591;80074;36376;34.3;15.6
70;2021-05-19;1476;480;81550;36856;35.0;15.8
70;2021-05-20;1780;633;83330;37489;35.7;16.1
70;2021-05-21;1693;818;85023;38307;36.5;16.4
70;2021-05-22;1221;665;86244;38972;37.0;16.7
70;2021-05-23;8;14;86252;38986;37.0;16.7
70;2021-05-24;227;27;86479;39013;37.1;16.7
70;2021-05-25;837;926;87316;39939;37.4;17.1
70;2021-05-26;1048;946;88364;40885;37.9;17.5
70;2021-05-27;1263;994;89627;41879;38.4;18.0
70;2021-05-28;1546;1161;91173;43040;39.1;18.5
70;2021-05-29;1371;588;92544;43628;39.7;18.7
70;2021-05-30;1;8;92545;43636;39.7;18.7
70;2021-05-31;969;679;93514;44315;40.1;19.0
70;2021-06-01;1213;848;94727;45163;40.6;19.4
70;2021-06-02;1265;680;95992;45843;41.2;19.7
70;2021-06-03;1430;838;97422;46681;41.8;20.0
70;2021-06-04;1335;1111;98757;47792;42.3;20.5
70;2021-06-05;1024;663;99781;48455;42.8;20.8
70;2021-06-06;599;79;100380;48534;43.0;20.8
70;2021-06-07;941;849;101321;49383;43.4;21.2
70;2021-06-08;1216;1186;102537;50569;44.0;21.7
70;2021-06-09;1156;988;103693;51557;44.5;22.1
70;2021-06-10;1569;831;105262;52388;45.1;22.5
70;2021-06-11;1587;1956;106849;54344;45.8;23.3
70;2021-06-12;829;1972;107678;56316;46.2;24.1
70;2021-06-13;143;15;107821;56331;46.2;24.2
70;2021-06-14;559;1244;108380;57575;46.5;24.7
70;2021-06-15;451;1506;108831;59081;46.7;25.3
70;2021-06-16;800;1393;109631;60474;47.0;25.9
70;2021-06-17;1150;2097;110781;62571;47.5;26.8
70;2021-06-18;997;2255;111778;64826;47.9;27.8
70;2021-06-19;1091;1639;112869;66465;48.4;28.5
70;2021-06-20;1;3;112870;66468;48.4;28.5
70;2021-06-21;692;1452;113562;67920;48.7;29.1
70;2021-06-22;654;1512;114216;69432;49.0;29.8
70;2021-06-23;662;1570;114878;71002;49.3;30.4
70;2021-06-24;877;2050;115755;73052;49.6;31.3
70;2021-06-25;682;2647;116437;75699;49.9;32.5
70;2021-06-26;943;2135;117380;77834;50.3;33.4
70;2021-06-27;141;762;117521;78596;50.4;33.7
70;2021-06-28;336;1351;117857;79947;50.5;34.3
70;2021-06-29;411;1611;118268;81558;50.7;35.0
70;2021-06-30;391;1635;118659;83193;50.9;35.7
70;2021-07-01;642;1752;119301;84945;51.2;36.4
70;2021-07-02;815;1578;120116;86523;51.5;37.1
70;2021-07-03;841;1085;120957;87608;51.9;37.6
70;2021-07-04;29;70;120986;87678;51.9;37.6
70;2021-07-05;610;1037;121596;88715;52.1;38.0
70;2021-07-06;681;1275;122277;89990;52.4;38.6
70;2021-07-07;509;1425;122786;91415;52.7;39.2
70;2021-07-08;816;1573;123602;92988;53.0;39.9
70;2021-07-09;871;1662;124473;94650;53.4;40.6
70;2021-07-10;831;1032;125304;95682;53.7;41.0
70;2021-07-11;7;20;125311;95702;53.7;41.0
70;2021-07-12;431;1391;125742;97093;53.9;41.6
70;2021-07-13;907;1868;126649;98961;54.3;42.4
70;2021-07-14;33;6;126682;98967;54.3;42.4
70;2021-07-15;1383;1691;128065;100658;54.9;43.2
70;2021-07-16;1632;2062;129697;102720;55.6;44.0
70;2021-07-17;1501;1454;131198;104174;56.3;44.7
70;2021-07-18;1145;641;132343;104815;56.8;44.9
70;2021-07-19;883;974;133226;105789;57.1;45.4
70;2021-07-20;1350;1351;134576;107140;57.7;45.9
70;2021-07-21;1288;1402;135864;108542;58.3;46.5
70;2021-07-22;1869;1826;137733;110368;59.1;47.3
70;2021-07-23;1830;2493;139563;112861;59.8;48.4
70;2021-07-24;1364;1806;140927;114667;60.4;49.2
70;2021-07-25;27;3;140954;114670;60.4;49.2
70;2021-07-26;1056;975;142010;115645;60.9;49.6
70;2021-07-27;1405;975;143415;116620;61.5;50.0
70;2021-07-28;1405;1161;144820;117781;62.1;50.5
70;2021-07-29;1874;1387;146694;119168;62.9;51.1
70;2021-07-30;1973;1347;148667;120515;63.8;51.7
70;2021-07-31;1752;1164;150419;121679;64.5;52.2
70;2021-08-01;2;4;150421;121683;64.5;52.2
70;2021-08-02;776;737;151197;122420;64.8;52.5
70;2021-08-03;1296;1039;152493;123459;65.4;52.9
70;2021-08-04;1211;921;153704;124380;65.9;53.3
70;2021-08-05;1658;1189;155362;125569;66.6;53.8
70;2021-08-06;1796;1331;157158;126900;67.4;54.4
70;2021-08-07;1193;1029;158351;127929;67.9;54.9
70;2021-08-08;35;28;158386;127957;67.9;54.9
70;2021-08-09;532;704;158918;128661;68.1;55.2
70;2021-08-10;897;1133;159815;129794;68.5;55.7
70;2021-08-11;806;724;160621;130518;68.9;56.0
70;2021-08-12;906;1272;161527;131790;69.3;56.5
70;2021-08-13;1041;1624;162568;133414;69.7;57.2
70;2021-08-14;771;975;163339;134389;70.0;57.6
70;2021-08-15;36;28;163375;134417;70.1;57.6
70;2021-08-16;544;907;163919;135324;70.3;58.0
70;2021-08-17;677;1195;164596;136519;70.6;58.5
70;2021-08-18;536;939;165132;137458;70.8;58.9
70;2021-08-19;565;1386;165697;138844;71.1;59.5
70;2021-08-20;511;1902;166208;140746;71.3;60.4
70;2021-08-21;446;1160;166654;141906;71.5;60.9
70;2021-08-22;2;6;166656;141912;71.5;60.9
70;2021-08-23;281;879;166937;142791;71.6;61.2
70;2021-08-24;386;1374;167323;144165;71.8;61.8
70;2021-08-25;354;1341;167677;145506;71.9;62.4
70;2021-08-26;434;1560;168111;147066;72.1;63.1
70;2021-08-27;384;2126;168495;149192;72.3;64.0
70;2021-08-28;364;1705;168859;150897;72.4;64.7
70;2021-08-29;11;6;168870;150903;72.4;64.7
70;2021-08-30;296;835;169166;151738;72.5;65.1
70;2021-08-31;357;1125;169523;152863;72.7;65.6
70;2021-09-01;315;1195;169838;154058;72.8;66.1
70;2021-09-02;303;1296;170141;155354;73.0;66.6
70;2021-09-03;278;1244;170419;156598;73.1;67.2
70;2021-09-04;453;1259;170872;157857;73.3;67.7
70;2021-09-05;20;31;170892;157888;73.3;67.7
70;2021-09-06;167;699;171059;158587;73.4;68.0
70;2021-09-07;185;877;171244;159464;73.4;68.4
70;2021-09-08;195;875;171439;160339;73.5;68.8
71;2020-12-27;0;0;0;0;0.0;0.0
71;2020-12-28;0;0;0;0;0.0;0.0
71;2020-12-29;0;0;0;0;0.0;0.0
71;2020-12-30;0;0;0;0;0.0;0.0
71;2020-12-31;0;0;0;0;0.0;0.0
71;2021-01-01;1;0;1;0;0.0;0.0
71;2021-01-02;0;0;1;0;0.0;0.0
71;2021-01-03;1;0;2;0;0.0;0.0
71;2021-01-04;1;0;3;0;0.0;0.0
71;2021-01-05;12;0;15;0;0.0;0.0
71;2021-01-06;72;0;87;0;0.0;0.0
71;2021-01-07;67;0;154;0;0.0;0.0
71;2021-01-08;146;0;300;0;0.1;0.0
71;2021-01-09;117;0;417;0;0.1;0.0
71;2021-01-10;1;0;418;0;0.1;0.0
71;2021-01-11;245;1;663;1;0.1;0.0
71;2021-01-12;846;1;1509;2;0.3;0.0
71;2021-01-13;563;2;2072;4;0.4;0.0
71;2021-01-14;581;10;2653;14;0.5;0.0
71;2021-01-15;667;2;3320;16;0.6;0.0
71;2021-01-16;9;0;3329;16;0.6;0.0
71;2021-01-17;0;0;3329;16;0.6;0.0
71;2021-01-18;1094;7;4423;23;0.8;0.0
71;2021-01-19;1696;7;6119;30;1.1;0.0
71;2021-01-20;1517;6;7636;36;1.4;0.0
71;2021-01-21;2060;17;9696;53;1.8;0.0
71;2021-01-22;1413;6;11109;59;2.0;0.0
71;2021-01-23;815;6;11924;65;2.2;0.0
71;2021-01-24;0;0;11924;65;2.2;0.0
71;2021-01-25;1065;6;12989;71;2.4;0.0
71;2021-01-26;1505;24;14494;95;2.6;0.0
71;2021-01-27;1248;34;15742;129;2.9;0.0
71;2021-01-28;1083;84;16825;213;3.1;0.0
71;2021-01-29;1015;136;17840;349;3.3;0.1
71;2021-01-30;605;1;18445;350;3.4;0.1
71;2021-01-31;1;14;18446;364;3.4;0.1
71;2021-02-01;751;231;19197;595;3.5;0.1
71;2021-02-02;753;350;19950;945;3.6;0.2
71;2021-02-03;817;398;20767;1343;3.8;0.2
71;2021-02-04;780;551;21547;1894;3.9;0.3
71;2021-02-05;705;507;22252;2401;4.1;0.4
71;2021-02-06;535;9;22787;2410;4.2;0.4
71;2021-02-07;4;50;22791;2460;4.2;0.4
71;2021-02-08;603;570;23394;3030;4.3;0.6
71;2021-02-09;368;883;23762;3913;4.3;0.7
71;2021-02-10;412;878;24174;4791;4.4;0.9
71;2021-02-11;472;1079;24646;5870;4.5;1.1
71;2021-02-12;535;940;25181;6810;4.6;1.2
71;2021-02-13;124;409;25305;7219;4.6;1.3
71;2021-02-14;2;7;25307;7226;4.6;1.3
71;2021-02-15;323;806;25630;8032;4.7;1.5
71;2021-02-16;442;1211;26072;9243;4.8;1.7
71;2021-02-17;427;1035;26499;10278;4.8;1.9
71;2021-02-18;548;850;27047;11128;4.9;2.0
71;2021-02-19;573;767;27620;11895;5.0;2.2
71;2021-02-20;224;322;27844;12217;5.1;2.2
71;2021-02-21;4;13;27848;12230;5.1;2.2
71;2021-02-22;237;784;28085;13014;5.1;2.4
71;2021-02-23;452;849;28537;13863;5.2;2.5
71;2021-02-24;445;647;28982;14510;5.3;2.6
71;2021-02-25;533;663;29515;15173;5.4;2.8
71;2021-02-26;830;505;30345;15678;5.5;2.9
71;2021-02-27;457;293;30802;15971;5.6;2.9
71;2021-02-28;54;14;30856;15985;5.6;2.9
71;2021-03-01;1187;625;32043;16610;5.8;3.0
71;2021-03-02;1574;606;33617;17216;6.1;3.1
71;2021-03-03;1819;742;35436;17958;6.5;3.3
71;2021-03-04;2003;783;37439;18741;6.8;3.4
71;2021-03-05;2290;665;39729;19406;7.3;3.5
71;2021-03-06;754;63;40483;19469;7.4;3.6
71;2021-03-07;40;21;40523;19490;7.4;3.6
71;2021-03-08;1452;767;41975;20257;7.7;3.7
71;2021-03-09;2160;520;44135;20777;8.1;3.8
71;2021-03-10;2173;466;46308;21243;8.5;3.9
71;2021-03-11;2629;661;48937;21904;8.9;4.0
71;2021-03-12;2606;622;51543;22526;9.4;4.1
71;2021-03-13;995;100;52538;22626;9.6;4.1
71;2021-03-14;36;0;52574;22626;9.6;4.1
71;2021-03-15;1798;496;54372;23122;9.9;4.2
71;2021-03-16;1822;200;56194;23322;10.3;4.3
71;2021-03-17;2134;250;58328;23572;10.6;4.3
71;2021-03-18;1953;435;60281;24007;11.0;4.4
71;2021-03-19;2370;335;62651;24342;11.4;4.4
71;2021-03-20;1084;40;63735;24382;11.6;4.5
71;2021-03-21;17;5;63752;24387;11.6;4.5
71;2021-03-22;2576;382;66328;24769;12.1;4.5
71;2021-03-23;3346;507;69674;25276;12.7;4.6
71;2021-03-24;3350;468;73024;25744;13.3;4.7
71;2021-03-25;4028;592;77052;26336;14.1;4.8
71;2021-03-26;4058;339;81110;26675;14.8;4.9
71;2021-03-27;997;106;82107;26781;15.0;4.9
71;2021-03-28;57;8;82164;26789;15.0;4.9
71;2021-03-29;2409;1164;84573;27953;15.4;5.1
71;2021-03-30;2952;1360;87525;29313;16.0;5.4
71;2021-03-31;2549;1526;90074;30839;16.4;5.6
71;2021-04-01;2717;1299;92791;32138;16.9;5.9
71;2021-04-02;2503;1418;95294;33556;17.4;6.1
71;2021-04-03;268;34;95562;33590;17.4;6.1
71;2021-04-04;6;0;95568;33590;17.4;6.1
71;2021-04-05;61;2;95629;33592;17.5;6.1
71;2021-04-06;2259;1876;97888;35468;17.9;6.5
71;2021-04-07;2390;1787;100278;37255;18.3;6.8
71;2021-04-08;3284;1803;103562;39058;18.9;7.1
71;2021-04-09;4043;1667;107605;40725;19.6;7.4
71;2021-04-10;769;47;108374;40772;19.8;7.4
71;2021-04-11;100;4;108474;40776;19.8;7.4
71;2021-04-12;2356;1697;110830;42473;20.2;7.8
71;2021-04-13;2585;1888;113415;44361;20.7;8.1
71;2021-04-14;2374;1923;115789;46284;21.1;8.4
71;2021-04-15;2780;1691;118569;47975;21.6;8.8
71;2021-04-16;2628;1648;121197;49623;22.1;9.1
71;2021-04-17;952;344;122149;49967;22.3;9.1
71;2021-04-18;106;6;122255;49973;22.3;9.1
71;2021-04-19;1761;2573;124016;52546;22.6;9.6
71;2021-04-20;2222;2600;126238;55146;23.0;10.1
71;2021-04-21;2124;2593;128362;57739;23.4;10.5
71;2021-04-22;2511;2442;130873;60181;23.9;11.0
71;2021-04-23;2923;2266;133796;62447;24.4;11.4
71;2021-04-24;517;53;134313;62500;24.5;11.4
71;2021-04-25;26;0;134339;62500;24.5;11.4
71;2021-04-26;2567;2138;136906;64638;25.0;11.8
71;2021-04-27;2990;2267;139896;66905;25.5;12.2
71;2021-04-28;3075;2127;142971;69032;26.1;12.6
71;2021-04-29;3781;2220;146752;71252;26.8;13.0
71;2021-04-30;3929;1719;150681;72971;27.5;13.3
71;2021-05-01;39;53;150720;73024;27.5;13.3
71;2021-05-02;23;18;150743;73042;27.5;13.3
71;2021-05-03;4289;1386;155032;74428;28.3;13.6
71;2021-05-04;2956;2361;157988;76789;28.8;14.0
71;2021-05-05;3427;2085;161415;78874;29.5;14.4
71;2021-05-06;3467;2365;164882;81239;30.1;14.8
71;2021-05-07;3678;2804;168560;84043;30.8;15.3
71;2021-05-08;180;183;168740;84226;30.8;15.4
71;2021-05-09;44;47;168784;84273;30.8;15.4
71;2021-05-10;3698;2288;172482;86561;31.5;15.8
71;2021-05-11;4664;2361;177146;88922;32.3;16.2
71;2021-05-12;3978;2598;181124;91520;33.1;16.7
71;2021-05-13;1576;155;182700;91675;33.4;16.7
71;2021-05-14;3766;2196;186466;93871;34.0;17.1
71;2021-05-15;242;330;186708;94201;34.1;17.2
71;2021-05-16;2;0;186710;94201;34.1;17.2
71;2021-05-17;3864;1888;190574;96089;34.8;17.5
71;2021-05-18;3497;2425;194071;98514;35.4;18.0
71;2021-05-19;3719;2279;197790;100793;36.1;18.4
71;2021-05-20;4183;2301;201973;103094;36.9;18.8
71;2021-05-21;3724;2571;205697;105665;37.5;19.3
71;2021-05-22;169;305;205866;105970;37.6;19.3
71;2021-05-23;14;55;205880;106025;37.6;19.4
71;2021-05-24;19;96;205899;106121;37.6;19.4
71;2021-05-25;2690;3007;208589;109128;38.1;19.9
71;2021-05-26;2973;2434;211562;111562;38.6;20.4
71;2021-05-27;3387;2588;214949;114150;39.2;20.8
71;2021-05-28;2920;3158;217869;117308;39.8;21.4
71;2021-05-29;482;660;218351;117968;39.9;21.5
71;2021-05-30;75;57;218426;118025;39.9;21.5
71;2021-05-31;2776;3455;221202;121480;40.4;22.2
71;2021-06-01;3675;3544;224877;125024;41.0;22.8
71;2021-06-02;3998;2634;228875;127658;41.8;23.3
71;2021-06-03;4436;2525;233311;130183;42.6;23.8
71;2021-06-04;3717;3711;237028;133894;43.3;24.4
71;2021-06-05;683;646;237711;134540;43.4;24.6
71;2021-06-06;57;91;237768;134631;43.4;24.6
71;2021-06-07;3282;4154;241050;138785;44.0;25.3
71;2021-06-08;3898;4012;244948;142797;44.7;26.1
71;2021-06-09;4694;2753;249642;145550;45.6;26.6
71;2021-06-10;5268;2746;254910;148296;46.5;27.1
71;2021-06-11;4435;3722;259345;152018;47.3;27.7
71;2021-06-12;716;596;260061;152614;47.5;27.9
71;2021-06-13;104;187;260165;152801;47.5;27.9
71;2021-06-14;3513;3786;263678;156587;48.1;28.6
71;2021-06-15;4207;3556;267885;160143;48.9;29.2
71;2021-06-16;4596;2730;272481;162873;49.7;29.7
71;2021-06-17;4268;2999;276749;165872;50.5;30.3
71;2021-06-18;4328;3773;281077;169645;51.3;31.0
71;2021-06-19;1269;654;282346;170299;51.5;31.1
71;2021-06-20;37;27;282383;170326;51.5;31.1
71;2021-06-21;2270;4281;284653;174607;52.0;31.9
71;2021-06-22;2687;4355;287340;178962;52.5;32.7
71;2021-06-23;3060;3422;290400;182384;53.0;33.3
71;2021-06-24;3329;3024;293729;185408;53.6;33.8
71;2021-06-25;2654;4473;296383;189881;54.1;34.7
71;2021-06-26;372;551;296755;190432;54.2;34.8
71;2021-06-27;29;68;296784;190500;54.2;34.8
71;2021-06-28;1535;4625;298319;195125;54.5;35.6
71;2021-06-29;1992;4826;300311;199951;54.8;36.5
71;2021-06-30;2505;3935;302816;203886;55.3;37.2
71;2021-07-01;2826;3904;305642;207790;55.8;37.9
71;2021-07-02;3031;3985;308673;211775;56.3;38.7
71;2021-07-03;318;711;308991;212486;56.4;38.8
71;2021-07-04;28;132;309019;212618;56.4;38.8
71;2021-07-05;2476;4321;311495;216939;56.9;39.6
71;2021-07-06;2462;4565;313957;221504;57.3;40.4
71;2021-07-07;2984;3725;316941;225229;57.9;41.1
71;2021-07-08;2769;4111;319710;229340;58.4;41.9
71;2021-07-09;2382;5021;322092;234361;58.8;42.8
71;2021-07-10;212;656;322304;235017;58.8;42.9
71;2021-07-11;15;65;322319;235082;58.8;42.9
71;2021-07-12;1913;5306;324232;240388;59.2;43.9
71;2021-07-13;2541;5865;326773;246253;59.6;45.0
71;2021-07-14;950;400;327723;246653;59.8;45.0
71;2021-07-15;3025;5736;330748;252389;60.4;46.1
71;2021-07-16;3296;6010;334044;258399;61.0;47.2
71;2021-07-17;505;781;334549;259180;61.1;47.3
71;2021-07-18;89;93;334638;259273;61.1;47.3
71;2021-07-19;2864;5555;337502;264828;61.6;48.3
71;2021-07-20;3371;5914;340873;270742;62.2;49.4
71;2021-07-21;3411;5469;344284;276211;62.8;50.4
71;2021-07-22;3945;5333;348229;281544;63.6;51.4
71;2021-07-23;3235;6004;351464;287548;64.2;52.5
71;2021-07-24;714;595;352178;288143;64.3;52.6
71;2021-07-25;148;82;352326;288225;64.3;52.6
71;2021-07-26;3594;4891;355920;293116;65.0;53.5
71;2021-07-27;4092;5124;360012;298240;65.7;54.4
71;2021-07-28;4248;4812;364260;303052;66.5;55.3
71;2021-07-29;4212;4644;368472;307696;67.3;56.2
71;2021-07-30;4241;4924;372713;312620;68.0;57.1
71;2021-07-31;722;724;373435;313344;68.2;57.2
71;2021-08-01;106;35;373541;313379;68.2;57.2
71;2021-08-02;3969;3760;377510;317139;68.9;57.9
71;2021-08-03;4406;3821;381916;320960;69.7;58.6
71;2021-08-04;4390;2986;386306;323946;70.5;59.1
71;2021-08-05;4189;3269;390495;327215;71.3;59.7
71;2021-08-06;3698;4007;394193;331222;72.0;60.5
71;2021-08-07;495;329;394688;331551;72.0;60.5
71;2021-08-08;50;65;394738;331616;72.1;60.5
71;2021-08-09;3046;3417;397784;335033;72.6;61.2
71;2021-08-10;3073;3388;400857;338421;73.2;61.8
71;2021-08-11;3185;3080;404042;341501;73.8;62.3
71;2021-08-12;3014;3108;407056;344609;74.3;62.9
71;2021-08-13;2682;3334;409738;347943;74.8;63.5
71;2021-08-14;282;521;410020;348464;74.8;63.6
71;2021-08-15;49;110;410069;348574;74.9;63.6
71;2021-08-16;1708;3528;411777;352102;75.2;64.3
71;2021-08-17;1737;3435;413514;355537;75.5;64.9
71;2021-08-18;1450;3166;414964;358703;75.7;65.5
71;2021-08-19;1267;3116;416231;361819;76.0;66.0
71;2021-08-20;1284;3699;417515;365518;76.2;66.7
71;2021-08-21;145;413;417660;365931;76.2;66.8
71;2021-08-22;40;99;417700;366030;76.2;66.8
71;2021-08-23;1419;4541;419119;370571;76.5;67.6
71;2021-08-24;1324;3798;420443;374369;76.7;68.3
71;2021-08-25;948;3772;421391;378141;76.9;69.0
71;2021-08-26;954;3392;422345;381533;77.1;69.6
71;2021-08-27;1147;4462;423492;385995;77.3;70.5
71;2021-08-28;195;413;423687;386408;77.3;70.5
71;2021-08-29;28;106;423715;386514;77.3;70.6
71;2021-08-30;1251;3939;424966;390453;77.6;71.3
71;2021-08-31;1014;3619;425980;394072;77.8;71.9
71;2021-09-01;930;3540;426910;397612;77.9;72.6
71;2021-09-02;599;3102;427509;400714;78.0;73.1
71;2021-09-03;833;4007;428342;404721;78.2;73.9
71;2021-09-04;256;584;428598;405305;78.2;74.0
71;2021-09-05;23;56;428621;405361;78.2;74.0
71;2021-09-06;632;2727;429253;408088;78.4;74.5
71;2021-09-07;514;2196;429767;410284;78.4;74.9
71;2021-09-08;701;2501;430468;412785;78.6;75.3
72;2020-12-27;0;0;0;0;0.0;0.0
72;2020-12-28;0;0;0;0;0.0;0.0
72;2020-12-29;0;0;0;0;0.0;0.0
72;2020-12-30;0;0;0;0;0.0;0.0
72;2020-12-31;0;0;0;0;0.0;0.0
72;2021-01-01;2;0;2;0;0.0;0.0
72;2021-01-02;0;0;2;0;0.0;0.0
72;2021-01-03;0;0;2;0;0.0;0.0
72;2021-01-04;0;0;2;0;0.0;0.0
72;2021-01-05;14;0;16;0;0.0;0.0
72;2021-01-06;27;0;43;0;0.0;0.0
72;2021-01-07;110;0;153;0;0.0;0.0
72;2021-01-08;232;0;385;0;0.1;0.0
72;2021-01-09;36;0;421;0;0.1;0.0
72;2021-01-10;0;0;421;0;0.1;0.0
72;2021-01-11;485;1;906;1;0.2;0.0
72;2021-01-12;615;1;1521;2;0.3;0.0
72;2021-01-13;500;1;2021;3;0.4;0.0
72;2021-01-14;644;3;2665;6;0.5;0.0
72;2021-01-15;478;1;3143;7;0.6;0.0
72;2021-01-16;94;0;3237;7;0.6;0.0
72;2021-01-17;0;0;3237;7;0.6;0.0
72;2021-01-18;293;0;3530;7;0.6;0.0
72;2021-01-19;777;4;4307;11;0.8;0.0
72;2021-01-20;1538;6;5845;17;1.0;0.0
72;2021-01-21;1776;5;7621;22;1.4;0.0
72;2021-01-22;1149;5;8770;27;1.6;0.0
72;2021-01-23;32;0;8802;27;1.6;0.0
72;2021-01-24;0;0;8802;27;1.6;0.0
72;2021-01-25;503;7;9305;34;1.7;0.0
72;2021-01-26;1164;21;10469;55;1.9;0.0
72;2021-01-27;884;20;11353;75;2.0;0.0
72;2021-01-28;777;68;12130;143;2.2;0.0
72;2021-01-29;712;63;12842;206;2.3;0.0
72;2021-01-30;58;0;12900;206;2.3;0.0
72;2021-01-31;1;0;12901;206;2.3;0.0
72;2021-02-01;499;222;13400;428;2.4;0.1
72;2021-02-02;507;290;13907;718;2.5;0.1
72;2021-02-03;487;216;14394;934;2.6;0.2
72;2021-02-04;476;336;14870;1270;2.7;0.2
72;2021-02-05;514;318;15384;1588;2.7;0.3
72;2021-02-06;83;8;15467;1596;2.8;0.3
72;2021-02-07;19;3;15486;1599;2.8;0.3
72;2021-02-08;310;360;15796;1959;2.8;0.3
72;2021-02-09;489;507;16285;2466;2.9;0.4
72;2021-02-10;567;910;16852;3376;3.0;0.6
72;2021-02-11;861;1321;17713;4697;3.2;0.8
72;2021-02-12;851;578;18564;5275;3.3;0.9
72;2021-02-13;109;35;18673;5310;3.3;0.9
72;2021-02-14;1;22;18674;5332;3.3;1.0
72;2021-02-15;220;425;18894;5757;3.4;1.0
72;2021-02-16;502;959;19396;6716;3.5;1.2
72;2021-02-17;463;643;19859;7359;3.5;1.3
72;2021-02-18;594;571;20453;7930;3.7;1.4
72;2021-02-19;521;532;20974;8462;3.7;1.5
72;2021-02-20;79;50;21053;8512;3.8;1.5
72;2021-02-21;0;0;21053;8512;3.8;1.5
72;2021-02-22;328;507;21381;9019;3.8;1.6
72;2021-02-23;569;411;21950;9430;3.9;1.7
72;2021-02-24;435;430;22385;9860;4.0;1.8
72;2021-02-25;922;504;23307;10364;4.2;1.8
72;2021-02-26;600;443;23907;10807;4.3;1.9
72;2021-02-27;322;40;24229;10847;4.3;1.9
72;2021-02-28;15;17;24244;10864;4.3;1.9
72;2021-03-01;378;422;24622;11286;4.4;2.0
72;2021-03-02;503;545;25125;11831;4.5;2.1
72;2021-03-03;733;581;25858;12412;4.6;2.2
72;2021-03-04;741;732;26599;13144;4.7;2.3
72;2021-03-05;935;735;27534;13879;4.9;2.5
72;2021-03-06;761;117;28295;13996;5.1;2.5
72;2021-03-07;448;26;28743;14022;5.1;2.5
72;2021-03-08;560;429;29303;14451;5.2;2.6
72;2021-03-09;1045;625;30348;15076;5.4;2.7
72;2021-03-10;1137;651;31485;15727;5.6;2.8
72;2021-03-11;1611;483;33096;16210;5.9;2.9
72;2021-03-12;1364;518;34460;16728;6.2;3.0
72;2021-03-13;983;120;35443;16848;6.3;3.0
72;2021-03-14;14;10;35457;16858;6.3;3.0
72;2021-03-15;1159;222;36616;17080;6.5;3.0
72;2021-03-16;1052;181;37668;17261;6.7;3.1
72;2021-03-17;1035;260;38703;17521;6.9;3.1
72;2021-03-18;1088;367;39791;17888;7.1;3.2
72;2021-03-19;1275;288;41066;18176;7.3;3.2
72;2021-03-20;488;89;41554;18265;7.4;3.3
72;2021-03-21;19;0;41573;18265;7.4;3.3
72;2021-03-22;1347;341;42920;18606;7.7;3.3
72;2021-03-23;1724;473;44644;19079;8.0;3.4
72;2021-03-24;1840;299;46484;19378;8.3;3.5
72;2021-03-25;2446;462;48930;19840;8.7;3.5
72;2021-03-26;2336;368;51266;20208;9.2;3.6
72;2021-03-27;614;31;51880;20239;9.3;3.6
72;2021-03-28;22;0;51902;20239;9.3;3.6
72;2021-03-29;1616;382;53518;20621;9.6;3.7
72;2021-03-30;2496;386;56014;21007;10.0;3.7
72;2021-03-31;2145;364;58159;21371;10.4;3.8
72;2021-04-01;2851;351;61010;21722;10.9;3.9
72;2021-04-02;2249;400;63259;22122;11.3;3.9
72;2021-04-03;292;39;63551;22161;11.3;4.0
72;2021-04-04;16;3;63567;22164;11.3;4.0
72;2021-04-05;51;49;63618;22213;11.4;4.0
72;2021-04-06;1759;469;65377;22682;11.7;4.0
72;2021-04-07;2575;599;67952;23281;12.1;4.2
72;2021-04-08;2724;781;70676;24062;12.6;4.3
72;2021-04-09;3863;582;74539;24644;13.3;4.4
72;2021-04-10;1112;52;75651;24696;13.5;4.4
72;2021-04-11;8;1;75659;24697;13.5;4.4
72;2021-04-12;1850;902;77509;25599;13.8;4.6
72;2021-04-13;2373;1075;79882;26674;14.3;4.8
72;2021-04-14;2250;1096;82132;27770;14.7;5.0
72;2021-04-15;2422;1117;84554;28887;15.1;5.2
72;2021-04-16;2563;961;87117;29848;15.6;5.3
72;2021-04-17;707;144;87824;29992;15.7;5.4
72;2021-04-18;57;2;87881;29994;15.7;5.4
72;2021-04-19;1396;1090;89277;31084;15.9;5.5
72;2021-04-20;2997;1305;92274;32389;16.5;5.8
72;2021-04-21;2517;1562;94791;33951;16.9;6.1
72;2021-04-22;2815;1794;97606;35745;17.4;6.4
72;2021-04-23;3214;1456;100820;37201;18.0;6.6
72;2021-04-24;1400;268;102220;37469;18.2;6.7
72;2021-04-25;881;18;103101;37487;18.4;6.7
72;2021-04-26;3514;1475;106615;38962;19.0;7.0
72;2021-04-27;4092;1855;110707;40817;19.8;7.3
72;2021-04-28;3834;1872;114541;42689;20.4;7.6
72;2021-04-29;4160;1786;118701;44475;21.2;7.9
72;2021-04-30;3615;1709;122316;46184;21.8;8.2
72;2021-05-01;1642;225;123958;46409;22.1;8.3
72;2021-05-02;1533;161;125491;46570;22.4;8.3
72;2021-05-03;3456;1154;128947;47724;23.0;8.5
72;2021-05-04;4012;1798;132959;49522;23.7;8.8
72;2021-05-05;3868;2178;136827;51700;24.4;9.2
72;2021-05-06;3597;1936;140424;53636;25.1;9.6
72;2021-05-07;3543;2145;143967;55781;25.7;10.0
72;2021-05-08;1899;152;145866;55933;26.0;10.0
72;2021-05-09;2082;214;147948;56147;26.4;10.0
72;2021-05-10;3770;1525;151718;57672;27.1;10.3
72;2021-05-11;4598;1992;156316;59664;27.9;10.6
72;2021-05-12;4081;1819;160397;61483;28.6;11.0
72;2021-05-13;3031;272;163428;61755;29.2;11.0
72;2021-05-14;3663;1396;167091;63151;29.8;11.3
72;2021-05-15;3121;366;170212;63517;30.4;11.3
72;2021-05-16;2502;153;172714;63670;30.8;11.4
72;2021-05-17;3725;1282;176439;64952;31.5;11.6
72;2021-05-18;4331;1688;180770;66640;32.3;11.9
72;2021-05-19;3977;1510;184747;68150;33.0;12.2
72;2021-05-20;4262;1453;189009;69603;33.7;12.4
72;2021-05-21;3789;1388;192798;70991;34.4;12.7
72;2021-05-22;2561;506;195359;71497;34.9;12.8
72;2021-05-23;1391;164;196750;71661;35.1;12.8
72;2021-05-24;2353;295;199103;71956;35.5;12.8
72;2021-05-25;4075;1412;203178;73368;36.3;13.1
72;2021-05-26;4096;1415;207274;74783;37.0;13.3
72;2021-05-27;4346;2049;211620;76832;37.8;13.7
72;2021-05-28;4106;2009;215726;78841;38.5;14.1
72;2021-05-29;2668;806;218394;79647;39.0;14.2
72;2021-05-30;1142;870;219536;80517;39.2;14.4
72;2021-05-31;3121;2330;222657;82847;39.7;14.8
72;2021-06-01;3568;2669;226225;85516;40.4;15.3
72;2021-06-02;3613;2782;229838;88298;41.0;15.8
72;2021-06-03;4242;2997;234080;91295;41.8;16.3
72;2021-06-04;3890;2750;237970;94045;42.5;16.8
72;2021-06-05;1440;2568;239410;96613;42.7;17.2
72;2021-06-06;908;1541;240318;98154;42.9;17.5
72;2021-06-07;1746;3424;242064;101578;43.2;18.1
72;2021-06-08;2931;3832;244995;105410;43.7;18.8
72;2021-06-09;2648;3370;247643;108780;44.2;19.4
72;2021-06-10;2825;3316;250468;112096;44.7;20.0
72;2021-06-11;2840;3774;253308;115870;45.2;20.7
72;2021-06-12;1242;2601;254550;118471;45.4;21.1
72;2021-06-13;388;1860;254938;120331;45.5;21.5
72;2021-06-14;1336;4128;256274;124459;45.7;22.2
72;2021-06-15;2755;3513;259029;127972;46.2;22.8
72;2021-06-16;2428;3579;261457;131551;46.7;23.5
72;2021-06-17;2320;3869;263777;135420;47.1;24.2
72;2021-06-18;2309;4314;266086;139734;47.5;24.9
72;2021-06-19;1128;2764;267214;142498;47.7;25.4
72;2021-06-20;339;2057;267553;144555;47.8;25.8
72;2021-06-21;1563;4028;269116;148583;48.0;26.5
72;2021-06-22;1712;4992;270828;153575;48.3;27.4
72;2021-06-23;2007;4221;272835;157796;48.7;28.2
72;2021-06-24;2233;4012;275068;161808;49.1;28.9
72;2021-06-25;1774;4839;276842;166647;49.4;29.7
72;2021-06-26;1190;2877;278032;169524;49.6;30.3
72;2021-06-27;392;2112;278424;171636;49.7;30.6
72;2021-06-28;1440;4294;279864;175930;50.0;31.4
72;2021-06-29;1770;4742;281634;180672;50.3;32.2
72;2021-06-30;1980;4170;283614;184842;50.6;33.0
72;2021-07-01;1951;4415;285565;189257;51.0;33.8
72;2021-07-02;1853;4716;287418;193973;51.3;34.6
72;2021-07-03;1294;3123;288712;197096;51.5;35.2
72;2021-07-04;584;1949;289296;199045;51.6;35.5
72;2021-07-05;1195;4165;290491;203210;51.9;36.3
72;2021-07-06;1462;5156;291953;208366;52.1;37.2
72;2021-07-07;1582;4611;293535;212977;52.4;38.0
72;2021-07-08;1648;4326;295183;217303;52.7;38.8
72;2021-07-09;2107;4604;297290;221907;53.1;39.6
72;2021-07-10;1595;2690;298885;224597;53.4;40.1
72;2021-07-11;948;1587;299833;226184;53.5;40.4
72;2021-07-12;1592;3753;301425;229937;53.8;41.0
72;2021-07-13;2090;4774;303515;234711;54.2;41.9
72;2021-07-14;1327;2365;304842;237076;54.4;42.3
72;2021-07-15;3488;3422;308330;240498;55.0;42.9
72;2021-07-16;3175;4125;311505;244623;55.6;43.7
72;2021-07-17;2646;1759;314151;246382;56.1;44.0
72;2021-07-18;1710;823;315861;247205;56.4;44.1
72;2021-07-19;2919;3507;318780;250712;56.9;44.8
72;2021-07-20;3038;4281;321818;254993;57.4;45.5
72;2021-07-21;2883;3586;324701;258579;58.0;46.2
72;2021-07-22;3772;2911;328473;261490;58.6;46.7
72;2021-07-23;3478;3789;331951;265279;59.3;47.4
72;2021-07-24;2820;1461;334771;266740;59.8;47.6
72;2021-07-25;1456;1080;336227;267820;60.0;47.8
72;2021-07-26;2725;2918;338952;270738;60.5;48.3
72;2021-07-27;3859;3817;342811;274555;61.2;49.0
72;2021-07-28;3571;3120;346382;277675;61.8;49.6
72;2021-07-29;3568;2711;349950;280386;62.5;50.0
72;2021-07-30;3786;3382;353736;283768;63.1;50.7
72;2021-07-31;2549;1747;356285;285515;63.6;51.0
72;2021-08-01;1836;432;358121;285947;63.9;51.0
72;2021-08-02;3213;2285;361334;288232;64.5;51.4
72;2021-08-03;3237;3298;364571;291530;65.1;52.0
72;2021-08-04;3769;2547;368340;294077;65.7;52.5
72;2021-08-05;3767;2459;372107;296536;66.4;52.9
72;2021-08-06;3338;2693;375445;299229;67.0;53.4
72;2021-08-07;2347;1612;377792;300841;67.4;53.7
72;2021-08-08;1622;697;379414;301538;67.7;53.8
72;2021-08-09;2698;2665;382112;304203;68.2;54.3
72;2021-08-10;2917;2748;385029;306951;68.7;54.8
72;2021-08-11;2367;2203;387396;309154;69.1;55.2
72;2021-08-12;2377;2598;389773;311752;69.6;55.6
72;2021-08-13;2153;2295;391926;314047;70.0;56.1
72;2021-08-14;1164;1548;393090;315595;70.2;56.3
72;2021-08-15;622;613;393712;316208;70.3;56.4
72;2021-08-16;1653;2375;395365;318583;70.6;56.9
72;2021-08-17;1711;2891;397076;321474;70.9;57.4
72;2021-08-18;1710;2873;398786;324347;71.2;57.9
72;2021-08-19;1246;2916;400032;327263;71.4;58.4
72;2021-08-20;1650;3170;401682;330433;71.7;59.0
72;2021-08-21;697;2030;402379;332463;71.8;59.3
72;2021-08-22;256;1150;402635;333613;71.9;59.5
72;2021-08-23;1733;3421;404368;337034;72.2;60.2
72;2021-08-24;1524;4127;405892;341161;72.5;60.9
72;2021-08-25;1593;3448;407485;344609;72.7;61.5
72;2021-08-26;1265;4443;408750;349052;73.0;62.3
72;2021-08-27;1185;4108;409935;353160;73.2;63.0
72;2021-08-28;877;2654;410812;355814;73.3;63.5
72;2021-08-29;356;1683;411168;357497;73.4;63.8
72;2021-08-30;1131;3465;412299;360962;73.6;64.4
72;2021-08-31;1216;4010;413515;364972;73.8;65.1
72;2021-09-01;1066;3308;414581;368280;74.0;65.7
72;2021-09-02;900;3457;415481;371737;74.2;66.4
72;2021-09-03;926;3299;416407;375036;74.3;66.9
72;2021-09-04;701;2658;417108;377694;74.5;67.4
72;2021-09-05;256;1553;417364;379247;74.5;67.7
72;2021-09-06;585;2811;417949;382058;74.6;68.2
72;2021-09-07;494;2940;418443;384998;74.7;68.7
72;2021-09-08;615;3165;419058;388163;74.8;69.3
73;2020-12-27;0;0;0;0;0.0;0.0
73;2020-12-28;1;0;1;0;0.0;0.0
73;2020-12-29;0;0;1;0;0.0;0.0
73;2020-12-30;0;0;1;0;0.0;0.0
73;2020-12-31;0;0;1;0;0.0;0.0
73;2021-01-01;0;0;1;0;0.0;0.0
73;2021-01-02;0;0;1;0;0.0;0.0
73;2021-01-03;0;0;1;0;0.0;0.0
73;2021-01-04;1;0;2;0;0.0;0.0
73;2021-01-05;0;0;2;0;0.0;0.0
73;2021-01-06;1;0;3;0;0.0;0.0
73;2021-01-07;30;0;33;0;0.0;0.0
73;2021-01-08;81;0;114;0;0.0;0.0
73;2021-01-09;0;0;114;0;0.0;0.0
73;2021-01-10;0;0;114;0;0.0;0.0
73;2021-01-11;100;0;214;0;0.0;0.0
73;2021-01-12;303;1;517;1;0.1;0.0
73;2021-01-13;360;1;877;2;0.2;0.0
73;2021-01-14;515;2;1392;4;0.3;0.0
73;2021-01-15;617;1;2009;5;0.5;0.0
73;2021-01-16;128;0;2137;5;0.5;0.0
73;2021-01-17;0;0;2137;5;0.5;0.0
73;2021-01-18;624;0;2761;5;0.6;0.0
73;2021-01-19;1241;2;4002;7;0.9;0.0
73;2021-01-20;951;2;4953;9;1.1;0.0
73;2021-01-21;984;4;5937;13;1.4;0.0
73;2021-01-22;947;0;6884;13;1.6;0.0
73;2021-01-23;387;0;7271;13;1.7;0.0
73;2021-01-24;0;0;7271;13;1.7;0.0
73;2021-01-25;656;6;7927;19;1.8;0.0
73;2021-01-26;761;2;8688;21;2.0;0.0
73;2021-01-27;1106;5;9794;26;2.3;0.0
73;2021-01-28;961;5;10755;31;2.5;0.0
73;2021-01-29;683;5;11438;36;2.6;0.0
73;2021-01-30;345;3;11783;39;2.7;0.0
73;2021-01-31;0;0;11783;39;2.7;0.0
73;2021-02-01;607;38;12390;77;2.9;0.0
73;2021-02-02;753;331;13143;408;3.0;0.1
73;2021-02-03;650;345;13793;753;3.2;0.2
73;2021-02-04;626;230;14419;983;3.3;0.2
73;2021-02-05;680;402;15099;1385;3.5;0.3
73;2021-02-06;262;38;15361;1423;3.6;0.3
73;2021-02-07;1;0;15362;1423;3.6;0.3
73;2021-02-08;523;248;15885;1671;3.7;0.4
73;2021-02-09;793;420;16678;2091;3.9;0.5
73;2021-02-10;900;380;17578;2471;4.1;0.6
73;2021-02-11;962;689;18540;3160;4.3;0.7
73;2021-02-12;810;482;19350;3642;4.5;0.8
73;2021-02-13;263;53;19613;3695;4.5;0.9
73;2021-02-14;1;0;19614;3695;4.5;0.9
73;2021-02-15;347;436;19961;4131;4.6;1.0
73;2021-02-16;454;669;20415;4800;4.7;1.1
73;2021-02-17;451;880;20866;5680;4.8;1.3
73;2021-02-18;468;479;21334;6159;4.9;1.4
73;2021-02-19;445;574;21779;6733;5.0;1.6
73;2021-02-20;69;212;21848;6945;5.1;1.6
73;2021-02-21;0;0;21848;6945;5.1;1.6
73;2021-02-22;240;390;22088;7335;5.1;1.7
73;2021-02-23;327;475;22415;7810;5.2;1.8
73;2021-02-24;487;656;22902;8466;5.3;2.0
73;2021-02-25;503;471;23405;8937;5.4;2.1
73;2021-02-26;730;528;24135;9465;5.6;2.2
73;2021-02-27;330;218;24465;9683;5.7;2.2
73;2021-02-28;1;1;24466;9684;5.7;2.2
73;2021-03-01;557;471;25023;10155;5.8;2.3
73;2021-03-02;667;832;25690;10987;5.9;2.5
73;2021-03-03;642;1110;26332;12097;6.1;2.8
73;2021-03-04;1039;852;27371;12949;6.3;3.0
73;2021-03-05;1240;578;28611;13527;6.6;3.1
73;2021-03-06;1091;318;29702;13845;6.9;3.2
73;2021-03-07;455;90;30157;13935;7.0;3.2
73;2021-03-08;606;415;30763;14350;7.1;3.3
73;2021-03-09;983;516;31746;14866;7.3;3.4
73;2021-03-10;1035;831;32781;15697;7.6;3.6
73;2021-03-11;1557;642;34338;16339;7.9;3.8
73;2021-03-12;2018;531;36356;16870;8.4;3.9
73;2021-03-13;1179;204;37535;17074;8.7;3.9
73;2021-03-14;66;3;37601;17077;8.7;3.9
73;2021-03-15;1185;395;38786;17472;9.0;4.0
73;2021-03-16;796;397;39582;17869;9.2;4.1
73;2021-03-17;877;475;40459;18344;9.4;4.2
73;2021-03-18;1351;257;41810;18601;9.7;4.3
73;2021-03-19;1765;392;43575;18993;10.1;4.4
73;2021-03-20;888;127;44463;19120;10.3;4.4
73;2021-03-21;123;2;44586;19122;10.3;4.4
73;2021-03-22;1183;397;45769;19519;10.6;4.5
73;2021-03-23;1447;238;47216;19757;10.9;4.6
73;2021-03-24;1593;344;48809;20101;11.3;4.6
73;2021-03-25;2063;386;50872;20487;11.8;4.7
73;2021-03-26;2472;365;53344;20852;12.3;4.8
73;2021-03-27;885;146;54229;20998;12.5;4.9
73;2021-03-28;312;14;54541;21012;12.6;4.9
73;2021-03-29;1509;238;56050;21250;13.0;4.9
73;2021-03-30;2088;485;58138;21735;13.4;5.0
73;2021-03-31;2089;401;60227;22136;13.9;5.1
73;2021-04-01;2087;334;62314;22470;14.4;5.2
73;2021-04-02;2363;227;64677;22697;15.0;5.2
73;2021-04-03;848;147;65525;22844;15.1;5.3
73;2021-04-04;188;17;65713;22861;15.2;5.3
73;2021-04-05;212;26;65925;22887;15.2;5.3
73;2021-04-06;1508;509;67433;23396;15.6;5.4
73;2021-04-07;1946;651;69379;24047;16.0;5.6
73;2021-04-08;2491;821;71870;24868;16.6;5.7
73;2021-04-09;3062;522;74932;25390;17.3;5.9
73;2021-04-10;1135;320;76067;25710;17.6;5.9
73;2021-04-11;163;10;76230;25720;17.6;5.9
73;2021-04-12;1694;981;77924;26701;18.0;6.2
73;2021-04-13;1892;1129;79816;27830;18.5;6.4
73;2021-04-14;2018;1092;81834;28922;18.9;6.7
73;2021-04-15;2416;1187;84250;30109;19.5;7.0
73;2021-04-16;1894;933;86144;31042;19.9;7.2
73;2021-04-17;1176;561;87320;31603;20.2;7.3
73;2021-04-18;155;76;87475;31679;20.2;7.3
73;2021-04-19;1383;1061;88858;32740;20.5;7.6
73;2021-04-20;1790;1321;90648;34061;21.0;7.9
73;2021-04-21;1576;1301;92224;35362;21.3;8.2
73;2021-04-22;1813;1226;94037;36588;21.7;8.5
73;2021-04-23;1896;1253;95933;37841;22.2;8.7
73;2021-04-24;980;673;96913;38514;22.4;8.9
73;2021-04-25;79;96;96992;38610;22.4;8.9
73;2021-04-26;1164;1319;98156;39929;22.7;9.2
73;2021-04-27;1441;1471;99597;41400;23.0;9.6
73;2021-04-28;1732;1460;101329;42860;23.4;9.9
73;2021-04-29;2413;1564;103742;44424;24.0;10.3
73;2021-04-30;2397;1441;106139;45865;24.5;10.6
73;2021-05-01;1068;309;107207;46174;24.8;10.7
73;2021-05-02;34;165;107241;46339;24.8;10.7
73;2021-05-03;1392;1594;108633;47933;25.1;11.1
73;2021-05-04;1712;1827;110345;49760;25.5;11.5
73;2021-05-05;1976;1687;112321;51447;26.0;11.9
73;2021-05-06;2431;1697;114752;53144;26.5;12.3
73;2021-05-07;2261;1843;117013;54987;27.1;12.7
73;2021-05-08;1836;377;118849;55364;27.5;12.8
73;2021-05-09;127;125;118976;55489;27.5;12.8
73;2021-05-10;1608;1891;120584;57380;27.9;13.3
73;2021-05-11;2379;2368;122963;59748;28.4;13.8
73;2021-05-12;3555;2094;126518;61842;29.2;14.3
73;2021-05-13;1554;277;128072;62119;29.6;14.4
73;2021-05-14;1588;1494;129660;63613;30.0;14.7
73;2021-05-15;1448;943;131108;64556;30.3;14.9
73;2021-05-16;131;62;131239;64618;30.3;14.9
73;2021-05-17;1711;1952;132950;66570;30.7;15.4
73;2021-05-18;2495;1735;135445;68305;31.3;15.8
73;2021-05-19;2539;1624;137984;69929;31.9;16.2
73;2021-05-20;3161;1502;141145;71431;32.6;16.5
73;2021-05-21;2473;1849;143618;73280;33.2;16.9
73;2021-05-22;1989;922;145607;74202;33.7;17.2
73;2021-05-23;212;15;145819;74217;33.7;17.2
73;2021-05-24;2565;326;148384;74543;34.3;17.2
73;2021-05-25;2139;1742;150523;76285;34.8;17.6
73;2021-05-26;2343;2000;152866;78285;35.3;18.1
73;2021-05-27;3082;1714;155948;79999;36.1;18.5
73;2021-05-28;2919;2371;158867;82370;36.7;19.0
73;2021-05-29;2316;1321;161183;83691;37.3;19.3
73;2021-05-30;187;14;161370;83705;37.3;19.4
73;2021-05-31;2410;1630;163780;85335;37.9;19.7
73;2021-06-01;3178;1790;166958;87125;38.6;20.1
73;2021-06-02;3107;1453;170065;88578;39.3;20.5
73;2021-06-03;4424;1741;174489;90319;40.3;20.9
73;2021-06-04;4277;2183;178766;92502;41.3;21.4
73;2021-06-05;3161;1280;181927;93782;42.1;21.7
73;2021-06-06;1881;298;183808;94080;42.5;21.8
73;2021-06-07;2760;2147;186568;96227;43.1;22.2
73;2021-06-08;2685;1873;189253;98100;43.8;22.7
73;2021-06-09;2366;1790;191619;99890;44.3;23.1
73;2021-06-10;2006;1643;193625;101533;44.8;23.5
73;2021-06-11;2191;2441;195816;103974;45.3;24.0
73;2021-06-12;2246;1333;198062;105307;45.8;24.3
73;2021-06-13;44;82;198106;105389;45.8;24.4
73;2021-06-14;1347;2930;199453;108319;46.1;25.0
73;2021-06-15;1592;2755;201045;111074;46.5;25.7
73;2021-06-16;1467;2565;202512;113639;46.8;26.3
73;2021-06-17;946;1728;203458;115367;47.0;26.7
73;2021-06-18;1884;2932;205342;118299;47.5;27.3
73;2021-06-19;1422;1986;206764;120285;47.8;27.8
73;2021-06-20;448;306;207212;120591;47.9;27.9
73;2021-06-21;1110;2938;208322;123529;48.2;28.6
73;2021-06-22;1093;2871;209415;126400;48.4;29.2
73;2021-06-23;1085;3136;210500;129536;48.7;29.9
73;2021-06-24;883;1795;211383;131331;48.9;30.4
73;2021-06-25;1325;2798;212708;134129;49.2;31.0
73;2021-06-26;967;2396;213675;136525;49.4;31.6
73;2021-06-27;328;549;214003;137074;49.5;31.7
73;2021-06-28;971;3556;214974;140630;49.7;32.5
73;2021-06-29;1075;3341;216049;143971;49.9;33.3
73;2021-06-30;1240;3118;217289;147089;50.2;34.0
73;2021-07-01;1137;2362;218426;149451;50.5;34.6
73;2021-07-02;1206;3618;219632;153069;50.8;35.4
73;2021-07-03;961;2794;220593;155863;51.0;36.0
73;2021-07-04;301;619;220894;156482;51.1;36.2
73;2021-07-05;1156;3683;222050;160165;51.3;37.0
73;2021-07-06;1251;2950;223301;163115;51.6;37.7
73;2021-07-07;1444;2949;224745;166064;52.0;38.4
73;2021-07-08;1370;2299;226115;168363;52.3;38.9
73;2021-07-09;1430;4026;227545;172389;52.6;39.9
73;2021-07-10;890;3012;228435;175401;52.8;40.6
73;2021-07-11;561;1469;228996;176870;52.9;40.9
73;2021-07-12;1060;4196;230056;181066;53.2;41.9
73;2021-07-13;1729;4227;231785;185293;53.6;42.8
73;2021-07-14;1844;1919;233629;187212;54.0;43.3
73;2021-07-15;2747;3795;236376;191007;54.6;44.2
73;2021-07-16;2416;4016;238792;195023;55.2;45.1
73;2021-07-17;1515;2606;240307;197629;55.6;45.7
73;2021-07-18;1176;1217;241483;198846;55.8;46.0
73;2021-07-19;2451;3249;243934;202095;56.4;46.7
73;2021-07-20;3368;2854;247302;204949;57.2;47.4
73;2021-07-21;3382;2790;250684;207739;58.0;48.0
73;2021-07-22;2733;2212;253417;209951;58.6;48.5
73;2021-07-23;3416;2902;256833;212853;59.4;49.2
73;2021-07-24;2059;2280;258892;215133;59.9;49.7
73;2021-07-25;624;797;259516;215930;60.0;49.9
73;2021-07-26;2634;2494;262150;218424;60.6;50.5
73;2021-07-27;3815;2274;265965;220698;61.5;51.0
73;2021-07-28;3535;2094;269500;222792;62.3;51.5
73;2021-07-29;3981;2153;273481;224945;63.2;52.0
73;2021-07-30;3564;2473;277045;227418;64.0;52.6
73;2021-07-31;2477;1591;279522;229009;64.6;52.9
73;2021-08-01;833;620;280355;229629;64.8;53.1
73;2021-08-02;3089;2102;283444;231731;65.5;53.6
73;2021-08-03;3492;1999;286936;233730;66.3;54.0
73;2021-08-04;3299;2023;290235;235753;67.1;54.5
73;2021-08-05;2871;2231;293106;237984;67.8;55.0
73;2021-08-06;2510;2380;295616;240364;68.3;55.6
73;2021-08-07;1408;1480;297024;241844;68.7;55.9
73;2021-08-08;434;619;297458;242463;68.8;56.1
73;2021-08-09;1784;2391;299242;244854;69.2;56.6
73;2021-08-10;1877;2490;301119;247344;69.6;57.2
73;2021-08-11;1803;2535;302922;249879;70.0;57.8
73;2021-08-12;1672;2502;304594;252381;70.4;58.3
73;2021-08-13;1454;2841;306048;255222;70.8;59.0
73;2021-08-14;984;1534;307032;256756;71.0;59.4
73;2021-08-15;92;160;307124;256916;71.0;59.4
73;2021-08-16;945;1394;308069;258310;71.2;59.7
73;2021-08-17;957;1961;309026;260271;71.4;60.2
73;2021-08-18;1027;2840;310053;263111;71.7;60.8
73;2021-08-19;954;3051;311007;266162;71.9;61.5
73;2021-08-20;785;3143;311792;269305;72.1;62.3
73;2021-08-21;412;1835;312204;271140;72.2;62.7
73;2021-08-22;268;935;312472;272075;72.2;62.9
73;2021-08-23;650;2967;313122;275042;72.4;63.6
73;2021-08-24;891;3157;314013;278199;72.6;64.3
73;2021-08-25;709;2904;314722;281103;72.8;65.0
73;2021-08-26;684;2424;315406;283527;72.9;65.5
73;2021-08-27;787;2748;316193;286275;73.1;66.2
73;2021-08-28;456;1746;316649;288021;73.2;66.6
73;2021-08-29;302;1015;316951;289036;73.3;66.8
73;2021-08-30;816;2585;317767;291621;73.5;67.4
73;2021-08-31;808;2387;318575;294008;73.7;68.0
73;2021-09-01;739;2247;319314;296255;73.8;68.5
73;2021-09-02;615;2010;319929;298265;74.0;69.0
73;2021-09-03;691;2206;320620;300471;74.1;69.5
73;2021-09-04;527;1462;321147;301933;74.2;69.8
73;2021-09-05;226;751;321373;302684;74.3;70.0
73;2021-09-06;345;1287;321718;303971;74.4;70.3
73;2021-09-07;409;1089;322127;305060;74.5;70.5
73;2021-09-08;482;1177;322609;306237;74.6;70.8
74;2020-12-27;8;0;8;0;0.0;0.0
74;2020-12-28;3;0;11;0;0.0;0.0
74;2020-12-29;0;0;11;0;0.0;0.0
74;2020-12-30;2;0;13;0;0.0;0.0
74;2020-12-31;0;0;13;0;0.0;0.0
74;2021-01-01;0;0;13;0;0.0;0.0
74;2021-01-02;1;1;14;1;0.0;0.0
74;2021-01-03;0;0;14;1;0.0;0.0
74;2021-01-04;3;0;17;1;0.0;0.0
74;2021-01-05;2;0;19;1;0.0;0.0
74;2021-01-06;44;0;63;1;0.0;0.0
74;2021-01-07;219;1;282;2;0.0;0.0
74;2021-01-08;292;2;574;4;0.1;0.0
74;2021-01-09;78;0;652;4;0.1;0.0
74;2021-01-10;74;0;726;4;0.1;0.0
74;2021-01-11;375;0;1101;4;0.1;0.0
74;2021-01-12;406;3;1507;7;0.2;0.0
74;2021-01-13;396;0;1903;7;0.2;0.0
74;2021-01-14;478;1;2381;8;0.3;0.0
74;2021-01-15;645;4;3026;12;0.4;0.0
74;2021-01-16;252;1;3278;13;0.4;0.0
74;2021-01-17;133;1;3411;14;0.4;0.0
74;2021-01-18;524;0;3935;14;0.5;0.0
74;2021-01-19;808;2;4743;16;0.6;0.0
74;2021-01-20;1277;4;6020;20;0.7;0.0
74;2021-01-21;1567;2;7587;22;0.9;0.0
74;2021-01-22;1243;6;8830;28;1.1;0.0
74;2021-01-23;344;1;9174;29;1.1;0.0
74;2021-01-24;91;0;9265;29;1.1;0.0
74;2021-01-25;801;2;10066;31;1.2;0.0
74;2021-01-26;1365;14;11431;45;1.4;0.0
74;2021-01-27;1082;11;12513;56;1.5;0.0
74;2021-01-28;998;29;13511;85;1.6;0.0
74;2021-01-29;878;38;14389;123;1.7;0.0
74;2021-01-30;305;1;14694;124;1.8;0.0
74;2021-01-31;84;1;14778;125;1.8;0.0
74;2021-02-01;631;44;15409;169;1.9;0.0
74;2021-02-02;645;152;16054;321;1.9;0.0
74;2021-02-03;604;115;16658;436;2.0;0.1
74;2021-02-04;613;127;17271;563;2.1;0.1
74;2021-02-05;549;196;17820;759;2.2;0.1
74;2021-02-06;273;119;18093;878;2.2;0.1
74;2021-02-07;94;107;18187;985;2.2;0.1
74;2021-02-08;618;322;18805;1307;2.3;0.2
74;2021-02-09;537;468;19342;1775;2.3;0.2
74;2021-02-10;688;486;20030;2261;2.4;0.3
74;2021-02-11;1070;974;21100;3235;2.5;0.4
74;2021-02-12;911;584;22011;3819;2.7;0.5
74;2021-02-13;405;221;22416;4040;2.7;0.5
74;2021-02-14;317;102;22733;4142;2.7;0.5
74;2021-02-15;278;712;23011;4854;2.8;0.6
74;2021-02-16;488;939;23499;5793;2.8;0.7
74;2021-02-17;531;983;24030;6776;2.9;0.8
74;2021-02-18;470;902;24500;7678;3.0;0.9
74;2021-02-19;617;605;25117;8283;3.0;1.0
74;2021-02-20;114;161;25231;8444;3.0;1.0
74;2021-02-21;47;53;25278;8497;3.1;1.0
74;2021-02-22;319;657;25597;9154;3.1;1.1
74;2021-02-23;305;737;25902;9891;3.1;1.2
74;2021-02-24;241;596;26143;10487;3.2;1.3
74;2021-02-25;523;664;26666;11151;3.2;1.3
74;2021-02-26;973;622;27639;11773;3.3;1.4
74;2021-02-27;254;153;27893;11926;3.4;1.4
74;2021-02-28;125;67;28018;11993;3.4;1.4
74;2021-03-01;721;585;28739;12578;3.5;1.5
74;2021-03-02;1092;627;29831;13205;3.6;1.6
74;2021-03-03;1019;587;30850;13792;3.7;1.7
74;2021-03-04;1611;959;32461;14751;3.9;1.8
74;2021-03-05;2089;853;34550;15604;4.2;1.9
74;2021-03-06;1760;312;36310;15916;4.4;1.9
74;2021-03-07;1387;104;37697;16020;4.6;1.9
74;2021-03-08;1197;929;38894;16949;4.7;2.0
74;2021-03-09;1953;658;40847;17607;4.9;2.1
74;2021-03-10;1747;866;42594;18473;5.1;2.2
74;2021-03-11;2446;719;45040;19192;5.4;2.3
74;2021-03-12;3243;1017;48283;20209;5.8;2.4
74;2021-03-13;2000;278;50283;20487;6.1;2.5
74;2021-03-14;608;101;50891;20588;6.1;2.5
74;2021-03-15;2129;554;53020;21142;6.4;2.6
74;2021-03-16;1959;408;54979;21550;6.6;2.6
74;2021-03-17;1973;317;56952;21867;6.9;2.6
74;2021-03-18;2136;284;59088;22151;7.1;2.7
74;2021-03-19;2634;295;61722;22446;7.5;2.7
74;2021-03-20;1374;103;63096;22549;7.6;2.7
74;2021-03-21;290;33;63386;22582;7.7;2.7
74;2021-03-22;2055;325;65441;22907;7.9;2.8
74;2021-03-23;2722;337;68163;23244;8.2;2.8
74;2021-03-24;2945;306;71108;23550;8.6;2.8
74;2021-03-25;3873;307;74981;23857;9.1;2.9
74;2021-03-26;4096;386;79077;24243;9.5;2.9
74;2021-03-27;1941;262;81018;24505;9.8;3.0
74;2021-03-28;437;78;81455;24583;9.8;3.0
74;2021-03-29;3034;713;84489;25296;10.2;3.1
74;2021-03-30;3543;770;88032;26066;10.6;3.1
74;2021-03-31;3144;738;91176;26804;11.0;3.2
74;2021-04-01;4236;899;95412;27703;11.5;3.3
74;2021-04-02;3708;792;99120;28495;12.0;3.4
74;2021-04-03;1699;542;100819;29037;12.2;3.5
74;2021-04-04;236;122;101055;29159;12.2;3.5
74;2021-04-05;432;16;101487;29175;12.3;3.5
74;2021-04-06;2625;1212;104112;30387;12.6;3.7
74;2021-04-07;3195;1254;107307;31641;13.0;3.8
74;2021-04-08;3866;1189;111173;32830;13.4;4.0
74;2021-04-09;4109;1177;115282;34007;13.9;4.1
74;2021-04-10;1945;1037;117227;35044;14.2;4.2
74;2021-04-11;254;184;117481;35228;14.2;4.3
74;2021-04-12;2723;1779;120204;37007;14.5;4.5
74;2021-04-13;3126;2107;123330;39114;14.9;4.7
74;2021-04-14;2903;1976;126233;41090;15.2;5.0
74;2021-04-15;3458;1914;129691;43004;15.7;5.2
74;2021-04-16;3386;1788;133077;44792;16.1;5.4
74;2021-04-17;1935;1037;135012;45829;16.3;5.5
74;2021-04-18;218;211;135230;46040;16.3;5.6
74;2021-04-19;2100;2100;137330;48140;16.6;5.8
74;2021-04-20;3071;2424;140401;50564;16.9;6.1
74;2021-04-21;2463;2378;142864;52942;17.2;6.4
74;2021-04-22;2629;2336;145493;55278;17.6;6.7
74;2021-04-23;2570;2254;148063;57532;17.9;6.9
74;2021-04-24;1484;1542;149547;59074;18.1;7.1
74;2021-04-25;227;149;149774;59223;18.1;7.1
74;2021-04-26;2397;2463;152171;61686;18.4;7.4
74;2021-04-27;3273;2911;155444;64597;18.8;7.8
74;2021-04-28;3463;2635;158907;67232;19.2;8.1
74;2021-04-29;3910;2699;162817;69931;19.7;8.4
74;2021-04-30;4076;2225;166893;72156;20.1;8.7
74;2021-05-01;2122;392;169015;72548;20.4;8.8
74;2021-05-02;205;236;169220;72784;20.4;8.8
74;2021-05-03;2595;3019;171815;75803;20.7;9.2
74;2021-05-04;3218;3114;175033;78917;21.1;9.5
74;2021-05-05;3392;3019;178425;81936;21.5;9.9
74;2021-05-06;3858;2634;182283;84570;22.0;10.2
74;2021-05-07;3595;3550;185878;88120;22.4;10.6
74;2021-05-08;1147;826;187025;88946;22.6;10.7
74;2021-05-09;194;248;187219;89194;22.6;10.8
74;2021-05-10;3468;3147;190687;92341;23.0;11.1
74;2021-05-11;4318;3425;195005;95766;23.5;11.6
74;2021-05-12;5305;2966;200310;98732;24.2;11.9
74;2021-05-13;2362;950;202672;99682;24.5;12.0
74;2021-05-14;5954;2405;208626;102087;25.2;12.3
74;2021-05-15;4517;1853;213143;103940;25.7;12.5
74;2021-05-16;3011;336;216154;104276;26.1;12.6
74;2021-05-17;5398;2892;221552;107168;26.7;12.9
74;2021-05-18;6789;2814;228341;109982;27.6;13.3
74;2021-05-19;6234;2298;234575;112280;28.3;13.6
74;2021-05-20;6646;2558;241221;114838;29.1;13.9
74;2021-05-21;6526;2994;247747;117832;29.9;14.2
74;2021-05-22;5294;1569;253041;119401;30.5;14.4
74;2021-05-23;2052;282;255093;119683;30.8;14.4
74;2021-05-24;2363;661;257456;120344;31.1;14.5
74;2021-05-25;5071;3333;262527;123677;31.7;14.9
74;2021-05-26;5257;2566;267784;126243;32.3;15.2
74;2021-05-27;6004;2980;273788;129223;33.1;15.6
74;2021-05-28;5657;3586;279445;132809;33.7;16.0
74;2021-05-29;3798;2157;283243;134966;34.2;16.3
74;2021-05-30;488;309;283731;135275;34.3;16.3
74;2021-05-31;5072;3551;288803;138826;34.9;16.8
74;2021-06-01;4937;3728;293740;142554;35.5;17.2
74;2021-06-02;5271;3210;299011;145764;36.1;17.6
74;2021-06-03;6897;3251;305908;149015;36.9;18.0
74;2021-06-04;6912;4434;312820;153449;37.8;18.5
74;2021-06-05;4611;2707;317431;156156;38.3;18.9
74;2021-06-06;124;112;317555;156268;38.3;18.9
74;2021-06-07;5031;4146;322586;160414;38.9;19.4
74;2021-06-08;5027;3946;327613;164360;39.5;19.8
74;2021-06-09;5082;3484;332695;167844;40.2;20.3
74;2021-06-10;5125;2875;337820;170719;40.8;20.6
74;2021-06-11;5214;3812;343034;174531;41.4;21.1
74;2021-06-12;3573;2385;346607;176916;41.8;21.4
74;2021-06-13;120;89;346727;177005;41.9;21.4
74;2021-06-14;3599;4482;350326;181487;42.3;21.9
74;2021-06-15;3671;3894;353997;185381;42.7;22.4
74;2021-06-16;4829;3124;358826;188505;43.3;22.8
74;2021-06-17;3821;2955;362647;191460;43.8;23.1
74;2021-06-18;4116;4666;366763;196126;44.3;23.7
74;2021-06-19;2997;3101;369760;199227;44.6;24.0
74;2021-06-20;125;97;369885;199324;44.7;24.1
74;2021-06-21;2387;5423;372272;204747;44.9;24.7
74;2021-06-22;2493;5315;374765;210062;45.2;25.4
74;2021-06-23;2978;4620;377743;214682;45.6;25.9
74;2021-06-24;2866;4626;380609;219308;45.9;26.5
74;2021-06-25;2931;6770;383540;226078;46.3;27.3
74;2021-06-26;1709;5401;385249;231479;46.5;27.9
74;2021-06-27;66;1664;385315;233143;46.5;28.1
74;2021-06-28;1917;7221;387232;240364;46.7;29.0
74;2021-06-29;2302;7429;389534;247793;47.0;29.9
74;2021-06-30;2748;6545;392282;254338;47.4;30.7
74;2021-07-01;3442;5424;395724;259762;47.8;31.4
74;2021-07-02;3121;6640;398845;266402;48.1;32.2
74;2021-07-03;1699;5085;400544;271487;48.4;32.8
74;2021-07-04;82;1022;400626;272509;48.4;32.9
74;2021-07-05;2079;6836;402705;279345;48.6;33.7
74;2021-07-06;2804;6493;405509;285838;49.0;34.5
74;2021-07-07;3097;5448;408606;291286;49.3;35.2
74;2021-07-08;3863;4920;412469;296206;49.8;35.8
74;2021-07-09;2674;6980;415143;303186;50.1;36.6
74;2021-07-10;1626;5131;416769;308317;50.3;37.2
74;2021-07-11;76;142;416845;308459;50.3;37.2
74;2021-07-12;2095;7898;418940;316357;50.6;38.2
74;2021-07-13;3967;7589;422907;323946;51.1;39.1
74;2021-07-14;1968;2239;424875;326185;51.3;39.4
74;2021-07-15;3591;6870;428466;333055;51.7;40.2
74;2021-07-16;4244;7742;432710;340797;52.2;41.1
74;2021-07-17;3005;5329;435715;346126;52.6;41.8
74;2021-07-18;155;155;435870;346281;52.6;41.8
74;2021-07-19;4293;7354;440163;353635;53.1;42.7
74;2021-07-20;5872;6467;446035;360102;53.8;43.5
74;2021-07-21;5630;6673;451665;366775;54.5;44.3
74;2021-07-22;4778;5325;456443;372100;55.1;44.9
74;2021-07-23;6224;6993;462667;379093;55.9;45.8
74;2021-07-24;3156;4314;465823;383407;56.2;46.3
74;2021-07-25;181;171;466004;383578;56.3;46.3
74;2021-07-26;5622;6133;471626;389711;56.9;47.0
74;2021-07-27;6859;5176;478485;394887;57.8;47.7
74;2021-07-28;6666;5102;485151;399989;58.6;48.3
74;2021-07-29;5275;3929;490426;403918;59.2;48.8
74;2021-07-30;6702;5501;497128;409419;60.0;49.4
74;2021-07-31;4378;3122;501506;412541;60.5;49.8
74;2021-08-01;183;148;501689;412689;60.6;49.8
74;2021-08-02;6105;4411;507794;417100;61.3;50.3
74;2021-08-03;5970;3857;513764;420957;62.0;50.8
74;2021-08-04;6311;3506;520075;424463;62.8;51.2
74;2021-08-05;4918;3263;524993;427726;63.4;51.6
74;2021-08-06;5047;4181;530040;431907;64.0;52.1
74;2021-08-07;3204;2900;533244;434807;64.4;52.5
74;2021-08-08;155;134;533399;434941;64.4;52.5
74;2021-08-09;4924;4827;538323;439768;65.0;53.1
74;2021-08-10;4931;4680;543254;444448;65.6;53.7
74;2021-08-11;4377;4891;547631;449339;66.1;54.2
74;2021-08-12;3570;3608;551201;452947;66.5;54.7
74;2021-08-13;3749;4619;554950;457566;67.0;55.2
74;2021-08-14;2175;3342;557125;460908;67.3;55.6
74;2021-08-15;59;101;557184;461009;67.3;55.7
74;2021-08-16;3176;5869;560360;466878;67.6;56.4
74;2021-08-17;3011;5485;563371;472363;68.0;57.0
74;2021-08-18;2981;5455;566352;477818;68.4;57.7
74;2021-08-19;2317;3897;568669;481715;68.6;58.1
74;2021-08-20;2505;5690;571174;487405;68.9;58.8
74;2021-08-21;1194;4267;572368;491672;69.1;59.4
74;2021-08-22;56;136;572424;491808;69.1;59.4
74;2021-08-23;1914;6692;574338;498500;69.3;60.2
74;2021-08-24;2078;5937;576416;504437;69.6;60.9
74;2021-08-25;1882;6293;578298;510730;69.8;61.7
74;2021-08-26;1516;3783;579814;514513;70.0;62.1
74;2021-08-27;1809;5503;581623;520016;70.2;62.8
74;2021-08-28;903;4034;582526;524050;70.3;63.3
74;2021-08-29;54;185;582580;524235;70.3;63.3
74;2021-08-30;1698;5484;584278;529719;70.5;63.9
74;2021-08-31;1619;5117;585897;534836;70.7;64.6
74;2021-09-01;1609;4133;587506;538969;70.9;65.1
74;2021-09-02;1196;3022;588702;541991;71.1;65.4
74;2021-09-03;1449;4173;590151;546164;71.2;65.9
74;2021-09-04;1124;2825;591275;548989;71.4;66.3
74;2021-09-05;48;94;591323;549083;71.4;66.3
74;2021-09-06;1196;3366;592519;552449;71.5;66.7
74;2021-09-07;1009;3046;593528;555495;71.6;67.1
74;2021-09-08;1289;3167;594817;558662;71.8;67.4
75;2020-12-27;61;1;61;1;0.0;0.0
75;2020-12-28;57;0;118;1;0.0;0.0
75;2020-12-29;26;0;144;1;0.0;0.0
75;2020-12-30;80;0;224;1;0.0;0.0
75;2020-12-31;38;0;262;1;0.0;0.0
75;2021-01-01;56;3;318;4;0.0;0.0
75;2021-01-02;63;1;381;5;0.0;0.0
75;2021-01-03;103;1;484;6;0.0;0.0
75;2021-01-04;309;1;793;7;0.0;0.0
75;2021-01-05;876;12;1669;19;0.1;0.0
75;2021-01-06;1367;16;3036;35;0.1;0.0
75;2021-01-07;2064;19;5100;54;0.2;0.0
75;2021-01-08;2875;30;7975;84;0.4;0.0
75;2021-01-09;1098;2;9073;86;0.4;0.0
75;2021-01-10;1098;4;10171;90;0.5;0.0
75;2021-01-11;3103;47;13274;137;0.6;0.0
75;2021-01-12;3486;52;16760;189;0.8;0.0
75;2021-01-13;3566;42;20326;231;0.9;0.0
75;2021-01-14;3756;60;24082;291;1.1;0.0
75;2021-01-15;3325;47;27407;338;1.3;0.0
75;2021-01-16;1141;15;28548;353;1.3;0.0
75;2021-01-17;558;14;29106;367;1.4;0.0
75;2021-01-18;3281;73;32387;440;1.5;0.0
75;2021-01-19;3865;48;36252;488;1.7;0.0
75;2021-01-20;4421;58;40673;546;1.9;0.0
75;2021-01-21;4930;74;45603;620;2.1;0.0
75;2021-01-22;4597;76;50200;696;2.3;0.0
75;2021-01-23;1760;13;51960;709;2.4;0.0
75;2021-01-24;752;7;52712;716;2.5;0.0
75;2021-01-25;1732;25;54444;741;2.5;0.0
75;2021-01-26;2560;85;57004;826;2.7;0.0
75;2021-01-27;3160;161;60164;987;2.8;0.0
75;2021-01-28;4774;251;64938;1238;3.0;0.1
75;2021-01-29;4054;248;68992;1486;3.2;0.1
75;2021-01-30;1355;25;70347;1511;3.3;0.1
75;2021-01-31;222;3;70569;1514;3.3;0.1
75;2021-02-01;1620;352;72189;1866;3.4;0.1
75;2021-02-02;2141;614;74330;2480;3.5;0.1
75;2021-02-03;1883;649;76213;3129;3.5;0.1
75;2021-02-04;2145;1065;78358;4194;3.6;0.2
75;2021-02-05;2220;794;80578;4988;3.8;0.2
75;2021-02-06;1120;76;81698;5064;3.8;0.2
75;2021-02-07;176;6;81874;5070;3.8;0.2
75;2021-02-08;1259;1327;83133;6397;3.9;0.3
75;2021-02-09;1790;2286;84923;8683;4.0;0.4
75;2021-02-10;2423;2292;87346;10975;4.1;0.5
75;2021-02-11;2941;5333;90287;16308;4.2;0.8
75;2021-02-12;3127;2298;93414;18606;4.3;0.9
75;2021-02-13;850;877;94264;19483;4.4;0.9
75;2021-02-14;207;39;94471;19522;4.4;0.9
75;2021-02-15;1005;2068;95476;21590;4.4;1.0
75;2021-02-16;1457;5576;96933;27166;4.5;1.3
75;2021-02-17;1330;2661;98263;29827;4.6;1.4
75;2021-02-18;1764;5016;100027;34843;4.7;1.6
75;2021-02-19;2221;3533;102248;38376;4.8;1.8
75;2021-02-20;477;1399;102725;39775;4.8;1.9
75;2021-02-21;199;133;102924;39908;4.8;1.9
75;2021-02-22;1224;1613;104148;41521;4.8;1.9
75;2021-02-23;1454;2213;105602;43734;4.9;2.0
75;2021-02-24;1689;1930;107291;45664;5.0;2.1
75;2021-02-25;2780;4624;110071;50288;5.1;2.3
75;2021-02-26;3376;2248;113447;52536;5.3;2.4
75;2021-02-27;1405;775;114852;53311;5.3;2.5
75;2021-02-28;324;108;115176;53419;5.4;2.5
75;2021-03-01;2594;1450;117770;54869;5.5;2.6
75;2021-03-02;4179;1887;121949;56756;5.7;2.6
75;2021-03-03;5431;2055;127380;58811;5.9;2.7
75;2021-03-04;8047;2332;135427;61143;6.3;2.8
75;2021-03-05;10567;2478;145994;63621;6.8;3.0
75;2021-03-06;11079;1022;157073;64643;7.3;3.0
75;2021-03-07;9510;1450;166583;66093;7.8;3.1
75;2021-03-08;5903;1505;172486;67598;8.0;3.1
75;2021-03-09;7519;2073;180005;69671;8.4;3.2
75;2021-03-10;7506;2102;187511;71773;8.7;3.3
75;2021-03-11;10340;2503;197851;74276;9.2;3.5
75;2021-03-12;12062;2543;209913;76819;9.8;3.6
75;2021-03-13;8547;779;218460;77598;10.2;3.6
75;2021-03-14;4166;256;222626;77854;10.4;3.6
75;2021-03-15;7460;977;230086;78831;10.7;3.7
75;2021-03-16;5149;688;235235;79519;10.9;3.7
75;2021-03-17;5429;832;240664;80351;11.2;3.7
75;2021-03-18;6619;869;247283;81220;11.5;3.8
75;2021-03-19;9756;992;257039;82212;12.0;3.8
75;2021-03-20;5942;607;262981;82819;12.2;3.9
75;2021-03-21;1589;431;264570;83250;12.3;3.9
75;2021-03-22;8648;1019;273218;84269;12.7;3.9
75;2021-03-23;10957;1262;284175;85531;13.2;4.0
75;2021-03-24;11000;1334;295175;86865;13.7;4.0
75;2021-03-25;14208;1539;309383;88404;14.4;4.1
75;2021-03-26;13976;1706;323359;90110;15.1;4.2
75;2021-03-27;7285;771;330644;90881;15.4;4.2
75;2021-03-28;1783;149;332427;91030;15.5;4.2
75;2021-03-29;7972;2194;340399;93224;15.8;4.3
75;2021-03-30;10940;3229;351339;96453;16.4;4.5
75;2021-03-31;9747;3592;361086;100045;16.8;4.7
75;2021-04-01;10694;5189;371780;105234;17.3;4.9
75;2021-04-02;9058;5553;380838;110787;17.7;5.2
75;2021-04-03;4118;4869;384956;115656;17.9;5.4
75;2021-04-04;1418;1464;386374;117120;18.0;5.5
75;2021-04-05;2246;1350;388620;118470;18.1;5.5
75;2021-04-06;6908;4271;395528;122741;18.4;5.7
75;2021-04-07;8089;4392;403617;127133;18.8;5.9
75;2021-04-08;11083;4177;414700;131310;19.3;6.1
75;2021-04-09;12208;4624;426908;135934;19.9;6.3
75;2021-04-10;5845;4247;432753;140181;20.1;6.5
75;2021-04-11;1943;1790;434696;141971;20.2;6.6
75;2021-04-12;7480;3792;442176;145763;20.6;6.8
75;2021-04-13;8571;6806;450747;152569;21.0;7.1
75;2021-04-14;8290;5218;459037;157787;21.4;7.3
75;2021-04-15;8904;6129;467941;163916;21.8;7.6
75;2021-04-16;9385;6109;477326;170025;22.2;7.9
75;2021-04-17;4820;3641;482146;173666;22.4;8.1
75;2021-04-18;1670;877;483816;174543;22.5;8.1
75;2021-04-19;5583;4944;489399;179487;22.8;8.4
75;2021-04-20;6470;5954;495869;185441;23.1;8.6
75;2021-04-21;6874;5572;502743;191013;23.4;8.9
75;2021-04-22;7544;5906;510287;196919;23.8;9.2
75;2021-04-23;8628;6401;518915;203320;24.2;9.5
75;2021-04-24;6176;3350;525091;206670;24.4;9.6
75;2021-04-25;2966;760;528057;207430;24.6;9.7
75;2021-04-26;7032;4716;535089;212146;24.9;9.9
75;2021-04-27;10598;6406;545687;218552;25.4;10.2
75;2021-04-28;12200;6005;557887;224557;26.0;10.5
75;2021-04-29;13762;6323;571649;230880;26.6;10.7
75;2021-04-30;13664;6169;585313;237049;27.2;11.0
75;2021-05-01;5078;1327;590391;238376;27.5;11.1
75;2021-05-02;2384;793;592775;239169;27.6;11.1
75;2021-05-03;10292;13464;603067;252633;28.1;11.8
75;2021-05-04;11188;8073;614255;260706;28.6;12.1
75;2021-05-05;13569;6703;627824;267409;29.2;12.4
75;2021-05-06;14004;8180;641828;275589;29.9;12.8
75;2021-05-07;13973;8574;655801;284163;30.5;13.2
75;2021-05-08;10085;5511;665886;289674;31.0;13.5
75;2021-05-09;3819;3185;669705;292859;31.2;13.6
75;2021-05-10;14298;6719;684003;299578;31.8;13.9
75;2021-05-11;16848;8406;700851;307984;32.6;14.3
75;2021-05-12;17959;8149;718810;316133;33.5;14.7
75;2021-05-13;13637;2497;732447;318630;34.1;14.8
75;2021-05-14;18392;5130;750839;323760;35.0;15.1
75;2021-05-15;12316;2651;763155;326411;35.5;15.2
75;2021-05-16;3854;759;767009;327170;35.7;15.2
75;2021-05-17;16006;4647;783015;331817;36.4;15.4
75;2021-05-18;19159;5323;802174;337140;37.3;15.7
75;2021-05-19;20727;10714;822901;347854;38.3;16.2
75;2021-05-20;21587;8668;844488;356522;39.3;16.6
75;2021-05-21;21036;6555;865524;363077;40.3;16.9
75;2021-05-22;15921;3306;881445;366383;41.0;17.1
75;2021-05-23;5635;1336;887080;367719;41.3;17.1
75;2021-05-24;15641;2558;902721;370277;42.0;17.2
75;2021-05-25;18034;9575;920755;379852;42.9;17.7
75;2021-05-26;18886;8199;939641;388051;43.7;18.1
75;2021-05-27;20150;9809;959791;397860;44.7;18.5
75;2021-05-28;19348;10842;979139;408702;45.6;19.0
75;2021-05-29;16122;5841;995261;414543;46.3;19.3
75;2021-05-30;7040;2161;1002301;416704;46.7;19.4
75;2021-05-31;18102;9446;1020403;426150;47.5;19.8
75;2021-06-01;18710;12973;1039113;439123;48.4;20.4
75;2021-06-02;18127;10301;1057240;449424;49.2;20.9
75;2021-06-03;20284;11972;1077524;461396;50.2;21.5
75;2021-06-04;18135;12846;1095659;474242;51.0;22.1
75;2021-06-05;11996;9616;1107655;483858;51.6;22.5
75;2021-06-06;6732;3157;1114387;487015;51.9;22.7
75;2021-06-07;13910;11832;1128297;498847;52.5;23.2
75;2021-06-08;14808;13971;1143105;512818;53.2;23.9
75;2021-06-09;16520;15238;1159625;528056;54.0;24.6
75;2021-06-10;18379;26310;1178004;554366;54.8;25.8
75;2021-06-11;15333;16471;1193337;570837;55.5;26.6
75;2021-06-12;13296;10001;1206633;580838;56.2;27.0
75;2021-06-13;6278;3795;1212911;584633;56.5;27.2
75;2021-06-14;11840;15406;1224751;600039;57.0;27.9
75;2021-06-15;12744;19556;1237495;619595;57.6;28.8
75;2021-06-16;12215;17248;1249710;636843;58.2;29.6
75;2021-06-17;12665;17682;1262375;654525;58.8;30.5
75;2021-06-18;11288;22615;1273663;677140;59.3;31.5
75;2021-06-19;7541;11826;1281204;688966;59.6;32.1
75;2021-06-20;2824;5481;1284028;694447;59.8;32.3
75;2021-06-21;8519;16339;1292547;710786;60.2;33.1
75;2021-06-22;8814;21802;1301361;732588;60.6;34.1
75;2021-06-23;10319;21438;1311680;754026;61.1;35.1
75;2021-06-24;11317;20644;1322997;774670;61.6;36.1
75;2021-06-25;9878;24696;1332875;799366;62.0;37.2
75;2021-06-26;7949;15427;1340824;814793;62.4;37.9
75;2021-06-27;2702;6329;1343526;821122;62.5;38.2
75;2021-06-28;8477;20148;1352003;841270;62.9;39.2
75;2021-06-29;9352;23834;1361355;865104;63.4;40.3
75;2021-06-30;10207;23628;1371562;888732;63.8;41.4
75;2021-07-01;11460;23522;1383022;912254;64.4;42.5
75;2021-07-02;10898;24784;1393920;937038;64.9;43.6
75;2021-07-03;7829;19813;1401749;956851;65.3;44.5
75;2021-07-04;3914;9556;1405663;966407;65.4;45.0
75;2021-07-05;9338;21587;1415001;987994;65.9;46.0
75;2021-07-06;10164;24013;1425165;1012007;66.3;47.1
75;2021-07-07;10149;25094;1435314;1037101;66.8;48.3
75;2021-07-08;10663;25013;1445977;1062114;67.3;49.4
75;2021-07-09;10787;24039;1456764;1086153;67.8;50.6
75;2021-07-10;7937;18511;1464701;1104664;68.2;51.4
75;2021-07-11;4352;8535;1469053;1113199;68.4;51.8
75;2021-07-12;9829;23089;1478882;1136288;68.8;52.9
75;2021-07-13;14334;24818;1493216;1161106;69.5;54.0
75;2021-07-14;8280;9725;1501496;1170831;69.9;54.5
75;2021-07-15;15249;25669;1516745;1196500;70.6;55.7
75;2021-07-16;15755;22158;1532500;1218658;71.3;56.7
75;2021-07-17;12021;16907;1544521;1235565;71.9;57.5
75;2021-07-18;6281;6841;1550802;1242406;72.2;57.8
75;2021-07-19;14388;21313;1565190;1263719;72.9;58.8
75;2021-07-20;16069;21897;1581259;1285616;73.6;59.8
75;2021-07-21;15688;20721;1596947;1306337;74.3;60.8
75;2021-07-22;17140;20091;1614087;1326428;75.1;61.7
75;2021-07-23;17093;19113;1631180;1345541;75.9;62.6
75;2021-07-24;11203;14076;1642383;1359617;76.5;63.3
75;2021-07-25;5012;5077;1647395;1364694;76.7;63.5
75;2021-07-26;15181;16887;1662576;1381581;77.4;64.3
75;2021-07-27;18126;16658;1680702;1398239;78.2;65.1
75;2021-07-28;17130;15487;1697832;1413726;79.0;65.8
75;2021-07-29;16755;15096;1714587;1428822;79.8;66.5
75;2021-07-30;16305;14339;1730892;1443161;80.6;67.2
75;2021-07-31;9343;9863;1740235;1453024;81.0;67.6
75;2021-08-01;3665;3304;1743900;1456328;81.2;67.8
75;2021-08-02;10709;11998;1754609;1468326;81.7;68.3
75;2021-08-03;11054;10827;1765663;1479153;82.2;68.9
75;2021-08-04;9601;9504;1775264;1488657;82.6;69.3
75;2021-08-05;8649;9544;1783913;1498201;83.0;69.7
75;2021-08-06;8148;9986;1792061;1508187;83.4;70.2
75;2021-08-07;5682;7147;1797743;1515334;83.7;70.5
75;2021-08-08;1936;3277;1799679;1518611;83.8;70.7
75;2021-08-09;8474;11467;1808153;1530078;84.2;71.2
75;2021-08-10;9038;11576;1817191;1541654;84.6;71.8
75;2021-08-11;7680;10134;1824871;1551788;84.9;72.2
75;2021-08-12;6823;10633;1831694;1562421;85.3;72.7
75;2021-08-13;6129;8920;1837823;1571341;85.5;73.1
75;2021-08-14;4072;7198;1841895;1578539;85.7;73.5
75;2021-08-15;937;1933;1842832;1580472;85.8;73.6
75;2021-08-16;6041;14033;1848873;1594505;86.1;74.2
75;2021-08-17;5745;13598;1854618;1608103;86.3;74.9
75;2021-08-18;4954;12002;1859572;1620105;86.6;75.4
75;2021-08-19;4678;12680;1864250;1632785;86.8;76.0
75;2021-08-20;4450;11773;1868700;1644558;87.0;76.6
75;2021-08-21;3141;8805;1871841;1653363;87.1;77.0
75;2021-08-22;985;3160;1872826;1656523;87.2;77.1
75;2021-08-23;4836;15304;1877662;1671827;87.4;77.8
75;2021-08-24;4744;14532;1882406;1686359;87.6;78.5
75;2021-08-25;4425;12313;1886831;1698672;87.8;79.1
75;2021-08-26;3993;10265;1890824;1708937;88.0;79.5
75;2021-08-27;4390;11655;1895214;1720592;88.2;80.1
75;2021-08-28;3009;8284;1898223;1728876;88.4;80.5
75;2021-08-29;747;2011;1898970;1730887;88.4;80.6
75;2021-08-30;4461;14650;1903431;1745537;88.6;81.3
75;2021-08-31;4318;13764;1907749;1759301;88.8;81.9
75;2021-09-01;3839;11363;1911588;1770664;89.0;82.4
75;2021-09-02;3163;9598;1914751;1780262;89.1;82.9
75;2021-09-03;3621;10385;1918372;1790647;89.3;83.4
75;2021-09-04;3513;8884;1921885;1799531;89.5;83.8
75;2021-09-05;683;1703;1922568;1801234;89.5;83.8
75;2021-09-06;2517;8060;1925085;1809294;89.6;84.2
75;2021-09-07;2250;7327;1927335;1816621;89.7;84.6
75;2021-09-08;2448;7242;1929783;1823863;89.8;84.9
76;2020-12-27;0;0;0;0;0.0;0.0
76;2020-12-28;1;0;1;0;0.0;0.0
76;2020-12-29;0;0;1;0;0.0;0.0
76;2020-12-30;0;0;1;0;0.0;0.0
76;2020-12-31;0;0;1;0;0.0;0.0
76;2021-01-01;0;0;1;0;0.0;0.0
76;2021-01-02;0;0;1;0;0.0;0.0
76;2021-01-03;0;0;1;0;0.0;0.0
76;2021-01-04;17;0;18;0;0.0;0.0
76;2021-01-05;138;0;156;0;0.0;0.0
76;2021-01-06;682;2;838;2;0.1;0.0
76;2021-01-07;1354;7;2192;9;0.2;0.0
76;2021-01-08;1536;2;3728;11;0.3;0.0
76;2021-01-09;736;2;4464;13;0.4;0.0
76;2021-01-10;492;1;4956;14;0.4;0.0
76;2021-01-11;1358;2;6314;16;0.5;0.0
76;2021-01-12;1359;2;7673;18;0.6;0.0
76;2021-01-13;1187;4;8860;22;0.7;0.0
76;2021-01-14;2176;24;11036;46;0.9;0.0
76;2021-01-15;1911;9;12947;55;1.0;0.0
76;2021-01-16;990;7;13937;62;1.1;0.0
76;2021-01-17;2898;19;16835;81;1.4;0.0
76;2021-01-18;4399;16;21234;97;1.7;0.0
76;2021-01-19;3016;8;24250;105;1.9;0.0
76;2021-01-20;2071;7;26321;112;2.1;0.0
76;2021-01-21;1773;4;28094;116;2.3;0.0
76;2021-01-22;1706;4;29800;120;2.4;0.0
76;2021-01-23;450;2;30250;122;2.4;0.0
76;2021-01-24;99;0;30349;122;2.4;0.0
76;2021-01-25;1474;137;31823;259;2.6;0.0
76;2021-01-26;1392;328;33215;587;2.7;0.0
76;2021-01-27;1342;416;34557;1003;2.8;0.1
76;2021-01-28;1285;372;35842;1375;2.9;0.1
76;2021-01-29;1155;443;36997;1818;3.0;0.1
76;2021-01-30;283;284;37280;2102;3.0;0.2
76;2021-01-31;4;95;37284;2197;3.0;0.2
76;2021-02-01;841;771;38125;2968;3.1;0.2
76;2021-02-02;1056;976;39181;3944;3.2;0.3
76;2021-02-03;920;952;40101;4896;3.2;0.4
76;2021-02-04;976;1399;41077;6295;3.3;0.5
76;2021-02-05;975;1062;42052;7357;3.4;0.6
76;2021-02-06;261;844;42313;8201;3.4;0.7
76;2021-02-07;468;1624;42781;9825;3.4;0.8
76;2021-02-08;1923;3582;44704;13407;3.6;1.1
76;2021-02-09;1756;2820;46460;16227;3.7;1.3
76;2021-02-10;1489;1696;47949;17923;3.9;1.4
76;2021-02-11;1677;1410;49626;19333;4.0;1.6
76;2021-02-12;1704;1456;51330;20789;4.1;1.7
76;2021-02-13;230;302;51560;21091;4.1;1.7
76;2021-02-14;9;81;51569;21172;4.1;1.7
76;2021-02-15;554;1502;52123;22674;4.2;1.8
76;2021-02-16;741;1462;52864;24136;4.3;1.9
76;2021-02-17;625;1233;53489;25369;4.3;2.0
76;2021-02-18;780;1200;54269;26569;4.4;2.1
76;2021-02-19;869;1157;55138;27726;4.4;2.2
76;2021-02-20;270;257;55408;27983;4.5;2.2
76;2021-02-21;0;0;55408;27983;4.5;2.2
76;2021-02-22;371;1095;55779;29078;4.5;2.3
76;2021-02-23;575;1053;56354;30131;4.5;2.4
76;2021-02-24;599;1025;56953;31156;4.6;2.5
76;2021-02-25;1664;1091;58617;32247;4.7;2.6
76;2021-02-26;2171;918;60788;33165;4.9;2.7
76;2021-02-27;1108;258;61896;33423;5.0;2.7
76;2021-02-28;27;186;61923;33609;5.0;2.7
76;2021-03-01;828;1925;62751;35534;5.0;2.9
76;2021-03-02;1382;1571;64133;37105;5.2;3.0
76;2021-03-03;1942;1271;66075;38376;5.3;3.1
76;2021-03-04;2819;1027;68894;39403;5.5;3.2
76;2021-03-05;4183;779;73077;40182;5.9;3.2
76;2021-03-06;3365;157;76442;40339;6.1;3.2
76;2021-03-07;1257;35;77699;40374;6.2;3.2
76;2021-03-08;2102;1222;79801;41596;6.4;3.3
76;2021-03-09;3575;1133;83376;42729;6.7;3.4
76;2021-03-10;3593;1051;86969;43780;7.0;3.5
76;2021-03-11;5633;929;92602;44709;7.4;3.6
76;2021-03-12;6829;600;99431;45309;8.0;3.6
76;2021-03-13;4647;151;104078;45460;8.4;3.7
76;2021-03-14;1068;28;105146;45488;8.5;3.7
76;2021-03-15;2918;234;108064;45722;8.7;3.7
76;2021-03-16;2557;398;110621;46120;8.9;3.7
76;2021-03-17;2697;312;113318;46432;9.1;3.7
76;2021-03-18;3003;307;116321;46739;9.4;3.8
76;2021-03-19;4397;430;120718;47169;9.7;3.8
76;2021-03-20;3974;292;124692;47461;10.0;3.8
76;2021-03-21;838;16;125530;47477;10.1;3.8
76;2021-03-22;3992;347;129522;47824;10.4;3.8
76;2021-03-23;5711;354;135233;48178;10.9;3.9
76;2021-03-24;5701;396;140934;48574;11.3;3.9
76;2021-03-25;7508;574;148442;49148;11.9;4.0
76;2021-03-26;8722;591;157164;49739;12.6;4.0
76;2021-03-27;4810;387;161974;50126;13.0;4.0
76;2021-03-28;1021;32;162995;50158;13.1;4.0
76;2021-03-29;5390;825;168385;50983;13.5;4.1
76;2021-03-30;6586;1059;174971;52042;14.1;4.2
76;2021-03-31;6448;1257;181419;53299;14.6;4.3
76;2021-04-01;6787;2013;188206;55312;15.1;4.4
76;2021-04-02;6487;2678;194693;57990;15.7;4.7
76;2021-04-03;2442;1079;197135;59069;15.8;4.7
76;2021-04-04;264;10;197399;59079;15.9;4.7
76;2021-04-05;868;379;198267;59458;15.9;4.8
76;2021-04-06;3558;2786;201825;62244;16.2;5.0
76;2021-04-07;4417;2396;206242;64640;16.6;5.2
76;2021-04-08;5841;2786;212083;67426;17.1;5.4
76;2021-04-09;8806;3068;220889;70494;17.8;5.7
76;2021-04-10;4877;1422;225766;71916;18.2;5.8
76;2021-04-11;814;533;226580;72449;18.2;5.8
76;2021-04-12;4726;2845;231306;75294;18.6;6.1
76;2021-04-13;5929;2859;237235;78153;19.1;6.3
76;2021-04-14;4803;3127;242038;81280;19.5;6.5
76;2021-04-15;5564;3356;247602;84636;19.9;6.8
76;2021-04-16;7352;3442;254954;88078;20.5;7.1
76;2021-04-17;4388;1431;259342;89509;20.9;7.2
76;2021-04-18;339;140;259681;89649;20.9;7.2
76;2021-04-19;3478;3770;263159;93419;21.2;7.5
76;2021-04-20;4343;4276;267502;97695;21.5;7.9
76;2021-04-21;4193;4692;271695;102387;21.8;8.2
76;2021-04-22;4562;5438;276257;107825;22.2;8.7
76;2021-04-23;5440;5965;281697;113790;22.6;9.1
76;2021-04-24;4165;2196;285862;115986;23.0;9.3
76;2021-04-25;894;268;286756;116254;23.1;9.3
76;2021-04-26;4484;4473;291240;120727;23.4;9.7
76;2021-04-27;4998;4992;296238;125719;23.8;10.1
76;2021-04-28;5348;4162;301586;129881;24.2;10.4
76;2021-04-29;6926;4157;308512;134038;24.8;10.8
76;2021-04-30;8219;4629;316731;138667;25.5;11.1
76;2021-05-01;4828;1012;321559;139679;25.9;11.2
76;2021-05-02;1843;264;323402;139943;26.0;11.3
76;2021-05-03;4703;3307;328105;143250;26.4;11.5
76;2021-05-04;4823;4543;332928;147793;26.8;11.9
76;2021-05-05;4784;5177;337712;152970;27.2;12.3
76;2021-05-06;5923;5575;343635;158545;27.6;12.7
76;2021-05-07;6137;6758;349772;165303;28.1;13.3
76;2021-05-08;5056;909;354828;166212;28.5;13.4
76;2021-05-09;2539;235;357367;166447;28.7;13.4
76;2021-05-10;4947;5066;362314;171513;29.1;13.8
76;2021-05-11;6519;5681;368833;177194;29.7;14.2
76;2021-05-12;6264;5084;375097;182278;30.2;14.7
76;2021-05-13;8846;1284;383943;183562;30.9;14.8
76;2021-05-14;10418;4662;394361;188224;31.7;15.1
76;2021-05-15;9120;2454;403481;190678;32.4;15.3
76;2021-05-16;6234;479;409715;191157;32.9;15.4
76;2021-05-17;7227;3276;416942;194433;33.5;15.6
76;2021-05-18;8304;2817;425246;197250;34.2;15.9
76;2021-05-19;8403;3203;433649;200453;34.9;16.1
76;2021-05-20;9650;3428;443299;203881;35.6;16.4
76;2021-05-21;8369;4094;451668;207975;36.3;16.7
76;2021-05-22;7167;2360;458835;210335;36.9;16.9
76;2021-05-23;6390;416;465225;210751;37.4;16.9
76;2021-05-24;6865;1530;472090;212281;38.0;17.1
76;2021-05-25;8026;4087;480116;216368;38.6;17.4
76;2021-05-26;7574;3607;487690;219975;39.2;17.7
76;2021-05-27;8345;4704;496035;224679;39.9;18.1
76;2021-05-28;8233;6554;504268;231233;40.5;18.6
76;2021-05-29;6225;3513;510493;234746;41.0;18.9
76;2021-05-30;3148;431;513641;235177;41.3;18.9
76;2021-05-31;8169;3962;521810;239139;42.0;19.2
76;2021-06-01;9213;5025;531023;244164;42.7;19.6
76;2021-06-02;7933;4444;538956;248608;43.3;20.0
76;2021-06-03;9540;5407;548496;254015;44.1;20.4
76;2021-06-04;9245;6686;557741;260701;44.8;21.0
76;2021-06-05;6289;3812;564030;264513;45.3;21.3
76;2021-06-06;2555;649;566585;265162;45.6;21.3
76;2021-06-07;6982;5450;573567;270612;46.1;21.8
76;2021-06-08;8659;6283;582226;276895;46.8;22.3
76;2021-06-09;7212;6082;589438;282977;47.4;22.8
76;2021-06-10;7995;6564;597433;289541;48.0;23.3
76;2021-06-11;7581;8233;605014;297774;48.6;23.9
76;2021-06-12;7167;5878;612181;303652;49.2;24.4
76;2021-06-13;2963;1296;615144;304948;49.5;24.5
76;2021-06-14;6490;6729;621634;311677;50.0;25.1
76;2021-06-15;6298;7472;627932;319149;50.5;25.7
76;2021-06-16;6655;7484;634587;326633;51.0;26.3
76;2021-06-17;7012;7760;641599;334393;51.6;26.9
76;2021-06-18;7689;9239;649288;343632;52.2;27.6
76;2021-06-19;5986;6262;655274;349894;52.7;28.1
76;2021-06-20;2811;1817;658085;351711;52.9;28.3
76;2021-06-21;5591;8175;663676;359886;53.4;28.9
76;2021-06-22;4926;9881;668602;369767;53.8;29.7
76;2021-06-23;4731;9435;673333;379202;54.1;30.5
76;2021-06-24;4798;9922;678131;389124;54.5;31.3
76;2021-06-25;5225;11579;683356;400703;54.9;32.2
76;2021-06-26;3454;7877;686810;408580;55.2;32.8
76;2021-06-27;1367;5164;688177;413744;55.3;33.3
76;2021-06-28;3614;9946;691791;423690;55.6;34.1
76;2021-06-29;3876;10230;695667;433920;55.9;34.9
76;2021-06-30;4271;9843;699938;443763;56.3;35.7
76;2021-07-01;4598;9912;704536;453675;56.6;36.5
76;2021-07-02;4370;12006;708906;465681;57.0;37.4
76;2021-07-03;3586;8450;712492;474131;57.3;38.1
76;2021-07-04;1487;5306;713979;479437;57.4;38.5
76;2021-07-05;3956;9332;717935;488769;57.7;39.3
76;2021-07-06;4056;10075;721991;498844;58.0;40.1
76;2021-07-07;4014;9329;726005;508173;58.4;40.9
76;2021-07-08;4466;9454;730471;517627;58.7;41.6
76;2021-07-09;4367;12411;734838;530038;59.1;42.6
76;2021-07-10;3138;8548;737976;538586;59.3;43.3
76;2021-07-11;1777;2821;739753;541407;59.5;43.5
76;2021-07-12;3157;11151;742910;552558;59.7;44.4
76;2021-07-13;4935;12257;747845;564815;60.1;45.4
76;2021-07-14;4805;5545;752650;570360;60.5;45.9
76;2021-07-15;5914;11790;758564;582150;61.0;46.8
76;2021-07-16;6721;12014;765285;594164;61.5;47.8
76;2021-07-17;5280;8707;770565;602871;62.0;48.5
76;2021-07-18;2258;3358;772823;606229;62.1;48.7
76;2021-07-19;5162;11152;777985;617381;62.5;49.6
76;2021-07-20;6278;11623;784263;629004;63.1;50.6
76;2021-07-21;6342;10567;790605;639571;63.6;51.4
76;2021-07-22;8241;9653;798846;649224;64.2;52.2
76;2021-07-23;7645;11998;806491;661222;64.8;53.2
76;2021-07-24;4993;7720;811484;668942;65.2;53.8
76;2021-07-25;2873;3142;814357;672084;65.5;54.0
76;2021-07-26;5440;10148;819797;682232;65.9;54.9
76;2021-07-27;8340;9558;828137;691790;66.6;55.6
76;2021-07-28;8268;7824;836405;699614;67.2;56.2
76;2021-07-29;9590;6985;845995;706599;68.0;56.8
76;2021-07-30;8014;7843;854009;714442;68.7;57.4
76;2021-07-31;6616;5331;860625;719773;69.2;57.9
76;2021-08-01;3863;2084;864488;721857;69.5;58.0
76;2021-08-02;6561;7091;871049;728948;70.0;58.6
76;2021-08-03;7974;6356;879023;735304;70.7;59.1
76;2021-08-04;7253;5841;886276;741145;71.3;59.6
76;2021-08-05;8097;5725;894373;746870;71.9;60.0
76;2021-08-06;6809;6871;901182;753741;72.5;60.6
76;2021-08-07;4789;4382;905971;758123;72.8;61.0
76;2021-08-08;2408;2157;908379;760280;73.0;61.1
76;2021-08-09;5639;6741;914018;767021;73.5;61.7
76;2021-08-10;6346;6552;920364;773573;74.0;62.2
76;2021-08-11;6451;5493;926815;779066;74.5;62.6
76;2021-08-12;6034;6062;932849;785128;75.0;63.1
76;2021-08-13;5050;6204;937899;791332;75.4;63.6
76;2021-08-14;3835;4595;941734;795927;75.7;64.0
76;2021-08-15;1576;2353;943310;798280;75.8;64.2
76;2021-08-16;3619;6719;946929;804999;76.1;64.7
76;2021-08-17;3902;6943;950831;811942;76.4;65.3
76;2021-08-18;3730;6741;954561;818683;76.7;65.8
76;2021-08-19;3360;7170;957921;825853;77.0;66.4
76;2021-08-20;3418;7829;961339;833682;77.3;67.0
76;2021-08-21;1814;4216;963153;837898;77.4;67.4
76;2021-08-22;865;3293;964018;841191;77.5;67.6
76;2021-08-23;2614;7757;966632;848948;77.7;68.3
76;2021-08-24;2813;7583;969445;856531;77.9;68.9
76;2021-08-25;2619;7076;972064;863607;78.2;69.4
76;2021-08-26;2066;5795;974130;869402;78.3;69.9
76;2021-08-27;2683;7945;976813;877347;78.5;70.5
76;2021-08-28;2130;6061;978943;883408;78.7;71.0
76;2021-08-29;693;3007;979636;886415;78.8;71.3
76;2021-08-30;2161;7438;981797;893853;78.9;71.9
76;2021-08-31;1938;7329;983735;901182;79.1;72.5
76;2021-09-01;1712;6884;985447;908066;79.2;73.0
76;2021-09-02;1301;4928;986748;912994;79.3;73.4
76;2021-09-03;1586;7151;988334;920145;79.5;74.0
76;2021-09-04;1606;6315;989940;926460;79.6;74.5
76;2021-09-05;631;1929;990571;928389;79.6;74.6
76;2021-09-06;1258;5010;991829;933399;79.7;75.0
76;2021-09-07;1150;4342;992979;937741;79.8;75.4
76;2021-09-08;1252;5026;994231;942767;79.9;75.8
77;2020-12-27;1;0;1;0;0.0;0.0
77;2020-12-28;1;0;2;0;0.0;0.0
77;2020-12-29;0;0;2;0;0.0;0.0
77;2020-12-30;0;0;2;0;0.0;0.0
77;2020-12-31;0;0;2;0;0.0;0.0
77;2021-01-01;4;0;6;0;0.0;0.0
77;2021-01-02;2;0;8;0;0.0;0.0
77;2021-01-03;0;0;8;0;0.0;0.0
77;2021-01-04;7;0;15;0;0.0;0.0
77;2021-01-05;199;0;214;0;0.0;0.0
77;2021-01-06;235;2;449;2;0.0;0.0
77;2021-01-07;521;4;970;6;0.1;0.0
77;2021-01-08;621;0;1591;6;0.1;0.0
77;2021-01-09;273;1;1864;7;0.1;0.0
77;2021-01-10;235;2;2099;9;0.1;0.0
77;2021-01-11;783;3;2882;12;0.2;0.0
77;2021-01-12;884;1;3766;13;0.3;0.0
77;2021-01-13;941;2;4707;15;0.3;0.0
77;2021-01-14;850;7;5557;22;0.4;0.0
77;2021-01-15;859;10;6416;32;0.5;0.0
77;2021-01-16;168;1;6584;33;0.5;0.0
77;2021-01-17;132;2;6716;35;0.5;0.0
77;2021-01-18;1194;4;7910;39;0.6;0.0
77;2021-01-19;1722;21;9632;60;0.7;0.0
77;2021-01-20;2541;7;12173;67;0.9;0.0
77;2021-01-21;2057;26;14230;93;1.0;0.0
77;2021-01-22;1148;8;15378;101;1.1;0.0
77;2021-01-23;350;0;15728;101;1.1;0.0
77;2021-01-24;44;0;15772;101;1.1;0.0
77;2021-01-25;941;22;16713;123;1.2;0.0
77;2021-01-26;1713;24;18426;147;1.3;0.0
77;2021-01-27;1363;27;19789;174;1.4;0.0
77;2021-01-28;1698;92;21487;266;1.5;0.0
77;2021-01-29;1289;141;22776;407;1.6;0.0
77;2021-01-30;211;2;22987;409;1.6;0.0
77;2021-01-31;1;0;22988;409;1.6;0.0
77;2021-02-01;569;199;23557;608;1.7;0.0
77;2021-02-02;871;253;24428;861;1.7;0.1
77;2021-02-03;795;504;25223;1365;1.8;0.1
77;2021-02-04;789;785;26012;2150;1.8;0.2
77;2021-02-05;857;789;26869;2939;1.9;0.2
77;2021-02-06;165;98;27034;3037;1.9;0.2
77;2021-02-07;17;89;27051;3126;1.9;0.2
77;2021-02-08;496;854;27547;3980;1.9;0.3
77;2021-02-09;590;1383;28137;5363;2.0;0.4
77;2021-02-10;1029;1749;29166;7112;2.0;0.5
77;2021-02-11;1060;1571;30226;8683;2.1;0.6
77;2021-02-12;1098;1104;31324;9787;2.2;0.7
77;2021-02-13;187;172;31511;9959;2.2;0.7
77;2021-02-14;12;56;31523;10015;2.2;0.7
77;2021-02-15;555;836;32078;10851;2.3;0.8
77;2021-02-16;599;1332;32677;12183;2.3;0.9
77;2021-02-17;514;1019;33191;13202;2.3;0.9
77;2021-02-18;839;1421;34030;14623;2.4;1.0
77;2021-02-19;777;1016;34807;15639;2.4;1.1
77;2021-02-20;54;136;34861;15775;2.4;1.1
77;2021-02-21;7;31;34868;15806;2.4;1.1
77;2021-02-22;303;631;35171;16437;2.5;1.2
77;2021-02-23;360;937;35531;17374;2.5;1.2
77;2021-02-24;513;753;36044;18127;2.5;1.3
77;2021-02-25;794;839;36838;18966;2.6;1.3
77;2021-02-26;841;731;37679;19697;2.6;1.4
77;2021-02-27;459;149;38138;19846;2.7;1.4
77;2021-02-28;33;5;38171;19851;2.7;1.4
77;2021-03-01;677;622;38848;20473;2.7;1.4
77;2021-03-02;1093;944;39941;21417;2.8;1.5
77;2021-03-03;1957;1097;41898;22514;2.9;1.6
77;2021-03-04;2797;1075;44695;23589;3.1;1.7
77;2021-03-05;3380;982;48075;24571;3.4;1.7
77;2021-03-06;4825;256;52900;24827;3.7;1.7
77;2021-03-07;3194;113;56094;24940;3.9;1.8
77;2021-03-08;1230;489;57324;25429;4.0;1.8
77;2021-03-09;2505;623;59829;26052;4.2;1.8
77;2021-03-10;2399;568;62228;26620;4.4;1.9
77;2021-03-11;3500;780;65728;27400;4.6;1.9
77;2021-03-12;3891;682;69619;28082;4.9;2.0
77;2021-03-13;4481;202;74100;28284;5.2;2.0
77;2021-03-14;2153;120;76253;28404;5.4;2.0
77;2021-03-15;2511;274;78764;28678;5.5;2.0
77;2021-03-16;2444;371;81208;29049;5.7;2.0
77;2021-03-17;2554;425;83762;29474;5.9;2.1
77;2021-03-18;3010;395;86772;29869;6.1;2.1
77;2021-03-19;3358;438;90130;30307;6.3;2.1
77;2021-03-20;1967;77;92097;30384;6.5;2.1
77;2021-03-21;243;14;92340;30398;6.5;2.1
77;2021-03-22;3021;402;95361;30800;6.7;2.2
77;2021-03-23;4520;526;99881;31326;7.0;2.2
77;2021-03-24;4154;616;104035;31942;7.3;2.2
77;2021-03-25;5908;401;109943;32343;7.7;2.3
77;2021-03-26;6269;450;116212;32793;8.2;2.3
77;2021-03-27;3322;123;119534;32916;8.4;2.3
77;2021-03-28;1730;47;121264;32963;8.5;2.3
77;2021-03-29;2655;686;123919;33649;8.7;2.4
77;2021-03-30;3995;1187;127914;34836;9.0;2.4
77;2021-03-31;3755;1221;131669;36057;9.2;2.5
77;2021-04-01;4145;1816;135814;37873;9.5;2.7
77;2021-04-02;3994;2013;139808;39886;9.8;2.8
77;2021-04-03;1746;2277;141554;42163;9.9;3.0
77;2021-04-04;423;1426;141977;43589;10.0;3.1
77;2021-04-05;162;164;142139;43753;10.0;3.1
77;2021-04-06;2721;1926;144860;45679;10.2;3.2
77;2021-04-07;3319;2086;148179;47765;10.4;3.4
77;2021-04-08;4535;2359;152714;50124;10.7;3.5
77;2021-04-09;4852;2090;157566;52214;11.1;3.7
77;2021-04-10;3074;2751;160640;54965;11.3;3.9
77;2021-04-11;586;717;161226;55682;11.3;3.9
77;2021-04-12;2230;1824;163456;57506;11.5;4.0
77;2021-04-13;3358;2634;166814;60140;11.7;4.2
77;2021-04-14;2521;2651;169335;62791;11.9;4.4
77;2021-04-15;3323;3114;172658;65905;12.1;4.6
77;2021-04-16;3575;2720;176233;68625;12.4;4.8
77;2021-04-17;1386;476;177619;69101;12.5;4.9
77;2021-04-18;150;11;177769;69112;12.5;4.9
77;2021-04-19;2085;2509;179854;71621;12.6;5.0
77;2021-04-20;2573;3381;182427;75002;12.8;5.3
77;2021-04-21;2195;3474;184622;78476;13.0;5.5
77;2021-04-22;3003;3857;187625;82333;13.2;5.8
77;2021-04-23;3532;3638;191157;85971;13.4;6.0
77;2021-04-24;4901;2505;196058;88476;13.8;6.2
77;2021-04-25;4079;1237;200137;89713;14.1;6.3
77;2021-04-26;3226;2044;203363;91757;14.3;6.4
77;2021-04-27;3996;2507;207359;94264;14.6;6.6
77;2021-04-28;4068;2612;211427;96876;14.9;6.8
77;2021-04-29;4482;3076;215909;99952;15.2;7.0
77;2021-04-30;4911;3332;220820;103284;15.5;7.3
77;2021-05-01;2465;593;223285;103877;15.7;7.3
77;2021-05-02;3142;276;226427;104153;15.9;7.3
77;2021-05-03;5992;2069;232419;106222;16.3;7.5
77;2021-05-04;6440;2989;238859;109211;16.8;7.7
77;2021-05-05;6021;3026;244880;112237;17.2;7.9
77;2021-05-06;6888;3592;251768;115829;17.7;8.1
77;2021-05-07;8206;3261;259974;119090;18.3;8.4
77;2021-05-08;5715;810;265689;119900;18.7;8.4
77;2021-05-09;4908;484;270597;120384;19.0;8.5
77;2021-05-10;8090;2328;278687;122712;19.6;8.6
77;2021-05-11;9581;2916;288268;125628;20.2;8.8
77;2021-05-12;8980;2281;297248;127909;20.9;9.0
77;2021-05-13;9306;884;306554;128793;21.5;9.0
77;2021-05-14;10437;1671;316991;130464;22.3;9.2
77;2021-05-15;8993;1248;325984;131712;22.9;9.3
77;2021-05-16;5153;470;331137;132182;23.3;9.3
77;2021-05-17;10374;1478;341511;133660;24.0;9.4
77;2021-05-18;11784;1804;353295;135464;24.8;9.5
77;2021-05-19;10916;1601;364211;137065;25.6;9.6
77;2021-05-20;12214;2157;376425;139222;26.4;9.8
77;2021-05-21;11656;2701;388081;141923;27.3;10.0
77;2021-05-22;9821;1738;397902;143661;28.0;10.1
77;2021-05-23;6987;812;404889;144473;28.4;10.1
77;2021-05-24;6764;778;411653;145251;28.9;10.2
77;2021-05-25;8317;2817;419970;148068;29.5;10.4
77;2021-05-26;7564;2979;427534;151047;30.0;10.6
77;2021-05-27;7552;3966;435086;155013;30.6;10.9
77;2021-05-28;7637;4004;442723;159017;31.1;11.2
77;2021-05-29;7356;2327;450079;161344;31.6;11.3
77;2021-05-30;4359;891;454438;162235;31.9;11.4
77;2021-05-31;8383;3835;462821;166070;32.5;11.7
77;2021-06-01;9648;4380;472469;170450;33.2;12.0
77;2021-06-02;9007;3925;481476;174375;33.8;12.2
77;2021-06-03;9004;5270;490480;179645;34.5;12.6
77;2021-06-04;9119;5487;499599;185132;35.1;13.0
77;2021-06-05;6662;4987;506261;190119;35.6;13.4
77;2021-06-06;4911;3210;511172;193329;35.9;13.6
77;2021-06-07;6420;4541;517592;197870;36.4;13.9
77;2021-06-08;5730;5225;523322;203095;36.8;14.3
77;2021-06-09;5061;4954;528383;208049;37.1;14.6
77;2021-06-10;5016;5466;533399;213515;37.5;15.0
77;2021-06-11;5758;6033;539157;219548;37.9;15.4
77;2021-06-12;6545;4752;545702;224300;38.3;15.8
77;2021-06-13;3508;3053;549210;227353;38.6;16.0
77;2021-06-14;3219;7931;552429;235284;38.8;16.5
77;2021-06-15;4125;8480;556554;243764;39.1;17.1
77;2021-06-16;4809;8378;561363;252142;39.4;17.7
77;2021-06-17;4475;9030;565838;261172;39.7;18.3
77;2021-06-18;4366;9788;570204;270960;40.1;19.0
77;2021-06-19;5308;6930;575512;277890;40.4;19.5
77;2021-06-20;2096;3799;577608;281689;40.6;19.8
77;2021-06-21;3229;9580;580837;291269;40.8;20.5
77;2021-06-22;3669;11370;584506;302639;41.1;21.3
77;2021-06-23;3441;10054;587947;312693;41.3;22.0
77;2021-06-24;3362;10916;591309;323609;41.5;22.7
77;2021-06-25;3624;10805;594933;334414;41.8;23.5
77;2021-06-26;4089;10069;599022;344483;42.1;24.2
77;2021-06-27;2124;6427;601146;350910;42.2;24.6
77;2021-06-28;2799;10831;603945;361741;42.4;25.4
77;2021-06-29;3418;12526;607363;374267;42.7;26.3
77;2021-06-30;3293;11450;610656;385717;42.9;27.1
77;2021-07-01;3293;11652;613949;397369;43.1;27.9
77;2021-07-02;3466;12256;617415;409625;43.4;28.8
77;2021-07-03;3186;10802;620601;420427;43.6;29.5
77;2021-07-04;1997;6493;622598;426920;43.7;30.0
77;2021-07-05;3590;9546;626188;436466;44.0;30.7
77;2021-07-06;3743;9532;629931;445998;44.2;31.3
77;2021-07-07;4064;8962;633995;454960;44.5;32.0
77;2021-07-08;3935;8761;637930;463721;44.8;32.6
77;2021-07-09;4710;10340;642640;474061;45.1;33.3
77;2021-07-10;4047;9843;646687;483904;45.4;34.0
77;2021-07-11;3091;5093;649778;488997;45.6;34.3
77;2021-07-12;3286;10867;653064;499864;45.9;35.1
77;2021-07-13;6167;12032;659231;511896;46.3;36.0
77;2021-07-14;3604;6444;662835;518340;46.6;36.4
77;2021-07-15;7190;11968;670025;530308;47.1;37.3
77;2021-07-16;7831;9898;677856;540206;47.6;37.9
77;2021-07-17;5795;9466;683651;549672;48.0;38.6
77;2021-07-18;4140;5328;687791;555000;48.3;39.0
77;2021-07-19;7519;8951;695310;563951;48.8;39.6
77;2021-07-20;9630;8039;704940;571990;49.5;40.2
77;2021-07-21;9528;7481;714468;579471;50.2;40.7
77;2021-07-22;10564;7553;725032;587024;50.9;41.2
77;2021-07-23;9872;8200;734904;595224;51.6;41.8
77;2021-07-24;7217;7873;742121;603097;52.1;42.4
77;2021-07-25;5898;4031;748019;607128;52.5;42.6
77;2021-07-26;9219;5973;757238;613101;53.2;43.1
77;2021-07-27;10963;6043;768201;619144;54.0;43.5
77;2021-07-28;9493;6422;777694;625566;54.6;43.9
77;2021-07-29;9538;5510;787232;631076;55.3;44.3
77;2021-07-30;9733;6359;796965;637435;56.0;44.8
77;2021-07-31;7267;6630;804232;644065;56.5;45.2
77;2021-08-01;2955;1214;807187;645279;56.7;45.3
77;2021-08-02;7129;5733;814316;651012;57.2;45.7
77;2021-08-03;5856;4520;820172;655532;57.6;46.0
77;2021-08-04;4731;4387;824903;659919;57.9;46.4
77;2021-08-05;3253;2972;828156;662891;58.2;46.6
77;2021-08-06;5888;5261;834044;668152;58.6;46.9
77;2021-08-07;5293;6795;839337;674947;59.0;47.4
77;2021-08-08;1979;1864;841316;676811;59.1;47.5
77;2021-08-09;5062;6582;846378;683393;59.5;48.0
77;2021-08-10;2675;3577;849053;686970;59.6;48.3
77;2021-08-11;3119;6194;852172;693164;59.9;48.7
77;2021-08-12;2256;3573;854428;696737;60.0;48.9
77;2021-08-13;2717;4896;857145;701633;60.2;49.3
77;2021-08-14;2951;7331;860096;708964;60.4;49.8
77;2021-08-15;787;774;860883;709738;60.5;49.9
77;2021-08-16;2364;6982;863247;716720;60.6;50.3
77;2021-08-17;2880;7206;866127;723926;60.8;50.9
77;2021-08-18;2674;6557;868801;730483;61.0;51.3
77;2021-08-19;2621;5106;871422;735589;61.2;51.7
77;2021-08-20;2660;5691;874082;741280;61.4;52.1
77;2021-08-21;2708;7326;876790;748606;61.6;52.6
77;2021-08-22;1729;5337;878519;753943;61.7;53.0
77;2021-08-23;2424;9615;880943;763558;61.9;53.6
77;2021-08-24;3043;9237;883986;772795;62.1;54.3
77;2021-08-25;2532;6527;886518;779322;62.3;54.7
77;2021-08-26;2544;6251;889062;785573;62.5;55.2
77;2021-08-27;2710;6990;891772;792563;62.6;55.7
77;2021-08-28;1955;7246;893727;799809;62.8;56.2
77;2021-08-29;1481;5149;895208;804958;62.9;56.5
77;2021-08-30;2509;8146;897717;813104;63.1;57.1
77;2021-08-31;2822;5732;900539;818836;63.3;57.5
77;2021-09-01;2207;3837;902746;822673;63.4;57.8
77;2021-09-02;1593;3137;904339;825810;63.5;58.0
77;2021-09-03;2071;4551;906410;830361;63.7;58.3
77;2021-09-04;2393;5768;908803;836129;63.8;58.7
77;2021-09-05;893;1553;909696;837682;63.9;58.8
77;2021-09-06;1038;2306;910734;839988;64.0;59.0
77;2021-09-07;822;2281;911556;842269;64.0;59.2
77;2021-09-08;1669;3568;913225;845837;64.1;59.4
78;2020-12-27;2;0;2;0;0.0;0.0
78;2020-12-28;0;0;2;0;0.0;0.0
78;2020-12-29;0;0;2;0;0.0;0.0
78;2020-12-30;0;0;2;0;0.0;0.0
78;2020-12-31;15;0;17;0;0.0;0.0
78;2021-01-01;1;0;18;0;0.0;0.0
78;2021-01-02;1;0;19;0;0.0;0.0
78;2021-01-03;3;0;22;0;0.0;0.0
78;2021-01-04;145;3;167;3;0.0;0.0
78;2021-01-05;175;1;342;4;0.0;0.0
78;2021-01-06;208;4;550;8;0.0;0.0
78;2021-01-07;469;2;1019;10;0.1;0.0
78;2021-01-08;651;3;1670;13;0.1;0.0
78;2021-01-09;22;0;1692;13;0.1;0.0
78;2021-01-10;2;0;1694;13;0.1;0.0
78;2021-01-11;792;3;2486;16;0.2;0.0
78;2021-01-12;945;5;3431;21;0.2;0.0
78;2021-01-13;740;8;4171;29;0.3;0.0
78;2021-01-14;811;9;4982;38;0.3;0.0
78;2021-01-15;847;10;5829;48;0.4;0.0
78;2021-01-16;32;0;5861;48;0.4;0.0
78;2021-01-17;0;0;5861;48;0.4;0.0
78;2021-01-18;1382;21;7243;69;0.5;0.0
78;2021-01-19;1841;27;9084;96;0.6;0.0
78;2021-01-20;1659;15;10743;111;0.7;0.0
78;2021-01-21;3255;16;13998;127;1.0;0.0
78;2021-01-22;2217;16;16215;143;1.1;0.0
78;2021-01-23;279;0;16494;143;1.1;0.0
78;2021-01-24;5;0;16499;143;1.1;0.0
78;2021-01-25;959;29;17458;172;1.2;0.0
78;2021-01-26;1560;19;19018;191;1.3;0.0
78;2021-01-27;2061;42;21079;233;1.5;0.0
78;2021-01-28;2436;101;23515;334;1.6;0.0
78;2021-01-29;1490;58;25005;392;1.7;0.0
78;2021-01-30;210;3;25215;395;1.7;0.0
78;2021-01-31;3;0;25218;395;1.7;0.0
78;2021-02-01;786;214;26004;609;1.8;0.0
78;2021-02-02;968;325;26972;934;1.9;0.1
78;2021-02-03;975;229;27947;1163;1.9;0.1
78;2021-02-04;1117;421;29064;1584;2.0;0.1
78;2021-02-05;1190;468;30254;2052;2.1;0.1
78;2021-02-06;199;44;30453;2096;2.1;0.1
78;2021-02-07;139;13;30592;2109;2.1;0.1
78;2021-02-08;760;564;31352;2673;2.2;0.2
78;2021-02-09;1122;905;32474;3578;2.2;0.2
78;2021-02-10;1246;1139;33720;4717;2.3;0.3
78;2021-02-11;1820;1835;35540;6552;2.5;0.5
78;2021-02-12;1820;1319;37360;7871;2.6;0.5
78;2021-02-13;173;65;37533;7936;2.6;0.5
78;2021-02-14;26;24;37559;7960;2.6;0.5
78;2021-02-15;447;1237;38006;9197;2.6;0.6
78;2021-02-16;629;1384;38635;10581;2.7;0.7
78;2021-02-17;587;2041;39222;12622;2.7;0.9
78;2021-02-18;997;2100;40219;14722;2.8;1.0
78;2021-02-19;820;1576;41039;16298;2.8;1.1
78;2021-02-20;148;108;41187;16406;2.8;1.1
78;2021-02-21;0;12;41187;16418;2.8;1.1
78;2021-02-22;502;901;41689;17319;2.9;1.2
78;2021-02-23;540;992;42229;18311;2.9;1.3
78;2021-02-24;619;1110;42848;19421;3.0;1.3
78;2021-02-25;866;1016;43714;20437;3.0;1.4
78;2021-02-26;1132;1117;44846;21554;3.1;1.5
78;2021-02-27;740;131;45586;21685;3.1;1.5
78;2021-02-28;68;18;45654;21703;3.2;1.5
78;2021-03-01;965;787;46619;22490;3.2;1.6
78;2021-03-02;1727;966;48346;23456;3.3;1.6
78;2021-03-03;1965;1113;50311;24569;3.5;1.7
78;2021-03-04;2949;1511;53260;26080;3.7;1.8
78;2021-03-05;3255;1570;56515;27650;3.9;1.9
78;2021-03-06;6246;294;62761;27944;4.3;1.9
78;2021-03-07;3444;104;66205;28048;4.6;1.9
78;2021-03-08;1459;732;67664;28780;4.7;2.0
78;2021-03-09;2942;888;70606;29668;4.9;2.0
78;2021-03-10;3078;1101;73684;30769;5.1;2.1
78;2021-03-11;4176;1300;77860;32069;5.4;2.2
78;2021-03-12;5372;1334;83232;33403;5.7;2.3
78;2021-03-13;4657;198;87889;33601;6.1;2.3
78;2021-03-14;1036;41;88925;33642;6.1;2.3
78;2021-03-15;3621;267;92546;33909;6.4;2.3
78;2021-03-16;2566;566;95112;34475;6.6;2.4
78;2021-03-17;2968;437;98080;34912;6.8;2.4
78;2021-03-18;3780;451;101860;35363;7.0;2.4
78;2021-03-19;5319;487;107179;35850;7.4;2.5
78;2021-03-20;2258;127;109437;35977;7.6;2.5
78;2021-03-21;165;7;109602;35984;7.6;2.5
78;2021-03-22;3532;378;113134;36362;7.8;2.5
78;2021-03-23;5231;543;118365;36905;8.2;2.5
78;2021-03-24;4893;552;123258;37457;8.5;2.6
78;2021-03-25;6941;567;130199;38024;9.0;2.6
78;2021-03-26;6941;712;137140;38736;9.5;2.7
78;2021-03-27;3746;197;140886;38933;9.7;2.7
78;2021-03-28;1919;54;142805;38987;9.9;2.7
78;2021-03-29;3865;762;146670;39749;10.1;2.7
78;2021-03-30;5526;1058;152196;40807;10.5;2.8
78;2021-03-31;5333;1288;157529;42095;10.9;2.9
78;2021-04-01;5594;2352;163123;44447;11.3;3.1
78;2021-04-02;5194;2625;168317;47072;11.6;3.2
78;2021-04-03;2198;2561;170515;49633;11.8;3.4
78;2021-04-04;173;14;170688;49647;11.8;3.4
78;2021-04-05;199;19;170887;49666;11.8;3.4
78;2021-04-06;3618;2306;174505;51972;12.0;3.6
78;2021-04-07;4357;2587;178862;54559;12.3;3.8
78;2021-04-08;5525;2674;184387;57233;12.7;4.0
78;2021-04-09;6909;2448;191296;59681;13.2;4.1
78;2021-04-10;3994;1901;195290;61582;13.5;4.3
78;2021-04-11;374;607;195664;62189;13.5;4.3
78;2021-04-12;3532;2360;199196;64549;13.8;4.5
78;2021-04-13;5460;2495;204656;67044;14.1;4.6
78;2021-04-14;4956;3386;209612;70430;14.5;4.9
78;2021-04-15;4616;3851;214228;74281;14.8;5.1
78;2021-04-16;5625;4019;219853;78300;15.2;5.4
78;2021-04-17;3615;716;223468;79016;15.4;5.5
78;2021-04-18;272;42;223740;79058;15.4;5.5
78;2021-04-19;3244;2813;226984;81871;15.7;5.7
78;2021-04-20;4710;3684;231694;85555;16.0;5.9
78;2021-04-21;4534;3509;236228;89064;16.3;6.1
78;2021-04-22;4565;4693;240793;93757;16.6;6.5
78;2021-04-23;5060;4431;245853;98188;17.0;6.8
78;2021-04-24;4866;2621;250719;100809;17.3;7.0
78;2021-04-25;3047;1733;253766;102542;17.5;7.1
78;2021-04-26;4770;3319;258536;105861;17.8;7.3
78;2021-04-27;5472;4306;264008;110167;18.2;7.6
78;2021-04-28;5651;4780;269659;114947;18.6;7.9
78;2021-04-29;6262;4065;275921;119012;19.0;8.2
78;2021-04-30;7208;4455;283129;123467;19.5;8.5
78;2021-05-01;612;254;283741;123721;19.6;8.5
78;2021-05-02;2008;166;285749;123887;19.7;8.6
78;2021-05-03;7462;1276;293211;125163;20.2;8.6
78;2021-05-04;6078;3979;299289;129142;20.7;8.9
78;2021-05-05;7300;4550;306589;133692;21.2;9.2
78;2021-05-06;6481;5175;313070;138867;21.6;9.6
78;2021-05-07;8313;5136;321383;144003;22.2;9.9
78;2021-05-08;2917;1450;324300;145453;22.4;10.0
78;2021-05-09;2819;352;327119;145805;22.6;10.1
78;2021-05-10;7343;4452;334462;150257;23.1;10.4
78;2021-05-11;8142;5415;342604;155672;23.7;10.7
78;2021-05-12;8734;3919;351338;159591;24.3;11.0
78;2021-05-13;6631;601;357969;160192;24.7;11.1
78;2021-05-14;10218;2215;368187;162407;25.4;11.2
78;2021-05-15;4936;2361;373123;164768;25.8;11.4
78;2021-05-16;3697;792;376820;165560;26.0;11.4
78;2021-05-17;8743;1351;385563;166911;26.6;11.5
78;2021-05-18;9887;1888;395450;168799;27.3;11.7
78;2021-05-19;11654;1710;407104;170509;28.1;11.8
78;2021-05-20;11599;2263;418703;172772;28.9;11.9
78;2021-05-21;12131;2634;430834;175406;29.7;12.1
78;2021-05-22;6547;1363;437381;176769;30.2;12.2
78;2021-05-23;3127;390;440508;177159;30.4;12.2
78;2021-05-24;3523;418;444031;177577;30.7;12.3
78;2021-05-25;9988;2504;454019;180081;31.3;12.4
78;2021-05-26;10166;3778;464185;183859;32.0;12.7
78;2021-05-27;10959;4643;475144;188502;32.8;13.0
78;2021-05-28;11413;6028;486557;194530;33.6;13.4
78;2021-05-29;4228;3384;490785;197914;33.9;13.7
78;2021-05-30;136;346;490921;198260;33.9;13.7
78;2021-05-31;7971;5362;498892;203622;34.4;14.1
78;2021-06-01;10028;6522;508920;210144;35.1;14.5
78;2021-06-02;8586;6202;517506;216346;35.7;14.9
78;2021-06-03;9897;6476;527403;222822;36.4;15.4
78;2021-06-04;9794;8146;537197;230968;37.1;15.9
78;2021-06-05;5522;6134;542719;237102;37.5;16.4
78;2021-06-06;2150;2009;544869;239111;37.6;16.5
78;2021-06-07;8124;6521;552993;245632;38.2;17.0
78;2021-06-08;8065;7321;561058;252953;38.7;17.5
78;2021-06-09;7327;6731;568385;259684;39.2;17.9
78;2021-06-10;7113;7104;575498;266788;39.7;18.4
78;2021-06-11;7585;8183;583083;274971;40.3;19.0
78;2021-06-12;6374;2919;589457;277890;40.7;19.2
78;2021-06-13;946;2458;590403;280348;40.8;19.4
78;2021-06-14;3414;9811;593817;290159;41.0;20.0
78;2021-06-15;5803;8289;599620;298448;41.4;20.6
78;2021-06-16;5433;8628;605053;307076;41.8;21.2
78;2021-06-17;5486;8537;610539;315613;42.1;21.8
78;2021-06-18;6168;9797;616707;325410;42.6;22.5
78;2021-06-19;5222;4816;621929;330226;42.9;22.8
78;2021-06-20;624;2838;622553;333064;43.0;23.0
78;2021-06-21;4099;9471;626652;342535;43.3;23.6
78;2021-06-22;3350;10317;630002;352852;43.5;24.4
78;2021-06-23;3841;10393;633843;363245;43.8;25.1
78;2021-06-24;3799;9979;637642;373224;44.0;25.8
78;2021-06-25;4003;13149;641645;386373;44.3;26.7
78;2021-06-26;4211;7955;645856;394328;44.6;27.2
78;2021-06-27;1040;2541;646896;396869;44.7;27.4
78;2021-06-28;3294;10903;650190;407772;44.9;28.1
78;2021-06-29;3539;11253;653729;419025;45.1;28.9
78;2021-06-30;4112;13225;657841;432250;45.4;29.8
78;2021-07-01;4106;12698;661947;444948;45.7;30.7
78;2021-07-02;4260;13940;666207;458888;46.0;31.7
78;2021-07-03;3161;8624;669368;467512;46.2;32.3
78;2021-07-04;777;1742;670145;469254;46.3;32.4
78;2021-07-05;3387;9693;673532;478947;46.5;33.1
78;2021-07-06;3528;12043;677060;490990;46.7;33.9
78;2021-07-07;3773;11605;680833;502595;47.0;34.7
78;2021-07-08;3871;11678;684704;514273;47.3;35.5
78;2021-07-09;4810;12742;689514;527015;47.6;36.4
78;2021-07-10;2627;6614;692141;533629;47.8;36.8
78;2021-07-11;748;2047;692889;535676;47.8;37.0
78;2021-07-12;3036;11744;695925;547420;48.0;37.8
78;2021-07-13;5354;11978;701279;559398;48.4;38.6
78;2021-07-14;2533;4993;703812;564391;48.6;39.0
78;2021-07-15;5669;11956;709481;576347;49.0;39.8
78;2021-07-16;7290;10783;716771;587130;49.5;40.5
78;2021-07-17;4728;4893;721499;592023;49.8;40.9
78;2021-07-18;1124;469;722623;592492;49.9;40.9
78;2021-07-19;3841;10349;726464;602841;50.1;41.6
78;2021-07-20;5615;9922;732079;612763;50.5;42.3
78;2021-07-21;5906;9861;737985;622624;50.9;43.0
78;2021-07-22;5951;9287;743936;631911;51.4;43.6
78;2021-07-23;6240;9227;750176;641138;51.8;44.3
78;2021-07-24;2938;4967;753114;646105;52.0;44.6
78;2021-07-25;987;375;754101;646480;52.1;44.6
78;2021-07-26;4863;6988;758964;653468;52.4;45.1
78;2021-07-27;7597;6915;766561;660383;52.9;45.6
78;2021-07-28;6949;5929;773510;666312;53.4;46.0
78;2021-07-29;7906;5999;781416;672311;53.9;46.4
78;2021-07-30;7741;7043;789157;679354;54.5;46.9
78;2021-07-31;2649;2731;791806;682085;54.7;47.1
78;2021-08-01;108;72;791914;682157;54.7;47.1
78;2021-08-02;2387;2124;794301;684281;54.8;47.2
78;2021-08-03;4255;4249;798556;688530;55.1;47.5
78;2021-08-04;4369;2807;802925;691337;55.4;47.7
78;2021-08-05;3868;3171;806793;694508;55.7;47.9
78;2021-08-06;3951;3718;810744;698226;56.0;48.2
78;2021-08-07;2816;3440;813560;701666;56.2;48.4
78;2021-08-08;479;343;814039;702009;56.2;48.5
78;2021-08-09;1868;1659;815907;703668;56.3;48.6
78;2021-08-10;3387;3977;819294;707645;56.6;48.8
78;2021-08-11;2966;3380;822260;711025;56.8;49.1
78;2021-08-12;2729;3541;824989;714566;56.9;49.3
78;2021-08-13;2853;3183;827842;717749;57.1;49.5
78;2021-08-14;2294;3085;830136;720834;57.3;49.8
78;2021-08-15;277;378;830413;721212;57.3;49.8
78;2021-08-16;905;2337;831318;723549;57.4;49.9
78;2021-08-17;2784;4421;834102;727970;57.6;50.3
78;2021-08-18;2453;3814;836555;731784;57.7;50.5
78;2021-08-19;2228;3580;838783;735364;57.9;50.8
78;2021-08-20;2087;4000;840870;739364;58.0;51.0
78;2021-08-21;1884;3578;842754;742942;58.2;51.3
78;2021-08-22;85;147;842839;743089;58.2;51.3
78;2021-08-23;2141;4242;844980;747331;58.3;51.6
78;2021-08-24;3619;6969;848599;754300;58.6;52.1
78;2021-08-25;3276;6584;851875;760884;58.8;52.5
78;2021-08-26;2968;7227;854843;768111;59.0;53.0
78;2021-08-27;2845;7363;857688;775474;59.2;53.5
78;2021-08-28;2421;5266;860109;780740;59.4;53.9
78;2021-08-29;369;350;860478;781090;59.4;53.9
78;2021-08-30;2856;5066;863334;786156;59.6;54.3
78;2021-08-31;3443;5804;866777;791960;59.8;54.7
78;2021-09-01;2706;5262;869483;797222;60.0;55.0
78;2021-09-02;2080;4397;871563;801619;60.2;55.3
78;2021-09-03;2240;4710;873803;806329;60.3;55.7
78;2021-09-04;2472;4240;876275;810569;60.5;56.0
78;2021-09-05;287;380;876562;810949;60.5;56.0
78;2021-09-06;1272;2988;877834;813937;60.6;56.2
78;2021-09-07;1335;3495;879169;817432;60.7;56.4
78;2021-09-08;1671;3780;880840;821212;60.8;56.7
79;2020-12-27;0;0;0;0;0.0;0.0
79;2020-12-28;3;0;3;0;0.0;0.0
79;2020-12-29;0;0;3;0;0.0;0.0
79;2020-12-30;0;0;3;0;0.0;0.0
79;2020-12-31;0;0;3;0;0.0;0.0
79;2021-01-01;0;0;3;0;0.0;0.0
79;2021-01-02;0;0;3;0;0.0;0.0
79;2021-01-03;0;0;3;0;0.0;0.0
79;2021-01-04;1;0;4;0;0.0;0.0
79;2021-01-05;0;0;4;0;0.0;0.0
79;2021-01-06;0;0;4;0;0.0;0.0
79;2021-01-07;158;0;162;0;0.0;0.0
79;2021-01-08;165;0;327;0;0.1;0.0
79;2021-01-09;99;0;426;0;0.1;0.0
79;2021-01-10;3;0;429;0;0.1;0.0
79;2021-01-11;184;1;613;1;0.2;0.0
79;2021-01-12;245;1;858;2;0.2;0.0
79;2021-01-13;258;0;1116;2;0.3;0.0
79;2021-01-14;505;8;1621;10;0.4;0.0
79;2021-01-15;616;5;2237;15;0.6;0.0
79;2021-01-16;66;0;2303;15;0.6;0.0
79;2021-01-17;0;0;2303;15;0.6;0.0
79;2021-01-18;477;2;2780;17;0.7;0.0
79;2021-01-19;1361;1;4141;18;1.1;0.0
79;2021-01-20;1677;1;5818;19;1.6;0.0
79;2021-01-21;1998;7;7816;26;2.1;0.0
79;2021-01-22;874;4;8690;30;2.3;0.0
79;2021-01-23;65;0;8755;30;2.3;0.0
79;2021-01-24;0;0;8755;30;2.3;0.0
79;2021-01-25;645;7;9400;37;2.5;0.0
79;2021-01-26;593;13;9993;50;2.7;0.0
79;2021-01-27;740;83;10733;133;2.9;0.0
79;2021-01-28;733;149;11466;282;3.1;0.1
79;2021-01-29;492;86;11958;368;3.2;0.1
79;2021-01-30;0;0;11958;368;3.2;0.1
79;2021-01-31;0;0;11958;368;3.2;0.1
79;2021-02-01;207;108;12165;476;3.3;0.1
79;2021-02-02;335;73;12500;549;3.4;0.1
79;2021-02-03;390;58;12890;607;3.5;0.2
79;2021-02-04;324;107;13214;714;3.5;0.2
79;2021-02-05;360;275;13574;989;3.6;0.3
79;2021-02-06;4;0;13578;989;3.6;0.3
79;2021-02-07;22;0;13600;989;3.6;0.3
79;2021-02-08;283;165;13883;1154;3.7;0.3
79;2021-02-09;457;770;14340;1924;3.8;0.5
79;2021-02-10;619;1175;14959;3099;4.0;0.8
79;2021-02-11;777;1211;15736;4310;4.2;1.2
79;2021-02-12;467;736;16203;5046;4.3;1.4
79;2021-02-13;53;70;16256;5116;4.4;1.4
79;2021-02-14;0;0;16256;5116;4.4;1.4
79;2021-02-15;186;466;16442;5582;4.4;1.5
79;2021-02-16;333;699;16775;6281;4.5;1.7
79;2021-02-17;249;824;17024;7105;4.6;1.9
79;2021-02-18;353;901;17377;8006;4.7;2.1
79;2021-02-19;267;531;17644;8537;4.7;2.3
79;2021-02-20;4;22;17648;8559;4.7;2.3
79;2021-02-21;1;0;17649;8559;4.7;2.3
79;2021-02-22;136;428;17785;8987;4.8;2.4
79;2021-02-23;248;519;18033;9506;4.8;2.6
79;2021-02-24;245;494;18278;10000;4.9;2.7
79;2021-02-25;519;443;18797;10443;5.0;2.8
79;2021-02-26;599;371;19396;10814;5.2;2.9
79;2021-02-27;407;6;19803;10820;5.3;2.9
79;2021-02-28;35;0;19838;10820;5.3;2.9
79;2021-03-01;89;336;19927;11156;5.3;3.0
79;2021-03-02;302;490;20229;11646;5.4;3.1
79;2021-03-03;662;512;20891;12158;5.6;3.3
79;2021-03-04;904;552;21795;12710;5.8;3.4
79;2021-03-05;1217;438;23012;13148;6.2;3.5
79;2021-03-06;611;5;23623;13153;6.3;3.5
79;2021-03-07;77;1;23700;13154;6.4;3.5
79;2021-03-08;344;303;24044;13457;6.5;3.6
79;2021-03-09;841;340;24885;13797;6.7;3.7
79;2021-03-10;1146;401;26031;14198;7.0;3.8
79;2021-03-11;1640;322;27671;14520;7.4;3.9
79;2021-03-12;1721;118;29392;14638;7.9;3.9
79;2021-03-13;1136;13;30528;14651;8.2;3.9
79;2021-03-14;50;0;30578;14651;8.2;3.9
79;2021-03-15;497;157;31075;14808;8.3;4.0
79;2021-03-16;735;146;31810;14954;8.5;4.0
79;2021-03-17;578;107;32388;15061;8.7;4.0
79;2021-03-18;553;202;32941;15263;8.8;4.1
79;2021-03-19;662;258;33603;15521;9.0;4.2
79;2021-03-20;1007;14;34610;15535;9.3;4.2
79;2021-03-21;3;0;34613;15535;9.3;4.2
79;2021-03-22;957;206;35570;15741;9.5;4.2
79;2021-03-23;1595;170;37165;15911;10.0;4.3
79;2021-03-24;1832;163;38997;16074;10.5;4.3
79;2021-03-25;2499;190;41496;16264;11.1;4.4
79;2021-03-26;2406;137;43902;16401;11.8;4.4
79;2021-03-27;769;18;44671;16419;12.0;4.4
79;2021-03-28;1;0;44672;16419;12.0;4.4
79;2021-03-29;2148;115;46820;16534;12.6;4.4
79;2021-03-30;2817;64;49637;16598;13.3;4.5
79;2021-03-31;2777;381;52414;16979;14.1;4.6
79;2021-04-01;2697;381;55111;17360;14.8;4.7
79;2021-04-02;2823;393;57934;17753;15.5;4.8
79;2021-04-03;634;53;58568;17806;15.7;4.8
79;2021-04-04;3;0;58571;17806;15.7;4.8
79;2021-04-05;381;4;58952;17810;15.8;4.8
79;2021-04-06;1794;584;60746;18394;16.3;4.9
79;2021-04-07;3117;732;63863;19126;17.1;5.1
79;2021-04-08;2631;696;66494;19822;17.8;5.3
79;2021-04-09;3738;546;70232;20368;18.8;5.5
79;2021-04-10;1466;385;71698;20753;19.2;5.6
79;2021-04-11;4;0;71702;20753;19.2;5.6
79;2021-04-12;1753;356;73455;21109;19.7;5.7
79;2021-04-13;2174;750;75629;21859;20.3;5.9
79;2021-04-14;2480;677;78109;22536;21.0;6.0
79;2021-04-15;2215;667;80324;23203;21.6;6.2
79;2021-04-16;1414;442;81738;23645;21.9;6.3
79;2021-04-17;581;352;82319;23997;22.1;6.4
79;2021-04-18;1;14;82320;24011;22.1;6.4
79;2021-04-19;1088;842;83408;24853;22.4;6.7
79;2021-04-20;1507;1229;84915;26082;22.8;7.0
79;2021-04-21;1419;1439;86334;27521;23.2;7.4
79;2021-04-22;1572;1085;87906;28606;23.6;7.7
79;2021-04-23;1316;1187;89222;29793;23.9;8.0
79;2021-04-24;653;462;89875;30255;24.1;8.1
79;2021-04-25;1;0;89876;30255;24.1;8.1
79;2021-04-26;1343;1813;91219;32068;24.5;8.6
79;2021-04-27;1898;2350;93117;34418;25.0;9.2
79;2021-04-28;1457;2867;94574;37285;25.4;10.0
79;2021-04-29;2105;2256;96679;39541;25.9;10.6
79;2021-04-30;2114;2456;98793;41997;26.5;11.3
79;2021-05-01;521;379;99314;42376;26.7;11.4
79;2021-05-02;1;11;99315;42387;26.7;11.4
79;2021-05-03;1182;1292;100497;43679;27.0;11.7
79;2021-05-04;1733;2333;102230;46012;27.4;12.3
79;2021-05-05;1695;2482;103925;48494;27.9;13.0
79;2021-05-06;2328;2223;106253;50717;28.5;13.6
79;2021-05-07;2088;2802;108341;53519;29.1;14.4
79;2021-05-08;199;506;108540;54025;29.1;14.5
79;2021-05-09;0;0;108540;54025;29.1;14.5
79;2021-05-10;1584;1787;110124;55812;29.6;15.0
79;2021-05-11;2310;1650;112434;57462;30.2;15.4
79;2021-05-12;2001;2679;114435;60141;30.7;16.1
79;2021-05-13;640;290;115075;60431;30.9;16.2
79;2021-05-14;2100;673;117175;61104;31.4;16.4
79;2021-05-15;1399;498;118574;61602;31.8;16.5
79;2021-05-16;1;22;118575;61624;31.8;16.5
79;2021-05-17;1876;1086;120451;62710;32.3;16.8
79;2021-05-18;2971;1272;123422;63982;33.1;17.2
79;2021-05-19;2897;967;126319;64949;33.9;17.4
79;2021-05-20;3106;1247;129425;66196;34.7;17.8
79;2021-05-21;2768;1066;132193;67262;35.5;18.1
79;2021-05-22;1084;261;133277;67523;35.8;18.1
79;2021-05-23;1;0;133278;67523;35.8;18.1
79;2021-05-24;161;20;133439;67543;35.8;18.1
79;2021-05-25;3199;990;136638;68533;36.7;18.4
79;2021-05-26;3313;852;139951;69385;37.6;18.6
79;2021-05-27;3590;1718;143541;71103;38.5;19.1
79;2021-05-28;3330;1824;146871;72927;39.4;19.6
79;2021-05-29;1073;451;147944;73378;39.7;19.7
79;2021-05-30;3;1;147947;73379;39.7;19.7
79;2021-05-31;2382;734;150329;74113;40.3;19.9
79;2021-06-01;3021;1573;153350;75686;41.2;20.3
79;2021-06-02;4066;1167;157416;76853;42.2;20.6
79;2021-06-03;4090;1755;161506;78608;43.3;21.1
79;2021-06-04;4144;2034;165650;80642;44.5;21.6
79;2021-06-05;2802;758;168452;81400;45.2;21.8
79;2021-06-06;696;39;169148;81439;45.4;21.9
79;2021-06-07;2809;1413;171957;82852;46.1;22.2
79;2021-06-08;2982;2068;174939;84920;46.9;22.8
79;2021-06-09;3631;1934;178570;86854;47.9;23.3
79;2021-06-10;3020;1966;181590;88820;48.7;23.8
79;2021-06-11;3767;2315;185357;91135;49.7;24.5
79;2021-06-12;1707;611;187064;91746;50.2;24.6
79;2021-06-13;214;24;187278;91770;50.3;24.6
79;2021-06-14;1247;1692;188525;93462;50.6;25.1
79;2021-06-15;1881;2362;190406;95824;51.1;25.7
79;2021-06-16;2206;2247;192612;98071;51.7;26.3
79;2021-06-17;2238;2616;194850;100687;52.3;27.0
79;2021-06-18;2413;2323;197263;103010;52.9;27.6
79;2021-06-19;1246;580;198509;103590;53.3;27.8
79;2021-06-20;3;2;198512;103592;53.3;27.8
79;2021-06-21;1233;2282;199745;105874;53.6;28.4
79;2021-06-22;1548;2876;201293;108750;54.0;29.2
79;2021-06-23;1771;2549;203064;111299;54.5;29.9
79;2021-06-24;2107;2002;205171;113301;55.1;30.4
79;2021-06-25;1488;2840;206659;116141;55.5;31.2
79;2021-06-26;870;808;207529;116949;55.7;31.4
79;2021-06-27;13;6;207542;116955;55.7;31.4
79;2021-06-28;1056;2622;208598;119577;56.0;32.1
79;2021-06-29;1474;3551;210072;123128;56.4;33.0
79;2021-06-30;1355;3448;211427;126576;56.7;34.0
79;2021-07-01;1203;3785;212630;130361;57.1;35.0
79;2021-07-02;1489;3347;214119;133708;57.5;35.9
79;2021-07-03;399;1504;214518;135212;57.6;36.3
79;2021-07-04;2;9;214520;135221;57.6;36.3
79;2021-07-05;753;2119;215273;137340;57.8;36.9
79;2021-07-06;947;3665;216220;141005;58.0;37.8
79;2021-07-07;1333;4309;217553;145314;58.4;39.0
79;2021-07-08;1104;4044;218657;149358;58.7;40.1
79;2021-07-09;837;3719;219494;153077;58.9;41.1
79;2021-07-10;515;1316;220009;154393;59.0;41.4
79;2021-07-11;2;12;220011;154405;59.0;41.4
79;2021-07-12;545;3694;220556;158099;59.2;42.4
79;2021-07-13;999;5188;221555;163287;59.5;43.8
79;2021-07-14;134;874;221689;164161;59.5;44.1
79;2021-07-15;1235;4681;222924;168842;59.8;45.3
79;2021-07-16;1333;4364;224257;173206;60.2;46.5
79;2021-07-17;577;2427;224834;175633;60.3;47.1
79;2021-07-18;45;498;224879;176131;60.3;47.3
79;2021-07-19;736;3315;225615;179446;60.5;48.2
79;2021-07-20;1232;3947;226847;183393;60.9;49.2
79;2021-07-21;1179;4197;228026;187590;61.2;50.3
79;2021-07-22;1354;3975;229380;191565;61.6;51.4
79;2021-07-23;1350;4555;230730;196120;61.9;52.6
79;2021-07-24;865;1499;231595;197619;62.2;53.0
79;2021-07-25;55;326;231650;197945;62.2;53.1
79;2021-07-26;1374;2598;233024;200543;62.5;53.8
79;2021-07-27;2084;2997;235108;203540;63.1;54.6
79;2021-07-28;2498;2494;237606;206034;63.8;55.3
79;2021-07-29;3009;2863;240615;208897;64.6;56.1
79;2021-07-30;2138;2818;242753;211715;65.1;56.8
79;2021-07-31;888;1157;243641;212872;65.4;57.1
79;2021-08-01;5;3;243646;212875;65.4;57.1
79;2021-08-02;1796;1545;245442;214420;65.9;57.5
79;2021-08-03;2821;2051;248263;216471;66.6;58.1
79;2021-08-04;2987;1745;251250;218216;67.4;58.6
79;2021-08-05;2901;2213;254151;220429;68.2;59.2
79;2021-08-06;2529;1637;256680;222066;68.9;59.6
79;2021-08-07;872;812;257552;222878;69.1;59.8
79;2021-08-08;4;3;257556;222881;69.1;59.8
79;2021-08-09;2493;1085;260049;223966;69.8;60.1
79;2021-08-10;2975;1545;263024;225511;70.6;60.5
79;2021-08-11;2579;1661;265603;227172;71.3;61.0
79;2021-08-12;2766;1425;268369;228597;72.0;61.3
79;2021-08-13;2865;1061;271234;229658;72.8;61.6
79;2021-08-14;518;391;271752;230049;72.9;61.7
79;2021-08-15;7;5;271759;230054;72.9;61.7
79;2021-08-16;1762;1197;273521;231251;73.4;62.1
79;2021-08-17;2101;1590;275622;232841;74.0;62.5
79;2021-08-18;1919;1914;277541;234755;74.5;63.0
79;2021-08-19;1612;1709;279153;236464;74.9;63.5
79;2021-08-20;1508;2159;280661;238623;75.3;64.0
79;2021-08-21;237;542;280898;239165;75.4;64.2
79;2021-08-22;1;21;280899;239186;75.4;64.2
79;2021-08-23;858;2175;281757;241361;75.6;64.8
79;2021-08-24;1065;2483;282822;243844;75.9;65.4
79;2021-08-25;1044;2758;283866;246602;76.2;66.2
79;2021-08-26;1015;2329;284881;248931;76.5;66.8
79;2021-08-27;609;2057;285490;250988;76.6;67.4
79;2021-08-28;295;839;285785;251827;76.7;67.6
79;2021-08-29;7;5;285792;251832;76.7;67.6
79;2021-08-30;553;2366;286345;254198;76.8;68.2
79;2021-08-31;633;2537;286978;256735;77.0;68.9
79;2021-09-01;647;2691;287625;259426;77.2;69.6
79;2021-09-02;755;2509;288380;261935;77.4;70.3
79;2021-09-03;631;2790;289011;264725;77.6;71.0
79;2021-09-04;265;722;289276;265447;77.6;71.2
79;2021-09-05;12;24;289288;265471;77.6;71.2
79;2021-09-06;329;1899;289617;267370;77.7;71.8
79;2021-09-07;342;2139;289959;269509;77.8;72.3
79;2021-09-08;508;2231;290467;271740;78.0;72.9
80;2020-12-27;0;0;0;0;0.0;0.0
80;2020-12-28;0;0;0;0;0.0;0.0
80;2020-12-29;11;0;11;0;0.0;0.0
80;2020-12-30;0;0;11;0;0.0;0.0
80;2020-12-31;0;0;11;0;0.0;0.0
80;2021-01-01;0;0;11;0;0.0;0.0
80;2021-01-02;0;0;11;0;0.0;0.0
80;2021-01-03;1;0;12;0;0.0;0.0
80;2021-01-04;0;0;12;0;0.0;0.0
80;2021-01-05;0;0;12;0;0.0;0.0
80;2021-01-06;30;0;42;0;0.0;0.0
80;2021-01-07;276;2;318;2;0.1;0.0
80;2021-01-08;330;0;648;2;0.1;0.0
80;2021-01-09;108;0;756;2;0.1;0.0
80;2021-01-10;21;0;777;2;0.1;0.0
80;2021-01-11;276;0;1053;2;0.2;0.0
80;2021-01-12;428;1;1481;3;0.3;0.0
80;2021-01-13;514;4;1995;7;0.4;0.0
80;2021-01-14;453;4;2448;11;0.4;0.0
80;2021-01-15;331;1;2779;12;0.5;0.0
80;2021-01-16;103;1;2882;13;0.5;0.0
80;2021-01-17;102;1;2984;14;0.5;0.0
80;2021-01-18;412;2;3396;16;0.6;0.0
80;2021-01-19;962;16;4358;32;0.8;0.0
80;2021-01-20;1086;10;5444;42;1.0;0.0
80;2021-01-21;1011;9;6455;51;1.1;0.0
80;2021-01-22;1113;4;7568;55;1.3;0.0
80;2021-01-23;907;3;8475;58;1.5;0.0
80;2021-01-24;824;5;9299;63;1.6;0.0
80;2021-01-25;1542;9;10841;72;1.9;0.0
80;2021-01-26;1480;11;12321;83;2.2;0.0
80;2021-01-27;822;22;13143;105;2.3;0.0
80;2021-01-28;623;157;13766;262;2.4;0.0
80;2021-01-29;637;193;14403;455;2.5;0.1
80;2021-01-30;85;55;14488;510;2.5;0.1
80;2021-01-31;0;0;14488;510;2.5;0.1
80;2021-02-01;26;241;14514;751;2.5;0.1
80;2021-02-02;21;434;14535;1185;2.6;0.2
80;2021-02-03;29;502;14564;1687;2.6;0.3
80;2021-02-04;278;319;14842;2006;2.6;0.4
80;2021-02-05;347;204;15189;2210;2.7;0.4
80;2021-02-06;168;60;15357;2270;2.7;0.4
80;2021-02-07;1;0;15358;2270;2.7;0.4
80;2021-02-08;426;216;15784;2486;2.8;0.4
80;2021-02-09;686;237;16470;2723;2.9;0.5
80;2021-02-10;606;478;17076;3201;3.0;0.6
80;2021-02-11;862;318;17938;3519;3.1;0.6
80;2021-02-12;946;296;18884;3815;3.3;0.7
80;2021-02-13;197;406;19081;4221;3.3;0.7
80;2021-02-14;78;553;19159;4774;3.4;0.8
80;2021-02-15;606;981;19765;5755;3.5;1.0
80;2021-02-16;688;1046;20453;6801;3.6;1.2
80;2021-02-17;485;1064;20938;7865;3.7;1.4
80;2021-02-18;569;985;21507;8850;3.8;1.6
80;2021-02-19;503;715;22010;9565;3.9;1.7
80;2021-02-20;22;409;22032;9974;3.9;1.8
80;2021-02-21;47;42;22079;10016;3.9;1.8
80;2021-02-22;148;511;22227;10527;3.9;1.8
80;2021-02-23;471;616;22698;11143;4.0;2.0
80;2021-02-24;431;586;23129;11729;4.1;2.1
80;2021-02-25;815;464;23944;12193;4.2;2.1
80;2021-02-26;1063;458;25007;12651;4.4;2.2
80;2021-02-27;475;62;25482;12713;4.5;2.2
80;2021-02-28;49;22;25531;12735;4.5;2.2
80;2021-03-01;729;65;26260;12800;4.6;2.2
80;2021-03-02;1013;90;27273;12890;4.8;2.3
80;2021-03-03;982;54;28255;12944;5.0;2.3
80;2021-03-04;1391;220;29646;13164;5.2;2.3
80;2021-03-05;1874;322;31520;13486;5.5;2.4
80;2021-03-06;2918;332;34438;13818;6.0;2.4
80;2021-03-07;1843;77;36281;13895;6.4;2.4
80;2021-03-08;715;586;36996;14481;6.5;2.5
80;2021-03-09;1310;881;38306;15362;6.7;2.7
80;2021-03-10;1724;739;40030;16101;7.0;2.8
80;2021-03-11;1910;795;41940;16896;7.4;3.0
80;2021-03-12;3138;735;45078;17631;7.9;3.1
80;2021-03-13;4008;205;49086;17836;8.6;3.1
80;2021-03-14;350;13;49436;17849;8.7;3.1
80;2021-03-15;1014;243;50450;18092;8.9;3.2
80;2021-03-16;882;338;51332;18430;9.0;3.2
80;2021-03-17;665;274;51997;18704;9.1;3.3
80;2021-03-18;1002;293;52999;18997;9.3;3.3
80;2021-03-19;1739;377;54738;19374;9.6;3.4
80;2021-03-20;3822;117;58560;19491;10.3;3.4
80;2021-03-21;486;31;59046;19522;10.4;3.4
80;2021-03-22;903;287;59949;19809;10.5;3.5
80;2021-03-23;1713;415;61662;20224;10.8;3.5
80;2021-03-24;1755;465;63417;20689;11.1;3.6
80;2021-03-25;2715;447;66132;21136;11.6;3.7
80;2021-03-26;3105;416;69237;21552;12.2;3.8
80;2021-03-27;2237;226;71474;21778;12.5;3.8
80;2021-03-28;676;94;72150;21872;12.7;3.8
80;2021-03-29;1979;744;74129;22616;13.0;4.0
80;2021-03-30;1969;864;76098;23480;13.4;4.1
80;2021-03-31;1495;980;77593;24460;13.6;4.3
80;2021-04-01;1951;1486;79544;25946;14.0;4.6
80;2021-04-02;2811;1562;82355;27508;14.5;4.8
80;2021-04-03;3046;853;85401;28361;15.0;5.0
80;2021-04-04;134;8;85535;28369;15.0;5.0
80;2021-04-05;684;197;86219;28566;15.1;5.0
80;2021-04-06;1280;962;87499;29528;15.4;5.2
80;2021-04-07;1624;1196;89123;30724;15.6;5.4
80;2021-04-08;2154;841;91277;31565;16.0;5.5
80;2021-04-09;3530;1351;94807;32916;16.6;5.8
80;2021-04-10;2737;1945;97544;34861;17.1;6.1
80;2021-04-11;189;176;97733;35037;17.2;6.1
80;2021-04-12;1815;484;99548;35521;17.5;6.2
80;2021-04-13;2385;1034;101933;36555;17.9;6.4
80;2021-04-14;2770;1163;104703;37718;18.4;6.6
80;2021-04-15;3731;876;108434;38594;19.0;6.8
80;2021-04-16;3336;871;111770;39465;19.6;6.9
80;2021-04-17;1653;2295;113423;41760;19.9;7.3
80;2021-04-18;372;390;113795;42150;20.0;7.4
80;2021-04-19;951;773;114746;42923;20.1;7.5
80;2021-04-20;1612;819;116358;43742;20.4;7.7
80;2021-04-21;1612;995;117970;44737;20.7;7.9
80;2021-04-22;2167;1252;120137;45989;21.1;8.1
80;2021-04-23;2639;1245;122776;47234;21.5;8.3
80;2021-04-24;1356;1190;124132;48424;21.8;8.5
80;2021-04-25;209;531;124341;48955;21.8;8.6
80;2021-04-26;1295;1439;125636;50394;22.1;8.8
80;2021-04-27;2024;1397;127660;51791;22.4;9.1
80;2021-04-28;2199;1385;129859;53176;22.8;9.3
80;2021-04-29;3219;1875;133078;55051;23.4;9.7
80;2021-04-30;3081;2849;136159;57900;23.9;10.2
80;2021-05-01;987;658;137146;58558;24.1;10.3
80;2021-05-02;371;53;137517;58611;24.1;10.3
80;2021-05-03;2722;1186;140239;59797;24.6;10.5
80;2021-05-04;2495;1702;142734;61499;25.1;10.8
80;2021-05-05;3365;1895;146099;63394;25.6;11.1
80;2021-05-06;3172;2553;149271;65947;26.2;11.6
80;2021-05-07;3454;2696;152725;68643;26.8;12.0
80;2021-05-08;2782;925;155507;69568;27.3;12.2
80;2021-05-09;1408;268;156915;69836;27.5;12.3
80;2021-05-10;1880;1832;158795;71668;27.9;12.6
80;2021-05-11;3276;1803;162071;73471;28.4;12.9
80;2021-05-12;4702;1576;166773;75047;29.3;13.2
80;2021-05-13;3836;367;170609;75414;29.9;13.2
80;2021-05-14;5189;1394;175798;76808;30.9;13.5
80;2021-05-15;5918;1053;181716;77861;31.9;13.7
80;2021-05-16;2678;307;184394;78168;32.4;13.7
80;2021-05-17;2372;818;186766;78986;32.8;13.9
80;2021-05-18;3949;853;190715;79839;33.5;14.0
80;2021-05-19;4020;945;194735;80784;34.2;14.2
80;2021-05-20;4569;1220;199304;82004;35.0;14.4
80;2021-05-21;4892;1666;204196;83670;35.8;14.7
80;2021-05-22;5031;1159;209227;84829;36.7;14.9
80;2021-05-23;1783;238;211010;85067;37.0;14.9
80;2021-05-24;1469;159;212479;85226;37.3;15.0
80;2021-05-25;2622;1135;215101;86361;37.8;15.2
80;2021-05-26;4251;1702;219352;88063;38.5;15.5
80;2021-05-27;3977;2467;223329;90530;39.2;15.9
80;2021-05-28;3866;2977;227195;93507;39.9;16.4
80;2021-05-29;3699;1629;230894;95136;40.5;16.7
80;2021-05-30;1182;198;232076;95334;40.7;16.7
80;2021-05-31;2605;1373;234681;96707;41.2;17.0
80;2021-06-01;4032;2434;238713;99141;41.9;17.4
80;2021-06-02;3335;2004;242048;101145;42.5;17.8
80;2021-06-03;4268;2928;246316;104073;43.2;18.3
80;2021-06-04;4795;3085;251111;107158;44.1;18.8
80;2021-06-05;3561;2068;254672;109226;44.7;19.2
80;2021-06-06;802;211;255474;109437;44.8;19.2
80;2021-06-07;1753;1946;257227;111383;45.1;19.5
80;2021-06-08;2747;2553;259974;113936;45.6;20.0
80;2021-06-09;3010;2733;262984;116669;46.2;20.5
80;2021-06-10;3168;3169;266152;119838;46.7;21.0
80;2021-06-11;3223;3897;269375;123735;47.3;21.7
80;2021-06-12;3043;2326;272418;126061;47.8;22.1
80;2021-06-13;473;404;272891;126465;47.9;22.2
80;2021-06-14;1265;2851;274156;129316;48.1;22.7
80;2021-06-15;2315;3421;276471;132737;48.5;23.3
80;2021-06-16;1563;4213;278034;136950;48.8;24.0
80;2021-06-17;2362;3626;280396;140576;49.2;24.7
80;2021-06-18;2554;3900;282950;144476;49.7;25.4
80;2021-06-19;2989;4342;285939;148818;50.2;26.1
80;2021-06-20;203;1077;286142;149895;50.2;26.3
80;2021-06-21;1017;2620;287159;152515;50.4;26.8
80;2021-06-22;1152;3932;288311;156447;50.6;27.5
80;2021-06-23;1855;5291;290166;161738;50.9;28.4
80;2021-06-24;1701;4684;291867;166422;51.2;29.2
80;2021-06-25;1375;6123;293242;172545;51.5;30.3
80;2021-06-26;1936;6182;295178;178727;51.8;31.4
80;2021-06-27;332;2031;295510;180758;51.9;31.7
80;2021-06-28;909;3168;296419;183926;52.0;32.3
80;2021-06-29;1923;4619;298342;188545;52.4;33.1
80;2021-06-30;1252;4784;299594;193329;52.6;33.9
80;2021-07-01;1629;5000;301223;198329;52.9;34.8
80;2021-07-02;1880;5988;303103;204317;53.2;35.9
80;2021-07-03;1331;5267;304434;209584;53.4;36.8
80;2021-07-04;692;1471;305126;211055;53.6;37.0
80;2021-07-05;908;2963;306034;214018;53.7;37.6
80;2021-07-06;1873;3988;307907;218006;54.0;38.3
80;2021-07-07;1577;4507;309484;222513;54.3;39.1
80;2021-07-08;2097;5003;311581;227516;54.7;39.9
80;2021-07-09;2619;5471;314200;232987;55.1;40.9
80;2021-07-10;1634;4019;315834;237006;55.4;41.6
80;2021-07-11;406;804;316240;237810;55.5;41.7
80;2021-07-12;882;3379;317122;241189;55.7;42.3
80;2021-07-13;2102;5085;319224;246274;56.0;43.2
80;2021-07-14;2803;1748;322027;248022;56.5;43.5
80;2021-07-15;2808;5297;324835;253319;57.0;44.5
80;2021-07-16;3898;5890;328733;259209;57.7;45.5
80;2021-07-17;3384;4462;332117;263671;58.3;46.3
80;2021-07-18;875;896;332992;264567;58.4;46.4
80;2021-07-19;2163;2884;335155;267451;58.8;46.9
80;2021-07-20;3331;4903;338486;272354;59.4;47.8
80;2021-07-21;3510;4495;341996;276849;60.0;48.6
80;2021-07-22;4373;4573;346369;281422;60.8;49.4
80;2021-07-23;5407;4828;351776;286250;61.7;50.2
80;2021-07-24;4377;4344;356153;290594;62.5;51.0
80;2021-07-25;1186;650;357339;291244;62.7;51.1
80;2021-07-26;2682;2338;360021;293582;63.2;51.5
80;2021-07-27;4372;3708;364393;297290;64.0;52.2
80;2021-07-28;5102;2800;369495;300090;64.8;52.7
80;2021-07-29;4993;3229;374488;303319;65.7;53.2
80;2021-07-30;5028;3640;379516;306959;66.6;53.9
80;2021-07-31;4156;2929;383672;309888;67.3;54.4
80;2021-08-01;1288;362;384960;310250;67.6;54.5
80;2021-08-02;2058;1756;387018;312006;67.9;54.8
80;2021-08-03;3718;2363;390736;314369;68.6;55.2
80;2021-08-04;3368;2489;394104;316858;69.2;55.6
80;2021-08-05;3133;2573;397237;319431;69.7;56.1
80;2021-08-06;3247;2901;400484;322332;70.3;56.6
80;2021-08-07;2421;2665;402905;324997;70.7;57.0
80;2021-08-08;618;723;403523;325720;70.8;57.2
80;2021-08-09;1382;2121;404905;327841;71.1;57.5
80;2021-08-10;2342;2848;407247;330689;71.5;58.0
80;2021-08-11;1941;2482;409188;333171;71.8;58.5
80;2021-08-12;2236;2681;411424;335852;72.2;58.9
80;2021-08-13;1882;3156;413306;339008;72.5;59.5
80;2021-08-14;1411;2143;414717;341151;72.8;59.9
80;2021-08-15;318;673;415035;341824;72.8;60.0
80;2021-08-16;896;2517;415931;344341;73.0;60.4
80;2021-08-17;1709;3551;417640;347892;73.3;61.1
80;2021-08-18;1236;3713;418876;351605;73.5;61.7
80;2021-08-19;1559;3821;420435;355426;73.8;62.4
80;2021-08-20;1258;4430;421693;359856;74.0;63.2
80;2021-08-21;1068;2683;422761;362539;74.2;63.6
80;2021-08-22;145;679;422906;363218;74.2;63.7
80;2021-08-23;581;2997;423487;366215;74.3;64.3
80;2021-08-24;1091;4367;424578;370582;74.5;65.0
80;2021-08-25;970;3672;425548;374254;74.7;65.7
80;2021-08-26;955;3817;426503;378071;74.9;66.4
80;2021-08-27;1014;4454;427517;382525;75.0;67.1
80;2021-08-28;716;3348;428233;385873;75.2;67.7
80;2021-08-29;197;554;428430;386427;75.2;67.8
80;2021-08-30;499;2304;428929;388731;75.3;68.2
80;2021-08-31;749;3182;429678;391913;75.4;68.8
80;2021-09-01;674;2480;430352;394393;75.5;69.2
80;2021-09-02;525;2275;430877;396668;75.6;69.6
80;2021-09-03;756;3072;431633;399740;75.8;70.2
80;2021-09-04;951;2750;432584;402490;75.9;70.6
80;2021-09-05;165;372;432749;402862;76.0;70.7
80;2021-09-06;420;1555;433169;404417;76.0;71.0
80;2021-09-07;485;1831;433654;406248;76.1;71.3
80;2021-09-08;488;1871;434142;408119;76.2;71.6
81;2020-12-27;0;0;0;0;0.0;0.0
81;2020-12-28;0;0;0;0;0.0;0.0
81;2020-12-29;0;0;0;0;0.0;0.0
81;2020-12-30;0;0;0;0;0.0;0.0
81;2020-12-31;0;0;0;0;0.0;0.0
81;2021-01-01;0;0;0;0;0.0;0.0
81;2021-01-02;0;0;0;0;0.0;0.0
81;2021-01-03;0;0;0;0;0.0;0.0
81;2021-01-04;1;0;1;0;0.0;0.0
81;2021-01-05;0;0;1;0;0.0;0.0
81;2021-01-06;5;0;6;0;0.0;0.0
81;2021-01-07;266;0;272;0;0.1;0.0
81;2021-01-08;312;1;584;1;0.2;0.0
81;2021-01-09;74;1;658;2;0.2;0.0
81;2021-01-10;1;0;659;2;0.2;0.0
81;2021-01-11;133;0;792;2;0.2;0.0
81;2021-01-12;167;0;959;2;0.2;0.0
81;2021-01-13;233;1;1192;3;0.3;0.0
81;2021-01-14;963;7;2155;10;0.6;0.0
81;2021-01-15;524;3;2679;13;0.7;0.0
81;2021-01-16;72;0;2751;13;0.7;0.0
81;2021-01-17;0;0;2751;13;0.7;0.0
81;2021-01-18;581;2;3332;15;0.9;0.0
81;2021-01-19;662;4;3994;19;1.0;0.0
81;2021-01-20;752;2;4746;21;1.2;0.0
81;2021-01-21;1186;4;5932;25;1.5;0.0
81;2021-01-22;856;2;6788;27;1.7;0.0
81;2021-01-23;221;2;7009;29;1.8;0.0
81;2021-01-24;102;0;7111;29;1.8;0.0
81;2021-01-25;568;3;7679;32;2.0;0.0
81;2021-01-26;634;4;8313;36;2.1;0.0
81;2021-01-27;551;1;8864;37;2.3;0.0
81;2021-01-28;700;205;9564;242;2.5;0.1
81;2021-01-29;302;173;9866;415;2.5;0.1
81;2021-01-30;204;37;10070;452;2.6;0.1
81;2021-01-31;104;1;10174;453;2.6;0.1
81;2021-02-01;320;122;10494;575;2.7;0.1
81;2021-02-02;445;131;10939;706;2.8;0.2
81;2021-02-03;476;214;11415;920;2.9;0.2
81;2021-02-04;1446;681;12861;1601;3.3;0.4
81;2021-02-05;870;309;13731;1910;3.5;0.5
81;2021-02-06;274;18;14005;1928;3.6;0.5
81;2021-02-07;103;0;14108;1928;3.6;0.5
81;2021-02-08;275;200;14383;2128;3.7;0.5
81;2021-02-09;419;197;14802;2325;3.8;0.6
81;2021-02-10;371;272;15173;2597;3.9;0.7
81;2021-02-11;651;374;15824;2971;4.1;0.8
81;2021-02-12;579;523;16403;3494;4.2;0.9
81;2021-02-13;188;115;16591;3609;4.3;0.9
81;2021-02-14;100;1;16691;3610;4.3;0.9
81;2021-02-15;234;373;16925;3983;4.4;1.0
81;2021-02-16;281;515;17206;4498;4.4;1.2
81;2021-02-17;242;442;17448;4940;4.5;1.3
81;2021-02-18;482;598;17930;5538;4.6;1.4
81;2021-02-19;569;344;18499;5882;4.8;1.5
81;2021-02-20;322;240;18821;6122;4.9;1.6
81;2021-02-21;23;74;18844;6196;4.9;1.6
81;2021-02-22;232;468;19076;6664;4.9;1.7
81;2021-02-23;168;537;19244;7201;5.0;1.9
81;2021-02-24;291;552;19535;7753;5.0;2.0
81;2021-02-25;716;980;20251;8733;5.2;2.3
81;2021-02-26;909;925;21160;9658;5.5;2.5
81;2021-02-27;275;228;21435;9886;5.5;2.5
81;2021-02-28;21;74;21456;9960;5.5;2.6
81;2021-03-01;208;376;21664;10336;5.6;2.7
81;2021-03-02;364;504;22028;10840;5.7;2.8
81;2021-03-03;462;395;22490;11235;5.8;2.9
81;2021-03-04;1061;440;23551;11675;6.1;3.0
81;2021-03-05;1407;370;24958;12045;6.4;3.1
81;2021-03-06;982;161;25940;12206;6.7;3.1
81;2021-03-07;154;96;26094;12302;6.7;3.2
81;2021-03-08;466;343;26560;12645;6.8;3.3
81;2021-03-09;814;358;27374;13003;7.1;3.4
81;2021-03-10;899;383;28273;13386;7.3;3.5
81;2021-03-11;1352;354;29625;13740;7.6;3.5
81;2021-03-12;1690;300;31315;14040;8.1;3.6
81;2021-03-13;1030;185;32345;14225;8.3;3.7
81;2021-03-14;66;82;32411;14307;8.4;3.7
81;2021-03-15;1093;224;33504;14531;8.6;3.7
81;2021-03-16;724;225;34228;14756;8.8;3.8
81;2021-03-17;893;280;35121;15036;9.1;3.9
81;2021-03-18;970;575;36091;15611;9.3;4.0
81;2021-03-19;1271;456;37362;16067;9.6;4.1
81;2021-03-20;677;285;38039;16352;9.8;4.2
81;2021-03-21;139;22;38178;16374;9.8;4.2
81;2021-03-22;933;278;39111;16652;10.1;4.3
81;2021-03-23;1421;221;40532;16873;10.4;4.3
81;2021-03-24;1606;264;42138;17137;10.9;4.4
81;2021-03-25;2028;324;44166;17461;11.4;4.5
81;2021-03-26;2102;284;46268;17745;11.9;4.6
81;2021-03-27;1092;37;47360;17782;12.2;4.6
81;2021-03-28;734;38;48094;17820;12.4;4.6
81;2021-03-29;2867;190;50961;18010;13.1;4.6
81;2021-03-30;3055;211;54016;18221;13.9;4.7
81;2021-03-31;2691;300;56707;18521;14.6;4.8
81;2021-04-01;3314;563;60021;19084;15.5;4.9
81;2021-04-02;2615;368;62636;19452;16.1;5.0
81;2021-04-03;1147;305;63783;19757;16.4;5.1
81;2021-04-04;1403;24;65186;19781;16.8;5.1
81;2021-04-05;718;19;65904;19800;17.0;5.1
81;2021-04-06;1599;512;67503;20312;17.4;5.2
81;2021-04-07;1815;583;69318;20895;17.9;5.4
81;2021-04-08;2619;820;71937;21715;18.5;5.6
81;2021-04-09;3052;476;74989;22191;19.3;5.7
81;2021-04-10;1476;515;76465;22706;19.7;5.9
81;2021-04-11;1298;70;77763;22776;20.0;5.9
81;2021-04-12;1220;685;78983;23461;20.4;6.0
81;2021-04-13;2529;791;81512;24252;21.0;6.3
81;2021-04-14;2507;835;84019;25087;21.7;6.5
81;2021-04-15;3098;1200;87117;26287;22.5;6.8
81;2021-04-16;2822;1090;89939;27377;23.2;7.1
81;2021-04-17;1145;296;91084;27673;23.5;7.1
81;2021-04-18;519;145;91603;27818;23.6;7.2
81;2021-04-19;913;819;92516;28637;23.9;7.4
81;2021-04-20;2270;1168;94786;29805;24.4;7.7
81;2021-04-21;2224;1006;97010;30811;25.0;7.9
81;2021-04-22;2817;1061;99827;31872;25.7;8.2
81;2021-04-23;2886;969;102713;32841;26.5;8.5
81;2021-04-24;1327;742;104040;33583;26.8;8.7
81;2021-04-25;454;715;104494;34298;26.9;8.8
81;2021-04-26;1061;2421;105555;36719;27.2;9.5
81;2021-04-27;1597;2351;107152;39070;27.6;10.1
81;2021-04-28;1427;2395;108579;41465;28.0;10.7
81;2021-04-29;1818;2740;110397;44205;28.5;11.4
81;2021-04-30;2014;2349;112411;46554;29.0;12.0
81;2021-05-01;362;685;112773;47239;29.1;12.2
81;2021-05-02;291;1377;113064;48616;29.1;12.5
81;2021-05-03;1116;1168;114180;49784;29.4;12.8
81;2021-05-04;2619;1908;116799;51692;30.1;13.3
81;2021-05-05;2016;1932;118815;53624;30.6;13.8
81;2021-05-06;2748;3454;121563;57078;31.3;14.7
81;2021-05-07;2128;2881;123691;59959;31.9;15.5
81;2021-05-08;963;878;124654;60837;32.1;15.7
81;2021-05-09;534;1351;125188;62188;32.3;16.0
81;2021-05-10;825;1600;126013;63788;32.5;16.4
81;2021-05-11;1661;2575;127674;66363;32.9;17.1
81;2021-05-12;1640;2465;129314;68828;33.3;17.7
81;2021-05-13;1216;564;130530;69392;33.7;17.9
81;2021-05-14;1890;1724;132420;71116;34.1;18.3
81;2021-05-15;1511;618;133931;71734;34.5;18.5
81;2021-05-16;1368;417;135299;72151;34.9;18.6
81;2021-05-17;1167;864;136466;73015;35.2;18.8
81;2021-05-18;1702;1428;138168;74443;35.6;19.2
81;2021-05-19;2643;1245;140811;75688;36.3;19.5
81;2021-05-20;2968;1351;143779;77039;37.1;19.9
81;2021-05-21;2739;1116;146518;78155;37.8;20.1
81;2021-05-22;2815;520;149333;78675;38.5;20.3
81;2021-05-23;1178;74;150511;78749;38.8;20.3
81;2021-05-24;837;81;151348;78830;39.0;20.3
81;2021-05-25;2493;1104;153841;79934;39.7;20.6
81;2021-05-26;1892;800;155733;80734;40.1;20.8
81;2021-05-27;2556;1545;158289;82279;40.8;21.2
81;2021-05-28;2566;1663;160855;83942;41.5;21.6
81;2021-05-29;1400;542;162255;84484;41.8;21.8
81;2021-05-30;935;219;163190;84703;42.1;21.8
81;2021-05-31;1183;1336;164373;86039;42.4;22.2
81;2021-06-01;1781;2696;166154;88735;42.8;22.9
81;2021-06-02;2006;2445;168160;91180;43.4;23.5
81;2021-06-03;2004;2533;170164;93713;43.9;24.2
81;2021-06-04;1845;2945;172009;96658;44.3;24.9
81;2021-06-05;1758;1308;173767;97966;44.8;25.3
81;2021-06-06;370;366;174137;98332;44.9;25.3
81;2021-06-07;1209;1540;175346;99872;45.2;25.7
81;2021-06-08;2371;2385;177717;102257;45.8;26.4
81;2021-06-09;2440;1867;180157;104124;46.4;26.8
81;2021-06-10;1279;1563;181436;105687;46.8;27.2
81;2021-06-11;2658;2200;184094;107887;47.5;27.8
81;2021-06-12;1659;1037;185753;108924;47.9;28.1
81;2021-06-13;444;475;186197;109399;48.0;28.2
81;2021-06-14;774;1419;186971;110818;48.2;28.6
81;2021-06-15;1678;3500;188649;114318;48.6;29.5
81;2021-06-16;1269;3013;189918;117331;49.0;30.2
81;2021-06-17;1344;2525;191262;119856;49.3;30.9
81;2021-06-18;1837;2771;193099;122627;49.8;31.6
81;2021-06-19;825;950;193924;123577;50.0;31.9
81;2021-06-20;405;536;194329;124113;50.1;32.0
81;2021-06-21;426;1038;194755;125151;50.2;32.3
81;2021-06-22;1061;2568;195816;127719;50.5;32.9
81;2021-06-23;1142;2158;196958;129877;50.8;33.5
81;2021-06-24;1115;1937;198073;131814;51.1;34.0
81;2021-06-25;1241;2868;199314;134682;51.4;34.7
81;2021-06-26;722;1712;200036;136394;51.6;35.2
81;2021-06-27;526;1646;200562;138040;51.7;35.6
81;2021-06-28;476;1540;201038;139580;51.8;36.0
81;2021-06-29;1083;2637;202121;142217;52.1;36.7
81;2021-06-30;1042;3154;203163;145371;52.4;37.5
81;2021-07-01;951;2628;204114;147999;52.6;38.2
81;2021-07-02;1070;2860;205184;150859;52.9;38.9
81;2021-07-03;732;2829;205916;153688;53.1;39.6
81;2021-07-04;268;1010;206184;154698;53.2;39.9
81;2021-07-05;703;1624;206887;156322;53.3;40.3
81;2021-07-06;975;3176;207862;159498;53.6;41.1
81;2021-07-07;1059;2436;208921;161934;53.9;41.7
81;2021-07-08;1030;2232;209951;164166;54.1;42.3
81;2021-07-09;1147;2702;211098;166868;54.4;43.0
81;2021-07-10;807;1523;211905;168391;54.6;43.4
81;2021-07-11;436;1012;212341;169403;54.7;43.7
81;2021-07-12;737;1726;213078;171129;54.9;44.1
81;2021-07-13;2066;3144;215144;174273;55.5;44.9
81;2021-07-14;1443;1572;216587;175845;55.8;45.3
81;2021-07-15;2546;2761;219133;178606;56.5;46.0
81;2021-07-16;2035;3030;221168;181636;57.0;46.8
81;2021-07-17;1219;2452;222387;184088;57.3;47.5
81;2021-07-18;672;1130;223059;185218;57.5;47.7
81;2021-07-19;1255;1734;224314;186952;57.8;48.2
81;2021-07-20;3066;2806;227380;189758;58.6;48.9
81;2021-07-21;3492;2346;230872;192104;59.5;49.5
81;2021-07-22;3561;2099;234433;194203;60.4;50.1
81;2021-07-23;3174;3248;237607;197451;61.3;50.9
81;2021-07-24;2519;1722;240126;199173;61.9;51.3
81;2021-07-25;1685;711;241811;199884;62.3;51.5
81;2021-07-26;2015;1546;243826;201430;62.9;51.9
81;2021-07-27;3620;2543;247446;203973;63.8;52.6
81;2021-07-28;3052;2206;250498;206179;64.6;53.2
81;2021-07-29;3355;1779;253853;207958;65.4;53.6
81;2021-07-30;2829;2261;256682;210219;66.2;54.2
81;2021-07-31;1948;1015;258630;211234;66.7;54.5
81;2021-08-01;836;637;259466;211871;66.9;54.6
81;2021-08-02;1076;989;260542;212860;67.2;54.9
81;2021-08-03;2361;2115;262903;214975;67.8;55.4
81;2021-08-04;2030;1536;264933;216511;68.3;55.8
81;2021-08-05;1539;1873;266472;218384;68.7;56.3
81;2021-08-06;1729;1972;268201;220356;69.1;56.8
81;2021-08-07;983;1042;269184;221398;69.4;57.1
81;2021-08-08;437;708;269621;222106;69.5;57.3
81;2021-08-09;804;661;270425;222767;69.7;57.4
81;2021-08-10;1606;2754;272031;225521;70.1;58.1
81;2021-08-11;1109;2407;273140;227928;70.4;58.8
81;2021-08-12;1061;2249;274201;230177;70.7;59.3
81;2021-08-13;871;2471;275072;232648;70.9;60.0
81;2021-08-14;501;1874;275573;234522;71.0;60.5
81;2021-08-15;141;1100;275714;235622;71.1;60.7
81;2021-08-16;628;1820;276342;237442;71.2;61.2
81;2021-08-17;1344;3101;277686;240543;71.6;62.0
81;2021-08-18;1064;2360;278750;242903;71.9;62.6
81;2021-08-19;936;2266;279686;245169;72.1;63.2
81;2021-08-20;915;2353;280601;247522;72.3;63.8
81;2021-08-21;466;1535;281067;249057;72.5;64.2
81;2021-08-22;184;930;281251;249987;72.5;64.4
81;2021-08-23;482;1263;281733;251250;72.6;64.8
81;2021-08-24;838;2539;282571;253789;72.8;65.4
81;2021-08-25;699;2052;283270;255841;73.0;66.0
81;2021-08-26;851;2107;284121;257948;73.2;66.5
81;2021-08-27;845;2182;284966;260130;73.5;67.1
81;2021-08-28;472;1416;285438;261546;73.6;67.4
81;2021-08-29;163;829;285601;262375;73.6;67.6
81;2021-08-30;416;1210;286017;263585;73.7;68.0
81;2021-08-31;825;2114;286842;265699;73.9;68.5
81;2021-09-01;645;1409;287487;267108;74.1;68.9
81;2021-09-02;567;1305;288054;268413;74.3;69.2
81;2021-09-03;578;1462;288632;269875;74.4;69.6
81;2021-09-04;496;931;289128;270806;74.5;69.8
81;2021-09-05;98;245;289226;271051;74.6;69.9
81;2021-09-06;271;677;289497;271728;74.6;70.1
81;2021-09-07;377;1376;289874;273104;74.7;70.4
81;2021-09-08;431;1256;290305;274360;74.8;70.7
82;2020-12-27;0;0;0;0;0.0;0.0
82;2020-12-28;2;0;2;0;0.0;0.0
82;2020-12-29;0;0;2;0;0.0;0.0
82;2020-12-30;0;0;2;0;0.0;0.0
82;2020-12-31;0;0;2;0;0.0;0.0
82;2021-01-01;0;0;2;0;0.0;0.0
82;2021-01-02;0;0;2;0;0.0;0.0
82;2021-01-03;0;0;2;0;0.0;0.0
82;2021-01-04;0;0;2;0;0.0;0.0
82;2021-01-05;86;0;88;0;0.0;0.0
82;2021-01-06;1;0;89;0;0.0;0.0
82;2021-01-07;75;0;164;0;0.1;0.0
82;2021-01-08;46;0;210;0;0.1;0.0
82;2021-01-09;77;0;287;0;0.1;0.0
82;2021-01-10;0;0;287;0;0.1;0.0
82;2021-01-11;94;0;381;0;0.1;0.0
82;2021-01-12;284;0;665;0;0.3;0.0
82;2021-01-13;336;1;1001;1;0.4;0.0
82;2021-01-14;444;3;1445;4;0.6;0.0
82;2021-01-15;612;2;2057;6;0.8;0.0
82;2021-01-16;230;3;2287;9;0.9;0.0
82;2021-01-17;89;0;2376;9;0.9;0.0
82;2021-01-18;432;0;2808;9;1.1;0.0
82;2021-01-19;482;1;3290;10;1.3;0.0
82;2021-01-20;663;2;3953;12;1.5;0.0
82;2021-01-21;447;1;4400;13;1.7;0.0
82;2021-01-22;483;2;4883;15;1.9;0.0
82;2021-01-23;151;0;5034;15;1.9;0.0
82;2021-01-24;0;0;5034;15;1.9;0.0
82;2021-01-25;376;0;5410;15;2.1;0.0
82;2021-01-26;468;0;5878;15;2.2;0.0
82;2021-01-27;519;0;6397;15;2.4;0.0
82;2021-01-28;586;34;6983;49;2.7;0.0
82;2021-01-29;405;108;7388;157;2.8;0.1
82;2021-01-30;44;20;7432;177;2.8;0.1
82;2021-01-31;0;0;7432;177;2.8;0.1
82;2021-02-01;294;54;7726;231;2.9;0.1
82;2021-02-02;344;98;8070;329;3.1;0.1
82;2021-02-03;462;66;8532;395;3.2;0.2
82;2021-02-04;765;216;9297;611;3.5;0.2
82;2021-02-05;480;139;9777;750;3.7;0.3
82;2021-02-06;93;36;9870;786;3.8;0.3
82;2021-02-07;29;79;9899;865;3.8;0.3
82;2021-02-08;149;202;10048;1067;3.8;0.4
82;2021-02-09;238;363;10286;1430;3.9;0.5
82;2021-02-10;271;567;10557;1997;4.0;0.8
82;2021-02-11;225;372;10782;2369;4.1;0.9
82;2021-02-12;190;573;10972;2942;4.2;1.1
82;2021-02-13;60;110;11032;3052;4.2;1.2
82;2021-02-14;5;66;11037;3118;4.2;1.2
82;2021-02-15;217;280;11254;3398;4.3;1.3
82;2021-02-16;280;355;11534;3753;4.4;1.4
82;2021-02-17;359;494;11893;4247;4.5;1.6
82;2021-02-18;507;486;12400;4733;4.7;1.8
82;2021-02-19;490;521;12890;5254;4.9;2.0
82;2021-02-20;78;128;12968;5382;4.9;2.0
82;2021-02-21;0;0;12968;5382;4.9;2.0
82;2021-02-22;200;377;13168;5759;5.0;2.2
82;2021-02-23;277;439;13445;6198;5.1;2.4
82;2021-02-24;283;421;13728;6619;5.2;2.5
82;2021-02-25;639;488;14367;7107;5.5;2.7
82;2021-02-26;648;387;15015;7494;5.7;2.9
82;2021-02-27;214;65;15229;7559;5.8;2.9
82;2021-02-28;30;7;15259;7566;5.8;2.9
82;2021-03-01;291;213;15550;7779;5.9;3.0
82;2021-03-02;495;380;16045;8159;6.1;3.1
82;2021-03-03;440;368;16485;8527;6.3;3.2
82;2021-03-04;600;295;17085;8822;6.5;3.4
82;2021-03-05;680;372;17765;9194;6.8;3.5
82;2021-03-06;693;42;18458;9236;7.0;3.5
82;2021-03-07;302;3;18760;9239;7.1;3.5
82;2021-03-08;603;150;19363;9389;7.4;3.6
82;2021-03-09;582;252;19945;9641;7.6;3.7
82;2021-03-10;779;241;20724;9882;7.9;3.8
82;2021-03-11;976;283;21700;10165;8.3;3.9
82;2021-03-12;992;101;22692;10266;8.6;3.9
82;2021-03-13;564;54;23256;10320;8.9;3.9
82;2021-03-14;61;5;23317;10325;8.9;3.9
82;2021-03-15;485;320;23802;10645;9.1;4.1
82;2021-03-16;197;329;23999;10974;9.1;4.2
82;2021-03-17;191;291;24190;11265;9.2;4.3
82;2021-03-18;279;346;24469;11611;9.3;4.4
82;2021-03-19;533;310;25002;11921;9.5;4.5
82;2021-03-20;251;56;25253;11977;9.6;4.6
82;2021-03-21;23;0;25276;11977;9.6;4.6
82;2021-03-22;406;319;25682;12296;9.8;4.7
82;2021-03-23;601;312;26283;12608;10.0;4.8
82;2021-03-24;620;327;26903;12935;10.2;4.9
82;2021-03-25;928;245;27831;13180;10.6;5.0
82;2021-03-26;1216;268;29047;13448;11.1;5.1
82;2021-03-27;479;78;29526;13526;11.2;5.2
82;2021-03-28;136;2;29662;13528;11.3;5.2
82;2021-03-29;925;377;30587;13905;11.6;5.3
82;2021-03-30;1188;280;31775;14185;12.1;5.4
82;2021-03-31;1019;262;32794;14447;12.5;5.5
82;2021-04-01;1072;195;33866;14642;12.9;5.6
82;2021-04-02;1212;286;35078;14928;13.4;5.7
82;2021-04-03;715;131;35793;15059;13.6;5.7
82;2021-04-04;276;14;36069;15073;13.7;5.7
82;2021-04-05;388;20;36457;15093;13.9;5.7
82;2021-04-06;953;512;37410;15605;14.2;5.9
82;2021-04-07;1017;497;38427;16102;14.6;6.1
82;2021-04-08;1454;419;39881;16521;15.2;6.3
82;2021-04-09;1656;471;41537;16992;15.8;6.5
82;2021-04-10;1716;102;43253;17094;16.5;6.5
82;2021-04-11;559;19;43812;17113;16.7;6.5
82;2021-04-12;1348;293;45160;17406;17.2;6.6
82;2021-04-13;1626;272;46786;17678;17.8;6.7
82;2021-04-14;1411;296;48197;17974;18.4;6.8
82;2021-04-15;1782;324;49979;18298;19.0;7.0
82;2021-04-16;1541;335;51520;18633;19.6;7.1
82;2021-04-17;1243;70;52763;18703;20.1;7.1
82;2021-04-18;561;15;53324;18718;20.3;7.1
82;2021-04-19;958;357;54282;19075;20.7;7.3
82;2021-04-20;1268;401;55550;19476;21.2;7.4
82;2021-04-21;1219;373;56769;19849;21.6;7.6
82;2021-04-22;1452;294;58221;20143;22.2;7.7
82;2021-04-23;1076;682;59297;20825;22.6;7.9
82;2021-04-24;1188;264;60485;21089;23.0;8.0
82;2021-04-25;736;48;61221;21137;23.3;8.0
82;2021-04-26;748;809;61969;21946;23.6;8.4
82;2021-04-27;905;924;62874;22870;23.9;8.7
82;2021-04-28;921;899;63795;23769;24.3;9.1
82;2021-04-29;1107;912;64902;24681;24.7;9.4
82;2021-04-30;1042;885;65944;25566;25.1;9.7
82;2021-05-01;1143;258;67087;25824;25.5;9.8
82;2021-05-02;697;145;67784;25969;25.8;9.9
82;2021-05-03;410;1215;68194;27184;26.0;10.4
82;2021-05-04;864;1170;69058;28354;26.3;10.8
82;2021-05-05;568;1173;69626;29527;26.5;11.2
82;2021-05-06;848;1411;70474;30938;26.8;11.8
82;2021-05-07;734;1455;71208;32393;27.1;12.3
82;2021-05-08;935;520;72143;32913;27.5;12.5
82;2021-05-09;753;578;72896;33491;27.8;12.8
82;2021-05-10;850;1363;73746;34854;28.1;13.3
82;2021-05-11;1157;1348;74903;36202;28.5;13.8
82;2021-05-12;1016;1345;75919;37547;28.9;14.3
82;2021-05-13;1454;432;77373;37979;29.5;14.5
82;2021-05-14;1691;1240;79064;39219;30.1;14.9
82;2021-05-15;1935;697;80999;39916;30.8;15.2
82;2021-05-16;558;114;81557;40030;31.1;15.2
82;2021-05-17;1090;1172;82647;41202;31.5;15.7
82;2021-05-18;1466;1189;84113;42391;32.0;16.1
82;2021-05-19;1272;975;85385;43366;32.5;16.5
82;2021-05-20;1408;1161;86793;44527;33.0;17.0
82;2021-05-21;1411;1218;88204;45745;33.6;17.4
82;2021-05-22;2069;625;90273;46370;34.4;17.7
82;2021-05-23;705;117;90978;46487;34.6;17.7
82;2021-05-24;1441;265;92419;46752;35.2;17.8
82;2021-05-25;1445;964;93864;47716;35.7;18.2
82;2021-05-26;1413;919;95277;48635;36.3;18.5
82;2021-05-27;1460;1025;96737;49660;36.8;18.9
82;2021-05-28;1540;1139;98277;50799;37.4;19.3
82;2021-05-29;1496;544;99773;51343;38.0;19.6
82;2021-05-30;402;101;100175;51444;38.1;19.6
82;2021-05-31;1491;990;101666;52434;38.7;20.0
82;2021-06-01;1751;1050;103417;53484;39.4;20.4
82;2021-06-02;1478;1008;104895;54492;39.9;20.7
82;2021-06-03;1490;1181;106385;55673;40.5;21.2
82;2021-06-04;2250;1304;108635;56977;41.4;21.7
82;2021-06-05;2271;984;110906;57961;42.2;22.1
82;2021-06-06;329;133;111235;58094;42.4;22.1
82;2021-06-07;958;1275;112193;59369;42.7;22.6
82;2021-06-08;1445;1139;113638;60508;43.3;23.0
82;2021-06-09;1709;1143;115347;61651;43.9;23.5
82;2021-06-10;1441;1208;116788;62859;44.5;23.9
82;2021-06-11;1922;1125;118710;63984;45.2;24.4
82;2021-06-12;2392;1395;121102;65379;46.1;24.9
82;2021-06-13;379;113;121481;65492;46.3;24.9
82;2021-06-14;1213;1081;122694;66573;46.7;25.3
82;2021-06-15;1462;1245;124156;67818;47.3;25.8
82;2021-06-16;1751;1168;125907;68986;47.9;26.3
82;2021-06-17;1219;1471;127126;70457;48.4;26.8
82;2021-06-18;1469;1439;128595;71896;49.0;27.4
82;2021-06-19;2271;982;130866;72878;49.8;27.8
82;2021-06-20;268;173;131134;73051;49.9;27.8
82;2021-06-21;483;1360;131617;74411;50.1;28.3
82;2021-06-22;892;1709;132509;76120;50.5;29.0
82;2021-06-23;1238;1587;133747;77707;50.9;29.6
82;2021-06-24;757;1905;134504;79612;51.2;30.3
82;2021-06-25;741;1938;135245;81550;51.5;31.1
82;2021-06-26;1240;2144;136485;83694;52.0;31.9
82;2021-06-27;195;438;136680;84132;52.0;32.0
82;2021-06-28;329;1412;137009;85544;52.2;32.6
82;2021-06-29;518;1840;137527;87384;52.4;33.3
82;2021-06-30;948;1912;138475;89296;52.7;34.0
82;2021-07-01;659;1633;139134;90929;53.0;34.6
82;2021-07-02;931;2294;140065;93223;53.3;35.5
82;2021-07-03;859;2340;140924;95563;53.7;36.4
82;2021-07-04;120;439;141044;96002;53.7;36.6
82;2021-07-05;444;1561;141488;97563;53.9;37.2
82;2021-07-06;513;1866;142001;99429;54.1;37.9
82;2021-07-07;792;1771;142793;101200;54.4;38.5
82;2021-07-08;504;1504;143297;102704;54.6;39.1
82;2021-07-09;781;2153;144078;104857;54.9;39.9
82;2021-07-10;706;2216;144784;107073;55.1;40.8
82;2021-07-11;39;380;144823;107453;55.1;40.9
82;2021-07-12;578;1884;145401;109337;55.4;41.6
82;2021-07-13;715;2002;146116;111339;55.6;42.4
82;2021-07-14;617;741;146733;112080;55.9;42.7
82;2021-07-15;858;1751;147591;113831;56.2;43.3
82;2021-07-16;1438;2638;149029;116469;56.7;44.3
82;2021-07-17;561;2185;149590;118654;57.0;45.2
82;2021-07-18;14;41;149604;118695;57.0;45.2
82;2021-07-19;737;2071;150341;120766;57.2;46.0
82;2021-07-20;920;1884;151261;122650;57.6;46.7
82;2021-07-21;1289;1761;152550;124411;58.1;47.4
82;2021-07-22;1083;1767;153633;126178;58.5;48.0
82;2021-07-23;1054;2986;154687;129164;58.9;49.2
82;2021-07-24;1103;1490;155790;130654;59.3;49.8
82;2021-07-25;303;73;156093;130727;59.4;49.8
82;2021-07-26;952;1897;157045;132624;59.8;50.5
82;2021-07-27;1341;1640;158386;134264;60.3;51.1
82;2021-07-28;1468;1499;159854;135763;60.9;51.7
82;2021-07-29;1329;1534;161183;137297;61.4;52.3
82;2021-07-30;1539;2476;162722;139773;62.0;53.2
82;2021-07-31;459;295;163181;140068;62.1;53.3
82;2021-08-01;273;50;163454;140118;62.2;53.4
82;2021-08-02;1271;875;164725;140993;62.7;53.7
82;2021-08-03;1433;832;166158;141825;63.3;54.0
82;2021-08-04;1364;1031;167522;142856;63.8;54.4
82;2021-08-05;1490;600;169012;143456;64.4;54.6
82;2021-08-06;994;645;170006;144101;64.7;54.9
82;2021-08-07;923;1194;170929;145295;65.1;55.3
82;2021-08-08;155;65;171084;145360;65.1;55.4
82;2021-08-09;1072;899;172156;146259;65.6;55.7
82;2021-08-10;1289;915;173445;147174;66.0;56.0
82;2021-08-11;1262;1124;174707;148298;66.5;56.5
82;2021-08-12;1471;947;176178;149245;67.1;56.8
82;2021-08-13;1413;998;177591;150243;67.6;57.2
82;2021-08-14;312;483;177903;150726;67.7;57.4
82;2021-08-15;61;38;177964;150764;67.8;57.4
82;2021-08-16;781;1462;178745;152226;68.1;58.0
82;2021-08-17;1062;1237;179807;153463;68.5;58.4
82;2021-08-18;614;849;180421;154312;68.7;58.8
82;2021-08-19;1005;1146;181426;155458;69.1;59.2
82;2021-08-20;1032;1904;182458;157362;69.5;59.9
82;2021-08-21;495;989;182953;158351;69.7;60.3
82;2021-08-22;21;55;182974;158406;69.7;60.3
82;2021-08-23;742;1294;183716;159700;70.0;60.8
82;2021-08-24;858;1116;184574;160816;70.3;61.2
82;2021-08-25;847;1536;185421;162352;70.6;61.8
82;2021-08-26;594;1098;186015;163450;70.8;62.2
82;2021-08-27;897;1683;186912;165133;71.2;62.9
82;2021-08-28;211;616;187123;165749;71.3;63.1
82;2021-08-29;37;49;187160;165798;71.3;63.1
82;2021-08-30;429;1024;187589;166822;71.4;63.5
82;2021-08-31;338;1022;187927;167844;71.6;63.9
82;2021-09-01;719;1403;188646;169247;71.8;64.4
82;2021-09-02;400;1295;189046;170542;72.0;64.9
82;2021-09-03;498;1883;189544;172425;72.2;65.7
82;2021-09-04;422;734;189966;173159;72.3;65.9
82;2021-09-05;6;23;189972;173182;72.3;65.9
82;2021-09-06;372;1286;190344;174468;72.5;66.4
82;2021-09-07;209;959;190553;175427;72.6;66.8
82;2021-09-08;482;1254;191035;176681;72.7;67.3
83;2020-12-27;1;0;1;0;0.0;0.0
83;2020-12-28;0;0;1;0;0.0;0.0
83;2020-12-29;2;0;3;0;0.0;0.0
83;2020-12-30;1;0;4;0;0.0;0.0
83;2020-12-31;0;0;4;0;0.0;0.0
83;2021-01-01;1;0;5;0;0.0;0.0
83;2021-01-02;0;0;5;0;0.0;0.0
83;2021-01-03;1;0;6;0;0.0;0.0
83;2021-01-04;1;0;7;0;0.0;0.0
83;2021-01-05;4;0;11;0;0.0;0.0
83;2021-01-06;69;0;80;0;0.0;0.0
83;2021-01-07;324;0;404;0;0.0;0.0
83;2021-01-08;422;0;826;0;0.1;0.0
83;2021-01-09;48;0;874;0;0.1;0.0
83;2021-01-10;1;0;875;0;0.1;0.0
83;2021-01-11;475;0;1350;0;0.1;0.0
83;2021-01-12;1002;4;2352;4;0.2;0.0
83;2021-01-13;962;7;3314;11;0.3;0.0
83;2021-01-14;846;5;4160;16;0.4;0.0
83;2021-01-15;702;1;4862;17;0.5;0.0
83;2021-01-16;41;1;4903;18;0.5;0.0
83;2021-01-17;1;0;4904;18;0.5;0.0
83;2021-01-18;1224;4;6128;22;0.6;0.0
83;2021-01-19;2019;6;8147;28;0.8;0.0
83;2021-01-20;1659;10;9806;38;0.9;0.0
83;2021-01-21;2101;8;11907;46;1.1;0.0
83;2021-01-22;1658;6;13565;52;1.3;0.0
83;2021-01-23;245;0;13810;52;1.3;0.0
83;2021-01-24;21;1;13831;53;1.3;0.0
83;2021-01-25;1554;7;15385;60;1.4;0.0
83;2021-01-26;1758;14;17143;74;1.6;0.0
83;2021-01-27;2153;80;19296;154;1.8;0.0
83;2021-01-28;5089;357;24385;511;2.3;0.0
83;2021-01-29;2948;344;27333;855;2.5;0.1
83;2021-01-30;237;42;27570;897;2.6;0.1
83;2021-01-31;46;0;27616;897;2.6;0.1
83;2021-02-01;1281;393;28897;1290;2.7;0.1
83;2021-02-02;1438;703;30335;1993;2.8;0.2
83;2021-02-03;1527;600;31862;2593;3.0;0.2
83;2021-02-04;1483;720;33345;3313;3.1;0.3
83;2021-02-05;1224;648;34569;3961;3.2;0.4
83;2021-02-06;23;14;34592;3975;3.2;0.4
83;2021-02-07;1;0;34593;3975;3.2;0.4
83;2021-02-08;1090;572;35683;4547;3.3;0.4
83;2021-02-09;1324;874;37007;5421;3.4;0.5
83;2021-02-10;1533;767;38540;6188;3.6;0.6
83;2021-02-11;1606;990;40146;7178;3.7;0.7
83;2021-02-12;1347;787;41493;7965;3.9;0.7
83;2021-02-13;54;22;41547;7987;3.9;0.7
83;2021-02-14;0;0;41547;7987;3.9;0.7
83;2021-02-15;670;859;42217;8846;3.9;0.8
83;2021-02-16;541;1202;42758;10048;4.0;0.9
83;2021-02-17;804;1633;43562;11681;4.1;1.1
83;2021-02-18;1626;3621;45188;15302;4.2;1.4
83;2021-02-19;1478;2134;46666;17436;4.3;1.6
83;2021-02-20;63;165;46729;17601;4.4;1.6
83;2021-02-21;25;34;46754;17635;4.4;1.6
83;2021-02-22;505;1535;47259;19170;4.4;1.8
83;2021-02-23;671;1250;47930;20420;4.5;1.9
83;2021-02-24;723;1295;48653;21715;4.5;2.0
83;2021-02-25;1250;1208;49903;22923;4.6;2.1
83;2021-02-26;1299;1082;51202;24005;4.8;2.2
83;2021-02-27;552;54;51754;24059;4.8;2.2
83;2021-02-28;10;13;51764;24072;4.8;2.2
83;2021-03-01;810;1096;52574;25168;4.9;2.3
83;2021-03-02;988;1173;53562;26341;5.0;2.5
83;2021-03-03;1439;1388;55001;27729;5.1;2.6
83;2021-03-04;1890;1257;56891;28986;5.3;2.7
83;2021-03-05;2220;1140;59111;30126;5.5;2.8
83;2021-03-06;3010;113;62121;30239;5.8;2.8
83;2021-03-07;2227;44;64348;30283;6.0;2.8
83;2021-03-08;850;1235;65198;31518;6.1;2.9
83;2021-03-09;1932;1171;67130;32689;6.3;3.0
83;2021-03-10;2380;1330;69510;34019;6.5;3.2
83;2021-03-11;3675;2161;73185;36180;6.8;3.4
83;2021-03-12;3643;1477;76828;37657;7.2;3.5
83;2021-03-13;4609;175;81437;37832;7.6;3.5
83;2021-03-14;2340;53;83777;37885;7.8;3.5
83;2021-03-15;3337;660;87114;38545;8.1;3.6
83;2021-03-16;2600;688;89714;39233;8.4;3.7
83;2021-03-17;2847;775;92561;40008;8.6;3.7
83;2021-03-18;3549;788;96110;40796;9.0;3.8
83;2021-03-19;4176;582;100286;41378;9.3;3.9
83;2021-03-20;3476;72;103762;41450;9.7;3.9
83;2021-03-21;2011;30;105773;41480;9.9;3.9
83;2021-03-22;3966;889;109739;42369;10.2;3.9
83;2021-03-23;4755;589;114494;42958;10.7;4.0
83;2021-03-24;5051;716;119545;43674;11.1;4.1
83;2021-03-25;6534;850;126079;44524;11.7;4.1
83;2021-03-26;7177;750;133256;45274;12.4;4.2
83;2021-03-27;3969;386;137225;45660;12.8;4.3
83;2021-03-28;2183;33;139408;45693;13.0;4.3
83;2021-03-29;4556;765;143964;46458;13.4;4.3
83;2021-03-30;5966;948;149930;47406;14.0;4.4
83;2021-03-31;5552;1072;155482;48478;14.5;4.5
83;2021-04-01;5980;1254;161462;49732;15.0;4.6
83;2021-04-02;5762;1069;167224;50801;15.6;4.7
83;2021-04-03;1801;631;169025;51432;15.7;4.8
83;2021-04-04;855;345;169880;51777;15.8;4.8
83;2021-04-05;191;64;170071;51841;15.8;4.8
83;2021-04-06;4731;1400;174802;53241;16.3;5.0
83;2021-04-07;5832;1658;180634;54899;16.8;5.1
83;2021-04-08;7885;1997;188519;56896;17.6;5.3
83;2021-04-09;7598;2202;196117;59098;18.3;5.5
83;2021-04-10;2948;2644;199065;61742;18.5;5.7
83;2021-04-11;1716;2133;200781;63875;18.7;5.9
83;2021-04-12;4952;2874;205733;66749;19.2;6.2
83;2021-04-13;5409;2999;211142;69748;19.7;6.5
83;2021-04-14;5896;2932;217038;72680;20.2;6.8
83;2021-04-15;6776;3040;223814;75720;20.8;7.1
83;2021-04-16;6125;3517;229939;79237;21.4;7.4
83;2021-04-17;3511;2189;233450;81426;21.7;7.6
83;2021-04-18;2177;1295;235627;82721;21.9;7.7
83;2021-04-19;4106;3901;239733;86622;22.3;8.1
83;2021-04-20;4358;3869;244091;90491;22.7;8.4
83;2021-04-21;4303;4145;248394;94636;23.1;8.8
83;2021-04-22;5010;4299;253404;98935;23.6;9.2
83;2021-04-23;4528;4563;257932;103498;24.0;9.6
83;2021-04-24;2630;2711;260562;106209;24.3;9.9
83;2021-04-25;1925;1571;262487;107780;24.4;10.0
83;2021-04-26;3569;3847;266056;111627;24.8;10.4
83;2021-04-27;4141;4544;270197;116171;25.2;10.8
83;2021-04-28;4314;4366;274511;120537;25.6;11.2
83;2021-04-29;5819;5116;280330;125653;26.1;11.7
83;2021-04-30;5788;4298;286118;129951;26.6;12.1
83;2021-05-01;1691;428;287809;130379;26.8;12.1
83;2021-05-02;1237;757;289046;131136;26.9;12.2
83;2021-05-03;3750;4281;292796;135417;27.3;12.6
83;2021-05-04;3345;5097;296141;140514;27.6;13.1
83;2021-05-05;3642;4970;299783;145484;27.9;13.5
83;2021-05-06;4673;4950;304456;150434;28.4;14.0
83;2021-05-07;4167;5312;308623;155746;28.7;14.5
83;2021-05-08;2763;1011;311386;156757;29.0;14.6
83;2021-05-09;2153;1237;313539;157994;29.2;14.7
83;2021-05-10;3204;5424;316743;163418;29.5;15.2
83;2021-05-11;5129;5683;321872;169101;30.0;15.7
83;2021-05-12;6292;4845;328164;173946;30.6;16.2
83;2021-05-13;6582;1345;334746;175291;31.2;16.3
83;2021-05-14;7422;4118;342168;179409;31.9;16.7
83;2021-05-15;7754;2202;349922;181611;32.6;16.9
83;2021-05-16;6628;1251;356550;182862;33.2;17.0
83;2021-05-17;4894;4213;361444;187075;33.7;17.4
83;2021-05-18;5537;3866;366981;190941;34.2;17.8
83;2021-05-19;6209;3411;373190;194352;34.8;18.1
83;2021-05-20;6758;3800;379948;198152;35.4;18.5
83;2021-05-21;7908;3866;387856;202018;36.1;18.8
83;2021-05-22;6091;1720;393947;203738;36.7;19.0
83;2021-05-23;4685;712;398632;204450;37.1;19.0
83;2021-05-24;5810;972;404442;205422;37.7;19.1
83;2021-05-25;5515;4756;409957;210178;38.2;19.6
83;2021-05-26;4858;4447;414815;214625;38.6;20.0
83;2021-05-27;5070;5256;419885;219881;39.1;20.5
83;2021-05-28;4506;5766;424391;225647;39.5;21.0
83;2021-05-29;2707;4269;427098;229916;39.8;21.4
83;2021-05-30;1257;1374;428355;231290;39.9;21.5
83;2021-05-31;5488;4766;433843;236056;40.4;22.0
83;2021-06-01;5730;5298;439573;241354;40.9;22.5
83;2021-06-02;5262;4586;444835;245940;41.4;22.9
83;2021-06-03;5744;5129;450579;251069;42.0;23.4
83;2021-06-04;5446;6047;456025;257116;42.5;23.9
83;2021-06-05;3926;3198;459951;260314;42.8;24.2
83;2021-06-06;1936;1383;461887;261697;43.0;24.4
83;2021-06-07;3918;5089;465805;266786;43.4;24.8
83;2021-06-08;4178;4820;469983;271606;43.8;25.3
83;2021-06-09;4008;4701;473991;276307;44.1;25.7
83;2021-06-10;3997;4260;477988;280567;44.5;26.1
83;2021-06-11;3658;5447;481646;286014;44.9;26.6
83;2021-06-12;2913;2982;484559;288996;45.1;26.9
83;2021-06-13;995;1391;485554;290387;45.2;27.0
83;2021-06-14;2856;5653;488410;296040;45.5;27.6
83;2021-06-15;3169;4862;491579;300902;45.8;28.0
83;2021-06-16;2964;4508;494543;305410;46.1;28.4
83;2021-06-17;2779;5283;497322;310693;46.3;28.9
83;2021-06-18;3159;5962;500481;316655;46.6;29.5
83;2021-06-19;2322;4100;502803;320755;46.8;29.9
83;2021-06-20;676;1889;503479;322644;46.9;30.0
83;2021-06-21;2111;7587;505590;330231;47.1;30.8
83;2021-06-22;2103;7161;507693;337392;47.3;31.4
83;2021-06-23;1936;6927;509629;344319;47.5;32.1
83;2021-06-24;1964;7369;511593;351688;47.6;32.8
83;2021-06-25;2113;8398;513706;360086;47.8;33.5
83;2021-06-26;1464;6808;515170;366894;48.0;34.2
83;2021-06-27;692;3186;515862;370080;48.0;34.5
83;2021-06-28;1571;7886;517433;377966;48.2;35.2
83;2021-06-29;1911;7812;519344;385778;48.4;35.9
83;2021-06-30;2242;7275;521586;393053;48.6;36.6
83;2021-07-01;2560;6566;524146;399619;48.8;37.2
83;2021-07-02;2266;7799;526412;407418;49.0;37.9
83;2021-07-03;1510;5686;527922;413104;49.2;38.5
83;2021-07-04;573;2752;528495;415856;49.2;38.7
83;2021-07-05;1925;7535;530420;423391;49.4;39.4
83;2021-07-06;2573;5942;532993;429333;49.6;40.0
83;2021-07-07;2686;4673;535679;434006;49.9;40.4
83;2021-07-08;3247;4471;538926;438477;50.2;40.8
83;2021-07-09;3048;6963;541974;445440;50.5;41.5
83;2021-07-10;1577;4928;543551;450368;50.6;41.9
83;2021-07-11;1009;1766;544560;452134;50.7;42.1
83;2021-07-12;2140;7686;546700;459820;50.9;42.8
83;2021-07-13;4039;7091;550739;466911;51.3;43.5
83;2021-07-14;2096;1323;552835;468234;51.5;43.6
83;2021-07-15;4586;6844;557421;475078;51.9;44.2
83;2021-07-16;5274;7121;562695;482199;52.4;44.9
83;2021-07-17;3654;4998;566349;487197;52.7;45.4
83;2021-07-18;1605;1312;567954;488509;52.9;45.5
83;2021-07-19;3955;6313;571909;494822;53.3;46.1
83;2021-07-20;5989;6186;577898;501008;53.8;46.7
83;2021-07-21;6029;5207;583927;506215;54.4;47.1
83;2021-07-22;7119;5536;591046;511751;55.0;47.7
83;2021-07-23;7104;5911;598150;517662;55.7;48.2
83;2021-07-24;4648;4561;602798;522223;56.1;48.6
83;2021-07-25;1329;736;604127;522959;56.3;48.7
83;2021-07-26;5551;4936;609678;527895;56.8;49.2
83;2021-07-27;6838;4901;616516;532796;57.4;49.6
83;2021-07-28;6599;4420;623115;537216;58.0;50.0
83;2021-07-29;7500;4854;630615;542070;58.7;50.5
83;2021-07-30;6966;4759;637581;546829;59.4;50.9
83;2021-07-31;4669;3215;642250;550044;59.8;51.2
83;2021-08-01;1066;849;643316;550893;59.9;51.3
83;2021-08-02;5767;3700;649083;554593;60.4;51.6
83;2021-08-03;6383;3994;655466;558587;61.0;52.0
83;2021-08-04;5905;3708;661371;562295;61.6;52.4
83;2021-08-05;6175;4083;667546;566378;62.2;52.7
83;2021-08-06;6160;4912;673706;571290;62.7;53.2
83;2021-08-07;3753;3551;677459;574841;63.1;53.5
83;2021-08-08;1065;819;678524;575660;63.2;53.6
83;2021-08-09;4709;4637;683233;580297;63.6;54.0
83;2021-08-10;5237;5148;688470;585445;64.1;54.5
83;2021-08-11;4585;5069;693055;590514;64.5;55.0
83;2021-08-12;4918;5564;697973;596078;65.0;55.5
83;2021-08-13;4929;5741;702902;601819;65.5;56.0
83;2021-08-14;3216;3888;706118;605707;65.8;56.4
83;2021-08-15;205;391;706323;606098;65.8;56.4
83;2021-08-16;3630;5474;709953;611572;66.1;57.0
83;2021-08-17;3562;5270;713515;616842;66.4;57.4
83;2021-08-18;3579;4998;717094;621840;66.8;57.9
83;2021-08-19;4159;6253;721253;628093;67.2;58.5
83;2021-08-20;3611;6503;724864;634596;67.5;59.1
83;2021-08-21;2339;4486;727203;639082;67.7;59.5
83;2021-08-22;629;1027;727832;640109;67.8;59.6
83;2021-08-23;2495;5780;730327;645889;68.0;60.1
83;2021-08-24;2885;5910;733212;651799;68.3;60.7
83;2021-08-25;2564;5283;735776;657082;68.5;61.2
83;2021-08-26;2779;5831;738555;662913;68.8;61.7
83;2021-08-27;2899;5914;741454;668827;69.0;62.3
83;2021-08-28;1927;4529;743381;673356;69.2;62.7
83;2021-08-29;474;1162;743855;674518;69.3;62.8
83;2021-08-30;2360;4963;746215;679481;69.5;63.3
83;2021-08-31;2499;5470;748714;684951;69.7;63.8
83;2021-09-01;2520;5065;751234;690016;70.0;64.3
83;2021-09-02;2475;4952;753709;694968;70.2;64.7
83;2021-09-03;2305;5218;756014;700186;70.4;65.2
83;2021-09-04;1902;4627;757916;704813;70.6;65.6
83;2021-09-05;565;538;758481;705351;70.6;65.7
83;2021-09-06;1627;4088;760108;709439;70.8;66.1
83;2021-09-07;1623;3852;761731;713291;70.9;66.4
83;2021-09-08;1875;3837;763606;717128;71.1;66.8
84;2020-12-27;0;0;0;0;0.0;0.0
84;2020-12-28;1;0;1;0;0.0;0.0
84;2020-12-29;1;0;2;0;0.0;0.0
84;2020-12-30;1;0;3;0;0.0;0.0
84;2020-12-31;0;0;3;0;0.0;0.0
84;2021-01-01;0;0;3;0;0.0;0.0
84;2021-01-02;0;0;3;0;0.0;0.0
84;2021-01-03;0;0;3;0;0.0;0.0
84;2021-01-04;0;0;3;0;0.0;0.0
84;2021-01-05;0;0;3;0;0.0;0.0
84;2021-01-06;0;0;3;0;0.0;0.0
84;2021-01-07;69;0;72;0;0.0;0.0
84;2021-01-08;81;0;153;0;0.0;0.0
84;2021-01-09;30;0;183;0;0.0;0.0
84;2021-01-10;0;0;183;0;0.0;0.0
84;2021-01-11;219;0;402;0;0.1;0.0
84;2021-01-12;624;2;1026;2;0.2;0.0
84;2021-01-13;359;0;1385;2;0.2;0.0
84;2021-01-14;951;12;2336;14;0.4;0.0
84;2021-01-15;618;10;2954;24;0.5;0.0
84;2021-01-16;166;0;3120;24;0.6;0.0
84;2021-01-17;29;1;3149;25;0.6;0.0
84;2021-01-18;696;2;3845;27;0.7;0.0
84;2021-01-19;879;2;4724;29;0.8;0.0
84;2021-01-20;1018;4;5742;33;1.0;0.0
84;2021-01-21;1049;5;6791;38;1.2;0.0
84;2021-01-22;1135;1;7926;39;1.4;0.0
84;2021-01-23;250;0;8176;39;1.5;0.0
84;2021-01-24;3;0;8179;39;1.5;0.0
84;2021-01-25;806;0;8985;39;1.6;0.0
84;2021-01-26;939;4;9924;43;1.8;0.0
84;2021-01-27;1072;2;10996;45;2.0;0.0
84;2021-01-28;1621;18;12617;63;2.2;0.0
84;2021-01-29;1201;62;13818;125;2.5;0.0
84;2021-01-30;171;17;13989;142;2.5;0.0
84;2021-01-31;7;0;13996;142;2.5;0.0
84;2021-02-01;657;138;14653;280;2.6;0.0
84;2021-02-02;788;253;15441;533;2.8;0.1
84;2021-02-03;759;233;16200;766;2.9;0.1
84;2021-02-04;913;379;17113;1145;3.1;0.2
84;2021-02-05;727;404;17840;1549;3.2;0.3
84;2021-02-06;127;41;17967;1590;3.2;0.3
84;2021-02-07;0;0;17967;1590;3.2;0.3
84;2021-02-08;568;246;18535;1836;3.3;0.3
84;2021-02-09;692;653;19227;2489;3.4;0.4
84;2021-02-10;557;534;19784;3023;3.5;0.5
84;2021-02-11;550;545;20334;3568;3.6;0.6
84;2021-02-12;562;622;20896;4190;3.7;0.7
84;2021-02-13;46;150;20942;4340;3.7;0.8
84;2021-02-14;3;0;20945;4340;3.7;0.8
84;2021-02-15;209;801;21154;5141;3.8;0.9
84;2021-02-16;222;724;21376;5865;3.8;1.0
84;2021-02-17;447;711;21823;6576;3.9;1.2
84;2021-02-18;557;1028;22380;7604;4.0;1.4
84;2021-02-19;738;1085;23118;8689;4.1;1.5
84;2021-02-20;68;127;23186;8816;4.1;1.6
84;2021-02-21;6;36;23192;8852;4.1;1.6
84;2021-02-22;369;668;23561;9520;4.2;1.7
84;2021-02-23;271;663;23832;10183;4.2;1.8
84;2021-02-24;393;659;24225;10842;4.3;1.9
84;2021-02-25;713;785;24938;11627;4.4;2.1
84;2021-02-26;824;634;25762;12261;4.6;2.2
84;2021-02-27;133;106;25895;12367;4.6;2.2
84;2021-02-28;17;0;25912;12367;4.6;2.2
84;2021-03-01;456;615;26368;12982;4.7;2.3
84;2021-03-02;631;758;26999;13740;4.8;2.4
84;2021-03-03;820;884;27819;14624;5.0;2.6
84;2021-03-04;1098;657;28917;15281;5.2;2.7
84;2021-03-05;1314;494;30231;15775;5.4;2.8
84;2021-03-06;1460;64;31691;15839;5.6;2.8
84;2021-03-07;481;17;32172;15856;5.7;2.8
84;2021-03-08;812;582;32984;16438;5.9;2.9
84;2021-03-09;1387;746;34371;17184;6.1;3.1
84;2021-03-10;1474;655;35845;17839;6.4;3.2
84;2021-03-11;1984;634;37829;18473;6.7;3.3
84;2021-03-12;2080;631;39909;19104;7.1;3.4
84;2021-03-13;747;36;40656;19140;7.2;3.4
84;2021-03-14;247;53;40903;19193;7.3;3.4
84;2021-03-15;1069;304;41972;19497;7.5;3.5
84;2021-03-16;1180;317;43152;19814;7.7;3.5
84;2021-03-17;1146;434;44298;20248;7.9;3.6
84;2021-03-18;1458;393;45756;20641;8.2;3.7
84;2021-03-19;2175;455;47931;21096;8.5;3.8
84;2021-03-20;839;25;48770;21121;8.7;3.8
84;2021-03-21;150;11;48920;21132;8.7;3.8
84;2021-03-22;1159;459;50079;21591;8.9;3.8
84;2021-03-23;1914;443;51993;22034;9.3;3.9
84;2021-03-24;2178;399;54171;22433;9.7;4.0
84;2021-03-25;3655;395;57826;22828;10.3;4.1
84;2021-03-26;3319;488;61145;23316;10.9;4.2
84;2021-03-27;914;58;62059;23374;11.1;4.2
84;2021-03-28;73;2;62132;23376;11.1;4.2
84;2021-03-29;1717;529;63849;23905;11.4;4.3
84;2021-03-30;2669;685;66518;24590;11.9;4.4
84;2021-03-31;2405;644;68923;25234;12.3;4.5
84;2021-04-01;3024;575;71947;25809;12.8;4.6
84;2021-04-02;2451;528;74398;26337;13.3;4.7
84;2021-04-03;510;28;74908;26365;13.4;4.7
84;2021-04-04;13;0;74921;26365;13.4;4.7
84;2021-04-05;813;102;75734;26467;13.5;4.7
84;2021-04-06;2146;843;77880;27310;13.9;4.9
84;2021-04-07;2404;863;80284;28173;14.3;5.0
84;2021-04-08;3653;1042;83937;29215;15.0;5.2
84;2021-04-09;4118;951;88055;30166;15.7;5.4
84;2021-04-10;1308;133;89363;30299;15.9;5.4
84;2021-04-11;37;12;89400;30311;15.9;5.4
84;2021-04-12;2093;805;91493;31116;16.3;5.5
84;2021-04-13;2942;1366;94435;32482;16.8;5.8
84;2021-04-14;2811;1356;97246;33838;17.3;6.0
84;2021-04-15;3274;1423;100520;35261;17.9;6.3
84;2021-04-16;3431;1548;103951;36809;18.5;6.6
84;2021-04-17;1666;200;105617;37009;18.8;6.6
84;2021-04-18;38;1;105655;37010;18.8;6.6
84;2021-04-19;2507;919;108162;37929;19.3;6.8
84;2021-04-20;2626;1531;110788;39460;19.7;7.0
84;2021-04-21;2651;1486;113439;40946;20.2;7.3
84;2021-04-22;3012;1738;116451;42684;20.8;7.6
84;2021-04-23;3038;1903;119489;44587;21.3;7.9
84;2021-04-24;1531;288;121020;44875;21.6;8.0
84;2021-04-25;27;2;121047;44877;21.6;8.0
84;2021-04-26;2197;1364;123244;46241;22.0;8.2
84;2021-04-27;2553;1983;125797;48224;22.4;8.6
84;2021-04-28;2819;1848;128616;50072;22.9;8.9
84;2021-04-29;3420;2039;132036;52111;23.5;9.3
84;2021-04-30;3134;2423;135170;54534;24.1;9.7
84;2021-05-01;457;259;135627;54793;24.2;9.8
84;2021-05-02;2;0;135629;54793;24.2;9.8
84;2021-05-03;2164;1632;137793;56425;24.6;10.1
84;2021-05-04;2490;2534;140283;58959;25.0;10.5
84;2021-05-05;2352;2226;142635;61185;25.4;10.9
84;2021-05-06;3223;2262;145858;63447;26.0;11.3
84;2021-05-07;2766;2560;148624;66007;26.5;11.8
84;2021-05-08;1158;527;149782;66534;26.7;11.9
84;2021-05-09;7;52;149789;66586;26.7;11.9
84;2021-05-10;2158;2466;151947;69052;27.1;12.3
84;2021-05-11;2907;3159;154854;72211;27.6;12.9
84;2021-05-12;2848;2925;157702;75136;28.1;13.4
84;2021-05-13;2159;848;159861;75984;28.5;13.5
84;2021-05-14;2729;2038;162590;78022;29.0;13.9
84;2021-05-15;2001;986;164591;79008;29.3;14.1
84;2021-05-16;1341;186;165932;79194;29.6;14.1
84;2021-05-17;2223;2156;168155;81350;30.0;14.5
84;2021-05-18;2904;2116;171059;83466;30.5;14.9
84;2021-05-19;3231;1666;174290;85132;31.1;15.2
84;2021-05-20;3702;2207;177992;87339;31.7;15.6
84;2021-05-21;3472;2334;181464;89673;32.3;16.0
84;2021-05-22;1583;680;183047;90353;32.6;16.1
84;2021-05-23;6;9;183053;90362;32.6;16.1
84;2021-05-24;1840;425;184893;90787;33.0;16.2
84;2021-05-25;2984;2189;187877;92976;33.5;16.6
84;2021-05-26;3076;2094;190953;95070;34.0;16.9
84;2021-05-27;3859;2314;194812;97384;34.7;17.4
84;2021-05-28;3182;3308;197994;100692;35.3;17.9
84;2021-05-29;1093;1653;199087;102345;35.5;18.2
84;2021-05-30;8;85;199095;102430;35.5;18.3
84;2021-05-31;2190;2641;201285;105071;35.9;18.7
84;2021-06-01;3144;3162;204429;108233;36.4;19.3
84;2021-06-02;3173;2629;207602;110862;37.0;19.8
84;2021-06-03;4116;2989;211718;113851;37.7;20.3
84;2021-06-04;3616;3034;215334;116885;38.4;20.8
84;2021-06-05;1783;1501;217117;118386;38.7;21.1
84;2021-06-06;989;208;218106;118594;38.9;21.1
84;2021-06-07;2453;2759;220559;121353;39.3;21.6
84;2021-06-08;3319;3055;223878;124408;39.9;22.2
84;2021-06-09;3032;2686;226910;127094;40.4;22.7
84;2021-06-10;3514;2792;230424;129886;41.1;23.2
84;2021-06-11;3030;3070;233454;132956;41.6;23.7
84;2021-06-12;1965;1308;235419;134264;42.0;23.9
84;2021-06-13;414;213;235833;134477;42.0;24.0
84;2021-06-14;1929;3154;237762;137631;42.4;24.5
84;2021-06-15;2575;3455;240337;141086;42.8;25.1
84;2021-06-16;2527;2959;242864;144045;43.3;25.7
84;2021-06-17;2998;3482;245862;147527;43.8;26.3
84;2021-06-18;2425;3552;248287;151079;44.3;26.9
84;2021-06-19;1288;1551;249575;152630;44.5;27.2
84;2021-06-20;549;354;250124;152984;44.6;27.3
84;2021-06-21;1571;3134;251695;156118;44.9;27.8
84;2021-06-22;2164;4013;253859;160131;45.3;28.5
84;2021-06-23;2118;3307;255977;163438;45.6;29.1
84;2021-06-24;2202;3485;258179;166923;46.0;29.8
84;2021-06-25;1836;3887;260015;170810;46.3;30.4
84;2021-06-26;1132;1815;261147;172625;46.6;30.8
84;2021-06-27;297;345;261444;172970;46.6;30.8
84;2021-06-28;1207;3224;262651;176194;46.8;31.4
84;2021-06-29;1482;4051;264133;180245;47.1;32.1
84;2021-06-30;1716;3965;265849;184210;47.4;32.8
84;2021-07-01;1819;3956;267668;188166;47.7;33.5
84;2021-07-02;1752;3898;269420;192064;48.0;34.2
84;2021-07-03;1103;2030;270523;194094;48.2;34.6
84;2021-07-04;395;416;270918;194510;48.3;34.7
84;2021-07-05;1547;3542;272465;198052;48.6;35.3
84;2021-07-06;1639;4166;274104;202218;48.9;36.0
84;2021-07-07;1676;3102;275780;205320;49.2;36.6
84;2021-07-08;2159;3747;277939;209067;49.5;37.3
84;2021-07-09;1875;3971;279814;213038;49.9;38.0
84;2021-07-10;1256;2161;281070;215199;50.1;38.4
84;2021-07-11;357;303;281427;215502;50.2;38.4
84;2021-07-12;1411;3840;282838;219342;50.4;39.1
84;2021-07-13;2336;5015;285174;224357;50.8;40.0
84;2021-07-14;1886;1249;287060;225606;51.2;40.2
84;2021-07-15;2704;4553;289764;230159;51.7;41.0
84;2021-07-16;2781;4605;292545;234764;52.1;41.8
84;2021-07-17;1589;2449;294134;237213;52.4;42.3
84;2021-07-18;1018;551;295152;237764;52.6;42.4
84;2021-07-19;2417;3744;297569;241508;53.0;43.0
84;2021-07-20;2956;4168;300525;245676;53.6;43.8
84;2021-07-21;3187;3657;303712;249333;54.1;44.4
84;2021-07-22;3780;3791;307492;253124;54.8;45.1
84;2021-07-23;3523;3682;311015;256806;55.4;45.8
84;2021-07-24;1471;2248;312486;259054;55.7;46.2
84;2021-07-25;1034;512;313520;259566;55.9;46.3
84;2021-07-26;2724;3036;316244;262602;56.4;46.8
84;2021-07-27;3448;3569;319692;266171;57.0;47.4
84;2021-07-28;3870;3308;323562;269479;57.7;48.0
84;2021-07-29;4227;3156;327789;272635;58.4;48.6
84;2021-07-30;4029;3326;331818;275961;59.1;49.2
84;2021-07-31;2000;1690;333818;277651;59.5;49.5
84;2021-08-01;819;430;334637;278081;59.7;49.6
84;2021-08-02;2976;2692;337613;280773;60.2;50.0
84;2021-08-03;4110;2795;341723;283568;60.9;50.5
84;2021-08-04;3918;2607;345641;286175;61.6;51.0
84;2021-08-05;3883;2581;349524;288756;62.3;51.5
84;2021-08-06;3695;2869;353219;291625;63.0;52.0
84;2021-08-07;2079;1738;355298;293363;63.3;52.3
84;2021-08-08;386;735;355684;294098;63.4;52.4
84;2021-08-09;2925;2598;358609;296696;63.9;52.9
84;2021-08-10;3742;2950;362351;299646;64.6;53.4
84;2021-08-11;3270;2669;365621;302315;65.2;53.9
84;2021-08-12;3169;2980;368790;305295;65.7;54.4
84;2021-08-13;2917;2692;371707;307987;66.3;54.9
84;2021-08-14;1699;1746;373406;309733;66.6;55.2
84;2021-08-15;288;228;373694;309961;66.6;55.3
84;2021-08-16;2358;3079;376052;313040;67.0;55.8
84;2021-08-17;2699;3257;378751;316297;67.5;56.4
84;2021-08-18;2405;2798;381156;319095;67.9;56.9
84;2021-08-19;2262;3120;383418;322215;68.3;57.4
84;2021-08-20;2172;3301;385590;325516;68.7;58.0
84;2021-08-21;1222;1881;386812;327397;69.0;58.4
84;2021-08-22;166;739;386978;328136;69.0;58.5
84;2021-08-23;1736;3293;388714;331429;69.3;59.1
84;2021-08-24;1899;3461;390613;334890;69.6;59.7
84;2021-08-25;1835;3350;392448;338240;70.0;60.3
84;2021-08-26;1629;3626;394077;341866;70.2;60.9
84;2021-08-27;1595;3812;395672;345678;70.5;61.6
84;2021-08-28;912;2179;396584;347857;70.7;62.0
84;2021-08-29;174;607;396758;348464;70.7;62.1
84;2021-08-30;1373;3277;398131;351741;71.0;62.7
84;2021-08-31;1354;4150;399485;355891;71.2;63.4
84;2021-09-01;1232;3587;400717;359478;71.4;64.1
84;2021-09-02;1191;3200;401908;362678;71.6;64.6
84;2021-09-03;1264;3546;403172;366224;71.9;65.3
84;2021-09-04;743;2169;403915;368393;72.0;65.7
84;2021-09-05;124;473;404039;368866;72.0;65.8
84;2021-09-06;785;2476;404824;371342;72.2;66.2
84;2021-09-07;1007;2737;405831;374079;72.3;66.7
84;2021-09-08;898;2907;406729;376986;72.5;67.2
85;2020-12-27;1;0;1;0;0.0;0.0
85;2020-12-28;0;0;1;0;0.0;0.0
85;2020-12-29;0;0;1;0;0.0;0.0
85;2020-12-30;0;0;1;0;0.0;0.0
85;2020-12-31;0;0;1;0;0.0;0.0
85;2021-01-01;0;0;1;0;0.0;0.0
85;2021-01-02;0;0;1;0;0.0;0.0
85;2021-01-03;1;0;2;0;0.0;0.0
85;2021-01-04;26;0;28;0;0.0;0.0
85;2021-01-05;62;0;90;0;0.0;0.0
85;2021-01-06;107;1;197;1;0.0;0.0
85;2021-01-07;203;0;400;1;0.1;0.0
85;2021-01-08;293;2;693;3;0.1;0.0
85;2021-01-09;288;1;981;4;0.1;0.0
85;2021-01-10;59;0;1040;4;0.2;0.0
85;2021-01-11;453;0;1493;4;0.2;0.0
85;2021-01-12;586;1;2079;5;0.3;0.0
85;2021-01-13;544;2;2623;7;0.4;0.0
85;2021-01-14;683;4;3306;11;0.5;0.0
85;2021-01-15;439;3;3745;14;0.5;0.0
85;2021-01-16;264;3;4009;17;0.6;0.0
85;2021-01-17;37;0;4046;17;0.6;0.0
85;2021-01-18;999;1;5045;18;0.7;0.0
85;2021-01-19;1428;14;6473;32;0.9;0.0
85;2021-01-20;1874;2;8347;34;1.2;0.0
85;2021-01-21;3222;11;11569;45;1.7;0.0
85;2021-01-22;1699;18;13268;63;1.9;0.0
85;2021-01-23;466;1;13734;64;2.0;0.0
85;2021-01-24;50;0;13784;64;2.0;0.0
85;2021-01-25;577;0;14361;64;2.1;0.0
85;2021-01-26;877;34;15238;98;2.2;0.0
85;2021-01-27;1810;32;17048;130;2.5;0.0
85;2021-01-28;1637;38;18685;168;2.7;0.0
85;2021-01-29;875;63;19560;231;2.9;0.0
85;2021-01-30;149;5;19709;236;2.9;0.0
85;2021-01-31;2;44;19711;280;2.9;0.0
85;2021-02-01;483;102;20194;382;3.0;0.1
85;2021-02-02;537;175;20731;557;3.0;0.1
85;2021-02-03;415;255;21146;812;3.1;0.1
85;2021-02-04;621;260;21767;1072;3.2;0.2
85;2021-02-05;624;255;22391;1327;3.3;0.2
85;2021-02-06;158;229;22549;1556;3.3;0.2
85;2021-02-07;1;0;22550;1556;3.3;0.2
85;2021-02-08;388;577;22938;2133;3.4;0.3
85;2021-02-09;663;1009;23601;3142;3.5;0.5
85;2021-02-10;583;1095;24184;4237;3.5;0.6
85;2021-02-11;1542;2974;25726;7211;3.8;1.1
85;2021-02-12;1013;1208;26739;8419;3.9;1.2
85;2021-02-13;251;460;26990;8879;4.0;1.3
85;2021-02-14;2;96;26992;8975;4.0;1.3
85;2021-02-15;337;709;27329;9684;4.0;1.4
85;2021-02-16;569;1070;27898;10754;4.1;1.6
85;2021-02-17;786;1487;28684;12241;4.2;1.8
85;2021-02-18;1277;1855;29961;14096;4.4;2.1
85;2021-02-19;956;1133;30917;15229;4.5;2.2
85;2021-02-20;174;211;31091;15440;4.6;2.3
85;2021-02-21;1;11;31092;15451;4.6;2.3
85;2021-02-22;814;809;31906;16260;4.7;2.4
85;2021-02-23;828;425;32734;16685;4.8;2.4
85;2021-02-24;757;267;33491;16952;4.9;2.5
85;2021-02-25;1336;340;34827;17292;5.1;2.5
85;2021-02-26;1228;282;36055;17574;5.3;2.6
85;2021-02-27;401;87;36456;17661;5.3;2.6
85;2021-02-28;7;1;36463;17662;5.3;2.6
85;2021-03-01;765;404;37228;18066;5.4;2.6
85;2021-03-02;1100;725;38328;18791;5.6;2.8
85;2021-03-03;844;474;39172;19265;5.7;2.8
85;2021-03-04;1577;1131;40749;20396;6.0;3.0
85;2021-03-05;1741;798;42490;21194;6.2;3.1
85;2021-03-06;1227;126;43717;21320;6.4;3.1
85;2021-03-07;333;35;44050;21355;6.4;3.1
85;2021-03-08;1741;445;45791;21800;6.7;3.2
85;2021-03-09;2239;572;48030;22372;7.0;3.3
85;2021-03-10;1862;646;49892;23018;7.3;3.4
85;2021-03-11;3119;1089;53011;24107;7.8;3.5
85;2021-03-12;2728;863;55739;24970;8.2;3.7
85;2021-03-13;1372;160;57111;25130;8.4;3.7
85;2021-03-14;182;3;57293;25133;8.4;3.7
85;2021-03-15;1919;514;59212;25647;8.7;3.8
85;2021-03-16;1630;513;60842;26160;8.9;3.8
85;2021-03-17;980;524;61822;26684;9.0;3.9
85;2021-03-18;1904;454;63726;27138;9.3;4.0
85;2021-03-19;2200;370;65926;27508;9.6;4.0
85;2021-03-20;1069;179;66995;27687;9.8;4.1
85;2021-03-21;272;5;67267;27692;9.8;4.1
85;2021-03-22;1764;556;69031;28248;10.1;4.1
85;2021-03-23;2421;733;71452;28981;10.5;4.2
85;2021-03-24;2207;529;73659;29510;10.8;4.3
85;2021-03-25;3649;596;77308;30106;11.3;4.4
85;2021-03-26;3358;650;80666;30756;11.8;4.5
85;2021-03-27;1729;124;82395;30880;12.1;4.5
85;2021-03-28;539;4;82934;30884;12.1;4.5
85;2021-03-29;2413;758;85347;31642;12.5;4.6
85;2021-03-30;2865;1024;88212;32666;12.9;4.8
85;2021-03-31;2200;676;90412;33342;13.2;4.9
85;2021-04-01;3879;913;94291;34255;13.8;5.0
85;2021-04-02;2708;1101;96999;35356;14.2;5.2
85;2021-04-03;1413;323;98412;35679;14.4;5.2
85;2021-04-04;324;29;98736;35708;14.5;5.2
85;2021-04-05;104;175;98840;35883;14.5;5.3
85;2021-04-06;2200;1594;101040;37477;14.8;5.5
85;2021-04-07;3094;1189;104134;38666;15.2;5.7
85;2021-04-08;4544;1602;108678;40268;15.9;5.9
85;2021-04-09;4603;1225;113281;41493;16.6;6.1
85;2021-04-10;1867;400;115148;41893;16.9;6.1
85;2021-04-11;27;10;115175;41903;16.9;6.1
85;2021-04-12;4286;1489;119461;43392;17.5;6.4
85;2021-04-13;4835;1869;124296;45261;18.2;6.6
85;2021-04-14;3962;1010;128258;46271;18.8;6.8
85;2021-04-15;5518;1741;133776;48012;19.6;7.0
85;2021-04-16;5241;1544;139017;49556;20.3;7.3
85;2021-04-17;1382;436;140399;49992;20.6;7.3
85;2021-04-18;351;12;140750;50004;20.6;7.3
85;2021-04-19;3368;1700;144118;51704;21.1;7.6
85;2021-04-20;3694;1928;147812;53632;21.6;7.9
85;2021-04-21;2693;1692;150505;55324;22.0;8.1
85;2021-04-22;3806;2232;154311;57556;22.6;8.4
85;2021-04-23;3902;2091;158213;59647;23.2;8.7
85;2021-04-24;1662;1533;159875;61180;23.4;9.0
85;2021-04-25;981;564;160856;61744;23.5;9.0
85;2021-04-26;3590;2352;164446;64096;24.1;9.4
85;2021-04-27;4393;2158;168839;66254;24.7;9.7
85;2021-04-28;5747;1256;174586;67510;25.6;9.9
85;2021-04-29;5635;2003;180221;69513;26.4;10.2
85;2021-04-30;5576;1675;185797;71188;27.2;10.4
85;2021-05-01;1736;638;187533;71826;27.4;10.5
85;2021-05-02;873;471;188406;72297;27.6;10.6
85;2021-05-03;3494;2386;191900;74683;28.1;10.9
85;2021-05-04;3487;3084;195387;77767;28.6;11.4
85;2021-05-05;4532;2167;199919;79934;29.3;11.7
85;2021-05-06;4920;2599;204839;82533;30.0;12.1
85;2021-05-07;3933;3857;208772;86390;30.6;12.6
85;2021-05-08;2246;232;211018;86622;30.9;12.7
85;2021-05-09;1509;183;212527;86805;31.1;12.7
85;2021-05-10;3212;4920;215739;91725;31.6;13.4
85;2021-05-11;4027;4974;219766;96699;32.2;14.2
85;2021-05-12;5020;3937;224786;100636;32.9;14.7
85;2021-05-13;5146;613;229932;101249;33.7;14.8
85;2021-05-14;4358;3166;234290;104415;34.3;15.3
85;2021-05-15;2327;776;236617;105191;34.6;15.4
85;2021-05-16;2213;162;238830;105353;35.0;15.4
85;2021-05-17;4145;3373;242975;108726;35.6;15.9
85;2021-05-18;5215;2852;248190;111578;36.3;16.3
85;2021-05-19;6493;1771;254683;113349;37.3;16.6
85;2021-05-20;6775;2177;261458;115526;38.3;16.9
85;2021-05-21;5499;2742;266957;118268;39.1;17.3
85;2021-05-22;2584;749;269541;119017;39.5;17.4
85;2021-05-23;1329;161;270870;119178;39.6;17.4
85;2021-05-24;4573;437;275443;119615;40.3;17.5
85;2021-05-25;4517;3567;279960;123182;41.0;18.0
85;2021-05-26;4946;2679;284906;125861;41.7;18.4
85;2021-05-27;4960;3695;289866;129556;42.4;19.0
85;2021-05-28;5253;4060;295119;133616;43.2;19.6
85;2021-05-29;3962;1530;299081;135146;43.8;19.8
85;2021-05-30;1292;125;300373;135271;44.0;19.8
85;2021-05-31;4689;3378;305062;138649;44.7;20.3
85;2021-06-01;5406;3396;310468;142045;45.4;20.8
85;2021-06-02;5557;2516;316025;144561;46.3;21.2
85;2021-06-03;5917;3232;321942;147793;47.1;21.6
85;2021-06-04;5841;3817;327783;151610;48.0;22.2
85;2021-06-05;2848;1941;330631;153551;48.4;22.5
85;2021-06-06;1511;803;332142;154354;48.6;22.6
85;2021-06-07;3237;4861;335379;159215;49.1;23.3
85;2021-06-08;4091;4527;339470;163742;49.7;24.0
85;2021-06-09;4848;3512;344318;167254;50.4;24.5
85;2021-06-10;5200;3702;349518;170956;51.2;25.0
85;2021-06-11;4507;4663;354025;175619;51.8;25.7
85;2021-06-12;1492;1799;355517;177418;52.0;26.0
85;2021-06-13;1220;673;356737;178091;52.2;26.1
85;2021-06-14;2682;5095;359419;183186;52.6;26.8
85;2021-06-15;3715;4931;363134;188117;53.2;27.5
85;2021-06-16;4083;3907;367217;192024;53.8;28.1
85;2021-06-17;3940;3898;371157;195922;54.3;28.7
85;2021-06-18;3626;5683;374783;201605;54.9;29.5
85;2021-06-19;1213;2029;375996;203634;55.0;29.8
85;2021-06-20;140;521;376136;204155;55.1;29.9
85;2021-06-21;2376;5813;378512;209968;55.4;30.7
85;2021-06-22;2849;5733;381361;215701;55.8;31.6
85;2021-06-23;3391;4500;384752;220201;56.3;32.2
85;2021-06-24;3642;4562;388394;224763;56.9;32.9
85;2021-06-25;2290;6180;390684;230943;57.2;33.8
85;2021-06-26;791;3759;391475;234702;57.3;34.4
85;2021-06-27;125;1370;391600;236072;57.3;34.6
85;2021-06-28;1186;6713;392786;242785;57.5;35.5
85;2021-06-29;1757;6873;394543;249658;57.8;36.5
85;2021-06-30;2213;6208;396756;255866;58.1;37.5
85;2021-07-01;2844;6059;399600;261925;58.5;38.3
85;2021-07-02;2332;7018;401932;268943;58.8;39.4
85;2021-07-03;618;3165;402550;272108;58.9;39.8
85;2021-07-04;145;1086;402695;273194;58.9;40.0
85;2021-07-05;1084;6653;403779;279847;59.1;41.0
85;2021-07-06;1582;6457;405361;286304;59.3;41.9
85;2021-07-07;1650;5863;407011;292167;59.6;42.8
85;2021-07-08;2166;5441;409177;297608;59.9;43.6
85;2021-07-09;1648;7098;410825;304706;60.1;44.6
85;2021-07-10;565;2836;411390;307542;60.2;45.0
85;2021-07-11;529;1288;411919;308830;60.3;45.2
85;2021-07-12;1409;7049;413328;315879;60.5;46.2
85;2021-07-13;2061;7390;415389;323269;60.8;47.3
85;2021-07-14;1453;2047;416842;325316;61.0;47.6
85;2021-07-15;2681;6941;419523;332257;61.4;48.6
85;2021-07-16;3431;6835;422954;339092;61.9;49.6
85;2021-07-17;1565;2152;424519;341244;62.1;49.9
85;2021-07-18;1150;1154;425669;342398;62.3;50.1
85;2021-07-19;3557;6231;429226;348629;62.8;51.0
85;2021-07-20;4301;6214;433527;354843;63.5;51.9
85;2021-07-21;3998;6198;437525;361041;64.0;52.8
85;2021-07-22;3907;6186;441432;367227;64.6;53.8
85;2021-07-23;4531;6708;445963;373935;65.3;54.7
85;2021-07-24;1047;2294;447010;376229;65.4;55.1
85;2021-07-25;491;304;447501;376533;65.5;55.1
85;2021-07-26;4514;5361;452015;381894;66.2;55.9
85;2021-07-27;5321;5398;457336;387292;66.9;56.7
85;2021-07-28;4964;4970;462300;392262;67.7;57.4
85;2021-07-29;5879;4733;468179;396995;68.5;58.1
85;2021-07-30;6029;4950;474208;401945;69.4;58.8
85;2021-07-31;1233;1575;475441;403520;69.6;59.1
85;2021-08-01;471;195;475912;403715;69.7;59.1
85;2021-08-02;4948;3955;480860;407670;70.4;59.7
85;2021-08-03;6525;3351;487385;411021;71.3;60.2
85;2021-08-04;6628;3423;494013;414444;72.3;60.7
85;2021-08-05;6191;3604;500204;418048;73.2;61.2
85;2021-08-06;5808;4516;506012;422564;74.1;61.9
85;2021-08-07;1505;1180;507517;423744;74.3;62.0
85;2021-08-08;331;231;507848;423975;74.3;62.1
85;2021-08-09;4146;3277;511994;427252;74.9;62.5
85;2021-08-10;4826;3420;516820;430672;75.6;63.0
85;2021-08-11;4666;4214;521486;434886;76.3;63.7
85;2021-08-12;4466;4299;525952;439185;77.0;64.3
85;2021-08-13;3848;3650;529800;442835;77.5;64.8
85;2021-08-14;1021;1090;530821;443925;77.7;65.0
85;2021-08-15;160;239;530981;444164;77.7;65.0
85;2021-08-16;2838;4773;533819;448937;78.1;65.7
85;2021-08-17;2967;4354;536786;453291;78.6;66.3
85;2021-08-18;3145;4104;539931;457395;79.0;67.0
85;2021-08-19;2725;4274;542656;461669;79.4;67.6
85;2021-08-20;2473;5227;545129;466896;79.8;68.3
85;2021-08-21;690;1394;545819;468290;79.9;68.5
85;2021-08-22;343;1018;546162;469308;79.9;68.7
85;2021-08-23;1870;5372;548032;474680;80.2;69.5
85;2021-08-24;1822;4866;549854;479546;80.5;70.2
85;2021-08-25;1643;4832;551497;484378;80.7;70.9
85;2021-08-26;1538;4763;553035;489141;80.9;71.6
85;2021-08-27;1691;5517;554726;494658;81.2;72.4
85;2021-08-28;569;1345;555295;496003;81.3;72.6
85;2021-08-29;127;988;555422;496991;81.3;72.7
85;2021-08-30;1120;4974;556542;501965;81.5;73.5
85;2021-08-31;1125;5450;557667;507415;81.6;74.3
85;2021-09-01;1135;5224;558802;512639;81.8;75.0
85;2021-09-02;988;4373;559790;517012;81.9;75.7
85;2021-09-03;1236;4536;561026;521548;82.1;76.3
85;2021-09-04;360;1385;561386;522933;82.2;76.5
85;2021-09-05;41;195;561427;523128;82.2;76.6
85;2021-09-06;849;3823;562276;526951;82.3;77.1
85;2021-09-07;837;3303;563113;530254;82.4;77.6
85;2021-09-08;850;3646;563963;533900;82.5;78.1
86;2020-12-27;0;0;0;0;0.0;0.0
86;2020-12-28;1;0;1;0;0.0;0.0
86;2020-12-29;1;0;2;0;0.0;0.0
86;2020-12-30;0;0;2;0;0.0;0.0
86;2020-12-31;0;0;2;0;0.0;0.0
86;2021-01-01;0;0;2;0;0.0;0.0
86;2021-01-02;0;0;2;0;0.0;0.0
86;2021-01-03;2;0;4;0;0.0;0.0
86;2021-01-04;0;0;4;0;0.0;0.0
86;2021-01-05;1;0;5;0;0.0;0.0
86;2021-01-06;178;0;183;0;0.0;0.0
86;2021-01-07;672;0;855;0;0.2;0.0
86;2021-01-08;610;3;1465;3;0.3;0.0
86;2021-01-09;0;0;1465;3;0.3;0.0
86;2021-01-10;173;0;1638;3;0.4;0.0
86;2021-01-11;305;0;1943;3;0.4;0.0
86;2021-01-12;460;0;2403;3;0.5;0.0
86;2021-01-13;336;0;2739;3;0.6;0.0
86;2021-01-14;551;1;3290;4;0.8;0.0
86;2021-01-15;543;1;3833;5;0.9;0.0
86;2021-01-16;2;0;3835;5;0.9;0.0
86;2021-01-17;0;0;3835;5;0.9;0.0
86;2021-01-18;563;0;4398;5;1.0;0.0
86;2021-01-19;1915;1;6313;6;1.4;0.0
86;2021-01-20;1463;20;7776;26;1.8;0.0
86;2021-01-21;1292;0;9068;26;2.1;0.0
86;2021-01-22;833;0;9901;26;2.3;0.0
86;2021-01-23;313;0;10214;26;2.3;0.0
86;2021-01-24;0;0;10214;26;2.3;0.0
86;2021-01-25;585;104;10799;130;2.5;0.0
86;2021-01-26;750;112;11549;242;2.6;0.1
86;2021-01-27;764;143;12313;385;2.8;0.1
86;2021-01-28;1048;417;13361;802;3.1;0.2
86;2021-01-29;880;205;14241;1007;3.3;0.2
86;2021-01-30;275;97;14516;1104;3.3;0.3
86;2021-01-31;57;157;14573;1261;3.3;0.3
86;2021-02-01;433;196;15006;1457;3.4;0.3
86;2021-02-02;574;377;15580;1834;3.6;0.4
86;2021-02-03;525;216;16105;2050;3.7;0.5
86;2021-02-04;478;354;16583;2404;3.8;0.5
86;2021-02-05;437;692;17020;3096;3.9;0.7
86;2021-02-06;148;182;17168;3278;3.9;0.7
86;2021-02-07;120;8;17288;3286;4.0;0.8
86;2021-02-08;361;263;17649;3549;4.0;0.8
86;2021-02-09;753;1082;18402;4631;4.2;1.1
86;2021-02-10;974;905;19376;5536;4.4;1.3
86;2021-02-11;1009;948;20385;6484;4.7;1.5
86;2021-02-12;747;335;21132;6819;4.8;1.6
86;2021-02-13;192;78;21324;6897;4.9;1.6
86;2021-02-14;1;34;21325;6931;4.9;1.6
86;2021-02-15;243;434;21568;7365;4.9;1.7
86;2021-02-16;384;770;21952;8135;5.0;1.9
86;2021-02-17;453;838;22405;8973;5.1;2.1
86;2021-02-18;422;811;22827;9784;5.2;2.2
86;2021-02-19;601;612;23428;10396;5.4;2.4
86;2021-02-20;115;147;23543;10543;5.4;2.4
86;2021-02-21;1;0;23544;10543;5.4;2.4
86;2021-02-22;241;372;23785;10915;5.4;2.5
86;2021-02-23;370;543;24155;11458;5.5;2.6
86;2021-02-24;409;542;24564;12000;5.6;2.7
86;2021-02-25;902;615;25466;12615;5.8;2.9
86;2021-02-26;1030;497;26496;13112;6.1;3.0
86;2021-02-27;460;138;26956;13250;6.2;3.0
86;2021-02-28;3;2;26959;13252;6.2;3.0
86;2021-03-01;232;480;27191;13732;6.2;3.1
86;2021-03-02;1142;802;28333;14534;6.5;3.3
86;2021-03-03;793;589;29126;15123;6.7;3.5
86;2021-03-04;1495;608;30621;15731;7.0;3.6
86;2021-03-05;1578;305;32199;16036;7.4;3.7
86;2021-03-06;995;161;33194;16197;7.6;3.7
86;2021-03-07;371;32;33565;16229;7.7;3.7
86;2021-03-08;472;519;34037;16748;7.8;3.8
86;2021-03-09;1368;518;35405;17266;8.1;3.9
86;2021-03-10;948;608;36353;17874;8.3;4.1
86;2021-03-11;1799;473;38152;18347;8.7;4.2
86;2021-03-12;2208;435;40360;18782;9.2;4.3
86;2021-03-13;1444;100;41804;18882;9.6;4.3
86;2021-03-14;133;16;41937;18898;9.6;4.3
86;2021-03-15;784;156;42721;19054;9.8;4.4
86;2021-03-16;848;203;43569;19257;10.0;4.4
86;2021-03-17;786;204;44355;19461;10.1;4.4
86;2021-03-18;1005;102;45360;19563;10.4;4.5
86;2021-03-19;2145;322;47505;19885;10.9;4.5
86;2021-03-20;592;130;48097;20015;11.0;4.6
86;2021-03-21;10;0;48107;20015;11.0;4.6
86;2021-03-22;852;275;48959;20290;11.2;4.6
86;2021-03-23;2015;326;50974;20616;11.7;4.7
86;2021-03-24;1557;291;52531;20907;12.0;4.8
86;2021-03-25;2488;350;55019;21257;12.6;4.9
86;2021-03-26;3043;359;58062;21616;13.3;4.9
86;2021-03-27;733;142;58795;21758;13.4;5.0
86;2021-03-28;5;127;58800;21885;13.4;5.0
86;2021-03-29;1259;391;60059;22276;13.7;5.1
86;2021-03-30;2403;822;62462;23098;14.3;5.3
86;2021-03-31;1511;626;63973;23724;14.6;5.4
86;2021-04-01;2245;943;66218;24667;15.1;5.6
86;2021-04-02;1902;552;68120;25219;15.6;5.8
86;2021-04-03;825;324;68945;25543;15.8;5.8
86;2021-04-04;83;109;69028;25652;15.8;5.9
86;2021-04-05;314;5;69342;25657;15.9;5.9
86;2021-04-06;1534;957;70876;26614;16.2;6.1
86;2021-04-07;1634;627;72510;27241;16.6;6.2
86;2021-04-08;2567;760;75077;28001;17.2;6.4
86;2021-04-09;3251;651;78328;28652;17.9;6.6
86;2021-04-10;1663;191;79991;28843;18.3;6.6
86;2021-04-11;442;10;80433;28853;18.4;6.6
86;2021-04-12;821;765;81254;29618;18.6;6.8
86;2021-04-13;2452;939;83706;30557;19.1;7.0
86;2021-04-14;1871;877;85577;31434;19.6;7.2
86;2021-04-15;2276;726;87853;32160;20.1;7.4
86;2021-04-16;2472;1228;90325;33388;20.7;7.6
86;2021-04-17;1039;264;91364;33652;20.9;7.7
86;2021-04-18;119;4;91483;33656;20.9;7.7
86;2021-04-19;745;796;92228;34452;21.1;7.9
86;2021-04-20;2302;1503;94530;35955;21.6;8.2
86;2021-04-21;2107;1126;96637;37081;22.1;8.5
86;2021-04-22;2331;1442;98968;38523;22.6;8.8
86;2021-04-23;2392;1577;101360;40100;23.2;9.2
86;2021-04-24;1300;512;102660;40612;23.5;9.3
86;2021-04-25;825;27;103485;40639;23.7;9.3
86;2021-04-26;2080;892;105565;41531;24.1;9.5
86;2021-04-27;3156;1670;108721;43201;24.9;9.9
86;2021-04-28;3004;1514;111725;44715;25.5;10.2
86;2021-04-29;3557;1829;115282;46544;26.4;10.6
86;2021-04-30;2970;1485;118252;48029;27.0;11.0
86;2021-05-01;1580;199;119832;48228;27.4;11.0
86;2021-05-02;1280;45;121112;48273;27.7;11.0
86;2021-05-03;2563;1004;123675;49277;28.3;11.3
86;2021-05-04;3509;1898;127184;51175;29.1;11.7
86;2021-05-05;3989;1485;131173;52660;30.0;12.0
86;2021-05-06;4291;1648;135464;54308;31.0;12.4
86;2021-05-07;4047;1825;139511;56133;31.9;12.8
86;2021-05-08;1976;397;141487;56530;32.3;12.9
86;2021-05-09;1641;203;143128;56733;32.7;13.0
86;2021-05-10;1958;1177;145086;57910;33.2;13.2
86;2021-05-11;3604;2687;148690;60597;34.0;13.9
86;2021-05-12;2252;1649;150942;62246;34.5;14.2
86;2021-05-13;1687;299;152629;62545;34.9;14.3
86;2021-05-14;2097;788;154726;63333;35.4;14.5
86;2021-05-15;1467;499;156193;63832;35.7;14.6
86;2021-05-16;778;164;156971;63996;35.9;14.6
86;2021-05-17;3221;1060;160192;65056;36.6;14.9
86;2021-05-18;4307;1665;164499;66721;37.6;15.3
86;2021-05-19;3592;1434;168091;68155;38.4;15.6
86;2021-05-20;4376;1622;172467;69777;39.4;16.0
86;2021-05-21;3438;1773;175905;71550;40.2;16.4
86;2021-05-22;2076;664;177981;72214;40.7;16.5
86;2021-05-23;1439;183;179420;72397;41.0;16.6
86;2021-05-24;1848;203;181268;72600;41.4;16.6
86;2021-05-25;2850;1639;184118;74239;42.1;17.0
86;2021-05-26;2727;1528;186845;75767;42.7;17.3
86;2021-05-27;3546;1851;190391;77618;43.5;17.7
86;2021-05-28;2164;2535;192555;80153;44.0;18.3
86;2021-05-29;1527;1286;194082;81439;44.4;18.6
86;2021-05-30;934;132;195016;81571;44.6;18.6
86;2021-05-31;1922;1820;196938;83391;45.0;19.1
86;2021-06-01;2664;2586;199602;85977;45.6;19.7
86;2021-06-02;2305;2665;201907;88642;46.2;20.3
86;2021-06-03;3337;2415;205244;91057;46.9;20.8
86;2021-06-04;2239;2860;207483;93917;47.4;21.5
86;2021-06-05;1502;1581;208985;95498;47.8;21.8
86;2021-06-06;819;900;209804;96398;48.0;22.0
86;2021-06-07;1118;2465;210922;98863;48.2;22.6
86;2021-06-08;1990;3697;212912;102560;48.7;23.4
86;2021-06-09;1902;3321;214814;105881;49.1;24.2
86;2021-06-10;2352;3241;217166;109122;49.6;24.9
86;2021-06-11;1517;2790;218683;111912;50.0;25.6
86;2021-06-12;746;2244;219429;114156;50.2;26.1
86;2021-06-13;214;1477;219643;115633;50.2;26.4
86;2021-06-14;1159;2903;220802;118536;50.5;27.1
86;2021-06-15;1688;4259;222490;122795;50.9;28.1
86;2021-06-16;1809;3136;224299;125931;51.3;28.8
86;2021-06-17;1777;4446;226076;130377;51.7;29.8
86;2021-06-18;1884;4589;227960;134966;52.1;30.9
86;2021-06-19;636;2101;228596;137067;52.3;31.3
86;2021-06-20;173;1319;228769;138386;52.3;31.6
86;2021-06-21;1106;2237;229875;140623;52.6;32.1
86;2021-06-22;1298;3458;231173;144081;52.9;32.9
86;2021-06-23;1364;2402;232537;146483;53.2;33.5
86;2021-06-24;1590;2725;234127;149208;53.5;34.1
86;2021-06-25;1193;3547;235320;152755;53.8;34.9
86;2021-06-26;391;2652;235711;155407;53.9;35.5
86;2021-06-27;138;1633;235849;157040;53.9;35.9
86;2021-06-28;271;3340;236120;160380;54.0;36.7
86;2021-06-29;858;4606;236978;164986;54.2;37.7
86;2021-06-30;1051;2974;238029;167960;54.4;38.4
86;2021-07-01;1541;3005;239570;170965;54.8;39.1
86;2021-07-02;1109;3644;240679;174609;55.0;39.9
86;2021-07-03;517;2394;241196;177003;55.1;40.5
86;2021-07-04;116;1347;241312;178350;55.2;40.8
86;2021-07-05;470;2832;241782;181182;55.3;41.4
86;2021-07-06;989;4107;242771;185289;55.5;42.4
86;2021-07-07;1261;2628;244032;187917;55.8;43.0
86;2021-07-08;1619;3149;245651;191066;56.2;43.7
86;2021-07-09;1747;3081;247398;194147;56.6;44.4
86;2021-07-10;1304;1954;248702;196101;56.9;44.8
86;2021-07-11;482;839;249184;196940;57.0;45.0
86;2021-07-12;850;2402;250034;199342;57.2;45.6
86;2021-07-13;1781;3366;251815;202708;57.6;46.3
86;2021-07-14;785;1232;252600;203940;57.8;46.6
86;2021-07-15;1886;3291;254486;207231;58.2;47.4
86;2021-07-16;1672;2663;256158;209894;58.6;48.0
86;2021-07-17;1351;1600;257509;211494;58.9;48.4
86;2021-07-18;381;907;257890;212401;59.0;48.6
86;2021-07-19;1377;1888;259267;214289;59.3;49.0
86;2021-07-20;2353;2733;261620;217022;59.8;49.6
86;2021-07-21;2306;2161;263926;219183;60.3;50.1
86;2021-07-22;2904;2797;266830;221980;61.0;50.8
86;2021-07-23;2468;2165;269298;224145;61.6;51.2
86;2021-07-24;1547;1226;270845;225371;61.9;51.5
86;2021-07-25;718;322;271563;225693;62.1;51.6
86;2021-07-26;1588;2104;273151;227797;62.4;52.1
86;2021-07-27;3558;2758;276709;230555;63.3;52.7
86;2021-07-28;3286;2140;279995;232695;64.0;53.2
86;2021-07-29;3265;2545;283260;235240;64.8;53.8
86;2021-07-30;2247;2376;285507;237616;65.3;54.3
86;2021-07-31;1427;1058;286934;238674;65.6;54.6
86;2021-08-01;651;338;287585;239012;65.7;54.6
86;2021-08-02;1941;1680;289526;240692;66.2;55.0
86;2021-08-03;3289;1991;292815;242683;66.9;55.5
86;2021-08-04;2738;1786;295553;244469;67.6;55.9
86;2021-08-05;3569;2057;299122;246526;68.4;56.4
86;2021-08-06;2396;1761;301518;248287;68.9;56.8
86;2021-08-07;1576;997;303094;249284;69.3;57.0
86;2021-08-08;953;552;304047;249836;69.5;57.1
86;2021-08-09;1883;1303;305930;251139;69.9;57.4
86;2021-08-10;2682;1782;308612;252921;70.6;57.8
86;2021-08-11;2361;1438;310973;254359;71.1;58.2
86;2021-08-12;2484;1831;313457;256190;71.7;58.6
86;2021-08-13;1836;1490;315293;257680;72.1;58.9
86;2021-08-14;1331;1153;316624;258833;72.4;59.2
86;2021-08-15;562;622;317186;259455;72.5;59.3
86;2021-08-16;1146;1788;318332;261243;72.8;59.7
86;2021-08-17;1556;2219;319888;263462;73.1;60.2
86;2021-08-18;1258;1859;321146;265321;73.4;60.7
86;2021-08-19;1498;2633;322644;267954;73.8;61.3
86;2021-08-20;1254;2609;323898;270563;74.1;61.9
86;2021-08-21;884;2007;324782;272570;74.3;62.3
86;2021-08-22;350;722;325132;273292;74.3;62.5
86;2021-08-23;722;1821;325854;275113;74.5;62.9
86;2021-08-24;1076;2752;326930;277865;74.7;63.5
86;2021-08-25;931;2067;327861;279932;75.0;64.0
86;2021-08-26;912;2813;328773;282745;75.2;64.6
86;2021-08-27;863;2172;329636;284917;75.4;65.1
86;2021-08-28;548;1773;330184;286690;75.5;65.5
86;2021-08-29;112;827;330296;287517;75.5;65.7
86;2021-08-30;684;2121;330980;289638;75.7;66.2
86;2021-08-31;957;3204;331937;292842;75.9;67.0
86;2021-09-01;569;2748;332506;295590;76.0;67.6
86;2021-09-02;745;2821;333251;298411;76.2;68.2
86;2021-09-03;751;2401;334002;300812;76.4;68.8
86;2021-09-04;365;2216;334367;303028;76.4;69.3
86;2021-09-05;27;918;334394;303946;76.5;69.5
86;2021-09-06;356;1753;334750;305699;76.5;69.9
86;2021-09-07;509;2200;335259;307899;76.6;70.4
86;2021-09-08;557;2387;335816;310286;76.8;70.9
87;2020-12-27;0;0;0;0;0.0;0.0
87;2020-12-28;1;0;1;0;0.0;0.0
87;2020-12-29;0;0;1;0;0.0;0.0
87;2020-12-30;0;0;1;0;0.0;0.0
87;2020-12-31;0;0;1;0;0.0;0.0
87;2021-01-01;0;0;1;0;0.0;0.0
87;2021-01-02;0;0;1;0;0.0;0.0
87;2021-01-03;0;0;1;0;0.0;0.0
87;2021-01-04;1;0;2;0;0.0;0.0
87;2021-01-05;1;0;3;0;0.0;0.0
87;2021-01-06;10;0;13;0;0.0;0.0
87;2021-01-07;301;0;314;0;0.1;0.0
87;2021-01-08;407;0;721;0;0.2;0.0
87;2021-01-09;64;0;785;0;0.2;0.0
87;2021-01-10;35;0;820;0;0.2;0.0
87;2021-01-11;424;0;1244;0;0.3;0.0
87;2021-01-12;653;0;1897;0;0.5;0.0
87;2021-01-13;660;3;2557;3;0.7;0.0
87;2021-01-14;517;10;3074;13;0.8;0.0
87;2021-01-15;533;3;3607;16;1.0;0.0
87;2021-01-16;204;1;3811;17;1.0;0.0
87;2021-01-17;1;0;3812;17;1.0;0.0
87;2021-01-18;646;5;4458;22;1.2;0.0
87;2021-01-19;656;1;5114;23;1.4;0.0
87;2021-01-20;674;3;5788;26;1.6;0.0
87;2021-01-21;717;0;6505;26;1.8;0.0
87;2021-01-22;758;4;7263;30;2.0;0.0
87;2021-01-23;286;0;7549;30;2.0;0.0
87;2021-01-24;0;0;7549;30;2.0;0.0
87;2021-01-25;620;10;8169;40;2.2;0.0
87;2021-01-26;570;49;8739;89;2.4;0.0
87;2021-01-27;572;38;9311;127;2.5;0.0
87;2021-01-28;857;94;10168;221;2.7;0.1
87;2021-01-29;740;260;10908;481;2.9;0.1
87;2021-01-30;327;68;11235;549;3.0;0.1
87;2021-01-31;34;71;11269;620;3.0;0.2
87;2021-02-01;413;288;11682;908;3.2;0.2
87;2021-02-02;453;442;12135;1350;3.3;0.4
87;2021-02-03;540;408;12675;1758;3.4;0.5
87;2021-02-04;613;572;13288;2330;3.6;0.6
87;2021-02-05;342;358;13630;2688;3.7;0.7
87;2021-02-06;55;139;13685;2827;3.7;0.8
87;2021-02-07;20;0;13705;2827;3.7;0.8
87;2021-02-08;245;401;13950;3228;3.8;0.9
87;2021-02-09;219;484;14169;3712;3.8;1.0
87;2021-02-10;262;543;14431;4255;3.9;1.1
87;2021-02-11;286;469;14717;4724;4.0;1.3
87;2021-02-12;287;442;15004;5166;4.0;1.4
87;2021-02-13;25;148;15029;5314;4.1;1.4
87;2021-02-14;0;3;15029;5317;4.1;1.4
87;2021-02-15;237;332;15266;5649;4.1;1.5
87;2021-02-16;330;260;15596;5909;4.2;1.6
87;2021-02-17;330;323;15926;6232;4.3;1.7
87;2021-02-18;478;580;16404;6812;4.4;1.8
87;2021-02-19;404;446;16808;7258;4.5;2.0
87;2021-02-20;123;158;16931;7416;4.6;2.0
87;2021-02-21;2;9;16933;7425;4.6;2.0
87;2021-02-22;440;493;17373;7918;4.7;2.1
87;2021-02-23;557;575;17930;8493;4.8;2.3
87;2021-02-24;451;541;18381;9034;5.0;2.4
87;2021-02-25;790;632;19171;9666;5.2;2.6
87;2021-02-26;841;432;20012;10098;5.4;2.7
87;2021-02-27;405;164;20417;10262;5.5;2.8
87;2021-02-28;3;0;20420;10262;5.5;2.8
87;2021-03-01;518;327;20938;10589;5.6;2.9
87;2021-03-02;1031;347;21969;10936;5.9;2.9
87;2021-03-03;1174;318;23143;11254;6.2;3.0
87;2021-03-04;1406;325;24549;11579;6.6;3.1
87;2021-03-05;1770;258;26319;11837;7.1;3.2
87;2021-03-06;1048;38;27367;11875;7.4;3.2
87;2021-03-07;257;6;27624;11881;7.5;3.2
87;2021-03-08;864;240;28488;12121;7.7;3.3
87;2021-03-09;1288;227;29776;12348;8.0;3.3
87;2021-03-10;1299;230;31075;12578;8.4;3.4
87;2021-03-11;1754;250;32829;12828;8.9;3.5
87;2021-03-12;2129;286;34958;13114;9.4;3.5
87;2021-03-13;1308;22;36266;13136;9.8;3.5
87;2021-03-14;80;1;36346;13137;9.8;3.5
87;2021-03-15;989;355;37335;13492;10.1;3.6
87;2021-03-16;1061;242;38396;13734;10.4;3.7
87;2021-03-17;1070;218;39466;13952;10.6;3.8
87;2021-03-18;1185;342;40651;14294;11.0;3.9
87;2021-03-19;1683;279;42334;14573;11.4;3.9
87;2021-03-20;925;85;43259;14658;11.7;4.0
87;2021-03-21;32;0;43291;14658;11.7;4.0
87;2021-03-22;1049;378;44340;15036;12.0;4.1
87;2021-03-23;1386;430;45726;15466;12.3;4.2
87;2021-03-24;1508;368;47234;15834;12.7;4.3
87;2021-03-25;2500;395;49734;16229;13.4;4.4
87;2021-03-26;2533;454;52267;16683;14.1;4.5
87;2021-03-27;891;123;53158;16806;14.3;4.5
87;2021-03-28;269;18;53427;16824;14.4;4.5
87;2021-03-29;1118;415;54545;17239;14.7;4.6
87;2021-03-30;1908;661;56453;17900;15.2;4.8
87;2021-03-31;1660;692;58113;18592;15.7;5.0
87;2021-04-01;2240;572;60353;19164;16.3;5.2
87;2021-04-02;1843;632;62196;19796;16.8;5.3
87;2021-04-03;455;266;62651;20062;16.9;5.4
87;2021-04-04;2;0;62653;20062;16.9;5.4
87;2021-04-05;82;1;62735;20063;16.9;5.4
87;2021-04-06;1000;903;63735;20966;17.2;5.7
87;2021-04-07;1487;925;65222;21891;17.6;5.9
87;2021-04-08;1785;1033;67007;22924;18.1;6.2
87;2021-04-09;2647;740;69654;23664;18.8;6.4
87;2021-04-10;1190;306;70844;23970;19.1;6.5
87;2021-04-11;69;0;70913;23970;19.1;6.5
87;2021-04-12;1619;826;72532;24796;19.6;6.7
87;2021-04-13;2289;1062;74821;25858;20.2;7.0
87;2021-04-14;2530;1186;77351;27044;20.9;7.3
87;2021-04-15;2224;1076;79575;28120;21.5;7.6
87;2021-04-16;2736;1071;82311;29191;22.2;7.9
87;2021-04-17;731;388;83042;29579;22.4;8.0
87;2021-04-18;111;141;83153;29720;22.4;8.0
87;2021-04-19;1659;838;84812;30558;22.9;8.2
87;2021-04-20;2085;882;86897;31440;23.4;8.5
87;2021-04-21;2296;992;89193;32432;24.1;8.7
87;2021-04-22;2565;1162;91758;33594;24.7;9.1
87;2021-04-23;1997;1183;93755;34777;25.3;9.4
87;2021-04-24;825;621;94580;35398;25.5;9.5
87;2021-04-25;64;103;94644;35501;25.5;9.6
87;2021-04-26;1356;911;96000;36412;25.9;9.8
87;2021-04-27;2399;1201;98399;37613;26.5;10.1
87;2021-04-28;3867;1434;102266;39047;27.6;10.5
87;2021-04-29;3077;1832;105343;40879;28.4;11.0
87;2021-04-30;3174;1358;108517;42237;29.3;11.4
87;2021-05-01;614;59;109131;42296;29.4;11.4
87;2021-05-02;361;5;109492;42301;29.5;11.4
87;2021-05-03;2322;940;111814;43241;30.2;11.7
87;2021-05-04;2906;1069;114720;44310;30.9;12.0
87;2021-05-05;2989;1505;117709;45815;31.7;12.4
87;2021-05-06;2531;1713;120240;47528;32.4;12.8
87;2021-05-07;2945;1716;123185;49244;33.2;13.3
87;2021-05-08;772;294;123957;49538;33.4;13.4
87;2021-05-09;18;133;123975;49671;33.4;13.4
87;2021-05-10;1938;1591;125913;51262;34.0;13.8
87;2021-05-11;2467;1906;128380;53168;34.6;14.3
87;2021-05-12;2624;2065;131004;55233;35.3;14.9
87;2021-05-13;1085;292;132089;55525;35.6;15.0
87;2021-05-14;2244;1772;134333;57297;36.2;15.5
87;2021-05-15;950;409;135283;57706;36.5;15.6
87;2021-05-16;141;74;135424;57780;36.5;15.6
87;2021-05-17;1628;1763;137052;59543;37.0;16.1
87;2021-05-18;2634;1815;139686;61358;37.7;16.5
87;2021-05-19;2822;1553;142508;62911;38.4;17.0
87;2021-05-20;3303;1724;145811;64635;39.3;17.4
87;2021-05-21;2765;1841;148576;66476;40.1;17.9
87;2021-05-22;1458;628;150034;67104;40.5;18.1
87;2021-05-23;211;92;150245;67196;40.5;18.1
87;2021-05-24;1055;141;151300;67337;40.8;18.2
87;2021-05-25;2117;1809;153417;69146;41.4;18.6
87;2021-05-26;3221;2476;156638;71622;42.2;19.3
87;2021-05-27;3022;2356;159660;73978;43.1;20.0
87;2021-05-28;2674;2521;162334;76499;43.8;20.6
87;2021-05-29;1061;1312;163395;77811;44.1;21.0
87;2021-05-30;258;60;163653;77871;44.1;21.0
87;2021-05-31;2287;1356;165940;79227;44.8;21.4
87;2021-06-01;2548;1860;168488;81087;45.4;21.9
87;2021-06-02;2524;1853;171012;82940;46.1;22.4
87;2021-06-03;3212;2527;174224;85467;47.0;23.1
87;2021-06-04;2839;2062;177063;87529;47.8;23.6
87;2021-06-05;1311;575;178374;88104;48.1;23.8
87;2021-06-06;262;95;178636;88199;48.2;23.8
87;2021-06-07;2101;1900;180737;90099;48.7;24.3
87;2021-06-08;2961;2600;183698;92699;49.5;25.0
87;2021-06-09;2305;2812;186003;95511;50.2;25.8
87;2021-06-10;2974;2554;188977;98065;51.0;26.4
87;2021-06-11;2364;3067;191341;101132;51.6;27.3
87;2021-06-12;1220;1102;192561;102234;51.9;27.6
87;2021-06-13;293;484;192854;102718;52.0;27.7
87;2021-06-14;980;2729;193834;105447;52.3;28.4
87;2021-06-15;1361;3319;195195;108766;52.6;29.3
87;2021-06-16;1650;3424;196845;112190;53.1;30.3
87;2021-06-17;2439;2316;199284;114506;53.7;30.9
87;2021-06-18;1790;3014;201074;117520;54.2;31.7
87;2021-06-19;1047;1177;202121;118697;54.5;32.0
87;2021-06-20;205;206;202326;118903;54.6;32.1
87;2021-06-21;1041;2643;203367;121546;54.8;32.8
87;2021-06-22;1029;2882;204396;124428;55.1;33.6
87;2021-06-23;1257;3081;205653;127509;55.5;34.4
87;2021-06-24;1620;2559;207273;130068;55.9;35.1
87;2021-06-25;1450;2709;208723;132777;56.3;35.8
87;2021-06-26;529;1201;209252;133978;56.4;36.1
87;2021-06-27;26;212;209278;134190;56.4;36.2
87;2021-06-28;717;2574;209995;136764;56.6;36.9
87;2021-06-29;1156;3414;211151;140178;56.9;37.8
87;2021-06-30;1125;2651;212276;142829;57.3;38.5
87;2021-07-01;1482;2549;213758;145378;57.7;39.2
87;2021-07-02;1200;3462;214958;148840;58.0;40.1
87;2021-07-03;414;1512;215372;150352;58.1;40.6
87;2021-07-04;24;384;215396;150736;58.1;40.7
87;2021-07-05;686;2392;216082;153128;58.3;41.3
87;2021-07-06;583;3221;216665;156349;58.4;42.2
87;2021-07-07;864;3344;217529;159693;58.7;43.1
87;2021-07-08;1119;3671;218648;163364;59.0;44.1
87;2021-07-09;1112;3701;219760;167065;59.3;45.1
87;2021-07-10;290;1361;220050;168426;59.3;45.4
87;2021-07-11;49;284;220099;168710;59.4;45.5
87;2021-07-12;559;3191;220658;171901;59.5;46.4
87;2021-07-13;833;3512;221491;175413;59.7;47.3
87;2021-07-14;518;538;222009;175951;59.9;47.5
87;2021-07-15;1361;3459;223370;179410;60.2;48.4
87;2021-07-16;1732;3600;225102;183010;60.7;49.4
87;2021-07-17;655;1373;225757;184383;60.9;49.7
87;2021-07-18;81;285;225838;184668;60.9;49.8
87;2021-07-19;1434;3401;227272;188069;61.3;50.7
87;2021-07-20;1806;3593;229078;191662;61.8;51.7
87;2021-07-21;1452;3150;230530;194812;62.2;52.5
87;2021-07-22;1878;3250;232408;198062;62.7;53.4
87;2021-07-23;1875;3171;234283;201233;63.2;54.3
87;2021-07-24;817;1285;235100;202518;63.4;54.6
87;2021-07-25;106;241;235206;202759;63.4;54.7
87;2021-07-26;1542;2328;236748;205087;63.9;55.3
87;2021-07-27;2556;2061;239304;207148;64.5;55.9
87;2021-07-28;2390;2006;241694;209154;65.2;56.4
87;2021-07-29;3010;1998;244704;211152;66.0;56.9
87;2021-07-30;2544;2078;247248;213230;66.7;57.5
87;2021-07-31;1105;837;248353;214067;67.0;57.7
87;2021-08-01;284;151;248637;214218;67.1;57.8
87;2021-08-02;2117;1516;250754;215734;67.6;58.2
87;2021-08-03;2494;1332;253248;217066;68.3;58.5
87;2021-08-04;2315;1063;255563;218129;68.9;58.8
87;2021-08-05;2528;1409;258091;219538;69.6;59.2
87;2021-08-06;2140;1659;260231;221197;70.2;59.7
87;2021-08-07;1109;782;261340;221979;70.5;59.9
87;2021-08-08;208;123;261548;222102;70.5;59.9
87;2021-08-09;1819;1528;263367;223630;71.0;60.3
87;2021-08-10;2199;1535;265566;225165;71.6;60.7
87;2021-08-11;1913;1274;267479;226439;72.1;61.1
87;2021-08-12;2099;1482;269578;227921;72.7;61.5
87;2021-08-13;1723;1622;271301;229543;73.2;61.9
87;2021-08-14;672;733;271973;230276;73.4;62.1
87;2021-08-15;72;104;272045;230380;73.4;62.1
87;2021-08-16;1503;1746;273548;232126;73.8;62.6
87;2021-08-17;1347;1666;274895;233792;74.1;63.1
87;2021-08-18;1243;1997;276138;235789;74.5;63.6
87;2021-08-19;1219;1797;277357;237586;74.8;64.1
87;2021-08-20;913;2203;278270;239789;75.1;64.7
87;2021-08-21;317;965;278587;240754;75.1;64.9
87;2021-08-22;92;235;278679;240989;75.2;65.0
87;2021-08-23;742;2390;279421;243379;75.4;65.6
87;2021-08-24;762;2134;280183;245513;75.6;66.2
87;2021-08-25;707;2062;280890;247575;75.8;66.8
87;2021-08-26;855;2155;281745;249730;76.0;67.4
87;2021-08-27;780;2664;282525;252394;76.2;68.1
87;2021-08-28;323;1295;282848;253689;76.3;68.4
87;2021-08-29;65;244;282913;253933;76.3;68.5
87;2021-08-30;471;2212;283384;256145;76.4;69.1
87;2021-08-31;606;1932;283990;258077;76.6;69.6
87;2021-09-01;743;2468;284733;260545;76.8;70.3
87;2021-09-02;551;2340;285284;262885;76.9;70.9
87;2021-09-03;644;2482;285928;265367;77.1;71.6
87;2021-09-04;274;1129;286202;266496;77.2;71.9
87;2021-09-05;2;7;286204;266503;77.2;71.9
87;2021-09-06;394;1986;286598;268489;77.3;72.4
87;2021-09-07;381;1504;286979;269993;77.4;72.8
87;2021-09-08;450;1739;287429;271732;77.5;73.3
88;2020-12-27;0;0;0;0;0.0;0.0
88;2020-12-28;0;0;0;0;0.0;0.0
88;2020-12-29;0;0;0;0;0.0;0.0
88;2020-12-30;0;0;0;0;0.0;0.0
88;2020-12-31;0;0;0;0;0.0;0.0
88;2021-01-01;2;0;2;0;0.0;0.0
88;2021-01-02;0;0;2;0;0.0;0.0
88;2021-01-03;0;0;2;0;0.0;0.0
88;2021-01-04;0;0;2;0;0.0;0.0
88;2021-01-05;1;0;3;0;0.0;0.0
88;2021-01-06;3;0;6;0;0.0;0.0
88;2021-01-07;71;1;77;1;0.0;0.0
88;2021-01-08;189;2;266;3;0.1;0.0
88;2021-01-09;190;2;456;5;0.1;0.0
88;2021-01-10;0;0;456;5;0.1;0.0
88;2021-01-11;227;0;683;5;0.2;0.0
88;2021-01-12;422;0;1105;5;0.3;0.0
88;2021-01-13;491;2;1596;7;0.4;0.0
88;2021-01-14;347;2;1943;9;0.5;0.0
88;2021-01-15;380;2;2323;11;0.6;0.0
88;2021-01-16;62;0;2385;11;0.7;0.0
88;2021-01-17;1;0;2386;11;0.7;0.0
88;2021-01-18;461;0;2847;11;0.8;0.0
88;2021-01-19;451;0;3298;11;0.9;0.0
88;2021-01-20;460;1;3758;12;1.0;0.0
88;2021-01-21;1545;5;5303;17;1.5;0.0
88;2021-01-22;1181;2;6484;19;1.8;0.0
88;2021-01-23;284;0;6768;19;1.9;0.0
88;2021-01-24;298;2;7066;21;2.0;0.0
88;2021-01-25;938;4;8004;25;2.2;0.0
88;2021-01-26;388;5;8392;30;2.3;0.0
88;2021-01-27;4;0;8396;30;2.3;0.0
88;2021-01-28;162;37;8558;67;2.4;0.0
88;2021-01-29;526;154;9084;221;2.5;0.1
88;2021-01-30;288;124;9372;345;2.6;0.1
88;2021-01-31;0;0;9372;345;2.6;0.1
88;2021-02-01;406;271;9778;616;2.7;0.2
88;2021-02-02;333;357;10111;973;2.8;0.3
88;2021-02-03;437;230;10548;1203;2.9;0.3
88;2021-02-04;315;218;10863;1421;3.0;0.4
88;2021-02-05;457;241;11320;1662;3.1;0.5
88;2021-02-06;110;49;11430;1711;3.2;0.5
88;2021-02-07;0;0;11430;1711;3.2;0.5
88;2021-02-08;360;169;11790;1880;3.3;0.5
88;2021-02-09;291;259;12081;2139;3.4;0.6
88;2021-02-10;416;310;12497;2449;3.5;0.7
88;2021-02-11;851;1061;13348;3510;3.7;1.0
88;2021-02-12;937;681;14285;4191;4.0;1.2
88;2021-02-13;162;205;14447;4396;4.0;1.2
88;2021-02-14;81;216;14528;4612;4.0;1.3
88;2021-02-15;641;1020;15169;5632;4.2;1.6
88;2021-02-16;472;669;15641;6301;4.4;1.8
88;2021-02-17;456;373;16097;6674;4.5;1.9
88;2021-02-18;516;339;16613;7013;4.6;2.0
88;2021-02-19;536;423;17149;7436;4.8;2.1
88;2021-02-20;156;95;17305;7531;4.8;2.1
88;2021-02-21;1;25;17306;7556;4.8;2.1
88;2021-02-22;425;308;17731;7864;4.9;2.2
88;2021-02-23;403;193;18134;8057;5.0;2.2
88;2021-02-24;506;193;18640;8250;5.2;2.3
88;2021-02-25;675;253;19315;8503;5.4;2.4
88;2021-02-26;863;247;20178;8750;5.6;2.4
88;2021-02-27;269;32;20447;8782;5.7;2.4
88;2021-02-28;30;1;20477;8783;5.7;2.4
88;2021-03-01;359;418;20836;9201;5.8;2.6
88;2021-03-02;431;424;21267;9625;5.9;2.7
88;2021-03-03;650;427;21917;10052;6.1;2.8
88;2021-03-04;1039;716;22956;10768;6.4;3.0
88;2021-03-05;934;677;23890;11445;6.6;3.2
88;2021-03-06;1874;117;25764;11562;7.2;3.2
88;2021-03-07;1060;79;26824;11641;7.5;3.2
88;2021-03-08;727;674;27551;12315;7.7;3.4
88;2021-03-09;1094;525;28645;12840;8.0;3.6
88;2021-03-10;1084;491;29729;13331;8.3;3.7
88;2021-03-11;1441;399;31170;13730;8.7;3.8
88;2021-03-12;1309;484;32479;14214;9.0;4.0
88;2021-03-13;1210;128;33689;14342;9.4;4.0
88;2021-03-14;166;5;33855;14347;9.4;4.0
88;2021-03-15;929;443;34784;14790;9.7;4.1
88;2021-03-16;1024;344;35808;15134;10.0;4.2
88;2021-03-17;905;422;36713;15556;10.2;4.3
88;2021-03-18;1303;399;38016;15955;10.6;4.4
88;2021-03-19;1465;504;39481;16459;11.0;4.6
88;2021-03-20;1319;55;40800;16514;11.3;4.6
88;2021-03-21;37;0;40837;16514;11.4;4.6
88;2021-03-22;1232;543;42069;17057;11.7;4.7
88;2021-03-23;1780;442;43849;17499;12.2;4.9
88;2021-03-24;1876;471;45725;17970;12.7;5.0
88;2021-03-25;2499;493;48224;18463;13.4;5.1
88;2021-03-26;2480;456;50704;18919;14.1;5.3
88;2021-03-27;883;298;51587;19217;14.3;5.3
88;2021-03-28;61;3;51648;19220;14.4;5.3
88;2021-03-29;1305;446;52953;19666;14.7;5.5
88;2021-03-30;2062;393;55015;20059;15.3;5.6
88;2021-03-31;1619;576;56634;20635;15.8;5.7
88;2021-04-01;2118;718;58752;21353;16.3;5.9
88;2021-04-02;2816;648;61568;22001;17.1;6.1
88;2021-04-03;745;215;62313;22216;17.3;6.2
88;2021-04-04;16;1;62329;22217;17.3;6.2
88;2021-04-05;23;2;62352;22219;17.3;6.2
88;2021-04-06;1140;679;63492;22898;17.7;6.4
88;2021-04-07;1600;715;65092;23613;18.1;6.6
88;2021-04-08;1858;788;66950;24401;18.6;6.8
88;2021-04-09;3080;742;70030;25143;19.5;7.0
88;2021-04-10;724;650;70754;25793;19.7;7.2
88;2021-04-11;33;1;70787;25794;19.7;7.2
88;2021-04-12;1538;986;72325;26780;20.1;7.4
88;2021-04-13;2037;1092;74362;27872;20.7;7.8
88;2021-04-14;1911;950;76273;28822;21.2;8.0
88;2021-04-15;1967;1244;78240;30066;21.8;8.4
88;2021-04-16;2109;1049;80349;31115;22.3;8.7
88;2021-04-17;1429;765;81778;31880;22.7;8.9
88;2021-04-18;268;23;82046;31903;22.8;8.9
88;2021-04-19;1173;1237;83219;33140;23.1;9.2
88;2021-04-20;1190;1398;84409;34538;23.5;9.6
88;2021-04-21;1503;1295;85912;35833;23.9;10.0
88;2021-04-22;1899;1634;87811;37467;24.4;10.4
88;2021-04-23;1825;2047;89636;39514;24.9;11.0
88;2021-04-24;1185;783;90821;40297;25.3;11.2
88;2021-04-25;34;2;90855;40299;25.3;11.2
88;2021-04-26;1181;1173;92036;41472;25.6;11.5
88;2021-04-27;1278;1728;93314;43200;26.0;12.0
88;2021-04-28;1634;1495;94948;44695;26.4;12.4
88;2021-04-29;2082;1465;97030;46160;27.0;12.8
88;2021-04-30;2451;1629;99481;47789;27.7;13.3
88;2021-05-01;2008;287;101489;48076;28.2;13.4
88;2021-05-02;1301;120;102790;48196;28.6;13.4
88;2021-05-03;1558;1218;104348;49414;29.0;13.7
88;2021-05-04;1444;1467;105792;50881;29.4;14.2
88;2021-05-05;2427;1599;108219;52480;30.1;14.6
88;2021-05-06;3210;1204;111429;53684;31.0;14.9
88;2021-05-07;2938;1349;114367;55033;31.8;15.3
88;2021-05-08;1533;469;115900;55502;32.2;15.4
88;2021-05-09;1734;159;117634;55661;32.7;15.5
88;2021-05-10;1764;1571;119398;57232;33.2;15.9
88;2021-05-11;2657;1910;122055;59142;33.9;16.5
88;2021-05-12;2531;1853;124586;60995;34.7;17.0
88;2021-05-13;3258;681;127844;61676;35.6;17.2
88;2021-05-14;2501;1539;130345;63215;36.3;17.6
88;2021-05-15;1625;743;131970;63958;36.7;17.8
88;2021-05-16;1333;103;133303;64061;37.1;17.8
88;2021-05-17;1988;946;135291;65007;37.6;18.1
88;2021-05-18;2256;1115;137547;66122;38.3;18.4
88;2021-05-19;2722;1149;140269;67271;39.0;18.7
88;2021-05-20;3347;1239;143616;68510;39.9;19.1
88;2021-05-21;2876;1149;146492;69659;40.7;19.4
88;2021-05-22;1432;713;147924;70372;41.1;19.6
88;2021-05-23;558;74;148482;70446;41.3;19.6
88;2021-05-24;1675;434;150157;70880;41.8;19.7
88;2021-05-25;1648;1174;151805;72054;42.2;20.0
88;2021-05-26;2368;1140;154173;73194;42.9;20.4
88;2021-05-27;2201;1364;156374;74558;43.5;20.7
88;2021-05-28;1891;1981;158265;76539;44.0;21.3
88;2021-05-29;1230;1754;159495;78293;44.4;21.8
88;2021-05-30;587;418;160082;78711;44.5;21.9
88;2021-05-31;1327;1851;161409;80562;44.9;22.4
88;2021-06-01;1720;1986;163129;82548;45.4;23.0
88;2021-06-02;2076;1872;165205;84420;46.0;23.5
88;2021-06-03;2739;1618;167944;86038;46.7;23.9
88;2021-06-04;2043;1935;169987;87973;47.3;24.5
88;2021-06-05;1531;1139;171518;89112;47.7;24.8
88;2021-06-06;693;156;172211;89268;47.9;24.8
88;2021-06-07;1292;1710;173503;90978;48.3;25.3
88;2021-06-08;1666;1935;175169;92913;48.7;25.8
88;2021-06-09;1618;1908;176787;94821;49.2;26.4
88;2021-06-10;1781;2046;178568;96867;49.7;26.9
88;2021-06-11;1549;2216;180117;99083;50.1;27.6
88;2021-06-12;669;1657;180786;100740;50.3;28.0
88;2021-06-13;464;377;181250;101117;50.4;28.1
88;2021-06-14;1030;2249;182280;103366;50.7;28.8
88;2021-06-15;1929;2460;184209;105826;51.2;29.4
88;2021-06-16;1486;2872;185695;108698;51.7;30.2
88;2021-06-17;1599;2732;187294;111430;52.1;31.0
88;2021-06-18;1356;2461;188650;113891;52.5;31.7
88;2021-06-19;701;1090;189351;114981;52.7;32.0
88;2021-06-20;78;79;189429;115060;52.7;32.0
88;2021-06-21;672;2581;190101;117641;52.9;32.7
88;2021-06-22;869;3433;190970;121074;53.1;33.7
88;2021-06-23;1144;2877;192114;123951;53.4;34.5
88;2021-06-24;703;2604;192817;126555;53.6;35.2
88;2021-06-25;1436;3180;194253;129735;54.0;36.1
88;2021-06-26;903;2072;195156;131807;54.3;36.7
88;2021-06-27;543;635;195699;132442;54.4;36.8
88;2021-06-28;760;2516;196459;134958;54.6;37.5
88;2021-06-29;961;3355;197420;138313;54.9;38.5
88;2021-06-30;1136;3116;198556;141429;55.2;39.3
88;2021-07-01;1056;2686;199612;144115;55.5;40.1
88;2021-07-02;992;3150;200604;147265;55.8;41.0
88;2021-07-03;694;1699;201298;148964;56.0;41.4
88;2021-07-04;258;815;201556;149779;56.1;41.7
88;2021-07-05;993;2021;202549;151800;56.3;42.2
88;2021-07-06;1020;2416;203569;154216;56.6;42.9
88;2021-07-07;1179;2588;204748;156804;57.0;43.6
88;2021-07-08;1085;2064;205833;158868;57.3;44.2
88;2021-07-09;1583;2705;207416;161573;57.7;44.9
88;2021-07-10;723;1817;208139;163390;57.9;45.4
88;2021-07-11;468;696;208607;164086;58.0;45.6
88;2021-07-12;1055;2521;209662;166607;58.3;46.3
88;2021-07-13;1313;2654;210975;169261;58.7;47.1
88;2021-07-14;1206;801;212181;170062;59.0;47.3
88;2021-07-15;1744;3315;213925;173377;59.5;48.2
88;2021-07-16;1470;2964;215395;176341;59.9;49.0
88;2021-07-17;802;1588;216197;177929;60.1;49.5
88;2021-07-18;180;679;216377;178608;60.2;49.7
88;2021-07-19;1563;2231;217940;180839;60.6;50.3
88;2021-07-20;2143;2388;220083;183227;61.2;51.0
88;2021-07-21;1938;2218;222021;185445;61.8;51.6
88;2021-07-22;1699;2110;223720;187555;62.2;52.2
88;2021-07-23;2509;2784;226229;190339;62.9;52.9
88;2021-07-24;1059;1186;227288;191525;63.2;53.3
88;2021-07-25;432;608;227720;192133;63.3;53.4
88;2021-07-26;1715;2074;229435;194207;63.8;54.0
88;2021-07-27;2351;2060;231786;196267;64.5;54.6
88;2021-07-28;2212;2249;233998;198516;65.1;55.2
88;2021-07-29;3032;1634;237030;200150;65.9;55.7
88;2021-07-30;2273;2296;239303;202446;66.6;56.3
88;2021-07-31;1106;1037;240409;203483;66.9;56.6
88;2021-08-01;448;461;240857;203944;67.0;56.7
88;2021-08-02;2376;1768;243233;205712;67.7;57.2
88;2021-08-03;2875;1591;246108;207303;68.5;57.7
88;2021-08-04;2517;1528;248625;208831;69.2;58.1
88;2021-08-05;1995;1378;250620;210209;69.7;58.5
88;2021-08-06;2929;2012;253549;212221;70.5;59.0
88;2021-08-07;1173;912;254722;213133;70.9;59.3
88;2021-08-08;750;320;255472;213453;71.1;59.4
88;2021-08-09;1549;1650;257021;215103;71.5;59.8
88;2021-08-10;1938;2055;258959;217158;72.0;60.4
88;2021-08-11;1866;1750;260825;218908;72.5;60.9
88;2021-08-12;1664;1348;262489;220256;73.0;61.3
88;2021-08-13;1942;2128;264431;222384;73.6;61.9
88;2021-08-14;578;911;265009;223295;73.7;62.1
88;2021-08-15;336;521;265345;223816;73.8;62.3
88;2021-08-16;1149;1987;266494;225803;74.1;62.8
88;2021-08-17;1268;2056;267762;227859;74.5;63.4
88;2021-08-18;1204;1925;268966;229784;74.8;63.9
88;2021-08-19;1037;1582;270003;231366;75.1;64.4
88;2021-08-20;1014;2330;271017;233696;75.4;65.0
88;2021-08-21;402;1142;271419;234838;75.5;65.3
88;2021-08-22;100;479;271519;235317;75.5;65.5
88;2021-08-23;730;1641;272249;236958;75.7;65.9
88;2021-08-24;914;1973;273163;238931;76.0;66.5
88;2021-08-25;889;2458;274052;241389;76.2;67.1
88;2021-08-26;863;2047;274915;243436;76.5;67.7
88;2021-08-27;844;2710;275759;246146;76.7;68.5
88;2021-08-28;485;1351;276244;247497;76.8;68.8
88;2021-08-29;130;694;276374;248191;76.9;69.0
88;2021-08-30;697;2383;277071;250574;77.1;69.7
88;2021-08-31;779;2374;277850;252948;77.3;70.4
88;2021-09-01;680;2072;278530;255020;77.5;70.9
88;2021-09-02;659;1742;279189;256762;77.7;71.4
88;2021-09-03;727;2259;279916;259021;77.9;72.0
88;2021-09-04;416;1155;280332;260176;78.0;72.4
88;2021-09-05;187;424;280519;260600;78.0;72.5
88;2021-09-06;505;1358;281024;261958;78.2;72.9
88;2021-09-07;566;1406;281590;263364;78.3;73.3
88;2021-09-08;441;1490;282031;264854;78.4;73.7
89;2020-12-27;0;0;0;0;0.0;0.0
89;2020-12-28;1;0;1;0;0.0;0.0
89;2020-12-29;0;0;1;0;0.0;0.0
89;2020-12-30;0;0;1;0;0.0;0.0
89;2020-12-31;0;0;1;0;0.0;0.0
89;2021-01-01;0;0;1;0;0.0;0.0
89;2021-01-02;0;0;1;0;0.0;0.0
89;2021-01-03;0;0;1;0;0.0;0.0
89;2021-01-04;0;0;1;0;0.0;0.0
89;2021-01-05;0;0;1;0;0.0;0.0
89;2021-01-06;48;0;49;0;0.0;0.0
89;2021-01-07;201;0;250;0;0.1;0.0
89;2021-01-08;48;0;298;0;0.1;0.0
89;2021-01-09;1;0;299;0;0.1;0.0
89;2021-01-10;0;0;299;0;0.1;0.0
89;2021-01-11;221;0;520;0;0.2;0.0
89;2021-01-12;349;0;869;0;0.3;0.0
89;2021-01-13;533;3;1402;3;0.4;0.0
89;2021-01-14;711;7;2113;10;0.6;0.0
89;2021-01-15;275;2;2388;12;0.7;0.0
89;2021-01-16;90;3;2478;15;0.7;0.0
89;2021-01-17;0;0;2478;15;0.7;0.0
89;2021-01-18;503;1;2981;16;0.9;0.0
89;2021-01-19;841;3;3822;19;1.2;0.0
89;2021-01-20;760;0;4582;19;1.4;0.0
89;2021-01-21;939;4;5521;23;1.7;0.0
89;2021-01-22;1021;1;6542;24;2.0;0.0
89;2021-01-23;200;0;6742;24;2.0;0.0
89;2021-01-24;107;0;6849;24;2.1;0.0
89;2021-01-25;482;3;7331;27;2.2;0.0
89;2021-01-26;582;13;7913;40;2.4;0.0
89;2021-01-27;473;37;8386;77;2.5;0.0
89;2021-01-28;551;124;8937;201;2.7;0.1
89;2021-01-29;958;42;9895;243;3.0;0.1
89;2021-01-30;184;14;10079;257;3.0;0.1
89;2021-01-31;24;1;10103;258;3.0;0.1
89;2021-02-01;255;142;10358;400;3.1;0.1
89;2021-02-02;282;320;10640;720;3.2;0.2
89;2021-02-03;292;319;10932;1039;3.3;0.3
89;2021-02-04;432;589;11364;1628;3.4;0.5
89;2021-02-05;387;183;11751;1811;3.5;0.5
89;2021-02-06;77;66;11828;1877;3.6;0.6
89;2021-02-07;0;0;11828;1877;3.6;0.6
89;2021-02-08;288;170;12116;2047;3.6;0.6
89;2021-02-09;285;413;12401;2460;3.7;0.7
89;2021-02-10;396;290;12797;2750;3.9;0.8
89;2021-02-11;332;534;13129;3284;4.0;1.0
89;2021-02-12;433;580;13562;3864;4.1;1.2
89;2021-02-13;52;128;13614;3992;4.1;1.2
89;2021-02-14;21;116;13635;4108;4.1;1.2
89;2021-02-15;218;339;13853;4447;4.2;1.3
89;2021-02-16;134;457;13987;4904;4.2;1.5
89;2021-02-17;263;362;14250;5266;4.3;1.6
89;2021-02-18;225;459;14475;5725;4.4;1.7
89;2021-02-19;244;609;14719;6334;4.4;1.9
89;2021-02-20;33;129;14752;6463;4.4;1.9
89;2021-02-21;0;10;14752;6473;4.4;1.9
89;2021-02-22;233;390;14985;6863;4.5;2.1
89;2021-02-23;171;414;15156;7277;4.6;2.2
89;2021-02-24;343;325;15499;7602;4.7;2.3
89;2021-02-25;370;400;15869;8002;4.8;2.4
89;2021-02-26;385;296;16254;8298;4.9;2.5
89;2021-02-27;138;63;16392;8361;4.9;2.5
89;2021-02-28;6;13;16398;8374;4.9;2.5
89;2021-03-01;541;213;16939;8587;5.1;2.6
89;2021-03-02;754;331;17693;8918;5.3;2.7
89;2021-03-03;647;249;18340;9167;5.5;2.8
89;2021-03-04;633;357;18973;9524;5.7;2.9
89;2021-03-05;728;482;19701;10006;5.9;3.0
89;2021-03-06;549;125;20250;10131;6.1;3.1
89;2021-03-07;288;40;20538;10171;6.2;3.1
89;2021-03-08;559;323;21097;10494;6.4;3.2
89;2021-03-09;1001;267;22098;10761;6.7;3.2
89;2021-03-10;984;250;23082;11011;7.0;3.3
89;2021-03-11;1075;292;24157;11303;7.3;3.4
89;2021-03-12;1281;332;25438;11635;7.7;3.5
89;2021-03-13;637;44;26075;11679;7.9;3.5
89;2021-03-14;1;0;26076;11679;7.9;3.5
89;2021-03-15;816;311;26892;11990;8.1;3.6
89;2021-03-16;948;222;27840;12212;8.4;3.7
89;2021-03-17;920;268;28760;12480;8.7;3.8
89;2021-03-18;885;254;29645;12734;8.9;3.8
89;2021-03-19;1149;196;30794;12930;9.3;3.9
89;2021-03-20;844;28;31638;12958;9.5;3.9
89;2021-03-21;173;6;31811;12964;9.6;3.9
89;2021-03-22;1044;223;32855;13187;9.9;4.0
89;2021-03-23;1742;256;34597;13443;10.4;4.0
89;2021-03-24;1967;324;36564;13767;11.0;4.1
89;2021-03-25;1821;170;38385;13937;11.6;4.2
89;2021-03-26;2627;184;41012;14121;12.3;4.3
89;2021-03-27;1774;48;42786;14169;12.9;4.3
89;2021-03-28;32;3;42818;14172;12.9;4.3
89;2021-03-29;965;574;43783;14746;13.2;4.4
89;2021-03-30;1154;565;44937;15311;13.5;4.6
89;2021-03-31;2005;472;46942;15783;14.1;4.8
89;2021-04-01;2120;461;49062;16244;14.8;4.9
89;2021-04-02;2139;445;51201;16689;15.4;5.0
89;2021-04-03;1004;243;52205;16932;15.7;5.1
89;2021-04-04;16;1;52221;16933;15.7;5.1
89;2021-04-05;92;2;52313;16935;15.8;5.1
89;2021-04-06;1034;757;53347;17692;16.1;5.3
89;2021-04-07;1029;801;54376;18493;16.4;5.6
89;2021-04-08;1729;726;56105;19219;16.9;5.8
89;2021-04-09;2165;767;58270;19986;17.5;6.0
89;2021-04-10;892;181;59162;20167;17.8;6.1
89;2021-04-11;38;51;59200;20218;17.8;6.1
89;2021-04-12;1012;792;60212;21010;18.1;6.3
89;2021-04-13;1357;1082;61569;22092;18.5;6.7
89;2021-04-14;1213;1037;62782;23129;18.9;7.0
89;2021-04-15;1415;945;64197;24074;19.3;7.2
89;2021-04-16;1329;941;65526;25015;19.7;7.5
89;2021-04-17;1068;455;66594;25470;20.1;7.7
89;2021-04-18;27;154;66621;25624;20.1;7.7
89;2021-04-19;749;1039;67370;26663;20.3;8.0
89;2021-04-20;1017;1534;68387;28197;20.6;8.5
89;2021-04-21;814;1104;69201;29301;20.8;8.8
89;2021-04-22;1108;1166;70309;30467;21.2;9.2
89;2021-04-23;1823;1965;72132;32432;21.7;9.8
89;2021-04-24;1174;1174;73306;33606;22.1;10.1
89;2021-04-25;139;6;73445;33612;22.1;10.1
89;2021-04-26;1503;777;74948;34389;22.6;10.4
89;2021-04-27;1733;1054;76681;35443;23.1;10.7
89;2021-04-28;1596;1854;78277;37297;23.6;11.2
89;2021-04-29;1970;1924;80247;39221;24.2;11.8
89;2021-04-30;1804;1768;82051;40989;24.7;12.3
89;2021-05-01;846;721;82897;41710;25.0;12.6
89;2021-05-02;134;31;83031;41741;25.0;12.6
89;2021-05-03;1606;765;84637;42506;25.5;12.8
89;2021-05-04;1620;1127;86257;43633;26.0;13.1
89;2021-05-05;2319;1267;88576;44900;26.7;13.5
89;2021-05-06;2412;1381;90988;46281;27.4;13.9
89;2021-05-07;2719;1316;93707;47597;28.2;14.3
89;2021-05-08;1787;534;95494;48131;28.8;14.5
89;2021-05-09;196;18;95690;48149;28.8;14.5
89;2021-05-10;1201;963;96891;49112;29.2;14.8
89;2021-05-11;2489;1461;99380;50573;29.9;15.2
89;2021-05-12;2059;1215;101439;51788;30.5;15.6
89;2021-05-13;414;332;101853;52120;30.7;15.7
89;2021-05-14;1880;1095;103733;53215;31.2;16.0
89;2021-05-15;2247;394;105980;53609;31.9;16.1
89;2021-05-16;10;35;105990;53644;31.9;16.2
89;2021-05-17;2092;636;108082;54280;32.5;16.3
89;2021-05-18;2323;831;110405;55111;33.2;16.6
89;2021-05-19;2861;881;113266;55992;34.1;16.9
89;2021-05-20;2927;889;116193;56881;35.0;17.1
89;2021-05-21;2481;877;118674;57758;35.7;17.4
89;2021-05-22;1430;562;120104;58320;36.2;17.6
89;2021-05-23;108;10;120212;58330;36.2;17.6
89;2021-05-24;286;224;120498;58554;36.3;17.6
89;2021-05-25;1559;982;122057;59536;36.8;17.9
89;2021-05-26;1817;1023;123874;60559;37.3;18.2
89;2021-05-27;2118;1358;125992;61917;37.9;18.6
89;2021-05-28;2143;1421;128135;63338;38.6;19.1
89;2021-05-29;541;659;128676;63997;38.7;19.3
89;2021-05-30;25;22;128701;64019;38.8;19.3
89;2021-05-31;1248;970;129949;64989;39.1;19.6
89;2021-06-01;1506;981;131455;65970;39.6;19.9
89;2021-06-02;1945;1279;133400;67249;40.2;20.2
89;2021-06-03;2428;1523;135828;68772;40.9;20.7
89;2021-06-04;2140;1887;137968;70659;41.5;21.3
89;2021-06-05;1186;1224;139154;71883;41.9;21.6
89;2021-06-06;23;37;139177;71920;41.9;21.7
89;2021-06-07;2108;1451;141285;73371;42.5;22.1
89;2021-06-08;2195;1455;143480;74826;43.2;22.5
89;2021-06-09;2321;1511;145801;76337;43.9;23.0
89;2021-06-10;2791;1601;148592;77938;44.7;23.5
89;2021-06-11;1950;1749;150542;79687;45.3;24.0
89;2021-06-12;1103;759;151645;80446;45.7;24.2
89;2021-06-13;156;419;151801;80865;45.7;24.3
89;2021-06-14;1311;1825;153112;82690;46.1;24.9
89;2021-06-15;1401;2013;154513;84703;46.5;25.5
89;2021-06-16;1129;2583;155642;87286;46.9;26.3
89;2021-06-17;1431;2337;157073;89623;47.3;27.0
89;2021-06-18;1623;2879;158696;92502;47.8;27.9
89;2021-06-19;687;1661;159383;94163;48.0;28.4
89;2021-06-20;55;127;159438;94290;48.0;28.4
89;2021-06-21;759;1528;160197;95818;48.2;28.9
89;2021-06-22;1048;2679;161245;98497;48.6;29.7
89;2021-06-23;1156;1796;162401;100293;48.9;30.2
89;2021-06-24;1077;1497;163478;101790;49.2;30.7
89;2021-06-25;1008;2426;164486;104216;49.5;31.4
89;2021-06-26;560;2482;165046;106698;49.7;32.1
89;2021-06-27;14;28;165060;106726;49.7;32.1
89;2021-06-28;1033;2492;166093;109218;50.0;32.9
89;2021-06-29;692;2403;166785;111621;50.2;33.6
89;2021-06-30;1084;3182;167869;114803;50.5;34.6
89;2021-07-01;1022;2987;168891;117790;50.9;35.5
89;2021-07-02;1106;2747;169997;120537;51.2;36.3
89;2021-07-03;554;1574;170551;122111;51.4;36.8
89;2021-07-04;11;36;170562;122147;51.4;36.8
89;2021-07-05;1296;1840;171858;123987;51.7;37.3
89;2021-07-06;1050;2311;172908;126298;52.1;38.0
89;2021-07-07;669;1789;173577;128087;52.3;38.6
89;2021-07-08;793;1871;174370;129958;52.5;39.1
89;2021-07-09;1141;2605;175511;132563;52.8;39.9
89;2021-07-10;719;816;176230;133379;53.1;40.2
89;2021-07-11;26;39;176256;133418;53.1;40.2
89;2021-07-12;1423;1900;177679;135318;53.5;40.7
89;2021-07-13;2137;2742;179816;138060;54.1;41.6
89;2021-07-14;314;324;180130;138384;54.2;41.7
89;2021-07-15;2244;3157;182374;141541;54.9;42.6
89;2021-07-16;2391;2863;184765;144404;55.6;43.5
89;2021-07-17;1234;1227;185999;145631;56.0;43.9
89;2021-07-18;276;97;186275;145728;56.1;43.9
89;2021-07-19;1566;2811;187841;148539;56.6;44.7
89;2021-07-20;1929;3282;189770;151821;57.1;45.7
89;2021-07-21;2080;2725;191850;154546;57.8;46.5
89;2021-07-22;2476;2993;194326;157539;58.5;47.4
89;2021-07-23;2478;3106;196804;160645;59.3;48.4
89;2021-07-24;1241;1247;198045;161892;59.6;48.7
89;2021-07-25;69;185;198114;162077;59.7;48.8
89;2021-07-26;1720;2320;199834;164397;60.2;49.5
89;2021-07-27;2345;1911;202179;166308;60.9;50.1
89;2021-07-28;2537;1339;204716;167647;61.6;50.5
89;2021-07-29;2526;1621;207242;169268;62.4;51.0
89;2021-07-30;2678;1621;209920;170889;63.2;51.5
89;2021-07-31;1122;1072;211042;171961;63.5;51.8
89;2021-08-01;69;33;211111;171994;63.6;51.8
89;2021-08-02;1784;1284;212895;173278;64.1;52.2
89;2021-08-03;2467;1256;215362;174534;64.8;52.6
89;2021-08-04;1527;1641;216889;176175;65.3;53.0
89;2021-08-05;1530;1692;218419;177867;65.8;53.6
89;2021-08-06;2163;1650;220582;179517;66.4;54.1
89;2021-08-07;928;1093;221510;180610;66.7;54.4
89;2021-08-08;56;48;221566;180658;66.7;54.4
89;2021-08-09;1088;1174;222654;181832;67.0;54.8
89;2021-08-10;1776;1815;224430;183647;67.6;55.3
89;2021-08-11;1520;1579;225950;185226;68.0;55.8
89;2021-08-12;1351;1390;227301;186616;68.4;56.2
89;2021-08-13;1256;1951;228557;188567;68.8;56.8
89;2021-08-14;518;1021;229075;189588;69.0;57.1
89;2021-08-15;19;43;229094;189631;69.0;57.1
89;2021-08-16;986;1965;230080;191596;69.3;57.7
89;2021-08-17;830;1571;230910;193167;69.5;58.2
89;2021-08-18;609;1897;231519;195064;69.7;58.7
89;2021-08-19;654;1390;232173;196454;69.9;59.2
89;2021-08-20;1003;2262;233176;198716;70.2;59.8
89;2021-08-21;296;1003;233472;199719;70.3;60.1
89;2021-08-22;32;34;233504;199753;70.3;60.1
89;2021-08-23;752;2247;234256;202000;70.5;60.8
89;2021-08-24;833;2365;235089;204365;70.8;61.5
89;2021-08-25;559;1429;235648;205794;71.0;62.0
89;2021-08-26;577;2053;236225;207847;71.1;62.6
89;2021-08-27;777;2260;237002;210107;71.4;63.3
89;2021-08-28;353;1303;237355;211410;71.5;63.7
89;2021-08-29;30;70;237385;211480;71.5;63.7
89;2021-08-30;627;2230;238012;213710;71.7;64.4
89;2021-08-31;597;1624;238609;215334;71.8;64.8
89;2021-09-01;506;1370;239115;216704;72.0;65.3
89;2021-09-02;426;1457;239541;218161;72.1;65.7
89;2021-09-03;572;2087;240113;220248;72.3;66.3
89;2021-09-04;493;996;240606;221244;72.5;66.6
89;2021-09-05;14;17;240620;221261;72.5;66.6
89;2021-09-06;415;1854;241035;223115;72.6;67.2
89;2021-09-07;351;1144;241386;224259;72.7;67.5
89;2021-09-08;322;1011;241708;225270;72.8;67.8
90;2020-12-27;0;0;0;0;0.0;0.0
90;2020-12-28;0;0;0;0;0.0;0.0
90;2020-12-29;0;0;0;0;0.0;0.0
90;2020-12-30;1;0;1;0;0.0;0.0
90;2020-12-31;0;0;1;0;0.0;0.0
90;2021-01-01;0;0;1;0;0.0;0.0
90;2021-01-02;1;0;2;0;0.0;0.0
90;2021-01-03;0;0;2;0;0.0;0.0
90;2021-01-04;2;0;4;0;0.0;0.0
90;2021-01-05;0;0;4;0;0.0;0.0
90;2021-01-06;0;0;4;0;0.0;0.0
90;2021-01-07;1;0;5;0;0.0;0.0
90;2021-01-08;170;0;175;0;0.1;0.0
90;2021-01-09;46;0;221;0;0.2;0.0
90;2021-01-10;0;0;221;0;0.2;0.0
90;2021-01-11;200;0;421;0;0.3;0.0
90;2021-01-12;430;1;851;1;0.6;0.0
90;2021-01-13;468;2;1319;3;0.9;0.0
90;2021-01-14;414;2;1733;5;1.2;0.0
90;2021-01-15;404;8;2137;13;1.5;0.0
90;2021-01-16;111;2;2248;15;1.6;0.0
90;2021-01-17;1;0;2249;15;1.6;0.0
90;2021-01-18;365;2;2614;17;1.9;0.0
90;2021-01-19;462;4;3076;21;2.2;0.0
90;2021-01-20;392;2;3468;23;2.5;0.0
90;2021-01-21;351;1;3819;24;2.7;0.0
90;2021-01-22;346;2;4165;26;3.0;0.0
90;2021-01-23;98;0;4263;26;3.0;0.0
90;2021-01-24;0;0;4263;26;3.0;0.0
90;2021-01-25;322;2;4585;28;3.3;0.0
90;2021-01-26;224;0;4809;28;3.4;0.0
90;2021-01-27;255;0;5064;28;3.6;0.0
90;2021-01-28;328;29;5392;57;3.8;0.0
90;2021-01-29;291;160;5683;217;4.1;0.2
90;2021-01-30;176;44;5859;261;4.2;0.2
90;2021-01-31;118;0;5977;261;4.3;0.2
90;2021-02-01;275;103;6252;364;4.5;0.3
90;2021-02-02;290;154;6542;518;4.7;0.4
90;2021-02-03;256;274;6798;792;4.9;0.6
90;2021-02-04;257;302;7055;1094;5.0;0.8
90;2021-02-05;266;265;7321;1359;5.2;1.0
90;2021-02-06;89;64;7410;1423;5.3;1.0
90;2021-02-07;0;0;7410;1423;5.3;1.0
90;2021-02-08;170;211;7580;1634;5.4;1.2
90;2021-02-09;139;159;7719;1793;5.5;1.3
90;2021-02-10;182;29;7901;1822;5.6;1.3
90;2021-02-11;229;96;8130;1918;5.8;1.4
90;2021-02-12;126;238;8256;2156;5.9;1.5
90;2021-02-13;96;42;8352;2198;6.0;1.6
90;2021-02-14;0;0;8352;2198;6.0;1.6
90;2021-02-15;113;261;8465;2459;6.0;1.8
90;2021-02-16;92;261;8557;2720;6.1;1.9
90;2021-02-17;178;187;8735;2907;6.2;2.1
90;2021-02-18;128;218;8863;3125;6.3;2.2
90;2021-02-19;64;243;8927;3368;6.4;2.4
90;2021-02-20;40;69;8967;3437;6.4;2.5
90;2021-02-21;0;0;8967;3437;6.4;2.5
90;2021-02-22;77;293;9044;3730;6.5;2.7
90;2021-02-23;40;234;9084;3964;6.5;2.8
90;2021-02-24;109;267;9193;4231;6.6;3.0
90;2021-02-25;89;282;9282;4513;6.6;3.2
90;2021-02-26;89;362;9371;4875;6.7;3.5
90;2021-02-27;140;157;9511;5032;6.8;3.6
90;2021-02-28;8;102;9519;5134;6.8;3.7
90;2021-03-01;211;218;9730;5352;6.9;3.8
90;2021-03-02;178;268;9908;5620;7.1;4.0
90;2021-03-03;239;333;10147;5953;7.2;4.2
90;2021-03-04;260;274;10407;6227;7.4;4.4
90;2021-03-05;359;264;10766;6491;7.7;4.6
90;2021-03-06;291;102;11057;6593;7.9;4.7
90;2021-03-07;18;1;11075;6594;7.9;4.7
90;2021-03-08;246;243;11321;6837;8.1;4.9
90;2021-03-09;430;162;11751;6999;8.4;5.0
90;2021-03-10;348;195;12099;7194;8.6;5.1
90;2021-03-11;348;120;12447;7314;8.9;5.2
90;2021-03-12;519;130;12966;7444;9.3;5.3
90;2021-03-13;539;48;13505;7492;9.6;5.3
90;2021-03-14;21;0;13526;7492;9.7;5.3
90;2021-03-15;388;118;13914;7610;9.9;5.4
90;2021-03-16;402;100;14316;7710;10.2;5.5
90;2021-03-17;323;76;14639;7786;10.4;5.6
90;2021-03-18;348;79;14987;7865;10.7;5.6
90;2021-03-19;468;79;15455;7944;11.0;5.7
90;2021-03-20;427;48;15882;7992;11.3;5.7
90;2021-03-21;7;1;15889;7993;11.3;5.7
90;2021-03-22;399;30;16288;8023;11.6;5.7
90;2021-03-23;740;76;17028;8099;12.2;5.8
90;2021-03-24;817;45;17845;8144;12.7;5.8
90;2021-03-25;949;75;18794;8219;13.4;5.9
90;2021-03-26;1227;61;20021;8280;14.3;5.9
90;2021-03-27;439;34;20460;8314;14.6;5.9
90;2021-03-28;34;0;20494;8314;14.6;5.9
90;2021-03-29;712;143;21206;8457;15.1;6.0
90;2021-03-30;675;155;21881;8612;15.6;6.1
90;2021-03-31;728;84;22609;8696;16.1;6.2
90;2021-04-01;602;123;23211;8819;16.6;6.3
90;2021-04-02;657;98;23868;8917;17.0;6.4
90;2021-04-03;370;40;24238;8957;17.3;6.4
90;2021-04-04;1;0;24239;8957;17.3;6.4
90;2021-04-05;0;0;24239;8957;17.3;6.4
90;2021-04-06;528;251;24767;9208;17.7;6.6
90;2021-04-07;485;266;25252;9474;18.0;6.8
90;2021-04-08;510;245;25762;9719;18.4;6.9
90;2021-04-09;752;267;26514;9986;18.9;7.1
90;2021-04-10;224;8;26738;9994;19.1;7.1
90;2021-04-11;7;0;26745;9994;19.1;7.1
90;2021-04-12;557;481;27302;10475;19.5;7.5
90;2021-04-13;632;531;27934;11006;19.9;7.9
90;2021-04-14;526;350;28460;11356;20.3;8.1
90;2021-04-15;905;291;29365;11647;21.0;8.3
90;2021-04-16;370;404;29735;12051;21.2;8.6
90;2021-04-17;189;128;29924;12179;21.4;8.7
90;2021-04-18;21;0;29945;12179;21.4;8.7
90;2021-04-19;435;571;30380;12750;21.7;9.1
90;2021-04-20;494;616;30874;13366;22.0;9.5
90;2021-04-21;353;497;31227;13863;22.3;9.9
90;2021-04-22;569;602;31796;14465;22.7;10.3
90;2021-04-23;504;742;32300;15207;23.0;10.9
90;2021-04-24;305;202;32605;15409;23.3;11.0
90;2021-04-25;1;0;32606;15409;23.3;11.0
90;2021-04-26;509;750;33115;16159;23.6;11.5
90;2021-04-27;641;679;33756;16838;24.1;12.0
90;2021-04-28;765;444;34521;17282;24.6;12.3
90;2021-04-29;1003;448;35524;17730;25.3;12.7
90;2021-04-30;1120;459;36644;18189;26.1;13.0
90;2021-05-01;60;42;36704;18231;26.2;13.0
90;2021-05-02;4;0;36708;18231;26.2;13.0
90;2021-05-03;904;286;37612;18517;26.8;13.2
90;2021-05-04;784;637;38396;19154;27.4;13.7
90;2021-05-05;892;504;39288;19658;28.0;14.0
90;2021-05-06;852;626;40140;20284;28.6;14.5
90;2021-05-07;440;508;40580;20792;29.0;14.8
90;2021-05-08;26;27;40606;20819;29.0;14.9
90;2021-05-09;5;33;40611;20852;29.0;14.9
90;2021-05-10;506;582;41117;21434;29.3;15.3
90;2021-05-11;778;638;41895;22072;29.9;15.7
90;2021-05-12;532;598;42427;22670;30.3;16.2
90;2021-05-13;1113;264;43540;22934;31.1;16.4
90;2021-05-14;865;403;44405;23337;31.7;16.7
90;2021-05-15;14;125;44419;23462;31.7;16.7
90;2021-05-16;2;7;44421;23469;31.7;16.7
90;2021-05-17;793;290;45214;23759;32.3;17.0
90;2021-05-18;1024;472;46238;24231;33.0;17.3
90;2021-05-19;1265;384;47503;24615;33.9;17.6
90;2021-05-20;1201;270;48704;24885;34.8;17.8
90;2021-05-21;1265;432;49969;25317;35.7;18.1
90;2021-05-22;9;131;49978;25448;35.7;18.2
90;2021-05-23;4;0;49982;25448;35.7;18.2
90;2021-05-24;368;266;50350;25714;35.9;18.3
90;2021-05-25;636;792;50986;26506;36.4;18.9
90;2021-05-26;630;568;51616;27074;36.8;19.3
90;2021-05-27;963;383;52579;27457;37.5;19.6
90;2021-05-28;668;827;53247;28284;38.0;20.2
90;2021-05-29;93;296;53340;28580;38.1;20.4
90;2021-05-30;4;1;53344;28581;38.1;20.4
90;2021-05-31;809;713;54153;29294;38.6;20.9
90;2021-06-01;969;740;55122;30034;39.3;21.4
90;2021-06-02;760;676;55882;30710;39.9;21.9
90;2021-06-03;758;743;56640;31453;40.4;22.4
90;2021-06-04;833;972;57473;32425;41.0;23.1
90;2021-06-05;54;427;57527;32852;41.0;23.4
90;2021-06-06;1;16;57528;32868;41.0;23.5
90;2021-06-07;1265;1081;58793;33949;42.0;24.2
90;2021-06-08;1481;936;60274;34885;43.0;24.9
90;2021-06-09;965;659;61239;35544;43.7;25.4
90;2021-06-10;626;498;61865;36042;44.1;25.7
90;2021-06-11;787;1127;62652;37169;44.7;26.5
90;2021-06-12;806;297;63458;37466;45.3;26.7
90;2021-06-13;10;12;63468;37478;45.3;26.7
90;2021-06-14;265;974;63733;38452;45.5;27.4
90;2021-06-15;567;882;64300;39334;45.9;28.1
90;2021-06-16;510;548;64810;39882;46.2;28.5
90;2021-06-17;444;638;65254;40520;46.6;28.9
90;2021-06-18;624;997;65878;41517;47.0;29.6
90;2021-06-19;450;170;66328;41687;47.3;29.7
90;2021-06-20;0;28;66328;41715;47.3;29.8
90;2021-06-21;257;1178;66585;42893;47.5;30.6
90;2021-06-22;384;950;66969;43843;47.8;31.3
90;2021-06-23;415;633;67384;44476;48.1;31.7
90;2021-06-24;318;603;67702;45079;48.3;32.2
90;2021-06-25;431;1270;68133;46349;48.6;33.1
90;2021-06-26;420;561;68553;46910;48.9;33.5
90;2021-06-27;2;6;68555;46916;48.9;33.5
90;2021-06-28;378;1299;68933;48215;49.2;34.4
90;2021-06-29;305;1307;69238;49522;49.4;35.3
90;2021-06-30;485;1228;69723;50750;49.8;36.2
90;2021-07-01;355;920;70078;51670;50.0;36.9
90;2021-07-02;507;1206;70585;52876;50.4;37.7
90;2021-07-03;52;129;70637;53005;50.4;37.8
90;2021-07-04;0;21;70637;53026;50.4;37.8
90;2021-07-05;401;1014;71038;54040;50.7;38.6
90;2021-07-06;514;972;71552;55012;51.1;39.3
90;2021-07-07;381;995;71933;56007;51.3;40.0
90;2021-07-08;304;607;72237;56614;51.5;40.4
90;2021-07-09;440;949;72677;57563;51.9;41.1
90;2021-07-10;32;91;72709;57654;51.9;41.1
90;2021-07-11;7;17;72716;57671;51.9;41.2
90;2021-07-12;245;1076;72961;58747;52.1;41.9
90;2021-07-13;474;1162;73435;59909;52.4;42.7
90;2021-07-14;4;9;73439;59918;52.4;42.8
90;2021-07-15;791;1455;74230;61373;53.0;43.8
90;2021-07-16;827;1681;75057;63054;53.6;45.0
90;2021-07-17;485;955;75542;64009;53.9;45.7
90;2021-07-18;4;2;75546;64011;53.9;45.7
90;2021-07-19;1187;1460;76733;65471;54.8;46.7
90;2021-07-20;1339;1135;78072;66606;55.7;47.5
90;2021-07-21;1398;983;79470;67589;56.7;48.2
90;2021-07-22;1126;697;80596;68286;57.5;48.7
90;2021-07-23;970;1022;81566;69308;58.2;49.5
90;2021-07-24;120;65;81686;69373;58.3;49.5
90;2021-07-25;2;1;81688;69374;58.3;49.5
90;2021-07-26;1072;804;82760;70178;59.1;50.1
90;2021-07-27;1085;746;83845;70924;59.8;50.6
90;2021-07-28;824;711;84669;71635;60.4;51.1
90;2021-07-29;839;441;85508;72076;61.0;51.4
90;2021-07-30;784;503;86292;72579;61.6;51.8
90;2021-07-31;486;313;86778;72892;61.9;52.0
90;2021-08-01;0;3;86778;72895;61.9;52.0
90;2021-08-02;836;510;87614;73405;62.5;52.4
90;2021-08-03;914;493;88528;73898;63.2;52.7
90;2021-08-04;1067;459;89595;74357;63.9;53.1
90;2021-08-05;520;221;90115;74578;64.3;53.2
90;2021-08-06;639;390;90754;74968;64.8;53.5
90;2021-08-07;36;63;90790;75031;64.8;53.5
90;2021-08-08;18;3;90808;75034;64.8;53.5
90;2021-08-09;722;946;91530;75980;65.3;54.2
90;2021-08-10;535;1152;92065;77132;65.7;55.0
90;2021-08-11;537;947;92602;78079;66.1;55.7
90;2021-08-12;445;817;93047;78896;66.4;56.3
90;2021-08-13;528;896;93575;79792;66.8;56.9
90;2021-08-14;30;99;93605;79891;66.8;57.0
90;2021-08-15;2;8;93607;79899;66.8;57.0
90;2021-08-16;448;633;94055;80532;67.1;57.5
90;2021-08-17;344;1167;94399;81699;67.4;58.3
90;2021-08-18;270;879;94669;82578;67.6;58.9
90;2021-08-19;239;627;94908;83205;67.7;59.4
90;2021-08-20;353;771;95261;83976;68.0;59.9
90;2021-08-21;32;70;95293;84046;68.0;60.0
90;2021-08-22;0;7;95293;84053;68.0;60.0
90;2021-08-23;301;489;95594;84542;68.2;60.3
90;2021-08-24;332;957;95926;85499;68.4;61.0
90;2021-08-25;249;915;96175;86414;68.6;61.7
90;2021-08-26;241;673;96416;87087;68.8;62.1
90;2021-08-27;270;737;96686;87824;69.0;62.7
90;2021-08-28;20;64;96706;87888;69.0;62.7
90;2021-08-29;2;6;96708;87894;69.0;62.7
90;2021-08-30;319;639;97027;88533;69.2;63.2
90;2021-08-31;274;1024;97301;89557;69.4;63.9
90;2021-09-01;264;785;97565;90342;69.6;64.5
90;2021-09-02;156;407;97721;90749;69.7;64.8
90;2021-09-03;222;530;97943;91279;69.9;65.1
90;2021-09-04;55;156;97998;91435;69.9;65.2
90;2021-09-05;9;25;98007;91460;69.9;65.3
90;2021-09-06;132;740;98139;92200;70.0;65.8
90;2021-09-07;219;666;98358;92866;70.2;66.3
90;2021-09-08;219;645;98577;93511;70.3;66.7
91;2020-12-27;0;0;0;0;0.0;0.0
91;2020-12-28;0;0;0;0;0.0;0.0
91;2020-12-29;1;0;1;0;0.0;0.0
91;2020-12-30;1;0;2;0;0.0;0.0
91;2020-12-31;0;0;2;0;0.0;0.0
91;2021-01-01;5;0;7;0;0.0;0.0
91;2021-01-02;0;0;7;0;0.0;0.0
91;2021-01-03;0;0;7;0;0.0;0.0
91;2021-01-04;1;0;8;0;0.0;0.0
91;2021-01-05;71;0;79;0;0.0;0.0
91;2021-01-06;188;2;267;2;0.0;0.0
91;2021-01-07;523;6;790;8;0.1;0.0
91;2021-01-08;394;1;1184;9;0.1;0.0
91;2021-01-09;89;2;1273;11;0.1;0.0
91;2021-01-10;1;0;1274;11;0.1;0.0
91;2021-01-11;595;2;1869;13;0.1;0.0
91;2021-01-12;899;8;2768;21;0.2;0.0
91;2021-01-13;703;8;3471;29;0.3;0.0
91;2021-01-14;721;11;4192;40;0.3;0.0
91;2021-01-15;569;4;4761;44;0.4;0.0
91;2021-01-16;316;7;5077;51;0.4;0.0
91;2021-01-17;117;1;5194;52;0.4;0.0
91;2021-01-18;992;3;6186;55;0.5;0.0
91;2021-01-19;1871;14;8057;69;0.6;0.0
91;2021-01-20;2378;17;10435;86;0.8;0.0
91;2021-01-21;2098;15;12533;101;0.9;0.0
91;2021-01-22;1861;10;14394;111;1.1;0.0
91;2021-01-23;413;1;14807;112;1.1;0.0
91;2021-01-24;53;0;14860;112;1.1;0.0
91;2021-01-25;1049;3;15909;115;1.2;0.0
91;2021-01-26;1578;37;17487;152;1.3;0.0
91;2021-01-27;2423;95;19910;247;1.5;0.0
91;2021-01-28;1983;224;21893;471;1.7;0.0
91;2021-01-29;1749;63;23642;534;1.8;0.0
91;2021-01-30;422;6;24064;540;1.8;0.0
91;2021-01-31;54;0;24118;540;1.8;0.0
91;2021-02-01;965;217;25083;757;1.9;0.1
91;2021-02-02;857;357;25940;1114;2.0;0.1
91;2021-02-03;938;553;26878;1667;2.0;0.1
91;2021-02-04;884;277;27762;1944;2.1;0.1
91;2021-02-05;1036;347;28798;2291;2.2;0.2
91;2021-02-06;338;86;29136;2377;2.2;0.2
91;2021-02-07;13;0;29149;2377;2.2;0.2
91;2021-02-08;905;551;30054;2928;2.3;0.2
91;2021-02-09;963;820;31017;3748;2.4;0.3
91;2021-02-10;1065;969;32082;4717;2.4;0.4
91;2021-02-11;1123;971;33205;5688;2.5;0.4
91;2021-02-12;1063;809;34268;6497;2.6;0.5
91;2021-02-13;330;330;34598;6827;2.6;0.5
91;2021-02-14;18;104;34616;6931;2.6;0.5
91;2021-02-15;368;1011;34984;7942;2.7;0.6
91;2021-02-16;554;1563;35538;9505;2.7;0.7
91;2021-02-17;813;2429;36351;11934;2.8;0.9
91;2021-02-18;941;1852;37292;13786;2.8;1.0
91;2021-02-19;868;1235;38160;15021;2.9;1.1
91;2021-02-20;167;294;38327;15315;2.9;1.2
91;2021-02-21;13;46;38340;15361;2.9;1.2
91;2021-02-22;334;1011;38674;16372;2.9;1.2
91;2021-02-23;397;939;39071;17311;3.0;1.3
91;2021-02-24;473;919;39544;18230;3.0;1.4
91;2021-02-25;735;885;40279;19115;3.1;1.4
91;2021-02-26;1096;946;41375;20061;3.1;1.5
91;2021-02-27;611;283;41986;20344;3.2;1.5
91;2021-02-28;65;62;42051;20406;3.2;1.5
91;2021-03-01;931;954;42982;21360;3.3;1.6
91;2021-03-02;1261;1017;44243;22377;3.4;1.7
91;2021-03-03;1468;1177;45711;23554;3.5;1.8
91;2021-03-04;2433;1072;48144;24626;3.6;1.9
91;2021-03-05;3353;1091;51497;25717;3.9;1.9
91;2021-03-06;4912;438;56409;26155;4.3;2.0
91;2021-03-07;3208;119;59617;26274;4.5;2.0
91;2021-03-08;1473;1008;61090;27282;4.6;2.1
91;2021-03-09;2625;966;63715;28248;4.8;2.1
91;2021-03-10;2623;1023;66338;29271;5.0;2.2
91;2021-03-11;3786;1117;70124;30388;5.3;2.3
91;2021-03-12;4789;1039;74913;31427;5.7;2.4
91;2021-03-13;5259;344;80172;31771;6.1;2.4
91;2021-03-14;304;28;80476;31799;6.1;2.4
91;2021-03-15;2985;436;83461;32235;6.3;2.4
91;2021-03-16;2617;379;86078;32614;6.5;2.5
91;2021-03-17;2230;348;88308;32962;6.7;2.5
91;2021-03-18;2393;408;90701;33370;6.9;2.5
91;2021-03-19;4093;384;94794;33754;7.2;2.6
91;2021-03-20;3609;183;98403;33937;7.5;2.6
91;2021-03-21;138;30;98541;33967;7.5;2.6
91;2021-03-22;3149;599;101690;34566;7.7;2.6
91;2021-03-23;4140;696;105830;35262;8.0;2.7
91;2021-03-24;3936;500;109766;35762;8.3;2.7
91;2021-03-25;5062;526;114828;36288;8.7;2.8
91;2021-03-26;5551;554;120379;36842;9.1;2.8
91;2021-03-27;4983;346;125362;37188;9.5;2.8
91;2021-03-28;282;57;125644;37245;9.5;2.8
91;2021-03-29;3304;1034;128948;38279;9.8;2.9
91;2021-03-30;4426;1227;133374;39506;10.1;3.0
91;2021-03-31;3368;1329;136742;40835;10.4;3.1
91;2021-04-01;3740;1684;140482;42519;10.6;3.2
91;2021-04-02;3890;2312;144372;44831;10.9;3.4
91;2021-04-03;1873;2868;146245;47699;11.1;3.6
91;2021-04-04;648;1319;146893;49018;11.1;3.7
91;2021-04-05;562;130;147455;49148;11.2;3.7
91;2021-04-06;3401;1782;150856;50930;11.4;3.9
91;2021-04-07;3421;1932;154277;52862;11.7;4.0
91;2021-04-08;4664;2164;158941;55026;12.0;4.2
91;2021-04-09;5348;2157;164289;57183;12.5;4.3
91;2021-04-10;2732;2814;167021;59997;12.7;4.5
91;2021-04-11;191;141;167212;60138;12.7;4.6
91;2021-04-12;2854;2279;170066;62417;12.9;4.7
91;2021-04-13;3757;2646;173823;65063;13.2;4.9
91;2021-04-14;3708;2326;177531;67389;13.5;5.1
91;2021-04-15;4477;2515;182008;69904;13.8;5.3
91;2021-04-16;4550;2807;186558;72711;14.1;5.5
91;2021-04-17;2983;2079;189541;74790;14.4;5.7
91;2021-04-18;269;72;189810;74862;14.4;5.7
91;2021-04-19;2306;2735;192116;77597;14.6;5.9
91;2021-04-20;3179;2983;195295;80580;14.8;6.1
91;2021-04-21;2989;2894;198284;83474;15.0;6.3
91;2021-04-22;3169;3368;201453;86842;15.3;6.6
91;2021-04-23;3717;3355;205170;90197;15.6;6.8
91;2021-04-24;3482;3731;208652;93928;15.8;7.1
91;2021-04-25;2618;642;211270;94570;16.0;7.2
91;2021-04-26;3486;2798;214756;97368;16.3;7.4
91;2021-04-27;4488;2922;219244;100290;16.6;7.6
91;2021-04-28;4568;2702;223812;102992;17.0;7.8
91;2021-04-29;5746;3064;229558;106056;17.4;8.0
91;2021-04-30;5387;2852;234945;108908;17.8;8.3
91;2021-05-01;3517;521;238462;109429;18.1;8.3
91;2021-05-02;628;132;239090;109561;18.1;8.3
91;2021-05-03;5203;2291;244293;111852;18.5;8.5
91;2021-05-04;5590;3173;249883;115025;18.9;8.7
91;2021-05-05;4854;2871;254737;117896;19.3;8.9
91;2021-05-06;5250;3375;259987;121271;19.7;9.2
91;2021-05-07;6120;3744;266107;125015;20.2;9.5
91;2021-05-08;6520;965;272627;125980;20.7;9.5
91;2021-05-09;4804;563;277431;126543;21.0;9.6
91;2021-05-10;5904;3007;283335;129550;21.5;9.8
91;2021-05-11;6830;3837;290165;133387;22.0;10.1
91;2021-05-12;5898;3440;296063;136827;22.4;10.4
91;2021-05-13;4826;1083;300889;137910;22.8;10.5
91;2021-05-14;6548;2396;307437;140306;23.3;10.6
91;2021-05-15;7796;1927;315233;142233;23.9;10.8
91;2021-05-16;4584;371;319817;142604;24.2;10.8
91;2021-05-17;6952;1708;326769;144312;24.8;10.9
91;2021-05-18;8121;1742;334890;146054;25.4;11.1
91;2021-05-19;7097;1697;341987;147751;25.9;11.2
91;2021-05-20;8204;2141;350191;149892;26.5;11.4
91;2021-05-21;8145;2580;358336;152472;27.2;11.6
91;2021-05-22;7664;1539;366000;154011;27.7;11.7
91;2021-05-23;4799;533;370799;154544;28.1;11.7
91;2021-05-24;5018;600;375817;155144;28.5;11.8
91;2021-05-25;7627;2650;383444;157794;29.1;12.0
91;2021-05-26;6874;2940;390318;160734;29.6;12.2
91;2021-05-27;7974;3439;398292;164173;30.2;12.4
91;2021-05-28;7537;4321;405829;168494;30.8;12.8
91;2021-05-29;9302;3509;415131;172003;31.5;13.0
91;2021-05-30;5953;961;421084;172964;31.9;13.1
91;2021-05-31;6742;3700;427826;176664;32.4;13.4
91;2021-06-01;7787;4771;435613;181435;33.0;13.8
91;2021-06-02;7452;3957;443065;185392;33.6;14.1
91;2021-06-03;7861;4782;450926;190174;34.2;14.4
91;2021-06-04;7190;5719;458116;195893;34.7;14.8
91;2021-06-05;6388;5819;464504;201712;35.2;15.3
91;2021-06-06;4088;2513;468592;204225;35.5;15.5
91;2021-06-07;5882;5481;474474;209706;36.0;15.9
91;2021-06-08;7044;5795;481518;215501;36.5;16.3
91;2021-06-09;6472;5147;487990;220648;37.0;16.7
91;2021-06-10;7180;5778;495170;226426;37.5;17.2
91;2021-06-11;6545;7109;501715;233535;38.0;17.7
91;2021-06-12;6223;7367;507938;240902;38.5;18.3
91;2021-06-13;2852;2317;510790;243219;38.7;18.4
91;2021-06-14;4225;7198;515015;250417;39.0;19.0
91;2021-06-15;5576;7259;520591;257676;39.5;19.5
91;2021-06-16;5305;6445;525896;264121;39.9;20.0
91;2021-06-17;6250;7135;532146;271256;40.3;20.6
91;2021-06-18;4634;8737;536780;279993;40.7;21.2
91;2021-06-19;4191;7155;540971;287148;41.0;21.8
91;2021-06-20;1009;4212;541980;291360;41.1;22.1
91;2021-06-21;3231;7237;545211;298597;41.3;22.6
91;2021-06-22;4161;9231;549372;307828;41.6;23.3
91;2021-06-23;4318;7962;553690;315790;42.0;23.9
91;2021-06-24;4911;8482;558601;324272;42.3;24.6
91;2021-06-25;3477;9171;562078;333443;42.6;25.3
91;2021-06-26;2988;8033;565066;341476;42.8;25.9
91;2021-06-27;549;2996;565615;344472;42.9;26.1
91;2021-06-28;3129;8239;568744;352711;43.1;26.7
91;2021-06-29;3587;9634;572331;362345;43.4;27.5
91;2021-06-30;3956;8698;576287;371043;43.7;28.1
91;2021-07-01;4098;8875;580385;379918;44.0;28.8
91;2021-07-02;3777;9317;584162;389235;44.3;29.5
91;2021-07-03;2882;9791;587044;399026;44.5;30.2
91;2021-07-04;852;4725;587896;403751;44.6;30.6
91;2021-07-05;2663;7260;590559;411011;44.8;31.2
91;2021-07-06;3758;9431;594317;420442;45.0;31.9
91;2021-07-07;3811;8594;598128;429036;45.3;32.5
91;2021-07-08;4362;8995;602490;438031;45.7;33.2
91;2021-07-09;3967;9952;606457;447983;46.0;34.0
91;2021-07-10;3400;10235;609857;458218;46.2;34.7
91;2021-07-11;985;4803;610842;463021;46.3;35.1
91;2021-07-12;2804;8890;613646;471911;46.5;35.8
91;2021-07-13;4465;10391;618111;482302;46.8;36.6
91;2021-07-14;2302;3582;620413;485884;47.0;36.8
91;2021-07-15;4542;9825;624955;495709;47.4;37.6
91;2021-07-16;6290;9761;631245;505470;47.8;38.3
91;2021-07-17;5750;9066;636995;514536;48.3;39.0
91;2021-07-18;3399;3683;640394;518219;48.5;39.3
91;2021-07-19;3776;7532;644170;525751;48.8;39.8
91;2021-07-20;6073;9305;650243;535056;49.3;40.6
91;2021-07-21;6253;7725;656496;542781;49.8;41.1
91;2021-07-22;6502;8400;662998;551181;50.2;41.8
91;2021-07-23;6921;8277;669919;559458;50.8;42.4
91;2021-07-24;5022;6480;674941;565938;51.2;42.9
91;2021-07-25;3266;1403;678207;567341;51.4;43.0
91;2021-07-26;4937;6592;683144;573933;51.8;43.5
91;2021-07-27;7568;7079;690712;581012;52.4;44.0
91;2021-07-28;7366;5917;698078;586929;52.9;44.5
91;2021-07-29;7396;5910;705474;592839;53.5;44.9
91;2021-07-30;6908;5775;712382;598614;54.0;45.4
91;2021-07-31;4907;4783;717289;603397;54.4;45.7
91;2021-08-01;2656;1337;719945;604734;54.6;45.8
91;2021-08-02;4734;4230;724679;608964;54.9;46.2
91;2021-08-03;5797;4691;730476;613655;55.4;46.5
91;2021-08-04;5695;4137;736171;617792;55.8;46.8
91;2021-08-05;5597;4269;741768;622061;56.2;47.1
91;2021-08-06;5707;5626;747475;627687;56.7;47.6
91;2021-08-07;3073;2416;750548;630103;56.9;47.8
91;2021-08-08;599;1102;751147;631205;56.9;47.8
91;2021-08-09;3787;3973;754934;635178;57.2;48.1
91;2021-08-10;4580;4547;759514;639725;57.6;48.5
91;2021-08-11;4123;4480;763637;644205;57.9;48.8
91;2021-08-12;4037;4771;767674;648976;58.2;49.2
91;2021-08-13;4291;4853;771965;653829;58.5;49.6
91;2021-08-14;2234;2399;774199;656228;58.7;49.7
91;2021-08-15;93;170;774292;656398;58.7;49.7
91;2021-08-16;2925;4654;777217;661052;58.9;50.1
91;2021-08-17;3605;5810;780822;666862;59.2;50.5
91;2021-08-18;3003;5790;783825;672652;59.4;51.0
91;2021-08-19;3448;5769;787273;678421;59.7;51.4
91;2021-08-20;3176;6953;790449;685374;59.9;51.9
91;2021-08-21;2438;3342;792887;688716;60.1;52.2
91;2021-08-22;732;1302;793619;690018;60.1;52.3
91;2021-08-23;2383;5302;796002;695320;60.3;52.7
91;2021-08-24;2959;6955;798961;702275;60.6;53.2
91;2021-08-25;3392;6706;802353;708981;60.8;53.7
91;2021-08-26;2723;5941;805076;714922;61.0;54.2
91;2021-08-27;2815;7498;807891;722420;61.2;54.8
91;2021-08-28;2368;4820;810259;727240;61.4;55.1
91;2021-08-29;1758;2771;812017;730011;61.5;55.3
91;2021-08-30;1762;5607;813779;735618;61.7;55.8
91;2021-08-31;2229;6092;816008;741710;61.8;56.2
91;2021-09-01;2410;4594;818418;746304;62.0;56.6
91;2021-09-02;1889;3892;820307;750196;62.2;56.9
91;2021-09-03;2132;4961;822439;755157;62.3;57.2
91;2021-09-04;2051;4220;824490;759377;62.5;57.6
91;2021-09-05;732;940;825222;760317;62.5;57.6
91;2021-09-06;1656;3492;826878;763809;62.7;57.9
91;2021-09-07;1520;3267;828398;767076;62.8;58.1
91;2021-09-08;1750;3520;830148;770596;62.9;58.4
92;2020-12-27;30;0;30;0;0.0;0.0
92;2020-12-28;20;0;50;0;0.0;0.0
92;2020-12-29;60;0;110;0;0.0;0.0
92;2020-12-30;43;0;153;0;0.0;0.0
92;2020-12-31;6;0;159;0;0.0;0.0
92;2021-01-01;25;0;184;0;0.0;0.0
92;2021-01-02;6;0;190;0;0.0;0.0
92;2021-01-03;9;0;199;0;0.0;0.0
92;2021-01-04;67;1;266;1;0.0;0.0
92;2021-01-05;232;1;498;2;0.0;0.0
92;2021-01-06;416;3;914;5;0.1;0.0
92;2021-01-07;668;4;1582;9;0.1;0.0
92;2021-01-08;843;5;2425;14;0.2;0.0
92;2021-01-09;126;1;2551;15;0.2;0.0
92;2021-01-10;47;0;2598;15;0.2;0.0
92;2021-01-11;849;5;3447;20;0.2;0.0
92;2021-01-12;1301;9;4748;29;0.3;0.0
92;2021-01-13;1244;13;5992;42;0.4;0.0
92;2021-01-14;1219;17;7211;59;0.4;0.0
92;2021-01-15;981;7;8192;66;0.5;0.0
92;2021-01-16;183;1;8375;67;0.5;0.0
92;2021-01-17;25;0;8400;67;0.5;0.0
92;2021-01-18;1547;20;9947;87;0.6;0.0
92;2021-01-19;1560;20;11507;107;0.7;0.0
92;2021-01-20;1811;13;13318;120;0.8;0.0
92;2021-01-21;3443;22;16761;142;1.0;0.0
92;2021-01-22;2613;40;19374;182;1.2;0.0
92;2021-01-23;140;0;19514;182;1.2;0.0
92;2021-01-24;26;0;19540;182;1.2;0.0
92;2021-01-25;851;13;20391;195;1.3;0.0
92;2021-01-26;1216;10;21607;205;1.3;0.0
92;2021-01-27;2219;89;23826;294;1.5;0.0
92;2021-01-28;4192;178;28018;472;1.7;0.0
92;2021-01-29;2719;236;30737;708;1.9;0.0
92;2021-01-30;325;12;31062;720;1.9;0.0
92;2021-01-31;26;2;31088;722;1.9;0.0
92;2021-02-01;866;303;31954;1025;2.0;0.1
92;2021-02-02;1053;328;33007;1353;2.0;0.1
92;2021-02-03;1002;434;34009;1787;2.1;0.1
92;2021-02-04;1046;508;35055;2295;2.2;0.1
92;2021-02-05;1334;471;36389;2766;2.3;0.2
92;2021-02-06;116;17;36505;2783;2.3;0.2
92;2021-02-07;17;13;36522;2796;2.3;0.2
92;2021-02-08;576;652;37098;3448;2.3;0.2
92;2021-02-09;1068;1229;38166;4677;2.4;0.3
92;2021-02-10;1075;1253;39241;5930;2.4;0.4
92;2021-02-11;1506;1840;40747;7770;2.5;0.5
92;2021-02-12;1417;1419;42164;9189;2.6;0.6
92;2021-02-13;75;59;42239;9248;2.6;0.6
92;2021-02-14;25;0;42264;9248;2.6;0.6
92;2021-02-15;573;1358;42837;10606;2.7;0.7
92;2021-02-16;787;1733;43624;12339;2.7;0.8
92;2021-02-17;622;1557;44246;13896;2.7;0.9
92;2021-02-18;1573;3353;45819;17249;2.8;1.1
92;2021-02-19;1733;2448;47552;19697;2.9;1.2
92;2021-02-20;145;359;47697;20056;3.0;1.2
92;2021-02-21;35;51;47732;20107;3.0;1.2
92;2021-02-22;496;1026;48228;21133;3.0;1.3
92;2021-02-23;732;1159;48960;22292;3.0;1.4
92;2021-02-24;610;1111;49570;23403;3.1;1.5
92;2021-02-25;923;1541;50493;24944;3.1;1.5
92;2021-02-26;1456;1211;51949;26155;3.2;1.6
92;2021-02-27;503;179;52452;26334;3.3;1.6
92;2021-02-28;67;56;52519;26390;3.3;1.6
92;2021-03-01;1102;871;53621;27261;3.3;1.7
92;2021-03-02;1975;1169;55596;28430;3.4;1.8
92;2021-03-03;2797;971;58393;29401;3.6;1.8
92;2021-03-04;3596;1359;61989;30760;3.8;1.9
92;2021-03-05;4979;1560;66968;32320;4.1;2.0
92;2021-03-06;5719;324;72687;32644;4.5;2.0
92;2021-03-07;2901;229;75588;32873;4.7;2.0
92;2021-03-08;2420;769;78008;33642;4.8;2.1
92;2021-03-09;3440;987;81448;34629;5.0;2.1
92;2021-03-10;3947;930;85395;35559;5.3;2.2
92;2021-03-11;5019;1374;90414;36933;5.6;2.3
92;2021-03-12;6769;1521;97183;38454;6.0;2.4
92;2021-03-13;5160;240;102343;38694;6.3;2.4
92;2021-03-14;1741;76;104084;38770;6.4;2.4
92;2021-03-15;3806;593;107890;39363;6.7;2.4
92;2021-03-16;3698;584;111588;39947;6.9;2.5
92;2021-03-17;3876;416;115464;40363;7.2;2.5
92;2021-03-18;4128;742;119592;41105;7.4;2.5
92;2021-03-19;5926;724;125518;41829;7.8;2.6
92;2021-03-20;2536;76;128054;41905;7.9;2.6
92;2021-03-21;152;29;128206;41934;7.9;2.6
92;2021-03-22;4115;480;132321;42414;8.2;2.6
92;2021-03-23;6103;871;138424;43285;8.6;2.7
92;2021-03-24;6379;653;144803;43938;9.0;2.7
92;2021-03-25;8440;648;153243;44586;9.5;2.8
92;2021-03-26;8356;896;161599;45482;10.0;2.8
92;2021-03-27;2836;277;164435;45759;10.2;2.8
92;2021-03-28;543;38;164978;45797;10.2;2.8
92;2021-03-29;4662;1060;169640;46857;10.5;2.9
92;2021-03-30;6394;1551;176034;48408;10.9;3.0
92;2021-03-31;5546;2255;181580;50663;11.3;3.1
92;2021-04-01;6269;3674;187849;54337;11.6;3.4
92;2021-04-02;5635;3415;193484;57752;12.0;3.6
92;2021-04-03;875;1417;194359;59169;12.0;3.7
92;2021-04-04;489;1058;194848;60227;12.1;3.7
92;2021-04-05;812;159;195660;60386;12.1;3.7
92;2021-04-06;3664;1953;199324;62339;12.4;3.9
92;2021-04-07;4996;2889;204320;65228;12.7;4.0
92;2021-04-08;5983;3186;210303;68414;13.0;4.2
92;2021-04-09;8038;3053;218341;71467;13.5;4.4
92;2021-04-10;2635;1289;220976;72756;13.7;4.5
92;2021-04-11;159;807;221135;73563;13.7;4.6
92;2021-04-12;3687;2519;224822;76082;13.9;4.7
92;2021-04-13;4382;4421;229204;80503;14.2;5.0
92;2021-04-14;4867;4044;234071;84547;14.5;5.2
92;2021-04-15;5301;3952;239372;88499;14.8;5.5
92;2021-04-16;5076;3858;244448;92357;15.1;5.7
92;2021-04-17;1805;1188;246253;93545;15.3;5.8
92;2021-04-18;348;94;246601;93639;15.3;5.8
92;2021-04-19;2815;2841;249416;96480;15.5;6.0
92;2021-04-20;4192;3755;253608;100235;15.7;6.2
92;2021-04-21;4616;4520;258224;104755;16.0;6.5
92;2021-04-22;4661;5124;262885;109879;16.3;6.8
92;2021-04-23;5245;4706;268130;114585;16.6;7.1
92;2021-04-24;4941;1907;273071;116492;16.9;7.2
92;2021-04-25;1791;149;274862;116641;17.0;7.2
92;2021-04-26;4001;3619;278863;120260;17.3;7.5
92;2021-04-27;6046;5262;284909;125522;17.7;7.8
92;2021-04-28;7382;4494;292291;130016;18.1;8.1
92;2021-04-29;7989;4783;300280;134799;18.6;8.4
92;2021-04-30;8845;4846;309125;139645;19.2;8.7
92;2021-05-01;1201;405;310326;140050;19.2;8.7
92;2021-05-02;664;139;310990;140189;19.3;8.7
92;2021-05-03;6780;3883;317770;144072;19.7;8.9
92;2021-05-04;10429;4362;328199;148434;20.3;9.2
92;2021-05-05;10074;5252;338273;153686;21.0;9.5
92;2021-05-06;11424;4896;349697;158582;21.7;9.8
92;2021-05-07;9870;5294;359567;163876;22.3;10.2
92;2021-05-08;7217;1924;366784;165800;22.7;10.3
92;2021-05-09;3788;601;370572;166401;23.0;10.3
92;2021-05-10;9542;3998;380114;170399;23.6;10.6
92;2021-05-11;13983;5691;394097;176090;24.4;10.9
92;2021-05-12;14288;4580;408385;180670;25.3;11.2
92;2021-05-13;9167;910;417552;181580;25.9;11.3
92;2021-05-14;12032;2310;429584;183890;26.6;11.4
92;2021-05-15;8392;1225;437976;185115;27.1;11.5
92;2021-05-16;4141;452;442117;185567;27.4;11.5
92;2021-05-17;10649;2219;452766;187786;28.1;11.6
92;2021-05-18;16415;3125;469181;190911;29.1;11.8
92;2021-05-19;16037;3717;485218;194628;30.1;12.1
92;2021-05-20;16840;3979;502058;198607;31.1;12.3
92;2021-05-21;14079;3625;516137;202232;32.0;12.5
92;2021-05-22;8318;1514;524455;203746;32.5;12.6
92;2021-05-23;4086;454;528541;204200;32.8;12.7
92;2021-05-24;6124;855;534665;205055;33.1;12.7
92;2021-05-25;13113;4561;547778;209616;33.9;13.0
92;2021-05-26;11932;5040;559710;214656;34.7;13.3
92;2021-05-27;12741;6326;572451;220982;35.5;13.7
92;2021-05-28;11234;6278;583685;227260;36.2;14.1
92;2021-05-29;5454;2305;589139;229565;36.5;14.2
92;2021-05-30;2250;389;591389;229954;36.6;14.2
92;2021-05-31;12057;5303;603446;235257;37.4;14.6
92;2021-06-01;12630;7638;616076;242895;38.2;15.1
92;2021-06-02;14384;7208;630460;250103;39.1;15.5
92;2021-06-03;14599;8026;645059;258129;40.0;16.0
92;2021-06-04;12231;8224;657290;266353;40.7;16.5
92;2021-06-05;7385;6237;664675;272590;41.2;16.9
92;2021-06-06;3595;1674;668270;274264;41.4;17.0
92;2021-06-07;11443;7634;679713;281898;42.1;17.5
92;2021-06-08;12765;9601;692478;291499;42.9;18.1
92;2021-06-09;11667;9480;704145;300979;43.6;18.7
92;2021-06-10;11974;10565;716119;311544;44.4;19.3
92;2021-06-11;8149;11038;724268;322582;44.9;20.0
92;2021-06-12;6368;5098;730636;327680;45.3;20.3
92;2021-06-13;3967;2721;734603;330401;45.5;20.5
92;2021-06-14;5219;11170;739822;341571;45.8;21.2
92;2021-06-15;6536;13123;746358;354694;46.2;22.0
92;2021-06-16;6959;12991;753317;367685;46.7;22.8
92;2021-06-17;7428;14007;760745;381692;47.1;23.7
92;2021-06-18;6902;14393;767647;396085;47.6;24.5
92;2021-06-19;3963;9109;771610;405194;47.8;25.1
92;2021-06-20;1966;5610;773576;410804;47.9;25.5
92;2021-06-21;4841;12279;778417;423083;48.2;26.2
92;2021-06-22;5884;17547;784301;440630;48.6;27.3
92;2021-06-23;5488;15994;789789;456624;48.9;28.3
92;2021-06-24;6207;15124;795996;471748;49.3;29.2
92;2021-06-25;5120;16101;801116;487849;49.6;30.2
92;2021-06-26;4073;10458;805189;498307;49.9;30.9
92;2021-06-27;1861;6051;807050;504358;50.0;31.3
92;2021-06-28;3678;12051;810728;516409;50.2;32.0
92;2021-06-29;4691;18158;815419;534567;50.5;33.1
92;2021-06-30;4461;16233;819880;550800;50.8;34.1
92;2021-07-01;5555;16310;825435;567110;51.1;35.1
92;2021-07-02;4950;15282;830385;582392;51.5;36.1
92;2021-07-03;3306;10185;833691;592577;51.7;36.7
92;2021-07-04;1123;4207;834814;596784;51.7;37.0
92;2021-07-05;4826;12333;839640;609117;52.0;37.7
92;2021-07-06;5289;15815;844929;624932;52.4;38.7
92;2021-07-07;4263;11452;849192;636384;52.6;39.4
92;2021-07-08;5413;14639;854605;651023;53.0;40.3
92;2021-07-09;5903;14212;860508;665235;53.3;41.2
92;2021-07-10;4379;8457;864887;673692;53.6;41.7
92;2021-07-11;1486;2617;866373;676309;53.7;41.9
92;2021-07-12;4417;14634;870790;690943;54.0;42.8
92;2021-07-13;7882;17459;878672;708402;54.4;43.9
92;2021-07-14;5113;5743;883785;714145;54.8;44.3
92;2021-07-15;9583;16256;893368;730401;55.4;45.3
92;2021-07-16;9064;14181;902432;744582;55.9;46.1
92;2021-07-17;6581;7610;909013;752192;56.3;46.6
92;2021-07-18;1839;2482;910852;754674;56.4;46.8
92;2021-07-19;6477;13204;917329;767878;56.8;47.6
92;2021-07-20;10093;14108;927422;781986;57.5;48.5
92;2021-07-21;10471;12122;937893;794108;58.1;49.2
92;2021-07-22;12058;12991;949951;807099;58.9;50.0
92;2021-07-23;11599;11362;961550;818461;59.6;50.7
92;2021-07-24;6734;6262;968284;824723;60.0;51.1
92;2021-07-25;2780;2326;971064;827049;60.2;51.2
92;2021-07-26;9498;9179;980562;836228;60.8;51.8
92;2021-07-27;11501;9605;992063;845833;61.5;52.4
92;2021-07-28;12955;8202;1005018;854035;62.3;52.9
92;2021-07-29;10446;8628;1015464;862663;62.9;53.5
92;2021-07-30;9132;8352;1024596;871015;63.5;54.0
92;2021-07-31;5704;4810;1030300;875825;63.8;54.3
92;2021-08-01;2204;1301;1032504;877126;64.0;54.4
92;2021-08-02;4669;4937;1037173;882063;64.3;54.7
92;2021-08-03;5135;6146;1042308;888209;64.6;55.0
92;2021-08-04;4766;4865;1047074;893074;64.9;55.3
92;2021-08-05;4520;5682;1051594;898756;65.2;55.7
92;2021-08-06;4543;5970;1056137;904726;65.4;56.1
92;2021-08-07;2824;4227;1058961;908953;65.6;56.3
92;2021-08-08;961;1080;1059922;910033;65.7;56.4
92;2021-08-09;3209;4254;1063131;914287;65.9;56.7
92;2021-08-10;3822;5609;1066953;919896;66.1;57.0
92;2021-08-11;3206;4434;1070159;924330;66.3;57.3
92;2021-08-12;3379;5593;1073538;929923;66.5;57.6
92;2021-08-13;2967;5138;1076505;935061;66.7;57.9
92;2021-08-14;1884;3933;1078389;938994;66.8;58.2
92;2021-08-15;579;841;1078968;939835;66.9;58.2
92;2021-08-16;2370;5320;1081338;945155;67.0;58.6
92;2021-08-17;2623;6985;1083961;952140;67.2;59.0
92;2021-08-18;2401;5254;1086362;957394;67.3;59.3
92;2021-08-19;2498;5743;1088860;963137;67.5;59.7
92;2021-08-20;2249;5185;1091109;968322;67.6;60.0
92;2021-08-21;1378;4220;1092487;972542;67.7;60.3
92;2021-08-22;421;1597;1092908;974139;67.7;60.4
92;2021-08-23;2426;6595;1095334;980734;67.9;60.8
92;2021-08-24;3128;8342;1098462;989076;68.1;61.3
92;2021-08-25;2836;7574;1101298;996650;68.2;61.8
92;2021-08-26;2950;7571;1104248;1004221;68.4;62.2
92;2021-08-27;3059;7013;1107307;1011234;68.6;62.7
92;2021-08-28;1612;4516;1108919;1015750;68.7;62.9
92;2021-08-29;343;789;1109262;1016539;68.7;63.0
92;2021-08-30;2208;4892;1111470;1021431;68.9;63.3
92;2021-08-31;3077;7024;1114547;1028455;69.1;63.7
92;2021-09-01;3258;7584;1117805;1036039;69.3;64.2
92;2021-09-02;2614;6821;1120419;1042860;69.4;64.6
92;2021-09-03;2628;6581;1123047;1049441;69.6;65.0
92;2021-09-04;2190;5041;1125237;1054482;69.7;65.3
92;2021-09-05;441;1048;1125678;1055530;69.8;65.4
92;2021-09-06;1292;3695;1126970;1059225;69.8;65.6
92;2021-09-07;1671;4175;1128641;1063400;69.9;65.9
92;2021-09-08;2129;4265;1130770;1067665;70.1;66.2
93;2020-12-27;11;3;11;3;0.0;0.0
93;2020-12-28;5;0;16;3;0.0;0.0
93;2020-12-29;0;0;16;3;0.0;0.0
93;2020-12-30;44;1;60;4;0.0;0.0
93;2020-12-31;10;0;70;4;0.0;0.0
93;2021-01-01;5;0;75;4;0.0;0.0
93;2021-01-02;0;0;75;4;0.0;0.0
93;2021-01-03;3;0;78;4;0.0;0.0
93;2021-01-04;2;0;80;4;0.0;0.0
93;2021-01-05;64;1;144;5;0.0;0.0
93;2021-01-06;179;0;323;5;0.0;0.0
93;2021-01-07;381;3;704;8;0.0;0.0
93;2021-01-08;632;1;1336;9;0.1;0.0
93;2021-01-09;21;0;1357;9;0.1;0.0
93;2021-01-10;2;0;1359;9;0.1;0.0
93;2021-01-11;504;4;1863;13;0.1;0.0
93;2021-01-12;753;7;2616;20;0.2;0.0
93;2021-01-13;751;6;3367;26;0.2;0.0
93;2021-01-14;688;18;4055;44;0.2;0.0
93;2021-01-15;516;3;4571;47;0.3;0.0
93;2021-01-16;139;3;4710;50;0.3;0.0
93;2021-01-17;6;1;4716;51;0.3;0.0
93;2021-01-18;1199;9;5915;60;0.4;0.0
93;2021-01-19;1614;16;7529;76;0.5;0.0
93;2021-01-20;1557;19;9086;95;0.5;0.0
93;2021-01-21;1919;35;11005;130;0.7;0.0
93;2021-01-22;1390;15;12395;145;0.7;0.0
93;2021-01-23;712;4;13107;149;0.8;0.0
93;2021-01-24;0;0;13107;149;0.8;0.0
93;2021-01-25;1210;14;14317;163;0.9;0.0
93;2021-01-26;1291;28;15608;191;0.9;0.0
93;2021-01-27;2160;66;17768;257;1.1;0.0
93;2021-01-28;2265;175;20033;432;1.2;0.0
93;2021-01-29;1623;212;21656;644;1.3;0.0
93;2021-01-30;927;40;22583;684;1.4;0.0
93;2021-01-31;9;5;22592;689;1.4;0.0
93;2021-02-01;1184;154;23776;843;1.4;0.1
93;2021-02-02;1170;291;24946;1134;1.5;0.1
93;2021-02-03;1231;389;26177;1523;1.6;0.1
93;2021-02-04;924;546;27101;2069;1.6;0.1
93;2021-02-05;798;408;27899;2477;1.7;0.1
93;2021-02-06;694;65;28593;2542;1.7;0.2
93;2021-02-07;6;0;28599;2542;1.7;0.2
93;2021-02-08;912;598;29511;3140;1.8;0.2
93;2021-02-09;851;580;30362;3720;1.8;0.2
93;2021-02-10;882;633;31244;4353;1.9;0.3
93;2021-02-11;1244;806;32488;5159;1.9;0.3
93;2021-02-12;1042;587;33530;5746;2.0;0.3
93;2021-02-13;395;229;33925;5975;2.0;0.4
93;2021-02-14;13;59;33938;6034;2.0;0.4
93;2021-02-15;414;1009;34352;7043;2.1;0.4
93;2021-02-16;549;1084;34901;8127;2.1;0.5
93;2021-02-17;541;1527;35442;9654;2.1;0.6
93;2021-02-18;1133;1725;36575;11379;2.2;0.7
93;2021-02-19;992;1420;37567;12799;2.2;0.8
93;2021-02-20;304;590;37871;13389;2.3;0.8
93;2021-02-21;9;23;37880;13412;2.3;0.8
93;2021-02-22;602;1080;38482;14492;2.3;0.9
93;2021-02-23;564;965;39046;15457;2.3;0.9
93;2021-02-24;643;1055;39689;16512;2.4;1.0
93;2021-02-25;901;932;40590;17444;2.4;1.0
93;2021-02-26;1121;888;41711;18332;2.5;1.1
93;2021-02-27;543;565;42254;18897;2.5;1.1
93;2021-02-28;87;57;42341;18954;2.5;1.1
93;2021-03-01;1083;932;43424;19886;2.6;1.2
93;2021-03-02;1443;1026;44867;20912;2.7;1.3
93;2021-03-03;1742;1105;46609;22017;2.8;1.3
93;2021-03-04;2717;1070;49326;23087;3.0;1.4
93;2021-03-05;3821;850;53147;23937;3.2;1.4
93;2021-03-06;5049;551;58196;24488;3.5;1.5
93;2021-03-07;4302;232;62498;24720;3.7;1.5
93;2021-03-08;2035;1186;64533;25906;3.9;1.6
93;2021-03-09;2917;942;67450;26848;4.0;1.6
93;2021-03-10;2860;1091;70310;27939;4.2;1.7
93;2021-03-11;3568;1239;73878;29178;4.4;1.7
93;2021-03-12;4125;1284;78003;30462;4.7;1.8
93;2021-03-13;4290;628;82293;31090;4.9;1.9
93;2021-03-14;883;74;83176;31164;5.0;1.9
93;2021-03-15;3555;680;86731;31844;5.2;1.9
93;2021-03-16;3160;614;89891;32458;5.4;1.9
93;2021-03-17;2657;599;92548;33057;5.5;2.0
93;2021-03-18;3315;715;95863;33772;5.7;2.0
93;2021-03-19;3767;642;99630;34414;6.0;2.1
93;2021-03-20;3462;304;103092;34718;6.2;2.1
93;2021-03-21;813;269;103905;34987;6.2;2.1
93;2021-03-22;3849;622;107754;35609;6.5;2.1
93;2021-03-23;4765;812;112519;36421;6.7;2.2
93;2021-03-24;4114;688;116633;37109;7.0;2.2
93;2021-03-25;5584;871;122217;37980;7.3;2.3
93;2021-03-26;5550;892;127767;38872;7.7;2.3
93;2021-03-27;4283;319;132050;39191;7.9;2.3
93;2021-03-28;613;42;132663;39233;7.9;2.3
93;2021-03-29;3853;968;136516;40201;8.2;2.4
93;2021-03-30;4726;1269;141242;41470;8.5;2.5
93;2021-03-31;3913;1249;145155;42719;8.7;2.6
93;2021-04-01;4059;3145;149214;45864;8.9;2.7
93;2021-04-02;3225;3555;152439;49419;9.1;3.0
93;2021-04-03;2520;2263;154959;51682;9.3;3.1
93;2021-04-04;764;160;155723;51842;9.3;3.1
93;2021-04-05;708;87;156431;51929;9.4;3.1
93;2021-04-06;4564;2352;160995;54281;9.6;3.3
93;2021-04-07;4905;2097;165900;56378;9.9;3.4
93;2021-04-08;5814;2683;171714;59061;10.3;3.5
93;2021-04-09;6095;3186;177809;62247;10.6;3.7
93;2021-04-10;4199;2492;182008;64739;10.9;3.9
93;2021-04-11;575;433;182583;65172;10.9;3.9
93;2021-04-12;4099;2920;186682;68092;11.2;4.1
93;2021-04-13;4601;3661;191283;71753;11.5;4.3
93;2021-04-14;4364;2477;195647;74230;11.7;4.4
93;2021-04-15;4559;3034;200206;77264;12.0;4.6
93;2021-04-16;4442;2995;204648;80259;12.3;4.8
93;2021-04-17;3518;2501;208166;82760;12.5;5.0
93;2021-04-18;292;434;208458;83194;12.5;5.0
93;2021-04-19;3778;2862;212236;86056;12.7;5.2
93;2021-04-20;4308;3265;216544;89321;13.0;5.3
93;2021-04-21;4145;2771;220689;92092;13.2;5.5
93;2021-04-22;4511;4018;225200;96110;13.5;5.8
93;2021-04-23;5625;3244;230825;99354;13.8;5.9
93;2021-04-24;5923;3326;236748;102680;14.2;6.1
93;2021-04-25;1732;598;238480;103278;14.3;6.2
93;2021-04-26;4860;3080;243340;106358;14.6;6.4
93;2021-04-27;6458;3625;249798;109983;15.0;6.6
93;2021-04-28;6077;3431;255875;113414;15.3;6.8
93;2021-04-29;7303;3251;263178;116665;15.8;7.0
93;2021-04-30;8263;3115;271441;119780;16.3;7.2
93;2021-05-01;4950;1194;276391;120974;16.5;7.2
93;2021-05-02;419;646;276810;121620;16.6;7.3
93;2021-05-03;8173;5118;284983;126738;17.1;7.6
93;2021-05-04;7824;5404;292807;132142;17.5;7.9
93;2021-05-05;7577;4807;300384;136949;18.0;8.2
93;2021-05-06;8253;4781;308637;141730;18.5;8.5
93;2021-05-07;7013;5428;315650;147158;18.9;8.8
93;2021-05-08;8362;2390;324012;149548;19.4;9.0
93;2021-05-09;6124;1368;330136;150916;19.8;9.0
93;2021-05-10;8255;4077;338391;154993;20.3;9.3
93;2021-05-11;9315;4809;347706;159802;20.8;9.6
93;2021-05-12;9190;3655;356896;163457;21.4;9.8
93;2021-05-13;8300;1651;365196;165108;21.9;9.9
93;2021-05-14;10425;3530;375621;168638;22.5;10.1
93;2021-05-15;11126;3011;386747;171649;23.2;10.3
93;2021-05-16;5559;728;392306;172377;23.5;10.3
93;2021-05-17;11901;2269;404207;174646;24.2;10.5
93;2021-05-18;14105;2396;418312;177042;25.0;10.6
93;2021-05-19;11433;2948;429745;179990;25.7;10.8
93;2021-05-20;12621;3483;442366;183473;26.5;11.0
93;2021-05-21;13019;2887;455385;186360;27.3;11.2
93;2021-05-22;12384;2200;467769;188560;28.0;11.3
93;2021-05-23;8480;1107;476249;189667;28.5;11.4
93;2021-05-24;11202;1941;487451;191608;29.2;11.5
93;2021-05-25;12299;4317;499750;195925;29.9;11.7
93;2021-05-26;11078;3756;510828;199681;30.6;12.0
93;2021-05-27;12712;3895;523540;203576;31.3;12.2
93;2021-05-28;12653;5256;536193;208832;32.1;12.5
93;2021-05-29;11396;4270;547589;213102;32.8;12.8
93;2021-05-30;8216;1379;555805;214481;33.3;12.8
93;2021-05-31;9182;5174;564987;219655;33.8;13.2
93;2021-06-01;11397;6280;576384;225935;34.5;13.5
93;2021-06-02;10719;5198;587103;231133;35.2;13.8
93;2021-06-03;10820;5520;597923;236653;35.8;14.2
93;2021-06-04;10612;7802;608535;244455;36.4;14.6
93;2021-06-05;9021;7355;617556;251810;37.0;15.1
93;2021-06-06;8408;1748;625964;253558;37.5;15.2
93;2021-06-07;10071;7525;636035;261083;38.1;15.6
93;2021-06-08;10383;7378;646418;268461;38.7;16.1
93;2021-06-09;10242;7292;656660;275753;39.3;16.5
93;2021-06-10;9011;8197;665671;283950;39.9;17.0
93;2021-06-11;8845;8816;674516;292766;40.4;17.5
93;2021-06-12;9869;6657;684385;299423;41.0;17.9
93;2021-06-13;7174;2129;691559;301552;41.4;18.1
93;2021-06-14;5400;9735;696959;311287;41.7;18.6
93;2021-06-15;6240;9659;703199;320946;42.1;19.2
93;2021-06-16;6645;9056;709844;330002;42.5;19.8
93;2021-06-17;5753;8471;715597;338473;42.8;20.3
93;2021-06-18;7224;11120;722821;349593;43.3;20.9
93;2021-06-19;7079;11098;729900;360691;43.7;21.6
93;2021-06-20;4955;6880;734855;367571;44.0;22.0
93;2021-06-21;4075;10730;738930;378301;44.2;22.7
93;2021-06-22;4694;11315;743624;389616;44.5;23.3
93;2021-06-23;4545;10599;748169;400215;44.8;24.0
93;2021-06-24;4209;10303;752378;410518;45.0;24.6
93;2021-06-25;5186;13058;757564;423576;45.4;25.4
93;2021-06-26;5300;13927;762864;437503;45.7;26.2
93;2021-06-27;3291;7106;766155;444609;45.9;26.6
93;2021-06-28;3703;12509;769858;457118;46.1;27.4
93;2021-06-29;4021;12353;773879;469471;46.3;28.1
93;2021-06-30;4141;11305;778020;480776;46.6;28.8
93;2021-07-01;6061;11162;784081;491938;46.9;29.5
93;2021-07-02;5765;12379;789846;504317;47.3;30.2
93;2021-07-03;5377;13454;795223;517771;47.6;31.0
93;2021-07-04;3084;7887;798307;525658;47.8;31.5
93;2021-07-05;4577;10851;802884;536509;48.1;32.1
93;2021-07-06;4845;11761;807729;548270;48.4;32.8
93;2021-07-07;5091;11412;812820;559682;48.7;33.5
93;2021-07-08;5046;10264;817866;569946;49.0;34.1
93;2021-07-09;5920;13033;823786;582979;49.3;34.9
93;2021-07-10;5905;14291;829691;597270;49.7;35.8
93;2021-07-11;3694;9090;833385;606360;49.9;36.3
93;2021-07-12;5585;12078;838970;618438;50.2;37.0
93;2021-07-13;11135;13301;850105;631739;50.9;37.8
93;2021-07-14;10657;6798;860762;638537;51.5;38.2
93;2021-07-15;12539;14135;873301;652672;52.3;39.1
93;2021-07-16;13217;13701;886518;666373;53.1;39.9
93;2021-07-17;11382;13918;897900;680291;53.8;40.7
93;2021-07-18;7407;8961;905307;689252;54.2;41.3
93;2021-07-19;9634;10930;914941;700182;54.8;41.9
93;2021-07-20;12644;10689;927585;710871;55.5;42.6
93;2021-07-21;14252;10956;941837;721827;56.4;43.2
93;2021-07-22;14163;9474;956000;731301;57.2;43.8
93;2021-07-23;14589;10661;970589;741962;58.1;44.4
93;2021-07-24;13922;10644;984511;752606;58.9;45.1
93;2021-07-25;9049;6359;993560;758965;59.5;45.4
93;2021-07-26;12733;7790;1006293;766755;60.3;45.9
93;2021-07-27;15109;7449;1021402;774204;61.2;46.4
93;2021-07-28;14933;8295;1036335;782499;62.1;46.9
93;2021-07-29;13542;7063;1049877;789562;62.9;47.3
93;2021-07-30;13925;7859;1063802;797421;63.7;47.7
93;2021-07-31;12254;7717;1076056;805138;64.4;48.2
93;2021-08-01;7469;4604;1083525;809742;64.9;48.5
93;2021-08-02;8608;5697;1092133;815439;65.4;48.8
93;2021-08-03;7407;6861;1099540;822300;65.8;49.2
93;2021-08-04;7739;7996;1107279;830296;66.3;49.7
93;2021-08-05;5978;6859;1113257;837155;66.7;50.1
93;2021-08-06;7009;8332;1120266;845487;67.1;50.6
93;2021-08-07;7361;9048;1127627;854535;67.5;51.2
93;2021-08-08;4455;5563;1132082;860098;67.8;51.5
93;2021-08-09;6993;8079;1139075;868177;68.2;52.0
93;2021-08-10;7333;8842;1146408;877019;68.6;52.5
93;2021-08-11;7448;9690;1153856;886709;69.1;53.1
93;2021-08-12;6324;9027;1160180;895736;69.5;53.6
93;2021-08-13;6407;9016;1166587;904752;69.8;54.2
93;2021-08-14;5892;10483;1172479;915235;70.2;54.8
93;2021-08-15;2724;3620;1175203;918855;70.4;55.0
93;2021-08-16;5488;11211;1180691;930066;70.7;55.7
93;2021-08-17;5829;10920;1186520;940986;71.0;56.3
93;2021-08-18;5436;11192;1191956;952178;71.4;57.0
93;2021-08-19;4481;9664;1196437;961842;71.6;57.6
93;2021-08-20;4783;11218;1201220;973060;71.9;58.3
93;2021-08-21;4257;11938;1205477;984998;72.2;59.0
93;2021-08-22;2202;7050;1207679;992048;72.3;59.4
93;2021-08-23;4342;9316;1212021;1001364;72.6;60.0
93;2021-08-24;4326;8415;1216347;1009779;72.8;60.5
93;2021-08-25;4158;8591;1220505;1018370;73.1;61.0
93;2021-08-26;3649;7079;1224154;1025449;73.3;61.4
93;2021-08-27;3922;8533;1228076;1033982;73.5;61.9
93;2021-08-28;3799;9552;1231875;1043534;73.8;62.5
93;2021-08-29;1764;4805;1233639;1048339;73.9;62.8
93;2021-08-30;2954;7596;1236593;1055935;74.0;63.2
93;2021-08-31;3020;7776;1239613;1063711;74.2;63.7
93;2021-09-01;3212;7687;1242825;1071398;74.4;64.1
93;2021-09-02;2660;6002;1245485;1077400;74.6;64.5
93;2021-09-03;2817;7274;1248302;1084674;74.7;64.9
93;2021-09-04;3292;8916;1251594;1093590;74.9;65.5
93;2021-09-05;1262;3706;1252856;1097296;75.0;65.7
93;2021-09-06;1810;5303;1254666;1102599;75.1;66.0
93;2021-09-07;1752;4800;1256418;1107399;75.2;66.3
93;2021-09-08;2171;5585;1258589;1112984;75.4;66.6
94;2020-12-27;6;0;6;0;0.0;0.0
94;2020-12-28;11;0;17;0;0.0;0.0
94;2020-12-29;0;0;17;0;0.0;0.0
94;2020-12-30;1;0;18;0;0.0;0.0
94;2020-12-31;7;0;25;0;0.0;0.0
94;2021-01-01;4;0;29;0;0.0;0.0
94;2021-01-02;0;0;29;0;0.0;0.0
94;2021-01-03;3;0;32;0;0.0;0.0
94;2021-01-04;39;2;71;2;0.0;0.0
94;2021-01-05;233;2;304;4;0.0;0.0
94;2021-01-06;332;4;636;8;0.0;0.0
94;2021-01-07;691;11;1327;19;0.1;0.0
94;2021-01-08;922;10;2249;29;0.2;0.0
94;2021-01-09;47;0;2296;29;0.2;0.0
94;2021-01-10;18;0;2314;29;0.2;0.0
94;2021-01-11;1014;10;3328;39;0.2;0.0
94;2021-01-12;1345;25;4673;64;0.3;0.0
94;2021-01-13;1408;26;6081;90;0.4;0.0
94;2021-01-14;1545;28;7626;118;0.5;0.0
94;2021-01-15;1221;23;8847;141;0.6;0.0
94;2021-01-16;197;1;9044;142;0.6;0.0
94;2021-01-17;98;0;9142;142;0.7;0.0
94;2021-01-18;1498;26;10640;168;0.8;0.0
94;2021-01-19;1951;29;12591;197;0.9;0.0
94;2021-01-20;2184;23;14775;220;1.1;0.0
94;2021-01-21;3006;17;17781;237;1.3;0.0
94;2021-01-22;2189;26;19970;263;1.4;0.0
94;2021-01-23;733;3;20703;266;1.5;0.0
94;2021-01-24;284;0;20987;266;1.5;0.0
94;2021-01-25;1470;21;22457;287;1.6;0.0
94;2021-01-26;1575;19;24032;306;1.7;0.0
94;2021-01-27;1839;33;25871;339;1.8;0.0
94;2021-01-28;1537;127;27408;466;1.9;0.0
94;2021-01-29;1381;141;28789;607;2.0;0.0
94;2021-01-30;580;4;29369;611;2.1;0.0
94;2021-01-31;122;8;29491;619;2.1;0.0
94;2021-02-01;929;144;30420;763;2.2;0.1
94;2021-02-02;853;232;31273;995;2.2;0.1
94;2021-02-03;762;351;32035;1346;2.3;0.1
94;2021-02-04;901;400;32936;1746;2.3;0.1
94;2021-02-05;873;550;33809;2296;2.4;0.2
94;2021-02-06;406;64;34215;2360;2.4;0.2
94;2021-02-07;122;0;34337;2360;2.4;0.2
94;2021-02-08;635;486;34972;2846;2.5;0.2
94;2021-02-09;1036;955;36008;3801;2.6;0.3
94;2021-02-10;1101;1306;37109;5107;2.6;0.4
94;2021-02-11;1429;1516;38538;6623;2.7;0.5
94;2021-02-12;1390;1588;39928;8211;2.8;0.6
94;2021-02-13;300;213;40228;8424;2.9;0.6
94;2021-02-14;30;70;40258;8494;2.9;0.6
94;2021-02-15;752;1594;41010;10088;2.9;0.7
94;2021-02-16;702;2462;41712;12550;3.0;0.9
94;2021-02-17;716;1418;42428;13968;3.0;1.0
94;2021-02-18;788;1518;43216;15486;3.1;1.1
94;2021-02-19;966;1302;44182;16788;3.1;1.2
94;2021-02-20;133;793;44315;17581;3.2;1.3
94;2021-02-21;21;158;44336;17739;3.2;1.3
94;2021-02-22;522;1141;44858;18880;3.2;1.3
94;2021-02-23;624;1087;45482;19967;3.2;1.4
94;2021-02-24;695;752;46177;20719;3.3;1.5
94;2021-02-25;1071;1385;47248;22104;3.4;1.6
94;2021-02-26;1324;908;48572;23012;3.5;1.6
94;2021-02-27;518;482;49090;23494;3.5;1.7
94;2021-02-28;91;77;49181;23571;3.5;1.7
94;2021-03-01;883;847;50064;24418;3.6;1.7
94;2021-03-02;1566;874;51630;25292;3.7;1.8
94;2021-03-03;1948;936;53578;26228;3.8;1.9
94;2021-03-04;2862;1094;56440;27322;4.0;1.9
94;2021-03-05;3835;1293;60275;28615;4.3;2.0
94;2021-03-06;4820;566;65095;29181;4.6;2.1
94;2021-03-07;3689;550;68784;29731;4.9;2.1
94;2021-03-08;1918;770;70702;30501;5.0;2.2
94;2021-03-09;2556;902;73258;31403;5.2;2.2
94;2021-03-10;3200;1030;76458;32433;5.4;2.3
94;2021-03-11;3839;940;80297;33373;5.7;2.4
94;2021-03-12;4582;829;84879;34202;6.0;2.4
94;2021-03-13;4131;402;89010;34604;6.3;2.5
94;2021-03-14;2115;157;91125;34761;6.5;2.5
94;2021-03-15;3171;785;94296;35546;6.7;2.5
94;2021-03-16;2775;439;97071;35985;6.9;2.6
94;2021-03-17;2860;464;99931;36449;7.1;2.6
94;2021-03-18;3264;446;103195;36895;7.3;2.6
94;2021-03-19;4273;711;107468;37606;7.6;2.7
94;2021-03-20;3692;302;111160;37908;7.9;2.7
94;2021-03-21;1465;384;112625;38292;8.0;2.7
94;2021-03-22;3221;667;115846;38959;8.2;2.8
94;2021-03-23;4513;731;120359;39690;8.6;2.8
94;2021-03-24;4628;630;124987;40320;8.9;2.9
94;2021-03-25;6322;680;131309;41000;9.3;2.9
94;2021-03-26;6091;823;137400;41823;9.8;3.0
94;2021-03-27;4472;281;141872;42104;10.1;3.0
94;2021-03-28;1890;110;143762;42214;10.2;3.0
94;2021-03-29;4126;1229;147888;43443;10.5;3.1
94;2021-03-30;5300;1357;153188;44800;10.9;3.2
94;2021-03-31;4913;1803;158101;46603;11.2;3.3
94;2021-04-01;5829;2317;163930;48920;11.7;3.5
94;2021-04-02;5247;2320;169177;51240;12.0;3.6
94;2021-04-03;3088;2510;172265;53750;12.3;3.8
94;2021-04-04;1052;773;173317;54523;12.3;3.9
94;2021-04-05;837;150;174154;54673;12.4;3.9
94;2021-04-06;3580;2558;177734;57231;12.6;4.1
94;2021-04-07;3867;2268;181601;59499;12.9;4.2
94;2021-04-08;4629;2068;186230;61567;13.2;4.4
94;2021-04-09;5362;2480;191592;64047;13.6;4.6
94;2021-04-10;2958;3004;194550;67051;13.8;4.8
94;2021-04-11;1268;1768;195818;68819;13.9;4.9
94;2021-04-12;3440;2287;199258;71106;14.2;5.1
94;2021-04-13;4313;3416;203571;74522;14.5;5.3
94;2021-04-14;3906;2698;207477;77220;14.8;5.5
94;2021-04-15;4446;2998;211923;80218;15.1;5.7
94;2021-04-16;4708;2850;216631;83068;15.4;5.9
94;2021-04-17;2462;2771;219093;85839;15.6;6.1
94;2021-04-18;920;1244;220013;87083;15.6;6.2
94;2021-04-19;2976;2446;222989;89529;15.9;6.4
94;2021-04-20;3274;2713;226263;92242;16.1;6.6
94;2021-04-21;3220;3166;229483;95408;16.3;6.8
94;2021-04-22;3913;3657;233396;99065;16.6;7.0
94;2021-04-23;4117;3996;237513;103061;16.9;7.3
94;2021-04-24;4266;3406;241779;106467;17.2;7.6
94;2021-04-25;2408;1509;244187;107976;17.4;7.7
94;2021-04-26;4013;3284;248200;111260;17.7;7.9
94;2021-04-27;5098;3374;253298;114634;18.0;8.2
94;2021-04-28;4833;3643;258131;118277;18.4;8.4
94;2021-04-29;6420;3811;264551;122088;18.8;8.7
94;2021-04-30;6486;3939;271037;126027;19.3;9.0
94;2021-05-01;4057;1064;275094;127091;19.6;9.0
94;2021-05-02;3053;1474;278147;128565;19.8;9.1
94;2021-05-03;5737;5334;283884;133899;20.2;9.5
94;2021-05-04;6100;3572;289984;137471;20.6;9.8
94;2021-05-05;6183;3427;296167;140898;21.1;10.0
94;2021-05-06;7159;3535;303326;144433;21.6;10.3
94;2021-05-07;6676;4122;310002;148555;22.0;10.6
94;2021-05-08;4904;2557;314906;151112;22.4;10.7
94;2021-05-09;4226;2255;319132;153367;22.7;10.9
94;2021-05-10;7717;3131;326849;156498;23.2;11.1
94;2021-05-11;8979;3936;335828;160434;23.9;11.4
94;2021-05-12;9580;3600;345408;164034;24.6;11.7
94;2021-05-13;8679;1370;354087;165404;25.2;11.8
94;2021-05-14;9875;3314;363962;168718;25.9;12.0
94;2021-05-15;8944;2166;372906;170884;26.5;12.2
94;2021-05-16;5070;912;377976;171796;26.9;12.2
94;2021-05-17;10839;2253;388815;174049;27.7;12.4
94;2021-05-18;11297;2451;400112;176500;28.5;12.6
94;2021-05-19;11675;3604;411787;180104;29.3;12.8
94;2021-05-20;12154;4360;423941;184464;30.2;13.1
94;2021-05-21;11880;3164;435821;187628;31.0;13.3
94;2021-05-22;10291;1974;446112;189602;31.7;13.5
94;2021-05-23;5003;711;451115;190313;32.1;13.5
94;2021-05-24;9670;1350;460785;191663;32.8;13.6
94;2021-05-25;10005;4271;470790;195934;33.5;13.9
94;2021-05-26;10296;3315;481086;199249;34.2;14.2
94;2021-05-27;10870;4589;491956;203838;35.0;14.5
94;2021-05-28;10452;4953;502408;208791;35.7;14.8
94;2021-05-29;9873;3456;512281;212247;36.4;15.1
94;2021-05-30;4788;931;517069;213178;36.8;15.2
94;2021-05-31;9989;4240;527058;217418;37.5;15.5
94;2021-06-01;10325;5106;537383;222524;38.2;15.8
94;2021-06-02;9370;4594;546753;227118;38.9;16.2
94;2021-06-03;9569;5605;556322;232723;39.6;16.6
94;2021-06-04;10415;6541;566737;239264;40.3;17.0
94;2021-06-05;9199;6263;575936;245527;41.0;17.5
94;2021-06-06;3984;1848;579920;247375;41.2;17.6
94;2021-06-07;8679;5987;588599;253362;41.9;18.0
94;2021-06-08;9015;7530;597614;260892;42.5;18.6
94;2021-06-09;8957;8165;606571;269057;43.1;19.1
94;2021-06-10;8811;10975;615382;280032;43.8;19.9
94;2021-06-11;7856;8397;623238;288429;44.3;20.5
94;2021-06-12;10266;6853;633504;295282;45.1;21.0
94;2021-06-13;3470;3262;636974;298544;45.3;21.2
94;2021-06-14;6967;8213;643941;306757;45.8;21.8
94;2021-06-15;7739;8821;651680;315578;46.3;22.4
94;2021-06-16;7247;8272;658927;323850;46.9;23.0
94;2021-06-17;6708;9068;665635;332918;47.3;23.7
94;2021-06-18;6580;11960;672215;344878;47.8;24.5
94;2021-06-19;6013;9596;678228;354474;48.2;25.2
94;2021-06-20;1889;4011;680117;358485;48.4;25.5
94;2021-06-21;4534;11188;684651;369673;48.7;26.3
94;2021-06-22;4843;10812;689494;380485;49.0;27.1
94;2021-06-23;4179;11166;693673;391651;49.3;27.9
94;2021-06-24;4973;10337;698646;401988;49.7;28.6
94;2021-06-25;4294;13740;702940;415728;50.0;29.6
94;2021-06-26;3140;12004;706080;427732;50.2;30.4
94;2021-06-27;1059;4998;707139;432730;50.3;30.8
94;2021-06-28;3504;12083;710643;444813;50.5;31.6
94;2021-06-29;4048;12180;714691;456993;50.8;32.5
94;2021-06-30;4457;11648;719148;468641;51.1;33.3
94;2021-07-01;5627;11121;724775;479762;51.5;34.1
94;2021-07-02;5696;12201;730471;491963;52.0;35.0
94;2021-07-03;3719;11805;734190;503768;52.2;35.8
94;2021-07-04;1516;5088;735706;508856;52.3;36.2
94;2021-07-05;4542;11436;740248;520292;52.6;37.0
94;2021-07-06;4627;10901;744875;531193;53.0;37.8
94;2021-07-07;5035;11088;749910;542281;53.3;38.6
94;2021-07-08;5139;10031;755049;552312;53.7;39.3
94;2021-07-09;6104;11875;761153;564187;54.1;40.1
94;2021-07-10;4117;11366;765270;575553;54.4;40.9
94;2021-07-11;1555;4720;766825;580273;54.5;41.3
94;2021-07-12;4330;11971;771155;592244;54.8;42.1
94;2021-07-13;6428;12047;777583;604291;55.3;43.0
94;2021-07-14;4197;5294;781780;609585;55.6;43.4
94;2021-07-15;7260;12372;789040;621957;56.1;44.2
94;2021-07-16;7754;11318;796794;633275;56.7;45.0
94;2021-07-17;6100;11326;802894;644601;57.1;45.8
94;2021-07-18;2630;4024;805524;648625;57.3;46.1
94;2021-07-19;6946;10447;812470;659072;57.8;46.9
94;2021-07-20;8524;10394;820994;669466;58.4;47.6
94;2021-07-21;8758;9581;829752;679047;59.0;48.3
94;2021-07-22;9770;9425;839522;688472;59.7;49.0
94;2021-07-23;9341;9420;848863;697892;60.4;49.6
94;2021-07-24;7216;8886;856079;706778;60.9;50.3
94;2021-07-25;2192;2741;858271;709519;61.0;50.5
94;2021-07-26;8031;8098;866302;717617;61.6;51.0
94;2021-07-27;8775;7138;875077;724755;62.2;51.5
94;2021-07-28;9067;6567;884144;731322;62.9;52.0
94;2021-07-29;9041;6370;893185;737692;63.5;52.5
94;2021-07-30;7955;6593;901140;744285;64.1;52.9
94;2021-07-31;7215;6306;908355;750591;64.6;53.4
94;2021-08-01;3205;1785;911560;752376;64.8;53.5
94;2021-08-02;6464;5488;918024;757864;65.3;53.9
94;2021-08-03;6292;5213;924316;763077;65.7;54.3
94;2021-08-04;6242;5128;930558;768205;66.2;54.6
94;2021-08-05;5797;5462;936355;773667;66.6;55.0
94;2021-08-06;5610;5839;941965;779506;67.0;55.4
94;2021-08-07;4238;4471;946203;783977;67.3;55.8
94;2021-08-08;1366;1716;947569;785693;67.4;55.9
94;2021-08-09;4867;6810;952436;792503;67.7;56.4
94;2021-08-10;5351;6534;957787;799037;68.1;56.8
94;2021-08-11;4228;5916;962015;804953;68.4;57.2
94;2021-08-12;4353;6506;966368;811459;68.7;57.7
94;2021-08-13;3708;5792;970076;817251;69.0;58.1
94;2021-08-14;2877;5741;972953;822992;69.2;58.5
94;2021-08-15;453;735;973406;823727;69.2;58.6
94;2021-08-16;3471;8290;976877;832017;69.5;59.2
94;2021-08-17;3345;8140;980222;840157;69.7;59.8
94;2021-08-18;3241;8613;983463;848770;69.9;60.4
94;2021-08-19;3295;6901;986758;855671;70.2;60.9
94;2021-08-20;2958;7751;989716;863422;70.4;61.4
94;2021-08-21;2516;7159;992232;870581;70.6;61.9
94;2021-08-22;889;2734;993121;873315;70.6;62.1
94;2021-08-23;2807;8455;995928;881770;70.8;62.7
94;2021-08-24;3106;7508;999034;889278;71.1;63.2
94;2021-08-25;2728;6734;1001762;896012;71.2;63.7
94;2021-08-26;2557;6131;1004319;902143;71.4;64.2
94;2021-08-27;2627;6555;1006946;908698;71.6;64.6
94;2021-08-28;2544;6490;1009490;915188;71.8;65.1
94;2021-08-29;863;2341;1010353;917529;71.9;65.3
94;2021-08-30;2746;7868;1013099;925397;72.1;65.8
94;2021-08-31;2583;7433;1015682;932830;72.2;66.3
94;2021-09-01;2263;6177;1017945;939007;72.4;66.8
94;2021-09-02;1925;5188;1019870;944195;72.5;67.2
94;2021-09-03;2051;5798;1021921;949993;72.7;67.6
94;2021-09-04;2354;5403;1024275;955396;72.8;67.9
94;2021-09-05;694;1276;1024969;956672;72.9;68.0
94;2021-09-06;1512;4064;1026481;960736;73.0;68.3
94;2021-09-07;1415;3691;1027896;964427;73.1;68.6
94;2021-09-08;1423;3704;1029319;968131;73.2;68.9
95;2020-12-27;3;0;3;0;0.0;0.0
95;2020-12-28;4;0;7;0;0.0;0.0
95;2020-12-29;0;0;7;0;0.0;0.0
95;2020-12-30;0;0;7;0;0.0;0.0
95;2020-12-31;2;0;9;0;0.0;0.0
95;2021-01-01;0;0;9;0;0.0;0.0
95;2021-01-02;13;0;22;0;0.0;0.0
95;2021-01-03;1;0;23;0;0.0;0.0
95;2021-01-04;49;0;72;0;0.0;0.0
95;2021-01-05;316;0;388;0;0.0;0.0
95;2021-01-06;192;0;580;0;0.0;0.0
95;2021-01-07;130;1;710;1;0.1;0.0
95;2021-01-08;278;2;988;3;0.1;0.0
95;2021-01-09;251;0;1239;3;0.1;0.0
95;2021-01-10;384;1;1623;4;0.1;0.0
95;2021-01-11;492;1;2115;5;0.2;0.0
95;2021-01-12;862;1;2977;6;0.2;0.0
95;2021-01-13;782;11;3759;17;0.3;0.0
95;2021-01-14;887;12;4646;29;0.4;0.0
95;2021-01-15;758;5;5404;34;0.4;0.0
95;2021-01-16;298;2;5702;36;0.5;0.0
95;2021-01-17;223;1;5925;37;0.5;0.0
95;2021-01-18;1338;6;7263;43;0.6;0.0
95;2021-01-19;1574;6;8837;49;0.7;0.0
95;2021-01-20;2040;4;10877;53;0.9;0.0
95;2021-01-21;1853;5;12730;58;1.0;0.0
95;2021-01-22;1325;6;14055;64;1.1;0.0
95;2021-01-23;648;0;14703;64;1.2;0.0
95;2021-01-24;181;0;14884;64;1.2;0.0
95;2021-01-25;796;32;15680;96;1.3;0.0
95;2021-01-26;987;160;16667;256;1.3;0.0
95;2021-01-27;1251;169;17918;425;1.4;0.0
95;2021-01-28;1720;20;19638;445;1.6;0.0
95;2021-01-29;1248;182;20886;627;1.7;0.1
95;2021-01-30;477;5;21363;632;1.7;0.1
95;2021-01-31;212;1;21575;633;1.7;0.1
95;2021-02-01;566;255;22141;888;1.8;0.1
95;2021-02-02;528;266;22669;1154;1.8;0.1
95;2021-02-03;614;505;23283;1659;1.9;0.1
95;2021-02-04;1065;355;24348;2014;2.0;0.2
95;2021-02-05;732;279;25080;2293;2.0;0.2
95;2021-02-06;337;224;25417;2517;2.0;0.2
95;2021-02-07;141;368;25558;2885;2.0;0.2
95;2021-02-08;765;320;26323;3205;2.1;0.3
95;2021-02-09;1131;1058;27454;4263;2.2;0.3
95;2021-02-10;1262;1389;28716;5652;2.3;0.5
95;2021-02-11;1387;1118;30103;6770;2.4;0.5
95;2021-02-12;1032;925;31135;7695;2.5;0.6
95;2021-02-13;329;273;31464;7968;2.5;0.6
95;2021-02-14;42;156;31506;8124;2.5;0.7
95;2021-02-15;427;861;31933;8985;2.6;0.7
95;2021-02-16;493;746;32426;9731;2.6;0.8
95;2021-02-17;654;984;33080;10715;2.6;0.9
95;2021-02-18;725;1484;33805;12199;2.7;1.0
95;2021-02-19;783;1150;34588;13349;2.8;1.1
95;2021-02-20;306;431;34894;13780;2.8;1.1
95;2021-02-21;165;276;35059;14056;2.8;1.1
95;2021-02-22;327;860;35386;14916;2.8;1.2
95;2021-02-23;368;627;35754;15543;2.9;1.2
95;2021-02-24;310;762;36064;16305;2.9;1.3
95;2021-02-25;730;971;36794;17276;2.9;1.4
95;2021-02-26;989;749;37783;18025;3.0;1.4
95;2021-02-27;365;392;38148;18417;3.1;1.5
95;2021-02-28;61;202;38209;18619;3.1;1.5
95;2021-03-01;771;513;38980;19132;3.1;1.5
95;2021-03-02;1321;802;40301;19934;3.2;1.6
95;2021-03-03;1598;911;41899;20845;3.4;1.7
95;2021-03-04;3195;1121;45094;21966;3.6;1.8
95;2021-03-05;3651;1050;48745;23016;3.9;1.8
95;2021-03-06;4006;494;52751;23510;4.2;1.9
95;2021-03-07;4223;313;56974;23823;4.6;1.9
95;2021-03-08;1541;838;58515;24661;4.7;2.0
95;2021-03-09;2621;494;61136;25155;4.9;2.0
95;2021-03-10;2344;834;63480;25989;5.1;2.1
95;2021-03-11;3138;1140;66618;27129;5.3;2.2
95;2021-03-12;3521;801;70139;27930;5.6;2.2
95;2021-03-13;3519;423;73658;28353;5.9;2.3
95;2021-03-14;1983;300;75641;28653;6.1;2.3
95;2021-03-15;2373;318;78014;28971;6.2;2.3
95;2021-03-16;1575;413;79589;29384;6.4;2.4
95;2021-03-17;2104;414;81693;29798;6.5;2.4
95;2021-03-18;2798;374;84491;30172;6.8;2.4
95;2021-03-19;3476;365;87967;30537;7.0;2.4
95;2021-03-20;2592;203;90559;30740;7.3;2.5
95;2021-03-21;1203;244;91762;30984;7.4;2.5
95;2021-03-22;2938;366;94700;31350;7.6;2.5
95;2021-03-23;3438;460;98138;31810;7.9;2.5
95;2021-03-24;3945;520;102083;32330;8.2;2.6
95;2021-03-25;5859;659;107942;32989;8.6;2.6
95;2021-03-26;5430;687;113372;33676;9.1;2.7
95;2021-03-27;3749;224;117121;33900;9.4;2.7
95;2021-03-28;1535;123;118656;34023;9.5;2.7
95;2021-03-29;2894;575;121550;34598;9.7;2.8
95;2021-03-30;3886;1243;125436;35841;10.0;2.9
95;2021-03-31;3659;1670;129095;37511;10.3;3.0
95;2021-04-01;5484;2274;134579;39785;10.8;3.2
95;2021-04-02;3560;2762;138139;42547;11.1;3.4
95;2021-04-03;2095;2486;140234;45033;11.2;3.6
95;2021-04-04;1247;1201;141481;46234;11.3;3.7
95;2021-04-05;596;64;142077;46298;11.4;3.7
95;2021-04-06;1858;1539;143935;47837;11.5;3.8
95;2021-04-07;4953;2195;148888;50032;11.9;4.0
95;2021-04-08;4898;2468;153786;52500;12.3;4.2
95;2021-04-09;5436;2338;159222;54838;12.8;4.4
95;2021-04-10;3710;1434;162932;56272;13.1;4.5
95;2021-04-11;1567;1038;164499;57310;13.2;4.6
95;2021-04-12;3253;1613;167752;58923;13.4;4.7
95;2021-04-13;3141;1690;170893;60613;13.7;4.9
95;2021-04-14;2752;1993;173645;62606;13.9;5.0
95;2021-04-15;3904;3348;177549;65954;14.2;5.3
95;2021-04-16;4064;3036;181613;68990;14.5;5.5
95;2021-04-17;2375;1758;183988;70748;14.7;5.7
95;2021-04-18;1511;1017;185499;71765;14.9;5.7
95;2021-04-19;2569;2374;188068;74139;15.1;5.9
95;2021-04-20;2121;2458;190189;76597;15.2;6.1
95;2021-04-21;3931;2632;194120;79229;15.6;6.3
95;2021-04-22;3412;4634;197532;83863;15.8;6.7
95;2021-04-23;2767;3560;200299;87423;16.0;7.0
95;2021-04-24;3573;2589;203872;90012;16.3;7.2
95;2021-04-25;1960;1550;205832;91562;16.5;7.3
95;2021-04-26;2752;2702;208584;94264;16.7;7.6
95;2021-04-27;3851;2180;212435;96444;17.0;7.7
95;2021-04-28;3890;2673;216325;99117;17.3;7.9
95;2021-04-29;6141;4551;222466;103668;17.8;8.3
95;2021-04-30;6904;2935;229370;106603;18.4;8.5
95;2021-05-01;2369;920;231739;107523;18.6;8.6
95;2021-05-02;2448;1502;234187;109025;18.8;8.7
95;2021-05-03;5127;1930;239314;110955;19.2;8.9
95;2021-05-04;6353;2724;245667;113679;19.7;9.1
95;2021-05-05;5145;3807;250812;117486;20.1;9.4
95;2021-05-06;8206;4925;259018;122411;20.7;9.8
95;2021-05-07;5777;4758;264795;127169;21.2;10.2
95;2021-05-08;5743;1531;270538;128700;21.7;10.3
95;2021-05-09;2829;1587;273367;130287;21.9;10.4
95;2021-05-10;9973;3186;283340;133473;22.7;10.7
95;2021-05-11;8448;3458;291788;136931;23.4;11.0
95;2021-05-12;9466;3225;301254;140156;24.1;11.2
95;2021-05-13;7956;1203;309210;141359;24.8;11.3
95;2021-05-14;7016;1913;316226;143272;25.3;11.5
95;2021-05-15;4515;1070;320741;144342;25.7;11.6
95;2021-05-16;4825;843;325566;145185;26.1;11.6
95;2021-05-17;7743;1352;333309;146537;26.7;11.7
95;2021-05-18;9469;1859;342778;148396;27.5;11.9
95;2021-05-19;9245;2496;352023;150892;28.2;12.1
95;2021-05-20;12587;2446;364610;153338;29.2;12.3
95;2021-05-21;10175;2538;374785;155876;30.0;12.5
95;2021-05-22;9396;1574;384181;157450;30.8;12.6
95;2021-05-23;4146;963;388327;158413;31.1;12.7
95;2021-05-24;2398;535;390725;158948;31.3;12.7
95;2021-05-25;7211;2082;397936;161030;31.9;12.9
95;2021-05-26;8852;3117;406788;164147;32.6;13.1
95;2021-05-27;10366;4437;417154;168584;33.4;13.5
95;2021-05-28;7686;4424;424840;173008;34.0;13.9
95;2021-05-29;5267;2762;430107;175770;34.5;14.1
95;2021-05-30;3732;1705;433839;177475;34.8;14.2
95;2021-05-31;6430;3331;440269;180806;35.3;14.5
95;2021-06-01;8785;3810;449054;184616;36.0;14.8
95;2021-06-02;8802;4746;457856;189362;36.7;15.2
95;2021-06-03;8530;6564;466386;195926;37.4;15.7
95;2021-06-04;8890;4407;475276;200333;38.1;16.0
95;2021-06-05;8343;3743;483619;204076;38.7;16.3
95;2021-06-06;4840;1617;488459;205693;39.1;16.5
95;2021-06-07;6060;4546;494519;210239;39.6;16.8
95;2021-06-08;6556;5515;501075;215754;40.1;17.3
95;2021-06-09;6269;6475;507344;222229;40.6;17.8
95;2021-06-10;6435;6819;513779;229048;41.2;18.3
95;2021-06-11;7236;6444;521015;235492;41.7;18.9
95;2021-06-12;6005;4374;527020;239866;42.2;19.2
95;2021-06-13;2084;3289;529104;243155;42.4;19.5
95;2021-06-14;5374;5987;534478;249142;42.8;20.0
95;2021-06-15;5743;8070;540221;257212;43.3;20.6
95;2021-06-16;5494;7538;545715;264750;43.7;21.2
95;2021-06-17;6608;8167;552323;272917;44.2;21.9
95;2021-06-18;5835;7860;558158;280777;44.7;22.5
95;2021-06-19;4968;8927;563126;289704;45.1;23.2
95;2021-06-20;1426;3317;564552;293021;45.2;23.5
95;2021-06-21;3543;7714;568095;300735;45.5;24.1
95;2021-06-22;5072;9053;573167;309788;45.9;24.8
95;2021-06-23;4782;10875;577949;320663;46.3;25.7
95;2021-06-24;4941;10725;582890;331388;46.7;26.5
95;2021-06-25;4888;10359;587778;341747;47.1;27.4
95;2021-06-26;4326;8485;592104;350232;47.4;28.1
95;2021-06-27;1035;3997;593139;354229;47.5;28.4
95;2021-06-28;2743;9491;595882;363720;47.7;29.1
95;2021-06-29;2538;8788;598420;372508;47.9;29.8
95;2021-06-30;3957;9997;602377;382505;48.3;30.6
95;2021-07-01;4856;11164;607233;393669;48.6;31.5
95;2021-07-02;4287;10548;611520;404217;49.0;32.4
95;2021-07-03;3539;9159;615059;413376;49.3;33.1
95;2021-07-04;1277;3399;616336;416775;49.4;33.4
95;2021-07-05;2356;4375;618692;421150;49.6;33.7
95;2021-07-06;2777;7751;621469;428901;49.8;34.4
95;2021-07-07;3963;9626;625432;438527;50.1;35.1
95;2021-07-08;5318;9822;630750;448349;50.5;35.9
95;2021-07-09;4555;10075;635305;458424;50.9;36.7
95;2021-07-10;3398;7394;638703;465818;51.2;37.3
95;2021-07-11;1528;3603;640231;469421;51.3;37.6
95;2021-07-12;2990;9691;643221;479112;51.5;38.4
95;2021-07-13;5061;10072;648282;489184;51.9;39.2
95;2021-07-14;4429;5738;652711;494922;52.3;39.6
95;2021-07-15;7402;12361;660113;507283;52.9;40.6
95;2021-07-16;7985;12001;668098;519284;53.5;41.6
95;2021-07-17;5057;7821;673155;527105;53.9;42.2
95;2021-07-18;3490;2912;676645;530017;54.2;42.5
95;2021-07-19;4838;6868;681483;536885;54.6;43.0
95;2021-07-20;6961;8380;688444;545265;55.1;43.7
95;2021-07-21;9263;9449;697707;554714;55.9;44.4
95;2021-07-22;10151;9718;707858;564432;56.7;45.2
95;2021-07-23;10920;10205;718778;574637;57.6;46.0
95;2021-07-24;5264;6239;724042;580876;58.0;46.5
95;2021-07-25;2255;2282;726297;583158;58.2;46.7
95;2021-07-26;4521;4022;730818;587180;58.5;47.0
95;2021-07-27;8508;7040;739326;594220;59.2;47.6
95;2021-07-28;9721;7562;749047;601782;60.0;48.2
95;2021-07-29;8435;5469;757482;607251;60.7;48.6
95;2021-07-30;8514;7769;765996;615020;61.4;49.3
95;2021-07-31;4241;4117;770237;619137;61.7;49.6
95;2021-08-01;2328;1374;772565;620511;61.9;49.7
95;2021-08-02;4146;3914;776711;624425;62.2;50.0
95;2021-08-03;6151;5541;782862;629966;62.7;50.5
95;2021-08-04;6506;6078;789368;636044;63.2;51.0
95;2021-08-05;6866;5730;796234;641774;63.8;51.4
95;2021-08-06;6508;7087;802742;648861;64.3;52.0
95;2021-08-07;2842;3197;805584;652058;64.5;52.2
95;2021-08-08;1375;1889;806959;653947;64.6;52.4
95;2021-08-09;3911;5037;810870;658984;65.0;52.8
95;2021-08-10;5222;5846;816092;664830;65.4;53.3
95;2021-08-11;5351;6559;821443;671389;65.8;53.8
95;2021-08-12;5220;6363;826663;677752;66.2;54.3
95;2021-08-13;3879;5471;830542;683223;66.5;54.7
95;2021-08-14;3562;3321;834104;686544;66.8;55.0
95;2021-08-15;271;352;834375;686896;66.8;55.0
95;2021-08-16;2828;6047;837203;692943;67.1;55.5
95;2021-08-17;3569;7260;840772;700203;67.4;56.1
95;2021-08-18;4237;8074;845009;708277;67.7;56.7
95;2021-08-19;3715;6582;848724;714859;68.0;57.3
95;2021-08-20;3752;7923;852476;722782;68.3;57.9
95;2021-08-21;2703;4302;855179;727084;68.5;58.2
95;2021-08-22;827;2394;856006;729478;68.6;58.4
95;2021-08-23;2452;5645;858458;735123;68.8;58.9
95;2021-08-24;2911;6450;861369;741573;69.0;59.4
95;2021-08-25;3740;8277;865109;749850;69.3;60.1
95;2021-08-26;3123;7533;868232;757383;69.6;60.7
95;2021-08-27;3429;8721;871661;766104;69.8;61.4
95;2021-08-28;2788;5484;874449;771588;70.0;61.8
95;2021-08-29;624;1707;875073;773295;70.1;61.9
95;2021-08-30;2736;6185;877809;779480;70.3;62.4
95;2021-08-31;2767;6496;880576;785976;70.5;63.0
95;2021-09-01;2666;6465;883242;792441;70.8;63.5
95;2021-09-02;1656;4621;884898;797062;70.9;63.8
95;2021-09-03;2178;5827;887076;802889;71.1;64.3
95;2021-09-04;2507;5844;889583;808733;71.3;64.8
95;2021-09-05;401;634;889984;809367;71.3;64.8
95;2021-09-06;1184;3534;891168;812901;71.4;65.1
95;2021-09-07;1369;3438;892537;816339;71.5;65.4
95;2021-09-08;1625;4228;894162;820567;71.6;65.7
971;2020-12-27;0;0;0;0;0.0;0.0
971;2020-12-28;0;0;0;0;0.0;0.0
971;2020-12-29;0;0;0;0;0.0;0.0
971;2020-12-30;0;0;0;0;0.0;0.0
971;2020-12-31;0;0;0;0;0.0;0.0
971;2021-01-01;1;0;1;0;0.0;0.0
971;2021-01-02;0;0;1;0;0.0;0.0
971;2021-01-03;0;0;1;0;0.0;0.0
971;2021-01-04;1;0;2;0;0.0;0.0
971;2021-01-05;0;0;2;0;0.0;0.0
971;2021-01-06;1;0;3;0;0.0;0.0
971;2021-01-07;0;0;3;0;0.0;0.0
971;2021-01-08;57;1;60;1;0.0;0.0
971;2021-01-09;20;0;80;1;0.0;0.0
971;2021-01-10;0;0;80;1;0.0;0.0
971;2021-01-11;60;0;140;1;0.0;0.0
971;2021-01-12;45;0;185;1;0.0;0.0
971;2021-01-13;47;1;232;2;0.1;0.0
971;2021-01-14;63;0;295;2;0.1;0.0
971;2021-01-15;77;0;372;2;0.1;0.0
971;2021-01-16;0;0;372;2;0.1;0.0
971;2021-01-17;0;0;372;2;0.1;0.0
971;2021-01-18;81;1;453;3;0.1;0.0
971;2021-01-19;145;0;598;3;0.2;0.0
971;2021-01-20;135;0;733;3;0.2;0.0
971;2021-01-21;154;1;887;4;0.2;0.0
971;2021-01-22;135;0;1022;4;0.3;0.0
971;2021-01-23;1;0;1023;4;0.3;0.0
971;2021-01-24;0;0;1023;4;0.3;0.0
971;2021-01-25;203;1;1226;5;0.3;0.0
971;2021-01-26;217;1;1443;6;0.4;0.0
971;2021-01-27;236;0;1679;6;0.4;0.0
971;2021-01-28;242;2;1921;8;0.5;0.0
971;2021-01-29;197;2;2118;10;0.6;0.0
971;2021-01-30;25;0;2143;10;0.6;0.0
971;2021-01-31;1;0;2144;10;0.6;0.0
971;2021-02-01;229;3;2373;13;0.6;0.0
971;2021-02-02;246;13;2619;26;0.7;0.0
971;2021-02-03;225;3;2844;29;0.8;0.0
971;2021-02-04;304;22;3148;51;0.8;0.0
971;2021-02-05;280;28;3428;79;0.9;0.0
971;2021-02-06;49;1;3477;80;0.9;0.0
971;2021-02-07;0;0;3477;80;0.9;0.0
971;2021-02-08;257;19;3734;99;1.0;0.0
971;2021-02-09;316;25;4050;124;1.1;0.0
971;2021-02-10;250;22;4300;146;1.1;0.0
971;2021-02-11;297;104;4597;250;1.2;0.1
971;2021-02-12;290;25;4887;275;1.3;0.1
971;2021-02-13;50;7;4937;282;1.3;0.1
971;2021-02-14;19;36;4956;318;1.3;0.1
971;2021-02-15;85;46;5041;364;1.3;0.1
971;2021-02-16;16;1;5057;365;1.3;0.1
971;2021-02-17;17;1;5074;366;1.3;0.1
971;2021-02-18;251;12;5325;378;1.4;0.1
971;2021-02-19;249;16;5574;394;1.5;0.1
971;2021-02-20;49;0;5623;394;1.5;0.1
971;2021-02-21;1;0;5624;394;1.5;0.1
971;2021-02-22;192;51;5816;445;1.5;0.1
971;2021-02-23;204;60;6020;505;1.6;0.1
971;2021-02-24;343;117;6363;622;1.7;0.2
971;2021-02-25;386;70;6749;692;1.8;0.2
971;2021-02-26;232;75;6981;767;1.9;0.2
971;2021-02-27;65;0;7046;767;1.9;0.2
971;2021-02-28;1;0;7047;767;1.9;0.2
971;2021-03-01;179;79;7226;846;1.9;0.2
971;2021-03-02;278;121;7504;967;2.0;0.3
971;2021-03-03;244;104;7748;1071;2.1;0.3
971;2021-03-04;335;78;8083;1149;2.1;0.3
971;2021-03-05;375;138;8458;1287;2.2;0.3
971;2021-03-06;599;10;9057;1297;2.4;0.3
971;2021-03-07;1;0;9058;1297;2.4;0.3
971;2021-03-08;324;138;9382;1435;2.5;0.4
971;2021-03-09;388;149;9770;1584;2.6;0.4
971;2021-03-10;425;158;10195;1742;2.7;0.5
971;2021-03-11;123;45;10318;1787;2.7;0.5
971;2021-03-12;504;223;10822;2010;2.9;0.5
971;2021-03-13;137;3;10959;2013;2.9;0.5
971;2021-03-14;14;23;10973;2036;2.9;0.5
971;2021-03-15;424;46;11397;2082;3.0;0.6
971;2021-03-16;485;82;11882;2164;3.2;0.6
971;2021-03-17;470;72;12352;2236;3.3;0.6
971;2021-03-18;585;84;12937;2320;3.4;0.6
971;2021-03-19;584;90;13521;2410;3.6;0.6
971;2021-03-20;177;15;13698;2425;3.6;0.6
971;2021-03-21;8;0;13706;2425;3.6;0.6
971;2021-03-22;359;89;14065;2514;3.7;0.7
971;2021-03-23;540;157;14605;2671;3.9;0.7
971;2021-03-24;473;106;15078;2777;4.0;0.7
971;2021-03-25;760;183;15838;2960;4.2;0.8
971;2021-03-26;644;122;16482;3082;4.4;0.8
971;2021-03-27;295;34;16777;3116;4.5;0.8
971;2021-03-28;24;2;16801;3118;4.5;0.8
971;2021-03-29;383;84;17184;3202;4.6;0.8
971;2021-03-30;625;164;17809;3366;4.7;0.9
971;2021-03-31;545;132;18354;3498;4.9;0.9
971;2021-04-01;661;196;19015;3694;5.0;1.0
971;2021-04-02;39;35;19054;3729;5.1;1.0
971;2021-04-03;59;2;19113;3731;5.1;1.0
971;2021-04-04;4;18;19117;3749;5.1;1.0
971;2021-04-05;13;0;19130;3749;5.1;1.0
971;2021-04-06;484;193;19614;3942;5.2;1.0
971;2021-04-07;580;118;20194;4060;5.4;1.1
971;2021-04-08;521;157;20715;4217;5.5;1.1
971;2021-04-09;491;210;21206;4427;5.6;1.2
971;2021-04-10;101;5;21307;4432;5.7;1.2
971;2021-04-11;8;9;21315;4441;5.7;1.2
971;2021-04-12;304;262;21619;4703;5.7;1.2
971;2021-04-13;555;325;22174;5028;5.9;1.3
971;2021-04-14;444;228;22618;5256;6.0;1.4
971;2021-04-15;553;311;23171;5567;6.1;1.5
971;2021-04-16;564;275;23735;5842;6.3;1.6
971;2021-04-17;216;4;23951;5846;6.4;1.6
971;2021-04-18;6;13;23957;5859;6.4;1.6
971;2021-04-19;405;242;24362;6101;6.5;1.6
971;2021-04-20;724;345;25086;6446;6.7;1.7
971;2021-04-21;625;316;25711;6762;6.8;1.8
971;2021-04-22;818;326;26529;7088;7.0;1.9
971;2021-04-23;845;249;27374;7337;7.3;1.9
971;2021-04-24;391;70;27765;7407;7.4;2.0
971;2021-04-25;602;63;28367;7470;7.5;2.0
971;2021-04-26;974;220;29341;7690;7.8;2.0
971;2021-04-27;709;235;30050;7925;8.0;2.1
971;2021-04-28;865;267;30915;8192;8.2;2.2
971;2021-04-29;1203;203;32118;8395;8.5;2.2
971;2021-04-30;1270;188;33388;8583;8.9;2.3
971;2021-05-01;606;42;33994;8625;9.0;2.3
971;2021-05-02;354;18;34348;8643;9.1;2.3
971;2021-05-03;922;188;35270;8831;9.4;2.3
971;2021-05-04;962;207;36232;9038;9.6;2.4
971;2021-05-05;1027;251;37259;9289;9.9;2.5
971;2021-05-06;1147;176;38406;9465;10.2;2.5
971;2021-05-07;1264;273;39670;9738;10.5;2.6
971;2021-05-08;323;37;39993;9775;10.6;2.6
971;2021-05-09;183;11;40176;9786;10.7;2.6
971;2021-05-10;840;217;41016;10003;10.9;2.7
971;2021-05-11;964;314;41980;10317;11.1;2.7
971;2021-05-12;907;325;42887;10642;11.4;2.8
971;2021-05-13;212;78;43099;10720;11.4;2.8
971;2021-05-14;862;274;43961;10994;11.7;2.9
971;2021-05-15;487;15;44448;11009;11.8;2.9
971;2021-05-16;182;36;44630;11045;11.8;2.9
971;2021-05-17;720;275;45350;11320;12.0;3.0
971;2021-05-18;742;391;46092;11711;12.2;3.1
971;2021-05-19;702;530;46794;12241;12.4;3.2
971;2021-05-20;810;378;47604;12619;12.6;3.3
971;2021-05-21;825;406;48429;13025;12.9;3.5
971;2021-05-22;506;215;48935;13240;13.0;3.5
971;2021-05-23;201;114;49136;13354;13.0;3.5
971;2021-05-24;201;173;49337;13527;13.1;3.6
971;2021-05-25;549;661;49886;14188;13.2;3.8
971;2021-05-26;595;492;50481;14680;13.4;3.9
971;2021-05-27;133;182;50614;14862;13.4;3.9
971;2021-05-28;518;527;51132;15389;13.6;4.1
971;2021-05-29;238;141;51370;15530;13.6;4.1
971;2021-05-30;75;112;51445;15642;13.7;4.2
971;2021-05-31;449;535;51894;16177;13.8;4.3
971;2021-06-01;593;710;52487;16887;13.9;4.5
971;2021-06-02;577;706;53064;17593;14.1;4.7
971;2021-06-03;508;560;53572;18153;14.2;4.8
971;2021-06-04;835;803;54407;18956;14.4;5.0
971;2021-06-05;317;644;54724;19600;14.5;5.2
971;2021-06-06;139;529;54863;20129;14.6;5.3
971;2021-06-07;422;782;55285;20911;14.7;5.5
971;2021-06-08;494;884;55779;21795;14.8;5.8
971;2021-06-09;503;857;56282;22652;14.9;6.0
971;2021-06-10;538;851;56820;23503;15.1;6.2
971;2021-06-11;468;1235;57288;24738;15.2;6.6
971;2021-06-12;301;658;57589;25396;15.3;6.7
971;2021-06-13;128;313;57717;25709;15.3;6.8
971;2021-06-14;372;3736;58089;29445;15.4;7.8
971;2021-06-15;483;1992;58572;31437;15.5;8.3
971;2021-06-16;478;1454;59050;32891;15.7;8.7
971;2021-06-17;433;1009;59483;33900;15.8;9.0
971;2021-06-18;481;1018;59964;34918;15.9;9.3
971;2021-06-19;316;509;60280;35427;16.0;9.4
971;2021-06-20;111;231;60391;35658;16.0;9.5
971;2021-06-21;336;676;60727;36334;16.1;9.6
971;2021-06-22;333;872;61060;37206;16.2;9.9
971;2021-06-23;370;890;61430;38096;16.3;10.1
971;2021-06-24;417;734;61847;38830;16.4;10.3
971;2021-06-25;455;759;62302;39589;16.5;10.5
971;2021-06-26;301;514;62603;40103;16.6;10.6
971;2021-06-27;116;148;62719;40251;16.6;10.7
971;2021-06-28;303;686;63022;40937;16.7;10.9
971;2021-06-29;390;784;63412;41721;16.8;11.1
971;2021-06-30;441;924;63853;42645;16.9;11.3
971;2021-07-01;364;648;64217;43293;17.0;11.5
971;2021-07-02;429;693;64646;43986;17.2;11.7
971;2021-07-03;275;465;64921;44451;17.2;11.8
971;2021-07-04;112;239;65033;44690;17.3;11.9
971;2021-07-05;329;507;65362;45197;17.3;12.0
971;2021-07-06;385;769;65747;45966;17.4;12.2
971;2021-07-07;377;842;66124;46808;17.5;12.4
971;2021-07-08;413;790;66537;47598;17.7;12.6
971;2021-07-09;433;795;66970;48393;17.8;12.8
971;2021-07-10;245;294;67215;48687;17.8;12.9
971;2021-07-11;170;137;67385;48824;17.9;13.0
971;2021-07-12;477;607;67862;49431;18.0;13.1
971;2021-07-13;871;1006;68733;50437;18.2;13.4
971;2021-07-14;475;283;69208;50720;18.4;13.5
971;2021-07-15;878;841;70086;51561;18.6;13.7
971;2021-07-16;1094;1042;71180;52603;18.9;14.0
971;2021-07-17;648;444;71828;53047;19.1;14.1
971;2021-07-18;401;218;72229;53265;19.2;14.1
971;2021-07-19;575;580;72804;53845;19.3;14.3
971;2021-07-20;836;734;73640;54579;19.5;14.5
971;2021-07-21;767;496;74407;55075;19.7;14.6
971;2021-07-22;988;873;75395;55948;20.0;14.8
971;2021-07-23;1027;752;76422;56700;20.3;15.0
971;2021-07-24;424;384;76846;57084;20.4;15.1
971;2021-07-25;248;261;77094;57345;20.5;15.2
971;2021-07-26;636;560;77730;57905;20.6;15.4
971;2021-07-27;875;583;78605;58488;20.9;15.5
971;2021-07-28;796;654;79401;59142;21.1;15.7
971;2021-07-29;958;666;80359;59808;21.3;15.9
971;2021-07-30;1309;752;81668;60560;21.7;16.1
971;2021-07-31;558;409;82226;60969;21.8;16.2
971;2021-08-01;316;249;82542;61218;21.9;16.2
971;2021-08-02;758;416;83300;61634;22.1;16.4
971;2021-08-03;758;676;84058;62310;22.3;16.5
971;2021-08-04;684;674;84742;62984;22.5;16.7
971;2021-08-05;685;593;85427;63577;22.7;16.9
971;2021-08-06;929;638;86356;64215;22.9;17.0
971;2021-08-07;454;391;86810;64606;23.0;17.1
971;2021-08-08;277;313;87087;64919;23.1;17.2
971;2021-08-09;589;586;87676;65505;23.3;17.4
971;2021-08-10;754;799;88430;66304;23.5;17.6
971;2021-08-11;926;793;89356;67097;23.7;17.8
971;2021-08-12;963;794;90319;67891;24.0;18.0
971;2021-08-13;951;441;91270;68332;24.2;18.1
971;2021-08-14;630;702;91900;69034;24.4;18.3
971;2021-08-15;435;412;92335;69446;24.5;18.4
971;2021-08-16;763;739;93098;70185;24.7;18.6
971;2021-08-17;873;871;93971;71056;24.9;18.9
971;2021-08-18;1258;967;95229;72023;25.3;19.1
971;2021-08-19;1272;925;96501;72948;25.6;19.4
971;2021-08-20;1483;1042;97984;73990;26.0;19.6
971;2021-08-21;704;514;98688;74504;26.2;19.8
971;2021-08-22;350;271;99038;74775;26.3;19.8
971;2021-08-23;856;628;99894;75403;26.5;20.0
971;2021-08-24;1215;792;101109;76195;26.8;20.2
971;2021-08-25;1362;799;102471;76994;27.2;20.4
971;2021-08-26;1362;770;103833;77764;27.6;20.6
971;2021-08-27;1429;1099;105262;78863;27.9;20.9
971;2021-08-28;900;576;106162;79439;28.2;21.1
971;2021-08-29;211;238;106373;79677;28.2;21.1
971;2021-08-30;906;748;107279;80425;28.5;21.3
971;2021-08-31;1205;896;108484;81321;28.8;21.6
971;2021-09-01;1104;913;109588;82234;29.1;21.8
971;2021-09-02;1017;878;110605;83112;29.3;22.1
971;2021-09-03;929;1130;111534;84242;29.6;22.4
971;2021-09-04;520;619;112054;84861;29.7;22.5
971;2021-09-05;125;240;112179;85101;29.8;22.6
971;2021-09-06;604;704;112783;85805;29.9;22.8
971;2021-09-07;604;742;113387;86547;30.1;23.0
971;2021-09-08;651;1038;114038;87585;30.3;23.2
972;2020-12-27;0;0;0;0;0.0;0.0
972;2020-12-28;0;0;0;0;0.0;0.0
972;2020-12-29;0;0;0;0;0.0;0.0
972;2020-12-30;0;0;0;0;0.0;0.0
972;2020-12-31;0;0;0;0;0.0;0.0
972;2021-01-01;0;0;0;0;0.0;0.0
972;2021-01-02;0;0;0;0;0.0;0.0
972;2021-01-03;0;0;0;0;0.0;0.0
972;2021-01-04;0;0;0;0;0.0;0.0
972;2021-01-05;0;0;0;0;0.0;0.0
972;2021-01-06;5;0;5;0;0.0;0.0
972;2021-01-07;31;0;36;0;0.0;0.0
972;2021-01-08;90;1;126;1;0.0;0.0
972;2021-01-09;20;0;146;1;0.0;0.0
972;2021-01-10;0;0;146;1;0.0;0.0
972;2021-01-11;122;0;268;1;0.1;0.0
972;2021-01-12;79;0;347;1;0.1;0.0
972;2021-01-13;65;0;412;1;0.1;0.0
972;2021-01-14;88;1;500;2;0.1;0.0
972;2021-01-15;164;0;664;2;0.2;0.0
972;2021-01-16;51;0;715;2;0.2;0.0
972;2021-01-17;0;0;715;2;0.2;0.0
972;2021-01-18;158;0;873;2;0.2;0.0
972;2021-01-19;168;1;1041;3;0.3;0.0
972;2021-01-20;170;0;1211;3;0.3;0.0
972;2021-01-21;181;2;1392;5;0.4;0.0
972;2021-01-22;173;0;1565;5;0.4;0.0
972;2021-01-23;58;0;1623;5;0.5;0.0
972;2021-01-24;0;0;1623;5;0.5;0.0
972;2021-01-25;161;0;1784;5;0.5;0.0
972;2021-01-26;138;1;1922;6;0.5;0.0
972;2021-01-27;163;5;2085;11;0.6;0.0
972;2021-01-28;152;12;2237;23;0.6;0.0
972;2021-01-29;143;41;2380;64;0.7;0.0
972;2021-01-30;96;16;2476;80;0.7;0.0
972;2021-01-31;0;0;2476;80;0.7;0.0
972;2021-02-01;119;62;2595;142;0.7;0.0
972;2021-02-02;184;90;2779;232;0.8;0.1
972;2021-02-03;132;67;2911;299;0.8;0.1
972;2021-02-04;160;67;3071;366;0.9;0.1
972;2021-02-05;123;77;3194;443;0.9;0.1
972;2021-02-06;62;21;3256;464;0.9;0.1
972;2021-02-07;1;0;3257;464;0.9;0.1
972;2021-02-08;137;67;3394;531;0.9;0.1
972;2021-02-09;177;64;3571;595;1.0;0.2
972;2021-02-10;153;80;3724;675;1.0;0.2
972;2021-02-11;150;85;3874;760;1.1;0.2
972;2021-02-12;152;110;4026;870;1.1;0.2
972;2021-02-13;47;30;4073;900;1.1;0.3
972;2021-02-14;0;0;4073;900;1.1;0.3
972;2021-02-15;51;66;4124;966;1.1;0.3
972;2021-02-16;0;0;4124;966;1.1;0.3
972;2021-02-17;1;3;4125;969;1.1;0.3
972;2021-02-18;69;106;4194;1075;1.2;0.3
972;2021-02-19;69;120;4263;1195;1.2;0.3
972;2021-02-20;48;54;4311;1249;1.2;0.3
972;2021-02-21;0;0;4311;1249;1.2;0.3
972;2021-02-22;102;57;4413;1306;1.2;0.4
972;2021-02-23;113;222;4526;1528;1.3;0.4
972;2021-02-24;106;212;4632;1740;1.3;0.5
972;2021-02-25;93;144;4725;1884;1.3;0.5
972;2021-02-26;132;158;4857;2042;1.4;0.6
972;2021-02-27;69;48;4926;2090;1.4;0.6
972;2021-02-28;0;0;4926;2090;1.4;0.6
972;2021-03-01;137;137;5063;2227;1.4;0.6
972;2021-03-02;158;74;5221;2301;1.5;0.6
972;2021-03-03;179;135;5400;2436;1.5;0.7
972;2021-03-04;152;131;5552;2567;1.5;0.7
972;2021-03-05;237;115;5789;2682;1.6;0.7
972;2021-03-06;119;55;5908;2737;1.6;0.8
972;2021-03-07;100;3;6008;2740;1.7;0.8
972;2021-03-08;196;129;6204;2869;1.7;0.8
972;2021-03-09;283;97;6487;2966;1.8;0.8
972;2021-03-10;322;130;6809;3096;1.9;0.9
972;2021-03-11;336;76;7145;3172;2.0;0.9
972;2021-03-12;413;53;7558;3225;2.1;0.9
972;2021-03-13;155;21;7713;3246;2.1;0.9
972;2021-03-14;4;1;7717;3247;2.2;0.9
972;2021-03-15;277;89;7994;3336;2.2;0.9
972;2021-03-16;305;56;8299;3392;2.3;0.9
972;2021-03-17;388;44;8687;3436;2.4;1.0
972;2021-03-18;435;44;9122;3480;2.5;1.0
972;2021-03-19;401;61;9523;3541;2.7;1.0
972;2021-03-20;149;47;9672;3588;2.7;1.0
972;2021-03-21;25;1;9697;3589;2.7;1.0
972;2021-03-22;362;117;10059;3706;2.8;1.0
972;2021-03-23;403;122;10462;3828;2.9;1.1
972;2021-03-24;429;108;10891;3936;3.0;1.1
972;2021-03-25;485;97;11376;4033;3.2;1.1
972;2021-03-26;634;103;12010;4136;3.3;1.2
972;2021-03-27;154;70;12164;4206;3.4;1.2
972;2021-03-28;81;0;12245;4206;3.4;1.2
972;2021-03-29;423;164;12668;4370;3.5;1.2
972;2021-03-30;469;242;13137;4612;3.7;1.3
972;2021-03-31;1150;190;14287;4802;4.0;1.3
972;2021-04-01;955;169;15242;4971;4.2;1.4
972;2021-04-02;896;14;16138;4985;4.5;1.4
972;2021-04-03;789;56;16927;5041;4.7;1.4
972;2021-04-04;751;13;17678;5054;4.9;1.4
972;2021-04-05;829;44;18507;5098;5.2;1.4
972;2021-04-06;885;136;19392;5234;5.4;1.5
972;2021-04-07;1436;326;20828;5560;5.8;1.5
972;2021-04-08;1308;272;22136;5832;6.2;1.6
972;2021-04-09;1240;316;23376;6148;6.5;1.7
972;2021-04-10;838;164;24214;6312;6.7;1.8
972;2021-04-11;621;14;24835;6326;6.9;1.8
972;2021-04-12;868;317;25703;6643;7.2;1.9
972;2021-04-13;881;328;26584;6971;7.4;1.9
972;2021-04-14;960;321;27544;7292;7.7;2.0
972;2021-04-15;959;299;28503;7591;7.9;2.1
972;2021-04-16;996;300;29499;7891;8.2;2.2
972;2021-04-17;529;161;30028;8052;8.4;2.2
972;2021-04-18;339;56;30367;8108;8.5;2.3
972;2021-04-19;668;342;31035;8450;8.7;2.4
972;2021-04-20;868;308;31903;8758;8.9;2.4
972;2021-04-21;1002;353;32905;9111;9.2;2.5
972;2021-04-22;605;310;33510;9421;9.3;2.6
972;2021-04-23;614;465;34124;9886;9.5;2.8
972;2021-04-24;363;197;34487;10083;9.6;2.8
972;2021-04-25;168;199;34655;10282;9.7;2.9
972;2021-04-26;516;540;35171;10822;9.8;3.0
972;2021-04-27;568;607;35739;11429;10.0;3.2
972;2021-04-28;448;690;36187;12119;10.1;3.4
972;2021-04-29;653;642;36840;12761;10.3;3.6
972;2021-04-30;771;684;37611;13445;10.5;3.7
972;2021-05-01;244;246;37855;13691;10.6;3.8
972;2021-05-02;227;513;38082;14204;10.6;4.0
972;2021-05-03;569;770;38651;14974;10.8;4.2
972;2021-05-04;525;678;39176;15652;10.9;4.4
972;2021-05-05;548;896;39724;16548;11.1;4.6
972;2021-05-06;546;785;40270;17333;11.2;4.8
972;2021-05-07;629;1014;40899;18347;11.4;5.1
972;2021-05-08;226;526;41125;18873;11.5;5.3
972;2021-05-09;172;506;41297;19379;11.5;5.4
972;2021-05-10;519;856;41816;20235;11.7;5.6
972;2021-05-11;476;870;42292;21105;11.8;5.9
972;2021-05-12;560;910;42852;22015;11.9;6.1
972;2021-05-13;274;533;43126;22548;12.0;6.3
972;2021-05-14;388;750;43514;23298;12.1;6.5
972;2021-05-15;234;578;43748;23876;12.2;6.7
972;2021-05-16;155;442;43903;24318;12.2;6.8
972;2021-05-17;474;753;44377;25071;12.4;7.0
972;2021-05-18;446;679;44823;25750;12.5;7.2
972;2021-05-19;453;743;45276;26493;12.6;7.4
972;2021-05-20;595;500;45871;26993;12.8;7.5
972;2021-05-21;545;700;46416;27693;12.9;7.7
972;2021-05-22;186;362;46602;28055;13.0;7.8
972;2021-05-23;111;182;46713;28237;13.0;7.9
972;2021-05-24;136;241;46849;28478;13.1;7.9
972;2021-05-25;351;697;47200;29175;13.2;8.1
972;2021-05-26;382;713;47582;29888;13.3;8.3
972;2021-05-27;271;647;47853;30535;13.3;8.5
972;2021-05-28;279;815;48132;31350;13.4;8.7
972;2021-05-29;154;513;48286;31863;13.5;8.9
972;2021-05-30;17;33;48303;31896;13.5;8.9
972;2021-05-31;347;678;48650;32574;13.6;9.1
972;2021-06-01;300;547;48950;33121;13.6;9.2
972;2021-06-02;325;575;49275;33696;13.7;9.4
972;2021-06-03;247;425;49522;34121;13.8;9.5
972;2021-06-04;350;643;49872;34764;13.9;9.7
972;2021-06-05;260;373;50132;35137;14.0;9.8
972;2021-06-06;25;32;50157;35169;14.0;9.8
972;2021-06-07;260;736;50417;35905;14.1;10.0
972;2021-06-08;256;587;50673;36492;14.1;10.2
972;2021-06-09;303;697;50976;37189;14.2;10.4
972;2021-06-10;308;451;51284;37640;14.3;10.5
972;2021-06-11;361;534;51645;38174;14.4;10.6
972;2021-06-12;246;321;51891;38495;14.5;10.7
972;2021-06-13;32;29;51923;38524;14.5;10.7
972;2021-06-14;367;549;52290;39073;14.6;10.9
972;2021-06-15;410;488;52700;39561;14.7;11.0
972;2021-06-16;436;436;53136;39997;14.8;11.1
972;2021-06-17;355;576;53491;40573;14.9;11.3
972;2021-06-18;458;538;53949;41111;15.0;11.5
972;2021-06-19;225;196;54174;41307;15.1;11.5
972;2021-06-20;25;17;54199;41324;15.1;11.5
972;2021-06-21;332;579;54531;41903;15.2;11.7
972;2021-06-22;297;462;54828;42365;15.3;11.8
972;2021-06-23;425;562;55253;42927;15.4;12.0
972;2021-06-24;328;437;55581;43364;15.5;12.1
972;2021-06-25;313;387;55894;43751;15.6;12.2
972;2021-06-26;222;201;56116;43952;15.6;12.3
972;2021-06-27;16;23;56132;43975;15.6;12.3
972;2021-06-28;337;425;56469;44400;15.7;12.4
972;2021-06-29;329;431;56798;44831;15.8;12.5
972;2021-06-30;441;421;57239;45252;16.0;12.6
972;2021-07-01;350;393;57589;45645;16.1;12.7
972;2021-07-02;124;200;57713;45845;16.1;12.8
972;2021-07-03;100;118;57813;45963;16.1;12.8
972;2021-07-04;24;36;57837;45999;16.1;12.8
972;2021-07-05;494;580;58331;46579;16.3;13.0
972;2021-07-06;488;428;58819;47007;16.4;13.1
972;2021-07-07;612;492;59431;47499;16.6;13.2
972;2021-07-08;494;422;59925;47921;16.7;13.4
972;2021-07-09;628;582;60553;48503;16.9;13.5
972;2021-07-10;405;309;60958;48812;17.0;13.6
972;2021-07-11;52;38;61010;48850;17.0;13.6
972;2021-07-12;847;696;61857;49546;17.2;13.8
972;2021-07-13;1473;706;63330;50252;17.7;14.0
972;2021-07-14;133;65;63463;50317;17.7;14.0
972;2021-07-15;1604;678;65067;50995;18.1;14.2
972;2021-07-16;1639;662;66706;51657;18.6;14.4
972;2021-07-17;1096;365;67802;52022;18.9;14.5
972;2021-07-18;56;39;67858;52061;18.9;14.5
972;2021-07-19;1146;653;69004;52714;19.2;14.7
972;2021-07-20;1131;577;70135;53291;19.5;14.9
972;2021-07-21;1093;598;71228;53889;19.9;15.0
972;2021-07-22;905;522;72133;54411;20.1;15.2
972;2021-07-23;967;484;73100;54895;20.4;15.3
972;2021-07-24;505;223;73605;55118;20.5;15.4
972;2021-07-25;51;63;73656;55181;20.5;15.4
972;2021-07-26;685;522;74341;55703;20.7;15.5
972;2021-07-27;1028;515;75369;56218;21.0;15.7
972;2021-07-28;645;561;76014;56779;21.2;15.8
972;2021-07-29;840;548;76854;57327;21.4;16.0
972;2021-07-30;901;615;77755;57942;21.7;16.2
972;2021-07-31;559;275;78314;58217;21.8;16.2
972;2021-08-01;83;33;78397;58250;21.9;16.2
972;2021-08-02;812;813;79209;59063;22.1;16.5
972;2021-08-03;731;739;79940;59802;22.3;16.7
972;2021-08-04;785;569;80725;60371;22.5;16.8
972;2021-08-05;915;589;81640;60960;22.8;17.0
972;2021-08-06;1195;893;82835;61853;23.1;17.2
972;2021-08-07;669;570;83504;62423;23.3;17.4
972;2021-08-08;85;83;83589;62506;23.3;17.4
972;2021-08-09;1126;1065;84715;63571;23.6;17.7
972;2021-08-10;1196;1040;85911;64611;23.9;18.0
972;2021-08-11;1231;918;87142;65529;24.3;18.3
972;2021-08-12;1451;932;88593;66461;24.7;18.5
972;2021-08-13;1306;642;89899;67103;25.1;18.7
972;2021-08-14;823;318;90722;67421;25.3;18.8
972;2021-08-15;70;55;90792;67476;25.3;18.8
972;2021-08-16;1277;1044;92069;68520;25.7;19.1
972;2021-08-17;1174;1187;93243;69707;26.0;19.4
972;2021-08-18;1233;1175;94476;70882;26.3;19.8
972;2021-08-19;1278;890;95754;71772;26.7;20.0
972;2021-08-20;1324;894;97078;72666;27.1;20.3
972;2021-08-21;756;623;97834;73289;27.3;20.4
972;2021-08-22;47;82;97881;73371;27.3;20.5
972;2021-08-23;1174;856;99055;74227;27.6;20.7
972;2021-08-24;1364;878;100419;75105;28.0;20.9
972;2021-08-25;1066;767;101485;75872;28.3;21.1
972;2021-08-26;1276;799;102761;76671;28.6;21.4
972;2021-08-27;1277;1076;104038;77747;29.0;21.7
972;2021-08-28;767;749;104805;78496;29.2;21.9
972;2021-08-29;98;63;104903;78559;29.2;21.9
972;2021-08-30;1136;1122;106039;79681;29.6;22.2
972;2021-08-31;899;1103;106938;80784;29.8;22.5
972;2021-09-01;793;1126;107731;81910;30.0;22.8
972;2021-09-02;870;1209;108601;83119;30.3;23.2
972;2021-09-03;750;1303;109351;84422;30.5;23.5
972;2021-09-04;612;907;109963;85329;30.7;23.8
972;2021-09-05;144;133;110107;85462;30.7;23.8
972;2021-09-06;591;1059;110698;86521;30.9;24.1
972;2021-09-07;612;970;111310;87491;31.0;24.4
972;2021-09-08;522;1143;111832;88634;31.2;24.7
973;2020-12-27;0;0;0;0;0.0;0.0
973;2020-12-28;0;0;0;0;0.0;0.0
973;2020-12-29;0;0;0;0;0.0;0.0
973;2020-12-30;0;0;0;0;0.0;0.0
973;2020-12-31;0;0;0;0;0.0;0.0
973;2021-01-01;0;0;0;0;0.0;0.0
973;2021-01-02;1;1;1;1;0.0;0.0
973;2021-01-03;0;0;1;1;0.0;0.0
973;2021-01-04;0;0;1;1;0.0;0.0
973;2021-01-05;0;0;1;1;0.0;0.0
973;2021-01-06;0;0;1;1;0.0;0.0
973;2021-01-07;0;0;1;1;0.0;0.0
973;2021-01-08;0;0;1;1;0.0;0.0
973;2021-01-09;0;0;1;1;0.0;0.0
973;2021-01-10;0;0;1;1;0.0;0.0
973;2021-01-11;0;0;1;1;0.0;0.0
973;2021-01-12;0;0;1;1;0.0;0.0
973;2021-01-13;30;0;31;1;0.0;0.0
973;2021-01-14;46;0;77;1;0.0;0.0
973;2021-01-15;35;0;112;1;0.0;0.0
973;2021-01-16;18;1;130;2;0.0;0.0
973;2021-01-17;0;0;130;2;0.0;0.0
973;2021-01-18;63;0;193;2;0.1;0.0
973;2021-01-19;150;1;343;3;0.1;0.0
973;2021-01-20;134;0;477;3;0.2;0.0
973;2021-01-21;118;0;595;3;0.2;0.0
973;2021-01-22;76;0;671;3;0.2;0.0
973;2021-01-23;0;0;671;3;0.2;0.0
973;2021-01-24;0;0;671;3;0.2;0.0
973;2021-01-25;56;0;727;3;0.3;0.0
973;2021-01-26;100;2;827;5;0.3;0.0
973;2021-01-27;109;1;936;6;0.3;0.0
973;2021-01-28;96;3;1032;9;0.4;0.0
973;2021-01-29;104;3;1136;12;0.4;0.0
973;2021-01-30;0;0;1136;12;0.4;0.0
973;2021-01-31;0;0;1136;12;0.4;0.0
973;2021-02-01;54;0;1190;12;0.4;0.0
973;2021-02-02;122;5;1312;17;0.5;0.0
973;2021-02-03;119;7;1431;24;0.5;0.0
973;2021-02-04;79;25;1510;49;0.5;0.0
973;2021-02-05;66;8;1576;57;0.5;0.0
973;2021-02-06;0;0;1576;57;0.5;0.0
973;2021-02-07;0;0;1576;57;0.5;0.0
973;2021-02-08;52;12;1628;69;0.6;0.0
973;2021-02-09;92;38;1720;107;0.6;0.0
973;2021-02-10;101;40;1821;147;0.6;0.1
973;2021-02-11;105;91;1926;238;0.7;0.1
973;2021-02-12;89;61;2015;299;0.7;0.1
973;2021-02-13;0;0;2015;299;0.7;0.1
973;2021-02-14;0;0;2015;299;0.7;0.1
973;2021-02-15;27;58;2042;357;0.7;0.1
973;2021-02-16;123;47;2165;404;0.7;0.1
973;2021-02-17;145;113;2310;517;0.8;0.2
973;2021-02-18;103;128;2413;645;0.8;0.2
973;2021-02-19;122;71;2535;716;0.9;0.2
973;2021-02-20;0;0;2535;716;0.9;0.2
973;2021-02-21;0;0;2535;716;0.9;0.2
973;2021-02-22;78;46;2613;762;0.9;0.3
973;2021-02-23;158;101;2771;863;1.0;0.3
973;2021-02-24;190;121;2961;984;1.0;0.3
973;2021-02-25;259;89;3220;1073;1.1;0.4
973;2021-02-26;264;65;3484;1138;1.2;0.4
973;2021-02-27;120;1;3604;1139;1.2;0.4
973;2021-02-28;0;0;3604;1139;1.2;0.4
973;2021-03-01;182;83;3786;1222;1.3;0.4
973;2021-03-02;256;104;4042;1326;1.4;0.5
973;2021-03-03;255;129;4297;1455;1.5;0.5
973;2021-03-04;281;85;4578;1540;1.6;0.5
973;2021-03-05;274;47;4852;1587;1.7;0.5
973;2021-03-06;118;2;4970;1589;1.7;0.5
973;2021-03-07;0;0;4970;1589;1.7;0.5
973;2021-03-08;188;39;5158;1628;1.8;0.6
973;2021-03-09;351;90;5509;1718;1.9;0.6
973;2021-03-10;359;105;5868;1823;2.0;0.6
973;2021-03-11;271;110;6139;1933;2.1;0.7
973;2021-03-12;288;94;6427;2027;2.2;0.7
973;2021-03-13;112;4;6539;2031;2.2;0.7
973;2021-03-14;0;0;6539;2031;2.2;0.7
973;2021-03-15;181;27;6720;2058;2.3;0.7
973;2021-03-16;243;139;6963;2197;2.4;0.8
973;2021-03-17;274;128;7237;2325;2.5;0.8
973;2021-03-18;249;154;7486;2479;2.6;0.9
973;2021-03-19;283;128;7769;2607;2.7;0.9
973;2021-03-20;259;18;8028;2625;2.8;0.9
973;2021-03-21;120;2;8148;2627;2.8;0.9
973;2021-03-22;219;109;8367;2736;2.9;0.9
973;2021-03-23;275;194;8642;2930;3.0;1.0
973;2021-03-24;235;215;8877;3145;3.1;1.1
973;2021-03-25;168;180;9045;3325;3.1;1.1
973;2021-03-26;190;304;9235;3629;3.2;1.2
973;2021-03-27;58;94;9293;3723;3.2;1.3
973;2021-03-28;0;0;9293;3723;3.2;1.3
973;2021-03-29;175;248;9468;3971;3.3;1.4
973;2021-03-30;446;237;9914;4208;3.4;1.4
973;2021-03-31;319;293;10233;4501;3.5;1.5
973;2021-04-01;446;260;10679;4761;3.7;1.6
973;2021-04-02;310;278;10989;5039;3.8;1.7
973;2021-04-03;159;121;11148;5160;3.8;1.8
973;2021-04-04;1;0;11149;5160;3.8;1.8
973;2021-04-05;118;14;11267;5174;3.9;1.8
973;2021-04-06;439;334;11706;5508;4.0;1.9
973;2021-04-07;503;345;12209;5853;4.2;2.0
973;2021-04-08;514;269;12723;6122;4.4;2.1
973;2021-04-09;498;226;13221;6348;4.5;2.2
973;2021-04-10;147;91;13368;6439;4.6;2.2
973;2021-04-11;2;0;13370;6439;4.6;2.2
973;2021-04-12;551;267;13921;6706;4.8;2.3
973;2021-04-13;673;244;14594;6950;5.0;2.4
973;2021-04-14;721;314;15315;7264;5.3;2.5
973;2021-04-15;777;248;16092;7512;5.5;2.6
973;2021-04-16;760;302;16852;7814;5.8;2.7
973;2021-04-17;499;137;17351;7951;6.0;2.7
973;2021-04-18;499;46;17850;7997;6.1;2.8
973;2021-04-19;715;252;18565;8249;6.4;2.8
973;2021-04-20;607;280;19172;8529;6.6;2.9
973;2021-04-21;873;250;20045;8779;6.9;3.0
973;2021-04-22;727;231;20772;9010;7.1;3.1
973;2021-04-23;705;232;21477;9242;7.4;3.2
973;2021-04-24;524;97;22001;9339;7.6;3.2
973;2021-04-25;611;50;22612;9389;7.8;3.2
973;2021-04-26;779;233;23391;9622;8.0;3.3
973;2021-04-27;819;343;24210;9965;8.3;3.4
973;2021-04-28;746;331;24956;10296;8.6;3.5
973;2021-04-29;665;285;25621;10581;8.8;3.6
973;2021-04-30;710;260;26331;10841;9.1;3.7
973;2021-05-01;211;27;26542;10868;9.1;3.7
973;2021-05-02;602;85;27144;10953;9.3;3.8
973;2021-05-03;557;391;27701;11344;9.5;3.9
973;2021-05-04;665;326;28366;11670;9.8;4.0
973;2021-05-05;701;453;29067;12123;10.0;4.2
973;2021-05-06;694;477;29761;12600;10.2;4.3
973;2021-05-07;595;473;30356;13073;10.4;4.5
973;2021-05-08;344;59;30700;13132;10.6;4.5
973;2021-05-09;263;72;30963;13204;10.7;4.5
973;2021-05-10;440;611;31403;13815;10.8;4.8
973;2021-05-11;398;497;31801;14312;10.9;4.9
973;2021-05-12;513;647;32314;14959;11.1;5.1
973;2021-05-13;334;99;32648;15058;11.2;5.2
973;2021-05-14;486;555;33134;15613;11.4;5.4
973;2021-05-15;258;348;33392;15961;11.5;5.5
973;2021-05-16;207;210;33599;16171;11.6;5.6
973;2021-05-17;447;599;34046;16770;11.7;5.8
973;2021-05-18;564;568;34610;17338;11.9;6.0
973;2021-05-19;534;553;35144;17891;12.1;6.2
973;2021-05-20;644;452;35788;18343;12.3;6.3
973;2021-05-21;503;608;36291;18951;12.5;6.5
973;2021-05-22;167;500;36458;19451;12.5;6.7
973;2021-05-23;271;475;36729;19926;12.6;6.9
973;2021-05-24;562;248;37291;20174;12.8;6.9
973;2021-05-25;500;745;37791;20919;13.0;7.2
973;2021-05-26;452;683;38243;21602;13.2;7.4
973;2021-05-27;709;527;38952;22129;13.4;7.6
973;2021-05-28;580;554;39532;22683;13.6;7.8
973;2021-05-29;258;360;39790;23043;13.7;7.9
973;2021-05-30;151;399;39941;23442;13.7;8.1
973;2021-05-31;356;574;40297;24016;13.9;8.3
973;2021-06-01;422;468;40719;24484;14.0;8.4
973;2021-06-02;564;555;41283;25039;14.2;8.6
973;2021-06-03;526;470;41809;25509;14.4;8.8
973;2021-06-04;604;495;42413;26004;14.6;8.9
973;2021-06-05;273;292;42686;26296;14.7;9.0
973;2021-06-06;211;301;42897;26597;14.8;9.1
973;2021-06-07;489;452;43386;27049;14.9;9.3
973;2021-06-08;547;315;43933;27364;15.1;9.4
973;2021-06-09;530;390;44463;27754;15.3;9.5
973;2021-06-10;358;291;44821;28045;15.4;9.6
973;2021-06-11;438;467;45259;28512;15.6;9.8
973;2021-06-12;170;283;45429;28795;15.6;9.9
973;2021-06-13;214;268;45643;29063;15.7;10.0
973;2021-06-14;385;549;46028;29612;15.8;10.2
973;2021-06-15;376;445;46404;30057;16.0;10.3
973;2021-06-16;488;459;46892;30516;16.1;10.5
973;2021-06-17;437;579;47329;31095;16.3;10.7
973;2021-06-18;396;563;47725;31658;16.4;10.9
973;2021-06-19;235;260;47960;31918;16.5;11.0
973;2021-06-20;127;270;48087;32188;16.5;11.1
973;2021-06-21;335;603;48422;32791;16.7;11.3
973;2021-06-22;376;462;48798;33253;16.8;11.4
973;2021-06-23;344;539;49142;33792;16.9;11.6
973;2021-06-24;443;500;49585;34292;17.1;11.8
973;2021-06-25;445;557;50030;34849;17.2;12.0
973;2021-06-26;172;320;50202;35169;17.3;12.1
973;2021-06-27;121;170;50323;35339;17.3;12.2
973;2021-06-28;317;593;50640;35932;17.4;12.4
973;2021-06-29;379;507;51019;36439;17.6;12.5
973;2021-06-30;411;680;51430;37119;17.7;12.8
973;2021-07-01;432;399;51862;37518;17.8;12.9
973;2021-07-02;504;524;52366;38042;18.0;13.1
973;2021-07-03;210;274;52576;38316;18.1;13.2
973;2021-07-04;86;243;52662;38559;18.1;13.3
973;2021-07-05;362;547;53024;39106;18.2;13.5
973;2021-07-06;349;473;53373;39579;18.4;13.6
973;2021-07-07;363;415;53736;39994;18.5;13.8
973;2021-07-08;300;329;54036;40323;18.6;13.9
973;2021-07-09;389;435;54425;40758;18.7;14.0
973;2021-07-10;167;278;54592;41036;18.8;14.1
973;2021-07-11;102;163;54694;41199;18.8;14.2
973;2021-07-12;401;497;55095;41696;19.0;14.3
973;2021-07-13;671;560;55766;42256;19.2;14.5
973;2021-07-14;390;161;56156;42417;19.3;14.6
973;2021-07-15;648;528;56804;42945;19.5;14.8
973;2021-07-16;592;486;57396;43431;19.7;14.9
973;2021-07-17;346;284;57742;43715;19.9;15.0
973;2021-07-18;252;124;57994;43839;20.0;15.1
973;2021-07-19;518;457;58512;44296;20.1;15.2
973;2021-07-20;558;494;59070;44790;20.3;15.4
973;2021-07-21;696;398;59766;45188;20.6;15.5
973;2021-07-22;654;454;60420;45642;20.8;15.7
973;2021-07-23;603;369;61023;46011;21.0;15.8
973;2021-07-24;327;241;61350;46252;21.1;15.9
973;2021-07-25;165;111;61515;46363;21.2;15.9
973;2021-07-26;442;346;61957;46709;21.3;16.1
973;2021-07-27;542;358;62499;47067;21.5;16.2
973;2021-07-28;448;371;62947;47438;21.7;16.3
973;2021-07-29;535;431;63482;47869;21.8;16.5
973;2021-07-30;539;407;64021;48276;22.0;16.6
973;2021-07-31;204;163;64225;48439;22.1;16.7
973;2021-08-01;139;132;64364;48571;22.1;16.7
973;2021-08-02;397;431;64761;49002;22.3;16.9
973;2021-08-03;432;402;65193;49404;22.4;17.0
973;2021-08-04;307;372;65500;49776;22.5;17.1
973;2021-08-05;344;361;65844;50137;22.7;17.2
973;2021-08-06;365;527;66209;50664;22.8;17.4
973;2021-08-07;163;266;66372;50930;22.8;17.5
973;2021-08-08;117;177;66489;51107;22.9;17.6
973;2021-08-09;331;472;66820;51579;23.0;17.7
973;2021-08-10;361;515;67181;52094;23.1;17.9
973;2021-08-11;585;517;67766;52611;23.3;18.1
973;2021-08-12;545;579;68311;53190;23.5;18.3
973;2021-08-13;357;234;68668;53424;23.6;18.4
973;2021-08-14;255;402;68923;53826;23.7;18.5
973;2021-08-15;121;139;69044;53965;23.8;18.6
973;2021-08-16;306;472;69350;54437;23.9;18.7
973;2021-08-17;359;398;69709;54835;24.0;18.9
973;2021-08-18;298;440;70007;55275;24.1;19.0
973;2021-08-19;318;480;70325;55755;24.2;19.2
973;2021-08-20;307;400;70632;56155;24.3;19.3
973;2021-08-21;159;256;70791;56411;24.4;19.4
973;2021-08-22;114;183;70905;56594;24.4;19.5
973;2021-08-23;279;380;71184;56974;24.5;19.6
973;2021-08-24;307;465;71491;57439;24.6;19.8
973;2021-08-25;274;343;71765;57782;24.7;19.9
973;2021-08-26;309;404;72074;58186;24.8;20.0
973;2021-08-27;348;426;72422;58612;24.9;20.2
973;2021-08-28;141;267;72563;58879;25.0;20.3
973;2021-08-29;83;184;72646;59063;25.0;20.3
973;2021-08-30;218;349;72864;59412;25.1;20.4
973;2021-08-31;296;372;73160;59784;25.2;20.6
973;2021-09-01;252;398;73412;60182;25.3;20.7
973;2021-09-02;296;411;73708;60593;25.4;20.8
973;2021-09-03;274;353;73982;60946;25.5;21.0
973;2021-09-04;147;200;74129;61146;25.5;21.0
973;2021-09-05;70;93;74199;61239;25.5;21.1
973;2021-09-06;159;238;74358;61477;25.6;21.1
973;2021-09-07;188;261;74546;61738;25.6;21.2
973;2021-09-08;213;418;74759;62156;25.7;21.4
974;2020-12-27;0;0;0;0;0.0;0.0
974;2020-12-28;0;0;0;0;0.0;0.0
974;2020-12-29;0;0;0;0;0.0;0.0
974;2020-12-30;0;0;0;0;0.0;0.0
974;2020-12-31;0;0;0;0;0.0;0.0
974;2021-01-01;1;0;1;0;0.0;0.0
974;2021-01-02;0;0;1;0;0.0;0.0
974;2021-01-03;0;0;1;0;0.0;0.0
974;2021-01-04;0;0;1;0;0.0;0.0
974;2021-01-05;2;0;3;0;0.0;0.0
974;2021-01-06;0;0;3;0;0.0;0.0
974;2021-01-07;0;0;3;0;0.0;0.0
974;2021-01-08;0;0;3;0;0.0;0.0
974;2021-01-09;1;0;4;0;0.0;0.0
974;2021-01-10;0;0;4;0;0.0;0.0
974;2021-01-11;0;0;4;0;0.0;0.0
974;2021-01-12;0;0;4;0;0.0;0.0
974;2021-01-13;0;0;4;0;0.0;0.0
974;2021-01-14;0;0;4;0;0.0;0.0
974;2021-01-15;333;0;337;0;0.0;0.0
974;2021-01-16;27;0;364;0;0.0;0.0
974;2021-01-17;0;0;364;0;0.0;0.0
974;2021-01-18;49;1;413;1;0.0;0.0
974;2021-01-19;394;0;807;1;0.1;0.0
974;2021-01-20;482;1;1289;2;0.1;0.0
974;2021-01-21;614;2;1903;4;0.2;0.0
974;2021-01-22;414;1;2317;5;0.3;0.0
974;2021-01-23;75;0;2392;5;0.3;0.0
974;2021-01-24;0;0;2392;5;0.3;0.0
974;2021-01-25;273;2;2665;7;0.3;0.0
974;2021-01-26;429;0;3094;7;0.4;0.0
974;2021-01-27;316;0;3410;7;0.4;0.0
974;2021-01-28;409;0;3819;7;0.4;0.0
974;2021-01-29;422;3;4241;10;0.5;0.0
974;2021-01-30;421;1;4662;11;0.5;0.0
974;2021-01-31;0;0;4662;11;0.5;0.0
974;2021-02-01;373;4;5035;15;0.6;0.0
974;2021-02-02;501;3;5536;18;0.6;0.0
974;2021-02-03;602;10;6138;28;0.7;0.0
974;2021-02-04;629;18;6767;46;0.8;0.0
974;2021-02-05;564;97;7331;143;0.9;0.0
974;2021-02-06;501;6;7832;149;0.9;0.0
974;2021-02-07;0;8;7832;157;0.9;0.0
974;2021-02-08;470;33;8302;190;1.0;0.0
974;2021-02-09;787;93;9089;283;1.1;0.0
974;2021-02-10;820;87;9909;370;1.2;0.0
974;2021-02-11;796;88;10705;458;1.2;0.1
974;2021-02-12;638;92;11343;550;1.3;0.1
974;2021-02-13;654;75;11997;625;1.4;0.1
974;2021-02-14;1;0;11998;625;1.4;0.1
974;2021-02-15;526;124;12524;749;1.5;0.1
974;2021-02-16;651;527;13175;1276;1.5;0.1
974;2021-02-17;593;318;13768;1594;1.6;0.2
974;2021-02-18;495;393;14263;1987;1.7;0.2
974;2021-02-19;497;306;14760;2293;1.7;0.3
974;2021-02-20;577;111;15337;2404;1.8;0.3
974;2021-02-21;0;0;15337;2404;1.8;0.3
974;2021-02-22;403;222;15740;2626;1.8;0.3
974;2021-02-23;608;215;16348;2841;1.9;0.3
974;2021-02-24;584;233;16932;3074;2.0;0.4
974;2021-02-25;649;262;17581;3336;2.0;0.4
974;2021-02-26;485;430;18066;3766;2.1;0.4
974;2021-02-27;384;418;18450;4184;2.1;0.5
974;2021-02-28;0;0;18450;4184;2.1;0.5
974;2021-03-01;293;352;18743;4536;2.2;0.5
974;2021-03-02;486;467;19229;5003;2.2;0.6
974;2021-03-03;757;516;19986;5519;2.3;0.6
974;2021-03-04;777;475;20763;5994;2.4;0.7
974;2021-03-05;729;498;21492;6492;2.5;0.8
974;2021-03-06;813;512;22305;7004;2.6;0.8
974;2021-03-07;0;0;22305;7004;2.6;0.8
974;2021-03-08;436;529;22741;7533;2.6;0.9
974;2021-03-09;671;762;23412;8295;2.7;1.0
974;2021-03-10;644;827;24056;9122;2.8;1.1
974;2021-03-11;701;622;24757;9744;2.9;1.1
974;2021-03-12;731;648;25488;10392;3.0;1.2
974;2021-03-13;669;596;26157;10988;3.0;1.3
974;2021-03-14;2;0;26159;10988;3.0;1.3
974;2021-03-15;509;490;26668;11478;3.1;1.3
974;2021-03-16;681;683;27349;12161;3.2;1.4
974;2021-03-17;848;519;28197;12680;3.3;1.5
974;2021-03-18;1021;497;29218;13177;3.4;1.5
974;2021-03-19;786;527;30004;13704;3.5;1.6
974;2021-03-20;578;589;30582;14293;3.6;1.7
974;2021-03-21;0;0;30582;14293;3.6;1.7
974;2021-03-22;566;464;31148;14757;3.6;1.7
974;2021-03-23;780;636;31928;15393;3.7;1.8
974;2021-03-24;792;643;32720;16036;3.8;1.9
974;2021-03-25;934;531;33654;16567;3.9;1.9
974;2021-03-26;923;449;34577;17016;4.0;2.0
974;2021-03-27;782;334;35359;17350;4.1;2.0
974;2021-03-28;1;0;35360;17350;4.1;2.0
974;2021-03-29;962;270;36322;17620;4.2;2.0
974;2021-03-30;884;494;37206;18114;4.3;2.1
974;2021-03-31;739;655;37945;18769;4.4;2.2
974;2021-04-01;718;705;38663;19474;4.5;2.3
974;2021-04-02;688;755;39351;20229;4.6;2.4
974;2021-04-03;699;697;40050;20926;4.7;2.4
974;2021-04-04;0;0;40050;20926;4.7;2.4
974;2021-04-05;0;0;40050;20926;4.7;2.4
974;2021-04-06;796;635;40846;21561;4.7;2.5
974;2021-04-07;1367;781;42213;22342;4.9;2.6
974;2021-04-08;1792;769;44005;23111;5.1;2.7
974;2021-04-09;1509;774;45514;23885;5.3;2.8
974;2021-04-10;1137;646;46651;24531;5.4;2.9
974;2021-04-11;2;0;46653;24531;5.4;2.9
974;2021-04-12;1238;547;47891;25078;5.6;2.9
974;2021-04-13;1439;750;49330;25828;5.7;3.0
974;2021-04-14;2070;767;51400;26595;6.0;3.1
974;2021-04-15;2506;954;53906;27549;6.3;3.2
974;2021-04-16;1935;783;55841;28332;6.5;3.3
974;2021-04-17;1290;603;57131;28935;6.6;3.4
974;2021-04-18;0;0;57131;28935;6.6;3.4
974;2021-04-19;1374;562;58505;29497;6.8;3.4
974;2021-04-20;1651;804;60156;30301;7.0;3.5
974;2021-04-21;2126;626;62282;30927;7.2;3.6
974;2021-04-22;2953;820;65235;31747;7.6;3.7
974;2021-04-23;2312;818;67547;32565;7.9;3.8
974;2021-04-24;1111;804;68658;33369;8.0;3.9
974;2021-04-25;3;0;68661;33369;8.0;3.9
974;2021-04-26;1173;913;69834;34282;8.1;4.0
974;2021-04-27;1686;1027;71520;35309;8.3;4.1
974;2021-04-28;2901;751;74421;36060;8.7;4.2
974;2021-04-29;3949;813;78370;36873;9.1;4.3
974;2021-04-30;3451;905;81821;37778;9.5;4.4
974;2021-05-01;2106;226;83927;38004;9.8;4.4
974;2021-05-02;1;0;83928;38004;9.8;4.4
974;2021-05-03;1865;575;85793;38579;10.0;4.5
974;2021-05-04;2127;1093;87920;39672;10.2;4.6
974;2021-05-05;3121;1643;91041;41315;10.6;4.8
974;2021-05-06;4004;1587;95045;42902;11.1;5.0
974;2021-05-07;3229;1525;98274;44427;11.4;5.2
974;2021-05-08;1576;504;99850;44931;11.6;5.2
974;2021-05-09;2;1;99852;44932;11.6;5.2
974;2021-05-10;2414;1001;102266;45933;11.9;5.3
974;2021-05-11;3652;1640;105918;47573;12.3;5.5
974;2021-05-12;4723;2405;110641;49978;12.9;5.8
974;2021-05-13;3557;598;114198;50576;13.3;5.9
974;2021-05-14;5277;2517;119475;53093;13.9;6.2
974;2021-05-15;3158;1537;122633;54630;14.3;6.4
974;2021-05-16;16;18;122649;54648;14.3;6.4
974;2021-05-17;2998;1497;125647;56145;14.6;6.5
974;2021-05-18;3765;1803;129412;57948;15.0;6.7
974;2021-05-19;4692;2434;134104;60382;15.6;7.0
974;2021-05-20;5139;2854;139243;63236;16.2;7.4
974;2021-05-21;4997;2632;144240;65868;16.8;7.7
974;2021-05-22;3371;1256;147611;67124;17.2;7.8
974;2021-05-23;6;3;147617;67127;17.2;7.8
974;2021-05-24;3644;1078;151261;68205;17.6;7.9
974;2021-05-25;4248;1915;155509;70120;18.1;8.2
974;2021-05-26;4992;2992;160501;73112;18.7;8.5
974;2021-05-27;4619;4100;165120;77212;19.2;9.0
974;2021-05-28;4386;3837;169506;81049;19.7;9.4
974;2021-05-29;2555;2456;172061;83505;20.0;9.7
974;2021-05-30;8;14;172069;83519;20.0;9.7
974;2021-05-31;2349;2251;174418;85770;20.3;10.0
974;2021-06-01;3302;2760;177720;88530;20.7;10.3
974;2021-06-02;3971;3363;181691;91893;21.1;10.7
974;2021-06-03;4044;3651;185735;95544;21.6;11.1
974;2021-06-04;3850;3758;189585;99302;22.0;11.5
974;2021-06-05;2215;1930;191800;101232;22.3;11.8
974;2021-06-06;1073;134;192873;101366;22.4;11.8
974;2021-06-07;2013;2526;194886;103892;22.7;12.1
974;2021-06-08;2558;3339;197444;107231;23.0;12.5
974;2021-06-09;2985;4838;200429;112069;23.3;13.0
974;2021-06-10;3412;4465;203841;116534;23.7;13.6
974;2021-06-11;2841;4620;206682;121154;24.0;14.1
974;2021-06-12;1727;3376;208409;124530;24.2;14.5
974;2021-06-13;1324;246;209733;124776;24.4;14.5
974;2021-06-14;1490;3183;211223;127959;24.6;14.9
974;2021-06-15;2060;3616;213283;131575;24.8;15.3
974;2021-06-16;2751;4657;216034;136232;25.1;15.8
974;2021-06-17;2522;4895;218556;141127;25.4;16.4
974;2021-06-18;2598;4891;221154;146018;25.7;17.0
974;2021-06-19;1303;3517;222457;149535;25.9;17.4
974;2021-06-20;632;289;223089;149824;25.9;17.4
974;2021-06-21;1266;3235;224355;153059;26.1;17.8
974;2021-06-22;1621;3762;225976;156821;26.3;18.2
974;2021-06-23;2258;4995;228234;161816;26.5;18.8
974;2021-06-24;2283;4069;230517;165885;26.8;19.3
974;2021-06-25;2188;4106;232705;169991;27.1;19.8
974;2021-06-26;1401;2711;234106;172702;27.2;20.1
974;2021-06-27;665;268;234771;172970;27.3;20.1
974;2021-06-28;1306;2478;236077;175448;27.5;20.4
974;2021-06-29;1758;2847;237835;178295;27.7;20.7
974;2021-06-30;2564;3846;240399;182141;28.0;21.2
974;2021-07-01;2700;3825;243099;185966;28.3;21.6
974;2021-07-02;2513;3714;245612;189680;28.6;22.1
974;2021-07-03;1614;2458;247226;192138;28.7;22.3
974;2021-07-04;882;1038;248108;193176;28.9;22.5
974;2021-07-05;1696;2222;249804;195398;29.0;22.7
974;2021-07-06;2575;2545;252379;197943;29.3;23.0
974;2021-07-07;2663;3134;255042;201077;29.7;23.4
974;2021-07-08;2418;3171;257460;204248;29.9;23.8
974;2021-07-09;2763;3428;260223;207676;30.3;24.1
974;2021-07-10;1619;2192;261842;209868;30.4;24.4
974;2021-07-11;729;1017;262571;210885;30.5;24.5
974;2021-07-12;1747;2602;264318;213487;30.7;24.8
974;2021-07-13;4430;3340;268748;216827;31.3;25.2
974;2021-07-14;3297;605;272045;217432;31.6;25.3
974;2021-07-15;5557;4018;277602;221450;32.3;25.8
974;2021-07-16;6243;3298;283845;224748;33.0;26.1
974;2021-07-17;4374;1913;288219;226661;33.5;26.4
974;2021-07-18;2673;765;290892;227426;33.8;26.4
974;2021-07-19;4650;2030;295542;229456;34.4;26.7
974;2021-07-20;6234;2427;301776;231883;35.1;27.0
974;2021-07-21;6746;2853;308522;234736;35.9;27.3
974;2021-07-22;7143;2819;315665;237555;36.7;27.6
974;2021-07-23;6639;2978;322304;240533;37.5;28.0
974;2021-07-24;3802;2065;326106;242598;37.9;28.2
974;2021-07-25;2522;755;328628;243353;38.2;28.3
974;2021-07-26;4373;2093;333001;245446;38.7;28.5
974;2021-07-27;5441;2563;338442;248009;39.4;28.8
974;2021-07-28;5394;2902;343836;250911;40.0;29.2
974;2021-07-29;5746;2805;349582;253716;40.7;29.5
974;2021-07-30;5875;2579;355457;256295;41.3;29.8
974;2021-07-31;3938;1647;359395;257942;41.8;30.0
974;2021-08-01;1905;713;361300;258655;42.0;30.1
974;2021-08-02;3409;1865;364709;260520;42.4;30.3
974;2021-08-03;4304;4069;369013;264589;42.9;30.8
974;2021-08-04;4873;4229;373886;268818;43.5;31.3
974;2021-08-05;4438;4665;378324;273483;44.0;31.8
974;2021-08-06;4082;5097;382406;278580;44.5;32.4
974;2021-08-07;2747;4041;385153;282621;44.8;32.9
974;2021-08-08;1480;2264;386633;284885;45.0;33.1
974;2021-08-09;2570;4523;389203;289408;45.3;33.7
974;2021-08-10;3790;4963;392993;294371;45.7;34.2
974;2021-08-11;4622;5445;397615;299816;46.2;34.9
974;2021-08-12;4707;5918;402322;305734;46.8;35.6
974;2021-08-13;4453;5826;406775;311560;47.3;36.2
974;2021-08-14;2597;4328;409372;315888;47.6;36.7
974;2021-08-15;1572;2176;410944;318064;47.8;37.0
974;2021-08-16;2342;4176;413286;322240;48.1;37.5
974;2021-08-17;3163;4531;416449;326771;48.4;38.0
974;2021-08-18;3337;5898;419786;332669;48.8;38.7
974;2021-08-19;3283;4905;423069;337574;49.2;39.3
974;2021-08-20;3413;5270;426482;342844;49.6;39.9
974;2021-08-21;1803;4617;428285;347461;49.8;40.4
974;2021-08-22;1016;1942;429301;349403;49.9;40.6
974;2021-08-23;1791;3328;431092;352731;50.1;41.0
974;2021-08-24;2431;3775;433523;356506;50.4;41.5
974;2021-08-25;2880;5210;436403;361716;50.7;42.1
974;2021-08-26;2655;3866;439058;365582;51.1;42.5
974;2021-08-27;2761;4000;441819;369582;51.4;43.0
974;2021-08-28;1828;3870;443647;373452;51.6;43.4
974;2021-08-29;740;1573;444387;375025;51.7;43.6
974;2021-08-30;1558;2531;445945;377556;51.9;43.9
974;2021-08-31;1842;3348;447787;380904;52.1;44.3
974;2021-09-01;2383;4902;450170;385806;52.3;44.9
974;2021-09-02;2233;4314;452403;390120;52.6;45.4
974;2021-09-03;2319;4531;454722;394651;52.9;45.9
974;2021-09-04;1574;3915;456296;398566;53.1;46.3
974;2021-09-05;604;1337;456900;399903;53.1;46.5
974;2021-09-06;1211;2549;458111;402452;53.3;46.8
974;2021-09-07;1352;3199;459463;405651;53.4;47.2
974;2021-09-08;2042;3943;461505;409594;53.7;47.6
976;2020-12-27;0;0;0;0;0.0;0.0
976;2020-12-28;0;0;0;0;0.0;0.0
976;2020-12-29;0;0;0;0;0.0;0.0
976;2020-12-30;0;0;0;0;0.0;0.0
976;2020-12-31;0;0;0;0;0.0;0.0
976;2021-01-01;0;0;0;0;0.0;0.0
976;2021-01-02;0;0;0;0;0.0;0.0
976;2021-01-03;0;0;0;0;0.0;0.0
976;2021-01-04;0;0;0;0;0.0;0.0
976;2021-01-05;0;0;0;0;0.0;0.0
976;2021-01-06;0;0;0;0;0.0;0.0
976;2021-01-07;0;0;0;0;0.0;0.0
976;2021-01-08;0;0;0;0;0.0;0.0
976;2021-01-09;0;0;0;0;0.0;0.0
976;2021-01-10;0;0;0;0;0.0;0.0
976;2021-01-11;9;0;9;0;0.0;0.0
976;2021-01-12;0;0;9;0;0.0;0.0
976;2021-01-13;0;0;9;0;0.0;0.0
976;2021-01-14;0;0;9;0;0.0;0.0
976;2021-01-15;1;0;10;0;0.0;0.0
976;2021-01-16;1;0;11;0;0.0;0.0
976;2021-01-17;0;0;11;0;0.0;0.0
976;2021-01-18;1;0;12;0;0.0;0.0
976;2021-01-19;0;0;12;0;0.0;0.0
976;2021-01-20;0;0;12;0;0.0;0.0
976;2021-01-21;1;1;13;1;0.0;0.0
976;2021-01-22;0;0;13;1;0.0;0.0
976;2021-01-23;1;0;14;1;0.0;0.0
976;2021-01-24;0;0;14;1;0.0;0.0
976;2021-01-25;143;3;157;4;0.1;0.0
976;2021-01-26;167;3;324;7;0.1;0.0
976;2021-01-27;250;3;574;10;0.2;0.0
976;2021-01-28;102;7;676;17;0.2;0.0
976;2021-01-29;231;3;907;20;0.3;0.0
976;2021-01-30;285;11;1192;31;0.4;0.0
976;2021-01-31;1;0;1193;31;0.4;0.0
976;2021-02-01;161;2;1354;33;0.5;0.0
976;2021-02-02;330;10;1684;43;0.6;0.0
976;2021-02-03;228;3;1912;46;0.7;0.0
976;2021-02-04;216;9;2128;55;0.8;0.0
976;2021-02-05;213;0;2341;55;0.8;0.0
976;2021-02-06;83;10;2424;65;0.9;0.0
976;2021-02-07;0;0;2424;65;0.9;0.0
976;2021-02-08;82;4;2506;69;0.9;0.0
976;2021-02-09;194;1;2700;70;1.0;0.0
976;2021-02-10;187;5;2887;75;1.0;0.0
976;2021-02-11;236;4;3123;79;1.1;0.0
976;2021-02-12;289;4;3412;83;1.2;0.0
976;2021-02-13;56;0;3468;83;1.2;0.0
976;2021-02-14;1;0;3469;83;1.2;0.0
976;2021-02-15;359;7;3828;90;1.4;0.0
976;2021-02-16;266;9;4094;99;1.5;0.0
976;2021-02-17;167;9;4261;108;1.5;0.0
976;2021-02-18;218;14;4479;122;1.6;0.0
976;2021-02-19;237;24;4716;146;1.7;0.1
976;2021-02-20;139;9;4855;155;1.7;0.1
976;2021-02-21;0;0;4855;155;1.7;0.1
976;2021-02-22;130;119;4985;274;1.8;0.1
976;2021-02-23;185;154;5170;428;1.8;0.2
976;2021-02-24;176;145;5346;573;1.9;0.2
976;2021-02-25;227;274;5573;847;2.0;0.3
976;2021-02-26;242;244;5815;1091;2.1;0.4
976;2021-02-27;0;0;5815;1091;2.1;0.4
976;2021-02-28;0;0;5815;1091;2.1;0.4
976;2021-03-01;146;259;5961;1350;2.1;0.5
976;2021-03-02;229;259;6190;1609;2.2;0.6
976;2021-03-03;202;189;6392;1798;2.3;0.6
976;2021-03-04;205;144;6597;1942;2.4;0.7
976;2021-03-05;224;116;6821;2058;2.4;0.7
976;2021-03-06;1;0;6822;2058;2.4;0.7
976;2021-03-07;1;0;6823;2058;2.4;0.7
976;2021-03-08;189;111;7012;2169;2.5;0.8
976;2021-03-09;391;162;7403;2331;2.6;0.8
976;2021-03-10;180;178;7583;2509;2.7;0.9
976;2021-03-11;167;207;7750;2716;2.8;1.0
976;2021-03-12;237;294;7987;3010;2.9;1.1
976;2021-03-13;3;0;7990;3010;2.9;1.1
976;2021-03-14;0;0;7990;3010;2.9;1.1
976;2021-03-15;157;294;8147;3304;2.9;1.2
976;2021-03-16;238;226;8385;3530;3.0;1.3
976;2021-03-17;264;145;8649;3675;3.1;1.3
976;2021-03-18;174;236;8823;3911;3.2;1.4
976;2021-03-19;173;297;8996;4208;3.2;1.5
976;2021-03-20;0;0;8996;4208;3.2;1.5
976;2021-03-21;0;0;8996;4208;3.2;1.5
976;2021-03-22;97;136;9093;4344;3.3;1.6
976;2021-03-23;136;239;9229;4583;3.3;1.6
976;2021-03-24;160;146;9389;4729;3.4;1.7
976;2021-03-25;185;206;9574;4935;3.4;1.8
976;2021-03-26;160;212;9734;5147;3.5;1.8
976;2021-03-27;18;0;9752;5147;3.5;1.8
976;2021-03-28;1;0;9753;5147;3.5;1.8
976;2021-03-29;0;2;9753;5149;3.5;1.8
976;2021-03-30;273;336;10026;5485;3.6;2.0
976;2021-03-31;225;125;10251;5610;3.7;2.0
976;2021-04-01;246;104;10497;5714;3.8;2.0
976;2021-04-02;289;262;10786;5976;3.9;2.1
976;2021-04-03;905;310;11691;6286;4.2;2.2
976;2021-04-04;2;0;11693;6286;4.2;2.2
976;2021-04-05;1;0;11694;6286;4.2;2.2
976;2021-04-06;162;277;11856;6563;4.2;2.3
976;2021-04-07;237;266;12093;6829;4.3;2.4
976;2021-04-08;284;139;12377;6968;4.4;2.5
976;2021-04-09;249;171;12626;7139;4.5;2.6
976;2021-04-10;181;114;12807;7253;4.6;2.6
976;2021-04-11;7;0;12814;7253;4.6;2.6
976;2021-04-12;0;19;12814;7272;4.6;2.6
976;2021-04-13;394;345;13208;7617;4.7;2.7
976;2021-04-14;239;205;13447;7822;4.8;2.8
976;2021-04-15;209;117;13656;7939;4.9;2.8
976;2021-04-16;214;127;13870;8066;5.0;2.9
976;2021-04-17;226;131;14096;8197;5.0;2.9
976;2021-04-18;1;0;14097;8197;5.0;2.9
976;2021-04-19;7;1;14104;8198;5.0;2.9
976;2021-04-20;369;222;14473;8420;5.2;3.0
976;2021-04-21;412;150;14885;8570;5.3;3.1
976;2021-04-22;410;150;15295;8720;5.5;3.1
976;2021-04-23;367;166;15662;8886;5.6;3.2
976;2021-04-24;413;128;16075;9014;5.8;3.2
976;2021-04-25;2;0;16077;9014;5.8;3.2
976;2021-04-26;55;8;16132;9022;5.8;3.2
976;2021-04-27;351;293;16483;9315;5.9;3.3
976;2021-04-28;357;513;16840;9828;6.0;3.5
976;2021-04-29;559;344;17399;10172;6.2;3.6
976;2021-04-30;408;238;17807;10410;6.4;3.7
976;2021-05-01;673;286;18480;10696;6.6;3.8
976;2021-05-02;0;0;18480;10696;6.6;3.8
976;2021-05-03;141;6;18621;10702;6.7;3.8
976;2021-05-04;353;426;18974;11128;6.8;4.0
976;2021-05-05;448;318;19422;11446;6.9;4.1
976;2021-05-06;320;202;19742;11648;7.1;4.2
976;2021-05-07;341;133;20083;11781;7.2;4.2
976;2021-05-08;307;141;20390;11922;7.3;4.3
976;2021-05-09;0;0;20390;11922;7.3;4.3
976;2021-05-10;9;9;20399;11931;7.3;4.3
976;2021-05-11;363;491;20762;12422;7.4;4.4
976;2021-05-12;334;310;21096;12732;7.5;4.6
976;2021-05-13;126;96;21222;12828;7.6;4.6
976;2021-05-14;0;0;21222;12828;7.6;4.6
976;2021-05-15;486;282;21708;13110;7.8;4.7
976;2021-05-16;1;0;21709;13110;7.8;4.7
976;2021-05-17;124;51;21833;13161;7.8;4.7
976;2021-05-18;517;430;22350;13591;8.0;4.9
976;2021-05-19;653;663;23003;14254;8.2;5.1
976;2021-05-20;1059;498;24062;14752;8.6;5.3
976;2021-05-21;1046;313;25108;15065;9.0;5.4
976;2021-05-22;1243;299;26351;15364;9.4;5.5
976;2021-05-23;0;0;26351;15364;9.4;5.5
976;2021-05-24;1;0;26352;15364;9.4;5.5
976;2021-05-25;890;623;27242;15987;9.7;5.7
976;2021-05-26;1036;842;28278;16829;10.1;6.0
976;2021-05-27;1326;514;29604;17343;10.6;6.2
976;2021-05-28;957;375;30561;17718;10.9;6.3
976;2021-05-29;1131;392;31692;18110;11.3;6.5
976;2021-05-30;1;1;31693;18111;11.3;6.5
976;2021-05-31;105;6;31798;18117;11.4;6.5
976;2021-06-01;1154;652;32952;18769;11.8;6.7
976;2021-06-02;1242;530;34194;19299;12.2;6.9
976;2021-06-03;815;354;35009;19653;12.5;7.0
976;2021-06-04;1003;324;36012;19977;12.9;7.1
976;2021-06-05;679;299;36691;20276;13.1;7.3
976;2021-06-06;1;0;36692;20276;13.1;7.3
976;2021-06-07;91;12;36783;20288;13.2;7.3
976;2021-06-08;962;444;37745;20732;13.5;7.4
976;2021-06-09;972;550;38717;21282;13.9;7.6
976;2021-06-10;703;232;39420;21514;14.1;7.7
976;2021-06-11;851;365;40271;21879;14.4;7.8
976;2021-06-12;586;276;40857;22155;14.6;7.9
976;2021-06-13;2;0;40859;22155;14.6;7.9
976;2021-06-14;187;112;41046;22267;14.7;8.0
976;2021-06-15;416;839;41462;23106;14.8;8.3
976;2021-06-16;893;1442;42355;24548;15.2;8.8
976;2021-06-17;802;660;43157;25208;15.4;9.0
976;2021-06-18;710;621;43867;25829;15.7;9.2
976;2021-06-19;538;644;44405;26473;15.9;9.5
976;2021-06-20;1;0;44406;26473;15.9;9.5
976;2021-06-21;128;132;44534;26605;15.9;9.5
976;2021-06-22;431;1150;44965;27755;16.1;9.9
976;2021-06-23;688;1187;45653;28942;16.3;10.4
976;2021-06-24;481;546;46134;29488;16.5;10.6
976;2021-06-25;547;479;46681;29967;16.7;10.7
976;2021-06-26;391;693;47072;30660;16.8;11.0
976;2021-06-27;1;0;47073;30660;16.8;11.0
976;2021-06-28;108;191;47181;30851;16.9;11.0
976;2021-06-29;743;974;47924;31825;17.1;11.4
976;2021-06-30;708;947;48632;32772;17.4;11.7
976;2021-07-01;582;546;49214;33318;17.6;11.9
976;2021-07-02;454;430;49668;33748;17.8;12.1
976;2021-07-03;445;423;50113;34171;17.9;12.2
976;2021-07-04;2;0;50115;34171;17.9;12.2
976;2021-07-05;121;224;50236;34395;18.0;12.3
976;2021-07-06;503;865;50739;35260;18.2;12.6
976;2021-07-07;771;1016;51510;36276;18.4;13.0
976;2021-07-08;826;637;52336;36913;18.7;13.2
976;2021-07-09;791;519;53127;37432;19.0;13.4
976;2021-07-10;441;320;53568;37752;19.2;13.5
976;2021-07-11;0;0;53568;37752;19.2;13.5
976;2021-07-12;165;172;53733;37924;19.2;13.6
976;2021-07-13;857;1000;54590;38924;19.5;13.9
976;2021-07-14;0;5;54590;38929;19.5;13.9
976;2021-07-15;1229;816;55819;39745;20.0;14.2
976;2021-07-16;1310;660;57129;40405;20.4;14.5
976;2021-07-17;1049;377;58178;40782;20.8;14.6
976;2021-07-18;0;0;58178;40782;20.8;14.6
976;2021-07-19;206;134;58384;40916;20.9;14.6
976;2021-07-20;1160;878;59544;41794;21.3;15.0
976;2021-07-21;35;29;59579;41823;21.3;15.0
976;2021-07-22;1127;664;60706;42487;21.7;15.2
976;2021-07-23;1210;546;61916;43033;22.2;15.4
976;2021-07-24;863;439;62779;43472;22.5;15.6
976;2021-07-25;2;0;62781;43472;22.5;15.6
976;2021-07-26;181;36;62962;43508;22.5;15.6
976;2021-07-27;1146;823;64108;44331;22.9;15.9
976;2021-07-28;1042;636;65150;44967;23.3;16.1
976;2021-07-29;1243;568;66393;45535;23.8;16.3
976;2021-07-30;1216;411;67609;45946;24.2;16.4
976;2021-07-31;768;277;68377;46223;24.5;16.5
976;2021-08-01;5;3;68382;46226;24.5;16.5
976;2021-08-02;322;176;68704;46402;24.6;16.6
976;2021-08-03;1512;938;70216;47340;25.1;16.9
976;2021-08-04;1838;809;72054;48149;25.8;17.2
976;2021-08-05;1473;503;73527;48652;26.3;17.4
976;2021-08-06;1692;507;75219;49159;26.9;17.6
976;2021-08-07;922;356;76141;49515;27.2;17.7
976;2021-08-08;7;1;76148;49516;27.2;17.7
976;2021-08-09;524;235;76672;49751;27.4;17.8
976;2021-08-10;1634;1380;78306;51131;28.0;18.3
976;2021-08-11;2032;1241;80338;52372;28.7;18.7
976;2021-08-12;1695;615;82033;52987;29.4;19.0
976;2021-08-13;1536;530;83569;53517;29.9;19.1
976;2021-08-14;833;454;84402;53971;30.2;19.3
976;2021-08-15;0;0;84402;53971;30.2;19.3
976;2021-08-16;538;290;84940;54261;30.4;19.4
976;2021-08-17;1798;1302;86738;55563;31.0;19.9
976;2021-08-18;2196;1221;88934;56784;31.8;20.3
976;2021-08-19;1944;546;90878;57330;32.5;20.5
976;2021-08-20;1727;541;92605;57871;33.1;20.7
976;2021-08-21;1028;518;93633;58389;33.5;20.9
976;2021-08-22;7;0;93640;58389;33.5;20.9
976;2021-08-23;510;270;94150;58659;33.7;21.0
976;2021-08-24;1029;1007;95179;59666;34.1;21.3
976;2021-08-25;1058;1289;96237;60955;34.4;21.8
976;2021-08-26;885;570;97122;61525;34.8;22.0
976;2021-08-27;725;561;97847;62086;35.0;22.2
976;2021-08-28;466;854;98313;62940;35.2;22.5
976;2021-08-29;0;12;98313;62952;35.2;22.5
976;2021-08-30;142;256;98455;63208;35.2;22.6
976;2021-08-31;638;1161;99093;64369;35.5;23.0
976;2021-09-01;752;1392;99845;65761;35.7;23.5
976;2021-09-02;835;900;100680;66661;36.0;23.9
976;2021-09-03;893;1288;101573;67949;36.3;24.3
976;2021-09-04;427;993;102000;68942;36.5;24.7
976;2021-09-05;0;1;102000;68943;36.5;24.7
976;2021-09-06;417;399;102417;69342;36.6;24.8
976;2021-09-07;645;698;103062;70040;36.9;25.1
976;2021-09-08;951;1254;104013;71294;37.2;25.5
977;2020-12-27;0;0;0;0;0.0;0.0
977;2020-12-28;0;0;0;0;0.0;0.0
977;2020-12-29;0;0;0;0;0.0;0.0
977;2020-12-30;0;0;0;0;0.0;0.0
977;2020-12-31;0;0;0;0;0.0;0.0
977;2021-01-01;0;0;0;0;0.0;0.0
977;2021-01-02;0;0;0;0;0.0;0.0
977;2021-01-03;0;0;0;0;0.0;0.0
977;2021-01-04;0;0;0;0;0.0;0.0
977;2021-01-05;0;0;0;0;0.0;0.0
977;2021-01-06;0;0;0;0;0.0;0.0
977;2021-01-07;0;0;0;0;0.0;0.0
977;2021-01-08;0;0;0;0;0.0;0.0
977;2021-01-09;0;0;0;0;0.0;0.0
977;2021-01-10;0;0;0;0;0.0;0.0
977;2021-01-11;0;0;0;0;0.0;0.0
977;2021-01-12;0;0;0;0;0.0;0.0
977;2021-01-13;0;0;0;0;0.0;0.0
977;2021-01-14;0;0;0;0;0.0;0.0
977;2021-01-15;0;0;0;0;0.0;0.0
977;2021-01-16;0;0;0;0;0.0;0.0
977;2021-01-17;0;0;0;0;0.0;0.0
977;2021-01-18;1;0;1;0;0.0;0.0
977;2021-01-19;0;0;1;0;0.0;0.0
977;2021-01-20;0;0;1;0;0.0;0.0
977;2021-01-21;12;0;13;0;0.1;0.0
977;2021-01-22;12;0;25;0;0.3;0.0
977;2021-01-23;0;0;25;0;0.3;0.0
977;2021-01-24;0;0;25;0;0.3;0.0
977;2021-01-25;0;0;25;0;0.3;0.0
977;2021-01-26;0;0;25;0;0.3;0.0
977;2021-01-27;12;0;37;0;0.4;0.0
977;2021-01-28;1;0;38;0;0.4;0.0
977;2021-01-29;6;0;44;0;0.4;0.0
977;2021-01-30;0;0;44;0;0.4;0.0
977;2021-01-31;0;0;44;0;0.4;0.0
977;2021-02-01;0;0;44;0;0.4;0.0
977;2021-02-02;0;0;44;0;0.4;0.0
977;2021-02-03;11;0;55;0;0.6;0.0
977;2021-02-04;12;0;67;0;0.7;0.0
977;2021-02-05;11;0;78;0;0.8;0.0
977;2021-02-06;0;0;78;0;0.8;0.0
977;2021-02-07;0;0;78;0;0.8;0.0
977;2021-02-08;0;0;78;0;0.8;0.0
977;2021-02-09;14;0;92;0;0.9;0.0
977;2021-02-10;0;0;92;0;0.9;0.0
977;2021-02-11;17;0;109;0;1.1;0.0
977;2021-02-12;45;0;154;0;1.5;0.0
977;2021-02-13;0;0;154;0;1.5;0.0
977;2021-02-14;0;0;154;0;1.5;0.0
977;2021-02-15;0;0;154;0;1.5;0.0
977;2021-02-16;0;0;154;0;1.5;0.0
977;2021-02-17;0;0;154;0;1.5;0.0
977;2021-02-18;18;0;172;0;1.7;0.0
977;2021-02-19;35;0;207;0;2.1;0.0
977;2021-02-20;0;0;207;0;2.1;0.0
977;2021-02-21;0;0;207;0;2.1;0.0
977;2021-02-22;0;0;207;0;2.1;0.0
977;2021-02-23;0;20;207;20;2.1;0.2
977;2021-02-24;0;0;207;20;2.1;0.2
977;2021-02-25;15;5;222;25;2.2;0.3
977;2021-02-26;33;18;255;43;2.6;0.4
977;2021-02-27;0;0;255;43;2.6;0.4
977;2021-02-28;0;0;255;43;2.6;0.4
977;2021-03-01;0;0;255;43;2.6;0.4
977;2021-03-02;19;11;274;54;2.8;0.5
977;2021-03-03;0;0;274;54;2.8;0.5
977;2021-03-04;16;10;290;64;2.9;0.6
977;2021-03-05;35;16;325;80;3.3;0.8
977;2021-03-06;0;0;325;80;3.3;0.8
977;2021-03-07;0;0;325;80;3.3;0.8
977;2021-03-08;0;0;325;80;3.3;0.8
977;2021-03-09;1;0;326;80;3.3;0.8
977;2021-03-10;0;0;326;80;3.3;0.8
977;2021-03-11;20;30;346;110;3.5;1.1
977;2021-03-12;62;41;408;151;4.1;1.5
977;2021-03-13;0;0;408;151;4.1;1.5
977;2021-03-14;0;0;408;151;4.1;1.5
977;2021-03-15;0;0;408;151;4.1;1.5
977;2021-03-16;30;10;438;161;4.4;1.6
977;2021-03-17;0;0;438;161;4.4;1.6
977;2021-03-18;30;16;468;177;4.7;1.8
977;2021-03-19;57;27;525;204;5.3;2.0
977;2021-03-20;0;0;525;204;5.3;2.0
977;2021-03-21;0;0;525;204;5.3;2.0
977;2021-03-22;0;0;525;204;5.3;2.0
977;2021-03-23;0;0;525;204;5.3;2.0
977;2021-03-24;0;0;525;204;5.3;2.0
977;2021-03-25;65;17;590;221;5.9;2.2
977;2021-03-26;73;26;663;247;6.7;2.5
977;2021-03-27;0;0;663;247;6.7;2.5
977;2021-03-28;0;0;663;247;6.7;2.5
977;2021-03-29;0;0;663;247;6.7;2.5
977;2021-03-30;40;17;703;264;7.1;2.7
977;2021-03-31;26;14;729;278;7.3;2.8
977;2021-04-01;25;32;754;310;7.6;3.1
977;2021-04-02;0;0;754;310;7.6;3.1
977;2021-04-03;0;0;754;310;7.6;3.1
977;2021-04-04;0;0;754;310;7.6;3.1
977;2021-04-05;9;0;763;310;7.7;3.1
977;2021-04-06;0;0;763;310;7.7;3.1
977;2021-04-07;0;0;763;310;7.7;3.1
977;2021-04-08;57;46;820;356;8.2;3.6
977;2021-04-09;58;31;878;387;8.8;3.9
977;2021-04-10;0;0;878;387;8.8;3.9
977;2021-04-11;0;0;878;387;8.8;3.9
977;2021-04-12;0;0;878;387;8.8;3.9
977;2021-04-13;0;0;878;387;8.8;3.9
977;2021-04-14;5;5;883;392;8.9;3.9
977;2021-04-15;57;70;940;462;9.4;4.6
977;2021-04-16;90;35;1030;497;10.3;5.0
977;2021-04-17;0;1;1030;498;10.3;5.0
977;2021-04-18;0;0;1030;498;10.3;5.0
977;2021-04-19;1;0;1031;498;10.4;5.0
977;2021-04-20;335;62;1366;560;13.7;5.6
977;2021-04-21;337;30;1703;590;17.1;5.9
977;2021-04-22;284;47;1987;637;19.9;6.4
977;2021-04-23;260;42;2247;679;22.6;6.8
977;2021-04-24;231;1;2478;680;24.9;6.8
977;2021-04-25;0;0;2478;680;24.9;6.8
977;2021-04-26;283;19;2761;699;27.7;7.0
977;2021-04-27;224;67;2985;766;30.0;7.7
977;2021-04-28;192;26;3177;792;31.9;8.0
977;2021-04-29;170;23;3347;815;33.6;8.2
977;2021-04-30;172;18;3519;833;35.3;8.4
977;2021-05-01;203;11;3722;844;37.4;8.5
977;2021-05-02;0;0;3722;844;37.4;8.5
977;2021-05-03;135;9;3857;853;38.7;8.6
977;2021-05-04;161;54;4018;907;40.3;9.1
977;2021-05-05;221;28;4239;935;42.6;9.4
977;2021-05-06;175;33;4414;968;44.3;9.7
977;2021-05-07;149;32;4563;1000;45.8;10.0
977;2021-05-08;1;0;4564;1000;45.8;10.0
977;2021-05-09;0;0;4564;1000;45.8;10.0
977;2021-05-10;0;0;4564;1000;45.8;10.0
977;2021-05-11;3;41;4567;1041;45.8;10.5
977;2021-05-12;6;36;4573;1077;45.9;10.8
977;2021-05-13;0;0;4573;1077;45.9;10.8
977;2021-05-14;28;98;4601;1175;46.2;11.8
977;2021-05-15;0;0;4601;1175;46.2;11.8
977;2021-05-16;1;0;4602;1175;46.2;11.8
977;2021-05-17;1;14;4603;1189;46.2;11.9
977;2021-05-18;17;32;4620;1221;46.4;12.3
977;2021-05-19;0;1;4620;1222;46.4;12.3
977;2021-05-20;0;8;4620;1230;46.4;12.3
977;2021-05-21;12;31;4632;1261;46.5;12.7
977;2021-05-22;0;0;4632;1261;46.5;12.7
977;2021-05-23;0;0;4632;1261;46.5;12.7
977;2021-05-24;0;0;4632;1261;46.5;12.7
977;2021-05-25;50;331;4682;1592;47.0;16.0
977;2021-05-26;54;360;4736;1952;47.5;19.6
977;2021-05-27;34;317;4770;2269;47.9;22.8
977;2021-05-28;27;256;4797;2525;48.2;25.3
977;2021-05-29;35;375;4832;2900;48.5;29.1
977;2021-05-30;1;0;4833;2900;48.5;29.1
977;2021-05-31;45;216;4878;3116;49.0;31.3
977;2021-06-01;48;227;4926;3343;49.5;33.6
977;2021-06-02;69;273;4995;3616;50.1;36.3
977;2021-06-03;42;252;5037;3868;50.6;38.8
977;2021-06-04;81;270;5118;4138;51.4;41.5
977;2021-06-05;1;0;5119;4138;51.4;41.5
977;2021-06-06;0;0;5119;4138;51.4;41.5
977;2021-06-07;1;1;5120;4139;51.4;41.6
977;2021-06-08;8;2;5128;4141;51.5;41.6
977;2021-06-09;0;3;5128;4144;51.5;41.6
977;2021-06-10;8;4;5136;4148;51.6;41.6
977;2021-06-11;4;8;5140;4156;51.6;41.7
977;2021-06-12;16;59;5156;4215;51.8;42.3
977;2021-06-13;0;0;5156;4215;51.8;42.3
977;2021-06-14;0;0;5156;4215;51.8;42.3
977;2021-06-15;0;1;5156;4216;51.8;42.3
977;2021-06-16;0;0;5156;4216;51.8;42.3
977;2021-06-17;2;6;5158;4222;51.8;42.4
977;2021-06-18;0;2;5158;4224;51.8;42.4
977;2021-06-19;25;49;5183;4273;52.0;42.9
977;2021-06-20;0;0;5183;4273;52.0;42.9
977;2021-06-21;1;2;5184;4275;52.0;42.9
977;2021-06-22;9;0;5193;4275;52.1;42.9
977;2021-06-23;15;9;5208;4284;52.3;43.0
977;2021-06-24;10;5;5218;4289;52.4;43.1
977;2021-06-25;0;0;5218;4289;52.4;43.1
977;2021-06-26;25;45;5243;4334;52.6;43.5
977;2021-06-27;0;0;5243;4334;52.6;43.5
977;2021-06-28;0;0;5243;4334;52.6;43.5
977;2021-06-29;0;0;5243;4334;52.6;43.5
977;2021-06-30;0;0;5243;4334;52.6;43.5
977;2021-07-01;28;36;5271;4370;52.9;43.9
977;2021-07-02;26;31;5297;4401;53.2;44.2
977;2021-07-03;29;215;5326;4616;53.5;46.3
977;2021-07-04;0;0;5326;4616;53.5;46.3
977;2021-07-05;4;8;5330;4624;53.5;46.4
977;2021-07-06;0;0;5330;4624;53.5;46.4
977;2021-07-07;8;0;5338;4624;53.6;46.4
977;2021-07-08;33;23;5371;4647;53.9;46.7
977;2021-07-09;23;31;5394;4678;54.2;47.0
977;2021-07-10;33;45;5427;4723;54.5;47.4
977;2021-07-11;0;0;5427;4723;54.5;47.4
977;2021-07-12;0;1;5427;4724;54.5;47.4
977;2021-07-13;10;10;5437;4734;54.6;47.5
977;2021-07-14;0;0;5437;4734;54.6;47.5
977;2021-07-15;1;11;5438;4745;54.6;47.6
977;2021-07-16;44;51;5482;4796;55.0;48.1
977;2021-07-17;34;39;5516;4835;55.4;48.5
977;2021-07-18;1;0;5517;4835;55.4;48.5
977;2021-07-19;3;2;5520;4837;55.4;48.6
977;2021-07-20;3;1;5523;4838;55.4;48.6
977;2021-07-21;33;16;5556;4854;55.8;48.7
977;2021-07-22;36;33;5592;4887;56.1;49.1
977;2021-07-23;32;29;5624;4916;56.5;49.4
977;2021-07-24;43;26;5667;4942;56.9;49.6
977;2021-07-25;0;0;5667;4942;56.9;49.6
977;2021-07-26;13;9;5680;4951;57.0;49.7
977;2021-07-27;0;10;5680;4961;57.0;49.8
977;2021-07-28;31;14;5711;4975;57.3;49.9
977;2021-07-29;33;32;5744;5007;57.7;50.3
977;2021-07-30;31;28;5775;5035;58.0;50.5
977;2021-07-31;53;24;5828;5059;58.5;50.8
977;2021-08-01;0;0;5828;5059;58.5;50.8
977;2021-08-02;11;1;5839;5060;58.6;50.8
977;2021-08-03;0;0;5839;5060;58.6;50.8
977;2021-08-04;41;14;5880;5074;59.0;50.9
977;2021-08-05;28;30;5908;5104;59.3;51.2
977;2021-08-06;35;35;5943;5139;59.7;51.6
977;2021-08-07;56;25;5999;5164;60.2;51.8
977;2021-08-08;0;0;5999;5164;60.2;51.8
977;2021-08-09;7;5;6006;5169;60.3;51.9
977;2021-08-10;15;9;6021;5178;60.4;52.0
977;2021-08-11;36;18;6057;5196;60.8;52.2
977;2021-08-12;24;30;6081;5226;61.0;52.5
977;2021-08-13;32;14;6113;5240;61.4;52.6
977;2021-08-14;20;26;6133;5266;61.6;52.9
977;2021-08-15;0;0;6133;5266;61.6;52.9
977;2021-08-16;14;29;6147;5295;61.7;53.2
977;2021-08-17;15;8;6162;5303;61.9;53.2
977;2021-08-18;25;28;6187;5331;62.1;53.5
977;2021-08-19;31;36;6218;5367;62.4;53.9
977;2021-08-20;27;41;6245;5408;62.7;54.3
977;2021-08-21;34;40;6279;5448;63.0;54.7
977;2021-08-22;6;0;6285;5448;63.1;54.7
977;2021-08-23;3;11;6288;5459;63.1;54.8
977;2021-08-24;8;3;6296;5462;63.2;54.8
977;2021-08-25;20;37;6316;5499;63.4;55.2
977;2021-08-26;27;40;6343;5539;63.7;55.6
977;2021-08-27;27;34;6370;5573;63.9;55.9
977;2021-08-28;27;56;6397;5629;64.2;56.5
977;2021-08-29;0;0;6397;5629;64.2;56.5
977;2021-08-30;1;4;6398;5633;64.2;56.6
977;2021-08-31;1;2;6399;5635;64.2;56.6
977;2021-09-01;10;28;6409;5663;64.3;56.9
977;2021-09-02;22;35;6431;5698;64.6;57.2
977;2021-09-03;26;25;6457;5723;64.8;57.5
977;2021-09-04;37;47;6494;5770;65.2;57.9
977;2021-09-05;0;0;6494;5770;65.2;57.9
977;2021-09-06;4;16;6498;5786;65.2;58.1
977;2021-09-07;1;4;6499;5790;65.2;58.1
977;2021-09-08;11;13;6510;5803;65.4;58.3
978;2020-12-27;0;0;0;0;0.0;0.0
978;2020-12-28;0;0;0;0;0.0;0.0
978;2020-12-29;0;0;0;0;0.0;0.0
978;2020-12-30;0;0;0;0;0.0;0.0
978;2020-12-31;0;0;0;0;0.0;0.0
978;2021-01-01;0;0;0;0;0.0;0.0
978;2021-01-02;0;0;0;0;0.0;0.0
978;2021-01-03;0;0;0;0;0.0;0.0
978;2021-01-04;0;0;0;0;0.0;0.0
978;2021-01-05;0;0;0;0;0.0;0.0
978;2021-01-06;0;0;0;0;0.0;0.0
978;2021-01-07;0;0;0;0;0.0;0.0
978;2021-01-08;0;0;0;0;0.0;0.0
978;2021-01-09;0;0;0;0;0.0;0.0
978;2021-01-10;0;0;0;0;0.0;0.0
978;2021-01-11;0;0;0;0;0.0;0.0
978;2021-01-12;0;0;0;0;0.0;0.0
978;2021-01-13;10;0;10;0;0.0;0.0
978;2021-01-14;12;0;22;0;0.1;0.0
978;2021-01-15;9;0;31;0;0.1;0.0
978;2021-01-16;0;0;31;0;0.1;0.0
978;2021-01-17;0;0;31;0;0.1;0.0
978;2021-01-18;0;0;31;0;0.1;0.0
978;2021-01-19;12;0;43;0;0.1;0.0
978;2021-01-20;13;0;56;0;0.2;0.0
978;2021-01-21;6;0;62;0;0.2;0.0
978;2021-01-22;0;0;62;0;0.2;0.0
978;2021-01-23;0;0;62;0;0.2;0.0
978;2021-01-24;0;0;62;0;0.2;0.0
978;2021-01-25;0;0;62;0;0.2;0.0
978;2021-01-26;9;0;71;0;0.2;0.0
978;2021-01-27;10;0;81;0;0.2;0.0
978;2021-01-28;6;1;87;1;0.2;0.0
978;2021-01-29;0;0;87;1;0.2;0.0
978;2021-01-30;0;0;87;1;0.2;0.0
978;2021-01-31;0;0;87;1;0.2;0.0
978;2021-02-01;1;0;88;1;0.2;0.0
978;2021-02-02;39;0;127;1;0.4;0.0
978;2021-02-03;11;0;138;1;0.4;0.0
978;2021-02-04;31;0;169;1;0.5;0.0
978;2021-02-05;6;0;175;1;0.5;0.0
978;2021-02-06;0;0;175;1;0.5;0.0
978;2021-02-07;0;0;175;1;0.5;0.0
978;2021-02-08;0;0;175;1;0.5;0.0
978;2021-02-09;38;0;213;1;0.6;0.0
978;2021-02-10;27;1;240;2;0.7;0.0
978;2021-02-11;0;0;240;2;0.7;0.0
978;2021-02-12;36;0;276;2;0.8;0.0
978;2021-02-13;0;0;276;2;0.8;0.0
978;2021-02-14;0;0;276;2;0.8;0.0
978;2021-02-15;50;1;326;3;0.9;0.0
978;2021-02-16;0;0;326;3;0.9;0.0
978;2021-02-17;0;0;326;3;0.9;0.0
978;2021-02-18;28;0;354;3;1.0;0.0
978;2021-02-19;44;0;398;3;1.1;0.0
978;2021-02-20;0;0;398;3;1.1;0.0
978;2021-02-21;0;0;398;3;1.1;0.0
978;2021-02-22;45;4;443;7;1.3;0.0
978;2021-02-23;41;28;484;35;1.4;0.1
978;2021-02-24;35;1;519;36;1.5;0.1
978;2021-02-25;55;34;574;70;1.6;0.2
978;2021-02-26;39;5;613;75;1.7;0.2
978;2021-02-27;0;0;613;75;1.7;0.2
978;2021-02-28;0;0;613;75;1.7;0.2
978;2021-03-01;49;4;662;79;1.9;0.2
978;2021-03-02;7;22;669;101;1.9;0.3
978;2021-03-03;53;24;722;125;2.0;0.4
978;2021-03-04;31;24;753;149;2.1;0.4
978;2021-03-05;46;10;799;159;2.3;0.4
978;2021-03-06;0;0;799;159;2.3;0.4
978;2021-03-07;0;0;799;159;2.3;0.4
978;2021-03-08;32;7;831;166;2.4;0.5
978;2021-03-09;21;26;852;192;2.4;0.5
978;2021-03-10;35;28;887;220;2.5;0.6
978;2021-03-11;2;0;889;220;2.5;0.6
978;2021-03-12;52;21;941;241;2.7;0.7
978;2021-03-13;13;0;954;241;2.7;0.7
978;2021-03-14;0;0;954;241;2.7;0.7
978;2021-03-15;31;41;985;282;2.8;0.8
978;2021-03-16;73;6;1058;288;3.0;0.8
978;2021-03-17;67;13;1125;301;3.2;0.9
978;2021-03-18;82;39;1207;340;3.4;1.0
978;2021-03-19;32;50;1239;390;3.5;1.1
978;2021-03-20;0;0;1239;390;3.5;1.1
978;2021-03-21;0;0;1239;390;3.5;1.1
978;2021-03-22;35;45;1274;435;3.6;1.2
978;2021-03-23;30;43;1304;478;3.7;1.4
978;2021-03-24;38;42;1342;520;3.8;1.5
978;2021-03-25;97;34;1439;554;4.1;1.6
978;2021-03-26;45;33;1484;587;4.2;1.7
978;2021-03-27;94;3;1578;590;4.5;1.7
978;2021-03-28;0;0;1578;590;4.5;1.7
978;2021-03-29;69;48;1647;638;4.7;1.8
978;2021-03-30;99;24;1746;662;4.9;1.9
978;2021-03-31;90;49;1836;711;5.2;2.0
978;2021-04-01;57;48;1893;759;5.4;2.1
978;2021-04-02;0;0;1893;759;5.4;2.1
978;2021-04-03;1;0;1894;759;5.4;2.1
978;2021-04-04;0;0;1894;759;5.4;2.1
978;2021-04-05;2;0;1896;759;5.4;2.1
978;2021-04-06;49;63;1945;822;5.5;2.3
978;2021-04-07;93;33;2038;855;5.8;2.4
978;2021-04-08;121;7;2159;862;6.1;2.4
978;2021-04-09;90;39;2249;901;6.4;2.5
978;2021-04-10;170;13;2419;914;6.8;2.6
978;2021-04-11;0;0;2419;914;6.8;2.6
978;2021-04-12;42;74;2461;988;7.0;2.8
978;2021-04-13;49;71;2510;1059;7.1;3.0
978;2021-04-14;82;45;2592;1104;7.3;3.1
978;2021-04-15;92;22;2684;1126;7.6;3.2
978;2021-04-16;77;42;2761;1168;7.8;3.3
978;2021-04-17;165;4;2926;1172;8.3;3.3
978;2021-04-18;0;0;2926;1172;8.3;3.3
978;2021-04-19;52;67;2978;1239;8.4;3.5
978;2021-04-20;83;27;3061;1266;8.7;3.6
978;2021-04-21;91;29;3152;1295;8.9;3.7
978;2021-04-22;101;20;3253;1315;9.2;3.7
978;2021-04-23;45;66;3298;1381;9.3;3.9
978;2021-04-24;99;78;3397;1459;9.6;4.1
978;2021-04-25;0;0;3397;1459;9.6;4.1
978;2021-04-26;29;91;3426;1550;9.7;4.4
978;2021-04-27;59;63;3485;1613;9.9;4.6
978;2021-04-28;93;39;3578;1652;10.1;4.7
978;2021-04-29;89;31;3667;1683;10.4;4.8
978;2021-04-30;103;14;3770;1697;10.7;4.8
978;2021-05-01;0;8;3770;1705;10.7;4.8
978;2021-05-02;0;0;3770;1705;10.7;4.8
978;2021-05-03;25;99;3795;1804;10.7;5.1
978;2021-05-04;159;102;3954;1906;11.2;5.4
978;2021-05-05;142;59;4096;1965;11.6;5.6
978;2021-05-06;199;49;4295;2014;12.2;5.7
978;2021-05-07;127;71;4422;2085;12.5;5.9
978;2021-05-08;69;122;4491;2207;12.7;6.2
978;2021-05-09;0;0;4491;2207;12.7;6.2
978;2021-05-10;124;99;4615;2306;13.1;6.5
978;2021-05-11;132;72;4747;2378;13.4;6.7
978;2021-05-12;156;78;4903;2456;13.9;7.0
978;2021-05-13;83;6;4986;2462;14.1;7.0
978;2021-05-14;130;62;5116;2524;14.5;7.1
978;2021-05-15;87;4;5203;2528;14.7;7.2
978;2021-05-16;0;0;5203;2528;14.7;7.2
978;2021-05-17;146;115;5349;2643;15.1;7.5
978;2021-05-18;151;94;5500;2737;15.6;7.7
978;2021-05-19;84;69;5584;2806;15.8;7.9
978;2021-05-20;104;26;5688;2832;16.1;8.0
978;2021-05-21;98;52;5786;2884;16.4;8.2
978;2021-05-22;100;11;5886;2895;16.7;8.2
978;2021-05-23;0;0;5886;2895;16.7;8.2
978;2021-05-24;33;7;5919;2902;16.8;8.2
978;2021-05-25;119;78;6038;2980;17.1;8.4
978;2021-05-26;109;49;6147;3029;17.4;8.6
978;2021-05-27;112;42;6259;3071;17.7;8.7
978;2021-05-28;33;1;6292;3072;17.8;8.7
978;2021-05-29;60;213;6352;3285;18.0;9.3
978;2021-05-30;0;0;6352;3285;18.0;9.3
978;2021-05-31;112;63;6464;3348;18.3;9.5
978;2021-06-01;116;62;6580;3410;18.6;9.7
978;2021-06-02;131;33;6711;3443;19.0;9.7
978;2021-06-03;102;38;6813;3481;19.3;9.9
978;2021-06-04;128;70;6941;3551;19.6;10.0
978;2021-06-05;83;21;7024;3572;19.9;10.1
978;2021-06-06;0;0;7024;3572;19.9;10.1
978;2021-06-07;96;96;7120;3668;20.2;10.4
978;2021-06-08;82;89;7202;3757;20.4;10.6
978;2021-06-09;99;73;7301;3830;20.7;10.8
978;2021-06-10;112;63;7413;3893;21.0;11.0
978;2021-06-11;116;106;7529;3999;21.3;11.3
978;2021-06-12;57;30;7586;4029;21.5;11.4
978;2021-06-13;0;0;7586;4029;21.5;11.4
978;2021-06-14;106;127;7692;4156;21.8;11.8
978;2021-06-15;88;120;7780;4276;22.0;12.1
978;2021-06-16;105;148;7885;4424;22.3;12.5
978;2021-06-17;85;72;7970;4496;22.6;12.7
978;2021-06-18;67;99;8037;4595;22.7;13.0
978;2021-06-19;65;79;8102;4674;22.9;13.2
978;2021-06-20;0;0;8102;4674;22.9;13.2
978;2021-06-21;78;150;8180;4824;23.2;13.7
978;2021-06-22;71;103;8251;4927;23.4;13.9
978;2021-06-23;68;115;8319;5042;23.5;14.3
978;2021-06-24;44;75;8363;5117;23.7;14.5
978;2021-06-25;64;100;8427;5217;23.8;14.8
978;2021-06-26;35;61;8462;5278;23.9;14.9
978;2021-06-27;0;0;8462;5278;23.9;14.9
978;2021-06-28;74;131;8536;5409;24.2;15.3
978;2021-06-29;62;104;8598;5513;24.3;15.6
978;2021-06-30;56;110;8654;5623;24.5;15.9
978;2021-07-01;42;87;8696;5710;24.6;16.2
978;2021-07-02;52;90;8748;5800;24.8;16.4
978;2021-07-03;40;90;8788;5890;24.9;16.7
978;2021-07-04;0;1;8788;5891;24.9;16.7
978;2021-07-05;67;93;8855;5984;25.1;16.9
978;2021-07-06;55;74;8910;6058;25.2;17.1
978;2021-07-07;55;123;8965;6181;25.4;17.5
978;2021-07-08;54;107;9019;6288;25.5;17.8
978;2021-07-09;46;92;9065;6380;25.7;18.1
978;2021-07-10;38;85;9103;6465;25.8;18.3
978;2021-07-11;0;4;9103;6469;25.8;18.3
978;2021-07-12;71;130;9174;6599;26.0;18.7
978;2021-07-13;146;162;9320;6761;26.4;19.1
978;2021-07-14;3;0;9323;6761;26.4;19.1
978;2021-07-15;162;195;9485;6956;26.8;19.7
978;2021-07-16;113;113;9598;7069;27.2;20.0
978;2021-07-17;52;100;9650;7169;27.3;20.3
978;2021-07-18;0;0;9650;7169;27.3;20.3
978;2021-07-19;99;133;9749;7302;27.6;20.7
978;2021-07-20;80;74;9829;7376;27.8;20.9
978;2021-07-21;63;50;9892;7426;28.0;21.0
978;2021-07-22;99;115;9991;7541;28.3;21.3
978;2021-07-23;67;98;10058;7639;28.5;21.6
978;2021-07-24;20;35;10078;7674;28.5;21.7
978;2021-07-25;0;0;10078;7674;28.5;21.7
978;2021-07-26;99;116;10177;7790;28.8;22.0
978;2021-07-27;72;144;10249;7934;29.0;22.5
978;2021-07-28;72;126;10321;8060;29.2;22.8
978;2021-07-29;80;98;10401;8158;29.4;23.1
978;2021-07-30;82;116;10483;8274;29.7;23.4
978;2021-07-31;49;67;10532;8341;29.8;23.6
978;2021-08-01;0;0;10532;8341;29.8;23.6
978;2021-08-02;65;95;10597;8436;30.0;23.9
978;2021-08-03;60;94;10657;8530;30.2;24.1
978;2021-08-04;64;55;10721;8585;30.3;24.3
978;2021-08-05;48;70;10769;8655;30.5;24.5
978;2021-08-06;74;127;10843;8782;30.7;24.9
978;2021-08-07;44;46;10887;8828;30.8;25.0
978;2021-08-08;0;0;10887;8828;30.8;25.0
978;2021-08-09;139;150;11026;8978;31.2;25.4
978;2021-08-10;82;93;11108;9071;31.4;25.7
978;2021-08-11;106;99;11214;9170;31.7;26.0
978;2021-08-12;99;99;11313;9269;32.0;26.2
978;2021-08-13;131;75;11444;9344;32.4;26.4
978;2021-08-14;74;100;11518;9444;32.6;26.7
978;2021-08-15;0;0;11518;9444;32.6;26.7
978;2021-08-16;45;70;11563;9514;32.7;26.9
978;2021-08-17;33;33;11596;9547;32.8;27.0
978;2021-08-18;35;55;11631;9602;32.9;27.2
978;2021-08-19;34;26;11665;9628;33.0;27.2
978;2021-08-20;46;60;11711;9688;33.1;27.4
978;2021-08-21;0;0;11711;9688;33.1;27.4
978;2021-08-22;0;0;11711;9688;33.1;27.4
978;2021-08-23;51;86;11762;9774;33.3;27.7
978;2021-08-24;31;51;11793;9825;33.4;27.8
978;2021-08-25;26;51;11819;9876;33.4;28.0
978;2021-08-26;30;26;11849;9902;33.5;28.0
978;2021-08-27;46;87;11895;9989;33.7;28.3
978;2021-08-28;0;0;11895;9989;33.7;28.3
978;2021-08-29;0;0;11895;9989;33.7;28.3
978;2021-08-30;39;113;11934;10102;33.8;28.6
978;2021-08-31;45;81;11979;10183;33.9;28.8
978;2021-09-01;30;85;12009;10268;34.0;29.1
978;2021-09-02;37;70;12046;10338;34.1;29.3
978;2021-09-03;15;96;12061;10434;34.1;29.5
978;2021-09-04;0;0;12061;10434;34.1;29.5
978;2021-09-05;0;0;12061;10434;34.1;29.5
978;2021-09-06;32;80;12093;10514;34.2;29.8
978;2021-09-07;35;51;12128;10565;34.3;29.9
978;2021-09-08;21;44;12149;10609;34.4;30.0
