dep;jour;n_dose1;n_complet;n_cum_dose1;n_cum_complet;couv_dose1;couv_complet
01;2020-12-27;0;0;0;0;0.0;0.0
01;2020-12-28;0;0;0;0;0.0;0.0
01;2020-12-29;0;0;0;0;0.0;0.0
01;2020-12-30;0;0;0;0;0.0;0.0
01;2020-12-31;0;0;0;0;0.0;0.0
01;2021-01-01;0;0;0;0;0.0;0.0
01;2021-01-02;0;0;0;0;0.0;0.0
01;2021-01-03;0;0;0;0;0.0;0.0
01;2021-01-04;0;0;0;0;0.0;0.0
01;2021-01-05;1;0;1;0;0.0;0.0
01;2021-01-06;1;0;2;0;0.0;0.0
01;2021-01-07;67;0;69;0;0.0;0.0
01;2021-01-08;159;0;228;0;0.0;0.0
01;2021-01-09;2;0;230;0;0.0;0.0
01;2021-01-10;0;0;230;0;0.0;0.0
01;2021-01-11;147;0;377;0;0.1;0.0
01;2021-01-12;317;2;694;2;0.1;0.0
01;2021-01-13;444;1;1138;3;0.2;0.0
01;2021-01-14;526;3;1664;6;0.3;0.0
01;2021-01-15;396;3;2060;9;0.3;0.0
01;2021-01-16;202;0;2262;9;0.3;0.0
01;2021-01-17;128;0;2390;9;0.4;0.0
01;2021-01-18;378;2;2768;11;0.4;0.0
01;2021-01-19;1039;1;3807;12;0.6;0.0
01;2021-01-20;1259;2;5066;14;0.8;0.0
01;2021-01-21;1094;4;6160;18;0.9;0.0
01;2021-01-22;645;0;6805;18;1.0;0.0
01;2021-01-23;222;0;7027;18;1.1;0.0
01;2021-01-24;71;1;7098;19;1.1;0.0
01;2021-01-25;479;1;7577;20;1.2;0.0
01;2021-01-26;738;3;8315;23;1.3;0.0
01;2021-01-27;516;5;8831;28;1.3;0.0
01;2021-01-28;679;54;9510;82;1.4;0.0
01;2021-01-29;635;101;10145;183;1.5;0.0
01;2021-01-30;234;15;10379;198;1.6;0.0
01;2021-01-31;60;0;10439;198;1.6;0.0
01;2021-02-01;448;75;10887;273;1.7;0.0
01;2021-02-02;509;184;11396;457;1.7;0.1
01;2021-02-03;371;298;11767;755;1.8;0.1
01;2021-02-04;477;419;12244;1174;1.9;0.2
01;2021-02-05;437;281;12681;1455;1.9;0.2
01;2021-02-06;260;139;12941;1594;2.0;0.2
01;2021-02-07;2;113;12943;1707;2.0;0.3
01;2021-02-08;504;408;13447;2115;2.0;0.3
01;2021-02-09;770;855;14217;2970;2.2;0.5
01;2021-02-10;943;720;15160;3690;2.3;0.6
01;2021-02-11;787;770;15947;4460;2.4;0.7
01;2021-02-12;636;554;16583;5014;2.5;0.8
01;2021-02-13;159;149;16742;5163;2.5;0.8
01;2021-02-14;0;9;16742;5172;2.5;0.8
01;2021-02-15;436;445;17178;5617;2.6;0.9
01;2021-02-16;655;411;17833;6028;2.7;0.9
01;2021-02-17;516;244;18349;6272;2.8;1.0
01;2021-02-18;589;564;18938;6836;2.9;1.0
01;2021-02-19;576;244;19514;7080;3.0;1.1
01;2021-02-20;200;154;19714;7234;3.0;1.1
01;2021-02-21;0;1;19714;7235;3.0;1.1
01;2021-02-22;427;555;20141;7790;3.1;1.2
01;2021-02-23;481;521;20622;8311;3.1;1.3
01;2021-02-24;435;465;21057;8776;3.2;1.3
01;2021-02-25;815;604;21872;9380;3.3;1.4
01;2021-02-26;866;562;22738;9942;3.5;1.5
01;2021-02-27;480;112;23218;10054;3.5;1.5
01;2021-02-28;20;3;23238;10057;3.5;1.5
01;2021-03-01;626;450;23864;10507;3.6;1.6
01;2021-03-02;949;553;24813;11060;3.8;1.7
01;2021-03-03;935;657;25748;11717;3.9;1.8
01;2021-03-04;1192;629;26940;12346;4.1;1.9
01;2021-03-05;1353;488;28293;12834;4.3;2.0
01;2021-03-06;779;92;29072;12926;4.4;2.0
01;2021-03-07;43;1;29115;12927;4.4;2.0
01;2021-03-08;665;617;29780;13544;4.5;2.1
01;2021-03-09;1330;598;31110;14142;4.7;2.2
01;2021-03-10;1161;525;32271;14667;4.9;2.2
01;2021-03-11;1667;620;33938;15287;5.2;2.3
01;2021-03-12;2000;621;35938;15908;5.5;2.4
01;2021-03-13;1499;80;37437;15988;5.7;2.4
01;2021-03-14;130;55;37567;16043;5.7;2.4
01;2021-03-15;1150;395;38717;16438;5.9;2.5
01;2021-03-16;1004;550;39721;16988;6.0;2.6
01;2021-03-17;833;337;40554;17325;6.2;2.6
01;2021-03-18;1279;457;41833;17782;6.4;2.7
01;2021-03-19;1742;521;43575;18303;6.6;2.8
01;2021-03-20;1442;121;45017;18424;6.9;2.8
01;2021-03-21;97;10;45114;18434;6.9;2.8
01;2021-03-22;1572;482;46686;18916;7.1;2.9
01;2021-03-23;2190;640;48876;19556;7.4;3.0
01;2021-03-24;1605;400;50481;19956;7.7;3.0
01;2021-03-25;2900;589;53381;20545;8.1;3.1
01;2021-03-26;2866;591;56247;21136;8.6;3.2
01;2021-03-27;1308;144;57555;21280;8.8;3.2
01;2021-03-28;21;1;57576;21281;8.8;3.2
01;2021-03-29;1926;541;59502;21822;9.1;3.3
01;2021-03-30;2508;745;62010;22567;9.4;3.4
01;2021-03-31;1864;614;63874;23181;9.7;3.5
01;2021-04-01;2554;827;66428;24008;10.1;3.7
01;2021-04-02;2813;691;69241;24699;10.5;3.8
01;2021-04-03;1256;116;70497;24815;10.7;3.8
01;2021-04-04;1;0;70498;24815;10.7;3.8
01;2021-04-05;1258;54;71756;24869;10.9;3.8
01;2021-04-06;2810;784;74566;25653;11.4;3.9
01;2021-04-07;2731;694;77297;26347;11.8;4.0
01;2021-04-08;3238;980;80535;27327;12.3;4.2
01;2021-04-09;3974;1306;84509;28633;12.9;4.4
01;2021-04-10;1822;291;86331;28924;13.1;4.4
01;2021-04-11;43;22;86374;28946;13.1;4.4
01;2021-04-12;2710;1211;89084;30157;13.6;4.6
01;2021-04-13;2929;1299;92013;31456;14.0;4.8
01;2021-04-14;3111;1069;95124;32525;14.5;5.0
01;2021-04-15;3070;1455;98194;33980;14.9;5.2
01;2021-04-16;2860;1561;101054;35541;15.4;5.4
01;2021-04-17;1654;675;102708;36216;15.6;5.5
01;2021-04-18;13;0;102721;36216;15.6;5.5
01;2021-04-19;2038;1519;104759;37735;15.9;5.7
01;2021-04-20;2658;1564;107417;39299;16.4;6.0
01;2021-04-21;2680;1336;110097;40635;16.8;6.2
01;2021-04-22;2829;1517;112926;42152;17.2;6.4
01;2021-04-23;2755;1508;115681;43660;17.6;6.6
01;2021-04-24;1444;645;117125;44305;17.8;6.7
01;2021-04-25;9;0;117134;44305;17.8;6.7
01;2021-04-26;1969;1715;119103;46020;18.1;7.0
01;2021-04-27;2568;1538;121671;47558;18.5;7.2
01;2021-04-28;2498;1565;124169;49123;18.9;7.5
01;2021-04-29;2715;1762;126884;50885;19.3;7.7
01;2021-04-30;2983;2225;129867;53110;19.8;8.1
01;2021-05-01;1469;855;131336;53965;20.0;8.2
01;2021-05-02;543;73;131879;54038;20.1;8.2
01;2021-05-03;2294;2478;134173;56516;20.4;8.6
01;2021-05-04;2543;2648;136716;59164;20.8;9.0
01;2021-05-05;2521;2487;139237;61651;21.2;9.4
01;2021-05-06;2993;2509;142230;64160;21.6;9.8
01;2021-05-07;3218;2783;145448;66943;22.1;10.2
01;2021-05-08;1642;922;147090;67865;22.4;10.3
01;2021-05-09;1023;158;148113;68023;22.5;10.4
01;2021-05-10;2499;3066;150612;71089;22.9;10.8
01;2021-05-11;3579;3046;154191;74135;23.5;11.3
01;2021-05-12;3647;2966;157838;77101;24.0;11.7
01;2021-05-13;4087;1496;161925;78597;24.6;12.0
01;2021-05-14;4271;2338;166196;80935;25.3;12.3
01;2021-05-15;3152;1425;169348;82360;25.8;12.5
01;2021-05-16;1410;149;170758;82509;26.0;12.6
01;2021-05-17;3432;2461;174190;84970;26.5;12.9
01;2021-05-18;4066;1946;178256;86916;27.1;13.2
01;2021-05-19;3968;1895;182224;88811;27.7;13.5
01;2021-05-20;4523;2008;186747;90819;28.4;13.8
01;2021-05-21;4612;2194;191359;93013;29.1;14.2
01;2021-05-22;3363;946;194722;93959;29.6;14.3
01;2021-05-23;830;82;195552;94041;29.8;14.3
01;2021-05-24;2761;499;198313;94540;30.2;14.4
01;2021-05-25;3554;2422;201867;96962;30.7;14.8
01;2021-05-26;3568;2243;205435;99205;31.3;15.1
01;2021-05-27;3846;2095;209281;101300;31.9;15.4
01;2021-05-28;3663;2640;212944;103940;32.4;15.8
01;2021-05-29;3056;1297;216000;105237;32.9;16.0
01;2021-05-30;613;89;216613;105326;33.0;16.0
01;2021-05-31;2400;2513;219013;107839;33.3;16.4
01;2021-06-01;2762;2578;221775;110417;33.8;16.8
01;2021-06-02;2870;2175;224645;112592;34.2;17.1
01;2021-06-03;3357;2421;228002;115013;34.7;17.5
01;2021-06-04;4498;3347;232500;118360;35.4;18.0
01;2021-06-05;3250;1717;235750;120077;35.9;18.3
01;2021-06-06;669;78;236419;120155;36.0;18.3
01;2021-06-07;3388;2866;239807;123021;36.5;18.7
01;2021-06-08;3643;2706;243450;125727;37.1;19.1
01;2021-06-09;2933;2626;246383;128353;37.5;19.5
01;2021-06-10;2749;2034;249132;130387;37.9;19.8
01;2021-06-11;3059;3359;252191;133746;38.4;20.4
01;2021-06-12;2397;2195;254588;135941;38.8;20.7
01;2021-06-13;199;478;254787;136419;38.8;20.8
01;2021-06-14;2111;3157;256898;139576;39.1;21.2
01;2021-06-15;1992;3356;258890;142932;39.4;21.8
01;2021-06-16;2164;3280;261054;146212;39.7;22.3
01;2021-06-17;1947;3166;263001;149378;40.0;22.7
01;2021-06-18;2571;4158;265572;153536;40.4;23.4
01;2021-06-19;1724;2552;267296;156088;40.7;23.8
01;2021-06-20;158;498;267454;156586;40.7;23.8
01;2021-06-21;1789;3705;269243;160291;41.0;24.4
01;2021-06-22;1542;4000;270785;164291;41.2;25.0
01;2021-06-23;1580;3754;272365;168045;41.5;25.6
01;2021-06-24;1460;3566;273825;171611;41.7;26.1
01;2021-06-25;1878;4574;275703;176185;42.0;26.8
01;2021-06-26;1198;2950;276901;179135;42.1;27.3
01;2021-06-27;170;340;277071;179475;42.2;27.3
01;2021-06-28;1369;4030;278440;183505;42.4;27.9
01;2021-06-29;1372;3853;279812;187358;42.6;28.5
01;2021-06-30;1349;4158;281161;191516;42.8;29.2
01;2021-07-01;1362;4090;282523;195606;43.0;29.8
01;2021-07-02;1562;4986;284085;200592;43.2;30.5
01;2021-07-03;852;3370;284937;203962;43.4;31.0
01;2021-07-04;101;498;285038;204460;43.4;31.1
01;2021-07-05;1458;4088;286496;208548;43.6;31.7
01;2021-07-06;1086;4286;287582;212834;43.8;32.4
01;2021-07-07;1626;3705;289208;216539;44.0;33.0
01;2021-07-08;1446;3678;290654;220217;44.2;33.5
01;2021-07-09;1873;4362;292527;224579;44.5;34.2
01;2021-07-10;1111;3447;293638;228026;44.7;34.7
01;2021-07-11;104;419;293742;228445;44.7;34.8
01;2021-07-12;1409;3845;295151;232290;44.9;35.4
01;2021-07-13;2040;4118;297191;236408;45.2;36.0
01;2021-07-14;137;180;297328;236588;45.3;36.0
01;2021-07-15;3070;4183;300398;240771;45.7;36.6
01;2021-07-16;3730;4812;304128;245583;46.3;37.4
01;2021-07-17;2158;3021;306286;248604;46.6;37.8
01;2021-07-18;286;552;306572;249156;46.7;37.9
01;2021-07-19;2900;3845;309472;253001;47.1;38.5
01;2021-07-20;3265;3676;312737;256677;47.6;39.1
01;2021-07-21;3911;3543;316648;260220;48.2;39.6
01;2021-07-22;4147;3443;320795;263663;48.8;40.1
02;2020-12-27;0;0;0;0;0.0;0.0
02;2020-12-28;0;0;0;0;0.0;0.0
02;2020-12-29;0;0;0;0;0.0;0.0
02;2020-12-30;0;0;0;0;0.0;0.0
02;2020-12-31;0;0;0;0;0.0;0.0
02;2021-01-01;0;0;0;0;0.0;0.0
02;2021-01-02;0;0;0;0;0.0;0.0
02;2021-01-03;0;0;0;0;0.0;0.0
02;2021-01-04;0;0;0;0;0.0;0.0
02;2021-01-05;0;0;0;0;0.0;0.0
02;2021-01-06;22;0;22;0;0.0;0.0
02;2021-01-07;261;1;283;1;0.1;0.0
02;2021-01-08;489;2;772;3;0.1;0.0
02;2021-01-09;74;0;846;3;0.2;0.0
02;2021-01-10;49;0;895;3;0.2;0.0
02;2021-01-11;267;0;1162;3;0.2;0.0
02;2021-01-12;355;1;1517;4;0.3;0.0
02;2021-01-13;468;3;1985;7;0.4;0.0
02;2021-01-14;650;10;2635;17;0.5;0.0
02;2021-01-15;629;6;3264;23;0.6;0.0
02;2021-01-16;333;5;3597;28;0.7;0.0
02;2021-01-17;61;0;3658;28;0.7;0.0
02;2021-01-18;810;4;4468;32;0.8;0.0
02;2021-01-19;942;5;5410;37;1.0;0.0
02;2021-01-20;1429;5;6839;42;1.3;0.0
02;2021-01-21;2597;2;9436;44;1.8;0.0
02;2021-01-22;1418;1;10854;45;2.1;0.0
02;2021-01-23;288;1;11142;46;2.1;0.0
02;2021-01-24;67;0;11209;46;2.1;0.0
02;2021-01-25;432;10;11641;56;2.2;0.0
02;2021-01-26;704;13;12345;69;2.3;0.0
02;2021-01-27;159;2;12504;71;2.4;0.0
02;2021-01-28;69;247;12573;318;2.4;0.1
02;2021-01-29;119;421;12692;739;2.4;0.1
02;2021-01-30;4;14;12696;753;2.4;0.1
02;2021-01-31;0;10;12696;763;2.4;0.1
02;2021-02-01;11;214;12707;977;2.4;0.2
02;2021-02-02;45;331;12752;1308;2.4;0.2
02;2021-02-03;124;340;12876;1648;2.4;0.3
02;2021-02-04;225;359;13101;2007;2.5;0.4
02;2021-02-05;178;418;13279;2425;2.5;0.5
02;2021-02-06;65;175;13344;2600;2.5;0.5
02;2021-02-07;9;0;13353;2600;2.5;0.5
02;2021-02-08;305;436;13658;3036;2.6;0.6
02;2021-02-09;322;681;13980;3717;2.7;0.7
02;2021-02-10;485;1046;14465;4763;2.7;0.9
02;2021-02-11;940;1908;15405;6671;2.9;1.3
02;2021-02-12;885;1120;16290;7791;3.1;1.5
02;2021-02-13;290;129;16580;7920;3.2;1.5
02;2021-02-14;1;5;16581;7925;3.2;1.5
02;2021-02-15;344;681;16925;8606;3.2;1.6
02;2021-02-16;410;570;17335;9176;3.3;1.7
02;2021-02-17;498;635;17833;9811;3.4;1.9
02;2021-02-18;507;446;18340;10257;3.5;1.9
02;2021-02-19;443;572;18783;10829;3.6;2.1
02;2021-02-20;372;231;19155;11060;3.6;2.1
02;2021-02-21;39;17;19194;11077;3.6;2.1
02;2021-02-22;377;316;19571;11393;3.7;2.2
02;2021-02-23;432;362;20003;11755;3.8;2.2
02;2021-02-24;600;145;20603;11900;3.9;2.3
02;2021-02-25;869;135;21472;12035;4.1;2.3
02;2021-02-26;806;70;22278;12105;4.2;2.3
02;2021-02-27;443;9;22721;12114;4.3;2.3
02;2021-02-28;54;2;22775;12116;4.3;2.3
02;2021-03-01;637;24;23412;12140;4.5;2.3
02;2021-03-02;1033;100;24445;12240;4.6;2.3
02;2021-03-03;752;204;25197;12444;4.8;2.4
02;2021-03-04;1160;665;26357;13109;5.0;2.5
02;2021-03-05;1047;501;27404;13610;5.2;2.6
02;2021-03-06;2138;93;29542;13703;5.6;2.6
02;2021-03-07;1503;36;31045;13739;5.9;2.6
02;2021-03-08;571;363;31616;14102;6.0;2.7
02;2021-03-09;997;396;32613;14498;6.2;2.8
02;2021-03-10;893;462;33506;14960;6.4;2.8
02;2021-03-11;1294;383;34800;15343;6.6;2.9
02;2021-03-12;1702;404;36502;15747;6.9;3.0
02;2021-03-13;2590;217;39092;15964;7.4;3.0
02;2021-03-14;1455;32;40547;15996;7.7;3.0
02;2021-03-15;612;450;41159;16446;7.8;3.1
02;2021-03-16;863;394;42022;16840;8.0;3.2
02;2021-03-17;758;450;42780;17290;8.1;3.3
02;2021-03-18;607;619;43387;17909;8.2;3.4
02;2021-03-19;1172;297;44559;18206;8.5;3.5
02;2021-03-20;2428;141;46987;18347;8.9;3.5
02;2021-03-21;1488;67;48475;18414;9.2;3.5
02;2021-03-22;759;496;49234;18910;9.4;3.6
02;2021-03-23;1196;542;50430;19452;9.6;3.7
02;2021-03-24;1581;489;52011;19941;9.9;3.8
02;2021-03-25;1693;582;53704;20523;10.2;3.9
02;2021-03-26;2410;472;56114;20995;10.7;4.0
02;2021-03-27;2496;112;58610;21107;11.1;4.0
02;2021-03-28;637;10;59247;21117;11.3;4.0
02;2021-03-29;1037;857;60284;21974;11.5;4.2
02;2021-03-30;1554;837;61838;22811;11.8;4.3
02;2021-03-31;1299;715;63137;23526;12.0;4.5
02;2021-04-01;1290;846;64427;24372;12.2;4.6
02;2021-04-02;1180;1226;65607;25598;12.5;4.9
02;2021-04-03;2646;838;68253;26436;13.0;5.0
02;2021-04-04;727;235;68980;26671;13.1;5.1
02;2021-04-05;1508;125;70488;26796;13.4;5.1
02;2021-04-06;1541;846;72029;27642;13.7;5.3
02;2021-04-07;1862;773;73891;28415;14.0;5.4
02;2021-04-08;1919;1097;75810;29512;14.4;5.6
02;2021-04-09;2431;1077;78241;30589;14.9;5.8
02;2021-04-10;2429;1196;80670;31785;15.3;6.0
02;2021-04-11;476;415;81146;32200;15.4;6.1
02;2021-04-12;1824;623;82970;32823;15.8;6.2
02;2021-04-13;1596;916;84566;33739;16.1;6.4
02;2021-04-14;2585;950;87151;34689;16.6;6.6
02;2021-04-15;2495;753;89646;35442;17.0;6.7
02;2021-04-16;2437;1111;92083;36553;17.5;6.9
02;2021-04-17;1888;2136;93971;38689;17.9;7.4
02;2021-04-18;270;813;94241;39502;17.9;7.5
02;2021-04-19;1159;629;95400;40131;18.1;7.6
02;2021-04-20;1676;756;97076;40887;18.5;7.8
02;2021-04-21;1549;983;98625;41870;18.7;8.0
02;2021-04-22;1749;695;100374;42565;19.1;8.1
02;2021-04-23;1925;1398;102299;43963;19.4;8.4
02;2021-04-24;1708;1634;104007;45597;19.8;8.7
02;2021-04-25;462;234;104469;45831;19.9;8.7
02;2021-04-26;1340;556;105809;46387;20.1;8.8
02;2021-04-27;1626;1092;107435;47479;20.4;9.0
02;2021-04-28;1593;1432;109028;48911;20.7;9.3
02;2021-04-29;1884;1172;110912;50083;21.1;9.5
02;2021-04-30;2716;1645;113628;51728;21.6;9.8
02;2021-05-01;1989;1214;115617;52942;22.0;10.1
02;2021-05-02;1983;405;117600;53347;22.4;10.1
02;2021-05-03;2223;979;119823;54326;22.8;10.3
02;2021-05-04;1525;1315;121348;55641;23.1;10.6
02;2021-05-05;2330;1833;123678;57474;23.5;10.9
02;2021-05-06;2120;1724;125798;59198;23.9;11.3
02;2021-05-07;2357;2171;128155;61369;24.4;11.7
02;2021-05-08;2916;933;131071;62302;24.9;11.8
02;2021-05-09;1822;420;132893;62722;25.3;11.9
02;2021-05-10;2373;1473;135266;64195;25.7;12.2
02;2021-05-11;2876;1562;138142;65757;26.3;12.5
02;2021-05-12;2672;1619;140814;67376;26.8;12.8
02;2021-05-13;2988;1035;143802;68411;27.3;13.0
02;2021-05-14;3378;1204;147180;69615;28.0;13.2
02;2021-05-15;4371;1073;151551;70688;28.8;13.4
02;2021-05-16;2796;209;154347;70897;29.3;13.5
02;2021-05-17;2146;656;156493;71553;29.7;13.6
02;2021-05-18;2634;960;159127;72513;30.2;13.8
02;2021-05-19;2851;986;161978;73499;30.8;14.0
02;2021-05-20;3552;1222;165530;74721;31.5;14.2
02;2021-05-21;3815;1055;169345;75776;32.2;14.4
02;2021-05-22;5849;953;175194;76729;33.3;14.6
02;2021-05-23;2659;237;177853;76966;33.8;14.6
02;2021-05-24;3542;536;181395;77502;34.5;14.7
02;2021-05-25;2261;1148;183656;78650;34.9;15.0
02;2021-05-26;3080;1487;186736;80137;35.5;15.2
02;2021-05-27;3650;1481;190386;81618;36.2;15.5
02;2021-05-28;3512;1578;193898;83196;36.9;15.8
02;2021-05-29;4082;1575;197980;84771;37.6;16.1
02;2021-05-30;1449;182;199429;84953;37.9;16.1
02;2021-05-31;2579;1192;202008;86145;38.4;16.4
02;2021-06-01;2866;1867;204874;88012;38.9;16.7
02;2021-06-02;3160;1639;208034;89651;39.5;17.0
02;2021-06-03;2839;1827;210873;91478;40.1;17.4
02;2021-06-04;3139;2051;214012;93529;40.7;17.8
02;2021-06-05;3430;1727;217442;95256;41.3;18.1
02;2021-06-06;1731;258;219173;95514;41.7;18.2
02;2021-06-07;1612;1497;220785;97011;42.0;18.4
02;2021-06-08;2059;1841;222844;98852;42.4;18.8
02;2021-06-09;2053;1648;224897;100500;42.8;19.1
02;2021-06-10;1995;1830;226892;102330;43.1;19.5
02;2021-06-11;2195;3071;229087;105401;43.5;20.0
02;2021-06-12;2310;2591;231397;107992;44.0;20.5
02;2021-06-13;681;1386;232078;109378;44.1;20.8
02;2021-06-14;1047;2392;233125;111770;44.3;21.2
02;2021-06-15;1519;2463;234644;114233;44.6;21.7
02;2021-06-16;1528;2746;236172;116979;44.9;22.2
02;2021-06-17;1775;2854;237947;119833;45.2;22.8
02;2021-06-18;2310;3563;240257;123396;45.7;23.5
02;2021-06-19;1835;3817;242092;127213;46.0;24.2
02;2021-06-20;643;1520;242735;128733;46.1;24.5
02;2021-06-21;804;3197;243539;131930;46.3;25.1
02;2021-06-22;1145;3669;244684;135599;46.5;25.8
02;2021-06-23;1205;3592;245889;139191;46.7;26.5
02;2021-06-24;1316;3154;247205;142345;47.0;27.1
02;2021-06-25;1392;4563;248597;146908;47.3;27.9
02;2021-06-26;1342;4227;249939;151135;47.5;28.7
02;2021-06-27;597;2333;250536;153468;47.6;29.2
02;2021-06-28;873;3031;251409;156499;47.8;29.7
02;2021-06-29;907;2928;252316;159427;48.0;30.3
02;2021-06-30;1403;3157;253719;162584;48.2;30.9
02;2021-07-01;1186;3588;254905;166172;48.5;31.6
02;2021-07-02;1308;5143;256213;171315;48.7;32.6
02;2021-07-03;990;5987;257203;177302;48.9;33.7
02;2021-07-04;507;2374;257710;179676;49.0;34.2
02;2021-07-05;652;3944;258362;183620;49.1;34.9
02;2021-07-06;665;3046;259027;186666;49.2;35.5
02;2021-07-07;1307;3735;260334;190401;49.5;36.2
02;2021-07-08;1387;3878;261721;194279;49.8;36.9
02;2021-07-09;1273;4216;262994;198495;50.0;37.7
02;2021-07-10;1323;4606;264317;203101;50.2;38.6
02;2021-07-11;479;1965;264796;205066;50.3;39.0
02;2021-07-12;1404;3718;266200;208784;50.6;39.7
02;2021-07-13;2057;3652;268257;212436;51.0;40.4
02;2021-07-14;1752;1591;270009;214027;51.3;40.7
02;2021-07-15;2712;3537;272721;217564;51.8;41.4
02;2021-07-16;3136;4209;275857;221773;52.4;42.2
02;2021-07-17;3549;4195;279406;225968;53.1;43.0
02;2021-07-18;2035;1604;281441;227572;53.5;43.3
02;2021-07-19;3422;3009;284863;230581;54.2;43.8
02;2021-07-20;3485;3285;288348;233866;54.8;44.5
02;2021-07-21;3893;2914;292241;236780;55.6;45.0
02;2021-07-22;3272;2780;295513;239560;56.2;45.5
03;2020-12-27;0;0;0;0;0.0;0.0
03;2020-12-28;0;0;0;0;0.0;0.0
03;2020-12-29;0;0;0;0;0.0;0.0
03;2020-12-30;0;0;0;0;0.0;0.0
03;2020-12-31;0;0;0;0;0.0;0.0
03;2021-01-01;0;0;0;0;0.0;0.0
03;2021-01-02;0;0;0;0;0.0;0.0
03;2021-01-03;0;0;0;0;0.0;0.0
03;2021-01-04;0;0;0;0;0.0;0.0
03;2021-01-05;0;0;0;0;0.0;0.0
03;2021-01-06;10;0;10;0;0.0;0.0
03;2021-01-07;61;0;71;0;0.0;0.0
03;2021-01-08;146;1;217;1;0.1;0.0
03;2021-01-09;122;0;339;1;0.1;0.0
03;2021-01-10;6;0;345;1;0.1;0.0
03;2021-01-11;412;0;757;1;0.2;0.0
03;2021-01-12;631;0;1388;1;0.4;0.0
03;2021-01-13;669;2;2057;3;0.6;0.0
03;2021-01-14;860;4;2917;7;0.9;0.0
03;2021-01-15;388;1;3305;8;1.0;0.0
03;2021-01-16;277;0;3582;8;1.1;0.0
03;2021-01-17;42;0;3624;8;1.1;0.0
03;2021-01-18;878;0;4502;8;1.4;0.0
03;2021-01-19;1149;1;5651;9;1.7;0.0
03;2021-01-20;1289;2;6940;11;2.1;0.0
03;2021-01-21;1199;5;8139;16;2.5;0.0
03;2021-01-22;1116;3;9255;19;2.8;0.0
03;2021-01-23;465;0;9720;19;2.9;0.0
03;2021-01-24;0;0;9720;19;2.9;0.0
03;2021-01-25;187;0;9907;19;3.0;0.0
03;2021-01-26;678;14;10585;33;3.2;0.0
03;2021-01-27;695;10;11280;43;3.4;0.0
03;2021-01-28;1018;45;12298;88;3.7;0.0
03;2021-01-29;855;82;13153;170;4.0;0.1
03;2021-01-30;600;2;13753;172;4.2;0.1
03;2021-01-31;0;0;13753;172;4.2;0.1
03;2021-02-01;160;76;13913;248;4.2;0.1
03;2021-02-02;765;269;14678;517;4.4;0.2
03;2021-02-03;1055;490;15733;1007;4.7;0.3
03;2021-02-04;1545;632;17278;1639;5.2;0.5
03;2021-02-05;944;316;18222;1955;5.5;0.6
03;2021-02-06;150;13;18372;1968;5.5;0.6
03;2021-02-07;5;0;18377;1968;5.5;0.6
03;2021-02-08;128;56;18505;2024;5.6;0.6
03;2021-02-09;610;442;19115;2466;5.8;0.7
03;2021-02-10;483;339;19598;2805;5.9;0.8
03;2021-02-11;1025;576;20623;3381;6.2;1.0
03;2021-02-12;1074;550;21697;3931;6.5;1.2
03;2021-02-13;126;168;21823;4099;6.6;1.2
03;2021-02-14;0;1;21823;4100;6.6;1.2
03;2021-02-15;308;861;22131;4961;6.7;1.5
03;2021-02-16;547;1172;22678;6133;6.8;1.9
03;2021-02-17;453;1364;23131;7497;7.0;2.3
03;2021-02-18;367;1273;23498;8770;7.1;2.6
03;2021-02-19;496;798;23994;9568;7.2;2.9
03;2021-02-20;128;185;24122;9753;7.3;2.9
03;2021-02-21;1;1;24123;9754;7.3;2.9
03;2021-02-22;159;205;24282;9959;7.3;3.0
03;2021-02-23;721;950;25003;10909;7.5;3.3
03;2021-02-24;609;1022;25612;11931;7.7;3.6
03;2021-02-25;1090;1836;26702;13767;8.1;4.2
03;2021-02-26;819;1371;27521;15138;8.3;4.6
03;2021-02-27;96;258;27617;15396;8.3;4.6
03;2021-02-28;0;15;27617;15411;8.3;4.7
03;2021-03-01;178;241;27795;15652;8.4;4.7
03;2021-03-02;818;662;28613;16314;8.6;4.9
03;2021-03-03;893;445;29506;16759;8.9;5.1
03;2021-03-04;1528;583;31034;17342;9.4;5.2
03;2021-03-05;1118;717;32152;18059;9.7;5.5
03;2021-03-06;913;109;33065;18168;10.0;5.5
03;2021-03-07;2;0;33067;18168;10.0;5.5
03;2021-03-08;237;245;33304;18413;10.1;5.6
03;2021-03-09;1015;435;34319;18848;10.4;5.7
03;2021-03-10;940;544;35259;19392;10.6;5.9
03;2021-03-11;1674;641;36933;20033;11.1;6.0
03;2021-03-12;1300;861;38233;20894;11.5;6.3
03;2021-03-13;861;108;39094;21002;11.8;6.3
03;2021-03-14;2;9;39096;21011;11.8;6.3
03;2021-03-15;249;200;39345;21211;11.9;6.4
03;2021-03-16;650;398;39995;21609;12.1;6.5
03;2021-03-17;1300;436;41295;22045;12.5;6.7
03;2021-03-18;1720;386;43015;22431;13.0;6.8
03;2021-03-19;1726;355;44741;22786;13.5;6.9
03;2021-03-20;301;20;45042;22806;13.6;6.9
03;2021-03-21;0;0;45042;22806;13.6;6.9
03;2021-03-22;222;394;45264;23200;13.7;7.0
03;2021-03-23;1350;351;46614;23551;14.1;7.1
03;2021-03-24;1820;351;48434;23902;14.6;7.2
03;2021-03-25;2366;559;50800;24461;15.3;7.4
03;2021-03-26;2232;434;53032;24895;16.0;7.5
03;2021-03-27;816;20;53848;24915;16.3;7.5
03;2021-03-28;1;39;53849;24954;16.3;7.5
03;2021-03-29;657;175;54506;25129;16.5;7.6
03;2021-03-30;1907;440;56413;25569;17.0;7.7
03;2021-03-31;1011;986;57424;26555;17.3;8.0
03;2021-04-01;1331;1088;58755;27643;17.7;8.3
03;2021-04-02;1707;605;60462;28248;18.2;8.5
03;2021-04-03;365;95;60827;28343;18.4;8.6
03;2021-04-04;1;0;60828;28343;18.4;8.6
03;2021-04-05;16;14;60844;28357;18.4;8.6
03;2021-04-06;1071;403;61915;28760;18.7;8.7
03;2021-04-07;1561;503;63476;29263;19.2;8.8
03;2021-04-08;2119;467;65595;29730;19.8;9.0
03;2021-04-09;2057;1151;67652;30881;20.4;9.3
03;2021-04-10;1012;70;68664;30951;20.7;9.3
03;2021-04-11;477;9;69141;30960;20.9;9.3
03;2021-04-12;985;221;70126;31181;21.2;9.4
03;2021-04-13;1871;953;71997;32134;21.7;9.7
03;2021-04-14;2332;1199;74329;33333;22.4;10.1
03;2021-04-15;2619;1388;76948;34721;23.2;10.5
03;2021-04-16;2832;1155;79780;35876;24.1;10.8
03;2021-04-17;1082;434;80862;36310;24.4;11.0
03;2021-04-18;0;0;80862;36310;24.4;11.0
03;2021-04-19;1192;581;82054;36891;24.8;11.1
03;2021-04-20;1751;1260;83805;38151;25.3;11.5
03;2021-04-21;1123;1284;84928;39435;25.6;11.9
03;2021-04-22;1673;984;86601;40419;26.1;12.2
03;2021-04-23;2473;1237;89074;41656;26.9;12.6
03;2021-04-24;1302;900;90376;42556;27.3;12.8
03;2021-04-25;350;13;90726;42569;27.4;12.8
03;2021-04-26;1331;457;92057;43026;27.8;13.0
03;2021-04-27;1764;1502;93821;44528;28.3;13.4
03;2021-04-28;1928;1105;95749;45633;28.9;13.8
03;2021-04-29;2371;1231;98120;46864;29.6;14.1
03;2021-04-30;1929;796;100049;47660;30.2;14.4
03;2021-05-01;437;482;100486;48142;30.3;14.5
03;2021-05-02;1;1;100487;48143;30.3;14.5
03;2021-05-03;1909;768;102396;48911;30.9;14.8
03;2021-05-04;2840;1614;105236;50525;31.8;15.2
03;2021-05-05;2603;1309;107839;51834;32.5;15.6
03;2021-05-06;3094;2001;110933;53835;33.5;16.2
03;2021-05-07;4727;1782;115660;55617;34.9;16.8
03;2021-05-08;659;378;116319;55995;35.1;16.9
03;2021-05-09;48;512;116367;56507;35.1;17.1
03;2021-05-10;1891;1460;118258;57967;35.7;17.5
03;2021-05-11;3900;1822;122158;59789;36.9;18.0
03;2021-05-12;2970;1516;125128;61305;37.8;18.5
03;2021-05-13;4377;397;129505;61702;39.1;18.6
03;2021-05-14;3654;1685;133159;63387;40.2;19.1
03;2021-05-15;1942;488;135101;63875;40.8;19.3
03;2021-05-16;517;56;135618;63931;40.9;19.3
03;2021-05-17;1276;860;136894;64791;41.3;19.6
03;2021-05-18;3067;1492;139961;66283;42.2;20.0
03;2021-05-19;2617;960;142578;67243;43.0;20.3
03;2021-05-20;3330;1127;145908;68370;44.0;20.6
03;2021-05-21;4189;1273;150097;69643;45.3;21.0
03;2021-05-22;2012;357;152109;70000;45.9;21.1
03;2021-05-23;638;73;152747;70073;46.1;21.1
03;2021-05-24;2653;208;155400;70281;46.9;21.2
03;2021-05-25;3069;1681;158469;71962;47.8;21.7
03;2021-05-26;2336;1041;160805;73003;48.5;22.0
03;2021-05-27;2944;1119;163749;74122;49.4;22.4
03;2021-05-28;3841;2270;167590;76392;50.6;23.1
03;2021-05-29;1746;596;169336;76988;51.1;23.2
03;2021-05-30;243;23;169579;77011;51.2;23.2
03;2021-05-31;692;569;170271;77580;51.4;23.4
03;2021-06-01;2298;2344;172569;79924;52.1;24.1
03;2021-06-02;1529;1745;174098;81669;52.5;24.6
03;2021-06-03;2055;2752;176153;84421;53.2;25.5
03;2021-06-04;1697;2503;177850;86924;53.7;26.2
03;2021-06-05;1076;1141;178926;88065;54.0;26.6
03;2021-06-06;57;6;178983;88071;54.0;26.6
03;2021-06-07;782;1809;179765;89880;54.3;27.1
03;2021-06-08;1447;2549;181212;92429;54.7;27.9
03;2021-06-09;1240;1871;182452;94300;55.1;28.5
03;2021-06-10;1320;2118;183772;96418;55.5;29.1
03;2021-06-11;1417;3447;185189;99865;55.9;30.1
03;2021-06-12;828;823;186017;100688;56.1;30.4
03;2021-06-13;19;10;186036;100698;56.2;30.4
03;2021-06-14;379;2178;186415;102876;56.3;31.1
03;2021-06-15;1217;3833;187632;106709;56.6;32.2
03;2021-06-16;759;2884;188391;109593;56.9;33.1
03;2021-06-17;1039;3333;189430;112926;57.2;34.1
03;2021-06-18;1085;3979;190515;116905;57.5;35.3
03;2021-06-19;639;1619;191154;118524;57.7;35.8
03;2021-06-20;15;8;191169;118532;57.7;35.8
03;2021-06-21;421;2637;191590;121169;57.8;36.6
03;2021-06-22;941;4005;192531;125174;58.1;37.8
03;2021-06-23;645;3281;193176;128455;58.3;38.8
03;2021-06-24;949;3863;194125;132318;58.6;39.9
03;2021-06-25;878;3889;195003;136207;58.9;41.1
03;2021-06-26;491;2041;195494;138248;59.0;41.7
03;2021-06-27;49;485;195543;138733;59.0;41.9
03;2021-06-28;628;2097;196171;140830;59.2;42.5
03;2021-06-29;1013;3337;197184;144167;59.5;43.5
03;2021-06-30;826;3120;198010;147287;59.8;44.5
03;2021-07-01;964;2940;198974;150227;60.1;45.3
03;2021-07-02;890;4093;199864;154320;60.3;46.6
03;2021-07-03;470;1884;200334;156204;60.5;47.1
03;2021-07-04;19;333;200353;156537;60.5;47.2
03;2021-07-05;756;2380;201109;158917;60.7;48.0
03;2021-07-06;1090;3455;202199;162372;61.0;49.0
03;2021-07-07;792;2614;202991;164986;61.3;49.8
03;2021-07-08;1044;3036;204035;168022;61.6;50.7
03;2021-07-09;1425;3626;205460;171648;62.0;51.8
03;2021-07-10;485;1929;205945;173577;62.2;52.4
03;2021-07-11;60;493;206005;174070;62.2;52.5
03;2021-07-12;919;1151;206924;175221;62.5;52.9
03;2021-07-13;2516;3150;209440;178371;63.2;53.8
03;2021-07-14;193;22;209633;178393;63.3;53.8
03;2021-07-15;2555;2449;212188;180842;64.0;54.6
03;2021-07-16;2686;2254;214874;183096;64.9;55.3
03;2021-07-17;1020;1618;215894;184714;65.2;55.8
03;2021-07-18;31;6;215925;184720;65.2;55.8
03;2021-07-19;2374;1259;218299;185979;65.9;56.1
03;2021-07-20;3060;3028;221359;189007;66.8;57.0
03;2021-07-21;3198;1419;224557;190426;67.8;57.5
03;2021-07-22;2806;1847;227363;192273;68.6;58.0
04;2020-12-27;0;0;0;0;0.0;0.0
04;2020-12-28;0;0;0;0;0.0;0.0
04;2020-12-29;0;0;0;0;0.0;0.0
04;2020-12-30;0;0;0;0;0.0;0.0
04;2020-12-31;0;0;0;0;0.0;0.0
04;2021-01-01;0;0;0;0;0.0;0.0
04;2021-01-02;0;0;0;0;0.0;0.0
04;2021-01-03;0;0;0;0;0.0;0.0
04;2021-01-04;0;0;0;0;0.0;0.0
04;2021-01-05;4;0;4;0;0.0;0.0
04;2021-01-06;0;0;4;0;0.0;0.0
04;2021-01-07;61;0;65;0;0.0;0.0
04;2021-01-08;88;0;153;0;0.1;0.0
04;2021-01-09;56;0;209;0;0.1;0.0
04;2021-01-10;0;0;209;0;0.1;0.0
04;2021-01-11;76;0;285;0;0.2;0.0
04;2021-01-12;418;1;703;1;0.4;0.0
04;2021-01-13;245;1;948;2;0.6;0.0
04;2021-01-14;90;2;1038;4;0.6;0.0
04;2021-01-15;165;3;1203;7;0.7;0.0
04;2021-01-16;105;2;1308;9;0.8;0.0
04;2021-01-17;14;0;1322;9;0.8;0.0
04;2021-01-18;235;9;1557;18;0.9;0.0
04;2021-01-19;466;4;2023;22;1.2;0.0
04;2021-01-20;572;5;2595;27;1.6;0.0
04;2021-01-21;612;5;3207;32;1.9;0.0
04;2021-01-22;637;1;3844;33;2.3;0.0
04;2021-01-23;109;0;3953;33;2.4;0.0
04;2021-01-24;0;0;3953;33;2.4;0.0
04;2021-01-25;239;0;4192;33;2.5;0.0
04;2021-01-26;656;0;4848;33;2.9;0.0
04;2021-01-27;480;0;5328;33;3.2;0.0
04;2021-01-28;665;21;5993;54;3.6;0.0
04;2021-01-29;367;41;6360;95;3.8;0.1
04;2021-01-30;65;41;6425;136;3.9;0.1
04;2021-01-31;1;5;6426;141;3.9;0.1
04;2021-02-01;236;149;6662;290;4.0;0.2
04;2021-02-02;530;223;7192;513;4.4;0.3
04;2021-02-03;367;162;7559;675;4.6;0.4
04;2021-02-04;355;52;7914;727;4.8;0.4
04;2021-02-05;377;224;8291;951;5.0;0.6
04;2021-02-06;50;96;8341;1047;5.0;0.6
04;2021-02-07;2;22;8343;1069;5.1;0.6
04;2021-02-08;163;71;8506;1140;5.1;0.7
04;2021-02-09;193;144;8699;1284;5.3;0.8
04;2021-02-10;252;171;8951;1455;5.4;0.9
04;2021-02-11;364;291;9315;1746;5.6;1.1
04;2021-02-12;292;318;9607;2064;5.8;1.2
04;2021-02-13;26;94;9633;2158;5.8;1.3
04;2021-02-14;0;0;9633;2158;5.8;1.3
04;2021-02-15;31;165;9664;2323;5.8;1.4
04;2021-02-16;82;521;9746;2844;5.9;1.7
04;2021-02-17;67;433;9813;3277;5.9;2.0
04;2021-02-18;45;613;9858;3890;6.0;2.4
04;2021-02-19;51;379;9909;4269;6.0;2.6
04;2021-02-20;5;71;9914;4340;6.0;2.6
04;2021-02-21;0;0;9914;4340;6.0;2.6
04;2021-02-22;7;298;9921;4638;6.0;2.8
04;2021-02-23;19;595;9940;5233;6.0;3.2
04;2021-02-24;38;428;9978;5661;6.0;3.4
04;2021-02-25;70;379;10048;6040;6.1;3.7
04;2021-02-26;215;332;10263;6372;6.2;3.9
04;2021-02-27;177;75;10440;6447;6.3;3.9
04;2021-02-28;1;0;10441;6447;6.3;3.9
04;2021-03-01;18;74;10459;6521;6.3;3.9
04;2021-03-02;135;41;10594;6562;6.4;4.0
04;2021-03-03;375;642;10969;7204;6.6;4.4
04;2021-03-04;207;490;11176;7694;6.8;4.7
04;2021-03-05;234;359;11410;8053;6.9;4.9
04;2021-03-06;911;66;12321;8119;7.5;4.9
04;2021-03-07;497;24;12818;8143;7.8;4.9
04;2021-03-08;44;83;12862;8226;7.8;5.0
04;2021-03-09;215;256;13077;8482;7.9;5.1
04;2021-03-10;401;371;13478;8853;8.2;5.4
04;2021-03-11;495;341;13973;9194;8.5;5.6
04;2021-03-12;696;202;14669;9396;8.9;5.7
04;2021-03-13;1085;59;15754;9455;9.5;5.7
04;2021-03-14;459;3;16213;9458;9.8;5.7
04;2021-03-15;92;13;16305;9471;9.9;5.7
04;2021-03-16;74;9;16379;9480;9.9;5.7
04;2021-03-17;531;73;16910;9553;10.2;5.8
04;2021-03-18;814;21;17724;9574;10.7;5.8
04;2021-03-19;722;30;18446;9604;11.2;5.8
04;2021-03-20;158;2;18604;9606;11.3;5.8
04;2021-03-21;0;0;18604;9606;11.3;5.8
04;2021-03-22;105;12;18709;9618;11.3;5.8
04;2021-03-23;243;6;18952;9624;11.5;5.8
04;2021-03-24;1021;51;19973;9675;12.1;5.9
04;2021-03-25;1324;42;21297;9717;12.9;5.9
04;2021-03-26;1448;61;22745;9778;13.8;5.9
04;2021-03-27;264;19;23009;9797;13.9;5.9
04;2021-03-28;2;0;23011;9797;13.9;5.9
04;2021-03-29;678;11;23689;9808;14.3;5.9
04;2021-03-30;1085;142;24774;9950;15.0;6.0
04;2021-03-31;1327;100;26101;10050;15.8;6.1
04;2021-04-01;1131;122;27232;10172;16.5;6.2
04;2021-04-02;1183;107;28415;10279;17.2;6.2
04;2021-04-03;248;20;28663;10299;17.4;6.2
04;2021-04-04;1;0;28664;10299;17.4;6.2
04;2021-04-05;33;1;28697;10300;17.4;6.2
04;2021-04-06;927;142;29624;10442;17.9;6.3
04;2021-04-07;883;429;30507;10871;18.5;6.6
04;2021-04-08;924;693;31431;11564;19.0;7.0
04;2021-04-09;675;414;32106;11978;19.4;7.3
04;2021-04-10;231;192;32337;12170;19.6;7.4
04;2021-04-11;153;65;32490;12235;19.7;7.4
04;2021-04-12;594;98;33084;12333;20.0;7.5
04;2021-04-13;1190;236;34274;12569;20.7;7.6
04;2021-04-14;990;498;35264;13067;21.3;7.9
04;2021-04-15;921;665;36185;13732;21.9;8.3
04;2021-04-16;817;455;37002;14187;22.4;8.6
04;2021-04-17;211;69;37213;14256;22.5;8.6
04;2021-04-18;0;13;37213;14269;22.5;8.6
04;2021-04-19;338;290;37551;14559;22.7;8.8
04;2021-04-20;1003;443;38554;15002;23.3;9.1
04;2021-04-21;654;745;39208;15747;23.7;9.5
04;2021-04-22;760;855;39968;16602;24.2;10.0
04;2021-04-23;693;532;40661;17134;24.6;10.4
04;2021-04-24;161;65;40822;17199;24.7;10.4
04;2021-04-25;0;0;40822;17199;24.7;10.4
04;2021-04-26;171;612;40993;17811;24.8;10.8
04;2021-04-27;394;965;41387;18776;25.1;11.4
04;2021-04-28;431;1087;41818;19863;25.3;12.0
04;2021-04-29;686;1126;42504;20989;25.7;12.7
04;2021-04-30;434;849;42938;21838;26.0;13.2
04;2021-05-01;104;22;43042;21860;26.1;13.2
04;2021-05-02;8;132;43050;21992;26.1;13.3
04;2021-05-03;151;552;43201;22544;26.2;13.6
04;2021-05-04;564;839;43765;23383;26.5;14.2
04;2021-05-05;510;928;44275;24311;26.8;14.7
04;2021-05-06;1159;589;45434;24900;27.5;15.1
04;2021-05-07;657;760;46091;25660;27.9;15.5
04;2021-05-08;48;98;46139;25758;27.9;15.6
04;2021-05-09;0;0;46139;25758;27.9;15.6
04;2021-05-10;466;296;46605;26054;28.2;15.8
04;2021-05-11;1202;907;47807;26961;28.9;16.3
04;2021-05-12;1390;736;49197;27697;29.8;16.8
04;2021-05-13;378;130;49575;27827;30.0;16.8
04;2021-05-14;441;294;50016;28121;30.3;17.0
04;2021-05-15;98;163;50114;28284;30.3;17.1
04;2021-05-16;1;6;50115;28290;30.3;17.1
04;2021-05-17;154;297;50269;28587;30.4;17.3
04;2021-05-18;391;975;50660;29562;30.7;17.9
04;2021-05-19;770;688;51430;30250;31.1;18.3
04;2021-05-20;1258;553;52688;30803;31.9;18.6
04;2021-05-21;848;786;53536;31589;32.4;19.1
04;2021-05-22;105;146;53641;31735;32.5;19.2
04;2021-05-23;1;1;53642;31736;32.5;19.2
04;2021-05-24;0;36;53642;31772;32.5;19.2
04;2021-05-25;867;595;54509;32367;33.0;19.6
04;2021-05-26;1047;786;55556;33153;33.6;20.1
04;2021-05-27;1357;631;56913;33784;34.5;20.5
04;2021-05-28;1120;657;58033;34441;35.1;20.8
04;2021-05-29;88;397;58121;34838;35.2;21.1
04;2021-05-30;3;1;58124;34839;35.2;21.1
04;2021-05-31;421;418;58545;35257;35.4;21.3
04;2021-06-01;641;636;59186;35893;35.8;21.7
04;2021-06-02;867;1062;60053;36955;36.4;22.4
04;2021-06-03;1195;853;61248;37808;37.1;22.9
04;2021-06-04;977;777;62225;38585;37.7;23.4
04;2021-06-05;141;201;62366;38786;37.8;23.5
04;2021-06-06;6;12;62372;38798;37.8;23.5
04;2021-06-07;564;317;62936;39115;38.1;23.7
04;2021-06-08;840;595;63776;39710;38.6;24.0
04;2021-06-09;1149;687;64925;40397;39.3;24.5
04;2021-06-10;1145;583;66070;40980;40.0;24.8
04;2021-06-11;945;611;67015;41591;40.6;25.2
04;2021-06-12;210;148;67225;41739;40.7;25.3
04;2021-06-13;1;1;67226;41740;40.7;25.3
04;2021-06-14;476;303;67702;42043;41.0;25.5
04;2021-06-15;642;999;68344;43042;41.4;26.1
04;2021-06-16;1016;784;69360;43826;42.0;26.5
04;2021-06-17;994;959;70354;44785;42.6;27.1
04;2021-06-18;760;886;71114;45671;43.0;27.6
04;2021-06-19;39;85;71153;45756;43.1;27.7
04;2021-06-20;7;9;71160;45765;43.1;27.7
04;2021-06-21;305;614;71465;46379;43.3;28.1
04;2021-06-22;359;1304;71824;47683;43.5;28.9
04;2021-06-23;470;1312;72294;48995;43.8;29.7
04;2021-06-24;848;816;73142;49811;44.3;30.2
04;2021-06-25;460;636;73602;50447;44.6;30.5
04;2021-06-26;56;130;73658;50577;44.6;30.6
04;2021-06-27;4;4;73662;50581;44.6;30.6
04;2021-06-28;160;342;73822;50923;44.7;30.8
04;2021-06-29;367;831;74189;51754;44.9;31.3
04;2021-06-30;537;1121;74726;52875;45.2;32.0
04;2021-07-01;573;1213;75299;54088;45.6;32.7
04;2021-07-02;554;1085;75853;55173;45.9;33.4
04;2021-07-03;65;162;75918;55335;46.0;33.5
04;2021-07-04;6;6;75924;55341;46.0;33.5
04;2021-07-05;106;295;76030;55636;46.0;33.7
04;2021-07-06;498;1381;76528;57017;46.3;34.5
04;2021-07-07;485;1343;77013;58360;46.6;35.3
04;2021-07-08;712;1344;77725;59704;47.0;36.1
04;2021-07-09;580;1062;78305;60766;47.4;36.8
04;2021-07-10;91;175;78396;60941;47.5;36.9
04;2021-07-11;0;21;78396;60962;47.5;36.9
04;2021-07-12;125;654;78521;61616;47.5;37.3
04;2021-07-13;869;1537;79390;63153;48.1;38.2
04;2021-07-14;24;43;79414;63196;48.1;38.3
04;2021-07-15;1210;1727;80624;64923;48.8;39.3
04;2021-07-16;1076;1108;81700;66031;49.5;40.0
04;2021-07-17;439;228;82139;66259;49.7;40.1
04;2021-07-18;112;18;82251;66277;49.8;40.1
04;2021-07-19;482;651;82733;66928;50.1;40.5
04;2021-07-20;1293;1452;84026;68380;50.9;41.4
04;2021-07-21;1119;1159;85145;69539;51.5;42.1
04;2021-07-22;1478;1349;86623;70888;52.4;42.9
05;2020-12-27;0;0;0;0;0.0;0.0
05;2020-12-28;1;0;1;0;0.0;0.0
05;2020-12-29;1;0;2;0;0.0;0.0
05;2020-12-30;0;0;2;0;0.0;0.0
05;2020-12-31;0;0;2;0;0.0;0.0
05;2021-01-01;1;0;3;0;0.0;0.0
05;2021-01-02;2;0;5;0;0.0;0.0
05;2021-01-03;1;0;6;0;0.0;0.0
05;2021-01-04;2;0;8;0;0.0;0.0
05;2021-01-05;0;0;8;0;0.0;0.0
05;2021-01-06;20;0;28;0;0.0;0.0
05;2021-01-07;128;0;156;0;0.1;0.0
05;2021-01-08;146;0;302;0;0.2;0.0
05;2021-01-09;11;0;313;0;0.2;0.0
05;2021-01-10;0;0;313;0;0.2;0.0
05;2021-01-11;43;0;356;0;0.3;0.0
05;2021-01-12;105;0;461;0;0.3;0.0
05;2021-01-13;140;0;601;0;0.4;0.0
05;2021-01-14;166;0;767;0;0.5;0.0
05;2021-01-15;128;1;895;1;0.6;0.0
05;2021-01-16;13;0;908;1;0.6;0.0
05;2021-01-17;0;0;908;1;0.6;0.0
05;2021-01-18;224;1;1132;2;0.8;0.0
05;2021-01-19;226;0;1358;2;1.0;0.0
05;2021-01-20;212;0;1570;2;1.1;0.0
05;2021-01-21;255;0;1825;2;1.3;0.0
05;2021-01-22;194;1;2019;3;1.4;0.0
05;2021-01-23;112;0;2131;3;1.5;0.0
05;2021-01-24;0;0;2131;3;1.5;0.0
05;2021-01-25;315;0;2446;3;1.7;0.0
05;2021-01-26;486;1;2932;4;2.1;0.0
05;2021-01-27;389;4;3321;8;2.3;0.0
05;2021-01-28;362;55;3683;63;2.6;0.0
05;2021-01-29;363;112;4046;175;2.9;0.1
05;2021-01-30;97;8;4143;183;2.9;0.1
05;2021-01-31;3;0;4146;183;2.9;0.1
05;2021-02-01;175;21;4321;204;3.0;0.1
05;2021-02-02;186;122;4507;326;3.2;0.2
05;2021-02-03;206;65;4713;391;3.3;0.3
05;2021-02-04;197;129;4910;520;3.5;0.4
05;2021-02-05;183;111;5093;631;3.6;0.4
05;2021-02-06;73;23;5166;654;3.6;0.5
05;2021-02-07;0;5;5166;659;3.6;0.5
05;2021-02-08;84;125;5250;784;3.7;0.6
05;2021-02-09;97;118;5347;902;3.8;0.6
05;2021-02-10;81;178;5428;1080;3.8;0.8
05;2021-02-11;87;138;5515;1218;3.9;0.9
05;2021-02-12;84;149;5599;1367;3.9;1.0
05;2021-02-13;75;32;5674;1399;4.0;1.0
05;2021-02-14;0;0;5674;1399;4.0;1.0
05;2021-02-15;97;191;5771;1590;4.1;1.1
05;2021-02-16;110;286;5881;1876;4.1;1.3
05;2021-02-17;136;233;6017;2109;4.2;1.5
05;2021-02-18;154;299;6171;2408;4.4;1.7
05;2021-02-19;158;322;6329;2730;4.5;1.9
05;2021-02-20;31;87;6360;2817;4.5;2.0
05;2021-02-21;0;0;6360;2817;4.5;2.0
05;2021-02-22;70;245;6430;3062;4.5;2.2
05;2021-02-23;18;238;6448;3300;4.5;2.3
05;2021-02-24;21;196;6469;3496;4.6;2.5
05;2021-02-25;56;177;6525;3673;4.6;2.6
05;2021-02-26;145;213;6670;3886;4.7;2.7
05;2021-02-27;65;171;6735;4057;4.8;2.9
05;2021-02-28;10;0;6745;4057;4.8;2.9
05;2021-03-01;90;170;6835;4227;4.8;3.0
05;2021-03-02;92;197;6927;4424;4.9;3.1
05;2021-03-03;111;225;7038;4649;5.0;3.3
05;2021-03-04;241;165;7279;4814;5.1;3.4
05;2021-03-05;577;189;7856;5003;5.5;3.5
05;2021-03-06;668;59;8524;5062;6.0;3.6
05;2021-03-07;515;16;9039;5078;6.4;3.6
05;2021-03-08;556;133;9595;5211;6.8;3.7
05;2021-03-09;517;158;10112;5369;7.1;3.8
05;2021-03-10;497;140;10609;5509;7.5;3.9
05;2021-03-11;372;133;10981;5642;7.7;4.0
05;2021-03-12;435;86;11416;5728;8.1;4.0
05;2021-03-13;791;83;12207;5811;8.6;4.1
05;2021-03-14;668;6;12875;5817;9.1;4.1
05;2021-03-15;353;125;13228;5942;9.3;4.2
05;2021-03-16;148;138;13376;6080;9.4;4.3
05;2021-03-17;261;120;13637;6200;9.6;4.4
05;2021-03-18;364;34;14001;6234;9.9;4.4
05;2021-03-19;449;58;14450;6292;10.2;4.4
05;2021-03-20;167;32;14617;6324;10.3;4.5
05;2021-03-21;0;0;14617;6324;10.3;4.5
05;2021-03-22;715;28;15332;6352;10.8;4.5
05;2021-03-23;804;9;16136;6361;11.4;4.5
05;2021-03-24;786;73;16922;6434;11.9;4.5
05;2021-03-25;899;50;17821;6484;12.6;4.6
05;2021-03-26;1021;42;18842;6526;13.3;4.6
05;2021-03-27;466;33;19308;6559;13.6;4.6
05;2021-03-28;10;0;19318;6559;13.6;4.6
05;2021-03-29;903;62;20221;6621;14.3;4.7
05;2021-03-30;1140;65;21361;6686;15.1;4.7
05;2021-03-31;823;249;22184;6935;15.6;4.9
05;2021-04-01;896;238;23080;7173;16.3;5.1
05;2021-04-02;665;375;23745;7548;16.8;5.3
05;2021-04-03;550;180;24295;7728;17.1;5.5
05;2021-04-04;350;62;24645;7790;17.4;5.5
05;2021-04-05;156;11;24801;7801;17.5;5.5
05;2021-04-06;646;265;25447;8066;18.0;5.7
05;2021-04-07;772;323;26219;8389;18.5;5.9
05;2021-04-08;733;331;26952;8720;19.0;6.2
05;2021-04-09;881;395;27833;9115;19.6;6.4
05;2021-04-10;713;385;28546;9500;20.1;6.7
05;2021-04-11;190;174;28736;9674;20.3;6.8
05;2021-04-12;732;257;29468;9931;20.8;7.0
05;2021-04-13;916;221;30384;10152;21.4;7.2
05;2021-04-14;665;325;31049;10477;21.9;7.4
05;2021-04-15;764;397;31813;10874;22.4;7.7
05;2021-04-16;732;409;32545;11283;23.0;8.0
05;2021-04-17;670;236;33215;11519;23.4;8.1
05;2021-04-18;305;23;33520;11542;23.6;8.1
05;2021-04-19;363;536;33883;12078;23.9;8.5
05;2021-04-20;479;625;34362;12703;24.2;9.0
05;2021-04-21;494;629;34856;13332;24.6;9.4
05;2021-04-22;385;545;35241;13877;24.9;9.8
05;2021-04-23;522;648;35763;14525;25.2;10.2
05;2021-04-24;346;383;36109;14908;25.5;10.5
05;2021-04-25;288;22;36397;14930;25.7;10.5
05;2021-04-26;365;704;36762;15634;25.9;11.0
05;2021-04-27;657;748;37419;16382;26.4;11.6
05;2021-04-28;466;719;37885;17101;26.7;12.1
05;2021-04-29;701;748;38586;17849;27.2;12.6
05;2021-04-30;508;751;39094;18600;27.6;13.1
05;2021-05-01;137;109;39231;18709;27.7;13.2
05;2021-05-02;266;110;39497;18819;27.9;13.3
05;2021-05-03;456;495;39953;19314;28.2;13.6
05;2021-05-04;383;502;40336;19816;28.5;14.0
05;2021-05-05;463;670;40799;20486;28.8;14.5
05;2021-05-06;646;717;41445;21203;29.2;15.0
05;2021-05-07;595;800;42040;22003;29.7;15.5
05;2021-05-08;481;174;42521;22177;30.0;15.6
05;2021-05-09;208;57;42729;22234;30.1;15.7
05;2021-05-10;498;692;43227;22926;30.5;16.2
05;2021-05-11;668;912;43895;23838;31.0;16.8
05;2021-05-12;646;732;44541;24570;31.4;17.3
05;2021-05-13;958;113;45499;24683;32.1;17.4
05;2021-05-14;825;492;46324;25175;32.7;17.8
05;2021-05-15;1042;354;47366;25529;33.4;18.0
05;2021-05-16;235;52;47601;25581;33.6;18.0
05;2021-05-17;483;431;48084;26012;33.9;18.3
05;2021-05-18;515;418;48599;26430;34.3;18.6
05;2021-05-19;724;456;49323;26886;34.8;19.0
05;2021-05-20;745;433;50068;27319;35.3;19.3
05;2021-05-21;706;511;50774;27830;35.8;19.6
05;2021-05-22;606;238;51380;28068;36.2;19.8
05;2021-05-23;277;59;51657;28127;36.4;19.8
05;2021-05-24;508;156;52165;28283;36.8;20.0
05;2021-05-25;514;482;52679;28765;37.2;20.3
05;2021-05-26;694;359;53373;29124;37.7;20.5
05;2021-05-27;798;570;54171;29694;38.2;20.9
05;2021-05-28;664;646;54835;30340;38.7;21.4
05;2021-05-29;567;546;55402;30886;39.1;21.8
05;2021-05-30;212;82;55614;30968;39.2;21.8
05;2021-05-31;575;496;56189;31464;39.6;22.2
05;2021-06-01;588;583;56777;32047;40.1;22.6
05;2021-06-02;682;702;57459;32749;40.5;23.1
05;2021-06-03;714;650;58173;33399;41.0;23.6
05;2021-06-04;1016;815;59189;34214;41.8;24.1
05;2021-06-05;807;503;59996;34717;42.3;24.5
05;2021-06-06;199;88;60195;34805;42.5;24.6
05;2021-06-07;605;836;60800;35641;42.9;25.1
05;2021-06-08;697;655;61497;36296;43.4;25.6
05;2021-06-09;648;780;62145;37076;43.8;26.2
05;2021-06-10;543;714;62688;37790;44.2;26.7
05;2021-06-11;762;721;63450;38511;44.8;27.2
05;2021-06-12;587;485;64037;38996;45.2;27.5
05;2021-06-13;112;91;64149;39087;45.3;27.6
05;2021-06-14;399;670;64548;39757;45.5;28.0
05;2021-06-15;543;913;65091;40670;45.9;28.7
05;2021-06-16;433;672;65524;41342;46.2;29.2
05;2021-06-17;357;802;65881;42144;46.5;29.7
05;2021-06-18;394;724;66275;42868;46.8;30.2
05;2021-06-19;420;571;66695;43439;47.0;30.6
05;2021-06-20;61;77;66756;43516;47.1;30.7
05;2021-06-21;317;644;67073;44160;47.3;31.2
05;2021-06-22;353;830;67426;44990;47.6;31.7
05;2021-06-23;352;763;67778;45753;47.8;32.3
05;2021-06-24;383;1020;68161;46773;48.1;33.0
05;2021-06-25;222;895;68383;47668;48.2;33.6
05;2021-06-26;291;1074;68674;48742;48.4;34.4
05;2021-06-27;127;169;68801;48911;48.5;34.5
05;2021-06-28;250;794;69051;49705;48.7;35.1
05;2021-06-29;248;784;69299;50489;48.9;35.6
05;2021-06-30;322;790;69621;51279;49.1;36.2
05;2021-07-01;378;791;69999;52070;49.4;36.7
05;2021-07-02;365;869;70364;52939;49.6;37.3
05;2021-07-03;301;738;70665;53677;49.8;37.9
05;2021-07-04;177;176;70842;53853;50.0;38.0
05;2021-07-05;262;783;71104;54636;50.2;38.5
05;2021-07-06;330;859;71434;55495;50.4;39.1
05;2021-07-07;390;783;71824;56278;50.7;39.7
05;2021-07-08;422;853;72246;57131;51.0;40.3
05;2021-07-09;417;998;72663;58129;51.3;41.0
05;2021-07-10;310;726;72973;58855;51.5;41.5
05;2021-07-11;172;116;73145;58971;51.6;41.6
05;2021-07-12;413;1013;73558;59984;51.9;42.3
05;2021-07-13;478;871;74036;60855;52.2;42.9
05;2021-07-14;836;301;74872;61156;52.8;43.1
05;2021-07-15;702;991;75574;62147;53.3;43.8
05;2021-07-16;1016;1441;76590;63588;54.0;44.9
05;2021-07-17;666;1295;77256;64883;54.5;45.8
05;2021-07-18;284;126;77540;65009;54.7;45.9
05;2021-07-19;566;794;78106;65803;55.1;46.4
05;2021-07-20;753;799;78859;66602;55.6;47.0
05;2021-07-21;877;840;79736;67442;56.2;47.6
05;2021-07-22;802;861;80538;68303;56.8;48.2
06;2020-12-27;1;0;1;0;0.0;0.0
06;2020-12-28;1;0;2;0;0.0;0.0
06;2020-12-29;0;0;2;0;0.0;0.0
06;2020-12-30;3;0;5;0;0.0;0.0
06;2020-12-31;19;0;24;0;0.0;0.0
06;2021-01-01;8;0;32;0;0.0;0.0
06;2021-01-02;4;0;36;0;0.0;0.0
06;2021-01-03;2;0;38;0;0.0;0.0
06;2021-01-04;136;1;174;1;0.0;0.0
06;2021-01-05;172;1;346;2;0.0;0.0
06;2021-01-06;210;0;556;2;0.1;0.0
06;2021-01-07;497;0;1053;2;0.1;0.0
06;2021-01-08;664;2;1717;4;0.2;0.0
06;2021-01-09;391;2;2108;6;0.2;0.0
06;2021-01-10;71;0;2179;6;0.2;0.0
06;2021-01-11;1128;0;3307;6;0.3;0.0
06;2021-01-12;2202;4;5509;10;0.5;0.0
06;2021-01-13;1712;6;7221;16;0.7;0.0
06;2021-01-14;2044;16;9265;32;0.9;0.0
06;2021-01-15;1831;4;11096;36;1.0;0.0
06;2021-01-16;963;3;12059;39;1.1;0.0
06;2021-01-17;227;0;12286;39;1.1;0.0
06;2021-01-18;2445;7;14731;46;1.4;0.0
06;2021-01-19;2724;4;17455;50;1.6;0.0
06;2021-01-20;3318;6;20773;56;1.9;0.0
06;2021-01-21;2996;24;23769;80;2.2;0.0
06;2021-01-22;2771;12;26540;92;2.5;0.0
06;2021-01-23;1291;2;27831;94;2.6;0.0
06;2021-01-24;28;0;27859;94;2.6;0.0
06;2021-01-25;2045;14;29904;108;2.8;0.0
06;2021-01-26;3352;37;33256;145;3.1;0.0
06;2021-01-27;2521;95;35777;240;3.3;0.0
06;2021-01-28;2778;204;38555;444;3.6;0.0
06;2021-01-29;2483;310;41038;754;3.8;0.1
06;2021-01-30;662;43;41700;797;3.9;0.1
06;2021-01-31;2;0;41702;797;3.9;0.1
06;2021-02-01;997;478;42699;1275;4.0;0.1
06;2021-02-02;1476;428;44175;1703;4.1;0.2
06;2021-02-03;330;137;44505;1840;4.1;0.2
06;2021-02-04;704;898;45209;2738;4.2;0.3
06;2021-02-05;1004;1118;46213;3856;4.3;0.4
06;2021-02-06;146;464;46359;4320;4.3;0.4
06;2021-02-07;5;49;46364;4369;4.3;0.4
06;2021-02-08;524;1089;46888;5458;4.3;0.5
06;2021-02-09;307;740;47195;6198;4.4;0.6
06;2021-02-10;363;672;47558;6870;4.4;0.6
06;2021-02-11;463;1076;48021;7946;4.4;0.7
06;2021-02-12;637;1312;48658;9258;4.5;0.9
06;2021-02-13;203;527;48861;9785;4.5;0.9
06;2021-02-14;2;2;48863;9787;4.5;0.9
06;2021-02-15;457;1283;49320;11070;4.6;1.0
06;2021-02-16;858;2036;50178;13106;4.6;1.2
06;2021-02-17;814;2157;50992;15263;4.7;1.4
06;2021-02-18;1783;2708;52775;17971;4.9;1.7
06;2021-02-19;1740;2151;54515;20122;5.1;1.9
06;2021-02-20;275;532;54790;20654;5.1;1.9
06;2021-02-21;20;55;54810;20709;5.1;1.9
06;2021-02-22;1069;1628;55879;22337;5.2;2.1
06;2021-02-23;1729;1561;57608;23898;5.3;2.2
06;2021-02-24;2093;1298;59701;25196;5.5;2.3
06;2021-02-25;3820;1715;63521;26911;5.9;2.5
06;2021-02-26;3370;1599;66891;28510;6.2;2.6
06;2021-02-27;1408;326;68299;28836;6.3;2.7
06;2021-02-28;80;23;68379;28859;6.3;2.7
06;2021-03-01;2398;813;70777;29672;6.6;2.7
06;2021-03-02;2430;983;73207;30655;6.8;2.8
06;2021-03-03;2817;559;76024;31214;7.0;2.9
06;2021-03-04;4571;603;80595;31817;7.5;2.9
06;2021-03-05;3873;1008;84468;32825;7.8;3.0
06;2021-03-06;11800;306;96268;33131;8.9;3.1
06;2021-03-07;10117;258;106385;33389;9.9;3.1
06;2021-03-08;4106;1182;110491;34571;10.2;3.2
06;2021-03-09;4920;912;115411;35483;10.7;3.3
06;2021-03-10;4645;820;120056;36303;11.1;3.4
06;2021-03-11;6686;855;126742;37158;11.7;3.4
06;2021-03-12;6823;971;133565;38129;12.4;3.5
06;2021-03-13;11142;291;144707;38420;13.4;3.6
06;2021-03-14;487;48;145194;38468;13.5;3.6
06;2021-03-15;4800;748;149994;39216;13.9;3.6
06;2021-03-16;3705;1028;153699;40244;14.2;3.7
06;2021-03-17;6088;1859;159787;42103;14.8;3.9
06;2021-03-18;5083;1804;164870;43907;15.3;4.1
06;2021-03-19;6767;1978;171637;45885;15.9;4.3
06;2021-03-20;2352;555;173989;46440;16.1;4.3
06;2021-03-21;399;24;174388;46464;16.2;4.3
06;2021-03-22;3935;682;178323;47146;16.5;4.4
06;2021-03-23;5947;1189;184270;48335;17.1;4.5
06;2021-03-24;4184;3323;188454;51658;17.5;4.8
06;2021-03-25;5817;3216;194271;54874;18.0;5.1
06;2021-03-26;6324;1980;200595;56854;18.6;5.3
06;2021-03-27;2019;362;202614;57216;18.8;5.3
06;2021-03-28;202;2;202816;57218;18.8;5.3
06;2021-03-29;3178;2084;205994;59302;19.1;5.5
06;2021-03-30;5161;2534;211155;61836;19.6;5.7
06;2021-03-31;7971;1611;219126;63447;20.3;5.9
06;2021-04-01;7597;2422;226723;65869;21.0;6.1
06;2021-04-02;7181;2668;233904;68537;21.7;6.3
06;2021-04-03;2701;1353;236605;69890;21.9;6.5
06;2021-04-04;294;547;236899;70437;21.9;6.5
06;2021-04-05;1385;690;238284;71127;22.1;6.6
06;2021-04-06;6583;3284;244867;74411;22.7;6.9
06;2021-04-07;6184;3854;251051;78265;23.3;7.3
06;2021-04-08;5695;5617;256746;83882;23.8;7.8
06;2021-04-09;9274;5773;266020;89655;24.6;8.3
06;2021-04-10;2381;2783;268401;92438;24.9;8.6
06;2021-04-11;174;56;268575;92494;24.9;8.6
06;2021-04-12;4351;3511;272926;96005;25.3;8.9
06;2021-04-13;6231;5077;279157;101082;25.9;9.4
06;2021-04-14;5415;4459;284572;105541;26.4;9.8
06;2021-04-15;5510;4353;290082;109894;26.9;10.2
06;2021-04-16;7013;5138;297095;115032;27.5;10.7
06;2021-04-17;2759;3076;299854;118108;27.8;10.9
06;2021-04-18;252;222;300106;118330;27.8;11.0
06;2021-04-19;5437;4025;305543;122355;28.3;11.3
06;2021-04-20;5593;4826;311136;127181;28.8;11.8
06;2021-04-21;8227;4120;319363;131301;29.6;12.2
06;2021-04-22;8491;4128;327854;135429;30.4;12.5
06;2021-04-23;8625;4099;336479;139528;31.2;12.9
06;2021-04-24;2314;1474;338793;141002;31.4;13.1
06;2021-04-25;115;28;338908;141030;31.4;13.1
06;2021-04-26;4112;2280;343020;143310;31.8;13.3
06;2021-04-27;4549;3978;347569;147288;32.2;13.6
06;2021-04-28;4109;4528;351678;151816;32.6;14.1
06;2021-04-29;6015;5401;357693;157217;33.1;14.6
06;2021-04-30;6693;5122;364386;162339;33.8;15.0
06;2021-05-01;4100;778;368486;163117;34.1;15.1
06;2021-05-02;481;156;368967;163273;34.2;15.1
06;2021-05-03;6838;3481;375805;166754;34.8;15.4
06;2021-05-04;5693;5322;381498;172076;35.3;15.9
06;2021-05-05;4491;3857;385989;175933;35.8;16.3
06;2021-05-06;5163;4693;391152;180626;36.2;16.7
06;2021-05-07;5603;5633;396755;186259;36.8;17.3
06;2021-05-08;4808;1277;401563;187536;37.2;17.4
06;2021-05-09;182;307;401745;187843;37.2;17.4
06;2021-05-10;4772;5016;406517;192859;37.7;17.9
06;2021-05-11;4884;5519;411401;198378;38.1;18.4
06;2021-05-12;8993;4771;420394;203149;38.9;18.8
06;2021-05-13;9117;2019;429511;205168;39.8;19.0
06;2021-05-14;10740;3262;440251;208430;40.8;19.3
06;2021-05-15;9135;2152;449386;210582;41.6;19.5
06;2021-05-16;1489;283;450875;210865;41.8;19.5
06;2021-05-17;7445;3711;458320;214576;42.5;19.9
06;2021-05-18;9614;3127;467934;217703;43.4;20.2
06;2021-05-19;7593;2877;475527;220580;44.1;20.4
06;2021-05-20;7666;3600;483193;224180;44.8;20.8
06;2021-05-21;8706;3861;491899;228041;45.6;21.1
06;2021-05-22;3010;1320;494909;229361;45.9;21.2
06;2021-05-23;120;628;495029;229989;45.9;21.3
06;2021-05-24;3149;986;498178;230975;46.2;21.4
06;2021-05-25;4746;4934;502924;235909;46.6;21.9
06;2021-05-26;5576;6557;508500;242466;47.1;22.5
06;2021-05-27;5493;6239;513993;248705;47.6;23.0
06;2021-05-28;4876;7226;518869;255931;48.1;23.7
06;2021-05-29;1622;2933;520491;258864;48.2;24.0
06;2021-05-30;256;1124;520747;259988;48.2;24.1
06;2021-05-31;4365;5076;525112;265064;48.6;24.6
06;2021-06-01;5603;7356;530715;272420;49.2;25.2
06;2021-06-02;3207;8511;533922;280931;49.5;26.0
06;2021-06-03;4389;8285;538311;289216;49.9;26.8
06;2021-06-04;5401;7709;543712;296925;50.4;27.5
06;2021-06-05;2409;3334;546121;300259;50.6;27.8
06;2021-06-06;173;235;546294;300494;50.6;27.8
06;2021-06-07;4087;5571;550381;306065;51.0;28.4
06;2021-06-08;4395;5149;554776;311214;51.4;28.8
06;2021-06-09;4014;7329;558790;318543;51.8;29.5
06;2021-06-10;4580;6820;563370;325363;52.2;30.1
06;2021-06-11;3735;8336;567105;333699;52.5;30.9
06;2021-06-12;1692;3738;568797;337437;52.7;31.3
06;2021-06-13;138;435;568935;337872;52.7;31.3
06;2021-06-14;2590;8575;571525;346447;52.9;32.1
06;2021-06-15;3107;9455;574632;355902;53.2;33.0
06;2021-06-16;3375;6973;578007;362875;53.5;33.6
06;2021-06-17;3468;7129;581475;370004;53.9;34.3
06;2021-06-18;2447;5897;583922;375901;54.1;34.8
06;2021-06-19;1186;1646;585108;377547;54.2;35.0
06;2021-06-20;196;344;585304;377891;54.2;35.0
06;2021-06-21;1513;6272;586817;384163;54.4;35.6
06;2021-06-22;2166;7353;588983;391516;54.6;36.3
06;2021-06-23;1916;6528;590899;398044;54.7;36.9
06;2021-06-24;3257;8922;594156;406966;55.0;37.7
06;2021-06-25;2140;9587;596296;416553;55.2;38.6
06;2021-06-26;850;2276;597146;418829;55.3;38.8
06;2021-06-27;369;1184;597515;420013;55.4;38.9
06;2021-06-28;2368;8110;599883;428123;55.6;39.7
06;2021-06-29;2247;7691;602130;435814;55.8;40.4
06;2021-06-30;1285;7684;603415;443498;55.9;41.1
06;2021-07-01;2918;7432;606333;450930;56.2;41.8
06;2021-07-02;3030;8088;609363;459018;56.5;42.5
06;2021-07-03;1159;4308;610522;463326;56.6;42.9
06;2021-07-04;293;297;610815;463623;56.6;43.0
06;2021-07-05;3342;5073;614157;468696;56.9;43.4
06;2021-07-06;1864;5815;616021;474511;57.1;44.0
06;2021-07-07;3179;5915;619200;480426;57.4;44.5
06;2021-07-08;3293;6259;622493;486685;57.7;45.1
06;2021-07-09;3666;6176;626159;492861;58.0;45.7
06;2021-07-10;1637;2315;627796;495176;58.2;45.9
06;2021-07-11;314;319;628110;495495;58.2;45.9
06;2021-07-12;3655;7077;631765;502572;58.5;46.6
06;2021-07-13;5518;8905;637283;511477;59.0;47.4
06;2021-07-14;939;417;638222;511894;59.1;47.4
06;2021-07-15;6116;7913;644338;519807;59.7;48.2
06;2021-07-16;7150;8904;651488;528711;60.4;49.0
06;2021-07-17;2823;5370;654311;534081;60.6;49.5
06;2021-07-18;1035;5317;655346;539398;60.7;50.0
06;2021-07-19;5560;7947;660906;547345;61.2;50.7
06;2021-07-20;7032;10128;667938;557473;61.9;51.6
06;2021-07-21;7495;8571;675433;566044;62.6;52.4
06;2021-07-22;8613;7567;684046;573611;63.4;53.1
07;2020-12-27;0;0;0;0;0.0;0.0
07;2020-12-28;0;0;0;0;0.0;0.0
07;2020-12-29;0;0;0;0;0.0;0.0
07;2020-12-30;0;0;0;0;0.0;0.0
07;2020-12-31;0;0;0;0;0.0;0.0
07;2021-01-01;7;0;7;0;0.0;0.0
07;2021-01-02;0;0;7;0;0.0;0.0
07;2021-01-03;0;0;7;0;0.0;0.0
07;2021-01-04;0;0;7;0;0.0;0.0
07;2021-01-05;0;0;7;0;0.0;0.0
07;2021-01-06;31;0;38;0;0.0;0.0
07;2021-01-07;129;1;167;1;0.1;0.0
07;2021-01-08;45;1;212;2;0.1;0.0
07;2021-01-09;17;0;229;2;0.1;0.0
07;2021-01-10;0;0;229;2;0.1;0.0
07;2021-01-11;157;1;386;3;0.1;0.0
07;2021-01-12;308;0;694;3;0.2;0.0
07;2021-01-13;303;1;997;4;0.3;0.0
07;2021-01-14;478;0;1475;4;0.5;0.0
07;2021-01-15;187;0;1662;4;0.5;0.0
07;2021-01-16;17;0;1679;4;0.5;0.0
07;2021-01-17;2;0;1681;4;0.5;0.0
07;2021-01-18;363;1;2044;5;0.6;0.0
07;2021-01-19;829;1;2873;6;0.9;0.0
07;2021-01-20;596;1;3469;7;1.1;0.0
07;2021-01-21;451;1;3920;8;1.2;0.0
07;2021-01-22;291;0;4211;8;1.3;0.0
07;2021-01-23;107;0;4318;8;1.3;0.0
07;2021-01-24;0;0;4318;8;1.3;0.0
07;2021-01-25;164;0;4482;8;1.4;0.0
07;2021-01-26;489;1;4971;9;1.5;0.0
07;2021-01-27;552;7;5523;16;1.7;0.0
07;2021-01-28;1201;99;6724;115;2.1;0.0
07;2021-01-29;704;15;7428;130;2.3;0.0
07;2021-01-30;213;4;7641;134;2.3;0.0
07;2021-01-31;7;0;7648;134;2.3;0.0
07;2021-02-01;267;32;7915;166;2.4;0.1
07;2021-02-02;645;241;8560;407;2.6;0.1
07;2021-02-03;1044;222;9604;629;2.9;0.2
07;2021-02-04;719;258;10323;887;3.2;0.3
07;2021-02-05;482;252;10805;1139;3.3;0.3
07;2021-02-06;96;2;10901;1141;3.3;0.3
07;2021-02-07;12;1;10913;1142;3.3;0.3
07;2021-02-08;239;179;11152;1321;3.4;0.4
07;2021-02-09;485;326;11637;1647;3.6;0.5
07;2021-02-10;537;397;12174;2044;3.7;0.6
07;2021-02-11;399;285;12573;2329;3.8;0.7
07;2021-02-12;266;160;12839;2489;3.9;0.8
07;2021-02-13;68;20;12907;2509;3.9;0.8
07;2021-02-14;0;0;12907;2509;3.9;0.8
07;2021-02-15;270;131;13177;2640;4.0;0.8
07;2021-02-16;345;365;13522;3005;4.1;0.9
07;2021-02-17;466;334;13988;3339;4.3;1.0
07;2021-02-18;561;765;14549;4104;4.5;1.3
07;2021-02-19;455;504;15004;4608;4.6;1.4
07;2021-02-20;107;68;15111;4676;4.6;1.4
07;2021-02-21;15;0;15126;4676;4.6;1.4
07;2021-02-22;423;217;15549;4893;4.8;1.5
07;2021-02-23;644;616;16193;5509;5.0;1.7
07;2021-02-24;927;701;17120;6210;5.2;1.9
07;2021-02-25;709;532;17829;6742;5.5;2.1
07;2021-02-26;841;291;18670;7033;5.7;2.2
07;2021-02-27;190;142;18860;7175;5.8;2.2
07;2021-02-28;1;0;18861;7175;5.8;2.2
07;2021-03-01;432;215;19293;7390;5.9;2.3
07;2021-03-02;648;564;19941;7954;6.1;2.4
07;2021-03-03;683;534;20624;8488;6.3;2.6
07;2021-03-04;1097;350;21721;8838;6.6;2.7
07;2021-03-05;1081;363;22802;9201;7.0;2.8
07;2021-03-06;1122;88;23924;9289;7.3;2.8
07;2021-03-07;717;15;24641;9304;7.5;2.8
07;2021-03-08;349;314;24990;9618;7.6;2.9
07;2021-03-09;1087;428;26077;10046;8.0;3.1
07;2021-03-10;857;509;26934;10555;8.2;3.2
07;2021-03-11;1368;453;28302;11008;8.7;3.4
07;2021-03-12;1613;554;29915;11562;9.2;3.5
07;2021-03-13;679;99;30594;11661;9.4;3.6
07;2021-03-14;4;0;30598;11661;9.4;3.6
07;2021-03-15;527;293;31125;11954;9.5;3.7
07;2021-03-16;1200;476;32325;12430;9.9;3.8
07;2021-03-17;1185;761;33510;13191;10.3;4.0
07;2021-03-18;1218;407;34728;13598;10.6;4.2
07;2021-03-19;1264;418;35992;14016;11.0;4.3
07;2021-03-20;465;106;36457;14122;11.2;4.3
07;2021-03-21;3;2;36460;14124;11.2;4.3
07;2021-03-22;788;529;37248;14653;11.4;4.5
07;2021-03-23;1512;709;38760;15362;11.9;4.7
07;2021-03-24;1252;657;40012;16019;12.2;4.9
07;2021-03-25;1847;505;41859;16524;12.8;5.1
07;2021-03-26;1833;424;43692;16948;13.4;5.2
07;2021-03-27;382;93;44074;17041;13.5;5.2
07;2021-03-28;5;1;44079;17042;13.5;5.2
07;2021-03-29;785;353;44864;17395;13.7;5.3
07;2021-03-30;1523;506;46387;17901;14.2;5.5
07;2021-03-31;1652;495;48039;18396;14.7;5.6
07;2021-04-01;1573;652;49612;19048;15.2;5.8
07;2021-04-02;1520;423;51132;19471;15.6;6.0
07;2021-04-03;227;105;51359;19576;15.7;6.0
07;2021-04-04;0;1;51359;19577;15.7;6.0
07;2021-04-05;0;66;51359;19643;15.7;6.0
07;2021-04-06;1161;752;52520;20395;16.1;6.2
07;2021-04-07;1317;884;53837;21279;16.5;6.5
07;2021-04-08;1971;1164;55808;22443;17.1;6.9
07;2021-04-09;2422;558;58230;23001;17.8;7.0
07;2021-04-10;807;154;59037;23155;18.1;7.1
07;2021-04-11;339;13;59376;23168;18.2;7.1
07;2021-04-12;1275;578;60651;23746;18.6;7.3
07;2021-04-13;1765;1327;62416;25073;19.1;7.7
07;2021-04-14;1664;974;64080;26047;19.6;8.0
07;2021-04-15;1442;838;65522;26885;20.0;8.2
07;2021-04-16;1506;895;67028;27780;20.5;8.5
07;2021-04-17;867;212;67895;27992;20.8;8.6
07;2021-04-18;700;34;68595;28026;21.0;8.6
07;2021-04-19;1161;567;69756;28593;21.3;8.7
07;2021-04-20;1440;1314;71196;29907;21.8;9.1
07;2021-04-21;1709;905;72905;30812;22.3;9.4
07;2021-04-22;1813;955;74718;31767;22.9;9.7
07;2021-04-23;1407;967;76125;32734;23.3;10.0
07;2021-04-24;958;245;77083;32979;23.6;10.1
07;2021-04-25;714;58;77797;33037;23.8;10.1
07;2021-04-26;1136;680;78933;33717;24.1;10.3
07;2021-04-27;1393;1562;80326;35279;24.6;10.8
07;2021-04-28;1633;1747;81959;37026;25.1;11.3
07;2021-04-29;1936;1528;83895;38554;25.7;11.8
07;2021-04-30;1659;1475;85554;40029;26.2;12.2
07;2021-05-01;960;113;86514;40142;26.5;12.3
07;2021-05-02;845;151;87359;40293;26.7;12.3
07;2021-05-03;1282;428;88641;40721;27.1;12.5
07;2021-05-04;2169;1558;90810;42279;27.8;12.9
07;2021-05-05;1741;1384;92551;43663;28.3;13.4
07;2021-05-06;2103;1583;94654;45246;29.0;13.8
07;2021-05-07;1591;1552;96245;46798;29.4;14.3
07;2021-05-08;1224;406;97469;47204;29.8;14.4
07;2021-05-09;1029;325;98498;47529;30.1;14.5
07;2021-05-10;1403;1174;99901;48703;30.6;14.9
07;2021-05-11;2470;1699;102371;50402;31.3;15.4
07;2021-05-12;2159;1274;104530;51676;32.0;15.8
07;2021-05-13;1711;268;106241;51944;32.5;15.9
07;2021-05-14;1733;997;107974;52941;33.0;16.2
07;2021-05-15;1624;492;109598;53433;33.5;16.3
07;2021-05-16;1442;203;111040;53636;34.0;16.4
07;2021-05-17;1770;858;112810;54494;34.5;16.7
07;2021-05-18;2292;1298;115102;55792;35.2;17.1
07;2021-05-19;2376;993;117478;56785;35.9;17.4
07;2021-05-20;2156;1311;119634;58096;36.6;17.8
07;2021-05-21;1758;1319;121392;59415;37.1;18.2
07;2021-05-22;936;542;122328;59957;37.4;18.3
07;2021-05-23;857;156;123185;60113;37.7;18.4
07;2021-05-24;1650;341;124835;60454;38.2;18.5
07;2021-05-25;2188;1477;127023;61931;38.9;18.9
07;2021-05-26;1527;1383;128550;63314;39.3;19.4
07;2021-05-27;2019;1402;130569;64716;39.9;19.8
07;2021-05-28;1767;2083;132336;66799;40.5;20.4
07;2021-05-29;943;682;133279;67481;40.8;20.6
07;2021-05-30;623;570;133902;68051;41.0;20.8
07;2021-05-31;1132;1286;135034;69337;41.3;21.2
07;2021-06-01;2154;2003;137188;71340;42.0;21.8
07;2021-06-02;1528;1652;138716;72992;42.4;22.3
07;2021-06-03;1710;1257;140426;74249;43.0;22.7
07;2021-06-04;1676;1594;142102;75843;43.5;23.2
07;2021-06-05;989;955;143091;76798;43.8;23.5
07;2021-06-06;598;623;143689;77421;44.0;23.7
07;2021-06-07;958;1195;144647;78616;44.3;24.1
07;2021-06-08;1546;1769;146193;80385;44.7;24.6
07;2021-06-09;1026;1422;147219;81807;45.0;25.0
07;2021-06-10;789;1390;148008;83197;45.3;25.5
07;2021-06-11;1153;2036;149161;85233;45.6;26.1
07;2021-06-12;643;1218;149804;86451;45.8;26.4
07;2021-06-13;393;443;150197;86894;45.9;26.6
07;2021-06-14;563;1963;150760;88857;46.1;27.2
07;2021-06-15;932;2555;151692;91412;46.4;28.0
07;2021-06-16;1018;1852;152710;93264;46.7;28.5
07;2021-06-17;885;1950;153595;95214;47.0;29.1
07;2021-06-18;868;2287;154463;97501;47.3;29.8
07;2021-06-19;605;1457;155068;98958;47.4;30.3
07;2021-06-20;367;729;155435;99687;47.6;30.5
07;2021-06-21;512;2146;155947;101833;47.7;31.2
07;2021-06-22;648;2666;156595;104499;47.9;32.0
07;2021-06-23;674;1962;157269;106461;48.1;32.6
07;2021-06-24;643;1857;157912;108318;48.3;33.1
07;2021-06-25;698;2182;158610;110500;48.5;33.8
07;2021-06-26;351;1430;158961;111930;48.6;34.2
07;2021-06-27;279;1073;159240;113003;48.7;34.6
07;2021-06-28;502;2244;159742;115247;48.9;35.3
07;2021-06-29;539;2994;160281;118241;49.0;36.2
07;2021-06-30;811;2291;161092;120532;49.3;36.9
07;2021-07-01;765;1981;161857;122513;49.5;37.5
07;2021-07-02;874;2307;162731;124820;49.8;38.2
07;2021-07-03;410;1137;163141;125957;49.9;38.5
07;2021-07-04;207;855;163348;126812;50.0;38.8
07;2021-07-05;660;1684;164008;128496;50.2;39.3
07;2021-07-06;870;2632;164878;131128;50.4;40.1
07;2021-07-07;952;1950;165830;133078;50.7;40.7
07;2021-07-08;922;1969;166752;135047;51.0;41.3
07;2021-07-09;990;2262;167742;137309;51.3;42.0
07;2021-07-10;594;1102;168336;138411;51.5;42.3
07;2021-07-11;238;615;168574;139026;51.6;42.5
07;2021-07-12;801;1768;169375;140794;51.8;43.1
07;2021-07-13;1744;3168;171119;143962;52.3;44.0
07;2021-07-14;166;132;171285;144094;52.4;44.1
07;2021-07-15;1935;2445;173220;146539;53.0;44.8
07;2021-07-16;2048;1972;175268;148511;53.6;45.4
07;2021-07-17;1479;1241;176747;149752;54.1;45.8
07;2021-07-18;770;483;177517;150235;54.3;46.0
07;2021-07-19;1511;1703;179028;151938;54.8;46.5
07;2021-07-20;2452;2654;181480;154592;55.5;47.3
07;2021-07-21;1847;1894;183327;156486;56.1;47.9
07;2021-07-22;1898;1355;185225;157841;56.7;48.3
08;2020-12-27;0;0;0;0;0.0;0.0
08;2020-12-28;0;0;0;0;0.0;0.0
08;2020-12-29;0;0;0;0;0.0;0.0
08;2020-12-30;0;0;0;0;0.0;0.0
08;2020-12-31;0;0;0;0;0.0;0.0
08;2021-01-01;0;0;0;0;0.0;0.0
08;2021-01-02;0;0;0;0;0.0;0.0
08;2021-01-03;1;0;1;0;0.0;0.0
08;2021-01-04;22;0;23;0;0.0;0.0
08;2021-01-05;1;0;24;0;0.0;0.0
08;2021-01-06;0;0;24;0;0.0;0.0
08;2021-01-07;188;0;212;0;0.1;0.0
08;2021-01-08;314;0;526;0;0.2;0.0
08;2021-01-09;113;0;639;0;0.2;0.0
08;2021-01-10;1;0;640;0;0.2;0.0
08;2021-01-11;67;0;707;0;0.3;0.0
08;2021-01-12;156;0;863;0;0.3;0.0
08;2021-01-13;477;1;1340;1;0.5;0.0
08;2021-01-14;532;9;1872;10;0.7;0.0
08;2021-01-15;288;2;2160;12;0.8;0.0
08;2021-01-16;104;0;2264;12;0.9;0.0
08;2021-01-17;1;0;2265;12;0.9;0.0
08;2021-01-18;363;2;2628;14;1.0;0.0
08;2021-01-19;868;1;3496;15;1.3;0.0
08;2021-01-20;910;2;4406;17;1.7;0.0
08;2021-01-21;741;1;5147;18;1.9;0.0
08;2021-01-22;678;0;5825;18;2.2;0.0
08;2021-01-23;237;0;6062;18;2.3;0.0
08;2021-01-24;0;0;6062;18;2.3;0.0
08;2021-01-25;205;0;6267;18;2.4;0.0
08;2021-01-26;301;2;6568;20;2.5;0.0
08;2021-01-27;411;0;6979;20;2.6;0.0
08;2021-01-28;565;185;7544;205;2.8;0.1
08;2021-01-29;587;183;8131;388;3.1;0.1
08;2021-01-30;222;63;8353;451;3.1;0.2
08;2021-01-31;0;0;8353;451;3.1;0.2
08;2021-02-01;80;46;8433;497;3.2;0.2
08;2021-02-02;190;175;8623;672;3.2;0.3
08;2021-02-03;139;170;8762;842;3.3;0.3
08;2021-02-04;308;287;9070;1129;3.4;0.4
08;2021-02-05;499;359;9569;1488;3.6;0.6
08;2021-02-06;148;75;9717;1563;3.7;0.6
08;2021-02-07;8;0;9725;1563;3.7;0.6
08;2021-02-08;40;175;9765;1738;3.7;0.7
08;2021-02-09;215;646;9980;2384;3.8;0.9
08;2021-02-10;333;639;10313;3023;3.9;1.1
08;2021-02-11;463;364;10776;3387;4.1;1.3
08;2021-02-12;674;385;11450;3772;4.3;1.4
08;2021-02-13;140;118;11590;3890;4.4;1.5
08;2021-02-14;3;60;11593;3950;4.4;1.5
08;2021-02-15;228;210;11821;4160;4.5;1.6
08;2021-02-16;131;375;11952;4535;4.5;1.7
08;2021-02-17;112;420;12064;4955;4.5;1.9
08;2021-02-18;215;520;12279;5475;4.6;2.1
08;2021-02-19;304;425;12583;5900;4.7;2.2
08;2021-02-20;7;209;12590;6109;4.7;2.3
08;2021-02-21;0;0;12590;6109;4.7;2.3
08;2021-02-22;132;179;12722;6288;4.8;2.4
08;2021-02-23;150;321;12872;6609;4.8;2.5
08;2021-02-24;164;386;13036;6995;4.9;2.6
08;2021-02-25;499;526;13535;7521;5.1;2.8
08;2021-02-26;602;627;14137;8148;5.3;3.1
08;2021-02-27;317;193;14454;8341;5.4;3.1
08;2021-02-28;19;1;14473;8342;5.5;3.1
08;2021-03-01;196;103;14669;8445;5.5;3.2
08;2021-03-02;653;278;15322;8723;5.8;3.3
08;2021-03-03;895;195;16217;8918;6.1;3.4
08;2021-03-04;733;325;16950;9243;6.4;3.5
08;2021-03-05;1022;538;17972;9781;6.8;3.7
08;2021-03-06;691;133;18663;9914;7.0;3.7
08;2021-03-07;75;1;18738;9915;7.1;3.7
08;2021-03-08;217;113;18955;10028;7.1;3.8
08;2021-03-09;686;135;19641;10163;7.4;3.8
08;2021-03-10;1037;112;20678;10275;7.8;3.9
08;2021-03-11;979;244;21657;10519;8.2;4.0
08;2021-03-12;1630;503;23287;11022;8.8;4.2
08;2021-03-13;792;118;24079;11140;9.1;4.2
08;2021-03-14;22;0;24101;11140;9.1;4.2
08;2021-03-15;291;72;24392;11212;9.2;4.2
08;2021-03-16;563;35;24955;11247;9.4;4.2
08;2021-03-17;802;55;25757;11302;9.7;4.3
08;2021-03-18;813;150;26570;11452;10.0;4.3
08;2021-03-19;1133;281;27703;11733;10.4;4.4
08;2021-03-20;505;14;28208;11747;10.6;4.4
08;2021-03-21;13;0;28221;11747;10.6;4.4
08;2021-03-22;364;41;28585;11788;10.8;4.4
08;2021-03-23;733;61;29318;11849;11.0;4.5
08;2021-03-24;1327;62;30645;11911;11.5;4.5
08;2021-03-25;1903;85;32548;11996;12.3;4.5
08;2021-03-26;2562;165;35110;12161;13.2;4.6
08;2021-03-27;898;120;36008;12281;13.6;4.6
08;2021-03-28;228;5;36236;12286;13.6;4.6
08;2021-03-29;260;180;36496;12466;13.7;4.7
08;2021-03-30;832;481;37328;12947;14.1;4.9
08;2021-03-31;852;525;38180;13472;14.4;5.1
08;2021-04-01;1680;440;39860;13912;15.0;5.2
08;2021-04-02;1498;509;41358;14421;15.6;5.4
08;2021-04-03;1327;191;42685;14612;16.1;5.5
08;2021-04-04;134;4;42819;14616;16.1;5.5
08;2021-04-05;16;0;42835;14616;16.1;5.5
08;2021-04-06;699;477;43534;15093;16.4;5.7
08;2021-04-07;910;699;44444;15792;16.7;5.9
08;2021-04-08;1742;510;46186;16302;17.4;6.1
08;2021-04-09;2347;714;48533;17016;18.3;6.4
08;2021-04-10;1450;213;49983;17229;18.8;6.5
08;2021-04-11;10;6;49993;17235;18.8;6.5
08;2021-04-12;671;226;50664;17461;19.1;6.6
08;2021-04-13;1306;606;51970;18067;19.6;6.8
08;2021-04-14;1281;862;53251;18929;20.1;7.1
08;2021-04-15;1607;790;54858;19719;20.7;7.4
08;2021-04-16;1873;868;56731;20587;21.4;7.8
08;2021-04-17;1112;399;57843;20986;21.8;7.9
08;2021-04-18;23;14;57866;21000;21.8;7.9
08;2021-04-19;1147;297;59013;21297;22.2;8.0
08;2021-04-20;1117;540;60130;21837;22.6;8.2
08;2021-04-21;1139;735;61269;22572;23.1;8.5
08;2021-04-22;1329;878;62598;23450;23.6;8.8
08;2021-04-23;1670;1163;64268;24613;24.2;9.3
08;2021-04-24;1323;642;65591;25255;24.7;9.5
08;2021-04-25;26;198;65617;25453;24.7;9.6
08;2021-04-26;1039;154;66656;25607;25.1;9.6
08;2021-04-27;1337;599;67993;26206;25.6;9.9
08;2021-04-28;1452;680;69445;26886;26.2;10.1
08;2021-04-29;1174;1309;70619;28195;26.6;10.6
08;2021-04-30;1770;1617;72389;29812;27.3;11.2
08;2021-05-01;1049;488;73438;30300;27.7;11.4
08;2021-05-02;626;180;74064;30480;27.9;11.5
08;2021-05-03;1168;367;75232;30847;28.3;11.6
08;2021-05-04;1328;858;76560;31705;28.8;11.9
08;2021-05-05;1566;1324;78126;33029;29.4;12.4
08;2021-05-06;1970;1649;80096;34678;30.2;13.1
08;2021-05-07;1859;2097;81955;36775;30.9;13.8
08;2021-05-08;923;764;82878;37539;31.2;14.1
08;2021-05-09;443;71;83321;37610;31.4;14.2
08;2021-05-10;1191;662;84512;38272;31.8;14.4
08;2021-05-11;1909;940;86421;39212;32.5;14.8
08;2021-05-12;1810;1231;88231;40443;33.2;15.2
08;2021-05-13;1305;616;89536;41059;33.7;15.5
08;2021-05-14;2535;1032;92071;42091;34.7;15.9
08;2021-05-15;1820;711;93891;42802;35.4;16.1
08;2021-05-16;820;102;94711;42904;35.7;16.2
08;2021-05-17;699;908;95410;43812;35.9;16.5
08;2021-05-18;1250;838;96660;44650;36.4;16.8
08;2021-05-19;1611;958;98271;45608;37.0;17.2
08;2021-05-20;2147;958;100418;46566;37.8;17.5
08;2021-05-21;2336;1275;102754;47841;38.7;18.0
08;2021-05-22;1820;761;104574;48602;39.4;18.3
08;2021-05-23;862;90;105436;48692;39.7;18.3
08;2021-05-24;714;103;106150;48795;40.0;18.4
08;2021-05-25;1452;671;107602;49466;40.5;18.6
08;2021-05-26;1512;1006;109114;50472;41.1;19.0
08;2021-05-27;2007;1148;111121;51620;41.8;19.4
08;2021-05-28;1973;1823;113094;53443;42.6;20.1
08;2021-05-29;1769;968;114863;54411;43.3;20.5
08;2021-05-30;835;100;115698;54511;43.6;20.5
08;2021-05-31;755;574;116453;55085;43.9;20.7
08;2021-06-01;1349;879;117802;55964;44.4;21.1
08;2021-06-02;1296;1192;119098;57156;44.9;21.5
08;2021-06-03;1384;1520;120482;58676;45.4;22.1
08;2021-06-04;1777;2426;122259;61102;46.0;23.0
08;2021-06-05;1178;1377;123437;62479;46.5;23.5
08;2021-06-06;906;107;124343;62586;46.8;23.6
08;2021-06-07;659;1173;125002;63759;47.1;24.0
08;2021-06-08;924;1496;125926;65255;47.4;24.6
08;2021-06-09;822;1391;126748;66646;47.7;25.1
08;2021-06-10;1715;1554;128463;68200;48.4;25.7
08;2021-06-11;1720;2209;130183;70409;49.0;26.5
08;2021-06-12;1414;1528;131597;71937;49.6;27.1
08;2021-06-13;385;597;131982;72534;49.7;27.3
08;2021-06-14;379;1304;132361;73838;49.8;27.8
08;2021-06-15;739;1552;133100;75390;50.1;28.4
08;2021-06-16;803;2054;133903;77444;50.4;29.2
08;2021-06-17;1280;1854;135183;79298;50.9;29.9
08;2021-06-18;1604;2600;136787;81898;51.5;30.8
08;2021-06-19;1321;1408;138108;83306;52.0;31.4
08;2021-06-20;116;423;138224;83729;52.1;31.5
08;2021-06-21;495;1400;138719;85129;52.2;32.1
08;2021-06-22;806;2023;139525;87152;52.5;32.8
08;2021-06-23;847;1674;140372;88826;52.9;33.5
08;2021-06-24;1037;1927;141409;90753;53.3;34.2
08;2021-06-25;1078;2737;142487;93490;53.7;35.2
08;2021-06-26;1010;1787;143497;95277;54.0;35.9
08;2021-06-27;350;649;143847;95926;54.2;36.1
08;2021-06-28;397;1326;144244;97252;54.3;36.6
08;2021-06-29;622;1472;144866;98724;54.6;37.2
08;2021-06-30;847;1693;145713;100417;54.9;37.8
08;2021-07-01;874;2193;146587;102610;55.2;38.6
08;2021-07-02;932;2647;147519;105257;55.6;39.6
08;2021-07-03;779;2146;148298;107403;55.8;40.4
08;2021-07-04;128;861;148426;108264;55.9;40.8
08;2021-07-05;102;1196;148528;109460;55.9;41.2
08;2021-07-06;421;1838;148949;111298;56.1;41.9
08;2021-07-07;365;1782;149314;113080;56.2;42.6
08;2021-07-08;710;2013;150024;115093;56.5;43.3
08;2021-07-09;728;2440;150752;117533;56.8;44.3
08;2021-07-10;652;1997;151404;119530;57.0;45.0
08;2021-07-11;237;727;151641;120257;57.1;45.3
08;2021-07-12;308;1194;151949;121451;57.2;45.7
08;2021-07-13;938;1789;152887;123240;57.6;46.4
08;2021-07-14;177;331;153064;123571;57.6;46.5
08;2021-07-15;756;2451;153820;126022;57.9;47.5
08;2021-07-16;1073;2410;154893;128432;58.3;48.4
08;2021-07-17;991;2107;155884;130539;58.7;49.2
08;2021-07-18;344;737;156228;131276;58.8;49.4
08;2021-07-19;455;921;156683;132197;59.0;49.8
08;2021-07-20;874;1437;157557;133634;59.3;50.3
08;2021-07-21;1226;1711;158783;135345;59.8;51.0
08;2021-07-22;1103;2157;159886;137502;60.2;51.8
09;2020-12-27;0;0;0;0;0.0;0.0
09;2020-12-28;1;0;1;0;0.0;0.0
09;2020-12-29;0;0;1;0;0.0;0.0
09;2020-12-30;0;0;1;0;0.0;0.0
09;2020-12-31;0;0;1;0;0.0;0.0
09;2021-01-01;0;0;1;0;0.0;0.0
09;2021-01-02;0;0;1;0;0.0;0.0
09;2021-01-03;0;0;1;0;0.0;0.0
09;2021-01-04;2;1;3;1;0.0;0.0
09;2021-01-05;0;0;3;1;0.0;0.0
09;2021-01-06;3;0;6;1;0.0;0.0
09;2021-01-07;256;2;262;3;0.2;0.0
09;2021-01-08;227;0;489;3;0.3;0.0
09;2021-01-09;103;0;592;3;0.4;0.0
09;2021-01-10;59;0;651;3;0.4;0.0
09;2021-01-11;175;0;826;3;0.5;0.0
09;2021-01-12;304;0;1130;3;0.7;0.0
09;2021-01-13;196;0;1326;3;0.9;0.0
09;2021-01-14;432;8;1758;11;1.2;0.0
09;2021-01-15;223;1;1981;12;1.3;0.0
09;2021-01-16;194;2;2175;14;1.4;0.0
09;2021-01-17;123;0;2298;14;1.5;0.0
09;2021-01-18;267;1;2565;15;1.7;0.0
09;2021-01-19;257;0;2822;15;1.9;0.0
09;2021-01-20;346;1;3168;16;2.1;0.0
09;2021-01-21;333;1;3501;17;2.3;0.0
09;2021-01-22;330;1;3831;18;2.5;0.0
09;2021-01-23;236;0;4067;18;2.7;0.0
09;2021-01-24;85;1;4152;19;2.7;0.0
09;2021-01-25;203;12;4355;31;2.9;0.0
09;2021-01-26;633;25;4988;56;3.3;0.0
09;2021-01-27;471;41;5459;97;3.6;0.1
09;2021-01-28;285;206;5744;303;3.8;0.2
09;2021-01-29;251;129;5995;432;3.9;0.3
09;2021-01-30;143;57;6138;489;4.0;0.3
09;2021-01-31;56;10;6194;499;4.1;0.3
09;2021-02-01;82;143;6276;642;4.1;0.4
09;2021-02-02;57;295;6333;937;4.2;0.6
09;2021-02-03;87;206;6420;1143;4.2;0.8
09;2021-02-04;49;299;6469;1442;4.2;0.9
09;2021-02-05;89;157;6558;1599;4.3;1.0
09;2021-02-06;68;50;6626;1649;4.3;1.1
09;2021-02-07;6;74;6632;1723;4.4;1.1
09;2021-02-08;22;177;6654;1900;4.4;1.2
09;2021-02-09;54;291;6708;2191;4.4;1.4
09;2021-02-10;15;196;6723;2387;4.4;1.6
09;2021-02-11;6;221;6729;2608;4.4;1.7
09;2021-02-12;149;174;6878;2782;4.5;1.8
09;2021-02-13;7;144;6885;2926;4.5;1.9
09;2021-02-14;0;54;6885;2980;4.5;2.0
09;2021-02-15;75;134;6960;3114;4.6;2.0
09;2021-02-16;227;509;7187;3623;4.7;2.4
09;2021-02-17;82;391;7269;4014;4.8;2.6
09;2021-02-18;88;450;7357;4464;4.8;2.9
09;2021-02-19;65;285;7422;4749;4.9;3.1
09;2021-02-20;58;200;7480;4949;4.9;3.2
09;2021-02-21;0;51;7480;5000;4.9;3.3
09;2021-02-22;127;218;7607;5218;5.0;3.4
09;2021-02-23;160;145;7767;5363;5.1;3.5
09;2021-02-24;74;178;7841;5541;5.1;3.6
09;2021-02-25;211;170;8052;5711;5.3;3.7
09;2021-02-26;162;176;8214;5887;5.4;3.9
09;2021-02-27;65;71;8279;5958;5.4;3.9
09;2021-02-28;43;17;8322;5975;5.5;3.9
09;2021-03-01;247;97;8569;6072;5.6;4.0
09;2021-03-02;284;77;8853;6149;5.8;4.0
09;2021-03-03;252;132;9105;6281;6.0;4.1
09;2021-03-04;411;31;9516;6312;6.2;4.1
09;2021-03-05;332;64;9848;6376;6.5;4.2
09;2021-03-06;396;45;10244;6421;6.7;4.2
09;2021-03-07;124;4;10368;6425;6.8;4.2
09;2021-03-08;380;63;10748;6488;7.1;4.3
09;2021-03-09;435;139;11183;6627;7.3;4.3
09;2021-03-10;562;69;11745;6696;7.7;4.4
09;2021-03-11;695;74;12440;6770;8.2;4.4
09;2021-03-12;658;31;13098;6801;8.6;4.5
09;2021-03-13;384;2;13482;6803;8.8;4.5
09;2021-03-14;120;3;13602;6806;8.9;4.5
09;2021-03-15;467;48;14069;6854;9.2;4.5
09;2021-03-16;370;79;14439;6933;9.5;4.5
09;2021-03-17;399;72;14838;7005;9.7;4.6
09;2021-03-18;452;42;15290;7047;10.0;4.6
09;2021-03-19;523;54;15813;7101;10.4;4.7
09;2021-03-20;313;40;16126;7141;10.6;4.7
09;2021-03-21;105;0;16231;7141;10.7;4.7
09;2021-03-22;421;117;16652;7258;10.9;4.8
09;2021-03-23;566;172;17218;7430;11.3;4.9
09;2021-03-24;711;40;17929;7470;11.8;4.9
09;2021-03-25;869;135;18798;7605;12.3;5.0
09;2021-03-26;751;44;19549;7649;12.8;5.0
09;2021-03-27;624;69;20173;7718;13.2;5.1
09;2021-03-28;132;24;20305;7742;13.3;5.1
09;2021-03-29;496;277;20801;8019;13.6;5.3
09;2021-03-30;729;155;21530;8174;14.1;5.4
09;2021-03-31;801;178;22331;8352;14.7;5.5
09;2021-04-01;734;256;23065;8608;15.1;5.6
09;2021-04-02;692;266;23757;8874;15.6;5.8
09;2021-04-03;770;115;24527;8989;16.1;5.9
09;2021-04-04;122;57;24649;9046;16.2;5.9
09;2021-04-05;237;61;24886;9107;16.3;6.0
09;2021-04-06;1056;390;25942;9497;17.0;6.2
09;2021-04-07;1209;355;27151;9852;17.8;6.5
09;2021-04-08;1467;396;28618;10248;18.8;6.7
09;2021-04-09;1137;409;29755;10657;19.5;7.0
09;2021-04-10;1349;191;31104;10848;20.4;7.1
09;2021-04-11;173;102;31277;10950;20.5;7.2
09;2021-04-12;735;343;32012;11293;21.0;7.4
09;2021-04-13;1047;409;33059;11702;21.7;7.7
09;2021-04-14;1331;509;34390;12211;22.6;8.0
09;2021-04-15;1145;504;35535;12715;23.3;8.3
09;2021-04-16;1034;412;36569;13127;24.0;8.6
09;2021-04-17;1194;354;37763;13481;24.8;8.8
09;2021-04-18;102;96;37865;13577;24.8;8.9
09;2021-04-19;697;405;38562;13982;25.3;9.2
09;2021-04-20;766;532;39328;14514;25.8;9.5
09;2021-04-21;939;592;40267;15106;26.4;9.9
09;2021-04-22;667;611;40934;15717;26.9;10.3
09;2021-04-23;771;427;41705;16144;27.4;10.6
09;2021-04-24;740;672;42445;16816;27.9;11.0
09;2021-04-25;74;113;42519;16929;27.9;11.1
09;2021-04-26;383;537;42902;17466;28.2;11.5
09;2021-04-27;443;724;43345;18190;28.4;11.9
09;2021-04-28;805;796;44150;18986;29.0;12.5
09;2021-04-29;550;773;44700;19759;29.3;13.0
09;2021-04-30;622;723;45322;20482;29.7;13.4
09;2021-05-01;478;455;45800;20937;30.1;13.7
09;2021-05-02;51;100;45851;21037;30.1;13.8
09;2021-05-03;521;666;46372;21703;30.4;14.2
09;2021-05-04;557;1345;46929;23048;30.8;15.1
09;2021-05-05;823;1347;47752;24395;31.3;16.0
09;2021-05-06;848;1032;48600;25427;31.9;16.7
09;2021-05-07;978;822;49578;26249;32.5;17.2
09;2021-05-08;395;461;49973;26710;32.8;17.5
09;2021-05-09;264;84;50237;26794;33.0;17.6
09;2021-05-10;504;966;50741;27760;33.3;18.2
09;2021-05-11;740;1049;51481;28809;33.8;18.9
09;2021-05-12;1535;1405;53016;30214;34.8;19.8
09;2021-05-13;1383;426;54399;30640;35.7;20.1
09;2021-05-14;987;655;55386;31295;36.3;20.5
09;2021-05-15;1236;789;56622;32084;37.2;21.1
09;2021-05-16;296;47;56918;32131;37.3;21.1
09;2021-05-17;875;412;57793;32543;37.9;21.4
09;2021-05-18;1290;401;59083;32944;38.8;21.6
09;2021-05-19;1495;364;60578;33308;39.7;21.9
09;2021-05-20;1380;406;61958;33714;40.7;22.1
09;2021-05-21;1164;495;63122;34209;41.4;22.4
09;2021-05-22;1546;364;64668;34573;42.4;22.7
09;2021-05-23;272;25;64940;34598;42.6;22.7
09;2021-05-24;177;89;65117;34687;42.7;22.8
09;2021-05-25;997;498;66114;35185;43.4;23.1
09;2021-05-26;1285;444;67399;35629;44.2;23.4
09;2021-05-27;964;401;68363;36030;44.9;23.6
09;2021-05-28;958;505;69321;36535;45.5;24.0
09;2021-05-29;1797;595;71118;37130;46.7;24.4
09;2021-05-30;541;197;71659;37327;47.0;24.5
09;2021-05-31;717;590;72376;37917;47.5;24.9
09;2021-06-01;967;639;73343;38556;48.1;25.3
09;2021-06-02;1006;891;74349;39447;48.8;25.9
09;2021-06-03;809;678;75158;40125;49.3;26.3
09;2021-06-04;877;797;76035;40922;49.9;26.9
09;2021-06-05;1320;872;77355;41794;50.8;27.4
09;2021-06-06;302;106;77657;41900;51.0;27.5
09;2021-06-07;624;512;78281;42412;51.4;27.8
09;2021-06-08;822;489;79103;42901;51.9;28.2
09;2021-06-09;808;829;79911;43730;52.4;28.7
09;2021-06-10;636;529;80547;44259;52.9;29.0
09;2021-06-11;830;760;81377;45019;53.4;29.5
09;2021-06-12;627;806;82004;45825;53.8;30.1
09;2021-06-13;93;131;82097;45956;53.9;30.2
09;2021-06-14;622;706;82719;46662;54.3;30.6
09;2021-06-15;819;890;83538;47552;54.8;31.2
09;2021-06-16;625;1079;84163;48631;55.2;31.9
09;2021-06-17;779;854;84942;49485;55.7;32.5
09;2021-06-18;633;1151;85575;50636;56.2;33.2
09;2021-06-19;514;1573;86089;52209;56.5;34.3
09;2021-06-20;8;279;86097;52488;56.5;34.4
09;2021-06-21;474;698;86571;53186;56.8;34.9
09;2021-06-22;459;1066;87030;54252;57.1;35.6
09;2021-06-23;434;1224;87464;55476;57.4;36.4
09;2021-06-24;580;774;88044;56250;57.8;36.9
09;2021-06-25;409;1067;88453;57317;58.0;37.6
09;2021-06-26;441;1088;88894;58405;58.3;38.3
09;2021-06-27;1;276;88895;58681;58.3;38.5
09;2021-06-28;238;1050;89133;59731;58.5;39.2
09;2021-06-29;309;1231;89442;60962;58.7;40.0
09;2021-06-30;453;1491;89895;62453;59.0;41.0
09;2021-07-01;377;1431;90272;63884;59.2;41.9
09;2021-07-02;308;1163;90580;65047;59.4;42.7
09;2021-07-03;206;1619;90786;66666;59.6;43.7
09;2021-07-04;3;254;90789;66920;59.6;43.9
09;2021-07-05;187;713;90976;67633;59.7;44.4
09;2021-07-06;287;1225;91263;68858;59.9;45.2
09;2021-07-07;412;1395;91675;70253;60.2;46.1
09;2021-07-08;319;1061;91994;71314;60.4;46.8
09;2021-07-09;290;1157;92284;72471;60.6;47.6
09;2021-07-10;344;1726;92628;74197;60.8;48.7
09;2021-07-11;147;391;92775;74588;60.9;48.9
09;2021-07-12;182;1072;92957;75660;61.0;49.6
09;2021-07-13;631;1302;93588;76962;61.4;50.5
09;2021-07-14;485;220;94073;77182;61.7;50.6
09;2021-07-15;814;1167;94887;78349;62.3;51.4
09;2021-07-16;608;1193;95495;79542;62.7;52.2
09;2021-07-17;1016;1446;96511;80988;63.3;53.1
09;2021-07-18;299;220;96810;81208;63.5;53.3
09;2021-07-19;480;969;97290;82177;63.8;53.9
09;2021-07-20;819;1254;98109;83431;64.4;54.7
09;2021-07-21;1013;1165;99122;84596;65.0;55.5
09;2021-07-22;832;900;99954;85496;65.6;56.1
10;2020-12-27;0;0;0;0;0.0;0.0
10;2020-12-28;0;0;0;0;0.0;0.0
10;2020-12-29;0;0;0;0;0.0;0.0
10;2020-12-30;0;0;0;0;0.0;0.0
10;2020-12-31;0;0;0;0;0.0;0.0
10;2021-01-01;0;0;0;0;0.0;0.0
10;2021-01-02;0;0;0;0;0.0;0.0
10;2021-01-03;0;0;0;0;0.0;0.0
10;2021-01-04;0;0;0;0;0.0;0.0
10;2021-01-05;1;0;1;0;0.0;0.0
10;2021-01-06;0;0;1;0;0.0;0.0
10;2021-01-07;84;0;85;0;0.0;0.0
10;2021-01-08;254;0;339;0;0.1;0.0
10;2021-01-09;0;0;339;0;0.1;0.0
10;2021-01-10;0;0;339;0;0.1;0.0
10;2021-01-11;117;0;456;0;0.1;0.0
10;2021-01-12;191;0;647;0;0.2;0.0
10;2021-01-13;313;0;960;0;0.3;0.0
10;2021-01-14;391;7;1351;7;0.4;0.0
10;2021-01-15;359;2;1710;9;0.6;0.0
10;2021-01-16;55;0;1765;9;0.6;0.0
10;2021-01-17;0;0;1765;9;0.6;0.0
10;2021-01-18;699;1;2464;10;0.8;0.0
10;2021-01-19;1360;2;3824;12;1.2;0.0
10;2021-01-20;1050;3;4874;15;1.6;0.0
10;2021-01-21;1143;1;6017;16;1.9;0.0
10;2021-01-22;818;0;6835;16;2.2;0.0
10;2021-01-23;309;0;7144;16;2.3;0.0
10;2021-01-24;0;0;7144;16;2.3;0.0
10;2021-01-25;445;9;7589;25;2.4;0.0
10;2021-01-26;487;17;8076;42;2.6;0.0
10;2021-01-27;459;15;8535;57;2.8;0.0
10;2021-01-28;357;48;8892;105;2.9;0.0
10;2021-01-29;430;194;9322;299;3.0;0.1
10;2021-01-30;30;0;9352;299;3.0;0.1
10;2021-01-31;0;0;9352;299;3.0;0.1
10;2021-02-01;404;141;9756;440;3.1;0.1
10;2021-02-02;182;152;9938;592;3.2;0.2
10;2021-02-03;345;217;10283;809;3.3;0.3
10;2021-02-04;342;271;10625;1080;3.4;0.3
10;2021-02-05;327;321;10952;1401;3.5;0.5
10;2021-02-06;3;35;10955;1436;3.5;0.5
10;2021-02-07;0;0;10955;1436;3.5;0.5
10;2021-02-08;190;411;11145;1847;3.6;0.6
10;2021-02-09;480;585;11625;2432;3.8;0.8
10;2021-02-10;666;472;12291;2904;4.0;0.9
10;2021-02-11;755;598;13046;3502;4.2;1.1
10;2021-02-12;580;550;13626;4052;4.4;1.3
10;2021-02-13;36;120;13662;4172;4.4;1.3
10;2021-02-14;0;0;13662;4172;4.4;1.3
10;2021-02-15;142;452;13804;4624;4.5;1.5
10;2021-02-16;116;546;13920;5170;4.5;1.7
10;2021-02-17;129;606;14049;5776;4.5;1.9
10;2021-02-18;216;554;14265;6330;4.6;2.0
10;2021-02-19;187;472;14452;6802;4.7;2.2
10;2021-02-20;24;183;14476;6985;4.7;2.3
10;2021-02-21;0;0;14476;6985;4.7;2.3
10;2021-02-22;77;449;14553;7434;4.7;2.4
10;2021-02-23;76;563;14629;7997;4.7;2.6
10;2021-02-24;97;375;14726;8372;4.8;2.7
10;2021-02-25;323;375;15049;8747;4.9;2.8
10;2021-02-26;351;282;15400;9029;5.0;2.9
10;2021-02-27;275;130;15675;9159;5.1;3.0
10;2021-02-28;0;0;15675;9159;5.1;3.0
10;2021-03-01;257;334;15932;9493;5.1;3.1
10;2021-03-02;434;370;16366;9863;5.3;3.2
10;2021-03-03;446;581;16812;10444;5.4;3.4
10;2021-03-04;634;498;17446;10942;5.6;3.5
10;2021-03-05;677;251;18123;11193;5.8;3.6
10;2021-03-06;948;40;19071;11233;6.2;3.6
10;2021-03-07;769;4;19840;11237;6.4;3.6
10;2021-03-08;502;443;20342;11680;6.6;3.8
10;2021-03-09;673;434;21015;12114;6.8;3.9
10;2021-03-10;658;359;21673;12473;7.0;4.0
10;2021-03-11;1168;232;22841;12705;7.4;4.1
10;2021-03-12;1327;233;24168;12938;7.8;4.2
10;2021-03-13;891;35;25059;12973;8.1;4.2
10;2021-03-14;1381;10;26440;12983;8.5;4.2
10;2021-03-15;821;79;27261;13062;8.8;4.2
10;2021-03-16;687;59;27948;13121;9.0;4.2
10;2021-03-17;831;61;28779;13182;9.3;4.3
10;2021-03-18;885;77;29664;13259;9.6;4.3
10;2021-03-19;951;66;30615;13325;9.9;4.3
10;2021-03-20;552;15;31167;13340;10.1;4.3
10;2021-03-21;1845;30;33012;13370;10.7;4.3
10;2021-03-22;879;66;33891;13436;10.9;4.3
10;2021-03-23;1245;87;35136;13523;11.3;4.4
10;2021-03-24;1307;51;36443;13574;11.8;4.4
10;2021-03-25;1677;223;38120;13797;12.3;4.5
10;2021-03-26;1429;113;39549;13910;12.8;4.5
10;2021-03-27;762;77;40311;13987;13.0;4.5
10;2021-03-28;1221;25;41532;14012;13.4;4.5
10;2021-03-29;648;303;42180;14315;13.6;4.6
10;2021-03-30;926;375;43106;14690;13.9;4.7
10;2021-03-31;616;359;43722;15049;14.1;4.9
10;2021-04-01;882;679;44604;15728;14.4;5.1
10;2021-04-02;1068;584;45672;16312;14.7;5.3
10;2021-04-03;540;609;46212;16921;14.9;5.5
10;2021-04-04;1823;251;48035;17172;15.5;5.5
10;2021-04-05;1843;31;49878;17203;16.1;5.6
10;2021-04-06;514;648;50392;17851;16.3;5.8
10;2021-04-07;589;538;50981;18389;16.5;5.9
10;2021-04-08;1057;598;52038;18987;16.8;6.1
10;2021-04-09;1129;608;53167;19595;17.2;6.3
10;2021-04-10;1770;347;54937;19942;17.7;6.4
10;2021-04-11;55;1224;54992;21166;17.7;6.8
10;2021-04-12;1004;808;55996;21974;18.1;7.1
10;2021-04-13;1503;878;57499;22852;18.6;7.4
10;2021-04-14;806;594;58305;23446;18.8;7.6
10;2021-04-15;1418;887;59723;24333;19.3;7.9
10;2021-04-16;1104;695;60827;25028;19.6;8.1
10;2021-04-17;2391;352;63218;25380;20.4;8.2
10;2021-04-18;1421;1780;64639;27160;20.9;8.8
10;2021-04-19;835;836;65474;27996;21.1;9.0
10;2021-04-20;545;1035;66019;29031;21.3;9.4
10;2021-04-21;637;984;66656;30015;21.5;9.7
10;2021-04-22;933;969;67589;30984;21.8;10.0
10;2021-04-23;2171;770;69760;31754;22.5;10.2
10;2021-04-24;2296;369;72056;32123;23.3;10.4
10;2021-04-25;1989;1213;74045;33336;23.9;10.8
10;2021-04-26;773;617;74818;33953;24.1;11.0
10;2021-04-27;895;534;75713;34487;24.4;11.1
10;2021-04-28;873;401;76586;34888;24.7;11.3
10;2021-04-29;1433;669;78019;35557;25.2;11.5
10;2021-04-30;2171;758;80190;36315;25.9;11.7
10;2021-05-01;1987;2164;82177;38479;26.5;12.4
10;2021-05-02;1949;1893;84126;40372;27.1;13.0
10;2021-05-03;621;445;84747;40817;27.3;13.2
10;2021-05-04;1145;1248;85892;42065;27.7;13.6
10;2021-05-05;1753;1017;87645;43082;28.3;13.9
10;2021-05-06;2252;933;89897;44015;29.0;14.2
10;2021-05-07;2211;1127;92108;45142;29.7;14.6
10;2021-05-08;2268;855;94376;45997;30.5;14.8
10;2021-05-09;2005;99;96381;46096;31.1;14.9
10;2021-05-10;528;1092;96909;47188;31.3;15.2
10;2021-05-11;1052;1020;97961;48208;31.6;15.6
10;2021-05-12;2062;882;100023;49090;32.3;15.8
10;2021-05-13;2181;431;102204;49521;33.0;16.0
10;2021-05-14;2729;662;104933;50183;33.9;16.2
10;2021-05-15;2427;2034;107360;52217;34.6;16.8
10;2021-05-16;2081;1448;109441;53665;35.3;17.3
10;2021-05-17;1450;438;110891;54103;35.8;17.5
10;2021-05-18;2510;631;113401;54734;36.6;17.7
10;2021-05-19;1553;638;114954;55372;37.1;17.9
10;2021-05-20;1891;848;116845;56220;37.7;18.1
10;2021-05-21;2318;615;119163;56835;38.5;18.3
10;2021-05-22;2181;420;121344;57255;39.2;18.5
10;2021-05-23;1817;138;123161;57393;39.7;18.5
10;2021-05-24;1968;178;125129;57571;40.4;18.6
10;2021-05-25;2193;486;127322;58057;41.1;18.7
10;2021-05-26;1676;419;128998;58476;41.6;18.9
10;2021-05-27;1659;753;130657;59229;42.2;19.1
10;2021-05-28;1719;1183;132376;60412;42.7;19.5
10;2021-05-29;2170;637;134546;61049;43.4;19.7
10;2021-05-30;1029;133;135575;61182;43.7;19.7
10;2021-05-31;1038;747;136613;61929;44.1;20.0
10;2021-06-01;1132;884;137745;62813;44.4;20.3
10;2021-06-02;1032;713;138777;63526;44.8;20.5
10;2021-06-03;1472;1069;140249;64595;45.3;20.8
10;2021-06-04;1768;2600;142017;67195;45.8;21.7
10;2021-06-05;1511;2450;143528;69645;46.3;22.5
10;2021-06-06;1004;1872;144532;71517;46.6;23.1
10;2021-06-07;698;1112;145230;72629;46.9;23.4
10;2021-06-08;892;1168;146122;73797;47.2;23.8
10;2021-06-09;875;909;146997;74706;47.4;24.1
10;2021-06-10;675;1070;147672;75776;47.7;24.5
10;2021-06-11;1199;2210;148871;77986;48.0;25.2
10;2021-06-12;855;2385;149726;80371;48.3;25.9
10;2021-06-13;400;1838;150126;82209;48.4;26.5
10;2021-06-14;534;740;150660;82949;48.6;26.8
10;2021-06-15;739;2131;151399;85080;48.9;27.5
10;2021-06-16;740;1854;152139;86934;49.1;28.1
10;2021-06-17;846;2459;152985;89393;49.4;28.8
10;2021-06-18;1031;2473;154016;91866;49.7;29.6
10;2021-06-19;978;2595;154994;94461;50.0;30.5
10;2021-06-20;549;1601;155543;96062;50.2;31.0
10;2021-06-21;679;1045;156222;97107;50.4;31.3
10;2021-06-22;740;1524;156962;98631;50.6;31.8
10;2021-06-23;642;2409;157604;101040;50.9;32.6
10;2021-06-24;780;2618;158384;103658;51.1;33.4
10;2021-06-25;731;3038;159115;106696;51.3;34.4
10;2021-06-26;513;2744;159628;109440;51.5;35.3
10;2021-06-27;402;1941;160030;111381;51.6;35.9
10;2021-06-28;682;1786;160712;113167;51.9;36.5
10;2021-06-29;614;2696;161326;115863;52.1;37.4
10;2021-06-30;532;1526;161858;117389;52.2;37.9
10;2021-07-01;546;2174;162404;119563;52.4;38.6
10;2021-07-02;662;2729;163066;122292;52.6;39.5
10;2021-07-03;521;2598;163587;124890;52.8;40.3
10;2021-07-04;409;1730;163996;126620;52.9;40.9
10;2021-07-05;665;2221;164661;128841;53.1;41.6
10;2021-07-06;647;2185;165308;131026;53.3;42.3
10;2021-07-07;629;1701;165937;132727;53.5;42.8
10;2021-07-08;744;1454;166681;134181;53.8;43.3
10;2021-07-09;814;1944;167495;136125;54.0;43.9
10;2021-07-10;631;2095;168126;138220;54.3;44.6
10;2021-07-11;500;1377;168626;139597;54.4;45.0
10;2021-07-12;776;1622;169402;141219;54.7;45.6
10;2021-07-13;1120;1874;170522;143093;55.0;46.2
10;2021-07-14;1171;1055;171693;144148;55.4;46.5
10;2021-07-15;1469;1978;173162;146126;55.9;47.2
10;2021-07-16;1239;2271;174401;148397;56.3;47.9
10;2021-07-17;1281;1732;175682;150129;56.7;48.4
10;2021-07-18;942;1218;176624;151347;57.0;48.8
10;2021-07-19;1356;1612;177980;152959;57.4;49.4
10;2021-07-20;1680;1423;179660;154382;58.0;49.8
10;2021-07-21;1388;1481;181048;155863;58.4;50.3
10;2021-07-22;1926;1582;182974;157445;59.0;50.8
11;2020-12-27;0;0;0;0;0.0;0.0
11;2020-12-28;0;0;0;0;0.0;0.0
11;2020-12-29;0;0;0;0;0.0;0.0
11;2020-12-30;0;0;0;0;0.0;0.0
11;2020-12-31;0;0;0;0;0.0;0.0
11;2021-01-01;0;0;0;0;0.0;0.0
11;2021-01-02;2;0;2;0;0.0;0.0
11;2021-01-03;0;0;2;0;0.0;0.0
11;2021-01-04;0;0;2;0;0.0;0.0
11;2021-01-05;94;0;96;0;0.0;0.0
11;2021-01-06;25;0;121;0;0.0;0.0
11;2021-01-07;117;0;238;0;0.1;0.0
11;2021-01-08;90;1;328;1;0.1;0.0
11;2021-01-09;86;0;414;1;0.1;0.0
11;2021-01-10;67;0;481;1;0.1;0.0
11;2021-01-11;136;0;617;1;0.2;0.0
11;2021-01-12;544;3;1161;4;0.3;0.0
11;2021-01-13;410;0;1571;4;0.4;0.0
11;2021-01-14;642;6;2213;10;0.6;0.0
11;2021-01-15;342;4;2555;14;0.7;0.0
11;2021-01-16;77;1;2632;15;0.7;0.0
11;2021-01-17;46;1;2678;16;0.7;0.0
11;2021-01-18;387;0;3065;16;0.8;0.0
11;2021-01-19;516;3;3581;19;1.0;0.0
11;2021-01-20;676;5;4257;24;1.1;0.0
11;2021-01-21;644;1;4901;25;1.3;0.0
11;2021-01-22;524;1;5425;26;1.5;0.0
11;2021-01-23;155;0;5580;26;1.5;0.0
11;2021-01-24;139;0;5719;26;1.5;0.0
11;2021-01-25;372;20;6091;46;1.6;0.0
11;2021-01-26;837;83;6928;129;1.9;0.0
11;2021-01-27;789;23;7717;152;2.1;0.0
11;2021-01-28;641;62;8358;214;2.2;0.1
11;2021-01-29;432;124;8790;338;2.4;0.1
11;2021-01-30;128;0;8918;338;2.4;0.1
11;2021-01-31;79;0;8997;338;2.4;0.1
11;2021-02-01;344;196;9341;534;2.5;0.1
11;2021-02-02;404;407;9745;941;2.6;0.3
11;2021-02-03;388;353;10133;1294;2.7;0.3
11;2021-02-04;372;497;10505;1791;2.8;0.5
11;2021-02-05;308;337;10813;2128;2.9;0.6
11;2021-02-06;204;61;11017;2189;3.0;0.6
11;2021-02-07;108;13;11125;2202;3.0;0.6
11;2021-02-08;311;161;11436;2363;3.1;0.6
11;2021-02-09;294;280;11730;2643;3.1;0.7
11;2021-02-10;330;447;12060;3090;3.2;0.8
11;2021-02-11;609;631;12669;3721;3.4;1.0
11;2021-02-12;397;378;13066;4099;3.5;1.1
11;2021-02-13;191;120;13257;4219;3.6;1.1
11;2021-02-14;65;27;13322;4246;3.6;1.1
11;2021-02-15;238;210;13560;4456;3.6;1.2
11;2021-02-16;261;514;13821;4970;3.7;1.3
11;2021-02-17;451;619;14272;5589;3.8;1.5
11;2021-02-18;456;576;14728;6165;4.0;1.7
11;2021-02-19;300;540;15028;6705;4.0;1.8
11;2021-02-20;146;75;15174;6780;4.1;1.8
11;2021-02-21;57;45;15231;6825;4.1;1.8
11;2021-02-22;122;333;15353;7158;4.1;1.9
11;2021-02-23;283;324;15636;7482;4.2;2.0
11;2021-02-24;250;374;15886;7856;4.3;2.1
11;2021-02-25;559;325;16445;8181;4.4;2.2
11;2021-02-26;523;321;16968;8502;4.6;2.3
11;2021-02-27;318;98;17286;8600;4.6;2.3
11;2021-02-28;95;24;17381;8624;4.7;2.3
11;2021-03-01;339;320;17720;8944;4.8;2.4
11;2021-03-02;562;389;18282;9333;4.9;2.5
11;2021-03-03;599;434;18881;9767;5.1;2.6
11;2021-03-04;1075;407;19956;10174;5.4;2.7
11;2021-03-05;1002;408;20958;10582;5.6;2.8
11;2021-03-06;1093;201;22051;10783;5.9;2.9
11;2021-03-07;657;34;22708;10817;6.1;2.9
11;2021-03-08;378;351;23086;11168;6.2;3.0
11;2021-03-09;994;393;24080;11561;6.5;3.1
11;2021-03-10;1169;548;25249;12109;6.8;3.2
11;2021-03-11;1570;439;26819;12548;7.2;3.4
11;2021-03-12;1453;438;28272;12986;7.6;3.5
11;2021-03-13;1157;236;29429;13222;7.9;3.5
11;2021-03-14;524;49;29953;13271;8.0;3.6
11;2021-03-15;650;241;30603;13512;8.2;3.6
11;2021-03-16;852;199;31455;13711;8.4;3.7
11;2021-03-17;907;219;32362;13930;8.7;3.7
11;2021-03-18;1172;283;33534;14213;9.0;3.8
11;2021-03-19;1369;241;34903;14454;9.4;3.9
11;2021-03-20;786;169;35689;14623;9.6;3.9
11;2021-03-21;225;65;35914;14688;9.6;3.9
11;2021-03-22;809;215;36723;14903;9.9;4.0
11;2021-03-23;1799;389;38522;15292;10.3;4.1
11;2021-03-24;1835;315;40357;15607;10.8;4.2
11;2021-03-25;2190;368;42547;15975;11.4;4.3
11;2021-03-26;2120;440;44667;16415;12.0;4.4
11;2021-03-27;1177;143;45844;16558;12.3;4.4
11;2021-03-28;264;41;46108;16599;12.4;4.5
11;2021-03-29;1181;217;47289;16816;12.7;4.5
11;2021-03-30;1990;317;49279;17133;13.2;4.6
11;2021-03-31;1609;379;50888;17512;13.7;4.7
11;2021-04-01;2145;423;53033;17935;14.2;4.8
11;2021-04-02;1640;428;54673;18363;14.7;4.9
11;2021-04-03;718;143;55391;18506;14.9;5.0
11;2021-04-04;198;73;55589;18579;14.9;5.0
11;2021-04-05;257;4;55846;18583;15.0;5.0
11;2021-04-06;1570;547;57416;19130;15.4;5.1
11;2021-04-07;1776;571;59192;19701;15.9;5.3
11;2021-04-08;1784;680;60976;20381;16.4;5.5
11;2021-04-09;2258;593;63234;20974;17.0;5.6
11;2021-04-10;1168;175;64402;21149;17.3;5.7
11;2021-04-11;545;107;64947;21256;17.4;5.7
11;2021-04-12;1610;521;66557;21777;17.9;5.8
11;2021-04-13;2258;879;68815;22656;18.5;6.1
11;2021-04-14;1658;1006;70473;23662;18.9;6.3
11;2021-04-15;1837;1124;72310;24786;19.4;6.7
11;2021-04-16;1833;843;74143;25629;19.9;6.9
11;2021-04-17;1771;559;75914;26188;20.4;7.0
11;2021-04-18;114;155;76028;26343;20.4;7.1
11;2021-04-19;1380;734;77408;27077;20.8;7.3
11;2021-04-20;1726;1283;79134;28360;21.2;7.6
11;2021-04-21;1781;1312;80915;29672;21.7;8.0
11;2021-04-22;1747;1320;82662;30992;22.2;8.3
11;2021-04-23;2005;1223;84667;32215;22.7;8.6
11;2021-04-24;1734;467;86401;32682;23.2;8.8
11;2021-04-25;658;178;87059;32860;23.4;8.8
11;2021-04-26;1376;834;88435;33694;23.7;9.0
11;2021-04-27;1833;1544;90268;35238;24.2;9.5
11;2021-04-28;2000;1464;92268;36702;24.8;9.8
11;2021-04-29;2246;1633;94514;38335;25.4;10.3
11;2021-04-30;2149;1420;96663;39755;25.9;10.7
11;2021-05-01;1336;341;97999;40096;26.3;10.8
11;2021-05-02;583;335;98582;40431;26.5;10.8
11;2021-05-03;1486;737;100068;41168;26.8;11.0
11;2021-05-04;1876;1427;101944;42595;27.4;11.4
11;2021-05-05;1889;1432;103833;44027;27.9;11.8
11;2021-05-06;2189;1471;106022;45498;28.4;12.2
11;2021-05-07;2099;1554;108121;47052;29.0;12.6
11;2021-05-08;892;725;109013;47777;29.2;12.8
11;2021-05-09;627;544;109640;48321;29.4;13.0
11;2021-05-10;1325;1649;110965;49970;29.8;13.4
11;2021-05-11;2034;1859;112999;51829;30.3;13.9
11;2021-05-12;1830;1630;114829;53459;30.8;14.3
11;2021-05-13;1405;413;116234;53872;31.2;14.5
11;2021-05-14;1712;1186;117946;55058;31.6;14.8
11;2021-05-15;1156;901;119102;55959;32.0;15.0
11;2021-05-16;806;163;119908;56122;32.2;15.1
11;2021-05-17;1468;1047;121376;57169;32.6;15.3
11;2021-05-18;1899;1198;123275;58367;33.1;15.7
11;2021-05-19;1848;1119;125123;59486;33.6;16.0
11;2021-05-20;1968;1091;127091;60577;34.1;16.3
11;2021-05-21;2274;1087;129365;61664;34.7;16.5
11;2021-05-22;1483;723;130848;62387;35.1;16.7
11;2021-05-23;768;68;131616;62455;35.3;16.8
11;2021-05-24;1410;226;133026;62681;35.7;16.8
11;2021-05-25;1810;1354;134836;64035;36.2;17.2
11;2021-05-26;1932;1306;136768;65341;36.7;17.5
11;2021-05-27;1984;1720;138752;67061;37.2;18.0
11;2021-05-28;1758;1891;140510;68952;37.7;18.5
11;2021-05-29;1426;1596;141936;70548;38.1;18.9
11;2021-05-30;485;395;142421;70943;38.2;19.0
11;2021-05-31;1259;1620;143680;72563;38.6;19.5
11;2021-06-01;1855;1905;145535;74468;39.0;20.0
11;2021-06-02;1758;2075;147293;76543;39.5;20.5
11;2021-06-03;2596;2410;149889;78953;40.2;21.2
11;2021-06-04;2143;2668;152032;81621;40.8;21.9
11;2021-06-05;1588;1903;153620;83524;41.2;22.4
11;2021-06-06;876;861;154496;84385;41.5;22.6
11;2021-06-07;1526;1713;156022;86098;41.9;23.1
11;2021-06-08;2033;1990;158055;88088;42.4;23.6
11;2021-06-09;1783;2190;159838;90278;42.9;24.2
11;2021-06-10;1806;2426;161644;92704;43.4;24.9
11;2021-06-11;1859;2489;163503;95193;43.9;25.5
11;2021-06-12;1452;1623;164955;96816;44.3;26.0
11;2021-06-13;711;722;165666;97538;44.4;26.2
11;2021-06-14;1031;1969;166697;99507;44.7;26.7
11;2021-06-15;1389;2685;168086;102192;45.1;27.4
11;2021-06-16;1332;2531;169418;104723;45.5;28.1
11;2021-06-17;1458;2536;170876;107259;45.8;28.8
11;2021-06-18;1514;2493;172390;109752;46.3;29.4
11;2021-06-19;1233;1405;173623;111157;46.6;29.8
11;2021-06-20;299;600;173922;111757;46.7;30.0
11;2021-06-21;839;2121;174761;113878;46.9;30.6
11;2021-06-22;1012;2602;175773;116480;47.2;31.3
11;2021-06-23;1092;2083;176865;118563;47.5;31.8
11;2021-06-24;901;2248;177766;120811;47.7;32.4
11;2021-06-25;976;2539;178742;123350;48.0;33.1
11;2021-06-26;770;1653;179512;125003;48.2;33.5
11;2021-06-27;208;687;179720;125690;48.2;33.7
11;2021-06-28;694;2301;180414;127991;48.4;34.3
11;2021-06-29;953;2595;181367;130586;48.7;35.0
11;2021-06-30;892;2516;182259;133102;48.9;35.7
11;2021-07-01;988;1885;183247;134987;49.2;36.2
11;2021-07-02;959;2537;184206;137524;49.4;36.9
11;2021-07-03;726;1801;184932;139325;49.6;37.4
11;2021-07-04;335;1109;185267;140434;49.7;37.7
11;2021-07-05;692;2128;185959;142562;49.9;38.3
11;2021-07-06;964;2520;186923;145082;50.2;38.9
11;2021-07-07;928;2514;187851;147596;50.4;39.6
11;2021-07-08;1178;1899;189029;149495;50.7;40.1
11;2021-07-09;821;1789;189850;151284;50.9;40.6
11;2021-07-10;366;1300;190216;152584;51.0;40.9
11;2021-07-11;311;560;190527;153144;51.1;41.1
11;2021-07-12;493;2665;191020;155809;51.3;41.8
11;2021-07-13;1293;3065;192313;158874;51.6;42.6
11;2021-07-14;205;234;192518;159108;51.7;42.7
11;2021-07-15;1405;2955;193923;162063;52.0;43.5
11;2021-07-16;1832;2719;195755;164782;52.5;44.2
11;2021-07-17;1073;2159;196828;166941;52.8;44.8
11;2021-07-18;650;940;197478;167881;53.0;45.0
11;2021-07-19;1322;2084;198800;169965;53.3;45.6
11;2021-07-20;1967;2399;200767;172364;53.9;46.2
11;2021-07-21;1936;2408;202703;174772;54.4;46.9
11;2021-07-22;2348;1844;205051;176616;55.0;47.4
12;2020-12-27;0;0;0;0;0.0;0.0
12;2020-12-28;0;0;0;0;0.0;0.0
12;2020-12-29;0;0;0;0;0.0;0.0
12;2020-12-30;0;0;0;0;0.0;0.0
12;2020-12-31;0;0;0;0;0.0;0.0
12;2021-01-01;0;0;0;0;0.0;0.0
12;2021-01-02;0;0;0;0;0.0;0.0
12;2021-01-03;0;0;0;0;0.0;0.0
12;2021-01-04;1;0;1;0;0.0;0.0
12;2021-01-05;0;0;1;0;0.0;0.0
12;2021-01-06;13;0;14;0;0.0;0.0
12;2021-01-07;202;0;216;0;0.1;0.0
12;2021-01-08;64;0;280;0;0.1;0.0
12;2021-01-09;0;0;280;0;0.1;0.0
12;2021-01-10;1;0;281;0;0.1;0.0
12;2021-01-11;99;0;380;0;0.1;0.0
12;2021-01-12;360;1;740;1;0.3;0.0
12;2021-01-13;285;0;1025;1;0.4;0.0
12;2021-01-14;589;9;1614;10;0.6;0.0
12;2021-01-15;366;10;1980;20;0.7;0.0
12;2021-01-16;138;2;2118;22;0.8;0.0
12;2021-01-17;0;0;2118;22;0.8;0.0
12;2021-01-18;452;0;2570;22;0.9;0.0
12;2021-01-19;602;3;3172;25;1.1;0.0
12;2021-01-20;877;2;4049;27;1.5;0.0
12;2021-01-21;722;0;4771;27;1.7;0.0
12;2021-01-22;798;1;5569;28;2.0;0.0
12;2021-01-23;381;0;5950;28;2.1;0.0
12;2021-01-24;0;0;5950;28;2.1;0.0
12;2021-01-25;451;0;6401;28;2.3;0.0
12;2021-01-26;648;0;7049;28;2.5;0.0
12;2021-01-27;1876;16;8925;44;3.2;0.0
12;2021-01-28;1882;210;10807;254;3.9;0.1
12;2021-01-29;1329;43;12136;297;4.4;0.1
12;2021-01-30;359;2;12495;299;4.5;0.1
12;2021-01-31;0;0;12495;299;4.5;0.1
12;2021-02-01;333;89;12828;388;4.6;0.1
12;2021-02-02;457;243;13285;631;4.8;0.2
12;2021-02-03;457;166;13742;797;4.9;0.3
12;2021-02-04;453;522;14195;1319;5.1;0.5
12;2021-02-05;447;183;14642;1502;5.3;0.5
12;2021-02-06;219;68;14861;1570;5.3;0.6
12;2021-02-07;8;0;14869;1570;5.3;0.6
12;2021-02-08;105;316;14974;1886;5.4;0.7
12;2021-02-09;207;341;15181;2227;5.5;0.8
12;2021-02-10;464;471;15645;2698;5.6;1.0
12;2021-02-11;538;344;16183;3042;5.8;1.1
12;2021-02-12;570;343;16753;3385;6.0;1.2
12;2021-02-13;175;133;16928;3518;6.1;1.3
12;2021-02-14;0;0;16928;3518;6.1;1.3
12;2021-02-15;173;380;17101;3898;6.1;1.4
12;2021-02-16;168;512;17269;4410;6.2;1.6
12;2021-02-17;363;1436;17632;5846;6.3;2.1
12;2021-02-18;671;1655;18303;7501;6.6;2.7
12;2021-02-19;593;970;18896;8471;6.8;3.0
12;2021-02-20;102;397;18998;8868;6.8;3.2
12;2021-02-21;0;0;18998;8868;6.8;3.2
12;2021-02-22;149;404;19147;9272;6.9;3.3
12;2021-02-23;157;561;19304;9833;6.9;3.5
12;2021-02-24;157;689;19461;10522;7.0;3.8
12;2021-02-25;198;767;19659;11289;7.1;4.1
12;2021-02-26;320;654;19979;11943;7.2;4.3
12;2021-02-27;190;350;20169;12293;7.2;4.4
12;2021-02-28;12;0;20181;12293;7.2;4.4
12;2021-03-01;50;350;20231;12643;7.3;4.5
12;2021-03-02;190;504;20421;13147;7.3;4.7
12;2021-03-03;243;388;20664;13535;7.4;4.9
12;2021-03-04;277;361;20941;13896;7.5;5.0
12;2021-03-05;421;367;21362;14263;7.7;5.1
12;2021-03-06;793;122;22155;14385;8.0;5.2
12;2021-03-07;140;31;22295;14416;8.0;5.2
12;2021-03-08;234;210;22529;14626;8.1;5.3
12;2021-03-09;716;234;23245;14860;8.4;5.3
12;2021-03-10;782;730;24027;15590;8.6;5.6
12;2021-03-11;916;649;24943;16239;9.0;5.8
12;2021-03-12;1253;518;26196;16757;9.4;6.0
12;2021-03-13;896;132;27092;16889;9.7;6.1
12;2021-03-14;45;2;27137;16891;9.7;6.1
12;2021-03-15;558;152;27695;17043;9.9;6.1
12;2021-03-16;817;157;28512;17200;10.2;6.2
12;2021-03-17;1503;159;30015;17359;10.8;6.2
12;2021-03-18;993;248;31008;17607;11.1;6.3
12;2021-03-19;1378;269;32386;17876;11.6;6.4
12;2021-03-20;724;79;33110;17955;11.9;6.5
12;2021-03-21;262;10;33372;17965;12.0;6.5
12;2021-03-22;606;172;33978;18137;12.2;6.5
12;2021-03-23;1214;171;35192;18308;12.6;6.6
12;2021-03-24;1421;194;36613;18502;13.2;6.6
12;2021-03-25;1843;197;38456;18699;13.8;6.7
12;2021-03-26;1976;217;40432;18916;14.5;6.8
12;2021-03-27;978;64;41410;18980;14.9;6.8
12;2021-03-28;60;1;41470;18981;14.9;6.8
12;2021-03-29;960;77;42430;19058;15.2;6.8
12;2021-03-30;1734;113;44164;19171;15.9;6.9
12;2021-03-31;1459;93;45623;19264;16.4;6.9
12;2021-04-01;1958;144;47581;19408;17.1;7.0
12;2021-04-02;1614;334;49195;19742;17.7;7.1
12;2021-04-03;882;93;50077;19835;18.0;7.1
12;2021-04-04;1;0;50078;19835;18.0;7.1
12;2021-04-05;645;11;50723;19846;18.2;7.1
12;2021-04-06;1153;536;51876;20382;18.6;7.3
12;2021-04-07;1649;625;53525;21007;19.2;7.5
12;2021-04-08;2095;548;55620;21555;20.0;7.7
12;2021-04-09;2107;624;57727;22179;20.7;8.0
12;2021-04-10;1427;215;59154;22394;21.3;8.0
12;2021-04-11;120;1;59274;22395;21.3;8.0
12;2021-04-12;1836;500;61110;22895;22.0;8.2
12;2021-04-13;1904;770;63014;23665;22.6;8.5
12;2021-04-14;1830;1316;64844;24981;23.3;9.0
12;2021-04-15;1938;896;66782;25877;24.0;9.3
12;2021-04-16;1674;1195;68456;27072;24.6;9.7
12;2021-04-17;1554;563;70010;27635;25.2;9.9
12;2021-04-18;0;0;70010;27635;25.2;9.9
12;2021-04-19;1686;546;71696;28181;25.8;10.1
12;2021-04-20;1546;980;73242;29161;26.3;10.5
12;2021-04-21;1687;1179;74929;30340;26.9;10.9
12;2021-04-22;1689;1093;76618;31433;27.5;11.3
12;2021-04-23;1382;1326;78000;32759;28.0;11.8
12;2021-04-24;1452;718;79452;33477;28.5;12.0
12;2021-04-25;59;0;79511;33477;28.6;12.0
12;2021-04-26;1459;897;80970;34374;29.1;12.3
12;2021-04-27;1319;1276;82289;35650;29.6;12.8
12;2021-04-28;1113;1867;83402;37517;30.0;13.5
12;2021-04-29;1569;1909;84971;39426;30.5;14.2
12;2021-04-30;1812;1818;86783;41244;31.2;14.8
12;2021-05-01;1614;259;88397;41503;31.8;14.9
12;2021-05-02;1;0;88398;41503;31.8;14.9
12;2021-05-03;1712;1244;90110;42747;32.4;15.4
12;2021-05-04;1480;1389;91590;44136;32.9;15.9
12;2021-05-05;1290;1675;92880;45811;33.4;16.5
12;2021-05-06;1752;1377;94632;47188;34.0;17.0
12;2021-05-07;1478;1773;96110;48961;34.5;17.6
12;2021-05-08;1329;459;97439;49420;35.0;17.8
12;2021-05-09;13;34;97452;49454;35.0;17.8
12;2021-05-10;826;2216;98278;51670;35.3;18.6
12;2021-05-11;931;1852;99209;53522;35.6;19.2
12;2021-05-12;949;1821;100158;55343;36.0;19.9
12;2021-05-13;1586;810;101744;56153;36.6;20.2
12;2021-05-14;1236;1530;102980;57683;37.0;20.7
12;2021-05-15;1064;1112;104044;58795;37.4;21.1
12;2021-05-16;2;19;104046;58814;37.4;21.1
12;2021-05-17;1082;1811;105128;60625;37.8;21.8
12;2021-05-18;1426;1534;106554;62159;38.3;22.3
12;2021-05-19;1914;1327;108468;63486;39.0;22.8
12;2021-05-20;2112;870;110580;64356;39.7;23.1
12;2021-05-21;1823;1253;112403;65609;40.4;23.6
12;2021-05-22;1205;1013;113608;66622;40.8;23.9
12;2021-05-23;7;12;113615;66634;40.8;23.9
12;2021-05-24;1955;539;115570;67173;41.5;24.1
12;2021-05-25;1737;1160;117307;68333;42.1;24.5
12;2021-05-26;1997;777;119304;69110;42.9;24.8
12;2021-05-27;2159;740;121463;69850;43.6;25.1
12;2021-05-28;1928;1030;123391;70880;44.3;25.5
12;2021-05-29;1636;804;125027;71684;44.9;25.8
12;2021-05-30;9;43;125036;71727;44.9;25.8
12;2021-05-31;1700;814;126736;72541;45.5;26.1
12;2021-06-01;1889;1027;128625;73568;46.2;26.4
12;2021-06-02;1975;1047;130600;74615;46.9;26.8
12;2021-06-03;2119;829;132719;75444;47.7;27.1
12;2021-06-04;1966;1414;134685;76858;48.4;27.6
12;2021-06-05;1736;981;136421;77839;49.0;28.0
12;2021-06-06;5;6;136426;77845;49.0;28.0
12;2021-06-07;1089;1800;137515;79645;49.4;28.6
12;2021-06-08;1333;1201;138848;80846;49.9;29.0
12;2021-06-09;894;1286;139742;82132;50.2;29.5
12;2021-06-10;1015;917;140757;83049;50.6;29.8
12;2021-06-11;1196;2080;141953;85129;51.0;30.6
12;2021-06-12;1033;1317;142986;86446;51.4;31.1
12;2021-06-13;6;47;142992;86493;51.4;31.1
12;2021-06-14;660;1831;143652;88324;51.6;31.7
12;2021-06-15;746;1881;144398;90205;51.9;32.4
12;2021-06-16;820;1814;145218;92019;52.2;33.1
12;2021-06-17;672;990;145890;93009;52.4;33.4
12;2021-06-18;1131;1838;147021;94847;52.8;34.1
12;2021-06-19;913;1404;147934;96251;53.1;34.6
12;2021-06-20;2;10;147936;96261;53.1;34.6
12;2021-06-21;509;1738;148445;97999;53.3;35.2
12;2021-06-22;500;1478;148945;99477;53.5;35.7
12;2021-06-23;578;1307;149523;100784;53.7;36.2
12;2021-06-24;244;543;149767;101327;53.8;36.4
12;2021-06-25;869;1835;150636;103162;54.1;37.1
12;2021-06-26;671;1527;151307;104689;54.4;37.6
12;2021-06-27;0;9;151307;104698;54.4;37.6
12;2021-06-28;468;2453;151775;107151;54.5;38.5
12;2021-06-29;563;1959;152338;109110;54.7;39.2
12;2021-06-30;829;2133;153167;111243;55.0;40.0
12;2021-07-01;340;1084;153507;112327;55.1;40.4
12;2021-07-02;783;2623;154290;114950;55.4;41.3
12;2021-07-03;561;1870;154851;116820;55.6;42.0
12;2021-07-04;0;0;154851;116820;55.6;42.0
12;2021-07-05;436;2410;155287;119230;55.8;42.8
12;2021-07-06;638;2503;155925;121733;56.0;43.7
12;2021-07-07;682;2120;156607;123853;56.3;44.5
12;2021-07-08;291;913;156898;124766;56.4;44.8
12;2021-07-09;714;2593;157612;127359;56.6;45.8
12;2021-07-10;442;2076;158054;129435;56.8;46.5
12;2021-07-11;0;0;158054;129435;56.8;46.5
12;2021-07-12;578;2442;158632;131877;57.0;47.4
12;2021-07-13;833;2590;159465;134467;57.3;48.3
12;2021-07-14;43;25;159508;134492;57.3;48.3
12;2021-07-15;787;2107;160295;136599;57.6;49.1
12;2021-07-16;1237;2553;161532;139152;58.0;50.0
12;2021-07-17;782;2007;162314;141159;58.3;50.7
12;2021-07-18;22;11;162336;141170;58.3;50.7
12;2021-07-19;1306;1999;163642;143169;58.8;51.4
12;2021-07-20;1416;1473;165058;144642;59.3;52.0
12;2021-07-21;1002;934;166060;145576;59.7;52.3
12;2021-07-22;2197;1281;168257;146857;60.4;52.8
13;2020-12-27;1;0;1;0;0.0;0.0
13;2020-12-28;1;0;2;0;0.0;0.0
13;2020-12-29;0;0;2;0;0.0;0.0
13;2020-12-30;0;0;2;0;0.0;0.0
13;2020-12-31;0;0;2;0;0.0;0.0
13;2021-01-01;3;0;5;0;0.0;0.0
13;2021-01-02;3;0;8;0;0.0;0.0
13;2021-01-03;0;0;8;0;0.0;0.0
13;2021-01-04;0;0;8;0;0.0;0.0
13;2021-01-05;75;0;83;0;0.0;0.0
13;2021-01-06;118;0;201;0;0.0;0.0
13;2021-01-07;173;1;374;1;0.0;0.0
13;2021-01-08;185;0;559;1;0.0;0.0
13;2021-01-09;10;0;569;1;0.0;0.0
13;2021-01-10;2;0;571;1;0.0;0.0
13;2021-01-11;480;2;1051;3;0.1;0.0
13;2021-01-12;812;1;1863;4;0.1;0.0
13;2021-01-13;1083;1;2946;5;0.1;0.0
13;2021-01-14;1562;18;4508;23;0.2;0.0
13;2021-01-15;1526;6;6034;29;0.3;0.0
13;2021-01-16;407;2;6441;31;0.3;0.0
13;2021-01-17;38;0;6479;31;0.3;0.0
13;2021-01-18;2368;9;8847;40;0.4;0.0
13;2021-01-19;7395;26;16242;66;0.8;0.0
13;2021-01-20;5542;16;21784;82;1.1;0.0
13;2021-01-21;5338;22;27122;104;1.3;0.0
13;2021-01-22;3981;16;31103;120;1.5;0.0
13;2021-01-23;1334;5;32437;125;1.6;0.0
13;2021-01-24;487;3;32924;128;1.6;0.0
13;2021-01-25;2328;24;35252;152;1.7;0.0
13;2021-01-26;2945;89;38197;241;1.9;0.0
13;2021-01-27;3108;120;41305;361;2.0;0.0
13;2021-01-28;3230;189;44535;550;2.2;0.0
13;2021-01-29;2505;122;47040;672;2.3;0.0
13;2021-01-30;1018;7;48058;679;2.4;0.0
13;2021-01-31;246;0;48304;679;2.4;0.0
13;2021-02-01;1852;297;50156;976;2.5;0.0
13;2021-02-02;2253;614;52409;1590;2.6;0.1
13;2021-02-03;1857;579;54266;2169;2.7;0.1
13;2021-02-04;1896;929;56162;3098;2.8;0.2
13;2021-02-05;2624;1559;58786;4657;2.9;0.2
13;2021-02-06;842;314;59628;4971;2.9;0.2
13;2021-02-07;274;6;59902;4977;2.9;0.2
13;2021-02-08;1894;1548;61796;6525;3.0;0.3
13;2021-02-09;3301;4452;65097;10977;3.2;0.5
13;2021-02-10;3205;3428;68302;14405;3.4;0.7
13;2021-02-11;3564;3579;71866;17984;3.5;0.9
13;2021-02-12;2825;3154;74691;21138;3.7;1.0
13;2021-02-13;728;597;75419;21735;3.7;1.1
13;2021-02-14;70;378;75489;22113;3.7;1.1
13;2021-02-15;963;2036;76452;24149;3.8;1.2
13;2021-02-16;1390;2646;77842;26795;3.8;1.3
13;2021-02-17;1343;3010;79185;29805;3.9;1.5
13;2021-02-18;1890;2688;81075;32493;4.0;1.6
13;2021-02-19;1512;2193;82587;34686;4.1;1.7
13;2021-02-20;456;787;83043;35473;4.1;1.7
13;2021-02-21;29;286;83072;35759;4.1;1.8
13;2021-02-22;1021;2274;84093;38033;4.1;1.9
13;2021-02-23;1277;2684;85370;40717;4.2;2.0
13;2021-02-24;1504;2625;86874;43342;4.3;2.1
13;2021-02-25;2381;2154;89255;45496;4.4;2.2
13;2021-02-26;2454;2115;91709;47611;4.5;2.3
13;2021-02-27;980;746;92689;48357;4.6;2.4
13;2021-02-28;192;203;92881;48560;4.6;2.4
13;2021-03-01;1909;1533;94790;50093;4.7;2.5
13;2021-03-02;3001;2611;97791;52704;4.8;2.6
13;2021-03-03;3474;2618;101265;55322;5.0;2.7
13;2021-03-04;4176;3153;105441;58475;5.2;2.9
13;2021-03-05;4042;2778;109483;61253;5.4;3.0
13;2021-03-06;5290;820;114773;62073;5.6;3.1
13;2021-03-07;4287;355;119060;62428;5.9;3.1
13;2021-03-08;3918;1987;122978;64415;6.0;3.2
13;2021-03-09;5059;2262;128037;66677;6.3;3.3
13;2021-03-10;5167;1953;133204;68630;6.5;3.4
13;2021-03-11;7289;2095;140493;70725;6.9;3.5
13;2021-03-12;8312;2047;148805;72772;7.3;3.6
13;2021-03-13;6366;694;155171;73466;7.6;3.6
13;2021-03-14;2309;138;157480;73604;7.7;3.6
13;2021-03-15;6344;1270;163824;74874;8.1;3.7
13;2021-03-16;5062;1501;168886;76375;8.3;3.8
13;2021-03-17;5170;1378;174056;77753;8.6;3.8
13;2021-03-18;5809;1840;179865;79593;8.8;3.9
13;2021-03-19;6792;1592;186657;81185;9.2;4.0
13;2021-03-20;4031;684;190688;81869;9.4;4.0
13;2021-03-21;716;80;191404;81949;9.4;4.0
13;2021-03-22;7285;1539;198689;83488;9.8;4.1
13;2021-03-23;9106;1713;207795;85201;10.2;4.2
13;2021-03-24;8838;2157;216633;87358;10.6;4.3
13;2021-03-25;10890;2059;227523;89417;11.2;4.4
13;2021-03-26;10699;1850;238222;91267;11.7;4.5
13;2021-03-27;4859;822;243081;92089;11.9;4.5
13;2021-03-28;1114;80;244195;92169;12.0;4.5
13;2021-03-29;7555;1963;251750;94132;12.4;4.6
13;2021-03-30;12585;2454;264335;96586;13.0;4.7
13;2021-03-31;10796;3084;275131;99670;13.5;4.9
13;2021-04-01;12240;3006;287371;102676;14.1;5.0
13;2021-04-02;9775;3843;297146;106519;14.6;5.2
13;2021-04-03;3999;2799;301145;109318;14.8;5.4
13;2021-04-04;625;305;301770;109623;14.8;5.4
13;2021-04-05;3516;710;305286;110333;15.0;5.4
13;2021-04-06;8497;4214;313783;114547;15.4;5.6
13;2021-04-07;10067;4637;323850;119184;15.9;5.9
13;2021-04-08;10094;5427;333944;124611;16.4;6.1
13;2021-04-09;11237;5075;345181;129686;17.0;6.4
13;2021-04-10;7288;2069;352469;131755;17.3;6.5
13;2021-04-11;1375;528;353844;132283;17.4;6.5
13;2021-04-12;7965;4757;361809;137040;17.8;6.7
13;2021-04-13;9131;5442;370940;142482;18.2;7.0
13;2021-04-14;9519;5773;380459;148255;18.7;7.3
13;2021-04-15;9859;5916;390318;154171;19.2;7.6
13;2021-04-16;9953;5526;400271;159697;19.7;7.8
13;2021-04-17;4070;2001;404341;161698;19.9;7.9
13;2021-04-18;2517;1416;406858;163114;20.0;8.0
13;2021-04-19;6439;6390;413297;169504;20.3;8.3
13;2021-04-20;7393;7582;420690;177086;20.7;8.7
13;2021-04-21;7758;7340;428448;184426;21.1;9.1
13;2021-04-22;8454;7892;436902;192318;21.5;9.5
13;2021-04-23;8342;6727;445244;199045;21.9;9.8
13;2021-04-24;4611;3808;449855;202853;22.1;10.0
13;2021-04-25;869;523;450724;203376;22.2;10.0
13;2021-04-26;6156;7104;456880;210480;22.5;10.3
13;2021-04-27;7245;8009;464125;218489;22.8;10.7
13;2021-04-28;9442;7686;473567;226175;23.3;11.1
13;2021-04-29;11391;7514;484958;233689;23.8;11.5
13;2021-04-30;10914;7284;495872;240973;24.4;11.8
13;2021-05-01;5369;3779;501241;244752;24.6;12.0
13;2021-05-02;2096;746;503337;245498;24.7;12.1
13;2021-05-03;7291;7843;510628;253341;25.1;12.5
13;2021-05-04;8432;8508;519060;261849;25.5;12.9
13;2021-05-05;8207;8950;527267;270799;25.9;13.3
13;2021-05-06;10131;8565;537398;279364;26.4;13.7
13;2021-05-07;8841;10012;546239;289376;26.8;14.2
13;2021-05-08;4563;3917;550802;293293;27.1;14.4
13;2021-05-09;935;684;551737;293977;27.1;14.4
13;2021-05-10;7706;8757;559443;302734;27.5;14.9
13;2021-05-11;10947;9560;570390;312294;28.0;15.4
13;2021-05-12;12835;8699;583225;320993;28.7;15.8
13;2021-05-13;9504;3619;592729;324612;29.1;16.0
13;2021-05-14;13649;6427;606378;331039;29.8;16.3
13;2021-05-15;10195;4523;616573;335562;30.3;16.5
13;2021-05-16;3122;788;619695;336350;30.5;16.5
13;2021-05-17;10836;6798;630531;343148;31.0;16.9
13;2021-05-18;11898;6444;642429;349592;31.6;17.2
13;2021-05-19;12149;6320;654578;355912;32.2;17.5
13;2021-05-20;13426;6433;668004;362345;32.8;17.8
13;2021-05-21;12971;6764;680975;369109;33.5;18.1
13;2021-05-22;7510;3629;688485;372738;33.8;18.3
13;2021-05-23;861;636;689346;373374;33.9;18.4
13;2021-05-24;6759;2472;696105;375846;34.2;18.5
13;2021-05-25;9266;7587;705371;383433;34.7;18.8
13;2021-05-26;10124;7837;715495;391270;35.2;19.2
13;2021-05-27;10339;8405;725834;399675;35.7;19.6
13;2021-05-28;8975;9155;734809;408830;36.1;20.1
13;2021-05-29;7170;4626;741979;413456;36.5;20.3
13;2021-05-30;888;527;742867;413983;36.5;20.3
13;2021-05-31;8182;8019;751049;422002;36.9;20.7
13;2021-06-01;9366;9293;760415;431295;37.4;21.2
13;2021-06-02;9694;8767;770109;440062;37.9;21.6
13;2021-06-03;12226;9462;782335;449524;38.5;22.1
13;2021-06-04;12018;10029;794353;459553;39.0;22.6
13;2021-06-05;7771;5571;802124;465124;39.4;22.9
13;2021-06-06;1666;881;803790;466005;39.5;22.9
13;2021-06-07;6668;9877;810458;475882;39.8;23.4
13;2021-06-08;8273;9976;818731;485858;40.2;23.9
13;2021-06-09;8312;9702;827043;495560;40.7;24.4
13;2021-06-10;8883;9735;835926;505295;41.1;24.8
13;2021-06-11;8196;12689;844122;517984;41.5;25.5
13;2021-06-12;5750;6695;849872;524679;41.8;25.8
13;2021-06-13;944;1211;850816;525890;41.8;25.8
13;2021-06-14;5958;11130;856774;537020;42.1;26.4
13;2021-06-15;7195;11387;863969;548407;42.5;27.0
13;2021-06-16;7239;9873;871208;558280;42.8;27.4
13;2021-06-17;7319;10685;878527;568965;43.2;28.0
13;2021-06-18;7402;11052;885929;580017;43.5;28.5
13;2021-06-19;4572;7468;890501;587485;43.8;28.9
13;2021-06-20;940;1040;891441;588525;43.8;28.9
13;2021-06-21;4419;12247;895860;600772;44.0;29.5
13;2021-06-22;4884;13859;900744;614631;44.3;30.2
13;2021-06-23;5036;13549;905780;628180;44.5;30.9
13;2021-06-24;5246;12825;911026;641005;44.8;31.5
13;2021-06-25;5114;14679;916140;655684;45.0;32.2
13;2021-06-26;2992;9665;919132;665349;45.2;32.7
13;2021-06-27;531;928;919663;666277;45.2;32.7
13;2021-06-28;3670;12552;923333;678829;45.4;33.4
13;2021-06-29;4359;12889;927692;691718;45.6;34.0
13;2021-06-30;4771;12678;932463;704396;45.8;34.6
13;2021-07-01;5313;11451;937776;715847;46.1;35.2
13;2021-07-02;5393;12368;943169;728215;46.4;35.8
13;2021-07-03;3456;9145;946625;737360;46.5;36.2
13;2021-07-04;466;868;947091;738228;46.6;36.3
13;2021-07-05;3650;11768;950741;749996;46.7;36.9
13;2021-07-06;5371;11656;956112;761652;47.0;37.4
13;2021-07-07;5530;10661;961642;772313;47.3;38.0
13;2021-07-08;6114;10253;967756;782566;47.6;38.5
13;2021-07-09;5819;11880;973575;794446;47.9;39.0
13;2021-07-10;3128;8619;976703;803065;48.0;39.5
13;2021-07-11;421;1008;977124;804073;48.0;39.5
13;2021-07-12;4411;10940;981535;815013;48.2;40.1
13;2021-07-13;8848;13065;990383;828078;48.7;40.7
13;2021-07-14;5561;4795;995944;832873;49.0;40.9
13;2021-07-15;11274;12796;1007218;845669;49.5;41.6
13;2021-07-16;12012;12770;1019230;858439;50.1;42.2
13;2021-07-17;6511;8378;1025741;866817;50.4;42.6
13;2021-07-18;709;1051;1026450;867868;50.5;42.7
13;2021-07-19;9697;11068;1036147;878936;50.9;43.2
13;2021-07-20;12131;11523;1048278;890459;51.5;43.8
13;2021-07-21;12454;10147;1060732;900606;52.1;44.3
13;2021-07-22;14215;10164;1074947;910770;52.8;44.8
14;2020-12-27;0;0;0;0;0.0;0.0
14;2020-12-28;1;0;1;0;0.0;0.0
14;2020-12-29;0;0;1;0;0.0;0.0
14;2020-12-30;0;0;1;0;0.0;0.0
14;2020-12-31;3;0;4;0;0.0;0.0
14;2021-01-01;1;0;5;0;0.0;0.0
14;2021-01-02;1;0;6;0;0.0;0.0
14;2021-01-03;0;0;6;0;0.0;0.0
14;2021-01-04;0;0;6;0;0.0;0.0
14;2021-01-05;13;0;19;0;0.0;0.0
14;2021-01-06;348;0;367;0;0.1;0.0
14;2021-01-07;396;1;763;1;0.1;0.0
14;2021-01-08;613;2;1376;3;0.2;0.0
14;2021-01-09;125;0;1501;3;0.2;0.0
14;2021-01-10;41;0;1542;3;0.2;0.0
14;2021-01-11;662;1;2204;4;0.3;0.0
14;2021-01-12;934;0;3138;4;0.5;0.0
14;2021-01-13;846;1;3984;5;0.6;0.0
14;2021-01-14;2798;17;6782;22;1.0;0.0
14;2021-01-15;1877;20;8659;42;1.3;0.0
14;2021-01-16;268;2;8927;44;1.3;0.0
14;2021-01-17;145;4;9072;48;1.3;0.0
14;2021-01-18;1084;2;10156;50;1.5;0.0
14;2021-01-19;1148;1;11304;51;1.6;0.0
14;2021-01-20;1987;4;13291;55;1.9;0.0
14;2021-01-21;1811;5;15102;60;2.2;0.0
14;2021-01-22;1486;2;16588;62;2.4;0.0
14;2021-01-23;297;1;16885;63;2.4;0.0
14;2021-01-24;71;0;16956;63;2.5;0.0
14;2021-01-25;909;10;17865;73;2.6;0.0
14;2021-01-26;846;36;18711;109;2.7;0.0
14;2021-01-27;879;158;19590;267;2.8;0.0
14;2021-01-28;779;144;20369;411;2.9;0.1
14;2021-01-29;780;229;21149;640;3.1;0.1
14;2021-01-30;269;12;21418;652;3.1;0.1
14;2021-01-31;58;3;21476;655;3.1;0.1
14;2021-02-01;725;230;22201;885;3.2;0.1
14;2021-02-02;822;423;23023;1308;3.3;0.2
14;2021-02-03;745;389;23768;1697;3.4;0.2
14;2021-02-04;1167;2061;24935;3758;3.6;0.5
14;2021-02-05;1293;1314;26228;5072;3.8;0.7
14;2021-02-06;394;240;26622;5312;3.9;0.8
14;2021-02-07;178;73;26800;5385;3.9;0.8
14;2021-02-08;774;825;27574;6210;4.0;0.9
14;2021-02-09;719;1009;28293;7219;4.1;1.0
14;2021-02-10;824;1611;29117;8830;4.2;1.3
14;2021-02-11;1349;1434;30466;10264;4.4;1.5
14;2021-02-12;1379;1082;31845;11346;4.6;1.6
14;2021-02-13;307;185;32152;11531;4.6;1.7
14;2021-02-14;84;68;32236;11599;4.7;1.7
14;2021-02-15;442;1087;32678;12686;4.7;1.8
14;2021-02-16;675;983;33353;13669;4.8;2.0
14;2021-02-17;405;985;33758;14654;4.9;2.1
14;2021-02-18;702;874;34460;15528;5.0;2.2
14;2021-02-19;733;780;35193;16308;5.1;2.4
14;2021-02-20;89;272;35282;16580;5.1;2.4
14;2021-02-21;6;90;35288;16670;5.1;2.4
14;2021-02-22;432;1050;35720;17720;5.2;2.6
14;2021-02-23;485;918;36205;18638;5.2;2.7
14;2021-02-24;439;896;36644;19534;5.3;2.8
14;2021-02-25;1221;1174;37865;20708;5.5;3.0
14;2021-02-26;1575;1165;39440;21873;5.7;3.2
14;2021-02-27;505;269;39945;22142;5.8;3.2
14;2021-02-28;27;42;39972;22184;5.8;3.2
14;2021-03-01;519;923;40491;23107;5.9;3.3
14;2021-03-02;967;811;41458;23918;6.0;3.5
14;2021-03-03;1077;832;42535;24750;6.2;3.6
14;2021-03-04;1949;775;44484;25525;6.4;3.7
14;2021-03-05;2429;865;46913;26390;6.8;3.8
14;2021-03-06;3073;192;49986;26582;7.2;3.8
14;2021-03-07;1193;58;51179;26640;7.4;3.9
14;2021-03-08;1250;810;52429;27450;7.6;4.0
14;2021-03-09;1740;691;54169;28141;7.8;4.1
14;2021-03-10;1831;583;56000;28724;8.1;4.2
14;2021-03-11;2746;463;58746;29187;8.5;4.2
14;2021-03-12;4042;550;62788;29737;9.1;4.3
14;2021-03-13;1849;167;64637;29904;9.3;4.3
14;2021-03-14;30;38;64667;29942;9.4;4.3
14;2021-03-15;2005;133;66672;30075;9.6;4.3
14;2021-03-16;1398;278;68070;30353;9.8;4.4
14;2021-03-17;1155;193;69225;30546;10.0;4.4
14;2021-03-18;1479;303;70704;30849;10.2;4.5
14;2021-03-19;2597;261;73301;31110;10.6;4.5
14;2021-03-20;2655;33;75956;31143;11.0;4.5
14;2021-03-21;453;8;76409;31151;11.1;4.5
14;2021-03-22;1867;355;78276;31506;11.3;4.6
14;2021-03-23;2172;318;80448;31824;11.6;4.6
14;2021-03-24;2429;186;82877;32010;12.0;4.6
14;2021-03-25;3290;309;86167;32319;12.5;4.7
14;2021-03-26;4604;460;90771;32779;13.1;4.7
14;2021-03-27;2230;223;93001;33002;13.5;4.8
14;2021-03-28;35;1;93036;33003;13.5;4.8
14;2021-03-29;1605;477;94641;33480;13.7;4.8
14;2021-03-30;2714;511;97355;33991;14.1;4.9
14;2021-03-31;2315;905;99670;34896;14.4;5.0
14;2021-04-01;4171;1658;103841;36554;15.0;5.3
14;2021-04-02;3862;1256;107703;37810;15.6;5.5
14;2021-04-03;1129;1201;108832;39011;15.7;5.6
14;2021-04-04;25;483;108857;39494;15.7;5.7
14;2021-04-05;1215;321;110072;39815;15.9;5.8
14;2021-04-06;2383;987;112455;40802;16.3;5.9
14;2021-04-07;2718;1023;115173;41825;16.7;6.0
14;2021-04-08;4298;1094;119471;42919;17.3;6.2
14;2021-04-09;6029;1154;125500;44073;18.2;6.4
14;2021-04-10;2892;428;128392;44501;18.6;6.4
14;2021-04-11;628;119;129020;44620;18.7;6.5
14;2021-04-12;2911;1577;131931;46197;19.1;6.7
14;2021-04-13;3468;1431;135399;47628;19.6;6.9
14;2021-04-14;3108;1160;138507;48788;20.0;7.1
14;2021-04-15;4394;1506;142901;50294;20.7;7.3
14;2021-04-16;4600;1549;147501;51843;21.3;7.5
14;2021-04-17;2314;1655;149815;53498;21.7;7.7
14;2021-04-18;539;325;150354;53823;21.7;7.8
14;2021-04-19;2755;1704;153109;55527;22.1;8.0
14;2021-04-20;3386;1826;156495;57353;22.6;8.3
14;2021-04-21;3000;1460;159495;58813;23.1;8.5
14;2021-04-22;4221;2069;163716;60882;23.7;8.8
14;2021-04-23;4630;2270;168346;63152;24.3;9.1
14;2021-04-24;1850;1750;170196;64902;24.6;9.4
14;2021-04-25;456;28;170652;64930;24.7;9.4
14;2021-04-26;3372;1565;174024;66495;25.2;9.6
14;2021-04-27;3499;2567;177523;69062;25.7;10.0
14;2021-04-28;3236;1891;180759;70953;26.1;10.3
14;2021-04-29;4541;2302;185300;73255;26.8;10.6
14;2021-04-30;5120;2629;190420;75884;27.5;11.0
14;2021-05-01;3552;189;193972;76073;28.1;11.0
14;2021-05-02;1237;54;195209;76127;28.2;11.0
14;2021-05-03;2479;2761;197688;78888;28.6;11.4
14;2021-05-04;3126;2898;200814;81786;29.0;11.8
14;2021-05-05;3681;2753;204495;84539;29.6;12.2
14;2021-05-06;4931;3474;209426;88013;30.3;12.7
14;2021-05-07;4864;3847;214290;91860;31.0;13.3
14;2021-05-08;2725;1258;217015;93118;31.4;13.5
14;2021-05-09;1914;661;218929;93779;31.7;13.6
14;2021-05-10;3628;3149;222557;96928;32.2;14.0
14;2021-05-11;4344;3592;226901;100520;32.8;14.5
14;2021-05-12;4048;3208;230949;103728;33.4;15.0
14;2021-05-13;4691;1128;235640;104856;34.1;15.2
14;2021-05-14;6670;2625;242310;107481;35.0;15.5
14;2021-05-15;5141;764;247451;108245;35.8;15.7
14;2021-05-16;2317;121;249768;108366;36.1;15.7
14;2021-05-17;2821;2262;252589;110628;36.5;16.0
14;2021-05-18;4084;2239;256673;112867;37.1;16.3
14;2021-05-19;3747;2017;260420;114884;37.7;16.6
14;2021-05-20;4475;2757;264895;117641;38.3;17.0
14;2021-05-21;4266;3525;269161;121166;38.9;17.5
14;2021-05-22;1668;865;270829;122031;39.2;17.6
14;2021-05-23;647;71;271476;122102;39.3;17.7
14;2021-05-24;2843;748;274319;122850;39.7;17.8
14;2021-05-25;3625;3391;277944;126241;40.2;18.3
14;2021-05-26;3431;2405;281375;128646;40.7;18.6
14;2021-05-27;4768;3233;286143;131879;41.4;19.1
14;2021-05-28;5084;3890;291227;135769;42.1;19.6
14;2021-05-29;2339;2456;293566;138225;42.5;20.0
14;2021-05-30;757;239;294323;138464;42.6;20.0
14;2021-05-31;4088;2963;298411;141427;43.2;20.5
14;2021-06-01;5738;3215;304149;144642;44.0;20.9
14;2021-06-02;5027;2848;309176;147490;44.7;21.3
14;2021-06-03;6652;4011;315828;151501;45.7;21.9
14;2021-06-04;6440;5136;322268;156637;46.6;22.7
14;2021-06-05;4344;1863;326612;158500;47.2;22.9
14;2021-06-06;2042;82;328654;158582;47.5;22.9
14;2021-06-07;4244;3448;332898;162030;48.1;23.4
14;2021-06-08;5234;3126;338132;165156;48.9;23.9
14;2021-06-09;4269;2960;342401;168116;49.5;24.3
14;2021-06-10;5066;2963;347467;171079;50.3;24.7
14;2021-06-11;4828;4881;352295;175960;50.9;25.4
14;2021-06-12;3678;4504;355973;180464;51.5;26.1
14;2021-06-13;844;1091;356817;181555;51.6;26.3
14;2021-06-14;2174;3791;358991;185346;51.9;26.8
14;2021-06-15;3304;3967;362295;189313;52.4;27.4
14;2021-06-16;3431;4547;365726;193860;52.9;28.0
14;2021-06-17;4226;5255;369952;199115;53.5;28.8
14;2021-06-18;3719;6122;373671;205237;54.0;29.7
14;2021-06-19;2582;2948;376253;208185;54.4;30.1
14;2021-06-20;574;1564;376827;209749;54.5;30.3
14;2021-06-21;2103;4353;378930;214102;54.8;31.0
14;2021-06-22;2566;5182;381496;219284;55.2;31.7
14;2021-06-23;2491;4345;383987;223629;55.5;32.3
14;2021-06-24;3425;5800;387412;229429;56.0;33.2
14;2021-06-25;2725;7281;390137;236710;56.4;34.2
14;2021-06-26;2165;4541;392302;241251;56.7;34.9
14;2021-06-27;437;1833;392739;243084;56.8;35.2
14;2021-06-28;1294;3972;394033;247056;57.0;35.7
14;2021-06-29;1778;5370;395811;252426;57.2;36.5
14;2021-06-30;1957;4621;397768;257047;57.5;37.2
14;2021-07-01;2904;5071;400672;262118;57.9;37.9
14;2021-07-02;2569;6671;403241;268789;58.3;38.9
14;2021-07-03;1420;2651;404661;271440;58.5;39.3
14;2021-07-04;417;716;405078;272156;58.6;39.4
14;2021-07-05;1182;4789;406260;276945;58.8;40.1
14;2021-07-06;2062;6008;408322;282953;59.1;40.9
14;2021-07-07;2235;4581;410557;287534;59.4;41.6
14;2021-07-08;2879;5520;413436;293054;59.8;42.4
14;2021-07-09;2740;6448;416176;299502;60.2;43.3
14;2021-07-10;2022;3200;418198;302702;60.5;43.8
14;2021-07-11;895;873;419093;303575;60.6;43.9
14;2021-07-12;1616;5910;420709;309485;60.8;44.8
14;2021-07-13;3049;7338;423758;316823;61.3;45.8
14;2021-07-14;2226;3048;425984;319871;61.6;46.3
14;2021-07-15;4134;7654;430118;327525;62.2;47.4
14;2021-07-16;4675;7678;434793;335203;62.9;48.5
14;2021-07-17;2098;4198;436891;339401;63.2;49.1
14;2021-07-18;804;1865;437695;341266;63.3;49.4
14;2021-07-19;2558;6112;440253;347378;63.7;50.2
14;2021-07-20;3224;7250;443477;354628;64.1;51.3
14;2021-07-21;4043;5815;447520;360443;64.7;52.1
14;2021-07-22;4669;6560;452189;367003;65.4;53.1
15;2020-12-27;1;0;1;0;0.0;0.0
15;2020-12-28;0;0;1;0;0.0;0.0
15;2020-12-29;0;0;1;0;0.0;0.0
15;2020-12-30;0;0;1;0;0.0;0.0
15;2020-12-31;0;0;1;0;0.0;0.0
15;2021-01-01;1;0;2;0;0.0;0.0
15;2021-01-02;0;0;2;0;0.0;0.0
15;2021-01-03;0;0;2;0;0.0;0.0
15;2021-01-04;0;0;2;0;0.0;0.0
15;2021-01-05;0;0;2;0;0.0;0.0
15;2021-01-06;0;0;2;0;0.0;0.0
15;2021-01-07;71;0;73;0;0.1;0.0
15;2021-01-08;106;0;179;0;0.1;0.0
15;2021-01-09;0;0;179;0;0.1;0.0
15;2021-01-10;1;0;180;0;0.1;0.0
15;2021-01-11;98;0;278;0;0.2;0.0
15;2021-01-12;92;0;370;0;0.3;0.0
15;2021-01-13;230;0;600;0;0.4;0.0
15;2021-01-14;307;1;907;1;0.6;0.0
15;2021-01-15;138;0;1045;1;0.7;0.0
15;2021-01-16;90;0;1135;1;0.8;0.0
15;2021-01-17;0;0;1135;1;0.8;0.0
15;2021-01-18;404;2;1539;3;1.1;0.0
15;2021-01-19;550;0;2089;3;1.5;0.0
15;2021-01-20;630;0;2719;3;1.9;0.0
15;2021-01-21;575;3;3294;6;2.3;0.0
15;2021-01-22;503;2;3797;8;2.7;0.0
15;2021-01-23;432;1;4229;9;3.0;0.0
15;2021-01-24;6;0;4235;9;3.0;0.0
15;2021-01-25;398;0;4633;9;3.2;0.0
15;2021-01-26;436;0;5069;9;3.5;0.0
15;2021-01-27;725;0;5794;9;4.1;0.0
15;2021-01-28;625;51;6419;60;4.5;0.0
15;2021-01-29;330;82;6749;142;4.7;0.1
15;2021-01-30;218;3;6967;145;4.9;0.1
15;2021-01-31;0;0;6967;145;4.9;0.1
15;2021-02-01;237;89;7204;234;5.0;0.2
15;2021-02-02;189;90;7393;324;5.2;0.2
15;2021-02-03;266;158;7659;482;5.4;0.3
15;2021-02-04;662;205;8321;687;5.8;0.5
15;2021-02-05;296;256;8617;943;6.0;0.7
15;2021-02-06;98;76;8715;1019;6.1;0.7
15;2021-02-07;0;0;8715;1019;6.1;0.7
15;2021-02-08;233;107;8948;1126;6.3;0.8
15;2021-02-09;205;118;9153;1244;6.4;0.9
15;2021-02-10;338;298;9491;1542;6.6;1.1
15;2021-02-11;115;240;9606;1782;6.7;1.2
15;2021-02-12;136;159;9742;1941;6.8;1.4
15;2021-02-13;92;78;9834;2019;6.9;1.4
15;2021-02-14;0;0;9834;2019;6.9;1.4
15;2021-02-15;63;216;9897;2235;6.9;1.6
15;2021-02-16;52;294;9949;2529;7.0;1.8
15;2021-02-17;143;470;10092;2999;7.1;2.1
15;2021-02-18;87;747;10179;3746;7.1;2.6
15;2021-02-19;90;432;10269;4178;7.2;2.9
15;2021-02-20;21;259;10290;4437;7.2;3.1
15;2021-02-21;0;0;10290;4437;7.2;3.1
15;2021-02-22;23;497;10313;4934;7.2;3.5
15;2021-02-23;180;457;10493;5391;7.3;3.8
15;2021-02-24;31;461;10524;5852;7.4;4.1
15;2021-02-25;228;1002;10752;6854;7.5;4.8
15;2021-02-26;185;475;10937;7329;7.7;5.1
15;2021-02-27;146;88;11083;7417;7.8;5.2
15;2021-02-28;1;0;11084;7417;7.8;5.2
15;2021-03-01;121;223;11205;7640;7.8;5.3
15;2021-03-02;249;306;11454;7946;8.0;5.6
15;2021-03-03;207;29;11661;7975;8.2;5.6
15;2021-03-04;245;246;11906;8221;8.3;5.8
15;2021-03-05;347;170;12253;8391;8.6;5.9
15;2021-03-06;680;8;12933;8399;9.1;5.9
15;2021-03-07;80;0;13013;8399;9.1;5.9
15;2021-03-08;93;105;13106;8504;9.2;6.0
15;2021-03-09;279;285;13385;8789;9.4;6.2
15;2021-03-10;416;162;13801;8951;9.7;6.3
15;2021-03-11;434;296;14235;9247;10.0;6.5
15;2021-03-12;523;94;14758;9341;10.3;6.5
15;2021-03-13;354;6;15112;9347;10.6;6.5
15;2021-03-14;18;0;15130;9347;10.6;6.5
15;2021-03-15;542;61;15672;9408;11.0;6.6
15;2021-03-16;328;20;16000;9428;11.2;6.6
15;2021-03-17;130;53;16130;9481;11.3;6.6
15;2021-03-18;250;95;16380;9576;11.5;6.7
15;2021-03-19;668;30;17048;9606;11.9;6.7
15;2021-03-20;148;36;17196;9642;12.0;6.8
15;2021-03-21;6;0;17202;9642;12.0;6.8
15;2021-03-22;573;74;17775;9716;12.4;6.8
15;2021-03-23;775;92;18550;9808;13.0;6.9
15;2021-03-24;936;32;19486;9840;13.6;6.9
15;2021-03-25;1279;22;20765;9862;14.5;6.9
15;2021-03-26;1009;50;21774;9912;15.2;6.9
15;2021-03-27;301;4;22075;9916;15.5;6.9
15;2021-03-28;20;0;22095;9916;15.5;6.9
15;2021-03-29;780;15;22875;9931;16.0;7.0
15;2021-03-30;1133;197;24008;10128;16.8;7.1
15;2021-03-31;937;20;24945;10148;17.5;7.1
15;2021-04-01;1233;52;26178;10200;18.3;7.1
15;2021-04-02;1141;56;27319;10256;19.1;7.2
15;2021-04-03;120;18;27439;10274;19.2;7.2
15;2021-04-04;0;0;27439;10274;19.2;7.2
15;2021-04-05;33;1;27472;10275;19.2;7.2
15;2021-04-06;834;79;28306;10354;19.8;7.3
15;2021-04-07;662;100;28968;10454;20.3;7.3
15;2021-04-08;1247;130;30215;10584;21.2;7.4
15;2021-04-09;1275;95;31490;10679;22.1;7.5
15;2021-04-10;364;19;31854;10698;22.3;7.5
15;2021-04-11;13;0;31867;10698;22.3;7.5
15;2021-04-12;644;458;32511;11156;22.8;7.8
15;2021-04-13;1124;320;33635;11476;23.6;8.0
15;2021-04-14;1038;197;34673;11673;24.3;8.2
15;2021-04-15;1182;304;35855;11977;25.1;8.4
15;2021-04-16;1038;554;36893;12531;25.8;8.8
15;2021-04-17;443;11;37336;12542;26.1;8.8
15;2021-04-18;0;10;37336;12552;26.1;8.8
15;2021-04-19;540;514;37876;13066;26.5;9.1
15;2021-04-20;847;614;38723;13680;27.1;9.6
15;2021-04-21;600;648;39323;14328;27.5;10.0
15;2021-04-22;728;771;40051;15099;28.0;10.6
15;2021-04-23;731;675;40782;15774;28.6;11.0
15;2021-04-24;363;123;41145;15897;28.8;11.1
15;2021-04-25;1;3;41146;15900;28.8;11.1
15;2021-04-26;324;632;41470;16532;29.0;11.6
15;2021-04-27;469;933;41939;17465;29.4;12.2
15;2021-04-28;378;788;42317;18253;29.6;12.8
15;2021-04-29;584;1010;42901;19263;30.0;13.5
15;2021-04-30;547;1078;43448;20341;30.4;14.2
15;2021-05-01;283;30;43731;20371;30.6;14.3
15;2021-05-02;0;0;43731;20371;30.6;14.3
15;2021-05-03;881;329;44612;20700;31.2;14.5
15;2021-05-04;802;855;45414;21555;31.8;15.1
15;2021-05-05;676;670;46090;22225;32.3;15.6
15;2021-05-06;826;965;46916;23190;32.9;16.2
15;2021-05-07;1152;906;48068;24096;33.7;16.9
15;2021-05-08;491;54;48559;24150;34.0;16.9
15;2021-05-09;23;9;48582;24159;34.0;16.9
15;2021-05-10;705;911;49287;25070;34.5;17.6
15;2021-05-11;1187;1185;50474;26255;35.3;18.4
15;2021-05-12;1147;833;51621;27088;36.1;19.0
15;2021-05-13;1165;438;52786;27526;37.0;19.3
15;2021-05-14;1504;583;54290;28109;38.0;19.7
15;2021-05-15;1410;417;55700;28526;39.0;20.0
15;2021-05-16;1;10;55701;28536;39.0;20.0
15;2021-05-17;1000;606;56701;29142;39.7;20.4
15;2021-05-18;1222;969;57923;30111;40.6;21.1
15;2021-05-19;1020;458;58943;30569;41.3;21.4
15;2021-05-20;1239;776;60182;31345;42.1;21.9
15;2021-05-21;1348;748;61530;32093;43.1;22.5
15;2021-05-22;527;187;62057;32280;43.5;22.6
15;2021-05-23;2;11;62059;32291;43.5;22.6
15;2021-05-24;691;257;62750;32548;43.9;22.8
15;2021-05-25;1151;620;63901;33168;44.7;23.2
15;2021-05-26;1096;458;64997;33626;45.5;23.5
15;2021-05-27;1269;661;66266;34287;46.4;24.0
15;2021-05-28;1509;886;67775;35173;47.5;24.6
15;2021-05-29;984;361;68759;35534;48.1;24.9
15;2021-05-30;14;25;68773;35559;48.2;24.9
15;2021-05-31;1201;478;69974;36037;49.0;25.2
15;2021-06-01;1399;571;71373;36608;50.0;25.6
15;2021-06-02;865;417;72238;37025;50.6;25.9
15;2021-06-03;931;711;73169;37736;51.2;26.4
15;2021-06-04;1076;718;74245;38454;52.0;26.9
15;2021-06-05;651;263;74896;38717;52.4;27.1
15;2021-06-06;16;20;74912;38737;52.5;27.1
15;2021-06-07;785;350;75697;39087;53.0;27.4
15;2021-06-08;474;396;76171;39483;53.3;27.6
15;2021-06-09;376;374;76547;39857;53.6;27.9
15;2021-06-10;270;425;76817;40282;53.8;28.2
15;2021-06-11;661;1099;77478;41381;54.3;29.0
15;2021-06-12;377;467;77855;41848;54.5;29.3
15;2021-06-13;12;6;77867;41854;54.5;29.3
15;2021-06-14;542;976;78409;42830;54.9;30.0
15;2021-06-15;450;1162;78859;43992;55.2;30.8
15;2021-06-16;540;899;79399;44891;55.6;31.4
15;2021-06-17;287;935;79686;45826;55.8;32.1
15;2021-06-18;740;1203;80426;47029;56.3;32.9
15;2021-06-19;541;705;80967;47734;56.7;33.4
15;2021-06-20;11;1;80978;47735;56.7;33.4
15;2021-06-21;277;1036;81255;48771;56.9;34.2
15;2021-06-22;229;1479;81484;50250;57.1;35.2
15;2021-06-23;337;1444;81821;51694;57.3;36.2
15;2021-06-24;290;1094;82111;52788;57.5;37.0
15;2021-06-25;377;1644;82488;54432;57.8;38.1
15;2021-06-26;164;911;82652;55343;57.9;38.8
15;2021-06-27;0;0;82652;55343;57.9;38.8
15;2021-06-28;174;1228;82826;56571;58.0;39.6
15;2021-06-29;299;1265;83125;57836;58.2;40.5
15;2021-06-30;267;984;83392;58820;58.4;41.2
15;2021-07-01;376;1226;83768;60046;58.7;42.0
15;2021-07-02;405;1354;84173;61400;58.9;43.0
15;2021-07-03;251;710;84424;62110;59.1;43.5
15;2021-07-04;0;1;84424;62111;59.1;43.5
15;2021-07-05;246;1261;84670;63372;59.3;44.4
15;2021-07-06;269;1471;84939;64843;59.5;45.4
15;2021-07-07;251;1344;85190;66187;59.7;46.3
15;2021-07-08;487;1351;85677;67538;60.0;47.3
15;2021-07-09;478;1789;86155;69327;60.3;48.5
15;2021-07-10;214;866;86369;70193;60.5;49.2
15;2021-07-11;7;5;86376;70198;60.5;49.2
15;2021-07-12;267;1485;86643;71683;60.7;50.2
15;2021-07-13;577;1764;87220;73447;61.1;51.4
15;2021-07-14;8;130;87228;73577;61.1;51.5
15;2021-07-15;1129;729;88357;74306;61.9;52.0
15;2021-07-16;1124;1338;89481;75644;62.7;53.0
15;2021-07-17;815;949;90296;76593;63.2;53.6
15;2021-07-18;0;3;90296;76596;63.2;53.6
15;2021-07-19;1054;1269;91350;77865;64.0;54.5
15;2021-07-20;1607;566;92957;78431;65.1;54.9
15;2021-07-21;1163;602;94120;79033;65.9;55.3
15;2021-07-22;883;510;95003;79543;66.5;55.7
16;2020-12-27;0;0;0;0;0.0;0.0
16;2020-12-28;0;0;0;0;0.0;0.0
16;2020-12-29;0;0;0;0;0.0;0.0
16;2020-12-30;0;0;0;0;0.0;0.0
16;2020-12-31;0;0;0;0;0.0;0.0
16;2021-01-01;0;0;0;0;0.0;0.0
16;2021-01-02;0;0;0;0;0.0;0.0
16;2021-01-03;0;0;0;0;0.0;0.0
16;2021-01-04;1;0;1;0;0.0;0.0
16;2021-01-05;1;0;2;0;0.0;0.0
16;2021-01-06;88;0;90;0;0.0;0.0
16;2021-01-07;239;0;329;0;0.1;0.0
16;2021-01-08;464;2;793;2;0.2;0.0
16;2021-01-09;1;0;794;2;0.2;0.0
16;2021-01-10;1;0;795;2;0.2;0.0
16;2021-01-11;303;0;1098;2;0.3;0.0
16;2021-01-12;436;1;1534;3;0.4;0.0
16;2021-01-13;479;0;2013;3;0.6;0.0
16;2021-01-14;596;6;2609;9;0.7;0.0
16;2021-01-15;504;3;3113;12;0.9;0.0
16;2021-01-16;0;0;3113;12;0.9;0.0
16;2021-01-17;0;0;3113;12;0.9;0.0
16;2021-01-18;430;5;3543;17;1.0;0.0
16;2021-01-19;831;2;4374;19;1.3;0.0
16;2021-01-20;1181;2;5555;21;1.6;0.0
16;2021-01-21;1347;2;6902;23;2.0;0.0
16;2021-01-22;1110;0;8012;23;2.3;0.0
16;2021-01-23;183;0;8195;23;2.4;0.0
16;2021-01-24;0;0;8195;23;2.4;0.0
16;2021-01-25;641;2;8836;25;2.5;0.0
16;2021-01-26;1024;0;9860;25;2.8;0.0
16;2021-01-27;1400;104;11260;129;3.2;0.0
16;2021-01-28;1255;60;12515;189;3.6;0.1
16;2021-01-29;743;140;13258;329;3.8;0.1
16;2021-01-30;36;0;13294;329;3.8;0.1
16;2021-01-31;0;0;13294;329;3.8;0.1
16;2021-02-01;395;206;13689;535;3.9;0.2
16;2021-02-02;576;174;14265;709;4.1;0.2
16;2021-02-03;620;352;14885;1061;4.3;0.3
16;2021-02-04;462;271;15347;1332;4.4;0.4
16;2021-02-05;504;277;15851;1609;4.6;0.5
16;2021-02-06;1;81;15852;1690;4.6;0.5
16;2021-02-07;41;1;15893;1691;4.6;0.5
16;2021-02-08;355;220;16248;1911;4.7;0.5
16;2021-02-09;649;294;16897;2205;4.9;0.6
16;2021-02-10;692;679;17589;2884;5.1;0.8
16;2021-02-11;797;613;18386;3497;5.3;1.0
16;2021-02-12;623;834;19009;4331;5.5;1.2
16;2021-02-13;42;78;19051;4409;5.5;1.3
16;2021-02-14;0;7;19051;4416;5.5;1.3
16;2021-02-15;217;670;19268;5086;5.5;1.5
16;2021-02-16;374;958;19642;6044;5.6;1.7
16;2021-02-17;351;1312;19993;7356;5.7;2.1
16;2021-02-18;510;1256;20503;8612;5.9;2.5
16;2021-02-19;389;801;20892;9413;6.0;2.7
16;2021-02-20;1;8;20893;9421;6.0;2.7
16;2021-02-21;0;0;20893;9421;6.0;2.7
16;2021-02-22;135;550;21028;9971;6.0;2.9
16;2021-02-23;206;929;21234;10900;6.1;3.1
16;2021-02-24;273;901;21507;11801;6.2;3.4
16;2021-02-25;395;689;21902;12490;6.3;3.6
16;2021-02-26;478;502;22380;12992;6.4;3.7
16;2021-02-27;250;1;22630;12993;6.5;3.7
16;2021-02-28;5;5;22635;12998;6.5;3.7
16;2021-03-01;152;327;22787;13325;6.5;3.8
16;2021-03-02;270;671;23057;13996;6.6;4.0
16;2021-03-03;391;726;23448;14722;6.7;4.2
16;2021-03-04;805;570;24253;15292;7.0;4.4
16;2021-03-05;1139;538;25392;15830;7.3;4.5
16;2021-03-06;751;13;26143;15843;7.5;4.6
16;2021-03-07;94;18;26237;15861;7.5;4.6
16;2021-03-08;436;319;26673;16180;7.7;4.6
16;2021-03-09;765;700;27438;16880;7.9;4.8
16;2021-03-10;606;668;28044;17548;8.1;5.0
16;2021-03-11;1445;529;29489;18077;8.5;5.2
16;2021-03-12;1164;458;30653;18535;8.8;5.3
16;2021-03-13;764;12;31417;18547;9.0;5.3
16;2021-03-14;1;0;31418;18547;9.0;5.3
16;2021-03-15;461;182;31879;18729;9.2;5.4
16;2021-03-16;859;420;32738;19149;9.4;5.5
16;2021-03-17;589;287;33327;19436;9.6;5.6
16;2021-03-18;1030;280;34357;19716;9.9;5.7
16;2021-03-19;1102;247;35459;19963;10.2;5.7
16;2021-03-20;394;2;35853;19965;10.3;5.7
16;2021-03-21;9;0;35862;19965;10.3;5.7
16;2021-03-22;727;100;36589;20065;10.5;5.8
16;2021-03-23;1460;102;38049;20167;10.9;5.8
16;2021-03-24;1118;184;39167;20351;11.2;5.8
16;2021-03-25;2046;90;41213;20441;11.8;5.9
16;2021-03-26;1915;93;43128;20534;12.4;5.9
16;2021-03-27;431;21;43559;20555;12.5;5.9
16;2021-03-28;0;0;43559;20555;12.5;5.9
16;2021-03-29;923;61;44482;20616;12.8;5.9
16;2021-03-30;1880;175;46362;20791;13.3;6.0
16;2021-03-31;1514;129;47876;20920;13.8;6.0
16;2021-04-01;2008;398;49884;21318;14.3;6.1
16;2021-04-02;1442;378;51326;21696;14.7;6.2
16;2021-04-03;288;2;51614;21698;14.8;6.2
16;2021-04-04;1;0;51615;21698;14.8;6.2
16;2021-04-05;2;0;51617;21698;14.8;6.2
16;2021-04-06;2009;540;53626;22238;15.4;6.4
16;2021-04-07;1951;400;55577;22638;16.0;6.5
16;2021-04-08;2823;586;58400;23224;16.8;6.7
16;2021-04-09;2694;547;61094;23771;17.5;6.8
16;2021-04-10;1290;37;62384;23808;17.9;6.8
16;2021-04-11;2;0;62386;23808;17.9;6.8
16;2021-04-12;1430;316;63816;24124;18.3;6.9
16;2021-04-13;2120;839;65936;24963;18.9;7.2
16;2021-04-14;1949;632;67885;25595;19.5;7.4
16;2021-04-15;2101;983;69986;26578;20.1;7.6
16;2021-04-16;2035;769;72021;27347;20.7;7.9
16;2021-04-17;1504;83;73525;27430;21.1;7.9
16;2021-04-18;198;3;73723;27433;21.2;7.9
16;2021-04-19;1437;522;75160;27955;21.6;8.0
16;2021-04-20;2051;1228;77211;29183;22.2;8.4
16;2021-04-21;1775;737;78986;29920;22.7;8.6
16;2021-04-22;2291;999;81277;30919;23.3;8.9
16;2021-04-23;2359;1166;83636;32085;24.0;9.2
16;2021-04-24;827;37;84463;32122;24.3;9.2
16;2021-04-25;117;9;84580;32131;24.3;9.2
16;2021-04-26;1399;806;85979;32937;24.7;9.5
16;2021-04-27;2057;1417;88036;34354;25.3;9.9
16;2021-04-28;1588;1122;89624;35476;25.7;10.2
16;2021-04-29;2244;1495;91868;36971;26.4;10.6
16;2021-04-30;2849;1338;94717;38309;27.2;11.0
16;2021-05-01;353;59;95070;38368;27.3;11.0
16;2021-05-02;155;12;95225;38380;27.3;11.0
16;2021-05-03;2610;532;97835;38912;28.1;11.2
16;2021-05-04;2062;2045;99897;40957;28.7;11.8
16;2021-05-05;1690;1832;101587;42789;29.2;12.3
16;2021-05-06;1885;2237;103472;45026;29.7;12.9
16;2021-05-07;3067;2120;106539;47146;30.6;13.5
16;2021-05-08;1196;469;107735;47615;30.9;13.7
16;2021-05-09;527;26;108262;47641;31.1;13.7
16;2021-05-10;1930;1624;110192;49265;31.6;14.1
16;2021-05-11;2355;1959;112547;51224;32.3;14.7
16;2021-05-12;1731;1800;114278;53024;32.8;15.2
16;2021-05-13;1460;354;115738;53378;33.2;15.3
16;2021-05-14;1989;1559;117727;54937;33.8;15.8
16;2021-05-15;595;897;118322;55834;34.0;16.0
16;2021-05-16;132;6;118454;55840;34.0;16.0
16;2021-05-17;1608;1285;120062;57125;34.5;16.4
16;2021-05-18;2760;1419;122822;58544;35.3;16.8
16;2021-05-19;2005;1233;124827;59777;35.9;17.2
16;2021-05-20;2835;1386;127662;61163;36.7;17.6
16;2021-05-21;2947;1395;130609;62558;37.5;18.0
16;2021-05-22;413;710;131022;63268;37.6;18.2
16;2021-05-23;209;11;131231;63279;37.7;18.2
16;2021-05-24;1260;236;132491;63515;38.1;18.2
16;2021-05-25;2765;1454;135256;64969;38.8;18.7
16;2021-05-26;1830;1186;137086;66155;39.4;19.0
16;2021-05-27;2419;1585;139505;67740;40.1;19.5
16;2021-05-28;2893;1567;142398;69307;40.9;19.9
16;2021-05-29;814;883;143212;70190;41.1;20.2
16;2021-05-30;1;4;143213;70194;41.1;20.2
16;2021-05-31;1984;1103;145197;71297;41.7;20.5
16;2021-06-01;2346;1714;147543;73011;42.4;21.0
16;2021-06-02;1821;1505;149364;74516;42.9;21.4
16;2021-06-03;2619;1761;151983;76277;43.7;21.9
16;2021-06-04;2833;2031;154816;78308;44.5;22.5
16;2021-06-05;1003;549;155819;78857;44.8;22.6
16;2021-06-06;160;28;155979;78885;44.8;22.7
16;2021-06-07;1989;1282;157968;80167;45.4;23.0
16;2021-06-08;2392;1993;160360;82160;46.1;23.6
16;2021-06-09;2527;1608;162887;83768;46.8;24.1
16;2021-06-10;2568;1999;165455;85767;47.5;24.6
16;2021-06-11;2148;2733;167603;88500;48.1;25.4
16;2021-06-12;1610;513;169213;89013;48.6;25.6
16;2021-06-13;259;72;169472;89085;48.7;25.6
16;2021-06-14;795;2799;170267;91884;48.9;26.4
16;2021-06-15;1853;2622;172120;94506;49.4;27.1
16;2021-06-16;1569;2089;173689;96595;49.9;27.7
16;2021-06-17;2017;2501;175706;99096;50.5;28.5
16;2021-06-18;2051;3224;177757;102320;51.1;29.4
16;2021-06-19;1347;1308;179104;103628;51.4;29.8
16;2021-06-20;242;26;179346;103654;51.5;29.8
16;2021-06-21;1404;2174;180750;105828;51.9;30.4
16;2021-06-22;1669;2947;182419;108775;52.4;31.2
16;2021-06-23;1559;2021;183978;110796;52.8;31.8
16;2021-06-24;1918;2170;185896;112966;53.4;32.4
16;2021-06-25;1981;2729;187877;115695;54.0;33.2
16;2021-06-26;1054;719;188931;116414;54.3;33.4
16;2021-06-27;130;25;189061;116439;54.3;33.4
16;2021-06-28;1157;1963;190218;118402;54.6;34.0
16;2021-06-29;1270;3358;191488;121760;55.0;35.0
16;2021-06-30;1330;2713;192818;124473;55.4;35.7
16;2021-07-01;1846;3152;194664;127625;55.9;36.7
16;2021-07-02;1417;3585;196081;131210;56.3;37.7
16;2021-07-03;690;1114;196771;132324;56.5;38.0
16;2021-07-04;1;13;196772;132337;56.5;38.0
16;2021-07-05;809;2303;197581;134640;56.7;38.7
16;2021-07-06;1272;3368;198853;138008;57.1;39.6
16;2021-07-07;857;2276;199710;140284;57.4;40.3
16;2021-07-08;1229;2737;200939;143021;57.7;41.1
16;2021-07-09;1110;3699;202049;146720;58.0;42.1
16;2021-07-10;336;1340;202385;148060;58.1;42.5
16;2021-07-11;2;13;202387;148073;58.1;42.5
16;2021-07-12;631;2445;203018;150518;58.3;43.2
16;2021-07-13;1370;3531;204388;154049;58.7;44.2
16;2021-07-14;797;875;205185;154924;58.9;44.5
16;2021-07-15;1236;3409;206421;158333;59.3;45.5
16;2021-07-16;1489;3385;207910;161718;59.7;46.4
16;2021-07-17;528;1186;208438;162904;59.9;46.8
16;2021-07-18;13;6;208451;162910;59.9;46.8
16;2021-07-19;614;2860;209065;165770;60.0;47.6
16;2021-07-20;1118;3295;210183;169065;60.4;48.6
16;2021-07-21;1114;2617;211297;171682;60.7;49.3
16;2021-07-22;1831;2854;213128;174536;61.2;50.1
17;2020-12-27;0;0;0;0;0.0;0.0
17;2020-12-28;0;0;0;0;0.0;0.0
17;2020-12-29;0;0;0;0;0.0;0.0
17;2020-12-30;1;0;1;0;0.0;0.0
17;2020-12-31;0;0;1;0;0.0;0.0
17;2021-01-01;0;0;1;0;0.0;0.0
17;2021-01-02;0;0;1;0;0.0;0.0
17;2021-01-03;0;0;1;0;0.0;0.0
17;2021-01-04;56;0;57;0;0.0;0.0
17;2021-01-05;98;0;155;0;0.0;0.0
17;2021-01-06;132;0;287;0;0.0;0.0
17;2021-01-07;485;1;772;1;0.1;0.0
17;2021-01-08;418;0;1190;1;0.2;0.0
17;2021-01-09;0;0;1190;1;0.2;0.0
17;2021-01-10;1;0;1191;1;0.2;0.0
17;2021-01-11;380;1;1571;2;0.2;0.0
17;2021-01-12;733;1;2304;3;0.4;0.0
17;2021-01-13;652;3;2956;6;0.5;0.0
17;2021-01-14;613;9;3569;15;0.6;0.0
17;2021-01-15;679;1;4248;16;0.7;0.0
17;2021-01-16;126;2;4374;18;0.7;0.0
17;2021-01-17;17;0;4391;18;0.7;0.0
17;2021-01-18;879;1;5270;19;0.8;0.0
17;2021-01-19;1907;2;7177;21;1.1;0.0
17;2021-01-20;2390;2;9567;23;1.5;0.0
17;2021-01-21;2497;2;12064;25;1.9;0.0
17;2021-01-22;1879;5;13943;30;2.2;0.0
17;2021-01-23;738;1;14681;31;2.3;0.0
17;2021-01-24;48;0;14729;31;2.3;0.0
17;2021-01-25;1383;4;16112;35;2.5;0.0
17;2021-01-26;2109;2;18221;37;2.8;0.0
17;2021-01-27;1674;31;19895;68;3.1;0.0
17;2021-01-28;2474;230;22369;298;3.5;0.0
17;2021-01-29;1737;220;24106;518;3.7;0.1
17;2021-01-30;528;5;24634;523;3.8;0.1
17;2021-01-31;36;1;24670;524;3.8;0.1
17;2021-02-01;738;211;25408;735;3.9;0.1
17;2021-02-02;1184;348;26592;1083;4.1;0.2
17;2021-02-03;1251;409;27843;1492;4.3;0.2
17;2021-02-04;1157;503;29000;1995;4.5;0.3
17;2021-02-05;601;756;29601;2751;4.6;0.4
17;2021-02-06;17;42;29618;2793;4.6;0.4
17;2021-02-07;31;13;29649;2806;4.6;0.4
17;2021-02-08;705;402;30354;3208;4.7;0.5
17;2021-02-09;1099;1318;31453;4526;4.9;0.7
17;2021-02-10;862;1284;32315;5810;5.0;0.9
17;2021-02-11;1238;1399;33553;7209;5.2;1.1
17;2021-02-12;772;968;34325;8177;5.3;1.3
17;2021-02-13;42;104;34367;8281;5.3;1.3
17;2021-02-14;0;10;34367;8291;5.3;1.3
17;2021-02-15;619;1226;34986;9517;5.4;1.5
17;2021-02-16;745;1836;35731;11353;5.5;1.8
17;2021-02-17;797;1361;36528;12714;5.6;2.0
17;2021-02-18;963;2185;37491;14899;5.8;2.3
17;2021-02-19;1065;1544;38556;16443;6.0;2.5
17;2021-02-20;99;308;38655;16751;6.0;2.6
17;2021-02-21;9;2;38664;16753;6.0;2.6
17;2021-02-22;644;1630;39308;18383;6.1;2.8
17;2021-02-23;775;1537;40083;19920;6.2;3.1
17;2021-02-24;1077;1595;41160;21515;6.4;3.3
17;2021-02-25;1083;1709;42243;23224;6.5;3.6
17;2021-02-26;1303;1297;43546;24521;6.7;3.8
17;2021-02-27;525;246;44071;24767;6.8;3.8
17;2021-02-28;17;9;44088;24776;6.8;3.8
17;2021-03-01;634;1044;44722;25820;6.9;4.0
17;2021-03-02;1088;869;45810;26689;7.1;4.1
17;2021-03-03;1609;794;47419;27483;7.3;4.2
17;2021-03-04;2420;1135;49839;28618;7.7;4.4
17;2021-03-05;2657;676;52496;29294;8.1;4.5
17;2021-03-06;1022;25;53518;29319;8.3;4.5
17;2021-03-07;178;47;53696;29366;8.3;4.5
17;2021-03-08;1014;836;54710;30202;8.5;4.7
17;2021-03-09;1743;613;56453;30815;8.7;4.8
17;2021-03-10;2045;642;58498;31457;9.0;4.9
17;2021-03-11;3229;993;61727;32450;9.5;5.0
17;2021-03-12;3348;624;65075;33074;10.1;5.1
17;2021-03-13;1197;10;66272;33084;10.2;5.1
17;2021-03-14;28;0;66300;33084;10.2;5.1
17;2021-03-15;1235;991;67535;34075;10.4;5.3
17;2021-03-16;890;534;68425;34609;10.6;5.3
17;2021-03-17;1456;700;69881;35309;10.8;5.5
17;2021-03-18;1679;762;71560;36071;11.1;5.6
17;2021-03-19;2095;542;73655;36613;11.4;5.7
17;2021-03-20;1080;53;74735;36666;11.5;5.7
17;2021-03-21;33;42;74768;36708;11.6;5.7
17;2021-03-22;1572;688;76340;37396;11.8;5.8
17;2021-03-23;2484;577;78824;37973;12.2;5.9
17;2021-03-24;3535;845;82359;38818;12.7;6.0
17;2021-03-25;4701;634;87060;39452;13.5;6.1
17;2021-03-26;4934;463;91994;39915;14.2;6.2
17;2021-03-27;1734;69;93728;39984;14.5;6.2
17;2021-03-28;364;45;94092;40029;14.5;6.2
17;2021-03-29;2358;560;96450;40589;14.9;6.3
17;2021-03-30;2649;982;99099;41571;15.3;6.4
17;2021-03-31;3836;902;102935;42473;15.9;6.6
17;2021-04-01;4009;1150;106944;43623;16.5;6.7
17;2021-04-02;3701;825;110645;44448;17.1;6.9
17;2021-04-03;1148;183;111793;44631;17.3;6.9
17;2021-04-04;500;5;112293;44636;17.4;6.9
17;2021-04-05;442;128;112735;44764;17.4;6.9
17;2021-04-06;3474;1023;116209;45787;18.0;7.1
17;2021-04-07;4125;1139;120334;46926;18.6;7.3
17;2021-04-08;4563;1459;124897;48385;19.3;7.5
17;2021-04-09;6490;831;131387;49216;20.3;7.6
17;2021-04-10;2579;62;133966;49278;20.7;7.6
17;2021-04-11;783;16;134749;49294;20.8;7.6
17;2021-04-12;2885;1609;137634;50903;21.3;7.9
17;2021-04-13;4139;1280;141773;52183;21.9;8.1
17;2021-04-14;4413;1185;146186;53368;22.6;8.2
17;2021-04-15;4587;1132;150773;54500;23.3;8.4
17;2021-04-16;4289;1149;155062;55649;24.0;8.6
17;2021-04-17;1671;381;156733;56030;24.2;8.7
17;2021-04-18;470;81;157203;56111;24.3;8.7
17;2021-04-19;2341;2060;159544;58171;24.7;9.0
17;2021-04-20;2917;2549;162461;60720;25.1;9.4
17;2021-04-21;2970;1938;165431;62658;25.6;9.7
17;2021-04-22;3113;2353;168544;65011;26.0;10.0
17;2021-04-23;2438;2717;170982;67728;26.4;10.5
17;2021-04-24;1665;920;172647;68648;26.7;10.6
17;2021-04-25;664;243;173311;68891;26.8;10.6
17;2021-04-26;2571;2625;175882;71516;27.2;11.1
17;2021-04-27;3148;2668;179030;74184;27.7;11.5
17;2021-04-28;3095;2938;182125;77122;28.1;11.9
17;2021-04-29;4127;2856;186252;79978;28.8;12.4
17;2021-04-30;4345;2624;190597;82602;29.5;12.8
17;2021-05-01;849;543;191446;83145;29.6;12.8
17;2021-05-02;548;840;191994;83985;29.7;13.0
17;2021-05-03;2540;2949;194534;86934;30.1;13.4
17;2021-05-04;2320;3725;196854;90659;30.4;14.0
17;2021-05-05;2904;3696;199758;94355;30.9;14.6
17;2021-05-06;4119;3400;203877;97755;31.5;15.1
17;2021-05-07;4349;3629;208226;101384;32.2;15.7
17;2021-05-08;1289;751;209515;102135;32.4;15.8
17;2021-05-09;1307;702;210822;102837;32.6;15.9
17;2021-05-10;2722;3683;213544;106520;33.0;16.5
17;2021-05-11;3502;3998;217046;110518;33.5;17.1
17;2021-05-12;3527;3807;220573;114325;34.1;17.7
17;2021-05-13;2548;691;223121;115016;34.5;17.8
17;2021-05-14;3035;2394;226156;117410;35.0;18.1
17;2021-05-15;2124;662;228280;118072;35.3;18.2
17;2021-05-16;1733;313;230013;118385;35.5;18.3
17;2021-05-17;4284;1984;234297;120369;36.2;18.6
17;2021-05-18;4739;1632;239036;122001;36.9;18.9
17;2021-05-19;5063;1264;244099;123265;37.7;19.0
17;2021-05-20;4940;1944;249039;125209;38.5;19.3
17;2021-05-21;4991;1954;254030;127163;39.3;19.7
17;2021-05-22;2390;532;256420;127695;39.6;19.7
17;2021-05-23;1899;126;258319;127821;39.9;19.8
17;2021-05-24;1422;207;259741;128028;40.1;19.8
17;2021-05-25;4029;1765;263770;129793;40.8;20.1
17;2021-05-26;4365;2034;268135;131827;41.4;20.4
17;2021-05-27;5213;2126;273348;133953;42.2;20.7
17;2021-05-28;4459;3429;277807;137382;42.9;21.2
17;2021-05-29;1558;1702;279365;139084;43.2;21.5
17;2021-05-30;855;406;280220;139490;43.3;21.6
17;2021-05-31;2939;3013;283159;142503;43.8;22.0
17;2021-06-01;4290;2924;287449;145427;44.4;22.5
17;2021-06-02;4183;3165;291632;148592;45.1;23.0
17;2021-06-03;5048;3162;296680;151754;45.8;23.5
17;2021-06-04;4512;3852;301192;155606;46.5;24.0
17;2021-06-05;1985;1605;303177;157211;46.9;24.3
17;2021-06-06;848;732;304025;157943;47.0;24.4
17;2021-06-07;3127;4337;307152;162280;47.5;25.1
17;2021-06-08;3783;4487;310935;166767;48.1;25.8
17;2021-06-09;4344;3046;315279;169813;48.7;26.2
17;2021-06-10;4918;2782;320197;172595;49.5;26.7
17;2021-06-11;4753;3681;324950;176276;50.2;27.2
17;2021-06-12;1803;1394;326753;177670;50.5;27.5
17;2021-06-13;604;414;327357;178084;50.6;27.5
17;2021-06-14;2825;4529;330182;182613;51.0;28.2
17;2021-06-15;3608;4375;333790;186988;51.6;28.9
17;2021-06-16;4127;3678;337917;190666;52.2;29.5
17;2021-06-17;4343;4115;342260;194781;52.9;30.1
17;2021-06-18;4030;4430;346290;199211;53.5;30.8
17;2021-06-19;1440;1986;347730;201197;53.7;31.1
17;2021-06-20;592;1033;348322;202230;53.8;31.3
17;2021-06-21;2538;4370;350860;206600;54.2;31.9
17;2021-06-22;3509;4445;354369;211045;54.8;32.6
17;2021-06-23;3761;3976;358130;215021;55.3;33.2
17;2021-06-24;3575;3954;361705;218975;55.9;33.8
17;2021-06-25;2700;4988;364405;223963;56.3;34.6
17;2021-06-26;899;2338;365304;226301;56.5;35.0
17;2021-06-27;395;1907;365699;228208;56.5;35.3
17;2021-06-28;1514;5432;367213;233640;56.7;36.1
17;2021-06-29;1668;5891;368881;239531;57.0;37.0
17;2021-06-30;2017;5564;370898;245095;57.3;37.9
17;2021-07-01;2191;5564;373089;250659;57.7;38.7
17;2021-07-02;2458;5998;375547;256657;58.0;39.7
17;2021-07-03;618;2549;376165;259206;58.1;40.1
17;2021-07-04;150;1253;376315;260459;58.2;40.3
17;2021-07-05;1849;5182;378164;265641;58.4;41.1
17;2021-07-06;2113;5597;380277;271238;58.8;41.9
17;2021-07-07;2371;5501;382648;276739;59.1;42.8
17;2021-07-08;2893;5447;385541;282186;59.6;43.6
17;2021-07-09;2504;6088;388045;288274;60.0;44.5
17;2021-07-10;823;2478;388868;290752;60.1;44.9
17;2021-07-11;366;901;389234;291653;60.2;45.1
17;2021-07-12;1989;5631;391223;297284;60.5;45.9
17;2021-07-13;2347;6717;393570;304001;60.8;47.0
17;2021-07-14;63;70;393633;304071;60.8;47.0
17;2021-07-15;2162;6858;395795;310929;61.2;48.1
17;2021-07-16;2750;6975;398545;317904;61.6;49.1
17;2021-07-17;1002;2278;399547;320182;61.7;49.5
17;2021-07-18;310;1040;399857;321222;61.8;49.6
17;2021-07-19;2611;5913;402468;327135;62.2;50.6
17;2021-07-20;3251;6323;405719;333458;62.7;51.5
17;2021-07-21;3737;6007;409456;339465;63.3;52.5
17;2021-07-22;4120;6250;413576;345715;63.9;53.4
18;2020-12-27;0;0;0;0;0.0;0.0
18;2020-12-28;0;0;0;0;0.0;0.0
18;2020-12-29;0;0;0;0;0.0;0.0
18;2020-12-30;1;0;1;0;0.0;0.0
18;2020-12-31;0;0;1;0;0.0;0.0
18;2021-01-01;0;0;1;0;0.0;0.0
18;2021-01-02;0;0;1;0;0.0;0.0
18;2021-01-03;0;0;1;0;0.0;0.0
18;2021-01-04;3;0;4;0;0.0;0.0
18;2021-01-05;0;0;4;0;0.0;0.0
18;2021-01-06;1;0;5;0;0.0;0.0
18;2021-01-07;30;1;35;1;0.0;0.0
18;2021-01-08;65;0;100;1;0.0;0.0
18;2021-01-09;224;0;324;1;0.1;0.0
18;2021-01-10;146;0;470;1;0.2;0.0
18;2021-01-11;170;1;640;2;0.2;0.0
18;2021-01-12;373;0;1013;2;0.3;0.0
18;2021-01-13;270;2;1283;4;0.4;0.0
18;2021-01-14;270;2;1553;6;0.5;0.0
18;2021-01-15;332;1;1885;7;0.6;0.0
18;2021-01-16;288;3;2173;10;0.7;0.0
18;2021-01-17;0;0;2173;10;0.7;0.0
18;2021-01-18;289;0;2462;10;0.8;0.0
18;2021-01-19;1375;4;3837;14;1.3;0.0
18;2021-01-20;1239;1;5076;15;1.7;0.0
18;2021-01-21;961;0;6037;15;2.0;0.0
18;2021-01-22;780;1;6817;16;2.3;0.0
18;2021-01-23;249;2;7066;18;2.4;0.0
18;2021-01-24;0;0;7066;18;2.4;0.0
18;2021-01-25;509;0;7575;18;2.6;0.0
18;2021-01-26;395;1;7970;19;2.7;0.0
18;2021-01-27;389;2;8359;21;2.8;0.0
18;2021-01-28;566;7;8925;28;3.0;0.0
18;2021-01-29;492;72;9417;100;3.2;0.0
18;2021-01-30;432;167;9849;267;3.3;0.1
18;2021-01-31;81;121;9930;388;3.4;0.1
18;2021-02-01;328;142;10258;530;3.5;0.2
18;2021-02-02;505;244;10763;774;3.6;0.3
18;2021-02-03;397;204;11160;978;3.8;0.3
18;2021-02-04;630;225;11790;1203;4.0;0.4
18;2021-02-05;449;194;12239;1397;4.1;0.5
18;2021-02-06;283;102;12522;1499;4.2;0.5
18;2021-02-07;107;1;12629;1500;4.3;0.5
18;2021-02-08;268;231;12897;1731;4.4;0.6
18;2021-02-09;582;781;13479;2512;4.5;0.8
18;2021-02-10;739;700;14218;3212;4.8;1.1
18;2021-02-11;655;448;14873;3660;5.0;1.2
18;2021-02-12;502;326;15375;3986;5.2;1.3
18;2021-02-13;286;124;15661;4110;5.3;1.4
18;2021-02-14;364;96;16025;4206;5.4;1.4
18;2021-02-15;379;392;16404;4598;5.5;1.6
18;2021-02-16;399;397;16803;4995;5.7;1.7
18;2021-02-17;403;457;17206;5452;5.8;1.8
18;2021-02-18;343;545;17549;5997;5.9;2.0
18;2021-02-19;469;303;18018;6300;6.1;2.1
18;2021-02-20;719;237;18737;6537;6.3;2.2
18;2021-02-21;316;0;19053;6537;6.4;2.2
18;2021-02-22;217;371;19270;6908;6.5;2.3
18;2021-02-23;204;351;19474;7259;6.6;2.4
18;2021-02-24;240;271;19714;7530;6.7;2.5
18;2021-02-25;293;521;20007;8051;6.7;2.7
18;2021-02-26;582;236;20589;8287;6.9;2.8
18;2021-02-27;510;389;21099;8676;7.1;2.9
18;2021-02-28;6;68;21105;8744;7.1;3.0
18;2021-03-01;235;415;21340;9159;7.2;3.1
18;2021-03-02;283;520;21623;9679;7.3;3.3
18;2021-03-03;345;586;21968;10265;7.4;3.5
18;2021-03-04;475;572;22443;10837;7.6;3.7
18;2021-03-05;524;372;22967;11209;7.7;3.8
18;2021-03-06;1069;340;24036;11549;8.1;3.9
18;2021-03-07;7;140;24043;11689;8.1;3.9
18;2021-03-08;334;361;24377;12050;8.2;4.1
18;2021-03-09;410;367;24787;12417;8.4;4.2
18;2021-03-10;423;451;25210;12868;8.5;4.3
18;2021-03-11;517;421;25727;13289;8.7;4.5
18;2021-03-12;704;302;26431;13591;8.9;4.6
18;2021-03-13;1162;245;27593;13836;9.3;4.7
18;2021-03-14;299;212;27892;14048;9.4;4.7
18;2021-03-15;489;376;28381;14424;9.6;4.9
18;2021-03-16;392;314;28773;14738;9.7;5.0
18;2021-03-17;383;412;29156;15150;9.8;5.1
18;2021-03-18;511;229;29667;15379;10.0;5.2
18;2021-03-19;754;225;30421;15604;10.3;5.3
18;2021-03-20;984;613;31405;16217;10.6;5.5
18;2021-03-21;309;305;31714;16522;10.7;5.6
18;2021-03-22;601;296;32315;16818;10.9;5.7
18;2021-03-23;704;288;33019;17106;11.1;5.8
18;2021-03-24;1052;295;34071;17401;11.5;5.9
18;2021-03-25;1050;295;35121;17696;11.8;6.0
18;2021-03-26;1210;343;36331;18039;12.3;6.1
18;2021-03-27;1489;318;37820;18357;12.8;6.2
18;2021-03-28;214;0;38034;18357;12.8;6.2
18;2021-03-29;1101;191;39135;18548;13.2;6.3
18;2021-03-30;1085;301;40220;18849;13.6;6.4
18;2021-03-31;1304;247;41524;19096;14.0;6.4
18;2021-04-01;1374;339;42898;19435;14.5;6.6
18;2021-04-02;1229;301;44127;19736;14.9;6.7
18;2021-04-03;581;178;44708;19914;15.1;6.7
18;2021-04-04;71;5;44779;19919;15.1;6.7
18;2021-04-05;199;0;44978;19919;15.2;6.7
18;2021-04-06;1025;332;46003;20251;15.5;6.8
18;2021-04-07;1321;361;47324;20612;16.0;7.0
18;2021-04-08;1692;323;49016;20935;16.5;7.1
18;2021-04-09;1831;273;50847;21208;17.2;7.2
18;2021-04-10;2631;645;53478;21853;18.0;7.4
18;2021-04-11;1984;309;55462;22162;18.7;7.5
18;2021-04-12;1403;386;56865;22548;19.2;7.6
18;2021-04-13;1783;456;58648;23004;19.8;7.8
18;2021-04-14;1377;514;60025;23518;20.3;7.9
18;2021-04-15;1531;527;61556;24045;20.8;8.1
18;2021-04-16;1613;585;63169;24630;21.3;8.3
18;2021-04-17;1599;517;64768;25147;21.9;8.5
18;2021-04-18;377;232;65145;25379;22.0;8.6
18;2021-04-19;1316;590;66461;25969;22.4;8.8
18;2021-04-20;1445;702;67906;26671;22.9;9.0
18;2021-04-21;1270;899;69176;27570;23.3;9.3
18;2021-04-22;1401;701;70577;28271;23.8;9.5
18;2021-04-23;1385;730;71962;29001;24.3;9.8
18;2021-04-24;1354;1267;73316;30268;24.7;10.2
18;2021-04-25;288;216;73604;30484;24.8;10.3
18;2021-04-26;1206;940;74810;31424;25.2;10.6
18;2021-04-27;1544;756;76354;32180;25.8;10.9
18;2021-04-28;1357;868;77711;33048;26.2;11.1
18;2021-04-29;1845;729;79556;33777;26.8;11.4
18;2021-04-30;1569;992;81125;34769;27.4;11.7
18;2021-05-01;787;209;81912;34978;27.6;11.8
18;2021-05-02;807;53;82719;35031;27.9;11.8
18;2021-05-03;1626;1000;84345;36031;28.5;12.2
18;2021-05-04;1729;1271;86074;37302;29.0;12.6
18;2021-05-05;1733;1210;87807;38512;29.6;13.0
18;2021-05-06;2165;1350;89972;39862;30.4;13.4
18;2021-05-07;1235;1399;91207;41261;30.8;13.9
18;2021-05-08;994;1458;92201;42719;31.1;14.4
18;2021-05-09;501;2257;92702;44976;31.3;15.2
18;2021-05-10;1155;1505;93857;46481;31.7;15.7
18;2021-05-11;1694;1752;95551;48233;32.2;16.3
18;2021-05-12;1808;1490;97359;49723;32.8;16.8
18;2021-05-13;1061;371;98420;50094;33.2;16.9
18;2021-05-14;1345;943;99765;51037;33.7;17.2
18;2021-05-15;1810;1154;101575;52191;34.3;17.6
18;2021-05-16;538;582;102113;52773;34.5;17.8
18;2021-05-17;1246;1090;103359;53863;34.9;18.2
18;2021-05-18;2147;929;105506;54792;35.6;18.5
18;2021-05-19;2164;912;107670;55704;36.3;18.8
18;2021-05-20;2274;977;109944;56681;37.1;19.1
18;2021-05-21;1497;761;111441;57442;37.6;19.4
18;2021-05-22;1724;1074;113165;58516;38.2;19.7
18;2021-05-23;484;336;113649;58852;38.3;19.9
18;2021-05-24;463;292;114112;59144;38.5;20.0
18;2021-05-25;1840;1060;115952;60204;39.1;20.3
18;2021-05-26;2152;837;118104;61041;39.8;20.6
18;2021-05-27;2204;1230;120308;62271;40.6;21.0
18;2021-05-28;1712;1305;122020;63576;41.2;21.4
18;2021-05-29;2619;1658;124639;65234;42.1;22.0
18;2021-05-30;1482;503;126121;65737;42.6;22.2
18;2021-05-31;1786;692;127907;66429;43.2;22.4
18;2021-06-01;2041;948;129948;67377;43.8;22.7
18;2021-06-02;2005;1021;131953;68398;44.5;23.1
18;2021-06-03;2284;1196;134237;69594;45.3;23.5
18;2021-06-04;1908;1123;136145;70717;45.9;23.9
18;2021-06-05;2803;1449;138948;72166;46.9;24.3
18;2021-06-06;365;380;139313;72546;47.0;24.5
18;2021-06-07;1296;1227;140609;73773;47.4;24.9
18;2021-06-08;1492;1390;142101;75163;47.9;25.4
18;2021-06-09;1327;1065;143428;76228;48.4;25.7
18;2021-06-10;1629;1409;145057;77637;48.9;26.2
18;2021-06-11;1495;1402;146552;79039;49.4;26.7
18;2021-06-12;1243;2508;147795;81547;49.9;27.5
18;2021-06-13;126;261;147921;81808;49.9;27.6
18;2021-06-14;657;1828;148578;83636;50.1;28.2
18;2021-06-15;1090;1822;149668;85458;50.5;28.8
18;2021-06-16;1251;1438;150919;86896;50.9;29.3
18;2021-06-17;1204;1669;152123;88565;51.3;29.9
18;2021-06-18;1287;1664;153410;90229;51.8;30.4
18;2021-06-19;1562;1246;154972;91475;52.3;30.9
18;2021-06-20;245;159;155217;91634;52.4;30.9
18;2021-06-21;664;1597;155881;93231;52.6;31.5
18;2021-06-22;1059;1640;156940;94871;52.9;32.0
18;2021-06-23;939;1640;157879;96511;53.3;32.6
18;2021-06-24;1027;1061;158906;97572;53.6;32.9
18;2021-06-25;886;1750;159792;99322;53.9;33.5
18;2021-06-26;1095;1476;160887;100798;54.3;34.0
18;2021-06-27;30;376;160917;101174;54.3;34.1
18;2021-06-28;420;1927;161337;103101;54.4;34.8
18;2021-06-29;586;2385;161923;105486;54.6;35.6
18;2021-06-30;601;2551;162524;108037;54.8;36.4
18;2021-07-01;943;2156;163467;110193;55.2;37.2
18;2021-07-02;607;1684;164074;111877;55.4;37.7
18;2021-07-03;746;2580;164820;114457;55.6;38.6
18;2021-07-04;164;1035;164984;115492;55.7;39.0
18;2021-07-05;758;1880;165742;117372;55.9;39.6
18;2021-07-06;551;2308;166293;119680;56.1;40.4
18;2021-07-07;765;2118;167058;121798;56.4;41.1
18;2021-07-08;1026;1981;168084;123779;56.7;41.8
18;2021-07-09;701;2305;168785;126084;56.9;42.5
18;2021-07-10;776;3180;169561;129264;57.2;43.6
18;2021-07-11;79;664;169640;129928;57.2;43.8
18;2021-07-12;220;2248;169860;132176;57.3;44.6
18;2021-07-13;609;2903;170469;135079;57.5;45.6
18;2021-07-14;194;936;170663;136015;57.6;45.9
18;2021-07-15;1388;2814;172051;138829;58.0;46.8
18;2021-07-16;1174;2130;173225;140959;58.4;47.6
18;2021-07-17;1120;2474;174345;143433;58.8;48.4
18;2021-07-18;229;324;174574;143757;58.9;48.5
18;2021-07-19;1047;1660;175621;145417;59.3;49.1
18;2021-07-20;1615;2263;177236;147680;59.8;49.8
18;2021-07-21;1883;2044;179119;149724;60.4;50.5
18;2021-07-22;2185;1868;181304;151592;61.2;51.1
19;2020-12-27;0;0;0;0;0.0;0.0
19;2020-12-28;0;0;0;0;0.0;0.0
19;2020-12-29;0;0;0;0;0.0;0.0
19;2020-12-30;0;0;0;0;0.0;0.0
19;2020-12-31;0;0;0;0;0.0;0.0
19;2021-01-01;0;0;0;0;0.0;0.0
19;2021-01-02;0;0;0;0;0.0;0.0
19;2021-01-03;0;0;0;0;0.0;0.0
19;2021-01-04;0;0;0;0;0.0;0.0
19;2021-01-05;0;0;0;0;0.0;0.0
19;2021-01-06;0;0;0;0;0.0;0.0
19;2021-01-07;342;0;342;0;0.1;0.0
19;2021-01-08;247;1;589;1;0.2;0.0
19;2021-01-09;0;0;589;1;0.2;0.0
19;2021-01-10;1;0;590;1;0.2;0.0
19;2021-01-11;38;0;628;1;0.3;0.0
19;2021-01-12;413;0;1041;1;0.4;0.0
19;2021-01-13;422;3;1463;4;0.6;0.0
19;2021-01-14;473;1;1936;5;0.8;0.0
19;2021-01-15;224;0;2160;5;0.9;0.0
19;2021-01-16;0;0;2160;5;0.9;0.0
19;2021-01-17;1;0;2161;5;0.9;0.0
19;2021-01-18;251;1;2412;6;1.0;0.0
19;2021-01-19;518;0;2930;6;1.2;0.0
19;2021-01-20;920;1;3850;7;1.6;0.0
19;2021-01-21;504;1;4354;8;1.8;0.0
19;2021-01-22;1315;3;5669;11;2.4;0.0
19;2021-01-23;280;0;5949;11;2.5;0.0
19;2021-01-24;36;0;5985;11;2.5;0.0
19;2021-01-25;233;0;6218;11;2.6;0.0
19;2021-01-26;607;4;6825;15;2.8;0.0
19;2021-01-27;334;3;7159;18;3.0;0.0
19;2021-01-28;297;249;7456;267;3.1;0.1
19;2021-01-29;346;60;7802;327;3.2;0.1
19;2021-01-30;130;23;7932;350;3.3;0.1
19;2021-01-31;41;0;7973;350;3.3;0.1
19;2021-02-01;155;96;8128;446;3.4;0.2
19;2021-02-02;303;429;8431;875;3.5;0.4
19;2021-02-03;283;247;8714;1122;3.6;0.5
19;2021-02-04;255;374;8969;1496;3.7;0.6
19;2021-02-05;310;75;9279;1571;3.9;0.7
19;2021-02-06;208;0;9487;1571;3.9;0.7
19;2021-02-07;48;1;9535;1572;4.0;0.7
19;2021-02-08;177;150;9712;1722;4.0;0.7
19;2021-02-09;332;275;10044;1997;4.2;0.8
19;2021-02-10;515;296;10559;2293;4.4;1.0
19;2021-02-11;410;327;10969;2620;4.6;1.1
19;2021-02-12;798;1166;11767;3786;4.9;1.6
19;2021-02-13;351;182;12118;3968;5.0;1.7
19;2021-02-14;98;13;12216;3981;5.1;1.7
19;2021-02-15;200;247;12416;4228;5.2;1.8
19;2021-02-16;385;172;12801;4400;5.3;1.8
19;2021-02-17;306;469;13107;4869;5.5;2.0
19;2021-02-18;174;510;13281;5379;5.5;2.2
19;2021-02-19;469;301;13750;5680;5.7;2.4
19;2021-02-20;133;208;13883;5888;5.8;2.4
19;2021-02-21;20;40;13903;5928;5.8;2.5
19;2021-02-22;219;211;14122;6139;5.9;2.6
19;2021-02-23;268;362;14390;6501;6.0;2.7
19;2021-02-24;358;209;14748;6710;6.1;2.8
19;2021-02-25;519;380;15267;7090;6.4;3.0
19;2021-02-26;395;318;15662;7408;6.5;3.1
19;2021-02-27;347;161;16009;7569;6.7;3.1
19;2021-02-28;68;36;16077;7605;6.7;3.2
19;2021-03-01;266;220;16343;7825;6.8;3.3
19;2021-03-02;428;257;16771;8082;7.0;3.4
19;2021-03-03;688;335;17459;8417;7.3;3.5
19;2021-03-04;823;350;18282;8767;7.6;3.6
19;2021-03-05;892;735;19174;9502;8.0;4.0
19;2021-03-06;1072;212;20246;9714;8.4;4.0
19;2021-03-07;463;36;20709;9750;8.6;4.1
19;2021-03-08;636;157;21345;9907;8.9;4.1
19;2021-03-09;835;247;22180;10154;9.2;4.2
19;2021-03-10;1153;315;23333;10469;9.7;4.4
19;2021-03-11;1272;308;24605;10777;10.2;4.5
19;2021-03-12;1134;399;25739;11176;10.7;4.7
19;2021-03-13;1108;159;26847;11335;11.2;4.7
19;2021-03-14;159;84;27006;11419;11.2;4.8
19;2021-03-15;698;135;27704;11554;11.5;4.8
19;2021-03-16;688;300;28392;11854;11.8;4.9
19;2021-03-17;837;280;29229;12134;12.2;5.0
19;2021-03-18;766;281;29995;12415;12.5;5.2
19;2021-03-19;1013;483;31008;12898;12.9;5.4
19;2021-03-20;781;131;31789;13029;13.2;5.4
19;2021-03-21;127;3;31916;13032;13.3;5.4
19;2021-03-22;547;176;32463;13208;13.5;5.5
19;2021-03-23;1044;230;33507;13438;13.9;5.6
19;2021-03-24;1169;368;34676;13806;14.4;5.7
19;2021-03-25;1187;410;35863;14216;14.9;5.9
19;2021-03-26;1319;272;37182;14488;15.5;6.0
19;2021-03-27;855;185;38037;14673;15.8;6.1
19;2021-03-28;62;60;38099;14733;15.9;6.1
19;2021-03-29;610;178;38709;14911;16.1;6.2
19;2021-03-30;969;342;39678;15253;16.5;6.3
19;2021-03-31;1156;498;40834;15751;17.0;6.6
19;2021-04-01;1491;419;42325;16170;17.6;6.7
19;2021-04-02;1006;517;43331;16687;18.0;6.9
19;2021-04-03;597;283;43928;16970;18.3;7.1
19;2021-04-04;130;3;44058;16973;18.3;7.1
19;2021-04-05;40;75;44098;17048;18.3;7.1
19;2021-04-06;737;601;44835;17649;18.7;7.3
19;2021-04-07;978;730;45813;18379;19.1;7.6
19;2021-04-08;1115;1011;46928;19390;19.5;8.1
19;2021-04-09;1641;605;48569;19995;20.2;8.3
19;2021-04-10;945;553;49514;20548;20.6;8.5
19;2021-04-11;558;74;50072;20622;20.8;8.6
19;2021-04-12;677;521;50749;21143;21.1;8.8
19;2021-04-13;916;575;51665;21718;21.5;9.0
19;2021-04-14;1333;838;52998;22556;22.1;9.4
19;2021-04-15;1228;867;54226;23423;22.6;9.7
19;2021-04-16;1503;818;55729;24241;23.2;10.1
19;2021-04-17;760;475;56489;24716;23.5;10.3
19;2021-04-18;659;69;57148;24785;23.8;10.3
19;2021-04-19;728;436;57876;25221;24.1;10.5
19;2021-04-20;974;746;58850;25967;24.5;10.8
19;2021-04-21;1268;693;60118;26660;25.0;11.1
19;2021-04-22;1189;890;61307;27550;25.5;11.5
19;2021-04-23;1127;1017;62434;28567;26.0;11.9
19;2021-04-24;678;670;63112;29237;26.3;12.2
19;2021-04-25;675;67;63787;29304;26.5;12.2
19;2021-04-26;1056;326;64843;29630;27.0;12.3
19;2021-04-27;1028;543;65871;30173;27.4;12.6
19;2021-04-28;1550;551;67421;30724;28.1;12.8
19;2021-04-29;1451;1194;68872;31918;28.7;13.3
19;2021-04-30;1874;1048;70746;32966;29.4;13.7
19;2021-05-01;669;168;71415;33134;29.7;13.8
19;2021-05-02;550;148;71965;33282;29.9;13.8
19;2021-05-03;852;547;72817;33829;30.3;14.1
19;2021-05-04;1025;701;73842;34530;30.7;14.4
19;2021-05-05;1254;737;75096;35267;31.2;14.7
19;2021-05-06;1127;1202;76223;36469;31.7;15.2
19;2021-05-07;1659;1188;77882;37657;32.4;15.7
19;2021-05-08;710;212;78592;37869;32.7;15.8
19;2021-05-09;487;544;79079;38413;32.9;16.0
19;2021-05-10;1164;667;80243;39080;33.4;16.3
19;2021-05-11;1636;856;81879;39936;34.1;16.6
19;2021-05-12;1942;1318;83821;41254;34.9;17.2
19;2021-05-13;570;240;84391;41494;35.1;17.3
19;2021-05-14;1645;985;86036;42479;35.8;17.7
19;2021-05-15;1442;589;87478;43068;36.4;17.9
19;2021-05-16;349;82;87827;43150;36.5;18.0
19;2021-05-17;1497;544;89324;43694;37.2;18.2
19;2021-05-18;1669;483;90993;44177;37.9;18.4
19;2021-05-19;1997;814;92990;44991;38.7;18.7
19;2021-05-20;1718;888;94708;45879;39.4;19.1
19;2021-05-21;1964;812;96672;46691;40.2;19.4
19;2021-05-22;1270;652;97942;47343;40.8;19.7
19;2021-05-23;324;130;98266;47473;40.9;19.8
19;2021-05-24;139;46;98405;47519;40.9;19.8
19;2021-05-25;1501;487;99906;48006;41.6;20.0
19;2021-05-26;1923;662;101829;48668;42.4;20.2
19;2021-05-27;1784;830;103613;49498;43.1;20.6
19;2021-05-28;1938;986;105551;50484;43.9;21.0
19;2021-05-29;1373;706;106924;51190;44.5;21.3
19;2021-05-30;190;497;107114;51687;44.6;21.5
19;2021-05-31;1200;537;108314;52224;45.1;21.7
19;2021-06-01;1281;883;109595;53107;45.6;22.1
19;2021-06-02;1814;956;111409;54063;46.4;22.5
19;2021-06-03;1447;1252;112856;55315;47.0;23.0
19;2021-06-04;1845;1345;114701;56660;47.7;23.6
19;2021-06-05;1209;813;115910;57473;48.2;23.9
19;2021-06-06;87;649;115997;58122;48.3;24.2
19;2021-06-07;921;932;116918;59054;48.6;24.6
19;2021-06-08;1105;907;118023;59961;49.1;24.9
19;2021-06-09;1328;1460;119351;61421;49.7;25.6
19;2021-06-10;1278;1581;120629;63002;50.2;26.2
19;2021-06-11;1310;1916;121939;64918;50.7;27.0
19;2021-06-12;1354;1317;123293;66235;51.3;27.6
19;2021-06-13;536;421;123829;66656;51.5;27.7
19;2021-06-14;735;1018;124564;67674;51.8;28.2
19;2021-06-15;974;1142;125538;68816;52.2;28.6
19;2021-06-16;1222;1361;126760;70177;52.7;29.2
19;2021-06-17;858;1790;127618;71967;53.1;29.9
19;2021-06-18;1056;2138;128674;74105;53.5;30.8
19;2021-06-19;916;1299;129590;75404;53.9;31.4
19;2021-06-20;394;325;129984;75729;54.1;31.5
19;2021-06-21;499;1075;130483;76804;54.3;32.0
19;2021-06-22;695;1491;131178;78295;54.6;32.6
19;2021-06-23;738;1982;131916;80277;54.9;33.4
19;2021-06-24;684;1662;132600;81939;55.2;34.1
19;2021-06-25;560;2216;133160;84155;55.4;35.0
19;2021-06-26;467;1740;133627;85895;55.6;35.7
19;2021-06-27;288;444;133915;86339;55.7;35.9
19;2021-06-28;314;1499;134229;87838;55.9;36.5
19;2021-06-29;348;1891;134577;89729;56.0;37.3
19;2021-06-30;783;2155;135360;91884;56.3;38.2
19;2021-07-01;354;2321;135714;94205;56.5;39.2
19;2021-07-02;774;2319;136488;96524;56.8;40.2
19;2021-07-03;511;1736;136999;98260;57.0;40.9
19;2021-07-04;1;73;137000;98333;57.0;40.9
19;2021-07-05;593;1014;137593;99347;57.3;41.3
19;2021-07-06;504;1538;138097;100885;57.5;42.0
19;2021-07-07;701;2048;138798;102933;57.8;42.8
19;2021-07-08;764;2151;139562;105084;58.1;43.7
19;2021-07-09;712;2661;140274;107745;58.4;44.8
19;2021-07-10;585;1703;140859;109448;58.6;45.5
19;2021-07-11;45;212;140904;109660;58.6;45.6
19;2021-07-12;447;1488;141351;111148;58.8;46.2
19;2021-07-13;675;1831;142026;112979;59.1;47.0
19;2021-07-14;198;272;142224;113251;59.2;47.1
19;2021-07-15;864;2050;143088;115301;59.5;48.0
19;2021-07-16;1217;2430;144305;117731;60.0;49.0
19;2021-07-17;700;1712;145005;119443;60.3;49.7
19;2021-07-18;362;665;145367;120108;60.5;50.0
19;2021-07-19;959;1402;146326;121510;60.9;50.6
19;2021-07-20;960;1667;147286;123177;61.3;51.3
19;2021-07-21;1023;1699;148309;124876;61.7;52.0
19;2021-07-22;1376;1849;149685;126725;62.3;52.7
21;2020-12-27;4;0;4;0;0.0;0.0
21;2020-12-28;1;0;5;0;0.0;0.0
21;2020-12-29;19;0;24;0;0.0;0.0
21;2020-12-30;20;0;44;0;0.0;0.0
21;2020-12-31;0;0;44;0;0.0;0.0
21;2021-01-01;0;0;44;0;0.0;0.0
21;2021-01-02;1;0;45;0;0.0;0.0
21;2021-01-03;0;0;45;0;0.0;0.0
21;2021-01-04;22;0;67;0;0.0;0.0
21;2021-01-05;250;2;317;2;0.1;0.0
21;2021-01-06;300;0;617;2;0.1;0.0
21;2021-01-07;389;0;1006;2;0.2;0.0
21;2021-01-08;455;3;1461;5;0.3;0.0
21;2021-01-09;251;0;1712;5;0.3;0.0
21;2021-01-10;1;0;1713;5;0.3;0.0
21;2021-01-11;623;1;2336;6;0.4;0.0
21;2021-01-12;651;0;2987;6;0.6;0.0
21;2021-01-13;702;2;3689;8;0.7;0.0
21;2021-01-14;1183;5;4872;13;0.9;0.0
21;2021-01-15;714;4;5586;17;1.0;0.0
21;2021-01-16;162;0;5748;17;1.1;0.0
21;2021-01-17;4;0;5752;17;1.1;0.0
21;2021-01-18;1315;6;7067;23;1.3;0.0
21;2021-01-19;1360;1;8427;24;1.6;0.0
21;2021-01-20;1293;44;9720;68;1.8;0.0
21;2021-01-21;1532;2;11252;70;2.1;0.0
21;2021-01-22;1234;3;12486;73;2.3;0.0
21;2021-01-23;487;0;12973;73;2.4;0.0
21;2021-01-24;121;0;13094;73;2.5;0.0
21;2021-01-25;922;18;14016;91;2.6;0.0
21;2021-01-26;1533;146;15549;237;2.9;0.0
21;2021-01-27;2038;152;17587;389;3.3;0.1
21;2021-01-28;1447;224;19034;613;3.6;0.1
21;2021-01-29;1023;212;20057;825;3.8;0.2
21;2021-01-30;467;31;20524;856;3.9;0.2
21;2021-01-31;97;5;20621;861;3.9;0.2
21;2021-02-01;451;288;21072;1149;4.0;0.2
21;2021-02-02;454;440;21526;1589;4.0;0.3
21;2021-02-03;439;284;21965;1873;4.1;0.4
21;2021-02-04;416;552;22381;2425;4.2;0.5
21;2021-02-05;487;524;22868;2949;4.3;0.6
21;2021-02-06;151;224;23019;3173;4.3;0.6
21;2021-02-07;0;2;23019;3175;4.3;0.6
21;2021-02-08;434;390;23453;3565;4.4;0.7
21;2021-02-09;513;519;23966;4084;4.5;0.8
21;2021-02-10;460;583;24426;4667;4.6;0.9
21;2021-02-11;480;737;24906;5404;4.7;1.0
21;2021-02-12;357;939;25263;6343;4.7;1.2
21;2021-02-13;360;323;25623;6666;4.8;1.3
21;2021-02-14;237;147;25860;6813;4.9;1.3
21;2021-02-15;116;1431;25976;8244;4.9;1.5
21;2021-02-16;207;1579;26183;9823;4.9;1.8
21;2021-02-17;394;1985;26577;11808;5.0;2.2
21;2021-02-18;602;1361;27179;13169;5.1;2.5
21;2021-02-19;215;1146;27394;14315;5.1;2.7
21;2021-02-20;121;429;27515;14744;5.2;2.8
21;2021-02-21;0;83;27515;14827;5.2;2.8
21;2021-02-22;79;782;27594;15609;5.2;2.9
21;2021-02-23;171;1043;27765;16652;5.2;3.1
21;2021-02-24;225;751;27990;17403;5.3;3.3
21;2021-02-25;645;834;28635;18237;5.4;3.4
21;2021-02-26;923;722;29558;18959;5.5;3.6
21;2021-02-27;534;300;30092;19259;5.6;3.6
21;2021-02-28;24;133;30116;19392;5.7;3.6
21;2021-03-01;679;629;30795;20021;5.8;3.8
21;2021-03-02;1053;541;31848;20562;6.0;3.9
21;2021-03-03;1161;431;33009;20993;6.2;3.9
21;2021-03-04;1677;504;34686;21497;6.5;4.0
21;2021-03-05;2191;646;36877;22143;6.9;4.2
21;2021-03-06;1589;190;38466;22333;7.2;4.2
21;2021-03-07;4;16;38470;22349;7.2;4.2
21;2021-03-08;768;443;39238;22792;7.4;4.3
21;2021-03-09;1567;554;40805;23346;7.7;4.4
21;2021-03-10;1624;553;42429;23899;8.0;4.5
21;2021-03-11;2180;675;44609;24574;8.4;4.6
21;2021-03-12;2876;424;47485;24998;8.9;4.7
21;2021-03-13;1930;186;49415;25184;9.3;4.7
21;2021-03-14;36;50;49451;25234;9.3;4.7
21;2021-03-15;1405;76;50856;25310;9.5;4.7
21;2021-03-16;1878;139;52734;25449;9.9;4.8
21;2021-03-17;1800;103;54534;25552;10.2;4.8
21;2021-03-18;2119;253;56653;25805;10.6;4.8
21;2021-03-19;1957;134;58610;25939;11.0;4.9
21;2021-03-20;1228;33;59838;25972;11.2;4.9
21;2021-03-21;1;0;59839;25972;11.2;4.9
21;2021-03-22;1555;82;61394;26054;11.5;4.9
21;2021-03-23;2688;91;64082;26145;12.0;4.9
21;2021-03-24;2889;149;66971;26294;12.6;4.9
21;2021-03-25;3712;220;70683;26514;13.3;5.0
21;2021-03-26;3655;177;74338;26691;14.0;5.0
21;2021-03-27;1719;54;76057;26745;14.3;5.0
21;2021-03-28;200;37;76257;26782;14.3;5.0
21;2021-03-29;1783;513;78040;27295;14.6;5.1
21;2021-03-30;2348;796;80388;28091;15.1;5.3
21;2021-03-31;2714;644;83102;28735;15.6;5.4
21;2021-04-01;2687;711;85789;29446;16.1;5.5
21;2021-04-02;2242;738;88031;30184;16.5;5.7
21;2021-04-03;1018;266;89049;30450;16.7;5.7
21;2021-04-04;2;12;89051;30462;16.7;5.7
21;2021-04-05;5;0;89056;30462;16.7;5.7
21;2021-04-06;1353;1145;90409;31607;17.0;5.9
21;2021-04-07;1744;969;92153;32576;17.3;6.1
21;2021-04-08;3215;1112;95368;33688;17.9;6.3
21;2021-04-09;3477;1178;98845;34866;18.5;6.5
21;2021-04-10;1376;735;100221;35601;18.8;6.7
21;2021-04-11;143;1;100364;35602;18.8;6.7
21;2021-04-12;1116;1360;101480;36962;19.0;6.9
21;2021-04-13;1654;1781;103134;38743;19.4;7.3
21;2021-04-14;1476;1486;104610;40229;19.6;7.5
21;2021-04-15;1897;1593;106507;41822;20.0;7.8
21;2021-04-16;2311;1308;108818;43130;20.4;8.1
21;2021-04-17;1014;968;109832;44098;20.6;8.3
21;2021-04-18;13;4;109845;44102;20.6;8.3
21;2021-04-19;1107;1331;110952;45433;20.8;8.5
21;2021-04-20;1238;1840;112190;47273;21.1;8.9
21;2021-04-21;1093;1731;113283;49004;21.3;9.2
21;2021-04-22;1277;2214;114560;51218;21.5;9.6
21;2021-04-23;1977;1725;116537;52943;21.9;9.9
21;2021-04-24;1001;860;117538;53803;22.1;10.1
21;2021-04-25;8;165;117546;53968;22.1;10.1
21;2021-04-26;1010;1596;118556;55564;22.2;10.4
21;2021-04-27;1836;1949;120392;57513;22.6;10.8
21;2021-04-28;2231;2227;122623;59740;23.0;11.2
21;2021-04-29;3127;2258;125750;61998;23.6;11.6
21;2021-04-30;3556;1863;129306;63861;24.3;12.0
21;2021-05-01;962;222;130268;64083;24.4;12.0
21;2021-05-02;2;5;130270;64088;24.4;12.0
21;2021-05-03;2081;1346;132351;65434;24.8;12.3
21;2021-05-04;2580;1645;134931;67079;25.3;12.6
21;2021-05-05;2251;1689;137182;68768;25.7;12.9
21;2021-05-06;3007;2237;140189;71005;26.3;13.3
21;2021-05-07;2806;2172;142995;73177;26.8;13.7
21;2021-05-08;1063;265;144058;73442;27.0;13.8
21;2021-05-09;26;174;144084;73616;27.0;13.8
21;2021-05-10;3169;1714;147253;75330;27.6;14.1
21;2021-05-11;4916;2000;152169;77330;28.6;14.5
21;2021-05-12;4797;1739;156966;79069;29.5;14.8
21;2021-05-13;3847;360;160813;79429;30.2;14.9
21;2021-05-14;5191;1456;166004;80885;31.2;15.2
21;2021-05-15;3423;643;169427;81528;31.8;15.3
21;2021-05-16;48;5;169475;81533;31.8;15.3
21;2021-05-17;4128;1241;173603;82774;32.6;15.5
21;2021-05-18;4359;1484;177962;84258;33.4;15.8
21;2021-05-19;3473;1108;181435;85366;34.0;16.0
21;2021-05-20;3894;1343;185329;86709;34.8;16.3
21;2021-05-21;3618;2150;188947;88859;35.5;16.7
21;2021-05-22;1669;768;190616;89627;35.8;16.8
21;2021-05-23;4;17;190620;89644;35.8;16.8
21;2021-05-24;1815;266;192435;89910;36.1;16.9
21;2021-05-25;2643;1960;195078;91870;36.6;17.2
21;2021-05-26;2606;1985;197684;93855;37.1;17.6
21;2021-05-27;4012;2103;201696;95958;37.8;18.0
21;2021-05-28;3563;2812;205259;98770;38.5;18.5
21;2021-05-29;1927;1463;207186;100233;38.9;18.8
21;2021-05-30;96;13;207282;100246;38.9;18.8
21;2021-05-31;2496;1775;209778;102021;39.4;19.1
21;2021-06-01;3449;2247;213227;104268;40.0;19.6
21;2021-06-02;2611;1755;215838;106023;40.5;19.9
21;2021-06-03;3146;2071;218984;108094;41.1;20.3
21;2021-06-04;3265;2583;222249;110677;41.7;20.8
21;2021-06-05;2923;1654;225172;112331;42.3;21.1
21;2021-06-06;51;85;225223;112416;42.3;21.1
21;2021-06-07;4309;1342;229532;113758;43.1;21.3
21;2021-06-08;4938;2128;234470;115886;44.0;21.7
21;2021-06-09;4498;1608;238968;117494;44.8;22.0
21;2021-06-10;3923;2579;242891;120073;45.6;22.5
21;2021-06-11;4143;3103;247034;123176;46.4;23.1
21;2021-06-12;2192;1607;249226;124783;46.8;23.4
21;2021-06-13;29;11;249255;124794;46.8;23.4
21;2021-06-14;2191;2567;251446;127361;47.2;23.9
21;2021-06-15;2953;3090;254399;130451;47.7;24.5
21;2021-06-16;2842;2595;257241;133046;48.3;25.0
21;2021-06-17;3413;3039;260654;136085;48.9;25.5
21;2021-06-18;2415;3796;263069;139881;49.4;26.2
21;2021-06-19;2037;1861;265106;141742;49.7;26.6
21;2021-06-20;25;13;265131;141755;49.8;26.6
21;2021-06-21;1825;3410;266956;145165;50.1;27.2
21;2021-06-22;1869;5838;268825;151003;50.4;28.3
21;2021-06-23;2012;5013;270837;156016;50.8;29.3
21;2021-06-24;2344;4663;273181;160679;51.3;30.2
21;2021-06-25;1517;5903;274698;166582;51.5;31.3
21;2021-06-26;1432;3898;276130;170480;51.8;32.0
21;2021-06-27;16;125;276146;170605;51.8;32.0
21;2021-06-28;1385;4023;277531;174628;52.1;32.8
21;2021-06-29;1619;4183;279150;178811;52.4;33.6
21;2021-06-30;1553;3366;280703;182177;52.7;34.2
21;2021-07-01;1623;4139;282326;186316;53.0;35.0
21;2021-07-02;2149;4223;284475;190539;53.4;35.8
21;2021-07-03;1090;2098;285565;192637;53.6;36.1
21;2021-07-04;36;55;285601;192692;53.6;36.2
21;2021-07-05;1589;3629;287190;196321;53.9;36.8
21;2021-07-06;1344;3593;288534;199914;54.1;37.5
21;2021-07-07;1437;3233;289971;203147;54.4;38.1
21;2021-07-08;1861;4160;291832;207307;54.8;38.9
21;2021-07-09;2056;4348;293888;211655;55.2;39.7
21;2021-07-10;1088;2545;294976;214200;55.4;40.2
21;2021-07-11;18;74;294994;214274;55.4;40.2
21;2021-07-12;1601;3725;296595;217999;55.7;40.9
21;2021-07-13;2253;4888;298848;222887;56.1;41.8
21;2021-07-14;2864;1999;301712;224886;56.6;42.2
21;2021-07-15;3747;4546;305459;229432;57.3;43.1
21;2021-07-16;3850;5245;309309;234677;58.0;44.0
21;2021-07-17;2764;4154;312073;238831;58.6;44.8
21;2021-07-18;155;80;312228;238911;58.6;44.8
21;2021-07-19;2354;4613;314582;243524;59.0;45.7
21;2021-07-20;2673;5486;317255;249010;59.5;46.7
21;2021-07-21;2844;4778;320099;253788;60.1;47.6
21;2021-07-22;2835;4675;322934;258463;60.6;48.5
22;2020-12-27;0;0;0;0;0.0;0.0
22;2020-12-28;0;0;0;0;0.0;0.0
22;2020-12-29;0;0;0;0;0.0;0.0
22;2020-12-30;0;0;0;0;0.0;0.0
22;2020-12-31;0;0;0;0;0.0;0.0
22;2021-01-01;0;0;0;0;0.0;0.0
22;2021-01-02;3;0;3;0;0.0;0.0
22;2021-01-03;0;0;3;0;0.0;0.0
22;2021-01-04;4;0;7;0;0.0;0.0
22;2021-01-05;61;0;68;0;0.0;0.0
22;2021-01-06;114;1;182;1;0.0;0.0
22;2021-01-07;67;0;249;1;0.0;0.0
22;2021-01-08;174;0;423;1;0.1;0.0
22;2021-01-09;1;0;424;1;0.1;0.0
22;2021-01-10;0;0;424;1;0.1;0.0
22;2021-01-11;233;3;657;4;0.1;0.0
22;2021-01-12;626;0;1283;4;0.2;0.0
22;2021-01-13;673;1;1956;5;0.3;0.0
22;2021-01-14;713;8;2669;13;0.4;0.0
22;2021-01-15;527;1;3196;14;0.5;0.0
22;2021-01-16;97;0;3293;14;0.6;0.0
22;2021-01-17;1;0;3294;14;0.6;0.0
22;2021-01-18;309;1;3603;15;0.6;0.0
22;2021-01-19;680;1;4283;16;0.7;0.0
22;2021-01-20;598;0;4881;16;0.8;0.0
22;2021-01-21;947;1;5828;17;1.0;0.0
22;2021-01-22;835;2;6663;19;1.1;0.0
22;2021-01-23;218;0;6881;19;1.2;0.0
22;2021-01-24;1;0;6882;19;1.2;0.0
22;2021-01-25;748;10;7630;29;1.3;0.0
22;2021-01-26;1010;59;8640;88;1.4;0.0
22;2021-01-27;3851;107;12491;195;2.1;0.0
22;2021-01-28;4465;83;16956;278;2.8;0.0
22;2021-01-29;1871;128;18827;406;3.2;0.1
22;2021-01-30;287;0;19114;406;3.2;0.1
22;2021-01-31;2;0;19116;406;3.2;0.1
22;2021-02-01;641;81;19757;487;3.3;0.1
22;2021-02-02;902;436;20659;923;3.5;0.2
22;2021-02-03;690;505;21349;1428;3.6;0.2
22;2021-02-04;965;636;22314;2064;3.7;0.3
22;2021-02-05;721;565;23035;2629;3.9;0.4
22;2021-02-06;249;0;23284;2629;3.9;0.4
22;2021-02-07;0;0;23284;2629;3.9;0.4
22;2021-02-08;530;135;23814;2764;4.0;0.5
22;2021-02-09;615;344;24429;3108;4.1;0.5
22;2021-02-10;425;201;24854;3309;4.2;0.6
22;2021-02-11;1086;324;25940;3633;4.4;0.6
22;2021-02-12;594;327;26534;3960;4.5;0.7
22;2021-02-13;318;78;26852;4038;4.5;0.7
22;2021-02-14;0;5;26852;4043;4.5;0.7
22;2021-02-15;670;428;27522;4471;4.6;0.7
22;2021-02-16;1041;705;28563;5176;4.8;0.9
22;2021-02-17;1202;2461;29765;7637;5.0;1.3
22;2021-02-18;2139;3000;31904;10637;5.4;1.8
22;2021-02-19;1633;1943;33537;12580;5.6;2.1
22;2021-02-20;479;212;34016;12792;5.7;2.1
22;2021-02-21;4;49;34020;12841;5.7;2.2
22;2021-02-22;401;721;34421;13562;5.8;2.3
22;2021-02-23;660;931;35081;14493;5.9;2.4
22;2021-02-24;694;944;35775;15437;6.0;2.6
22;2021-02-25;1199;1203;36974;16640;6.2;2.8
22;2021-02-26;1065;708;38039;17348;6.4;2.9
22;2021-02-27;563;284;38602;17632;6.5;3.0
22;2021-02-28;14;8;38616;17640;6.5;3.0
22;2021-03-01;951;523;39567;18163;6.6;3.0
22;2021-03-02;1204;876;40771;19039;6.8;3.2
22;2021-03-03;1324;861;42095;19900;7.1;3.3
22;2021-03-04;1591;928;43686;20828;7.3;3.5
22;2021-03-05;2102;803;45788;21631;7.7;3.6
22;2021-03-06;1109;293;46897;21924;7.9;3.7
22;2021-03-07;219;1;47116;21925;7.9;3.7
22;2021-03-08;1291;651;48407;22576;8.1;3.8
22;2021-03-09;1821;741;50228;23317;8.4;3.9
22;2021-03-10;1982;1000;52210;24317;8.8;4.1
22;2021-03-11;2371;1647;54581;25964;9.2;4.4
22;2021-03-12;3093;950;57674;26914;9.7;4.5
22;2021-03-13;1706;286;59380;27200;10.0;4.6
22;2021-03-14;245;23;59625;27223;10.0;4.6
22;2021-03-15;1614;566;61239;27789;10.3;4.7
22;2021-03-16;1590;850;62829;28639;10.5;4.8
22;2021-03-17;2640;703;65469;29342;11.0;4.9
22;2021-03-18;2545;1111;68014;30453;11.4;5.1
22;2021-03-19;3278;801;71292;31254;12.0;5.2
22;2021-03-20;2208;284;73500;31538;12.3;5.3
22;2021-03-21;13;0;73513;31538;12.3;5.3
22;2021-03-22;2365;358;75878;31896;12.7;5.4
22;2021-03-23;3146;774;79024;32670;13.3;5.5
22;2021-03-24;3482;685;82506;33355;13.8;5.6
22;2021-03-25;3946;596;86452;33951;14.5;5.7
22;2021-03-26;4000;473;90452;34424;15.2;5.8
22;2021-03-27;2079;178;92531;34602;15.5;5.8
22;2021-03-28;67;1;92598;34603;15.5;5.8
22;2021-03-29;2769;909;95367;35512;16.0;6.0
22;2021-03-30;3558;1155;98925;36667;16.6;6.2
22;2021-03-31;3668;1086;102593;37753;17.2;6.3
22;2021-04-01;4914;1108;107507;38861;18.0;6.5
22;2021-04-02;4390;1034;111897;39895;18.8;6.7
22;2021-04-03;1996;403;113893;40298;19.1;6.8
22;2021-04-04;33;0;113926;40298;19.1;6.8
22;2021-04-05;14;0;113940;40298;19.1;6.8
22;2021-04-06;3284;1140;117224;41438;19.7;7.0
22;2021-04-07;3422;1363;120646;42801;20.2;7.2
22;2021-04-08;4443;1311;125089;44112;21.0;7.4
22;2021-04-09;5182;1342;130271;45454;21.9;7.6
22;2021-04-10;2439;362;132710;45816;22.3;7.7
22;2021-04-11;473;8;133183;45824;22.3;7.7
22;2021-04-12;2980;994;136163;46818;22.8;7.9
22;2021-04-13;3321;1514;139484;48332;23.4;8.1
22;2021-04-14;3165;2480;142649;50812;23.9;8.5
22;2021-04-15;3594;2437;146243;53249;24.5;8.9
22;2021-04-16;3624;2489;149867;55738;25.1;9.3
22;2021-04-17;1914;1782;151781;57520;25.5;9.6
22;2021-04-18;16;0;151797;57520;25.5;9.6
22;2021-04-19;3017;2139;154814;59659;26.0;10.0
22;2021-04-20;3304;2780;158118;62439;26.5;10.5
22;2021-04-21;3223;2723;161341;65162;27.1;10.9
22;2021-04-22;3585;3125;164926;68287;27.7;11.5
22;2021-04-23;3720;3154;168646;71441;28.3;12.0
22;2021-04-24;1988;1961;170634;73402;28.6;12.3
22;2021-04-25;14;0;170648;73402;28.6;12.3
22;2021-04-26;3206;2844;173854;76246;29.2;12.8
22;2021-04-27;3372;3145;177226;79391;29.7;13.3
22;2021-04-28;3485;3141;180711;82532;30.3;13.8
22;2021-04-29;4076;3272;184787;85804;31.0;14.4
22;2021-04-30;3901;3225;188688;89029;31.6;14.9
22;2021-05-01;60;69;188748;89098;31.7;14.9
22;2021-05-02;1237;54;189985;89152;31.9;15.0
22;2021-05-03;2030;2708;192015;91860;32.2;15.4
22;2021-05-04;2152;2894;194167;94754;32.6;15.9
22;2021-05-05;2044;3008;196211;97762;32.9;16.4
22;2021-05-06;2507;3494;198718;101256;33.3;17.0
22;2021-05-07;2826;3399;201544;104655;33.8;17.6
22;2021-05-08;45;122;201589;104777;33.8;17.6
22;2021-05-09;600;434;202189;105211;33.9;17.6
22;2021-05-10;4473;2714;206662;107925;34.7;18.1
22;2021-05-11;5103;2894;211765;110819;35.5;18.6
22;2021-05-12;6594;1012;218359;111831;36.6;18.8
22;2021-05-13;528;35;218887;111866;36.7;18.8
22;2021-05-14;6400;1075;225287;112941;37.8;18.9
22;2021-05-15;3988;425;229275;113366;38.5;19.0
22;2021-05-16;418;35;229693;113401;38.5;19.0
22;2021-05-17;5661;519;235354;113920;39.5;19.1
22;2021-05-18;6002;944;241356;114864;40.5;19.3
22;2021-05-19;6125;697;247481;115561;41.5;19.4
22;2021-05-20;6585;1370;254066;116931;42.6;19.6
22;2021-05-21;5884;1456;259950;118387;43.6;19.9
22;2021-05-22;4081;767;264031;119154;44.3;20.0
22;2021-05-23;405;12;264436;119166;44.4;20.0
22;2021-05-24;5303;211;269739;119377;45.2;20.0
22;2021-05-25;5628;1165;275367;120542;46.2;20.2
22;2021-05-26;4207;2793;279574;123335;46.9;20.7
22;2021-05-27;4498;3833;284072;127168;47.6;21.3
22;2021-05-28;4381;4433;288453;131601;48.4;22.1
22;2021-05-29;3044;1766;291497;133367;48.9;22.4
22;2021-05-30;19;7;291516;133374;48.9;22.4
22;2021-05-31;3646;3149;295162;136523;49.5;22.9
22;2021-06-01;3517;3687;298679;140210;50.1;23.5
22;2021-06-02;3079;3383;301758;143593;50.6;24.1
22;2021-06-03;3179;4094;304937;147687;51.1;24.8
22;2021-06-04;3356;4546;308293;152233;51.7;25.5
22;2021-06-05;3541;2023;311834;154256;52.3;25.9
22;2021-06-06;213;29;312047;154285;52.3;25.9
22;2021-06-07;3021;3249;315068;157534;52.8;26.4
22;2021-06-08;2787;3526;317855;161060;53.3;27.0
22;2021-06-09;2529;3504;320384;164564;53.7;27.6
22;2021-06-10;2510;4247;322894;168811;54.2;28.3
22;2021-06-11;2495;4226;325389;173037;54.6;29.0
22;2021-06-12;2366;1454;327755;174491;55.0;29.3
22;2021-06-13;134;1093;327889;175584;55.0;29.5
22;2021-06-14;2587;2465;330476;178049;55.4;29.9
22;2021-06-15;3061;3005;333537;181054;55.9;30.4
22;2021-06-16;2984;2809;336521;183863;56.4;30.8
22;2021-06-17;2548;3171;339069;187034;56.9;31.4
22;2021-06-18;3071;4108;342140;191142;57.4;32.1
22;2021-06-19;2953;1446;345093;192588;57.9;32.3
22;2021-06-20;142;6;345235;192594;57.9;32.3
22;2021-06-21;1751;5020;346986;197614;58.2;33.1
22;2021-06-22;2383;5553;349369;203167;58.6;34.1
22;2021-06-23;1253;6214;350622;209381;58.8;35.1
22;2021-06-24;2554;3920;353176;213301;59.2;35.8
22;2021-06-25;1543;6822;354719;220123;59.5;36.9
22;2021-06-26;778;3861;355497;223984;59.6;37.6
22;2021-06-27;4;512;355501;224496;59.6;37.7
22;2021-06-28;1041;5603;356542;230099;59.8;38.6
22;2021-06-29;1353;5966;357895;236065;60.0;39.6
22;2021-06-30;1103;5747;358998;241812;60.2;40.6
22;2021-07-01;1339;6051;360337;247863;60.4;41.6
22;2021-07-02;1644;6098;361981;253961;60.7;42.6
22;2021-07-03;978;3814;362959;257775;60.9;43.2
22;2021-07-04;142;363;363101;258138;60.9;43.3
22;2021-07-05;1533;5801;364634;263939;61.2;44.3
22;2021-07-06;2282;5998;366916;269937;61.5;45.3
22;2021-07-07;2230;4937;369146;274874;61.9;46.1
22;2021-07-08;2473;5100;371619;279974;62.3;47.0
22;2021-07-09;2449;5380;374068;285354;62.7;47.9
22;2021-07-10;1760;3351;375828;288705;63.0;48.4
22;2021-07-11;477;71;376305;288776;63.1;48.4
22;2021-07-12;2269;4728;378574;293504;63.5;49.2
22;2021-07-13;3734;5039;382308;298543;64.1;50.1
22;2021-07-14;691;2495;382999;301038;64.2;50.5
22;2021-07-15;3781;4627;386780;305665;64.9;51.3
22;2021-07-16;3775;5286;390555;310951;65.5;52.2
22;2021-07-17;2519;3407;393074;314358;65.9;52.7
22;2021-07-18;561;86;393635;314444;66.0;52.7
22;2021-07-19;2722;4100;396357;318544;66.5;53.4
22;2021-07-20;3822;4117;400179;322661;67.1;54.1
22;2021-07-21;3936;3398;404115;326059;67.8;54.7
22;2021-07-22;4737;3687;408852;329746;68.6;55.3
23;2020-12-27;0;0;0;0;0.0;0.0
23;2020-12-28;1;0;1;0;0.0;0.0
23;2020-12-29;0;0;1;0;0.0;0.0
23;2020-12-30;0;0;1;0;0.0;0.0
23;2020-12-31;0;0;1;0;0.0;0.0
23;2021-01-01;0;0;1;0;0.0;0.0
23;2021-01-02;1;0;2;0;0.0;0.0
23;2021-01-03;0;0;2;0;0.0;0.0
23;2021-01-04;1;0;3;0;0.0;0.0
23;2021-01-05;3;0;6;0;0.0;0.0
23;2021-01-06;10;0;16;0;0.0;0.0
23;2021-01-07;117;0;133;0;0.1;0.0
23;2021-01-08;116;0;249;0;0.2;0.0
23;2021-01-09;35;0;284;0;0.2;0.0
23;2021-01-10;1;0;285;0;0.2;0.0
23;2021-01-11;173;0;458;0;0.4;0.0
23;2021-01-12;234;1;692;1;0.6;0.0
23;2021-01-13;308;1;1000;2;0.9;0.0
23;2021-01-14;290;3;1290;5;1.1;0.0
23;2021-01-15;334;4;1624;9;1.4;0.0
23;2021-01-16;163;1;1787;10;1.5;0.0
23;2021-01-17;0;0;1787;10;1.5;0.0
23;2021-01-18;341;1;2128;11;1.8;0.0
23;2021-01-19;497;2;2625;13;2.3;0.0
23;2021-01-20;362;1;2987;14;2.6;0.0
23;2021-01-21;696;1;3683;15;3.2;0.0
23;2021-01-22;477;0;4160;15;3.6;0.0
23;2021-01-23;368;1;4528;16;3.9;0.0
23;2021-01-24;0;0;4528;16;3.9;0.0
23;2021-01-25;382;17;4910;33;4.2;0.0
23;2021-01-26;300;5;5210;38;4.5;0.0
23;2021-01-27;228;3;5438;41;4.7;0.0
23;2021-01-28;233;47;5671;88;4.9;0.1
23;2021-01-29;303;103;5974;191;5.1;0.2
23;2021-01-30;100;28;6074;219;5.2;0.2
23;2021-01-31;2;34;6076;253;5.2;0.2
23;2021-02-01;147;106;6223;359;5.4;0.3
23;2021-02-02;157;123;6380;482;5.5;0.4
23;2021-02-03;105;211;6485;693;5.6;0.6
23;2021-02-04;78;265;6563;958;5.6;0.8
23;2021-02-05;115;314;6678;1272;5.7;1.1
23;2021-02-06;14;168;6692;1440;5.8;1.2
23;2021-02-07;1;0;6693;1440;5.8;1.2
23;2021-02-08;125;218;6818;1658;5.9;1.4
23;2021-02-09;85;296;6903;1954;5.9;1.7
23;2021-02-10;89;283;6992;2237;6.0;1.9
23;2021-02-11;244;590;7236;2827;6.2;2.4
23;2021-02-12;171;284;7407;3111;6.4;2.7
23;2021-02-13;8;192;7415;3303;6.4;2.8
23;2021-02-14;8;0;7423;3303;6.4;2.8
23;2021-02-15;157;367;7580;3670;6.5;3.2
23;2021-02-16;103;444;7683;4114;6.6;3.5
23;2021-02-17;65;494;7748;4608;6.7;4.0
23;2021-02-18;142;371;7890;4979;6.8;4.3
23;2021-02-19;109;253;7999;5232;6.9;4.5
23;2021-02-20;2;93;8001;5325;6.9;4.6
23;2021-02-21;0;0;8001;5325;6.9;4.6
23;2021-02-22;104;212;8105;5537;7.0;4.8
23;2021-02-23;107;219;8212;5756;7.1;5.0
23;2021-02-24;174;169;8386;5925;7.2;5.1
23;2021-02-25;183;108;8569;6033;7.4;5.2
23;2021-02-26;286;165;8855;6198;7.6;5.3
23;2021-02-27;112;10;8967;6208;7.7;5.3
23;2021-02-28;1;31;8968;6239;7.7;5.4
23;2021-03-01;88;201;9056;6440;7.8;5.5
23;2021-03-02;229;132;9285;6572;8.0;5.7
23;2021-03-03;131;90;9416;6662;8.1;5.7
23;2021-03-04;307;138;9723;6800;8.4;5.8
23;2021-03-05;517;110;10240;6910;8.8;5.9
23;2021-03-06;494;4;10734;6914;9.2;5.9
23;2021-03-07;312;2;11046;6916;9.5;5.9
23;2021-03-08;196;72;11242;6988;9.7;6.0
23;2021-03-09;421;96;11663;7084;10.0;6.1
23;2021-03-10;348;38;12011;7122;10.3;6.1
23;2021-03-11;323;47;12334;7169;10.6;6.2
23;2021-03-12;616;32;12950;7201;11.1;6.2
23;2021-03-13;283;12;13233;7213;11.4;6.2
23;2021-03-14;45;34;13278;7247;11.4;6.2
23;2021-03-15;220;126;13498;7373;11.6;6.3
23;2021-03-16;192;90;13690;7463;11.8;6.4
23;2021-03-17;131;101;13821;7564;11.9;6.5
23;2021-03-18;191;96;14012;7660;12.1;6.6
23;2021-03-19;204;119;14216;7779;12.2;6.7
23;2021-03-20;630;35;14846;7814;12.8;6.7
23;2021-03-21;127;0;14973;7814;12.9;6.7
23;2021-03-22;264;147;15237;7961;13.1;6.8
23;2021-03-23;503;105;15740;8066;13.5;6.9
23;2021-03-24;422;124;16162;8190;13.9;7.0
23;2021-03-25;818;184;16980;8374;14.6;7.2
23;2021-03-26;733;194;17713;8568;15.2;7.4
23;2021-03-27;505;47;18218;8615;15.7;7.4
23;2021-03-28;3;9;18221;8624;15.7;7.4
23;2021-03-29;358;111;18579;8735;16.0;7.5
23;2021-03-30;537;174;19116;8909;16.4;7.7
23;2021-03-31;411;169;19527;9078;16.8;7.8
23;2021-04-01;600;167;20127;9245;17.3;8.0
23;2021-04-02;497;295;20624;9540;17.7;8.2
23;2021-04-03;715;42;21339;9582;18.4;8.2
23;2021-04-04;4;0;21343;9582;18.4;8.2
23;2021-04-05;0;3;21343;9585;18.4;8.2
23;2021-04-06;381;292;21724;9877;18.7;8.5
23;2021-04-07;705;308;22429;10185;19.3;8.8
23;2021-04-08;803;228;23232;10413;20.0;9.0
23;2021-04-09;939;353;24171;10766;20.8;9.3
23;2021-04-10;1097;108;25268;10874;21.7;9.4
23;2021-04-11;21;2;25289;10876;21.8;9.4
23;2021-04-12;692;231;25981;11107;22.3;9.6
23;2021-04-13;665;299;26646;11406;22.9;9.8
23;2021-04-14;586;172;27232;11578;23.4;10.0
23;2021-04-15;928;182;28160;11760;24.2;10.1
23;2021-04-16;902;203;29062;11963;25.0;10.3
23;2021-04-17;994;550;30056;12513;25.9;10.8
23;2021-04-18;4;136;30060;12649;25.9;10.9
23;2021-04-19;611;296;30671;12945;26.4;11.1
23;2021-04-20;720;289;31391;13234;27.0;11.4
23;2021-04-21;733;388;32124;13622;27.6;11.7
23;2021-04-22;657;473;32781;14095;28.2;12.1
23;2021-04-23;591;339;33372;14434;28.7;12.4
23;2021-04-24;854;448;34226;14882;29.4;12.8
23;2021-04-25;0;0;34226;14882;29.4;12.8
23;2021-04-26;615;252;34841;15134;30.0;13.0
23;2021-04-27;676;424;35517;15558;30.5;13.4
23;2021-04-28;628;274;36145;15832;31.1;13.6
23;2021-04-29;882;377;37027;16209;31.8;13.9
23;2021-04-30;719;786;37746;16995;32.5;14.6
23;2021-05-01;1223;35;38969;17030;33.5;14.6
23;2021-05-02;12;0;38981;17030;33.5;14.6
23;2021-05-03;424;519;39405;17549;33.9;15.1
23;2021-05-04;616;510;40021;18059;34.4;15.5
23;2021-05-05;538;711;40559;18770;34.9;16.1
23;2021-05-06;727;699;41286;19469;35.5;16.7
23;2021-05-07;682;641;41968;20110;36.1;17.3
23;2021-05-08;1410;586;43378;20696;37.3;17.8
23;2021-05-09;3;0;43381;20696;37.3;17.8
23;2021-05-10;554;654;43935;21350;37.8;18.4
23;2021-05-11;560;763;44495;22113;38.3;19.0
23;2021-05-12;719;660;45214;22773;38.9;19.6
23;2021-05-13;536;56;45750;22829;39.3;19.6
23;2021-05-14;789;460;46539;23289;40.0;20.0
23;2021-05-15;994;232;47533;23521;40.9;20.2
23;2021-05-16;0;0;47533;23521;40.9;20.2
23;2021-05-17;566;448;48099;23969;41.4;20.6
23;2021-05-18;773;291;48872;24260;42.0;20.9
23;2021-05-19;1050;256;49922;24516;42.9;21.1
23;2021-05-20;836;316;50758;24832;43.7;21.4
23;2021-05-21;1103;312;51861;25144;44.6;21.6
23;2021-05-22;739;125;52600;25269;45.2;21.7
23;2021-05-23;1;20;52601;25289;45.2;21.8
23;2021-05-24;360;163;52961;25452;45.6;21.9
23;2021-05-25;903;336;53864;25788;46.3;22.2
23;2021-05-26;1074;224;54938;26012;47.3;22.4
23;2021-05-27;931;432;55869;26444;48.1;22.7
23;2021-05-28;780;744;56649;27188;48.7;23.4
23;2021-05-29;637;1096;57286;28284;49.3;24.3
23;2021-05-30;6;63;57292;28347;49.3;24.4
23;2021-05-31;432;540;57724;28887;49.6;24.8
23;2021-06-01;581;822;58305;29709;50.1;25.6
23;2021-06-02;624;521;58929;30230;50.7;26.0
23;2021-06-03;705;549;59634;30779;51.3;26.5
23;2021-06-04;779;611;60413;31390;52.0;27.0
23;2021-06-05;545;778;60958;32168;52.4;27.7
23;2021-06-06;0;0;60958;32168;52.4;27.7
23;2021-06-07;393;696;61351;32864;52.8;28.3
23;2021-06-08;320;774;61671;33638;53.0;28.9
23;2021-06-09;283;649;61954;34287;53.3;29.5
23;2021-06-10;370;692;62324;34979;53.6;30.1
23;2021-06-11;376;808;62700;35787;53.9;30.8
23;2021-06-12;383;1264;63083;37051;54.3;31.9
23;2021-06-13;13;5;63096;37056;54.3;31.9
23;2021-06-14;233;590;63329;37646;54.5;32.4
23;2021-06-15;229;861;63558;38507;54.7;33.1
23;2021-06-16;362;581;63920;39088;55.0;33.6
23;2021-06-17;338;810;64258;39898;55.3;34.3
23;2021-06-18;353;764;64611;40662;55.6;35.0
23;2021-06-19;487;1524;65098;42186;56.0;36.3
23;2021-06-20;2;11;65100;42197;56.0;36.3
23;2021-06-21;203;621;65303;42818;56.2;36.8
23;2021-06-22;216;684;65519;43502;56.4;37.4
23;2021-06-23;211;748;65730;44250;56.5;38.1
23;2021-06-24;197;607;65927;44857;56.7;38.6
23;2021-06-25;302;816;66229;45673;57.0;39.3
23;2021-06-26;221;1000;66450;46673;57.2;40.1
23;2021-06-27;3;0;66453;46673;57.2;40.1
23;2021-06-28;114;696;66567;47369;57.3;40.7
23;2021-06-29;187;823;66754;48192;57.4;41.4
23;2021-06-30;165;945;66919;49137;57.6;42.3
23;2021-07-01;165;870;67084;50007;57.7;43.0
23;2021-07-02;189;1072;67273;51079;57.9;43.9
23;2021-07-03;247;980;67520;52059;58.1;44.8
23;2021-07-04;1;0;67521;52059;58.1;44.8
23;2021-07-05;150;806;67671;52865;58.2;45.5
23;2021-07-06;210;1045;67881;53910;58.4;46.4
23;2021-07-07;207;855;68088;54765;58.6;47.1
23;2021-07-08;246;739;68334;55504;58.8;47.7
23;2021-07-09;269;1008;68603;56512;59.0;48.6
23;2021-07-10;233;646;68836;57158;59.2;49.2
23;2021-07-11;0;0;68836;57158;59.2;49.2
23;2021-07-12;231;700;69067;57858;59.4;49.8
23;2021-07-13;469;918;69536;58776;59.8;50.6
23;2021-07-14;208;321;69744;59097;60.0;50.8
23;2021-07-15;474;809;70218;59906;60.4;51.5
23;2021-07-16;758;569;70976;60475;61.0;52.0
23;2021-07-17;218;479;71194;60954;61.2;52.4
23;2021-07-18;0;1;71194;60955;61.2;52.4
23;2021-07-19;702;629;71896;61584;61.8;53.0
23;2021-07-20;632;567;72528;62151;62.4;53.5
23;2021-07-21;693;630;73221;62781;63.0;54.0
23;2021-07-22;884;433;74105;63214;63.7;54.4
24;2020-12-27;0;0;0;0;0.0;0.0
24;2020-12-28;0;0;0;0;0.0;0.0
24;2020-12-29;2;0;2;0;0.0;0.0
24;2020-12-30;1;0;3;0;0.0;0.0
24;2020-12-31;0;0;3;0;0.0;0.0
24;2021-01-01;0;0;3;0;0.0;0.0
24;2021-01-02;0;0;3;0;0.0;0.0
24;2021-01-03;0;0;3;0;0.0;0.0
24;2021-01-04;0;0;3;0;0.0;0.0
24;2021-01-05;0;0;3;0;0.0;0.0
24;2021-01-06;0;0;3;0;0.0;0.0
24;2021-01-07;190;0;193;0;0.0;0.0
24;2021-01-08;280;0;473;0;0.1;0.0
24;2021-01-09;185;0;658;0;0.2;0.0
24;2021-01-10;35;0;693;0;0.2;0.0
24;2021-01-11;269;0;962;0;0.2;0.0
24;2021-01-12;281;0;1243;0;0.3;0.0
24;2021-01-13;233;1;1476;1;0.4;0.0
24;2021-01-14;1011;7;2487;8;0.6;0.0
24;2021-01-15;602;3;3089;11;0.8;0.0
24;2021-01-16;86;0;3175;11;0.8;0.0
24;2021-01-17;1;1;3176;12;0.8;0.0
24;2021-01-18;298;0;3474;12;0.9;0.0
24;2021-01-19;467;1;3941;13;1.0;0.0
24;2021-01-20;550;0;4491;13;1.1;0.0
24;2021-01-21;644;6;5135;19;1.3;0.0
24;2021-01-22;512;0;5647;19;1.4;0.0
24;2021-01-23;149;1;5796;20;1.4;0.0
24;2021-01-24;2;0;5798;20;1.4;0.0
24;2021-01-25;440;0;6238;20;1.5;0.0
24;2021-01-26;632;66;6870;86;1.7;0.0
24;2021-01-27;1261;12;8131;98;2.0;0.0
24;2021-01-28;983;122;9114;220;2.2;0.1
24;2021-01-29;931;138;10045;358;2.5;0.1
24;2021-01-30;281;1;10326;359;2.5;0.1
24;2021-01-31;0;0;10326;359;2.5;0.1
24;2021-02-01;377;172;10703;531;2.6;0.1
24;2021-02-02;611;313;11314;844;2.8;0.2
24;2021-02-03;650;494;11964;1338;2.9;0.3
24;2021-02-04;972;391;12936;1729;3.2;0.4
24;2021-02-05;684;448;13620;2177;3.3;0.5
24;2021-02-06;137;35;13757;2212;3.4;0.5
24;2021-02-07;33;0;13790;2212;3.4;0.5
24;2021-02-08;309;232;14099;2444;3.5;0.6
24;2021-02-09;450;229;14549;2673;3.6;0.7
24;2021-02-10;372;111;14921;2784;3.7;0.7
24;2021-02-11;555;518;15476;3302;3.8;0.8
24;2021-02-12;495;392;15971;3694;3.9;0.9
24;2021-02-13;202;46;16173;3740;4.0;0.9
24;2021-02-14;88;1;16261;3741;4.0;0.9
24;2021-02-15;185;243;16446;3984;4.0;1.0
24;2021-02-16;334;522;16780;4506;4.1;1.1
24;2021-02-17;580;827;17360;5333;4.3;1.3
24;2021-02-18;438;729;17798;6062;4.4;1.5
24;2021-02-19;461;677;18259;6739;4.5;1.7
24;2021-02-20;163;143;18422;6882;4.5;1.7
24;2021-02-21;107;0;18529;6882;4.5;1.7
24;2021-02-22;426;529;18955;7411;4.6;1.8
24;2021-02-23;563;680;19518;8091;4.8;2.0
24;2021-02-24;532;832;20050;8923;4.9;2.2
24;2021-02-25;724;861;20774;9784;5.1;2.4
24;2021-02-26;971;971;21745;10755;5.3;2.6
24;2021-02-27;359;265;22104;11020;5.4;2.7
24;2021-02-28;24;4;22128;11024;5.4;2.7
24;2021-03-01;292;374;22420;11398;5.5;2.8
24;2021-03-02;538;416;22958;11814;5.6;2.9
24;2021-03-03;674;342;23632;12156;5.8;3.0
24;2021-03-04;913;506;24545;12662;6.0;3.1
24;2021-03-05;1064;561;25609;13223;6.3;3.2
24;2021-03-06;1121;140;26730;13363;6.5;3.3
24;2021-03-07;232;62;26962;13425;6.6;3.3
24;2021-03-08;530;257;27492;13682;6.7;3.4
24;2021-03-09;1171;441;28663;14123;7.0;3.5
24;2021-03-10;1139;447;29802;14570;7.3;3.6
24;2021-03-11;1602;459;31404;15029;7.7;3.7
24;2021-03-12;2047;439;33451;15468;8.2;3.8
24;2021-03-13;1344;202;34795;15670;8.5;3.8
24;2021-03-14;142;92;34937;15762;8.6;3.9
24;2021-03-15;947;169;35884;15931;8.8;3.9
24;2021-03-16;1140;231;37024;16162;9.1;4.0
24;2021-03-17;1211;281;38235;16443;9.4;4.0
24;2021-03-18;1054;552;39289;16995;9.6;4.2
24;2021-03-19;1247;532;40536;17527;9.9;4.3
24;2021-03-20;1054;148;41590;17675;10.2;4.3
24;2021-03-21;23;11;41613;17686;10.2;4.3
24;2021-03-22;1222;420;42835;18106;10.5;4.4
24;2021-03-23;1876;399;44711;18505;10.9;4.5
24;2021-03-24;1888;384;46599;18889;11.4;4.6
24;2021-03-25;1988;465;48587;19354;11.9;4.7
24;2021-03-26;2372;281;50959;19635;12.5;4.8
24;2021-03-27;1349;40;52308;19675;12.8;4.8
24;2021-03-28;61;9;52369;19684;12.8;4.8
24;2021-03-29;1669;324;54038;20008;13.2;4.9
24;2021-03-30;2406;393;56444;20401;13.8;5.0
24;2021-03-31;2176;307;58620;20708;14.4;5.1
24;2021-04-01;2195;308;60815;21016;14.9;5.1
24;2021-04-02;2071;397;62886;21413;15.4;5.2
24;2021-04-03;1371;122;64257;21535;15.7;5.3
24;2021-04-04;73;0;64330;21535;15.8;5.3
24;2021-04-05;945;58;65275;21593;16.0;5.3
24;2021-04-06;2350;694;67625;22287;16.6;5.5
24;2021-04-07;2714;684;70339;22971;17.2;5.6
24;2021-04-08;3002;952;73341;23923;18.0;5.9
24;2021-04-09;3484;998;76825;24921;18.8;6.1
24;2021-04-10;2587;305;79412;25226;19.4;6.2
24;2021-04-11;1101;17;80513;25243;19.7;6.2
24;2021-04-12;2492;814;83005;26057;20.3;6.4
24;2021-04-13;2903;1198;85908;27255;21.0;6.7
24;2021-04-14;2932;1184;88840;28439;21.8;7.0
24;2021-04-15;2788;1072;91628;29511;22.4;7.2
24;2021-04-16;3264;951;94892;30462;23.2;7.5
24;2021-04-17;2268;498;97160;30960;23.8;7.6
24;2021-04-18;424;5;97584;30965;23.9;7.6
24;2021-04-19;1601;1002;99185;31967;24.3;7.8
24;2021-04-20;2265;1425;101450;33392;24.8;8.2
24;2021-04-21;2141;1438;103591;34830;25.4;8.5
24;2021-04-22;2057;1251;105648;36081;25.9;8.8
24;2021-04-23;1952;1326;107600;37407;26.3;9.2
24;2021-04-24;851;723;108451;38130;26.6;9.3
24;2021-04-25;54;4;108505;38134;26.6;9.3
24;2021-04-26;1294;1482;109799;39616;26.9;9.7
24;2021-04-27;1851;1879;111650;41495;27.3;10.2
24;2021-04-28;1503;1954;113153;43449;27.7;10.6
24;2021-04-29;1725;1886;114878;45335;28.1;11.1
24;2021-04-30;2266;1776;117144;47111;28.7;11.5
24;2021-05-01;2052;1061;119196;48172;29.2;11.8
24;2021-05-02;1921;208;121117;48380;29.7;11.8
24;2021-05-03;1469;1832;122586;50212;30.0;12.3
24;2021-05-04;2227;2285;124813;52497;30.6;12.9
24;2021-05-05;1882;2716;126695;55213;31.0;13.5
24;2021-05-06;1884;2762;128579;57975;31.5;14.2
24;2021-05-07;2257;2778;130836;60753;32.0;14.9
24;2021-05-08;1282;1152;132118;61905;32.4;15.2
24;2021-05-09;1165;899;133283;62804;32.6;15.4
24;2021-05-10;1091;2629;134374;65433;32.9;16.0
24;2021-05-11;2030;2789;136404;68222;33.4;16.7
24;2021-05-12;1923;2247;138327;70469;33.9;17.3
24;2021-05-13;1459;1213;139786;71682;34.2;17.6
24;2021-05-14;2378;1333;142164;73015;34.8;17.9
24;2021-05-15;2048;810;144212;73825;35.3;18.1
24;2021-05-16;1169;346;145381;74171;35.6;18.2
24;2021-05-17;2243;1253;147624;75424;36.1;18.5
24;2021-05-18;2480;1815;150104;77239;36.8;18.9
24;2021-05-19;2284;1377;152388;78616;37.3;19.3
24;2021-05-20;2372;1577;154760;80193;37.9;19.6
24;2021-05-21;2430;1412;157190;81605;38.5;20.0
24;2021-05-22;1717;406;158907;82011;38.9;20.1
24;2021-05-23;950;73;159857;82084;39.1;20.1
24;2021-05-24;1513;335;161370;82419;39.5;20.2
24;2021-05-25;2296;1381;163666;83800;40.1;20.5
24;2021-05-26;2145;1314;165811;85114;40.6;20.8
24;2021-05-27;1748;2197;167559;87311;41.0;21.4
24;2021-05-28;2145;2000;169704;89311;41.6;21.9
24;2021-05-29;1147;2087;170851;91398;41.8;22.4
24;2021-05-30;1418;172;172269;91570;42.2;22.4
24;2021-05-31;1741;1365;174010;92935;42.6;22.8
24;2021-06-01;2568;1964;176578;94899;43.2;23.2
24;2021-06-02;2652;1783;179230;96682;43.9;23.7
24;2021-06-03;2287;1465;181517;98147;44.4;24.0
24;2021-06-04;2376;1890;183893;100037;45.0;24.5
24;2021-06-05;2003;1415;185896;101452;45.5;24.8
24;2021-06-06;764;223;186660;101675;45.7;24.9
24;2021-06-07;1430;1490;188090;103165;46.1;25.3
24;2021-06-08;1672;1908;189762;105073;46.5;25.7
24;2021-06-09;1322;1594;191084;106667;46.8;26.1
24;2021-06-10;1573;1910;192657;108577;47.2;26.6
24;2021-06-11;1321;2079;193978;110656;47.5;27.1
24;2021-06-12;1124;2544;195102;113200;47.8;27.7
24;2021-06-13;1228;921;196330;114121;48.1;27.9
24;2021-06-14;1153;1859;197483;115980;48.4;28.4
24;2021-06-15;1484;2993;198967;118973;48.7;29.1
24;2021-06-16;1663;2731;200630;121704;49.1;29.8
24;2021-06-17;1541;2181;202171;123885;49.5;30.3
24;2021-06-18;1394;2862;203565;126747;49.8;31.0
24;2021-06-19;1266;1521;204831;128268;50.2;31.4
24;2021-06-20;511;497;205342;128765;50.3;31.5
24;2021-06-21;926;1837;206268;130602;50.5;32.0
24;2021-06-22;1425;2589;207693;133191;50.9;32.6
24;2021-06-23;1422;2424;209115;135615;51.2;33.2
24;2021-06-24;1122;1914;210237;137529;51.5;33.7
24;2021-06-25;958;2822;211195;140351;51.7;34.4
24;2021-06-26;855;2106;212050;142457;51.9;34.9
24;2021-06-27;397;976;212447;143433;52.0;35.1
24;2021-06-28;809;2486;213256;145919;52.2;35.7
24;2021-06-29;931;2872;214187;148791;52.4;36.4
24;2021-06-30;1095;2464;215282;151255;52.7;37.0
24;2021-07-01;1114;2301;216396;153556;53.0;37.6
24;2021-07-02;1082;2750;217478;156306;53.3;38.3
24;2021-07-03;807;1905;218285;158211;53.4;38.7
24;2021-07-04;410;1012;218695;159223;53.6;39.0
24;2021-07-05;783;2322;219478;161545;53.7;39.6
24;2021-07-06;877;3352;220355;164897;54.0;40.4
24;2021-07-07;1076;3040;221431;167937;54.2;41.1
24;2021-07-08;1332;2119;222763;170056;54.5;41.6
24;2021-07-09;1168;3220;223931;173276;54.8;42.4
24;2021-07-10;473;1956;224404;175232;54.9;42.9
24;2021-07-11;584;1189;224988;176421;55.1;43.2
24;2021-07-12;892;2523;225880;178944;55.3;43.8
24;2021-07-13;1311;3217;227191;182161;55.6;44.6
24;2021-07-14;612;1188;227803;183349;55.8;44.9
24;2021-07-15;1671;2778;229474;186127;56.2;45.6
24;2021-07-16;2126;2601;231600;188728;56.7;46.2
24;2021-07-17;1503;2230;233103;190958;57.1;46.8
24;2021-07-18;706;884;233809;191842;57.3;47.0
24;2021-07-19;1562;2182;235371;194024;57.6;47.5
24;2021-07-20;1998;2437;237369;196461;58.1;48.1
24;2021-07-21;1868;2323;239237;198784;58.6;48.7
24;2021-07-22;2310;2431;241547;201215;59.1;49.3
25;2020-12-27;0;0;0;0;0.0;0.0
25;2020-12-28;0;0;0;0;0.0;0.0
25;2020-12-29;0;0;0;0;0.0;0.0
25;2020-12-30;0;0;0;0;0.0;0.0
25;2020-12-31;2;0;2;0;0.0;0.0
25;2021-01-01;0;0;2;0;0.0;0.0
25;2021-01-02;0;0;2;0;0.0;0.0
25;2021-01-03;0;0;2;0;0.0;0.0
25;2021-01-04;0;0;2;0;0.0;0.0
25;2021-01-05;1;0;3;0;0.0;0.0
25;2021-01-06;75;1;78;1;0.0;0.0
25;2021-01-07;235;1;313;2;0.1;0.0
25;2021-01-08;342;1;655;3;0.1;0.0
25;2021-01-09;103;0;758;3;0.1;0.0
25;2021-01-10;0;0;758;3;0.1;0.0
25;2021-01-11;498;4;1256;7;0.2;0.0
25;2021-01-12;675;2;1931;9;0.4;0.0
25;2021-01-13;626;0;2557;9;0.5;0.0
25;2021-01-14;895;15;3452;24;0.6;0.0
25;2021-01-15;782;6;4234;30;0.8;0.0
25;2021-01-16;206;1;4440;31;0.8;0.0
25;2021-01-17;112;0;4552;31;0.8;0.0
25;2021-01-18;1294;4;5846;35;1.1;0.0
25;2021-01-19;1411;3;7257;38;1.3;0.0
25;2021-01-20;1418;4;8675;42;1.6;0.0
25;2021-01-21;1792;1;10467;43;1.9;0.0
25;2021-01-22;1503;3;11970;46;2.2;0.0
25;2021-01-23;497;1;12467;47;2.3;0.0
25;2021-01-24;119;0;12586;47;2.3;0.0
25;2021-01-25;989;0;13575;47;2.5;0.0
25;2021-01-26;1486;42;15061;89;2.8;0.0
25;2021-01-27;1246;70;16307;159;3.0;0.0
25;2021-01-28;1089;75;17396;234;3.2;0.0
25;2021-01-29;905;229;18301;463;3.4;0.1
25;2021-01-30;293;92;18594;555;3.4;0.1
25;2021-01-31;2;0;18596;555;3.4;0.1
25;2021-02-01;610;221;19206;776;3.6;0.1
25;2021-02-02;674;414;19880;1190;3.7;0.2
25;2021-02-03;759;249;20639;1439;3.8;0.3
25;2021-02-04;716;447;21355;1886;4.0;0.3
25;2021-02-05;517;465;21872;2351;4.1;0.4
25;2021-02-06;198;157;22070;2508;4.1;0.5
25;2021-02-07;2;34;22072;2542;4.1;0.5
25;2021-02-08;613;507;22685;3049;4.2;0.6
25;2021-02-09;616;490;23301;3539;4.3;0.7
25;2021-02-10;817;483;24118;4022;4.5;0.7
25;2021-02-11;586;852;24704;4874;4.6;0.9
25;2021-02-12;413;550;25117;5424;4.7;1.0
25;2021-02-13;97;140;25214;5564;4.7;1.0
25;2021-02-14;0;0;25214;5564;4.7;1.0
25;2021-02-15;187;1040;25401;6604;4.7;1.2
25;2021-02-16;214;1450;25615;8054;4.7;1.5
25;2021-02-17;109;1344;25724;9398;4.8;1.7
25;2021-02-18;146;1436;25870;10834;4.8;2.0
25;2021-02-19;102;1271;25972;12105;4.8;2.2
25;2021-02-20;26;495;25998;12600;4.8;2.3
25;2021-02-21;1;143;25999;12743;4.8;2.4
25;2021-02-22;83;1067;26082;13810;4.8;2.6
25;2021-02-23;196;1082;26278;14892;4.9;2.8
25;2021-02-24;105;975;26383;15867;4.9;2.9
25;2021-02-25;522;1004;26905;16871;5.0;3.1
25;2021-02-26;606;1002;27511;17873;5.1;3.3
25;2021-02-27;227;374;27738;18247;5.1;3.4
25;2021-02-28;4;0;27742;18247;5.1;3.4
25;2021-03-01;444;621;28186;18868;5.2;3.5
25;2021-03-02;651;833;28837;19701;5.3;3.7
25;2021-03-03;541;730;29378;20431;5.4;3.8
25;2021-03-04;1153;646;30531;21077;5.7;3.9
25;2021-03-05;1852;365;32383;21442;6.0;4.0
25;2021-03-06;1168;217;33551;21659;6.2;4.0
25;2021-03-07;9;6;33560;21665;6.2;4.0
25;2021-03-08;547;707;34107;22372;6.3;4.1
25;2021-03-09;1038;766;35145;23138;6.5;4.3
25;2021-03-10;1149;639;36294;23777;6.7;4.4
25;2021-03-11;1657;566;37951;24343;7.0;4.5
25;2021-03-12;1996;430;39947;24773;7.4;4.6
25;2021-03-13;1113;87;41060;24860;7.6;4.6
25;2021-03-14;35;0;41095;24860;7.6;4.6
25;2021-03-15;1122;125;42217;24985;7.8;4.6
25;2021-03-16;1276;109;43493;25094;8.1;4.7
25;2021-03-17;1410;125;44903;25219;8.3;4.7
25;2021-03-18;1526;68;46429;25287;8.6;4.7
25;2021-03-19;1594;119;48023;25406;8.9;4.7
25;2021-03-20;821;28;48844;25434;9.1;4.7
25;2021-03-21;24;0;48868;25434;9.1;4.7
25;2021-03-22;1485;78;50353;25512;9.3;4.7
25;2021-03-23;2160;125;52513;25637;9.7;4.8
25;2021-03-24;2416;89;54929;25726;10.2;4.8
25;2021-03-25;2838;172;57767;25898;10.7;4.8
25;2021-03-26;3151;153;60918;26051;11.3;4.8
25;2021-03-27;1111;81;62029;26132;11.5;4.8
25;2021-03-28;121;62;62150;26194;11.5;4.9
25;2021-03-29;1786;274;63936;26468;11.9;4.9
25;2021-03-30;2210;383;66146;26851;12.3;5.0
25;2021-03-31;2217;337;68363;27188;12.7;5.0
25;2021-04-01;2450;511;70813;27699;13.1;5.1
25;2021-04-02;2025;580;72838;28279;13.5;5.2
25;2021-04-03;447;107;73285;28386;13.6;5.3
25;2021-04-04;39;21;73324;28407;13.6;5.3
25;2021-04-05;144;4;73468;28411;13.6;5.3
25;2021-04-06;1933;665;75401;29076;14.0;5.4
25;2021-04-07;1878;838;77279;29914;14.3;5.5
25;2021-04-08;2429;815;79708;30729;14.8;5.7
25;2021-04-09;2594;972;82302;31701;15.3;5.9
25;2021-04-10;977;286;83279;31987;15.4;5.9
25;2021-04-11;104;28;83383;32015;15.5;5.9
25;2021-04-12;1559;956;84942;32971;15.7;6.1
25;2021-04-13;1985;1301;86927;34272;16.1;6.4
25;2021-04-14;1750;1188;88677;35460;16.4;6.6
25;2021-04-15;1997;1320;90674;36780;16.8;6.8
25;2021-04-16;2084;985;92758;37765;17.2;7.0
25;2021-04-17;1103;412;93861;38177;17.4;7.1
25;2021-04-18;117;18;93978;38195;17.4;7.1
25;2021-04-19;1325;1250;95303;39445;17.7;7.3
25;2021-04-20;1613;1460;96916;40905;18.0;7.6
25;2021-04-21;1717;1619;98633;42524;18.3;7.9
25;2021-04-22;1855;1702;100488;44226;18.6;8.2
25;2021-04-23;1898;1750;102386;45976;19.0;8.5
25;2021-04-24;1280;704;103666;46680;19.2;8.7
25;2021-04-25;139;113;103805;46793;19.2;8.7
25;2021-04-26;1722;1674;105527;48467;19.6;9.0
25;2021-04-27;2801;1517;108328;49984;20.1;9.3
25;2021-04-28;2424;1545;110752;51529;20.5;9.6
25;2021-04-29;2649;1828;113401;53357;21.0;9.9
25;2021-04-30;3101;1575;116502;54932;21.6;10.2
25;2021-05-01;1788;324;118290;55256;21.9;10.2
25;2021-05-02;442;21;118732;55277;22.0;10.2
25;2021-05-03;2900;831;121632;56108;22.5;10.4
25;2021-05-04;2638;1886;124270;57994;23.0;10.8
25;2021-05-05;2592;1658;126862;59652;23.5;11.1
25;2021-05-06;2927;2161;129789;61813;24.1;11.5
25;2021-05-07;3063;2118;132852;63931;24.6;11.9
25;2021-05-08;1333;223;134185;64154;24.9;11.9
25;2021-05-09;244;87;134429;64241;24.9;11.9
25;2021-05-10;3130;1637;137559;65878;25.5;12.2
25;2021-05-11;3748;2034;141307;67912;26.2;12.6
25;2021-05-12;3685;1783;144992;69695;26.9;12.9
25;2021-05-13;3519;597;148511;70292;27.5;13.0
25;2021-05-14;4482;1301;152993;71593;28.4;13.3
25;2021-05-15;3276;700;156269;72293;29.0;13.4
25;2021-05-16;722;92;156991;72385;29.1;13.4
25;2021-05-17;4090;1086;161081;73471;29.9;13.6
25;2021-05-18;5203;1176;166284;74647;30.8;13.8
25;2021-05-19;5247;1120;171531;75767;31.8;14.0
25;2021-05-20;5129;1442;176660;77209;32.7;14.3
25;2021-05-21;5764;1967;182424;79176;33.8;14.7
25;2021-05-22;3176;720;185600;79896;34.4;14.8
25;2021-05-23;781;153;186381;80049;34.6;14.8
25;2021-05-24;1528;149;187909;80198;34.8;14.9
25;2021-05-25;3512;1640;191421;81838;35.5;15.2
25;2021-05-26;3974;1553;195395;83391;36.2;15.5
25;2021-05-27;4512;1890;199907;85281;37.1;15.8
25;2021-05-28;3990;2629;203897;87910;37.8;16.3
25;2021-05-29;2012;1017;205909;88927;38.2;16.5
25;2021-05-30;174;96;206083;89023;38.2;16.5
25;2021-05-31;2673;1709;208756;90732;38.7;16.8
25;2021-06-01;2729;2154;211485;92886;39.2;17.2
25;2021-06-02;2607;2247;214092;95133;39.7;17.6
25;2021-06-03;3274;2044;217366;97177;40.3;18.0
25;2021-06-04;3206;2403;220572;99580;40.9;18.5
25;2021-06-05;1487;1390;222059;100970;41.2;18.7
25;2021-06-06;985;254;223044;101224;41.3;18.8
25;2021-06-07;2781;2565;225825;103789;41.9;19.2
25;2021-06-08;2601;2758;228426;106547;42.3;19.8
25;2021-06-09;2380;2759;230806;109306;42.8;20.3
25;2021-06-10;2319;2650;233125;111956;43.2;20.8
25;2021-06-11;2706;3301;235831;115257;43.7;21.4
25;2021-06-12;1566;1858;237397;117115;44.0;21.7
25;2021-06-13;495;254;237892;117369;44.1;21.8
25;2021-06-14;1419;3760;239311;121129;44.4;22.5
25;2021-06-15;1635;3565;240946;124694;44.7;23.1
25;2021-06-16;1944;3258;242890;127952;45.0;23.7
25;2021-06-17;1469;3324;244359;131276;45.3;24.3
25;2021-06-18;2274;4290;246633;135566;45.7;25.1
25;2021-06-19;1342;1970;247975;137536;46.0;25.5
25;2021-06-20;56;238;248031;137774;46.0;25.5
25;2021-06-21;1130;4132;249161;141906;46.2;26.3
25;2021-06-22;1138;4676;250299;146582;46.4;27.2
25;2021-06-23;1387;4078;251686;150660;46.7;27.9
25;2021-06-24;1167;4082;252853;154742;46.9;28.7
25;2021-06-25;1630;5613;254483;160355;47.2;29.7
25;2021-06-26;624;3380;255107;163735;47.3;30.4
25;2021-06-27;449;875;255556;164610;47.4;30.5
25;2021-06-28;892;4475;256448;169085;47.5;31.3
25;2021-06-29;1115;5466;257563;174551;47.7;32.4
25;2021-06-30;1299;5364;258862;179915;48.0;33.4
25;2021-07-01;1682;5229;260544;185144;48.3;34.3
25;2021-07-02;1676;5052;262220;190196;48.6;35.3
25;2021-07-03;1026;2692;263246;192888;48.8;35.8
25;2021-07-04;408;722;263654;193610;48.9;35.9
25;2021-07-05;1269;2573;264923;196183;49.1;36.4
25;2021-07-06;1561;4743;266484;200926;49.4;37.2
25;2021-07-07;1561;4503;268045;205429;49.7;38.1
25;2021-07-08;1529;3926;269574;209355;50.0;38.8
25;2021-07-09;1722;4574;271296;213929;50.3;39.7
25;2021-07-10;777;2371;272073;216300;50.4;40.1
25;2021-07-11;123;305;272196;216605;50.5;40.2
25;2021-07-12;1386;3856;273582;220461;50.7;40.9
25;2021-07-13;2439;4761;276021;225222;51.2;41.8
25;2021-07-14;373;554;276394;225776;51.2;41.9
25;2021-07-15;2383;3652;278777;229428;51.7;42.5
25;2021-07-16;3459;3817;282236;233245;52.3;43.2
25;2021-07-17;2192;2014;284428;235259;52.7;43.6
25;2021-07-18;802;1288;285230;236547;52.9;43.8
25;2021-07-19;2518;4187;287748;240734;53.3;44.6
25;2021-07-20;3357;3703;291105;244437;54.0;45.3
25;2021-07-21;3259;3337;294364;247774;54.6;45.9
25;2021-07-22;3192;2913;297556;250687;55.2;46.5
26;2020-12-27;0;0;0;0;0.0;0.0
26;2020-12-28;0;0;0;0;0.0;0.0
26;2020-12-29;0;0;0;0;0.0;0.0
26;2020-12-30;0;0;0;0;0.0;0.0
26;2020-12-31;0;0;0;0;0.0;0.0
26;2021-01-01;0;0;0;0;0.0;0.0
26;2021-01-02;0;0;0;0;0.0;0.0
26;2021-01-03;0;0;0;0;0.0;0.0
26;2021-01-04;0;0;0;0;0.0;0.0
26;2021-01-05;0;0;0;0;0.0;0.0
26;2021-01-06;0;0;0;0;0.0;0.0
26;2021-01-07;168;0;168;0;0.0;0.0
26;2021-01-08;125;0;293;0;0.1;0.0
26;2021-01-09;2;0;295;0;0.1;0.0
26;2021-01-10;0;0;295;0;0.1;0.0
26;2021-01-11;266;1;561;1;0.1;0.0
26;2021-01-12;175;1;736;2;0.1;0.0
26;2021-01-13;415;1;1151;3;0.2;0.0
26;2021-01-14;484;1;1635;4;0.3;0.0
26;2021-01-15;561;1;2196;5;0.4;0.0
26;2021-01-16;250;0;2446;5;0.5;0.0
26;2021-01-17;0;0;2446;5;0.5;0.0
26;2021-01-18;634;1;3080;6;0.6;0.0
26;2021-01-19;779;4;3859;10;0.7;0.0
26;2021-01-20;741;0;4600;10;0.9;0.0
26;2021-01-21;805;5;5405;15;1.0;0.0
26;2021-01-22;785;3;6190;18;1.2;0.0
26;2021-01-23;563;2;6753;20;1.3;0.0
26;2021-01-24;24;0;6777;20;1.3;0.0
26;2021-01-25;696;1;7473;21;1.4;0.0
26;2021-01-26;800;2;8273;23;1.6;0.0
26;2021-01-27;821;8;9094;31;1.7;0.0
26;2021-01-28;1328;170;10422;201;2.0;0.0
26;2021-01-29;970;64;11392;265;2.2;0.1
26;2021-01-30;605;5;11997;270;2.3;0.1
26;2021-01-31;24;0;12021;270;2.3;0.1
26;2021-02-01;705;189;12726;459;2.4;0.1
26;2021-02-02;1273;202;13999;661;2.7;0.1
26;2021-02-03;1229;255;15228;916;2.9;0.2
26;2021-02-04;983;450;16211;1366;3.1;0.3
26;2021-02-05;671;334;16882;1700;3.2;0.3
26;2021-02-06;402;239;17284;1939;3.3;0.4
26;2021-02-07;57;2;17341;1941;3.3;0.4
26;2021-02-08;545;412;17886;2353;3.4;0.5
26;2021-02-09;617;477;18503;2830;3.6;0.5
26;2021-02-10;664;336;19167;3166;3.7;0.6
26;2021-02-11;752;328;19919;3494;3.8;0.7
26;2021-02-12;589;453;20508;3947;3.9;0.8
26;2021-02-13;386;339;20894;4286;4.0;0.8
26;2021-02-14;36;0;20930;4286;4.0;0.8
26;2021-02-15;413;530;21343;4816;4.1;0.9
26;2021-02-16;293;560;21636;5376;4.2;1.0
26;2021-02-17;192;742;21828;6118;4.2;1.2
26;2021-02-18;337;898;22165;7016;4.3;1.3
26;2021-02-19;337;808;22502;7824;4.3;1.5
26;2021-02-20;95;491;22597;8315;4.3;1.6
26;2021-02-21;3;24;22600;8339;4.3;1.6
26;2021-02-22;142;720;22742;9059;4.4;1.7
26;2021-02-23;397;999;23139;10058;4.4;1.9
26;2021-02-24;341;1221;23480;11279;4.5;2.2
26;2021-02-25;726;1068;24206;12347;4.6;2.4
26;2021-02-26;920;634;25126;12981;4.8;2.5
26;2021-02-27;278;512;25404;13493;4.9;2.6
26;2021-02-28;3;30;25407;13523;4.9;2.6
26;2021-03-01;456;661;25863;14184;5.0;2.7
26;2021-03-02;740;632;26603;14816;5.1;2.8
26;2021-03-03;730;687;27333;15503;5.3;3.0
26;2021-03-04;1041;579;28374;16082;5.5;3.1
26;2021-03-05;1707;508;30081;16590;5.8;3.2
26;2021-03-06;2769;483;32850;17073;6.3;3.3
26;2021-03-07;2986;190;35836;17263;6.9;3.3
26;2021-03-08;907;647;36743;17910;7.1;3.4
26;2021-03-09;1321;544;38064;18454;7.3;3.5
26;2021-03-10;1212;509;39276;18963;7.5;3.6
26;2021-03-11;1608;640;40884;19603;7.9;3.8
26;2021-03-12;2216;458;43100;20061;8.3;3.9
26;2021-03-13;1885;327;44985;20388;8.6;3.9
26;2021-03-14;68;37;45053;20425;8.7;3.9
26;2021-03-15;1648;243;46701;20668;9.0;4.0
26;2021-03-16;1232;504;47933;21172;9.2;4.1
26;2021-03-17;1364;296;49297;21468;9.5;4.1
26;2021-03-18;1586;279;50883;21747;9.8;4.2
26;2021-03-19;2441;340;53324;22087;10.2;4.2
26;2021-03-20;1289;141;54613;22228;10.5;4.3
26;2021-03-21;60;20;54673;22248;10.5;4.3
26;2021-03-22;1843;188;56516;22436;10.9;4.3
26;2021-03-23;2475;260;58991;22696;11.3;4.4
26;2021-03-24;2550;237;61541;22933;11.8;4.4
26;2021-03-25;3040;323;64581;23256;12.4;4.5
26;2021-03-26;3045;339;67626;23595;13.0;4.5
26;2021-03-27;1240;148;68866;23743;13.2;4.6
26;2021-03-28;92;6;68958;23749;13.2;4.6
26;2021-03-29;1903;399;70861;24148;13.6;4.6
26;2021-03-30;2381;538;73242;24686;14.1;4.7
26;2021-03-31;2226;572;75468;25258;14.5;4.9
26;2021-04-01;2271;765;77739;26023;14.9;5.0
26;2021-04-02;2212;974;79951;26997;15.4;5.2
26;2021-04-03;552;1204;80503;28201;15.5;5.4
26;2021-04-04;214;888;80717;29089;15.5;5.6
26;2021-04-05;554;54;81271;29143;15.6;5.6
26;2021-04-06;1486;830;82757;29973;15.9;5.8
26;2021-04-07;1790;898;84547;30871;16.2;5.9
26;2021-04-08;2995;917;87542;31788;16.8;6.1
26;2021-04-09;3411;983;90953;32771;17.5;6.3
26;2021-04-10;1355;915;92308;33686;17.7;6.5
26;2021-04-11;89;35;92397;33721;17.7;6.5
26;2021-04-12;1711;1117;94108;34838;18.1;6.7
26;2021-04-13;2793;1438;96901;36276;18.6;7.0
26;2021-04-14;2205;1456;99106;37732;19.0;7.2
26;2021-04-15;2272;1570;101378;39302;19.5;7.5
26;2021-04-16;2269;1578;103647;40880;19.9;7.9
26;2021-04-17;1097;839;104744;41719;20.1;8.0
26;2021-04-18;34;52;104778;41771;20.1;8.0
26;2021-04-19;1546;1569;106324;43340;20.4;8.3
26;2021-04-20;1797;1723;108121;45063;20.8;8.7
26;2021-04-21;2010;1504;110131;46567;21.2;8.9
26;2021-04-22;2286;1596;112417;48163;21.6;9.3
26;2021-04-23;2007;1623;114424;49786;22.0;9.6
26;2021-04-24;1651;842;116075;50628;22.3;9.7
26;2021-04-25;626;90;116701;50718;22.4;9.7
26;2021-04-26;1375;1601;118076;52319;22.7;10.1
26;2021-04-27;1984;1684;120060;54003;23.1;10.4
26;2021-04-28;1867;1534;121927;55537;23.4;10.7
26;2021-04-29;2867;1878;124794;57415;24.0;11.0
26;2021-04-30;2620;1755;127414;59170;24.5;11.4
26;2021-05-01;1537;379;128951;59549;24.8;11.4
26;2021-05-02;1087;114;130038;59663;25.0;11.5
26;2021-05-03;2201;1782;132239;61445;25.4;11.8
26;2021-05-04;2611;2348;134850;63793;25.9;12.3
26;2021-05-05;2772;2192;137622;65985;26.4;12.7
26;2021-05-06;3319;2208;140941;68193;27.1;13.1
26;2021-05-07;2852;2253;143793;70446;27.6;13.5
26;2021-05-08;1952;625;145745;71071;28.0;13.7
26;2021-05-09;710;124;146455;71195;28.1;13.7
26;2021-05-10;3019;1823;149474;73018;28.7;14.0
26;2021-05-11;4443;2188;153917;75206;29.6;14.4
26;2021-05-12;4826;1683;158743;76889;30.5;14.8
26;2021-05-13;4363;603;163106;77492;31.3;14.9
26;2021-05-14;4640;1546;167746;79038;32.2;15.2
26;2021-05-15;4469;632;172215;79670;33.1;15.3
26;2021-05-16;3630;340;175845;80010;33.8;15.4
26;2021-05-17;3657;1480;179502;81490;34.5;15.7
26;2021-05-18;4473;1740;183975;83230;35.3;16.0
26;2021-05-19;4480;1443;188455;84673;36.2;16.3
26;2021-05-20;4680;1744;193135;86417;37.1;16.6
26;2021-05-21;4726;1797;197861;88214;38.0;16.9
26;2021-05-22;3188;687;201049;88901;38.6;17.1
26;2021-05-23;1597;183;202646;89084;38.9;17.1
26;2021-05-24;3786;743;206432;89827;39.7;17.3
26;2021-05-25;3592;2335;210024;92162;40.3;17.7
26;2021-05-26;4180;2256;214204;94418;41.1;18.1
26;2021-05-27;4217;2461;218421;96879;42.0;18.6
26;2021-05-28;3773;2759;222194;99638;42.7;19.1
26;2021-05-29;3085;1641;225279;101279;43.3;19.5
26;2021-05-30;322;71;225601;101350;43.3;19.5
26;2021-05-31;3081;1855;228682;103205;43.9;19.8
26;2021-06-01;3096;2303;231778;105508;44.5;20.3
26;2021-06-02;2867;2214;234645;107722;45.1;20.7
26;2021-06-03;2849;2489;237494;110211;45.6;21.2
26;2021-06-04;2658;2904;240152;113115;46.1;21.7
26;2021-06-05;1801;1692;241953;114807;46.5;22.1
26;2021-06-06;5;0;241958;114807;46.5;22.1
26;2021-06-07;2346;2425;244304;117232;46.9;22.5
26;2021-06-08;2453;2289;246757;119521;47.4;23.0
26;2021-06-09;2092;2380;248849;121901;47.8;23.4
26;2021-06-10;1972;2759;250821;124660;48.2;23.9
26;2021-06-11;1893;3273;252714;127933;48.5;24.6
26;2021-06-12;1217;1789;253931;129722;48.8;24.9
26;2021-06-13;96;215;254027;129937;48.8;25.0
26;2021-06-14;1414;3496;255441;133433;49.1;25.6
26;2021-06-15;1580;3965;257021;137398;49.4;26.4
26;2021-06-16;1784;3459;258805;140857;49.7;27.1
26;2021-06-17;1507;3169;260312;144026;50.0;27.7
26;2021-06-18;1793;4367;262105;148393;50.4;28.5
26;2021-06-19;933;3180;263038;151573;50.5;29.1
26;2021-06-20;263;875;263301;152448;50.6;29.3
26;2021-06-21;1005;4553;264306;157001;50.8;30.2
26;2021-06-22;1061;5124;265367;162125;51.0;31.1
26;2021-06-23;1161;5077;266528;167202;51.2;32.1
26;2021-06-24;1256;4538;267784;171740;51.4;33.0
26;2021-06-25;1012;5551;268796;177291;51.6;34.1
26;2021-06-26;659;3823;269455;181114;51.8;34.8
26;2021-06-27;300;1273;269755;182387;51.8;35.0
26;2021-06-28;776;4759;270531;187146;52.0;36.0
26;2021-06-29;1095;4966;271626;192112;52.2;36.9
26;2021-06-30;1407;4884;273033;196996;52.4;37.8
26;2021-07-01;1627;4397;274660;201393;52.8;38.7
26;2021-07-02;1318;5168;275978;206561;53.0;39.7
26;2021-07-03;766;3331;276744;209892;53.2;40.3
26;2021-07-04;329;631;277073;210523;53.2;40.4
26;2021-07-05;878;4676;277951;215199;53.4;41.3
26;2021-07-06;1263;4213;279214;219412;53.6;42.1
26;2021-07-07;1405;3800;280619;223212;53.9;42.9
26;2021-07-08;2353;3327;282972;226539;54.4;43.5
26;2021-07-09;1552;4792;284524;231331;54.7;44.4
26;2021-07-10;905;2919;285429;234250;54.8;45.0
26;2021-07-11;335;353;285764;234603;54.9;45.1
26;2021-07-12;1107;4220;286871;238823;55.1;45.9
26;2021-07-13;2302;4339;289173;243162;55.6;46.7
26;2021-07-14;1055;812;290228;243974;55.8;46.9
26;2021-07-15;3152;3640;293380;247614;56.4;47.6
26;2021-07-16;2940;3681;296320;251295;56.9;48.3
26;2021-07-17;1869;1796;298189;253091;57.3;48.6
26;2021-07-18;17;24;298206;253115;57.3;48.6
26;2021-07-19;2709;3251;300915;256366;57.8;49.2
26;2021-07-20;3672;3339;304587;259705;58.5;49.9
26;2021-07-21;3560;3081;308147;262786;59.2;50.5
26;2021-07-22;4070;2915;312217;265701;60.0;51.0
27;2020-12-27;0;0;0;0;0.0;0.0
27;2020-12-28;0;0;0;0;0.0;0.0
27;2020-12-29;1;0;1;0;0.0;0.0
27;2020-12-30;0;0;1;0;0.0;0.0
27;2020-12-31;0;0;1;0;0.0;0.0
27;2021-01-01;0;0;1;0;0.0;0.0
27;2021-01-02;0;0;1;0;0.0;0.0
27;2021-01-03;1;0;2;0;0.0;0.0
27;2021-01-04;0;0;2;0;0.0;0.0
27;2021-01-05;15;0;17;0;0.0;0.0
27;2021-01-06;161;0;178;0;0.0;0.0
27;2021-01-07;369;0;547;0;0.1;0.0
27;2021-01-08;441;0;988;0;0.2;0.0
27;2021-01-09;72;1;1060;1;0.2;0.0
27;2021-01-10;101;0;1161;1;0.2;0.0
27;2021-01-11;382;0;1543;1;0.3;0.0
27;2021-01-12;409;1;1952;2;0.3;0.0
27;2021-01-13;839;1;2791;3;0.5;0.0
27;2021-01-14;1603;25;4394;28;0.7;0.0
27;2021-01-15;1220;4;5614;32;0.9;0.0
27;2021-01-16;332;2;5946;34;1.0;0.0
27;2021-01-17;204;0;6150;34;1.0;0.0
27;2021-01-18;798;2;6948;36;1.2;0.0
27;2021-01-19;772;2;7720;38;1.3;0.0
27;2021-01-20;870;0;8590;38;1.4;0.0
27;2021-01-21;654;1;9244;39;1.5;0.0
27;2021-01-22;778;3;10022;42;1.7;0.0
27;2021-01-23;350;0;10372;42;1.7;0.0
27;2021-01-24;169;8;10541;50;1.8;0.0
27;2021-01-25;634;16;11175;66;1.9;0.0
27;2021-01-26;460;17;11635;83;1.9;0.0
27;2021-01-27;505;104;12140;187;2.0;0.0
27;2021-01-28;516;298;12656;485;2.1;0.1
27;2021-01-29;507;109;13163;594;2.2;0.1
27;2021-01-30;241;31;13404;625;2.2;0.1
27;2021-01-31;27;24;13431;649;2.2;0.1
27;2021-02-01;348;196;13779;845;2.3;0.1
27;2021-02-02;307;284;14086;1129;2.3;0.2
27;2021-02-03;488;405;14574;1534;2.4;0.3
27;2021-02-04;717;889;15291;2423;2.5;0.4
27;2021-02-05;661;1156;15952;3579;2.7;0.6
27;2021-02-06;125;224;16077;3803;2.7;0.6
27;2021-02-07;25;42;16102;3845;2.7;0.6
27;2021-02-08;310;380;16412;4225;2.7;0.7
27;2021-02-09;340;562;16752;4787;2.8;0.8
27;2021-02-10;302;529;17054;5316;2.8;0.9
27;2021-02-11;318;457;17372;5773;2.9;1.0
27;2021-02-12;229;547;17601;6320;2.9;1.1
27;2021-02-13;152;133;17753;6453;3.0;1.1
27;2021-02-14;6;96;17759;6549;3.0;1.1
27;2021-02-15;388;600;18147;7149;3.0;1.2
27;2021-02-16;295;732;18442;7881;3.1;1.3
27;2021-02-17;247;640;18689;8521;3.1;1.4
27;2021-02-18;362;684;19051;9205;3.2;1.5
27;2021-02-19;218;684;19269;9889;3.2;1.6
27;2021-02-20;129;251;19398;10140;3.2;1.7
27;2021-02-21;12;140;19410;10280;3.2;1.7
27;2021-02-22;483;567;19893;10847;3.3;1.8
27;2021-02-23;497;630;20390;11477;3.4;1.9
27;2021-02-24;542;653;20932;12130;3.5;2.0
27;2021-02-25;843;754;21775;12884;3.6;2.1
27;2021-02-26;954;689;22729;13573;3.8;2.3
27;2021-02-27;406;158;23135;13731;3.9;2.3
27;2021-02-28;171;30;23306;13761;3.9;2.3
27;2021-03-01;484;444;23790;14205;4.0;2.4
27;2021-03-02;763;360;24553;14565;4.1;2.4
27;2021-03-03;851;365;25404;14930;4.2;2.5
27;2021-03-04;883;234;26287;15164;4.4;2.5
27;2021-03-05;1303;232;27590;15396;4.6;2.6
27;2021-03-06;1635;95;29225;15491;4.9;2.6
27;2021-03-07;620;7;29845;15498;5.0;2.6
27;2021-03-08;1205;305;31050;15803;5.2;2.6
27;2021-03-09;1822;260;32872;16063;5.5;2.7
27;2021-03-10;2114;337;34986;16400;5.8;2.7
27;2021-03-11;2142;213;37128;16613;6.2;2.8
27;2021-03-12;2819;175;39947;16788;6.7;2.8
27;2021-03-13;1918;109;41865;16897;7.0;2.8
27;2021-03-14;655;10;42520;16907;7.1;2.8
27;2021-03-15;1549;203;44069;17110;7.3;2.8
27;2021-03-16;1484;230;45553;17340;7.6;2.9
27;2021-03-17;1850;289;47403;17629;7.9;2.9
27;2021-03-18;1683;335;49086;17964;8.2;3.0
27;2021-03-19;1831;165;50917;18129;8.5;3.0
27;2021-03-20;897;37;51814;18166;8.6;3.0
27;2021-03-21;257;2;52071;18168;8.7;3.0
27;2021-03-22;1234;542;53305;18710;8.9;3.1
27;2021-03-23;1626;461;54931;19171;9.1;3.2
27;2021-03-24;1520;469;56451;19640;9.4;3.3
27;2021-03-25;2160;500;58611;20140;9.8;3.4
27;2021-03-26;2528;432;61139;20572;10.2;3.4
27;2021-03-27;1567;196;62706;20768;10.4;3.5
27;2021-03-28;1149;48;63855;20816;10.6;3.5
27;2021-03-29;1375;822;65230;21638;10.9;3.6
27;2021-03-30;1390;843;66620;22481;11.1;3.7
27;2021-03-31;1488;873;68108;23354;11.3;3.9
27;2021-04-01;1956;807;70064;24161;11.7;4.0
27;2021-04-02;2000;1178;72064;25339;12.0;4.2
27;2021-04-03;1559;735;73623;26074;12.3;4.3
27;2021-04-04;977;170;74600;26244;12.4;4.4
27;2021-04-05;282;6;74882;26250;12.5;4.4
27;2021-04-06;1414;1795;76296;28045;12.7;4.7
27;2021-04-07;1321;1742;77617;29787;12.9;5.0
27;2021-04-08;1682;1667;79299;31454;13.2;5.2
27;2021-04-09;2946;1544;82245;32998;13.7;5.5
27;2021-04-10;2035;978;84280;33976;14.0;5.7
27;2021-04-11;946;208;85226;34184;14.2;5.7
27;2021-04-12;2434;1499;87660;35683;14.6;5.9
27;2021-04-13;2390;1543;90050;37226;15.0;6.2
27;2021-04-14;2084;1616;92134;38842;15.3;6.5
27;2021-04-15;1878;1649;94012;40491;15.7;6.7
27;2021-04-16;2751;1107;96763;41598;16.1;6.9
27;2021-04-17;2170;475;98933;42073;16.5;7.0
27;2021-04-18;452;16;99385;42089;16.5;7.0
27;2021-04-19;1711;1166;101096;43255;16.8;7.2
27;2021-04-20;2385;1293;103481;44548;17.2;7.4
27;2021-04-21;2209;1077;105690;45625;17.6;7.6
27;2021-04-22;2181;1407;107871;47032;18.0;7.8
27;2021-04-23;2445;1166;110316;48198;18.4;8.0
27;2021-04-24;3256;1132;113572;49330;18.9;8.2
27;2021-04-25;1128;1042;114700;50372;19.1;8.4
27;2021-04-26;1919;1136;116619;51508;19.4;8.6
27;2021-04-27;2523;1079;119142;52587;19.8;8.8
27;2021-04-28;2390;1308;121532;53895;20.2;9.0
27;2021-04-29;2492;1464;124024;55359;20.6;9.2
27;2021-04-30;2369;1605;126393;56964;21.0;9.5
27;2021-05-01;2637;880;129030;57844;21.5;9.6
27;2021-05-02;1952;886;130982;58730;21.8;9.8
27;2021-05-03;3063;869;134045;59599;22.3;9.9
27;2021-05-04;2782;1635;136827;61234;22.8;10.2
27;2021-05-05;2816;1643;139643;62877;23.2;10.5
27;2021-05-06;3184;1286;142827;64163;23.8;10.7
27;2021-05-07;3321;2000;146148;66163;24.3;11.0
27;2021-05-08;2790;1322;148938;67485;24.8;11.2
27;2021-05-09;1697;295;150635;67780;25.1;11.3
27;2021-05-10;2951;2267;153586;70047;25.6;11.7
27;2021-05-11;3354;1749;156940;71796;26.1;12.0
27;2021-05-12;3457;1721;160397;73517;26.7;12.2
27;2021-05-13;1890;251;162287;73768;27.0;12.3
27;2021-05-14;3877;1782;166164;75550;27.7;12.6
27;2021-05-15;6599;948;172763;76498;28.8;12.7
27;2021-05-16;3668;431;176431;76929;29.4;12.8
27;2021-05-17;2771;1156;179202;78085;29.8;13.0
27;2021-05-18;3844;1282;183046;79367;30.5;13.2
27;2021-05-19;3966;1144;187012;80511;31.1;13.4
27;2021-05-20;3874;1161;190886;81672;31.8;13.6
27;2021-05-21;3962;1792;194848;83464;32.4;13.9
27;2021-05-22;4360;789;199208;84253;33.2;14.0
27;2021-05-23;800;173;200008;84426;33.3;14.1
27;2021-05-24;1490;337;201498;84763;33.5;14.1
27;2021-05-25;3514;1601;205012;86364;34.1;14.4
27;2021-05-26;3851;1733;208863;88097;34.8;14.7
27;2021-05-27;3784;1485;212647;89582;35.4;14.9
27;2021-05-28;3397;2628;216044;92210;36.0;15.4
27;2021-05-29;4823;2291;220867;94501;36.8;15.7
27;2021-05-30;1119;248;221986;94749;37.0;15.8
27;2021-05-31;3465;2273;225451;97022;37.5;16.2
27;2021-06-01;3813;2244;229264;99266;38.2;16.5
27;2021-06-02;3338;2182;232602;101448;38.7;16.9
27;2021-06-03;4431;2121;237033;103569;39.5;17.2
27;2021-06-04;3603;2966;240636;106535;40.1;17.7
27;2021-06-05;3210;3343;243846;109878;40.6;18.3
27;2021-06-06;2004;1011;245850;110889;40.9;18.5
27;2021-06-07;2564;2352;248414;113241;41.4;18.9
27;2021-06-08;3114;2370;251528;115611;41.9;19.2
27;2021-06-09;2302;2471;253830;118082;42.3;19.7
27;2021-06-10;2430;2034;256260;120116;42.7;20.0
27;2021-06-11;2885;3764;259145;123880;43.1;20.6
27;2021-06-12;1982;4189;261127;128069;43.5;21.3
27;2021-06-13;1081;2686;262208;130755;43.7;21.8
27;2021-06-14;1990;3113;264198;133868;44.0;22.3
27;2021-06-15;2683;3019;266881;136887;44.4;22.8
27;2021-06-16;2500;3260;269381;140147;44.8;23.3
27;2021-06-17;2292;3285;271673;143432;45.2;23.9
27;2021-06-18;2734;4420;274407;147852;45.7;24.6
27;2021-06-19;1856;3386;276263;151238;46.0;25.2
27;2021-06-20;608;713;276871;151951;46.1;25.3
27;2021-06-21;1696;3492;278567;155443;46.4;25.9
27;2021-06-22;2378;3723;280945;159166;46.8;26.5
27;2021-06-23;2066;3564;283011;162730;47.1;27.1
27;2021-06-24;2249;3420;285260;166150;47.5;27.7
27;2021-06-25;1925;4459;287185;170609;47.8;28.4
27;2021-06-26;880;5356;288065;175965;48.0;29.3
27;2021-06-27;376;1426;288441;177391;48.0;29.5
27;2021-06-28;1127;3408;289568;180799;48.2;30.1
27;2021-06-29;1688;4369;291256;185168;48.5;30.8
27;2021-06-30;2105;4096;293361;189264;48.8;31.5
27;2021-07-01;2215;3899;295576;193163;49.2;32.2
27;2021-07-02;1576;4623;297152;197786;49.5;32.9
27;2021-07-03;1276;4746;298428;202532;49.7;33.7
27;2021-07-04;504;1404;298932;203936;49.8;34.0
27;2021-07-05;1416;3527;300348;207463;50.0;34.5
27;2021-07-06;1363;4179;301711;211642;50.2;35.2
27;2021-07-07;1750;4895;303461;216537;50.5;36.0
27;2021-07-08;2066;4329;305527;220866;50.9;36.8
27;2021-07-09;1981;5281;307508;226147;51.2;37.6
27;2021-07-10;1164;4172;308672;230319;51.4;38.3
27;2021-07-11;424;1142;309096;231461;51.5;38.5
27;2021-07-12;1239;4371;310335;235832;51.7;39.3
27;2021-07-13;2754;5350;313089;241182;52.1;40.2
27;2021-07-14;1514;1746;314603;242928;52.4;40.4
27;2021-07-15;3027;5463;317630;248391;52.9;41.4
27;2021-07-16;3800;5275;321430;253666;53.5;42.2
27;2021-07-17;2721;3869;324151;257535;54.0;42.9
27;2021-07-18;549;1259;324700;258794;54.1;43.1
27;2021-07-19;3678;3781;328378;262575;54.7;43.7
27;2021-07-20;3425;3574;331803;266149;55.2;44.3
27;2021-07-21;4227;3881;336030;270030;55.9;45.0
27;2021-07-22;4665;3636;340695;273666;56.7;45.6
28;2020-12-27;0;0;0;0;0.0;0.0
28;2020-12-28;0;0;0;0;0.0;0.0
28;2020-12-29;0;0;0;0;0.0;0.0
28;2020-12-30;0;0;0;0;0.0;0.0
28;2020-12-31;0;0;0;0;0.0;0.0
28;2021-01-01;1;0;1;0;0.0;0.0
28;2021-01-02;0;0;1;0;0.0;0.0
28;2021-01-03;0;0;1;0;0.0;0.0
28;2021-01-04;0;0;1;0;0.0;0.0
28;2021-01-05;5;0;6;0;0.0;0.0
28;2021-01-06;84;0;90;0;0.0;0.0
28;2021-01-07;102;0;192;0;0.0;0.0
28;2021-01-08;134;2;326;2;0.1;0.0
28;2021-01-09;78;0;404;2;0.1;0.0
28;2021-01-10;1;0;405;2;0.1;0.0
28;2021-01-11;204;0;609;2;0.1;0.0
28;2021-01-12;265;2;874;4;0.2;0.0
28;2021-01-13;398;2;1272;6;0.3;0.0
28;2021-01-14;447;5;1719;11;0.4;0.0
28;2021-01-15;374;2;2093;13;0.5;0.0
28;2021-01-16;206;2;2299;15;0.5;0.0
28;2021-01-17;21;0;2320;15;0.5;0.0
28;2021-01-18;372;2;2692;17;0.6;0.0
28;2021-01-19;503;3;3195;20;0.7;0.0
28;2021-01-20;636;1;3831;21;0.9;0.0
28;2021-01-21;797;2;4628;23;1.1;0.0
28;2021-01-22;477;1;5105;24;1.2;0.0
28;2021-01-23;352;0;5457;24;1.3;0.0
28;2021-01-24;1;0;5458;24;1.3;0.0
28;2021-01-25;455;2;5913;26;1.4;0.0
28;2021-01-26;717;4;6630;30;1.5;0.0
28;2021-01-27;1210;46;7840;76;1.8;0.0
28;2021-01-28;1585;90;9425;166;2.2;0.0
28;2021-01-29;896;96;10321;262;2.4;0.1
28;2021-01-30;248;53;10569;315;2.5;0.1
28;2021-01-31;3;22;10572;337;2.5;0.1
28;2021-02-01;324;124;10896;461;2.5;0.1
28;2021-02-02;368;240;11264;701;2.6;0.2
28;2021-02-03;472;259;11736;960;2.7;0.2
28;2021-02-04;525;278;12261;1238;2.9;0.3
28;2021-02-05;435;226;12696;1464;3.0;0.3
28;2021-02-06;197;128;12893;1592;3.0;0.4
28;2021-02-07;0;0;12893;1592;3.0;0.4
28;2021-02-08;331;250;13224;1842;3.1;0.4
28;2021-02-09;280;347;13504;2189;3.1;0.5
28;2021-02-10;441;403;13945;2592;3.2;0.6
28;2021-02-11;563;490;14508;3082;3.4;0.7
28;2021-02-12;452;435;14960;3517;3.5;0.8
28;2021-02-13;181;192;15141;3709;3.5;0.9
28;2021-02-14;0;2;15141;3711;3.5;0.9
28;2021-02-15;280;476;15421;4187;3.6;1.0
28;2021-02-16;395;713;15816;4900;3.7;1.1
28;2021-02-17;581;1147;16397;6047;3.8;1.4
28;2021-02-18;663;1401;17060;7448;4.0;1.7
28;2021-02-19;545;763;17605;8211;4.1;1.9
28;2021-02-20;114;144;17719;8355;4.1;1.9
28;2021-02-21;7;33;17726;8388;4.1;2.0
28;2021-02-22;223;522;17949;8910;4.2;2.1
28;2021-02-23;203;378;18152;9288;4.2;2.2
28;2021-02-24;244;480;18396;9768;4.3;2.3
28;2021-02-25;573;449;18969;10217;4.4;2.4
28;2021-02-26;763;375;19732;10592;4.6;2.5
28;2021-02-27;264;86;19996;10678;4.7;2.5
28;2021-02-28;23;17;20019;10695;4.7;2.5
28;2021-03-01;287;212;20306;10907;4.7;2.5
28;2021-03-02;395;277;20701;11184;4.8;2.6
28;2021-03-03;369;401;21070;11585;4.9;2.7
28;2021-03-04;718;487;21788;12072;5.1;2.8
28;2021-03-05;1320;414;23108;12486;5.4;2.9
28;2021-03-06;1996;79;25104;12565;5.8;2.9
28;2021-03-07;974;21;26078;12586;6.1;2.9
28;2021-03-08;397;307;26475;12893;6.2;3.0
28;2021-03-09;980;351;27455;13244;6.4;3.1
28;2021-03-10;1356;539;28811;13783;6.7;3.2
28;2021-03-11;1530;693;30341;14476;7.1;3.4
28;2021-03-12;2257;630;32598;15106;7.6;3.5
28;2021-03-13;1235;131;33833;15237;7.9;3.5
28;2021-03-14;518;16;34351;15253;8.0;3.6
28;2021-03-15;755;228;35106;15481;8.2;3.6
28;2021-03-16;714;220;35820;15701;8.3;3.7
28;2021-03-17;747;286;36567;15987;8.5;3.7
28;2021-03-18;1195;278;37762;16265;8.8;3.8
28;2021-03-19;1559;322;39321;16587;9.2;3.9
28;2021-03-20;639;19;39960;16606;9.3;3.9
28;2021-03-21;28;6;39988;16612;9.3;3.9
28;2021-03-22;766;320;40754;16932;9.5;3.9
28;2021-03-23;1024;185;41778;17117;9.7;4.0
28;2021-03-24;1312;274;43090;17391;10.0;4.0
28;2021-03-25;1786;282;44876;17673;10.5;4.1
28;2021-03-26;2081;336;46957;18009;10.9;4.2
28;2021-03-27;403;37;47360;18046;11.0;4.2
28;2021-03-28;10;0;47370;18046;11.0;4.2
28;2021-03-29;1138;344;48508;18390;11.3;4.3
28;2021-03-30;1713;237;50221;18627;11.7;4.3
28;2021-03-31;2013;461;52234;19088;12.2;4.4
28;2021-04-01;1786;579;54020;19667;12.6;4.6
28;2021-04-02;1584;1314;55604;20981;12.9;4.9
28;2021-04-03;608;1073;56212;22054;13.1;5.1
28;2021-04-04;33;302;56245;22356;13.1;5.2
28;2021-04-05;40;3;56285;22359;13.1;5.2
28;2021-04-06;1227;457;57512;22816;13.4;5.3
28;2021-04-07;1890;999;59402;23815;13.8;5.5
28;2021-04-08;2075;1061;61477;24876;14.3;5.8
28;2021-04-09;3233;908;64710;25784;15.1;6.0
28;2021-04-10;1582;191;66292;25975;15.4;6.0
28;2021-04-11;139;452;66431;26427;15.5;6.2
28;2021-04-12;1674;552;68105;26979;15.9;6.3
28;2021-04-13;1874;661;69979;27640;16.3;6.4
28;2021-04-14;2771;895;72750;28535;16.9;6.6
28;2021-04-15;2544;1131;75294;29666;17.5;6.9
28;2021-04-16;2551;790;77845;30456;18.1;7.1
28;2021-04-17;2306;127;80151;30583;18.7;7.1
28;2021-04-18;45;8;80196;30591;18.7;7.1
28;2021-04-19;1577;645;81773;31236;19.0;7.3
28;2021-04-20;1840;586;83613;31822;19.5;7.4
28;2021-04-21;2678;955;86291;32777;20.1;7.6
28;2021-04-22;1782;1203;88073;33980;20.5;7.9
28;2021-04-23;2317;1096;90390;35076;21.0;8.2
28;2021-04-24;3651;117;94041;35193;21.9;8.2
28;2021-04-25;1011;25;95052;35218;22.1;8.2
28;2021-04-26;1330;919;96382;36137;22.4;8.4
28;2021-04-27;1435;1266;97817;37403;22.8;8.7
28;2021-04-28;2370;1811;100187;39214;23.3;9.1
28;2021-04-29;2130;1477;102317;40691;23.8;9.5
28;2021-04-30;2972;1200;105289;41891;24.5;9.8
28;2021-05-01;127;120;105416;42011;24.5;9.8
28;2021-05-02;2;65;105418;42076;24.5;9.8
28;2021-05-03;1045;1014;106463;43090;24.8;10.0
28;2021-05-04;1361;1667;107824;44757;25.1;10.4
28;2021-05-05;2830;1643;110654;46400;25.8;10.8
28;2021-05-06;2457;1470;113111;47870;26.3;11.1
28;2021-05-07;2310;1935;115421;49805;26.9;11.6
28;2021-05-08;1077;112;116498;49917;27.1;11.6
28;2021-05-09;104;610;116602;50527;27.2;11.8
28;2021-05-10;1306;1889;117908;52416;27.5;12.2
28;2021-05-11;2029;2345;119937;54761;27.9;12.8
28;2021-05-12;2620;3227;122557;57988;28.5;13.5
28;2021-05-13;289;451;122846;58439;28.6;13.6
28;2021-05-14;1899;1613;124745;60052;29.0;14.0
28;2021-05-15;1436;1675;126181;61727;29.4;14.4
28;2021-05-16;1984;127;128165;61854;29.8;14.4
28;2021-05-17;2875;1493;131040;63347;30.5;14.8
28;2021-05-18;3378;1376;134418;64723;31.3;15.1
28;2021-05-19;5073;1280;139491;66003;32.5;15.4
28;2021-05-20;4148;1230;143639;67233;33.4;15.7
28;2021-05-21;3463;1573;147102;68806;34.3;16.0
28;2021-05-22;725;1161;147827;69967;34.4;16.3
28;2021-05-23;1955;134;149782;70101;34.9;16.3
28;2021-05-24;1427;394;151209;70495;35.2;16.4
28;2021-05-25;1875;1408;153084;71903;35.6;16.7
28;2021-05-26;2766;1340;155850;73243;36.3;17.1
28;2021-05-27;2754;1227;158604;74470;36.9;17.3
28;2021-05-28;3083;1734;161687;76204;37.7;17.7
28;2021-05-29;1866;868;163553;77072;38.1;17.9
28;2021-05-30;16;47;163569;77119;38.1;18.0
28;2021-05-31;2013;936;165582;78055;38.6;18.2
28;2021-06-01;2133;1663;167715;79718;39.1;18.6
28;2021-06-02;2070;2453;169785;82171;39.5;19.1
28;2021-06-03;2497;1563;172282;83734;40.1;19.5
28;2021-06-04;2608;2342;174890;86076;40.7;20.0
28;2021-06-05;1911;2527;176801;88603;41.2;20.6
28;2021-06-06;1060;1041;177861;89644;41.4;20.9
28;2021-06-07;3572;1570;181433;91214;42.3;21.2
28;2021-06-08;3192;1514;184625;92728;43.0;21.6
28;2021-06-09;3674;2127;188299;94855;43.8;22.1
28;2021-06-10;3139;1265;191438;96120;44.6;22.4
28;2021-06-11;3788;2130;195226;98250;45.5;22.9
28;2021-06-12;1301;558;196527;98808;45.8;23.0
28;2021-06-13;385;107;196912;98915;45.9;23.0
28;2021-06-14;2201;1996;199113;100911;46.4;23.5
28;2021-06-15;2086;2221;201199;103132;46.9;24.0
28;2021-06-16;2504;3978;203703;107110;47.4;24.9
28;2021-06-17;1914;3130;205617;110240;47.9;25.7
28;2021-06-18;2453;3783;208070;114023;48.5;26.6
28;2021-06-19;774;1612;208844;115635;48.6;26.9
28;2021-06-20;23;21;208867;115656;48.6;26.9
28;2021-06-21;1681;1983;210548;117639;49.0;27.4
28;2021-06-22;1362;2109;211910;119748;49.3;27.9
28;2021-06-23;1773;3164;213683;122912;49.8;28.6
28;2021-06-24;713;930;214396;123842;49.9;28.8
28;2021-06-25;1845;3025;216241;126867;50.4;29.5
28;2021-06-26;311;2122;216552;128989;50.4;30.0
28;2021-06-27;587;1284;217139;130273;50.6;30.3
28;2021-06-28;1205;3659;218344;133932;50.8;31.2
28;2021-06-29;1321;3799;219665;137731;51.2;32.1
28;2021-06-30;1481;4251;221146;141982;51.5;33.1
28;2021-07-01;1219;3462;222365;145444;51.8;33.9
28;2021-07-02;1308;4660;223673;150104;52.1;35.0
28;2021-07-03;1125;2368;224798;152472;52.3;35.5
28;2021-07-04;144;1324;224942;153796;52.4;35.8
28;2021-07-05;1351;2509;226293;156305;52.7;36.4
28;2021-07-06;1500;2866;227793;159171;53.0;37.1
28;2021-07-07;1634;4144;229427;163315;53.4;38.0
28;2021-07-08;1459;3232;230886;166547;53.8;38.8
28;2021-07-09;1388;4525;232274;171072;54.1;39.8
28;2021-07-10;521;2207;232795;173279;54.2;40.4
28;2021-07-11;1;1;232796;173280;54.2;40.4
28;2021-07-12;1521;3937;234317;177217;54.6;41.3
28;2021-07-13;2250;4136;236567;181353;55.1;42.2
28;2021-07-14;1328;1392;237895;182745;55.4;42.6
28;2021-07-15;2968;3970;240863;186715;56.1;43.5
28;2021-07-16;2438;4757;243301;191472;56.7;44.6
28;2021-07-17;1263;2418;244564;193890;57.0;45.2
28;2021-07-18;374;936;244938;194826;57.0;45.4
28;2021-07-19;1796;4330;246734;199156;57.5;46.4
28;2021-07-20;2464;4080;249198;203236;58.0;47.3
28;2021-07-21;2954;4267;252152;207503;58.7;48.3
28;2021-07-22;3617;3402;255769;210905;59.6;49.1
29;2020-12-27;0;0;0;0;0.0;0.0
29;2020-12-28;0;0;0;0;0.0;0.0
29;2020-12-29;0;0;0;0;0.0;0.0
29;2020-12-30;0;0;0;0;0.0;0.0
29;2020-12-31;0;0;0;0;0.0;0.0
29;2021-01-01;1;0;1;0;0.0;0.0
29;2021-01-02;0;0;1;0;0.0;0.0
29;2021-01-03;1;0;2;0;0.0;0.0
29;2021-01-04;30;0;32;0;0.0;0.0
29;2021-01-05;31;0;63;0;0.0;0.0
29;2021-01-06;43;0;106;0;0.0;0.0
29;2021-01-07;133;0;239;0;0.0;0.0
29;2021-01-08;408;0;647;0;0.1;0.0
29;2021-01-09;1;0;648;0;0.1;0.0
29;2021-01-10;2;0;650;0;0.1;0.0
29;2021-01-11;666;0;1316;0;0.1;0.0
29;2021-01-12;1120;0;2436;0;0.3;0.0
29;2021-01-13;1097;2;3533;2;0.4;0.0
29;2021-01-14;893;4;4426;6;0.5;0.0
29;2021-01-15;1214;8;5640;14;0.6;0.0
29;2021-01-16;168;1;5808;15;0.6;0.0
29;2021-01-17;111;1;5919;16;0.7;0.0
29;2021-01-18;838;2;6757;18;0.7;0.0
29;2021-01-19;1285;0;8042;18;0.9;0.0
29;2021-01-20;2386;2;10428;20;1.2;0.0
29;2021-01-21;5519;1;15947;21;1.8;0.0
29;2021-01-22;3742;3;19689;24;2.2;0.0
29;2021-01-23;537;0;20226;24;2.2;0.0
29;2021-01-24;199;1;20425;25;2.3;0.0
29;2021-01-25;571;7;20996;32;2.3;0.0
29;2021-01-26;949;33;21945;65;2.4;0.0
29;2021-01-27;1283;54;23228;119;2.6;0.0
29;2021-01-28;799;136;24027;255;2.7;0.0
29;2021-01-29;777;206;24804;461;2.7;0.1
29;2021-01-30;280;4;25084;465;2.8;0.1
29;2021-01-31;78;4;25162;469;2.8;0.1
29;2021-02-01;429;451;25591;920;2.8;0.1
29;2021-02-02;875;825;26466;1745;2.9;0.2
29;2021-02-03;811;894;27277;2639;3.0;0.3
29;2021-02-04;864;642;28141;3281;3.1;0.4
29;2021-02-05;672;585;28813;3866;3.2;0.4
29;2021-02-06;243;102;29056;3968;3.2;0.4
29;2021-02-07;78;105;29134;4073;3.2;0.4
29;2021-02-08;382;449;29516;4522;3.3;0.5
29;2021-02-09;860;853;30376;5375;3.4;0.6
29;2021-02-10;1144;1020;31520;6395;3.5;0.7
29;2021-02-11;1770;4160;33290;10555;3.7;1.2
29;2021-02-12;2304;2505;35594;13060;3.9;1.4
29;2021-02-13;636;414;36230;13474;4.0;1.5
29;2021-02-14;12;229;36242;13703;4.0;1.5
29;2021-02-15;266;951;36508;14654;4.0;1.6
29;2021-02-16;880;1061;37388;15715;4.1;1.7
29;2021-02-17;801;860;38189;16575;4.2;1.8
29;2021-02-18;1528;850;39717;17425;4.4;1.9
29;2021-02-19;1409;1007;41126;18432;4.5;2.0
29;2021-02-20;204;368;41330;18800;4.6;2.1
29;2021-02-21;161;169;41491;18969;4.6;2.1
29;2021-02-22;774;563;42265;19532;4.7;2.2
29;2021-02-23;1267;910;43532;20442;4.8;2.3
29;2021-02-24;1467;841;44999;21283;5.0;2.3
29;2021-02-25;2498;905;47497;22188;5.2;2.4
29;2021-02-26;2671;713;50168;22901;5.5;2.5
29;2021-02-27;1283;279;51451;23180;5.7;2.6
29;2021-02-28;198;72;51649;23252;5.7;2.6
29;2021-03-01;942;489;52591;23741;5.8;2.6
29;2021-03-02;1809;798;54400;24539;6.0;2.7
29;2021-03-03;2086;1019;56486;25558;6.2;2.8
29;2021-03-04;2839;1556;59325;27114;6.5;3.0
29;2021-03-05;3532;1670;62857;28784;6.9;3.2
29;2021-03-06;1998;436;64855;29220;7.2;3.2
29;2021-03-07;412;82;65267;29302;7.2;3.2
29;2021-03-08;1273;590;66540;29892;7.3;3.3
29;2021-03-09;2598;983;69138;30875;7.6;3.4
29;2021-03-10;2425;882;71563;31757;7.9;3.5
29;2021-03-11;4501;1001;76064;32758;8.4;3.6
29;2021-03-12;5267;958;81331;33716;9.0;3.7
29;2021-03-13;2820;402;84151;34118;9.3;3.8
29;2021-03-14;363;1;84514;34119;9.3;3.8
29;2021-03-15;2050;269;86564;34388;9.5;3.8
29;2021-03-16;1818;764;88382;35152;9.7;3.9
29;2021-03-17;1857;727;90239;35879;10.0;4.0
29;2021-03-18;1858;1042;92097;36921;10.2;4.1
29;2021-03-19;3257;900;95354;37821;10.5;4.2
29;2021-03-20;1908;222;97262;38043;10.7;4.2
29;2021-03-21;131;11;97393;38054;10.7;4.2
29;2021-03-22;1641;556;99034;38610;10.9;4.3
29;2021-03-23;3439;1027;102473;39637;11.3;4.4
29;2021-03-24;3773;1023;106246;40660;11.7;4.5
29;2021-03-25;4813;1070;111059;41730;12.3;4.6
29;2021-03-26;5418;1165;116477;42895;12.8;4.7
29;2021-03-27;2427;340;118904;43235;13.1;4.8
29;2021-03-28;197;68;119101;43303;13.1;4.8
29;2021-03-29;2039;824;121140;44127;13.4;4.9
29;2021-03-30;3967;1325;125107;45452;13.8;5.0
29;2021-03-31;3924;1147;129031;46599;14.2;5.1
29;2021-04-01;5012;1141;134043;47740;14.8;5.3
29;2021-04-02;4756;1165;138799;48905;15.3;5.4
29;2021-04-03;2499;538;141298;49443;15.6;5.5
29;2021-04-04;146;30;141444;49473;15.6;5.5
29;2021-04-05;970;330;142414;49803;15.7;5.5
29;2021-04-06;3184;1235;145598;51038;16.1;5.6
29;2021-04-07;3645;938;149243;51976;16.5;5.7
29;2021-04-08;5225;2055;154468;54031;17.0;6.0
29;2021-04-09;6746;1558;161214;55589;17.8;6.1
29;2021-04-10;3492;701;164706;56290;18.2;6.2
29;2021-04-11;120;80;164826;56370;18.2;6.2
29;2021-04-12;3820;1482;168646;57852;18.6;6.4
29;2021-04-13;5846;1748;174492;59600;19.2;6.6
29;2021-04-14;4752;1744;179244;61344;19.8;6.8
29;2021-04-15;7151;1731;186395;63075;20.6;7.0
29;2021-04-16;6696;1340;193091;64415;21.3;7.1
29;2021-04-17;3820;964;196911;65379;21.7;7.2
29;2021-04-18;488;40;197399;65419;21.8;7.2
29;2021-04-19;3878;1459;201277;66878;22.2;7.4
29;2021-04-20;4387;2137;205664;69015;22.7;7.6
29;2021-04-21;4368;2193;210032;71208;23.2;7.9
29;2021-04-22;6643;2852;216675;74060;23.9;8.2
29;2021-04-23;6032;2184;222707;76244;24.6;8.4
29;2021-04-24;4000;1310;226707;77554;25.0;8.6
29;2021-04-25;431;169;227138;77723;25.1;8.6
29;2021-04-26;5258;1866;232396;79589;25.6;8.8
29;2021-04-27;5333;3195;237729;82784;26.2;9.1
29;2021-04-28;5348;2896;243077;85680;26.8;9.5
29;2021-04-29;6572;3346;249649;89026;27.5;9.8
29;2021-04-30;6248;3901;255897;92927;28.2;10.3
29;2021-05-01;1979;978;257876;93905;28.4;10.4
29;2021-05-02;1247;194;259123;94099;28.6;10.4
29;2021-05-03;4532;2284;263655;96383;29.1;10.6
29;2021-05-04;4105;3735;267760;100118;29.5;11.0
29;2021-05-05;4511;3408;272271;103526;30.0;11.4
29;2021-05-06;6228;3710;278499;107236;30.7;11.8
29;2021-05-07;5978;4617;284477;111853;31.4;12.3
29;2021-05-08;2090;564;286567;112417;31.6;12.4
29;2021-05-09;1724;137;288291;112554;31.8;12.4
29;2021-05-10;4760;3763;293051;116317;32.3;12.8
29;2021-05-11;4709;4997;297760;121314;32.8;13.4
29;2021-05-12;5019;4356;302779;125670;33.4;13.9
29;2021-05-13;3434;1499;306213;127169;33.8;14.0
29;2021-05-14;5647;3997;311860;131166;34.4;14.5
29;2021-05-15;4044;2314;315904;133480;34.8;14.7
29;2021-05-16;1584;294;317488;133774;35.0;14.8
29;2021-05-17;5556;3126;323044;136900;35.6;15.1
29;2021-05-18;5734;3092;328778;139992;36.3;15.4
29;2021-05-19;6197;2962;334975;142954;37.0;15.8
29;2021-05-20;7156;4549;342131;147503;37.7;16.3
29;2021-05-21;7206;3809;349337;151312;38.5;16.7
29;2021-05-22;5330;2125;354667;153437;39.1;16.9
29;2021-05-23;1628;65;356295;153502;39.3;16.9
29;2021-05-24;3485;533;359780;154035;39.7;17.0
29;2021-05-25;5823;3016;365603;157051;40.3;17.3
29;2021-05-26;5885;2965;371488;160016;41.0;17.7
29;2021-05-27;6819;3986;378307;164002;41.7;18.1
29;2021-05-28;6538;4450;384845;168452;42.5;18.6
29;2021-05-29;4379;2805;389224;171257;42.9;18.9
29;2021-05-30;1114;359;390338;171616;43.1;18.9
29;2021-05-31;6384;3453;396722;175069;43.8;19.3
29;2021-06-01;6599;4342;403321;179411;44.5;19.8
29;2021-06-02;6156;4122;409477;183533;45.2;20.2
29;2021-06-03;7690;4506;417167;188039;46.0;20.7
29;2021-06-04;6808;6160;423975;194199;46.8;21.4
29;2021-06-05;5348;3035;429323;197234;47.4;21.8
29;2021-06-06;1278;537;430601;197771;47.5;21.8
29;2021-06-07;4654;5561;435255;203332;48.0;22.4
29;2021-06-08;7161;5205;442416;208537;48.8;23.0
29;2021-06-09;6407;4745;448823;213282;49.5;23.5
29;2021-06-10;7772;5054;456595;218336;50.4;24.1
29;2021-06-11;8444;5871;465039;224207;51.3;24.7
29;2021-06-12;6541;2802;471580;227009;52.0;25.0
29;2021-06-13;2340;1370;473920;228379;52.3;25.2
29;2021-06-14;4012;6301;477932;234680;52.7;25.9
29;2021-06-15;5450;6143;483382;240823;53.3;26.6
29;2021-06-16;5544;5608;488926;246431;53.9;27.2
29;2021-06-17;6327;6290;495253;252721;54.6;27.9
29;2021-06-18;6087;7493;501340;260214;55.3;28.7
29;2021-06-19;4605;3526;505945;263740;55.8;29.1
29;2021-06-20;883;1457;506828;265197;55.9;29.3
29;2021-06-21;3729;6497;510557;271694;56.3;30.0
29;2021-06-22;4461;6425;515018;278119;56.8;30.7
29;2021-06-23;4628;6134;519646;284253;57.3;31.4
29;2021-06-24;4768;6738;524414;290991;57.8;32.1
29;2021-06-25;3578;7537;527992;298528;58.2;32.9
29;2021-06-26;2107;4101;530099;302629;58.5;33.4
29;2021-06-27;964;1632;531063;304261;58.6;33.6
29;2021-06-28;2807;6880;533870;311141;58.9;34.3
29;2021-06-29;2756;7739;536626;318880;59.2;35.2
29;2021-06-30;3008;7524;539634;326404;59.5;36.0
29;2021-07-01;3713;8426;543347;334830;59.9;36.9
29;2021-07-02;3575;9676;546922;344506;60.3;38.0
29;2021-07-03;2309;6070;549231;350576;60.6;38.7
29;2021-07-04;801;1772;550032;352348;60.7;38.9
29;2021-07-05;1886;7172;551918;359520;60.9;39.7
29;2021-07-06;1520;8027;553438;367547;61.0;40.5
29;2021-07-07;1682;7047;555120;374594;61.2;41.3
29;2021-07-08;2415;8213;557535;382807;61.5;42.2
29;2021-07-09;2542;9091;560077;391898;61.8;43.2
29;2021-07-10;1906;6110;561983;398008;62.0;43.9
29;2021-07-11;434;1065;562417;399073;62.0;44.0
29;2021-07-12;1948;8385;564365;407458;62.3;44.9
29;2021-07-13;2717;8655;567082;416113;62.6;45.9
29;2021-07-14;2064;3364;569146;419477;62.8;46.3
29;2021-07-15;3793;9732;572939;429209;63.2;47.3
29;2021-07-16;4562;9195;577501;438404;63.7;48.4
29;2021-07-17;3205;6109;580706;444513;64.1;49.0
29;2021-07-18;662;1078;581368;445591;64.1;49.2
29;2021-07-19;3123;7556;584491;453147;64.5;50.0
29;2021-07-20;3509;9441;588000;462588;64.9;51.0
29;2021-07-21;3610;7724;591610;470312;65.3;51.9
29;2021-07-22;3337;8516;594947;478828;65.6;52.8
2A;2020-12-27;0;0;0;0;0.0;0.0
2A;2020-12-28;0;0;0;0;0.0;0.0
2A;2020-12-29;0;0;0;0;0.0;0.0
2A;2020-12-30;0;0;0;0;0.0;0.0
2A;2020-12-31;0;0;0;0;0.0;0.0
2A;2021-01-01;0;0;0;0;0.0;0.0
2A;2021-01-02;0;0;0;0;0.0;0.0
2A;2021-01-03;0;0;0;0;0.0;0.0
2A;2021-01-04;0;0;0;0;0.0;0.0
2A;2021-01-05;0;0;0;0;0.0;0.0
2A;2021-01-06;5;0;5;0;0.0;0.0
2A;2021-01-07;122;1;127;1;0.1;0.0
2A;2021-01-08;113;0;240;1;0.1;0.0
2A;2021-01-09;39;0;279;1;0.2;0.0
2A;2021-01-10;33;0;312;1;0.2;0.0
2A;2021-01-11;76;0;388;1;0.2;0.0
2A;2021-01-12;84;0;472;1;0.3;0.0
2A;2021-01-13;110;0;582;1;0.4;0.0
2A;2021-01-14;192;1;774;2;0.5;0.0
2A;2021-01-15;149;0;923;2;0.6;0.0
2A;2021-01-16;157;1;1080;3;0.7;0.0
2A;2021-01-17;84;1;1164;4;0.7;0.0
2A;2021-01-18;201;2;1365;6;0.8;0.0
2A;2021-01-19;486;0;1851;6;1.1;0.0
2A;2021-01-20;352;0;2203;6;1.4;0.0
2A;2021-01-21;451;1;2654;7;1.6;0.0
2A;2021-01-22;365;0;3019;7;1.9;0.0
2A;2021-01-23;183;0;3202;7;2.0;0.0
2A;2021-01-24;118;0;3320;7;2.0;0.0
2A;2021-01-25;213;0;3533;7;2.2;0.0
2A;2021-01-26;402;6;3935;13;2.4;0.0
2A;2021-01-27;322;5;4257;18;2.6;0.0
2A;2021-01-28;335;80;4592;98;2.8;0.1
2A;2021-01-29;339;64;4931;162;3.0;0.1
2A;2021-01-30;124;41;5055;203;3.1;0.1
2A;2021-01-31;90;12;5145;215;3.2;0.1
2A;2021-02-01;229;53;5374;268;3.3;0.2
2A;2021-02-02;287;118;5661;386;3.5;0.2
2A;2021-02-03;264;75;5925;461;3.6;0.3
2A;2021-02-04;256;121;6181;582;3.8;0.4
2A;2021-02-05;267;106;6448;688;4.0;0.4
2A;2021-02-06;120;60;6568;748;4.0;0.5
2A;2021-02-07;67;58;6635;806;4.1;0.5
2A;2021-02-08;91;209;6726;1015;4.1;0.6
2A;2021-02-09;126;301;6852;1316;4.2;0.8
2A;2021-02-10;158;236;7010;1552;4.3;1.0
2A;2021-02-11;296;369;7306;1921;4.5;1.2
2A;2021-02-12;345;304;7651;2225;4.7;1.4
2A;2021-02-13;224;59;7875;2284;4.8;1.4
2A;2021-02-14;133;77;8008;2361;4.9;1.5
2A;2021-02-15;190;182;8198;2543;5.0;1.6
2A;2021-02-16;380;321;8578;2864;5.3;1.8
2A;2021-02-17;281;166;8859;3030;5.5;1.9
2A;2021-02-18;335;199;9194;3229;5.7;2.0
2A;2021-02-19;146;300;9340;3529;5.8;2.2
2A;2021-02-20;243;136;9583;3665;5.9;2.3
2A;2021-02-21;58;55;9641;3720;5.9;2.3
2A;2021-02-22;77;215;9718;3935;6.0;2.4
2A;2021-02-23;122;290;9840;4225;6.1;2.6
2A;2021-02-24;71;297;9911;4522;6.1;2.8
2A;2021-02-25;104;266;10015;4788;6.2;2.9
2A;2021-02-26;123;273;10138;5061;6.2;3.1
2A;2021-02-27;308;68;10446;5129;6.4;3.2
2A;2021-02-28;69;66;10515;5195;6.5;3.2
2A;2021-03-01;116;152;10631;5347;6.5;3.3
2A;2021-03-02;197;266;10828;5613;6.7;3.5
2A;2021-03-03;236;256;11064;5869;6.8;3.6
2A;2021-03-04;507;228;11571;6097;7.1;3.8
2A;2021-03-05;970;288;12541;6385;7.7;3.9
2A;2021-03-06;1164;72;13705;6457;8.4;4.0
2A;2021-03-07;1021;45;14726;6502;9.1;4.0
2A;2021-03-08;929;86;15655;6588;9.6;4.1
2A;2021-03-09;934;151;16589;6739;10.2;4.1
2A;2021-03-10;629;135;17218;6874;10.6;4.2
2A;2021-03-11;724;281;17942;7155;11.0;4.4
2A;2021-03-12;560;317;18502;7472;11.4;4.6
2A;2021-03-13;610;196;19112;7668;11.8;4.7
2A;2021-03-14;311;125;19423;7793;12.0;4.8
2A;2021-03-15;373;202;19796;7995;12.2;4.9
2A;2021-03-16;494;368;20290;8363;12.5;5.1
2A;2021-03-17;697;272;20987;8635;12.9;5.3
2A;2021-03-18;446;303;21433;8938;13.2;5.5
2A;2021-03-19;484;156;21917;9094;13.5;5.6
2A;2021-03-20;1078;260;22995;9354;14.2;5.8
2A;2021-03-21;696;52;23691;9406;14.6;5.8
2A;2021-03-22;344;67;24035;9473;14.8;5.8
2A;2021-03-23;516;57;24551;9530;15.1;5.9
2A;2021-03-24;862;91;25413;9621;15.6;5.9
2A;2021-03-25;929;137;26342;9758;16.2;6.0
2A;2021-03-26;1075;162;27417;9920;16.9;6.1
2A;2021-03-27;1188;197;28605;10117;17.6;6.2
2A;2021-03-28;241;97;28846;10214;17.8;6.3
2A;2021-03-29;281;136;29127;10350;17.9;6.4
2A;2021-03-30;381;233;29508;10583;18.2;6.5
2A;2021-03-31;446;226;29954;10809;18.4;6.7
2A;2021-04-01;637;452;30591;11261;18.8;6.9
2A;2021-04-02;902;781;31493;12042;19.4;7.4
2A;2021-04-03;644;982;32137;13024;19.8;8.0
2A;2021-04-04;577;783;32714;13807;20.1;8.5
2A;2021-04-05;521;697;33235;14504;20.5;8.9
2A;2021-04-06;550;554;33785;15058;20.8;9.3
2A;2021-04-07;784;423;34569;15481;21.3;9.5
2A;2021-04-08;1048;352;35617;15833;21.9;9.7
2A;2021-04-09;934;393;36551;16226;22.5;10.0
2A;2021-04-10;1052;377;37603;16603;23.2;10.2
2A;2021-04-11;362;256;37965;16859;23.4;10.4
2A;2021-04-12;668;341;38633;17200;23.8;10.6
2A;2021-04-13;324;378;38957;17578;24.0;10.8
2A;2021-04-14;1046;586;40003;18164;24.6;11.2
2A;2021-04-15;1039;521;41042;18685;25.3;11.5
2A;2021-04-16;870;395;41912;19080;25.8;11.7
2A;2021-04-17;1365;933;43277;20013;26.6;12.3
2A;2021-04-18;981;943;44258;20956;27.2;12.9
2A;2021-04-19;269;343;44527;21299;27.4;13.1
2A;2021-04-20;352;344;44879;21643;27.6;13.3
2A;2021-04-21;728;732;45607;22375;28.1;13.8
2A;2021-04-22;895;650;46502;23025;28.6;14.2
2A;2021-04-23;987;775;47489;23800;29.2;14.7
2A;2021-04-24;1748;977;49237;24777;30.3;15.3
2A;2021-04-25;977;302;50214;25079;30.9;15.4
2A;2021-04-26;308;227;50522;25306;31.1;15.6
2A;2021-04-27;344;348;50866;25654;31.3;15.8
2A;2021-04-28;1670;421;52536;26075;32.3;16.1
2A;2021-04-29;1053;357;53589;26432;33.0;16.3
2A;2021-04-30;1130;1058;54719;27490;33.7;16.9
2A;2021-05-01;966;575;55685;28065;34.3;17.3
2A;2021-05-02;674;704;56359;28769;34.7;17.7
2A;2021-05-03;584;576;56943;29345;35.1;18.1
2A;2021-05-04;751;533;57694;29878;35.5;18.4
2A;2021-05-05;1008;982;58702;30860;36.1;19.0
2A;2021-05-06;905;910;59607;31770;36.7;19.6
2A;2021-05-07;1153;836;60760;32606;37.4;20.1
2A;2021-05-08;420;500;61180;33106;37.7;20.4
2A;2021-05-09;783;638;61963;33744;38.1;20.8
2A;2021-05-10;453;740;62416;34484;38.4;21.2
2A;2021-05-11;651;415;63067;34899;38.8;21.5
2A;2021-05-12;919;488;63986;35387;39.4;21.8
2A;2021-05-13;918;138;64904;35525;40.0;21.9
2A;2021-05-14;798;681;65702;36206;40.5;22.3
2A;2021-05-15;779;646;66481;36852;40.9;22.7
2A;2021-05-16;736;498;67217;37350;41.4;23.0
2A;2021-05-17;582;561;67799;37911;41.7;23.3
2A;2021-05-18;613;476;68412;38387;42.1;23.6
2A;2021-05-19;788;481;69200;38868;42.6;23.9
2A;2021-05-20;691;539;69891;39407;43.0;24.3
2A;2021-05-21;533;480;70424;39887;43.4;24.6
2A;2021-05-22;442;308;70866;40195;43.6;24.7
2A;2021-05-23;533;283;71399;40478;44.0;24.9
2A;2021-05-24;125;33;71524;40511;44.0;24.9
2A;2021-05-25;414;503;71938;41014;44.3;25.3
2A;2021-05-26;426;1167;72364;42181;44.6;26.0
2A;2021-05-27;434;1112;72798;43293;44.8;26.7
2A;2021-05-28;296;916;73094;44209;45.0;27.2
2A;2021-05-29;336;900;73430;45109;45.2;27.8
2A;2021-05-30;182;506;73612;45615;45.3;28.1
2A;2021-05-31;188;413;73800;46028;45.4;28.3
2A;2021-06-01;334;729;74134;46757;45.6;28.8
2A;2021-06-02;278;936;74412;47693;45.8;29.4
2A;2021-06-03;302;848;74714;48541;46.0;29.9
2A;2021-06-04;271;1093;74985;49634;46.2;30.6
2A;2021-06-05;319;1443;75304;51077;46.4;31.4
2A;2021-06-06;173;910;75477;51987;46.5;32.0
2A;2021-06-07;164;661;75641;52648;46.6;32.4
2A;2021-06-08;315;705;75956;53353;46.8;32.8
2A;2021-06-09;296;1318;76252;54671;46.9;33.7
2A;2021-06-10;325;857;76577;55528;47.1;34.2
2A;2021-06-11;277;1021;76854;56549;47.3;34.8
2A;2021-06-12;228;664;77082;57213;47.5;35.2
2A;2021-06-13;188;796;77270;58009;47.6;35.7
2A;2021-06-14;245;921;77515;58930;47.7;36.3
2A;2021-06-15;216;506;77731;59436;47.9;36.6
2A;2021-06-16;208;776;77939;60212;48.0;37.1
2A;2021-06-17;233;592;78172;60804;48.1;37.4
2A;2021-06-18;240;916;78412;61720;48.3;38.0
2A;2021-06-19;205;689;78617;62409;48.4;38.4
2A;2021-06-20;148;693;78765;63102;48.5;38.9
2A;2021-06-21;177;792;78942;63894;48.6;39.3
2A;2021-06-22;234;842;79176;64736;48.7;39.9
2A;2021-06-23;211;567;79387;65303;48.9;40.2
2A;2021-06-24;144;372;79531;65675;49.0;40.4
2A;2021-06-25;166;472;79697;66147;49.1;40.7
2A;2021-06-26;198;872;79895;67019;49.2;41.3
2A;2021-06-27;172;794;80067;67813;49.3;41.8
2A;2021-06-28;189;704;80256;68517;49.4;42.2
2A;2021-06-29;209;690;80465;69207;49.5;42.6
2A;2021-06-30;237;491;80702;69698;49.7;42.9
2A;2021-07-01;202;481;80904;70179;49.8;43.2
2A;2021-07-02;165;371;81069;70550;49.9;43.4
2A;2021-07-03;204;619;81273;71169;50.0;43.8
2A;2021-07-04;169;663;81442;71832;50.1;44.2
2A;2021-07-05;158;235;81600;72067;50.2;44.4
2A;2021-07-06;241;390;81841;72457;50.4;44.6
2A;2021-07-07;421;603;82262;73060;50.6;45.0
2A;2021-07-08;579;701;82841;73761;51.0;45.4
2A;2021-07-09;364;421;83205;74182;51.2;45.7
2A;2021-07-10;280;345;83485;74527;51.4;45.9
2A;2021-07-11;91;163;83576;74690;51.5;46.0
2A;2021-07-12;304;349;83880;75039;51.6;46.2
2A;2021-07-13;1174;499;85054;75538;52.4;46.5
2A;2021-07-14;1607;300;86661;75838;53.4;46.7
2A;2021-07-15;1412;819;88073;76657;54.2;47.2
2A;2021-07-16;1156;460;89229;77117;54.9;47.5
2A;2021-07-17;1095;329;90324;77446;55.6;47.7
2A;2021-07-18;632;130;90956;77576;56.0;47.8
2A;2021-07-19;911;426;91867;78002;56.6;48.0
2A;2021-07-20;1254;462;93121;78464;57.3;48.3
2A;2021-07-21;1420;699;94541;79163;58.2;48.7
2A;2021-07-22;1335;753;95876;79916;59.0;49.2
2B;2020-12-27;0;0;0;0;0.0;0.0
2B;2020-12-28;0;0;0;0;0.0;0.0
2B;2020-12-29;0;0;0;0;0.0;0.0
2B;2020-12-30;0;0;0;0;0.0;0.0
2B;2020-12-31;0;0;0;0;0.0;0.0
2B;2021-01-01;0;0;0;0;0.0;0.0
2B;2021-01-02;0;0;0;0;0.0;0.0
2B;2021-01-03;0;0;0;0;0.0;0.0
2B;2021-01-04;2;0;2;0;0.0;0.0
2B;2021-01-05;0;0;2;0;0.0;0.0
2B;2021-01-06;48;1;50;1;0.0;0.0
2B;2021-01-07;211;0;261;1;0.1;0.0
2B;2021-01-08;196;0;457;1;0.3;0.0
2B;2021-01-09;39;0;496;1;0.3;0.0
2B;2021-01-10;1;0;497;1;0.3;0.0
2B;2021-01-11;75;0;572;1;0.3;0.0
2B;2021-01-12;128;1;700;2;0.4;0.0
2B;2021-01-13;93;0;793;2;0.4;0.0
2B;2021-01-14;72;0;865;2;0.5;0.0
2B;2021-01-15;257;0;1122;2;0.6;0.0
2B;2021-01-16;43;0;1165;2;0.6;0.0
2B;2021-01-17;8;0;1173;2;0.6;0.0
2B;2021-01-18;271;0;1444;2;0.8;0.0
2B;2021-01-19;498;0;1942;2;1.1;0.0
2B;2021-01-20;461;0;2403;2;1.3;0.0
2B;2021-01-21;357;0;2760;2;1.5;0.0
2B;2021-01-22;367;0;3127;2;1.7;0.0
2B;2021-01-23;60;0;3187;2;1.7;0.0
2B;2021-01-24;29;0;3216;2;1.8;0.0
2B;2021-01-25;210;2;3426;4;1.9;0.0
2B;2021-01-26;388;1;3814;5;2.1;0.0
2B;2021-01-27;342;50;4156;55;2.3;0.0
2B;2021-01-28;364;149;4520;204;2.5;0.1
2B;2021-01-29;288;164;4808;368;2.6;0.2
2B;2021-01-30;80;33;4888;401;2.7;0.2
2B;2021-01-31;60;0;4948;401;2.7;0.2
2B;2021-02-01;229;94;5177;495;2.8;0.3
2B;2021-02-02;357;78;5534;573;3.0;0.3
2B;2021-02-03;519;92;6053;665;3.3;0.4
2B;2021-02-04;458;176;6511;841;3.6;0.5
2B;2021-02-05;393;95;6904;936;3.8;0.5
2B;2021-02-06;87;14;6991;950;3.8;0.5
2B;2021-02-07;59;0;7050;950;3.9;0.5
2B;2021-02-08;230;157;7280;1107;4.0;0.6
2B;2021-02-09;586;315;7866;1422;4.3;0.8
2B;2021-02-10;485;195;8351;1617;4.6;0.9
2B;2021-02-11;381;128;8732;1745;4.8;1.0
2B;2021-02-12;297;125;9029;1870;5.0;1.0
2B;2021-02-13;77;13;9106;1883;5.0;1.0
2B;2021-02-14;62;0;9168;1883;5.0;1.0
2B;2021-02-15;190;128;9358;2011;5.1;1.1
2B;2021-02-16;253;286;9611;2297;5.3;1.3
2B;2021-02-17;312;317;9923;2614;5.4;1.4
2B;2021-02-18;215;347;10138;2961;5.6;1.6
2B;2021-02-19;163;309;10301;3270;5.7;1.8
2B;2021-02-20;32;63;10333;3333;5.7;1.8
2B;2021-02-21;27;29;10360;3362;5.7;1.8
2B;2021-02-22;133;190;10493;3552;5.8;1.9
2B;2021-02-23;230;358;10723;3910;5.9;2.1
2B;2021-02-24;227;312;10950;4222;6.0;2.3
2B;2021-02-25;244;341;11194;4563;6.1;2.5
2B;2021-02-26;298;282;11492;4845;6.3;2.7
2B;2021-02-27;60;84;11552;4929;6.3;2.7
2B;2021-02-28;1;57;11553;4986;6.3;2.7
2B;2021-03-01;246;261;11799;5247;6.5;2.9
2B;2021-03-02;351;390;12150;5637;6.7;3.1
2B;2021-03-03;297;437;12447;6074;6.8;3.3
2B;2021-03-04;447;408;12894;6482;7.1;3.6
2B;2021-03-05;617;387;13511;6869;7.4;3.8
2B;2021-03-06;682;98;14193;6967;7.8;3.8
2B;2021-03-07;360;59;14553;7026;8.0;3.9
2B;2021-03-08;301;239;14854;7265;8.1;4.0
2B;2021-03-09;383;507;15237;7772;8.4;4.3
2B;2021-03-10;630;446;15867;8218;8.7;4.5
2B;2021-03-11;584;354;16451;8572;9.0;4.7
2B;2021-03-12;959;226;17410;8798;9.6;4.8
2B;2021-03-13;509;109;17919;8907;9.8;4.9
2B;2021-03-14;226;61;18145;8968;10.0;4.9
2B;2021-03-15;514;200;18659;9168;10.2;5.0
2B;2021-03-16;571;276;19230;9444;10.6;5.2
2B;2021-03-17;529;262;19759;9706;10.8;5.3
2B;2021-03-18;549;228;20308;9934;11.1;5.5
2B;2021-03-19;803;194;21111;10128;11.6;5.6
2B;2021-03-20;654;36;21765;10164;11.9;5.6
2B;2021-03-21;429;34;22194;10198;12.2;5.6
2B;2021-03-22;546;123;22740;10321;12.5;5.7
2B;2021-03-23;788;264;23528;10585;12.9;5.8
2B;2021-03-24;830;216;24358;10801;13.4;5.9
2B;2021-03-25;824;163;25182;10964;13.8;6.0
2B;2021-03-26;957;191;26139;11155;14.3;6.1
2B;2021-03-27;1089;34;27228;11189;14.9;6.1
2B;2021-03-28;829;123;28057;11312;15.4;6.2
2B;2021-03-29;744;178;28801;11490;15.8;6.3
2B;2021-03-30;971;322;29772;11812;16.3;6.5
2B;2021-03-31;981;265;30753;12077;16.9;6.6
2B;2021-04-01;1001;231;31754;12308;17.4;6.8
2B;2021-04-02;964;412;32718;12720;18.0;7.0
2B;2021-04-03;1246;151;33964;12871;18.6;7.1
2B;2021-04-04;196;61;34160;12932;18.7;7.1
2B;2021-04-05;108;113;34268;13045;18.8;7.2
2B;2021-04-06;1033;361;35301;13406;19.4;7.4
2B;2021-04-07;1229;430;36530;13836;20.0;7.6
2B;2021-04-08;1127;409;37657;14245;20.7;7.8
2B;2021-04-09;1169;565;38826;14810;21.3;8.1
2B;2021-04-10;1351;260;40177;15070;22.0;8.3
2B;2021-04-11;812;65;40989;15135;22.5;8.3
2B;2021-04-12;851;562;41840;15697;23.0;8.6
2B;2021-04-13;1061;630;42901;16327;23.5;9.0
2B;2021-04-14;1044;492;43945;16819;24.1;9.2
2B;2021-04-15;885;516;44830;17335;24.6;9.5
2B;2021-04-16;911;650;45741;17985;25.1;9.9
2B;2021-04-17;386;444;46127;18429;25.3;10.1
2B;2021-04-18;252;340;46379;18769;25.4;10.3
2B;2021-04-19;822;433;47201;19202;25.9;10.5
2B;2021-04-20;898;848;48099;20050;26.4;11.0
2B;2021-04-21;1053;607;49152;20657;27.0;11.3
2B;2021-04-22;938;731;50090;21388;27.5;11.7
2B;2021-04-23;661;630;50751;22018;27.8;12.1
2B;2021-04-24;287;772;51038;22790;28.0;12.5
2B;2021-04-25;284;477;51322;23267;28.2;12.8
2B;2021-04-26;708;920;52030;24187;28.5;13.3
2B;2021-04-27;965;875;52995;25062;29.1;13.8
2B;2021-04-28;919;860;53914;25922;29.6;14.2
2B;2021-04-29;921;869;54835;26791;30.1;14.7
2B;2021-04-30;1132;830;55967;27621;30.7;15.2
2B;2021-05-01;459;1115;56426;28736;31.0;15.8
2B;2021-05-02;336;244;56762;28980;31.1;15.9
2B;2021-05-03;1019;495;57781;29475;31.7;16.2
2B;2021-05-04;809;1150;58590;30625;32.1;16.8
2B;2021-05-05;804;1375;59394;32000;32.6;17.6
2B;2021-05-06;1287;904;60681;32904;33.3;18.1
2B;2021-05-07;1062;987;61743;33891;33.9;18.6
2B;2021-05-08;459;856;62202;34747;34.1;19.1
2B;2021-05-09;394;683;62596;35430;34.3;19.4
2B;2021-05-10;924;797;63520;36227;34.9;19.9
2B;2021-05-11;934;1160;64454;37387;35.4;20.5
2B;2021-05-12;855;891;65309;38278;35.8;21.0
2B;2021-05-13;1025;376;66334;38654;36.4;21.2
2B;2021-05-14;717;579;67051;39233;36.8;21.5
2B;2021-05-15;702;353;67753;39586;37.2;21.7
2B;2021-05-16;298;179;68051;39765;37.3;21.8
2B;2021-05-17;1002;406;69053;40171;37.9;22.0
2B;2021-05-18;992;382;70045;40553;38.4;22.3
2B;2021-05-19;771;416;70816;40969;38.9;22.5
2B;2021-05-20;669;359;71485;41328;39.2;22.7
2B;2021-05-21;704;502;72189;41830;39.6;23.0
2B;2021-05-22;573;390;72762;42220;39.9;23.2
2B;2021-05-23;168;46;72930;42266;40.0;23.2
2B;2021-05-24;40;114;72970;42380;40.0;23.3
2B;2021-05-25;548;353;73518;42733;40.3;23.4
2B;2021-05-26;544;789;74062;43522;40.6;23.9
2B;2021-05-27;407;1130;74469;44652;40.9;24.5
2B;2021-05-28;555;906;75024;45558;41.2;25.0
2B;2021-05-29;311;352;75335;45910;41.3;25.2
2B;2021-05-30;46;45;75381;45955;41.4;25.2
2B;2021-05-31;376;829;75757;46784;41.6;25.7
2B;2021-06-01;414;1039;76171;47823;41.8;26.2
2B;2021-06-02;365;991;76536;48814;42.0;26.8
2B;2021-06-03;497;808;77033;49622;42.3;27.2
2B;2021-06-04;344;1255;77377;50877;42.5;27.9
2B;2021-06-05;258;494;77635;51371;42.6;28.2
2B;2021-06-06;50;129;77685;51500;42.6;28.3
2B;2021-06-07;280;948;77965;52448;42.8;28.8
2B;2021-06-08;397;1169;78362;53617;43.0;29.4
2B;2021-06-09;517;1178;78879;54795;43.3;30.1
2B;2021-06-10;367;938;79246;55733;43.5;30.6
2B;2021-06-11;432;1275;79678;57008;43.7;31.3
2B;2021-06-12;149;545;79827;57553;43.8;31.6
2B;2021-06-13;23;59;79850;57612;43.8;31.6
2B;2021-06-14;195;1116;80045;58728;43.9;32.2
2B;2021-06-15;344;1220;80389;59948;44.1;32.9
2B;2021-06-16;377;938;80766;60886;44.3;33.4
2B;2021-06-17;394;1049;81160;61935;44.5;34.0
2B;2021-06-18;345;959;81505;62894;44.7;34.5
2B;2021-06-19;140;327;81645;63221;44.8;34.7
2B;2021-06-20;44;194;81689;63415;44.8;34.8
2B;2021-06-21;264;961;81953;64376;45.0;35.3
2B;2021-06-22;312;1111;82265;65487;45.1;35.9
2B;2021-06-23;206;872;82471;66359;45.2;36.4
2B;2021-06-24;335;755;82806;67114;45.4;36.8
2B;2021-06-25;206;1076;83012;68190;45.5;37.4
2B;2021-06-26;104;552;83116;68742;45.6;37.7
2B;2021-06-27;32;215;83148;68957;45.6;37.8
2B;2021-06-28;324;950;83472;69907;45.8;38.4
2B;2021-06-29;265;988;83737;70895;45.9;38.9
2B;2021-06-30;373;950;84110;71845;46.1;39.4
2B;2021-07-01;218;508;84328;72353;46.3;39.7
2B;2021-07-02;209;558;84537;72911;46.4;40.0
2B;2021-07-03;89;395;84626;73306;46.4;40.2
2B;2021-07-04;1;0;84627;73306;46.4;40.2
2B;2021-07-05;263;662;84890;73968;46.6;40.6
2B;2021-07-06;446;707;85336;74675;46.8;41.0
2B;2021-07-07;371;906;85707;75581;47.0;41.5
2B;2021-07-08;179;347;85886;75928;47.1;41.7
2B;2021-07-09;243;368;86129;76296;47.3;41.9
2B;2021-07-10;194;199;86323;76495;47.4;42.0
2B;2021-07-11;13;14;86336;76509;47.4;42.0
2B;2021-07-12;491;739;86827;77248;47.6;42.4
2B;2021-07-13;817;1008;87644;78256;48.1;42.9
2B;2021-07-14;337;97;87981;78353;48.3;43.0
2B;2021-07-15;1248;572;89229;78925;49.0;43.3
2B;2021-07-16;1104;546;90333;79471;49.6;43.6
2B;2021-07-17;706;311;91039;79782;50.0;43.8
2B;2021-07-18;179;46;91218;79828;50.0;43.8
2B;2021-07-19;838;691;92056;80519;50.5;44.2
2B;2021-07-20;1190;671;93246;81190;51.2;44.5
2B;2021-07-21;1372;711;94618;81901;51.9;44.9
2B;2021-07-22;1299;591;95917;82492;52.6;45.3
30;2020-12-27;0;0;0;0;0.0;0.0
30;2020-12-28;0;0;0;0;0.0;0.0
30;2020-12-29;0;0;0;0;0.0;0.0
30;2020-12-30;0;0;0;0;0.0;0.0
30;2020-12-31;0;0;0;0;0.0;0.0
30;2021-01-01;0;0;0;0;0.0;0.0
30;2021-01-02;0;0;0;0;0.0;0.0
30;2021-01-03;0;0;0;0;0.0;0.0
30;2021-01-04;0;0;0;0;0.0;0.0
30;2021-01-05;3;0;3;0;0.0;0.0
30;2021-01-06;128;0;131;0;0.0;0.0
30;2021-01-07;311;0;442;0;0.1;0.0
30;2021-01-08;529;0;971;0;0.1;0.0
30;2021-01-09;270;0;1241;0;0.2;0.0
30;2021-01-10;0;0;1241;0;0.2;0.0
30;2021-01-11;537;0;1778;0;0.2;0.0
30;2021-01-12;796;3;2574;3;0.3;0.0
30;2021-01-13;640;0;3214;3;0.4;0.0
30;2021-01-14;646;5;3860;8;0.5;0.0
30;2021-01-15;756;2;4616;10;0.6;0.0
30;2021-01-16;313;0;4929;10;0.7;0.0
30;2021-01-17;0;0;4929;10;0.7;0.0
30;2021-01-18;936;3;5865;13;0.8;0.0
30;2021-01-19;1735;7;7600;20;1.0;0.0
30;2021-01-20;1303;2;8903;22;1.2;0.0
30;2021-01-21;1224;2;10127;24;1.4;0.0
30;2021-01-22;1074;5;11201;29;1.5;0.0
30;2021-01-23;634;2;11835;31;1.6;0.0
30;2021-01-24;0;0;11835;31;1.6;0.0
30;2021-01-25;830;4;12665;35;1.7;0.0
30;2021-01-26;1057;14;13722;49;1.8;0.0
30;2021-01-27;977;111;14699;160;2.0;0.0
30;2021-01-28;709;274;15408;434;2.1;0.1
30;2021-01-29;669;448;16077;882;2.1;0.1
30;2021-01-30;471;288;16548;1170;2.2;0.2
30;2021-01-31;3;7;16551;1177;2.2;0.2
30;2021-02-01;813;435;17364;1612;2.3;0.2
30;2021-02-02;1873;672;19237;2284;2.6;0.3
30;2021-02-03;1183;491;20420;2775;2.7;0.4
30;2021-02-04;966;663;21386;3438;2.9;0.5
30;2021-02-05;597;767;21983;4205;2.9;0.6
30;2021-02-06;288;262;22271;4467;3.0;0.6
30;2021-02-07;2;8;22273;4475;3.0;0.6
30;2021-02-08;573;738;22846;5213;3.1;0.7
30;2021-02-09;981;1006;23827;6219;3.2;0.8
30;2021-02-10;980;1101;24807;7320;3.3;1.0
30;2021-02-11;926;1037;25733;8357;3.4;1.1
30;2021-02-12;615;992;26348;9349;3.5;1.2
30;2021-02-13;434;389;26782;9738;3.6;1.3
30;2021-02-14;1;21;26783;9759;3.6;1.3
30;2021-02-15;446;622;27229;10381;3.6;1.4
30;2021-02-16;459;849;27688;11230;3.7;1.5
30;2021-02-17;681;624;28369;11854;3.8;1.6
30;2021-02-18;793;527;29162;12381;3.9;1.7
30;2021-02-19;573;671;29735;13052;4.0;1.7
30;2021-02-20;223;225;29958;13277;4.0;1.8
30;2021-02-21;5;3;29963;13280;4.0;1.8
30;2021-02-22;501;765;30464;14045;4.1;1.9
30;2021-02-23;974;1465;31438;15510;4.2;2.1
30;2021-02-24;925;1192;32363;16702;4.3;2.2
30;2021-02-25;1202;891;33565;17593;4.5;2.4
30;2021-02-26;1337;592;34902;18185;4.7;2.4
30;2021-02-27;564;546;35466;18731;4.7;2.5
30;2021-02-28;1;7;35467;18738;4.7;2.5
30;2021-03-01;1337;824;36804;19562;4.9;2.6
30;2021-03-02;1709;911;38513;20473;5.1;2.7
30;2021-03-03;2302;754;40815;21227;5.5;2.8
30;2021-03-04;2628;862;43443;22089;5.8;3.0
30;2021-03-05;2752;603;46195;22692;6.2;3.0
30;2021-03-06;2997;350;49192;23042;6.6;3.1
30;2021-03-07;1858;36;51050;23078;6.8;3.1
30;2021-03-08;1526;778;52576;23856;7.0;3.2
30;2021-03-09;2273;864;54849;24720;7.3;3.3
30;2021-03-10;2344;640;57193;25360;7.6;3.4
30;2021-03-11;3053;665;60246;26025;8.0;3.5
30;2021-03-12;3110;373;63356;26398;8.5;3.5
30;2021-03-13;2222;284;65578;26682;8.8;3.6
30;2021-03-14;83;3;65661;26685;8.8;3.6
30;2021-03-15;1563;555;67224;27240;9.0;3.6
30;2021-03-16;1299;1063;68523;28303;9.2;3.8
30;2021-03-17;1454;640;69977;28943;9.3;3.9
30;2021-03-18;1641;711;71618;29654;9.6;4.0
30;2021-03-19;2248;535;73866;30189;9.9;4.0
30;2021-03-20;1398;137;75264;30326;10.1;4.1
30;2021-03-21;57;8;75321;30334;10.1;4.1
30;2021-03-22;2390;707;77711;31041;10.4;4.1
30;2021-03-23;3503;792;81214;31833;10.9;4.3
30;2021-03-24;3627;797;84841;32630;11.3;4.4
30;2021-03-25;4399;835;89240;33465;11.9;4.5
30;2021-03-26;4358;624;93598;34089;12.5;4.6
30;2021-03-27;1969;370;95567;34459;12.8;4.6
30;2021-03-28;35;29;95602;34488;12.8;4.6
30;2021-03-29;2807;1640;98409;36128;13.1;4.8
30;2021-03-30;3777;1867;102186;37995;13.7;5.1
30;2021-03-31;3504;1634;105690;39629;14.1;5.3
30;2021-04-01;4013;1440;109703;41069;14.7;5.5
30;2021-04-02;3597;1219;113300;42288;15.1;5.6
30;2021-04-03;1061;1219;114361;43507;15.3;5.8
30;2021-04-04;29;188;114390;43695;15.3;5.8
30;2021-04-05;763;284;115153;43979;15.4;5.9
30;2021-04-06;3036;1560;118189;45539;15.8;6.1
30;2021-04-07;2715;1624;120904;47163;16.2;6.3
30;2021-04-08;3913;1476;124817;48639;16.7;6.5
30;2021-04-09;4883;1502;129700;50141;17.3;6.7
30;2021-04-10;2425;1170;132125;51311;17.7;6.9
30;2021-04-11;949;54;133074;51365;17.8;6.9
30;2021-04-12;3146;1480;136220;52845;18.2;7.1
30;2021-04-13;4014;1911;140234;54756;18.7;7.3
30;2021-04-14;3376;1528;143610;56284;19.2;7.5
30;2021-04-15;3830;1446;147440;57730;19.7;7.7
30;2021-04-16;3704;1517;151144;59247;20.2;7.9
30;2021-04-17;1490;943;152634;60190;20.4;8.0
30;2021-04-18;957;66;153591;60256;20.5;8.1
30;2021-04-19;2449;2295;156040;62551;20.8;8.4
30;2021-04-20;2813;2824;158853;65375;21.2;8.7
30;2021-04-21;2593;2562;161446;67937;21.6;9.1
30;2021-04-22;3516;2312;164962;70249;22.0;9.4
30;2021-04-23;3572;2299;168534;72548;22.5;9.7
30;2021-04-24;1346;1228;169880;73776;22.7;9.9
30;2021-04-25;748;89;170628;73865;22.8;9.9
30;2021-04-26;2013;2383;172641;76248;23.1;10.2
30;2021-04-27;2925;2584;175566;78832;23.5;10.5
30;2021-04-28;2831;2477;178397;81309;23.8;10.9
30;2021-04-29;3611;2302;182008;83611;24.3;11.2
30;2021-04-30;3399;2016;185407;85627;24.8;11.4
30;2021-05-01;1748;604;187155;86231;25.0;11.5
30;2021-05-02;663;245;187818;86476;25.1;11.6
30;2021-05-03;3749;2496;191567;88972;25.6;11.9
30;2021-05-04;3970;3517;195537;92489;26.1;12.4
30;2021-05-05;3936;3119;199473;95608;26.7;12.8
30;2021-05-06;4190;3353;203663;98961;27.2;13.2
30;2021-05-07;4068;3048;207731;102009;27.8;13.6
30;2021-05-08;1599;717;209330;102726;28.0;13.7
30;2021-05-09;372;611;209702;103337;28.0;13.8
30;2021-05-10;2913;3111;212615;106448;28.4;14.2
30;2021-05-11;5384;3646;217999;110094;29.1;14.7
30;2021-05-12;5298;3209;223297;113303;29.8;15.1
30;2021-05-13;3229;1017;226526;114320;30.3;15.3
30;2021-05-14;4887;2449;231413;116769;30.9;15.6
30;2021-05-15;3405;1201;234818;117970;31.4;15.8
30;2021-05-16;396;340;235214;118310;31.4;15.8
30;2021-05-17;3792;3035;239006;121345;31.9;16.2
30;2021-05-18;4818;3039;243824;124384;32.6;16.6
30;2021-05-19;4767;2550;248591;126934;33.2;17.0
30;2021-05-20;5003;2570;253594;129504;33.9;17.3
30;2021-05-21;4879;2470;258473;131974;34.5;17.6
30;2021-05-22;3155;1292;261628;133266;35.0;17.8
30;2021-05-23;287;347;261915;133613;35.0;17.9
30;2021-05-24;781;768;262696;134381;35.1;18.0
30;2021-05-25;2656;3159;265352;137540;35.5;18.4
30;2021-05-26;2884;2561;268236;140101;35.8;18.7
30;2021-05-27;3754;2717;271990;142818;36.3;19.1
30;2021-05-28;3322;3285;275312;146103;36.8;19.5
30;2021-05-29;1685;1801;276997;147904;37.0;19.8
30;2021-05-30;358;589;277355;148493;37.1;19.8
30;2021-05-31;2827;2291;280182;150784;37.4;20.1
30;2021-06-01;3649;2791;283831;153575;37.9;20.5
30;2021-06-02;3312;2443;287143;156018;38.4;20.8
30;2021-06-03;4127;3341;291270;159359;38.9;21.3
30;2021-06-04;3900;3395;295170;162754;39.4;21.7
30;2021-06-05;1904;1312;297074;164066;39.7;21.9
30;2021-06-06;683;263;297757;164329;39.8;22.0
30;2021-06-07;4715;2520;302472;166849;40.4;22.3
30;2021-06-08;4820;3315;307292;170164;41.1;22.7
30;2021-06-09;4141;2975;311433;173139;41.6;23.1
30;2021-06-10;4595;3346;316028;176485;42.2;23.6
30;2021-06-11;4574;3803;320602;180288;42.8;24.1
30;2021-06-12;2478;1701;323080;181989;43.2;24.3
30;2021-06-13;492;339;323572;182328;43.2;24.4
30;2021-06-14;2461;4703;326033;187031;43.6;25.0
30;2021-06-15;3193;5299;329226;192330;44.0;25.7
30;2021-06-16;3094;4633;332320;196963;44.4;26.3
30;2021-06-17;3915;4357;336235;201320;44.9;26.9
30;2021-06-18;3702;4683;339937;206003;45.4;27.5
30;2021-06-19;1429;1987;341366;207990;45.6;27.8
30;2021-06-20;356;487;341722;208477;45.7;27.9
30;2021-06-21;2367;4901;344089;213378;46.0;28.5
30;2021-06-22;2346;5737;346435;219115;46.3;29.3
30;2021-06-23;2510;5338;348945;224453;46.6;30.0
30;2021-06-24;2325;4705;351270;229158;46.9;30.6
30;2021-06-25;2601;5605;353871;234763;47.3;31.4
30;2021-06-26;897;2930;354768;237693;47.4;31.8
30;2021-06-27;219;527;354987;238220;47.4;31.8
30;2021-06-28;1658;6022;356645;244242;47.6;32.6
30;2021-06-29;1825;6032;358470;250274;47.9;33.4
30;2021-06-30;1976;5255;360446;255529;48.2;34.1
30;2021-07-01;2948;4706;363394;260235;48.6;34.8
30;2021-07-02;2818;4614;366212;264849;48.9;35.4
30;2021-07-03;1139;3043;367351;267892;49.1;35.8
30;2021-07-04;110;392;367461;268284;49.1;35.8
30;2021-07-05;2005;4018;369466;272302;49.4;36.4
30;2021-07-06;2640;4958;372106;277260;49.7;37.0
30;2021-07-07;2514;4207;374620;281467;50.1;37.6
30;2021-07-08;1992;3416;376612;284883;50.3;38.1
30;2021-07-09;2393;5306;379005;290189;50.6;38.8
30;2021-07-10;1483;2148;380488;292337;50.8;39.1
30;2021-07-11;43;416;380531;292753;50.8;39.1
30;2021-07-12;2503;5143;383034;297896;51.2;39.8
30;2021-07-13;3251;6005;386285;303901;51.6;40.6
30;2021-07-14;491;541;386776;304442;51.7;40.7
30;2021-07-15;4100;5442;390876;309884;52.2;41.4
30;2021-07-16;4933;5683;395809;315567;52.9;42.2
30;2021-07-17;1688;2453;397497;318020;53.1;42.5
30;2021-07-18;145;602;397642;318622;53.1;42.6
30;2021-07-19;3351;6263;400993;324885;53.6;43.4
30;2021-07-20;4524;6455;405517;331340;54.2;44.3
30;2021-07-21;4004;5355;409521;336695;54.7;45.0
30;2021-07-22;4708;5637;414229;342332;55.3;45.7
31;2020-12-27;0;0;0;0;0.0;0.0
31;2020-12-28;0;0;0;0;0.0;0.0
31;2020-12-29;0;0;0;0;0.0;0.0
31;2020-12-30;0;0;0;0;0.0;0.0
31;2020-12-31;0;0;0;0;0.0;0.0
31;2021-01-01;2;0;2;0;0.0;0.0
31;2021-01-02;0;0;2;0;0.0;0.0
31;2021-01-03;1;0;3;0;0.0;0.0
31;2021-01-04;2;0;5;0;0.0;0.0
31;2021-01-05;50;0;55;0;0.0;0.0
31;2021-01-06;211;1;266;1;0.0;0.0
31;2021-01-07;284;1;550;2;0.0;0.0
31;2021-01-08;543;1;1093;3;0.1;0.0
31;2021-01-09;274;0;1367;3;0.1;0.0
31;2021-01-10;286;0;1653;3;0.1;0.0
31;2021-01-11;977;3;2630;6;0.2;0.0
31;2021-01-12;1189;0;3819;6;0.3;0.0
31;2021-01-13;1157;4;4976;10;0.4;0.0
31;2021-01-14;1176;17;6152;27;0.4;0.0
31;2021-01-15;1047;4;7199;31;0.5;0.0
31;2021-01-16;243;1;7442;32;0.5;0.0
31;2021-01-17;173;0;7615;32;0.5;0.0
31;2021-01-18;1605;3;9220;35;0.7;0.0
31;2021-01-19;2929;11;12149;46;0.9;0.0
31;2021-01-20;3660;10;15809;56;1.1;0.0
31;2021-01-21;2987;5;18796;61;1.3;0.0
31;2021-01-22;2270;4;21066;65;1.5;0.0
31;2021-01-23;727;1;21793;66;1.6;0.0
31;2021-01-24;212;1;22005;67;1.6;0.0
31;2021-01-25;1741;9;23746;76;1.7;0.0
31;2021-01-26;1837;65;25583;141;1.8;0.0
31;2021-01-27;1571;153;27154;294;1.9;0.0
31;2021-01-28;1382;304;28536;598;2.0;0.0
31;2021-01-29;1354;350;29890;948;2.1;0.1
31;2021-01-30;443;187;30333;1135;2.2;0.1
31;2021-01-31;61;210;30394;1345;2.2;0.1
31;2021-02-01;1155;736;31549;2081;2.3;0.1
31;2021-02-02;3031;805;34580;2886;2.5;0.2
31;2021-02-03;1915;779;36495;3665;2.6;0.3
31;2021-02-04;1804;846;38299;4511;2.7;0.3
31;2021-02-05;1337;575;39636;5086;2.8;0.4
31;2021-02-06;375;55;40011;5141;2.9;0.4
31;2021-02-07;37;41;40048;5182;2.9;0.4
31;2021-02-08;1114;668;41162;5850;2.9;0.4
31;2021-02-09;1675;1576;42837;7426;3.1;0.5
31;2021-02-10;1958;2476;44795;9902;3.2;0.7
31;2021-02-11;1813;1822;46608;11724;3.3;0.8
31;2021-02-12;1534;799;48142;12523;3.4;0.9
31;2021-02-13;501;230;48643;12753;3.5;0.9
31;2021-02-14;55;217;48698;12970;3.5;0.9
31;2021-02-15;443;1374;49141;14344;3.5;1.0
31;2021-02-16;465;1555;49606;15899;3.5;1.1
31;2021-02-17;471;1690;50077;17589;3.6;1.3
31;2021-02-18;476;1832;50553;19421;3.6;1.4
31;2021-02-19;389;1574;50942;20995;3.6;1.5
31;2021-02-20;67;532;51009;21527;3.6;1.5
31;2021-02-21;79;161;51088;21688;3.6;1.5
31;2021-02-22;430;1759;51518;23447;3.7;1.7
31;2021-02-23;864;3016;52382;26463;3.7;1.9
31;2021-02-24;653;2200;53035;28663;3.8;2.0
31;2021-02-25;1425;1843;54460;30506;3.9;2.2
31;2021-02-26;1707;1235;56167;31741;4.0;2.3
31;2021-02-27;637;405;56804;32146;4.1;2.3
31;2021-02-28;77;54;56881;32200;4.1;2.3
31;2021-03-01;867;1134;57748;33334;4.1;2.4
31;2021-03-02;1231;1665;58979;34999;4.2;2.5
31;2021-03-03;1355;1817;60334;36816;4.3;2.6
31;2021-03-04;2418;1501;62752;38317;4.5;2.7
31;2021-03-05;3051;1597;65803;39914;4.7;2.8
31;2021-03-06;2831;410;68634;40324;4.9;2.9
31;2021-03-07;5364;96;73998;40420;5.3;2.9
31;2021-03-08;1594;1096;75592;41516;5.4;3.0
31;2021-03-09;2777;1187;78369;42703;5.6;3.0
31;2021-03-10;2569;1086;80938;43789;5.8;3.1
31;2021-03-11;4374;1159;85312;44948;6.1;3.2
31;2021-03-12;5310;1185;90622;46133;6.5;3.3
31;2021-03-13;2833;502;93455;46635;6.7;3.3
31;2021-03-14;230;49;93685;46684;6.7;3.3
31;2021-03-15;2576;423;96261;47107;6.9;3.4
31;2021-03-16;1741;810;98002;47917;7.0;3.4
31;2021-03-17;1653;555;99655;48472;7.1;3.5
31;2021-03-18;1962;707;101617;49179;7.3;3.5
31;2021-03-19;3177;522;104794;49701;7.5;3.5
31;2021-03-20;1791;140;106585;49841;7.6;3.6
31;2021-03-21;206;35;106791;49876;7.6;3.6
31;2021-03-22;2576;361;109367;50237;7.8;3.6
31;2021-03-23;4048;314;113415;50551;8.1;3.6
31;2021-03-24;4351;282;117766;50833;8.4;3.6
31;2021-03-25;6038;503;123804;51336;8.8;3.7
31;2021-03-26;5461;507;129265;51843;9.2;3.7
31;2021-03-27;4342;192;133607;52035;9.5;3.7
31;2021-03-28;2288;44;135895;52079;9.7;3.7
31;2021-03-29;4199;425;140094;52504;10.0;3.7
31;2021-03-30;6586;541;146680;53045;10.5;3.8
31;2021-03-31;5639;360;152319;53405;10.9;3.8
31;2021-04-01;6957;528;159276;53933;11.4;3.8
31;2021-04-02;6097;568;165373;54501;11.8;3.9
31;2021-04-03;3917;151;169290;54652;12.1;3.9
31;2021-04-04;2058;111;171348;54763;12.2;3.9
31;2021-04-05;478;69;171826;54832;12.3;3.9
31;2021-04-06;4156;1140;175982;55972;12.6;4.0
31;2021-04-07;5978;974;181960;56946;13.0;4.1
31;2021-04-08;7560;1019;189520;57965;13.5;4.1
31;2021-04-09;8380;1235;197900;59200;14.1;4.2
31;2021-04-10;4709;541;202609;59741;14.5;4.3
31;2021-04-11;2065;138;204674;59879;14.6;4.3
31;2021-04-12;5992;1824;210666;61703;15.0;4.4
31;2021-04-13;8019;2013;218685;63716;15.6;4.5
31;2021-04-14;6641;1921;225326;65637;16.1;4.7
31;2021-04-15;7766;2226;233092;67863;16.6;4.8
31;2021-04-16;7174;2082;240266;69945;17.2;5.0
31;2021-04-17;4407;896;244673;70841;17.5;5.1
31;2021-04-18;2503;355;247176;71196;17.6;5.1
31;2021-04-19;5214;2022;252390;73218;18.0;5.2
31;2021-04-20;6067;2845;258457;76063;18.4;5.4
31;2021-04-21;5968;2785;264425;78848;18.9;5.6
31;2021-04-22;6378;3229;270803;82077;19.3;5.9
31;2021-04-23;6261;2568;277064;84645;19.8;6.0
31;2021-04-24;1613;3131;278677;87776;19.9;6.3
31;2021-04-25;680;2093;279357;89869;19.9;6.4
31;2021-04-26;3790;3221;283147;93090;20.2;6.6
31;2021-04-27;4512;3899;287659;96989;20.5;6.9
31;2021-04-28;4542;3490;292201;100479;20.9;7.2
31;2021-04-29;5178;4014;297379;104493;21.2;7.5
31;2021-04-30;5024;4128;302403;108621;21.6;7.8
31;2021-05-01;1488;3118;303891;111739;21.7;8.0
31;2021-05-02;1411;1981;305302;113720;21.8;8.1
31;2021-05-03;5646;2415;310948;116135;22.2;8.3
31;2021-05-04;4777;4734;315725;120869;22.5;8.6
31;2021-05-05;2981;5721;318706;126590;22.7;9.0
31;2021-05-06;3627;7383;322333;133973;23.0;9.6
31;2021-05-07;5254;7170;327587;141143;23.4;10.1
31;2021-05-08;3632;3101;331219;144244;23.6;10.3
31;2021-05-09;3758;2308;334977;146552;23.9;10.5
31;2021-05-10;5683;5467;340660;152019;24.3;10.9
31;2021-05-11;6638;6691;347298;158710;24.8;11.3
31;2021-05-12;6170;5914;353468;164624;25.2;11.8
31;2021-05-13;4641;2059;358109;166683;25.6;11.9
31;2021-05-14;6902;3976;365011;170659;26.1;12.2
31;2021-05-15;5141;1750;370152;172409;26.4;12.3
31;2021-05-16;3293;629;373445;173038;26.7;12.4
31;2021-05-17;5141;4147;378586;177185;27.0;12.6
31;2021-05-18;5586;4270;384172;181455;27.4;13.0
31;2021-05-19;5778;3764;389950;185219;27.8;13.2
31;2021-05-20;6468;4800;396418;190019;28.3;13.6
31;2021-05-21;5979;4606;402397;194625;28.7;13.9
31;2021-05-22;4081;1625;406478;196250;29.0;14.0
31;2021-05-23;3582;343;410060;196593;29.3;14.0
31;2021-05-24;3874;708;413934;197301;29.5;14.1
31;2021-05-25;6189;3604;420123;200905;30.0;14.3
31;2021-05-26;5595;4634;425718;205539;30.4;14.7
31;2021-05-27;4770;6192;430488;211731;30.7;15.1
31;2021-05-28;4114;6342;434602;218073;31.0;15.6
31;2021-05-29;1916;4031;436518;222104;31.2;15.9
31;2021-05-30;746;2363;437264;224467;31.2;16.0
31;2021-05-31;4396;5084;441660;229551;31.5;16.4
31;2021-06-01;5949;6558;447609;236109;32.0;16.9
31;2021-06-02;5783;6298;453392;242407;32.4;17.3
31;2021-06-03;7295;8134;460687;250541;32.9;17.9
31;2021-06-04;7528;7153;468215;257694;33.4;18.4
31;2021-06-05;9075;2767;477290;260461;34.1;18.6
31;2021-06-06;8104;1573;485394;262034;34.6;18.7
31;2021-06-07;7980;5458;493374;267492;35.2;19.1
31;2021-06-08;9095;6043;502469;273535;35.9;19.5
31;2021-06-09;8908;5509;511377;279044;36.5;19.9
31;2021-06-10;9760;6329;521137;285373;37.2;20.4
31;2021-06-11;10016;6631;531153;292004;37.9;20.8
31;2021-06-12;8784;3000;539937;295004;38.5;21.1
31;2021-06-13;8356;2000;548293;297004;39.1;21.2
31;2021-06-14;8372;6723;556665;303727;39.7;21.7
31;2021-06-15;9727;7423;566392;311150;40.4;22.2
31;2021-06-16;8707;5247;575099;316397;41.1;22.6
31;2021-06-17;8246;6585;583345;322982;41.6;23.1
31;2021-06-18;8503;7733;591848;330715;42.2;23.6
31;2021-06-19;7343;5427;599191;336142;42.8;24.0
31;2021-06-20;5559;3722;604750;339864;43.2;24.3
31;2021-06-21;5356;6906;610106;346770;43.5;24.8
31;2021-06-22;4949;8212;615055;354982;43.9;25.3
31;2021-06-23;5084;7258;620139;362240;44.3;25.9
31;2021-06-24;4562;8315;624701;370555;44.6;26.5
31;2021-06-25;4999;9309;629700;379864;44.9;27.1
31;2021-06-26;4268;6392;633968;386256;45.3;27.6
31;2021-06-27;3590;4099;637558;390355;45.5;27.9
31;2021-06-28;4078;6637;641636;396992;45.8;28.3
31;2021-06-29;3771;7557;645407;404549;46.1;28.9
31;2021-06-30;4243;7795;649650;412344;46.4;29.4
31;2021-07-01;3981;8465;653631;420809;46.7;30.0
31;2021-07-02;4079;9326;657710;430135;46.9;30.7
31;2021-07-03;4078;6117;661788;436252;47.2;31.1
31;2021-07-04;3194;4800;664982;441052;47.5;31.5
31;2021-07-05;4017;7087;668999;448139;47.8;32.0
31;2021-07-06;3768;8353;672767;456492;48.0;32.6
31;2021-07-07;3929;7976;676696;464468;48.3;33.2
31;2021-07-08;4008;8531;680704;472999;48.6;33.8
31;2021-07-09;4418;8790;685122;481789;48.9;34.4
31;2021-07-10;3898;5476;689020;487265;49.2;34.8
31;2021-07-11;3131;4118;692151;491383;49.4;35.1
31;2021-07-12;3793;8601;695944;499984;49.7;35.7
31;2021-07-13;6869;9383;702813;509367;50.2;36.4
31;2021-07-14;6105;3866;708918;513233;50.6;36.6
31;2021-07-15;8416;9370;717334;522603;51.2;37.3
31;2021-07-16;7697;9838;725031;532441;51.8;38.0
31;2021-07-17;8318;10476;733349;542917;52.3;38.8
31;2021-07-18;6604;9400;739953;552317;52.8;39.4
31;2021-07-19;4766;10744;744719;563061;53.2;40.2
31;2021-07-20;7090;11420;751809;574481;53.7;41.0
31;2021-07-21;6963;11468;758772;585949;54.2;41.8
31;2021-07-22;7984;11624;766756;597573;54.7;42.7
32;2020-12-27;0;0;0;0;0.0;0.0
32;2020-12-28;0;0;0;0;0.0;0.0
32;2020-12-29;0;0;0;0;0.0;0.0
32;2020-12-30;0;0;0;0;0.0;0.0
32;2020-12-31;0;0;0;0;0.0;0.0
32;2021-01-01;0;0;0;0;0.0;0.0
32;2021-01-02;0;0;0;0;0.0;0.0
32;2021-01-03;0;0;0;0;0.0;0.0
32;2021-01-04;3;0;3;0;0.0;0.0
32;2021-01-05;1;0;4;0;0.0;0.0
32;2021-01-06;2;0;6;0;0.0;0.0
32;2021-01-07;152;0;158;0;0.1;0.0
32;2021-01-08;70;0;228;0;0.1;0.0
32;2021-01-09;5;0;233;0;0.1;0.0
32;2021-01-10;0;0;233;0;0.1;0.0
32;2021-01-11;11;0;244;0;0.1;0.0
32;2021-01-12;94;0;338;0;0.2;0.0
32;2021-01-13;325;0;663;0;0.3;0.0
32;2021-01-14;376;3;1039;3;0.5;0.0
32;2021-01-15;448;0;1487;3;0.8;0.0
32;2021-01-16;16;2;1503;5;0.8;0.0
32;2021-01-17;1;0;1504;5;0.8;0.0
32;2021-01-18;344;0;1848;5;1.0;0.0
32;2021-01-19;418;0;2266;5;1.2;0.0
32;2021-01-20;358;0;2624;5;1.4;0.0
32;2021-01-21;582;0;3206;5;1.7;0.0
32;2021-01-22;371;0;3577;5;1.9;0.0
32;2021-01-23;180;0;3757;5;2.0;0.0
32;2021-01-24;3;0;3760;5;2.0;0.0
32;2021-01-25;460;1;4220;6;2.2;0.0
32;2021-01-26;604;0;4824;6;2.5;0.0
32;2021-01-27;703;4;5527;10;2.9;0.0
32;2021-01-28;685;17;6212;27;3.3;0.0
32;2021-01-29;460;52;6672;79;3.5;0.0
32;2021-01-30;260;0;6932;79;3.6;0.0
32;2021-01-31;4;5;6936;84;3.6;0.0
32;2021-02-01;287;58;7223;142;3.8;0.1
32;2021-02-02;639;140;7862;282;4.1;0.1
32;2021-02-03;338;201;8200;483;4.3;0.3
32;2021-02-04;424;278;8624;761;4.5;0.4
32;2021-02-05;348;360;8972;1121;4.7;0.6
32;2021-02-06;147;0;9119;1121;4.8;0.6
32;2021-02-07;0;36;9119;1157;4.8;0.6
32;2021-02-08;275;124;9394;1281;4.9;0.7
32;2021-02-09;309;229;9703;1510;5.1;0.8
32;2021-02-10;267;253;9970;1763;5.2;0.9
32;2021-02-11;379;318;10349;2081;5.4;1.1
32;2021-02-12;297;280;10646;2361;5.6;1.2
32;2021-02-13;249;1;10895;2362;5.7;1.2
32;2021-02-14;0;28;10895;2390;5.7;1.3
32;2021-02-15;25;212;10920;2602;5.7;1.4
32;2021-02-16;392;368;11312;2970;6.0;1.6
32;2021-02-17;189;474;11501;3444;6.1;1.8
32;2021-02-18;330;490;11831;3934;6.2;2.1
32;2021-02-19;183;282;12014;4216;6.3;2.2
32;2021-02-20;1;120;12015;4336;6.3;2.3
32;2021-02-21;0;0;12015;4336;6.3;2.3
32;2021-02-22;158;386;12173;4722;6.4;2.5
32;2021-02-23;432;561;12605;5283;6.6;2.8
32;2021-02-24;277;380;12882;5663;6.8;3.0
32;2021-02-25;480;520;13362;6183;7.0;3.3
32;2021-02-26;443;386;13805;6569;7.3;3.5
32;2021-02-27;157;246;13962;6815;7.3;3.6
32;2021-02-28;4;0;13966;6815;7.3;3.6
32;2021-03-01;51;299;14017;7114;7.4;3.7
32;2021-03-02;413;445;14430;7559;7.6;4.0
32;2021-03-03;273;292;14703;7851;7.7;4.1
32;2021-03-04;538;338;15241;8189;8.0;4.3
32;2021-03-05;435;249;15676;8438;8.2;4.4
32;2021-03-06;521;167;16197;8605;8.5;4.5
32;2021-03-07;25;5;16222;8610;8.5;4.5
32;2021-03-08;233;293;16455;8903;8.7;4.7
32;2021-03-09;642;328;17097;9231;9.0;4.9
32;2021-03-10;482;328;17579;9559;9.3;5.0
32;2021-03-11;853;293;18432;9852;9.7;5.2
32;2021-03-12;881;342;19313;10194;10.2;5.4
32;2021-03-13;490;248;19803;10442;10.4;5.5
32;2021-03-14;1;0;19804;10442;10.4;5.5
32;2021-03-15;265;25;20069;10467;10.6;5.5
32;2021-03-16;312;304;20381;10771;10.7;5.7
32;2021-03-17;149;155;20530;10926;10.8;5.7
32;2021-03-18;374;308;20904;11234;11.0;5.9
32;2021-03-19;402;183;21306;11417;11.2;6.0
32;2021-03-20;136;33;21442;11450;11.3;6.0
32;2021-03-21;0;0;21442;11450;11.3;6.0
32;2021-03-22;340;167;21782;11617;11.5;6.1
32;2021-03-23;559;397;22341;12014;11.8;6.3
32;2021-03-24;644;270;22985;12284;12.1;6.5
32;2021-03-25;893;417;23878;12701;12.6;6.7
32;2021-03-26;655;295;24533;12996;12.9;6.8
32;2021-03-27;165;2;24698;12998;13.0;6.8
32;2021-03-28;0;1;24698;12999;13.0;6.8
32;2021-03-29;371;48;25069;13047;13.2;6.9
32;2021-03-30;765;286;25834;13333;13.6;7.0
32;2021-03-31;654;172;26488;13505;13.9;7.1
32;2021-04-01;1238;319;27726;13824;14.6;7.3
32;2021-04-02;575;168;28301;13992;14.9;7.4
32;2021-04-03;114;0;28415;13992;15.0;7.4
32;2021-04-04;0;0;28415;13992;15.0;7.4
32;2021-04-05;0;0;28415;13992;15.0;7.4
32;2021-04-06;2642;304;31057;14296;16.3;7.5
32;2021-04-07;1176;201;32233;14497;17.0;7.6
32;2021-04-08;1737;404;33970;14901;17.9;7.8
32;2021-04-09;883;217;34853;15118;18.3;8.0
32;2021-04-10;808;28;35661;15146;18.8;8.0
32;2021-04-11;14;0;35675;15146;18.8;8.0
32;2021-04-12;476;20;36151;15166;19.0;8.0
32;2021-04-13;2465;378;38616;15544;20.3;8.2
32;2021-04-14;1226;262;39842;15806;21.0;8.3
32;2021-04-15;1701;391;41543;16197;21.9;8.5
32;2021-04-16;638;282;42181;16479;22.2;8.7
32;2021-04-17;781;37;42962;16516;22.6;8.7
32;2021-04-18;11;1;42973;16517;22.6;8.7
32;2021-04-19;502;44;43475;16561;22.9;8.7
32;2021-04-20;2472;382;45947;16943;24.2;8.9
32;2021-04-21;1008;294;46955;17237;24.7;9.1
32;2021-04-22;1662;320;48617;17557;25.6;9.2
32;2021-04-23;546;157;49163;17714;25.9;9.3
32;2021-04-24;1391;54;50554;17768;26.6;9.3
32;2021-04-25;0;11;50554;17779;26.6;9.4
32;2021-04-26;388;359;50942;18138;26.8;9.5
32;2021-04-27;2548;549;53490;18687;28.1;9.8
32;2021-04-28;969;352;54459;19039;28.7;10.0
32;2021-04-29;1007;884;55466;19923;29.2;10.5
32;2021-04-30;451;361;55917;20284;29.4;10.7
32;2021-05-01;2604;92;58521;20376;30.8;10.7
32;2021-05-02;0;0;58521;20376;30.8;10.7
32;2021-05-03;168;321;58689;20697;30.9;10.9
32;2021-05-04;793;2495;59482;23192;31.3;12.2
32;2021-05-05;2360;1094;61842;24286;32.5;12.8
32;2021-05-06;516;1662;62358;25948;32.8;13.7
32;2021-05-07;2287;533;64645;26481;34.0;13.9
32;2021-05-08;71;519;64716;27000;34.1;14.2
32;2021-05-09;20;179;64736;27179;34.1;14.3
32;2021-05-10;1989;547;66725;27726;35.1;14.6
32;2021-05-11;655;2272;67380;29998;35.5;15.8
32;2021-05-12;2312;1137;69692;31135;36.7;16.4
32;2021-05-13;279;1414;69971;32549;36.8;17.1
32;2021-05-14;2222;323;72193;32872;38.0;17.3
32;2021-05-15;134;712;72327;33584;38.1;17.7
32;2021-05-16;1;0;72328;33584;38.1;17.7
32;2021-05-17;353;170;72681;33754;38.2;17.8
32;2021-05-18;1642;297;74323;34051;39.1;17.9
32;2021-05-19;2472;272;76795;34323;40.4;18.1
32;2021-05-20;2886;466;79681;34789;41.9;18.3
32;2021-05-21;2533;498;82214;35287;43.3;18.6
32;2021-05-22;335;111;82549;35398;43.4;18.6
32;2021-05-23;1;13;82550;35411;43.4;18.6
32;2021-05-24;2;0;82552;35411;43.4;18.6
32;2021-05-25;1979;372;84531;35783;44.5;18.8
32;2021-05-26;2545;551;87076;36334;45.8;19.1
32;2021-05-27;2875;627;89951;36961;47.3;19.4
32;2021-05-28;2310;767;92261;37728;48.5;19.9
32;2021-05-29;372;312;92633;38040;48.7;20.0
32;2021-05-30;4;6;92637;38046;48.7;20.0
32;2021-05-31;1412;625;94049;38671;49.5;20.3
32;2021-06-01;565;2887;94614;41558;49.8;21.9
32;2021-06-02;1577;1354;96191;42912;50.6;22.6
32;2021-06-03;397;2087;96588;44999;50.8;23.7
32;2021-06-04;1835;829;98423;45828;51.8;24.1
32;2021-06-05;208;1661;98631;47489;51.9;25.0
32;2021-06-06;8;14;98639;47503;51.9;25.0
32;2021-06-07;101;418;98740;47921;52.0;25.2
32;2021-06-08;661;2540;99401;50461;52.3;26.6
32;2021-06-09;1191;1052;100592;51513;52.9;27.1
32;2021-06-10;683;1215;101275;52728;53.3;27.7
32;2021-06-11;927;661;102202;53389;53.8;28.1
32;2021-06-12;151;2678;102353;56067;53.9;29.5
32;2021-06-13;1;1;102354;56068;53.9;29.5
32;2021-06-14;526;208;102880;56276;54.1;29.6
32;2021-06-15;1723;1025;104603;57301;55.0;30.2
32;2021-06-16;847;2775;105450;60076;55.5;31.6
32;2021-06-17;856;829;106306;60905;55.9;32.0
32;2021-06-18;313;2722;106619;63627;56.1;33.5
32;2021-06-19;913;431;107532;64058;56.6;33.7
32;2021-06-20;5;13;107537;64071;56.6;33.7
32;2021-06-21;68;1993;107605;66064;56.6;34.8
32;2021-06-22;1037;963;108642;67027;57.2;35.3
32;2021-06-23;509;2184;109151;69211;57.4;36.4
32;2021-06-24;522;518;109673;69729;57.7;36.7
32;2021-06-25;478;2358;110151;72087;58.0;37.9
32;2021-06-26;107;171;110258;72258;58.0;38.0
32;2021-06-27;2;5;110260;72263;58.0;38.0
32;2021-06-28;624;603;110884;72866;58.3;38.3
32;2021-06-29;798;1983;111682;74849;58.8;39.4
32;2021-06-30;755;2722;112437;77571;59.2;40.8
32;2021-07-01;531;2636;112968;80207;59.4;42.2
32;2021-07-02;639;2334;113607;82541;59.8;43.4
32;2021-07-03;479;508;114086;83049;60.0;43.7
32;2021-07-04;1;12;114087;83061;60.0;43.7
32;2021-07-05;67;390;114154;83451;60.1;43.9
32;2021-07-06;867;2074;115021;85525;60.5;45.0
32;2021-07-07;775;2749;115796;88274;60.9;46.5
32;2021-07-08;473;2263;116269;90537;61.2;47.6
32;2021-07-09;608;2221;116877;92758;61.5;48.8
32;2021-07-10;532;520;117409;93278;61.8;49.1
32;2021-07-11;0;5;117409;93283;61.8;49.1
32;2021-07-12;522;1237;117931;94520;62.1;49.7
32;2021-07-13;1685;1808;119616;96328;62.9;50.7
32;2021-07-14;480;32;120096;96360;63.2;50.7
32;2021-07-15;2084;870;122180;97230;64.3;51.2
32;2021-07-16;1162;1899;123342;99129;64.9;52.2
32;2021-07-17;76;127;123418;99256;64.9;52.2
32;2021-07-18;2;5;123420;99261;64.9;52.2
32;2021-07-19;1987;144;125407;99405;66.0;52.3
32;2021-07-20;2021;1248;127428;100653;67.1;53.0
32;2021-07-21;1599;1669;129027;102322;67.9;53.8
32;2021-07-22;1938;491;130965;102813;68.9;54.1
33;2020-12-27;1;0;1;0;0.0;0.0
33;2020-12-28;1;0;2;0;0.0;0.0
33;2020-12-29;0;0;2;0;0.0;0.0
33;2020-12-30;0;0;2;0;0.0;0.0
33;2020-12-31;0;0;2;0;0.0;0.0
33;2021-01-01;0;0;2;0;0.0;0.0
33;2021-01-02;1;0;3;0;0.0;0.0
33;2021-01-03;0;0;3;0;0.0;0.0
33;2021-01-04;1;0;4;0;0.0;0.0
33;2021-01-05;0;0;4;0;0.0;0.0
33;2021-01-06;134;0;138;0;0.0;0.0
33;2021-01-07;1303;1;1441;1;0.1;0.0
33;2021-01-08;1199;2;2640;3;0.2;0.0
33;2021-01-09;296;1;2936;4;0.2;0.0
33;2021-01-10;229;0;3165;4;0.2;0.0
33;2021-01-11;624;0;3789;4;0.2;0.0
33;2021-01-12;1414;2;5203;6;0.3;0.0
33;2021-01-13;1313;8;6516;14;0.4;0.0
33;2021-01-14;1275;12;7791;26;0.5;0.0
33;2021-01-15;1595;9;9386;35;0.6;0.0
33;2021-01-16;565;8;9951;43;0.6;0.0
33;2021-01-17;405;4;10356;47;0.6;0.0
33;2021-01-18;1195;10;11551;57;0.7;0.0
33;2021-01-19;2919;3;14470;60;0.9;0.0
33;2021-01-20;3387;6;17857;66;1.1;0.0
33;2021-01-21;2854;5;20711;71;1.3;0.0
33;2021-01-22;2319;7;23030;78;1.4;0.0
33;2021-01-23;846;0;23876;78;1.5;0.0
33;2021-01-24;525;2;24401;80;1.5;0.0
33;2021-01-25;2167;61;26568;141;1.6;0.0
33;2021-01-26;2230;160;28798;301;1.8;0.0
33;2021-01-27;2248;210;31046;511;1.9;0.0
33;2021-01-28;2153;443;33199;954;2.0;0.1
33;2021-01-29;1813;694;35012;1648;2.1;0.1
33;2021-01-30;701;175;35713;1823;2.2;0.1
33;2021-01-31;387;157;36100;1980;2.2;0.1
33;2021-02-01;1454;654;37554;2634;2.3;0.2
33;2021-02-02;2640;1105;40194;3739;2.5;0.2
33;2021-02-03;2894;865;43088;4604;2.6;0.3
33;2021-02-04;3982;1348;47070;5952;2.9;0.4
33;2021-02-05;2184;1165;49254;7117;3.0;0.4
33;2021-02-06;642;201;49896;7318;3.1;0.4
33;2021-02-07;218;232;50114;7550;3.1;0.5
33;2021-02-08;1257;762;51371;8312;3.1;0.5
33;2021-02-09;1318;1692;52689;10004;3.2;0.6
33;2021-02-10;1255;1753;53944;11757;3.3;0.7
33;2021-02-11;1287;1449;55231;13206;3.4;0.8
33;2021-02-12;1115;1261;56346;14467;3.4;0.9
33;2021-02-13;196;294;56542;14761;3.5;0.9
33;2021-02-14;44;247;56586;15008;3.5;0.9
33;2021-02-15;686;1735;57272;16743;3.5;1.0
33;2021-02-16;803;2053;58075;18796;3.6;1.2
33;2021-02-17;664;2051;58739;20847;3.6;1.3
33;2021-02-18;897;2266;59636;23113;3.7;1.4
33;2021-02-19;915;2028;60551;25141;3.7;1.5
33;2021-02-20;74;660;60625;25801;3.7;1.6
33;2021-02-21;32;464;60657;26265;3.7;1.6
33;2021-02-22;703;1897;61360;28162;3.8;1.7
33;2021-02-23;1235;2748;62595;30910;3.8;1.9
33;2021-02-24;1357;2535;63952;33445;3.9;2.0
33;2021-02-25;2822;3758;66774;37203;4.1;2.3
33;2021-02-26;4053;2325;70827;39528;4.3;2.4
33;2021-02-27;1357;723;72184;40251;4.4;2.5
33;2021-02-28;123;521;72307;40772;4.4;2.5
33;2021-03-01;1529;1848;73836;42620;4.5;2.6
33;2021-03-02;2320;1748;76156;44368;4.7;2.7
33;2021-03-03;2295;1714;78451;46082;4.8;2.8
33;2021-03-04;3927;1666;82378;47748;5.0;2.9
33;2021-03-05;5752;1743;88130;49491;5.4;3.0
33;2021-03-06;3410;557;91540;50048;5.6;3.1
33;2021-03-07;736;155;92276;50203;5.6;3.1
33;2021-03-08;2703;1153;94979;51356;5.8;3.1
33;2021-03-09;4389;1333;99368;52689;6.1;3.2
33;2021-03-10;5113;1232;104481;53921;6.4;3.3
33;2021-03-11;7530;1218;112011;55139;6.9;3.4
33;2021-03-12;10102;1144;122113;56283;7.5;3.4
33;2021-03-13;5143;204;127256;56487;7.8;3.5
33;2021-03-14;709;19;127965;56506;7.8;3.5
33;2021-03-15;4432;675;132397;57181;8.1;3.5
33;2021-03-16;3578;870;135975;58051;8.3;3.6
33;2021-03-17;3625;933;139600;58984;8.5;3.6
33;2021-03-18;4028;1401;143628;60385;8.8;3.7
33;2021-03-19;6252;998;149880;61383;9.2;3.8
33;2021-03-20;3355;92;153235;61475;9.4;3.8
33;2021-03-21;455;26;153690;61501;9.4;3.8
33;2021-03-22;4889;432;158579;61933;9.7;3.8
33;2021-03-23;6303;600;164882;62533;10.1;3.8
33;2021-03-24;7068;520;171950;63053;10.5;3.9
33;2021-03-25;8818;642;180768;63695;11.1;3.9
33;2021-03-26;10028;838;190796;64533;11.7;4.0
33;2021-03-27;3615;78;194411;64611;11.9;4.0
33;2021-03-28;574;31;194985;64642;11.9;4.0
33;2021-03-29;6753;690;201738;65332;12.4;4.0
33;2021-03-30;8081;1032;209819;66364;12.8;4.1
33;2021-03-31;7567;1051;217386;67415;13.3;4.1
33;2021-04-01;8801;1180;226187;68595;13.8;4.2
33;2021-04-02;8395;1542;234582;70137;14.4;4.3
33;2021-04-03;2828;521;237410;70658;14.5;4.3
33;2021-04-04;213;160;237623;70818;14.5;4.3
33;2021-04-05;685;122;238308;70940;14.6;4.3
33;2021-04-06;6036;2697;244344;73637;15.0;4.5
33;2021-04-07;7412;2556;251756;76193;15.4;4.7
33;2021-04-08;10311;2771;262067;78964;16.0;4.8
33;2021-04-09;12672;3073;274739;82037;16.8;5.0
33;2021-04-10;5343;1384;280082;83421;17.1;5.1
33;2021-04-11;999;351;281081;83772;17.2;5.1
33;2021-04-12;7410;3271;288491;87043;17.7;5.3
33;2021-04-13;9303;3466;297794;90509;18.2;5.5
33;2021-04-14;9026;3626;306820;94135;18.8;5.8
33;2021-04-15;10072;3857;316892;97992;19.4;6.0
33;2021-04-16;9708;4219;326600;102211;20.0;6.3
33;2021-04-17;4650;1655;331250;103866;20.3;6.4
33;2021-04-18;925;413;332175;104279;20.3;6.4
33;2021-04-19;5600;3835;337775;108114;20.7;6.6
33;2021-04-20;7280;4250;345055;112364;21.1;6.9
33;2021-04-21;6589;4346;351644;116710;21.5;7.1
33;2021-04-22;7337;4461;358981;121171;22.0;7.4
33;2021-04-23;7678;4779;366659;125950;22.4;7.7
33;2021-04-24;4488;1796;371147;127746;22.7;7.8
33;2021-04-25;1645;418;372792;128164;22.8;7.8
33;2021-04-26;5253;5079;378045;133243;23.1;8.2
33;2021-04-27;6561;5590;384606;138833;23.5;8.5
33;2021-04-28;6763;5560;391369;144393;24.0;8.8
33;2021-04-29;8397;6211;399766;150604;24.5;9.2
33;2021-04-30;8723;6136;408489;156740;25.0;9.6
33;2021-05-01;2894;511;411383;157251;25.2;9.6
33;2021-05-02;1834;343;413217;157594;25.3;9.6
33;2021-05-03;7006;5221;420223;162815;25.7;10.0
33;2021-05-04;6823;6660;427046;169475;26.1;10.4
33;2021-05-05;7133;7565;434179;177040;26.6;10.8
33;2021-05-06;8694;8227;442873;185267;27.1;11.3
33;2021-05-07;8591;8902;451464;194169;27.6;11.9
33;2021-05-08;3539;1595;455003;195764;27.9;12.0
33;2021-05-09;1113;966;456116;196730;27.9;12.0
33;2021-05-10;6867;7288;462983;204018;28.3;12.5
33;2021-05-11;8630;7815;471613;211833;28.9;13.0
33;2021-05-12;9171;6685;480784;218518;29.4;13.4
33;2021-05-13;5200;2106;485984;220624;29.8;13.5
33;2021-05-14;8121;5353;494105;225977;30.2;13.8
33;2021-05-15;5169;2871;499274;228848;30.6;14.0
33;2021-05-16;1838;805;501112;229653;30.7;14.1
33;2021-05-17;8854;5090;509966;234743;31.2;14.4
33;2021-05-18;10602;4863;520568;239606;31.9;14.7
33;2021-05-19;10893;4780;531461;244386;32.5;15.0
33;2021-05-20;10891;5583;542352;249969;33.2;15.3
33;2021-05-21;10912;6258;553264;256227;33.9;15.7
33;2021-05-22;5112;2747;558376;258974;34.2;15.9
33;2021-05-23;1742;380;560118;259354;34.3;15.9
33;2021-05-24;5406;991;565524;260345;34.6;15.9
33;2021-05-25;9373;5766;574897;266111;35.2;16.3
33;2021-05-26;9671;6020;584568;272131;35.8;16.7
33;2021-05-27;10898;7714;595466;279845;36.5;17.1
33;2021-05-28;10061;9536;605527;289381;37.1;17.7
33;2021-05-29;5035;4102;610562;293483;37.4;18.0
33;2021-05-30;1698;662;612260;294145;37.5;18.0
33;2021-05-31;8547;6426;620807;300571;38.0;18.4
33;2021-06-01;11786;8717;632593;309288;38.7;18.9
33;2021-06-02;11705;8208;644298;317496;39.4;19.4
33;2021-06-03;12694;9184;656992;326680;40.2;20.0
33;2021-06-04;12926;10940;669918;337620;41.0;20.7
33;2021-06-05;5263;5058;675181;342678;41.3;21.0
33;2021-06-06;2520;1192;677701;343870;41.5;21.1
33;2021-06-07;9749;8485;687450;352355;42.1;21.6
33;2021-06-08;11921;9444;699371;361799;42.8;22.1
33;2021-06-09;11754;8530;711125;370329;43.5;22.7
33;2021-06-10;12934;8370;724059;378699;44.3;23.2
33;2021-06-11;12487;11176;736546;389875;45.1;23.9
33;2021-06-12;6170;4479;742716;394354;45.5;24.1
33;2021-06-13;2609;1279;745325;395633;45.6;24.2
33;2021-06-14;8561;10146;753886;405779;46.2;24.8
33;2021-06-15;11991;10259;765877;416038;46.9;25.5
33;2021-06-16;11996;8848;777873;424886;47.6;26.0
33;2021-06-17;13039;9597;790912;434483;48.4;26.6
33;2021-06-18;11738;11433;802650;445916;49.1;27.3
33;2021-06-19;5588;4808;808238;450724;49.5;27.6
33;2021-06-20;2932;1464;811170;452188;49.7;27.7
33;2021-06-21;7820;10155;818990;462343;50.1;28.3
33;2021-06-22;9008;11082;827998;473425;50.7;29.0
33;2021-06-23;8592;10831;836590;484256;51.2;29.6
33;2021-06-24;9678;9971;846268;494227;51.8;30.3
33;2021-06-25;7897;13721;854165;507948;52.3;31.1
33;2021-06-26;4306;5926;858471;513874;52.6;31.5
33;2021-06-27;2451;1957;860922;515831;52.7;31.6
33;2021-06-28;4816;12790;865738;528621;53.0;32.4
33;2021-06-29;6388;13656;872126;542277;53.4;33.2
33;2021-06-30;6593;13389;878719;555666;53.8;34.0
33;2021-07-01;7920;11800;886639;567466;54.3;34.7
33;2021-07-02;6742;15113;893381;582579;54.7;35.7
33;2021-07-03;3138;6778;896519;589357;54.9;36.1
33;2021-07-04;2037;2373;898556;591730;55.0;36.2
33;2021-07-05;4289;12910;902845;604640;55.3;37.0
33;2021-07-06;6067;14609;908912;619249;55.6;37.9
33;2021-07-07;6641;13052;915553;632301;56.1;38.7
33;2021-07-08;7858;12741;923411;645042;56.5;39.5
33;2021-07-09;6289;15097;929700;660139;56.9;40.4
33;2021-07-10;3059;7156;932759;667295;57.1;40.9
33;2021-07-11;1829;2298;934588;669593;57.2;41.0
33;2021-07-12;3875;14708;938463;684301;57.5;41.9
33;2021-07-13;7074;16091;945537;700392;57.9;42.9
33;2021-07-14;3653;5303;949190;705695;58.1;43.2
33;2021-07-15;7509;15953;956699;721648;58.6;44.2
33;2021-07-16;8457;15128;965156;736776;59.1;45.1
33;2021-07-17;3077;6412;968233;743188;59.3;45.5
33;2021-07-18;1678;3199;969911;746387;59.4;45.7
33;2021-07-19;5766;15088;975677;761475;59.7;46.6
33;2021-07-20;7342;16100;983019;777575;60.2;47.6
33;2021-07-21;8272;14498;991291;792073;60.7;48.5
33;2021-07-22;9157;15034;1000448;807107;61.2;49.4
34;2020-12-27;0;0;0;0;0.0;0.0
34;2020-12-28;1;0;1;0;0.0;0.0
34;2020-12-29;0;0;1;0;0.0;0.0
34;2020-12-30;0;0;1;0;0.0;0.0
34;2020-12-31;0;0;1;0;0.0;0.0
34;2021-01-01;1;0;2;0;0.0;0.0
34;2021-01-02;0;0;2;0;0.0;0.0
34;2021-01-03;0;0;2;0;0.0;0.0
34;2021-01-04;21;0;23;0;0.0;0.0
34;2021-01-05;106;1;129;1;0.0;0.0
34;2021-01-06;198;1;327;2;0.0;0.0
34;2021-01-07;363;0;690;2;0.1;0.0
34;2021-01-08;606;0;1296;2;0.1;0.0
34;2021-01-09;244;0;1540;2;0.1;0.0
34;2021-01-10;93;1;1633;3;0.1;0.0
34;2021-01-11;559;1;2192;4;0.2;0.0
34;2021-01-12;1006;1;3198;5;0.3;0.0
34;2021-01-13;1097;6;4295;11;0.4;0.0
34;2021-01-14;1946;13;6241;24;0.5;0.0
34;2021-01-15;1467;5;7708;29;0.7;0.0
34;2021-01-16;330;6;8038;35;0.7;0.0
34;2021-01-17;233;0;8271;35;0.7;0.0
34;2021-01-18;1124;4;9395;39;0.8;0.0
34;2021-01-19;1609;7;11004;46;0.9;0.0
34;2021-01-20;2060;6;13064;52;1.1;0.0
34;2021-01-21;4183;8;17247;60;1.5;0.0
34;2021-01-22;2547;8;19794;68;1.7;0.0
34;2021-01-23;598;1;20392;69;1.7;0.0
34;2021-01-24;2;0;20394;69;1.7;0.0
34;2021-01-25;1242;5;21636;74;1.8;0.0
34;2021-01-26;1457;20;23093;94;2.0;0.0
34;2021-01-27;1466;23;24559;117;2.1;0.0
34;2021-01-28;1389;123;25948;240;2.2;0.0
34;2021-01-29;1257;136;27205;376;2.3;0.0
34;2021-01-30;479;25;27684;401;2.4;0.0
34;2021-01-31;2;0;27686;401;2.4;0.0
34;2021-02-01;1027;253;28713;654;2.4;0.1
34;2021-02-02;1453;446;30166;1100;2.6;0.1
34;2021-02-03;2638;527;32804;1627;2.8;0.1
34;2021-02-04;2302;886;35106;2513;3.0;0.2
34;2021-02-05;1887;1185;36993;3698;3.1;0.3
34;2021-02-06;484;242;37477;3940;3.2;0.3
34;2021-02-07;29;108;37506;4048;3.2;0.3
34;2021-02-08;860;1067;38366;5115;3.3;0.4
34;2021-02-09;1029;1311;39395;6426;3.3;0.5
34;2021-02-10;1286;1515;40681;7941;3.5;0.7
34;2021-02-11;1768;2713;42449;10654;3.6;0.9
34;2021-02-12;1899;1644;44348;12298;3.8;1.0
34;2021-02-13;351;513;44699;12811;3.8;1.1
34;2021-02-14;22;287;44721;13098;3.8;1.1
34;2021-02-15;665;1213;45386;14311;3.9;1.2
34;2021-02-16;666;1538;46052;15849;3.9;1.3
34;2021-02-17;710;1534;46762;17383;4.0;1.5
34;2021-02-18;833;1500;47595;18883;4.0;1.6
34;2021-02-19;817;1231;48412;20114;4.1;1.7
34;2021-02-20;299;485;48711;20599;4.1;1.8
34;2021-02-21;61;18;48772;20617;4.1;1.8
34;2021-02-22;629;1315;49401;21932;4.2;1.9
34;2021-02-23;558;1485;49959;23417;4.2;2.0
34;2021-02-24;929;2336;50888;25753;4.3;2.2
34;2021-02-25;1598;2276;52486;28029;4.5;2.4
34;2021-02-26;1848;1621;54334;29650;4.6;2.5
34;2021-02-27;700;432;55034;30082;4.7;2.6
34;2021-02-28;85;64;55119;30146;4.7;2.6
34;2021-03-01;925;1170;56044;31316;4.8;2.7
34;2021-03-02;1588;1288;57632;32604;4.9;2.8
34;2021-03-03;1827;1409;59459;34013;5.1;2.9
34;2021-03-04;2857;1618;62316;35631;5.3;3.0
34;2021-03-05;3669;1537;65985;37168;5.6;3.2
34;2021-03-06;2638;201;68623;37369;5.8;3.2
34;2021-03-07;1240;74;69863;37443;5.9;3.2
34;2021-03-08;2776;1008;72639;38451;6.2;3.3
34;2021-03-09;4007;1444;76646;39895;6.5;3.4
34;2021-03-10;3987;1329;80633;41224;6.9;3.5
34;2021-03-11;5423;1271;86056;42495;7.3;3.6
34;2021-03-12;6489;914;92545;43409;7.9;3.7
34;2021-03-13;3129;170;95674;43579;8.1;3.7
34;2021-03-14;999;53;96673;43632;8.2;3.7
34;2021-03-15;3291;555;99964;44187;8.5;3.8
34;2021-03-16;2900;652;102864;44839;8.7;3.8
34;2021-03-17;3300;716;106164;45555;9.0;3.9
34;2021-03-18;3440;897;109604;46452;9.3;3.9
34;2021-03-19;4686;774;114290;47226;9.7;4.0
34;2021-03-20;3133;53;117423;47279;10.0;4.0
34;2021-03-21;1989;53;119412;47332;10.2;4.0
34;2021-03-22;3678;458;123090;47790;10.5;4.1
34;2021-03-23;4948;525;128038;48315;10.9;4.1
34;2021-03-24;5202;627;133240;48942;11.3;4.2
34;2021-03-25;7186;698;140426;49640;11.9;4.2
34;2021-03-26;7161;559;147587;50199;12.5;4.3
34;2021-03-27;2366;73;149953;50272;12.7;4.3
34;2021-03-28;695;14;150648;50286;12.8;4.3
34;2021-03-29;4174;743;154822;51029;13.2;4.3
34;2021-03-30;5207;956;160029;51985;13.6;4.4
34;2021-03-31;5060;1190;165089;53175;14.0;4.5
34;2021-04-01;7019;990;172108;54165;14.6;4.6
34;2021-04-02;5816;1162;177924;55327;15.1;4.7
34;2021-04-03;1136;83;179060;55410;15.2;4.7
34;2021-04-04;162;5;179222;55415;15.2;4.7
34;2021-04-05;428;26;179650;55441;15.3;4.7
34;2021-04-06;3128;2452;182778;57893;15.5;4.9
34;2021-04-07;3380;2639;186158;60532;15.8;5.1
34;2021-04-08;5243;2811;191401;63343;16.3;5.4
34;2021-04-09;8060;2479;199461;65822;17.0;5.6
34;2021-04-10;3164;1359;202625;67181;17.2;5.7
34;2021-04-11;1710;802;204335;67983;17.4;5.8
34;2021-04-12;4472;2516;208807;70499;17.8;6.0
34;2021-04-13;5233;3042;214040;73541;18.2;6.3
34;2021-04-14;5614;3223;219654;76764;18.7;6.5
34;2021-04-15;6986;3142;226640;79906;19.3;6.8
34;2021-04-16;6563;3163;233203;83069;19.8;7.1
34;2021-04-17;2369;2061;235572;85130;20.0;7.2
34;2021-04-18;988;1713;236560;86843;20.1;7.4
34;2021-04-19;3417;3128;239977;89971;20.4;7.6
34;2021-04-20;3759;3668;243736;93639;20.7;8.0
34;2021-04-21;4237;3713;247973;97352;21.1;8.3
34;2021-04-22;4483;4605;252456;101957;21.5;8.7
34;2021-04-23;5351;3504;257807;105461;21.9;9.0
34;2021-04-24;3160;1570;260967;107031;22.2;9.1
34;2021-04-25;1920;639;262887;107670;22.4;9.2
34;2021-04-26;4211;3471;267098;111141;22.7;9.4
34;2021-04-27;5124;4015;272222;115156;23.1;9.8
34;2021-04-28;5754;3537;277976;118693;23.6;10.1
34;2021-04-29;6414;3927;284390;122620;24.2;10.4
34;2021-04-30;7858;3283;292248;125903;24.8;10.7
34;2021-05-01;2403;499;294651;126402;25.1;10.7
34;2021-05-02;3256;313;297907;126715;25.3;10.8
34;2021-05-03;6569;2888;304476;129603;25.9;11.0
34;2021-05-04;7109;3784;311585;133387;26.5;11.3
34;2021-05-05;6492;4524;318077;137911;27.0;11.7
34;2021-05-06;6939;5204;325016;143115;27.6;12.2
34;2021-05-07;6922;5678;331938;148793;28.2;12.7
34;2021-05-08;3603;1158;335541;149951;28.5;12.7
34;2021-05-09;2176;1284;337717;151235;28.7;12.9
34;2021-05-10;5855;4796;343572;156031;29.2;13.3
34;2021-05-11;7412;5313;350984;161344;29.8;13.7
34;2021-05-12;7735;4456;358719;165800;30.5;14.1
34;2021-05-13;6116;771;364835;166571;31.0;14.2
34;2021-05-14;7480;3724;372315;170295;31.7;14.5
34;2021-05-15;4864;1683;377179;171978;32.1;14.6
34;2021-05-16;4945;456;382124;172434;32.5;14.7
34;2021-05-17;8677;1979;390801;174413;33.2;14.8
34;2021-05-18;9131;1962;399932;176375;34.0;15.0
34;2021-05-19;8617;1797;408549;178172;34.7;15.1
34;2021-05-20;8861;2501;417410;180673;35.5;15.4
34;2021-05-21;8777;3213;426187;183886;36.2;15.6
34;2021-05-22;5786;1145;431973;185031;36.7;15.7
34;2021-05-23;3879;542;435852;185573;37.1;15.8
34;2021-05-24;1896;852;437748;186425;37.2;15.9
34;2021-05-25;7132;3804;444880;190229;37.8;16.2
34;2021-05-26;8307;3013;453187;193242;38.5;16.4
34;2021-05-27;8315;4289;461502;197531;39.2;16.8
34;2021-05-28;8038;5438;469540;202969;39.9;17.3
34;2021-05-29;4002;3102;473542;206071;40.3;17.5
34;2021-05-30;1987;1391;475529;207462;40.4;17.6
34;2021-05-31;5875;5241;481404;212703;40.9;18.1
34;2021-06-01;6938;6105;488342;218808;41.5;18.6
34;2021-06-02;6121;5804;494463;224612;42.0;19.1
34;2021-06-03;7706;6493;502169;231105;42.7;19.6
34;2021-06-04;7648;7590;509817;238695;43.3;20.3
34;2021-06-05;4133;3670;513950;242365;43.7;20.6
34;2021-06-06;3262;1864;517212;244229;44.0;20.8
34;2021-06-07;4408;6758;521620;250987;44.3;21.3
34;2021-06-08;5849;6812;527469;257799;44.8;21.9
34;2021-06-09;5816;6819;533285;264618;45.3;22.5
34;2021-06-10;6295;6863;539580;271481;45.9;23.1
34;2021-06-11;5385;9265;544965;280746;46.3;23.9
34;2021-06-12;3160;4717;548125;285463;46.6;24.3
34;2021-06-13;1075;1903;549200;287366;46.7;24.4
34;2021-06-14;3433;7807;552633;295173;47.0;25.1
34;2021-06-15;3935;8785;556568;303958;47.3;25.8
34;2021-06-16;4586;7841;561154;311799;47.7;26.5
34;2021-06-17;4195;7954;565349;319753;48.1;27.2
34;2021-06-18;4323;9314;569672;329067;48.4;28.0
34;2021-06-19;2725;4393;572397;333460;48.7;28.4
34;2021-06-20;884;2871;573281;336331;48.7;28.6
34;2021-06-21;2157;8550;575438;344881;48.9;29.3
34;2021-06-22;2961;9400;578399;354281;49.2;30.1
34;2021-06-23;3490;8966;581889;363247;49.5;30.9
34;2021-06-24;3526;8674;585415;371921;49.8;31.6
34;2021-06-25;3306;10439;588721;382360;50.1;32.5
34;2021-06-26;1626;6190;590347;388550;50.2;33.0
34;2021-06-27;301;4270;590648;392820;50.2;33.4
34;2021-06-28;2253;9438;592901;402258;50.4;34.2
34;2021-06-29;2650;10290;595551;412548;50.6;35.1
34;2021-06-30;3239;9532;598790;422080;50.9;35.9
34;2021-07-01;3396;9424;602186;431504;51.2;36.7
34;2021-07-02;3306;9731;605492;441235;51.5;37.5
34;2021-07-03;1652;6167;607144;447402;51.6;38.0
34;2021-07-04;306;2763;607450;450165;51.6;38.3
34;2021-07-05;3162;7995;610612;458160;51.9;39.0
34;2021-07-06;3388;9162;614000;467322;52.2;39.7
34;2021-07-07;3211;8625;617211;475947;52.5;40.5
34;2021-07-08;4214;8831;621425;484778;52.8;41.2
34;2021-07-09;3859;9317;625284;494095;53.2;42.0
34;2021-07-10;2088;5692;627372;499787;53.3;42.5
34;2021-07-11;917;2575;628289;502362;53.4;42.7
34;2021-07-12;2820;8954;631109;511316;53.7;43.5
34;2021-07-13;4504;9993;635613;521309;54.0;44.3
34;2021-07-14;698;337;636311;521646;54.1;44.4
34;2021-07-15;5749;10333;642060;531979;54.6;45.2
34;2021-07-16;5667;10647;647727;542626;55.1;46.1
34;2021-07-17;4429;4370;652156;546996;55.4;46.5
34;2021-07-18;192;183;652348;547179;55.5;46.5
34;2021-07-19;5010;8265;657358;555444;55.9;47.2
34;2021-07-20;6726;8318;664084;563762;56.5;47.9
34;2021-07-21;7435;7709;671519;571471;57.1;48.6
34;2021-07-22;7215;8036;678734;579507;57.7;49.3
35;2020-12-27;0;0;0;0;0.0;0.0
35;2020-12-28;0;0;0;0;0.0;0.0
35;2020-12-29;0;0;0;0;0.0;0.0
35;2020-12-30;0;0;0;0;0.0;0.0
35;2020-12-31;0;0;0;0;0.0;0.0
35;2021-01-01;2;0;2;0;0.0;0.0
35;2021-01-02;0;0;2;0;0.0;0.0
35;2021-01-03;0;0;2;0;0.0;0.0
35;2021-01-04;8;0;10;0;0.0;0.0
35;2021-01-05;108;0;118;0;0.0;0.0
35;2021-01-06;173;0;291;0;0.0;0.0
35;2021-01-07;438;1;729;1;0.1;0.0
35;2021-01-08;513;2;1242;3;0.1;0.0
35;2021-01-09;31;0;1273;3;0.1;0.0
35;2021-01-10;1;0;1274;3;0.1;0.0
35;2021-01-11;538;0;1812;3;0.2;0.0
35;2021-01-12;885;1;2697;4;0.2;0.0
35;2021-01-13;967;1;3664;5;0.3;0.0
35;2021-01-14;1254;17;4918;22;0.5;0.0
35;2021-01-15;725;2;5643;24;0.5;0.0
35;2021-01-16;186;2;5829;26;0.5;0.0
35;2021-01-17;43;0;5872;26;0.5;0.0
35;2021-01-18;1220;2;7092;28;0.7;0.0
35;2021-01-19;5366;9;12458;37;1.2;0.0
35;2021-01-20;3198;7;15656;44;1.4;0.0
35;2021-01-21;3624;5;19280;49;1.8;0.0
35;2021-01-22;2086;9;21366;58;2.0;0.0
35;2021-01-23;420;1;21786;59;2.0;0.0
35;2021-01-24;49;0;21835;59;2.0;0.0
35;2021-01-25;914;17;22749;76;2.1;0.0
35;2021-01-26;1127;136;23876;212;2.2;0.0
35;2021-01-27;1031;129;24907;341;2.3;0.0
35;2021-01-28;915;299;25822;640;2.4;0.1
35;2021-01-29;724;293;26546;933;2.5;0.1
35;2021-01-30;139;20;26685;953;2.5;0.1
35;2021-01-31;0;0;26685;953;2.5;0.1
35;2021-02-01;665;336;27350;1289;2.5;0.1
35;2021-02-02;720;490;28070;1779;2.6;0.2
35;2021-02-03;657;506;28727;2285;2.7;0.2
35;2021-02-04;588;656;29315;2941;2.7;0.3
35;2021-02-05;622;563;29937;3504;2.8;0.3
35;2021-02-06;165;5;30102;3509;2.8;0.3
35;2021-02-07;1;0;30103;3509;2.8;0.3
35;2021-02-08;445;660;30548;4169;2.8;0.4
35;2021-02-09;1712;3552;32260;7721;3.0;0.7
35;2021-02-10;1369;2707;33629;10428;3.1;1.0
35;2021-02-11;1915;3215;35544;13643;3.3;1.3
35;2021-02-12;1631;1739;37175;15382;3.4;1.4
35;2021-02-13;58;254;37233;15636;3.4;1.4
35;2021-02-14;7;68;37240;15704;3.4;1.5
35;2021-02-15;771;1102;38011;16806;3.5;1.6
35;2021-02-16;918;1031;38929;17837;3.6;1.6
35;2021-02-17;888;1101;39817;18938;3.7;1.8
35;2021-02-18;1015;1000;40832;19938;3.8;1.8
35;2021-02-19;1008;969;41840;20907;3.9;1.9
35;2021-02-20;142;49;41982;20956;3.9;1.9
35;2021-02-21;1;0;41983;20956;3.9;1.9
35;2021-02-22;772;833;42755;21789;4.0;2.0
35;2021-02-23;1286;860;44041;22649;4.1;2.1
35;2021-02-24;1403;817;45444;23466;4.2;2.2
35;2021-02-25;2243;780;47687;24246;4.4;2.2
35;2021-02-26;2597;731;50284;24977;4.6;2.3
35;2021-02-27;868;101;51152;25078;4.7;2.3
35;2021-02-28;6;0;51158;25078;4.7;2.3
35;2021-03-01;954;693;52112;25771;4.8;2.4
35;2021-03-02;1630;1993;53742;27764;5.0;2.6
35;2021-03-03;1904;965;55646;28729;5.1;2.7
35;2021-03-04;2912;1406;58558;30135;5.4;2.8
35;2021-03-05;3707;1321;62265;31456;5.8;2.9
35;2021-03-06;1338;84;63603;31540;5.9;2.9
35;2021-03-07;1;40;63604;31580;5.9;2.9
35;2021-03-08;1469;579;65073;32159;6.0;3.0
35;2021-03-09;3227;585;68300;32744;6.3;3.0
35;2021-03-10;2896;557;71196;33301;6.6;3.1
35;2021-03-11;4188;695;75384;33996;7.0;3.1
35;2021-03-12;6046;582;81430;34578;7.5;3.2
35;2021-03-13;2422;129;83852;34707;7.7;3.2
35;2021-03-14;17;25;83869;34732;7.8;3.2
35;2021-03-15;1963;667;85832;35399;7.9;3.3
35;2021-03-16;2499;723;88331;36122;8.2;3.3
35;2021-03-17;2383;597;90714;36719;8.4;3.4
35;2021-03-18;2327;595;93041;37314;8.6;3.4
35;2021-03-19;3540;494;96581;37808;8.9;3.5
35;2021-03-20;1532;109;98113;37917;9.1;3.5
35;2021-03-21;35;1;98148;37918;9.1;3.5
35;2021-03-22;1742;840;99890;38758;9.2;3.6
35;2021-03-23;3612;1174;103502;39932;9.6;3.7
35;2021-03-24;3718;987;107220;40919;9.9;3.8
35;2021-03-25;5325;983;112545;41902;10.4;3.9
35;2021-03-26;5836;801;118381;42703;10.9;3.9
35;2021-03-27;1413;204;119794;42907;11.1;4.0
35;2021-03-28;4;0;119798;42907;11.1;4.0
35;2021-03-29;2777;912;122575;43819;11.3;4.0
35;2021-03-30;4285;1330;126860;45149;11.7;4.2
35;2021-03-31;3462;1334;130322;46483;12.0;4.3
35;2021-04-01;4242;1228;134564;47711;12.4;4.4
35;2021-04-02;4858;1201;139422;48912;12.9;4.5
35;2021-04-03;760;214;140182;49126;13.0;4.5
35;2021-04-04;5;0;140187;49126;13.0;4.5
35;2021-04-05;18;1;140205;49127;13.0;4.5
35;2021-04-06;3265;2045;143470;51172;13.3;4.7
35;2021-04-07;3953;1842;147423;53014;13.6;4.9
35;2021-04-08;5801;1575;153224;54589;14.2;5.0
35;2021-04-09;7420;1406;160644;55995;14.8;5.2
35;2021-04-10;1853;248;162497;56243;15.0;5.2
35;2021-04-11;36;23;162533;56266;15.0;5.2
35;2021-04-12;5131;1594;167664;57860;15.5;5.3
35;2021-04-13;7611;2771;175275;60631;16.2;5.6
35;2021-04-14;6310;2290;181585;62921;16.8;5.8
35;2021-04-15;7558;2148;189143;65069;17.5;6.0
35;2021-04-16;8078;1731;197221;66800;18.2;6.2
35;2021-04-17;1568;216;198789;67016;18.4;6.2
35;2021-04-18;9;3;198798;67019;18.4;6.2
35;2021-04-19;4807;1667;203605;68686;18.8;6.3
35;2021-04-20;5157;2629;208762;71315;19.3;6.6
35;2021-04-21;5127;2194;213889;73509;19.8;6.8
35;2021-04-22;6416;2303;220305;75812;20.4;7.0
35;2021-04-23;6803;2339;227108;78151;21.0;7.2
35;2021-04-24;1125;261;228233;78412;21.1;7.2
35;2021-04-25;3;16;228236;78428;21.1;7.2
35;2021-04-26;5088;2145;233324;80573;21.6;7.4
35;2021-04-27;6083;3196;239407;83769;22.1;7.7
35;2021-04-28;6167;2554;245574;86323;22.7;8.0
35;2021-04-29;7111;2743;252685;89066;23.4;8.2
35;2021-04-30;7544;2520;260229;91586;24.0;8.5
35;2021-05-01;614;237;260843;91823;24.1;8.5
35;2021-05-02;10;21;260853;91844;24.1;8.5
35;2021-05-03;5310;2323;266163;94167;24.6;8.7
35;2021-05-04;5079;5325;271242;99492;25.1;9.2
35;2021-05-05;4875;4437;276117;103929;25.5;9.6
35;2021-05-06;6161;5259;282278;109188;26.1;10.1
35;2021-05-07;5602;5245;287880;114433;26.6;10.6
35;2021-05-08;1717;135;289597;114568;26.8;10.6
35;2021-05-09;694;75;290291;114643;26.8;10.6
35;2021-05-10;3714;4961;294005;119604;27.2;11.1
35;2021-05-11;4758;5795;298763;125399;27.6;11.6
35;2021-05-12;5274;5492;304037;130891;28.1;12.1
35;2021-05-13;2687;1423;306724;132314;28.3;12.2
35;2021-05-14;5453;4279;312177;136593;28.8;12.6
35;2021-05-15;2925;715;315102;137308;29.1;12.7
35;2021-05-16;994;60;316096;137368;29.2;12.7
35;2021-05-17;4479;3884;320575;141252;29.6;13.1
35;2021-05-18;5832;4322;326407;145574;30.2;13.5
35;2021-05-19;5860;3616;332267;149190;30.7;13.8
35;2021-05-20;6437;4010;338704;153200;31.3;14.2
35;2021-05-21;6125;4763;344829;157963;31.9;14.6
35;2021-05-22;2110;738;346939;158701;32.1;14.7
35;2021-05-23;687;46;347626;158747;32.1;14.7
35;2021-05-24;3200;1294;350826;160041;32.4;14.8
35;2021-05-25;5539;4271;356365;164312;32.9;15.2
35;2021-05-26;5716;4157;362081;168469;33.5;15.6
35;2021-05-27;6520;4777;368601;173246;34.1;16.0
35;2021-05-28;6327;5579;374928;178825;34.6;16.5
35;2021-05-29;2872;1147;377800;179972;34.9;16.6
35;2021-05-30;876;39;378676;180011;35.0;16.6
35;2021-05-31;6305;4385;384981;184396;35.6;17.0
35;2021-06-01;7364;5117;392345;189513;36.3;17.5
35;2021-06-02;7201;3786;399546;193299;36.9;17.9
35;2021-06-03;8146;4988;407692;198287;37.7;18.3
35;2021-06-04;7258;7465;414950;205752;38.3;19.0
35;2021-06-05;4138;1576;419088;207328;38.7;19.2
35;2021-06-06;3049;148;422137;207476;39.0;19.2
35;2021-06-07;5772;5770;427909;213246;39.5;19.7
35;2021-06-08;7590;5944;435499;219190;40.2;20.3
35;2021-06-09;8449;4814;443948;224004;41.0;20.7
35;2021-06-10;9326;4738;453274;228742;41.9;21.1
35;2021-06-11;8615;7469;461889;236211;42.7;21.8
35;2021-06-12;4682;1203;466571;237414;43.1;21.9
35;2021-06-13;3375;222;469946;237636;43.4;22.0
35;2021-06-14;6197;6510;476143;244146;44.0;22.6
35;2021-06-15;7459;6949;483602;251095;44.7;23.2
35;2021-06-16;8281;5622;491883;256717;45.5;23.7
35;2021-06-17;8838;5896;500721;262613;46.3;24.3
35;2021-06-18;8620;8098;509341;270711;47.1;25.0
35;2021-06-19;1496;2508;510837;273219;47.2;25.2
35;2021-06-20;2947;880;513784;274099;47.5;25.3
35;2021-06-21;5858;6373;519642;280472;48.0;25.9
35;2021-06-22;6749;7498;526391;287970;48.6;26.6
35;2021-06-23;7178;6141;533569;294111;49.3;27.2
35;2021-06-24;8298;5906;541867;300017;50.1;27.7
35;2021-06-25;6567;8463;548434;308480;50.7;28.5
35;2021-06-26;1092;3083;549526;311563;50.8;28.8
35;2021-06-27;2623;1026;552149;312589;51.0;28.9
35;2021-06-28;4255;7770;556404;320359;51.4;29.6
35;2021-06-29;5032;7981;561436;328340;51.9;30.3
35;2021-06-30;5541;7892;566977;336232;52.4;31.1
35;2021-07-01;6422;7541;573399;343773;53.0;31.8
35;2021-07-02;5280;9862;578679;353635;53.5;32.7
35;2021-07-03;1064;2843;579743;356478;53.6;32.9
35;2021-07-04;2139;1550;581882;358028;53.8;33.1
35;2021-07-05;3687;8211;585569;366239;54.1;33.8
35;2021-07-06;4703;9469;590272;375708;54.6;34.7
35;2021-07-07;4968;8332;595240;384040;55.0;35.5
35;2021-07-08;5284;8487;600524;392527;55.5;36.3
35;2021-07-09;3842;11539;604366;404066;55.9;37.3
35;2021-07-10;881;3148;605247;407214;55.9;37.6
35;2021-07-11;1290;2359;606537;409573;56.1;37.9
35;2021-07-12;3030;9152;609567;418725;56.3;38.7
35;2021-07-13;3937;10741;613504;429466;56.7;39.7
35;2021-07-14;2134;4449;615638;433915;56.9;40.1
35;2021-07-15;4234;10172;619872;444087;57.3;41.0
35;2021-07-16;4663;10989;624535;455076;57.7;42.1
35;2021-07-17;1967;4062;626502;459138;57.9;42.4
35;2021-07-18;841;2568;627343;461706;58.0;42.7
35;2021-07-19;3222;8970;630565;470676;58.3;43.5
35;2021-07-20;4172;10585;634737;481261;58.7;44.5
35;2021-07-21;4249;9358;638986;490619;59.1;45.3
35;2021-07-22;4708;9637;643694;500256;59.5;46.2
36;2020-12-27;0;0;0;0;0.0;0.0
36;2020-12-28;0;0;0;0;0.0;0.0
36;2020-12-29;0;0;0;0;0.0;0.0
36;2020-12-30;0;0;0;0;0.0;0.0
36;2020-12-31;0;0;0;0;0.0;0.0
36;2021-01-01;0;0;0;0;0.0;0.0
36;2021-01-02;0;0;0;0;0.0;0.0
36;2021-01-03;0;0;0;0;0.0;0.0
36;2021-01-04;0;0;0;0;0.0;0.0
36;2021-01-05;0;0;0;0;0.0;0.0
36;2021-01-06;23;0;23;0;0.0;0.0
36;2021-01-07;51;0;74;0;0.0;0.0
36;2021-01-08;111;0;185;0;0.1;0.0
36;2021-01-09;83;0;268;0;0.1;0.0
36;2021-01-10;142;0;410;0;0.2;0.0
36;2021-01-11;238;1;648;1;0.3;0.0
36;2021-01-12;282;0;930;1;0.4;0.0
36;2021-01-13;198;1;1128;2;0.5;0.0
36;2021-01-14;505;4;1633;6;0.8;0.0
36;2021-01-15;179;1;1812;7;0.8;0.0
36;2021-01-16;24;0;1836;7;0.8;0.0
36;2021-01-17;16;2;1852;9;0.9;0.0
36;2021-01-18;613;5;2465;14;1.1;0.0
36;2021-01-19;1155;3;3620;17;1.7;0.0
36;2021-01-20;1096;3;4716;20;2.2;0.0
36;2021-01-21;720;0;5436;20;2.5;0.0
36;2021-01-22;856;4;6292;24;2.9;0.0
36;2021-01-23;295;0;6587;24;3.0;0.0
36;2021-01-24;185;1;6772;25;3.1;0.0
36;2021-01-25;640;4;7412;29;3.4;0.0
36;2021-01-26;609;1;8021;30;3.7;0.0
36;2021-01-27;845;18;8866;48;4.1;0.0
36;2021-01-28;477;47;9343;95;4.3;0.0
36;2021-01-29;573;98;9916;193;4.6;0.1
36;2021-01-30;288;73;10204;266;4.7;0.1
36;2021-01-31;115;136;10319;402;4.8;0.2
36;2021-02-01;378;100;10697;502;4.9;0.2
36;2021-02-02;410;175;11107;677;5.1;0.3
36;2021-02-03;471;264;11578;941;5.3;0.4
36;2021-02-04;275;280;11853;1221;5.5;0.6
36;2021-02-05;302;164;12155;1385;5.6;0.6
36;2021-02-06;0;0;12155;1385;5.6;0.6
36;2021-02-07;1;0;12156;1385;5.6;0.6
36;2021-02-08;280;259;12436;1644;5.7;0.8
36;2021-02-09;326;609;12762;2253;5.9;1.0
36;2021-02-10;487;658;13249;2911;6.1;1.3
36;2021-02-11;384;600;13633;3511;6.3;1.6
36;2021-02-12;301;461;13934;3972;6.4;1.8
36;2021-02-13;126;83;14060;4055;6.5;1.9
36;2021-02-14;22;45;14082;4100;6.5;1.9
36;2021-02-15;42;576;14124;4676;6.5;2.2
36;2021-02-16;105;419;14229;5095;6.6;2.3
36;2021-02-17;117;626;14346;5721;6.6;2.6
36;2021-02-18;162;621;14508;6342;6.7;2.9
36;2021-02-19;181;540;14689;6882;6.8;3.2
36;2021-02-20;85;239;14774;7121;6.8;3.3
36;2021-02-21;88;157;14862;7278;6.8;3.4
36;2021-02-22;162;507;15024;7785;6.9;3.6
36;2021-02-23;62;576;15086;8361;6.9;3.9
36;2021-02-24;112;683;15198;9044;7.0;4.2
36;2021-02-25;251;283;15449;9327;7.1;4.3
36;2021-02-26;339;474;15788;9801;7.3;4.5
36;2021-02-27;70;278;15858;10079;7.3;4.6
36;2021-02-28;14;98;15872;10177;7.3;4.7
36;2021-03-01;218;343;16090;10520;7.4;4.8
36;2021-03-02;352;363;16442;10883;7.6;5.0
36;2021-03-03;393;529;16835;11412;7.8;5.3
36;2021-03-04;662;356;17497;11768;8.1;5.4
36;2021-03-05;799;295;18296;12063;8.4;5.6
36;2021-03-06;410;16;18706;12079;8.6;5.6
36;2021-03-07;340;7;19046;12086;8.8;5.6
36;2021-03-08;251;315;19297;12401;8.9;5.7
36;2021-03-09;446;268;19743;12669;9.1;5.8
36;2021-03-10;718;409;20461;13078;9.4;6.0
36;2021-03-11;837;241;21298;13319;9.8;6.1
36;2021-03-12;1444;287;22742;13606;10.5;6.3
36;2021-03-13;573;122;23315;13728;10.7;6.3
36;2021-03-14;113;0;23428;13728;10.8;6.3
36;2021-03-15;648;156;24076;13884;11.1;6.4
36;2021-03-16;447;66;24523;13950;11.3;6.4
36;2021-03-17;764;88;25287;14038;11.6;6.5
36;2021-03-18;414;70;25701;14108;11.8;6.5
36;2021-03-19;736;39;26437;14147;12.2;6.5
36;2021-03-20;451;24;26888;14171;12.4;6.5
36;2021-03-21;0;0;26888;14171;12.4;6.5
36;2021-03-22;496;54;27384;14225;12.6;6.6
36;2021-03-23;776;55;28160;14280;13.0;6.6
36;2021-03-24;1087;73;29247;14353;13.5;6.6
36;2021-03-25;1333;86;30580;14439;14.1;6.6
36;2021-03-26;1419;151;31999;14590;14.7;6.7
36;2021-03-27;475;42;32474;14632;15.0;6.7
36;2021-03-28;68;57;32542;14689;15.0;6.8
36;2021-03-29;461;183;33003;14872;15.2;6.8
36;2021-03-30;582;264;33585;15136;15.5;7.0
36;2021-03-31;1258;166;34843;15302;16.0;7.0
36;2021-04-01;1083;429;35926;15731;16.5;7.2
36;2021-04-02;964;136;36890;15867;17.0;7.3
36;2021-04-03;282;174;37172;16041;17.1;7.4
36;2021-04-04;42;2;37214;16043;17.1;7.4
36;2021-04-05;15;46;37229;16089;17.1;7.4
36;2021-04-06;821;361;38050;16450;17.5;7.6
36;2021-04-07;1073;536;39123;16986;18.0;7.8
36;2021-04-08;1347;476;40470;17462;18.6;8.0
36;2021-04-09;1936;397;42406;17859;19.5;8.2
36;2021-04-10;593;240;42999;18099;19.8;8.3
36;2021-04-11;256;89;43255;18188;19.9;8.4
36;2021-04-12;849;559;44104;18747;20.3;8.6
36;2021-04-13;1137;517;45241;19264;20.8;8.9
36;2021-04-14;1582;858;46823;20122;21.6;9.3
36;2021-04-15;1653;462;48476;20584;22.3;9.5
36;2021-04-16;1488;466;49964;21050;23.0;9.7
36;2021-04-17;892;246;50856;21296;23.4;9.8
36;2021-04-18;383;7;51239;21303;23.6;9.8
36;2021-04-19;874;440;52113;21743;24.0;10.0
36;2021-04-20;1145;520;53258;22263;24.5;10.3
36;2021-04-21;1240;875;54498;23138;25.1;10.7
36;2021-04-22;1592;863;56090;24001;25.8;11.1
36;2021-04-23;1326;613;57416;24614;26.4;11.3
36;2021-04-24;678;377;58094;24991;26.8;11.5
36;2021-04-25;413;95;58507;25086;26.9;11.6
36;2021-04-26;1133;445;59640;25531;27.5;11.8
36;2021-04-27;1280;550;60920;26081;28.1;12.0
36;2021-04-28;1490;1059;62410;27140;28.7;12.5
36;2021-04-29;2015;704;64425;27844;29.7;12.8
36;2021-04-30;1551;451;65976;28295;30.4;13.0
36;2021-05-01;724;63;66700;28358;30.7;13.1
36;2021-05-02;498;61;67198;28419;30.9;13.1
36;2021-05-03;1292;306;68490;28725;31.5;13.2
36;2021-05-04;780;807;69270;29532;31.9;13.6
36;2021-05-05;1281;1307;70551;30839;32.5;14.2
36;2021-05-06;2137;791;72688;31630;33.5;14.6
36;2021-05-07;1467;764;74155;32394;34.2;14.9
36;2021-05-08;306;104;74461;32498;34.3;15.0
36;2021-05-09;175;343;74636;32841;34.4;15.1
36;2021-05-10;1215;811;75851;33652;34.9;15.5
36;2021-05-11;1722;1238;77573;34890;35.7;16.1
36;2021-05-12;1813;1476;79386;36366;36.6;16.7
36;2021-05-13;548;304;79934;36670;36.8;16.9
36;2021-05-14;698;1037;80632;37707;37.1;17.4
36;2021-05-15;634;590;81266;38297;37.4;17.6
36;2021-05-16;337;377;81603;38674;37.6;17.8
36;2021-05-17;614;943;82217;39617;37.9;18.2
36;2021-05-18;874;938;83091;40555;38.3;18.7
36;2021-05-19;1332;842;84423;41397;38.9;19.1
36;2021-05-20;1610;1210;86033;42607;39.6;19.6
36;2021-05-21;1106;1069;87139;43676;40.1;20.1
36;2021-05-22;678;342;87817;44018;40.4;20.3
36;2021-05-23;425;294;88242;44312;40.6;20.4
36;2021-05-24;505;468;88747;44780;40.9;20.6
36;2021-05-25;1045;685;89792;45465;41.4;20.9
36;2021-05-26;1473;1165;91265;46630;42.0;21.5
36;2021-05-27;1398;976;92663;47606;42.7;21.9
36;2021-05-28;922;1481;93585;49087;43.1;22.6
36;2021-05-29;700;507;94285;49594;43.4;22.8
36;2021-05-30;110;573;94395;50167;43.5;23.1
36;2021-05-31;1137;761;95532;50928;44.0;23.5
36;2021-06-01;1409;824;96941;51752;44.6;23.8
36;2021-06-02;2059;612;99000;52364;45.6;24.1
36;2021-06-03;1892;1195;100892;53559;46.5;24.7
36;2021-06-04;1772;1046;102664;54605;47.3;25.1
36;2021-06-05;690;655;103354;55260;47.6;25.4
36;2021-06-06;336;272;103690;55532;47.8;25.6
36;2021-06-07;982;808;104672;56340;48.2;25.9
36;2021-06-08;957;979;105629;57319;48.6;26.4
36;2021-06-09;1672;1064;107301;58383;49.4;26.9
36;2021-06-10;1531;1374;108832;59757;50.1;27.5
36;2021-06-11;1285;1498;110117;61255;50.7;28.2
36;2021-06-12;918;779;111035;62034;51.1;28.6
36;2021-06-13;343;270;111378;62304;51.3;28.7
36;2021-06-14;604;1269;111982;63573;51.6;29.3
36;2021-06-15;730;1215;112712;64788;51.9;29.8
36;2021-06-16;900;1520;113612;66308;52.3;30.5
36;2021-06-17;747;1905;114359;68213;52.7;31.4
36;2021-06-18;703;1882;115062;70095;53.0;32.3
36;2021-06-19;293;395;115355;70490;53.1;32.5
36;2021-06-20;235;325;115590;70815;53.2;32.6
36;2021-06-21;683;1450;116273;72265;53.5;33.3
36;2021-06-22;839;1549;117112;73814;53.9;34.0
36;2021-06-23;772;1794;117884;75608;54.3;34.8
36;2021-06-24;850;1524;118734;77132;54.7;35.5
36;2021-06-25;938;1222;119672;78354;55.1;36.1
36;2021-06-26;321;602;119993;78956;55.3;36.4
36;2021-06-27;104;267;120097;79223;55.3;36.5
36;2021-06-28;695;929;120792;80152;55.6;36.9
36;2021-06-29;680;1460;121472;81612;55.9;37.6
36;2021-06-30;824;2159;122296;83771;56.3;38.6
36;2021-07-01;350;1086;122646;84857;56.5;39.1
36;2021-07-02;736;1849;123382;86706;56.8;39.9
36;2021-07-03;465;884;123847;87590;57.0;40.3
36;2021-07-04;183;327;124030;87917;57.1;40.5
36;2021-07-05;491;1334;124521;89251;57.3;41.1
36;2021-07-06;491;1221;125012;90472;57.6;41.7
36;2021-07-07;577;1795;125589;92267;57.8;42.5
36;2021-07-08;540;1702;126129;93969;58.1;43.3
36;2021-07-09;776;1654;126905;95623;58.4;44.0
36;2021-07-10;464;1119;127369;96742;58.7;44.6
36;2021-07-11;256;154;127625;96896;58.8;44.6
36;2021-07-12;326;1632;127951;98528;58.9;45.4
36;2021-07-13;308;1938;128259;100466;59.1;46.3
36;2021-07-14;375;763;128634;101229;59.2;46.6
36;2021-07-15;911;2165;129545;103394;59.7;47.6
36;2021-07-16;625;1878;130170;105272;59.9;48.5
36;2021-07-17;396;859;130566;106131;60.1;48.9
36;2021-07-18;193;407;130759;106538;60.2;49.1
36;2021-07-19;549;1458;131308;107996;60.5;49.7
36;2021-07-20;775;1405;132083;109401;60.8;50.4
36;2021-07-21;700;1972;132783;111373;61.2;51.3
36;2021-07-22;1095;1673;133878;113046;61.7;52.1
37;2020-12-27;0;0;0;0;0.0;0.0
37;2020-12-28;17;0;17;0;0.0;0.0
37;2020-12-29;10;0;27;0;0.0;0.0
37;2020-12-30;0;0;27;0;0.0;0.0
37;2020-12-31;0;0;27;0;0.0;0.0
37;2021-01-01;0;0;27;0;0.0;0.0
37;2021-01-02;0;0;27;0;0.0;0.0
37;2021-01-03;0;0;27;0;0.0;0.0
37;2021-01-04;21;0;48;0;0.0;0.0
37;2021-01-05;47;0;95;0;0.0;0.0
37;2021-01-06;79;0;174;0;0.0;0.0
37;2021-01-07;115;0;289;0;0.0;0.0
37;2021-01-08;442;0;731;0;0.1;0.0
37;2021-01-09;79;0;810;0;0.1;0.0
37;2021-01-10;83;0;893;0;0.1;0.0
37;2021-01-11;280;0;1173;0;0.2;0.0
37;2021-01-12;657;4;1830;4;0.3;0.0
37;2021-01-13;560;1;2390;5;0.4;0.0
37;2021-01-14;521;3;2911;8;0.5;0.0
37;2021-01-15;626;1;3537;9;0.6;0.0
37;2021-01-16;301;2;3838;11;0.6;0.0
37;2021-01-17;262;1;4100;12;0.7;0.0
37;2021-01-18;733;8;4833;20;0.8;0.0
37;2021-01-19;1243;9;6076;29;1.0;0.0
37;2021-01-20;1038;3;7114;32;1.2;0.0
37;2021-01-21;854;0;7968;32;1.3;0.0
37;2021-01-22;767;1;8735;33;1.4;0.0
37;2021-01-23;172;0;8907;33;1.5;0.0
37;2021-01-24;0;0;8907;33;1.5;0.0
37;2021-01-25;535;12;9442;45;1.6;0.0
37;2021-01-26;1812;65;11254;110;1.9;0.0
37;2021-01-27;1520;75;12774;185;2.1;0.0
37;2021-01-28;1527;92;14301;277;2.4;0.0
37;2021-01-29;630;309;14931;586;2.5;0.1
37;2021-01-30;202;64;15133;650;2.5;0.1
37;2021-01-31;15;65;15148;715;2.5;0.1
37;2021-02-01;332;200;15480;915;2.6;0.2
37;2021-02-02;522;529;16002;1444;2.6;0.2
37;2021-02-03;661;355;16663;1799;2.8;0.3
37;2021-02-04;546;411;17209;2210;2.8;0.4
37;2021-02-05;465;443;17674;2653;2.9;0.4
37;2021-02-06;189;2;17863;2655;3.0;0.4
37;2021-02-07;20;1;17883;2656;3.0;0.4
37;2021-02-08;330;329;18213;2985;3.0;0.5
37;2021-02-09;625;723;18838;3708;3.1;0.6
37;2021-02-10;663;513;19501;4221;3.2;0.7
37;2021-02-11;611;561;20112;4782;3.3;0.8
37;2021-02-12;489;553;20601;5335;3.4;0.9
37;2021-02-13;154;207;20755;5542;3.4;0.9
37;2021-02-14;1;71;20756;5613;3.4;0.9
37;2021-02-15;426;489;21182;6102;3.5;1.0
37;2021-02-16;842;1452;22024;7554;3.6;1.2
37;2021-02-17;633;1375;22657;8929;3.7;1.5
37;2021-02-18;897;1417;23554;10346;3.9;1.7
37;2021-02-19;793;841;24347;11187;4.0;1.8
37;2021-02-20;245;212;24592;11399;4.1;1.9
37;2021-02-21;5;1;24597;11400;4.1;1.9
37;2021-02-22;338;575;24935;11975;4.1;2.0
37;2021-02-23;604;631;25539;12606;4.2;2.1
37;2021-02-24;571;619;26110;13225;4.3;2.2
37;2021-02-25;874;613;26984;13838;4.5;2.3
37;2021-02-26;1113;578;28097;14416;4.6;2.4
37;2021-02-27;583;186;28680;14602;4.7;2.4
37;2021-02-28;23;0;28703;14602;4.7;2.4
37;2021-03-01;603;360;29306;14962;4.8;2.5
37;2021-03-02;1090;540;30396;15502;5.0;2.6
37;2021-03-03;970;547;31366;16049;5.2;2.7
37;2021-03-04;1603;478;32969;16527;5.4;2.7
37;2021-03-05;2128;553;35097;17080;5.8;2.8
37;2021-03-06;1165;205;36262;17285;6.0;2.9
37;2021-03-07;471;62;36733;17347;6.1;2.9
37;2021-03-08;665;404;37398;17751;6.2;2.9
37;2021-03-09;1651;702;39049;18453;6.5;3.0
37;2021-03-10;1607;744;40656;19197;6.7;3.2
37;2021-03-11;2045;696;42701;19893;7.1;3.3
37;2021-03-12;3207;462;45908;20355;7.6;3.4
37;2021-03-13;1951;187;47859;20542;7.9;3.4
37;2021-03-14;206;4;48065;20546;7.9;3.4
37;2021-03-15;1068;249;49133;20795;8.1;3.4
37;2021-03-16;1048;526;50181;21321;8.3;3.5
37;2021-03-17;934;276;51115;21597;8.4;3.6
37;2021-03-18;1031;525;52146;22122;8.6;3.7
37;2021-03-19;2215;332;54361;22454;9.0;3.7
37;2021-03-20;1331;138;55692;22592;9.2;3.7
37;2021-03-21;202;4;55894;22596;9.2;3.7
37;2021-03-22;1287;241;57181;22837;9.4;3.8
37;2021-03-23;2250;563;59431;23400;9.8;3.9
37;2021-03-24;2244;456;61675;23856;10.2;3.9
37;2021-03-25;2977;443;64652;24299;10.7;4.0
37;2021-03-26;3524;397;68176;24696;11.3;4.1
37;2021-03-27;1172;124;69348;24820;11.5;4.1
37;2021-03-28;139;1;69487;24821;11.5;4.1
37;2021-03-29;1601;341;71088;25162;11.7;4.2
37;2021-03-30;2521;618;73609;25780;12.2;4.3
37;2021-03-31;2045;482;75654;26262;12.5;4.3
37;2021-04-01;2599;966;78253;27228;12.9;4.5
37;2021-04-02;2813;659;81066;27887;13.4;4.6
37;2021-04-03;816;220;81882;28107;13.5;4.6
37;2021-04-04;101;1;81983;28108;13.5;4.6
37;2021-04-05;3;0;81986;28108;13.5;4.6
37;2021-04-06;2233;778;84219;28886;13.9;4.8
37;2021-04-07;3166;854;87385;29740;14.4;4.9
37;2021-04-08;4037;962;91422;30702;15.1;5.1
37;2021-04-09;4537;933;95959;31635;15.9;5.2
37;2021-04-10;1326;427;97285;32062;16.1;5.3
37;2021-04-11;104;1;97389;32063;16.1;5.3
37;2021-04-12;2639;668;100028;32731;16.5;5.4
37;2021-04-13;4110;1146;104138;33877;17.2;5.6
37;2021-04-14;3042;898;107180;34775;17.7;5.7
37;2021-04-15;3753;1005;110933;35780;18.3;5.9
37;2021-04-16;4356;1211;115289;36991;19.0;6.1
37;2021-04-17;1147;217;116436;37208;19.2;6.1
37;2021-04-18;95;2;116531;37210;19.2;6.1
37;2021-04-19;2481;846;119012;38056;19.7;6.3
37;2021-04-20;3235;1329;122247;39385;20.2;6.5
37;2021-04-21;2930;1154;125177;40539;20.7;6.7
37;2021-04-22;3456;1396;128633;41935;21.2;6.9
37;2021-04-23;3686;1798;132319;43733;21.9;7.2
37;2021-04-24;1005;386;133324;44119;22.0;7.3
37;2021-04-25;44;2;133368;44121;22.0;7.3
37;2021-04-26;2968;1329;136336;45450;22.5;7.5
37;2021-04-27;4182;1802;140518;47252;23.2;7.8
37;2021-04-28;3459;1933;143977;49185;23.8;8.1
37;2021-04-29;4579;2010;148556;51195;24.5;8.5
37;2021-04-30;5055;1978;153611;53173;25.4;8.8
37;2021-05-01;639;209;154250;53382;25.5;8.8
37;2021-05-02;103;14;154353;53396;25.5;8.8
37;2021-05-03;2670;1940;157023;55336;25.9;9.1
37;2021-05-04;3734;2696;160757;58032;26.6;9.6
37;2021-05-05;3496;2079;164253;60111;27.1;9.9
37;2021-05-06;4993;1944;169246;62055;28.0;10.3
37;2021-05-07;4685;2878;173931;64933;28.7;10.7
37;2021-05-08;532;312;174463;65245;28.8;10.8
37;2021-05-09;63;41;174526;65286;28.8;10.8
37;2021-05-10;2161;3488;176687;68774;29.2;11.4
37;2021-05-11;3866;3876;180553;72650;29.8;12.0
37;2021-05-12;4031;2535;184584;75185;30.5;12.4
37;2021-05-13;1135;518;185719;75703;30.7;12.5
37;2021-05-14;4044;2678;189763;78381;31.3;12.9
37;2021-05-15;2320;742;192083;79123;31.7;13.1
37;2021-05-16;22;71;192105;79194;31.7;13.1
37;2021-05-17;2762;2056;194867;81250;32.2;13.4
37;2021-05-18;3872;2352;198739;83602;32.8;13.8
37;2021-05-19;3494;1797;202233;85399;33.4;14.1
37;2021-05-20;4748;1774;206981;87173;34.2;14.4
37;2021-05-21;4526;2565;211507;89738;34.9;14.8
37;2021-05-22;1074;752;212581;90490;35.1;14.9
37;2021-05-23;71;89;212652;90579;35.1;15.0
37;2021-05-24;511;106;213163;90685;35.2;15.0
37;2021-05-25;5118;2172;218281;92857;36.1;15.3
37;2021-05-26;4928;2083;223209;94940;36.9;15.7
37;2021-05-27;5984;2369;229193;97309;37.9;16.1
37;2021-05-28;6022;3261;235215;100570;38.9;16.6
37;2021-05-29;1517;1166;236732;101736;39.1;16.8
37;2021-05-30;55;159;236787;101895;39.1;16.8
37;2021-05-31;3648;2529;240435;104424;39.7;17.2
37;2021-06-01;5843;3619;246278;108043;40.7;17.8
37;2021-06-02;5070;2448;251348;110491;41.5;18.3
37;2021-06-03;6085;2883;257433;113374;42.5;18.7
37;2021-06-04;5506;4201;262939;117575;43.4;19.4
37;2021-06-05;1855;1304;264794;118879;43.7;19.6
37;2021-06-06;49;196;264843;119075;43.7;19.7
37;2021-06-07;3018;4167;267861;123242;44.2;20.4
37;2021-06-08;4198;4656;272059;127898;44.9;21.1
37;2021-06-09;3882;3568;275941;131466;45.6;21.7
37;2021-06-10;5256;3614;281197;135080;46.4;22.3
37;2021-06-11;4970;4830;286167;139910;47.3;23.1
37;2021-06-12;3550;1347;289717;141257;47.9;23.3
37;2021-06-13;15;164;289732;141421;47.9;23.4
37;2021-06-14;2666;4043;292398;145464;48.3;24.0
37;2021-06-15;3894;4765;296292;150229;48.9;24.8
37;2021-06-16;3255;3598;299547;153827;49.5;25.4
37;2021-06-17;3999;4496;303546;158323;50.1;26.2
37;2021-06-18;4692;5070;308238;163393;50.9;27.0
37;2021-06-19;2513;1102;310751;164495;51.3;27.2
37;2021-06-20;7;183;310758;164678;51.3;27.2
37;2021-06-21;2413;3828;313171;168506;51.7;27.8
37;2021-06-22;2957;5015;316128;173521;52.2;28.7
37;2021-06-23;2606;3646;318734;177167;52.7;29.3
37;2021-06-24;2846;3544;321580;180711;53.1;29.9
37;2021-06-25;3288;4884;324868;185595;53.7;30.7
37;2021-06-26;1230;3087;326098;188682;53.9;31.2
37;2021-06-27;23;142;326121;188824;53.9;31.2
37;2021-06-28;1689;4519;327810;193343;54.1;31.9
37;2021-06-29;1881;6230;329691;199573;54.5;33.0
37;2021-06-30;1843;4438;331534;204011;54.8;33.7
37;2021-07-01;2080;4804;333614;208815;55.1;34.5
37;2021-07-02;2663;5589;336277;214404;55.5;35.4
37;2021-07-03;941;2139;337218;216543;55.7;35.8
37;2021-07-04;3;104;337221;216647;55.7;35.8
37;2021-07-05;1665;5150;338886;221797;56.0;36.6
37;2021-07-06;1977;6769;340863;228566;56.3;37.8
37;2021-07-07;1935;5467;342798;234033;56.6;38.7
37;2021-07-08;2437;6666;345235;240699;57.0;39.8
37;2021-07-09;1967;7644;347202;248343;57.4;41.0
37;2021-07-10;1010;2616;348212;250959;57.5;41.5
37;2021-07-11;14;95;348226;251054;57.5;41.5
37;2021-07-12;1119;5981;349345;257035;57.7;42.5
37;2021-07-13;1603;7826;350948;264861;58.0;43.8
37;2021-07-14;522;404;351470;265265;58.1;43.8
37;2021-07-15;2597;7485;354067;272750;58.5;45.1
37;2021-07-16;2752;7800;356819;280550;58.9;46.3
37;2021-07-17;1196;2438;358015;282988;59.1;46.7
37;2021-07-18;50;53;358065;283041;59.1;46.8
37;2021-07-19;1639;6120;359704;289161;59.4;47.8
37;2021-07-20;2896;7051;362600;296212;59.9;48.9
37;2021-07-21;2962;5756;365562;301968;60.4;49.9
37;2021-07-22;3966;6491;369528;308459;61.0;51.0
38;2020-12-27;0;0;0;0;0.0;0.0
38;2020-12-28;0;0;0;0;0.0;0.0
38;2020-12-29;0;0;0;0;0.0;0.0
38;2020-12-30;0;0;0;0;0.0;0.0
38;2020-12-31;5;0;5;0;0.0;0.0
38;2021-01-01;1;0;6;0;0.0;0.0
38;2021-01-02;0;0;6;0;0.0;0.0
38;2021-01-03;0;0;6;0;0.0;0.0
38;2021-01-04;162;0;168;0;0.0;0.0
38;2021-01-05;257;1;425;1;0.0;0.0
38;2021-01-06;365;0;790;1;0.1;0.0
38;2021-01-07;636;1;1426;2;0.1;0.0
38;2021-01-08;693;0;2119;2;0.2;0.0
38;2021-01-09;30;0;2149;2;0.2;0.0
38;2021-01-10;0;0;2149;2;0.2;0.0
38;2021-01-11;798;2;2947;4;0.2;0.0
38;2021-01-12;1468;2;4415;6;0.3;0.0
38;2021-01-13;1072;4;5487;10;0.4;0.0
38;2021-01-14;1675;15;7162;25;0.6;0.0
38;2021-01-15;1671;7;8833;32;0.7;0.0
38;2021-01-16;306;2;9139;34;0.7;0.0
38;2021-01-17;3;0;9142;34;0.7;0.0
38;2021-01-18;1174;4;10316;38;0.8;0.0
38;2021-01-19;2232;5;12548;43;1.0;0.0
38;2021-01-20;1877;2;14425;45;1.1;0.0
38;2021-01-21;1618;6;16043;51;1.3;0.0
38;2021-01-22;1396;7;17439;58;1.4;0.0
38;2021-01-23;379;3;17818;61;1.4;0.0
38;2021-01-24;1;0;17819;61;1.4;0.0
38;2021-01-25;788;108;18607;169;1.5;0.0
38;2021-01-26;854;183;19461;352;1.5;0.0
38;2021-01-27;1088;278;20549;630;1.6;0.0
38;2021-01-28;1152;479;21701;1109;1.7;0.1
38;2021-01-29;947;380;22648;1489;1.8;0.1
38;2021-01-30;304;1;22952;1490;1.8;0.1
38;2021-01-31;0;0;22952;1490;1.8;0.1
38;2021-02-01;703;598;23655;2088;1.9;0.2
38;2021-02-02;966;965;24621;3053;1.9;0.2
38;2021-02-03;1230;695;25851;3748;2.0;0.3
38;2021-02-04;1278;973;27129;4721;2.1;0.4
38;2021-02-05;1397;848;28526;5569;2.3;0.4
38;2021-02-06;186;95;28712;5664;2.3;0.4
38;2021-02-07;0;48;28712;5712;2.3;0.5
38;2021-02-08;859;799;29571;6511;2.3;0.5
38;2021-02-09;1540;1306;31111;7817;2.5;0.6
38;2021-02-10;1576;1282;32687;9099;2.6;0.7
38;2021-02-11;1868;1152;34555;10251;2.7;0.8
38;2021-02-12;1508;1122;36063;11373;2.9;0.9
38;2021-02-13;467;188;36530;11561;2.9;0.9
38;2021-02-14;1;7;36531;11568;2.9;0.9
38;2021-02-15;974;941;37505;12509;3.0;1.0
38;2021-02-16;1380;979;38885;13488;3.1;1.1
38;2021-02-17;1370;1066;40255;14554;3.2;1.2
38;2021-02-18;1780;1066;42035;15620;3.3;1.2
38;2021-02-19;1254;864;43289;16484;3.4;1.3
38;2021-02-20;471;313;43760;16797;3.5;1.3
38;2021-02-21;0;0;43760;16797;3.5;1.3
38;2021-02-22;1074;908;44834;17705;3.5;1.4
38;2021-02-23;1539;948;46373;18653;3.7;1.5
38;2021-02-24;1728;1129;48101;19782;3.8;1.6
38;2021-02-25;2491;1046;50592;20828;4.0;1.6
38;2021-02-26;3302;970;53894;21798;4.3;1.7
38;2021-02-27;1510;424;55404;22222;4.4;1.8
38;2021-02-28;33;1;55437;22223;4.4;1.8
38;2021-03-01;2479;767;57916;22990;4.6;1.8
38;2021-03-02;4044;1040;61960;24030;4.9;1.9
38;2021-03-03;3341;1210;65301;25240;5.2;2.0
38;2021-03-04;4477;1358;69778;26598;5.5;2.1
38;2021-03-05;5225;1179;75003;27777;5.9;2.2
38;2021-03-06;3040;248;78043;28025;6.2;2.2
38;2021-03-07;112;1;78155;28026;6.2;2.2
38;2021-03-08;2426;898;80581;28924;6.4;2.3
38;2021-03-09;4023;1290;84604;30214;6.7;2.4
38;2021-03-10;3494;1063;88098;31277;7.0;2.5
38;2021-03-11;5136;1502;93234;32779;7.4;2.6
38;2021-03-12;7084;1123;100318;33902;7.9;2.7
38;2021-03-13;3768;196;104086;34098;8.2;2.7
38;2021-03-14;544;12;104630;34110;8.3;2.7
38;2021-03-15;2697;995;107327;35105;8.5;2.8
38;2021-03-16;2080;1371;109407;36476;8.6;2.9
38;2021-03-17;2022;1199;111429;37675;8.8;3.0
38;2021-03-18;2636;1360;114065;39035;9.0;3.1
38;2021-03-19;4003;1048;118068;40083;9.3;3.2
38;2021-03-20;1821;234;119889;40317;9.5;3.2
38;2021-03-21;127;8;120016;40325;9.5;3.2
38;2021-03-22;2859;1000;122875;41325;9.7;3.3
38;2021-03-23;4772;1492;127647;42817;10.1;3.4
38;2021-03-24;3706;1570;131353;44387;10.4;3.5
38;2021-03-25;5785;1523;137138;45910;10.8;3.6
38;2021-03-26;6597;1725;143735;47635;11.4;3.8
38;2021-03-27;2509;744;146244;48379;11.6;3.8
38;2021-03-28;926;36;147170;48415;11.6;3.8
38;2021-03-29;2671;1854;149841;50269;11.8;4.0
38;2021-03-30;4560;2532;154401;52801;12.2;4.2
38;2021-03-31;3655;2220;158056;55021;12.5;4.3
38;2021-04-01;5126;2473;163182;57494;12.9;4.5
38;2021-04-02;3862;2514;167044;60008;13.2;4.7
38;2021-04-03;1415;938;168459;60946;13.3;4.8
38;2021-04-04;425;46;168884;60992;13.4;4.8
38;2021-04-05;2171;328;171055;61320;13.5;4.8
38;2021-04-06;4337;2388;175392;63708;13.9;5.0
38;2021-04-07;4410;2718;179802;66426;14.2;5.3
38;2021-04-08;5639;2649;185441;69075;14.7;5.5
38;2021-04-09;8546;2711;193987;71786;15.3;5.7
38;2021-04-10;3597;1459;197584;73245;15.6;5.8
38;2021-04-11;1046;100;198630;73345;15.7;5.8
38;2021-04-12;4191;2250;202821;75595;16.0;6.0
38;2021-04-13;6118;2463;208939;78058;16.5;6.2
38;2021-04-14;5108;2448;214047;80506;16.9;6.4
38;2021-04-15;6355;2740;220402;83246;17.4;6.6
38;2021-04-16;6210;2718;226612;85964;17.9;6.8
38;2021-04-17;2586;984;229198;86948;18.1;6.9
38;2021-04-18;1332;72;230530;87020;18.2;6.9
38;2021-04-19;3937;2808;234467;89828;18.5;7.1
38;2021-04-20;5417;2834;239884;92662;19.0;7.3
38;2021-04-21;4974;2679;244858;95341;19.4;7.5
38;2021-04-22;5772;2807;250630;98148;19.8;7.8
38;2021-04-23;6023;2779;256653;100927;20.3;8.0
38;2021-04-24;2663;1337;259316;102264;20.5;8.1
38;2021-04-25;804;593;260120;102857;20.6;8.1
38;2021-04-26;4479;2449;264599;105306;20.9;8.3
38;2021-04-27;6036;2701;270635;108007;21.4;8.5
38;2021-04-28;6190;2479;276825;110486;21.9;8.7
38;2021-04-29;8326;3032;285151;113518;22.5;9.0
38;2021-04-30;7669;4030;292820;117548;23.1;9.3
38;2021-05-01;1540;196;294360;117744;23.3;9.3
38;2021-05-02;841;72;295201;117816;23.3;9.3
38;2021-05-03;5292;3567;300493;121383;23.8;9.6
38;2021-05-04;6185;5045;306678;126428;24.2;10.0
38;2021-05-05;6057;4572;312735;131000;24.7;10.4
38;2021-05-06;6705;5273;319440;136273;25.3;10.8
38;2021-05-07;7262;6418;326702;142691;25.8;11.3
38;2021-05-08;3701;697;330403;143388;26.1;11.3
38;2021-05-09;2849;1930;333252;145318;26.3;11.5
38;2021-05-10;6149;5273;339401;150591;26.8;11.9
38;2021-05-11;8216;5984;347617;156575;27.5;12.4
38;2021-05-12;9041;4667;356658;161242;28.2;12.7
38;2021-05-13;6630;1407;363288;162649;28.7;12.9
38;2021-05-14;9557;3402;372845;166051;29.5;13.1
38;2021-05-15;6847;1450;379692;167501;30.0;13.2
38;2021-05-16;5475;650;385167;168151;30.4;13.3
38;2021-05-17;7660;2974;392827;171125;31.1;13.5
38;2021-05-18;8612;3999;401439;175124;31.7;13.8
38;2021-05-19;8137;3332;409576;178456;32.4;14.1
38;2021-05-20;8969;4455;418545;182911;33.1;14.5
38;2021-05-21;9949;4585;428494;187496;33.9;14.8
38;2021-05-22;7448;1903;435942;189399;34.5;15.0
38;2021-05-23;5582;575;441524;189974;34.9;15.0
38;2021-05-24;7492;1619;449016;191593;35.5;15.1
38;2021-05-25;9530;4838;458546;196431;36.2;15.5
38;2021-05-26;8107;4708;466653;201139;36.9;15.9
38;2021-05-27;9127;5635;475780;206774;37.6;16.3
38;2021-05-28;8774;6474;484554;213248;38.3;16.9
38;2021-05-29;5813;3259;490367;216507;38.8;17.1
38;2021-05-30;2688;1595;493055;218102;39.0;17.2
38;2021-05-31;8265;5115;501320;223217;39.6;17.6
38;2021-06-01;7916;6410;509236;229627;40.3;18.2
38;2021-06-02;7103;5599;516339;235226;40.8;18.6
38;2021-06-03;7386;6816;523725;242042;41.4;19.1
38;2021-06-04;8101;7605;531826;249647;42.0;19.7
38;2021-06-05;5793;3939;537619;253586;42.5;20.0
38;2021-06-06;2500;1461;540119;255047;42.7;20.2
38;2021-06-07;5552;6850;545671;261897;43.1;20.7
38;2021-06-08;5866;7524;551537;269421;43.6;21.3
38;2021-06-09;5034;6461;556571;275882;44.0;21.8
38;2021-06-10;5401;6780;561972;282662;44.4;22.3
38;2021-06-11;5868;7776;567840;290438;44.9;23.0
38;2021-06-12;3939;3250;571779;293688;45.2;23.2
38;2021-06-13;1243;1304;573022;294992;45.3;23.3
38;2021-06-14;3848;7661;576870;302653;45.6;23.9
38;2021-06-15;5221;8143;582091;310796;46.0;24.6
38;2021-06-16;5106;7396;587197;318192;46.4;25.2
38;2021-06-17;4488;7055;591685;325247;46.8;25.7
38;2021-06-18;5967;9213;597652;334460;47.2;26.4
38;2021-06-19;3587;4964;601239;339424;47.5;26.8
38;2021-06-20;1029;2900;602268;342324;47.6;27.1
38;2021-06-21;3730;8691;605998;351015;47.9;27.7
38;2021-06-22;3626;10094;609624;361109;48.2;28.5
38;2021-06-23;3136;9561;612760;370670;48.4;29.3
38;2021-06-24;3200;8584;615960;379254;48.7;30.0
38;2021-06-25;3754;11495;619714;390749;49.0;30.9
38;2021-06-26;2205;7860;621919;398609;49.2;31.5
38;2021-06-27;1090;4353;623009;402962;49.3;31.9
38;2021-06-28;2597;10315;625606;413277;49.5;32.7
38;2021-06-29;3560;10436;629166;423713;49.7;33.5
38;2021-06-30;3704;9942;632870;433655;50.0;34.3
38;2021-07-01;3186;9010;636056;442665;50.3;35.0
38;2021-07-02;3486;11618;639542;454283;50.6;35.9
38;2021-07-03;1681;8783;641223;463066;50.7;36.6
38;2021-07-04;1187;3199;642410;466265;50.8;36.9
38;2021-07-05;2585;10538;644995;476803;51.0;37.7
38;2021-07-06;3269;10238;648264;487041;51.2;38.5
38;2021-07-07;3285;9401;651549;496442;51.5;39.2
38;2021-07-08;3440;8224;654989;504666;51.8;39.9
38;2021-07-09;3518;10741;658507;515407;52.1;40.7
38;2021-07-10;2330;7793;660837;523200;52.2;41.4
38;2021-07-11;747;2017;661584;525217;52.3;41.5
38;2021-07-12;3355;10651;664939;535868;52.6;42.4
38;2021-07-13;6481;10888;671420;546756;53.1;43.2
38;2021-07-14;4557;3318;675977;550074;53.4;43.5
38;2021-07-15;8584;9632;684561;559706;54.1;44.2
38;2021-07-16;8656;10654;693217;570360;54.8;45.1
38;2021-07-17;4649;7445;697866;577805;55.2;45.7
38;2021-07-18;2554;2479;700420;580284;55.4;45.9
38;2021-07-19;5764;9196;706184;589480;55.8;46.6
38;2021-07-20;6164;8266;712348;597746;56.3;47.3
38;2021-07-21;7784;7985;720132;605731;56.9;47.9
38;2021-07-22;7382;6897;727514;612628;57.5;48.4
39;2020-12-27;0;0;0;0;0.0;0.0
39;2020-12-28;0;0;0;0;0.0;0.0
39;2020-12-29;0;0;0;0;0.0;0.0
39;2020-12-30;0;0;0;0;0.0;0.0
39;2020-12-31;0;0;0;0;0.0;0.0
39;2021-01-01;0;0;0;0;0.0;0.0
39;2021-01-02;0;0;0;0;0.0;0.0
39;2021-01-03;0;0;0;0;0.0;0.0
39;2021-01-04;3;0;3;0;0.0;0.0
39;2021-01-05;3;0;6;0;0.0;0.0
39;2021-01-06;56;0;62;0;0.0;0.0
39;2021-01-07;330;2;392;2;0.2;0.0
39;2021-01-08;653;1;1045;3;0.4;0.0
39;2021-01-09;169;0;1214;3;0.5;0.0
39;2021-01-10;1;0;1215;3;0.5;0.0
39;2021-01-11;476;1;1691;4;0.7;0.0
39;2021-01-12;431;1;2122;5;0.8;0.0
39;2021-01-13;408;2;2530;7;1.0;0.0
39;2021-01-14;573;3;3103;10;1.2;0.0
39;2021-01-15;470;1;3573;11;1.4;0.0
39;2021-01-16;142;2;3715;13;1.4;0.0
39;2021-01-17;0;1;3715;14;1.4;0.0
39;2021-01-18;924;7;4639;21;1.8;0.0
39;2021-01-19;1181;4;5820;25;2.3;0.0
39;2021-01-20;905;5;6725;30;2.6;0.0
39;2021-01-21;1177;2;7902;32;3.1;0.0
39;2021-01-22;985;1;8887;33;3.4;0.0
39;2021-01-23;382;1;9269;34;3.6;0.0
39;2021-01-24;0;0;9269;34;3.6;0.0
39;2021-01-25;642;2;9911;36;3.8;0.0
39;2021-01-26;1120;12;11031;48;4.3;0.0
39;2021-01-27;925;17;11956;65;4.6;0.0
39;2021-01-28;738;244;12694;309;4.9;0.1
39;2021-01-29;581;422;13275;731;5.1;0.3
39;2021-01-30;265;110;13540;841;5.3;0.3
39;2021-01-31;1;0;13541;841;5.3;0.3
39;2021-02-01;561;262;14102;1103;5.5;0.4
39;2021-02-02;753;322;14855;1425;5.8;0.6
39;2021-02-03;531;516;15386;1941;6.0;0.8
39;2021-02-04;553;462;15939;2403;6.2;0.9
39;2021-02-05;438;431;16377;2834;6.4;1.1
39;2021-02-06;265;109;16642;2943;6.5;1.1
39;2021-02-07;0;1;16642;2944;6.5;1.1
39;2021-02-08;320;373;16962;3317;6.6;1.3
39;2021-02-09;383;485;17345;3802;6.7;1.5
39;2021-02-10;250;337;17595;4139;6.8;1.6
39;2021-02-11;586;510;18181;4649;7.1;1.8
39;2021-02-12;386;415;18567;5064;7.2;2.0
39;2021-02-13;97;67;18664;5131;7.2;2.0
39;2021-02-14;0;0;18664;5131;7.2;2.0
39;2021-02-15;99;760;18763;5891;7.3;2.3
39;2021-02-16;99;911;18862;6802;7.3;2.6
39;2021-02-17;58;695;18920;7497;7.3;2.9
39;2021-02-18;109;859;19029;8356;7.4;3.2
39;2021-02-19;100;487;19129;8843;7.4;3.4
39;2021-02-20;18;364;19147;9207;7.4;3.6
39;2021-02-21;0;0;19147;9207;7.4;3.6
39;2021-02-22;100;730;19247;9937;7.5;3.9
39;2021-02-23;4;764;19251;10701;7.5;4.2
39;2021-02-24;125;873;19376;11574;7.5;4.5
39;2021-02-25;209;751;19585;12325;7.6;4.8
39;2021-02-26;218;468;19803;12793;7.7;5.0
39;2021-02-27;169;298;19972;13091;7.7;5.1
39;2021-02-28;1;0;19973;13091;7.7;5.1
39;2021-03-01;218;639;20191;13730;7.8;5.3
39;2021-03-02;327;826;20518;14556;8.0;5.6
39;2021-03-03;598;523;21116;15079;8.2;5.8
39;2021-03-04;657;473;21773;15552;8.4;6.0
39;2021-03-05;669;326;22442;15878;8.7;6.2
39;2021-03-06;777;240;23219;16118;9.0;6.3
39;2021-03-07;240;79;23459;16197;9.1;6.3
39;2021-03-08;286;439;23745;16636;9.2;6.5
39;2021-03-09;842;453;24587;17089;9.5;6.6
39;2021-03-10;985;333;25572;17422;9.9;6.8
39;2021-03-11;826;459;26398;17881;10.2;6.9
39;2021-03-12;805;283;27203;18164;10.5;7.0
39;2021-03-13;787;98;27990;18262;10.9;7.1
39;2021-03-14;35;10;28025;18272;10.9;7.1
39;2021-03-15;512;88;28537;18360;11.1;7.1
39;2021-03-16;554;60;29091;18420;11.3;7.1
39;2021-03-17;612;52;29703;18472;11.5;7.2
39;2021-03-18;595;65;30298;18537;11.8;7.2
39;2021-03-19;392;70;30690;18607;11.9;7.2
39;2021-03-20;311;8;31001;18615;12.0;7.2
39;2021-03-21;3;0;31004;18615;12.0;7.2
39;2021-03-22;754;113;31758;18728;12.3;7.3
39;2021-03-23;1130;38;32888;18766;12.8;7.3
39;2021-03-24;1177;87;34065;18853;13.2;7.3
39;2021-03-25;2041;109;36106;18962;14.0;7.4
39;2021-03-26;797;108;36903;19070;14.3;7.4
39;2021-03-27;345;4;37248;19074;14.4;7.4
39;2021-03-28;36;4;37284;19078;14.5;7.4
39;2021-03-29;1036;188;38320;19266;14.9;7.5
39;2021-03-30;1401;264;39721;19530;15.4;7.6
39;2021-03-31;658;514;40379;20044;15.7;7.8
39;2021-04-01;1309;303;41688;20347;16.2;7.9
39;2021-04-02;625;127;42313;20474;16.4;7.9
39;2021-04-03;180;6;42493;20480;16.5;7.9
39;2021-04-04;4;1;42497;20481;16.5;7.9
39;2021-04-05;1;0;42498;20481;16.5;7.9
39;2021-04-06;824;629;43322;21110;16.8;8.2
39;2021-04-07;1129;673;44451;21783;17.2;8.4
39;2021-04-08;1789;561;46240;22344;17.9;8.7
39;2021-04-09;1676;281;47916;22625;18.6;8.8
39;2021-04-10;344;179;48260;22804;18.7;8.8
39;2021-04-11;2;0;48262;22804;18.7;8.8
39;2021-04-12;678;393;48940;23197;19.0;9.0
39;2021-04-13;1202;574;50142;23771;19.4;9.2
39;2021-04-14;844;631;50986;24402;19.8;9.5
39;2021-04-15;1480;706;52466;25108;20.3;9.7
39;2021-04-16;1090;171;53556;25279;20.8;9.8
39;2021-04-17;196;58;53752;25337;20.8;9.8
39;2021-04-18;0;0;53752;25337;20.8;9.8
39;2021-04-19;524;699;54276;26036;21.0;10.1
39;2021-04-20;765;540;55041;26576;21.3;10.3
39;2021-04-21;1142;713;56183;27289;21.8;10.6
39;2021-04-22;1012;1132;57195;28421;22.2;11.0
39;2021-04-23;455;356;57650;28777;22.4;11.2
39;2021-04-24;275;147;57925;28924;22.5;11.2
39;2021-04-25;12;2;57937;28926;22.5;11.2
39;2021-04-26;568;1032;58505;29958;22.7;11.6
39;2021-04-27;788;981;59293;30939;23.0;12.0
39;2021-04-28;1719;410;61012;31349;23.7;12.2
39;2021-04-29;2571;959;63583;32308;24.7;12.5
39;2021-04-30;2475;378;66058;32686;25.6;12.7
39;2021-05-01;41;53;66099;32739;25.6;12.7
39;2021-05-02;0;0;66099;32739;25.6;12.7
39;2021-05-03;917;804;67016;33543;26.0;13.0
39;2021-05-04;949;1126;67965;34669;26.4;13.4
39;2021-05-05;1950;885;69915;35554;27.1;13.8
39;2021-05-06;2426;1332;72341;36886;28.1;14.3
39;2021-05-07;1287;570;73628;37456;28.6;14.5
39;2021-05-08;178;54;73806;37510;28.6;14.5
39;2021-05-09;10;5;73816;37515;28.6;14.5
39;2021-05-10;1761;843;75577;38358;29.3;14.9
39;2021-05-11;1772;1510;77349;39868;30.0;15.5
39;2021-05-12;1799;1473;79148;41341;30.7;16.0
39;2021-05-13;246;23;79394;41364;30.8;16.0
39;2021-05-14;2392;326;81786;41690;31.7;16.2
39;2021-05-15;1848;256;83634;41946;32.4;16.3
39;2021-05-16;0;0;83634;41946;32.4;16.3
39;2021-05-17;1990;722;85624;42668;33.2;16.5
39;2021-05-18;1691;1182;87315;43850;33.9;17.0
39;2021-05-19;2497;554;89812;44404;34.8;17.2
39;2021-05-20;2466;752;92278;45156;35.8;17.5
39;2021-05-21;1798;560;94076;45716;36.5;17.7
39;2021-05-22;322;220;94398;45936;36.6;17.8
39;2021-05-23;7;36;94405;45972;36.6;17.8
39;2021-05-24;8;28;94413;46000;36.6;17.8
39;2021-05-25;1726;1195;96139;47195;37.3;18.3
39;2021-05-26;1641;1375;97780;48570;37.9;18.8
39;2021-05-27;1487;1619;99267;50189;38.5;19.5
39;2021-05-28;856;1217;100123;51406;38.8;19.9
39;2021-05-29;260;272;100383;51678;38.9;20.0
39;2021-05-30;2;40;100385;51718;38.9;20.1
39;2021-05-31;1626;1248;102011;52966;39.6;20.5
39;2021-06-01;1894;1317;103905;54283;40.3;21.1
39;2021-06-02;1700;1175;105605;55458;41.0;21.5
39;2021-06-03;1326;1157;106931;56615;41.5;22.0
39;2021-06-04;941;1068;107872;57683;41.8;22.4
39;2021-06-05;765;514;108637;58197;42.1;22.6
39;2021-06-06;1;36;108638;58233;42.1;22.6
39;2021-06-07;2103;912;110741;59145;42.9;22.9
39;2021-06-08;2209;1153;112950;60298;43.8;23.4
39;2021-06-09;1724;1241;114674;61539;44.5;23.9
39;2021-06-10;1615;2084;116289;63623;45.1;24.7
39;2021-06-11;1557;1272;117846;64895;45.7;25.2
39;2021-06-12;1261;347;119107;65242;46.2;25.3
39;2021-06-13;9;17;119116;65259;46.2;25.3
39;2021-06-14;1334;1895;120450;67154;46.7;26.0
39;2021-06-15;1377;1250;121827;68404;47.2;26.5
39;2021-06-16;1155;1538;122982;69942;47.7;27.1
39;2021-06-17;1042;1716;124024;71658;48.1;27.8
39;2021-06-18;1626;1176;125650;72834;48.7;28.2
39;2021-06-19;246;408;125896;73242;48.8;28.4
39;2021-06-20;1;18;125897;73260;48.8;28.4
39;2021-06-21;350;2495;126247;75755;49.0;29.4
39;2021-06-22;800;2293;127047;78048;49.3;30.3
39;2021-06-23;1157;1299;128204;79347;49.7;30.8
39;2021-06-24;719;1048;128923;80395;50.0;31.2
39;2021-06-25;680;2963;129603;83358;50.3;32.3
39;2021-06-26;202;1566;129805;84924;50.3;32.9
39;2021-06-27;0;0;129805;84924;50.3;32.9
39;2021-06-28;299;2749;130104;87673;50.5;34.0
39;2021-06-29;489;2700;130593;90373;50.6;35.0
39;2021-06-30;865;2419;131458;92792;51.0;36.0
39;2021-07-01;606;1938;132064;94730;51.2;36.7
39;2021-07-02;1068;1403;133132;96133;51.6;37.3
39;2021-07-03;536;523;133668;96656;51.8;37.5
39;2021-07-04;1;1;133669;96657;51.8;37.5
39;2021-07-05;575;2588;134244;99245;52.1;38.5
39;2021-07-06;817;1883;135061;101128;52.4;39.2
39;2021-07-07;578;1386;135639;102514;52.6;39.8
39;2021-07-08;689;905;136328;103419;52.9;40.1
39;2021-07-09;1073;1583;137401;105002;53.3;40.7
39;2021-07-10;736;475;138137;105477;53.6;40.9
39;2021-07-11;27;8;138164;105485;53.6;40.9
39;2021-07-12;557;2597;138721;108082;53.8;41.9
39;2021-07-13;1623;2645;140344;110727;54.4;42.9
39;2021-07-14;12;20;140356;110747;54.4;43.0
39;2021-07-15;1892;1836;142248;112583;55.2;43.7
39;2021-07-16;3214;2021;145462;114604;56.4;44.4
39;2021-07-17;2218;1141;147680;115745;57.3;44.9
39;2021-07-18;164;52;147844;115797;57.3;44.9
39;2021-07-19;1393;2948;149237;118745;57.9;46.1
39;2021-07-20;1833;2801;151070;121546;58.6;47.1
39;2021-07-21;2581;2569;153651;124115;59.6;48.1
39;2021-07-22;1868;1821;155519;125936;60.3;48.8
40;2020-12-27;0;0;0;0;0.0;0.0
40;2020-12-28;0;0;0;0;0.0;0.0
40;2020-12-29;0;0;0;0;0.0;0.0
40;2020-12-30;0;0;0;0;0.0;0.0
40;2020-12-31;0;0;0;0;0.0;0.0
40;2021-01-01;0;0;0;0;0.0;0.0
40;2021-01-02;0;0;0;0;0.0;0.0
40;2021-01-03;0;0;0;0;0.0;0.0
40;2021-01-04;0;0;0;0;0.0;0.0
40;2021-01-05;0;0;0;0;0.0;0.0
40;2021-01-06;1;0;1;0;0.0;0.0
40;2021-01-07;212;0;213;0;0.1;0.0
40;2021-01-08;392;2;605;2;0.1;0.0
40;2021-01-09;0;0;605;2;0.1;0.0
40;2021-01-10;1;0;606;2;0.1;0.0
40;2021-01-11;110;0;716;2;0.2;0.0
40;2021-01-12;0;0;716;2;0.2;0.0
40;2021-01-13;681;0;1397;2;0.3;0.0
40;2021-01-14;901;5;2298;7;0.6;0.0
40;2021-01-15;808;3;3106;10;0.8;0.0
40;2021-01-16;157;0;3263;10;0.8;0.0
40;2021-01-17;0;1;3263;11;0.8;0.0
40;2021-01-18;402;0;3665;11;0.9;0.0
40;2021-01-19;1203;2;4868;13;1.2;0.0
40;2021-01-20;878;2;5746;15;1.4;0.0
40;2021-01-21;1261;2;7007;17;1.7;0.0
40;2021-01-22;809;2;7816;19;1.9;0.0
40;2021-01-23;288;0;8104;19;2.0;0.0
40;2021-01-24;1;0;8105;19;2.0;0.0
40;2021-01-25;393;1;8498;20;2.1;0.0
40;2021-01-26;802;6;9300;26;2.3;0.0
40;2021-01-27;1118;12;10418;38;2.5;0.0
40;2021-01-28;704;118;11122;156;2.7;0.0
40;2021-01-29;602;227;11724;383;2.8;0.1
40;2021-01-30;234;3;11958;386;2.9;0.1
40;2021-01-31;0;0;11958;386;2.9;0.1
40;2021-02-01;357;132;12315;518;3.0;0.1
40;2021-02-02;923;52;13238;570;3.2;0.1
40;2021-02-03;891;297;14129;867;3.4;0.2
40;2021-02-04;1058;603;15187;1470;3.7;0.4
40;2021-02-05;793;421;15980;1891;3.9;0.5
40;2021-02-06;377;84;16357;1975;4.0;0.5
40;2021-02-07;10;0;16367;1975;4.0;0.5
40;2021-02-08;369;123;16736;2098;4.1;0.5
40;2021-02-09;807;540;17543;2638;4.3;0.6
40;2021-02-10;746;472;18289;3110;4.4;0.8
40;2021-02-11;738;684;19027;3794;4.6;0.9
40;2021-02-12;628;642;19655;4436;4.8;1.1
40;2021-02-13;399;94;20054;4530;4.9;1.1
40;2021-02-14;0;0;20054;4530;4.9;1.1
40;2021-02-15;47;386;20101;4916;4.9;1.2
40;2021-02-16;283;594;20384;5510;4.9;1.3
40;2021-02-17;359;896;20743;6406;5.0;1.6
40;2021-02-18;383;696;21126;7102;5.1;1.7
40;2021-02-19;143;646;21269;7748;5.2;1.9
40;2021-02-20;39;95;21308;7843;5.2;1.9
40;2021-02-21;1;66;21309;7909;5.2;1.9
40;2021-02-22;52;565;21361;8474;5.2;2.1
40;2021-02-23;179;836;21540;9310;5.2;2.3
40;2021-02-24;282;687;21822;9997;5.3;2.4
40;2021-02-25;724;997;22546;10994;5.5;2.7
40;2021-02-26;654;637;23200;11631;5.6;2.8
40;2021-02-27;384;101;23584;11732;5.7;2.8
40;2021-02-28;2;0;23586;11732;5.7;2.8
40;2021-03-01;418;509;24004;12241;5.8;3.0
40;2021-03-02;735;1041;24739;13282;6.0;3.2
40;2021-03-03;933;911;25672;14193;6.2;3.4
40;2021-03-04;1305;821;26977;15014;6.5;3.6
40;2021-03-05;1230;746;28207;15760;6.8;3.8
40;2021-03-06;864;392;29071;16152;7.1;3.9
40;2021-03-07;90;9;29161;16161;7.1;3.9
40;2021-03-08;837;500;29998;16661;7.3;4.0
40;2021-03-09;1504;643;31502;17304;7.6;4.2
40;2021-03-10;1746;696;33248;18000;8.1;4.4
40;2021-03-11;1982;690;35230;18690;8.6;4.5
40;2021-03-12;2047;552;37277;19242;9.0;4.7
40;2021-03-13;969;254;38246;19496;9.3;4.7
40;2021-03-14;98;0;38344;19496;9.3;4.7
40;2021-03-15;922;88;39266;19584;9.5;4.8
40;2021-03-16;986;267;40252;19851;9.8;4.8
40;2021-03-17;1572;338;41824;20189;10.2;4.9
40;2021-03-18;1557;332;43381;20521;10.5;5.0
40;2021-03-19;1805;146;45186;20667;11.0;5.0
40;2021-03-20;706;10;45892;20677;11.1;5.0
40;2021-03-21;51;1;45943;20678;11.2;5.0
40;2021-03-22;1171;29;47114;20707;11.4;5.0
40;2021-03-23;2320;164;49434;20871;12.0;5.1
40;2021-03-24;2323;225;51757;21096;12.6;5.1
40;2021-03-25;2762;373;54519;21469;13.2;5.2
40;2021-03-26;3120;203;57639;21672;14.0;5.3
40;2021-03-27;920;44;58559;21716;14.2;5.3
40;2021-03-28;176;47;58735;21763;14.3;5.3
40;2021-03-29;1148;381;59883;22144;14.5;5.4
40;2021-03-30;2295;380;62178;22524;15.1;5.5
40;2021-03-31;1995;297;64173;22821;15.6;5.5
40;2021-04-01;2400;324;66573;23145;16.2;5.6
40;2021-04-02;2360;215;68933;23360;16.7;5.7
40;2021-04-03;741;118;69674;23478;16.9;5.7
40;2021-04-04;362;8;70036;23486;17.0;5.7
40;2021-04-05;522;38;70558;23524;17.1;5.7
40;2021-04-06;2094;801;72652;24325;17.6;5.9
40;2021-04-07;2663;867;75315;25192;18.3;6.1
40;2021-04-08;3056;893;78371;26085;19.0;6.3
40;2021-04-09;3824;593;82195;26678;20.0;6.5
40;2021-04-10;1598;341;83793;27019;20.3;6.6
40;2021-04-11;51;2;83844;27021;20.4;6.6
40;2021-04-12;2175;728;86019;27749;20.9;6.7
40;2021-04-13;2566;1085;88585;28834;21.5;7.0
40;2021-04-14;2570;1374;91155;30208;22.1;7.3
40;2021-04-15;2978;1490;94133;31698;22.8;7.7
40;2021-04-16;2876;1183;97009;32881;23.5;8.0
40;2021-04-17;1463;345;98472;33226;23.9;8.1
40;2021-04-18;56;24;98528;33250;23.9;8.1
40;2021-04-19;1056;1015;99584;34265;24.2;8.3
40;2021-04-20;1618;1738;101202;36003;24.6;8.7
40;2021-04-21;1773;1738;102975;37741;25.0;9.2
40;2021-04-22;2106;1770;105081;39511;25.5;9.6
40;2021-04-23;2158;1388;107239;40899;26.0;9.9
40;2021-04-24;1325;618;108564;41517;26.4;10.1
40;2021-04-25;36;57;108600;41574;26.4;10.1
40;2021-04-26;1247;1132;109847;42706;26.7;10.4
40;2021-04-27;1484;2030;111331;44736;27.0;10.9
40;2021-04-28;2050;1363;113381;46099;27.5;11.2
40;2021-04-29;2604;1892;115985;47991;28.2;11.6
40;2021-04-30;2685;1610;118670;49601;28.8;12.0
40;2021-05-01;1225;777;119895;50378;29.1;12.2
40;2021-05-02;142;321;120037;50699;29.1;12.3
40;2021-05-03;1856;1498;121893;52197;29.6;12.7
40;2021-05-04;1879;2467;123772;54664;30.0;13.3
40;2021-05-05;2187;2670;125959;57334;30.6;13.9
40;2021-05-06;2233;2861;128192;60195;31.1;14.6
40;2021-05-07;1904;3006;130096;63201;31.6;15.3
40;2021-05-08;674;466;130770;63667;31.7;15.5
40;2021-05-09;315;20;131085;63687;31.8;15.5
40;2021-05-10;1399;2052;132484;65739;32.2;16.0
40;2021-05-11;2192;2508;134676;68247;32.7;16.6
40;2021-05-12;2728;1939;137404;70186;33.4;17.0
40;2021-05-13;1983;513;139387;70699;33.8;17.2
40;2021-05-14;2322;1652;141709;72351;34.4;17.6
40;2021-05-15;1339;962;143048;73313;34.7;17.8
40;2021-05-16;435;25;143483;73338;34.8;17.8
40;2021-05-17;2116;1313;145599;74651;35.3;18.1
40;2021-05-18;2509;1412;148108;76063;36.0;18.5
40;2021-05-19;2954;1097;151062;77160;36.7;18.7
40;2021-05-20;3581;1165;154643;78325;37.5;19.0
40;2021-05-21;2923;1328;157566;79653;38.2;19.3
40;2021-05-22;1146;796;158712;80449;38.5;19.5
40;2021-05-23;630;28;159342;80477;38.7;19.5
40;2021-05-24;1208;331;160550;80808;39.0;19.6
40;2021-05-25;2165;1301;162715;82109;39.5;19.9
40;2021-05-26;2613;1557;165328;83666;40.1;20.3
40;2021-05-27;2732;2007;168060;85673;40.8;20.8
40;2021-05-28;2566;2272;170626;87945;41.4;21.3
40;2021-05-29;1542;1251;172168;89196;41.8;21.7
40;2021-05-30;2;52;172170;89248;41.8;21.7
40;2021-05-31;2561;1205;174731;90453;42.4;22.0
40;2021-06-01;3010;1769;177741;92222;43.1;22.4
40;2021-06-02;3172;1983;180913;94205;43.9;22.9
40;2021-06-03;3591;2332;184504;96537;44.8;23.4
40;2021-06-04;3013;2803;187517;99340;45.5;24.1
40;2021-06-05;1776;1393;189293;100733;45.9;24.5
40;2021-06-06;455;78;189748;100811;46.1;24.5
40;2021-06-07;2184;2025;191932;102836;46.6;25.0
40;2021-06-08;2943;2099;194875;104935;47.3;25.5
40;2021-06-09;3210;2257;198085;107192;48.1;26.0
40;2021-06-10;2989;2088;201074;109280;48.8;26.5
40;2021-06-11;3132;2794;204206;112074;49.6;27.2
40;2021-06-12;1960;1637;206166;113711;50.0;27.6
40;2021-06-13;642;159;206808;113870;50.2;27.6
40;2021-06-14;1453;2495;208261;116365;50.6;28.2
40;2021-06-15;2229;2817;210490;119182;51.1;28.9
40;2021-06-16;2593;2454;213083;121636;51.7;29.5
40;2021-06-17;2427;2435;215510;124071;52.3;30.1
40;2021-06-18;2311;2908;217821;126979;52.9;30.8
40;2021-06-19;1791;1228;219612;128207;53.3;31.1
40;2021-06-20;343;275;219955;128482;53.4;31.2
40;2021-06-21;1385;2322;221340;130804;53.7;31.8
40;2021-06-22;1676;2995;223016;133799;54.1;32.5
40;2021-06-23;1593;3347;224609;137146;54.5;33.3
40;2021-06-24;1717;2376;226326;139522;54.9;33.9
40;2021-06-25;1739;3258;228065;142780;55.4;34.7
40;2021-06-26;1323;1713;229388;144493;55.7;35.1
40;2021-06-27;258;355;229646;144848;55.7;35.2
40;2021-06-28;1328;2824;230974;147672;56.1;35.8
40;2021-06-29;1690;3385;232664;151057;56.5;36.7
40;2021-06-30;1757;3637;234421;154694;56.9;37.5
40;2021-07-01;1688;3945;236109;158639;57.3;38.5
40;2021-07-02;1537;3814;237646;162453;57.7;39.4
40;2021-07-03;663;1922;238309;164375;57.8;39.9
40;2021-07-04;216;483;238525;164858;57.9;40.0
40;2021-07-05;1453;3020;239978;167878;58.3;40.7
40;2021-07-06;1735;3609;241713;171487;58.7;41.6
40;2021-07-07;1942;3844;243655;175331;59.1;42.6
40;2021-07-08;2052;3401;245707;178732;59.6;43.4
40;2021-07-09;1875;3940;247582;182672;60.1;44.3
40;2021-07-10;989;2158;248571;184830;60.3;44.9
40;2021-07-11;201;294;248772;185124;60.4;44.9
40;2021-07-12;1296;4042;250068;189166;60.7;45.9
40;2021-07-13;2402;4690;252470;193856;61.3;47.1
40;2021-07-14;2166;2050;254636;195906;61.8;47.6
40;2021-07-15;2809;4850;257445;200756;62.5;48.7
40;2021-07-16;3249;3936;260694;204692;63.3;49.7
40;2021-07-17;2094;2586;262788;207278;63.8;50.3
40;2021-07-18;461;540;263249;207818;63.9;50.4
40;2021-07-19;2551;3696;265800;211514;64.5;51.3
40;2021-07-20;3019;4048;268819;215562;65.3;52.3
40;2021-07-21;3152;3862;271971;219424;66.0;53.3
40;2021-07-22;3732;3888;275703;223312;66.9;54.2
41;2020-12-27;0;0;0;0;0.0;0.0
41;2020-12-28;0;0;0;0;0.0;0.0
41;2020-12-29;0;0;0;0;0.0;0.0
41;2020-12-30;0;0;0;0;0.0;0.0
41;2020-12-31;0;0;0;0;0.0;0.0
41;2021-01-01;0;0;0;0;0.0;0.0
41;2021-01-02;0;0;0;0;0.0;0.0
41;2021-01-03;0;0;0;0;0.0;0.0
41;2021-01-04;0;0;0;0;0.0;0.0
41;2021-01-05;35;0;35;0;0.0;0.0
41;2021-01-06;72;0;107;0;0.0;0.0
41;2021-01-07;21;0;128;0;0.0;0.0
41;2021-01-08;1;0;129;0;0.0;0.0
41;2021-01-09;0;0;129;0;0.0;0.0
41;2021-01-10;0;0;129;0;0.0;0.0
41;2021-01-11;133;0;262;0;0.1;0.0
41;2021-01-12;321;1;583;1;0.2;0.0
41;2021-01-13;270;0;853;1;0.3;0.0
41;2021-01-14;281;1;1134;2;0.3;0.0
41;2021-01-15;213;1;1347;3;0.4;0.0
41;2021-01-16;0;0;1347;3;0.4;0.0
41;2021-01-17;0;0;1347;3;0.4;0.0
41;2021-01-18;397;1;1744;4;0.5;0.0
41;2021-01-19;856;0;2600;4;0.8;0.0
41;2021-01-20;1055;1;3655;5;1.1;0.0
41;2021-01-21;1567;1;5222;6;1.6;0.0
41;2021-01-22;835;0;6057;6;1.8;0.0
41;2021-01-23;92;0;6149;6;1.9;0.0
41;2021-01-24;0;0;6149;6;1.9;0.0
41;2021-01-25;421;1;6570;7;2.0;0.0
41;2021-01-26;471;0;7041;7;2.1;0.0
41;2021-01-27;437;1;7478;8;2.3;0.0
41;2021-01-28;604;56;8082;64;2.5;0.0
41;2021-01-29;258;30;8340;94;2.5;0.0
41;2021-01-30;0;0;8340;94;2.5;0.0
41;2021-01-31;0;0;8340;94;2.5;0.0
41;2021-02-01;349;149;8689;243;2.7;0.1
41;2021-02-02;470;231;9159;474;2.8;0.1
41;2021-02-03;341;202;9500;676;2.9;0.2
41;2021-02-04;559;154;10059;830;3.1;0.3
41;2021-02-05;329;191;10388;1021;3.2;0.3
41;2021-02-06;4;0;10392;1021;3.2;0.3
41;2021-02-07;1;0;10393;1021;3.2;0.3
41;2021-02-08;306;311;10699;1332;3.3;0.4
41;2021-02-09;598;454;11297;1786;3.4;0.5
41;2021-02-10;486;696;11783;2482;3.6;0.8
41;2021-02-11;1065;1154;12848;3636;3.9;1.1
41;2021-02-12;690;353;13538;3989;4.1;1.2
41;2021-02-13;9;5;13547;3994;4.1;1.2
41;2021-02-14;0;27;13547;4021;4.1;1.2
41;2021-02-15;314;307;13861;4328;4.2;1.3
41;2021-02-16;354;564;14215;4892;4.3;1.5
41;2021-02-17;318;460;14533;5352;4.4;1.6
41;2021-02-18;617;318;15150;5670;4.6;1.7
41;2021-02-19;453;334;15603;6004;4.8;1.8
41;2021-02-20;68;58;15671;6062;4.8;1.8
41;2021-02-21;0;0;15671;6062;4.8;1.8
41;2021-02-22;310;429;15981;6491;4.9;2.0
41;2021-02-23;454;353;16435;6844;5.0;2.1
41;2021-02-24;281;447;16716;7291;5.1;2.2
41;2021-02-25;674;456;17390;7747;5.3;2.4
41;2021-02-26;629;251;18019;7998;5.5;2.4
41;2021-02-27;161;4;18180;8002;5.5;2.4
41;2021-02-28;2;31;18182;8033;5.5;2.5
41;2021-03-01;309;344;18491;8377;5.6;2.6
41;2021-03-02;645;448;19136;8825;5.8;2.7
41;2021-03-03;497;437;19633;9262;6.0;2.8
41;2021-03-04;782;836;20415;10098;6.2;3.1
41;2021-03-05;838;670;21253;10768;6.5;3.3
41;2021-03-06;715;17;21968;10785;6.7;3.3
41;2021-03-07;497;13;22465;10798;6.9;3.3
41;2021-03-08;297;377;22762;11175;6.9;3.4
41;2021-03-09;1042;450;23804;11625;7.3;3.5
41;2021-03-10;721;455;24525;12080;7.5;3.7
41;2021-03-11;1181;676;25706;12756;7.8;3.9
41;2021-03-12;1114;407;26820;13163;8.2;4.0
41;2021-03-13;1221;7;28041;13170;8.6;4.0
41;2021-03-14;392;3;28433;13173;8.7;4.0
41;2021-03-15;795;350;29228;13523;8.9;4.1
41;2021-03-16;1058;404;30286;13927;9.2;4.2
41;2021-03-17;587;240;30873;14167;9.4;4.3
41;2021-03-18;925;405;31798;14572;9.7;4.4
41;2021-03-19;910;331;32708;14903;10.0;4.5
41;2021-03-20;539;16;33247;14919;10.1;4.6
41;2021-03-21;1;0;33248;14919;10.1;4.6
41;2021-03-22;808;265;34056;15184;10.4;4.6
41;2021-03-23;1307;490;35363;15674;10.8;4.8
41;2021-03-24;1231;363;36594;16037;11.2;4.9
41;2021-03-25;2026;432;38620;16469;11.8;5.0
41;2021-03-26;1655;321;40275;16790;12.3;5.1
41;2021-03-27;452;56;40727;16846;12.4;5.1
41;2021-03-28;1;0;40728;16846;12.4;5.1
41;2021-03-29;938;303;41666;17149;12.7;5.2
41;2021-03-30;1497;588;43163;17737;13.2;5.4
41;2021-03-31;1146;474;44309;18211;13.5;5.6
41;2021-04-01;2248;555;46557;18766;14.2;5.7
41;2021-04-02;1241;470;47798;19236;14.6;5.9
41;2021-04-03;320;6;48118;19242;14.7;5.9
41;2021-04-04;36;0;48154;19242;14.7;5.9
41;2021-04-05;139;2;48293;19244;14.7;5.9
41;2021-04-06;1297;619;49590;19863;15.1;6.1
41;2021-04-07;1850;696;51440;20559;15.7;6.3
41;2021-04-08;2290;910;53730;21469;16.4;6.5
41;2021-04-09;2566;601;56296;22070;17.2;6.7
41;2021-04-10;951;496;57247;22566;17.5;6.9
41;2021-04-11;275;376;57522;22942;17.5;7.0
41;2021-04-12;1685;641;59207;23583;18.1;7.2
41;2021-04-13;2261;974;61468;24557;18.7;7.5
41;2021-04-14;1792;545;63260;25102;19.3;7.7
41;2021-04-15;2384;966;65644;26068;20.0;8.0
41;2021-04-16;1929;620;67573;26688;20.6;8.1
41;2021-04-17;647;134;68220;26822;20.8;8.2
41;2021-04-18;5;1;68225;26823;20.8;8.2
41;2021-04-19;1263;677;69488;27500;21.2;8.4
41;2021-04-20;2004;1166;71492;28666;21.8;8.7
41;2021-04-21;1502;895;72994;29561;22.3;9.0
41;2021-04-22;2235;1582;75229;31143;22.9;9.5
41;2021-04-23;1731;1069;76960;32212;23.5;9.8
41;2021-04-24;1542;270;78502;32482;23.9;9.9
41;2021-04-25;1007;19;79509;32501;24.3;9.9
41;2021-04-26;1356;624;80865;33125;24.7;10.1
41;2021-04-27;2093;1037;82958;34162;25.3;10.4
41;2021-04-28;1560;853;84518;35015;25.8;10.7
41;2021-04-29;2209;1372;86727;36387;26.5;11.1
41;2021-04-30;1961;854;88688;37241;27.1;11.4
41;2021-05-01;184;11;88872;37252;27.1;11.4
41;2021-05-02;107;17;88979;37269;27.1;11.4
41;2021-05-03;1866;888;90845;38157;27.7;11.6
41;2021-05-04;2093;1539;92938;39696;28.3;12.1
41;2021-05-05;1881;1189;94819;40885;28.9;12.5
41;2021-05-06;2449;1693;97268;42578;29.7;13.0
41;2021-05-07;2017;1794;99285;44372;30.3;13.5
41;2021-05-08;199;152;99484;44524;30.3;13.6
41;2021-05-09;10;354;99494;44878;30.3;13.7
41;2021-05-10;1586;1555;101080;46433;30.8;14.2
41;2021-05-11;2091;2098;103171;48531;31.5;14.8
41;2021-05-12;1952;1670;105123;50201;32.1;15.3
41;2021-05-13;1484;943;106607;51144;32.5;15.6
41;2021-05-14;1575;1303;108182;52447;33.0;16.0
41;2021-05-15;206;294;108388;52741;33.1;16.1
41;2021-05-16;4;0;108392;52741;33.1;16.1
41;2021-05-17;2483;558;110875;53299;33.8;16.3
41;2021-05-18;3138;1023;114013;54322;34.8;16.6
41;2021-05-19;2553;667;116566;54989;35.6;16.8
41;2021-05-20;3349;1150;119915;56139;36.6;17.1
41;2021-05-21;2721;965;122636;57104;37.4;17.4
41;2021-05-22;396;236;123032;57340;37.5;17.5
41;2021-05-23;6;2;123038;57342;37.5;17.5
41;2021-05-24;2605;145;125643;57487;38.3;17.5
41;2021-05-25;2989;574;128632;58061;39.2;17.7
41;2021-05-26;3037;642;131669;58703;40.2;17.9
41;2021-05-27;3297;1107;134966;59810;41.2;18.2
41;2021-05-28;3144;982;138110;60792;42.1;18.5
41;2021-05-29;2075;428;140185;61220;42.8;18.7
41;2021-05-30;341;21;140526;61241;42.9;18.7
41;2021-05-31;1710;1514;142236;62755;43.4;19.1
41;2021-06-01;2260;2013;144496;64768;44.1;19.8
41;2021-06-02;1832;1290;146328;66058;44.6;20.1
41;2021-06-03;2596;1940;148924;67998;45.4;20.7
41;2021-06-04;2306;1963;151230;69961;46.1;21.3
41;2021-06-05;611;1582;151841;71543;46.3;21.8
41;2021-06-06;108;927;151949;72470;46.3;22.1
41;2021-06-07;1517;1533;153466;74003;46.8;22.6
41;2021-06-08;1711;2413;155177;76416;47.3;23.3
41;2021-06-09;1615;1644;156792;78060;47.8;23.8
41;2021-06-10;1918;1818;158710;79878;48.4;24.4
41;2021-06-11;1571;1797;160281;81675;48.9;24.9
41;2021-06-12;661;649;160942;82324;49.1;25.1
41;2021-06-13;12;77;160954;82401;49.1;25.1
41;2021-06-14;1266;1966;162220;84367;49.5;25.7
41;2021-06-15;1832;2764;164052;87131;50.0;26.6
41;2021-06-16;1722;2311;165774;89442;50.6;27.3
41;2021-06-17;1810;2578;167584;92020;51.1;28.1
41;2021-06-18;1663;2395;169247;94415;51.6;28.8
41;2021-06-19;412;531;169659;94946;51.8;29.0
41;2021-06-20;11;32;169670;94978;51.8;29.0
41;2021-06-21;1323;1779;170993;96757;52.2;29.5
41;2021-06-22;1613;2568;172606;99325;52.7;30.3
41;2021-06-23;1373;2040;173979;101365;53.1;30.9
41;2021-06-24;1477;2320;175456;103685;53.5;31.6
41;2021-06-25;1291;2622;176747;106307;53.9;32.4
41;2021-06-26;432;613;177179;106920;54.0;32.6
41;2021-06-27;0;4;177179;106924;54.0;32.6
41;2021-06-28;403;2713;177582;109637;54.2;33.4
41;2021-06-29;662;3450;178244;113087;54.4;34.5
41;2021-06-30;549;3072;178793;116159;54.5;35.4
41;2021-07-01;765;3112;179558;119271;54.8;36.4
41;2021-07-02;588;3506;180146;122777;55.0;37.5
41;2021-07-03;157;647;180303;123424;55.0;37.6
41;2021-07-04;1;2;180304;123426;55.0;37.6
41;2021-07-05;287;2828;180591;126254;55.1;38.5
41;2021-07-06;664;3639;181255;129893;55.3;39.6
41;2021-07-07;477;3138;181732;133031;55.4;40.6
41;2021-07-08;942;3381;182674;136412;55.7;41.6
41;2021-07-09;528;3643;183202;140055;55.9;42.7
41;2021-07-10;246;2087;183448;142142;56.0;43.4
41;2021-07-11;7;281;183455;142423;56.0;43.4
41;2021-07-12;857;2296;184312;144719;56.2;44.1
41;2021-07-13;1194;3286;185506;148005;56.6;45.1
41;2021-07-14;140;1081;185646;149086;56.6;45.5
41;2021-07-15;1325;3322;186971;152408;57.0;46.5
41;2021-07-16;1087;3394;188058;155802;57.4;47.5
41;2021-07-17;340;806;188398;156608;57.5;47.8
41;2021-07-18;23;32;188421;156640;57.5;47.8
41;2021-07-19;1188;2315;189609;158955;57.8;48.5
41;2021-07-20;1635;2739;191244;161694;58.3;49.3
41;2021-07-21;1702;2083;192946;163777;58.9;50.0
41;2021-07-22;2231;2281;195177;166058;59.5;50.7
42;2020-12-27;0;0;0;0;0.0;0.0
42;2020-12-28;0;0;0;0;0.0;0.0
42;2020-12-29;0;0;0;0;0.0;0.0
42;2020-12-30;0;0;0;0;0.0;0.0
42;2020-12-31;0;0;0;0;0.0;0.0
42;2021-01-01;0;0;0;0;0.0;0.0
42;2021-01-02;0;0;0;0;0.0;0.0
42;2021-01-03;0;0;0;0;0.0;0.0
42;2021-01-04;0;0;0;0;0.0;0.0
42;2021-01-05;1;0;1;0;0.0;0.0
42;2021-01-06;178;1;179;1;0.0;0.0
42;2021-01-07;254;0;433;1;0.1;0.0
42;2021-01-08;262;1;695;2;0.1;0.0
42;2021-01-09;136;0;831;2;0.1;0.0
42;2021-01-10;0;0;831;2;0.1;0.0
42;2021-01-11;293;2;1124;4;0.1;0.0
42;2021-01-12;412;1;1536;5;0.2;0.0
42;2021-01-13;526;2;2062;7;0.3;0.0
42;2021-01-14;754;4;2816;11;0.4;0.0
42;2021-01-15;704;2;3520;13;0.5;0.0
42;2021-01-16;297;1;3817;14;0.5;0.0
42;2021-01-17;219;0;4036;14;0.5;0.0
42;2021-01-18;967;1;5003;15;0.7;0.0
42;2021-01-19;1327;9;6330;24;0.8;0.0
42;2021-01-20;954;4;7284;28;1.0;0.0
42;2021-01-21;970;5;8254;33;1.1;0.0
42;2021-01-22;990;2;9244;35;1.2;0.0
42;2021-01-23;401;0;9645;35;1.3;0.0
42;2021-01-24;358;0;10003;35;1.3;0.0
42;2021-01-25;1098;9;11101;44;1.5;0.0
42;2021-01-26;1743;19;12844;63;1.7;0.0
42;2021-01-27;1455;123;14299;186;1.9;0.0
42;2021-01-28;1660;139;15959;325;2.1;0.0
42;2021-01-29;943;115;16902;440;2.2;0.1
42;2021-01-30;255;115;17157;555;2.2;0.1
42;2021-01-31;258;2;17415;557;2.3;0.1
42;2021-02-01;726;62;18141;619;2.4;0.1
42;2021-02-02;1749;289;19890;908;2.6;0.1
42;2021-02-03;1504;484;21394;1392;2.8;0.2
42;2021-02-04;1282;611;22676;2003;3.0;0.3
42;2021-02-05;684;525;23360;2528;3.1;0.3
42;2021-02-06;303;148;23663;2676;3.1;0.3
42;2021-02-07;275;152;23938;2828;3.1;0.4
42;2021-02-08;508;627;24446;3455;3.2;0.5
42;2021-02-09;703;799;25149;4254;3.3;0.6
42;2021-02-10;738;688;25887;4942;3.4;0.6
42;2021-02-11;764;673;26651;5615;3.5;0.7
42;2021-02-12;673;750;27324;6365;3.6;0.8
42;2021-02-13;426;300;27750;6665;3.6;0.9
42;2021-02-14;186;229;27936;6894;3.7;0.9
42;2021-02-15;520;817;28456;7711;3.7;1.0
42;2021-02-16;489;1244;28945;8955;3.8;1.2
42;2021-02-17;518;1538;29463;10493;3.9;1.4
42;2021-02-18;753;1377;30216;11870;4.0;1.6
42;2021-02-19;767;1014;30983;12884;4.1;1.7
42;2021-02-20;247;411;31230;13295;4.1;1.7
42;2021-02-21;63;328;31293;13623;4.1;1.8
42;2021-02-22;571;964;31864;14587;4.2;1.9
42;2021-02-23;1196;1411;33060;15998;4.3;2.1
42;2021-02-24;1229;1214;34289;17212;4.5;2.3
42;2021-02-25;1666;1405;35955;18617;4.7;2.4
42;2021-02-26;1642;903;37597;19520;4.9;2.6
42;2021-02-27;580;290;38177;19810;5.0;2.6
42;2021-02-28;167;125;38344;19935;5.0;2.6
42;2021-03-01;814;845;39158;20780;5.1;2.7
42;2021-03-02;1272;807;40430;21587;5.3;2.8
42;2021-03-03;1365;792;41795;22379;5.5;2.9
42;2021-03-04;1703;685;43498;23064;5.7;3.0
42;2021-03-05;2625;641;46123;23705;6.0;3.1
42;2021-03-06;1932;243;48055;23948;6.3;3.1
42;2021-03-07;1493;77;49548;24025;6.5;3.1
42;2021-03-08;1403;501;50951;24526;6.7;3.2
42;2021-03-09;1983;431;52934;24957;6.9;3.3
42;2021-03-10;2053;474;54987;25431;7.2;3.3
42;2021-03-11;3044;578;58031;26009;7.6;3.4
42;2021-03-12;3005;803;61036;26812;8.0;3.5
42;2021-03-13;1477;338;62513;27150;8.2;3.6
42;2021-03-14;471;173;62984;27323;8.2;3.6
42;2021-03-15;1570;583;64554;27906;8.4;3.6
42;2021-03-16;1461;764;66015;28670;8.6;3.7
42;2021-03-17;1715;1042;67730;29712;8.9;3.9
42;2021-03-18;1804;1012;69534;30724;9.1;4.0
42;2021-03-19;2562;660;72096;31384;9.4;4.1
42;2021-03-20;1671;215;73767;31599;9.6;4.1
42;2021-03-21;527;92;74294;31691;9.7;4.1
42;2021-03-22;1427;727;75721;32418;9.9;4.2
42;2021-03-23;2504;828;78225;33246;10.2;4.3
42;2021-03-24;2783;766;81008;34012;10.6;4.4
42;2021-03-25;3721;918;84729;34930;11.1;4.6
42;2021-03-26;3758;761;88487;35691;11.6;4.7
42;2021-03-27;1803;424;90290;36115;11.8;4.7
42;2021-03-28;1040;196;91330;36311;11.9;4.7
42;2021-03-29;2062;906;93392;37217;12.2;4.9
42;2021-03-30;3142;840;96534;38057;12.6;5.0
42;2021-03-31;2440;1041;98974;39098;12.9;5.1
42;2021-04-01;3388;1018;102362;40116;13.4;5.2
42;2021-04-02;2849;1197;105211;41313;13.8;5.4
42;2021-04-03;1414;595;106625;41908;13.9;5.5
42;2021-04-04;1400;378;108025;42286;14.1;5.5
42;2021-04-05;1900;280;109925;42566;14.4;5.6
42;2021-04-06;2293;1389;112218;43955;14.7;5.7
42;2021-04-07;2751;1799;114969;45754;15.0;6.0
42;2021-04-08;4021;1572;118990;47326;15.6;6.2
42;2021-04-09;5120;1492;124110;48818;16.2;6.4
42;2021-04-10;2581;739;126691;49557;16.6;6.5
42;2021-04-11;1955;411;128646;49968;16.8;6.5
42;2021-04-12;3687;1527;132333;51495;17.3;6.7
42;2021-04-13;4656;1773;136989;53268;17.9;7.0
42;2021-04-14;4302;1874;141291;55142;18.5;7.2
42;2021-04-15;4800;1777;146091;56919;19.1;7.4
42;2021-04-16;4613;1845;150704;58764;19.7;7.7
42;2021-04-17;2977;1061;153681;59825;20.1;7.8
42;2021-04-18;1883;410;155564;60235;20.3;7.9
42;2021-04-19;3088;1525;158652;61760;20.7;8.1
42;2021-04-20;3467;1926;162119;63686;21.2;8.3
42;2021-04-21;3469;1732;165588;65418;21.7;8.6
42;2021-04-22;3766;1928;169354;67346;22.1;8.8
42;2021-04-23;3832;1984;173186;69330;22.6;9.1
42;2021-04-24;2355;1498;175541;70828;23.0;9.3
42;2021-04-25;1655;940;177196;71768;23.2;9.4
42;2021-04-26;3274;1712;180470;73480;23.6;9.6
42;2021-04-27;3256;2187;183726;75667;24.0;9.9
42;2021-04-28;3463;2606;187189;78273;24.5;10.2
42;2021-04-29;3771;2789;190960;81062;25.0;10.6
42;2021-04-30;3357;3019;194317;84081;25.4;11.0
42;2021-05-01;2965;1035;197282;85116;25.8;11.1
42;2021-05-02;1934;1251;199216;86367;26.1;11.3
42;2021-05-03;2868;2758;202084;89125;26.4;11.7
42;2021-05-04;3420;3112;205504;92237;26.9;12.1
42;2021-05-05;3324;3382;208828;95619;27.3;12.5
42;2021-05-06;3886;3752;212714;99371;27.8;13.0
42;2021-05-07;3729;4028;216443;103399;28.3;13.5
42;2021-05-08;3164;1053;219607;104452;28.7;13.7
42;2021-05-09;1506;2208;221113;106660;28.9;13.9
42;2021-05-10;3246;3813;224359;110473;29.3;14.4
42;2021-05-11;5575;3899;229934;114372;30.1;15.0
42;2021-05-12;5337;3558;235271;117930;30.8;15.4
42;2021-05-13;5455;1126;240726;119056;31.5;15.6
42;2021-05-14;5245;2918;245971;121974;32.2;15.9
42;2021-05-15;4878;2105;250849;124079;32.8;16.2
42;2021-05-16;2868;1036;253717;125115;33.2;16.4
42;2021-05-17;5886;2833;259603;127948;33.9;16.7
42;2021-05-18;6250;2977;265853;130925;34.8;17.1
42;2021-05-19;6523;2745;272376;133670;35.6;17.5
42;2021-05-20;7107;2881;279483;136551;36.5;17.9
42;2021-05-21;6352;3255;285835;139806;37.4;18.3
42;2021-05-22;5838;2117;291673;141923;38.1;18.6
42;2021-05-23;2833;867;294506;142790;38.5;18.7
42;2021-05-24;5249;1410;299755;144200;39.2;18.9
42;2021-05-25;5150;3943;304905;148143;39.9;19.4
42;2021-05-26;5151;3438;310056;151581;40.5;19.8
42;2021-05-27;5362;3626;315418;155207;41.2;20.3
42;2021-05-28;5038;4192;320456;159399;41.9;20.8
42;2021-05-29;4335;2978;324791;162377;42.5;21.2
42;2021-05-30;1979;1210;326770;163587;42.7;21.4
42;2021-05-31;4240;3422;331010;167009;43.3;21.8
42;2021-06-01;4589;3567;335599;170576;43.9;22.3
42;2021-06-02;4461;2997;340060;173573;44.5;22.7
42;2021-06-03;4921;3829;344981;177402;45.1;23.2
42;2021-06-04;4765;4215;349746;181617;45.7;23.7
42;2021-06-05;3687;2424;353433;184041;46.2;24.1
42;2021-06-06;1445;1292;354878;185333;46.4;24.2
42;2021-06-07;3982;3370;358860;188703;46.9;24.7
42;2021-06-08;3459;3233;362319;191936;47.4;25.1
42;2021-06-09;2955;3195;365274;195131;47.8;25.5
42;2021-06-10;3238;2928;368512;198059;48.2;25.9
42;2021-06-11;3578;4119;372090;202178;48.7;26.4
42;2021-06-12;2851;2875;374941;205053;49.0;26.8
42;2021-06-13;940;1274;375881;206327;49.2;27.0
42;2021-06-14;2301;4063;378182;210390;49.5;27.5
42;2021-06-15;2827;4062;381009;214452;49.8;28.0
42;2021-06-16;2904;3541;383913;217993;50.2;28.5
42;2021-06-17;2634;3741;386547;221734;50.5;29.0
42;2021-06-18;3079;5146;389626;226880;50.9;29.7
42;2021-06-19;2829;4245;392455;231125;51.3;30.2
42;2021-06-20;856;1841;393311;232966;51.4;30.5
42;2021-06-21;1895;6274;395206;239240;51.7;31.3
42;2021-06-22;1869;5905;397075;245145;51.9;32.1
42;2021-06-23;1831;5320;398906;250465;52.2;32.8
42;2021-06-24;1773;4678;400679;255143;52.4;33.4
42;2021-06-25;2020;6956;402699;262099;52.7;34.3
42;2021-06-26;1394;5823;404093;267922;52.8;35.0
42;2021-06-27;756;2854;404849;270776;52.9;35.4
42;2021-06-28;1732;7067;406581;277843;53.2;36.3
42;2021-06-29;1522;6566;408103;284409;53.4;37.2
42;2021-06-30;1950;5768;410053;290177;53.6;37.9
42;2021-07-01;1759;5116;411812;295293;53.9;38.6
42;2021-07-02;2024;6743;413836;302036;54.1;39.5
42;2021-07-03;1738;5972;415574;308008;54.3;40.3
42;2021-07-04;846;2508;416420;310516;54.5;40.6
42;2021-07-05;1697;6290;418117;316806;54.7;41.4
42;2021-07-06;2097;5571;420214;322377;54.9;42.2
42;2021-07-07;2306;4656;422520;327033;55.3;42.8
42;2021-07-08;2259;3951;424779;330984;55.5;43.3
42;2021-07-09;2355;6094;427134;337078;55.9;44.1
42;2021-07-10;1688;5580;428822;342658;56.1;44.8
42;2021-07-11;916;2291;429738;344949;56.2;45.1
42;2021-07-12;1751;6279;431489;351228;56.4;45.9
42;2021-07-13;3577;6271;435066;357499;56.9;46.7
42;2021-07-14;4459;2040;439525;359539;57.5;47.0
42;2021-07-15;4516;5596;444041;365135;58.1;47.7
42;2021-07-16;4328;6172;448369;371307;58.6;48.6
42;2021-07-17;3186;4683;451555;375990;59.0;49.2
42;2021-07-18;1830;1732;453385;377722;59.3;49.4
42;2021-07-19;3775;5028;457160;382750;59.8;50.0
42;2021-07-20;4684;4837;461844;387587;60.4;50.7
42;2021-07-21;5119;4663;466963;392250;61.1;51.3
42;2021-07-22;5342;3856;472305;396106;61.8;51.8
43;2020-12-27;0;0;0;0;0.0;0.0
43;2020-12-28;0;0;0;0;0.0;0.0
43;2020-12-29;0;0;0;0;0.0;0.0
43;2020-12-30;0;0;0;0;0.0;0.0
43;2020-12-31;0;0;0;0;0.0;0.0
43;2021-01-01;0;0;0;0;0.0;0.0
43;2021-01-02;0;0;0;0;0.0;0.0
43;2021-01-03;0;0;0;0;0.0;0.0
43;2021-01-04;1;0;1;0;0.0;0.0
43;2021-01-05;0;0;1;0;0.0;0.0
43;2021-01-06;0;0;1;0;0.0;0.0
43;2021-01-07;167;0;168;0;0.1;0.0
43;2021-01-08;151;0;319;0;0.1;0.0
43;2021-01-09;0;0;319;0;0.1;0.0
43;2021-01-10;0;0;319;0;0.1;0.0
43;2021-01-11;137;0;456;0;0.2;0.0
43;2021-01-12;244;1;700;1;0.3;0.0
43;2021-01-13;244;1;944;2;0.4;0.0
43;2021-01-14;293;1;1237;3;0.5;0.0
43;2021-01-15;303;2;1540;5;0.7;0.0
43;2021-01-16;32;0;1572;5;0.7;0.0
43;2021-01-17;0;0;1572;5;0.7;0.0
43;2021-01-18;760;5;2332;10;1.0;0.0
43;2021-01-19;777;6;3109;16;1.4;0.0
43;2021-01-20;517;0;3626;16;1.6;0.0
43;2021-01-21;446;1;4072;17;1.8;0.0
43;2021-01-22;465;8;4537;25;2.0;0.0
43;2021-01-23;1;0;4538;25;2.0;0.0
43;2021-01-24;1;0;4539;25;2.0;0.0
43;2021-01-25;539;0;5078;25;2.2;0.0
43;2021-01-26;615;3;5693;28;2.5;0.0
43;2021-01-27;740;0;6433;28;2.8;0.0
43;2021-01-28;747;32;7180;60;3.2;0.0
43;2021-01-29;719;85;7899;145;3.5;0.1
43;2021-01-30;109;0;8008;145;3.5;0.1
43;2021-01-31;0;0;8008;145;3.5;0.1
43;2021-02-01;403;100;8411;245;3.7;0.1
43;2021-02-02;709;151;9120;396;4.0;0.2
43;2021-02-03;691;43;9811;439;4.3;0.2
43;2021-02-04;523;171;10334;610;4.6;0.3
43;2021-02-05;543;173;10877;783;4.8;0.3
43;2021-02-06;163;19;11040;802;4.9;0.4
43;2021-02-07;0;0;11040;802;4.9;0.4
43;2021-02-08;411;304;11451;1106;5.0;0.5
43;2021-02-09;369;435;11820;1541;5.2;0.7
43;2021-02-10;399;361;12219;1902;5.4;0.8
43;2021-02-11;390;395;12609;2297;5.6;1.0
43;2021-02-12;426;200;13035;2497;5.7;1.1
43;2021-02-13;572;35;13607;2532;6.0;1.1
43;2021-02-14;0;0;13607;2532;6.0;1.1
43;2021-02-15;68;480;13675;3012;6.0;1.3
43;2021-02-16;41;374;13716;3386;6.0;1.5
43;2021-02-17;87;483;13803;3869;6.1;1.7
43;2021-02-18;147;381;13950;4250;6.1;1.9
43;2021-02-19;277;508;14227;4758;6.3;2.1
43;2021-02-20;22;4;14249;4762;6.3;2.1
43;2021-02-21;0;0;14249;4762;6.3;2.1
43;2021-02-22;16;504;14265;5266;6.3;2.3
43;2021-02-23;202;799;14467;6065;6.4;2.7
43;2021-02-24;147;715;14614;6780;6.4;3.0
43;2021-02-25;227;688;14841;7468;6.5;3.3
43;2021-02-26;222;685;15063;8153;6.6;3.6
43;2021-02-27;138;74;15201;8227;6.7;3.6
43;2021-02-28;1;0;15202;8227;6.7;3.6
43;2021-03-01;210;478;15412;8705;6.8;3.8
43;2021-03-02;342;579;15754;9284;6.9;4.1
43;2021-03-03;337;612;16091;9896;7.1;4.4
43;2021-03-04;551;457;16642;10353;7.3;4.6
43;2021-03-05;566;447;17208;10800;7.6;4.8
43;2021-03-06;489;177;17697;10977;7.8;4.8
43;2021-03-07;12;0;17709;10977;7.8;4.8
43;2021-03-08;445;441;18154;11418;8.0;5.0
43;2021-03-09;621;344;18775;11762;8.3;5.2
43;2021-03-10;673;489;19448;12251;8.6;5.4
43;2021-03-11;953;435;20401;12686;9.0;5.6
43;2021-03-12;945;415;21346;13101;9.4;5.8
43;2021-03-13;792;109;22138;13210;9.8;5.8
43;2021-03-14;2;0;22140;13210;9.8;5.8
43;2021-03-15;706;138;22846;13348;10.1;5.9
43;2021-03-16;846;272;23692;13620;10.4;6.0
43;2021-03-17;638;130;24330;13750;10.7;6.1
43;2021-03-18;675;127;25005;13877;11.0;6.1
43;2021-03-19;838;96;25843;13973;11.4;6.2
43;2021-03-20;450;59;26293;14032;11.6;6.2
43;2021-03-21;0;0;26293;14032;11.6;6.2
43;2021-03-22;743;32;27036;14064;11.9;6.2
43;2021-03-23;870;30;27906;14094;12.3;6.2
43;2021-03-24;1172;67;29078;14161;12.8;6.2
43;2021-03-25;1594;133;30672;14294;13.5;6.3
43;2021-03-26;1609;176;32281;14470;14.2;6.4
43;2021-03-27;1448;67;33729;14537;14.9;6.4
43;2021-03-28;420;20;34149;14557;15.1;6.4
43;2021-03-29;1094;163;35243;14720;15.5;6.5
43;2021-03-30;1312;233;36555;14953;16.1;6.6
43;2021-03-31;1305;244;37860;15197;16.7;6.7
43;2021-04-01;1345;330;39205;15527;17.3;6.8
43;2021-04-02;1051;344;40256;15871;17.7;7.0
43;2021-04-03;337;192;40593;16063;17.9;7.1
43;2021-04-04;0;0;40593;16063;17.9;7.1
43;2021-04-05;3;0;40596;16063;17.9;7.1
43;2021-04-06;687;601;41283;16664;18.2;7.3
43;2021-04-07;867;568;42150;17232;18.6;7.6
43;2021-04-08;1084;450;43234;17682;19.1;7.8
43;2021-04-09;1147;645;44381;18327;19.6;8.1
43;2021-04-10;625;259;45006;18586;19.8;8.2
43;2021-04-11;0;0;45006;18586;19.8;8.2
43;2021-04-12;681;647;45687;19233;20.1;8.5
43;2021-04-13;917;717;46604;19950;20.5;8.8
43;2021-04-14;722;663;47326;20613;20.9;9.1
43;2021-04-15;958;691;48284;21304;21.3;9.4
43;2021-04-16;1006;684;49290;21988;21.7;9.7
43;2021-04-17;423;301;49713;22289;21.9;9.8
43;2021-04-18;3;5;49716;22294;21.9;9.8
43;2021-04-19;629;559;50345;22853;22.2;10.1
43;2021-04-20;840;665;51185;23518;22.6;10.4
43;2021-04-21;321;987;51506;24505;22.7;10.8
43;2021-04-22;678;1009;52184;25514;23.0;11.2
43;2021-04-23;401;1095;52585;26609;23.2;11.7
43;2021-04-24;347;1035;52932;27644;23.3;12.2
43;2021-04-25;23;403;52955;28047;23.3;12.4
43;2021-04-26;384;966;53339;29013;23.5;12.8
43;2021-04-27;824;989;54163;30002;23.9;13.2
43;2021-04-28;794;1099;54957;31101;24.2;13.7
43;2021-04-29;1236;1136;56193;32237;24.8;14.2
43;2021-04-30;1199;1059;57392;33296;25.3;14.7
43;2021-05-01;400;19;57792;33315;25.5;14.7
43;2021-05-02;1;0;57793;33315;25.5;14.7
43;2021-05-03;1216;395;59009;33710;26.0;14.9
43;2021-05-04;1236;944;60245;34654;26.6;15.3
43;2021-05-05;1144;846;61389;35500;27.1;15.6
43;2021-05-06;1403;935;62792;36435;27.7;16.1
43;2021-05-07;1090;1167;63882;37602;28.2;16.6
43;2021-05-08;518;135;64400;37737;28.4;16.6
43;2021-05-09;0;2;64400;37739;28.4;16.6
43;2021-05-10;1085;719;65485;38458;28.9;16.9
43;2021-05-11;1554;1002;67039;39460;29.5;17.4
43;2021-05-12;1480;806;68519;40266;30.2;17.7
43;2021-05-13;935;379;69454;40645;30.6;17.9
43;2021-05-14;2201;1097;71655;41742;31.6;18.4
43;2021-05-15;1269;317;72924;42059;32.1;18.5
43;2021-05-16;271;47;73195;42106;32.3;18.6
43;2021-05-17;1623;621;74818;42727;33.0;18.8
43;2021-05-18;1966;666;76784;43393;33.8;19.1
43;2021-05-19;2069;568;78853;43961;34.8;19.4
43;2021-05-20;2336;795;81189;44756;35.8;19.7
43;2021-05-21;2382;704;83571;45460;36.8;20.0
43;2021-05-22;1208;340;84779;45800;37.4;20.2
43;2021-05-23;1;0;84780;45800;37.4;20.2
43;2021-05-24;381;100;85161;45900;37.5;20.2
43;2021-05-25;1406;651;86567;46551;38.2;20.5
43;2021-05-26;1349;555;87916;47106;38.7;20.8
43;2021-05-27;1389;711;89305;47817;39.4;21.1
43;2021-05-28;1347;730;90652;48547;40.0;21.4
43;2021-05-29;1135;597;91787;49144;40.5;21.7
43;2021-05-30;149;16;91936;49160;40.5;21.7
43;2021-05-31;1207;443;93143;49603;41.1;21.9
43;2021-06-01;1279;983;94422;50586;41.6;22.3
43;2021-06-02;1085;692;95507;51278;42.1;22.6
43;2021-06-03;1194;856;96701;52134;42.6;23.0
43;2021-06-04;1347;859;98048;52993;43.2;23.4
43;2021-06-05;822;450;98870;53443;43.6;23.6
43;2021-06-06;10;5;98880;53448;43.6;23.6
43;2021-06-07;746;515;99626;53963;43.9;23.8
43;2021-06-08;664;702;100290;54665;44.2;24.1
43;2021-06-09;539;758;100829;55423;44.4;24.4
43;2021-06-10;806;1116;101635;56539;44.8;24.9
43;2021-06-11;758;1347;102393;57886;45.1;25.5
43;2021-06-12;911;514;103304;58400;45.5;25.7
43;2021-06-13;3;27;103307;58427;45.5;25.7
43;2021-06-14;447;1085;103754;59512;45.7;26.2
43;2021-06-15;628;1193;104382;60705;46.0;26.8
43;2021-06-16;548;975;104930;61680;46.2;27.2
43;2021-06-17;595;1499;105525;63179;46.5;27.8
43;2021-06-18;898;1461;106423;64640;46.9;28.5
43;2021-06-19;446;778;106869;65418;47.1;28.8
43;2021-06-20;0;12;106869;65430;47.1;28.8
43;2021-06-21;422;1307;107291;66737;47.3;29.4
43;2021-06-22;530;1958;107821;68695;47.5;30.3
43;2021-06-23;342;1744;108163;70439;47.7;31.0
43;2021-06-24;510;1494;108673;71933;47.9;31.7
43;2021-06-25;593;2349;109266;74282;48.2;32.7
43;2021-06-26;505;1247;109771;75529;48.4;33.3
43;2021-06-27;9;20;109780;75549;48.4;33.3
43;2021-06-28;338;1788;110118;77337;48.5;34.1
43;2021-06-29;520;2382;110638;79719;48.8;35.1
43;2021-06-30;454;2281;111092;82000;49.0;36.1
43;2021-07-01;469;1913;111561;83913;49.2;37.0
43;2021-07-02;495;1961;112056;85874;49.4;37.8
43;2021-07-03;256;1109;112312;86983;49.5;38.3
43;2021-07-04;0;0;112312;86983;49.5;38.3
43;2021-07-05;523;1199;112835;88182;49.7;38.9
43;2021-07-06;629;1680;113464;89862;50.0;39.6
43;2021-07-07;519;1420;113983;91282;50.2;40.2
43;2021-07-08;834;1422;114817;92704;50.6;40.9
43;2021-07-09;544;1498;115361;94202;50.8;41.5
43;2021-07-10;400;1333;115761;95535;51.0;42.1
43;2021-07-11;23;98;115784;95633;51.0;42.1
43;2021-07-12;601;1685;116385;97318;51.3;42.9
43;2021-07-13;1184;1844;117569;99162;51.8;43.7
43;2021-07-14;843;147;118412;99309;52.2;43.8
43;2021-07-15;1923;1829;120335;101138;53.0;44.6
43;2021-07-16;1747;1613;122082;102751;53.8;45.3
43;2021-07-17;1530;1187;123612;103938;54.5;45.8
43;2021-07-18;4;19;123616;103957;54.5;45.8
43;2021-07-19;1430;1222;125046;105179;55.1;46.4
43;2021-07-20;1888;1427;126934;106606;55.9;47.0
43;2021-07-21;1842;1097;128776;107703;56.8;47.5
43;2021-07-22;2098;1311;130874;109014;57.7;48.0
44;2020-12-27;0;0;0;0;0.0;0.0
44;2020-12-28;0;0;0;0;0.0;0.0
44;2020-12-29;0;0;0;0;0.0;0.0
44;2020-12-30;1;0;1;0;0.0;0.0
44;2020-12-31;0;0;1;0;0.0;0.0
44;2021-01-01;0;0;1;0;0.0;0.0
44;2021-01-02;0;0;1;0;0.0;0.0
44;2021-01-03;1;0;2;0;0.0;0.0
44;2021-01-04;0;0;2;0;0.0;0.0
44;2021-01-05;0;0;2;0;0.0;0.0
44;2021-01-06;20;1;22;1;0.0;0.0
44;2021-01-07;186;0;208;1;0.0;0.0
44;2021-01-08;527;1;735;2;0.1;0.0
44;2021-01-09;473;0;1208;2;0.1;0.0
44;2021-01-10;455;1;1663;3;0.1;0.0
44;2021-01-11;801;0;2464;3;0.2;0.0
44;2021-01-12;904;1;3368;4;0.2;0.0
44;2021-01-13;1087;1;4455;5;0.3;0.0
44;2021-01-14;1110;8;5565;13;0.4;0.0
44;2021-01-15;987;1;6552;14;0.5;0.0
44;2021-01-16;335;2;6887;16;0.5;0.0
44;2021-01-17;327;1;7214;17;0.5;0.0
44;2021-01-18;855;3;8069;20;0.6;0.0
44;2021-01-19;2572;3;10641;23;0.7;0.0
44;2021-01-20;2712;4;13353;27;0.9;0.0
44;2021-01-21;4526;3;17879;30;1.2;0.0
44;2021-01-22;2414;6;20293;36;1.4;0.0
44;2021-01-23;762;1;21055;37;1.5;0.0
44;2021-01-24;119;0;21174;37;1.5;0.0
44;2021-01-25;829;0;22003;37;1.5;0.0
44;2021-01-26;2524;18;24527;55;1.7;0.0
44;2021-01-27;2089;61;26616;116;1.9;0.0
44;2021-01-28;3730;191;30346;307;2.1;0.0
44;2021-01-29;2367;491;32713;798;2.3;0.1
44;2021-01-30;628;217;33341;1015;2.3;0.1
44;2021-01-31;14;214;33355;1229;2.3;0.1
44;2021-02-01;591;545;33946;1774;2.4;0.1
44;2021-02-02;878;762;34824;2536;2.4;0.2
44;2021-02-03;889;900;35713;3436;2.5;0.2
44;2021-02-04;935;724;36648;4160;2.6;0.3
44;2021-02-05;894;631;37542;4791;2.6;0.3
44;2021-02-06;462;269;38004;5060;2.6;0.4
44;2021-02-07;72;208;38076;5268;2.6;0.4
44;2021-02-08;522;460;38598;5728;2.7;0.4
44;2021-02-09;946;1255;39544;6983;2.8;0.5
44;2021-02-10;1131;1313;40675;8296;2.8;0.6
44;2021-02-11;2282;3010;42957;11306;3.0;0.8
44;2021-02-12;1662;1736;44619;13042;3.1;0.9
44;2021-02-13;431;516;45050;13558;3.1;0.9
44;2021-02-14;10;180;45060;13738;3.1;1.0
44;2021-02-15;503;1104;45563;14842;3.2;1.0
44;2021-02-16;1441;2571;47004;17413;3.3;1.2
44;2021-02-17;1102;2173;48106;19586;3.3;1.4
44;2021-02-18;1950;3714;50056;23300;3.5;1.6
44;2021-02-19;1579;2539;51635;25839;3.6;1.8
44;2021-02-20;409;648;52044;26487;3.6;1.8
44;2021-02-21;6;178;52050;26665;3.6;1.9
44;2021-02-22;706;837;52756;27502;3.7;1.9
44;2021-02-23;1239;1130;53995;28632;3.8;2.0
44;2021-02-24;1238;1092;55233;29724;3.8;2.1
44;2021-02-25;2440;1082;57673;30806;4.0;2.1
44;2021-02-26;2289;968;59962;31774;4.2;2.2
44;2021-02-27;974;453;60936;32227;4.2;2.2
44;2021-02-28;6;32;60942;32259;4.2;2.2
44;2021-03-01;987;559;61929;32818;4.3;2.3
44;2021-03-02;1798;1056;63727;33874;4.4;2.4
44;2021-03-03;1849;1134;65576;35008;4.6;2.4
44;2021-03-04;2876;1559;68452;36567;4.8;2.5
44;2021-03-05;3472;1322;71924;37889;5.0;2.6
44;2021-03-06;2503;495;74427;38384;5.2;2.7
44;2021-03-07;986;83;75413;38467;5.2;2.7
44;2021-03-08;1785;607;77198;39074;5.4;2.7
44;2021-03-09;3351;1148;80549;40222;5.6;2.8
44;2021-03-10;3075;1109;83624;41331;5.8;2.9
44;2021-03-11;4427;1777;88051;43108;6.1;3.0
44;2021-03-12;5886;1276;93937;44384;6.5;3.1
44;2021-03-13;3626;294;97563;44678;6.8;3.1
44;2021-03-14;429;62;97992;44740;6.8;3.1
44;2021-03-15;2685;355;100677;45095;7.0;3.1
44;2021-03-16;2144;624;102821;45719;7.2;3.2
44;2021-03-17;1961;677;104782;46396;7.3;3.2
44;2021-03-18;2160;632;106942;47028;7.4;3.3
44;2021-03-19;3770;356;110712;47384;7.7;3.3
44;2021-03-20;3209;283;113921;47667;7.9;3.3
44;2021-03-21;909;18;114830;47685;8.0;3.3
44;2021-03-22;2460;432;117290;48117;8.2;3.3
44;2021-03-23;3957;696;121247;48813;8.4;3.4
44;2021-03-24;4302;621;125549;49434;8.7;3.4
44;2021-03-25;5609;915;131158;50349;9.1;3.5
44;2021-03-26;6496;749;137654;51098;9.6;3.6
44;2021-03-27;3210;420;140864;51518;9.8;3.6
44;2021-03-28;1244;38;142108;51556;9.9;3.6
44;2021-03-29;3114;783;145222;52339;10.1;3.6
44;2021-03-30;5128;1104;150350;53443;10.5;3.7
44;2021-03-31;4608;1312;154958;54755;10.8;3.8
44;2021-04-01;6127;980;161085;55735;11.2;3.9
44;2021-04-02;5790;942;166875;56677;11.6;3.9
44;2021-04-03;2434;649;169309;57326;11.8;4.0
44;2021-04-04;665;19;169974;57345;11.8;4.0
44;2021-04-05;685;284;170659;57629;11.9;4.0
44;2021-04-06;4198;1367;174857;58996;12.2;4.1
44;2021-04-07;5067;1640;179924;60636;12.5;4.2
44;2021-04-08;7176;1641;187100;62277;13.0;4.3
44;2021-04-09;10050;1771;197150;64048;13.7;4.5
44;2021-04-10;4556;1435;201706;65483;14.0;4.6
44;2021-04-11;2139;420;203845;65903;14.2;4.6
44;2021-04-12;5459;1580;209304;67483;14.6;4.7
44;2021-04-13;6718;2240;216022;69723;15.0;4.9
44;2021-04-14;5903;2216;221925;71939;15.4;5.0
44;2021-04-15;6700;2193;228625;74132;15.9;5.2
44;2021-04-16;7777;2019;236402;76151;16.4;5.3
44;2021-04-17;4289;1368;240691;77519;16.7;5.4
44;2021-04-18;2252;817;242943;78336;16.9;5.5
44;2021-04-19;5042;1896;247985;80232;17.3;5.6
44;2021-04-20;6271;2645;254256;82877;17.7;5.8
44;2021-04-21;6001;2774;260257;85651;18.1;6.0
44;2021-04-22;6950;2502;267207;88153;18.6;6.1
44;2021-04-23;7316;3146;274523;91299;19.1;6.4
44;2021-04-24;3970;2040;278493;93339;19.4;6.5
44;2021-04-25;2074;1057;280567;94396;19.5;6.6
44;2021-04-26;5645;2755;286212;97151;19.9;6.8
44;2021-04-27;7414;4100;293626;101251;20.4;7.0
44;2021-04-28;7599;3771;301225;105022;21.0;7.3
44;2021-04-29;8962;4258;310187;109280;21.6;7.6
44;2021-04-30;9565;4675;319752;113955;22.2;7.9
44;2021-05-01;2846;922;322598;114877;22.4;8.0
44;2021-05-02;1895;615;324493;115492;22.6;8.0
44;2021-05-03;5545;4073;330038;119565;23.0;8.3
44;2021-05-04;6323;5125;336361;124690;23.4;8.7
44;2021-05-05;6065;4618;342426;129308;23.8;9.0
44;2021-05-06;7245;4878;349671;134186;24.3;9.3
44;2021-05-07;7448;5712;357119;139898;24.8;9.7
44;2021-05-08;2578;1260;359697;141158;25.0;9.8
44;2021-05-09;1798;1810;361495;142968;25.2;9.9
44;2021-05-10;6566;5769;368061;148737;25.6;10.3
44;2021-05-11;7785;6253;375846;154990;26.2;10.8
44;2021-05-12;8183;5719;384029;160709;26.7;11.2
44;2021-05-13;5289;1181;389318;161890;27.1;11.3
44;2021-05-14;7578;3966;396896;165856;27.6;11.5
44;2021-05-15;5000;2227;401896;168083;28.0;11.7
44;2021-05-16;2793;736;404689;168819;28.2;11.7
44;2021-05-17;6739;5152;411428;173971;28.6;12.1
44;2021-05-18;7969;5233;419397;179204;29.2;12.5
44;2021-05-19;8155;4282;427552;183486;29.8;12.8
44;2021-05-20;8361;4649;435913;188135;30.3;13.1
44;2021-05-21;8825;5205;444738;193340;30.9;13.5
44;2021-05-22;5094;2231;449832;195571;31.3;13.6
44;2021-05-23;1760;823;451592;196394;31.4;13.7
44;2021-05-24;4885;1615;456477;198009;31.8;13.8
44;2021-05-25;7736;5535;464213;203544;32.3;14.2
44;2021-05-26;8170;5037;472383;208581;32.9;14.5
44;2021-05-27;9645;5351;482028;213932;33.5;14.9
44;2021-05-28;9179;6914;491207;220846;34.2;15.4
44;2021-05-29;5883;3328;497090;224174;34.6;15.6
44;2021-05-30;1773;702;498863;224876;34.7;15.6
44;2021-05-31;8061;6180;506924;231056;35.3;16.1
44;2021-06-01;9890;6534;516814;237590;36.0;16.5
44;2021-06-02;9508;5683;526322;243273;36.6;16.9
44;2021-06-03;10849;5869;537171;249142;37.4;17.3
44;2021-06-04;9927;8064;547098;257206;38.1;17.9
44;2021-06-05;5772;4345;552870;261551;38.5;18.2
44;2021-06-06;2359;1129;555229;262680;38.6;18.3
44;2021-06-07;9547;6918;564776;269598;39.3;18.8
44;2021-06-08;10892;7480;575668;277078;40.1;19.3
44;2021-06-09;10532;6317;586200;283395;40.8;19.7
44;2021-06-10;11378;6025;597578;289420;41.6;20.1
44;2021-06-11;11901;8633;609479;298053;42.4;20.7
44;2021-06-12;7739;4081;617218;302134;42.9;21.0
44;2021-06-13;2772;1008;619990;303142;43.1;21.1
44;2021-06-14;8647;8393;628637;311535;43.7;21.7
44;2021-06-15;11179;8227;639816;319762;44.5;22.2
44;2021-06-16;10876;7636;650692;327398;45.3;22.8
44;2021-06-17;11646;8664;662338;336062;46.1;23.4
44;2021-06-18;10577;10089;672915;346151;46.8;24.1
44;2021-06-19;5851;4313;678766;350464;47.2;24.4
44;2021-06-20;2524;1332;681290;351796;47.4;24.5
44;2021-06-21;7194;10009;688484;361805;47.9;25.2
44;2021-06-22;8401;10621;696885;372426;48.5;25.9
44;2021-06-23;8486;9118;705371;381544;49.1;26.5
44;2021-06-24;9060;8569;714431;390113;49.7;27.1
44;2021-06-25;7549;10811;721980;400924;50.2;27.9
44;2021-06-26;2943;6474;724923;407398;50.4;28.3
44;2021-06-27;809;2406;725732;409804;50.5;28.5
44;2021-06-28;5187;10080;730919;419884;50.9;29.2
44;2021-06-29;6141;12094;737060;431978;51.3;30.1
44;2021-06-30;6058;10466;743118;442444;51.7;30.8
44;2021-07-01;6790;10499;749908;452943;52.2;31.5
44;2021-07-02;6341;12553;756249;465496;52.6;32.4
44;2021-07-03;2545;7005;758794;472501;52.8;32.9
44;2021-07-04;970;2234;759764;474735;52.9;33.0
44;2021-07-05;5194;11872;764958;486607;53.2;33.9
44;2021-07-06;5860;12601;770818;499208;53.6;34.7
44;2021-07-07;6342;11095;777160;510303;54.1;35.5
44;2021-07-08;7218;11969;784378;522272;54.6;36.3
44;2021-07-09;6022;14258;790400;536530;55.0;37.3
44;2021-07-10;2359;7020;792759;543550;55.2;37.8
44;2021-07-11;718;2261;793477;545811;55.2;38.0
44;2021-07-12;4321;14050;797798;559861;55.5;39.0
44;2021-07-13;5679;14848;803477;574709;55.9;40.0
44;2021-07-14;3613;5804;807090;580513;56.2;40.4
44;2021-07-15;7108;14246;814198;594759;56.7;41.4
44;2021-07-16;8052;14973;822250;609732;57.2;42.4
44;2021-07-17;3339;7573;825589;617305;57.4;43.0
44;2021-07-18;1424;2545;827013;619850;57.5;43.1
44;2021-07-19;4663;14693;831676;634543;57.9;44.2
44;2021-07-20;5935;15656;837611;650199;58.3;45.2
44;2021-07-21;5792;13990;843403;664189;58.7;46.2
44;2021-07-22;6615;13706;850018;677895;59.1;47.2
45;2020-12-27;0;0;0;0;0.0;0.0
45;2020-12-28;0;0;0;0;0.0;0.0
45;2020-12-29;0;0;0;0;0.0;0.0
45;2020-12-30;0;0;0;0;0.0;0.0
45;2020-12-31;0;0;0;0;0.0;0.0
45;2021-01-01;0;0;0;0;0.0;0.0
45;2021-01-02;0;0;0;0;0.0;0.0
45;2021-01-03;0;0;0;0;0.0;0.0
45;2021-01-04;0;0;0;0;0.0;0.0
45;2021-01-05;76;0;76;0;0.0;0.0
45;2021-01-06;69;0;145;0;0.0;0.0
45;2021-01-07;178;0;323;0;0.0;0.0
45;2021-01-08;199;1;522;1;0.1;0.0
45;2021-01-09;42;0;564;1;0.1;0.0
45;2021-01-10;23;0;587;1;0.1;0.0
45;2021-01-11;254;0;841;1;0.1;0.0
45;2021-01-12;679;2;1520;3;0.2;0.0
45;2021-01-13;496;2;2016;5;0.3;0.0
45;2021-01-14;482;37;2498;42;0.4;0.0
45;2021-01-15;391;3;2889;45;0.4;0.0
45;2021-01-16;39;0;2928;45;0.4;0.0
45;2021-01-17;24;0;2952;45;0.4;0.0
45;2021-01-18;814;1;3766;46;0.6;0.0
45;2021-01-19;1196;6;4962;52;0.7;0.0
45;2021-01-20;2107;5;7069;57;1.0;0.0
45;2021-01-21;2522;4;9591;61;1.4;0.0
45;2021-01-22;1409;2;11000;63;1.6;0.0
45;2021-01-23;120;0;11120;63;1.6;0.0
45;2021-01-24;39;0;11159;63;1.6;0.0
45;2021-01-25;556;3;11715;66;1.7;0.0
45;2021-01-26;847;18;12562;84;1.8;0.0
45;2021-01-27;648;45;13210;129;1.9;0.0
45;2021-01-28;882;219;14092;348;2.1;0.1
45;2021-01-29;576;125;14668;473;2.1;0.1
45;2021-01-30;40;41;14708;514;2.2;0.1
45;2021-01-31;37;23;14745;537;2.2;0.1
45;2021-02-01;462;209;15207;746;2.2;0.1
45;2021-02-02;757;470;15964;1216;2.3;0.2
45;2021-02-03;771;480;16735;1696;2.5;0.2
45;2021-02-04;701;267;17436;1963;2.6;0.3
45;2021-02-05;416;150;17852;2113;2.6;0.3
45;2021-02-06;36;28;17888;2141;2.6;0.3
45;2021-02-07;5;31;17893;2172;2.6;0.3
45;2021-02-08;455;193;18348;2365;2.7;0.3
45;2021-02-09;1003;406;19351;2771;2.8;0.4
45;2021-02-10;1275;791;20626;3562;3.0;0.5
45;2021-02-11;1382;1523;22008;5085;3.2;0.7
45;2021-02-12;1051;1141;23059;6226;3.4;0.9
45;2021-02-13;85;158;23144;6384;3.4;0.9
45;2021-02-14;39;11;23183;6395;3.4;0.9
45;2021-02-15;523;612;23706;7007;3.5;1.0
45;2021-02-16;756;937;24462;7944;3.6;1.2
45;2021-02-17;641;1050;25103;8994;3.7;1.3
45;2021-02-18;842;859;25945;9853;3.8;1.4
45;2021-02-19;825;761;26770;10614;3.9;1.6
45;2021-02-20;58;94;26828;10708;3.9;1.6
45;2021-02-21;17;46;26845;10754;3.9;1.6
45;2021-02-22;405;632;27250;11386;4.0;1.7
45;2021-02-23;815;808;28065;12194;4.1;1.8
45;2021-02-24;646;929;28711;13123;4.2;1.9
45;2021-02-25;961;807;29672;13930;4.3;2.0
45;2021-02-26;1044;696;30716;14626;4.5;2.1
45;2021-02-27;290;52;31006;14678;4.5;2.1
45;2021-02-28;28;5;31034;14683;4.5;2.2
45;2021-03-01;533;335;31567;15018;4.6;2.2
45;2021-03-02;670;728;32237;15746;4.7;2.3
45;2021-03-03;983;892;33220;16638;4.9;2.4
45;2021-03-04;1106;981;34326;17619;5.0;2.6
45;2021-03-05;1439;859;35765;18478;5.2;2.7
45;2021-03-06;2022;120;37787;18598;5.5;2.7
45;2021-03-07;143;59;37930;18657;5.6;2.7
45;2021-03-08;752;851;38682;19508;5.7;2.9
45;2021-03-09;1256;708;39938;20216;5.8;3.0
45;2021-03-10;1595;894;41533;21110;6.1;3.1
45;2021-03-11;1720;750;43253;21860;6.3;3.2
45;2021-03-12;2072;604;45325;22464;6.6;3.3
45;2021-03-13;986;46;46311;22510;6.8;3.3
45;2021-03-14;24;43;46335;22553;6.8;3.3
45;2021-03-15;811;600;47146;23153;6.9;3.4
45;2021-03-16;942;838;48088;23991;7.0;3.5
45;2021-03-17;1051;675;49139;24666;7.2;3.6
45;2021-03-18;997;577;50136;25243;7.3;3.7
45;2021-03-19;1618;426;51754;25669;7.6;3.8
45;2021-03-20;495;81;52249;25750;7.7;3.8
45;2021-03-21;19;35;52268;25785;7.7;3.8
45;2021-03-22;913;528;53181;26313;7.8;3.9
45;2021-03-23;1982;718;55163;27031;8.1;4.0
45;2021-03-24;1897;544;57060;27575;8.4;4.0
45;2021-03-25;2980;442;60040;28017;8.8;4.1
45;2021-03-26;3387;464;63427;28481;9.3;4.2
45;2021-03-27;1793;114;65220;28595;9.6;4.2
45;2021-03-28;89;40;65309;28635;9.6;4.2
45;2021-03-29;1528;527;66837;29162;9.8;4.3
45;2021-03-30;2780;779;69617;29941;10.2;4.4
45;2021-03-31;2133;570;71750;30511;10.5;4.5
45;2021-04-01;2973;560;74723;31071;10.9;4.5
45;2021-04-02;2825;500;77548;31571;11.4;4.6
45;2021-04-03;810;71;78358;31642;11.5;4.6
45;2021-04-04;111;33;78469;31675;11.5;4.6
45;2021-04-05;12;2;78481;31677;11.5;4.6
45;2021-04-06;1734;787;80215;32464;11.7;4.8
45;2021-04-07;1776;1110;81991;33574;12.0;4.9
45;2021-04-08;2772;1016;84763;34590;12.4;5.1
45;2021-04-09;3673;634;88436;35224;13.0;5.2
45;2021-04-10;2322;104;90758;35328;13.3;5.2
45;2021-04-11;153;24;90911;35352;13.3;5.2
45;2021-04-12;2604;658;93515;36010;13.7;5.3
45;2021-04-13;3842;1077;97357;37087;14.3;5.4
45;2021-04-14;2928;1212;100285;38299;14.7;5.6
45;2021-04-15;3519;1021;103804;39320;15.2;5.8
45;2021-04-16;3775;681;107579;40001;15.8;5.9
45;2021-04-17;1613;107;109192;40108;16.0;5.9
45;2021-04-18;200;37;109392;40145;16.0;5.9
45;2021-04-19;1937;943;111329;41088;16.3;6.0
45;2021-04-20;3072;1689;114401;42777;16.8;6.3
45;2021-04-21;2721;1295;117122;44072;17.2;6.5
45;2021-04-22;3423;1835;120545;45907;17.7;6.7
45;2021-04-23;3272;1789;123817;47696;18.1;7.0
45;2021-04-24;2022;864;125839;48560;18.4;7.1
45;2021-04-25;289;85;126128;48645;18.5;7.1
45;2021-04-26;2227;1159;128355;49804;18.8;7.3
45;2021-04-27;3350;2350;131705;52154;19.3;7.6
45;2021-04-28;2800;1940;134505;54094;19.7;7.9
45;2021-04-29;3827;2328;138332;56422;20.3;8.3
45;2021-04-30;4382;1799;142714;58221;20.9;8.5
45;2021-05-01;450;61;143164;58282;21.0;8.5
45;2021-05-02;626;118;143790;58400;21.1;8.6
45;2021-05-03;2820;982;146610;59382;21.5;8.7
45;2021-05-04;3157;2340;149767;61722;21.9;9.0
45;2021-05-05;2709;2158;152476;63880;22.3;9.4
45;2021-05-06;3328;2532;155804;66412;22.8;9.7
45;2021-05-07;2873;3199;158677;69611;23.2;10.2
45;2021-05-08;607;244;159284;69855;23.3;10.2
45;2021-05-09;1498;122;160782;69977;23.5;10.2
45;2021-05-10;4141;2968;164923;72945;24.2;10.7
45;2021-05-11;5017;2958;169940;75903;24.9;11.1
45;2021-05-12;6062;2769;176002;78672;25.8;11.5
45;2021-05-13;2445;593;178447;79265;26.1;11.6
45;2021-05-14;4965;1622;183412;80887;26.9;11.8
45;2021-05-15;4064;600;187476;81487;27.5;11.9
45;2021-05-16;284;32;187760;81519;27.5;11.9
45;2021-05-17;3347;1534;191107;83053;28.0;12.2
45;2021-05-18;5098;1677;196205;84730;28.7;12.4
45;2021-05-19;4468;2053;200673;86783;29.4;12.7
45;2021-05-20;5245;2129;205918;88912;30.2;13.0
45;2021-05-21;5135;2221;211053;91133;30.9;13.3
45;2021-05-22;3035;629;214088;91762;31.4;13.4
45;2021-05-23;15;94;214103;91856;31.4;13.5
45;2021-05-24;2827;203;216930;92059;31.8;13.5
45;2021-05-25;4951;3028;221881;95087;32.5;13.9
45;2021-05-26;5087;2309;226968;97396;33.2;14.3
45;2021-05-27;5301;3191;232269;100587;34.0;14.7
45;2021-05-28;5661;3535;237930;104122;34.8;15.2
45;2021-05-29;3667;1283;241597;105405;35.4;15.4
45;2021-05-30;33;182;241630;105587;35.4;15.5
45;2021-05-31;4327;2504;245957;108091;36.0;15.8
45;2021-06-01;6088;2990;252045;111081;36.9;16.3
45;2021-06-02;4936;3089;256981;114170;37.6;16.7
45;2021-06-03;5616;3197;262597;117367;38.5;17.2
45;2021-06-04;5893;3183;268490;120550;39.3;17.7
45;2021-06-05;2030;1334;270520;121884;39.6;17.8
45;2021-06-06;85;198;270605;122082;39.6;17.9
45;2021-06-07;4082;2723;274687;124805;40.2;18.3
45;2021-06-08;4641;4066;279328;128871;40.9;18.9
45;2021-06-09;4346;3333;283674;132204;41.5;19.4
45;2021-06-10;4625;2674;288299;134878;42.2;19.8
45;2021-06-11;4103;3663;292402;138541;42.8;20.3
45;2021-06-12;2436;1502;294838;140043;43.2;20.5
45;2021-06-13;20;424;294858;140467;43.2;20.6
45;2021-06-14;3124;4145;297982;144612;43.6;21.2
45;2021-06-15;3382;4323;301364;148935;44.1;21.8
45;2021-06-16;3891;3449;305255;152384;44.7;22.3
45;2021-06-17;3522;3541;308777;155925;45.2;22.8
45;2021-06-18;3797;5025;312574;160950;45.8;23.6
45;2021-06-19;2389;1760;314963;162710;46.1;23.8
45;2021-06-20;45;140;315008;162850;46.1;23.8
45;2021-06-21;2156;5851;317164;168701;46.4;24.7
45;2021-06-22;2410;6535;319574;175236;46.8;25.7
45;2021-06-23;2271;5607;321845;180843;47.1;26.5
45;2021-06-24;2126;3530;323971;184373;47.4;27.0
45;2021-06-25;2432;6457;326403;190830;47.8;27.9
45;2021-06-26;1932;3094;328335;193924;48.1;28.4
45;2021-06-27;50;139;328385;194063;48.1;28.4
45;2021-06-28;2071;4844;330456;198907;48.4;29.1
45;2021-06-29;2818;6836;333274;205743;48.8;30.1
45;2021-06-30;2855;5856;336129;211599;49.2;31.0
45;2021-07-01;2368;5033;338497;216632;49.6;31.7
45;2021-07-02;2350;6282;340847;222914;49.9;32.6
45;2021-07-03;747;2540;341594;225454;50.0;33.0
45;2021-07-04;4;10;341598;225464;50.0;33.0
45;2021-07-05;2130;4983;343728;230447;50.3;33.7
45;2021-07-06;2788;6785;346516;237232;50.7;34.7
45;2021-07-07;2423;6072;348939;243304;51.1;35.6
45;2021-07-08;2805;5396;351744;248700;51.5;36.4
45;2021-07-09;2137;6992;353881;255692;51.8;37.4
45;2021-07-10;1538;3854;355419;259546;52.0;38.0
45;2021-07-11;23;31;355442;259577;52.0;38.0
45;2021-07-12;1579;5999;357021;265576;52.3;38.9
45;2021-07-13;2981;8229;360002;273805;52.7;40.1
45;2021-07-14;1468;1512;361470;275317;52.9;40.3
45;2021-07-15;3701;7274;365171;282591;53.5;41.4
45;2021-07-16;3237;7445;368408;290036;53.9;42.5
45;2021-07-17;1273;2327;369681;292363;54.1;42.8
45;2021-07-18;15;19;369696;292382;54.1;42.8
45;2021-07-19;1856;5957;371552;298339;54.4;43.7
45;2021-07-20;4686;6891;376238;305230;55.1;44.7
45;2021-07-21;5118;5442;381356;310672;55.8;45.5
45;2021-07-22;6088;4849;387444;315521;56.7;46.2
46;2020-12-27;0;0;0;0;0.0;0.0
46;2020-12-28;0;0;0;0;0.0;0.0
46;2020-12-29;0;0;0;0;0.0;0.0
46;2020-12-30;0;0;0;0;0.0;0.0
46;2020-12-31;0;0;0;0;0.0;0.0
46;2021-01-01;0;0;0;0;0.0;0.0
46;2021-01-02;0;0;0;0;0.0;0.0
46;2021-01-03;1;0;1;0;0.0;0.0
46;2021-01-04;0;0;1;0;0.0;0.0
46;2021-01-05;0;0;1;0;0.0;0.0
46;2021-01-06;3;0;4;0;0.0;0.0
46;2021-01-07;135;0;139;0;0.1;0.0
46;2021-01-08;180;0;319;0;0.2;0.0
46;2021-01-09;1;0;320;0;0.2;0.0
46;2021-01-10;1;0;321;0;0.2;0.0
46;2021-01-11;117;0;438;0;0.3;0.0
46;2021-01-12;140;0;578;0;0.3;0.0
46;2021-01-13;234;0;812;0;0.5;0.0
46;2021-01-14;235;2;1047;2;0.6;0.0
46;2021-01-15;304;2;1351;4;0.8;0.0
46;2021-01-16;16;0;1367;4;0.8;0.0
46;2021-01-17;0;0;1367;4;0.8;0.0
46;2021-01-18;272;2;1639;6;0.9;0.0
46;2021-01-19;388;0;2027;6;1.2;0.0
46;2021-01-20;934;0;2961;6;1.7;0.0
46;2021-01-21;995;0;3956;6;2.3;0.0
46;2021-01-22;390;2;4346;8;2.5;0.0
46;2021-01-23;0;0;4346;8;2.5;0.0
46;2021-01-24;0;0;4346;8;2.5;0.0
46;2021-01-25;203;1;4549;9;2.6;0.0
46;2021-01-26;262;1;4811;10;2.8;0.0
46;2021-01-27;276;0;5087;10;2.9;0.0
46;2021-01-28;278;43;5365;53;3.1;0.0
46;2021-01-29;233;93;5598;146;3.2;0.1
46;2021-01-30;1;0;5599;146;3.2;0.1
46;2021-01-31;0;0;5599;146;3.2;0.1
46;2021-02-01;233;175;5832;321;3.4;0.2
46;2021-02-02;209;238;6041;559;3.5;0.3
46;2021-02-03;222;95;6263;654;3.6;0.4
46;2021-02-04;372;87;6635;741;3.8;0.4
46;2021-02-05;225;179;6860;920;4.0;0.5
46;2021-02-06;7;0;6867;920;4.0;0.5
46;2021-02-07;42;0;6909;920;4.0;0.5
46;2021-02-08;196;156;7105;1076;4.1;0.6
46;2021-02-09;269;230;7374;1306;4.3;0.8
46;2021-02-10;277;545;7651;1851;4.4;1.1
46;2021-02-11;650;558;8301;2409;4.8;1.4
46;2021-02-12;319;340;8620;2749;5.0;1.6
46;2021-02-13;0;0;8620;2749;5.0;1.6
46;2021-02-14;0;62;8620;2811;5.0;1.6
46;2021-02-15;195;299;8815;3110;5.1;1.8
46;2021-02-16;217;282;9032;3392;5.2;2.0
46;2021-02-17;200;327;9232;3719;5.3;2.1
46;2021-02-18;336;269;9568;3988;5.5;2.3
46;2021-02-19;277;233;9845;4221;5.7;2.4
46;2021-02-20;0;0;9845;4221;5.7;2.4
46;2021-02-21;0;0;9845;4221;5.7;2.4
46;2021-02-22;131;191;9976;4412;5.8;2.5
46;2021-02-23;225;168;10201;4580;5.9;2.6
46;2021-02-24;179;324;10380;4904;6.0;2.8
46;2021-02-25;241;342;10621;5246;6.1;3.0
46;2021-02-26;400;346;11021;5592;6.4;3.2
46;2021-02-27;120;0;11141;5592;6.4;3.2
46;2021-02-28;0;3;11141;5595;6.4;3.2
46;2021-03-01;168;180;11309;5775;6.5;3.3
46;2021-03-02;405;233;11714;6008;6.8;3.5
46;2021-03-03;456;331;12170;6339;7.0;3.7
46;2021-03-04;608;455;12778;6794;7.4;3.9
46;2021-03-05;809;363;13587;7157;7.8;4.1
46;2021-03-06;473;17;14060;7174;8.1;4.1
46;2021-03-07;101;19;14161;7193;8.2;4.2
46;2021-03-08;348;248;14509;7441;8.4;4.3
46;2021-03-09;743;270;15252;7711;8.8;4.5
46;2021-03-10;686;247;15938;7958;9.2;4.6
46;2021-03-11;842;253;16780;8211;9.7;4.7
46;2021-03-12;926;228;17706;8439;10.2;4.9
46;2021-03-13;512;3;18218;8442;10.5;4.9
46;2021-03-14;0;0;18218;8442;10.5;4.9
46;2021-03-15;495;166;18713;8608;10.8;5.0
46;2021-03-16;751;175;19464;8783;11.2;5.1
46;2021-03-17;671;202;20135;8985;11.6;5.2
46;2021-03-18;747;216;20882;9201;12.1;5.3
46;2021-03-19;807;150;21689;9351;12.5;5.4
46;2021-03-20;285;2;21974;9353;12.7;5.4
46;2021-03-21;2;0;21976;9353;12.7;5.4
46;2021-03-22;549;239;22525;9592;13.0;5.5
46;2021-03-23;701;213;23226;9805;13.4;5.7
46;2021-03-24;673;240;23899;10045;13.8;5.8
46;2021-03-25;1132;181;25031;10226;14.5;5.9
46;2021-03-26;1026;337;26057;10563;15.0;6.1
46;2021-03-27;420;71;26477;10634;15.3;6.1
46;2021-03-28;126;1;26603;10635;15.4;6.1
46;2021-03-29;730;251;27333;10886;15.8;6.3
46;2021-03-30;768;361;28101;11247;16.2;6.5
46;2021-03-31;859;418;28960;11665;16.7;6.7
46;2021-04-01;1166;342;30126;12007;17.4;6.9
46;2021-04-02;925;393;31051;12400;17.9;7.2
46;2021-04-03;167;166;31218;12566;18.0;7.3
46;2021-04-04;0;71;31218;12637;18.0;7.3
46;2021-04-05;1;0;31219;12637;18.0;7.3
46;2021-04-06;543;519;31762;13156;18.3;7.6
46;2021-04-07;782;643;32544;13799;18.8;8.0
46;2021-04-08;960;542;33504;14341;19.3;8.3
46;2021-04-09;1016;501;34520;14842;19.9;8.6
46;2021-04-10;497;208;35017;15050;20.2;8.7
46;2021-04-11;232;1;35249;15051;20.4;8.7
46;2021-04-12;844;546;36093;15597;20.8;9.0
46;2021-04-13;1184;715;37277;16312;21.5;9.4
46;2021-04-14;1529;614;38806;16926;22.4;9.8
46;2021-04-15;1494;664;40300;17590;23.3;10.2
46;2021-04-16;1575;563;41875;18153;24.2;10.5
46;2021-04-17;989;132;42864;18285;24.8;10.6
46;2021-04-18;515;7;43379;18292;25.1;10.6
46;2021-04-19;1066;572;44445;18864;25.7;10.9
46;2021-04-20;1221;725;45666;19589;26.4;11.3
46;2021-04-21;1228;712;46894;20301;27.1;11.7
46;2021-04-22;1384;726;48278;21027;27.9;12.1
46;2021-04-23;1132;727;49410;21754;28.5;12.6
46;2021-04-24;471;17;49881;21771;28.8;12.6
46;2021-04-25;351;9;50232;21780;29.0;12.6
46;2021-04-26;854;730;51086;22510;29.5;13.0
46;2021-04-27;1217;662;52303;23172;30.2;13.4
46;2021-04-28;1289;667;53592;23839;30.9;13.8
46;2021-04-29;1414;521;55006;24360;31.8;14.1
46;2021-04-30;1434;557;56440;24917;32.6;14.4
46;2021-05-01;696;69;57136;24986;33.0;14.4
46;2021-05-02;346;3;57482;24989;33.2;14.4
46;2021-05-03;853;566;58335;25555;33.7;14.8
46;2021-05-04;1036;1059;59371;26614;34.3;15.4
46;2021-05-05;1376;784;60747;27398;35.1;15.8
46;2021-05-06;1376;741;62123;28139;35.9;16.2
46;2021-05-07;1393;790;63516;28929;36.7;16.7
46;2021-05-08;283;413;63799;29342;36.8;16.9
46;2021-05-09;23;225;63822;29567;36.9;17.1
46;2021-05-10;519;1139;64341;30706;37.2;17.7
46;2021-05-11;1037;1259;65378;31965;37.8;18.5
46;2021-05-12;994;1555;66372;33520;38.3;19.4
46;2021-05-13;599;143;66971;33663;38.7;19.4
46;2021-05-14;962;1094;67933;34757;39.2;20.1
46;2021-05-15;256;652;68189;35409;39.4;20.4
46;2021-05-16;78;298;68267;35707;39.4;20.6
46;2021-05-17;652;956;68919;36663;39.8;21.2
46;2021-05-18;1404;1020;70323;37683;40.6;21.8
46;2021-05-19;1305;898;71628;38581;41.4;22.3
46;2021-05-20;1451;810;73079;39391;42.2;22.7
46;2021-05-21;997;1157;74076;40548;42.8;23.4
46;2021-05-22;145;369;74221;40917;42.9;23.6
46;2021-05-23;448;24;74669;40941;43.1;23.6
46;2021-05-24;409;113;75078;41054;43.4;23.7
46;2021-05-25;962;1329;76040;42383;43.9;24.5
46;2021-05-26;1233;1150;77273;43533;44.6;25.1
46;2021-05-27;1434;1189;78707;44722;45.5;25.8
46;2021-05-28;1435;1208;80142;45930;46.3;26.5
46;2021-05-29;1052;398;81194;46328;46.9;26.8
46;2021-05-30;408;39;81602;46367;47.1;26.8
46;2021-05-31;969;974;82571;47341;47.7;27.3
46;2021-06-01;1277;996;83848;48337;48.4;27.9
46;2021-06-02;1316;1113;85164;49450;49.2;28.6
46;2021-06-03;1414;1007;86578;50457;50.0;29.1
46;2021-06-04;1329;973;87907;51430;50.8;29.7
46;2021-06-05;379;413;88286;51843;51.0;29.9
46;2021-06-06;206;94;88492;51937;51.1;30.0
46;2021-06-07;813;617;89305;52554;51.6;30.3
46;2021-06-08;1019;895;90324;53449;52.2;30.9
46;2021-06-09;1502;971;91826;54420;53.0;31.4
46;2021-06-10;973;847;92799;55267;53.6;31.9
46;2021-06-11;968;1323;93767;56590;54.1;32.7
46;2021-06-12;459;548;94226;57138;54.4;33.0
46;2021-06-13;27;86;94253;57224;54.4;33.0
46;2021-06-14;589;1138;94842;58362;54.8;33.7
46;2021-06-15;746;1245;95588;59607;55.2;34.4
46;2021-06-16;996;1113;96584;60720;55.8;35.1
46;2021-06-17;522;896;97106;61616;56.1;35.6
46;2021-06-18;649;1252;97755;62868;56.5;36.3
46;2021-06-19;449;313;98204;63181;56.7;36.5
46;2021-06-20;38;161;98242;63342;56.7;36.6
46;2021-06-21;427;945;98669;64287;57.0;37.1
46;2021-06-22;345;1179;99014;65466;57.2;37.8
46;2021-06-23;511;1075;99525;66541;57.5;38.4
46;2021-06-24;249;822;99774;67363;57.6;38.9
46;2021-06-25;491;1120;100265;68483;57.9;39.5
46;2021-06-26;393;551;100658;69034;58.1;39.9
46;2021-06-27;1;4;100659;69038;58.1;39.9
46;2021-06-28;313;1340;100972;70378;58.3;40.6
46;2021-06-29;373;1688;101345;72066;58.5;41.6
46;2021-06-30;503;1582;101848;73648;58.8;42.5
46;2021-07-01;301;1154;102149;74802;59.0;43.2
46;2021-07-02;446;1086;102595;75888;59.2;43.8
46;2021-07-03;117;456;102712;76344;59.3;44.1
46;2021-07-04;54;127;102766;76471;59.3;44.2
46;2021-07-05;339;1189;103105;77660;59.5;44.8
46;2021-07-06;366;1459;103471;79119;59.8;45.7
46;2021-07-07;573;1720;104044;80839;60.1;46.7
46;2021-07-08;339;1168;104383;82007;60.3;47.4
46;2021-07-09;394;1703;104777;83710;60.5;48.3
46;2021-07-10;281;1043;105058;84753;60.7;48.9
46;2021-07-11;15;375;105073;85128;60.7;49.2
46;2021-07-12;245;1262;105318;86390;60.8;49.9
46;2021-07-13;622;1673;105940;88063;61.2;50.9
46;2021-07-14;62;144;106002;88207;61.2;50.9
46;2021-07-15;887;1463;106889;89670;61.7;51.8
46;2021-07-16;763;1394;107652;91064;62.2;52.6
46;2021-07-17;344;529;107996;91593;62.4;52.9
46;2021-07-18;0;0;107996;91593;62.4;52.9
46;2021-07-19;663;1182;108659;92775;62.7;53.6
46;2021-07-20;975;1423;109634;94198;63.3;54.4
46;2021-07-21;999;1421;110633;95619;63.9;55.2
46;2021-07-22;1349;1107;111982;96726;64.7;55.9
47;2020-12-27;0;0;0;0;0.0;0.0
47;2020-12-28;0;0;0;0;0.0;0.0
47;2020-12-29;0;0;0;0;0.0;0.0
47;2020-12-30;0;0;0;0;0.0;0.0
47;2020-12-31;0;0;0;0;0.0;0.0
47;2021-01-01;4;0;4;0;0.0;0.0
47;2021-01-02;0;0;4;0;0.0;0.0
47;2021-01-03;0;0;4;0;0.0;0.0
47;2021-01-04;0;0;4;0;0.0;0.0
47;2021-01-05;0;0;4;0;0.0;0.0
47;2021-01-06;0;0;4;0;0.0;0.0
47;2021-01-07;71;1;75;1;0.0;0.0
47;2021-01-08;314;0;389;1;0.1;0.0
47;2021-01-09;113;0;502;1;0.2;0.0
47;2021-01-10;0;0;502;1;0.2;0.0
47;2021-01-11;249;0;751;1;0.2;0.0
47;2021-01-12;325;0;1076;1;0.3;0.0
47;2021-01-13;349;0;1425;1;0.4;0.0
47;2021-01-14;364;4;1789;5;0.5;0.0
47;2021-01-15;284;1;2073;6;0.6;0.0
47;2021-01-16;176;4;2249;10;0.7;0.0
47;2021-01-17;0;0;2249;10;0.7;0.0
47;2021-01-18;482;1;2731;11;0.8;0.0
47;2021-01-19;467;2;3198;13;1.0;0.0
47;2021-01-20;511;0;3709;13;1.1;0.0
47;2021-01-21;584;0;4293;13;1.3;0.0
47;2021-01-22;463;0;4756;13;1.4;0.0
47;2021-01-23;388;1;5144;14;1.6;0.0
47;2021-01-24;0;0;5144;14;1.6;0.0
47;2021-01-25;425;0;5569;14;1.7;0.0
47;2021-01-26;788;4;6357;18;1.9;0.0
47;2021-01-27;730;0;7087;18;2.1;0.0
47;2021-01-28;575;68;7662;86;2.3;0.0
47;2021-01-29;462;170;8124;256;2.5;0.1
47;2021-01-30;301;39;8425;295;2.6;0.1
47;2021-01-31;0;0;8425;295;2.6;0.1
47;2021-02-01;374;116;8799;411;2.7;0.1
47;2021-02-02;757;316;9556;727;2.9;0.2
47;2021-02-03;424;163;9980;890;3.0;0.3
47;2021-02-04;370;317;10350;1207;3.1;0.4
47;2021-02-05;299;311;10649;1518;3.2;0.5
47;2021-02-06;294;99;10943;1617;3.3;0.5
47;2021-02-07;0;0;10943;1617;3.3;0.5
47;2021-02-08;183;287;11126;1904;3.4;0.6
47;2021-02-09;232;260;11358;2164;3.4;0.7
47;2021-02-10;255;245;11613;2409;3.5;0.7
47;2021-02-11;357;378;11970;2787;3.6;0.8
47;2021-02-12;242;414;12212;3201;3.7;1.0
47;2021-02-13;224;111;12436;3312;3.8;1.0
47;2021-02-14;0;0;12436;3312;3.8;1.0
47;2021-02-15;195;385;12631;3697;3.8;1.1
47;2021-02-16;303;590;12934;4287;3.9;1.3
47;2021-02-17;325;454;13259;4741;4.0;1.4
47;2021-02-18;200;599;13459;5340;4.1;1.6
47;2021-02-19;194;368;13653;5708;4.1;1.7
47;2021-02-20;118;269;13771;5977;4.2;1.8
47;2021-02-21;0;0;13771;5977;4.2;1.8
47;2021-02-22;75;408;13846;6385;4.2;1.9
47;2021-02-23;150;649;13996;7034;4.2;2.1
47;2021-02-24;260;561;14256;7595;4.3;2.3
47;2021-02-25;305;413;14561;8008;4.4;2.4
47;2021-02-26;469;323;15030;8331;4.5;2.5
47;2021-02-27;324;213;15354;8544;4.6;2.6
47;2021-02-28;0;0;15354;8544;4.6;2.6
47;2021-03-01;124;397;15478;8941;4.7;2.7
47;2021-03-02;200;367;15678;9308;4.7;2.8
47;2021-03-03;244;349;15922;9657;4.8;2.9
47;2021-03-04;588;329;16510;9986;5.0;3.0
47;2021-03-05;843;288;17353;10274;5.3;3.1
47;2021-03-06;507;193;17860;10467;5.4;3.2
47;2021-03-07;329;5;18189;10472;5.5;3.2
47;2021-03-08;457;226;18646;10698;5.6;3.2
47;2021-03-09;509;493;19155;11191;5.8;3.4
47;2021-03-10;665;301;19820;11492;6.0;3.5
47;2021-03-11;937;371;20757;11863;6.3;3.6
47;2021-03-12;1370;293;22127;12156;6.7;3.7
47;2021-03-13;948;105;23075;12261;7.0;3.7
47;2021-03-14;51;0;23126;12261;7.0;3.7
47;2021-03-15;591;161;23717;12422;7.2;3.8
47;2021-03-16;750;173;24467;12595;7.4;3.8
47;2021-03-17;858;203;25325;12798;7.7;3.9
47;2021-03-18;915;173;26240;12971;7.9;3.9
47;2021-03-19;1270;123;27510;13094;8.3;4.0
47;2021-03-20;1084;56;28594;13150;8.7;4.0
47;2021-03-21;343;1;28937;13151;8.8;4.0
47;2021-03-22;1009;88;29946;13239;9.1;4.0
47;2021-03-23;1148;148;31094;13387;9.4;4.1
47;2021-03-24;1211;129;32305;13516;9.8;4.1
47;2021-03-25;1566;141;33871;13657;10.3;4.1
47;2021-03-26;1881;196;35752;13853;10.8;4.2
47;2021-03-27;976;127;36728;13980;11.1;4.2
47;2021-03-28;697;4;37425;13984;11.3;4.2
47;2021-03-29;1511;79;38936;14063;11.8;4.3
47;2021-03-30;1639;124;40575;14187;12.3;4.3
47;2021-03-31;1603;144;42178;14331;12.8;4.3
47;2021-04-01;1685;262;43863;14593;13.3;4.4
47;2021-04-02;1931;454;45794;15047;13.9;4.6
47;2021-04-03;1199;177;46993;15224;14.2;4.6
47;2021-04-04;473;9;47466;15233;14.4;4.6
47;2021-04-05;1295;55;48761;15288;14.8;4.6
47;2021-04-06;1383;384;50144;15672;15.2;4.7
47;2021-04-07;1691;584;51835;16256;15.7;4.9
47;2021-04-08;1832;470;53667;16726;16.2;5.1
47;2021-04-09;2081;534;55748;17260;16.9;5.2
47;2021-04-10;1563;319;57311;17579;17.3;5.3
47;2021-04-11;530;8;57841;17587;17.5;5.3
47;2021-04-12;1437;606;59278;18193;17.9;5.5
47;2021-04-13;1815;757;61093;18950;18.5;5.7
47;2021-04-14;1750;715;62843;19665;19.0;6.0
47;2021-04-15;2012;839;64855;20504;19.6;6.2
47;2021-04-16;1764;893;66619;21397;20.2;6.5
47;2021-04-17;1472;971;68091;22368;20.6;6.8
47;2021-04-18;23;0;68114;22368;20.6;6.8
47;2021-04-19;1333;929;69447;23297;21.0;7.1
47;2021-04-20;1624;898;71071;24195;21.5;7.3
47;2021-04-21;1620;769;72691;24964;22.0;7.6
47;2021-04-22;1869;1057;74560;26021;22.6;7.9
47;2021-04-23;1721;1066;76281;27087;23.1;8.2
47;2021-04-24;1546;797;77827;27884;23.6;8.4
47;2021-04-25;242;343;78069;28227;23.6;8.5
47;2021-04-26;1485;1361;79554;29588;24.1;9.0
47;2021-04-27;1923;1468;81477;31056;24.7;9.4
47;2021-04-28;2090;1586;83567;32642;25.3;9.9
47;2021-04-29;2529;1503;86096;34145;26.1;10.3
47;2021-04-30;2040;1777;88136;35922;26.7;10.9
47;2021-05-01;2263;982;90399;36904;27.4;11.2
47;2021-05-02;21;358;90420;37262;27.4;11.3
47;2021-05-03;1596;1417;92016;38679;27.9;11.7
47;2021-05-04;1651;1726;93667;40405;28.4;12.2
47;2021-05-05;1927;1638;95594;42043;28.9;12.7
47;2021-05-06;2102;1508;97696;43551;29.6;13.2
47;2021-05-07;1994;1622;99690;45173;30.2;13.7
47;2021-05-08;2095;462;101785;45635;30.8;13.8
47;2021-05-09;24;362;101809;45997;30.8;13.9
47;2021-05-10;1203;1670;103012;47667;31.2;14.4
47;2021-05-11;2171;1990;105183;49657;31.8;15.0
47;2021-05-12;2626;1446;107809;51103;32.6;15.5
47;2021-05-13;2379;656;110188;51759;33.4;15.7
47;2021-05-14;2062;857;112250;52616;34.0;15.9
47;2021-05-15;1935;858;114185;53474;34.6;16.2
47;2021-05-16;367;8;114552;53482;34.7;16.2
47;2021-05-17;1881;1124;116433;54606;35.2;16.5
47;2021-05-18;2353;1134;118786;55740;36.0;16.9
47;2021-05-19;2344;757;121130;56497;36.7;17.1
47;2021-05-20;2580;958;123710;57455;37.4;17.4
47;2021-05-21;1535;1127;125245;58582;37.9;17.7
47;2021-05-22;2364;832;127609;59414;38.6;18.0
47;2021-05-23;25;182;127634;59596;38.6;18.0
47;2021-05-24;1550;232;129184;59828;39.1;18.1
47;2021-05-25;1481;1316;130665;61144;39.6;18.5
47;2021-05-26;1599;1081;132264;62225;40.0;18.8
47;2021-05-27;1942;1266;134206;63491;40.6;19.2
47;2021-05-28;1458;1537;135664;65028;41.1;19.7
47;2021-05-29;1150;1127;136814;66155;41.4;20.0
47;2021-05-30;12;45;136826;66200;41.4;20.0
47;2021-05-31;1867;1420;138693;67620;42.0;20.5
47;2021-06-01;1919;1333;140612;68953;42.6;20.9
47;2021-06-02;2099;1333;142711;70286;43.2;21.3
47;2021-06-03;2480;1607;145191;71893;44.0;21.8
47;2021-06-04;1968;2110;147159;74003;44.5;22.4
47;2021-06-05;1637;1474;148796;75477;45.0;22.8
47;2021-06-06;212;71;149008;75548;45.1;22.9
47;2021-06-07;1663;2245;150671;77793;45.6;23.5
47;2021-06-08;1626;1903;152297;79696;46.1;24.1
47;2021-06-09;1821;2126;154118;81822;46.7;24.8
47;2021-06-10;2366;1608;156484;83430;47.4;25.3
47;2021-06-11;1820;2096;158304;85526;47.9;25.9
47;2021-06-12;1350;2101;159654;87627;48.3;26.5
47;2021-06-13;4;10;159658;87637;48.3;26.5
47;2021-06-14;1278;2447;160936;90084;48.7;27.3
47;2021-06-15;1463;2035;162399;92119;49.2;27.9
47;2021-06-16;1202;2181;163601;94300;49.5;28.5
47;2021-06-17;1641;1523;165242;95823;50.0;29.0
47;2021-06-18;1434;2492;166676;98315;50.5;29.8
47;2021-06-19;1516;2457;168192;100772;50.9;30.5
47;2021-06-20;4;33;168196;100805;50.9;30.5
47;2021-06-21;1127;2511;169323;103316;51.3;31.3
47;2021-06-22;757;2504;170080;105820;51.5;32.0
47;2021-06-23;996;2016;171076;107836;51.8;32.6
47;2021-06-24;1194;1935;172270;109771;52.1;33.2
47;2021-06-25;994;2609;173264;112380;52.5;34.0
47;2021-06-26;978;2783;174242;115163;52.7;34.9
47;2021-06-27;14;349;174256;115512;52.8;35.0
47;2021-06-28;869;2402;175125;117914;53.0;35.7
47;2021-06-29;789;2320;175914;120234;53.3;36.4
47;2021-06-30;723;2310;176637;122544;53.5;37.1
47;2021-07-01;810;2106;177447;124650;53.7;37.7
47;2021-07-02;886;2277;178333;126927;54.0;38.4
47;2021-07-03;720;3041;179053;129968;54.2;39.3
47;2021-07-04;31;12;179084;129980;54.2;39.3
47;2021-07-05;970;2144;180054;132124;54.5;40.0
47;2021-07-06;905;1963;180959;134087;54.8;40.6
47;2021-07-07;1292;2059;182251;136146;55.2;41.2
47;2021-07-08;1139;2191;183390;138337;55.5;41.9
47;2021-07-09;1045;2409;184435;140746;55.8;42.6
47;2021-07-10;950;2132;185385;142878;56.1;43.3
47;2021-07-11;0;6;185385;142884;56.1;43.3
47;2021-07-12;555;2584;185940;145468;56.3;44.0
47;2021-07-13;1086;2588;187026;148056;56.6;44.8
47;2021-07-14;1155;1575;188181;149631;57.0;45.3
47;2021-07-15;1702;3133;189883;152764;57.5;46.2
47;2021-07-16;1711;2678;191594;155442;58.0;47.1
47;2021-07-17;1145;2443;192739;157885;58.3;47.8
47;2021-07-18;36;188;192775;158073;58.4;47.9
47;2021-07-19;1113;2563;193888;160636;58.7;48.6
47;2021-07-20;1608;2334;195496;162970;59.2;49.3
47;2021-07-21;2165;2234;197661;165204;59.8;50.0
47;2021-07-22;2130;2276;199791;167480;60.5;50.7
48;2020-12-27;0;0;0;0;0.0;0.0
48;2020-12-28;0;0;0;0;0.0;0.0
48;2020-12-29;0;0;0;0;0.0;0.0
48;2020-12-30;0;0;0;0;0.0;0.0
48;2020-12-31;0;0;0;0;0.0;0.0
48;2021-01-01;0;0;0;0;0.0;0.0
48;2021-01-02;0;0;0;0;0.0;0.0
48;2021-01-03;0;0;0;0;0.0;0.0
48;2021-01-04;0;0;0;0;0.0;0.0
48;2021-01-05;0;0;0;0;0.0;0.0
48;2021-01-06;0;0;0;0;0.0;0.0
48;2021-01-07;54;0;54;0;0.1;0.0
48;2021-01-08;87;0;141;0;0.2;0.0
48;2021-01-09;1;0;142;0;0.2;0.0
48;2021-01-10;0;0;142;0;0.2;0.0
48;2021-01-11;13;0;155;0;0.2;0.0
48;2021-01-12;19;1;174;1;0.2;0.0
48;2021-01-13;104;0;278;1;0.4;0.0
48;2021-01-14;90;0;368;1;0.5;0.0
48;2021-01-15;63;0;431;1;0.6;0.0
48;2021-01-16;0;0;431;1;0.6;0.0
48;2021-01-17;0;0;431;1;0.6;0.0
48;2021-01-18;117;0;548;1;0.7;0.0
48;2021-01-19;345;0;893;1;1.2;0.0
48;2021-01-20;364;0;1257;1;1.6;0.0
48;2021-01-21;463;0;1720;1;2.3;0.0
48;2021-01-22;269;0;1989;1;2.6;0.0
48;2021-01-23;36;0;2025;1;2.7;0.0
48;2021-01-24;0;0;2025;1;2.7;0.0
48;2021-01-25;109;0;2134;1;2.8;0.0
48;2021-01-26;261;1;2395;2;3.1;0.0
48;2021-01-27;257;2;2652;4;3.5;0.0
48;2021-01-28;270;10;2922;14;3.8;0.0
48;2021-01-29;175;60;3097;74;4.1;0.1
48;2021-01-30;1;7;3098;81;4.1;0.1
48;2021-01-31;0;6;3098;87;4.1;0.1
48;2021-02-01;97;48;3195;135;4.2;0.2
48;2021-02-02;142;36;3337;171;4.4;0.2
48;2021-02-03;177;82;3514;253;4.6;0.3
48;2021-02-04;234;13;3748;266;4.9;0.3
48;2021-02-05;144;35;3892;301;5.1;0.4
48;2021-02-06;34;0;3926;301;5.1;0.4
48;2021-02-07;0;0;3926;301;5.1;0.4
48;2021-02-08;50;61;3976;362;5.2;0.5
48;2021-02-09;66;167;4042;529;5.3;0.7
48;2021-02-10;65;303;4107;832;5.4;1.1
48;2021-02-11;165;407;4272;1239;5.6;1.6
48;2021-02-12;119;156;4391;1395;5.8;1.8
48;2021-02-13;8;55;4399;1450;5.8;1.9
48;2021-02-14;0;0;4399;1450;5.8;1.9
48;2021-02-15;51;106;4450;1556;5.8;2.0
48;2021-02-16;43;173;4493;1729;5.9;2.3
48;2021-02-17;35;284;4528;2013;5.9;2.6
48;2021-02-18;252;95;4780;2108;6.3;2.8
48;2021-02-19;60;183;4840;2291;6.3;3.0
48;2021-02-20;0;1;4840;2292;6.3;3.0
48;2021-02-21;0;14;4840;2306;6.3;3.0
48;2021-02-22;24;129;4864;2435;6.4;3.2
48;2021-02-23;74;221;4938;2656;6.5;3.5
48;2021-02-24;66;265;5004;2921;6.6;3.8
48;2021-02-25;148;263;5152;3184;6.8;4.2
48;2021-02-26;51;225;5203;3409;6.8;4.5
48;2021-02-27;28;1;5231;3410;6.9;4.5
48;2021-02-28;3;14;5234;3424;6.9;4.5
48;2021-03-01;102;96;5336;3520;7.0;4.6
48;2021-03-02;199;87;5535;3607;7.3;4.7
48;2021-03-03;155;109;5690;3716;7.5;4.9
48;2021-03-04;192;183;5882;3899;7.7;5.1
48;2021-03-05;137;140;6019;4039;7.9;5.3
48;2021-03-06;180;53;6199;4092;8.1;5.4
48;2021-03-07;75;1;6274;4093;8.2;5.4
48;2021-03-08;351;122;6625;4215;8.7;5.5
48;2021-03-09;377;85;7002;4300;9.2;5.6
48;2021-03-10;262;60;7264;4360;9.5;5.7
48;2021-03-11;334;90;7598;4450;10.0;5.8
48;2021-03-12;256;153;7854;4603;10.3;6.0
48;2021-03-13;301;4;8155;4607;10.7;6.0
48;2021-03-14;8;0;8163;4607;10.7;6.0
48;2021-03-15;174;63;8337;4670;10.9;6.1
48;2021-03-16;162;65;8499;4735;11.1;6.2
48;2021-03-17;156;105;8655;4840;11.3;6.3
48;2021-03-18;190;102;8845;4942;11.6;6.5
48;2021-03-19;116;95;8961;5037;11.7;6.6
48;2021-03-20;101;0;9062;5037;11.9;6.6
48;2021-03-21;0;0;9062;5037;11.9;6.6
48;2021-03-22;160;22;9222;5059;12.1;6.6
48;2021-03-23;328;100;9550;5159;12.5;6.8
48;2021-03-24;284;99;9834;5258;12.9;6.9
48;2021-03-25;757;111;10591;5369;13.9;7.0
48;2021-03-26;269;57;10860;5426;14.2;7.1
48;2021-03-27;104;0;10964;5426;14.4;7.1
48;2021-03-28;78;19;11042;5445;14.5;7.1
48;2021-03-29;304;77;11346;5522;14.9;7.2
48;2021-03-30;362;127;11708;5649;15.3;7.4
48;2021-03-31;447;82;12155;5731;15.9;7.5
48;2021-04-01;729;65;12884;5796;16.9;7.6
48;2021-04-02;486;124;13370;5920;17.5;7.8
48;2021-04-03;140;83;13510;6003;17.7;7.9
48;2021-04-04;0;0;13510;6003;17.7;7.9
48;2021-04-05;42;1;13552;6004;17.8;7.9
48;2021-04-06;464;155;14016;6159;18.4;8.1
48;2021-04-07;464;137;14480;6296;19.0;8.3
48;2021-04-08;618;182;15098;6478;19.8;8.5
48;2021-04-09;446;115;15544;6593;20.4;8.6
48;2021-04-10;95;58;15639;6651;20.5;8.7
48;2021-04-11;1;0;15640;6651;20.5;8.7
48;2021-04-12;364;70;16004;6721;21.0;8.8
48;2021-04-13;361;92;16365;6813;21.5;8.9
48;2021-04-14;622;184;16987;6997;22.3;9.2
48;2021-04-15;698;350;17685;7347;23.2;9.6
48;2021-04-16;538;218;18223;7565;23.9;9.9
48;2021-04-17;89;69;18312;7634;24.0;10.0
48;2021-04-18;0;0;18312;7634;24.0;10.0
48;2021-04-19;197;104;18509;7738;24.3;10.1
48;2021-04-20;216;175;18725;7913;24.5;10.4
48;2021-04-21;284;203;19009;8116;24.9;10.6
48;2021-04-22;307;479;19316;8595;25.3;11.3
48;2021-04-23;254;239;19570;8834;25.7;11.6
48;2021-04-24;97;93;19667;8927;25.8;11.7
48;2021-04-25;1;9;19668;8936;25.8;11.7
48;2021-04-26;87;205;19755;9141;25.9;12.0
48;2021-04-27;172;292;19927;9433;26.1;12.4
48;2021-04-28;149;413;20076;9846;26.3;12.9
48;2021-04-29;204;490;20280;10336;26.6;13.5
48;2021-04-30;171;222;20451;10558;26.8;13.8
48;2021-05-01;0;0;20451;10558;26.8;13.8
48;2021-05-02;0;0;20451;10558;26.8;13.8
48;2021-05-03;105;386;20556;10944;26.9;14.3
48;2021-05-04;227;421;20783;11365;27.2;14.9
48;2021-05-05;84;484;20867;11849;27.4;15.5
48;2021-05-06;742;633;21609;12482;28.3;16.4
48;2021-05-07;94;504;21703;12986;28.4;17.0
48;2021-05-08;309;43;22012;13029;28.9;17.1
48;2021-05-09;285;9;22297;13038;29.2;17.1
48;2021-05-10;55;325;22352;13363;29.3;17.5
48;2021-05-11;220;290;22572;13653;29.6;17.9
48;2021-05-12;249;312;22821;13965;29.9;18.3
48;2021-05-13;471;157;23292;14122;30.5;18.5
48;2021-05-14;244;221;23536;14343;30.9;18.8
48;2021-05-15;84;47;23620;14390;31.0;18.9
48;2021-05-16;0;8;23620;14398;31.0;18.9
48;2021-05-17;474;265;24094;14663;31.6;19.2
48;2021-05-18;261;228;24355;14891;31.9;19.5
48;2021-05-19;207;278;24562;15169;32.2;19.9
48;2021-05-20;320;253;24882;15422;32.6;20.2
48;2021-05-21;172;267;25054;15689;32.8;20.6
48;2021-05-22;25;50;25079;15739;32.9;20.6
48;2021-05-23;0;6;25079;15745;32.9;20.6
48;2021-05-24;0;14;25079;15759;32.9;20.7
48;2021-05-25;180;265;25259;16024;33.1;21.0
48;2021-05-26;416;297;25675;16321;33.7;21.4
48;2021-05-27;1175;370;26850;16691;35.2;21.9
48;2021-05-28;315;343;27165;17034;35.6;22.3
48;2021-05-29;79;47;27244;17081;35.7;22.4
48;2021-05-30;0;1;27244;17082;35.7;22.4
48;2021-05-31;625;262;27869;17344;36.5;22.7
48;2021-06-01;271;302;28140;17646;36.9;23.1
48;2021-06-02;407;422;28547;18068;37.4;23.7
48;2021-06-03;628;429;29175;18497;38.2;24.2
48;2021-06-04;291;280;29466;18777;38.6;24.6
48;2021-06-05;121;75;29587;18852;38.8;24.7
48;2021-06-06;1;1;29588;18853;38.8;24.7
48;2021-06-07;440;161;30028;19014;39.4;24.9
48;2021-06-08;612;304;30640;19318;40.2;25.3
48;2021-06-09;378;188;31018;19506;40.7;25.6
48;2021-06-10;999;229;32017;19735;42.0;25.9
48;2021-06-11;371;158;32388;19893;42.5;26.1
48;2021-06-12;74;56;32462;19949;42.6;26.2
48;2021-06-13;0;2;32462;19951;42.6;26.2
48;2021-06-14;124;115;32586;20066;42.7;26.3
48;2021-06-15;406;384;32992;20450;43.2;26.8
48;2021-06-16;259;143;33251;20593;43.6;27.0
48;2021-06-17;487;567;33738;21160;44.2;27.7
48;2021-06-18;253;313;33991;21473;44.6;28.1
48;2021-06-19;35;291;34026;21764;44.6;28.5
48;2021-06-20;123;224;34149;21988;44.8;28.8
48;2021-06-21;123;132;34272;22120;44.9;29.0
48;2021-06-22;257;329;34529;22449;45.3;29.4
48;2021-06-23;111;546;34640;22995;45.4;30.1
48;2021-06-24;354;600;34994;23595;45.9;30.9
48;2021-06-25;148;274;35142;23869;46.1;31.3
48;2021-06-26;14;45;35156;23914;46.1;31.3
48;2021-06-27;1;1;35157;23915;46.1;31.3
48;2021-06-28;80;179;35237;24094;46.2;31.6
48;2021-06-29;294;411;35531;24505;46.6;32.1
48;2021-06-30;94;465;35625;24970;46.7;32.7
48;2021-07-01;196;666;35821;25636;47.0;33.6
48;2021-07-02;147;368;35968;26004;47.1;34.1
48;2021-07-03;41;88;36009;26092;47.2;34.2
48;2021-07-04;7;0;36016;26092;47.2;34.2
48;2021-07-05;40;116;36056;26208;47.3;34.4
48;2021-07-06;277;596;36333;26804;47.6;35.1
48;2021-07-07;200;483;36533;27287;47.9;35.8
48;2021-07-08;222;1185;36755;28472;48.2;37.3
48;2021-07-09;156;552;36911;29024;48.4;38.0
48;2021-07-10;95;146;37006;29170;48.5;38.2
48;2021-07-11;0;4;37006;29174;48.5;38.2
48;2021-07-12;138;671;37144;29845;48.7;39.1
48;2021-07-13;212;431;37356;30276;49.0;39.7
48;2021-07-14;178;142;37534;30418;49.2;39.9
48;2021-07-15;185;455;37719;30873;49.4;40.5
48;2021-07-16;233;310;37952;31183;49.7;40.9
48;2021-07-17;121;117;38073;31300;49.9;41.0
48;2021-07-18;4;4;38077;31304;49.9;41.0
48;2021-07-19;97;301;38174;31605;50.0;41.4
48;2021-07-20;590;990;38764;32595;50.8;42.7
48;2021-07-21;69;370;38833;32965;50.9;43.2
48;2021-07-22;750;1114;39583;34079;51.9;44.7
49;2020-12-27;0;0;0;0;0.0;0.0
49;2020-12-28;2;0;2;0;0.0;0.0
49;2020-12-29;0;0;2;0;0.0;0.0
49;2020-12-30;0;0;2;0;0.0;0.0
49;2020-12-31;0;0;2;0;0.0;0.0
49;2021-01-01;2;0;4;0;0.0;0.0
49;2021-01-02;1;0;5;0;0.0;0.0
49;2021-01-03;0;0;5;0;0.0;0.0
49;2021-01-04;9;0;14;0;0.0;0.0
49;2021-01-05;92;0;106;0;0.0;0.0
49;2021-01-06;230;0;336;0;0.0;0.0
49;2021-01-07;366;0;702;0;0.1;0.0
49;2021-01-08;330;1;1032;1;0.1;0.0
49;2021-01-09;118;0;1150;1;0.1;0.0
49;2021-01-10;114;0;1264;1;0.2;0.0
49;2021-01-11;287;0;1551;1;0.2;0.0
49;2021-01-12;621;0;2172;1;0.3;0.0
49;2021-01-13;601;2;2773;3;0.3;0.0
49;2021-01-14;587;6;3360;9;0.4;0.0
49;2021-01-15;774;1;4134;10;0.5;0.0
49;2021-01-16;147;0;4281;10;0.5;0.0
49;2021-01-17;111;2;4392;12;0.5;0.0
49;2021-01-18;691;0;5083;12;0.6;0.0
49;2021-01-19;1203;1;6286;13;0.8;0.0
49;2021-01-20;1506;3;7792;16;1.0;0.0
49;2021-01-21;1937;4;9729;20;1.2;0.0
49;2021-01-22;1313;4;11042;24;1.4;0.0
49;2021-01-23;260;1;11302;25;1.4;0.0
49;2021-01-24;0;0;11302;25;1.4;0.0
49;2021-01-25;549;5;11851;30;1.5;0.0
49;2021-01-26;986;75;12837;105;1.6;0.0
49;2021-01-27;1841;37;14678;142;1.8;0.0
49;2021-01-28;2872;85;17550;227;2.2;0.0
49;2021-01-29;1585;94;19135;321;2.3;0.0
49;2021-01-30;298;47;19433;368;2.4;0.0
49;2021-01-31;62;51;19495;419;2.4;0.1
49;2021-02-01;657;156;20152;575;2.5;0.1
49;2021-02-02;742;386;20894;961;2.6;0.1
49;2021-02-03;674;382;21568;1343;2.6;0.2
49;2021-02-04;755;445;22323;1788;2.7;0.2
49;2021-02-05;706;598;23029;2386;2.8;0.3
49;2021-02-06;229;111;23258;2497;2.9;0.3
49;2021-02-07;59;86;23317;2583;2.9;0.3
49;2021-02-08;549;481;23866;3064;2.9;0.4
49;2021-02-09;711;647;24577;3711;3.0;0.5
49;2021-02-10;800;952;25377;4663;3.1;0.6
49;2021-02-11;1000;1406;26377;6069;3.2;0.7
49;2021-02-12;869;975;27246;7044;3.3;0.9
49;2021-02-13;266;118;27512;7162;3.4;0.9
49;2021-02-14;9;106;27521;7268;3.4;0.9
49;2021-02-15;734;660;28255;7928;3.5;1.0
49;2021-02-16;1111;1124;29366;9052;3.6;1.1
49;2021-02-17;1156;1865;30522;10917;3.7;1.3
49;2021-02-18;1810;2438;32332;13355;4.0;1.6
49;2021-02-19;1391;1108;33723;14463;4.1;1.8
49;2021-02-20;232;383;33955;14846;4.2;1.8
49;2021-02-21;0;64;33955;14910;4.2;1.8
49;2021-02-22;646;586;34601;15496;4.2;1.9
49;2021-02-23;734;864;35335;16360;4.3;2.0
49;2021-02-24;801;646;36136;17006;4.4;2.1
49;2021-02-25;1210;818;37346;17824;4.6;2.2
49;2021-02-26;1667;847;39013;18671;4.8;2.3
49;2021-02-27;435;307;39448;18978;4.8;2.3
49;2021-02-28;49;38;39497;19016;4.8;2.3
49;2021-03-01;765;578;40262;19594;4.9;2.4
49;2021-03-02;1081;725;41343;20319;5.1;2.5
49;2021-03-03;1555;674;42898;20993;5.3;2.6
49;2021-03-04;1763;935;44661;21928;5.5;2.7
49;2021-03-05;2212;695;46873;22623;5.7;2.8
49;2021-03-06;713;185;47586;22808;5.8;2.8
49;2021-03-07;627;10;48213;22818;5.9;2.8
49;2021-03-08;1395;710;49608;23528;6.1;2.9
49;2021-03-09;2049;741;51657;24269;6.3;3.0
49;2021-03-10;2525;855;54182;25124;6.6;3.1
49;2021-03-11;3191;1465;57373;26589;7.0;3.3
49;2021-03-12;3765;989;61138;27578;7.5;3.4
49;2021-03-13;1499;214;62637;27792;7.7;3.4
49;2021-03-14;6;0;62643;27792;7.7;3.4
49;2021-03-15;2084;544;64727;28336;7.9;3.5
49;2021-03-16;1731;961;66458;29297;8.1;3.6
49;2021-03-17;1810;669;68268;29966;8.4;3.7
49;2021-03-18;2196;725;70464;30691;8.6;3.8
49;2021-03-19;3328;558;73792;31249;9.0;3.8
49;2021-03-20;1742;207;75534;31456;9.3;3.9
49;2021-03-21;493;24;76027;31480;9.3;3.9
49;2021-03-22;2245;545;78272;32025;9.6;3.9
49;2021-03-23;3398;675;81670;32700;10.0;4.0
49;2021-03-24;3601;494;85271;33194;10.5;4.1
49;2021-03-25;4223;640;89494;33834;11.0;4.1
49;2021-03-26;4878;497;94372;34331;11.6;4.2
49;2021-03-27;1672;97;96044;34428;11.8;4.2
49;2021-03-28;398;33;96442;34461;11.8;4.2
49;2021-03-29;2368;613;98810;35074;12.1;4.3
49;2021-03-30;3264;934;102074;36008;12.5;4.4
49;2021-03-31;2976;750;105050;36758;12.9;4.5
49;2021-04-01;4119;856;109169;37614;13.4;4.6
49;2021-04-02;4284;924;113453;38538;13.9;4.7
49;2021-04-03;971;193;114424;38731;14.0;4.7
49;2021-04-04;314;3;114738;38734;14.1;4.7
49;2021-04-05;940;21;115678;38755;14.2;4.8
49;2021-04-06;2331;1324;118009;40079;14.5;4.9
49;2021-04-07;3307;1364;121316;41443;14.9;5.1
49;2021-04-08;5177;1390;126493;42833;15.5;5.2
49;2021-04-09;6208;1402;132701;44235;16.3;5.4
49;2021-04-10;2062;490;134763;44725;16.5;5.5
49;2021-04-11;389;7;135152;44732;16.6;5.5
49;2021-04-12;4069;1572;139221;46304;17.1;5.7
49;2021-04-13;5376;1907;144597;48211;17.7;5.9
49;2021-04-14;4538;1863;149135;50074;18.3;6.1
49;2021-04-15;5377;1883;154512;51957;18.9;6.4
49;2021-04-16;5756;2126;160268;54083;19.6;6.6
49;2021-04-17;3335;839;163603;54922;20.1;6.7
49;2021-04-18;381;475;163984;55397;20.1;6.8
49;2021-04-19;3708;2056;167692;57453;20.6;7.0
49;2021-04-20;4372;2109;172064;59562;21.1;7.3
49;2021-04-21;3951;2205;176015;61767;21.6;7.6
49;2021-04-22;4834;2099;180849;63866;22.2;7.8
49;2021-04-23;4807;2324;185656;66190;22.8;8.1
49;2021-04-24;2935;1154;188591;67344;23.1;8.3
49;2021-04-25;41;283;188632;67627;23.1;8.3
49;2021-04-26;3738;2110;192370;69737;23.6;8.5
49;2021-04-27;4473;2487;196843;72224;24.1;8.9
49;2021-04-28;4614;2477;201457;74701;24.7;9.2
49;2021-04-29;5206;3003;206663;77704;25.3;9.5
49;2021-04-30;5547;3180;212210;80884;26.0;9.9
49;2021-05-01;2365;662;214575;81546;26.3;10.0
49;2021-05-02;4;40;214579;81586;26.3;10.0
49;2021-05-03;5011;2386;219590;83972;26.9;10.3
49;2021-05-04;4970;3032;224560;87004;27.5;10.7
49;2021-05-05;4783;2993;229343;89997;28.1;11.0
49;2021-05-06;5329;3076;234672;93073;28.8;11.4
49;2021-05-07;4271;5013;238943;98086;29.3;12.0
49;2021-05-08;3573;435;242516;98521;29.7;12.1
49;2021-05-09;9;41;242525;98562;29.7;12.1
49;2021-05-10;4829;4264;247354;102826;30.3;12.6
49;2021-05-11;5394;5082;252748;107908;31.0;13.2
49;2021-05-12;4800;4585;257548;112493;31.6;13.8
49;2021-05-13;4778;686;262326;113179;32.2;13.9
49;2021-05-14;5170;3266;267496;116445;32.8;14.3
49;2021-05-15;4154;1805;271650;118250;33.3;14.5
49;2021-05-16;2786;116;274436;118366;33.6;14.5
49;2021-05-17;4828;3681;279264;122047;34.2;15.0
49;2021-05-18;5462;3757;284726;125804;34.9;15.4
49;2021-05-19;5913;3211;290639;129015;35.6;15.8
49;2021-05-20;6763;2954;297402;131969;36.5;16.2
49;2021-05-21;6457;3738;303859;135707;37.2;16.6
49;2021-05-22;5181;1186;309040;136893;37.9;16.8
49;2021-05-23;1;12;309041;136905;37.9;16.8
49;2021-05-24;4218;438;313259;137343;38.4;16.8
49;2021-05-25;6329;3298;319588;140641;39.2;17.2
49;2021-05-26;6272;2657;325860;143298;39.9;17.6
49;2021-05-27;7107;2720;332967;146018;40.8;17.9
49;2021-05-28;6875;4010;339842;150028;41.7;18.4
49;2021-05-29;5021;1894;344863;151922;42.3;18.6
49;2021-05-30;20;13;344883;151935;42.3;18.6
49;2021-05-31;6038;3215;350921;155150;43.0;19.0
49;2021-06-01;6587;3968;357508;159118;43.8;19.5
49;2021-06-02;5787;3734;363295;162852;44.5;20.0
49;2021-06-03;6602;3417;369897;166269;45.3;20.4
49;2021-06-04;6467;4853;376364;171122;46.1;21.0
49;2021-06-05;4384;2693;380748;173815;46.7;21.3
49;2021-06-06;34;52;380782;173867;46.7;21.3
49;2021-06-07;4628;4759;385410;178626;47.2;21.9
49;2021-06-08;5179;5088;390589;183714;47.9;22.5
49;2021-06-09;5319;4492;395908;188206;48.5;23.1
49;2021-06-10;5979;3781;401887;191987;49.3;23.5
49;2021-06-11;4840;6034;406727;198021;49.9;24.3
49;2021-06-12;4091;3197;410818;201218;50.4;24.7
49;2021-06-13;19;989;410837;202207;50.4;24.8
49;2021-06-14;3406;6011;414243;208218;50.8;25.5
49;2021-06-15;4233;6389;418476;214607;51.3;26.3
49;2021-06-16;4135;5653;422611;220260;51.8;27.0
49;2021-06-17;5060;5059;427671;225319;52.4;27.6
49;2021-06-18;4115;6889;431786;232208;52.9;28.5
49;2021-06-19;3521;3973;435307;236181;53.4;28.9
49;2021-06-20;24;22;435331;236203;53.4;29.0
49;2021-06-21;2822;6507;438153;242710;53.7;29.7
49;2021-06-22;3188;7005;441341;249715;54.1;30.6
49;2021-06-23;3243;6310;444584;256025;54.5;31.4
49;2021-06-24;4300;4971;448884;260996;55.0;32.0
49;2021-06-25;3315;7445;452199;268441;55.4;32.9
49;2021-06-26;2559;4634;454758;273075;55.7;33.5
49;2021-06-27;11;1544;454769;274619;55.7;33.7
49;2021-06-28;2227;7181;456996;281800;56.0;34.5
49;2021-06-29;2996;7257;459992;289057;56.4;35.4
49;2021-06-30;2785;6807;462777;295864;56.7;36.3
49;2021-07-01;3064;6269;465841;302133;57.1;37.0
49;2021-07-02;2885;8084;468726;310217;57.5;38.0
49;2021-07-03;1980;5492;470706;315709;57.7;38.7
49;2021-07-04;5;52;470711;315761;57.7;38.7
49;2021-07-05;1615;7075;472326;322836;57.9;39.6
49;2021-07-06;1877;7563;474203;330399;58.1;40.5
49;2021-07-07;2044;6629;476247;337028;58.4;41.3
49;2021-07-08;2497;6354;478744;343382;58.7;42.1
49;2021-07-09;2292;8255;481036;351637;59.0;43.1
49;2021-07-10;1771;5340;482807;356977;59.2;43.8
49;2021-07-11;11;34;482818;357011;59.2;43.8
49;2021-07-12;1907;7722;484725;364733;59.4;44.7
49;2021-07-13;2540;8306;487265;373039;59.7;45.7
49;2021-07-14;2874;3368;490139;376407;60.1;46.1
49;2021-07-15;3103;7554;493242;383961;60.5;47.1
49;2021-07-16;3299;8301;496541;392262;60.9;48.1
49;2021-07-17;2066;5484;498607;397746;61.1;48.8
49;2021-07-18;3737;560;502344;398306;61.6;48.8
49;2021-07-19;2557;7445;504901;405751;61.9;49.7
49;2021-07-20;3342;7477;508243;413228;62.3;50.6
49;2021-07-21;4138;6453;512381;419681;62.8;51.4
49;2021-07-22;4590;5830;516971;425511;63.4;52.2
50;2020-12-27;0;0;0;0;0.0;0.0
50;2020-12-28;0;0;0;0;0.0;0.0
50;2020-12-29;1;0;1;0;0.0;0.0
50;2020-12-30;0;0;1;0;0.0;0.0
50;2020-12-31;0;0;1;0;0.0;0.0
50;2021-01-01;0;0;1;0;0.0;0.0
50;2021-01-02;0;0;1;0;0.0;0.0
50;2021-01-03;0;0;1;0;0.0;0.0
50;2021-01-04;0;0;1;0;0.0;0.0
50;2021-01-05;0;0;1;0;0.0;0.0
50;2021-01-06;126;0;127;0;0.0;0.0
50;2021-01-07;306;0;433;0;0.1;0.0
50;2021-01-08;436;1;869;1;0.2;0.0
50;2021-01-09;236;0;1105;1;0.2;0.0
50;2021-01-10;23;0;1128;1;0.2;0.0
50;2021-01-11;388;2;1516;3;0.3;0.0
50;2021-01-12;600;0;2116;3;0.4;0.0
50;2021-01-13;693;4;2809;7;0.6;0.0
50;2021-01-14;1020;7;3829;14;0.8;0.0
50;2021-01-15;705;2;4534;16;0.9;0.0
50;2021-01-16;214;3;4748;19;1.0;0.0
50;2021-01-17;0;0;4748;19;1.0;0.0
50;2021-01-18;619;0;5367;19;1.1;0.0
50;2021-01-19;892;1;6259;20;1.3;0.0
50;2021-01-20;906;0;7165;20;1.5;0.0
50;2021-01-21;916;4;8081;24;1.6;0.0
50;2021-01-22;713;2;8794;26;1.8;0.0
50;2021-01-23;667;4;9461;30;1.9;0.0
50;2021-01-24;880;2;10341;32;2.1;0.0
50;2021-01-25;2657;10;12998;42;2.6;0.0
50;2021-01-26;1335;10;14333;52;2.9;0.0
50;2021-01-27;743;54;15076;106;3.1;0.0
50;2021-01-28;718;169;15794;275;3.2;0.1
50;2021-01-29;578;306;16372;581;3.3;0.1
50;2021-01-30;381;167;16753;748;3.4;0.2
50;2021-01-31;0;0;16753;748;3.4;0.2
50;2021-02-01;449;226;17202;974;3.5;0.2
50;2021-02-02;416;236;17618;1210;3.6;0.2
50;2021-02-03;390;379;18008;1589;3.7;0.3
50;2021-02-04;480;453;18488;2042;3.8;0.4
50;2021-02-05;422;450;18910;2492;3.9;0.5
50;2021-02-06;178;113;19088;2605;3.9;0.5
50;2021-02-07;0;0;19088;2605;3.9;0.5
50;2021-02-08;255;510;19343;3115;3.9;0.6
50;2021-02-09;245;643;19588;3758;4.0;0.8
50;2021-02-10;568;556;20156;4314;4.1;0.9
50;2021-02-11;438;917;20594;5231;4.2;1.1
50;2021-02-12;325;673;20919;5904;4.3;1.2
50;2021-02-13;303;489;21222;6393;4.3;1.3
50;2021-02-14;185;825;21407;7218;4.4;1.5
50;2021-02-15;657;2021;22064;9239;4.5;1.9
50;2021-02-16;743;1624;22807;10863;4.6;2.2
50;2021-02-17;632;828;23439;11691;4.8;2.4
50;2021-02-18;568;808;24007;12499;4.9;2.5
50;2021-02-19;628;522;24635;13021;5.0;2.7
50;2021-02-20;422;194;25057;13215;5.1;2.7
50;2021-02-21;85;29;25142;13244;5.1;2.7
50;2021-02-22;291;731;25433;13975;5.2;2.8
50;2021-02-23;502;569;25935;14544;5.3;3.0
50;2021-02-24;623;570;26558;15114;5.4;3.1
50;2021-02-25;778;588;27336;15702;5.6;3.2
50;2021-02-26;1000;402;28336;16104;5.8;3.3
50;2021-02-27;886;112;29222;16216;6.0;3.3
50;2021-02-28;111;0;29333;16216;6.0;3.3
50;2021-03-01;489;558;29822;16774;6.1;3.4
50;2021-03-02;650;520;30472;17294;6.2;3.5
50;2021-03-03;796;458;31268;17752;6.4;3.6
50;2021-03-04;1247;336;32515;18088;6.6;3.7
50;2021-03-05;1550;346;34065;18434;6.9;3.8
50;2021-03-06;1319;156;35384;18590;7.2;3.8
50;2021-03-07;549;40;35933;18630;7.3;3.8
50;2021-03-08;1021;622;36954;19252;7.5;3.9
50;2021-03-09;1552;567;38506;19819;7.8;4.0
50;2021-03-10;1603;319;40109;20138;8.2;4.1
50;2021-03-11;2351;346;42460;20484;8.7;4.2
50;2021-03-12;2865;238;45325;20722;9.2;4.2
50;2021-03-13;1988;128;47313;20850;9.6;4.2
50;2021-03-14;279;41;47592;20891;9.7;4.3
50;2021-03-15;1376;297;48968;21188;10.0;4.3
50;2021-03-16;1339;276;50307;21464;10.3;4.4
50;2021-03-17;1269;407;51576;21871;10.5;4.5
50;2021-03-18;1159;422;52735;22293;10.7;4.5
50;2021-03-19;1729;588;54464;22881;11.1;4.7
50;2021-03-20;1684;220;56148;23101;11.4;4.7
50;2021-03-21;794;8;56942;23109;11.6;4.7
50;2021-03-22;1506;332;58448;23441;11.9;4.8
50;2021-03-23;2068;391;60516;23832;12.3;4.9
50;2021-03-24;2278;551;62794;24383;12.8;5.0
50;2021-03-25;2808;462;65602;24845;13.4;5.1
50;2021-03-26;3204;459;68806;25304;14.0;5.2
50;2021-03-27;1816;374;70622;25678;14.4;5.2
50;2021-03-28;403;17;71025;25695;14.5;5.2
50;2021-03-29;2135;719;73160;26414;14.9;5.4
50;2021-03-30;2273;636;75433;27050;15.4;5.5
50;2021-03-31;2475;565;77908;27615;15.9;5.6
50;2021-04-01;3094;858;81002;28473;16.5;5.8
50;2021-04-02;2961;928;83963;29401;17.1;6.0
50;2021-04-03;1244;691;85207;30092;17.4;6.1
50;2021-04-04;321;135;85528;30227;17.4;6.2
50;2021-04-05;399;27;85927;30254;17.5;6.2
50;2021-04-06;2124;1223;88051;31477;17.9;6.4
50;2021-04-07;2555;1179;90606;32656;18.5;6.7
50;2021-04-08;3591;1210;94197;33866;19.2;6.9
50;2021-04-09;3929;1287;98126;35153;20.0;7.2
50;2021-04-10;2535;874;100661;36027;20.5;7.3
50;2021-04-11;408;147;101069;36174;20.6;7.4
50;2021-04-12;2438;1375;103507;37549;21.1;7.7
50;2021-04-13;2672;1536;106179;39085;21.6;8.0
50;2021-04-14;2607;1351;108786;40436;22.2;8.2
50;2021-04-15;3158;1104;111944;41540;22.8;8.5
50;2021-04-16;3362;1101;115306;42641;23.5;8.7
50;2021-04-17;2400;1181;117706;43822;24.0;8.9
50;2021-04-18;424;661;118130;44483;24.1;9.1
50;2021-04-19;1999;1472;120129;45955;24.5;9.4
50;2021-04-20;2277;1583;122406;47538;24.9;9.7
50;2021-04-21;2552;1755;124958;49293;25.5;10.0
50;2021-04-22;3077;1819;128035;51112;26.1;10.4
50;2021-04-23;2746;1907;130781;53019;26.7;10.8
50;2021-04-24;1895;1434;132676;54453;27.0;11.1
50;2021-04-25;470;272;133146;54725;27.1;11.2
50;2021-04-26;2118;1886;135264;56611;27.6;11.5
50;2021-04-27;2407;1994;137671;58605;28.1;11.9
50;2021-04-28;2705;1963;140376;60568;28.6;12.3
50;2021-04-29;3283;2036;143659;62604;29.3;12.8
50;2021-04-30;2990;1924;146649;64528;29.9;13.2
50;2021-05-01;1013;592;147662;65120;30.1;13.3
50;2021-05-02;522;450;148184;65570;30.2;13.4
50;2021-05-03;1766;1806;149950;67376;30.6;13.7
50;2021-05-04;1772;2320;151722;69696;30.9;14.2
50;2021-05-05;1661;2952;153383;72648;31.3;14.8
50;2021-05-06;2532;2579;155915;75227;31.8;15.3
50;2021-05-07;2148;2861;158063;78088;32.2;15.9
50;2021-05-08;1165;789;159228;78877;32.5;16.1
50;2021-05-09;621;359;159849;79236;32.6;16.1
50;2021-05-10;1706;2601;161555;81837;32.9;16.7
50;2021-05-11;2541;2838;164096;84675;33.4;17.3
50;2021-05-12;3175;2434;167271;87109;34.1;17.8
50;2021-05-13;3381;611;170652;87720;34.8;17.9
50;2021-05-14;3572;2276;174224;89996;35.5;18.3
50;2021-05-15;4000;1870;178224;91866;36.3;18.7
50;2021-05-16;946;265;179170;92131;36.5;18.8
50;2021-05-17;2136;1876;181306;94007;37.0;19.2
50;2021-05-18;2520;1616;183826;95623;37.5;19.5
50;2021-05-19;2503;1438;186329;97061;38.0;19.8
50;2021-05-20;3239;1624;189568;98685;38.6;20.1
50;2021-05-21;3157;1912;192725;100597;39.3;20.5
50;2021-05-22;2649;1324;195374;101921;39.8;20.8
50;2021-05-23;601;285;195975;102206;39.9;20.8
50;2021-05-24;1527;491;197502;102697;40.3;20.9
50;2021-05-25;2446;1674;199948;104371;40.8;21.3
50;2021-05-26;2987;1442;202935;105813;41.4;21.6
50;2021-05-27;3026;1972;205961;107785;42.0;22.0
50;2021-05-28;2946;2120;208907;109905;42.6;22.4
50;2021-05-29;2755;1399;211662;111304;43.1;22.7
50;2021-05-30;812;323;212474;111627;43.3;22.7
50;2021-05-31;2651;1815;215125;113442;43.8;23.1
50;2021-06-01;3330;2062;218455;115504;44.5;23.5
50;2021-06-02;3256;1782;221711;117286;45.2;23.9
50;2021-06-03;3909;2085;225620;119371;46.0;24.3
50;2021-06-04;3822;2874;229442;122245;46.8;24.9
50;2021-06-05;2957;1841;232399;124086;47.4;25.3
50;2021-06-06;812;442;233211;124528;47.5;25.4
50;2021-06-07;3515;2076;236726;126604;48.2;25.8
50;2021-06-08;4070;2217;240796;128821;49.1;26.3
50;2021-06-09;4246;1985;245042;130806;49.9;26.7
50;2021-06-10;4187;2107;249229;132913;50.8;27.1
50;2021-06-11;4207;2707;253436;135620;51.7;27.6
50;2021-06-12;3726;1598;257162;137218;52.4;28.0
50;2021-06-13;1137;449;258299;137667;52.6;28.1
50;2021-06-14;2679;2960;260978;140627;53.2;28.7
50;2021-06-15;3011;2602;263989;143229;53.8;29.2
50;2021-06-16;3090;1968;267079;145197;54.4;29.6
50;2021-06-17;2792;2483;269871;147680;55.0;30.1
50;2021-06-18;3223;3036;273094;150716;55.7;30.7
50;2021-06-19;3169;1921;276263;152637;56.3;31.1
50;2021-06-20;730;709;276993;153346;56.5;31.3
50;2021-06-21;1806;3134;278799;156480;56.8;31.9
50;2021-06-22;2057;3388;280856;159868;57.2;32.6
50;2021-06-23;1854;3876;282710;163744;57.6;33.4
50;2021-06-24;1704;4018;284414;167762;58.0;34.2
50;2021-06-25;2121;4006;286535;171768;58.4;35.0
50;2021-06-26;2128;3706;288663;175474;58.8;35.8
50;2021-06-27;609;894;289272;176368;59.0;35.9
50;2021-06-28;1896;3361;291168;179729;59.3;36.6
50;2021-06-29;1862;3403;293030;183132;59.7;37.3
50;2021-06-30;2151;3411;295181;186543;60.2;38.0
50;2021-07-01;1928;3261;297109;189804;60.6;38.7
50;2021-07-02;1876;3948;298985;193752;60.9;39.5
50;2021-07-03;1430;3454;300415;197206;61.2;40.2
50;2021-07-04;441;1073;300856;198279;61.3;40.4
50;2021-07-05;1255;3419;302111;201698;61.6;41.1
50;2021-07-06;1548;3893;303659;205591;61.9;41.9
50;2021-07-07;1775;3626;305434;209217;62.2;42.6
50;2021-07-08;1350;4110;306784;213327;62.5;43.5
50;2021-07-09;1378;4585;308162;217912;62.8;44.4
50;2021-07-10;1014;3610;309176;221522;63.0;45.1
50;2021-07-11;365;1022;309541;222544;63.1;45.4
50;2021-07-12;1294;4636;310835;227180;63.3;46.3
50;2021-07-13;1603;4868;312438;232048;63.7;47.3
50;2021-07-14;1472;2354;313910;234402;64.0;47.8
50;2021-07-15;1664;5057;315574;239459;64.3;48.8
50;2021-07-16;2957;5247;318531;244706;64.9;49.9
50;2021-07-17;2128;3733;320659;248439;65.4;50.6
50;2021-07-18;402;1090;321061;249529;65.4;50.9
50;2021-07-19;1557;5185;322618;254714;65.8;51.9
50;2021-07-20;1897;5404;324515;260118;66.1;53.0
50;2021-07-21;1777;5257;326292;265375;66.5;54.1
50;2021-07-22;1828;4992;328120;270367;66.9;55.1
51;2020-12-27;0;0;0;0;0.0;0.0
51;2020-12-28;0;0;0;0;0.0;0.0
51;2020-12-29;0;0;0;0;0.0;0.0
51;2020-12-30;0;0;0;0;0.0;0.0
51;2020-12-31;1;0;1;0;0.0;0.0
51;2021-01-01;0;0;1;0;0.0;0.0
51;2021-01-02;0;0;1;0;0.0;0.0
51;2021-01-03;0;0;1;0;0.0;0.0
51;2021-01-04;1;0;2;0;0.0;0.0
51;2021-01-05;1;0;3;0;0.0;0.0
51;2021-01-06;6;0;9;0;0.0;0.0
51;2021-01-07;261;1;270;1;0.0;0.0
51;2021-01-08;501;1;771;2;0.1;0.0
51;2021-01-09;91;0;862;2;0.2;0.0
51;2021-01-10;0;0;862;2;0.2;0.0
51;2021-01-11;544;2;1406;4;0.2;0.0
51;2021-01-12;1533;3;2939;7;0.5;0.0
51;2021-01-13;1287;5;4226;12;0.7;0.0
51;2021-01-14;1463;6;5689;18;1.0;0.0
51;2021-01-15;605;3;6294;21;1.1;0.0
51;2021-01-16;177;1;6471;22;1.1;0.0
51;2021-01-17;101;0;6572;22;1.2;0.0
51;2021-01-18;842;2;7414;24;1.3;0.0
51;2021-01-19;996;2;8410;26;1.5;0.0
51;2021-01-20;954;6;9364;32;1.7;0.0
51;2021-01-21;790;2;10154;34;1.8;0.0
51;2021-01-22;390;2;10544;36;1.9;0.0
51;2021-01-23;294;0;10838;36;1.9;0.0
51;2021-01-24;129;1;10967;37;1.9;0.0
51;2021-01-25;712;1;11679;38;2.1;0.0
51;2021-01-26;776;4;12455;42;2.2;0.0
51;2021-01-27;655;3;13110;45;2.3;0.0
51;2021-01-28;644;70;13754;115;2.4;0.0
51;2021-01-29;471;142;14225;257;2.5;0.0
51;2021-01-30;126;5;14351;262;2.5;0.0
51;2021-01-31;83;0;14434;262;2.6;0.0
51;2021-02-01;271;58;14705;320;2.6;0.1
51;2021-02-02;732;723;15437;1043;2.7;0.2
51;2021-02-03;634;470;16071;1513;2.9;0.3
51;2021-02-04;966;822;17037;2335;3.0;0.4
51;2021-02-05;966;512;18003;2847;3.2;0.5
51;2021-02-06;30;149;18033;2996;3.2;0.5
51;2021-02-07;0;18;18033;3014;3.2;0.5
51;2021-02-08;115;415;18148;3429;3.2;0.6
51;2021-02-09;222;471;18370;3900;3.3;0.7
51;2021-02-10;219;640;18589;4540;3.3;0.8
51;2021-02-11;298;529;18887;5069;3.3;0.9
51;2021-02-12;340;567;19227;5636;3.4;1.0
51;2021-02-13;8;117;19235;5753;3.4;1.0
51;2021-02-14;8;173;19243;5926;3.4;1.1
51;2021-02-15;265;854;19508;6780;3.5;1.2
51;2021-02-16;400;967;19908;7747;3.5;1.4
51;2021-02-17;367;882;20275;8629;3.6;1.5
51;2021-02-18;435;594;20710;9223;3.7;1.6
51;2021-02-19;528;419;21238;9642;3.8;1.7
51;2021-02-20;205;297;21443;9939;3.8;1.8
51;2021-02-21;10;101;21453;10040;3.8;1.8
51;2021-02-22;195;690;21648;10730;3.8;1.9
51;2021-02-23;259;1099;21907;11829;3.9;2.1
51;2021-02-24;410;692;22317;12521;4.0;2.2
51;2021-02-25;1048;884;23365;13405;4.1;2.4
51;2021-02-26;1223;665;24588;14070;4.4;2.5
51;2021-02-27;589;124;25177;14194;4.5;2.5
51;2021-02-28;7;71;25184;14265;4.5;2.5
51;2021-03-01;766;308;25950;14573;4.6;2.6
51;2021-03-02;1122;448;27072;15021;4.8;2.7
51;2021-03-03;1193;461;28265;15482;5.0;2.7
51;2021-03-04;1058;698;29323;16180;5.2;2.9
51;2021-03-05;1558;668;30881;16848;5.5;3.0
51;2021-03-06;1433;48;32314;16896;5.7;3.0
51;2021-03-07;250;3;32564;16899;5.8;3.0
51;2021-03-08;987;95;33551;16994;6.0;3.0
51;2021-03-09;1663;180;35214;17174;6.2;3.0
51;2021-03-10;1991;99;37205;17273;6.6;3.1
51;2021-03-11;2371;156;39576;17429;7.0;3.1
51;2021-03-12;3244;143;42820;17572;7.6;3.1
51;2021-03-13;2549;40;45369;17612;8.0;3.1
51;2021-03-14;190;2;45559;17614;8.1;3.1
51;2021-03-15;1575;142;47134;17756;8.4;3.1
51;2021-03-16;1476;181;48610;17937;8.6;3.2
51;2021-03-17;1495;202;50105;18139;8.9;3.2
51;2021-03-18;1610;278;51715;18417;9.2;3.3
51;2021-03-19;2307;292;54022;18709;9.6;3.3
51;2021-03-20;1660;208;55682;18917;9.9;3.4
51;2021-03-21;133;1;55815;18918;9.9;3.4
51;2021-03-22;1413;117;57228;19035;10.1;3.4
51;2021-03-23;2467;153;59695;19188;10.6;3.4
51;2021-03-24;2838;123;62533;19311;11.1;3.4
51;2021-03-25;3250;326;65783;19637;11.7;3.5
51;2021-03-26;3408;493;69191;20130;12.3;3.6
51;2021-03-27;1840;248;71031;20378;12.6;3.6
51;2021-03-28;213;2;71244;20380;12.6;3.6
51;2021-03-29;991;641;72235;21021;12.8;3.7
51;2021-03-30;1750;852;73985;21873;13.1;3.9
51;2021-03-31;1731;757;75716;22630;13.4;4.0
51;2021-04-01;2276;436;77992;23066;13.8;4.1
51;2021-04-02;2416;624;80408;23690;14.3;4.2
51;2021-04-03;1302;405;81710;24095;14.5;4.3
51;2021-04-04;105;2;81815;24097;14.5;4.3
51;2021-04-05;70;141;81885;24238;14.5;4.3
51;2021-04-06;762;1234;82647;25472;14.7;4.5
51;2021-04-07;1310;1408;83957;26880;14.9;4.8
51;2021-04-08;2199;1761;86156;28641;15.3;5.1
51;2021-04-09;2862;1730;89018;30371;15.8;5.4
51;2021-04-10;2212;494;91230;30865;16.2;5.5
51;2021-04-11;105;85;91335;30950;16.2;5.5
51;2021-04-12;1449;1340;92784;32290;16.5;5.7
51;2021-04-13;1938;1682;94722;33972;16.8;6.0
51;2021-04-14;2456;1548;97178;35520;17.2;6.3
51;2021-04-15;2853;1663;100031;37183;17.7;6.6
51;2021-04-16;3208;1594;103239;38777;18.3;6.9
51;2021-04-17;1965;772;105204;39549;18.7;7.0
51;2021-04-18;296;109;105500;39658;18.7;7.0
51;2021-04-19;1563;1157;107063;40815;19.0;7.2
51;2021-04-20;1790;1660;108853;42475;19.3;7.5
51;2021-04-21;2005;1737;110858;44212;19.7;7.8
51;2021-04-22;2375;1640;113233;45852;20.1;8.1
51;2021-04-23;2972;1819;116205;47671;20.6;8.5
51;2021-04-24;1746;948;117951;48619;20.9;8.6
51;2021-04-25;122;162;118073;48781;20.9;8.7
51;2021-04-26;1845;760;119918;49541;21.3;8.8
51;2021-04-27;2441;1228;122359;50769;21.7;9.0
51;2021-04-28;2551;1305;124910;52074;22.2;9.2
51;2021-04-29;2663;1444;127573;53518;22.6;9.5
51;2021-04-30;2974;1666;130547;55184;23.2;9.8
51;2021-05-01;1452;412;131999;55596;23.4;9.9
51;2021-05-02;107;100;132106;55696;23.4;9.9
51;2021-05-03;2486;760;134592;56456;23.9;10.0
51;2021-05-04;2785;1344;137377;57800;24.4;10.3
51;2021-05-05;2857;1633;140234;59433;24.9;10.5
51;2021-05-06;5340;1935;145574;61368;25.8;10.9
51;2021-05-07;3691;1930;149265;63298;26.5;11.2
51;2021-05-08;2858;821;152123;64119;27.0;11.4
51;2021-05-09;211;89;152334;64208;27.0;11.4
51;2021-05-10;3216;1855;155550;66063;27.6;11.7
51;2021-05-11;3619;2040;159169;68103;28.2;12.1
51;2021-05-12;4183;2238;163352;70341;29.0;12.5
51;2021-05-13;1778;501;165130;70842;29.3;12.6
51;2021-05-14;5399;1736;170529;72578;30.2;12.9
51;2021-05-15;4228;1353;174757;73931;31.0;13.1
51;2021-05-16;281;47;175038;73978;31.0;13.1
51;2021-05-17;3133;1523;178171;75501;31.6;13.4
51;2021-05-18;3915;1769;182086;77270;32.3;13.7
51;2021-05-19;4010;1727;186096;78997;33.0;14.0
51;2021-05-20;4644;1968;190740;80965;33.8;14.4
51;2021-05-21;3595;2480;194335;83445;34.5;14.8
51;2021-05-22;2073;1546;196408;84991;34.8;15.1
51;2021-05-23;306;210;196714;85201;34.9;15.1
51;2021-05-24;2018;718;198732;85919;35.2;15.2
51;2021-05-25;3125;1823;201857;87742;35.8;15.6
51;2021-05-26;3294;1702;205151;89444;36.4;15.9
51;2021-05-27;3267;2058;208418;91502;37.0;16.2
51;2021-05-28;3604;2824;212022;94326;37.6;16.7
51;2021-05-29;2400;1998;214422;96324;38.0;17.1
51;2021-05-30;400;133;214822;96457;38.1;17.1
51;2021-05-31;3350;1777;218172;98234;38.7;17.4
51;2021-06-01;3854;2332;222026;100566;39.4;17.8
51;2021-06-02;6096;2317;228122;102883;40.5;18.2
51;2021-06-03;3576;2425;231698;105308;41.1;18.7
51;2021-06-04;6340;2943;238038;108251;42.2;19.2
51;2021-06-05;2598;1818;240636;110069;42.7;19.5
51;2021-06-06;171;156;240807;110225;42.7;19.5
51;2021-06-07;4298;2167;245105;112392;43.5;19.9
51;2021-06-08;3922;2531;249027;114923;44.2;20.4
51;2021-06-09;4016;2749;253043;117672;44.9;20.9
51;2021-06-10;3190;2479;256233;120151;45.4;21.3
51;2021-06-11;3350;3423;259583;123574;46.0;21.9
51;2021-06-12;2159;2172;261742;125746;46.4;22.3
51;2021-06-13;189;147;261931;125893;46.5;22.3
51;2021-06-14;1625;3337;263556;129230;46.7;22.9
51;2021-06-15;3179;3578;266735;132808;47.3;23.6
51;2021-06-16;2201;3683;268936;136491;47.7;24.2
51;2021-06-17;2600;5408;271536;141899;48.2;25.2
51;2021-06-18;2351;5212;273887;147111;48.6;26.1
51;2021-06-19;1680;4431;275567;151542;48.9;26.9
51;2021-06-20;184;228;275751;151770;48.9;26.9
51;2021-06-21;1226;4443;276977;156213;49.1;27.7
51;2021-06-22;1555;4040;278532;160253;49.4;28.4
51;2021-06-23;3637;4230;282169;164483;50.0;29.2
51;2021-06-24;2212;3231;284381;167714;50.4;29.7
51;2021-06-25;1888;6529;286269;174243;50.8;30.9
51;2021-06-26;1162;5080;287431;179323;51.0;31.8
51;2021-06-27;103;335;287534;179658;51.0;31.9
51;2021-06-28;1380;4417;288914;184075;51.2;32.6
51;2021-06-29;1167;4477;290081;188552;51.4;33.4
51;2021-06-30;1676;6046;291757;194598;51.7;34.5
51;2021-07-01;1951;3769;293708;198367;52.1;35.2
51;2021-07-02;1815;6892;295523;205259;52.4;36.4
51;2021-07-03;985;3199;296508;208458;52.6;37.0
51;2021-07-04;168;253;296676;208711;52.6;37.0
51;2021-07-05;758;5531;297434;214242;52.8;38.0
51;2021-07-06;1237;4787;298671;219029;53.0;38.8
51;2021-07-07;1599;4942;300270;223971;53.3;39.7
51;2021-07-08;2046;3425;302316;227396;53.6;40.3
51;2021-07-09;1845;5052;304161;232448;53.9;41.2
51;2021-07-10;1220;3205;305381;235653;54.2;41.8
51;2021-07-11;186;279;305567;235932;54.2;41.8
51;2021-07-12;982;4380;306549;240312;54.4;42.6
51;2021-07-13;1464;4780;308013;245092;54.6;43.5
51;2021-07-14;1061;1683;309074;246775;54.8;43.8
51;2021-07-15;2917;4898;311991;251673;55.3;44.6
51;2021-07-16;2342;5272;314333;256945;55.8;45.6
51;2021-07-17;1805;3482;316138;260427;56.1;46.2
51;2021-07-18;162;327;316300;260754;56.1;46.2
51;2021-07-19;1882;3976;318182;264730;56.4;47.0
51;2021-07-20;2569;5140;320751;269870;56.9;47.9
51;2021-07-21;3594;4034;324345;273904;57.5;48.6
51;2021-07-22;4336;3714;328681;277618;58.3;49.2
52;2020-12-27;0;0;0;0;0.0;0.0
52;2020-12-28;0;0;0;0;0.0;0.0
52;2020-12-29;0;0;0;0;0.0;0.0
52;2020-12-30;0;0;0;0;0.0;0.0
52;2020-12-31;0;0;0;0;0.0;0.0
52;2021-01-01;0;0;0;0;0.0;0.0
52;2021-01-02;0;0;0;0;0.0;0.0
52;2021-01-03;0;0;0;0;0.0;0.0
52;2021-01-04;0;0;0;0;0.0;0.0
52;2021-01-05;0;0;0;0;0.0;0.0
52;2021-01-06;2;0;2;0;0.0;0.0
52;2021-01-07;0;0;2;0;0.0;0.0
52;2021-01-08;201;1;203;1;0.1;0.0
52;2021-01-09;93;0;296;1;0.2;0.0
52;2021-01-10;0;0;296;1;0.2;0.0
52;2021-01-11;206;0;502;1;0.3;0.0
52;2021-01-12;170;0;672;1;0.4;0.0
52;2021-01-13;561;2;1233;3;0.7;0.0
52;2021-01-14;676;8;1909;11;1.1;0.0
52;2021-01-15;410;1;2319;12;1.4;0.0
52;2021-01-16;16;1;2335;13;1.4;0.0
52;2021-01-17;0;0;2335;13;1.4;0.0
52;2021-01-18;426;0;2761;13;1.6;0.0
52;2021-01-19;437;0;3198;13;1.9;0.0
52;2021-01-20;419;1;3617;14;2.1;0.0
52;2021-01-21;424;1;4041;15;2.4;0.0
52;2021-01-22;321;0;4362;15;2.6;0.0
52;2021-01-23;72;0;4434;15;2.6;0.0
52;2021-01-24;0;0;4434;15;2.6;0.0
52;2021-01-25;235;0;4669;15;2.8;0.0
52;2021-01-26;306;1;4975;16;2.9;0.0
52;2021-01-27;237;1;5212;17;3.1;0.0
52;2021-01-28;174;4;5386;21;3.2;0.0
52;2021-01-29;74;125;5460;146;3.2;0.1
52;2021-01-30;91;95;5551;241;3.3;0.1
52;2021-01-31;0;0;5551;241;3.3;0.1
52;2021-02-01;117;193;5668;434;3.3;0.3
52;2021-02-02;61;178;5729;612;3.4;0.4
52;2021-02-03;91;416;5820;1028;3.4;0.6
52;2021-02-04;230;598;6050;1626;3.6;1.0
52;2021-02-05;113;506;6163;2132;3.6;1.3
52;2021-02-06;22;0;6185;2132;3.7;1.3
52;2021-02-07;0;1;6185;2133;3.7;1.3
52;2021-02-08;34;208;6219;2341;3.7;1.4
52;2021-02-09;47;216;6266;2557;3.7;1.5
52;2021-02-10;88;191;6354;2748;3.8;1.6
52;2021-02-11;129;146;6483;2894;3.8;1.7
52;2021-02-12;189;127;6672;3021;3.9;1.8
52;2021-02-13;5;1;6677;3022;3.9;1.8
52;2021-02-14;0;16;6677;3038;3.9;1.8
52;2021-02-15;80;277;6757;3315;4.0;2.0
52;2021-02-16;49;357;6806;3672;4.0;2.2
52;2021-02-17;37;316;6843;3988;4.0;2.4
52;2021-02-18;83;281;6926;4269;4.1;2.5
52;2021-02-19;51;192;6977;4461;4.1;2.6
52;2021-02-20;14;111;6991;4572;4.1;2.7
52;2021-02-21;0;0;6991;4572;4.1;2.7
52;2021-02-22;42;384;7033;4956;4.2;2.9
52;2021-02-23;55;277;7088;5233;4.2;3.1
52;2021-02-24;82;248;7170;5481;4.2;3.2
52;2021-02-25;161;235;7331;5716;4.3;3.4
52;2021-02-26;296;182;7627;5898;4.5;3.5
52;2021-02-27;149;46;7776;5944;4.6;3.5
52;2021-02-28;0;0;7776;5944;4.6;3.5
52;2021-03-01;163;14;7939;5958;4.7;3.5
52;2021-03-02;195;50;8134;6008;4.8;3.5
52;2021-03-03;355;34;8489;6042;5.0;3.6
52;2021-03-04;375;56;8864;6098;5.2;3.6
52;2021-03-05;531;50;9395;6148;5.6;3.6
52;2021-03-06;409;31;9804;6179;5.8;3.7
52;2021-03-07;0;0;9804;6179;5.8;3.7
52;2021-03-08;397;108;10201;6287;6.0;3.7
52;2021-03-09;547;105;10748;6392;6.4;3.8
52;2021-03-10;308;108;11056;6500;6.5;3.8
52;2021-03-11;582;32;11638;6532;6.9;3.9
52;2021-03-12;579;62;12217;6594;7.2;3.9
52;2021-03-13;488;4;12705;6598;7.5;3.9
52;2021-03-14;13;3;12718;6601;7.5;3.9
52;2021-03-15;315;21;13033;6622;7.7;3.9
52;2021-03-16;203;14;13236;6636;7.8;3.9
52;2021-03-17;359;13;13595;6649;8.0;3.9
52;2021-03-18;442;7;14037;6656;8.3;3.9
52;2021-03-19;450;52;14487;6708;8.6;4.0
52;2021-03-20;259;11;14746;6719;8.7;4.0
52;2021-03-21;15;1;14761;6720;8.7;4.0
52;2021-03-22;375;47;15136;6767;8.9;4.0
52;2021-03-23;678;88;15814;6855;9.3;4.1
52;2021-03-24;771;68;16585;6923;9.8;4.1
52;2021-03-25;1134;79;17719;7002;10.5;4.1
52;2021-03-26;1030;139;18749;7141;11.1;4.2
52;2021-03-27;476;75;19225;7216;11.4;4.3
52;2021-03-28;53;0;19278;7216;11.4;4.3
52;2021-03-29;506;185;19784;7401;11.7;4.4
52;2021-03-30;866;286;20650;7687;12.2;4.5
52;2021-03-31;958;288;21608;7975;12.8;4.7
52;2021-04-01;1146;173;22754;8148;13.4;4.8
52;2021-04-02;957;101;23711;8249;14.0;4.9
52;2021-04-03;457;2;24168;8251;14.3;4.9
52;2021-04-04;1;1;24169;8252;14.3;4.9
52;2021-04-05;1;0;24170;8252;14.3;4.9
52;2021-04-06;428;291;24598;8543;14.5;5.0
52;2021-04-07;503;449;25101;8992;14.8;5.3
52;2021-04-08;842;209;25943;9201;15.3;5.4
52;2021-04-09;1060;124;27003;9325;16.0;5.5
52;2021-04-10;852;100;27855;9425;16.5;5.6
52;2021-04-11;96;1;27951;9426;16.5;5.6
52;2021-04-12;931;271;28882;9697;17.1;5.7
52;2021-04-13;1247;371;30129;10068;17.8;5.9
52;2021-04-14;1346;449;31475;10517;18.6;6.2
52;2021-04-15;1512;432;32987;10949;19.5;6.5
52;2021-04-16;1573;364;34560;11313;20.4;6.7
52;2021-04-17;1306;124;35866;11437;21.2;6.8
52;2021-04-18;509;29;36375;11466;21.5;6.8
52;2021-04-19;696;611;37071;12077;21.9;7.1
52;2021-04-20;1076;665;38147;12742;22.5;7.5
52;2021-04-21;1059;676;39206;13418;23.2;7.9
52;2021-04-22;1469;721;40675;14139;24.0;8.4
52;2021-04-23;1254;656;41929;14795;24.8;8.7
52;2021-04-24;475;288;42404;15083;25.1;8.9
52;2021-04-25;3;77;42407;15160;25.1;9.0
52;2021-04-26;629;559;43036;15719;25.4;9.3
52;2021-04-27;931;674;43967;16393;26.0;9.7
52;2021-04-28;1439;557;45406;16950;26.8;10.0
52;2021-04-29;1451;570;46857;17520;27.7;10.4
52;2021-04-30;1314;604;48171;18124;28.5;10.7
52;2021-05-01;8;232;48179;18356;28.5;10.8
52;2021-05-02;0;1;48179;18357;28.5;10.8
52;2021-05-03;1161;623;49340;18980;29.2;11.2
52;2021-05-04;1448;715;50788;19695;30.0;11.6
52;2021-05-05;1769;644;52557;20339;31.1;12.0
52;2021-05-06;1974;499;54531;20838;32.2;12.3
52;2021-05-07;1442;1155;55973;21993;33.1;13.0
52;2021-05-08;587;314;56560;22307;33.4;13.2
52;2021-05-09;1;47;56561;22354;33.4;13.2
52;2021-05-10;791;1100;57352;23454;33.9;13.9
52;2021-05-11;866;1396;58218;24850;34.4;14.7
52;2021-05-12;1204;1382;59422;26232;35.1;15.5
52;2021-05-13;67;184;59489;26416;35.1;15.6
52;2021-05-14;1183;1359;60672;27775;35.8;16.4
52;2021-05-15;492;929;61164;28704;36.1;17.0
52;2021-05-16;8;43;61172;28747;36.1;17.0
52;2021-05-17;1145;706;62317;29453;36.8;17.4
52;2021-05-18;1217;671;63534;30124;37.5;17.8
52;2021-05-19;1543;414;65077;30538;38.5;18.0
52;2021-05-20;1546;419;66623;30957;39.4;18.3
52;2021-05-21;1623;614;68246;31571;40.3;18.7
52;2021-05-22;1089;207;69335;31778;41.0;18.8
52;2021-05-23;1;0;69336;31778;41.0;18.8
52;2021-05-24;402;33;69738;31811;41.2;18.8
52;2021-05-25;1354;383;71092;32194;42.0;19.0
52;2021-05-26;1478;669;72570;32863;42.9;19.4
52;2021-05-27;1566;789;74136;33652;43.8;19.9
52;2021-05-28;1490;670;75626;34322;44.7;20.3
52;2021-05-29;695;834;76321;35156;45.1;20.8
52;2021-05-30;17;550;76338;35706;45.1;21.1
52;2021-05-31;823;830;77161;36536;45.6;21.6
52;2021-06-01;956;814;78117;37350;46.2;22.1
52;2021-06-02;894;742;79011;38092;46.7;22.5
52;2021-06-03;825;825;79836;38917;47.2;23.0
52;2021-06-04;885;1341;80721;40258;47.7;23.8
52;2021-06-05;579;637;81300;40895;48.0;24.2
52;2021-06-06;27;55;81327;40950;48.1;24.2
52;2021-06-07;359;931;81686;41881;48.3;24.7
52;2021-06-08;552;1466;82238;43347;48.6;25.6
52;2021-06-09;613;1474;82851;44821;49.0;26.5
52;2021-06-10;791;1158;83642;45979;49.4;27.2
52;2021-06-11;828;1348;84470;47327;49.9;28.0
52;2021-06-12;422;586;84892;47913;50.2;28.3
52;2021-06-13;1;6;84893;47919;50.2;28.3
52;2021-06-14;170;1413;85063;49332;50.3;29.1
52;2021-06-15;221;1810;85284;51142;50.4;30.2
52;2021-06-16;353;1997;85637;53139;50.6;31.4
52;2021-06-17;260;1156;85897;54295;50.8;32.1
52;2021-06-18;306;1554;86203;55849;50.9;33.0
52;2021-06-19;501;690;86704;56539;51.2;33.4
52;2021-06-20;0;17;86704;56556;51.2;33.4
52;2021-06-21;523;897;87227;57453;51.5;33.9
52;2021-06-22;502;1051;87729;58504;51.8;34.6
52;2021-06-23;550;1045;88279;59549;52.2;35.2
52;2021-06-24;605;703;88884;60252;52.5;35.6
52;2021-06-25;654;1313;89538;61565;52.9;36.4
52;2021-06-26;264;721;89802;62286;53.1;36.8
52;2021-06-27;1;8;89803;62294;53.1;36.8
52;2021-06-28;182;1443;89985;63737;53.2;37.7
52;2021-06-29;163;1418;90148;65155;53.3;38.5
52;2021-06-30;215;1472;90363;66627;53.4;39.4
52;2021-07-01;310;1023;90673;67650;53.6;40.0
52;2021-07-02;428;1453;91101;69103;53.8;40.8
52;2021-07-03;298;1150;91399;70253;54.0;41.5
52;2021-07-04;0;11;91399;70264;54.0;41.5
52;2021-07-05;171;1456;91570;71720;54.1;42.4
52;2021-07-06;282;1454;91852;73174;54.3;43.2
52;2021-07-07;300;1165;92152;74339;54.4;43.9
52;2021-07-08;470;1165;92622;75504;54.7;44.6
52;2021-07-09;284;1621;92906;77125;54.9;45.6
52;2021-07-10;139;821;93045;77946;55.0;46.1
52;2021-07-11;0;12;93045;77958;55.0;46.1
52;2021-07-12;280;1467;93325;79425;55.1;46.9
52;2021-07-13;589;1371;93914;80796;55.5;47.7
52;2021-07-14;436;150;94350;80946;55.7;47.8
52;2021-07-15;589;1426;94939;82372;56.1;48.7
52;2021-07-16;888;1338;95827;83710;56.6;49.5
52;2021-07-17;519;339;96346;84049;56.9;49.7
52;2021-07-18;3;12;96349;84061;56.9;49.7
52;2021-07-19;681;982;97030;85043;57.3;50.2
52;2021-07-20;1097;834;98127;85877;58.0;50.7
52;2021-07-21;1141;726;99268;86603;58.7;51.2
52;2021-07-22;1380;841;100648;87444;59.5;51.7
53;2020-12-27;0;0;0;0;0.0;0.0
53;2020-12-28;0;0;0;0;0.0;0.0
53;2020-12-29;0;0;0;0;0.0;0.0
53;2020-12-30;0;0;0;0;0.0;0.0
53;2020-12-31;0;0;0;0;0.0;0.0
53;2021-01-01;0;0;0;0;0.0;0.0
53;2021-01-02;0;0;0;0;0.0;0.0
53;2021-01-03;0;0;0;0;0.0;0.0
53;2021-01-04;0;0;0;0;0.0;0.0
53;2021-01-05;0;0;0;0;0.0;0.0
53;2021-01-06;0;0;0;0;0.0;0.0
53;2021-01-07;102;0;102;0;0.0;0.0
53;2021-01-08;284;1;386;1;0.1;0.0
53;2021-01-09;134;1;520;2;0.2;0.0
53;2021-01-10;15;0;535;2;0.2;0.0
53;2021-01-11;176;0;711;2;0.2;0.0
53;2021-01-12;453;1;1164;3;0.4;0.0
53;2021-01-13;252;0;1416;3;0.5;0.0
53;2021-01-14;289;7;1705;10;0.6;0.0
53;2021-01-15;343;4;2048;14;0.7;0.0
53;2021-01-16;61;0;2109;14;0.7;0.0
53;2021-01-17;24;1;2133;15;0.7;0.0
53;2021-01-18;364;0;2497;15;0.8;0.0
53;2021-01-19;593;0;3090;15;1.0;0.0
53;2021-01-20;742;0;3832;15;1.3;0.0
53;2021-01-21;769;2;4601;17;1.5;0.0
53;2021-01-22;705;2;5306;19;1.7;0.0
53;2021-01-23;160;0;5466;19;1.8;0.0
53;2021-01-24;6;0;5472;19;1.8;0.0
53;2021-01-25;550;0;6022;19;2.0;0.0
53;2021-01-26;1198;6;7220;25;2.4;0.0
53;2021-01-27;696;6;7916;31;2.6;0.0
53;2021-01-28;738;96;8654;127;2.8;0.0
53;2021-01-29;422;189;9076;316;3.0;0.1
53;2021-01-30;128;0;9204;316;3.0;0.1
53;2021-01-31;0;0;9204;316;3.0;0.1
53;2021-02-01;297;149;9501;465;3.1;0.2
53;2021-02-02;309;231;9810;696;3.2;0.2
53;2021-02-03;226;378;10036;1074;3.3;0.4
53;2021-02-04;183;333;10219;1407;3.3;0.5
53;2021-02-05;234;304;10453;1711;3.4;0.6
53;2021-02-06;152;23;10605;1734;3.5;0.6
53;2021-02-07;0;0;10605;1734;3.5;0.6
53;2021-02-08;166;108;10771;1842;3.5;0.6
53;2021-02-09;369;213;11140;2055;3.6;0.7
53;2021-02-10;266;435;11406;2490;3.7;0.8
53;2021-02-11;429;485;11835;2975;3.9;1.0
53;2021-02-12;317;572;12152;3547;4.0;1.2
53;2021-02-13;95;66;12247;3613;4.0;1.2
53;2021-02-14;0;99;12247;3712;4.0;1.2
53;2021-02-15;239;432;12486;4144;4.1;1.4
53;2021-02-16;528;847;13014;4991;4.3;1.6
53;2021-02-17;390;617;13404;5608;4.4;1.8
53;2021-02-18;545;575;13949;6183;4.6;2.0
53;2021-02-19;895;416;14844;6599;4.9;2.2
53;2021-02-20;139;110;14983;6709;4.9;2.2
53;2021-02-21;0;20;14983;6729;4.9;2.2
53;2021-02-22;160;588;15143;7317;5.0;2.4
53;2021-02-23;59;659;15202;7976;5.0;2.6
53;2021-02-24;136;517;15338;8493;5.0;2.8
53;2021-02-25;457;355;15795;8848;5.2;2.9
53;2021-02-26;439;261;16234;9109;5.3;3.0
53;2021-02-27;86;115;16320;9224;5.3;3.0
53;2021-02-28;0;0;16320;9224;5.3;3.0
53;2021-03-01;230;280;16550;9504;5.4;3.1
53;2021-03-02;246;255;16796;9759;5.5;3.2
53;2021-03-03;319;391;17115;10150;5.6;3.3
53;2021-03-04;858;328;17973;10478;5.9;3.4
53;2021-03-05;659;276;18632;10754;6.1;3.5
53;2021-03-06;445;213;19077;10967;6.2;3.6
53;2021-03-07;276;3;19353;10970;6.3;3.6
53;2021-03-08;375;176;19728;11146;6.5;3.7
53;2021-03-09;878;240;20606;11386;6.7;3.7
53;2021-03-10;807;104;21413;11490;7.0;3.8
53;2021-03-11;1247;218;22660;11708;7.4;3.8
53;2021-03-12;1601;135;24261;11843;7.9;3.9
53;2021-03-13;823;5;25084;11848;8.2;3.9
53;2021-03-14;1;0;25085;11848;8.2;3.9
53;2021-03-15;1001;297;26086;12145;8.5;4.0
53;2021-03-16;1033;323;27119;12468;8.9;4.1
53;2021-03-17;683;260;27802;12728;9.1;4.2
53;2021-03-18;971;340;28773;13068;9.4;4.3
53;2021-03-19;1341;592;30114;13660;9.9;4.5
53;2021-03-20;591;13;30705;13673;10.1;4.5
53;2021-03-21;2;0;30707;13673;10.1;4.5
53;2021-03-22;1209;146;31916;13819;10.5;4.5
53;2021-03-23;1695;60;33611;13879;11.0;4.5
53;2021-03-24;1321;115;34932;13994;11.4;4.6
53;2021-03-25;2321;221;37253;14215;12.2;4.7
53;2021-03-26;1881;145;39134;14360;12.8;4.7
53;2021-03-27;339;2;39473;14362;12.9;4.7
53;2021-03-28;2;0;39475;14362;12.9;4.7
53;2021-03-29;1472;204;40947;14566;13.4;4.8
53;2021-03-30;1945;197;42892;14763;14.0;4.8
53;2021-03-31;1789;215;44681;14978;14.6;4.9
53;2021-04-01;1945;661;46626;15639;15.3;5.1
53;2021-04-02;2073;216;48699;15855;15.9;5.2
53;2021-04-03;414;1;49113;15856;16.1;5.2
53;2021-04-04;10;0;49123;15856;16.1;5.2
53;2021-04-05;9;15;49132;15871;16.1;5.2
53;2021-04-06;1304;498;50436;16369;16.5;5.4
53;2021-04-07;1175;921;51611;17290;16.9;5.7
53;2021-04-08;1661;1005;53272;18295;17.4;6.0
53;2021-04-09;1956;389;55228;18684;18.1;6.1
53;2021-04-10;543;11;55771;18695;18.3;6.1
53;2021-04-11;12;0;55783;18695;18.3;6.1
53;2021-04-12;696;1066;56479;19761;18.5;6.5
53;2021-04-13;1471;1100;57950;20861;19.0;6.8
53;2021-04-14;1020;732;58970;21593;19.3;7.1
53;2021-04-15;1159;1109;60129;22702;19.7;7.4
53;2021-04-16;1272;815;61401;23517;20.1;7.7
53;2021-04-17;279;271;61680;23788;20.2;7.8
53;2021-04-18;0;0;61680;23788;20.2;7.8
53;2021-04-19;679;1069;62359;24857;20.4;8.1
53;2021-04-20;935;1452;63294;26309;20.7;8.6
53;2021-04-21;849;1012;64143;27321;21.0;8.9
53;2021-04-22;1046;1611;65189;28932;21.3;9.5
53;2021-04-23;1324;1042;66513;29974;21.8;9.8
53;2021-04-24;67;7;66580;29981;21.8;9.8
53;2021-04-25;6;39;66586;30020;21.8;9.8
53;2021-04-26;368;1239;66954;31259;21.9;10.2
53;2021-04-27;724;1973;67678;33232;22.2;10.9
53;2021-04-28;979;1388;68657;34620;22.5;11.3
53;2021-04-29;1051;1711;69708;36331;22.8;11.9
53;2021-04-30;1360;1307;71068;37638;23.3;12.3
53;2021-05-01;35;50;71103;37688;23.3;12.3
53;2021-05-02;0;0;71103;37688;23.3;12.3
53;2021-05-03;1570;699;72673;38387;23.8;12.6
53;2021-05-04;1306;1437;73979;39824;24.2;13.0
53;2021-05-05;1610;822;75589;40646;24.8;13.3
53;2021-05-06;1391;1391;76980;42037;25.2;13.8
53;2021-05-07;1538;1295;78518;43332;25.7;14.2
53;2021-05-08;937;34;79455;43366;26.0;14.2
53;2021-05-09;11;2;79466;43368;26.0;14.2
53;2021-05-10;2416;804;81882;44172;26.8;14.5
53;2021-05-11;3096;1282;84978;45454;27.8;14.9
53;2021-05-12;2749;1082;87727;46536;28.7;15.2
53;2021-05-13;350;26;88077;46562;28.8;15.2
53;2021-05-14;2019;675;90096;47237;29.5;15.5
53;2021-05-15;1058;60;91154;47297;29.9;15.5
53;2021-05-16;2;0;91156;47297;29.9;15.5
53;2021-05-17;1702;1195;92858;48492;30.4;15.9
53;2021-05-18;1881;1539;94739;50031;31.0;16.4
53;2021-05-19;2302;734;97041;50765;31.8;16.6
53;2021-05-20;3217;852;100258;51617;32.8;16.9
53;2021-05-21;2796;821;103054;52438;33.7;17.2
53;2021-05-22;19;60;103073;52498;33.8;17.2
53;2021-05-23;0;0;103073;52498;33.8;17.2
53;2021-05-24;8;6;103081;52504;33.8;17.2
53;2021-05-25;1818;804;104899;53308;34.4;17.5
53;2021-05-26;1851;899;106750;54207;35.0;17.8
53;2021-05-27;3073;1071;109823;55278;36.0;18.1
53;2021-05-28;2562;870;112385;56148;36.8;18.4
53;2021-05-29;844;244;113229;56392;37.1;18.5
53;2021-05-30;15;6;113244;56398;37.1;18.5
53;2021-05-31;2565;799;115809;57197;37.9;18.7
53;2021-06-01;3490;1252;119299;58449;39.1;19.1
53;2021-06-02;3180;516;122479;58965;40.1;19.3
53;2021-06-03;4191;779;126670;59744;41.5;19.6
53;2021-06-04;3181;1264;129851;61008;42.5;20.0
53;2021-06-05;136;245;129987;61253;42.6;20.1
53;2021-06-06;0;4;129987;61257;42.6;20.1
53;2021-06-07;2628;924;132615;62181;43.4;20.4
53;2021-06-08;3581;1121;136196;63302;44.6;20.7
53;2021-06-09;2453;935;138649;64237;45.4;21.0
53;2021-06-10;3520;843;142169;65080;46.6;21.3
53;2021-06-11;2962;1203;145131;66283;47.5;21.7
53;2021-06-12;108;138;145239;66421;47.6;21.8
53;2021-06-13;10;2;145249;66423;47.6;21.8
53;2021-06-14;1598;1790;146847;68213;48.1;22.3
53;2021-06-15;1891;2259;148738;70472;48.7;23.1
53;2021-06-16;1824;1728;150562;72200;49.3;23.6
53;2021-06-17;3010;1650;153572;73850;50.3;24.2
53;2021-06-18;2697;1808;156269;75658;51.2;24.8
53;2021-06-19;761;1166;157030;76824;51.4;25.2
53;2021-06-20;3;479;157033;77303;51.4;25.3
53;2021-06-21;913;2529;157946;79832;51.7;26.1
53;2021-06-22;1296;3454;159242;83286;52.1;27.3
53;2021-06-23;1357;2895;160599;86181;52.6;28.2
53;2021-06-24;1804;2034;162403;88215;53.2;28.9
53;2021-06-25;1778;2044;164181;90259;53.8;29.6
53;2021-06-26;976;350;165157;90609;54.1;29.7
53;2021-06-27;6;8;165163;90617;54.1;29.7
53;2021-06-28;659;2901;165822;93518;54.3;30.6
53;2021-06-29;855;3654;166677;97172;54.6;31.8
53;2021-06-30;744;1516;167421;98688;54.8;32.3
53;2021-07-01;1490;2637;168911;101325;55.3;33.2
53;2021-07-02;1479;2022;170390;103347;55.8;33.8
53;2021-07-03;853;569;171243;103916;56.1;34.0
53;2021-07-04;0;4;171243;103920;56.1;34.0
53;2021-07-05;532;2063;171775;105983;56.3;34.7
53;2021-07-06;849;3615;172624;109598;56.5;35.9
53;2021-07-07;1009;2653;173633;112251;56.9;36.8
53;2021-07-08;1305;3119;174938;115370;57.3;37.8
53;2021-07-09;1115;3398;176053;118768;57.7;38.9
53;2021-07-10;422;1000;176475;119768;57.8;39.2
53;2021-07-11;12;20;176487;119788;57.8;39.2
53;2021-07-12;501;3715;176988;123503;58.0;40.4
53;2021-07-13;889;4767;177877;128270;58.3;42.0
53;2021-07-14;104;283;177981;128553;58.3;42.1
53;2021-07-15;1109;4353;179090;132906;58.6;43.5
53;2021-07-16;1230;3840;180320;136746;59.1;44.8
53;2021-07-17;1313;292;181633;137038;59.5;44.9
53;2021-07-18;25;19;181658;137057;59.5;44.9
53;2021-07-19;733;3436;182391;140493;59.7;46.0
53;2021-07-20;974;4124;183365;144617;60.0;47.4
53;2021-07-21;678;3279;184043;147896;60.3;48.4
53;2021-07-22;1465;3505;185508;151401;60.7;49.6
54;2020-12-27;0;0;0;0;0.0;0.0
54;2020-12-28;0;0;0;0;0.0;0.0
54;2020-12-29;0;0;0;0;0.0;0.0
54;2020-12-30;0;0;0;0;0.0;0.0
54;2020-12-31;10;0;10;0;0.0;0.0
54;2021-01-01;0;0;10;0;0.0;0.0
54;2021-01-02;0;0;10;0;0.0;0.0
54;2021-01-03;1;0;11;0;0.0;0.0
54;2021-01-04;162;0;173;0;0.0;0.0
54;2021-01-05;395;0;568;0;0.1;0.0
54;2021-01-06;647;1;1215;1;0.2;0.0
54;2021-01-07;815;2;2030;3;0.3;0.0
54;2021-01-08;704;3;2734;6;0.4;0.0
54;2021-01-09;81;0;2815;6;0.4;0.0
54;2021-01-10;78;0;2893;6;0.4;0.0
54;2021-01-11;974;3;3867;9;0.5;0.0
54;2021-01-12;1180;1;5047;10;0.7;0.0
54;2021-01-13;2366;8;7413;18;1.0;0.0
54;2021-01-14;3371;29;10784;47;1.5;0.0
54;2021-01-15;2682;11;13466;58;1.8;0.0
54;2021-01-16;814;3;14280;61;2.0;0.0
54;2021-01-17;210;0;14490;61;2.0;0.0
54;2021-01-18;1557;5;16047;66;2.2;0.0
54;2021-01-19;1694;0;17741;66;2.4;0.0
54;2021-01-20;1488;6;19229;72;2.6;0.0
54;2021-01-21;1340;3;20569;75;2.8;0.0
54;2021-01-22;1087;7;21656;82;3.0;0.0
54;2021-01-23;476;0;22132;82;3.0;0.0
54;2021-01-24;66;0;22198;82;3.0;0.0
54;2021-01-25;939;29;23137;111;3.2;0.0
54;2021-01-26;142;5;23279;116;3.2;0.0
54;2021-01-27;12;173;23291;289;3.2;0.0
54;2021-01-28;29;237;23320;526;3.2;0.1
54;2021-01-29;16;279;23336;805;3.2;0.1
54;2021-01-30;3;0;23339;805;3.2;0.1
54;2021-01-31;1;0;23340;805;3.2;0.1
54;2021-02-01;9;787;23349;1592;3.2;0.2
54;2021-02-02;22;972;23371;2564;3.2;0.4
54;2021-02-03;360;1536;23731;4100;3.2;0.6
54;2021-02-04;727;2455;24458;6555;3.3;0.9
54;2021-02-05;792;1900;25250;8455;3.5;1.2
54;2021-02-06;202;338;25452;8793;3.5;1.2
54;2021-02-07;4;126;25456;8919;3.5;1.2
54;2021-02-08;116;1002;25572;9921;3.5;1.4
54;2021-02-09;303;1071;25875;10992;3.5;1.5
54;2021-02-10;386;803;26261;11795;3.6;1.6
54;2021-02-11;292;819;26553;12614;3.6;1.7
54;2021-02-12;449;1303;27002;13917;3.7;1.9
54;2021-02-13;146;237;27148;14154;3.7;1.9
54;2021-02-14;9;11;27157;14165;3.7;1.9
54;2021-02-15;433;1139;27590;15304;3.8;2.1
54;2021-02-16;401;1225;27991;16529;3.8;2.3
54;2021-02-17;521;960;28512;17489;3.9;2.4
54;2021-02-18;591;794;29103;18283;4.0;2.5
54;2021-02-19;520;776;29623;19059;4.1;2.6
54;2021-02-20;35;284;29658;19343;4.1;2.6
54;2021-02-21;3;25;29661;19368;4.1;2.7
54;2021-02-22;484;605;30145;19973;4.1;2.7
54;2021-02-23;678;566;30823;20539;4.2;2.8
54;2021-02-24;727;367;31550;20906;4.3;2.9
54;2021-02-25;1474;734;33024;21640;4.5;3.0
54;2021-02-26;1763;778;34787;22418;4.8;3.1
54;2021-02-27;699;105;35486;22523;4.9;3.1
54;2021-02-28;10;28;35496;22551;4.9;3.1
54;2021-03-01;645;215;36141;22766;4.9;3.1
54;2021-03-02;1498;138;37639;22904;5.2;3.1
54;2021-03-03;1756;57;39395;22961;5.4;3.1
54;2021-03-04;2023;97;41418;23058;5.7;3.2
54;2021-03-05;2796;132;44214;23190;6.1;3.2
54;2021-03-06;4034;101;48248;23291;6.6;3.2
54;2021-03-07;2620;59;50868;23350;7.0;3.2
54;2021-03-08;1334;58;52202;23408;7.1;3.2
54;2021-03-09;2642;93;54844;23501;7.5;3.2
54;2021-03-10;3195;103;58039;23604;7.9;3.2
54;2021-03-11;3386;82;61425;23686;8.4;3.2
54;2021-03-12;4978;161;66403;23847;9.1;3.3
54;2021-03-13;4194;104;70597;23951;9.7;3.3
54;2021-03-14;543;34;71140;23985;9.7;3.3
54;2021-03-15;1717;100;72857;24085;10.0;3.3
54;2021-03-16;1731;165;74588;24250;10.2;3.3
54;2021-03-17;2081;148;76669;24398;10.5;3.3
54;2021-03-18;2052;158;78721;24556;10.8;3.4
54;2021-03-19;3318;239;82039;24795;11.2;3.4
54;2021-03-20;2301;71;84340;24866;11.5;3.4
54;2021-03-21;295;15;84635;24881;11.6;3.4
54;2021-03-22;1033;326;85668;25207;11.7;3.5
54;2021-03-23;1936;517;87604;25724;12.0;3.5
54;2021-03-24;2191;708;89795;26432;12.3;3.6
54;2021-03-25;3165;723;92960;27155;12.7;3.7
54;2021-03-26;3514;797;96474;27952;13.2;3.8
54;2021-03-27;2413;286;98887;28238;13.5;3.9
54;2021-03-28;278;3;99165;28241;13.6;3.9
54;2021-03-29;1666;384;100831;28625;13.8;3.9
54;2021-03-30;2549;969;103380;29594;14.2;4.1
54;2021-03-31;2594;1125;105974;30719;14.5;4.2
54;2021-04-01;3214;1232;109188;31951;14.9;4.4
54;2021-04-02;2967;1655;112155;33606;15.4;4.6
54;2021-04-03;1256;1312;113411;34918;15.5;4.8
54;2021-04-04;137;421;113548;35339;15.5;4.8
54;2021-04-05;144;574;113692;35913;15.6;4.9
54;2021-04-06;1259;1651;114951;37564;15.7;5.1
54;2021-04-07;902;2268;115853;39832;15.9;5.5
54;2021-04-08;2298;2441;118151;42273;16.2;5.8
54;2021-04-09;4116;3148;122267;45421;16.7;6.2
54;2021-04-10;3203;1658;125470;47079;17.2;6.4
54;2021-04-11;206;1001;125676;48080;17.2;6.6
54;2021-04-12;2197;1531;127873;49611;17.5;6.8
54;2021-04-13;3000;1959;130873;51570;17.9;7.1
54;2021-04-14;3252;1846;134125;53416;18.4;7.3
54;2021-04-15;2880;2279;137005;55695;18.8;7.6
54;2021-04-16;3137;2585;140142;58280;19.2;8.0
54;2021-04-17;3469;1476;143611;59756;19.7;8.2
54;2021-04-18;61;245;143672;60001;19.7;8.2
54;2021-04-19;2460;1061;146132;61062;20.0;8.4
54;2021-04-20;3014;1223;149146;62285;20.4;8.5
54;2021-04-21;4397;1595;153543;63880;21.0;8.7
54;2021-04-22;3717;2351;157260;66231;21.5;9.1
54;2021-04-23;3862;2037;161122;68268;22.1;9.3
54;2021-04-24;2337;1023;163459;69291;22.4;9.5
54;2021-04-25;283;276;163742;69567;22.4;9.5
54;2021-04-26;2301;1256;166043;70823;22.7;9.7
54;2021-04-27;3228;1378;169271;72201;23.2;9.9
54;2021-04-28;2966;1921;172237;74122;23.6;10.1
54;2021-04-29;3786;2064;176023;76186;24.1;10.4
54;2021-04-30;4484;1929;180507;78115;24.7;10.7
54;2021-05-01;2262;797;182769;78912;25.0;10.8
54;2021-05-02;228;67;182997;78979;25.1;10.8
54;2021-05-03;3093;929;186090;79908;25.5;10.9
54;2021-05-04;3513;1427;189603;81335;26.0;11.1
54;2021-05-05;4884;1373;194487;82708;26.6;11.3
54;2021-05-06;4433;2776;198920;85484;27.2;11.7
54;2021-05-07;4821;3381;203741;88865;27.9;12.2
54;2021-05-08;2017;633;205758;89498;28.2;12.3
54;2021-05-09;374;134;206132;89632;28.2;12.3
54;2021-05-10;3204;2234;209336;91866;28.7;12.6
54;2021-05-11;5481;2906;214817;94772;29.4;13.0
54;2021-05-12;4140;3373;218957;98145;30.0;13.4
54;2021-05-13;2641;483;221598;98628;30.3;13.5
54;2021-05-14;6874;1959;228472;100587;31.3;13.8
54;2021-05-15;5471;1296;233943;101883;32.0;13.9
54;2021-05-16;941;105;234884;101988;32.2;14.0
54;2021-05-17;3789;795;238673;102783;32.7;14.1
54;2021-05-18;3285;1085;241958;103868;33.1;14.2
54;2021-05-19;3455;1498;245413;105366;33.6;14.4
54;2021-05-20;4532;1601;249945;106967;34.2;14.6
54;2021-05-21;6717;2469;256662;109436;35.1;15.0
54;2021-05-22;5622;1348;262284;110784;35.9;15.2
54;2021-05-23;503;52;262787;110836;36.0;15.2
54;2021-05-24;1441;341;264228;111177;36.2;15.2
54;2021-05-25;4098;1521;268326;112698;36.7;15.4
54;2021-05-26;3528;2203;271854;114901;37.2;15.7
54;2021-05-27;4171;2431;276025;117332;37.8;16.1
54;2021-05-28;4920;3546;280945;120878;38.5;16.5
54;2021-05-29;3829;3972;284774;124850;39.0;17.1
54;2021-05-30;127;83;284901;124933;39.0;17.1
54;2021-05-31;2928;3057;287829;127990;39.4;17.5
54;2021-06-01;2610;4181;290439;132171;39.8;18.1
54;2021-06-02;2141;4071;292580;136242;40.1;18.7
54;2021-06-03;3089;5647;295669;141889;40.5;19.4
54;2021-06-04;5039;5455;300708;147344;41.2;20.2
54;2021-06-05;2342;3284;303050;150628;41.5;20.6
54;2021-06-06;69;236;303119;150864;41.5;20.7
54;2021-06-07;3697;2924;306816;153788;42.0;21.1
54;2021-06-08;4514;4249;311330;158037;42.6;21.6
54;2021-06-09;5940;3263;317270;161300;43.4;22.1
54;2021-06-10;5284;4402;322554;165702;44.2;22.7
54;2021-06-11;4968;4876;327522;170578;44.8;23.4
54;2021-06-12;4163;3214;331685;173792;45.4;23.8
54;2021-06-13;56;211;331741;174003;45.4;23.8
54;2021-06-14;2301;3576;334042;177579;45.7;24.3
54;2021-06-15;2795;4714;336837;182293;46.1;25.0
54;2021-06-16;3456;5617;340293;187910;46.6;25.7
54;2021-06-17;3121;5212;343414;193122;47.0;26.4
54;2021-06-18;4098;6224;347512;199346;47.6;27.3
54;2021-06-19;2606;3125;350118;202471;47.9;27.7
54;2021-06-20;122;338;350240;202809;48.0;27.8
54;2021-06-21;2511;4746;352751;207555;48.3;28.4
54;2021-06-22;2012;6222;354763;213777;48.6;29.3
54;2021-06-23;2173;5593;356936;219370;48.9;30.0
54;2021-06-24;2072;3456;359008;222826;49.2;30.5
54;2021-06-25;2181;7044;361189;229870;49.5;31.5
54;2021-06-26;2360;5653;363549;235523;49.8;32.2
54;2021-06-27;130;607;363679;236130;49.8;32.3
54;2021-06-28;1938;4332;365617;240462;50.1;32.9
54;2021-06-29;1924;5214;367541;245676;50.3;33.6
54;2021-06-30;1959;5125;369500;250801;50.6;34.3
54;2021-07-01;2102;5991;371602;256792;50.9;35.2
54;2021-07-02;2754;7543;374356;264335;51.3;36.2
54;2021-07-03;2710;4041;377066;268376;51.6;36.7
54;2021-07-04;194;498;377260;268874;51.7;36.8
54;2021-07-05;1657;4242;378917;273116;51.9;37.4
54;2021-07-06;2006;5026;380923;278142;52.2;38.1
54;2021-07-07;1716;4832;382639;282974;52.4;38.7
54;2021-07-08;1663;4107;384302;287081;52.6;39.3
54;2021-07-09;3138;5989;387440;293070;53.0;40.1
54;2021-07-10;2508;4319;389948;297389;53.4;40.7
54;2021-07-11;10;104;389958;297493;53.4;40.7
54;2021-07-12;2060;4633;392018;302126;53.7;41.4
54;2021-07-13;2581;4933;394599;307059;54.0;42.0
54;2021-07-14;1439;1488;396038;308547;54.2;42.2
54;2021-07-15;3160;4819;399198;313366;54.7;42.9
54;2021-07-16;4591;6177;403789;319543;55.3;43.7
54;2021-07-17;3978;4737;407767;324280;55.8;44.4
54;2021-07-18;1801;1644;409568;325924;56.1;44.6
54;2021-07-19;2538;4000;412106;329924;56.4;45.2
54;2021-07-20;2813;4785;414919;334709;56.8;45.8
54;2021-07-21;2909;6295;417828;341004;57.2;46.7
54;2021-07-22;3080;5641;420908;346645;57.6;47.5
55;2020-12-27;0;0;0;0;0.0;0.0
55;2020-12-28;0;0;0;0;0.0;0.0
55;2020-12-29;0;0;0;0;0.0;0.0
55;2020-12-30;0;0;0;0;0.0;0.0
55;2020-12-31;0;0;0;0;0.0;0.0
55;2021-01-01;0;0;0;0;0.0;0.0
55;2021-01-02;0;0;0;0;0.0;0.0
55;2021-01-03;0;0;0;0;0.0;0.0
55;2021-01-04;1;0;1;0;0.0;0.0
55;2021-01-05;0;0;1;0;0.0;0.0
55;2021-01-06;0;0;1;0;0.0;0.0
55;2021-01-07;122;0;123;0;0.1;0.0
55;2021-01-08;127;0;250;0;0.1;0.0
55;2021-01-09;52;0;302;0;0.2;0.0
55;2021-01-10;0;0;302;0;0.2;0.0
55;2021-01-11;127;1;429;1;0.2;0.0
55;2021-01-12;119;0;548;1;0.3;0.0
55;2021-01-13;134;0;682;1;0.4;0.0
55;2021-01-14;641;5;1323;6;0.7;0.0
55;2021-01-15;237;0;1560;6;0.9;0.0
55;2021-01-16;61;0;1621;6;0.9;0.0
55;2021-01-17;1;0;1622;6;0.9;0.0
55;2021-01-18;413;0;2035;6;1.1;0.0
55;2021-01-19;351;2;2386;8;1.3;0.0
55;2021-01-20;451;2;2837;10;1.6;0.0
55;2021-01-21;430;0;3267;10;1.8;0.0
55;2021-01-22;392;0;3659;10;2.0;0.0
55;2021-01-23;49;0;3708;10;2.0;0.0
55;2021-01-24;0;0;3708;10;2.0;0.0
55;2021-01-25;436;0;4144;10;2.3;0.0
55;2021-01-26;429;0;4573;10;2.5;0.0
55;2021-01-27;424;0;4997;10;2.8;0.0
55;2021-01-28;485;100;5482;110;3.0;0.1
55;2021-01-29;159;54;5641;164;3.1;0.1
55;2021-01-30;92;28;5733;192;3.2;0.1
55;2021-01-31;0;0;5733;192;3.2;0.1
55;2021-02-01;153;177;5886;369;3.2;0.2
55;2021-02-02;159;148;6045;517;3.3;0.3
55;2021-02-03;53;161;6098;678;3.4;0.4
55;2021-02-04;232;398;6330;1076;3.5;0.6
55;2021-02-05;173;140;6503;1216;3.6;0.7
55;2021-02-06;59;55;6562;1271;3.6;0.7
55;2021-02-07;2;53;6564;1324;3.6;0.7
55;2021-02-08;0;19;6564;1343;3.6;0.7
55;2021-02-09;92;114;6656;1457;3.7;0.8
55;2021-02-10;64;21;6720;1478;3.7;0.8
55;2021-02-11;176;97;6896;1575;3.8;0.9
55;2021-02-12;95;27;6991;1602;3.8;0.9
55;2021-02-13;0;0;6991;1602;3.8;0.9
55;2021-02-14;0;0;6991;1602;3.8;0.9
55;2021-02-15;15;418;7006;2020;3.9;1.1
55;2021-02-16;143;396;7149;2416;3.9;1.3
55;2021-02-17;26;493;7175;2909;4.0;1.6
55;2021-02-18;20;344;7195;3253;4.0;1.8
55;2021-02-19;120;291;7315;3544;4.0;2.0
55;2021-02-20;11;0;7326;3544;4.0;2.0
55;2021-02-21;0;0;7326;3544;4.0;2.0
55;2021-02-22;55;458;7381;4002;4.1;2.2
55;2021-02-23;85;444;7466;4446;4.1;2.4
55;2021-02-24;73;416;7539;4862;4.2;2.7
55;2021-02-25;270;683;7809;5545;4.3;3.1
55;2021-02-26;325;234;8134;5779;4.5;3.2
55;2021-02-27;125;85;8259;5864;4.5;3.2
55;2021-02-28;2;8;8261;5872;4.5;3.2
55;2021-03-01;77;138;8338;6010;4.6;3.3
55;2021-03-02;124;173;8462;6183;4.7;3.4
55;2021-03-03;198;3;8660;6186;4.8;3.4
55;2021-03-04;235;42;8895;6228;4.9;3.4
55;2021-03-05;363;45;9258;6273;5.1;3.5
55;2021-03-06;223;5;9481;6278;5.2;3.5
55;2021-03-07;69;1;9550;6279;5.3;3.5
55;2021-03-08;327;43;9877;6322;5.4;3.5
55;2021-03-09;634;48;10511;6370;5.8;3.5
55;2021-03-10;396;24;10907;6394;6.0;3.5
55;2021-03-11;595;136;11502;6530;6.3;3.6
55;2021-03-12;815;86;12317;6616;6.8;3.6
55;2021-03-13;522;10;12839;6626;7.1;3.6
55;2021-03-14;14;0;12853;6626;7.1;3.6
55;2021-03-15;392;19;13245;6645;7.3;3.7
55;2021-03-16;568;107;13813;6752;7.6;3.7
55;2021-03-17;683;17;14496;6769;8.0;3.7
55;2021-03-18;320;21;14816;6790;8.2;3.7
55;2021-03-19;471;59;15287;6849;8.4;3.8
55;2021-03-20;253;14;15540;6863;8.6;3.8
55;2021-03-21;1;1;15541;6864;8.6;3.8
55;2021-03-22;474;18;16015;6882;8.8;3.8
55;2021-03-23;971;60;16986;6942;9.4;3.8
55;2021-03-24;802;36;17788;6978;9.8;3.8
55;2021-03-25;1095;77;18883;7055;10.4;3.9
55;2021-03-26;601;34;19484;7089;10.7;3.9
55;2021-03-27;256;21;19740;7110;10.9;3.9
55;2021-03-28;0;0;19740;7110;10.9;3.9
55;2021-03-29;942;34;20682;7144;11.4;3.9
55;2021-03-30;1423;64;22105;7208;12.2;4.0
55;2021-03-31;1480;61;23585;7269;13.0;4.0
55;2021-04-01;1202;114;24787;7383;13.6;4.1
55;2021-04-02;896;69;25683;7452;14.1;4.1
55;2021-04-03;80;2;25763;7454;14.2;4.1
55;2021-04-04;2;0;25765;7454;14.2;4.1
55;2021-04-05;6;12;25771;7466;14.2;4.1
55;2021-04-06;933;274;26704;7740;14.7;4.3
55;2021-04-07;994;233;27698;7973;15.2;4.4
55;2021-04-08;1647;413;29345;8386;16.2;4.6
55;2021-04-09;1428;261;30773;8647;16.9;4.8
55;2021-04-10;241;174;31014;8821;17.1;4.9
55;2021-04-11;452;20;31466;8841;17.3;4.9
55;2021-04-12;855;323;32321;9164;17.8;5.0
55;2021-04-13;1356;519;33677;9683;18.5;5.3
55;2021-04-14;1371;728;35048;10411;19.3;5.7
55;2021-04-15;1634;453;36682;10864;20.2;6.0
55;2021-04-16;705;378;37387;11242;20.6;6.2
55;2021-04-17;677;28;38064;11270;21.0;6.2
55;2021-04-18;38;18;38102;11288;21.0;6.2
55;2021-04-19;961;343;39063;11631;21.5;6.4
55;2021-04-20;1173;771;40236;12402;22.2;6.8
55;2021-04-21;990;637;41226;13039;22.7;7.2
55;2021-04-22;1072;647;42298;13686;23.3;7.5
55;2021-04-23;1413;572;43711;14258;24.1;7.8
55;2021-04-24;312;123;44023;14381;24.2;7.9
55;2021-04-25;384;47;44407;14428;24.4;7.9
55;2021-04-26;478;816;44885;15244;24.7;8.4
55;2021-04-27;570;993;45455;16237;25.0;8.9
55;2021-04-28;931;815;46386;17052;25.5;9.4
55;2021-04-29;1118;855;47504;17907;26.2;9.9
55;2021-04-30;1279;618;48783;18525;26.9;10.2
55;2021-05-01;153;132;48936;18657;26.9;10.3
55;2021-05-02;2;3;48938;18660;26.9;10.3
55;2021-05-03;1208;628;50146;19288;27.6;10.6
55;2021-05-04;683;1176;50829;20464;28.0;11.3
55;2021-05-05;658;1073;51487;21537;28.3;11.9
55;2021-05-06;1347;1159;52834;22696;29.1;12.5
55;2021-05-07;1432;554;54266;23250;29.9;12.8
55;2021-05-08;155;77;54421;23327;30.0;12.8
55;2021-05-09;61;522;54482;23849;30.0;13.1
55;2021-05-10;861;1027;55343;24876;30.5;13.7
55;2021-05-11;1070;1379;56413;26255;31.1;14.5
55;2021-05-12;1030;1770;57443;28025;31.6;15.4
55;2021-05-13;99;75;57542;28100;31.7;15.5
55;2021-05-14;352;558;57894;28658;31.9;15.8
55;2021-05-15;291;493;58185;29151;32.0;16.0
55;2021-05-16;3;10;58188;29161;32.0;16.1
55;2021-05-17;1028;839;59216;30000;32.6;16.5
55;2021-05-18;1570;892;60786;30892;33.5;17.0
55;2021-05-19;1810;782;62596;31674;34.5;17.4
55;2021-05-20;2215;732;64811;32406;35.7;17.8
55;2021-05-21;2006;797;66817;33203;36.8;18.3
55;2021-05-22;197;167;67014;33370;36.9;18.4
55;2021-05-23;23;120;67037;33490;36.9;18.4
55;2021-05-24;0;0;67037;33490;36.9;18.4
55;2021-05-25;1347;651;68384;34141;37.6;18.8
55;2021-05-26;1671;1016;70055;35157;38.6;19.4
55;2021-05-27;1318;980;71373;36137;39.3;19.9
55;2021-05-28;1521;932;72894;37069;40.1;20.4
55;2021-05-29;1401;697;74295;37766;40.9;20.8
55;2021-05-30;15;206;74310;37972;40.9;20.9
55;2021-05-31;1049;1131;75359;39103;41.5;21.5
55;2021-06-01;913;954;76272;40057;42.0;22.1
55;2021-06-02;1160;985;77432;41042;42.6;22.6
55;2021-06-03;700;542;78132;41584;43.0;22.9
55;2021-06-04;1388;1099;79520;42683;43.8;23.5
55;2021-06-05;1363;277;80883;42960;44.5;23.7
55;2021-06-06;0;2;80883;42962;44.5;23.7
55;2021-06-07;790;714;81673;43676;45.0;24.0
55;2021-06-08;697;1073;82370;44749;45.3;24.6
55;2021-06-09;850;871;83220;45620;45.8;25.1
55;2021-06-10;376;275;83596;45895;46.0;25.3
55;2021-06-11;524;1287;84120;47182;46.3;26.0
55;2021-06-12;758;520;84878;47702;46.7;26.3
55;2021-06-13;262;33;85140;47735;46.9;26.3
55;2021-06-14;367;1364;85507;49099;47.1;27.0
55;2021-06-15;569;1213;86076;50312;47.4;27.7
55;2021-06-16;728;829;86804;51141;47.8;28.2
55;2021-06-17;424;858;87228;51999;48.0;28.6
55;2021-06-18;656;1475;87884;53474;48.4;29.4
55;2021-06-19;587;457;88471;53931;48.7;29.7
55;2021-06-20;0;0;88471;53931;48.7;29.7
55;2021-06-21;434;1023;88905;54954;48.9;30.3
55;2021-06-22;335;1014;89240;55968;49.1;30.8
55;2021-06-23;615;1210;89855;57178;49.5;31.5
55;2021-06-24;163;433;90018;57611;49.6;31.7
55;2021-06-25;639;1222;90657;58833;49.9;32.4
55;2021-06-26;417;340;91074;59173;50.1;32.6
55;2021-06-27;1;2;91075;59175;50.1;32.6
55;2021-06-28;145;1389;91220;60564;50.2;33.3
55;2021-06-29;199;1289;91419;61853;50.3;34.1
55;2021-06-30;269;1941;91688;63794;50.5;35.1
55;2021-07-01;378;1983;92066;65777;50.7;36.2
55;2021-07-02;386;1722;92452;67499;50.9;37.2
55;2021-07-03;108;261;92560;67760;51.0;37.3
55;2021-07-04;12;19;92572;67779;51.0;37.3
55;2021-07-05;221;1511;92793;69290;51.1;38.1
55;2021-07-06;315;891;93108;70181;51.3;38.6
55;2021-07-07;386;1802;93494;71983;51.5;39.6
55;2021-07-08;523;1586;94017;73569;51.8;40.5
55;2021-07-09;442;1477;94459;75046;52.0;41.3
55;2021-07-10;348;1108;94807;76154;52.2;41.9
55;2021-07-11;0;9;94807;76163;52.2;41.9
55;2021-07-12;601;1167;95408;77330;52.5;42.6
55;2021-07-13;597;1488;96005;78818;52.9;43.4
55;2021-07-14;0;13;96005;78831;52.9;43.4
55;2021-07-15;771;1643;96776;80474;53.3;44.3
55;2021-07-16;1250;1807;98026;82281;54.0;45.3
55;2021-07-17;1271;811;99297;83092;54.7;45.7
55;2021-07-18;1;2;99298;83094;54.7;45.7
55;2021-07-19;594;783;99892;83877;55.0;46.2
55;2021-07-20;986;1024;100878;84901;55.5;46.7
55;2021-07-21;1453;1363;102331;86264;56.3;47.5
55;2021-07-22;1064;540;103395;86804;56.9;47.8
56;2020-12-27;0;0;0;0;0.0;0.0
56;2020-12-28;1;0;1;0;0.0;0.0
56;2020-12-29;0;0;1;0;0.0;0.0
56;2020-12-30;0;0;1;0;0.0;0.0
56;2020-12-31;0;0;1;0;0.0;0.0
56;2021-01-01;0;0;1;0;0.0;0.0
56;2021-01-02;1;0;2;0;0.0;0.0
56;2021-01-03;0;0;2;0;0.0;0.0
56;2021-01-04;1;0;3;0;0.0;0.0
56;2021-01-05;1;0;4;0;0.0;0.0
56;2021-01-06;1;0;5;0;0.0;0.0
56;2021-01-07;198;0;203;0;0.0;0.0
56;2021-01-08;119;0;322;0;0.0;0.0
56;2021-01-09;1;0;323;0;0.0;0.0
56;2021-01-10;1;0;324;0;0.0;0.0
56;2021-01-11;242;0;566;0;0.1;0.0
56;2021-01-12;752;0;1318;0;0.2;0.0
56;2021-01-13;637;1;1955;1;0.3;0.0
56;2021-01-14;967;2;2922;3;0.4;0.0
56;2021-01-15;837;5;3759;8;0.5;0.0
56;2021-01-16;233;3;3992;11;0.5;0.0
56;2021-01-17;26;0;4018;11;0.5;0.0
56;2021-01-18;1001;1;5019;12;0.7;0.0
56;2021-01-19;849;1;5868;13;0.8;0.0
56;2021-01-20;883;1;6751;14;0.9;0.0
56;2021-01-21;1459;2;8210;16;1.1;0.0
56;2021-01-22;1169;1;9379;17;1.2;0.0
56;2021-01-23;319;2;9698;19;1.3;0.0
56;2021-01-24;6;0;9704;19;1.3;0.0
56;2021-01-25;824;0;10528;19;1.4;0.0
56;2021-01-26;1030;4;11558;23;1.5;0.0
56;2021-01-27;1082;61;12640;84;1.7;0.0
56;2021-01-28;972;125;13612;209;1.8;0.0
56;2021-01-29;865;106;14477;315;1.9;0.0
56;2021-01-30;138;19;14615;334;1.9;0.0
56;2021-01-31;0;0;14615;334;1.9;0.0
56;2021-02-01;477;158;15092;492;2.0;0.1
56;2021-02-02;942;257;16034;749;2.1;0.1
56;2021-02-03;1020;270;17054;1019;2.3;0.1
56;2021-02-04;4687;337;21741;1356;2.9;0.2
56;2021-02-05;3578;423;25319;1779;3.4;0.2
56;2021-02-06;547;169;25866;1948;3.4;0.3
56;2021-02-07;135;26;26001;1974;3.4;0.3
56;2021-02-08;296;288;26297;2262;3.5;0.3
56;2021-02-09;793;510;27090;2772;3.6;0.4
56;2021-02-10;862;700;27952;3472;3.7;0.5
56;2021-02-11;972;1077;28924;4549;3.8;0.6
56;2021-02-12;1149;644;30073;5193;4.0;0.7
56;2021-02-13;220;104;30293;5297;4.0;0.7
56;2021-02-14;6;46;30299;5343;4.0;0.7
56;2021-02-15;620;1089;30919;6432;4.1;0.9
56;2021-02-16;1219;738;32138;7170;4.3;0.9
56;2021-02-17;1190;959;33328;8129;4.4;1.1
56;2021-02-18;1350;883;34678;9012;4.6;1.2
56;2021-02-19;1318;915;35996;9927;4.8;1.3
56;2021-02-20;365;262;36361;10189;4.8;1.3
56;2021-02-21;0;0;36361;10189;4.8;1.3
56;2021-02-22;372;700;36733;10889;4.9;1.4
56;2021-02-23;737;965;37470;11854;5.0;1.6
56;2021-02-24;913;1180;38383;13034;5.1;1.7
56;2021-02-25;2026;4243;40409;17277;5.3;2.3
56;2021-02-26;2350;2257;42759;19534;5.7;2.6
56;2021-02-27;736;446;43495;19980;5.8;2.6
56;2021-02-28;14;114;43509;20094;5.8;2.7
56;2021-03-01;645;559;44154;20653;5.8;2.7
56;2021-03-02;976;789;45130;21442;6.0;2.8
56;2021-03-03;1147;911;46277;22353;6.1;3.0
56;2021-03-04;1963;1037;48240;23390;6.4;3.1
56;2021-03-05;2576;1427;50816;24817;6.7;3.3
56;2021-03-06;1203;213;52019;25030;6.9;3.3
56;2021-03-07;282;24;52301;25054;6.9;3.3
56;2021-03-08;1137;391;53438;25445;7.1;3.4
56;2021-03-09;2027;629;55465;26074;7.3;3.5
56;2021-03-10;1999;937;57464;27011;7.6;3.6
56;2021-03-11;3250;729;60714;27740;8.0;3.7
56;2021-03-12;4206;818;64920;28558;8.6;3.8
56;2021-03-13;1878;145;66798;28703;8.8;3.8
56;2021-03-14;190;2;66988;28705;8.9;3.8
56;2021-03-15;1280;533;68268;29238;9.0;3.9
56;2021-03-16;1087;1036;69355;30274;9.2;4.0
56;2021-03-17;1355;778;70710;31052;9.4;4.1
56;2021-03-18;1993;1875;72703;32927;9.6;4.4
56;2021-03-19;2936;1401;75639;34328;10.0;4.5
56;2021-03-20;1485;205;77124;34533;10.2;4.6
56;2021-03-21;205;22;77329;34555;10.2;4.6
56;2021-03-22;1608;398;78937;34953;10.4;4.6
56;2021-03-23;2802;686;81739;35639;10.8;4.7
56;2021-03-24;3442;524;85181;36163;11.3;4.8
56;2021-03-25;4223;709;89404;36872;11.8;4.9
56;2021-03-26;5085;772;94489;37644;12.5;5.0
56;2021-03-27;1497;292;95986;37936;12.7;5.0
56;2021-03-28;263;10;96249;37946;12.7;5.0
56;2021-03-29;2223;502;98472;38448;13.0;5.1
56;2021-03-30;3516;782;101988;39230;13.5;5.2
56;2021-03-31;3111;706;105099;39936;13.9;5.3
56;2021-04-01;4058;814;109157;40750;14.4;5.4
56;2021-04-02;3911;930;113068;41680;15.0;5.5
56;2021-04-03;1186;269;114254;41949;15.1;5.6
56;2021-04-04;230;3;114484;41952;15.2;5.6
56;2021-04-05;244;8;114728;41960;15.2;5.6
56;2021-04-06;2810;1232;117538;43192;15.6;5.7
56;2021-04-07;4015;1174;121553;44366;16.1;5.9
56;2021-04-08;5285;1157;126838;45523;16.8;6.0
56;2021-04-09;7377;1277;134215;46800;17.8;6.2
56;2021-04-10;2579;420;136794;47220;18.1;6.2
56;2021-04-11;190;102;136984;47322;18.1;6.3
56;2021-04-12;3932;832;140916;48154;18.7;6.4
56;2021-04-13;5960;1249;146876;49403;19.4;6.5
56;2021-04-14;5161;1421;152037;50824;20.1;6.7
56;2021-04-15;7128;1751;159165;52575;21.1;7.0
56;2021-04-16;7834;1993;166999;54568;22.1;7.2
56;2021-04-17;3128;634;170127;55202;22.5;7.3
56;2021-04-18;528;106;170655;55308;22.6;7.3
56;2021-04-19;3715;1260;174370;56568;23.1;7.5
56;2021-04-20;4092;1971;178462;58539;23.6;7.7
56;2021-04-21;4057;2320;182519;60859;24.2;8.1
56;2021-04-22;5166;1916;187685;62775;24.8;8.3
56;2021-04-23;5149;2393;192834;65168;25.5;8.6
56;2021-04-24;2897;641;195731;65809;25.9;8.7
56;2021-04-25;463;148;196194;65957;26.0;8.7
56;2021-04-26;4702;1660;200896;67617;26.6;8.9
56;2021-04-27;5085;2544;205981;70161;27.3;9.3
56;2021-04-28;4964;2241;210945;72402;27.9;9.6
56;2021-04-29;5831;2927;216776;75329;28.7;10.0
56;2021-04-30;6236;2799;223012;78128;29.5;10.3
56;2021-05-01;2483;359;225495;78487;29.8;10.4
56;2021-05-02;306;254;225801;78741;29.9;10.4
56;2021-05-03;3862;2062;229663;80803;30.4;10.7
56;2021-05-04;4382;3898;234045;84701;31.0;11.2
56;2021-05-05;3522;3866;237567;88567;31.4;11.7
56;2021-05-06;4379;5422;241946;93989;32.0;12.4
56;2021-05-07;4265;5009;246211;98998;32.6;13.1
56;2021-05-08;1639;312;247850;99310;32.8;13.1
56;2021-05-09;494;221;248344;99531;32.9;13.2
56;2021-05-10;3747;3806;252091;103337;33.4;13.7
56;2021-05-11;4159;5044;256250;108381;33.9;14.3
56;2021-05-12;4339;4773;260589;113154;34.5;15.0
56;2021-05-13;2394;1005;262983;114159;34.8;15.1
56;2021-05-14;4220;4354;267203;118513;35.4;15.7
56;2021-05-15;2482;1892;269685;120405;35.7;15.9
56;2021-05-16;234;488;269919;120893;35.7;16.0
56;2021-05-17;2509;3662;272428;124555;36.1;16.5
56;2021-05-18;3514;4074;275942;128629;36.5;17.0
56;2021-05-19;3527;3388;279469;132017;37.0;17.5
56;2021-05-20;3795;4803;283264;136820;37.5;18.1
56;2021-05-21;3740;5221;287004;142041;38.0;18.8
56;2021-05-22;1697;2209;288701;144250;38.2;19.1
56;2021-05-23;284;197;288985;144447;38.2;19.1
56;2021-05-24;2056;499;291041;144946;38.5;19.2
56;2021-05-25;3133;4462;294174;149408;38.9;19.8
56;2021-05-26;3727;3899;297901;153307;39.4;20.3
56;2021-05-27;4358;4869;302259;158176;40.0;20.9
56;2021-05-28;4631;5958;306890;164134;40.6;21.7
56;2021-05-29;1885;1635;308775;165769;40.9;21.9
56;2021-05-30;317;66;309092;165835;40.9;21.9
56;2021-05-31;4501;3217;313593;169052;41.5;22.4
56;2021-06-01;5662;3385;319255;172437;42.3;22.8
56;2021-06-02;5635;2949;324890;175386;43.0;23.2
56;2021-06-03;6183;3304;331073;178690;43.8;23.6
56;2021-06-04;5805;4412;336878;183102;44.6;24.2
56;2021-06-05;4343;2385;341221;185487;45.2;24.5
56;2021-06-06;495;615;341716;186102;45.2;24.6
56;2021-06-07;5104;3171;346820;189273;45.9;25.1
56;2021-06-08;6056;3374;352876;192647;46.7;25.5
56;2021-06-09;6432;2811;359308;195458;47.6;25.9
56;2021-06-10;7463;2864;366771;198322;48.5;26.2
56;2021-06-11;6750;3867;373521;202189;49.4;26.8
56;2021-06-12;5086;2067;378607;204256;50.1;27.0
56;2021-06-13;1966;437;380573;204693;50.4;27.1
56;2021-06-14;3305;4590;383878;209283;50.8;27.7
56;2021-06-15;4197;4895;388075;214178;51.4;28.3
56;2021-06-16;4473;4500;392548;218678;52.0;28.9
56;2021-06-17;4242;4750;396790;223428;52.5;29.6
56;2021-06-18;4504;5968;401294;229396;53.1;30.4
56;2021-06-19;3826;2141;405120;231537;53.6;30.6
56;2021-06-20;1492;337;406612;231874;53.8;30.7
56;2021-06-21;3291;4469;409903;236343;54.3;31.3
56;2021-06-22;3465;5441;413368;241784;54.7;32.0
56;2021-06-23;3736;5064;417104;246848;55.2;32.7
56;2021-06-24;3457;5323;420561;252171;55.7;33.4
56;2021-06-25;3862;6275;424423;258446;56.2;34.2
56;2021-06-26;3175;2915;427598;261361;56.6;34.6
56;2021-06-27;301;163;427899;261524;56.6;34.6
56;2021-06-28;1555;3982;429454;265506;56.8;35.1
56;2021-06-29;2370;5743;431824;271249;57.2;35.9
56;2021-06-30;2468;5567;434292;276816;57.5;36.6
56;2021-07-01;2703;4957;436995;281773;57.8;37.3
56;2021-07-02;2632;6214;439627;287987;58.2;38.1
56;2021-07-03;2183;2684;441810;290671;58.5;38.5
56;2021-07-04;769;809;442579;291480;58.6;38.6
56;2021-07-05;1849;5452;444428;296932;58.8;39.3
56;2021-07-06;2164;5949;446592;302881;59.1;40.1
56;2021-07-07;2826;5644;449418;308525;59.5;40.8
56;2021-07-08;3053;6041;452471;314566;59.9;41.6
56;2021-07-09;2209;7106;454680;321672;60.2;42.6
56;2021-07-10;1123;3002;455803;324674;60.3;43.0
56;2021-07-11;254;343;456057;325017;60.4;43.0
56;2021-07-12;2163;6603;458220;331620;60.6;43.9
56;2021-07-13;3224;7471;461444;339091;61.1;44.9
56;2021-07-14;1767;2577;463211;341668;61.3;45.2
56;2021-07-15;3800;7063;467011;348731;61.8;46.2
56;2021-07-16;4050;8087;471061;356818;62.3;47.2
56;2021-07-17;2289;3516;473350;360334;62.6;47.7
56;2021-07-18;253;477;473603;360811;62.7;47.8
56;2021-07-19;2845;6350;476448;367161;63.1;48.6
56;2021-07-20;3691;7916;480139;375077;63.5;49.6
56;2021-07-21;3059;7513;483198;382590;64.0;50.6
56;2021-07-22;4289;7995;487487;390585;64.5;51.7
57;2020-12-27;0;0;0;0;0.0;0.0
57;2020-12-28;0;0;0;0;0.0;0.0
57;2020-12-29;1;0;1;0;0.0;0.0
57;2020-12-30;1;0;2;0;0.0;0.0
57;2020-12-31;0;0;2;0;0.0;0.0
57;2021-01-01;0;0;2;0;0.0;0.0
57;2021-01-02;2;0;4;0;0.0;0.0
57;2021-01-03;0;0;4;0;0.0;0.0
57;2021-01-04;15;0;19;0;0.0;0.0
57;2021-01-05;198;0;217;0;0.0;0.0
57;2021-01-06;226;1;443;1;0.0;0.0
57;2021-01-07;583;2;1026;3;0.1;0.0
57;2021-01-08;508;2;1534;5;0.1;0.0
57;2021-01-09;196;0;1730;5;0.2;0.0
57;2021-01-10;108;0;1838;5;0.2;0.0
57;2021-01-11;469;1;2307;6;0.2;0.0
57;2021-01-12;613;4;2920;10;0.3;0.0
57;2021-01-13;694;3;3614;13;0.3;0.0
57;2021-01-14;706;6;4320;19;0.4;0.0
57;2021-01-15;632;2;4952;21;0.5;0.0
57;2021-01-16;449;1;5401;22;0.5;0.0
57;2021-01-17;491;1;5892;23;0.6;0.0
57;2021-01-18;2702;15;8594;38;0.8;0.0
57;2021-01-19;2560;8;11154;46;1.1;0.0
57;2021-01-20;2758;11;13912;57;1.3;0.0
57;2021-01-21;1790;6;15702;63;1.5;0.0
57;2021-01-22;1320;6;17022;69;1.6;0.0
57;2021-01-23;543;15;17565;84;1.7;0.0
57;2021-01-24;0;0;17565;84;1.7;0.0
57;2021-01-25;869;184;18434;268;1.8;0.0
57;2021-01-26;1109;216;19543;484;1.9;0.0
57;2021-01-27;1063;183;20606;667;2.0;0.1
57;2021-01-28;1039;298;21645;965;2.1;0.1
57;2021-01-29;982;397;22627;1362;2.2;0.1
57;2021-01-30;440;95;23067;1457;2.2;0.1
57;2021-01-31;10;27;23077;1484;2.2;0.1
57;2021-02-01;824;354;23901;1838;2.3;0.2
57;2021-02-02;989;366;24890;2204;2.4;0.2
57;2021-02-03;986;320;25876;2524;2.5;0.2
57;2021-02-04;1138;808;27014;3332;2.6;0.3
57;2021-02-05;928;357;27942;3689;2.7;0.4
57;2021-02-06;480;351;28422;4040;2.7;0.4
57;2021-02-07;103;334;28525;4374;2.8;0.4
57;2021-02-08;1253;1558;29778;5932;2.9;0.6
57;2021-02-09;1763;1671;31541;7603;3.0;0.7
57;2021-02-10;1707;2065;33248;9668;3.2;0.9
57;2021-02-11;1483;1331;34731;10999;3.4;1.1
57;2021-02-12;1225;675;35956;11674;3.5;1.1
57;2021-02-13;1151;176;37107;11850;3.6;1.1
57;2021-02-14;1210;26;38317;11876;3.7;1.1
57;2021-02-15;765;863;39082;12739;3.8;1.2
57;2021-02-16;1070;798;40152;13537;3.9;1.3
57;2021-02-17;1006;961;41158;14498;4.0;1.4
57;2021-02-18;972;1159;42130;15657;4.1;1.5
57;2021-02-19;952;936;43082;16593;4.2;1.6
57;2021-02-20;1174;613;44256;17206;4.3;1.7
57;2021-02-21;322;11;44578;17217;4.3;1.7
57;2021-02-22;1230;910;45808;18127;4.4;1.7
57;2021-02-23;2235;1087;48043;19214;4.6;1.9
57;2021-02-24;2266;994;50309;20208;4.9;2.0
57;2021-02-25;3291;1111;53600;21319;5.2;2.1
57;2021-02-26;3573;956;57173;22275;5.5;2.2
57;2021-02-27;3687;526;60860;22801;5.9;2.2
57;2021-02-28;1895;53;62755;22854;6.1;2.2
57;2021-03-01;2048;1334;64803;24188;6.3;2.3
57;2021-03-02;2844;1615;67647;25803;6.5;2.5
57;2021-03-03;2800;1596;70447;27399;6.8;2.6
57;2021-03-04;3265;1291;73712;28690;7.1;2.8
57;2021-03-05;4447;1223;78159;29913;7.5;2.9
57;2021-03-06;7227;766;85386;30679;8.2;3.0
57;2021-03-07;6070;264;91456;30943;8.8;3.0
57;2021-03-08;2297;997;93753;31940;9.1;3.1
57;2021-03-09;3380;1293;97133;33233;9.4;3.2
57;2021-03-10;3570;947;100703;34180;9.7;3.3
57;2021-03-11;4027;1225;104730;35405;10.1;3.4
57;2021-03-12;5100;1190;109830;36595;10.6;3.5
57;2021-03-13;6279;959;116109;37554;11.2;3.6
57;2021-03-14;2423;407;118532;37961;11.4;3.7
57;2021-03-15;2957;866;121489;38827;11.7;3.7
57;2021-03-16;3060;1260;124549;40087;12.0;3.9
57;2021-03-17;3049;1129;127598;41216;12.3;4.0
57;2021-03-18;3399;1068;130997;42284;12.6;4.1
57;2021-03-19;4601;1015;135598;43299;13.1;4.2
57;2021-03-20;4692;1010;140290;44309;13.5;4.3
57;2021-03-21;1892;252;142182;44561;13.7;4.3
57;2021-03-22;2477;1467;144659;46028;14.0;4.4
57;2021-03-23;3429;2326;148088;48354;14.3;4.7
57;2021-03-24;3887;2136;151975;50490;14.7;4.9
57;2021-03-25;4734;2573;156709;53063;15.1;5.1
57;2021-03-26;4832;2239;161541;55302;15.6;5.3
57;2021-03-27;3706;3143;165247;58445;16.0;5.6
57;2021-03-28;1398;1845;166645;60290;16.1;5.8
57;2021-03-29;1935;2170;168580;62460;16.3;6.0
57;2021-03-30;3295;2480;171875;64940;16.6;6.3
57;2021-03-31;2817;2300;174692;67240;16.9;6.5
57;2021-04-01;3216;3163;177908;70403;17.2;6.8
57;2021-04-02;2389;2568;180297;72971;17.4;7.0
57;2021-04-03;2568;2658;182865;75629;17.7;7.3
57;2021-04-04;590;974;183455;76603;17.7;7.4
57;2021-04-05;1919;662;185374;77265;17.9;7.5
57;2021-04-06;2448;2827;187822;80092;18.1;7.7
57;2021-04-07;3806;3046;191628;83138;18.5;8.0
57;2021-04-08;5596;2858;197224;85996;19.0;8.3
57;2021-04-09;5003;2704;202227;88700;19.5;8.6
57;2021-04-10;2351;3626;204578;92326;19.7;8.9
57;2021-04-11;1097;1883;205675;94209;19.9;9.1
57;2021-04-12;1782;2752;207457;96961;20.0;9.4
57;2021-04-13;1972;3021;209429;99982;20.2;9.7
57;2021-04-14;1917;2984;211346;102966;20.4;9.9
57;2021-04-15;2358;3426;213704;106392;20.6;10.3
57;2021-04-16;2701;3283;216405;109675;20.9;10.6
57;2021-04-17;2470;3182;218875;112857;21.1;10.9
57;2021-04-18;1244;1773;220119;114630;21.2;11.1
57;2021-04-19;2134;2257;222253;116887;21.5;11.3
57;2021-04-20;2510;2780;224763;119667;21.7;11.6
57;2021-04-21;2562;2370;227325;122037;21.9;11.8
57;2021-04-22;3202;2247;230527;124284;22.3;12.0
57;2021-04-23;4052;2569;234579;126853;22.6;12.2
57;2021-04-24;3391;2551;237970;129404;23.0;12.5
57;2021-04-25;754;1125;238724;130529;23.0;12.6
57;2021-04-26;2967;1989;241691;132518;23.3;12.8
57;2021-04-27;3895;2368;245586;134886;23.7;13.0
57;2021-04-28;4206;2584;249792;137470;24.1;13.3
57;2021-04-29;5248;3426;255040;140896;24.6;13.6
57;2021-04-30;4721;3539;259761;144435;25.1;13.9
57;2021-05-01;2350;1683;262111;146118;25.3;14.1
57;2021-05-02;789;911;262900;147029;25.4;14.2
57;2021-05-03;3560;2986;266460;150015;25.7;14.5
57;2021-05-04;4868;3163;271328;153178;26.2;14.8
57;2021-05-05;6116;3163;277444;156341;26.8;15.1
57;2021-05-06;5980;3284;283424;159625;27.4;15.4
57;2021-05-07;6851;3440;290275;163065;28.0;15.7
57;2021-05-08;4049;1604;294324;164669;28.4;15.9
57;2021-05-09;2046;1108;296370;165777;28.6;16.0
57;2021-05-10;5124;3067;301494;168844;29.1;16.3
57;2021-05-11;7440;2849;308934;171693;29.8;16.6
57;2021-05-12;7829;3240;316763;174933;30.6;16.9
57;2021-05-13;4508;911;321271;175844;31.0;17.0
57;2021-05-14;7832;2635;329103;178479;31.8;17.2
57;2021-05-15;5956;2040;335059;180519;32.3;17.4
57;2021-05-16;3308;579;338367;181098;32.7;17.5
57;2021-05-17;3856;2067;342223;183165;33.0;17.7
57;2021-05-18;6286;2099;348509;185264;33.6;17.9
57;2021-05-19;7015;2323;355524;187587;34.3;18.1
57;2021-05-20;6045;2177;361569;189764;34.9;18.3
57;2021-05-21;7556;2908;369125;192672;35.6;18.6
57;2021-05-22;4890;2154;374015;194826;36.1;18.8
57;2021-05-23;1964;430;375979;195256;36.3;18.8
57;2021-05-24;3029;1068;379008;196324;36.6;19.0
57;2021-05-25;5574;2799;384582;199123;37.1;19.2
57;2021-05-26;6369;3172;390951;202295;37.7;19.5
57;2021-05-27;5784;3121;396735;205416;38.3;19.8
57;2021-05-28;7025;4743;403760;210159;39.0;20.3
57;2021-05-29;5222;4249;408982;214408;39.5;20.7
57;2021-05-30;1969;1743;410951;216151;39.7;20.9
57;2021-05-31;4314;3337;415265;219488;40.1;21.2
57;2021-06-01;5924;3705;421189;223193;40.7;21.5
57;2021-06-02;6334;3898;427523;227091;41.3;21.9
57;2021-06-03;6209;3692;433732;230783;41.9;22.3
57;2021-06-04;7557;4976;441289;235759;42.6;22.8
57;2021-06-05;4764;4026;446053;239785;43.1;23.1
57;2021-06-06;1991;888;448044;240673;43.3;23.2
57;2021-06-07;4313;4032;452357;244705;43.7;23.6
57;2021-06-08;6691;4302;459048;249007;44.3;24.0
57;2021-06-09;6862;4155;465910;253162;45.0;24.4
57;2021-06-10;6201;4575;472111;257737;45.6;24.9
57;2021-06-11;5338;5349;477449;263086;46.1;25.4
57;2021-06-12;5710;4448;483159;267534;46.6;25.8
57;2021-06-13;1480;1133;484639;268667;46.8;25.9
57;2021-06-14;3352;4707;487991;273374;47.1;26.4
57;2021-06-15;3786;6009;491777;279383;47.5;27.0
57;2021-06-16;4368;6594;496145;285977;47.9;27.6
57;2021-06-17;4176;6074;500321;292051;48.3;28.2
57;2021-06-18;4258;7297;504579;299348;48.7;28.9
57;2021-06-19;4117;6276;508696;305624;49.1;29.5
57;2021-06-20;957;1668;509653;307292;49.2;29.7
57;2021-06-21;2054;5978;511707;313270;49.4;30.2
57;2021-06-22;2628;7999;514335;321269;49.7;31.0
57;2021-06-23;3053;8385;517388;329654;49.9;31.8
57;2021-06-24;2435;5290;519823;334944;50.2;32.3
57;2021-06-25;2833;7832;522656;342776;50.5;33.1
57;2021-06-26;2839;7279;525495;350055;50.7;33.8
57;2021-06-27;747;2983;526242;353038;50.8;34.1
57;2021-06-28;1581;5083;527823;358121;51.0;34.6
57;2021-06-29;2058;6830;529881;364951;51.2;35.2
57;2021-06-30;3023;7313;532904;372264;51.4;35.9
57;2021-07-01;2647;5947;535551;378211;51.7;36.5
57;2021-07-02;2622;8077;538173;386288;52.0;37.3
57;2021-07-03;3198;6525;541371;392813;52.3;37.9
57;2021-07-04;931;2462;542302;395275;52.4;38.2
57;2021-07-05;1658;4605;543960;399880;52.5;38.6
57;2021-07-06;2385;6473;546345;406353;52.7;39.2
57;2021-07-07;2699;7078;549044;413431;53.0;39.9
57;2021-07-08;2454;5866;551498;419297;53.2;40.5
57;2021-07-09;3402;8402;554900;427699;53.6;41.3
57;2021-07-10;3075;6922;557975;434621;53.9;42.0
57;2021-07-11;841;2226;558816;436847;53.9;42.2
57;2021-07-12;2380;6400;561196;443247;54.2;42.8
57;2021-07-13;4370;7485;565566;450732;54.6;43.5
57;2021-07-14;2811;3846;568377;454578;54.9;43.9
57;2021-07-15;3914;7752;572291;462330;55.2;44.6
57;2021-07-16;5603;9797;577894;472127;55.8;45.6
57;2021-07-17;5784;7249;583678;479376;56.3;46.3
57;2021-07-18;1477;2645;585155;482021;56.5;46.5
57;2021-07-19;2349;6193;587504;488214;56.7;47.1
57;2021-07-20;4297;6881;591801;495095;57.1;47.8
57;2021-07-21;5232;6843;597033;501938;57.6;48.5
57;2021-07-22;5900;5906;602933;507844;58.2;49.0
58;2020-12-27;0;0;0;0;0.0;0.0
58;2020-12-28;0;0;0;0;0.0;0.0
58;2020-12-29;0;0;0;0;0.0;0.0
58;2020-12-30;0;0;0;0;0.0;0.0
58;2020-12-31;0;0;0;0;0.0;0.0
58;2021-01-01;0;0;0;0;0.0;0.0
58;2021-01-02;0;0;0;0;0.0;0.0
58;2021-01-03;1;0;1;0;0.0;0.0
58;2021-01-04;0;0;1;0;0.0;0.0
58;2021-01-05;0;0;1;0;0.0;0.0
58;2021-01-06;145;0;146;0;0.1;0.0
58;2021-01-07;241;0;387;0;0.2;0.0
58;2021-01-08;63;0;450;0;0.2;0.0
58;2021-01-09;1;0;451;0;0.2;0.0
58;2021-01-10;0;0;451;0;0.2;0.0
58;2021-01-11;54;0;505;0;0.3;0.0
58;2021-01-12;255;0;760;0;0.4;0.0
58;2021-01-13;393;0;1153;0;0.6;0.0
58;2021-01-14;291;1;1444;1;0.7;0.0
58;2021-01-15;141;0;1585;1;0.8;0.0
58;2021-01-16;10;1;1595;2;0.8;0.0
58;2021-01-17;0;0;1595;2;0.8;0.0
58;2021-01-18;413;1;2008;3;1.0;0.0
58;2021-01-19;985;2;2993;5;1.5;0.0
58;2021-01-20;1203;1;4196;6;2.1;0.0
58;2021-01-21;960;4;5156;10;2.6;0.0
58;2021-01-22;769;2;5925;12;3.0;0.0
58;2021-01-23;251;0;6176;12;3.1;0.0
58;2021-01-24;2;0;6178;12;3.1;0.0
58;2021-01-25;438;0;6616;12;3.3;0.0
58;2021-01-26;648;3;7264;15;3.6;0.0
58;2021-01-27;604;43;7868;58;3.9;0.0
58;2021-01-28;755;66;8623;124;4.3;0.1
58;2021-01-29;837;7;9460;131;4.7;0.1
58;2021-01-30;281;0;9741;131;4.9;0.1
58;2021-01-31;10;0;9751;131;4.9;0.1
58;2021-02-01;201;71;9952;202;5.0;0.1
58;2021-02-02;565;85;10517;287;5.3;0.1
58;2021-02-03;278;149;10795;436;5.4;0.2
58;2021-02-04;285;94;11080;530;5.6;0.3
58;2021-02-05;184;94;11264;624;5.6;0.3
58;2021-02-06;89;0;11353;624;5.7;0.3
58;2021-02-07;0;0;11353;624;5.7;0.3
58;2021-02-08;306;74;11659;698;5.8;0.3
58;2021-02-09;503;315;12162;1013;6.1;0.5
58;2021-02-10;349;381;12511;1394;6.3;0.7
58;2021-02-11;287;383;12798;1777;6.4;0.9
58;2021-02-12;242;201;13040;1978;6.5;1.0
58;2021-02-13;83;29;13123;2007;6.6;1.0
58;2021-02-14;0;3;13123;2010;6.6;1.0
58;2021-02-15;114;535;13237;2545;6.6;1.3
58;2021-02-16;208;941;13445;3486;6.7;1.7
58;2021-02-17;217;768;13662;4254;6.8;2.1
58;2021-02-18;187;791;13849;5045;6.9;2.5
58;2021-02-19;241;725;14090;5770;7.1;2.9
58;2021-02-20;62;230;14152;6000;7.1;3.0
58;2021-02-21;0;30;14152;6030;7.1;3.0
58;2021-02-22;76;406;14228;6436;7.1;3.2
58;2021-02-23;48;624;14276;7060;7.2;3.5
58;2021-02-24;39;635;14315;7695;7.2;3.9
58;2021-02-25;252;703;14567;8398;7.3;4.2
58;2021-02-26;245;624;14812;9022;7.4;4.5
58;2021-02-27;104;189;14916;9211;7.5;4.6
58;2021-02-28;11;8;14927;9219;7.5;4.6
58;2021-03-01;145;246;15072;9465;7.6;4.7
58;2021-03-02;415;642;15487;10107;7.8;5.1
58;2021-03-03;512;290;15999;10397;8.0;5.2
58;2021-03-04;722;275;16721;10672;8.4;5.3
58;2021-03-05;866;200;17587;10872;8.8;5.4
58;2021-03-06;574;82;18161;10954;9.1;5.5
58;2021-03-07;63;11;18224;10965;9.1;5.5
58;2021-03-08;151;299;18375;11264;9.2;5.6
58;2021-03-09;541;543;18916;11807;9.5;5.9
58;2021-03-10;836;239;19752;12046;9.9;6.0
58;2021-03-11;856;272;20608;12318;10.3;6.2
58;2021-03-12;860;198;21468;12516;10.8;6.3
58;2021-03-13;506;67;21974;12583;11.0;6.3
58;2021-03-14;34;0;22008;12583;11.0;6.3
58;2021-03-15;528;107;22536;12690;11.3;6.4
58;2021-03-16;726;221;23262;12911;11.7;6.5
58;2021-03-17;756;191;24018;13102;12.0;6.6
58;2021-03-18;581;175;24599;13277;12.3;6.7
58;2021-03-19;529;101;25128;13378;12.6;6.7
58;2021-03-20;322;63;25450;13441;12.8;6.7
58;2021-03-21;15;0;25465;13441;12.8;6.7
58;2021-03-22;794;21;26259;13462;13.2;6.7
58;2021-03-23;1637;39;27896;13501;14.0;6.8
58;2021-03-24;1358;67;29254;13568;14.7;6.8
58;2021-03-25;1833;39;31087;13607;15.6;6.8
58;2021-03-26;1413;49;32500;13656;16.3;6.8
58;2021-03-27;358;6;32858;13662;16.5;6.8
58;2021-03-28;20;0;32878;13662;16.5;6.8
58;2021-03-29;639;151;33517;13813;16.8;6.9
58;2021-03-30;1179;244;34696;14057;17.4;7.0
58;2021-03-31;1116;392;35812;14449;17.9;7.2
58;2021-04-01;1543;396;37355;14845;18.7;7.4
58;2021-04-02;1458;358;38813;15203;19.4;7.6
58;2021-04-03;566;148;39379;15351;19.7;7.7
58;2021-04-04;0;0;39379;15351;19.7;7.7
58;2021-04-05;46;0;39425;15351;19.8;7.7
58;2021-04-06;818;342;40243;15693;20.2;7.9
58;2021-04-07;695;548;40938;16241;20.5;8.1
58;2021-04-08;1492;416;42430;16657;21.3;8.3
58;2021-04-09;1773;481;44203;17138;22.1;8.6
58;2021-04-10;653;201;44856;17339;22.5;8.7
58;2021-04-11;17;3;44873;17342;22.5;8.7
58;2021-04-12;1116;502;45989;17844;23.0;8.9
58;2021-04-13;1436;618;47425;18462;23.8;9.2
58;2021-04-14;1338;668;48763;19130;24.4;9.6
58;2021-04-15;1432;596;50195;19726;25.1;9.9
58;2021-04-16;1734;505;51929;20231;26.0;10.1
58;2021-04-17;721;231;52650;20462;26.4;10.3
58;2021-04-18;20;7;52670;20469;26.4;10.3
58;2021-04-19;533;605;53203;21074;26.7;10.6
58;2021-04-20;487;1120;53690;22194;26.9;11.1
58;2021-04-21;625;970;54315;23164;27.2;11.6
58;2021-04-22;767;1521;55082;24685;27.6;12.4
58;2021-04-23;918;783;56000;25468;28.1;12.8
58;2021-04-24;209;204;56209;25672;28.2;12.9
58;2021-04-25;108;9;56317;25681;28.2;12.9
58;2021-04-26;762;246;57079;25927;28.6;13.0
58;2021-04-27;1497;1107;58576;27034;29.3;13.5
58;2021-04-28;1534;1047;60110;28081;30.1;14.1
58;2021-04-29;1443;1037;61553;29118;30.8;14.6
58;2021-04-30;1257;937;62810;30055;31.5;15.1
58;2021-05-01;6;17;62816;30072;31.5;15.1
58;2021-05-02;4;2;62820;30074;31.5;15.1
58;2021-05-03;1044;397;63864;30471;32.0;15.3
58;2021-05-04;1078;1344;64942;31815;32.5;15.9
58;2021-05-05;952;1091;65894;32906;33.0;16.5
58;2021-05-06;1358;1057;67252;33963;33.7;17.0
58;2021-05-07;1110;1086;68362;35049;34.3;17.6
58;2021-05-08;59;60;68421;35109;34.3;17.6
58;2021-05-09;5;19;68426;35128;34.3;17.6
58;2021-05-10;874;987;69300;36115;34.7;18.1
58;2021-05-11;1187;1978;70487;38093;35.3;19.1
58;2021-05-12;1664;1551;72151;39644;36.1;19.9
58;2021-05-13;49;179;72200;39823;36.2;20.0
58;2021-05-14;2307;905;74507;40728;37.3;20.4
58;2021-05-15;1725;452;76232;41180;38.2;20.6
58;2021-05-16;118;29;76350;41209;38.3;20.6
58;2021-05-17;792;606;77142;41815;38.6;20.9
58;2021-05-18;1331;1184;78473;42999;39.3;21.5
58;2021-05-19;1736;540;80209;43539;40.2;21.8
58;2021-05-20;1696;666;81905;44205;41.0;22.1
58;2021-05-21;855;725;82760;44930;41.5;22.5
58;2021-05-22;304;238;83064;45168;41.6;22.6
58;2021-05-23;2;21;83066;45189;41.6;22.6
58;2021-05-24;21;43;83087;45232;41.6;22.7
58;2021-05-25;1385;1151;84472;46383;42.3;23.2
58;2021-05-26;844;840;85316;47223;42.7;23.7
58;2021-05-27;749;942;86065;48165;43.1;24.1
58;2021-05-28;430;912;86495;49077;43.3;24.6
58;2021-05-29;150;211;86645;49288;43.4;24.7
58;2021-05-30;20;19;86665;49307;43.4;24.7
58;2021-05-31;757;397;87422;49704;43.8;24.9
58;2021-06-01;1355;1657;88777;51361;44.5;25.7
58;2021-06-02;1461;1041;90238;52402;45.2;26.3
58;2021-06-03;1024;958;91262;53360;45.7;26.7
58;2021-06-04;844;912;92106;54272;46.1;27.2
58;2021-06-05;272;262;92378;54534;46.3;27.3
58;2021-06-06;24;49;92402;54583;46.3;27.3
58;2021-06-07;713;786;93115;55369;46.7;27.7
58;2021-06-08;1324;1754;94439;57123;47.3;28.6
58;2021-06-09;1400;1005;95839;58128;48.0;29.1
58;2021-06-10;1107;983;96946;59111;48.6;29.6
58;2021-06-11;1028;906;97974;60017;49.1;30.1
58;2021-06-12;1053;414;99027;60431;49.6;30.3
58;2021-06-13;35;33;99062;60464;49.6;30.3
58;2021-06-14;515;1016;99577;61480;49.9;30.8
58;2021-06-15;1589;1754;101166;63234;50.7;31.7
58;2021-06-16;1797;992;102963;64226;51.6;32.2
58;2021-06-17;2017;1112;104980;65338;52.6;32.7
58;2021-06-18;983;1062;105963;66400;53.1;33.3
58;2021-06-19;578;316;106541;66716;53.4;33.4
58;2021-06-20;8;2;106549;66718;53.4;33.4
58;2021-06-21;472;551;107021;67269;53.6;33.7
58;2021-06-22;1026;1964;108047;69233;54.1;34.7
58;2021-06-23;1473;1510;109520;70743;54.9;35.4
58;2021-06-24;729;1027;110249;71770;55.2;36.0
58;2021-06-25;821;1716;111070;73486;55.6;36.8
58;2021-06-26;553;1230;111623;74716;55.9;37.4
58;2021-06-27;17;26;111640;74742;55.9;37.4
58;2021-06-28;459;990;112099;75732;56.2;37.9
58;2021-06-29;619;2168;112718;77900;56.5;39.0
58;2021-06-30;993;1630;113711;79530;57.0;39.8
58;2021-07-01;752;1674;114463;81204;57.3;40.7
58;2021-07-02;449;849;114912;82053;57.6;41.1
58;2021-07-03;248;511;115160;82564;57.7;41.4
58;2021-07-04;12;30;115172;82594;57.7;41.4
58;2021-07-05;508;770;115680;83364;58.0;41.8
58;2021-07-06;683;2124;116363;85488;58.3;42.8
58;2021-07-07;377;958;116740;86446;58.5;43.3
58;2021-07-08;392;1022;117132;87468;58.7;43.8
58;2021-07-09;707;1420;117839;88888;59.0;44.5
58;2021-07-10;260;411;118099;89299;59.2;44.7
58;2021-07-11;175;50;118274;89349;59.3;44.8
58;2021-07-12;198;969;118472;90318;59.4;45.3
58;2021-07-13;928;2502;119400;92820;59.8;46.5
58;2021-07-14;26;61;119426;92881;59.8;46.5
58;2021-07-15;1124;1940;120550;94821;60.4;47.5
58;2021-07-16;1398;1441;121948;96262;61.1;48.2
58;2021-07-17;461;285;122409;96547;61.3;48.4
58;2021-07-18;101;21;122510;96568;61.4;48.4
58;2021-07-19;1641;989;124151;97557;62.2;48.9
58;2021-07-20;1394;2446;125545;100003;62.9;50.1
58;2021-07-21;1127;2023;126672;102026;63.5;51.1
58;2021-07-22;1101;1654;127773;103680;64.0;51.9
59;2020-12-27;0;0;0;0;0.0;0.0
59;2020-12-28;26;0;26;0;0.0;0.0
59;2020-12-29;0;0;26;0;0.0;0.0
59;2020-12-30;0;0;26;0;0.0;0.0
59;2020-12-31;0;0;26;0;0.0;0.0
59;2021-01-01;2;0;28;0;0.0;0.0
59;2021-01-02;1;0;29;0;0.0;0.0
59;2021-01-03;2;0;31;0;0.0;0.0
59;2021-01-04;79;0;110;0;0.0;0.0
59;2021-01-05;217;0;327;0;0.0;0.0
59;2021-01-06;428;2;755;2;0.0;0.0
59;2021-01-07;1307;0;2062;2;0.1;0.0
59;2021-01-08;1261;4;3323;6;0.1;0.0
59;2021-01-09;609;3;3932;9;0.2;0.0
59;2021-01-10;427;0;4359;9;0.2;0.0
59;2021-01-11;1839;5;6198;14;0.2;0.0
59;2021-01-12;2466;2;8664;16;0.3;0.0
59;2021-01-13;2355;3;11019;19;0.4;0.0
59;2021-01-14;2743;20;13762;39;0.5;0.0
59;2021-01-15;2271;16;16033;55;0.6;0.0
59;2021-01-16;770;1;16803;56;0.6;0.0
59;2021-01-17;559;1;17362;57;0.7;0.0
59;2021-01-18;3505;13;20867;70;0.8;0.0
59;2021-01-19;4743;8;25610;78;1.0;0.0
59;2021-01-20;4129;9;29739;87;1.1;0.0
59;2021-01-21;4716;36;34455;123;1.3;0.0
59;2021-01-22;4008;9;38463;132;1.5;0.0
59;2021-01-23;1210;2;39673;134;1.5;0.0
59;2021-01-24;168;0;39841;134;1.5;0.0
59;2021-01-25;2727;59;42568;193;1.6;0.0
59;2021-01-26;2795;136;45363;329;1.8;0.0
59;2021-01-27;1735;308;47098;637;1.8;0.0
59;2021-01-28;3394;763;50492;1400;2.0;0.1
59;2021-01-29;2540;792;53032;2192;2.0;0.1
59;2021-01-30;287;179;53319;2371;2.1;0.1
59;2021-01-31;24;0;53343;2371;2.1;0.1
59;2021-02-01;73;865;53416;3236;2.1;0.1
59;2021-02-02;651;1432;54067;4668;2.1;0.2
59;2021-02-03;3727;1439;57794;6107;2.2;0.2
59;2021-02-04;2947;1743;60741;7850;2.3;0.3
59;2021-02-05;1048;1410;61789;9260;2.4;0.4
59;2021-02-06;202;355;61991;9615;2.4;0.4
59;2021-02-07;266;49;62257;9664;2.4;0.4
59;2021-02-08;681;1628;62938;11292;2.4;0.4
59;2021-02-09;1004;1858;63942;13150;2.5;0.5
59;2021-02-10;969;1637;64911;14787;2.5;0.6
59;2021-02-11;1338;1813;66249;16600;2.6;0.6
59;2021-02-12;1401;1638;67650;18238;2.6;0.7
59;2021-02-13;207;750;67857;18988;2.6;0.7
59;2021-02-14;13;42;67870;19030;2.6;0.7
59;2021-02-15;1390;3128;69260;22158;2.7;0.9
59;2021-02-16;1432;3782;70692;25940;2.7;1.0
59;2021-02-17;1621;3836;72313;29776;2.8;1.2
59;2021-02-18;3090;5193;75403;34969;2.9;1.4
59;2021-02-19;3206;3613;78609;38582;3.0;1.5
59;2021-02-20;1410;1590;80019;40172;3.1;1.6
59;2021-02-21;241;261;80260;40433;3.1;1.6
59;2021-02-22;1429;2592;81689;43025;3.2;1.7
59;2021-02-23;2655;2851;84344;45876;3.3;1.8
59;2021-02-24;4097;4045;88441;49921;3.4;1.9
59;2021-02-25;6912;3686;95353;53607;3.7;2.1
59;2021-02-26;6491;1862;101844;55469;3.9;2.1
59;2021-02-27;3092;166;104936;55635;4.1;2.1
59;2021-02-28;207;59;105143;55694;4.1;2.2
59;2021-03-01;3688;651;108831;56345;4.2;2.2
59;2021-03-02;4772;547;113603;56892;4.4;2.2
59;2021-03-03;5715;967;119318;57859;4.6;2.2
59;2021-03-04;7065;946;126383;58805;4.9;2.3
59;2021-03-05;7794;939;134177;59744;5.2;2.3
59;2021-03-06;11540;466;145717;60210;5.6;2.3
59;2021-03-07;7578;310;153295;60520;5.9;2.3
59;2021-03-08;4494;1078;157789;61598;6.1;2.4
59;2021-03-09;6573;1368;164362;62966;6.3;2.4
59;2021-03-10;7015;1137;171377;64103;6.6;2.5
59;2021-03-11;9459;1808;180836;65911;7.0;2.5
59;2021-03-12;12092;1459;192928;67370;7.5;2.6
59;2021-03-13;16540;971;209468;68341;8.1;2.6
59;2021-03-14;6960;290;216428;68631;8.4;2.7
59;2021-03-15;5602;1461;222030;70092;8.6;2.7
59;2021-03-16;3730;1303;225760;71395;8.7;2.8
59;2021-03-17;3845;2069;229605;73464;8.9;2.8
59;2021-03-18;3946;2476;233551;75940;9.0;2.9
59;2021-03-19;7705;1794;241256;77734;9.3;3.0
59;2021-03-20;15992;1185;257248;78919;9.9;3.0
59;2021-03-21;6309;408;263557;79327;10.2;3.1
59;2021-03-22;5439;1750;268996;81077;10.4;3.1
59;2021-03-23;7760;2794;276756;83871;10.7;3.2
59;2021-03-24;6858;2992;283614;86863;11.0;3.4
59;2021-03-25;10518;2481;294132;89344;11.4;3.5
59;2021-03-26;12239;2806;306371;92150;11.8;3.6
59;2021-03-27;15261;1043;321632;93193;12.4;3.6
59;2021-03-28;7976;305;329608;93498;12.7;3.6
59;2021-03-29;5490;3195;335098;96693;12.9;3.7
59;2021-03-30;7529;3699;342627;100392;13.2;3.9
59;2021-03-31;6132;4070;348759;104462;13.5;4.0
59;2021-04-01;7480;4880;356239;109342;13.8;4.2
59;2021-04-02;7629;5483;363868;114825;14.1;4.4
59;2021-04-03;13010;4258;376878;119083;14.6;4.6
59;2021-04-04;5345;2164;382223;121247;14.8;4.7
59;2021-04-05;6006;1526;388229;122773;15.0;4.7
59;2021-04-06;5393;4477;393622;127250;15.2;4.9
59;2021-04-07;7615;5386;401237;132636;15.5;5.1
59;2021-04-08;10378;5676;411615;138312;15.9;5.3
59;2021-04-09;13409;5859;425024;144171;16.4;5.6
59;2021-04-10;11461;6090;436485;150261;16.9;5.8
59;2021-04-11;4630;3558;441115;153819;17.0;5.9
59;2021-04-12;6306;4326;447421;158145;17.3;6.1
59;2021-04-13;8928;4755;456349;162900;17.6;6.3
59;2021-04-14;8787;4301;465136;167201;18.0;6.5
59;2021-04-15;10290;4792;475426;171993;18.4;6.6
59;2021-04-16;10872;5474;486298;177467;18.8;6.9
59;2021-04-17;7291;9058;493589;186525;19.1;7.2
59;2021-04-18;3229;4164;496818;190689;19.2;7.4
59;2021-04-19;5042;4288;501860;194977;19.4;7.5
59;2021-04-20;6877;4193;508737;199170;19.7;7.7
59;2021-04-21;6239;4405;514976;203575;19.9;7.9
59;2021-04-22;8586;5485;523562;209060;20.2;8.1
59;2021-04-23;8437;5646;531999;214706;20.5;8.3
59;2021-04-24;5538;8067;537537;222773;20.8;8.6
59;2021-04-25;3234;6077;540771;228850;20.9;8.8
59;2021-04-26;6482;3780;547253;232630;21.1;9.0
59;2021-04-27;8359;5169;555612;237799;21.5;9.2
59;2021-04-28;8758;6537;564370;244336;21.8;9.4
59;2021-04-29;9393;8489;573763;252825;22.2;9.8
59;2021-04-30;10581;8504;584344;261329;22.6;10.1
59;2021-05-01;11988;7559;596332;268888;23.0;10.4
59;2021-05-02;8639;5977;604971;274865;23.4;10.6
59;2021-05-03;9552;5056;614523;279921;23.7;10.8
59;2021-05-04;11421;6004;625944;285925;24.2;11.0
59;2021-05-05;10294;6198;636238;292123;24.6;11.3
59;2021-05-06;11191;8424;647429;300547;25.0;11.6
59;2021-05-07;13285;9525;660714;310072;25.5;12.0
59;2021-05-08;14713;4130;675427;314202;26.1;12.1
59;2021-05-09;11494;3319;686921;317521;26.5;12.3
59;2021-05-10;12720;6607;699641;324128;27.0;12.5
59;2021-05-11;15105;8319;714746;332447;27.6;12.8
59;2021-05-12;16615;8605;731361;341052;28.2;13.2
59;2021-05-13;18435;3427;749796;344479;29.0;13.3
59;2021-05-14;15774;6943;765570;351422;29.6;13.6
59;2021-05-15;23433;5289;789003;356711;30.5;13.8
59;2021-05-16;21182;2395;810185;359106;31.3;13.9
59;2021-05-17;15068;5255;825253;364361;31.9;14.1
59;2021-05-18;16912;5646;842165;370007;32.5;14.3
59;2021-05-19;18316;5080;860481;375087;33.2;14.5
59;2021-05-20;17916;7000;878397;382087;33.9;14.8
59;2021-05-21;18362;8268;896759;390355;34.6;15.1
59;2021-05-22;23805;5669;920564;396024;35.6;15.3
59;2021-05-23;17923;2251;938487;398275;36.2;15.4
59;2021-05-24;16686;2108;955173;400383;36.9;15.5
59;2021-05-25;14985;6658;970158;407041;37.5;15.7
59;2021-05-26;15880;7030;986038;414071;38.1;16.0
59;2021-05-27;16142;9177;1002180;423248;38.7;16.3
59;2021-05-28;15875;11467;1018055;434715;39.3;16.8
59;2021-05-29;14357;8723;1032412;443438;39.9;17.1
59;2021-05-30;8398;1830;1040810;445268;40.2;17.2
59;2021-05-31;14198;7946;1055008;453214;40.7;17.5
59;2021-06-01;15076;10405;1070084;463619;41.3;17.9
59;2021-06-02;14744;9911;1084828;473530;41.9;18.3
59;2021-06-03;15615;12101;1100443;485631;42.5;18.8
59;2021-06-04;15575;13478;1116018;499109;43.1;19.3
59;2021-06-05;14966;9316;1130984;508425;43.7;19.6
59;2021-06-06;8823;3197;1139807;511622;44.0;19.8
59;2021-06-07;10522;9438;1150329;521060;44.4;20.1
59;2021-06-08;11741;11069;1162070;532129;44.9;20.6
59;2021-06-09;10750;11913;1172820;544042;45.3;21.0
59;2021-06-10;11476;12292;1184296;556334;45.7;21.5
59;2021-06-11;10953;16029;1195249;572363;46.2;22.1
59;2021-06-12;11055;13660;1206304;586023;46.6;22.6
59;2021-06-13;6331;7022;1212635;593045;46.8;22.9
59;2021-06-14;6488;12683;1219123;605728;47.1;23.4
59;2021-06-15;8198;15955;1227321;621683;47.4;24.0
59;2021-06-16;9177;13545;1236498;635228;47.8;24.5
59;2021-06-17;9154;15634;1245652;650862;48.1;25.1
59;2021-06-18;9016;20037;1254668;670899;48.5;25.9
59;2021-06-19;8924;17474;1263592;688373;48.8;26.6
59;2021-06-20;4883;10194;1268475;698567;49.0;27.0
59;2021-06-21;5256;15979;1273731;714546;49.2;27.6
59;2021-06-22;6303;18693;1280034;733239;49.4;28.3
59;2021-06-23;6121;19077;1286155;752316;49.7;29.1
59;2021-06-24;7296;20531;1293451;772847;50.0;29.9
59;2021-06-25;6466;21235;1299917;794082;50.2;30.7
59;2021-06-26;6452;23799;1306369;817881;50.5;31.6
59;2021-06-27;4734;17093;1311103;834974;50.6;32.3
59;2021-06-28;4959;19869;1316062;854843;50.8;33.0
59;2021-06-29;5497;20387;1321559;875230;51.0;33.8
59;2021-06-30;6080;20123;1327639;895353;51.3;34.6
59;2021-07-01;6696;20869;1334335;916222;51.5;35.4
59;2021-07-02;6765;23247;1341100;939469;51.8;36.3
59;2021-07-03;5531;24629;1346631;964098;52.0;37.2
59;2021-07-04;4384;15985;1351015;980083;52.2;37.9
59;2021-07-05;5609;17476;1356624;997559;52.4;38.5
59;2021-07-06;6544;18812;1363168;1016371;52.7;39.3
59;2021-07-07;6783;17470;1369951;1033841;52.9;39.9
59;2021-07-08;7958;17705;1377909;1051546;53.2;40.6
59;2021-07-09;7670;20296;1385579;1071842;53.5;41.4
59;2021-07-10;7410;18532;1392989;1090374;53.8;42.1
59;2021-07-11;4435;10227;1397424;1100601;54.0;42.5
59;2021-07-12;5820;18034;1403244;1118635;54.2;43.2
59;2021-07-13;9842;20732;1413086;1139367;54.6;44.0
59;2021-07-14;9757;8426;1422843;1147793;55.0;44.3
59;2021-07-15;11562;20363;1434405;1168156;55.4;45.1
59;2021-07-16;13104;20412;1447509;1188568;55.9;45.9
59;2021-07-17;12335;17377;1459844;1205945;56.4;46.6
59;2021-07-18;7923;8656;1467767;1214601;56.7;46.9
59;2021-07-19;10319;16391;1478086;1230992;57.1;47.5
59;2021-07-20;13294;17030;1491380;1248022;57.6;48.2
59;2021-07-21;14285;15424;1505665;1263446;58.2;48.8
59;2021-07-22;16649;14962;1522314;1278408;58.8;49.4
60;2020-12-27;0;0;0;0;0.0;0.0
60;2020-12-28;0;0;0;0;0.0;0.0
60;2020-12-29;1;0;1;0;0.0;0.0
60;2020-12-30;0;0;1;0;0.0;0.0
60;2020-12-31;0;0;1;0;0.0;0.0
60;2021-01-01;0;0;1;0;0.0;0.0
60;2021-01-02;5;0;6;0;0.0;0.0
60;2021-01-03;1;0;7;0;0.0;0.0
60;2021-01-04;1;0;8;0;0.0;0.0
60;2021-01-05;37;0;45;0;0.0;0.0
60;2021-01-06;188;4;233;4;0.0;0.0
60;2021-01-07;236;4;469;8;0.1;0.0
60;2021-01-08;378;3;847;11;0.1;0.0
60;2021-01-09;3;0;850;11;0.1;0.0
60;2021-01-10;60;0;910;11;0.1;0.0
60;2021-01-11;341;2;1251;13;0.2;0.0
60;2021-01-12;533;2;1784;15;0.2;0.0
60;2021-01-13;474;2;2258;17;0.3;0.0
60;2021-01-14;506;4;2764;21;0.3;0.0
60;2021-01-15;701;6;3465;27;0.4;0.0
60;2021-01-16;124;1;3589;28;0.4;0.0
60;2021-01-17;31;0;3620;28;0.4;0.0
60;2021-01-18;857;3;4477;31;0.5;0.0
60;2021-01-19;1165;9;5642;40;0.7;0.0
60;2021-01-20;1683;6;7325;46;0.9;0.0
60;2021-01-21;2183;5;9508;51;1.2;0.0
60;2021-01-22;1523;13;11031;64;1.3;0.0
60;2021-01-23;498;3;11529;67;1.4;0.0
60;2021-01-24;61;1;11590;68;1.4;0.0
60;2021-01-25;893;11;12483;79;1.5;0.0
60;2021-01-26;945;13;13428;92;1.6;0.0
60;2021-01-27;640;8;14068;100;1.7;0.0
60;2021-01-28;391;169;14459;269;1.8;0.0
60;2021-01-29;72;103;14531;372;1.8;0.0
60;2021-01-30;0;1;14531;373;1.8;0.0
60;2021-01-31;22;61;14553;434;1.8;0.1
60;2021-02-01;38;110;14591;544;1.8;0.1
60;2021-02-02;26;161;14617;705;1.8;0.1
60;2021-02-03;161;237;14778;942;1.8;0.1
60;2021-02-04;169;341;14947;1283;1.8;0.2
60;2021-02-05;313;476;15260;1759;1.8;0.2
60;2021-02-06;62;79;15322;1838;1.9;0.2
60;2021-02-07;31;32;15353;1870;1.9;0.2
60;2021-02-08;326;519;15679;2389;1.9;0.3
60;2021-02-09;315;466;15994;2855;1.9;0.3
60;2021-02-10;553;993;16547;3848;2.0;0.5
60;2021-02-11;935;1136;17482;4984;2.1;0.6
60;2021-02-12;910;860;18392;5844;2.2;0.7
60;2021-02-13;90;309;18482;6153;2.2;0.7
60;2021-02-14;24;92;18506;6245;2.2;0.8
60;2021-02-15;613;817;19119;7062;2.3;0.9
60;2021-02-16;581;949;19700;8011;2.4;1.0
60;2021-02-17;631;932;20331;8943;2.5;1.1
60;2021-02-18;682;829;21013;9772;2.5;1.2
60;2021-02-19;639;763;21652;10535;2.6;1.3
60;2021-02-20;103;188;21755;10723;2.6;1.3
60;2021-02-21;22;121;21777;10844;2.6;1.3
60;2021-02-22;463;876;22240;11720;2.7;1.4
60;2021-02-23;533;787;22773;12507;2.8;1.5
60;2021-02-24;793;542;23566;13049;2.9;1.6
60;2021-02-25;1095;301;24661;13350;3.0;1.6
60;2021-02-26;1296;182;25957;13532;3.1;1.6
60;2021-02-27;666;35;26623;13567;3.2;1.6
60;2021-02-28;7;10;26630;13577;3.2;1.6
60;2021-03-01;893;44;27523;13621;3.3;1.7
60;2021-03-02;1012;155;28535;13776;3.5;1.7
60;2021-03-03;1318;440;29853;14216;3.6;1.7
60;2021-03-04;1720;512;31573;14728;3.8;1.8
60;2021-03-05;1820;282;33393;15010;4.0;1.8
60;2021-03-06;1919;127;35312;15137;4.3;1.8
60;2021-03-07;885;28;36197;15165;4.4;1.8
60;2021-03-08;977;312;37174;15477;4.5;1.9
60;2021-03-09;1637;352;38811;15829;4.7;1.9
60;2021-03-10;1936;413;40747;16242;4.9;2.0
60;2021-03-11;2321;380;43068;16622;5.2;2.0
60;2021-03-12;2591;532;45659;17154;5.5;2.1
60;2021-03-13;3832;192;49491;17346;6.0;2.1
60;2021-03-14;1779;47;51270;17393;6.2;2.1
60;2021-03-15;2091;496;53361;17889;6.5;2.2
60;2021-03-16;1583;620;54944;18509;6.7;2.2
60;2021-03-17;1656;608;56600;19117;6.9;2.3
60;2021-03-18;1757;723;58357;19840;7.1;2.4
60;2021-03-19;2585;514;60942;20354;7.4;2.5
60;2021-03-20;3231;180;64173;20534;7.8;2.5
60;2021-03-21;2122;88;66295;20622;8.0;2.5
60;2021-03-22;2132;704;68427;21326;8.3;2.6
60;2021-03-23;3304;706;71731;22032;8.7;2.7
60;2021-03-24;3067;864;74798;22896;9.1;2.8
60;2021-03-25;3849;830;78647;23726;9.5;2.9
60;2021-03-26;4210;867;82857;24593;10.0;3.0
60;2021-03-27;4142;291;86999;24884;10.5;3.0
60;2021-03-28;2446;67;89445;24951;10.8;3.0
60;2021-03-29;2607;1075;92052;26026;11.2;3.2
60;2021-03-30;3280;1056;95332;27082;11.6;3.3
60;2021-03-31;2667;1130;97999;28212;11.9;3.4
60;2021-04-01;2561;1094;100560;29306;12.2;3.6
60;2021-04-02;3309;1089;103869;30395;12.6;3.7
60;2021-04-03;3167;998;107036;31393;13.0;3.8
60;2021-04-04;874;483;107910;31876;13.1;3.9
60;2021-04-05;458;81;108368;31957;13.1;3.9
60;2021-04-06;1962;1615;110330;33572;13.4;4.1
60;2021-04-07;1977;1743;112307;35315;13.6;4.3
60;2021-04-08;2612;1486;114919;36801;13.9;4.5
60;2021-04-09;2996;1509;117915;38310;14.3;4.6
60;2021-04-10;2926;1579;120841;39889;14.6;4.8
60;2021-04-11;1049;990;121890;40879;14.8;5.0
60;2021-04-12;2047;1715;123937;42594;15.0;5.2
60;2021-04-13;2746;1778;126683;44372;15.4;5.4
60;2021-04-14;3112;1804;129795;46176;15.7;5.6
60;2021-04-15;3539;1873;133334;48049;16.2;5.8
60;2021-04-16;3286;1932;136620;49981;16.6;6.1
60;2021-04-17;2843;2159;139463;52140;16.9;6.3
60;2021-04-18;571;1835;140034;53975;17.0;6.5
60;2021-04-19;1739;2204;141773;56179;17.2;6.8
60;2021-04-20;2127;2669;143900;58848;17.4;7.1
60;2021-04-21;2652;2201;146552;61049;17.8;7.4
60;2021-04-22;2628;2491;149180;63540;18.1;7.7
60;2021-04-23;2642;2458;151822;65998;18.4;8.0
60;2021-04-24;2468;3448;154290;69446;18.7;8.4
60;2021-04-25;1162;1966;155452;71412;18.8;8.7
60;2021-04-26;1889;2526;157341;73938;19.1;9.0
60;2021-04-27;2310;2847;159651;76785;19.3;9.3
60;2021-04-28;3065;2395;162716;79180;19.7;9.6
60;2021-04-29;3151;2620;165867;81800;20.1;9.9
60;2021-04-30;3458;2965;169325;84765;20.5;10.3
60;2021-05-01;2350;1121;171675;85886;20.8;10.4
60;2021-05-02;2144;832;173819;86718;21.1;10.5
60;2021-05-03;2956;1846;176775;88564;21.4;10.7
60;2021-05-04;3017;2353;179792;90917;21.8;11.0
60;2021-05-05;3253;2799;183045;93716;22.2;11.4
60;2021-05-06;3648;2473;186693;96189;22.6;11.7
60;2021-05-07;3986;2518;190679;98707;23.1;12.0
60;2021-05-08;3580;962;194259;99669;23.5;12.1
60;2021-05-09;3457;946;197716;100615;24.0;12.2
60;2021-05-10;2388;2290;200104;102905;24.3;12.5
60;2021-05-11;3660;2466;203764;105371;24.7;12.8
60;2021-05-12;4715;2548;208479;107919;25.3;13.1
60;2021-05-13;5294;1119;213773;109038;25.9;13.2
60;2021-05-14;5602;1804;219375;110842;26.6;13.4
60;2021-05-15;6171;1700;225546;112542;27.3;13.6
60;2021-05-16;4858;684;230404;113226;27.9;13.7
60;2021-05-17;3717;1667;234121;114893;28.4;13.9
60;2021-05-18;4049;2074;238170;116967;28.9;14.2
60;2021-05-19;5095;1850;243265;118817;29.5;14.4
60;2021-05-20;5458;1793;248723;120610;30.1;14.6
60;2021-05-21;5967;1968;254690;122578;30.9;14.9
60;2021-05-22;5353;1976;260043;124554;31.5;15.1
60;2021-05-23;4264;651;264307;125205;32.0;15.2
60;2021-05-24;2948;529;267255;125734;32.4;15.2
60;2021-05-25;4137;1976;271392;127710;32.9;15.5
60;2021-05-26;4464;1822;275856;129532;33.4;15.7
60;2021-05-27;4609;1993;280465;131525;34.0;15.9
60;2021-05-28;4619;2511;285084;134036;34.6;16.2
60;2021-05-29;4613;2272;289697;136308;35.1;16.5
60;2021-05-30;1086;350;290783;136658;35.2;16.6
60;2021-05-31;3828;2078;294611;138736;35.7;16.8
60;2021-06-01;4440;2849;299051;141585;36.2;17.2
60;2021-06-02;3908;2443;302959;144028;36.7;17.5
60;2021-06-03;3902;2378;306861;146406;37.2;17.7
60;2021-06-04;4648;2901;311509;149307;37.8;18.1
60;2021-06-05;4303;3417;315812;152724;38.3;18.5
60;2021-06-06;2154;790;317966;153514;38.5;18.6
60;2021-06-07;2776;2747;320742;156261;38.9;18.9
60;2021-06-08;3798;3004;324540;159265;39.3;19.3
60;2021-06-09;3244;3393;327784;162658;39.7;19.7
60;2021-06-10;3449;3361;331233;166019;40.1;20.1
60;2021-06-11;3876;4195;335109;170214;40.6;20.6
60;2021-06-12;3766;4273;338875;174487;41.1;21.1
60;2021-06-13;1151;2223;340026;176710;41.2;21.4
60;2021-06-14;1906;3304;341932;180014;41.4;21.8
60;2021-06-15;3008;4159;344940;184173;41.8;22.3
60;2021-06-16;3242;4490;348182;188663;42.2;22.9
60;2021-06-17;2973;4773;351155;193436;42.6;23.4
60;2021-06-18;2979;4599;354134;198035;42.9;24.0
60;2021-06-19;3132;4723;357266;202758;43.3;24.6
60;2021-06-20;1432;1935;358698;204693;43.5;24.8
60;2021-06-21;1401;4037;360099;208730;43.6;25.3
60;2021-06-22;1752;5301;361851;214031;43.9;25.9
60;2021-06-23;1860;5247;363711;219278;44.1;26.6
60;2021-06-24;1797;5599;365508;224877;44.3;27.3
60;2021-06-25;1888;5740;367396;230617;44.5;28.0
60;2021-06-26;1851;6996;369247;237613;44.8;28.8
60;2021-06-27;708;2599;369955;240212;44.8;29.1
60;2021-06-28;1771;4146;371726;244358;45.1;29.6
60;2021-06-29;1993;5474;373719;249832;45.3;30.3
60;2021-06-30;2275;5366;375994;255198;45.6;30.9
60;2021-07-01;1871;4933;377865;260131;45.8;31.5
60;2021-07-02;2342;5885;380207;266016;46.1;32.2
60;2021-07-03;2386;6170;382593;272186;46.4;33.0
60;2021-07-04;790;2732;383383;274918;46.5;33.3
60;2021-07-05;1651;4405;385034;279323;46.7;33.9
60;2021-07-06;2133;4503;387167;283826;46.9;34.4
60;2021-07-07;2156;5127;389323;288953;47.2;35.0
60;2021-07-08;2663;4695;391986;293648;47.5;35.6
60;2021-07-09;2633;5551;394619;299199;47.8;36.3
60;2021-07-10;2571;5872;397190;305071;48.1;37.0
60;2021-07-11;1210;1940;398400;307011;48.3;37.2
60;2021-07-12;1421;4756;399821;311767;48.5;37.8
60;2021-07-13;2902;5018;402723;316785;48.8;38.4
60;2021-07-14;2571;1396;405294;318181;49.1;38.6
60;2021-07-15;3418;4852;408712;323033;49.5;39.2
60;2021-07-16;3670;5230;412382;328263;50.0;39.8
60;2021-07-17;4064;5111;416446;333374;50.5;40.4
60;2021-07-18;2178;2110;418624;335484;50.7;40.7
60;2021-07-19;2533;3891;421157;339375;51.0;41.1
60;2021-07-20;4167;4882;425324;344257;51.5;41.7
60;2021-07-21;4305;4237;429629;348494;52.1;42.2
60;2021-07-22;4524;4251;434153;352745;52.6;42.8
61;2020-12-27;0;0;0;0;0.0;0.0
61;2020-12-28;0;0;0;0;0.0;0.0
61;2020-12-29;0;0;0;0;0.0;0.0
61;2020-12-30;0;0;0;0;0.0;0.0
61;2020-12-31;0;0;0;0;0.0;0.0
61;2021-01-01;1;0;1;0;0.0;0.0
61;2021-01-02;0;0;1;0;0.0;0.0
61;2021-01-03;0;0;1;0;0.0;0.0
61;2021-01-04;1;0;2;0;0.0;0.0
61;2021-01-05;3;0;5;0;0.0;0.0
61;2021-01-06;76;0;81;0;0.0;0.0
61;2021-01-07;175;2;256;2;0.1;0.0
61;2021-01-08;406;1;662;3;0.2;0.0
61;2021-01-09;165;1;827;4;0.3;0.0
61;2021-01-10;49;0;876;4;0.3;0.0
61;2021-01-11;396;1;1272;5;0.5;0.0
61;2021-01-12;680;2;1952;7;0.7;0.0
61;2021-01-13;739;1;2691;8;1.0;0.0
61;2021-01-14;526;8;3217;16;1.2;0.0
61;2021-01-15;538;4;3755;20;1.4;0.0
61;2021-01-16;289;1;4044;21;1.5;0.0
61;2021-01-17;832;7;4876;28;1.8;0.0
61;2021-01-18;1900;3;6776;31;2.4;0.0
61;2021-01-19;1319;2;8095;33;2.9;0.0
61;2021-01-20;683;0;8778;33;3.2;0.0
61;2021-01-21;843;1;9621;34;3.5;0.0
61;2021-01-22;764;1;10385;35;3.8;0.0
61;2021-01-23;256;2;10641;37;3.8;0.0
61;2021-01-24;228;0;10869;37;3.9;0.0
61;2021-01-25;577;2;11446;39;4.1;0.0
61;2021-01-26;553;0;11999;39;4.3;0.0
61;2021-01-27;569;14;12568;53;4.5;0.0
61;2021-01-28;461;53;13029;106;4.7;0.0
61;2021-01-29;475;204;13504;310;4.9;0.1
61;2021-01-30;212;3;13716;313;5.0;0.1
61;2021-01-31;106;0;13822;313;5.0;0.1
61;2021-02-01;430;190;14252;503;5.1;0.2
61;2021-02-02;387;425;14639;928;5.3;0.3
61;2021-02-03;412;490;15051;1418;5.4;0.5
61;2021-02-04;387;338;15438;1756;5.6;0.6
61;2021-02-05;538;362;15976;2118;5.8;0.8
61;2021-02-06;195;91;16171;2209;5.8;0.8
61;2021-02-07;45;200;16216;2409;5.9;0.9
61;2021-02-08;540;1409;16756;3818;6.1;1.4
61;2021-02-09;404;808;17160;4626;6.2;1.7
61;2021-02-10;277;561;17437;5187;6.3;1.9
61;2021-02-11;432;562;17869;5749;6.5;2.1
61;2021-02-12;402;736;18271;6485;6.6;2.3
61;2021-02-13;132;431;18403;6916;6.6;2.5
61;2021-02-14;2;315;18405;7231;6.6;2.6
61;2021-02-15;171;848;18576;8079;6.7;2.9
61;2021-02-16;203;682;18779;8761;6.8;3.2
61;2021-02-17;44;641;18823;9402;6.8;3.4
61;2021-02-18;161;529;18984;9931;6.9;3.6
61;2021-02-19;101;391;19085;10322;6.9;3.7
61;2021-02-20;39;242;19124;10564;6.9;3.8
61;2021-02-21;1;155;19125;10719;6.9;3.9
61;2021-02-22;89;567;19214;11286;6.9;4.1
61;2021-02-23;114;494;19328;11780;7.0;4.3
61;2021-02-24;173;571;19501;12351;7.0;4.5
61;2021-02-25;265;447;19766;12798;7.1;4.6
61;2021-02-26;266;465;20032;13263;7.2;4.8
61;2021-02-27;107;225;20139;13488;7.3;4.9
61;2021-02-28;4;119;20143;13607;7.3;4.9
61;2021-03-01;214;613;20357;14220;7.4;5.1
61;2021-03-02;147;698;20504;14918;7.4;5.4
61;2021-03-03;141;449;20645;15367;7.5;5.5
61;2021-03-04;431;441;21076;15808;7.6;5.7
61;2021-03-05;701;291;21777;16099;7.9;5.8
61;2021-03-06;431;230;22208;16329;8.0;5.9
61;2021-03-07;154;1;22362;16330;8.1;5.9
61;2021-03-08;296;313;22658;16643;8.2;6.0
61;2021-03-09;619;184;23277;16827;8.4;6.1
61;2021-03-10;672;173;23949;17000;8.6;6.1
61;2021-03-11;1118;125;25067;17125;9.1;6.2
61;2021-03-12;1465;92;26532;17217;9.6;6.2
61;2021-03-13;770;46;27302;17263;9.9;6.2
61;2021-03-14;226;3;27528;17266;9.9;6.2
61;2021-03-15;814;29;28342;17295;10.2;6.2
61;2021-03-16;721;21;29063;17316;10.5;6.3
61;2021-03-17;759;10;29822;17326;10.8;6.3
61;2021-03-18;854;18;30676;17344;11.1;6.3
61;2021-03-19;1024;43;31700;17387;11.4;6.3
61;2021-03-20;470;12;32170;17399;11.6;6.3
61;2021-03-21;71;2;32241;17401;11.6;6.3
61;2021-03-22;796;85;33037;17486;11.9;6.3
61;2021-03-23;921;39;33958;17525;12.3;6.3
61;2021-03-24;1372;61;35330;17586;12.8;6.4
61;2021-03-25;1874;52;37204;17638;13.4;6.4
61;2021-03-26;1791;39;38995;17677;14.1;6.4
61;2021-03-27;1083;17;40078;17694;14.5;6.4
61;2021-03-28;359;9;40437;17703;14.6;6.4
61;2021-03-29;1270;174;41707;17877;15.1;6.5
61;2021-03-30;1470;87;43177;17964;15.6;6.5
61;2021-03-31;1681;46;44858;18010;16.2;6.5
61;2021-04-01;2046;214;46904;18224;16.9;6.6
61;2021-04-02;1514;423;48418;18647;17.5;6.7
61;2021-04-03;638;285;49056;18932;17.7;6.8
61;2021-04-04;193;1;49249;18933;17.8;6.8
61;2021-04-05;530;7;49779;18940;18.0;6.8
61;2021-04-06;1351;617;51130;19557;18.5;7.1
61;2021-04-07;1691;659;52821;20216;19.1;7.3
61;2021-04-08;2270;812;55091;21028;19.9;7.6
61;2021-04-09;2132;832;57223;21860;20.7;7.9
61;2021-04-10;1536;482;58759;22342;21.2;8.1
61;2021-04-11;238;197;58997;22539;21.3;8.1
61;2021-04-12;1289;735;60286;23274;21.8;8.4
61;2021-04-13;1743;697;62029;23971;22.4;8.7
61;2021-04-14;1727;780;63756;24751;23.0;8.9
61;2021-04-15;2265;769;66021;25520;23.8;9.2
61;2021-04-16;2224;681;68245;26201;24.6;9.5
61;2021-04-17;1485;319;69730;26520;25.2;9.6
61;2021-04-18;538;99;70268;26619;25.4;9.6
61;2021-04-19;938;746;71206;27365;25.7;9.9
61;2021-04-20;1526;782;72732;28147;26.3;10.2
61;2021-04-21;1349;1036;74081;29183;26.8;10.5
61;2021-04-22;1294;1208;75375;30391;27.2;11.0
61;2021-04-23;1217;1146;76592;31537;27.7;11.4
61;2021-04-24;1434;813;78026;32350;28.2;11.7
61;2021-04-25;361;329;78387;32679;28.3;11.8
61;2021-04-26;667;1141;79054;33820;28.5;12.2
61;2021-04-27;1463;1138;80517;34958;29.1;12.6
61;2021-04-28;1388;1384;81905;36342;29.6;13.1
61;2021-04-29;1252;1857;83157;38199;30.0;13.8
61;2021-04-30;1716;1166;84873;39365;30.7;14.2
61;2021-05-01;787;319;85660;39684;30.9;14.3
61;2021-05-02;438;223;86098;39907;31.1;14.4
61;2021-05-03;846;1246;86944;41153;31.4;14.9
61;2021-05-04;1323;1751;88267;42904;31.9;15.5
61;2021-05-05;1010;2024;89277;44928;32.2;16.2
61;2021-05-06;1770;2208;91047;47136;32.9;17.0
61;2021-05-07;1377;1963;92424;49099;33.4;17.7
61;2021-05-08;925;471;93349;49570;33.7;17.9
61;2021-05-09;393;291;93742;49861;33.9;18.0
61;2021-05-10;987;1752;94729;51613;34.2;18.6
61;2021-05-11;1373;1510;96102;53123;34.7;19.2
61;2021-05-12;1868;1588;97970;54711;35.4;19.8
61;2021-05-13;886;490;98856;55201;35.7;19.9
61;2021-05-14;1850;1191;100706;56392;36.4;20.4
61;2021-05-15;2091;1113;102797;57505;37.1;20.8
61;2021-05-16;983;300;103780;57805;37.5;20.9
61;2021-05-17;1311;913;105091;58718;38.0;21.2
61;2021-05-18;2423;890;107514;59608;38.8;21.5
61;2021-05-19;2402;798;109916;60406;39.7;21.8
61;2021-05-20;2213;807;112129;61213;40.5;22.1
61;2021-05-21;2147;854;114276;62067;41.3;22.4
61;2021-05-22;1780;718;116056;62785;41.9;22.7
61;2021-05-23;714;52;116770;62837;42.2;22.7
61;2021-05-24;913;108;117683;62945;42.5;22.7
61;2021-05-25;1992;920;119675;63865;43.2;23.1
61;2021-05-26;2033;927;121708;64792;44.0;23.4
61;2021-05-27;2037;1092;123745;65884;44.7;23.8
61;2021-05-28;2050;1377;125795;67261;45.4;24.3
61;2021-05-29;1461;552;127256;67813;46.0;24.5
61;2021-05-30;450;46;127706;67859;46.1;24.5
61;2021-05-31;1558;936;129264;68795;46.7;24.8
61;2021-06-01;1873;1386;131137;70181;47.4;25.3
61;2021-06-02;1672;1131;132809;71312;48.0;25.8
61;2021-06-03;2246;1105;135055;72417;48.8;26.2
61;2021-06-04;1895;1338;136950;73755;49.5;26.6
61;2021-06-05;1666;1236;138616;74991;50.1;27.1
61;2021-06-06;318;229;138934;75220;50.2;27.2
61;2021-06-07;2188;866;141122;76086;51.0;27.5
61;2021-06-08;1842;1568;142964;77654;51.6;28.0
61;2021-06-09;1973;1182;144937;78836;52.3;28.5
61;2021-06-10;1971;1185;146908;80021;53.1;28.9
61;2021-06-11;1815;1572;148723;81593;53.7;29.5
61;2021-06-12;1422;995;150145;82588;54.2;29.8
61;2021-06-13;340;376;150485;82964;54.3;30.0
61;2021-06-14;1097;1190;151582;84154;54.7;30.4
61;2021-06-15;1207;1692;152789;85846;55.2;31.0
61;2021-06-16;1109;1354;153898;87200;55.6;31.5
61;2021-06-17;1017;1725;154915;88925;55.9;32.1
61;2021-06-18;1483;1660;156398;90585;56.5;32.7
61;2021-06-19;1237;1301;157635;91886;56.9;33.2
61;2021-06-20;284;345;157919;92231;57.0;33.3
61;2021-06-21;803;1630;158722;93861;57.3;33.9
61;2021-06-22;1015;1687;159737;95548;57.7;34.5
61;2021-06-23;965;2439;160702;97987;58.0;35.4
61;2021-06-24;643;1359;161345;99346;58.3;35.9
61;2021-06-25;827;2168;162172;101514;58.6;36.7
61;2021-06-26;616;1951;162788;103465;58.8;37.4
61;2021-06-27;136;804;162924;104269;58.8;37.7
61;2021-06-28;478;2249;163402;106518;59.0;38.5
61;2021-06-29;689;2865;164091;109383;59.3;39.5
61;2021-06-30;766;2461;164857;111844;59.5;40.4
61;2021-07-01;630;1696;165487;113540;59.8;41.0
61;2021-07-02;804;2496;166291;116036;60.1;41.9
61;2021-07-03;414;1912;166705;117948;60.2;42.6
61;2021-07-04;73;639;166778;118587;60.2;42.8
61;2021-07-05;677;1775;167455;120362;60.5;43.5
61;2021-07-06;981;2795;168436;123157;60.8;44.5
61;2021-07-07;725;2360;169161;125517;61.1;45.3
61;2021-07-08;834;1953;169995;127470;61.4;46.0
61;2021-07-09;712;2377;170707;129847;61.6;46.9
61;2021-07-10;463;1772;171170;131619;61.8;47.5
61;2021-07-11;237;489;171407;132108;61.9;47.7
61;2021-07-12;430;2295;171837;134403;62.1;48.5
61;2021-07-13;637;2493;172474;136896;62.3;49.4
61;2021-07-14;143;333;172617;137229;62.3;49.6
61;2021-07-15;803;2815;173420;140044;62.6;50.6
61;2021-07-16;957;2572;174377;142616;63.0;51.5
61;2021-07-17;664;2217;175041;144833;63.2;52.3
61;2021-07-18;335;367;175376;145200;63.3;52.4
61;2021-07-19;931;2400;176307;147600;63.7;53.3
61;2021-07-20;1311;2350;177618;149950;64.1;54.2
61;2021-07-21;1492;2173;179110;152123;64.7;54.9
61;2021-07-22;1647;2164;180757;154287;65.3;55.7
62;2020-12-27;3;0;3;0;0.0;0.0
62;2020-12-28;2;0;5;0;0.0;0.0
62;2020-12-29;0;0;5;0;0.0;0.0
62;2020-12-30;0;0;5;0;0.0;0.0
62;2020-12-31;0;0;5;0;0.0;0.0
62;2021-01-01;0;0;5;0;0.0;0.0
62;2021-01-02;0;0;5;0;0.0;0.0
62;2021-01-03;0;0;5;0;0.0;0.0
62;2021-01-04;2;0;7;0;0.0;0.0
62;2021-01-05;47;0;54;0;0.0;0.0
62;2021-01-06;123;0;177;0;0.0;0.0
62;2021-01-07;350;0;527;0;0.0;0.0
62;2021-01-08;712;3;1239;3;0.1;0.0
62;2021-01-09;163;1;1402;4;0.1;0.0
62;2021-01-10;84;0;1486;4;0.1;0.0
62;2021-01-11;552;1;2038;5;0.1;0.0
62;2021-01-12;1246;0;3284;5;0.2;0.0
62;2021-01-13;1137;4;4421;9;0.3;0.0
62;2021-01-14;1383;9;5804;18;0.4;0.0
62;2021-01-15;1294;7;7098;25;0.5;0.0
62;2021-01-16;307;3;7405;28;0.5;0.0
62;2021-01-17;107;1;7512;29;0.5;0.0
62;2021-01-18;1662;9;9174;38;0.6;0.0
62;2021-01-19;2098;4;11272;42;0.8;0.0
62;2021-01-20;2054;6;13326;48;0.9;0.0
62;2021-01-21;2227;5;15553;53;1.1;0.0
62;2021-01-22;1831;6;17384;59;1.2;0.0
62;2021-01-23;512;0;17896;59;1.2;0.0
62;2021-01-24;0;0;17896;59;1.2;0.0
62;2021-01-25;1279;5;19175;64;1.3;0.0
62;2021-01-26;1537;15;20712;79;1.4;0.0
62;2021-01-27;1485;172;22197;251;1.5;0.0
62;2021-01-28;4132;345;26329;596;1.8;0.0
62;2021-01-29;2020;335;28349;931;2.0;0.1
62;2021-01-30;160;154;28509;1085;2.0;0.1
62;2021-01-31;22;3;28531;1088;2.0;0.1
62;2021-02-01;45;359;28576;1447;2.0;0.1
62;2021-02-02;55;791;28631;2238;2.0;0.2
62;2021-02-03;43;629;28674;2867;2.0;0.2
62;2021-02-04;81;823;28755;3690;2.0;0.3
62;2021-02-05;79;754;28834;4444;2.0;0.3
62;2021-02-06;24;195;28858;4639;2.0;0.3
62;2021-02-07;235;26;29093;4665;2.0;0.3
62;2021-02-08;130;849;29223;5514;2.0;0.4
62;2021-02-09;225;1102;29448;6616;2.0;0.5
62;2021-02-10;382;1172;29830;7788;2.1;0.5
62;2021-02-11;721;999;30551;8787;2.1;0.6
62;2021-02-12;966;780;31517;9567;2.2;0.7
62;2021-02-13;159;271;31676;9838;2.2;0.7
62;2021-02-14;0;0;31676;9838;2.2;0.7
62;2021-02-15;663;1275;32339;11113;2.2;0.8
62;2021-02-16;918;1787;33257;12900;2.3;0.9
62;2021-02-17;1073;2126;34330;15026;2.4;1.0
62;2021-02-18;2203;3793;36533;18819;2.5;1.3
62;2021-02-19;2302;2543;38835;21362;2.7;1.5
62;2021-02-20;613;480;39448;21842;2.7;1.5
62;2021-02-21;86;49;39534;21891;2.7;1.5
62;2021-02-22;847;972;40381;22863;2.8;1.6
62;2021-02-23;1418;1220;41799;24083;2.9;1.7
62;2021-02-24;1542;639;43341;24722;3.0;1.7
62;2021-02-25;3165;397;46506;25119;3.2;1.7
62;2021-02-26;2906;326;49412;25445;3.4;1.8
62;2021-02-27;1827;85;51239;25530;3.5;1.8
62;2021-02-28;52;42;51291;25572;3.5;1.8
62;2021-03-01;1312;115;52603;25687;3.6;1.8
62;2021-03-02;3148;163;55751;25850;3.8;1.8
62;2021-03-03;3256;108;59007;25958;4.1;1.8
62;2021-03-04;3802;184;62809;26142;4.3;1.8
62;2021-03-05;4641;198;67450;26340;4.6;1.8
62;2021-03-06;9607;187;77057;26527;5.3;1.8
62;2021-03-07;8068;156;85125;26683;5.9;1.8
62;2021-03-08;2184;239;87309;26922;6.0;1.9
62;2021-03-09;3797;358;91106;27280;6.3;1.9
62;2021-03-10;4222;584;95328;27864;6.6;1.9
62;2021-03-11;5980;1499;101308;29363;7.0;2.0
62;2021-03-12;6625;1364;107933;30727;7.4;2.1
62;2021-03-13;14707;705;122640;31432;8.4;2.2
62;2021-03-14;9570;326;132210;31758;9.1;2.2
62;2021-03-15;3758;1003;135968;32761;9.4;2.3
62;2021-03-16;2734;838;138702;33599;9.5;2.3
62;2021-03-17;2799;713;141501;34312;9.7;2.4
62;2021-03-18;2716;933;144217;35245;9.9;2.4
62;2021-03-19;4778;899;148995;36144;10.3;2.5
62;2021-03-20;11059;542;160054;36686;11.0;2.5
62;2021-03-21;9439;300;169493;36986;11.7;2.5
62;2021-03-22;2937;1089;172430;38075;11.9;2.6
62;2021-03-23;4986;1490;177416;39565;12.2;2.7
62;2021-03-24;4688;1405;182104;40970;12.5;2.8
62;2021-03-25;6548;1470;188652;42440;13.0;2.9
62;2021-03-26;7046;1466;195698;43906;13.5;3.0
62;2021-03-27;12584;680;208282;44586;14.3;3.1
62;2021-03-28;6934;247;215216;44833;14.8;3.1
62;2021-03-29;3472;1195;218688;46028;15.1;3.2
62;2021-03-30;4547;2201;223235;48229;15.4;3.3
62;2021-03-31;4216;2463;227451;50692;15.7;3.5
62;2021-04-01;4964;2748;232415;53440;16.0;3.7
62;2021-04-02;5066;3214;237481;56654;16.3;3.9
62;2021-04-03;8197;3301;245678;59955;16.9;4.1
62;2021-04-04;4577;1905;250255;61860;17.2;4.3
62;2021-04-05;943;458;251198;62318;17.3;4.3
62;2021-04-06;4114;2975;255312;65293;17.6;4.5
62;2021-04-07;5028;3483;260340;68776;17.9;4.7
62;2021-04-08;6476;3940;266816;72716;18.4;5.0
62;2021-04-09;7615;3439;274431;76155;18.9;5.2
62;2021-04-10;6637;8047;281068;84202;19.3;5.8
62;2021-04-11;2812;6891;283880;91093;19.5;6.3
62;2021-04-12;3418;2355;287298;93448;19.8;6.4
62;2021-04-13;6166;3145;293464;96593;20.2;6.6
62;2021-04-14;5297;3048;298761;99641;20.6;6.9
62;2021-04-15;5738;2972;304499;102613;21.0;7.1
62;2021-04-16;5415;3171;309914;105784;21.3;7.3
62;2021-04-17;4355;7354;314269;113138;21.6;7.8
62;2021-04-18;1959;6844;316228;119982;21.8;8.3
62;2021-04-19;2779;1917;319007;121899;22.0;8.4
62;2021-04-20;4133;3875;323140;125774;22.2;8.7
62;2021-04-21;3750;3962;326890;129736;22.5;8.9
62;2021-04-22;3946;5165;330836;134901;22.8;9.3
62;2021-04-23;4045;5272;334881;140173;23.1;9.6
62;2021-04-24;4400;6713;339281;146886;23.4;10.1
62;2021-04-25;1908;3497;341189;150383;23.5;10.4
62;2021-04-26;2224;2431;343413;152814;23.6;10.5
62;2021-04-27;4409;3687;347822;156501;23.9;10.8
62;2021-04-28;4590;4332;352412;160833;24.3;11.1
62;2021-04-29;4783;5852;357195;166685;24.6;11.5
62;2021-04-30;5210;5693;362405;172378;24.9;11.9
62;2021-05-01;5734;3453;368139;175831;25.3;12.1
62;2021-05-02;7816;3115;375955;178946;25.9;12.3
62;2021-05-03;4497;2292;380452;181238;26.2;12.5
62;2021-05-04;5386;4960;385838;186198;26.6;12.8
62;2021-05-05;4727;4830;390565;191028;26.9;13.1
62;2021-05-06;5615;4902;396180;195930;27.3;13.5
62;2021-05-07;7676;4644;403856;200574;27.8;13.8
62;2021-05-08;10637;2270;414493;202844;28.5;14.0
62;2021-05-09;8625;1621;423118;204465;29.1;14.1
62;2021-05-10;4868;4001;427986;208466;29.5;14.3
62;2021-05-11;6407;5021;434393;213487;29.9;14.7
62;2021-05-12;8621;4596;443014;218083;30.5;15.0
62;2021-05-13;9995;1463;453009;219546;31.2;15.1
62;2021-05-14;11869;3370;464878;222916;32.0;15.3
62;2021-05-15;19776;3228;484654;226144;33.4;15.6
62;2021-05-16;16393;1381;501047;227525;34.5;15.7
62;2021-05-17;8179;2650;509226;230175;35.1;15.8
62;2021-05-18;9319;3105;518545;233280;35.7;16.1
62;2021-05-19;8612;2890;527157;236170;36.3;16.3
62;2021-05-20;8335;3826;535492;239996;36.9;16.5
62;2021-05-21;9382;4199;544874;244195;37.5;16.8
62;2021-05-22;17864;3495;562738;247690;38.7;17.0
62;2021-05-23;12375;1120;575113;248810;39.6;17.1
62;2021-05-24;3908;577;579021;249387;39.9;17.2
62;2021-05-25;7214;4084;586235;253471;40.4;17.4
62;2021-05-26;6767;4897;593002;258368;40.8;17.8
62;2021-05-27;6380;5676;599382;264044;41.3;18.2
62;2021-05-28;6515;6757;605897;270801;41.7;18.6
62;2021-05-29;10847;5526;616744;276327;42.5;19.0
62;2021-05-30;4038;980;620782;277307;42.7;19.1
62;2021-05-31;4790;3966;625572;281273;43.1;19.4
62;2021-06-01;6495;6524;632067;287797;43.5;19.8
62;2021-06-02;7407;5802;639474;293599;44.0;20.2
62;2021-06-03;7849;5884;647323;299483;44.6;20.6
62;2021-06-04;7899;6241;655222;305724;45.1;21.0
62;2021-06-05;8276;6225;663498;311949;45.7;21.5
62;2021-06-06;3120;1285;666618;313234;45.9;21.6
62;2021-06-07;4607;3751;671225;316985;46.2;21.8
62;2021-06-08;6196;5882;677421;322867;46.6;22.2
62;2021-06-09;5482;4754;682903;327621;47.0;22.6
62;2021-06-10;5198;5871;688101;333492;47.4;23.0
62;2021-06-11;6210;8876;694311;342368;47.8;23.6
62;2021-06-12;5928;8656;700239;351024;48.2;24.2
62;2021-06-13;3205;3784;703444;354808;48.4;24.4
62;2021-06-14;2591;6773;706035;361581;48.6;24.9
62;2021-06-15;4656;8527;710691;370108;48.9;25.5
62;2021-06-16;5060;7413;715751;377521;49.3;26.0
62;2021-06-17;5211;8037;720962;385558;49.6;26.5
62;2021-06-18;4798;10487;725760;396045;50.0;27.3
62;2021-06-19;5787;13450;731547;409495;50.4;28.2
62;2021-06-20;2093;4376;733640;413871;50.5;28.5
62;2021-06-21;2954;8942;736594;422813;50.7;29.1
62;2021-06-22;3407;10179;740001;432992;50.9;29.8
62;2021-06-23;3371;10330;743372;443322;51.2;30.5
62;2021-06-24;3315;11793;746687;455115;51.4;31.3
62;2021-06-25;3687;15797;750374;470912;51.7;32.4
62;2021-06-26;3515;18435;753889;489347;51.9;33.7
62;2021-06-27;1116;9842;755005;499189;52.0;34.4
62;2021-06-28;1903;8888;756908;508077;52.1;35.0
62;2021-06-29;2948;11470;759856;519547;52.3;35.8
62;2021-06-30;4080;10811;763936;530358;52.6;36.5
62;2021-07-01;4387;10480;768323;540838;52.9;37.2
62;2021-07-02;4101;11970;772424;552808;53.2;38.1
62;2021-07-03;2985;18080;775409;570888;53.4;39.3
62;2021-07-04;1433;9192;776842;580080;53.5;39.9
62;2021-07-05;2392;6927;779234;587007;53.6;40.4
62;2021-07-06;3769;10018;783003;597025;53.9;41.1
62;2021-07-07;3884;8905;786887;605930;54.2;41.7
62;2021-07-08;5207;9099;792094;615029;54.5;42.3
62;2021-07-09;4377;10858;796471;625887;54.8;43.1
62;2021-07-10;4905;11855;801376;637742;55.2;43.9
62;2021-07-11;1328;2086;802704;639828;55.3;44.0
62;2021-07-12;2298;7127;805002;646955;55.4;44.5
62;2021-07-13;5029;12139;810031;659094;55.8;45.4
62;2021-07-14;3588;3143;813619;662237;56.0;45.6
62;2021-07-15;7498;11506;821117;673743;56.5;46.4
62;2021-07-16;7542;11015;828659;684758;57.0;47.1
62;2021-07-17;9589;10198;838248;694956;57.7;47.8
62;2021-07-18;2696;3452;840944;698408;57.9;48.1
62;2021-07-19;5944;6991;846888;705399;58.3;48.6
62;2021-07-20;7872;10683;854760;716082;58.8;49.3
62;2021-07-21;9645;9357;864405;725439;59.5;49.9
62;2021-07-22;9593;8894;873998;734333;60.2;50.5
63;2020-12-27;0;0;0;0;0.0;0.0
63;2020-12-28;0;0;0;0;0.0;0.0
63;2020-12-29;0;0;0;0;0.0;0.0
63;2020-12-30;0;0;0;0;0.0;0.0
63;2020-12-31;0;0;0;0;0.0;0.0
63;2021-01-01;0;0;0;0;0.0;0.0
63;2021-01-02;0;0;0;0;0.0;0.0
63;2021-01-03;0;0;0;0;0.0;0.0
63;2021-01-04;0;0;0;0;0.0;0.0
63;2021-01-05;1;0;1;0;0.0;0.0
63;2021-01-06;4;1;5;1;0.0;0.0
63;2021-01-07;298;0;303;1;0.0;0.0
63;2021-01-08;207;1;510;2;0.1;0.0
63;2021-01-09;90;0;600;2;0.1;0.0
63;2021-01-10;81;0;681;2;0.1;0.0
63;2021-01-11;422;0;1103;2;0.2;0.0
63;2021-01-12;641;1;1744;3;0.3;0.0
63;2021-01-13;847;2;2591;5;0.4;0.0
63;2021-01-14;516;8;3107;13;0.5;0.0
63;2021-01-15;428;2;3535;15;0.5;0.0
63;2021-01-16;157;0;3692;15;0.6;0.0
63;2021-01-17;131;0;3823;15;0.6;0.0
63;2021-01-18;604;1;4427;16;0.7;0.0
63;2021-01-19;855;1;5282;17;0.8;0.0
63;2021-01-20;1040;1;6322;18;1.0;0.0
63;2021-01-21;975;2;7297;20;1.1;0.0
63;2021-01-22;966;3;8263;23;1.3;0.0
63;2021-01-23;190;0;8453;23;1.3;0.0
63;2021-01-24;162;0;8615;23;1.3;0.0
63;2021-01-25;788;2;9403;25;1.4;0.0
63;2021-01-26;955;2;10358;27;1.6;0.0
63;2021-01-27;999;5;11357;32;1.7;0.0
63;2021-01-28;1310;67;12667;99;1.9;0.0
63;2021-01-29;1064;66;13731;165;2.1;0.0
63;2021-01-30;69;0;13800;165;2.1;0.0
63;2021-01-31;6;0;13806;165;2.1;0.0
63;2021-02-01;563;182;14369;347;2.2;0.1
63;2021-02-02;876;235;15245;582;2.3;0.1
63;2021-02-03;1468;282;16713;864;2.5;0.1
63;2021-02-04;2114;513;18827;1377;2.9;0.2
63;2021-02-05;1142;271;19969;1648;3.0;0.2
63;2021-02-06;115;0;20084;1648;3.0;0.2
63;2021-02-07;9;1;20093;1649;3.0;0.2
63;2021-02-08;532;408;20625;2057;3.1;0.3
63;2021-02-09;669;436;21294;2493;3.2;0.4
63;2021-02-10;606;602;21900;3095;3.3;0.5
63;2021-02-11;750;466;22650;3561;3.4;0.5
63;2021-02-12;822;811;23472;4372;3.6;0.7
63;2021-02-13;82;1;23554;4373;3.6;0.7
63;2021-02-14;0;65;23554;4438;3.6;0.7
63;2021-02-15;204;795;23758;5233;3.6;0.8
63;2021-02-16;407;1137;24165;6370;3.7;1.0
63;2021-02-17;347;876;24512;7246;3.7;1.1
63;2021-02-18;594;827;25106;8073;3.8;1.2
63;2021-02-19;446;978;25552;9051;3.9;1.4
63;2021-02-20;37;32;25589;9083;3.9;1.4
63;2021-02-21;2;17;25591;9100;3.9;1.4
63;2021-02-22;291;931;25882;10031;3.9;1.5
63;2021-02-23;574;1145;26456;11176;4.0;1.7
63;2021-02-24;696;1425;27152;12601;4.1;1.9
63;2021-02-25;1584;1672;28736;14273;4.4;2.2
63;2021-02-26;1623;1365;30359;15638;4.6;2.4
63;2021-02-27;642;64;31001;15702;4.7;2.4
63;2021-02-28;4;178;31005;15880;4.7;2.4
63;2021-03-01;583;520;31588;16400;4.8;2.5
63;2021-03-02;899;793;32487;17193;4.9;2.6
63;2021-03-03;1034;724;33521;17917;5.1;2.7
63;2021-03-04;1748;496;35269;18413;5.3;2.8
63;2021-03-05;2612;683;37881;19096;5.7;2.9
63;2021-03-06;1550;36;39431;19132;6.0;2.9
63;2021-03-07;511;15;39942;19147;6.0;2.9
63;2021-03-08;965;648;40907;19795;6.2;3.0
63;2021-03-09;1537;1061;42444;20856;6.4;3.2
63;2021-03-10;1641;606;44085;21462;6.7;3.3
63;2021-03-11;3051;881;47136;22343;7.1;3.4
63;2021-03-12;3509;367;50645;22710;7.7;3.4
63;2021-03-13;2049;78;52694;22788;8.0;3.5
63;2021-03-14;57;21;52751;22809;8.0;3.5
63;2021-03-15;1736;364;54487;23173;8.3;3.5
63;2021-03-16;1741;411;56228;23584;8.5;3.6
63;2021-03-17;1634;673;57862;24257;8.8;3.7
63;2021-03-18;1933;741;59795;24998;9.1;3.8
63;2021-03-19;2732;486;62527;25484;9.5;3.9
63;2021-03-20;1121;66;63648;25550;9.6;3.9
63;2021-03-21;49;45;63697;25595;9.6;3.9
63;2021-03-22;1982;253;65679;25848;9.9;3.9
63;2021-03-23;2878;356;68557;26204;10.4;4.0
63;2021-03-24;3214;333;71771;26537;10.9;4.0
63;2021-03-25;4583;375;76354;26912;11.6;4.1
63;2021-03-26;4688;548;81042;27460;12.3;4.2
63;2021-03-27;2454;223;83496;27683;12.6;4.2
63;2021-03-28;1042;81;84538;27764;12.8;4.2
63;2021-03-29;2479;507;87017;28271;13.2;4.3
63;2021-03-30;3276;623;90293;28894;13.7;4.4
63;2021-03-31;2960;745;93253;29639;14.1;4.5
63;2021-04-01;3819;527;97072;30166;14.7;4.6
63;2021-04-02;3480;703;100552;30869;15.2;4.7
63;2021-04-03;1171;181;101723;31050;15.4;4.7
63;2021-04-04;877;27;102600;31077;15.5;4.7
63;2021-04-05;802;86;103402;31163;15.7;4.7
63;2021-04-06;2463;928;105865;32091;16.0;4.9
63;2021-04-07;3207;862;109072;32953;16.5;5.0
63;2021-04-08;4716;1206;113788;34159;17.2;5.2
63;2021-04-09;5310;968;119098;35127;18.0;5.3
63;2021-04-10;2220;472;121318;35599;18.4;5.4
63;2021-04-11;833;37;122151;35636;18.5;5.4
63;2021-04-12;1623;1310;123774;36946;18.7;5.6
63;2021-04-13;1984;1966;125758;38912;19.0;5.9
63;2021-04-14;2627;1432;128385;40344;19.4;6.1
63;2021-04-15;3780;1512;132165;41856;20.0;6.3
63;2021-04-16;2838;2152;135003;44008;20.4;6.7
63;2021-04-17;1230;670;136233;44678;20.6;6.8
63;2021-04-18;802;59;137035;44737;20.8;6.8
63;2021-04-19;1653;2111;138688;46848;21.0;7.1
63;2021-04-20;1697;2295;140385;49143;21.3;7.4
63;2021-04-21;1512;2405;141897;51548;21.5;7.8
63;2021-04-22;1912;2266;143809;53814;21.8;8.2
63;2021-04-23;2016;3105;145825;56919;22.1;8.6
63;2021-04-24;1188;1127;147013;58046;22.3;8.8
63;2021-04-25;553;413;147566;58459;22.4;8.9
63;2021-04-26;1436;2242;149002;60701;22.6;9.2
63;2021-04-27;2310;2600;151312;63301;22.9;9.6
63;2021-04-28;2324;3150;153636;66451;23.3;10.1
63;2021-04-29;2866;2835;156502;69286;23.7;10.5
63;2021-04-30;2863;2811;159365;72097;24.1;10.9
63;2021-05-01;1126;1048;160491;73145;24.3;11.1
63;2021-05-02;897;639;161388;73784;24.4;11.2
63;2021-05-03;2686;2247;164074;76031;24.9;11.5
63;2021-05-04;2875;2675;166949;78706;25.3;11.9
63;2021-05-05;2935;3115;169884;81821;25.7;12.4
63;2021-05-06;3665;3043;173549;84864;26.3;12.9
63;2021-05-07;4030;3538;177579;88402;26.9;13.4
63;2021-05-08;1994;649;179573;89051;27.2;13.5
63;2021-05-09;1803;607;181376;89658;27.5;13.6
63;2021-05-10;4197;2758;185573;92416;28.1;14.0
63;2021-05-11;5334;2755;190907;95171;28.9;14.4
63;2021-05-12;5256;2895;196163;98066;29.7;14.9
63;2021-05-13;4124;695;200287;98761;30.3;15.0
63;2021-05-14;4767;1505;205054;100266;31.1;15.2
63;2021-05-15;3717;982;208771;101248;31.6;15.3
63;2021-05-16;3517;444;212288;101692;32.2;15.4
63;2021-05-17;3891;1981;216179;103673;32.7;15.7
63;2021-05-18;5110;1614;221289;105287;33.5;15.9
63;2021-05-19;5213;1614;226502;106901;34.3;16.2
63;2021-05-20;6786;2073;233288;108974;35.3;16.5
63;2021-05-21;6247;2316;239535;111290;36.3;16.9
63;2021-05-22;3349;844;242884;112134;36.8;17.0
63;2021-05-23;2379;243;245263;112377;37.1;17.0
63;2021-05-24;2635;578;247898;112955;37.5;17.1
63;2021-05-25;4266;2632;252164;115587;38.2;17.5
63;2021-05-26;5440;2403;257604;117990;39.0;17.9
63;2021-05-27;6487;2794;264091;120784;40.0;18.3
63;2021-05-28;5411;3881;269502;124665;40.8;18.9
63;2021-05-29;3356;1502;272858;126167;41.3;19.1
63;2021-05-30;1579;217;274437;126384;41.6;19.1
63;2021-05-31;4142;2278;278579;128662;42.2;19.5
63;2021-06-01;3787;2953;282366;131615;42.8;19.9
63;2021-06-02;3876;2516;286242;134131;43.4;20.3
63;2021-06-03;4893;3141;291135;137272;44.1;20.8
63;2021-06-04;5092;3623;296227;140895;44.9;21.3
63;2021-06-05;2802;1742;299029;142637;45.3;21.6
63;2021-06-06;1304;695;300333;143332;45.5;21.7
63;2021-06-07;3162;2515;303495;145847;46.0;22.1
63;2021-06-08;2872;2756;306367;148603;46.4;22.5
63;2021-06-09;3015;2271;309382;150874;46.9;22.9
63;2021-06-10;3203;2688;312585;153562;47.3;23.3
63;2021-06-11;3092;4049;315677;157611;47.8;23.9
63;2021-06-12;1625;1966;317302;159577;48.1;24.2
63;2021-06-13;479;1094;317781;160671;48.1;24.3
63;2021-06-14;1821;3475;319602;164146;48.4;24.9
63;2021-06-15;2196;3475;321798;167621;48.7;25.4
63;2021-06-16;2559;3313;324357;170934;49.1;25.9
63;2021-06-17;2373;4300;326730;175234;49.5;26.5
63;2021-06-18;2444;5828;329174;181062;49.9;27.4
63;2021-06-19;1606;2824;330780;183886;50.1;27.9
63;2021-06-20;656;2440;331436;186326;50.2;28.2
63;2021-06-21;1267;5390;332703;191716;50.4;29.0
63;2021-06-22;1226;5538;333929;197254;50.6;29.9
63;2021-06-23;1519;4760;335448;202014;50.8;30.6
63;2021-06-24;1906;5379;337354;207393;51.1;31.4
63;2021-06-25;1718;5907;339072;213300;51.4;32.3
63;2021-06-26;1067;3353;340139;216653;51.5;32.8
63;2021-06-27;701;3485;340840;220138;51.6;33.3
63;2021-06-28;1133;5661;341973;225799;51.8;34.2
63;2021-06-29;1221;5168;343194;230967;52.0;35.0
63;2021-06-30;1573;5288;344767;236255;52.2;35.8
63;2021-07-01;1882;8073;346649;244328;52.5;37.0
63;2021-07-02;2017;6543;348666;250871;52.8;38.0
63;2021-07-03;944;2925;349610;253796;53.0;38.4
63;2021-07-04;984;1881;350594;255677;53.1;38.7
63;2021-07-05;1472;6282;352066;261959;53.3;39.7
63;2021-07-06;1578;4797;353644;266756;53.6;40.4
63;2021-07-07;1947;4079;355591;270835;53.9;41.0
63;2021-07-08;2180;4580;357771;275415;54.2;41.7
63;2021-07-09;1896;5724;359667;281139;54.5;42.6
63;2021-07-10;1516;3406;361183;284545;54.7;43.1
63;2021-07-11;891;1528;362074;286073;54.8;43.3
63;2021-07-12;1565;8706;363639;294779;55.1;44.6
63;2021-07-13;3564;6126;367203;300905;55.6;45.6
63;2021-07-14;3587;1779;370790;302684;56.2;45.8
63;2021-07-15;4354;5024;375144;307708;56.8;46.6
63;2021-07-16;4645;5768;379789;313476;57.5;47.5
63;2021-07-17;2982;2454;382771;315930;58.0;47.9
63;2021-07-18;2797;1083;385568;317013;58.4;48.0
63;2021-07-19;3939;4822;389507;321835;59.0;48.7
63;2021-07-20;4670;5432;394177;327267;59.7;49.6
63;2021-07-21;4724;3962;398901;331229;60.4;50.2
63;2021-07-22;5226;4322;404127;335551;61.2;50.8
64;2020-12-27;0;0;0;0;0.0;0.0
64;2020-12-28;0;0;0;0;0.0;0.0
64;2020-12-29;0;0;0;0;0.0;0.0
64;2020-12-30;0;0;0;0;0.0;0.0
64;2020-12-31;0;0;0;0;0.0;0.0
64;2021-01-01;0;0;0;0;0.0;0.0
64;2021-01-02;0;0;0;0;0.0;0.0
64;2021-01-03;0;0;0;0;0.0;0.0
64;2021-01-04;29;0;29;0;0.0;0.0
64;2021-01-05;22;0;51;0;0.0;0.0
64;2021-01-06;185;1;236;1;0.0;0.0
64;2021-01-07;839;0;1075;1;0.2;0.0
64;2021-01-08;879;2;1954;3;0.3;0.0
64;2021-01-09;54;0;2008;3;0.3;0.0
64;2021-01-10;0;0;2008;3;0.3;0.0
64;2021-01-11;538;0;2546;3;0.4;0.0
64;2021-01-12;758;2;3304;5;0.5;0.0
64;2021-01-13;865;2;4169;7;0.6;0.0
64;2021-01-14;1044;3;5213;10;0.8;0.0
64;2021-01-15;928;5;6141;15;0.9;0.0
64;2021-01-16;67;0;6208;15;0.9;0.0
64;2021-01-17;5;0;6213;15;0.9;0.0
64;2021-01-18;937;8;7150;23;1.0;0.0
64;2021-01-19;1441;4;8591;27;1.3;0.0
64;2021-01-20;1614;1;10205;28;1.5;0.0
64;2021-01-21;2597;1;12802;29;1.9;0.0
64;2021-01-22;1645;3;14447;32;2.1;0.0
64;2021-01-23;521;1;14968;33;2.2;0.0
64;2021-01-24;88;0;15056;33;2.2;0.0
64;2021-01-25;968;7;16024;40;2.3;0.0
64;2021-01-26;1353;21;17377;61;2.5;0.0
64;2021-01-27;1240;120;18617;181;2.7;0.0
64;2021-01-28;1648;633;20265;814;3.0;0.1
64;2021-01-29;970;653;21235;1467;3.1;0.2
64;2021-01-30;466;60;21701;1527;3.2;0.2
64;2021-01-31;90;0;21791;1527;3.2;0.2
64;2021-02-01;673;313;22464;1840;3.3;0.3
64;2021-02-02;1130;555;23594;2395;3.5;0.4
64;2021-02-03;1039;631;24633;3026;3.6;0.4
64;2021-02-04;1026;535;25659;3561;3.8;0.5
64;2021-02-05;866;457;26525;4018;3.9;0.6
64;2021-02-06;499;34;27024;4052;4.0;0.6
64;2021-02-07;130;4;27154;4056;4.0;0.6
64;2021-02-08;767;310;27921;4366;4.1;0.6
64;2021-02-09;940;723;28861;5089;4.2;0.7
64;2021-02-10;909;805;29770;5894;4.4;0.9
64;2021-02-11;1197;1482;30967;7376;4.5;1.1
64;2021-02-12;1074;1069;32041;8445;4.7;1.2
64;2021-02-13;224;322;32265;8767;4.7;1.3
64;2021-02-14;36;49;32301;8816;4.7;1.3
64;2021-02-15;221;1130;32522;9946;4.8;1.5
64;2021-02-16;257;1407;32779;11353;4.8;1.7
64;2021-02-17;289;1256;33068;12609;4.8;1.8
64;2021-02-18;506;1717;33574;14326;4.9;2.1
64;2021-02-19;415;1293;33989;15619;5.0;2.3
64;2021-02-20;119;440;34108;16059;5.0;2.4
64;2021-02-21;20;83;34128;16142;5.0;2.4
64;2021-02-22;475;990;34603;17132;5.1;2.5
64;2021-02-23;710;1145;35313;18277;5.2;2.7
64;2021-02-24;724;1018;36037;19295;5.3;2.8
64;2021-02-25;1092;956;37129;20251;5.4;3.0
64;2021-02-26;1211;915;38340;21166;5.6;3.1
64;2021-02-27;864;406;39204;21572;5.7;3.2
64;2021-02-28;41;85;39245;21657;5.7;3.2
64;2021-03-01;761;797;40006;22454;5.9;3.3
64;2021-03-02;1076;915;41082;23369;6.0;3.4
64;2021-03-03;1240;1009;42322;24378;6.2;3.6
64;2021-03-04;1869;1182;44191;25560;6.5;3.7
64;2021-03-05;2190;1066;46381;26626;6.8;3.9
64;2021-03-06;1539;518;47920;27144;7.0;4.0
64;2021-03-07;592;109;48512;27253;7.1;4.0
64;2021-03-08;1530;765;50042;28018;7.3;4.1
64;2021-03-09;2060;843;52102;28861;7.6;4.2
64;2021-03-10;2076;757;54178;29618;7.9;4.3
64;2021-03-11;2967;1065;57145;30683;8.4;4.5
64;2021-03-12;3479;582;60624;31265;8.9;4.6
64;2021-03-13;2255;165;62879;31430;9.2;4.6
64;2021-03-14;228;15;63107;31445;9.2;4.6
64;2021-03-15;2329;227;65436;31672;9.6;4.6
64;2021-03-16;1975;260;67411;31932;9.9;4.7
64;2021-03-17;2059;231;69470;32163;10.2;4.7
64;2021-03-18;2456;201;71926;32364;10.5;4.7
64;2021-03-19;3002;279;74928;32643;11.0;4.8
64;2021-03-20;2455;85;77383;32728;11.3;4.8
64;2021-03-21;1271;24;78654;32752;11.5;4.8
64;2021-03-22;2577;547;81231;33299;11.9;4.9
64;2021-03-23;3192;653;84423;33952;12.4;5.0
64;2021-03-24;3560;696;87983;34648;12.9;5.1
64;2021-03-25;4343;800;92326;35448;13.5;5.2
64;2021-03-26;4414;695;96740;36143;14.2;5.3
64;2021-03-27;2965;418;99705;36561;14.6;5.4
64;2021-03-28;517;53;100222;36614;14.7;5.4
64;2021-03-29;3016;879;103238;37493;15.1;5.5
64;2021-03-30;4126;861;107364;38354;15.7;5.6
64;2021-03-31;3576;772;110940;39126;16.2;5.7
64;2021-04-01;4759;923;115699;40049;16.9;5.9
64;2021-04-02;4434;736;120133;40785;17.6;6.0
64;2021-04-03;2056;582;122189;41367;17.9;6.1
64;2021-04-04;304;49;122493;41416;17.9;6.1
64;2021-04-05;1681;136;124174;41552;18.2;6.1
64;2021-04-06;3646;1382;127820;42934;18.7;6.3
64;2021-04-07;3938;1503;131758;44437;19.3;6.5
64;2021-04-08;5184;1586;136942;46023;20.0;6.7
64;2021-04-09;5876;1609;142818;47632;20.9;7.0
64;2021-04-10;3219;1037;146037;48669;21.4;7.1
64;2021-04-11;437;252;146474;48921;21.4;7.2
64;2021-04-12;4040;1852;150514;50773;22.0;7.4
64;2021-04-13;4453;2149;154967;52922;22.7;7.7
64;2021-04-14;4080;2122;159047;55044;23.3;8.1
64;2021-04-15;4389;2277;163436;57321;23.9;8.4
64;2021-04-16;4279;2253;167715;59574;24.5;8.7
64;2021-04-17;2477;1494;170192;61068;24.9;8.9
64;2021-04-18;1095;1180;171287;62248;25.1;9.1
64;2021-04-19;2723;2443;174010;64691;25.5;9.5
64;2021-04-20;3201;2419;177211;67110;25.9;9.8
64;2021-04-21;3206;2555;180417;69665;26.4;10.2
64;2021-04-22;3382;2773;183799;72438;26.9;10.6
64;2021-04-23;3424;2587;187223;75025;27.4;11.0
64;2021-04-24;2066;1582;189289;76607;27.7;11.2
64;2021-04-25;288;238;189577;76845;27.7;11.2
64;2021-04-26;2653;2648;192230;79493;28.1;11.6
64;2021-04-27;3056;3125;195286;82618;28.6;12.1
64;2021-04-28;3599;3059;198885;85677;29.1;12.5
64;2021-04-29;4645;3440;203530;89117;29.8;13.0
64;2021-04-30;4068;3604;207598;92721;30.4;13.6
64;2021-05-01;1479;1024;209077;93745;30.6;13.7
64;2021-05-02;443;327;209520;94072;30.7;13.8
64;2021-05-03;2905;3479;212425;97551;31.1;14.3
64;2021-05-04;3641;3975;216066;101526;31.6;14.9
64;2021-05-05;3355;4009;219421;105535;32.1;15.4
64;2021-05-06;4107;3980;223528;109515;32.7;16.0
64;2021-05-07;3912;4177;227440;113692;33.3;16.6
64;2021-05-08;2616;1229;230056;114921;33.7;16.8
64;2021-05-09;716;308;230772;115229;33.8;16.9
64;2021-05-10;2857;4235;233629;119464;34.2;17.5
64;2021-05-11;4178;4147;237807;123611;34.8;18.1
64;2021-05-12;4482;3939;242289;127550;35.5;18.7
64;2021-05-13;3194;880;245483;128430;35.9;18.8
64;2021-05-14;5136;3142;250619;131572;36.7;19.3
64;2021-05-15;3521;1866;254140;133438;37.2;19.5
64;2021-05-16;496;225;254636;133663;37.3;19.6
64;2021-05-17;4189;2376;258825;136039;37.9;19.9
64;2021-05-18;5160;2294;263985;138333;38.6;20.2
64;2021-05-19;4974;2157;268959;140490;39.4;20.6
64;2021-05-20;5554;2151;274513;142641;40.2;20.9
64;2021-05-21;5259;2242;279772;144883;41.0;21.2
64;2021-05-22;3572;1502;283344;146385;41.5;21.4
64;2021-05-23;427;207;283771;146592;41.5;21.5
64;2021-05-24;2993;1221;286764;147813;42.0;21.6
64;2021-05-25;4328;2835;291092;150648;42.6;22.1
64;2021-05-26;4345;2708;295437;153356;43.2;22.4
64;2021-05-27;5281;3142;300718;156498;44.0;22.9
64;2021-05-28;4599;3428;305317;159926;44.7;23.4
64;2021-05-29;2805;2112;308122;162038;45.1;23.7
64;2021-05-30;436;204;308558;162242;45.2;23.7
64;2021-05-31;3889;3660;312447;165902;45.7;24.3
64;2021-06-01;5321;3562;317768;169464;46.5;24.8
64;2021-06-02;4929;3161;322697;172625;47.2;25.3
64;2021-06-03;6358;3253;329055;175878;48.2;25.7
64;2021-06-04;5140;4538;334195;180416;48.9;26.4
64;2021-06-05;3480;2519;337675;182935;49.4;26.8
64;2021-06-06;2003;328;339678;183263;49.7;26.8
64;2021-06-07;4119;4314;343797;187577;50.3;27.5
64;2021-06-08;5143;4117;348940;191694;51.1;28.1
64;2021-06-09;5146;3643;354086;195337;51.8;28.6
64;2021-06-10;6167;3129;360253;198466;52.7;29.1
64;2021-06-11;5562;4860;365815;203326;53.5;29.8
64;2021-06-12;3934;2315;369749;205641;54.1;30.1
64;2021-06-13;1549;390;371298;206031;54.3;30.2
64;2021-06-14;3657;4786;374955;210817;54.9;30.9
64;2021-06-15;4551;4697;379506;215514;55.6;31.5
64;2021-06-16;4457;4653;383963;220167;56.2;32.2
64;2021-06-17;3623;4289;387586;224456;56.7;32.9
64;2021-06-18;4401;5166;391987;229622;57.4;33.6
64;2021-06-19;2955;3272;394942;232894;57.8;34.1
64;2021-06-20;874;536;395816;233430;57.9;34.2
64;2021-06-21;2300;5124;398116;238554;58.3;34.9
64;2021-06-22;2543;5726;400659;244280;58.6;35.8
64;2021-06-23;3091;5476;403750;249756;59.1;36.6
64;2021-06-24;2690;3799;406440;253555;59.5;37.1
64;2021-06-25;2862;6429;409302;259984;59.9;38.1
64;2021-06-26;1785;3832;411087;263816;60.2;38.6
64;2021-06-27;488;711;411575;264527;60.2;38.7
64;2021-06-28;1907;6060;413482;270587;60.5;39.6
64;2021-06-29;1921;6261;415403;276848;60.8;40.5
64;2021-06-30;2219;6008;417622;282856;61.1;41.4
64;2021-07-01;2358;5340;419980;288196;61.5;42.2
64;2021-07-02;2269;6396;422249;294592;61.8;43.1
64;2021-07-03;1248;3780;423497;298372;62.0;43.7
64;2021-07-04;402;843;423899;299215;62.0;43.8
64;2021-07-05;1354;5413;425253;304628;62.2;44.6
64;2021-07-06;1950;6148;427203;310776;62.5;45.5
64;2021-07-07;2026;5741;429229;316517;62.8;46.3
64;2021-07-08;1763;4385;430992;320902;63.1;47.0
64;2021-07-09;1801;6527;432793;327429;63.4;47.9
64;2021-07-10;1163;3874;433956;331303;63.5;48.5
64;2021-07-11;250;858;434206;332161;63.6;48.6
64;2021-07-12;1483;6091;435689;338252;63.8;49.5
64;2021-07-13;2322;7244;438011;345496;64.1;50.6
64;2021-07-14;2345;3384;440356;348880;64.5;51.1
64;2021-07-15;2059;5471;442415;354351;64.8;51.9
64;2021-07-16;2802;6760;445217;361111;65.2;52.9
64;2021-07-17;2317;4575;447534;365686;65.5;53.5
64;2021-07-18;696;2048;448230;367734;65.6;53.8
64;2021-07-19;2314;6115;450544;373849;65.9;54.7
64;2021-07-20;3093;6537;453637;380386;66.4;55.7
64;2021-07-21;3303;6024;456940;386410;66.9;56.6
64;2021-07-22;3748;5696;460688;392106;67.4;57.4
65;2020-12-27;0;0;0;0;0.0;0.0
65;2020-12-28;0;0;0;0;0.0;0.0
65;2020-12-29;0;0;0;0;0.0;0.0
65;2020-12-30;0;0;0;0;0.0;0.0
65;2020-12-31;0;0;0;0;0.0;0.0
65;2021-01-01;0;0;0;0;0.0;0.0
65;2021-01-02;0;0;0;0;0.0;0.0
65;2021-01-03;0;0;0;0;0.0;0.0
65;2021-01-04;0;0;0;0;0.0;0.0
65;2021-01-05;1;0;1;0;0.0;0.0
65;2021-01-06;3;0;4;0;0.0;0.0
65;2021-01-07;167;0;171;0;0.1;0.0
65;2021-01-08;253;1;424;1;0.2;0.0
65;2021-01-09;175;1;599;2;0.3;0.0
65;2021-01-10;1;0;600;2;0.3;0.0
65;2021-01-11;275;3;875;5;0.4;0.0
65;2021-01-12;270;1;1145;6;0.5;0.0
65;2021-01-13;585;1;1730;7;0.8;0.0
65;2021-01-14;577;4;2307;11;1.0;0.0
65;2021-01-15;527;2;2834;13;1.2;0.0
65;2021-01-16;221;2;3055;15;1.3;0.0
65;2021-01-17;1;0;3056;15;1.3;0.0
65;2021-01-18;549;4;3605;19;1.6;0.0
65;2021-01-19;570;2;4175;21;1.8;0.0
65;2021-01-20;582;2;4757;23;2.1;0.0
65;2021-01-21;582;0;5339;23;2.4;0.0
65;2021-01-22;595;0;5934;23;2.6;0.0
65;2021-01-23;174;1;6108;24;2.7;0.0
65;2021-01-24;3;1;6111;25;2.7;0.0
65;2021-01-25;549;3;6660;28;2.9;0.0
65;2021-01-26;878;1;7538;29;3.3;0.0
65;2021-01-27;587;12;8125;41;3.6;0.0
65;2021-01-28;501;71;8626;112;3.8;0.0
65;2021-01-29;425;138;9051;250;4.0;0.1
65;2021-01-30;183;74;9234;324;4.1;0.1
65;2021-01-31;15;0;9249;324;4.1;0.1
65;2021-02-01;317;90;9566;414;4.2;0.2
65;2021-02-02;415;195;9981;609;4.4;0.3
65;2021-02-03;461;245;10442;854;4.6;0.4
65;2021-02-04;307;333;10749;1187;4.7;0.5
65;2021-02-05;282;362;11031;1549;4.9;0.7
65;2021-02-06;99;103;11130;1652;4.9;0.7
65;2021-02-07;10;0;11140;1652;4.9;0.7
65;2021-02-08;424;223;11564;1875;5.1;0.8
65;2021-02-09;271;379;11835;2254;5.2;1.0
65;2021-02-10;294;272;12129;2526;5.3;1.1
65;2021-02-11;319;273;12448;2799;5.5;1.2
65;2021-02-12;276;232;12724;3031;5.6;1.3
65;2021-02-13;123;97;12847;3128;5.7;1.4
65;2021-02-14;2;16;12849;3144;5.7;1.4
65;2021-02-15;201;414;13050;3558;5.8;1.6
65;2021-02-16;487;582;13537;4140;6.0;1.8
65;2021-02-17;229;499;13766;4639;6.1;2.0
65;2021-02-18;284;586;14050;5225;6.2;2.3
65;2021-02-19;153;479;14203;5704;6.3;2.5
65;2021-02-20;53;158;14256;5862;6.3;2.6
65;2021-02-21;2;48;14258;5910;6.3;2.6
65;2021-02-22;166;539;14424;6449;6.4;2.8
65;2021-02-23;247;528;14671;6977;6.5;3.1
65;2021-02-24;233;637;14904;7614;6.6;3.4
65;2021-02-25;211;178;15115;7792;6.7;3.4
65;2021-02-26;350;777;15465;8569;6.8;3.8
65;2021-02-27;107;202;15572;8771;6.9;3.9
65;2021-02-28;1;0;15573;8771;6.9;3.9
65;2021-03-01;375;375;15948;9146;7.0;4.0
65;2021-03-02;452;362;16400;9508;7.2;4.2
65;2021-03-03;379;390;16779;9898;7.4;4.4
65;2021-03-04;695;329;17474;10227;7.7;4.5
65;2021-03-05;674;278;18148;10505;8.0;4.6
65;2021-03-06;1183;82;19331;10587;8.5;4.7
65;2021-03-07;257;9;19588;10596;8.6;4.7
65;2021-03-08;410;344;19998;10940;8.8;4.8
65;2021-03-09;666;320;20664;11260;9.1;5.0
65;2021-03-10;625;370;21289;11630;9.4;5.1
65;2021-03-11;781;350;22070;11980;9.7;5.3
65;2021-03-12;1057;188;23127;12168;10.2;5.4
65;2021-03-13;353;91;23480;12259;10.4;5.4
65;2021-03-14;3;31;23483;12290;10.4;5.4
65;2021-03-15;813;183;24296;12473;10.7;5.5
65;2021-03-16;691;213;24987;12686;11.0;5.6
65;2021-03-17;709;205;25696;12891;11.3;5.7
65;2021-03-18;530;229;26226;13120;11.6;5.8
65;2021-03-19;878;160;27104;13280;11.9;5.9
65;2021-03-20;244;45;27348;13325;12.1;5.9
65;2021-03-21;8;2;27356;13327;12.1;5.9
65;2021-03-22;731;153;28087;13480;12.4;5.9
65;2021-03-23;834;365;28921;13845;12.7;6.1
65;2021-03-24;868;253;29789;14098;13.1;6.2
65;2021-03-25;1249;192;31038;14290;13.7;6.3
65;2021-03-26;1219;137;32257;14427;14.2;6.4
65;2021-03-27;1357;73;33614;14500;14.8;6.4
65;2021-03-28;1;2;33615;14502;14.8;6.4
65;2021-03-29;1488;355;35103;14857;15.5;6.5
65;2021-03-30;1354;401;36457;15258;16.1;6.7
65;2021-03-31;1202;368;37659;15626;16.6;6.9
65;2021-04-01;1508;392;39167;16018;17.3;7.1
65;2021-04-02;1681;286;40848;16304;18.0;7.2
65;2021-04-03;247;42;41095;16346;18.1;7.2
65;2021-04-04;4;1;41099;16347;18.1;7.2
65;2021-04-05;157;45;41256;16392;18.2;7.2
65;2021-04-06;1282;485;42538;16877;18.8;7.4
65;2021-04-07;1950;441;44488;17318;19.6;7.6
65;2021-04-08;1630;410;46118;17728;20.3;7.8
65;2021-04-09;1642;466;47760;18194;21.1;8.0
65;2021-04-10;1587;139;49347;18333;21.8;8.1
65;2021-04-11;2;0;49349;18333;21.8;8.1
65;2021-04-12;1345;733;50694;19066;22.3;8.4
65;2021-04-13;1572;588;52266;19654;23.0;8.7
65;2021-04-14;1901;737;54167;20391;23.9;9.0
65;2021-04-15;1698;658;55865;21049;24.6;9.3
65;2021-04-16;1825;524;57690;21573;25.4;9.5
65;2021-04-17;2151;119;59841;21692;26.4;9.6
65;2021-04-18;6;27;59847;21719;26.4;9.6
65;2021-04-19;1338;777;61185;22496;27.0;9.9
65;2021-04-20;1526;703;62711;23199;27.6;10.2
65;2021-04-21;1044;1047;63755;24246;28.1;10.7
65;2021-04-22;1645;723;65400;24969;28.8;11.0
65;2021-04-23;1155;1140;66555;26109;29.3;11.5
65;2021-04-24;1258;600;67813;26709;29.9;11.8
65;2021-04-25;31;15;67844;26724;29.9;11.8
65;2021-04-26;1603;1292;69447;28016;30.6;12.4
65;2021-04-27;1418;1334;70865;29350;31.2;12.9
65;2021-04-28;1728;1023;72593;30373;32.0;13.4
65;2021-04-29;1958;1023;74551;31396;32.9;13.8
65;2021-04-30;1778;924;76329;32320;33.6;14.2
65;2021-05-01;1570;209;77899;32529;34.3;14.3
65;2021-05-02;669;20;78568;32549;34.6;14.3
65;2021-05-03;1286;1620;79854;34169;35.2;15.1
65;2021-05-04;1539;1239;81393;35408;35.9;15.6
65;2021-05-05;1370;1640;82763;37048;36.5;16.3
65;2021-05-06;1551;1179;84314;38227;37.2;16.9
65;2021-05-07;1269;1565;85583;39792;37.7;17.5
65;2021-05-08;1646;437;87229;40229;38.5;17.7
65;2021-05-09;0;90;87229;40319;38.5;17.8
65;2021-05-10;953;1882;88182;42201;38.9;18.6
65;2021-05-11;1058;1809;89240;44010;39.3;19.4
65;2021-05-12;1233;1633;90473;45643;39.9;20.1
65;2021-05-13;1338;165;91811;45808;40.5;20.2
65;2021-05-14;1575;1093;93386;46901;41.2;20.7
65;2021-05-15;1400;500;94786;47401;41.8;20.9
65;2021-05-16;1445;70;96231;47471;42.4;20.9
65;2021-05-17;1036;1609;97267;49080;42.9;21.6
65;2021-05-18;1608;1201;98875;50281;43.6;22.2
65;2021-05-19;1684;1004;100559;51285;44.3;22.6
65;2021-05-20;1844;1045;102403;52330;45.1;23.1
65;2021-05-21;1795;1230;104198;53560;45.9;23.6
65;2021-05-22;1285;637;105483;54197;46.5;23.9
65;2021-05-23;689;32;106172;54229;46.8;23.9
65;2021-05-24;701;78;106873;54307;47.1;23.9
65;2021-05-25;1352;1543;108225;55850;47.7;24.6
65;2021-05-26;1467;1353;109692;57203;48.4;25.2
65;2021-05-27;1618;1453;111310;58656;49.1;25.9
65;2021-05-28;1595;1667;112905;60323;49.8;26.6
65;2021-05-29;1184;1508;114089;61831;50.3;27.3
65;2021-05-30;6;10;114095;61841;50.3;27.3
65;2021-05-31;1319;1295;115414;63136;50.9;27.8
65;2021-06-01;1826;928;117240;64064;51.7;28.2
65;2021-06-02;1568;947;118808;65011;52.4;28.7
65;2021-06-03;1338;1101;120146;66112;53.0;29.1
65;2021-06-04;1787;1560;121933;67672;53.8;29.8
65;2021-06-05;434;1239;122367;68911;53.9;30.4
65;2021-06-06;3;13;122370;68924;53.9;30.4
65;2021-06-07;671;1984;123041;70908;54.2;31.3
65;2021-06-08;950;1536;123991;72444;54.7;31.9
65;2021-06-09;823;1548;124814;73992;55.0;32.6
65;2021-06-10;739;1156;125553;75148;55.3;33.1
65;2021-06-11;909;1809;126462;76957;55.7;33.9
65;2021-06-12;148;639;126610;77596;55.8;34.2
65;2021-06-13;5;7;126615;77603;55.8;34.2
65;2021-06-14;503;2423;127118;80026;56.0;35.3
65;2021-06-15;933;1806;128051;81832;56.5;36.1
65;2021-06-16;1052;1369;129103;83201;56.9;36.7
65;2021-06-17;810;1046;129913;84247;57.3;37.1
65;2021-06-18;978;1627;130891;85874;57.7;37.9
65;2021-06-19;686;1689;131577;87563;58.0;38.6
65;2021-06-20;1;2;131578;87565;58.0;38.6
65;2021-06-21;734;1938;132312;89503;58.3;39.5
65;2021-06-22;1026;1479;133338;90982;58.8;40.1
65;2021-06-23;1055;1235;134393;92217;59.2;40.7
65;2021-06-24;952;1140;135345;93357;59.7;41.2
65;2021-06-25;815;1964;136160;95321;60.0;42.0
65;2021-06-26;169;1660;136329;96981;60.1;42.8
65;2021-06-27;15;1103;136344;98084;60.1;43.2
65;2021-06-28;440;2305;136784;100389;60.3;44.3
65;2021-06-29;675;1914;137459;102303;60.6;45.1
65;2021-06-30;921;1681;138380;103984;61.0;45.8
65;2021-07-01;586;744;138966;104728;61.3;46.2
65;2021-07-02;1129;1730;140095;106458;61.8;46.9
65;2021-07-03;182;1917;140277;108375;61.8;47.8
65;2021-07-04;406;180;140683;108555;62.0;47.9
65;2021-07-05;621;1990;141304;110545;62.3;48.7
65;2021-07-06;880;2122;142184;112667;62.7;49.7
65;2021-07-07;933;1509;143117;114176;63.1;50.3
65;2021-07-08;314;662;143431;114838;63.2;50.6
65;2021-07-09;540;1593;143971;116431;63.5;51.3
65;2021-07-10;287;957;144258;117388;63.6;51.7
65;2021-07-11;0;0;144258;117388;63.6;51.7
65;2021-07-12;471;2222;144729;119610;63.8;52.7
65;2021-07-13;679;2146;145408;121756;64.1;53.7
65;2021-07-14;207;47;145615;121803;64.2;53.7
65;2021-07-15;1019;1658;146634;123461;64.6;54.4
65;2021-07-16;1155;1872;147789;125333;65.2;55.3
65;2021-07-17;379;533;148168;125866;65.3;55.5
65;2021-07-18;22;12;148190;125878;65.3;55.5
65;2021-07-19;619;1491;148809;127369;65.6;56.1
65;2021-07-20;1358;1676;150167;129045;66.2;56.9
65;2021-07-21;1364;1639;151531;130684;66.8;57.6
65;2021-07-22;1996;1229;153527;131913;67.7;58.2
66;2020-12-27;0;0;0;0;0.0;0.0
66;2020-12-28;2;0;2;0;0.0;0.0
66;2020-12-29;0;0;2;0;0.0;0.0
66;2020-12-30;0;0;2;0;0.0;0.0
66;2020-12-31;1;0;3;0;0.0;0.0
66;2021-01-01;0;0;3;0;0.0;0.0
66;2021-01-02;0;0;3;0;0.0;0.0
66;2021-01-03;0;0;3;0;0.0;0.0
66;2021-01-04;30;0;33;0;0.0;0.0
66;2021-01-05;135;0;168;0;0.0;0.0
66;2021-01-06;195;0;363;0;0.1;0.0
66;2021-01-07;180;0;543;0;0.1;0.0
66;2021-01-08;212;0;755;0;0.2;0.0
66;2021-01-09;231;0;986;0;0.2;0.0
66;2021-01-10;11;0;997;0;0.2;0.0
66;2021-01-11;403;2;1400;2;0.3;0.0
66;2021-01-12;586;2;1986;4;0.4;0.0
66;2021-01-13;878;3;2864;7;0.6;0.0
66;2021-01-14;891;11;3755;18;0.8;0.0
66;2021-01-15;584;1;4339;19;0.9;0.0
66;2021-01-16;106;2;4445;21;0.9;0.0
66;2021-01-17;46;1;4491;22;0.9;0.0
66;2021-01-18;654;2;5145;24;1.1;0.0
66;2021-01-19;713;2;5858;26;1.2;0.0
66;2021-01-20;1168;3;7026;29;1.5;0.0
66;2021-01-21;2401;2;9427;31;2.0;0.0
66;2021-01-22;1435;8;10862;39;2.3;0.0
66;2021-01-23;399;3;11261;42;2.4;0.0
66;2021-01-24;226;9;11487;51;2.4;0.0
66;2021-01-25;734;43;12221;94;2.6;0.0
66;2021-01-26;785;68;13006;162;2.7;0.0
66;2021-01-27;864;104;13870;266;2.9;0.1
66;2021-01-28;867;128;14737;394;3.1;0.1
66;2021-01-29;816;126;15553;520;3.2;0.1
66;2021-01-30;480;72;16033;592;3.3;0.1
66;2021-01-31;202;27;16235;619;3.4;0.1
66;2021-02-01;562;192;16797;811;3.5;0.2
66;2021-02-02;618;293;17415;1104;3.6;0.2
66;2021-02-03;736;630;18151;1734;3.8;0.4
66;2021-02-04;688;622;18839;2356;3.9;0.5
66;2021-02-05;775;417;19614;2773;4.1;0.6
66;2021-02-06;410;148;20024;2921;4.2;0.6
66;2021-02-07;169;139;20193;3060;4.2;0.6
66;2021-02-08;499;395;20692;3455;4.3;0.7
66;2021-02-09;529;402;21221;3857;4.4;0.8
66;2021-02-10;611;774;21832;4631;4.6;1.0
66;2021-02-11;1103;1576;22935;6207;4.8;1.3
66;2021-02-12;1120;1202;24055;7409;5.0;1.5
66;2021-02-13;365;307;24420;7716;5.1;1.6
66;2021-02-14;111;199;24531;7915;5.1;1.7
66;2021-02-15;424;701;24955;8616;5.2;1.8
66;2021-02-16;303;792;25258;9408;5.3;2.0
66;2021-02-17;376;703;25634;10111;5.4;2.1
66;2021-02-18;365;779;25999;10890;5.4;2.3
66;2021-02-19;400;705;26399;11595;5.5;2.4
66;2021-02-20;182;415;26581;12010;5.5;2.5
66;2021-02-21;40;173;26621;12183;5.6;2.5
66;2021-02-22;416;646;27037;12829;5.6;2.7
66;2021-02-23;508;661;27545;13490;5.8;2.8
66;2021-02-24;340;753;27885;14243;5.8;3.0
66;2021-02-25;717;717;28602;14960;6.0;3.1
66;2021-02-26;951;748;29553;15708;6.2;3.3
66;2021-02-27;363;433;29916;16141;6.2;3.4
66;2021-02-28;59;173;29975;16314;6.3;3.4
66;2021-03-01;378;655;30353;16969;6.3;3.5
66;2021-03-02;330;656;30683;17625;6.4;3.7
66;2021-03-03;522;643;31205;18268;6.5;3.8
66;2021-03-04;985;1053;32190;19321;6.7;4.0
66;2021-03-05;1525;791;33715;20112;7.0;4.2
66;2021-03-06;1142;343;34857;20455;7.3;4.3
66;2021-03-07;1094;95;35951;20550;7.5;4.3
66;2021-03-08;691;545;36642;21095;7.6;4.4
66;2021-03-09;1220;594;37862;21689;7.9;4.5
66;2021-03-10;1300;497;39162;22186;8.2;4.6
66;2021-03-11;1473;595;40635;22781;8.5;4.8
66;2021-03-12;2392;578;43027;23359;9.0;4.9
66;2021-03-13;1080;306;44107;23665;9.2;4.9
66;2021-03-14;190;85;44297;23750;9.2;5.0
66;2021-03-15;1107;393;45404;24143;9.5;5.0
66;2021-03-16;951;259;46355;24402;9.7;5.1
66;2021-03-17;866;394;47221;24796;9.9;5.2
66;2021-03-18;967;344;48188;25140;10.1;5.2
66;2021-03-19;1290;315;49478;25455;10.3;5.3
66;2021-03-20;835;122;50313;25577;10.5;5.3
66;2021-03-21;185;44;50498;25621;10.5;5.3
66;2021-03-22;1104;397;51602;26018;10.8;5.4
66;2021-03-23;1754;389;53356;26407;11.1;5.5
66;2021-03-24;1787;512;55143;26919;11.5;5.6
66;2021-03-25;2528;464;57671;27383;12.0;5.7
66;2021-03-26;2575;355;60246;27738;12.6;5.8
66;2021-03-27;1206;292;61452;28030;12.8;5.9
66;2021-03-28;320;3;61772;28033;12.9;5.9
66;2021-03-29;1824;255;63596;28288;13.3;5.9
66;2021-03-30;2234;169;65830;28457;13.7;5.9
66;2021-03-31;1984;248;67814;28705;14.2;6.0
66;2021-04-01;2668;301;70482;29006;14.7;6.1
66;2021-04-02;2415;250;72897;29256;15.2;6.1
66;2021-04-03;1148;334;74045;29590;15.5;6.2
66;2021-04-04;105;127;74150;29717;15.5;6.2
66;2021-04-05;194;142;74344;29859;15.5;6.2
66;2021-04-06;1328;652;75672;30511;15.8;6.4
66;2021-04-07;1395;592;77067;31103;16.1;6.5
66;2021-04-08;2066;544;79133;31647;16.5;6.6
66;2021-04-09;3470;650;82603;32297;17.2;6.7
66;2021-04-10;2305;517;84908;32814;17.7;6.9
66;2021-04-11;1200;167;86108;32981;18.0;6.9
66;2021-04-12;2698;1021;88806;34002;18.5;7.1
66;2021-04-13;3609;1057;92415;35059;19.3;7.3
66;2021-04-14;3286;920;95701;35979;20.0;7.5
66;2021-04-15;3546;1046;99247;37025;20.7;7.7
66;2021-04-16;3590;1028;102837;38053;21.5;7.9
66;2021-04-17;2259;586;105096;38639;21.9;8.1
66;2021-04-18;1445;130;106541;38769;22.2;8.1
66;2021-04-19;2256;1120;108797;39889;22.7;8.3
66;2021-04-20;2367;1080;111164;40969;23.2;8.6
66;2021-04-21;2865;1181;114029;42150;23.8;8.8
66;2021-04-22;2650;1228;116679;43378;24.4;9.1
66;2021-04-23;2375;1229;119054;44607;24.9;9.3
66;2021-04-24;2742;872;121796;45479;25.4;9.5
66;2021-04-25;1207;267;123003;45746;25.7;9.6
66;2021-04-26;1995;1253;124998;46999;26.1;9.8
66;2021-04-27;2747;1297;127745;48296;26.7;10.1
66;2021-04-28;2416;1661;130161;49957;27.2;10.4
66;2021-04-29;2696;2121;132857;52078;27.7;10.9
66;2021-04-30;3055;1557;135912;53635;28.4;11.2
66;2021-05-01;1999;467;137911;54102;28.8;11.3
66;2021-05-02;1528;261;139439;54363;29.1;11.3
66;2021-05-03;2937;1107;142376;55470;29.7;11.6
66;2021-05-04;3169;1340;145545;56810;30.4;11.9
66;2021-05-05;3052;1532;148597;58342;31.0;12.2
66;2021-05-06;3758;2072;152355;60414;31.8;12.6
66;2021-05-07;2963;3083;155318;63497;32.4;13.3
66;2021-05-08;1728;1169;157046;64666;32.8;13.5
66;2021-05-09;885;1374;157931;66040;33.0;13.8
66;2021-05-10;1802;2976;159733;69016;33.3;14.4
66;2021-05-11;2739;3121;162472;72137;33.9;15.1
66;2021-05-12;2427;2566;164899;74703;34.4;15.6
66;2021-05-13;2254;1378;167153;76081;34.9;15.9
66;2021-05-14;2771;2116;169924;78197;35.5;16.3
66;2021-05-15;2325;1578;172249;79775;36.0;16.7
66;2021-05-16;2286;1251;174535;81026;36.4;16.9
66;2021-05-17;2045;1822;176580;82848;36.9;17.3
66;2021-05-18;3237;1805;179817;84653;37.5;17.7
66;2021-05-19;2874;1336;182691;85989;38.1;18.0
66;2021-05-20;4376;1437;187067;87426;39.1;18.3
66;2021-05-21;3269;1455;190336;88881;39.7;18.6
66;2021-05-22;3065;765;193401;89646;40.4;18.7
66;2021-05-23;1508;236;194909;89882;40.7;18.8
66;2021-05-24;1952;422;196861;90304;41.1;18.9
66;2021-05-25;2790;1685;199651;91989;41.7;19.2
66;2021-05-26;2781;1491;202432;93480;42.3;19.5
66;2021-05-27;3380;2251;205812;95731;43.0;20.0
66;2021-05-28;2678;3049;208490;98780;43.5;20.6
66;2021-05-29;2144;1518;210634;100298;44.0;20.9
66;2021-05-30;783;988;211417;101286;44.1;21.1
66;2021-05-31;2116;1791;213533;103077;44.6;21.5
66;2021-06-01;2620;2000;216153;105077;45.1;21.9
66;2021-06-02;2800;2333;218953;107410;45.7;22.4
66;2021-06-03;2473;2974;221426;110384;46.2;23.0
66;2021-06-04;1851;3349;223277;113733;46.6;23.7
66;2021-06-05;1406;2600;224683;116333;46.9;24.3
66;2021-06-06;291;1223;224974;117556;47.0;24.5
66;2021-06-07;1331;2957;226305;120513;47.2;25.2
66;2021-06-08;1735;3017;228040;123530;47.6;25.8
66;2021-06-09;2065;2784;230105;126314;48.0;26.4
66;2021-06-10;2070;2948;232175;129262;48.5;27.0
66;2021-06-11;2091;3864;234266;133126;48.9;27.8
66;2021-06-12;865;2410;235131;135536;49.1;28.3
66;2021-06-13;512;1333;235643;136869;49.2;28.6
66;2021-06-14;1358;3493;237001;140362;49.5;29.3
66;2021-06-15;2123;3567;239124;143929;49.9;30.0
66;2021-06-16;1781;3567;240905;147496;50.3;30.8
66;2021-06-17;2426;3600;243331;151096;50.8;31.5
66;2021-06-18;2219;3819;245550;154915;51.3;32.3
66;2021-06-19;1534;2313;247084;157228;51.6;32.8
66;2021-06-20;986;1253;248070;158481;51.8;33.1
66;2021-06-21;1152;2875;249222;161356;52.0;33.7
66;2021-06-22;1498;3763;250720;165119;52.3;34.5
66;2021-06-23;1318;3025;252038;168144;52.6;35.1
66;2021-06-24;1503;3231;253541;171375;52.9;35.8
66;2021-06-25;1389;3533;254930;174908;53.2;36.5
66;2021-06-26;963;2680;255893;177588;53.4;37.1
66;2021-06-27;675;1558;256568;179146;53.6;37.4
66;2021-06-28;975;2976;257543;182122;53.8;38.0
66;2021-06-29;1136;3793;258679;185915;54.0;38.8
66;2021-06-30;1262;3295;259941;189210;54.3;39.5
66;2021-07-01;1334;4040;261275;193250;54.5;40.3
66;2021-07-02;1288;3605;262563;196855;54.8;41.1
66;2021-07-03;1143;3899;263706;200754;55.1;41.9
66;2021-07-04;708;1788;264414;202542;55.2;42.3
66;2021-07-05;1075;2995;265489;205537;55.4;42.9
66;2021-07-06;1362;3783;266851;209320;55.7;43.7
66;2021-07-07;1372;3250;268223;212570;56.0;44.4
66;2021-07-08;1254;3374;269477;215944;56.3;45.1
66;2021-07-09;1404;3455;270881;219399;56.6;45.8
66;2021-07-10;998;2398;271879;221797;56.8;46.3
66;2021-07-11;537;1536;272416;223333;56.9;46.6
66;2021-07-12;979;3633;273395;226966;57.1;47.4
66;2021-07-13;2107;4257;275502;231223;57.5;48.3
66;2021-07-14;1935;1218;277437;232441;57.9;48.5
66;2021-07-15;2750;3090;280187;235531;58.5;49.2
66;2021-07-16;3290;3165;283477;238696;59.2;49.8
66;2021-07-17;2102;2021;285579;240717;59.6;50.3
66;2021-07-18;1193;1051;286772;241768;59.9;50.5
66;2021-07-19;2771;3058;289543;244826;60.4;51.1
66;2021-07-20;3623;2847;293166;247673;61.2;51.7
66;2021-07-21;3923;2898;297089;250571;62.0;52.3
66;2021-07-22;3776;2771;300865;253342;62.8;52.9
67;2020-12-27;0;0;0;0;0.0;0.0
67;2020-12-28;0;0;0;0;0.0;0.0
67;2020-12-29;0;0;0;0;0.0;0.0
67;2020-12-30;0;0;0;0;0.0;0.0
67;2020-12-31;0;0;0;0;0.0;0.0
67;2021-01-01;0;0;0;0;0.0;0.0
67;2021-01-02;1;0;1;0;0.0;0.0
67;2021-01-03;0;0;1;0;0.0;0.0
67;2021-01-04;41;0;42;0;0.0;0.0
67;2021-01-05;165;0;207;0;0.0;0.0
67;2021-01-06;122;0;329;0;0.0;0.0
67;2021-01-07;235;1;564;1;0.0;0.0
67;2021-01-08;232;1;796;2;0.1;0.0
67;2021-01-09;113;1;909;3;0.1;0.0
67;2021-01-10;65;0;974;3;0.1;0.0
67;2021-01-11;182;1;1156;4;0.1;0.0
67;2021-01-12;511;1;1667;5;0.1;0.0
67;2021-01-13;649;1;2316;6;0.2;0.0
67;2021-01-14;1072;7;3388;13;0.3;0.0
67;2021-01-15;934;8;4322;21;0.4;0.0
67;2021-01-16;196;3;4518;24;0.4;0.0
67;2021-01-17;98;0;4616;24;0.4;0.0
67;2021-01-18;891;2;5507;26;0.5;0.0
67;2021-01-19;1419;2;6926;28;0.6;0.0
67;2021-01-20;1844;12;8770;40;0.8;0.0
67;2021-01-21;2197;7;10967;47;1.0;0.0
67;2021-01-22;1987;5;12954;52;1.1;0.0
67;2021-01-23;811;3;13765;55;1.2;0.0
67;2021-01-24;379;1;14144;56;1.2;0.0
67;2021-01-25;525;31;14669;87;1.3;0.0
67;2021-01-26;157;108;14826;195;1.3;0.0
67;2021-01-27;1390;90;16216;285;1.4;0.0
67;2021-01-28;3043;222;19259;507;1.7;0.0
67;2021-01-29;2022;150;21281;657;1.9;0.1
67;2021-01-30;1094;84;22375;741;2.0;0.1
67;2021-01-31;1159;29;23534;770;2.1;0.1
67;2021-02-01;3389;246;26923;1016;2.4;0.1
67;2021-02-02;2685;426;29608;1442;2.6;0.1
67;2021-02-03;1568;405;31176;1847;2.8;0.2
67;2021-02-04;1191;765;32367;2612;2.9;0.2
67;2021-02-05;1192;646;33559;3258;3.0;0.3
67;2021-02-06;786;148;34345;3406;3.0;0.3
67;2021-02-07;289;44;34634;3450;3.1;0.3
67;2021-02-08;835;452;35469;3902;3.1;0.3
67;2021-02-09;955;742;36424;4644;3.2;0.4
67;2021-02-10;926;796;37350;5440;3.3;0.5
67;2021-02-11;1147;1131;38497;6571;3.4;0.6
67;2021-02-12;1242;781;39739;7352;3.5;0.6
67;2021-02-13;765;281;40504;7633;3.6;0.7
67;2021-02-14;243;95;40747;7728;3.6;0.7
67;2021-02-15;778;840;41525;8568;3.7;0.8
67;2021-02-16;924;1150;42449;9718;3.7;0.9
67;2021-02-17;780;1199;43229;10917;3.8;1.0
67;2021-02-18;1396;2573;44625;13490;3.9;1.2
67;2021-02-19;1369;2133;45994;15623;4.1;1.4
67;2021-02-20;623;918;46617;16541;4.1;1.5
67;2021-02-21;208;1198;46825;17739;4.1;1.6
67;2021-02-22;1401;2186;48226;19925;4.3;1.8
67;2021-02-23;1455;1586;49681;21511;4.4;1.9
67;2021-02-24;1432;1072;51113;22583;4.5;2.0
67;2021-02-25;1612;1500;52725;24083;4.7;2.1
67;2021-02-26;2216;1413;54941;25496;4.9;2.3
67;2021-02-27;1253;785;56194;26281;5.0;2.3
67;2021-02-28;145;364;56339;26645;5.0;2.4
67;2021-03-01;635;1010;56974;27655;5.0;2.4
67;2021-03-02;888;1197;57862;28852;5.1;2.5
67;2021-03-03;1408;1288;59270;30140;5.2;2.7
67;2021-03-04;1954;1057;61224;31197;5.4;2.8
67;2021-03-05;3250;1114;64474;32311;5.7;2.9
67;2021-03-06;2330;771;66804;33082;5.9;2.9
67;2021-03-07;465;281;67269;33363;5.9;2.9
67;2021-03-08;1181;797;68450;34160;6.0;3.0
67;2021-03-09;2211;898;70661;35058;6.2;3.1
67;2021-03-10;2439;1186;73100;36244;6.5;3.2
67;2021-03-11;3201;1342;76301;37586;6.7;3.3
67;2021-03-12;5242;1352;81543;38938;7.2;3.4
67;2021-03-13;3995;878;85538;39816;7.6;3.5
67;2021-03-14;483;387;86021;40203;7.6;3.5
67;2021-03-15;2187;1149;88208;41352;7.8;3.7
67;2021-03-16;1541;1231;89749;42583;7.9;3.8
67;2021-03-17;2056;916;91805;43499;8.1;3.8
67;2021-03-18;2380;722;94185;44221;8.3;3.9
67;2021-03-19;3665;743;97850;44964;8.6;4.0
67;2021-03-20;3064;499;100914;45463;8.9;4.0
67;2021-03-21;328;13;101242;45476;8.9;4.0
67;2021-03-22;2326;768;103568;46244;9.1;4.1
67;2021-03-23;3390;758;106958;47002;9.4;4.1
67;2021-03-24;3897;803;110855;47805;9.8;4.2
67;2021-03-25;5306;520;116161;48325;10.3;4.3
67;2021-03-26;6862;455;123023;48780;10.9;4.3
67;2021-03-27;3917;324;126940;49104;11.2;4.3
67;2021-03-28;576;97;127516;49201;11.3;4.3
67;2021-03-29;3808;424;131324;49625;11.6;4.4
67;2021-03-30;4824;659;136148;50284;12.0;4.4
67;2021-03-31;4838;683;140986;50967;12.4;4.5
67;2021-04-01;5127;901;146113;51868;12.9;4.6
67;2021-04-02;997;165;147110;52033;13.0;4.6
67;2021-04-03;1688;284;148798;52317;13.1;4.6
67;2021-04-04;326;5;149124;52322;13.2;4.6
67;2021-04-05;363;2;149487;52324;13.2;4.6
67;2021-04-06;3467;1165;152954;53489;13.5;4.7
67;2021-04-07;4529;1263;157483;54752;13.9;4.8
67;2021-04-08;5643;1385;163126;56137;14.4;5.0
67;2021-04-09;7097;1299;170223;57436;15.0;5.1
67;2021-04-10;4323;872;174546;58308;15.4;5.1
67;2021-04-11;854;423;175400;58731;15.5;5.2
67;2021-04-12;3877;1395;179277;60126;15.8;5.3
67;2021-04-13;4889;1560;184166;61686;16.3;5.4
67;2021-04-14;5229;1886;189395;63572;16.7;5.6
67;2021-04-15;6063;2087;195458;65659;17.3;5.8
67;2021-04-16;7827;2383;203285;68042;17.9;6.0
67;2021-04-17;4004;1571;207289;69613;18.3;6.1
67;2021-04-18;1113;642;208402;70255;18.4;6.2
67;2021-04-19;3623;2139;212025;72394;18.7;6.4
67;2021-04-20;4252;1916;216277;74310;19.1;6.6
67;2021-04-21;4065;2502;220342;76812;19.5;6.8
67;2021-04-22;4473;2899;224815;79711;19.8;7.0
67;2021-04-23;5231;2968;230046;82679;20.3;7.3
67;2021-04-24;3097;2001;233143;84680;20.6;7.5
67;2021-04-25;1026;446;234169;85126;20.7;7.5
67;2021-04-26;3182;2611;237351;87737;21.0;7.7
67;2021-04-27;4019;2920;241370;90657;21.3;8.0
67;2021-04-28;4244;3397;245614;94054;21.7;8.3
67;2021-04-29;5115;3508;250729;97562;22.1;8.6
67;2021-04-30;7169;2460;257898;100022;22.8;8.8
67;2021-05-01;2679;783;260577;100805;23.0;8.9
67;2021-05-02;2180;669;262757;101474;23.2;9.0
67;2021-05-03;5553;2611;268310;104085;23.7;9.2
67;2021-05-04;5846;3605;274156;107690;24.2;9.5
67;2021-05-05;5203;4189;279359;111879;24.7;9.9
67;2021-05-06;6704;4902;286063;116781;25.3;10.3
67;2021-05-07;6419;6906;292482;123687;25.8;10.9
67;2021-05-08;3553;1014;296035;124701;26.1;11.0
67;2021-05-09;3363;593;299398;125294;26.4;11.1
67;2021-05-10;4687;4525;304085;129819;26.8;11.5
67;2021-05-11;5647;4921;309732;134740;27.3;11.9
67;2021-05-12;6585;4821;316317;139561;27.9;12.3
67;2021-05-13;7302;1695;323619;141256;28.6;12.5
67;2021-05-14;8876;5363;332495;146619;29.4;12.9
67;2021-05-15;8184;3645;340679;150264;30.1;13.3
67;2021-05-16;6170;971;346849;151235;30.6;13.4
67;2021-05-17;5685;3904;352534;155139;31.1;13.7
67;2021-05-18;6894;3969;359428;159108;31.7;14.0
67;2021-05-19;7373;4147;366801;163255;32.4;14.4
67;2021-05-20;8682;4212;375483;167467;33.2;14.8
67;2021-05-21;8151;5842;383634;173309;33.9;15.3
67;2021-05-22;5932;3422;389566;176731;34.4;15.6
67;2021-05-23;2651;591;392217;177322;34.6;15.7
67;2021-05-24;4416;860;396633;178182;35.0;15.7
67;2021-05-25;5408;4762;402041;182944;35.5;16.2
67;2021-05-26;6052;4873;408093;187817;36.0;16.6
67;2021-05-27;7304;4893;415397;192710;36.7;17.0
67;2021-05-28;7959;6486;423356;199196;37.4;17.6
67;2021-05-29;6641;3870;429997;203066;38.0;17.9
67;2021-05-30;1146;809;431143;203875;38.1;18.0
67;2021-05-31;6400;4054;437543;207929;38.6;18.4
67;2021-06-01;7323;4390;444866;212319;39.3;18.7
67;2021-06-02;8050;4159;452916;216478;40.0;19.1
67;2021-06-03;8830;4856;461746;221334;40.8;19.5
67;2021-06-04;8582;6110;470328;227444;41.5;20.1
67;2021-06-05;6551;3984;476879;231428;42.1;20.4
67;2021-06-06;3475;871;480354;232299;42.4;20.5
67;2021-06-07;7411;4253;487765;236552;43.1;20.9
67;2021-06-08;8610;4910;496375;241462;43.8;21.3
67;2021-06-09;9257;4786;505632;246248;44.6;21.7
67;2021-06-10;9761;5003;515393;251251;45.5;22.2
67;2021-06-11;8049;8326;523442;259577;46.2;22.9
67;2021-06-12;6764;5184;530206;264761;46.8;23.4
67;2021-06-13;3089;1041;533295;265802;47.1;23.5
67;2021-06-14;5480;6457;538775;272259;47.6;24.0
67;2021-06-15;6678;6746;545453;279005;48.2;24.6
67;2021-06-16;6922;6694;552375;285699;48.8;25.2
67;2021-06-17;7231;9044;559606;294743;49.4;26.0
67;2021-06-18;7560;8499;567166;303242;50.1;26.8
67;2021-06-19;6357;5955;573523;309197;50.6;27.3
67;2021-06-20;1444;1408;574967;310605;50.8;27.4
67;2021-06-21;4240;6758;579207;317363;51.1;28.0
67;2021-06-22;4210;9094;583417;326457;51.5;28.8
67;2021-06-23;5241;8169;588658;334626;52.0;29.5
67;2021-06-24;4500;9082;593158;343708;52.4;30.3
67;2021-06-25;5298;9951;598456;353659;52.8;31.2
67;2021-06-26;3429;9111;601885;362770;53.1;32.0
67;2021-06-27;1010;3519;602895;366289;53.2;32.3
67;2021-06-28;2839;8744;605734;375033;53.5;33.1
67;2021-06-29;2869;8600;608603;383633;53.7;33.9
67;2021-06-30;3342;8743;611945;392376;54.0;34.6
67;2021-07-01;3556;8418;615501;400794;54.3;35.4
67;2021-07-02;3708;10931;619209;411725;54.7;36.4
67;2021-07-03;2931;7747;622140;419472;54.9;37.0
67;2021-07-04;751;1866;622891;421338;55.0;37.2
67;2021-07-05;2593;8251;625484;429589;55.2;37.9
67;2021-07-06;3012;8433;628496;438022;55.5;38.7
67;2021-07-07;3834;8729;632330;446751;55.8;39.4
67;2021-07-08;4156;7781;636486;454532;56.2;40.1
67;2021-07-09;3734;11357;640220;465889;56.5;41.1
67;2021-07-10;2826;8203;643046;474092;56.8;41.9
67;2021-07-11;924;1992;643970;476084;56.9;42.0
67;2021-07-12;2414;9713;646384;485797;57.1;42.9
67;2021-07-13;4066;9873;650450;495670;57.4;43.8
67;2021-07-14;3471;4380;653921;500050;57.7;44.2
67;2021-07-15;5085;12208;659006;512258;58.2;45.2
67;2021-07-16;4787;12266;663793;524524;58.6;46.3
67;2021-07-17;3717;8820;667510;533344;58.9;47.1
67;2021-07-18;1445;2536;668955;535880;59.1;47.3
67;2021-07-19;4589;9722;673544;545602;59.5;48.2
67;2021-07-20;5697;9794;679241;555396;60.0;49.0
67;2021-07-21;5783;10613;685024;566009;60.5;50.0
67;2021-07-22;6332;10177;691356;576186;61.0;50.9
68;2020-12-27;0;0;0;0;0.0;0.0
68;2020-12-28;0;0;0;0;0.0;0.0
68;2020-12-29;0;0;0;0;0.0;0.0
68;2020-12-30;0;0;0;0;0.0;0.0
68;2020-12-31;0;0;0;0;0.0;0.0
68;2021-01-01;0;0;0;0;0.0;0.0
68;2021-01-02;0;0;0;0;0.0;0.0
68;2021-01-03;0;0;0;0;0.0;0.0
68;2021-01-04;1;0;1;0;0.0;0.0
68;2021-01-05;11;0;12;0;0.0;0.0
68;2021-01-06;245;1;257;1;0.0;0.0
68;2021-01-07;75;0;332;1;0.0;0.0
68;2021-01-08;118;1;450;2;0.1;0.0
68;2021-01-09;20;0;470;2;0.1;0.0
68;2021-01-10;0;0;470;2;0.1;0.0
68;2021-01-11;82;0;552;2;0.1;0.0
68;2021-01-12;386;1;938;3;0.1;0.0
68;2021-01-13;703;1;1641;4;0.2;0.0
68;2021-01-14;372;2;2013;6;0.3;0.0
68;2021-01-15;204;1;2217;7;0.3;0.0
68;2021-01-16;0;0;2217;7;0.3;0.0
68;2021-01-17;0;0;2217;7;0.3;0.0
68;2021-01-18;379;5;2596;12;0.3;0.0
68;2021-01-19;559;5;3155;17;0.4;0.0
68;2021-01-20;706;9;3861;26;0.5;0.0
68;2021-01-21;1380;12;5241;38;0.7;0.0
68;2021-01-22;1498;12;6739;50;0.9;0.0
68;2021-01-23;215;4;6954;54;0.9;0.0
68;2021-01-24;697;0;7651;54;1.0;0.0
68;2021-01-25;1386;46;9037;100;1.2;0.0
68;2021-01-26;1551;80;10588;180;1.4;0.0
68;2021-01-27;2730;140;13318;320;1.7;0.0
68;2021-01-28;2344;57;15662;377;2.1;0.0
68;2021-01-29;1504;116;17166;493;2.2;0.1
68;2021-01-30;164;2;17330;495;2.3;0.1
68;2021-01-31;0;0;17330;495;2.3;0.1
68;2021-02-01;736;103;18066;598;2.4;0.1
68;2021-02-02;867;305;18933;903;2.5;0.1
68;2021-02-03;998;620;19931;1523;2.6;0.2
68;2021-02-04;1000;325;20931;1848;2.7;0.2
68;2021-02-05;946;237;21877;2085;2.9;0.3
68;2021-02-06;137;1;22014;2086;2.9;0.3
68;2021-02-07;1;16;22015;2102;2.9;0.3
68;2021-02-08;894;20;22909;2122;3.0;0.3
68;2021-02-09;1358;46;24267;2168;3.2;0.3
68;2021-02-10;1451;61;25718;2229;3.4;0.3
68;2021-02-11;1488;468;27206;2697;3.6;0.4
68;2021-02-12;1546;449;28752;3146;3.8;0.4
68;2021-02-13;132;0;28884;3146;3.8;0.4
68;2021-02-14;57;231;28941;3377;3.8;0.4
68;2021-02-15;662;1089;29603;4466;3.9;0.6
68;2021-02-16;861;1371;30464;5837;4.0;0.8
68;2021-02-17;1281;2133;31745;7970;4.2;1.0
68;2021-02-18;1631;2045;33376;10015;4.4;1.3
68;2021-02-19;984;1362;34360;11377;4.5;1.5
68;2021-02-20;93;125;34453;11502;4.5;1.5
68;2021-02-21;1;40;34454;11542;4.5;1.5
68;2021-02-22;446;798;34900;12340;4.6;1.6
68;2021-02-23;639;1060;35539;13400;4.7;1.8
68;2021-02-24;851;1159;36390;14559;4.8;1.9
68;2021-02-25;1209;1246;37599;15805;4.9;2.1
68;2021-02-26;1199;988;38798;16793;5.1;2.2
68;2021-02-27;545;173;39343;16966;5.2;2.2
68;2021-02-28;10;1;39353;16967;5.2;2.2
68;2021-03-01;937;766;40290;17733;5.3;2.3
68;2021-03-02;1215;919;41505;18652;5.4;2.4
68;2021-03-03;1589;966;43094;19618;5.6;2.6
68;2021-03-04;1988;1039;45082;20657;5.9;2.7
68;2021-03-05;2353;1042;47435;21699;6.2;2.8
68;2021-03-06;2282;236;49717;21935;6.5;2.9
68;2021-03-07;838;103;50555;22038;6.6;2.9
68;2021-03-08;1472;966;52027;23004;6.8;3.0
68;2021-03-09;1692;1332;53719;24336;7.0;3.2
68;2021-03-10;1960;1811;55679;26147;7.3;3.4
68;2021-03-11;2633;1915;58312;28062;7.6;3.7
68;2021-03-12;2624;1411;60936;29473;8.0;3.9
68;2021-03-13;3335;230;64271;29703;8.4;3.9
68;2021-03-14;1541;58;65812;29761;8.6;3.9
68;2021-03-15;1791;615;67603;30376;8.9;4.0
68;2021-03-16;1998;597;69601;30973;9.1;4.1
68;2021-03-17;1954;720;71555;31693;9.4;4.2
68;2021-03-18;2219;943;73774;32636;9.7;4.3
68;2021-03-19;3083;733;76857;33369;10.1;4.4
68;2021-03-20;972;121;77829;33490;10.2;4.4
68;2021-03-21;67;1;77896;33491;10.2;4.4
68;2021-03-22;1966;584;79862;34075;10.5;4.5
68;2021-03-23;2852;609;82714;34684;10.8;4.5
68;2021-03-24;3171;807;85885;35491;11.3;4.7
68;2021-03-25;3499;782;89384;36273;11.7;4.8
68;2021-03-26;3892;705;93276;36978;12.2;4.8
68;2021-03-27;1097;160;94373;37138;12.4;4.9
68;2021-03-28;55;3;94428;37141;12.4;4.9
68;2021-03-29;2263;1377;96691;38518;12.7;5.0
68;2021-03-30;2931;1295;99622;39813;13.1;5.2
68;2021-03-31;2638;1363;102260;41176;13.4;5.4
68;2021-04-01;2745;1546;105005;42722;13.8;5.6
68;2021-04-02;245;87;105250;42809;13.8;5.6
68;2021-04-03;239;123;105489;42932;13.8;5.6
68;2021-04-04;4;0;105493;42932;13.8;5.6
68;2021-04-05;48;2;105541;42934;13.8;5.6
68;2021-04-06;1794;1322;107335;44256;14.1;5.8
68;2021-04-07;2583;1530;109918;45786;14.4;6.0
68;2021-04-08;3230;1505;113148;47291;14.8;6.2
68;2021-04-09;4196;1520;117344;48811;15.4;6.4
68;2021-04-10;1199;1974;118543;50785;15.5;6.7
68;2021-04-11;125;1317;118668;52102;15.5;6.8
68;2021-04-12;2664;1639;121332;53741;15.9;7.0
68;2021-04-13;2758;2110;124090;55851;16.3;7.3
68;2021-04-14;3599;2261;127689;58112;16.7;7.6
68;2021-04-15;4040;2146;131729;60258;17.3;7.9
68;2021-04-16;3933;2070;135662;62328;17.8;8.2
68;2021-04-17;1067;437;136729;62765;17.9;8.2
68;2021-04-18;85;9;136814;62774;17.9;8.2
68;2021-04-19;2357;1835;139171;64609;18.2;8.5
68;2021-04-20;2437;2323;141608;66932;18.6;8.8
68;2021-04-21;2823;2481;144431;69413;18.9;9.1
68;2021-04-22;3284;1975;147715;71388;19.4;9.4
68;2021-04-23;3408;2075;151123;73463;19.8;9.6
68;2021-04-24;840;487;151963;73950;19.9;9.7
68;2021-04-25;214;20;152177;73970;19.9;9.7
68;2021-04-26;2328;2107;154505;76077;20.2;10.0
68;2021-04-27;2599;2210;157104;78287;20.6;10.3
68;2021-04-28;3571;1766;160675;80053;21.1;10.5
68;2021-04-29;4165;1745;164840;81798;21.6;10.7
68;2021-04-30;4832;1361;169672;83159;22.2;10.9
68;2021-05-01;941;119;170613;83278;22.4;10.9
68;2021-05-02;731;70;171344;83348;22.5;10.9
68;2021-05-03;3616;1812;174960;85160;22.9;11.2
68;2021-05-04;3935;2364;178895;87524;23.4;11.5
68;2021-05-05;3631;3237;182526;90761;23.9;11.9
68;2021-05-06;4803;2867;187329;93628;24.5;12.3
68;2021-05-07;4517;2908;191846;96536;25.1;12.6
68;2021-05-08;1660;210;193506;96746;25.4;12.7
68;2021-05-09;1075;106;194581;96852;25.5;12.7
68;2021-05-10;3158;3717;197739;100569;25.9;13.2
68;2021-05-11;4714;3611;202453;104180;26.5;13.7
68;2021-05-12;5776;3288;208229;107468;27.3;14.1
68;2021-05-13;4763;841;212992;108309;27.9;14.2
68;2021-05-14;5956;2128;218948;110437;28.7;14.5
68;2021-05-15;3555;909;222503;111346;29.2;14.6
68;2021-05-16;668;120;223171;111466;29.2;14.6
68;2021-05-17;4448;2497;227619;113963;29.8;14.9
68;2021-05-18;6137;2307;233756;116270;30.6;15.2
68;2021-05-19;5866;2883;239622;119153;31.4;15.6
68;2021-05-20;5927;2418;245549;121571;32.2;15.9
68;2021-05-21;5777;2870;251326;124441;32.9;16.3
68;2021-05-22;2576;923;253902;125364;33.3;16.4
68;2021-05-23;14;17;253916;125381;33.3;16.4
68;2021-05-24;2307;970;256223;126351;33.6;16.6
68;2021-05-25;4342;3430;260565;129781;34.1;17.0
68;2021-05-26;4879;3378;265444;133159;34.8;17.4
68;2021-05-27;5405;3396;270849;136555;35.5;17.9
68;2021-05-28;5618;3711;276467;140266;36.2;18.4
68;2021-05-29;1536;1176;278003;141442;36.4;18.5
68;2021-05-30;41;46;278044;141488;36.4;18.5
68;2021-05-31;5160;2361;283204;143849;37.1;18.8
68;2021-06-01;5967;2791;289171;146640;37.9;19.2
68;2021-06-02;4887;3001;294058;149641;38.5;19.6
68;2021-06-03;5938;3098;299996;152739;39.3;20.0
68;2021-06-04;4889;3299;304885;156038;39.9;20.4
68;2021-06-05;777;1169;305662;157207;40.0;20.6
68;2021-06-06;66;115;305728;157322;40.1;20.6
68;2021-06-07;4757;3036;310485;160358;40.7;21.0
68;2021-06-08;4939;3553;315424;163911;41.3;21.5
68;2021-06-09;4986;3438;320410;167349;42.0;21.9
68;2021-06-10;5196;3126;325606;170475;42.7;22.3
68;2021-06-11;5048;4147;330654;174622;43.3;22.9
68;2021-06-12;3030;1768;333684;176390;43.7;23.1
68;2021-06-13;514;682;334198;177072;43.8;23.2
68;2021-06-14;2511;4391;336709;181463;44.1;23.8
68;2021-06-15;3104;4728;339813;186191;44.5;24.4
68;2021-06-16;3381;4425;343194;190616;45.0;25.0
68;2021-06-17;2350;4457;345544;195073;45.3;25.6
68;2021-06-18;3345;5184;348889;200257;45.7;26.2
68;2021-06-19;2247;2179;351136;202436;46.0;26.5
68;2021-06-20;257;893;351393;203329;46.0;26.6
68;2021-06-21;2052;5158;353445;208487;46.3;27.3
68;2021-06-22;1895;5176;355340;213663;46.6;28.0
68;2021-06-23;2311;5748;357651;219411;46.9;28.7
68;2021-06-24;2141;4896;359792;224307;47.1;29.4
68;2021-06-25;2276;6662;362068;230969;47.4;30.3
68;2021-06-26;1294;2603;363362;233572;47.6;30.6
68;2021-06-27;151;880;363513;234452;47.6;30.7
68;2021-06-28;1597;6452;365110;240904;47.8;31.6
68;2021-06-29;1524;6637;366634;247541;48.0;32.4
68;2021-06-30;1782;6559;368416;254100;48.3;33.3
68;2021-07-01;2067;5348;370483;259448;48.5;34.0
68;2021-07-02;2089;6488;372572;265936;48.8;34.8
68;2021-07-03;971;1930;373543;267866;48.9;35.1
68;2021-07-04;239;198;373782;268064;49.0;35.1
68;2021-07-05;1450;5520;375232;273584;49.2;35.8
68;2021-07-06;1989;5884;377221;279468;49.4;36.6
68;2021-07-07;2442;4975;379663;284443;49.7;37.3
68;2021-07-08;2426;4739;382089;289182;50.1;37.9
68;2021-07-09;2088;7354;384177;296536;50.3;38.9
68;2021-07-10;1020;2002;385197;298538;50.5;39.1
68;2021-07-11;143;155;385340;298693;50.5;39.1
68;2021-07-12;1635;6779;386975;305472;50.7;40.0
68;2021-07-13;2896;6544;389871;312016;51.1;40.9
68;2021-07-14;1838;974;391709;312990;51.3;41.0
68;2021-07-15;3175;6644;394884;319634;51.7;41.9
68;2021-07-16;3795;6746;398679;326380;52.2;42.8
68;2021-07-17;3351;2282;402030;328662;52.7;43.1
68;2021-07-18;1052;225;403082;328887;52.8;43.1
68;2021-07-19;3015;6068;406097;334955;53.2;43.9
68;2021-07-20;3984;5654;410081;340609;53.7;44.6
68;2021-07-21;4243;5792;414324;346401;54.3;45.4
68;2021-07-22;4106;4804;418430;351205;54.8;46.0
69;2020-12-27;0;0;0;0;0.0;0.0
69;2020-12-28;7;0;7;0;0.0;0.0
69;2020-12-29;5;0;12;0;0.0;0.0
69;2020-12-30;6;0;18;0;0.0;0.0
69;2020-12-31;10;0;28;0;0.0;0.0
69;2021-01-01;1;0;29;0;0.0;0.0
69;2021-01-02;1;0;30;0;0.0;0.0
69;2021-01-03;0;0;30;0;0.0;0.0
69;2021-01-04;10;0;40;0;0.0;0.0
69;2021-01-05;215;0;255;0;0.0;0.0
69;2021-01-06;505;0;760;0;0.0;0.0
69;2021-01-07;803;1;1563;1;0.1;0.0
69;2021-01-08;822;0;2385;1;0.1;0.0
69;2021-01-09;36;0;2421;1;0.1;0.0
69;2021-01-10;2;1;2423;2;0.1;0.0
69;2021-01-11;1133;2;3556;4;0.2;0.0
69;2021-01-12;1390;6;4946;10;0.3;0.0
69;2021-01-13;1386;4;6332;14;0.3;0.0
69;2021-01-14;2259;21;8591;35;0.5;0.0
69;2021-01-15;1824;9;10415;44;0.6;0.0
69;2021-01-16;926;3;11341;47;0.6;0.0
69;2021-01-17;258;2;11599;49;0.6;0.0
69;2021-01-18;1692;16;13291;65;0.7;0.0
69;2021-01-19;3500;66;16791;131;0.9;0.0
69;2021-01-20;4417;28;21208;159;1.1;0.0
69;2021-01-21;4013;20;25221;179;1.3;0.0
69;2021-01-22;3142;19;28363;198;1.5;0.0
69;2021-01-23;1277;2;29640;200;1.6;0.0
69;2021-01-24;100;1;29740;201;1.6;0.0
69;2021-01-25;2229;37;31969;238;1.7;0.0
69;2021-01-26;2558;84;34527;322;1.8;0.0
69;2021-01-27;2348;178;36875;500;2.0;0.0
69;2021-01-28;2232;374;39107;874;2.1;0.0
69;2021-01-29;2108;284;41215;1158;2.2;0.1
69;2021-01-30;889;2;42104;1160;2.2;0.1
69;2021-01-31;63;0;42167;1160;2.2;0.1
69;2021-02-01;1113;402;43280;1562;2.3;0.1
69;2021-02-02;1547;411;44827;1973;2.4;0.1
69;2021-02-03;1439;534;46266;2507;2.5;0.1
69;2021-02-04;1786;947;48052;3454;2.6;0.2
69;2021-02-05;818;807;48870;4261;2.6;0.2
69;2021-02-06;363;54;49233;4315;2.6;0.2
69;2021-02-07;0;0;49233;4315;2.6;0.2
69;2021-02-08;1132;1076;50365;5391;2.7;0.3
69;2021-02-09;2048;2106;52413;7497;2.8;0.4
69;2021-02-10;1841;2645;54254;10142;2.9;0.5
69;2021-02-11;1859;3292;56113;13434;3.0;0.7
69;2021-02-12;1894;2113;58007;15547;3.1;0.8
69;2021-02-13;460;806;58467;16353;3.1;0.9
69;2021-02-14;88;39;58555;16392;3.1;0.9
69;2021-02-15;1015;1773;59570;18165;3.2;1.0
69;2021-02-16;985;2450;60555;20615;3.2;1.1
69;2021-02-17;1027;2393;61582;23008;3.3;1.2
69;2021-02-18;965;2339;62547;25347;3.3;1.4
69;2021-02-19;895;1894;63442;27241;3.4;1.5
69;2021-02-20;326;913;63768;28154;3.4;1.5
69;2021-02-21;51;68;63819;28222;3.4;1.5
69;2021-02-22;605;2102;64424;30324;3.4;1.6
69;2021-02-23;738;2229;65162;32553;3.5;1.7
69;2021-02-24;973;2249;66135;34802;3.5;1.9
69;2021-02-25;2210;2666;68345;37468;3.6;2.0
69;2021-02-26;2775;1912;71120;39380;3.8;2.1
69;2021-02-27;924;568;72044;39948;3.8;2.1
69;2021-02-28;147;102;72191;40050;3.8;2.1
69;2021-03-01;2160;903;74351;40953;4.0;2.2
69;2021-03-02;3286;1379;77637;42332;4.1;2.3
69;2021-03-03;3659;1199;81296;43531;4.3;2.3
69;2021-03-04;4868;1251;86164;44782;4.6;2.4
69;2021-03-05;5851;1221;92015;46003;4.9;2.5
69;2021-03-06;3406;400;95421;46403;5.1;2.5
69;2021-03-07;636;39;96057;46442;5.1;2.5
69;2021-03-08;2948;1105;99005;47547;5.3;2.5
69;2021-03-09;4606;1229;103611;48776;5.5;2.6
69;2021-03-10;5060;1011;108671;49787;5.8;2.7
69;2021-03-11;6587;971;115258;50758;6.1;2.7
69;2021-03-12;8843;1132;124101;51890;6.6;2.8
69;2021-03-13;4918;213;129019;52103;6.9;2.8
69;2021-03-14;2736;121;131755;52224;7.0;2.8
69;2021-03-15;4807;676;136562;52900;7.3;2.8
69;2021-03-16;3808;622;140370;53522;7.5;2.9
69;2021-03-17;3941;842;144311;54364;7.7;2.9
69;2021-03-18;4964;1582;149275;55946;8.0;3.0
69;2021-03-19;6676;1016;155951;56962;8.3;3.0
69;2021-03-20;3582;248;159533;57210;8.5;3.0
69;2021-03-21;1969;85;161502;57295;8.6;3.1
69;2021-03-22;4539;784;166041;58079;8.9;3.1
69;2021-03-23;7349;781;173390;58860;9.2;3.1
69;2021-03-24;6441;952;179831;59812;9.6;3.2
69;2021-03-25;8571;1072;188402;60884;10.0;3.2
69;2021-03-26;8810;1204;197212;62088;10.5;3.3
69;2021-03-27;3149;773;200361;62861;10.7;3.4
69;2021-03-28;2209;169;202570;63030;10.8;3.4
69;2021-03-29;4092;2183;206662;65213;11.0;3.5
69;2021-03-30;7629;2488;214291;67701;11.4;3.6
69;2021-03-31;6343;3145;220634;70846;11.8;3.8
69;2021-04-01;8421;2696;229055;73542;12.2;3.9
69;2021-04-02;8300;3085;237355;76627;12.7;4.1
69;2021-04-03;5420;2154;242775;78781;12.9;4.2
69;2021-04-04;6605;549;249380;79330;13.3;4.2
69;2021-04-05;6188;805;255568;80135;13.6;4.3
69;2021-04-06;5096;3470;260664;83605;13.9;4.5
69;2021-04-07;5155;3874;265819;87479;14.2;4.7
69;2021-04-08;6423;4044;272242;91523;14.5;4.9
69;2021-04-09;9162;3760;281404;95283;15.0;5.1
69;2021-04-10;3049;2492;284453;97775;15.2;5.2
69;2021-04-11;2035;1893;286488;99668;15.3;5.3
69;2021-04-12;5456;3569;291944;103237;15.6;5.5
69;2021-04-13;7064;4107;299008;107344;15.9;5.7
69;2021-04-14;6710;4119;305718;111463;16.3;5.9
69;2021-04-15;7924;4565;313642;116028;16.7;6.2
69;2021-04-16;7855;4485;321497;120513;17.1;6.4
69;2021-04-17;5036;2332;326533;122845;17.4;6.5
69;2021-04-18;1713;1793;328246;124638;17.5;6.6
69;2021-04-19;7012;3763;335258;128401;17.9;6.8
69;2021-04-20;6478;4739;341736;133140;18.2;7.1
69;2021-04-21;5682;4404;347418;137544;18.5;7.3
69;2021-04-22;6418;5420;353836;142964;18.9;7.6
69;2021-04-23;6698;4841;360534;147805;19.2;7.9
69;2021-04-24;3150;2020;363684;149825;19.4;8.0
69;2021-04-25;2113;1546;365797;151371;19.5;8.1
69;2021-04-26;4492;3879;370289;155250;19.7;8.3
69;2021-04-27;6509;5318;376798;160568;20.1;8.6
69;2021-04-28;6268;4843;383066;165411;20.4;8.8
69;2021-04-29;6693;5349;389759;170760;20.8;9.1
69;2021-04-30;6923;6159;396682;176919;21.1;9.4
69;2021-05-01;3294;642;399976;177561;21.3;9.5
69;2021-05-02;1622;5891;401598;183452;21.4;9.8
69;2021-05-03;5849;8239;407447;191691;21.7;10.2
69;2021-05-04;7594;8163;415041;199854;22.1;10.7
69;2021-05-05;11202;5628;426243;205482;22.7;11.0
69;2021-05-06;12471;6267;438714;211749;23.4;11.3
69;2021-05-07;11682;7148;450396;218897;24.0;11.7
69;2021-05-08;4294;1651;454690;220548;24.2;11.8
69;2021-05-09;6632;2680;461322;223228;24.6;11.9
69;2021-05-10;6924;6051;468246;229279;25.0;12.2
69;2021-05-11;9816;7037;478062;236316;25.5;12.6
69;2021-05-12;12463;6809;490525;243125;26.1;13.0
69;2021-05-13;10828;2562;501353;245687;26.7;13.1
69;2021-05-14;12577;5219;513930;250906;27.4;13.4
69;2021-05-15;9140;2600;523070;253506;27.9;13.5
69;2021-05-16;8396;1869;531466;255375;28.3;13.6
69;2021-05-17;11299;5635;542765;261010;28.9;13.9
69;2021-05-18;13207;6375;555972;267385;29.6;14.3
69;2021-05-19;13699;5887;569671;273272;30.4;14.6
69;2021-05-20;11372;6083;581043;279355;31.0;14.9
69;2021-05-21;11027;6565;592070;285920;31.6;15.2
69;2021-05-22;5575;2573;597645;288493;31.9;15.4
69;2021-05-23;4563;1540;602208;290033;32.1;15.5
69;2021-05-24;8429;1861;610637;291894;32.5;15.6
69;2021-05-25;9734;6179;620371;298073;33.1;15.9
69;2021-05-26;10271;6109;630642;304182;33.6;16.2
69;2021-05-27;10425;6769;641067;310951;34.2;16.6
69;2021-05-28;11607;8748;652674;319699;34.8;17.0
69;2021-05-29;7383;6032;660057;325731;35.2;17.4
69;2021-05-30;7386;3171;667443;328902;35.6;17.5
69;2021-05-31;10954;6367;678397;335269;36.2;17.9
69;2021-06-01;12550;7518;690947;342787;36.8;18.3
69;2021-06-02;14782;6698;705729;349485;37.6;18.6
69;2021-06-03;16557;7416;722286;356901;38.5;19.0
69;2021-06-04;14651;8546;736937;365447;39.3;19.5
69;2021-06-05;10056;3415;746993;368862;39.8;19.7
69;2021-06-06;7479;1706;754472;370568;40.2;19.8
69;2021-06-07;12748;7037;767220;377605;40.9;20.1
69;2021-06-08;16034;8253;783254;385858;41.8;20.6
69;2021-06-09;14980;7363;798234;393221;42.5;21.0
69;2021-06-10;16064;7296;814298;400517;43.4;21.3
69;2021-06-11;16485;9682;830783;410199;44.3;21.9
69;2021-06-12;8483;4191;839266;414390;44.7;22.1
69;2021-06-13;5601;2138;844867;416528;45.0;22.2
69;2021-06-14;8103;9087;852970;425615;45.5;22.7
69;2021-06-15;10368;10989;863338;436604;46.0;23.3
69;2021-06-16;10940;12296;874278;448900;46.6;23.9
69;2021-06-17;11124;13236;885402;462136;47.2;24.6
69;2021-06-18;11579;14760;896981;476896;47.8;25.4
69;2021-06-19;6740;8338;903721;485234;48.2;25.9
69;2021-06-20;5195;4757;908916;489991;48.4;26.1
69;2021-06-21;5956;12129;914872;502120;48.8;26.8
69;2021-06-22;6383;13837;921255;515957;49.1;27.5
69;2021-06-23;7519;13038;928774;528995;49.5;28.2
69;2021-06-24;8101;13713;936875;542708;49.9;28.9
69;2021-06-25;6609;16309;943484;559017;50.3;29.8
69;2021-06-26;3479;9082;946963;568099;50.5;30.3
69;2021-06-27;3247;7422;950210;575521;50.6;30.7
69;2021-06-28;3632;14900;953842;590421;50.8;31.5
69;2021-06-29;4597;15661;958439;606082;51.1;32.3
69;2021-06-30;5590;14457;964029;620539;51.4;33.1
69;2021-07-01;6272;11928;970301;632467;51.7;33.7
69;2021-07-02;5477;14117;975778;646584;52.0;34.5
69;2021-07-03;5638;7782;981416;654366;52.3;34.9
69;2021-07-04;3891;5557;985307;659923;52.5;35.2
69;2021-07-05;5358;13021;990665;672944;52.8;35.9
69;2021-07-06;5130;14278;995795;687222;53.1;36.6
69;2021-07-07;6925;13534;1002720;700756;53.4;37.4
69;2021-07-08;7333;13412;1010053;714168;53.8;38.1
69;2021-07-09;7070;16442;1017123;730610;54.2;38.9
69;2021-07-10;2725;10320;1019848;740930;54.4;39.5
69;2021-07-11;4247;5834;1024095;746764;54.6;39.8
69;2021-07-12;3547;16970;1027642;763734;54.8;40.7
69;2021-07-13;5867;20717;1033509;784451;55.1;41.8
69;2021-07-14;4689;8478;1038198;792929;55.3;42.3
69;2021-07-15;7261;22585;1045459;815514;55.7;43.5
69;2021-07-16;9389;20101;1054848;835615;56.2;44.5
69;2021-07-17;4829;12214;1059677;847829;56.5;45.2
69;2021-07-18;3382;8903;1063059;856732;56.7;45.7
69;2021-07-19;6283;16434;1069342;873166;57.0;46.5
69;2021-07-20;8969;19231;1078311;892397;57.5;47.6
69;2021-07-21;9191;17343;1087502;909740;58.0;48.5
69;2021-07-22;11156;16309;1098658;926049;58.6;49.4
70;2020-12-27;0;0;0;0;0.0;0.0
70;2020-12-28;0;0;0;0;0.0;0.0
70;2020-12-29;0;0;0;0;0.0;0.0
70;2020-12-30;0;0;0;0;0.0;0.0
70;2020-12-31;0;0;0;0;0.0;0.0
70;2021-01-01;0;0;0;0;0.0;0.0
70;2021-01-02;0;0;0;0;0.0;0.0
70;2021-01-03;0;0;0;0;0.0;0.0
70;2021-01-04;0;0;0;0;0.0;0.0
70;2021-01-05;0;0;0;0;0.0;0.0
70;2021-01-06;24;0;24;0;0.0;0.0
70;2021-01-07;121;0;145;0;0.1;0.0
70;2021-01-08;21;0;166;0;0.1;0.0
70;2021-01-09;0;0;166;0;0.1;0.0
70;2021-01-10;0;0;166;0;0.1;0.0
70;2021-01-11;147;0;313;0;0.1;0.0
70;2021-01-12;195;1;508;1;0.2;0.0
70;2021-01-13;171;1;679;2;0.3;0.0
70;2021-01-14;149;5;828;7;0.4;0.0
70;2021-01-15;153;0;981;7;0.4;0.0
70;2021-01-16;65;0;1046;7;0.4;0.0
70;2021-01-17;0;0;1046;7;0.4;0.0
70;2021-01-18;388;0;1434;7;0.6;0.0
70;2021-01-19;500;2;1934;9;0.8;0.0
70;2021-01-20;494;2;2428;11;1.0;0.0
70;2021-01-21;673;1;3101;12;1.3;0.0
70;2021-01-22;458;3;3559;15;1.5;0.0
70;2021-01-23;261;2;3820;17;1.6;0.0
70;2021-01-24;3;0;3823;17;1.6;0.0
70;2021-01-25;371;1;4194;18;1.8;0.0
70;2021-01-26;335;1;4529;19;1.9;0.0
70;2021-01-27;328;10;4857;29;2.1;0.0
70;2021-01-28;365;36;5222;65;2.2;0.0
70;2021-01-29;329;53;5551;118;2.4;0.1
70;2021-01-30;228;1;5779;119;2.5;0.1
70;2021-01-31;0;0;5779;119;2.5;0.1
70;2021-02-01;260;51;6039;170;2.6;0.1
70;2021-02-02;272;98;6311;268;2.7;0.1
70;2021-02-03;252;61;6563;329;2.8;0.1
70;2021-02-04;264;122;6827;451;2.9;0.2
70;2021-02-05;254;75;7081;526;3.0;0.2
70;2021-02-06;209;37;7290;563;3.1;0.2
70;2021-02-07;0;0;7290;563;3.1;0.2
70;2021-02-08;178;234;7468;797;3.2;0.3
70;2021-02-09;206;231;7674;1028;3.3;0.4
70;2021-02-10;196;302;7870;1330;3.4;0.6
70;2021-02-11;346;327;8216;1657;3.5;0.7
70;2021-02-12;239;492;8455;2149;3.6;0.9
70;2021-02-13;75;211;8530;2360;3.7;1.0
70;2021-02-14;0;29;8530;2389;3.7;1.0
70;2021-02-15;70;340;8600;2729;3.7;1.2
70;2021-02-16;113;364;8713;3093;3.7;1.3
70;2021-02-17;167;304;8880;3397;3.8;1.5
70;2021-02-18;202;256;9082;3653;3.9;1.6
70;2021-02-19;197;203;9279;3856;4.0;1.7
70;2021-02-20;192;70;9471;3926;4.1;1.7
70;2021-02-21;1;0;9472;3926;4.1;1.7
70;2021-02-22;107;237;9579;4163;4.1;1.8
70;2021-02-23;125;259;9704;4422;4.2;1.9
70;2021-02-24;129;232;9833;4654;4.2;2.0
70;2021-02-25;315;257;10148;4911;4.4;2.1
70;2021-02-26;394;147;10542;5058;4.5;2.2
70;2021-02-27;147;202;10689;5260;4.6;2.3
70;2021-02-28;0;0;10689;5260;4.6;2.3
70;2021-03-01;249;240;10938;5500;4.7;2.4
70;2021-03-02;476;275;11414;5775;4.9;2.5
70;2021-03-03;467;252;11881;6027;5.1;2.6
70;2021-03-04;643;272;12524;6299;5.4;2.7
70;2021-03-05;766;257;13290;6556;5.7;2.8
70;2021-03-06;540;115;13830;6671;5.9;2.9
70;2021-03-07;216;23;14046;6694;6.0;2.9
70;2021-03-08;552;218;14598;6912;6.3;3.0
70;2021-03-09;865;185;15463;7097;6.6;3.0
70;2021-03-10;660;177;16123;7274;6.9;3.1
70;2021-03-11;698;248;16821;7522;7.2;3.2
70;2021-03-12;985;178;17806;7700;7.6;3.3
70;2021-03-13;581;113;18387;7813;7.9;3.4
70;2021-03-14;19;0;18406;7813;7.9;3.4
70;2021-03-15;774;104;19180;7917;8.2;3.4
70;2021-03-16;654;89;19834;8006;8.5;3.4
70;2021-03-17;596;175;20430;8181;8.8;3.5
70;2021-03-18;633;141;21063;8322;9.0;3.6
70;2021-03-19;1017;135;22080;8457;9.5;3.6
70;2021-03-20;640;183;22720;8640;9.7;3.7
70;2021-03-21;4;0;22724;8640;9.7;3.7
70;2021-03-22;753;98;23477;8738;10.1;3.7
70;2021-03-23;1305;152;24782;8890;10.6;3.8
70;2021-03-24;1248;96;26030;8986;11.2;3.9
70;2021-03-25;1244;185;27274;9171;11.7;3.9
70;2021-03-26;1487;294;28761;9465;12.3;4.1
70;2021-03-27;956;123;29717;9588;12.7;4.1
70;2021-03-28;0;10;29717;9598;12.7;4.1
70;2021-03-29;718;410;30435;10008;13.1;4.3
70;2021-03-30;1073;309;31508;10317;13.5;4.4
70;2021-03-31;861;314;32369;10631;13.9;4.6
70;2021-04-01;1153;423;33522;11054;14.4;4.7
70;2021-04-02;1310;336;34832;11390;14.9;4.9
70;2021-04-03;639;320;35471;11710;15.2;5.0
70;2021-04-04;9;0;35480;11710;15.2;5.0
70;2021-04-05;3;2;35483;11712;15.2;5.0
70;2021-04-06;830;555;36313;12267;15.6;5.3
70;2021-04-07;857;583;37170;12850;15.9;5.5
70;2021-04-08;1314;555;38484;13405;16.5;5.7
70;2021-04-09;1402;525;39886;13930;17.1;6.0
70;2021-04-10;858;341;40744;14271;17.5;6.1
70;2021-04-11;16;1;40760;14272;17.5;6.1
70;2021-04-12;692;656;41452;14928;17.8;6.4
70;2021-04-13;920;765;42372;15693;18.2;6.7
70;2021-04-14;814;576;43186;16269;18.5;7.0
70;2021-04-15;1078;599;44264;16868;19.0;7.2
70;2021-04-16;1242;540;45506;17408;19.5;7.5
70;2021-04-17;690;466;46196;17874;19.8;7.7
70;2021-04-18;56;4;46252;17878;19.8;7.7
70;2021-04-19;537;804;46789;18682;20.1;8.0
70;2021-04-20;664;853;47453;19535;20.3;8.4
70;2021-04-21;484;933;47937;20468;20.6;8.8
70;2021-04-22;776;791;48713;21259;20.9;9.1
70;2021-04-23;874;740;49587;21999;21.3;9.4
70;2021-04-24;431;637;50018;22636;21.4;9.7
70;2021-04-25;11;0;50029;22636;21.5;9.7
70;2021-04-26;924;597;50953;23233;21.9;10.0
70;2021-04-27;1209;745;52162;23978;22.4;10.3
70;2021-04-28;889;803;53051;24781;22.7;10.6
70;2021-04-29;1342;917;54393;25698;23.3;11.0
70;2021-04-30;1531;872;55924;26570;24.0;11.4
70;2021-05-01;1693;117;57617;26687;24.7;11.4
70;2021-05-02;2;0;57619;26687;24.7;11.4
70;2021-05-03;1188;562;58807;27249;25.2;11.7
70;2021-05-04;1336;736;60143;27985;25.8;12.0
70;2021-05-05;1188;870;61331;28855;26.3;12.4
70;2021-05-06;1849;1264;63180;30119;27.1;12.9
70;2021-05-07;2124;1224;65304;31343;28.0;13.4
70;2021-05-08;1339;183;66643;31526;28.6;13.5
70;2021-05-09;6;58;66649;31584;28.6;13.5
70;2021-05-10;957;945;67606;32529;29.0;13.9
70;2021-05-11;1239;1066;68845;33595;29.5;14.4
70;2021-05-12;1175;866;70020;34461;30.0;14.8
70;2021-05-13;1544;145;71564;34606;30.7;14.8
70;2021-05-14;2062;751;73626;35357;31.6;15.2
70;2021-05-15;2657;524;76283;35881;32.7;15.4
70;2021-05-16;997;72;77280;35953;33.1;15.4
70;2021-05-17;1235;383;78515;36336;33.7;15.6
70;2021-05-18;1294;590;79809;36926;34.2;15.8
70;2021-05-19;1476;480;81285;37406;34.9;16.0
70;2021-05-20;1778;626;83063;38032;35.6;16.3
70;2021-05-21;1690;818;84753;38850;36.3;16.7
70;2021-05-22;1221;662;85974;39512;36.9;16.9
70;2021-05-23;7;14;85981;39526;36.9;16.9
70;2021-05-24;222;25;86203;39551;37.0;17.0
70;2021-05-25;835;925;87038;40476;37.3;17.4
70;2021-05-26;1047;942;88085;41418;37.8;17.8
70;2021-05-27;1263;995;89348;42413;38.3;18.2
70;2021-05-28;1545;1164;90893;43577;39.0;18.7
70;2021-05-29;1371;586;92264;44163;39.6;18.9
70;2021-05-30;1;8;92265;44171;39.6;18.9
70;2021-05-31;970;678;93235;44849;40.0;19.2
70;2021-06-01;1213;850;94448;45699;40.5;19.6
70;2021-06-02;1263;672;95711;46371;41.0;19.9
70;2021-06-03;1430;844;97141;47215;41.7;20.2
70;2021-06-04;1337;1108;98478;48323;42.2;20.7
70;2021-06-05;1025;662;99503;48985;42.7;21.0
70;2021-06-06;599;79;100102;49064;42.9;21.0
70;2021-06-07;939;851;101041;49915;43.3;21.4
70;2021-06-08;1216;1175;102257;51090;43.9;21.9
70;2021-06-09;1155;988;103412;52078;44.3;22.3
70;2021-06-10;1565;824;104977;52902;45.0;22.7
70;2021-06-11;1585;1953;106562;54855;45.7;23.5
70;2021-06-12;824;1973;107386;56828;46.1;24.4
70;2021-06-13;142;12;107528;56840;46.1;24.4
70;2021-06-14;556;1242;108084;58082;46.3;24.9
70;2021-06-15;448;1505;108532;59587;46.5;25.6
70;2021-06-16;798;1392;109330;60979;46.9;26.1
70;2021-06-17;1146;2093;110476;63072;47.4;27.0
70;2021-06-18;993;2252;111469;65324;47.8;28.0
70;2021-06-19;1090;1637;112559;66961;48.3;28.7
70;2021-06-20;1;3;112560;66964;48.3;28.7
70;2021-06-21;689;1453;113249;68417;48.6;29.3
70;2021-06-22;651;1509;113900;69926;48.8;30.0
70;2021-06-23;651;1572;114551;71498;49.1;30.7
70;2021-06-24;873;2051;115424;73549;49.5;31.5
70;2021-06-25;680;2644;116104;76193;49.8;32.7
70;2021-06-26;941;2138;117045;78331;50.2;33.6
70;2021-06-27;138;760;117183;79091;50.3;33.9
70;2021-06-28;336;1348;117519;80439;50.4;34.5
70;2021-06-29;406;1612;117925;82051;50.6;35.2
70;2021-06-30;385;1633;118310;83684;50.7;35.9
70;2021-07-01;640;1751;118950;85435;51.0;36.6
70;2021-07-02;810;1575;119760;87010;51.4;37.3
70;2021-07-03;835;1079;120595;88089;51.7;37.8
70;2021-07-04;28;70;120623;88159;51.7;37.8
70;2021-07-05;609;1036;121232;89195;52.0;38.2
70;2021-07-06;677;1274;121909;90469;52.3;38.8
70;2021-07-07;503;1425;122412;91894;52.5;39.4
70;2021-07-08;811;1573;123223;93467;52.8;40.1
70;2021-07-09;867;1662;124090;95129;53.2;40.8
70;2021-07-10;824;1031;124914;96160;53.6;41.2
70;2021-07-11;6;20;124920;96180;53.6;41.2
70;2021-07-12;429;1398;125349;97578;53.8;41.8
70;2021-07-13;906;1862;126255;99440;54.1;42.6
70;2021-07-14;33;6;126288;99446;54.2;42.6
70;2021-07-15;1374;1690;127662;101136;54.7;43.4
70;2021-07-16;1614;2059;129276;103195;55.4;44.3
70;2021-07-17;1497;1439;130773;104634;56.1;44.9
70;2021-07-18;1138;629;131911;105263;56.6;45.1
70;2021-07-19;875;968;132786;106231;56.9;45.6
70;2021-07-20;1347;1356;134133;107587;57.5;46.1
70;2021-07-21;1271;1393;135404;108980;58.1;46.7
70;2021-07-22;1799;1785;137203;110765;58.8;47.5
71;2020-12-27;0;0;0;0;0.0;0.0
71;2020-12-28;0;0;0;0;0.0;0.0
71;2020-12-29;0;0;0;0;0.0;0.0
71;2020-12-30;0;0;0;0;0.0;0.0
71;2020-12-31;0;0;0;0;0.0;0.0
71;2021-01-01;0;0;0;0;0.0;0.0
71;2021-01-02;0;0;0;0;0.0;0.0
71;2021-01-03;0;0;0;0;0.0;0.0
71;2021-01-04;1;0;1;0;0.0;0.0
71;2021-01-05;10;0;11;0;0.0;0.0
71;2021-01-06;71;0;82;0;0.0;0.0
71;2021-01-07;66;1;148;1;0.0;0.0
71;2021-01-08;146;0;294;1;0.1;0.0
71;2021-01-09;117;0;411;1;0.1;0.0
71;2021-01-10;1;0;412;1;0.1;0.0
71;2021-01-11;245;0;657;1;0.1;0.0
71;2021-01-12;843;1;1500;2;0.3;0.0
71;2021-01-13;562;1;2062;3;0.4;0.0
71;2021-01-14;577;9;2639;12;0.5;0.0
71;2021-01-15;666;1;3305;13;0.6;0.0
71;2021-01-16;9;0;3314;13;0.6;0.0
71;2021-01-17;0;0;3314;13;0.6;0.0
71;2021-01-18;1085;5;4399;18;0.8;0.0
71;2021-01-19;1673;6;6072;24;1.1;0.0
71;2021-01-20;1506;4;7578;28;1.4;0.0
71;2021-01-21;2056;12;9634;40;1.8;0.0
71;2021-01-22;1411;5;11045;45;2.0;0.0
71;2021-01-23;813;5;11858;50;2.2;0.0
71;2021-01-24;0;0;11858;50;2.2;0.0
71;2021-01-25;1061;6;12919;56;2.4;0.0
71;2021-01-26;1504;18;14423;74;2.6;0.0
71;2021-01-27;1247;32;15670;106;2.9;0.0
71;2021-01-28;1080;94;16750;200;3.1;0.0
71;2021-01-29;1014;145;17764;345;3.2;0.1
71;2021-01-30;604;2;18368;347;3.4;0.1
71;2021-01-31;0;15;18368;362;3.4;0.1
71;2021-02-01;749;239;19117;601;3.5;0.1
71;2021-02-02;751;357;19868;958;3.6;0.2
71;2021-02-03;817;426;20685;1384;3.8;0.3
71;2021-02-04;780;572;21465;1956;3.9;0.4
71;2021-02-05;706;525;22171;2481;4.0;0.5
71;2021-02-06;535;9;22706;2490;4.1;0.5
71;2021-02-07;3;50;22709;2540;4.1;0.5
71;2021-02-08;602;699;23311;3239;4.3;0.6
71;2021-02-09;373;1013;23684;4252;4.3;0.8
71;2021-02-10;408;997;24092;5249;4.4;1.0
71;2021-02-11;473;1175;24565;6424;4.5;1.2
71;2021-02-12;534;1033;25099;7457;4.6;1.4
71;2021-02-13;127;515;25226;7972;4.6;1.5
71;2021-02-14;1;7;25227;7979;4.6;1.5
71;2021-02-15;324;914;25551;8893;4.7;1.6
71;2021-02-16;441;1368;25992;10261;4.7;1.9
71;2021-02-17;425;1115;26417;11376;4.8;2.1
71;2021-02-18;548;938;26965;12314;4.9;2.2
71;2021-02-19;574;853;27539;13167;5.0;2.4
71;2021-02-20;223;381;27762;13548;5.1;2.5
71;2021-02-21;3;13;27765;13561;5.1;2.5
71;2021-02-22;237;879;28002;14440;5.1;2.6
71;2021-02-23;451;918;28453;15358;5.2;2.8
71;2021-02-24;438;719;28891;16077;5.3;2.9
71;2021-02-25;527;727;29418;16804;5.4;3.1
71;2021-02-26;831;529;30249;17333;5.5;3.2
71;2021-02-27;454;339;30703;17672;5.6;3.2
71;2021-02-28;54;14;30757;17686;5.6;3.2
71;2021-03-01;1188;681;31945;18367;5.8;3.4
71;2021-03-02;1573;635;33518;19002;6.1;3.5
71;2021-03-03;1817;760;35335;19762;6.5;3.6
71;2021-03-04;1994;807;37329;20569;6.8;3.8
71;2021-03-05;2284;681;39613;21250;7.2;3.9
71;2021-03-06;755;57;40368;21307;7.4;3.9
71;2021-03-07;39;21;40407;21328;7.4;3.9
71;2021-03-08;1450;774;41857;22102;7.6;4.0
71;2021-03-09;2156;511;44013;22613;8.0;4.1
71;2021-03-10;2166;455;46179;23068;8.4;4.2
71;2021-03-11;2633;634;48812;23702;8.9;4.3
71;2021-03-12;2604;597;51416;24299;9.4;4.4
71;2021-03-13;991;96;52407;24395;9.6;4.5
71;2021-03-14;34;0;52441;24395;9.6;4.5
71;2021-03-15;1799;486;54240;24881;9.9;4.5
71;2021-03-16;1819;186;56059;25067;10.2;4.6
71;2021-03-17;2130;243;58189;25310;10.6;4.6
71;2021-03-18;1951;429;60140;25739;11.0;4.7
71;2021-03-19;2363;316;62503;26055;11.4;4.8
71;2021-03-20;1082;34;63585;26089;11.6;4.8
71;2021-03-21;15;5;63600;26094;11.6;4.8
71;2021-03-22;2574;356;66174;26450;12.1;4.8
71;2021-03-23;3346;486;69520;26936;12.7;4.9
71;2021-03-24;3344;446;72864;27382;13.3;5.0
71;2021-03-25;4018;569;76882;27951;14.0;5.1
71;2021-03-26;4044;322;80926;28273;14.8;5.2
71;2021-03-27;997;105;81923;28378;15.0;5.2
71;2021-03-28;54;8;81977;28386;15.0;5.2
71;2021-03-29;2399;1171;84376;29557;15.4;5.4
71;2021-03-30;2952;1335;87328;30892;15.9;5.6
71;2021-03-31;2552;1507;89880;32399;16.4;5.9
71;2021-04-01;2716;1288;92596;33687;16.9;6.1
71;2021-04-02;2501;1412;95097;35099;17.4;6.4
71;2021-04-03;265;33;95362;35132;17.4;6.4
71;2021-04-04;2;0;95364;35132;17.4;6.4
71;2021-04-05;58;0;95422;35132;17.4;6.4
71;2021-04-06;2263;1866;97685;36998;17.8;6.8
71;2021-04-07;2389;1790;100074;38788;18.3;7.1
71;2021-04-08;3281;1801;103355;40589;18.9;7.4
71;2021-04-09;4035;1660;107390;42249;19.6;7.7
71;2021-04-10;769;42;108159;42291;19.7;7.7
71;2021-04-11;99;3;108258;42294;19.8;7.7
71;2021-04-12;2346;1689;110604;43983;20.2;8.0
71;2021-04-13;2579;1884;113183;45867;20.7;8.4
71;2021-04-14;2361;1913;115544;47780;21.1;8.7
71;2021-04-15;2775;1679;118319;49459;21.6;9.0
71;2021-04-16;2622;1640;120941;51099;22.1;9.3
71;2021-04-17;951;342;121892;51441;22.3;9.4
71;2021-04-18;106;4;121998;51445;22.3;9.4
71;2021-04-19;1757;2576;123755;54021;22.6;9.9
71;2021-04-20;2218;2591;125973;56612;23.0;10.3
71;2021-04-21;2124;2594;128097;59206;23.4;10.8
71;2021-04-22;2513;2433;130610;61639;23.8;11.3
71;2021-04-23;2914;2256;133524;63895;24.4;11.7
71;2021-04-24;517;49;134041;63944;24.5;11.7
71;2021-04-25;24;0;134065;63944;24.5;11.7
71;2021-04-26;2564;2119;136629;66063;24.9;12.1
71;2021-04-27;2982;2251;139611;68314;25.5;12.5
71;2021-04-28;3073;2120;142684;70434;26.0;12.9
71;2021-04-29;3778;2222;146462;72656;26.7;13.3
71;2021-04-30;3925;1720;150387;74376;27.5;13.6
71;2021-05-01;37;52;150424;74428;27.5;13.6
71;2021-05-02;23;18;150447;74446;27.5;13.6
71;2021-05-03;4281;1368;154728;75814;28.2;13.8
71;2021-05-04;2959;2339;157687;78153;28.8;14.3
71;2021-05-05;3426;2077;161113;80230;29.4;14.6
71;2021-05-06;3458;2356;164571;82586;30.0;15.1
71;2021-05-07;3670;2807;168241;85393;30.7;15.6
71;2021-05-08;176;183;168417;85576;30.7;15.6
71;2021-05-09;43;47;168460;85623;30.8;15.6
71;2021-05-10;3697;2275;172157;87898;31.4;16.0
71;2021-05-11;4648;2325;176805;90223;32.3;16.5
71;2021-05-12;3978;2580;180783;92803;33.0;16.9
71;2021-05-13;1573;150;182356;92953;33.3;17.0
71;2021-05-14;3761;2185;186117;95138;34.0;17.4
71;2021-05-15;240;325;186357;95463;34.0;17.4
71;2021-05-16;1;0;186358;95463;34.0;17.4
71;2021-05-17;3863;1881;190221;97344;34.7;17.8
71;2021-05-18;3497;2419;193718;99763;35.4;18.2
71;2021-05-19;3718;2275;197436;102038;36.0;18.6
71;2021-05-20;4177;2292;201613;104330;36.8;19.0
71;2021-05-21;3719;2571;205332;106901;37.5;19.5
71;2021-05-22;168;306;205500;107207;37.5;19.6
71;2021-05-23;11;55;205511;107262;37.5;19.6
71;2021-05-24;18;96;205529;107358;37.5;19.6
71;2021-05-25;2689;3004;208218;110362;38.0;20.1
71;2021-05-26;2967;2428;211185;112790;38.5;20.6
71;2021-05-27;3388;2583;214573;115373;39.2;21.1
71;2021-05-28;2917;3157;217490;118530;39.7;21.6
71;2021-05-29;479;658;217969;119188;39.8;21.8
71;2021-05-30;75;57;218044;119245;39.8;21.8
71;2021-05-31;2769;3456;220813;122701;40.3;22.4
71;2021-06-01;3659;3538;224472;126239;41.0;23.0
71;2021-06-02;3992;2622;228464;128861;41.7;23.5
71;2021-06-03;4432;2526;232896;131387;42.5;24.0
71;2021-06-04;3713;3714;236609;135101;43.2;24.7
71;2021-06-05;673;641;237282;135742;43.3;24.8
71;2021-06-06;57;91;237339;135833;43.3;24.8
71;2021-06-07;3277;4142;240616;139975;43.9;25.6
71;2021-06-08;3893;4007;244509;143982;44.6;26.3
71;2021-06-09;4688;2745;249197;146727;45.5;26.8
71;2021-06-10;5262;2735;254459;149462;46.4;27.3
71;2021-06-11;4432;3716;258891;153178;47.3;28.0
71;2021-06-12;704;591;259595;153769;47.4;28.1
71;2021-06-13;101;186;259696;153955;47.4;28.1
71;2021-06-14;3506;3777;263202;157732;48.0;28.8
71;2021-06-15;4199;3566;267401;161298;48.8;29.4
71;2021-06-16;4589;2718;271990;164016;49.6;29.9
71;2021-06-17;4261;2997;276251;167013;50.4;30.5
71;2021-06-18;4314;3766;280565;170779;51.2;31.2
71;2021-06-19;1261;648;281826;171427;51.4;31.3
71;2021-06-20;35;27;281861;171454;51.5;31.3
71;2021-06-21;2266;4281;284127;175735;51.9;32.1
71;2021-06-22;2675;4352;286802;180087;52.4;32.9
71;2021-06-23;3055;3419;289857;183506;52.9;33.5
71;2021-06-24;3321;3022;293178;186528;53.5;34.0
71;2021-06-25;2645;4475;295823;191003;54.0;34.9
71;2021-06-26;365;550;296188;191553;54.1;35.0
71;2021-06-27;29;68;296217;191621;54.1;35.0
71;2021-06-28;1521;4623;297738;196244;54.3;35.8
71;2021-06-29;1976;4820;299714;201064;54.7;36.7
71;2021-06-30;2449;3932;302163;204996;55.2;37.4
71;2021-07-01;2608;3902;304771;208898;55.6;38.1
71;2021-07-02;2871;3979;307642;212877;56.2;38.9
71;2021-07-03;315;710;307957;213587;56.2;39.0
71;2021-07-04;27;133;307984;213720;56.2;39.0
71;2021-07-05;2459;4320;310443;218040;56.7;39.8
71;2021-07-06;2447;4574;312890;222614;57.1;40.6
71;2021-07-07;2942;3731;315832;226345;57.7;41.3
71;2021-07-08;2751;4113;318583;230458;58.2;42.1
71;2021-07-09;2284;5028;320867;235486;58.6;43.0
71;2021-07-10;199;654;321066;236140;58.6;43.1
71;2021-07-11;14;65;321080;236205;58.6;43.1
71;2021-07-12;1898;5313;322978;241518;59.0;44.1
71;2021-07-13;2512;5864;325490;247382;59.4;45.2
71;2021-07-14;946;396;326436;247778;59.6;45.2
71;2021-07-15;3001;5725;329437;253503;60.1;46.3
71;2021-07-16;3276;6003;332713;259506;60.7;47.4
71;2021-07-17;500;773;333213;260279;60.8;47.5
71;2021-07-18;88;91;333301;260370;60.8;47.5
71;2021-07-19;2853;5689;336154;266059;61.4;48.6
71;2021-07-20;3319;5916;339473;271975;62.0;49.6
71;2021-07-21;3379;5454;342852;277429;62.6;50.6
71;2021-07-22;3846;5308;346698;282737;63.3;51.6
72;2020-12-27;0;0;0;0;0.0;0.0
72;2020-12-28;0;0;0;0;0.0;0.0
72;2020-12-29;0;0;0;0;0.0;0.0
72;2020-12-30;0;0;0;0;0.0;0.0
72;2020-12-31;0;0;0;0;0.0;0.0
72;2021-01-01;2;0;2;0;0.0;0.0
72;2021-01-02;0;0;2;0;0.0;0.0
72;2021-01-03;0;0;2;0;0.0;0.0
72;2021-01-04;0;0;2;0;0.0;0.0
72;2021-01-05;14;0;16;0;0.0;0.0
72;2021-01-06;27;0;43;0;0.0;0.0
72;2021-01-07;110;0;153;0;0.0;0.0
72;2021-01-08;232;0;385;0;0.1;0.0
72;2021-01-09;36;0;421;0;0.1;0.0
72;2021-01-10;0;0;421;0;0.1;0.0
72;2021-01-11;485;1;906;1;0.2;0.0
72;2021-01-12;614;0;1520;1;0.3;0.0
72;2021-01-13;500;0;2020;1;0.4;0.0
72;2021-01-14;643;3;2663;4;0.5;0.0
72;2021-01-15;478;0;3141;4;0.6;0.0
72;2021-01-16;92;0;3233;4;0.6;0.0
72;2021-01-17;0;0;3233;4;0.6;0.0
72;2021-01-18;293;0;3526;4;0.6;0.0
72;2021-01-19;773;2;4299;6;0.8;0.0
72;2021-01-20;1514;3;5813;9;1.0;0.0
72;2021-01-21;1740;5;7553;14;1.3;0.0
72;2021-01-22;1149;5;8702;19;1.6;0.0
72;2021-01-23;32;0;8734;19;1.6;0.0
72;2021-01-24;0;0;8734;19;1.6;0.0
72;2021-01-25;502;7;9236;26;1.6;0.0
72;2021-01-26;1165;22;10401;48;1.9;0.0
72;2021-01-27;882;19;11283;67;2.0;0.0
72;2021-01-28;776;68;12059;135;2.2;0.0
72;2021-01-29;712;69;12771;204;2.3;0.0
72;2021-01-30;58;0;12829;204;2.3;0.0
72;2021-01-31;1;0;12830;204;2.3;0.0
72;2021-02-01;498;229;13328;433;2.4;0.1
72;2021-02-02;506;296;13834;729;2.5;0.1
72;2021-02-03;483;229;14317;958;2.6;0.2
72;2021-02-04;475;342;14792;1300;2.6;0.2
72;2021-02-05;508;408;15300;1708;2.7;0.3
72;2021-02-06;83;14;15383;1722;2.7;0.3
72;2021-02-07;19;3;15402;1725;2.7;0.3
72;2021-02-08;309;407;15711;2132;2.8;0.4
72;2021-02-09;489;535;16200;2667;2.9;0.5
72;2021-02-10;549;926;16749;3593;3.0;0.6
72;2021-02-11;851;1350;17600;4943;3.1;0.9
72;2021-02-12;849;595;18449;5538;3.3;1.0
72;2021-02-13;108;38;18557;5576;3.3;1.0
72;2021-02-14;1;22;18558;5598;3.3;1.0
72;2021-02-15;220;507;18778;6105;3.4;1.1
72;2021-02-16;498;1030;19276;7135;3.4;1.3
72;2021-02-17;464;718;19740;7853;3.5;1.4
72;2021-02-18;594;638;20334;8491;3.6;1.5
72;2021-02-19;519;599;20853;9090;3.7;1.6
72;2021-02-20;79;57;20932;9147;3.7;1.6
72;2021-02-21;0;0;20932;9147;3.7;1.6
72;2021-02-22;325;584;21257;9731;3.8;1.7
72;2021-02-23;566;531;21823;10262;3.9;1.8
72;2021-02-24;431;470;22254;10732;4.0;1.9
72;2021-02-25;921;565;23175;11297;4.1;2.0
72;2021-02-26;600;514;23775;11811;4.2;2.1
72;2021-02-27;322;67;24097;11878;4.3;2.1
72;2021-02-28;15;17;24112;11895;4.3;2.1
72;2021-03-01;376;483;24488;12378;4.4;2.2
72;2021-03-02;502;604;24990;12982;4.5;2.3
72;2021-03-03;729;648;25719;13630;4.6;2.4
72;2021-03-04;736;782;26455;14412;4.7;2.6
72;2021-03-05;934;769;27389;15181;4.9;2.7
72;2021-03-06;756;132;28145;15313;5.0;2.7
72;2021-03-07;447;24;28592;15337;5.1;2.7
72;2021-03-08;559;466;29151;15803;5.2;2.8
72;2021-03-09;1036;653;30187;16456;5.4;2.9
72;2021-03-10;1129;662;31316;17118;5.6;3.1
72;2021-03-11;1605;487;32921;17605;5.9;3.1
72;2021-03-12;1361;510;34282;18115;6.1;3.2
72;2021-03-13;979;114;35261;18229;6.3;3.3
72;2021-03-14;14;10;35275;18239;6.3;3.3
72;2021-03-15;1155;220;36430;18459;6.5;3.3
72;2021-03-16;1051;188;37481;18647;6.7;3.3
72;2021-03-17;1029;257;38510;18904;6.9;3.4
72;2021-03-18;1087;370;39597;19274;7.1;3.4
72;2021-03-19;1268;286;40865;19560;7.3;3.5
72;2021-03-20;485;90;41350;19650;7.4;3.5
72;2021-03-21;19;0;41369;19650;7.4;3.5
72;2021-03-22;1347;339;42716;19989;7.6;3.6
72;2021-03-23;1721;472;44437;20461;7.9;3.7
72;2021-03-24;1837;299;46274;20760;8.3;3.7
72;2021-03-25;2446;453;48720;21213;8.7;3.8
72;2021-03-26;2333;372;51053;21585;9.1;3.9
72;2021-03-27;610;28;51663;21613;9.2;3.9
72;2021-03-28;22;0;51685;21613;9.2;3.9
72;2021-03-29;1613;372;53298;21985;9.5;3.9
72;2021-03-30;2492;383;55790;22368;10.0;4.0
72;2021-03-31;2132;357;57922;22725;10.3;4.1
72;2021-04-01;2830;328;60752;23053;10.8;4.1
72;2021-04-02;2247;389;62999;23442;11.2;4.2
72;2021-04-03;289;36;63288;23478;11.3;4.2
72;2021-04-04;14;3;63302;23481;11.3;4.2
72;2021-04-05;51;49;63353;23530;11.3;4.2
72;2021-04-06;1759;463;65112;23993;11.6;4.3
72;2021-04-07;2555;583;67667;24576;12.1;4.4
72;2021-04-08;2713;765;70380;25341;12.6;4.5
72;2021-04-09;3860;562;74240;25903;13.3;4.6
72;2021-04-10;1111;46;75351;25949;13.5;4.6
72;2021-04-11;7;1;75358;25950;13.5;4.6
72;2021-04-12;1846;894;77204;26844;13.8;4.8
72;2021-04-13;2355;1067;79559;27911;14.2;5.0
72;2021-04-14;2248;1090;81807;29001;14.6;5.2
72;2021-04-15;2419;1102;84226;30103;15.0;5.4
72;2021-04-16;2562;954;86788;31057;15.5;5.5
72;2021-04-17;707;140;87495;31197;15.6;5.6
72;2021-04-18;57;1;87552;31198;15.6;5.6
72;2021-04-19;1394;1093;88946;32291;15.9;5.8
72;2021-04-20;2998;1290;91944;33581;16.4;6.0
72;2021-04-21;2515;1555;94459;35136;16.9;6.3
72;2021-04-22;2814;1788;97273;36924;17.4;6.6
72;2021-04-23;3205;1442;100478;38366;17.9;6.8
72;2021-04-24;1400;263;101878;38629;18.2;6.9
72;2021-04-25;881;19;102759;38648;18.3;6.9
72;2021-04-26;3508;1464;106267;40112;19.0;7.2
72;2021-04-27;4084;1855;110351;41967;19.7;7.5
72;2021-04-28;3832;1856;114183;43823;20.4;7.8
72;2021-04-29;4160;1801;118343;45624;21.1;8.1
72;2021-04-30;3609;1705;121952;47329;21.8;8.4
72;2021-05-01;1642;218;123594;47547;22.1;8.5
72;2021-05-02;1533;155;125127;47702;22.3;8.5
72;2021-05-03;3458;1149;128585;48851;23.0;8.7
72;2021-05-04;4011;1794;132596;50645;23.7;9.0
72;2021-05-05;3868;2177;136464;52822;24.4;9.4
72;2021-05-06;3596;1933;140060;54755;25.0;9.8
72;2021-05-07;3545;2143;143605;56898;25.6;10.2
72;2021-05-08;1902;149;145507;57047;26.0;10.2
72;2021-05-09;2082;200;147589;57247;26.3;10.2
72;2021-05-10;3771;1517;151360;58764;27.0;10.5
72;2021-05-11;4599;1986;155959;60750;27.8;10.8
72;2021-05-12;4078;1819;160037;62569;28.6;11.2
72;2021-05-13;3030;269;163067;62838;29.1;11.2
72;2021-05-14;3661;1380;166728;64218;29.8;11.5
72;2021-05-15;3119;355;169847;64573;30.3;11.5
72;2021-05-16;2501;152;172348;64725;30.8;11.6
72;2021-05-17;3725;1278;176073;66003;31.4;11.8
72;2021-05-18;4331;1678;180404;67681;32.2;12.1
72;2021-05-19;3977;1502;184381;69183;32.9;12.3
72;2021-05-20;4259;1449;188640;70632;33.7;12.6
72;2021-05-21;3790;1379;192430;72011;34.3;12.9
72;2021-05-22;2560;504;194990;72515;34.8;12.9
72;2021-05-23;1390;161;196380;72676;35.1;13.0
72;2021-05-24;2351;293;198731;72969;35.5;13.0
72;2021-05-25;4073;1407;202804;74376;36.2;13.3
72;2021-05-26;4095;1405;206899;75781;36.9;13.5
72;2021-05-27;4344;2043;211243;77824;37.7;13.9
72;2021-05-28;4106;2016;215349;79840;38.4;14.3
72;2021-05-29;2665;807;218014;80647;38.9;14.4
72;2021-05-30;1142;871;219156;81518;39.1;14.6
72;2021-05-31;3119;2328;222275;83846;39.7;15.0
72;2021-06-01;3564;2667;225839;86513;40.3;15.4
72;2021-06-02;3607;2779;229446;89292;41.0;15.9
72;2021-06-03;4239;2995;233685;92287;41.7;16.5
72;2021-06-04;3891;2751;237576;95038;42.4;17.0
72;2021-06-05;1438;2568;239014;97606;42.7;17.4
72;2021-06-06;909;1538;239923;99144;42.8;17.7
72;2021-06-07;1749;3417;241672;102561;43.1;18.3
72;2021-06-08;2926;3829;244598;106390;43.7;19.0
72;2021-06-09;2645;3362;247243;109752;44.1;19.6
72;2021-06-10;2828;3305;250071;113057;44.6;20.2
72;2021-06-11;2835;3771;252906;116828;45.1;20.9
72;2021-06-12;1240;2597;254146;119425;45.4;21.3
72;2021-06-13;387;1857;254533;121282;45.4;21.6
72;2021-06-14;1324;4126;255857;125408;45.7;22.4
72;2021-06-15;2754;3511;258611;128919;46.2;23.0
72;2021-06-16;2426;3570;261037;132489;46.6;23.6
72;2021-06-17;2318;3875;263355;136364;47.0;24.3
72;2021-06-18;2304;4307;265659;140671;47.4;25.1
72;2021-06-19;1121;2763;266780;143434;47.6;25.6
72;2021-06-20;338;2055;267118;145489;47.7;26.0
72;2021-06-21;1562;4029;268680;149518;48.0;26.7
72;2021-06-22;1707;4998;270387;154516;48.3;27.6
72;2021-06-23;1993;4235;272380;158751;48.6;28.3
72;2021-06-24;2220;4019;274600;162770;49.0;29.1
72;2021-06-25;1764;4855;276364;167625;49.3;29.9
72;2021-06-26;1185;2876;277549;170501;49.5;30.4
72;2021-06-27;391;2117;277940;172618;49.6;30.8
72;2021-06-28;1435;4302;279375;176920;49.9;31.6
72;2021-06-29;1757;4758;281132;181678;50.2;32.4
72;2021-06-30;1965;4175;283097;185853;50.5;33.2
72;2021-07-01;1932;4425;285029;190278;50.9;34.0
72;2021-07-02;1843;4726;286872;195004;51.2;34.8
72;2021-07-03;1287;3120;288159;198124;51.4;35.4
72;2021-07-04;582;1946;288741;200070;51.5;35.7
72;2021-07-05;1183;4176;289924;204246;51.8;36.5
72;2021-07-06;1455;5170;291379;209416;52.0;37.4
72;2021-07-07;1577;4614;292956;214030;52.3;38.2
72;2021-07-08;1642;4333;294598;218363;52.6;39.0
72;2021-07-09;2091;4626;296689;222989;53.0;39.8
72;2021-07-10;1581;2694;298270;225683;53.2;40.3
72;2021-07-11;948;1590;299218;227273;53.4;40.6
72;2021-07-12;1592;3754;300810;231027;53.7;41.2
72;2021-07-13;2077;4774;302887;235801;54.1;42.1
72;2021-07-14;1315;2365;304202;238166;54.3;42.5
72;2021-07-15;3471;3423;307673;241589;54.9;43.1
72;2021-07-16;3156;4123;310829;245712;55.5;43.9
72;2021-07-17;2626;1759;313455;247471;56.0;44.2
72;2021-07-18;1705;813;315160;248284;56.3;44.3
72;2021-07-19;2903;3507;318063;251791;56.8;44.9
72;2021-07-20;3022;4280;321085;256071;57.3;45.7
72;2021-07-21;2867;3590;323952;259661;57.8;46.3
72;2021-07-22;3727;2886;327679;262547;58.5;46.9
73;2020-12-27;0;0;0;0;0.0;0.0
73;2020-12-28;0;0;0;0;0.0;0.0
73;2020-12-29;0;0;0;0;0.0;0.0
73;2020-12-30;0;0;0;0;0.0;0.0
73;2020-12-31;0;0;0;0;0.0;0.0
73;2021-01-01;0;0;0;0;0.0;0.0
73;2021-01-02;0;0;0;0;0.0;0.0
73;2021-01-03;0;0;0;0;0.0;0.0
73;2021-01-04;1;0;1;0;0.0;0.0
73;2021-01-05;0;0;1;0;0.0;0.0
73;2021-01-06;1;0;2;0;0.0;0.0
73;2021-01-07;30;0;32;0;0.0;0.0
73;2021-01-08;81;0;113;0;0.0;0.0
73;2021-01-09;0;0;113;0;0.0;0.0
73;2021-01-10;0;0;113;0;0.0;0.0
73;2021-01-11;85;0;198;0;0.0;0.0
73;2021-01-12;303;1;501;1;0.1;0.0
73;2021-01-13;356;1;857;2;0.2;0.0
73;2021-01-14;509;2;1366;4;0.3;0.0
73;2021-01-15;616;1;1982;5;0.5;0.0
73;2021-01-16;127;0;2109;5;0.5;0.0
73;2021-01-17;0;0;2109;5;0.5;0.0
73;2021-01-18;624;0;2733;5;0.6;0.0
73;2021-01-19;1236;3;3969;8;0.9;0.0
73;2021-01-20;951;1;4920;9;1.1;0.0
73;2021-01-21;980;5;5900;14;1.4;0.0
73;2021-01-22;943;0;6843;14;1.6;0.0
73;2021-01-23;387;0;7230;14;1.7;0.0
73;2021-01-24;0;0;7230;14;1.7;0.0
73;2021-01-25;655;5;7885;19;1.8;0.0
73;2021-01-26;760;2;8645;21;2.0;0.0
73;2021-01-27;1104;4;9749;25;2.3;0.0
73;2021-01-28;960;5;10709;30;2.5;0.0
73;2021-01-29;683;5;11392;35;2.6;0.0
73;2021-01-30;345;3;11737;38;2.7;0.0
73;2021-01-31;0;0;11737;38;2.7;0.0
73;2021-02-01;620;39;12357;77;2.9;0.0
73;2021-02-02;750;321;13107;398;3.0;0.1
73;2021-02-03;653;348;13760;746;3.2;0.2
73;2021-02-04;623;234;14383;980;3.3;0.2
73;2021-02-05;678;409;15061;1389;3.5;0.3
73;2021-02-06;261;38;15322;1427;3.5;0.3
73;2021-02-07;0;0;15322;1427;3.5;0.3
73;2021-02-08;520;254;15842;1681;3.7;0.4
73;2021-02-09;793;444;16635;2125;3.8;0.5
73;2021-02-10;890;396;17525;2521;4.1;0.6
73;2021-02-11;957;707;18482;3228;4.3;0.7
73;2021-02-12;810;494;19292;3722;4.5;0.9
73;2021-02-13;263;58;19555;3780;4.5;0.9
73;2021-02-14;1;0;19556;3780;4.5;0.9
73;2021-02-15;345;529;19901;4309;4.6;1.0
73;2021-02-16;453;742;20354;5051;4.7;1.2
73;2021-02-17;450;959;20804;6010;4.8;1.4
73;2021-02-18;468;554;21272;6564;4.9;1.5
73;2021-02-19;445;633;21717;7197;5.0;1.7
73;2021-02-20;70;249;21787;7446;5.0;1.7
73;2021-02-21;0;0;21787;7446;5.0;1.7
73;2021-02-22;240;438;22027;7884;5.1;1.8
73;2021-02-23;324;516;22351;8400;5.2;1.9
73;2021-02-24;485;747;22836;9147;5.3;2.1
73;2021-02-25;500;500;23336;9647;5.4;2.2
73;2021-02-26;730;565;24066;10212;5.6;2.4
73;2021-02-27;331;236;24397;10448;5.6;2.4
73;2021-02-28;1;1;24398;10449;5.6;2.4
73;2021-03-01;556;514;24954;10963;5.8;2.5
73;2021-03-02;665;891;25619;11854;5.9;2.7
73;2021-03-03;642;1192;26261;13046;6.1;3.0
73;2021-03-04;1030;892;27291;13938;6.3;3.2
73;2021-03-05;1234;604;28525;14542;6.6;3.4
73;2021-03-06;1092;327;29617;14869;6.8;3.4
73;2021-03-07;452;89;30069;14958;7.0;3.5
73;2021-03-08;606;424;30675;15382;7.1;3.6
73;2021-03-09;984;535;31659;15917;7.3;3.7
73;2021-03-10;1035;863;32694;16780;7.6;3.9
73;2021-03-11;1552;653;34246;17433;7.9;4.0
73;2021-03-12;2016;526;36262;17959;8.4;4.2
73;2021-03-13;1174;199;37436;18158;8.7;4.2
73;2021-03-14;65;3;37501;18161;8.7;4.2
73;2021-03-15;1180;386;38681;18547;8.9;4.3
73;2021-03-16;791;397;39472;18944;9.1;4.4
73;2021-03-17;875;474;40347;19418;9.3;4.5
73;2021-03-18;1348;253;41695;19671;9.6;4.5
73;2021-03-19;1764;383;43459;20054;10.0;4.6
73;2021-03-20;886;127;44345;20181;10.3;4.7
73;2021-03-21;123;2;44468;20183;10.3;4.7
73;2021-03-22;1181;389;45649;20572;10.6;4.8
73;2021-03-23;1443;224;47092;20796;10.9;4.8
73;2021-03-24;1591;341;48683;21137;11.3;4.9
73;2021-03-25;2055;376;50738;21513;11.7;5.0
73;2021-03-26;2471;352;53209;21865;12.3;5.1
73;2021-03-27;886;141;54095;22006;12.5;5.1
73;2021-03-28;309;10;54404;22016;12.6;5.1
73;2021-03-29;1506;231;55910;22247;12.9;5.1
73;2021-03-30;2082;472;57992;22719;13.4;5.3
73;2021-03-31;2089;382;60081;23101;13.9;5.3
73;2021-04-01;2080;326;62161;23427;14.4;5.4
73;2021-04-02;2342;208;64503;23635;14.9;5.5
73;2021-04-03;848;143;65351;23778;15.1;5.5
73;2021-04-04;187;15;65538;23793;15.2;5.5
73;2021-04-05;210;24;65748;23817;15.2;5.5
73;2021-04-06;1499;490;67247;24307;15.5;5.6
73;2021-04-07;1942;636;69189;24943;16.0;5.8
73;2021-04-08;2487;801;71676;25744;16.6;6.0
73;2021-04-09;3057;493;74733;26237;17.3;6.1
73;2021-04-10;1133;304;75866;26541;17.5;6.1
73;2021-04-11;163;8;76029;26549;17.6;6.1
73;2021-04-12;1698;970;77727;27519;18.0;6.4
73;2021-04-13;1889;1121;79616;28640;18.4;6.6
73;2021-04-14;2016;1079;81632;29719;18.9;6.9
73;2021-04-15;2413;1159;84045;30878;19.4;7.1
73;2021-04-16;1891;916;85936;31794;19.9;7.4
73;2021-04-17;1175;553;87111;32347;20.1;7.5
73;2021-04-18;155;75;87266;32422;20.2;7.5
73;2021-04-19;1378;1048;88644;33470;20.5;7.7
73;2021-04-20;1789;1302;90433;34772;20.9;8.0
73;2021-04-21;1574;1296;92007;36068;21.3;8.3
73;2021-04-22;1811;1218;93818;37286;21.7;8.6
73;2021-04-23;1888;1241;95706;38527;22.1;8.9
73;2021-04-24;980;668;96686;39195;22.4;9.1
73;2021-04-25;79;97;96765;39292;22.4;9.1
73;2021-04-26;1166;1317;97931;40609;22.6;9.4
73;2021-04-27;1442;1462;99373;42071;23.0;9.7
73;2021-04-28;1733;1457;101106;43528;23.4;10.1
73;2021-04-29;2411;1558;103517;45086;23.9;10.4
73;2021-04-30;2390;1431;105907;46517;24.5;10.8
73;2021-05-01;1067;304;106974;46821;24.7;10.8
73;2021-05-02;34;164;107008;46985;24.7;10.9
73;2021-05-03;1394;1590;108402;48575;25.1;11.2
73;2021-05-04;1708;1825;110110;50400;25.5;11.7
73;2021-05-05;1971;1684;112081;52084;25.9;12.0
73;2021-05-06;2428;1699;114509;53783;26.5;12.4
73;2021-05-07;2260;1848;116769;55631;27.0;12.9
73;2021-05-08;1836;375;118605;56006;27.4;12.9
73;2021-05-09;127;121;118732;56127;27.4;13.0
73;2021-05-10;1605;1884;120337;58011;27.8;13.4
73;2021-05-11;2379;2362;122716;60373;28.4;14.0
73;2021-05-12;3548;2083;126264;62456;29.2;14.4
73;2021-05-13;1554;272;127818;62728;29.6;14.5
73;2021-05-14;1585;1490;129403;64218;29.9;14.8
73;2021-05-15;1442;942;130845;65160;30.2;15.1
73;2021-05-16;131;62;130976;65222;30.3;15.1
73;2021-05-17;1705;1949;132681;67171;30.7;15.5
73;2021-05-18;2494;1732;135175;68903;31.3;15.9
73;2021-05-19;2540;1623;137715;70526;31.8;16.3
73;2021-05-20;3161;1501;140876;72027;32.6;16.7
73;2021-05-21;2472;1847;143348;73874;33.1;17.1
73;2021-05-22;1990;922;145338;74796;33.6;17.3
73;2021-05-23;211;14;145549;74810;33.6;17.3
73;2021-05-24;2563;329;148112;75139;34.2;17.4
73;2021-05-25;2137;1740;150249;76879;34.7;17.8
73;2021-05-26;2342;2000;152591;78879;35.3;18.2
73;2021-05-27;3080;1712;155671;80591;36.0;18.6
73;2021-05-28;2917;2372;158588;82963;36.7;19.2
73;2021-05-29;2317;1322;160905;84285;37.2;19.5
73;2021-05-30;185;14;161090;84299;37.2;19.5
73;2021-05-31;2410;1627;163500;85926;37.8;19.9
73;2021-06-01;3176;1788;166676;87714;38.5;20.3
73;2021-06-02;3089;1459;169765;89173;39.2;20.6
73;2021-06-03;4413;1742;174178;90915;40.3;21.0
73;2021-06-04;4269;2177;178447;93092;41.3;21.5
73;2021-06-05;3155;1278;181602;94370;42.0;21.8
73;2021-06-06;1880;297;183482;94667;42.4;21.9
73;2021-06-07;2750;2148;186232;96815;43.1;22.4
73;2021-06-08;2684;1875;188916;98690;43.7;22.8
73;2021-06-09;2354;1788;191270;100478;44.2;23.2
73;2021-06-10;1945;1651;193215;102129;44.7;23.6
73;2021-06-11;2160;2441;195375;104570;45.2;24.2
73;2021-06-12;2240;1330;197615;105900;45.7;24.5
73;2021-06-13;44;82;197659;105982;45.7;24.5
73;2021-06-14;1345;2930;199004;108912;46.0;25.2
73;2021-06-15;1586;2753;200590;111665;46.4;25.8
73;2021-06-16;1460;2569;202050;114234;46.7;26.4
73;2021-06-17;936;1728;202986;115962;46.9;26.8
73;2021-06-18;1860;2936;204846;118898;47.4;27.5
73;2021-06-19;1409;1990;206255;120888;47.7;27.9
73;2021-06-20;446;307;206701;121195;47.8;28.0
73;2021-06-21;1108;2940;207809;124135;48.0;28.7
73;2021-06-22;1081;2875;208890;127010;48.3;29.4
73;2021-06-23;1077;3136;209967;130146;48.5;30.1
73;2021-06-24;872;1794;210839;131940;48.7;30.5
73;2021-06-25;1250;2802;212089;134742;49.0;31.2
73;2021-06-26;935;2401;213024;137143;49.2;31.7
73;2021-06-27;317;548;213341;137691;49.3;31.8
73;2021-06-28;960;3564;214301;141255;49.5;32.7
73;2021-06-29;1063;3341;215364;144596;49.8;33.4
73;2021-06-30;1177;3126;216541;147722;50.1;34.2
73;2021-07-01;1127;2362;217668;150084;50.3;34.7
73;2021-07-02;1199;3623;218867;153707;50.6;35.5
73;2021-07-03;950;2795;219817;156502;50.8;36.2
73;2021-07-04;299;618;220116;157120;50.9;36.3
73;2021-07-05;1140;3685;221256;160805;51.2;37.2
73;2021-07-06;1231;2946;222487;163751;51.4;37.9
73;2021-07-07;1424;2952;223911;166703;51.8;38.5
73;2021-07-08;1360;2299;225271;169002;52.1;39.1
73;2021-07-09;1412;4021;226683;173023;52.4;40.0
73;2021-07-10;877;3012;227560;176035;52.6;40.7
73;2021-07-11;559;1469;228119;177504;52.7;41.0
73;2021-07-12;1051;4206;229170;181710;53.0;42.0
73;2021-07-13;1714;4226;230884;185936;53.4;43.0
73;2021-07-14;1833;1910;232717;187846;53.8;43.4
73;2021-07-15;2720;3795;235437;191641;54.4;44.3
73;2021-07-16;2391;4001;237828;195642;55.0;45.2
73;2021-07-17;1488;2597;239316;198239;55.3;45.8
73;2021-07-18;1175;1210;240491;199449;55.6;46.1
73;2021-07-19;2420;3229;242911;202678;56.2;46.9
73;2021-07-20;3341;2833;246252;205511;56.9;47.5
73;2021-07-21;3352;2749;249604;208260;57.7;48.1
73;2021-07-22;2635;2178;252239;210438;58.3;48.7
74;2020-12-27;1;0;1;0;0.0;0.0
74;2020-12-28;1;0;2;0;0.0;0.0
74;2020-12-29;0;0;2;0;0.0;0.0
74;2020-12-30;0;0;2;0;0.0;0.0
74;2020-12-31;0;0;2;0;0.0;0.0
74;2021-01-01;0;0;2;0;0.0;0.0
74;2021-01-02;1;1;3;1;0.0;0.0
74;2021-01-03;0;0;3;1;0.0;0.0
74;2021-01-04;0;0;3;1;0.0;0.0
74;2021-01-05;0;0;3;1;0.0;0.0
74;2021-01-06;43;0;46;1;0.0;0.0
74;2021-01-07;218;1;264;2;0.0;0.0
74;2021-01-08;291;0;555;2;0.1;0.0
74;2021-01-09;78;0;633;2;0.1;0.0
74;2021-01-10;73;0;706;2;0.1;0.0
74;2021-01-11;372;0;1078;2;0.1;0.0
74;2021-01-12;403;3;1481;5;0.2;0.0
74;2021-01-13;395;0;1876;5;0.2;0.0
74;2021-01-14;456;1;2332;6;0.3;0.0
74;2021-01-15;638;4;2970;10;0.4;0.0
74;2021-01-16;250;1;3220;11;0.4;0.0
74;2021-01-17;129;1;3349;12;0.4;0.0
74;2021-01-18;521;0;3870;12;0.5;0.0
74;2021-01-19;808;2;4678;14;0.6;0.0
74;2021-01-20;1274;4;5952;18;0.7;0.0
74;2021-01-21;1540;1;7492;19;0.9;0.0
74;2021-01-22;1210;6;8702;25;1.1;0.0
74;2021-01-23;342;1;9044;26;1.1;0.0
74;2021-01-24;89;0;9133;26;1.1;0.0
74;2021-01-25;795;2;9928;28;1.2;0.0
74;2021-01-26;1333;9;11261;37;1.4;0.0
74;2021-01-27;1071;10;12332;47;1.5;0.0
74;2021-01-28;984;30;13316;77;1.6;0.0
74;2021-01-29;873;42;14189;119;1.7;0.0
74;2021-01-30;303;1;14492;120;1.7;0.0
74;2021-01-31;84;0;14576;120;1.8;0.0
74;2021-02-01;620;44;15196;164;1.8;0.0
74;2021-02-02;639;155;15835;319;1.9;0.0
74;2021-02-03;600;123;16435;442;2.0;0.1
74;2021-02-04;610;135;17045;577;2.1;0.1
74;2021-02-05;542;227;17587;804;2.1;0.1
74;2021-02-06;266;140;17853;944;2.2;0.1
74;2021-02-07;93;127;17946;1071;2.2;0.1
74;2021-02-08;613;350;18559;1421;2.2;0.2
74;2021-02-09;535;534;19094;1955;2.3;0.2
74;2021-02-10;684;523;19778;2478;2.4;0.3
74;2021-02-11;1054;1018;20832;3496;2.5;0.4
74;2021-02-12;904;617;21736;4113;2.6;0.5
74;2021-02-13;398;239;22134;4352;2.7;0.5
74;2021-02-14;314;111;22448;4463;2.7;0.5
74;2021-02-15;275;856;22723;5319;2.7;0.6
74;2021-02-16;485;1070;23208;6389;2.8;0.8
74;2021-02-17;528;1112;23736;7501;2.9;0.9
74;2021-02-18;471;993;24207;8494;2.9;1.0
74;2021-02-19;616;655;24823;9149;3.0;1.1
74;2021-02-20;114;192;24937;9341;3.0;1.1
74;2021-02-21;46;62;24983;9403;3.0;1.1
74;2021-02-22;316;787;25299;10190;3.1;1.2
74;2021-02-23;300;825;25599;11015;3.1;1.3
74;2021-02-24;239;679;25838;11694;3.1;1.4
74;2021-02-25;517;749;26355;12443;3.2;1.5
74;2021-02-26;966;692;27321;13135;3.3;1.6
74;2021-02-27;253;186;27574;13321;3.3;1.6
74;2021-02-28;123;69;27697;13390;3.3;1.6
74;2021-03-01;718;625;28415;14015;3.4;1.7
74;2021-03-02;1086;668;29501;14683;3.6;1.8
74;2021-03-03;1009;630;30510;15313;3.7;1.8
74;2021-03-04;1602;1002;32112;16315;3.9;2.0
74;2021-03-05;2083;885;34195;17200;4.1;2.1
74;2021-03-06;1744;307;35939;17507;4.3;2.1
74;2021-03-07;1381;101;37320;17608;4.5;2.1
74;2021-03-08;1191;954;38511;18562;4.6;2.2
74;2021-03-09;1926;655;40437;19217;4.9;2.3
74;2021-03-10;1736;889;42173;20106;5.1;2.4
74;2021-03-11;2437;692;44610;20798;5.4;2.5
74;2021-03-12;3235;992;47845;21790;5.8;2.6
74;2021-03-13;1986;255;49831;22045;6.0;2.7
74;2021-03-14;604;99;50435;22144;6.1;2.7
74;2021-03-15;2113;537;52548;22681;6.3;2.7
74;2021-03-16;1946;389;54494;23070;6.6;2.8
74;2021-03-17;1965;299;56459;23369;6.8;2.8
74;2021-03-18;2124;300;58583;23669;7.1;2.9
74;2021-03-19;2617;283;61200;23952;7.4;2.9
74;2021-03-20;1372;85;62572;24037;7.6;2.9
74;2021-03-21;285;29;62857;24066;7.6;2.9
74;2021-03-22;2039;323;64896;24389;7.8;2.9
74;2021-03-23;2712;306;67608;24695;8.2;3.0
74;2021-03-24;2929;280;70537;24975;8.5;3.0
74;2021-03-25;3862;277;74399;25252;9.0;3.0
74;2021-03-26;4085;382;78484;25634;9.5;3.1
74;2021-03-27;1935;238;80419;25872;9.7;3.1
74;2021-03-28;436;75;80855;25947;9.8;3.1
74;2021-03-29;3026;694;83881;26641;10.1;3.2
74;2021-03-30;3535;732;87416;27373;10.6;3.3
74;2021-03-31;3131;705;90547;28078;10.9;3.4
74;2021-04-01;4203;839;94750;28917;11.4;3.5
74;2021-04-02;3679;754;98429;29671;11.9;3.6
74;2021-04-03;1690;521;100119;30192;12.1;3.6
74;2021-04-04;235;119;100354;30311;12.1;3.7
74;2021-04-05;431;14;100785;30325;12.2;3.7
74;2021-04-06;2616;1186;103401;31511;12.5;3.8
74;2021-04-07;3158;1203;106559;32714;12.9;3.9
74;2021-04-08;3849;1153;110408;33867;13.3;4.1
74;2021-04-09;4083;1141;114491;35008;13.8;4.2
74;2021-04-10;1939;1020;116430;36028;14.1;4.3
74;2021-04-11;251;183;116681;36211;14.1;4.4
74;2021-04-12;2703;1754;119384;37965;14.4;4.6
74;2021-04-13;3098;2065;122482;40030;14.8;4.8
74;2021-04-14;2883;1929;125365;41959;15.1;5.1
74;2021-04-15;3411;1850;128776;43809;15.5;5.3
74;2021-04-16;3368;1713;132144;45522;16.0;5.5
74;2021-04-17;1926;1023;134070;46545;16.2;5.6
74;2021-04-18;216;203;134286;46748;16.2;5.6
74;2021-04-19;2093;2070;136379;48818;16.5;5.9
74;2021-04-20;3056;2398;139435;51216;16.8;6.2
74;2021-04-21;2455;2363;141890;53579;17.1;6.5
74;2021-04-22;2620;2293;144510;55872;17.4;6.7
74;2021-04-23;2550;2227;147060;58099;17.8;7.0
74;2021-04-24;1483;1528;148543;59627;17.9;7.2
74;2021-04-25;222;148;148765;59775;18.0;7.2
74;2021-04-26;2385;2436;151150;62211;18.2;7.5
74;2021-04-27;3254;2874;154404;65085;18.6;7.9
74;2021-04-28;3453;2598;157857;67683;19.1;8.2
74;2021-04-29;3907;2634;161764;70317;19.5;8.5
74;2021-04-30;4071;2175;165835;72492;20.0;8.8
74;2021-05-01;2114;351;167949;72843;20.3;8.8
74;2021-05-02;204;234;168153;73077;20.3;8.8
74;2021-05-03;2594;2980;170747;76057;20.6;9.2
74;2021-05-04;3219;3064;173966;79121;21.0;9.6
74;2021-05-05;3396;2990;177362;82111;21.4;9.9
74;2021-05-06;3849;2595;181211;84706;21.9;10.2
74;2021-05-07;3596;3517;184807;88223;22.3;10.6
74;2021-05-08;1151;818;185958;89041;22.4;10.7
74;2021-05-09;191;248;186149;89289;22.5;10.8
74;2021-05-10;3470;3124;189619;92413;22.9;11.2
74;2021-05-11;4314;3417;193933;95830;23.4;11.6
74;2021-05-12;5289;2949;199222;98779;24.0;11.9
74;2021-05-13;2354;941;201576;99720;24.3;12.0
74;2021-05-14;5939;2375;207515;102095;25.0;12.3
74;2021-05-15;4510;1845;212025;103940;25.6;12.5
74;2021-05-16;2999;328;215024;104268;26.0;12.6
74;2021-05-17;5392;2858;220416;107126;26.6;12.9
74;2021-05-18;6767;2782;227183;109908;27.4;13.3
74;2021-05-19;6219;2283;233402;112191;28.2;13.5
74;2021-05-20;6631;2523;240033;114714;29.0;13.8
74;2021-05-21;6519;2972;246552;117686;29.8;14.2
74;2021-05-22;5288;1561;251840;119247;30.4;14.4
74;2021-05-23;2049;280;253889;119527;30.6;14.4
74;2021-05-24;2356;656;256245;120183;30.9;14.5
74;2021-05-25;5064;3321;261309;123504;31.5;14.9
74;2021-05-26;5239;2551;266548;126055;32.2;15.2
74;2021-05-27;5992;2979;272540;129034;32.9;15.6
74;2021-05-28;5660;3575;278200;132609;33.6;16.0
74;2021-05-29;3790;2141;281990;134750;34.0;16.3
74;2021-05-30;484;306;282474;135056;34.1;16.3
74;2021-05-31;5063;3547;287537;138603;34.7;16.7
74;2021-06-01;4915;3714;292452;142317;35.3;17.2
74;2021-06-02;5252;3191;297704;145508;35.9;17.6
74;2021-06-03;6883;3243;304587;148751;36.8;18.0
74;2021-06-04;6891;4417;311478;153168;37.6;18.5
74;2021-06-05;4606;2709;316084;155877;38.2;18.8
74;2021-06-06;122;113;316206;155990;38.2;18.8
74;2021-06-07;5020;4139;321226;160129;38.8;19.3
74;2021-06-08;5010;3941;326236;164070;39.4;19.8
74;2021-06-09;5057;3481;331293;167551;40.0;20.2
74;2021-06-10;5098;2859;336391;170410;40.6;20.6
74;2021-06-11;5195;3790;341586;174200;41.2;21.0
74;2021-06-12;3552;2376;345138;176576;41.7;21.3
74;2021-06-13;118;88;345256;176664;41.7;21.3
74;2021-06-14;3572;4484;348828;181148;42.1;21.9
74;2021-06-15;3649;3893;352477;185041;42.5;22.3
74;2021-06-16;4784;3116;357261;188157;43.1;22.7
74;2021-06-17;3790;2944;361051;191101;43.6;23.1
74;2021-06-18;4075;4659;365126;195760;44.1;23.6
74;2021-06-19;2973;3101;368099;198861;44.4;24.0
74;2021-06-20;121;97;368220;198958;44.4;24.0
74;2021-06-21;2365;5426;370585;204384;44.7;24.7
74;2021-06-22;2462;5314;373047;209698;45.0;25.3
74;2021-06-23;2920;4616;375967;214314;45.4;25.9
74;2021-06-24;2820;4625;378787;218939;45.7;26.4
74;2021-06-25;2892;6769;381679;225708;46.1;27.2
74;2021-06-26;1681;5397;383360;231105;46.3;27.9
74;2021-06-27;60;1665;383420;232770;46.3;28.1
74;2021-06-28;1896;7227;385316;239997;46.5;29.0
74;2021-06-29;2282;7421;387598;247418;46.8;29.9
74;2021-06-30;2698;6542;390296;253960;47.1;30.7
74;2021-07-01;2976;5392;393272;259352;47.5;31.3
74;2021-07-02;2966;6628;396238;265980;47.8;32.1
74;2021-07-03;1683;5080;397921;271060;48.0;32.7
74;2021-07-04;75;1021;397996;272081;48.0;32.8
74;2021-07-05;2018;6838;400014;278919;48.3;33.7
74;2021-07-06;2536;6487;402550;285406;48.6;34.5
74;2021-07-07;2908;5438;405458;290844;48.9;35.1
74;2021-07-08;3737;4892;409195;295736;49.4;35.7
74;2021-07-09;2576;6956;411771;302692;49.7;36.5
74;2021-07-10;1590;5122;413361;307814;49.9;37.2
74;2021-07-11;70;141;413431;307955;49.9;37.2
74;2021-07-12;2039;7892;415470;315847;50.2;38.1
74;2021-07-13;3913;7558;419383;323405;50.6;39.0
74;2021-07-14;1951;2226;421334;325631;50.9;39.3
74;2021-07-15;3543;6834;424877;332465;51.3;40.1
74;2021-07-16;4140;7721;429017;340186;51.8;41.1
74;2021-07-17;2816;5295;431833;345481;52.1;41.7
74;2021-07-18;149;157;431982;345638;52.1;41.7
74;2021-07-19;4229;7309;436211;352947;52.7;42.6
74;2021-07-20;5732;6413;441943;359360;53.3;43.4
74;2021-07-21;5475;6620;447418;365980;54.0;44.2
74;2021-07-22;4658;5276;452076;371256;54.6;44.8
75;2020-12-27;9;1;9;1;0.0;0.0
75;2020-12-28;10;0;19;1;0.0;0.0
75;2020-12-29;6;0;25;1;0.0;0.0
75;2020-12-30;33;0;58;1;0.0;0.0
75;2020-12-31;22;0;80;1;0.0;0.0
75;2021-01-01;17;0;97;1;0.0;0.0
75;2021-01-02;51;1;148;2;0.0;0.0
75;2021-01-03;78;0;226;2;0.0;0.0
75;2021-01-04;274;1;500;3;0.0;0.0
75;2021-01-05;845;13;1345;16;0.1;0.0
75;2021-01-06;1333;15;2678;31;0.1;0.0
75;2021-01-07;2051;17;4729;48;0.2;0.0
75;2021-01-08;2846;30;7575;78;0.4;0.0
75;2021-01-09;1081;2;8656;80;0.4;0.0
75;2021-01-10;1090;5;9746;85;0.5;0.0
75;2021-01-11;3053;44;12799;129;0.6;0.0
75;2021-01-12;3451;53;16250;182;0.8;0.0
75;2021-01-13;3526;45;19776;227;0.9;0.0
75;2021-01-14;3573;59;23349;286;1.1;0.0
75;2021-01-15;3271;44;26620;330;1.2;0.0
75;2021-01-16;1112;16;27732;346;1.3;0.0
75;2021-01-17;526;14;28258;360;1.3;0.0
75;2021-01-18;3221;77;31479;437;1.5;0.0
75;2021-01-19;3821;50;35300;487;1.6;0.0
75;2021-01-20;4351;70;39651;557;1.8;0.0
75;2021-01-21;4850;78;44501;635;2.1;0.0
75;2021-01-22;4528;83;49029;718;2.3;0.0
75;2021-01-23;1726;16;50755;734;2.4;0.0
75;2021-01-24;721;6;51476;740;2.4;0.0
75;2021-01-25;1666;24;53142;764;2.5;0.0
75;2021-01-26;2514;86;55656;850;2.6;0.0
75;2021-01-27;3061;157;58717;1007;2.7;0.0
75;2021-01-28;4723;250;63440;1257;3.0;0.1
75;2021-01-29;4001;263;67441;1520;3.1;0.1
75;2021-01-30;1338;33;68779;1553;3.2;0.1
75;2021-01-31;188;3;68967;1556;3.2;0.1
75;2021-02-01;1589;381;70556;1937;3.3;0.1
75;2021-02-02;2106;650;72662;2587;3.4;0.1
75;2021-02-03;1850;686;74512;3273;3.5;0.2
75;2021-02-04;2099;1131;76611;4404;3.6;0.2
75;2021-02-05;2168;873;78779;5277;3.7;0.2
75;2021-02-06;1056;92;79835;5369;3.7;0.2
75;2021-02-07;157;6;79992;5375;3.7;0.3
75;2021-02-08;1220;1473;81212;6848;3.8;0.3
75;2021-02-09;1725;2384;82937;9232;3.9;0.4
75;2021-02-10;2369;2396;85306;11628;4.0;0.5
75;2021-02-11;2893;6476;88199;18104;4.1;0.8
75;2021-02-12;3073;2425;91272;20529;4.2;1.0
75;2021-02-13;826;1063;92098;21592;4.3;1.0
75;2021-02-14;182;42;92280;21634;4.3;1.0
75;2021-02-15;969;2481;93249;24115;4.3;1.1
75;2021-02-16;1413;6574;94662;30689;4.4;1.4
75;2021-02-17;1286;3240;95948;33929;4.5;1.6
75;2021-02-18;1722;5877;97670;39806;4.5;1.9
75;2021-02-19;2179;4150;99849;43956;4.6;2.0
75;2021-02-20;461;1695;100310;45651;4.7;2.1
75;2021-02-21;175;158;100485;45809;4.7;2.1
75;2021-02-22;1185;1934;101670;47743;4.7;2.2
75;2021-02-23;1407;2729;103077;50472;4.8;2.3
75;2021-02-24;1615;2341;104692;52813;4.9;2.5
75;2021-02-25;2714;5351;107406;58164;5.0;2.7
75;2021-02-26;3311;2731;110717;60895;5.2;2.8
75;2021-02-27;1372;935;112089;61830;5.2;2.9
75;2021-02-28;299;142;112388;61972;5.2;2.9
75;2021-03-01;2529;1675;114917;63647;5.3;3.0
75;2021-03-02;4106;2186;119023;65833;5.5;3.1
75;2021-03-03;5352;2322;124375;68155;5.8;3.2
75;2021-03-04;7931;2564;132306;70719;6.2;3.3
75;2021-03-05;10452;2716;142758;73435;6.6;3.4
75;2021-03-06;10998;1026;153756;74461;7.2;3.5
75;2021-03-07;9443;1491;163199;75952;7.6;3.5
75;2021-03-08;5824;1548;169023;77500;7.9;3.6
75;2021-03-09;7434;2095;176457;79595;8.2;3.7
75;2021-03-10;7399;2083;183856;81678;8.6;3.8
75;2021-03-11;10233;2478;194089;84156;9.0;3.9
75;2021-03-12;11964;2476;206053;86632;9.6;4.0
75;2021-03-13;8496;728;214549;87360;10.0;4.1
75;2021-03-14;4131;219;218680;87579;10.2;4.1
75;2021-03-15;7367;945;226047;88524;10.5;4.1
75;2021-03-16;5068;665;231115;89189;10.8;4.2
75;2021-03-17;5346;818;236461;90007;11.0;4.2
75;2021-03-18;6512;841;242973;90848;11.3;4.2
75;2021-03-19;9640;954;252613;91802;11.8;4.3
75;2021-03-20;5862;587;258475;92389;12.0;4.3
75;2021-03-21;1534;430;260009;92819;12.1;4.3
75;2021-03-22;8516;991;268525;93810;12.5;4.4
75;2021-03-23;10847;1211;279372;95021;13.0;4.4
75;2021-03-24;10861;1284;290233;96305;13.5;4.5
75;2021-03-25;14096;1453;304329;97758;14.2;4.6
75;2021-03-26;13860;1645;318189;99403;14.8;4.6
75;2021-03-27;7211;765;325400;100168;15.1;4.7
75;2021-03-28;1724;145;327124;100313;15.2;4.7
75;2021-03-29;7862;2214;334986;102527;15.6;4.8
75;2021-03-30;10806;3210;345792;105737;16.1;4.9
75;2021-03-31;9624;3587;355416;109324;16.5;5.1
75;2021-04-01;10573;5178;365989;114502;17.0;5.3
75;2021-04-02;8958;5553;374947;120055;17.5;5.6
75;2021-04-03;4064;4877;379011;124932;17.6;5.8
75;2021-04-04;1379;1500;380390;126432;17.7;5.9
75;2021-04-05;2181;1434;382571;127866;17.8;6.0
75;2021-04-06;6792;4297;389363;132163;18.1;6.2
75;2021-04-07;7978;4410;397341;136573;18.5;6.4
75;2021-04-08;10960;4139;408301;140712;19.0;6.6
75;2021-04-09;12089;4564;420390;145276;19.6;6.8
75;2021-04-10;5776;4271;426166;149547;19.8;7.0
75;2021-04-11;1886;1791;428052;151338;19.9;7.0
75;2021-04-12;7395;3767;435447;155105;20.3;7.2
75;2021-04-13;8477;6873;443924;161978;20.7;7.5
75;2021-04-14;8200;5215;452124;167193;21.0;7.8
75;2021-04-15;8803;6130;460927;173323;21.5;8.1
75;2021-04-16;9272;6106;470199;179429;21.9;8.4
75;2021-04-17;4779;3646;474978;183075;22.1;8.5
75;2021-04-18;1629;874;476607;183949;22.2;8.6
75;2021-04-19;5502;4933;482109;188882;22.4;8.8
75;2021-04-20;6397;5939;488506;194821;22.7;9.1
75;2021-04-21;6782;5567;495288;200388;23.1;9.3
75;2021-04-22;7456;5901;502744;206289;23.4;9.6
75;2021-04-23;8255;6077;510999;212366;23.8;9.9
75;2021-04-24;6120;3335;517119;215701;24.1;10.0
75;2021-04-25;2932;751;520051;216452;24.2;10.1
75;2021-04-26;6964;4710;527015;221162;24.5;10.3
75;2021-04-27;10528;6392;537543;227554;25.0;10.6
75;2021-04-28;12134;6008;549677;233562;25.6;10.9
75;2021-04-29;13693;6290;563370;239852;26.2;11.2
75;2021-04-30;13600;6156;576970;246008;26.9;11.5
75;2021-05-01;5045;1320;582015;247328;27.1;11.5
75;2021-05-02;2358;785;584373;248113;27.2;11.5
75;2021-05-03;10218;13558;594591;261671;27.7;12.2
75;2021-05-04;11106;8068;605697;269739;28.2;12.6
75;2021-05-05;13470;6693;619167;276432;28.8;12.9
75;2021-05-06;13926;8174;633093;284606;29.5;13.2
75;2021-05-07;13910;8568;647003;293174;30.1;13.6
75;2021-05-08;10017;5523;657020;298697;30.6;13.9
75;2021-05-09;3780;3201;660800;301898;30.8;14.1
75;2021-05-10;14246;6716;675046;308614;31.4;14.4
75;2021-05-11;16780;8418;691826;317032;32.2;14.8
75;2021-05-12;17874;8138;709700;325170;33.0;15.1
75;2021-05-13;13560;2486;723260;327656;33.7;15.3
75;2021-05-14;18310;5122;741570;332778;34.5;15.5
75;2021-05-15;12245;2630;753815;335408;35.1;15.6
75;2021-05-16;3823;762;757638;336170;35.3;15.6
75;2021-05-17;15917;4637;773555;340807;36.0;15.9
75;2021-05-18;19071;5317;792626;346124;36.9;16.1
75;2021-05-19;20646;10721;813272;356845;37.9;16.6
75;2021-05-20;21499;8652;834771;365497;38.9;17.0
75;2021-05-21;20957;6530;855728;372027;39.8;17.3
75;2021-05-22;15894;3303;871622;375330;40.6;17.5
75;2021-05-23;5589;1339;877211;376669;40.8;17.5
75;2021-05-24;15602;2560;892813;379229;41.6;17.7
75;2021-05-25;17951;9610;910764;388839;42.4;18.1
75;2021-05-26;18789;8182;929553;397021;43.3;18.5
75;2021-05-27;20081;9808;949634;406829;44.2;18.9
75;2021-05-28;19294;10855;968928;417684;45.1;19.4
75;2021-05-29;16074;5825;985002;423509;45.9;19.7
75;2021-05-30;7004;2135;992006;425644;46.2;19.8
75;2021-05-31;18053;9454;1010059;435098;47.0;20.3
75;2021-06-01;18461;12977;1028520;448075;47.9;20.9
75;2021-06-02;18021;10277;1046541;458352;48.7;21.3
75;2021-06-03;20100;11947;1066641;470299;49.7;21.9
75;2021-06-04;17913;12864;1084554;483163;50.5;22.5
75;2021-06-05;11911;9617;1096465;492780;51.0;22.9
75;2021-06-06;6671;3156;1103136;495936;51.3;23.1
75;2021-06-07;13817;11825;1116953;507761;52.0;23.6
75;2021-06-08;14703;13949;1131656;521710;52.7;24.3
75;2021-06-09;16371;15229;1148027;536939;53.4;25.0
75;2021-06-10;18172;26314;1166199;563253;54.3;26.2
75;2021-06-11;15084;16439;1181283;579692;55.0;27.0
75;2021-06-12;13207;9985;1194490;589677;55.6;27.4
75;2021-06-13;6224;3784;1200714;593461;55.9;27.6
75;2021-06-14;11709;15420;1212423;608881;56.4;28.3
75;2021-06-15;12385;19520;1224808;628401;57.0;29.3
75;2021-06-16;11978;17191;1236786;645592;57.6;30.1
75;2021-06-17;12487;17647;1249273;663239;58.2;30.9
75;2021-06-18;9913;22586;1259186;685825;58.6;31.9
75;2021-06-19;7417;11829;1266603;697654;59.0;32.5
75;2021-06-20;2780;5492;1269383;703146;59.1;32.7
75;2021-06-21;8304;16323;1277687;719469;59.5;33.5
75;2021-06-22;8623;21800;1286310;741269;59.9;34.5
75;2021-06-23;10049;21407;1296359;762676;60.3;35.5
75;2021-06-24;11129;20596;1307488;783272;60.9;36.5
75;2021-06-25;9207;24689;1316695;807961;61.3;37.6
75;2021-06-26;7856;15415;1324551;823376;61.7;38.3
75;2021-06-27;2656;6328;1327207;829704;61.8;38.6
75;2021-06-28;8281;20118;1335488;849822;62.2;39.6
75;2021-06-29;9119;23834;1344607;873656;62.6;40.7
75;2021-06-30;9773;23581;1354380;897237;63.0;41.8
75;2021-07-01;10776;23384;1365156;920621;63.5;42.9
75;2021-07-02;10062;24707;1375218;945328;64.0;44.0
75;2021-07-03;7641;19798;1382859;965126;64.4;44.9
75;2021-07-04;3805;9552;1386664;974678;64.5;45.4
75;2021-07-05;8669;21517;1395333;996195;65.0;46.4
75;2021-07-06;9701;23979;1405034;1020174;65.4;47.5
75;2021-07-07;9669;25047;1414703;1045221;65.9;48.7
75;2021-07-08;10292;24971;1424995;1070192;66.3;49.8
75;2021-07-09;10175;23971;1435170;1094163;66.8;50.9
75;2021-07-10;7771;18498;1442941;1112661;67.2;51.8
75;2021-07-11;4301;8528;1447242;1121189;67.4;52.2
75;2021-07-12;9097;23007;1456339;1144196;67.8;53.3
75;2021-07-13;13931;24708;1470270;1168904;68.4;54.4
75;2021-07-14;8047;9660;1478317;1178564;68.8;54.9
75;2021-07-15;14831;25542;1493148;1204106;69.5;56.1
75;2021-07-16;15124;21978;1508272;1226084;70.2;57.1
75;2021-07-17;11362;16798;1519634;1242882;70.7;57.9
75;2021-07-18;6182;6779;1525816;1249661;71.0;58.2
75;2021-07-19;13859;21136;1539675;1270797;71.7;59.2
75;2021-07-20;15567;21701;1555242;1292498;72.4;60.2
75;2021-07-21;15064;20473;1570306;1312971;73.1;61.1
75;2021-07-22;16130;19727;1586436;1332698;73.8;62.0
76;2020-12-27;0;0;0;0;0.0;0.0
76;2020-12-28;0;0;0;0;0.0;0.0
76;2020-12-29;0;0;0;0;0.0;0.0
76;2020-12-30;0;0;0;0;0.0;0.0
76;2020-12-31;0;0;0;0;0.0;0.0
76;2021-01-01;0;0;0;0;0.0;0.0
76;2021-01-02;0;0;0;0;0.0;0.0
76;2021-01-03;0;0;0;0;0.0;0.0
76;2021-01-04;17;0;17;0;0.0;0.0
76;2021-01-05;138;0;155;0;0.0;0.0
76;2021-01-06;682;2;837;2;0.1;0.0
76;2021-01-07;1355;6;2192;8;0.2;0.0
76;2021-01-08;1535;0;3727;8;0.3;0.0
76;2021-01-09;736;1;4463;9;0.4;0.0
76;2021-01-10;492;1;4955;10;0.4;0.0
76;2021-01-11;1358;2;6313;12;0.5;0.0
76;2021-01-12;1357;1;7670;13;0.6;0.0
76;2021-01-13;1188;4;8858;17;0.7;0.0
76;2021-01-14;2168;20;11026;37;0.9;0.0
76;2021-01-15;1909;4;12935;41;1.0;0.0
76;2021-01-16;985;3;13920;44;1.1;0.0
76;2021-01-17;2897;19;16817;63;1.4;0.0
76;2021-01-18;4384;13;21201;76;1.7;0.0
76;2021-01-19;3013;7;24214;83;1.9;0.0
76;2021-01-20;2066;8;26280;91;2.1;0.0
76;2021-01-21;1773;4;28053;95;2.3;0.0
76;2021-01-22;1703;4;29756;99;2.4;0.0
76;2021-01-23;449;1;30205;100;2.4;0.0
76;2021-01-24;99;0;30304;100;2.4;0.0
76;2021-01-25;1473;140;31777;240;2.6;0.0
76;2021-01-26;1388;335;33165;575;2.7;0.0
76;2021-01-27;1340;432;34505;1007;2.8;0.1
76;2021-01-28;1282;384;35787;1391;2.9;0.1
76;2021-01-29;1151;462;36938;1853;3.0;0.1
76;2021-01-30;283;304;37221;2157;3.0;0.2
76;2021-01-31;4;99;37225;2256;3.0;0.2
76;2021-02-01;837;817;38062;3073;3.1;0.2
76;2021-02-02;1056;1018;39118;4091;3.1;0.3
76;2021-02-03;915;1002;40033;5093;3.2;0.4
76;2021-02-04;975;1457;41008;6550;3.3;0.5
76;2021-02-05;973;1106;41981;7656;3.4;0.6
76;2021-02-06;258;878;42239;8534;3.4;0.7
76;2021-02-07;467;1659;42706;10193;3.4;0.8
76;2021-02-08;1924;3731;44630;13924;3.6;1.1
76;2021-02-09;1755;2990;46385;16914;3.7;1.4
76;2021-02-10;1488;1816;47873;18730;3.8;1.5
76;2021-02-11;1675;1527;49548;20257;4.0;1.6
76;2021-02-12;1709;1575;51257;21832;4.1;1.8
76;2021-02-13;230;336;51487;22168;4.1;1.8
76;2021-02-14;9;82;51496;22250;4.1;1.8
76;2021-02-15;553;1725;52049;23975;4.2;1.9
76;2021-02-16;741;1638;52790;25613;4.2;2.1
76;2021-02-17;624;1456;53414;27069;4.3;2.2
76;2021-02-18;778;1383;54192;28452;4.4;2.3
76;2021-02-19;868;1344;55060;29796;4.4;2.4
76;2021-02-20;269;292;55329;30088;4.4;2.4
76;2021-02-21;0;0;55329;30088;4.4;2.4
76;2021-02-22;371;1312;55700;31400;4.5;2.5
76;2021-02-23;574;1241;56274;32641;4.5;2.6
76;2021-02-24;597;1203;56871;33844;4.6;2.7
76;2021-02-25;1665;1255;58536;35099;4.7;2.8
76;2021-02-26;2170;1043;60706;36142;4.9;2.9
76;2021-02-27;1108;268;61814;36410;5.0;2.9
76;2021-02-28;27;197;61841;36607;5.0;2.9
76;2021-03-01;823;2108;62664;38715;5.0;3.1
76;2021-03-02;1375;1713;64039;40428;5.1;3.3
76;2021-03-03;1935;1388;65974;41816;5.3;3.4
76;2021-03-04;2807;1090;68781;42906;5.5;3.4
76;2021-03-05;4172;783;72953;43689;5.9;3.5
76;2021-03-06;3360;145;76313;43834;6.1;3.5
76;2021-03-07;1257;27;77570;43861;6.2;3.5
76;2021-03-08;2096;1243;79666;45104;6.4;3.6
76;2021-03-09;3569;1150;83235;46254;6.7;3.7
76;2021-03-10;3589;1044;86824;47298;7.0;3.8
76;2021-03-11;5626;910;92450;48208;7.4;3.9
76;2021-03-12;6822;560;99272;48768;8.0;3.9
76;2021-03-13;4637;118;103909;48886;8.4;3.9
76;2021-03-14;1069;20;104978;48906;8.4;3.9
76;2021-03-15;2914;218;107892;49124;8.7;3.9
76;2021-03-16;2551;393;110443;49517;8.9;4.0
76;2021-03-17;2694;299;113137;49816;9.1;4.0
76;2021-03-18;2995;298;116132;50114;9.3;4.0
76;2021-03-19;4392;405;120524;50519;9.7;4.1
76;2021-03-20;3972;257;124496;50776;10.0;4.1
76;2021-03-21;837;10;125333;50786;10.1;4.1
76;2021-03-22;3984;335;129317;51121;10.4;4.1
76;2021-03-23;5706;325;135023;51446;10.9;4.1
76;2021-03-24;5669;367;140692;51813;11.3;4.2
76;2021-03-25;7507;534;148199;52347;11.9;4.2
76;2021-03-26;8713;549;156912;52896;12.6;4.3
76;2021-03-27;4808;354;161720;53250;13.0;4.3
76;2021-03-28;1020;23;162740;53273;13.1;4.3
76;2021-03-29;5390;795;168130;54068;13.5;4.3
76;2021-03-30;6580;1019;174710;55087;14.0;4.4
76;2021-03-31;6447;1231;181157;56318;14.6;4.5
76;2021-04-01;6774;2017;187931;58335;15.1;4.7
76;2021-04-02;6483;2632;194414;60967;15.6;4.9
76;2021-04-03;2439;1069;196853;62036;15.8;5.0
76;2021-04-04;263;11;197116;62047;15.8;5.0
76;2021-04-05;866;376;197982;62423;15.9;5.0
76;2021-04-06;3554;2773;201536;65196;16.2;5.2
76;2021-04-07;4416;2387;205952;67583;16.6;5.4
76;2021-04-08;5839;2778;211791;70361;17.0;5.7
76;2021-04-09;8798;3053;220589;73414;17.7;5.9
76;2021-04-10;4868;1389;225457;74803;18.1;6.0
76;2021-04-11;813;523;226270;75326;18.2;6.1
76;2021-04-12;4725;2844;230995;78170;18.6;6.3
76;2021-04-13;5917;2863;236912;81033;19.0;6.5
76;2021-04-14;4804;3132;241716;84165;19.4;6.8
76;2021-04-15;5559;3354;247275;87519;19.9;7.0
76;2021-04-16;7350;3432;254625;90951;20.5;7.3
76;2021-04-17;4384;1423;259009;92374;20.8;7.4
76;2021-04-18;339;140;259348;92514;20.9;7.4
76;2021-04-19;3472;3765;262820;96279;21.1;7.7
76;2021-04-20;4338;4278;267158;100557;21.5;8.1
76;2021-04-21;4178;4664;271336;105221;21.8;8.5
76;2021-04-22;4556;5422;275892;110643;22.2;8.9
76;2021-04-23;5432;5908;281324;116551;22.6;9.4
76;2021-04-24;4163;2172;285487;118723;23.0;9.5
76;2021-04-25;889;264;286376;118987;23.0;9.6
76;2021-04-26;4476;4466;290852;123453;23.4;9.9
76;2021-04-27;4993;4992;295845;128445;23.8;10.3
76;2021-04-28;5343;4153;301188;132598;24.2;10.7
76;2021-04-29;6926;4155;308114;136753;24.8;11.0
76;2021-04-30;8213;4625;316327;141378;25.4;11.4
76;2021-05-01;4827;1001;321154;142379;25.8;11.4
76;2021-05-02;1842;249;322996;142628;26.0;11.5
76;2021-05-03;4701;3315;327697;145943;26.3;11.7
76;2021-05-04;4816;4555;332513;150498;26.7;12.1
76;2021-05-05;4784;5151;337297;155649;27.1;12.5
76;2021-05-06;5918;5572;343215;161221;27.6;13.0
76;2021-05-07;6137;6753;349352;167974;28.1;13.5
76;2021-05-08;5052;890;354404;168864;28.5;13.6
76;2021-05-09;2534;234;356938;169098;28.7;13.6
76;2021-05-10;4946;5043;361884;174141;29.1;14.0
76;2021-05-11;6516;5666;368400;179807;29.6;14.5
76;2021-05-12;6263;5059;374663;184866;30.1;14.9
76;2021-05-13;8843;1268;383506;186134;30.8;15.0
76;2021-05-14;10407;4668;393913;190802;31.7;15.3
76;2021-05-15;9118;2444;403031;193246;32.4;15.5
76;2021-05-16;6233;473;409264;193719;32.9;15.6
76;2021-05-17;7213;3261;416477;196980;33.5;15.8
76;2021-05-18;8280;2794;424757;199774;34.2;16.1
76;2021-05-19;8356;3171;433113;202945;34.8;16.3
76;2021-05-20;9495;3370;442608;206315;35.6;16.6
76;2021-05-21;8124;4073;450732;210388;36.2;16.9
76;2021-05-22;7158;2347;457890;212735;36.8;17.1
76;2021-05-23;6389;395;464279;213130;37.3;17.1
76;2021-05-24;6780;1524;471059;214654;37.9;17.3
76;2021-05-25;7796;4078;478855;218732;38.5;17.6
76;2021-05-26;7232;3597;486087;222329;39.1;17.9
76;2021-05-27;8209;4694;494296;227023;39.7;18.3
76;2021-05-28;8218;6567;502514;233590;40.4;18.8
76;2021-05-29;6221;3517;508735;237107;40.9;19.1
76;2021-05-30;3146;427;511881;237534;41.2;19.1
76;2021-05-31;8162;3967;520043;241501;41.8;19.4
76;2021-06-01;9185;5019;529228;246520;42.5;19.8
76;2021-06-02;7873;4431;537101;250951;43.2;20.2
76;2021-06-03;9455;5390;546556;256341;43.9;20.6
76;2021-06-04;9059;6661;555615;263002;44.7;21.1
76;2021-06-05;6275;3806;561890;266808;45.2;21.5
76;2021-06-06;2545;649;564435;267457;45.4;21.5
76;2021-06-07;6904;5445;571339;272902;45.9;21.9
76;2021-06-08;8581;6277;579920;279179;46.6;22.4
76;2021-06-09;7123;6077;587043;285256;47.2;22.9
76;2021-06-10;7851;6553;594894;291809;47.8;23.5
76;2021-06-11;7398;8212;602292;300021;48.4;24.1
76;2021-06-12;7157;5862;609449;305883;49.0;24.6
76;2021-06-13;2956;1289;612405;307172;49.2;24.7
76;2021-06-14;6054;6693;618459;313865;49.7;25.2
76;2021-06-15;6082;7444;624541;321309;50.2;25.8
76;2021-06-16;6606;7464;631147;328773;50.7;26.4
76;2021-06-17;6964;7743;638111;336516;51.3;27.1
76;2021-06-18;7654;9220;645765;345736;51.9;27.8
76;2021-06-19;5974;6257;651739;351993;52.4;28.3
76;2021-06-20;2801;1806;654540;353799;52.6;28.4
76;2021-06-21;5185;8151;659725;361950;53.0;29.1
76;2021-06-22;4801;9868;664526;371818;53.4;29.9
76;2021-06-23;4586;9419;669112;381237;53.8;30.7
76;2021-06-24;4678;9911;673790;391148;54.2;31.4
76;2021-06-25;4917;11565;678707;402713;54.6;32.4
76;2021-06-26;3442;7874;682149;410587;54.8;33.0
76;2021-06-27;1360;5165;683509;415752;55.0;33.4
76;2021-06-28;3552;9937;687061;425689;55.2;34.2
76;2021-06-29;3827;10231;690888;435920;55.5;35.0
76;2021-06-30;4206;9848;695094;445768;55.9;35.8
76;2021-07-01;4548;9897;699642;455665;56.3;36.6
76;2021-07-02;4327;12017;703969;467682;56.6;37.6
76;2021-07-03;3579;8445;707548;476127;56.9;38.3
76;2021-07-04;1476;5306;709024;481433;57.0;38.7
76;2021-07-05;3919;9331;712943;490764;57.3;39.5
76;2021-07-06;4022;10076;716965;500840;57.6;40.3
76;2021-07-07;3960;9311;720925;510151;58.0;41.0
76;2021-07-08;4440;9442;725365;519593;58.3;41.8
76;2021-07-09;4324;12394;729689;531987;58.7;42.8
76;2021-07-10;3124;8542;732813;540529;58.9;43.5
76;2021-07-11;1771;2815;734584;543344;59.1;43.7
76;2021-07-12;3120;11137;737704;554481;59.3;44.6
76;2021-07-13;4898;12241;742602;566722;59.7;45.6
76;2021-07-14;4788;5522;747390;572244;60.1;46.0
76;2021-07-15;5848;11759;753238;584003;60.6;47.0
76;2021-07-16;6685;11995;759923;595998;61.1;47.9
76;2021-07-17;5260;8677;765183;604675;61.5;48.6
76;2021-07-18;2253;3342;767436;608017;61.7;48.9
76;2021-07-19;5139;11123;772575;619140;62.1;49.8
76;2021-07-20;6246;11595;778821;630735;62.6;50.7
76;2021-07-21;6308;10528;785129;641263;63.1;51.6
76;2021-07-22;8070;9588;793199;650851;63.8;52.3
77;2020-12-27;1;0;1;0;0.0;0.0
77;2020-12-28;1;0;2;0;0.0;0.0
77;2020-12-29;0;0;2;0;0.0;0.0
77;2020-12-30;0;0;2;0;0.0;0.0
77;2020-12-31;0;0;2;0;0.0;0.0
77;2021-01-01;2;0;4;0;0.0;0.0
77;2021-01-02;0;0;4;0;0.0;0.0
77;2021-01-03;0;0;4;0;0.0;0.0
77;2021-01-04;5;0;9;0;0.0;0.0
77;2021-01-05;199;0;208;0;0.0;0.0
77;2021-01-06;221;2;429;2;0.0;0.0
77;2021-01-07;517;3;946;5;0.1;0.0
77;2021-01-08;611;1;1557;6;0.1;0.0
77;2021-01-09;273;1;1830;7;0.1;0.0
77;2021-01-10;235;2;2065;9;0.1;0.0
77;2021-01-11;783;3;2848;12;0.2;0.0
77;2021-01-12;882;1;3730;13;0.3;0.0
77;2021-01-13;936;1;4666;14;0.3;0.0
77;2021-01-14;845;9;5511;23;0.4;0.0
77;2021-01-15;842;12;6353;35;0.4;0.0
77;2021-01-16;168;1;6521;36;0.5;0.0
77;2021-01-17;131;2;6652;38;0.5;0.0
77;2021-01-18;1193;4;7845;42;0.6;0.0
77;2021-01-19;1716;8;9561;50;0.7;0.0
77;2021-01-20;2534;5;12095;55;0.8;0.0
77;2021-01-21;2050;20;14145;75;1.0;0.0
77;2021-01-22;1147;7;15292;82;1.1;0.0
77;2021-01-23;348;0;15640;82;1.1;0.0
77;2021-01-24;43;0;15683;82;1.1;0.0
77;2021-01-25;938;65;16621;147;1.2;0.0
77;2021-01-26;1701;30;18322;177;1.3;0.0
77;2021-01-27;1361;42;19683;219;1.4;0.0
77;2021-01-28;1695;88;21378;307;1.5;0.0
77;2021-01-29;1271;147;22649;454;1.6;0.0
77;2021-01-30;210;2;22859;456;1.6;0.0
77;2021-01-31;0;0;22859;456;1.6;0.0
77;2021-02-01;568;212;23427;668;1.6;0.0
77;2021-02-02;866;270;24293;938;1.7;0.1
77;2021-02-03;793;539;25086;1477;1.8;0.1
77;2021-02-04;790;808;25876;2285;1.8;0.2
77;2021-02-05;856;854;26732;3139;1.9;0.2
77;2021-02-06;164;103;26896;3242;1.9;0.2
77;2021-02-07;16;92;26912;3334;1.9;0.2
77;2021-02-08;489;943;27401;4277;1.9;0.3
77;2021-02-09;587;1476;27988;5753;2.0;0.4
77;2021-02-10;1030;1854;29018;7607;2.0;0.5
77;2021-02-11;1056;1656;30074;9263;2.1;0.7
77;2021-02-12;1095;1184;31169;10447;2.2;0.7
77;2021-02-13;187;175;31356;10622;2.2;0.7
77;2021-02-14;12;57;31368;10679;2.2;0.8
77;2021-02-15;553;1031;31921;11710;2.2;0.8
77;2021-02-16;599;1541;32520;13251;2.3;0.9
77;2021-02-17;514;1192;33034;14443;2.3;1.0
77;2021-02-18;838;1617;33872;16060;2.4;1.1
77;2021-02-19;773;1171;34645;17231;2.4;1.2
77;2021-02-20;52;176;34697;17407;2.4;1.2
77;2021-02-21;7;31;34704;17438;2.4;1.2
77;2021-02-22;302;775;35006;18213;2.5;1.3
77;2021-02-23;358;1134;35364;19347;2.5;1.4
77;2021-02-24;510;900;35874;20247;2.5;1.4
77;2021-02-25;789;979;36663;21226;2.6;1.5
77;2021-02-26;840;848;37503;22074;2.6;1.6
77;2021-02-27;460;169;37963;22243;2.7;1.6
77;2021-02-28;31;5;37994;22248;2.7;1.6
77;2021-03-01;671;711;38665;22959;2.7;1.6
77;2021-03-02;1092;1028;39757;23987;2.8;1.7
77;2021-03-03;1950;1175;41707;25162;2.9;1.8
77;2021-03-04;2789;1130;44496;26292;3.1;1.8
77;2021-03-05;3368;1025;47864;27317;3.4;1.9
77;2021-03-06;4822;235;52686;27552;3.7;1.9
77;2021-03-07;3189;90;55875;27642;3.9;1.9
77;2021-03-08;1228;501;57103;28143;4.0;2.0
77;2021-03-09;2502;623;59605;28766;4.2;2.0
77;2021-03-10;2396;564;62001;29330;4.4;2.1
77;2021-03-11;3496;757;65497;30087;4.6;2.1
77;2021-03-12;3886;667;69383;30754;4.9;2.2
77;2021-03-13;4480;178;73863;30932;5.2;2.2
77;2021-03-14;2150;103;76013;31035;5.3;2.2
77;2021-03-15;2509;267;78522;31302;5.5;2.2
77;2021-03-16;2439;367;80961;31669;5.7;2.2
77;2021-03-17;2548;417;83509;32086;5.9;2.3
77;2021-03-18;3001;393;86510;32479;6.1;2.3
77;2021-03-19;3354;427;89864;32906;6.3;2.3
77;2021-03-20;1962;70;91826;32976;6.5;2.3
77;2021-03-21;241;12;92067;32988;6.5;2.3
77;2021-03-22;3016;394;95083;33382;6.7;2.3
77;2021-03-23;4511;505;99594;33887;7.0;2.4
77;2021-03-24;4148;615;103742;34502;7.3;2.4
77;2021-03-25;5900;404;109642;34906;7.7;2.5
77;2021-03-26;6260;417;115902;35323;8.1;2.5
77;2021-03-27;3316;105;119218;35428;8.4;2.5
77;2021-03-28;1730;41;120948;35469;8.5;2.5
77;2021-03-29;2651;678;123599;36147;8.7;2.5
77;2021-03-30;3989;1201;127588;37348;9.0;2.6
77;2021-03-31;3748;1206;131336;38554;9.2;2.7
77;2021-04-01;4139;1796;135475;40350;9.5;2.8
77;2021-04-02;3989;2008;139464;42358;9.8;3.0
77;2021-04-03;1743;2271;141207;44629;9.9;3.1
77;2021-04-04;425;1425;141632;46054;9.9;3.2
77;2021-04-05;157;162;141789;46216;10.0;3.2
77;2021-04-06;2709;1918;144498;48134;10.2;3.4
77;2021-04-07;3311;2082;147809;50216;10.4;3.5
77;2021-04-08;4525;2336;152334;52552;10.7;3.7
77;2021-04-09;4844;2072;157178;54624;11.0;3.8
77;2021-04-10;3071;2740;160249;57364;11.3;4.0
77;2021-04-11;586;717;160835;58081;11.3;4.1
77;2021-04-12;2231;1821;163066;59902;11.5;4.2
77;2021-04-13;3355;2634;166421;62536;11.7;4.4
77;2021-04-14;2519;2644;168940;65180;11.9;4.6
77;2021-04-15;3318;3106;172258;68286;12.1;4.8
77;2021-04-16;3573;2715;175831;71001;12.4;5.0
77;2021-04-17;1387;472;177218;71473;12.4;5.0
77;2021-04-18;149;10;177367;71483;12.5;5.0
77;2021-04-19;2076;2508;179443;73991;12.6;5.2
77;2021-04-20;2565;3376;182008;77367;12.8;5.4
77;2021-04-21;2193;3472;184201;80839;12.9;5.7
77;2021-04-22;2999;3838;187200;84677;13.1;5.9
77;2021-04-23;3524;3613;190724;88290;13.4;6.2
77;2021-04-24;4894;2503;195618;90793;13.7;6.4
77;2021-04-25;4082;1232;199700;92025;14.0;6.5
77;2021-04-26;3228;2032;202928;94057;14.3;6.6
77;2021-04-27;3992;2500;206920;96557;14.5;6.8
77;2021-04-28;4071;2598;210991;99155;14.8;7.0
77;2021-04-29;4474;3065;215465;102220;15.1;7.2
77;2021-04-30;4901;3326;220366;105546;15.5;7.4
77;2021-05-01;2460;589;222826;106135;15.7;7.5
77;2021-05-02;3142;270;225968;106405;15.9;7.5
77;2021-05-03;5984;2056;231952;108461;16.3;7.6
77;2021-05-04;6435;2977;238387;111438;16.7;7.8
77;2021-05-05;6011;3016;244398;114454;17.2;8.0
77;2021-05-06;6879;3583;251277;118037;17.7;8.3
77;2021-05-07;8201;3250;259478;121287;18.2;8.5
77;2021-05-08;5697;797;265175;122084;18.6;8.6
77;2021-05-09;4904;466;270079;122550;19.0;8.6
77;2021-05-10;8083;2315;278162;124865;19.5;8.8
77;2021-05-11;9573;2893;287735;127758;20.2;9.0
77;2021-05-12;8973;2277;296708;130035;20.8;9.1
77;2021-05-13;9299;861;306007;130896;21.5;9.2
77;2021-05-14;10421;1635;316428;132531;22.2;9.3
77;2021-05-15;8986;1243;325414;133774;22.9;9.4
77;2021-05-16;5150;461;330564;134235;23.2;9.4
77;2021-05-17;10364;1467;340928;135702;23.9;9.5
77;2021-05-18;11767;1788;352695;137490;24.8;9.7
77;2021-05-19;10904;1563;363599;139053;25.5;9.8
77;2021-05-20;12201;2151;375800;141204;26.4;9.9
77;2021-05-21;11647;2670;387447;143874;27.2;10.1
77;2021-05-22;9818;1722;397265;145596;27.9;10.2
77;2021-05-23;6983;800;404248;146396;28.4;10.3
77;2021-05-24;6760;768;411008;147164;28.9;10.3
77;2021-05-25;8302;2802;419310;149966;29.5;10.5
77;2021-05-26;7555;2958;426865;152924;30.0;10.7
77;2021-05-27;7546;3946;434411;156870;30.5;11.0
77;2021-05-28;7633;4009;442044;160879;31.1;11.3
77;2021-05-29;7353;2334;449397;163213;31.6;11.5
77;2021-05-30;4354;887;453751;164100;31.9;11.5
77;2021-05-31;8383;3823;462134;167923;32.5;11.8
77;2021-06-01;9629;4336;471763;172259;33.1;12.1
77;2021-06-02;8894;3873;480657;176132;33.8;12.4
77;2021-06-03;8996;5240;489653;181372;34.4;12.7
77;2021-06-04;9104;5480;498757;186852;35.0;13.1
77;2021-06-05;6625;4992;505382;191844;35.5;13.5
77;2021-06-06;4897;3206;510279;195050;35.8;13.7
77;2021-06-07;6415;4530;516694;199580;36.3;14.0
77;2021-06-08;5712;5203;522406;204783;36.7;14.4
77;2021-06-09;5053;4944;527459;209727;37.1;14.7
77;2021-06-10;4980;5441;532439;215168;37.4;15.1
77;2021-06-11;5702;6026;538141;221194;37.8;15.5
77;2021-06-12;6532;4739;544673;225933;38.3;15.9
77;2021-06-13;3501;3045;548174;228978;38.5;16.1
77;2021-06-14;3199;7922;551373;236900;38.7;16.6
77;2021-06-15;4084;8486;555457;245386;39.0;17.2
77;2021-06-16;4774;8372;560231;253758;39.4;17.8
77;2021-06-17;4444;9022;564675;262780;39.7;18.5
77;2021-06-18;4314;9774;568989;272554;40.0;19.1
77;2021-06-19;5262;6911;574251;279465;40.3;19.6
77;2021-06-20;2078;3796;576329;283261;40.5;19.9
77;2021-06-21;3201;9575;579530;292836;40.7;20.6
77;2021-06-22;3647;11373;583177;304209;41.0;21.4
77;2021-06-23;3417;10043;586594;314252;41.2;22.1
77;2021-06-24;3347;10913;589941;325165;41.4;22.8
77;2021-06-25;3609;10813;593550;335978;41.7;23.6
77;2021-06-26;4067;10064;597617;346042;42.0;24.3
77;2021-06-27;2107;6431;599724;352473;42.1;24.8
77;2021-06-28;2766;10829;602490;363302;42.3;25.5
77;2021-06-29;3328;12514;605818;375816;42.6;26.4
77;2021-06-30;3240;11447;609058;387263;42.8;27.2
77;2021-07-01;3253;11666;612311;398929;43.0;28.0
77;2021-07-02;3402;12240;615713;411169;43.3;28.9
77;2021-07-03;3129;10793;618842;421962;43.5;29.6
77;2021-07-04;1983;6490;620825;428452;43.6;30.1
77;2021-07-05;3555;9534;624380;437986;43.9;30.8
77;2021-07-06;3694;9521;628074;447507;44.1;31.4
77;2021-07-07;3971;8950;632045;456457;44.4;32.1
77;2021-07-08;3882;8742;635927;465199;44.7;32.7
77;2021-07-09;4666;10333;640593;475532;45.0;33.4
77;2021-07-10;3990;9815;644583;485347;45.3;34.1
77;2021-07-11;3054;5071;647637;490418;45.5;34.4
77;2021-07-12;3257;10855;650894;501273;45.7;35.2
77;2021-07-13;6032;11983;656926;513256;46.1;36.1
77;2021-07-14;3528;6430;660454;519686;46.4;36.5
77;2021-07-15;7099;11922;667553;531608;46.9;37.3
77;2021-07-16;7752;9842;675305;541450;47.4;38.0
77;2021-07-17;5756;9431;681061;550881;47.8;38.7
77;2021-07-18;4132;5296;685193;556177;48.1;39.1
77;2021-07-19;7454;8897;692647;565074;48.7;39.7
77;2021-07-20;9481;7953;702128;573027;49.3;40.3
77;2021-07-21;9414;7376;711542;580403;50.0;40.8
77;2021-07-22;10248;7334;721790;587737;50.7;41.3
78;2020-12-27;0;0;0;0;0.0;0.0
78;2020-12-28;0;0;0;0;0.0;0.0
78;2020-12-29;0;0;0;0;0.0;0.0
78;2020-12-30;0;0;0;0;0.0;0.0
78;2020-12-31;15;0;15;0;0.0;0.0
78;2021-01-01;0;0;15;0;0.0;0.0
78;2021-01-02;1;0;16;0;0.0;0.0
78;2021-01-03;0;0;16;0;0.0;0.0
78;2021-01-04;142;3;158;3;0.0;0.0
78;2021-01-05;175;1;333;4;0.0;0.0
78;2021-01-06;208;3;541;7;0.0;0.0
78;2021-01-07;468;2;1009;9;0.1;0.0
78;2021-01-08;651;4;1660;13;0.1;0.0
78;2021-01-09;22;0;1682;13;0.1;0.0
78;2021-01-10;1;0;1683;13;0.1;0.0
78;2021-01-11;791;4;2474;17;0.2;0.0
78;2021-01-12;946;6;3420;23;0.2;0.0
78;2021-01-13;733;8;4153;31;0.3;0.0
78;2021-01-14;810;9;4963;40;0.3;0.0
78;2021-01-15;844;5;5807;45;0.4;0.0
78;2021-01-16;32;1;5839;46;0.4;0.0
78;2021-01-17;0;0;5839;46;0.4;0.0
78;2021-01-18;1378;18;7217;64;0.5;0.0
78;2021-01-19;1840;24;9057;88;0.6;0.0
78;2021-01-20;1644;12;10701;100;0.7;0.0
78;2021-01-21;3242;13;13943;113;1.0;0.0
78;2021-01-22;2209;16;16152;129;1.1;0.0
78;2021-01-23;279;0;16431;129;1.1;0.0
78;2021-01-24;5;0;16436;129;1.1;0.0
78;2021-01-25;958;30;17394;159;1.2;0.0
78;2021-01-26;1558;17;18952;176;1.3;0.0
78;2021-01-27;2058;46;21010;222;1.5;0.0
78;2021-01-28;2433;102;23443;324;1.6;0.0
78;2021-01-29;1487;63;24930;387;1.7;0.0
78;2021-01-30;210;3;25140;390;1.7;0.0
78;2021-01-31;3;0;25143;390;1.7;0.0
78;2021-02-01;786;224;25929;614;1.8;0.0
78;2021-02-02;968;346;26897;960;1.9;0.1
78;2021-02-03;975;242;27872;1202;1.9;0.1
78;2021-02-04;1115;447;28987;1649;2.0;0.1
78;2021-02-05;1189;515;30176;2164;2.1;0.1
78;2021-02-06;196;44;30372;2208;2.1;0.2
78;2021-02-07;139;12;30511;2220;2.1;0.2
78;2021-02-08;760;612;31271;2832;2.2;0.2
78;2021-02-09;1121;938;32392;3770;2.2;0.3
78;2021-02-10;1243;1178;33635;4948;2.3;0.3
78;2021-02-11;1816;1898;35451;6846;2.4;0.5
78;2021-02-12;1818;1412;37269;8258;2.6;0.6
78;2021-02-13;172;79;37441;8337;2.6;0.6
78;2021-02-14;26;24;37467;8361;2.6;0.6
78;2021-02-15;445;1443;37912;9804;2.6;0.7
78;2021-02-16;627;1560;38539;11364;2.7;0.8
78;2021-02-17;581;2220;39120;13584;2.7;0.9
78;2021-02-18;993;2278;40113;15862;2.8;1.1
78;2021-02-19;818;1737;40931;17599;2.8;1.2
78;2021-02-20;146;123;41077;17722;2.8;1.2
78;2021-02-21;0;12;41077;17734;2.8;1.2
78;2021-02-22;498;1059;41575;18793;2.9;1.3
78;2021-02-23;538;1120;42113;19913;2.9;1.4
78;2021-02-24;619;1230;42732;21143;2.9;1.5
78;2021-02-25;860;1159;43592;22302;3.0;1.5
78;2021-02-26;1131;1244;44723;23546;3.1;1.6
78;2021-02-27;739;147;45462;23693;3.1;1.6
78;2021-02-28;65;18;45527;23711;3.1;1.6
78;2021-03-01;963;905;46490;24616;3.2;1.7
78;2021-03-02;1716;1047;48206;25663;3.3;1.8
78;2021-03-03;1959;1216;50165;26879;3.5;1.9
78;2021-03-04;2941;1569;53106;28448;3.7;2.0
78;2021-03-05;3249;1640;56355;30088;3.9;2.1
78;2021-03-06;6237;257;62592;30345;4.3;2.1
78;2021-03-07;3443;82;66035;30427;4.6;2.1
78;2021-03-08;1449;755;67484;31182;4.7;2.2
78;2021-03-09;2932;892;70416;32074;4.9;2.2
78;2021-03-10;3066;1075;73482;33149;5.1;2.3
78;2021-03-11;4174;1293;77656;34442;5.4;2.4
78;2021-03-12;5366;1312;83022;35754;5.7;2.5
78;2021-03-13;4650;170;87672;35924;6.1;2.5
78;2021-03-14;1033;35;88705;35959;6.1;2.5
78;2021-03-15;3619;256;92324;36215;6.4;2.5
78;2021-03-16;2560;552;94884;36767;6.5;2.5
78;2021-03-17;2963;406;97847;37173;6.8;2.6
78;2021-03-18;3777;416;101624;37589;7.0;2.6
78;2021-03-19;5310;474;106934;38063;7.4;2.6
78;2021-03-20;2255;117;109189;38180;7.5;2.6
78;2021-03-21;161;6;109350;38186;7.5;2.6
78;2021-03-22;3514;367;112864;38553;7.8;2.7
78;2021-03-23;5220;527;118084;39080;8.2;2.7
78;2021-03-24;4888;532;122972;39612;8.5;2.7
78;2021-03-25;6926;541;129898;40153;9.0;2.8
78;2021-03-26;6927;683;136825;40836;9.4;2.8
78;2021-03-27;3740;174;140565;41010;9.7;2.8
78;2021-03-28;1916;39;142481;41049;9.8;2.8
78;2021-03-29;3861;750;146342;41799;10.1;2.9
78;2021-03-30;5517;1046;151859;42845;10.5;3.0
78;2021-03-31;5323;1269;157182;44114;10.9;3.0
78;2021-04-01;5585;2309;162767;46423;11.2;3.2
78;2021-04-02;5189;2614;167956;49037;11.6;3.4
78;2021-04-03;2197;2554;170153;51591;11.7;3.6
78;2021-04-04;170;14;170323;51605;11.8;3.6
78;2021-04-05;193;18;170516;51623;11.8;3.6
78;2021-04-06;3615;2298;174131;53921;12.0;3.7
78;2021-04-07;4348;2578;178479;56499;12.3;3.9
78;2021-04-08;5516;2642;183995;59141;12.7;4.1
78;2021-04-09;6899;2422;190894;61563;13.2;4.2
78;2021-04-10;3991;1888;194885;63451;13.5;4.4
78;2021-04-11;371;606;195256;64057;13.5;4.4
78;2021-04-12;3526;2363;198782;66420;13.7;4.6
78;2021-04-13;5458;2480;204240;68900;14.1;4.8
78;2021-04-14;4947;3363;209187;72263;14.4;5.0
78;2021-04-15;4601;3831;213788;76094;14.8;5.3
78;2021-04-16;5629;4010;219417;80104;15.1;5.5
78;2021-04-17;3608;707;223025;80811;15.4;5.6
78;2021-04-18;272;42;223297;80853;15.4;5.6
78;2021-04-19;3240;2806;226537;83659;15.6;5.8
78;2021-04-20;4700;3683;231237;87342;16.0;6.0
78;2021-04-21;4526;3494;235763;90836;16.3;6.3
78;2021-04-22;4567;4671;240330;95507;16.6;6.6
78;2021-04-23;5036;4407;245366;99914;16.9;6.9
78;2021-04-24;4865;2620;250231;102534;17.3;7.1
78;2021-04-25;3039;1728;253270;104262;17.5;7.2
78;2021-04-26;4765;3308;258035;107570;17.8;7.4
78;2021-04-27;5462;4304;263497;111874;18.2;7.7
78;2021-04-28;5646;4781;269143;116655;18.6;8.1
78;2021-04-29;6246;4049;275389;120704;19.0;8.3
78;2021-04-30;7202;4434;282591;125138;19.5;8.6
78;2021-05-01;612;252;283203;125390;19.5;8.7
78;2021-05-02;2006;163;285209;125553;19.7;8.7
78;2021-05-03;7455;1270;292664;126823;20.2;8.8
78;2021-05-04;6074;3980;298738;130803;20.6;9.0
78;2021-05-05;7284;4540;306022;135343;21.1;9.3
78;2021-05-06;6473;5166;312495;140509;21.6;9.7
78;2021-05-07;8309;5136;320804;145645;22.1;10.1
78;2021-05-08;2913;1448;323717;147093;22.3;10.2
78;2021-05-09;2816;345;326533;147438;22.5;10.2
78;2021-05-10;7344;4454;333877;151892;23.0;10.5
78;2021-05-11;8135;5400;342012;157292;23.6;10.9
78;2021-05-12;8722;3903;350734;161195;24.2;11.1
78;2021-05-13;6628;597;357362;161792;24.7;11.2
78;2021-05-14;10212;2208;367574;164000;25.4;11.3
78;2021-05-15;4932;2366;372506;166366;25.7;11.5
78;2021-05-16;3693;792;376199;167158;26.0;11.5
78;2021-05-17;8737;1336;384936;168494;26.6;11.6
78;2021-05-18;9877;1857;394813;170351;27.3;11.8
78;2021-05-19;11643;1701;406456;172052;28.1;11.9
78;2021-05-20;11582;2256;418038;174308;28.9;12.0
78;2021-05-21;12124;2619;430162;176927;29.7;12.2
78;2021-05-22;6542;1375;436704;178302;30.1;12.3
78;2021-05-23;3122;381;439826;178683;30.4;12.3
78;2021-05-24;3521;413;443347;179096;30.6;12.4
78;2021-05-25;9978;2500;453325;181596;31.3;12.5
78;2021-05-26;10160;3775;463485;185371;32.0;12.8
78;2021-05-27;10951;4639;474436;190010;32.8;13.1
78;2021-05-28;11414;6004;485850;196014;33.5;13.5
78;2021-05-29;4225;3382;490075;199396;33.8;13.8
78;2021-05-30;132;346;490207;199742;33.8;13.8
78;2021-05-31;7968;5356;498175;205098;34.4;14.2
78;2021-06-01;9831;6526;508006;211624;35.1;14.6
78;2021-06-02;8547;6204;516553;217828;35.7;15.0
78;2021-06-03;9864;6467;526417;224295;36.3;15.5
78;2021-06-04;9771;8148;536188;232443;37.0;16.0
78;2021-06-05;5509;6140;541697;238583;37.4;16.5
78;2021-06-06;2146;2010;543843;240593;37.5;16.6
78;2021-06-07;8107;6510;551950;247103;38.1;17.1
78;2021-06-08;8023;7307;559973;254410;38.7;17.6
78;2021-06-09;7299;6717;567272;261127;39.2;18.0
78;2021-06-10;7058;7088;574330;268215;39.6;18.5
78;2021-06-11;7562;8176;581892;276391;40.2;19.1
78;2021-06-12;6361;2915;588253;279306;40.6;19.3
78;2021-06-13;942;2455;589195;281761;40.7;19.5
78;2021-06-14;3390;9808;592585;291569;40.9;20.1
78;2021-06-15;5657;8285;598242;299854;41.3;20.7
78;2021-06-16;5397;8634;603639;308488;41.7;21.3
78;2021-06-17;5464;8523;609103;317011;42.0;21.9
78;2021-06-18;6075;9784;615178;326795;42.5;22.6
78;2021-06-19;5207;4810;620385;331605;42.8;22.9
78;2021-06-20;620;2833;621005;334438;42.9;23.1
78;2021-06-21;4060;9467;625065;343905;43.1;23.7
78;2021-06-22;3326;10312;628391;354217;43.4;24.5
78;2021-06-23;3821;10384;632212;364601;43.6;25.2
78;2021-06-24;3778;9966;635990;374567;43.9;25.9
78;2021-06-25;3981;13164;639971;387731;44.2;26.8
78;2021-06-26;4198;7952;644169;395683;44.5;27.3
78;2021-06-27;1036;2540;645205;398223;44.5;27.5
78;2021-06-28;3258;10901;648463;409124;44.8;28.2
78;2021-06-29;3518;11246;651981;420370;45.0;29.0
78;2021-06-30;4105;13232;656086;433602;45.3;29.9
78;2021-07-01;3908;12690;659994;446292;45.6;30.8
78;2021-07-02;4162;13927;664156;460219;45.8;31.8
78;2021-07-03;3136;8630;667292;468849;46.1;32.4
78;2021-07-04;753;1740;668045;470589;46.1;32.5
78;2021-07-05;3262;9681;671307;480270;46.3;33.2
78;2021-07-06;3485;12036;674792;492306;46.6;34.0
78;2021-07-07;3732;11602;678524;503908;46.8;34.8
78;2021-07-08;3845;11669;682369;515577;47.1;35.6
78;2021-07-09;4375;12721;686744;528298;47.4;36.5
78;2021-07-10;2608;6590;689352;534888;47.6;36.9
78;2021-07-11;745;2052;690097;536940;47.6;37.1
78;2021-07-12;2979;11737;693076;548677;47.8;37.9
78;2021-07-13;5268;11944;698344;560621;48.2;38.7
78;2021-07-14;2523;4961;700867;565582;48.4;39.0
78;2021-07-15;5630;11908;706497;577490;48.8;39.9
78;2021-07-16;7237;10734;713734;588224;49.3;40.6
78;2021-07-17;4701;4859;718435;593083;49.6;40.9
78;2021-07-18;1117;443;719552;593526;49.7;41.0
78;2021-07-19;3805;10311;723357;603837;49.9;41.7
78;2021-07-20;5525;9870;728882;613707;50.3;42.4
78;2021-07-21;5866;9807;734748;623514;50.7;43.0
78;2021-07-22;5867;9244;740615;632758;51.1;43.7
79;2020-12-27;0;0;0;0;0.0;0.0
79;2020-12-28;0;0;0;0;0.0;0.0
79;2020-12-29;0;0;0;0;0.0;0.0
79;2020-12-30;0;0;0;0;0.0;0.0
79;2020-12-31;0;0;0;0;0.0;0.0
79;2021-01-01;0;0;0;0;0.0;0.0
79;2021-01-02;0;0;0;0;0.0;0.0
79;2021-01-03;0;0;0;0;0.0;0.0
79;2021-01-04;1;0;1;0;0.0;0.0
79;2021-01-05;0;0;1;0;0.0;0.0
79;2021-01-06;0;0;1;0;0.0;0.0
79;2021-01-07;158;0;159;0;0.0;0.0
79;2021-01-08;165;0;324;0;0.1;0.0
79;2021-01-09;98;0;422;0;0.1;0.0
79;2021-01-10;3;0;425;0;0.1;0.0
79;2021-01-11;184;1;609;1;0.2;0.0
79;2021-01-12;246;0;855;1;0.2;0.0
79;2021-01-13;258;0;1113;1;0.3;0.0
79;2021-01-14;499;6;1612;7;0.4;0.0
79;2021-01-15;615;4;2227;11;0.6;0.0
79;2021-01-16;66;0;2293;11;0.6;0.0
79;2021-01-17;0;0;2293;11;0.6;0.0
79;2021-01-18;477;1;2770;12;0.7;0.0
79;2021-01-19;1343;0;4113;12;1.1;0.0
79;2021-01-20;1643;0;5756;12;1.5;0.0
79;2021-01-21;1997;2;7753;14;2.1;0.0
79;2021-01-22;873;3;8626;17;2.3;0.0
79;2021-01-23;65;0;8691;17;2.3;0.0
79;2021-01-24;0;0;8691;17;2.3;0.0
79;2021-01-25;643;6;9334;23;2.5;0.0
79;2021-01-26;571;12;9905;35;2.7;0.0
79;2021-01-27;741;81;10646;116;2.9;0.0
79;2021-01-28;730;150;11376;266;3.1;0.1
79;2021-01-29;490;88;11866;354;3.2;0.1
79;2021-01-30;0;0;11866;354;3.2;0.1
79;2021-01-31;0;0;11866;354;3.2;0.1
79;2021-02-01;206;111;12072;465;3.2;0.1
79;2021-02-02;324;73;12396;538;3.3;0.1
79;2021-02-03;389;60;12785;598;3.4;0.2
79;2021-02-04;323;109;13108;707;3.5;0.2
79;2021-02-05;356;274;13464;981;3.6;0.3
79;2021-02-06;3;0;13467;981;3.6;0.3
79;2021-02-07;22;0;13489;981;3.6;0.3
79;2021-02-08;282;170;13771;1151;3.7;0.3
79;2021-02-09;456;786;14227;1937;3.8;0.5
79;2021-02-10;615;1197;14842;3134;4.0;0.8
79;2021-02-11;776;1234;15618;4368;4.2;1.2
79;2021-02-12;468;771;16086;5139;4.3;1.4
79;2021-02-13;53;74;16139;5213;4.3;1.4
79;2021-02-14;0;0;16139;5213;4.3;1.4
79;2021-02-15;186;507;16325;5720;4.4;1.5
79;2021-02-16;331;733;16656;6453;4.5;1.7
79;2021-02-17;247;880;16903;7333;4.5;2.0
79;2021-02-18;353;946;17256;8279;4.6;2.2
79;2021-02-19;267;566;17523;8845;4.7;2.4
79;2021-02-20;4;22;17527;8867;4.7;2.4
79;2021-02-21;0;0;17527;8867;4.7;2.4
79;2021-02-22;137;464;17664;9331;4.7;2.5
79;2021-02-23;246;570;17910;9901;4.8;2.7
79;2021-02-24;245;543;18155;10444;4.9;2.8
79;2021-02-25;516;471;18671;10915;5.0;2.9
79;2021-02-26;598;401;19269;11316;5.2;3.0
79;2021-02-27;406;5;19675;11321;5.3;3.0
79;2021-02-28;34;0;19709;11321;5.3;3.0
79;2021-03-01;89;360;19798;11681;5.3;3.1
79;2021-03-02;303;506;20101;12187;5.4;3.3
79;2021-03-03;659;542;20760;12729;5.6;3.4
79;2021-03-04;903;568;21663;13297;5.8;3.6
79;2021-03-05;1216;438;22879;13735;6.1;3.7
79;2021-03-06;609;3;23488;13738;6.3;3.7
79;2021-03-07;77;0;23565;13738;6.3;3.7
79;2021-03-08;344;308;23909;14046;6.4;3.8
79;2021-03-09;839;340;24748;14386;6.6;3.9
79;2021-03-10;1140;402;25888;14788;6.9;4.0
79;2021-03-11;1636;312;27524;15100;7.4;4.1
79;2021-03-12;1717;114;29241;15214;7.8;4.1
79;2021-03-13;1133;8;30374;15222;8.2;4.1
79;2021-03-14;50;0;30424;15222;8.2;4.1
79;2021-03-15;494;158;30918;15380;8.3;4.1
79;2021-03-16;734;140;31652;15520;8.5;4.2
79;2021-03-17;575;108;32227;15628;8.6;4.2
79;2021-03-18;551;201;32778;15829;8.8;4.2
79;2021-03-19;663;254;33441;16083;9.0;4.3
79;2021-03-20;1003;12;34444;16095;9.2;4.3
79;2021-03-21;3;0;34447;16095;9.2;4.3
79;2021-03-22;953;201;35400;16296;9.5;4.4
79;2021-03-23;1585;171;36985;16467;9.9;4.4
79;2021-03-24;1827;147;38812;16614;10.4;4.5
79;2021-03-25;2498;178;41310;16792;11.1;4.5
79;2021-03-26;2402;131;43712;16923;11.7;4.5
79;2021-03-27;769;15;44481;16938;11.9;4.5
79;2021-03-28;1;0;44482;16938;11.9;4.5
79;2021-03-29;2146;110;46628;17048;12.5;4.6
79;2021-03-30;2816;52;49444;17100;13.3;4.6
79;2021-03-31;2778;376;52222;17476;14.0;4.7
79;2021-04-01;2693;368;54915;17844;14.7;4.8
79;2021-04-02;2824;385;57739;18229;15.5;4.9
79;2021-04-03;633;53;58372;18282;15.7;4.9
79;2021-04-04;3;0;58375;18282;15.7;4.9
79;2021-04-05;380;3;58755;18285;15.8;4.9
79;2021-04-06;1792;577;60547;18862;16.2;5.1
79;2021-04-07;3116;711;63663;19573;17.1;5.3
79;2021-04-08;2627;682;66290;20255;17.8;5.4
79;2021-04-09;3735;528;70025;20783;18.8;5.6
79;2021-04-10;1461;376;71486;21159;19.2;5.7
79;2021-04-11;4;0;71490;21159;19.2;5.7
79;2021-04-12;1750;352;73240;21511;19.7;5.8
79;2021-04-13;2172;743;75412;22254;20.2;6.0
79;2021-04-14;2478;665;77890;22919;20.9;6.2
79;2021-04-15;2213;658;80103;23577;21.5;6.3
79;2021-04-16;1413;436;81516;24013;21.9;6.4
79;2021-04-17;582;350;82098;24363;22.0;6.5
79;2021-04-18;1;14;82099;24377;22.0;6.5
79;2021-04-19;1088;842;83187;25219;22.3;6.8
79;2021-04-20;1505;1226;84692;26445;22.7;7.1
79;2021-04-21;1416;1431;86108;27876;23.1;7.5
79;2021-04-22;1569;1076;87677;28952;23.5;7.8
79;2021-04-23;1315;1182;88992;30134;23.9;8.1
79;2021-04-24;651;460;89643;30594;24.1;8.2
79;2021-04-25;0;0;89643;30594;24.1;8.2
79;2021-04-26;1342;1812;90985;32406;24.4;8.7
79;2021-04-27;1893;2341;92878;34747;24.9;9.3
79;2021-04-28;1456;2861;94334;37608;25.3;10.1
79;2021-04-29;2103;2249;96437;39857;25.9;10.7
79;2021-04-30;2106;2449;98543;42306;26.4;11.4
79;2021-05-01;517;376;99060;42682;26.6;11.5
79;2021-05-02;1;11;99061;42693;26.6;11.5
79;2021-05-03;1182;1290;100243;43983;26.9;11.8
79;2021-05-04;1732;2321;101975;46304;27.4;12.4
79;2021-05-05;1696;2482;103671;48786;27.8;13.1
79;2021-05-06;2313;2208;105984;50994;28.4;13.7
79;2021-05-07;2083;2801;108067;53795;29.0;14.4
79;2021-05-08;200;507;108267;54302;29.1;14.6
79;2021-05-09;0;0;108267;54302;29.1;14.6
79;2021-05-10;1582;1781;109849;56083;29.5;15.1
79;2021-05-11;2308;1647;112157;57730;30.1;15.5
79;2021-05-12;1997;2676;114154;60406;30.6;16.2
79;2021-05-13;639;289;114793;60695;30.8;16.3
79;2021-05-14;2098;669;116891;61364;31.4;16.5
79;2021-05-15;1399;498;118290;61862;31.7;16.6
79;2021-05-16;1;22;118291;61884;31.7;16.6
79;2021-05-17;1873;1076;120164;62960;32.2;16.9
79;2021-05-18;2969;1265;123133;64225;33.0;17.2
79;2021-05-19;2891;964;126024;65189;33.8;17.5
79;2021-05-20;3102;1240;129126;66429;34.7;17.8
79;2021-05-21;2764;1058;131890;67487;35.4;18.1
79;2021-05-22;1085;254;132975;67741;35.7;18.2
79;2021-05-23;1;0;132976;67741;35.7;18.2
79;2021-05-24;161;20;133137;67761;35.7;18.2
79;2021-05-25;3199;981;136336;68742;36.6;18.4
79;2021-05-26;3314;847;139650;69589;37.5;18.7
79;2021-05-27;3585;1713;143235;71302;38.4;19.1
79;2021-05-28;3328;1818;146563;73120;39.3;19.6
79;2021-05-29;1073;450;147636;73570;39.6;19.7
79;2021-05-30;3;1;147639;73571;39.6;19.7
79;2021-05-31;2378;731;150017;74302;40.3;19.9
79;2021-06-01;3017;1565;153034;75867;41.1;20.4
79;2021-06-02;4060;1166;157094;77033;42.2;20.7
79;2021-06-03;4079;1748;161173;78781;43.3;21.1
79;2021-06-04;4145;2028;165318;80809;44.4;21.7
79;2021-06-05;2799;754;168117;81563;45.1;21.9
79;2021-06-06;695;37;168812;81600;45.3;21.9
79;2021-06-07;2806;1412;171618;83012;46.1;22.3
79;2021-06-08;2981;2063;174599;85075;46.9;22.8
79;2021-06-09;3626;1933;178225;87008;47.8;23.3
79;2021-06-10;3016;1973;181241;88981;48.6;23.9
79;2021-06-11;3761;2309;185002;91290;49.6;24.5
79;2021-06-12;1706;608;186708;91898;50.1;24.7
79;2021-06-13;211;22;186919;91920;50.2;24.7
79;2021-06-14;1244;1692;188163;93612;50.5;25.1
79;2021-06-15;1877;2358;190040;95970;51.0;25.8
79;2021-06-16;2195;2246;192235;98216;51.6;26.4
79;2021-06-17;2230;2609;194465;100825;52.2;27.1
79;2021-06-18;2401;2315;196866;103140;52.8;27.7
79;2021-06-19;1243;581;198109;103721;53.2;27.8
79;2021-06-20;2;2;198111;103723;53.2;27.8
79;2021-06-21;1223;2280;199334;106003;53.5;28.4
79;2021-06-22;1539;2875;200873;108878;53.9;29.2
79;2021-06-23;1750;2546;202623;111424;54.4;29.9
79;2021-06-24;2083;2002;204706;113426;54.9;30.4
79;2021-06-25;1475;2844;206181;116270;55.3;31.2
79;2021-06-26;863;808;207044;117078;55.6;31.4
79;2021-06-27;13;6;207057;117084;55.6;31.4
79;2021-06-28;1045;2621;208102;119705;55.8;32.1
79;2021-06-29;1439;3548;209541;123253;56.2;33.1
79;2021-06-30;1337;3451;210878;126704;56.6;34.0
79;2021-07-01;1150;3792;212028;130496;56.9;35.0
79;2021-07-02;1450;3342;213478;133838;57.3;35.9
79;2021-07-03;395;1503;213873;135341;57.4;36.3
79;2021-07-04;1;9;213874;135350;57.4;36.3
79;2021-07-05;739;2123;214613;137473;57.6;36.9
79;2021-07-06;933;3668;215546;141141;57.8;37.9
79;2021-07-07;1316;4308;216862;145449;58.2;39.0
79;2021-07-08;1069;4048;217931;149497;58.5;40.1
79;2021-07-09;827;3720;218758;153217;58.7;41.1
79;2021-07-10;510;1318;219268;154535;58.8;41.5
79;2021-07-11;0;12;219268;154547;58.8;41.5
79;2021-07-12;539;3696;219807;158243;59.0;42.5
79;2021-07-13;995;5194;220802;163437;59.3;43.9
79;2021-07-14;131;875;220933;164312;59.3;44.1
79;2021-07-15;1216;4679;222149;168991;59.6;45.4
79;2021-07-16;1316;4357;223465;173348;60.0;46.5
79;2021-07-17;564;2418;224029;175766;60.1;47.2
79;2021-07-18;43;498;224072;176264;60.1;47.3
79;2021-07-19;729;3316;224801;179580;60.3;48.2
79;2021-07-20;1220;3945;226021;183525;60.7;49.3
79;2021-07-21;1172;4195;227193;187720;61.0;50.4
79;2021-07-22;1310;3977;228503;191697;61.3;51.4
80;2020-12-27;0;0;0;0;0.0;0.0
80;2020-12-28;0;0;0;0;0.0;0.0
80;2020-12-29;11;0;11;0;0.0;0.0
80;2020-12-30;0;0;11;0;0.0;0.0
80;2020-12-31;0;0;11;0;0.0;0.0
80;2021-01-01;0;0;11;0;0.0;0.0
80;2021-01-02;0;0;11;0;0.0;0.0
80;2021-01-03;1;0;12;0;0.0;0.0
80;2021-01-04;0;0;12;0;0.0;0.0
80;2021-01-05;0;0;12;0;0.0;0.0
80;2021-01-06;30;0;42;0;0.0;0.0
80;2021-01-07;276;2;318;2;0.1;0.0
80;2021-01-08;330;0;648;2;0.1;0.0
80;2021-01-09;108;0;756;2;0.1;0.0
80;2021-01-10;21;0;777;2;0.1;0.0
80;2021-01-11;276;0;1053;2;0.2;0.0
80;2021-01-12;427;2;1480;4;0.3;0.0
80;2021-01-13;514;3;1994;7;0.3;0.0
80;2021-01-14;453;4;2447;11;0.4;0.0
80;2021-01-15;330;1;2777;12;0.5;0.0
80;2021-01-16;103;1;2880;13;0.5;0.0
80;2021-01-17;102;1;2982;14;0.5;0.0
80;2021-01-18;412;2;3394;16;0.6;0.0
80;2021-01-19;962;16;4356;32;0.8;0.0
80;2021-01-20;1086;4;5442;36;1.0;0.0
80;2021-01-21;1012;8;6454;44;1.1;0.0
80;2021-01-22;1113;2;7567;46;1.3;0.0
80;2021-01-23;908;0;8475;46;1.5;0.0
80;2021-01-24;823;4;9298;50;1.6;0.0
80;2021-01-25;1538;7;10836;57;1.9;0.0
80;2021-01-26;1479;10;12315;67;2.2;0.0
80;2021-01-27;822;28;13137;95;2.3;0.0
80;2021-01-28;623;175;13760;270;2.4;0.0
80;2021-01-29;637;218;14397;488;2.5;0.1
80;2021-01-30;84;61;14481;549;2.5;0.1
80;2021-01-31;0;0;14481;549;2.5;0.1
80;2021-02-01;26;259;14507;808;2.5;0.1
80;2021-02-02;21;446;14528;1254;2.5;0.2
80;2021-02-03;28;544;14556;1798;2.6;0.3
80;2021-02-04;275;348;14831;2146;2.6;0.4
80;2021-02-05;346;211;15177;2357;2.7;0.4
80;2021-02-06;167;70;15344;2427;2.7;0.4
80;2021-02-07;1;0;15345;2427;2.7;0.4
80;2021-02-08;425;241;15770;2668;2.8;0.5
80;2021-02-09;684;245;16454;2913;2.9;0.5
80;2021-02-10;606;493;17060;3406;3.0;0.6
80;2021-02-11;859;350;17919;3756;3.1;0.7
80;2021-02-12;943;313;18862;4069;3.3;0.7
80;2021-02-13;195;428;19057;4497;3.3;0.8
80;2021-02-14;78;572;19135;5069;3.4;0.9
80;2021-02-15;604;1016;19739;6085;3.5;1.1
80;2021-02-16;688;1140;20427;7225;3.6;1.3
80;2021-02-17;484;1173;20911;8398;3.7;1.5
80;2021-02-18;569;1135;21480;9533;3.8;1.7
80;2021-02-19;503;849;21983;10382;3.9;1.8
80;2021-02-20;22;516;22005;10898;3.9;1.9
80;2021-02-21;47;49;22052;10947;3.9;1.9
80;2021-02-22;149;576;22201;11523;3.9;2.0
80;2021-02-23;471;694;22672;12217;4.0;2.1
80;2021-02-24;431;716;23103;12933;4.1;2.3
80;2021-02-25;815;569;23918;13502;4.2;2.4
80;2021-02-26;1060;521;24978;14023;4.4;2.5
80;2021-02-27;474;73;25452;14096;4.5;2.5
80;2021-02-28;48;23;25500;14119;4.5;2.5
80;2021-03-01;727;64;26227;14183;4.6;2.5
80;2021-03-02;1013;87;27240;14270;4.8;2.5
80;2021-03-03;980;51;28220;14321;5.0;2.5
80;2021-03-04;1389;230;29609;14551;5.2;2.6
80;2021-03-05;1866;325;31475;14876;5.5;2.6
80;2021-03-06;2917;309;34392;15185;6.0;2.7
80;2021-03-07;1840;64;36232;15249;6.4;2.7
80;2021-03-08;714;602;36946;15851;6.5;2.8
80;2021-03-09;1309;904;38255;16755;6.7;2.9
80;2021-03-10;1724;730;39979;17485;7.0;3.1
80;2021-03-11;1906;805;41885;18290;7.4;3.2
80;2021-03-12;3133;717;45018;19007;7.9;3.3
80;2021-03-13;4003;180;49021;19187;8.6;3.4
80;2021-03-14;350;12;49371;19199;8.7;3.4
80;2021-03-15;1014;247;50385;19446;8.8;3.4
80;2021-03-16;882;334;51267;19780;9.0;3.5
80;2021-03-17;661;274;51928;20054;9.1;3.5
80;2021-03-18;999;293;52927;20347;9.3;3.6
80;2021-03-19;1737;389;54664;20736;9.6;3.6
80;2021-03-20;3820;97;58484;20833;10.3;3.7
80;2021-03-21;487;30;58971;20863;10.3;3.7
80;2021-03-22;901;286;59872;21149;10.5;3.7
80;2021-03-23;1711;407;61583;21556;10.8;3.8
80;2021-03-24;1753;463;63336;22019;11.1;3.9
80;2021-03-25;2712;442;66048;22461;11.6;3.9
80;2021-03-26;3101;417;69149;22878;12.1;4.0
80;2021-03-27;2229;217;71378;23095;12.5;4.1
80;2021-03-28;674;89;72052;23184;12.6;4.1
80;2021-03-29;1978;741;74030;23925;13.0;4.2
80;2021-03-30;1969;871;75999;24796;13.3;4.4
80;2021-03-31;1493;980;77492;25776;13.6;4.5
80;2021-04-01;1949;1482;79441;27258;13.9;4.8
80;2021-04-02;2809;1566;82250;28824;14.4;5.1
80;2021-04-03;3041;853;85291;29677;15.0;5.2
80;2021-04-04;133;2;85424;29679;15.0;5.2
80;2021-04-05;683;198;86107;29877;15.1;5.2
80;2021-04-06;1278;967;87385;30844;15.3;5.4
80;2021-04-07;1622;1191;89007;32035;15.6;5.6
80;2021-04-08;2155;839;91162;32874;16.0;5.8
80;2021-04-09;3528;1341;94690;34215;16.6;6.0
80;2021-04-10;2735;1933;97425;36148;17.1;6.3
80;2021-04-11;189;174;97614;36322;17.1;6.4
80;2021-04-12;1805;482;99419;36804;17.4;6.5
80;2021-04-13;2381;1032;101800;37836;17.9;6.6
80;2021-04-14;2765;1131;104565;38967;18.4;6.8
80;2021-04-15;3725;854;108290;39821;19.0;7.0
80;2021-04-16;3334;852;111624;40673;19.6;7.1
80;2021-04-17;1650;2300;113274;42973;19.9;7.5
80;2021-04-18;370;384;113644;43357;19.9;7.6
80;2021-04-19;950;775;114594;44132;20.1;7.7
80;2021-04-20;1612;803;116206;44935;20.4;7.9
80;2021-04-21;1612;993;117818;45928;20.7;8.1
80;2021-04-22;2160;1246;119978;47174;21.1;8.3
80;2021-04-23;2632;1241;122610;48415;21.5;8.5
80;2021-04-24;1358;1187;123968;49602;21.8;8.7
80;2021-04-25;209;529;124177;50131;21.8;8.8
80;2021-04-26;1295;1441;125472;51572;22.0;9.1
80;2021-04-27;2020;1396;127492;52968;22.4;9.3
80;2021-04-28;2199;1394;129691;54362;22.8;9.5
80;2021-04-29;3215;1871;132906;56233;23.3;9.9
80;2021-04-30;3077;2845;135983;59078;23.9;10.4
80;2021-05-01;987;654;136970;59732;24.0;10.5
80;2021-05-02;370;52;137340;59784;24.1;10.5
80;2021-05-03;2719;1174;140059;60958;24.6;10.7
80;2021-05-04;2498;1707;142557;62665;25.0;11.0
80;2021-05-05;3361;1842;145918;64507;25.6;11.3
80;2021-05-06;3177;2496;149095;67003;26.2;11.8
80;2021-05-07;3453;2686;152548;69689;26.8;12.2
80;2021-05-08;2781;916;155329;70605;27.3;12.4
80;2021-05-09;1407;259;156736;70864;27.5;12.4
80;2021-05-10;1881;1825;158617;72689;27.8;12.8
80;2021-05-11;3272;1779;161889;74468;28.4;13.1
80;2021-05-12;4696;1555;166585;76023;29.2;13.3
80;2021-05-13;3835;354;170420;76377;29.9;13.4
80;2021-05-14;5187;1395;175607;77772;30.8;13.6
80;2021-05-15;5919;1044;181526;78816;31.9;13.8
80;2021-05-16;2677;303;184203;79119;32.3;13.9
80;2021-05-17;2369;816;186572;79935;32.7;14.0
80;2021-05-18;3946;844;190518;80779;33.4;14.2
80;2021-05-19;4015;939;194533;81718;34.1;14.3
80;2021-05-20;4565;1208;199098;82926;34.9;14.6
80;2021-05-21;4891;1665;203989;84591;35.8;14.8
80;2021-05-22;5032;1146;209021;85737;36.7;15.0
80;2021-05-23;1784;237;210805;85974;37.0;15.1
80;2021-05-24;1466;158;212271;86132;37.3;15.1
80;2021-05-25;2622;1135;214893;87267;37.7;15.3
80;2021-05-26;4246;1693;219139;88960;38.5;15.6
80;2021-05-27;3976;2468;223115;91428;39.2;16.0
80;2021-05-28;3864;2976;226979;94404;39.8;16.6
80;2021-05-29;3695;1617;230674;96021;40.5;16.9
80;2021-05-30;1181;198;231855;96219;40.7;16.9
80;2021-05-31;2600;1375;234455;97594;41.1;17.1
80;2021-06-01;4028;2426;238483;100020;41.9;17.6
80;2021-06-02;3333;2001;241816;102021;42.4;17.9
80;2021-06-03;4265;2923;246081;104944;43.2;18.4
80;2021-06-04;4791;3073;250872;108017;44.0;19.0
80;2021-06-05;3555;2077;254427;110094;44.7;19.3
80;2021-06-06;801;209;255228;110303;44.8;19.4
80;2021-06-07;1745;1940;256973;112243;45.1;19.7
80;2021-06-08;2741;2551;259714;114794;45.6;20.1
80;2021-06-09;3002;2720;262716;117514;46.1;20.6
80;2021-06-10;3161;3160;265877;120674;46.7;21.2
80;2021-06-11;3213;3880;269090;124554;47.2;21.9
80;2021-06-12;3033;2325;272123;126879;47.8;22.3
80;2021-06-13;471;404;272594;127283;47.8;22.3
80;2021-06-14;1257;2846;273851;130129;48.1;22.8
80;2021-06-15;2302;3420;276153;133549;48.5;23.4
80;2021-06-16;1561;4216;277714;137765;48.7;24.2
80;2021-06-17;2353;3619;280067;141384;49.2;24.8
80;2021-06-18;2544;3895;282611;145279;49.6;25.5
80;2021-06-19;2967;4342;285578;149621;50.1;26.3
80;2021-06-20;201;1079;285779;150700;50.2;26.4
80;2021-06-21;1003;2617;286782;153317;50.3;26.9
80;2021-06-22;1139;3935;287921;157252;50.5;27.6
80;2021-06-23;1841;5294;289762;162546;50.9;28.5
80;2021-06-24;1686;4688;291448;167234;51.2;29.4
80;2021-06-25;1372;6134;292820;173368;51.4;30.4
80;2021-06-26;1922;6194;294742;179562;51.7;31.5
80;2021-06-27;323;2030;295065;181592;51.8;31.9
80;2021-06-28;900;3178;295965;184770;51.9;32.4
80;2021-06-29;1906;4626;297871;189396;52.3;33.2
80;2021-06-30;1221;4786;299092;194182;52.5;34.1
80;2021-07-01;1540;5003;300632;199185;52.8;35.0
80;2021-07-02;1845;5987;302477;205172;53.1;36.0
80;2021-07-03;1284;5281;303761;210453;53.3;36.9
80;2021-07-04;687;1471;304448;211924;53.4;37.2
80;2021-07-05;865;2956;305313;214880;53.6;37.7
80;2021-07-06;1839;3987;307152;218867;53.9;38.4
80;2021-07-07;1535;4506;308687;223373;54.2;39.2
80;2021-07-08;2066;5003;310753;228376;54.5;40.1
80;2021-07-09;2585;5462;313338;233838;55.0;41.0
80;2021-07-10;1593;3985;314931;237823;55.3;41.7
80;2021-07-11;397;794;315328;238617;55.3;41.9
80;2021-07-12;860;3381;316188;241998;55.5;42.5
80;2021-07-13;2044;5084;318232;247082;55.9;43.4
80;2021-07-14;2772;1733;321004;248815;56.3;43.7
80;2021-07-15;2758;5292;323762;254107;56.8;44.6
80;2021-07-16;3863;5869;327625;259976;57.5;45.6
80;2021-07-17;3356;4448;330981;264424;58.1;46.4
80;2021-07-18;872;884;331853;265308;58.2;46.6
80;2021-07-19;2145;2870;333998;268178;58.6;47.1
80;2021-07-20;3299;4886;337297;273064;59.2;47.9
80;2021-07-21;3466;4476;340763;277540;59.8;48.7
80;2021-07-22;4262;4513;345025;282053;60.6;49.5
81;2020-12-27;0;0;0;0;0.0;0.0
81;2020-12-28;0;0;0;0;0.0;0.0
81;2020-12-29;0;0;0;0;0.0;0.0
81;2020-12-30;0;0;0;0;0.0;0.0
81;2020-12-31;0;0;0;0;0.0;0.0
81;2021-01-01;0;0;0;0;0.0;0.0
81;2021-01-02;0;0;0;0;0.0;0.0
81;2021-01-03;0;0;0;0;0.0;0.0
81;2021-01-04;1;0;1;0;0.0;0.0
81;2021-01-05;0;0;1;0;0.0;0.0
81;2021-01-06;5;0;6;0;0.0;0.0
81;2021-01-07;266;0;272;0;0.1;0.0
81;2021-01-08;312;1;584;1;0.2;0.0
81;2021-01-09;74;1;658;2;0.2;0.0
81;2021-01-10;1;0;659;2;0.2;0.0
81;2021-01-11;133;0;792;2;0.2;0.0
81;2021-01-12;166;0;958;2;0.2;0.0
81;2021-01-13;233;1;1191;3;0.3;0.0
81;2021-01-14;958;7;2149;10;0.6;0.0
81;2021-01-15;524;1;2673;11;0.7;0.0
81;2021-01-16;73;0;2746;11;0.7;0.0
81;2021-01-17;0;0;2746;11;0.7;0.0
81;2021-01-18;579;2;3325;13;0.9;0.0
81;2021-01-19;663;4;3988;17;1.0;0.0
81;2021-01-20;751;1;4739;18;1.2;0.0
81;2021-01-21;1174;3;5913;21;1.5;0.0
81;2021-01-22;852;2;6765;23;1.7;0.0
81;2021-01-23;221;1;6986;24;1.8;0.0
81;2021-01-24;102;0;7088;24;1.8;0.0
81;2021-01-25;565;3;7653;27;2.0;0.0
81;2021-01-26;634;5;8287;32;2.1;0.0
81;2021-01-27;551;4;8838;36;2.3;0.0
81;2021-01-28;685;215;9523;251;2.5;0.1
81;2021-01-29;299;184;9822;435;2.5;0.1
81;2021-01-30;202;38;10024;473;2.6;0.1
81;2021-01-31;104;1;10128;474;2.6;0.1
81;2021-02-01;320;130;10448;604;2.7;0.2
81;2021-02-02;445;142;10893;746;2.8;0.2
81;2021-02-03;476;223;11369;969;2.9;0.2
81;2021-02-04;1392;690;12761;1659;3.3;0.4
81;2021-02-05;867;314;13628;1973;3.5;0.5
81;2021-02-06;274;20;13902;1993;3.6;0.5
81;2021-02-07;103;0;14005;1993;3.6;0.5
81;2021-02-08;274;219;14279;2212;3.7;0.6
81;2021-02-09;418;220;14697;2432;3.8;0.6
81;2021-02-10;371;283;15068;2715;3.9;0.7
81;2021-02-11;649;388;15717;3103;4.1;0.8
81;2021-02-12;576;547;16293;3650;4.2;0.9
81;2021-02-13;187;159;16480;3809;4.2;1.0
81;2021-02-14;100;1;16580;3810;4.3;1.0
81;2021-02-15;234;485;16814;4295;4.3;1.1
81;2021-02-16;281;617;17095;4912;4.4;1.3
81;2021-02-17;241;522;17336;5434;4.5;1.4
81;2021-02-18;483;675;17819;6109;4.6;1.6
81;2021-02-19;564;408;18383;6517;4.7;1.7
81;2021-02-20;322;280;18705;6797;4.8;1.8
81;2021-02-21;22;80;18727;6877;4.8;1.8
81;2021-02-22;232;536;18959;7413;4.9;1.9
81;2021-02-23;168;594;19127;8007;4.9;2.1
81;2021-02-24;291;632;19418;8639;5.0;2.2
81;2021-02-25;704;1054;20122;9693;5.2;2.5
81;2021-02-26;908;955;21030;10648;5.4;2.7
81;2021-02-27;275;243;21305;10891;5.5;2.8
81;2021-02-28;21;89;21326;10980;5.5;2.8
81;2021-03-01;207;410;21533;11390;5.6;2.9
81;2021-03-02;362;541;21895;11931;5.6;3.1
81;2021-03-03;464;422;22359;12353;5.8;3.2
81;2021-03-04;1061;457;23420;12810;6.0;3.3
81;2021-03-05;1405;385;24825;13195;6.4;3.4
81;2021-03-06;980;162;25805;13357;6.7;3.4
81;2021-03-07;154;101;25959;13458;6.7;3.5
81;2021-03-08;465;357;26424;13815;6.8;3.6
81;2021-03-09;808;388;27232;14203;7.0;3.7
81;2021-03-10;897;388;28129;14591;7.3;3.8
81;2021-03-11;1346;353;29475;14944;7.6;3.9
81;2021-03-12;1688;293;31163;15237;8.0;3.9
81;2021-03-13;1030;187;32193;15424;8.3;4.0
81;2021-03-14;64;82;32257;15506;8.3;4.0
81;2021-03-15;1094;209;33351;15715;8.6;4.1
81;2021-03-16;724;226;34075;15941;8.8;4.1
81;2021-03-17;888;271;34963;16212;9.0;4.2
81;2021-03-18;966;578;35929;16790;9.3;4.3
81;2021-03-19;1270;451;37199;17241;9.6;4.4
81;2021-03-20;676;277;37875;17518;9.8;4.5
81;2021-03-21;139;22;38014;17540;9.8;4.5
81;2021-03-22;932;282;38946;17822;10.0;4.6
81;2021-03-23;1418;220;40364;18042;10.4;4.7
81;2021-03-24;1598;270;41962;18312;10.8;4.7
81;2021-03-25;2028;320;43990;18632;11.3;4.8
81;2021-03-26;2098;274;46088;18906;11.9;4.9
81;2021-03-27;1092;34;47180;18940;12.2;4.9
81;2021-03-28;733;39;47913;18979;12.4;4.9
81;2021-03-29;2862;175;50775;19154;13.1;4.9
81;2021-03-30;3053;200;53828;19354;13.9;5.0
81;2021-03-31;2690;288;56518;19642;14.6;5.1
81;2021-04-01;3312;547;59830;20189;15.4;5.2
81;2021-04-02;2613;358;62443;20547;16.1;5.3
81;2021-04-03;1146;298;63589;20845;16.4;5.4
81;2021-04-04;1401;17;64990;20862;16.8;5.4
81;2021-04-05;717;17;65707;20879;16.9;5.4
81;2021-04-06;1590;505;67297;21384;17.3;5.5
81;2021-04-07;1814;577;69111;21961;17.8;5.7
81;2021-04-08;2613;823;71724;22784;18.5;5.9
81;2021-04-09;3048;458;74772;23242;19.3;6.0
81;2021-04-10;1476;502;76248;23744;19.7;6.1
81;2021-04-11;1297;55;77545;23799;20.0;6.1
81;2021-04-12;1217;683;78762;24482;20.3;6.3
81;2021-04-13;2531;771;81293;25253;21.0;6.5
81;2021-04-14;2504;819;83797;26072;21.6;6.7
81;2021-04-15;3095;1185;86892;27257;22.4;7.0
81;2021-04-16;2818;1072;89710;28329;23.1;7.3
81;2021-04-17;1145;288;90855;28617;23.4;7.4
81;2021-04-18;518;145;91373;28762;23.6;7.4
81;2021-04-19;912;818;92285;29580;23.8;7.6
81;2021-04-20;2270;1163;94555;30743;24.4;7.9
81;2021-04-21;2224;997;96779;31740;24.9;8.2
81;2021-04-22;2817;1054;99596;32794;25.7;8.5
81;2021-04-23;2877;963;102473;33757;26.4;8.7
81;2021-04-24;1325;742;103798;34499;26.8;8.9
81;2021-04-25;454;717;104252;35216;26.9;9.1
81;2021-04-26;1060;2425;105312;37641;27.1;9.7
81;2021-04-27;1597;2350;106909;39991;27.6;10.3
81;2021-04-28;1418;2391;108327;42382;27.9;10.9
81;2021-04-29;1814;2747;110141;45129;28.4;11.6
81;2021-04-30;2012;2347;112153;47476;28.9;12.2
81;2021-05-01;361;684;112514;48160;29.0;12.4
81;2021-05-02;291;1381;112805;49541;29.1;12.8
81;2021-05-03;1115;1168;113920;50709;29.4;13.1
81;2021-05-04;2620;1903;116540;52612;30.0;13.6
81;2021-05-05;2014;1929;118554;54541;30.6;14.1
81;2021-05-06;2738;3409;121292;57950;31.3;14.9
81;2021-05-07;2111;2853;123403;60803;31.8;15.7
81;2021-05-08;962;876;124365;61679;32.1;15.9
81;2021-05-09;534;1353;124899;63032;32.2;16.2
81;2021-05-10;823;1602;125722;64634;32.4;16.7
81;2021-05-11;1660;2575;127382;67209;32.8;17.3
81;2021-05-12;1633;2455;129015;69664;33.3;18.0
81;2021-05-13;1216;565;130231;70229;33.6;18.1
81;2021-05-14;1890;1722;132121;71951;34.1;18.5
81;2021-05-15;1510;618;133631;72569;34.5;18.7
81;2021-05-16;1368;415;134999;72984;34.8;18.8
81;2021-05-17;1166;861;136165;73845;35.1;19.0
81;2021-05-18;1698;1431;137863;75276;35.5;19.4
81;2021-05-19;2642;1244;140505;76520;36.2;19.7
81;2021-05-20;2968;1346;143473;77866;37.0;20.1
81;2021-05-21;2737;1115;146210;78981;37.7;20.4
81;2021-05-22;2817;518;149027;79499;38.4;20.5
81;2021-05-23;1179;74;150206;79573;38.7;20.5
81;2021-05-24;835;79;151041;79652;38.9;20.5
81;2021-05-25;2491;1103;153532;80755;39.6;20.8
81;2021-05-26;1890;794;155422;81549;40.1;21.0
81;2021-05-27;2556;1531;157978;83080;40.7;21.4
81;2021-05-28;2562;1663;160540;84743;41.4;21.8
81;2021-05-29;1401;539;161941;85282;41.7;22.0
81;2021-05-30;932;220;162873;85502;42.0;22.0
81;2021-05-31;1183;1337;164056;86839;42.3;22.4
81;2021-06-01;1778;2699;165834;89538;42.8;23.1
81;2021-06-02;1990;2442;167824;91980;43.3;23.7
81;2021-06-03;2001;2532;169825;94512;43.8;24.4
81;2021-06-04;1845;2949;171670;97461;44.3;25.1
81;2021-06-05;1754;1306;173424;98767;44.7;25.5
81;2021-06-06;370;366;173794;99133;44.8;25.6
81;2021-06-07;1208;1537;175002;100670;45.1;26.0
81;2021-06-08;2362;2386;177364;103056;45.7;26.6
81;2021-06-09;2439;1864;179803;104920;46.4;27.0
81;2021-06-10;1278;1564;181081;106484;46.7;27.5
81;2021-06-11;2649;2197;183730;108681;47.4;28.0
81;2021-06-12;1657;1036;185387;109717;47.8;28.3
81;2021-06-13;442;475;185829;110192;47.9;28.4
81;2021-06-14;771;1421;186600;111613;48.1;28.8
81;2021-06-15;1673;3502;188273;115115;48.5;29.7
81;2021-06-16;1265;3011;189538;118126;48.9;30.5
81;2021-06-17;1337;2521;190875;120647;49.2;31.1
81;2021-06-18;1829;2761;192704;123408;49.7;31.8
81;2021-06-19;825;946;193529;124354;49.9;32.1
81;2021-06-20;405;537;193934;124891;50.0;32.2
81;2021-06-21;422;1036;194356;125927;50.1;32.5
81;2021-06-22;1059;2565;195415;128492;50.4;33.1
81;2021-06-23;1127;2153;196542;130645;50.7;33.7
81;2021-06-24;1106;1939;197648;132584;51.0;34.2
81;2021-06-25;1216;2866;198864;135450;51.3;34.9
81;2021-06-26;722;1706;199586;137156;51.5;35.4
81;2021-06-27;526;1651;200112;138807;51.6;35.8
81;2021-06-28;471;1544;200583;140351;51.7;36.2
81;2021-06-29;1068;2635;201651;142986;52.0;36.9
81;2021-06-30;1033;3157;202684;146143;52.3;37.7
81;2021-07-01;872;2626;203556;148769;52.5;38.4
81;2021-07-02;987;2857;204543;151626;52.7;39.1
81;2021-07-03;724;2821;205267;154447;52.9;39.8
81;2021-07-04;267;1011;205534;155458;53.0;40.1
81;2021-07-05;683;1618;206217;157076;53.2;40.5
81;2021-07-06;968;3175;207185;160251;53.4;41.3
81;2021-07-07;1054;2438;208239;162689;53.7;41.9
81;2021-07-08;1025;2232;209264;164921;53.9;42.5
81;2021-07-09;1143;2697;210407;167618;54.2;43.2
81;2021-07-10;802;1522;211209;169140;54.4;43.6
81;2021-07-11;434;1012;211643;170152;54.6;43.9
81;2021-07-12;723;1727;212366;171879;54.7;44.3
81;2021-07-13;2050;3135;214416;175014;55.3;45.1
81;2021-07-14;1437;1557;215853;176571;55.6;45.5
81;2021-07-15;2527;2751;218380;179322;56.3;46.2
81;2021-07-16;2016;3015;220396;182337;56.8;47.0
81;2021-07-17;1214;2453;221610;184790;57.1;47.6
81;2021-07-18;673;1124;222283;185914;57.3;47.9
81;2021-07-19;1151;1725;223434;187639;57.6;48.4
81;2021-07-20;3036;2781;226470;190420;58.4;49.1
81;2021-07-21;3461;2316;229931;192736;59.3;49.7
81;2021-07-22;3525;2071;233456;194807;60.2;50.2
82;2020-12-27;0;0;0;0;0.0;0.0
82;2020-12-28;1;0;1;0;0.0;0.0
82;2020-12-29;0;0;1;0;0.0;0.0
82;2020-12-30;0;0;1;0;0.0;0.0
82;2020-12-31;0;0;1;0;0.0;0.0
82;2021-01-01;0;0;1;0;0.0;0.0
82;2021-01-02;0;0;1;0;0.0;0.0
82;2021-01-03;0;0;1;0;0.0;0.0
82;2021-01-04;0;0;1;0;0.0;0.0
82;2021-01-05;86;0;87;0;0.0;0.0
82;2021-01-06;1;0;88;0;0.0;0.0
82;2021-01-07;75;0;163;0;0.1;0.0
82;2021-01-08;46;0;209;0;0.1;0.0
82;2021-01-09;77;0;286;0;0.1;0.0
82;2021-01-10;0;0;286;0;0.1;0.0
82;2021-01-11;94;0;380;0;0.1;0.0
82;2021-01-12;284;0;664;0;0.3;0.0
82;2021-01-13;336;1;1000;1;0.4;0.0
82;2021-01-14;441;4;1441;5;0.5;0.0
82;2021-01-15;612;2;2053;7;0.8;0.0
82;2021-01-16;228;3;2281;10;0.9;0.0
82;2021-01-17;89;0;2370;10;0.9;0.0
82;2021-01-18;433;2;2803;12;1.1;0.0
82;2021-01-19;479;1;3282;13;1.2;0.0
82;2021-01-20;663;1;3945;14;1.5;0.0
82;2021-01-21;446;1;4391;15;1.7;0.0
82;2021-01-22;482;2;4873;17;1.9;0.0
82;2021-01-23;151;0;5024;17;1.9;0.0
82;2021-01-24;0;0;5024;17;1.9;0.0
82;2021-01-25;376;0;5400;17;2.1;0.0
82;2021-01-26;468;0;5868;17;2.2;0.0
82;2021-01-27;519;1;6387;18;2.4;0.0
82;2021-01-28;585;34;6972;52;2.7;0.0
82;2021-01-29;405;108;7377;160;2.8;0.1
82;2021-01-30;44;22;7421;182;2.8;0.1
82;2021-01-31;0;0;7421;182;2.8;0.1
82;2021-02-01;292;55;7713;237;2.9;0.1
82;2021-02-02;344;100;8057;337;3.1;0.1
82;2021-02-03;462;66;8519;403;3.2;0.2
82;2021-02-04;763;219;9282;622;3.5;0.2
82;2021-02-05;478;147;9760;769;3.7;0.3
82;2021-02-06;93;39;9853;808;3.8;0.3
82;2021-02-07;29;79;9882;887;3.8;0.3
82;2021-02-08;148;227;10030;1114;3.8;0.4
82;2021-02-09;238;393;10268;1507;3.9;0.6
82;2021-02-10;271;602;10539;2109;4.0;0.8
82;2021-02-11;224;402;10763;2511;4.1;1.0
82;2021-02-12;190;611;10953;3122;4.2;1.2
82;2021-02-13;59;118;11012;3240;4.2;1.2
82;2021-02-14;4;81;11016;3321;4.2;1.3
82;2021-02-15;217;306;11233;3627;4.3;1.4
82;2021-02-16;280;392;11513;4019;4.4;1.5
82;2021-02-17;357;519;11870;4538;4.5;1.7
82;2021-02-18;507;510;12377;5048;4.7;1.9
82;2021-02-19;489;544;12866;5592;4.9;2.1
82;2021-02-20;78;139;12944;5731;4.9;2.2
82;2021-02-21;0;0;12944;5731;4.9;2.2
82;2021-02-22;198;407;13142;6138;5.0;2.3
82;2021-02-23;275;469;13417;6607;5.1;2.5
82;2021-02-24;281;458;13698;7065;5.2;2.7
82;2021-02-25;637;509;14335;7574;5.5;2.9
82;2021-02-26;648;375;14983;7949;5.7;3.0
82;2021-02-27;214;72;15197;8021;5.8;3.1
82;2021-02-28;30;7;15227;8028;5.8;3.1
82;2021-03-01;291;228;15518;8256;5.9;3.1
82;2021-03-02;495;402;16013;8658;6.1;3.3
82;2021-03-03;439;386;16452;9044;6.3;3.4
82;2021-03-04;600;300;17052;9344;6.5;3.6
82;2021-03-05;680;380;17732;9724;6.8;3.7
82;2021-03-06;688;39;18420;9763;7.0;3.7
82;2021-03-07;300;3;18720;9766;7.1;3.7
82;2021-03-08;603;155;19323;9921;7.4;3.8
82;2021-03-09;582;257;19905;10178;7.6;3.9
82;2021-03-10;778;246;20683;10424;7.9;4.0
82;2021-03-11;970;280;21653;10704;8.2;4.1
82;2021-03-12;992;103;22645;10807;8.6;4.1
82;2021-03-13;564;52;23209;10859;8.8;4.1
82;2021-03-14;61;5;23270;10864;8.9;4.1
82;2021-03-15;485;326;23755;11190;9.0;4.3
82;2021-03-16;195;334;23950;11524;9.1;4.4
82;2021-03-17;190;296;24140;11820;9.2;4.5
82;2021-03-18;279;350;24419;12170;9.3;4.6
82;2021-03-19;533;312;24952;12482;9.5;4.8
82;2021-03-20;252;58;25204;12540;9.6;4.8
82;2021-03-21;23;0;25227;12540;9.6;4.8
82;2021-03-22;405;316;25632;12856;9.8;4.9
82;2021-03-23;602;311;26234;13167;10.0;5.0
82;2021-03-24;619;334;26853;13501;10.2;5.1
82;2021-03-25;926;244;27779;13745;10.6;5.2
82;2021-03-26;1211;266;28990;14011;11.0;5.3
82;2021-03-27;478;78;29468;14089;11.2;5.4
82;2021-03-28;136;1;29604;14090;11.3;5.4
82;2021-03-29;923;378;30527;14468;11.6;5.5
82;2021-03-30;1186;274;31713;14742;12.1;5.6
82;2021-03-31;1018;258;32731;15000;12.5;5.7
82;2021-04-01;1072;194;33803;15194;12.9;5.8
82;2021-04-02;1210;285;35013;15479;13.3;5.9
82;2021-04-03;715;129;35728;15608;13.6;5.9
82;2021-04-04;275;12;36003;15620;13.7;5.9
82;2021-04-05;388;19;36391;15639;13.9;6.0
82;2021-04-06;950;511;37341;16150;14.2;6.1
82;2021-04-07;1017;494;38358;16644;14.6;6.3
82;2021-04-08;1454;413;39812;17057;15.2;6.5
82;2021-04-09;1655;469;41467;17526;15.8;6.7
82;2021-04-10;1710;98;43177;17624;16.4;6.7
82;2021-04-11;559;17;43736;17641;16.7;6.7
82;2021-04-12;1347;290;45083;17931;17.2;6.8
82;2021-04-13;1624;264;46707;18195;17.8;6.9
82;2021-04-14;1406;294;48113;18489;18.3;7.0
82;2021-04-15;1779;319;49892;18808;19.0;7.2
82;2021-04-16;1540;330;51432;19138;19.6;7.3
82;2021-04-17;1243;69;52675;19207;20.1;7.3
82;2021-04-18;560;13;53235;19220;20.3;7.3
82;2021-04-19;959;359;54194;19579;20.6;7.5
82;2021-04-20;1267;400;55461;19979;21.1;7.6
82;2021-04-21;1218;375;56679;20354;21.6;7.8
82;2021-04-22;1448;293;58127;20647;22.1;7.9
82;2021-04-23;1077;680;59204;21327;22.5;8.1
82;2021-04-24;1185;262;60389;21589;23.0;8.2
82;2021-04-25;736;47;61125;21636;23.3;8.2
82;2021-04-26;748;808;61873;22444;23.6;8.5
82;2021-04-27;905;925;62778;23369;23.9;8.9
82;2021-04-28;921;868;63699;24237;24.3;9.2
82;2021-04-29;1106;904;64805;25141;24.7;9.6
82;2021-04-30;1039;888;65844;26029;25.1;9.9
82;2021-05-01;1140;257;66984;26286;25.5;10.0
82;2021-05-02;697;143;67681;26429;25.8;10.1
82;2021-05-03;410;1215;68091;27644;25.9;10.5
82;2021-05-04;863;1168;68954;28812;26.3;11.0
82;2021-05-05;568;1172;69522;29984;26.5;11.4
82;2021-05-06;851;1418;70373;31402;26.8;12.0
82;2021-05-07;733;1452;71106;32854;27.1;12.5
82;2021-05-08;933;519;72039;33373;27.4;12.7
82;2021-05-09;754;580;72793;33953;27.7;12.9
82;2021-05-10;850;1365;73643;35318;28.0;13.4
82;2021-05-11;1158;1349;74801;36667;28.5;14.0
82;2021-05-12;1013;1345;75814;38012;28.9;14.5
82;2021-05-13;1455;429;77269;38441;29.4;14.6
82;2021-05-14;1690;1237;78959;39678;30.1;15.1
82;2021-05-15;1934;690;80893;40368;30.8;15.4
82;2021-05-16;557;115;81450;40483;31.0;15.4
82;2021-05-17;1090;1172;82540;41655;31.4;15.9
82;2021-05-18;1464;1188;84004;42843;32.0;16.3
82;2021-05-19;1267;979;85271;43822;32.5;16.7
82;2021-05-20;1407;1156;86678;44978;33.0;17.1
82;2021-05-21;1411;1213;88089;46191;33.5;17.6
82;2021-05-22;2070;631;90159;46822;34.3;17.8
82;2021-05-23;703;117;90862;46939;34.6;17.9
82;2021-05-24;1441;262;92303;47201;35.1;18.0
82;2021-05-25;1443;963;93746;48164;35.7;18.3
82;2021-05-26;1412;921;95158;49085;36.2;18.7
82;2021-05-27;1461;1027;96619;50112;36.8;19.1
82;2021-05-28;1538;1145;98157;51257;37.4;19.5
82;2021-05-29;1496;546;99653;51803;37.9;19.7
82;2021-05-30;403;101;100056;51904;38.1;19.8
82;2021-05-31;1489;990;101545;52894;38.7;20.1
82;2021-06-01;1749;1050;103294;53944;39.3;20.5
82;2021-06-02;1473;1004;104767;54948;39.9;20.9
82;2021-06-03;1490;1180;106257;56128;40.5;21.4
82;2021-06-04;2249;1306;108506;57434;41.3;21.9
82;2021-06-05;2270;984;110776;58418;42.2;22.2
82;2021-06-06;327;134;111103;58552;42.3;22.3
82;2021-06-07;957;1276;112060;59828;42.7;22.8
82;2021-06-08;1447;1139;113507;60967;43.2;23.2
82;2021-06-09;1707;1139;115214;62106;43.9;23.6
82;2021-06-10;1435;1209;116649;63315;44.4;24.1
82;2021-06-11;1920;1122;118569;64437;45.1;24.5
82;2021-06-12;2393;1400;120962;65837;46.1;25.1
82;2021-06-13;377;113;121339;65950;46.2;25.1
82;2021-06-14;1208;1081;122547;67031;46.7;25.5
82;2021-06-15;1458;1243;124005;68274;47.2;26.0
82;2021-06-16;1750;1164;125755;69438;47.9;26.4
82;2021-06-17;1219;1473;126974;70911;48.3;27.0
82;2021-06-18;1469;1441;128443;72352;48.9;27.6
82;2021-06-19;2271;974;130714;73326;49.8;27.9
82;2021-06-20;268;174;130982;73500;49.9;28.0
82;2021-06-21;484;1362;131466;74862;50.1;28.5
82;2021-06-22;889;1708;132355;76570;50.4;29.2
82;2021-06-23;1232;1587;133587;78157;50.9;29.8
82;2021-06-24;751;1901;134338;80058;51.2;30.5
82;2021-06-25;738;1940;135076;81998;51.4;31.2
82;2021-06-26;1238;2150;136314;84148;51.9;32.0
82;2021-06-27;195;438;136509;84586;52.0;32.2
82;2021-06-28;330;1412;136839;85998;52.1;32.7
82;2021-06-29;516;1843;137355;87841;52.3;33.4
82;2021-06-30;941;1905;138296;89746;52.7;34.2
82;2021-07-01;648;1634;138944;91380;52.9;34.8
82;2021-07-02;929;2317;139873;93697;53.3;35.7
82;2021-07-03;858;2334;140731;96031;53.6;36.6
82;2021-07-04;117;436;140848;96467;53.6;36.7
82;2021-07-05;436;1565;141284;98032;53.8;37.3
82;2021-07-06;509;1868;141793;99900;54.0;38.0
82;2021-07-07;783;1769;142576;101669;54.3;38.7
82;2021-07-08;502;1498;143078;103167;54.5;39.3
82;2021-07-09;779;2153;143857;105320;54.8;40.1
82;2021-07-10;703;2218;144560;107538;55.0;40.9
82;2021-07-11;38;382;144598;107920;55.1;41.1
82;2021-07-12;576;1880;145174;109800;55.3;41.8
82;2021-07-13;707;2002;145881;111802;55.5;42.6
82;2021-07-14;615;739;146496;112541;55.8;42.9
82;2021-07-15;842;1748;147338;114289;56.1;43.5
82;2021-07-16;1434;2627;148772;116916;56.6;44.5
82;2021-07-17;559;2190;149331;119106;56.9;45.4
82;2021-07-18;14;41;149345;119147;56.9;45.4
82;2021-07-19;726;2068;150071;121215;57.1;46.2
82;2021-07-20;914;1880;150985;123095;57.5;46.9
82;2021-07-21;1273;1741;152258;124836;58.0;47.5
82;2021-07-22;1044;1752;153302;126588;58.4;48.2
83;2020-12-27;1;0;1;0;0.0;0.0
83;2020-12-28;0;0;1;0;0.0;0.0
83;2020-12-29;0;0;1;0;0.0;0.0
83;2020-12-30;0;0;1;0;0.0;0.0
83;2020-12-31;0;0;1;0;0.0;0.0
83;2021-01-01;1;0;2;0;0.0;0.0
83;2021-01-02;0;0;2;0;0.0;0.0
83;2021-01-03;0;0;2;0;0.0;0.0
83;2021-01-04;0;0;2;0;0.0;0.0
83;2021-01-05;2;0;4;0;0.0;0.0
83;2021-01-06;69;0;73;0;0.0;0.0
83;2021-01-07;324;1;397;1;0.0;0.0
83;2021-01-08;410;0;807;1;0.1;0.0
83;2021-01-09;48;0;855;1;0.1;0.0
83;2021-01-10;1;0;856;1;0.1;0.0
83;2021-01-11;474;0;1330;1;0.1;0.0
83;2021-01-12;975;1;2305;2;0.2;0.0
83;2021-01-13;961;7;3266;9;0.3;0.0
83;2021-01-14;832;6;4098;15;0.4;0.0
83;2021-01-15;702;0;4800;15;0.4;0.0
83;2021-01-16;41;0;4841;15;0.5;0.0
83;2021-01-17;1;0;4842;15;0.5;0.0
83;2021-01-18;1216;4;6058;19;0.6;0.0
83;2021-01-19;2012;6;8070;25;0.8;0.0
83;2021-01-20;1655;9;9725;34;0.9;0.0
83;2021-01-21;2095;6;11820;40;1.1;0.0
83;2021-01-22;1651;5;13471;45;1.3;0.0
83;2021-01-23;242;0;13713;45;1.3;0.0
83;2021-01-24;21;1;13734;46;1.3;0.0
83;2021-01-25;1549;5;15283;51;1.4;0.0
83;2021-01-26;1745;14;17028;65;1.6;0.0
83;2021-01-27;2152;78;19180;143;1.8;0.0
83;2021-01-28;5072;356;24252;499;2.3;0.0
83;2021-01-29;2945;350;27197;849;2.5;0.1
83;2021-01-30;233;45;27430;894;2.6;0.1
83;2021-01-31;46;0;27476;894;2.6;0.1
83;2021-02-01;1276;423;28752;1317;2.7;0.1
83;2021-02-02;1427;729;30179;2046;2.8;0.2
83;2021-02-03;1520;638;31699;2684;3.0;0.2
83;2021-02-04;1483;749;33182;3433;3.1;0.3
83;2021-02-05;1217;684;34399;4117;3.2;0.4
83;2021-02-06;21;14;34420;4131;3.2;0.4
83;2021-02-07;1;0;34421;4131;3.2;0.4
83;2021-02-08;1084;632;35505;4763;3.3;0.4
83;2021-02-09;1323;913;36828;5676;3.4;0.5
83;2021-02-10;1526;817;38354;6493;3.6;0.6
83;2021-02-11;1599;1030;39953;7523;3.7;0.7
83;2021-02-12;1344;851;41297;8374;3.8;0.8
83;2021-02-13;52;25;41349;8399;3.9;0.8
83;2021-02-14;0;0;41349;8399;3.9;0.8
83;2021-02-15;667;1062;42016;9461;3.9;0.9
83;2021-02-16;540;1378;42556;10839;4.0;1.0
83;2021-02-17;803;1851;43359;12690;4.0;1.2
83;2021-02-18;1618;3876;44977;16566;4.2;1.5
83;2021-02-19;1472;2375;46449;18941;4.3;1.8
83;2021-02-20;58;170;46507;19111;4.3;1.8
83;2021-02-21;22;35;46529;19146;4.3;1.8
83;2021-02-22;499;1759;47028;20905;4.4;1.9
83;2021-02-23;667;1446;47695;22351;4.4;2.1
83;2021-02-24;717;1490;48412;23841;4.5;2.2
83;2021-02-25;1242;1421;49654;25262;4.6;2.4
83;2021-02-26;1296;1259;50950;26521;4.7;2.5
83;2021-02-27;550;55;51500;26576;4.8;2.5
83;2021-02-28;8;13;51508;26589;4.8;2.5
83;2021-03-01;803;1247;52311;27836;4.9;2.6
83;2021-03-02;983;1310;53294;29146;5.0;2.7
83;2021-03-03;1425;1532;54719;30678;5.1;2.9
83;2021-03-04;1871;1373;56590;32051;5.3;3.0
83;2021-03-05;2209;1230;58799;33281;5.5;3.1
83;2021-03-06;2996;101;61795;33382;5.8;3.1
83;2021-03-07;2223;24;64018;33406;6.0;3.1
83;2021-03-08;843;1318;64861;34724;6.0;3.2
83;2021-03-09;1924;1219;66785;35943;6.2;3.3
83;2021-03-10;2361;1350;69146;37293;6.4;3.5
83;2021-03-11;3659;2210;72805;39503;6.8;3.7
83;2021-03-12;3635;1500;76440;41003;7.1;3.8
83;2021-03-13;4583;163;81023;41166;7.5;3.8
83;2021-03-14;2322;41;83345;41207;7.8;3.8
83;2021-03-15;3331;680;86676;41887;8.1;3.9
83;2021-03-16;2592;682;89268;42569;8.3;4.0
83;2021-03-17;2838;764;92106;43333;8.6;4.0
83;2021-03-18;3546;791;95652;44124;8.9;4.1
83;2021-03-19;4163;593;99815;44717;9.3;4.2
83;2021-03-20;3466;58;103281;44775;9.6;4.2
83;2021-03-21;2007;26;105288;44801;9.8;4.2
83;2021-03-22;3956;883;109244;45684;10.2;4.3
83;2021-03-23;4736;573;113980;46257;10.6;4.3
83;2021-03-24;5031;706;119011;46963;11.1;4.4
83;2021-03-25;6522;814;125533;47777;11.7;4.4
83;2021-03-26;7169;729;132702;48506;12.4;4.5
83;2021-03-27;3961;378;136663;48884;12.7;4.6
83;2021-03-28;2182;24;138845;48908;12.9;4.6
83;2021-03-29;4540;752;143385;49660;13.4;4.6
83;2021-03-30;5949;913;149334;50573;13.9;4.7
83;2021-03-31;5543;1055;154877;51628;14.4;4.8
83;2021-04-01;5957;1249;160834;52877;15.0;4.9
83;2021-04-02;5747;1059;166581;53936;15.5;5.0
83;2021-04-03;1796;625;168377;54561;15.7;5.1
83;2021-04-04;853;345;169230;54906;15.8;5.1
83;2021-04-05;186;66;169416;54972;15.8;5.1
83;2021-04-06;4722;1375;174138;56347;16.2;5.2
83;2021-04-07;5823;1634;179961;57981;16.8;5.4
83;2021-04-08;7856;1961;187817;59942;17.5;5.6
83;2021-04-09;7582;2163;195399;62105;18.2;5.8
83;2021-04-10;2942;2638;198341;64743;18.5;6.0
83;2021-04-11;1722;2130;200063;66873;18.6;6.2
83;2021-04-12;4941;2847;205004;69720;19.1;6.5
83;2021-04-13;5398;2989;210402;72709;19.6;6.8
83;2021-04-14;5890;2930;216292;75639;20.1;7.0
83;2021-04-15;6762;3006;223054;78645;20.8;7.3
83;2021-04-16;6115;3491;229169;82136;21.3;7.6
83;2021-04-17;3500;2182;232669;84318;21.7;7.9
83;2021-04-18;2172;1294;234841;85612;21.9;8.0
83;2021-04-19;4098;3898;238939;89510;22.3;8.3
83;2021-04-20;4351;3855;243290;93365;22.7;8.7
83;2021-04-21;4293;4137;247583;97502;23.1;9.1
83;2021-04-22;4997;4276;252580;101778;23.5;9.5
83;2021-04-23;4503;4531;257083;106309;23.9;9.9
83;2021-04-24;2626;2707;259709;109016;24.2;10.2
83;2021-04-25;1924;1568;261633;110584;24.4;10.3
83;2021-04-26;3570;3840;265203;114424;24.7;10.7
83;2021-04-27;4127;4541;269330;118965;25.1;11.1
83;2021-04-28;4317;4347;273647;123312;25.5;11.5
83;2021-04-29;5801;5088;279448;128400;26.0;12.0
83;2021-04-30;5778;4288;285226;132688;26.6;12.4
83;2021-05-01;1694;424;286920;133112;26.7;12.4
83;2021-05-02;1233;751;288153;133863;26.8;12.5
83;2021-05-03;3747;4271;291900;138134;27.2;12.9
83;2021-05-04;3342;5094;295242;143228;27.5;13.3
83;2021-05-05;3634;4947;298876;148175;27.8;13.8
83;2021-05-06;4659;4935;303535;153110;28.3;14.3
83;2021-05-07;4165;5301;307700;158411;28.7;14.8
83;2021-05-08;2755;997;310455;159408;28.9;14.8
83;2021-05-09;2148;1227;312603;160635;29.1;15.0
83;2021-05-10;3201;5416;315804;166051;29.4;15.5
83;2021-05-11;5112;5644;320916;171695;29.9;16.0
83;2021-05-12;6288;4840;327204;176535;30.5;16.4
83;2021-05-13;6576;1323;333780;177858;31.1;16.6
83;2021-05-14;7415;4090;341195;181948;31.8;16.9
83;2021-05-15;7747;2189;348942;184137;32.5;17.1
83;2021-05-16;6625;1241;355567;185378;33.1;17.3
83;2021-05-17;4894;4196;360461;189574;33.6;17.7
83;2021-05-18;5517;3846;365978;193420;34.1;18.0
83;2021-05-19;6202;3382;372180;196802;34.7;18.3
83;2021-05-20;6736;3750;378916;200552;35.3;18.7
83;2021-05-21;7902;3794;386818;204346;36.0;19.0
83;2021-05-22;6084;1707;392902;206053;36.6;19.2
83;2021-05-23;4680;700;397582;206753;37.0;19.3
83;2021-05-24;5808;963;403390;207716;37.6;19.3
83;2021-05-25;5497;4752;408887;212468;38.1;19.8
83;2021-05-26;4844;4418;413731;216886;38.5;20.2
83;2021-05-27;5063;5255;418794;222141;39.0;20.7
83;2021-05-28;4498;5748;423292;227889;39.4;21.2
83;2021-05-29;2700;4270;425992;232159;39.7;21.6
83;2021-05-30;1253;1369;427245;233528;39.8;21.7
83;2021-05-31;5489;4761;432734;238289;40.3;22.2
83;2021-06-01;5721;5294;438455;243583;40.8;22.7
83;2021-06-02;5236;4561;443691;248144;41.3;23.1
83;2021-06-03;5722;5114;449413;253258;41.9;23.6
83;2021-06-04;5435;6040;454848;259298;42.4;24.1
83;2021-06-05;3924;3192;458772;262490;42.7;24.4
83;2021-06-06;1928;1377;460700;263867;42.9;24.6
83;2021-06-07;3903;5082;464603;268949;43.3;25.0
83;2021-06-08;4155;4790;468758;273739;43.7;25.5
83;2021-06-09;3993;4696;472751;278435;44.0;25.9
83;2021-06-10;3979;4247;476730;282682;44.4;26.3
83;2021-06-11;3648;5440;480378;288122;44.7;26.8
83;2021-06-12;2897;2977;483275;291099;45.0;27.1
83;2021-06-13;991;1388;484266;292487;45.1;27.2
83;2021-06-14;2849;5659;487115;298146;45.4;27.8
83;2021-06-15;3151;4857;490266;303003;45.7;28.2
83;2021-06-16;2940;4499;493206;307502;45.9;28.6
83;2021-06-17;2748;5273;495954;312775;46.2;29.1
83;2021-06-18;3120;5943;499074;318718;46.5;29.7
83;2021-06-19;2307;4087;501381;322805;46.7;30.1
83;2021-06-20;664;1886;502045;324691;46.8;30.2
83;2021-06-21;2090;7577;504135;332268;46.9;30.9
83;2021-06-22;2085;7157;506220;339425;47.1;31.6
83;2021-06-23;1908;6932;508128;346357;47.3;32.3
83;2021-06-24;1929;7367;510057;353724;47.5;32.9
83;2021-06-25;2072;8397;512129;362121;47.7;33.7
83;2021-06-26;1449;6814;513578;368935;47.8;34.4
83;2021-06-27;684;3188;514262;372123;47.9;34.7
83;2021-06-28;1549;7887;515811;380010;48.0;35.4
83;2021-06-29;1871;7802;517682;387812;48.2;36.1
83;2021-06-30;2179;7261;519861;395073;48.4;36.8
83;2021-07-01;2498;6554;522359;401627;48.6;37.4
83;2021-07-02;2206;7787;524565;409414;48.8;38.1
83;2021-07-03;1487;5694;526052;415108;49.0;38.7
83;2021-07-04;539;2748;526591;417856;49.0;38.9
83;2021-07-05;1875;7533;528466;425389;49.2;39.6
83;2021-07-06;2536;5929;531002;431318;49.4;40.2
83;2021-07-07;2640;4649;533642;435967;49.7;40.6
83;2021-07-08;3198;4455;536840;440422;50.0;41.0
83;2021-07-09;2999;6954;539839;447376;50.3;41.7
83;2021-07-10;1556;4920;541395;452296;50.4;42.1
83;2021-07-11;988;1757;542383;454053;50.5;42.3
83;2021-07-12;2093;7659;544476;461712;50.7;43.0
83;2021-07-13;3973;7037;548449;468749;51.1;43.7
83;2021-07-14;2074;1293;550523;470042;51.3;43.8
83;2021-07-15;4506;6810;555029;476852;51.7;44.4
83;2021-07-16;5211;7081;560240;483933;52.2;45.1
83;2021-07-17;3572;4954;563812;488887;52.5;45.5
83;2021-07-18;1590;1299;565402;490186;52.7;45.6
83;2021-07-19;3910;6259;569312;496445;53.0;46.2
83;2021-07-20;5903;6102;575215;502547;53.6;46.8
83;2021-07-21;5894;5120;581109;507667;54.1;47.3
83;2021-07-22;6791;5417;587900;513084;54.7;47.8
84;2020-12-27;0;0;0;0;0.0;0.0
84;2020-12-28;0;0;0;0;0.0;0.0
84;2020-12-29;0;0;0;0;0.0;0.0
84;2020-12-30;0;0;0;0;0.0;0.0
84;2020-12-31;0;0;0;0;0.0;0.0
84;2021-01-01;0;0;0;0;0.0;0.0
84;2021-01-02;0;0;0;0;0.0;0.0
84;2021-01-03;0;0;0;0;0.0;0.0
84;2021-01-04;0;0;0;0;0.0;0.0
84;2021-01-05;0;0;0;0;0.0;0.0
84;2021-01-06;0;0;0;0;0.0;0.0
84;2021-01-07;69;0;69;0;0.0;0.0
84;2021-01-08;81;0;150;0;0.0;0.0
84;2021-01-09;30;0;180;0;0.0;0.0
84;2021-01-10;0;0;180;0;0.0;0.0
84;2021-01-11;219;0;399;0;0.1;0.0
84;2021-01-12;623;0;1022;0;0.2;0.0
84;2021-01-13;352;0;1374;0;0.2;0.0
84;2021-01-14;920;13;2294;13;0.4;0.0
84;2021-01-15;616;8;2910;21;0.5;0.0
84;2021-01-16;166;0;3076;21;0.5;0.0
84;2021-01-17;27;1;3103;22;0.6;0.0
84;2021-01-18;693;3;3796;25;0.7;0.0
84;2021-01-19;875;1;4671;26;0.8;0.0
84;2021-01-20;1015;3;5686;29;1.0;0.0
84;2021-01-21;1047;4;6733;33;1.2;0.0
84;2021-01-22;1130;0;7863;33;1.4;0.0
84;2021-01-23;247;0;8110;33;1.4;0.0
84;2021-01-24;2;0;8112;33;1.4;0.0
84;2021-01-25;803;1;8915;34;1.6;0.0
84;2021-01-26;936;5;9851;39;1.8;0.0
84;2021-01-27;1068;2;10919;41;1.9;0.0
84;2021-01-28;1620;16;12539;57;2.2;0.0
84;2021-01-29;1197;61;13736;118;2.4;0.0
84;2021-01-30;171;21;13907;139;2.5;0.0
84;2021-01-31;7;0;13914;139;2.5;0.0
84;2021-02-01;652;150;14566;289;2.6;0.1
84;2021-02-02;787;268;15353;557;2.7;0.1
84;2021-02-03;757;241;16110;798;2.9;0.1
84;2021-02-04;910;408;17020;1206;3.0;0.2
84;2021-02-05;723;420;17743;1626;3.2;0.3
84;2021-02-06;123;50;17866;1676;3.2;0.3
84;2021-02-07;0;0;17866;1676;3.2;0.3
84;2021-02-08;566;278;18432;1954;3.3;0.3
84;2021-02-09;690;718;19122;2672;3.4;0.5
84;2021-02-10;550;571;19672;3243;3.5;0.6
84;2021-02-11;546;588;20218;3831;3.6;0.7
84;2021-02-12;556;682;20774;4513;3.7;0.8
84;2021-02-13;46;171;20820;4684;3.7;0.8
84;2021-02-14;3;0;20823;4684;3.7;0.8
84;2021-02-15;205;893;21028;5577;3.7;1.0
84;2021-02-16;218;835;21246;6412;3.8;1.1
84;2021-02-17;445;781;21691;7193;3.9;1.3
84;2021-02-18;554;1109;22245;8302;4.0;1.5
84;2021-02-19;736;1189;22981;9491;4.1;1.7
84;2021-02-20;63;155;23044;9646;4.1;1.7
84;2021-02-21;3;37;23047;9683;4.1;1.7
84;2021-02-22;368;743;23415;10426;4.2;1.9
84;2021-02-23;267;707;23682;11133;4.2;2.0
84;2021-02-24;389;742;24071;11875;4.3;2.1
84;2021-02-25;710;844;24781;12719;4.4;2.3
84;2021-02-26;820;683;25601;13402;4.6;2.4
84;2021-02-27;132;125;25733;13527;4.6;2.4
84;2021-02-28;16;0;25749;13527;4.6;2.4
84;2021-03-01;454;673;26203;14200;4.7;2.5
84;2021-03-02;628;809;26831;15009;4.8;2.7
84;2021-03-03;817;957;27648;15966;4.9;2.8
84;2021-03-04;1089;704;28737;16670;5.1;3.0
84;2021-03-05;1305;513;30042;17183;5.4;3.1
84;2021-03-06;1456;55;31498;17238;5.6;3.1
84;2021-03-07;478;12;31976;17250;5.7;3.1
84;2021-03-08;810;604;32786;17854;5.8;3.2
84;2021-03-09;1380;786;34166;18640;6.1;3.3
84;2021-03-10;1472;660;35638;19300;6.4;3.4
84;2021-03-11;1981;637;37619;19937;6.7;3.6
84;2021-03-12;2078;626;39697;20563;7.1;3.7
84;2021-03-13;741;35;40438;20598;7.2;3.7
84;2021-03-14;243;53;40681;20651;7.3;3.7
84;2021-03-15;1065;306;41746;20957;7.4;3.7
84;2021-03-16;1177;331;42923;21288;7.7;3.8
84;2021-03-17;1138;482;44061;21770;7.9;3.9
84;2021-03-18;1453;432;45514;22202;8.1;4.0
84;2021-03-19;2171;473;47685;22675;8.5;4.0
84;2021-03-20;837;23;48522;22698;8.6;4.0
84;2021-03-21;146;8;48668;22706;8.7;4.0
84;2021-03-22;1152;456;49820;23162;8.9;4.1
84;2021-03-23;1904;457;51724;23619;9.2;4.2
84;2021-03-24;2173;391;53897;24010;9.6;4.3
84;2021-03-25;3650;385;57547;24395;10.3;4.3
84;2021-03-26;3310;468;60857;24863;10.8;4.4
84;2021-03-27;912;56;61769;24919;11.0;4.4
84;2021-03-28;71;2;61840;24921;11.0;4.4
84;2021-03-29;1714;521;63554;25442;11.3;4.5
84;2021-03-30;2663;674;66217;26116;11.8;4.7
84;2021-03-31;2396;641;68613;26757;12.2;4.8
84;2021-04-01;3011;556;71624;27313;12.8;4.9
84;2021-04-02;2448;516;74072;27829;13.2;5.0
84;2021-04-03;506;26;74578;27855;13.3;5.0
84;2021-04-04;10;0;74588;27855;13.3;5.0
84;2021-04-05;809;97;75397;27952;13.4;5.0
84;2021-04-06;2137;822;77534;28774;13.8;5.1
84;2021-04-07;2399;857;79933;29631;14.2;5.3
84;2021-04-08;3640;1016;83573;30647;14.9;5.5
84;2021-04-09;4107;924;87680;31571;15.6;5.6
84;2021-04-10;1304;124;88984;31695;15.9;5.6
84;2021-04-11;35;12;89019;31707;15.9;5.7
84;2021-04-12;2086;800;91105;32507;16.2;5.8
84;2021-04-13;2941;1360;94046;33867;16.8;6.0
84;2021-04-14;2805;1346;96851;35213;17.3;6.3
84;2021-04-15;3268;1396;100119;36609;17.8;6.5
84;2021-04-16;3424;1540;103543;38149;18.5;6.8
84;2021-04-17;1663;189;105206;38338;18.8;6.8
84;2021-04-18;33;0;105239;38338;18.8;6.8
84;2021-04-19;2496;913;107735;39251;19.2;7.0
84;2021-04-20;2625;1520;110360;40771;19.7;7.3
84;2021-04-21;2649;1481;113009;42252;20.1;7.5
84;2021-04-22;3005;1730;116014;43982;20.7;7.8
84;2021-04-23;3022;1876;119036;45858;21.2;8.2
84;2021-04-24;1530;285;120566;46143;21.5;8.2
84;2021-04-25;27;2;120593;46145;21.5;8.2
84;2021-04-26;2171;1358;122764;47503;21.9;8.5
84;2021-04-27;2550;1973;125314;49476;22.3;8.8
84;2021-04-28;2817;1836;128131;51312;22.8;9.1
84;2021-04-29;3420;2021;131551;53333;23.4;9.5
84;2021-04-30;3127;2405;134678;55738;24.0;9.9
84;2021-05-01;454;260;135132;55998;24.1;10.0
84;2021-05-02;1;0;135133;55998;24.1;10.0
84;2021-05-03;2164;1627;137297;57625;24.5;10.3
84;2021-05-04;2488;2525;139785;60150;24.9;10.7
84;2021-05-05;2345;2218;142130;62368;25.3;11.1
84;2021-05-06;3222;2247;145352;64615;25.9;11.5
84;2021-05-07;2763;2559;148115;67174;26.4;12.0
84;2021-05-08;1155;524;149270;67698;26.6;12.1
84;2021-05-09;5;52;149275;67750;26.6;12.1
84;2021-05-10;2152;2460;151427;70210;27.0;12.5
84;2021-05-11;2905;3157;154332;73367;27.5;13.1
84;2021-05-12;2846;2912;157178;76279;28.0;13.6
84;2021-05-13;2157;841;159335;77120;28.4;13.7
84;2021-05-14;2722;2029;162057;79149;28.9;14.1
84;2021-05-15;2001;982;164058;80131;29.2;14.3
84;2021-05-16;1339;181;165397;80312;29.5;14.3
84;2021-05-17;2215;2150;167612;82462;29.9;14.7
84;2021-05-18;2902;2093;170514;84555;30.4;15.1
84;2021-05-19;3230;1663;173744;86218;31.0;15.4
84;2021-05-20;3691;2194;177435;88412;31.6;15.8
84;2021-05-21;3464;2327;180899;90739;32.2;16.2
84;2021-05-22;1583;676;182482;91415;32.5;16.3
84;2021-05-23;3;9;182485;91424;32.5;16.3
84;2021-05-24;1838;425;184323;91849;32.9;16.4
84;2021-05-25;2981;2178;187304;94027;33.4;16.8
84;2021-05-26;3073;2082;190377;96109;33.9;17.1
84;2021-05-27;3855;2311;194232;98420;34.6;17.5
84;2021-05-28;3183;3300;197415;101720;35.2;18.1
84;2021-05-29;1090;1649;198505;103369;35.4;18.4
84;2021-05-30;7;85;198512;103454;35.4;18.4
84;2021-05-31;2193;2633;200705;106087;35.8;18.9
84;2021-06-01;3142;3157;203847;109244;36.3;19.5
84;2021-06-02;3169;2611;207016;111855;36.9;19.9
84;2021-06-03;4102;2978;211118;114833;37.6;20.5
84;2021-06-04;3606;3032;214724;117865;38.3;21.0
84;2021-06-05;1784;1492;216508;119357;38.6;21.3
84;2021-06-06;985;205;217493;119562;38.8;21.3
84;2021-06-07;2451;2740;219944;122302;39.2;21.8
84;2021-06-08;3311;3048;223255;125350;39.8;22.3
84;2021-06-09;3017;2637;226272;127987;40.3;22.8
84;2021-06-10;3498;2750;229770;130737;41.0;23.3
84;2021-06-11;3017;3053;232787;133790;41.5;23.8
84;2021-06-12;1957;1312;234744;135102;41.8;24.1
84;2021-06-13;410;210;235154;135312;41.9;24.1
84;2021-06-14;1918;3158;237072;138470;42.3;24.7
84;2021-06-15;2559;3449;239631;141919;42.7;25.3
84;2021-06-16;2513;2939;242144;144858;43.2;25.8
84;2021-06-17;2954;3451;245098;148309;43.7;26.4
84;2021-06-18;2413;3545;247511;151854;44.1;27.1
84;2021-06-19;1286;1539;248797;153393;44.3;27.3
84;2021-06-20;544;353;249341;153746;44.4;27.4
84;2021-06-21;1562;3133;250903;156879;44.7;28.0
84;2021-06-22;2157;4007;253060;160886;45.1;28.7
84;2021-06-23;2098;3277;255158;164163;45.5;29.3
84;2021-06-24;2186;3470;257344;167633;45.9;29.9
84;2021-06-25;1826;3867;259170;171500;46.2;30.6
84;2021-06-26;1122;1795;260292;173295;46.4;30.9
84;2021-06-27;292;345;260584;173640;46.5;31.0
84;2021-06-28;1197;3223;261781;176863;46.7;31.5
84;2021-06-29;1448;4048;263229;180911;46.9;32.2
84;2021-06-30;1704;3955;264933;184866;47.2;33.0
84;2021-07-01;1774;3941;266707;188807;47.5;33.7
84;2021-07-02;1718;3890;268425;192697;47.8;34.3
84;2021-07-03;1077;2027;269502;194724;48.0;34.7
84;2021-07-04;379;413;269881;195137;48.1;34.8
84;2021-07-05;1418;3542;271299;198679;48.4;35.4
84;2021-07-06;1525;4169;272824;202848;48.6;36.2
84;2021-07-07;1624;3098;274448;205946;48.9;36.7
84;2021-07-08;2089;3744;276537;209690;49.3;37.4
84;2021-07-09;1800;3958;278337;213648;49.6;38.1
84;2021-07-10;1236;2146;279573;215794;49.8;38.5
84;2021-07-11;332;304;279905;216098;49.9;38.5
84;2021-07-12;1370;3834;281275;219932;50.1;39.2
84;2021-07-13;2304;4993;283579;224925;50.5;40.1
84;2021-07-14;1863;1233;285442;226158;50.9;40.3
84;2021-07-15;2584;4533;288026;230691;51.3;41.1
84;2021-07-16;2752;4572;290778;235263;51.8;41.9
84;2021-07-17;1566;2424;292344;237687;52.1;42.4
84;2021-07-18;1006;537;293350;238224;52.3;42.5
84;2021-07-19;2371;3720;295721;241944;52.7;43.1
84;2021-07-20;2910;4118;298631;246062;53.2;43.9
84;2021-07-21;3153;3620;301784;249682;53.8;44.5
84;2021-07-22;3710;3732;305494;253414;54.5;45.2
85;2020-12-27;0;0;0;0;0.0;0.0
85;2020-12-28;0;0;0;0;0.0;0.0
85;2020-12-29;0;0;0;0;0.0;0.0
85;2020-12-30;0;0;0;0;0.0;0.0
85;2020-12-31;0;0;0;0;0.0;0.0
85;2021-01-01;0;0;0;0;0.0;0.0
85;2021-01-02;0;0;0;0;0.0;0.0
85;2021-01-03;0;0;0;0;0.0;0.0
85;2021-01-04;25;0;25;0;0.0;0.0
85;2021-01-05;62;0;87;0;0.0;0.0
85;2021-01-06;107;1;194;1;0.0;0.0
85;2021-01-07;202;0;396;1;0.1;0.0
85;2021-01-08;291;1;687;2;0.1;0.0
85;2021-01-09;288;2;975;4;0.1;0.0
85;2021-01-10;59;0;1034;4;0.2;0.0
85;2021-01-11;453;0;1487;4;0.2;0.0
85;2021-01-12;586;2;2073;6;0.3;0.0
85;2021-01-13;544;1;2617;7;0.4;0.0
85;2021-01-14;678;3;3295;10;0.5;0.0
85;2021-01-15;437;3;3732;13;0.5;0.0
85;2021-01-16;262;3;3994;16;0.6;0.0
85;2021-01-17;37;0;4031;16;0.6;0.0
85;2021-01-18;996;2;5027;18;0.7;0.0
85;2021-01-19;1426;4;6453;22;0.9;0.0
85;2021-01-20;1872;2;8325;24;1.2;0.0
85;2021-01-21;3218;3;11543;27;1.7;0.0
85;2021-01-22;1694;18;13237;45;1.9;0.0
85;2021-01-23;464;2;13701;47;2.0;0.0
85;2021-01-24;49;0;13750;47;2.0;0.0
85;2021-01-25;576;1;14326;48;2.1;0.0
85;2021-01-26;875;34;15201;82;2.2;0.0
85;2021-01-27;1786;32;16987;114;2.5;0.0
85;2021-01-28;1621;36;18608;150;2.7;0.0
85;2021-01-29;872;63;19480;213;2.9;0.0
85;2021-01-30;148;5;19628;218;2.9;0.0
85;2021-01-31;2;48;19630;266;2.9;0.0
85;2021-02-01;479;103;20109;369;2.9;0.1
85;2021-02-02;537;176;20646;545;3.0;0.1
85;2021-02-03;413;261;21059;806;3.1;0.1
85;2021-02-04;620;267;21679;1073;3.2;0.2
85;2021-02-05;624;265;22303;1338;3.3;0.2
85;2021-02-06;151;244;22454;1582;3.3;0.2
85;2021-02-07;1;0;22455;1582;3.3;0.2
85;2021-02-08;387;655;22842;2237;3.3;0.3
85;2021-02-09;660;1061;23502;3298;3.4;0.5
85;2021-02-10;583;1131;24085;4429;3.5;0.6
85;2021-02-11;1543;3041;25628;7470;3.8;1.1
85;2021-02-12;1012;1259;26640;8729;3.9;1.3
85;2021-02-13;250;506;26890;9235;3.9;1.4
85;2021-02-14;2;133;26892;9368;3.9;1.4
85;2021-02-15;335;817;27227;10185;4.0;1.5
85;2021-02-16;570;1187;27797;11372;4.1;1.7
85;2021-02-17;780;1569;28577;12941;4.2;1.9
85;2021-02-18;1274;1931;29851;14872;4.4;2.2
85;2021-02-19;951;1201;30802;16073;4.5;2.4
85;2021-02-20;173;263;30975;16336;4.5;2.4
85;2021-02-21;1;11;30976;16347;4.5;2.4
85;2021-02-22;811;885;31787;17232;4.7;2.5
85;2021-02-23;829;486;32616;17718;4.8;2.6
85;2021-02-24;754;312;33370;18030;4.9;2.6
85;2021-02-25;1335;392;34705;18422;5.1;2.7
85;2021-02-26;1227;324;35932;18746;5.3;2.7
85;2021-02-27;400;97;36332;18843;5.3;2.8
85;2021-02-28;6;1;36338;18844;5.3;2.8
85;2021-03-01;758;428;37096;19272;5.4;2.8
85;2021-03-02;1100;790;38196;20062;5.6;2.9
85;2021-03-03;842;512;39038;20574;5.7;3.0
85;2021-03-04;1573;1172;40611;21746;5.9;3.2
85;2021-03-05;1735;846;42346;22592;6.2;3.3
85;2021-03-06;1226;127;43572;22719;6.4;3.3
85;2021-03-07;332;31;43904;22750;6.4;3.3
85;2021-03-08;1736;456;45640;23206;6.7;3.4
85;2021-03-09;2239;567;47879;23773;7.0;3.5
85;2021-03-10;1857;646;49736;24419;7.3;3.6
85;2021-03-11;3111;1076;52847;25495;7.7;3.7
85;2021-03-12;2725;859;55572;26354;8.1;3.9
85;2021-03-13;1370;158;56942;26512;8.3;3.9
85;2021-03-14;178;0;57120;26512;8.4;3.9
85;2021-03-15;1914;508;59034;27020;8.6;4.0
85;2021-03-16;1624;515;60658;27535;8.9;4.0
85;2021-03-17;980;522;61638;28057;9.0;4.1
85;2021-03-18;1896;455;63534;28512;9.3;4.2
85;2021-03-19;2200;365;65734;28877;9.6;4.2
85;2021-03-20;1065;175;66799;29052;9.8;4.3
85;2021-03-21;269;5;67068;29057;9.8;4.3
85;2021-03-22;1755;556;68823;29613;10.1;4.3
85;2021-03-23;2412;724;71235;30337;10.4;4.4
85;2021-03-24;2207;526;73442;30863;10.7;4.5
85;2021-03-25;3645;582;77087;31445;11.3;4.6
85;2021-03-26;3356;643;80443;32088;11.8;4.7
85;2021-03-27;1725;117;82168;32205;12.0;4.7
85;2021-03-28;534;3;82702;32208;12.1;4.7
85;2021-03-29;2410;755;85112;32963;12.5;4.8
85;2021-03-30;2861;1016;87973;33979;12.9;5.0
85;2021-03-31;2195;662;90168;34641;13.2;5.1
85;2021-04-01;3866;902;94034;35543;13.8;5.2
85;2021-04-02;2704;1084;96738;36627;14.2;5.4
85;2021-04-03;1408;316;98146;36943;14.4;5.4
85;2021-04-04;323;27;98469;36970;14.4;5.4
85;2021-04-05;104;174;98573;37144;14.4;5.4
85;2021-04-06;2199;1596;100772;38740;14.8;5.7
85;2021-04-07;3092;1186;103864;39926;15.2;5.8
85;2021-04-08;4525;1590;108389;41516;15.9;6.1
85;2021-04-09;4598;1218;112987;42734;16.5;6.3
85;2021-04-10;1865;398;114852;43132;16.8;6.3
85;2021-04-11;26;10;114878;43142;16.8;6.3
85;2021-04-12;4283;1472;119161;44614;17.4;6.5
85;2021-04-13;4829;1864;123990;46478;18.1;6.8
85;2021-04-14;3955;999;127945;47477;18.7;6.9
85;2021-04-15;5512;1728;133457;49205;19.5;7.2
85;2021-04-16;5239;1525;138696;50730;20.3;7.4
85;2021-04-17;1382;434;140078;51164;20.5;7.5
85;2021-04-18;348;9;140426;51173;20.6;7.5
85;2021-04-19;3363;1698;143789;52871;21.0;7.7
85;2021-04-20;3697;1918;147486;54789;21.6;8.0
85;2021-04-21;2687;1690;150173;56479;22.0;8.3
85;2021-04-22;3805;2224;153978;58703;22.5;8.6
85;2021-04-23;3894;2070;157872;60773;23.1;8.9
85;2021-04-24;1659;1529;159531;62302;23.4;9.1
85;2021-04-25;980;558;160511;62860;23.5;9.2
85;2021-04-26;3588;2352;164099;65212;24.0;9.5
85;2021-04-27;4389;2154;168488;67366;24.7;9.9
85;2021-04-28;5743;1241;174231;68607;25.5;10.0
85;2021-04-29;5632;1991;179863;70598;26.3;10.3
85;2021-04-30;5572;1664;185435;72262;27.1;10.6
85;2021-05-01;1734;636;187169;72898;27.4;10.7
85;2021-05-02;872;467;188041;73365;27.5;10.7
85;2021-05-03;3489;2378;191530;75743;28.0;11.1
85;2021-05-04;3487;3082;195017;78825;28.5;11.5
85;2021-05-05;4531;2166;199548;80991;29.2;11.9
85;2021-05-06;4918;2583;204466;83574;29.9;12.2
85;2021-05-07;3914;3857;208380;87431;30.5;12.8
85;2021-05-08;2245;227;210625;87658;30.8;12.8
85;2021-05-09;1508;180;212133;87838;31.1;12.9
85;2021-05-10;3206;4927;215339;92765;31.5;13.6
85;2021-05-11;4024;4969;219363;97734;32.1;14.3
85;2021-05-12;5015;3928;224378;101662;32.8;14.9
85;2021-05-13;5136;606;229514;102268;33.6;15.0
85;2021-05-14;4353;3163;233867;105431;34.2;15.4
85;2021-05-15;2322;773;236189;106204;34.6;15.5
85;2021-05-16;2212;162;238401;106366;34.9;15.6
85;2021-05-17;4145;3377;242546;109743;35.5;16.1
85;2021-05-18;5214;2854;247760;112597;36.3;16.5
85;2021-05-19;6491;1762;254251;114359;37.2;16.7
85;2021-05-20;6772;2165;261023;116524;38.2;17.1
85;2021-05-21;5497;2746;266520;119270;39.0;17.5
85;2021-05-22;2582;750;269102;120020;39.4;17.6
85;2021-05-23;1329;156;270431;120176;39.6;17.6
85;2021-05-24;4571;430;275002;120606;40.3;17.7
85;2021-05-25;4515;3565;279517;124171;40.9;18.2
85;2021-05-26;4941;2673;284458;126844;41.6;18.6
85;2021-05-27;4959;3686;289417;130530;42.4;19.1
85;2021-05-28;5249;4067;294666;134597;43.1;19.7
85;2021-05-29;3957;1522;298623;136119;43.7;19.9
85;2021-05-30;1290;125;299913;136244;43.9;19.9
85;2021-05-31;4687;3379;304600;139623;44.6;20.4
85;2021-06-01;5396;3397;309996;143020;45.4;20.9
85;2021-06-02;5549;2521;315545;145541;46.2;21.3
85;2021-06-03;5913;3232;321458;148773;47.1;21.8
85;2021-06-04;5833;3819;327291;152592;47.9;22.3
85;2021-06-05;2852;1936;330143;154528;48.3;22.6
85;2021-06-06;1508;802;331651;155330;48.5;22.7
85;2021-06-07;3232;4855;334883;160185;49.0;23.4
85;2021-06-08;4080;4519;338963;164704;49.6;24.1
85;2021-06-09;4838;3511;343801;168215;50.3;24.6
85;2021-06-10;5189;3692;348990;171907;51.1;25.2
85;2021-06-11;4500;4660;353490;176567;51.7;25.8
85;2021-06-12;1488;1796;354978;178363;52.0;26.1
85;2021-06-13;1220;671;356198;179034;52.1;26.2
85;2021-06-14;2678;5092;358876;184126;52.5;27.0
85;2021-06-15;3705;4930;362581;189056;53.1;27.7
85;2021-06-16;4078;3904;366659;192960;53.7;28.2
85;2021-06-17;3938;3897;370597;196857;54.2;28.8
85;2021-06-18;3619;5673;374216;202530;54.8;29.6
85;2021-06-19;1211;2025;375427;204555;55.0;29.9
85;2021-06-20;137;521;375564;205076;55.0;30.0
85;2021-06-21;2366;5815;377930;210891;55.3;30.9
85;2021-06-22;2833;5726;380763;216617;55.7;31.7
85;2021-06-23;3375;4483;384138;221100;56.2;32.4
85;2021-06-24;3635;4560;387773;225660;56.8;33.0
85;2021-06-25;2279;6196;390052;231856;57.1;33.9
85;2021-06-26;788;3774;390840;235630;57.2;34.5
85;2021-06-27;124;1372;390964;237002;57.2;34.7
85;2021-06-28;1169;6729;392133;243731;57.4;35.7
85;2021-06-29;1745;6884;393878;250615;57.7;36.7
85;2021-06-30;2167;6205;396045;256820;58.0;37.6
85;2021-07-01;2798;6067;398843;262887;58.4;38.5
85;2021-07-02;2253;7035;401096;269922;58.7;39.5
85;2021-07-03;611;3168;401707;273090;58.8;40.0
85;2021-07-04;141;1086;401848;274176;58.8;40.1
85;2021-07-05;1048;6670;402896;280846;59.0;41.1
85;2021-07-06;1558;6464;404454;287310;59.2;42.1
85;2021-07-07;1628;5863;406082;293173;59.4;42.9
85;2021-07-08;2139;5447;408221;298620;59.8;43.7
85;2021-07-09;1631;7105;409852;305725;60.0;44.7
85;2021-07-10;557;2839;410409;308564;60.1;45.2
85;2021-07-11;524;1287;410933;309851;60.1;45.4
85;2021-07-12;1402;7059;412335;316910;60.4;46.4
85;2021-07-13;2042;7392;414377;324302;60.7;47.5
85;2021-07-14;1450;2049;415827;326351;60.9;47.8
85;2021-07-15;2660;6945;418487;333296;61.3;48.8
85;2021-07-16;3404;6836;421891;340132;61.8;49.8
85;2021-07-17;1552;2146;423443;342278;62.0;50.1
85;2021-07-18;1142;1154;424585;343432;62.1;50.3
85;2021-07-19;3521;6231;428106;349663;62.7;51.2
85;2021-07-20;4279;6215;432385;355878;63.3;52.1
85;2021-07-21;3956;6183;436341;362061;63.9;53.0
85;2021-07-22;3813;6145;440154;368206;64.4;53.9
86;2020-12-27;0;0;0;0;0.0;0.0
86;2020-12-28;0;0;0;0;0.0;0.0
86;2020-12-29;1;0;1;0;0.0;0.0
86;2020-12-30;0;0;1;0;0.0;0.0
86;2020-12-31;0;0;1;0;0.0;0.0
86;2021-01-01;0;0;1;0;0.0;0.0
86;2021-01-02;0;0;1;0;0.0;0.0
86;2021-01-03;0;0;1;0;0.0;0.0
86;2021-01-04;0;0;1;0;0.0;0.0
86;2021-01-05;0;0;1;0;0.0;0.0
86;2021-01-06;178;0;179;0;0.0;0.0
86;2021-01-07;671;0;850;0;0.2;0.0
86;2021-01-08;594;3;1444;3;0.3;0.0
86;2021-01-09;0;0;1444;3;0.3;0.0
86;2021-01-10;173;0;1617;3;0.4;0.0
86;2021-01-11;302;1;1919;4;0.4;0.0
86;2021-01-12;458;1;2377;5;0.5;0.0
86;2021-01-13;336;0;2713;5;0.6;0.0
86;2021-01-14;551;1;3264;6;0.7;0.0
86;2021-01-15;533;1;3797;7;0.9;0.0
86;2021-01-16;0;0;3797;7;0.9;0.0
86;2021-01-17;0;0;3797;7;0.9;0.0
86;2021-01-18;564;0;4361;7;1.0;0.0
86;2021-01-19;1873;0;6234;7;1.4;0.0
86;2021-01-20;1444;18;7678;25;1.8;0.0
86;2021-01-21;1289;0;8967;25;2.1;0.0
86;2021-01-22;827;0;9794;25;2.2;0.0
86;2021-01-23;312;0;10106;25;2.3;0.0
86;2021-01-24;0;0;10106;25;2.3;0.0
86;2021-01-25;583;109;10689;134;2.4;0.0
86;2021-01-26;748;122;11437;256;2.6;0.1
86;2021-01-27;763;156;12200;412;2.8;0.1
86;2021-01-28;1041;427;13241;839;3.0;0.2
86;2021-01-29;878;219;14119;1058;3.2;0.2
86;2021-01-30;275;104;14394;1162;3.3;0.3
86;2021-01-31;57;157;14451;1319;3.3;0.3
86;2021-02-01;433;207;14884;1526;3.4;0.3
86;2021-02-02;574;386;15458;1912;3.5;0.4
86;2021-02-03;526;224;15984;2136;3.7;0.5
86;2021-02-04;477;365;16461;2501;3.8;0.6
86;2021-02-05;441;745;16902;3246;3.9;0.7
86;2021-02-06;147;206;17049;3452;3.9;0.8
86;2021-02-07;120;6;17169;3458;3.9;0.8
86;2021-02-08;361;328;17530;3786;4.0;0.9
86;2021-02-09;744;1123;18274;4909;4.2;1.1
86;2021-02-10;978;937;19252;5846;4.4;1.3
86;2021-02-11;999;976;20251;6822;4.6;1.6
86;2021-02-12;749;375;21000;7197;4.8;1.6
86;2021-02-13;191;95;21191;7292;4.8;1.7
86;2021-02-14;1;34;21192;7326;4.8;1.7
86;2021-02-15;243;507;21435;7833;4.9;1.8
86;2021-02-16;385;866;21820;8699;5.0;2.0
86;2021-02-17;449;894;22269;9593;5.1;2.2
86;2021-02-18;420;875;22689;10468;5.2;2.4
86;2021-02-19;600;644;23289;11112;5.3;2.5
86;2021-02-20;115;176;23404;11288;5.4;2.6
86;2021-02-21;0;0;23404;11288;5.4;2.6
86;2021-02-22;240;429;23644;11717;5.4;2.7
86;2021-02-23;369;606;24013;12323;5.5;2.8
86;2021-02-24;407;587;24420;12910;5.6;3.0
86;2021-02-25;900;667;25320;13577;5.8;3.1
86;2021-02-26;1027;538;26347;14115;6.0;3.2
86;2021-02-27;459;146;26806;14261;6.1;3.3
86;2021-02-28;3;2;26809;14263;6.1;3.3
86;2021-03-01;231;526;27040;14789;6.2;3.4
86;2021-03-02;1141;844;28181;15633;6.4;3.6
86;2021-03-03;792;622;28973;16255;6.6;3.7
86;2021-03-04;1495;613;30468;16868;7.0;3.9
86;2021-03-05;1576;310;32044;17178;7.3;3.9
86;2021-03-06;993;169;33037;17347;7.6;4.0
86;2021-03-07;369;29;33406;17376;7.6;4.0
86;2021-03-08;469;539;33875;17915;7.7;4.1
86;2021-03-09;1368;526;35243;18441;8.1;4.2
86;2021-03-10;950;608;36193;19049;8.3;4.4
86;2021-03-11;1793;470;37986;19519;8.7;4.5
86;2021-03-12;2204;433;40190;19952;9.2;4.6
86;2021-03-13;1446;94;41636;20046;9.5;4.6
86;2021-03-14;133;15;41769;20061;9.5;4.6
86;2021-03-15;782;159;42551;20220;9.7;4.6
86;2021-03-16;846;203;43397;20423;9.9;4.7
86;2021-03-17;786;202;44183;20625;10.1;4.7
86;2021-03-18;999;98;45182;20723;10.3;4.7
86;2021-03-19;2138;318;47320;21041;10.8;4.8
86;2021-03-20;592;130;47912;21171;11.0;4.8
86;2021-03-21;10;0;47922;21171;11.0;4.8
86;2021-03-22;851;273;48773;21444;11.2;4.9
86;2021-03-23;2011;326;50784;21770;11.6;5.0
86;2021-03-24;1555;286;52339;22056;12.0;5.0
86;2021-03-25;2482;349;54821;22405;12.5;5.1
86;2021-03-26;3035;350;57856;22755;13.2;5.2
86;2021-03-27;731;141;58587;22896;13.4;5.2
86;2021-03-28;5;128;58592;23024;13.4;5.3
86;2021-03-29;1255;391;59847;23415;13.7;5.4
86;2021-03-30;2391;817;62238;24232;14.2;5.5
86;2021-03-31;1511;619;63749;24851;14.6;5.7
86;2021-04-01;2236;935;65985;25786;15.1;5.9
86;2021-04-02;1899;551;67884;26337;15.5;6.0
86;2021-04-03;827;320;68711;26657;15.7;6.1
86;2021-04-04;82;108;68793;26765;15.7;6.1
86;2021-04-05;312;3;69105;26768;15.8;6.1
86;2021-04-06;1528;958;70633;27726;16.1;6.3
86;2021-04-07;1629;621;72262;28347;16.5;6.5
86;2021-04-08;2566;757;74828;29104;17.1;6.7
86;2021-04-09;3248;642;78076;29746;17.9;6.8
86;2021-04-10;1663;190;79739;29936;18.2;6.8
86;2021-04-11;442;9;80181;29945;18.3;6.8
86;2021-04-12;823;763;81004;30708;18.5;7.0
86;2021-04-13;2451;937;83455;31645;19.1;7.2
86;2021-04-14;1871;870;85326;32515;19.5;7.4
86;2021-04-15;2271;721;87597;33236;20.0;7.6
86;2021-04-16;2466;1226;90063;34462;20.6;7.9
86;2021-04-17;1040;257;91103;34719;20.8;7.9
86;2021-04-18;118;2;91221;34721;20.9;7.9
86;2021-04-19;745;791;91966;35512;21.0;8.1
86;2021-04-20;2301;1498;94267;37010;21.6;8.5
86;2021-04-21;2109;1114;96376;38124;22.0;8.7
86;2021-04-22;2330;1440;98706;39564;22.6;9.0
86;2021-04-23;2393;1569;101099;41133;23.1;9.4
86;2021-04-24;1298;508;102397;41641;23.4;9.5
86;2021-04-25;825;25;103222;41666;23.6;9.5
86;2021-04-26;2079;885;105301;42551;24.1;9.7
86;2021-04-27;3150;1659;108451;44210;24.8;10.1
86;2021-04-28;3002;1517;111453;45727;25.5;10.5
86;2021-04-29;3553;1816;115006;47543;26.3;10.9
86;2021-04-30;2965;1477;117971;49020;27.0;11.2
86;2021-05-01;1579;195;119550;49215;27.3;11.3
86;2021-05-02;1280;41;120830;49256;27.6;11.3
86;2021-05-03;2562;993;123392;50249;28.2;11.5
86;2021-05-04;3505;1890;126897;52139;29.0;11.9
86;2021-05-05;3990;1467;130887;53606;29.9;12.3
86;2021-05-06;4289;1650;135176;55256;30.9;12.6
86;2021-05-07;4042;1816;139218;57072;31.8;13.0
86;2021-05-08;1976;396;141194;57468;32.3;13.1
86;2021-05-09;1642;204;142836;57672;32.7;13.2
86;2021-05-10;1954;1171;144790;58843;33.1;13.5
86;2021-05-11;3602;2679;148392;61522;33.9;14.1
86;2021-05-12;2245;1645;150637;63167;34.4;14.4
86;2021-05-13;1685;297;152322;63464;34.8;14.5
86;2021-05-14;2099;788;154421;64252;35.3;14.7
86;2021-05-15;1467;502;155888;64754;35.6;14.8
86;2021-05-16;778;164;156666;64918;35.8;14.8
86;2021-05-17;3221;1059;159887;65977;36.6;15.1
86;2021-05-18;4301;1663;164188;67640;37.5;15.5
86;2021-05-19;3586;1433;167774;69073;38.4;15.8
86;2021-05-20;4376;1620;172150;70693;39.4;16.2
86;2021-05-21;3440;1769;175590;72462;40.1;16.6
86;2021-05-22;2077;659;177667;73121;40.6;16.7
86;2021-05-23;1438;183;179105;73304;40.9;16.8
86;2021-05-24;1844;201;180949;73505;41.4;16.8
86;2021-05-25;2846;1640;183795;75145;42.0;17.2
86;2021-05-26;2727;1525;186522;76670;42.6;17.5
86;2021-05-27;3544;1841;190066;78511;43.5;17.9
86;2021-05-28;2161;2539;192227;81050;43.9;18.5
86;2021-05-29;1526;1281;193753;82331;44.3;18.8
86;2021-05-30;935;131;194688;82462;44.5;18.9
86;2021-05-31;1920;1818;196608;84280;44.9;19.3
86;2021-06-01;2661;2590;199269;86870;45.6;19.9
86;2021-06-02;2296;2663;201565;89533;46.1;20.5
86;2021-06-03;3328;2405;204893;91938;46.8;21.0
86;2021-06-04;2233;2863;207126;94801;47.4;21.7
86;2021-06-05;1503;1579;208629;96380;47.7;22.0
86;2021-06-06;819;900;209448;97280;47.9;22.2
86;2021-06-07;1116;2464;210564;99744;48.1;22.8
86;2021-06-08;1985;3692;212549;103436;48.6;23.6
86;2021-06-09;1900;3315;214449;106751;49.0;24.4
86;2021-06-10;2345;3229;216794;109980;49.6;25.1
86;2021-06-11;1517;2788;218311;112768;49.9;25.8
86;2021-06-12;746;2249;219057;115017;50.1;26.3
86;2021-06-13;213;1477;219270;116494;50.1;26.6
86;2021-06-14;1155;2904;220425;119398;50.4;27.3
86;2021-06-15;1684;4258;222109;123656;50.8;28.3
86;2021-06-16;1806;3127;223915;126783;51.2;29.0
86;2021-06-17;1772;4443;225687;131226;51.6;30.0
86;2021-06-18;1875;4581;227562;135807;52.0;31.0
86;2021-06-19;630;2093;228192;137900;52.2;31.5
86;2021-06-20;172;1322;228364;139222;52.2;31.8
86;2021-06-21;1099;2239;229463;141461;52.5;32.3
86;2021-06-22;1294;3456;230757;144917;52.8;33.1
86;2021-06-23;1352;2399;232109;147316;53.1;33.7
86;2021-06-24;1580;2722;233689;150038;53.4;34.3
86;2021-06-25;1181;3557;234870;153595;53.7;35.1
86;2021-06-26;386;2657;235256;156252;53.8;35.7
86;2021-06-27;134;1636;235390;157888;53.8;36.1
86;2021-06-28;266;3343;235656;161231;53.9;36.9
86;2021-06-29;857;4607;236513;165838;54.1;37.9
86;2021-06-30;1043;2976;237556;168814;54.3;38.6
86;2021-07-01;1536;3004;239092;171818;54.7;39.3
86;2021-07-02;1103;3652;240195;175470;54.9;40.1
86;2021-07-03;515;2397;240710;177867;55.0;40.7
86;2021-07-04;113;1348;240823;179215;55.1;41.0
86;2021-07-05;464;2836;241287;182051;55.2;41.6
86;2021-07-06;981;4101;242268;186152;55.4;42.6
86;2021-07-07;1248;2630;243516;188782;55.7;43.2
86;2021-07-08;1608;3159;245124;191941;56.0;43.9
86;2021-07-09;1733;3080;246857;195021;56.4;44.6
86;2021-07-10;1294;1954;248151;196975;56.7;45.0
86;2021-07-11;480;839;248631;197814;56.8;45.2
86;2021-07-12;822;2400;249453;200214;57.0;45.8
86;2021-07-13;1767;3369;251220;203583;57.4;46.5
86;2021-07-14;764;1231;251984;204814;57.6;46.8
86;2021-07-15;1871;3291;253855;208105;58.0;47.6
86;2021-07-16;1659;2657;255514;210762;58.4;48.2
86;2021-07-17;1342;1598;256856;212360;58.7;48.6
86;2021-07-18;376;904;257232;213264;58.8;48.8
86;2021-07-19;1366;1884;258598;215148;59.1;49.2
86;2021-07-20;2332;2727;260930;217875;59.7;49.8
86;2021-07-21;2282;2138;263212;220013;60.2;50.3
86;2021-07-22;2881;2779;266093;222792;60.8;50.9
87;2020-12-27;0;0;0;0;0.0;0.0
87;2020-12-28;1;0;1;0;0.0;0.0
87;2020-12-29;0;0;1;0;0.0;0.0
87;2020-12-30;0;0;1;0;0.0;0.0
87;2020-12-31;0;0;1;0;0.0;0.0
87;2021-01-01;0;0;1;0;0.0;0.0
87;2021-01-02;0;0;1;0;0.0;0.0
87;2021-01-03;0;0;1;0;0.0;0.0
87;2021-01-04;1;0;2;0;0.0;0.0
87;2021-01-05;1;0;3;0;0.0;0.0
87;2021-01-06;10;0;13;0;0.0;0.0
87;2021-01-07;301;0;314;0;0.1;0.0
87;2021-01-08;407;0;721;0;0.2;0.0
87;2021-01-09;64;0;785;0;0.2;0.0
87;2021-01-10;35;0;820;0;0.2;0.0
87;2021-01-11;424;0;1244;0;0.3;0.0
87;2021-01-12;650;0;1894;0;0.5;0.0
87;2021-01-13;658;1;2552;1;0.7;0.0
87;2021-01-14;515;11;3067;12;0.8;0.0
87;2021-01-15;532;3;3599;15;1.0;0.0
87;2021-01-16;203;1;3802;16;1.0;0.0
87;2021-01-17;1;0;3803;16;1.0;0.0
87;2021-01-18;645;4;4448;20;1.2;0.0
87;2021-01-19;654;1;5102;21;1.4;0.0
87;2021-01-20;674;1;5776;22;1.6;0.0
87;2021-01-21;715;1;6491;23;1.8;0.0
87;2021-01-22;757;4;7248;27;2.0;0.0
87;2021-01-23;285;0;7533;27;2.0;0.0
87;2021-01-24;0;0;7533;27;2.0;0.0
87;2021-01-25;621;10;8154;37;2.2;0.0
87;2021-01-26;569;53;8723;90;2.4;0.0
87;2021-01-27;572;40;9295;130;2.5;0.0
87;2021-01-28;856;109;10151;239;2.7;0.1
87;2021-01-29;740;271;10891;510;2.9;0.1
87;2021-01-30;327;75;11218;585;3.0;0.2
87;2021-01-31;33;71;11251;656;3.0;0.2
87;2021-02-01;412;309;11663;965;3.1;0.3
87;2021-02-02;451;483;12114;1448;3.3;0.4
87;2021-02-03;542;419;12656;1867;3.4;0.5
87;2021-02-04;613;593;13269;2460;3.6;0.7
87;2021-02-05;342;384;13611;2844;3.7;0.8
87;2021-02-06;48;154;13659;2998;3.7;0.8
87;2021-02-07;20;0;13679;2998;3.7;0.8
87;2021-02-08;246;445;13925;3443;3.8;0.9
87;2021-02-09;218;546;14143;3989;3.8;1.1
87;2021-02-10;260;626;14403;4615;3.9;1.2
87;2021-02-11;285;541;14688;5156;4.0;1.4
87;2021-02-12;284;538;14972;5694;4.0;1.5
87;2021-02-13;25;169;14997;5863;4.0;1.6
87;2021-02-14;0;3;14997;5866;4.0;1.6
87;2021-02-15;237;391;15234;6257;4.1;1.7
87;2021-02-16;328;333;15562;6590;4.2;1.8
87;2021-02-17;330;383;15892;6973;4.3;1.9
87;2021-02-18;475;646;16367;7619;4.4;2.1
87;2021-02-19;400;479;16767;8098;4.5;2.2
87;2021-02-20;122;197;16889;8295;4.6;2.2
87;2021-02-21;2;9;16891;8304;4.6;2.2
87;2021-02-22;438;575;17329;8879;4.7;2.4
87;2021-02-23;555;630;17884;9509;4.8;2.6
87;2021-02-24;451;585;18335;10094;4.9;2.7
87;2021-02-25;789;705;19124;10799;5.2;2.9
87;2021-02-26;839;476;19963;11275;5.4;3.0
87;2021-02-27;404;211;20367;11486;5.5;3.1
87;2021-02-28;3;0;20370;11486;5.5;3.1
87;2021-03-01;514;370;20884;11856;5.6;3.2
87;2021-03-02;1030;385;21914;12241;5.9;3.3
87;2021-03-03;1173;337;23087;12578;6.2;3.4
87;2021-03-04;1406;333;24493;12911;6.6;3.5
87;2021-03-05;1762;283;26255;13194;7.1;3.6
87;2021-03-06;1040;33;27295;13227;7.4;3.6
87;2021-03-07;257;5;27552;13232;7.4;3.6
87;2021-03-08;858;240;28410;13472;7.7;3.6
87;2021-03-09;1288;227;29698;13699;8.0;3.7
87;2021-03-10;1297;227;30995;13926;8.4;3.8
87;2021-03-11;1752;249;32747;14175;8.8;3.8
87;2021-03-12;2116;283;34863;14458;9.4;3.9
87;2021-03-13;1305;15;36168;14473;9.8;3.9
87;2021-03-14;80;0;36248;14473;9.8;3.9
87;2021-03-15;986;357;37234;14830;10.0;4.0
87;2021-03-16;1061;238;38295;15068;10.3;4.1
87;2021-03-17;1070;214;39365;15282;10.6;4.1
87;2021-03-18;1178;329;40543;15611;10.9;4.2
87;2021-03-19;1681;265;42224;15876;11.4;4.3
87;2021-03-20;919;85;43143;15961;11.6;4.3
87;2021-03-21;32;0;43175;15961;11.6;4.3
87;2021-03-22;1041;376;44216;16337;11.9;4.4
87;2021-03-23;1383;421;45599;16758;12.3;4.5
87;2021-03-24;1508;363;47107;17121;12.7;4.6
87;2021-03-25;2494;390;49601;17511;13.4;4.7
87;2021-03-26;2522;451;52123;17962;14.1;4.8
87;2021-03-27;888;125;53011;18087;14.3;4.9
87;2021-03-28;269;16;53280;18103;14.4;4.9
87;2021-03-29;1115;415;54395;18518;14.7;5.0
87;2021-03-30;1905;659;56300;19177;15.2;5.2
87;2021-03-31;1658;692;57958;19869;15.6;5.4
87;2021-04-01;2222;570;60180;20439;16.2;5.5
87;2021-04-02;1834;626;62014;21065;16.7;5.7
87;2021-04-03;454;263;62468;21328;16.8;5.8
87;2021-04-04;1;0;62469;21328;16.8;5.8
87;2021-04-05;80;1;62549;21329;16.9;5.8
87;2021-04-06;992;899;63541;22228;17.1;6.0
87;2021-04-07;1481;918;65022;23146;17.5;6.2
87;2021-04-08;1780;1031;66802;24177;18.0;6.5
87;2021-04-09;2641;732;69443;24909;18.7;6.7
87;2021-04-10;1190;305;70633;25214;19.1;6.8
87;2021-04-11;67;0;70700;25214;19.1;6.8
87;2021-04-12;1622;823;72322;26037;19.5;7.0
87;2021-04-13;2281;1051;74603;27088;20.1;7.3
87;2021-04-14;2526;1180;77129;28268;20.8;7.6
87;2021-04-15;2208;1065;79337;29333;21.4;7.9
87;2021-04-16;2732;1063;82069;30396;22.1;8.2
87;2021-04-17;730;384;82799;30780;22.3;8.3
87;2021-04-18;111;140;82910;30920;22.4;8.3
87;2021-04-19;1657;827;84567;31747;22.8;8.6
87;2021-04-20;2084;876;86651;32623;23.4;8.8
87;2021-04-21;2291;984;88942;33607;24.0;9.1
87;2021-04-22;2559;1152;91501;34759;24.7;9.4
87;2021-04-23;1995;1175;93496;35934;25.2;9.7
87;2021-04-24;824;616;94320;36550;25.4;9.9
87;2021-04-25;64;103;94384;36653;25.5;9.9
87;2021-04-26;1354;914;95738;37567;25.8;10.1
87;2021-04-27;2395;1199;98133;38766;26.5;10.5
87;2021-04-28;3866;1433;101999;40199;27.5;10.8
87;2021-04-29;3066;1833;105065;42032;28.3;11.3
87;2021-04-30;3170;1350;108235;43382;29.2;11.7
87;2021-05-01;612;56;108847;43438;29.4;11.7
87;2021-05-02;360;3;109207;43441;29.5;11.7
87;2021-05-03;2300;934;111507;44375;30.1;12.0
87;2021-05-04;2906;1068;114413;45443;30.9;12.3
87;2021-05-05;2989;1506;117402;46949;31.7;12.7
87;2021-05-06;2524;1721;119926;48670;32.3;13.1
87;2021-05-07;2943;1712;122869;50382;33.1;13.6
87;2021-05-08;770;292;123639;50674;33.3;13.7
87;2021-05-09;19;133;123658;50807;33.4;13.7
87;2021-05-10;1928;1601;125586;52408;33.9;14.1
87;2021-05-11;2466;1902;128052;54310;34.5;14.6
87;2021-05-12;2608;2058;130660;56368;35.2;15.2
87;2021-05-13;1084;291;131744;56659;35.5;15.3
87;2021-05-14;2245;1769;133989;58428;36.1;15.8
87;2021-05-15;949;404;134938;58832;36.4;15.9
87;2021-05-16;139;73;135077;58905;36.4;15.9
87;2021-05-17;1626;1759;136703;60664;36.9;16.4
87;2021-05-18;2630;1807;139333;62471;37.6;16.8
87;2021-05-19;2814;1545;142147;64016;38.3;17.3
87;2021-05-20;3297;1718;145444;65734;39.2;17.7
87;2021-05-21;2760;1827;148204;67561;40.0;18.2
87;2021-05-22;1457;619;149661;68180;40.4;18.4
87;2021-05-23;210;92;149871;68272;40.4;18.4
87;2021-05-24;1056;139;150927;68411;40.7;18.5
87;2021-05-25;2117;1814;153044;70225;41.3;18.9
87;2021-05-26;3220;2466;156264;72691;42.1;19.6
87;2021-05-27;3008;2352;159272;75043;43.0;20.2
87;2021-05-28;2669;2518;161941;77561;43.7;20.9
87;2021-05-29;1062;1315;163003;78876;44.0;21.3
87;2021-05-30;257;58;163260;78934;44.0;21.3
87;2021-05-31;2288;1358;165548;80292;44.6;21.7
87;2021-06-01;2545;1862;168093;82154;45.3;22.2
87;2021-06-02;2516;1849;170609;84003;46.0;22.7
87;2021-06-03;3207;2527;173816;86530;46.9;23.3
87;2021-06-04;2838;2051;176654;88581;47.6;23.9
87;2021-06-05;1310;574;177964;89155;48.0;24.0
87;2021-06-06;262;95;178226;89250;48.1;24.1
87;2021-06-07;2100;1900;180326;91150;48.6;24.6
87;2021-06-08;2935;2570;183261;93720;49.4;25.3
87;2021-06-09;2303;2812;185564;96532;50.0;26.0
87;2021-06-10;2969;2552;188533;99084;50.8;26.7
87;2021-06-11;2358;3069;190891;102153;51.5;27.6
87;2021-06-12;1223;1101;192114;103254;51.8;27.8
87;2021-06-13;291;484;192405;103738;51.9;28.0
87;2021-06-14;977;2731;193382;106469;52.2;28.7
87;2021-06-15;1359;3319;194741;109788;52.5;29.6
87;2021-06-16;1646;3423;196387;113211;53.0;30.5
87;2021-06-17;2431;2314;198818;115525;53.6;31.2
87;2021-06-18;1778;3015;200596;118540;54.1;32.0
87;2021-06-19;1041;1173;201637;119713;54.4;32.3
87;2021-06-20;204;205;201841;119918;54.4;32.3
87;2021-06-21;1036;2643;202877;122561;54.7;33.1
87;2021-06-22;1026;2884;203903;125445;55.0;33.8
87;2021-06-23;1250;3084;205153;128529;55.3;34.7
87;2021-06-24;1614;2549;206767;131078;55.8;35.4
87;2021-06-25;1438;2717;208205;133795;56.2;36.1
87;2021-06-26;529;1202;208734;134997;56.3;36.4
87;2021-06-27;25;212;208759;135209;56.3;36.5
87;2021-06-28;712;2574;209471;137783;56.5;37.2
87;2021-06-29;1152;3414;210623;141197;56.8;38.1
87;2021-06-30;1115;2653;211738;143850;57.1;38.8
87;2021-07-01;1343;2555;213081;146405;57.5;39.5
87;2021-07-02;1193;3459;214274;149864;57.8;40.4
87;2021-07-03;407;1507;214681;151371;57.9;40.8
87;2021-07-04;22;383;214703;151754;57.9;40.9
87;2021-07-05;683;2394;215386;154148;58.1;41.6
87;2021-07-06;577;3231;215963;157379;58.2;42.4
87;2021-07-07;862;3352;216825;160731;58.5;43.4
87;2021-07-08;1116;3664;217941;164395;58.8;44.3
87;2021-07-09;1103;3702;219044;168097;59.1;45.3
87;2021-07-10;282;1358;219326;169455;59.2;45.7
87;2021-07-11;49;284;219375;169739;59.2;45.8
87;2021-07-12;543;3184;219918;172923;59.3;46.6
87;2021-07-13;824;3519;220742;176442;59.5;47.6
87;2021-07-14;513;539;221255;176981;59.7;47.7
87;2021-07-15;1346;3461;222601;180442;60.0;48.7
87;2021-07-16;1717;3593;224318;184035;60.5;49.6
87;2021-07-17;647;1367;224965;185402;60.7;50.0
87;2021-07-18;81;283;225046;185685;60.7;50.1
87;2021-07-19;1424;3401;226470;189086;61.1;51.0
87;2021-07-20;1796;3589;228266;192675;61.6;52.0
87;2021-07-21;1425;3137;229691;195812;61.9;52.8
87;2021-07-22;1864;3239;231555;199051;62.5;53.7
88;2020-12-27;0;0;0;0;0.0;0.0
88;2020-12-28;0;0;0;0;0.0;0.0
88;2020-12-29;0;0;0;0;0.0;0.0
88;2020-12-30;0;0;0;0;0.0;0.0
88;2020-12-31;0;0;0;0;0.0;0.0
88;2021-01-01;2;0;2;0;0.0;0.0
88;2021-01-02;0;0;2;0;0.0;0.0
88;2021-01-03;0;0;2;0;0.0;0.0
88;2021-01-04;0;0;2;0;0.0;0.0
88;2021-01-05;1;0;3;0;0.0;0.0
88;2021-01-06;2;0;5;0;0.0;0.0
88;2021-01-07;70;1;75;1;0.0;0.0
88;2021-01-08;189;2;264;3;0.1;0.0
88;2021-01-09;190;0;454;3;0.1;0.0
88;2021-01-10;0;0;454;3;0.1;0.0
88;2021-01-11;226;0;680;3;0.2;0.0
88;2021-01-12;422;1;1102;4;0.3;0.0
88;2021-01-13;490;2;1592;6;0.4;0.0
88;2021-01-14;343;2;1935;8;0.5;0.0
88;2021-01-15;379;2;2314;10;0.6;0.0
88;2021-01-16;62;0;2376;10;0.7;0.0
88;2021-01-17;0;0;2376;10;0.7;0.0
88;2021-01-18;460;0;2836;10;0.8;0.0
88;2021-01-19;447;0;3283;10;0.9;0.0
88;2021-01-20;461;1;3744;11;1.0;0.0
88;2021-01-21;1539;0;5283;11;1.5;0.0
88;2021-01-22;1160;1;6443;12;1.8;0.0
88;2021-01-23;284;0;6727;12;1.9;0.0
88;2021-01-24;298;2;7025;14;2.0;0.0
88;2021-01-25;938;3;7963;17;2.2;0.0
88;2021-01-26;388;6;8351;23;2.3;0.0
88;2021-01-27;3;0;8354;23;2.3;0.0
88;2021-01-28;162;37;8516;60;2.4;0.0
88;2021-01-29;526;163;9042;223;2.5;0.1
88;2021-01-30;288;127;9330;350;2.6;0.1
88;2021-01-31;0;0;9330;350;2.6;0.1
88;2021-02-01;405;284;9735;634;2.7;0.2
88;2021-02-02;333;364;10068;998;2.8;0.3
88;2021-02-03;437;240;10505;1238;2.9;0.3
88;2021-02-04;316;230;10821;1468;3.0;0.4
88;2021-02-05;458;251;11279;1719;3.1;0.5
88;2021-02-06;108;56;11387;1775;3.2;0.5
88;2021-02-07;0;0;11387;1775;3.2;0.5
88;2021-02-08;359;206;11746;1981;3.3;0.6
88;2021-02-09;293;287;12039;2268;3.3;0.6
88;2021-02-10;414;347;12453;2615;3.5;0.7
88;2021-02-11;849;1094;13302;3709;3.7;1.0
88;2021-02-12;942;703;14244;4412;4.0;1.2
88;2021-02-13;162;211;14406;4623;4.0;1.3
88;2021-02-14;81;216;14487;4839;4.0;1.3
88;2021-02-15;641;1073;15128;5912;4.2;1.6
88;2021-02-16;472;725;15600;6637;4.3;1.8
88;2021-02-17;455;439;16055;7076;4.5;2.0
88;2021-02-18;515;385;16570;7461;4.6;2.1
88;2021-02-19;535;458;17105;7919;4.8;2.2
88;2021-02-20;155;102;17260;8021;4.8;2.2
88;2021-02-21;1;25;17261;8046;4.8;2.2
88;2021-02-22;425;343;17686;8389;4.9;2.3
88;2021-02-23;402;234;18088;8623;5.0;2.4
88;2021-02-24;506;210;18594;8833;5.2;2.5
88;2021-02-25;675;281;19269;9114;5.4;2.5
88;2021-02-26;860;273;20129;9387;5.6;2.6
88;2021-02-27;265;32;20394;9419;5.7;2.6
88;2021-02-28;30;1;20424;9420;5.7;2.6
88;2021-03-01;359;467;20783;9887;5.8;2.8
88;2021-03-02;432;496;21215;10383;5.9;2.9
88;2021-03-03;648;459;21863;10842;6.1;3.0
88;2021-03-04;1029;741;22892;11583;6.4;3.2
88;2021-03-05;934;687;23826;12270;6.6;3.4
88;2021-03-06;1869;111;25695;12381;7.1;3.4
88;2021-03-07;1057;72;26752;12453;7.4;3.5
88;2021-03-08;725;686;27477;13139;7.6;3.7
88;2021-03-09;1095;531;28572;13670;7.9;3.8
88;2021-03-10;1074;493;29646;14163;8.2;3.9
88;2021-03-11;1435;394;31081;14557;8.6;4.0
88;2021-03-12;1309;484;32390;15041;9.0;4.2
88;2021-03-13;1209;118;33599;15159;9.3;4.2
88;2021-03-14;166;5;33765;15164;9.4;4.2
88;2021-03-15;930;443;34695;15607;9.7;4.3
88;2021-03-16;1024;340;35719;15947;9.9;4.4
88;2021-03-17;901;421;36620;16368;10.2;4.6
88;2021-03-18;1302;390;37922;16758;10.5;4.7
88;2021-03-19;1461;497;39383;17255;11.0;4.8
88;2021-03-20;1314;44;40697;17299;11.3;4.8
88;2021-03-21;37;0;40734;17299;11.3;4.8
88;2021-03-22;1230;538;41964;17837;11.7;5.0
88;2021-03-23;1782;435;43746;18272;12.2;5.1
88;2021-03-24;1870;469;45616;18741;12.7;5.2
88;2021-03-25;2496;480;48112;19221;13.4;5.3
88;2021-03-26;2471;449;50583;19670;14.1;5.5
88;2021-03-27;880;292;51463;19962;14.3;5.6
88;2021-03-28;60;4;51523;19966;14.3;5.6
88;2021-03-29;1304;437;52827;20403;14.7;5.7
88;2021-03-30;2061;388;54888;20791;15.3;5.8
88;2021-03-31;1616;571;56504;21362;15.7;5.9
88;2021-04-01;2114;703;58618;22065;16.3;6.1
88;2021-04-02;2813;620;61431;22685;17.1;6.3
88;2021-04-03;741;206;62172;22891;17.3;6.4
88;2021-04-04;16;0;62188;22891;17.3;6.4
88;2021-04-05;23;2;62211;22893;17.3;6.4
88;2021-04-06;1133;676;63344;23569;17.6;6.6
88;2021-04-07;1599;699;64943;24268;18.1;6.8
88;2021-04-08;1860;775;66803;25043;18.6;7.0
88;2021-04-09;3078;722;69881;25765;19.4;7.2
88;2021-04-10;724;644;70605;26409;19.6;7.3
88;2021-04-11;33;1;70638;26410;19.6;7.3
88;2021-04-12;1537;975;72175;27385;20.1;7.6
88;2021-04-13;2036;1081;74211;28466;20.6;7.9
88;2021-04-14;1908;950;76119;29416;21.2;8.2
88;2021-04-15;1967;1238;78086;30654;21.7;8.5
88;2021-04-16;2108;1045;80194;31699;22.3;8.8
88;2021-04-17;1426;766;81620;32465;22.7;9.0
88;2021-04-18;268;22;81888;32487;22.8;9.0
88;2021-04-19;1174;1236;83062;33723;23.1;9.4
88;2021-04-20;1191;1392;84253;35115;23.4;9.8
88;2021-04-21;1504;1299;85757;36414;23.9;10.1
88;2021-04-22;1898;1624;87655;38038;24.4;10.6
88;2021-04-23;1820;2036;89475;40074;24.9;11.1
88;2021-04-24;1184;776;90659;40850;25.2;11.4
88;2021-04-25;33;2;90692;40852;25.2;11.4
88;2021-04-26;1181;1170;91873;42022;25.6;11.7
88;2021-04-27;1277;1733;93150;43755;25.9;12.2
88;2021-04-28;1632;1493;94782;45248;26.4;12.6
88;2021-04-29;2082;1453;96864;46701;26.9;13.0
88;2021-04-30;2448;1613;99312;48314;27.6;13.4
88;2021-05-01;2002;261;101314;48575;28.2;13.5
88;2021-05-02;1300;117;102614;48692;28.5;13.5
88;2021-05-03;1559;1217;104173;49909;29.0;13.9
88;2021-05-04;1445;1460;105618;51369;29.4;14.3
88;2021-05-05;2425;1588;108043;52957;30.1;14.7
88;2021-05-06;3207;1208;111250;54165;30.9;15.1
88;2021-05-07;2938;1344;114188;55509;31.8;15.4
88;2021-05-08;1530;456;115718;55965;32.2;15.6
88;2021-05-09;1732;149;117450;56114;32.7;15.6
88;2021-05-10;1765;1569;119215;57683;33.2;16.0
88;2021-05-11;2658;1906;121873;59589;33.9;16.6
88;2021-05-12;2531;1847;124404;61436;34.6;17.1
88;2021-05-13;3258;670;127662;62106;35.5;17.3
88;2021-05-14;2499;1535;130161;63641;36.2;17.7
88;2021-05-15;1625;729;131786;64370;36.7;17.9
88;2021-05-16;1334;98;133120;64468;37.0;17.9
88;2021-05-17;1985;936;135105;65404;37.6;18.2
88;2021-05-18;2256;1103;137361;66507;38.2;18.5
88;2021-05-19;2723;1137;140084;67644;39.0;18.8
88;2021-05-20;3345;1229;143429;68873;39.9;19.2
88;2021-05-21;2871;1135;146300;70008;40.7;19.5
88;2021-05-22;1431;704;147731;70712;41.1;19.7
88;2021-05-23;557;72;148288;70784;41.2;19.7
88;2021-05-24;1673;422;149961;71206;41.7;19.8
88;2021-05-25;1646;1172;151607;72378;42.2;20.1
88;2021-05-26;2368;1132;153975;73510;42.8;20.4
88;2021-05-27;2200;1356;156175;74866;43.4;20.8
88;2021-05-28;1890;1986;158065;76852;44.0;21.4
88;2021-05-29;1232;1752;159297;78604;44.3;21.9
88;2021-05-30;588;414;159885;79018;44.5;22.0
88;2021-05-31;1326;1849;161211;80867;44.8;22.5
88;2021-06-01;1719;1988;162930;82855;45.3;23.0
88;2021-06-02;2074;1863;165004;84718;45.9;23.6
88;2021-06-03;2736;1614;167740;86332;46.7;24.0
88;2021-06-04;2038;1934;169778;88266;47.2;24.6
88;2021-06-05;1529;1138;171307;89404;47.6;24.9
88;2021-06-06;690;155;171997;89559;47.8;24.9
88;2021-06-07;1289;1699;173286;91258;48.2;25.4
88;2021-06-08;1655;1929;174941;93187;48.7;25.9
88;2021-06-09;1616;1903;176557;95090;49.1;26.4
88;2021-06-10;1776;2043;178333;97133;49.6;27.0
88;2021-06-11;1545;2212;179878;99345;50.0;27.6
88;2021-06-12;664;1654;180542;100999;50.2;28.1
88;2021-06-13;460;377;181002;101376;50.3;28.2
88;2021-06-14;1025;2244;182027;103620;50.6;28.8
88;2021-06-15;1916;2449;183943;106069;51.2;29.5
88;2021-06-16;1482;2869;185425;108938;51.6;30.3
88;2021-06-17;1597;2726;187022;111664;52.0;31.1
88;2021-06-18;1352;2453;188374;114117;52.4;31.7
88;2021-06-19;698;1087;189072;115204;52.6;32.0
88;2021-06-20;77;79;189149;115283;52.6;32.1
88;2021-06-21;649;2580;189798;117863;52.8;32.8
88;2021-06-22;861;3437;190659;121300;53.0;33.7
88;2021-06-23;1138;2882;191797;124182;53.3;34.5
88;2021-06-24;700;2609;192497;126791;53.5;35.3
88;2021-06-25;1395;3182;193892;129973;53.9;36.2
88;2021-06-26;902;2076;194794;132049;54.2;36.7
88;2021-06-27;543;635;195337;132684;54.3;36.9
88;2021-06-28;703;2505;196040;135189;54.5;37.6
88;2021-06-29;841;3360;196881;138549;54.8;38.5
88;2021-06-30;1087;3109;197968;141658;55.1;39.4
88;2021-07-01;1048;2690;199016;144348;55.4;40.2
88;2021-07-02;983;3143;199999;147491;55.6;41.0
88;2021-07-03;686;1698;200685;149189;55.8;41.5
88;2021-07-04;257;817;200942;150006;55.9;41.7
88;2021-07-05;989;2026;201931;152032;56.2;42.3
88;2021-07-06;1018;2414;202949;154446;56.4;43.0
88;2021-07-07;1176;2584;204125;157030;56.8;43.7
88;2021-07-08;1067;2078;205192;159108;57.1;44.3
88;2021-07-09;1576;2699;206768;161807;57.5;45.0
88;2021-07-10;702;1808;207470;163615;57.7;45.5
88;2021-07-11;466;695;207936;164310;57.8;45.7
88;2021-07-12;1042;2511;208978;166821;58.1;46.4
88;2021-07-13;1308;2651;210286;169472;58.5;47.1
88;2021-07-14;1185;789;211471;170261;58.8;47.4
88;2021-07-15;1729;3312;213200;173573;59.3;48.3
88;2021-07-16;1395;2948;214595;176521;59.7;49.1
88;2021-07-17;739;1578;215334;178099;59.9;49.5
88;2021-07-18;177;679;215511;178778;59.9;49.7
88;2021-07-19;1413;2199;216924;180977;60.3;50.3
88;2021-07-20;2033;2384;218957;183361;60.9;51.0
88;2021-07-21;1878;2219;220835;185580;61.4;51.6
88;2021-07-22;1504;2067;222339;187647;61.8;52.2
89;2020-12-27;0;0;0;0;0.0;0.0
89;2020-12-28;0;0;0;0;0.0;0.0
89;2020-12-29;0;0;0;0;0.0;0.0
89;2020-12-30;0;0;0;0;0.0;0.0
89;2020-12-31;0;0;0;0;0.0;0.0
89;2021-01-01;0;0;0;0;0.0;0.0
89;2021-01-02;0;0;0;0;0.0;0.0
89;2021-01-03;0;0;0;0;0.0;0.0
89;2021-01-04;0;0;0;0;0.0;0.0
89;2021-01-05;0;0;0;0;0.0;0.0
89;2021-01-06;48;0;48;0;0.0;0.0
89;2021-01-07;201;0;249;0;0.1;0.0
89;2021-01-08;48;0;297;0;0.1;0.0
89;2021-01-09;1;0;298;0;0.1;0.0
89;2021-01-10;0;0;298;0;0.1;0.0
89;2021-01-11;220;0;518;0;0.2;0.0
89;2021-01-12;349;0;867;0;0.3;0.0
89;2021-01-13;533;1;1400;1;0.4;0.0
89;2021-01-14;707;7;2107;8;0.6;0.0
89;2021-01-15;275;2;2382;10;0.7;0.0
89;2021-01-16;90;3;2472;13;0.7;0.0
89;2021-01-17;0;0;2472;13;0.7;0.0
89;2021-01-18;503;0;2975;13;0.9;0.0
89;2021-01-19;839;3;3814;16;1.1;0.0
89;2021-01-20;758;1;4572;17;1.4;0.0
89;2021-01-21;939;4;5511;21;1.7;0.0
89;2021-01-22;1013;0;6524;21;2.0;0.0
89;2021-01-23;200;0;6724;21;2.0;0.0
89;2021-01-24;105;0;6829;21;2.1;0.0
89;2021-01-25;482;4;7311;25;2.2;0.0
89;2021-01-26;580;12;7891;37;2.4;0.0
89;2021-01-27;472;38;8363;75;2.5;0.0
89;2021-01-28;547;126;8910;201;2.7;0.1
89;2021-01-29;958;42;9868;243;3.0;0.1
89;2021-01-30;184;67;10052;310;3.0;0.1
89;2021-01-31;24;2;10076;312;3.0;0.1
89;2021-02-01;255;153;10331;465;3.1;0.1
89;2021-02-02;282;339;10613;804;3.2;0.2
89;2021-02-03;290;345;10903;1149;3.3;0.3
89;2021-02-04;433;595;11336;1744;3.4;0.5
89;2021-02-05;387;201;11723;1945;3.5;0.6
89;2021-02-06;77;67;11800;2012;3.6;0.6
89;2021-02-07;0;0;11800;2012;3.6;0.6
89;2021-02-08;288;189;12088;2201;3.6;0.7
89;2021-02-09;285;443;12373;2644;3.7;0.8
89;2021-02-10;394;312;12767;2956;3.8;0.9
89;2021-02-11;332;563;13099;3519;3.9;1.1
89;2021-02-12;426;597;13525;4116;4.1;1.2
89;2021-02-13;52;143;13577;4259;4.1;1.3
89;2021-02-14;20;116;13597;4375;4.1;1.3
89;2021-02-15;216;415;13813;4790;4.2;1.4
89;2021-02-16;134;537;13947;5327;4.2;1.6
89;2021-02-17;262;437;14209;5764;4.3;1.7
89;2021-02-18;225;557;14434;6321;4.3;1.9
89;2021-02-19;243;656;14677;6977;4.4;2.1
89;2021-02-20;33;140;14710;7117;4.4;2.1
89;2021-02-21;0;10;14710;7127;4.4;2.1
89;2021-02-22;229;451;14939;7578;4.5;2.3
89;2021-02-23;171;471;15110;8049;4.5;2.4
89;2021-02-24;339;389;15449;8438;4.7;2.5
89;2021-02-25;369;465;15818;8903;4.8;2.7
89;2021-02-26;383;336;16201;9239;4.9;2.8
89;2021-02-27;137;79;16338;9318;4.9;2.8
89;2021-02-28;6;13;16344;9331;4.9;2.8
89;2021-03-01;541;237;16885;9568;5.1;2.9
89;2021-03-02;751;341;17636;9909;5.3;3.0
89;2021-03-03;648;273;18284;10182;5.5;3.1
89;2021-03-04;632;376;18916;10558;5.7;3.2
89;2021-03-05;728;501;19644;11059;5.9;3.3
89;2021-03-06;543;125;20187;11184;6.1;3.4
89;2021-03-07;286;38;20473;11222;6.2;3.4
89;2021-03-08;555;323;21028;11545;6.3;3.5
89;2021-03-09;996;269;22024;11814;6.6;3.6
89;2021-03-10;970;248;22994;12062;6.9;3.6
89;2021-03-11;1073;300;24067;12362;7.2;3.7
89;2021-03-12;1280;330;25347;12692;7.6;3.8
89;2021-03-13;634;40;25981;12732;7.8;3.8
89;2021-03-14;1;0;25982;12732;7.8;3.8
89;2021-03-15;811;302;26793;13034;8.1;3.9
89;2021-03-16;945;218;27738;13252;8.4;4.0
89;2021-03-17;917;265;28655;13517;8.6;4.1
89;2021-03-18;881;253;29536;13770;8.9;4.1
89;2021-03-19;1146;188;30682;13958;9.2;4.2
89;2021-03-20;843;23;31525;13981;9.5;4.2
89;2021-03-21;171;5;31696;13986;9.5;4.2
89;2021-03-22;1040;221;32736;14207;9.9;4.3
89;2021-03-23;1738;249;34474;14456;10.4;4.4
89;2021-03-24;1955;319;36429;14775;11.0;4.4
89;2021-03-25;1815;162;38244;14937;11.5;4.5
89;2021-03-26;2624;179;40868;15116;12.3;4.6
89;2021-03-27;1773;41;42641;15157;12.8;4.6
89;2021-03-28;31;2;42672;15159;12.8;4.6
89;2021-03-29;963;580;43635;15739;13.1;4.7
89;2021-03-30;1151;564;44786;16303;13.5;4.9
89;2021-03-31;2004;463;46790;16766;14.1;5.0
89;2021-04-01;2117;451;48907;17217;14.7;5.2
89;2021-04-02;2138;440;51045;17657;15.4;5.3
89;2021-04-03;1001;239;52046;17896;15.7;5.4
89;2021-04-04;16;1;52062;17897;15.7;5.4
89;2021-04-05;92;1;52154;17898;15.7;5.4
89;2021-04-06;1031;754;53185;18652;16.0;5.6
89;2021-04-07;1035;798;54220;19450;16.3;5.9
89;2021-04-08;1730;716;55950;20166;16.8;6.1
89;2021-04-09;2163;727;58113;20893;17.5;6.3
89;2021-04-10;891;177;59004;21070;17.8;6.3
89;2021-04-11;37;50;59041;21120;17.8;6.4
89;2021-04-12;1014;785;60055;21905;18.1;6.6
89;2021-04-13;1359;1076;61414;22981;18.5;6.9
89;2021-04-14;1210;1032;62624;24013;18.9;7.2
89;2021-04-15;1413;941;64037;24954;19.3;7.5
89;2021-04-16;1331;934;65368;25888;19.7;7.8
89;2021-04-17;1064;452;66432;26340;20.0;7.9
89;2021-04-18;27;154;66459;26494;20.0;8.0
89;2021-04-19;750;1026;67209;27520;20.2;8.3
89;2021-04-20;1018;1529;68227;29049;20.5;8.7
89;2021-04-21;813;1100;69040;30149;20.8;9.1
89;2021-04-22;1099;1161;70139;31310;21.1;9.4
89;2021-04-23;1819;1960;71958;33270;21.7;10.0
89;2021-04-24;1170;1174;73128;34444;22.0;10.4
89;2021-04-25;139;6;73267;34450;22.1;10.4
89;2021-04-26;1497;759;74764;35209;22.5;10.6
89;2021-04-27;1730;1053;76494;36262;23.0;10.9
89;2021-04-28;1586;1847;78080;38109;23.5;11.5
89;2021-04-29;1970;1912;80050;40021;24.1;12.1
89;2021-04-30;1805;1760;81855;41781;24.6;12.6
89;2021-05-01;846;722;82701;42503;24.9;12.8
89;2021-05-02;133;31;82834;42534;24.9;12.8
89;2021-05-03;1603;758;84437;43292;25.4;13.0
89;2021-05-04;1620;1127;86057;44419;25.9;13.4
89;2021-05-05;2318;1257;88375;45676;26.6;13.8
89;2021-05-06;2413;1373;90788;47049;27.3;14.2
89;2021-05-07;2724;1314;93512;48363;28.2;14.6
89;2021-05-08;1784;529;95296;48892;28.7;14.7
89;2021-05-09;196;18;95492;48910;28.8;14.7
89;2021-05-10;1196;939;96688;49849;29.1;15.0
89;2021-05-11;2483;1440;99171;51289;29.9;15.4
89;2021-05-12;2060;1213;101231;52502;30.5;15.8
89;2021-05-13;414;333;101645;52835;30.6;15.9
89;2021-05-14;1879;1088;103524;53923;31.2;16.2
89;2021-05-15;2246;391;105770;54314;31.8;16.4
89;2021-05-16;9;34;105779;54348;31.9;16.4
89;2021-05-17;2090;635;107869;54983;32.5;16.6
89;2021-05-18;2322;822;110191;55805;33.2;16.8
89;2021-05-19;2860;874;113051;56679;34.0;17.1
89;2021-05-20;2928;881;115979;57560;34.9;17.3
89;2021-05-21;2481;871;118460;58431;35.7;17.6
89;2021-05-22;1426;569;119886;59000;36.1;17.8
89;2021-05-23;108;10;119994;59010;36.1;17.8
89;2021-05-24;286;224;120280;59234;36.2;17.8
89;2021-05-25;1556;983;121836;60217;36.7;18.1
89;2021-05-26;1813;1016;123649;61233;37.2;18.4
89;2021-05-27;2111;1347;125760;62580;37.9;18.8
89;2021-05-28;2142;1420;127902;64000;38.5;19.3
89;2021-05-29;539;657;128441;64657;38.7;19.5
89;2021-05-30;25;22;128466;64679;38.7;19.5
89;2021-05-31;1245;968;129711;65647;39.1;19.8
89;2021-06-01;1502;976;131213;66623;39.5;20.1
89;2021-06-02;1946;1273;133159;67896;40.1;20.4
89;2021-06-03;2424;1520;135583;69416;40.8;20.9
89;2021-06-04;2139;1880;137722;71296;41.5;21.5
89;2021-06-05;1182;1223;138904;72519;41.8;21.8
89;2021-06-06;22;37;138926;72556;41.8;21.8
89;2021-06-07;2109;1444;141035;74000;42.5;22.3
89;2021-06-08;2195;1451;143230;75451;43.1;22.7
89;2021-06-09;2319;1503;145549;76954;43.8;23.2
89;2021-06-10;2783;1599;148332;78553;44.7;23.7
89;2021-06-11;1941;1745;150273;80298;45.2;24.2
89;2021-06-12;1099;757;151372;81055;45.6;24.4
89;2021-06-13;155;426;151527;81481;45.6;24.5
89;2021-06-14;1308;1822;152835;83303;46.0;25.1
89;2021-06-15;1395;2012;154230;85315;46.4;25.7
89;2021-06-16;1118;2580;155348;87895;46.8;26.5
89;2021-06-17;1426;2337;156774;90232;47.2;27.2
89;2021-06-18;1622;2866;158396;93098;47.7;28.0
89;2021-06-19;682;1663;159078;94761;47.9;28.5
89;2021-06-20;53;127;159131;94888;47.9;28.6
89;2021-06-21;760;1527;159891;96415;48.1;29.0
89;2021-06-22;1048;2680;160939;99095;48.5;29.8
89;2021-06-23;1151;1799;162090;100894;48.8;30.4
89;2021-06-24;1076;1497;163166;102391;49.1;30.8
89;2021-06-25;997;2431;164163;104822;49.4;31.6
89;2021-06-26;556;2487;164719;107309;49.6;32.3
89;2021-06-27;12;28;164731;107337;49.6;32.3
89;2021-06-28;1002;2493;165733;109830;49.9;33.1
89;2021-06-29;673;2405;166406;112235;50.1;33.8
89;2021-06-30;1070;3176;167476;115411;50.4;34.8
89;2021-07-01;1019;2990;168495;118401;50.7;35.7
89;2021-07-02;1102;2753;169597;121154;51.1;36.5
89;2021-07-03;553;1572;170150;122726;51.2;37.0
89;2021-07-04;11;36;170161;122762;51.2;37.0
89;2021-07-05;1290;1836;171451;124598;51.6;37.5
89;2021-07-06;1048;2309;172499;126907;51.9;38.2
89;2021-07-07;661;1788;173160;128695;52.1;38.8
89;2021-07-08;787;1878;173947;130573;52.4;39.3
89;2021-07-09;1128;2603;175075;133176;52.7;40.1
89;2021-07-10;714;815;175789;133991;52.9;40.3
89;2021-07-11;25;39;175814;134030;52.9;40.4
89;2021-07-12;1420;1900;177234;135930;53.4;40.9
89;2021-07-13;2123;2737;179357;138667;54.0;41.8
89;2021-07-14;312;324;179669;138991;54.1;41.9
89;2021-07-15;2228;3222;181897;142213;54.8;42.8
89;2021-07-16;2381;2851;184278;145064;55.5;43.7
89;2021-07-17;1224;1217;185502;146281;55.9;44.0
89;2021-07-18;276;96;185778;146377;55.9;44.1
89;2021-07-19;1547;2802;187325;149179;56.4;44.9
89;2021-07-20;1903;3266;189228;152445;57.0;45.9
89;2021-07-21;2067;2716;191295;155161;57.6;46.7
89;2021-07-22;2419;2967;193714;158128;58.3;47.6
90;2020-12-27;0;0;0;0;0.0;0.0
90;2020-12-28;0;0;0;0;0.0;0.0
90;2020-12-29;0;0;0;0;0.0;0.0
90;2020-12-30;1;0;1;0;0.0;0.0
90;2020-12-31;0;0;1;0;0.0;0.0
90;2021-01-01;0;0;1;0;0.0;0.0
90;2021-01-02;0;0;1;0;0.0;0.0
90;2021-01-03;0;0;1;0;0.0;0.0
90;2021-01-04;2;0;3;0;0.0;0.0
90;2021-01-05;0;0;3;0;0.0;0.0
90;2021-01-06;0;0;3;0;0.0;0.0
90;2021-01-07;1;0;4;0;0.0;0.0
90;2021-01-08;170;0;174;0;0.1;0.0
90;2021-01-09;46;0;220;0;0.2;0.0
90;2021-01-10;0;0;220;0;0.2;0.0
90;2021-01-11;200;0;420;0;0.3;0.0
90;2021-01-12;430;0;850;0;0.6;0.0
90;2021-01-13;469;2;1319;2;0.9;0.0
90;2021-01-14;414;1;1733;3;1.2;0.0
90;2021-01-15;405;9;2138;12;1.5;0.0
90;2021-01-16;111;2;2249;14;1.6;0.0
90;2021-01-17;1;0;2250;14;1.6;0.0
90;2021-01-18;363;2;2613;16;1.9;0.0
90;2021-01-19;460;4;3073;20;2.2;0.0
90;2021-01-20;390;2;3463;22;2.5;0.0
90;2021-01-21;349;1;3812;23;2.7;0.0
90;2021-01-22;346;2;4158;25;3.0;0.0
90;2021-01-23;98;0;4256;25;3.0;0.0
90;2021-01-24;0;0;4256;25;3.0;0.0
90;2021-01-25;322;3;4578;28;3.3;0.0
90;2021-01-26;224;0;4802;28;3.4;0.0
90;2021-01-27;254;0;5056;28;3.6;0.0
90;2021-01-28;328;33;5384;61;3.8;0.0
90;2021-01-29;291;162;5675;223;4.0;0.2
90;2021-01-30;176;45;5851;268;4.2;0.2
90;2021-01-31;118;0;5969;268;4.3;0.2
90;2021-02-01;273;112;6242;380;4.5;0.3
90;2021-02-02;290;163;6532;543;4.7;0.4
90;2021-02-03;255;368;6787;911;4.8;0.7
90;2021-02-04;256;303;7043;1214;5.0;0.9
90;2021-02-05;266;271;7309;1485;5.2;1.1
90;2021-02-06;89;68;7398;1553;5.3;1.1
90;2021-02-07;0;0;7398;1553;5.3;1.1
90;2021-02-08;170;219;7568;1772;5.4;1.3
90;2021-02-09;139;166;7707;1938;5.5;1.4
90;2021-02-10;182;28;7889;1966;5.6;1.4
90;2021-02-11;228;108;8117;2074;5.8;1.5
90;2021-02-12;127;241;8244;2315;5.9;1.7
90;2021-02-13;95;45;8339;2360;6.0;1.7
90;2021-02-14;0;0;8339;2360;6.0;1.7
90;2021-02-15;113;282;8452;2642;6.0;1.9
90;2021-02-16;92;277;8544;2919;6.1;2.1
90;2021-02-17;178;206;8722;3125;6.2;2.2
90;2021-02-18;129;243;8851;3368;6.3;2.4
90;2021-02-19;64;272;8915;3640;6.4;2.6
90;2021-02-20;39;72;8954;3712;6.4;2.6
90;2021-02-21;0;0;8954;3712;6.4;2.6
90;2021-02-22;76;332;9030;4044;6.4;2.9
90;2021-02-23;40;259;9070;4303;6.5;3.1
90;2021-02-24;109;289;9179;4592;6.5;3.3
90;2021-02-25;88;313;9267;4905;6.6;3.5
90;2021-02-26;89;396;9356;5301;6.7;3.8
90;2021-02-27;140;179;9496;5480;6.8;3.9
90;2021-02-28;8;113;9504;5593;6.8;4.0
90;2021-03-01;214;230;9718;5823;6.9;4.2
90;2021-03-02;178;283;9896;6106;7.1;4.4
90;2021-03-03;239;354;10135;6460;7.2;4.6
90;2021-03-04;258;275;10393;6735;7.4;4.8
90;2021-03-05;358;269;10751;7004;7.7;5.0
90;2021-03-06;291;101;11042;7105;7.9;5.1
90;2021-03-07;18;1;11060;7106;7.9;5.1
90;2021-03-08;246;241;11306;7347;8.1;5.2
90;2021-03-09;424;159;11730;7506;8.4;5.4
90;2021-03-10;345;194;12075;7700;8.6;5.5
90;2021-03-11;348;115;12423;7815;8.9;5.6
90;2021-03-12;519;126;12942;7941;9.2;5.7
90;2021-03-13;539;46;13481;7987;9.6;5.7
90;2021-03-14;20;0;13501;7987;9.6;5.7
90;2021-03-15;385;114;13886;8101;9.9;5.8
90;2021-03-16;400;97;14286;8198;10.2;5.8
90;2021-03-17;323;73;14609;8271;10.4;5.9
90;2021-03-18;348;77;14957;8348;10.7;6.0
90;2021-03-19;468;78;15425;8426;11.0;6.0
90;2021-03-20;426;48;15851;8474;11.3;6.0
90;2021-03-21;7;2;15858;8476;11.3;6.0
90;2021-03-22;399;28;16257;8504;11.6;6.1
90;2021-03-23;733;71;16990;8575;12.1;6.1
90;2021-03-24;815;45;17805;8620;12.7;6.2
90;2021-03-25;945;68;18750;8688;13.4;6.2
90;2021-03-26;1227;53;19977;8741;14.3;6.2
90;2021-03-27;437;28;20414;8769;14.6;6.3
90;2021-03-28;34;0;20448;8769;14.6;6.3
90;2021-03-29;711;137;21159;8906;15.1;6.4
90;2021-03-30;669;151;21828;9057;15.6;6.5
90;2021-03-31;728;75;22556;9132;16.1;6.5
90;2021-04-01;600;111;23156;9243;16.5;6.6
90;2021-04-02;657;88;23813;9331;17.0;6.7
90;2021-04-03;370;38;24183;9369;17.3;6.7
90;2021-04-04;1;0;24184;9369;17.3;6.7
90;2021-04-05;0;0;24184;9369;17.3;6.7
90;2021-04-06;527;247;24711;9616;17.6;6.9
90;2021-04-07;484;259;25195;9875;18.0;7.0
90;2021-04-08;507;244;25702;10119;18.3;7.2
90;2021-04-09;749;264;26451;10383;18.9;7.4
90;2021-04-10;221;8;26672;10391;19.0;7.4
90;2021-04-11;7;0;26679;10391;19.0;7.4
90;2021-04-12;551;478;27230;10869;19.4;7.8
90;2021-04-13;629;526;27859;11395;19.9;8.1
90;2021-04-14;526;348;28385;11743;20.3;8.4
90;2021-04-15;905;280;29290;12023;20.9;8.6
90;2021-04-16;370;403;29660;12426;21.2;8.9
90;2021-04-17;189;127;29849;12553;21.3;9.0
90;2021-04-18;21;0;29870;12553;21.3;9.0
90;2021-04-19;435;567;30305;13120;21.6;9.4
90;2021-04-20;495;619;30800;13739;22.0;9.8
90;2021-04-21;353;494;31153;14233;22.2;10.2
90;2021-04-22;566;599;31719;14832;22.6;10.6
90;2021-04-23;503;744;32222;15576;23.0;11.1
90;2021-04-24;305;202;32527;15778;23.2;11.3
90;2021-04-25;1;0;32528;15778;23.2;11.3
90;2021-04-26;508;751;33036;16529;23.6;11.8
90;2021-04-27;640;678;33676;17207;24.0;12.3
90;2021-04-28;765;444;34441;17651;24.6;12.6
90;2021-04-29;1002;447;35443;18098;25.3;12.9
90;2021-04-30;1121;457;36564;18555;26.1;13.2
90;2021-05-01;60;42;36624;18597;26.1;13.3
90;2021-05-02;4;0;36628;18597;26.1;13.3
90;2021-05-03;902;285;37530;18882;26.8;13.5
90;2021-05-04;786;637;38316;19519;27.3;13.9
90;2021-05-05;894;506;39210;20025;28.0;14.3
90;2021-05-06;851;624;40061;20649;28.6;14.7
90;2021-05-07;440;506;40501;21155;28.9;15.1
90;2021-05-08;26;26;40527;21181;28.9;15.1
90;2021-05-09;5;33;40532;21214;28.9;15.1
90;2021-05-10;505;584;41037;21798;29.3;15.6
90;2021-05-11;777;634;41814;22432;29.8;16.0
90;2021-05-12;529;596;42343;23028;30.2;16.4
90;2021-05-13;1112;263;43455;23291;31.0;16.6
90;2021-05-14;865;401;44320;23692;31.6;16.9
90;2021-05-15;14;125;44334;23817;31.6;17.0
90;2021-05-16;2;7;44336;23824;31.6;17.0
90;2021-05-17;793;288;45129;24112;32.2;17.2
90;2021-05-18;1023;469;46152;24581;32.9;17.5
90;2021-05-19;1262;383;47414;24964;33.8;17.8
90;2021-05-20;1200;266;48614;25230;34.7;18.0
90;2021-05-21;1265;429;49879;25659;35.6;18.3
90;2021-05-22;9;131;49888;25790;35.6;18.4
90;2021-05-23;1;0;49889;25790;35.6;18.4
90;2021-05-24;368;264;50257;26054;35.9;18.6
90;2021-05-25;637;791;50894;26845;36.3;19.2
90;2021-05-26;631;568;51525;27413;36.8;19.6
90;2021-05-27;962;381;52487;27794;37.5;19.8
90;2021-05-28;668;824;53155;28618;37.9;20.4
90;2021-05-29;93;296;53248;28914;38.0;20.6
90;2021-05-30;4;1;53252;28915;38.0;20.6
90;2021-05-31;810;713;54062;29628;38.6;21.1
90;2021-06-01;966;740;55028;30368;39.3;21.7
90;2021-06-02;759;675;55787;31043;39.8;22.2
90;2021-06-03;757;741;56544;31784;40.3;22.7
90;2021-06-04;832;973;57376;32757;40.9;23.4
90;2021-06-05;53;424;57429;33181;41.0;23.7
90;2021-06-06;1;16;57430;33197;41.0;23.7
90;2021-06-07;1264;1080;58694;34277;41.9;24.5
90;2021-06-08;1479;935;60173;35212;42.9;25.1
90;2021-06-09;963;658;61136;35870;43.6;25.6
90;2021-06-10;622;495;61758;36365;44.1;25.9
90;2021-06-11;785;1125;62543;37490;44.6;26.8
90;2021-06-12;802;296;63345;37786;45.2;27.0
90;2021-06-13;10;12;63355;37798;45.2;27.0
90;2021-06-14;260;973;63615;38771;45.4;27.7
90;2021-06-15;563;879;64178;39650;45.8;28.3
90;2021-06-16;504;547;64682;40197;46.2;28.7
90;2021-06-17;436;636;65118;40833;46.5;29.1
90;2021-06-18;605;992;65723;41825;46.9;29.8
90;2021-06-19;449;168;66172;41993;47.2;30.0
90;2021-06-20;0;28;66172;42021;47.2;30.0
90;2021-06-21;253;1178;66425;43199;47.4;30.8
90;2021-06-22;381;951;66806;44150;47.7;31.5
90;2021-06-23;410;632;67216;44782;48.0;32.0
90;2021-06-24;308;602;67524;45384;48.2;32.4
90;2021-06-25;420;1273;67944;46657;48.5;33.3
90;2021-06-26;420;562;68364;47219;48.8;33.7
90;2021-06-27;2;6;68366;47225;48.8;33.7
90;2021-06-28;371;1298;68737;48523;49.0;34.6
90;2021-06-29;299;1305;69036;49828;49.3;35.6
90;2021-06-30;477;1228;69513;51056;49.6;36.4
90;2021-07-01;338;921;69851;51977;49.8;37.1
90;2021-07-02;497;1205;70348;53182;50.2;37.9
90;2021-07-03;42;129;70390;53311;50.2;38.0
90;2021-07-04;0;21;70390;53332;50.2;38.1
90;2021-07-05;391;1012;70781;54344;50.5;38.8
90;2021-07-06;505;968;71286;55312;50.9;39.5
90;2021-07-07;362;998;71648;56310;51.1;40.2
90;2021-07-08;301;607;71949;56917;51.3;40.6
90;2021-07-09;432;950;72381;57867;51.6;41.3
90;2021-07-10;27;90;72408;57957;51.7;41.4
90;2021-07-11;5;17;72413;57974;51.7;41.4
90;2021-07-12;238;1077;72651;59051;51.8;42.1
90;2021-07-13;473;1158;73124;60209;52.2;43.0
90;2021-07-14;0;8;73124;60217;52.2;43.0
90;2021-07-15;783;1442;73907;61659;52.7;44.0
90;2021-07-16;814;1682;74721;63341;53.3;45.2
90;2021-07-17;480;955;75201;64296;53.7;45.9
90;2021-07-18;4;2;75205;64298;53.7;45.9
90;2021-07-19;1179;1458;76384;65756;54.5;46.9
90;2021-07-20;1333;1129;77717;66885;55.5;47.7
90;2021-07-21;1385;973;79102;67858;56.4;48.4
90;2021-07-22;1097;681;80199;68539;57.2;48.9
91;2020-12-27;0;0;0;0;0.0;0.0
91;2020-12-28;0;0;0;0;0.0;0.0
91;2020-12-29;1;0;1;0;0.0;0.0
91;2020-12-30;0;0;1;0;0.0;0.0
91;2020-12-31;0;0;1;0;0.0;0.0
91;2021-01-01;3;0;4;0;0.0;0.0
91;2021-01-02;0;0;4;0;0.0;0.0
91;2021-01-03;0;0;4;0;0.0;0.0
91;2021-01-04;1;0;5;0;0.0;0.0
91;2021-01-05;71;0;76;0;0.0;0.0
91;2021-01-06;188;1;264;1;0.0;0.0
91;2021-01-07;523;6;787;7;0.1;0.0
91;2021-01-08;393;0;1180;7;0.1;0.0
91;2021-01-09;88;3;1268;10;0.1;0.0
91;2021-01-10;0;0;1268;10;0.1;0.0
91;2021-01-11;595;3;1863;13;0.1;0.0
91;2021-01-12;899;8;2762;21;0.2;0.0
91;2021-01-13;702;5;3464;26;0.3;0.0
91;2021-01-14;718;9;4182;35;0.3;0.0
91;2021-01-15;567;2;4749;37;0.4;0.0
91;2021-01-16;316;8;5065;45;0.4;0.0
91;2021-01-17;116;1;5181;46;0.4;0.0
91;2021-01-18;991;4;6172;50;0.5;0.0
91;2021-01-19;1860;13;8032;63;0.6;0.0
91;2021-01-20;2367;18;10399;81;0.8;0.0
91;2021-01-21;2088;14;12487;95;0.9;0.0
91;2021-01-22;1811;8;14298;103;1.1;0.0
91;2021-01-23;412;1;14710;104;1.1;0.0
91;2021-01-24;51;0;14761;104;1.1;0.0
91;2021-01-25;1047;3;15808;107;1.2;0.0
91;2021-01-26;1571;39;17379;146;1.3;0.0
91;2021-01-27;2411;97;19790;243;1.5;0.0
91;2021-01-28;1971;220;21761;463;1.6;0.0
91;2021-01-29;1746;61;23507;524;1.8;0.0
91;2021-01-30;420;7;23927;531;1.8;0.0
91;2021-01-31;54;0;23981;531;1.8;0.0
91;2021-02-01;959;219;24940;750;1.9;0.1
91;2021-02-02;857;365;25797;1115;2.0;0.1
91;2021-02-03;935;571;26732;1686;2.0;0.1
91;2021-02-04;883;280;27615;1966;2.1;0.1
91;2021-02-05;1032;354;28647;2320;2.2;0.2
91;2021-02-06;335;91;28982;2411;2.2;0.2
91;2021-02-07;13;0;28995;2411;2.2;0.2
91;2021-02-08;902;604;29897;3015;2.3;0.2
91;2021-02-09;961;861;30858;3876;2.3;0.3
91;2021-02-10;1066;990;31924;4866;2.4;0.4
91;2021-02-11;1119;997;33043;5863;2.5;0.4
91;2021-02-12;1053;834;34096;6697;2.6;0.5
91;2021-02-13;331;360;34427;7057;2.6;0.5
91;2021-02-14;18;112;34445;7169;2.6;0.5
91;2021-02-15;365;1265;34810;8434;2.6;0.6
91;2021-02-16;548;1765;35358;10199;2.7;0.8
91;2021-02-17;810;2679;36168;12878;2.7;1.0
91;2021-02-18;937;2014;37105;14892;2.8;1.1
91;2021-02-19;860;1387;37965;16279;2.9;1.2
91;2021-02-20;165;362;38130;16641;2.9;1.3
91;2021-02-21;11;51;38141;16692;2.9;1.3
91;2021-02-22;335;1209;38476;17901;2.9;1.4
91;2021-02-23;394;1074;38870;18975;2.9;1.4
91;2021-02-24;470;1059;39340;20034;3.0;1.5
91;2021-02-25;728;1021;40068;21055;3.0;1.6
91;2021-02-26;1093;1057;41161;22112;3.1;1.7
91;2021-02-27;610;327;41771;22439;3.2;1.7
91;2021-02-28;64;68;41835;22507;3.2;1.7
91;2021-03-01;931;1069;42766;23576;3.2;1.8
91;2021-03-02;1253;1091;44019;24667;3.3;1.9
91;2021-03-03;1464;1278;45483;25945;3.4;2.0
91;2021-03-04;2415;1108;47898;27053;3.6;2.1
91;2021-03-05;3346;1154;51244;28207;3.9;2.1
91;2021-03-06;4903;445;56147;28652;4.3;2.2
91;2021-03-07;3210;96;59357;28748;4.5;2.2
91;2021-03-08;1469;1062;60826;29810;4.6;2.3
91;2021-03-09;2621;984;63447;30794;4.8;2.3
91;2021-03-10;2614;1016;66061;31810;5.0;2.4
91;2021-03-11;3779;1102;69840;32912;5.3;2.5
91;2021-03-12;4772;1023;74612;33935;5.7;2.6
91;2021-03-13;5252;308;79864;34243;6.1;2.6
91;2021-03-14;301;24;80165;34267;6.1;2.6
91;2021-03-15;2973;431;83138;34698;6.3;2.6
91;2021-03-16;2593;375;85731;35073;6.5;2.7
91;2021-03-17;2219;345;87950;35418;6.7;2.7
91;2021-03-18;2381;399;90331;35817;6.8;2.7
91;2021-03-19;4090;373;94421;36190;7.2;2.7
91;2021-03-20;3607;170;98028;36360;7.4;2.8
91;2021-03-21;138;30;98166;36390;7.4;2.8
91;2021-03-22;3146;600;101312;36990;7.7;2.8
91;2021-03-23;4135;693;105447;37683;8.0;2.9
91;2021-03-24;3934;488;109381;38171;8.3;2.9
91;2021-03-25;5052;516;114433;38687;8.7;2.9
91;2021-03-26;5543;533;119976;39220;9.1;3.0
91;2021-03-27;4987;318;124963;39538;9.5;3.0
91;2021-03-28;282;56;125245;39594;9.5;3.0
91;2021-03-29;3302;1031;128547;40625;9.7;3.1
91;2021-03-30;4420;1201;132967;41826;10.1;3.2
91;2021-03-31;3360;1329;136327;43155;10.3;3.3
91;2021-04-01;3737;1665;140064;44820;10.6;3.4
91;2021-04-02;3879;2301;143943;47121;10.9;3.6
91;2021-04-03;1871;2875;145814;49996;11.1;3.8
91;2021-04-04;646;1320;146460;51316;11.1;3.9
91;2021-04-05;560;129;147020;51445;11.1;3.9
91;2021-04-06;3397;1783;150417;53228;11.4;4.0
91;2021-04-07;3409;1930;153826;55158;11.7;4.2
91;2021-04-08;4652;2131;158478;57289;12.0;4.3
91;2021-04-09;5333;2122;163811;59411;12.4;4.5
91;2021-04-10;2727;2815;166538;62226;12.6;4.7
91;2021-04-11;189;141;166727;62367;12.6;4.7
91;2021-04-12;2850;2279;169577;64646;12.9;4.9
91;2021-04-13;3752;2639;173329;67285;13.1;5.1
91;2021-04-14;3702;2313;177031;69598;13.4;5.3
91;2021-04-15;4475;2497;181506;72095;13.8;5.5
91;2021-04-16;4548;2785;186054;74880;14.1;5.7
91;2021-04-17;2981;2077;189035;76957;14.3;5.8
91;2021-04-18;265;69;189300;77026;14.3;5.8
91;2021-04-19;2302;2731;191602;79757;14.5;6.0
91;2021-04-20;3183;2983;194785;82740;14.8;6.3
91;2021-04-21;2983;2894;197768;85634;15.0;6.5
91;2021-04-22;3153;3357;200921;88991;15.2;6.7
91;2021-04-23;3706;3341;204627;92332;15.5;7.0
91;2021-04-24;3480;3718;208107;96050;15.8;7.3
91;2021-04-25;2614;641;210721;96691;16.0;7.3
91;2021-04-26;3485;2793;214206;99484;16.2;7.5
91;2021-04-27;4474;2913;218680;102397;16.6;7.8
91;2021-04-28;4562;2695;223242;105092;16.9;8.0
91;2021-04-29;5734;3041;228976;108133;17.4;8.2
91;2021-04-30;5375;2842;234351;110975;17.8;8.4
91;2021-05-01;3510;517;237861;111492;18.0;8.5
91;2021-05-02;623;132;238484;111624;18.1;8.5
91;2021-05-03;5201;2284;243685;113908;18.5;8.6
91;2021-05-04;5583;3164;249268;117072;18.9;8.9
91;2021-05-05;4844;2862;254112;119934;19.3;9.1
91;2021-05-06;5236;3367;259348;123301;19.7;9.3
91;2021-05-07;6124;3735;265472;127036;20.1;9.6
91;2021-05-08;6510;953;271982;127989;20.6;9.7
91;2021-05-09;4803;560;276785;128549;21.0;9.7
91;2021-05-10;5892;3001;282677;131550;21.4;10.0
91;2021-05-11;6830;3822;289507;135372;21.9;10.3
91;2021-05-12;5874;3425;295381;138797;22.4;10.5
91;2021-05-13;4818;1076;300199;139873;22.8;10.6
91;2021-05-14;6544;2383;306743;142256;23.2;10.8
91;2021-05-15;7792;1910;314535;144166;23.8;10.9
91;2021-05-16;4582;369;319117;144535;24.2;11.0
91;2021-05-17;6952;1711;326069;146246;24.7;11.1
91;2021-05-18;8110;1731;334179;147977;25.3;11.2
91;2021-05-19;7099;1693;341278;149670;25.9;11.3
91;2021-05-20;8195;2138;349473;151808;26.5;11.5
91;2021-05-21;8132;2576;357605;154384;27.1;11.7
91;2021-05-22;7658;1545;365263;155929;27.7;11.8
91;2021-05-23;4797;520;370060;156449;28.0;11.9
91;2021-05-24;5012;597;375072;157046;28.4;11.9
91;2021-05-25;7623;2646;382695;159692;29.0;12.1
91;2021-05-26;6863;2935;389558;162627;29.5;12.3
91;2021-05-27;7959;3440;397517;166067;30.1;12.6
91;2021-05-28;7525;4307;405042;170374;30.7;12.9
91;2021-05-29;9291;3499;414333;173873;31.4;13.2
91;2021-05-30;5952;963;420285;174836;31.9;13.3
91;2021-05-31;6737;3694;427022;178530;32.4;13.5
91;2021-06-01;7769;4767;434791;183297;33.0;13.9
91;2021-06-02;7438;3953;442229;187250;33.5;14.2
91;2021-06-03;7850;4779;450079;192029;34.1;14.6
91;2021-06-04;7168;5712;457247;197741;34.7;15.0
91;2021-06-05;6379;5799;463626;203540;35.1;15.4
91;2021-06-06;4086;2505;467712;206045;35.4;15.6
91;2021-06-07;5880;5475;473592;211520;35.9;16.0
91;2021-06-08;7031;5785;480623;217305;36.4;16.5
91;2021-06-09;6456;5135;487079;222440;36.9;16.9
91;2021-06-10;7158;5769;494237;228209;37.5;17.3
91;2021-06-11;6523;7106;500760;235315;38.0;17.8
91;2021-06-12;6206;7356;506966;242671;38.4;18.4
91;2021-06-13;2821;2314;509787;244985;38.6;18.6
91;2021-06-14;4209;7188;513996;252173;39.0;19.1
91;2021-06-15;5539;7249;519535;259422;39.4;19.7
91;2021-06-16;5273;6435;524808;265857;39.8;20.1
91;2021-06-17;6211;7127;531019;272984;40.2;20.7
91;2021-06-18;4584;8731;535603;281715;40.6;21.4
91;2021-06-19;4109;7144;539712;288859;40.9;21.9
91;2021-06-20;997;4209;540709;293068;41.0;22.2
91;2021-06-21;3212;7232;543921;300300;41.2;22.8
91;2021-06-22;4140;9219;548061;309519;41.5;23.5
91;2021-06-23;4280;7954;552341;317473;41.9;24.1
91;2021-06-24;4815;8471;557156;325944;42.2;24.7
91;2021-06-25;3442;9177;560598;335121;42.5;25.4
91;2021-06-26;2868;8034;563466;343155;42.7;26.0
91;2021-06-27;546;2998;564012;346153;42.7;26.2
91;2021-06-28;3061;8234;567073;354387;43.0;26.9
91;2021-06-29;3537;9629;570610;364016;43.2;27.6
91;2021-06-30;3912;8681;574522;372697;43.5;28.2
91;2021-07-01;3930;8859;578452;381556;43.8;28.9
91;2021-07-02;3721;9304;582173;390860;44.1;29.6
91;2021-07-03;2803;9779;584976;400639;44.3;30.4
91;2021-07-04;831;4722;585807;405361;44.4;30.7
91;2021-07-05;2627;7263;588434;412624;44.6;31.3
91;2021-07-06;3657;9419;592091;422043;44.9;32.0
91;2021-07-07;3746;8577;595837;430620;45.2;32.6
91;2021-07-08;4309;8979;600146;439599;45.5;33.3
91;2021-07-09;3912;9942;604058;449541;45.8;34.1
91;2021-07-10;3321;10210;607379;459751;46.0;34.8
91;2021-07-11;979;4792;608358;464543;46.1;35.2
91;2021-07-12;2782;8880;611140;473423;46.3;35.9
91;2021-07-13;4432;10360;615572;483783;46.7;36.7
91;2021-07-14;2268;3567;617840;487350;46.8;36.9
91;2021-07-15;4509;9795;622349;497145;47.2;37.7
91;2021-07-16;6227;9706;628576;506851;47.6;38.4
91;2021-07-17;5635;9012;634211;515863;48.1;39.1
91;2021-07-18;3239;3610;637450;519473;48.3;39.4
91;2021-07-19;3712;7505;641162;526978;48.6;39.9
91;2021-07-20;6019;9257;647181;536235;49.1;40.6
91;2021-07-21;6103;7644;653284;543879;49.5;41.2
91;2021-07-22;6279;8302;659563;552181;50.0;41.9
92;2020-12-27;1;0;1;0;0.0;0.0
92;2020-12-28;7;0;8;0;0.0;0.0
92;2020-12-29;51;0;59;0;0.0;0.0
92;2020-12-30;25;0;84;0;0.0;0.0
92;2020-12-31;2;0;86;0;0.0;0.0
92;2021-01-01;11;0;97;0;0.0;0.0
92;2021-01-02;0;0;97;0;0.0;0.0
92;2021-01-03;2;0;99;0;0.0;0.0
92;2021-01-04;54;1;153;1;0.0;0.0
92;2021-01-05;219;1;372;2;0.0;0.0
92;2021-01-06;402;3;774;5;0.0;0.0
92;2021-01-07;653;5;1427;10;0.1;0.0
92;2021-01-08;832;4;2259;14;0.1;0.0
92;2021-01-09;114;1;2373;15;0.1;0.0
92;2021-01-10;37;0;2410;15;0.1;0.0
92;2021-01-11;832;4;3242;19;0.2;0.0
92;2021-01-12;1282;9;4524;28;0.3;0.0
92;2021-01-13;1227;13;5751;41;0.4;0.0
92;2021-01-14;1183;16;6934;57;0.4;0.0
92;2021-01-15;958;6;7892;63;0.5;0.0
92;2021-01-16;173;1;8065;64;0.5;0.0
92;2021-01-17;13;0;8078;64;0.5;0.0
92;2021-01-18;1532;22;9610;86;0.6;0.0
92;2021-01-19;1542;21;11152;107;0.7;0.0
92;2021-01-20;1789;14;12941;121;0.8;0.0
92;2021-01-21;3391;17;16332;138;1.0;0.0
92;2021-01-22;2593;43;18925;181;1.2;0.0
92;2021-01-23;128;0;19053;181;1.2;0.0
92;2021-01-24;11;0;19064;181;1.2;0.0
92;2021-01-25;827;15;19891;196;1.2;0.0
92;2021-01-26;1203;12;21094;208;1.3;0.0
92;2021-01-27;2200;93;23294;301;1.4;0.0
92;2021-01-28;4037;180;27331;481;1.7;0.0
92;2021-01-29;2703;263;30034;744;1.9;0.0
92;2021-01-30;317;12;30351;756;1.9;0.0
92;2021-01-31;17;2;30368;758;1.9;0.0
92;2021-02-01;852;324;31220;1082;1.9;0.1
92;2021-02-02;1042;356;32262;1438;2.0;0.1
92;2021-02-03;992;450;33254;1888;2.1;0.1
92;2021-02-04;1032;548;34286;2436;2.1;0.2
92;2021-02-05;1324;503;35610;2939;2.2;0.2
92;2021-02-06;105;17;35715;2956;2.2;0.2
92;2021-02-07;6;14;35721;2970;2.2;0.2
92;2021-02-08;564;736;36285;3706;2.2;0.2
92;2021-02-09;1053;1302;37338;5008;2.3;0.3
92;2021-02-10;1057;1304;38395;6312;2.4;0.4
92;2021-02-11;1482;1930;39877;8242;2.5;0.5
92;2021-02-12;1399;1482;41276;9724;2.6;0.6
92;2021-02-13;65;61;41341;9785;2.6;0.6
92;2021-02-14;6;0;41347;9785;2.6;0.6
92;2021-02-15;563;1667;41910;11452;2.6;0.7
92;2021-02-16;774;2063;42684;13515;2.6;0.8
92;2021-02-17;604;1756;43288;15271;2.7;0.9
92;2021-02-18;1552;3667;44840;18938;2.8;1.2
92;2021-02-19;1713;2651;46553;21589;2.9;1.3
92;2021-02-20;137;401;46690;21990;2.9;1.4
92;2021-02-21;22;53;46712;22043;2.9;1.4
92;2021-02-22;483;1225;47195;23268;2.9;1.4
92;2021-02-23;719;1366;47914;24634;3.0;1.5
92;2021-02-24;597;1297;48511;25931;3.0;1.6
92;2021-02-25;896;1819;49407;27750;3.1;1.7
92;2021-02-26;1439;1367;50846;29117;3.2;1.8
92;2021-02-27;489;188;51335;29305;3.2;1.8
92;2021-02-28;57;56;51392;29361;3.2;1.8
92;2021-03-01;1081;1044;52473;30405;3.3;1.9
92;2021-03-02;1947;1362;54420;31767;3.4;2.0
92;2021-03-03;2767;1083;57187;32850;3.5;2.0
92;2021-03-04;3563;1520;60750;34370;3.8;2.1
92;2021-03-05;4947;1702;65697;36072;4.1;2.2
92;2021-03-06;5699;308;71396;36380;4.4;2.3
92;2021-03-07;2890;220;74286;36600;4.6;2.3
92;2021-03-08;2401;811;76687;37411;4.8;2.3
92;2021-03-09;3416;1012;80103;38423;5.0;2.4
92;2021-03-10;3913;912;84016;39335;5.2;2.4
92;2021-03-11;4992;1372;89008;40707;5.5;2.5
92;2021-03-12;6741;1518;95749;42225;5.9;2.6
92;2021-03-13;5140;208;100889;42433;6.3;2.6
92;2021-03-14;1726;65;102615;42498;6.4;2.6
92;2021-03-15;3773;577;106388;43075;6.6;2.7
92;2021-03-16;3675;580;110063;43655;6.8;2.7
92;2021-03-17;3852;401;113915;44056;7.1;2.7
92;2021-03-18;4103;729;118018;44785;7.3;2.8
92;2021-03-19;5896;686;123914;45471;7.7;2.8
92;2021-03-20;2523;67;126437;45538;7.8;2.8
92;2021-03-21;134;30;126571;45568;7.8;2.8
92;2021-03-22;4092;470;130663;46038;8.1;2.9
92;2021-03-23;6074;849;136737;46887;8.5;2.9
92;2021-03-24;6355;617;143092;47504;8.9;2.9
92;2021-03-25;8412;612;151504;48116;9.4;3.0
92;2021-03-26;8336;868;159840;48984;9.9;3.0
92;2021-03-27;2811;256;162651;49240;10.1;3.1
92;2021-03-28;528;35;163179;49275;10.1;3.1
92;2021-03-29;4644;1047;167823;50322;10.4;3.1
92;2021-03-30;6374;1529;174197;51851;10.8;3.2
92;2021-03-31;5520;2232;179717;54083;11.1;3.4
92;2021-04-01;6239;3663;185956;57746;11.5;3.6
92;2021-04-02;5600;3398;191556;61144;11.9;3.8
92;2021-04-03;866;1417;192422;62561;11.9;3.9
92;2021-04-04;478;1063;192900;63624;12.0;3.9
92;2021-04-05;802;153;193702;63777;12.0;4.0
92;2021-04-06;3626;1950;197328;65727;12.2;4.1
92;2021-04-07;4981;2878;202309;68605;12.5;4.3
92;2021-04-08;5943;3168;208252;71773;12.9;4.4
92;2021-04-09;8010;3015;216262;74788;13.4;4.6
92;2021-04-10;2619;1288;218881;76076;13.6;4.7
92;2021-04-11;146;807;219027;76883;13.6;4.8
92;2021-04-12;3661;2510;222688;79393;13.8;4.9
92;2021-04-13;4362;4430;227050;83823;14.1;5.2
92;2021-04-14;4858;4029;231908;87852;14.4;5.4
92;2021-04-15;5276;3937;237184;91789;14.7;5.7
92;2021-04-16;5034;3843;242218;95632;15.0;5.9
92;2021-04-17;1786;1187;244004;96819;15.1;6.0
92;2021-04-18;328;94;244332;96913;15.1;6.0
92;2021-04-19;2790;2836;247122;99749;15.3;6.2
92;2021-04-20;4181;3745;251303;103494;15.6;6.4
92;2021-04-21;4597;4507;255900;108001;15.9;6.7
92;2021-04-22;4651;5111;260551;113112;16.1;7.0
92;2021-04-23;5186;4647;265737;117759;16.5;7.3
92;2021-04-24;4931;1906;270668;119665;16.8;7.4
92;2021-04-25;1787;148;272455;119813;16.9;7.4
92;2021-04-26;3982;3618;276437;123431;17.1;7.6
92;2021-04-27;6038;5252;282475;128683;17.5;8.0
92;2021-04-28;7361;4495;289836;133178;18.0;8.3
92;2021-04-29;7973;4763;297809;137941;18.5;8.5
92;2021-04-30;8824;4821;306633;142762;19.0;8.8
92;2021-05-01;1190;403;307823;143165;19.1;8.9
92;2021-05-02;655;137;308478;143302;19.1;8.9
92;2021-05-03;6771;3890;315249;147192;19.5;9.1
92;2021-05-04;10378;4356;325627;151548;20.2;9.4
92;2021-05-05;10051;5252;335678;156800;20.8;9.7
92;2021-05-06;11407;4904;347085;161704;21.5;10.0
92;2021-05-07;9848;5287;356933;166991;22.1;10.3
92;2021-05-08;7199;1919;364132;168910;22.6;10.5
92;2021-05-09;3781;600;367913;169510;22.8;10.5
92;2021-05-10;9511;3997;377424;173507;23.4;10.8
92;2021-05-11;13965;5684;391389;179191;24.3;11.1
92;2021-05-12;14255;4568;405644;183759;25.1;11.4
92;2021-05-13;9152;913;414796;184672;25.7;11.4
92;2021-05-14;12015;2310;426811;186982;26.4;11.6
92;2021-05-15;8376;1232;435187;188214;27.0;11.7
92;2021-05-16;4128;448;439315;188662;27.2;11.7
92;2021-05-17;10637;2215;449952;190877;27.9;11.8
92;2021-05-18;16359;3121;466311;193998;28.9;12.0
92;2021-05-19;16013;3720;482324;197718;29.9;12.3
92;2021-05-20;16817;3978;499141;201696;30.9;12.5
92;2021-05-21;14066;3640;513207;205336;31.8;12.7
92;2021-05-22;8303;1522;521510;206858;32.3;12.8
92;2021-05-23;4077;453;525587;207311;32.6;12.8
92;2021-05-24;6106;850;531693;208161;32.9;12.9
92;2021-05-25;13091;4547;544784;212708;33.8;13.2
92;2021-05-26;11905;5033;556689;217741;34.5;13.5
92;2021-05-27;12714;6317;569403;224058;35.3;13.9
92;2021-05-28;11212;6273;580615;230331;36.0;14.3
92;2021-05-29;5440;2299;586055;232630;36.3;14.4
92;2021-05-30;2243;386;588298;233016;36.5;14.4
92;2021-05-31;12041;5307;600339;238323;37.2;14.8
92;2021-06-01;12544;7633;612883;245956;38.0;15.2
92;2021-06-02;14344;7196;627227;253152;38.9;15.7
92;2021-06-03;14568;8013;641795;261165;39.8;16.2
92;2021-06-04;12203;8221;653998;269386;40.5;16.7
92;2021-06-05;7384;6256;661382;275642;41.0;17.1
92;2021-06-06;3581;1677;664963;277319;41.2;17.2
92;2021-06-07;11420;7623;676383;284942;41.9;17.7
92;2021-06-08;12728;9580;689111;294522;42.7;18.3
92;2021-06-09;11628;9459;700739;303981;43.4;18.8
92;2021-06-10;11906;10553;712645;314534;44.2;19.5
92;2021-06-11;8112;11026;720757;325560;44.7;20.2
92;2021-06-12;6322;5089;727079;330649;45.1;20.5
92;2021-06-13;3916;2712;730995;333361;45.3;20.7
92;2021-06-14;4802;11168;735797;344529;45.6;21.3
92;2021-06-15;6446;13128;742243;357657;46.0;22.2
92;2021-06-16;6887;12983;749130;370640;46.4;23.0
92;2021-06-17;7362;14003;756492;384643;46.9;23.8
92;2021-06-18;6849;14374;763341;399017;47.3;24.7
92;2021-06-19;3933;9101;767274;408118;47.5;25.3
92;2021-06-20;1920;5610;769194;413728;47.7;25.6
92;2021-06-21;4772;12264;773966;425992;48.0;26.4
92;2021-06-22;5767;17558;779733;443550;48.3;27.5
92;2021-06-23;5420;16002;785153;459552;48.7;28.5
92;2021-06-24;6125;15122;791278;474674;49.0;29.4
92;2021-06-25;5058;16098;796336;490772;49.3;30.4
92;2021-06-26;4049;10447;800385;501219;49.6;31.1
92;2021-06-27;1841;6053;802226;507272;49.7;31.4
92;2021-06-28;3641;12050;805867;519322;49.9;32.2
92;2021-06-29;4622;18152;810489;537474;50.2;33.3
92;2021-06-30;4307;16219;814796;553693;50.5;34.3
92;2021-07-01;5241;16291;820037;569984;50.8;35.3
92;2021-07-02;4732;15263;824769;585247;51.1;36.3
92;2021-07-03;3270;10169;828039;595416;51.3;36.9
92;2021-07-04;1107;4205;829146;599621;51.4;37.2
92;2021-07-05;4720;12309;833866;611930;51.7;37.9
92;2021-07-06;5155;15778;839021;627708;52.0;38.9
92;2021-07-07;4197;11432;843218;639140;52.3;39.6
92;2021-07-08;5353;14633;848571;653773;52.6;40.5
92;2021-07-09;5810;14173;854381;667946;52.9;41.4
92;2021-07-10;4158;8420;858539;676366;53.2;41.9
92;2021-07-11;1462;2615;860001;678981;53.3;42.1
92;2021-07-12;4311;14602;864312;693583;53.6;43.0
92;2021-07-13;7780;17404;872092;710987;54.0;44.1
92;2021-07-14;5036;5713;877128;716700;54.4;44.4
92;2021-07-15;9452;16196;886580;732896;54.9;45.4
92;2021-07-16;8964;14117;895544;747013;55.5;46.3
92;2021-07-17;6483;7561;902027;754574;55.9;46.8
92;2021-07-18;1811;2473;903838;757047;56.0;46.9
92;2021-07-19;6354;13128;910192;770175;56.4;47.7
92;2021-07-20;9923;14017;920115;784192;57.0;48.6
92;2021-07-21;10286;11987;930401;796179;57.7;49.3
92;2021-07-22;11552;12761;941953;808940;58.4;50.1
93;2020-12-27;9;2;9;2;0.0;0.0
93;2020-12-28;1;0;10;2;0.0;0.0
93;2020-12-29;0;0;10;2;0.0;0.0
93;2020-12-30;42;0;52;2;0.0;0.0
93;2020-12-31;1;0;53;2;0.0;0.0
93;2021-01-01;5;0;58;2;0.0;0.0
93;2021-01-02;0;0;58;2;0.0;0.0
93;2021-01-03;0;0;58;2;0.0;0.0
93;2021-01-04;0;0;58;2;0.0;0.0
93;2021-01-05;59;0;117;2;0.0;0.0
93;2021-01-06;179;0;296;2;0.0;0.0
93;2021-01-07;373;3;669;5;0.0;0.0
93;2021-01-08;629;2;1298;7;0.1;0.0
93;2021-01-09;21;0;1319;7;0.1;0.0
93;2021-01-10;1;0;1320;7;0.1;0.0
93;2021-01-11;500;5;1820;12;0.1;0.0
93;2021-01-12;749;3;2569;15;0.2;0.0
93;2021-01-13;750;6;3319;21;0.2;0.0
93;2021-01-14;681;17;4000;38;0.2;0.0
93;2021-01-15;513;2;4513;40;0.3;0.0
93;2021-01-16;135;3;4648;43;0.3;0.0
93;2021-01-17;5;1;4653;44;0.3;0.0
93;2021-01-18;1189;6;5842;50;0.3;0.0
93;2021-01-19;1606;15;7448;65;0.4;0.0
93;2021-01-20;1551;10;8999;75;0.5;0.0
93;2021-01-21;1914;15;10913;90;0.7;0.0
93;2021-01-22;1382;13;12295;103;0.7;0.0
93;2021-01-23;711;8;13006;111;0.8;0.0
93;2021-01-24;0;0;13006;111;0.8;0.0
93;2021-01-25;1202;13;14208;124;0.9;0.0
93;2021-01-26;1289;36;15497;160;0.9;0.0
93;2021-01-27;2150;53;17647;213;1.1;0.0
93;2021-01-28;2258;201;19905;414;1.2;0.0
93;2021-01-29;1619;230;21524;644;1.3;0.0
93;2021-01-30;924;45;22448;689;1.3;0.0
93;2021-01-31;3;7;22451;696;1.3;0.0
93;2021-02-01;1176;171;23627;867;1.4;0.1
93;2021-02-02;1157;309;24784;1176;1.5;0.1
93;2021-02-03;1228;400;26012;1576;1.6;0.1
93;2021-02-04;919;576;26931;2152;1.6;0.1
93;2021-02-05;798;435;27729;2587;1.7;0.2
93;2021-02-06;693;70;28422;2657;1.7;0.2
93;2021-02-07;2;0;28424;2657;1.7;0.2
93;2021-02-08;907;649;29331;3306;1.8;0.2
93;2021-02-09;851;613;30182;3919;1.8;0.2
93;2021-02-10;880;677;31062;4596;1.9;0.3
93;2021-02-11;1239;831;32301;5427;1.9;0.3
93;2021-02-12;1040;639;33341;6066;2.0;0.4
93;2021-02-13;392;263;33733;6329;2.0;0.4
93;2021-02-14;12;59;33745;6388;2.0;0.4
93;2021-02-15;410;1286;34155;7674;2.0;0.5
93;2021-02-16;542;1239;34697;8913;2.1;0.5
93;2021-02-17;544;1772;35241;10685;2.1;0.6
93;2021-02-18;1129;1881;36370;12566;2.2;0.8
93;2021-02-19;990;1543;37360;14109;2.2;0.8
93;2021-02-20;302;667;37662;14776;2.3;0.9
93;2021-02-21;7;23;37669;14799;2.3;0.9
93;2021-02-22;597;1299;38266;16098;2.3;1.0
93;2021-02-23;561;1127;38827;17225;2.3;1.0
93;2021-02-24;641;1230;39468;18455;2.4;1.1
93;2021-02-25;892;1074;40360;19529;2.4;1.2
93;2021-02-26;1119;980;41479;20509;2.5;1.2
93;2021-02-27;540;621;42019;21130;2.5;1.3
93;2021-02-28;87;56;42106;21186;2.5;1.3
93;2021-03-01;1082;1072;43188;22258;2.6;1.3
93;2021-03-02;1443;1147;44631;23405;2.7;1.4
93;2021-03-03;1732;1198;46363;24603;2.8;1.5
93;2021-03-04;2702;1111;49065;25714;2.9;1.5
93;2021-03-05;3811;866;52876;26580;3.2;1.6
93;2021-03-06;5044;563;57920;27143;3.5;1.6
93;2021-03-07;4298;175;62218;27318;3.7;1.6
93;2021-03-08;2030;1241;64248;28559;3.8;1.7
93;2021-03-09;2910;953;67158;29512;4.0;1.8
93;2021-03-10;2845;1090;70003;30602;4.2;1.8
93;2021-03-11;3520;1217;73523;31819;4.4;1.9
93;2021-03-12;4125;1262;77648;33081;4.6;2.0
93;2021-03-13;4285;595;81933;33676;4.9;2.0
93;2021-03-14;875;61;82808;33737;5.0;2.0
93;2021-03-15;3549;660;86357;34397;5.2;2.1
93;2021-03-16;3147;609;89504;35006;5.4;2.1
93;2021-03-17;2636;587;92140;35593;5.5;2.1
93;2021-03-18;3303;702;95443;36295;5.7;2.2
93;2021-03-19;3761;621;99204;36916;5.9;2.2
93;2021-03-20;3459;268;102663;37184;6.1;2.2
93;2021-03-21;808;268;103471;37452;6.2;2.2
93;2021-03-22;3843;593;107314;38045;6.4;2.3
93;2021-03-23;4749;773;112063;38818;6.7;2.3
93;2021-03-24;4101;664;116164;39482;7.0;2.4
93;2021-03-25;5576;811;121740;40293;7.3;2.4
93;2021-03-26;5537;852;127277;41145;7.6;2.5
93;2021-03-27;4273;294;131550;41439;7.9;2.5
93;2021-03-28;606;36;132156;41475;7.9;2.5
93;2021-03-29;3853;951;136009;42426;8.1;2.5
93;2021-03-30;4724;1247;140733;43673;8.4;2.6
93;2021-03-31;3910;1218;144643;44891;8.7;2.7
93;2021-04-01;4044;3124;148687;48015;8.9;2.9
93;2021-04-02;3214;3549;151901;51564;9.1;3.1
93;2021-04-03;2516;2245;154417;53809;9.2;3.2
93;2021-04-04;759;151;155176;53960;9.3;3.2
93;2021-04-05;705;87;155881;54047;9.3;3.2
93;2021-04-06;4552;2323;160433;56370;9.6;3.4
93;2021-04-07;4892;2072;165325;58442;9.9;3.5
93;2021-04-08;5795;2656;171120;61098;10.2;3.7
93;2021-04-09;6077;3149;177197;64247;10.6;3.8
93;2021-04-10;4194;2464;181391;66711;10.9;4.0
93;2021-04-11;575;426;181966;67137;10.9;4.0
93;2021-04-12;4091;2926;186057;70063;11.1;4.2
93;2021-04-13;4601;3646;190658;73709;11.4;4.4
93;2021-04-14;4357;2456;195015;76165;11.7;4.6
93;2021-04-15;4552;3032;199567;79197;11.9;4.7
93;2021-04-16;4425;2979;203992;82176;12.2;4.9
93;2021-04-17;3512;2502;207504;84678;12.4;5.1
93;2021-04-18;286;435;207790;85113;12.4;5.1
93;2021-04-19;3763;2847;211553;87960;12.7;5.3
93;2021-04-20;4298;3264;215851;91224;12.9;5.5
93;2021-04-21;4139;2761;219990;93985;13.2;5.6
93;2021-04-22;4501;4000;224491;97985;13.4;5.9
93;2021-04-23;5605;3211;230096;101196;13.8;6.1
93;2021-04-24;5925;3314;236021;104510;14.1;6.3
93;2021-04-25;1732;581;237753;105091;14.2;6.3
93;2021-04-26;4852;3073;242605;108164;14.5;6.5
93;2021-04-27;6453;3593;249058;111757;14.9;6.7
93;2021-04-28;6065;3374;255123;115131;15.3;6.9
93;2021-04-29;7290;3226;262413;118357;15.7;7.1
93;2021-04-30;8257;3096;270670;121453;16.2;7.3
93;2021-05-01;4946;1179;275616;122632;16.5;7.3
93;2021-05-02;416;647;276032;123279;16.5;7.4
93;2021-05-03;8115;5103;284147;128382;17.0;7.7
93;2021-05-04;7823;5405;291970;133787;17.5;8.0
93;2021-05-05;7574;4796;299544;138583;17.9;8.3
93;2021-05-06;8229;4757;307773;143340;18.4;8.6
93;2021-05-07;6994;5415;314767;148755;18.8;8.9
93;2021-05-08;8349;2380;323116;151135;19.3;9.0
93;2021-05-09;6115;1362;329231;152497;19.7;9.1
93;2021-05-10;8242;4061;337473;156558;20.2;9.4
93;2021-05-11;9293;4799;346766;161357;20.8;9.7
93;2021-05-12;9170;3648;355936;165005;21.3;9.9
93;2021-05-13;8285;1652;364221;166657;21.8;10.0
93;2021-05-14;10421;3537;374642;170194;22.4;10.2
93;2021-05-15;11124;2995;385766;173189;23.1;10.4
93;2021-05-16;5552;725;391318;173914;23.4;10.4
93;2021-05-17;11893;2256;403211;176170;24.1;10.5
93;2021-05-18;14092;2368;417303;178538;25.0;10.7
93;2021-05-19;11429;2937;428732;181475;25.7;10.9
93;2021-05-20;12606;3467;441338;184942;26.4;11.1
93;2021-05-21;13000;2874;454338;187816;27.2;11.2
93;2021-05-22;12374;2190;466712;190006;27.9;11.4
93;2021-05-23;8479;1099;475191;191105;28.5;11.4
93;2021-05-24;11195;1935;486386;193040;29.1;11.6
93;2021-05-25;12282;4301;498668;197341;29.9;11.8
93;2021-05-26;11054;3732;509722;201073;30.5;12.0
93;2021-05-27;12678;3854;522400;204927;31.3;12.3
93;2021-05-28;12640;5238;535040;210165;32.0;12.6
93;2021-05-29;11384;4255;546424;214420;32.7;12.8
93;2021-05-30;8209;1365;554633;215785;33.2;12.9
93;2021-05-31;9175;5164;563808;220949;33.8;13.2
93;2021-06-01;11282;6257;575090;227206;34.4;13.6
93;2021-06-02;9925;5155;585015;232361;35.0;13.9
93;2021-06-03;10728;5498;595743;237859;35.7;14.2
93;2021-06-04;10505;7774;606248;245633;36.3;14.7
93;2021-06-05;8975;7341;615223;252974;36.8;15.1
93;2021-06-06;8369;1729;623592;254703;37.3;15.3
93;2021-06-07;9862;7500;633454;262203;37.9;15.7
93;2021-06-08;10294;7363;643748;269566;38.5;16.1
93;2021-06-09;10152;7270;653900;276836;39.2;16.6
93;2021-06-10;8760;8139;662660;284975;39.7;17.1
93;2021-06-11;8693;8794;671353;293769;40.2;17.6
93;2021-06-12;9784;6630;681137;300399;40.8;18.0
93;2021-06-13;7116;2103;688253;302502;41.2;18.1
93;2021-06-14;5260;9713;693513;312215;41.5;18.7
93;2021-06-15;6100;9640;699613;321855;41.9;19.3
93;2021-06-16;6528;9036;706141;330891;42.3;19.8
93;2021-06-17;5643;8456;711784;339347;42.6;20.3
93;2021-06-18;7044;11114;718828;350461;43.0;21.0
93;2021-06-19;6989;11073;725817;361534;43.5;21.6
93;2021-06-20;4887;6861;730704;368395;43.8;22.1
93;2021-06-21;3881;10714;734585;379109;44.0;22.7
93;2021-06-22;4522;11294;739107;390403;44.3;23.4
93;2021-06-23;4447;10588;743554;400991;44.5;24.0
93;2021-06-24;4082;10294;747636;411285;44.8;24.6
93;2021-06-25;5032;13046;752668;424331;45.1;25.4
93;2021-06-26;5252;13919;757920;438250;45.4;26.2
93;2021-06-27;3261;7110;761181;445360;45.6;26.7
93;2021-06-28;3606;12502;764787;457862;45.8;27.4
93;2021-06-29;3941;12331;768728;470193;46.0;28.2
93;2021-06-30;4037;11287;772765;481480;46.3;28.8
93;2021-07-01;4226;11087;776991;492567;46.5;29.5
93;2021-07-02;4496;12313;781487;504880;46.8;30.2
93;2021-07-03;5186;13424;786673;518304;47.1;31.0
93;2021-07-04;3048;7877;789721;526181;47.3;31.5
93;2021-07-05;4246;10826;793967;537007;47.5;32.2
93;2021-07-06;4492;11744;798459;548751;47.8;32.9
93;2021-07-07;4862;11383;803321;560134;48.1;33.5
93;2021-07-08;4776;10245;808097;570379;48.4;34.2
93;2021-07-09;5320;12976;813417;583355;48.7;34.9
93;2021-07-10;5778;14248;819195;597603;49.0;35.8
93;2021-07-11;3647;9078;822842;606681;49.3;36.3
93;2021-07-12;5329;12033;828171;618714;49.6;37.0
93;2021-07-13;10875;13183;839046;631897;50.2;37.8
93;2021-07-14;10485;6694;849531;638591;50.9;38.2
93;2021-07-15;12127;14032;861658;652623;51.6;39.1
93;2021-07-16;12862;13559;874520;666182;52.4;39.9
93;2021-07-17;11163;13785;885683;679967;53.0;40.7
93;2021-07-18;7306;8864;892989;688831;53.5;41.2
93;2021-07-19;9364;10818;902353;699649;54.0;41.9
93;2021-07-20;12242;10540;914595;710189;54.8;42.5
93;2021-07-21;13848;10738;928443;720927;55.6;43.2
93;2021-07-22;13639;9164;942082;730091;56.4;43.7
94;2020-12-27;2;0;2;0;0.0;0.0
94;2020-12-28;5;0;7;0;0.0;0.0
94;2020-12-29;0;0;7;0;0.0;0.0
94;2020-12-30;0;0;7;0;0.0;0.0
94;2020-12-31;3;0;10;0;0.0;0.0
94;2021-01-01;2;0;12;0;0.0;0.0
94;2021-01-02;0;0;12;0;0.0;0.0
94;2021-01-03;0;0;12;0;0.0;0.0
94;2021-01-04;35;1;47;1;0.0;0.0
94;2021-01-05;230;2;277;3;0.0;0.0
94;2021-01-06;328;4;605;7;0.0;0.0
94;2021-01-07;689;9;1294;16;0.1;0.0
94;2021-01-08;921;9;2215;25;0.2;0.0
94;2021-01-09;47;0;2262;25;0.2;0.0
94;2021-01-10;18;0;2280;25;0.2;0.0
94;2021-01-11;1011;9;3291;34;0.2;0.0
94;2021-01-12;1338;27;4629;61;0.3;0.0
94;2021-01-13;1404;22;6033;83;0.4;0.0
94;2021-01-14;1530;24;7563;107;0.5;0.0
94;2021-01-15;1218;21;8781;128;0.6;0.0
94;2021-01-16;196;2;8977;130;0.6;0.0
94;2021-01-17;89;1;9066;131;0.6;0.0
94;2021-01-18;1484;27;10550;158;0.8;0.0
94;2021-01-19;1944;24;12494;182;0.9;0.0
94;2021-01-20;2172;18;14666;200;1.0;0.0
94;2021-01-21;2986;15;17652;215;1.3;0.0
94;2021-01-22;2167;17;19819;232;1.4;0.0
94;2021-01-23;727;2;20546;234;1.5;0.0
94;2021-01-24;284;0;20830;234;1.5;0.0
94;2021-01-25;1465;17;22295;251;1.6;0.0
94;2021-01-26;1556;18;23851;269;1.7;0.0
94;2021-01-27;1796;23;25647;292;1.8;0.0
94;2021-01-28;1527;133;27174;425;1.9;0.0
94;2021-01-29;1377;149;28551;574;2.0;0.0
94;2021-01-30;579;4;29130;578;2.1;0.0
94;2021-01-31;118;8;29248;586;2.1;0.0
94;2021-02-01;919;156;30167;742;2.1;0.1
94;2021-02-02;850;253;31017;995;2.2;0.1
94;2021-02-03;757;377;31774;1372;2.3;0.1
94;2021-02-04;899;436;32673;1808;2.3;0.1
94;2021-02-05;870;576;33543;2384;2.4;0.2
94;2021-02-06;402;78;33945;2462;2.4;0.2
94;2021-02-07;118;0;34063;2462;2.4;0.2
94;2021-02-08;631;548;34694;3010;2.5;0.2
94;2021-02-09;1033;993;35727;4003;2.5;0.3
94;2021-02-10;1097;1372;36824;5375;2.6;0.4
94;2021-02-11;1424;1557;38248;6932;2.7;0.5
94;2021-02-12;1385;1656;39633;8588;2.8;0.6
94;2021-02-13;300;263;39933;8851;2.8;0.6
94;2021-02-14;29;72;39962;8923;2.8;0.6
94;2021-02-15;750;1785;40712;10708;2.9;0.8
94;2021-02-16;698;2768;41410;13476;2.9;1.0
94;2021-02-17;713;1590;42123;15066;3.0;1.1
94;2021-02-18;784;1752;42907;16818;3.1;1.2
94;2021-02-19;956;1467;43863;18285;3.1;1.3
94;2021-02-20;134;925;43997;19210;3.1;1.4
94;2021-02-21;20;186;44017;19396;3.1;1.4
94;2021-02-22;520;1351;44537;20747;3.2;1.5
94;2021-02-23;623;1289;45160;22036;3.2;1.6
94;2021-02-24;692;929;45852;22965;3.3;1.6
94;2021-02-25;1066;1579;46918;24544;3.3;1.7
94;2021-02-26;1313;1075;48231;25619;3.4;1.8
94;2021-02-27;512;553;48743;26172;3.5;1.9
94;2021-02-28;90;84;48833;26256;3.5;1.9
94;2021-03-01;873;947;49706;27203;3.5;1.9
94;2021-03-02;1565;995;51271;28198;3.6;2.0
94;2021-03-03;1938;1016;53209;29214;3.8;2.1
94;2021-03-04;2848;1179;56057;30393;4.0;2.2
94;2021-03-05;3825;1328;59882;31721;4.3;2.3
94;2021-03-06;4810;556;64692;32277;4.6;2.3
94;2021-03-07;3682;545;68374;32822;4.9;2.3
94;2021-03-08;1909;803;70283;33625;5.0;2.4
94;2021-03-09;2546;922;72829;34547;5.2;2.5
94;2021-03-10;3187;1024;76016;35571;5.4;2.5
94;2021-03-11;3830;912;79846;36483;5.7;2.6
94;2021-03-12;4564;789;84410;37272;6.0;2.7
94;2021-03-13;4127;377;88537;37649;6.3;2.7
94;2021-03-14;2112;140;90649;37789;6.4;2.7
94;2021-03-15;3160;775;93809;38564;6.7;2.7
94;2021-03-16;2765;442;96574;39006;6.9;2.8
94;2021-03-17;2853;446;99427;39452;7.1;2.8
94;2021-03-18;3252;428;102679;39880;7.3;2.8
94;2021-03-19;4264;689;106943;40569;7.6;2.9
94;2021-03-20;3692;288;110635;40857;7.9;2.9
94;2021-03-21;1454;381;112089;41238;8.0;2.9
94;2021-03-22;3210;667;115299;41905;8.2;3.0
94;2021-03-23;4503;715;119802;42620;8.5;3.0
94;2021-03-24;4613;599;124415;43219;8.8;3.1
94;2021-03-25;6315;642;130730;43861;9.3;3.1
94;2021-03-26;6077;824;136807;44685;9.7;3.2
94;2021-03-27;4471;259;141278;44944;10.0;3.2
94;2021-03-28;1889;105;143167;45049;10.2;3.2
94;2021-03-29;4120;1214;147287;46263;10.5;3.3
94;2021-03-30;5292;1337;152579;47600;10.9;3.4
94;2021-03-31;4896;1791;157475;49391;11.2;3.5
94;2021-04-01;5808;2299;163283;51690;11.6;3.7
94;2021-04-02;5238;2314;168521;54004;12.0;3.8
94;2021-04-03;3085;2514;171606;56518;12.2;4.0
94;2021-04-04;1047;781;172653;57299;12.3;4.1
94;2021-04-05;829;156;173482;57455;12.3;4.1
94;2021-04-06;3567;2597;177049;60052;12.6;4.3
94;2021-04-07;3835;2255;180884;62307;12.9;4.4
94;2021-04-08;4607;2039;185491;64346;13.2;4.6
94;2021-04-09;5350;2464;190841;66810;13.6;4.8
94;2021-04-10;2950;2996;193791;69806;13.8;5.0
94;2021-04-11;1262;1765;195053;71571;13.9;5.1
94;2021-04-12;3434;2270;198487;73841;14.1;5.3
94;2021-04-13;4305;3427;202792;77268;14.4;5.5
94;2021-04-14;3889;2688;206681;79956;14.7;5.7
94;2021-04-15;4435;2977;211116;82933;15.0;5.9
94;2021-04-16;4697;2827;215813;85760;15.3;6.1
94;2021-04-17;2453;2756;218266;88516;15.5;6.3
94;2021-04-18;918;1249;219184;89765;15.6;6.4
94;2021-04-19;2970;2434;222154;92199;15.8;6.6
94;2021-04-20;3267;2695;225421;94894;16.0;6.7
94;2021-04-21;3213;3155;228634;98049;16.3;7.0
94;2021-04-22;3902;3642;232536;101691;16.5;7.2
94;2021-04-23;4101;3977;236637;105668;16.8;7.5
94;2021-04-24;4260;3395;240897;109063;17.1;7.8
94;2021-04-25;2411;1497;243308;110560;17.3;7.9
94;2021-04-26;4002;3268;247310;113828;17.6;8.1
94;2021-04-27;5085;3358;252395;117186;18.0;8.3
94;2021-04-28;4824;3611;257219;120797;18.3;8.6
94;2021-04-29;6404;3769;263623;124566;18.7;8.9
94;2021-04-30;6475;3920;270098;128486;19.2;9.1
94;2021-05-01;4057;1048;274155;129534;19.5;9.2
94;2021-05-02;3053;1468;277208;131002;19.7;9.3
94;2021-05-03;5729;5352;282937;136354;20.1;9.7
94;2021-05-04;6093;3558;289030;139912;20.6;10.0
94;2021-05-05;6177;3415;295207;143327;21.0;10.2
94;2021-05-06;7150;3528;302357;146855;21.5;10.4
94;2021-05-07;6657;4112;309014;150967;22.0;10.7
94;2021-05-08;4892;2538;313906;153505;22.3;10.9
94;2021-05-09;4221;2236;318127;155741;22.6;11.1
94;2021-05-10;7703;3117;325830;158858;23.2;11.3
94;2021-05-11;8964;3924;334794;162782;23.8;11.6
94;2021-05-12;9559;3593;344353;166375;24.5;11.8
94;2021-05-13;8673;1369;353026;167744;25.1;11.9
94;2021-05-14;9856;3310;362882;171054;25.8;12.2
94;2021-05-15;8934;2161;371816;173215;26.4;12.3
94;2021-05-16;5066;904;376882;174119;26.8;12.4
94;2021-05-17;10838;2247;387720;176366;27.6;12.5
94;2021-05-18;11279;2432;398999;178798;28.4;12.7
94;2021-05-19;11659;3583;410658;182381;29.2;13.0
94;2021-05-20;12131;4353;422789;186734;30.1;13.3
94;2021-05-21;11850;3140;434639;189874;30.9;13.5
94;2021-05-22;10284;1969;444923;191843;31.6;13.6
94;2021-05-23;5000;712;449923;192555;32.0;13.7
94;2021-05-24;9655;1343;459578;193898;32.7;13.8
94;2021-05-25;9980;4263;469558;198161;33.4;14.1
94;2021-05-26;10259;3291;479817;201452;34.1;14.3
94;2021-05-27;10848;4573;490665;206025;34.9;14.7
94;2021-05-28;10432;4946;501097;210971;35.6;15.0
94;2021-05-29;9871;3444;510968;214415;36.3;15.2
94;2021-05-30;4782;927;515750;215342;36.7;15.3
94;2021-05-31;9972;4225;525722;219567;37.4;15.6
94;2021-06-01;10222;5096;535944;224663;38.1;16.0
94;2021-06-02;9292;4582;545236;229245;38.8;16.3
94;2021-06-03;9499;5579;554735;234824;39.5;16.7
94;2021-06-04;10340;6510;565075;241334;40.2;17.2
94;2021-06-05;9192;6248;574267;247582;40.8;17.6
94;2021-06-06;3974;1847;578241;249429;41.1;17.7
94;2021-06-07;8635;5954;586876;255383;41.7;18.2
94;2021-06-08;8948;7517;595824;262900;42.4;18.7
94;2021-06-09;8888;8145;604712;271045;43.0;19.3
94;2021-06-10;8735;10960;613447;282005;43.6;20.1
94;2021-06-11;7768;8371;621215;290376;44.2;20.7
94;2021-06-12;10188;6824;631403;297200;44.9;21.1
94;2021-06-13;3463;3251;634866;300451;45.2;21.4
94;2021-06-14;6871;8215;641737;308666;45.6;22.0
94;2021-06-15;7631;8792;649368;317458;46.2;22.6
94;2021-06-16;7131;8261;656499;325719;46.7;23.2
94;2021-06-17;6621;9038;663120;334757;47.2;23.8
94;2021-06-18;6422;11943;669542;346700;47.6;24.7
94;2021-06-19;5979;9562;675521;356262;48.0;25.3
94;2021-06-20;1873;4001;677394;360263;48.2;25.6
94;2021-06-21;4408;11186;681802;371449;48.5;26.4
94;2021-06-22;4727;10817;686529;382266;48.8;27.2
94;2021-06-23;4065;11142;690594;393408;49.1;28.0
94;2021-06-24;4813;10314;695407;403722;49.5;28.7
94;2021-06-25;4184;13745;699591;417467;49.8;29.7
94;2021-06-26;3109;11985;702700;429452;50.0;30.5
94;2021-06-27;1036;5004;703736;434456;50.1;30.9
94;2021-06-28;3379;12075;707115;446531;50.3;31.8
94;2021-06-29;3965;12170;711080;458701;50.6;32.6
94;2021-06-30;3924;11604;715004;470305;50.9;33.4
94;2021-07-01;4221;11075;719225;481380;51.2;34.2
94;2021-07-02;4067;12173;723292;493553;51.4;35.1
94;2021-07-03;3553;11782;726845;505335;51.7;35.9
94;2021-07-04;1498;5076;728343;510411;51.8;36.3
94;2021-07-05;3416;11404;731759;521815;52.0;37.1
94;2021-07-06;3755;10872;735514;532687;52.3;37.9
94;2021-07-07;4106;11049;739620;543736;52.6;38.7
94;2021-07-08;4435;9992;744055;553728;52.9;39.4
94;2021-07-09;4181;11813;748236;565541;53.2;40.2
94;2021-07-10;3569;11352;751805;576893;53.5;41.0
94;2021-07-11;1466;4709;753271;581602;53.6;41.4
94;2021-07-12;3543;11937;756814;593539;53.8;42.2
94;2021-07-13;5688;11966;762502;605505;54.2;43.1
94;2021-07-14;3996;5258;766498;610763;54.5;43.4
94;2021-07-15;6233;12302;772731;623065;55.0;44.3
94;2021-07-16;6646;11207;779377;634272;55.4;45.1
94;2021-07-17;5589;11269;784966;645541;55.8;45.9
94;2021-07-18;2586;3996;787552;649537;56.0;46.2
94;2021-07-19;5673;10327;793225;659864;56.4;46.9
94;2021-07-20;7623;10228;800848;670092;57.0;47.7
94;2021-07-21;8172;9403;809020;679495;57.5;48.3
94;2021-07-22;9064;9219;818084;688714;58.2;49.0
95;2020-12-27;1;0;1;0;0.0;0.0
95;2020-12-28;0;0;1;0;0.0;0.0
95;2020-12-29;0;0;1;0;0.0;0.0
95;2020-12-30;0;0;1;0;0.0;0.0
95;2020-12-31;0;0;1;0;0.0;0.0
95;2021-01-01;0;0;1;0;0.0;0.0
95;2021-01-02;12;0;13;0;0.0;0.0
95;2021-01-03;0;0;13;0;0.0;0.0
95;2021-01-04;48;0;61;0;0.0;0.0
95;2021-01-05;288;0;349;0;0.0;0.0
95;2021-01-06;179;0;528;0;0.0;0.0
95;2021-01-07;130;0;658;0;0.1;0.0
95;2021-01-08;268;1;926;1;0.1;0.0
95;2021-01-09;251;0;1177;1;0.1;0.0
95;2021-01-10;382;1;1559;2;0.1;0.0
95;2021-01-11;482;1;2041;3;0.2;0.0
95;2021-01-12;861;1;2902;4;0.2;0.0
95;2021-01-13;781;13;3683;17;0.3;0.0
95;2021-01-14;878;11;4561;28;0.4;0.0
95;2021-01-15;752;4;5313;32;0.4;0.0
95;2021-01-16;297;3;5610;35;0.4;0.0
95;2021-01-17;217;1;5827;36;0.5;0.0
95;2021-01-18;1335;3;7162;39;0.6;0.0
95;2021-01-19;1569;4;8731;43;0.7;0.0
95;2021-01-20;2031;5;10762;48;0.9;0.0
95;2021-01-21;1851;2;12613;50;1.0;0.0
95;2021-01-22;1317;5;13930;55;1.1;0.0
95;2021-01-23;646;0;14576;55;1.2;0.0
95;2021-01-24;181;0;14757;55;1.2;0.0
95;2021-01-25;795;37;15552;92;1.2;0.0
95;2021-01-26;982;159;16534;251;1.3;0.0
95;2021-01-27;1246;191;17780;442;1.4;0.0
95;2021-01-28;1715;35;19495;477;1.6;0.0
95;2021-01-29;1245;209;20740;686;1.7;0.1
95;2021-01-30;477;5;21217;691;1.7;0.1
95;2021-01-31;209;2;21426;693;1.7;0.1
95;2021-02-01;563;276;21989;969;1.8;0.1
95;2021-02-02;527;268;22516;1237;1.8;0.1
95;2021-02-03;611;520;23127;1757;1.9;0.1
95;2021-02-04;1064;367;24191;2124;1.9;0.2
95;2021-02-05;730;310;24921;2434;2.0;0.2
95;2021-02-06;335;258;25256;2692;2.0;0.2
95;2021-02-07;140;421;25396;3113;2.0;0.2
95;2021-02-08;762;344;26158;3457;2.1;0.3
95;2021-02-09;1127;1089;27285;4546;2.2;0.4
95;2021-02-10;1254;1411;28539;5957;2.3;0.5
95;2021-02-11;1383;1145;29922;7102;2.4;0.6
95;2021-02-12;1030;990;30952;8092;2.5;0.6
95;2021-02-13;329;317;31281;8409;2.5;0.7
95;2021-02-14;36;194;31317;8603;2.5;0.7
95;2021-02-15;423;1065;31740;9668;2.5;0.8
95;2021-02-16;492;922;32232;10590;2.6;0.8
95;2021-02-17;651;1142;32883;11732;2.6;0.9
95;2021-02-18;720;1700;33603;13432;2.7;1.1
95;2021-02-19;782;1311;34385;14743;2.8;1.2
95;2021-02-20;304;492;34689;15235;2.8;1.2
95;2021-02-21;165;318;34854;15553;2.8;1.2
95;2021-02-22;327;1029;35181;16582;2.8;1.3
95;2021-02-23;366;730;35547;17312;2.8;1.4
95;2021-02-24;308;884;35855;18196;2.9;1.5
95;2021-02-25;721;1133;36576;19329;2.9;1.5
95;2021-02-26;987;886;37563;20215;3.0;1.6
95;2021-02-27;363;432;37926;20647;3.0;1.7
95;2021-02-28;61;237;37987;20884;3.0;1.7
95;2021-03-01;766;595;38753;21479;3.1;1.7
95;2021-03-02;1311;855;40064;22334;3.2;1.8
95;2021-03-03;1589;981;41653;23315;3.3;1.9
95;2021-03-04;3187;1192;44840;24507;3.6;2.0
95;2021-03-05;3653;1074;48493;25581;3.9;2.0
95;2021-03-06;4001;489;52494;26070;4.2;2.1
95;2021-03-07;4212;300;56706;26370;4.5;2.1
95;2021-03-08;1541;858;58247;27228;4.7;2.2
95;2021-03-09;2619;493;60866;27721;4.9;2.2
95;2021-03-10;2340;841;63206;28562;5.1;2.3
95;2021-03-11;3135;1132;66341;29694;5.3;2.4
95;2021-03-12;3514;776;69855;30470;5.6;2.4
95;2021-03-13;3514;404;73369;30874;5.9;2.5
95;2021-03-14;1978;284;75347;31158;6.0;2.5
95;2021-03-15;2364;314;77711;31472;6.2;2.5
95;2021-03-16;1570;409;79281;31881;6.4;2.6
95;2021-03-17;2100;404;81381;32285;6.5;2.6
95;2021-03-18;2794;362;84175;32647;6.7;2.6
95;2021-03-19;3466;348;87641;32995;7.0;2.6
95;2021-03-20;2585;194;90226;33189;7.2;2.7
95;2021-03-21;1197;217;91423;33406;7.3;2.7
95;2021-03-22;2935;358;94358;33764;7.6;2.7
95;2021-03-23;3430;445;97788;34209;7.8;2.7
95;2021-03-24;3927;494;101715;34703;8.1;2.8
95;2021-03-25;5849;623;107564;35326;8.6;2.8
95;2021-03-26;5427;657;112991;35983;9.1;2.9
95;2021-03-27;3742;191;116733;36174;9.4;2.9
95;2021-03-28;1530;106;118263;36280;9.5;2.9
95;2021-03-29;2892;564;121155;36844;9.7;3.0
95;2021-03-30;3875;1207;125030;38051;10.0;3.0
95;2021-03-31;3648;1649;128678;39700;10.3;3.2
95;2021-04-01;5474;2240;134152;41940;10.7;3.4
95;2021-04-02;3542;2741;137694;44681;11.0;3.6
95;2021-04-03;2089;2480;139783;47161;11.2;3.8
95;2021-04-04;1244;1177;141027;48338;11.3;3.9
95;2021-04-05;592;61;141619;48399;11.3;3.9
95;2021-04-06;1853;1533;143472;49932;11.5;4.0
95;2021-04-07;4943;2145;148415;52077;11.9;4.2
95;2021-04-08;4884;2444;153299;54521;12.3;4.4
95;2021-04-09;5425;2313;158724;56834;12.7;4.6
95;2021-04-10;3704;1419;162428;58253;13.0;4.7
95;2021-04-11;1567;1028;163995;59281;13.1;4.7
95;2021-04-12;3235;1601;167230;60882;13.4;4.9
95;2021-04-13;3140;1670;170370;62552;13.6;5.0
95;2021-04-14;2744;1980;173114;64532;13.9;5.2
95;2021-04-15;3893;3311;177007;67843;14.2;5.4
95;2021-04-16;4060;3012;181067;70855;14.5;5.7
95;2021-04-17;2370;1752;183437;72607;14.7;5.8
95;2021-04-18;1507;1020;184944;73627;14.8;5.9
95;2021-04-19;2559;2358;187503;75985;15.0;6.1
95;2021-04-20;2112;2453;189615;78438;15.2;6.3
95;2021-04-21;3926;2625;193541;81063;15.5;6.5
95;2021-04-22;3403;4614;196944;85677;15.8;6.9
95;2021-04-23;2761;3549;199705;89226;16.0;7.1
95;2021-04-24;3563;2573;203268;91799;16.3;7.4
95;2021-04-25;1959;1548;205227;93347;16.4;7.5
95;2021-04-26;2746;2697;207973;96044;16.7;7.7
95;2021-04-27;3842;2157;211815;98201;17.0;7.9
95;2021-04-28;3885;2661;215700;100862;17.3;8.1
95;2021-04-29;6134;4530;221834;105392;17.8;8.4
95;2021-04-30;6903;2928;228737;108320;18.3;8.7
95;2021-05-01;2364;910;231101;109230;18.5;8.7
95;2021-05-02;2443;1489;233544;110719;18.7;8.9
95;2021-05-03;5073;1897;238617;112616;19.1;9.0
95;2021-05-04;6347;2713;244964;115329;19.6;9.2
95;2021-05-05;5140;3811;250104;119140;20.0;9.5
95;2021-05-06;8201;4916;258305;124056;20.7;9.9
95;2021-05-07;5772;4744;264077;128800;21.2;10.3
95;2021-05-08;5736;1522;269813;130322;21.6;10.4
95;2021-05-09;2823;1561;272636;131883;21.8;10.6
95;2021-05-10;9939;3162;282575;135045;22.6;10.8
95;2021-05-11;8444;3445;291019;138490;23.3;11.1
95;2021-05-12;9452;3211;300471;141701;24.1;11.4
95;2021-05-13;7953;1199;308424;142900;24.7;11.4
95;2021-05-14;7005;1894;315429;144794;25.3;11.6
95;2021-05-15;4509;1067;319938;145861;25.6;11.7
95;2021-05-16;4813;806;324751;146667;26.0;11.7
95;2021-05-17;7729;1335;332480;148002;26.6;11.9
95;2021-05-18;9456;1854;341936;149856;27.4;12.0
95;2021-05-19;9241;2510;351177;152366;28.1;12.2
95;2021-05-20;12571;2432;363748;154798;29.1;12.4
95;2021-05-21;10174;2528;373922;157326;30.0;12.6
95;2021-05-22;9396;1539;383318;158865;30.7;12.7
95;2021-05-23;4136;936;387454;159801;31.0;12.8
95;2021-05-24;2391;539;389845;160340;31.2;12.8
95;2021-05-25;7199;2075;397044;162415;31.8;13.0
95;2021-05-26;8839;3110;405883;165525;32.5;13.3
95;2021-05-27;10353;4418;416236;169943;33.3;13.6
95;2021-05-28;7678;4419;423914;174362;34.0;14.0
95;2021-05-29;5258;2758;429172;177120;34.4;14.2
95;2021-05-30;3724;1686;432896;178806;34.7;14.3
95;2021-05-31;6421;3318;439317;182124;35.2;14.6
95;2021-06-01;8621;3788;447938;185912;35.9;14.9
95;2021-06-02;8647;4733;456585;190645;36.6;15.3
95;2021-06-03;8474;6547;465059;197192;37.3;15.8
95;2021-06-04;8822;4397;473881;201589;38.0;16.1
95;2021-06-05;8331;3733;482212;205322;38.6;16.4
95;2021-06-06;4813;1587;487025;206909;39.0;16.6
95;2021-06-07;5977;4534;493002;211443;39.5;16.9
95;2021-06-08;6470;5506;499472;216949;40.0;17.4
95;2021-06-09;5866;6459;505338;223408;40.5;17.9
95;2021-06-10;6260;6789;511598;230197;41.0;18.4
95;2021-06-11;7074;6419;518672;236616;41.5;19.0
95;2021-06-12;5976;4366;524648;240982;42.0;19.3
95;2021-06-13;2036;3281;526684;244263;42.2;19.6
95;2021-06-14;4569;5963;531253;250226;42.6;20.0
95;2021-06-15;3973;8024;535226;258250;42.9;20.7
95;2021-06-16;5091;7529;540317;265779;43.3;21.3
95;2021-06-17;6354;8140;546671;273919;43.8;21.9
95;2021-06-18;5322;7841;551993;281760;44.2;22.6
95;2021-06-19;4943;8920;556936;290680;44.6;23.3
95;2021-06-20;1396;3305;558332;293985;44.7;23.5
95;2021-06-21;2977;7700;561309;301685;45.0;24.2
95;2021-06-22;4700;9013;566009;310698;45.3;24.9
95;2021-06-23;4619;10871;570628;321569;45.7;25.8
95;2021-06-24;4850;10711;575478;332280;46.1;26.6
95;2021-06-25;4745;10350;580223;342630;46.5;27.4
95;2021-06-26;4243;8476;584466;351106;46.8;28.1
95;2021-06-27;962;3986;585428;355092;46.9;28.4
95;2021-06-28;2635;9487;588063;364579;47.1;29.2
95;2021-06-29;2463;8774;590526;373353;47.3;29.9
95;2021-06-30;3796;9977;594322;383330;47.6;30.7
95;2021-07-01;4097;11144;598419;394474;47.9;31.6
95;2021-07-02;3999;10522;602418;404996;48.3;32.4
95;2021-07-03;3511;9142;605929;414138;48.5;33.2
95;2021-07-04;1223;3396;607152;417534;48.6;33.4
95;2021-07-05;2270;4367;609422;421901;48.8;33.8
95;2021-07-06;2593;7741;612015;429642;49.0;34.4
95;2021-07-07;3900;9611;615915;439253;49.3;35.2
95;2021-07-08;5213;9763;621128;449016;49.8;36.0
95;2021-07-09;4446;10035;625574;459051;50.1;36.8
95;2021-07-10;3381;7389;628955;466440;50.4;37.4
95;2021-07-11;1474;3597;630429;470037;50.5;37.7
95;2021-07-12;2908;9658;633337;479695;50.7;38.4
95;2021-07-13;5010;10010;638347;489705;51.1;39.2
95;2021-07-14;4302;5674;642649;495379;51.5;39.7
95;2021-07-15;7134;12230;649783;507609;52.1;40.7
95;2021-07-16;7847;11920;657630;519529;52.7;41.6
95;2021-07-17;5017;7782;662647;527311;53.1;42.2
95;2021-07-18;3310;2835;665957;530146;53.3;42.5
95;2021-07-19;4719;6818;670676;536964;53.7;43.0
95;2021-07-20;6778;8307;677454;545271;54.3;43.7
95;2021-07-21;9100;9327;686554;554598;55.0;44.4
95;2021-07-22;9635;9541;696189;564139;55.8;45.2
971;2020-12-27;0;0;0;0;0.0;0.0
971;2020-12-28;0;0;0;0;0.0;0.0
971;2020-12-29;0;0;0;0;0.0;0.0
971;2020-12-30;0;0;0;0;0.0;0.0
971;2020-12-31;0;0;0;0;0.0;0.0
971;2021-01-01;1;0;1;0;0.0;0.0
971;2021-01-02;0;0;1;0;0.0;0.0
971;2021-01-03;0;0;1;0;0.0;0.0
971;2021-01-04;1;0;2;0;0.0;0.0
971;2021-01-05;0;0;2;0;0.0;0.0
971;2021-01-06;1;0;3;0;0.0;0.0
971;2021-01-07;0;0;3;0;0.0;0.0
971;2021-01-08;55;0;58;0;0.0;0.0
971;2021-01-09;19;0;77;0;0.0;0.0
971;2021-01-10;0;0;77;0;0.0;0.0
971;2021-01-11;57;0;134;0;0.0;0.0
971;2021-01-12;45;0;179;0;0.0;0.0
971;2021-01-13;45;1;224;1;0.1;0.0
971;2021-01-14;61;0;285;1;0.1;0.0
971;2021-01-15;76;0;361;1;0.1;0.0
971;2021-01-16;0;0;361;1;0.1;0.0
971;2021-01-17;0;0;361;1;0.1;0.0
971;2021-01-18;77;0;438;1;0.1;0.0
971;2021-01-19;144;0;582;1;0.2;0.0
971;2021-01-20;134;0;716;1;0.2;0.0
971;2021-01-21;151;1;867;2;0.2;0.0
971;2021-01-22;134;0;1001;2;0.3;0.0
971;2021-01-23;1;0;1002;2;0.3;0.0
971;2021-01-24;0;0;1002;2;0.3;0.0
971;2021-01-25;202;0;1204;2;0.3;0.0
971;2021-01-26;213;1;1417;3;0.4;0.0
971;2021-01-27;234;0;1651;3;0.4;0.0
971;2021-01-28;238;3;1889;6;0.5;0.0
971;2021-01-29;198;2;2087;8;0.6;0.0
971;2021-01-30;19;0;2106;8;0.6;0.0
971;2021-01-31;1;0;2107;8;0.6;0.0
971;2021-02-01;226;4;2333;12;0.6;0.0
971;2021-02-02;242;26;2575;38;0.7;0.0
971;2021-02-03;220;3;2795;41;0.7;0.0
971;2021-02-04;300;21;3095;62;0.8;0.0
971;2021-02-05;264;32;3359;94;0.9;0.0
971;2021-02-06;49;1;3408;95;0.9;0.0
971;2021-02-07;0;0;3408;95;0.9;0.0
971;2021-02-08;238;22;3646;117;1.0;0.0
971;2021-02-09;304;29;3950;146;1.0;0.0
971;2021-02-10;233;29;4183;175;1.1;0.0
971;2021-02-11;295;112;4478;287;1.2;0.1
971;2021-02-12;285;26;4763;313;1.3;0.1
971;2021-02-13;50;7;4813;320;1.3;0.1
971;2021-02-14;19;36;4832;356;1.3;0.1
971;2021-02-15;78;46;4910;402;1.3;0.1
971;2021-02-16;16;1;4926;403;1.3;0.1
971;2021-02-17;17;1;4943;404;1.3;0.1
971;2021-02-18;230;18;5173;422;1.4;0.1
971;2021-02-19;233;21;5406;443;1.4;0.1
971;2021-02-20;48;0;5454;443;1.4;0.1
971;2021-02-21;1;0;5455;443;1.4;0.1
971;2021-02-22;164;65;5619;508;1.5;0.1
971;2021-02-23;193;74;5812;582;1.5;0.2
971;2021-02-24;322;126;6134;708;1.6;0.2
971;2021-02-25;376;80;6510;788;1.7;0.2
971;2021-02-26;217;84;6727;872;1.8;0.2
971;2021-02-27;62;0;6789;872;1.8;0.2
971;2021-02-28;1;0;6790;872;1.8;0.2
971;2021-03-01;166;82;6956;954;1.8;0.3
971;2021-03-02;265;131;7221;1085;1.9;0.3
971;2021-03-03;233;120;7454;1205;2.0;0.3
971;2021-03-04;323;86;7777;1291;2.1;0.3
971;2021-03-05;361;152;8138;1443;2.2;0.4
971;2021-03-06;589;6;8727;1449;2.3;0.4
971;2021-03-07;1;0;8728;1449;2.3;0.4
971;2021-03-08;297;141;9025;1590;2.4;0.4
971;2021-03-09;365;155;9390;1745;2.5;0.5
971;2021-03-10;408;164;9798;1909;2.6;0.5
971;2021-03-11;122;45;9920;1954;2.6;0.5
971;2021-03-12;488;227;10408;2181;2.8;0.6
971;2021-03-13;133;2;10541;2183;2.8;0.6
971;2021-03-14;14;24;10555;2207;2.8;0.6
971;2021-03-15;418;45;10973;2252;2.9;0.6
971;2021-03-16;461;83;11434;2335;3.0;0.6
971;2021-03-17;450;89;11884;2424;3.2;0.6
971;2021-03-18;554;107;12438;2531;3.3;0.7
971;2021-03-19;564;99;13002;2630;3.4;0.7
971;2021-03-20;176;44;13178;2674;3.5;0.7
971;2021-03-21;8;0;13186;2674;3.5;0.7
971;2021-03-22;348;87;13534;2761;3.6;0.7
971;2021-03-23;517;157;14051;2918;3.7;0.8
971;2021-03-24;464;108;14515;3026;3.9;0.8
971;2021-03-25;757;181;15272;3207;4.1;0.9
971;2021-03-26;640;120;15912;3327;4.2;0.9
971;2021-03-27;279;47;16191;3374;4.3;0.9
971;2021-03-28;8;1;16199;3375;4.3;0.9
971;2021-03-29;378;83;16577;3458;4.4;0.9
971;2021-03-30;621;164;17198;3622;4.6;1.0
971;2021-03-31;545;130;17743;3752;4.7;1.0
971;2021-04-01;648;200;18391;3952;4.9;1.0
971;2021-04-02;38;35;18429;3987;4.9;1.1
971;2021-04-03;51;2;18480;3989;4.9;1.1
971;2021-04-04;4;18;18484;4007;4.9;1.1
971;2021-04-05;12;0;18496;4007;4.9;1.1
971;2021-04-06;475;193;18971;4200;5.0;1.1
971;2021-04-07;575;117;19546;4317;5.2;1.1
971;2021-04-08;491;161;20037;4478;5.3;1.2
971;2021-04-09;481;209;20518;4687;5.4;1.2
971;2021-04-10;98;4;20616;4691;5.5;1.2
971;2021-04-11;3;23;20619;4714;5.5;1.3
971;2021-04-12;292;261;20911;4975;5.5;1.3
971;2021-04-13;553;321;21464;5296;5.7;1.4
971;2021-04-14;434;223;21898;5519;5.8;1.5
971;2021-04-15;551;314;22449;5833;6.0;1.5
971;2021-04-16;558;272;23007;6105;6.1;1.6
971;2021-04-17;206;4;23213;6109;6.2;1.6
971;2021-04-18;5;14;23218;6123;6.2;1.6
971;2021-04-19;398;242;23616;6365;6.3;1.7
971;2021-04-20;723;344;24339;6709;6.5;1.8
971;2021-04-21;624;312;24963;7021;6.6;1.9
971;2021-04-22;809;333;25772;7354;6.8;2.0
971;2021-04-23;845;250;26617;7604;7.1;2.0
971;2021-04-24;388;75;27005;7679;7.2;2.0
971;2021-04-25;593;63;27598;7742;7.3;2.1
971;2021-04-26;946;216;28544;7958;7.6;2.1
971;2021-04-27;674;232;29218;8190;7.8;2.2
971;2021-04-28;857;264;30075;8454;8.0;2.2
971;2021-04-29;1197;200;31272;8654;8.3;2.3
971;2021-04-30;1262;187;32534;8841;8.6;2.3
971;2021-05-01;596;43;33130;8884;8.8;2.4
971;2021-05-02;347;17;33477;8901;8.9;2.4
971;2021-05-03;913;178;34390;9079;9.1;2.4
971;2021-05-04;958;205;35348;9284;9.4;2.5
971;2021-05-05;1007;246;36355;9530;9.6;2.5
971;2021-05-06;1145;173;37500;9703;10.0;2.6
971;2021-05-07;1250;264;38750;9967;10.3;2.6
971;2021-05-08;318;35;39068;10002;10.4;2.7
971;2021-05-09;179;10;39247;10012;10.4;2.7
971;2021-05-10;836;213;40083;10225;10.6;2.7
971;2021-05-11;964;311;41047;10536;10.9;2.8
971;2021-05-12;906;324;41953;10860;11.1;2.9
971;2021-05-13;210;79;42163;10939;11.2;2.9
971;2021-05-14;860;274;43023;11213;11.4;3.0
971;2021-05-15;479;14;43502;11227;11.5;3.0
971;2021-05-16;181;36;43683;11263;11.6;3.0
971;2021-05-17;715;275;44398;11538;11.8;3.1
971;2021-05-18;740;387;45138;11925;12.0;3.2
971;2021-05-19;701;529;45839;12454;12.2;3.3
971;2021-05-20;790;377;46629;12831;12.4;3.4
971;2021-05-21;818;408;47447;13239;12.6;3.5
971;2021-05-22;495;213;47942;13452;12.7;3.6
971;2021-05-23;202;113;48144;13565;12.8;3.6
971;2021-05-24;199;175;48343;13740;12.8;3.6
971;2021-05-25;538;659;48881;14399;13.0;3.8
971;2021-05-26;593;490;49474;14889;13.1;4.0
971;2021-05-27;132;186;49606;15075;13.2;4.0
971;2021-05-28;517;526;50123;15601;13.3;4.1
971;2021-05-29;234;136;50357;15737;13.4;4.2
971;2021-05-30;76;113;50433;15850;13.4;4.2
971;2021-05-31;454;535;50887;16385;13.5;4.3
971;2021-06-01;584;709;51471;17094;13.7;4.5
971;2021-06-02;577;707;52048;17801;13.8;4.7
971;2021-06-03;505;563;52553;18364;13.9;4.9
971;2021-06-04;787;806;53340;19170;14.2;5.1
971;2021-06-05;314;646;53654;19816;14.2;5.3
971;2021-06-06;132;528;53786;20344;14.3;5.4
971;2021-06-07;426;783;54212;21127;14.4;5.6
971;2021-06-08;520;893;54732;22020;14.5;5.8
971;2021-06-09;494;860;55226;22880;14.7;6.1
971;2021-06-10;518;847;55744;23727;14.8;6.3
971;2021-06-11;458;1242;56202;24969;14.9;6.6
971;2021-06-12;295;662;56497;25631;15.0;6.8
971;2021-06-13;128;314;56625;25945;15.0;6.9
971;2021-06-14;362;3797;56987;29742;15.1;7.9
971;2021-06-15;484;2012;57471;31754;15.2;8.4
971;2021-06-16;472;1485;57943;33239;15.4;8.8
971;2021-06-17;424;1014;58367;34253;15.5;9.1
971;2021-06-18;463;1019;58830;35272;15.6;9.4
971;2021-06-19;311;509;59141;35781;15.7;9.5
971;2021-06-20;108;230;59249;36011;15.7;9.6
971;2021-06-21;323;681;59572;36692;15.8;9.7
971;2021-06-22;322;874;59894;37566;15.9;10.0
971;2021-06-23;358;883;60252;38449;16.0;10.2
971;2021-06-24;387;724;60639;39173;16.1;10.4
971;2021-06-25;444;765;61083;39938;16.2;10.6
971;2021-06-26;293;512;61376;40450;16.3;10.7
971;2021-06-27;106;147;61482;40597;16.3;10.8
971;2021-06-28;296;689;61778;41286;16.4;11.0
971;2021-06-29;358;782;62136;42068;16.5;11.2
971;2021-06-30;408;919;62544;42987;16.6;11.4
971;2021-07-01;343;650;62887;43637;16.7;11.6
971;2021-07-02;416;694;63303;44331;16.8;11.8
971;2021-07-03;266;461;63569;44792;16.9;11.9
971;2021-07-04;110;239;63679;45031;16.9;11.9
971;2021-07-05;314;507;63993;45538;17.0;12.1
971;2021-07-06;363;762;64356;46300;17.1;12.3
971;2021-07-07;369;847;64725;47147;17.2;12.5
971;2021-07-08;398;792;65123;47939;17.3;12.7
971;2021-07-09;425;797;65548;48736;17.4;12.9
971;2021-07-10;242;294;65790;49030;17.5;13.0
971;2021-07-11;168;135;65958;49165;17.5;13.0
971;2021-07-12;473;609;66431;49774;17.6;13.2
971;2021-07-13;831;1001;67262;50775;17.8;13.5
971;2021-07-14;456;281;67718;51056;18.0;13.5
971;2021-07-15;841;830;68559;51886;18.2;13.8
971;2021-07-16;1062;1032;69621;52918;18.5;14.0
971;2021-07-17;641;440;70262;53358;18.6;14.2
971;2021-07-18;398;215;70660;53573;18.7;14.2
971;2021-07-19;569;570;71229;54143;18.9;14.4
971;2021-07-20;770;717;71999;54860;19.1;14.6
971;2021-07-21;749;490;72748;55350;19.3;14.7
971;2021-07-22;675;845;73423;56195;19.5;14.9
972;2020-12-27;0;0;0;0;0.0;0.0
972;2020-12-28;0;0;0;0;0.0;0.0
972;2020-12-29;0;0;0;0;0.0;0.0
972;2020-12-30;0;0;0;0;0.0;0.0
972;2020-12-31;0;0;0;0;0.0;0.0
972;2021-01-01;0;0;0;0;0.0;0.0
972;2021-01-02;0;0;0;0;0.0;0.0
972;2021-01-03;0;0;0;0;0.0;0.0
972;2021-01-04;0;0;0;0;0.0;0.0
972;2021-01-05;0;0;0;0;0.0;0.0
972;2021-01-06;5;0;5;0;0.0;0.0
972;2021-01-07;31;0;36;0;0.0;0.0
972;2021-01-08;83;1;119;1;0.0;0.0
972;2021-01-09;20;0;139;1;0.0;0.0
972;2021-01-10;0;0;139;1;0.0;0.0
972;2021-01-11;122;0;261;1;0.1;0.0
972;2021-01-12;79;0;340;1;0.1;0.0
972;2021-01-13;64;0;404;1;0.1;0.0
972;2021-01-14;88;1;492;2;0.1;0.0
972;2021-01-15;138;0;630;2;0.2;0.0
972;2021-01-16;51;0;681;2;0.2;0.0
972;2021-01-17;0;0;681;2;0.2;0.0
972;2021-01-18;158;0;839;2;0.2;0.0
972;2021-01-19;168;1;1007;3;0.3;0.0
972;2021-01-20;165;0;1172;3;0.3;0.0
972;2021-01-21;181;2;1353;5;0.4;0.0
972;2021-01-22;158;0;1511;5;0.4;0.0
972;2021-01-23;58;0;1569;5;0.4;0.0
972;2021-01-24;0;0;1569;5;0.4;0.0
972;2021-01-25;160;0;1729;5;0.5;0.0
972;2021-01-26;137;1;1866;6;0.5;0.0
972;2021-01-27;163;5;2029;11;0.6;0.0
972;2021-01-28;144;12;2173;23;0.6;0.0
972;2021-01-29;143;41;2316;64;0.6;0.0
972;2021-01-30;96;16;2412;80;0.7;0.0
972;2021-01-31;0;0;2412;80;0.7;0.0
972;2021-02-01;119;74;2531;154;0.7;0.0
972;2021-02-02;184;96;2715;250;0.8;0.1
972;2021-02-03;132;80;2847;330;0.8;0.1
972;2021-02-04;158;73;3005;403;0.8;0.1
972;2021-02-05;121;96;3126;499;0.9;0.1
972;2021-02-06;62;26;3188;525;0.9;0.1
972;2021-02-07;1;0;3189;525;0.9;0.1
972;2021-02-08;137;80;3326;605;0.9;0.2
972;2021-02-09;176;78;3502;683;1.0;0.2
972;2021-02-10;142;90;3644;773;1.0;0.2
972;2021-02-11;150;103;3794;876;1.1;0.2
972;2021-02-12;145;131;3939;1007;1.1;0.3
972;2021-02-13;47;37;3986;1044;1.1;0.3
972;2021-02-14;0;0;3986;1044;1.1;0.3
972;2021-02-15;51;67;4037;1111;1.1;0.3
972;2021-02-16;0;1;4037;1112;1.1;0.3
972;2021-02-17;1;3;4038;1115;1.1;0.3
972;2021-02-18;69;127;4107;1242;1.1;0.3
972;2021-02-19;69;131;4176;1373;1.2;0.4
972;2021-02-20;48;69;4224;1442;1.2;0.4
972;2021-02-21;0;0;4224;1442;1.2;0.4
972;2021-02-22;102;60;4326;1502;1.2;0.4
972;2021-02-23;113;237;4439;1739;1.2;0.5
972;2021-02-24;106;223;4545;1962;1.3;0.5
972;2021-02-25;89;150;4634;2112;1.3;0.6
972;2021-02-26;130;169;4764;2281;1.3;0.6
972;2021-02-27;69;52;4833;2333;1.3;0.7
972;2021-02-28;0;0;4833;2333;1.3;0.7
972;2021-03-01;137;146;4970;2479;1.4;0.7
972;2021-03-02;157;79;5127;2558;1.4;0.7
972;2021-03-03;179;145;5306;2703;1.5;0.8
972;2021-03-04;146;135;5452;2838;1.5;0.8
972;2021-03-05;238;128;5690;2966;1.6;0.8
972;2021-03-06;119;59;5809;3025;1.6;0.8
972;2021-03-07;100;1;5909;3026;1.6;0.8
972;2021-03-08;196;133;6105;3159;1.7;0.9
972;2021-03-09;274;101;6379;3260;1.8;0.9
972;2021-03-10;322;134;6701;3394;1.9;0.9
972;2021-03-11;336;83;7037;3477;2.0;1.0
972;2021-03-12;401;54;7438;3531;2.1;1.0
972;2021-03-13;155;21;7593;3552;2.1;1.0
972;2021-03-14;4;1;7597;3553;2.1;1.0
972;2021-03-15;276;90;7873;3643;2.2;1.0
972;2021-03-16;305;55;8178;3698;2.3;1.0
972;2021-03-17;387;49;8565;3747;2.4;1.0
972;2021-03-18;434;44;8999;3791;2.5;1.1
972;2021-03-19;397;62;9396;3853;2.6;1.1
972;2021-03-20;149;48;9545;3901;2.7;1.1
972;2021-03-21;25;1;9570;3902;2.7;1.1
972;2021-03-22;362;118;9932;4020;2.8;1.1
972;2021-03-23;403;123;10335;4143;2.9;1.2
972;2021-03-24;428;105;10763;4248;3.0;1.2
972;2021-03-25;476;100;11239;4348;3.1;1.2
972;2021-03-26;632;101;11871;4449;3.3;1.2
972;2021-03-27;152;70;12023;4519;3.4;1.3
972;2021-03-28;81;2;12104;4521;3.4;1.3
972;2021-03-29;421;166;12525;4687;3.5;1.3
972;2021-03-30;469;243;12994;4930;3.6;1.4
972;2021-03-31;1145;191;14139;5121;3.9;1.4
972;2021-04-01;955;171;15094;5292;4.2;1.5
972;2021-04-02;895;11;15989;5303;4.5;1.5
972;2021-04-03;788;53;16777;5356;4.7;1.5
972;2021-04-04;750;10;17527;5366;4.9;1.5
972;2021-04-05;829;42;18356;5408;5.1;1.5
972;2021-04-06;883;134;19239;5542;5.4;1.5
972;2021-04-07;1435;326;20674;5868;5.8;1.6
972;2021-04-08;1306;269;21980;6137;6.1;1.7
972;2021-04-09;1240;316;23220;6453;6.5;1.8
972;2021-04-10;838;165;24058;6618;6.7;1.8
972;2021-04-11;621;14;24679;6632;6.9;1.8
972;2021-04-12;867;315;25546;6947;7.1;1.9
972;2021-04-13;880;327;26426;7274;7.4;2.0
972;2021-04-14;958;323;27384;7597;7.6;2.1
972;2021-04-15;959;297;28343;7894;7.9;2.2
972;2021-04-16;993;300;29336;8194;8.2;2.3
972;2021-04-17;529;161;29865;8355;8.3;2.3
972;2021-04-18;339;56;30204;8411;8.4;2.3
972;2021-04-19;668;344;30872;8755;8.6;2.4
972;2021-04-20;868;309;31740;9064;8.8;2.5
972;2021-04-21;999;354;32739;9418;9.1;2.6
972;2021-04-22;603;313;33342;9731;9.3;2.7
972;2021-04-23;606;465;33948;10196;9.5;2.8
972;2021-04-24;360;197;34308;10393;9.6;2.9
972;2021-04-25;168;200;34476;10593;9.6;3.0
972;2021-04-26;516;541;34992;11134;9.8;3.1
972;2021-04-27;568;608;35560;11742;9.9;3.3
972;2021-04-28;449;690;36009;12432;10.0;3.5
972;2021-04-29;653;641;36662;13073;10.2;3.6
972;2021-04-30;771;687;37433;13760;10.4;3.8
972;2021-05-01;244;246;37677;14006;10.5;3.9
972;2021-05-02;226;513;37903;14519;10.6;4.0
972;2021-05-03;569;771;38472;15290;10.7;4.3
972;2021-05-04;525;677;38997;15967;10.9;4.5
972;2021-05-05;546;896;39543;16863;11.0;4.7
972;2021-05-06;546;783;40089;17646;11.2;4.9
972;2021-05-07;629;1016;40718;18662;11.3;5.2
972;2021-05-08;225;526;40943;19188;11.4;5.3
972;2021-05-09;172;506;41115;19694;11.5;5.5
972;2021-05-10;520;859;41635;20553;11.6;5.7
972;2021-05-11;477;872;42112;21425;11.7;6.0
972;2021-05-12;557;912;42669;22337;11.9;6.2
972;2021-05-13;274;534;42943;22871;12.0;6.4
972;2021-05-14;389;752;43332;23623;12.1;6.6
972;2021-05-15;233;578;43565;24201;12.1;6.7
972;2021-05-16;155;442;43720;24643;12.2;6.9
972;2021-05-17;474;753;44194;25396;12.3;7.1
972;2021-05-18;446;680;44640;26076;12.4;7.3
972;2021-05-19;453;744;45093;26820;12.6;7.5
972;2021-05-20;593;500;45686;27320;12.7;7.6
972;2021-05-21;545;705;46231;28025;12.9;7.8
972;2021-05-22;185;364;46416;28389;12.9;7.9
972;2021-05-23;111;182;46527;28571;13.0;8.0
972;2021-05-24;135;241;46662;28812;13.0;8.0
972;2021-05-25;351;698;47013;29510;13.1;8.2
972;2021-05-26;383;712;47396;30222;13.2;8.4
972;2021-05-27;270;647;47666;30869;13.3;8.6
972;2021-05-28;280;816;47946;31685;13.4;8.8
972;2021-05-29;154;513;48100;32198;13.4;9.0
972;2021-05-30;17;33;48117;32231;13.4;9.0
972;2021-05-31;345;682;48462;32913;13.5;9.2
972;2021-06-01;300;547;48762;33460;13.6;9.3
972;2021-06-02;323;575;49085;34035;13.7;9.5
972;2021-06-03;247;425;49332;34460;13.8;9.6
972;2021-06-04;350;644;49682;35104;13.8;9.8
972;2021-06-05;261;373;49943;35477;13.9;9.9
972;2021-06-06;24;31;49967;35508;13.9;9.9
972;2021-06-07;259;736;50226;36244;14.0;10.1
972;2021-06-08;255;589;50481;36833;14.1;10.3
972;2021-06-09;303;699;50784;37532;14.2;10.5
972;2021-06-10;306;453;51090;37985;14.2;10.6
972;2021-06-11;356;535;51446;38520;14.3;10.7
972;2021-06-12;245;323;51691;38843;14.4;10.8
972;2021-06-13;32;29;51723;38872;14.4;10.8
972;2021-06-14;366;552;52089;39424;14.5;11.0
972;2021-06-15;409;486;52498;39910;14.6;11.1
972;2021-06-16;436;439;52934;40349;14.8;11.2
972;2021-06-17;354;576;53288;40925;14.9;11.4
972;2021-06-18;454;538;53742;41463;15.0;11.6
972;2021-06-19;225;196;53967;41659;15.0;11.6
972;2021-06-20;25;17;53992;41676;15.1;11.6
972;2021-06-21;323;579;54315;42255;15.1;11.8
972;2021-06-22;294;465;54609;42720;15.2;11.9
972;2021-06-23;418;563;55027;43283;15.3;12.1
972;2021-06-24;323;436;55350;43719;15.4;12.2
972;2021-06-25;309;390;55659;44109;15.5;12.3
972;2021-06-26;219;199;55878;44308;15.6;12.4
972;2021-06-27;16;23;55894;44331;15.6;12.4
972;2021-06-28;318;425;56212;44756;15.7;12.5
972;2021-06-29;321;433;56533;45189;15.8;12.6
972;2021-06-30;431;420;56964;45609;15.9;12.7
972;2021-07-01;338;391;57302;46000;16.0;12.8
972;2021-07-02;122;203;57424;46203;16.0;12.9
972;2021-07-03;100;118;57524;46321;16.0;12.9
972;2021-07-04;24;35;57548;46356;16.0;12.9
972;2021-07-05;485;579;58033;46935;16.2;13.1
972;2021-07-06;480;429;58513;47364;16.3;13.2
972;2021-07-07;595;493;59108;47857;16.5;13.3
972;2021-07-08;485;420;59593;48277;16.6;13.5
972;2021-07-09;619;585;60212;48862;16.8;13.6
972;2021-07-10;400;306;60612;49168;16.9;13.7
972;2021-07-11;48;37;60660;49205;16.9;13.7
972;2021-07-12;838;692;61498;49897;17.1;13.9
972;2021-07-13;1465;710;62963;50607;17.6;14.1
972;2021-07-14;132;62;63095;50669;17.6;14.1
972;2021-07-15;1588;675;64683;51344;18.0;14.3
972;2021-07-16;1617;650;66300;51994;18.5;14.5
972;2021-07-17;1047;352;67347;52346;18.8;14.6
972;2021-07-18;56;39;67403;52385;18.8;14.6
972;2021-07-19;1123;649;68526;53034;19.1;14.8
972;2021-07-20;1094;568;69620;53602;19.4;14.9
972;2021-07-21;1036;594;70656;54196;19.7;15.1
972;2021-07-22;828;508;71484;54704;19.9;15.2
973;2020-12-27;0;0;0;0;0.0;0.0
973;2020-12-28;0;0;0;0;0.0;0.0
973;2020-12-29;0;0;0;0;0.0;0.0
973;2020-12-30;0;0;0;0;0.0;0.0
973;2020-12-31;0;0;0;0;0.0;0.0
973;2021-01-01;0;0;0;0;0.0;0.0
973;2021-01-02;2;2;2;2;0.0;0.0
973;2021-01-03;0;0;2;2;0.0;0.0
973;2021-01-04;0;0;2;2;0.0;0.0
973;2021-01-05;0;0;2;2;0.0;0.0
973;2021-01-06;0;0;2;2;0.0;0.0
973;2021-01-07;0;0;2;2;0.0;0.0
973;2021-01-08;0;0;2;2;0.0;0.0
973;2021-01-09;0;0;2;2;0.0;0.0
973;2021-01-10;0;0;2;2;0.0;0.0
973;2021-01-11;0;0;2;2;0.0;0.0
973;2021-01-12;0;0;2;2;0.0;0.0
973;2021-01-13;30;0;32;2;0.0;0.0
973;2021-01-14;46;0;78;2;0.0;0.0
973;2021-01-15;35;0;113;2;0.0;0.0
973;2021-01-16;18;0;131;2;0.0;0.0
973;2021-01-17;0;0;131;2;0.0;0.0
973;2021-01-18;63;0;194;2;0.1;0.0
973;2021-01-19;150;1;344;3;0.1;0.0
973;2021-01-20;134;0;478;3;0.2;0.0
973;2021-01-21;118;0;596;3;0.2;0.0
973;2021-01-22;76;0;672;3;0.2;0.0
973;2021-01-23;0;0;672;3;0.2;0.0
973;2021-01-24;0;0;672;3;0.2;0.0
973;2021-01-25;56;0;728;3;0.3;0.0
973;2021-01-26;100;2;828;5;0.3;0.0
973;2021-01-27;109;1;937;6;0.3;0.0
973;2021-01-28;96;2;1033;8;0.4;0.0
973;2021-01-29;104;3;1137;11;0.4;0.0
973;2021-01-30;0;0;1137;11;0.4;0.0
973;2021-01-31;0;0;1137;11;0.4;0.0
973;2021-02-01;54;0;1191;11;0.4;0.0
973;2021-02-02;122;4;1313;15;0.5;0.0
973;2021-02-03;118;7;1431;22;0.5;0.0
973;2021-02-04;79;26;1510;48;0.5;0.0
973;2021-02-05;65;8;1575;56;0.5;0.0
973;2021-02-06;0;0;1575;56;0.5;0.0
973;2021-02-07;0;0;1575;56;0.5;0.0
973;2021-02-08;52;12;1627;68;0.6;0.0
973;2021-02-09;92;39;1719;107;0.6;0.0
973;2021-02-10;101;41;1820;148;0.6;0.1
973;2021-02-11;105;93;1925;241;0.7;0.1
973;2021-02-12;88;64;2013;305;0.7;0.1
973;2021-02-13;0;0;2013;305;0.7;0.1
973;2021-02-14;0;0;2013;305;0.7;0.1
973;2021-02-15;27;65;2040;370;0.7;0.1
973;2021-02-16;123;55;2163;425;0.7;0.1
973;2021-02-17;145;120;2308;545;0.8;0.2
973;2021-02-18;103;142;2411;687;0.8;0.2
973;2021-02-19;122;72;2533;759;0.9;0.3
973;2021-02-20;0;0;2533;759;0.9;0.3
973;2021-02-21;0;0;2533;759;0.9;0.3
973;2021-02-22;78;49;2611;808;0.9;0.3
973;2021-02-23;158;101;2769;909;1.0;0.3
973;2021-02-24;190;122;2959;1031;1.0;0.4
973;2021-02-25;259;87;3218;1118;1.1;0.4
973;2021-02-26;264;69;3482;1187;1.2;0.4
973;2021-02-27;120;1;3602;1188;1.2;0.4
973;2021-02-28;0;0;3602;1188;1.2;0.4
973;2021-03-01;180;86;3782;1274;1.3;0.4
973;2021-03-02;255;108;4037;1382;1.4;0.5
973;2021-03-03;255;132;4292;1514;1.5;0.5
973;2021-03-04;281;83;4573;1597;1.6;0.5
973;2021-03-05;274;46;4847;1643;1.7;0.6
973;2021-03-06;118;2;4965;1645;1.7;0.6
973;2021-03-07;0;0;4965;1645;1.7;0.6
973;2021-03-08;187;40;5152;1685;1.8;0.6
973;2021-03-09;350;92;5502;1777;1.9;0.6
973;2021-03-10;358;100;5860;1877;2.0;0.6
973;2021-03-11;270;114;6130;1991;2.1;0.7
973;2021-03-12;287;88;6417;2079;2.2;0.7
973;2021-03-13;111;4;6528;2083;2.2;0.7
973;2021-03-14;0;0;6528;2083;2.2;0.7
973;2021-03-15;181;27;6709;2110;2.3;0.7
973;2021-03-16;242;139;6951;2249;2.4;0.8
973;2021-03-17;273;129;7224;2378;2.5;0.8
973;2021-03-18;249;153;7473;2531;2.6;0.9
973;2021-03-19;284;127;7757;2658;2.7;0.9
973;2021-03-20;255;14;8012;2672;2.8;0.9
973;2021-03-21;119;2;8131;2674;2.8;0.9
973;2021-03-22;219;110;8350;2784;2.9;1.0
973;2021-03-23;274;194;8624;2978;3.0;1.0
973;2021-03-24;235;214;8859;3192;3.0;1.1
973;2021-03-25;168;179;9027;3371;3.1;1.2
973;2021-03-26;188;307;9215;3678;3.2;1.3
973;2021-03-27;57;94;9272;3772;3.2;1.3
973;2021-03-28;0;0;9272;3772;3.2;1.3
973;2021-03-29;175;246;9447;4018;3.2;1.4
973;2021-03-30;445;237;9892;4255;3.4;1.5
973;2021-03-31;319;291;10211;4546;3.5;1.6
973;2021-04-01;445;260;10656;4806;3.7;1.7
973;2021-04-02;306;279;10962;5085;3.8;1.7
973;2021-04-03;153;122;11115;5207;3.8;1.8
973;2021-04-04;0;0;11115;5207;3.8;1.8
973;2021-04-05;118;14;11233;5221;3.9;1.8
973;2021-04-06;438;335;11671;5556;4.0;1.9
973;2021-04-07;501;344;12172;5900;4.2;2.0
973;2021-04-08;512;267;12684;6167;4.4;2.1
973;2021-04-09;496;226;13180;6393;4.5;2.2
973;2021-04-10;147;91;13327;6484;4.6;2.2
973;2021-04-11;2;0;13329;6484;4.6;2.2
973;2021-04-12;551;267;13880;6751;4.8;2.3
973;2021-04-13;674;243;14554;6994;5.0;2.4
973;2021-04-14;720;312;15274;7306;5.3;2.5
973;2021-04-15;774;245;16048;7551;5.5;2.6
973;2021-04-16;756;297;16804;7848;5.8;2.7
973;2021-04-17;499;130;17303;7978;6.0;2.7
973;2021-04-18;499;39;17802;8017;6.1;2.8
973;2021-04-19;714;251;18516;8268;6.4;2.8
973;2021-04-20;606;277;19122;8545;6.6;2.9
973;2021-04-21;867;249;19989;8794;6.9;3.0
973;2021-04-22;723;229;20712;9023;7.1;3.1
973;2021-04-23;705;227;21417;9250;7.4;3.2
973;2021-04-24;525;95;21942;9345;7.5;3.2
973;2021-04-25;611;50;22553;9395;7.8;3.2
973;2021-04-26;780;229;23333;9624;8.0;3.3
973;2021-04-27;785;341;24118;9965;8.3;3.4
973;2021-04-28;695;328;24813;10293;8.5;3.5
973;2021-04-29;621;279;25434;10572;8.7;3.6
973;2021-04-30;673;251;26107;10823;9.0;3.7
973;2021-05-01;210;27;26317;10850;9.1;3.7
973;2021-05-02;602;84;26919;10934;9.3;3.8
973;2021-05-03;553;390;27472;11324;9.5;3.9
973;2021-05-04;623;313;28095;11637;9.7;4.0
973;2021-05-05;658;448;28753;12085;9.9;4.2
973;2021-05-06;654;466;29407;12551;10.1;4.3
973;2021-05-07;555;467;29962;13018;10.3;4.5
973;2021-05-08;341;58;30303;13076;10.4;4.5
973;2021-05-09;262;73;30565;13149;10.5;4.5
973;2021-05-10;423;611;30988;13760;10.7;4.7
973;2021-05-11;392;492;31380;14252;10.8;4.9
973;2021-05-12;508;647;31888;14899;11.0;5.1
973;2021-05-13;333;99;32221;14998;11.1;5.2
973;2021-05-14;479;549;32700;15547;11.2;5.3
973;2021-05-15;258;348;32958;15895;11.3;5.5
973;2021-05-16;207;210;33165;16105;11.4;5.5
973;2021-05-17;444;600;33609;16705;11.6;5.7
973;2021-05-18;560;564;34169;17269;11.8;5.9
973;2021-05-19;525;553;34694;17822;11.9;6.1
973;2021-05-20;641;451;35335;18273;12.2;6.3
973;2021-05-21;494;605;35829;18878;12.3;6.5
973;2021-05-22;167;502;35996;19380;12.4;6.7
973;2021-05-23;269;474;36265;19854;12.5;6.8
973;2021-05-24;560;246;36825;20100;12.7;6.9
973;2021-05-25;496;742;37321;20842;12.8;7.2
973;2021-05-26;440;683;37761;21525;13.0;7.4
973;2021-05-27;696;523;38457;22048;13.2;7.6
973;2021-05-28;558;553;39015;22601;13.4;7.8
973;2021-05-29;240;360;39255;22961;13.5;7.9
973;2021-05-30;151;399;39406;23360;13.6;8.0
973;2021-05-31;341;573;39747;23933;13.7;8.2
973;2021-06-01;397;461;40144;24394;13.8;8.4
973;2021-06-02;541;552;40685;24946;14.0;8.6
973;2021-06-03;517;469;41202;25415;14.2;8.7
973;2021-06-04;593;495;41795;25910;14.4;8.9
973;2021-06-05;272;293;42067;26203;14.5;9.0
973;2021-06-06;211;299;42278;26502;14.5;9.1
973;2021-06-07;485;450;42763;26952;14.7;9.3
973;2021-06-08;542;312;43305;27264;14.9;9.4
973;2021-06-09;516;384;43821;27648;15.1;9.5
973;2021-06-10;355;289;44176;27937;15.2;9.6
973;2021-06-11;433;468;44609;28405;15.3;9.8
973;2021-06-12;170;284;44779;28689;15.4;9.9
973;2021-06-13;212;268;44991;28957;15.5;10.0
973;2021-06-14;375;547;45366;29504;15.6;10.1
973;2021-06-15;362;441;45728;29945;15.7;10.3
973;2021-06-16;421;452;46149;30397;15.9;10.5
973;2021-06-17;381;575;46530;30972;16.0;10.7
973;2021-06-18;359;562;46889;31534;16.1;10.8
973;2021-06-19;234;260;47123;31794;16.2;10.9
973;2021-06-20;126;271;47249;32065;16.3;11.0
973;2021-06-21;276;598;47525;32663;16.3;11.2
973;2021-06-22;325;457;47850;33120;16.5;11.4
973;2021-06-23;289;536;48139;33656;16.6;11.6
973;2021-06-24;394;496;48533;34152;16.7;11.7
973;2021-06-25;380;545;48913;34697;16.8;11.9
973;2021-06-26;167;320;49080;35017;16.9;12.0
973;2021-06-27;118;170;49198;35187;16.9;12.1
973;2021-06-28;282;591;49480;35778;17.0;12.3
973;2021-06-29;327;501;49807;36279;17.1;12.5
973;2021-06-30;313;668;50120;36947;17.2;12.7
973;2021-07-01;347;394;50467;37341;17.4;12.8
973;2021-07-02;394;515;50861;37856;17.5;13.0
973;2021-07-03;203;272;51064;38128;17.6;13.1
973;2021-07-04;84;242;51148;38370;17.6;13.2
973;2021-07-05;303;542;51451;38912;17.7;13.4
973;2021-07-06;307;474;51758;39386;17.8;13.5
973;2021-07-07;305;409;52063;39795;17.9;13.7
973;2021-07-08;258;324;52321;40119;18.0;13.8
973;2021-07-09;354;435;52675;40554;18.1;14.0
973;2021-07-10;163;276;52838;40830;18.2;14.0
973;2021-07-11;102;164;52940;40994;18.2;14.1
973;2021-07-12;355;491;53295;41485;18.3;14.3
973;2021-07-13;648;554;53943;42039;18.6;14.5
973;2021-07-14;373;157;54316;42196;18.7;14.5
973;2021-07-15;612;521;54928;42717;18.9;14.7
973;2021-07-16;559;470;55487;43187;19.1;14.9
973;2021-07-17;336;281;55823;43468;19.2;15.0
973;2021-07-18;249;119;56072;43587;19.3;15.0
973;2021-07-19;488;443;56560;44030;19.5;15.1
973;2021-07-20;508;476;57068;44506;19.6;15.3
973;2021-07-21;501;380;57569;44886;19.8;15.4
973;2021-07-22;603;430;58172;45316;20.0;15.6
974;2020-12-27;0;0;0;0;0.0;0.0
974;2020-12-28;0;0;0;0;0.0;0.0
974;2020-12-29;0;0;0;0;0.0;0.0
974;2020-12-30;0;0;0;0;0.0;0.0
974;2020-12-31;0;0;0;0;0.0;0.0
974;2021-01-01;1;0;1;0;0.0;0.0
974;2021-01-02;0;0;1;0;0.0;0.0
974;2021-01-03;0;0;1;0;0.0;0.0
974;2021-01-04;0;0;1;0;0.0;0.0
974;2021-01-05;2;0;3;0;0.0;0.0
974;2021-01-06;0;0;3;0;0.0;0.0
974;2021-01-07;0;0;3;0;0.0;0.0
974;2021-01-08;0;0;3;0;0.0;0.0
974;2021-01-09;1;0;4;0;0.0;0.0
974;2021-01-10;0;0;4;0;0.0;0.0
974;2021-01-11;0;0;4;0;0.0;0.0
974;2021-01-12;0;0;4;0;0.0;0.0
974;2021-01-13;0;0;4;0;0.0;0.0
974;2021-01-14;0;0;4;0;0.0;0.0
974;2021-01-15;332;0;336;0;0.0;0.0
974;2021-01-16;28;0;364;0;0.0;0.0
974;2021-01-17;0;0;364;0;0.0;0.0
974;2021-01-18;49;1;413;1;0.0;0.0
974;2021-01-19;392;0;805;1;0.1;0.0
974;2021-01-20;481;1;1286;2;0.1;0.0
974;2021-01-21;614;1;1900;3;0.2;0.0
974;2021-01-22;409;1;2309;4;0.3;0.0
974;2021-01-23;75;0;2384;4;0.3;0.0
974;2021-01-24;0;0;2384;4;0.3;0.0
974;2021-01-25;273;2;2657;6;0.3;0.0
974;2021-01-26;429;0;3086;6;0.4;0.0
974;2021-01-27;317;0;3403;6;0.4;0.0
974;2021-01-28;407;0;3810;6;0.4;0.0
974;2021-01-29;421;3;4231;9;0.5;0.0
974;2021-01-30;420;1;4651;10;0.5;0.0
974;2021-01-31;0;0;4651;10;0.5;0.0
974;2021-02-01;372;3;5023;13;0.6;0.0
974;2021-02-02;499;4;5522;17;0.6;0.0
974;2021-02-03;602;14;6124;31;0.7;0.0
974;2021-02-04;626;21;6750;52;0.8;0.0
974;2021-02-05;564;97;7314;149;0.9;0.0
974;2021-02-06;501;5;7815;154;0.9;0.0
974;2021-02-07;0;8;7815;162;0.9;0.0
974;2021-02-08;472;34;8287;196;1.0;0.0
974;2021-02-09;785;92;9072;288;1.1;0.0
974;2021-02-10;820;87;9892;375;1.2;0.0
974;2021-02-11;796;87;10688;462;1.2;0.1
974;2021-02-12;637;94;11325;556;1.3;0.1
974;2021-02-13;652;74;11977;630;1.4;0.1
974;2021-02-14;1;0;11978;630;1.4;0.1
974;2021-02-15;524;126;12502;756;1.5;0.1
974;2021-02-16;651;534;13153;1290;1.5;0.2
974;2021-02-17;592;329;13745;1619;1.6;0.2
974;2021-02-18;493;412;14238;2031;1.7;0.2
974;2021-02-19;497;319;14735;2350;1.7;0.3
974;2021-02-20;576;117;15311;2467;1.8;0.3
974;2021-02-21;0;0;15311;2467;1.8;0.3
974;2021-02-22;402;238;15713;2705;1.8;0.3
974;2021-02-23;607;238;16320;2943;1.9;0.3
974;2021-02-24;584;252;16904;3195;2.0;0.4
974;2021-02-25;645;296;17549;3491;2.0;0.4
974;2021-02-26;483;472;18032;3963;2.1;0.5
974;2021-02-27;385;469;18417;4432;2.1;0.5
974;2021-02-28;0;0;18417;4432;2.1;0.5
974;2021-03-01;291;389;18708;4821;2.2;0.6
974;2021-03-02;485;502;19193;5323;2.2;0.6
974;2021-03-03;755;541;19948;5864;2.3;0.7
974;2021-03-04;777;495;20725;6359;2.4;0.7
974;2021-03-05;727;526;21452;6885;2.5;0.8
974;2021-03-06;812;524;22264;7409;2.6;0.9
974;2021-03-07;0;0;22264;7409;2.6;0.9
974;2021-03-08;435;559;22699;7968;2.6;0.9
974;2021-03-09;671;770;23370;8738;2.7;1.0
974;2021-03-10;643;842;24013;9580;2.8;1.1
974;2021-03-11;699;638;24712;10218;2.9;1.2
974;2021-03-12;729;656;25441;10874;3.0;1.3
974;2021-03-13;668;607;26109;11481;3.0;1.3
974;2021-03-14;2;0;26111;11481;3.0;1.3
974;2021-03-15;504;504;26615;11985;3.1;1.4
974;2021-03-16;681;708;27296;12693;3.2;1.5
974;2021-03-17;848;531;28144;13224;3.3;1.5
974;2021-03-18;1023;546;29167;13770;3.4;1.6
974;2021-03-19;784;533;29951;14303;3.5;1.7
974;2021-03-20;576;596;30527;14899;3.5;1.7
974;2021-03-21;0;0;30527;14899;3.5;1.7
974;2021-03-22;565;468;31092;15367;3.6;1.8
974;2021-03-23;780;640;31872;16007;3.7;1.9
974;2021-03-24;792;649;32664;16656;3.8;1.9
974;2021-03-25;931;550;33595;17206;3.9;2.0
974;2021-03-26;921;450;34516;17656;4.0;2.1
974;2021-03-27;782;337;35298;17993;4.1;2.1
974;2021-03-28;1;0;35299;17993;4.1;2.1
974;2021-03-29;961;270;36260;18263;4.2;2.1
974;2021-03-30;883;497;37143;18760;4.3;2.2
974;2021-03-31;741;663;37884;19423;4.4;2.3
974;2021-04-01;716;707;38600;20130;4.5;2.3
974;2021-04-02;688;757;39288;20887;4.6;2.4
974;2021-04-03;699;705;39987;21592;4.6;2.5
974;2021-04-04;0;0;39987;21592;4.6;2.5
974;2021-04-05;0;0;39987;21592;4.6;2.5
974;2021-04-06;795;635;40782;22227;4.7;2.6
974;2021-04-07;1368;787;42150;23014;4.9;2.7
974;2021-04-08;1792;771;43942;23785;5.1;2.8
974;2021-04-09;1509;784;45451;24569;5.3;2.9
974;2021-04-10;1137;651;46588;25220;5.4;2.9
974;2021-04-11;2;0;46590;25220;5.4;2.9
974;2021-04-12;1238;544;47828;25764;5.6;3.0
974;2021-04-13;1439;755;49267;26519;5.7;3.1
974;2021-04-14;2070;771;51337;27290;6.0;3.2
974;2021-04-15;2506;955;53843;28245;6.3;3.3
974;2021-04-16;1933;781;55776;29026;6.5;3.4
974;2021-04-17;1289;604;57065;29630;6.6;3.4
974;2021-04-18;0;0;57065;29630;6.6;3.4
974;2021-04-19;1375;562;58440;30192;6.8;3.5
974;2021-04-20;1650;804;60090;30996;7.0;3.6
974;2021-04-21;2127;624;62217;31620;7.2;3.7
974;2021-04-22;2948;818;65165;32438;7.6;3.8
974;2021-04-23;2309;814;67474;33252;7.8;3.9
974;2021-04-24;1104;799;68578;34051;8.0;4.0
974;2021-04-25;2;0;68580;34051;8.0;4.0
974;2021-04-26;1166;915;69746;34966;8.1;4.1
974;2021-04-27;1685;1028;71431;35994;8.3;4.2
974;2021-04-28;2896;750;74327;36744;8.6;4.3
974;2021-04-29;3947;811;78274;37555;9.1;4.4
974;2021-04-30;3439;903;81713;38458;9.5;4.5
974;2021-05-01;2106;221;83819;38679;9.7;4.5
974;2021-05-02;1;0;83820;38679;9.7;4.5
974;2021-05-03;1865;573;85685;39252;10.0;4.6
974;2021-05-04;2128;1099;87813;40351;10.2;4.7
974;2021-05-05;3120;1635;90933;41986;10.6;4.9
974;2021-05-06;4005;1587;94938;43573;11.0;5.1
974;2021-05-07;3229;1524;98167;45097;11.4;5.2
974;2021-05-08;1569;502;99736;45599;11.6;5.3
974;2021-05-09;1;0;99737;45599;11.6;5.3
974;2021-05-10;2412;996;102149;46595;11.9;5.4
974;2021-05-11;3652;1640;105801;48235;12.3;5.6
974;2021-05-12;4721;2397;110522;50632;12.9;5.9
974;2021-05-13;3554;595;114076;51227;13.3;6.0
974;2021-05-14;5268;2512;119344;53739;13.9;6.2
974;2021-05-15;3163;1538;122507;55277;14.2;6.4
974;2021-05-16;15;18;122522;55295;14.2;6.4
974;2021-05-17;2999;1495;125521;56790;14.6;6.6
974;2021-05-18;3757;1792;129278;58582;15.0;6.8
974;2021-05-19;4688;2394;133966;60976;15.6;7.1
974;2021-05-20;5140;2846;139106;63822;16.2;7.4
974;2021-05-21;4992;2637;144098;66459;16.8;7.7
974;2021-05-22;3367;1255;147465;67714;17.1;7.9
974;2021-05-23;5;3;147470;67717;17.1;7.9
974;2021-05-24;3643;1076;151113;68793;17.6;8.0
974;2021-05-25;4246;1912;155359;70705;18.1;8.2
974;2021-05-26;4990;2975;160349;73680;18.6;8.6
974;2021-05-27;4614;4094;164963;77774;19.2;9.0
974;2021-05-28;4378;3827;169341;81601;19.7;9.5
974;2021-05-29;2555;2455;171896;84056;20.0;9.8
974;2021-05-30;8;14;171904;84070;20.0;9.8
974;2021-05-31;2348;2256;174252;86326;20.3;10.0
974;2021-06-01;3301;2724;177553;89050;20.6;10.4
974;2021-06-02;3973;3351;181526;92401;21.1;10.7
974;2021-06-03;4046;3652;185572;96053;21.6;11.2
974;2021-06-04;3849;3750;189421;99803;22.0;11.6
974;2021-06-05;2213;1923;191634;101726;22.3;11.8
974;2021-06-06;1072;132;192706;101858;22.4;11.8
974;2021-06-07;2012;2527;194718;104385;22.6;12.1
974;2021-06-08;2556;3336;197274;107721;22.9;12.5
974;2021-06-09;2982;4777;200256;112498;23.3;13.1
974;2021-06-10;3409;4454;203665;116952;23.7;13.6
974;2021-06-11;2842;4621;206507;121573;24.0;14.1
974;2021-06-12;1727;3376;208234;124949;24.2;14.5
974;2021-06-13;1323;243;209557;125192;24.4;14.6
974;2021-06-14;1491;3183;211048;128375;24.5;14.9
974;2021-06-15;2058;3613;213106;131988;24.8;15.3
974;2021-06-16;2738;4651;215844;136639;25.1;15.9
974;2021-06-17;2519;4897;218363;141536;25.4;16.5
974;2021-06-18;2589;4897;220952;146433;25.7;17.0
974;2021-06-19;1305;3518;222257;149951;25.8;17.4
974;2021-06-20;632;288;222889;150239;25.9;17.5
974;2021-06-21;1266;3233;224155;153472;26.1;17.8
974;2021-06-22;1611;3763;225766;157235;26.3;18.3
974;2021-06-23;2244;4983;228010;162218;26.5;18.9
974;2021-06-24;2281;4070;230291;166288;26.8;19.3
974;2021-06-25;2183;4111;232474;170399;27.0;19.8
974;2021-06-26;1394;2712;233868;173111;27.2;20.1
974;2021-06-27;663;265;234531;173376;27.3;20.2
974;2021-06-28;1305;2483;235836;175859;27.4;20.4
974;2021-06-29;1747;2853;237583;178712;27.6;20.8
974;2021-06-30;2542;3845;240125;182557;27.9;21.2
974;2021-07-01;2657;3830;242782;186387;28.2;21.7
974;2021-07-02;2491;3717;245273;190104;28.5;22.1
974;2021-07-03;1600;2461;246873;192565;28.7;22.4
974;2021-07-04;872;1039;247745;193604;28.8;22.5
974;2021-07-05;1670;2227;249415;195831;29.0;22.8
974;2021-07-06;2503;2531;251918;198362;29.3;23.1
974;2021-07-07;2645;3142;254563;201504;29.6;23.4
974;2021-07-08;2379;3172;256942;204676;29.9;23.8
974;2021-07-09;2738;3424;259680;208100;30.2;24.2
974;2021-07-10;1609;2187;261289;210287;30.4;24.5
974;2021-07-11;727;1019;262016;211306;30.5;24.6
974;2021-07-12;1724;2610;263740;213916;30.7;24.9
974;2021-07-13;4365;3330;268105;217246;31.2;25.3
974;2021-07-14;3264;596;271369;217842;31.6;25.3
974;2021-07-15;5505;3997;276874;221839;32.2;25.8
974;2021-07-16;6180;3278;283054;225117;32.9;26.2
974;2021-07-17;4285;1892;287339;227009;33.4;26.4
974;2021-07-18;2659;750;289998;227759;33.7;26.5
974;2021-07-19;4586;2014;294584;229773;34.3;26.7
974;2021-07-20;6167;2390;300751;232163;35.0;27.0
974;2021-07-21;6618;2817;307369;234980;35.7;27.3
974;2021-07-22;6750;2756;314119;237736;36.5;27.6
975;2020-12-27;0;0;0;0;0.0;0.0
975;2020-12-28;0;0;0;0;0.0;0.0
975;2020-12-29;0;0;0;0;0.0;0.0
975;2020-12-30;0;0;0;0;0.0;0.0
975;2020-12-31;0;0;0;0;0.0;0.0
975;2021-01-01;0;0;0;0;0.0;0.0
975;2021-01-02;0;0;0;0;0.0;0.0
975;2021-01-03;0;0;0;0;0.0;0.0
975;2021-01-04;0;0;0;0;0.0;0.0
975;2021-01-05;0;0;0;0;0.0;0.0
975;2021-01-06;0;0;0;0;0.0;0.0
975;2021-01-07;0;0;0;0;0.0;0.0
975;2021-01-08;0;0;0;0;0.0;0.0
975;2021-01-09;0;0;0;0;0.0;0.0
975;2021-01-10;0;0;0;0;0.0;0.0
975;2021-01-11;0;0;0;0;0.0;0.0
975;2021-01-12;0;0;0;0;0.0;0.0
975;2021-01-13;0;0;0;0;0.0;0.0
975;2021-01-14;0;0;0;0;0.0;0.0
975;2021-01-15;0;0;0;0;0.0;0.0
975;2021-01-16;0;0;0;0;0.0;0.0
975;2021-01-17;0;0;0;0;0.0;0.0
975;2021-01-18;0;0;0;0;0.0;0.0
975;2021-01-19;0;0;0;0;0.0;0.0
975;2021-01-20;0;0;0;0;0.0;0.0
975;2021-01-21;0;0;0;0;0.0;0.0
975;2021-01-22;0;0;0;0;0.0;0.0
975;2021-01-23;0;0;0;0;0.0;0.0
975;2021-01-24;0;0;0;0;0.0;0.0
975;2021-01-25;0;0;0;0;0.0;0.0
975;2021-01-26;0;0;0;0;0.0;0.0
975;2021-01-27;0;0;0;0;0.0;0.0
975;2021-01-28;0;0;0;0;0.0;0.0
975;2021-01-29;0;0;0;0;0.0;0.0
975;2021-01-30;0;0;0;0;0.0;0.0
975;2021-01-31;0;0;0;0;0.0;0.0
975;2021-02-01;0;0;0;0;0.0;0.0
975;2021-02-02;0;0;0;0;0.0;0.0
975;2021-02-03;0;0;0;0;0.0;0.0
975;2021-02-04;0;0;0;0;0.0;0.0
975;2021-02-05;0;0;0;0;0.0;0.0
975;2021-02-06;0;0;0;0;0.0;0.0
975;2021-02-07;0;0;0;0;0.0;0.0
975;2021-02-08;0;0;0;0;0.0;0.0
975;2021-02-09;0;0;0;0;0.0;0.0
975;2021-02-10;0;0;0;0;0.0;0.0
975;2021-02-11;0;0;0;0;0.0;0.0
975;2021-02-12;0;0;0;0;0.0;0.0
975;2021-02-13;0;0;0;0;0.0;0.0
975;2021-02-14;0;0;0;0;0.0;0.0
975;2021-02-15;0;0;0;0;0.0;0.0
975;2021-02-16;0;0;0;0;0.0;0.0
975;2021-02-17;0;0;0;0;0.0;0.0
975;2021-02-18;0;0;0;0;0.0;0.0
975;2021-02-19;0;0;0;0;0.0;0.0
975;2021-02-20;0;0;0;0;0.0;0.0
975;2021-02-21;0;0;0;0;0.0;0.0
975;2021-02-22;0;0;0;0;0.0;0.0
975;2021-02-23;0;0;0;0;0.0;0.0
975;2021-02-24;0;0;0;0;0.0;0.0
975;2021-02-25;0;0;0;0;0.0;0.0
975;2021-02-26;0;0;0;0;0.0;0.0
975;2021-02-27;0;0;0;0;0.0;0.0
975;2021-02-28;0;0;0;0;0.0;0.0
975;2021-03-01;0;0;0;0;0.0;0.0
975;2021-03-02;0;0;0;0;0.0;0.0
975;2021-03-03;0;0;0;0;0.0;0.0
975;2021-03-04;0;0;0;0;0.0;0.0
975;2021-03-05;0;0;0;0;0.0;0.0
975;2021-03-06;0;0;0;0;0.0;0.0
975;2021-03-07;0;0;0;0;0.0;0.0
975;2021-03-08;0;0;0;0;0.0;0.0
975;2021-03-09;0;0;0;0;0.0;0.0
975;2021-03-10;0;0;0;0;0.0;0.0
975;2021-03-11;0;0;0;0;0.0;0.0
975;2021-03-12;0;0;0;0;0.0;0.0
975;2021-03-13;0;0;0;0;0.0;0.0
975;2021-03-14;0;0;0;0;0.0;0.0
975;2021-03-15;0;0;0;0;0.0;0.0
975;2021-03-16;0;0;0;0;0.0;0.0
975;2021-03-17;0;0;0;0;0.0;0.0
975;2021-03-18;0;0;0;0;0.0;0.0
975;2021-03-19;0;0;0;0;0.0;0.0
975;2021-03-20;0;0;0;0;0.0;0.0
975;2021-03-21;0;0;0;0;0.0;0.0
975;2021-03-22;0;0;0;0;0.0;0.0
975;2021-03-23;0;0;0;0;0.0;0.0
975;2021-03-24;0;0;0;0;0.0;0.0
975;2021-03-25;0;0;0;0;0.0;0.0
975;2021-03-26;0;0;0;0;0.0;0.0
975;2021-03-27;0;0;0;0;0.0;0.0
975;2021-03-28;0;0;0;0;0.0;0.0
975;2021-03-29;2;0;2;0;0.0;0.0
975;2021-03-30;0;0;2;0;0.0;0.0
975;2021-03-31;0;0;2;0;0.0;0.0
975;2021-04-01;0;0;2;0;0.0;0.0
975;2021-04-02;0;0;2;0;0.0;0.0
975;2021-04-03;0;0;2;0;0.0;0.0
975;2021-04-04;0;0;2;0;0.0;0.0
975;2021-04-05;0;0;2;0;0.0;0.0
975;2021-04-06;0;0;2;0;0.0;0.0
975;2021-04-07;0;0;2;0;0.0;0.0
975;2021-04-08;1;0;3;0;0.1;0.0
975;2021-04-09;0;0;3;0;0.1;0.0
975;2021-04-10;0;0;3;0;0.1;0.0
975;2021-04-11;0;0;3;0;0.1;0.0
975;2021-04-12;0;0;3;0;0.1;0.0
975;2021-04-13;0;0;3;0;0.1;0.0
975;2021-04-14;0;0;3;0;0.1;0.0
975;2021-04-15;0;0;3;0;0.1;0.0
975;2021-04-16;0;0;3;0;0.1;0.0
975;2021-04-17;0;0;3;0;0.1;0.0
975;2021-04-18;0;0;3;0;0.1;0.0
975;2021-04-19;0;0;3;0;0.1;0.0
975;2021-04-20;0;0;3;0;0.1;0.0
975;2021-04-21;0;0;3;0;0.1;0.0
975;2021-04-22;0;0;3;0;0.1;0.0
975;2021-04-23;0;0;3;0;0.1;0.0
975;2021-04-24;0;0;3;0;0.1;0.0
975;2021-04-25;0;0;3;0;0.1;0.0
975;2021-04-26;0;0;3;0;0.1;0.0
975;2021-04-27;0;0;3;0;0.1;0.0
975;2021-04-28;0;0;3;0;0.1;0.0
975;2021-04-29;0;0;3;0;0.1;0.0
975;2021-04-30;0;0;3;0;0.1;0.0
975;2021-05-01;0;0;3;0;0.1;0.0
975;2021-05-02;0;0;3;0;0.1;0.0
975;2021-05-03;0;0;3;0;0.1;0.0
975;2021-05-04;0;0;3;0;0.1;0.0
975;2021-05-05;0;0;3;0;0.1;0.0
975;2021-05-06;0;0;3;0;0.1;0.0
975;2021-05-07;0;0;3;0;0.1;0.0
975;2021-05-08;0;0;3;0;0.1;0.0
975;2021-05-09;0;0;3;0;0.1;0.0
975;2021-05-10;0;0;3;0;0.1;0.0
975;2021-05-11;0;0;3;0;0.1;0.0
975;2021-05-12;0;0;3;0;0.1;0.0
975;2021-05-13;0;0;3;0;0.1;0.0
975;2021-05-14;0;0;3;0;0.1;0.0
975;2021-05-15;0;0;3;0;0.1;0.0
975;2021-05-16;0;0;3;0;0.1;0.0
975;2021-05-17;0;0;3;0;0.1;0.0
975;2021-05-18;0;0;3;0;0.1;0.0
975;2021-05-19;0;0;3;0;0.1;0.0
975;2021-05-20;0;0;3;0;0.1;0.0
975;2021-05-21;0;0;3;0;0.1;0.0
975;2021-05-22;0;0;3;0;0.1;0.0
975;2021-05-23;0;0;3;0;0.1;0.0
975;2021-05-24;0;0;3;0;0.1;0.0
975;2021-05-25;0;0;3;0;0.1;0.0
975;2021-05-26;0;0;3;0;0.1;0.0
975;2021-05-27;0;0;3;0;0.1;0.0
975;2021-05-28;0;0;3;0;0.1;0.0
975;2021-05-29;0;2;3;2;0.1;0.0
975;2021-05-30;0;0;3;2;0.1;0.0
975;2021-05-31;0;0;3;2;0.1;0.0
975;2021-06-01;0;0;3;2;0.1;0.0
975;2021-06-02;0;0;3;2;0.1;0.0
975;2021-06-03;0;0;3;2;0.1;0.0
975;2021-06-04;0;0;3;2;0.1;0.0
975;2021-06-05;0;0;3;2;0.1;0.0
975;2021-06-06;0;0;3;2;0.1;0.0
975;2021-06-07;0;0;3;2;0.1;0.0
975;2021-06-08;0;0;3;2;0.1;0.0
975;2021-06-09;0;0;3;2;0.1;0.0
975;2021-06-10;0;0;3;2;0.1;0.0
975;2021-06-11;0;0;3;2;0.1;0.0
975;2021-06-12;0;0;3;2;0.1;0.0
975;2021-06-13;0;0;3;2;0.1;0.0
975;2021-06-14;0;0;3;2;0.1;0.0
975;2021-06-15;0;0;3;2;0.1;0.0
975;2021-06-16;0;0;3;2;0.1;0.0
975;2021-06-17;0;0;3;2;0.1;0.0
975;2021-06-18;0;0;3;2;0.1;0.0
975;2021-06-19;0;0;3;2;0.1;0.0
975;2021-06-20;0;0;3;2;0.1;0.0
975;2021-06-21;0;0;3;2;0.1;0.0
975;2021-06-22;0;0;3;2;0.1;0.0
975;2021-06-23;0;0;3;2;0.1;0.0
975;2021-06-24;0;0;3;2;0.1;0.0
975;2021-06-25;0;0;3;2;0.1;0.0
975;2021-06-26;0;0;3;2;0.1;0.0
975;2021-06-27;0;0;3;2;0.1;0.0
975;2021-06-28;0;0;3;2;0.1;0.0
975;2021-06-29;0;0;3;2;0.1;0.0
975;2021-06-30;0;0;3;2;0.1;0.0
975;2021-07-01;0;0;3;2;0.1;0.0
975;2021-07-02;0;0;3;2;0.1;0.0
975;2021-07-03;0;0;3;2;0.1;0.0
975;2021-07-04;0;0;3;2;0.1;0.0
975;2021-07-05;0;0;3;2;0.1;0.0
975;2021-07-06;0;0;3;2;0.1;0.0
975;2021-07-07;0;0;3;2;0.1;0.0
975;2021-07-08;0;0;3;2;0.1;0.0
975;2021-07-09;0;0;3;2;0.1;0.0
975;2021-07-10;0;0;3;2;0.1;0.0
975;2021-07-11;0;0;3;2;0.1;0.0
975;2021-07-12;0;0;3;2;0.1;0.0
975;2021-07-13;0;0;3;2;0.1;0.0
975;2021-07-14;0;0;3;2;0.1;0.0
975;2021-07-15;0;0;3;2;0.1;0.0
975;2021-07-16;0;0;3;2;0.1;0.0
975;2021-07-17;0;0;3;2;0.1;0.0
975;2021-07-18;0;0;3;2;0.1;0.0
975;2021-07-19;0;0;3;2;0.1;0.0
975;2021-07-20;0;0;3;2;0.1;0.0
975;2021-07-21;0;0;3;2;0.1;0.0
975;2021-07-22;0;0;3;2;0.1;0.0
976;2020-12-27;0;0;0;0;0.0;0.0
976;2020-12-28;0;0;0;0;0.0;0.0
976;2020-12-29;0;0;0;0;0.0;0.0
976;2020-12-30;0;0;0;0;0.0;0.0
976;2020-12-31;0;0;0;0;0.0;0.0
976;2021-01-01;0;0;0;0;0.0;0.0
976;2021-01-02;0;0;0;0;0.0;0.0
976;2021-01-03;0;0;0;0;0.0;0.0
976;2021-01-04;0;0;0;0;0.0;0.0
976;2021-01-05;0;0;0;0;0.0;0.0
976;2021-01-06;0;0;0;0;0.0;0.0
976;2021-01-07;0;0;0;0;0.0;0.0
976;2021-01-08;0;0;0;0;0.0;0.0
976;2021-01-09;0;0;0;0;0.0;0.0
976;2021-01-10;0;0;0;0;0.0;0.0
976;2021-01-11;9;0;9;0;0.0;0.0
976;2021-01-12;0;0;9;0;0.0;0.0
976;2021-01-13;0;0;9;0;0.0;0.0
976;2021-01-14;0;0;9;0;0.0;0.0
976;2021-01-15;1;0;10;0;0.0;0.0
976;2021-01-16;1;0;11;0;0.0;0.0
976;2021-01-17;0;0;11;0;0.0;0.0
976;2021-01-18;1;0;12;0;0.0;0.0
976;2021-01-19;0;0;12;0;0.0;0.0
976;2021-01-20;0;0;12;0;0.0;0.0
976;2021-01-21;0;0;12;0;0.0;0.0
976;2021-01-22;0;0;12;0;0.0;0.0
976;2021-01-23;1;0;13;0;0.0;0.0
976;2021-01-24;0;0;13;0;0.0;0.0
976;2021-01-25;141;1;154;1;0.1;0.0
976;2021-01-26;165;3;319;4;0.1;0.0
976;2021-01-27;251;2;570;6;0.2;0.0
976;2021-01-28;102;7;672;13;0.2;0.0
976;2021-01-29;231;2;903;15;0.3;0.0
976;2021-01-30;285;11;1188;26;0.4;0.0
976;2021-01-31;1;0;1189;26;0.4;0.0
976;2021-02-01;160;0;1349;26;0.5;0.0
976;2021-02-02;330;8;1679;34;0.6;0.0
976;2021-02-03;228;3;1907;37;0.7;0.0
976;2021-02-04;216;8;2123;45;0.8;0.0
976;2021-02-05;214;1;2337;46;0.8;0.0
976;2021-02-06;83;10;2420;56;0.9;0.0
976;2021-02-07;0;0;2420;56;0.9;0.0
976;2021-02-08;82;3;2502;59;0.9;0.0
976;2021-02-09;194;0;2696;59;1.0;0.0
976;2021-02-10;187;3;2883;62;1.0;0.0
976;2021-02-11;236;3;3119;65;1.1;0.0
976;2021-02-12;287;4;3406;69;1.2;0.0
976;2021-02-13;56;0;3462;69;1.2;0.0
976;2021-02-14;1;0;3463;69;1.2;0.0
976;2021-02-15;359;6;3822;75;1.4;0.0
976;2021-02-16;266;8;4088;83;1.5;0.0
976;2021-02-17;167;6;4255;89;1.5;0.0
976;2021-02-18;217;12;4472;101;1.6;0.0
976;2021-02-19;236;24;4708;125;1.7;0.0
976;2021-02-20;139;8;4847;133;1.7;0.0
976;2021-02-21;0;0;4847;133;1.7;0.0
976;2021-02-22;130;122;4977;255;1.8;0.1
976;2021-02-23;185;155;5162;410;1.8;0.1
976;2021-02-24;176;145;5338;555;1.9;0.2
976;2021-02-25;227;277;5565;832;2.0;0.3
976;2021-02-26;242;246;5807;1078;2.1;0.4
976;2021-02-27;0;0;5807;1078;2.1;0.4
976;2021-02-28;0;0;5807;1078;2.1;0.4
976;2021-03-01;145;259;5952;1337;2.1;0.5
976;2021-03-02;228;259;6180;1596;2.2;0.6
976;2021-03-03;202;189;6382;1785;2.3;0.6
976;2021-03-04;205;141;6587;1926;2.4;0.7
976;2021-03-05;224;113;6811;2039;2.4;0.7
976;2021-03-06;1;0;6812;2039;2.4;0.7
976;2021-03-07;0;0;6812;2039;2.4;0.7
976;2021-03-08;189;110;7001;2149;2.5;0.8
976;2021-03-09;392;160;7393;2309;2.6;0.8
976;2021-03-10;180;178;7573;2487;2.7;0.9
976;2021-03-11;167;207;7740;2694;2.8;1.0
976;2021-03-12;237;291;7977;2985;2.9;1.1
976;2021-03-13;2;0;7979;2985;2.9;1.1
976;2021-03-14;0;0;7979;2985;2.9;1.1
976;2021-03-15;157;293;8136;3278;2.9;1.2
976;2021-03-16;236;223;8372;3501;3.0;1.3
976;2021-03-17;264;143;8636;3644;3.1;1.3
976;2021-03-18;173;235;8809;3879;3.2;1.4
976;2021-03-19;172;298;8981;4177;3.2;1.5
976;2021-03-20;0;0;8981;4177;3.2;1.5
976;2021-03-21;0;0;8981;4177;3.2;1.5
976;2021-03-22;98;136;9079;4313;3.2;1.5
976;2021-03-23;136;240;9215;4553;3.3;1.6
976;2021-03-24;160;146;9375;4699;3.4;1.7
976;2021-03-25;186;206;9561;4905;3.4;1.8
976;2021-03-26;160;211;9721;5116;3.5;1.8
976;2021-03-27;18;0;9739;5116;3.5;1.8
976;2021-03-28;0;0;9739;5116;3.5;1.8
976;2021-03-29;0;2;9739;5118;3.5;1.8
976;2021-03-30;272;334;10011;5452;3.6;2.0
976;2021-03-31;225;125;10236;5577;3.7;2.0
976;2021-04-01;244;103;10480;5680;3.7;2.0
976;2021-04-02;288;263;10768;5943;3.9;2.1
976;2021-04-03;906;307;11674;6250;4.2;2.2
976;2021-04-04;1;0;11675;6250;4.2;2.2
976;2021-04-05;1;0;11676;6250;4.2;2.2
976;2021-04-06;162;278;11838;6528;4.2;2.3
976;2021-04-07;237;267;12075;6795;4.3;2.4
976;2021-04-08;286;140;12361;6935;4.4;2.5
976;2021-04-09;248;171;12609;7106;4.5;2.5
976;2021-04-10;181;114;12790;7220;4.6;2.6
976;2021-04-11;7;0;12797;7220;4.6;2.6
976;2021-04-12;0;19;12797;7239;4.6;2.6
976;2021-04-13;394;344;13191;7583;4.7;2.7
976;2021-04-14;239;205;13430;7788;4.8;2.8
976;2021-04-15;207;117;13637;7905;4.9;2.8
976;2021-04-16;214;127;13851;8032;5.0;2.9
976;2021-04-17;226;131;14077;8163;5.0;2.9
976;2021-04-18;1;0;14078;8163;5.0;2.9
976;2021-04-19;7;1;14085;8164;5.0;2.9
976;2021-04-20;369;224;14454;8388;5.2;3.0
976;2021-04-21;412;150;14866;8538;5.3;3.1
976;2021-04-22;410;151;15276;8689;5.5;3.1
976;2021-04-23;367;166;15643;8855;5.6;3.2
976;2021-04-24;413;128;16056;8983;5.7;3.2
976;2021-04-25;2;0;16058;8983;5.7;3.2
976;2021-04-26;54;8;16112;8991;5.8;3.2
976;2021-04-27;351;293;16463;9284;5.9;3.3
976;2021-04-28;355;515;16818;9799;6.0;3.5
976;2021-04-29;559;344;17377;10143;6.2;3.6
976;2021-04-30;404;238;17781;10381;6.4;3.7
976;2021-05-01;670;285;18451;10666;6.6;3.8
976;2021-05-02;0;0;18451;10666;6.6;3.8
976;2021-05-03;140;6;18591;10672;6.7;3.8
976;2021-05-04;353;426;18944;11098;6.8;4.0
976;2021-05-05;447;318;19391;11416;6.9;4.1
976;2021-05-06;320;201;19711;11617;7.1;4.2
976;2021-05-07;341;133;20052;11750;7.2;4.2
976;2021-05-08;301;139;20353;11889;7.3;4.3
976;2021-05-09;0;0;20353;11889;7.3;4.3
976;2021-05-10;9;9;20362;11898;7.3;4.3
976;2021-05-11;361;488;20723;12386;7.4;4.4
976;2021-05-12;333;310;21056;12696;7.5;4.5
976;2021-05-13;127;97;21183;12793;7.6;4.6
976;2021-05-14;0;0;21183;12793;7.6;4.6
976;2021-05-15;484;283;21667;13076;7.8;4.7
976;2021-05-16;1;0;21668;13076;7.8;4.7
976;2021-05-17;123;51;21791;13127;7.8;4.7
976;2021-05-18;516;430;22307;13557;8.0;4.9
976;2021-05-19;650;663;22957;14220;8.2;5.1
976;2021-05-20;1055;496;24012;14716;8.6;5.3
976;2021-05-21;1046;314;25058;15030;9.0;5.4
976;2021-05-22;1241;299;26299;15329;9.4;5.5
976;2021-05-23;0;0;26299;15329;9.4;5.5
976;2021-05-24;1;0;26300;15329;9.4;5.5
976;2021-05-25;886;623;27186;15952;9.7;5.7
976;2021-05-26;1036;841;28222;16793;10.1;6.0
976;2021-05-27;1320;508;29542;17301;10.6;6.2
976;2021-05-28;955;373;30497;17674;10.9;6.3
976;2021-05-29;1130;391;31627;18065;11.3;6.5
976;2021-05-30;0;1;31627;18066;11.3;6.5
976;2021-05-31;104;6;31731;18072;11.4;6.5
976;2021-06-01;1149;651;32880;18723;11.8;6.7
976;2021-06-02;1222;530;34102;19253;12.2;6.9
976;2021-06-03;807;352;34909;19605;12.5;7.0
976;2021-06-04;996;321;35905;19926;12.8;7.1
976;2021-06-05;675;300;36580;20226;13.1;7.2
976;2021-06-06;1;0;36581;20226;13.1;7.2
976;2021-06-07;89;12;36670;20238;13.1;7.2
976;2021-06-08;954;444;37624;20682;13.5;7.4
976;2021-06-09;972;551;38596;21233;13.8;7.6
976;2021-06-10;691;230;39287;21463;14.1;7.7
976;2021-06-11;846;366;40133;21829;14.4;7.8
976;2021-06-12;581;276;40714;22105;14.6;7.9
976;2021-06-13;1;0;40715;22105;14.6;7.9
976;2021-06-14;186;112;40901;22217;14.6;7.9
976;2021-06-15;412;840;41313;23057;14.8;8.3
976;2021-06-16;887;1441;42200;24498;15.1;8.8
976;2021-06-17;772;656;42972;25154;15.4;9.0
976;2021-06-18;705;621;43677;25775;15.6;9.2
976;2021-06-19;534;643;44211;26418;15.8;9.5
976;2021-06-20;1;0;44212;26418;15.8;9.5
976;2021-06-21;126;130;44338;26548;15.9;9.5
976;2021-06-22;429;1149;44767;27697;16.0;9.9
976;2021-06-23;653;1185;45420;28882;16.3;10.3
976;2021-06-24;462;543;45882;29425;16.4;10.5
976;2021-06-25;529;473;46411;29898;16.6;10.7
976;2021-06-26;387;687;46798;30585;16.7;10.9
976;2021-06-27;0;0;46798;30585;16.7;10.9
976;2021-06-28;100;191;46898;30776;16.8;11.0
976;2021-06-29;663;973;47561;31749;17.0;11.4
976;2021-06-30;651;945;48212;32694;17.3;11.7
976;2021-07-01;559;543;48771;33237;17.5;11.9
976;2021-07-02;443;424;49214;33661;17.6;12.0
976;2021-07-03;434;413;49648;34074;17.8;12.2
976;2021-07-04;0;0;49648;34074;17.8;12.2
976;2021-07-05;114;225;49762;34299;17.8;12.3
976;2021-07-06;494;856;50256;35155;18.0;12.6
976;2021-07-07;754;1001;51010;36156;18.3;12.9
976;2021-07-08;792;628;51802;36784;18.5;13.2
976;2021-07-09;782;514;52584;37298;18.8;13.3
976;2021-07-10;434;315;53018;37613;19.0;13.5
976;2021-07-11;0;0;53018;37613;19.0;13.5
976;2021-07-12;160;171;53178;37784;19.0;13.5
976;2021-07-13;829;993;54007;38777;19.3;13.9
976;2021-07-14;0;5;54007;38782;19.3;13.9
976;2021-07-15;1203;805;55210;39587;19.8;14.2
976;2021-07-16;1284;648;56494;40235;20.2;14.4
976;2021-07-17;1032;365;57526;40600;20.6;14.5
976;2021-07-18;0;0;57526;40600;20.6;14.5
976;2021-07-19;203;133;57729;40733;20.7;14.6
976;2021-07-20;1147;856;58876;41589;21.1;14.9
976;2021-07-21;32;28;58908;41617;21.1;14.9
976;2021-07-22;1116;644;60024;42261;21.5;15.1
977;2020-12-27;0;0;0;0;0.0;0.0
977;2020-12-28;0;0;0;0;0.0;0.0
977;2020-12-29;0;0;0;0;0.0;0.0
977;2020-12-30;0;0;0;0;0.0;0.0
977;2020-12-31;0;0;0;0;0.0;0.0
977;2021-01-01;0;0;0;0;0.0;0.0
977;2021-01-02;0;0;0;0;0.0;0.0
977;2021-01-03;0;0;0;0;0.0;0.0
977;2021-01-04;0;0;0;0;0.0;0.0
977;2021-01-05;0;0;0;0;0.0;0.0
977;2021-01-06;0;0;0;0;0.0;0.0
977;2021-01-07;0;0;0;0;0.0;0.0
977;2021-01-08;0;0;0;0;0.0;0.0
977;2021-01-09;0;0;0;0;0.0;0.0
977;2021-01-10;0;0;0;0;0.0;0.0
977;2021-01-11;0;0;0;0;0.0;0.0
977;2021-01-12;0;0;0;0;0.0;0.0
977;2021-01-13;0;0;0;0;0.0;0.0
977;2021-01-14;0;0;0;0;0.0;0.0
977;2021-01-15;0;0;0;0;0.0;0.0
977;2021-01-16;0;0;0;0;0.0;0.0
977;2021-01-17;0;0;0;0;0.0;0.0
977;2021-01-18;1;0;1;0;0.0;0.0
977;2021-01-19;0;0;1;0;0.0;0.0
977;2021-01-20;0;0;1;0;0.0;0.0
977;2021-01-21;12;0;13;0;0.1;0.0
977;2021-01-22;12;0;25;0;0.3;0.0
977;2021-01-23;0;0;25;0;0.3;0.0
977;2021-01-24;0;0;25;0;0.3;0.0
977;2021-01-25;0;0;25;0;0.3;0.0
977;2021-01-26;0;0;25;0;0.3;0.0
977;2021-01-27;12;0;37;0;0.4;0.0
977;2021-01-28;1;0;38;0;0.4;0.0
977;2021-01-29;6;0;44;0;0.4;0.0
977;2021-01-30;0;0;44;0;0.4;0.0
977;2021-01-31;0;0;44;0;0.4;0.0
977;2021-02-01;0;0;44;0;0.4;0.0
977;2021-02-02;0;0;44;0;0.4;0.0
977;2021-02-03;11;0;55;0;0.6;0.0
977;2021-02-04;12;0;67;0;0.7;0.0
977;2021-02-05;11;0;78;0;0.8;0.0
977;2021-02-06;0;0;78;0;0.8;0.0
977;2021-02-07;0;0;78;0;0.8;0.0
977;2021-02-08;0;0;78;0;0.8;0.0
977;2021-02-09;13;0;91;0;0.9;0.0
977;2021-02-10;0;0;91;0;0.9;0.0
977;2021-02-11;17;0;108;0;1.1;0.0
977;2021-02-12;45;0;153;0;1.5;0.0
977;2021-02-13;0;0;153;0;1.5;0.0
977;2021-02-14;0;0;153;0;1.5;0.0
977;2021-02-15;0;0;153;0;1.5;0.0
977;2021-02-16;0;0;153;0;1.5;0.0
977;2021-02-17;0;0;153;0;1.5;0.0
977;2021-02-18;18;0;171;0;1.7;0.0
977;2021-02-19;35;0;206;0;2.1;0.0
977;2021-02-20;0;0;206;0;2.1;0.0
977;2021-02-21;0;0;206;0;2.1;0.0
977;2021-02-22;0;0;206;0;2.1;0.0
977;2021-02-23;0;22;206;22;2.1;0.2
977;2021-02-24;0;0;206;22;2.1;0.2
977;2021-02-25;15;10;221;32;2.2;0.3
977;2021-02-26;33;20;254;52;2.5;0.5
977;2021-02-27;0;0;254;52;2.5;0.5
977;2021-02-28;0;0;254;52;2.5;0.5
977;2021-03-01;0;0;254;52;2.5;0.5
977;2021-03-02;17;11;271;63;2.7;0.6
977;2021-03-03;0;0;271;63;2.7;0.6
977;2021-03-04;16;12;287;75;2.9;0.8
977;2021-03-05;33;19;320;94;3.2;0.9
977;2021-03-06;0;0;320;94;3.2;0.9
977;2021-03-07;0;0;320;94;3.2;0.9
977;2021-03-08;0;0;320;94;3.2;0.9
977;2021-03-09;1;0;321;94;3.2;0.9
977;2021-03-10;0;0;321;94;3.2;0.9
977;2021-03-11;20;30;341;124;3.4;1.2
977;2021-03-12;62;41;403;165;4.0;1.7
977;2021-03-13;0;0;403;165;4.0;1.7
977;2021-03-14;0;0;403;165;4.0;1.7
977;2021-03-15;0;0;403;165;4.0;1.7
977;2021-03-16;30;9;433;174;4.3;1.7
977;2021-03-17;0;0;433;174;4.3;1.7
977;2021-03-18;30;16;463;190;4.6;1.9
977;2021-03-19;55;30;518;220;5.2;2.2
977;2021-03-20;0;0;518;220;5.2;2.2
977;2021-03-21;0;0;518;220;5.2;2.2
977;2021-03-22;0;0;518;220;5.2;2.2
977;2021-03-23;0;0;518;220;5.2;2.2
977;2021-03-24;0;0;518;220;5.2;2.2
977;2021-03-25;65;17;583;237;5.9;2.4
977;2021-03-26;73;26;656;263;6.6;2.6
977;2021-03-27;0;0;656;263;6.6;2.6
977;2021-03-28;0;0;656;263;6.6;2.6
977;2021-03-29;0;0;656;263;6.6;2.6
977;2021-03-30;40;18;696;281;7.0;2.8
977;2021-03-31;26;15;722;296;7.2;3.0
977;2021-04-01;25;32;747;328;7.5;3.3
977;2021-04-02;0;0;747;328;7.5;3.3
977;2021-04-03;0;0;747;328;7.5;3.3
977;2021-04-04;0;0;747;328;7.5;3.3
977;2021-04-05;9;0;756;328;7.6;3.3
977;2021-04-06;0;0;756;328;7.6;3.3
977;2021-04-07;0;0;756;328;7.6;3.3
977;2021-04-08;57;46;813;374;8.2;3.8
977;2021-04-09;59;31;872;405;8.8;4.1
977;2021-04-10;0;0;872;405;8.8;4.1
977;2021-04-11;0;0;872;405;8.8;4.1
977;2021-04-12;0;0;872;405;8.8;4.1
977;2021-04-13;0;0;872;405;8.8;4.1
977;2021-04-14;5;6;877;411;8.8;4.1
977;2021-04-15;56;71;933;482;9.4;4.8
977;2021-04-16;90;35;1023;517;10.3;5.2
977;2021-04-17;0;1;1023;518;10.3;5.2
977;2021-04-18;0;0;1023;518;10.3;5.2
977;2021-04-19;1;0;1024;518;10.3;5.2
977;2021-04-20;335;66;1359;584;13.6;5.9
977;2021-04-21;337;29;1696;613;17.0;6.2
977;2021-04-22;284;50;1980;663;19.9;6.7
977;2021-04-23;259;42;2239;705;22.5;7.1
977;2021-04-24;231;1;2470;706;24.8;7.1
977;2021-04-25;0;0;2470;706;24.8;7.1
977;2021-04-26;283;20;2753;726;27.6;7.3
977;2021-04-27;224;69;2977;795;29.9;8.0
977;2021-04-28;192;26;3169;821;31.8;8.2
977;2021-04-29;170;22;3339;843;33.5;8.5
977;2021-04-30;172;16;3511;859;35.2;8.6
977;2021-05-01;202;12;3713;871;37.3;8.7
977;2021-05-02;0;0;3713;871;37.3;8.7
977;2021-05-03;135;9;3848;880;38.6;8.8
977;2021-05-04;161;53;4009;933;40.2;9.4
977;2021-05-05;221;30;4230;963;42.5;9.7
977;2021-05-06;175;33;4405;996;44.2;10.0
977;2021-05-07;149;31;4554;1027;45.7;10.3
977;2021-05-08;1;0;4555;1027;45.7;10.3
977;2021-05-09;0;2;4555;1029;45.7;10.3
977;2021-05-10;0;0;4555;1029;45.7;10.3
977;2021-05-11;3;41;4558;1070;45.8;10.7
977;2021-05-12;6;36;4564;1106;45.8;11.1
977;2021-05-13;0;0;4564;1106;45.8;11.1
977;2021-05-14;28;98;4592;1204;46.1;12.1
977;2021-05-15;0;0;4592;1204;46.1;12.1
977;2021-05-16;1;0;4593;1204;46.1;12.1
977;2021-05-17;1;14;4594;1218;46.1;12.2
977;2021-05-18;17;32;4611;1250;46.3;12.5
977;2021-05-19;0;1;4611;1251;46.3;12.6
977;2021-05-20;0;8;4611;1259;46.3;12.6
977;2021-05-21;12;32;4623;1291;46.4;13.0
977;2021-05-22;0;0;4623;1291;46.4;13.0
977;2021-05-23;0;0;4623;1291;46.4;13.0
977;2021-05-24;0;0;4623;1291;46.4;13.0
977;2021-05-25;50;333;4673;1624;46.9;16.3
977;2021-05-26;54;360;4727;1984;47.5;19.9
977;2021-05-27;34;317;4761;2301;47.8;23.1
977;2021-05-28;27;256;4788;2557;48.1;25.7
977;2021-05-29;35;375;4823;2932;48.4;29.4
977;2021-05-30;1;0;4824;2932;48.4;29.4
977;2021-05-31;45;217;4869;3149;48.9;31.6
977;2021-06-01;47;227;4916;3376;49.4;33.9
977;2021-06-02;69;274;4985;3650;50.0;36.6
977;2021-06-03;41;252;5026;3902;50.5;39.2
977;2021-06-04;78;273;5104;4175;51.2;41.9
977;2021-06-05;1;0;5105;4175;51.2;41.9
977;2021-06-06;0;0;5105;4175;51.2;41.9
977;2021-06-07;1;1;5106;4176;51.3;41.9
977;2021-06-08;3;2;5109;4178;51.3;41.9
977;2021-06-09;0;3;5109;4181;51.3;42.0
977;2021-06-10;8;4;5117;4185;51.4;42.0
977;2021-06-11;4;8;5121;4193;51.4;42.1
977;2021-06-12;16;59;5137;4252;51.6;42.7
977;2021-06-13;0;0;5137;4252;51.6;42.7
977;2021-06-14;0;0;5137;4252;51.6;42.7
977;2021-06-15;0;1;5137;4253;51.6;42.7
977;2021-06-16;0;0;5137;4253;51.6;42.7
977;2021-06-17;2;6;5139;4259;51.6;42.8
977;2021-06-18;0;2;5139;4261;51.6;42.8
977;2021-06-19;25;49;5164;4310;51.8;43.3
977;2021-06-20;0;0;5164;4310;51.8;43.3
977;2021-06-21;0;2;5164;4312;51.8;43.3
977;2021-06-22;8;0;5172;4312;51.9;43.3
977;2021-06-23;15;9;5187;4321;52.1;43.4
977;2021-06-24;10;5;5197;4326;52.2;43.4
977;2021-06-25;0;0;5197;4326;52.2;43.4
977;2021-06-26;25;45;5222;4371;52.4;43.9
977;2021-06-27;0;0;5222;4371;52.4;43.9
977;2021-06-28;0;0;5222;4371;52.4;43.9
977;2021-06-29;0;0;5222;4371;52.4;43.9
977;2021-06-30;0;0;5222;4371;52.4;43.9
977;2021-07-01;26;35;5248;4406;52.7;44.2
977;2021-07-02;26;32;5274;4438;52.9;44.6
977;2021-07-03;27;212;5301;4650;53.2;46.7
977;2021-07-04;0;0;5301;4650;53.2;46.7
977;2021-07-05;4;8;5305;4658;53.3;46.8
977;2021-07-06;0;0;5305;4658;53.3;46.8
977;2021-07-07;8;0;5313;4658;53.3;46.8
977;2021-07-08;33;23;5346;4681;53.7;47.0
977;2021-07-09;23;34;5369;4715;53.9;47.3
977;2021-07-10;31;43;5400;4758;54.2;47.8
977;2021-07-11;0;0;5400;4758;54.2;47.8
977;2021-07-12;0;1;5400;4759;54.2;47.8
977;2021-07-13;10;9;5410;4768;54.3;47.9
977;2021-07-14;0;0;5410;4768;54.3;47.9
977;2021-07-15;1;11;5411;4779;54.3;48.0
977;2021-07-16;44;50;5455;4829;54.8;48.5
977;2021-07-17;34;36;5489;4865;55.1;48.8
977;2021-07-18;0;0;5489;4865;55.1;48.8
977;2021-07-19;3;2;5492;4867;55.1;48.9
977;2021-07-20;3;1;5495;4868;55.2;48.9
977;2021-07-21;33;16;5528;4884;55.5;49.0
977;2021-07-22;35;33;5563;4917;55.8;49.4
978;2020-12-27;0;0;0;0;0.0;0.0
978;2020-12-28;0;0;0;0;0.0;0.0
978;2020-12-29;0;0;0;0;0.0;0.0
978;2020-12-30;0;0;0;0;0.0;0.0
978;2020-12-31;0;0;0;0;0.0;0.0
978;2021-01-01;0;0;0;0;0.0;0.0
978;2021-01-02;0;0;0;0;0.0;0.0
978;2021-01-03;0;0;0;0;0.0;0.0
978;2021-01-04;0;0;0;0;0.0;0.0
978;2021-01-05;0;0;0;0;0.0;0.0
978;2021-01-06;0;0;0;0;0.0;0.0
978;2021-01-07;0;0;0;0;0.0;0.0
978;2021-01-08;0;0;0;0;0.0;0.0
978;2021-01-09;0;0;0;0;0.0;0.0
978;2021-01-10;0;0;0;0;0.0;0.0
978;2021-01-11;0;0;0;0;0.0;0.0
978;2021-01-12;0;0;0;0;0.0;0.0
978;2021-01-13;10;0;10;0;0.0;0.0
978;2021-01-14;12;0;22;0;0.1;0.0
978;2021-01-15;9;0;31;0;0.1;0.0
978;2021-01-16;0;0;31;0;0.1;0.0
978;2021-01-17;0;0;31;0;0.1;0.0
978;2021-01-18;0;0;31;0;0.1;0.0
978;2021-01-19;12;0;43;0;0.1;0.0
978;2021-01-20;12;0;55;0;0.2;0.0
978;2021-01-21;6;0;61;0;0.2;0.0
978;2021-01-22;0;0;61;0;0.2;0.0
978;2021-01-23;0;0;61;0;0.2;0.0
978;2021-01-24;0;0;61;0;0.2;0.0
978;2021-01-25;0;0;61;0;0.2;0.0
978;2021-01-26;9;0;70;0;0.2;0.0
978;2021-01-27;10;0;80;0;0.2;0.0
978;2021-01-28;6;0;86;0;0.2;0.0
978;2021-01-29;0;0;86;0;0.2;0.0
978;2021-01-30;0;0;86;0;0.2;0.0
978;2021-01-31;0;0;86;0;0.2;0.0
978;2021-02-01;0;0;86;0;0.2;0.0
978;2021-02-02;38;0;124;0;0.4;0.0
978;2021-02-03;10;0;134;0;0.4;0.0
978;2021-02-04;29;0;163;0;0.5;0.0
978;2021-02-05;6;0;169;0;0.5;0.0
978;2021-02-06;0;0;169;0;0.5;0.0
978;2021-02-07;0;0;169;0;0.5;0.0
978;2021-02-08;0;0;169;0;0.5;0.0
978;2021-02-09;38;0;207;0;0.6;0.0
978;2021-02-10;27;1;234;1;0.7;0.0
978;2021-02-11;0;0;234;1;0.7;0.0
978;2021-02-12;36;0;270;1;0.8;0.0
978;2021-02-13;0;0;270;1;0.8;0.0
978;2021-02-14;0;0;270;1;0.8;0.0
978;2021-02-15;50;1;320;2;0.9;0.0
978;2021-02-16;0;0;320;2;0.9;0.0
978;2021-02-17;0;0;320;2;0.9;0.0
978;2021-02-18;28;0;348;2;1.0;0.0
978;2021-02-19;44;0;392;2;1.1;0.0
978;2021-02-20;0;0;392;2;1.1;0.0
978;2021-02-21;0;0;392;2;1.1;0.0
978;2021-02-22;45;4;437;6;1.2;0.0
978;2021-02-23;41;29;478;35;1.4;0.1
978;2021-02-24;35;1;513;36;1.5;0.1
978;2021-02-25;55;36;568;72;1.6;0.2
978;2021-02-26;39;5;607;77;1.7;0.2
978;2021-02-27;0;0;607;77;1.7;0.2
978;2021-02-28;0;0;607;77;1.7;0.2
978;2021-03-01;49;5;656;82;1.9;0.2
978;2021-03-02;7;27;663;109;1.9;0.3
978;2021-03-03;42;28;705;137;2.0;0.4
978;2021-03-04;30;26;735;163;2.1;0.5
978;2021-03-05;46;10;781;173;2.2;0.5
978;2021-03-06;0;0;781;173;2.2;0.5
978;2021-03-07;0;0;781;173;2.2;0.5
978;2021-03-08;32;7;813;180;2.3;0.5
978;2021-03-09;19;27;832;207;2.4;0.6
978;2021-03-10;33;28;865;235;2.4;0.7
978;2021-03-11;2;0;867;235;2.5;0.7
978;2021-03-12;52;21;919;256;2.6;0.7
978;2021-03-13;13;0;932;256;2.6;0.7
978;2021-03-14;0;0;932;256;2.6;0.7
978;2021-03-15;31;41;963;297;2.7;0.8
978;2021-03-16;73;6;1036;303;2.9;0.9
978;2021-03-17;67;13;1103;316;3.1;0.9
978;2021-03-18;82;39;1185;355;3.4;1.0
978;2021-03-19;32;50;1217;405;3.4;1.1
978;2021-03-20;0;0;1217;405;3.4;1.1
978;2021-03-21;0;0;1217;405;3.4;1.1
978;2021-03-22;34;45;1251;450;3.5;1.3
978;2021-03-23;30;43;1281;493;3.6;1.4
978;2021-03-24;38;42;1319;535;3.7;1.5
978;2021-03-25;93;34;1412;569;4.0;1.6
978;2021-03-26;45;33;1457;602;4.1;1.7
978;2021-03-27;94;3;1551;605;4.4;1.7
978;2021-03-28;0;0;1551;605;4.4;1.7
978;2021-03-29;69;49;1620;654;4.6;1.9
978;2021-03-30;98;24;1718;678;4.9;1.9
978;2021-03-31;90;49;1808;727;5.1;2.1
978;2021-04-01;56;48;1864;775;5.3;2.2
978;2021-04-02;0;0;1864;775;5.3;2.2
978;2021-04-03;0;0;1864;775;5.3;2.2
978;2021-04-04;0;0;1864;775;5.3;2.2
978;2021-04-05;2;0;1866;775;5.3;2.2
978;2021-04-06;49;63;1915;838;5.4;2.4
978;2021-04-07;91;33;2006;871;5.7;2.5
978;2021-04-08;120;7;2126;878;6.0;2.5
978;2021-04-09;90;39;2216;917;6.3;2.6
978;2021-04-10;168;11;2384;928;6.7;2.6
978;2021-04-11;0;0;2384;928;6.7;2.6
978;2021-04-12;41;76;2425;1004;6.9;2.8
978;2021-04-13;49;71;2474;1075;7.0;3.0
978;2021-04-14;82;45;2556;1120;7.2;3.2
978;2021-04-15;92;24;2648;1144;7.5;3.2
978;2021-04-16;77;42;2725;1186;7.7;3.4
978;2021-04-17;165;4;2890;1190;8.2;3.4
978;2021-04-18;0;0;2890;1190;8.2;3.4
978;2021-04-19;52;67;2942;1257;8.3;3.6
978;2021-04-20;83;27;3025;1284;8.6;3.6
978;2021-04-21;91;29;3116;1313;8.8;3.7
978;2021-04-22;101;20;3217;1333;9.1;3.8
978;2021-04-23;45;66;3262;1399;9.2;4.0
978;2021-04-24;99;78;3361;1477;9.5;4.2
978;2021-04-25;0;0;3361;1477;9.5;4.2
978;2021-04-26;28;91;3389;1568;9.6;4.4
978;2021-04-27;59;63;3448;1631;9.8;4.6
978;2021-04-28;90;39;3538;1670;10.0;4.7
978;2021-04-29;89;33;3627;1703;10.3;4.8
978;2021-04-30;104;14;3731;1717;10.6;4.9
978;2021-05-01;0;8;3731;1725;10.6;4.9
978;2021-05-02;0;0;3731;1725;10.6;4.9
978;2021-05-03;25;99;3756;1824;10.6;5.2
978;2021-05-04;159;102;3915;1926;11.1;5.5
978;2021-05-05;141;58;4056;1984;11.5;5.6
978;2021-05-06;200;49;4256;2033;12.0;5.8
978;2021-05-07;127;71;4383;2104;12.4;6.0
978;2021-05-08;69;122;4452;2226;12.6;6.3
978;2021-05-09;0;0;4452;2226;12.6;6.3
978;2021-05-10;124;99;4576;2325;13.0;6.6
978;2021-05-11;132;72;4708;2397;13.3;6.8
978;2021-05-12;156;78;4864;2475;13.8;7.0
978;2021-05-13;83;6;4947;2481;14.0;7.0
978;2021-05-14;130;62;5077;2543;14.4;7.2
978;2021-05-15;86;4;5163;2547;14.6;7.2
978;2021-05-16;0;0;5163;2547;14.6;7.2
978;2021-05-17;146;115;5309;2662;15.0;7.5
978;2021-05-18;151;94;5460;2756;15.5;7.8
978;2021-05-19;84;69;5544;2825;15.7;8.0
978;2021-05-20;103;26;5647;2851;16.0;8.1
978;2021-05-21;98;53;5745;2904;16.3;8.2
978;2021-05-22;100;11;5845;2915;16.5;8.2
978;2021-05-23;0;0;5845;2915;16.5;8.2
978;2021-05-24;33;7;5878;2922;16.6;8.3
978;2021-05-25;119;78;5997;3000;17.0;8.5
978;2021-05-26;110;50;6107;3050;17.3;8.6
978;2021-05-27;112;42;6219;3092;17.6;8.8
978;2021-05-28;33;1;6252;3093;17.7;8.8
978;2021-05-29;59;213;6311;3306;17.9;9.4
978;2021-05-30;0;0;6311;3306;17.9;9.4
978;2021-05-31;112;63;6423;3369;18.2;9.5
978;2021-06-01;115;63;6538;3432;18.5;9.7
978;2021-06-02;131;33;6669;3465;18.9;9.8
978;2021-06-03;102;38;6771;3503;19.2;9.9
978;2021-06-04;128;70;6899;3573;19.5;10.1
978;2021-06-05;83;21;6982;3594;19.8;10.2
978;2021-06-06;0;0;6982;3594;19.8;10.2
978;2021-06-07;96;96;7078;3690;20.0;10.4
978;2021-06-08;82;89;7160;3779;20.3;10.7
978;2021-06-09;99;73;7259;3852;20.5;10.9
978;2021-06-10;111;65;7370;3917;20.9;11.1
978;2021-06-11;116;106;7486;4023;21.2;11.4
978;2021-06-12;57;30;7543;4053;21.3;11.5
978;2021-06-13;0;0;7543;4053;21.3;11.5
978;2021-06-14;106;128;7649;4181;21.6;11.8
978;2021-06-15;86;119;7735;4300;21.9;12.2
978;2021-06-16;103;148;7838;4448;22.2;12.6
978;2021-06-17;85;72;7923;4520;22.4;12.8
978;2021-06-18;66;99;7989;4619;22.6;13.1
978;2021-06-19;64;79;8053;4698;22.8;13.3
978;2021-06-20;0;0;8053;4698;22.8;13.3
978;2021-06-21;78;152;8131;4850;23.0;13.7
978;2021-06-22;70;103;8201;4953;23.2;14.0
978;2021-06-23;68;115;8269;5068;23.4;14.3
978;2021-06-24;43;75;8312;5143;23.5;14.6
978;2021-06-25;63;100;8375;5243;23.7;14.8
978;2021-06-26;35;61;8410;5304;23.8;15.0
978;2021-06-27;0;0;8410;5304;23.8;15.0
978;2021-06-28;70;127;8480;5431;24.0;15.4
978;2021-06-29;60;105;8540;5536;24.2;15.7
978;2021-06-30;56;110;8596;5646;24.3;16.0
978;2021-07-01;41;87;8637;5733;24.4;16.2
978;2021-07-02;52;91;8689;5824;24.6;16.5
978;2021-07-03;40;90;8729;5914;24.7;16.7
978;2021-07-04;0;1;8729;5915;24.7;16.7
978;2021-07-05;66;93;8795;6008;24.9;17.0
978;2021-07-06;55;76;8850;6084;25.0;17.2
978;2021-07-07;55;123;8905;6207;25.2;17.6
978;2021-07-08;52;106;8957;6313;25.3;17.9
978;2021-07-09;45;93;9002;6406;25.5;18.1
978;2021-07-10;38;84;9040;6490;25.6;18.4
978;2021-07-11;0;4;9040;6494;25.6;18.4
978;2021-07-12;69;130;9109;6624;25.8;18.7
978;2021-07-13;146;162;9255;6786;26.2;19.2
978;2021-07-14;3;0;9258;6786;26.2;19.2
978;2021-07-15;161;194;9419;6980;26.7;19.8
978;2021-07-16;112;113;9531;7093;27.0;20.1
978;2021-07-17;50;100;9581;7193;27.1;20.4
978;2021-07-18;0;0;9581;7193;27.1;20.4
978;2021-07-19;98;134;9679;7327;27.4;20.7
978;2021-07-20;80;72;9759;7399;27.6;20.9
978;2021-07-21;61;49;9820;7448;27.8;21.1
978;2021-07-22;97;115;9917;7563;28.1;21.4
