dep;jour;n_dose1;n_complet;n_cum_dose1;n_cum_complet;couv_dose1;couv_complet
01;2020-12-27;1;0;1;0;0.0;0.0
01;2020-12-28;0;0;1;0;0.0;0.0
01;2020-12-29;0;0;1;0;0.0;0.0
01;2020-12-30;0;0;1;0;0.0;0.0
01;2020-12-31;0;0;1;0;0.0;0.0
01;2021-01-01;1;0;2;0;0.0;0.0
01;2021-01-02;0;0;2;0;0.0;0.0
01;2021-01-03;0;0;2;0;0.0;0.0
01;2021-01-04;2;0;4;0;0.0;0.0
01;2021-01-05;2;0;6;0;0.0;0.0
01;2021-01-06;1;0;7;0;0.0;0.0
01;2021-01-07;67;0;74;0;0.0;0.0
01;2021-01-08;159;0;233;0;0.0;0.0
01;2021-01-09;2;1;235;1;0.0;0.0
01;2021-01-10;0;0;235;1;0.0;0.0
01;2021-01-11;147;0;382;1;0.1;0.0
01;2021-01-12;317;2;699;3;0.1;0.0
01;2021-01-13;444;1;1143;4;0.2;0.0
01;2021-01-14;528;3;1671;7;0.3;0.0
01;2021-01-15;396;3;2067;10;0.3;0.0
01;2021-01-16;202;0;2269;10;0.3;0.0
01;2021-01-17;128;0;2397;10;0.4;0.0
01;2021-01-18;378;1;2775;11;0.4;0.0
01;2021-01-19;1039;1;3814;12;0.6;0.0
01;2021-01-20;1261;2;5075;14;0.8;0.0
01;2021-01-21;1096;4;6171;18;0.9;0.0
01;2021-01-22;645;0;6816;18;1.0;0.0
01;2021-01-23;222;0;7038;18;1.1;0.0
01;2021-01-24;71;1;7109;19;1.1;0.0
01;2021-01-25;483;1;7592;20;1.2;0.0
01;2021-01-26;740;3;8332;23;1.3;0.0
01;2021-01-27;517;5;8849;28;1.3;0.0
01;2021-01-28;681;54;9530;82;1.5;0.0
01;2021-01-29;636;101;10166;183;1.5;0.0
01;2021-01-30;235;15;10401;198;1.6;0.0
01;2021-01-31;61;0;10462;198;1.6;0.0
01;2021-02-01;449;75;10911;273;1.7;0.0
01;2021-02-02;513;184;11424;457;1.7;0.1
01;2021-02-03;373;298;11797;755;1.8;0.1
01;2021-02-04;479;418;12276;1173;1.9;0.2
01;2021-02-05;437;281;12713;1454;1.9;0.2
01;2021-02-06;260;140;12973;1594;2.0;0.2
01;2021-02-07;2;113;12975;1707;2.0;0.3
01;2021-02-08;505;406;13480;2113;2.1;0.3
01;2021-02-09;771;859;14251;2972;2.2;0.5
01;2021-02-10;948;717;15199;3689;2.3;0.6
01;2021-02-11;789;780;15988;4469;2.4;0.7
01;2021-02-12;639;552;16627;5021;2.5;0.8
01;2021-02-13;159;149;16786;5170;2.6;0.8
01;2021-02-14;0;9;16786;5179;2.6;0.8
01;2021-02-15;436;447;17222;5626;2.6;0.9
01;2021-02-16;656;413;17878;6039;2.7;0.9
01;2021-02-17;519;245;18397;6284;2.8;1.0
01;2021-02-18;589;565;18986;6849;2.9;1.0
01;2021-02-19;577;245;19563;7094;3.0;1.1
01;2021-02-20;201;154;19764;7248;3.0;1.1
01;2021-02-21;0;1;19764;7249;3.0;1.1
01;2021-02-22;427;555;20191;7804;3.1;1.2
01;2021-02-23;482;523;20673;8327;3.1;1.3
01;2021-02-24;434;464;21107;8791;3.2;1.3
01;2021-02-25;820;604;21927;9395;3.3;1.4
01;2021-02-26;870;542;22797;9937;3.5;1.5
01;2021-02-27;480;117;23277;10054;3.5;1.5
01;2021-02-28;20;3;23297;10057;3.5;1.5
01;2021-03-01;629;453;23926;10510;3.6;1.6
01;2021-03-02;962;558;24888;11068;3.8;1.7
01;2021-03-03;936;662;25824;11730;3.9;1.8
01;2021-03-04;1196;636;27020;12366;4.1;1.9
01;2021-03-05;1354;491;28374;12857;4.3;2.0
01;2021-03-06;781;96;29155;12953;4.4;2.0
01;2021-03-07;43;1;29198;12954;4.4;2.0
01;2021-03-08;668;621;29866;13575;4.5;2.1
01;2021-03-09;1333;604;31199;14179;4.7;2.2
01;2021-03-10;1160;533;32359;14712;4.9;2.2
01;2021-03-11;1679;639;34038;15351;5.2;2.3
01;2021-03-12;2003;626;36041;15977;5.5;2.4
01;2021-03-13;1499;90;37540;16067;5.7;2.4
01;2021-03-14;132;57;37672;16124;5.7;2.5
01;2021-03-15;1157;398;38829;16522;5.9;2.5
01;2021-03-16;1009;559;39838;17081;6.1;2.6
01;2021-03-17;838;341;40676;17422;6.2;2.7
01;2021-03-18;1288;459;41964;17881;6.4;2.7
01;2021-03-19;1747;529;43711;18410;6.7;2.8
01;2021-03-20;1445;128;45156;18538;6.9;2.8
01;2021-03-21;97;10;45253;18548;6.9;2.8
01;2021-03-22;1574;488;46827;19036;7.1;2.9
01;2021-03-23;2196;644;49023;19680;7.5;3.0
01;2021-03-24;1615;405;50638;20085;7.7;3.1
01;2021-03-25;2907;609;53545;20694;8.2;3.1
01;2021-03-26;2867;605;56412;21299;8.6;3.2
01;2021-03-27;1308;152;57720;21451;8.8;3.3
01;2021-03-28;21;1;57741;21452;8.8;3.3
01;2021-03-29;1930;541;59671;21993;9.1;3.3
01;2021-03-30;2512;752;62183;22745;9.5;3.5
01;2021-03-31;1867;621;64050;23366;9.7;3.6
01;2021-04-01;2566;842;66616;24208;10.1;3.7
01;2021-04-02;2815;705;69431;24913;10.6;3.8
01;2021-04-03;1256;128;70687;25041;10.8;3.8
01;2021-04-04;2;0;70689;25041;10.8;3.8
01;2021-04-05;1260;58;71949;25099;11.0;3.8
01;2021-04-06;2818;784;74767;25883;11.4;3.9
01;2021-04-07;2739;699;77506;26582;11.8;4.0
01;2021-04-08;3240;990;80746;27572;12.3;4.2
01;2021-04-09;3983;1325;84729;28897;12.9;4.4
01;2021-04-10;1823;297;86552;29194;13.2;4.4
01;2021-04-11;44;22;86596;29216;13.2;4.4
01;2021-04-12;2712;1219;89308;30435;13.6;4.6
01;2021-04-13;2935;1311;92243;31746;14.0;4.8
01;2021-04-14;3118;1076;95361;32822;14.5;5.0
01;2021-04-15;3074;1470;98435;34292;15.0;5.2
01;2021-04-16;2859;1569;101294;35861;15.4;5.5
01;2021-04-17;1653;679;102947;36540;15.7;5.6
01;2021-04-18;13;0;102960;36540;15.7;5.6
01;2021-04-19;2038;1513;104998;38053;16.0;5.8
01;2021-04-20;2661;1567;107659;39620;16.4;6.0
01;2021-04-21;2686;1337;110345;40957;16.8;6.2
01;2021-04-22;2835;1526;113180;42483;17.2;6.5
01;2021-04-23;2762;1526;115942;44009;17.6;6.7
01;2021-04-24;1447;648;117389;44657;17.9;6.8
01;2021-04-25;9;0;117398;44657;17.9;6.8
01;2021-04-26;1970;1721;119368;46378;18.2;7.1
01;2021-04-27;2573;1547;121941;47925;18.6;7.3
01;2021-04-28;2498;1570;124439;49495;18.9;7.5
01;2021-04-29;2717;1768;127156;51263;19.4;7.8
01;2021-04-30;2983;2242;130139;53505;19.8;8.1
01;2021-05-01;1472;858;131611;54363;20.0;8.3
01;2021-05-02;546;75;132157;54438;20.1;8.3
01;2021-05-03;2293;2476;134450;56914;20.5;8.7
01;2021-05-04;2543;2654;136993;59568;20.9;9.1
01;2021-05-05;2530;2498;139523;62066;21.2;9.4
01;2021-05-06;2994;2516;142517;64582;21.7;9.8
01;2021-05-07;3219;2779;145736;67361;22.2;10.3
01;2021-05-08;1646;922;147382;68283;22.4;10.4
01;2021-05-09;1023;159;148405;68442;22.6;10.4
01;2021-05-10;2500;3069;150905;71511;23.0;10.9
01;2021-05-11;3581;3058;154486;74569;23.5;11.4
01;2021-05-12;3650;2997;158136;77566;24.1;11.8
01;2021-05-13;4086;1495;162222;79061;24.7;12.0
01;2021-05-14;4271;2342;166493;81403;25.3;12.4
01;2021-05-15;3157;1432;169650;82835;25.8;12.6
01;2021-05-16;1410;150;171060;82985;26.0;12.6
01;2021-05-17;3434;2466;174494;85451;26.6;13.0
01;2021-05-18;4070;1959;178564;87410;27.2;13.3
01;2021-05-19;3971;1901;182535;89311;27.8;13.6
01;2021-05-20;4529;2013;187064;91324;28.5;13.9
01;2021-05-21;4613;2196;191677;93520;29.2;14.2
01;2021-05-22;3367;954;195044;94474;29.7;14.4
01;2021-05-23;831;82;195875;94556;29.8;14.4
01;2021-05-24;2765;498;198640;95054;30.2;14.5
01;2021-05-25;3556;2424;202196;97478;30.8;14.8
01;2021-05-26;3570;2245;205766;99723;31.3;15.2
01;2021-05-27;3850;2099;209616;101822;31.9;15.5
01;2021-05-28;3664;2637;213280;104459;32.5;15.9
01;2021-05-29;3060;1302;216340;105761;32.9;16.1
01;2021-05-30;613;88;216953;105849;33.0;16.1
01;2021-05-31;2404;2516;219357;108365;33.4;16.5
01;2021-06-01;2767;2586;222124;110951;33.8;16.9
01;2021-06-02;2879;2199;225003;113150;34.2;17.2
01;2021-06-03;3361;2427;228364;115577;34.8;17.6
01;2021-06-04;4502;3351;232866;118928;35.4;18.1
01;2021-06-05;3251;1722;236117;120650;35.9;18.4
01;2021-06-06;669;78;236786;120728;36.0;18.4
01;2021-06-07;3388;2872;240174;123600;36.6;18.8
01;2021-06-08;3647;2707;243821;126307;37.1;19.2
01;2021-06-09;2945;2629;246766;128936;37.6;19.6
01;2021-06-10;2760;2039;249526;130975;38.0;19.9
01;2021-06-11;3068;3367;252594;134342;38.4;20.4
01;2021-06-12;2403;2196;254997;136538;38.8;20.8
01;2021-06-13;200;479;255197;137017;38.8;20.9
01;2021-06-14;2121;3164;257318;140181;39.2;21.3
01;2021-06-15;2005;3359;259323;143540;39.5;21.8
01;2021-06-16;2179;3286;261502;146826;39.8;22.3
01;2021-06-17;1958;3169;263460;149995;40.1;22.8
01;2021-06-18;2646;4162;266106;154157;40.5;23.5
01;2021-06-19;1726;2552;267832;156709;40.8;23.9
01;2021-06-20;159;497;267991;157206;40.8;23.9
01;2021-06-21;1800;3705;269791;160911;41.1;24.5
01;2021-06-22;1548;3996;271339;164907;41.3;25.1
01;2021-06-23;1584;3755;272923;168662;41.5;25.7
01;2021-06-24;1471;3565;274394;172227;41.8;26.2
01;2021-06-25;1888;4564;276282;176791;42.1;26.9
01;2021-06-26;1210;2945;277492;179736;42.2;27.4
01;2021-06-27;170;339;277662;180075;42.3;27.4
01;2021-06-28;1382;4024;279044;184099;42.5;28.0
01;2021-06-29;1408;3850;280452;187949;42.7;28.6
01;2021-06-30;1376;4154;281828;192103;42.9;29.2
01;2021-07-01;1394;4087;283222;196190;43.1;29.9
01;2021-07-02;1590;4988;284812;201178;43.4;30.6
01;2021-07-03;859;3375;285671;204553;43.5;31.1
01;2021-07-04;104;498;285775;205051;43.5;31.2
01;2021-07-05;1481;4083;287256;209134;43.7;31.8
01;2021-07-06;1103;4278;288359;213412;43.9;32.5
01;2021-07-07;1753;3703;290112;217115;44.2;33.0
01;2021-07-08;1467;3673;291579;220788;44.4;33.6
01;2021-07-09;1882;4361;293461;225149;44.7;34.3
01;2021-07-10;1114;3440;294575;228589;44.8;34.8
01;2021-07-11;104;418;294679;229007;44.9;34.9
01;2021-07-12;1413;3844;296092;232851;45.1;35.4
01;2021-07-13;2052;4119;298144;236970;45.4;36.1
01;2021-07-14;140;180;298284;237150;45.4;36.1
01;2021-07-15;3084;4191;301368;241341;45.9;36.7
01;2021-07-16;3737;4838;305105;246179;46.4;37.5
01;2021-07-17;2186;3045;307291;249224;46.8;37.9
01;2021-07-18;286;552;307577;249776;46.8;38.0
01;2021-07-19;2906;3860;310483;253636;47.3;38.6
01;2021-07-20;3273;3684;313756;257320;47.8;39.2
01;2021-07-21;3915;3560;317671;260880;48.4;39.7
01;2021-07-22;4168;3479;321839;264359;49.0;40.2
01;2021-07-23;3913;4204;325752;268563;49.6;40.9
01;2021-07-24;2714;2708;328466;271271;50.0;41.3
01;2021-07-25;58;57;328524;271328;50.0;41.3
01;2021-07-26;3324;3240;331848;274568;50.5;41.8
01;2021-07-27;4080;2773;335928;277341;51.1;42.2
01;2021-07-28;3961;2635;339889;279976;51.7;42.6
01;2021-07-29;4669;2428;344558;282404;52.4;43.0
01;2021-07-30;4438;3423;348996;285827;53.1;43.5
01;2021-07-31;3614;1766;352610;287593;53.7;43.8
01;2021-08-01;390;69;353000;287662;53.7;43.8
01;2021-08-02;3041;2436;356041;290098;54.2;44.2
01;2021-08-03;3044;2444;359085;292542;54.7;44.5
01;2021-08-04;2531;1721;361616;294263;55.0;44.8
01;2021-08-05;2225;2349;363841;296612;55.4;45.1
01;2021-08-06;2737;3104;366578;299716;55.8;45.6
01;2021-08-07;2033;1825;368611;301541;56.1;45.9
01;2021-08-08;242;254;368853;301795;56.1;45.9
01;2021-08-09;1118;2632;369971;304427;56.3;46.3
02;2020-12-27;0;0;0;0;0.0;0.0
02;2020-12-28;0;0;0;0;0.0;0.0
02;2020-12-29;0;0;0;0;0.0;0.0
02;2020-12-30;0;0;0;0;0.0;0.0
02;2020-12-31;0;0;0;0;0.0;0.0
02;2021-01-01;0;0;0;0;0.0;0.0
02;2021-01-02;0;0;0;0;0.0;0.0
02;2021-01-03;0;0;0;0;0.0;0.0
02;2021-01-04;0;0;0;0;0.0;0.0
02;2021-01-05;0;0;0;0;0.0;0.0
02;2021-01-06;22;0;22;0;0.0;0.0
02;2021-01-07;261;1;283;1;0.1;0.0
02;2021-01-08;489;3;772;4;0.1;0.0
02;2021-01-09;74;0;846;4;0.2;0.0
02;2021-01-10;49;0;895;4;0.2;0.0
02;2021-01-11;267;0;1162;4;0.2;0.0
02;2021-01-12;355;1;1517;5;0.3;0.0
02;2021-01-13;468;4;1985;9;0.4;0.0
02;2021-01-14;651;11;2636;20;0.5;0.0
02;2021-01-15;630;7;3266;27;0.6;0.0
02;2021-01-16;333;4;3599;31;0.7;0.0
02;2021-01-17;62;0;3661;31;0.7;0.0
02;2021-01-18;810;5;4471;36;0.8;0.0
02;2021-01-19;942;5;5413;41;1.0;0.0
02;2021-01-20;1429;5;6842;46;1.3;0.0
02;2021-01-21;2598;5;9440;51;1.8;0.0
02;2021-01-22;1419;4;10859;55;2.1;0.0
02;2021-01-23;291;1;11150;56;2.1;0.0
02;2021-01-24;67;0;11217;56;2.1;0.0
02;2021-01-25;432;10;11649;66;2.2;0.0
02;2021-01-26;704;16;12353;82;2.3;0.0
02;2021-01-27;159;2;12512;84;2.4;0.0
02;2021-01-28;69;247;12581;331;2.4;0.1
02;2021-01-29;119;419;12700;750;2.4;0.1
02;2021-01-30;4;14;12704;764;2.4;0.1
02;2021-01-31;0;10;12704;774;2.4;0.1
02;2021-02-01;11;212;12715;986;2.4;0.2
02;2021-02-02;45;331;12760;1317;2.4;0.3
02;2021-02-03;124;337;12884;1654;2.4;0.3
02;2021-02-04;226;359;13110;2013;2.5;0.4
02;2021-02-05;178;418;13288;2431;2.5;0.5
02;2021-02-06;65;175;13353;2606;2.5;0.5
02;2021-02-07;9;0;13362;2606;2.5;0.5
02;2021-02-08;305;436;13667;3042;2.6;0.6
02;2021-02-09;322;682;13989;3724;2.7;0.7
02;2021-02-10;485;1046;14474;4770;2.8;0.9
02;2021-02-11;940;1908;15414;6678;2.9;1.3
02;2021-02-12;885;1121;16299;7799;3.1;1.5
02;2021-02-13;290;129;16589;7928;3.2;1.5
02;2021-02-14;1;5;16590;7933;3.2;1.5
02;2021-02-15;344;682;16934;8615;3.2;1.6
02;2021-02-16;413;569;17347;9184;3.3;1.7
02;2021-02-17;498;633;17845;9817;3.4;1.9
02;2021-02-18;507;445;18352;10262;3.5;2.0
02;2021-02-19;444;571;18796;10833;3.6;2.1
02;2021-02-20;372;233;19168;11066;3.6;2.1
02;2021-02-21;39;17;19207;11083;3.7;2.1
02;2021-02-22;377;317;19584;11400;3.7;2.2
02;2021-02-23;432;362;20016;11762;3.8;2.2
02;2021-02-24;600;146;20616;11908;3.9;2.3
02;2021-02-25;870;136;21486;12044;4.1;2.3
02;2021-02-26;808;71;22294;12115;4.2;2.3
02;2021-02-27;444;12;22738;12127;4.3;2.3
02;2021-02-28;55;2;22793;12129;4.3;2.3
02;2021-03-01;637;24;23430;12153;4.5;2.3
02;2021-03-02;1032;106;24462;12259;4.7;2.3
02;2021-03-03;752;204;25214;12463;4.8;2.4
02;2021-03-04;1160;670;26374;13133;5.0;2.5
02;2021-03-05;1048;506;27422;13639;5.2;2.6
02;2021-03-06;2138;94;29560;13733;5.6;2.6
02;2021-03-07;1504;42;31064;13775;5.9;2.6
02;2021-03-08;570;366;31634;14141;6.0;2.7
02;2021-03-09;998;400;32632;14541;6.2;2.8
02;2021-03-10;894;469;33526;15010;6.4;2.9
02;2021-03-11;1294;389;34820;15399;6.6;2.9
02;2021-03-12;1705;411;36525;15810;6.9;3.0
02;2021-03-13;2591;231;39116;16041;7.4;3.0
02;2021-03-14;1455;37;40571;16078;7.7;3.1
02;2021-03-15;612;449;41183;16527;7.8;3.1
02;2021-03-16;863;397;42046;16924;8.0;3.2
02;2021-03-17;759;450;42805;17374;8.1;3.3
02;2021-03-18;607;619;43412;17993;8.3;3.4
02;2021-03-19;1172;298;44584;18291;8.5;3.5
02;2021-03-20;2430;153;47014;18444;8.9;3.5
02;2021-03-21;1488;75;48502;18519;9.2;3.5
02;2021-03-22;761;500;49263;19019;9.4;3.6
02;2021-03-23;1194;547;50457;19566;9.6;3.7
02;2021-03-24;1581;495;52038;20061;9.9;3.8
02;2021-03-25;1693;597;53731;20658;10.2;3.9
02;2021-03-26;2411;483;56142;21141;10.7;4.0
02;2021-03-27;2495;124;58637;21265;11.1;4.0
02;2021-03-28;637;14;59274;21279;11.3;4.0
02;2021-03-29;1038;861;60312;22140;11.5;4.2
02;2021-03-30;1554;841;61866;22981;11.8;4.4
02;2021-03-31;1299;719;63165;23700;12.0;4.5
02;2021-04-01;1290;854;64455;24554;12.3;4.7
02;2021-04-02;1184;1230;65639;25784;12.5;4.9
02;2021-04-03;2647;850;68286;26634;13.0;5.1
02;2021-04-04;727;237;69013;26871;13.1;5.1
02;2021-04-05;1508;130;70521;27001;13.4;5.1
02;2021-04-06;1541;852;72062;27853;13.7;5.3
02;2021-04-07;1866;775;73928;28628;14.1;5.4
02;2021-04-08;1918;1103;75846;29731;14.4;5.7
02;2021-04-09;2433;1082;78279;30813;14.9;5.9
02;2021-04-10;2430;1204;80709;32017;15.3;6.1
02;2021-04-11;476;416;81185;32433;15.4;6.2
02;2021-04-12;1824;626;83009;33059;15.8;6.3
02;2021-04-13;1601;921;84610;33980;16.1;6.5
02;2021-04-14;2584;961;87194;34941;16.6;6.6
02;2021-04-15;2496;769;89690;35710;17.0;6.8
02;2021-04-16;2438;1123;92128;36833;17.5;7.0
02;2021-04-17;1890;2144;94018;38977;17.9;7.4
02;2021-04-18;270;814;94288;39791;17.9;7.6
02;2021-04-19;1159;633;95447;40424;18.1;7.7
02;2021-04-20;1677;760;97124;41184;18.5;7.8
02;2021-04-21;1549;986;98673;42170;18.8;8.0
02;2021-04-22;1749;701;100422;42871;19.1;8.1
02;2021-04-23;1929;1412;102351;44283;19.5;8.4
02;2021-04-24;1713;1639;104064;45922;19.8;8.7
02;2021-04-25;462;235;104526;46157;19.9;8.8
02;2021-04-26;1340;557;105866;46714;20.1;8.9
02;2021-04-27;1627;1092;107493;47806;20.4;9.1
02;2021-04-28;1593;1435;109086;49241;20.7;9.4
02;2021-04-29;1885;1175;110971;50416;21.1;9.6
02;2021-04-30;2716;1653;113687;52069;21.6;9.9
02;2021-05-01;1989;1225;115676;53294;22.0;10.1
02;2021-05-02;1983;410;117659;53704;22.4;10.2
02;2021-05-03;2223;983;119882;54687;22.8;10.4
02;2021-05-04;1525;1317;121407;56004;23.1;10.6
02;2021-05-05;2330;1837;123737;57841;23.5;11.0
02;2021-05-06;2123;1733;125860;59574;23.9;11.3
02;2021-05-07;2358;2173;128218;61747;24.4;11.7
02;2021-05-08;2920;941;131138;62688;24.9;11.9
02;2021-05-09;1822;421;132960;63109;25.3;12.0
02;2021-05-10;2374;1480;135334;64589;25.7;12.3
02;2021-05-11;2877;1572;138211;66161;26.3;12.6
02;2021-05-12;2673;1621;140884;67782;26.8;12.9
02;2021-05-13;2989;1040;143873;68822;27.3;13.1
02;2021-05-14;3380;1205;147253;70027;28.0;13.3
02;2021-05-15;4375;1084;151628;71111;28.8;13.5
02;2021-05-16;2797;209;154425;71320;29.4;13.6
02;2021-05-17;2146;660;156571;71980;29.8;13.7
02;2021-05-18;2633;970;159204;72950;30.3;13.9
02;2021-05-19;2852;989;162056;73939;30.8;14.1
02;2021-05-20;3552;1230;165608;75169;31.5;14.3
02;2021-05-21;3817;1062;169425;76231;32.2;14.5
02;2021-05-22;5848;964;175273;77195;33.3;14.7
02;2021-05-23;2659;238;177932;77433;33.8;14.7
02;2021-05-24;3542;538;181474;77971;34.5;14.8
02;2021-05-25;2259;1159;183733;79130;34.9;15.0
02;2021-05-26;3081;1495;186814;80625;35.5;15.3
02;2021-05-27;3651;1486;190465;82111;36.2;15.6
02;2021-05-28;3514;1582;193979;83693;36.9;15.9
02;2021-05-29;4081;1573;198060;85266;37.7;16.2
02;2021-05-30;1449;186;199509;85452;37.9;16.2
02;2021-05-31;2578;1194;202087;86646;38.4;16.5
02;2021-06-01;2866;1870;204953;88516;39.0;16.8
02;2021-06-02;3162;1646;208115;90162;39.6;17.1
02;2021-06-03;2856;1835;210971;91997;40.1;17.5
02;2021-06-04;3141;2058;214112;94055;40.7;17.9
02;2021-06-05;3438;1728;217550;95783;41.4;18.2
02;2021-06-06;1735;258;219285;96041;41.7;18.3
02;2021-06-07;1613;1500;220898;97541;42.0;18.5
02;2021-06-08;2062;1845;222960;99386;42.4;18.9
02;2021-06-09;2055;1650;225015;101036;42.8;19.2
02;2021-06-10;2010;1832;227025;102868;43.2;19.6
02;2021-06-11;2196;3071;229221;105939;43.6;20.1
02;2021-06-12;2312;2591;231533;108530;44.0;20.6
02;2021-06-13;683;1386;232216;109916;44.1;20.9
02;2021-06-14;1048;2393;233264;112309;44.3;21.3
02;2021-06-15;1518;2462;234782;114771;44.6;21.8
02;2021-06-16;1533;2747;236315;117518;44.9;22.3
02;2021-06-17;1780;2856;238095;120374;45.3;22.9
02;2021-06-18;2311;3566;240406;123940;45.7;23.6
02;2021-06-19;1840;3819;242246;127759;46.0;24.3
02;2021-06-20;644;1522;242890;129281;46.2;24.6
02;2021-06-21;806;3195;243696;132476;46.3;25.2
02;2021-06-22;1153;3668;244849;136144;46.5;25.9
02;2021-06-23;1224;3589;246073;139733;46.8;26.6
02;2021-06-24;1325;3150;247398;142883;47.0;27.2
02;2021-06-25;1395;4547;248793;147430;47.3;28.0
02;2021-06-26;1348;4226;250141;151656;47.6;28.8
02;2021-06-27;600;2333;250741;153989;47.7;29.3
02;2021-06-28;876;3021;251617;157010;47.8;29.8
02;2021-06-29;910;2925;252527;159935;48.0;30.4
02;2021-06-30;1462;3162;253989;163097;48.3;31.0
02;2021-07-01;1191;3587;255180;166684;48.5;31.7
02;2021-07-02;1357;5138;256537;171822;48.8;32.7
02;2021-07-03;994;5983;257531;177805;49.0;33.8
02;2021-07-04;508;2368;258039;180173;49.1;34.3
02;2021-07-05;658;3942;258697;184115;49.2;35.0
02;2021-07-06;669;3047;259366;187162;49.3;35.6
02;2021-07-07;1317;3728;260683;190890;49.6;36.3
02;2021-07-08;1391;3876;262074;194766;49.8;37.0
02;2021-07-09;1278;4216;263352;198982;50.1;37.8
02;2021-07-10;1329;4612;264681;203594;50.3;38.7
02;2021-07-11;479;1966;265160;205560;50.4;39.1
02;2021-07-12;1409;3728;266569;209288;50.7;39.8
02;2021-07-13;2063;3660;268632;212948;51.1;40.5
02;2021-07-14;1754;1596;270386;214544;51.4;40.8
02;2021-07-15;2716;3552;273102;218096;51.9;41.5
02;2021-07-16;3149;4221;276251;222317;52.5;42.3
02;2021-07-17;3555;4219;279806;226536;53.2;43.1
02;2021-07-18;2038;1613;281844;228149;53.6;43.4
02;2021-07-19;3430;3029;285274;231178;54.2;43.9
02;2021-07-20;3487;3296;288761;234474;54.9;44.6
02;2021-07-21;3898;2938;292659;237412;55.6;45.1
02;2021-07-22;3304;2807;295963;240219;56.3;45.7
02;2021-07-23;3171;3553;299134;243772;56.9;46.3
02;2021-07-24;4432;3712;303566;247484;57.7;47.0
02;2021-07-25;2180;1081;305746;248565;58.1;47.3
02;2021-07-26;3864;2235;309610;250800;58.9;47.7
02;2021-07-27;3624;2143;313234;252943;59.5;48.1
02;2021-07-28;3270;2091;316504;255034;60.2;48.5
02;2021-07-29;2567;2211;319071;257245;60.7;48.9
02;2021-07-30;3300;2301;322371;259546;61.3;49.3
02;2021-07-31;4164;2262;326535;261808;62.1;49.8
02;2021-08-01;1463;687;327998;262495;62.4;49.9
02;2021-08-02;2032;1597;330030;264092;62.7;50.2
02;2021-08-03;2519;1898;332549;265990;63.2;50.6
02;2021-08-04;2546;1690;335095;267680;63.7;50.9
02;2021-08-05;1831;2262;336926;269942;64.0;51.3
02;2021-08-06;2081;2735;339007;272677;64.4;51.8
02;2021-08-07;2502;2758;341509;275435;64.9;52.4
02;2021-08-08;1008;1564;342517;276999;65.1;52.7
02;2021-08-09;1788;2723;344305;279722;65.5;53.2
03;2020-12-27;0;0;0;0;0.0;0.0
03;2020-12-28;0;0;0;0;0.0;0.0
03;2020-12-29;0;0;0;0;0.0;0.0
03;2020-12-30;0;0;0;0;0.0;0.0
03;2020-12-31;0;0;0;0;0.0;0.0
03;2021-01-01;0;0;0;0;0.0;0.0
03;2021-01-02;0;0;0;0;0.0;0.0
03;2021-01-03;0;0;0;0;0.0;0.0
03;2021-01-04;0;0;0;0;0.0;0.0
03;2021-01-05;0;0;0;0;0.0;0.0
03;2021-01-06;10;0;10;0;0.0;0.0
03;2021-01-07;61;0;71;0;0.0;0.0
03;2021-01-08;146;1;217;1;0.1;0.0
03;2021-01-09;122;0;339;1;0.1;0.0
03;2021-01-10;6;0;345;1;0.1;0.0
03;2021-01-11;412;1;757;2;0.2;0.0
03;2021-01-12;631;0;1388;2;0.4;0.0
03;2021-01-13;669;2;2057;4;0.6;0.0
03;2021-01-14;860;5;2917;9;0.9;0.0
03;2021-01-15;388;3;3305;12;1.0;0.0
03;2021-01-16;278;0;3583;12;1.1;0.0
03;2021-01-17;42;0;3625;12;1.1;0.0
03;2021-01-18;879;0;4504;12;1.4;0.0
03;2021-01-19;1149;1;5653;13;1.7;0.0
03;2021-01-20;1290;4;6943;17;2.1;0.0
03;2021-01-21;1199;5;8142;22;2.5;0.0
03;2021-01-22;1116;4;9258;26;2.8;0.0
03;2021-01-23;466;0;9724;26;2.9;0.0
03;2021-01-24;0;0;9724;26;2.9;0.0
03;2021-01-25;187;0;9911;26;3.0;0.0
03;2021-01-26;678;14;10589;40;3.2;0.0
03;2021-01-27;695;11;11284;51;3.4;0.0
03;2021-01-28;1018;45;12302;96;3.7;0.0
03;2021-01-29;856;81;13158;177;4.0;0.1
03;2021-01-30;600;2;13758;179;4.2;0.1
03;2021-01-31;0;0;13758;179;4.2;0.1
03;2021-02-01;160;76;13918;255;4.2;0.1
03;2021-02-02;767;269;14685;524;4.4;0.2
03;2021-02-03;1055;493;15740;1017;4.8;0.3
03;2021-02-04;1547;631;17287;1648;5.2;0.5
03;2021-02-05;946;317;18233;1965;5.5;0.6
03;2021-02-06;152;13;18385;1978;5.5;0.6
03;2021-02-07;5;0;18390;1978;5.6;0.6
03;2021-02-08;128;56;18518;2034;5.6;0.6
03;2021-02-09;612;444;19130;2478;5.8;0.7
03;2021-02-10;485;344;19615;2822;5.9;0.9
03;2021-02-11;1025;580;20640;3402;6.2;1.0
03;2021-02-12;1075;549;21715;3951;6.6;1.2
03;2021-02-13;126;168;21841;4119;6.6;1.2
03;2021-02-14;0;1;21841;4120;6.6;1.2
03;2021-02-15;308;862;22149;4982;6.7;1.5
03;2021-02-16;547;1172;22696;6154;6.9;1.9
03;2021-02-17;454;1363;23150;7517;7.0;2.3
03;2021-02-18;367;1273;23517;8790;7.1;2.7
03;2021-02-19;496;799;24013;9589;7.2;2.9
03;2021-02-20;128;184;24141;9773;7.3;2.9
03;2021-02-21;2;1;24143;9774;7.3;3.0
03;2021-02-22;159;205;24302;9979;7.3;3.0
03;2021-02-23;721;951;25023;10930;7.6;3.3
03;2021-02-24;609;1020;25632;11950;7.7;3.6
03;2021-02-25;1089;1835;26721;13785;8.1;4.2
03;2021-02-26;820;1375;27541;15160;8.3;4.6
03;2021-02-27;96;258;27637;15418;8.3;4.7
03;2021-02-28;0;15;27637;15433;8.3;4.7
03;2021-03-01;178;240;27815;15673;8.4;4.7
03;2021-03-02;819;663;28634;16336;8.6;4.9
03;2021-03-03;893;448;29527;16784;8.9;5.1
03;2021-03-04;1529;586;31056;17370;9.4;5.2
03;2021-03-05;1120;724;32176;18094;9.7;5.5
03;2021-03-06;915;112;33091;18206;10.0;5.5
03;2021-03-07;2;0;33093;18206;10.0;5.5
03;2021-03-08;239;245;33332;18451;10.1;5.6
03;2021-03-09;1016;436;34348;18887;10.4;5.7
03;2021-03-10;941;549;35289;19436;10.7;5.9
03;2021-03-11;1676;648;36965;20084;11.2;6.1
03;2021-03-12;1302;865;38267;20949;11.6;6.3
03;2021-03-13;861;108;39128;21057;11.8;6.4
03;2021-03-14;2;9;39130;21066;11.8;6.4
03;2021-03-15;249;200;39379;21266;11.9;6.4
03;2021-03-16;650;402;40029;21668;12.1;6.5
03;2021-03-17;1300;444;41329;22112;12.5;6.7
03;2021-03-18;1719;391;43048;22503;13.0;6.8
03;2021-03-19;1729;358;44777;22861;13.5;6.9
03;2021-03-20;301;24;45078;22885;13.6;6.9
03;2021-03-21;0;0;45078;22885;13.6;6.9
03;2021-03-22;222;396;45300;23281;13.7;7.0
03;2021-03-23;1354;353;46654;23634;14.1;7.1
03;2021-03-24;1822;349;48476;23983;14.6;7.2
03;2021-03-25;2366;561;50842;24544;15.3;7.4
03;2021-03-26;2235;441;53077;24985;16.0;7.5
03;2021-03-27;817;20;53894;25005;16.3;7.5
03;2021-03-28;1;39;53895;25044;16.3;7.6
03;2021-03-29;658;176;54553;25220;16.5;7.6
03;2021-03-30;1908;448;56461;25668;17.0;7.7
03;2021-03-31;1013;985;57474;26653;17.3;8.0
03;2021-04-01;1332;1091;58806;27744;17.7;8.4
03;2021-04-02;1707;613;60513;28357;18.3;8.6
03;2021-04-03;366;96;60879;28453;18.4;8.6
03;2021-04-04;2;0;60881;28453;18.4;8.6
03;2021-04-05;18;14;60899;28467;18.4;8.6
03;2021-04-06;1072;410;61971;28877;18.7;8.7
03;2021-04-07;1562;513;63533;29390;19.2;8.9
03;2021-04-08;2120;479;65653;29869;19.8;9.0
03;2021-04-09;2059;1159;67712;31028;20.4;9.4
03;2021-04-10;1013;73;68725;31101;20.7;9.4
03;2021-04-11;478;9;69203;31110;20.9;9.4
03;2021-04-12;985;223;70188;31333;21.2;9.5
03;2021-04-13;1871;972;72059;32305;21.7;9.8
03;2021-04-14;2336;1210;74395;33515;22.5;10.1
03;2021-04-15;2621;1394;77016;34909;23.2;10.5
03;2021-04-16;2834;1169;79850;36078;24.1;10.9
03;2021-04-17;1082;433;80932;36511;24.4;11.0
03;2021-04-18;0;0;80932;36511;24.4;11.0
03;2021-04-19;1191;588;82123;37099;24.8;11.2
03;2021-04-20;1749;1272;83872;38371;25.3;11.6
03;2021-04-21;1122;1289;84994;39660;25.7;12.0
03;2021-04-22;1673;989;86667;40649;26.2;12.3
03;2021-04-23;2477;1257;89144;41906;26.9;12.6
03;2021-04-24;1301;913;90445;42819;27.3;12.9
03;2021-04-25;350;15;90795;42834;27.4;12.9
03;2021-04-26;1331;459;92126;43293;27.8;13.1
03;2021-04-27;1765;1515;93891;44808;28.3;13.5
03;2021-04-28;1929;1112;95820;45920;28.9;13.9
03;2021-04-29;2371;1237;98191;47157;29.6;14.2
03;2021-04-30;1932;800;100123;47957;30.2;14.5
03;2021-05-01;437;489;100560;48446;30.4;14.6
03;2021-05-02;2;1;100562;48447;30.4;14.6
03;2021-05-03;1910;770;102472;49217;30.9;14.9
03;2021-05-04;2843;1624;105315;50841;31.8;15.3
03;2021-05-05;2603;1317;107918;52158;32.6;15.7
03;2021-05-06;3095;2008;111013;54166;33.5;16.3
03;2021-05-07;4726;1784;115739;55950;34.9;16.9
03;2021-05-08;661;379;116400;56329;35.1;17.0
03;2021-05-09;49;512;116449;56841;35.1;17.2
03;2021-05-10;1891;1463;118340;58304;35.7;17.6
03;2021-05-11;3901;1831;122241;60135;36.9;18.2
03;2021-05-12;2970;1521;125211;61656;37.8;18.6
03;2021-05-13;4381;399;129592;62055;39.1;18.7
03;2021-05-14;3656;1692;133248;63747;40.2;19.2
03;2021-05-15;1942;490;135190;64237;40.8;19.4
03;2021-05-16;517;56;135707;64293;41.0;19.4
03;2021-05-17;1276;861;136983;65154;41.3;19.7
03;2021-05-18;3070;1499;140053;66653;42.3;20.1
03;2021-05-19;2621;964;142674;67617;43.1;20.4
03;2021-05-20;3331;1132;146005;68749;44.1;20.8
03;2021-05-21;4192;1278;150197;70027;45.3;21.1
03;2021-05-22;2012;358;152209;70385;45.9;21.2
03;2021-05-23;641;73;152850;70458;46.1;21.3
03;2021-05-24;2654;213;155504;70671;46.9;21.3
03;2021-05-25;3071;1686;158575;72357;47.9;21.8
03;2021-05-26;2338;1042;160913;73399;48.6;22.2
03;2021-05-27;2944;1123;163857;74522;49.5;22.5
03;2021-05-28;3843;2275;167700;76797;50.6;23.2
03;2021-05-29;1748;598;169448;77395;51.1;23.4
03;2021-05-30;242;23;169690;77418;51.2;23.4
03;2021-05-31;694;572;170384;77990;51.4;23.5
03;2021-06-01;2302;2342;172686;80332;52.1;24.2
03;2021-06-02;1533;1748;174219;82080;52.6;24.8
03;2021-06-03;2059;2753;176278;84833;53.2;25.6
03;2021-06-04;1699;2505;177977;87338;53.7;26.4
03;2021-06-05;1076;1141;179053;88479;54.0;26.7
03;2021-06-06;59;7;179112;88486;54.1;26.7
03;2021-06-07;784;1814;179896;90300;54.3;27.3
03;2021-06-08;1455;2550;181351;92850;54.7;28.0
03;2021-06-09;1268;1872;182619;94722;55.1;28.6
03;2021-06-10;1379;2122;183998;96844;55.5;29.2
03;2021-06-11;1502;3449;185500;100293;56.0;30.3
03;2021-06-12;831;823;186331;101116;56.2;30.5
03;2021-06-13;20;10;186351;101126;56.2;30.5
03;2021-06-14;381;2178;186732;103304;56.4;31.2
03;2021-06-15;1316;3835;188048;107139;56.8;32.3
03;2021-06-16;788;2887;188836;110026;57.0;33.2
03;2021-06-17;1083;3332;189919;113358;57.3;34.2
03;2021-06-18;1111;3976;191030;117334;57.7;35.4
03;2021-06-19;640;1616;191670;118950;57.9;35.9
03;2021-06-20;20;8;191690;118958;57.9;35.9
03;2021-06-21;458;2637;192148;121595;58.0;36.7
03;2021-06-22;1023;4002;193171;125597;58.3;37.9
03;2021-06-23;710;3283;193881;128880;58.5;38.9
03;2021-06-24;975;3863;194856;132743;58.8;40.1
03;2021-06-25;1003;3892;195859;136635;59.1;41.2
03;2021-06-26;512;2039;196371;138674;59.3;41.9
03;2021-06-27;66;486;196437;139160;59.3;42.0
03;2021-06-28;636;2098;197073;141258;59.5;42.6
03;2021-06-29;1017;3329;198090;144587;59.8;43.6
03;2021-06-30;832;3116;198922;147703;60.0;44.6
03;2021-07-01;981;2938;199903;150641;60.3;45.5
03;2021-07-02;918;4096;200821;154737;60.6;46.7
03;2021-07-03;487;1882;201308;156619;60.8;47.3
03;2021-07-04;19;332;201327;156951;60.8;47.4
03;2021-07-05;811;2377;202138;159328;61.0;48.1
03;2021-07-06;1163;3457;203301;162785;61.4;49.1
03;2021-07-07;801;2614;204102;165399;61.6;49.9
03;2021-07-08;1053;3039;205155;168438;61.9;50.8
03;2021-07-09;1446;3628;206601;172066;62.4;51.9
03;2021-07-10;489;1925;207090;173991;62.5;52.5
03;2021-07-11;59;492;207149;174483;62.5;52.7
03;2021-07-12;924;1149;208073;175632;62.8;53.0
03;2021-07-13;2518;3152;210591;178784;63.6;54.0
03;2021-07-14;194;24;210785;178808;63.6;54.0
03;2021-07-15;2562;2455;213347;181263;64.4;54.7
03;2021-07-16;2696;2270;216043;183533;65.2;55.4
03;2021-07-17;1023;1626;217066;185159;65.5;55.9
03;2021-07-18;31;6;217097;185165;65.5;55.9
03;2021-07-19;2382;1273;219479;186438;66.2;56.3
03;2021-07-20;3063;3036;222542;189474;67.2;57.2
03;2021-07-21;3200;1437;225742;190911;68.1;57.6
03;2021-07-22;2843;1875;228585;192786;69.0;58.2
03;2021-07-23;3185;1292;231770;194078;70.0;58.6
03;2021-07-24;587;578;232357;194656;70.1;58.8
03;2021-07-25;17;5;232374;194661;70.1;58.8
03;2021-07-26;2035;1578;234409;196239;70.8;59.2
03;2021-07-27;3303;2217;237712;198456;71.7;59.9
03;2021-07-28;2703;1111;240415;199567;72.6;60.2
03;2021-07-29;2484;1657;242899;201224;73.3;60.7
03;2021-07-30;2118;1443;245017;202667;74.0;61.2
03;2021-07-31;960;890;245977;203557;74.2;61.4
03;2021-08-01;13;20;245990;203577;74.2;61.4
03;2021-08-02;1661;1601;247651;205178;74.7;61.9
03;2021-08-03;2213;2775;249864;207953;75.4;62.8
03;2021-08-04;2186;871;252050;208824;76.1;63.0
03;2021-08-05;1256;1933;253306;210757;76.5;63.6
03;2021-08-06;1274;1019;254580;211776;76.8;63.9
03;2021-08-07;607;489;255187;212265;77.0;64.1
03;2021-08-08;65;28;255252;212293;77.0;64.1
03;2021-08-09;590;1299;255842;213592;77.2;64.5
04;2020-12-27;0;0;0;0;0.0;0.0
04;2020-12-28;1;0;1;0;0.0;0.0
04;2020-12-29;0;0;1;0;0.0;0.0
04;2020-12-30;0;0;1;0;0.0;0.0
04;2020-12-31;0;0;1;0;0.0;0.0
04;2021-01-01;0;0;1;0;0.0;0.0
04;2021-01-02;0;0;1;0;0.0;0.0
04;2021-01-03;0;0;1;0;0.0;0.0
04;2021-01-04;0;0;1;0;0.0;0.0
04;2021-01-05;4;0;5;0;0.0;0.0
04;2021-01-06;0;0;5;0;0.0;0.0
04;2021-01-07;61;0;66;0;0.0;0.0
04;2021-01-08;88;0;154;0;0.1;0.0
04;2021-01-09;57;0;211;0;0.1;0.0
04;2021-01-10;0;0;211;0;0.1;0.0
04;2021-01-11;76;0;287;0;0.2;0.0
04;2021-01-12;418;1;705;1;0.4;0.0
04;2021-01-13;245;1;950;2;0.6;0.0
04;2021-01-14;90;2;1040;4;0.6;0.0
04;2021-01-15;165;4;1205;8;0.7;0.0
04;2021-01-16;105;2;1310;10;0.8;0.0
04;2021-01-17;14;0;1324;10;0.8;0.0
04;2021-01-18;236;9;1560;19;0.9;0.0
04;2021-01-19;466;4;2026;23;1.2;0.0
04;2021-01-20;572;6;2598;29;1.6;0.0
04;2021-01-21;612;6;3210;35;1.9;0.0
04;2021-01-22;638;1;3848;36;2.3;0.0
04;2021-01-23;110;0;3958;36;2.4;0.0
04;2021-01-24;0;0;3958;36;2.4;0.0
04;2021-01-25;239;0;4197;36;2.5;0.0
04;2021-01-26;656;0;4853;36;2.9;0.0
04;2021-01-27;480;0;5333;36;3.2;0.0
04;2021-01-28;665;22;5998;58;3.6;0.0
04;2021-01-29;367;41;6365;99;3.9;0.1
04;2021-01-30;65;41;6430;140;3.9;0.1
04;2021-01-31;1;5;6431;145;3.9;0.1
04;2021-02-01;239;149;6670;294;4.0;0.2
04;2021-02-02;552;224;7222;518;4.4;0.3
04;2021-02-03;368;162;7590;680;4.6;0.4
04;2021-02-04;355;53;7945;733;4.8;0.4
04;2021-02-05;379;223;8324;956;5.0;0.6
04;2021-02-06;50;95;8374;1051;5.1;0.6
04;2021-02-07;2;22;8376;1073;5.1;0.6
04;2021-02-08;163;71;8539;1144;5.2;0.7
04;2021-02-09;193;144;8732;1288;5.3;0.8
04;2021-02-10;252;171;8984;1459;5.4;0.9
04;2021-02-11;364;291;9348;1750;5.7;1.1
04;2021-02-12;293;318;9641;2068;5.8;1.3
04;2021-02-13;26;94;9667;2162;5.9;1.3
04;2021-02-14;0;0;9667;2162;5.9;1.3
04;2021-02-15;31;165;9698;2327;5.9;1.4
04;2021-02-16;80;521;9778;2848;5.9;1.7
04;2021-02-17;67;434;9845;3282;6.0;2.0
04;2021-02-18;45;613;9890;3895;6.0;2.4
04;2021-02-19;52;377;9942;4272;6.0;2.6
04;2021-02-20;5;71;9947;4343;6.0;2.6
04;2021-02-21;0;0;9947;4343;6.0;2.6
04;2021-02-22;7;298;9954;4641;6.0;2.8
04;2021-02-23;19;595;9973;5236;6.0;3.2
04;2021-02-24;38;429;10011;5665;6.1;3.4
04;2021-02-25;70;378;10081;6043;6.1;3.7
04;2021-02-26;215;332;10296;6375;6.2;3.9
04;2021-02-27;179;75;10475;6450;6.3;3.9
04;2021-02-28;1;0;10476;6450;6.3;3.9
04;2021-03-01;18;74;10494;6524;6.4;3.9
04;2021-03-02;135;41;10629;6565;6.4;4.0
04;2021-03-03;375;644;11004;7209;6.7;4.4
04;2021-03-04;208;491;11212;7700;6.8;4.7
04;2021-03-05;236;359;11448;8059;6.9;4.9
04;2021-03-06;912;69;12360;8128;7.5;4.9
04;2021-03-07;498;24;12858;8152;7.8;4.9
04;2021-03-08;44;83;12902;8235;7.8;5.0
04;2021-03-09;215;257;13117;8492;7.9;5.1
04;2021-03-10;400;373;13517;8865;8.2;5.4
04;2021-03-11;495;341;14012;9206;8.5;5.6
04;2021-03-12;699;205;14711;9411;8.9;5.7
04;2021-03-13;1087;61;15798;9472;9.6;5.7
04;2021-03-14;459;3;16257;9475;9.8;5.7
04;2021-03-15;93;14;16350;9489;9.9;5.7
04;2021-03-16;74;9;16424;9498;9.9;5.7
04;2021-03-17;531;75;16955;9573;10.3;5.8
04;2021-03-18;815;23;17770;9596;10.8;5.8
04;2021-03-19;723;31;18493;9627;11.2;5.8
04;2021-03-20;159;3;18652;9630;11.3;5.8
04;2021-03-21;0;0;18652;9630;11.3;5.8
04;2021-03-22;105;12;18757;9642;11.4;5.8
04;2021-03-23;244;6;19001;9648;11.5;5.8
04;2021-03-24;1023;51;20024;9699;12.1;5.9
04;2021-03-25;1326;45;21350;9744;12.9;5.9
04;2021-03-26;1448;66;22798;9810;13.8;5.9
04;2021-03-27;264;19;23062;9829;14.0;5.9
04;2021-03-28;2;0;23064;9829;14.0;5.9
04;2021-03-29;679;12;23743;9841;14.4;6.0
04;2021-03-30;1085;147;24828;9988;15.0;6.0
04;2021-03-31;1327;102;26155;10090;15.8;6.1
04;2021-04-01;1132;123;27287;10213;16.5;6.2
04;2021-04-02;1184;110;28471;10323;17.2;6.2
04;2021-04-03;250;20;28721;10343;17.4;6.3
04;2021-04-04;1;0;28722;10343;17.4;6.3
04;2021-04-05;35;1;28757;10344;17.4;6.3
04;2021-04-06;927;143;29684;10487;18.0;6.3
04;2021-04-07;882;433;30566;10920;18.5;6.6
04;2021-04-08;926;697;31492;11617;19.1;7.0
04;2021-04-09;677;416;32169;12033;19.5;7.3
04;2021-04-10;231;192;32400;12225;19.6;7.4
04;2021-04-11;153;65;32553;12290;19.7;7.4
04;2021-04-12;594;98;33147;12388;20.1;7.5
04;2021-04-13;1190;238;34337;12626;20.8;7.6
04;2021-04-14;992;499;35329;13125;21.4;7.9
04;2021-04-15;921;667;36250;13792;21.9;8.3
04;2021-04-16;819;457;37069;14249;22.4;8.6
04;2021-04-17;211;69;37280;14318;22.6;8.7
04;2021-04-18;0;13;37280;14331;22.6;8.7
04;2021-04-19;338;290;37618;14621;22.8;8.9
04;2021-04-20;1005;444;38623;15065;23.4;9.1
04;2021-04-21;655;747;39278;15812;23.8;9.6
04;2021-04-22;759;854;40037;16666;24.2;10.1
04;2021-04-23;695;535;40732;17201;24.7;10.4
04;2021-04-24;165;65;40897;17266;24.8;10.5
04;2021-04-25;0;0;40897;17266;24.8;10.5
04;2021-04-26;172;612;41069;17878;24.9;10.8
04;2021-04-27;395;967;41464;18845;25.1;11.4
04;2021-04-28;432;1088;41896;19933;25.4;12.1
04;2021-04-29;687;1127;42583;21060;25.8;12.7
04;2021-04-30;435;849;43018;21909;26.0;13.3
04;2021-05-01;104;22;43122;21931;26.1;13.3
04;2021-05-02;8;132;43130;22063;26.1;13.4
04;2021-05-03;151;552;43281;22615;26.2;13.7
04;2021-05-04;564;838;43845;23453;26.5;14.2
04;2021-05-05;514;929;44359;24382;26.9;14.8
04;2021-05-06;1160;589;45519;24971;27.6;15.1
04;2021-05-07;658;762;46177;25733;28.0;15.6
04;2021-05-08;48;98;46225;25831;28.0;15.6
04;2021-05-09;0;0;46225;25831;28.0;15.6
04;2021-05-10;466;296;46691;26127;28.3;15.8
04;2021-05-11;1202;907;47893;27034;29.0;16.4
04;2021-05-12;1389;739;49282;27773;29.8;16.8
04;2021-05-13;378;130;49660;27903;30.1;16.9
04;2021-05-14;441;296;50101;28199;30.3;17.1
04;2021-05-15;99;163;50200;28362;30.4;17.2
04;2021-05-16;4;6;50204;28368;30.4;17.2
04;2021-05-17;155;298;50359;28666;30.5;17.4
04;2021-05-18;392;975;50751;29641;30.7;17.9
04;2021-05-19;773;688;51524;30329;31.2;18.4
04;2021-05-20;1258;553;52782;30882;32.0;18.7
04;2021-05-21;850;787;53632;31669;32.5;19.2
04;2021-05-22;105;146;53737;31815;32.5;19.3
04;2021-05-23;1;1;53738;31816;32.5;19.3
04;2021-05-24;1;36;53739;31852;32.5;19.3
04;2021-05-25;868;595;54607;32447;33.1;19.6
04;2021-05-26;1047;787;55654;33234;33.7;20.1
04;2021-05-27;1357;631;57011;33865;34.5;20.5
04;2021-05-28;1120;657;58131;34522;35.2;20.9
04;2021-05-29;89;397;58220;34919;35.2;21.1
04;2021-05-30;3;1;58223;34920;35.2;21.1
04;2021-05-31;421;418;58644;35338;35.5;21.4
04;2021-06-01;641;636;59285;35974;35.9;21.8
04;2021-06-02;870;1063;60155;37037;36.4;22.4
04;2021-06-03;1195;853;61350;37890;37.1;22.9
04;2021-06-04;977;779;62327;38669;37.7;23.4
04;2021-06-05;142;201;62469;38870;37.8;23.5
04;2021-06-06;6;13;62475;38883;37.8;23.5
04;2021-06-07;564;318;63039;39201;38.2;23.7
04;2021-06-08;843;597;63882;39798;38.7;24.1
04;2021-06-09;1149;687;65031;40485;39.4;24.5
04;2021-06-10;1146;584;66177;41069;40.1;24.9
04;2021-06-11;945;611;67122;41680;40.6;25.2
04;2021-06-12;211;148;67333;41828;40.8;25.3
04;2021-06-13;1;1;67334;41829;40.8;25.3
04;2021-06-14;478;304;67812;42133;41.0;25.5
04;2021-06-15;642;1000;68454;43133;41.4;26.1
04;2021-06-16;1021;784;69475;43917;42.1;26.6
04;2021-06-17;1000;960;70475;44877;42.7;27.2
04;2021-06-18;765;885;71240;45762;43.1;27.7
04;2021-06-19;39;85;71279;45847;43.1;27.8
04;2021-06-20;7;9;71286;45856;43.2;27.8
04;2021-06-21;306;613;71592;46469;43.3;28.1
04;2021-06-22;361;1307;71953;47776;43.6;28.9
04;2021-06-23;474;1313;72427;49089;43.8;29.7
04;2021-06-24;850;818;73277;49907;44.4;30.2
04;2021-06-25;461;637;73738;50544;44.6;30.6
04;2021-06-26;56;129;73794;50673;44.7;30.7
04;2021-06-27;4;4;73798;50677;44.7;30.7
04;2021-06-28;159;340;73957;51017;44.8;30.9
04;2021-06-29;370;834;74327;51851;45.0;31.4
04;2021-06-30;541;1122;74868;52973;45.3;32.1
04;2021-07-01;576;1214;75444;54187;45.7;32.8
04;2021-07-02;556;1087;76000;55274;46.0;33.5
04;2021-07-03;65;162;76065;55436;46.0;33.6
04;2021-07-04;6;6;76071;55442;46.0;33.6
04;2021-07-05;105;295;76176;55737;46.1;33.7
04;2021-07-06;505;1383;76681;57120;46.4;34.6
04;2021-07-07;488;1343;77169;58463;46.7;35.4
04;2021-07-08;724;1355;77893;59818;47.2;36.2
04;2021-07-09;581;1063;78474;60881;47.5;36.9
04;2021-07-10;92;176;78566;61057;47.6;37.0
04;2021-07-11;0;21;78566;61078;47.6;37.0
04;2021-07-12;126;654;78692;61732;47.6;37.4
04;2021-07-13;877;1543;79569;63275;48.2;38.3
04;2021-07-14;24;43;79593;63318;48.2;38.3
04;2021-07-15;1214;1731;80807;65049;48.9;39.4
04;2021-07-16;1077;1114;81884;66163;49.6;40.1
04;2021-07-17;444;232;82328;66395;49.8;40.2
04;2021-07-18;112;18;82440;66413;49.9;40.2
04;2021-07-19;483;654;82923;67067;50.2;40.6
04;2021-07-20;1308;1455;84231;68522;51.0;41.5
04;2021-07-21;1119;1165;85350;69687;51.7;42.2
04;2021-07-22;1495;1364;86845;71051;52.6;43.0
04;2021-07-23;1149;1140;87994;72191;53.3;43.7
04;2021-07-24;681;213;88675;72404;53.7;43.8
04;2021-07-25;42;20;88717;72424;53.7;43.8
04;2021-07-26;439;638;89156;73062;54.0;44.2
04;2021-07-27;1360;1044;90516;74106;54.8;44.9
04;2021-07-28;1068;1036;91584;75142;55.4;45.5
04;2021-07-29;1547;1299;93131;76441;56.4;46.3
04;2021-07-30;1244;919;94375;77360;57.1;46.8
04;2021-07-31;251;175;94626;77535;57.3;46.9
04;2021-08-01;48;18;94674;77553;57.3;46.9
04;2021-08-02;133;109;94807;77662;57.4;47.0
04;2021-08-03;1337;1109;96144;78771;58.2;47.7
04;2021-08-04;1170;857;97314;79628;58.9;48.2
04;2021-08-05;1187;735;98501;80363;59.6;48.6
04;2021-08-06;515;394;99016;80757;59.9;48.9
04;2021-08-07;158;162;99174;80919;60.0;49.0
04;2021-08-08;24;12;99198;80931;60.0;49.0
04;2021-08-09;103;119;99301;81050;60.1;49.1
05;2020-12-27;0;0;0;0;0.0;0.0
05;2020-12-28;1;0;1;0;0.0;0.0
05;2020-12-29;1;0;2;0;0.0;0.0
05;2020-12-30;0;0;2;0;0.0;0.0
05;2020-12-31;0;0;2;0;0.0;0.0
05;2021-01-01;2;0;4;0;0.0;0.0
05;2021-01-02;2;0;6;0;0.0;0.0
05;2021-01-03;1;0;7;0;0.0;0.0
05;2021-01-04;2;0;9;0;0.0;0.0
05;2021-01-05;0;0;9;0;0.0;0.0
05;2021-01-06;21;0;30;0;0.0;0.0
05;2021-01-07;128;0;158;0;0.1;0.0
05;2021-01-08;146;0;304;0;0.2;0.0
05;2021-01-09;11;0;315;0;0.2;0.0
05;2021-01-10;0;0;315;0;0.2;0.0
05;2021-01-11;44;0;359;0;0.3;0.0
05;2021-01-12;105;0;464;0;0.3;0.0
05;2021-01-13;140;0;604;0;0.4;0.0
05;2021-01-14;167;0;771;0;0.5;0.0
05;2021-01-15;128;1;899;1;0.6;0.0
05;2021-01-16;13;0;912;1;0.6;0.0
05;2021-01-17;0;0;912;1;0.6;0.0
05;2021-01-18;225;1;1137;2;0.8;0.0
05;2021-01-19;227;0;1364;2;1.0;0.0
05;2021-01-20;213;0;1577;2;1.1;0.0
05;2021-01-21;255;0;1832;2;1.3;0.0
05;2021-01-22;194;1;2026;3;1.4;0.0
05;2021-01-23;112;0;2138;3;1.5;0.0
05;2021-01-24;0;0;2138;3;1.5;0.0
05;2021-01-25;315;0;2453;3;1.7;0.0
05;2021-01-26;485;0;2938;3;2.1;0.0
05;2021-01-27;389;4;3327;7;2.3;0.0
05;2021-01-28;363;55;3690;62;2.6;0.0
05;2021-01-29;363;113;4053;175;2.9;0.1
05;2021-01-30;97;9;4150;184;2.9;0.1
05;2021-01-31;4;0;4154;184;2.9;0.1
05;2021-02-01;176;21;4330;205;3.1;0.1
05;2021-02-02;186;121;4516;326;3.2;0.2
05;2021-02-03;207;65;4723;391;3.3;0.3
05;2021-02-04;197;127;4920;518;3.5;0.4
05;2021-02-05;183;111;5103;629;3.6;0.4
05;2021-02-06;75;24;5178;653;3.7;0.5
05;2021-02-07;0;5;5178;658;3.7;0.5
05;2021-02-08;84;125;5262;783;3.7;0.6
05;2021-02-09;97;118;5359;901;3.8;0.6
05;2021-02-10;81;178;5440;1079;3.8;0.8
05;2021-02-11;87;138;5527;1217;3.9;0.9
05;2021-02-12;84;150;5611;1367;4.0;1.0
05;2021-02-13;75;32;5686;1399;4.0;1.0
05;2021-02-14;0;0;5686;1399;4.0;1.0
05;2021-02-15;97;191;5783;1590;4.1;1.1
05;2021-02-16;111;286;5894;1876;4.2;1.3
05;2021-02-17;136;231;6030;2107;4.3;1.5
05;2021-02-18;154;300;6184;2407;4.4;1.7
05;2021-02-19;158;323;6342;2730;4.5;1.9
05;2021-02-20;31;87;6373;2817;4.5;2.0
05;2021-02-21;0;0;6373;2817;4.5;2.0
05;2021-02-22;70;245;6443;3062;4.5;2.2
05;2021-02-23;18;239;6461;3301;4.6;2.3
05;2021-02-24;21;196;6482;3497;4.6;2.5
05;2021-02-25;56;177;6538;3674;4.6;2.6
05;2021-02-26;145;213;6683;3887;4.7;2.7
05;2021-02-27;65;171;6748;4058;4.8;2.9
05;2021-02-28;11;0;6759;4058;4.8;2.9
05;2021-03-01;92;170;6851;4228;4.8;3.0
05;2021-03-02;92;198;6943;4426;4.9;3.1
05;2021-03-03;111;232;7054;4658;5.0;3.3
05;2021-03-04;242;166;7296;4824;5.1;3.4
05;2021-03-05;578;192;7874;5016;5.6;3.5
05;2021-03-06;668;58;8542;5074;6.0;3.6
05;2021-03-07;515;19;9057;5093;6.4;3.6
05;2021-03-08;556;136;9613;5229;6.8;3.7
05;2021-03-09;518;160;10131;5389;7.1;3.8
05;2021-03-10;497;142;10628;5531;7.5;3.9
05;2021-03-11;374;137;11002;5668;7.8;4.0
05;2021-03-12;435;90;11437;5758;8.1;4.1
05;2021-03-13;794;89;12231;5847;8.6;4.1
05;2021-03-14;668;8;12899;5855;9.1;4.1
05;2021-03-15;353;124;13252;5979;9.3;4.2
05;2021-03-16;148;140;13400;6119;9.5;4.3
05;2021-03-17;262;120;13662;6239;9.6;4.4
05;2021-03-18;364;35;14026;6274;9.9;4.4
05;2021-03-19;450;59;14476;6333;10.2;4.5
05;2021-03-20;167;31;14643;6364;10.3;4.5
05;2021-03-21;1;0;14644;6364;10.3;4.5
05;2021-03-22;716;30;15360;6394;10.8;4.5
05;2021-03-23;804;12;16164;6406;11.4;4.5
05;2021-03-24;788;74;16952;6480;12.0;4.6
05;2021-03-25;901;58;17853;6538;12.6;4.6
05;2021-03-26;1023;42;18876;6580;13.3;4.6
05;2021-03-27;466;34;19342;6614;13.6;4.7
05;2021-03-28;10;0;19352;6614;13.7;4.7
05;2021-03-29;905;62;20257;6676;14.3;4.7
05;2021-03-30;1140;70;21397;6746;15.1;4.8
05;2021-03-31;823;253;22220;6999;15.7;4.9
05;2021-04-01;899;237;23119;7236;16.3;5.1
05;2021-04-02;665;377;23784;7613;16.8;5.4
05;2021-04-03;550;183;24334;7796;17.2;5.5
05;2021-04-04;350;63;24684;7859;17.4;5.5
05;2021-04-05;158;11;24842;7870;17.5;5.6
05;2021-04-06;646;270;25488;8140;18.0;5.7
05;2021-04-07;773;324;26261;8464;18.5;6.0
05;2021-04-08;735;335;26996;8799;19.0;6.2
05;2021-04-09;884;400;27880;9199;19.7;6.5
05;2021-04-10;712;385;28592;9584;20.2;6.8
05;2021-04-11;190;174;28782;9758;20.3;6.9
05;2021-04-12;732;258;29514;10016;20.8;7.1
05;2021-04-13;921;228;30435;10244;21.5;7.2
05;2021-04-14;665;326;31100;10570;21.9;7.5
05;2021-04-15;767;397;31867;10967;22.5;7.7
05;2021-04-16;730;411;32597;11378;23.0;8.0
05;2021-04-17;669;236;33266;11614;23.5;8.2
05;2021-04-18;305;23;33571;11637;23.7;8.2
05;2021-04-19;363;537;33934;12174;23.9;8.6
05;2021-04-20;482;630;34416;12804;24.3;9.0
05;2021-04-21;494;630;34910;13434;24.6;9.5
05;2021-04-22;385;546;35295;13980;24.9;9.9
05;2021-04-23;522;649;35817;14629;25.3;10.3
05;2021-04-24;346;383;36163;15012;25.5;10.6
05;2021-04-25;288;23;36451;15035;25.7;10.6
05;2021-04-26;365;706;36816;15741;26.0;11.1
05;2021-04-27;657;750;37473;16491;26.4;11.6
05;2021-04-28;468;719;37941;17210;26.8;12.1
05;2021-04-29;703;749;38644;17959;27.3;12.7
05;2021-04-30;508;752;39152;18711;27.6;13.2
05;2021-05-01;138;110;39290;18821;27.7;13.3
05;2021-05-02;266;115;39556;18936;27.9;13.4
05;2021-05-03;457;494;40013;19430;28.2;13.7
05;2021-05-04;384;501;40397;19931;28.5;14.1
05;2021-05-05;462;670;40859;20601;28.8;14.5
05;2021-05-06;647;718;41506;21319;29.3;15.0
05;2021-05-07;596;802;42102;22121;29.7;15.6
05;2021-05-08;481;174;42583;22295;30.0;15.7
05;2021-05-09;208;57;42791;22352;30.2;15.8
05;2021-05-10;499;694;43290;23046;30.5;16.3
05;2021-05-11;669;913;43959;23959;31.0;16.9
05;2021-05-12;647;733;44606;24692;31.5;17.4
05;2021-05-13;960;114;45566;24806;32.1;17.5
05;2021-05-14;826;491;46392;25297;32.7;17.8
05;2021-05-15;1043;354;47435;25651;33.5;18.1
05;2021-05-16;235;52;47670;25703;33.6;18.1
05;2021-05-17;484;431;48154;26134;34.0;18.4
05;2021-05-18;516;418;48670;26552;34.3;18.7
05;2021-05-19;724;457;49394;27009;34.8;19.1
05;2021-05-20;747;434;50141;27443;35.4;19.4
05;2021-05-21;705;511;50846;27954;35.9;19.7
05;2021-05-22;606;238;51452;28192;36.3;19.9
05;2021-05-23;277;59;51729;28251;36.5;19.9
05;2021-05-24;509;157;52238;28408;36.9;20.0
05;2021-05-25;515;482;52753;28890;37.2;20.4
05;2021-05-26;696;361;53449;29251;37.7;20.6
05;2021-05-27;799;571;54248;29822;38.3;21.0
05;2021-05-28;664;646;54912;30468;38.7;21.5
05;2021-05-29;566;545;55478;31013;39.1;21.9
05;2021-05-30;212;82;55690;31095;39.3;21.9
05;2021-05-31;575;496;56265;31591;39.7;22.3
05;2021-06-01;589;585;56854;32176;40.1;22.7
05;2021-06-02;685;703;57539;32879;40.6;23.2
05;2021-06-03;715;651;58254;33530;41.1;23.7
05;2021-06-04;1017;816;59271;34346;41.8;24.2
05;2021-06-05;807;505;60078;34851;42.4;24.6
05;2021-06-06;200;88;60278;34939;42.5;24.6
05;2021-06-07;605;834;60883;35773;42.9;25.2
05;2021-06-08;697;655;61580;36428;43.4;25.7
05;2021-06-09;649;783;62229;37211;43.9;26.3
05;2021-06-10;543;718;62772;37929;44.3;26.8
05;2021-06-11;763;721;63535;38650;44.8;27.3
05;2021-06-12;589;484;64124;39134;45.2;27.6
05;2021-06-13;112;91;64236;39225;45.3;27.7
05;2021-06-14;402;668;64638;39893;45.6;28.1
05;2021-06-15;543;912;65181;40805;46.0;28.8
05;2021-06-16;433;671;65614;41476;46.3;29.3
05;2021-06-17;359;803;65973;42279;46.5;29.8
05;2021-06-18;396;724;66369;43003;46.8;30.3
05;2021-06-19;421;572;66790;43575;47.1;30.7
05;2021-06-20;62;77;66852;43652;47.2;30.8
05;2021-06-21;319;642;67171;44294;47.4;31.2
05;2021-06-22;356;829;67527;45123;47.6;31.8
05;2021-06-23;354;762;67881;45885;47.9;32.4
05;2021-06-24;388;1019;68269;46904;48.2;33.1
05;2021-06-25;227;894;68496;47798;48.3;33.7
05;2021-06-26;291;1074;68787;48872;48.5;34.5
05;2021-06-27;128;170;68915;49042;48.6;34.6
05;2021-06-28;253;792;69168;49834;48.8;35.2
05;2021-06-29;250;785;69418;50619;49.0;35.7
05;2021-06-30;327;788;69745;51407;49.2;36.3
05;2021-07-01;382;791;70127;52198;49.5;36.8
05;2021-07-02;370;870;70497;53068;49.7;37.4
05;2021-07-03;302;740;70799;53808;49.9;38.0
05;2021-07-04;178;176;70977;53984;50.1;38.1
05;2021-07-05;264;781;71241;54765;50.3;38.6
05;2021-07-06;334;859;71575;55624;50.5;39.2
05;2021-07-07;397;782;71972;56406;50.8;39.8
05;2021-07-08;431;850;72403;57256;51.1;40.4
05;2021-07-09;422;996;72825;58252;51.4;41.1
05;2021-07-10;314;729;73139;58981;51.6;41.6
05;2021-07-11;174;119;73313;59100;51.7;41.7
05;2021-07-12;413;1013;73726;60113;52.0;42.4
05;2021-07-13;481;873;74207;60986;52.3;43.0
05;2021-07-14;839;299;75046;61285;52.9;43.2
05;2021-07-15;708;993;75754;62278;53.4;43.9
05;2021-07-16;1022;1450;76776;63728;54.2;45.0
05;2021-07-17;671;1301;77447;65029;54.6;45.9
05;2021-07-18;284;128;77731;65157;54.8;46.0
05;2021-07-19;569;794;78300;65951;55.2;46.5
05;2021-07-20;752;802;79052;66753;55.8;47.1
05;2021-07-21;878;843;79930;67596;56.4;47.7
05;2021-07-22;807;868;80737;68464;57.0;48.3
05;2021-07-23;1442;1232;82179;69696;58.0;49.2
05;2021-07-24;855;832;83034;70528;58.6;49.8
05;2021-07-25;305;159;83339;70687;58.8;49.9
05;2021-07-26;771;558;84110;71245;59.3;50.3
05;2021-07-27;1253;746;85363;71991;60.2;50.8
05;2021-07-28;1513;712;86876;72703;61.3;51.3
05;2021-07-29;1344;718;88220;73421;62.2;51.8
05;2021-07-30;956;593;89176;74014;62.9;52.2
05;2021-07-31;779;518;89955;74532;63.5;52.6
05;2021-08-01;192;177;90147;74709;63.6;52.7
05;2021-08-02;827;542;90974;75251;64.2;53.1
05;2021-08-03;825;603;91799;75854;64.8;53.5
05;2021-08-04;986;753;92785;76607;65.5;54.0
05;2021-08-05;977;715;93762;77322;66.1;54.5
05;2021-08-06;859;790;94621;78112;66.7;55.1
05;2021-08-07;614;638;95235;78750;67.2;55.6
05;2021-08-08;196;265;95431;79015;67.3;55.7
05;2021-08-09;760;841;96191;79856;67.9;56.3
06;2020-12-27;7;0;7;0;0.0;0.0
06;2020-12-28;3;0;10;0;0.0;0.0
06;2020-12-29;3;0;13;0;0.0;0.0
06;2020-12-30;6;0;19;0;0.0;0.0
06;2020-12-31;22;0;41;0;0.0;0.0
06;2021-01-01;16;0;57;0;0.0;0.0
06;2021-01-02;4;0;61;0;0.0;0.0
06;2021-01-03;3;0;64;0;0.0;0.0
06;2021-01-04;141;1;205;1;0.0;0.0
06;2021-01-05;179;1;384;2;0.0;0.0
06;2021-01-06;218;0;602;2;0.1;0.0
06;2021-01-07;501;0;1103;2;0.1;0.0
06;2021-01-08;678;2;1781;4;0.2;0.0
06;2021-01-09;391;2;2172;6;0.2;0.0
06;2021-01-10;75;0;2247;6;0.2;0.0
06;2021-01-11;1133;0;3380;6;0.3;0.0
06;2021-01-12;2212;4;5592;10;0.5;0.0
06;2021-01-13;1733;7;7325;17;0.7;0.0
06;2021-01-14;2087;16;9412;33;0.9;0.0
06;2021-01-15;1864;5;11276;38;1.0;0.0
06;2021-01-16;977;4;12253;42;1.1;0.0
06;2021-01-17;233;0;12486;42;1.2;0.0
06;2021-01-18;2463;7;14949;49;1.4;0.0
06;2021-01-19;2739;10;17688;59;1.6;0.0
06;2021-01-20;3331;7;21019;66;1.9;0.0
06;2021-01-21;3021;24;24040;90;2.2;0.0
06;2021-01-22;2870;14;26910;104;2.5;0.0
06;2021-01-23;1298;3;28208;107;2.6;0.0
06;2021-01-24;29;0;28237;107;2.6;0.0
06;2021-01-25;2059;15;30296;122;2.8;0.0
06;2021-01-26;3384;38;33680;160;3.1;0.0
06;2021-01-27;2551;101;36231;261;3.4;0.0
06;2021-01-28;2804;201;39035;462;3.6;0.0
06;2021-01-29;2493;311;41528;773;3.8;0.1
06;2021-01-30;666;43;42194;816;3.9;0.1
06;2021-01-31;2;0;42196;816;3.9;0.1
06;2021-02-01;1024;480;43220;1296;4.0;0.1
06;2021-02-02;1498;414;44718;1710;4.1;0.2
06;2021-02-03;330;136;45048;1846;4.2;0.2
06;2021-02-04;711;895;45759;2741;4.2;0.3
06;2021-02-05;1011;1117;46770;3858;4.3;0.4
06;2021-02-06;154;462;46924;4320;4.3;0.4
06;2021-02-07;6;49;46930;4369;4.3;0.4
06;2021-02-08;529;1089;47459;5458;4.4;0.5
06;2021-02-09;311;739;47770;6197;4.4;0.6
06;2021-02-10;370;666;48140;6863;4.5;0.6
06;2021-02-11;470;1073;48610;7936;4.5;0.7
06;2021-02-12;652;1315;49262;9251;4.6;0.9
06;2021-02-13;205;524;49467;9775;4.6;0.9
06;2021-02-14;9;2;49476;9777;4.6;0.9
06;2021-02-15;463;1282;49939;11059;4.6;1.0
06;2021-02-16;865;2013;50804;13072;4.7;1.2
06;2021-02-17;826;2154;51630;15226;4.8;1.4
06;2021-02-18;1799;2711;53429;17937;4.9;1.7
06;2021-02-19;1763;2153;55192;20090;5.1;1.9
06;2021-02-20;276;528;55468;20618;5.1;1.9
06;2021-02-21;21;55;55489;20673;5.1;1.9
06;2021-02-22;1077;1627;56566;22300;5.2;2.1
06;2021-02-23;1747;1561;58313;23861;5.4;2.2
06;2021-02-24;2106;1297;60419;25158;5.6;2.3
06;2021-02-25;3838;1715;64257;26873;6.0;2.5
06;2021-02-26;3389;1610;67646;28483;6.3;2.6
06;2021-02-27;1424;329;69070;28812;6.4;2.7
06;2021-02-28;84;24;69154;28836;6.4;2.7
06;2021-03-01;2399;818;71553;29654;6.6;2.7
06;2021-03-02;2450;988;74003;30642;6.9;2.8
06;2021-03-03;2842;566;76845;31208;7.1;2.9
06;2021-03-04;4612;613;81457;31821;7.5;2.9
06;2021-03-05;3891;1023;85348;32844;7.9;3.0
06;2021-03-06;11905;340;97253;33184;9.0;3.1
06;2021-03-07;10167;287;107420;33471;10.0;3.1
06;2021-03-08;4140;1191;111560;34662;10.3;3.2
06;2021-03-09;4957;921;116517;35583;10.8;3.3
06;2021-03-10;4681;832;121198;36415;11.2;3.4
06;2021-03-11;6709;883;127907;37298;11.8;3.5
06;2021-03-12;6848;998;134755;38296;12.5;3.5
06;2021-03-13;11199;335;145954;38631;13.5;3.6
06;2021-03-14;497;48;146451;38679;13.6;3.6
06;2021-03-15;4818;762;151269;39441;14.0;3.7
06;2021-03-16;3740;1046;155009;40487;14.4;3.8
06;2021-03-17;6196;1877;161205;42364;14.9;3.9
06;2021-03-18;5109;1817;166314;44181;15.4;4.1
06;2021-03-19;6801;2009;173115;46190;16.0;4.3
06;2021-03-20;2368;559;175483;46749;16.3;4.3
06;2021-03-21;406;23;175889;46772;16.3;4.3
06;2021-03-22;3951;689;179840;47461;16.7;4.4
06;2021-03-23;5968;1201;185808;48662;17.2;4.5
06;2021-03-24;4204;3324;190012;51986;17.6;4.8
06;2021-03-25;5837;3233;195849;55219;18.1;5.1
06;2021-03-26;6341;1987;202190;57206;18.7;5.3
06;2021-03-27;2034;366;204224;57572;18.9;5.3
06;2021-03-28;207;3;204431;57575;18.9;5.3
06;2021-03-29;3192;2086;207623;59661;19.2;5.5
06;2021-03-30;5181;2529;212804;62190;19.7;5.8
06;2021-03-31;8014;1636;220818;63826;20.5;5.9
06;2021-04-01;7622;2443;228440;66269;21.2;6.1
06;2021-04-02;7210;2693;235650;68962;21.8;6.4
06;2021-04-03;2716;1365;238366;70327;22.1;6.5
06;2021-04-04;298;548;238664;70875;22.1;6.6
06;2021-04-05;1396;690;240060;71565;22.2;6.6
06;2021-04-06;6640;3301;246700;74866;22.9;6.9
06;2021-04-07;6207;3877;252907;78743;23.4;7.3
06;2021-04-08;5723;5638;258630;84381;24.0;7.8
06;2021-04-09;9331;5818;267961;90199;24.8;8.4
06;2021-04-10;2391;2786;270352;92985;25.0;8.6
06;2021-04-11;179;57;270531;93042;25.1;8.6
06;2021-04-12;4370;3524;274901;96566;25.5;8.9
06;2021-04-13;6336;5110;281237;101676;26.1;9.4
06;2021-04-14;5452;4477;286689;106153;26.6;9.8
06;2021-04-15;5530;4374;292219;110527;27.1;10.2
06;2021-04-16;7054;5175;299273;115702;27.7;10.7
06;2021-04-17;2774;3051;302047;118753;28.0;11.0
06;2021-04-18;260;223;302307;118976;28.0;11.0
06;2021-04-19;5466;4038;307773;123014;28.5;11.4
06;2021-04-20;5634;4839;313407;127853;29.0;11.8
06;2021-04-21;8288;4118;321695;131971;29.8;12.2
06;2021-04-22;8552;4162;330247;136133;30.6;12.6
06;2021-04-23;8745;4186;338992;140319;31.4;13.0
06;2021-04-24;2336;1478;341328;141797;31.6;13.1
06;2021-04-25;119;29;341447;141826;31.6;13.1
06;2021-04-26;4135;2299;345582;144125;32.0;13.4
06;2021-04-27;4568;4006;350150;148131;32.4;13.7
06;2021-04-28;4134;4539;354284;152670;32.8;14.1
06;2021-04-29;6069;5437;360353;158107;33.4;14.6
06;2021-04-30;6751;5146;367104;163253;34.0;15.1
06;2021-05-01;4143;807;371247;164060;34.4;15.2
06;2021-05-02;490;157;371737;164217;34.4;15.2
06;2021-05-03;6879;3509;378616;167726;35.1;15.5
06;2021-05-04;5734;5363;384350;173089;35.6;16.0
06;2021-05-05;4526;3901;388876;176990;36.0;16.4
06;2021-05-06;5206;4707;394082;181697;36.5;16.8
06;2021-05-07;5643;5656;399725;187353;37.0;17.4
06;2021-05-08;4849;1301;404574;188654;37.5;17.5
06;2021-05-09;192;307;404766;188961;37.5;17.5
06;2021-05-10;4807;5035;409573;193996;37.9;18.0
06;2021-05-11;4919;5540;414492;199536;38.4;18.5
06;2021-05-12;9053;4841;423545;204377;39.2;18.9
06;2021-05-13;9239;2093;432784;206470;40.1;19.1
06;2021-05-14;10821;3295;443605;209765;41.1;19.4
06;2021-05-15;9221;2187;452826;211952;42.0;19.6
06;2021-05-16;1497;285;454323;212237;42.1;19.7
06;2021-05-17;7476;3739;461799;215976;42.8;20.0
06;2021-05-18;9705;3178;471504;219154;43.7;20.3
06;2021-05-19;7675;2955;479179;222109;44.4;20.6
06;2021-05-20;7854;3640;487033;225749;45.1;20.9
06;2021-05-21;8775;3897;495808;229646;45.9;21.3
06;2021-05-22;3022;1320;498830;230966;46.2;21.4
06;2021-05-23;129;628;498959;231594;46.2;21.5
06;2021-05-24;3178;994;502137;232588;46.5;21.5
06;2021-05-25;4759;4934;506896;237522;47.0;22.0
06;2021-05-26;5666;6603;512562;244125;47.5;22.6
06;2021-05-27;5555;6263;518117;250388;48.0;23.2
06;2021-05-28;4977;7268;523094;257656;48.5;23.9
06;2021-05-29;1631;2935;524725;260591;48.6;24.1
06;2021-05-30;256;1123;524981;261714;48.6;24.2
06;2021-05-31;4394;5098;529375;266812;49.0;24.7
06;2021-06-01;5706;7386;535081;274198;49.6;25.4
06;2021-06-02;3305;8546;538386;282744;49.9;26.2
06;2021-06-03;4523;8302;542909;291046;50.3;27.0
06;2021-06-04;5478;7731;548387;298777;50.8;27.7
06;2021-06-05;2449;3346;550836;302123;51.0;28.0
06;2021-06-06;176;236;551012;302359;51.0;28.0
06;2021-06-07;4135;5586;555147;307945;51.4;28.5
06;2021-06-08;4463;5178;559610;313123;51.8;29.0
06;2021-06-09;4084;7350;563694;320473;52.2;29.7
06;2021-06-10;4703;6848;568397;327321;52.7;30.3
06;2021-06-11;3879;8357;572276;335678;53.0;31.1
06;2021-06-12;1737;3747;574013;339425;53.2;31.4
06;2021-06-13;143;439;574156;339864;53.2;31.5
06;2021-06-14;2704;8589;576860;348453;53.4;32.3
06;2021-06-15;3234;9474;580094;357927;53.7;33.2
06;2021-06-16;3489;6993;583583;364920;54.1;33.8
06;2021-06-17;3646;7168;587229;372088;54.4;34.5
06;2021-06-18;2615;5926;589844;378014;54.6;35.0
06;2021-06-19;1296;1676;591140;379690;54.8;35.2
06;2021-06-20;207;345;591347;380035;54.8;35.2
06;2021-06-21;1703;6293;593050;386328;54.9;35.8
06;2021-06-22;2339;7363;595389;393691;55.2;36.5
06;2021-06-23;2068;6543;597457;400234;55.4;37.1
06;2021-06-24;3441;8956;600898;409190;55.7;37.9
06;2021-06-25;2286;9602;603184;418792;55.9;38.8
06;2021-06-26;892;2282;604076;421074;56.0;39.0
06;2021-06-27;377;1186;604453;422260;56.0;39.1
06;2021-06-28;2469;8127;606922;430387;56.2;39.9
06;2021-06-29;2358;7716;609280;438103;56.4;40.6
06;2021-06-30;1349;7687;610629;445790;56.6;41.3
06;2021-07-01;3317;7463;613946;453253;56.9;42.0
06;2021-07-02;3987;8216;617933;461469;57.2;42.8
06;2021-07-03;1219;4306;619152;465775;57.4;43.2
06;2021-07-04;310;299;619462;466074;57.4;43.2
06;2021-07-05;3566;5122;623028;471196;57.7;43.7
06;2021-07-06;1917;5825;624945;477021;57.9;44.2
06;2021-07-07;3390;5969;628335;482990;58.2;44.7
06;2021-07-08;3430;6299;631765;489289;58.5;45.3
06;2021-07-09;3911;6215;635676;495504;58.9;45.9
06;2021-07-10;1667;2328;637343;497832;59.0;46.1
06;2021-07-11;323;322;637666;498154;59.1;46.2
06;2021-07-12;3805;7131;641471;505285;59.4;46.8
06;2021-07-13;5759;8986;647230;514271;60.0;47.6
06;2021-07-14;959;430;648189;514701;60.1;47.7
06;2021-07-15;6372;7999;654561;522700;60.6;48.4
06;2021-07-16;7476;8983;662037;531683;61.3;49.3
06;2021-07-17;3078;5455;665115;537138;61.6;49.8
06;2021-07-18;1052;5326;666167;542464;61.7;50.3
06;2021-07-19;5774;8005;671941;550469;62.3;51.0
06;2021-07-20;7100;10215;679041;560684;62.9;51.9
06;2021-07-21;7564;8662;686605;569346;63.6;52.7
06;2021-07-22;9846;7790;696451;577136;64.5;53.5
06;2021-07-23;8897;6831;705348;583967;65.3;54.1
06;2021-07-24;3191;3207;708539;587174;65.6;54.4
06;2021-07-25;972;477;709511;587651;65.7;54.4
06;2021-07-26;7016;6827;716527;594478;66.4;55.1
06;2021-07-27;8689;5493;725216;599971;67.2;55.6
06;2021-07-28;7023;5349;732239;605320;67.8;56.1
06;2021-07-29;8298;5673;740537;610993;68.6;56.6
06;2021-07-30;7743;5422;748280;616415;69.3;57.1
06;2021-07-31;3475;3054;751755;619469;69.6;57.4
06;2021-08-01;713;427;752468;619896;69.7;57.4
06;2021-08-02;5667;4536;758135;624432;70.2;57.9
06;2021-08-03;6068;5393;764203;629825;70.8;58.3
06;2021-08-04;5269;3454;769472;633279;71.3;58.7
06;2021-08-05;5835;4361;775307;637640;71.8;59.1
06;2021-08-06;5455;6026;780762;643666;72.3;59.6
06;2021-08-07;2195;2433;782957;646099;72.5;59.9
06;2021-08-08;535;614;783492;646713;72.6;59.9
06;2021-08-09;3793;5904;787285;652617;72.9;60.5
07;2020-12-27;0;0;0;0;0.0;0.0
07;2020-12-28;0;0;0;0;0.0;0.0
07;2020-12-29;0;0;0;0;0.0;0.0
07;2020-12-30;0;0;0;0;0.0;0.0
07;2020-12-31;0;0;0;0;0.0;0.0
07;2021-01-01;7;0;7;0;0.0;0.0
07;2021-01-02;0;0;7;0;0.0;0.0
07;2021-01-03;0;0;7;0;0.0;0.0
07;2021-01-04;0;0;7;0;0.0;0.0
07;2021-01-05;0;0;7;0;0.0;0.0
07;2021-01-06;31;0;38;0;0.0;0.0
07;2021-01-07;130;1;168;1;0.1;0.0
07;2021-01-08;45;1;213;2;0.1;0.0
07;2021-01-09;17;0;230;2;0.1;0.0
07;2021-01-10;0;0;230;2;0.1;0.0
07;2021-01-11;157;1;387;3;0.1;0.0
07;2021-01-12;308;0;695;3;0.2;0.0
07;2021-01-13;305;1;1000;4;0.3;0.0
07;2021-01-14;478;0;1478;4;0.5;0.0
07;2021-01-15;187;0;1665;4;0.5;0.0
07;2021-01-16;17;0;1682;4;0.5;0.0
07;2021-01-17;2;0;1684;4;0.5;0.0
07;2021-01-18;363;1;2047;5;0.6;0.0
07;2021-01-19;830;1;2877;6;0.9;0.0
07;2021-01-20;596;1;3473;7;1.1;0.0
07;2021-01-21;451;3;3924;10;1.2;0.0
07;2021-01-22;291;0;4215;10;1.3;0.0
07;2021-01-23;107;0;4322;10;1.3;0.0
07;2021-01-24;0;0;4322;10;1.3;0.0
07;2021-01-25;164;0;4486;10;1.4;0.0
07;2021-01-26;491;1;4977;11;1.5;0.0
07;2021-01-27;555;7;5532;18;1.7;0.0
07;2021-01-28;1205;100;6737;118;2.1;0.0
07;2021-01-29;707;17;7444;135;2.3;0.0
07;2021-01-30;213;4;7657;139;2.3;0.0
07;2021-01-31;7;0;7664;139;2.3;0.0
07;2021-02-01;267;32;7931;171;2.4;0.1
07;2021-02-02;664;241;8595;412;2.6;0.1
07;2021-02-03;1044;222;9639;634;2.9;0.2
07;2021-02-04;720;262;10359;896;3.2;0.3
07;2021-02-05;484;255;10843;1151;3.3;0.4
07;2021-02-06;97;2;10940;1153;3.3;0.4
07;2021-02-07;12;1;10952;1154;3.4;0.4
07;2021-02-08;239;179;11191;1333;3.4;0.4
07;2021-02-09;485;326;11676;1659;3.6;0.5
07;2021-02-10;537;396;12213;2055;3.7;0.6
07;2021-02-11;400;283;12613;2338;3.9;0.7
07;2021-02-12;268;160;12881;2498;3.9;0.8
07;2021-02-13;69;20;12950;2518;4.0;0.8
07;2021-02-14;0;0;12950;2518;4.0;0.8
07;2021-02-15;270;131;13220;2649;4.0;0.8
07;2021-02-16;346;365;13566;3014;4.2;0.9
07;2021-02-17;466;335;14032;3349;4.3;1.0
07;2021-02-18;562;767;14594;4116;4.5;1.3
07;2021-02-19;456;505;15050;4621;4.6;1.4
07;2021-02-20;108;68;15158;4689;4.6;1.4
07;2021-02-21;15;0;15173;4689;4.6;1.4
07;2021-02-22;423;216;15596;4905;4.8;1.5
07;2021-02-23;645;619;16241;5524;5.0;1.7
07;2021-02-24;927;703;17168;6227;5.3;1.9
07;2021-02-25;709;536;17877;6763;5.5;2.1
07;2021-02-26;844;294;18721;7057;5.7;2.2
07;2021-02-27;190;144;18911;7201;5.8;2.2
07;2021-02-28;1;0;18912;7201;5.8;2.2
07;2021-03-01;436;216;19348;7417;5.9;2.3
07;2021-03-02;654;565;20002;7982;6.1;2.4
07;2021-03-03;690;535;20692;8517;6.3;2.6
07;2021-03-04;1098;359;21790;8876;6.7;2.7
07;2021-03-05;1083;371;22873;9247;7.0;2.8
07;2021-03-06;1124;91;23997;9338;7.3;2.9
07;2021-03-07;718;21;24715;9359;7.6;2.9
07;2021-03-08;349;316;25064;9675;7.7;3.0
07;2021-03-09;1088;431;26152;10106;8.0;3.1
07;2021-03-10;864;514;27016;10620;8.3;3.2
07;2021-03-11;1369;464;28385;11084;8.7;3.4
07;2021-03-12;1613;564;29998;11648;9.2;3.6
07;2021-03-13;679;101;30677;11749;9.4;3.6
07;2021-03-14;4;0;30681;11749;9.4;3.6
07;2021-03-15;526;292;31207;12041;9.5;3.7
07;2021-03-16;1205;481;32412;12522;9.9;3.8
07;2021-03-17;1187;782;33599;13304;10.3;4.1
07;2021-03-18;1219;409;34818;13713;10.7;4.2
07;2021-03-19;1269;421;36087;14134;11.0;4.3
07;2021-03-20;467;106;36554;14240;11.2;4.4
07;2021-03-21;3;2;36557;14242;11.2;4.4
07;2021-03-22;790;537;37347;14779;11.4;4.5
07;2021-03-23;1514;718;38861;15497;11.9;4.7
07;2021-03-24;1273;662;40134;16159;12.3;4.9
07;2021-03-25;1853;512;41987;16671;12.8;5.1
07;2021-03-26;1834;433;43821;17104;13.4;5.2
07;2021-03-27;384;100;44205;17204;13.5;5.3
07;2021-03-28;6;1;44211;17205;13.5;5.3
07;2021-03-29;785;354;44996;17559;13.8;5.4
07;2021-03-30;1525;510;46521;18069;14.2;5.5
07;2021-03-31;1655;498;48176;18567;14.7;5.7
07;2021-04-01;1582;656;49758;19223;15.2;5.9
07;2021-04-02;1523;432;51281;19655;15.7;6.0
07;2021-04-03;229;105;51510;19760;15.8;6.0
07;2021-04-04;3;1;51513;19761;15.8;6.0
07;2021-04-05;0;66;51513;19827;15.8;6.1
07;2021-04-06;1163;755;52676;20582;16.1;6.3
07;2021-04-07;1317;892;53993;21474;16.5;6.6
07;2021-04-08;1970;1174;55963;22648;17.1;6.9
07;2021-04-09;2423;568;58386;23216;17.9;7.1
07;2021-04-10;808;156;59194;23372;18.1;7.2
07;2021-04-11;339;13;59533;23385;18.2;7.2
07;2021-04-12;1278;588;60811;23973;18.6;7.3
07;2021-04-13;1765;1331;62576;25304;19.1;7.7
07;2021-04-14;1674;982;64250;26286;19.7;8.0
07;2021-04-15;1443;842;65693;27128;20.1;8.3
07;2021-04-16;1506;900;67199;28028;20.6;8.6
07;2021-04-17;869;213;68068;28241;20.8;8.6
07;2021-04-18;700;36;68768;28277;21.0;8.7
07;2021-04-19;1161;571;69929;28848;21.4;8.8
07;2021-04-20;1439;1318;71368;30166;21.8;9.2
07;2021-04-21;1714;917;73082;31083;22.4;9.5
07;2021-04-22;1817;961;74899;32044;22.9;9.8
07;2021-04-23;1410;970;76309;33014;23.3;10.1
07;2021-04-24;960;249;77269;33263;23.6;10.2
07;2021-04-25;716;67;77985;33330;23.9;10.2
07;2021-04-26;1138;682;79123;34012;24.2;10.4
07;2021-04-27;1394;1566;80517;35578;24.6;10.9
07;2021-04-28;1634;1750;82151;37328;25.1;11.4
07;2021-04-29;1938;1532;84089;38860;25.7;11.9
07;2021-04-30;1660;1480;85749;40340;26.2;12.3
07;2021-05-01;960;113;86709;40453;26.5;12.4
07;2021-05-02;845;154;87554;40607;26.8;12.4
07;2021-05-03;1281;432;88835;41039;27.2;12.6
07;2021-05-04;2170;1558;91005;42597;27.8;13.0
07;2021-05-05;1745;1384;92750;43981;28.4;13.5
07;2021-05-06;2104;1586;94854;45567;29.0;13.9
07;2021-05-07;1593;1553;96447;47120;29.5;14.4
07;2021-05-08;1224;406;97671;47526;29.9;14.5
07;2021-05-09;1030;327;98701;47853;30.2;14.6
07;2021-05-10;1403;1174;100104;49027;30.6;15.0
07;2021-05-11;2473;1699;102577;50726;31.4;15.5
07;2021-05-12;2163;1276;104740;52002;32.0;15.9
07;2021-05-13;1711;270;106451;52272;32.6;16.0
07;2021-05-14;1732;998;108183;53270;33.1;16.3
07;2021-05-15;1627;498;109810;53768;33.6;16.4
07;2021-05-16;1442;212;111252;53980;34.0;16.5
07;2021-05-17;1772;857;113024;54837;34.6;16.8
07;2021-05-18;2294;1303;115318;56140;35.3;17.2
07;2021-05-19;2376;996;117694;57136;36.0;17.5
07;2021-05-20;2162;1310;119856;58446;36.7;17.9
07;2021-05-21;1758;1316;121614;59762;37.2;18.3
07;2021-05-22;936;544;122550;60306;37.5;18.4
07;2021-05-23;858;156;123408;60462;37.8;18.5
07;2021-05-24;1650;339;125058;60801;38.3;18.6
07;2021-05-25;2187;1479;127245;62280;38.9;19.1
07;2021-05-26;1528;1382;128773;63662;39.4;19.5
07;2021-05-27;2020;1407;130793;65069;40.0;19.9
07;2021-05-28;1769;2080;132562;67149;40.6;20.5
07;2021-05-29;943;683;133505;67832;40.8;20.8
07;2021-05-30;622;570;134127;68402;41.0;20.9
07;2021-05-31;1132;1285;135259;69687;41.4;21.3
07;2021-06-01;2155;2006;137414;71693;42.0;21.9
07;2021-06-02;1531;1654;138945;73347;42.5;22.4
07;2021-06-03;1710;1258;140655;74605;43.0;22.8
07;2021-06-04;1675;1595;142330;76200;43.5;23.3
07;2021-06-05;988;955;143318;77155;43.8;23.6
07;2021-06-06;598;623;143916;77778;44.0;23.8
07;2021-06-07;959;1195;144875;78973;44.3;24.2
07;2021-06-08;1548;1770;146423;80743;44.8;24.7
07;2021-06-09;1030;1422;147453;82165;45.1;25.1
07;2021-06-10;789;1391;148242;83556;45.4;25.6
07;2021-06-11;1154;2034;149396;85590;45.7;26.2
07;2021-06-12;643;1218;150039;86808;45.9;26.6
07;2021-06-13;394;444;150433;87252;46.0;26.7
07;2021-06-14;566;1964;150999;89216;46.2;27.3
07;2021-06-15;934;2553;151933;91769;46.5;28.1
07;2021-06-16;1021;1852;152954;93621;46.8;28.6
07;2021-06-17;885;1950;153839;95571;47.1;29.2
07;2021-06-18;873;2285;154712;97856;47.3;29.9
07;2021-06-19;606;1456;155318;99312;47.5;30.4
07;2021-06-20;369;729;155687;100041;47.6;30.6
07;2021-06-21;517;2144;156204;102185;47.8;31.3
07;2021-06-22;655;2663;156859;104848;48.0;32.1
07;2021-06-23;680;1960;157539;106808;48.2;32.7
07;2021-06-24;646;1853;158185;108661;48.4;33.2
07;2021-06-25;701;2177;158886;110838;48.6;33.9
07;2021-06-26;360;1429;159246;112267;48.7;34.3
07;2021-06-27;284;1072;159530;113339;48.8;34.7
07;2021-06-28;504;2242;160034;115581;49.0;35.4
07;2021-06-29;541;2989;160575;118570;49.1;36.3
07;2021-06-30;822;2289;161397;120859;49.4;37.0
07;2021-07-01;772;1977;162169;122836;49.6;37.6
07;2021-07-02;879;2302;163048;125138;49.9;38.3
07;2021-07-03;420;1140;163468;126278;50.0;38.6
07;2021-07-04;210;853;163678;127131;50.1;38.9
07;2021-07-05;670;1684;164348;128815;50.3;39.4
07;2021-07-06;877;2636;165225;131451;50.5;40.2
07;2021-07-07;964;1945;166189;133396;50.8;40.8
07;2021-07-08;927;1971;167116;135367;51.1;41.4
07;2021-07-09;995;2263;168111;137630;51.4;42.1
07;2021-07-10;597;1101;168708;138731;51.6;42.4
07;2021-07-11;238;614;168946;139345;51.7;42.6
07;2021-07-12;804;1769;169750;141114;51.9;43.2
07;2021-07-13;1759;3173;171509;144287;52.5;44.1
07;2021-07-14;167;133;171676;144420;52.5;44.2
07;2021-07-15;1951;2456;173627;146876;53.1;44.9
07;2021-07-16;2050;1983;175677;148859;53.7;45.5
07;2021-07-17;1480;1245;177157;150104;54.2;45.9
07;2021-07-18;770;484;177927;150588;54.4;46.1
07;2021-07-19;1514;1708;179441;152296;54.9;46.6
07;2021-07-20;2506;2666;181947;154962;55.7;47.4
07;2021-07-21;1846;1911;183793;156873;56.2;48.0
07;2021-07-22;1910;1368;185703;158241;56.8;48.4
07;2021-07-23;2251;1683;187954;159924;57.5;48.9
07;2021-07-24;1630;1101;189584;161025;58.0;49.3
07;2021-07-25;33;21;189617;161046;58.0;49.3
07;2021-07-26;2183;1540;191800;162586;58.7;49.7
07;2021-07-27;2961;1901;194761;164487;59.6;50.3
07;2021-07-28;1626;1297;196387;165784;60.1;50.7
07;2021-07-29;2523;1268;198910;167052;60.9;51.1
07;2021-07-30;1343;1414;200253;168466;61.3;51.5
07;2021-07-31;1493;920;201746;169386;61.7;51.8
07;2021-08-01;73;26;201819;169412;61.7;51.8
07;2021-08-02;1449;1127;203268;170539;62.2;52.2
07;2021-08-03;2397;1898;205665;172437;62.9;52.8
07;2021-08-04;1928;1021;207593;173458;63.5;53.1
07;2021-08-05;1870;1281;209463;174739;64.1;53.5
07;2021-08-06;2013;1695;211476;176434;64.7;54.0
07;2021-08-07;989;546;212465;176980;65.0;54.1
07;2021-08-08;7;23;212472;177003;65.0;54.2
07;2021-08-09;1175;1347;213647;178350;65.4;54.6
08;2020-12-27;1;0;1;0;0.0;0.0
08;2020-12-28;0;0;1;0;0.0;0.0
08;2020-12-29;0;0;1;0;0.0;0.0
08;2020-12-30;0;0;1;0;0.0;0.0
08;2020-12-31;0;0;1;0;0.0;0.0
08;2021-01-01;0;0;1;0;0.0;0.0
08;2021-01-02;0;0;1;0;0.0;0.0
08;2021-01-03;2;0;3;0;0.0;0.0
08;2021-01-04;24;0;27;0;0.0;0.0
08;2021-01-05;1;0;28;0;0.0;0.0
08;2021-01-06;0;0;28;0;0.0;0.0
08;2021-01-07;188;0;216;0;0.1;0.0
08;2021-01-08;314;0;530;0;0.2;0.0
08;2021-01-09;113;0;643;0;0.2;0.0
08;2021-01-10;1;0;644;0;0.2;0.0
08;2021-01-11;67;0;711;0;0.3;0.0
08;2021-01-12;156;0;867;0;0.3;0.0
08;2021-01-13;479;1;1346;1;0.5;0.0
08;2021-01-14;534;9;1880;10;0.7;0.0
08;2021-01-15;287;2;2167;12;0.8;0.0
08;2021-01-16;106;0;2273;12;0.9;0.0
08;2021-01-17;2;0;2275;12;0.9;0.0
08;2021-01-18;371;2;2646;14;1.0;0.0
08;2021-01-19;870;1;3516;15;1.3;0.0
08;2021-01-20;910;2;4426;17;1.7;0.0
08;2021-01-21;743;1;5169;18;1.9;0.0
08;2021-01-22;678;1;5847;19;2.2;0.0
08;2021-01-23;237;0;6084;19;2.3;0.0
08;2021-01-24;0;0;6084;19;2.3;0.0
08;2021-01-25;205;0;6289;19;2.4;0.0
08;2021-01-26;302;2;6591;21;2.5;0.0
08;2021-01-27;411;0;7002;21;2.6;0.0
08;2021-01-28;565;184;7567;205;2.8;0.1
08;2021-01-29;587;181;8154;386;3.1;0.1
08;2021-01-30;222;63;8376;449;3.2;0.2
08;2021-01-31;0;0;8376;449;3.2;0.2
08;2021-02-01;80;46;8456;495;3.2;0.2
08;2021-02-02;191;174;8647;669;3.3;0.3
08;2021-02-03;141;170;8788;839;3.3;0.3
08;2021-02-04;309;287;9097;1126;3.4;0.4
08;2021-02-05;499;359;9596;1485;3.6;0.6
08;2021-02-06;148;75;9744;1560;3.7;0.6
08;2021-02-07;8;0;9752;1560;3.7;0.6
08;2021-02-08;39;174;9791;1734;3.7;0.7
08;2021-02-09;218;647;10009;2381;3.8;0.9
08;2021-02-10;334;641;10343;3022;3.9;1.1
08;2021-02-11;464;364;10807;3386;4.1;1.3
08;2021-02-12;676;388;11483;3774;4.3;1.4
08;2021-02-13;140;118;11623;3892;4.4;1.5
08;2021-02-14;3;60;11626;3952;4.4;1.5
08;2021-02-15;227;210;11853;4162;4.5;1.6
08;2021-02-16;130;376;11983;4538;4.5;1.7
08;2021-02-17;112;417;12095;4955;4.6;1.9
08;2021-02-18;215;518;12310;5473;4.6;2.1
08;2021-02-19;304;423;12614;5896;4.8;2.2
08;2021-02-20;7;208;12621;6104;4.8;2.3
08;2021-02-21;0;0;12621;6104;4.8;2.3
08;2021-02-22;132;179;12753;6283;4.8;2.4
08;2021-02-23;150;321;12903;6604;4.9;2.5
08;2021-02-24;163;389;13066;6993;4.9;2.6
08;2021-02-25;500;527;13566;7520;5.1;2.8
08;2021-02-26;603;628;14169;8148;5.3;3.1
08;2021-02-27;318;191;14487;8339;5.5;3.1
08;2021-02-28;19;1;14506;8340;5.5;3.1
08;2021-03-01;199;106;14705;8446;5.5;3.2
08;2021-03-02;655;277;15360;8723;5.8;3.3
08;2021-03-03;897;201;16257;8924;6.1;3.4
08;2021-03-04;733;330;16990;9254;6.4;3.5
08;2021-03-05;1022;540;18012;9794;6.8;3.7
08;2021-03-06;693;136;18705;9930;7.0;3.7
08;2021-03-07;75;1;18780;9931;7.1;3.7
08;2021-03-08;217;119;18997;10050;7.2;3.8
08;2021-03-09;686;136;19683;10186;7.4;3.8
08;2021-03-10;1037;117;20720;10303;7.8;3.9
08;2021-03-11;981;246;21701;10549;8.2;4.0
08;2021-03-12;1630;509;23331;11058;8.8;4.2
08;2021-03-13;794;120;24125;11178;9.1;4.2
08;2021-03-14;22;0;24147;11178;9.1;4.2
08;2021-03-15;291;72;24438;11250;9.2;4.2
08;2021-03-16;563;38;25001;11288;9.4;4.3
08;2021-03-17;802;59;25803;11347;9.7;4.3
08;2021-03-18;815;155;26618;11502;10.0;4.3
08;2021-03-19;1135;282;27753;11784;10.5;4.4
08;2021-03-20;507;17;28260;11801;10.6;4.4
08;2021-03-21;13;1;28273;11802;10.6;4.4
08;2021-03-22;367;44;28640;11846;10.8;4.5
08;2021-03-23;733;62;29373;11908;11.1;4.5
08;2021-03-24;1327;67;30700;11975;11.6;4.5
08;2021-03-25;1903;88;32603;12063;12.3;4.5
08;2021-03-26;2564;168;35167;12231;13.2;4.6
08;2021-03-27;898;123;36065;12354;13.6;4.7
08;2021-03-28;228;6;36293;12360;13.7;4.7
08;2021-03-29;260;182;36553;12542;13.8;4.7
08;2021-03-30;832;484;37385;13026;14.1;4.9
08;2021-03-31;852;529;38237;13555;14.4;5.1
08;2021-04-01;1683;446;39920;14001;15.0;5.3
08;2021-04-02;1499;516;41419;14517;15.6;5.5
08;2021-04-03;1327;198;42746;14715;16.1;5.5
08;2021-04-04;134;4;42880;14719;16.1;5.5
08;2021-04-05;17;0;42897;14719;16.2;5.5
08;2021-04-06;702;479;43599;15198;16.4;5.7
08;2021-04-07;910;702;44509;15900;16.8;6.0
08;2021-04-08;1742;518;46251;16418;17.4;6.2
08;2021-04-09;2348;718;48599;17136;18.3;6.5
08;2021-04-10;1449;220;50048;17356;18.8;6.5
08;2021-04-11;10;6;50058;17362;18.9;6.5
08;2021-04-12;671;226;50729;17588;19.1;6.6
08;2021-04-13;1307;612;52036;18200;19.6;6.9
08;2021-04-14;1281;865;53317;19065;20.1;7.2
08;2021-04-15;1606;794;54923;19859;20.7;7.5
08;2021-04-16;1873;873;56796;20732;21.4;7.8
08;2021-04-17;1112;401;57908;21133;21.8;8.0
08;2021-04-18;23;14;57931;21147;21.8;8.0
08;2021-04-19;1148;298;59079;21445;22.2;8.1
08;2021-04-20;1118;541;60197;21986;22.7;8.3
08;2021-04-21;1139;739;61336;22725;23.1;8.6
08;2021-04-22;1328;880;62664;23605;23.6;8.9
08;2021-04-23;1675;1171;64339;24776;24.2;9.3
08;2021-04-24;1323;643;65662;25419;24.7;9.6
08;2021-04-25;26;198;65688;25617;24.7;9.6
08;2021-04-26;1040;153;66728;25770;25.1;9.7
08;2021-04-27;1337;601;68065;26371;25.6;9.9
08;2021-04-28;1452;680;69517;27051;26.2;10.2
08;2021-04-29;1174;1311;70691;28362;26.6;10.7
08;2021-04-30;1769;1618;72460;29980;27.3;11.3
08;2021-05-01;1049;493;73509;30473;27.7;11.5
08;2021-05-02;626;182;74135;30655;27.9;11.5
08;2021-05-03;1169;371;75304;31026;28.4;11.7
08;2021-05-04;1328;862;76632;31888;28.9;12.0
08;2021-05-05;1567;1330;78199;33218;29.5;12.5
08;2021-05-06;1971;1656;80170;34874;30.2;13.1
08;2021-05-07;1860;2097;82030;36971;30.9;13.9
08;2021-05-08;923;765;82953;37736;31.2;14.2
08;2021-05-09;443;71;83396;37807;31.4;14.2
08;2021-05-10;1191;664;84587;38471;31.9;14.5
08;2021-05-11;1909;940;86496;39411;32.6;14.8
08;2021-05-12;1810;1236;88306;40647;33.3;15.3
08;2021-05-13;1306;620;89612;41267;33.7;15.5
08;2021-05-14;2535;1032;92147;42299;34.7;15.9
08;2021-05-15;1821;713;93968;43012;35.4;16.2
08;2021-05-16;820;102;94788;43114;35.7;16.2
08;2021-05-17;699;906;95487;44020;36.0;16.6
08;2021-05-18;1251;839;96738;44859;36.4;16.9
08;2021-05-19;1609;959;98347;45818;37.0;17.3
08;2021-05-20;2147;962;100494;46780;37.8;17.6
08;2021-05-21;2338;1276;102832;48056;38.7;18.1
08;2021-05-22;1820;763;104652;48819;39.4;18.4
08;2021-05-23;864;90;105516;48909;39.7;18.4
08;2021-05-24;714;103;106230;49012;40.0;18.5
08;2021-05-25;1455;671;107685;49683;40.6;18.7
08;2021-05-26;1514;1009;109199;50692;41.1;19.1
08;2021-05-27;2007;1147;111206;51839;41.9;19.5
08;2021-05-28;1973;1821;113179;53660;42.6;20.2
08;2021-05-29;1769;968;114948;54628;43.3;20.6
08;2021-05-30;836;102;115784;54730;43.6;20.6
08;2021-05-31;755;574;116539;55304;43.9;20.8
08;2021-06-01;1351;881;117890;56185;44.4;21.2
08;2021-06-02;1296;1196;119186;57381;44.9;21.6
08;2021-06-03;1385;1521;120571;58902;45.4;22.2
08;2021-06-04;1777;2426;122348;61328;46.1;23.1
08;2021-06-05;1177;1378;123525;62706;46.5;23.6
08;2021-06-06;907;107;124432;62813;46.9;23.7
08;2021-06-07;661;1173;125093;63986;47.1;24.1
08;2021-06-08;930;1496;126023;65482;47.5;24.7
08;2021-06-09;823;1391;126846;66873;47.8;25.2
08;2021-06-10;1717;1554;128563;68427;48.4;25.8
08;2021-06-11;1721;2208;130284;70635;49.1;26.6
08;2021-06-12;1416;1527;131700;72162;49.6;27.2
08;2021-06-13;386;598;132086;72760;49.7;27.4
08;2021-06-14;380;1304;132466;74064;49.9;27.9
08;2021-06-15;740;1553;133206;75617;50.2;28.5
08;2021-06-16;804;2056;134010;77673;50.5;29.3
08;2021-06-17;1283;1853;135293;79526;51.0;29.9
08;2021-06-18;1608;2595;136901;82121;51.6;30.9
08;2021-06-19;1324;1407;138225;83528;52.1;31.5
08;2021-06-20;117;423;138342;83951;52.1;31.6
08;2021-06-21;494;1397;138836;85348;52.3;32.1
08;2021-06-22;808;2021;139644;87369;52.6;32.9
08;2021-06-23;853;1673;140497;89042;52.9;33.5
08;2021-06-24;1038;1924;141535;90966;53.3;34.3
08;2021-06-25;1080;2734;142615;93700;53.7;35.3
08;2021-06-26;1012;1782;143627;95482;54.1;36.0
08;2021-06-27;351;644;143978;96126;54.2;36.2
08;2021-06-28;397;1321;144375;97447;54.4;36.7
08;2021-06-29;627;1470;145002;98917;54.6;37.3
08;2021-06-30;852;1688;145854;100605;54.9;37.9
08;2021-07-01;885;2194;146739;102799;55.3;38.7
08;2021-07-02;939;2643;147678;105442;55.6;39.7
08;2021-07-03;784;2142;148462;107584;55.9;40.5
08;2021-07-04;128;861;148590;108445;56.0;40.8
08;2021-07-05;103;1195;148693;109640;56.0;41.3
08;2021-07-06;424;1833;149117;111473;56.2;42.0
08;2021-07-07;365;1781;149482;113254;56.3;42.7
08;2021-07-08;714;2015;150196;115269;56.6;43.4
08;2021-07-09;733;2439;150929;117708;56.8;44.3
08;2021-07-10;652;2000;151581;119708;57.1;45.1
08;2021-07-11;238;727;151819;120435;57.2;45.4
08;2021-07-12;309;1194;152128;121629;57.3;45.8
08;2021-07-13;944;1789;153072;123418;57.6;46.5
08;2021-07-14;177;330;153249;123748;57.7;46.6
08;2021-07-15;757;2452;154006;126200;58.0;47.5
08;2021-07-16;1080;2413;155086;128613;58.4;48.4
08;2021-07-17;992;2108;156078;130721;58.8;49.2
08;2021-07-18;344;737;156422;131458;58.9;49.5
08;2021-07-19;455;924;156877;132382;59.1;49.9
08;2021-07-20;875;1439;157752;133821;59.4;50.4
08;2021-07-21;1228;1718;158980;135539;59.9;51.0
08;2021-07-22;1143;2167;160123;137706;60.3;51.9
08;2021-07-23;1583;2449;161706;140155;60.9;52.8
08;2021-07-24;1305;1922;163011;142077;61.4;53.5
08;2021-07-25;771;441;163782;142518;61.7;53.7
08;2021-07-26;1307;843;165089;143361;62.2;54.0
08;2021-07-27;2177;1402;167266;144763;63.0;54.5
08;2021-07-28;2405;1449;169671;146212;63.9;55.1
08;2021-07-29;2591;1343;172262;147555;64.9;55.6
08;2021-07-30;2594;1578;174856;149133;65.9;56.2
08;2021-07-31;1967;1064;176823;150197;66.6;56.6
08;2021-08-01;934;297;177757;150494;66.9;56.7
08;2021-08-02;1251;678;179008;151172;67.4;56.9
08;2021-08-03;1629;818;180637;151990;68.0;57.2
08;2021-08-04;1481;655;182118;152645;68.6;57.5
08;2021-08-05;1892;961;184010;153606;69.3;57.8
08;2021-08-06;2574;1084;186584;154690;70.3;58.3
08;2021-08-07;1665;1149;188249;155839;70.9;58.7
08;2021-08-08;582;372;188831;156211;71.1;58.8
08;2021-08-09;667;526;189498;156737;71.4;59.0
09;2020-12-27;0;0;0;0;0.0;0.0
09;2020-12-28;1;0;1;0;0.0;0.0
09;2020-12-29;0;0;1;0;0.0;0.0
09;2020-12-30;0;0;1;0;0.0;0.0
09;2020-12-31;0;0;1;0;0.0;0.0
09;2021-01-01;0;0;1;0;0.0;0.0
09;2021-01-02;0;0;1;0;0.0;0.0
09;2021-01-03;0;0;1;0;0.0;0.0
09;2021-01-04;2;1;3;1;0.0;0.0
09;2021-01-05;0;0;3;1;0.0;0.0
09;2021-01-06;3;0;6;1;0.0;0.0
09;2021-01-07;257;2;263;3;0.2;0.0
09;2021-01-08;228;0;491;3;0.3;0.0
09;2021-01-09;103;0;594;3;0.4;0.0
09;2021-01-10;59;0;653;3;0.4;0.0
09;2021-01-11;175;0;828;3;0.5;0.0
09;2021-01-12;304;0;1132;3;0.7;0.0
09;2021-01-13;196;0;1328;3;0.9;0.0
09;2021-01-14;432;8;1760;11;1.2;0.0
09;2021-01-15;223;1;1983;12;1.3;0.0
09;2021-01-16;194;2;2177;14;1.4;0.0
09;2021-01-17;123;0;2300;14;1.5;0.0
09;2021-01-18;267;1;2567;15;1.7;0.0
09;2021-01-19;257;0;2824;15;1.9;0.0
09;2021-01-20;346;1;3170;16;2.1;0.0
09;2021-01-21;333;1;3503;17;2.3;0.0
09;2021-01-22;330;1;3833;18;2.5;0.0
09;2021-01-23;236;0;4069;18;2.7;0.0
09;2021-01-24;85;1;4154;19;2.7;0.0
09;2021-01-25;204;12;4358;31;2.9;0.0
09;2021-01-26;633;25;4991;56;3.3;0.0
09;2021-01-27;471;41;5462;97;3.6;0.1
09;2021-01-28;285;205;5747;302;3.8;0.2
09;2021-01-29;250;129;5997;431;3.9;0.3
09;2021-01-30;143;55;6140;486;4.0;0.3
09;2021-01-31;56;10;6196;496;4.1;0.3
09;2021-02-01;81;142;6277;638;4.1;0.4
09;2021-02-02;57;295;6334;933;4.2;0.6
09;2021-02-03;87;206;6421;1139;4.2;0.7
09;2021-02-04;49;299;6470;1438;4.2;0.9
09;2021-02-05;89;157;6559;1595;4.3;1.0
09;2021-02-06;68;49;6627;1644;4.3;1.1
09;2021-02-07;6;73;6633;1717;4.4;1.1
09;2021-02-08;22;177;6655;1894;4.4;1.2
09;2021-02-09;54;289;6709;2183;4.4;1.4
09;2021-02-10;15;196;6724;2379;4.4;1.6
09;2021-02-11;6;221;6730;2600;4.4;1.7
09;2021-02-12;149;176;6879;2776;4.5;1.8
09;2021-02-13;7;144;6886;2920;4.5;1.9
09;2021-02-14;0;53;6886;2973;4.5;2.0
09;2021-02-15;75;134;6961;3107;4.6;2.0
09;2021-02-16;227;510;7188;3617;4.7;2.4
09;2021-02-17;83;388;7271;4005;4.8;2.6
09;2021-02-18;88;450;7359;4455;4.8;2.9
09;2021-02-19;65;285;7424;4740;4.9;3.1
09;2021-02-20;59;200;7483;4940;4.9;3.2
09;2021-02-21;0;51;7483;4991;4.9;3.3
09;2021-02-22;127;218;7610;5209;5.0;3.4
09;2021-02-23;161;145;7771;5354;5.1;3.5
09;2021-02-24;74;178;7845;5532;5.1;3.6
09;2021-02-25;211;169;8056;5701;5.3;3.7
09;2021-02-26;162;174;8218;5875;5.4;3.9
09;2021-02-27;65;71;8283;5946;5.4;3.9
09;2021-02-28;43;17;8326;5963;5.5;3.9
09;2021-03-01;247;97;8573;6060;5.6;4.0
09;2021-03-02;284;76;8857;6136;5.8;4.0
09;2021-03-03;252;132;9109;6268;6.0;4.1
09;2021-03-04;413;32;9522;6300;6.2;4.1
09;2021-03-05;332;64;9854;6364;6.5;4.2
09;2021-03-06;397;46;10251;6410;6.7;4.2
09;2021-03-07;124;4;10375;6414;6.8;4.2
09;2021-03-08;380;64;10755;6478;7.1;4.3
09;2021-03-09;437;140;11192;6618;7.3;4.3
09;2021-03-10;561;71;11753;6689;7.7;4.4
09;2021-03-11;695;75;12448;6764;8.2;4.4
09;2021-03-12;659;31;13107;6795;8.6;4.5
09;2021-03-13;385;3;13492;6798;8.9;4.5
09;2021-03-14;120;3;13612;6801;8.9;4.5
09;2021-03-15;467;48;14079;6849;9.2;4.5
09;2021-03-16;370;80;14449;6929;9.5;4.5
09;2021-03-17;399;72;14848;7001;9.7;4.6
09;2021-03-18;454;43;15302;7044;10.0;4.6
09;2021-03-19;525;54;15827;7098;10.4;4.7
09;2021-03-20;313;39;16140;7137;10.6;4.7
09;2021-03-21;105;0;16245;7137;10.7;4.7
09;2021-03-22;424;118;16669;7255;10.9;4.8
09;2021-03-23;566;173;17235;7428;11.3;4.9
09;2021-03-24;711;41;17946;7469;11.8;4.9
09;2021-03-25;869;138;18815;7607;12.3;5.0
09;2021-03-26;751;45;19566;7652;12.8;5.0
09;2021-03-27;622;70;20188;7722;13.2;5.1
09;2021-03-28;132;24;20320;7746;13.3;5.1
09;2021-03-29;497;278;20817;8024;13.7;5.3
09;2021-03-30;729;155;21546;8179;14.1;5.4
09;2021-03-31;802;180;22348;8359;14.7;5.5
09;2021-04-01;734;254;23082;8613;15.1;5.7
09;2021-04-02;693;266;23775;8879;15.6;5.8
09;2021-04-03;770;117;24545;8996;16.1;5.9
09;2021-04-04;122;57;24667;9053;16.2;5.9
09;2021-04-05;237;58;24904;9111;16.3;6.0
09;2021-04-06;1056;391;25960;9502;17.0;6.2
09;2021-04-07;1208;359;27168;9861;17.8;6.5
09;2021-04-08;1468;399;28636;10260;18.8;6.7
09;2021-04-09;1139;413;29775;10673;19.5;7.0
09;2021-04-10;1349;194;31124;10867;20.4;7.1
09;2021-04-11;173;102;31297;10969;20.5;7.2
09;2021-04-12;736;344;32033;11313;21.0;7.4
09;2021-04-13;1047;409;33080;11722;21.7;7.7
09;2021-04-14;1331;508;34411;12230;22.6;8.0
09;2021-04-15;1148;502;35559;12732;23.3;8.4
09;2021-04-16;1033;415;36592;13147;24.0;8.6
09;2021-04-17;1194;355;37786;13502;24.8;8.9
09;2021-04-18;102;96;37888;13598;24.9;8.9
09;2021-04-19;697;404;38585;14002;25.3;9.2
09;2021-04-20;766;533;39351;14535;25.8;9.5
09;2021-04-21;940;591;40291;15126;26.4;9.9
09;2021-04-22;667;608;40958;15734;26.9;10.3
09;2021-04-23;772;425;41730;16159;27.4;10.6
09;2021-04-24;740;670;42470;16829;27.9;11.0
09;2021-04-25;75;113;42545;16942;27.9;11.1
09;2021-04-26;382;535;42927;17477;28.2;11.5
09;2021-04-27;443;720;43370;18197;28.5;11.9
09;2021-04-28;806;795;44176;18992;29.0;12.5
09;2021-04-29;550;771;44726;19763;29.3;13.0
09;2021-04-30;622;724;45348;20487;29.8;13.4
09;2021-05-01;478;454;45826;20941;30.1;13.7
09;2021-05-02;51;100;45877;21041;30.1;13.8
09;2021-05-03;522;663;46399;21704;30.4;14.2
09;2021-05-04;556;1348;46955;23052;30.8;15.1
09;2021-05-05;822;1347;47777;24399;31.4;16.0
09;2021-05-06;849;1033;48626;25432;31.9;16.7
09;2021-05-07;978;823;49604;26255;32.5;17.2
09;2021-05-08;395;461;49999;26716;32.8;17.5
09;2021-05-09;264;84;50263;26800;33.0;17.6
09;2021-05-10;504;966;50767;27766;33.3;18.2
09;2021-05-11;741;1052;51508;28818;33.8;18.9
09;2021-05-12;1535;1404;53043;30222;34.8;19.8
09;2021-05-13;1383;425;54426;30647;35.7;20.1
09;2021-05-14;986;654;55412;31301;36.4;20.5
09;2021-05-15;1236;790;56648;32091;37.2;21.1
09;2021-05-16;296;48;56944;32139;37.4;21.1
09;2021-05-17;875;413;57819;32552;37.9;21.4
09;2021-05-18;1291;393;59110;32945;38.8;21.6
09;2021-05-19;1495;367;60605;33312;39.8;21.9
09;2021-05-20;1379;406;61984;33718;40.7;22.1
09;2021-05-21;1164;496;63148;34214;41.4;22.5
09;2021-05-22;1546;365;64694;34579;42.5;22.7
09;2021-05-23;272;25;64966;34604;42.6;22.7
09;2021-05-24;177;99;65143;34703;42.7;22.8
09;2021-05-25;997;499;66140;35202;43.4;23.1
09;2021-05-26;1286;446;67426;35648;44.2;23.4
09;2021-05-27;966;403;68392;36051;44.9;23.7
09;2021-05-28;958;513;69350;36564;45.5;24.0
09;2021-05-29;1797;597;71147;37161;46.7;24.4
09;2021-05-30;541;197;71688;37358;47.0;24.5
09;2021-05-31;717;594;72405;37952;47.5;24.9
09;2021-06-01;967;641;73372;38593;48.1;25.3
09;2021-06-02;1008;897;74380;39490;48.8;25.9
09;2021-06-03;811;682;75191;40172;49.3;26.4
09;2021-06-04;877;799;76068;40971;49.9;26.9
09;2021-06-05;1320;873;77388;41844;50.8;27.5
09;2021-06-06;304;108;77692;41952;51.0;27.5
09;2021-06-07;623;517;78315;42469;51.4;27.9
09;2021-06-08;823;489;79138;42958;51.9;28.2
09;2021-06-09;808;833;79946;43791;52.5;28.7
09;2021-06-10;641;532;80587;44323;52.9;29.1
09;2021-06-11;831;761;81418;45084;53.4;29.6
09;2021-06-12;636;806;82054;45890;53.8;30.1
09;2021-06-13;94;130;82148;46020;53.9;30.2
09;2021-06-14;628;708;82776;46728;54.3;30.7
09;2021-06-15;824;890;83600;47618;54.9;31.2
09;2021-06-16;627;1078;84227;48696;55.3;32.0
09;2021-06-17;780;855;85007;49551;55.8;32.5
09;2021-06-18;635;1152;85642;50703;56.2;33.3
09;2021-06-19;517;1578;86159;52281;56.5;34.3
09;2021-06-20;8;279;86167;52560;56.5;34.5
09;2021-06-21;474;699;86641;53259;56.9;34.9
09;2021-06-22;462;1066;87103;54325;57.2;35.6
09;2021-06-23;435;1224;87538;55549;57.4;36.4
09;2021-06-24;581;772;88119;56321;57.8;37.0
09;2021-06-25;411;1062;88530;57383;58.1;37.7
09;2021-06-26;443;1087;88973;58470;58.4;38.4
09;2021-06-27;2;275;88975;58745;58.4;38.5
09;2021-06-28;239;1048;89214;59793;58.5;39.2
09;2021-06-29;313;1230;89527;61023;58.7;40.0
09;2021-06-30;456;1491;89983;62514;59.0;41.0
09;2021-07-01;383;1431;90366;63945;59.3;42.0
09;2021-07-02;308;1162;90674;65107;59.5;42.7
09;2021-07-03;209;1619;90883;66726;59.6;43.8
09;2021-07-04;4;254;90887;66980;59.6;44.0
09;2021-07-05;188;713;91075;67693;59.8;44.4
09;2021-07-06;293;1222;91368;68915;60.0;45.2
09;2021-07-07;416;1395;91784;70310;60.2;46.1
09;2021-07-08;322;1059;92106;71369;60.4;46.8
09;2021-07-09;291;1155;92397;72524;60.6;47.6
09;2021-07-10;344;1726;92741;74250;60.9;48.7
09;2021-07-11;147;391;92888;74641;61.0;49.0
09;2021-07-12;186;1072;93074;75713;61.1;49.7
09;2021-07-13;643;1307;93717;77020;61.5;50.5
09;2021-07-14;485;220;94202;77240;61.8;50.7
09;2021-07-15;817;1167;95019;78407;62.3;51.4
09;2021-07-16;611;1193;95630;79600;62.8;52.2
09;2021-07-17;1017;1445;96647;81045;63.4;53.2
09;2021-07-18;299;220;96946;81265;63.6;53.3
09;2021-07-19;484;969;97430;82234;63.9;54.0
09;2021-07-20;827;1257;98257;83491;64.5;54.8
09;2021-07-21;1013;1167;99270;84658;65.1;55.6
09;2021-07-22;844;907;100114;85565;65.7;56.1
09;2021-07-23;723;908;100837;86473;66.2;56.7
09;2021-07-24;919;460;101756;86933;66.8;57.0
09;2021-07-25;555;133;102311;87066;67.1;57.1
09;2021-07-26;645;767;102956;87833;67.6;57.6
09;2021-07-27;1164;944;104120;88777;68.3;58.3
09;2021-07-28;1189;982;105309;89759;69.1;58.9
09;2021-07-29;1023;735;106332;90494;69.8;59.4
09;2021-07-30;776;617;107108;91111;70.3;59.8
09;2021-07-31;1374;411;108482;91522;71.2;60.1
09;2021-08-01;141;125;108623;91647;71.3;60.1
09;2021-08-02;612;477;109235;92124;71.7;60.4
09;2021-08-03;1252;765;110487;92889;72.5;61.0
09;2021-08-04;1388;648;111875;93537;73.4;61.4
09;2021-08-05;995;670;112870;94207;74.1;61.8
09;2021-08-06;1015;634;113885;94841;74.7;62.2
09;2021-08-07;811;423;114696;95264;75.3;62.5
09;2021-08-08;118;129;114814;95393;75.3;62.6
09;2021-08-09;686;641;115500;96034;75.8;63.0
10;2020-12-27;0;0;0;0;0.0;0.0
10;2020-12-28;0;0;0;0;0.0;0.0
10;2020-12-29;0;0;0;0;0.0;0.0
10;2020-12-30;0;0;0;0;0.0;0.0
10;2020-12-31;0;0;0;0;0.0;0.0
10;2021-01-01;0;0;0;0;0.0;0.0
10;2021-01-02;0;0;0;0;0.0;0.0
10;2021-01-03;0;0;0;0;0.0;0.0
10;2021-01-04;0;0;0;0;0.0;0.0
10;2021-01-05;1;0;1;0;0.0;0.0
10;2021-01-06;0;0;1;0;0.0;0.0
10;2021-01-07;84;0;85;0;0.0;0.0
10;2021-01-08;255;0;340;0;0.1;0.0
10;2021-01-09;0;0;340;0;0.1;0.0
10;2021-01-10;0;0;340;0;0.1;0.0
10;2021-01-11;117;0;457;0;0.1;0.0
10;2021-01-12;191;0;648;0;0.2;0.0
10;2021-01-13;313;0;961;0;0.3;0.0
10;2021-01-14;391;7;1352;7;0.4;0.0
10;2021-01-15;359;2;1711;9;0.6;0.0
10;2021-01-16;55;0;1766;9;0.6;0.0
10;2021-01-17;0;0;1766;9;0.6;0.0
10;2021-01-18;699;1;2465;10;0.8;0.0
10;2021-01-19;1363;3;3828;13;1.2;0.0
10;2021-01-20;1070;5;4898;18;1.6;0.0
10;2021-01-21;1145;2;6043;20;1.9;0.0
10;2021-01-22;818;0;6861;20;2.2;0.0
10;2021-01-23;309;0;7170;20;2.3;0.0
10;2021-01-24;0;0;7170;20;2.3;0.0
10;2021-01-25;445;9;7615;29;2.5;0.0
10;2021-01-26;487;17;8102;46;2.6;0.0
10;2021-01-27;459;15;8561;61;2.8;0.0
10;2021-01-28;356;48;8917;109;2.9;0.0
10;2021-01-29;430;194;9347;303;3.0;0.1
10;2021-01-30;30;0;9377;303;3.0;0.1
10;2021-01-31;0;0;9377;303;3.0;0.1
10;2021-02-01;404;142;9781;445;3.2;0.1
10;2021-02-02;182;152;9963;597;3.2;0.2
10;2021-02-03;345;216;10308;813;3.3;0.3
10;2021-02-04;342;270;10650;1083;3.4;0.3
10;2021-02-05;327;320;10977;1403;3.5;0.5
10;2021-02-06;3;35;10980;1438;3.5;0.5
10;2021-02-07;0;0;10980;1438;3.5;0.5
10;2021-02-08;190;411;11170;1849;3.6;0.6
10;2021-02-09;480;585;11650;2434;3.8;0.8
10;2021-02-10;666;475;12316;2909;4.0;0.9
10;2021-02-11;768;598;13084;3507;4.2;1.1
10;2021-02-12;580;552;13664;4059;4.4;1.3
10;2021-02-13;36;120;13700;4179;4.4;1.3
10;2021-02-14;0;0;13700;4179;4.4;1.3
10;2021-02-15;142;448;13842;4627;4.5;1.5
10;2021-02-16;116;546;13958;5173;4.5;1.7
10;2021-02-17;129;607;14087;5780;4.5;1.9
10;2021-02-18;216;558;14303;6338;4.6;2.0
10;2021-02-19;187;471;14490;6809;4.7;2.2
10;2021-02-20;24;183;14514;6992;4.7;2.3
10;2021-02-21;0;0;14514;6992;4.7;2.3
10;2021-02-22;77;448;14591;7440;4.7;2.4
10;2021-02-23;76;563;14667;8003;4.7;2.6
10;2021-02-24;104;375;14771;8378;4.8;2.7
10;2021-02-25;323;375;15094;8753;4.9;2.8
10;2021-02-26;351;283;15445;9036;5.0;2.9
10;2021-02-27;275;129;15720;9165;5.1;3.0
10;2021-02-28;0;0;15720;9165;5.1;3.0
10;2021-03-01;257;334;15977;9499;5.2;3.1
10;2021-03-02;434;370;16411;9869;5.3;3.2
10;2021-03-03;453;582;16864;10451;5.4;3.4
10;2021-03-04;634;500;17498;10951;5.6;3.5
10;2021-03-05;677;254;18175;11205;5.9;3.6
10;2021-03-06;948;40;19123;11245;6.2;3.6
10;2021-03-07;769;6;19892;11251;6.4;3.6
10;2021-03-08;502;442;20394;11693;6.6;3.8
10;2021-03-09;673;436;21067;12129;6.8;3.9
10;2021-03-10;660;364;21727;12493;7.0;4.0
10;2021-03-11;1174;234;22901;12727;7.4;4.1
10;2021-03-12;1338;242;24239;12969;7.8;4.2
10;2021-03-13;892;37;25131;13006;8.1;4.2
10;2021-03-14;1381;16;26512;13022;8.6;4.2
10;2021-03-15;821;80;27333;13102;8.8;4.2
10;2021-03-16;688;61;28021;13163;9.0;4.2
10;2021-03-17;831;66;28852;13229;9.3;4.3
10;2021-03-18;885;79;29737;13308;9.6;4.3
10;2021-03-19;950;69;30687;13377;9.9;4.3
10;2021-03-20;552;17;31239;13394;10.1;4.3
10;2021-03-21;1845;37;33084;13431;10.7;4.3
10;2021-03-22;879;69;33963;13500;11.0;4.4
10;2021-03-23;1245;91;35208;13591;11.4;4.4
10;2021-03-24;1309;54;36517;13645;11.8;4.4
10;2021-03-25;1676;227;38193;13872;12.3;4.5
10;2021-03-26;1431;113;39624;13985;12.8;4.5
10;2021-03-27;762;79;40386;14064;13.0;4.5
10;2021-03-28;1221;27;41607;14091;13.4;4.5
10;2021-03-29;648;306;42255;14397;13.6;4.6
10;2021-03-30;926;374;43181;14771;13.9;4.8
10;2021-03-31;617;359;43798;15130;14.1;4.9
10;2021-04-01;884;682;44682;15812;14.4;5.1
10;2021-04-02;1068;587;45750;16399;14.8;5.3
10;2021-04-03;540;606;46290;17005;14.9;5.5
10;2021-04-04;1826;258;48116;17263;15.5;5.6
10;2021-04-05;1843;36;49959;17299;16.1;5.6
10;2021-04-06;514;649;50473;17948;16.3;5.8
10;2021-04-07;589;539;51062;18487;16.5;6.0
10;2021-04-08;1057;603;52119;19090;16.8;6.2
10;2021-04-09;1130;610;53249;19700;17.2;6.4
10;2021-04-10;1770;351;55019;20051;17.8;6.5
10;2021-04-11;55;1222;55074;21273;17.8;6.9
10;2021-04-12;1003;807;56077;22080;18.1;7.1
10;2021-04-13;1505;889;57582;22969;18.6;7.4
10;2021-04-14;820;600;58402;23569;18.8;7.6
10;2021-04-15;1432;888;59834;24457;19.3;7.9
10;2021-04-16;1109;697;60943;25154;19.7;8.1
10;2021-04-17;2391;357;63334;25511;20.4;8.2
10;2021-04-18;1422;1783;64756;27294;20.9;8.8
10;2021-04-19;838;835;65594;28129;21.2;9.1
10;2021-04-20;545;1034;66139;29163;21.3;9.4
10;2021-04-21;637;985;66776;30148;21.5;9.7
10;2021-04-22;932;972;67708;31120;21.8;10.0
10;2021-04-23;2172;775;69880;31895;22.5;10.3
10;2021-04-24;2296;372;72176;32267;23.3;10.4
10;2021-04-25;1989;1214;74165;33481;23.9;10.8
10;2021-04-26;773;619;74938;34100;24.2;11.0
10;2021-04-27;895;535;75833;34635;24.5;11.2
10;2021-04-28;873;404;76706;35039;24.8;11.3
10;2021-04-29;1433;670;78139;35709;25.2;11.5
10;2021-04-30;2173;760;80312;36469;25.9;11.8
10;2021-05-01;1988;2165;82300;38634;26.6;12.5
10;2021-05-02;1948;1893;84248;40527;27.2;13.1
10;2021-05-03;622;446;84870;40973;27.4;13.2
10;2021-05-04;1145;1248;86015;42221;27.8;13.6
10;2021-05-05;1754;1019;87769;43240;28.3;14.0
10;2021-05-06;2256;940;90025;44180;29.0;14.3
10;2021-05-07;2217;1136;92242;45316;29.8;14.6
10;2021-05-08;2271;857;94513;46173;30.5;14.9
10;2021-05-09;2004;99;96517;46272;31.1;14.9
10;2021-05-10;528;1093;97045;47365;31.3;15.3
10;2021-05-11;1051;1024;98096;48389;31.7;15.6
10;2021-05-12;2061;880;100157;49269;32.3;15.9
10;2021-05-13;2183;432;102340;49701;33.0;16.0
10;2021-05-14;2730;670;105070;50371;33.9;16.3
10;2021-05-15;2427;2039;107497;52410;34.7;16.9
10;2021-05-16;2081;1449;109578;53859;35.4;17.4
10;2021-05-17;1451;441;111029;54300;35.8;17.5
10;2021-05-18;2510;639;113539;54939;36.6;17.7
10;2021-05-19;1553;639;115092;55578;37.1;17.9
10;2021-05-20;1890;847;116982;56425;37.7;18.2
10;2021-05-21;2318;616;119300;57041;38.5;18.4
10;2021-05-22;2180;422;121480;57463;39.2;18.5
10;2021-05-23;1817;139;123297;57602;39.8;18.6
10;2021-05-24;1968;179;125265;57781;40.4;18.6
10;2021-05-25;2193;490;127458;58271;41.1;18.8
10;2021-05-26;1677;420;129135;58691;41.7;18.9
10;2021-05-27;1660;754;130795;59445;42.2;19.2
10;2021-05-28;1719;1184;132514;60629;42.8;19.6
10;2021-05-29;2170;640;134684;61269;43.5;19.8
10;2021-05-30;1029;133;135713;61402;43.8;19.8
10;2021-05-31;1039;748;136752;62150;44.1;20.1
10;2021-06-01;1132;884;137884;63034;44.5;20.3
10;2021-06-02;1032;716;138916;63750;44.8;20.6
10;2021-06-03;1473;1070;140389;64820;45.3;20.9
10;2021-06-04;1768;2601;142157;67421;45.9;21.8
10;2021-06-05;1513;2452;143670;69873;46.4;22.5
10;2021-06-06;1005;1875;144675;71748;46.7;23.2
10;2021-06-07;698;1112;145373;72860;46.9;23.5
10;2021-06-08;895;1168;146268;74028;47.2;23.9
10;2021-06-09;877;911;147145;74939;47.5;24.2
10;2021-06-10;677;1070;147822;76009;47.7;24.5
10;2021-06-11;1199;2209;149021;78218;48.1;25.2
10;2021-06-12;855;2388;149876;80606;48.4;26.0
10;2021-06-13;401;1837;150277;82443;48.5;26.6
10;2021-06-14;534;742;150811;83185;48.7;26.8
10;2021-06-15;740;2131;151551;85316;48.9;27.5
10;2021-06-16;740;1860;152291;87176;49.1;28.1
10;2021-06-17;848;2458;153139;89634;49.4;28.9
10;2021-06-18;1030;2474;154169;92108;49.7;29.7
10;2021-06-19;981;2595;155150;94703;50.1;30.6
10;2021-06-20;549;1599;155699;96302;50.2;31.1
10;2021-06-21;682;1046;156381;97348;50.5;31.4
10;2021-06-22;743;1524;157124;98872;50.7;31.9
10;2021-06-23;648;2408;157772;101280;50.9;32.7
10;2021-06-24;782;2617;158554;103897;51.2;33.5
10;2021-06-25;731;3036;159285;106933;51.4;34.5
10;2021-06-26;514;2742;159799;109675;51.6;35.4
10;2021-06-27;402;1939;160201;111614;51.7;36.0
10;2021-06-28;684;1787;160885;113401;51.9;36.6
10;2021-06-29;616;2692;161501;116093;52.1;37.5
10;2021-06-30;535;1525;162036;117618;52.3;38.0
10;2021-07-01;551;2171;162587;119789;52.5;38.7
10;2021-07-02;667;2728;163254;122517;52.7;39.5
10;2021-07-03;528;2599;163782;125116;52.8;40.4
10;2021-07-04;411;1727;164193;126843;53.0;40.9
10;2021-07-05;665;2221;164858;129064;53.2;41.6
10;2021-07-06;652;2184;165510;131248;53.4;42.4
10;2021-07-07;631;1700;166141;132948;53.6;42.9
10;2021-07-08;747;1457;166888;134405;53.9;43.4
10;2021-07-09;815;1945;167703;136350;54.1;44.0
10;2021-07-10;632;2096;168335;138446;54.3;44.7
10;2021-07-11;500;1378;168835;139824;54.5;45.1
10;2021-07-12;778;1623;169613;141447;54.7;45.6
10;2021-07-13;1125;1877;170738;143324;55.1;46.2
10;2021-07-14;1170;1056;171908;144380;55.5;46.6
10;2021-07-15;1472;1978;173380;146358;55.9;47.2
10;2021-07-16;1241;2274;174621;148632;56.3;48.0
10;2021-07-17;1286;1738;175907;150370;56.8;48.5
10;2021-07-18;941;1225;176848;151595;57.1;48.9
10;2021-07-19;1357;1618;178205;153213;57.5;49.4
10;2021-07-20;1679;1430;179884;154643;58.0;49.9
10;2021-07-21;1391;1485;181275;156128;58.5;50.4
10;2021-07-22;1932;1593;183207;157721;59.1;50.9
10;2021-07-23;1593;1542;184800;159263;59.6;51.4
10;2021-07-24;1386;1219;186186;160482;60.1;51.8
10;2021-07-25;1251;785;187437;161267;60.5;52.0
10;2021-07-26;1909;1315;189346;162582;61.1;52.5
10;2021-07-27;2117;1085;191463;163667;61.8;52.8
10;2021-07-28;2090;1007;193553;164674;62.5;53.1
10;2021-07-29;2429;1202;195982;165876;63.2;53.5
10;2021-07-30;2152;1303;198134;167179;63.9;53.9
10;2021-07-31;1672;932;199806;168111;64.5;54.2
10;2021-08-01;1234;573;201040;168684;64.9;54.4
10;2021-08-02;1332;1335;202372;170019;65.3;54.9
10;2021-08-03;1558;893;203930;170912;65.8;55.1
10;2021-08-04;1307;1063;205237;171975;66.2;55.5
10;2021-08-05;1622;1338;206859;173313;66.7;55.9
10;2021-08-06;1796;1325;208655;174638;67.3;56.4
10;2021-08-07;1149;1127;209804;175765;67.7;56.7
10;2021-08-08;655;745;210459;176510;67.9;57.0
10;2021-08-09;1291;1533;211750;178043;68.3;57.5
11;2020-12-27;0;0;0;0;0.0;0.0
11;2020-12-28;1;0;1;0;0.0;0.0
11;2020-12-29;1;0;2;0;0.0;0.0
11;2020-12-30;0;0;2;0;0.0;0.0
11;2020-12-31;0;0;2;0;0.0;0.0
11;2021-01-01;0;0;2;0;0.0;0.0
11;2021-01-02;5;0;7;0;0.0;0.0
11;2021-01-03;0;0;7;0;0.0;0.0
11;2021-01-04;0;0;7;0;0.0;0.0
11;2021-01-05;94;0;101;0;0.0;0.0
11;2021-01-06;25;0;126;0;0.0;0.0
11;2021-01-07;119;0;245;0;0.1;0.0
11;2021-01-08;90;1;335;1;0.1;0.0
11;2021-01-09;86;0;421;1;0.1;0.0
11;2021-01-10;67;0;488;1;0.1;0.0
11;2021-01-11;136;0;624;1;0.2;0.0
11;2021-01-12;545;3;1169;4;0.3;0.0
11;2021-01-13;410;1;1579;5;0.4;0.0
11;2021-01-14;644;8;2223;13;0.6;0.0
11;2021-01-15;343;4;2566;17;0.7;0.0
11;2021-01-16;77;1;2643;18;0.7;0.0
11;2021-01-17;47;1;2690;19;0.7;0.0
11;2021-01-18;388;0;3078;19;0.8;0.0
11;2021-01-19;526;4;3604;23;1.0;0.0
11;2021-01-20;692;6;4296;29;1.2;0.0
11;2021-01-21;647;4;4943;33;1.3;0.0
11;2021-01-22;524;1;5467;34;1.5;0.0
11;2021-01-23;157;0;5624;34;1.5;0.0
11;2021-01-24;139;0;5763;34;1.5;0.0
11;2021-01-25;374;20;6137;54;1.6;0.0
11;2021-01-26;839;84;6976;138;1.9;0.0
11;2021-01-27;798;23;7774;161;2.1;0.0
11;2021-01-28;644;61;8418;222;2.3;0.1
11;2021-01-29;434;124;8852;346;2.4;0.1
11;2021-01-30;131;1;8983;347;2.4;0.1
11;2021-01-31;81;0;9064;347;2.4;0.1
11;2021-02-01;344;195;9408;542;2.5;0.1
11;2021-02-02;409;407;9817;949;2.6;0.3
11;2021-02-03;390;352;10207;1301;2.7;0.3
11;2021-02-04;373;497;10580;1798;2.8;0.5
11;2021-02-05;313;338;10893;2136;2.9;0.6
11;2021-02-06;205;62;11098;2198;3.0;0.6
11;2021-02-07;108;13;11206;2211;3.0;0.6
11;2021-02-08;315;159;11521;2370;3.1;0.6
11;2021-02-09;299;279;11820;2649;3.2;0.7
11;2021-02-10;339;447;12159;3096;3.3;0.8
11;2021-02-11;610;630;12769;3726;3.4;1.0
11;2021-02-12;401;380;13170;4106;3.5;1.1
11;2021-02-13;193;120;13363;4226;3.6;1.1
11;2021-02-14;68;27;13431;4253;3.6;1.1
11;2021-02-15;238;210;13669;4463;3.7;1.2
11;2021-02-16;262;514;13931;4977;3.7;1.3
11;2021-02-17;453;621;14384;5598;3.9;1.5
11;2021-02-18;456;573;14840;6171;4.0;1.7
11;2021-02-19;300;539;15140;6710;4.1;1.8
11;2021-02-20;147;75;15287;6785;4.1;1.8
11;2021-02-21;57;45;15344;6830;4.1;1.8
11;2021-02-22;125;332;15469;7162;4.2;1.9
11;2021-02-23;283;322;15752;7484;4.2;2.0
11;2021-02-24;251;374;16003;7858;4.3;2.1
11;2021-02-25;562;325;16565;8183;4.4;2.2
11;2021-02-26;523;320;17088;8503;4.6;2.3
11;2021-02-27;318;98;17406;8601;4.7;2.3
11;2021-02-28;95;24;17501;8625;4.7;2.3
11;2021-03-01;339;319;17840;8944;4.8;2.4
11;2021-03-02;562;392;18402;9336;4.9;2.5
11;2021-03-03;599;437;19001;9773;5.1;2.6
11;2021-03-04;1077;407;20078;10180;5.4;2.7
11;2021-03-05;1002;410;21080;10590;5.7;2.8
11;2021-03-06;1093;206;22173;10796;5.9;2.9
11;2021-03-07;658;35;22831;10831;6.1;2.9
11;2021-03-08;374;353;23205;11184;6.2;3.0
11;2021-03-09;997;393;24202;11577;6.5;3.1
11;2021-03-10;1170;546;25372;12123;6.8;3.3
11;2021-03-11;1571;446;26943;12569;7.2;3.4
11;2021-03-12;1453;440;28396;13009;7.6;3.5
11;2021-03-13;1158;239;29554;13248;7.9;3.6
11;2021-03-14;524;52;30078;13300;8.1;3.6
11;2021-03-15;651;241;30729;13541;8.2;3.6
11;2021-03-16;853;200;31582;13741;8.5;3.7
11;2021-03-17;908;221;32490;13962;8.7;3.7
11;2021-03-18;1172;283;33662;14245;9.0;3.8
11;2021-03-19;1372;246;35034;14491;9.4;3.9
11;2021-03-20;788;168;35822;14659;9.6;3.9
11;2021-03-21;225;65;36047;14724;9.7;4.0
11;2021-03-22;809;215;36856;14939;9.9;4.0
11;2021-03-23;1804;389;38660;15328;10.4;4.1
11;2021-03-24;1843;317;40503;15645;10.9;4.2
11;2021-03-25;2189;373;42692;16018;11.5;4.3
11;2021-03-26;2125;443;44817;16461;12.0;4.4
11;2021-03-27;1178;144;45995;16605;12.3;4.5
11;2021-03-28;265;43;46260;16648;12.4;4.5
11;2021-03-29;1181;220;47441;16868;12.7;4.5
11;2021-03-30;1993;320;49434;17188;13.3;4.6
11;2021-03-31;1613;382;51047;17570;13.7;4.7
11;2021-04-01;2146;424;53193;17994;14.3;4.8
11;2021-04-02;1642;430;54835;18424;14.7;4.9
11;2021-04-03;720;143;55555;18567;14.9;5.0
11;2021-04-04;198;74;55753;18641;15.0;5.0
11;2021-04-05;257;4;56010;18645;15.0;5.0
11;2021-04-06;1571;548;57581;19193;15.4;5.1
11;2021-04-07;1776;572;59357;19765;15.9;5.3
11;2021-04-08;1785;684;61142;20449;16.4;5.5
11;2021-04-09;2261;598;63403;21047;17.0;5.6
11;2021-04-10;1169;177;64572;21224;17.3;5.7
11;2021-04-11;547;107;65119;21331;17.5;5.7
11;2021-04-12;1613;534;66732;21865;17.9;5.9
11;2021-04-13;2259;883;68991;22748;18.5;6.1
11;2021-04-14;1661;1011;70652;23759;19.0;6.4
11;2021-04-15;1842;1126;72494;24885;19.5;6.7
11;2021-04-16;1835;847;74329;25732;19.9;6.9
11;2021-04-17;1771;561;76100;26293;20.4;7.1
11;2021-04-18;114;155;76214;26448;20.4;7.1
11;2021-04-19;1383;734;77597;27182;20.8;7.3
11;2021-04-20;1726;1284;79323;28466;21.3;7.6
11;2021-04-21;1778;1320;81101;29786;21.8;8.0
11;2021-04-22;1748;1322;82849;31108;22.2;8.3
11;2021-04-23;2011;1230;84860;32338;22.8;8.7
11;2021-04-24;1735;468;86595;32806;23.2;8.8
11;2021-04-25;658;180;87253;32986;23.4;8.9
11;2021-04-26;1376;835;88629;33821;23.8;9.1
11;2021-04-27;1834;1546;90463;35367;24.3;9.5
11;2021-04-28;2004;1466;92467;36833;24.8;9.9
11;2021-04-29;2246;1634;94713;38467;25.4;10.3
11;2021-04-30;2155;1428;96868;39895;26.0;10.7
11;2021-05-01;1338;342;98206;40237;26.3;10.8
11;2021-05-02;588;336;98794;40573;26.5;10.9
11;2021-05-03;1487;739;100281;41312;26.9;11.1
11;2021-05-04;1879;1430;102160;42742;27.4;11.5
11;2021-05-05;1892;1437;104052;44179;27.9;11.9
11;2021-05-06;2191;1474;106243;45653;28.5;12.2
11;2021-05-07;2104;1555;108347;47208;29.1;12.7
11;2021-05-08;896;726;109243;47934;29.3;12.9
11;2021-05-09;628;543;109871;48477;29.5;13.0
11;2021-05-10;1328;1650;111199;50127;29.8;13.4
11;2021-05-11;2039;1864;113238;51991;30.4;13.9
11;2021-05-12;1830;1636;115068;53627;30.9;14.4
11;2021-05-13;1406;414;116474;54041;31.3;14.5
11;2021-05-14;1713;1184;118187;55225;31.7;14.8
11;2021-05-15;1156;901;119343;56126;32.0;15.1
11;2021-05-16;808;164;120151;56290;32.2;15.1
11;2021-05-17;1469;1048;121620;57338;32.6;15.4
11;2021-05-18;1900;1197;123520;58535;33.1;15.7
11;2021-05-19;1848;1119;125368;59654;33.6;16.0
11;2021-05-20;1969;1091;127337;60745;34.2;16.3
11;2021-05-21;2277;1088;129614;61833;34.8;16.6
11;2021-05-22;1483;725;131097;62558;35.2;16.8
11;2021-05-23;768;67;131865;62625;35.4;16.8
11;2021-05-24;1411;226;133276;62851;35.8;16.9
11;2021-05-25;1811;1354;135087;64205;36.2;17.2
11;2021-05-26;1933;1302;137020;65507;36.8;17.6
11;2021-05-27;1983;1720;139003;67227;37.3;18.0
11;2021-05-28;1760;1897;140763;69124;37.8;18.5
11;2021-05-29;1429;1598;142192;70722;38.2;19.0
11;2021-05-30;486;395;142678;71117;38.3;19.1
11;2021-05-31;1261;1620;143939;72737;38.6;19.5
11;2021-06-01;1855;1905;145794;74642;39.1;20.0
11;2021-06-02;1761;2075;147555;76717;39.6;20.6
11;2021-06-03;2599;2411;150154;79128;40.3;21.2
11;2021-06-04;2145;2672;152299;81800;40.9;21.9
11;2021-06-05;1589;1902;153888;83702;41.3;22.5
11;2021-06-06;877;861;154765;84563;41.5;22.7
11;2021-06-07;1526;1713;156291;86276;41.9;23.1
11;2021-06-08;2039;1993;158330;88269;42.5;23.7
11;2021-06-09;1790;2190;160120;90459;43.0;24.3
11;2021-06-10;1806;2426;161926;92885;43.4;24.9
11;2021-06-11;1863;2492;163789;95377;43.9;25.6
11;2021-06-12;1457;1621;165246;96998;44.3;26.0
11;2021-06-13;711;724;165957;97722;44.5;26.2
11;2021-06-14;1033;1968;166990;99690;44.8;26.7
11;2021-06-15;1392;2684;168382;102374;45.2;27.5
11;2021-06-16;1338;2530;169720;104904;45.5;28.1
11;2021-06-17;1472;2537;171192;107441;45.9;28.8
11;2021-06-18;1518;2489;172710;109930;46.3;29.5
11;2021-06-19;1237;1409;173947;111339;46.7;29.9
11;2021-06-20;299;600;174246;111939;46.8;30.0
11;2021-06-21;839;2120;175085;114059;47.0;30.6
11;2021-06-22;1015;2606;176100;116665;47.2;31.3
11;2021-06-23;1097;2087;177197;118752;47.5;31.9
11;2021-06-24;907;2244;178104;120996;47.8;32.5
11;2021-06-25;992;2541;179096;123537;48.1;33.1
11;2021-06-26;775;1657;179871;125194;48.3;33.6
11;2021-06-27;209;688;180080;125882;48.3;33.8
11;2021-06-28;697;2300;180777;128182;48.5;34.4
11;2021-06-29;961;2597;181738;130779;48.8;35.1
11;2021-06-30;905;2521;182643;133300;49.0;35.8
11;2021-07-01;1002;1886;183645;135186;49.3;36.3
11;2021-07-02;966;2541;184611;137727;49.5;37.0
11;2021-07-03;728;1802;185339;139529;49.7;37.4
11;2021-07-04;338;1109;185677;140638;49.8;37.7
11;2021-07-05;694;2132;186371;142770;50.0;38.3
11;2021-07-06;970;2518;187341;145288;50.3;39.0
11;2021-07-07;943;2510;188284;147798;50.5;39.7
11;2021-07-08;1186;1909;189470;149707;50.8;40.2
11;2021-07-09;823;1792;190293;151499;51.1;40.6
11;2021-07-10;369;1302;190662;152801;51.2;41.0
11;2021-07-11;312;563;190974;153364;51.2;41.1
11;2021-07-12;496;2668;191470;156032;51.4;41.9
11;2021-07-13;1295;3069;192765;159101;51.7;42.7
11;2021-07-14;206;235;192971;159336;51.8;42.8
11;2021-07-15;1419;2962;194390;162298;52.2;43.5
11;2021-07-16;1844;2728;196234;165026;52.7;44.3
11;2021-07-17;1076;2164;197310;167190;52.9;44.9
11;2021-07-18;651;945;197961;168135;53.1;45.1
11;2021-07-19;1331;2093;199292;170228;53.5;45.7
11;2021-07-20;1968;2404;201260;172632;54.0;46.3
11;2021-07-21;1998;2428;203258;175060;54.5;47.0
11;2021-07-22;2382;1869;205640;176929;55.2;47.5
11;2021-07-23;2215;2264;207855;179193;55.8;48.1
11;2021-07-24;1269;1620;209124;180813;56.1;48.5
11;2021-07-25;746;689;209870;181502;56.3;48.7
11;2021-07-26;1656;1412;211526;182914;56.8;49.1
11;2021-07-27;2307;1987;213833;184901;57.4;49.6
11;2021-07-28;2453;1979;216286;186880;58.0;50.1
11;2021-07-29;2738;1788;219024;188668;58.8;50.6
11;2021-07-30;2555;1779;221579;190447;59.5;51.1
11;2021-07-31;1999;1122;223578;191569;60.0;51.4
11;2021-08-01;1010;476;224588;192045;60.3;51.5
11;2021-08-02;1913;1145;226501;193190;60.8;51.8
11;2021-08-03;2421;1592;228922;194782;61.4;52.3
11;2021-08-04;2540;1246;231462;196028;62.1;52.6
11;2021-08-05;2365;1327;233827;197355;62.7;53.0
11;2021-08-06;2237;1651;236064;199006;63.3;53.4
11;2021-08-07;1648;1159;237712;200165;63.8;53.7
11;2021-08-08;594;197;238306;200362;63.9;53.8
11;2021-08-09;1024;1427;239330;201789;64.2;54.1
12;2020-12-27;0;0;0;0;0.0;0.0
12;2020-12-28;0;0;0;0;0.0;0.0
12;2020-12-29;0;0;0;0;0.0;0.0
12;2020-12-30;0;0;0;0;0.0;0.0
12;2020-12-31;0;0;0;0;0.0;0.0
12;2021-01-01;0;0;0;0;0.0;0.0
12;2021-01-02;0;0;0;0;0.0;0.0
12;2021-01-03;0;0;0;0;0.0;0.0
12;2021-01-04;1;0;1;0;0.0;0.0
12;2021-01-05;0;0;1;0;0.0;0.0
12;2021-01-06;12;0;13;0;0.0;0.0
12;2021-01-07;202;0;215;0;0.1;0.0
12;2021-01-08;65;0;280;0;0.1;0.0
12;2021-01-09;0;0;280;0;0.1;0.0
12;2021-01-10;1;0;281;0;0.1;0.0
12;2021-01-11;99;0;380;0;0.1;0.0
12;2021-01-12;360;1;740;1;0.3;0.0
12;2021-01-13;285;0;1025;1;0.4;0.0
12;2021-01-14;598;11;1623;12;0.6;0.0
12;2021-01-15;366;10;1989;22;0.7;0.0
12;2021-01-16;138;2;2127;24;0.8;0.0
12;2021-01-17;0;0;2127;24;0.8;0.0
12;2021-01-18;453;0;2580;24;0.9;0.0
12;2021-01-19;604;3;3184;27;1.1;0.0
12;2021-01-20;877;2;4061;29;1.5;0.0
12;2021-01-21;734;0;4795;29;1.7;0.0
12;2021-01-22;798;1;5593;30;2.0;0.0
12;2021-01-23;382;2;5975;32;2.1;0.0
12;2021-01-24;0;0;5975;32;2.1;0.0
12;2021-01-25;452;0;6427;32;2.3;0.0
12;2021-01-26;650;0;7077;32;2.5;0.0
12;2021-01-27;1882;18;8959;50;3.2;0.0
12;2021-01-28;1884;211;10843;261;3.9;0.1
12;2021-01-29;1330;44;12173;305;4.4;0.1
12;2021-01-30;359;2;12532;307;4.5;0.1
12;2021-01-31;0;0;12532;307;4.5;0.1
12;2021-02-01;333;89;12865;396;4.6;0.1
12;2021-02-02;457;243;13322;639;4.8;0.2
12;2021-02-03;457;166;13779;805;5.0;0.3
12;2021-02-04;458;525;14237;1330;5.1;0.5
12;2021-02-05;449;183;14686;1513;5.3;0.5
12;2021-02-06;219;68;14905;1581;5.4;0.6
12;2021-02-07;8;0;14913;1581;5.4;0.6
12;2021-02-08;105;316;15018;1897;5.4;0.7
12;2021-02-09;208;341;15226;2238;5.5;0.8
12;2021-02-10;465;472;15691;2710;5.6;1.0
12;2021-02-11;538;346;16229;3056;5.8;1.1
12;2021-02-12;570;345;16799;3401;6.0;1.2
12;2021-02-13;175;134;16974;3535;6.1;1.3
12;2021-02-14;1;0;16975;3535;6.1;1.3
12;2021-02-15;175;379;17150;3914;6.2;1.4
12;2021-02-16;171;513;17321;4427;6.2;1.6
12;2021-02-17;365;1435;17686;5862;6.4;2.1
12;2021-02-18;676;1661;18362;7523;6.6;2.7
12;2021-02-19;593;973;18955;8496;6.8;3.1
12;2021-02-20;103;396;19058;8892;6.8;3.2
12;2021-02-21;0;0;19058;8892;6.8;3.2
12;2021-02-22;149;403;19207;9295;6.9;3.3
12;2021-02-23;157;558;19364;9853;7.0;3.5
12;2021-02-24;157;689;19521;10542;7.0;3.8
12;2021-02-25;201;768;19722;11310;7.1;4.1
12;2021-02-26;320;652;20042;11962;7.2;4.3
12;2021-02-27;190;350;20232;12312;7.3;4.4
12;2021-02-28;13;0;20245;12312;7.3;4.4
12;2021-03-01;51;350;20296;12662;7.3;4.5
12;2021-03-02;190;506;20486;13168;7.4;4.7
12;2021-03-03;243;388;20729;13556;7.4;4.9
12;2021-03-04;277;360;21006;13916;7.5;5.0
12;2021-03-05;421;369;21427;14285;7.7;5.1
12;2021-03-06;793;129;22220;14414;8.0;5.2
12;2021-03-07;140;32;22360;14446;8.0;5.2
12;2021-03-08;234;210;22594;14656;8.1;5.3
12;2021-03-09;716;235;23310;14891;8.4;5.3
12;2021-03-10;782;740;24092;15631;8.7;5.6
12;2021-03-11;918;660;25010;16291;9.0;5.9
12;2021-03-12;1258;525;26268;16816;9.4;6.0
12;2021-03-13;896;137;27164;16953;9.8;6.1
12;2021-03-14;45;2;27209;16955;9.8;6.1
12;2021-03-15;558;155;27767;17110;10.0;6.1
12;2021-03-16;817;160;28584;17270;10.3;6.2
12;2021-03-17;1504;161;30088;17431;10.8;6.3
12;2021-03-18;995;251;31083;17682;11.2;6.4
12;2021-03-19;1382;277;32465;17959;11.7;6.5
12;2021-03-20;724;79;33189;18038;11.9;6.5
12;2021-03-21;264;10;33453;18048;12.0;6.5
12;2021-03-22;606;174;34059;18222;12.2;6.5
12;2021-03-23;1215;173;35274;18395;12.7;6.6
12;2021-03-24;1421;198;36695;18593;13.2;6.7
12;2021-03-25;1844;203;38539;18796;13.8;6.8
12;2021-03-26;1977;222;40516;19018;14.6;6.8
12;2021-03-27;980;65;41496;19083;14.9;6.9
12;2021-03-28;60;1;41556;19084;14.9;6.9
12;2021-03-29;962;81;42518;19165;15.3;6.9
12;2021-03-30;1736;119;44254;19284;15.9;6.9
12;2021-03-31;1460;102;45714;19386;16.4;7.0
12;2021-04-01;1958;159;47672;19545;17.1;7.0
12;2021-04-02;1614;341;49286;19886;17.7;7.1
12;2021-04-03;882;95;50168;19981;18.0;7.2
12;2021-04-04;1;0;50169;19981;18.0;7.2
12;2021-04-05;645;11;50814;19992;18.3;7.2
12;2021-04-06;1154;534;51968;20526;18.7;7.4
12;2021-04-07;1649;629;53617;21155;19.3;7.6
12;2021-04-08;2098;560;55715;21715;20.0;7.8
12;2021-04-09;2112;641;57827;22356;20.8;8.0
12;2021-04-10;1427;218;59254;22574;21.3;8.1
12;2021-04-11;120;1;59374;22575;21.3;8.1
12;2021-04-12;1837;501;61211;23076;22.0;8.3
12;2021-04-13;1907;775;63118;23851;22.7;8.6
12;2021-04-14;1831;1315;64949;25166;23.3;9.0
12;2021-04-15;1937;897;66886;26063;24.0;9.4
12;2021-04-16;1675;1202;68561;27265;24.6;9.8
12;2021-04-17;1554;565;70115;27830;25.2;10.0
12;2021-04-18;0;0;70115;27830;25.2;10.0
12;2021-04-19;1687;547;71802;28377;25.8;10.2
12;2021-04-20;1545;982;73347;29359;26.3;10.5
12;2021-04-21;1690;1179;75037;30538;27.0;11.0
12;2021-04-22;1689;1095;76726;31633;27.6;11.4
12;2021-04-23;1384;1330;78110;32963;28.1;11.8
12;2021-04-24;1451;719;79561;33682;28.6;12.1
12;2021-04-25;60;0;79621;33682;28.6;12.1
12;2021-04-26;1460;898;81081;34580;29.1;12.4
12;2021-04-27;1320;1279;82401;35859;29.6;12.9
12;2021-04-28;1113;1870;83514;37729;30.0;13.6
12;2021-04-29;1571;1912;85085;39641;30.6;14.2
12;2021-04-30;1812;1835;86897;41476;31.2;14.9
12;2021-05-01;1615;259;88512;41735;31.8;15.0
12;2021-05-02;6;0;88518;41735;31.8;15.0
12;2021-05-03;1713;1247;90231;42982;32.4;15.4
12;2021-05-04;1482;1392;91713;44374;32.9;15.9
12;2021-05-05;1292;1674;93005;46048;33.4;16.5
12;2021-05-06;1753;1377;94758;47425;34.0;17.0
12;2021-05-07;1482;1775;96240;49200;34.6;17.7
12;2021-05-08;1330;461;97570;49661;35.1;17.8
12;2021-05-09;13;34;97583;49695;35.1;17.9
12;2021-05-10;827;2217;98410;51912;35.4;18.6
12;2021-05-11;931;1851;99341;53763;35.7;19.3
12;2021-05-12;949;1821;100290;55584;36.0;20.0
12;2021-05-13;1587;810;101877;56394;36.6;20.3
12;2021-05-14;1236;1532;103113;57926;37.0;20.8
12;2021-05-15;1068;1113;104181;59039;37.4;21.2
12;2021-05-16;2;19;104183;59058;37.4;21.2
12;2021-05-17;1082;1811;105265;60869;37.8;21.9
12;2021-05-18;1427;1534;106692;62403;38.3;22.4
12;2021-05-19;1915;1328;108607;63731;39.0;22.9
12;2021-05-20;2115;874;110722;64605;39.8;23.2
12;2021-05-21;1821;1252;112543;65857;40.4;23.7
12;2021-05-22;1206;1013;113749;66870;40.9;24.0
12;2021-05-23;7;12;113756;66882;40.9;24.0
12;2021-05-24;1956;539;115712;67421;41.6;24.2
12;2021-05-25;1737;1160;117449;68581;42.2;24.6
12;2021-05-26;1998;778;119447;69359;42.9;24.9
12;2021-05-27;2164;743;121611;70102;43.7;25.2
12;2021-05-28;1928;1032;123539;71134;44.4;25.6
12;2021-05-29;1637;804;125176;71938;45.0;25.8
12;2021-05-30;9;43;125185;71981;45.0;25.9
12;2021-05-31;1699;815;126884;72796;45.6;26.2
12;2021-06-01;1889;1028;128773;73824;46.3;26.5
12;2021-06-02;1978;1052;130751;74876;47.0;26.9
12;2021-06-03;2121;831;132872;75707;47.7;27.2
12;2021-06-04;1966;1415;134838;77122;48.4;27.7
12;2021-06-05;1738;984;136576;78106;49.1;28.1
12;2021-06-06;5;6;136581;78112;49.1;28.1
12;2021-06-07;1091;1805;137672;79917;49.5;28.7
12;2021-06-08;1333;1200;139005;81117;49.9;29.1
12;2021-06-09;895;1290;139900;82407;50.3;29.6
12;2021-06-10;1022;917;140922;83324;50.6;29.9
12;2021-06-11;1202;2080;142124;85404;51.1;30.7
12;2021-06-12;1033;1320;143157;86724;51.4;31.2
12;2021-06-13;6;47;143163;86771;51.4;31.2
12;2021-06-14;661;1829;143824;88600;51.7;31.8
12;2021-06-15;745;1882;144569;90482;51.9;32.5
12;2021-06-16;821;1816;145390;92298;52.2;33.2
12;2021-06-17;678;995;146068;93293;52.5;33.5
12;2021-06-18;1134;1839;147202;95132;52.9;34.2
12;2021-06-19;915;1405;148117;96537;53.2;34.7
12;2021-06-20;4;10;148121;96547;53.2;34.7
12;2021-06-21;510;1738;148631;98285;53.4;35.3
12;2021-06-22;503;1474;149134;99759;53.6;35.8
12;2021-06-23;579;1306;149713;101065;53.8;36.3
12;2021-06-24;249;545;149962;101610;53.9;36.5
12;2021-06-25;874;1836;150836;103446;54.2;37.2
12;2021-06-26;673;1526;151509;104972;54.4;37.7
12;2021-06-27;1;9;151510;104981;54.4;37.7
12;2021-06-28;468;2452;151978;107433;54.6;38.6
12;2021-06-29;565;1957;152543;109390;54.8;39.3
12;2021-06-30;830;2133;153373;111523;55.1;40.1
12;2021-07-01;343;1086;153716;112609;55.2;40.5
12;2021-07-02;795;2626;154511;115235;55.5;41.4
12;2021-07-03;564;1872;155075;117107;55.7;42.1
12;2021-07-04;1;0;155076;117107;55.7;42.1
12;2021-07-05;439;2408;155515;119515;55.9;42.9
12;2021-07-06;639;2498;156154;122013;56.1;43.8
12;2021-07-07;686;2119;156840;124132;56.3;44.6
12;2021-07-08;293;913;157133;125045;56.4;44.9
12;2021-07-09;721;2590;157854;127635;56.7;45.9
12;2021-07-10;444;2077;158298;129712;56.9;46.6
12;2021-07-11;0;0;158298;129712;56.9;46.6
12;2021-07-12;582;2438;158880;132150;57.1;47.5
12;2021-07-13;838;2593;159718;134743;57.4;48.4
12;2021-07-14;44;25;159762;134768;57.4;48.4
12;2021-07-15;790;2108;160552;136876;57.7;49.2
12;2021-07-16;1244;2557;161796;139433;58.1;50.1
12;2021-07-17;785;2010;162581;141443;58.4;50.8
12;2021-07-18;22;11;162603;141454;58.4;50.8
12;2021-07-19;1315;2006;163918;143460;58.9;51.5
12;2021-07-20;1415;1474;165333;144934;59.4;52.1
12;2021-07-21;1008;936;166341;145870;59.8;52.4
12;2021-07-22;2214;1304;168555;147174;60.6;52.9
12;2021-07-23;1854;2065;170409;149239;61.2;53.6
12;2021-07-24;1597;1565;172006;150804;61.8;54.2
12;2021-07-25;96;28;172102;150832;61.8;54.2
12;2021-07-26;1910;1434;174012;152266;62.5;54.7
12;2021-07-27;2204;1007;176216;153273;63.3;55.1
12;2021-07-28;1699;670;177915;153943;63.9;55.3
12;2021-07-29;1172;798;179087;154741;64.3;55.6
12;2021-07-30;2488;1279;181575;156020;65.2;56.0
12;2021-07-31;1954;1003;183529;157023;65.9;56.4
12;2021-08-01;225;37;183754;157060;66.0;56.4
12;2021-08-02;1807;833;185561;157893;66.7;56.7
12;2021-08-03;1948;771;187509;158664;67.4;57.0
12;2021-08-04;1680;827;189189;159491;68.0;57.3
12;2021-08-05;1624;680;190813;160171;68.5;57.5
12;2021-08-06;1684;1304;192497;161475;69.2;58.0
12;2021-08-07;1436;734;193933;162209;69.7;58.3
12;2021-08-08;0;3;193933;162212;69.7;58.3
12;2021-08-09;1340;1413;195273;163625;70.2;58.8
13;2020-12-27;3;0;3;0;0.0;0.0
13;2020-12-28;3;0;6;0;0.0;0.0
13;2020-12-29;0;0;6;0;0.0;0.0
13;2020-12-30;0;0;6;0;0.0;0.0
13;2020-12-31;5;0;11;0;0.0;0.0
13;2021-01-01;3;0;14;0;0.0;0.0
13;2021-01-02;3;0;17;0;0.0;0.0
13;2021-01-03;6;0;23;0;0.0;0.0
13;2021-01-04;0;0;23;0;0.0;0.0
13;2021-01-05;78;0;101;0;0.0;0.0
13;2021-01-06;122;0;223;0;0.0;0.0
13;2021-01-07;174;1;397;1;0.0;0.0
13;2021-01-08;188;0;585;1;0.0;0.0
13;2021-01-09;10;0;595;1;0.0;0.0
13;2021-01-10;3;0;598;1;0.0;0.0
13;2021-01-11;480;1;1078;2;0.1;0.0
13;2021-01-12;813;1;1891;3;0.1;0.0
13;2021-01-13;1083;1;2974;4;0.1;0.0
13;2021-01-14;1567;17;4541;21;0.2;0.0
13;2021-01-15;1534;6;6075;27;0.3;0.0
13;2021-01-16;407;2;6482;29;0.3;0.0
13;2021-01-17;41;0;6523;29;0.3;0.0
13;2021-01-18;2374;9;8897;38;0.4;0.0
13;2021-01-19;7404;28;16301;66;0.8;0.0
13;2021-01-20;5552;16;21853;82;1.1;0.0
13;2021-01-21;5349;26;27202;108;1.3;0.0
13;2021-01-22;3993;18;31195;126;1.5;0.0
13;2021-01-23;1335;6;32530;132;1.6;0.0
13;2021-01-24;490;4;33020;136;1.6;0.0
13;2021-01-25;2335;25;35355;161;1.7;0.0
13;2021-01-26;2947;90;38302;251;1.9;0.0
13;2021-01-27;3117;120;41419;371;2.0;0.0
13;2021-01-28;3240;191;44659;562;2.2;0.0
13;2021-01-29;2506;127;47165;689;2.3;0.0
13;2021-01-30;1021;11;48186;700;2.4;0.0
13;2021-01-31;248;0;48434;700;2.4;0.0
13;2021-02-01;1855;295;50289;995;2.5;0.0
13;2021-02-02;2254;616;52543;1611;2.6;0.1
13;2021-02-03;1861;577;54404;2188;2.7;0.1
13;2021-02-04;1899;932;56303;3120;2.8;0.2
13;2021-02-05;2625;1560;58928;4680;2.9;0.2
13;2021-02-06;848;314;59776;4994;2.9;0.2
13;2021-02-07;274;6;60050;5000;3.0;0.2
13;2021-02-08;1896;1547;61946;6547;3.0;0.3
13;2021-02-09;3309;4451;65255;10998;3.2;0.5
13;2021-02-10;3219;3434;68474;14432;3.4;0.7
13;2021-02-11;3571;3586;72045;18018;3.5;0.9
13;2021-02-12;2825;3157;74870;21175;3.7;1.0
13;2021-02-13;733;597;75603;21772;3.7;1.1
13;2021-02-14;72;378;75675;22150;3.7;1.1
13;2021-02-15;966;2034;76641;24184;3.8;1.2
13;2021-02-16;1392;2644;78033;26828;3.8;1.3
13;2021-02-17;1345;3007;79378;29835;3.9;1.5
13;2021-02-18;1898;2692;81276;32527;4.0;1.6
13;2021-02-19;1514;2191;82790;34718;4.1;1.7
13;2021-02-20;456;789;83246;35507;4.1;1.7
13;2021-02-21;33;286;83279;35793;4.1;1.8
13;2021-02-22;1022;2267;84301;38060;4.1;1.9
13;2021-02-23;1279;2679;85580;40739;4.2;2.0
13;2021-02-24;1506;2626;87086;43365;4.3;2.1
13;2021-02-25;2384;2156;89470;45521;4.4;2.2
13;2021-02-26;2456;2114;91926;47635;4.5;2.3
13;2021-02-27;981;750;92907;48385;4.6;2.4
13;2021-02-28;192;204;93099;48589;4.6;2.4
13;2021-03-01;1915;1530;95014;50119;4.7;2.5
13;2021-03-02;3003;2628;98017;52747;4.8;2.6
13;2021-03-03;3481;2583;101498;55330;5.0;2.7
13;2021-03-04;4195;3156;105693;58486;5.2;2.9
13;2021-03-05;4041;2789;109734;61275;5.4;3.0
13;2021-03-06;5295;832;115029;62107;5.7;3.1
13;2021-03-07;4289;362;119318;62469;5.9;3.1
13;2021-03-08;3923;1997;123241;64466;6.1;3.2
13;2021-03-09;5071;2267;128312;66733;6.3;3.3
13;2021-03-10;5177;1980;133489;68713;6.6;3.4
13;2021-03-11;7300;2125;140789;70838;6.9;3.5
13;2021-03-12;8319;2091;149108;72929;7.3;3.6
13;2021-03-13;6376;710;155484;73639;7.6;3.6
13;2021-03-14;2312;161;157796;73800;7.8;3.6
13;2021-03-15;6351;1287;164147;75087;8.1;3.7
13;2021-03-16;5073;1516;169220;76603;8.3;3.8
13;2021-03-17;5172;1398;174392;78001;8.6;3.8
13;2021-03-18;5817;1863;180209;79864;8.9;3.9
13;2021-03-19;6801;1609;187010;81473;9.2;4.0
13;2021-03-20;4037;695;191047;82168;9.4;4.0
13;2021-03-21;724;82;191771;82250;9.4;4.0
13;2021-03-22;7293;1549;199064;83799;9.8;4.1
13;2021-03-23;9120;1731;208184;85530;10.2;4.2
13;2021-03-24;8854;2177;217038;87707;10.7;4.3
13;2021-03-25;10907;2083;227945;89790;11.2;4.4
13;2021-03-26;10707;1887;238652;91677;11.7;4.5
13;2021-03-27;4865;826;243517;92503;12.0;4.5
13;2021-03-28;1119;81;244636;92584;12.0;4.6
13;2021-03-29;7572;1983;252208;94567;12.4;4.6
13;2021-03-30;12605;2483;264813;97050;13.0;4.8
13;2021-03-31;10813;3127;275626;100177;13.5;4.9
13;2021-04-01;12251;3043;287877;103220;14.1;5.1
13;2021-04-02;9788;3879;297665;107099;14.6;5.3
13;2021-04-03;4005;2800;301670;109899;14.8;5.4
13;2021-04-04;629;304;302299;110203;14.9;5.4
13;2021-04-05;3528;720;305827;110923;15.0;5.5
13;2021-04-06;8514;4241;314341;115164;15.5;5.7
13;2021-04-07;10076;4671;324417;119835;15.9;5.9
13;2021-04-08;10106;5446;334523;125281;16.4;6.2
13;2021-04-09;11252;5095;345775;130376;17.0;6.4
13;2021-04-10;7299;2081;353074;132457;17.4;6.5
13;2021-04-11;1377;533;354451;132990;17.4;6.5
13;2021-04-12;7977;4775;362428;137765;17.8;6.8
13;2021-04-13;9139;5470;371567;143235;18.3;7.0
13;2021-04-14;9529;5798;381096;149033;18.7;7.3
13;2021-04-15;9870;5945;390966;154978;19.2;7.6
13;2021-04-16;9968;5553;400934;160531;19.7;7.9
13;2021-04-17;4078;2013;405012;162544;19.9;8.0
13;2021-04-18;2523;1421;407535;163965;20.0;8.1
13;2021-04-19;6449;6397;413984;170362;20.3;8.4
13;2021-04-20;7400;7594;421384;177956;20.7;8.7
13;2021-04-21;7773;7360;429157;185316;21.1;9.1
13;2021-04-22;8463;7912;437620;193228;21.5;9.5
13;2021-04-23;8368;6774;445988;200002;21.9;9.8
13;2021-04-24;4621;3820;450609;203822;22.1;10.0
13;2021-04-25;873;524;451482;204346;22.2;10.0
13;2021-04-26;6167;7108;457649;211454;22.5;10.4
13;2021-04-27;7259;8019;464908;219473;22.9;10.8
13;2021-04-28;9448;7707;474356;227180;23.3;11.2
13;2021-04-29;11404;7544;485760;234724;23.9;11.5
13;2021-04-30;10921;7352;496681;242076;24.4;11.9
13;2021-05-01;5368;3785;502049;245861;24.7;12.1
13;2021-05-02;2098;745;504147;246606;24.8;12.1
13;2021-05-03;7301;7853;511448;254459;25.1;12.5
13;2021-05-04;8446;8513;519894;262972;25.6;12.9
13;2021-05-05;8230;8962;528124;271934;26.0;13.4
13;2021-05-06;10138;8583;538262;280517;26.5;13.8
13;2021-05-07;8849;10027;547111;290544;26.9;14.3
13;2021-05-08;4566;3926;551677;294470;27.1;14.5
13;2021-05-09;936;683;552613;295153;27.2;14.5
13;2021-05-10;7716;8759;560329;303912;27.5;14.9
13;2021-05-11;10976;9563;571305;313475;28.1;15.4
13;2021-05-12;12839;8715;584144;322190;28.7;15.8
13;2021-05-13;9508;3628;593652;325818;29.2;16.0
13;2021-05-14;13661;6443;607313;332261;29.9;16.3
13;2021-05-15;10200;4525;617513;336786;30.4;16.6
13;2021-05-16;3124;788;620637;337574;30.5;16.6
13;2021-05-17;10847;6814;631484;344388;31.0;16.9
13;2021-05-18;11915;6463;643399;350851;31.6;17.2
13;2021-05-19;12157;6339;655556;357190;32.2;17.6
13;2021-05-20;13447;6452;669003;363642;32.9;17.9
13;2021-05-21;12994;6768;681997;370410;33.5;18.2
13;2021-05-22;7514;3633;689511;374043;33.9;18.4
13;2021-05-23;863;639;690374;374682;33.9;18.4
13;2021-05-24;6767;2473;697141;377155;34.3;18.5
13;2021-05-25;9272;7594;706413;384749;34.7;18.9
13;2021-05-26;10138;7837;716551;392586;35.2;19.3
13;2021-05-27;10350;8414;726901;401000;35.7;19.7
13;2021-05-28;8995;9168;735896;410168;36.2;20.2
13;2021-05-29;7176;4630;743072;414798;36.5;20.4
13;2021-05-30;891;527;743963;415325;36.6;20.4
13;2021-05-31;8189;8033;752152;423358;37.0;20.8
13;2021-06-01;9583;9300;761735;432658;37.4;21.3
13;2021-06-02;10078;8793;771813;441451;37.9;21.7
13;2021-06-03;12283;9480;784096;450931;38.5;22.2
13;2021-06-04;12035;10039;796131;460970;39.1;22.7
13;2021-06-05;7824;5578;803955;466548;39.5;22.9
13;2021-06-06;1670;882;805625;467430;39.6;23.0
13;2021-06-07;6685;9883;812310;477313;39.9;23.5
13;2021-06-08;8311;9981;820621;487294;40.3;24.0
13;2021-06-09;8394;9736;829015;497030;40.7;24.4
13;2021-06-10;8933;9761;837948;506791;41.2;24.9
13;2021-06-11;8231;12695;846179;519486;41.6;25.5
13;2021-06-12;5786;6705;851965;526191;41.9;25.9
13;2021-06-13;950;1214;852915;527405;41.9;25.9
13;2021-06-14;5998;11136;858913;538541;42.2;26.5
13;2021-06-15;7282;11397;866195;549938;42.6;27.0
13;2021-06-16;7337;9877;873532;559815;42.9;27.5
13;2021-06-17;7428;10700;880960;570515;43.3;28.0
13;2021-06-18;7500;11073;888460;581588;43.7;28.6
13;2021-06-19;4611;7484;893071;589072;43.9;29.0
13;2021-06-20;955;1045;894026;590117;43.9;29.0
13;2021-06-21;4459;12254;898485;602371;44.2;29.6
13;2021-06-22;4927;13865;903412;616236;44.4;30.3
13;2021-06-23;5135;13567;908547;629803;44.7;31.0
13;2021-06-24;5312;12836;913859;642639;44.9;31.6
13;2021-06-25;5192;14670;919051;657309;45.2;32.3
13;2021-06-26;3018;9670;922069;666979;45.3;32.8
13;2021-06-27;535;930;922604;667909;45.3;32.8
13;2021-06-28;3718;12551;926322;680460;45.5;33.4
13;2021-06-29;4469;12894;930791;693354;45.8;34.1
13;2021-06-30;4828;12686;935619;706040;46.0;34.7
13;2021-07-01;5430;11473;941049;717513;46.3;35.3
13;2021-07-02;5507;12388;946556;729901;46.5;35.9
13;2021-07-03;3489;9152;950045;739053;46.7;36.3
13;2021-07-04;475;867;950520;739920;46.7;36.4
13;2021-07-05;3709;11779;954229;751699;46.9;36.9
13;2021-07-06;5416;11674;959645;763373;47.2;37.5
13;2021-07-07;5589;10683;965234;774056;47.4;38.0
13;2021-07-08;6194;10297;971428;784353;47.7;38.6
13;2021-07-09;5899;11911;977327;796264;48.0;39.1
13;2021-07-10;3151;8638;980478;804902;48.2;39.6
13;2021-07-11;431;1011;980909;805913;48.2;39.6
13;2021-07-12;4458;10958;985367;816871;48.4;40.2
13;2021-07-13;8925;13127;994292;829998;48.9;40.8
13;2021-07-14;5580;4837;999872;834835;49.1;41.0
13;2021-07-15;11347;12883;1011219;847718;49.7;41.7
13;2021-07-16;12112;12865;1023331;860583;50.3;42.3
13;2021-07-17;6548;8453;1029879;869036;50.6;42.7
13;2021-07-18;716;1058;1030595;870094;50.7;42.8
13;2021-07-19;9736;11120;1040331;881214;51.1;43.3
13;2021-07-20;12170;11615;1052501;892829;51.7;43.9
13;2021-07-21;12575;10262;1065076;903091;52.4;44.4
13;2021-07-22;14461;10351;1079537;913442;53.1;44.9
13;2021-07-23;14336;10846;1093873;924288;53.8;45.4
13;2021-07-24;8296;7938;1102169;932226;54.2;45.8
13;2021-07-25;1008;783;1103177;933009;54.2;45.9
13;2021-07-26;11552;9013;1114729;942022;54.8;46.3
13;2021-07-27;13429;9302;1128158;951324;55.5;46.8
13;2021-07-28;12235;8099;1140393;959423;56.1;47.2
13;2021-07-29;13704;8034;1154097;967457;56.7;47.6
13;2021-07-30;13573;8558;1167670;976015;57.4;48.0
13;2021-07-31;8625;5774;1176295;981789;57.8;48.3
13;2021-08-01;1098;710;1177393;982499;57.9;48.3
13;2021-08-02;9918;6609;1187311;989108;58.4;48.6
13;2021-08-03;10910;7198;1198221;996306;58.9;49.0
13;2021-08-04;9307;6484;1207528;1002790;59.4;49.3
13;2021-08-05;9323;7426;1216851;1010216;59.8;49.7
13;2021-08-06;9011;8925;1225862;1019141;60.3;50.1
13;2021-08-07;5357;5492;1231219;1024633;60.5;50.4
13;2021-08-08;886;784;1232105;1025417;60.6;50.4
13;2021-08-09;8130;8925;1240235;1034342;61.0;50.8
14;2020-12-27;0;0;0;0;0.0;0.0
14;2020-12-28;1;1;1;1;0.0;0.0
14;2020-12-29;0;0;1;1;0.0;0.0
14;2020-12-30;0;0;1;1;0.0;0.0
14;2020-12-31;3;0;4;1;0.0;0.0
14;2021-01-01;1;0;5;1;0.0;0.0
14;2021-01-02;1;0;6;1;0.0;0.0
14;2021-01-03;0;0;6;1;0.0;0.0
14;2021-01-04;9;0;15;1;0.0;0.0
14;2021-01-05;24;0;39;1;0.0;0.0
14;2021-01-06;348;0;387;1;0.1;0.0
14;2021-01-07;396;2;783;3;0.1;0.0
14;2021-01-08;613;2;1396;5;0.2;0.0
14;2021-01-09;127;0;1523;5;0.2;0.0
14;2021-01-10;41;0;1564;5;0.2;0.0
14;2021-01-11;664;1;2228;6;0.3;0.0
14;2021-01-12;934;1;3162;7;0.5;0.0
14;2021-01-13;847;1;4009;8;0.6;0.0
14;2021-01-14;2800;17;6809;25;1.0;0.0
14;2021-01-15;1883;17;8692;42;1.3;0.0
14;2021-01-16;271;2;8963;44;1.3;0.0
14;2021-01-17;145;4;9108;48;1.3;0.0
14;2021-01-18;1084;3;10192;51;1.5;0.0
14;2021-01-19;1152;2;11344;53;1.6;0.0
14;2021-01-20;1987;4;13331;57;1.9;0.0
14;2021-01-21;1811;6;15142;63;2.2;0.0
14;2021-01-22;1490;2;16632;65;2.4;0.0
14;2021-01-23;297;1;16929;66;2.4;0.0
14;2021-01-24;71;0;17000;66;2.5;0.0
14;2021-01-25;910;10;17910;76;2.6;0.0
14;2021-01-26;848;37;18758;113;2.7;0.0
14;2021-01-27;882;158;19640;271;2.8;0.0
14;2021-01-28;781;143;20421;414;3.0;0.1
14;2021-01-29;781;229;21202;643;3.1;0.1
14;2021-01-30;269;12;21471;655;3.1;0.1
14;2021-01-31;58;3;21529;658;3.1;0.1
14;2021-02-01;727;230;22256;888;3.2;0.1
14;2021-02-02;824;424;23080;1312;3.3;0.2
14;2021-02-03;748;388;23828;1700;3.4;0.2
14;2021-02-04;1168;2060;24996;3760;3.6;0.5
14;2021-02-05;1294;1316;26290;5076;3.8;0.7
14;2021-02-06;394;240;26684;5316;3.9;0.8
14;2021-02-07;179;73;26863;5389;3.9;0.8
14;2021-02-08;774;825;27637;6214;4.0;0.9
14;2021-02-09;719;1009;28356;7223;4.1;1.0
14;2021-02-10;824;1610;29180;8833;4.2;1.3
14;2021-02-11;1350;1432;30530;10265;4.4;1.5
14;2021-02-12;1380;1081;31910;11346;4.6;1.6
14;2021-02-13;308;185;32218;11531;4.7;1.7
14;2021-02-14;84;66;32302;11597;4.7;1.7
14;2021-02-15;442;1087;32744;12684;4.7;1.8
14;2021-02-16;677;983;33421;13667;4.8;2.0
14;2021-02-17;405;984;33826;14651;4.9;2.1
14;2021-02-18;705;886;34531;15537;5.0;2.2
14;2021-02-19;733;782;35264;16319;5.1;2.4
14;2021-02-20;88;271;35352;16590;5.1;2.4
14;2021-02-21;6;90;35358;16680;5.1;2.4
14;2021-02-22;432;1049;35790;17729;5.2;2.6
14;2021-02-23;486;920;36276;18649;5.2;2.7
14;2021-02-24;439;897;36715;19546;5.3;2.8
14;2021-02-25;1223;1177;37938;20723;5.5;3.0
14;2021-02-26;1576;1166;39514;21889;5.7;3.2
14;2021-02-27;506;268;40020;22157;5.8;3.2
14;2021-02-28;27;42;40047;22199;5.8;3.2
14;2021-03-01;521;928;40568;23127;5.9;3.3
14;2021-03-02;967;808;41535;23935;6.0;3.5
14;2021-03-03;1078;833;42613;24768;6.2;3.6
14;2021-03-04;1947;789;44560;25557;6.4;3.7
14;2021-03-05;2429;870;46989;26427;6.8;3.8
14;2021-03-06;3074;200;50063;26627;7.2;3.9
14;2021-03-07;1195;60;51258;26687;7.4;3.9
14;2021-03-08;1249;812;52507;27499;7.6;4.0
14;2021-03-09;1742;693;54249;28192;7.8;4.1
14;2021-03-10;1834;588;56083;28780;8.1;4.2
14;2021-03-11;2752;474;58835;29254;8.5;4.2
14;2021-03-12;4043;559;62878;29813;9.1;4.3
14;2021-03-13;1851;174;64729;29987;9.4;4.3
14;2021-03-14;31;40;64760;30027;9.4;4.3
14;2021-03-15;2005;136;66765;30163;9.7;4.4
14;2021-03-16;1400;277;68165;30440;9.9;4.4
14;2021-03-17;1155;195;69320;30635;10.0;4.4
14;2021-03-18;1479;305;70799;30940;10.2;4.5
14;2021-03-19;2602;267;73401;31207;10.6;4.5
14;2021-03-20;2655;35;76056;31242;11.0;4.5
14;2021-03-21;453;8;76509;31250;11.1;4.5
14;2021-03-22;1871;356;78380;31606;11.3;4.6
14;2021-03-23;2176;321;80556;31927;11.7;4.6
14;2021-03-24;2432;192;82988;32119;12.0;4.6
14;2021-03-25;3290;319;86278;32438;12.5;4.7
14;2021-03-26;4606;464;90884;32902;13.1;4.8
14;2021-03-27;2231;227;93115;33129;13.5;4.8
14;2021-03-28;36;1;93151;33130;13.5;4.8
14;2021-03-29;1610;481;94761;33611;13.7;4.9
14;2021-03-30;2718;515;97479;34126;14.1;4.9
14;2021-03-31;2323;918;99802;35044;14.4;5.1
14;2021-04-01;4173;1672;103975;36716;15.0;5.3
14;2021-04-02;3865;1265;107840;37981;15.6;5.5
14;2021-04-03;1129;1202;108969;39183;15.8;5.7
14;2021-04-04;25;482;108994;39665;15.8;5.7
14;2021-04-05;1218;321;110212;39986;15.9;5.8
14;2021-04-06;2383;994;112595;40980;16.3;5.9
14;2021-04-07;2726;1034;115321;42014;16.7;6.1
14;2021-04-08;4299;1113;119620;43127;17.3;6.2
14;2021-04-09;6028;1174;125648;44301;18.2;6.4
14;2021-04-10;2894;434;128542;44735;18.6;6.5
14;2021-04-11;628;121;129170;44856;18.7;6.5
14;2021-04-12;2915;1584;132085;46440;19.1;6.7
14;2021-04-13;3470;1445;135555;47885;19.6;6.9
14;2021-04-14;3116;1164;138671;49049;20.1;7.1
14;2021-04-15;4398;1511;143069;50560;20.7;7.3
14;2021-04-16;4600;1557;147669;52117;21.4;7.5
14;2021-04-17;2314;1663;149983;53780;21.7;7.8
14;2021-04-18;539;325;150522;54105;21.8;7.8
14;2021-04-19;2758;1707;153280;55812;22.2;8.1
14;2021-04-20;3388;1831;156668;57643;22.7;8.3
14;2021-04-21;3009;1468;159677;59111;23.1;8.5
14;2021-04-22;4225;2082;163902;61193;23.7;8.8
14;2021-04-23;4642;2288;168544;63481;24.4;9.2
14;2021-04-24;1850;1754;170394;65235;24.6;9.4
14;2021-04-25;456;27;170850;65262;24.7;9.4
14;2021-04-26;3375;1566;174225;66828;25.2;9.7
14;2021-04-27;3504;2572;177729;69400;25.7;10.0
14;2021-04-28;3243;1896;180972;71296;26.2;10.3
14;2021-04-29;4546;2309;185518;73605;26.8;10.6
14;2021-04-30;5121;2638;190639;76243;27.6;11.0
14;2021-05-01;3553;194;194192;76437;28.1;11.1
14;2021-05-02;1237;54;195429;76491;28.3;11.1
14;2021-05-03;2484;2766;197913;79257;28.6;11.5
14;2021-05-04;3128;2907;201041;82164;29.1;11.9
14;2021-05-05;3687;2756;204728;84920;29.6;12.3
14;2021-05-06;4931;3480;209659;88400;30.3;12.8
14;2021-05-07;4866;3853;214525;92253;31.0;13.3
14;2021-05-08;2728;1263;217253;93516;31.4;13.5
14;2021-05-09;1916;668;219169;94184;31.7;13.6
14;2021-05-10;3633;3148;222802;97332;32.2;14.1
14;2021-05-11;4346;3603;227148;100935;32.9;14.6
14;2021-05-12;4050;3218;231198;104153;33.4;15.1
14;2021-05-13;4691;1131;235889;105284;34.1;15.2
14;2021-05-14;6673;2631;242562;107915;35.1;15.6
14;2021-05-15;5143;774;247705;108689;35.8;15.7
14;2021-05-16;2318;121;250023;108810;36.2;15.7
14;2021-05-17;2822;2263;252845;111073;36.6;16.1
14;2021-05-18;4087;2241;256932;113314;37.2;16.4
14;2021-05-19;3749;2017;260681;115331;37.7;16.7
14;2021-05-20;4478;2764;265159;118095;38.3;17.1
14;2021-05-21;4271;3526;269430;121621;39.0;17.6
14;2021-05-22;1670;867;271100;122488;39.2;17.7
14;2021-05-23;648;71;271748;122559;39.3;17.7
14;2021-05-24;2844;748;274592;123307;39.7;17.8
14;2021-05-25;3631;3388;278223;126695;40.2;18.3
14;2021-05-26;3432;2407;281655;129102;40.7;18.7
14;2021-05-27;4770;3237;286425;132339;41.4;19.1
14;2021-05-28;5089;3893;291514;136232;42.2;19.7
14;2021-05-29;2341;2455;293855;138687;42.5;20.1
14;2021-05-30;759;239;294614;138926;42.6;20.1
14;2021-05-31;4093;2966;298707;141892;43.2;20.5
14;2021-06-01;5740;3217;304447;145109;44.0;21.0
14;2021-06-02;5028;2853;309475;147962;44.8;21.4
14;2021-06-03;6661;4012;316136;151974;45.7;22.0
14;2021-06-04;6445;5135;322581;157109;46.7;22.7
14;2021-06-05;4355;1866;326936;158975;47.3;23.0
14;2021-06-06;2041;83;328977;159058;47.6;23.0
14;2021-06-07;4247;3450;333224;162508;48.2;23.5
14;2021-06-08;5237;3129;338461;165637;48.9;24.0
14;2021-06-09;4273;2965;342734;168602;49.6;24.4
14;2021-06-10;5079;2967;347813;171569;50.3;24.8
14;2021-06-11;4839;4887;352652;176456;51.0;25.5
14;2021-06-12;3681;4511;356333;180967;51.5;26.2
14;2021-06-13;848;1090;357181;182057;51.7;26.3
14;2021-06-14;2184;3792;359365;185849;52.0;26.9
14;2021-06-15;3313;3970;362678;189819;52.5;27.5
14;2021-06-16;3446;4554;366124;194373;52.9;28.1
14;2021-06-17;4232;5267;370356;199640;53.6;28.9
14;2021-06-18;3732;6118;374088;205758;54.1;29.8
14;2021-06-19;2589;2949;376677;208707;54.5;30.2
14;2021-06-20;579;1556;377256;210263;54.6;30.4
14;2021-06-21;2123;4361;379379;214624;54.9;31.0
14;2021-06-22;2582;5177;381961;219801;55.2;31.8
14;2021-06-23;2502;4346;384463;224147;55.6;32.4
14;2021-06-24;3451;5806;387914;229953;56.1;33.3
14;2021-06-25;2747;7279;390661;237232;56.5;34.3
14;2021-06-26;2173;4540;392834;241772;56.8;35.0
14;2021-06-27;440;1829;393274;243601;56.9;35.2
14;2021-06-28;1309;3968;394583;247569;57.1;35.8
14;2021-06-29;1786;5363;396369;252932;57.3;36.6
14;2021-06-30;1980;4615;398349;257547;57.6;37.2
14;2021-07-01;2928;5066;401277;262613;58.0;38.0
14;2021-07-02;2594;6665;403871;269278;58.4;38.9
14;2021-07-03;1426;2647;405297;271925;58.6;39.3
14;2021-07-04;422;714;405719;272639;58.7;39.4
14;2021-07-05;1190;4781;406909;277420;58.8;40.1
14;2021-07-06;2087;5999;408996;283419;59.2;41.0
14;2021-07-07;2251;4577;411247;287996;59.5;41.7
14;2021-07-08;2904;5522;414151;293518;59.9;42.4
14;2021-07-09;2765;6439;416916;299957;60.3;43.4
14;2021-07-10;2037;3200;418953;303157;60.6;43.8
14;2021-07-11;897;872;419850;304029;60.7;44.0
14;2021-07-12;1628;5906;421478;309935;61.0;44.8
14;2021-07-13;3059;7344;424537;317279;61.4;45.9
14;2021-07-14;2245;3053;426782;320332;61.7;46.3
14;2021-07-15;4152;7666;430934;327998;62.3;47.4
14;2021-07-16;4685;7703;435619;335701;63.0;48.6
14;2021-07-17;2097;4208;437716;339909;63.3;49.2
14;2021-07-18;813;1869;438529;341778;63.4;49.4
14;2021-07-19;2572;6124;441101;347902;63.8;50.3
14;2021-07-20;3232;7263;444333;355165;64.3;51.4
14;2021-07-21;4081;5835;448414;361000;64.9;52.2
14;2021-07-22;4746;6595;453160;367595;65.5;53.2
14;2021-07-23;5351;6759;458511;374354;66.3;54.1
14;2021-07-24;3069;3789;461580;378143;66.8;54.7
14;2021-07-25;1498;1243;463078;379386;67.0;54.9
14;2021-07-26;4659;4182;467737;383568;67.6;55.5
14;2021-07-27;5360;4354;473097;387922;68.4;56.1
14;2021-07-28;5086;3964;478183;391886;69.2;56.7
14;2021-07-29;6394;4879;484577;396765;70.1;57.4
14;2021-07-30;5788;5162;490365;401927;70.9;58.1
14;2021-07-31;2757;2500;493122;404427;71.3;58.5
14;2021-08-01;1890;930;495012;405357;71.6;58.6
14;2021-08-02;3881;4288;498893;409645;72.2;59.2
14;2021-08-03;4445;4156;503338;413801;72.8;59.8
14;2021-08-04;4521;3523;507859;417324;73.4;60.4
14;2021-08-05;4601;4022;512460;421346;74.1;60.9
14;2021-08-06;4395;4789;516855;426135;74.7;61.6
14;2021-08-07;2123;2293;518978;428428;75.1;62.0
14;2021-08-08;623;852;519601;429280;75.1;62.1
14;2021-08-09;2122;2873;521723;432153;75.5;62.5
15;2020-12-27;2;0;2;0;0.0;0.0
15;2020-12-28;0;0;2;0;0.0;0.0
15;2020-12-29;0;0;2;0;0.0;0.0
15;2020-12-30;0;0;2;0;0.0;0.0
15;2020-12-31;0;0;2;0;0.0;0.0
15;2021-01-01;1;0;3;0;0.0;0.0
15;2021-01-02;0;0;3;0;0.0;0.0
15;2021-01-03;0;0;3;0;0.0;0.0
15;2021-01-04;0;0;3;0;0.0;0.0
15;2021-01-05;0;0;3;0;0.0;0.0
15;2021-01-06;0;0;3;0;0.0;0.0
15;2021-01-07;71;0;74;0;0.1;0.0
15;2021-01-08;109;0;183;0;0.1;0.0
15;2021-01-09;0;0;183;0;0.1;0.0
15;2021-01-10;1;0;184;0;0.1;0.0
15;2021-01-11;99;0;283;0;0.2;0.0
15;2021-01-12;92;0;375;0;0.3;0.0
15;2021-01-13;230;0;605;0;0.4;0.0
15;2021-01-14;308;1;913;1;0.6;0.0
15;2021-01-15;138;0;1051;1;0.7;0.0
15;2021-01-16;90;0;1141;1;0.8;0.0
15;2021-01-17;0;0;1141;1;0.8;0.0
15;2021-01-18;404;2;1545;3;1.1;0.0
15;2021-01-19;550;0;2095;3;1.5;0.0
15;2021-01-20;627;1;2722;4;1.9;0.0
15;2021-01-21;575;3;3297;7;2.3;0.0
15;2021-01-22;503;2;3800;9;2.7;0.0
15;2021-01-23;432;1;4232;10;3.0;0.0
15;2021-01-24;6;0;4238;10;3.0;0.0
15;2021-01-25;400;0;4638;10;3.2;0.0
15;2021-01-26;437;0;5075;10;3.6;0.0
15;2021-01-27;735;0;5810;10;4.1;0.0
15;2021-01-28;625;51;6435;61;4.5;0.0
15;2021-01-29;333;82;6768;143;4.7;0.1
15;2021-01-30;218;3;6986;146;4.9;0.1
15;2021-01-31;0;0;6986;146;4.9;0.1
15;2021-02-01;238;89;7224;235;5.1;0.2
15;2021-02-02;189;90;7413;325;5.2;0.2
15;2021-02-03;266;158;7679;483;5.4;0.3
15;2021-02-04;663;205;8342;688;5.8;0.5
15;2021-02-05;297;256;8639;944;6.0;0.7
15;2021-02-06;98;76;8737;1020;6.1;0.7
15;2021-02-07;0;0;8737;1020;6.1;0.7
15;2021-02-08;233;107;8970;1127;6.3;0.8
15;2021-02-09;205;118;9175;1245;6.4;0.9
15;2021-02-10;338;299;9513;1544;6.7;1.1
15;2021-02-11;116;239;9629;1783;6.7;1.2
15;2021-02-12;136;160;9765;1943;6.8;1.4
15;2021-02-13;92;78;9857;2021;6.9;1.4
15;2021-02-14;0;0;9857;2021;6.9;1.4
15;2021-02-15;63;215;9920;2236;6.9;1.6
15;2021-02-16;52;295;9972;2531;7.0;1.8
15;2021-02-17;134;472;10106;3003;7.1;2.1
15;2021-02-18;87;747;10193;3750;7.1;2.6
15;2021-02-19;90;431;10283;4181;7.2;2.9
15;2021-02-20;20;259;10303;4440;7.2;3.1
15;2021-02-21;0;0;10303;4440;7.2;3.1
15;2021-02-22;23;497;10326;4937;7.2;3.5
15;2021-02-23;180;457;10506;5394;7.4;3.8
15;2021-02-24;31;456;10537;5850;7.4;4.1
15;2021-02-25;228;1002;10765;6852;7.5;4.8
15;2021-02-26;186;476;10951;7328;7.7;5.1
15;2021-02-27;146;88;11097;7416;7.8;5.2
15;2021-02-28;1;0;11098;7416;7.8;5.2
15;2021-03-01;121;222;11219;7638;7.9;5.3
15;2021-03-02;250;307;11469;7945;8.0;5.6
15;2021-03-03;207;29;11676;7974;8.2;5.6
15;2021-03-04;246;249;11922;8223;8.3;5.8
15;2021-03-05;348;171;12270;8394;8.6;5.9
15;2021-03-06;680;11;12950;8405;9.1;5.9
15;2021-03-07;81;1;13031;8406;9.1;5.9
15;2021-03-08;93;106;13124;8512;9.2;6.0
15;2021-03-09;280;291;13404;8803;9.4;6.2
15;2021-03-10;416;166;13820;8969;9.7;6.3
15;2021-03-11;434;296;14254;9265;10.0;6.5
15;2021-03-12;524;95;14778;9360;10.3;6.6
15;2021-03-13;355;7;15133;9367;10.6;6.6
15;2021-03-14;18;0;15151;9367;10.6;6.6
15;2021-03-15;542;62;15693;9429;11.0;6.6
15;2021-03-16;328;21;16021;9450;11.2;6.6
15;2021-03-17;130;53;16151;9503;11.3;6.7
15;2021-03-18;250;95;16401;9598;11.5;6.7
15;2021-03-19;669;30;17070;9628;12.0;6.7
15;2021-03-20;148;36;17218;9664;12.1;6.8
15;2021-03-21;6;0;17224;9664;12.1;6.8
15;2021-03-22;574;77;17798;9741;12.5;6.8
15;2021-03-23;775;95;18573;9836;13.0;6.9
15;2021-03-24;937;35;19510;9871;13.7;6.9
15;2021-03-25;1282;30;20792;9901;14.6;6.9
15;2021-03-26;1009;57;21801;9958;15.3;7.0
15;2021-03-27;301;6;22102;9964;15.5;7.0
15;2021-03-28;20;0;22122;9964;15.5;7.0
15;2021-03-29;781;16;22903;9980;16.0;7.0
15;2021-03-30;1134;199;24037;10179;16.8;7.1
15;2021-03-31;940;23;24977;10202;17.5;7.1
15;2021-04-01;1233;58;26210;10260;18.4;7.2
15;2021-04-02;1142;57;27352;10317;19.2;7.2
15;2021-04-03;120;18;27472;10335;19.2;7.2
15;2021-04-04;0;0;27472;10335;19.2;7.2
15;2021-04-05;33;1;27505;10336;19.3;7.2
15;2021-04-06;834;84;28339;10420;19.8;7.3
15;2021-04-07;663;101;29002;10521;20.3;7.4
15;2021-04-08;1247;137;30249;10658;21.2;7.5
15;2021-04-09;1277;97;31526;10755;22.1;7.5
15;2021-04-10;364;19;31890;10774;22.3;7.5
15;2021-04-11;14;0;31904;10774;22.3;7.5
15;2021-04-12;644;458;32548;11232;22.8;7.9
15;2021-04-13;1124;322;33672;11554;23.6;8.1
15;2021-04-14;1038;198;34710;11752;24.3;8.2
15;2021-04-15;1183;306;35893;12058;25.1;8.4
15;2021-04-16;1038;555;36931;12613;25.9;8.8
15;2021-04-17;444;12;37375;12625;26.2;8.8
15;2021-04-18;0;10;37375;12635;26.2;8.8
15;2021-04-19;540;513;37915;13148;26.5;9.2
15;2021-04-20;847;613;38762;13761;27.1;9.6
15;2021-04-21;594;650;39356;14411;27.6;10.1
15;2021-04-22;728;775;40084;15186;28.1;10.6
15;2021-04-23;731;680;40815;15866;28.6;11.1
15;2021-04-24;363;123;41178;15989;28.8;11.2
15;2021-04-25;1;3;41179;15992;28.8;11.2
15;2021-04-26;324;632;41503;16624;29.1;11.6
15;2021-04-27;469;934;41972;17558;29.4;12.3
15;2021-04-28;378;788;42350;18346;29.7;12.8
15;2021-04-29;586;1010;42936;19356;30.1;13.6
15;2021-04-30;547;1078;43483;20434;30.4;14.3
15;2021-05-01;283;30;43766;20464;30.6;14.3
15;2021-05-02;0;0;43766;20464;30.6;14.3
15;2021-05-03;881;331;44647;20795;31.3;14.6
15;2021-05-04;802;857;45449;21652;31.8;15.2
15;2021-05-05;676;680;46125;22332;32.3;15.6
15;2021-05-06;826;967;46951;23299;32.9;16.3
15;2021-05-07;1153;906;48104;24205;33.7;16.9
15;2021-05-08;492;55;48596;24260;34.0;17.0
15;2021-05-09;24;9;48620;24269;34.0;17.0
15;2021-05-10;705;912;49325;25181;34.5;17.6
15;2021-05-11;1185;1185;50510;26366;35.4;18.5
15;2021-05-12;1147;834;51657;27200;36.2;19.0
15;2021-05-13;1165;440;52822;27640;37.0;19.4
15;2021-05-14;1504;581;54326;28221;38.0;19.8
15;2021-05-15;1410;417;55736;28638;39.0;20.1
15;2021-05-16;1;10;55737;28648;39.0;20.1
15;2021-05-17;1000;606;56737;29254;39.7;20.5
15;2021-05-18;1222;972;57959;30226;40.6;21.2
15;2021-05-19;1020;460;58979;30686;41.3;21.5
15;2021-05-20;1239;776;60218;31462;42.2;22.0
15;2021-05-21;1349;748;61567;32210;43.1;22.6
15;2021-05-22;527;188;62094;32398;43.5;22.7
15;2021-05-23;2;11;62096;32409;43.5;22.7
15;2021-05-24;693;257;62789;32666;44.0;22.9
15;2021-05-25;1151;620;63940;33286;44.8;23.3
15;2021-05-26;1095;459;65035;33745;45.5;23.6
15;2021-05-27;1269;660;66304;34405;46.4;24.1
15;2021-05-28;1509;885;67813;35290;47.5;24.7
15;2021-05-29;984;361;68797;35651;48.2;25.0
15;2021-05-30;14;25;68811;35676;48.2;25.0
15;2021-05-31;1201;478;70012;36154;49.0;25.3
15;2021-06-01;1399;571;71411;36725;50.0;25.7
15;2021-06-02;865;419;72276;37144;50.6;26.0
15;2021-06-03;931;706;73207;37850;51.3;26.5
15;2021-06-04;1076;717;74283;38567;52.0;27.0
15;2021-06-05;651;263;74934;38830;52.5;27.2
15;2021-06-06;16;20;74950;38850;52.5;27.2
15;2021-06-07;798;350;75748;39200;53.0;27.4
15;2021-06-08;477;396;76225;39596;53.4;27.7
15;2021-06-09;377;376;76602;39972;53.6;28.0
15;2021-06-10;272;426;76874;40398;53.8;28.3
15;2021-06-11;661;1099;77535;41497;54.3;29.1
15;2021-06-12;377;466;77912;41963;54.6;29.4
15;2021-06-13;12;6;77924;41969;54.6;29.4
15;2021-06-14;542;976;78466;42945;54.9;30.1
15;2021-06-15;450;1164;78916;44109;55.3;30.9
15;2021-06-16;542;898;79458;45007;55.6;31.5
15;2021-06-17;288;935;79746;45942;55.8;32.2
15;2021-06-18;741;1204;80487;47146;56.4;33.0
15;2021-06-19;543;705;81030;47851;56.7;33.5
15;2021-06-20;11;1;81041;47852;56.7;33.5
15;2021-06-21;279;1036;81320;48888;56.9;34.2
15;2021-06-22;231;1479;81551;50367;57.1;35.3
15;2021-06-23;345;1445;81896;51812;57.3;36.3
15;2021-06-24;292;1093;82188;52905;57.6;37.0
15;2021-06-25;379;1641;82567;54546;57.8;38.2
15;2021-06-26;165;908;82732;55454;57.9;38.8
15;2021-06-27;0;0;82732;55454;57.9;38.8
15;2021-06-28;176;1226;82908;56680;58.1;39.7
15;2021-06-29;301;1265;83209;57945;58.3;40.6
15;2021-06-30;268;981;83477;58926;58.5;41.3
15;2021-07-01;381;1220;83858;60146;58.7;42.1
15;2021-07-02;410;1350;84268;61496;59.0;43.1
15;2021-07-03;251;707;84519;62203;59.2;43.6
15;2021-07-04;0;1;84519;62204;59.2;43.6
15;2021-07-05;247;1259;84766;63463;59.4;44.4
15;2021-07-06;271;1468;85037;64931;59.5;45.5
15;2021-07-07;252;1344;85289;66275;59.7;46.4
15;2021-07-08;489;1352;85778;67627;60.1;47.4
15;2021-07-09;482;1786;86260;69413;60.4;48.6
15;2021-07-10;215;865;86475;70278;60.6;49.2
15;2021-07-11;8;5;86483;70283;60.6;49.2
15;2021-07-12;270;1485;86753;71768;60.7;50.3
15;2021-07-13;579;1770;87332;73538;61.2;51.5
15;2021-07-14;9;130;87341;73668;61.2;51.6
15;2021-07-15;1131;729;88472;74397;62.0;52.1
15;2021-07-16;1134;1336;89606;75733;62.7;53.0
15;2021-07-17;817;951;90423;76684;63.3;53.7
15;2021-07-18;0;3;90423;76687;63.3;53.7
15;2021-07-19;1061;1272;91484;77959;64.1;54.6
15;2021-07-20;1607;569;93091;78528;65.2;55.0
15;2021-07-21;1172;603;94263;79131;66.0;55.4
15;2021-07-22;889;513;95152;79644;66.6;55.8
15;2021-07-23;1331;1061;96483;80705;67.6;56.5
15;2021-07-24;626;769;97109;81474;68.0;57.1
15;2021-07-25;1;24;97110;81498;68.0;57.1
15;2021-07-26;1236;594;98346;82092;68.9;57.5
15;2021-07-27;1682;566;100028;82658;70.0;57.9
15;2021-07-28;1231;587;101259;83245;70.9;58.3
15;2021-07-29;830;397;102089;83642;71.5;58.6
15;2021-07-30;1003;1131;103092;84773;72.2;59.4
15;2021-07-31;593;635;103685;85408;72.6;59.8
15;2021-08-01;21;12;103706;85420;72.6;59.8
15;2021-08-02;1143;539;104849;85959;73.4;60.2
15;2021-08-03;1145;381;105994;86340;74.2;60.5
15;2021-08-04;787;409;106781;86749;74.8;60.7
15;2021-08-05;383;284;107164;87033;75.0;60.9
15;2021-08-06;786;1236;107950;88269;75.6;61.8
15;2021-08-07;263;1164;108213;89433;75.8;62.6
15;2021-08-08;3;6;108216;89439;75.8;62.6
15;2021-08-09;512;1164;108728;90603;76.1;63.4
16;2020-12-27;0;0;0;0;0.0;0.0
16;2020-12-28;0;0;0;0;0.0;0.0
16;2020-12-29;0;0;0;0;0.0;0.0
16;2020-12-30;0;0;0;0;0.0;0.0
16;2020-12-31;0;0;0;0;0.0;0.0
16;2021-01-01;0;0;0;0;0.0;0.0
16;2021-01-02;0;0;0;0;0.0;0.0
16;2021-01-03;0;0;0;0;0.0;0.0
16;2021-01-04;1;0;1;0;0.0;0.0
16;2021-01-05;1;0;2;0;0.0;0.0
16;2021-01-06;88;0;90;0;0.0;0.0
16;2021-01-07;239;0;329;0;0.1;0.0
16;2021-01-08;465;2;794;2;0.2;0.0
16;2021-01-09;1;0;795;2;0.2;0.0
16;2021-01-10;1;0;796;2;0.2;0.0
16;2021-01-11;304;0;1100;2;0.3;0.0
16;2021-01-12;436;1;1536;3;0.4;0.0
16;2021-01-13;480;0;2016;3;0.6;0.0
16;2021-01-14;596;6;2612;9;0.8;0.0
16;2021-01-15;504;4;3116;13;0.9;0.0
16;2021-01-16;0;0;3116;13;0.9;0.0
16;2021-01-17;0;0;3116;13;0.9;0.0
16;2021-01-18;430;5;3546;18;1.0;0.0
16;2021-01-19;831;2;4377;20;1.3;0.0
16;2021-01-20;1181;2;5558;22;1.6;0.0
16;2021-01-21;1350;3;6908;25;2.0;0.0
16;2021-01-22;1113;0;8021;25;2.3;0.0
16;2021-01-23;183;0;8204;25;2.4;0.0
16;2021-01-24;0;0;8204;25;2.4;0.0
16;2021-01-25;641;2;8845;27;2.5;0.0
16;2021-01-26;1025;0;9870;27;2.8;0.0
16;2021-01-27;1401;105;11271;132;3.2;0.0
16;2021-01-28;1256;60;12527;192;3.6;0.1
16;2021-01-29;743;140;13270;332;3.8;0.1
16;2021-01-30;36;0;13306;332;3.8;0.1
16;2021-01-31;0;0;13306;332;3.8;0.1
16;2021-02-01;394;205;13700;537;3.9;0.2
16;2021-02-02;576;174;14276;711;4.1;0.2
16;2021-02-03;620;352;14896;1063;4.3;0.3
16;2021-02-04;462;270;15358;1333;4.4;0.4
16;2021-02-05;504;277;15862;1610;4.6;0.5
16;2021-02-06;1;80;15863;1690;4.6;0.5
16;2021-02-07;41;2;15904;1692;4.6;0.5
16;2021-02-08;355;219;16259;1911;4.7;0.5
16;2021-02-09;649;294;16908;2205;4.9;0.6
16;2021-02-10;693;679;17601;2884;5.1;0.8
16;2021-02-11;797;616;18398;3500;5.3;1.0
16;2021-02-12;623;833;19021;4333;5.5;1.2
16;2021-02-13;42;78;19063;4411;5.5;1.3
16;2021-02-14;2;7;19065;4418;5.5;1.3
16;2021-02-15;216;668;19281;5086;5.5;1.5
16;2021-02-16;374;958;19655;6044;5.6;1.7
16;2021-02-17;351;1311;20006;7355;5.7;2.1
16;2021-02-18;511;1255;20517;8610;5.9;2.5
16;2021-02-19;389;795;20906;9405;6.0;2.7
16;2021-02-20;1;8;20907;9413;6.0;2.7
16;2021-02-21;0;0;20907;9413;6.0;2.7
16;2021-02-22;135;541;21042;9954;6.0;2.9
16;2021-02-23;205;928;21247;10882;6.1;3.1
16;2021-02-24;274;899;21521;11781;6.2;3.4
16;2021-02-25;396;689;21917;12470;6.3;3.6
16;2021-02-26;478;501;22395;12971;6.4;3.7
16;2021-02-27;249;1;22644;12972;6.5;3.7
16;2021-02-28;5;5;22649;12977;6.5;3.7
16;2021-03-01;152;328;22801;13305;6.5;3.8
16;2021-03-02;272;671;23073;13976;6.6;4.0
16;2021-03-03;392;727;23465;14703;6.7;4.2
16;2021-03-04;807;570;24272;15273;7.0;4.4
16;2021-03-05;1142;542;25414;15815;7.3;4.5
16;2021-03-06;751;14;26165;15829;7.5;4.5
16;2021-03-07;94;18;26259;15847;7.5;4.6
16;2021-03-08;437;320;26696;16167;7.7;4.6
16;2021-03-09;772;702;27468;16869;7.9;4.8
16;2021-03-10;606;668;28074;17537;8.1;5.0
16;2021-03-11;1446;531;29520;18068;8.5;5.2
16;2021-03-12;1164;460;30684;18528;8.8;5.3
16;2021-03-13;764;13;31448;18541;9.0;5.3
16;2021-03-14;1;0;31449;18541;9.0;5.3
16;2021-03-15;461;183;31910;18724;9.2;5.4
16;2021-03-16;859;421;32769;19145;9.4;5.5
16;2021-03-17;589;285;33358;19430;9.6;5.6
16;2021-03-18;1031;283;34389;19713;9.9;5.7
16;2021-03-19;1101;247;35490;19960;10.2;5.7
16;2021-03-20;395;3;35885;19963;10.3;5.7
16;2021-03-21;9;0;35894;19963;10.3;5.7
16;2021-03-22;727;100;36621;20063;10.5;5.8
16;2021-03-23;1463;103;38084;20166;10.9;5.8
16;2021-03-24;1120;185;39204;20351;11.3;5.8
16;2021-03-25;2047;90;41251;20441;11.8;5.9
16;2021-03-26;1915;95;43166;20536;12.4;5.9
16;2021-03-27;433;22;43599;20558;12.5;5.9
16;2021-03-28;0;0;43599;20558;12.5;5.9
16;2021-03-29;925;61;44524;20619;12.8;5.9
16;2021-03-30;1883;179;46407;20798;13.3;6.0
16;2021-03-31;1514;133;47921;20931;13.8;6.0
16;2021-04-01;2007;400;49928;21331;14.3;6.1
16;2021-04-02;1442;380;51370;21711;14.8;6.2
16;2021-04-03;288;5;51658;21716;14.8;6.2
16;2021-04-04;1;0;51659;21716;14.8;6.2
16;2021-04-05;2;0;51661;21716;14.8;6.2
16;2021-04-06;2012;544;53673;22260;15.4;6.4
16;2021-04-07;1952;402;55625;22662;16.0;6.5
16;2021-04-08;2823;589;58448;23251;16.8;6.7
16;2021-04-09;2694;553;61142;23804;17.6;6.8
16;2021-04-10;1290;37;62432;23841;17.9;6.8
16;2021-04-11;2;0;62434;23841;17.9;6.8
16;2021-04-12;1431;315;63865;24156;18.3;6.9
16;2021-04-13;2123;839;65988;24995;19.0;7.2
16;2021-04-14;1952;631;67940;25626;19.5;7.4
16;2021-04-15;2102;984;70042;26610;20.1;7.6
16;2021-04-16;2037;786;72079;27396;20.7;7.9
16;2021-04-17;1504;85;73583;27481;21.1;7.9
16;2021-04-18;197;3;73780;27484;21.2;7.9
16;2021-04-19;1439;523;75219;28007;21.6;8.0
16;2021-04-20;2054;1231;77273;29238;22.2;8.4
16;2021-04-21;1776;741;79049;29979;22.7;8.6
16;2021-04-22;2293;1003;81342;30982;23.4;8.9
16;2021-04-23;2362;1170;83704;32152;24.0;9.2
16;2021-04-24;829;37;84533;32189;24.3;9.2
16;2021-04-25;117;9;84650;32198;24.3;9.2
16;2021-04-26;1401;806;86051;33004;24.7;9.5
16;2021-04-27;2057;1417;88108;34421;25.3;9.9
16;2021-04-28;1590;1126;89698;35547;25.8;10.2
16;2021-04-29;2246;1496;91944;37043;26.4;10.6
16;2021-04-30;2853;1342;94797;38385;27.2;11.0
16;2021-05-01;353;59;95150;38444;27.3;11.0
16;2021-05-02;155;13;95305;38457;27.4;11.0
16;2021-05-03;2610;537;97915;38994;28.1;11.2
16;2021-05-04;2060;2045;99975;41039;28.7;11.8
16;2021-05-05;1689;1832;101664;42871;29.2;12.3
16;2021-05-06;1887;2238;103551;45109;29.7;13.0
16;2021-05-07;3070;2124;106621;47233;30.6;13.6
16;2021-05-08;1196;468;107817;47701;31.0;13.7
16;2021-05-09;530;26;108347;47727;31.1;13.7
16;2021-05-10;1931;1626;110278;49353;31.7;14.2
16;2021-05-11;2354;1960;112632;51313;32.3;14.7
16;2021-05-12;1733;1798;114365;53111;32.8;15.3
16;2021-05-13;1461;355;115826;53466;33.3;15.4
16;2021-05-14;1989;1560;117815;55026;33.8;15.8
16;2021-05-15;596;896;118411;55922;34.0;16.1
16;2021-05-16;132;6;118543;55928;34.0;16.1
16;2021-05-17;1609;1286;120152;57214;34.5;16.4
16;2021-05-18;2759;1421;122911;58635;35.3;16.8
16;2021-05-19;2005;1238;124916;59873;35.9;17.2
16;2021-05-20;2836;1388;127752;61261;36.7;17.6
16;2021-05-21;2945;1398;130697;62659;37.5;18.0
16;2021-05-22;412;711;131109;63370;37.7;18.2
16;2021-05-23;210;11;131319;63381;37.7;18.2
16;2021-05-24;1261;235;132580;63616;38.1;18.3
16;2021-05-25;2763;1459;135343;65075;38.9;18.7
16;2021-05-26;1833;1187;137176;66262;39.4;19.0
16;2021-05-27;2418;1582;139594;67844;40.1;19.5
16;2021-05-28;2897;1568;142491;69412;40.9;19.9
16;2021-05-29;814;882;143305;70294;41.2;20.2
16;2021-05-30;1;4;143306;70298;41.2;20.2
16;2021-05-31;1983;1104;145289;71402;41.7;20.5
16;2021-06-01;2345;1716;147634;73118;42.4;21.0
16;2021-06-02;1822;1504;149456;74622;42.9;21.4
16;2021-06-03;2621;1762;152077;76384;43.7;21.9
16;2021-06-04;2833;2034;154910;78418;44.5;22.5
16;2021-06-05;1006;549;155916;78967;44.8;22.7
16;2021-06-06;160;28;156076;78995;44.8;22.7
16;2021-06-07;1991;1283;158067;80278;45.4;23.1
16;2021-06-08;2397;1997;160464;82275;46.1;23.6
16;2021-06-09;2528;1612;162992;83887;46.8;24.1
16;2021-06-10;2572;2002;165564;85889;47.6;24.7
16;2021-06-11;2152;2735;167716;88624;48.2;25.5
16;2021-06-12;1614;517;169330;89141;48.6;25.6
16;2021-06-13;261;72;169591;89213;48.7;25.6
16;2021-06-14;796;2797;170387;92010;48.9;26.4
16;2021-06-15;1865;2623;172252;94633;49.5;27.2
16;2021-06-16;1577;2084;173829;96717;49.9;27.8
16;2021-06-17;2042;2509;175871;99226;50.5;28.5
16;2021-06-18;2063;3220;177934;102446;51.1;29.4
16;2021-06-19;1350;1313;179284;103759;51.5;29.8
16;2021-06-20;243;28;179527;103787;51.6;29.8
16;2021-06-21;1411;2174;180938;105961;52.0;30.4
16;2021-06-22;1673;2942;182611;108903;52.4;31.3
16;2021-06-23;1564;2019;184175;110922;52.9;31.9
16;2021-06-24;1925;2168;186100;113090;53.4;32.5
16;2021-06-25;1985;2727;188085;115817;54.0;33.3
16;2021-06-26;1061;724;189146;116541;54.3;33.5
16;2021-06-27;132;25;189278;116566;54.4;33.5
16;2021-06-28;1163;1964;190441;118530;54.7;34.0
16;2021-06-29;1278;3360;191719;121890;55.1;35.0
16;2021-06-30;1335;2712;193054;124602;55.4;35.8
16;2021-07-01;1857;3157;194911;127759;56.0;36.7
16;2021-07-02;1425;3583;196336;131342;56.4;37.7
16;2021-07-03;691;1114;197027;132456;56.6;38.0
16;2021-07-04;3;15;197030;132471;56.6;38.0
16;2021-07-05;812;2299;197842;134770;56.8;38.7
16;2021-07-06;1273;3368;199115;138138;57.2;39.7
16;2021-07-07;858;2275;199973;140413;57.4;40.3
16;2021-07-08;1230;2739;201203;143152;57.8;41.1
16;2021-07-09;1113;3712;202316;146864;58.1;42.2
16;2021-07-10;338;1338;202654;148202;58.2;42.6
16;2021-07-11;2;13;202656;148215;58.2;42.6
16;2021-07-12;634;2443;203290;150658;58.4;43.3
16;2021-07-13;1379;3533;204669;154191;58.8;44.3
16;2021-07-14;797;876;205466;155067;59.0;44.5
16;2021-07-15;1243;3410;206709;158477;59.4;45.5
16;2021-07-16;1494;3386;208203;161863;59.8;46.5
16;2021-07-17;532;1191;208735;163054;60.0;46.8
16;2021-07-18;13;6;208748;163060;60.0;46.8
16;2021-07-19;614;2860;209362;165920;60.1;47.7
16;2021-07-20;1120;3295;210482;169215;60.5;48.6
16;2021-07-21;1115;2622;211597;171837;60.8;49.4
16;2021-07-22;1862;2866;213459;174703;61.3;50.2
16;2021-07-23;1540;3546;214999;178249;61.7;51.2
16;2021-07-24;636;1213;215635;179462;61.9;51.5
16;2021-07-25;11;11;215646;179473;61.9;51.5
16;2021-07-26;1524;2128;217170;181601;62.4;52.2
16;2021-07-27;1847;2821;219017;184422;62.9;53.0
16;2021-07-28;1850;2314;220867;186736;63.4;53.6
16;2021-07-29;2234;2473;223101;189209;64.1;54.3
16;2021-07-30;2342;3111;225443;192320;64.7;55.2
16;2021-07-31;955;1353;226398;193673;65.0;55.6
16;2021-08-01;182;22;226580;193695;65.1;55.6
16;2021-08-02;2114;1825;228694;195520;65.7;56.2
16;2021-08-03;2110;2339;230804;197859;66.3;56.8
16;2021-08-04;2109;1879;232913;199738;66.9;57.4
16;2021-08-05;2755;1652;235668;201390;67.7;57.8
16;2021-08-06;2503;2359;238171;203749;68.4;58.5
16;2021-08-07;828;557;238999;204306;68.6;58.7
16;2021-08-08;32;36;239031;204342;68.7;58.7
16;2021-08-09;2175;1060;241206;205402;69.3;59.0
17;2020-12-27;0;0;0;0;0.0;0.0
17;2020-12-28;0;0;0;0;0.0;0.0
17;2020-12-29;0;0;0;0;0.0;0.0
17;2020-12-30;1;0;1;0;0.0;0.0
17;2020-12-31;0;0;1;0;0.0;0.0
17;2021-01-01;1;0;2;0;0.0;0.0
17;2021-01-02;1;0;3;0;0.0;0.0
17;2021-01-03;0;0;3;0;0.0;0.0
17;2021-01-04;56;0;59;0;0.0;0.0
17;2021-01-05;98;0;157;0;0.0;0.0
17;2021-01-06;132;0;289;0;0.0;0.0
17;2021-01-07;485;1;774;1;0.1;0.0
17;2021-01-08;418;0;1192;1;0.2;0.0
17;2021-01-09;0;0;1192;1;0.2;0.0
17;2021-01-10;1;0;1193;1;0.2;0.0
17;2021-01-11;380;1;1573;2;0.2;0.0
17;2021-01-12;746;1;2319;3;0.4;0.0
17;2021-01-13;652;2;2971;5;0.5;0.0
17;2021-01-14;616;9;3587;14;0.6;0.0
17;2021-01-15;679;1;4266;15;0.7;0.0
17;2021-01-16;128;2;4394;17;0.7;0.0
17;2021-01-17;17;0;4411;17;0.7;0.0
17;2021-01-18;883;1;5294;18;0.8;0.0
17;2021-01-19;1908;2;7202;20;1.1;0.0
17;2021-01-20;2392;2;9594;22;1.5;0.0
17;2021-01-21;2498;2;12092;24;1.9;0.0
17;2021-01-22;1881;5;13973;29;2.2;0.0
17;2021-01-23;738;1;14711;30;2.3;0.0
17;2021-01-24;48;0;14759;30;2.3;0.0
17;2021-01-25;1383;5;16142;35;2.5;0.0
17;2021-01-26;2110;3;18252;38;2.8;0.0
17;2021-01-27;1674;33;19926;71;3.1;0.0
17;2021-01-28;2474;230;22400;301;3.5;0.0
17;2021-01-29;1738;220;24138;521;3.7;0.1
17;2021-01-30;528;5;24666;526;3.8;0.1
17;2021-01-31;37;2;24703;528;3.8;0.1
17;2021-02-01;740;211;25443;739;3.9;0.1
17;2021-02-02;1202;348;26645;1087;4.1;0.2
17;2021-02-03;1285;409;27930;1496;4.3;0.2
17;2021-02-04;1159;502;29089;1998;4.5;0.3
17;2021-02-05;601;756;29690;2754;4.6;0.4
17;2021-02-06;21;42;29711;2796;4.6;0.4
17;2021-02-07;31;13;29742;2809;4.6;0.4
17;2021-02-08;707;404;30449;3213;4.7;0.5
17;2021-02-09;1100;1318;31549;4531;4.9;0.7
17;2021-02-10;864;1285;32413;5816;5.0;0.9
17;2021-02-11;1239;1401;33652;7217;5.2;1.1
17;2021-02-12;772;968;34424;8185;5.3;1.3
17;2021-02-13;42;104;34466;8289;5.3;1.3
17;2021-02-14;0;10;34466;8299;5.3;1.3
17;2021-02-15;620;1227;35086;9526;5.4;1.5
17;2021-02-16;748;1833;35834;11359;5.5;1.8
17;2021-02-17;795;1359;36629;12718;5.7;2.0
17;2021-02-18;967;2185;37596;14903;5.8;2.3
17;2021-02-19;1066;1544;38662;16447;6.0;2.5
17;2021-02-20;104;309;38766;16756;6.0;2.6
17;2021-02-21;9;2;38775;16758;6.0;2.6
17;2021-02-22;646;1631;39421;18389;6.1;2.8
17;2021-02-23;781;1536;40202;19925;6.2;3.1
17;2021-02-24;1077;1593;41279;21518;6.4;3.3
17;2021-02-25;1085;1709;42364;23227;6.5;3.6
17;2021-02-26;1307;1294;43671;24521;6.7;3.8
17;2021-02-27;525;247;44196;24768;6.8;3.8
17;2021-02-28;19;9;44215;24777;6.8;3.8
17;2021-03-01;634;1043;44849;25820;6.9;4.0
17;2021-03-02;1092;871;45941;26691;7.1;4.1
17;2021-03-03;1616;799;47557;27490;7.3;4.2
17;2021-03-04;2425;1137;49982;28627;7.7;4.4
17;2021-03-05;2660;680;52642;29307;8.1;4.5
17;2021-03-06;1029;27;53671;29334;8.3;4.5
17;2021-03-07;183;47;53854;29381;8.3;4.5
17;2021-03-08;1014;834;54868;30215;8.5;4.7
17;2021-03-09;1746;615;56614;30830;8.7;4.8
17;2021-03-10;2047;641;58661;31471;9.1;4.9
17;2021-03-11;3228;998;61889;32469;9.6;5.0
17;2021-03-12;3354;626;65243;33095;10.1;5.1
17;2021-03-13;1200;12;66443;33107;10.3;5.1
17;2021-03-14;32;0;66475;33107;10.3;5.1
17;2021-03-15;1240;994;67715;34101;10.5;5.3
17;2021-03-16;892;536;68607;34637;10.6;5.4
17;2021-03-17;1458;701;70065;35338;10.8;5.5
17;2021-03-18;1682;764;71747;36102;11.1;5.6
17;2021-03-19;2095;544;73842;36646;11.4;5.7
17;2021-03-20;1083;56;74925;36702;11.6;5.7
17;2021-03-21;36;42;74961;36744;11.6;5.7
17;2021-03-22;1576;689;76537;37433;11.8;5.8
17;2021-03-23;2492;580;79029;38013;12.2;5.9
17;2021-03-24;3545;850;82574;38863;12.8;6.0
17;2021-03-25;4710;642;87284;39505;13.5;6.1
17;2021-03-26;4941;469;92225;39974;14.3;6.2
17;2021-03-27;1737;69;93962;40043;14.5;6.2
17;2021-03-28;366;45;94328;40088;14.6;6.2
17;2021-03-29;2360;565;96688;40653;14.9;6.3
17;2021-03-30;2652;984;99340;41637;15.4;6.4
17;2021-03-31;3840;904;103180;42541;15.9;6.6
17;2021-04-01;4013;1157;107193;43698;16.6;6.8
17;2021-04-02;3703;828;110896;44526;17.1;6.9
17;2021-04-03;1151;187;112047;44713;17.3;6.9
17;2021-04-04;501;6;112548;44719;17.4;6.9
17;2021-04-05;444;128;112992;44847;17.5;6.9
17;2021-04-06;3480;1027;116472;45874;18.0;7.1
17;2021-04-07;4128;1144;120600;47018;18.6;7.3
17;2021-04-08;4567;1467;125167;48485;19.3;7.5
17;2021-04-09;6493;839;131660;49324;20.3;7.6
17;2021-04-10;2582;65;134242;49389;20.7;7.6
17;2021-04-11;787;16;135029;49405;20.9;7.6
17;2021-04-12;2887;1613;137916;51018;21.3;7.9
17;2021-04-13;4149;1286;142065;52304;22.0;8.1
17;2021-04-14;4417;1191;146482;53495;22.6;8.3
17;2021-04-15;4595;1135;151077;54630;23.3;8.4
17;2021-04-16;4293;1151;155370;55781;24.0;8.6
17;2021-04-17;1681;382;157051;56163;24.3;8.7
17;2021-04-18;472;81;157523;56244;24.3;8.7
17;2021-04-19;2342;2061;159865;58305;24.7;9.0
17;2021-04-20;2924;2552;162789;60857;25.2;9.4
17;2021-04-21;2973;1939;165762;62796;25.6;9.7
17;2021-04-22;3116;2358;168878;65154;26.1;10.1
17;2021-04-23;2445;2728;171323;67882;26.5;10.5
17;2021-04-24;1666;923;172989;68805;26.7;10.6
17;2021-04-25;665;244;173654;69049;26.8;10.7
17;2021-04-26;2578;2625;176232;71674;27.2;11.1
17;2021-04-27;3154;2672;179386;74346;27.7;11.5
17;2021-04-28;3101;2942;182487;77288;28.2;11.9
17;2021-04-29;4143;2862;186630;80150;28.8;12.4
17;2021-04-30;4351;2637;190981;82787;29.5;12.8
17;2021-05-01;848;542;191829;83329;29.6;12.9
17;2021-05-02;551;840;192380;84169;29.7;13.0
17;2021-05-03;2544;2956;194924;87125;30.1;13.5
17;2021-05-04;2319;3729;197243;90854;30.5;14.0
17;2021-05-05;2910;3701;200153;94555;30.9;14.6
17;2021-05-06;4123;3405;204276;97960;31.6;15.1
17;2021-05-07;4354;3633;208630;101593;32.2;15.7
17;2021-05-08;1303;754;209933;102347;32.4;15.8
17;2021-05-09;1308;705;211241;103052;32.6;15.9
17;2021-05-10;2727;3691;213968;106743;33.1;16.5
17;2021-05-11;3502;3996;217470;110739;33.6;17.1
17;2021-05-12;3532;3809;221002;114548;34.2;17.7
17;2021-05-13;2547;692;223549;115240;34.5;17.8
17;2021-05-14;3034;2394;226583;117634;35.0;18.2
17;2021-05-15;2126;663;228709;118297;35.3;18.3
17;2021-05-16;1735;315;230444;118612;35.6;18.3
17;2021-05-17;4289;1993;234733;120605;36.3;18.6
17;2021-05-18;4744;1635;239477;122240;37.0;18.9
17;2021-05-19;5063;1271;244540;123511;37.8;19.1
17;2021-05-20;4946;1945;249486;125456;38.6;19.4
17;2021-05-21;4999;1959;254485;127415;39.3;19.7
17;2021-05-22;2394;532;256879;127947;39.7;19.8
17;2021-05-23;1899;126;258778;128073;40.0;19.8
17;2021-05-24;1426;207;260204;128280;40.2;19.8
17;2021-05-25;4029;1771;264233;130051;40.8;20.1
17;2021-05-26;4367;2039;268600;132090;41.5;20.4
17;2021-05-27;5216;2131;273816;134221;42.3;20.7
17;2021-05-28;4466;3437;278282;137658;43.0;21.3
17;2021-05-29;1560;1705;279842;139363;43.2;21.5
17;2021-05-30;857;408;280699;139771;43.4;21.6
17;2021-05-31;2942;3013;283641;142784;43.8;22.1
17;2021-06-01;4296;2926;287937;145710;44.5;22.5
17;2021-06-02;4196;3175;292133;148885;45.1;23.0
17;2021-06-03;5058;3167;297191;152052;45.9;23.5
17;2021-06-04;4515;3854;301706;155906;46.6;24.1
17;2021-06-05;1990;1603;303696;157509;46.9;24.3
17;2021-06-06;850;733;304546;158242;47.1;24.5
17;2021-06-07;3138;4344;307684;162586;47.5;25.1
17;2021-06-08;3791;4494;311475;167080;48.1;25.8
17;2021-06-09;4348;3052;315823;170132;48.8;26.3
17;2021-06-10;4926;2792;320749;172924;49.6;26.7
17;2021-06-11;4783;3683;325532;176607;50.3;27.3
17;2021-06-12;1813;1398;327345;178005;50.6;27.5
17;2021-06-13;609;414;327954;178419;50.7;27.6
17;2021-06-14;2833;4536;330787;182955;51.1;28.3
17;2021-06-15;3623;4379;334410;187334;51.7;29.0
17;2021-06-16;4131;3686;338541;191020;52.3;29.5
17;2021-06-17;4367;4121;342908;195141;53.0;30.2
17;2021-06-18;4049;4433;346957;199574;53.6;30.8
17;2021-06-19;1451;1989;348408;201563;53.8;31.1
17;2021-06-20;596;1035;349004;202598;53.9;31.3
17;2021-06-21;2561;4370;351565;206968;54.3;32.0
17;2021-06-22;3527;4446;355092;211414;54.9;32.7
17;2021-06-23;3791;3985;358883;215399;55.5;33.3
17;2021-06-24;3593;3955;362476;219354;56.0;33.9
17;2021-06-25;2714;4981;365190;224335;56.4;34.7
17;2021-06-26;904;2336;366094;226671;56.6;35.0
17;2021-06-27;395;1903;366489;228574;56.6;35.3
17;2021-06-28;1522;5415;368011;233989;56.9;36.2
17;2021-06-29;1683;5886;369694;239875;57.1;37.1
17;2021-06-30;2030;5550;371724;245425;57.4;37.9
17;2021-07-01;2257;5557;373981;250982;57.8;38.8
17;2021-07-02;2482;5986;376463;256968;58.2;39.7
17;2021-07-03;625;2546;377088;259514;58.3;40.1
17;2021-07-04;154;1249;377242;260763;58.3;40.3
17;2021-07-05;1882;5178;379124;265941;58.6;41.1
17;2021-07-06;2126;5595;381250;271536;58.9;42.0
17;2021-07-07;2401;5495;383651;277031;59.3;42.8
17;2021-07-08;2910;5440;386561;282471;59.7;43.7
17;2021-07-09;2517;6080;389078;288551;60.1;44.6
17;2021-07-10;828;2474;389906;291025;60.3;45.0
17;2021-07-11;369;905;390275;291930;60.3;45.1
17;2021-07-12;2005;5629;392280;297559;60.6;46.0
17;2021-07-13;2357;6720;394637;304279;61.0;47.0
17;2021-07-14;67;71;394704;304350;61.0;47.0
17;2021-07-15;2179;6865;396883;311215;61.3;48.1
17;2021-07-16;2757;6976;399640;318191;61.8;49.2
17;2021-07-17;1003;2276;400643;320467;61.9;49.5
17;2021-07-18;311;1040;400954;321507;62.0;49.7
17;2021-07-19;2624;5920;403578;327427;62.4;50.6
17;2021-07-20;3273;6331;406851;333758;62.9;51.6
17;2021-07-21;3764;6030;410615;339788;63.5;52.5
17;2021-07-22;4209;6279;414824;346067;64.1;53.5
17;2021-07-23;3791;6576;418615;352643;64.7;54.5
17;2021-07-24;2064;1402;420679;354045;65.0;54.7
17;2021-07-25;1034;412;421713;354457;65.2;54.8
17;2021-07-26;3668;5424;425381;359881;65.7;55.6
17;2021-07-27;4680;5440;430061;365321;66.5;56.5
17;2021-07-28;5179;5175;435240;370496;67.3;57.3
17;2021-07-29;5143;5334;440383;375830;68.1;58.1
17;2021-07-30;5457;5565;445840;381395;68.9;58.9
17;2021-07-31;2102;1206;447942;382601;69.2;59.1
17;2021-08-01;1080;356;449022;382957;69.4;59.2
17;2021-08-02;4587;4383;453609;387340;70.1;59.9
17;2021-08-03;5709;4155;459318;391495;71.0;60.5
17;2021-08-04;6169;3363;465487;394858;71.9;61.0
17;2021-08-05;6343;3143;471830;398001;72.9;61.5
17;2021-08-06;5855;3592;477685;401593;73.8;62.1
17;2021-08-07;1962;853;479647;402446;74.1;62.2
17;2021-08-08;970;215;480617;402661;74.3;62.2
17;2021-08-09;3764;3670;484381;406331;74.9;62.8
18;2020-12-27;0;0;0;0;0.0;0.0
18;2020-12-28;0;0;0;0;0.0;0.0
18;2020-12-29;0;0;0;0;0.0;0.0
18;2020-12-30;1;0;1;0;0.0;0.0
18;2020-12-31;0;0;1;0;0.0;0.0
18;2021-01-01;0;0;1;0;0.0;0.0
18;2021-01-02;0;0;1;0;0.0;0.0
18;2021-01-03;0;0;1;0;0.0;0.0
18;2021-01-04;3;0;4;0;0.0;0.0
18;2021-01-05;0;0;4;0;0.0;0.0
18;2021-01-06;1;0;5;0;0.0;0.0
18;2021-01-07;30;1;35;1;0.0;0.0
18;2021-01-08;65;0;100;1;0.0;0.0
18;2021-01-09;225;0;325;1;0.1;0.0
18;2021-01-10;146;0;471;1;0.2;0.0
18;2021-01-11;170;1;641;2;0.2;0.0
18;2021-01-12;372;0;1013;2;0.3;0.0
18;2021-01-13;270;2;1283;4;0.4;0.0
18;2021-01-14;269;2;1552;6;0.5;0.0
18;2021-01-15;332;2;1884;8;0.6;0.0
18;2021-01-16;288;3;2172;11;0.7;0.0
18;2021-01-17;1;0;2173;11;0.7;0.0
18;2021-01-18;290;0;2463;11;0.8;0.0
18;2021-01-19;1374;5;3837;16;1.3;0.0
18;2021-01-20;1239;1;5076;17;1.7;0.0
18;2021-01-21;963;0;6039;17;2.0;0.0
18;2021-01-22;780;1;6819;18;2.3;0.0
18;2021-01-23;249;2;7068;20;2.4;0.0
18;2021-01-24;0;0;7068;20;2.4;0.0
18;2021-01-25;509;0;7577;20;2.6;0.0
18;2021-01-26;395;1;7972;21;2.7;0.0
18;2021-01-27;390;2;8362;23;2.8;0.0
18;2021-01-28;566;8;8928;31;3.0;0.0
18;2021-01-29;492;72;9420;103;3.2;0.0
18;2021-01-30;432;167;9852;270;3.3;0.1
18;2021-01-31;82;121;9934;391;3.4;0.1
18;2021-02-01;328;142;10262;533;3.5;0.2
18;2021-02-02;506;244;10768;777;3.6;0.3
18;2021-02-03;398;204;11166;981;3.8;0.3
18;2021-02-04;630;226;11796;1207;4.0;0.4
18;2021-02-05;449;194;12245;1401;4.1;0.5
18;2021-02-06;283;103;12528;1504;4.2;0.5
18;2021-02-07;108;1;12636;1505;4.3;0.5
18;2021-02-08;268;230;12904;1735;4.4;0.6
18;2021-02-09;583;781;13487;2516;4.6;0.8
18;2021-02-10;740;698;14227;3214;4.8;1.1
18;2021-02-11;655;450;14882;3664;5.0;1.2
18;2021-02-12;501;325;15383;3989;5.2;1.3
18;2021-02-13;286;124;15669;4113;5.3;1.4
18;2021-02-14;364;98;16033;4211;5.4;1.4
18;2021-02-15;379;395;16412;4606;5.5;1.6
18;2021-02-16;399;401;16811;5007;5.7;1.7
18;2021-02-17;403;458;17214;5465;5.8;1.8
18;2021-02-18;344;540;17558;6005;5.9;2.0
18;2021-02-19;471;303;18029;6308;6.1;2.1
18;2021-02-20;719;238;18748;6546;6.3;2.2
18;2021-02-21;316;2;19064;6548;6.4;2.2
18;2021-02-22;217;372;19281;6920;6.5;2.3
18;2021-02-23;204;351;19485;7271;6.6;2.5
18;2021-02-24;240;271;19725;7542;6.7;2.5
18;2021-02-25;293;521;20018;8063;6.8;2.7
18;2021-02-26;582;235;20600;8298;6.9;2.8
18;2021-02-27;510;389;21110;8687;7.1;2.9
18;2021-02-28;7;68;21117;8755;7.1;3.0
18;2021-03-01;235;415;21352;9170;7.2;3.1
18;2021-03-02;283;521;21635;9691;7.3;3.3
18;2021-03-03;346;586;21981;10277;7.4;3.5
18;2021-03-04;475;573;22456;10850;7.6;3.7
18;2021-03-05;524;374;22980;11224;7.8;3.8
18;2021-03-06;1070;340;24050;11564;8.1;3.9
18;2021-03-07;7;140;24057;11704;8.1;3.9
18;2021-03-08;334;362;24391;12066;8.2;4.1
18;2021-03-09;409;368;24800;12434;8.4;4.2
18;2021-03-10;423;454;25223;12888;8.5;4.3
18;2021-03-11;518;421;25741;13309;8.7;4.5
18;2021-03-12;704;303;26445;13612;8.9;4.6
18;2021-03-13;1163;251;27608;13863;9.3;4.7
18;2021-03-14;301;213;27909;14076;9.4;4.7
18;2021-03-15;491;379;28400;14455;9.6;4.9
18;2021-03-16;392;314;28792;14769;9.7;5.0
18;2021-03-17;383;414;29175;15183;9.8;5.1
18;2021-03-18;512;229;29687;15412;10.0;5.2
18;2021-03-19;756;226;30443;15638;10.3;5.3
18;2021-03-20;987;618;31430;16256;10.6;5.5
18;2021-03-21;309;307;31739;16563;10.7;5.6
18;2021-03-22;601;296;32340;16859;10.9;5.7
18;2021-03-23;706;291;33046;17150;11.1;5.8
18;2021-03-24;1052;297;34098;17447;11.5;5.9
18;2021-03-25;1049;297;35147;17744;11.9;6.0
18;2021-03-26;1210;347;36357;18091;12.3;6.1
18;2021-03-27;1489;320;37846;18411;12.8;6.2
18;2021-03-28;215;0;38061;18411;12.8;6.2
18;2021-03-29;1101;196;39162;18607;13.2;6.3
18;2021-03-30;1085;302;40247;18909;13.6;6.4
18;2021-03-31;1305;253;41552;19162;14.0;6.5
18;2021-04-01;1376;343;42928;19505;14.5;6.6
18;2021-04-02;1229;310;44157;19815;14.9;6.7
18;2021-04-03;581;181;44738;19996;15.1;6.7
18;2021-04-04;71;5;44809;20001;15.1;6.7
18;2021-04-05;199;0;45008;20001;15.2;6.7
18;2021-04-06;1026;345;46034;20346;15.5;6.9
18;2021-04-07;1322;362;47356;20708;16.0;7.0
18;2021-04-08;1692;332;49048;21040;16.5;7.1
18;2021-04-09;1832;279;50880;21319;17.2;7.2
18;2021-04-10;2633;649;53513;21968;18.1;7.4
18;2021-04-11;1985;312;55498;22280;18.7;7.5
18;2021-04-12;1402;394;56900;22674;19.2;7.6
18;2021-04-13;1784;466;58684;23140;19.8;7.8
18;2021-04-14;1378;516;60062;23656;20.3;8.0
18;2021-04-15;1532;528;61594;24184;20.8;8.2
18;2021-04-16;1614;587;63208;24771;21.3;8.4
18;2021-04-17;1599;518;64807;25289;21.9;8.5
18;2021-04-18;377;232;65184;25521;22.0;8.6
18;2021-04-19;1316;591;66500;26112;22.4;8.8
18;2021-04-20;1446;708;67946;26820;22.9;9.0
18;2021-04-21;1271;904;69217;27724;23.4;9.4
18;2021-04-22;1401;701;70618;28425;23.8;9.6
18;2021-04-23;1386;737;72004;29162;24.3;9.8
18;2021-04-24;1355;1268;73359;30430;24.7;10.3
18;2021-04-25;288;216;73647;30646;24.8;10.3
18;2021-04-26;1205;948;74852;31594;25.3;10.7
18;2021-04-27;1545;760;76397;32354;25.8;10.9
18;2021-04-28;1357;873;77754;33227;26.2;11.2
18;2021-04-29;1847;734;79601;33961;26.9;11.5
18;2021-04-30;1570;993;81171;34954;27.4;11.8
18;2021-05-01;787;210;81958;35164;27.7;11.9
18;2021-05-02;806;58;82764;35222;27.9;11.9
18;2021-05-03;1626;1001;84390;36223;28.5;12.2
18;2021-05-04;1730;1277;86120;37500;29.1;12.7
18;2021-05-05;1735;1214;87855;38714;29.6;13.1
18;2021-05-06;2163;1357;90018;40071;30.4;13.5
18;2021-05-07;1233;1398;91251;41469;30.8;14.0
18;2021-05-08;994;1462;92245;42931;31.1;14.5
18;2021-05-09;501;2260;92746;45191;31.3;15.2
18;2021-05-10;1157;1507;93903;46698;31.7;15.8
18;2021-05-11;1694;1752;95597;48450;32.3;16.3
18;2021-05-12;1808;1492;97405;49942;32.9;16.8
18;2021-05-13;1061;370;98466;50312;33.2;17.0
18;2021-05-14;1347;943;99813;51255;33.7;17.3
18;2021-05-15;1810;1159;101623;52414;34.3;17.7
18;2021-05-16;538;582;102161;52996;34.5;17.9
18;2021-05-17;1245;1092;103406;54088;34.9;18.2
18;2021-05-18;2147;931;105553;55019;35.6;18.6
18;2021-05-19;2163;916;107716;55935;36.3;18.9
18;2021-05-20;2277;981;109993;56916;37.1;19.2
18;2021-05-21;1498;763;111491;57679;37.6;19.5
18;2021-05-22;1724;1074;113215;58753;38.2;19.8
18;2021-05-23;485;336;113700;59089;38.4;19.9
18;2021-05-24;462;292;114162;59381;38.5;20.0
18;2021-05-25;1844;1065;116006;60446;39.1;20.4
18;2021-05-26;2151;839;118157;61285;39.9;20.7
18;2021-05-27;2207;1232;120364;62517;40.6;21.1
18;2021-05-28;1713;1305;122077;63822;41.2;21.5
18;2021-05-29;2620;1662;124697;65484;42.1;22.1
18;2021-05-30;1483;505;126180;65989;42.6;22.3
18;2021-05-31;1786;694;127966;66683;43.2;22.5
18;2021-06-01;2040;948;130006;67631;43.9;22.8
18;2021-06-02;2009;1022;132015;68653;44.5;23.2
18;2021-06-03;2284;1196;134299;69849;45.3;23.6
18;2021-06-04;1909;1123;136208;70972;46.0;23.9
18;2021-06-05;2803;1448;139011;72420;46.9;24.4
18;2021-06-06;365;381;139376;72801;47.0;24.6
18;2021-06-07;1296;1232;140672;74033;47.5;25.0
18;2021-06-08;1492;1394;142164;75427;48.0;25.4
18;2021-06-09;1328;1065;143492;76492;48.4;25.8
18;2021-06-10;1632;1407;145124;77899;49.0;26.3
18;2021-06-11;1496;1406;146620;79305;49.5;26.8
18;2021-06-12;1243;2510;147863;81815;49.9;27.6
18;2021-06-13;126;262;147989;82077;49.9;27.7
18;2021-06-14;657;1827;148646;83904;50.1;28.3
18;2021-06-15;1093;1821;149739;85725;50.5;28.9
18;2021-06-16;1255;1439;150994;87164;50.9;29.4
18;2021-06-17;1204;1670;152198;88834;51.3;30.0
18;2021-06-18;1292;1665;153490;90499;51.8;30.5
18;2021-06-19;1564;1251;155054;91750;52.3;31.0
18;2021-06-20;247;159;155301;91909;52.4;31.0
18;2021-06-21;665;1597;155966;93506;52.6;31.5
18;2021-06-22;1069;1638;157035;95144;53.0;32.1
18;2021-06-23;944;1640;157979;96784;53.3;32.7
18;2021-06-24;1031;1059;159010;97843;53.6;33.0
18;2021-06-25;893;1744;159903;99587;53.9;33.6
18;2021-06-26;1098;1471;161001;101058;54.3;34.1
18;2021-06-27;30;372;161031;101430;54.3;34.2
18;2021-06-28;421;1924;161452;103354;54.5;34.9
18;2021-06-29;595;2380;162047;105734;54.7;35.7
18;2021-06-30;601;2544;162648;108278;54.9;36.5
18;2021-07-01;961;2156;163609;110434;55.2;37.3
18;2021-07-02;615;1685;164224;112119;55.4;37.8
18;2021-07-03;755;2576;164979;114695;55.7;38.7
18;2021-07-04;164;1034;165143;115729;55.7;39.0
18;2021-07-05;763;1878;165906;117607;56.0;39.7
18;2021-07-06;558;2305;166464;119912;56.2;40.5
18;2021-07-07;767;2116;167231;122028;56.4;41.2
18;2021-07-08;1030;1984;168261;124012;56.8;41.8
18;2021-07-09;703;2307;168964;126319;57.0;42.6
18;2021-07-10;778;3179;169742;129498;57.3;43.7
18;2021-07-11;79;665;169821;130163;57.3;43.9
18;2021-07-12;222;2253;170043;132416;57.4;44.7
18;2021-07-13;619;2911;170662;135327;57.6;45.7
18;2021-07-14;194;939;170856;136266;57.6;46.0
18;2021-07-15;1393;2817;172249;139083;58.1;46.9
18;2021-07-16;1175;2127;173424;141210;58.5;47.6
18;2021-07-17;1122;2478;174546;143688;58.9;48.5
18;2021-07-18;228;331;174774;144019;59.0;48.6
18;2021-07-19;1047;1660;175821;145679;59.3;49.1
18;2021-07-20;1621;2270;177442;147949;59.9;49.9
18;2021-07-21;1887;2051;179329;150000;60.5;50.6
18;2021-07-22;2204;1888;181533;151888;61.2;51.2
18;2021-07-23;1392;1613;182925;153501;61.7;51.8
18;2021-07-24;881;1535;183806;155036;62.0;52.3
18;2021-07-25;189;399;183995;155435;62.1;52.4
18;2021-07-26;1395;1505;185390;156940;62.5;52.9
18;2021-07-27;1809;1539;187199;158479;63.2;53.5
18;2021-07-28;2189;1798;189388;160277;63.9;54.1
18;2021-07-29;2136;1817;191524;162094;64.6;54.7
18;2021-07-30;1576;1342;193100;163436;65.1;55.1
18;2021-07-31;1233;1281;194333;164717;65.6;55.6
18;2021-08-01;86;31;194419;164748;65.6;55.6
18;2021-08-02;1403;761;195822;165509;66.1;55.8
18;2021-08-03;1712;1617;197534;167126;66.6;56.4
18;2021-08-04;2411;1095;199945;168221;67.5;56.8
18;2021-08-05;1519;1242;201464;169463;68.0;57.2
18;2021-08-06;1570;1134;203034;170597;68.5;57.6
18;2021-08-07;599;754;203633;171351;68.7;57.8
18;2021-08-08;48;60;203681;171411;68.7;57.8
18;2021-08-09;1098;868;204779;172279;69.1;58.1
19;2020-12-27;0;0;0;0;0.0;0.0
19;2020-12-28;0;0;0;0;0.0;0.0
19;2020-12-29;1;0;1;0;0.0;0.0
19;2020-12-30;0;0;1;0;0.0;0.0
19;2020-12-31;0;0;1;0;0.0;0.0
19;2021-01-01;0;0;1;0;0.0;0.0
19;2021-01-02;0;0;1;0;0.0;0.0
19;2021-01-03;0;0;1;0;0.0;0.0
19;2021-01-04;0;0;1;0;0.0;0.0
19;2021-01-05;0;0;1;0;0.0;0.0
19;2021-01-06;0;0;1;0;0.0;0.0
19;2021-01-07;343;1;344;1;0.1;0.0
19;2021-01-08;247;1;591;2;0.2;0.0
19;2021-01-09;1;0;592;2;0.2;0.0
19;2021-01-10;1;0;593;2;0.2;0.0
19;2021-01-11;38;0;631;2;0.3;0.0
19;2021-01-12;413;1;1044;3;0.4;0.0
19;2021-01-13;422;3;1466;6;0.6;0.0
19;2021-01-14;473;1;1939;7;0.8;0.0
19;2021-01-15;224;0;2163;7;0.9;0.0
19;2021-01-16;0;0;2163;7;0.9;0.0
19;2021-01-17;1;0;2164;7;0.9;0.0
19;2021-01-18;251;1;2415;8;1.0;0.0
19;2021-01-19;518;0;2933;8;1.2;0.0
19;2021-01-20;921;1;3854;9;1.6;0.0
19;2021-01-21;505;3;4359;12;1.8;0.0
19;2021-01-22;1317;4;5676;16;2.4;0.0
19;2021-01-23;281;0;5957;16;2.5;0.0
19;2021-01-24;36;0;5993;16;2.5;0.0
19;2021-01-25;233;0;6226;16;2.6;0.0
19;2021-01-26;607;4;6833;20;2.8;0.0
19;2021-01-27;334;3;7167;23;3.0;0.0
19;2021-01-28;297;249;7464;272;3.1;0.1
19;2021-01-29;347;60;7811;332;3.3;0.1
19;2021-01-30;130;24;7941;356;3.3;0.1
19;2021-01-31;41;0;7982;356;3.3;0.1
19;2021-02-01;155;95;8137;451;3.4;0.2
19;2021-02-02;303;429;8440;880;3.5;0.4
19;2021-02-03;284;244;8724;1124;3.6;0.5
19;2021-02-04;255;376;8979;1500;3.7;0.6
19;2021-02-05;310;75;9289;1575;3.9;0.7
19;2021-02-06;211;1;9500;1576;4.0;0.7
19;2021-02-07;48;1;9548;1577;4.0;0.7
19;2021-02-08;177;150;9725;1727;4.0;0.7
19;2021-02-09;333;275;10058;2002;4.2;0.8
19;2021-02-10;515;296;10573;2298;4.4;1.0
19;2021-02-11;412;324;10985;2622;4.6;1.1
19;2021-02-12;797;1168;11782;3790;4.9;1.6
19;2021-02-13;351;184;12133;3974;5.0;1.7
19;2021-02-14;98;13;12231;3987;5.1;1.7
19;2021-02-15;200;247;12431;4234;5.2;1.8
19;2021-02-16;385;172;12816;4406;5.3;1.8
19;2021-02-17;305;470;13121;4876;5.5;2.0
19;2021-02-18;174;511;13295;5387;5.5;2.2
19;2021-02-19;469;301;13764;5688;5.7;2.4
19;2021-02-20;133;208;13897;5896;5.8;2.5
19;2021-02-21;20;40;13917;5936;5.8;2.5
19;2021-02-22;219;210;14136;6146;5.9;2.6
19;2021-02-23;268;362;14404;6508;6.0;2.7
19;2021-02-24;359;210;14763;6718;6.1;2.8
19;2021-02-25;519;381;15282;7099;6.4;3.0
19;2021-02-26;395;317;15677;7416;6.5;3.1
19;2021-02-27;348;161;16025;7577;6.7;3.2
19;2021-02-28;68;36;16093;7613;6.7;3.2
19;2021-03-01;266;221;16359;7834;6.8;3.3
19;2021-03-02;428;257;16787;8091;7.0;3.4
19;2021-03-03;688;337;17475;8428;7.3;3.5
19;2021-03-04;825;350;18300;8778;7.6;3.7
19;2021-03-05;891;735;19191;9513;8.0;4.0
19;2021-03-06;1072;215;20263;9728;8.4;4.0
19;2021-03-07;463;37;20726;9765;8.6;4.1
19;2021-03-08;638;160;21364;9925;8.9;4.1
19;2021-03-09;835;247;22199;10172;9.2;4.2
19;2021-03-10;1155;319;23354;10491;9.7;4.4
19;2021-03-11;1272;308;24626;10799;10.2;4.5
19;2021-03-12;1135;404;25761;11203;10.7;4.7
19;2021-03-13;1111;165;26872;11368;11.2;4.7
19;2021-03-14;160;84;27032;11452;11.2;4.8
19;2021-03-15;698;136;27730;11588;11.5;4.8
19;2021-03-16;688;303;28418;11891;11.8;4.9
19;2021-03-17;837;280;29255;12171;12.2;5.1
19;2021-03-18;767;283;30022;12454;12.5;5.2
19;2021-03-19;1013;488;31035;12942;12.9;5.4
19;2021-03-20;782;132;31817;13074;13.2;5.4
19;2021-03-21;128;4;31945;13078;13.3;5.4
19;2021-03-22;549;176;32494;13254;13.5;5.5
19;2021-03-23;1044;231;33538;13485;14.0;5.6
19;2021-03-24;1169;372;34707;13857;14.4;5.8
19;2021-03-25;1188;414;35895;14271;14.9;5.9
19;2021-03-26;1323;276;37218;14547;15.5;6.1
19;2021-03-27;855;187;38073;14734;15.8;6.1
19;2021-03-28;63;60;38136;14794;15.9;6.2
19;2021-03-29;610;177;38746;14971;16.1;6.2
19;2021-03-30;970;344;39716;15315;16.5;6.4
19;2021-03-31;1157;500;40873;15815;17.0;6.6
19;2021-04-01;1492;425;42365;16240;17.6;6.8
19;2021-04-02;1006;525;43371;16765;18.0;7.0
19;2021-04-03;597;283;43968;17048;18.3;7.1
19;2021-04-04;130;3;44098;17051;18.3;7.1
19;2021-04-05;40;75;44138;17126;18.4;7.1
19;2021-04-06;736;603;44874;17729;18.7;7.4
19;2021-04-07;978;731;45852;18460;19.1;7.7
19;2021-04-08;1116;1015;46968;19475;19.5;8.1
19;2021-04-09;1639;610;48607;20085;20.2;8.4
19;2021-04-10;945;554;49552;20639;20.6;8.6
19;2021-04-11;558;75;50110;20714;20.8;8.6
19;2021-04-12;680;521;50790;21235;21.1;8.8
19;2021-04-13;915;577;51705;21812;21.5;9.1
19;2021-04-14;1336;838;53041;22650;22.1;9.4
19;2021-04-15;1229;869;54270;23519;22.6;9.8
19;2021-04-16;1504;820;55774;24339;23.2;10.1
19;2021-04-17;761;478;56535;24817;23.5;10.3
19;2021-04-18;659;69;57194;24886;23.8;10.4
19;2021-04-19;730;439;57924;25325;24.1;10.5
19;2021-04-20;978;747;58902;26072;24.5;10.8
19;2021-04-21;1271;697;60173;26769;25.0;11.1
19;2021-04-22;1189;892;61362;27661;25.5;11.5
19;2021-04-23;1128;1021;62490;28682;26.0;11.9
19;2021-04-24;678;673;63168;29355;26.3;12.2
19;2021-04-25;675;69;63843;29424;26.6;12.2
19;2021-04-26;1056;329;64899;29753;27.0;12.4
19;2021-04-27;1028;570;65927;30323;27.4;12.6
19;2021-04-28;1553;553;67480;30876;28.1;12.8
19;2021-04-29;1452;1194;68932;32070;28.7;13.3
19;2021-04-30;1877;1059;70809;33129;29.5;13.8
19;2021-05-01;669;168;71478;33297;29.7;13.9
19;2021-05-02;550;150;72028;33447;30.0;13.9
19;2021-05-03;854;548;72882;33995;30.3;14.1
19;2021-05-04;1025;708;73907;34703;30.8;14.4
19;2021-05-05;1254;739;75161;35442;31.3;14.7
19;2021-05-06;1127;1199;76288;36641;31.7;15.2
19;2021-05-07;1665;1188;77953;37829;32.4;15.7
19;2021-05-08;712;209;78665;38038;32.7;15.8
19;2021-05-09;487;545;79152;38583;32.9;16.1
19;2021-05-10;1164;670;80316;39253;33.4;16.3
19;2021-05-11;1636;856;81952;40109;34.1;16.7
19;2021-05-12;1944;1317;83896;41426;34.9;17.2
19;2021-05-13;571;242;84467;41668;35.1;17.3
19;2021-05-14;1645;987;86112;42655;35.8;17.7
19;2021-05-15;1443;591;87555;43246;36.4;18.0
19;2021-05-16;349;82;87904;43328;36.6;18.0
19;2021-05-17;1498;544;89402;43872;37.2;18.3
19;2021-05-18;1671;486;91073;44358;37.9;18.5
19;2021-05-19;1997;817;93070;45175;38.7;18.8
19;2021-05-20;1720;888;94790;46063;39.4;19.2
19;2021-05-21;1964;814;96754;46877;40.3;19.5
19;2021-05-22;1272;652;98026;47529;40.8;19.8
19;2021-05-23;324;130;98350;47659;40.9;19.8
19;2021-05-24;139;46;98489;47705;41.0;19.8
19;2021-05-25;1503;487;99992;48192;41.6;20.1
19;2021-05-26;1926;664;101918;48856;42.4;20.3
19;2021-05-27;1786;831;103704;49687;43.1;20.7
19;2021-05-28;1938;988;105642;50675;44.0;21.1
19;2021-05-29;1372;705;107014;51380;44.5;21.4
19;2021-05-30;191;497;107205;51877;44.6;21.6
19;2021-05-31;1200;537;108405;52414;45.1;21.8
19;2021-06-01;1281;883;109686;53297;45.6;22.2
19;2021-06-02;1817;958;111503;54255;46.4;22.6
19;2021-06-03;1447;1252;112950;55507;47.0;23.1
19;2021-06-04;1847;1351;114797;56858;47.8;23.7
19;2021-06-05;1211;814;116008;57672;48.3;24.0
19;2021-06-06;87;649;116095;58321;48.3;24.3
19;2021-06-07;922;933;117017;59254;48.7;24.7
19;2021-06-08;1105;907;118122;60161;49.1;25.0
19;2021-06-09;1328;1461;119450;61622;49.7;25.6
19;2021-06-10;1284;1582;120734;63204;50.2;26.3
19;2021-06-11;1315;1917;122049;65121;50.8;27.1
19;2021-06-12;1356;1317;123405;66438;51.3;27.6
19;2021-06-13;543;423;123948;66861;51.6;27.8
19;2021-06-14;736;1017;124684;67878;51.9;28.2
19;2021-06-15;979;1143;125663;69021;52.3;28.7
19;2021-06-16;1223;1363;126886;70384;52.8;29.3
19;2021-06-17;869;1792;127755;72176;53.2;30.0
19;2021-06-18;1057;2135;128812;74311;53.6;30.9
19;2021-06-19;918;1301;129730;75612;54.0;31.5
19;2021-06-20;395;325;130125;75937;54.1;31.6
19;2021-06-21;499;1075;130624;77012;54.4;32.0
19;2021-06-22;698;1491;131322;78503;54.6;32.7
19;2021-06-23;742;1984;132064;80487;54.9;33.5
19;2021-06-24;686;1663;132750;82150;55.2;34.2
19;2021-06-25;562;2216;133312;84366;55.5;35.1
19;2021-06-26;470;1738;133782;86104;55.7;35.8
19;2021-06-27;288;444;134070;86548;55.8;36.0
19;2021-06-28;316;1500;134386;88048;55.9;36.6
19;2021-06-29;352;1890;134738;89938;56.1;37.4
19;2021-06-30;794;2152;135532;92090;56.4;38.3
19;2021-07-01;360;2317;135892;94407;56.5;39.3
19;2021-07-02;778;2319;136670;96726;56.9;40.2
19;2021-07-03;511;1738;137181;98464;57.1;41.0
19;2021-07-04;1;73;137182;98537;57.1;41.0
19;2021-07-05;599;1015;137781;99552;57.3;41.4
19;2021-07-06;505;1540;138286;101092;57.5;42.1
19;2021-07-07;705;2046;138991;103138;57.8;42.9
19;2021-07-08;767;2149;139758;105287;58.2;43.8
19;2021-07-09;715;2658;140473;107945;58.4;44.9
19;2021-07-10;587;1706;141060;109651;58.7;45.6
19;2021-07-11;45;212;141105;109863;58.7;45.7
19;2021-07-12;447;1488;141552;111351;58.9;46.3
19;2021-07-13;677;1827;142229;113178;59.2;47.1
19;2021-07-14;202;273;142431;113451;59.3;47.2
19;2021-07-15;868;2052;143299;115503;59.6;48.1
19;2021-07-16;1221;2442;144520;117945;60.1;49.1
19;2021-07-17;700;1718;145220;119663;60.4;49.8
19;2021-07-18;363;667;145583;120330;60.6;50.1
19;2021-07-19;965;1405;146548;121735;61.0;50.7
19;2021-07-20;962;1672;147510;123407;61.4;51.3
19;2021-07-21;1068;1712;148578;125119;61.8;52.1
19;2021-07-22;1385;1855;149963;126974;62.4;52.8
19;2021-07-23;1775;1988;151738;128962;63.1;53.7
19;2021-07-24;905;1753;152643;130715;63.5;54.4
19;2021-07-25;157;513;152800;131228;63.6;54.6
19;2021-07-26;896;907;153696;132135;64.0;55.0
19;2021-07-27;1418;1110;155114;133245;64.5;55.4
19;2021-07-28;2038;1221;157152;134466;65.4;55.9
19;2021-07-29;1612;1199;158764;135665;66.1;56.4
19;2021-07-30;1898;1018;160662;136683;66.8;56.9
19;2021-07-31;1115;1013;161777;137696;67.3;57.3
19;2021-08-01;348;371;162125;138067;67.5;57.4
19;2021-08-02;1135;805;163260;138872;67.9;57.8
19;2021-08-03;1445;1042;164705;139914;68.5;58.2
19;2021-08-04;1973;759;166678;140673;69.4;58.5
19;2021-08-05;1594;942;168272;141615;70.0;58.9
19;2021-08-06;1918;1209;170190;142824;70.8;59.4
19;2021-08-07;1322;988;171512;143812;71.4;59.8
19;2021-08-08;184;232;171696;144044;71.4;59.9
19;2021-08-09;998;784;172694;144828;71.9;60.3
21;2020-12-27;4;0;4;0;0.0;0.0
21;2020-12-28;1;0;5;0;0.0;0.0
21;2020-12-29;19;0;24;0;0.0;0.0
21;2020-12-30;22;0;46;0;0.0;0.0
21;2020-12-31;0;0;46;0;0.0;0.0
21;2021-01-01;0;0;46;0;0.0;0.0
21;2021-01-02;1;0;47;0;0.0;0.0
21;2021-01-03;1;0;48;0;0.0;0.0
21;2021-01-04;22;0;70;0;0.0;0.0
21;2021-01-05;250;2;320;2;0.1;0.0
21;2021-01-06;300;0;620;2;0.1;0.0
21;2021-01-07;387;0;1007;2;0.2;0.0
21;2021-01-08;455;2;1462;4;0.3;0.0
21;2021-01-09;252;0;1714;4;0.3;0.0
21;2021-01-10;1;0;1715;4;0.3;0.0
21;2021-01-11;623;1;2338;5;0.4;0.0
21;2021-01-12;654;0;2992;5;0.6;0.0
21;2021-01-13;702;2;3694;7;0.7;0.0
21;2021-01-14;1185;5;4879;12;0.9;0.0
21;2021-01-15;715;4;5594;16;1.0;0.0
21;2021-01-16;162;0;5756;16;1.1;0.0
21;2021-01-17;4;0;5760;16;1.1;0.0
21;2021-01-18;1315;6;7075;22;1.3;0.0
21;2021-01-19;1362;2;8437;24;1.6;0.0
21;2021-01-20;1295;45;9732;69;1.8;0.0
21;2021-01-21;1537;2;11269;71;2.1;0.0
21;2021-01-22;1240;4;12509;75;2.3;0.0
21;2021-01-23;487;0;12996;75;2.4;0.0
21;2021-01-24;122;0;13118;75;2.5;0.0
21;2021-01-25;923;18;14041;93;2.6;0.0
21;2021-01-26;1538;146;15579;239;2.9;0.0
21;2021-01-27;2044;154;17623;393;3.3;0.1
21;2021-01-28;1449;227;19072;620;3.6;0.1
21;2021-01-29;1022;212;20094;832;3.8;0.2
21;2021-01-30;469;31;20563;863;3.9;0.2
21;2021-01-31;97;3;20660;866;3.9;0.2
21;2021-02-01;451;288;21111;1154;4.0;0.2
21;2021-02-02;453;442;21564;1596;4.0;0.3
21;2021-02-03;440;282;22004;1878;4.1;0.4
21;2021-02-04;416;549;22420;2427;4.2;0.5
21;2021-02-05;488;526;22908;2953;4.3;0.6
21;2021-02-06;154;223;23062;3176;4.3;0.6
21;2021-02-07;2;2;23064;3178;4.3;0.6
21;2021-02-08;434;391;23498;3569;4.4;0.7
21;2021-02-09;514;521;24012;4090;4.5;0.8
21;2021-02-10;460;584;24472;4674;4.6;0.9
21;2021-02-11;483;737;24955;5411;4.7;1.0
21;2021-02-12;358;938;25313;6349;4.8;1.2
21;2021-02-13;360;322;25673;6671;4.8;1.3
21;2021-02-14;238;147;25911;6818;4.9;1.3
21;2021-02-15;118;1426;26029;8244;4.9;1.5
21;2021-02-16;207;1575;26236;9819;4.9;1.8
21;2021-02-17;394;1989;26630;11808;5.0;2.2
21;2021-02-18;602;1360;27232;13168;5.1;2.5
21;2021-02-19;216;1143;27448;14311;5.2;2.7
21;2021-02-20;122;429;27570;14740;5.2;2.8
21;2021-02-21;1;83;27571;14823;5.2;2.8
21;2021-02-22;81;779;27652;15602;5.2;2.9
21;2021-02-23;169;1042;27821;16644;5.2;3.1
21;2021-02-24;224;749;28045;17393;5.3;3.3
21;2021-02-25;646;836;28691;18229;5.4;3.4
21;2021-02-26;926;723;29617;18952;5.6;3.6
21;2021-02-27;535;302;30152;19254;5.7;3.6
21;2021-02-28;24;135;30176;19389;5.7;3.6
21;2021-03-01;679;630;30855;20019;5.8;3.8
21;2021-03-02;1054;550;31909;20569;6.0;3.9
21;2021-03-03;1162;440;33071;21009;6.2;3.9
21;2021-03-04;1682;520;34753;21529;6.5;4.0
21;2021-03-05;2198;659;36951;22188;6.9;4.2
21;2021-03-06;1592;197;38543;22385;7.2;4.2
21;2021-03-07;4;16;38547;22401;7.2;4.2
21;2021-03-08;771;446;39318;22847;7.4;4.3
21;2021-03-09;1567;567;40885;23414;7.7;4.4
21;2021-03-10;1625;558;42510;23972;8.0;4.5
21;2021-03-11;2191;692;44701;24664;8.4;4.6
21;2021-03-12;2898;431;47599;25095;8.9;4.7
21;2021-03-13;1932;186;49531;25281;9.3;4.7
21;2021-03-14;38;50;49569;25331;9.3;4.8
21;2021-03-15;1409;84;50978;25415;9.6;4.8
21;2021-03-16;1879;147;52857;25562;9.9;4.8
21;2021-03-17;1800;109;54657;25671;10.3;4.8
21;2021-03-18;2121;259;56778;25930;10.7;4.9
21;2021-03-19;1961;142;58739;26072;11.0;4.9
21;2021-03-20;1228;38;59967;26110;11.3;4.9
21;2021-03-21;1;0;59968;26110;11.3;4.9
21;2021-03-22;1555;88;61523;26198;11.5;4.9
21;2021-03-23;2691;103;64214;26301;12.1;4.9
21;2021-03-24;2890;154;67104;26455;12.6;5.0
21;2021-03-25;3729;232;70833;26687;13.3;5.0
21;2021-03-26;3656;188;74489;26875;14.0;5.0
21;2021-03-27;1730;57;76219;26932;14.3;5.1
21;2021-03-28;200;37;76419;26969;14.3;5.1
21;2021-03-29;1789;516;78208;27485;14.7;5.2
21;2021-03-30;2349;800;80557;28285;15.1;5.3
21;2021-03-31;2717;653;83274;28938;15.6;5.4
21;2021-04-01;2690;718;85964;29656;16.1;5.6
21;2021-04-02;2246;743;88210;30399;16.6;5.7
21;2021-04-03;1017;277;89227;30676;16.7;5.8
21;2021-04-04;2;12;89229;30688;16.7;5.8
21;2021-04-05;8;0;89237;30688;16.7;5.8
21;2021-04-06;1355;1138;90592;31826;17.0;6.0
21;2021-04-07;1747;972;92339;32798;17.3;6.2
21;2021-04-08;3215;1127;95554;33925;17.9;6.4
21;2021-04-09;3479;1184;99033;35109;18.6;6.6
21;2021-04-10;1378;738;100411;35847;18.8;6.7
21;2021-04-11;145;3;100556;35850;18.9;6.7
21;2021-04-12;1114;1358;101670;37208;19.1;7.0
21;2021-04-13;1657;1786;103327;38994;19.4;7.3
21;2021-04-14;1482;1479;104809;40473;19.7;7.6
21;2021-04-15;1902;1594;106711;42067;20.0;7.9
21;2021-04-16;2321;1310;109032;43377;20.5;8.1
21;2021-04-17;1018;970;110050;44347;20.7;8.3
21;2021-04-18;15;4;110065;44351;20.7;8.3
21;2021-04-19;1110;1326;111175;45677;20.9;8.6
21;2021-04-20;1240;1839;112415;47516;21.1;8.9
21;2021-04-21;1094;1723;113509;49239;21.3;9.2
21;2021-04-22;1275;2215;114784;51454;21.5;9.7
21;2021-04-23;1981;1722;116765;53176;21.9;10.0
21;2021-04-24;1002;869;117767;54045;22.1;10.1
21;2021-04-25;9;168;117776;54213;22.1;10.2
21;2021-04-26;1012;1598;118788;55811;22.3;10.5
21;2021-04-27;1838;1943;120626;57754;22.6;10.8
21;2021-04-28;2232;2223;122858;59977;23.1;11.3
21;2021-04-29;3134;2263;125992;62240;23.6;11.7
21;2021-04-30;3558;1863;129550;64103;24.3;12.0
21;2021-05-01;963;226;130513;64329;24.5;12.1
21;2021-05-02;2;5;130515;64334;24.5;12.1
21;2021-05-03;2082;1349;132597;65683;24.9;12.3
21;2021-05-04;2578;1643;135175;67326;25.4;12.6
21;2021-05-05;2248;1686;137423;69012;25.8;13.0
21;2021-05-06;3012;2241;140435;71253;26.4;13.4
21;2021-05-07;2808;2182;143243;73435;26.9;13.8
21;2021-05-08;1066;268;144309;73703;27.1;13.8
21;2021-05-09;26;176;144335;73879;27.1;13.9
21;2021-05-10;3170;1719;147505;75598;27.7;14.2
21;2021-05-11;4917;1998;152422;77596;28.6;14.6
21;2021-05-12;4801;1738;157223;79334;29.5;14.9
21;2021-05-13;3846;364;161069;79698;30.2;15.0
21;2021-05-14;5200;1463;166269;81161;31.2;15.2
21;2021-05-15;3430;648;169699;81809;31.8;15.4
21;2021-05-16;49;4;169748;81813;31.9;15.4
21;2021-05-17;4130;1246;173878;83059;32.6;15.6
21;2021-05-18;4361;1495;178239;84554;33.4;15.9
21;2021-05-19;3471;1109;181710;85663;34.1;16.1
21;2021-05-20;3896;1344;185606;87007;34.8;16.3
21;2021-05-21;3625;2143;189231;89150;35.5;16.7
21;2021-05-22;1669;768;190900;89918;35.8;16.9
21;2021-05-23;4;17;190904;89935;35.8;16.9
21;2021-05-24;1817;266;192721;90201;36.2;16.9
21;2021-05-25;2646;1970;195367;92171;36.7;17.3
21;2021-05-26;2605;1997;197972;94168;37.2;17.7
21;2021-05-27;4013;2108;201985;96276;37.9;18.1
21;2021-05-28;3571;2824;205556;99100;38.6;18.6
21;2021-05-29;1927;1463;207483;100563;38.9;18.9
21;2021-05-30;96;13;207579;100576;39.0;18.9
21;2021-05-31;2501;1781;210080;102357;39.4;19.2
21;2021-06-01;3453;2259;213533;104616;40.1;19.6
21;2021-06-02;2615;1766;216148;106382;40.6;20.0
21;2021-06-03;3147;2078;219295;108460;41.2;20.4
21;2021-06-04;3280;2585;222575;111045;41.8;20.8
21;2021-06-05;2925;1654;225500;112699;42.3;21.1
21;2021-06-06;51;85;225551;112784;42.3;21.2
21;2021-06-07;4314;1350;229865;114134;43.1;21.4
21;2021-06-08;4938;2142;234803;116276;44.1;21.8
21;2021-06-09;4501;1624;239304;117900;44.9;22.1
21;2021-06-10;3930;2596;243234;120496;45.6;22.6
21;2021-06-11;4166;3110;247400;123606;46.4;23.2
21;2021-06-12;2199;1606;249599;125212;46.8;23.5
21;2021-06-13;29;11;249628;125223;46.8;23.5
21;2021-06-14;2198;2570;251826;127793;47.3;24.0
21;2021-06-15;2959;3093;254785;130886;47.8;24.6
21;2021-06-16;2852;2612;257637;133498;48.3;25.1
21;2021-06-17;3421;3043;261058;136541;49.0;25.6
21;2021-06-18;2426;3799;263484;140340;49.4;26.3
21;2021-06-19;2043;1864;265527;142204;49.8;26.7
21;2021-06-20;26;13;265553;142217;49.8;26.7
21;2021-06-21;1841;3412;267394;145629;50.2;27.3
21;2021-06-22;1879;5833;269273;151462;50.5;28.4
21;2021-06-23;2028;5012;271301;156474;50.9;29.4
21;2021-06-24;2364;4662;273665;161136;51.4;30.2
21;2021-06-25;1527;5898;275192;167034;51.6;31.3
21;2021-06-26;1441;3901;276633;170935;51.9;32.1
21;2021-06-27;18;125;276651;171060;51.9;32.1
21;2021-06-28;1397;4018;278048;175078;52.2;32.9
21;2021-06-29;1635;4179;279683;179257;52.5;33.6
21;2021-06-30;1567;3371;281250;182628;52.8;34.3
21;2021-07-01;1659;4145;282909;186773;53.1;35.0
21;2021-07-02;2170;4224;285079;190997;53.5;35.8
21;2021-07-03;1093;2100;286172;193097;53.7;36.2
21;2021-07-04;37;55;286209;193152;53.7;36.2
21;2021-07-05;1606;3625;287815;196777;54.0;36.9
21;2021-07-06;1345;3588;289160;200365;54.3;37.6
21;2021-07-07;1454;3241;290614;203606;54.5;38.2
21;2021-07-08;1874;4160;292488;207766;54.9;39.0
21;2021-07-09;2074;4352;294562;212118;55.3;39.8
21;2021-07-10;1088;2548;295650;214666;55.5;40.3
21;2021-07-11;19;74;295669;214740;55.5;40.3
21;2021-07-12;1650;3726;297319;218466;55.8;41.0
21;2021-07-13;2300;4898;299619;223364;56.2;41.9
21;2021-07-14;2870;2014;302489;225378;56.8;42.3
21;2021-07-15;3797;4557;306286;229935;57.5;43.1
21;2021-07-16;3879;5256;310165;235191;58.2;44.1
21;2021-07-17;2765;4167;312930;239358;58.7;44.9
21;2021-07-18;156;81;313086;239439;58.8;44.9
21;2021-07-19;2378;4627;315464;244066;59.2;45.8
21;2021-07-20;2748;5495;318212;249561;59.7;46.8
21;2021-07-21;2892;4790;321104;254351;60.3;47.7
21;2021-07-22;3005;4723;324109;259074;60.8;48.6
21;2021-07-23;4328;4878;328437;263952;61.6;49.5
21;2021-07-24;3030;3009;331467;266961;62.2;50.1
21;2021-07-25;67;39;331534;267000;62.2;50.1
21;2021-07-26;2651;3581;334185;270581;62.7;50.8
21;2021-07-27;3361;3771;337546;274352;63.3;51.5
21;2021-07-28;3511;3339;341057;277691;64.0;52.1
21;2021-07-29;4010;3363;345067;281054;64.8;52.7
21;2021-07-30;4528;3338;349595;284392;65.6;53.4
21;2021-07-31;3404;2358;352999;286750;66.2;53.8
21;2021-08-01;328;53;353327;286803;66.3;53.8
21;2021-08-02;2456;3162;355783;289965;66.8;54.4
21;2021-08-03;2535;2770;358318;292735;67.2;54.9
21;2021-08-04;2306;2471;360624;295206;67.7;55.4
21;2021-08-05;2103;3078;362727;298284;68.1;56.0
21;2021-08-06;2462;3284;365189;301568;68.5;56.6
21;2021-08-07;1882;2640;367071;304208;68.9;57.1
21;2021-08-08;74;68;367145;304276;68.9;57.1
21;2021-08-09;1527;2921;368672;307197;69.2;57.6
22;2020-12-27;0;0;0;0;0.0;0.0
22;2020-12-28;0;0;0;0;0.0;0.0
22;2020-12-29;0;0;0;0;0.0;0.0
22;2020-12-30;0;0;0;0;0.0;0.0
22;2020-12-31;0;0;0;0;0.0;0.0
22;2021-01-01;0;0;0;0;0.0;0.0
22;2021-01-02;2;0;2;0;0.0;0.0
22;2021-01-03;0;0;2;0;0.0;0.0
22;2021-01-04;4;0;6;0;0.0;0.0
22;2021-01-05;61;0;67;0;0.0;0.0
22;2021-01-06;114;1;181;1;0.0;0.0
22;2021-01-07;67;0;248;1;0.0;0.0
22;2021-01-08;174;0;422;1;0.1;0.0
22;2021-01-09;1;0;423;1;0.1;0.0
22;2021-01-10;0;0;423;1;0.1;0.0
22;2021-01-11;233;3;656;4;0.1;0.0
22;2021-01-12;627;0;1283;4;0.2;0.0
22;2021-01-13;675;1;1958;5;0.3;0.0
22;2021-01-14;715;8;2673;13;0.4;0.0
22;2021-01-15;527;2;3200;15;0.5;0.0
22;2021-01-16;97;0;3297;15;0.6;0.0
22;2021-01-17;1;0;3298;15;0.6;0.0
22;2021-01-18;310;1;3608;16;0.6;0.0
22;2021-01-19;680;1;4288;17;0.7;0.0
22;2021-01-20;598;0;4886;17;0.8;0.0
22;2021-01-21;947;1;5833;18;1.0;0.0
22;2021-01-22;839;2;6672;20;1.1;0.0
22;2021-01-23;219;0;6891;20;1.2;0.0
22;2021-01-24;1;0;6892;20;1.2;0.0
22;2021-01-25;748;10;7640;30;1.3;0.0
22;2021-01-26;1016;59;8656;89;1.5;0.0
22;2021-01-27;3855;110;12511;199;2.1;0.0
22;2021-01-28;4511;84;17022;283;2.9;0.0
22;2021-01-29;1884;129;18906;412;3.2;0.1
22;2021-01-30;287;0;19193;412;3.2;0.1
22;2021-01-31;2;0;19195;412;3.2;0.1
22;2021-02-01;641;81;19836;493;3.3;0.1
22;2021-02-02;903;436;20739;929;3.5;0.2
22;2021-02-03;690;504;21429;1433;3.6;0.2
22;2021-02-04;966;636;22395;2069;3.8;0.3
22;2021-02-05;721;563;23116;2632;3.9;0.4
22;2021-02-06;249;0;23365;2632;3.9;0.4
22;2021-02-07;0;0;23365;2632;3.9;0.4
22;2021-02-08;531;133;23896;2765;4.0;0.5
22;2021-02-09;615;344;24511;3109;4.1;0.5
22;2021-02-10;425;201;24936;3310;4.2;0.6
22;2021-02-11;1086;324;26022;3634;4.4;0.6
22;2021-02-12;594;329;26616;3963;4.5;0.7
22;2021-02-13;319;78;26935;4041;4.5;0.7
22;2021-02-14;0;5;26935;4046;4.5;0.7
22;2021-02-15;672;429;27607;4475;4.6;0.8
22;2021-02-16;1041;705;28648;5180;4.8;0.9
22;2021-02-17;1203;2462;29851;7642;5.0;1.3
22;2021-02-18;2141;3005;31992;10647;5.4;1.8
22;2021-02-19;1636;1946;33628;12593;5.6;2.1
22;2021-02-20;479;213;34107;12806;5.7;2.1
22;2021-02-21;4;49;34111;12855;5.7;2.2
22;2021-02-22;403;721;34514;13576;5.8;2.3
22;2021-02-23;663;931;35177;14507;5.9;2.4
22;2021-02-24;695;945;35872;15452;6.0;2.6
22;2021-02-25;1201;1207;37073;16659;6.2;2.8
22;2021-02-26;1065;711;38138;17370;6.4;2.9
22;2021-02-27;563;284;38701;17654;6.5;3.0
22;2021-02-28;16;8;38717;17662;6.5;3.0
22;2021-03-01;955;525;39672;18187;6.7;3.1
22;2021-03-02;1205;875;40877;19062;6.9;3.2
22;2021-03-03;1325;861;42202;19923;7.1;3.3
22;2021-03-04;1598;930;43800;20853;7.3;3.5
22;2021-03-05;2103;806;45903;21659;7.7;3.6
22;2021-03-06;1113;296;47016;21955;7.9;3.7
22;2021-03-07;219;1;47235;21956;7.9;3.7
22;2021-03-08;1291;655;48526;22611;8.1;3.8
22;2021-03-09;1824;746;50350;23357;8.4;3.9
22;2021-03-10;1984;1005;52334;24362;8.8;4.1
22;2021-03-11;2371;1654;54705;26016;9.2;4.4
22;2021-03-12;3097;957;57802;26973;9.7;4.5
22;2021-03-13;1713;292;59515;27265;10.0;4.6
22;2021-03-14;245;23;59760;27288;10.0;4.6
22;2021-03-15;1617;565;61377;27853;10.3;4.7
22;2021-03-16;1599;853;62976;28706;10.6;4.8
22;2021-03-17;2646;699;65622;29405;11.0;4.9
22;2021-03-18;2553;1107;68175;30512;11.4;5.1
22;2021-03-19;3280;798;71455;31310;12.0;5.3
22;2021-03-20;2208;284;73663;31594;12.4;5.3
22;2021-03-21;16;0;73679;31594;12.4;5.3
22;2021-03-22;2364;359;76043;31953;12.8;5.4
22;2021-03-23;3144;783;79187;32736;13.3;5.5
22;2021-03-24;3484;684;82671;33420;13.9;5.6
22;2021-03-25;3955;601;86626;34021;14.5;5.7
22;2021-03-26;4003;477;90629;34498;15.2;5.8
22;2021-03-27;2084;179;92713;34677;15.6;5.8
22;2021-03-28;67;1;92780;34678;15.6;5.8
22;2021-03-29;2768;908;95548;35586;16.0;6.0
22;2021-03-30;3567;1154;99115;36740;16.6;6.2
22;2021-03-31;3674;1088;102789;37828;17.2;6.3
22;2021-04-01;4921;1118;107710;38946;18.1;6.5
22;2021-04-02;4392;1035;112102;39981;18.8;6.7
22;2021-04-03;1996;402;114098;40383;19.1;6.8
22;2021-04-04;37;0;114135;40383;19.1;6.8
22;2021-04-05;15;0;114150;40383;19.1;6.8
22;2021-04-06;3289;1140;117439;41523;19.7;7.0
22;2021-04-07;3425;1363;120864;42886;20.3;7.2
22;2021-04-08;4444;1318;125308;44204;21.0;7.4
22;2021-04-09;5184;1351;130492;45555;21.9;7.6
22;2021-04-10;2443;365;132935;45920;22.3;7.7
22;2021-04-11;477;8;133412;45928;22.4;7.7
22;2021-04-12;2985;996;136397;46924;22.9;7.9
22;2021-04-13;3319;1517;139716;48441;23.4;8.1
22;2021-04-14;3167;2484;142883;50925;24.0;8.5
22;2021-04-15;3597;2434;146480;53359;24.6;9.0
22;2021-04-16;3630;2489;150110;55848;25.2;9.4
22;2021-04-17;1917;1786;152027;57634;25.5;9.7
22;2021-04-18;17;0;152044;57634;25.5;9.7
22;2021-04-19;3020;2145;155064;59779;26.0;10.0
22;2021-04-20;3306;2789;158370;62568;26.6;10.5
22;2021-04-21;3224;2732;161594;65300;27.1;11.0
22;2021-04-22;3593;3130;165187;68430;27.7;11.5
22;2021-04-23;3727;3170;168914;71600;28.3;12.0
22;2021-04-24;1996;1962;170910;73562;28.7;12.3
22;2021-04-25;17;0;170927;73562;28.7;12.3
22;2021-04-26;3209;2849;174136;76411;29.2;12.8
22;2021-04-27;3372;3144;177508;79555;29.8;13.3
22;2021-04-28;3490;3149;180998;82704;30.4;13.9
22;2021-04-29;4080;3272;185078;85976;31.0;14.4
22;2021-04-30;3906;3225;188984;89201;31.7;15.0
22;2021-05-01;60;69;189044;89270;31.7;15.0
22;2021-05-02;1237;59;190281;89329;31.9;15.0
22;2021-05-03;2030;2709;192311;92038;32.3;15.4
22;2021-05-04;2154;2895;194465;94933;32.6;15.9
22;2021-05-05;2053;3007;196518;97940;33.0;16.4
22;2021-05-06;2510;3497;199028;101437;33.4;17.0
22;2021-05-07;2830;3406;201858;104843;33.9;17.6
22;2021-05-08;45;121;201903;104964;33.9;17.6
22;2021-05-09;600;435;202503;105399;34.0;17.7
22;2021-05-10;4474;2726;206977;108125;34.7;18.1
22;2021-05-11;5105;2902;212082;111027;35.6;18.6
22;2021-05-12;6600;1017;218682;112044;36.7;18.8
22;2021-05-13;528;35;219210;112079;36.8;18.8
22;2021-05-14;6407;1081;225617;113160;37.8;19.0
22;2021-05-15;3985;427;229602;113587;38.5;19.1
22;2021-05-16;419;36;230021;113623;38.6;19.1
22;2021-05-17;5668;516;235689;114139;39.5;19.1
22;2021-05-18;6010;947;241699;115086;40.5;19.3
22;2021-05-19;6126;703;247825;115789;41.6;19.4
22;2021-05-20;6587;1374;254412;117163;42.7;19.7
22;2021-05-21;5891;1460;260303;118623;43.7;19.9
22;2021-05-22;4083;772;264386;119395;44.3;20.0
22;2021-05-23;406;14;264792;119409;44.4;20.0
22;2021-05-24;5305;221;270097;119630;45.3;20.1
22;2021-05-25;5633;1177;275730;120807;46.2;20.3
22;2021-05-26;4214;2805;279944;123612;47.0;20.7
22;2021-05-27;4502;3838;284446;127450;47.7;21.4
22;2021-05-28;4386;4439;288832;131889;48.4;22.1
22;2021-05-29;3046;1770;291878;133659;49.0;22.4
22;2021-05-30;19;7;291897;133666;49.0;22.4
22;2021-05-31;3651;3154;295548;136820;49.6;22.9
22;2021-06-01;3519;3690;299067;140510;50.2;23.6
22;2021-06-02;3082;3384;302149;143894;50.7;24.1
22;2021-06-03;3196;4099;305345;147993;51.2;24.8
22;2021-06-04;3370;4548;308715;152541;51.8;25.6
22;2021-06-05;3542;2026;312257;154567;52.4;25.9
22;2021-06-06;214;30;312471;154597;52.4;25.9
22;2021-06-07;3039;3256;315510;157853;52.9;26.5
22;2021-06-08;2795;3529;318305;161382;53.4;27.1
22;2021-06-09;2538;3507;320843;164889;53.8;27.7
22;2021-06-10;2518;4251;323361;169140;54.2;28.4
22;2021-06-11;2544;4228;325905;173368;54.7;29.1
22;2021-06-12;2413;1455;328318;174823;55.1;29.3
22;2021-06-13;133;1093;328451;175916;55.1;29.5
22;2021-06-14;2640;2466;331091;178382;55.5;29.9
22;2021-06-15;3095;2998;334186;181380;56.1;30.4
22;2021-06-16;3004;2810;337190;184190;56.6;30.9
22;2021-06-17;2567;3180;339757;187370;57.0;31.4
22;2021-06-18;3098;4113;342855;191483;57.5;32.1
22;2021-06-19;2983;1454;345838;192937;58.0;32.4
22;2021-06-20;155;8;345993;192945;58.0;32.4
22;2021-06-21;1776;5020;347769;197965;58.3;33.2
22;2021-06-22;2401;5553;350170;203518;58.7;34.1
22;2021-06-23;1279;6206;351449;209724;58.9;35.2
22;2021-06-24;2571;3914;354020;213638;59.4;35.8
22;2021-06-25;1559;6814;355579;220452;59.6;37.0
22;2021-06-26;784;3855;356363;224307;59.8;37.6
22;2021-06-27;4;512;356367;224819;59.8;37.7
22;2021-06-28;1052;5587;357419;230406;60.0;38.6
22;2021-06-29;1372;5957;358791;236363;60.2;39.6
22;2021-06-30;1124;5738;359915;242101;60.4;40.6
22;2021-07-01;1364;6039;361279;248140;60.6;41.6
22;2021-07-02;1704;6093;362983;254233;60.9;42.6
22;2021-07-03;995;3820;363978;258053;61.1;43.3
22;2021-07-04;144;364;364122;258417;61.1;43.3
22;2021-07-05;1566;5804;365688;264221;61.3;44.3
22;2021-07-06;2297;5995;367985;270216;61.7;45.3
22;2021-07-07;2253;4931;370238;275147;62.1;46.2
22;2021-07-08;2490;5096;372728;280243;62.5;47.0
22;2021-07-09;2466;5380;375194;285623;62.9;47.9
22;2021-07-10;1782;3356;376976;288979;63.2;48.5
22;2021-07-11;483;71;377459;289050;63.3;48.5
22;2021-07-12;2296;4732;379755;293782;63.7;49.3
22;2021-07-13;3760;5049;383515;298831;64.3;50.1
22;2021-07-14;697;2500;384212;301331;64.4;50.5
22;2021-07-15;3806;4626;388018;305957;65.1;51.3
22;2021-07-16;3795;5290;391813;311247;65.7;52.2
22;2021-07-17;2531;3417;394344;314664;66.1;52.8
22;2021-07-18;561;86;394905;314750;66.2;52.8
22;2021-07-19;2720;4104;397625;318854;66.7;53.5
22;2021-07-20;3824;4129;401449;322983;67.3;54.2
22;2021-07-21;3938;3409;405387;326392;68.0;54.7
22;2021-07-22;4779;3706;410166;330098;68.8;55.4
22;2021-07-23;4396;4216;414562;334314;69.5;56.1
22;2021-07-24;2227;2617;416789;336931;69.9;56.5
22;2021-07-25;117;150;416906;337081;69.9;56.5
22;2021-07-26;2981;3911;419887;340992;70.4;57.2
22;2021-07-27;3643;4917;423530;345909;71.0;58.0
22;2021-07-28;3636;3645;427166;349554;71.6;58.6
22;2021-07-29;4242;3770;431408;353324;72.4;59.3
22;2021-07-30;3994;3972;435402;357296;73.0;59.9
22;2021-07-31;2378;2794;437780;360090;73.4;60.4
22;2021-08-01;114;152;437894;360242;73.4;60.4
22;2021-08-02;4614;2523;442508;362765;74.2;60.8
22;2021-08-03;4746;3412;447254;366177;75.0;61.4
22;2021-08-04;5720;2475;452974;368652;76.0;61.8
22;2021-08-05;4091;3794;457065;372446;76.7;62.5
22;2021-08-06;3625;3802;460690;376248;77.3;63.1
22;2021-08-07;2318;2257;463008;378505;77.7;63.5
22;2021-08-08;419;68;463427;378573;77.7;63.5
22;2021-08-09;2682;2685;466109;381258;78.2;63.9
23;2020-12-27;0;0;0;0;0.0;0.0
23;2020-12-28;1;0;1;0;0.0;0.0
23;2020-12-29;0;0;1;0;0.0;0.0
23;2020-12-30;0;0;1;0;0.0;0.0
23;2020-12-31;0;0;1;0;0.0;0.0
23;2021-01-01;0;0;1;0;0.0;0.0
23;2021-01-02;1;0;2;0;0.0;0.0
23;2021-01-03;0;0;2;0;0.0;0.0
23;2021-01-04;1;0;3;0;0.0;0.0
23;2021-01-05;3;0;6;0;0.0;0.0
23;2021-01-06;10;0;16;0;0.0;0.0
23;2021-01-07;116;0;132;0;0.1;0.0
23;2021-01-08;116;0;248;0;0.2;0.0
23;2021-01-09;36;0;284;0;0.2;0.0
23;2021-01-10;1;0;285;0;0.2;0.0
23;2021-01-11;174;0;459;0;0.4;0.0
23;2021-01-12;234;1;693;1;0.6;0.0
23;2021-01-13;308;0;1001;1;0.9;0.0
23;2021-01-14;292;4;1293;5;1.1;0.0
23;2021-01-15;334;5;1627;10;1.4;0.0
23;2021-01-16;163;1;1790;11;1.5;0.0
23;2021-01-17;0;0;1790;11;1.5;0.0
23;2021-01-18;341;1;2131;12;1.8;0.0
23;2021-01-19;497;2;2628;14;2.3;0.0
23;2021-01-20;362;1;2990;15;2.6;0.0
23;2021-01-21;697;1;3687;16;3.2;0.0
23;2021-01-22;477;0;4164;16;3.6;0.0
23;2021-01-23;368;1;4532;17;3.9;0.0
23;2021-01-24;0;0;4532;17;3.9;0.0
23;2021-01-25;382;17;4914;34;4.2;0.0
23;2021-01-26;300;5;5214;39;4.5;0.0
23;2021-01-27;228;3;5442;42;4.7;0.0
23;2021-01-28;232;47;5674;89;4.9;0.1
23;2021-01-29;303;103;5977;192;5.1;0.2
23;2021-01-30;100;28;6077;220;5.2;0.2
23;2021-01-31;2;34;6079;254;5.2;0.2
23;2021-02-01;147;106;6226;360;5.4;0.3
23;2021-02-02;157;123;6383;483;5.5;0.4
23;2021-02-03;105;210;6488;693;5.6;0.6
23;2021-02-04;78;265;6566;958;5.6;0.8
23;2021-02-05;115;314;6681;1272;5.7;1.1
23;2021-02-06;14;168;6695;1440;5.8;1.2
23;2021-02-07;1;0;6696;1440;5.8;1.2
23;2021-02-08;125;218;6821;1658;5.9;1.4
23;2021-02-09;85;296;6906;1954;5.9;1.7
23;2021-02-10;89;283;6995;2237;6.0;1.9
23;2021-02-11;244;589;7239;2826;6.2;2.4
23;2021-02-12;174;284;7413;3110;6.4;2.7
23;2021-02-13;8;191;7421;3301;6.4;2.8
23;2021-02-14;8;0;7429;3301;6.4;2.8
23;2021-02-15;157;367;7586;3668;6.5;3.2
23;2021-02-16;103;443;7689;4111;6.6;3.5
23;2021-02-17;65;493;7754;4604;6.7;4.0
23;2021-02-18;142;370;7896;4974;6.8;4.3
23;2021-02-19;109;253;8005;5227;6.9;4.5
23;2021-02-20;2;93;8007;5320;6.9;4.6
23;2021-02-21;0;0;8007;5320;6.9;4.6
23;2021-02-22;104;212;8111;5532;7.0;4.8
23;2021-02-23;107;220;8218;5752;7.1;4.9
23;2021-02-24;176;168;8394;5920;7.2;5.1
23;2021-02-25;183;109;8577;6029;7.4;5.2
23;2021-02-26;287;165;8864;6194;7.6;5.3
23;2021-02-27;112;10;8976;6204;7.7;5.3
23;2021-02-28;1;31;8977;6235;7.7;5.4
23;2021-03-01;88;201;9065;6436;7.8;5.5
23;2021-03-02;229;132;9294;6568;8.0;5.6
23;2021-03-03;132;90;9426;6658;8.1;5.7
23;2021-03-04;307;138;9733;6796;8.4;5.8
23;2021-03-05;517;111;10250;6907;8.8;5.9
23;2021-03-06;494;5;10744;6912;9.2;5.9
23;2021-03-07;313;2;11057;6914;9.5;5.9
23;2021-03-08;197;72;11254;6986;9.7;6.0
23;2021-03-09;421;97;11675;7083;10.0;6.1
23;2021-03-10;348;39;12023;7122;10.3;6.1
23;2021-03-11;324;49;12347;7171;10.6;6.2
23;2021-03-12;618;33;12965;7204;11.2;6.2
23;2021-03-13;286;12;13251;7216;11.4;6.2
23;2021-03-14;45;34;13296;7250;11.4;6.2
23;2021-03-15;220;126;13516;7376;11.6;6.3
23;2021-03-16;192;90;13708;7466;11.8;6.4
23;2021-03-17;131;101;13839;7567;11.9;6.5
23;2021-03-18;193;98;14032;7665;12.1;6.6
23;2021-03-19;205;121;14237;7786;12.2;6.7
23;2021-03-20;630;35;14867;7821;12.8;6.7
23;2021-03-21;128;0;14995;7821;12.9;6.7
23;2021-03-22;264;148;15259;7969;13.1;6.9
23;2021-03-23;504;105;15763;8074;13.6;6.9
23;2021-03-24;423;124;16186;8198;13.9;7.1
23;2021-03-25;818;186;17004;8384;14.6;7.2
23;2021-03-26;733;194;17737;8578;15.3;7.4
23;2021-03-27;505;48;18242;8626;15.7;7.4
23;2021-03-28;3;9;18245;8635;15.7;7.4
23;2021-03-29;358;111;18603;8746;16.0;7.5
23;2021-03-30;537;176;19140;8922;16.5;7.7
23;2021-03-31;411;174;19551;9096;16.8;7.8
23;2021-04-01;600;170;20151;9266;17.3;8.0
23;2021-04-02;498;297;20649;9563;17.8;8.2
23;2021-04-03;715;43;21364;9606;18.4;8.3
23;2021-04-04;4;0;21368;9606;18.4;8.3
23;2021-04-05;0;3;21368;9609;18.4;8.3
23;2021-04-06;381;294;21749;9903;18.7;8.5
23;2021-04-07;705;307;22454;10210;19.3;8.8
23;2021-04-08;803;233;23257;10443;20.0;9.0
23;2021-04-09;939;358;24196;10801;20.8;9.3
23;2021-04-10;1097;109;25293;10910;21.8;9.4
23;2021-04-11;21;2;25314;10912;21.8;9.4
23;2021-04-12;692;235;26006;11147;22.4;9.6
23;2021-04-13;667;302;26673;11449;22.9;9.8
23;2021-04-14;586;175;27259;11624;23.4;10.0
23;2021-04-15;928;182;28187;11806;24.2;10.2
23;2021-04-16;902;206;29089;12012;25.0;10.3
23;2021-04-17;994;551;30083;12563;25.9;10.8
23;2021-04-18;3;136;30086;12699;25.9;10.9
23;2021-04-19;611;296;30697;12995;26.4;11.2
23;2021-04-20;721;289;31418;13284;27.0;11.4
23;2021-04-21;733;394;32151;13678;27.7;11.8
23;2021-04-22;657;473;32808;14151;28.2;12.2
23;2021-04-23;592;340;33400;14491;28.7;12.5
23;2021-04-24;855;448;34255;14939;29.5;12.8
23;2021-04-25;0;0;34255;14939;29.5;12.8
23;2021-04-26;615;252;34870;15191;30.0;13.1
23;2021-04-27;675;426;35545;15617;30.6;13.4
23;2021-04-28;628;275;36173;15892;31.1;13.7
23;2021-04-29;883;379;37056;16271;31.9;14.0
23;2021-04-30;719;787;37775;17058;32.5;14.7
23;2021-05-01;1226;38;39001;17096;33.5;14.7
23;2021-05-02;14;0;39015;17096;33.6;14.7
23;2021-05-03;431;520;39446;17616;33.9;15.2
23;2021-05-04;616;511;40062;18127;34.5;15.6
23;2021-05-05;538;711;40600;18838;34.9;16.2
23;2021-05-06;727;702;41327;19540;35.5;16.8
23;2021-05-07;683;640;42010;20180;36.1;17.4
23;2021-05-08;1409;586;43419;20766;37.3;17.9
23;2021-05-09;3;0;43422;20766;37.3;17.9
23;2021-05-10;556;656;43978;21422;37.8;18.4
23;2021-05-11;561;764;44539;22186;38.3;19.1
23;2021-05-12;720;661;45259;22847;38.9;19.6
23;2021-05-13;536;56;45795;22903;39.4;19.7
23;2021-05-14;788;459;46583;23362;40.1;20.1
23;2021-05-15;994;234;47577;23596;40.9;20.3
23;2021-05-16;0;0;47577;23596;40.9;20.3
23;2021-05-17;567;449;48144;24045;41.4;20.7
23;2021-05-18;772;292;48916;24337;42.1;20.9
23;2021-05-19;1050;256;49966;24593;43.0;21.2
23;2021-05-20;837;317;50803;24910;43.7;21.4
23;2021-05-21;1105;310;51908;25220;44.6;21.7
23;2021-05-22;740;125;52648;25345;45.3;21.8
23;2021-05-23;2;20;52650;25365;45.3;21.8
23;2021-05-24;362;164;53012;25529;45.6;22.0
23;2021-05-25;904;336;53916;25865;46.4;22.2
23;2021-05-26;1076;226;54992;26091;47.3;22.4
23;2021-05-27;931;433;55923;26524;48.1;22.8
23;2021-05-28;781;744;56704;27268;48.8;23.5
23;2021-05-29;638;1100;57342;28368;49.3;24.4
23;2021-05-30;6;63;57348;28431;49.3;24.5
23;2021-05-31;433;540;57781;28971;49.7;24.9
23;2021-06-01;581;826;58362;29797;50.2;25.6
23;2021-06-02;623;521;58985;30318;50.7;26.1
23;2021-06-03;706;550;59691;30868;51.3;26.5
23;2021-06-04;779;613;60470;31481;52.0;27.1
23;2021-06-05;546;777;61016;32258;52.5;27.7
23;2021-06-06;0;0;61016;32258;52.5;27.7
23;2021-06-07;393;696;61409;32954;52.8;28.3
23;2021-06-08;322;775;61731;33729;53.1;29.0
23;2021-06-09;284;649;62015;34378;53.3;29.6
23;2021-06-10;372;692;62387;35070;53.7;30.2
23;2021-06-11;380;808;62767;35878;54.0;30.9
23;2021-06-12;380;1264;63147;37142;54.3;31.9
23;2021-06-13;13;5;63160;37147;54.3;31.9
23;2021-06-14;236;590;63396;37737;54.5;32.5
23;2021-06-15;230;861;63626;38598;54.7;33.2
23;2021-06-16;362;581;63988;39179;55.0;33.7
23;2021-06-17;339;810;64327;39989;55.3;34.4
23;2021-06-18;355;767;64682;40756;55.6;35.1
23;2021-06-19;490;1523;65172;42279;56.1;36.4
23;2021-06-20;2;11;65174;42290;56.1;36.4
23;2021-06-21;203;620;65377;42910;56.2;36.9
23;2021-06-22;216;684;65593;43594;56.4;37.5
23;2021-06-23;220;749;65813;44343;56.6;38.1
23;2021-06-24;198;606;66011;44949;56.8;38.7
23;2021-06-25;303;815;66314;45764;57.0;39.4
23;2021-06-26;222;999;66536;46763;57.2;40.2
23;2021-06-27;3;0;66539;46763;57.2;40.2
23;2021-06-28;115;693;66654;47456;57.3;40.8
23;2021-06-29;189;823;66843;48279;57.5;41.5
23;2021-06-30;166;944;67009;49223;57.6;42.3
23;2021-07-01;168;869;67177;50092;57.8;43.1
23;2021-07-02;191;1069;67368;51161;57.9;44.0
23;2021-07-03;250;980;67618;52141;58.2;44.8
23;2021-07-04;1;0;67619;52141;58.2;44.8
23;2021-07-05;159;805;67778;52946;58.3;45.5
23;2021-07-06;213;1043;67991;53989;58.5;46.4
23;2021-07-07;210;854;68201;54843;58.7;47.2
23;2021-07-08;252;738;68453;55581;58.9;47.8
23;2021-07-09;274;1011;68727;56592;59.1;48.7
23;2021-07-10;234;645;68961;57237;59.3;49.2
23;2021-07-11;0;0;68961;57237;59.3;49.2
23;2021-07-12;231;702;69192;57939;59.5;49.8
23;2021-07-13;471;920;69663;58859;59.9;50.6
23;2021-07-14;211;321;69874;59180;60.1;50.9
23;2021-07-15;474;813;70348;59993;60.5;51.6
23;2021-07-16;763;569;71111;60562;61.2;52.1
23;2021-07-17;219;478;71330;61040;61.3;52.5
23;2021-07-18;0;1;71330;61041;61.3;52.5
23;2021-07-19;702;628;72032;61669;62.0;53.0
23;2021-07-20;630;567;72662;62236;62.5;53.5
23;2021-07-21;695;634;73357;62870;63.1;54.1
23;2021-07-22;937;437;74294;63307;63.9;54.4
23;2021-07-23;838;505;75132;63812;64.6;54.9
23;2021-07-24;1007;436;76139;64248;65.5;55.3
23;2021-07-25;11;16;76150;64264;65.5;55.3
23;2021-07-26;783;568;76933;64832;66.2;55.8
23;2021-07-27;908;437;77841;65269;66.9;56.1
23;2021-07-28;870;413;78711;65682;67.7;56.5
23;2021-07-29;1044;398;79755;66080;68.6;56.8
23;2021-07-30;941;521;80696;66601;69.4;57.3
23;2021-07-31;1162;305;81858;66906;70.4;57.5
23;2021-08-01;18;8;81876;66914;70.4;57.6
23;2021-08-02;663;506;82539;67420;71.0;58.0
23;2021-08-03;735;459;83274;67879;71.6;58.4
23;2021-08-04;607;296;83881;68175;72.1;58.6
23;2021-08-05;684;363;84565;68538;72.7;58.9
23;2021-08-06;415;484;84980;69022;73.1;59.4
23;2021-08-07;290;188;85270;69210;73.3;59.5
23;2021-08-08;143;38;85413;69248;73.5;59.6
23;2021-08-09;488;488;85901;69736;73.9;60.0
24;2020-12-27;0;0;0;0;0.0;0.0
24;2020-12-28;0;0;0;0;0.0;0.0
24;2020-12-29;2;0;2;0;0.0;0.0
24;2020-12-30;1;0;3;0;0.0;0.0
24;2020-12-31;0;0;3;0;0.0;0.0
24;2021-01-01;0;0;3;0;0.0;0.0
24;2021-01-02;0;0;3;0;0.0;0.0
24;2021-01-03;0;0;3;0;0.0;0.0
24;2021-01-04;0;0;3;0;0.0;0.0
24;2021-01-05;1;0;4;0;0.0;0.0
24;2021-01-06;0;0;4;0;0.0;0.0
24;2021-01-07;190;0;194;0;0.0;0.0
24;2021-01-08;280;0;474;0;0.1;0.0
24;2021-01-09;185;0;659;0;0.2;0.0
24;2021-01-10;35;0;694;0;0.2;0.0
24;2021-01-11;269;0;963;0;0.2;0.0
24;2021-01-12;281;0;1244;0;0.3;0.0
24;2021-01-13;233;1;1477;1;0.4;0.0
24;2021-01-14;1012;9;2489;10;0.6;0.0
24;2021-01-15;604;3;3093;13;0.8;0.0
24;2021-01-16;86;0;3179;13;0.8;0.0
24;2021-01-17;1;1;3180;14;0.8;0.0
24;2021-01-18;298;0;3478;14;0.9;0.0
24;2021-01-19;467;1;3945;15;1.0;0.0
24;2021-01-20;552;0;4497;15;1.1;0.0
24;2021-01-21;645;5;5142;20;1.3;0.0
24;2021-01-22;514;0;5656;20;1.4;0.0
24;2021-01-23;151;1;5807;21;1.4;0.0
24;2021-01-24;2;0;5809;21;1.4;0.0
24;2021-01-25;441;0;6250;21;1.5;0.0
24;2021-01-26;634;66;6884;87;1.7;0.0
24;2021-01-27;1262;12;8146;99;2.0;0.0
24;2021-01-28;983;123;9129;222;2.2;0.1
24;2021-01-29;932;139;10061;361;2.5;0.1
24;2021-01-30;281;1;10342;362;2.5;0.1
24;2021-01-31;0;0;10342;362;2.5;0.1
24;2021-02-01;377;173;10719;535;2.6;0.1
24;2021-02-02;612;314;11331;849;2.8;0.2
24;2021-02-03;650;492;11981;1341;2.9;0.3
24;2021-02-04;975;392;12956;1733;3.2;0.4
24;2021-02-05;686;434;13642;2167;3.3;0.5
24;2021-02-06;137;35;13779;2202;3.4;0.5
24;2021-02-07;33;1;13812;2203;3.4;0.5
24;2021-02-08;309;234;14121;2437;3.5;0.6
24;2021-02-09;451;230;14572;2667;3.6;0.7
24;2021-02-10;373;110;14945;2777;3.7;0.7
24;2021-02-11;559;517;15504;3294;3.8;0.8
24;2021-02-12;495;394;15999;3688;3.9;0.9
24;2021-02-13;202;46;16201;3734;4.0;0.9
24;2021-02-14;89;1;16290;3735;4.0;0.9
24;2021-02-15;187;240;16477;3975;4.0;1.0
24;2021-02-16;334;522;16811;4497;4.1;1.1
24;2021-02-17;579;833;17390;5330;4.3;1.3
24;2021-02-18;441;730;17831;6060;4.4;1.5
24;2021-02-19;460;677;18291;6737;4.5;1.6
24;2021-02-20;163;143;18454;6880;4.5;1.7
24;2021-02-21;107;0;18561;6880;4.5;1.7
24;2021-02-22;426;530;18987;7410;4.6;1.8
24;2021-02-23;562;682;19549;8092;4.8;2.0
24;2021-02-24;534;832;20083;8924;4.9;2.2
24;2021-02-25;725;865;20808;9789;5.1;2.4
24;2021-02-26;975;972;21783;10761;5.3;2.6
24;2021-02-27;363;265;22146;11026;5.4;2.7
24;2021-02-28;25;4;22171;11030;5.4;2.7
24;2021-03-01;292;373;22463;11403;5.5;2.8
24;2021-03-02;538;417;23001;11820;5.6;2.9
24;2021-03-03;679;341;23680;12161;5.8;3.0
24;2021-03-04;913;507;24593;12668;6.0;3.1
24;2021-03-05;1065;566;25658;13234;6.3;3.2
24;2021-03-06;1122;142;26780;13376;6.6;3.3
24;2021-03-07;232;62;27012;13438;6.6;3.3
24;2021-03-08;531;257;27543;13695;6.7;3.4
24;2021-03-09;1174;442;28717;14137;7.0;3.5
24;2021-03-10;1141;449;29858;14586;7.3;3.6
24;2021-03-11;1603;462;31461;15048;7.7;3.7
24;2021-03-12;2050;440;33511;15488;8.2;3.8
24;2021-03-13;1344;201;34855;15689;8.5;3.8
24;2021-03-14;141;93;34996;15782;8.6;3.9
24;2021-03-15;952;169;35948;15951;8.8;3.9
24;2021-03-16;1141;231;37089;16182;9.1;4.0
24;2021-03-17;1215;284;38304;16466;9.4;4.0
24;2021-03-18;1055;556;39359;17022;9.6;4.2
24;2021-03-19;1254;535;40613;17557;9.9;4.3
24;2021-03-20;1055;150;41668;17707;10.2;4.3
24;2021-03-21;25;11;41693;17718;10.2;4.3
24;2021-03-22;1223;421;42916;18139;10.5;4.4
24;2021-03-23;1879;400;44795;18539;11.0;4.5
24;2021-03-24;1888;387;46683;18926;11.4;4.6
24;2021-03-25;1989;465;48672;19391;11.9;4.7
24;2021-03-26;2374;284;51046;19675;12.5;4.8
24;2021-03-27;1350;41;52396;19716;12.8;4.8
24;2021-03-28;63;9;52459;19725;12.8;4.8
24;2021-03-29;1673;325;54132;20050;13.3;4.9
24;2021-03-30;2408;395;56540;20445;13.8;5.0
24;2021-03-31;2181;311;58721;20756;14.4;5.1
24;2021-04-01;2195;311;60916;21067;14.9;5.2
24;2021-04-02;2072;395;62988;21462;15.4;5.3
24;2021-04-03;1373;122;64361;21584;15.8;5.3
24;2021-04-04;74;1;64435;21585;15.8;5.3
24;2021-04-05;947;58;65382;21643;16.0;5.3
24;2021-04-06;2351;700;67733;22343;16.6;5.5
24;2021-04-07;2717;690;70450;23033;17.3;5.6
24;2021-04-08;3005;957;73455;23990;18.0;5.9
24;2021-04-09;3486;1002;76941;24992;18.8;6.1
24;2021-04-10;2593;309;79534;25301;19.5;6.2
24;2021-04-11;1101;19;80635;25320;19.7;6.2
24;2021-04-12;2497;818;83132;26138;20.4;6.4
24;2021-04-13;2903;1201;86035;27339;21.1;6.7
24;2021-04-14;2934;1191;88969;28530;21.8;7.0
24;2021-04-15;2793;1092;91762;29622;22.5;7.3
24;2021-04-16;3266;966;95028;30588;23.3;7.5
24;2021-04-17;2270;499;97298;31087;23.8;7.6
24;2021-04-18;424;6;97722;31093;23.9;7.6
24;2021-04-19;1598;1012;99320;32105;24.3;7.9
24;2021-04-20;2267;1426;101587;33531;24.9;8.2
24;2021-04-21;2145;1440;103732;34971;25.4;8.6
24;2021-04-22;2061;1258;105793;36229;25.9;8.9
24;2021-04-23;1958;1333;107751;37562;26.4;9.2
24;2021-04-24;862;725;108613;38287;26.6;9.4
24;2021-04-25;54;4;108667;38291;26.6;9.4
24;2021-04-26;1296;1480;109963;39771;26.9;9.7
24;2021-04-27;1852;1880;111815;41651;27.4;10.2
24;2021-04-28;1504;1955;113319;43606;27.7;10.7
24;2021-04-29;1727;1886;115046;45492;28.2;11.1
24;2021-04-30;2269;1776;117315;47268;28.7;11.6
24;2021-05-01;2054;1066;119369;48334;29.2;11.8
24;2021-05-02;1923;211;121292;48545;29.7;11.9
24;2021-05-03;1474;1834;122766;50379;30.1;12.3
24;2021-05-04;2227;2291;124993;52670;30.6;12.9
24;2021-05-05;1890;2720;126883;55390;31.1;13.6
24;2021-05-06;1887;2773;128770;58163;31.5;14.2
24;2021-05-07;2263;2790;131033;60953;32.1;14.9
24;2021-05-08;1283;1152;132316;62105;32.4;15.2
24;2021-05-09;1165;899;133481;63004;32.7;15.4
24;2021-05-10;1095;2627;134576;65631;33.0;16.1
24;2021-05-11;2037;2796;136613;68427;33.5;16.8
24;2021-05-12;1925;2252;138538;70679;33.9;17.3
24;2021-05-13;1465;1214;140003;71893;34.3;17.6
24;2021-05-14;2378;1332;142381;73225;34.9;17.9
24;2021-05-15;2049;813;144430;74038;35.4;18.1
24;2021-05-16;1171;347;145601;74385;35.7;18.2
24;2021-05-17;2242;1254;147843;75639;36.2;18.5
24;2021-05-18;2481;1817;150324;77456;36.8;19.0
24;2021-05-19;2284;1378;152608;78834;37.4;19.3
24;2021-05-20;2373;1580;154981;80414;37.9;19.7
24;2021-05-21;2433;1413;157414;81827;38.5;20.0
24;2021-05-22;1719;406;159133;82233;39.0;20.1
24;2021-05-23;951;72;160084;82305;39.2;20.2
24;2021-05-24;1514;335;161598;82640;39.6;20.2
24;2021-05-25;2297;1381;163895;84021;40.1;20.6
24;2021-05-26;2149;1316;166044;85337;40.7;20.9
24;2021-05-27;1748;2196;167792;87533;41.1;21.4
24;2021-05-28;2145;2004;169937;89537;41.6;21.9
24;2021-05-29;1152;2090;171089;91627;41.9;22.4
24;2021-05-30;1418;170;172507;91797;42.2;22.5
24;2021-05-31;1743;1365;174250;93162;42.7;22.8
24;2021-06-01;2583;1975;176833;95137;43.3;23.3
24;2021-06-02;2652;1784;179485;96921;43.9;23.7
24;2021-06-03;2292;1465;181777;98386;44.5;24.1
24;2021-06-04;2381;1892;184158;100278;45.1;24.6
24;2021-06-05;2005;1417;186163;101695;45.6;24.9
24;2021-06-06;767;223;186930;101918;45.8;25.0
24;2021-06-07;1432;1492;188362;103410;46.1;25.3
24;2021-06-08;1677;1908;190039;105318;46.5;25.8
24;2021-06-09;1322;1597;191361;106915;46.9;26.2
24;2021-06-10;1575;1908;192936;108823;47.2;26.6
24;2021-06-11;1326;2079;194262;110902;47.6;27.2
24;2021-06-12;1126;2545;195388;113447;47.8;27.8
24;2021-06-13;1238;922;196626;114369;48.1;28.0
24;2021-06-14;1165;1859;197791;116228;48.4;28.5
24;2021-06-15;1486;2992;199277;119220;48.8;29.2
24;2021-06-16;1670;2731;200947;121951;49.2;29.9
24;2021-06-17;1543;2182;202490;124133;49.6;30.4
24;2021-06-18;1399;2862;203889;126995;49.9;31.1
24;2021-06-19;1276;1520;205165;128515;50.2;31.5
24;2021-06-20;513;499;205678;129014;50.4;31.6
24;2021-06-21;931;1834;206609;130848;50.6;32.0
24;2021-06-22;1453;2593;208062;133441;50.9;32.7
24;2021-06-23;1427;2420;209489;135861;51.3;33.3
24;2021-06-24;1134;1913;210623;137774;51.6;33.7
24;2021-06-25;967;2817;211590;140591;51.8;34.4
24;2021-06-26;863;2103;212453;142694;52.0;34.9
24;2021-06-27;402;977;212855;143671;52.1;35.2
24;2021-06-28;817;2482;213672;146153;52.3;35.8
24;2021-06-29;938;2868;214610;149021;52.5;36.5
24;2021-06-30;1108;2458;215718;151479;52.8;37.1
24;2021-07-01;1128;2297;216846;153776;53.1;37.7
24;2021-07-02;1094;2743;217940;156519;53.4;38.3
24;2021-07-03;811;1902;218751;158421;53.6;38.8
24;2021-07-04;410;1012;219161;159433;53.7;39.0
24;2021-07-05;789;2315;219950;161748;53.9;39.6
24;2021-07-06;877;3355;220827;165103;54.1;40.4
24;2021-07-07;1082;3040;221909;168143;54.3;41.2
24;2021-07-08;1339;2119;223248;170262;54.7;41.7
24;2021-07-09;1175;3220;224423;173482;55.0;42.5
24;2021-07-10;480;1965;224903;175447;55.1;43.0
24;2021-07-11;585;1187;225488;176634;55.2;43.3
24;2021-07-12;897;2521;226385;179155;55.4;43.9
24;2021-07-13;1321;3219;227706;182374;55.8;44.7
24;2021-07-14;614;1191;228320;183565;55.9;44.9
24;2021-07-15;1689;2780;230009;186345;56.3;45.6
24;2021-07-16;2141;2602;232150;188947;56.8;46.3
24;2021-07-17;1521;2235;233671;191182;57.2;46.8
24;2021-07-18;707;886;234378;192068;57.4;47.0
24;2021-07-19;1568;2185;235946;194253;57.8;47.6
24;2021-07-20;2004;2446;237950;196699;58.3;48.2
24;2021-07-21;1871;2328;239821;199027;58.7;48.7
24;2021-07-22;2333;2447;242154;201474;59.3;49.3
24;2021-07-23;2275;2623;244429;204097;59.9;50.0
24;2021-07-24;1802;1540;246231;205637;60.3;50.4
24;2021-07-25;810;869;247041;206506;60.5;50.6
24;2021-07-26;1562;2019;248603;208525;60.9;51.1
24;2021-07-27;2828;2277;251431;210802;61.6;51.6
24;2021-07-28;2722;1934;254153;212736;62.2;52.1
24;2021-07-29;3038;2226;257191;214962;63.0;52.6
24;2021-07-30;2448;1911;259639;216873;63.6;53.1
24;2021-07-31;1634;1554;261273;218427;64.0;53.5
24;2021-08-01;1109;651;262382;219078;64.2;53.6
24;2021-08-02;1919;1621;264301;220699;64.7;54.0
24;2021-08-03;2876;1909;267177;222608;65.4;54.5
24;2021-08-04;3071;1618;270248;224226;66.2;54.9
24;2021-08-05;3009;1422;273257;225648;66.9;55.3
24;2021-08-06;2517;1524;275774;227172;67.5;55.6
24;2021-08-07;1767;1107;277541;228279;68.0;55.9
24;2021-08-08;1098;669;278639;228948;68.2;56.1
24;2021-08-09;1689;1370;280328;230318;68.6;56.4
25;2020-12-27;0;0;0;0;0.0;0.0
25;2020-12-28;1;0;1;0;0.0;0.0
25;2020-12-29;0;0;1;0;0.0;0.0
25;2020-12-30;0;0;1;0;0.0;0.0
25;2020-12-31;2;0;3;0;0.0;0.0
25;2021-01-01;0;0;3;0;0.0;0.0
25;2021-01-02;1;0;4;0;0.0;0.0
25;2021-01-03;0;0;4;0;0.0;0.0
25;2021-01-04;0;0;4;0;0.0;0.0
25;2021-01-05;1;0;5;0;0.0;0.0
25;2021-01-06;75;1;80;1;0.0;0.0
25;2021-01-07;236;1;316;2;0.1;0.0
25;2021-01-08;345;1;661;3;0.1;0.0
25;2021-01-09;102;0;763;3;0.1;0.0
25;2021-01-10;0;0;763;3;0.1;0.0
25;2021-01-11;499;4;1262;7;0.2;0.0
25;2021-01-12;675;2;1937;9;0.4;0.0
25;2021-01-13;626;2;2563;11;0.5;0.0
25;2021-01-14;896;15;3459;26;0.6;0.0
25;2021-01-15;784;6;4243;32;0.8;0.0
25;2021-01-16;206;1;4449;33;0.8;0.0
25;2021-01-17;112;0;4561;33;0.8;0.0
25;2021-01-18;1296;7;5857;40;1.1;0.0
25;2021-01-19;1412;4;7269;44;1.3;0.0
25;2021-01-20;1420;4;8689;48;1.6;0.0
25;2021-01-21;1796;2;10485;50;1.9;0.0
25;2021-01-22;1504;4;11989;54;2.2;0.0
25;2021-01-23;499;1;12488;55;2.3;0.0
25;2021-01-24;119;0;12607;55;2.3;0.0
25;2021-01-25;990;0;13597;55;2.5;0.0
25;2021-01-26;1487;42;15084;97;2.8;0.0
25;2021-01-27;1247;70;16331;167;3.0;0.0
25;2021-01-28;1089;76;17420;243;3.2;0.0
25;2021-01-29;905;231;18325;474;3.4;0.1
25;2021-01-30;293;92;18618;566;3.5;0.1
25;2021-01-31;2;0;18620;566;3.5;0.1
25;2021-02-01;611;221;19231;787;3.6;0.1
25;2021-02-02;674;414;19905;1201;3.7;0.2
25;2021-02-03;759;249;20664;1450;3.8;0.3
25;2021-02-04;715;446;21379;1896;4.0;0.4
25;2021-02-05;518;464;21897;2360;4.1;0.4
25;2021-02-06;198;157;22095;2517;4.1;0.5
25;2021-02-07;2;34;22097;2551;4.1;0.5
25;2021-02-08;613;507;22710;3058;4.2;0.6
25;2021-02-09;616;492;23326;3550;4.3;0.7
25;2021-02-10;817;487;24143;4037;4.5;0.7
25;2021-02-11;586;854;24729;4891;4.6;0.9
25;2021-02-12;413;549;25142;5440;4.7;1.0
25;2021-02-13;97;141;25239;5581;4.7;1.0
25;2021-02-14;0;0;25239;5581;4.7;1.0
25;2021-02-15;187;1039;25426;6620;4.7;1.2
25;2021-02-16;214;1456;25640;8076;4.8;1.5
25;2021-02-17;110;1343;25750;9419;4.8;1.7
25;2021-02-18;146;1435;25896;10854;4.8;2.0
25;2021-02-19;102;1270;25998;12124;4.8;2.2
25;2021-02-20;26;493;26024;12617;4.8;2.3
25;2021-02-21;1;143;26025;12760;4.8;2.4
25;2021-02-22;83;1067;26108;13827;4.8;2.6
25;2021-02-23;196;1081;26304;14908;4.9;2.8
25;2021-02-24;104;975;26408;15883;4.9;2.9
25;2021-02-25;522;1005;26930;16888;5.0;3.1
25;2021-02-26;607;981;27537;17869;5.1;3.3
25;2021-02-27;227;374;27764;18243;5.1;3.4
25;2021-02-28;5;1;27769;18244;5.1;3.4
25;2021-03-01;444;620;28213;18864;5.2;3.5
25;2021-03-02;652;833;28865;19697;5.4;3.7
25;2021-03-03;541;732;29406;20429;5.5;3.8
25;2021-03-04;1155;657;30561;21086;5.7;3.9
25;2021-03-05;1852;375;32413;21461;6.0;4.0
25;2021-03-06;1168;224;33581;21685;6.2;4.0
25;2021-03-07;9;6;33590;21691;6.2;4.0
25;2021-03-08;548;711;34138;22402;6.3;4.2
25;2021-03-09;1039;774;35177;23176;6.5;4.3
25;2021-03-10;1150;648;36327;23824;6.7;4.4
25;2021-03-11;1658;579;37985;24403;7.0;4.5
25;2021-03-12;1996;443;39981;24846;7.4;4.6
25;2021-03-13;1114;98;41095;24944;7.6;4.6
25;2021-03-14;35;1;41130;24945;7.6;4.6
25;2021-03-15;1125;136;42255;25081;7.8;4.6
25;2021-03-16;1277;114;43532;25195;8.1;4.7
25;2021-03-17;1414;135;44946;25330;8.3;4.7
25;2021-03-18;1527;78;46473;25408;8.6;4.7
25;2021-03-19;1596;124;48069;25532;8.9;4.7
25;2021-03-20;822;37;48891;25569;9.1;4.7
25;2021-03-21;24;0;48915;25569;9.1;4.7
25;2021-03-22;1486;81;50401;25650;9.3;4.8
25;2021-03-23;2160;133;52561;25783;9.7;4.8
25;2021-03-24;2417;89;54978;25872;10.2;4.8
25;2021-03-25;2837;186;57815;26058;10.7;4.8
25;2021-03-26;3156;171;60971;26229;11.3;4.9
25;2021-03-27;1110;84;62081;26313;11.5;4.9
25;2021-03-28;121;63;62202;26376;11.5;4.9
25;2021-03-29;1786;277;63988;26653;11.9;4.9
25;2021-03-30;2212;390;66200;27043;12.3;5.0
25;2021-03-31;2218;350;68418;27393;12.7;5.1
25;2021-04-01;2451;514;70869;27907;13.1;5.2
25;2021-04-02;2027;595;72896;28502;13.5;5.3
25;2021-04-03;448;108;73344;28610;13.6;5.3
25;2021-04-04;39;21;73383;28631;13.6;5.3
25;2021-04-05;145;4;73528;28635;13.6;5.3
25;2021-04-06;1936;679;75464;29314;14.0;5.4
25;2021-04-07;1878;846;77342;30160;14.3;5.6
25;2021-04-08;2430;820;79772;30980;14.8;5.7
25;2021-04-09;2595;990;82367;31970;15.3;5.9
25;2021-04-10;978;289;83345;32259;15.5;6.0
25;2021-04-11;105;28;83450;32287;15.5;6.0
25;2021-04-12;1557;963;85007;33250;15.8;6.2
25;2021-04-13;1985;1311;86992;34561;16.1;6.4
25;2021-04-14;1750;1213;88742;35774;16.5;6.6
25;2021-04-15;1998;1325;90740;37099;16.8;6.9
25;2021-04-16;2085;994;92825;38093;17.2;7.1
25;2021-04-17;1105;413;93930;38506;17.4;7.1
25;2021-04-18;118;18;94048;38524;17.4;7.1
25;2021-04-19;1326;1249;95374;39773;17.7;7.4
25;2021-04-20;1615;1462;96989;41235;18.0;7.6
25;2021-04-21;1716;1627;98705;42862;18.3;7.9
25;2021-04-22;1859;1706;100564;44568;18.6;8.3
25;2021-04-23;1900;1759;102464;46327;19.0;8.6
25;2021-04-24;1281;705;103745;47032;19.2;8.7
25;2021-04-25;140;114;103885;47146;19.3;8.7
25;2021-04-26;1722;1680;105607;48826;19.6;9.1
25;2021-04-27;2803;1522;108410;50348;20.1;9.3
25;2021-04-28;2425;1552;110835;51900;20.5;9.6
25;2021-04-29;2649;1831;113484;53731;21.0;10.0
25;2021-04-30;3105;1577;116589;55308;21.6;10.3
25;2021-05-01;1789;329;118378;55637;21.9;10.3
25;2021-05-02;442;21;118820;55658;22.0;10.3
25;2021-05-03;2901;836;121721;56494;22.6;10.5
25;2021-05-04;2642;1882;124363;58376;23.1;10.8
25;2021-05-05;2598;1662;126961;60038;23.5;11.1
25;2021-05-06;2927;2165;129888;62203;24.1;11.5
25;2021-05-07;3063;2124;132951;64327;24.6;11.9
25;2021-05-08;1334;229;134285;64556;24.9;12.0
25;2021-05-09;244;87;134529;64643;24.9;12.0
25;2021-05-10;3132;1639;137661;66282;25.5;12.3
25;2021-05-11;3748;2037;141409;68319;26.2;12.7
25;2021-05-12;3686;1790;145095;70109;26.9;13.0
25;2021-05-13;3519;597;148614;70706;27.5;13.1
25;2021-05-14;4483;1305;153097;72011;28.4;13.3
25;2021-05-15;3279;703;156376;72714;29.0;13.5
25;2021-05-16;722;92;157098;72806;29.1;13.5
25;2021-05-17;4090;1089;161188;73895;29.9;13.7
25;2021-05-18;5204;1184;166392;75079;30.8;13.9
25;2021-05-19;5247;1127;171639;76206;31.8;14.1
25;2021-05-20;5133;1448;176772;77654;32.8;14.4
25;2021-05-21;5766;1970;182538;79624;33.8;14.8
25;2021-05-22;3176;721;185714;80345;34.4;14.9
25;2021-05-23;781;155;186495;80500;34.6;14.9
25;2021-05-24;1528;150;188023;80650;34.9;15.0
25;2021-05-25;3514;1644;191537;82294;35.5;15.3
25;2021-05-26;3976;1556;195513;83850;36.2;15.5
25;2021-05-27;4517;1897;200030;85747;37.1;15.9
25;2021-05-28;3990;2650;204020;88397;37.8;16.4
25;2021-05-29;2014;1020;206034;89417;38.2;16.6
25;2021-05-30;175;96;206209;89513;38.2;16.6
25;2021-05-31;2673;1711;208882;91224;38.7;16.9
25;2021-06-01;2729;2159;211611;93383;39.2;17.3
25;2021-06-02;2609;2248;214220;95631;39.7;17.7
25;2021-06-03;3274;2044;217494;97675;40.3;18.1
25;2021-06-04;3207;2407;220701;100082;40.9;18.6
25;2021-06-05;1488;1395;222189;101477;41.2;18.8
25;2021-06-06;985;256;223174;101733;41.4;18.9
25;2021-06-07;2784;2572;225958;104305;41.9;19.3
25;2021-06-08;2604;2760;228562;107065;42.4;19.8
25;2021-06-09;2381;2762;230943;109827;42.8;20.4
25;2021-06-10;2323;2652;233266;112479;43.2;20.9
25;2021-06-11;2712;3309;235978;115788;43.7;21.5
25;2021-06-12;1571;1860;237549;117648;44.0;21.8
25;2021-06-13;496;254;238045;117902;44.1;21.9
25;2021-06-14;1422;3758;239467;121660;44.4;22.6
25;2021-06-15;1641;3566;241108;125226;44.7;23.2
25;2021-06-16;1953;3267;243061;128493;45.1;23.8
25;2021-06-17;1472;3326;244533;131819;45.3;24.4
25;2021-06-18;2281;4294;246814;136113;45.8;25.2
25;2021-06-19;1350;1977;248164;138090;46.0;25.6
25;2021-06-20;57;239;248221;138329;46.0;25.6
25;2021-06-21;1140;4138;249361;142467;46.2;26.4
25;2021-06-22;1148;4673;250509;147140;46.4;27.3
25;2021-06-23;1403;4075;251912;151215;46.7;28.0
25;2021-06-24;1190;4079;253102;155294;46.9;28.8
25;2021-06-25;1637;5608;254739;160902;47.2;29.8
25;2021-06-26;625;3382;255364;164284;47.3;30.5
25;2021-06-27;450;877;255814;165161;47.4;30.6
25;2021-06-28;907;4473;256721;169634;47.6;31.4
25;2021-06-29;1123;5466;257844;175100;47.8;32.5
25;2021-06-30;1310;5367;259154;180467;48.0;33.5
25;2021-07-01;1697;5225;260851;185692;48.4;34.4
25;2021-07-02;1744;5060;262595;190752;48.7;35.4
25;2021-07-03;1038;2695;263633;193447;48.9;35.9
25;2021-07-04;409;722;264042;194169;48.9;36.0
25;2021-07-05;1298;2576;265340;196745;49.2;36.5
25;2021-07-06;1569;4744;266909;201489;49.5;37.4
25;2021-07-07;1591;4507;268500;205996;49.8;38.2
25;2021-07-08;1538;3931;270038;209927;50.1;38.9
25;2021-07-09;1730;4585;271768;214512;50.4;39.8
25;2021-07-10;779;2368;272547;216880;50.5;40.2
25;2021-07-11;126;306;272673;217186;50.5;40.3
25;2021-07-12;1389;3855;274062;221041;50.8;41.0
25;2021-07-13;2465;4773;276527;225814;51.3;41.9
25;2021-07-14;376;561;276903;226375;51.3;42.0
25;2021-07-15;2394;3656;279297;230031;51.8;42.6
25;2021-07-16;3472;3829;282769;233860;52.4;43.4
25;2021-07-17;2193;2027;284962;235887;52.8;43.7
25;2021-07-18;803;1297;285765;237184;53.0;44.0
25;2021-07-19;2529;4204;288294;241388;53.4;44.7
25;2021-07-20;3357;3711;291651;245099;54.1;45.4
25;2021-07-21;3276;3363;294927;248462;54.7;46.1
25;2021-07-22;3311;2970;298238;251432;55.3;46.6
25;2021-07-23;3545;3343;301783;254775;55.9;47.2
25;2021-07-24;1401;2267;303184;257042;56.2;47.6
25;2021-07-25;672;703;303856;257745;56.3;47.8
25;2021-07-26;3039;3011;306895;260756;56.9;48.3
25;2021-07-27;3809;2102;310704;262858;57.6;48.7
25;2021-07-28;3661;2097;314365;264955;58.3;49.1
25;2021-07-29;4302;2080;318667;267035;59.1;49.5
25;2021-07-30;4226;2471;322893;269506;59.9;50.0
25;2021-07-31;1814;1466;324707;270972;60.2;50.2
25;2021-08-01;1343;193;326050;271165;60.4;50.3
25;2021-08-02;2708;2208;328758;273373;60.9;50.7
25;2021-08-03;2810;2192;331568;275565;61.5;51.1
25;2021-08-04;2919;1412;334487;276977;62.0;51.3
25;2021-08-05;2189;1713;336676;278690;62.4;51.7
25;2021-08-06;2272;2330;338948;281020;62.8;52.1
25;2021-08-07;1287;1186;340235;282206;63.1;52.3
25;2021-08-08;319;473;340554;282679;63.1;52.4
25;2021-08-09;2001;2196;342555;284875;63.5;52.8
26;2020-12-27;0;0;0;0;0.0;0.0
26;2020-12-28;0;0;0;0;0.0;0.0
26;2020-12-29;0;0;0;0;0.0;0.0
26;2020-12-30;0;0;0;0;0.0;0.0
26;2020-12-31;0;0;0;0;0.0;0.0
26;2021-01-01;0;0;0;0;0.0;0.0
26;2021-01-02;0;0;0;0;0.0;0.0
26;2021-01-03;0;0;0;0;0.0;0.0
26;2021-01-04;0;0;0;0;0.0;0.0
26;2021-01-05;0;0;0;0;0.0;0.0
26;2021-01-06;0;0;0;0;0.0;0.0
26;2021-01-07;168;0;168;0;0.0;0.0
26;2021-01-08;125;0;293;0;0.1;0.0
26;2021-01-09;2;0;295;0;0.1;0.0
26;2021-01-10;0;0;295;0;0.1;0.0
26;2021-01-11;266;1;561;1;0.1;0.0
26;2021-01-12;175;1;736;2;0.1;0.0
26;2021-01-13;416;1;1152;3;0.2;0.0
26;2021-01-14;487;0;1639;3;0.3;0.0
26;2021-01-15;562;1;2201;4;0.4;0.0
26;2021-01-16;250;1;2451;5;0.5;0.0
26;2021-01-17;0;0;2451;5;0.5;0.0
26;2021-01-18;636;1;3087;6;0.6;0.0
26;2021-01-19;782;4;3869;10;0.7;0.0
26;2021-01-20;742;0;4611;10;0.9;0.0
26;2021-01-21;806;5;5417;15;1.0;0.0
26;2021-01-22;787;4;6204;19;1.2;0.0
26;2021-01-23;563;2;6767;21;1.3;0.0
26;2021-01-24;24;0;6791;21;1.3;0.0
26;2021-01-25;697;1;7488;22;1.4;0.0
26;2021-01-26;801;3;8289;25;1.6;0.0
26;2021-01-27;822;9;9111;34;1.8;0.0
26;2021-01-28;1328;169;10439;203;2.0;0.0
26;2021-01-29;970;66;11409;269;2.2;0.1
26;2021-01-30;605;5;12014;274;2.3;0.1
26;2021-01-31;24;0;12038;274;2.3;0.1
26;2021-02-01;709;189;12747;463;2.4;0.1
26;2021-02-02;1274;202;14021;665;2.7;0.1
26;2021-02-03;1233;257;15254;922;2.9;0.2
26;2021-02-04;985;452;16239;1374;3.1;0.3
26;2021-02-05;672;335;16911;1709;3.2;0.3
26;2021-02-06;407;241;17318;1950;3.3;0.4
26;2021-02-07;57;2;17375;1952;3.3;0.4
26;2021-02-08;544;418;17919;2370;3.4;0.5
26;2021-02-09;618;478;18537;2848;3.6;0.5
26;2021-02-10;665;339;19202;3187;3.7;0.6
26;2021-02-11;753;329;19955;3516;3.8;0.7
26;2021-02-12;589;454;20544;3970;3.9;0.8
26;2021-02-13;388;338;20932;4308;4.0;0.8
26;2021-02-14;36;0;20968;4308;4.0;0.8
26;2021-02-15;414;532;21382;4840;4.1;0.9
26;2021-02-16;294;560;21676;5400;4.2;1.0
26;2021-02-17;195;742;21871;6142;4.2;1.2
26;2021-02-18;337;900;22208;7042;4.3;1.4
26;2021-02-19;341;808;22549;7850;4.3;1.5
26;2021-02-20;95;491;22644;8341;4.3;1.6
26;2021-02-21;3;24;22647;8365;4.4;1.6
26;2021-02-22;144;719;22791;9084;4.4;1.7
26;2021-02-23;397;999;23188;10083;4.5;1.9
26;2021-02-24;342;1222;23530;11305;4.5;2.2
26;2021-02-25;734;1070;24264;12375;4.7;2.4
26;2021-02-26;925;639;25189;13014;4.8;2.5
26;2021-02-27;279;512;25468;13526;4.9;2.6
26;2021-02-28;3;30;25471;13556;4.9;2.6
26;2021-03-01;457;660;25928;14216;5.0;2.7
26;2021-03-02;741;633;26669;14849;5.1;2.9
26;2021-03-03;730;687;27399;15536;5.3;3.0
26;2021-03-04;1043;581;28442;16117;5.5;3.1
26;2021-03-05;1709;518;30151;16635;5.8;3.2
26;2021-03-06;2772;494;32923;17129;6.3;3.3
26;2021-03-07;2987;201;35910;17330;6.9;3.3
26;2021-03-08;908;651;36818;17981;7.1;3.5
26;2021-03-09;1323;554;38141;18535;7.3;3.6
26;2021-03-10;1219;514;39360;19049;7.6;3.7
26;2021-03-11;1608;648;40968;19697;7.9;3.8
26;2021-03-12;2216;469;43184;20166;8.3;3.9
26;2021-03-13;1885;343;45069;20509;8.7;3.9
26;2021-03-14;69;39;45138;20548;8.7;3.9
26;2021-03-15;1652;245;46790;20793;9.0;4.0
26;2021-03-16;1232;511;48022;21304;9.2;4.1
26;2021-03-17;1369;306;49391;21610;9.5;4.2
26;2021-03-18;1587;284;50978;21894;9.8;4.2
26;2021-03-19;2441;346;53419;22240;10.3;4.3
26;2021-03-20;1289;149;54708;22389;10.5;4.3
26;2021-03-21;61;20;54769;22409;10.5;4.3
26;2021-03-22;1845;193;56614;22602;10.9;4.3
26;2021-03-23;2474;270;59088;22872;11.4;4.4
26;2021-03-24;2551;243;61639;23115;11.8;4.4
26;2021-03-25;3040;336;64679;23451;12.4;4.5
26;2021-03-26;3048;349;67727;23800;13.0;4.6
26;2021-03-27;1245;155;68972;23955;13.2;4.6
26;2021-03-28;94;7;69066;23962;13.3;4.6
26;2021-03-29;1908;405;70974;24367;13.6;4.7
26;2021-03-30;2381;540;73355;24907;14.1;4.8
26;2021-03-31;2229;578;75584;25485;14.5;4.9
26;2021-04-01;2275;777;77859;26262;15.0;5.0
26;2021-04-02;2214;983;80073;27245;15.4;5.2
26;2021-04-03;552;1203;80625;28448;15.5;5.5
26;2021-04-04;215;887;80840;29335;15.5;5.6
26;2021-04-05;555;54;81395;29389;15.6;5.6
26;2021-04-06;1486;833;82881;30222;15.9;5.8
26;2021-04-07;1791;901;84672;31123;16.3;6.0
26;2021-04-08;3003;925;87675;32048;16.8;6.2
26;2021-04-09;3414;1000;91089;33048;17.5;6.3
26;2021-04-10;1355;918;92444;33966;17.8;6.5
26;2021-04-11;89;35;92533;34001;17.8;6.5
26;2021-04-12;1713;1127;94246;35128;18.1;6.7
26;2021-04-13;2795;1446;97041;36574;18.6;7.0
26;2021-04-14;2206;1470;99247;38044;19.1;7.3
26;2021-04-15;2275;1580;101522;39624;19.5;7.6
26;2021-04-16;2270;1585;103792;41209;19.9;7.9
26;2021-04-17;1096;841;104888;42050;20.1;8.1
26;2021-04-18;35;52;104923;42102;20.2;8.1
26;2021-04-19;1546;1572;106469;43674;20.5;8.4
26;2021-04-20;1798;1728;108267;45402;20.8;8.7
26;2021-04-21;2011;1508;110278;46910;21.2;9.0
26;2021-04-22;2289;1604;112567;48514;21.6;9.3
26;2021-04-23;2009;1634;114576;50148;22.0;9.6
26;2021-04-24;1654;844;116230;50992;22.3;9.8
26;2021-04-25;629;92;116859;51084;22.4;9.8
26;2021-04-26;1376;1600;118235;52684;22.7;10.1
26;2021-04-27;1986;1685;120221;54369;23.1;10.4
26;2021-04-28;1867;1543;122088;55912;23.5;10.7
26;2021-04-29;2865;1887;124953;57799;24.0;11.1
26;2021-04-30;2622;1761;127575;59560;24.5;11.4
26;2021-05-01;1538;382;129113;59942;24.8;11.5
26;2021-05-02;1086;116;130199;60058;25.0;11.5
26;2021-05-03;2201;1785;132400;61843;25.4;11.9
26;2021-05-04;2609;2351;135009;64194;25.9;12.3
26;2021-05-05;2773;2191;137782;66385;26.5;12.8
26;2021-05-06;3320;2212;141102;68597;27.1;13.2
26;2021-05-07;2856;2260;143958;70857;27.7;13.6
26;2021-05-08;1956;625;145914;71482;28.0;13.7
26;2021-05-09;712;123;146626;71605;28.2;13.8
26;2021-05-10;3020;1825;149646;73430;28.7;14.1
26;2021-05-11;4442;2190;154088;75620;29.6;14.5
26;2021-05-12;4824;1688;158912;77308;30.5;14.9
26;2021-05-13;4364;610;163276;77918;31.4;15.0
26;2021-05-14;4643;1545;167919;79463;32.3;15.3
26;2021-05-15;4468;630;172387;80093;33.1;15.4
26;2021-05-16;3630;340;176017;80433;33.8;15.5
26;2021-05-17;3657;1486;179674;81919;34.5;15.7
26;2021-05-18;4476;1742;184150;83661;35.4;16.1
26;2021-05-19;4482;1447;188632;85108;36.2;16.3
26;2021-05-20;4680;1744;193312;86852;37.1;16.7
26;2021-05-21;4727;1796;198039;88648;38.0;17.0
26;2021-05-22;3187;687;201226;89335;38.7;17.2
26;2021-05-23;1597;184;202823;89519;39.0;17.2
26;2021-05-24;3789;744;206612;90263;39.7;17.3
26;2021-05-25;3591;2335;210203;92598;40.4;17.8
26;2021-05-26;4181;2265;214384;94863;41.2;18.2
26;2021-05-27;4217;2464;218601;97327;42.0;18.7
26;2021-05-28;3776;2769;222377;100096;42.7;19.2
26;2021-05-29;3087;1642;225464;101738;43.3;19.5
26;2021-05-30;322;71;225786;101809;43.4;19.6
26;2021-05-31;3081;1851;228867;103660;44.0;19.9
26;2021-06-01;3108;2305;231975;105965;44.6;20.4
26;2021-06-02;2869;2213;234844;108178;45.1;20.8
26;2021-06-03;2850;2490;237694;110668;45.7;21.3
26;2021-06-04;2660;2904;240354;113572;46.2;21.8
26;2021-06-05;1801;1694;242155;115266;46.5;22.1
26;2021-06-06;8;0;242163;115266;46.5;22.1
26;2021-06-07;2347;2426;244510;117692;47.0;22.6
26;2021-06-08;2455;2293;246965;119985;47.4;23.0
26;2021-06-09;2093;2383;249058;122368;47.8;23.5
26;2021-06-10;1976;2761;251034;125129;48.2;24.0
26;2021-06-11;1896;3272;252930;128401;48.6;24.7
26;2021-06-12;1218;1792;254148;130193;48.8;25.0
26;2021-06-13;96;214;254244;130407;48.8;25.1
26;2021-06-14;1415;3497;255659;133904;49.1;25.7
26;2021-06-15;1584;3961;257243;137865;49.4;26.5
26;2021-06-16;1786;3465;259029;141330;49.8;27.1
26;2021-06-17;1510;3167;260539;144497;50.0;27.8
26;2021-06-18;1798;4367;262337;148864;50.4;28.6
26;2021-06-19;932;3181;263269;152045;50.6;29.2
26;2021-06-20;264;875;263533;152920;50.6;29.4
26;2021-06-21;1006;4549;264539;157469;50.8;30.2
26;2021-06-22;1061;5121;265600;162590;51.0;31.2
26;2021-06-23;1167;5073;266767;167663;51.2;32.2
26;2021-06-24;1262;4540;268029;172203;51.5;33.1
26;2021-06-25;1016;5542;269045;177745;51.7;34.1
26;2021-06-26;662;3822;269707;181567;51.8;34.9
26;2021-06-27;300;1273;270007;182840;51.9;35.1
26;2021-06-28;777;4755;270784;187595;52.0;36.0
26;2021-06-29;1097;4959;271881;192554;52.2;37.0
26;2021-06-30;1413;4889;273294;197443;52.5;37.9
26;2021-07-01;1640;4393;274934;201836;52.8;38.8
26;2021-07-02;1329;5163;276263;206999;53.1;39.8
26;2021-07-03;772;3328;277035;210327;53.2;40.4
26;2021-07-04;333;634;277368;210961;53.3;40.5
26;2021-07-05;884;4675;278252;215636;53.5;41.4
26;2021-07-06;1267;4204;279519;219840;53.7;42.2
26;2021-07-07;1409;3796;280928;223636;54.0;43.0
26;2021-07-08;2363;3329;283291;226965;54.4;43.6
26;2021-07-09;1557;4791;284848;231756;54.7;44.5
26;2021-07-10;908;2918;285756;234674;54.9;45.1
26;2021-07-11;334;351;286090;235025;55.0;45.1
26;2021-07-12;1111;4216;287201;239241;55.2;46.0
26;2021-07-13;2296;4345;289497;243586;55.6;46.8
26;2021-07-14;1056;814;290553;244400;55.8;46.9
26;2021-07-15;3165;3653;293718;248053;56.4;47.7
26;2021-07-16;2950;3691;296668;251744;57.0;48.4
26;2021-07-17;1872;1806;298540;253550;57.3;48.7
26;2021-07-18;17;24;298557;253574;57.4;48.7
26;2021-07-19;2715;3263;301272;256837;57.9;49.3
26;2021-07-20;3690;3362;304962;260199;58.6;50.0
26;2021-07-21;3568;3095;308530;263294;59.3;50.6
26;2021-07-22;4104;2952;312634;266246;60.1;51.1
26;2021-07-23;3842;3386;316476;269632;60.8;51.8
26;2021-07-24;2338;1346;318814;270978;61.2;52.1
26;2021-07-25;607;92;319421;271070;61.4;52.1
26;2021-07-26;3414;2575;322835;273645;62.0;52.6
26;2021-07-27;4798;2607;327633;276252;62.9;53.1
26;2021-07-28;4510;2371;332143;278623;63.8;53.5
26;2021-07-29;3885;2876;336028;281499;64.6;54.1
26;2021-07-30;3471;2666;339499;284165;65.2;54.6
26;2021-07-31;1141;1005;340640;285170;65.4;54.8
26;2021-08-01;404;106;341044;285276;65.5;54.8
26;2021-08-02;2933;2348;343977;287624;66.1;55.3
26;2021-08-03;3287;2277;347264;289901;66.7;55.7
26;2021-08-04;3968;1992;351232;291893;67.5;56.1
26;2021-08-05;3126;2186;354358;294079;68.1;56.5
26;2021-08-06;3123;2623;357481;296702;68.7;57.0
26;2021-08-07;632;840;358113;297542;68.8;57.2
26;2021-08-08;28;13;358141;297555;68.8;57.2
26;2021-08-09;2148;3038;360289;300593;69.2;57.7
27;2020-12-27;1;0;1;0;0.0;0.0
27;2020-12-28;0;0;1;0;0.0;0.0
27;2020-12-29;1;0;2;0;0.0;0.0
27;2020-12-30;0;0;2;0;0.0;0.0
27;2020-12-31;0;0;2;0;0.0;0.0
27;2021-01-01;0;0;2;0;0.0;0.0
27;2021-01-02;0;0;2;0;0.0;0.0
27;2021-01-03;2;0;4;0;0.0;0.0
27;2021-01-04;0;0;4;0;0.0;0.0
27;2021-01-05;15;0;19;0;0.0;0.0
27;2021-01-06;161;0;180;0;0.0;0.0
27;2021-01-07;370;1;550;1;0.1;0.0
27;2021-01-08;442;0;992;1;0.2;0.0
27;2021-01-09;72;1;1064;2;0.2;0.0
27;2021-01-10;101;0;1165;2;0.2;0.0
27;2021-01-11;382;0;1547;2;0.3;0.0
27;2021-01-12;409;2;1956;4;0.3;0.0
27;2021-01-13;839;1;2795;5;0.5;0.0
27;2021-01-14;1626;26;4421;31;0.7;0.0
27;2021-01-15;1219;5;5640;36;0.9;0.0
27;2021-01-16;332;2;5972;38;1.0;0.0
27;2021-01-17;205;0;6177;38;1.0;0.0
27;2021-01-18;798;2;6975;40;1.2;0.0
27;2021-01-19;773;2;7748;42;1.3;0.0
27;2021-01-20;870;0;8618;42;1.4;0.0
27;2021-01-21;655;1;9273;43;1.5;0.0
27;2021-01-22;778;4;10051;47;1.7;0.0
27;2021-01-23;350;0;10401;47;1.7;0.0
27;2021-01-24;169;6;10570;53;1.8;0.0
27;2021-01-25;635;16;11205;69;1.9;0.0
27;2021-01-26;462;17;11667;86;1.9;0.0
27;2021-01-27;506;105;12173;191;2.0;0.0
27;2021-01-28;517;297;12690;488;2.1;0.1
27;2021-01-29;508;109;13198;597;2.2;0.1
27;2021-01-30;242;31;13440;628;2.2;0.1
27;2021-01-31;27;24;13467;652;2.2;0.1
27;2021-02-01;348;196;13815;848;2.3;0.1
27;2021-02-02;307;282;14122;1130;2.4;0.2
27;2021-02-03;488;402;14610;1532;2.4;0.3
27;2021-02-04;719;890;15329;2422;2.6;0.4
27;2021-02-05;662;1155;15991;3577;2.7;0.6
27;2021-02-06;125;223;16116;3800;2.7;0.6
27;2021-02-07;25;42;16141;3842;2.7;0.6
27;2021-02-08;310;379;16451;4221;2.7;0.7
27;2021-02-09;342;560;16793;4781;2.8;0.8
27;2021-02-10;302;527;17095;5308;2.8;0.9
27;2021-02-11;318;460;17413;5768;2.9;1.0
27;2021-02-12;229;545;17642;6313;2.9;1.1
27;2021-02-13;151;134;17793;6447;3.0;1.1
27;2021-02-14;6;93;17799;6540;3.0;1.1
27;2021-02-15;388;600;18187;7140;3.0;1.2
27;2021-02-16;295;735;18482;7875;3.1;1.3
27;2021-02-17;247;641;18729;8516;3.1;1.4
27;2021-02-18;363;684;19092;9200;3.2;1.5
27;2021-02-19;219;692;19311;9892;3.2;1.6
27;2021-02-20;129;251;19440;10143;3.2;1.7
27;2021-02-21;12;140;19452;10283;3.2;1.7
27;2021-02-22;483;566;19935;10849;3.3;1.8
27;2021-02-23;495;628;20430;11477;3.4;1.9
27;2021-02-24;543;652;20973;12129;3.5;2.0
27;2021-02-25;844;758;21817;12887;3.6;2.1
27;2021-02-26;953;691;22770;13578;3.8;2.3
27;2021-02-27;406;159;23176;13737;3.9;2.3
27;2021-02-28;173;32;23349;13769;3.9;2.3
27;2021-03-01;485;443;23834;14212;4.0;2.4
27;2021-03-02;765;364;24599;14576;4.1;2.4
27;2021-03-03;852;364;25451;14940;4.2;2.5
27;2021-03-04;884;233;26335;15173;4.4;2.5
27;2021-03-05;1303;236;27638;15409;4.6;2.6
27;2021-03-06;1636;104;29274;15513;4.9;2.6
27;2021-03-07;620;11;29894;15524;5.0;2.6
27;2021-03-08;1204;307;31098;15831;5.2;2.6
27;2021-03-09;1822;261;32920;16092;5.5;2.7
27;2021-03-10;2115;343;35035;16435;5.8;2.7
27;2021-03-11;2147;222;37182;16657;6.2;2.8
27;2021-03-12;2818;191;40000;16848;6.7;2.8
27;2021-03-13;1919;116;41919;16964;7.0;2.8
27;2021-03-14;655;13;42574;16977;7.1;2.8
27;2021-03-15;1550;212;44124;17189;7.3;2.9
27;2021-03-16;1484;233;45608;17422;7.6;2.9
27;2021-03-17;1851;339;47459;17761;7.9;3.0
27;2021-03-18;1684;342;49143;18103;8.2;3.0
27;2021-03-19;1831;168;50974;18271;8.5;3.0
27;2021-03-20;902;39;51876;18310;8.6;3.0
27;2021-03-21;258;3;52134;18313;8.7;3.0
27;2021-03-22;1234;544;53368;18857;8.9;3.1
27;2021-03-23;1626;461;54994;19318;9.2;3.2
27;2021-03-24;1522;474;56516;19792;9.4;3.3
27;2021-03-25;2163;503;58679;20295;9.8;3.4
27;2021-03-26;2530;441;61209;20736;10.2;3.5
27;2021-03-27;1568;198;62777;20934;10.5;3.5
27;2021-03-28;1149;49;63926;20983;10.6;3.5
27;2021-03-29;1376;825;65302;21808;10.9;3.6
27;2021-03-30;1391;847;66693;22655;11.1;3.8
27;2021-03-31;1487;876;68180;23531;11.4;3.9
27;2021-04-01;1955;808;70135;24339;11.7;4.1
27;2021-04-02;1999;1181;72134;25520;12.0;4.2
27;2021-04-03;1562;737;73696;26257;12.3;4.4
27;2021-04-04;977;173;74673;26430;12.4;4.4
27;2021-04-05;282;6;74955;26436;12.5;4.4
27;2021-04-06;1413;1804;76368;28240;12.7;4.7
27;2021-04-07;1322;1745;77690;29985;12.9;5.0
27;2021-04-08;1682;1673;79372;31658;13.2;5.3
27;2021-04-09;2947;1554;82319;33212;13.7;5.5
27;2021-04-10;2034;981;84353;34193;14.0;5.7
27;2021-04-11;946;210;85299;34403;14.2;5.7
27;2021-04-12;2436;1507;87735;35910;14.6;6.0
27;2021-04-13;2392;1552;90127;37462;15.0;6.2
27;2021-04-14;2085;1624;92212;39086;15.4;6.5
27;2021-04-15;1876;1660;94088;40746;15.7;6.8
27;2021-04-16;2752;1112;96840;41858;16.1;7.0
27;2021-04-17;2169;492;99009;42350;16.5;7.1
27;2021-04-18;453;16;99462;42366;16.6;7.1
27;2021-04-19;1712;1173;101174;43539;16.8;7.2
27;2021-04-20;2387;1301;103561;44840;17.2;7.5
27;2021-04-21;2210;1079;105771;45919;17.6;7.6
27;2021-04-22;2179;1410;107950;47329;18.0;7.9
27;2021-04-23;2448;1175;110398;48504;18.4;8.1
27;2021-04-24;3258;1137;113656;49641;18.9;8.3
27;2021-04-25;1129;1050;114785;50691;19.1;8.4
27;2021-04-26;1921;1142;116706;51833;19.4;8.6
27;2021-04-27;2525;1088;119231;52921;19.8;8.8
27;2021-04-28;2390;1311;121621;54232;20.2;9.0
27;2021-04-29;2492;1468;124113;55700;20.7;9.3
27;2021-04-30;2370;1608;126483;57308;21.1;9.5
27;2021-05-01;2637;886;129120;58194;21.5;9.7
27;2021-05-02;1953;894;131073;59088;21.8;9.8
27;2021-05-03;3065;875;134138;59963;22.3;10.0
27;2021-05-04;2779;1642;136917;61605;22.8;10.3
27;2021-05-05;2817;1651;139734;63256;23.3;10.5
27;2021-05-06;3184;1290;142918;64546;23.8;10.7
27;2021-05-07;3325;2001;146243;66547;24.3;11.1
27;2021-05-08;2798;1329;149041;67876;24.8;11.3
27;2021-05-09;1697;298;150738;68174;25.1;11.3
27;2021-05-10;2952;2270;153690;70444;25.6;11.7
27;2021-05-11;3354;1754;157044;72198;26.1;12.0
27;2021-05-12;3462;1726;160506;73924;26.7;12.3
27;2021-05-13;1891;253;162397;74177;27.0;12.3
27;2021-05-14;3882;1787;166279;75964;27.7;12.6
27;2021-05-15;6602;953;172881;76917;28.8;12.8
27;2021-05-16;3667;435;176548;77352;29.4;12.9
27;2021-05-17;2774;1158;179322;78510;29.9;13.1
27;2021-05-18;3845;1289;183167;79799;30.5;13.3
27;2021-05-19;3967;1148;187134;80947;31.2;13.5
27;2021-05-20;3873;1164;191007;82111;31.8;13.7
27;2021-05-21;3968;1800;194975;83911;32.5;14.0
27;2021-05-22;4366;800;199341;84711;33.2;14.1
27;2021-05-23;800;173;200141;84884;33.3;14.1
27;2021-05-24;1490;340;201631;85224;33.6;14.2
27;2021-05-25;3514;1607;205145;86831;34.2;14.5
27;2021-05-26;3857;1738;209002;88569;34.8;14.7
27;2021-05-27;3787;1487;212789;90056;35.4;15.0
27;2021-05-28;3398;2629;216187;92685;36.0;15.4
27;2021-05-29;4824;2297;221011;94982;36.8;15.8
27;2021-05-30;1119;248;222130;95230;37.0;15.9
27;2021-05-31;3464;2274;225594;97504;37.6;16.2
27;2021-06-01;3812;2245;229406;99749;38.2;16.6
27;2021-06-02;3340;2184;232746;101933;38.7;17.0
27;2021-06-03;4429;2126;237175;104059;39.5;17.3
27;2021-06-04;3603;2972;240778;107031;40.1;17.8
27;2021-06-05;3213;3347;243991;110378;40.6;18.4
27;2021-06-06;2004;1007;245995;111385;41.0;18.5
27;2021-06-07;2566;2355;248561;113740;41.4;18.9
27;2021-06-08;3122;2375;251683;116115;41.9;19.3
27;2021-06-09;2302;2469;253985;118584;42.3;19.7
27;2021-06-10;2431;2038;256416;120622;42.7;20.1
27;2021-06-11;2890;3769;259306;124391;43.2;20.7
27;2021-06-12;1984;4190;261290;128581;43.5;21.4
27;2021-06-13;1082;2685;262372;131266;43.7;21.9
27;2021-06-14;1995;3115;264367;134381;44.0;22.4
27;2021-06-15;2687;3020;267054;137401;44.5;22.9
27;2021-06-16;2503;3260;269557;140661;44.9;23.4
27;2021-06-17;2297;3285;271854;143946;45.3;24.0
27;2021-06-18;2745;4420;274599;148366;45.7;24.7
27;2021-06-19;1861;3387;276460;151753;46.0;25.3
27;2021-06-20;608;711;277068;152464;46.1;25.4
27;2021-06-21;1703;3492;278771;155956;46.4;26.0
27;2021-06-22;2383;3721;281154;159677;46.8;26.6
27;2021-06-23;2074;3567;283228;163244;47.2;27.2
27;2021-06-24;2256;3411;285484;166655;47.5;27.7
27;2021-06-25;1935;4456;287419;171111;47.8;28.5
27;2021-06-26;883;5354;288302;176465;48.0;29.4
27;2021-06-27;377;1425;288679;177890;48.1;29.6
27;2021-06-28;1129;3404;289808;181294;48.2;30.2
27;2021-06-29;1701;4369;291509;185663;48.5;30.9
27;2021-06-30;2115;4095;293624;189758;48.9;31.6
27;2021-07-01;2224;3903;295848;193661;49.3;32.2
27;2021-07-02;1583;4613;297431;198274;49.5;33.0
27;2021-07-03;1309;4775;298740;203049;49.7;33.8
27;2021-07-04;506;1405;299246;204454;49.8;34.0
27;2021-07-05;1420;3528;300666;207982;50.1;34.6
27;2021-07-06;1368;4183;302034;212165;50.3;35.3
27;2021-07-07;1754;4899;303788;217064;50.6;36.1
27;2021-07-08;2084;4346;305872;221410;50.9;36.9
27;2021-07-09;1985;5286;307857;226696;51.3;37.7
27;2021-07-10;1166;4175;309023;230871;51.4;38.4
27;2021-07-11;424;1141;309447;232012;51.5;38.6
27;2021-07-12;1242;4379;310689;236391;51.7;39.4
27;2021-07-13;2755;5354;313444;241745;52.2;40.2
27;2021-07-14;1516;1749;314960;243494;52.4;40.5
27;2021-07-15;3029;5470;317989;248964;52.9;41.4
27;2021-07-16;3808;5286;321797;254250;53.6;42.3
27;2021-07-17;2725;3876;324522;258126;54.0;43.0
27;2021-07-18;551;1262;325073;259388;54.1;43.2
27;2021-07-19;3681;3788;328754;263176;54.7;43.8
27;2021-07-20;3428;3587;332182;266763;55.3;44.4
27;2021-07-21;4231;3894;336413;270657;56.0;45.1
27;2021-07-22;4727;3693;341140;274350;56.8;45.7
27;2021-07-23;3568;3391;344708;277741;57.4;46.2
27;2021-07-24;3105;2325;347813;280066;57.9;46.6
27;2021-07-25;491;545;348304;280611;58.0;46.7
27;2021-07-26;3051;3178;351355;283789;58.5;47.2
27;2021-07-27;3568;3099;354923;286888;59.1;47.8
27;2021-07-28;3567;3239;358490;290127;59.7;48.3
27;2021-07-29;4571;3499;363061;293626;60.4;48.9
27;2021-07-30;3789;3136;366850;296762;61.1;49.4
27;2021-07-31;3044;2572;369894;299334;61.6;49.8
27;2021-08-01;536;497;370430;299831;61.7;49.9
27;2021-08-02;3311;2572;373741;302403;62.2;50.3
27;2021-08-03;3411;2770;377152;305173;62.8;50.8
27;2021-08-04;3017;2326;380169;307499;63.3;51.2
27;2021-08-05;2658;2349;382827;309848;63.7;51.6
27;2021-08-06;3246;3239;386073;313087;64.3;52.1
27;2021-08-07;1785;2545;387858;315632;64.6;52.5
27;2021-08-08;219;192;388077;315824;64.6;52.6
27;2021-08-09;2204;2798;390281;318622;65.0;53.0
28;2020-12-27;0;0;0;0;0.0;0.0
28;2020-12-28;0;0;0;0;0.0;0.0
28;2020-12-29;0;0;0;0;0.0;0.0
28;2020-12-30;0;0;0;0;0.0;0.0
28;2020-12-31;0;0;0;0;0.0;0.0
28;2021-01-01;1;0;1;0;0.0;0.0
28;2021-01-02;0;0;1;0;0.0;0.0
28;2021-01-03;0;0;1;0;0.0;0.0
28;2021-01-04;0;0;1;0;0.0;0.0
28;2021-01-05;5;0;6;0;0.0;0.0
28;2021-01-06;84;0;90;0;0.0;0.0
28;2021-01-07;102;0;192;0;0.0;0.0
28;2021-01-08;134;2;326;2;0.1;0.0
28;2021-01-09;78;0;404;2;0.1;0.0
28;2021-01-10;1;0;405;2;0.1;0.0
28;2021-01-11;204;0;609;2;0.1;0.0
28;2021-01-12;265;2;874;4;0.2;0.0
28;2021-01-13;398;3;1272;7;0.3;0.0
28;2021-01-14;449;5;1721;12;0.4;0.0
28;2021-01-15;374;3;2095;15;0.5;0.0
28;2021-01-16;206;2;2301;17;0.5;0.0
28;2021-01-17;21;0;2322;17;0.5;0.0
28;2021-01-18;372;2;2694;19;0.6;0.0
28;2021-01-19;503;3;3197;22;0.7;0.0
28;2021-01-20;636;1;3833;23;0.9;0.0
28;2021-01-21;796;3;4629;26;1.1;0.0
28;2021-01-22;478;1;5107;27;1.2;0.0
28;2021-01-23;353;0;5460;27;1.3;0.0
28;2021-01-24;1;0;5461;27;1.3;0.0
28;2021-01-25;456;3;5917;30;1.4;0.0
28;2021-01-26;718;4;6635;34;1.5;0.0
28;2021-01-27;1213;49;7848;83;1.8;0.0
28;2021-01-28;1585;91;9433;174;2.2;0.0
28;2021-01-29;896;98;10329;272;2.4;0.1
28;2021-01-30;248;54;10577;326;2.5;0.1
28;2021-01-31;3;22;10580;348;2.5;0.1
28;2021-02-01;324;124;10904;472;2.5;0.1
28;2021-02-02;368;240;11272;712;2.6;0.2
28;2021-02-03;473;259;11745;971;2.7;0.2
28;2021-02-04;525;278;12270;1249;2.9;0.3
28;2021-02-05;436;226;12706;1475;3.0;0.3
28;2021-02-06;199;128;12905;1603;3.0;0.4
28;2021-02-07;0;0;12905;1603;3.0;0.4
28;2021-02-08;331;250;13236;1853;3.1;0.4
28;2021-02-09;281;347;13517;2200;3.1;0.5
28;2021-02-10;440;402;13957;2602;3.3;0.6
28;2021-02-11;562;489;14519;3091;3.4;0.7
28;2021-02-12;453;434;14972;3525;3.5;0.8
28;2021-02-13;181;192;15153;3717;3.5;0.9
28;2021-02-14;0;2;15153;3719;3.5;0.9
28;2021-02-15;280;475;15433;4194;3.6;1.0
28;2021-02-16;395;712;15828;4906;3.7;1.1
28;2021-02-17;581;1147;16409;6053;3.8;1.4
28;2021-02-18;665;1399;17074;7452;4.0;1.7
28;2021-02-19;546;764;17620;8216;4.1;1.9
28;2021-02-20;114;145;17734;8361;4.1;1.9
28;2021-02-21;7;33;17741;8394;4.1;2.0
28;2021-02-22;223;521;17964;8915;4.2;2.1
28;2021-02-23;203;379;18167;9294;4.2;2.2
28;2021-02-24;244;480;18411;9774;4.3;2.3
28;2021-02-25;574;452;18985;10226;4.4;2.4
28;2021-02-26;764;377;19749;10603;4.6;2.5
28;2021-02-27;265;86;20014;10689;4.7;2.5
28;2021-02-28;23;17;20037;10706;4.7;2.5
28;2021-03-01;291;215;20328;10921;4.7;2.5
28;2021-03-02;397;277;20725;11198;4.8;2.6
28;2021-03-03;369;401;21094;11599;4.9;2.7
28;2021-03-04;719;487;21813;12086;5.1;2.8
28;2021-03-05;1319;417;23132;12503;5.4;2.9
28;2021-03-06;1998;82;25130;12585;5.9;2.9
28;2021-03-07;974;25;26104;12610;6.1;2.9
28;2021-03-08;398;309;26502;12919;6.2;3.0
28;2021-03-09;980;357;27482;13276;6.4;3.1
28;2021-03-10;1357;538;28839;13814;6.7;3.2
28;2021-03-11;1533;696;30372;14510;7.1;3.4
28;2021-03-12;2257;636;32629;15146;7.6;3.5
28;2021-03-13;1235;131;33864;15277;7.9;3.6
28;2021-03-14;518;18;34382;15295;8.0;3.6
28;2021-03-15;756;231;35138;15526;8.2;3.6
28;2021-03-16;715;222;35853;15748;8.3;3.7
28;2021-03-17;747;288;36600;16036;8.5;3.7
28;2021-03-18;1200;278;37800;16314;8.8;3.8
28;2021-03-19;1557;330;39357;16644;9.2;3.9
28;2021-03-20;639;19;39996;16663;9.3;3.9
28;2021-03-21;28;7;40024;16670;9.3;3.9
28;2021-03-22;767;323;40791;16993;9.5;4.0
28;2021-03-23;1025;194;41816;17187;9.7;4.0
28;2021-03-24;1311;276;43127;17463;10.0;4.1
28;2021-03-25;1797;286;44924;17749;10.5;4.1
28;2021-03-26;2083;341;47007;18090;10.9;4.2
28;2021-03-27;402;38;47409;18128;11.0;4.2
28;2021-03-28;12;0;47421;18128;11.0;4.2
28;2021-03-29;1140;350;48561;18478;11.3;4.3
28;2021-03-30;1712;246;50273;18724;11.7;4.4
28;2021-03-31;2017;477;52290;19201;12.2;4.5
28;2021-04-01;1795;586;54085;19787;12.6;4.6
28;2021-04-02;1584;1320;55669;21107;13.0;4.9
28;2021-04-03;607;1072;56276;22179;13.1;5.2
28;2021-04-04;33;302;56309;22481;13.1;5.2
28;2021-04-05;40;3;56349;22484;13.1;5.2
28;2021-04-06;1225;460;57574;22944;13.4;5.3
28;2021-04-07;1891;1002;59465;23946;13.8;5.6
28;2021-04-08;2077;1070;61542;25016;14.3;5.8
28;2021-04-09;3235;915;64777;25931;15.1;6.0
28;2021-04-10;1582;194;66359;26125;15.5;6.1
28;2021-04-11;141;451;66500;26576;15.5;6.2
28;2021-04-12;1673;555;68173;27131;15.9;6.3
28;2021-04-13;1875;668;70048;27799;16.3;6.5
28;2021-04-14;2772;898;72820;28697;17.0;6.7
28;2021-04-15;2554;1134;75374;29831;17.6;6.9
28;2021-04-16;2552;800;77926;30631;18.1;7.1
28;2021-04-17;2309;130;80235;30761;18.7;7.2
28;2021-04-18;45;8;80280;30769;18.7;7.2
28;2021-04-19;1578;646;81858;31415;19.1;7.3
28;2021-04-20;1841;590;83699;32005;19.5;7.5
28;2021-04-21;2678;961;86377;32966;20.1;7.7
28;2021-04-22;1783;1208;88160;34174;20.5;8.0
28;2021-04-23;2324;1101;90484;35275;21.1;8.2
28;2021-04-24;3654;131;94138;35406;21.9;8.2
28;2021-04-25;1011;32;95149;35438;22.2;8.3
28;2021-04-26;1331;923;96480;36361;22.5;8.5
28;2021-04-27;1435;1275;97915;37636;22.8;8.8
28;2021-04-28;2370;1821;100285;39457;23.4;9.2
28;2021-04-29;2129;1489;102414;40946;23.8;9.5
28;2021-04-30;2973;1219;105387;42165;24.5;9.8
28;2021-05-01;127;120;105514;42285;24.6;9.8
28;2021-05-02;2;65;105516;42350;24.6;9.9
28;2021-05-03;1046;1016;106562;43366;24.8;10.1
28;2021-05-04;1360;1667;107922;45033;25.1;10.5
28;2021-05-05;2830;1647;110752;46680;25.8;10.9
28;2021-05-06;2456;1475;113208;48155;26.4;11.2
28;2021-05-07;2310;1932;115518;50087;26.9;11.7
28;2021-05-08;1077;116;116595;50203;27.2;11.7
28;2021-05-09;105;610;116700;50813;27.2;11.8
28;2021-05-10;1306;1891;118006;52704;27.5;12.3
28;2021-05-11;2028;2343;120034;55047;28.0;12.8
28;2021-05-12;2620;3230;122654;58277;28.6;13.6
28;2021-05-13;289;452;122943;58729;28.6;13.7
28;2021-05-14;1898;1618;124841;60347;29.1;14.1
28;2021-05-15;1436;1675;126277;62022;29.4;14.4
28;2021-05-16;1987;129;128264;62151;29.9;14.5
28;2021-05-17;2875;1495;131139;63646;30.5;14.8
28;2021-05-18;3380;1377;134519;65023;31.3;15.1
28;2021-05-19;5073;1282;139592;66305;32.5;15.4
28;2021-05-20;4151;1229;143743;67534;33.5;15.7
28;2021-05-21;3466;1578;147209;69112;34.3;16.1
28;2021-05-22;724;1160;147933;70272;34.4;16.4
28;2021-05-23;1957;137;149890;70409;34.9;16.4
28;2021-05-24;1428;394;151318;70803;35.2;16.5
28;2021-05-25;1878;1408;153196;72211;35.7;16.8
28;2021-05-26;2765;1344;155961;73555;36.3;17.1
28;2021-05-27;2755;1230;158716;74785;37.0;17.4
28;2021-05-28;3082;1733;161798;76518;37.7;17.8
28;2021-05-29;1868;874;163666;77392;38.1;18.0
28;2021-05-30;16;47;163682;77439;38.1;18.0
28;2021-05-31;2014;937;165696;78376;38.6;18.3
28;2021-06-01;2134;1663;167830;80039;39.1;18.6
28;2021-06-02;2073;2455;169903;82494;39.6;19.2
28;2021-06-03;2497;1563;172400;84057;40.1;19.6
28;2021-06-04;2609;2359;175009;86416;40.8;20.1
28;2021-06-05;1910;2527;176919;88943;41.2;20.7
28;2021-06-06;1060;1044;177979;89987;41.4;21.0
28;2021-06-07;3574;1574;181553;91561;42.3;21.3
28;2021-06-08;3195;1517;184748;93078;43.0;21.7
28;2021-06-09;3675;2129;188423;95207;43.9;22.2
28;2021-06-10;3140;1263;191563;96470;44.6;22.5
28;2021-06-11;3794;2132;195357;98602;45.5;23.0
28;2021-06-12;1304;561;196661;99163;45.8;23.1
28;2021-06-13;385;108;197046;99271;45.9;23.1
28;2021-06-14;2208;1997;199254;101268;46.4;23.6
28;2021-06-15;2091;2222;201345;103490;46.9;24.1
28;2021-06-16;2509;3981;203854;107471;47.5;25.0
28;2021-06-17;1925;3134;205779;110605;47.9;25.8
28;2021-06-18;2470;3784;208249;114389;48.5;26.6
28;2021-06-19;776;1612;209025;116001;48.7;27.0
28;2021-06-20;23;24;209048;116025;48.7;27.0
28;2021-06-21;1683;1989;210731;118014;49.1;27.5
28;2021-06-22;1368;2107;212099;120121;49.4;28.0
28;2021-06-23;1781;3165;213880;123286;49.8;28.7
28;2021-06-24;733;930;214613;124216;50.0;28.9
28;2021-06-25;1891;3024;216504;127240;50.4;29.6
28;2021-06-26;310;2116;216814;129356;50.5;30.1
28;2021-06-27;588;1284;217402;130640;50.6;30.4
28;2021-06-28;1227;3654;218629;134294;50.9;31.3
28;2021-06-29;1341;3796;219970;138090;51.2;32.2
28;2021-06-30;1492;4253;221462;142343;51.6;33.1
28;2021-07-01;1277;3462;222739;145805;51.9;34.0
28;2021-07-02;1311;4654;224050;150459;52.2;35.0
28;2021-07-03;1131;2369;225181;152828;52.4;35.6
28;2021-07-04;146;1325;225327;154153;52.5;35.9
28;2021-07-05;1362;2509;226689;156662;52.8;36.5
28;2021-07-06;1505;2868;228194;159530;53.1;37.1
28;2021-07-07;1637;4140;229831;163670;53.5;38.1
28;2021-07-08;1468;3236;231299;166906;53.9;38.9
28;2021-07-09;1391;4525;232690;171431;54.2;39.9
28;2021-07-10;526;2208;233216;173639;54.3;40.4
28;2021-07-11;1;1;233217;173640;54.3;40.4
28;2021-07-12;1527;3932;234744;177572;54.7;41.4
28;2021-07-13;2260;4138;237004;181710;55.2;42.3
28;2021-07-14;1330;1395;238334;183105;55.5;42.6
28;2021-07-15;2979;3977;241313;187082;56.2;43.6
28;2021-07-16;2439;4759;243752;191841;56.8;44.7
28;2021-07-17;1264;2427;245016;194268;57.1;45.2
28;2021-07-18;371;943;245387;195211;57.1;45.5
28;2021-07-19;1798;4338;247185;199549;57.6;46.5
28;2021-07-20;2465;4086;249650;203635;58.1;47.4
28;2021-07-21;2954;4284;252604;207919;58.8;48.4
28;2021-07-22;3635;3421;256239;211340;59.7;49.2
28;2021-07-23;2942;3996;259181;215336;60.4;50.1
28;2021-07-24;1693;1469;260874;216805;60.7;50.5
28;2021-07-25;68;59;260942;216864;60.8;50.5
28;2021-07-26;2921;3377;263863;220241;61.4;51.3
28;2021-07-27;3870;2607;267733;222848;62.3;51.9
28;2021-07-28;3937;2723;271670;225571;63.3;52.5
28;2021-07-29;4452;2076;276122;227647;64.3;53.0
28;2021-07-30;3781;2830;279903;230477;65.2;53.7
28;2021-07-31;761;824;280664;231301;65.4;53.9
28;2021-08-01;377;63;281041;231364;65.4;53.9
28;2021-08-02;1784;1515;282825;232879;65.9;54.2
28;2021-08-03;2677;2157;285502;235036;66.5;54.7
28;2021-08-04;1919;2289;287421;237325;66.9;55.3
28;2021-08-05;1641;1720;289062;239045;67.3;55.7
28;2021-08-06;1599;1954;290661;240999;67.7;56.1
28;2021-08-07;796;992;291457;241991;67.9;56.4
28;2021-08-08;21;33;291478;242024;67.9;56.4
28;2021-08-09;1232;1057;292710;243081;68.2;56.6
29;2020-12-27;0;0;0;0;0.0;0.0
29;2020-12-28;0;0;0;0;0.0;0.0
29;2020-12-29;0;0;0;0;0.0;0.0
29;2020-12-30;0;0;0;0;0.0;0.0
29;2020-12-31;0;0;0;0;0.0;0.0
29;2021-01-01;1;0;1;0;0.0;0.0
29;2021-01-02;0;0;1;0;0.0;0.0
29;2021-01-03;1;0;2;0;0.0;0.0
29;2021-01-04;30;0;32;0;0.0;0.0
29;2021-01-05;31;0;63;0;0.0;0.0
29;2021-01-06;43;0;106;0;0.0;0.0
29;2021-01-07;136;0;242;0;0.0;0.0
29;2021-01-08;408;0;650;0;0.1;0.0
29;2021-01-09;2;0;652;0;0.1;0.0
29;2021-01-10;2;0;654;0;0.1;0.0
29;2021-01-11;666;0;1320;0;0.1;0.0
29;2021-01-12;1120;0;2440;0;0.3;0.0
29;2021-01-13;1097;2;3537;2;0.4;0.0
29;2021-01-14;894;4;4431;6;0.5;0.0
29;2021-01-15;1218;8;5649;14;0.6;0.0
29;2021-01-16;168;1;5817;15;0.6;0.0
29;2021-01-17;112;1;5929;16;0.7;0.0
29;2021-01-18;838;3;6767;19;0.7;0.0
29;2021-01-19;1285;0;8052;19;0.9;0.0
29;2021-01-20;2393;2;10445;21;1.2;0.0
29;2021-01-21;5595;4;16040;25;1.8;0.0
29;2021-01-22;3754;5;19794;30;2.2;0.0
29;2021-01-23;537;0;20331;30;2.2;0.0
29;2021-01-24;200;1;20531;31;2.3;0.0
29;2021-01-25;574;7;21105;38;2.3;0.0
29;2021-01-26;950;34;22055;72;2.4;0.0
29;2021-01-27;1285;54;23340;126;2.6;0.0
29;2021-01-28;801;136;24141;262;2.7;0.0
29;2021-01-29;777;205;24918;467;2.7;0.1
29;2021-01-30;281;4;25199;471;2.8;0.1
29;2021-01-31;80;5;25279;476;2.8;0.1
29;2021-02-01;429;450;25708;926;2.8;0.1
29;2021-02-02;876;825;26584;1751;2.9;0.2
29;2021-02-03;811;894;27395;2645;3.0;0.3
29;2021-02-04;865;642;28260;3287;3.1;0.4
29;2021-02-05;675;585;28935;3872;3.2;0.4
29;2021-02-06;244;102;29179;3974;3.2;0.4
29;2021-02-07;78;105;29257;4079;3.2;0.4
29;2021-02-08;383;448;29640;4527;3.3;0.5
29;2021-02-09;863;853;30503;5380;3.4;0.6
29;2021-02-10;1147;1019;31650;6399;3.5;0.7
29;2021-02-11;1794;4164;33444;10563;3.7;1.2
29;2021-02-12;2318;2504;35762;13067;3.9;1.4
29;2021-02-13;638;414;36400;13481;4.0;1.5
29;2021-02-14;12;229;36412;13710;4.0;1.5
29;2021-02-15;266;948;36678;14658;4.0;1.6
29;2021-02-16;885;1059;37563;15717;4.1;1.7
29;2021-02-17;801;858;38364;16575;4.2;1.8
29;2021-02-18;1529;850;39893;17425;4.4;1.9
29;2021-02-19;1411;1003;41304;18428;4.6;2.0
29;2021-02-20;204;367;41508;18795;4.6;2.1
29;2021-02-21;160;169;41668;18964;4.6;2.1
29;2021-02-22;773;564;42441;19528;4.7;2.2
29;2021-02-23;1270;910;43711;20438;4.8;2.3
29;2021-02-24;1468;838;45179;21276;5.0;2.3
29;2021-02-25;2509;904;47688;22180;5.3;2.4
29;2021-02-26;2673;714;50361;22894;5.6;2.5
29;2021-02-27;1284;280;51645;23174;5.7;2.6
29;2021-02-28;199;72;51844;23246;5.7;2.6
29;2021-03-01;945;484;52789;23730;5.8;2.6
29;2021-03-02;1811;800;54600;24530;6.0;2.7
29;2021-03-03;2090;1019;56690;25549;6.3;2.8
29;2021-03-04;2841;1555;59531;27104;6.6;3.0
29;2021-03-05;3538;1678;63069;28782;7.0;3.2
29;2021-03-06;2000;438;65069;29220;7.2;3.2
29;2021-03-07;412;83;65481;29303;7.2;3.2
29;2021-03-08;1274;592;66755;29895;7.4;3.3
29;2021-03-09;2605;978;69360;30873;7.7;3.4
29;2021-03-10;2426;872;71786;31745;7.9;3.5
29;2021-03-11;4516;1002;76302;32747;8.4;3.6
29;2021-03-12;5269;962;81571;33709;9.0;3.7
29;2021-03-13;2821;406;84392;34115;9.3;3.8
29;2021-03-14;365;3;84757;34118;9.3;3.8
29;2021-03-15;2049;269;86806;34387;9.6;3.8
29;2021-03-16;1822;750;88628;35137;9.8;3.9
29;2021-03-17;1859;717;90487;35854;10.0;4.0
29;2021-03-18;1864;1039;92351;36893;10.2;4.1
29;2021-03-19;3264;881;95615;37774;10.5;4.2
29;2021-03-20;1913;222;97528;37996;10.8;4.2
29;2021-03-21;132;11;97660;38007;10.8;4.2
29;2021-03-22;1646;554;99306;38561;11.0;4.3
29;2021-03-23;3442;1033;102748;39594;11.3;4.4
29;2021-03-24;3777;1023;106525;40617;11.8;4.5
29;2021-03-25;4814;1069;111339;41686;12.3;4.6
29;2021-03-26;5420;1162;116759;42848;12.9;4.7
29;2021-03-27;2429;330;119188;43178;13.1;4.8
29;2021-03-28;198;50;119386;43228;13.2;4.8
29;2021-03-29;2040;824;121426;44052;13.4;4.9
29;2021-03-30;3974;1325;125400;45377;13.8;5.0
29;2021-03-31;3934;1150;129334;46527;14.3;5.1
29;2021-04-01;5021;1145;134355;47672;14.8;5.3
29;2021-04-02;4766;1170;139121;48842;15.3;5.4
29;2021-04-03;2500;537;141621;49379;15.6;5.4
29;2021-04-04;146;31;141767;49410;15.6;5.5
29;2021-04-05;972;331;142739;49741;15.7;5.5
29;2021-04-06;3194;1237;145933;50978;16.1;5.6
29;2021-04-07;3651;939;149584;51917;16.5;5.7
29;2021-04-08;5288;2054;154872;53971;17.1;6.0
29;2021-04-09;6749;1561;161621;55532;17.8;6.1
29;2021-04-10;3497;702;165118;56234;18.2;6.2
29;2021-04-11;120;80;165238;56314;18.2;6.2
29;2021-04-12;3852;1484;169090;57798;18.7;6.4
29;2021-04-13;5860;1751;174950;59549;19.3;6.6
29;2021-04-14;4759;1742;179709;61291;19.8;6.8
29;2021-04-15;7168;1730;186877;63021;20.6;7.0
29;2021-04-16;6703;1352;193580;64373;21.4;7.1
29;2021-04-17;3827;969;197407;65342;21.8;7.2
29;2021-04-18;489;40;197896;65382;21.8;7.2
29;2021-04-19;3877;1461;201773;66843;22.3;7.4
29;2021-04-20;4397;2132;206170;68975;22.7;7.6
29;2021-04-21;4371;2195;210541;71170;23.2;7.9
29;2021-04-22;6644;2854;217185;74024;24.0;8.2
29;2021-04-23;6043;2193;223228;76217;24.6;8.4
29;2021-04-24;4005;1316;227233;77533;25.1;8.6
29;2021-04-25;433;169;227666;77702;25.1;8.6
29;2021-04-26;5261;1875;232927;79577;25.7;8.8
29;2021-04-27;5333;3194;238260;82771;26.3;9.1
29;2021-04-28;5355;2895;243615;85666;26.9;9.4
29;2021-04-29;6586;3347;250201;89013;27.6;9.8
29;2021-04-30;6261;3909;256462;92922;28.3;10.3
29;2021-05-01;1982;978;258444;93900;28.5;10.4
29;2021-05-02;1249;195;259693;94095;28.6;10.4
29;2021-05-03;4538;2286;264231;96381;29.1;10.6
29;2021-05-04;4112;3737;268343;100118;29.6;11.0
29;2021-05-05;4516;3408;272859;103526;30.1;11.4
29;2021-05-06;6237;3713;279096;107239;30.8;11.8
29;2021-05-07;5982;4618;285078;111857;31.4;12.3
29;2021-05-08;2092;566;287170;112423;31.7;12.4
29;2021-05-09;1724;137;288894;112560;31.9;12.4
29;2021-05-10;4761;3768;293655;116328;32.4;12.8
29;2021-05-11;4714;5000;298369;121328;32.9;13.4
29;2021-05-12;5025;4380;303394;125708;33.5;13.9
29;2021-05-13;3440;1502;306834;127210;33.8;14.0
29;2021-05-14;5649;4003;312483;131213;34.5;14.5
29;2021-05-15;4045;2317;316528;133530;34.9;14.7
29;2021-05-16;1587;293;318115;133823;35.1;14.8
29;2021-05-17;5562;3132;323677;136955;35.7;15.1
29;2021-05-18;5734;3098;329411;140053;36.3;15.4
29;2021-05-19;6204;2967;335615;143020;37.0;15.8
29;2021-05-20;7173;4564;342788;147584;37.8;16.3
29;2021-05-21;7216;3812;350004;151396;38.6;16.7
29;2021-05-22;5336;2130;355340;153526;39.2;16.9
29;2021-05-23;1630;65;356970;153591;39.4;16.9
29;2021-05-24;3486;534;360456;154125;39.8;17.0
29;2021-05-25;5831;3041;366287;157166;40.4;17.3
29;2021-05-26;5893;2995;372180;160161;41.1;17.7
29;2021-05-27;6825;3987;379005;164148;41.8;18.1
29;2021-05-28;6541;4450;385546;168598;42.5;18.6
29;2021-05-29;4383;2803;389929;171401;43.0;18.9
29;2021-05-30;1115;361;391044;171762;43.1;18.9
29;2021-05-31;6385;3456;397429;175218;43.8;19.3
29;2021-06-01;6604;4351;404033;179569;44.6;19.8
29;2021-06-02;6161;4131;410194;183700;45.2;20.3
29;2021-06-03;7696;4523;417890;188223;46.1;20.8
29;2021-06-04;6813;6166;424703;194389;46.8;21.4
29;2021-06-05;5351;3035;430054;197424;47.4;21.8
29;2021-06-06;1285;538;431339;197962;47.6;21.8
29;2021-06-07;4659;5562;435998;203524;48.1;22.5
29;2021-06-08;7174;5213;443172;208737;48.9;23.0
29;2021-06-09;6410;4754;449582;213491;49.6;23.5
29;2021-06-10;7778;5067;457360;218558;50.5;24.1
29;2021-06-11;8479;5873;465839;224431;51.4;24.8
29;2021-06-12;6569;2810;472408;227241;52.1;25.1
29;2021-06-13;2352;1371;474760;228612;52.4;25.2
29;2021-06-14;4035;6313;478795;234925;52.8;25.9
29;2021-06-15;5475;6169;484270;241094;53.4;26.6
29;2021-06-16;5564;5629;489834;246723;54.0;27.2
29;2021-06-17;6358;6301;496192;253024;54.7;27.9
29;2021-06-18;6114;7487;502306;260511;55.4;28.7
29;2021-06-19;4623;3526;506929;264037;55.9;29.1
29;2021-06-20;891;1454;507820;265491;56.0;29.3
29;2021-06-21;3759;6496;511579;271987;56.4;30.0
29;2021-06-22;4489;6425;516068;278412;56.9;30.7
29;2021-06-23;4669;6129;520737;284541;57.4;31.4
29;2021-06-24;4804;6745;525541;291286;58.0;32.1
29;2021-06-25;3603;7528;529144;298814;58.4;33.0
29;2021-06-26;2126;4094;531270;302908;58.6;33.4
29;2021-06-27;967;1632;532237;304540;58.7;33.6
29;2021-06-28;2838;6863;535075;311403;59.0;34.4
29;2021-06-29;2788;7729;537863;319132;59.3;35.2
29;2021-06-30;3034;7509;540897;326641;59.7;36.0
29;2021-07-01;3758;8420;544655;335061;60.1;37.0
29;2021-07-02;3599;9670;548254;344731;60.5;38.0
29;2021-07-03;2321;6058;550575;350789;60.7;38.7
29;2021-07-04;814;1770;551389;352559;60.8;38.9
29;2021-07-05;1908;7161;553297;359720;61.0;39.7
29;2021-07-06;1529;8015;554826;367735;61.2;40.6
29;2021-07-07;1699;7043;556525;374778;61.4;41.3
29;2021-07-08;2438;8212;558963;382990;61.7;42.2
29;2021-07-09;2609;9076;561572;392066;61.9;43.2
29;2021-07-10;1915;6107;563487;398173;62.2;43.9
29;2021-07-11;444;1065;563931;399238;62.2;44.0
29;2021-07-12;1969;8385;565900;407623;62.4;45.0
29;2021-07-13;2734;8660;568634;416283;62.7;45.9
29;2021-07-14;2066;3363;570700;419646;63.0;46.3
29;2021-07-15;3823;9733;574523;429379;63.4;47.4
29;2021-07-16;4573;9195;579096;438574;63.9;48.4
29;2021-07-17;3214;6113;582310;444687;64.2;49.1
29;2021-07-18;660;1078;582970;445765;64.3;49.2
29;2021-07-19;3127;7557;586097;453322;64.7;50.0
29;2021-07-20;3513;9443;589610;462765;65.0;51.0
29;2021-07-21;3616;7730;593226;470495;65.4;51.9
29;2021-07-22;3379;8540;596605;479035;65.8;52.8
29;2021-07-23;4016;10715;600621;489750;66.3;54.0
29;2021-07-24;2523;5955;603144;495705;66.5;54.7
29;2021-07-25;650;2363;603794;498068;66.6;54.9
29;2021-07-26;3355;7285;607149;505353;67.0;55.7
29;2021-07-27;3683;7111;610832;512464;67.4;56.5
29;2021-07-28;4168;6033;615000;518497;67.8;57.2
29;2021-07-29;5625;6355;620625;524852;68.5;57.9
29;2021-07-30;5399;6525;626024;531377;69.1;58.6
29;2021-07-31;2918;4931;628942;536308;69.4;59.2
29;2021-08-01;650;922;629592;537230;69.4;59.3
29;2021-08-02;4267;5217;633859;542447;69.9;59.8
29;2021-08-03;5467;4400;639326;546847;70.5;60.3
29;2021-08-04;5700;3598;645026;550445;71.2;60.7
29;2021-08-05;6605;4098;651631;554543;71.9;61.2
29;2021-08-06;6139;4327;657770;558870;72.6;61.6
29;2021-08-07;4275;2945;662045;561815;73.0;62.0
29;2021-08-08;839;751;662884;562566;73.1;62.1
29;2021-08-09;3053;4741;665937;567307;73.5;62.6
2A;2020-12-27;0;0;0;0;0.0;0.0
2A;2020-12-28;0;0;0;0;0.0;0.0
2A;2020-12-29;0;0;0;0;0.0;0.0
2A;2020-12-30;0;0;0;0;0.0;0.0
2A;2020-12-31;0;0;0;0;0.0;0.0
2A;2021-01-01;0;0;0;0;0.0;0.0
2A;2021-01-02;1;0;1;0;0.0;0.0
2A;2021-01-03;0;0;1;0;0.0;0.0
2A;2021-01-04;0;0;1;0;0.0;0.0
2A;2021-01-05;0;0;1;0;0.0;0.0
2A;2021-01-06;6;0;7;0;0.0;0.0
2A;2021-01-07;122;1;129;1;0.1;0.0
2A;2021-01-08;113;0;242;1;0.1;0.0
2A;2021-01-09;39;0;281;1;0.2;0.0
2A;2021-01-10;33;0;314;1;0.2;0.0
2A;2021-01-11;76;0;390;1;0.2;0.0
2A;2021-01-12;85;0;475;1;0.3;0.0
2A;2021-01-13;111;0;586;1;0.4;0.0
2A;2021-01-14;192;1;778;2;0.5;0.0
2A;2021-01-15;149;0;927;2;0.6;0.0
2A;2021-01-16;157;1;1084;3;0.7;0.0
2A;2021-01-17;85;1;1169;4;0.7;0.0
2A;2021-01-18;200;2;1369;6;0.8;0.0
2A;2021-01-19;486;0;1855;6;1.1;0.0
2A;2021-01-20;352;0;2207;6;1.4;0.0
2A;2021-01-21;451;1;2658;7;1.6;0.0
2A;2021-01-22;367;0;3025;7;1.9;0.0
2A;2021-01-23;183;0;3208;7;2.0;0.0
2A;2021-01-24;118;1;3326;8;2.0;0.0
2A;2021-01-25;213;0;3539;8;2.2;0.0
2A;2021-01-26;402;6;3941;14;2.4;0.0
2A;2021-01-27;324;5;4265;19;2.6;0.0
2A;2021-01-28;335;80;4600;99;2.8;0.1
2A;2021-01-29;341;64;4941;163;3.0;0.1
2A;2021-01-30;124;40;5065;203;3.1;0.1
2A;2021-01-31;92;12;5157;215;3.2;0.1
2A;2021-02-01;230;53;5387;268;3.3;0.2
2A;2021-02-02;287;117;5674;385;3.5;0.2
2A;2021-02-03;265;74;5939;459;3.7;0.3
2A;2021-02-04;256;121;6195;580;3.8;0.4
2A;2021-02-05;267;107;6462;687;4.0;0.4
2A;2021-02-06;121;59;6583;746;4.1;0.5
2A;2021-02-07;68;57;6651;803;4.1;0.5
2A;2021-02-08;91;209;6742;1012;4.2;0.6
2A;2021-02-09;127;302;6869;1314;4.2;0.8
2A;2021-02-10;160;236;7029;1550;4.3;1.0
2A;2021-02-11;296;368;7325;1918;4.5;1.2
2A;2021-02-12;345;305;7670;2223;4.7;1.4
2A;2021-02-13;224;59;7894;2282;4.9;1.4
2A;2021-02-14;133;77;8027;2359;4.9;1.5
2A;2021-02-15;190;182;8217;2541;5.1;1.6
2A;2021-02-16;380;320;8597;2861;5.3;1.8
2A;2021-02-17;285;166;8882;3027;5.5;1.9
2A;2021-02-18;334;199;9216;3226;5.7;2.0
2A;2021-02-19;146;300;9362;3526;5.8;2.2
2A;2021-02-20;243;138;9605;3664;5.9;2.3
2A;2021-02-21;58;55;9663;3719;5.9;2.3
2A;2021-02-22;77;215;9740;3934;6.0;2.4
2A;2021-02-23;122;290;9862;4224;6.1;2.6
2A;2021-02-24;71;297;9933;4521;6.1;2.8
2A;2021-02-25;105;265;10038;4786;6.2;2.9
2A;2021-02-26;123;273;10161;5059;6.3;3.1
2A;2021-02-27;308;69;10469;5128;6.4;3.2
2A;2021-02-28;69;66;10538;5194;6.5;3.2
2A;2021-03-01;116;152;10654;5346;6.6;3.3
2A;2021-03-02;197;266;10851;5612;6.7;3.5
2A;2021-03-03;238;256;11089;5868;6.8;3.6
2A;2021-03-04;508;228;11597;6096;7.1;3.8
2A;2021-03-05;971;288;12568;6384;7.7;3.9
2A;2021-03-06;1164;75;13732;6459;8.5;4.0
2A;2021-03-07;1019;45;14751;6504;9.1;4.0
2A;2021-03-08;931;88;15682;6592;9.7;4.1
2A;2021-03-09;935;151;16617;6743;10.2;4.2
2A;2021-03-10;629;136;17246;6879;10.6;4.2
2A;2021-03-11;723;281;17969;7160;11.1;4.4
2A;2021-03-12;560;319;18529;7479;11.4;4.6
2A;2021-03-13;612;198;19141;7677;11.8;4.7
2A;2021-03-14;311;126;19452;7803;12.0;4.8
2A;2021-03-15;375;203;19827;8006;12.2;4.9
2A;2021-03-16;497;368;20324;8374;12.5;5.2
2A;2021-03-17;699;273;21023;8647;12.9;5.3
2A;2021-03-18;447;305;21470;8952;13.2;5.5
2A;2021-03-19;487;158;21957;9110;13.5;5.6
2A;2021-03-20;1080;261;23037;9371;14.2;5.8
2A;2021-03-21;696;53;23733;9424;14.6;5.8
2A;2021-03-22;345;67;24078;9491;14.8;5.8
2A;2021-03-23;517;58;24595;9549;15.1;5.9
2A;2021-03-24;862;91;25457;9640;15.7;5.9
2A;2021-03-25;930;139;26387;9779;16.2;6.0
2A;2021-03-26;1076;163;27463;9942;16.9;6.1
2A;2021-03-27;1189;199;28652;10141;17.6;6.2
2A;2021-03-28;241;98;28893;10239;17.8;6.3
2A;2021-03-29;283;138;29176;10377;18.0;6.4
2A;2021-03-30;382;235;29558;10612;18.2;6.5
2A;2021-03-31;446;227;30004;10839;18.5;6.7
2A;2021-04-01;637;452;30641;11291;18.9;7.0
2A;2021-04-02;902;784;31543;12075;19.4;7.4
2A;2021-04-03;646;982;32189;13057;19.8;8.0
2A;2021-04-04;579;785;32768;13842;20.2;8.5
2A;2021-04-05;524;698;33292;14540;20.5;9.0
2A;2021-04-06;550;557;33842;15097;20.8;9.3
2A;2021-04-07;787;425;34629;15522;21.3;9.6
2A;2021-04-08;1049;355;35678;15877;22.0;9.8
2A;2021-04-09;934;395;36612;16272;22.5;10.0
2A;2021-04-10;1057;380;37669;16652;23.2;10.3
2A;2021-04-11;362;256;38031;16908;23.4;10.4
2A;2021-04-12;668;342;38699;17250;23.8;10.6
2A;2021-04-13;328;380;39027;17630;24.0;10.9
2A;2021-04-14;1047;587;40074;18217;24.7;11.2
2A;2021-04-15;1042;524;41116;18741;25.3;11.5
2A;2021-04-16;871;395;41987;19136;25.9;11.8
2A;2021-04-17;1366;938;43353;20074;26.7;12.4
2A;2021-04-18;982;946;44335;21020;27.3;12.9
2A;2021-04-19;269;343;44604;21363;27.5;13.2
2A;2021-04-20;353;344;44957;21707;27.7;13.4
2A;2021-04-21;729;734;45686;22441;28.1;13.8
2A;2021-04-22;896;649;46582;23090;28.7;14.2
2A;2021-04-23;987;776;47569;23866;29.3;14.7
2A;2021-04-24;1747;981;49316;24847;30.4;15.3
2A;2021-04-25;977;305;50293;25152;31.0;15.5
2A;2021-04-26;307;227;50600;25379;31.2;15.6
2A;2021-04-27;344;349;50944;25728;31.4;15.8
2A;2021-04-28;1669;423;52613;26151;32.4;16.1
2A;2021-04-29;1054;359;53667;26510;33.0;16.3
2A;2021-04-30;1130;1059;54797;27569;33.7;17.0
2A;2021-05-01;971;575;55768;28144;34.3;17.3
2A;2021-05-02;675;707;56443;28851;34.8;17.8
2A;2021-05-03;582;576;57025;29427;35.1;18.1
2A;2021-05-04;751;535;57776;29962;35.6;18.4
2A;2021-05-05;1008;983;58784;30945;36.2;19.1
2A;2021-05-06;905;912;59689;31857;36.7;19.6
2A;2021-05-07;1155;835;60844;32692;37.5;20.1
2A;2021-05-08;422;500;61266;33192;37.7;20.4
2A;2021-05-09;783;638;62049;33830;38.2;20.8
2A;2021-05-10;453;740;62502;34570;38.5;21.3
2A;2021-05-11;651;415;63153;34985;38.9;21.5
2A;2021-05-12;919;488;64072;35473;39.4;21.8
2A;2021-05-13;919;138;64991;35611;40.0;21.9
2A;2021-05-14;798;682;65789;36293;40.5;22.3
2A;2021-05-15;781;648;66570;36941;41.0;22.7
2A;2021-05-16;737;500;67307;37441;41.4;23.1
2A;2021-05-17;583;561;67890;38002;41.8;23.4
2A;2021-05-18;615;475;68505;38477;42.2;23.7
2A;2021-05-19;788;481;69293;38958;42.7;24.0
2A;2021-05-20;692;540;69985;39498;43.1;24.3
2A;2021-05-21;535;482;70520;39980;43.4;24.6
2A;2021-05-22;442;309;70962;40289;43.7;24.8
2A;2021-05-23;533;284;71495;40573;44.0;25.0
2A;2021-05-24;125;33;71620;40606;44.1;25.0
2A;2021-05-25;416;504;72036;41110;44.4;25.3
2A;2021-05-26;426;1166;72462;42276;44.6;26.0
2A;2021-05-27;435;1111;72897;43387;44.9;26.7
2A;2021-05-28;297;916;73194;44303;45.1;27.3
2A;2021-05-29;336;900;73530;45203;45.3;27.8
2A;2021-05-30;182;506;73712;45709;45.4;28.1
2A;2021-05-31;189;413;73901;46122;45.5;28.4
2A;2021-06-01;338;729;74239;46851;45.7;28.8
2A;2021-06-02;283;939;74522;47790;45.9;29.4
2A;2021-06-03;304;849;74826;48639;46.1;29.9
2A;2021-06-04;272;1093;75098;49732;46.2;30.6
2A;2021-06-05;319;1442;75417;51174;46.4;31.5
2A;2021-06-06;173;909;75590;52083;46.5;32.1
2A;2021-06-07;170;661;75760;52744;46.6;32.5
2A;2021-06-08;321;705;76081;53449;46.8;32.9
2A;2021-06-09;297;1319;76378;54768;47.0;33.7
2A;2021-06-10;329;857;76707;55625;47.2;34.2
2A;2021-06-11;279;1021;76986;56646;47.4;34.9
2A;2021-06-12;229;664;77215;57310;47.5;35.3
2A;2021-06-13;188;797;77403;58107;47.7;35.8
2A;2021-06-14;251;921;77654;59028;47.8;36.3
2A;2021-06-15;217;507;77871;59535;47.9;36.7
2A;2021-06-16;211;776;78082;60311;48.1;37.1
2A;2021-06-17;233;592;78315;60903;48.2;37.5
2A;2021-06-18;244;914;78559;61817;48.4;38.1
2A;2021-06-19;207;690;78766;62507;48.5;38.5
2A;2021-06-20;149;692;78915;63199;48.6;38.9
2A;2021-06-21;180;791;79095;63990;48.7;39.4
2A;2021-06-22;235;842;79330;64832;48.8;39.9
2A;2021-06-23;216;567;79546;65399;49.0;40.3
2A;2021-06-24;149;371;79695;65770;49.1;40.5
2A;2021-06-25;167;473;79862;66243;49.2;40.8
2A;2021-06-26;202;872;80064;67115;49.3;41.3
2A;2021-06-27;174;794;80238;67909;49.4;41.8
2A;2021-06-28;194;704;80432;68613;49.5;42.2
2A;2021-06-29;213;689;80645;69302;49.7;42.7
2A;2021-06-30;242;493;80887;69795;49.8;43.0
2A;2021-07-01;211;486;81098;70281;49.9;43.3
2A;2021-07-02;181;370;81279;70651;50.0;43.5
2A;2021-07-03;211;617;81490;71268;50.2;43.9
2A;2021-07-04;176;664;81666;71932;50.3;44.3
2A;2021-07-05;163;235;81829;72167;50.4;44.4
2A;2021-07-06;250;389;82079;72556;50.5;44.7
2A;2021-07-07;428;611;82507;73167;50.8;45.0
2A;2021-07-08;588;704;83095;73871;51.2;45.5
2A;2021-07-09;376;421;83471;74292;51.4;45.7
2A;2021-07-10;281;346;83752;74638;51.6;46.0
2A;2021-07-11;91;162;83843;74800;51.6;46.1
2A;2021-07-12;309;349;84152;75149;51.8;46.3
2A;2021-07-13;1178;533;85330;75682;52.5;46.6
2A;2021-07-14;1618;334;86948;76016;53.5;46.8
2A;2021-07-15;1429;830;88377;76846;54.4;47.3
2A;2021-07-16;1159;464;89536;77310;55.1;47.6
2A;2021-07-17;1096;341;90632;77651;55.8;47.8
2A;2021-07-18;634;133;91266;77784;56.2;47.9
2A;2021-07-19;911;429;92177;78213;56.8;48.2
2A;2021-07-20;1266;469;93443;78682;57.5;48.4
2A;2021-07-21;1420;708;94863;79390;58.4;48.9
2A;2021-07-22;1375;760;96238;80150;59.3;49.3
2A;2021-07-23;1424;457;97662;80607;60.1;49.6
2A;2021-07-24;872;287;98534;80894;60.7;49.8
2A;2021-07-25;446;68;98980;80962;60.9;49.8
2A;2021-07-26;1166;498;100146;81460;61.7;50.2
2A;2021-07-27;1253;506;101399;81966;62.4;50.5
2A;2021-07-28;1195;582;102594;82548;63.2;50.8
2A;2021-07-29;1208;651;103802;83199;63.9;51.2
2A;2021-07-30;934;604;104736;83803;64.5;51.6
2A;2021-07-31;530;337;105266;84140;64.8;51.8
2A;2021-08-01;546;117;105812;84257;65.1;51.9
2A;2021-08-02;440;485;106252;84742;65.4;52.2
2A;2021-08-03;796;881;107048;85623;65.9;52.7
2A;2021-08-04;722;1159;107770;86782;66.4;53.4
2A;2021-08-05;902;1344;108672;88126;66.9;54.3
2A;2021-08-06;384;807;109056;88933;67.1;54.8
2A;2021-08-07;348;890;109404;89823;67.4;55.3
2A;2021-08-08;79;185;109483;90008;67.4;55.4
2A;2021-08-09;634;1136;110117;91144;67.8;56.1
2B;2020-12-27;0;0;0;0;0.0;0.0
2B;2020-12-28;0;0;0;0;0.0;0.0
2B;2020-12-29;0;0;0;0;0.0;0.0
2B;2020-12-30;0;0;0;0;0.0;0.0
2B;2020-12-31;0;0;0;0;0.0;0.0
2B;2021-01-01;0;0;0;0;0.0;0.0
2B;2021-01-02;0;0;0;0;0.0;0.0
2B;2021-01-03;0;0;0;0;0.0;0.0
2B;2021-01-04;2;0;2;0;0.0;0.0
2B;2021-01-05;0;0;2;0;0.0;0.0
2B;2021-01-06;48;1;50;1;0.0;0.0
2B;2021-01-07;210;0;260;1;0.1;0.0
2B;2021-01-08;196;0;456;1;0.3;0.0
2B;2021-01-09;39;0;495;1;0.3;0.0
2B;2021-01-10;1;0;496;1;0.3;0.0
2B;2021-01-11;75;0;571;1;0.3;0.0
2B;2021-01-12;128;1;699;2;0.4;0.0
2B;2021-01-13;93;0;792;2;0.4;0.0
2B;2021-01-14;72;0;864;2;0.5;0.0
2B;2021-01-15;258;0;1122;2;0.6;0.0
2B;2021-01-16;43;0;1165;2;0.6;0.0
2B;2021-01-17;8;0;1173;2;0.6;0.0
2B;2021-01-18;271;0;1444;2;0.8;0.0
2B;2021-01-19;499;0;1943;2;1.1;0.0
2B;2021-01-20;461;2;2404;4;1.3;0.0
2B;2021-01-21;357;0;2761;4;1.5;0.0
2B;2021-01-22;370;0;3131;4;1.7;0.0
2B;2021-01-23;60;0;3191;4;1.8;0.0
2B;2021-01-24;29;0;3220;4;1.8;0.0
2B;2021-01-25;210;2;3430;6;1.9;0.0
2B;2021-01-26;389;1;3819;7;2.1;0.0
2B;2021-01-27;342;48;4161;55;2.3;0.0
2B;2021-01-28;365;148;4526;203;2.5;0.1
2B;2021-01-29;288;163;4814;366;2.6;0.2
2B;2021-01-30;80;33;4894;399;2.7;0.2
2B;2021-01-31;60;0;4954;399;2.7;0.2
2B;2021-02-01;231;93;5185;492;2.8;0.3
2B;2021-02-02;357;78;5542;570;3.0;0.3
2B;2021-02-03;519;92;6061;662;3.3;0.4
2B;2021-02-04;458;175;6519;837;3.6;0.5
2B;2021-02-05;393;95;6912;932;3.8;0.5
2B;2021-02-06;87;14;6999;946;3.8;0.5
2B;2021-02-07;59;0;7058;946;3.9;0.5
2B;2021-02-08;230;156;7288;1102;4.0;0.6
2B;2021-02-09;586;314;7874;1416;4.3;0.8
2B;2021-02-10;485;195;8359;1611;4.6;0.9
2B;2021-02-11;382;128;8741;1739;4.8;1.0
2B;2021-02-12;299;125;9040;1864;5.0;1.0
2B;2021-02-13;77;13;9117;1877;5.0;1.0
2B;2021-02-14;62;1;9179;1878;5.0;1.0
2B;2021-02-15;190;128;9369;2006;5.1;1.1
2B;2021-02-16;253;285;9622;2291;5.3;1.3
2B;2021-02-17;312;317;9934;2608;5.5;1.4
2B;2021-02-18;215;347;10149;2955;5.6;1.6
2B;2021-02-19;164;308;10313;3263;5.7;1.8
2B;2021-02-20;32;63;10345;3326;5.7;1.8
2B;2021-02-21;27;29;10372;3355;5.7;1.8
2B;2021-02-22;133;190;10505;3545;5.8;1.9
2B;2021-02-23;230;359;10735;3904;5.9;2.1
2B;2021-02-24;228;312;10963;4216;6.0;2.3
2B;2021-02-25;245;341;11208;4557;6.1;2.5
2B;2021-02-26;299;283;11507;4840;6.3;2.7
2B;2021-02-27;60;84;11567;4924;6.3;2.7
2B;2021-02-28;1;57;11568;4981;6.3;2.7
2B;2021-03-01;246;261;11814;5242;6.5;2.9
2B;2021-03-02;351;390;12165;5632;6.7;3.1
2B;2021-03-03;298;437;12463;6069;6.8;3.3
2B;2021-03-04;447;410;12910;6479;7.1;3.6
2B;2021-03-05;618;386;13528;6865;7.4;3.8
2B;2021-03-06;682;99;14210;6964;7.8;3.8
2B;2021-03-07;361;59;14571;7023;8.0;3.9
2B;2021-03-08;301;240;14872;7263;8.2;4.0
2B;2021-03-09;383;505;15255;7768;8.4;4.3
2B;2021-03-10;630;448;15885;8216;8.7;4.5
2B;2021-03-11;584;355;16469;8571;9.0;4.7
2B;2021-03-12;965;227;17434;8798;9.6;4.8
2B;2021-03-13;511;110;17945;8908;9.8;4.9
2B;2021-03-14;226;61;18171;8969;10.0;4.9
2B;2021-03-15;515;200;18686;9169;10.3;5.0
2B;2021-03-16;570;276;19256;9445;10.6;5.2
2B;2021-03-17;529;264;19785;9709;10.9;5.3
2B;2021-03-18;550;229;20335;9938;11.2;5.5
2B;2021-03-19;804;195;21139;10133;11.6;5.6
2B;2021-03-20;655;36;21794;10169;12.0;5.6
2B;2021-03-21;429;36;22223;10205;12.2;5.6
2B;2021-03-22;546;125;22769;10330;12.5;5.7
2B;2021-03-23;788;264;23557;10594;12.9;5.8
2B;2021-03-24;831;218;24388;10812;13.4;5.9
2B;2021-03-25;824;165;25212;10977;13.8;6.0
2B;2021-03-26;958;192;26170;11169;14.4;6.1
2B;2021-03-27;1089;36;27259;11205;15.0;6.1
2B;2021-03-28;830;123;28089;11328;15.4;6.2
2B;2021-03-29;745;180;28834;11508;15.8;6.3
2B;2021-03-30;970;326;29804;11834;16.4;6.5
2B;2021-03-31;981;266;30785;12100;16.9;6.6
2B;2021-04-01;1002;230;31787;12330;17.4;6.8
2B;2021-04-02;965;414;32752;12744;18.0;7.0
2B;2021-04-03;1247;152;33999;12896;18.7;7.1
2B;2021-04-04;197;60;34196;12956;18.8;7.1
2B;2021-04-05;109;113;34305;13069;18.8;7.2
2B;2021-04-06;1033;361;35338;13430;19.4;7.4
2B;2021-04-07;1230;430;36568;13860;20.1;7.6
2B;2021-04-08;1128;409;37696;14269;20.7;7.8
2B;2021-04-09;1168;568;38864;14837;21.3;8.1
2B;2021-04-10;1351;262;40215;15099;22.1;8.3
2B;2021-04-11;812;65;41027;15164;22.5;8.3
2B;2021-04-12;852;560;41879;15724;23.0;8.6
2B;2021-04-13;1061;631;42940;16355;23.6;9.0
2B;2021-04-14;1044;493;43984;16848;24.1;9.2
2B;2021-04-15;885;517;44869;17365;24.6;9.5
2B;2021-04-16;911;649;45780;18014;25.1;9.9
2B;2021-04-17;386;446;46166;18460;25.3;10.1
2B;2021-04-18;252;340;46418;18800;25.5;10.3
2B;2021-04-19;822;438;47240;19238;25.9;10.6
2B;2021-04-20;898;848;48138;20086;26.4;11.0
2B;2021-04-21;1055;608;49193;20694;27.0;11.4
2B;2021-04-22;937;731;50130;21425;27.5;11.8
2B;2021-04-23;661;630;50791;22055;27.9;12.1
2B;2021-04-24;288;772;51079;22827;28.0;12.5
2B;2021-04-25;285;477;51364;23304;28.2;12.8
2B;2021-04-26;708;920;52072;24224;28.6;13.3
2B;2021-04-27;965;875;53037;25099;29.1;13.8
2B;2021-04-28;918;862;53955;25961;29.6;14.2
2B;2021-04-29;921;868;54876;26829;30.1;14.7
2B;2021-04-30;1132;831;56008;27660;30.7;15.2
2B;2021-05-01;459;1115;56467;28775;31.0;15.8
2B;2021-05-02;335;244;56802;29019;31.2;15.9
2B;2021-05-03;1019;495;57821;29514;31.7;16.2
2B;2021-05-04;809;1152;58630;30666;32.2;16.8
2B;2021-05-05;804;1375;59434;32041;32.6;17.6
2B;2021-05-06;1288;904;60722;32945;33.3;18.1
2B;2021-05-07;1062;986;61784;33931;33.9;18.6
2B;2021-05-08;459;856;62243;34787;34.2;19.1
2B;2021-05-09;394;683;62637;35470;34.4;19.5
2B;2021-05-10;926;798;63563;36268;34.9;19.9
2B;2021-05-11;933;1162;64496;37430;35.4;20.5
2B;2021-05-12;857;891;65353;38321;35.9;21.0
2B;2021-05-13;1028;377;66381;38698;36.4;21.2
2B;2021-05-14;718;579;67099;39277;36.8;21.6
2B;2021-05-15;702;353;67801;39630;37.2;21.7
2B;2021-05-16;299;180;68100;39810;37.4;21.8
2B;2021-05-17;1002;406;69102;40216;37.9;22.1
2B;2021-05-18;991;382;70093;40598;38.5;22.3
2B;2021-05-19;771;416;70864;41014;38.9;22.5
2B;2021-05-20;672;359;71536;41373;39.2;22.7
2B;2021-05-21;705;502;72241;41875;39.6;23.0
2B;2021-05-22;574;391;72815;42266;40.0;23.2
2B;2021-05-23;168;46;72983;42312;40.0;23.2
2B;2021-05-24;40;115;73023;42427;40.1;23.3
2B;2021-05-25;548;353;73571;42780;40.4;23.5
2B;2021-05-26;544;789;74115;43569;40.7;23.9
2B;2021-05-27;407;1131;74522;44700;40.9;24.5
2B;2021-05-28;554;906;75076;45606;41.2;25.0
2B;2021-05-29;312;353;75388;45959;41.4;25.2
2B;2021-05-30;46;45;75434;46004;41.4;25.2
2B;2021-05-31;376;832;75810;46836;41.6;25.7
2B;2021-06-01;414;1039;76224;47875;41.8;26.3
2B;2021-06-02;364;991;76588;48866;42.0;26.8
2B;2021-06-03;498;808;77086;49674;42.3;27.3
2B;2021-06-04;343;1255;77429;50929;42.5;27.9
2B;2021-06-05;258;494;77687;51423;42.6;28.2
2B;2021-06-06;51;129;77738;51552;42.7;28.3
2B;2021-06-07;280;948;78018;52500;42.8;28.8
2B;2021-06-08;399;1170;78417;53670;43.0;29.4
2B;2021-06-09;518;1178;78935;54848;43.3;30.1
2B;2021-06-10;367;939;79302;55787;43.5;30.6
2B;2021-06-11;432;1274;79734;57061;43.7;31.3
2B;2021-06-12;151;545;79885;57606;43.8;31.6
2B;2021-06-13;25;59;79910;57665;43.8;31.6
2B;2021-06-14;195;1116;80105;58781;44.0;32.3
2B;2021-06-15;345;1220;80450;60001;44.1;32.9
2B;2021-06-16;381;936;80831;60937;44.3;33.4
2B;2021-06-17;399;1047;81230;61984;44.6;34.0
2B;2021-06-18;346;960;81576;62944;44.8;34.5
2B;2021-06-19;142;328;81718;63272;44.8;34.7
2B;2021-06-20;44;194;81762;63466;44.9;34.8
2B;2021-06-21;264;962;82026;64428;45.0;35.3
2B;2021-06-22;315;1115;82341;65543;45.2;36.0
2B;2021-06-23;209;872;82550;66415;45.3;36.4
2B;2021-06-24;336;756;82886;67171;45.5;36.9
2B;2021-06-25;212;1076;83098;68247;45.6;37.4
2B;2021-06-26;105;551;83203;68798;45.7;37.7
2B;2021-06-27;32;215;83235;69013;45.7;37.9
2B;2021-06-28;329;952;83564;69965;45.8;38.4
2B;2021-06-29;270;987;83834;70952;46.0;38.9
2B;2021-06-30;379;949;84213;71901;46.2;39.5
2B;2021-07-01;225;508;84438;72409;46.3;39.7
2B;2021-07-02;215;557;84653;72966;46.4;40.0
2B;2021-07-03;91;396;84744;73362;46.5;40.3
2B;2021-07-04;2;0;84746;73362;46.5;40.3
2B;2021-07-05;265;663;85011;74025;46.6;40.6
2B;2021-07-06;447;706;85458;74731;46.9;41.0
2B;2021-07-07;376;908;85834;75639;47.1;41.5
2B;2021-07-08;182;347;86016;75986;47.2;41.7
2B;2021-07-09;245;372;86261;76358;47.3;41.9
2B;2021-07-10;196;198;86457;76556;47.4;42.0
2B;2021-07-11;13;14;86470;76570;47.4;42.0
2B;2021-07-12;493;742;86963;77312;47.7;42.4
2B;2021-07-13;819;1014;87782;78326;48.2;43.0
2B;2021-07-14;338;98;88120;78424;48.3;43.0
2B;2021-07-15;1260;577;89380;79001;49.0;43.3
2B;2021-07-16;1107;561;90487;79562;49.6;43.7
2B;2021-07-17;707;311;91194;79873;50.0;43.8
2B;2021-07-18;179;46;91373;79919;50.1;43.8
2B;2021-07-19;840;700;92213;80619;50.6;44.2
2B;2021-07-20;1197;679;93410;81298;51.3;44.6
2B;2021-07-21;1377;721;94787;82019;52.0;45.0
2B;2021-07-22;1318;600;96105;82619;52.7;45.3
2B;2021-07-23;1313;496;97418;83115;53.5;45.6
2B;2021-07-24;529;315;97947;83430;53.7;45.8
2B;2021-07-25;203;71;98150;83501;53.9;45.8
2B;2021-07-26;911;630;99061;84131;54.4;46.2
2B;2021-07-27;1564;697;100625;84828;55.2;46.5
2B;2021-07-28;1158;620;101783;85448;55.8;46.9
2B;2021-07-29;1132;442;102915;85890;56.5;47.1
2B;2021-07-30;757;340;103672;86230;56.9;47.3
2B;2021-07-31;534;229;104206;86459;57.2;47.4
2B;2021-08-01;230;56;104436;86515;57.3;47.5
2B;2021-08-02;790;464;105226;86979;57.7;47.7
2B;2021-08-03;1121;774;106347;87753;58.3;48.1
2B;2021-08-04;797;446;107144;88199;58.8;48.4
2B;2021-08-05;1007;549;108151;88748;59.3;48.7
2B;2021-08-06;696;519;108847;89267;59.7;49.0
2B;2021-08-07;296;400;109143;89667;59.9;49.2
2B;2021-08-08;93;142;109236;89809;59.9;49.3
2B;2021-08-09;504;740;109740;90549;60.2;49.7
30;2020-12-27;1;0;1;0;0.0;0.0
30;2020-12-28;0;0;1;0;0.0;0.0
30;2020-12-29;0;0;1;0;0.0;0.0
30;2020-12-30;0;0;1;0;0.0;0.0
30;2020-12-31;0;0;1;0;0.0;0.0
30;2021-01-01;0;0;1;0;0.0;0.0
30;2021-01-02;0;0;1;0;0.0;0.0
30;2021-01-03;0;0;1;0;0.0;0.0
30;2021-01-04;1;0;2;0;0.0;0.0
30;2021-01-05;3;0;5;0;0.0;0.0
30;2021-01-06;128;0;133;0;0.0;0.0
30;2021-01-07;312;0;445;0;0.1;0.0
30;2021-01-08;531;0;976;0;0.1;0.0
30;2021-01-09;270;0;1246;0;0.2;0.0
30;2021-01-10;0;0;1246;0;0.2;0.0
30;2021-01-11;537;1;1783;1;0.2;0.0
30;2021-01-12;798;3;2581;4;0.3;0.0
30;2021-01-13;639;0;3220;4;0.4;0.0
30;2021-01-14;652;5;3872;9;0.5;0.0
30;2021-01-15;756;2;4628;11;0.6;0.0
30;2021-01-16;313;0;4941;11;0.7;0.0
30;2021-01-17;3;0;4944;11;0.7;0.0
30;2021-01-18;937;5;5881;16;0.8;0.0
30;2021-01-19;1735;7;7616;23;1.0;0.0
30;2021-01-20;1303;2;8919;25;1.2;0.0
30;2021-01-21;1226;2;10145;27;1.4;0.0
30;2021-01-22;1074;5;11219;32;1.5;0.0
30;2021-01-23;633;2;11852;34;1.6;0.0
30;2021-01-24;0;0;11852;34;1.6;0.0
30;2021-01-25;830;4;12682;38;1.7;0.0
30;2021-01-26;1056;15;13738;53;1.8;0.0
30;2021-01-27;980;112;14718;165;2.0;0.0
30;2021-01-28;712;274;15430;439;2.1;0.1
30;2021-01-29;668;445;16098;884;2.2;0.1
30;2021-01-30;471;288;16569;1172;2.2;0.2
30;2021-01-31;3;7;16572;1179;2.2;0.2
30;2021-02-01;813;436;17385;1615;2.3;0.2
30;2021-02-02;1874;672;19259;2287;2.6;0.3
30;2021-02-03;1183;488;20442;2775;2.7;0.4
30;2021-02-04;968;663;21410;3438;2.9;0.5
30;2021-02-05;598;763;22008;4201;2.9;0.6
30;2021-02-06;291;262;22299;4463;3.0;0.6
30;2021-02-07;2;8;22301;4471;3.0;0.6
30;2021-02-08;574;738;22875;5209;3.1;0.7
30;2021-02-09;981;1006;23856;6215;3.2;0.8
30;2021-02-10;986;1099;24842;7314;3.3;1.0
30;2021-02-11;927;1038;25769;8352;3.4;1.1
30;2021-02-12;616;993;26385;9345;3.5;1.2
30;2021-02-13;435;388;26820;9733;3.6;1.3
30;2021-02-14;1;21;26821;9754;3.6;1.3
30;2021-02-15;448;622;27269;10376;3.6;1.4
30;2021-02-16;460;849;27729;11225;3.7;1.5
30;2021-02-17;682;625;28411;11850;3.8;1.6
30;2021-02-18;796;528;29207;12378;3.9;1.7
30;2021-02-19;573;672;29780;13050;4.0;1.7
30;2021-02-20;223;227;30003;13277;4.0;1.8
30;2021-02-21;5;3;30008;13280;4.0;1.8
30;2021-02-22;501;764;30509;14044;4.1;1.9
30;2021-02-23;975;1467;31484;15511;4.2;2.1
30;2021-02-24;926;1192;32410;16703;4.3;2.2
30;2021-02-25;1207;893;33617;17596;4.5;2.4
30;2021-02-26;1338;599;34955;18195;4.7;2.4
30;2021-02-27;564;545;35519;18740;4.7;2.5
30;2021-02-28;1;7;35520;18747;4.7;2.5
30;2021-03-01;1341;830;36861;19577;4.9;2.6
30;2021-03-02;1710;910;38571;20487;5.2;2.7
30;2021-03-03;2306;761;40877;21248;5.5;2.8
30;2021-03-04;2636;869;43513;22117;5.8;3.0
30;2021-03-05;2757;610;46270;22727;6.2;3.0
30;2021-03-06;2997;363;49267;23090;6.6;3.1
30;2021-03-07;1859;43;51126;23133;6.8;3.1
30;2021-03-08;1547;784;52673;23917;7.0;3.2
30;2021-03-09;2275;871;54948;24788;7.3;3.3
30;2021-03-10;2354;652;57302;25440;7.7;3.4
30;2021-03-11;3055;680;60357;26120;8.1;3.5
30;2021-03-12;3112;383;63469;26503;8.5;3.5
30;2021-03-13;2225;291;65694;26794;8.8;3.6
30;2021-03-14;83;3;65777;26797;8.8;3.6
30;2021-03-15;1568;566;67345;27363;9.0;3.7
30;2021-03-16;1299;1067;68644;28430;9.2;3.8
30;2021-03-17;1455;643;70099;29073;9.4;3.9
30;2021-03-18;1645;713;71744;29786;9.6;4.0
30;2021-03-19;2251;545;73995;30331;9.9;4.1
30;2021-03-20;1399;140;75394;30471;10.1;4.1
30;2021-03-21;57;8;75451;30479;10.1;4.1
30;2021-03-22;2396;716;77847;31195;10.4;4.2
30;2021-03-23;3508;798;81355;31993;10.9;4.3
30;2021-03-24;3634;804;84989;32797;11.4;4.4
30;2021-03-25;4403;840;89392;33637;11.9;4.5
30;2021-03-26;4359;630;93751;34267;12.5;4.6
30;2021-03-27;1970;375;95721;34642;12.8;4.6
30;2021-03-28;35;29;95756;34671;12.8;4.6
30;2021-03-29;2813;1648;98569;36319;13.2;4.9
30;2021-03-30;3779;1875;102348;38194;13.7;5.1
30;2021-03-31;3505;1640;105853;39834;14.1;5.3
30;2021-04-01;4014;1456;109867;41290;14.7;5.5
30;2021-04-02;3601;1229;113468;42519;15.2;5.7
30;2021-04-03;1061;1223;114529;43742;15.3;5.8
30;2021-04-04;29;188;114558;43930;15.3;5.9
30;2021-04-05;764;284;115322;44214;15.4;5.9
30;2021-04-06;3041;1573;118363;45787;15.8;6.1
30;2021-04-07;2716;1629;121079;47416;16.2;6.3
30;2021-04-08;3917;1482;124996;48898;16.7;6.5
30;2021-04-09;4884;1515;129880;50413;17.4;6.7
30;2021-04-10;2426;1173;132306;51586;17.7;6.9
30;2021-04-11;949;58;133255;51644;17.8;6.9
30;2021-04-12;3148;1486;136403;53130;18.2;7.1
30;2021-04-13;4018;1930;140421;55060;18.8;7.4
30;2021-04-14;3378;1536;143799;56596;19.2;7.6
30;2021-04-15;3830;1459;147629;58055;19.7;7.8
30;2021-04-16;3702;1526;151331;59581;20.2;8.0
30;2021-04-17;1493;949;152824;60530;20.4;8.1
30;2021-04-18;961;66;153785;60596;20.5;8.1
30;2021-04-19;2449;2297;156234;62893;20.9;8.4
30;2021-04-20;2814;2824;159048;65717;21.2;8.8
30;2021-04-21;2600;2563;161648;68280;21.6;9.1
30;2021-04-22;3524;2314;165172;70594;22.1;9.4
30;2021-04-23;3578;2302;168750;72896;22.5;9.7
30;2021-04-24;1346;1226;170096;74122;22.7;9.9
30;2021-04-25;748;90;170844;74212;22.8;9.9
30;2021-04-26;2014;2385;172858;76597;23.1;10.2
30;2021-04-27;2951;2604;175809;79201;23.5;10.6
30;2021-04-28;2838;2482;178647;81683;23.9;10.9
30;2021-04-29;3615;2309;182262;83992;24.4;11.2
30;2021-04-30;3409;2024;185671;86016;24.8;11.5
30;2021-05-01;1750;605;187421;86621;25.0;11.6
30;2021-05-02;664;245;188085;86866;25.1;11.6
30;2021-05-03;3757;2498;191842;89364;25.6;11.9
30;2021-05-04;3979;3521;195821;92885;26.2;12.4
30;2021-05-05;3937;3124;199758;96009;26.7;12.8
30;2021-05-06;4197;3356;203955;99365;27.2;13.3
30;2021-05-07;4078;3055;208033;102420;27.8;13.7
30;2021-05-08;1605;720;209638;103140;28.0;13.8
30;2021-05-09;372;612;210010;103752;28.1;13.9
30;2021-05-10;2916;3117;212926;106869;28.4;14.3
30;2021-05-11;5386;3651;218312;110520;29.2;14.8
30;2021-05-12;5304;3216;223616;113736;29.9;15.2
30;2021-05-13;3231;1025;226847;114761;30.3;15.3
30;2021-05-14;4890;2452;231737;117213;31.0;15.7
30;2021-05-15;3408;1205;235145;118418;31.4;15.8
30;2021-05-16;397;339;235542;118757;31.5;15.9
30;2021-05-17;3798;3033;239340;121790;32.0;16.3
30;2021-05-18;4826;3032;244166;124822;32.6;16.7
30;2021-05-19;4775;2547;248941;127369;33.3;17.0
30;2021-05-20;5014;2576;253955;129945;33.9;17.4
30;2021-05-21;4889;2467;258844;132412;34.6;17.7
30;2021-05-22;3159;1294;262003;133706;35.0;17.9
30;2021-05-23;288;345;262291;134051;35.0;17.9
30;2021-05-24;783;768;263074;134819;35.1;18.0
30;2021-05-25;2658;3164;265732;137983;35.5;18.4
30;2021-05-26;2888;2565;268620;140548;35.9;18.8
30;2021-05-27;3760;2719;272380;143267;36.4;19.1
30;2021-05-28;3326;3288;275706;146555;36.8;19.6
30;2021-05-29;1687;1803;277393;148358;37.1;19.8
30;2021-05-30;360;589;277753;148947;37.1;19.9
30;2021-05-31;2833;2296;280586;151243;37.5;20.2
30;2021-06-01;3658;2794;284244;154037;38.0;20.6
30;2021-06-02;3316;2448;287560;156485;38.4;20.9
30;2021-06-03;4131;3350;291691;159835;39.0;21.4
30;2021-06-04;3904;3400;295595;163235;39.5;21.8
30;2021-06-05;1907;1313;297502;164548;39.7;22.0
30;2021-06-06;683;264;298185;164812;39.8;22.0
30;2021-06-07;4725;2524;302910;167336;40.5;22.4
30;2021-06-08;4831;3324;307741;170660;41.1;22.8
30;2021-06-09;4146;2982;311887;173642;41.7;23.2
30;2021-06-10;4609;3352;316496;176994;42.3;23.6
30;2021-06-11;4583;3808;321079;180802;42.9;24.2
30;2021-06-12;2482;1707;323561;182509;43.2;24.4
30;2021-06-13;494;340;324055;182849;43.3;24.4
30;2021-06-14;2469;4707;326524;187556;43.6;25.1
30;2021-06-15;3201;5305;329725;192861;44.1;25.8
30;2021-06-16;3110;4647;332835;197508;44.5;26.4
30;2021-06-17;3924;4366;336759;201874;45.0;27.0
30;2021-06-18;3713;4695;340472;206569;45.5;27.6
30;2021-06-19;1440;2002;341912;208571;45.7;27.9
30;2021-06-20;358;489;342270;209060;45.7;27.9
30;2021-06-21;2376;4905;344646;213965;46.0;28.6
30;2021-06-22;2362;5737;347008;219702;46.4;29.4
30;2021-06-23;2523;5335;349531;225037;46.7;30.1
30;2021-06-24;2338;4700;351869;229737;47.0;30.7
30;2021-06-25;2609;5598;354478;235335;47.4;31.4
30;2021-06-26;909;2937;355387;238272;47.5;31.8
30;2021-06-27;222;526;355609;238798;47.5;31.9
30;2021-06-28;1667;6014;357276;244812;47.7;32.7
30;2021-06-29;1836;6022;359112;250834;48.0;33.5
30;2021-06-30;1998;5256;361110;256090;48.2;34.2
30;2021-07-01;2980;4716;364090;260806;48.6;34.8
30;2021-07-02;2829;4618;366919;265424;49.0;35.5
30;2021-07-03;1149;3045;368068;268469;49.2;35.9
30;2021-07-04;115;391;368183;268860;49.2;35.9
30;2021-07-05;2020;4023;370203;272883;49.5;36.5
30;2021-07-06;2656;4973;372859;277856;49.8;37.1
30;2021-07-07;2537;4214;375396;282070;50.2;37.7
30;2021-07-08;2010;3424;377406;285494;50.4;38.1
30;2021-07-09;2405;5319;379811;290813;50.7;38.9
30;2021-07-10;1497;2157;381308;292970;50.9;39.1
30;2021-07-11;44;416;381352;293386;51.0;39.2
30;2021-07-12;2519;5145;383871;298531;51.3;39.9
30;2021-07-13;3283;6036;387154;304567;51.7;40.7
30;2021-07-14;496;545;387650;305112;51.8;40.8
30;2021-07-15;4111;5460;391761;310572;52.3;41.5
30;2021-07-16;4949;5708;396710;316280;53.0;42.3
30;2021-07-17;1696;2460;398406;318740;53.2;42.6
30;2021-07-18;146;603;398552;319343;53.2;42.7
30;2021-07-19;3356;6303;401908;325646;53.7;43.5
30;2021-07-20;4620;6505;406528;332151;54.3;44.4
30;2021-07-21;4036;5408;410564;337559;54.9;45.1
30;2021-07-22;4867;5720;415431;343279;55.5;45.9
30;2021-07-23;4959;5845;420390;349124;56.2;46.6
30;2021-07-24;2227;3259;422617;352383;56.5;47.1
30;2021-07-25;134;309;422751;352692;56.5;47.1
30;2021-07-26;4381;4113;427132;356805;57.1;47.7
30;2021-07-27;4820;4631;431952;361436;57.7;48.3
30;2021-07-28;4836;3989;436788;365425;58.4;48.8
30;2021-07-29;5888;4110;442676;369535;59.1;49.4
30;2021-07-30;5310;4371;447986;373906;59.9;50.0
30;2021-07-31;2626;1948;450612;375854;60.2;50.2
30;2021-08-01;720;306;451332;376160;60.3;50.3
30;2021-08-02;3633;4002;454965;380162;60.8;50.8
30;2021-08-03;4818;3917;459783;384079;61.4;51.3
30;2021-08-04;5228;3037;465011;387116;62.1;51.7
30;2021-08-05;4586;3741;469597;390857;62.7;52.2
30;2021-08-06;4205;4025;473802;394882;63.3;52.8
30;2021-08-07;1820;1922;475622;396804;63.5;53.0
30;2021-08-08;614;274;476236;397078;63.6;53.1
30;2021-08-09;3245;3703;479481;400781;64.1;53.5
31;2020-12-27;0;0;0;0;0.0;0.0
31;2020-12-28;1;0;1;0;0.0;0.0
31;2020-12-29;0;0;1;0;0.0;0.0
31;2020-12-30;0;0;1;0;0.0;0.0
31;2020-12-31;1;0;2;0;0.0;0.0
31;2021-01-01;4;0;6;0;0.0;0.0
31;2021-01-02;0;0;6;0;0.0;0.0
31;2021-01-03;2;0;8;0;0.0;0.0
31;2021-01-04;3;0;11;0;0.0;0.0
31;2021-01-05;50;0;61;0;0.0;0.0
31;2021-01-06;211;1;272;1;0.0;0.0
31;2021-01-07;284;1;556;2;0.0;0.0
31;2021-01-08;545;1;1101;3;0.1;0.0
31;2021-01-09;275;0;1376;3;0.1;0.0
31;2021-01-10;287;0;1663;3;0.1;0.0
31;2021-01-11;978;3;2641;6;0.2;0.0
31;2021-01-12;1192;0;3833;6;0.3;0.0
31;2021-01-13;1157;3;4990;9;0.4;0.0
31;2021-01-14;1176;17;6166;26;0.4;0.0
31;2021-01-15;1046;3;7212;29;0.5;0.0
31;2021-01-16;243;1;7455;30;0.5;0.0
31;2021-01-17;176;0;7631;30;0.5;0.0
31;2021-01-18;1609;4;9240;34;0.7;0.0
31;2021-01-19;2931;10;12171;44;0.9;0.0
31;2021-01-20;3662;10;15833;54;1.1;0.0
31;2021-01-21;2990;5;18823;59;1.3;0.0
31;2021-01-22;2271;7;21094;66;1.5;0.0
31;2021-01-23;728;1;21822;67;1.6;0.0
31;2021-01-24;212;1;22034;68;1.6;0.0
31;2021-01-25;1744;9;23778;77;1.7;0.0
31;2021-01-26;1838;64;25616;141;1.8;0.0
31;2021-01-27;1574;153;27190;294;1.9;0.0
31;2021-01-28;1382;302;28572;596;2.0;0.0
31;2021-01-29;1356;349;29928;945;2.1;0.1
31;2021-01-30;445;187;30373;1132;2.2;0.1
31;2021-01-31;61;209;30434;1341;2.2;0.1
31;2021-02-01;1156;733;31590;2074;2.3;0.1
31;2021-02-02;3033;804;34623;2878;2.5;0.2
31;2021-02-03;1917;779;36540;3657;2.6;0.3
31;2021-02-04;1806;843;38346;4500;2.7;0.3
31;2021-02-05;1339;576;39685;5076;2.8;0.4
31;2021-02-06;378;55;40063;5131;2.9;0.4
31;2021-02-07;37;41;40100;5172;2.9;0.4
31;2021-02-08;1115;665;41215;5837;2.9;0.4
31;2021-02-09;1675;1575;42890;7412;3.1;0.5
31;2021-02-10;1959;2473;44849;9885;3.2;0.7
31;2021-02-11;1814;1825;46663;11710;3.3;0.8
31;2021-02-12;1537;798;48200;12508;3.4;0.9
31;2021-02-13;503;230;48703;12738;3.5;0.9
31;2021-02-14;56;217;48759;12955;3.5;0.9
31;2021-02-15;443;1376;49202;14331;3.5;1.0
31;2021-02-16;467;1556;49669;15887;3.5;1.1
31;2021-02-17;472;1678;50141;17565;3.6;1.3
31;2021-02-18;477;1827;50618;19392;3.6;1.4
31;2021-02-19;392;1574;51010;20966;3.6;1.5
31;2021-02-20;69;531;51079;21497;3.6;1.5
31;2021-02-21;77;161;51156;21658;3.7;1.5
31;2021-02-22;432;1759;51588;23417;3.7;1.7
31;2021-02-23;866;3016;52454;26433;3.7;1.9
31;2021-02-24;653;2196;53107;28629;3.8;2.0
31;2021-02-25;1430;1841;54537;30470;3.9;2.2
31;2021-02-26;1712;1237;56249;31707;4.0;2.3
31;2021-02-27;637;405;56886;32112;4.1;2.3
31;2021-02-28;78;54;56964;32166;4.1;2.3
31;2021-03-01;871;1136;57835;33302;4.1;2.4
31;2021-03-02;1233;1669;59068;34971;4.2;2.5
31;2021-03-03;1356;1812;60424;36783;4.3;2.6
31;2021-03-04;2421;1510;62845;38293;4.5;2.7
31;2021-03-05;3053;1605;65898;39898;4.7;2.8
31;2021-03-06;2835;411;68733;40309;4.9;2.9
31;2021-03-07;5368;105;74101;40414;5.3;2.9
31;2021-03-08;1596;1096;75697;41510;5.4;3.0
31;2021-03-09;2778;1191;78475;42701;5.6;3.0
31;2021-03-10;2573;1091;81048;43792;5.8;3.1
31;2021-03-11;4378;1168;85426;44960;6.1;3.2
31;2021-03-12;5314;1194;90740;46154;6.5;3.3
31;2021-03-13;2835;505;93575;46659;6.7;3.3
31;2021-03-14;234;49;93809;46708;6.7;3.3
31;2021-03-15;2582;431;96391;47139;6.9;3.4
31;2021-03-16;1743;816;98134;47955;7.0;3.4
31;2021-03-17;1657;559;99791;48514;7.1;3.5
31;2021-03-18;1987;713;101778;49227;7.3;3.5
31;2021-03-19;3180;525;104958;49752;7.5;3.6
31;2021-03-20;1794;140;106752;49892;7.6;3.6
31;2021-03-21;210;35;106962;49927;7.6;3.6
31;2021-03-22;2577;367;109539;50294;7.8;3.6
31;2021-03-23;4054;318;113593;50612;8.1;3.6
31;2021-03-24;4354;290;117947;50902;8.4;3.6
31;2021-03-25;6039;521;123986;51423;8.9;3.7
31;2021-03-26;5465;513;129451;51936;9.2;3.7
31;2021-03-27;4348;203;133799;52139;9.6;3.7
31;2021-03-28;2290;46;136089;52185;9.7;3.7
31;2021-03-29;4206;429;140295;52614;10.0;3.8
31;2021-03-30;6591;547;146886;53161;10.5;3.8
31;2021-03-31;5643;367;152529;53528;10.9;3.8
31;2021-04-01;6961;551;159490;54079;11.4;3.9
31;2021-04-02;6100;584;165590;54663;11.8;3.9
31;2021-04-03;3925;150;169515;54813;12.1;3.9
31;2021-04-04;2059;111;171574;54924;12.2;3.9
31;2021-04-05;481;69;172055;54993;12.3;3.9
31;2021-04-06;4160;1147;176215;56140;12.6;4.0
31;2021-04-07;5982;977;182197;57117;13.0;4.1
31;2021-04-08;7563;1027;189760;58144;13.5;4.2
31;2021-04-09;8383;1247;198143;59391;14.1;4.2
31;2021-04-10;4716;541;202859;59932;14.5;4.3
31;2021-04-11;2067;138;204926;60070;14.6;4.3
31;2021-04-12;5995;1828;210921;61898;15.1;4.4
31;2021-04-13;8028;2020;218949;63918;15.6;4.6
31;2021-04-14;6649;1926;225598;65844;16.1;4.7
31;2021-04-15;7769;2232;233367;68076;16.7;4.9
31;2021-04-16;7178;2088;240545;70164;17.2;5.0
31;2021-04-17;4413;898;244958;71062;17.5;5.1
31;2021-04-18;2512;353;247470;71415;17.7;5.1
31;2021-04-19;5219;2024;252689;73439;18.0;5.2
31;2021-04-20;6071;2844;258760;76283;18.5;5.4
31;2021-04-21;5972;2794;264732;79077;18.9;5.6
31;2021-04-22;6381;3236;271113;82313;19.4;5.9
31;2021-04-23;6276;2577;277389;84890;19.8;6.1
31;2021-04-24;1615;3135;279004;88025;19.9;6.3
31;2021-04-25;686;2094;279690;90119;20.0;6.4
31;2021-04-26;3791;3223;283481;93342;20.2;6.7
31;2021-04-27;4517;3900;287998;97242;20.6;6.9
31;2021-04-28;4545;3509;292543;100751;20.9;7.2
31;2021-04-29;5181;4030;297724;104781;21.3;7.5
31;2021-04-30;5034;4134;302758;108915;21.6;7.8
31;2021-05-01;1488;3120;304246;112035;21.7;8.0
31;2021-05-02;1412;1981;305658;114016;21.8;8.1
31;2021-05-03;5653;2421;311311;116437;22.2;8.3
31;2021-05-04;4781;4738;316092;121175;22.6;8.6
31;2021-05-05;2989;5719;319081;126894;22.8;9.1
31;2021-05-06;3629;7382;322710;134276;23.0;9.6
31;2021-05-07;5257;7176;327967;141452;23.4;10.1
31;2021-05-08;3634;3102;331601;144554;23.7;10.3
31;2021-05-09;3761;2310;335362;146864;23.9;10.5
31;2021-05-10;5685;5478;341047;152342;24.3;10.9
31;2021-05-11;6648;6701;347695;159043;24.8;11.4
31;2021-05-12;6170;5918;353865;164961;25.3;11.8
31;2021-05-13;4644;2063;358509;167024;25.6;11.9
31;2021-05-14;6907;3980;365416;171004;26.1;12.2
31;2021-05-15;5142;1753;370558;172757;26.5;12.3
31;2021-05-16;3299;632;373857;173389;26.7;12.4
31;2021-05-17;5143;4149;379000;177538;27.1;12.7
31;2021-05-18;5587;4271;384587;181809;27.5;13.0
31;2021-05-19;5780;3763;390367;185572;27.9;13.2
31;2021-05-20;6475;4803;396842;190375;28.3;13.6
31;2021-05-21;5982;4603;402824;194978;28.8;13.9
31;2021-05-22;4082;1628;406906;196606;29.0;14.0
31;2021-05-23;3584;343;410490;196949;29.3;14.1
31;2021-05-24;3879;708;414369;197657;29.6;14.1
31;2021-05-25;6190;3610;420559;201267;30.0;14.4
31;2021-05-26;5604;4643;426163;205910;30.4;14.7
31;2021-05-27;4782;6197;430945;212107;30.8;15.1
31;2021-05-28;4114;6347;435059;218454;31.1;15.6
31;2021-05-29;1918;4030;436977;222484;31.2;15.9
31;2021-05-30;749;2362;437726;224846;31.2;16.0
31;2021-05-31;4396;5088;442122;229934;31.6;16.4
31;2021-06-01;5953;6564;448075;236498;32.0;16.9
31;2021-06-02;5799;6309;453874;242807;32.4;17.3
31;2021-06-03;7308;8144;461182;250951;32.9;17.9
31;2021-06-04;7536;7163;468718;258114;33.5;18.4
31;2021-06-05;9077;2773;477795;260887;34.1;18.6
31;2021-06-06;8109;1579;485904;262466;34.7;18.7
31;2021-06-07;7987;5467;493891;267933;35.3;19.1
31;2021-06-08;9101;6048;502992;273981;35.9;19.6
31;2021-06-09;8916;5520;511908;279501;36.5;20.0
31;2021-06-10;9777;6342;521685;285843;37.2;20.4
31;2021-06-11;10046;6636;531731;292479;38.0;20.9
31;2021-06-12;8792;3012;540523;295491;38.6;21.1
31;2021-06-13;8374;2005;548897;297496;39.2;21.2
31;2021-06-14;8428;6729;557325;304225;39.8;21.7
31;2021-06-15;9762;7433;567087;311658;40.5;22.2
31;2021-06-16;8729;5255;575816;316913;41.1;22.6
31;2021-06-17;8272;6595;584088;323508;41.7;23.1
31;2021-06-18;8546;7741;592634;331249;42.3;23.6
31;2021-06-19;7364;5430;599998;336679;42.8;24.0
31;2021-06-20;5570;3724;605568;340403;43.2;24.3
31;2021-06-21;5372;6914;610940;347317;43.6;24.8
31;2021-06-22;4974;8218;615914;355535;44.0;25.4
31;2021-06-23;5102;7273;621016;362808;44.3;25.9
31;2021-06-24;4624;8322;625640;371130;44.7;26.5
31;2021-06-25;5012;9303;630652;380433;45.0;27.2
31;2021-06-26;4284;6393;634936;386826;45.3;27.6
31;2021-06-27;3596;4102;638532;390928;45.6;27.9
31;2021-06-28;4098;6645;642630;397573;45.9;28.4
31;2021-06-29;3790;7561;646420;405134;46.1;28.9
31;2021-06-30;4265;7798;650685;412932;46.4;29.5
31;2021-07-01;4050;8464;654735;421396;46.7;30.1
31;2021-07-02;4101;9323;658836;430719;47.0;30.7
31;2021-07-03;4096;6107;662932;436826;47.3;31.2
31;2021-07-04;3204;4802;666136;441628;47.5;31.5
31;2021-07-05;4041;7090;670177;448718;47.8;32.0
31;2021-07-06;3870;8363;674047;457081;48.1;32.6
31;2021-07-07;3958;7960;678005;465041;48.4;33.2
31;2021-07-08;4031;8537;682036;473578;48.7;33.8
31;2021-07-09;4452;8786;686488;482364;49.0;34.4
31;2021-07-10;3916;5491;690404;487855;49.3;34.8
31;2021-07-11;3135;4120;693539;491975;49.5;35.1
31;2021-07-12;3810;8616;697349;500591;49.8;35.7
31;2021-07-13;6911;9419;704260;510010;50.3;36.4
31;2021-07-14;6145;3909;710405;513919;50.7;36.7
31;2021-07-15;8434;9407;718839;523326;51.3;37.4
31;2021-07-16;7736;9884;726575;533210;51.9;38.1
31;2021-07-17;8340;10520;734915;543730;52.5;38.8
31;2021-07-18;6614;9441;741529;553171;52.9;39.5
31;2021-07-19;4776;10773;746305;563944;53.3;40.3
31;2021-07-20;7108;11452;753413;575396;53.8;41.1
31;2021-07-21;6986;11515;760399;586911;54.3;41.9
31;2021-07-22;8132;11733;768531;598644;54.9;42.7
31;2021-07-23;7417;11778;775948;610422;55.4;43.6
31;2021-07-24;10256;10502;786204;620924;56.1;44.3
31;2021-07-25;7528;8767;793732;629691;56.7;44.9
31;2021-07-26;5494;9506;799226;639197;57.0;45.6
31;2021-07-27;7918;9161;807144;648358;57.6;46.3
31;2021-07-28;8630;8242;815774;656600;58.2;46.9
31;2021-07-29;8803;7999;824577;664599;58.9;47.4
31;2021-07-30;7627;7954;832204;672553;59.4;48.0
31;2021-07-31;5985;7373;838189;679926;59.8;48.5
31;2021-08-01;4396;4279;842585;684205;60.1;48.8
31;2021-08-02;5457;5395;848042;689600;60.5;49.2
31;2021-08-03;5838;5171;853880;694771;61.0;49.6
31;2021-08-04;5863;4775;859743;699546;61.4;49.9
31;2021-08-05;5526;7188;865269;706734;61.8;50.4
31;2021-08-06;5233;7311;870502;714045;62.1;51.0
31;2021-08-07;4561;6621;875063;720666;62.5;51.4
31;2021-08-08;3359;5557;878422;726223;62.7;51.8
31;2021-08-09;4344;6980;882766;733203;63.0;52.3
32;2020-12-27;0;0;0;0;0.0;0.0
32;2020-12-28;0;0;0;0;0.0;0.0
32;2020-12-29;0;0;0;0;0.0;0.0
32;2020-12-30;0;0;0;0;0.0;0.0
32;2020-12-31;0;0;0;0;0.0;0.0
32;2021-01-01;0;0;0;0;0.0;0.0
32;2021-01-02;0;0;0;0;0.0;0.0
32;2021-01-03;0;0;0;0;0.0;0.0
32;2021-01-04;3;0;3;0;0.0;0.0
32;2021-01-05;1;0;4;0;0.0;0.0
32;2021-01-06;2;0;6;0;0.0;0.0
32;2021-01-07;152;0;158;0;0.1;0.0
32;2021-01-08;70;0;228;0;0.1;0.0
32;2021-01-09;5;0;233;0;0.1;0.0
32;2021-01-10;0;0;233;0;0.1;0.0
32;2021-01-11;11;0;244;0;0.1;0.0
32;2021-01-12;96;0;340;0;0.2;0.0
32;2021-01-13;325;0;665;0;0.3;0.0
32;2021-01-14;377;3;1042;3;0.5;0.0
32;2021-01-15;448;1;1490;4;0.8;0.0
32;2021-01-16;16;2;1506;6;0.8;0.0
32;2021-01-17;1;0;1507;6;0.8;0.0
32;2021-01-18;344;1;1851;7;1.0;0.0
32;2021-01-19;418;0;2269;7;1.2;0.0
32;2021-01-20;358;0;2627;7;1.4;0.0
32;2021-01-21;582;0;3209;7;1.7;0.0
32;2021-01-22;371;0;3580;7;1.9;0.0
32;2021-01-23;180;0;3760;7;2.0;0.0
32;2021-01-24;4;0;3764;7;2.0;0.0
32;2021-01-25;463;1;4227;8;2.2;0.0
32;2021-01-26;605;0;4832;8;2.5;0.0
32;2021-01-27;705;4;5537;12;2.9;0.0
32;2021-01-28;687;16;6224;28;3.3;0.0
32;2021-01-29;460;53;6684;81;3.5;0.0
32;2021-01-30;260;0;6944;81;3.7;0.0
32;2021-01-31;4;5;6948;86;3.7;0.0
32;2021-02-01;288;58;7236;144;3.8;0.1
32;2021-02-02;639;139;7875;283;4.1;0.1
32;2021-02-03;338;200;8213;483;4.3;0.3
32;2021-02-04;424;279;8637;762;4.5;0.4
32;2021-02-05;348;360;8985;1122;4.7;0.6
32;2021-02-06;147;0;9132;1122;4.8;0.6
32;2021-02-07;0;36;9132;1158;4.8;0.6
32;2021-02-08;278;122;9410;1280;5.0;0.7
32;2021-02-09;309;229;9719;1509;5.1;0.8
32;2021-02-10;269;253;9988;1762;5.3;0.9
32;2021-02-11;380;317;10368;2079;5.5;1.1
32;2021-02-12;297;280;10665;2359;5.6;1.2
32;2021-02-13;249;1;10914;2360;5.7;1.2
32;2021-02-14;0;28;10914;2388;5.7;1.3
32;2021-02-15;25;212;10939;2600;5.8;1.4
32;2021-02-16;393;368;11332;2968;6.0;1.6
32;2021-02-17;190;474;11522;3442;6.1;1.8
32;2021-02-18;329;493;11851;3935;6.2;2.1
32;2021-02-19;185;281;12036;4216;6.3;2.2
32;2021-02-20;1;120;12037;4336;6.3;2.3
32;2021-02-21;0;0;12037;4336;6.3;2.3
32;2021-02-22;158;385;12195;4721;6.4;2.5
32;2021-02-23;431;566;12626;5287;6.6;2.8
32;2021-02-24;277;380;12903;5667;6.8;3.0
32;2021-02-25;480;519;13383;6186;7.0;3.3
32;2021-02-26;443;385;13826;6571;7.3;3.5
32;2021-02-27;157;246;13983;6817;7.4;3.6
32;2021-02-28;4;0;13987;6817;7.4;3.6
32;2021-03-01;51;300;14038;7117;7.4;3.7
32;2021-03-02;414;445;14452;7562;7.6;4.0
32;2021-03-03;276;292;14728;7854;7.7;4.1
32;2021-03-04;538;338;15266;8192;8.0;4.3
32;2021-03-05;436;249;15702;8441;8.3;4.4
32;2021-03-06;522;166;16224;8607;8.5;4.5
32;2021-03-07;25;5;16249;8612;8.6;4.5
32;2021-03-08;234;292;16483;8904;8.7;4.7
32;2021-03-09;642;330;17125;9234;9.0;4.9
32;2021-03-10;482;329;17607;9563;9.3;5.0
32;2021-03-11;854;293;18461;9856;9.7;5.2
32;2021-03-12;881;341;19342;10197;10.2;5.4
32;2021-03-13;490;248;19832;10445;10.4;5.5
32;2021-03-14;1;0;19833;10445;10.4;5.5
32;2021-03-15;265;26;20098;10471;10.6;5.5
32;2021-03-16;314;307;20412;10778;10.7;5.7
32;2021-03-17;150;156;20562;10934;10.8;5.8
32;2021-03-18;374;308;20936;11242;11.0;5.9
32;2021-03-19;403;183;21339;11425;11.2;6.0
32;2021-03-20;136;33;21475;11458;11.3;6.0
32;2021-03-21;0;0;21475;11458;11.3;6.0
32;2021-03-22;340;169;21815;11627;11.5;6.1
32;2021-03-23;559;398;22374;12025;11.8;6.3
32;2021-03-24;643;271;23017;12296;12.1;6.5
32;2021-03-25;896;416;23913;12712;12.6;6.7
32;2021-03-26;657;294;24570;13006;12.9;6.8
32;2021-03-27;165;3;24735;13009;13.0;6.8
32;2021-03-28;1;1;24736;13010;13.0;6.8
32;2021-03-29;371;48;25107;13058;13.2;6.9
32;2021-03-30;766;290;25873;13348;13.6;7.0
32;2021-03-31;654;172;26527;13520;14.0;7.1
32;2021-04-01;1237;319;27764;13839;14.6;7.3
32;2021-04-02;575;167;28339;14006;14.9;7.4
32;2021-04-03;114;0;28453;14006;15.0;7.4
32;2021-04-04;0;0;28453;14006;15.0;7.4
32;2021-04-05;0;0;28453;14006;15.0;7.4
32;2021-04-06;2645;309;31098;14315;16.4;7.5
32;2021-04-07;1178;204;32276;14519;17.0;7.6
32;2021-04-08;1737;405;34013;14924;17.9;7.9
32;2021-04-09;882;217;34895;15141;18.4;8.0
32;2021-04-10;808;29;35703;15170;18.8;8.0
32;2021-04-11;14;0;35717;15170;18.8;8.0
32;2021-04-12;477;23;36194;15193;19.0;8.0
32;2021-04-13;2470;383;38664;15576;20.3;8.2
32;2021-04-14;1227;264;39891;15840;21.0;8.3
32;2021-04-15;1702;391;41593;16231;21.9;8.5
32;2021-04-16;638;282;42231;16513;22.2;8.7
32;2021-04-17;781;38;43012;16551;22.6;8.7
32;2021-04-18;13;1;43025;16552;22.6;8.7
32;2021-04-19;502;44;43527;16596;22.9;8.7
32;2021-04-20;2471;388;45998;16984;24.2;8.9
32;2021-04-21;1009;300;47007;17284;24.7;9.1
32;2021-04-22;1662;321;48669;17605;25.6;9.3
32;2021-04-23;546;158;49215;17763;25.9;9.3
32;2021-04-24;1392;55;50607;17818;26.6;9.4
32;2021-04-25;0;11;50607;17829;26.6;9.4
32;2021-04-26;387;360;50994;18189;26.8;9.6
32;2021-04-27;2549;551;53543;18740;28.2;9.9
32;2021-04-28;970;354;54513;19094;28.7;10.0
32;2021-04-29;1010;885;55523;19979;29.2;10.5
32;2021-04-30;453;361;55976;20340;29.5;10.7
32;2021-05-01;2606;95;58582;20435;30.8;10.8
32;2021-05-02;0;0;58582;20435;30.8;10.8
32;2021-05-03;170;321;58752;20756;30.9;10.9
32;2021-05-04;793;2498;59545;23254;31.3;12.2
32;2021-05-05;2360;1096;61905;24350;32.6;12.8
32;2021-05-06;516;1662;62421;26012;32.8;13.7
32;2021-05-07;2285;539;64706;26551;34.0;14.0
32;2021-05-08;71;516;64777;27067;34.1;14.2
32;2021-05-09;21;179;64798;27246;34.1;14.3
32;2021-05-10;1990;550;66788;27796;35.1;14.6
32;2021-05-11;651;2275;67439;30071;35.5;15.8
32;2021-05-12;2312;1138;69751;31209;36.7;16.4
32;2021-05-13;281;1415;70032;32624;36.9;17.2
32;2021-05-14;2222;328;72254;32952;38.0;17.3
32;2021-05-15;134;712;72388;33664;38.1;17.7
32;2021-05-16;1;0;72389;33664;38.1;17.7
32;2021-05-17;353;170;72742;33834;38.3;17.8
32;2021-05-18;1642;297;74384;34131;39.1;18.0
32;2021-05-19;2472;274;76856;34405;40.4;18.1
32;2021-05-20;2887;470;79743;34875;42.0;18.4
32;2021-05-21;2533;499;82276;35374;43.3;18.6
32;2021-05-22;335;111;82611;35485;43.5;18.7
32;2021-05-23;2;13;82613;35498;43.5;18.7
32;2021-05-24;2;0;82615;35498;43.5;18.7
32;2021-05-25;1982;372;84597;35870;44.5;18.9
32;2021-05-26;2545;555;87142;36425;45.9;19.2
32;2021-05-27;2877;627;90019;37052;47.4;19.5
32;2021-05-28;2311;766;92330;37818;48.6;19.9
32;2021-05-29;372;311;92702;38129;48.8;20.1
32;2021-05-30;4;6;92706;38135;48.8;20.1
32;2021-05-31;1413;624;94119;38759;49.5;20.4
32;2021-06-01;564;2887;94683;41646;49.8;21.9
32;2021-06-02;1578;1354;96261;43000;50.7;22.6
32;2021-06-03;396;2086;96657;45086;50.9;23.7
32;2021-06-04;1837;831;98494;45917;51.8;24.2
32;2021-06-05;207;1663;98701;47580;51.9;25.0
32;2021-06-06;8;14;98709;47594;51.9;25.0
32;2021-06-07;103;418;98812;48012;52.0;25.3
32;2021-06-08;662;2540;99474;50552;52.3;26.6
32;2021-06-09;1191;1053;100665;51605;53.0;27.2
32;2021-06-10;683;1222;101348;52827;53.3;27.8
32;2021-06-11;927;663;102275;53490;53.8;28.1
32;2021-06-12;151;2679;102426;56169;53.9;29.6
32;2021-06-13;1;1;102427;56170;53.9;29.6
32;2021-06-14;529;209;102956;56379;54.2;29.7
32;2021-06-15;1731;1025;104687;57404;55.1;30.2
32;2021-06-16;850;2776;105537;60180;55.5;31.7
32;2021-06-17;860;828;106397;61008;56.0;32.1
32;2021-06-18;314;2723;106711;63731;56.2;33.5
32;2021-06-19;914;436;107625;64167;56.6;33.8
32;2021-06-20;5;13;107630;64180;56.6;33.8
32;2021-06-21;67;1994;107697;66174;56.7;34.8
32;2021-06-22;1042;966;108739;67140;57.2;35.3
32;2021-06-23;514;2182;109253;69322;57.5;36.5
32;2021-06-24;525;518;109778;69840;57.8;36.8
32;2021-06-25;500;2359;110278;72199;58.0;38.0
32;2021-06-26;108;171;110386;72370;58.1;38.1
32;2021-06-27;2;5;110388;72375;58.1;38.1
32;2021-06-28;628;602;111016;72977;58.4;38.4
32;2021-06-29;801;1984;111817;74961;58.8;39.4
32;2021-06-30;757;2723;112574;77684;59.2;40.9
32;2021-07-01;537;2639;113111;80323;59.5;42.3
32;2021-07-02;639;2336;113750;82659;59.9;43.5
32;2021-07-03;481;509;114231;83168;60.1;43.8
32;2021-07-04;1;12;114232;83180;60.1;43.8
32;2021-07-05;71;392;114303;83572;60.1;44.0
32;2021-07-06;873;2080;115176;85652;60.6;45.1
32;2021-07-07;778;2755;115954;88407;61.0;46.5
32;2021-07-08;475;2266;116429;90673;61.3;47.7
32;2021-07-09;613;2226;117042;92899;61.6;48.9
32;2021-07-10;536;521;117578;93420;61.9;49.2
32;2021-07-11;0;5;117578;93425;61.9;49.2
32;2021-07-12;525;1240;118103;94665;62.1;49.8
32;2021-07-13;1696;1815;119799;96480;63.0;50.8
32;2021-07-14;482;33;120281;96513;63.3;50.8
32;2021-07-15;2090;882;122371;97395;64.4;51.2
32;2021-07-16;1164;1909;123535;99304;65.0;52.3
32;2021-07-17;77;128;123612;99432;65.0;52.3
32;2021-07-18;2;5;123614;99437;65.0;52.3
32;2021-07-19;1993;144;125607;99581;66.1;52.4
32;2021-07-20;2026;1258;127633;100839;67.2;53.1
32;2021-07-21;1606;1684;129239;102523;68.0;53.9
32;2021-07-22;1942;496;131181;103019;69.0;54.2
32;2021-07-23;1401;1723;132582;104742;69.8;55.1
32;2021-07-24;138;119;132720;104861;69.8;55.2
32;2021-07-25;34;10;132754;104871;69.9;55.2
32;2021-07-26;1069;1063;133823;105934;70.4;55.7
32;2021-07-27;1716;2092;135539;108026;71.3;56.8
32;2021-07-28;687;975;136226;109001;71.7;57.4
32;2021-07-29;1680;1597;137906;110598;72.6;58.2
32;2021-07-30;358;349;138264;110947;72.8;58.4
32;2021-07-31;185;347;138449;111294;72.9;58.6
32;2021-08-01;17;4;138466;111298;72.9;58.6
32;2021-08-02;80;77;138546;111375;72.9;58.6
32;2021-08-03;1177;1787;139723;113162;73.5;59.5
32;2021-08-04;627;653;140350;113815;73.9;59.9
32;2021-08-05;1092;1931;141442;115746;74.4;60.9
32;2021-08-06;560;494;142002;116240;74.7;61.2
32;2021-08-07;145;89;142147;116329;74.8;61.2
32;2021-08-08;0;0;142147;116329;74.8;61.2
32;2021-08-09;263;1819;142410;118148;74.9;62.2
33;2020-12-27;2;0;2;0;0.0;0.0
33;2020-12-28;2;0;4;0;0.0;0.0
33;2020-12-29;0;0;4;0;0.0;0.0
33;2020-12-30;0;0;4;0;0.0;0.0
33;2020-12-31;0;0;4;0;0.0;0.0
33;2021-01-01;0;0;4;0;0.0;0.0
33;2021-01-02;1;0;5;0;0.0;0.0
33;2021-01-03;0;0;5;0;0.0;0.0
33;2021-01-04;1;0;6;0;0.0;0.0
33;2021-01-05;1;0;7;0;0.0;0.0
33;2021-01-06;134;0;141;0;0.0;0.0
33;2021-01-07;1307;1;1448;1;0.1;0.0
33;2021-01-08;1199;2;2647;3;0.2;0.0
33;2021-01-09;297;1;2944;4;0.2;0.0
33;2021-01-10;229;0;3173;4;0.2;0.0
33;2021-01-11;626;0;3799;4;0.2;0.0
33;2021-01-12;1416;2;5215;6;0.3;0.0
33;2021-01-13;1313;8;6528;14;0.4;0.0
33;2021-01-14;1280;13;7808;27;0.5;0.0
33;2021-01-15;1605;10;9413;37;0.6;0.0
33;2021-01-16;566;8;9979;45;0.6;0.0
33;2021-01-17;406;4;10385;49;0.6;0.0
33;2021-01-18;1212;11;11597;60;0.7;0.0
33;2021-01-19;2924;4;14521;64;0.9;0.0
33;2021-01-20;3396;9;17917;73;1.1;0.0
33;2021-01-21;2855;5;20772;78;1.3;0.0
33;2021-01-22;2322;8;23094;86;1.4;0.0
33;2021-01-23;848;0;23942;86;1.5;0.0
33;2021-01-24;526;2;24468;88;1.5;0.0
33;2021-01-25;2168;61;26636;149;1.6;0.0
33;2021-01-26;2231;162;28867;311;1.8;0.0
33;2021-01-27;2250;210;31117;521;1.9;0.0
33;2021-01-28;2153;442;33270;963;2.0;0.1
33;2021-01-29;1817;692;35087;1655;2.1;0.1
33;2021-01-30;702;174;35789;1829;2.2;0.1
33;2021-01-31;387;155;36176;1984;2.2;0.1
33;2021-02-01;1457;652;37633;2636;2.3;0.2
33;2021-02-02;2642;1107;40275;3743;2.5;0.2
33;2021-02-03;2909;866;43184;4609;2.6;0.3
33;2021-02-04;4030;1351;47214;5960;2.9;0.4
33;2021-02-05;2186;1165;49400;7125;3.0;0.4
33;2021-02-06;642;201;50042;7326;3.1;0.4
33;2021-02-07;218;232;50260;7558;3.1;0.5
33;2021-02-08;1260;760;51520;8318;3.2;0.5
33;2021-02-09;1324;1690;52844;10008;3.2;0.6
33;2021-02-10;1261;1753;54105;11761;3.3;0.7
33;2021-02-11;1293;1448;55398;13209;3.4;0.8
33;2021-02-12;1115;1260;56513;14469;3.5;0.9
33;2021-02-13;200;294;56713;14763;3.5;0.9
33;2021-02-14;44;246;56757;15009;3.5;0.9
33;2021-02-15;689;1731;57446;16740;3.5;1.0
33;2021-02-16;810;2053;58256;18793;3.6;1.2
33;2021-02-17;666;2047;58922;20840;3.6;1.3
33;2021-02-18;898;2264;59820;23104;3.7;1.4
33;2021-02-19;915;2023;60735;25127;3.7;1.5
33;2021-02-20;77;659;60812;25786;3.7;1.6
33;2021-02-21;37;464;60849;26250;3.7;1.6
33;2021-02-22;704;1892;61553;28142;3.8;1.7
33;2021-02-23;1235;2748;62788;30890;3.8;1.9
33;2021-02-24;1386;2532;64174;33422;3.9;2.0
33;2021-02-25;2828;3761;67002;37183;4.1;2.3
33;2021-02-26;4054;2330;71056;39513;4.4;2.4
33;2021-02-27;1359;726;72415;40239;4.4;2.5
33;2021-02-28;123;521;72538;40760;4.4;2.5
33;2021-03-01;1532;1851;74070;42611;4.5;2.6
33;2021-03-02;2324;1750;76394;44361;4.7;2.7
33;2021-03-03;2301;1707;78695;46068;4.8;2.8
33;2021-03-04;3932;1672;82627;47740;5.1;2.9
33;2021-03-05;5754;1748;88381;49488;5.4;3.0
33;2021-03-06;3412;556;91793;50044;5.6;3.1
33;2021-03-07;741;159;92534;50203;5.7;3.1
33;2021-03-08;2710;1154;95244;51357;5.8;3.1
33;2021-03-09;4396;1336;99640;52693;6.1;3.2
33;2021-03-10;5115;1237;104755;53930;6.4;3.3
33;2021-03-11;7537;1226;112292;55156;6.9;3.4
33;2021-03-12;10111;1160;122403;56316;7.5;3.4
33;2021-03-13;5150;206;127553;56522;7.8;3.5
33;2021-03-14;712;22;128265;56544;7.9;3.5
33;2021-03-15;4436;682;132701;57226;8.1;3.5
33;2021-03-16;3580;874;136281;58100;8.3;3.6
33;2021-03-17;3635;939;139916;59039;8.6;3.6
33;2021-03-18;4030;1405;143946;60444;8.8;3.7
33;2021-03-19;6267;1020;150213;61464;9.2;3.8
33;2021-03-20;3366;99;153579;61563;9.4;3.8
33;2021-03-21;460;28;154039;61591;9.4;3.8
33;2021-03-22;4898;444;158937;62035;9.7;3.8
33;2021-03-23;6314;604;165251;62639;10.1;3.8
33;2021-03-24;7074;530;172325;63169;10.5;3.9
33;2021-03-25;8835;651;181160;63820;11.1;3.9
33;2021-03-26;10033;847;191193;64667;11.7;4.0
33;2021-03-27;3618;82;194811;64749;11.9;4.0
33;2021-03-28;577;33;195388;64782;12.0;4.0
33;2021-03-29;6763;697;202151;65479;12.4;4.0
33;2021-03-30;8093;1037;210244;66516;12.9;4.1
33;2021-03-31;7575;1062;217819;67578;13.3;4.1
33;2021-04-01;8814;1186;226633;68764;13.9;4.2
33;2021-04-02;8401;1549;235034;70313;14.4;4.3
33;2021-04-03;2831;523;237865;70836;14.6;4.3
33;2021-04-04;216;160;238081;70996;14.6;4.3
33;2021-04-05;689;122;238770;71118;14.6;4.4
33;2021-04-06;6051;2701;244821;73819;15.0;4.5
33;2021-04-07;7416;2563;252237;76382;15.4;4.7
33;2021-04-08;10318;2774;262555;79156;16.1;4.8
33;2021-04-09;12682;3084;275237;82240;16.9;5.0
33;2021-04-10;5348;1394;280585;83634;17.2;5.1
33;2021-04-11;1001;354;281586;83988;17.2;5.1
33;2021-04-12;7421;3278;289007;87266;17.7;5.3
33;2021-04-13;9312;3474;298319;90740;18.3;5.6
33;2021-04-14;9034;3641;307353;94381;18.8;5.8
33;2021-04-15;10095;3866;317448;98247;19.4;6.0
33;2021-04-16;9714;4232;327162;102479;20.0;6.3
33;2021-04-17;4652;1658;331814;104137;20.3;6.4
33;2021-04-18;929;414;332743;104551;20.4;6.4
33;2021-04-19;5613;3841;338356;108392;20.7;6.6
33;2021-04-20;7289;4256;345645;112648;21.2;6.9
33;2021-04-21;6593;4348;352238;116996;21.6;7.2
33;2021-04-22;7344;4471;359582;121467;22.0;7.4
33;2021-04-23;7695;4802;367277;126269;22.5;7.7
33;2021-04-24;4498;1801;371775;128070;22.8;7.8
33;2021-04-25;1651;418;373426;128488;22.9;7.9
33;2021-04-26;5259;5082;378685;133570;23.2;8.2
33;2021-04-27;6575;5598;385260;139168;23.6;8.5
33;2021-04-28;6774;5566;392034;144734;24.0;8.9
33;2021-04-29;8416;6224;400450;150958;24.5;9.2
33;2021-04-30;8737;6142;409187;157100;25.1;9.6
33;2021-05-01;2900;513;412087;157613;25.2;9.6
33;2021-05-02;1834;345;413921;157958;25.3;9.7
33;2021-05-03;7012;5221;420933;163179;25.8;10.0
33;2021-05-04;6826;6666;427759;169845;26.2;10.4
33;2021-05-05;7137;7570;434896;177415;26.6;10.9
33;2021-05-06;8706;8241;443602;185656;27.2;11.4
33;2021-05-07;8606;8909;452208;194565;27.7;11.9
33;2021-05-08;3541;1597;455749;196162;27.9;12.0
33;2021-05-09;1116;968;456865;197130;28.0;12.1
33;2021-05-10;6874;7290;463739;204420;28.4;12.5
33;2021-05-11;8639;7820;472378;212240;28.9;13.0
33;2021-05-12;9168;6694;481546;218934;29.5;13.4
33;2021-05-13;5207;2109;486753;221043;29.8;13.5
33;2021-05-14;8131;5362;494884;226405;30.3;13.9
33;2021-05-15;5176;2876;500060;229281;30.6;14.0
33;2021-05-16;1840;804;501900;230085;30.7;14.1
33;2021-05-17;8857;5095;510757;235180;31.3;14.4
33;2021-05-18;10610;4875;521367;240055;31.9;14.7
33;2021-05-19;10904;4782;532271;244837;32.6;15.0
33;2021-05-20;10905;5586;543176;250423;33.3;15.3
33;2021-05-21;10916;6258;554092;256681;33.9;15.7
33;2021-05-22;5115;2750;559207;259431;34.2;15.9
33;2021-05-23;1746;383;560953;259814;34.3;15.9
33;2021-05-24;5409;996;566362;260810;34.7;16.0
33;2021-05-25;9384;5767;575746;266577;35.2;16.3
33;2021-05-26;9679;6028;585425;272605;35.8;16.7
33;2021-05-27;10905;7721;596330;280326;36.5;17.2
33;2021-05-28;10066;9537;606396;289863;37.1;17.7
33;2021-05-29;5040;4111;611436;293974;37.4;18.0
33;2021-05-30;1701;665;613137;294639;37.5;18.0
33;2021-05-31;8554;6426;621691;301065;38.1;18.4
33;2021-06-01;11801;8723;633492;309788;38.8;19.0
33;2021-06-02;11711;8223;645203;318011;39.5;19.5
33;2021-06-03;12706;9194;657909;327205;40.3;20.0
33;2021-06-04;12930;10953;670839;338158;41.1;20.7
33;2021-06-05;5273;5064;676112;343222;41.4;21.0
33;2021-06-06;2523;1191;678635;344413;41.5;21.1
33;2021-06-07;9760;8491;688395;352904;42.1;21.6
33;2021-06-08;11933;9458;700328;362362;42.9;22.2
33;2021-06-09;11770;8535;712098;370897;43.6;22.7
33;2021-06-10;12948;8387;725046;379284;44.4;23.2
33;2021-06-11;12514;11182;737560;390466;45.2;23.9
33;2021-06-12;6186;4476;743746;394942;45.5;24.2
33;2021-06-13;2613;1282;746359;396224;45.7;24.3
33;2021-06-14;8577;10149;754936;406373;46.2;24.9
33;2021-06-15;12053;10268;766989;416641;47.0;25.5
33;2021-06-16;12044;8863;779033;425504;47.7;26.0
33;2021-06-17;13068;9616;792101;435120;48.5;26.6
33;2021-06-18;11789;11437;803890;446557;49.2;27.3
33;2021-06-19;5609;4815;809499;451372;49.6;27.6
33;2021-06-20;2943;1474;812442;452846;49.7;27.7
33;2021-06-21;7860;10161;820302;463007;50.2;28.3
33;2021-06-22;9043;11088;829345;474095;50.8;29.0
33;2021-06-23;8642;10844;837987;484939;51.3;29.7
33;2021-06-24;9726;9980;847713;494919;51.9;30.3
33;2021-06-25;8028;13709;855741;508628;52.4;31.1
33;2021-06-26;4339;5918;860080;514546;52.7;31.5
33;2021-06-27;2468;1960;862548;516506;52.8;31.6
33;2021-06-28;4870;12774;867418;529280;53.1;32.4
33;2021-06-29;6430;13646;873848;542926;53.5;33.2
33;2021-06-30;6663;13383;880511;556309;53.9;34.1
33;2021-07-01;8009;11807;888520;568116;54.4;34.8
33;2021-07-02;6786;15111;895306;583227;54.8;35.7
33;2021-07-03;3182;6774;898488;590001;55.0;36.1
33;2021-07-04;2065;2379;900553;592380;55.1;36.3
33;2021-07-05;4358;12910;904911;605290;55.4;37.1
33;2021-07-06;6108;14596;911019;619886;55.8;37.9
33;2021-07-07;6707;13049;917726;632935;56.2;38.7
33;2021-07-08;7904;12743;925630;645678;56.7;39.5
33;2021-07-09;6344;15099;931974;660777;57.1;40.5
33;2021-07-10;3085;7154;935059;667931;57.2;40.9
33;2021-07-11;1841;2299;936900;670230;57.4;41.0
33;2021-07-12;3900;14707;940800;684937;57.6;41.9
33;2021-07-13;7100;16116;947900;701053;58.0;42.9
33;2021-07-14;3664;5317;951564;706370;58.3;43.2
33;2021-07-15;7532;15969;959096;722339;58.7;44.2
33;2021-07-16;8506;15149;967602;737488;59.2;45.1
33;2021-07-17;3098;6433;970700;743921;59.4;45.5
33;2021-07-18;1683;3204;972383;747125;59.5;45.7
33;2021-07-19;5786;15106;978169;762231;59.9;46.7
33;2021-07-20;7363;16135;985532;778366;60.3;47.7
33;2021-07-21;8297;14540;993829;792906;60.8;48.5
33;2021-07-22;9288;15111;1003117;808017;61.4;49.5
33;2021-07-23;9568;16354;1012685;824371;62.0;50.5
33;2021-07-24;3792;7550;1016477;831921;62.2;50.9
33;2021-07-25;2079;2658;1018556;834579;62.4;51.1
33;2021-07-26;6884;13410;1025440;847989;62.8;51.9
33;2021-07-27;9965;13391;1035405;861380;63.4;52.7
33;2021-07-28;10845;11954;1046250;873334;64.1;53.5
33;2021-07-29;11589;11882;1057839;885216;64.8;54.2
33;2021-07-30;11303;12195;1069142;897411;65.5;54.9
33;2021-07-31;4705;5634;1073847;903045;65.7;55.3
33;2021-08-01;2466;1944;1076313;904989;65.9;55.4
33;2021-08-02;8306;9872;1084619;914861;66.4;56.0
33;2021-08-03;11423;8996;1096042;923857;67.1;56.6
33;2021-08-04;11796;7322;1107838;931179;67.8;57.0
33;2021-08-05;11818;7990;1119656;939169;68.5;57.5
33;2021-08-06;11094;9016;1130750;948185;69.2;58.0
33;2021-08-07;5868;4488;1136618;952673;69.6;58.3
33;2021-08-08;3182;1812;1139800;954485;69.8;58.4
33;2021-08-09;8534;8695;1148334;963180;70.3;59.0
34;2020-12-27;1;0;1;0;0.0;0.0
34;2020-12-28;1;0;2;0;0.0;0.0
34;2020-12-29;0;0;2;0;0.0;0.0
34;2020-12-30;0;0;2;0;0.0;0.0
34;2020-12-31;0;0;2;0;0.0;0.0
34;2021-01-01;1;0;3;0;0.0;0.0
34;2021-01-02;2;0;5;0;0.0;0.0
34;2021-01-03;0;0;5;0;0.0;0.0
34;2021-01-04;21;0;26;0;0.0;0.0
34;2021-01-05;106;2;132;2;0.0;0.0
34;2021-01-06;198;1;330;3;0.0;0.0
34;2021-01-07;364;0;694;3;0.1;0.0
34;2021-01-08;606;0;1300;3;0.1;0.0
34;2021-01-09;244;0;1544;3;0.1;0.0
34;2021-01-10;93;1;1637;4;0.1;0.0
34;2021-01-11;560;1;2197;5;0.2;0.0
34;2021-01-12;1006;1;3203;6;0.3;0.0
34;2021-01-13;1098;6;4301;12;0.4;0.0
34;2021-01-14;1953;13;6254;25;0.5;0.0
34;2021-01-15;1468;5;7722;30;0.7;0.0
34;2021-01-16;331;7;8053;37;0.7;0.0
34;2021-01-17;233;1;8286;38;0.7;0.0
34;2021-01-18;1124;4;9410;42;0.8;0.0
34;2021-01-19;1610;7;11020;49;0.9;0.0
34;2021-01-20;2061;8;13081;57;1.1;0.0
34;2021-01-21;4209;10;17290;67;1.5;0.0
34;2021-01-22;2549;8;19839;75;1.7;0.0
34;2021-01-23;598;1;20437;76;1.7;0.0
34;2021-01-24;2;0;20439;76;1.7;0.0
34;2021-01-25;1242;5;21681;81;1.8;0.0
34;2021-01-26;1458;21;23139;102;2.0;0.0
34;2021-01-27;1466;23;24605;125;2.1;0.0
34;2021-01-28;1392;124;25997;249;2.2;0.0
34;2021-01-29;1258;138;27255;387;2.3;0.0
34;2021-01-30;479;25;27734;412;2.4;0.0
34;2021-01-31;4;0;27738;412;2.4;0.0
34;2021-02-01;1028;251;28766;663;2.4;0.1
34;2021-02-02;1458;444;30224;1107;2.6;0.1
34;2021-02-03;2652;526;32876;1633;2.8;0.1
34;2021-02-04;2304;886;35180;2519;3.0;0.2
34;2021-02-05;1888;1184;37068;3703;3.2;0.3
34;2021-02-06;491;241;37559;3944;3.2;0.3
34;2021-02-07;31;108;37590;4052;3.2;0.3
34;2021-02-08;860;1066;38450;5118;3.3;0.4
34;2021-02-09;1031;1312;39481;6430;3.4;0.5
34;2021-02-10;1290;1510;40771;7940;3.5;0.7
34;2021-02-11;1782;2711;42553;10651;3.6;0.9
34;2021-02-12;1919;1648;44472;12299;3.8;1.0
34;2021-02-13;353;514;44825;12813;3.8;1.1
34;2021-02-14;21;287;44846;13100;3.8;1.1
34;2021-02-15;671;1214;45517;14314;3.9;1.2
34;2021-02-16;666;1533;46183;15847;3.9;1.3
34;2021-02-17;711;1528;46894;17375;4.0;1.5
34;2021-02-18;837;1500;47731;18875;4.1;1.6
34;2021-02-19;817;1229;48548;20104;4.1;1.7
34;2021-02-20;301;485;48849;20589;4.2;1.8
34;2021-02-21;64;18;48913;20607;4.2;1.8
34;2021-02-22;629;1314;49542;21921;4.2;1.9
34;2021-02-23;561;1484;50103;23405;4.3;2.0
34;2021-02-24;936;2340;51039;25745;4.3;2.2
34;2021-02-25;1605;2282;52644;28027;4.5;2.4
34;2021-02-26;1849;1624;54493;29651;4.6;2.5
34;2021-02-27;701;435;55194;30086;4.7;2.6
34;2021-02-28;86;64;55280;30150;4.7;2.6
34;2021-03-01;928;1164;56208;31314;4.8;2.7
34;2021-03-02;1589;1285;57797;32599;4.9;2.8
34;2021-03-03;1831;1414;59628;34013;5.1;2.9
34;2021-03-04;2858;1622;62486;35635;5.3;3.0
34;2021-03-05;3685;1544;66171;37179;5.6;3.2
34;2021-03-06;2642;206;68813;37385;5.9;3.2
34;2021-03-07;1242;78;70055;37463;6.0;3.2
34;2021-03-08;2779;1016;72834;38479;6.2;3.3
34;2021-03-09;4012;1455;76846;39934;6.5;3.4
34;2021-03-10;3991;1333;80837;41267;6.9;3.5
34;2021-03-11;5429;1294;86266;42561;7.3;3.6
34;2021-03-12;6491;920;92757;43481;7.9;3.7
34;2021-03-13;3134;177;95891;43658;8.2;3.7
34;2021-03-14;1001;54;96892;43712;8.2;3.7
34;2021-03-15;3298;563;100190;44275;8.5;3.8
34;2021-03-16;2912;659;103102;44934;8.8;3.8
34;2021-03-17;3303;732;106405;45666;9.0;3.9
34;2021-03-18;3445;913;109850;46579;9.3;4.0
34;2021-03-19;4690;790;114540;47369;9.7;4.0
34;2021-03-20;3139;61;117679;47430;10.0;4.0
34;2021-03-21;1993;56;119672;47486;10.2;4.0
34;2021-03-22;3682;465;123354;47951;10.5;4.1
34;2021-03-23;4956;535;128310;48486;10.9;4.1
34;2021-03-24;5213;641;133523;49127;11.4;4.2
34;2021-03-25;7197;711;140720;49838;12.0;4.2
34;2021-03-26;7167;568;147887;50406;12.6;4.3
34;2021-03-27;2369;77;150256;50483;12.8;4.3
34;2021-03-28;698;15;150954;50498;12.8;4.3
34;2021-03-29;4179;757;155133;51255;13.2;4.4
34;2021-03-30;5217;967;160350;52222;13.6;4.4
34;2021-03-31;5064;1195;165414;53417;14.1;4.5
34;2021-04-01;7029;1025;172443;54442;14.7;4.6
34;2021-04-02;5817;1176;178260;55618;15.2;4.7
34;2021-04-03;1137;85;179397;55703;15.3;4.7
34;2021-04-04;164;5;179561;55708;15.3;4.7
34;2021-04-05;432;26;179993;55734;15.3;4.7
34;2021-04-06;3132;2457;183125;58191;15.6;4.9
34;2021-04-07;3384;2641;186509;60832;15.9;5.2
34;2021-04-08;5248;2819;191757;63651;16.3;5.4
34;2021-04-09;8069;2484;199826;66135;17.0;5.6
34;2021-04-10;3165;1366;202991;67501;17.3;5.7
34;2021-04-11;1713;804;204704;68305;17.4;5.8
34;2021-04-12;4482;2522;209186;70827;17.8;6.0
34;2021-04-13;5237;3055;214423;73882;18.2;6.3
34;2021-04-14;5616;3228;220039;77110;18.7;6.6
34;2021-04-15;6991;3163;227030;80273;19.3;6.8
34;2021-04-16;6570;3158;233600;83431;19.9;7.1
34;2021-04-17;2375;2066;235975;85497;20.1;7.3
34;2021-04-18;988;1718;236963;87215;20.1;7.4
34;2021-04-19;3418;3127;240381;90342;20.4;7.7
34;2021-04-20;3763;3668;244144;94010;20.8;8.0
34;2021-04-21;4242;3719;248386;97729;21.1;8.3
34;2021-04-22;4482;4613;252868;102342;21.5;8.7
34;2021-04-23;5367;3520;258235;105862;22.0;9.0
34;2021-04-24;3163;1576;261398;107438;22.2;9.1
34;2021-04-25;1919;644;263317;108082;22.4;9.2
34;2021-04-26;4217;3476;267534;111558;22.7;9.5
34;2021-04-27;5124;4017;272658;115575;23.2;9.8
34;2021-04-28;5763;3547;278421;119122;23.7;10.1
34;2021-04-29;6420;3942;284841;123064;24.2;10.5
34;2021-04-30;7868;3293;292709;126357;24.9;10.7
34;2021-05-01;2401;501;295110;126858;25.1;10.8
34;2021-05-02;3258;320;298368;127178;25.4;10.8
34;2021-05-03;6572;2893;304940;130071;25.9;11.1
34;2021-05-04;7112;3797;312052;133868;26.5;11.4
34;2021-05-05;6499;4532;318551;138400;27.1;11.8
34;2021-05-06;6944;5210;325495;143610;27.7;12.2
34;2021-05-07;6923;5677;332418;149287;28.3;12.7
34;2021-05-08;3606;1167;336024;150454;28.6;12.8
34;2021-05-09;2179;1287;338203;151741;28.8;12.9
34;2021-05-10;5862;4800;344065;156541;29.3;13.3
34;2021-05-11;7414;5323;351479;161864;29.9;13.8
34;2021-05-12;7749;4465;359228;166329;30.5;14.1
34;2021-05-13;6120;777;365348;167106;31.1;14.2
34;2021-05-14;7483;3733;372831;170839;31.7;14.5
34;2021-05-15;4865;1691;377696;172530;32.1;14.7
34;2021-05-16;4948;458;382644;172988;32.5;14.7
34;2021-05-17;8691;1985;391335;174973;33.3;14.9
34;2021-05-18;9136;1968;400471;176941;34.0;15.0
34;2021-05-19;8626;1804;409097;178745;34.8;15.2
34;2021-05-20;8868;2505;417965;181250;35.5;15.4
34;2021-05-21;8781;3220;426746;184470;36.3;15.7
34;2021-05-22;5787;1147;432533;185617;36.8;15.8
34;2021-05-23;3881;546;436414;186163;37.1;15.8
34;2021-05-24;1897;852;438311;187015;37.3;15.9
34;2021-05-25;7139;3814;445450;190829;37.9;16.2
34;2021-05-26;8320;3024;453770;193853;38.6;16.5
34;2021-05-27;8317;4298;462087;198151;39.3;16.8
34;2021-05-28;8048;5443;470135;203594;40.0;17.3
34;2021-05-29;4004;3109;474139;206703;40.3;17.6
34;2021-05-30;1986;1394;476125;208097;40.5;17.7
34;2021-05-31;5878;5251;482003;213348;41.0;18.1
34;2021-06-01;6945;6109;488948;219457;41.6;18.7
34;2021-06-02;6130;5810;495078;225267;42.1;19.2
34;2021-06-03;7709;6495;502787;231762;42.7;19.7
34;2021-06-04;7658;7591;510445;239353;43.4;20.4
34;2021-06-05;4138;3675;514583;243028;43.8;20.7
34;2021-06-06;3268;1867;517851;244895;44.0;20.8
34;2021-06-07;4419;6761;522270;251656;44.4;21.4
34;2021-06-08;5857;6818;528127;258474;44.9;22.0
34;2021-06-09;5824;6830;533951;265304;45.4;22.6
34;2021-06-10;6313;6868;540264;272172;45.9;23.1
34;2021-06-11;5396;9274;545660;281446;46.4;23.9
34;2021-06-12;3169;4724;548829;286170;46.7;24.3
34;2021-06-13;1079;1907;549908;288077;46.8;24.5
34;2021-06-14;3443;7820;553351;295897;47.0;25.2
34;2021-06-15;3950;8789;557301;304686;47.4;25.9
34;2021-06-16;4606;7853;561907;312539;47.8;26.6
34;2021-06-17;4212;7954;566119;320493;48.1;27.2
34;2021-06-18;4343;9327;570462;329820;48.5;28.0
34;2021-06-19;2735;4406;573197;334226;48.7;28.4
34;2021-06-20;887;2871;574084;337097;48.8;28.7
34;2021-06-21;2173;8557;576257;345654;49.0;29.4
34;2021-06-22;2970;9412;579227;355066;49.2;30.2
34;2021-06-23;3513;8973;582740;364039;49.5;31.0
34;2021-06-24;3547;8678;586287;372717;49.8;31.7
34;2021-06-25;3363;10431;589650;383148;50.1;32.6
34;2021-06-26;1641;6189;591291;389337;50.3;33.1
34;2021-06-27;306;4271;591597;393608;50.3;33.5
34;2021-06-28;2260;9432;593857;403040;50.5;34.3
34;2021-06-29;2673;10289;596530;413329;50.7;35.1
34;2021-06-30;3271;9549;599801;422878;51.0;36.0
34;2021-07-01;3421;9436;603222;432314;51.3;36.8
34;2021-07-02;3354;9735;606576;442049;51.6;37.6
34;2021-07-03;1669;6160;608245;448209;51.7;38.1
34;2021-07-04;310;2765;608555;450974;51.7;38.3
34;2021-07-05;3193;7997;611748;458971;52.0;39.0
34;2021-07-06;3425;9171;615173;468142;52.3;39.8
34;2021-07-07;3239;8636;618412;476778;52.6;40.5
34;2021-07-08;4254;8846;622666;485624;52.9;41.3
34;2021-07-09;3910;9328;626576;494952;53.3;42.1
34;2021-07-10;2118;5714;628694;500666;53.5;42.6
34;2021-07-11;921;2577;629615;503243;53.5;42.8
34;2021-07-12;2841;8969;632456;512212;53.8;43.6
34;2021-07-13;4539;10024;636995;522236;54.2;44.4
34;2021-07-14;738;347;637733;522583;54.2;44.4
34;2021-07-15;5787;10370;643520;532953;54.7;45.3
34;2021-07-16;5731;10695;649251;543648;55.2;46.2
34;2021-07-17;4453;4393;653704;548041;55.6;46.6
34;2021-07-18;227;197;653931;548238;55.6;46.6
34;2021-07-19;5046;8306;658977;556544;56.0;47.3
34;2021-07-20;6750;8364;665727;564908;56.6;48.0
34;2021-07-21;7480;7770;673207;572678;57.2;48.7
34;2021-07-22;7352;8136;680559;580814;57.9;49.4
34;2021-07-23;7734;8110;688293;588924;58.5;50.1
34;2021-07-24;5973;3014;694266;591938;59.0;50.3
34;2021-07-25;3192;529;697458;592467;59.3;50.4
34;2021-07-26;6198;6409;703656;598876;59.8;50.9
34;2021-07-27;8329;5989;711985;604865;60.5;51.4
34;2021-07-28;9174;5855;721159;610720;61.3;51.9
34;2021-07-29;11233;5973;732392;616693;62.3;52.4
34;2021-07-30;9719;6469;742111;623162;63.1;53.0
34;2021-07-31;6388;2150;748499;625312;63.6;53.2
34;2021-08-01;3250;586;751749;625898;63.9;53.2
34;2021-08-02;7278;4998;759027;630896;64.5;53.6
34;2021-08-03;8035;5331;767062;636227;65.2;54.1
34;2021-08-04;8237;4510;775299;640737;65.9;54.5
34;2021-08-05;7031;4959;782330;645696;66.5;54.9
34;2021-08-06;5819;5165;788149;650861;67.0;55.3
34;2021-08-07;3048;2409;791197;653270;67.3;55.5
34;2021-08-08;157;171;791354;653441;67.3;55.6
34;2021-08-09;4677;6110;796031;659551;67.7;56.1
35;2020-12-27;0;0;0;0;0.0;0.0
35;2020-12-28;0;0;0;0;0.0;0.0
35;2020-12-29;2;0;2;0;0.0;0.0
35;2020-12-30;0;0;2;0;0.0;0.0
35;2020-12-31;1;0;3;0;0.0;0.0
35;2021-01-01;3;0;6;0;0.0;0.0
35;2021-01-02;0;0;6;0;0.0;0.0
35;2021-01-03;0;0;6;0;0.0;0.0
35;2021-01-04;10;0;16;0;0.0;0.0
35;2021-01-05;109;0;125;0;0.0;0.0
35;2021-01-06;175;0;300;0;0.0;0.0
35;2021-01-07;439;1;739;1;0.1;0.0
35;2021-01-08;513;1;1252;2;0.1;0.0
35;2021-01-09;31;0;1283;2;0.1;0.0
35;2021-01-10;1;0;1284;2;0.1;0.0
35;2021-01-11;538;0;1822;2;0.2;0.0
35;2021-01-12;885;2;2707;4;0.3;0.0
35;2021-01-13;967;1;3674;5;0.3;0.0
35;2021-01-14;1259;18;4933;23;0.5;0.0
35;2021-01-15;728;2;5661;25;0.5;0.0
35;2021-01-16;188;2;5849;27;0.5;0.0
35;2021-01-17;43;0;5892;27;0.5;0.0
35;2021-01-18;1222;2;7114;29;0.7;0.0
35;2021-01-19;5372;13;12486;42;1.2;0.0
35;2021-01-20;3204;7;15690;49;1.4;0.0
35;2021-01-21;3631;5;19321;54;1.8;0.0
35;2021-01-22;2089;10;21410;64;2.0;0.0
35;2021-01-23;421;1;21831;65;2.0;0.0
35;2021-01-24;50;0;21881;65;2.0;0.0
35;2021-01-25;914;17;22795;82;2.1;0.0
35;2021-01-26;1127;139;23922;221;2.2;0.0
35;2021-01-27;1030;128;24952;349;2.3;0.0
35;2021-01-28;914;299;25866;648;2.4;0.1
35;2021-01-29;724;292;26590;940;2.5;0.1
35;2021-01-30;139;20;26729;960;2.5;0.1
35;2021-01-31;0;0;26729;960;2.5;0.1
35;2021-02-01;667;335;27396;1295;2.5;0.1
35;2021-02-02;725;488;28121;1783;2.6;0.2
35;2021-02-03;659;506;28780;2289;2.7;0.2
35;2021-02-04;589;657;29369;2946;2.7;0.3
35;2021-02-05;624;564;29993;3510;2.8;0.3
35;2021-02-06;169;5;30162;3515;2.8;0.3
35;2021-02-07;1;0;30163;3515;2.8;0.3
35;2021-02-08;447;658;30610;4173;2.8;0.4
35;2021-02-09;1714;3554;32324;7727;3.0;0.7
35;2021-02-10;1367;2707;33691;10434;3.1;1.0
35;2021-02-11;1927;3226;35618;13660;3.3;1.3
35;2021-02-12;1642;1740;37260;15400;3.4;1.4
35;2021-02-13;57;254;37317;15654;3.4;1.4
35;2021-02-14;7;68;37324;15722;3.4;1.5
35;2021-02-15;771;1103;38095;16825;3.5;1.6
35;2021-02-16;919;1026;39014;17851;3.6;1.6
35;2021-02-17;889;1099;39903;18950;3.7;1.8
35;2021-02-18;1015;1001;40918;19951;3.8;1.8
35;2021-02-19;1011;972;41929;20923;3.9;1.9
35;2021-02-20;143;49;42072;20972;3.9;1.9
35;2021-02-21;5;0;42077;20972;3.9;1.9
35;2021-02-22;775;833;42852;21805;4.0;2.0
35;2021-02-23;1287;867;44139;22672;4.1;2.1
35;2021-02-24;1403;818;45542;23490;4.2;2.2
35;2021-02-25;2245;780;47787;24270;4.4;2.2
35;2021-02-26;2599;733;50386;25003;4.7;2.3
35;2021-02-27;869;103;51255;25106;4.7;2.3
35;2021-02-28;9;0;51264;25106;4.7;2.3
35;2021-03-01;961;694;52225;25800;4.8;2.4
35;2021-03-02;1633;1996;53858;27796;5.0;2.6
35;2021-03-03;1907;967;55765;28763;5.2;2.7
35;2021-03-04;2917;1411;58682;30174;5.4;2.8
35;2021-03-05;3711;1334;62393;31508;5.8;2.9
35;2021-03-06;1340;87;63733;31595;5.9;2.9
35;2021-03-07;1;40;63734;31635;5.9;2.9
35;2021-03-08;1470;586;65204;32221;6.0;3.0
35;2021-03-09;3232;601;68436;32822;6.3;3.0
35;2021-03-10;2901;562;71337;33384;6.6;3.1
35;2021-03-11;4193;713;75530;34097;7.0;3.2
35;2021-03-12;6046;597;81576;34694;7.5;3.2
35;2021-03-13;2424;133;84000;34827;7.8;3.2
35;2021-03-14;18;25;84018;34852;7.8;3.2
35;2021-03-15;1964;667;85982;35519;7.9;3.3
35;2021-03-16;2501;728;88483;36247;8.2;3.3
35;2021-03-17;2389;604;90872;36851;8.4;3.4
35;2021-03-18;2332;596;93204;37447;8.6;3.5
35;2021-03-19;3542;500;96746;37947;8.9;3.5
35;2021-03-20;1537;111;98283;38058;9.1;3.5
35;2021-03-21;36;1;98319;38059;9.1;3.5
35;2021-03-22;1750;844;100069;38903;9.2;3.6
35;2021-03-23;3624;1181;103693;40084;9.6;3.7
35;2021-03-24;3728;989;107421;41073;9.9;3.8
35;2021-03-25;5331;990;112752;42063;10.4;3.9
35;2021-03-26;5844;812;118596;42875;11.0;4.0
35;2021-03-27;1414;207;120010;43082;11.1;4.0
35;2021-03-28;4;0;120014;43082;11.1;4.0
35;2021-03-29;2780;910;122794;43992;11.3;4.1
35;2021-03-30;4291;1329;127085;45321;11.7;4.2
35;2021-03-31;3468;1340;130553;46661;12.1;4.3
35;2021-04-01;4250;1229;134803;47890;12.5;4.4
35;2021-04-02;4862;1209;139665;49099;12.9;4.5
35;2021-04-03;763;214;140428;49313;13.0;4.6
35;2021-04-04;5;0;140433;49313;13.0;4.6
35;2021-04-05;19;1;140452;49314;13.0;4.6
35;2021-04-06;3272;2040;143724;51354;13.3;4.7
35;2021-04-07;3960;1843;147684;53197;13.6;4.9
35;2021-04-08;5804;1587;153488;54784;14.2;5.1
35;2021-04-09;7426;1413;160914;56197;14.9;5.2
35;2021-04-10;1860;248;162774;56445;15.0;5.2
35;2021-04-11;35;23;162809;56468;15.0;5.2
35;2021-04-12;5137;1600;167946;58068;15.5;5.4
35;2021-04-13;7614;2784;175560;60852;16.2;5.6
35;2021-04-14;6318;2298;181878;63150;16.8;5.8
35;2021-04-15;7561;2164;189439;65314;17.5;6.0
35;2021-04-16;8078;1754;197517;67068;18.3;6.2
35;2021-04-17;1570;221;199087;67289;18.4;6.2
35;2021-04-18;10;4;199097;67293;18.4;6.2
35;2021-04-19;4815;1670;203912;68963;18.8;6.4
35;2021-04-20;5157;2637;209069;71600;19.3;6.6
35;2021-04-21;5128;2201;214197;73801;19.8;6.8
35;2021-04-22;6424;2320;220621;76121;20.4;7.0
35;2021-04-23;6818;2352;227439;78473;21.0;7.3
35;2021-04-24;1130;261;228569;78734;21.1;7.3
35;2021-04-25;7;16;228576;78750;21.1;7.3
35;2021-04-26;5097;2152;233673;80902;21.6;7.5
35;2021-04-27;6086;3205;239759;84107;22.2;7.8
35;2021-04-28;6171;2561;245930;86668;22.7;8.0
35;2021-04-29;7116;2753;253046;89421;23.4;8.3
35;2021-04-30;7558;2534;260604;91955;24.1;8.5
35;2021-05-01;617;239;261221;92194;24.1;8.5
35;2021-05-02;14;21;261235;92215;24.1;8.5
35;2021-05-03;5307;2331;266542;94546;24.6;8.7
35;2021-05-04;5080;5341;271622;99887;25.1;9.2
35;2021-05-05;4881;4440;276503;104327;25.6;9.6
35;2021-05-06;6168;5269;282671;109596;26.1;10.1
35;2021-05-07;5620;5256;288291;114852;26.6;10.6
35;2021-05-08;1720;136;290011;114988;26.8;10.6
35;2021-05-09;696;75;290707;115063;26.9;10.6
35;2021-05-10;3724;4961;294431;120024;27.2;11.1
35;2021-05-11;4774;5800;299205;125824;27.7;11.6
35;2021-05-12;5284;5496;304489;131320;28.1;12.1
35;2021-05-13;2698;1429;307187;132749;28.4;12.3
35;2021-05-14;5457;4284;312644;137033;28.9;12.7
35;2021-05-15;2929;716;315573;137749;29.2;12.7
35;2021-05-16;996;61;316569;137810;29.3;12.7
35;2021-05-17;4476;3884;321045;141694;29.7;13.1
35;2021-05-18;5834;4320;326879;146014;30.2;13.5
35;2021-05-19;5864;3623;332743;149637;30.8;13.8
35;2021-05-20;6445;4007;339188;153644;31.3;14.2
35;2021-05-21;6140;4766;345328;158410;31.9;14.6
35;2021-05-22;2115;739;347443;159149;32.1;14.7
35;2021-05-23;689;46;348132;159195;32.2;14.7
35;2021-05-24;3205;1295;351337;160490;32.5;14.8
35;2021-05-25;5542;4274;356879;164764;33.0;15.2
35;2021-05-26;5725;4168;362604;168932;33.5;15.6
35;2021-05-27;6523;4778;369127;173710;34.1;16.1
35;2021-05-28;6330;5577;375457;179287;34.7;16.6
35;2021-05-29;2875;1148;378332;180435;35.0;16.7
35;2021-05-30;876;39;379208;180474;35.0;16.7
35;2021-05-31;6311;4388;385519;184862;35.6;17.1
35;2021-06-01;7367;5121;392886;189983;36.3;17.6
35;2021-06-02;7217;3793;400103;193776;37.0;17.9
35;2021-06-03;8154;4993;408257;198769;37.7;18.4
35;2021-06-04;7273;7462;415530;206231;38.4;19.1
35;2021-06-05;4139;1580;419669;207811;38.8;19.2
35;2021-06-06;3054;148;422723;207959;39.1;19.2
35;2021-06-07;5776;5772;428499;213731;39.6;19.8
35;2021-06-08;7595;5952;436094;219683;40.3;20.3
35;2021-06-09;8463;4822;444557;224505;41.1;20.7
35;2021-06-10;9343;4745;453900;229250;41.9;21.2
35;2021-06-11;8634;7475;462534;236725;42.7;21.9
35;2021-06-12;4687;1206;467221;237931;43.2;22.0
35;2021-06-13;3386;223;470607;238154;43.5;22.0
35;2021-06-14;6230;6516;476837;244670;44.1;22.6
35;2021-06-15;7505;6960;484342;251630;44.8;23.3
35;2021-06-16;8315;5626;492657;257256;45.5;23.8
35;2021-06-17;8890;5901;501547;263157;46.4;24.3
35;2021-06-18;8718;8102;510265;271259;47.2;25.1
35;2021-06-19;1500;2508;511765;273767;47.3;25.3
35;2021-06-20;2955;885;514720;274652;47.6;25.4
35;2021-06-21;5929;6374;520649;281026;48.1;26.0
35;2021-06-22;6841;7498;527490;288524;48.7;26.7
35;2021-06-23;7254;6142;534744;294666;49.4;27.2
35;2021-06-24;8354;5919;543098;300585;50.2;27.8
35;2021-06-25;6626;8472;549724;309057;50.8;28.6
35;2021-06-26;1105;3078;550829;312135;50.9;28.8
35;2021-06-27;2635;1030;553464;313165;51.1;28.9
35;2021-06-28;4291;7756;557755;320921;51.5;29.7
35;2021-06-29;5080;7972;562835;328893;52.0;30.4
35;2021-06-30;5590;7890;568425;336783;52.5;31.1
35;2021-07-01;6543;7542;574968;344325;53.1;31.8
35;2021-07-02;5322;9858;580290;354183;53.6;32.7
35;2021-07-03;1077;2840;581367;357023;53.7;33.0
35;2021-07-04;2146;1552;583513;358575;53.9;33.1
35;2021-07-05;3719;8202;587232;366777;54.3;33.9
35;2021-07-06;4754;9468;591986;376245;54.7;34.8
35;2021-07-07;5013;8318;596999;384563;55.2;35.5
35;2021-07-08;5339;8482;602338;393045;55.7;36.3
35;2021-07-09;3869;11540;606207;404585;56.0;37.4
35;2021-07-10;889;3150;607096;407735;56.1;37.7
35;2021-07-11;1294;2360;608390;410095;56.2;37.9
35;2021-07-12;3048;9155;611438;419250;56.5;38.7
35;2021-07-13;3947;10750;615385;430000;56.9;39.7
35;2021-07-14;2144;4451;617529;434451;57.1;40.1
35;2021-07-15;4259;10183;621788;444634;57.5;41.1
35;2021-07-16;4684;11012;626472;455646;57.9;42.1
35;2021-07-17;1974;4070;628446;459716;58.1;42.5
35;2021-07-18;842;2569;629288;462285;58.2;42.7
35;2021-07-19;3224;8983;632512;471268;58.5;43.6
35;2021-07-20;4178;10593;636690;481861;58.8;44.5
35;2021-07-21;4273;9390;640963;491251;59.2;45.4
35;2021-07-22;4789;9664;645752;500915;59.7;46.3
35;2021-07-23;4522;11019;650274;511934;60.1;47.3
35;2021-07-24;1579;4266;651853;516200;60.2;47.7
35;2021-07-25;809;2845;652662;519045;60.3;48.0
35;2021-07-26;3836;8736;656498;527781;60.7;48.8
35;2021-07-27;5160;9651;661658;537432;61.1;49.7
35;2021-07-28;5274;8672;666932;546104;61.6;50.5
35;2021-07-29;6052;8327;672984;554431;62.2;51.2
35;2021-07-30;5845;9078;678829;563509;62.7;52.1
35;2021-07-31;2287;3657;681116;567166;62.9;52.4
35;2021-08-01;1513;2412;682629;569578;63.1;52.6
35;2021-08-02;4688;6945;687317;576523;63.5;53.3
35;2021-08-03;6645;7578;693962;584101;64.1;54.0
35;2021-08-04;6633;6580;700595;590681;64.7;54.6
35;2021-08-05;6605;6972;707200;597653;65.4;55.2
35;2021-08-06;5959;7281;713159;604934;65.9;55.9
35;2021-08-07;2093;3143;715252;608077;66.1;56.2
35;2021-08-08;1520;2246;716772;610323;66.2;56.4
35;2021-08-09;4579;5513;721351;615836;66.7;56.9
36;2020-12-27;0;0;0;0;0.0;0.0
36;2020-12-28;0;0;0;0;0.0;0.0
36;2020-12-29;0;0;0;0;0.0;0.0
36;2020-12-30;0;0;0;0;0.0;0.0
36;2020-12-31;0;0;0;0;0.0;0.0
36;2021-01-01;0;0;0;0;0.0;0.0
36;2021-01-02;0;0;0;0;0.0;0.0
36;2021-01-03;0;0;0;0;0.0;0.0
36;2021-01-04;2;0;2;0;0.0;0.0
36;2021-01-05;0;0;2;0;0.0;0.0
36;2021-01-06;24;0;26;0;0.0;0.0
36;2021-01-07;51;0;77;0;0.0;0.0
36;2021-01-08;111;0;188;0;0.1;0.0
36;2021-01-09;83;0;271;0;0.1;0.0
36;2021-01-10;142;0;413;0;0.2;0.0
36;2021-01-11;239;1;652;1;0.3;0.0
36;2021-01-12;282;0;934;1;0.4;0.0
36;2021-01-13;198;1;1132;2;0.5;0.0
36;2021-01-14;505;4;1637;6;0.8;0.0
36;2021-01-15;179;1;1816;7;0.8;0.0
36;2021-01-16;24;0;1840;7;0.8;0.0
36;2021-01-17;19;2;1859;9;0.9;0.0
36;2021-01-18;613;4;2472;13;1.1;0.0
36;2021-01-19;1173;3;3645;16;1.7;0.0
36;2021-01-20;1102;3;4747;19;2.2;0.0
36;2021-01-21;721;0;5468;19;2.5;0.0
36;2021-01-22;857;2;6325;21;2.9;0.0
36;2021-01-23;295;0;6620;21;3.0;0.0
36;2021-01-24;185;1;6805;22;3.1;0.0
36;2021-01-25;640;5;7445;27;3.4;0.0
36;2021-01-26;610;1;8055;28;3.7;0.0
36;2021-01-27;848;19;8903;47;4.1;0.0
36;2021-01-28;477;47;9380;94;4.3;0.0
36;2021-01-29;573;98;9953;192;4.6;0.1
36;2021-01-30;288;73;10241;265;4.7;0.1
36;2021-01-31;115;135;10356;400;4.8;0.2
36;2021-02-01;378;100;10734;500;4.9;0.2
36;2021-02-02;410;175;11144;675;5.1;0.3
36;2021-02-03;471;264;11615;939;5.3;0.4
36;2021-02-04;275;280;11890;1219;5.5;0.6
36;2021-02-05;302;164;12192;1383;5.6;0.6
36;2021-02-06;0;0;12192;1383;5.6;0.6
36;2021-02-07;1;0;12193;1383;5.6;0.6
36;2021-02-08;280;259;12473;1642;5.7;0.8
36;2021-02-09;327;607;12800;2249;5.9;1.0
36;2021-02-10;490;656;13290;2905;6.1;1.3
36;2021-02-11;385;599;13675;3504;6.3;1.6
36;2021-02-12;302;461;13977;3965;6.4;1.8
36;2021-02-13;126;83;14103;4048;6.5;1.9
36;2021-02-14;22;45;14125;4093;6.5;1.9
36;2021-02-15;42;576;14167;4669;6.5;2.2
36;2021-02-16;105;418;14272;5087;6.6;2.3
36;2021-02-17;117;625;14389;5712;6.6;2.6
36;2021-02-18;161;619;14550;6331;6.7;2.9
36;2021-02-19;181;541;14731;6872;6.8;3.2
36;2021-02-20;86;239;14817;7111;6.8;3.3
36;2021-02-21;87;157;14904;7268;6.9;3.3
36;2021-02-22;162;508;15066;7776;6.9;3.6
36;2021-02-23;62;575;15128;8351;7.0;3.8
36;2021-02-24;112;682;15240;9033;7.0;4.2
36;2021-02-25;251;283;15491;9316;7.1;4.3
36;2021-02-26;339;473;15830;9789;7.3;4.5
36;2021-02-27;72;277;15902;10066;7.3;4.6
36;2021-02-28;13;97;15915;10163;7.3;4.7
36;2021-03-01;218;343;16133;10506;7.4;4.8
36;2021-03-02;352;363;16485;10869;7.6;5.0
36;2021-03-03;394;532;16879;11401;7.8;5.3
36;2021-03-04;662;357;17541;11758;8.1;5.4
36;2021-03-05;799;299;18340;12057;8.4;5.6
36;2021-03-06;410;16;18750;12073;8.6;5.6
36;2021-03-07;340;7;19090;12080;8.8;5.6
36;2021-03-08;251;315;19341;12395;8.9;5.7
36;2021-03-09;449;269;19790;12664;9.1;5.8
36;2021-03-10;723;409;20513;13073;9.4;6.0
36;2021-03-11;838;244;21351;13317;9.8;6.1
36;2021-03-12;1445;295;22796;13612;10.5;6.3
36;2021-03-13;574;126;23370;13738;10.8;6.3
36;2021-03-14;113;0;23483;13738;10.8;6.3
36;2021-03-15;648;157;24131;13895;11.1;6.4
36;2021-03-16;447;67;24578;13962;11.3;6.4
36;2021-03-17;764;90;25342;14052;11.7;6.5
36;2021-03-18;414;72;25756;14124;11.9;6.5
36;2021-03-19;738;39;26494;14163;12.2;6.5
36;2021-03-20;451;27;26945;14190;12.4;6.5
36;2021-03-21;0;0;26945;14190;12.4;6.5
36;2021-03-22;496;58;27441;14248;12.6;6.6
36;2021-03-23;777;57;28218;14305;13.0;6.6
36;2021-03-24;1088;74;29306;14379;13.5;6.6
36;2021-03-25;1336;89;30642;14468;14.1;6.7
36;2021-03-26;1419;156;32061;14624;14.8;6.7
36;2021-03-27;475;42;32536;14666;15.0;6.8
36;2021-03-28;68;57;32604;14723;15.0;6.8
36;2021-03-29;461;184;33065;14907;15.2;6.9
36;2021-03-30;582;265;33647;15172;15.5;7.0
36;2021-03-31;1262;168;34909;15340;16.1;7.1
36;2021-04-01;1085;431;35994;15771;16.6;7.3
36;2021-04-02;965;140;36959;15911;17.0;7.3
36;2021-04-03;282;180;37241;16091;17.2;7.4
36;2021-04-04;42;2;37283;16093;17.2;7.4
36;2021-04-05;15;46;37298;16139;17.2;7.4
36;2021-04-06;821;361;38119;16500;17.6;7.6
36;2021-04-07;1073;538;39192;17038;18.0;7.8
36;2021-04-08;1347;478;40539;17516;18.7;8.1
36;2021-04-09;1939;402;42478;17918;19.6;8.3
36;2021-04-10;591;240;43069;18158;19.8;8.4
36;2021-04-11;256;90;43325;18248;20.0;8.4
36;2021-04-12;849;561;44174;18809;20.3;8.7
36;2021-04-13;1139;518;45313;19327;20.9;8.9
36;2021-04-14;1582;862;46895;20189;21.6;9.3
36;2021-04-15;1653;469;48548;20658;22.4;9.5
36;2021-04-16;1488;466;50036;21124;23.0;9.7
36;2021-04-17;893;248;50929;21372;23.5;9.8
36;2021-04-18;383;7;51312;21379;23.6;9.8
36;2021-04-19;874;441;52186;21820;24.0;10.0
36;2021-04-20;1145;520;53331;22340;24.6;10.3
36;2021-04-21;1240;876;54571;23216;25.1;10.7
36;2021-04-22;1593;870;56164;24086;25.9;11.1
36;2021-04-23;1327;618;57491;24704;26.5;11.4
36;2021-04-24;678;379;58169;25083;26.8;11.6
36;2021-04-25;413;95;58582;25178;27.0;11.6
36;2021-04-26;1134;447;59716;25625;27.5;11.8
36;2021-04-27;1279;553;60995;26178;28.1;12.1
36;2021-04-28;1489;1062;62484;27240;28.8;12.5
36;2021-04-29;2016;706;64500;27946;29.7;12.9
36;2021-04-30;1553;457;66053;28403;30.4;13.1
36;2021-05-01;724;64;66777;28467;30.8;13.1
36;2021-05-02;498;61;67275;28528;31.0;13.1
36;2021-05-03;1292;306;68567;28834;31.6;13.3
36;2021-05-04;780;808;69347;29642;31.9;13.7
36;2021-05-05;1283;1308;70630;30950;32.5;14.3
36;2021-05-06;2138;794;72768;31744;33.5;14.6
36;2021-05-07;1469;767;74237;32511;34.2;15.0
36;2021-05-08;306;104;74543;32615;34.3;15.0
36;2021-05-09;175;343;74718;32958;34.4;15.2
36;2021-05-10;1216;814;75934;33772;35.0;15.6
36;2021-05-11;1726;1248;77660;35020;35.8;16.1
36;2021-05-12;1825;1482;79485;36502;36.6;16.8
36;2021-05-13;548;306;80033;36808;36.9;17.0
36;2021-05-14;701;1039;80734;37847;37.2;17.4
36;2021-05-15;636;591;81370;38438;37.5;17.7
36;2021-05-16;337;377;81707;38815;37.6;17.9
36;2021-05-17;614;943;82321;39758;37.9;18.3
36;2021-05-18;874;938;83195;40696;38.3;18.7
36;2021-05-19;1332;843;84527;41539;38.9;19.1
36;2021-05-20;1611;1208;86138;42747;39.7;19.7
36;2021-05-21;1106;1069;87244;43816;40.2;20.2
36;2021-05-22;678;342;87922;44158;40.5;20.3
36;2021-05-23;426;295;88348;44453;40.7;20.5
36;2021-05-24;505;468;88853;44921;40.9;20.7
36;2021-05-25;1045;685;89898;45606;41.4;21.0
36;2021-05-26;1473;1165;91371;46771;42.1;21.5
36;2021-05-27;1396;976;92767;47747;42.7;22.0
36;2021-05-28;921;1481;93688;49228;43.1;22.7
36;2021-05-29;700;507;94388;49735;43.5;22.9
36;2021-05-30;111;574;94499;50309;43.5;23.2
36;2021-05-31;1137;763;95636;51072;44.0;23.5
36;2021-06-01;1410;825;97046;51897;44.7;23.9
36;2021-06-02;2059;613;99105;52510;45.6;24.2
36;2021-06-03;1903;1199;101008;53709;46.5;24.7
36;2021-06-04;1774;1046;102782;54755;47.3;25.2
36;2021-06-05;692;657;103474;55412;47.7;25.5
36;2021-06-06;336;273;103810;55685;47.8;25.6
36;2021-06-07;983;809;104793;56494;48.3;26.0
36;2021-06-08;958;980;105751;57474;48.7;26.5
36;2021-06-09;1674;1068;107425;58542;49.5;27.0
36;2021-06-10;1533;1376;108958;59918;50.2;27.6
36;2021-06-11;1288;1499;110246;61417;50.8;28.3
36;2021-06-12;919;782;111165;62199;51.2;28.6
36;2021-06-13;343;269;111508;62468;51.4;28.8
36;2021-06-14;606;1270;112114;63738;51.6;29.4
36;2021-06-15;732;1216;112846;64954;52.0;29.9
36;2021-06-16;902;1518;113748;66472;52.4;30.6
36;2021-06-17;750;1905;114498;68377;52.7;31.5
36;2021-06-18;705;1882;115203;70259;53.1;32.4
36;2021-06-19;294;395;115497;70654;53.2;32.5
36;2021-06-20;235;327;115732;70981;53.3;32.7
36;2021-06-21;684;1448;116416;72429;53.6;33.4
36;2021-06-22;840;1550;117256;73979;54.0;34.1
36;2021-06-23;773;1792;118029;75771;54.4;34.9
36;2021-06-24;853;1525;118882;77296;54.7;35.6
36;2021-06-25;941;1220;119823;78516;55.2;36.2
36;2021-06-26;325;602;120148;79118;55.3;36.4
36;2021-06-27;105;267;120253;79385;55.4;36.6
36;2021-06-28;698;926;120951;80311;55.7;37.0
36;2021-06-29;686;1458;121637;81769;56.0;37.7
36;2021-06-30;836;2150;122473;83919;56.4;38.6
36;2021-07-01;351;1082;122824;85001;56.6;39.1
36;2021-07-02;742;1846;123566;86847;56.9;40.0
36;2021-07-03;466;884;124032;87731;57.1;40.4
36;2021-07-04;184;325;124216;88056;57.2;40.6
36;2021-07-05;495;1333;124711;89389;57.4;41.2
36;2021-07-06;490;1221;125201;90610;57.7;41.7
36;2021-07-07;586;1795;125787;92405;57.9;42.6
36;2021-07-08;547;1706;126334;94111;58.2;43.3
36;2021-07-09;780;1655;127114;95766;58.5;44.1
36;2021-07-10;466;1119;127580;96885;58.8;44.6
36;2021-07-11;256;155;127836;97040;58.9;44.7
36;2021-07-12;329;1629;128165;98669;59.0;45.4
36;2021-07-13;309;1938;128474;100607;59.2;46.3
36;2021-07-14;375;763;128849;101370;59.3;46.7
36;2021-07-15;914;2169;129763;103539;59.8;47.7
36;2021-07-16;626;1881;130389;105420;60.0;48.5
36;2021-07-17;395;859;130784;106279;60.2;48.9
36;2021-07-18;196;407;130980;106686;60.3;49.1
36;2021-07-19;549;1458;131529;108144;60.6;49.8
36;2021-07-20;776;1408;132305;109552;60.9;50.5
36;2021-07-21;709;1982;133014;111534;61.3;51.4
36;2021-07-22;1135;1684;134149;113218;61.8;52.1
36;2021-07-23;964;1744;135113;114962;62.2;52.9
36;2021-07-24;607;806;135720;115768;62.5;53.3
36;2021-07-25;147;404;135867;116172;62.6;53.5
36;2021-07-26;945;1085;136812;117257;63.0;54.0
36;2021-07-27;806;1351;137618;118608;63.4;54.6
36;2021-07-28;1383;1396;139001;120004;64.0;55.3
36;2021-07-29;1705;1310;140706;121314;64.8;55.9
36;2021-07-30;1442;1314;142148;122628;65.5;56.5
36;2021-07-31;931;533;143079;123161;65.9;56.7
36;2021-08-01;205;240;143284;123401;66.0;56.8
36;2021-08-02;1112;889;144396;124290;66.5;57.2
36;2021-08-03;1271;993;145667;125283;67.1;57.7
36;2021-08-04;1689;932;147356;126215;67.9;58.1
36;2021-08-05;1811;898;149167;127113;68.7;58.5
36;2021-08-06;1407;860;150574;127973;69.3;58.9
36;2021-08-07;538;523;151112;128496;69.6;59.2
36;2021-08-08;293;153;151405;128649;69.7;59.2
36;2021-08-09;810;835;152215;129484;70.1;59.6
37;2020-12-27;0;0;0;0;0.0;0.0
37;2020-12-28;17;0;17;0;0.0;0.0
37;2020-12-29;10;0;27;0;0.0;0.0
37;2020-12-30;0;0;27;0;0.0;0.0
37;2020-12-31;0;0;27;0;0.0;0.0
37;2021-01-01;0;0;27;0;0.0;0.0
37;2021-01-02;0;0;27;0;0.0;0.0
37;2021-01-03;0;0;27;0;0.0;0.0
37;2021-01-04;21;0;48;0;0.0;0.0
37;2021-01-05;47;0;95;0;0.0;0.0
37;2021-01-06;79;0;174;0;0.0;0.0
37;2021-01-07;115;0;289;0;0.0;0.0
37;2021-01-08;442;0;731;0;0.1;0.0
37;2021-01-09;79;0;810;0;0.1;0.0
37;2021-01-10;83;0;893;0;0.1;0.0
37;2021-01-11;280;0;1173;0;0.2;0.0
37;2021-01-12;659;4;1832;4;0.3;0.0
37;2021-01-13;560;1;2392;5;0.4;0.0
37;2021-01-14;521;3;2913;8;0.5;0.0
37;2021-01-15;627;1;3540;9;0.6;0.0
37;2021-01-16;304;2;3844;11;0.6;0.0
37;2021-01-17;262;1;4106;12;0.7;0.0
37;2021-01-18;733;8;4839;20;0.8;0.0
37;2021-01-19;1244;10;6083;30;1.0;0.0
37;2021-01-20;1038;3;7121;33;1.2;0.0
37;2021-01-21;854;0;7975;33;1.3;0.0
37;2021-01-22;767;2;8742;35;1.4;0.0
37;2021-01-23;173;0;8915;35;1.5;0.0
37;2021-01-24;0;0;8915;35;1.5;0.0
37;2021-01-25;538;13;9453;48;1.6;0.0
37;2021-01-26;1813;65;11266;113;1.9;0.0
37;2021-01-27;1520;76;12786;189;2.1;0.0
37;2021-01-28;1529;92;14315;281;2.4;0.0
37;2021-01-29;632;309;14947;590;2.5;0.1
37;2021-01-30;202;62;15149;652;2.5;0.1
37;2021-01-31;15;64;15164;716;2.5;0.1
37;2021-02-01;332;200;15496;916;2.6;0.2
37;2021-02-02;523;529;16019;1445;2.6;0.2
37;2021-02-03;660;351;16679;1796;2.8;0.3
37;2021-02-04;546;409;17225;2205;2.8;0.4
37;2021-02-05;465;443;17690;2648;2.9;0.4
37;2021-02-06;189;2;17879;2650;3.0;0.4
37;2021-02-07;20;1;17899;2651;3.0;0.4
37;2021-02-08;331;321;18230;2972;3.0;0.5
37;2021-02-09;625;709;18855;3681;3.1;0.6
37;2021-02-10;662;510;19517;4191;3.2;0.7
37;2021-02-11;612;563;20129;4754;3.3;0.8
37;2021-02-12;489;553;20618;5307;3.4;0.9
37;2021-02-13;155;207;20773;5514;3.4;0.9
37;2021-02-14;1;71;20774;5585;3.4;0.9
37;2021-02-15;425;479;21199;6064;3.5;1.0
37;2021-02-16;841;1448;22040;7512;3.6;1.2
37;2021-02-17;635;1371;22675;8883;3.7;1.5
37;2021-02-18;910;1415;23585;10298;3.9;1.7
37;2021-02-19;795;840;24380;11138;4.0;1.8
37;2021-02-20;245;212;24625;11350;4.1;1.9
37;2021-02-21;5;1;24630;11351;4.1;1.9
37;2021-02-22;336;582;24966;11933;4.1;2.0
37;2021-02-23;604;631;25570;12564;4.2;2.1
37;2021-02-24;572;620;26142;13184;4.3;2.2
37;2021-02-25;874;614;27016;13798;4.5;2.3
37;2021-02-26;1114;580;28130;14378;4.6;2.4
37;2021-02-27;584;187;28714;14565;4.7;2.4
37;2021-02-28;23;0;28737;14565;4.7;2.4
37;2021-03-01;603;362;29340;14927;4.8;2.5
37;2021-03-02;1090;542;30430;15469;5.0;2.6
37;2021-03-03;970;548;31400;16017;5.2;2.6
37;2021-03-04;1605;480;33005;16497;5.5;2.7
37;2021-03-05;2128;557;35133;17054;5.8;2.8
37;2021-03-06;1166;212;36299;17266;6.0;2.9
37;2021-03-07;471;66;36770;17332;6.1;2.9
37;2021-03-08;666;400;37436;17732;6.2;2.9
37;2021-03-09;1652;702;39088;18434;6.5;3.0
37;2021-03-10;1606;745;40694;19179;6.7;3.2
37;2021-03-11;2046;698;42740;19877;7.1;3.3
37;2021-03-12;3207;466;45947;20343;7.6;3.4
37;2021-03-13;1951;192;47898;20535;7.9;3.4
37;2021-03-14;206;4;48104;20539;7.9;3.4
37;2021-03-15;1069;249;49173;20788;8.1;3.4
37;2021-03-16;1048;528;50221;21316;8.3;3.5
37;2021-03-17;935;277;51156;21593;8.5;3.6
37;2021-03-18;1031;525;52187;22118;8.6;3.7
37;2021-03-19;2218;338;54405;22456;9.0;3.7
37;2021-03-20;1331;141;55736;22597;9.2;3.7
37;2021-03-21;202;4;55938;22601;9.2;3.7
37;2021-03-22;1287;243;57225;22844;9.5;3.8
37;2021-03-23;2255;567;59480;23411;9.8;3.9
37;2021-03-24;2245;460;61725;23871;10.2;3.9
37;2021-03-25;2981;445;64706;24316;10.7;4.0
37;2021-03-26;3525;405;68231;24721;11.3;4.1
37;2021-03-27;1172;127;69403;24848;11.5;4.1
37;2021-03-28;139;1;69542;24849;11.5;4.1
37;2021-03-29;1604;343;71146;25192;11.8;4.2
37;2021-03-30;2524;622;73670;25814;12.2;4.3
37;2021-03-31;2046;483;75716;26297;12.5;4.3
37;2021-04-01;2599;969;78315;27266;12.9;4.5
37;2021-04-02;2813;664;81128;27930;13.4;4.6
37;2021-04-03;817;222;81945;28152;13.5;4.7
37;2021-04-04;104;1;82049;28153;13.6;4.7
37;2021-04-05;3;0;82052;28153;13.6;4.7
37;2021-04-06;2237;779;84289;28932;13.9;4.8
37;2021-04-07;3168;857;87457;29789;14.4;4.9
37;2021-04-08;4038;963;91495;30752;15.1;5.1
37;2021-04-09;4542;938;96037;31690;15.9;5.2
37;2021-04-10;1328;429;97365;32119;16.1;5.3
37;2021-04-11;104;1;97469;32120;16.1;5.3
37;2021-04-12;2640;673;100109;32793;16.5;5.4
37;2021-04-13;4112;1152;104221;33945;17.2;5.6
37;2021-04-14;3042;893;107263;34838;17.7;5.8
37;2021-04-15;3758;1010;111021;35848;18.3;5.9
37;2021-04-16;4359;1217;115380;37065;19.1;6.1
37;2021-04-17;1147;221;116527;37286;19.2;6.2
37;2021-04-18;97;3;116624;37289;19.3;6.2
37;2021-04-19;2481;850;119105;38139;19.7;6.3
37;2021-04-20;3235;1335;122340;39474;20.2;6.5
37;2021-04-21;2930;1153;125270;40627;20.7;6.7
37;2021-04-22;3455;1399;128725;42026;21.3;6.9
37;2021-04-23;3690;1808;132415;43834;21.9;7.2
37;2021-04-24;1007;387;133422;44221;22.0;7.3
37;2021-04-25;45;2;133467;44223;22.0;7.3
37;2021-04-26;2968;1350;136435;45573;22.5;7.5
37;2021-04-27;4183;1813;140618;47386;23.2;7.8
37;2021-04-28;3460;1942;144078;49328;23.8;8.1
37;2021-04-29;4585;2016;148663;51344;24.6;8.5
37;2021-04-30;5055;1985;153718;53329;25.4;8.8
37;2021-05-01;639;210;154357;53539;25.5;8.8
37;2021-05-02;104;15;154461;53554;25.5;8.8
37;2021-05-03;2670;1953;157131;55507;26.0;9.2
37;2021-05-04;3735;2721;160866;58228;26.6;9.6
37;2021-05-05;3499;2086;164365;60314;27.2;10.0
37;2021-05-06;4997;1944;169362;62258;28.0;10.3
37;2021-05-07;4686;2884;174048;65142;28.8;10.8
37;2021-05-08;538;312;174586;65454;28.8;10.8
37;2021-05-09;63;41;174649;65495;28.8;10.8
37;2021-05-10;2160;3489;176809;68984;29.2;11.4
37;2021-05-11;3866;3881;180675;72865;29.8;12.0
37;2021-05-12;4037;2543;184712;75408;30.5;12.5
37;2021-05-13;1137;517;185849;75925;30.7;12.5
37;2021-05-14;4045;2680;189894;78605;31.4;13.0
37;2021-05-15;2323;744;192217;79349;31.8;13.1
37;2021-05-16;22;71;192239;79420;31.8;13.1
37;2021-05-17;2764;2056;195003;81476;32.2;13.5
37;2021-05-18;3874;2360;198877;83836;32.9;13.8
37;2021-05-19;3495;1806;202372;85642;33.4;14.1
37;2021-05-20;4752;1775;207124;87417;34.2;14.4
37;2021-05-21;4527;2570;211651;89987;35.0;14.9
37;2021-05-22;1077;753;212728;90740;35.1;15.0
37;2021-05-23;73;89;212801;90829;35.2;15.0
37;2021-05-24;513;106;213314;90935;35.2;15.0
37;2021-05-25;5123;2178;218437;93113;36.1;15.4
37;2021-05-26;4929;2096;223366;95209;36.9;15.7
37;2021-05-27;5986;2369;229352;97578;37.9;16.1
37;2021-05-28;6023;3262;235375;100840;38.9;16.7
37;2021-05-29;1519;1167;236894;102007;39.1;16.9
37;2021-05-30;55;160;236949;102167;39.1;16.9
37;2021-05-31;3647;2529;240596;104696;39.7;17.3
37;2021-06-01;5843;3622;246439;108318;40.7;17.9
37;2021-06-02;5077;2453;251516;110771;41.5;18.3
37;2021-06-03;6087;2882;257603;113653;42.6;18.8
37;2021-06-04;5509;4203;263112;117856;43.5;19.5
37;2021-06-05;1855;1304;264967;119160;43.8;19.7
37;2021-06-06;49;197;265016;119357;43.8;19.7
37;2021-06-07;3022;4164;268038;123521;44.3;20.4
37;2021-06-08;4200;4656;272238;128177;45.0;21.2
37;2021-06-09;3885;3569;276123;131746;45.6;21.8
37;2021-06-10;5266;3616;281389;135362;46.5;22.4
37;2021-06-11;4978;4839;286367;140201;47.3;23.2
37;2021-06-12;3553;1348;289920;141549;47.9;23.4
37;2021-06-13;15;164;289935;141713;47.9;23.4
37;2021-06-14;2667;4040;292602;145753;48.3;24.1
37;2021-06-15;3898;4780;296500;150533;49.0;24.9
37;2021-06-16;3257;3598;299757;154131;49.5;25.5
37;2021-06-17;4007;4493;303764;158624;50.2;26.2
37;2021-06-18;4706;5068;308470;163692;51.0;27.0
37;2021-06-19;2519;1101;310989;164793;51.4;27.2
37;2021-06-20;9;183;310998;164976;51.4;27.3
37;2021-06-21;2418;3827;313416;168803;51.8;27.9
37;2021-06-22;2967;5008;316383;173811;52.3;28.7
37;2021-06-23;2629;3644;319012;177455;52.7;29.3
37;2021-06-24;2864;3546;321876;181001;53.2;29.9
37;2021-06-25;3306;4881;325182;185882;53.7;30.7
37;2021-06-26;1240;3087;326422;188969;53.9;31.2
37;2021-06-27;23;142;326445;189111;53.9;31.2
37;2021-06-28;1702;4513;328147;193624;54.2;32.0
37;2021-06-29;1899;6221;330046;199845;54.5;33.0
37;2021-06-30;1869;4437;331915;204282;54.8;33.7
37;2021-07-01;2126;4794;334041;209076;55.2;34.5
37;2021-07-02;2679;5593;336720;214669;55.6;35.5
37;2021-07-03;945;2138;337665;216807;55.8;35.8
37;2021-07-04;4;104;337669;216911;55.8;35.8
37;2021-07-05;1707;5145;339376;222056;56.1;36.7
37;2021-07-06;1999;6759;341375;228815;56.4;37.8
37;2021-07-07;1946;5464;343321;234279;56.7;38.7
37;2021-07-08;2457;6660;345778;240939;57.1;39.8
37;2021-07-09;1981;7641;347759;248580;57.4;41.1
37;2021-07-10;1013;2617;348772;251197;57.6;41.5
37;2021-07-11;26;96;348798;251293;57.6;41.5
37;2021-07-12;1131;5990;349929;257283;57.8;42.5
37;2021-07-13;1613;7828;351542;265111;58.1;43.8
37;2021-07-14;523;407;352065;265518;58.2;43.9
37;2021-07-15;2613;7495;354678;273013;58.6;45.1
37;2021-07-16;2754;7804;357432;280817;59.0;46.4
37;2021-07-17;1202;2444;358634;283261;59.2;46.8
37;2021-07-18;50;53;358684;283314;59.2;46.8
37;2021-07-19;1642;6132;360326;289446;59.5;47.8
37;2021-07-20;2901;7069;363227;296515;60.0;49.0
37;2021-07-21;2969;5781;366196;302296;60.5;49.9
37;2021-07-22;4030;6538;370226;308834;61.2;51.0
37;2021-07-23;3795;7102;374021;315936;61.8;52.2
37;2021-07-24;1770;3309;375791;319245;62.1;52.7
37;2021-07-25;65;77;375856;319322;62.1;52.7
37;2021-07-26;3228;4313;379084;323635;62.6;53.5
37;2021-07-27;4408;4953;383492;328588;63.3;54.3
37;2021-07-28;4101;3652;387593;332240;64.0;54.9
37;2021-07-29;5059;4182;392652;336422;64.9;55.6
37;2021-07-30;5221;4910;397873;341332;65.7;56.4
37;2021-07-31;1912;1840;399785;343172;66.0;56.7
37;2021-08-01;31;52;399816;343224;66.0;56.7
37;2021-08-02;3273;3269;403089;346493;66.6;57.2
37;2021-08-03;5253;3122;408342;349615;67.5;57.8
37;2021-08-04;4525;1903;412867;351518;68.2;58.1
37;2021-08-05;4764;2581;417631;354099;69.0;58.5
37;2021-08-06;4809;3270;422440;357369;69.8;59.0
37;2021-08-07;1623;1116;424063;358485;70.0;59.2
37;2021-08-08;33;171;424096;358656;70.1;59.2
37;2021-08-09;2383;2232;426479;360888;70.4;59.6
38;2020-12-27;1;0;1;0;0.0;0.0
38;2020-12-28;1;0;2;0;0.0;0.0
38;2020-12-29;0;0;2;0;0.0;0.0
38;2020-12-30;0;0;2;0;0.0;0.0
38;2020-12-31;5;0;7;0;0.0;0.0
38;2021-01-01;1;0;8;0;0.0;0.0
38;2021-01-02;0;0;8;0;0.0;0.0
38;2021-01-03;2;0;10;0;0.0;0.0
38;2021-01-04;162;0;172;0;0.0;0.0
38;2021-01-05;257;1;429;1;0.0;0.0
38;2021-01-06;364;0;793;1;0.1;0.0
38;2021-01-07;636;1;1429;2;0.1;0.0
38;2021-01-08;695;0;2124;2;0.2;0.0
38;2021-01-09;30;0;2154;2;0.2;0.0
38;2021-01-10;1;0;2155;2;0.2;0.0
38;2021-01-11;801;2;2956;4;0.2;0.0
38;2021-01-12;1470;4;4426;8;0.3;0.0
38;2021-01-13;1081;5;5507;13;0.4;0.0
38;2021-01-14;1680;15;7187;28;0.6;0.0
38;2021-01-15;1673;7;8860;35;0.7;0.0
38;2021-01-16;306;2;9166;37;0.7;0.0
38;2021-01-17;3;0;9169;37;0.7;0.0
38;2021-01-18;1176;4;10345;41;0.8;0.0
38;2021-01-19;2239;5;12584;46;1.0;0.0
38;2021-01-20;1881;3;14465;49;1.1;0.0
38;2021-01-21;1623;6;16088;55;1.3;0.0
38;2021-01-22;1398;9;17486;64;1.4;0.0
38;2021-01-23;379;3;17865;67;1.4;0.0
38;2021-01-24;1;0;17866;67;1.4;0.0
38;2021-01-25;788;108;18654;175;1.5;0.0
38;2021-01-26;854;184;19508;359;1.5;0.0
38;2021-01-27;1089;277;20597;636;1.6;0.1
38;2021-01-28;1172;477;21769;1113;1.7;0.1
38;2021-01-29;948;379;22717;1492;1.8;0.1
38;2021-01-30;304;1;23021;1493;1.8;0.1
38;2021-01-31;0;0;23021;1493;1.8;0.1
38;2021-02-01;701;598;23722;2091;1.9;0.2
38;2021-02-02;967;963;24689;3054;2.0;0.2
38;2021-02-03;1229;695;25918;3749;2.0;0.3
38;2021-02-04;1279;972;27197;4721;2.1;0.4
38;2021-02-05;1399;846;28596;5567;2.3;0.4
38;2021-02-06;187;95;28783;5662;2.3;0.4
38;2021-02-07;3;48;28786;5710;2.3;0.5
38;2021-02-08;859;796;29645;6506;2.3;0.5
38;2021-02-09;1538;1311;31183;7817;2.5;0.6
38;2021-02-10;1579;1285;32762;9102;2.6;0.7
38;2021-02-11;1869;1159;34631;10261;2.7;0.8
38;2021-02-12;1508;1126;36139;11387;2.9;0.9
38;2021-02-13;466;189;36605;11576;2.9;0.9
38;2021-02-14;1;7;36606;11583;2.9;0.9
38;2021-02-15;975;944;37581;12527;3.0;1.0
38;2021-02-16;1379;980;38960;13507;3.1;1.1
38;2021-02-17;1371;1069;40331;14576;3.2;1.2
38;2021-02-18;1788;1069;42119;15645;3.3;1.2
38;2021-02-19;1255;869;43374;16514;3.4;1.3
38;2021-02-20;469;313;43843;16827;3.5;1.3
38;2021-02-21;0;0;43843;16827;3.5;1.3
38;2021-02-22;1074;908;44917;17735;3.6;1.4
38;2021-02-23;1540;944;46457;18679;3.7;1.5
38;2021-02-24;1728;1134;48185;19813;3.8;1.6
38;2021-02-25;2494;1051;50679;20864;4.0;1.6
38;2021-02-26;3307;976;53986;21840;4.3;1.7
38;2021-02-27;1510;431;55496;22271;4.4;1.8
38;2021-02-28;33;2;55529;22273;4.4;1.8
38;2021-03-01;2500;774;58029;23047;4.6;1.8
38;2021-03-02;4047;1053;62076;24100;4.9;1.9
38;2021-03-03;3358;1236;65434;25336;5.2;2.0
38;2021-03-04;4481;1373;69915;26709;5.5;2.1
38;2021-03-05;5229;1198;75144;27907;5.9;2.2
38;2021-03-06;3041;261;78185;28168;6.2;2.2
38;2021-03-07;113;1;78298;28169;6.2;2.2
38;2021-03-08;2442;909;80740;29078;6.4;2.3
38;2021-03-09;4024;1305;84764;30383;6.7;2.4
38;2021-03-10;3500;1079;88264;31462;7.0;2.5
38;2021-03-11;5140;1509;93404;32971;7.4;2.6
38;2021-03-12;7087;1154;100491;34125;7.9;2.7
38;2021-03-13;3770;210;104261;34335;8.2;2.7
38;2021-03-14;544;13;104805;34348;8.3;2.7
38;2021-03-15;2700;1006;107505;35354;8.5;2.8
38;2021-03-16;2083;1366;109588;36720;8.7;2.9
38;2021-03-17;2026;1206;111614;37926;8.8;3.0
38;2021-03-18;2637;1360;114251;39286;9.0;3.1
38;2021-03-19;4007;1055;118258;40341;9.3;3.2
38;2021-03-20;1823;239;120081;40580;9.5;3.2
38;2021-03-21;130;8;120211;40588;9.5;3.2
38;2021-03-22;2864;1004;123075;41592;9.7;3.3
38;2021-03-23;4777;1491;127852;43083;10.1;3.4
38;2021-03-24;3710;1580;131562;44663;10.4;3.5
38;2021-03-25;5790;1531;137352;46194;10.9;3.7
38;2021-03-26;6601;1733;143953;47927;11.4;3.8
38;2021-03-27;2511;757;146464;48684;11.6;3.8
38;2021-03-28;926;44;147390;48728;11.7;3.9
38;2021-03-29;2675;1852;150065;50580;11.9;4.0
38;2021-03-30;4564;2545;154629;53125;12.2;4.2
38;2021-03-31;3662;2225;158291;55350;12.5;4.4
38;2021-04-01;5128;2513;163419;57863;12.9;4.6
38;2021-04-02;3868;2530;167287;60393;13.2;4.8
38;2021-04-03;1417;941;168704;61334;13.3;4.8
38;2021-04-04;429;45;169133;61379;13.4;4.9
38;2021-04-05;2173;339;171306;61718;13.5;4.9
38;2021-04-06;4346;2395;175652;64113;13.9;5.1
38;2021-04-07;4414;2730;180066;66843;14.2;5.3
38;2021-04-08;5645;2665;185711;69508;14.7;5.5
38;2021-04-09;8554;2716;194265;72224;15.4;5.7
38;2021-04-10;3599;1468;197864;73692;15.6;5.8
38;2021-04-11;1047;100;198911;73792;15.7;5.8
38;2021-04-12;4196;2253;203107;76045;16.1;6.0
38;2021-04-13;6123;2469;209230;78514;16.5;6.2
38;2021-04-14;5115;2458;214345;80972;16.9;6.4
38;2021-04-15;6361;2750;220706;83722;17.4;6.6
38;2021-04-16;6215;2724;226921;86446;17.9;6.8
38;2021-04-17;2587;988;229508;87434;18.1;6.9
38;2021-04-18;1333;72;230841;87506;18.2;6.9
38;2021-04-19;3943;2826;234784;90332;18.6;7.1
38;2021-04-20;5417;2852;240201;93184;19.0;7.4
38;2021-04-21;4979;2708;245180;95892;19.4;7.6
38;2021-04-22;5777;2823;250957;98715;19.8;7.8
38;2021-04-23;6032;2802;256989;101517;20.3;8.0
38;2021-04-24;2665;1345;259654;102862;20.5;8.1
38;2021-04-25;804;592;260458;103454;20.6;8.2
38;2021-04-26;4483;2473;264941;105927;20.9;8.4
38;2021-04-27;6041;2733;270982;108660;21.4;8.6
38;2021-04-28;6192;2512;277174;111172;21.9;8.8
38;2021-04-29;8327;3070;285501;114242;22.6;9.0
38;2021-04-30;7672;4060;293173;118302;23.2;9.4
38;2021-05-01;1541;198;294714;118500;23.3;9.4
38;2021-05-02;842;71;295556;118571;23.4;9.4
38;2021-05-03;5295;3574;300851;122145;23.8;9.7
38;2021-05-04;6187;5054;307038;127199;24.3;10.1
38;2021-05-05;6062;4583;313100;131782;24.8;10.4
38;2021-05-06;6714;5289;319814;137071;25.3;10.8
38;2021-05-07;7272;6429;327086;143500;25.9;11.3
38;2021-05-08;3746;712;330832;144212;26.2;11.4
38;2021-05-09;2849;1928;333681;146140;26.4;11.6
38;2021-05-10;6149;5285;339830;151425;26.9;12.0
38;2021-05-11;8221;6010;348051;157435;27.5;12.4
38;2021-05-12;9050;4679;357101;162114;28.2;12.8
38;2021-05-13;6634;1408;363735;163522;28.8;12.9
38;2021-05-14;9560;3409;373295;166931;29.5;13.2
38;2021-05-15;6857;1455;380152;168386;30.1;13.3
38;2021-05-16;5474;652;385626;169038;30.5;13.4
38;2021-05-17;7667;2977;393293;172015;31.1;13.6
38;2021-05-18;8620;4011;401913;176026;31.8;13.9
38;2021-05-19;8149;3338;410062;179364;32.4;14.2
38;2021-05-20;8973;4477;419035;183841;33.1;14.5
38;2021-05-21;9957;4586;428992;188427;33.9;14.9
38;2021-05-22;7450;1904;436442;190331;34.5;15.0
38;2021-05-23;5585;577;442027;190908;34.9;15.1
38;2021-05-24;7496;1616;449523;192524;35.5;15.2
38;2021-05-25;9540;4841;459063;197365;36.3;15.6
38;2021-05-26;8109;4712;467172;202077;36.9;16.0
38;2021-05-27;9127;5637;476299;207714;37.7;16.4
38;2021-05-28;8785;6483;485084;214197;38.3;16.9
38;2021-05-29;5816;3256;490900;217453;38.8;17.2
38;2021-05-30;2692;1594;493592;219047;39.0;17.3
38;2021-05-31;8270;5119;501862;224166;39.7;17.7
38;2021-06-01;7963;6410;509825;230576;40.3;18.2
38;2021-06-02;7141;5607;516966;236183;40.9;18.7
38;2021-06-03;7394;6829;524360;243012;41.5;19.2
38;2021-06-04;8118;7603;532478;250615;42.1;19.8
38;2021-06-05;5794;3942;538272;254557;42.6;20.1
38;2021-06-06;2507;1460;540779;256017;42.8;20.2
38;2021-06-07;5553;6856;546332;262873;43.2;20.8
38;2021-06-08;5876;7529;552208;270402;43.7;21.4
38;2021-06-09;5045;6462;557253;276864;44.1;21.9
38;2021-06-10;5424;6782;562677;283646;44.5;22.4
38;2021-06-11;5882;7783;568559;291429;44.9;23.0
38;2021-06-12;3950;3259;572509;294688;45.3;23.3
38;2021-06-13;1254;1300;573763;295988;45.4;23.4
38;2021-06-14;3872;7667;577635;303655;45.7;24.0
38;2021-06-15;5242;8142;582877;311797;46.1;24.6
38;2021-06-16;5125;7399;588002;319196;46.5;25.2
38;2021-06-17;4524;7061;592526;326257;46.8;25.8
38;2021-06-18;6039;9217;598565;335474;47.3;26.5
38;2021-06-19;3595;4963;602160;340437;47.6;26.9
38;2021-06-20;1039;2901;603199;343338;47.7;27.1
38;2021-06-21;3747;8698;606946;352036;48.0;27.8
38;2021-06-22;3792;10099;610738;362135;48.3;28.6
38;2021-06-23;3151;9549;613889;371684;48.5;29.4
38;2021-06-24;3378;8589;617267;380273;48.8;30.1
38;2021-06-25;3776;11489;621043;391762;49.1;31.0
38;2021-06-26;2226;7851;623269;399613;49.3;31.6
38;2021-06-27;1097;4355;624366;403968;49.4;31.9
38;2021-06-28;2947;10299;627313;414267;49.6;32.7
38;2021-06-29;3780;10439;631093;424706;49.9;33.6
38;2021-06-30;4050;9934;635143;434640;50.2;34.4
38;2021-07-01;3514;9012;638657;443652;50.5;35.1
38;2021-07-02;3703;11608;642360;455260;50.8;36.0
38;2021-07-03;1729;8785;644089;464045;50.9;36.7
38;2021-07-04;1243;3200;645332;467245;51.0;36.9
38;2021-07-05;3056;10545;648388;477790;51.3;37.8
38;2021-07-06;3411;10231;651799;488021;51.5;38.6
38;2021-07-07;3491;9396;655290;497417;51.8;39.3
38;2021-07-08;3489;8221;658779;505638;52.1;40.0
38;2021-07-09;3644;10739;662423;516377;52.4;40.8
38;2021-07-10;2393;7791;664816;524168;52.6;41.4
38;2021-07-11;775;2022;665591;526190;52.6;41.6
38;2021-07-12;3457;10669;669048;536859;52.9;42.4
38;2021-07-13;6574;10918;675622;547777;53.4;43.3
38;2021-07-14;4576;3327;680198;551104;53.8;43.6
38;2021-07-15;8655;9657;688853;560761;54.5;44.3
38;2021-07-16;8707;10686;697560;571447;55.1;45.2
38;2021-07-17;4690;7469;702250;578916;55.5;45.8
38;2021-07-18;2565;2486;704815;581402;55.7;46.0
38;2021-07-19;5787;9207;710602;590609;56.2;46.7
38;2021-07-20;6184;8287;716786;598896;56.7;47.3
38;2021-07-21;7801;8015;724587;606911;57.3;48.0
38;2021-07-22;7528;6982;732115;613893;57.9;48.5
38;2021-07-23;8865;9012;740980;622905;58.6;49.2
38;2021-07-24;5529;5521;746509;628426;59.0;49.7
38;2021-07-25;2813;1647;749322;630073;59.2;49.8
38;2021-07-26;7764;7480;757086;637553;59.8;50.4
38;2021-07-27;7503;6247;764589;643800;60.4;50.9
38;2021-07-28;8513;5679;773102;649479;61.1;51.3
38;2021-07-29;7591;4662;780693;654141;61.7;51.7
38;2021-07-30;7657;6623;788350;660764;62.3;52.2
38;2021-07-31;4274;3577;792624;664341;62.7;52.5
38;2021-08-01;1246;1079;793870;665420;62.8;52.6
38;2021-08-02;3883;4434;797753;669854;63.1;53.0
38;2021-08-03;4524;4539;802277;674393;63.4;53.3
38;2021-08-04;4571;4331;806848;678724;63.8;53.7
38;2021-08-05;3647;4617;810495;683341;64.1;54.0
38;2021-08-06;4067;5926;814562;689267;64.4;54.5
38;2021-08-07;2271;3519;816833;692786;64.6;54.8
38;2021-08-08;773;2005;817606;694791;64.6;54.9
38;2021-08-09;3574;5539;821180;700330;64.9;55.4
39;2020-12-27;0;0;0;0;0.0;0.0
39;2020-12-28;0;0;0;0;0.0;0.0
39;2020-12-29;0;0;0;0;0.0;0.0
39;2020-12-30;0;0;0;0;0.0;0.0
39;2020-12-31;0;0;0;0;0.0;0.0
39;2021-01-01;0;0;0;0;0.0;0.0
39;2021-01-02;0;0;0;0;0.0;0.0
39;2021-01-03;0;0;0;0;0.0;0.0
39;2021-01-04;3;0;3;0;0.0;0.0
39;2021-01-05;3;0;6;0;0.0;0.0
39;2021-01-06;57;3;63;3;0.0;0.0
39;2021-01-07;331;2;394;5;0.2;0.0
39;2021-01-08;657;2;1051;7;0.4;0.0
39;2021-01-09;169;0;1220;7;0.5;0.0
39;2021-01-10;1;0;1221;7;0.5;0.0
39;2021-01-11;476;1;1697;8;0.7;0.0
39;2021-01-12;431;1;2128;9;0.8;0.0
39;2021-01-13;408;2;2536;11;1.0;0.0
39;2021-01-14;574;3;3110;14;1.2;0.0
39;2021-01-15;470;1;3580;15;1.4;0.0
39;2021-01-16;141;1;3721;16;1.4;0.0
39;2021-01-17;0;1;3721;17;1.4;0.0
39;2021-01-18;924;7;4645;24;1.8;0.0
39;2021-01-19;1181;7;5826;31;2.3;0.0
39;2021-01-20;905;4;6731;35;2.6;0.0
39;2021-01-21;1177;2;7908;37;3.1;0.0
39;2021-01-22;985;1;8893;38;3.4;0.0
39;2021-01-23;383;1;9276;39;3.6;0.0
39;2021-01-24;0;0;9276;39;3.6;0.0
39;2021-01-25;642;2;9918;41;3.8;0.0
39;2021-01-26;1120;12;11038;53;4.3;0.0
39;2021-01-27;925;17;11963;70;4.6;0.0
39;2021-01-28;741;244;12704;314;4.9;0.1
39;2021-01-29;582;422;13286;736;5.2;0.3
39;2021-01-30;265;109;13551;845;5.3;0.3
39;2021-01-31;1;0;13552;845;5.3;0.3
39;2021-02-01;562;262;14114;1107;5.5;0.4
39;2021-02-02;753;322;14867;1429;5.8;0.6
39;2021-02-03;531;516;15398;1945;6.0;0.8
39;2021-02-04;553;462;15951;2407;6.2;0.9
39;2021-02-05;438;432;16389;2839;6.4;1.1
39;2021-02-06;265;110;16654;2949;6.5;1.1
39;2021-02-07;0;1;16654;2950;6.5;1.1
39;2021-02-08;320;372;16974;3322;6.6;1.3
39;2021-02-09;383;485;17357;3807;6.7;1.5
39;2021-02-10;250;338;17607;4145;6.8;1.6
39;2021-02-11;586;512;18193;4657;7.1;1.8
39;2021-02-12;386;417;18579;5074;7.2;2.0
39;2021-02-13;99;69;18678;5143;7.2;2.0
39;2021-02-14;0;0;18678;5143;7.2;2.0
39;2021-02-15;99;757;18777;5900;7.3;2.3
39;2021-02-16;99;912;18876;6812;7.3;2.6
39;2021-02-17;58;695;18934;7507;7.3;2.9
39;2021-02-18;109;858;19043;8365;7.4;3.2
39;2021-02-19;100;486;19143;8851;7.4;3.4
39;2021-02-20;18;364;19161;9215;7.4;3.6
39;2021-02-21;0;0;19161;9215;7.4;3.6
39;2021-02-22;100;729;19261;9944;7.5;3.9
39;2021-02-23;4;764;19265;10708;7.5;4.2
39;2021-02-24;125;872;19390;11580;7.5;4.5
39;2021-02-25;214;751;19604;12331;7.6;4.8
39;2021-02-26;218;468;19822;12799;7.7;5.0
39;2021-02-27;169;297;19991;13096;7.8;5.1
39;2021-02-28;1;0;19992;13096;7.8;5.1
39;2021-03-01;218;639;20210;13735;7.8;5.3
39;2021-03-02;328;825;20538;14560;8.0;5.6
39;2021-03-03;600;527;21138;15087;8.2;5.9
39;2021-03-04;657;475;21795;15562;8.5;6.0
39;2021-03-05;670;328;22465;15890;8.7;6.2
39;2021-03-06;777;244;23242;16134;9.0;6.3
39;2021-03-07;242;82;23484;16216;9.1;6.3
39;2021-03-08;286;443;23770;16659;9.2;6.5
39;2021-03-09;843;456;24613;17115;9.5;6.6
39;2021-03-10;985;335;25598;17450;9.9;6.8
39;2021-03-11;828;461;26426;17911;10.2;6.9
39;2021-03-12;806;288;27232;18199;10.6;7.1
39;2021-03-13;788;103;28020;18302;10.9;7.1
39;2021-03-14;35;10;28055;18312;10.9;7.1
39;2021-03-15;512;96;28567;18408;11.1;7.1
39;2021-03-16;555;66;29122;18474;11.3;7.2
39;2021-03-17;612;54;29734;18528;11.5;7.2
39;2021-03-18;596;69;30330;18597;11.8;7.2
39;2021-03-19;393;71;30723;18668;11.9;7.2
39;2021-03-20;311;10;31034;18678;12.0;7.2
39;2021-03-21;3;0;31037;18678;12.0;7.2
39;2021-03-22;754;116;31791;18794;12.3;7.3
39;2021-03-23;1130;43;32921;18837;12.8;7.3
39;2021-03-24;1178;96;34099;18933;13.2;7.3
39;2021-03-25;2041;123;36140;19056;14.0;7.4
39;2021-03-26;798;111;36938;19167;14.3;7.4
39;2021-03-27;345;6;37283;19173;14.5;7.4
39;2021-03-28;36;4;37319;19177;14.5;7.4
39;2021-03-29;1036;191;38355;19368;14.9;7.5
39;2021-03-30;1399;264;39754;19632;15.4;7.6
39;2021-03-31;657;519;40411;20151;15.7;7.8
39;2021-04-01;1310;309;41721;20460;16.2;7.9
39;2021-04-02;626;131;42347;20591;16.4;8.0
39;2021-04-03;180;7;42527;20598;16.5;8.0
39;2021-04-04;4;1;42531;20599;16.5;8.0
39;2021-04-05;1;0;42532;20599;16.5;8.0
39;2021-04-06;824;631;43356;21230;16.8;8.2
39;2021-04-07;1131;677;44487;21907;17.3;8.5
39;2021-04-08;1790;572;46277;22479;17.9;8.7
39;2021-04-09;1676;289;47953;22768;18.6;8.8
39;2021-04-10;345;182;48298;22950;18.7;8.9
39;2021-04-11;2;0;48300;22950;18.7;8.9
39;2021-04-12;679;394;48979;23344;19.0;9.1
39;2021-04-13;1202;581;50181;23925;19.5;9.3
39;2021-04-14;845;636;51026;24561;19.8;9.5
39;2021-04-15;1481;712;52507;25273;20.4;9.8
39;2021-04-16;1090;173;53597;25446;20.8;9.9
39;2021-04-17;197;58;53794;25504;20.9;9.9
39;2021-04-18;0;0;53794;25504;20.9;9.9
39;2021-04-19;524;699;54318;26203;21.1;10.2
39;2021-04-20;765;541;55083;26744;21.4;10.4
39;2021-04-21;1142;718;56225;27462;21.8;10.7
39;2021-04-22;1012;1131;57237;28593;22.2;11.1
39;2021-04-23;457;358;57694;28951;22.4;11.2
39;2021-04-24;275;149;57969;29100;22.5;11.3
39;2021-04-25;12;2;57981;29102;22.5;11.3
39;2021-04-26;569;1036;58550;30138;22.7;11.7
39;2021-04-27;788;981;59338;31119;23.0;12.1
39;2021-04-28;1719;416;61057;31535;23.7;12.2
39;2021-04-29;2571;967;63628;32502;24.7;12.6
39;2021-04-30;2474;388;66102;32890;25.6;12.8
39;2021-05-01;41;53;66143;32943;25.7;12.8
39;2021-05-02;0;0;66143;32943;25.7;12.8
39;2021-05-03;917;805;67060;33748;26.0;13.1
39;2021-05-04;949;1128;68009;34876;26.4;13.5
39;2021-05-05;1952;886;69961;35762;27.1;13.9
39;2021-05-06;2424;1338;72385;37100;28.1;14.4
39;2021-05-07;1286;572;73671;37672;28.6;14.6
39;2021-05-08;179;55;73850;37727;28.6;14.6
39;2021-05-09;10;8;73860;37735;28.6;14.6
39;2021-05-10;1762;846;75622;38581;29.3;15.0
39;2021-05-11;1773;1512;77395;40093;30.0;15.5
39;2021-05-12;1801;1486;79196;41579;30.7;16.1
39;2021-05-13;246;23;79442;41602;30.8;16.1
39;2021-05-14;2392;329;81834;41931;31.7;16.3
39;2021-05-15;1848;256;83682;42187;32.5;16.4
39;2021-05-16;0;0;83682;42187;32.5;16.4
39;2021-05-17;1988;724;85670;42911;33.2;16.6
39;2021-05-18;1691;1182;87361;44093;33.9;17.1
39;2021-05-19;2496;556;89857;44649;34.8;17.3
39;2021-05-20;2467;753;92324;45402;35.8;17.6
39;2021-05-21;1799;563;94123;45965;36.5;17.8
39;2021-05-22;322;220;94445;46185;36.6;17.9
39;2021-05-23;7;36;94452;46221;36.6;17.9
39;2021-05-24;8;28;94460;46249;36.6;17.9
39;2021-05-25;1726;1201;96186;47450;37.3;18.4
39;2021-05-26;1643;1377;97829;48827;37.9;18.9
39;2021-05-27;1487;1622;99316;50449;38.5;19.6
39;2021-05-28;856;1218;100172;51667;38.8;20.0
39;2021-05-29;261;275;100433;51942;39.0;20.1
39;2021-05-30;2;40;100435;51982;39.0;20.2
39;2021-05-31;1626;1247;102061;53229;39.6;20.6
39;2021-06-01;1894;1319;103955;54548;40.3;21.2
39;2021-06-02;1705;1175;105660;55723;41.0;21.6
39;2021-06-03;1326;1159;106986;56882;41.5;22.1
39;2021-06-04;942;1069;107928;57951;41.9;22.5
39;2021-06-05;766;516;108694;58467;42.2;22.7
39;2021-06-06;1;36;108695;58503;42.2;22.7
39;2021-06-07;2105;913;110800;59416;43.0;23.0
39;2021-06-08;2211;1155;113011;60571;43.8;23.5
39;2021-06-09;1733;1244;114744;61815;44.5;24.0
39;2021-06-10;1617;2081;116361;63896;45.1;24.8
39;2021-06-11;1568;1271;117929;65167;45.7;25.3
39;2021-06-12;1263;348;119192;65515;46.2;25.4
39;2021-06-13;10;18;119202;65533;46.2;25.4
39;2021-06-14;1335;1896;120537;67429;46.7;26.2
39;2021-06-15;1383;1253;121920;68682;47.3;26.6
39;2021-06-16;1171;1539;123091;70221;47.7;27.2
39;2021-06-17;1044;1715;124135;71936;48.1;27.9
39;2021-06-18;1637;1178;125772;73114;48.8;28.4
39;2021-06-19;249;412;126021;73526;48.9;28.5
39;2021-06-20;2;18;126023;73544;48.9;28.5
39;2021-06-21;351;2494;126374;76038;49.0;29.5
39;2021-06-22;810;2289;127184;78327;49.3;30.4
39;2021-06-23;1199;1301;128383;79628;49.8;30.9
39;2021-06-24;738;1047;129121;80675;50.1;31.3
39;2021-06-25;681;2961;129802;83636;50.3;32.4
39;2021-06-26;205;1565;130007;85201;50.4;33.0
39;2021-06-27;0;0;130007;85201;50.4;33.0
39;2021-06-28;304;2745;130311;87946;50.5;34.1
39;2021-06-29;498;2696;130809;90642;50.7;35.2
39;2021-06-30;896;2419;131705;93061;51.1;36.1
39;2021-07-01;644;1936;132349;94997;51.3;36.8
39;2021-07-02;1111;1404;133460;96401;51.8;37.4
39;2021-07-03;553;523;134013;96924;52.0;37.6
39;2021-07-04;1;2;134014;96926;52.0;37.6
39;2021-07-05;601;2590;134615;99516;52.2;38.6
39;2021-07-06;836;1884;135451;101400;52.5;39.3
39;2021-07-07;587;1389;136038;102789;52.8;39.9
39;2021-07-08;697;905;136735;103694;53.0;40.2
39;2021-07-09;1080;1585;137815;105279;53.4;40.8
39;2021-07-10;738;476;138553;105755;53.7;41.0
39;2021-07-11;28;8;138581;105763;53.7;41.0
39;2021-07-12;571;2595;139152;108358;54.0;42.0
39;2021-07-13;1633;2653;140785;111011;54.6;43.1
39;2021-07-14;16;20;140801;111031;54.6;43.1
39;2021-07-15;1896;1839;142697;112870;55.3;43.8
39;2021-07-16;3224;2035;145921;114905;56.6;44.6
39;2021-07-17;2224;1152;148145;116057;57.5;45.0
39;2021-07-18;164;52;148309;116109;57.5;45.0
39;2021-07-19;1393;2955;149702;119064;58.1;46.2
39;2021-07-20;1832;2810;151534;121874;58.8;47.3
39;2021-07-21;2580;2579;154114;124453;59.8;48.3
39;2021-07-22;1934;1836;156048;126289;60.5;49.0
39;2021-07-23;1806;1922;157854;128211;61.2;49.7
39;2021-07-24;1397;1426;159251;129637;61.8;50.3
39;2021-07-25;0;1;159251;129638;61.8;50.3
39;2021-07-26;1316;1995;160567;131633;62.3;51.1
39;2021-07-27;2328;1894;162895;133527;63.2;51.8
39;2021-07-28;2680;1473;165575;135000;64.2;52.4
39;2021-07-29;2192;1743;167767;136743;65.1;53.0
39;2021-07-30;2029;1457;169796;138200;65.9;53.6
39;2021-07-31;1363;653;171159;138853;66.4;53.9
39;2021-08-01;9;18;171168;138871;66.4;53.9
39;2021-08-02;1203;1397;172371;140268;66.8;54.4
39;2021-08-03;1908;1482;174279;141750;67.6;55.0
39;2021-08-04;1035;658;175314;142408;68.0;55.2
39;2021-08-05;1231;728;176545;143136;68.5;55.5
39;2021-08-06;1373;2284;177918;145420;69.0;56.4
39;2021-08-07;1058;1205;178976;146625;69.4;56.9
39;2021-08-08;26;9;179002;146634;69.4;56.9
39;2021-08-09;435;301;179437;146935;69.6;57.0
40;2020-12-27;0;0;0;0;0.0;0.0
40;2020-12-28;0;0;0;0;0.0;0.0
40;2020-12-29;0;0;0;0;0.0;0.0
40;2020-12-30;0;0;0;0;0.0;0.0
40;2020-12-31;0;0;0;0;0.0;0.0
40;2021-01-01;0;0;0;0;0.0;0.0
40;2021-01-02;0;0;0;0;0.0;0.0
40;2021-01-03;0;0;0;0;0.0;0.0
40;2021-01-04;0;0;0;0;0.0;0.0
40;2021-01-05;0;0;0;0;0.0;0.0
40;2021-01-06;1;0;1;0;0.0;0.0
40;2021-01-07;212;0;213;0;0.1;0.0
40;2021-01-08;392;2;605;2;0.1;0.0
40;2021-01-09;0;0;605;2;0.1;0.0
40;2021-01-10;1;0;606;2;0.1;0.0
40;2021-01-11;111;0;717;2;0.2;0.0
40;2021-01-12;0;0;717;2;0.2;0.0
40;2021-01-13;681;0;1398;2;0.3;0.0
40;2021-01-14;901;5;2299;7;0.6;0.0
40;2021-01-15;810;3;3109;10;0.8;0.0
40;2021-01-16;157;0;3266;10;0.8;0.0
40;2021-01-17;1;1;3267;11;0.8;0.0
40;2021-01-18;402;0;3669;11;0.9;0.0
40;2021-01-19;1204;2;4873;13;1.2;0.0
40;2021-01-20;879;2;5752;15;1.4;0.0
40;2021-01-21;1266;4;7018;19;1.7;0.0
40;2021-01-22;809;2;7827;21;1.9;0.0
40;2021-01-23;288;0;8115;21;2.0;0.0
40;2021-01-24;2;0;8117;21;2.0;0.0
40;2021-01-25;393;1;8510;22;2.1;0.0
40;2021-01-26;803;6;9313;28;2.3;0.0
40;2021-01-27;1118;12;10431;40;2.5;0.0
40;2021-01-28;704;116;11135;156;2.7;0.0
40;2021-01-29;600;228;11735;384;2.8;0.1
40;2021-01-30;235;3;11970;387;2.9;0.1
40;2021-01-31;1;0;11971;387;2.9;0.1
40;2021-02-01;358;132;12329;519;3.0;0.1
40;2021-02-02;923;52;13252;571;3.2;0.1
40;2021-02-03;894;298;14146;869;3.4;0.2
40;2021-02-04;1058;602;15204;1471;3.7;0.4
40;2021-02-05;793;421;15997;1892;3.9;0.5
40;2021-02-06;379;84;16376;1976;4.0;0.5
40;2021-02-07;10;0;16386;1976;4.0;0.5
40;2021-02-08;372;122;16758;2098;4.1;0.5
40;2021-02-09;809;541;17567;2639;4.3;0.6
40;2021-02-10;748;470;18315;3109;4.4;0.8
40;2021-02-11;739;684;19054;3793;4.6;0.9
40;2021-02-12;628;643;19682;4436;4.8;1.1
40;2021-02-13;400;94;20082;4530;4.9;1.1
40;2021-02-14;0;0;20082;4530;4.9;1.1
40;2021-02-15;48;386;20130;4916;4.9;1.2
40;2021-02-16;285;599;20415;5515;5.0;1.3
40;2021-02-17;360;894;20775;6409;5.0;1.6
40;2021-02-18;382;698;21157;7107;5.1;1.7
40;2021-02-19;144;644;21301;7751;5.2;1.9
40;2021-02-20;39;95;21340;7846;5.2;1.9
40;2021-02-21;1;66;21341;7912;5.2;1.9
40;2021-02-22;53;565;21394;8477;5.2;2.1
40;2021-02-23;179;835;21573;9312;5.2;2.3
40;2021-02-24;282;686;21855;9998;5.3;2.4
40;2021-02-25;727;991;22582;10989;5.5;2.7
40;2021-02-26;655;636;23237;11625;5.6;2.8
40;2021-02-27;384;101;23621;11726;5.7;2.8
40;2021-02-28;2;0;23623;11726;5.7;2.8
40;2021-03-01;418;507;24041;12233;5.8;3.0
40;2021-03-02;734;1042;24775;13275;6.0;3.2
40;2021-03-03;933;911;25708;14186;6.2;3.4
40;2021-03-04;1315;822;27023;15008;6.6;3.6
40;2021-03-05;1230;744;28253;15752;6.9;3.8
40;2021-03-06;865;391;29118;16143;7.1;3.9
40;2021-03-07;92;9;29210;16152;7.1;3.9
40;2021-03-08;838;501;30048;16653;7.3;4.0
40;2021-03-09;1505;643;31553;17296;7.7;4.2
40;2021-03-10;1748;705;33301;18001;8.1;4.4
40;2021-03-11;1984;693;35285;18694;8.6;4.5
40;2021-03-12;2048;549;37333;19243;9.1;4.7
40;2021-03-13;970;254;38303;19497;9.3;4.7
40;2021-03-14;98;0;38401;19497;9.3;4.7
40;2021-03-15;924;89;39325;19586;9.5;4.8
40;2021-03-16;986;269;40311;19855;9.8;4.8
40;2021-03-17;1576;345;41887;20200;10.2;4.9
40;2021-03-18;1560;336;43447;20536;10.5;5.0
40;2021-03-19;1808;145;45255;20681;11.0;5.0
40;2021-03-20;706;13;45961;20694;11.2;5.0
40;2021-03-21;52;1;46013;20695;11.2;5.0
40;2021-03-22;1174;35;47187;20730;11.5;5.0
40;2021-03-23;2324;165;49511;20895;12.0;5.1
40;2021-03-24;2324;228;51835;21123;12.6;5.1
40;2021-03-25;2766;376;54601;21499;13.3;5.2
40;2021-03-26;3121;208;57722;21707;14.0;5.3
40;2021-03-27;923;45;58645;21752;14.2;5.3
40;2021-03-28;178;47;58823;21799;14.3;5.3
40;2021-03-29;1153;382;59976;22181;14.6;5.4
40;2021-03-30;2298;385;62274;22566;15.1;5.5
40;2021-03-31;2001;298;64275;22864;15.6;5.5
40;2021-04-01;2408;326;66683;23190;16.2;5.6
40;2021-04-02;2361;218;69044;23408;16.8;5.7
40;2021-04-03;743;120;69787;23528;16.9;5.7
40;2021-04-04;362;8;70149;23536;17.0;5.7
40;2021-04-05;523;40;70672;23576;17.2;5.7
40;2021-04-06;2096;804;72768;24380;17.7;5.9
40;2021-04-07;2664;872;75432;25252;18.3;6.1
40;2021-04-08;3058;894;78490;26146;19.1;6.3
40;2021-04-09;3826;600;82316;26746;20.0;6.5
40;2021-04-10;1598;340;83914;27086;20.4;6.6
40;2021-04-11;51;5;83965;27091;20.4;6.6
40;2021-04-12;2175;730;86140;27821;20.9;6.8
40;2021-04-13;2568;1089;88708;28910;21.5;7.0
40;2021-04-14;2571;1374;91279;30284;22.2;7.4
40;2021-04-15;2984;1504;94263;31788;22.9;7.7
40;2021-04-16;2877;1186;97140;32974;23.6;8.0
40;2021-04-17;1464;347;98604;33321;23.9;8.1
40;2021-04-18;57;24;98661;33345;23.9;8.1
40;2021-04-19;1057;1019;99718;34364;24.2;8.3
40;2021-04-20;1621;1743;101339;36107;24.6;8.8
40;2021-04-21;1775;1739;103114;37846;25.0;9.2
40;2021-04-22;2112;1774;105226;39620;25.5;9.6
40;2021-04-23;2160;1395;107386;41015;26.1;10.0
40;2021-04-24;1327;620;108713;41635;26.4;10.1
40;2021-04-25;37;57;108750;41692;26.4;10.1
40;2021-04-26;1250;1136;110000;42828;26.7;10.4
40;2021-04-27;1484;2031;111484;44859;27.1;10.9
40;2021-04-28;2051;1369;113535;46228;27.6;11.2
40;2021-04-29;2607;1895;116142;48123;28.2;11.7
40;2021-04-30;2699;1615;118841;49738;28.8;12.1
40;2021-05-01;1228;780;120069;50518;29.1;12.3
40;2021-05-02;143;322;120212;50840;29.2;12.3
40;2021-05-03;1858;1499;122070;52339;29.6;12.7
40;2021-05-04;1883;2468;123953;54807;30.1;13.3
40;2021-05-05;2189;2670;126142;57477;30.6;14.0
40;2021-05-06;2235;2861;128377;60338;31.2;14.6
40;2021-05-07;1905;3003;130282;63341;31.6;15.4
40;2021-05-08;675;467;130957;63808;31.8;15.5
40;2021-05-09;316;21;131273;63829;31.9;15.5
40;2021-05-10;1399;2054;132672;65883;32.2;16.0
40;2021-05-11;2196;2511;134868;68394;32.7;16.6
40;2021-05-12;2731;1942;137599;70336;33.4;17.1
40;2021-05-13;1983;515;139582;70851;33.9;17.2
40;2021-05-14;2324;1654;141906;72505;34.4;17.6
40;2021-05-15;1340;963;143246;73468;34.8;17.8
40;2021-05-16;434;24;143680;73492;34.9;17.8
40;2021-05-17;2120;1314;145800;74806;35.4;18.2
40;2021-05-18;2509;1417;148309;76223;36.0;18.5
40;2021-05-19;2954;1104;151263;77327;36.7;18.8
40;2021-05-20;3584;1164;154847;78491;37.6;19.1
40;2021-05-21;2923;1331;157770;79822;38.3;19.4
40;2021-05-22;1146;795;158916;80617;38.6;19.6
40;2021-05-23;631;29;159547;80646;38.7;19.6
40;2021-05-24;1211;332;160758;80978;39.0;19.7
40;2021-05-25;2169;1306;162927;82284;39.5;20.0
40;2021-05-26;2615;1560;165542;83844;40.2;20.4
40;2021-05-27;2733;2011;168275;85855;40.8;20.8
40;2021-05-28;2569;2276;170844;88131;41.5;21.4
40;2021-05-29;1558;1256;172402;89387;41.8;21.7
40;2021-05-30;3;52;172405;89439;41.8;21.7
40;2021-05-31;2564;1207;174969;90646;42.5;22.0
40;2021-06-01;3010;1770;177979;92416;43.2;22.4
40;2021-06-02;3173;1988;181152;94404;44.0;22.9
40;2021-06-03;3593;2337;184745;96741;44.8;23.5
40;2021-06-04;3016;2804;187761;99545;45.6;24.2
40;2021-06-05;1779;1394;189540;100939;46.0;24.5
40;2021-06-06;459;78;189999;101017;46.1;24.5
40;2021-06-07;2184;2025;192183;103042;46.6;25.0
40;2021-06-08;2951;2101;195134;105143;47.4;25.5
40;2021-06-09;3214;2265;198348;107408;48.1;26.1
40;2021-06-10;2996;2092;201344;109500;48.9;26.6
40;2021-06-11;3139;2796;204483;112296;49.6;27.3
40;2021-06-12;1965;1636;206448;113932;50.1;27.7
40;2021-06-13;643;161;207091;114093;50.3;27.7
40;2021-06-14;1457;2498;208548;116591;50.6;28.3
40;2021-06-15;2234;2819;210782;119410;51.2;29.0
40;2021-06-16;2603;2453;213385;121863;51.8;29.6
40;2021-06-17;2430;2435;215815;124298;52.4;30.2
40;2021-06-18;2321;2905;218136;127203;52.9;30.9
40;2021-06-19;1798;1232;219934;128435;53.4;31.2
40;2021-06-20;344;275;220278;128710;53.5;31.2
40;2021-06-21;1392;2319;221670;131029;53.8;31.8
40;2021-06-22;1686;2995;223356;134024;54.2;32.5
40;2021-06-23;1607;3345;224963;137369;54.6;33.3
40;2021-06-24;1734;2381;226697;139750;55.0;33.9
40;2021-06-25;1759;3262;228456;143012;55.5;34.7
40;2021-06-26;1327;1710;229783;144722;55.8;35.1
40;2021-06-27;263;354;230046;145076;55.8;35.2
40;2021-06-28;1332;2819;231378;147895;56.2;35.9
40;2021-06-29;1705;3384;233083;151279;56.6;36.7
40;2021-06-30;1773;3638;234856;154917;57.0;37.6
40;2021-07-01;1711;3948;236567;158865;57.4;38.6
40;2021-07-02;1551;3810;238118;162675;57.8;39.5
40;2021-07-03;675;1922;238793;164597;58.0;40.0
40;2021-07-04;218;483;239011;165080;58.0;40.1
40;2021-07-05;1470;3022;240481;168102;58.4;40.8
40;2021-07-06;1755;3609;242236;171711;58.8;41.7
40;2021-07-07;1973;3844;244209;175555;59.3;42.6
40;2021-07-08;2096;3407;246305;178962;59.8;43.4
40;2021-07-09;1901;3943;248206;182905;60.2;44.4
40;2021-07-10;1003;2159;249209;185064;60.5;44.9
40;2021-07-11;205;294;249414;185358;60.5;45.0
40;2021-07-12;1307;4042;250721;189400;60.9;46.0
40;2021-07-13;2416;4698;253137;194098;61.4;47.1
40;2021-07-14;2190;2056;255327;196154;62.0;47.6
40;2021-07-15;2824;4857;258151;201011;62.7;48.8
40;2021-07-16;3306;3944;261457;204955;63.5;49.7
40;2021-07-17;2103;2589;263560;207544;64.0;50.4
40;2021-07-18;468;541;264028;208085;64.1;50.5
40;2021-07-19;2556;3701;266584;211786;64.7;51.4
40;2021-07-20;3030;4052;269614;215838;65.4;52.4
40;2021-07-21;3176;3874;272790;219712;66.2;53.3
40;2021-07-22;3822;3924;276612;223636;67.1;54.3
40;2021-07-23;4063;4106;280675;227742;68.1;55.3
40;2021-07-24;2774;2095;283449;229837;68.8;55.8
40;2021-07-25;946;487;284395;230324;69.0;55.9
40;2021-07-26;2919;3075;287314;233399;69.7;56.7
40;2021-07-27;3487;3600;290801;236999;70.6;57.5
40;2021-07-28;3358;3388;294159;240387;71.4;58.3
40;2021-07-29;3511;3422;297670;243809;72.3;59.2
40;2021-07-30;3108;3398;300778;247207;73.0;60.0
40;2021-07-31;1768;1909;302546;249116;73.4;60.5
40;2021-08-01;343;286;302889;249402;73.5;60.5
40;2021-08-02;1986;2379;304875;251781;74.0;61.1
40;2021-08-03;2318;2681;307193;254462;74.6;61.8
40;2021-08-04;2084;2311;309277;256773;75.1;62.3
40;2021-08-05;1957;2662;311234;259435;75.5;63.0
40;2021-08-06;1866;3061;313100;262496;76.0;63.7
40;2021-08-07;1215;1744;314315;264240;76.3;64.1
40;2021-08-08;84;153;314399;264393;76.3;64.2
40;2021-08-09;1570;3122;315969;267515;76.7;64.9
41;2020-12-27;0;0;0;0;0.0;0.0
41;2020-12-28;0;0;0;0;0.0;0.0
41;2020-12-29;0;0;0;0;0.0;0.0
41;2020-12-30;0;0;0;0;0.0;0.0
41;2020-12-31;0;0;0;0;0.0;0.0
41;2021-01-01;0;0;0;0;0.0;0.0
41;2021-01-02;2;0;2;0;0.0;0.0
41;2021-01-03;0;0;2;0;0.0;0.0
41;2021-01-04;0;0;2;0;0.0;0.0
41;2021-01-05;35;0;37;0;0.0;0.0
41;2021-01-06;72;0;109;0;0.0;0.0
41;2021-01-07;21;0;130;0;0.0;0.0
41;2021-01-08;1;0;131;0;0.0;0.0
41;2021-01-09;0;0;131;0;0.0;0.0
41;2021-01-10;0;0;131;0;0.0;0.0
41;2021-01-11;133;0;264;0;0.1;0.0
41;2021-01-12;321;1;585;1;0.2;0.0
41;2021-01-13;270;0;855;1;0.3;0.0
41;2021-01-14;283;1;1138;2;0.3;0.0
41;2021-01-15;215;1;1353;3;0.4;0.0
41;2021-01-16;0;0;1353;3;0.4;0.0
41;2021-01-17;0;0;1353;3;0.4;0.0
41;2021-01-18;397;2;1750;5;0.5;0.0
41;2021-01-19;857;0;2607;5;0.8;0.0
41;2021-01-20;1056;3;3663;8;1.1;0.0
41;2021-01-21;1567;1;5230;9;1.6;0.0
41;2021-01-22;835;0;6065;9;1.9;0.0
41;2021-01-23;92;0;6157;9;1.9;0.0
41;2021-01-24;0;0;6157;9;1.9;0.0
41;2021-01-25;421;1;6578;10;2.0;0.0
41;2021-01-26;473;2;7051;12;2.2;0.0
41;2021-01-27;441;1;7492;13;2.3;0.0
41;2021-01-28;604;56;8096;69;2.5;0.0
41;2021-01-29;260;30;8356;99;2.5;0.0
41;2021-01-30;0;0;8356;99;2.5;0.0
41;2021-01-31;0;0;8356;99;2.5;0.0
41;2021-02-01;350;147;8706;246;2.7;0.1
41;2021-02-02;471;231;9177;477;2.8;0.1
41;2021-02-03;341;202;9518;679;2.9;0.2
41;2021-02-04;559;154;10077;833;3.1;0.3
41;2021-02-05;329;191;10406;1024;3.2;0.3
41;2021-02-06;4;0;10410;1024;3.2;0.3
41;2021-02-07;2;0;10412;1024;3.2;0.3
41;2021-02-08;306;311;10718;1335;3.3;0.4
41;2021-02-09;598;453;11316;1788;3.5;0.5
41;2021-02-10;486;693;11802;2481;3.6;0.8
41;2021-02-11;1066;1157;12868;3638;3.9;1.1
41;2021-02-12;688;356;13556;3994;4.1;1.2
41;2021-02-13;9;5;13565;3999;4.1;1.2
41;2021-02-14;2;27;13567;4026;4.1;1.2
41;2021-02-15;314;307;13881;4333;4.2;1.3
41;2021-02-16;354;565;14235;4898;4.3;1.5
41;2021-02-17;318;460;14553;5358;4.4;1.6
41;2021-02-18;617;318;15170;5676;4.6;1.7
41;2021-02-19;456;336;15626;6012;4.8;1.8
41;2021-02-20;69;58;15695;6070;4.8;1.9
41;2021-02-21;0;0;15695;6070;4.8;1.9
41;2021-02-22;310;421;16005;6491;4.9;2.0
41;2021-02-23;454;351;16459;6842;5.0;2.1
41;2021-02-24;281;441;16740;7283;5.1;2.2
41;2021-02-25;674;457;17414;7740;5.3;2.4
41;2021-02-26;629;252;18043;7992;5.5;2.4
41;2021-02-27;161;4;18204;7996;5.6;2.4
41;2021-02-28;4;31;18208;8027;5.6;2.4
41;2021-03-01;310;311;18518;8338;5.6;2.5
41;2021-03-02;648;413;19166;8751;5.8;2.7
41;2021-03-03;497;411;19663;9162;6.0;2.8
41;2021-03-04;782;836;20445;9998;6.2;3.0
41;2021-03-05;838;672;21283;10670;6.5;3.3
41;2021-03-06;715;18;21998;10688;6.7;3.3
41;2021-03-07;498;16;22496;10704;6.9;3.3
41;2021-03-08;299;378;22795;11082;7.0;3.4
41;2021-03-09;1042;450;23837;11532;7.3;3.5
41;2021-03-10;721;455;24558;11987;7.5;3.7
41;2021-03-11;1181;678;25739;12665;7.9;3.9
41;2021-03-12;1114;410;26853;13075;8.2;4.0
41;2021-03-13;1222;15;28075;13090;8.6;4.0
41;2021-03-14;392;3;28467;13093;8.7;4.0
41;2021-03-15;797;350;29264;13443;8.9;4.1
41;2021-03-16;1061;408;30325;13851;9.3;4.2
41;2021-03-17;587;240;30912;14091;9.4;4.3
41;2021-03-18;925;400;31837;14491;9.7;4.4
41;2021-03-19;911;332;32748;14823;10.0;4.5
41;2021-03-20;539;17;33287;14840;10.2;4.5
41;2021-03-21;1;0;33288;14840;10.2;4.5
41;2021-03-22;809;270;34097;15110;10.4;4.6
41;2021-03-23;1309;490;35406;15600;10.8;4.8
41;2021-03-24;1231;366;36637;15966;11.2;4.9
41;2021-03-25;2026;436;38663;16402;11.8;5.0
41;2021-03-26;1655;322;40318;16724;12.3;5.1
41;2021-03-27;452;56;40770;16780;12.4;5.1
41;2021-03-28;1;0;40771;16780;12.4;5.1
41;2021-03-29;938;306;41709;17086;12.7;5.2
41;2021-03-30;1496;595;43205;17681;13.2;5.4
41;2021-03-31;1147;494;44352;18175;13.5;5.5
41;2021-04-01;2252;558;46604;18733;14.2;5.7
41;2021-04-02;1242;472;47846;19205;14.6;5.9
41;2021-04-03;321;5;48167;19210;14.7;5.9
41;2021-04-04;39;0;48206;19210;14.7;5.9
41;2021-04-05;140;2;48346;19212;14.7;5.9
41;2021-04-06;1300;621;49646;19833;15.1;6.0
41;2021-04-07;1851;700;51497;20533;15.7;6.3
41;2021-04-08;2290;917;53787;21450;16.4;6.5
41;2021-04-09;2568;606;56355;22056;17.2;6.7
41;2021-04-10;954;497;57309;22553;17.5;6.9
41;2021-04-11;278;376;57587;22929;17.6;7.0
41;2021-04-12;1688;649;59275;23578;18.1;7.2
41;2021-04-13;2262;980;61537;24558;18.8;7.5
41;2021-04-14;1793;547;63330;25105;19.3;7.7
41;2021-04-15;2384;970;65714;26075;20.0;8.0
41;2021-04-16;1931;620;67645;26695;20.6;8.1
41;2021-04-17;647;134;68292;26829;20.8;8.2
41;2021-04-18;5;0;68297;26829;20.8;8.2
41;2021-04-19;1262;743;69559;27572;21.2;8.4
41;2021-04-20;2004;1203;71563;28775;21.8;8.8
41;2021-04-21;1504;911;73067;29686;22.3;9.1
41;2021-04-22;2235;1594;75302;31280;23.0;9.5
41;2021-04-23;1735;1076;77037;32356;23.5;9.9
41;2021-04-24;1544;276;78581;32632;24.0;10.0
41;2021-04-25;1007;20;79588;32652;24.3;10.0
41;2021-04-26;1356;626;80944;33278;24.7;10.2
41;2021-04-27;2094;1038;83038;34316;25.3;10.5
41;2021-04-28;1561;856;84599;35172;25.8;10.7
41;2021-04-29;2212;1373;86811;36545;26.5;11.1
41;2021-04-30;1962;864;88773;37409;27.1;11.4
41;2021-05-01;189;12;88962;37421;27.1;11.4
41;2021-05-02;107;17;89069;37438;27.2;11.4
41;2021-05-03;1866;890;90935;38328;27.7;11.7
41;2021-05-04;2096;1541;93031;39869;28.4;12.2
41;2021-05-05;1881;1189;94912;41058;29.0;12.5
41;2021-05-06;2448;1696;97360;42754;29.7;13.0
41;2021-05-07;2018;1798;99378;44552;30.3;13.6
41;2021-05-08;203;152;99581;44704;30.4;13.6
41;2021-05-09;11;354;99592;45058;30.4;13.7
41;2021-05-10;1590;1557;101182;46615;30.9;14.2
41;2021-05-11;2090;2097;103272;48712;31.5;14.9
41;2021-05-12;1952;1675;105224;50387;32.1;15.4
41;2021-05-13;1485;945;106709;51332;32.5;15.7
41;2021-05-14;1577;1304;108286;52636;33.0;16.1
41;2021-05-15;206;294;108492;52930;33.1;16.1
41;2021-05-16;4;0;108496;52930;33.1;16.1
41;2021-05-17;2483;560;110979;53490;33.9;16.3
41;2021-05-18;3138;1026;114117;54516;34.8;16.6
41;2021-05-19;2554;670;116671;55186;35.6;16.8
41;2021-05-20;3349;1153;120020;56339;36.6;17.2
41;2021-05-21;2726;967;122746;57306;37.4;17.5
41;2021-05-22;396;236;123142;57542;37.6;17.6
41;2021-05-23;6;2;123148;57544;37.6;17.6
41;2021-05-24;2605;145;125753;57689;38.4;17.6
41;2021-05-25;2989;576;128742;58265;39.3;17.8
41;2021-05-26;3037;646;131779;58911;40.2;18.0
41;2021-05-27;3296;1110;135075;60021;41.2;18.3
41;2021-05-28;3143;980;138218;61001;42.2;18.6
41;2021-05-29;2075;427;140293;61428;42.8;18.7
41;2021-05-30;344;22;140637;61450;42.9;18.7
41;2021-05-31;1711;1506;142348;62956;43.4;19.2
41;2021-06-01;2262;2012;144610;64968;44.1;19.8
41;2021-06-02;1831;1289;146441;66257;44.7;20.2
41;2021-06-03;2597;1942;149038;68199;45.5;20.8
41;2021-06-04;2306;1963;151344;70162;46.2;21.4
41;2021-06-05;611;1582;151955;71744;46.4;21.9
41;2021-06-06;108;927;152063;72671;46.4;22.2
41;2021-06-07;1517;1532;153580;74203;46.8;22.6
41;2021-06-08;1712;2414;155292;76617;47.4;23.4
41;2021-06-09;1615;1643;156907;78260;47.9;23.9
41;2021-06-10;1917;1817;158824;80077;48.4;24.4
41;2021-06-11;1572;1796;160396;81873;48.9;25.0
41;2021-06-12;663;649;161059;82522;49.1;25.2
41;2021-06-13;12;77;161071;82599;49.1;25.2
41;2021-06-14;1269;1963;162340;84562;49.5;25.8
41;2021-06-15;1834;2762;164174;87324;50.1;26.6
41;2021-06-16;1725;2309;165899;89633;50.6;27.3
41;2021-06-17;1811;2576;167710;92209;51.2;28.1
41;2021-06-18;1666;2399;169376;94608;51.7;28.9
41;2021-06-19;412;532;169788;95140;51.8;29.0
41;2021-06-20;11;32;169799;95172;51.8;29.0
41;2021-06-21;1325;1781;171124;96953;52.2;29.6
41;2021-06-22;1618;2564;172742;99517;52.7;30.4
41;2021-06-23;1375;2046;174117;101563;53.1;31.0
41;2021-06-24;1483;2310;175600;103873;53.6;31.7
41;2021-06-25;1295;2614;176895;106487;54.0;32.5
41;2021-06-26;434;613;177329;107100;54.1;32.7
41;2021-06-27;1;4;177330;107104;54.1;32.7
41;2021-06-28;404;2698;177734;109802;54.2;33.5
41;2021-06-29;664;3441;178398;113243;54.4;34.5
41;2021-06-30;549;3068;178947;116311;54.6;35.5
41;2021-07-01;767;3106;179714;119417;54.8;36.4
41;2021-07-02;589;3499;180303;122916;55.0;37.5
41;2021-07-03;158;647;180461;123563;55.0;37.7
41;2021-07-04;1;2;180462;123565;55.0;37.7
41;2021-07-05;287;2821;180749;126386;55.1;38.6
41;2021-07-06;666;3635;181415;130021;55.3;39.7
41;2021-07-07;478;3140;181893;133161;55.5;40.6
41;2021-07-08;942;3372;182835;136533;55.8;41.6
41;2021-07-09;534;3642;183369;140175;55.9;42.8
41;2021-07-10;246;2086;183615;142261;56.0;43.4
41;2021-07-11;5;281;183620;142542;56.0;43.5
41;2021-07-12;859;2295;184479;144837;56.3;44.2
41;2021-07-13;1195;3286;185674;148123;56.6;45.2
41;2021-07-14;140;1081;185814;149204;56.7;45.5
41;2021-07-15;1331;3326;187145;152530;57.1;46.5
41;2021-07-16;1089;3398;188234;155928;57.4;47.6
41;2021-07-17;341;807;188575;156735;57.5;47.8
41;2021-07-18;24;32;188599;156767;57.5;47.8
41;2021-07-19;1188;2319;189787;159086;57.9;48.5
41;2021-07-20;1634;2742;191421;161828;58.4;49.4
41;2021-07-21;1701;2087;193122;163915;58.9;50.0
41;2021-07-22;2258;2303;195380;166218;59.6;50.7
41;2021-07-23;2093;2477;197473;168695;60.2;51.5
41;2021-07-24;327;842;197800;169537;60.3;51.7
41;2021-07-25;17;23;197817;169560;60.3;51.7
41;2021-07-26;1895;1679;199712;171239;60.9;52.2
41;2021-07-27;2530;2338;202242;173577;61.7;52.9
41;2021-07-28;2161;1826;204403;175403;62.3;53.5
41;2021-07-29;2336;2021;206739;177424;63.1;54.1
41;2021-07-30;2151;2083;208890;179507;63.7;54.8
41;2021-07-31;378;576;209268;180083;63.8;54.9
41;2021-08-01;17;7;209285;180090;63.8;54.9
41;2021-08-02;1544;1607;210829;181697;64.3;55.4
41;2021-08-03;2507;1854;213336;183551;65.1;56.0
41;2021-08-04;2293;1194;215629;184745;65.8;56.4
41;2021-08-05;3025;1254;218654;185999;66.7;56.7
41;2021-08-06;2203;1296;220857;187295;67.4;57.1
41;2021-08-07;506;346;221363;187641;67.5;57.2
41;2021-08-08;13;20;221376;187661;67.5;57.2
41;2021-08-09;1675;1346;223051;189007;68.0;57.7
42;2020-12-27;2;0;2;0;0.0;0.0
42;2020-12-28;0;0;2;0;0.0;0.0
42;2020-12-29;0;0;2;0;0.0;0.0
42;2020-12-30;0;0;2;0;0.0;0.0
42;2020-12-31;0;0;2;0;0.0;0.0
42;2021-01-01;0;0;2;0;0.0;0.0
42;2021-01-02;0;0;2;0;0.0;0.0
42;2021-01-03;0;0;2;0;0.0;0.0
42;2021-01-04;1;0;3;0;0.0;0.0
42;2021-01-05;1;0;4;0;0.0;0.0
42;2021-01-06;178;1;182;1;0.0;0.0
42;2021-01-07;256;0;438;1;0.1;0.0
42;2021-01-08;262;1;700;2;0.1;0.0
42;2021-01-09;136;0;836;2;0.1;0.0
42;2021-01-10;0;0;836;2;0.1;0.0
42;2021-01-11;293;2;1129;4;0.1;0.0
42;2021-01-12;412;1;1541;5;0.2;0.0
42;2021-01-13;527;2;2068;7;0.3;0.0
42;2021-01-14;771;4;2839;11;0.4;0.0
42;2021-01-15;703;4;3542;15;0.5;0.0
42;2021-01-16;298;1;3840;16;0.5;0.0
42;2021-01-17;219;0;4059;16;0.5;0.0
42;2021-01-18;968;1;5027;17;0.7;0.0
42;2021-01-19;1328;11;6355;28;0.8;0.0
42;2021-01-20;955;4;7310;32;1.0;0.0
42;2021-01-21;1002;6;8312;38;1.1;0.0
42;2021-01-22;992;4;9304;42;1.2;0.0
42;2021-01-23;401;0;9705;42;1.3;0.0
42;2021-01-24;358;0;10063;42;1.3;0.0
42;2021-01-25;1098;10;11161;52;1.5;0.0
42;2021-01-26;1744;19;12905;71;1.7;0.0
42;2021-01-27;1457;123;14362;194;1.9;0.0
42;2021-01-28;1663;141;16025;335;2.1;0.0
42;2021-01-29;945;117;16970;452;2.2;0.1
42;2021-01-30;257;113;17227;565;2.3;0.1
42;2021-01-31;258;2;17485;567;2.3;0.1
42;2021-02-01;730;61;18215;628;2.4;0.1
42;2021-02-02;1800;295;20015;923;2.6;0.1
42;2021-02-03;1516;487;21531;1410;2.8;0.2
42;2021-02-04;1283;614;22814;2024;3.0;0.3
42;2021-02-05;684;525;23498;2549;3.1;0.3
42;2021-02-06;303;149;23801;2698;3.1;0.4
42;2021-02-07;275;153;24076;2851;3.1;0.4
42;2021-02-08;508;626;24584;3477;3.2;0.5
42;2021-02-09;703;802;25287;4279;3.3;0.6
42;2021-02-10;740;690;26027;4969;3.4;0.6
42;2021-02-11;767;677;26794;5646;3.5;0.7
42;2021-02-12;675;754;27469;6400;3.6;0.8
42;2021-02-13;427;304;27896;6704;3.6;0.9
42;2021-02-14;186;229;28082;6933;3.7;0.9
42;2021-02-15;521;820;28603;7753;3.7;1.0
42;2021-02-16;488;1245;29091;8998;3.8;1.2
42;2021-02-17;518;1535;29609;10533;3.9;1.4
42;2021-02-18;754;1384;30363;11917;4.0;1.6
42;2021-02-19;767;1021;31130;12938;4.1;1.7
42;2021-02-20;248;411;31378;13349;4.1;1.7
42;2021-02-21;63;328;31441;13677;4.1;1.8
42;2021-02-22;574;967;32015;14644;4.2;1.9
42;2021-02-23;1201;1424;33216;16068;4.3;2.1
42;2021-02-24;1240;1221;34456;17289;4.5;2.3
42;2021-02-25;1666;1416;36122;18705;4.7;2.4
42;2021-02-26;1646;925;37768;19630;4.9;2.6
42;2021-02-27;580;294;38348;19924;5.0;2.6
42;2021-02-28;166;125;38514;20049;5.0;2.6
42;2021-03-01;812;849;39326;20898;5.1;2.7
42;2021-03-02;1274;813;40600;21711;5.3;2.8
42;2021-03-03;1366;797;41966;22508;5.5;2.9
42;2021-03-04;1704;702;43670;23210;5.7;3.0
42;2021-03-05;2627;654;46297;23864;6.1;3.1
42;2021-03-06;1932;254;48229;24118;6.3;3.2
42;2021-03-07;1492;84;49721;24202;6.5;3.2
42;2021-03-08;1404;505;51125;24707;6.7;3.2
42;2021-03-09;1984;449;53109;25156;6.9;3.3
42;2021-03-10;2053;487;55162;25643;7.2;3.4
42;2021-03-11;3047;595;58209;26238;7.6;3.4
42;2021-03-12;3006;820;61215;27058;8.0;3.5
42;2021-03-13;1479;354;62694;27412;8.2;3.6
42;2021-03-14;472;175;63166;27587;8.3;3.6
42;2021-03-15;1572;589;64738;28176;8.5;3.7
42;2021-03-16;1471;771;66209;28947;8.7;3.8
42;2021-03-17;1715;1066;67924;30013;8.9;3.9
42;2021-03-18;1804;1022;69728;31035;9.1;4.1
42;2021-03-19;2565;670;72293;31705;9.5;4.1
42;2021-03-20;1671;225;73964;31930;9.7;4.2
42;2021-03-21;528;95;74492;32025;9.7;4.2
42;2021-03-22;1429;732;75921;32757;9.9;4.3
42;2021-03-23;2506;846;78427;33603;10.3;4.4
42;2021-03-24;2782;776;81209;34379;10.6;4.5
42;2021-03-25;3720;931;84929;35310;11.1;4.6
42;2021-03-26;3759;779;88688;36089;11.6;4.7
42;2021-03-27;1805;438;90493;36527;11.8;4.8
42;2021-03-28;1040;207;91533;36734;12.0;4.8
42;2021-03-29;2062;917;93595;37651;12.2;4.9
42;2021-03-30;3145;850;96740;38501;12.7;5.0
42;2021-03-31;2442;1061;99182;39562;13.0;5.2
42;2021-04-01;3390;1035;102572;40597;13.4;5.3
42;2021-04-02;2849;1215;105421;41812;13.8;5.5
42;2021-04-03;1418;599;106839;42411;14.0;5.5
42;2021-04-04;1401;387;108240;42798;14.2;5.6
42;2021-04-05;1900;284;110140;43082;14.4;5.6
42;2021-04-06;2293;1402;112433;44484;14.7;5.8
42;2021-04-07;2756;1817;115189;46301;15.1;6.1
42;2021-04-08;4021;1582;119210;47883;15.6;6.3
42;2021-04-09;5127;1527;124337;49410;16.3;6.5
42;2021-04-10;2589;751;126926;50161;16.6;6.6
42;2021-04-11;1955;416;128881;50577;16.9;6.6
42;2021-04-12;3696;1537;132577;52114;17.3;6.8
42;2021-04-13;4660;1799;137237;53913;17.9;7.0
42;2021-04-14;4311;1891;141548;55804;18.5;7.3
42;2021-04-15;4805;1801;146353;57605;19.1;7.5
42;2021-04-16;4616;1870;150969;59475;19.7;7.8
42;2021-04-17;2980;1067;153949;60542;20.1;7.9
42;2021-04-18;1884;411;155833;60953;20.4;8.0
42;2021-04-19;3090;1530;158923;62483;20.8;8.2
42;2021-04-20;3465;1944;162388;64427;21.2;8.4
42;2021-04-21;3471;1742;165859;66169;21.7;8.7
42;2021-04-22;3768;1939;169627;68108;22.2;8.9
42;2021-04-23;3836;2002;173463;70110;22.7;9.2
42;2021-04-24;2359;1513;175822;71623;23.0;9.4
42;2021-04-25;1659;943;177481;72566;23.2;9.5
42;2021-04-26;3276;1722;180757;74288;23.6;9.7
42;2021-04-27;3256;2201;184013;76489;24.1;10.0
42;2021-04-28;3464;2615;187477;79104;24.5;10.3
42;2021-04-29;3770;2800;191247;81904;25.0;10.7
42;2021-04-30;3361;3029;194608;84933;25.4;11.1
42;2021-05-01;2969;1039;197577;85972;25.8;11.2
42;2021-05-02;1936;1256;199513;87228;26.1;11.4
42;2021-05-03;2872;2762;202385;89990;26.5;11.8
42;2021-05-04;3418;3122;205803;93112;26.9;12.2
42;2021-05-05;3331;3397;209134;96509;27.3;12.6
42;2021-05-06;3890;3761;213024;100270;27.9;13.1
42;2021-05-07;3731;4032;216755;104302;28.3;13.6
42;2021-05-08;3165;1064;219920;105366;28.8;13.8
42;2021-05-09;1506;2211;221426;107577;29.0;14.1
42;2021-05-10;3250;3822;224676;111399;29.4;14.6
42;2021-05-11;5579;3907;230255;115306;30.1;15.1
42;2021-05-12;5344;3564;235599;118870;30.8;15.5
42;2021-05-13;5454;1133;241053;120003;31.5;15.7
42;2021-05-14;5242;2923;246295;122926;32.2;16.1
42;2021-05-15;4881;2113;251176;125039;32.8;16.4
42;2021-05-16;2871;1036;254047;126075;33.2;16.5
42;2021-05-17;5886;2838;259933;128913;34.0;16.9
42;2021-05-18;6251;2981;266184;131894;34.8;17.2
42;2021-05-19;6526;2746;272710;134640;35.7;17.6
42;2021-05-20;7107;2889;279817;137529;36.6;18.0
42;2021-05-21;6352;3266;286169;140795;37.4;18.4
42;2021-05-22;5837;2120;292006;142915;38.2;18.7
42;2021-05-23;2833;871;294839;143786;38.6;18.8
42;2021-05-24;5250;1423;300089;145209;39.2;19.0
42;2021-05-25;5154;3946;305243;149155;39.9;19.5
42;2021-05-26;5160;3448;310403;152603;40.6;20.0
42;2021-05-27;5366;3633;315769;156236;41.3;20.4
42;2021-05-28;5039;4198;320808;160434;42.0;21.0
42;2021-05-29;4342;2985;325150;163419;42.5;21.4
42;2021-05-30;1981;1209;327131;164628;42.8;21.5
42;2021-05-31;4241;3425;331372;168053;43.3;22.0
42;2021-06-01;4591;3571;335963;171624;43.9;22.4
42;2021-06-02;4472;3008;340435;174632;44.5;22.8
42;2021-06-03;4925;3835;345360;178467;45.2;23.3
42;2021-06-04;4767;4218;350127;182685;45.8;23.9
42;2021-06-05;3688;2422;353815;185107;46.3;24.2
42;2021-06-06;1445;1293;355260;186400;46.5;24.4
42;2021-06-07;3988;3373;359248;189773;47.0;24.8
42;2021-06-08;3461;3239;362709;193012;47.4;25.2
42;2021-06-09;2959;3201;365668;196213;47.8;25.7
42;2021-06-10;3239;2930;368907;199143;48.2;26.0
42;2021-06-11;3587;4117;372494;203260;48.7;26.6
42;2021-06-12;2864;2881;375358;206141;49.1;27.0
42;2021-06-13;943;1277;376301;207418;49.2;27.1
42;2021-06-14;2308;4063;378609;211481;49.5;27.7
42;2021-06-15;2831;4069;381440;215550;49.9;28.2
42;2021-06-16;2925;3550;384365;219100;50.3;28.7
42;2021-06-17;2638;3740;387003;222840;50.6;29.1
42;2021-06-18;3089;5149;390092;227989;51.0;29.8
42;2021-06-19;2845;4244;392937;232233;51.4;30.4
42;2021-06-20;857;1842;393794;234075;51.5;30.6
42;2021-06-21;1905;6274;395699;240349;51.7;31.4
42;2021-06-22;1874;5896;397573;246245;52.0;32.2
42;2021-06-23;1840;5320;399413;251565;52.2;32.9
42;2021-06-24;1785;4680;401198;256245;52.5;33.5
42;2021-06-25;2032;6950;403230;263195;52.7;34.4
42;2021-06-26;1410;5818;404640;269013;52.9;35.2
42;2021-06-27;756;2853;405396;271866;53.0;35.6
42;2021-06-28;1745;7058;407141;278924;53.2;36.5
42;2021-06-29;1528;6562;408669;285486;53.4;37.3
42;2021-06-30;1965;5761;410634;291247;53.7;38.1
42;2021-07-01;1771;5118;412405;296365;53.9;38.8
42;2021-07-02;2045;6744;414450;303109;54.2;39.6
42;2021-07-03;1759;5973;416209;309082;54.4;40.4
42;2021-07-04;853;2510;417062;311592;54.5;40.7
42;2021-07-05;1711;6283;418773;317875;54.8;41.6
42;2021-07-06;2101;5572;420874;323447;55.0;42.3
42;2021-07-07;2326;4658;423200;328105;55.3;42.9
42;2021-07-08;2270;3960;425470;332065;55.6;43.4
42;2021-07-09;2379;6095;427849;338160;55.9;44.2
42;2021-07-10;1693;5582;429542;343742;56.2;44.9
42;2021-07-11;919;2296;430461;346038;56.3;45.2
42;2021-07-12;1769;6292;432230;352330;56.5;46.1
42;2021-07-13;3594;6282;435824;358612;57.0;46.9
42;2021-07-14;4471;2048;440295;360660;57.6;47.2
42;2021-07-15;4545;5617;444840;366277;58.2;47.9
42;2021-07-16;4343;6187;449183;372464;58.7;48.7
42;2021-07-17;3206;4699;452389;377163;59.2;49.3
42;2021-07-18;1837;1742;454226;378905;59.4;49.5
42;2021-07-19;3789;5061;458015;383966;59.9;50.2
42;2021-07-20;4684;4857;462699;388823;60.5;50.8
42;2021-07-21;5135;4701;467834;393524;61.2;51.5
42;2021-07-22;5471;3925;473305;397449;61.9;52.0
42;2021-07-23;5448;5090;478753;402539;62.6;52.6
42;2021-07-24;4003;3805;482756;406344;63.1;53.1
42;2021-07-25;1638;1380;484394;407724;63.3;53.3
42;2021-07-26;4692;4312;489086;412036;64.0;53.9
42;2021-07-27;5299;3946;494385;415982;64.6;54.4
42;2021-07-28;5750;3659;500135;419641;65.4;54.9
42;2021-07-29;5635;3412;505770;423053;66.1;55.3
42;2021-07-30;5099;3748;510869;426801;66.8;55.8
42;2021-07-31;4713;3036;515582;429837;67.4;56.2
42;2021-08-01;2476;1300;518058;431137;67.7;56.4
42;2021-08-02;4316;3091;522374;434228;68.3;56.8
42;2021-08-03;3793;3255;526167;437483;68.8;57.2
42;2021-08-04;3442;3206;529609;440689;69.3;57.6
42;2021-08-05;3378;3294;532987;443983;69.7;58.1
42;2021-08-06;3595;3962;536582;447945;70.2;58.6
42;2021-08-07;2997;3029;539579;450974;70.6;59.0
42;2021-08-08;1185;1701;540764;452675;70.7;59.2
42;2021-08-09;2783;3817;543547;456492;71.1;59.7
43;2020-12-27;0;0;0;0;0.0;0.0
43;2020-12-28;0;0;0;0;0.0;0.0
43;2020-12-29;0;0;0;0;0.0;0.0
43;2020-12-30;0;0;0;0;0.0;0.0
43;2020-12-31;0;0;0;0;0.0;0.0
43;2021-01-01;0;0;0;0;0.0;0.0
43;2021-01-02;0;0;0;0;0.0;0.0
43;2021-01-03;0;0;0;0;0.0;0.0
43;2021-01-04;1;0;1;0;0.0;0.0
43;2021-01-05;0;0;1;0;0.0;0.0
43;2021-01-06;0;0;1;0;0.0;0.0
43;2021-01-07;167;0;168;0;0.1;0.0
43;2021-01-08;151;1;319;1;0.1;0.0
43;2021-01-09;0;0;319;1;0.1;0.0
43;2021-01-10;0;0;319;1;0.1;0.0
43;2021-01-11;137;0;456;1;0.2;0.0
43;2021-01-12;244;1;700;2;0.3;0.0
43;2021-01-13;244;1;944;3;0.4;0.0
43;2021-01-14;293;2;1237;5;0.5;0.0
43;2021-01-15;303;2;1540;7;0.7;0.0
43;2021-01-16;32;0;1572;7;0.7;0.0
43;2021-01-17;0;0;1572;7;0.7;0.0
43;2021-01-18;760;5;2332;12;1.0;0.0
43;2021-01-19;776;6;3108;18;1.4;0.0
43;2021-01-20;517;0;3625;18;1.6;0.0
43;2021-01-21;446;2;4071;20;1.8;0.0
43;2021-01-22;465;8;4536;28;2.0;0.0
43;2021-01-23;1;0;4537;28;2.0;0.0
43;2021-01-24;1;0;4538;28;2.0;0.0
43;2021-01-25;539;0;5077;28;2.2;0.0
43;2021-01-26;616;4;5693;32;2.5;0.0
43;2021-01-27;740;0;6433;32;2.8;0.0
43;2021-01-28;747;32;7180;64;3.2;0.0
43;2021-01-29;719;84;7899;148;3.5;0.1
43;2021-01-30;109;0;8008;148;3.5;0.1
43;2021-01-31;0;0;8008;148;3.5;0.1
43;2021-02-01;404;100;8412;248;3.7;0.1
43;2021-02-02;711;151;9123;399;4.0;0.2
43;2021-02-03;691;43;9814;442;4.3;0.2
43;2021-02-04;523;172;10337;614;4.6;0.3
43;2021-02-05;543;172;10880;786;4.8;0.3
43;2021-02-06;164;19;11044;805;4.9;0.4
43;2021-02-07;0;0;11044;805;4.9;0.4
43;2021-02-08;411;304;11455;1109;5.0;0.5
43;2021-02-09;369;434;11824;1543;5.2;0.7
43;2021-02-10;399;361;12223;1904;5.4;0.8
43;2021-02-11;390;396;12613;2300;5.6;1.0
43;2021-02-12;426;201;13039;2501;5.7;1.1
43;2021-02-13;572;40;13611;2541;6.0;1.1
43;2021-02-14;0;0;13611;2541;6.0;1.1
43;2021-02-15;68;480;13679;3021;6.0;1.3
43;2021-02-16;41;375;13720;3396;6.0;1.5
43;2021-02-17;87;485;13807;3881;6.1;1.7
43;2021-02-18;147;379;13954;4260;6.1;1.9
43;2021-02-19;278;509;14232;4769;6.3;2.1
43;2021-02-20;22;4;14254;4773;6.3;2.1
43;2021-02-21;0;0;14254;4773;6.3;2.1
43;2021-02-22;16;501;14270;5274;6.3;2.3
43;2021-02-23;202;798;14472;6072;6.4;2.7
43;2021-02-24;147;714;14619;6786;6.4;3.0
43;2021-02-25;227;693;14846;7479;6.5;3.3
43;2021-02-26;222;673;15068;8152;6.6;3.6
43;2021-02-27;138;75;15206;8227;6.7;3.6
43;2021-02-28;1;0;15207;8227;6.7;3.6
43;2021-03-01;210;477;15417;8704;6.8;3.8
43;2021-03-02;342;580;15759;9284;6.9;4.1
43;2021-03-03;339;588;16098;9872;7.1;4.4
43;2021-03-04;551;461;16649;10333;7.3;4.6
43;2021-03-05;566;449;17215;10782;7.6;4.8
43;2021-03-06;489;178;17704;10960;7.8;4.8
43;2021-03-07;12;0;17716;10960;7.8;4.8
43;2021-03-08;445;443;18161;11403;8.0;5.0
43;2021-03-09;621;350;18782;11753;8.3;5.2
43;2021-03-10;673;492;19455;12245;8.6;5.4
43;2021-03-11;953;438;20408;12683;9.0;5.6
43;2021-03-12;945;424;21353;13107;9.4;5.8
43;2021-03-13;792;114;22145;13221;9.8;5.8
43;2021-03-14;2;0;22147;13221;9.8;5.8
43;2021-03-15;706;142;22853;13363;10.1;5.9
43;2021-03-16;847;279;23700;13642;10.4;6.0
43;2021-03-17;638;134;24338;13776;10.7;6.1
43;2021-03-18;675;131;25013;13907;11.0;6.1
43;2021-03-19;839;102;25852;14009;11.4;6.2
43;2021-03-20;450;60;26302;14069;11.6;6.2
43;2021-03-21;0;0;26302;14069;11.6;6.2
43;2021-03-22;744;37;27046;14106;11.9;6.2
43;2021-03-23;872;36;27918;14142;12.3;6.2
43;2021-03-24;1174;76;29092;14218;12.8;6.3
43;2021-03-25;1594;143;30686;14361;13.5;6.3
43;2021-03-26;1609;180;32295;14541;14.2;6.4
43;2021-03-27;1449;71;33744;14612;14.9;6.4
43;2021-03-28;420;20;34164;14632;15.1;6.4
43;2021-03-29;1094;166;35258;14798;15.5;6.5
43;2021-03-30;1312;234;36570;15032;16.1;6.6
43;2021-03-31;1305;247;37875;15279;16.7;6.7
43;2021-04-01;1345;335;39220;15614;17.3;6.9
43;2021-04-02;1051;350;40271;15964;17.7;7.0
43;2021-04-03;338;195;40609;16159;17.9;7.1
43;2021-04-04;0;0;40609;16159;17.9;7.1
43;2021-04-05;3;0;40612;16159;17.9;7.1
43;2021-04-06;689;603;41301;16762;18.2;7.4
43;2021-04-07;868;574;42169;17336;18.6;7.6
43;2021-04-08;1086;460;43255;17796;19.1;7.8
43;2021-04-09;1146;653;44401;18449;19.6;8.1
43;2021-04-10;625;260;45026;18709;19.8;8.2
43;2021-04-11;0;0;45026;18709;19.8;8.2
43;2021-04-12;682;651;45708;19360;20.1;8.5
43;2021-04-13;917;723;46625;20083;20.5;8.9
43;2021-04-14;725;666;47350;20749;20.9;9.1
43;2021-04-15;959;700;48309;21449;21.3;9.5
43;2021-04-16;1007;687;49316;22136;21.7;9.8
43;2021-04-17;423;302;49739;22438;21.9;9.9
43;2021-04-18;3;5;49742;22443;21.9;9.9
43;2021-04-19;628;564;50370;23007;22.2;10.1
43;2021-04-20;840;668;51210;23675;22.6;10.4
43;2021-04-21;320;987;51530;24662;22.7;10.9
43;2021-04-22;679;1014;52209;25676;23.0;11.3
43;2021-04-23;401;1100;52610;26776;23.2;11.8
43;2021-04-24;347;1038;52957;27814;23.3;12.3
43;2021-04-25;23;403;52980;28217;23.3;12.4
43;2021-04-26;386;963;53366;29180;23.5;12.9
43;2021-04-27;824;988;54190;30168;23.9;13.3
43;2021-04-28;794;1107;54984;31275;24.2;13.8
43;2021-04-29;1238;1139;56222;32414;24.8;14.3
43;2021-04-30;1199;1060;57421;33474;25.3;14.8
43;2021-05-01;400;22;57821;33496;25.5;14.8
43;2021-05-02;1;0;57822;33496;25.5;14.8
43;2021-05-03;1218;403;59040;33899;26.0;14.9
43;2021-05-04;1237;948;60277;34847;26.6;15.4
43;2021-05-05;1145;847;61422;35694;27.1;15.7
43;2021-05-06;1404;935;62826;36629;27.7;16.1
43;2021-05-07;1089;1169;63915;37798;28.2;16.7
43;2021-05-08;518;136;64433;37934;28.4;16.7
43;2021-05-09;0;2;64433;37936;28.4;16.7
43;2021-05-10;1085;722;65518;38658;28.9;17.0
43;2021-05-11;1555;1003;67073;39661;29.6;17.5
43;2021-05-12;1481;808;68554;40469;30.2;17.8
43;2021-05-13;936;380;69490;40849;30.6;18.0
43;2021-05-14;2203;1107;71693;41956;31.6;18.5
43;2021-05-15;1269;319;72962;42275;32.2;18.6
43;2021-05-16;272;47;73234;42322;32.3;18.7
43;2021-05-17;1624;626;74858;42948;33.0;18.9
43;2021-05-18;1966;672;76824;43620;33.9;19.2
43;2021-05-19;2068;569;78892;44189;34.8;19.5
43;2021-05-20;2338;800;81230;44989;35.8;19.8
43;2021-05-21;2384;706;83614;45695;36.9;20.1
43;2021-05-22;1208;340;84822;46035;37.4;20.3
43;2021-05-23;1;0;84823;46035;37.4;20.3
43;2021-05-24;382;100;85205;46135;37.6;20.3
43;2021-05-25;1407;653;86612;46788;38.2;20.6
43;2021-05-26;1349;557;87961;47345;38.8;20.9
43;2021-05-27;1389;710;89350;48055;39.4;21.2
43;2021-05-28;1348;732;90698;48787;40.0;21.5
43;2021-05-29;1135;600;91833;49387;40.5;21.8
43;2021-05-30;149;17;91982;49404;40.5;21.8
43;2021-05-31;1208;441;93190;49845;41.1;22.0
43;2021-06-01;1277;983;94467;50828;41.6;22.4
43;2021-06-02;1086;699;95553;51527;42.1;22.7
43;2021-06-03;1193;856;96746;52383;42.6;23.1
43;2021-06-04;1350;859;98096;53242;43.2;23.5
43;2021-06-05;824;450;98920;53692;43.6;23.7
43;2021-06-06;10;5;98930;53697;43.6;23.7
43;2021-06-07;749;515;99679;54212;43.9;23.9
43;2021-06-08;664;703;100343;54915;44.2;24.2
43;2021-06-09;539;759;100882;55674;44.5;24.5
43;2021-06-10;807;1119;101689;56793;44.8;25.0
43;2021-06-11;758;1345;102447;58138;45.2;25.6
43;2021-06-12;914;513;103361;58651;45.6;25.8
43;2021-06-13;3;27;103364;58678;45.6;25.9
43;2021-06-14;447;1089;103811;59767;45.8;26.3
43;2021-06-15;630;1195;104441;60962;46.0;26.9
43;2021-06-16;549;975;104990;61937;46.3;27.3
43;2021-06-17;600;1500;105590;63437;46.5;28.0
43;2021-06-18;901;1462;106491;64899;46.9;28.6
43;2021-06-19;448;782;106939;65681;47.1;28.9
43;2021-06-20;0;12;106939;65693;47.1;29.0
43;2021-06-21;423;1305;107362;66998;47.3;29.5
43;2021-06-22;532;1960;107894;68958;47.6;30.4
43;2021-06-23;343;1743;108237;70701;47.7;31.2
43;2021-06-24;512;1494;108749;72195;47.9;31.8
43;2021-06-25;596;2345;109345;74540;48.2;32.9
43;2021-06-26;505;1245;109850;75785;48.4;33.4
43;2021-06-27;10;20;109860;75805;48.4;33.4
43;2021-06-28;341;1785;110201;77590;48.6;34.2
43;2021-06-29;525;2378;110726;79968;48.8;35.2
43;2021-06-30;459;2275;111185;82243;49.0;36.2
43;2021-07-01;472;1909;111657;84152;49.2;37.1
43;2021-07-02;500;1961;112157;86113;49.4;38.0
43;2021-07-03;256;1106;112413;87219;49.5;38.4
43;2021-07-04;1;0;112414;87219;49.5;38.4
43;2021-07-05;525;1198;112939;88417;49.8;39.0
43;2021-07-06;631;1679;113570;90096;50.1;39.7
43;2021-07-07;522;1419;114092;91515;50.3;40.3
43;2021-07-08;837;1419;114929;92934;50.7;41.0
43;2021-07-09;550;1497;115479;94431;50.9;41.6
43;2021-07-10;401;1334;115880;95765;51.1;42.2
43;2021-07-11;23;98;115903;95863;51.1;42.2
43;2021-07-12;602;1685;116505;97548;51.3;43.0
43;2021-07-13;1185;1851;117690;99399;51.9;43.8
43;2021-07-14;845;157;118535;99556;52.2;43.9
43;2021-07-15;1931;1838;120466;101394;53.1;44.7
43;2021-07-16;1748;1613;122214;103007;53.9;45.4
43;2021-07-17;1540;1195;123754;104202;54.5;45.9
43;2021-07-18;4;19;123758;104221;54.5;45.9
43;2021-07-19;1436;1260;125194;105481;55.2;46.5
43;2021-07-20;1886;1451;127080;106932;56.0;47.1
43;2021-07-21;1842;1108;128922;108040;56.8;47.6
43;2021-07-22;2101;1322;131023;109362;57.7;48.2
43;2021-07-23;1615;1320;132638;110682;58.5;48.8
43;2021-07-24;574;990;133212;111672;58.7;49.2
43;2021-07-25;0;1;133212;111673;58.7;49.2
43;2021-07-26;1637;1069;134849;112742;59.4;49.7
43;2021-07-27;2268;1218;137117;113960;60.4;50.2
43;2021-07-28;1951;1088;139068;115048;61.3;50.7
43;2021-07-29;1977;1021;141045;116069;62.2;51.2
43;2021-07-30;1861;1336;142906;117405;63.0;51.7
43;2021-07-31;704;607;143610;118012;63.3;52.0
43;2021-08-01;13;20;143623;118032;63.3;52.0
43;2021-08-02;1531;965;145154;118997;64.0;52.4
43;2021-08-03;1397;1165;146551;120162;64.6;53.0
43;2021-08-04;1259;1104;147810;121266;65.1;53.4
43;2021-08-05;1250;1285;149060;122551;65.7;54.0
43;2021-08-06;1114;1454;150174;124005;66.2;54.7
43;2021-08-07;492;748;150666;124753;66.4;55.0
43;2021-08-08;4;0;150670;124753;66.4;55.0
43;2021-08-09;804;1626;151474;126379;66.8;55.7
44;2020-12-27;1;0;1;0;0.0;0.0
44;2020-12-28;1;0;2;0;0.0;0.0
44;2020-12-29;0;0;2;0;0.0;0.0
44;2020-12-30;1;0;3;0;0.0;0.0
44;2020-12-31;0;0;3;0;0.0;0.0
44;2021-01-01;0;0;3;0;0.0;0.0
44;2021-01-02;0;0;3;0;0.0;0.0
44;2021-01-03;3;0;6;0;0.0;0.0
44;2021-01-04;0;0;6;0;0.0;0.0
44;2021-01-05;1;0;7;0;0.0;0.0
44;2021-01-06;20;1;27;1;0.0;0.0
44;2021-01-07;186;0;213;1;0.0;0.0
44;2021-01-08;528;0;741;1;0.1;0.0
44;2021-01-09;473;0;1214;1;0.1;0.0
44;2021-01-10;455;1;1669;2;0.1;0.0
44;2021-01-11;801;0;2470;2;0.2;0.0
44;2021-01-12;906;1;3376;3;0.2;0.0
44;2021-01-13;1087;1;4463;4;0.3;0.0
44;2021-01-14;1113;8;5576;12;0.4;0.0
44;2021-01-15;987;1;6563;13;0.5;0.0
44;2021-01-16;335;2;6898;15;0.5;0.0
44;2021-01-17;327;1;7225;16;0.5;0.0
44;2021-01-18;855;3;8080;19;0.6;0.0
44;2021-01-19;2612;4;10692;23;0.7;0.0
44;2021-01-20;2724;5;13416;28;0.9;0.0
44;2021-01-21;4530;3;17946;31;1.2;0.0
44;2021-01-22;2415;6;20361;37;1.4;0.0
44;2021-01-23;764;1;21125;38;1.5;0.0
44;2021-01-24;119;0;21244;38;1.5;0.0
44;2021-01-25;829;0;22073;38;1.5;0.0
44;2021-01-26;2563;18;24636;56;1.7;0.0
44;2021-01-27;2092;63;26728;119;1.9;0.0
44;2021-01-28;3732;191;30460;310;2.1;0.0
44;2021-01-29;2368;493;32828;803;2.3;0.1
44;2021-01-30;628;216;33456;1019;2.3;0.1
44;2021-01-31;14;214;33470;1233;2.3;0.1
44;2021-02-01;591;544;34061;1777;2.4;0.1
44;2021-02-02;878;760;34939;2537;2.4;0.2
44;2021-02-03;889;899;35828;3436;2.5;0.2
44;2021-02-04;937;724;36765;4160;2.6;0.3
44;2021-02-05;893;629;37658;4789;2.6;0.3
44;2021-02-06;467;268;38125;5057;2.7;0.4
44;2021-02-07;72;208;38197;5265;2.7;0.4
44;2021-02-08;522;459;38719;5724;2.7;0.4
44;2021-02-09;989;1254;39708;6978;2.8;0.5
44;2021-02-10;1139;1315;40847;8293;2.8;0.6
44;2021-02-11;2288;3016;43135;11309;3.0;0.8
44;2021-02-12;1662;1749;44797;13058;3.1;0.9
44;2021-02-13;433;517;45230;13575;3.1;0.9
44;2021-02-14;10;180;45240;13755;3.1;1.0
44;2021-02-15;505;1102;45745;14857;3.2;1.0
44;2021-02-16;1441;2566;47186;17423;3.3;1.2
44;2021-02-17;1104;2172;48290;19595;3.4;1.4
44;2021-02-18;1959;3722;50249;23317;3.5;1.6
44;2021-02-19;1579;2540;51828;25857;3.6;1.8
44;2021-02-20;409;647;52237;26504;3.6;1.8
44;2021-02-21;6;178;52243;26682;3.6;1.9
44;2021-02-22;716;837;52959;27519;3.7;1.9
44;2021-02-23;1246;1131;54205;28650;3.8;2.0
44;2021-02-24;1239;1095;55444;29745;3.9;2.1
44;2021-02-25;2442;1085;57886;30830;4.0;2.1
44;2021-02-26;2291;964;60177;31794;4.2;2.2
44;2021-02-27;976;455;61153;32249;4.3;2.2
44;2021-02-28;6;32;61159;32281;4.3;2.2
44;2021-03-01;991;561;62150;32842;4.3;2.3
44;2021-03-02;1801;1053;63951;33895;4.4;2.4
44;2021-03-03;1859;1134;65810;35029;4.6;2.4
44;2021-03-04;2879;1574;68689;36603;4.8;2.5
44;2021-03-05;3476;1332;72165;37935;5.0;2.6
44;2021-03-06;2508;495;74673;38430;5.2;2.7
44;2021-03-07;988;87;75661;38517;5.3;2.7
44;2021-03-08;1784;613;77445;39130;5.4;2.7
44;2021-03-09;3352;1154;80797;40284;5.6;2.8
44;2021-03-10;3078;1114;83875;41398;5.8;2.9
44;2021-03-11;4437;1789;88312;43187;6.1;3.0
44;2021-03-12;5889;1297;94201;44484;6.6;3.1
44;2021-03-13;3631;299;97832;44783;6.8;3.1
44;2021-03-14;430;63;98262;44846;6.8;3.1
44;2021-03-15;2686;365;100948;45211;7.0;3.1
44;2021-03-16;2149;625;103097;45836;7.2;3.2
44;2021-03-17;1966;677;105063;46513;7.3;3.2
44;2021-03-18;2168;636;107231;47149;7.5;3.3
44;2021-03-19;3780;365;111011;47514;7.7;3.3
44;2021-03-20;3211;289;114222;47803;7.9;3.3
44;2021-03-21;913;18;115135;47821;8.0;3.3
44;2021-03-22;2463;439;117598;48260;8.2;3.4
44;2021-03-23;3960;702;121558;48962;8.5;3.4
44;2021-03-24;4302;629;125860;49591;8.8;3.5
44;2021-03-25;5621;926;131481;50517;9.1;3.5
44;2021-03-26;6501;758;137982;51275;9.6;3.6
44;2021-03-27;3214;422;141196;51697;9.8;3.6
44;2021-03-28;1244;39;142440;51736;9.9;3.6
44;2021-03-29;3118;791;145558;52527;10.1;3.7
44;2021-03-30;5135;1114;150693;53641;10.5;3.7
44;2021-03-31;4613;1308;155306;54949;10.8;3.8
44;2021-04-01;6131;998;161437;55947;11.2;3.9
44;2021-04-02;5795;949;167232;56896;11.6;4.0
44;2021-04-03;2435;650;169667;57546;11.8;4.0
44;2021-04-04;665;19;170332;57565;11.9;4.0
44;2021-04-05;692;286;171024;57851;11.9;4.0
44;2021-04-06;4205;1374;175229;59225;12.2;4.1
44;2021-04-07;5075;1653;180304;60878;12.5;4.2
44;2021-04-08;7180;1655;187484;62533;13.0;4.4
44;2021-04-09;10060;1793;197544;64326;13.7;4.5
44;2021-04-10;4560;1442;202104;65768;14.1;4.6
44;2021-04-11;2148;424;204252;66192;14.2;4.6
44;2021-04-12;5462;1585;209714;67777;14.6;4.7
44;2021-04-13;6729;2256;216443;70033;15.1;4.9
44;2021-04-14;5907;2230;222350;72263;15.5;5.0
44;2021-04-15;6702;2209;229052;74472;15.9;5.2
44;2021-04-16;7778;2033;236830;76505;16.5;5.3
44;2021-04-17;4298;1378;241128;77883;16.8;5.4
44;2021-04-18;2254;820;243382;78703;16.9;5.5
44;2021-04-19;5043;1905;248425;80608;17.3;5.6
44;2021-04-20;6280;2650;254705;83258;17.7;5.8
44;2021-04-21;6006;2780;260711;86038;18.1;6.0
44;2021-04-22;6958;2506;267669;88544;18.6;6.2
44;2021-04-23;7329;3165;274998;91709;19.1;6.4
44;2021-04-24;3975;2049;278973;93758;19.4;6.5
44;2021-04-25;2076;1057;281049;94815;19.6;6.6
44;2021-04-26;5645;2759;286694;97574;19.9;6.8
44;2021-04-27;7419;4103;294113;101677;20.5;7.1
44;2021-04-28;7604;3781;301717;105458;21.0;7.3
44;2021-04-29;8964;4269;310681;109727;21.6;7.6
44;2021-04-30;9566;4691;320247;114418;22.3;8.0
44;2021-05-01;2848;923;323095;115341;22.5;8.0
44;2021-05-02;1900;617;324995;115958;22.6;8.1
44;2021-05-03;5550;4073;330545;120031;23.0;8.4
44;2021-05-04;6330;5130;336875;125161;23.4;8.7
44;2021-05-05;6071;4627;342946;129788;23.9;9.0
44;2021-05-06;7252;4881;350198;134669;24.4;9.4
44;2021-05-07;7454;5717;357652;140386;24.9;9.8
44;2021-05-08;2583;1264;360235;141650;25.1;9.9
44;2021-05-09;1802;1815;362037;143465;25.2;10.0
44;2021-05-10;6571;5772;368608;149237;25.6;10.4
44;2021-05-11;7786;6262;376394;155499;26.2;10.8
44;2021-05-12;8193;5725;384587;161224;26.8;11.2
44;2021-05-13;5299;1186;389886;162410;27.1;11.3
44;2021-05-14;7586;3971;397472;166381;27.7;11.6
44;2021-05-15;5009;2231;402481;168612;28.0;11.7
44;2021-05-16;2796;742;405277;169354;28.2;11.8
44;2021-05-17;6745;5156;412022;174510;28.7;12.1
44;2021-05-18;7972;5239;419994;179749;29.2;12.5
44;2021-05-19;8166;4286;428160;184035;29.8;12.8
44;2021-05-20;8365;4654;436525;188689;30.4;13.1
44;2021-05-21;8836;5215;445361;193904;31.0;13.5
44;2021-05-22;5098;2233;450459;196137;31.3;13.6
44;2021-05-23;1759;824;452218;196961;31.5;13.7
44;2021-05-24;4887;1619;457105;198580;31.8;13.8
44;2021-05-25;7741;5544;464846;204124;32.3;14.2
44;2021-05-26;8180;5041;473026;209165;32.9;14.6
44;2021-05-27;9657;5353;482683;214518;33.6;14.9
44;2021-05-28;9185;6918;491868;221436;34.2;15.4
44;2021-05-29;5885;3336;497753;224772;34.6;15.6
44;2021-05-30;1775;704;499528;225476;34.8;15.7
44;2021-05-31;8060;6186;507588;231662;35.3;16.1
44;2021-06-01;9901;6561;517489;238223;36.0;16.6
44;2021-06-02;9520;5690;527009;243913;36.7;17.0
44;2021-06-03;10857;5883;537866;249796;37.4;17.4
44;2021-06-04;9959;8071;547825;257867;38.1;17.9
44;2021-06-05;5776;4345;553601;262212;38.5;18.2
44;2021-06-06;2361;1130;555962;263342;38.7;18.3
44;2021-06-07;9550;6935;565512;270277;39.3;18.8
44;2021-06-08;10908;7497;576420;277774;40.1;19.3
44;2021-06-09;10550;6325;586970;284099;40.8;19.8
44;2021-06-10;11411;6038;598381;290137;41.6;20.2
44;2021-06-11;11930;8637;610311;298774;42.5;20.8
44;2021-06-12;7757;4085;618068;302859;43.0;21.1
44;2021-06-13;2792;1008;620860;303867;43.2;21.1
44;2021-06-14;8733;8407;629593;312274;43.8;21.7
44;2021-06-15;11258;8241;640851;320515;44.6;22.3
44;2021-06-16;10945;7649;651796;328164;45.4;22.8
44;2021-06-17;11701;8674;663497;336838;46.2;23.4
44;2021-06-18;10689;10103;674186;346941;46.9;24.1
44;2021-06-19;5879;4322;680065;351263;47.3;24.4
44;2021-06-20;2534;1335;682599;352598;47.5;24.5
44;2021-06-21;7287;10011;689886;362609;48.0;25.2
44;2021-06-22;8447;10621;698333;373230;48.6;26.0
44;2021-06-23;8540;9130;706873;382360;49.2;26.6
44;2021-06-24;9115;8567;715988;390927;49.8;27.2
44;2021-06-25;7626;10809;723614;401736;50.4;28.0
44;2021-06-26;2959;6470;726573;408206;50.6;28.4
44;2021-06-27;815;2404;727388;410610;50.6;28.6
44;2021-06-28;5220;10055;732608;420665;51.0;29.3
44;2021-06-29;6178;12084;738786;432749;51.4;30.1
44;2021-06-30;6155;10454;744941;443203;51.8;30.8
44;2021-07-01;6901;10489;751842;453692;52.3;31.6
44;2021-07-02;6421;12546;758263;466238;52.8;32.4
44;2021-07-03;2578;7002;760841;473240;52.9;32.9
44;2021-07-04;994;2235;761835;475475;53.0;33.1
44;2021-07-05;5264;11868;767099;487343;53.4;33.9
44;2021-07-06;5953;12611;773052;499954;53.8;34.8
44;2021-07-07;6451;11096;779503;511050;54.2;35.6
44;2021-07-08;7297;11959;786800;523009;54.7;36.4
44;2021-07-09;6138;14256;792938;537265;55.2;37.4
44;2021-07-10;2382;7012;795320;544277;55.3;37.9
44;2021-07-11;724;2261;796044;546538;55.4;38.0
44;2021-07-12;4343;14060;800387;560598;55.7;39.0
44;2021-07-13;5712;14867;806099;575465;56.1;40.0
44;2021-07-14;3627;5815;809726;581280;56.3;40.4
44;2021-07-15;7138;14269;816864;595549;56.8;41.4
44;2021-07-16;8082;15000;824946;610549;57.4;42.5
44;2021-07-17;3351;7576;828297;618125;57.6;43.0
44;2021-07-18;1426;2547;829723;620672;57.7;43.2
44;2021-07-19;4667;14705;834390;635377;58.1;44.2
44;2021-07-20;5961;15686;840351;651063;58.5;45.3
44;2021-07-21;5800;14008;846151;665071;58.9;46.3
44;2021-07-22;6669;13758;852820;678829;59.3;47.2
44;2021-07-23;6110;15650;858930;694479;59.8;48.3
44;2021-07-24;2818;8726;861748;703205;60.0;48.9
44;2021-07-25;929;3091;862677;706296;60.0;49.1
44;2021-07-26;6033;12700;868710;718996;60.4;50.0
44;2021-07-27;9617;12185;878327;731181;61.1;50.9
44;2021-07-28;9188;10834;887515;742015;61.8;51.6
44;2021-07-29;10194;10828;897709;752843;62.5;52.4
44;2021-07-30;9095;10914;906804;763757;63.1;53.1
44;2021-07-31;4734;5640;911538;769397;63.4;53.5
44;2021-08-01;2536;1405;914074;770802;63.6;53.6
44;2021-08-02;6272;9469;920346;780271;64.0;54.3
44;2021-08-03;8334;8532;928680;788803;64.6;54.9
44;2021-08-04;9021;6961;937701;795764;65.2;55.4
44;2021-08-05;11433;7492;949134;803256;66.0;55.9
44;2021-08-06;9581;8175;958715;811431;66.7;56.5
44;2021-08-07;4533;3682;963248;815113;67.0;56.7
44;2021-08-08;2498;1723;965746;816836;67.2;56.8
44;2021-08-09;8783;7929;974529;824765;67.8;57.4
45;2020-12-27;0;0;0;0;0.0;0.0
45;2020-12-28;1;0;1;0;0.0;0.0
45;2020-12-29;0;0;1;0;0.0;0.0
45;2020-12-30;0;0;1;0;0.0;0.0
45;2020-12-31;1;0;2;0;0.0;0.0
45;2021-01-01;0;0;2;0;0.0;0.0
45;2021-01-02;0;0;2;0;0.0;0.0
45;2021-01-03;0;0;2;0;0.0;0.0
45;2021-01-04;0;0;2;0;0.0;0.0
45;2021-01-05;76;0;78;0;0.0;0.0
45;2021-01-06;69;0;147;0;0.0;0.0
45;2021-01-07;186;0;333;0;0.0;0.0
45;2021-01-08;199;1;532;1;0.1;0.0
45;2021-01-09;42;0;574;1;0.1;0.0
45;2021-01-10;23;0;597;1;0.1;0.0
45;2021-01-11;254;0;851;1;0.1;0.0
45;2021-01-12;679;3;1530;4;0.2;0.0
45;2021-01-13;496;2;2026;6;0.3;0.0
45;2021-01-14;482;39;2508;45;0.4;0.0
45;2021-01-15;391;3;2899;48;0.4;0.0
45;2021-01-16;39;0;2938;48;0.4;0.0
45;2021-01-17;24;0;2962;48;0.4;0.0
45;2021-01-18;814;1;3776;49;0.6;0.0
45;2021-01-19;1196;6;4972;55;0.7;0.0
45;2021-01-20;2113;6;7085;61;1.0;0.0
45;2021-01-21;2523;6;9608;67;1.4;0.0
45;2021-01-22;1409;2;11017;69;1.6;0.0
45;2021-01-23;121;0;11138;69;1.6;0.0
45;2021-01-24;39;0;11177;69;1.6;0.0
45;2021-01-25;557;3;11734;72;1.7;0.0
45;2021-01-26;847;18;12581;90;1.8;0.0
45;2021-01-27;649;44;13230;134;1.9;0.0
45;2021-01-28;882;218;14112;352;2.1;0.1
45;2021-01-29;577;127;14689;479;2.2;0.1
45;2021-01-30;40;41;14729;520;2.2;0.1
45;2021-01-31;37;23;14766;543;2.2;0.1
45;2021-02-01;462;209;15228;752;2.2;0.1
45;2021-02-02;759;469;15987;1221;2.3;0.2
45;2021-02-03;773;481;16760;1702;2.5;0.2
45;2021-02-04;701;267;17461;1969;2.6;0.3
45;2021-02-05;417;151;17878;2120;2.6;0.3
45;2021-02-06;36;28;17914;2148;2.6;0.3
45;2021-02-07;7;31;17921;2179;2.6;0.3
45;2021-02-08;455;194;18376;2373;2.7;0.3
45;2021-02-09;1004;409;19380;2782;2.8;0.4
45;2021-02-10;1277;799;20657;3581;3.0;0.5
45;2021-02-11;1383;1524;22040;5105;3.2;0.7
45;2021-02-12;1052;1141;23092;6246;3.4;0.9
45;2021-02-13;85;158;23177;6404;3.4;0.9
45;2021-02-14;39;11;23216;6415;3.4;0.9
45;2021-02-15;523;610;23739;7025;3.5;1.0
45;2021-02-16;756;940;24495;7965;3.6;1.2
45;2021-02-17;642;1049;25137;9014;3.7;1.3
45;2021-02-18;840;856;25977;9870;3.8;1.4
45;2021-02-19;827;762;26804;10632;3.9;1.6
45;2021-02-20;59;94;26863;10726;3.9;1.6
45;2021-02-21;17;46;26880;10772;3.9;1.6
45;2021-02-22;407;632;27287;11404;4.0;1.7
45;2021-02-23;815;791;28102;12195;4.1;1.8
45;2021-02-24;650;918;28752;13113;4.2;1.9
45;2021-02-25;961;779;29713;13892;4.4;2.0
45;2021-02-26;1044;688;30757;14580;4.5;2.1
45;2021-02-27;290;52;31047;14632;4.5;2.1
45;2021-02-28;28;5;31075;14637;4.6;2.1
45;2021-03-01;533;335;31608;14972;4.6;2.2
45;2021-03-02;671;727;32279;15699;4.7;2.3
45;2021-03-03;982;894;33261;16593;4.9;2.4
45;2021-03-04;1108;985;34369;17578;5.0;2.6
45;2021-03-05;1441;862;35810;18440;5.2;2.7
45;2021-03-06;2021;126;37831;18566;5.5;2.7
45;2021-03-07;143;59;37974;18625;5.6;2.7
45;2021-03-08;752;848;38726;19473;5.7;2.9
45;2021-03-09;1256;718;39982;20191;5.9;3.0
45;2021-03-10;1594;901;41576;21092;6.1;3.1
45;2021-03-11;1720;751;43296;21843;6.3;3.2
45;2021-03-12;2074;606;45370;22449;6.6;3.3
45;2021-03-13;987;46;46357;22495;6.8;3.3
45;2021-03-14;24;43;46381;22538;6.8;3.3
45;2021-03-15;810;597;47191;23135;6.9;3.4
45;2021-03-16;943;838;48134;23973;7.0;3.5
45;2021-03-17;1051;688;49185;24661;7.2;3.6
45;2021-03-18;997;581;50182;25242;7.3;3.7
45;2021-03-19;1619;430;51801;25672;7.6;3.8
45;2021-03-20;498;82;52299;25754;7.7;3.8
45;2021-03-21;20;35;52319;25789;7.7;3.8
45;2021-03-22;914;528;53233;26317;7.8;3.9
45;2021-03-23;1983;718;55216;27035;8.1;4.0
45;2021-03-24;1897;548;57113;27583;8.4;4.0
45;2021-03-25;2983;448;60096;28031;8.8;4.1
45;2021-03-26;3389;477;63485;28508;9.3;4.2
45;2021-03-27;1793;119;65278;28627;9.6;4.2
45;2021-03-28;89;40;65367;28667;9.6;4.2
45;2021-03-29;1529;536;66896;29203;9.8;4.3
45;2021-03-30;2781;782;69677;29985;10.2;4.4
45;2021-03-31;2134;574;71811;30559;10.5;4.5
45;2021-04-01;2973;563;74784;31122;11.0;4.6
45;2021-04-02;2826;507;77610;31629;11.4;4.6
45;2021-04-03;810;73;78420;31702;11.5;4.6
45;2021-04-04;113;33;78533;31735;11.5;4.6
45;2021-04-05;14;2;78547;31737;11.5;4.6
45;2021-04-06;1734;791;80281;32528;11.8;4.8
45;2021-04-07;1776;1113;82057;33641;12.0;4.9
45;2021-04-08;2773;1019;84830;34660;12.4;5.1
45;2021-04-09;3673;641;88503;35301;13.0;5.2
45;2021-04-10;2322;106;90825;35407;13.3;5.2
45;2021-04-11;153;24;90978;35431;13.3;5.2
45;2021-04-12;2606;661;93584;36092;13.7;5.3
45;2021-04-13;3843;1081;97427;37173;14.3;5.4
45;2021-04-14;2930;1217;100357;38390;14.7;5.6
45;2021-04-15;3520;1031;103877;39421;15.2;5.8
45;2021-04-16;3775;683;107652;40104;15.8;5.9
45;2021-04-17;1613;110;109265;40214;16.0;5.9
45;2021-04-18;200;40;109465;40254;16.0;5.9
45;2021-04-19;1937;944;111402;41198;16.3;6.0
45;2021-04-20;3076;1695;114478;42893;16.8;6.3
45;2021-04-21;2722;1300;117200;44193;17.2;6.5
45;2021-04-22;3425;1839;120625;46032;17.7;6.7
45;2021-04-23;3276;1782;123901;47814;18.1;7.0
45;2021-04-24;2023;868;125924;48682;18.4;7.1
45;2021-04-25;292;86;126216;48768;18.5;7.1
45;2021-04-26;2228;1164;128444;49932;18.8;7.3
45;2021-04-27;3352;2352;131796;52284;19.3;7.7
45;2021-04-28;2802;1949;134598;54233;19.7;7.9
45;2021-04-29;3832;2336;138430;56569;20.3;8.3
45;2021-04-30;4389;1807;142819;58376;20.9;8.5
45;2021-05-01;451;61;143270;58437;21.0;8.6
45;2021-05-02;626;122;143896;58559;21.1;8.6
45;2021-05-03;2821;990;146717;59549;21.5;8.7
45;2021-05-04;3159;2343;149876;61892;21.9;9.1
45;2021-05-05;2714;2161;152590;64053;22.3;9.4
45;2021-05-06;3331;2538;155921;66591;22.8;9.8
45;2021-05-07;2874;3198;158795;69789;23.3;10.2
45;2021-05-08;611;245;159406;70034;23.3;10.3
45;2021-05-09;1498;125;160904;70159;23.6;10.3
45;2021-05-10;4140;2970;165044;73129;24.2;10.7
45;2021-05-11;5030;2967;170074;76096;24.9;11.1
45;2021-05-12;6078;2779;176152;78875;25.8;11.6
45;2021-05-13;2450;596;178602;79471;26.2;11.6
45;2021-05-14;4968;1628;183570;81099;26.9;11.9
45;2021-05-15;4066;608;187636;81707;27.5;12.0
45;2021-05-16;287;33;187923;81740;27.5;12.0
45;2021-05-17;3357;1538;191280;83278;28.0;12.2
45;2021-05-18;5118;1681;196398;84959;28.8;12.4
45;2021-05-19;4493;2059;200891;87018;29.4;12.7
45;2021-05-20;5264;2135;206155;89153;30.2;13.1
45;2021-05-21;5146;2229;211301;91382;30.9;13.4
45;2021-05-22;3040;631;214341;92013;31.4;13.5
45;2021-05-23;15;94;214356;92107;31.4;13.5
45;2021-05-24;2828;206;217184;92313;31.8;13.5
45;2021-05-25;4961;3030;222145;95343;32.5;14.0
45;2021-05-26;5112;2330;227257;97673;33.3;14.3
45;2021-05-27;5310;3235;232567;100908;34.1;14.8
45;2021-05-28;5662;3587;238229;104495;34.9;15.3
45;2021-05-29;3671;1286;241900;105781;35.4;15.5
45;2021-05-30;33;182;241933;105963;35.4;15.5
45;2021-05-31;4329;2520;246262;108483;36.1;15.9
45;2021-06-01;6090;2995;252352;111478;37.0;16.3
45;2021-06-02;4942;3095;257294;114573;37.7;16.8
45;2021-06-03;5618;3202;262912;117775;38.5;17.2
45;2021-06-04;5897;3186;268809;120961;39.4;17.7
45;2021-06-05;2029;1334;270838;122295;39.7;17.9
45;2021-06-06;87;198;270925;122493;39.7;17.9
45;2021-06-07;4081;2722;275006;125215;40.3;18.3
45;2021-06-08;4642;4074;279648;129289;41.0;18.9
45;2021-06-09;4356;3339;284004;132628;41.6;19.4
45;2021-06-10;4643;2684;288647;135312;42.3;19.8
45;2021-06-11;4115;3664;292762;138976;42.9;20.4
45;2021-06-12;2440;1509;295202;140485;43.2;20.6
45;2021-06-13;21;424;295223;140909;43.2;20.6
45;2021-06-14;3139;4151;298362;145060;43.7;21.2
45;2021-06-15;3389;4326;301751;149386;44.2;21.9
45;2021-06-16;3901;3454;305652;152840;44.8;22.4
45;2021-06-17;3525;3541;309177;156381;45.3;22.9
45;2021-06-18;3803;5030;312980;161411;45.8;23.6
45;2021-06-19;2395;1761;315375;163172;46.2;23.9
45;2021-06-20;47;142;315422;163314;46.2;23.9
45;2021-06-21;2163;5850;317585;169164;46.5;24.8
45;2021-06-22;2419;6529;320004;175693;46.9;25.7
45;2021-06-23;2284;5602;322288;181295;47.2;26.5
45;2021-06-24;2135;3530;324423;184825;47.5;27.1
45;2021-06-25;2444;6445;326867;191270;47.9;28.0
45;2021-06-26;1947;3091;328814;194361;48.2;28.5
45;2021-06-27;53;138;328867;194499;48.2;28.5
45;2021-06-28;2079;4831;330946;199330;48.5;29.2
45;2021-06-29;2834;6815;333780;206145;48.9;30.2
45;2021-06-30;2878;5846;336658;211991;49.3;31.0
45;2021-07-01;2386;5034;339044;217025;49.6;31.8
45;2021-07-02;2355;6284;341399;223309;50.0;32.7
45;2021-07-03;754;2541;342153;225850;50.1;33.1
45;2021-07-04;6;12;342159;225862;50.1;33.1
45;2021-07-05;2139;4989;344298;230851;50.4;33.8
45;2021-07-06;2794;6778;347092;237629;50.8;34.8
45;2021-07-07;2435;6058;349527;243687;51.2;35.7
45;2021-07-08;2817;5381;352344;249068;51.6;36.5
45;2021-07-09;2141;6982;354485;256050;51.9;37.5
45;2021-07-10;1540;3858;356025;259908;52.1;38.1
45;2021-07-11;23;31;356048;259939;52.1;38.1
45;2021-07-12;1589;6000;357637;265939;52.4;38.9
45;2021-07-13;2995;8231;360632;274170;52.8;40.1
45;2021-07-14;1470;1516;362102;275686;53.0;40.4
45;2021-07-15;3719;7289;365821;282975;53.6;41.4
45;2021-07-16;3243;7454;369064;290429;54.0;42.5
45;2021-07-17;1277;2330;370341;292759;54.2;42.9
45;2021-07-18;15;19;370356;292778;54.2;42.9
45;2021-07-19;1859;5950;372215;298728;54.5;43.7
45;2021-07-20;4684;6902;376899;305630;55.2;44.8
45;2021-07-21;5143;5466;382042;311096;55.9;45.6
45;2021-07-22;6156;4897;388198;315993;56.8;46.3
45;2021-07-23;4238;5483;392436;321476;57.5;47.1
45;2021-07-24;1851;2824;394287;324300;57.7;47.5
45;2021-07-25;5;14;394292;324314;57.7;47.5
45;2021-07-26;2899;4979;397191;329293;58.2;48.2
45;2021-07-27;5432;5065;402623;334358;59.0;49.0
45;2021-07-28;4977;4166;407600;338524;59.7;49.6
45;2021-07-29;5264;3243;412864;341767;60.5;50.0
45;2021-07-30;4728;4700;417592;346467;61.2;50.7
45;2021-07-31;846;1947;418438;348414;61.3;51.0
45;2021-08-01;1;4;418439;348418;61.3;51.0
45;2021-08-02;3592;3222;422031;351640;61.8;51.5
45;2021-08-03;4858;3003;426889;354643;62.5;51.9
45;2021-08-04;3718;2223;430607;356866;63.1;52.3
45;2021-08-05;3290;2625;433897;359491;63.5;52.6
45;2021-08-06;3735;3251;437632;362742;64.1;53.1
45;2021-08-07;1655;1036;439287;363778;64.3;53.3
45;2021-08-08;6;18;439293;363796;64.3;53.3
45;2021-08-09;2476;2976;441769;366772;64.7;53.7
46;2020-12-27;1;0;1;0;0.0;0.0
46;2020-12-28;0;0;1;0;0.0;0.0
46;2020-12-29;0;0;1;0;0.0;0.0
46;2020-12-30;0;0;1;0;0.0;0.0
46;2020-12-31;0;0;1;0;0.0;0.0
46;2021-01-01;0;0;1;0;0.0;0.0
46;2021-01-02;0;0;1;0;0.0;0.0
46;2021-01-03;1;0;2;0;0.0;0.0
46;2021-01-04;0;0;2;0;0.0;0.0
46;2021-01-05;0;0;2;0;0.0;0.0
46;2021-01-06;3;0;5;0;0.0;0.0
46;2021-01-07;135;0;140;0;0.1;0.0
46;2021-01-08;181;0;321;0;0.2;0.0
46;2021-01-09;1;0;322;0;0.2;0.0
46;2021-01-10;1;0;323;0;0.2;0.0
46;2021-01-11;118;0;441;0;0.3;0.0
46;2021-01-12;140;0;581;0;0.3;0.0
46;2021-01-13;234;0;815;0;0.5;0.0
46;2021-01-14;238;2;1053;2;0.6;0.0
46;2021-01-15;304;2;1357;4;0.8;0.0
46;2021-01-16;18;0;1375;4;0.8;0.0
46;2021-01-17;0;0;1375;4;0.8;0.0
46;2021-01-18;274;2;1649;6;1.0;0.0
46;2021-01-19;389;0;2038;6;1.2;0.0
46;2021-01-20;936;1;2974;7;1.7;0.0
46;2021-01-21;996;0;3970;7;2.3;0.0
46;2021-01-22;390;2;4360;9;2.5;0.0
46;2021-01-23;0;0;4360;9;2.5;0.0
46;2021-01-24;0;0;4360;9;2.5;0.0
46;2021-01-25;203;1;4563;10;2.6;0.0
46;2021-01-26;262;1;4825;11;2.8;0.0
46;2021-01-27;276;0;5101;11;2.9;0.0
46;2021-01-28;278;43;5379;54;3.1;0.0
46;2021-01-29;233;93;5612;147;3.2;0.1
46;2021-01-30;1;0;5613;147;3.2;0.1
46;2021-01-31;1;0;5614;147;3.2;0.1
46;2021-02-01;233;175;5847;322;3.4;0.2
46;2021-02-02;209;238;6056;560;3.5;0.3
46;2021-02-03;224;97;6280;657;3.6;0.4
46;2021-02-04;372;86;6652;743;3.8;0.4
46;2021-02-05;226;179;6878;922;4.0;0.5
46;2021-02-06;8;0;6886;922;4.0;0.5
46;2021-02-07;43;0;6929;922;4.0;0.5
46;2021-02-08;197;156;7126;1078;4.1;0.6
46;2021-02-09;269;230;7395;1308;4.3;0.8
46;2021-02-10;278;545;7673;1853;4.4;1.1
46;2021-02-11;654;558;8327;2411;4.8;1.4
46;2021-02-12;321;341;8648;2752;5.0;1.6
46;2021-02-13;1;0;8649;2752;5.0;1.6
46;2021-02-14;0;62;8649;2814;5.0;1.6
46;2021-02-15;195;296;8844;3110;5.1;1.8
46;2021-02-16;217;282;9061;3392;5.2;2.0
46;2021-02-17;200;328;9261;3720;5.3;2.1
46;2021-02-18;336;268;9597;3988;5.5;2.3
46;2021-02-19;277;234;9874;4222;5.7;2.4
46;2021-02-20;0;0;9874;4222;5.7;2.4
46;2021-02-21;1;0;9875;4222;5.7;2.4
46;2021-02-22;132;193;10007;4415;5.8;2.5
46;2021-02-23;225;168;10232;4583;5.9;2.6
46;2021-02-24;179;325;10411;4908;6.0;2.8
46;2021-02-25;247;342;10658;5250;6.2;3.0
46;2021-02-26;401;346;11059;5596;6.4;3.2
46;2021-02-27;120;0;11179;5596;6.5;3.2
46;2021-02-28;0;3;11179;5599;6.5;3.2
46;2021-03-01;168;180;11347;5779;6.6;3.3
46;2021-03-02;405;233;11752;6012;6.8;3.5
46;2021-03-03;456;331;12208;6343;7.0;3.7
46;2021-03-04;608;455;12816;6798;7.4;3.9
46;2021-03-05;809;364;13625;7162;7.9;4.1
46;2021-03-06;474;17;14099;7179;8.1;4.1
46;2021-03-07;101;19;14200;7198;8.2;4.2
46;2021-03-08;348;249;14548;7447;8.4;4.3
46;2021-03-09;745;271;15293;7718;8.8;4.5
46;2021-03-10;686;248;15979;7966;9.2;4.6
46;2021-03-11;846;254;16825;8220;9.7;4.7
46;2021-03-12;926;228;17751;8448;10.3;4.9
46;2021-03-13;512;3;18263;8451;10.5;4.9
46;2021-03-14;0;0;18263;8451;10.5;4.9
46;2021-03-15;505;166;18768;8617;10.8;5.0
46;2021-03-16;752;174;19520;8791;11.3;5.1
46;2021-03-17;671;203;20191;8994;11.7;5.2
46;2021-03-18;747;216;20938;9210;12.1;5.3
46;2021-03-19;810;149;21748;9359;12.6;5.4
46;2021-03-20;290;3;22038;9362;12.7;5.4
46;2021-03-21;2;0;22040;9362;12.7;5.4
46;2021-03-22;555;240;22595;9602;13.0;5.5
46;2021-03-23;701;213;23296;9815;13.5;5.7
46;2021-03-24;674;240;23970;10055;13.8;5.8
46;2021-03-25;1133;180;25103;10235;14.5;5.9
46;2021-03-26;1025;340;26128;10575;15.1;6.1
46;2021-03-27;420;71;26548;10646;15.3;6.1
46;2021-03-28;127;1;26675;10647;15.4;6.1
46;2021-03-29;732;253;27407;10900;15.8;6.3
46;2021-03-30;768;363;28175;11263;16.3;6.5
46;2021-03-31;866;420;29041;11683;16.8;6.7
46;2021-04-01;1169;343;30210;12026;17.4;6.9
46;2021-04-02;924;393;31134;12419;18.0;7.2
46;2021-04-03;167;166;31301;12585;18.1;7.3
46;2021-04-04;0;71;31301;12656;18.1;7.3
46;2021-04-05;1;0;31302;12656;18.1;7.3
46;2021-04-06;544;519;31846;13175;18.4;7.6
46;2021-04-07;783;645;32629;13820;18.8;8.0
46;2021-04-08;961;542;33590;14362;19.4;8.3
46;2021-04-09;1018;501;34608;14863;20.0;8.6
46;2021-04-10;501;208;35109;15071;20.3;8.7
46;2021-04-11;232;1;35341;15072;20.4;8.7
46;2021-04-12;845;547;36186;15619;20.9;9.0
46;2021-04-13;1186;717;37372;16336;21.6;9.4
46;2021-04-14;1534;614;38906;16950;22.5;9.8
46;2021-04-15;1495;664;40401;17614;23.3;10.2
46;2021-04-16;1582;565;41983;18179;24.2;10.5
46;2021-04-17;992;133;42975;18312;24.8;10.6
46;2021-04-18;516;8;43491;18320;25.1;10.6
46;2021-04-19;1069;571;44560;18891;25.7;10.9
46;2021-04-20;1222;725;45782;19616;26.4;11.3
46;2021-04-21;1230;713;47012;20329;27.1;11.7
46;2021-04-22;1391;728;48403;21057;28.0;12.2
46;2021-04-23;1132;731;49535;21788;28.6;12.6
46;2021-04-24;472;19;50007;21807;28.9;12.6
46;2021-04-25;351;9;50358;21816;29.1;12.6
46;2021-04-26;853;730;51211;22546;29.6;13.0
46;2021-04-27;1221;664;52432;23210;30.3;13.4
46;2021-04-28;1289;668;53721;23878;31.0;13.8
46;2021-04-29;1416;525;55137;24403;31.8;14.1
46;2021-04-30;1438;563;56575;24966;32.7;14.4
46;2021-05-01;697;71;57272;25037;33.1;14.5
46;2021-05-02;346;4;57618;25041;33.3;14.5
46;2021-05-03;853;568;58471;25609;33.8;14.8
46;2021-05-04;1036;1062;59507;26671;34.4;15.4
46;2021-05-05;1375;786;60882;27457;35.2;15.9
46;2021-05-06;1375;738;62257;28195;36.0;16.3
46;2021-05-07;1396;790;63653;28985;36.8;16.7
46;2021-05-08;281;411;63934;29396;36.9;17.0
46;2021-05-09;23;225;63957;29621;36.9;17.1
46;2021-05-10;519;1140;64476;30761;37.2;17.8
46;2021-05-11;1036;1258;65512;32019;37.8;18.5
46;2021-05-12;994;1561;66506;33580;38.4;19.4
46;2021-05-13;600;143;67106;33723;38.8;19.5
46;2021-05-14;960;1097;68066;34820;39.3;20.1
46;2021-05-15;256;654;68322;35474;39.5;20.5
46;2021-05-16;78;298;68400;35772;39.5;20.7
46;2021-05-17;652;957;69052;36729;39.9;21.2
46;2021-05-18;1404;1021;70456;37750;40.7;21.8
46;2021-05-19;1306;901;71762;38651;41.4;22.3
46;2021-05-20;1453;811;73215;39462;42.3;22.8
46;2021-05-21;996;1158;74211;40620;42.9;23.5
46;2021-05-22;145;369;74356;40989;42.9;23.7
46;2021-05-23;450;25;74806;41014;43.2;23.7
46;2021-05-24;411;113;75217;41127;43.4;23.8
46;2021-05-25;962;1331;76179;42458;44.0;24.5
46;2021-05-26;1236;1150;77415;43608;44.7;25.2
46;2021-05-27;1432;1193;78847;44801;45.5;25.9
46;2021-05-28;1432;1209;80279;46010;46.4;26.6
46;2021-05-29;1052;398;81331;46408;47.0;26.8
46;2021-05-30;408;39;81739;46447;47.2;26.8
46;2021-05-31;970;976;82709;47423;47.8;27.4
46;2021-06-01;1277;997;83986;48420;48.5;28.0
46;2021-06-02;1317;1116;85303;49536;49.3;28.6
46;2021-06-03;1415;1012;86718;50548;50.1;29.2
46;2021-06-04;1330;977;88048;51525;50.8;29.8
46;2021-06-05;380;413;88428;51938;51.1;30.0
46;2021-06-06;207;95;88635;52033;51.2;30.0
46;2021-06-07;814;617;89449;52650;51.7;30.4
46;2021-06-08;1020;895;90469;53545;52.2;30.9
46;2021-06-09;1504;972;91973;54517;53.1;31.5
46;2021-06-10;981;853;92954;55370;53.7;32.0
46;2021-06-11;970;1322;93924;56692;54.2;32.7
46;2021-06-12;459;549;94383;57241;54.5;33.1
46;2021-06-13;27;86;94410;57327;54.5;33.1
46;2021-06-14;593;1138;95003;58465;54.9;33.8
46;2021-06-15;751;1248;95754;59713;55.3;34.5
46;2021-06-16;998;1113;96752;60826;55.9;35.1
46;2021-06-17;527;896;97279;61722;56.2;35.6
46;2021-06-18;658;1255;97937;62977;56.6;36.4
46;2021-06-19;454;312;98391;63289;56.8;36.5
46;2021-06-20;39;161;98430;63450;56.8;36.6
46;2021-06-21;428;945;98858;64395;57.1;37.2
46;2021-06-22;350;1178;99208;65573;57.3;37.9
46;2021-06-23;521;1075;99729;66648;57.6;38.5
46;2021-06-24;251;822;99980;67470;57.7;39.0
46;2021-06-25;492;1117;100472;68587;58.0;39.6
46;2021-06-26;395;551;100867;69138;58.2;39.9
46;2021-06-27;2;4;100869;69142;58.2;39.9
46;2021-06-28;313;1338;101182;70480;58.4;40.7
46;2021-06-29;378;1683;101560;72163;58.6;41.7
46;2021-06-30;512;1579;102072;73742;58.9;42.6
46;2021-07-01;309;1152;102381;74894;59.1;43.2
46;2021-07-02;468;1085;102849;75979;59.4;43.9
46;2021-07-03;123;455;102972;76434;59.5;44.1
46;2021-07-04;57;127;103029;76561;59.5;44.2
46;2021-07-05;346;1188;103375;77749;59.7;44.9
46;2021-07-06;368;1457;103743;79206;59.9;45.7
46;2021-07-07;580;1720;104323;80926;60.2;46.7
46;2021-07-08;339;1167;104662;82093;60.4;47.4
46;2021-07-09;395;1706;105057;83799;60.7;48.4
46;2021-07-10;284;1041;105341;84840;60.8;49.0
46;2021-07-11;15;375;105356;85215;60.8;49.2
46;2021-07-12;248;1261;105604;86476;61.0;49.9
46;2021-07-13;624;1675;106228;88151;61.3;50.9
46;2021-07-14;63;144;106291;88295;61.4;51.0
46;2021-07-15;890;1462;107181;89757;61.9;51.8
46;2021-07-16;765;1396;107946;91153;62.3;52.6
46;2021-07-17;350;535;108296;91688;62.5;52.9
46;2021-07-18;1;0;108297;91688;62.5;52.9
46;2021-07-19;664;1187;108961;92875;62.9;53.6
46;2021-07-20;975;1426;109936;94301;63.5;54.5
46;2021-07-21;996;1382;110932;95683;64.1;55.3
46;2021-07-22;1382;1111;112314;96794;64.9;55.9
46;2021-07-23;745;1322;113059;98116;65.3;56.7
46;2021-07-24;933;662;113992;98778;65.8;57.0
46;2021-07-25;134;16;114126;98794;65.9;57.1
46;2021-07-26;868;884;114994;99678;66.4;57.6
46;2021-07-27;1191;974;116185;100652;67.1;58.1
46;2021-07-28;1250;1100;117435;101752;67.8;58.8
46;2021-07-29;1542;849;118977;102601;68.7;59.3
46;2021-07-30;1880;948;120857;103549;69.8;59.8
46;2021-07-31;918;651;121775;104200;70.3;60.2
46;2021-08-01;10;3;121785;104203;70.3;60.2
46;2021-08-02;963;583;122748;104786;70.9;60.5
46;2021-08-03;1346;677;124094;105463;71.7;60.9
46;2021-08-04;1736;602;125830;106065;72.7;61.3
46;2021-08-05;1376;841;127206;106906;73.5;61.7
46;2021-08-06;1382;845;128588;107751;74.3;62.2
46;2021-08-07;703;540;129291;108291;74.7;62.5
46;2021-08-08;97;65;129388;108356;74.7;62.6
46;2021-08-09;841;689;130229;109045;75.2;63.0
47;2020-12-27;0;0;0;0;0.0;0.0
47;2020-12-28;0;0;0;0;0.0;0.0
47;2020-12-29;0;0;0;0;0.0;0.0
47;2020-12-30;0;0;0;0;0.0;0.0
47;2020-12-31;0;0;0;0;0.0;0.0
47;2021-01-01;4;0;4;0;0.0;0.0
47;2021-01-02;0;0;4;0;0.0;0.0
47;2021-01-03;0;0;4;0;0.0;0.0
47;2021-01-04;0;0;4;0;0.0;0.0
47;2021-01-05;0;0;4;0;0.0;0.0
47;2021-01-06;0;0;4;0;0.0;0.0
47;2021-01-07;71;1;75;1;0.0;0.0
47;2021-01-08;314;0;389;1;0.1;0.0
47;2021-01-09;113;0;502;1;0.2;0.0
47;2021-01-10;0;0;502;1;0.2;0.0
47;2021-01-11;249;0;751;1;0.2;0.0
47;2021-01-12;326;0;1077;1;0.3;0.0
47;2021-01-13;349;0;1426;1;0.4;0.0
47;2021-01-14;364;4;1790;5;0.5;0.0
47;2021-01-15;286;1;2076;6;0.6;0.0
47;2021-01-16;176;4;2252;10;0.7;0.0
47;2021-01-17;0;0;2252;10;0.7;0.0
47;2021-01-18;484;1;2736;11;0.8;0.0
47;2021-01-19;469;2;3205;13;1.0;0.0
47;2021-01-20;511;0;3716;13;1.1;0.0
47;2021-01-21;585;0;4301;13;1.3;0.0
47;2021-01-22;463;0;4764;13;1.4;0.0
47;2021-01-23;389;1;5153;14;1.6;0.0
47;2021-01-24;0;0;5153;14;1.6;0.0
47;2021-01-25;426;0;5579;14;1.7;0.0
47;2021-01-26;788;4;6367;18;1.9;0.0
47;2021-01-27;730;1;7097;19;2.1;0.0
47;2021-01-28;575;68;7672;87;2.3;0.0
47;2021-01-29;462;170;8134;257;2.5;0.1
47;2021-01-30;301;39;8435;296;2.6;0.1
47;2021-01-31;0;0;8435;296;2.6;0.1
47;2021-02-01;374;116;8809;412;2.7;0.1
47;2021-02-02;757;317;9566;729;2.9;0.2
47;2021-02-03;424;164;9990;893;3.0;0.3
47;2021-02-04;370;317;10360;1210;3.1;0.4
47;2021-02-05;300;311;10660;1521;3.2;0.5
47;2021-02-06;294;99;10954;1620;3.3;0.5
47;2021-02-07;0;0;10954;1620;3.3;0.5
47;2021-02-08;184;286;11138;1906;3.4;0.6
47;2021-02-09;232;260;11370;2166;3.4;0.7
47;2021-02-10;255;245;11625;2411;3.5;0.7
47;2021-02-11;357;378;11982;2789;3.6;0.8
47;2021-02-12;243;414;12225;3203;3.7;1.0
47;2021-02-13;224;111;12449;3314;3.8;1.0
47;2021-02-14;0;0;12449;3314;3.8;1.0
47;2021-02-15;194;385;12643;3699;3.8;1.1
47;2021-02-16;303;590;12946;4289;3.9;1.3
47;2021-02-17;326;456;13272;4745;4.0;1.4
47;2021-02-18;200;599;13472;5344;4.1;1.6
47;2021-02-19;194;366;13666;5710;4.1;1.7
47;2021-02-20;117;269;13783;5979;4.2;1.8
47;2021-02-21;0;0;13783;5979;4.2;1.8
47;2021-02-22;75;408;13858;6387;4.2;1.9
47;2021-02-23;152;649;14010;7036;4.2;2.1
47;2021-02-24;261;562;14271;7598;4.3;2.3
47;2021-02-25;305;413;14576;8011;4.4;2.4
47;2021-02-26;468;323;15044;8334;4.6;2.5
47;2021-02-27;324;213;15368;8547;4.7;2.6
47;2021-02-28;0;0;15368;8547;4.7;2.6
47;2021-03-01;124;397;15492;8944;4.7;2.7
47;2021-03-02;200;366;15692;9310;4.8;2.8
47;2021-03-03;244;350;15936;9660;4.8;2.9
47;2021-03-04;591;330;16527;9990;5.0;3.0
47;2021-03-05;844;288;17371;10278;5.3;3.1
47;2021-03-06;507;195;17878;10473;5.4;3.2
47;2021-03-07;331;5;18209;10478;5.5;3.2
47;2021-03-08;458;226;18667;10704;5.7;3.2
47;2021-03-09;509;493;19176;11197;5.8;3.4
47;2021-03-10;666;301;19842;11498;6.0;3.5
47;2021-03-11;938;376;20780;11874;6.3;3.6
47;2021-03-12;1370;295;22150;12169;6.7;3.7
47;2021-03-13;949;108;23099;12277;7.0;3.7
47;2021-03-14;51;0;23150;12277;7.0;3.7
47;2021-03-15;592;163;23742;12440;7.2;3.8
47;2021-03-16;750;177;24492;12617;7.4;3.8
47;2021-03-17;860;208;25352;12825;7.7;3.9
47;2021-03-18;916;173;26268;12998;8.0;3.9
47;2021-03-19;1271;123;27539;13121;8.3;4.0
47;2021-03-20;1085;57;28624;13178;8.7;4.0
47;2021-03-21;344;1;28968;13179;8.8;4.0
47;2021-03-22;1012;95;29980;13274;9.1;4.0
47;2021-03-23;1147;148;31127;13422;9.4;4.1
47;2021-03-24;1211;131;32338;13553;9.8;4.1
47;2021-03-25;1566;149;33904;13702;10.3;4.1
47;2021-03-26;1882;198;35786;13900;10.8;4.2
47;2021-03-27;979;129;36765;14029;11.1;4.2
47;2021-03-28;698;4;37463;14033;11.3;4.2
47;2021-03-29;1511;80;38974;14113;11.8;4.3
47;2021-03-30;1642;125;40616;14238;12.3;4.3
47;2021-03-31;1604;148;42220;14386;12.8;4.4
47;2021-04-01;1682;267;43902;14653;13.3;4.4
47;2021-04-02;1932;457;45834;15110;13.9;4.6
47;2021-04-03;1201;177;47035;15287;14.2;4.6
47;2021-04-04;474;12;47509;15299;14.4;4.6
47;2021-04-05;1295;55;48804;15354;14.8;4.6
47;2021-04-06;1386;385;50190;15739;15.2;4.8
47;2021-04-07;1693;586;51883;16325;15.7;4.9
47;2021-04-08;1833;472;53716;16797;16.3;5.1
47;2021-04-09;2082;539;55798;17336;16.9;5.2
47;2021-04-10;1564;323;57362;17659;17.4;5.3
47;2021-04-11;530;8;57892;17667;17.5;5.3
47;2021-04-12;1437;609;59329;18276;18.0;5.5
47;2021-04-13;1817;761;61146;19037;18.5;5.8
47;2021-04-14;1748;718;62894;19755;19.0;6.0
47;2021-04-15;2012;842;64906;20597;19.6;6.2
47;2021-04-16;1765;893;66671;21490;20.2;6.5
47;2021-04-17;1472;970;68143;22460;20.6;6.8
47;2021-04-18;23;0;68166;22460;20.6;6.8
47;2021-04-19;1332;930;69498;23390;21.0;7.1
47;2021-04-20;1624;901;71122;24291;21.5;7.4
47;2021-04-21;1625;771;72747;25062;22.0;7.6
47;2021-04-22;1870;1059;74617;26121;22.6;7.9
47;2021-04-23;1723;1070;76340;27191;23.1;8.2
47;2021-04-24;1548;801;77888;27992;23.6;8.5
47;2021-04-25;242;344;78130;28336;23.7;8.6
47;2021-04-26;1487;1363;79617;29699;24.1;9.0
47;2021-04-27;1923;1472;81540;31171;24.7;9.4
47;2021-04-28;2090;1588;83630;32759;25.3;9.9
47;2021-04-29;2529;1504;86159;34263;26.1;10.4
47;2021-04-30;2040;1776;88199;36039;26.7;10.9
47;2021-05-01;2262;982;90461;37021;27.4;11.2
47;2021-05-02;21;358;90482;37379;27.4;11.3
47;2021-05-03;1596;1417;92078;38796;27.9;11.7
47;2021-05-04;1649;1728;93727;40524;28.4;12.3
47;2021-05-05;1927;1642;95654;42166;29.0;12.8
47;2021-05-06;2105;1508;97759;43674;29.6;13.2
47;2021-05-07;1997;1622;99756;45296;30.2;13.7
47;2021-05-08;2096;464;101852;45760;30.8;13.9
47;2021-05-09;24;362;101876;46122;30.8;14.0
47;2021-05-10;1204;1670;103080;47792;31.2;14.5
47;2021-05-11;2172;1990;105252;49782;31.9;15.1
47;2021-05-12;2626;1451;107878;51233;32.7;15.5
47;2021-05-13;2380;656;110258;51889;33.4;15.7
47;2021-05-14;2062;858;112320;52747;34.0;16.0
47;2021-05-15;1934;861;114254;53608;34.6;16.2
47;2021-05-16;367;8;114621;53616;34.7;16.2
47;2021-05-17;1882;1124;116503;54740;35.3;16.6
47;2021-05-18;2355;1139;118858;55879;36.0;16.9
47;2021-05-19;2344;761;121202;56640;36.7;17.1
47;2021-05-20;2584;966;123786;57606;37.5;17.4
47;2021-05-21;1537;1131;125323;58737;37.9;17.8
47;2021-05-22;2367;834;127690;59571;38.7;18.0
47;2021-05-23;25;185;127715;59756;38.7;18.1
47;2021-05-24;1550;235;129265;59991;39.1;18.2
47;2021-05-25;1483;1317;130748;61308;39.6;18.6
47;2021-05-26;1599;1082;132347;62390;40.1;18.9
47;2021-05-27;1943;1266;134290;63656;40.7;19.3
47;2021-05-28;1458;1536;135748;65192;41.1;19.7
47;2021-05-29;1152;1126;136900;66318;41.4;20.1
47;2021-05-30;12;45;136912;66363;41.4;20.1
47;2021-05-31;1867;1422;138779;67785;42.0;20.5
47;2021-06-01;1922;1339;140701;69124;42.6;20.9
47;2021-06-02;2099;1332;142800;70456;43.2;21.3
47;2021-06-03;2485;1608;145285;72064;44.0;21.8
47;2021-06-04;1969;2111;147254;74175;44.6;22.5
47;2021-06-05;1637;1475;148891;75650;45.1;22.9
47;2021-06-06;212;70;149103;75720;45.1;22.9
47;2021-06-07;1664;2244;150767;77964;45.6;23.6
47;2021-06-08;1629;1905;152396;79869;46.1;24.2
47;2021-06-09;1822;2127;154218;81996;46.7;24.8
47;2021-06-10;2367;1611;156585;83607;47.4;25.3
47;2021-06-11;1826;2101;158411;85708;48.0;25.9
47;2021-06-12;1352;2103;159763;87811;48.4;26.6
47;2021-06-13;4;10;159767;87821;48.4;26.6
47;2021-06-14;1282;2449;161049;90270;48.8;27.3
47;2021-06-15;1464;2035;162513;92305;49.2;27.9
47;2021-06-16;1207;2184;163720;94489;49.6;28.6
47;2021-06-17;1653;1524;165373;96013;50.1;29.1
47;2021-06-18;1438;2495;166811;98508;50.5;29.8
47;2021-06-19;1538;2455;168349;100963;51.0;30.6
47;2021-06-20;4;33;168353;100996;51.0;30.6
47;2021-06-21;1135;2512;169488;103508;51.3;31.3
47;2021-06-22;759;2502;170247;106010;51.5;32.1
47;2021-06-23;997;2014;171244;108024;51.8;32.7
47;2021-06-24;1210;1934;172454;109958;52.2;33.3
47;2021-06-25;1006;2607;173460;112565;52.5;34.1
47;2021-06-26;988;2784;174448;115349;52.8;34.9
47;2021-06-27;15;349;174463;115698;52.8;35.0
47;2021-06-28;875;2406;175338;118104;53.1;35.8
47;2021-06-29;796;2315;176134;120419;53.3;36.5
47;2021-06-30;730;2309;176864;122728;53.5;37.2
47;2021-07-01;818;2109;177682;124837;53.8;37.8
47;2021-07-02;886;2275;178568;127112;54.1;38.5
47;2021-07-03;727;3042;179295;130154;54.3;39.4
47;2021-07-04;34;12;179329;130166;54.3;39.4
47;2021-07-05;978;2142;180307;132308;54.6;40.1
47;2021-07-06;1006;1959;181313;134267;54.9;40.6
47;2021-07-07;1298;2060;182611;136327;55.3;41.3
47;2021-07-08;1144;2194;183755;138521;55.6;41.9
47;2021-07-09;1048;2403;184803;140924;55.9;42.7
47;2021-07-10;954;2131;185757;143055;56.2;43.3
47;2021-07-11;0;6;185757;143061;56.2;43.3
47;2021-07-12;557;2581;186314;145642;56.4;44.1
47;2021-07-13;1093;2592;187407;148234;56.7;44.9
47;2021-07-14;1163;1577;188570;149811;57.1;45.4
47;2021-07-15;1708;3136;190278;152947;57.6;46.3
47;2021-07-16;1716;2680;191994;155627;58.1;47.1
47;2021-07-17;1184;2456;193178;158083;58.5;47.9
47;2021-07-18;36;188;193214;158271;58.5;47.9
47;2021-07-19;1113;2564;194327;160835;58.8;48.7
47;2021-07-20;1609;2337;195936;163172;59.3;49.4
47;2021-07-21;2170;2242;198106;165414;60.0;50.1
47;2021-07-22;2146;2294;200252;167708;60.6;50.8
47;2021-07-23;2103;2249;202355;169957;61.3;51.4
47;2021-07-24;1109;1910;203464;171867;61.6;52.0
47;2021-07-25;11;1;203475;171868;61.6;52.0
47;2021-07-26;1227;1940;204702;173808;62.0;52.6
47;2021-07-27;2088;1627;206790;175435;62.6;53.1
47;2021-07-28;1868;1594;208658;177029;63.2;53.6
47;2021-07-29;2301;1596;210959;178625;63.9;54.1
47;2021-07-30;1856;1622;212815;180247;64.4;54.6
47;2021-07-31;1478;1661;214293;181908;64.9;55.1
47;2021-08-01;17;8;214310;181916;64.9;55.1
47;2021-08-02;2022;1214;216332;183130;65.5;55.4
47;2021-08-03;2138;1098;218470;184228;66.1;55.8
47;2021-08-04;2167;1508;220637;185736;66.8;56.2
47;2021-08-05;2396;1435;223033;187171;67.5;56.7
47;2021-08-06;1990;1827;225023;188998;68.1;57.2
47;2021-08-07;1591;1404;226614;190402;68.6;57.6
47;2021-08-08;24;22;226638;190424;68.6;57.6
47;2021-08-09;1863;1203;228501;191627;69.2;58.0
48;2020-12-27;0;0;0;0;0.0;0.0
48;2020-12-28;0;0;0;0;0.0;0.0
48;2020-12-29;0;0;0;0;0.0;0.0
48;2020-12-30;0;0;0;0;0.0;0.0
48;2020-12-31;0;0;0;0;0.0;0.0
48;2021-01-01;0;0;0;0;0.0;0.0
48;2021-01-02;0;0;0;0;0.0;0.0
48;2021-01-03;0;0;0;0;0.0;0.0
48;2021-01-04;0;0;0;0;0.0;0.0
48;2021-01-05;0;0;0;0;0.0;0.0
48;2021-01-06;0;0;0;0;0.0;0.0
48;2021-01-07;55;0;55;0;0.1;0.0
48;2021-01-08;87;0;142;0;0.2;0.0
48;2021-01-09;1;0;143;0;0.2;0.0
48;2021-01-10;0;0;143;0;0.2;0.0
48;2021-01-11;13;0;156;0;0.2;0.0
48;2021-01-12;19;1;175;1;0.2;0.0
48;2021-01-13;104;0;279;1;0.4;0.0
48;2021-01-14;90;1;369;2;0.5;0.0
48;2021-01-15;63;0;432;2;0.6;0.0
48;2021-01-16;0;0;432;2;0.6;0.0
48;2021-01-17;0;0;432;2;0.6;0.0
48;2021-01-18;117;0;549;2;0.7;0.0
48;2021-01-19;345;0;894;2;1.2;0.0
48;2021-01-20;364;0;1258;2;1.6;0.0
48;2021-01-21;465;0;1723;2;2.3;0.0
48;2021-01-22;269;0;1992;2;2.6;0.0
48;2021-01-23;36;0;2028;2;2.7;0.0
48;2021-01-24;0;0;2028;2;2.7;0.0
48;2021-01-25;109;0;2137;2;2.8;0.0
48;2021-01-26;261;0;2398;2;3.1;0.0
48;2021-01-27;257;2;2655;4;3.5;0.0
48;2021-01-28;270;10;2925;14;3.8;0.0
48;2021-01-29;175;60;3100;74;4.1;0.1
48;2021-01-30;1;7;3101;81;4.1;0.1
48;2021-01-31;0;6;3101;87;4.1;0.1
48;2021-02-01;97;47;3198;134;4.2;0.2
48;2021-02-02;191;36;3389;170;4.4;0.2
48;2021-02-03;177;82;3566;252;4.7;0.3
48;2021-02-04;234;13;3800;265;5.0;0.3
48;2021-02-05;144;35;3944;300;5.2;0.4
48;2021-02-06;34;0;3978;300;5.2;0.4
48;2021-02-07;0;0;3978;300;5.2;0.4
48;2021-02-08;50;61;4028;361;5.3;0.5
48;2021-02-09;66;166;4094;527;5.4;0.7
48;2021-02-10;65;303;4159;830;5.5;1.1
48;2021-02-11;165;407;4324;1237;5.7;1.6
48;2021-02-12;120;155;4444;1392;5.8;1.8
48;2021-02-13;8;55;4452;1447;5.8;1.9
48;2021-02-14;0;0;4452;1447;5.8;1.9
48;2021-02-15;51;106;4503;1553;5.9;2.0
48;2021-02-16;43;173;4546;1726;6.0;2.3
48;2021-02-17;35;285;4581;2011;6.0;2.6
48;2021-02-18;252;96;4833;2107;6.3;2.8
48;2021-02-19;60;183;4893;2290;6.4;3.0
48;2021-02-20;0;1;4893;2291;6.4;3.0
48;2021-02-21;0;14;4893;2305;6.4;3.0
48;2021-02-22;24;129;4917;2434;6.4;3.2
48;2021-02-23;74;222;4991;2656;6.5;3.5
48;2021-02-24;66;264;5057;2920;6.6;3.8
48;2021-02-25;148;263;5205;3183;6.8;4.2
48;2021-02-26;51;228;5256;3411;6.9;4.5
48;2021-02-27;28;1;5284;3412;6.9;4.5
48;2021-02-28;3;14;5287;3426;6.9;4.5
48;2021-03-01;102;96;5389;3522;7.1;4.6
48;2021-03-02;199;87;5588;3609;7.3;4.7
48;2021-03-03;155;111;5743;3720;7.5;4.9
48;2021-03-04;192;183;5935;3903;7.8;5.1
48;2021-03-05;136;141;6071;4044;8.0;5.3
48;2021-03-06;180;53;6251;4097;8.2;5.4
48;2021-03-07;75;1;6326;4098;8.3;5.4
48;2021-03-08;352;121;6678;4219;8.8;5.5
48;2021-03-09;377;86;7055;4305;9.2;5.6
48;2021-03-10;263;61;7318;4366;9.6;5.7
48;2021-03-11;334;90;7652;4456;10.0;5.8
48;2021-03-12;255;155;7907;4611;10.4;6.0
48;2021-03-13;301;5;8208;4616;10.8;6.1
48;2021-03-14;8;0;8216;4616;10.8;6.1
48;2021-03-15;174;63;8390;4679;11.0;6.1
48;2021-03-16;166;65;8556;4744;11.2;6.2
48;2021-03-17;156;110;8712;4854;11.4;6.4
48;2021-03-18;190;104;8902;4958;11.7;6.5
48;2021-03-19;116;95;9018;5053;11.8;6.6
48;2021-03-20;101;0;9119;5053;12.0;6.6
48;2021-03-21;0;0;9119;5053;12.0;6.6
48;2021-03-22;160;22;9279;5075;12.2;6.7
48;2021-03-23;328;103;9607;5178;12.6;6.8
48;2021-03-24;284;100;9891;5278;13.0;6.9
48;2021-03-25;757;115;10648;5393;14.0;7.1
48;2021-03-26;269;60;10917;5453;14.3;7.1
48;2021-03-27;104;1;11021;5454;14.4;7.1
48;2021-03-28;78;19;11099;5473;14.5;7.2
48;2021-03-29;304;80;11403;5553;14.9;7.3
48;2021-03-30;362;129;11765;5682;15.4;7.4
48;2021-03-31;447;84;12212;5766;16.0;7.6
48;2021-04-01;729;66;12941;5832;17.0;7.6
48;2021-04-02;487;124;13428;5956;17.6;7.8
48;2021-04-03;140;83;13568;6039;17.8;7.9
48;2021-04-04;0;0;13568;6039;17.8;7.9
48;2021-04-05;43;1;13611;6040;17.8;7.9
48;2021-04-06;465;158;14076;6198;18.5;8.1
48;2021-04-07;465;140;14541;6338;19.1;8.3
48;2021-04-08;618;185;15159;6523;19.9;8.6
48;2021-04-09;446;121;15605;6644;20.5;8.7
48;2021-04-10;95;58;15700;6702;20.6;8.8
48;2021-04-11;2;0;15702;6702;20.6;8.8
48;2021-04-12;364;70;16066;6772;21.1;8.9
48;2021-04-13;361;92;16427;6864;21.5;9.0
48;2021-04-14;624;185;17051;7049;22.4;9.2
48;2021-04-15;699;355;17750;7404;23.3;9.7
48;2021-04-16;538;225;18288;7629;24.0;10.0
48;2021-04-17;89;69;18377;7698;24.1;10.1
48;2021-04-18;0;0;18377;7698;24.1;10.1
48;2021-04-19;197;107;18574;7805;24.3;10.2
48;2021-04-20;216;178;18790;7983;24.6;10.5
48;2021-04-21;284;206;19074;8189;25.0;10.7
48;2021-04-22;308;479;19382;8668;25.4;11.4
48;2021-04-23;254;241;19636;8909;25.7;11.7
48;2021-04-24;97;93;19733;9002;25.9;11.8
48;2021-04-25;1;9;19734;9011;25.9;11.8
48;2021-04-26;87;208;19821;9219;26.0;12.1
48;2021-04-27;172;292;19993;9511;26.2;12.5
48;2021-04-28;149;414;20142;9925;26.4;13.0
48;2021-04-29;204;490;20346;10415;26.7;13.7
48;2021-04-30;172;226;20518;10641;26.9;13.9
48;2021-05-01;0;0;20518;10641;26.9;13.9
48;2021-05-02;0;0;20518;10641;26.9;13.9
48;2021-05-03;105;386;20623;11027;27.0;14.5
48;2021-05-04;227;420;20850;11447;27.3;15.0
48;2021-05-05;84;485;20934;11932;27.4;15.6
48;2021-05-06;742;638;21676;12570;28.4;16.5
48;2021-05-07;96;504;21772;13074;28.5;17.1
48;2021-05-08;309;43;22081;13117;28.9;17.2
48;2021-05-09;285;9;22366;13126;29.3;17.2
48;2021-05-10;55;325;22421;13451;29.4;17.6
48;2021-05-11;221;291;22642;13742;29.7;18.0
48;2021-05-12;249;312;22891;14054;30.0;18.4
48;2021-05-13;472;157;23363;14211;30.6;18.6
48;2021-05-14;244;221;23607;14432;30.9;18.9
48;2021-05-15;84;47;23691;14479;31.1;19.0
48;2021-05-16;1;8;23692;14487;31.1;19.0
48;2021-05-17;474;267;24166;14754;31.7;19.3
48;2021-05-18;263;228;24429;14982;32.0;19.6
48;2021-05-19;207;278;24636;15260;32.3;20.0
48;2021-05-20;320;254;24956;15514;32.7;20.3
48;2021-05-21;172;267;25128;15781;32.9;20.7
48;2021-05-22;25;50;25153;15831;33.0;20.8
48;2021-05-23;0;6;25153;15837;33.0;20.8
48;2021-05-24;0;14;25153;15851;33.0;20.8
48;2021-05-25;180;265;25333;16116;33.2;21.1
48;2021-05-26;416;298;25749;16414;33.8;21.5
48;2021-05-27;1176;374;26925;16788;35.3;22.0
48;2021-05-28;315;343;27240;17131;35.7;22.5
48;2021-05-29;79;50;27319;17181;35.8;22.5
48;2021-05-30;0;1;27319;17182;35.8;22.5
48;2021-05-31;625;263;27944;17445;36.6;22.9
48;2021-06-01;272;305;28216;17750;37.0;23.3
48;2021-06-02;407;423;28623;18173;37.5;23.8
48;2021-06-03;628;428;29251;18601;38.3;24.4
48;2021-06-04;291;281;29542;18882;38.7;24.8
48;2021-06-05;121;75;29663;18957;38.9;24.8
48;2021-06-06;1;1;29664;18958;38.9;24.9
48;2021-06-07;440;161;30104;19119;39.5;25.1
48;2021-06-08;613;304;30717;19423;40.3;25.5
48;2021-06-09;379;189;31096;19612;40.8;25.7
48;2021-06-10;1000;237;32096;19849;42.1;26.0
48;2021-06-11;372;159;32468;20008;42.6;26.2
48;2021-06-12;74;56;32542;20064;42.7;26.3
48;2021-06-13;0;2;32542;20066;42.7;26.3
48;2021-06-14;124;115;32666;20181;42.8;26.5
48;2021-06-15;407;385;33073;20566;43.4;27.0
48;2021-06-16;259;143;33332;20709;43.7;27.1
48;2021-06-17;486;574;33818;21283;44.3;27.9
48;2021-06-18;254;312;34072;21595;44.7;28.3
48;2021-06-19;35;291;34107;21886;44.7;28.7
48;2021-06-20;123;224;34230;22110;44.9;29.0
48;2021-06-21;125;132;34355;22242;45.0;29.2
48;2021-06-22;258;332;34613;22574;45.4;29.6
48;2021-06-23;111;546;34724;23120;45.5;30.3
48;2021-06-24;364;606;35088;23726;46.0;31.1
48;2021-06-25;150;276;35238;24002;46.2;31.5
48;2021-06-26;14;45;35252;24047;46.2;31.5
48;2021-06-27;1;1;35253;24048;46.2;31.5
48;2021-06-28;81;177;35334;24225;46.3;31.8
48;2021-06-29;297;413;35631;24638;46.7;32.3
48;2021-06-30;96;465;35727;25103;46.8;32.9
48;2021-07-01;196;664;35923;25767;47.1;33.8
48;2021-07-02;148;369;36071;26136;47.3;34.3
48;2021-07-03;41;89;36112;26225;47.3;34.4
48;2021-07-04;7;0;36119;26225;47.3;34.4
48;2021-07-05;40;116;36159;26341;47.4;34.5
48;2021-07-06;278;598;36437;26939;47.8;35.3
48;2021-07-07;200;484;36637;27423;48.0;35.9
48;2021-07-08;224;1191;36861;28614;48.3;37.5
48;2021-07-09;156;552;37017;29166;48.5;38.2
48;2021-07-10;95;148;37112;29314;48.6;38.4
48;2021-07-11;0;4;37112;29318;48.6;38.4
48;2021-07-12;140;672;37252;29990;48.8;39.3
48;2021-07-13;213;431;37465;30421;49.1;39.9
48;2021-07-14;178;142;37643;30563;49.3;40.1
48;2021-07-15;187;458;37830;31021;49.6;40.7
48;2021-07-16;234;313;38064;31334;49.9;41.1
48;2021-07-17;128;117;38192;31451;50.1;41.2
48;2021-07-18;4;4;38196;31455;50.1;41.2
48;2021-07-19;104;303;38300;31758;50.2;41.6
48;2021-07-20;600;993;38900;32751;51.0;42.9
48;2021-07-21;68;371;38968;33122;51.1;43.4
48;2021-07-22;778;1121;39746;34243;52.1;44.9
48;2021-07-23;363;436;40109;34679;52.6;45.5
48;2021-07-24;505;167;40614;34846;53.2;45.7
48;2021-07-25;137;46;40751;34892;53.4;45.7
48;2021-07-26;100;198;40851;35090;53.5;46.0
48;2021-07-27;1190;641;42041;35731;55.1;46.8
48;2021-07-28;176;316;42217;36047;55.3;47.3
48;2021-07-29;704;637;42921;36684;56.3;48.1
48;2021-07-30;200;292;43121;36976;56.5;48.5
48;2021-07-31;335;177;43456;37153;57.0;48.7
48;2021-08-01;18;55;43474;37208;57.0;48.8
48;2021-08-02;225;160;43699;37368;57.3;49.0
48;2021-08-03;894;559;44593;37927;58.5;49.7
48;2021-08-04;325;219;44918;38146;58.9;50.0
48;2021-08-05;672;466;45590;38612;59.8;50.6
48;2021-08-06;433;272;46023;38884;60.3;51.0
48;2021-08-07;249;123;46272;39007;60.7;51.1
48;2021-08-08;1;5;46273;39012;60.7;51.1
48;2021-08-09;164;135;46437;39147;60.9;51.3
49;2020-12-27;0;0;0;0;0.0;0.0
49;2020-12-28;2;0;2;0;0.0;0.0
49;2020-12-29;0;0;2;0;0.0;0.0
49;2020-12-30;0;0;2;0;0.0;0.0
49;2020-12-31;0;0;2;0;0.0;0.0
49;2021-01-01;2;0;4;0;0.0;0.0
49;2021-01-02;1;1;5;1;0.0;0.0
49;2021-01-03;0;0;5;1;0.0;0.0
49;2021-01-04;9;0;14;1;0.0;0.0
49;2021-01-05;92;0;106;1;0.0;0.0
49;2021-01-06;232;0;338;1;0.0;0.0
49;2021-01-07;366;0;704;1;0.1;0.0
49;2021-01-08;330;1;1034;2;0.1;0.0
49;2021-01-09;118;0;1152;2;0.1;0.0
49;2021-01-10;114;0;1266;2;0.2;0.0
49;2021-01-11;287;0;1553;2;0.2;0.0
49;2021-01-12;622;0;2175;2;0.3;0.0
49;2021-01-13;602;2;2777;4;0.3;0.0
49;2021-01-14;590;6;3367;10;0.4;0.0
49;2021-01-15;774;1;4141;11;0.5;0.0
49;2021-01-16;147;0;4288;11;0.5;0.0
49;2021-01-17;111;2;4399;13;0.5;0.0
49;2021-01-18;691;0;5090;13;0.6;0.0
49;2021-01-19;1204;1;6294;14;0.8;0.0
49;2021-01-20;1508;3;7802;17;1.0;0.0
49;2021-01-21;1937;4;9739;21;1.2;0.0
49;2021-01-22;1317;5;11056;26;1.4;0.0
49;2021-01-23;263;1;11319;27;1.4;0.0
49;2021-01-24;0;0;11319;27;1.4;0.0
49;2021-01-25;552;5;11871;32;1.5;0.0
49;2021-01-26;987;75;12858;107;1.6;0.0
49;2021-01-27;1852;36;14710;143;1.8;0.0
49;2021-01-28;2876;89;17586;232;2.2;0.0
49;2021-01-29;1589;94;19175;326;2.4;0.0
49;2021-01-30;300;47;19475;373;2.4;0.0
49;2021-01-31;62;51;19537;424;2.4;0.1
49;2021-02-01;659;158;20196;582;2.5;0.1
49;2021-02-02;743;386;20939;968;2.6;0.1
49;2021-02-03;675;380;21614;1348;2.6;0.2
49;2021-02-04;757;445;22371;1793;2.7;0.2
49;2021-02-05;706;597;23077;2390;2.8;0.3
49;2021-02-06;229;111;23306;2501;2.9;0.3
49;2021-02-07;59;85;23365;2586;2.9;0.3
49;2021-02-08;549;480;23914;3066;2.9;0.4
49;2021-02-09;711;647;24625;3713;3.0;0.5
49;2021-02-10;803;951;25428;4664;3.1;0.6
49;2021-02-11;1000;1408;26428;6072;3.2;0.7
49;2021-02-12;870;977;27298;7049;3.3;0.9
49;2021-02-13;266;117;27564;7166;3.4;0.9
49;2021-02-14;9;106;27573;7272;3.4;0.9
49;2021-02-15;733;664;28306;7936;3.5;1.0
49;2021-02-16;1107;1124;29413;9060;3.6;1.1
49;2021-02-17;1159;1871;30572;10931;3.7;1.3
49;2021-02-18;1811;2438;32383;13369;4.0;1.6
49;2021-02-19;1395;1107;33778;14476;4.1;1.8
49;2021-02-20;233;385;34011;14861;4.2;1.8
49;2021-02-21;0;64;34011;14925;4.2;1.8
49;2021-02-22;646;579;34657;15504;4.2;1.9
49;2021-02-23;735;861;35392;16365;4.3;2.0
49;2021-02-24;819;643;36211;17008;4.4;2.1
49;2021-02-25;1208;817;37419;17825;4.6;2.2
49;2021-02-26;1668;849;39087;18674;4.8;2.3
49;2021-02-27;435;282;39522;18956;4.8;2.3
49;2021-02-28;49;38;39571;18994;4.9;2.3
49;2021-03-01;766;584;40337;19578;4.9;2.4
49;2021-03-02;1083;703;41420;20281;5.1;2.5
49;2021-03-03;1557;672;42977;20953;5.3;2.6
49;2021-03-04;1766;936;44743;21889;5.5;2.7
49;2021-03-05;2213;695;46956;22584;5.8;2.8
49;2021-03-06;715;187;47671;22771;5.8;2.8
49;2021-03-07;627;12;48298;22783;5.9;2.8
49;2021-03-08;1396;716;49694;23499;6.1;2.9
49;2021-03-09;2051;741;51745;24240;6.3;3.0
49;2021-03-10;2526;863;54271;25103;6.7;3.1
49;2021-03-11;3194;1466;57465;26569;7.0;3.3
49;2021-03-12;3766;999;61231;27568;7.5;3.4
49;2021-03-13;1501;220;62732;27788;7.7;3.4
49;2021-03-14;6;0;62738;27788;7.7;3.4
49;2021-03-15;2084;537;64822;28325;7.9;3.5
49;2021-03-16;1732;961;66554;29286;8.2;3.6
49;2021-03-17;1811;671;68365;29957;8.4;3.7
49;2021-03-18;2200;731;70565;30688;8.6;3.8
49;2021-03-19;3329;559;73894;31247;9.1;3.8
49;2021-03-20;1743;207;75637;31454;9.3;3.9
49;2021-03-21;497;22;76134;31476;9.3;3.9
49;2021-03-22;2247;546;78381;32022;9.6;3.9
49;2021-03-23;3402;676;81783;32698;10.0;4.0
49;2021-03-24;3601;497;85384;33195;10.5;4.1
49;2021-03-25;4225;644;89609;33839;11.0;4.1
49;2021-03-26;4883;500;94492;34339;11.6;4.2
49;2021-03-27;1673;98;96165;34437;11.8;4.2
49;2021-03-28;399;30;96564;34467;11.8;4.2
49;2021-03-29;2370;610;98934;35077;12.1;4.3
49;2021-03-30;3267;939;102201;36016;12.5;4.4
49;2021-03-31;2978;747;105179;36763;12.9;4.5
49;2021-04-01;4121;863;109300;37626;13.4;4.6
49;2021-04-02;4294;937;113594;38563;13.9;4.7
49;2021-04-03;971;194;114565;38757;14.0;4.8
49;2021-04-04;314;3;114879;38760;14.1;4.8
49;2021-04-05;941;21;115820;38781;14.2;4.8
49;2021-04-06;2331;1322;118151;40103;14.5;4.9
49;2021-04-07;3308;1363;121459;41466;14.9;5.1
49;2021-04-08;5180;1404;126639;42870;15.5;5.3
49;2021-04-09;6207;1416;132846;44286;16.3;5.4
49;2021-04-10;2068;496;134914;44782;16.5;5.5
49;2021-04-11;389;7;135303;44789;16.6;5.5
49;2021-04-12;4073;1570;139376;46359;17.1;5.7
49;2021-04-13;5379;1909;144755;48268;17.7;5.9
49;2021-04-14;4541;1864;149296;50132;18.3;6.1
49;2021-04-15;5379;1887;154675;52019;19.0;6.4
49;2021-04-16;5758;2133;160433;54152;19.7;6.6
49;2021-04-17;3336;846;163769;54998;20.1;6.7
49;2021-04-18;381;477;164150;55475;20.1;6.8
49;2021-04-19;3710;2057;167860;57532;20.6;7.1
49;2021-04-20;4374;2106;172234;59638;21.1;7.3
49;2021-04-21;3954;2205;176188;61843;21.6;7.6
49;2021-04-22;4834;2103;181022;63946;22.2;7.8
49;2021-04-23;4811;2328;185833;66274;22.8;8.1
49;2021-04-24;2938;1156;188771;67430;23.1;8.3
49;2021-04-25;40;282;188811;67712;23.1;8.3
49;2021-04-26;3741;2116;192552;69828;23.6;8.6
49;2021-04-27;4472;2504;197024;72332;24.1;8.9
49;2021-04-28;4617;2491;201641;74823;24.7;9.2
49;2021-04-29;5206;3017;206847;77840;25.4;9.5
49;2021-04-30;5554;3193;212401;81033;26.0;9.9
49;2021-05-01;2363;665;214764;81698;26.3;10.0
49;2021-05-02;4;40;214768;81738;26.3;10.0
49;2021-05-03;5012;2405;219780;84143;26.9;10.3
49;2021-05-04;4969;3040;224749;87183;27.5;10.7
49;2021-05-05;4786;2997;229535;90180;28.1;11.1
49;2021-05-06;5329;3078;234864;93258;28.8;11.4
49;2021-05-07;4275;5025;239139;98283;29.3;12.0
49;2021-05-08;3576;436;242715;98719;29.7;12.1
49;2021-05-09;10;41;242725;98760;29.8;12.1
49;2021-05-10;4830;4276;247555;103036;30.3;12.6
49;2021-05-11;5397;5086;252952;108122;31.0;13.3
49;2021-05-12;4802;4594;257754;112716;31.6;13.8
49;2021-05-13;4778;685;262532;113401;32.2;13.9
49;2021-05-14;5173;3272;267705;116673;32.8;14.3
49;2021-05-15;4157;1807;271862;118480;33.3;14.5
49;2021-05-16;2788;118;274650;118598;33.7;14.5
49;2021-05-17;4834;3687;279484;122285;34.3;15.0
49;2021-05-18;5467;3776;284951;126061;34.9;15.5
49;2021-05-19;5916;3230;290867;129291;35.7;15.8
49;2021-05-20;6790;2964;297657;132255;36.5;16.2
49;2021-05-21;6454;3741;304111;135996;37.3;16.7
49;2021-05-22;5185;1192;309296;137188;37.9;16.8
49;2021-05-23;1;12;309297;137200;37.9;16.8
49;2021-05-24;4219;446;313516;137646;38.4;16.9
49;2021-05-25;6330;3313;319846;140959;39.2;17.3
49;2021-05-26;6273;2668;326119;143627;40.0;17.6
49;2021-05-27;7107;2724;333226;146351;40.8;17.9
49;2021-05-28;6875;4023;340101;150374;41.7;18.4
49;2021-05-29;5024;1895;345125;152269;42.3;18.7
49;2021-05-30;20;13;345145;152282;42.3;18.7
49;2021-05-31;6039;3223;351184;155505;43.0;19.1
49;2021-06-01;6588;3986;357772;159491;43.9;19.5
49;2021-06-02;5793;3745;363565;163236;44.6;20.0
49;2021-06-03;6604;3423;370169;166659;45.4;20.4
49;2021-06-04;6470;4863;376639;171522;46.2;21.0
49;2021-06-05;4386;2695;381025;174217;46.7;21.4
49;2021-06-06;35;52;381060;174269;46.7;21.4
49;2021-06-07;4632;4764;385692;179033;47.3;21.9
49;2021-06-08;5184;5096;390876;184129;47.9;22.6
49;2021-06-09;5320;4499;396196;188628;48.6;23.1
49;2021-06-10;5992;3783;402188;192411;49.3;23.6
49;2021-06-11;4851;6031;407039;198442;49.9;24.3
49;2021-06-12;4102;3202;411141;201644;50.4;24.7
49;2021-06-13;19;989;411160;202633;50.4;24.8
49;2021-06-14;3408;6009;414568;208642;50.8;25.6
49;2021-06-15;4242;6398;418810;215040;51.3;26.4
49;2021-06-16;4147;5679;422957;220719;51.8;27.1
49;2021-06-17;5068;5075;428025;225794;52.5;27.7
49;2021-06-18;4129;6881;432154;232675;53.0;28.5
49;2021-06-19;3525;3974;435679;236649;53.4;29.0
49;2021-06-20;30;23;435709;236672;53.4;29.0
49;2021-06-21;2827;6508;438536;243180;53.7;29.8
49;2021-06-22;3200;7001;441736;250181;54.1;30.7
49;2021-06-23;3253;6315;444989;256496;54.5;31.4
49;2021-06-24;4309;4972;449298;261468;55.1;32.0
49;2021-06-25;3318;7438;452616;268906;55.5;33.0
49;2021-06-26;2568;4627;455184;273533;55.8;33.5
49;2021-06-27;14;1544;455198;275077;55.8;33.7
49;2021-06-28;2232;7172;457430;282249;56.1;34.6
49;2021-06-29;3023;7259;460453;289508;56.4;35.5
49;2021-06-30;2816;6802;463269;296310;56.8;36.3
49;2021-07-01;3079;6267;466348;302577;57.2;37.1
49;2021-07-02;2897;8071;469245;310648;57.5;38.1
49;2021-07-03;1992;5488;471237;316136;57.8;38.7
49;2021-07-04;6;53;471243;316189;57.8;38.8
49;2021-07-05;1626;7079;472869;323268;58.0;39.6
49;2021-07-06;1883;7557;474752;330825;58.2;40.5
49;2021-07-07;2054;6626;476806;337451;58.4;41.4
49;2021-07-08;2506;6355;479312;343806;58.7;42.1
49;2021-07-09;2300;8249;481612;352055;59.0;43.2
49;2021-07-10;1779;5340;483391;357395;59.2;43.8
49;2021-07-11;11;35;483402;357430;59.2;43.8
49;2021-07-12;1918;7719;485320;365149;59.5;44.8
49;2021-07-13;2554;8308;487874;373457;59.8;45.8
49;2021-07-14;2879;3372;490753;376829;60.2;46.2
49;2021-07-15;3117;7561;493870;384390;60.5;47.1
49;2021-07-16;3307;8305;497177;392695;60.9;48.1
49;2021-07-17;2069;5488;499246;398183;61.2;48.8
49;2021-07-18;3739;573;502985;398756;61.6;48.9
49;2021-07-19;2559;7455;505544;406211;62.0;49.8
49;2021-07-20;3345;7485;508889;413696;62.4;50.7
49;2021-07-21;4141;6465;513030;420161;62.9;51.5
49;2021-07-22;4639;5852;517669;426013;63.4;52.2
49;2021-07-23;4904;6623;522573;432636;64.1;53.0
49;2021-07-24;3589;4998;526162;437634;64.5;53.6
49;2021-07-25;37;32;526199;437666;64.5;53.6
49;2021-07-26;4169;5894;530368;443560;65.0;54.4
49;2021-07-27;5544;5444;535912;449004;65.7;55.0
49;2021-07-28;5926;4351;541838;453355;66.4;55.6
49;2021-07-29;6548;4140;548386;457495;67.2;56.1
49;2021-07-30;6021;4782;554407;462277;68.0;56.7
49;2021-07-31;3937;3410;558344;465687;68.4;57.1
49;2021-08-01;18;22;558362;465709;68.4;57.1
49;2021-08-02;4251;4637;562613;470346;69.0;57.6
49;2021-08-03;5421;3796;568034;474142;69.6;58.1
49;2021-08-04;5201;3693;573235;477835;70.3;58.6
49;2021-08-05;5223;3281;578458;481116;70.9;59.0
49;2021-08-06;5679;4253;584137;485369;71.6;59.5
49;2021-08-07;3903;3029;588040;488398;72.1;59.9
49;2021-08-08;23;36;588063;488434;72.1;59.9
49;2021-08-09;3426;4656;591489;493090;72.5;60.4
50;2020-12-27;0;0;0;0;0.0;0.0
50;2020-12-28;0;0;0;0;0.0;0.0
50;2020-12-29;1;0;1;0;0.0;0.0
50;2020-12-30;0;0;1;0;0.0;0.0
50;2020-12-31;0;0;1;0;0.0;0.0
50;2021-01-01;0;0;1;0;0.0;0.0
50;2021-01-02;0;0;1;0;0.0;0.0
50;2021-01-03;0;0;1;0;0.0;0.0
50;2021-01-04;1;0;2;0;0.0;0.0
50;2021-01-05;0;0;2;0;0.0;0.0
50;2021-01-06;126;0;128;0;0.0;0.0
50;2021-01-07;321;0;449;0;0.1;0.0
50;2021-01-08;436;2;885;2;0.2;0.0
50;2021-01-09;236;0;1121;2;0.2;0.0
50;2021-01-10;23;0;1144;2;0.2;0.0
50;2021-01-11;390;1;1534;3;0.3;0.0
50;2021-01-12;600;0;2134;3;0.4;0.0
50;2021-01-13;694;4;2828;7;0.6;0.0
50;2021-01-14;1046;4;3874;11;0.8;0.0
50;2021-01-15;708;2;4582;13;0.9;0.0
50;2021-01-16;214;3;4796;16;1.0;0.0
50;2021-01-17;0;0;4796;16;1.0;0.0
50;2021-01-18;619;1;5415;17;1.1;0.0
50;2021-01-19;892;1;6307;18;1.3;0.0
50;2021-01-20;965;0;7272;18;1.5;0.0
50;2021-01-21;917;4;8189;22;1.7;0.0
50;2021-01-22;713;2;8902;24;1.8;0.0
50;2021-01-23;667;4;9569;28;2.0;0.0
50;2021-01-24;880;2;10449;30;2.1;0.0
50;2021-01-25;2671;10;13120;40;2.7;0.0
50;2021-01-26;1335;14;14455;54;2.9;0.0
50;2021-01-27;760;55;15215;109;3.1;0.0
50;2021-01-28;718;169;15933;278;3.2;0.1
50;2021-01-29;580;307;16513;585;3.4;0.1
50;2021-01-30;381;165;16894;750;3.4;0.2
50;2021-01-31;0;0;16894;750;3.4;0.2
50;2021-02-01;449;225;17343;975;3.5;0.2
50;2021-02-02;416;236;17759;1211;3.6;0.2
50;2021-02-03;390;378;18149;1589;3.7;0.3
50;2021-02-04;485;452;18634;2041;3.8;0.4
50;2021-02-05;422;448;19056;2489;3.9;0.5
50;2021-02-06;179;114;19235;2603;3.9;0.5
50;2021-02-07;0;0;19235;2603;3.9;0.5
50;2021-02-08;255;509;19490;3112;4.0;0.6
50;2021-02-09;246;642;19736;3754;4.0;0.8
50;2021-02-10;570;558;20306;4312;4.1;0.9
50;2021-02-11;438;915;20744;5227;4.2;1.1
50;2021-02-12;329;672;21073;5899;4.3;1.2
50;2021-02-13;305;489;21378;6388;4.4;1.3
50;2021-02-14;185;826;21563;7214;4.4;1.5
50;2021-02-15;661;2022;22224;9236;4.5;1.9
50;2021-02-16;745;1622;22969;10858;4.7;2.2
50;2021-02-17;632;828;23601;11686;4.8;2.4
50;2021-02-18;570;810;24171;12496;4.9;2.5
50;2021-02-19;629;523;24800;13019;5.1;2.7
50;2021-02-20;423;193;25223;13212;5.1;2.7
50;2021-02-21;85;29;25308;13241;5.2;2.7
50;2021-02-22;291;726;25599;13967;5.2;2.8
50;2021-02-23;502;567;26101;14534;5.3;3.0
50;2021-02-24;624;571;26725;15105;5.4;3.1
50;2021-02-25;778;591;27503;15696;5.6;3.2
50;2021-02-26;999;399;28502;16095;5.8;3.3
50;2021-02-27;887;112;29389;16207;6.0;3.3
50;2021-02-28;111;0;29500;16207;6.0;3.3
50;2021-03-01;489;559;29989;16766;6.1;3.4
50;2021-03-02;651;521;30640;17287;6.2;3.5
50;2021-03-03;797;457;31437;17744;6.4;3.6
50;2021-03-04;1248;340;32685;18084;6.7;3.7
50;2021-03-05;1552;349;34237;18433;7.0;3.8
50;2021-03-06;1319;161;35556;18594;7.2;3.8
50;2021-03-07;549;43;36105;18637;7.4;3.8
50;2021-03-08;1024;621;37129;19258;7.6;3.9
50;2021-03-09;1554;575;38683;19833;7.9;4.0
50;2021-03-10;1605;322;40288;20155;8.2;4.1
50;2021-03-11;2352;355;42640;20510;8.7;4.2
50;2021-03-12;2866;245;45506;20755;9.3;4.2
50;2021-03-13;1992;134;47498;20889;9.7;4.3
50;2021-03-14;279;41;47777;20930;9.7;4.3
50;2021-03-15;1377;296;49154;21226;10.0;4.3
50;2021-03-16;1339;281;50493;21507;10.3;4.4
50;2021-03-17;1295;410;51788;21917;10.6;4.5
50;2021-03-18;1160;425;52948;22342;10.8;4.6
50;2021-03-19;1731;591;54679;22933;11.1;4.7
50;2021-03-20;1683;226;56362;23159;11.5;4.7
50;2021-03-21;794;10;57156;23169;11.6;4.7
50;2021-03-22;1507;335;58663;23504;12.0;4.8
50;2021-03-23;2071;395;60734;23899;12.4;4.9
50;2021-03-24;2279;555;63013;24454;12.8;5.0
50;2021-03-25;2810;465;65823;24919;13.4;5.1
50;2021-03-26;3205;467;69028;25386;14.1;5.2
50;2021-03-27;1823;375;70851;25761;14.4;5.3
50;2021-03-28;403;18;71254;25779;14.5;5.3
50;2021-03-29;2137;720;73391;26499;15.0;5.4
50;2021-03-30;2282;647;75673;27146;15.4;5.5
50;2021-03-31;2478;569;78151;27715;15.9;5.6
50;2021-04-01;3104;861;81255;28576;16.6;5.8
50;2021-04-02;2961;944;84216;29520;17.2;6.0
50;2021-04-03;1245;690;85461;30210;17.4;6.2
50;2021-04-04;321;134;85782;30344;17.5;6.2
50;2021-04-05;400;27;86182;30371;17.6;6.2
50;2021-04-06;2126;1224;88308;31595;18.0;6.4
50;2021-04-07;2560;1181;90868;32776;18.5;6.7
50;2021-04-08;3597;1223;94465;33999;19.3;6.9
50;2021-04-09;3936;1298;98401;35297;20.1;7.2
50;2021-04-10;2535;880;100936;36177;20.6;7.4
50;2021-04-11;411;147;101347;36324;20.7;7.4
50;2021-04-12;2438;1383;103785;37707;21.2;7.7
50;2021-04-13;2678;1537;106463;39244;21.7;8.0
50;2021-04-14;2608;1346;109071;40590;22.2;8.3
50;2021-04-15;3160;1111;112231;41701;22.9;8.5
50;2021-04-16;3364;1102;115595;42803;23.6;8.7
50;2021-04-17;2400;1184;117995;43987;24.0;9.0
50;2021-04-18;425;663;118420;44650;24.1;9.1
50;2021-04-19;2000;1474;120420;46124;24.5;9.4
50;2021-04-20;2277;1591;122697;47715;25.0;9.7
50;2021-04-21;2551;1759;125248;49474;25.5;10.1
50;2021-04-22;3078;1824;128326;51298;26.2;10.5
50;2021-04-23;2756;1911;131082;53209;26.7;10.8
50;2021-04-24;1897;1434;132979;54643;27.1;11.1
50;2021-04-25;470;272;133449;54915;27.2;11.2
50;2021-04-26;2121;1889;135570;56804;27.6;11.6
50;2021-04-27;2411;1999;137981;58803;28.1;12.0
50;2021-04-28;2707;1970;140688;60773;28.7;12.4
50;2021-04-29;3285;2039;143973;62812;29.3;12.8
50;2021-04-30;2997;1927;146970;64739;30.0;13.2
50;2021-05-01;1014;593;147984;65332;30.2;13.3
50;2021-05-02;523;448;148507;65780;30.3;13.4
50;2021-05-03;1768;1806;150275;67586;30.6;13.8
50;2021-05-04;1773;2325;152048;69911;31.0;14.2
50;2021-05-05;1661;2956;153709;72867;31.3;14.9
50;2021-05-06;2530;2582;156239;75449;31.8;15.4
50;2021-05-07;2150;2862;158389;78311;32.3;16.0
50;2021-05-08;1168;791;159557;79102;32.5;16.1
50;2021-05-09;624;361;160181;79463;32.6;16.2
50;2021-05-10;1704;2605;161885;82068;33.0;16.7
50;2021-05-11;2544;2848;164429;84916;33.5;17.3
50;2021-05-12;3179;2437;167608;87353;34.2;17.8
50;2021-05-13;3381;610;170989;87963;34.8;17.9
50;2021-05-14;3572;2278;174561;90241;35.6;18.4
50;2021-05-15;4001;1872;178562;92113;36.4;18.8
50;2021-05-16;947;267;179509;92380;36.6;18.8
50;2021-05-17;2138;1879;181647;94259;37.0;19.2
50;2021-05-18;2522;1622;184169;95881;37.5;19.5
50;2021-05-19;2504;1440;186673;97321;38.0;19.8
50;2021-05-20;3262;1623;189935;98944;38.7;20.2
50;2021-05-21;3158;1913;193093;100857;39.4;20.6
50;2021-05-22;2652;1327;195745;102184;39.9;20.8
50;2021-05-23;604;284;196349;102468;40.0;20.9
50;2021-05-24;1527;490;197876;102958;40.3;21.0
50;2021-05-25;2450;1675;200326;104633;40.8;21.3
50;2021-05-26;3000;1452;203326;106085;41.4;21.6
50;2021-05-27;3030;1969;206356;108054;42.1;22.0
50;2021-05-28;2945;2122;209301;110176;42.7;22.5
50;2021-05-29;2758;1402;212059;111578;43.2;22.7
50;2021-05-30;812;323;212871;111901;43.4;22.8
50;2021-05-31;2652;1816;215523;113717;43.9;23.2
50;2021-06-01;3332;2064;218855;115781;44.6;23.6
50;2021-06-02;3258;1786;222113;117567;45.3;24.0
50;2021-06-03;3912;2062;226025;119629;46.1;24.4
50;2021-06-04;3823;2882;229848;122511;46.8;25.0
50;2021-06-05;2959;1848;232807;124359;47.4;25.3
50;2021-06-06;813;444;233620;124803;47.6;25.4
50;2021-06-07;3513;2084;237133;126887;48.3;25.9
50;2021-06-08;4071;2225;241204;129112;49.2;26.3
50;2021-06-09;4252;1991;245456;131103;50.0;26.7
50;2021-06-10;4194;2115;249650;133218;50.9;27.2
50;2021-06-11;4225;2711;253875;135929;51.7;27.7
50;2021-06-12;3735;1607;257610;137536;52.5;28.0
50;2021-06-13;1143;451;258753;137987;52.7;28.1
50;2021-06-14;2691;2965;261444;140952;53.3;28.7
50;2021-06-15;3020;2601;264464;143553;53.9;29.3
50;2021-06-16;3098;1970;267562;145523;54.5;29.7
50;2021-06-17;2794;2484;270356;148007;55.1;30.2
50;2021-06-18;3241;3047;273597;151054;55.8;30.8
50;2021-06-19;3178;1921;276775;152975;56.4;31.2
50;2021-06-20;731;710;277506;153685;56.6;31.3
50;2021-06-21;1817;3131;279323;156816;56.9;32.0
50;2021-06-22;2062;3393;281385;160209;57.3;32.7
50;2021-06-23;1870;3874;283255;164083;57.7;33.4
50;2021-06-24;1711;4012;284966;168095;58.1;34.3
50;2021-06-25;2134;4006;287100;172101;58.5;35.1
50;2021-06-26;2139;3697;289239;175798;58.9;35.8
50;2021-06-27;612;893;289851;176691;59.1;36.0
50;2021-06-28;1925;3350;291776;180041;59.5;36.7
50;2021-06-29;1880;3401;293656;183442;59.8;37.4
50;2021-06-30;2172;3405;295828;186847;60.3;38.1
50;2021-07-01;1944;3279;297772;190126;60.7;38.7
50;2021-07-02;1894;3929;299666;194055;61.1;39.5
50;2021-07-03;1442;3445;301108;197500;61.4;40.3
50;2021-07-04;445;1067;301553;198567;61.5;40.5
50;2021-07-05;1262;3412;302815;201979;61.7;41.2
50;2021-07-06;1573;3889;304388;205868;62.0;42.0
50;2021-07-07;1792;3621;306180;209489;62.4;42.7
50;2021-07-08;1371;4105;307551;213594;62.7;43.5
50;2021-07-09;1390;4576;308941;218170;63.0;44.5
50;2021-07-10;1018;3605;309959;221775;63.2;45.2
50;2021-07-11;368;1021;310327;222796;63.2;45.4
50;2021-07-12;1308;4635;311635;227431;63.5;46.4
50;2021-07-13;1615;4872;313250;232303;63.8;47.3
50;2021-07-14;1471;2360;314721;234663;64.1;47.8
50;2021-07-15;1677;5060;316398;239723;64.5;48.9
50;2021-07-16;2964;5253;319362;244976;65.1;49.9
50;2021-07-17;2127;3732;321489;248708;65.5;50.7
50;2021-07-18;401;1093;321890;249801;65.6;50.9
50;2021-07-19;1562;5189;323452;254990;65.9;52.0
50;2021-07-20;1916;5417;325368;260407;66.3;53.1
50;2021-07-21;1777;5267;327145;265674;66.7;54.1
50;2021-07-22;1919;5004;329064;270678;67.1;55.2
50;2021-07-23;2053;5391;331117;276069;67.5;56.3
50;2021-07-24;1304;3839;332421;279908;67.7;57.0
50;2021-07-25;267;1040;332688;280948;67.8;57.3
50;2021-07-26;2271;3499;334959;284447;68.3;58.0
50;2021-07-27;2878;3351;337837;287798;68.9;58.7
50;2021-07-28;2966;3690;340803;291488;69.5;59.4
50;2021-07-29;3543;3231;344346;294719;70.2;60.1
50;2021-07-30;3048;3006;347394;297725;70.8;60.7
50;2021-07-31;2377;2669;349771;300394;71.3;61.2
50;2021-08-01;481;684;350252;301078;71.4;61.4
50;2021-08-02;2443;2739;352695;303817;71.9;61.9
50;2021-08-03;3374;2460;356069;306277;72.6;62.4
50;2021-08-04;3574;2320;359643;308597;73.3;62.9
50;2021-08-05;3149;2150;362792;310747;73.9;63.3
50;2021-08-06;3611;2797;366403;313544;74.7;63.9
50;2021-08-07;2429;2157;368832;315701;75.2;64.3
50;2021-08-08;510;713;369342;316414;75.3;64.5
50;2021-08-09;2465;2121;371807;318535;75.8;64.9
51;2020-12-27;0;0;0;0;0.0;0.0
51;2020-12-28;0;0;0;0;0.0;0.0
51;2020-12-29;0;0;0;0;0.0;0.0
51;2020-12-30;0;0;0;0;0.0;0.0
51;2020-12-31;1;0;1;0;0.0;0.0
51;2021-01-01;0;0;1;0;0.0;0.0
51;2021-01-02;0;0;1;0;0.0;0.0
51;2021-01-03;0;0;1;0;0.0;0.0
51;2021-01-04;1;0;2;0;0.0;0.0
51;2021-01-05;1;0;3;0;0.0;0.0
51;2021-01-06;6;0;9;0;0.0;0.0
51;2021-01-07;261;1;270;1;0.0;0.0
51;2021-01-08;506;1;776;2;0.1;0.0
51;2021-01-09;91;0;867;2;0.2;0.0
51;2021-01-10;0;0;867;2;0.2;0.0
51;2021-01-11;544;2;1411;4;0.3;0.0
51;2021-01-12;1537;4;2948;8;0.5;0.0
51;2021-01-13;1288;5;4236;13;0.8;0.0
51;2021-01-14;1467;6;5703;19;1.0;0.0
51;2021-01-15;605;3;6308;22;1.1;0.0
51;2021-01-16;177;1;6485;23;1.2;0.0
51;2021-01-17;101;0;6586;23;1.2;0.0
51;2021-01-18;843;3;7429;26;1.3;0.0
51;2021-01-19;997;4;8426;30;1.5;0.0
51;2021-01-20;954;8;9380;38;1.7;0.0
51;2021-01-21;790;3;10170;41;1.8;0.0
51;2021-01-22;392;2;10562;43;1.9;0.0
51;2021-01-23;294;0;10856;43;1.9;0.0
51;2021-01-24;130;1;10986;44;1.9;0.0
51;2021-01-25;712;3;11698;47;2.1;0.0
51;2021-01-26;778;5;12476;52;2.2;0.0
51;2021-01-27;656;3;13132;55;2.3;0.0
51;2021-01-28;645;70;13777;125;2.4;0.0
51;2021-01-29;472;142;14249;267;2.5;0.0
51;2021-01-30;126;5;14375;272;2.5;0.0
51;2021-01-31;83;0;14458;272;2.6;0.0
51;2021-02-01;275;58;14733;330;2.6;0.1
51;2021-02-02;738;722;15471;1052;2.7;0.2
51;2021-02-03;642;470;16113;1522;2.9;0.3
51;2021-02-04;970;822;17083;2344;3.0;0.4
51;2021-02-05;972;514;18055;2858;3.2;0.5
51;2021-02-06;30;149;18085;3007;3.2;0.5
51;2021-02-07;0;18;18085;3025;3.2;0.5
51;2021-02-08;115;415;18200;3440;3.2;0.6
51;2021-02-09;222;472;18422;3912;3.3;0.7
51;2021-02-10;219;640;18641;4552;3.3;0.8
51;2021-02-11;298;529;18939;5081;3.4;0.9
51;2021-02-12;340;565;19279;5646;3.4;1.0
51;2021-02-13;8;116;19287;5762;3.4;1.0
51;2021-02-14;8;171;19295;5933;3.4;1.1
51;2021-02-15;265;854;19560;6787;3.5;1.2
51;2021-02-16;401;972;19961;7759;3.5;1.4
51;2021-02-17;367;879;20328;8638;3.6;1.5
51;2021-02-18;435;594;20763;9232;3.7;1.6
51;2021-02-19;530;423;21293;9655;3.8;1.7
51;2021-02-20;205;296;21498;9951;3.8;1.8
51;2021-02-21;10;101;21508;10052;3.8;1.8
51;2021-02-22;195;690;21703;10742;3.8;1.9
51;2021-02-23;262;1100;21965;11842;3.9;2.1
51;2021-02-24;413;697;22378;12539;4.0;2.2
51;2021-02-25;1050;889;23428;13428;4.2;2.4
51;2021-02-26;1226;665;24654;14093;4.4;2.5
51;2021-02-27;590;124;25244;14217;4.5;2.5
51;2021-02-28;7;71;25251;14288;4.5;2.5
51;2021-03-01;766;311;26017;14599;4.6;2.6
51;2021-03-02;1125;450;27142;15049;4.8;2.7
51;2021-03-03;1193;465;28335;15514;5.0;2.8
51;2021-03-04;1059;702;29394;16216;5.2;2.9
51;2021-03-05;1559;674;30953;16890;5.5;3.0
51;2021-03-06;1433;55;32386;16945;5.7;3.0
51;2021-03-07;250;4;32636;16949;5.8;3.0
51;2021-03-08;992;98;33628;17047;6.0;3.0
51;2021-03-09;1664;184;35292;17231;6.3;3.1
51;2021-03-10;1993;103;37285;17334;6.6;3.1
51;2021-03-11;2370;167;39655;17501;7.0;3.1
51;2021-03-12;3249;154;42904;17655;7.6;3.1
51;2021-03-13;2550;47;45454;17702;8.1;3.1
51;2021-03-14;190;5;45644;17707;8.1;3.1
51;2021-03-15;1577;144;47221;17851;8.4;3.2
51;2021-03-16;1479;183;48700;18034;8.6;3.2
51;2021-03-17;1496;206;50196;18240;8.9;3.2
51;2021-03-18;1612;282;51808;18522;9.2;3.3
51;2021-03-19;2311;300;54119;18822;9.6;3.3
51;2021-03-20;1660;212;55779;19034;9.9;3.4
51;2021-03-21;133;1;55912;19035;9.9;3.4
51;2021-03-22;1416;121;57328;19156;10.2;3.4
51;2021-03-23;2466;161;59794;19317;10.6;3.4
51;2021-03-24;2840;130;62634;19447;11.1;3.4
51;2021-03-25;3254;331;65888;19778;11.7;3.5
51;2021-03-26;3412;505;69300;20283;12.3;3.6
51;2021-03-27;1843;251;71143;20534;12.6;3.6
51;2021-03-28;213;3;71356;20537;12.7;3.6
51;2021-03-29;991;642;72347;21179;12.8;3.8
51;2021-03-30;1750;856;74097;22035;13.1;3.9
51;2021-03-31;1736;757;75833;22792;13.4;4.0
51;2021-04-01;2281;444;78114;23236;13.9;4.1
51;2021-04-02;2425;639;80539;23875;14.3;4.2
51;2021-04-03;1304;409;81843;24284;14.5;4.3
51;2021-04-04;106;2;81949;24286;14.5;4.3
51;2021-04-05;72;141;82021;24427;14.5;4.3
51;2021-04-06;764;1234;82785;25661;14.7;4.6
51;2021-04-07;1313;1410;84098;27071;14.9;4.8
51;2021-04-08;2206;1769;86304;28840;15.3;5.1
51;2021-04-09;2863;1731;89167;30571;15.8;5.4
51;2021-04-10;2216;496;91383;31067;16.2;5.5
51;2021-04-11;105;85;91488;31152;16.2;5.5
51;2021-04-12;1449;1341;92937;32493;16.5;5.8
51;2021-04-13;1936;1683;94873;34176;16.8;6.1
51;2021-04-14;2460;1554;97333;35730;17.3;6.3
51;2021-04-15;2854;1667;100187;37397;17.8;6.6
51;2021-04-16;3214;1601;103401;38998;18.3;6.9
51;2021-04-17;1966;775;105367;39773;18.7;7.1
51;2021-04-18;296;112;105663;39885;18.7;7.1
51;2021-04-19;1561;1162;107224;41047;19.0;7.3
51;2021-04-20;1793;1662;109017;42709;19.3;7.6
51;2021-04-21;2007;1738;111024;44447;19.7;7.9
51;2021-04-22;2384;1652;113408;46099;20.1;8.2
51;2021-04-23;2980;1827;116388;47926;20.6;8.5
51;2021-04-24;1749;952;118137;48878;21.0;8.7
51;2021-04-25;123;162;118260;49040;21.0;8.7
51;2021-04-26;1849;759;120109;49799;21.3;8.8
51;2021-04-27;2442;1232;122551;51031;21.7;9.1
51;2021-04-28;2551;1307;125102;52338;22.2;9.3
51;2021-04-29;2674;1459;127776;53797;22.7;9.5
51;2021-04-30;2975;1672;130751;55469;23.2;9.8
51;2021-05-01;1454;412;132205;55881;23.4;9.9
51;2021-05-02;107;99;132312;55980;23.5;9.9
51;2021-05-03;2485;761;134797;56741;23.9;10.1
51;2021-05-04;2787;1350;137584;58091;24.4;10.3
51;2021-05-05;2859;1636;140443;59727;24.9;10.6
51;2021-05-06;5344;1944;145787;61671;25.9;10.9
51;2021-05-07;3703;1934;149490;63605;26.5;11.3
51;2021-05-08;2859;821;152349;64426;27.0;11.4
51;2021-05-09;211;89;152560;64515;27.1;11.4
51;2021-05-10;3215;1863;155775;66378;27.6;11.8
51;2021-05-11;3628;2039;159403;68417;28.3;12.1
51;2021-05-12;4184;2241;163587;70658;29.0;12.5
51;2021-05-13;1776;503;165363;71161;29.3;12.6
51;2021-05-14;5403;1748;170766;72909;30.3;12.9
51;2021-05-15;4227;1354;174993;74263;31.0;13.2
51;2021-05-16;284;46;175277;74309;31.1;13.2
51;2021-05-17;3132;1526;178409;75835;31.6;13.5
51;2021-05-18;3917;1771;182326;77606;32.3;13.8
51;2021-05-19;4029;1731;186355;79337;33.1;14.1
51;2021-05-20;4648;1970;191003;81307;33.9;14.4
51;2021-05-21;3595;2481;194598;83788;34.5;14.9
51;2021-05-22;2076;1547;196674;85335;34.9;15.1
51;2021-05-23;307;210;196981;85545;34.9;15.2
51;2021-05-24;2019;720;199000;86265;35.3;15.3
51;2021-05-25;3128;1830;202128;88095;35.8;15.6
51;2021-05-26;3297;1710;205425;89805;36.4;15.9
51;2021-05-27;3270;2061;208695;91866;37.0;16.3
51;2021-05-28;3605;2827;212300;94693;37.7;16.8
51;2021-05-29;2402;1998;214702;96691;38.1;17.1
51;2021-05-30;401;133;215103;96824;38.2;17.2
51;2021-05-31;3351;1785;218454;98609;38.7;17.5
51;2021-06-01;3854;2336;222308;100945;39.4;17.9
51;2021-06-02;6096;2326;228404;103271;40.5;18.3
51;2021-06-03;3580;2430;231984;105701;41.1;18.7
51;2021-06-04;6346;2944;238330;108645;42.3;19.3
51;2021-06-05;2597;1819;240927;110464;42.7;19.6
51;2021-06-06;171;156;241098;110620;42.8;19.6
51;2021-06-07;4301;2166;245399;112786;43.5;20.0
51;2021-06-08;3925;2534;249324;115320;44.2;20.5
51;2021-06-09;4018;2750;253342;118070;44.9;20.9
51;2021-06-10;3201;2483;256543;120553;45.5;21.4
51;2021-06-11;3358;3427;259901;123980;46.1;22.0
51;2021-06-12;2165;2172;262066;126152;46.5;22.4
51;2021-06-13;191;148;262257;126300;46.5;22.4
51;2021-06-14;1626;3337;263883;129637;46.8;23.0
51;2021-06-15;3187;3577;267070;133214;47.4;23.6
51;2021-06-16;2206;3684;269276;136898;47.8;24.3
51;2021-06-17;2609;5404;271885;142302;48.2;25.2
51;2021-06-18;2357;5212;274242;147514;48.6;26.2
51;2021-06-19;1684;4426;275926;151940;48.9;26.9
51;2021-06-20;184;228;276110;152168;49.0;27.0
51;2021-06-21;1230;4440;277340;156608;49.2;27.8
51;2021-06-22;1556;4043;278896;160651;49.5;28.5
51;2021-06-23;3665;4233;282561;164884;50.1;29.2
51;2021-06-24;2245;3228;284806;168112;50.5;29.8
51;2021-06-25;1906;6523;286712;174635;50.9;31.0
51;2021-06-26;1202;5069;287914;179704;51.1;31.9
51;2021-06-27;103;336;288017;180040;51.1;31.9
51;2021-06-28;1400;4410;289417;184450;51.3;32.7
51;2021-06-29;1172;4464;290589;188914;51.5;33.5
51;2021-06-30;1686;6042;292275;194956;51.8;34.6
51;2021-07-01;1974;3765;294249;198721;52.2;35.2
51;2021-07-02;1832;6887;296081;205608;52.5;36.5
51;2021-07-03;1003;3199;297084;208807;52.7;37.0
51;2021-07-04;172;254;297256;209061;52.7;37.1
51;2021-07-05;764;5529;298020;214590;52.9;38.1
51;2021-07-06;1246;4783;299266;219373;53.1;38.9
51;2021-07-07;1610;4939;300876;224312;53.4;39.8
51;2021-07-08;2064;3428;302940;227740;53.7;40.4
51;2021-07-09;1853;5053;304793;232793;54.1;41.3
51;2021-07-10;1227;3206;306020;235999;54.3;41.9
51;2021-07-11;187;280;306207;236279;54.3;41.9
51;2021-07-12;991;4381;307198;240660;54.5;42.7
51;2021-07-13;1473;4780;308671;245440;54.7;43.5
51;2021-07-14;1069;1687;309740;247127;54.9;43.8
51;2021-07-15;2926;4911;312666;252038;55.5;44.7
51;2021-07-16;2352;5285;315018;257323;55.9;45.6
51;2021-07-17;1813;3486;316831;260809;56.2;46.3
51;2021-07-18;163;329;316994;261138;56.2;46.3
51;2021-07-19;1888;3979;318882;265117;56.6;47.0
51;2021-07-20;2574;5148;321456;270265;57.0;47.9
51;2021-07-21;3598;4062;325054;274327;57.7;48.7
51;2021-07-22;4384;3752;329438;278079;58.4;49.3
51;2021-07-23;3621;4384;333059;282463;59.1;50.1
51;2021-07-24;2074;2721;335133;285184;59.4;50.6
51;2021-07-25;349;258;335482;285442;59.5;50.6
51;2021-07-26;3102;2808;338584;288250;60.1;51.1
51;2021-07-27;5808;3257;344392;291507;61.1;51.7
51;2021-07-28;4118;4313;348510;295820;61.8;52.5
51;2021-07-29;4673;2714;353183;298534;62.6;52.9
51;2021-07-30;3595;3148;356778;301682;63.3;53.5
51;2021-07-31;2509;2123;359287;303805;63.7;53.9
51;2021-08-01;373;233;359660;304038;63.8;53.9
51;2021-08-02;3264;2304;362924;306342;64.4;54.3
51;2021-08-03;3759;1902;366683;308244;65.0;54.7
51;2021-08-04;4435;2109;371118;310353;65.8;55.0
51;2021-08-05;2630;1530;373748;311883;66.3;55.3
51;2021-08-06;3029;2524;376777;314407;66.8;55.8
51;2021-08-07;2150;1682;378927;316089;67.2;56.1
51;2021-08-08;364;205;379291;316294;67.3;56.1
51;2021-08-09;2497;1832;381788;318126;67.7;56.4
52;2020-12-27;0;0;0;0;0.0;0.0
52;2020-12-28;0;0;0;0;0.0;0.0
52;2020-12-29;0;0;0;0;0.0;0.0
52;2020-12-30;0;0;0;0;0.0;0.0
52;2020-12-31;0;0;0;0;0.0;0.0
52;2021-01-01;0;0;0;0;0.0;0.0
52;2021-01-02;0;0;0;0;0.0;0.0
52;2021-01-03;0;0;0;0;0.0;0.0
52;2021-01-04;0;0;0;0;0.0;0.0
52;2021-01-05;0;0;0;0;0.0;0.0
52;2021-01-06;2;0;2;0;0.0;0.0
52;2021-01-07;0;0;2;0;0.0;0.0
52;2021-01-08;201;1;203;1;0.1;0.0
52;2021-01-09;93;0;296;1;0.2;0.0
52;2021-01-10;0;0;296;1;0.2;0.0
52;2021-01-11;207;0;503;1;0.3;0.0
52;2021-01-12;171;0;674;1;0.4;0.0
52;2021-01-13;562;2;1236;3;0.7;0.0
52;2021-01-14;677;8;1913;11;1.1;0.0
52;2021-01-15;411;1;2324;12;1.4;0.0
52;2021-01-16;16;1;2340;13;1.4;0.0
52;2021-01-17;0;0;2340;13;1.4;0.0
52;2021-01-18;427;0;2767;13;1.6;0.0
52;2021-01-19;439;0;3206;13;1.9;0.0
52;2021-01-20;420;0;3626;13;2.1;0.0
52;2021-01-21;424;1;4050;14;2.4;0.0
52;2021-01-22;321;1;4371;15;2.6;0.0
52;2021-01-23;72;1;4443;16;2.6;0.0
52;2021-01-24;0;0;4443;16;2.6;0.0
52;2021-01-25;235;0;4678;16;2.8;0.0
52;2021-01-26;306;1;4984;17;2.9;0.0
52;2021-01-27;237;1;5221;18;3.1;0.0
52;2021-01-28;174;4;5395;22;3.2;0.0
52;2021-01-29;74;124;5469;146;3.2;0.1
52;2021-01-30;91;95;5560;241;3.3;0.1
52;2021-01-31;0;0;5560;241;3.3;0.1
52;2021-02-01;117;192;5677;433;3.4;0.3
52;2021-02-02;61;177;5738;610;3.4;0.4
52;2021-02-03;90;416;5828;1026;3.4;0.6
52;2021-02-04;231;597;6059;1623;3.6;1.0
52;2021-02-05;113;505;6172;2128;3.6;1.3
52;2021-02-06;22;0;6194;2128;3.7;1.3
52;2021-02-07;0;1;6194;2129;3.7;1.3
52;2021-02-08;34;207;6228;2336;3.7;1.4
52;2021-02-09;47;216;6275;2552;3.7;1.5
52;2021-02-10;88;191;6363;2743;3.8;1.6
52;2021-02-11;129;147;6492;2890;3.8;1.7
52;2021-02-12;188;130;6680;3020;3.9;1.8
52;2021-02-13;5;1;6685;3021;3.9;1.8
52;2021-02-14;0;16;6685;3037;3.9;1.8
52;2021-02-15;79;276;6764;3313;4.0;2.0
52;2021-02-16;50;357;6814;3670;4.0;2.2
52;2021-02-17;37;316;6851;3986;4.0;2.4
52;2021-02-18;82;281;6933;4267;4.1;2.5
52;2021-02-19;51;193;6984;4460;4.1;2.6
52;2021-02-20;14;111;6998;4571;4.1;2.7
52;2021-02-21;0;0;6998;4571;4.1;2.7
52;2021-02-22;42;384;7040;4955;4.2;2.9
52;2021-02-23;56;279;7096;5234;4.2;3.1
52;2021-02-24;82;247;7178;5481;4.2;3.2
52;2021-02-25;161;236;7339;5717;4.3;3.4
52;2021-02-26;296;182;7635;5899;4.5;3.5
52;2021-02-27;149;49;7784;5948;4.6;3.5
52;2021-02-28;0;0;7784;5948;4.6;3.5
52;2021-03-01;163;14;7947;5962;4.7;3.5
52;2021-03-02;196;51;8143;6013;4.8;3.6
52;2021-03-03;356;35;8499;6048;5.0;3.6
52;2021-03-04;377;58;8876;6106;5.2;3.6
52;2021-03-05;531;52;9407;6158;5.6;3.6
52;2021-03-06;409;35;9816;6193;5.8;3.7
52;2021-03-07;0;0;9816;6193;5.8;3.7
52;2021-03-08;397;111;10213;6304;6.0;3.7
52;2021-03-09;550;106;10763;6410;6.4;3.8
52;2021-03-10;308;107;11071;6517;6.5;3.9
52;2021-03-11;586;35;11657;6552;6.9;3.9
52;2021-03-12;582;66;12239;6618;7.2;3.9
52;2021-03-13;490;6;12729;6624;7.5;3.9
52;2021-03-14;15;3;12744;6627;7.5;3.9
52;2021-03-15;316;25;13060;6652;7.7;3.9
52;2021-03-16;203;15;13263;6667;7.8;3.9
52;2021-03-17;363;14;13626;6681;8.1;3.9
52;2021-03-18;442;8;14068;6689;8.3;4.0
52;2021-03-19;450;53;14518;6742;8.6;4.0
52;2021-03-20;259;11;14777;6753;8.7;4.0
52;2021-03-21;15;1;14792;6754;8.7;4.0
52;2021-03-22;375;48;15167;6802;9.0;4.0
52;2021-03-23;683;89;15850;6891;9.4;4.1
52;2021-03-24;771;69;16621;6960;9.8;4.1
52;2021-03-25;1139;85;17760;7045;10.5;4.2
52;2021-03-26;1033;138;18793;7183;11.1;4.2
52;2021-03-27;476;75;19269;7258;11.4;4.3
52;2021-03-28;53;0;19322;7258;11.4;4.3
52;2021-03-29;506;185;19828;7443;11.7;4.4
52;2021-03-30;868;292;20696;7735;12.2;4.6
52;2021-03-31;957;292;21653;8027;12.8;4.7
52;2021-04-01;1146;178;22799;8205;13.5;4.8
52;2021-04-02;958;102;23757;8307;14.0;4.9
52;2021-04-03;460;3;24217;8310;14.3;4.9
52;2021-04-04;1;1;24218;8311;14.3;4.9
52;2021-04-05;1;0;24219;8311;14.3;4.9
52;2021-04-06;431;294;24650;8605;14.6;5.1
52;2021-04-07;503;450;25153;9055;14.9;5.4
52;2021-04-08;846;209;25999;9264;15.4;5.5
52;2021-04-09;1059;127;27058;9391;16.0;5.5
52;2021-04-10;852;101;27910;9492;16.5;5.6
52;2021-04-11;96;1;28006;9493;16.5;5.6
52;2021-04-12;931;275;28937;9768;17.1;5.8
52;2021-04-13;1249;376;30186;10144;17.8;6.0
52;2021-04-14;1345;454;31531;10598;18.6;6.3
52;2021-04-15;1511;436;33042;11034;19.5;6.5
52;2021-04-16;1574;365;34616;11399;20.5;6.7
52;2021-04-17;1309;130;35925;11529;21.2;6.8
52;2021-04-18;510;29;36435;11558;21.5;6.8
52;2021-04-19;697;611;37132;12169;21.9;7.2
52;2021-04-20;1079;672;38211;12841;22.6;7.6
52;2021-04-21;1059;676;39270;13517;23.2;8.0
52;2021-04-22;1468;732;40738;14249;24.1;8.4
52;2021-04-23;1253;663;41991;14912;24.8;8.8
52;2021-04-24;477;293;42468;15205;25.1;9.0
52;2021-04-25;3;77;42471;15282;25.1;9.0
52;2021-04-26;631;560;43102;15842;25.5;9.4
52;2021-04-27;933;671;44035;16513;26.0;9.8
52;2021-04-28;1440;559;45475;17072;26.9;10.1
52;2021-04-29;1451;576;46926;17648;27.7;10.4
52;2021-04-30;1315;606;48241;18254;28.5;10.8
52;2021-05-01;8;232;48249;18486;28.5;10.9
52;2021-05-02;0;1;48249;18487;28.5;10.9
52;2021-05-03;1160;627;49409;19114;29.2;11.3
52;2021-05-04;1445;719;50854;19833;30.0;11.7
52;2021-05-05;1768;647;52622;20480;31.1;12.1
52;2021-05-06;1974;509;54596;20989;32.3;12.4
52;2021-05-07;1443;1162;56039;22151;33.1;13.1
52;2021-05-08;588;317;56627;22468;33.5;13.3
52;2021-05-09;1;47;56628;22515;33.5;13.3
52;2021-05-10;791;1101;57419;23616;33.9;14.0
52;2021-05-11;867;1396;58286;25012;34.4;14.8
52;2021-05-12;1208;1382;59494;26394;35.2;15.6
52;2021-05-13;67;184;59561;26578;35.2;15.7
52;2021-05-14;1186;1363;60747;27941;35.9;16.5
52;2021-05-15;492;929;61239;28870;36.2;17.1
52;2021-05-16;8;43;61247;28913;36.2;17.1
52;2021-05-17;1144;706;62391;29619;36.9;17.5
52;2021-05-18;1217;673;63608;30292;37.6;17.9
52;2021-05-19;1543;414;65151;30706;38.5;18.1
52;2021-05-20;1545;420;66696;31126;39.4;18.4
52;2021-05-21;1624;613;68320;31739;40.4;18.8
52;2021-05-22;1088;209;69408;31948;41.0;18.9
52;2021-05-23;1;0;69409;31948;41.0;18.9
52;2021-05-24;403;33;69812;31981;41.2;18.9
52;2021-05-25;1351;384;71163;32365;42.0;19.1
52;2021-05-26;1479;672;72642;33037;42.9;19.5
52;2021-05-27;1566;789;74208;33826;43.8;20.0
52;2021-05-28;1492;671;75700;34497;44.7;20.4
52;2021-05-29;696;835;76396;35332;45.1;20.9
52;2021-05-30;16;550;76412;35882;45.1;21.2
52;2021-05-31;824;830;77236;36712;45.6;21.7
52;2021-06-01;957;816;78193;37528;46.2;22.2
52;2021-06-02;895;753;79088;38281;46.7;22.6
52;2021-06-03;825;825;79913;39106;47.2;23.1
52;2021-06-04;884;1341;80797;40447;47.7;23.9
52;2021-06-05;580;638;81377;41085;48.1;24.3
52;2021-06-06;27;55;81404;41140;48.1;24.3
52;2021-06-07;359;931;81763;42071;48.3;24.9
52;2021-06-08;554;1467;82317;43538;48.6;25.7
52;2021-06-09;613;1474;82930;45012;49.0;26.6
52;2021-06-10;793;1159;83723;46171;49.5;27.3
52;2021-06-11;830;1349;84553;47520;50.0;28.1
52;2021-06-12;422;586;84975;48106;50.2;28.4
52;2021-06-13;1;6;84976;48112;50.2;28.4
52;2021-06-14;171;1413;85147;49525;50.3;29.3
52;2021-06-15;221;1810;85368;51335;50.4;30.3
52;2021-06-16;354;1994;85722;53329;50.6;31.5
52;2021-06-17;266;1156;85988;54485;50.8;32.2
52;2021-06-18;306;1553;86294;56038;51.0;33.1
52;2021-06-19;502;690;86796;56728;51.3;33.5
52;2021-06-20;0;17;86796;56745;51.3;33.5
52;2021-06-21;524;896;87320;57641;51.6;34.1
52;2021-06-22;503;1049;87823;58690;51.9;34.7
52;2021-06-23;562;1043;88385;59733;52.2;35.3
52;2021-06-24;609;717;88994;60450;52.6;35.7
52;2021-06-25;661;1312;89655;61762;53.0;36.5
52;2021-06-26;264;721;89919;62483;53.1;36.9
52;2021-06-27;1;8;89920;62491;53.1;36.9
52;2021-06-28;184;1443;90104;63934;53.2;37.8
52;2021-06-29;163;1414;90267;65348;53.3;38.6
52;2021-06-30;217;1467;90484;66815;53.5;39.5
52;2021-07-01;317;1022;90801;67837;53.6;40.1
52;2021-07-02;430;1453;91231;69290;53.9;40.9
52;2021-07-03;302;1147;91533;70437;54.1;41.6
52;2021-07-04;0;11;91533;70448;54.1;41.6
52;2021-07-05;172;1449;91705;71897;54.2;42.5
52;2021-07-06;284;1451;91989;73348;54.4;43.3
52;2021-07-07;305;1164;92294;74512;54.5;44.0
52;2021-07-08;471;1164;92765;75676;54.8;44.7
52;2021-07-09;287;1619;93052;77295;55.0;45.7
52;2021-07-10;151;822;93203;78117;55.1;46.2
52;2021-07-11;11;12;93214;78129;55.1;46.2
52;2021-07-12;282;1467;93496;79596;55.2;47.0
52;2021-07-13;589;1371;94085;80967;55.6;47.8
52;2021-07-14;436;151;94521;81118;55.8;47.9
52;2021-07-15;614;1430;95135;82548;56.2;48.8
52;2021-07-16;897;1337;96032;83885;56.7;49.6
52;2021-07-17;527;340;96559;84225;57.1;49.8
52;2021-07-18;3;12;96562;84237;57.1;49.8
52;2021-07-19;680;984;97242;85221;57.5;50.4
52;2021-07-20;1097;835;98339;86056;58.1;50.8
52;2021-07-21;1147;736;99486;86792;58.8;51.3
52;2021-07-22;1426;860;100912;87652;59.6;51.8
52;2021-07-23;1383;955;102295;88607;60.4;52.4
52;2021-07-24;872;487;103167;89094;61.0;52.6
52;2021-07-25;20;21;103187;89115;61.0;52.7
52;2021-07-26;995;615;104182;89730;61.6;53.0
52;2021-07-27;1325;653;105507;90383;62.3;53.4
52;2021-07-28;1373;640;106880;91023;63.1;53.8
52;2021-07-29;1243;618;108123;91641;63.9;54.1
52;2021-07-30;1350;707;109473;92348;64.7;54.6
52;2021-07-31;870;544;110343;92892;65.2;54.9
52;2021-08-01;5;14;110348;92906;65.2;54.9
52;2021-08-02;1171;561;111519;93467;65.9;55.2
52;2021-08-03;1348;534;112867;94001;66.7;55.5
52;2021-08-04;1139;578;114006;94579;67.4;55.9
52;2021-08-05;1012;575;115018;95154;68.0;56.2
52;2021-08-06;1050;701;116068;95855;68.6;56.6
52;2021-08-07;517;420;116585;96275;68.9;56.9
52;2021-08-08;0;6;116585;96281;68.9;56.9
52;2021-08-09;428;867;117013;97148;69.1;57.4
53;2020-12-27;0;0;0;0;0.0;0.0
53;2020-12-28;0;0;0;0;0.0;0.0
53;2020-12-29;0;0;0;0;0.0;0.0
53;2020-12-30;0;0;0;0;0.0;0.0
53;2020-12-31;0;0;0;0;0.0;0.0
53;2021-01-01;0;0;0;0;0.0;0.0
53;2021-01-02;0;0;0;0;0.0;0.0
53;2021-01-03;0;0;0;0;0.0;0.0
53;2021-01-04;0;0;0;0;0.0;0.0
53;2021-01-05;0;0;0;0;0.0;0.0
53;2021-01-06;0;0;0;0;0.0;0.0
53;2021-01-07;102;0;102;0;0.0;0.0
53;2021-01-08;284;1;386;1;0.1;0.0
53;2021-01-09;134;1;520;2;0.2;0.0
53;2021-01-10;15;0;535;2;0.2;0.0
53;2021-01-11;176;0;711;2;0.2;0.0
53;2021-01-12;453;1;1164;3;0.4;0.0
53;2021-01-13;252;0;1416;3;0.5;0.0
53;2021-01-14;289;7;1705;10;0.6;0.0
53;2021-01-15;343;4;2048;14;0.7;0.0
53;2021-01-16;61;0;2109;14;0.7;0.0
53;2021-01-17;24;1;2133;15;0.7;0.0
53;2021-01-18;364;0;2497;15;0.8;0.0
53;2021-01-19;594;0;3091;15;1.0;0.0
53;2021-01-20;742;0;3833;15;1.3;0.0
53;2021-01-21;769;2;4602;17;1.5;0.0
53;2021-01-22;705;2;5307;19;1.7;0.0
53;2021-01-23;160;1;5467;20;1.8;0.0
53;2021-01-24;6;0;5473;20;1.8;0.0
53;2021-01-25;550;0;6023;20;2.0;0.0
53;2021-01-26;1198;6;7221;26;2.4;0.0
53;2021-01-27;696;6;7917;32;2.6;0.0
53;2021-01-28;738;95;8655;127;2.8;0.0
53;2021-01-29;422;188;9077;315;3.0;0.1
53;2021-01-30;128;0;9205;315;3.0;0.1
53;2021-01-31;0;0;9205;315;3.0;0.1
53;2021-02-01;298;149;9503;464;3.1;0.2
53;2021-02-02;309;231;9812;695;3.2;0.2
53;2021-02-03;227;378;10039;1073;3.3;0.4
53;2021-02-04;184;332;10223;1405;3.3;0.5
53;2021-02-05;234;303;10457;1708;3.4;0.6
53;2021-02-06;152;23;10609;1731;3.5;0.6
53;2021-02-07;0;0;10609;1731;3.5;0.6
53;2021-02-08;168;107;10777;1838;3.5;0.6
53;2021-02-09;369;214;11146;2052;3.7;0.7
53;2021-02-10;266;435;11412;2487;3.7;0.8
53;2021-02-11;433;491;11845;2978;3.9;1.0
53;2021-02-12;318;574;12163;3552;4.0;1.2
53;2021-02-13;96;66;12259;3618;4.0;1.2
53;2021-02-14;0;99;12259;3717;4.0;1.2
53;2021-02-15;239;434;12498;4151;4.1;1.4
53;2021-02-16;528;844;13026;4995;4.3;1.6
53;2021-02-17;391;618;13417;5613;4.4;1.8
53;2021-02-18;546;577;13963;6190;4.6;2.0
53;2021-02-19;895;422;14858;6612;4.9;2.2
53;2021-02-20;139;112;14997;6724;4.9;2.2
53;2021-02-21;1;20;14998;6744;4.9;2.2
53;2021-02-22;161;586;15159;7330;5.0;2.4
53;2021-02-23;59;657;15218;7987;5.0;2.6
53;2021-02-24;137;517;15355;8504;5.0;2.8
53;2021-02-25;457;359;15812;8863;5.2;2.9
53;2021-02-26;439;263;16251;9126;5.3;3.0
53;2021-02-27;86;115;16337;9241;5.3;3.0
53;2021-02-28;0;0;16337;9241;5.3;3.0
53;2021-03-01;230;282;16567;9523;5.4;3.1
53;2021-03-02;246;254;16813;9777;5.5;3.2
53;2021-03-03;320;393;17133;10170;5.6;3.3
53;2021-03-04;859;337;17992;10507;5.9;3.4
53;2021-03-05;659;280;18651;10787;6.1;3.5
53;2021-03-06;445;212;19096;10999;6.3;3.6
53;2021-03-07;276;5;19372;11004;6.3;3.6
53;2021-03-08;375;181;19747;11185;6.5;3.7
53;2021-03-09;878;244;20625;11429;6.8;3.7
53;2021-03-10;808;106;21433;11535;7.0;3.8
53;2021-03-11;1247;222;22680;11757;7.4;3.9
53;2021-03-12;1602;145;24282;11902;8.0;3.9
53;2021-03-13;824;9;25106;11911;8.2;3.9
53;2021-03-14;1;0;25107;11911;8.2;3.9
53;2021-03-15;1002;298;26109;12209;8.6;4.0
53;2021-03-16;1034;325;27143;12534;8.9;4.1
53;2021-03-17;683;259;27826;12793;9.1;4.2
53;2021-03-18;972;340;28798;13133;9.4;4.3
53;2021-03-19;1343;594;30141;13727;9.9;4.5
53;2021-03-20;591;15;30732;13742;10.1;4.5
53;2021-03-21;2;0;30734;13742;10.1;4.5
53;2021-03-22;1209;152;31943;13894;10.5;4.5
53;2021-03-23;1696;63;33639;13957;11.0;4.6
53;2021-03-24;1323;116;34962;14073;11.4;4.6
53;2021-03-25;2323;228;37285;14301;12.2;4.7
53;2021-03-26;1882;151;39167;14452;12.8;4.7
53;2021-03-27;339;2;39506;14454;12.9;4.7
53;2021-03-28;2;0;39508;14454;12.9;4.7
53;2021-03-29;1474;209;40982;14663;13.4;4.8
53;2021-03-30;1944;197;42926;14860;14.1;4.9
53;2021-03-31;1791;219;44717;15079;14.6;4.9
53;2021-04-01;1945;672;46662;15751;15.3;5.2
53;2021-04-02;2074;219;48736;15970;16.0;5.2
53;2021-04-03;414;1;49150;15971;16.1;5.2
53;2021-04-04;10;0;49160;15971;16.1;5.2
53;2021-04-05;9;15;49169;15986;16.1;5.2
53;2021-04-06;1304;499;50473;16485;16.5;5.4
53;2021-04-07;1176;921;51649;17406;16.9;5.7
53;2021-04-08;1662;1004;53311;18410;17.5;6.0
53;2021-04-09;1956;398;55267;18808;18.1;6.2
53;2021-04-10;543;12;55810;18820;18.3;6.2
53;2021-04-11;12;0;55822;18820;18.3;6.2
53;2021-04-12;695;1066;56517;19886;18.5;6.5
53;2021-04-13;1473;1106;57990;20992;19.0;6.9
53;2021-04-14;1022;732;59012;21724;19.3;7.1
53;2021-04-15;1159;1108;60171;22832;19.7;7.5
53;2021-04-16;1272;816;61443;23648;20.1;7.7
53;2021-04-17;281;274;61724;23922;20.2;7.8
53;2021-04-18;0;0;61724;23922;20.2;7.8
53;2021-04-19;680;1068;62404;24990;20.4;8.2
53;2021-04-20;936;1449;63340;26439;20.7;8.7
53;2021-04-21;850;1012;64190;27451;21.0;9.0
53;2021-04-22;1046;1610;65236;29061;21.4;9.5
53;2021-04-23;1329;1054;66565;30115;21.8;9.9
53;2021-04-24;68;7;66633;30122;21.8;9.9
53;2021-04-25;6;39;66639;30161;21.8;9.9
53;2021-04-26;368;1238;67007;31399;21.9;10.3
53;2021-04-27;724;1971;67731;33370;22.2;10.9
53;2021-04-28;979;1392;68710;34762;22.5;11.4
53;2021-04-29;1051;1712;69761;36474;22.8;11.9
53;2021-04-30;1367;1308;71128;37782;23.3;12.4
53;2021-05-01;35;50;71163;37832;23.3;12.4
53;2021-05-02;0;0;71163;37832;23.3;12.4
53;2021-05-03;1570;702;72733;38534;23.8;12.6
53;2021-05-04;1305;1439;74038;39973;24.2;13.1
53;2021-05-05;1610;825;75648;40798;24.8;13.4
53;2021-05-06;1393;1394;77041;42192;25.2;13.8
53;2021-05-07;1538;1300;78579;43492;25.7;14.2
53;2021-05-08;939;36;79518;43528;26.0;14.3
53;2021-05-09;11;2;79529;43530;26.0;14.3
53;2021-05-10;2416;811;81945;44341;26.8;14.5
53;2021-05-11;3096;1284;85041;45625;27.8;14.9
53;2021-05-12;2749;1089;87790;46714;28.7;15.3
53;2021-05-13;350;27;88140;46741;28.9;15.3
53;2021-05-14;2020;676;90160;47417;29.5;15.5
53;2021-05-15;1058;62;91218;47479;29.9;15.5
53;2021-05-16;3;0;91221;47479;29.9;15.5
53;2021-05-17;1701;1197;92922;48676;30.4;15.9
53;2021-05-18;1881;1546;94803;50222;31.0;16.4
53;2021-05-19;2303;744;97106;50966;31.8;16.7
53;2021-05-20;3217;858;100323;51824;32.9;17.0
53;2021-05-21;2797;827;103120;52651;33.8;17.2
53;2021-05-22;21;60;103141;52711;33.8;17.3
53;2021-05-23;0;0;103141;52711;33.8;17.3
53;2021-05-24;8;6;103149;52717;33.8;17.3
53;2021-05-25;1818;803;104967;53520;34.4;17.5
53;2021-05-26;1852;903;106819;54423;35.0;17.8
53;2021-05-27;3071;1075;109890;55498;36.0;18.2
53;2021-05-28;2562;877;112452;56375;36.8;18.5
53;2021-05-29;844;244;113296;56619;37.1;18.5
53;2021-05-30;18;6;113314;56625;37.1;18.5
53;2021-05-31;2564;802;115878;57427;37.9;18.8
53;2021-06-01;3491;1259;119369;58686;39.1;19.2
53;2021-06-02;3183;523;122552;59209;40.1;19.4
53;2021-06-03;4198;783;126750;59992;41.5;19.6
53;2021-06-04;3181;1264;129931;61256;42.5;20.1
53;2021-06-05;137;245;130068;61501;42.6;20.1
53;2021-06-06;1;4;130069;61505;42.6;20.1
53;2021-06-07;2628;923;132697;62428;43.5;20.4
53;2021-06-08;3584;1125;136281;63553;44.6;20.8
53;2021-06-09;2453;937;138734;64490;45.4;21.1
53;2021-06-10;3519;846;142253;65336;46.6;21.4
53;2021-06-11;2964;1212;145217;66548;47.6;21.8
53;2021-06-12;108;138;145325;66686;47.6;21.8
53;2021-06-13;10;2;145335;66688;47.6;21.8
53;2021-06-14;1600;1791;146935;68479;48.1;22.4
53;2021-06-15;1898;2264;148833;70743;48.7;23.2
53;2021-06-16;1827;1730;150660;72473;49.3;23.7
53;2021-06-17;3013;1650;153673;74123;50.3;24.3
53;2021-06-18;2702;1809;156375;75932;51.2;24.9
53;2021-06-19;762;1166;157137;77098;51.5;25.2
53;2021-06-20;3;479;157140;77577;51.5;25.4
53;2021-06-21;919;2526;158059;80103;51.8;26.2
53;2021-06-22;1299;3454;159358;83557;52.2;27.4
53;2021-06-23;1363;2892;160721;86449;52.6;28.3
53;2021-06-24;1802;2033;162523;88482;53.2;29.0
53;2021-06-25;1785;2044;164308;90526;53.8;29.6
53;2021-06-26;977;350;165285;90876;54.1;29.8
53;2021-06-27;8;8;165293;90884;54.1;29.8
53;2021-06-28;662;2899;165955;93783;54.3;30.7
53;2021-06-29;858;3648;166813;97431;54.6;31.9
53;2021-06-30;748;1517;167561;98948;54.9;32.4
53;2021-07-01;1505;2632;169066;101580;55.4;33.3
53;2021-07-02;1485;2024;170551;103604;55.9;33.9
53;2021-07-03;857;571;171408;104175;56.1;34.1
53;2021-07-04;0;4;171408;104179;56.1;34.1
53;2021-07-05;533;2062;171941;106241;56.3;34.8
53;2021-07-06;853;3617;172794;109858;56.6;36.0
53;2021-07-07;1022;2654;173816;112512;56.9;36.8
53;2021-07-08;1307;3116;175123;115628;57.3;37.9
53;2021-07-09;1114;3394;176237;119022;57.7;39.0
53;2021-07-10;422;1000;176659;120022;57.9;39.3
53;2021-07-11;12;20;176671;120042;57.9;39.3
53;2021-07-12;500;3712;177171;123754;58.0;40.5
53;2021-07-13;893;4773;178064;128527;58.3;42.1
53;2021-07-14;104;284;178168;128811;58.3;42.2
53;2021-07-15;1111;4354;179279;133165;58.7;43.6
53;2021-07-16;1245;3848;180524;137013;59.1;44.9
53;2021-07-17;1315;298;181839;137311;59.5;45.0
53;2021-07-18;27;20;181866;137331;59.6;45.0
53;2021-07-19;734;3436;182600;140767;59.8;46.1
53;2021-07-20;975;4129;183575;144896;60.1;47.5
53;2021-07-21;680;3279;184255;148175;60.3;48.5
53;2021-07-22;1510;3525;185765;151700;60.8;49.7
53;2021-07-23;1600;3761;187365;155461;61.4;50.9
53;2021-07-24;953;280;188318;155741;61.7;51.0
53;2021-07-25;60;25;188378;155766;61.7;51.0
53;2021-07-26;1721;1940;190099;157706;62.3;51.6
53;2021-07-27;2348;2826;192447;160532;63.0;52.6
53;2021-07-28;2135;2814;194582;163346;63.7;53.5
53;2021-07-29;2485;2543;197067;165889;64.5;54.3
53;2021-07-30;1822;2651;198889;168540;65.1;55.2
53;2021-07-31;626;232;199515;168772;65.3;55.3
53;2021-08-01;37;25;199552;168797;65.3;55.3
53;2021-08-02;2079;1728;201631;170525;66.0;55.8
53;2021-08-03;2406;1902;204037;172427;66.8;56.5
53;2021-08-04;2467;1849;206504;174276;67.6;57.1
53;2021-08-05;2859;1533;209363;175809;68.6;57.6
53;2021-08-06;2506;1701;211869;177510;69.4;58.1
53;2021-08-07;479;270;212348;177780;69.5;58.2
53;2021-08-08;6;19;212354;177799;69.5;58.2
53;2021-08-09;1835;1643;214189;179442;70.1;58.8
54;2020-12-27;0;0;0;0;0.0;0.0
54;2020-12-28;1;0;1;0;0.0;0.0
54;2020-12-29;0;0;1;0;0.0;0.0
54;2020-12-30;0;0;1;0;0.0;0.0
54;2020-12-31;10;0;11;0;0.0;0.0
54;2021-01-01;0;0;11;0;0.0;0.0
54;2021-01-02;0;0;11;0;0.0;0.0
54;2021-01-03;1;0;12;0;0.0;0.0
54;2021-01-04;163;0;175;0;0.0;0.0
54;2021-01-05;395;0;570;0;0.1;0.0
54;2021-01-06;648;1;1218;1;0.2;0.0
54;2021-01-07;817;2;2035;3;0.3;0.0
54;2021-01-08;705;3;2740;6;0.4;0.0
54;2021-01-09;81;0;2821;6;0.4;0.0
54;2021-01-10;78;0;2899;6;0.4;0.0
54;2021-01-11;974;3;3873;9;0.5;0.0
54;2021-01-12;1180;1;5053;10;0.7;0.0
54;2021-01-13;2385;10;7438;20;1.0;0.0
54;2021-01-14;3378;30;10816;50;1.5;0.0
54;2021-01-15;2689;13;13505;63;1.8;0.0
54;2021-01-16;814;3;14319;66;2.0;0.0
54;2021-01-17;210;0;14529;66;2.0;0.0
54;2021-01-18;1557;6;16086;72;2.2;0.0
54;2021-01-19;1701;0;17787;72;2.4;0.0
54;2021-01-20;1496;5;19283;77;2.6;0.0
54;2021-01-21;1341;3;20624;80;2.8;0.0
54;2021-01-22;1091;8;21715;88;3.0;0.0
54;2021-01-23;478;0;22193;88;3.0;0.0
54;2021-01-24;66;0;22259;88;3.0;0.0
54;2021-01-25;940;29;23199;117;3.2;0.0
54;2021-01-26;142;5;23341;122;3.2;0.0
54;2021-01-27;12;172;23353;294;3.2;0.0
54;2021-01-28;31;236;23384;530;3.2;0.1
54;2021-01-29;18;279;23402;809;3.2;0.1
54;2021-01-30;4;0;23406;809;3.2;0.1
54;2021-01-31;1;0;23407;809;3.2;0.1
54;2021-02-01;13;787;23420;1596;3.2;0.2
54;2021-02-02;22;971;23442;2567;3.2;0.4
54;2021-02-03;361;1532;23803;4099;3.3;0.6
54;2021-02-04;730;2453;24533;6552;3.4;0.9
54;2021-02-05;793;1897;25326;8449;3.5;1.2
54;2021-02-06;203;338;25529;8787;3.5;1.2
54;2021-02-07;4;126;25533;8913;3.5;1.2
54;2021-02-08;117;999;25650;9912;3.5;1.4
54;2021-02-09;303;1070;25953;10982;3.6;1.5
54;2021-02-10;385;798;26338;11780;3.6;1.6
54;2021-02-11;293;820;26631;12600;3.6;1.7
54;2021-02-12;449;1300;27080;13900;3.7;1.9
54;2021-02-13;147;236;27227;14136;3.7;1.9
54;2021-02-14;9;11;27236;14147;3.7;1.9
54;2021-02-15;432;1138;27668;15285;3.8;2.1
54;2021-02-16;401;1222;28069;16507;3.8;2.3
54;2021-02-17;518;960;28587;17467;3.9;2.4
54;2021-02-18;594;791;29181;18258;4.0;2.5
54;2021-02-19;520;777;29701;19035;4.1;2.6
54;2021-02-20;33;284;29734;19319;4.1;2.6
54;2021-02-21;3;25;29737;19344;4.1;2.6
54;2021-02-22;484;604;30221;19948;4.1;2.7
54;2021-02-23;679;565;30900;20513;4.2;2.8
54;2021-02-24;727;366;31627;20879;4.3;2.9
54;2021-02-25;1475;737;33102;21616;4.5;3.0
54;2021-02-26;1772;788;34874;22404;4.8;3.1
54;2021-02-27;699;107;35573;22511;4.9;3.1
54;2021-02-28;11;28;35584;22539;4.9;3.1
54;2021-03-01;649;216;36233;22755;5.0;3.1
54;2021-03-02;1505;138;37738;22893;5.2;3.1
54;2021-03-03;1761;59;39499;22952;5.4;3.1
54;2021-03-04;2025;97;41524;23049;5.7;3.2
54;2021-03-05;2796;139;44320;23188;6.1;3.2
54;2021-03-06;4043;105;48363;23293;6.6;3.2
54;2021-03-07;2625;69;50988;23362;7.0;3.2
54;2021-03-08;1336;62;52324;23424;7.2;3.2
54;2021-03-09;2644;100;54968;23524;7.5;3.2
54;2021-03-10;3199;109;58167;23633;8.0;3.2
54;2021-03-11;3394;97;61561;23730;8.4;3.2
54;2021-03-12;4979;179;66540;23909;9.1;3.3
54;2021-03-13;4202;116;70742;24025;9.7;3.3
54;2021-03-14;543;38;71285;24063;9.8;3.3
54;2021-03-15;1718;100;73003;24163;10.0;3.3
54;2021-03-16;1733;174;74736;24337;10.2;3.3
54;2021-03-17;2081;150;76817;24487;10.5;3.4
54;2021-03-18;2058;170;78875;24657;10.8;3.4
54;2021-03-19;3318;263;82193;24920;11.3;3.4
54;2021-03-20;2304;76;84497;24996;11.6;3.4
54;2021-03-21;295;15;84792;25011;11.6;3.4
54;2021-03-22;1034;335;85826;25346;11.8;3.5
54;2021-03-23;1936;520;87762;25866;12.0;3.5
54;2021-03-24;2195;712;89957;26578;12.3;3.6
54;2021-03-25;3176;725;93133;27303;12.8;3.7
54;2021-03-26;3515;816;96648;28119;13.2;3.8
54;2021-03-27;2417;285;99065;28404;13.6;3.9
54;2021-03-28;278;5;99343;28409;13.6;3.9
54;2021-03-29;1669;384;101012;28793;13.8;3.9
54;2021-03-30;2556;978;103568;29771;14.2;4.1
54;2021-03-31;2595;1146;106163;30917;14.5;4.2
54;2021-04-01;3220;1268;109383;32185;15.0;4.4
54;2021-04-02;2968;1680;112351;33865;15.4;4.6
54;2021-04-03;1260;1312;113611;35177;15.6;4.8
54;2021-04-04;136;421;113747;35598;15.6;4.9
54;2021-04-05;145;575;113892;36173;15.6;5.0
54;2021-04-06;1269;1663;115161;37836;15.8;5.2
54;2021-04-07;924;2269;116085;40105;15.9;5.5
54;2021-04-08;2304;2445;118389;42550;16.2;5.8
54;2021-04-09;4118;3157;122507;45707;16.8;6.3
54;2021-04-10;3208;1672;125715;47379;17.2;6.5
54;2021-04-11;206;1001;125921;48380;17.2;6.6
54;2021-04-12;2195;1537;128116;49917;17.5;6.8
54;2021-04-13;3005;1972;131121;51889;18.0;7.1
54;2021-04-14;3258;1862;134379;53751;18.4;7.4
54;2021-04-15;2881;2297;137260;56048;18.8;7.7
54;2021-04-16;3139;2595;140399;58643;19.2;8.0
54;2021-04-17;3472;1486;143871;60129;19.7;8.2
54;2021-04-18;62;245;143933;60374;19.7;8.3
54;2021-04-19;2460;1076;146393;61450;20.0;8.4
54;2021-04-20;3013;1244;149406;62694;20.5;8.6
54;2021-04-21;4401;1618;153807;64312;21.1;8.8
54;2021-04-22;3720;2372;157527;66684;21.6;9.1
54;2021-04-23;3867;2068;161394;68752;22.1;9.4
54;2021-04-24;2346;1035;163740;69787;22.4;9.6
54;2021-04-25;284;276;164024;70063;22.5;9.6
54;2021-04-26;2304;1270;166328;71333;22.8;9.8
54;2021-04-27;3286;1429;169614;72762;23.2;10.0
54;2021-04-28;2974;1942;172588;74704;23.6;10.2
54;2021-04-29;3794;2079;176382;76783;24.1;10.5
54;2021-04-30;4489;1953;180871;78736;24.8;10.8
54;2021-05-01;2262;801;183133;79537;25.1;10.9
54;2021-05-02;229;68;183362;79605;25.1;10.9
54;2021-05-03;3093;938;186455;80543;25.5;11.0
54;2021-05-04;3518;1442;189973;81985;26.0;11.2
54;2021-05-05;4892;1394;194865;83379;26.7;11.4
54;2021-05-06;4438;2792;199303;86171;27.3;11.8
54;2021-05-07;4826;3396;204129;89567;27.9;12.3
54;2021-05-08;2027;637;206156;90204;28.2;12.3
54;2021-05-09;375;134;206531;90338;28.3;12.4
54;2021-05-10;3206;2235;209737;92573;28.7;12.7
54;2021-05-11;5487;2929;215224;95502;29.5;13.1
54;2021-05-12;4142;3383;219366;98885;30.0;13.5
54;2021-05-13;2643;486;222009;99371;30.4;13.6
54;2021-05-14;6884;1987;228893;101358;31.3;13.9
54;2021-05-15;5478;1311;234371;102669;32.1;14.1
54;2021-05-16;946;108;235317;102777;32.2;14.1
54;2021-05-17;3792;816;239109;103593;32.7;14.2
54;2021-05-18;3286;1096;242395;104689;33.2;14.3
54;2021-05-19;3466;1513;245861;106202;33.7;14.5
54;2021-05-20;4537;1617;250398;107819;34.3;14.8
54;2021-05-21;6738;2496;257136;110315;35.2;15.1
54;2021-05-22;5644;1363;262780;111678;36.0;15.3
54;2021-05-23;504;54;263284;111732;36.0;15.3
54;2021-05-24;1444;342;264728;112074;36.2;15.3
54;2021-05-25;4171;1534;268899;113608;36.8;15.6
54;2021-05-26;3534;2211;272433;115819;37.3;15.9
54;2021-05-27;4181;2434;276614;118253;37.9;16.2
54;2021-05-28;4965;3558;281579;121811;38.6;16.7
54;2021-05-29;3844;3983;285423;125794;39.1;17.2
54;2021-05-30;127;83;285550;125877;39.1;17.2
54;2021-05-31;2935;3063;288485;128940;39.5;17.7
54;2021-06-01;2618;4202;291103;133142;39.9;18.2
54;2021-06-02;2164;4088;293267;137230;40.2;18.8
54;2021-06-03;3143;5656;296410;142886;40.6;19.6
54;2021-06-04;5086;5477;301496;148363;41.3;20.3
54;2021-06-05;2343;3287;303839;151650;41.6;20.8
54;2021-06-06;70;236;303909;151886;41.6;20.8
54;2021-06-07;3705;2933;307614;154819;42.1;21.2
54;2021-06-08;4538;4267;312152;159086;42.7;21.8
54;2021-06-09;5983;3298;318135;162384;43.6;22.2
54;2021-06-10;5294;4432;323429;166816;44.3;22.8
54;2021-06-11;5011;4905;328440;171721;45.0;23.5
54;2021-06-12;4230;3224;332670;174945;45.5;24.0
54;2021-06-13;54;210;332724;175155;45.6;24.0
54;2021-06-14;2330;3587;335054;178742;45.9;24.5
54;2021-06-15;2824;4730;337878;183472;46.3;25.1
54;2021-06-16;3487;5638;341365;189110;46.7;25.9
54;2021-06-17;3137;5220;344502;194330;47.2;26.6
54;2021-06-18;4146;6228;348648;200558;47.7;27.5
54;2021-06-19;2641;3123;351289;203681;48.1;27.9
54;2021-06-20;103;338;351392;204019;48.1;27.9
54;2021-06-21;2554;4759;353946;208778;48.5;28.6
54;2021-06-22;2043;6223;355989;215001;48.7;29.4
54;2021-06-23;2238;5593;358227;220594;49.0;30.2
54;2021-06-24;2091;3460;360318;224054;49.3;30.7
54;2021-06-25;2199;7039;362517;231093;49.6;31.6
54;2021-06-26;2384;5655;364901;236748;50.0;32.4
54;2021-06-27;134;607;365035;237355;50.0;32.5
54;2021-06-28;1956;4344;366991;241699;50.2;33.1
54;2021-06-29;1937;5206;368928;246905;50.5;33.8
54;2021-06-30;1981;5118;370909;252023;50.8;34.5
54;2021-07-01;2130;5976;373039;257999;51.1;35.3
54;2021-07-02;2812;7552;375851;265551;51.5;36.4
54;2021-07-03;2822;4081;378673;269632;51.8;36.9
54;2021-07-04;195;499;378868;270131;51.9;37.0
54;2021-07-05;1667;4248;380535;274379;52.1;37.6
54;2021-07-06;2010;5057;382545;279436;52.4;38.3
54;2021-07-07;1867;4837;384412;284273;52.6;38.9
54;2021-07-08;1673;4107;386085;288380;52.9;39.5
54;2021-07-09;3184;6016;389269;294396;53.3;40.3
54;2021-07-10;2539;4363;391808;298759;53.6;40.9
54;2021-07-11;11;103;391819;298862;53.6;40.9
54;2021-07-12;2090;4665;393909;303527;53.9;41.6
54;2021-07-13;2601;4964;396510;308491;54.3;42.2
54;2021-07-14;1511;1503;398021;309994;54.5;42.4
54;2021-07-15;3161;4833;401182;314827;54.9;43.1
54;2021-07-16;4639;6224;405821;321051;55.6;44.0
54;2021-07-17;3991;4765;409812;325816;56.1;44.6
54;2021-07-18;1797;1670;411609;327486;56.4;44.8
54;2021-07-19;2537;4039;414146;331525;56.7;45.4
54;2021-07-20;2858;4813;417004;336338;57.1;46.0
54;2021-07-21;3094;6330;420098;342668;57.5;46.9
54;2021-07-22;3201;5721;423299;348389;58.0;47.7
54;2021-07-23;3918;7012;427217;355401;58.5;48.7
54;2021-07-24;2904;5315;430121;360716;58.9;49.4
54;2021-07-25;69;50;430190;360766;58.9;49.4
54;2021-07-26;2938;4157;433128;364923;59.3;50.0
54;2021-07-27;3668;4006;436796;368929;59.8;50.5
54;2021-07-28;4912;3834;441708;372763;60.5;51.0
54;2021-07-29;5085;3196;446793;375959;61.2;51.5
54;2021-07-30;5020;4964;451813;380923;61.9;52.2
54;2021-07-31;4472;3203;456285;384126;62.5;52.6
54;2021-08-01;256;74;456541;384200;62.5;52.6
54;2021-08-02;3036;3693;459577;387893;62.9;53.1
54;2021-08-03;4051;2915;463628;390808;63.5;53.5
54;2021-08-04;4275;2665;467903;393473;64.1;53.9
54;2021-08-05;4542;2413;472445;395886;64.7;54.2
54;2021-08-06;5228;3969;477673;399855;65.4;54.7
54;2021-08-07;3613;2810;481286;402665;65.9;55.1
54;2021-08-08;240;113;481526;402778;65.9;55.1
54;2021-08-09;2871;2666;484397;405444;66.3;55.5
55;2020-12-27;0;0;0;0;0.0;0.0
55;2020-12-28;0;0;0;0;0.0;0.0
55;2020-12-29;0;0;0;0;0.0;0.0
55;2020-12-30;0;0;0;0;0.0;0.0
55;2020-12-31;0;0;0;0;0.0;0.0
55;2021-01-01;0;0;0;0;0.0;0.0
55;2021-01-02;0;0;0;0;0.0;0.0
55;2021-01-03;0;0;0;0;0.0;0.0
55;2021-01-04;1;0;1;0;0.0;0.0
55;2021-01-05;0;0;1;0;0.0;0.0
55;2021-01-06;0;0;1;0;0.0;0.0
55;2021-01-07;122;0;123;0;0.1;0.0
55;2021-01-08;127;0;250;0;0.1;0.0
55;2021-01-09;52;0;302;0;0.2;0.0
55;2021-01-10;0;0;302;0;0.2;0.0
55;2021-01-11;127;1;429;1;0.2;0.0
55;2021-01-12;119;0;548;1;0.3;0.0
55;2021-01-13;135;0;683;1;0.4;0.0
55;2021-01-14;641;5;1324;6;0.7;0.0
55;2021-01-15;237;0;1561;6;0.9;0.0
55;2021-01-16;62;0;1623;6;0.9;0.0
55;2021-01-17;1;0;1624;6;0.9;0.0
55;2021-01-18;413;1;2037;7;1.1;0.0
55;2021-01-19;351;3;2388;10;1.3;0.0
55;2021-01-20;451;2;2839;12;1.6;0.0
55;2021-01-21;430;0;3269;12;1.8;0.0
55;2021-01-22;391;0;3660;12;2.0;0.0
55;2021-01-23;49;0;3709;12;2.0;0.0
55;2021-01-24;0;0;3709;12;2.0;0.0
55;2021-01-25;436;0;4145;12;2.3;0.0
55;2021-01-26;431;0;4576;12;2.5;0.0
55;2021-01-27;424;0;5000;12;2.8;0.0
55;2021-01-28;485;100;5485;112;3.0;0.1
55;2021-01-29;159;54;5644;166;3.1;0.1
55;2021-01-30;92;28;5736;194;3.2;0.1
55;2021-01-31;0;0;5736;194;3.2;0.1
55;2021-02-01;153;177;5889;371;3.2;0.2
55;2021-02-02;159;148;6048;519;3.3;0.3
55;2021-02-03;53;161;6101;680;3.4;0.4
55;2021-02-04;234;398;6335;1078;3.5;0.6
55;2021-02-05;174;139;6509;1217;3.6;0.7
55;2021-02-06;59;56;6568;1273;3.6;0.7
55;2021-02-07;2;53;6570;1326;3.6;0.7
55;2021-02-08;0;18;6570;1344;3.6;0.7
55;2021-02-09;92;116;6662;1460;3.7;0.8
55;2021-02-10;65;22;6727;1482;3.7;0.8
55;2021-02-11;175;98;6902;1580;3.8;0.9
55;2021-02-12;94;28;6996;1608;3.9;0.9
55;2021-02-13;0;0;6996;1608;3.9;0.9
55;2021-02-14;0;0;6996;1608;3.9;0.9
55;2021-02-15;15;418;7011;2026;3.9;1.1
55;2021-02-16;143;396;7154;2422;3.9;1.3
55;2021-02-17;26;493;7180;2915;4.0;1.6
55;2021-02-18;20;344;7200;3259;4.0;1.8
55;2021-02-19;121;289;7321;3548;4.0;2.0
55;2021-02-20;11;0;7332;3548;4.0;2.0
55;2021-02-21;0;0;7332;3548;4.0;2.0
55;2021-02-22;55;458;7387;4006;4.1;2.2
55;2021-02-23;85;443;7472;4449;4.1;2.4
55;2021-02-24;72;415;7544;4864;4.2;2.7
55;2021-02-25;270;682;7814;5546;4.3;3.1
55;2021-02-26;324;234;8138;5780;4.5;3.2
55;2021-02-27;125;86;8263;5866;4.5;3.2
55;2021-02-28;2;8;8265;5874;4.6;3.2
55;2021-03-01;77;141;8342;6015;4.6;3.3
55;2021-03-02;124;171;8466;6186;4.7;3.4
55;2021-03-03;198;3;8664;6189;4.8;3.4
55;2021-03-04;238;44;8902;6233;4.9;3.4
55;2021-03-05;362;45;9264;6278;5.1;3.5
55;2021-03-06;223;5;9487;6283;5.2;3.5
55;2021-03-07;69;1;9556;6284;5.3;3.5
55;2021-03-08;327;50;9883;6334;5.4;3.5
55;2021-03-09;634;50;10517;6384;5.8;3.5
55;2021-03-10;396;24;10913;6408;6.0;3.5
55;2021-03-11;596;138;11509;6546;6.3;3.6
55;2021-03-12;815;92;12324;6638;6.8;3.7
55;2021-03-13;523;12;12847;6650;7.1;3.7
55;2021-03-14;14;0;12861;6650;7.1;3.7
55;2021-03-15;393;24;13254;6674;7.3;3.7
55;2021-03-16;568;110;13822;6784;7.6;3.7
55;2021-03-17;683;19;14505;6803;8.0;3.7
55;2021-03-18;321;22;14826;6825;8.2;3.8
55;2021-03-19;471;59;15297;6884;8.4;3.8
55;2021-03-20;253;14;15550;6898;8.6;3.8
55;2021-03-21;1;1;15551;6899;8.6;3.8
55;2021-03-22;473;18;16024;6917;8.8;3.8
55;2021-03-23;972;62;16996;6979;9.4;3.8
55;2021-03-24;802;39;17798;7018;9.8;3.9
55;2021-03-25;1096;78;18894;7096;10.4;3.9
55;2021-03-26;602;34;19496;7130;10.7;3.9
55;2021-03-27;255;22;19751;7152;10.9;3.9
55;2021-03-28;0;0;19751;7152;10.9;3.9
55;2021-03-29;943;37;20694;7189;11.4;4.0
55;2021-03-30;1423;69;22117;7258;12.2;4.0
55;2021-03-31;1481;67;23598;7325;13.0;4.0
55;2021-04-01;1202;119;24800;7444;13.7;4.1
55;2021-04-02;898;73;25698;7517;14.1;4.1
55;2021-04-03;82;3;25780;7520;14.2;4.1
55;2021-04-04;2;0;25782;7520;14.2;4.1
55;2021-04-05;6;12;25788;7532;14.2;4.1
55;2021-04-06;933;275;26721;7807;14.7;4.3
55;2021-04-07;993;235;27714;8042;15.3;4.4
55;2021-04-08;1647;416;29361;8458;16.2;4.7
55;2021-04-09;1429;262;30790;8720;17.0;4.8
55;2021-04-10;242;173;31032;8893;17.1;4.9
55;2021-04-11;452;20;31484;8913;17.3;4.9
55;2021-04-12;855;328;32339;9241;17.8;5.1
55;2021-04-13;1355;527;33694;9768;18.5;5.4
55;2021-04-14;1371;728;35065;10496;19.3;5.8
55;2021-04-15;1634;458;36699;10954;20.2;6.0
55;2021-04-16;705;378;37404;11332;20.6;6.2
55;2021-04-17;677;28;38081;11360;21.0;6.3
55;2021-04-18;38;18;38119;11378;21.0;6.3
55;2021-04-19;961;345;39080;11723;21.5;6.5
55;2021-04-20;1172;772;40252;12495;22.2;6.9
55;2021-04-21;990;639;41242;13134;22.7;7.2
55;2021-04-22;1071;651;42313;13785;23.3;7.6
55;2021-04-23;1416;583;43729;14368;24.1;7.9
55;2021-04-24;313;124;44042;14492;24.2;8.0
55;2021-04-25;384;51;44426;14543;24.5;8.0
55;2021-04-26;478;816;44904;15359;24.7;8.5
55;2021-04-27;570;993;45474;16352;25.0;9.0
55;2021-04-28;931;816;46405;17168;25.5;9.5
55;2021-04-29;1118;855;47523;18023;26.2;9.9
55;2021-04-30;1279;618;48802;18641;26.9;10.3
55;2021-05-01;153;132;48955;18773;27.0;10.3
55;2021-05-02;2;3;48957;18776;27.0;10.3
55;2021-05-03;1208;629;50165;19405;27.6;10.7
55;2021-05-04;683;1177;50848;20582;28.0;11.3
55;2021-05-05;659;1074;51507;21656;28.4;11.9
55;2021-05-06;1347;1160;52854;22816;29.1;12.6
55;2021-05-07;1433;554;54287;23370;29.9;12.9
55;2021-05-08;156;77;54443;23447;30.0;12.9
55;2021-05-09;62;523;54505;23970;30.0;13.2
55;2021-05-10;860;1031;55365;25001;30.5;13.8
55;2021-05-11;1070;1379;56435;26380;31.1;14.5
55;2021-05-12;1032;1767;57467;28147;31.6;15.5
55;2021-05-13;99;75;57566;28222;31.7;15.5
55;2021-05-14;352;558;57918;28780;31.9;15.8
55;2021-05-15;292;492;58210;29272;32.0;16.1
55;2021-05-16;3;10;58213;29282;32.0;16.1
55;2021-05-17;1028;841;59241;30123;32.6;16.6
55;2021-05-18;1569;892;60810;31015;33.5;17.1
55;2021-05-19;1810;782;62620;31797;34.5;17.5
55;2021-05-20;2215;730;64835;32527;35.7;17.9
55;2021-05-21;2009;801;66844;33328;36.8;18.3
55;2021-05-22;198;166;67042;33494;36.9;18.4
55;2021-05-23;23;120;67065;33614;36.9;18.5
55;2021-05-24;0;0;67065;33614;36.9;18.5
55;2021-05-25;1348;652;68413;34266;37.7;18.9
55;2021-05-26;1672;1017;70085;35283;38.6;19.4
55;2021-05-27;1319;981;71404;36264;39.3;20.0
55;2021-05-28;1520;931;72924;37195;40.1;20.5
55;2021-05-29;1402;697;74326;37892;40.9;20.9
55;2021-05-30;15;206;74341;38098;40.9;21.0
55;2021-05-31;1049;1131;75390;39229;41.5;21.6
55;2021-06-01;918;958;76308;40187;42.0;22.1
55;2021-06-02;1160;985;77468;41172;42.6;22.7
55;2021-06-03;703;545;78171;41717;43.0;23.0
55;2021-06-04;1390;1101;79561;42818;43.8;23.6
55;2021-06-05;1364;277;80925;43095;44.6;23.7
55;2021-06-06;0;2;80925;43097;44.6;23.7
55;2021-06-07;790;714;81715;43811;45.0;24.1
55;2021-06-08;697;1074;82412;44885;45.4;24.7
55;2021-06-09;851;870;83263;45755;45.8;25.2
55;2021-06-10;379;275;83642;46030;46.0;25.3
55;2021-06-11;527;1287;84169;47317;46.3;26.0
55;2021-06-12;761;519;84930;47836;46.8;26.3
55;2021-06-13;265;33;85195;47869;46.9;26.4
55;2021-06-14;385;1363;85580;49232;47.1;27.1
55;2021-06-15;573;1214;86153;50446;47.4;27.8
55;2021-06-16;734;830;86887;51276;47.8;28.2
55;2021-06-17;425;858;87312;52134;48.1;28.7
55;2021-06-18;666;1472;87978;53606;48.4;29.5
55;2021-06-19;593;457;88571;54063;48.8;29.8
55;2021-06-20;0;0;88571;54063;48.8;29.8
55;2021-06-21;435;1022;89006;55085;49.0;30.3
55;2021-06-22;335;1014;89341;56099;49.2;30.9
55;2021-06-23;626;1213;89967;57312;49.5;31.6
55;2021-06-24;163;433;90130;57745;49.6;31.8
55;2021-06-25;642;1225;90772;58970;50.0;32.5
55;2021-06-26;418;339;91190;59309;50.2;32.7
55;2021-06-27;1;2;91191;59311;50.2;32.7
55;2021-06-28;149;1380;91340;60691;50.3;33.4
55;2021-06-29;200;1289;91540;61980;50.4;34.1
55;2021-06-30;269;1932;91809;63912;50.5;35.2
55;2021-07-01;384;1978;92193;65890;50.8;36.3
55;2021-07-02;391;1719;92584;67609;51.0;37.2
55;2021-07-03;108;261;92692;67870;51.0;37.4
55;2021-07-04;12;19;92704;67889;51.0;37.4
55;2021-07-05;222;1510;92926;69399;51.2;38.2
55;2021-07-06;318;893;93244;70292;51.3;38.7
55;2021-07-07;387;1801;93631;72093;51.5;39.7
55;2021-07-08;533;1594;94164;73687;51.8;40.6
55;2021-07-09;450;1480;94614;75167;52.1;41.4
55;2021-07-10;352;1111;94966;76278;52.3;42.0
55;2021-07-11;0;9;94966;76287;52.3;42.0
55;2021-07-12;603;1167;95569;77454;52.6;42.6
55;2021-07-13;599;1488;96168;78942;52.9;43.5
55;2021-07-14;0;13;96168;78955;52.9;43.5
55;2021-07-15;778;1644;96946;80599;53.4;44.4
55;2021-07-16;1253;1810;98199;82409;54.1;45.4
55;2021-07-17;1275;820;99474;83229;54.8;45.8
55;2021-07-18;1;2;99475;83231;54.8;45.8
55;2021-07-19;596;784;100071;84015;55.1;46.3
55;2021-07-20;993;1027;101064;85042;55.6;46.8
55;2021-07-21;1472;1372;102536;86414;56.4;47.6
55;2021-07-22;1165;565;103701;86979;57.1;47.9
55;2021-07-23;1105;1354;104806;88333;57.7;48.6
55;2021-07-24;808;762;105614;89095;58.1;49.1
55;2021-07-25;119;229;105733;89324;58.2;49.2
55;2021-07-26;665;442;106398;89766;58.6;49.4
55;2021-07-27;1153;475;107551;90241;59.2;49.7
55;2021-07-28;1031;1067;108582;91308;59.8;50.3
55;2021-07-29;668;448;109250;91756;60.1;50.5
55;2021-07-30;1265;964;110515;92720;60.8;51.0
55;2021-07-31;708;613;111223;93333;61.2;51.4
55;2021-08-01;8;5;111231;93338;61.2;51.4
55;2021-08-02;611;444;111842;93782;61.6;51.6
55;2021-08-03;638;420;112480;94202;61.9;51.9
55;2021-08-04;1244;953;113724;95155;62.6;52.4
55;2021-08-05;996;320;114720;95475;63.2;52.6
55;2021-08-06;809;1093;115529;96568;63.6;53.2
55;2021-08-07;595;331;116124;96899;63.9;53.3
55;2021-08-08;0;0;116124;96899;63.9;53.3
55;2021-08-09;392;305;116516;97204;64.1;53.5
56;2020-12-27;0;0;0;0;0.0;0.0
56;2020-12-28;1;0;1;0;0.0;0.0
56;2020-12-29;0;0;1;0;0.0;0.0
56;2020-12-30;0;0;1;0;0.0;0.0
56;2020-12-31;0;0;1;0;0.0;0.0
56;2021-01-01;0;0;1;0;0.0;0.0
56;2021-01-02;1;0;2;0;0.0;0.0
56;2021-01-03;0;0;2;0;0.0;0.0
56;2021-01-04;1;0;3;0;0.0;0.0
56;2021-01-05;1;0;4;0;0.0;0.0
56;2021-01-06;1;0;5;0;0.0;0.0
56;2021-01-07;198;0;203;0;0.0;0.0
56;2021-01-08;119;0;322;0;0.0;0.0
56;2021-01-09;1;0;323;0;0.0;0.0
56;2021-01-10;1;0;324;0;0.0;0.0
56;2021-01-11;242;0;566;0;0.1;0.0
56;2021-01-12;754;0;1320;0;0.2;0.0
56;2021-01-13;637;1;1957;1;0.3;0.0
56;2021-01-14;969;2;2926;3;0.4;0.0
56;2021-01-15;840;5;3766;8;0.5;0.0
56;2021-01-16;234;3;4000;11;0.5;0.0
56;2021-01-17;26;0;4026;11;0.5;0.0
56;2021-01-18;1004;1;5030;12;0.7;0.0
56;2021-01-19;851;1;5881;13;0.8;0.0
56;2021-01-20;884;1;6765;14;0.9;0.0
56;2021-01-21;1459;2;8224;16;1.1;0.0
56;2021-01-22;1180;1;9404;17;1.2;0.0
56;2021-01-23;319;2;9723;19;1.3;0.0
56;2021-01-24;6;0;9729;19;1.3;0.0
56;2021-01-25;825;0;10554;19;1.4;0.0
56;2021-01-26;1035;4;11589;23;1.5;0.0
56;2021-01-27;1082;62;12671;85;1.7;0.0
56;2021-01-28;975;125;13646;210;1.8;0.0
56;2021-01-29;873;107;14519;317;1.9;0.0
56;2021-01-30;139;19;14658;336;1.9;0.0
56;2021-01-31;0;0;14658;336;1.9;0.0
56;2021-02-01;479;156;15137;492;2.0;0.1
56;2021-02-02;942;257;16079;749;2.1;0.1
56;2021-02-03;1022;270;17101;1019;2.3;0.1
56;2021-02-04;4697;348;21798;1367;2.9;0.2
56;2021-02-05;3588;431;25386;1798;3.4;0.2
56;2021-02-06;548;170;25934;1968;3.4;0.3
56;2021-02-07;136;26;26070;1994;3.5;0.3
56;2021-02-08;296;288;26366;2282;3.5;0.3
56;2021-02-09;794;509;27160;2791;3.6;0.4
56;2021-02-10;864;701;28024;3492;3.7;0.5
56;2021-02-11;972;1077;28996;4569;3.8;0.6
56;2021-02-12;1150;642;30146;5211;4.0;0.7
56;2021-02-13;220;104;30366;5315;4.0;0.7
56;2021-02-14;6;46;30372;5361;4.0;0.7
56;2021-02-15;621;1087;30993;6448;4.1;0.9
56;2021-02-16;1219;737;32212;7185;4.3;1.0
56;2021-02-17;1189;960;33401;8145;4.4;1.1
56;2021-02-18;1352;884;34753;9029;4.6;1.2
56;2021-02-19;1321;916;36074;9945;4.8;1.3
56;2021-02-20;365;262;36439;10207;4.8;1.4
56;2021-02-21;0;0;36439;10207;4.8;1.4
56;2021-02-22;374;700;36813;10907;4.9;1.4
56;2021-02-23;739;962;37552;11869;5.0;1.6
56;2021-02-24;915;1183;38467;13052;5.1;1.7
56;2021-02-25;2029;4257;40496;17309;5.4;2.3
56;2021-02-26;2357;2260;42853;19569;5.7;2.6
56;2021-02-27;745;446;43598;20015;5.8;2.6
56;2021-02-28;14;114;43612;20129;5.8;2.7
56;2021-03-01;647;560;44259;20689;5.9;2.7
56;2021-03-02;977;789;45236;21478;6.0;2.8
56;2021-03-03;1149;912;46385;22390;6.1;3.0
56;2021-03-04;1965;1038;48350;23428;6.4;3.1
56;2021-03-05;2578;1430;50928;24858;6.7;3.3
56;2021-03-06;1206;216;52134;25074;6.9;3.3
56;2021-03-07;282;24;52416;25098;6.9;3.3
56;2021-03-08;1140;391;53556;25489;7.1;3.4
56;2021-03-09;2038;630;55594;26119;7.4;3.5
56;2021-03-10;2001;936;57595;27055;7.6;3.6
56;2021-03-11;3253;740;60848;27795;8.1;3.7
56;2021-03-12;4207;830;65055;28625;8.6;3.8
56;2021-03-13;1880;148;66935;28773;8.9;3.8
56;2021-03-14;194;2;67129;28775;8.9;3.8
56;2021-03-15;1282;529;68411;29304;9.1;3.9
56;2021-03-16;1088;1033;69499;30337;9.2;4.0
56;2021-03-17;1359;778;70858;31115;9.4;4.1
56;2021-03-18;1998;1868;72856;32983;9.6;4.4
56;2021-03-19;2938;1396;75794;34379;10.0;4.6
56;2021-03-20;1493;206;77287;34585;10.2;4.6
56;2021-03-21;208;24;77495;34609;10.3;4.6
56;2021-03-22;1610;402;79105;35011;10.5;4.6
56;2021-03-23;2806;687;81911;35698;10.8;4.7
56;2021-03-24;3450;526;85361;36224;11.3;4.8
56;2021-03-25;4235;718;89596;36942;11.9;4.9
56;2021-03-26;5088;779;94684;37721;12.5;5.0
56;2021-03-27;1499;294;96183;38015;12.7;5.0
56;2021-03-28;263;11;96446;38026;12.8;5.0
56;2021-03-29;2231;503;98677;38529;13.1;5.1
56;2021-03-30;3519;784;102196;39313;13.5;5.2
56;2021-03-31;3115;712;105311;40025;13.9;5.3
56;2021-04-01;4068;817;109379;40842;14.5;5.4
56;2021-04-02;3926;940;113305;41782;15.0;5.5
56;2021-04-03;1186;269;114491;42051;15.2;5.6
56;2021-04-04;231;3;114722;42054;15.2;5.6
56;2021-04-05;244;8;114966;42062;15.2;5.6
56;2021-04-06;2822;1232;117788;43294;15.6;5.7
56;2021-04-07;4021;1183;121809;44477;16.1;5.9
56;2021-04-08;5291;1164;127100;45641;16.8;6.0
56;2021-04-09;7388;1281;134488;46922;17.8;6.2
56;2021-04-10;2580;424;137068;47346;18.1;6.3
56;2021-04-11;193;102;137261;47448;18.2;6.3
56;2021-04-12;3932;834;141193;48282;18.7;6.4
56;2021-04-13;5964;1256;147157;49538;19.5;6.6
56;2021-04-14;5167;1425;152324;50963;20.2;6.7
56;2021-04-15;7141;1769;159465;52732;21.1;7.0
56;2021-04-16;7840;2010;167305;54742;22.1;7.2
56;2021-04-17;3131;640;170436;55382;22.6;7.3
56;2021-04-18;528;106;170964;55488;22.6;7.3
56;2021-04-19;3719;1260;174683;56748;23.1;7.5
56;2021-04-20;4102;1975;178785;58723;23.7;7.8
56;2021-04-21;4060;2321;182845;61044;24.2;8.1
56;2021-04-22;5173;1922;188018;62966;24.9;8.3
56;2021-04-23;5163;2409;193181;65375;25.6;8.7
56;2021-04-24;2899;645;196080;66020;26.0;8.7
56;2021-04-25;465;148;196545;66168;26.0;8.8
56;2021-04-26;4705;1666;201250;67834;26.6;9.0
56;2021-04-27;5094;2549;206344;70383;27.3;9.3
56;2021-04-28;4967;2244;211311;72627;28.0;9.6
56;2021-04-29;5836;2934;217147;75561;28.7;10.0
56;2021-04-30;6244;2806;223391;78367;29.6;10.4
56;2021-05-01;2486;361;225877;78728;29.9;10.4
56;2021-05-02;307;254;226184;78982;29.9;10.5
56;2021-05-03;3867;2069;230051;81051;30.4;10.7
56;2021-05-04;4380;3904;234431;84955;31.0;11.2
56;2021-05-05;3523;3866;237954;88821;31.5;11.8
56;2021-05-06;4377;5427;242331;94248;32.1;12.5
56;2021-05-07;4266;5013;246597;99261;32.6;13.1
56;2021-05-08;1643;316;248240;99577;32.9;13.2
56;2021-05-09;495;225;248735;99802;32.9;13.2
56;2021-05-10;3749;3806;252484;103608;33.4;13.7
56;2021-05-11;4167;5047;256651;108655;34.0;14.4
56;2021-05-12;4341;4775;260992;113430;34.5;15.0
56;2021-05-13;2396;1011;263388;114441;34.9;15.1
56;2021-05-14;4222;4361;267610;118802;35.4;15.7
56;2021-05-15;2486;1894;270096;120696;35.7;16.0
56;2021-05-16;237;488;270333;121184;35.8;16.0
56;2021-05-17;2512;3668;272845;124852;36.1;16.5
56;2021-05-18;3520;4082;276365;128934;36.6;17.1
56;2021-05-19;3529;3390;279894;132324;37.0;17.5
56;2021-05-20;3806;4803;283700;137127;37.5;18.1
56;2021-05-21;3742;5221;287442;142348;38.0;18.8
56;2021-05-22;1697;2208;289139;144556;38.3;19.1
56;2021-05-23;284;197;289423;144753;38.3;19.2
56;2021-05-24;2056;500;291479;145253;38.6;19.2
56;2021-05-25;3139;4466;294618;149719;39.0;19.8
56;2021-05-26;3737;3899;298355;153618;39.5;20.3
56;2021-05-27;4358;4868;302713;158486;40.1;21.0
56;2021-05-28;4634;5960;307347;164446;40.7;21.8
56;2021-05-29;1886;1634;309233;166080;40.9;22.0
56;2021-05-30;317;67;309550;166147;41.0;22.0
56;2021-05-31;4502;3221;314052;169368;41.6;22.4
56;2021-06-01;5664;3387;319716;172755;42.3;22.9
56;2021-06-02;5637;2957;325353;175712;43.1;23.3
56;2021-06-03;6186;3304;331539;179016;43.9;23.7
56;2021-06-04;5810;4415;337349;183431;44.6;24.3
56;2021-06-05;4346;2387;341695;185818;45.2;24.6
56;2021-06-06;496;616;342191;186434;45.3;24.7
56;2021-06-07;5105;3169;347296;189603;46.0;25.1
56;2021-06-08;6066;3378;353362;192981;46.8;25.5
56;2021-06-09;6434;2814;359796;195795;47.6;25.9
56;2021-06-10;7475;2869;367271;198664;48.6;26.3
56;2021-06-11;6763;3870;374034;202534;49.5;26.8
56;2021-06-12;5102;2065;379136;204599;50.2;27.1
56;2021-06-13;1979;438;381115;205037;50.4;27.1
56;2021-06-14;3310;4594;384425;209631;50.9;27.7
56;2021-06-15;4206;4901;388631;214532;51.4;28.4
56;2021-06-16;4496;4504;393127;219036;52.0;29.0
56;2021-06-17;4255;4754;397382;223790;52.6;29.6
56;2021-06-18;4517;5974;401899;229764;53.2;30.4
56;2021-06-19;3835;2143;405734;231907;53.7;30.7
56;2021-06-20;1504;340;407238;232247;53.9;30.7
56;2021-06-21;3309;4464;410547;236711;54.3;31.3
56;2021-06-22;3483;5444;414030;242155;54.8;32.0
56;2021-06-23;3749;5062;417779;247217;55.3;32.7
56;2021-06-24;3475;5318;421254;252535;55.8;33.4
56;2021-06-25;3882;6276;425136;258811;56.3;34.3
56;2021-06-26;3197;2914;428333;261725;56.7;34.6
56;2021-06-27;306;163;428639;261888;56.7;34.7
56;2021-06-28;1572;3982;430211;265870;56.9;35.2
56;2021-06-29;2404;5746;432615;271616;57.3;35.9
56;2021-06-30;2489;5560;435104;277176;57.6;36.7
56;2021-07-01;2731;4959;437835;282135;57.9;37.3
56;2021-07-02;2652;6207;440487;288342;58.3;38.2
56;2021-07-03;2204;2685;442691;291027;58.6;38.5
56;2021-07-04;777;810;443468;291837;58.7;38.6
56;2021-07-05;1863;5444;445331;297281;58.9;39.3
56;2021-07-06;2184;5941;447515;303222;59.2;40.1
56;2021-07-07;2840;5644;450355;308866;59.6;40.9
56;2021-07-08;3072;6037;453427;314903;60.0;41.7
56;2021-07-09;2214;7103;455641;322006;60.3;42.6
56;2021-07-10;1127;3002;456768;325008;60.5;43.0
56;2021-07-11;255;343;457023;325351;60.5;43.1
56;2021-07-12;2174;6604;459197;331955;60.8;43.9
56;2021-07-13;3245;7470;462442;339425;61.2;44.9
56;2021-07-14;1780;2589;464222;342014;61.4;45.3
56;2021-07-15;3811;7067;468033;349081;61.9;46.2
56;2021-07-16;4061;8099;472094;357180;62.5;47.3
56;2021-07-17;2308;3522;474402;360702;62.8;47.7
56;2021-07-18;253;477;474655;361179;62.8;47.8
56;2021-07-19;2850;6353;477505;367532;63.2;48.6
56;2021-07-20;3701;7927;481206;375459;63.7;49.7
56;2021-07-21;3065;7527;484271;382986;64.1;50.7
56;2021-07-22;4345;8027;488616;391013;64.7;51.8
56;2021-07-23;4351;8401;492967;399414;65.2;52.9
56;2021-07-24;1682;4601;494649;404015;65.5;53.5
56;2021-07-25;547;1919;495196;405934;65.5;53.7
56;2021-07-26;3656;5464;498852;411398;66.0;54.4
56;2021-07-27;5337;6198;504189;417596;66.7;55.3
56;2021-07-28;4654;5455;508843;423051;67.3;56.0
56;2021-07-29;5356;5622;514199;428673;68.1;56.7
56;2021-07-30;5344;5845;519543;434518;68.8;57.5
56;2021-07-31;2141;2686;521684;437204;69.0;57.9
56;2021-08-01;1148;976;522832;438180;69.2;58.0
56;2021-08-02;4492;4595;527324;442775;69.8;58.6
56;2021-08-03;6356;4944;533680;447719;70.6;59.3
56;2021-08-04;5931;4341;539611;452060;71.4;59.8
56;2021-08-05;6050;4590;545661;456650;72.2;60.4
56;2021-08-06;5767;4897;551428;461547;73.0;61.1
56;2021-08-07;2818;2216;554246;463763;73.4;61.4
56;2021-08-08;1814;560;556060;464323;73.6;61.5
56;2021-08-09;3854;4258;559914;468581;74.1;62.0
57;2020-12-27;2;0;2;0;0.0;0.0
57;2020-12-28;0;0;2;0;0.0;0.0
57;2020-12-29;1;0;3;0;0.0;0.0
57;2020-12-30;1;0;4;0;0.0;0.0
57;2020-12-31;0;0;4;0;0.0;0.0
57;2021-01-01;0;0;4;0;0.0;0.0
57;2021-01-02;3;0;7;0;0.0;0.0
57;2021-01-03;0;0;7;0;0.0;0.0
57;2021-01-04;16;0;23;0;0.0;0.0
57;2021-01-05;199;0;222;0;0.0;0.0
57;2021-01-06;226;1;448;1;0.0;0.0
57;2021-01-07;584;2;1032;3;0.1;0.0
57;2021-01-08;509;2;1541;5;0.1;0.0
57;2021-01-09;201;0;1742;5;0.2;0.0
57;2021-01-10;108;1;1850;6;0.2;0.0
57;2021-01-11;470;1;2320;7;0.2;0.0
57;2021-01-12;613;5;2933;12;0.3;0.0
57;2021-01-13;695;2;3628;14;0.4;0.0
57;2021-01-14;706;6;4334;20;0.4;0.0
57;2021-01-15;634;3;4968;23;0.5;0.0
57;2021-01-16;452;1;5420;24;0.5;0.0
57;2021-01-17;492;1;5912;25;0.6;0.0
57;2021-01-18;2705;19;8617;44;0.8;0.0
57;2021-01-19;2568;17;11185;61;1.1;0.0
57;2021-01-20;2762;16;13947;77;1.3;0.0
57;2021-01-21;1792;5;15739;82;1.5;0.0
57;2021-01-22;1324;6;17063;88;1.6;0.0
57;2021-01-23;543;16;17606;104;1.7;0.0
57;2021-01-24;1;0;17607;104;1.7;0.0
57;2021-01-25;869;186;18476;290;1.8;0.0
57;2021-01-26;1113;215;19589;505;1.9;0.0
57;2021-01-27;1069;183;20658;688;2.0;0.1
57;2021-01-28;1040;300;21698;988;2.1;0.1
57;2021-01-29;981;396;22679;1384;2.2;0.1
57;2021-01-30;440;94;23119;1478;2.2;0.1
57;2021-01-31;11;27;23130;1505;2.2;0.1
57;2021-02-01;826;351;23956;1856;2.3;0.2
57;2021-02-02;989;363;24945;2219;2.4;0.2
57;2021-02-03;986;320;25931;2539;2.5;0.2
57;2021-02-04;1137;808;27068;3347;2.6;0.3
57;2021-02-05;929;356;27997;3703;2.7;0.4
57;2021-02-06;481;349;28478;4052;2.7;0.4
57;2021-02-07;103;334;28581;4386;2.8;0.4
57;2021-02-08;1255;1557;29836;5943;2.9;0.6
57;2021-02-09;1762;1676;31598;7619;3.1;0.7
57;2021-02-10;1711;2077;33309;9696;3.2;0.9
57;2021-02-11;1486;1331;34795;11027;3.4;1.1
57;2021-02-12;1226;677;36021;11704;3.5;1.1
57;2021-02-13;1152;178;37173;11882;3.6;1.1
57;2021-02-14;1210;27;38383;11909;3.7;1.1
57;2021-02-15;765;863;39148;12772;3.8;1.2
57;2021-02-16;1072;798;40220;13570;3.9;1.3
57;2021-02-17;1008;961;41228;14531;4.0;1.4
57;2021-02-18;974;1160;42202;15691;4.1;1.5
57;2021-02-19;954;939;43156;16630;4.2;1.6
57;2021-02-20;1173;618;44329;17248;4.3;1.7
57;2021-02-21;323;11;44652;17259;4.3;1.7
57;2021-02-22;1230;915;45882;18174;4.4;1.8
57;2021-02-23;2234;1087;48116;19261;4.6;1.9
57;2021-02-24;2267;1001;50383;20262;4.9;2.0
57;2021-02-25;3296;1119;53679;21381;5.2;2.1
57;2021-02-26;3576;962;57255;22343;5.5;2.2
57;2021-02-27;3689;535;60944;22878;5.9;2.2
57;2021-02-28;1896;57;62840;22935;6.1;2.2
57;2021-03-01;2048;1342;64888;24277;6.3;2.3
57;2021-03-02;2854;1599;67742;25876;6.5;2.5
57;2021-03-03;2802;1607;70544;27483;6.8;2.7
57;2021-03-04;3269;1300;73813;28783;7.1;2.8
57;2021-03-05;4453;1237;78266;30020;7.6;2.9
57;2021-03-06;7241;786;85507;30806;8.3;3.0
57;2021-03-07;6070;274;91577;31080;8.8;3.0
57;2021-03-08;2297;1005;93874;32085;9.1;3.1
57;2021-03-09;3381;1305;97255;33390;9.4;3.2
57;2021-03-10;3573;966;100828;34356;9.7;3.3
57;2021-03-11;4035;1249;104863;35605;10.1;3.4
57;2021-03-12;5106;1211;109969;36816;10.6;3.6
57;2021-03-13;6281;983;116250;37799;11.2;3.6
57;2021-03-14;2424;425;118674;38224;11.5;3.7
57;2021-03-15;2959;874;121633;39098;11.7;3.8
57;2021-03-16;3060;1269;124693;40367;12.0;3.9
57;2021-03-17;3050;1138;127743;41505;12.3;4.0
57;2021-03-18;3400;1074;131143;42579;12.7;4.1
57;2021-03-19;4617;1038;135760;43617;13.1;4.2
57;2021-03-20;4697;1021;140457;44638;13.6;4.3
57;2021-03-21;1895;256;142352;44894;13.7;4.3
57;2021-03-22;2480;1471;144832;46365;14.0;4.5
57;2021-03-23;3439;2337;148271;48702;14.3;4.7
57;2021-03-24;3895;2146;152166;50848;14.7;4.9
57;2021-03-25;4736;2586;156902;53434;15.1;5.2
57;2021-03-26;4839;2257;161741;55691;15.6;5.4
57;2021-03-27;3711;3153;165452;58844;16.0;5.7
57;2021-03-28;1400;1849;166852;60693;16.1;5.9
57;2021-03-29;1937;2170;168789;62863;16.3;6.1
57;2021-03-30;3300;2487;172089;65350;16.6;6.3
57;2021-03-31;2821;2308;174910;67658;16.9;6.5
57;2021-04-01;3221;3173;178131;70831;17.2;6.8
57;2021-04-02;2391;2576;180522;73407;17.4;7.1
57;2021-04-03;2567;2665;183089;76072;17.7;7.3
57;2021-04-04;591;973;183680;77045;17.7;7.4
57;2021-04-05;1921;669;185601;77714;17.9;7.5
57;2021-04-06;2451;2829;188052;80543;18.2;7.8
57;2021-04-07;3811;3080;191863;83623;18.5;8.1
57;2021-04-08;5606;2880;197469;86503;19.1;8.4
57;2021-04-09;5010;2720;202479;89223;19.5;8.6
57;2021-04-10;2353;3639;204832;92862;19.8;9.0
57;2021-04-11;1097;1889;205929;94751;19.9;9.1
57;2021-04-12;1789;2754;207718;97505;20.1;9.4
57;2021-04-13;1974;3033;209692;100538;20.2;9.7
57;2021-04-14;1918;2986;211610;103524;20.4;10.0
57;2021-04-15;2365;3427;213975;106951;20.7;10.3
57;2021-04-16;2702;3287;216677;110238;20.9;10.6
57;2021-04-17;2473;3184;219150;113422;21.2;10.9
57;2021-04-18;1245;1774;220395;115196;21.3;11.1
57;2021-04-19;2140;2261;222535;117457;21.5;11.3
57;2021-04-20;2514;2782;225049;120239;21.7;11.6
57;2021-04-21;2568;2376;227617;122615;22.0;11.8
57;2021-04-22;3206;2250;230823;124865;22.3;12.1
57;2021-04-23;4056;2577;234879;127442;22.7;12.3
57;2021-04-24;3393;2555;238272;129997;23.0;12.5
57;2021-04-25;757;1127;239029;131124;23.1;12.7
57;2021-04-26;2969;1993;241998;133117;23.4;12.9
57;2021-04-27;3899;2374;245897;135491;23.7;13.1
57;2021-04-28;4211;2590;250108;138081;24.1;13.3
57;2021-04-29;5254;3446;255362;141527;24.7;13.7
57;2021-04-30;4726;3548;260088;145075;25.1;14.0
57;2021-05-01;2351;1683;262439;146758;25.3;14.2
57;2021-05-02;789;912;263228;147670;25.4;14.3
57;2021-05-03;3563;2990;266791;150660;25.8;14.5
57;2021-05-04;4870;3166;271661;153826;26.2;14.8
57;2021-05-05;6122;3170;277783;156996;26.8;15.2
57;2021-05-06;5990;3286;283773;160282;27.4;15.5
57;2021-05-07;6854;3445;290627;163727;28.1;15.8
57;2021-05-08;4052;1607;294679;165334;28.4;16.0
57;2021-05-09;2048;1112;296727;166446;28.6;16.1
57;2021-05-10;5125;3069;301852;169515;29.1;16.4
57;2021-05-11;7445;2850;309297;172365;29.9;16.6
57;2021-05-12;7842;3240;317139;175605;30.6;17.0
57;2021-05-13;4510;911;321649;176516;31.1;17.0
57;2021-05-14;7836;2632;329485;179148;31.8;17.3
57;2021-05-15;5964;2047;335449;181195;32.4;17.5
57;2021-05-16;3309;578;338758;181773;32.7;17.5
57;2021-05-17;3864;2066;342622;183839;33.1;17.7
57;2021-05-18;6289;2103;348911;185942;33.7;18.0
57;2021-05-19;7018;2330;355929;188272;34.4;18.2
57;2021-05-20;6048;2185;361977;190457;34.9;18.4
57;2021-05-21;7563;2917;369540;193374;35.7;18.7
57;2021-05-22;4893;2166;374433;195540;36.1;18.9
57;2021-05-23;1964;432;376397;195972;36.3;18.9
57;2021-05-24;3031;1067;379428;197039;36.6;19.0
57;2021-05-25;5576;2802;385004;199841;37.2;19.3
57;2021-05-26;6374;3181;391378;203022;37.8;19.6
57;2021-05-27;5791;3124;397169;206146;38.3;19.9
57;2021-05-28;7024;4749;404193;210895;39.0;20.4
57;2021-05-29;5220;4250;409413;215145;39.5;20.8
57;2021-05-30;1968;1743;411381;216888;39.7;20.9
57;2021-05-31;4317;3338;415698;220226;40.1;21.3
57;2021-06-01;5934;3707;421632;223933;40.7;21.6
57;2021-06-02;6339;3902;427971;227835;41.3;22.0
57;2021-06-03;6211;3695;434182;231530;41.9;22.4
57;2021-06-04;7563;4988;441745;236518;42.6;22.8
57;2021-06-05;4767;4032;446512;240550;43.1;23.2
57;2021-06-06;1993;890;448505;241440;43.3;23.3
57;2021-06-07;4322;4034;452827;245474;43.7;23.7
57;2021-06-08;6712;4304;459539;249778;44.4;24.1
57;2021-06-09;6878;4155;466417;253933;45.0;24.5
57;2021-06-10;6217;4586;472634;258519;45.6;25.0
57;2021-06-11;5361;5358;477995;263877;46.1;25.5
57;2021-06-12;5738;4452;483733;268329;46.7;25.9
57;2021-06-13;1500;1140;485233;269469;46.8;26.0
57;2021-06-14;3368;4709;488601;274178;47.2;26.5
57;2021-06-15;3811;6015;492412;280193;47.5;27.0
57;2021-06-16;4397;6591;496809;286784;48.0;27.7
57;2021-06-17;4195;6080;501004;292864;48.4;28.3
57;2021-06-18;4274;7305;505278;300169;48.8;29.0
57;2021-06-19;4156;6291;509434;306460;49.2;29.6
57;2021-06-20;983;1667;510417;308127;49.3;29.7
57;2021-06-21;2066;5970;512483;314097;49.5;30.3
57;2021-06-22;2640;7989;515123;322086;49.7;31.1
57;2021-06-23;3073;8387;518196;330473;50.0;31.9
57;2021-06-24;2456;5287;520652;335760;50.3;32.4
57;2021-06-25;2855;7828;523507;343588;50.5;33.2
57;2021-06-26;2869;7257;526376;350845;50.8;33.9
57;2021-06-27;752;2985;527128;353830;50.9;34.2
57;2021-06-28;1587;5074;528715;358904;51.0;34.6
57;2021-06-29;2080;6825;530795;365729;51.2;35.3
57;2021-06-30;3046;7316;533841;373045;51.5;36.0
57;2021-07-01;2678;5948;536519;378993;51.8;36.6
57;2021-07-02;2653;8073;539172;387066;52.1;37.4
57;2021-07-03;3234;6528;542406;393594;52.4;38.0
57;2021-07-04;943;2459;543349;396053;52.5;38.2
57;2021-07-05;1676;4605;545025;400658;52.6;38.7
57;2021-07-06;2408;6477;547433;407135;52.8;39.3
57;2021-07-07;2715;7082;550148;414217;53.1;40.0
57;2021-07-08;2476;5874;552624;420091;53.3;40.6
57;2021-07-09;3416;8415;556040;428506;53.7;41.4
57;2021-07-10;3088;6930;559128;435436;54.0;42.0
57;2021-07-11;847;2229;559975;437665;54.1;42.3
57;2021-07-12;2392;6419;562367;444084;54.3;42.9
57;2021-07-13;4388;7494;566755;451578;54.7;43.6
57;2021-07-14;2816;3846;569571;455424;55.0;44.0
57;2021-07-15;3938;7781;573509;463205;55.4;44.7
57;2021-07-16;5621;9820;579130;473025;55.9;45.7
57;2021-07-17;5800;7292;584930;480317;56.5;46.4
57;2021-07-18;1477;2655;586407;482972;56.6;46.6
57;2021-07-19;2355;6210;588762;489182;56.8;47.2
57;2021-07-20;4296;6911;593058;496093;57.3;47.9
57;2021-07-21;5263;6890;598321;502983;57.8;48.6
57;2021-07-22;5929;5957;604250;508940;58.3;49.1
57;2021-07-23;6987;6377;611237;515317;59.0;49.7
57;2021-07-24;4514;7031;615751;522348;59.4;50.4
57;2021-07-25;1332;1765;617083;524113;59.6;50.6
57;2021-07-26;3701;4492;620784;528605;59.9;51.0
57;2021-07-27;6815;4919;627599;533524;60.6;51.5
57;2021-07-28;7443;4526;635042;538050;61.3;51.9
57;2021-07-29;7570;4580;642612;542630;62.0;52.4
57;2021-07-30;6823;4859;649435;547489;62.7;52.9
57;2021-07-31;5670;5000;655105;552489;63.2;53.3
57;2021-08-01;2020;1114;657125;553603;63.4;53.4
57;2021-08-02;3499;3172;660624;556775;63.8;53.7
57;2021-08-03;5461;4268;666085;561043;64.3;54.2
57;2021-08-04;5198;3452;671283;564495;64.8;54.5
57;2021-08-05;5340;3751;676623;568246;65.3;54.9
57;2021-08-06;5564;4815;682187;573061;65.9;55.3
57;2021-08-07;4524;5120;686711;578181;66.3;55.8
57;2021-08-08;1469;1496;688180;579677;66.4;56.0
57;2021-08-09;2592;3138;690772;582815;66.7;56.3
58;2020-12-27;0;0;0;0;0.0;0.0
58;2020-12-28;0;0;0;0;0.0;0.0
58;2020-12-29;1;0;1;0;0.0;0.0
58;2020-12-30;0;0;1;0;0.0;0.0
58;2020-12-31;0;0;1;0;0.0;0.0
58;2021-01-01;0;0;1;0;0.0;0.0
58;2021-01-02;0;0;1;0;0.0;0.0
58;2021-01-03;1;0;2;0;0.0;0.0
58;2021-01-04;0;0;2;0;0.0;0.0
58;2021-01-05;2;0;4;0;0.0;0.0
58;2021-01-06;145;0;149;0;0.1;0.0
58;2021-01-07;241;0;390;0;0.2;0.0
58;2021-01-08;63;0;453;0;0.2;0.0
58;2021-01-09;1;0;454;0;0.2;0.0
58;2021-01-10;0;0;454;0;0.2;0.0
58;2021-01-11;54;0;508;0;0.3;0.0
58;2021-01-12;255;0;763;0;0.4;0.0
58;2021-01-13;402;0;1165;0;0.6;0.0
58;2021-01-14;291;1;1456;1;0.7;0.0
58;2021-01-15;141;0;1597;1;0.8;0.0
58;2021-01-16;10;1;1607;2;0.8;0.0
58;2021-01-17;0;0;1607;2;0.8;0.0
58;2021-01-18;413;1;2020;3;1.0;0.0
58;2021-01-19;986;2;3006;5;1.5;0.0
58;2021-01-20;1204;1;4210;6;2.1;0.0
58;2021-01-21;961;4;5171;10;2.6;0.0
58;2021-01-22;769;2;5940;12;3.0;0.0
58;2021-01-23;251;0;6191;12;3.1;0.0
58;2021-01-24;2;0;6193;12;3.1;0.0
58;2021-01-25;439;0;6632;12;3.3;0.0
58;2021-01-26;649;4;7281;16;3.6;0.0
58;2021-01-27;604;44;7885;60;4.0;0.0
58;2021-01-28;756;67;8641;127;4.3;0.1
58;2021-01-29;837;7;9478;134;4.7;0.1
58;2021-01-30;281;0;9759;134;4.9;0.1
58;2021-01-31;10;0;9769;134;4.9;0.1
58;2021-02-01;201;71;9970;205;5.0;0.1
58;2021-02-02;565;85;10535;290;5.3;0.1
58;2021-02-03;279;148;10814;438;5.4;0.2
58;2021-02-04;285;93;11099;531;5.6;0.3
58;2021-02-05;184;94;11283;625;5.7;0.3
58;2021-02-06;89;0;11372;625;5.7;0.3
58;2021-02-07;0;0;11372;625;5.7;0.3
58;2021-02-08;306;73;11678;698;5.9;0.3
58;2021-02-09;503;314;12181;1012;6.1;0.5
58;2021-02-10;349;381;12530;1393;6.3;0.7
58;2021-02-11;287;380;12817;1773;6.4;0.9
58;2021-02-12;243;203;13060;1976;6.5;1.0
58;2021-02-13;83;29;13143;2005;6.6;1.0
58;2021-02-14;0;3;13143;2008;6.6;1.0
58;2021-02-15;114;531;13257;2539;6.6;1.3
58;2021-02-16;208;939;13465;3478;6.7;1.7
58;2021-02-17;217;768;13682;4246;6.9;2.1
58;2021-02-18;187;791;13869;5037;6.9;2.5
58;2021-02-19;241;725;14110;5762;7.1;2.9
58;2021-02-20;62;229;14172;5991;7.1;3.0
58;2021-02-21;0;30;14172;6021;7.1;3.0
58;2021-02-22;78;405;14250;6426;7.1;3.2
58;2021-02-23;49;623;14299;7049;7.2;3.5
58;2021-02-24;39;632;14338;7681;7.2;3.8
58;2021-02-25;252;703;14590;8384;7.3;4.2
58;2021-02-26;246;623;14836;9007;7.4;4.5
58;2021-02-27;104;188;14940;9195;7.5;4.6
58;2021-02-28;11;8;14951;9203;7.5;4.6
58;2021-03-01;145;246;15096;9449;7.6;4.7
58;2021-03-02;415;643;15511;10092;7.8;5.1
58;2021-03-03;522;292;16033;10384;8.0;5.2
58;2021-03-04;723;277;16756;10661;8.4;5.3
58;2021-03-05;867;206;17623;10867;8.8;5.4
58;2021-03-06;574;86;18197;10953;9.1;5.5
58;2021-03-07;63;11;18260;10964;9.1;5.5
58;2021-03-08;153;299;18413;11263;9.2;5.6
58;2021-03-09;544;549;18957;11812;9.5;5.9
58;2021-03-10;837;242;19794;12054;9.9;6.0
58;2021-03-11;856;272;20650;12326;10.3;6.2
58;2021-03-12;862;198;21512;12524;10.8;6.3
58;2021-03-13;506;67;22018;12591;11.0;6.3
58;2021-03-14;34;0;22052;12591;11.0;6.3
58;2021-03-15;528;110;22580;12701;11.3;6.4
58;2021-03-16;726;222;23306;12923;11.7;6.5
58;2021-03-17;756;194;24062;13117;12.1;6.6
58;2021-03-18;582;177;24644;13294;12.3;6.7
58;2021-03-19;535;103;25179;13397;12.6;6.7
58;2021-03-20;322;64;25501;13461;12.8;6.7
58;2021-03-21;17;0;25518;13461;12.8;6.7
58;2021-03-22;794;25;26312;13486;13.2;6.8
58;2021-03-23;1636;41;27948;13527;14.0;6.8
58;2021-03-24;1359;73;29307;13600;14.7;6.8
58;2021-03-25;1840;43;31147;13643;15.6;6.8
58;2021-03-26;1413;50;32560;13693;16.3;6.9
58;2021-03-27;358;6;32918;13699;16.5;6.9
58;2021-03-28;20;0;32938;13699;16.5;6.9
58;2021-03-29;639;155;33577;13854;16.8;6.9
58;2021-03-30;1185;252;34762;14106;17.4;7.1
58;2021-03-31;1116;396;35878;14502;18.0;7.3
58;2021-04-01;1546;400;37424;14902;18.7;7.5
58;2021-04-02;1462;362;38886;15264;19.5;7.6
58;2021-04-03;566;149;39452;15413;19.8;7.7
58;2021-04-04;1;1;39453;15414;19.8;7.7
58;2021-04-05;46;0;39499;15414;19.8;7.7
58;2021-04-06;819;343;40318;15757;20.2;7.9
58;2021-04-07;695;550;41013;16307;20.5;8.2
58;2021-04-08;1493;426;42506;16733;21.3;8.4
58;2021-04-09;1774;483;44280;17216;22.2;8.6
58;2021-04-10;652;200;44932;17416;22.5;8.7
58;2021-04-11;17;3;44949;17419;22.5;8.7
58;2021-04-12;1117;502;46066;17921;23.1;9.0
58;2021-04-13;1437;625;47503;18546;23.8;9.3
58;2021-04-14;1339;672;48842;19218;24.5;9.6
58;2021-04-15;1433;600;50275;19818;25.2;9.9
58;2021-04-16;1734;511;52009;20329;26.1;10.2
58;2021-04-17;721;232;52730;20561;26.4;10.3
58;2021-04-18;20;7;52750;20568;26.4;10.3
58;2021-04-19;532;605;53282;21173;26.7;10.6
58;2021-04-20;486;1120;53768;22293;26.9;11.2
58;2021-04-21;626;970;54394;23263;27.3;11.7
58;2021-04-22;767;1525;55161;24788;27.6;12.4
58;2021-04-23;919;784;56080;25572;28.1;12.8
58;2021-04-24;211;205;56291;25777;28.2;12.9
58;2021-04-25;109;9;56400;25786;28.3;12.9
58;2021-04-26;762;247;57162;26033;28.6;13.0
58;2021-04-27;1499;1110;58661;27143;29.4;13.6
58;2021-04-28;1535;1052;60196;28195;30.2;14.1
58;2021-04-29;1442;1040;61638;29235;30.9;14.6
58;2021-04-30;1257;939;62895;30174;31.5;15.1
58;2021-05-01;6;17;62901;30191;31.5;15.1
58;2021-05-02;4;2;62905;30193;31.5;15.1
58;2021-05-03;1045;402;63950;30595;32.0;15.3
58;2021-05-04;1076;1348;65026;31943;32.6;16.0
58;2021-05-05;951;1090;65977;33033;33.1;16.5
58;2021-05-06;1360;1058;67337;34091;33.7;17.1
58;2021-05-07;1110;1090;68447;35181;34.3;17.6
58;2021-05-08;59;60;68506;35241;34.3;17.7
58;2021-05-09;5;19;68511;35260;34.3;17.7
58;2021-05-10;875;989;69386;36249;34.8;18.2
58;2021-05-11;1185;1982;70571;38231;35.4;19.2
58;2021-05-12;1662;1553;72233;39784;36.2;19.9
58;2021-05-13;50;181;72283;39965;36.2;20.0
58;2021-05-14;2308;908;74591;40873;37.4;20.5
58;2021-05-15;1725;457;76316;41330;38.2;20.7
58;2021-05-16;118;30;76434;41360;38.3;20.7
58;2021-05-17;792;608;77226;41968;38.7;21.0
58;2021-05-18;1333;1183;78559;43151;39.4;21.6
58;2021-05-19;1737;543;80296;43694;40.2;21.9
58;2021-05-20;1699;668;81995;44362;41.1;22.2
58;2021-05-21;855;728;82850;45090;41.5;22.6
58;2021-05-22;304;239;83154;45329;41.7;22.7
58;2021-05-23;2;21;83156;45350;41.7;22.7
58;2021-05-24;21;43;83177;45393;41.7;22.7
58;2021-05-25;1386;1152;84563;46545;42.4;23.3
58;2021-05-26;844;840;85407;47385;42.8;23.7
58;2021-05-27;751;943;86158;48328;43.2;24.2
58;2021-05-28;430;911;86588;49239;43.4;24.7
58;2021-05-29;151;212;86739;49451;43.5;24.8
58;2021-05-30;20;19;86759;49470;43.5;24.8
58;2021-05-31;757;398;87516;49868;43.8;25.0
58;2021-06-01;1371;1658;88887;51526;44.5;25.8
58;2021-06-02;1463;1044;90350;52570;45.3;26.3
58;2021-06-03;1026;958;91376;53528;45.8;26.8
58;2021-06-04;844;913;92220;54441;46.2;27.3
58;2021-06-05;272;262;92492;54703;46.3;27.4
58;2021-06-06;24;49;92516;54752;46.4;27.4
58;2021-06-07;713;791;93229;55543;46.7;27.8
58;2021-06-08;1324;1757;94553;57300;47.4;28.7
58;2021-06-09;1401;1007;95954;58307;48.1;29.2
58;2021-06-10;1108;981;97062;59288;48.6;29.7
58;2021-06-11;1030;906;98092;60194;49.1;30.2
58;2021-06-12;1055;415;99147;60609;49.7;30.4
58;2021-06-13;36;33;99183;60642;49.7;30.4
58;2021-06-14;516;1016;99699;61658;50.0;30.9
58;2021-06-15;1594;1756;101293;63414;50.7;31.8
58;2021-06-16;1805;993;103098;64407;51.7;32.3
58;2021-06-17;2023;1109;105121;65516;52.7;32.8
58;2021-06-18;985;1064;106106;66580;53.2;33.4
58;2021-06-19;581;319;106687;66899;53.5;33.5
58;2021-06-20;9;2;106696;66901;53.5;33.5
58;2021-06-21;472;551;107168;67452;53.7;33.8
58;2021-06-22;1027;1965;108195;69417;54.2;34.8
58;2021-06-23;1477;1510;109672;70927;54.9;35.5
58;2021-06-24;729;1026;110401;71953;55.3;36.0
58;2021-06-25;826;1716;111227;73669;55.7;36.9
58;2021-06-26;554;1226;111781;74895;56.0;37.5
58;2021-06-27;17;26;111798;74921;56.0;37.5
58;2021-06-28;463;988;112261;75909;56.2;38.0
58;2021-06-29;623;2162;112884;78071;56.6;39.1
58;2021-06-30;997;1622;113881;79693;57.1;39.9
58;2021-07-01;757;1673;114638;81366;57.4;40.8
58;2021-07-02;450;849;115088;82215;57.7;41.2
58;2021-07-03;249;512;115337;82727;57.8;41.4
58;2021-07-04;12;30;115349;82757;57.8;41.5
58;2021-07-05;510;770;115859;83527;58.0;41.8
58;2021-07-06;694;2125;116553;85652;58.4;42.9
58;2021-07-07;385;956;116938;86608;58.6;43.4
58;2021-07-08;397;1020;117335;87628;58.8;43.9
58;2021-07-09;709;1417;118044;89045;59.1;44.6
58;2021-07-10;260;413;118304;89458;59.3;44.8
58;2021-07-11;175;53;118479;89511;59.4;44.8
58;2021-07-12;197;969;118676;90480;59.5;45.3
58;2021-07-13;929;2500;119605;92980;59.9;46.6
58;2021-07-14;27;62;119632;93042;59.9;46.6
58;2021-07-15;1129;1942;120761;94984;60.5;47.6
58;2021-07-16;1409;1448;122170;96432;61.2;48.3
58;2021-07-17;461;287;122631;96719;61.4;48.5
58;2021-07-18;102;21;122733;96740;61.5;48.5
58;2021-07-19;1643;994;124376;97734;62.3;49.0
58;2021-07-20;1403;2460;125779;100194;63.0;50.2
58;2021-07-21;1182;2038;126961;102232;63.6;51.2
58;2021-07-22;1133;1672;128094;103904;64.2;52.1
58;2021-07-23;1254;1444;129348;105348;64.8;52.8
58;2021-07-24;994;1271;130342;106619;65.3;53.4
58;2021-07-25;88;39;130430;106658;65.3;53.4
58;2021-07-26;976;859;131406;107517;65.8;53.9
58;2021-07-27;1558;2578;132964;110095;66.6;55.2
58;2021-07-28;1568;1962;134532;112057;67.4;56.1
58;2021-07-29;1567;1615;136099;113672;68.2;57.0
58;2021-07-30;1459;1423;137558;115095;68.9;57.7
58;2021-07-31;562;523;138120;115618;69.2;57.9
58;2021-08-01;34;13;138154;115631;69.2;57.9
58;2021-08-02;1583;861;139737;116492;70.0;58.4
58;2021-08-03;2042;1778;141779;118270;71.0;59.3
58;2021-08-04;1305;1183;143084;119453;71.7;59.8
58;2021-08-05;1617;1179;144701;120632;72.5;60.4
58;2021-08-06;1354;1027;146055;121659;73.2;61.0
58;2021-08-07;311;400;146366;122059;73.3;61.2
58;2021-08-08;30;57;146396;122116;73.3;61.2
58;2021-08-09;1073;1376;147469;123492;73.9;61.9
59;2020-12-27;1;0;1;0;0.0;0.0
59;2020-12-28;26;0;27;0;0.0;0.0
59;2020-12-29;0;0;27;0;0.0;0.0
59;2020-12-30;0;0;27;0;0.0;0.0
59;2020-12-31;1;0;28;0;0.0;0.0
59;2021-01-01;3;0;31;0;0.0;0.0
59;2021-01-02;1;0;32;0;0.0;0.0
59;2021-01-03;2;0;34;0;0.0;0.0
59;2021-01-04;79;0;113;0;0.0;0.0
59;2021-01-05;217;0;330;0;0.0;0.0
59;2021-01-06;429;2;759;2;0.0;0.0
59;2021-01-07;1312;0;2071;2;0.1;0.0
59;2021-01-08;1262;4;3333;6;0.1;0.0
59;2021-01-09;609;3;3942;9;0.2;0.0
59;2021-01-10;427;0;4369;9;0.2;0.0
59;2021-01-11;1843;5;6212;14;0.2;0.0
59;2021-01-12;2470;2;8682;16;0.3;0.0
59;2021-01-13;2362;3;11044;19;0.4;0.0
59;2021-01-14;2755;22;13799;41;0.5;0.0
59;2021-01-15;2273;16;16072;57;0.6;0.0
59;2021-01-16;770;1;16842;58;0.7;0.0
59;2021-01-17;559;1;17401;59;0.7;0.0
59;2021-01-18;3508;15;20909;74;0.8;0.0
59;2021-01-19;4751;9;25660;83;1.0;0.0
59;2021-01-20;4132;12;29792;95;1.2;0.0
59;2021-01-21;4725;38;34517;133;1.3;0.0
59;2021-01-22;4019;11;38536;144;1.5;0.0
59;2021-01-23;1214;3;39750;147;1.5;0.0
59;2021-01-24;168;0;39918;147;1.5;0.0
59;2021-01-25;2728;59;42646;206;1.6;0.0
59;2021-01-26;2802;137;45448;343;1.8;0.0
59;2021-01-27;1736;308;47184;651;1.8;0.0
59;2021-01-28;3396;764;50580;1415;2.0;0.1
59;2021-01-29;2540;793;53120;2208;2.1;0.1
59;2021-01-30;287;177;53407;2385;2.1;0.1
59;2021-01-31;24;0;53431;2385;2.1;0.1
59;2021-02-01;77;865;53508;3250;2.1;0.1
59;2021-02-02;682;1435;54190;4685;2.1;0.2
59;2021-02-03;3744;1439;57934;6124;2.2;0.2
59;2021-02-04;2957;1743;60891;7867;2.4;0.3
59;2021-02-05;1047;1410;61938;9277;2.4;0.4
59;2021-02-06;206;356;62144;9633;2.4;0.4
59;2021-02-07;268;49;62412;9682;2.4;0.4
59;2021-02-08;683;1626;63095;11308;2.4;0.4
59;2021-02-09;1009;1849;64104;13157;2.5;0.5
59;2021-02-10;975;1639;65079;14796;2.5;0.6
59;2021-02-11;1344;1811;66423;16607;2.6;0.6
59;2021-02-12;1412;1643;67835;18250;2.6;0.7
59;2021-02-13;207;749;68042;18999;2.6;0.7
59;2021-02-14;13;42;68055;19041;2.6;0.7
59;2021-02-15;1392;3118;69447;22159;2.7;0.9
59;2021-02-16;1431;3775;70878;25934;2.7;1.0
59;2021-02-17;1618;3833;72496;29767;2.8;1.1
59;2021-02-18;3101;5195;75597;34962;2.9;1.4
59;2021-02-19;3209;3615;78806;38577;3.0;1.5
59;2021-02-20;1413;1590;80219;40167;3.1;1.6
59;2021-02-21;242;261;80461;40428;3.1;1.6
59;2021-02-22;1431;2589;81892;43017;3.2;1.7
59;2021-02-23;2657;2862;84549;45879;3.3;1.8
59;2021-02-24;4104;4058;88653;49937;3.4;1.9
59;2021-02-25;6916;3726;95569;53663;3.7;2.1
59;2021-02-26;6497;1891;102066;55554;3.9;2.1
59;2021-02-27;3094;176;105160;55730;4.1;2.2
59;2021-02-28;208;59;105368;55789;4.1;2.2
59;2021-03-01;3694;664;109062;56453;4.2;2.2
59;2021-03-02;4793;566;113855;57019;4.4;2.2
59;2021-03-03;5744;986;119599;58005;4.6;2.2
59;2021-03-04;7081;931;126680;58936;4.9;2.3
59;2021-03-05;7824;973;134504;59909;5.2;2.3
59;2021-03-06;11555;516;146059;60425;5.6;2.3
59;2021-03-07;7583;336;153642;60761;5.9;2.3
59;2021-03-08;4497;1097;158139;61858;6.1;2.4
59;2021-03-09;6580;1403;164719;63261;6.4;2.4
59;2021-03-10;7022;1172;171741;64433;6.6;2.5
59;2021-03-11;9469;1855;181210;66288;7.0;2.6
59;2021-03-12;12139;1507;193349;67795;7.5;2.6
59;2021-03-13;16552;1048;209901;68843;8.1;2.7
59;2021-03-14;6960;310;216861;69153;8.4;2.7
59;2021-03-15;5609;1495;222470;70648;8.6;2.7
59;2021-03-16;3738;1321;226208;71969;8.7;2.8
59;2021-03-17;3851;2085;230059;74054;8.9;2.9
59;2021-03-18;3955;2493;234014;76547;9.0;3.0
59;2021-03-19;7730;1814;241744;78361;9.3;3.0
59;2021-03-20;16015;1245;257759;79606;10.0;3.1
59;2021-03-21;6311;432;264070;80038;10.2;3.1
59;2021-03-22;5444;1770;269514;81808;10.4;3.2
59;2021-03-23;7767;2808;277281;84616;10.7;3.3
59;2021-03-24;6861;2953;284142;87569;11.0;3.4
59;2021-03-25;10529;2528;294671;90097;11.4;3.5
59;2021-03-26;12247;2826;306918;92923;11.9;3.6
59;2021-03-27;15270;1104;322188;94027;12.4;3.6
59;2021-03-28;7980;342;330168;94369;12.8;3.6
59;2021-03-29;5493;3198;335661;97567;13.0;3.8
59;2021-03-30;7537;3737;343198;101304;13.3;3.9
59;2021-03-31;6149;4096;349347;105400;13.5;4.1
59;2021-04-01;7488;4905;356835;110305;13.8;4.3
59;2021-04-02;7640;5515;364475;115820;14.1;4.5
59;2021-04-03;13012;4287;377487;120107;14.6;4.6
59;2021-04-04;5348;2180;382835;122287;14.8;4.7
59;2021-04-05;6009;1531;388844;123818;15.0;4.8
59;2021-04-06;5397;4490;394241;128308;15.2;5.0
59;2021-04-07;7625;5423;401866;133731;15.5;5.2
59;2021-04-08;10385;5735;412251;139466;15.9;5.4
59;2021-04-09;13417;5905;425668;145371;16.4;5.6
59;2021-04-10;11473;6130;437141;151501;16.9;5.9
59;2021-04-11;4634;3568;441775;155069;17.1;6.0
59;2021-04-12;6309;4341;448084;159410;17.3;6.2
59;2021-04-13;8929;4779;457013;164189;17.7;6.3
59;2021-04-14;8789;4324;465802;168513;18.0;6.5
59;2021-04-15;10302;4833;476104;173346;18.4;6.7
59;2021-04-16;10883;5495;486987;178841;18.8;6.9
59;2021-04-17;7300;9081;494287;187922;19.1;7.3
59;2021-04-18;3232;4168;497519;192090;19.2;7.4
59;2021-04-19;5045;4302;502564;196392;19.4;7.6
59;2021-04-20;6894;4205;509458;200597;19.7;7.7
59;2021-04-21;6245;4421;515703;205018;19.9;7.9
59;2021-04-22;8595;5500;524298;210518;20.3;8.1
59;2021-04-23;8452;5677;532750;216195;20.6;8.4
59;2021-04-24;5536;8066;538286;224261;20.8;8.7
59;2021-04-25;3240;6080;541526;230341;20.9;8.9
59;2021-04-26;6490;3788;548016;234129;21.2;9.0
59;2021-04-27;8359;5190;556375;239319;21.5;9.2
59;2021-04-28;8765;6566;565140;245885;21.8;9.5
59;2021-04-29;9414;8563;574554;254448;22.2;9.8
59;2021-04-30;10598;8538;585152;262986;22.6;10.2
59;2021-05-01;11993;7583;597145;270569;23.1;10.5
59;2021-05-02;8645;5986;605790;276555;23.4;10.7
59;2021-05-03;9555;5064;615345;281619;23.8;10.9
59;2021-05-04;11426;6005;626771;287624;24.2;11.1
59;2021-05-05;10294;6211;637065;293835;24.6;11.3
59;2021-05-06;11197;8450;648262;302285;25.0;11.7
59;2021-05-07;13298;9617;661560;311902;25.6;12.0
59;2021-05-08;14735;4161;676295;316063;26.1;12.2
59;2021-05-09;11493;3330;687788;319393;26.6;12.3
59;2021-05-10;12739;6637;700527;326030;27.1;12.6
59;2021-05-11;15113;8332;715640;334362;27.6;12.9
59;2021-05-12;16626;8634;732266;342996;28.3;13.2
59;2021-05-13;18441;3450;750707;346446;29.0;13.4
59;2021-05-14;15780;6959;766487;353405;29.6;13.7
59;2021-05-15;23445;5297;789932;358702;30.5;13.9
59;2021-05-16;21182;2403;811114;361105;31.3;13.9
59;2021-05-17;15071;5270;826185;366375;31.9;14.2
59;2021-05-18;16919;5670;843104;372045;32.6;14.4
59;2021-05-19;18316;5090;861420;377135;33.3;14.6
59;2021-05-20;17930;7013;879350;384148;34.0;14.8
59;2021-05-21;18370;8290;897720;392438;34.7;15.2
59;2021-05-22;23813;5688;921533;398126;35.6;15.4
59;2021-05-23;17921;2265;939454;400391;36.3;15.5
59;2021-05-24;16690;2125;956144;402516;36.9;15.5
59;2021-05-25;14991;6677;971135;409193;37.5;15.8
59;2021-05-26;15890;7043;987025;416236;38.1;16.1
59;2021-05-27;16146;9183;1003171;425419;38.7;16.4
59;2021-05-28;15887;11472;1019058;436891;39.4;16.9
59;2021-05-29;14372;8722;1033430;445613;39.9;17.2
59;2021-05-30;8404;1843;1041834;447456;40.2;17.3
59;2021-05-31;14201;7964;1056035;455420;40.8;17.6
59;2021-06-01;15090;10421;1071125;465841;41.4;18.0
59;2021-06-02;14762;9942;1085887;475783;41.9;18.4
59;2021-06-03;15629;12136;1101516;487919;42.5;18.8
59;2021-06-04;15594;13497;1117110;501416;43.1;19.4
59;2021-06-05;14979;9337;1132089;510753;43.7;19.7
59;2021-06-06;8828;3203;1140917;513956;44.1;19.9
59;2021-06-07;10527;9441;1151444;523397;44.5;20.2
59;2021-06-08;11758;11088;1163202;534485;44.9;20.6
59;2021-06-09;10763;11914;1173965;546399;45.3;21.1
59;2021-06-10;11493;12324;1185458;558723;45.8;21.6
59;2021-06-11;10976;16019;1196434;574742;46.2;22.2
59;2021-06-12;11078;13680;1207512;588422;46.6;22.7
59;2021-06-13;6340;7029;1213852;595451;46.9;23.0
59;2021-06-14;6502;12698;1220354;608149;47.1;23.5
59;2021-06-15;8231;15954;1228585;624103;47.5;24.1
59;2021-06-16;9203;13551;1237788;637654;47.8;24.6
59;2021-06-17;9186;15648;1246974;653302;48.2;25.2
59;2021-06-18;9079;20053;1256053;673355;48.5;26.0
59;2021-06-19;8955;17482;1265008;690837;48.9;26.7
59;2021-06-20;4898;10189;1269906;701026;49.1;27.1
59;2021-06-21;5276;15970;1275182;716996;49.3;27.7
59;2021-06-22;6334;18686;1281516;735682;49.5;28.4
59;2021-06-23;6164;19086;1287680;754768;49.7;29.2
59;2021-06-24;7332;20530;1295012;775298;50.0;29.9
59;2021-06-25;6506;21202;1301518;796500;50.3;30.8
59;2021-06-26;6483;23764;1308001;820264;50.5;31.7
59;2021-06-27;4755;17081;1312756;837345;50.7;32.3
59;2021-06-28;4994;19826;1317750;857171;50.9;33.1
59;2021-06-29;5542;20366;1323292;877537;51.1;33.9
59;2021-06-30;6128;20095;1329420;897632;51.3;34.7
59;2021-07-01;6748;20834;1336168;918466;51.6;35.5
59;2021-07-02;6821;23239;1342989;941705;51.9;36.4
59;2021-07-03;5556;24615;1348545;966320;52.1;37.3
59;2021-07-04;4412;15977;1352957;982297;52.3;37.9
59;2021-07-05;5653;17480;1358610;999777;52.5;38.6
59;2021-07-06;6588;18807;1365198;1018584;52.7;39.3
59;2021-07-07;6928;17462;1372126;1036046;53.0;40.0
59;2021-07-08;8000;17710;1380126;1053756;53.3;40.7
59;2021-07-09;7694;20300;1387820;1074056;53.6;41.5
59;2021-07-10;7432;18543;1395252;1092599;53.9;42.2
59;2021-07-11;4451;10228;1399703;1102827;54.1;42.6
59;2021-07-12;5842;18037;1405545;1120864;54.3;43.3
59;2021-07-13;9873;20771;1415418;1141635;54.7;44.1
59;2021-07-14;9774;8464;1425192;1150099;55.0;44.4
59;2021-07-15;11610;20426;1436802;1170525;55.5;45.2
59;2021-07-16;13172;20515;1449974;1191040;56.0;46.0
59;2021-07-17;12363;17437;1462337;1208477;56.5;46.7
59;2021-07-18;7936;8683;1470273;1217160;56.8;47.0
59;2021-07-19;10360;16445;1480633;1233605;57.2;47.6
59;2021-07-20;13343;17122;1493976;1250727;57.7;48.3
59;2021-07-21;14473;15572;1508449;1266299;58.3;48.9
59;2021-07-22;16959;15185;1525408;1281484;58.9;49.5
59;2021-07-23;15673;15816;1541081;1297300;59.5;50.1
59;2021-07-24;16305;12260;1557386;1309560;60.2;50.6
59;2021-07-25;11892;7290;1569278;1316850;60.6;50.9
59;2021-07-26;12991;12582;1582269;1329432;61.1;51.3
59;2021-07-27;16076;11919;1598345;1341351;61.7;51.8
59;2021-07-28;17358;11608;1615703;1352959;62.4;52.3
59;2021-07-29;17321;11628;1633024;1364587;63.1;52.7
59;2021-07-30;15843;11554;1648867;1376141;63.7;53.2
59;2021-07-31;13925;9122;1662792;1385263;64.2;53.5
59;2021-08-01;9928;4492;1672720;1389755;64.6;53.7
59;2021-08-02;12066;9969;1684786;1399724;65.1;54.1
59;2021-08-03;13343;9999;1698129;1409723;65.6;54.5
59;2021-08-04;11155;8231;1709284;1417954;66.0;54.8
59;2021-08-05;12641;9728;1721925;1427682;66.5;55.1
59;2021-08-06;12430;10961;1734355;1438643;67.0;55.6
59;2021-08-07;9672;9230;1744027;1447873;67.4;55.9
59;2021-08-08;6923;5195;1750950;1453068;67.6;56.1
59;2021-08-09;8236;10690;1759186;1463758;67.9;56.5
60;2020-12-27;0;0;0;0;0.0;0.0
60;2020-12-28;0;0;0;0;0.0;0.0
60;2020-12-29;1;0;1;0;0.0;0.0
60;2020-12-30;0;0;1;0;0.0;0.0
60;2020-12-31;0;0;1;0;0.0;0.0
60;2021-01-01;0;0;1;0;0.0;0.0
60;2021-01-02;5;0;6;0;0.0;0.0
60;2021-01-03;1;0;7;0;0.0;0.0
60;2021-01-04;1;0;8;0;0.0;0.0
60;2021-01-05;37;0;45;0;0.0;0.0
60;2021-01-06;188;4;233;4;0.0;0.0
60;2021-01-07;236;4;469;8;0.1;0.0
60;2021-01-08;379;3;848;11;0.1;0.0
60;2021-01-09;3;0;851;11;0.1;0.0
60;2021-01-10;60;0;911;11;0.1;0.0
60;2021-01-11;342;2;1253;13;0.2;0.0
60;2021-01-12;534;2;1787;15;0.2;0.0
60;2021-01-13;476;5;2263;20;0.3;0.0
60;2021-01-14;507;5;2770;25;0.3;0.0
60;2021-01-15;700;7;3470;32;0.4;0.0
60;2021-01-16;124;1;3594;33;0.4;0.0
60;2021-01-17;31;0;3625;33;0.4;0.0
60;2021-01-18;859;5;4484;38;0.5;0.0
60;2021-01-19;1168;10;5652;48;0.7;0.0
60;2021-01-20;1688;13;7340;61;0.9;0.0
60;2021-01-21;2187;10;9527;71;1.2;0.0
60;2021-01-22;1523;13;11050;84;1.3;0.0
60;2021-01-23;499;4;11549;88;1.4;0.0
60;2021-01-24;61;1;11610;89;1.4;0.0
60;2021-01-25;894;14;12504;103;1.5;0.0
60;2021-01-26;950;13;13454;116;1.6;0.0
60;2021-01-27;642;8;14096;124;1.7;0.0
60;2021-01-28;395;168;14491;292;1.8;0.0
60;2021-01-29;77;106;14568;398;1.8;0.0
60;2021-01-30;0;1;14568;399;1.8;0.0
60;2021-01-31;22;61;14590;460;1.8;0.1
60;2021-02-01;38;108;14628;568;1.8;0.1
60;2021-02-02;26;159;14654;727;1.8;0.1
60;2021-02-03;161;237;14815;964;1.8;0.1
60;2021-02-04;169;341;14984;1305;1.8;0.2
60;2021-02-05;313;476;15297;1781;1.9;0.2
60;2021-02-06;63;79;15360;1860;1.9;0.2
60;2021-02-07;31;32;15391;1892;1.9;0.2
60;2021-02-08;326;517;15717;2409;1.9;0.3
60;2021-02-09;317;467;16034;2876;1.9;0.3
60;2021-02-10;552;993;16586;3869;2.0;0.5
60;2021-02-11;935;1128;17521;4997;2.1;0.6
60;2021-02-12;911;857;18432;5854;2.2;0.7
60;2021-02-13;90;308;18522;6162;2.2;0.7
60;2021-02-14;24;92;18546;6254;2.2;0.8
60;2021-02-15;613;810;19159;7064;2.3;0.9
60;2021-02-16;581;927;19740;7991;2.4;1.0
60;2021-02-17;631;930;20371;8921;2.5;1.1
60;2021-02-18;684;824;21055;9745;2.6;1.2
60;2021-02-19;641;768;21696;10513;2.6;1.3
60;2021-02-20;103;190;21799;10703;2.6;1.3
60;2021-02-21;22;121;21821;10824;2.6;1.3
60;2021-02-22;461;877;22282;11701;2.7;1.4
60;2021-02-23;533;788;22815;12489;2.8;1.5
60;2021-02-24;793;552;23608;13041;2.9;1.6
60;2021-02-25;1095;312;24703;13353;3.0;1.6
60;2021-02-26;1297;185;26000;13538;3.2;1.6
60;2021-02-27;666;35;26666;13573;3.2;1.6
60;2021-02-28;7;10;26673;13583;3.2;1.6
60;2021-03-01;893;48;27566;13631;3.3;1.7
60;2021-03-02;1013;162;28579;13793;3.5;1.7
60;2021-03-03;1319;445;29898;14238;3.6;1.7
60;2021-03-04;1724;516;31622;14754;3.8;1.8
60;2021-03-05;1820;287;33442;15041;4.1;1.8
60;2021-03-06;1919;131;35361;15172;4.3;1.8
60;2021-03-07;884;30;36245;15202;4.4;1.8
60;2021-03-08;977;314;37222;15516;4.5;1.9
60;2021-03-09;1642;356;38864;15872;4.7;1.9
60;2021-03-10;1937;425;40801;16297;4.9;2.0
60;2021-03-11;2324;383;43125;16680;5.2;2.0
60;2021-03-12;2591;541;45716;17221;5.5;2.1
60;2021-03-13;3837;205;49553;17426;6.0;2.1
60;2021-03-14;1779;55;51332;17481;6.2;2.1
60;2021-03-15;2091;500;53423;17981;6.5;2.2
60;2021-03-16;1583;622;55006;18603;6.7;2.3
60;2021-03-17;1657;614;56663;19217;6.9;2.3
60;2021-03-18;1759;729;58422;19946;7.1;2.4
60;2021-03-19;2590;527;61012;20473;7.4;2.5
60;2021-03-20;3235;188;64247;20661;7.8;2.5
60;2021-03-21;2124;98;66371;20759;8.0;2.5
60;2021-03-22;2134;710;68505;21469;8.3;2.6
60;2021-03-23;3307;721;71812;22190;8.7;2.7
60;2021-03-24;3069;875;74881;23065;9.1;2.8
60;2021-03-25;3849;841;78730;23906;9.5;2.9
60;2021-03-26;4215;870;82945;24776;10.1;3.0
60;2021-03-27;4141;305;87086;25081;10.6;3.0
60;2021-03-28;2448;76;89534;25157;10.9;3.0
60;2021-03-29;2608;1080;92142;26237;11.2;3.2
60;2021-03-30;3284;1066;95426;27303;11.6;3.3
60;2021-03-31;2669;1141;98095;28444;11.9;3.4
60;2021-04-01;2562;1102;100657;29546;12.2;3.6
60;2021-04-02;3308;1096;103965;30642;12.6;3.7
60;2021-04-03;3168;1009;107133;31651;13.0;3.8
60;2021-04-04;875;483;108008;32134;13.1;3.9
60;2021-04-05;458;81;108466;32215;13.1;3.9
60;2021-04-06;1964;1623;110430;33838;13.4;4.1
60;2021-04-07;1982;1748;112412;35586;13.6;4.3
60;2021-04-08;2612;1492;115024;37078;13.9;4.5
60;2021-04-09;2997;1514;118021;38592;14.3;4.7
60;2021-04-10;2928;1589;120949;40181;14.7;4.9
60;2021-04-11;1049;993;121998;41174;14.8;5.0
60;2021-04-12;2047;1720;124045;42894;15.0;5.2
60;2021-04-13;2747;1784;126792;44678;15.4;5.4
60;2021-04-14;3116;1810;129908;46488;15.7;5.6
60;2021-04-15;3543;1882;133451;48370;16.2;5.9
60;2021-04-16;3286;1945;136737;50315;16.6;6.1
60;2021-04-17;2847;2168;139584;52483;16.9;6.4
60;2021-04-18;572;1834;140156;54317;17.0;6.6
60;2021-04-19;1742;2211;141898;56528;17.2;6.9
60;2021-04-20;2129;2676;144027;59204;17.5;7.2
60;2021-04-21;2653;2205;146680;61409;17.8;7.4
60;2021-04-22;2630;2509;149310;63918;18.1;7.7
60;2021-04-23;2646;2497;151956;66415;18.4;8.0
60;2021-04-24;2471;3457;154427;69872;18.7;8.5
60;2021-04-25;1160;1963;155587;71835;18.9;8.7
60;2021-04-26;1889;2527;157476;74362;19.1;9.0
60;2021-04-27;2309;2846;159785;77208;19.4;9.4
60;2021-04-28;3063;2395;162848;79603;19.7;9.6
60;2021-04-29;3151;2625;165999;82228;20.1;10.0
60;2021-04-30;3459;2967;169458;85195;20.5;10.3
60;2021-05-01;2354;1123;171812;86318;20.8;10.5
60;2021-05-02;2147;841;173959;87159;21.1;10.6
60;2021-05-03;2955;1851;176914;89010;21.4;10.8
60;2021-05-04;3018;2355;179932;91365;21.8;11.1
60;2021-05-05;3256;2807;183188;94172;22.2;11.4
60;2021-05-06;3650;2477;186838;96649;22.6;11.7
60;2021-05-07;3986;2523;190824;99172;23.1;12.0
60;2021-05-08;3585;970;194409;100142;23.6;12.1
60;2021-05-09;3459;949;197868;101091;24.0;12.3
60;2021-05-10;2391;2292;200259;103383;24.3;12.5
60;2021-05-11;3666;2466;203925;105849;24.7;12.8
60;2021-05-12;4718;2548;208643;108397;25.3;13.1
60;2021-05-13;5293;1123;213936;109520;25.9;13.3
60;2021-05-14;5605;1809;219541;111329;26.6;13.5
60;2021-05-15;6172;1708;225713;113037;27.4;13.7
60;2021-05-16;4860;690;230573;113727;27.9;13.8
60;2021-05-17;3715;1672;234288;115399;28.4;14.0
60;2021-05-18;4048;2078;238336;117477;28.9;14.2
60;2021-05-19;5095;1852;243431;119329;29.5;14.5
60;2021-05-20;5458;1795;248889;121124;30.2;14.7
60;2021-05-21;5972;1972;254861;123096;30.9;14.9
60;2021-05-22;5355;1979;260216;125075;31.5;15.2
60;2021-05-23;4268;654;264484;125729;32.1;15.2
60;2021-05-24;2950;533;267434;126262;32.4;15.3
60;2021-05-25;4138;2000;271572;128262;32.9;15.5
60;2021-05-26;4466;1831;276038;130093;33.5;15.8
60;2021-05-27;4613;1994;280651;132087;34.0;16.0
60;2021-05-28;4626;2510;285277;134597;34.6;16.3
60;2021-05-29;4612;2271;289889;136868;35.1;16.6
60;2021-05-30;1086;351;290975;137219;35.3;16.6
60;2021-05-31;3830;2081;294805;139300;35.7;16.9
60;2021-06-01;4442;2851;299247;142151;36.3;17.2
60;2021-06-02;3910;2446;303157;144597;36.7;17.5
60;2021-06-03;3905;2377;307062;146974;37.2;17.8
60;2021-06-04;4653;2904;311715;149878;37.8;18.2
60;2021-06-05;4303;3418;316018;153296;38.3;18.6
60;2021-06-06;2157;794;318175;154090;38.6;18.7
60;2021-06-07;2777;2754;320952;156844;38.9;19.0
60;2021-06-08;3799;3009;324751;159853;39.4;19.4
60;2021-06-09;3245;3398;327996;163251;39.8;19.8
60;2021-06-10;3451;3366;331447;166617;40.2;20.2
60;2021-06-11;3879;4196;335326;170813;40.6;20.7
60;2021-06-12;3779;4276;339105;175089;41.1;21.2
60;2021-06-13;1156;2225;340261;177314;41.2;21.5
60;2021-06-14;1907;3305;342168;180619;41.5;21.9
60;2021-06-15;3014;4166;345182;184785;41.8;22.4
60;2021-06-16;3252;4492;348434;189277;42.2;22.9
60;2021-06-17;2978;4785;351412;194062;42.6;23.5
60;2021-06-18;2985;4603;354397;198665;43.0;24.1
60;2021-06-19;3142;4724;357539;203389;43.3;24.7
60;2021-06-20;1430;1934;358969;205323;43.5;24.9
60;2021-06-21;1408;4039;360377;209362;43.7;25.4
60;2021-06-22;1759;5292;362136;214654;43.9;26.0
60;2021-06-23;1859;5239;363995;219893;44.1;26.7
60;2021-06-24;1806;5603;365801;225496;44.3;27.3
60;2021-06-25;1902;5728;367703;231224;44.6;28.0
60;2021-06-26;1855;6981;369558;238205;44.8;28.9
60;2021-06-27;714;2593;370272;240798;44.9;29.2
60;2021-06-28;1780;4143;372052;244941;45.1;29.7
60;2021-06-29;2009;5465;374061;250406;45.3;30.3
60;2021-06-30;2285;5356;376346;255762;45.6;31.0
60;2021-07-01;1884;4920;378230;260682;45.8;31.6
60;2021-07-02;2365;5881;380595;266563;46.1;32.3
60;2021-07-03;2398;6169;382993;272732;46.4;33.1
60;2021-07-04;792;2726;383785;275458;46.5;33.4
60;2021-07-05;1651;4397;385436;279855;46.7;33.9
60;2021-07-06;2139;4497;387575;284352;47.0;34.5
60;2021-07-07;2171;5119;389746;289471;47.2;35.1
60;2021-07-08;2669;4695;392415;294166;47.6;35.7
60;2021-07-09;2637;5558;395052;299724;47.9;36.3
60;2021-07-10;2574;5875;397626;305599;48.2;37.0
60;2021-07-11;1214;1946;398840;307545;48.3;37.3
60;2021-07-12;1427;4752;400267;312297;48.5;37.9
60;2021-07-13;2907;5028;403174;317325;48.9;38.5
60;2021-07-14;2574;1408;405748;318733;49.2;38.6
60;2021-07-15;3425;4873;409173;323606;49.6;39.2
60;2021-07-16;3674;5243;412847;328849;50.0;39.9
60;2021-07-17;4068;5136;416915;333985;50.5;40.5
60;2021-07-18;2180;2122;419095;336107;50.8;40.7
60;2021-07-19;2531;3901;421626;340008;51.1;41.2
60;2021-07-20;4170;4902;425796;344910;51.6;41.8
60;2021-07-21;4312;4270;430108;349180;52.1;42.3
60;2021-07-22;4617;4328;434725;353508;52.7;42.8
60;2021-07-23;4963;4889;439688;358397;53.3;43.4
60;2021-07-24;4301;4663;443989;363060;53.8;44.0
60;2021-07-25;2596;1818;446585;364878;54.1;44.2
60;2021-07-26;3359;3756;449944;368634;54.5;44.7
60;2021-07-27;4412;4625;454356;373259;55.1;45.2
60;2021-07-28;4525;3757;458881;377016;55.6;45.7
60;2021-07-29;4886;3694;463767;380710;56.2;46.1
60;2021-07-30;4998;4243;468765;384953;56.8;46.7
60;2021-07-31;4047;3947;472812;388900;57.3;47.1
60;2021-08-01;1679;857;474491;389757;57.5;47.2
60;2021-08-02;3161;2738;477652;392495;57.9;47.6
60;2021-08-03;3575;2882;481227;395377;58.3;47.9
60;2021-08-04;3290;2778;484517;398155;58.7;48.3
60;2021-08-05;3014;2246;487531;400401;59.1;48.5
60;2021-08-06;3810;3049;491341;403450;59.6;48.9
60;2021-08-07;3363;3053;494704;406503;60.0;49.3
60;2021-08-08;1532;894;496236;407397;60.1;49.4
60;2021-08-09;2188;2841;498424;410238;60.4;49.7
61;2020-12-27;0;0;0;0;0.0;0.0
61;2020-12-28;0;0;0;0;0.0;0.0
61;2020-12-29;0;0;0;0;0.0;0.0
61;2020-12-30;0;0;0;0;0.0;0.0
61;2020-12-31;0;0;0;0;0.0;0.0
61;2021-01-01;1;0;1;0;0.0;0.0
61;2021-01-02;1;0;2;0;0.0;0.0
61;2021-01-03;0;0;2;0;0.0;0.0
61;2021-01-04;1;0;3;0;0.0;0.0
61;2021-01-05;3;0;6;0;0.0;0.0
61;2021-01-06;76;0;82;0;0.0;0.0
61;2021-01-07;175;2;257;2;0.1;0.0
61;2021-01-08;406;1;663;3;0.2;0.0
61;2021-01-09;165;1;828;4;0.3;0.0
61;2021-01-10;49;0;877;4;0.3;0.0
61;2021-01-11;396;1;1273;5;0.5;0.0
61;2021-01-12;680;2;1953;7;0.7;0.0
61;2021-01-13;739;1;2692;8;1.0;0.0
61;2021-01-14;528;8;3220;16;1.2;0.0
61;2021-01-15;538;4;3758;20;1.4;0.0
61;2021-01-16;289;1;4047;21;1.5;0.0
61;2021-01-17;832;7;4879;28;1.8;0.0
61;2021-01-18;1913;3;6792;31;2.5;0.0
61;2021-01-19;1321;4;8113;35;2.9;0.0
61;2021-01-20;683;0;8796;35;3.2;0.0
61;2021-01-21;844;1;9640;36;3.5;0.0
61;2021-01-22;764;1;10404;37;3.8;0.0
61;2021-01-23;256;2;10660;39;3.8;0.0
61;2021-01-24;228;0;10888;39;3.9;0.0
61;2021-01-25;578;2;11466;41;4.1;0.0
61;2021-01-26;555;0;12021;41;4.3;0.0
61;2021-01-27;569;14;12590;55;4.5;0.0
61;2021-01-28;464;53;13054;108;4.7;0.0
61;2021-01-29;478;204;13532;312;4.9;0.1
61;2021-01-30;212;3;13744;315;5.0;0.1
61;2021-01-31;106;0;13850;315;5.0;0.1
61;2021-02-01;430;190;14280;505;5.2;0.2
61;2021-02-02;387;424;14667;929;5.3;0.3
61;2021-02-03;412;490;15079;1419;5.4;0.5
61;2021-02-04;388;338;15467;1757;5.6;0.6
61;2021-02-05;538;362;16005;2119;5.8;0.8
61;2021-02-06;196;91;16201;2210;5.9;0.8
61;2021-02-07;45;200;16246;2410;5.9;0.9
61;2021-02-08;540;1409;16786;3819;6.1;1.4
61;2021-02-09;405;808;17191;4627;6.2;1.7
61;2021-02-10;277;560;17468;5187;6.3;1.9
61;2021-02-11;432;563;17900;5750;6.5;2.1
61;2021-02-12;402;737;18302;6487;6.6;2.3
61;2021-02-13;132;431;18434;6918;6.7;2.5
61;2021-02-14;2;315;18436;7233;6.7;2.6
61;2021-02-15;171;846;18607;8079;6.7;2.9
61;2021-02-16;203;682;18810;8761;6.8;3.2
61;2021-02-17;44;639;18854;9400;6.8;3.4
61;2021-02-18;161;527;19015;9927;6.9;3.6
61;2021-02-19;101;391;19116;10318;6.9;3.7
61;2021-02-20;40;240;19156;10558;6.9;3.8
61;2021-02-21;1;155;19157;10713;6.9;3.9
61;2021-02-22;88;567;19245;11280;7.0;4.1
61;2021-02-23;114;495;19359;11775;7.0;4.3
61;2021-02-24;173;572;19532;12347;7.1;4.5
61;2021-02-25;265;446;19797;12793;7.1;4.6
61;2021-02-26;266;464;20063;13257;7.2;4.8
61;2021-02-27;109;225;20172;13482;7.3;4.9
61;2021-02-28;4;120;20176;13602;7.3;4.9
61;2021-03-01;217;610;20393;14212;7.4;5.1
61;2021-03-02;148;699;20541;14911;7.4;5.4
61;2021-03-03;142;448;20683;15359;7.5;5.5
61;2021-03-04;431;445;21114;15804;7.6;5.7
61;2021-03-05;701;295;21815;16099;7.9;5.8
61;2021-03-06;435;230;22250;16329;8.0;5.9
61;2021-03-07;154;2;22404;16331;8.1;5.9
61;2021-03-08;299;314;22703;16645;8.2;6.0
61;2021-03-09;622;185;23325;16830;8.4;6.1
61;2021-03-10;672;181;23997;17011;8.7;6.1
61;2021-03-11;1119;128;25116;17139;9.1;6.2
61;2021-03-12;1467;99;26583;17238;9.6;6.2
61;2021-03-13;772;52;27355;17290;9.9;6.2
61;2021-03-14;226;3;27581;17293;10.0;6.2
61;2021-03-15;814;33;28395;17326;10.3;6.3
61;2021-03-16;720;22;29115;17348;10.5;6.3
61;2021-03-17;760;12;29875;17360;10.8;6.3
61;2021-03-18;857;23;30732;17383;11.1;6.3
61;2021-03-19;1026;46;31758;17429;11.5;6.3
61;2021-03-20;470;14;32228;17443;11.6;6.3
61;2021-03-21;71;2;32299;17445;11.7;6.3
61;2021-03-22;796;86;33095;17531;12.0;6.3
61;2021-03-23;920;39;34015;17570;12.3;6.3
61;2021-03-24;1372;65;35387;17635;12.8;6.4
61;2021-03-25;1875;58;37262;17693;13.5;6.4
61;2021-03-26;1795;39;39057;17732;14.1;6.4
61;2021-03-27;1083;17;40140;17749;14.5;6.4
61;2021-03-28;359;9;40499;17758;14.6;6.4
61;2021-03-29;1271;180;41770;17938;15.1;6.5
61;2021-03-30;1471;93;43241;18031;15.6;6.5
61;2021-03-31;1686;47;44927;18078;16.2;6.5
61;2021-04-01;2048;222;46975;18300;17.0;6.6
61;2021-04-02;1516;426;48491;18726;17.5;6.8
61;2021-04-03;638;288;49129;19014;17.7;6.9
61;2021-04-04;193;1;49322;19015;17.8;6.9
61;2021-04-05;532;8;49854;19023;18.0;6.9
61;2021-04-06;1354;619;51208;19642;18.5;7.1
61;2021-04-07;1697;663;52905;20305;19.1;7.3
61;2021-04-08;2268;824;55173;21129;19.9;7.6
61;2021-04-09;2134;833;57307;21962;20.7;7.9
61;2021-04-10;1534;484;58841;22446;21.2;8.1
61;2021-04-11;238;197;59079;22643;21.3;8.2
61;2021-04-12;1289;735;60368;23378;21.8;8.4
61;2021-04-13;1741;704;62109;24082;22.4;8.7
61;2021-04-14;1730;783;63839;24865;23.1;9.0
61;2021-04-15;2266;777;66105;25642;23.9;9.3
61;2021-04-16;2224;684;68329;26326;24.7;9.5
61;2021-04-17;1486;319;69815;26645;25.2;9.6
61;2021-04-18;538;99;70353;26744;25.4;9.7
61;2021-04-19;938;745;71291;27489;25.7;9.9
61;2021-04-20;1525;783;72816;28272;26.3;10.2
61;2021-04-21;1351;1039;74167;29311;26.8;10.6
61;2021-04-22;1293;1216;75460;30527;27.3;11.0
61;2021-04-23;1217;1150;76677;31677;27.7;11.4
61;2021-04-24;1437;816;78114;32493;28.2;11.7
61;2021-04-25;361;330;78475;32823;28.3;11.9
61;2021-04-26;669;1141;79144;33964;28.6;12.3
61;2021-04-27;1464;1141;80608;35105;29.1;12.7
61;2021-04-28;1387;1387;81995;36492;29.6;13.2
61;2021-04-29;1252;1858;83247;38350;30.1;13.8
61;2021-04-30;1720;1170;84967;39520;30.7;14.3
61;2021-05-01;788;320;85755;39840;31.0;14.4
61;2021-05-02;438;223;86193;40063;31.1;14.5
61;2021-05-03;842;1247;87035;41310;31.4;14.9
61;2021-05-04;1326;1751;88361;43061;31.9;15.6
61;2021-05-05;1013;2028;89374;45089;32.3;16.3
61;2021-05-06;1771;2210;91145;47299;32.9;17.1
61;2021-05-07;1380;1965;92525;49264;33.4;17.8
61;2021-05-08;926;471;93451;49735;33.7;18.0
61;2021-05-09;393;291;93844;50026;33.9;18.1
61;2021-05-10;987;1754;94831;51780;34.2;18.7
61;2021-05-11;1374;1513;96205;53293;34.7;19.2
61;2021-05-12;1870;1588;98075;54881;35.4;19.8
61;2021-05-13;889;490;98964;55371;35.7;20.0
61;2021-05-14;1851;1193;100815;56564;36.4;20.4
61;2021-05-15;2096;1117;102911;57681;37.2;20.8
61;2021-05-16;984;300;103895;57981;37.5;20.9
61;2021-05-17;1311;913;105206;58894;38.0;21.3
61;2021-05-18;2423;891;107629;59785;38.9;21.6
61;2021-05-19;2402;800;110031;60585;39.7;21.9
61;2021-05-20;2214;810;112245;61395;40.5;22.2
61;2021-05-21;2148;856;114393;62251;41.3;22.5
61;2021-05-22;1778;717;116171;62968;42.0;22.7
61;2021-05-23;714;53;116885;63021;42.2;22.8
61;2021-05-24;913;110;117798;63131;42.5;22.8
61;2021-05-25;1992;920;119790;64051;43.3;23.1
61;2021-05-26;2036;927;121826;64978;44.0;23.5
61;2021-05-27;2039;1094;123865;66072;44.7;23.9
61;2021-05-28;2052;1377;125917;67449;45.5;24.4
61;2021-05-29;1462;554;127379;68003;46.0;24.6
61;2021-05-30;450;44;127829;68047;46.2;24.6
61;2021-05-31;1560;937;129389;68984;46.7;24.9
61;2021-06-01;1873;1387;131262;70371;47.4;25.4
61;2021-06-02;1674;1135;132936;71506;48.0;25.8
61;2021-06-03;2248;1109;135184;72615;48.8;26.2
61;2021-06-04;1895;1344;137079;73959;49.5;26.7
61;2021-06-05;1667;1238;138746;75197;50.1;27.2
61;2021-06-06;318;229;139064;75426;50.2;27.2
61;2021-06-07;2188;868;141252;76294;51.0;27.6
61;2021-06-08;1846;1570;143098;77864;51.7;28.1
61;2021-06-09;1974;1184;145072;79048;52.4;28.5
61;2021-06-10;1972;1188;147044;80236;53.1;29.0
61;2021-06-11;1820;1576;148864;81812;53.8;29.5
61;2021-06-12;1424;998;150288;82810;54.3;29.9
61;2021-06-13;340;377;150628;83187;54.4;30.0
61;2021-06-14;1106;1188;151734;84375;54.8;30.5
61;2021-06-15;1212;1695;152946;86070;55.2;31.1
61;2021-06-16;1110;1361;154056;87431;55.6;31.6
61;2021-06-17;1018;1729;155074;89160;56.0;32.2
61;2021-06-18;1520;1668;156594;90828;56.6;32.8
61;2021-06-19;1243;1303;157837;92131;57.0;33.3
61;2021-06-20;289;345;158126;92476;57.1;33.4
61;2021-06-21;809;1627;158935;94103;57.4;34.0
61;2021-06-22;1023;1683;159958;95786;57.8;34.6
61;2021-06-23;969;2438;160927;98224;58.1;35.5
61;2021-06-24;649;1358;161576;99582;58.4;36.0
61;2021-06-25;837;2168;162413;101750;58.7;36.7
61;2021-06-26;624;1952;163037;103702;58.9;37.5
61;2021-06-27;139;799;163176;104501;58.9;37.7
61;2021-06-28;478;2247;163654;106748;59.1;38.6
61;2021-06-29;700;2859;164354;109607;59.4;39.6
61;2021-06-30;769;2462;165123;112069;59.6;40.5
61;2021-07-01;632;1693;165755;113762;59.9;41.1
61;2021-07-02;837;2497;166592;116259;60.2;42.0
61;2021-07-03;415;1909;167007;118168;60.3;42.7
61;2021-07-04;73;637;167080;118805;60.3;42.9
61;2021-07-05;686;1775;167766;120580;60.6;43.5
61;2021-07-06;989;2795;168755;123375;60.9;44.6
61;2021-07-07;732;2361;169487;125736;61.2;45.4
61;2021-07-08;839;1948;170326;127684;61.5;46.1
61;2021-07-09;722;2377;171048;130061;61.8;47.0
61;2021-07-10;464;1771;171512;131832;61.9;47.6
61;2021-07-11;241;489;171753;132321;62.0;47.8
61;2021-07-12;434;2293;172187;134614;62.2;48.6
61;2021-07-13;640;2491;172827;137105;62.4;49.5
61;2021-07-14;147;333;172974;137438;62.5;49.6
61;2021-07-15;811;2816;173785;140254;62.8;50.7
61;2021-07-16;962;2574;174747;142828;63.1;51.6
61;2021-07-17;701;2232;175448;145060;63.4;52.4
61;2021-07-18;337;367;175785;145427;63.5;52.5
61;2021-07-19;931;2404;176716;147831;63.8;53.4
61;2021-07-20;1314;2355;178030;150186;64.3;54.2
61;2021-07-21;1495;2179;179525;152365;64.8;55.0
61;2021-07-22;1738;2186;181263;154551;65.5;55.8
61;2021-07-23;1780;2300;183043;156851;66.1;56.6
61;2021-07-24;1444;2001;184487;158852;66.6;57.4
61;2021-07-25;323;394;184810;159246;66.7;57.5
61;2021-07-26;1243;1933;186053;161179;67.2;58.2
61;2021-07-27;2397;1583;188450;162762;68.1;58.8
61;2021-07-28;2436;1340;190886;164102;68.9;59.3
61;2021-07-29;2540;1567;193426;165669;69.9;59.8
61;2021-07-30;2383;1388;195809;167057;70.7;60.3
61;2021-07-31;1278;1295;197087;168352;71.2;60.8
61;2021-08-01;495;257;197582;168609;71.4;60.9
61;2021-08-02;1897;1115;199479;169724;72.0;61.3
61;2021-08-03;2444;907;201923;170631;72.9;61.6
61;2021-08-04;2336;779;204259;171410;73.8;61.9
61;2021-08-05;1895;986;206154;172396;74.4;62.3
61;2021-08-06;2146;1151;208300;173547;75.2;62.7
61;2021-08-07;1414;786;209714;174333;75.7;63.0
61;2021-08-08;444;261;210158;174594;75.9;63.1
61;2021-08-09;1296;1095;211454;175689;76.4;63.4
62;2020-12-27;2;0;2;0;0.0;0.0
62;2020-12-28;2;0;4;0;0.0;0.0
62;2020-12-29;0;0;4;0;0.0;0.0
62;2020-12-30;0;0;4;0;0.0;0.0
62;2020-12-31;0;0;4;0;0.0;0.0
62;2021-01-01;0;0;4;0;0.0;0.0
62;2021-01-02;0;0;4;0;0.0;0.0
62;2021-01-03;0;0;4;0;0.0;0.0
62;2021-01-04;2;0;6;0;0.0;0.0
62;2021-01-05;47;0;53;0;0.0;0.0
62;2021-01-06;123;0;176;0;0.0;0.0
62;2021-01-07;351;0;527;0;0.0;0.0
62;2021-01-08;712;6;1239;6;0.1;0.0
62;2021-01-09;164;1;1403;7;0.1;0.0
62;2021-01-10;84;0;1487;7;0.1;0.0
62;2021-01-11;554;1;2041;8;0.1;0.0
62;2021-01-12;1249;1;3290;9;0.2;0.0
62;2021-01-13;1138;6;4428;15;0.3;0.0
62;2021-01-14;1387;8;5815;23;0.4;0.0
62;2021-01-15;1296;8;7111;31;0.5;0.0
62;2021-01-16;308;3;7419;34;0.5;0.0
62;2021-01-17;107;1;7526;35;0.5;0.0
62;2021-01-18;1663;9;9189;44;0.6;0.0
62;2021-01-19;2099;5;11288;49;0.8;0.0
62;2021-01-20;2055;6;13343;55;0.9;0.0
62;2021-01-21;2228;5;15571;60;1.1;0.0
62;2021-01-22;1832;7;17403;67;1.2;0.0
62;2021-01-23;512;0;17915;67;1.2;0.0
62;2021-01-24;0;0;17915;67;1.2;0.0
62;2021-01-25;1280;6;19195;73;1.3;0.0
62;2021-01-26;1540;15;20735;88;1.4;0.0
62;2021-01-27;1489;175;22224;263;1.5;0.0
62;2021-01-28;4148;346;26372;609;1.8;0.0
62;2021-01-29;2023;335;28395;944;2.0;0.1
62;2021-01-30;159;154;28554;1098;2.0;0.1
62;2021-01-31;22;3;28576;1101;2.0;0.1
62;2021-02-01;46;359;28622;1460;2.0;0.1
62;2021-02-02;59;787;28681;2247;2.0;0.2
62;2021-02-03;44;630;28725;2877;2.0;0.2
62;2021-02-04;81;822;28806;3699;2.0;0.3
62;2021-02-05;79;753;28885;4452;2.0;0.3
62;2021-02-06;26;195;28911;4647;2.0;0.3
62;2021-02-07;237;27;29148;4674;2.0;0.3
62;2021-02-08;130;845;29278;5519;2.0;0.4
62;2021-02-09;226;1099;29504;6618;2.0;0.5
62;2021-02-10;383;1173;29887;7791;2.1;0.5
62;2021-02-11;723;1003;30610;8794;2.1;0.6
62;2021-02-12;966;784;31576;9578;2.2;0.7
62;2021-02-13;159;270;31735;9848;2.2;0.7
62;2021-02-14;0;0;31735;9848;2.2;0.7
62;2021-02-15;665;1275;32400;11123;2.2;0.8
62;2021-02-16;920;1786;33320;12909;2.3;0.9
62;2021-02-17;1074;2127;34394;15036;2.4;1.0
62;2021-02-18;2210;3800;36604;18836;2.5;1.3
62;2021-02-19;2306;2543;38910;21379;2.7;1.5
62;2021-02-20;613;480;39523;21859;2.7;1.5
62;2021-02-21;87;49;39610;21908;2.7;1.5
62;2021-02-22;847;971;40457;22879;2.8;1.6
62;2021-02-23;1419;1218;41876;24097;2.9;1.7
62;2021-02-24;1544;644;43420;24741;3.0;1.7
62;2021-02-25;3167;415;46587;25156;3.2;1.7
62;2021-02-26;2908;337;49495;25493;3.4;1.8
62;2021-02-27;1830;94;51325;25587;3.5;1.8
62;2021-02-28;52;42;51377;25629;3.5;1.8
62;2021-03-01;1320;118;52697;25747;3.6;1.8
62;2021-03-02;3152;173;55849;25920;3.8;1.8
62;2021-03-03;3267;122;59116;26042;4.1;1.8
62;2021-03-04;3806;207;62922;26249;4.3;1.8
62;2021-03-05;4644;215;67566;26464;4.7;1.8
62;2021-03-06;9617;241;77183;26705;5.3;1.8
62;2021-03-07;8073;206;85256;26911;5.9;1.9
62;2021-03-08;2194;255;87450;27166;6.0;1.9
62;2021-03-09;3803;379;91253;27545;6.3;1.9
62;2021-03-10;4229;604;95482;28149;6.6;1.9
62;2021-03-11;5992;1525;101474;29674;7.0;2.0
62;2021-03-12;6633;1408;108107;31082;7.4;2.1
62;2021-03-13;14715;786;122822;31868;8.5;2.2
62;2021-03-14;9581;374;132403;32242;9.1;2.2
62;2021-03-15;3764;1018;136167;33260;9.4;2.3
62;2021-03-16;2734;851;138901;34111;9.6;2.3
62;2021-03-17;2805;723;141706;34834;9.8;2.4
62;2021-03-18;2723;933;144429;35767;9.9;2.5
62;2021-03-19;4780;914;149209;36681;10.3;2.5
62;2021-03-20;11060;584;160269;37265;11.0;2.6
62;2021-03-21;9445;345;169714;37610;11.7;2.6
62;2021-03-22;2939;1104;172653;38714;11.9;2.7
62;2021-03-23;4993;1501;177646;40215;12.2;2.8
62;2021-03-24;4691;1413;182337;41628;12.6;2.9
62;2021-03-25;6552;1478;188889;43106;13.0;3.0
62;2021-03-26;7051;1486;195940;44592;13.5;3.1
62;2021-03-27;12588;723;208528;45315;14.4;3.1
62;2021-03-28;6938;271;215466;45586;14.8;3.1
62;2021-03-29;3472;1205;218938;46791;15.1;3.2
62;2021-03-30;4549;2203;223487;48994;15.4;3.4
62;2021-03-31;4222;2467;227709;51461;15.7;3.5
62;2021-04-01;4971;2767;232680;54228;16.0;3.7
62;2021-04-02;5067;3229;237747;57457;16.4;4.0
62;2021-04-03;8206;3335;245953;60792;16.9;4.2
62;2021-04-04;4578;1924;250531;62716;17.2;4.3
62;2021-04-05;943;466;251474;63182;17.3;4.3
62;2021-04-06;4123;2999;255597;66181;17.6;4.6
62;2021-04-07;5043;3503;260640;69684;17.9;4.8
62;2021-04-08;6482;3977;267122;73661;18.4;5.1
62;2021-04-09;7622;3470;274744;77131;18.9;5.3
62;2021-04-10;6633;8063;281377;85194;19.4;5.9
62;2021-04-11;2810;6901;284187;92095;19.6;6.3
62;2021-04-12;3420;2371;287607;94466;19.8;6.5
62;2021-04-13;6170;3153;293777;97619;20.2;6.7
62;2021-04-14;5302;3061;299079;100680;20.6;6.9
62;2021-04-15;5738;2981;304817;103661;21.0;7.1
62;2021-04-16;5419;3187;310236;106848;21.4;7.4
62;2021-04-17;4361;7358;314597;114206;21.7;7.9
62;2021-04-18;1958;6851;316555;121057;21.8;8.3
62;2021-04-19;2778;1926;319333;122983;22.0;8.5
62;2021-04-20;4147;3885;323480;126868;22.3;8.7
62;2021-04-21;3749;3982;327229;130850;22.5;9.0
62;2021-04-22;3945;5186;331174;136036;22.8;9.4
62;2021-04-23;4055;5305;335229;141341;23.1;9.7
62;2021-04-24;4406;6724;339635;148065;23.4;10.2
62;2021-04-25;1908;3500;341543;151565;23.5;10.4
62;2021-04-26;2223;2430;343766;153995;23.7;10.6
62;2021-04-27;4411;3701;348177;157696;24.0;10.9
62;2021-04-28;4588;4351;352765;162047;24.3;11.2
62;2021-04-29;4787;5873;357552;167920;24.6;11.6
62;2021-04-30;5212;5706;362764;173626;25.0;12.0
62;2021-05-01;5729;3467;368493;177093;25.4;12.2
62;2021-05-02;7820;3134;376313;180227;25.9;12.4
62;2021-05-03;4503;2337;380816;182564;26.2;12.6
62;2021-05-04;5395;4982;386211;187546;26.6;12.9
62;2021-05-05;4729;4838;390940;192384;26.9;13.2
62;2021-05-06;5623;4941;396563;197325;27.3;13.6
62;2021-05-07;7681;4678;404244;202003;27.8;13.9
62;2021-05-08;10645;2301;414889;204304;28.6;14.1
62;2021-05-09;8627;1634;423516;205938;29.2;14.2
62;2021-05-10;4869;4015;428385;209953;29.5;14.5
62;2021-05-11;6409;5036;434794;214989;29.9;14.8
62;2021-05-12;8621;4606;443415;219595;30.5;15.1
62;2021-05-13;9997;1479;453412;221074;31.2;15.2
62;2021-05-14;11878;3398;465290;224472;32.0;15.5
62;2021-05-15;19782;3269;485072;227741;33.4;15.7
62;2021-05-16;16395;1407;501467;229148;34.5;15.8
62;2021-05-17;8181;2658;509648;231806;35.1;16.0
62;2021-05-18;9328;3124;518976;234930;35.7;16.2
62;2021-05-19;8616;2919;527592;237849;36.3;16.4
62;2021-05-20;8341;3845;535933;241694;36.9;16.6
62;2021-05-21;9398;4219;545331;245913;37.5;16.9
62;2021-05-22;17872;3524;563203;249437;38.8;17.2
62;2021-05-23;12378;1142;575581;250579;39.6;17.2
62;2021-05-24;3910;586;579491;251165;39.9;17.3
62;2021-05-25;7221;4086;586712;255251;40.4;17.6
62;2021-05-26;6776;4910;593488;260161;40.9;17.9
62;2021-05-27;6383;5690;599871;265851;41.3;18.3
62;2021-05-28;6520;6766;606391;272617;41.7;18.8
62;2021-05-29;10852;5543;617243;278160;42.5;19.1
62;2021-05-30;4037;983;621280;279143;42.8;19.2
62;2021-05-31;4795;3973;626075;283116;43.1;19.5
62;2021-06-01;6520;6528;632595;289644;43.5;19.9
62;2021-06-02;7428;5806;640023;295450;44.1;20.3
62;2021-06-03;7855;5887;647878;301337;44.6;20.7
62;2021-06-04;7904;6249;655782;307586;45.1;21.2
62;2021-06-05;8274;6230;664056;313816;45.7;21.6
62;2021-06-06;3126;1289;667182;315105;45.9;21.7
62;2021-06-07;4619;3761;671801;318866;46.2;21.9
62;2021-06-08;6207;5894;678008;324760;46.7;22.4
62;2021-06-09;5494;4764;683502;329524;47.0;22.7
62;2021-06-10;5207;5881;688709;335405;47.4;23.1
62;2021-06-11;6212;8874;694921;344279;47.8;23.7
62;2021-06-12;5935;8648;700856;352927;48.2;24.3
62;2021-06-13;3228;3791;704084;356718;48.5;24.6
62;2021-06-14;2607;6776;706691;363494;48.6;25.0
62;2021-06-15;4672;8541;711363;372035;49.0;25.6
62;2021-06-16;5080;7424;716443;379459;49.3;26.1
62;2021-06-17;5234;8037;721677;387496;49.7;26.7
62;2021-06-18;4818;10486;726495;397982;50.0;27.4
62;2021-06-19;5797;13441;732292;411423;50.4;28.3
62;2021-06-20;2100;4371;734392;415794;50.6;28.6
62;2021-06-21;2970;8930;737362;424724;50.8;29.2
62;2021-06-22;3429;10169;740791;434893;51.0;29.9
62;2021-06-23;3387;10319;744178;445212;51.2;30.6
62;2021-06-24;3341;11784;747519;456996;51.5;31.5
62;2021-06-25;3720;15768;751239;472764;51.7;32.5
62;2021-06-26;3545;18426;754784;491190;52.0;33.8
62;2021-06-27;1119;9820;755903;501010;52.0;34.5
62;2021-06-28;1922;8872;757825;509882;52.2;35.1
62;2021-06-29;2963;11458;760788;521340;52.4;35.9
62;2021-06-30;4138;10803;764926;532143;52.7;36.6
62;2021-07-01;4462;10473;769388;542616;53.0;37.4
62;2021-07-02;4143;11970;773531;554586;53.2;38.2
62;2021-07-03;2989;18054;776520;572640;53.5;39.4
62;2021-07-04;1441;9189;777961;581829;53.5;40.0
62;2021-07-05;2410;6925;780371;588754;53.7;40.5
62;2021-07-06;3814;10020;784185;598774;54.0;41.2
62;2021-07-07;3911;8914;788096;607688;54.2;41.8
62;2021-07-08;5241;9102;793337;616790;54.6;42.5
62;2021-07-09;4406;10855;797743;627645;54.9;43.2
62;2021-07-10;4927;11887;802670;639532;55.3;44.0
62;2021-07-11;1333;2087;804003;641619;55.3;44.2
62;2021-07-12;2314;7140;806317;648759;55.5;44.7
62;2021-07-13;5147;12164;811464;660923;55.9;45.5
62;2021-07-14;3621;3160;815085;664083;56.1;45.7
62;2021-07-15;7548;11520;822633;675603;56.6;46.5
62;2021-07-16;7581;11061;830214;686664;57.1;47.3
62;2021-07-17;9635;10294;839849;696958;57.8;48.0
62;2021-07-18;2701;3460;842550;700418;58.0;48.2
62;2021-07-19;5988;7017;848538;707435;58.4;48.7
62;2021-07-20;7888;10719;856426;718154;59.0;49.4
62;2021-07-21;9711;9405;866137;727559;59.6;50.1
62;2021-07-22;9737;9005;875874;736564;60.3;50.7
62;2021-07-23;10570;8404;886444;744968;61.0;51.3
62;2021-07-24;9617;10293;896061;755261;61.7;52.0
62;2021-07-25;5520;1852;901581;757113;62.1;52.1
62;2021-07-26;6204;5380;907785;762493;62.5;52.5
62;2021-07-27;9702;8120;917487;770613;63.2;53.0
62;2021-07-28;10296;7475;927783;778088;63.9;53.6
62;2021-07-29;11834;7624;939617;785712;64.7;54.1
62;2021-07-30;9006;6275;948623;791987;65.3;54.5
62;2021-07-31;6589;4006;955212;795993;65.8;54.8
62;2021-08-01;2331;1094;957543;797087;65.9;54.9
62;2021-08-02;6805;4727;964348;801814;66.4;55.2
62;2021-08-03;8562;7436;972910;809250;67.0;55.7
62;2021-08-04;9411;5420;982321;814670;67.6;56.1
62;2021-08-05;8314;5586;990635;820256;68.2;56.5
62;2021-08-06;7269;5905;997904;826161;68.7;56.9
62;2021-08-07;5433;4921;1003337;831082;69.1;57.2
62;2021-08-08;1869;1292;1005206;832374;69.2;57.3
62;2021-08-09;5168;5003;1010374;837377;69.5;57.6
63;2020-12-27;0;0;0;0;0.0;0.0
63;2020-12-28;1;0;1;0;0.0;0.0
63;2020-12-29;0;0;1;0;0.0;0.0
63;2020-12-30;0;0;1;0;0.0;0.0
63;2020-12-31;0;0;1;0;0.0;0.0
63;2021-01-01;1;0;2;0;0.0;0.0
63;2021-01-02;0;0;2;0;0.0;0.0
63;2021-01-03;1;0;3;0;0.0;0.0
63;2021-01-04;0;0;3;0;0.0;0.0
63;2021-01-05;1;0;4;0;0.0;0.0
63;2021-01-06;4;1;8;1;0.0;0.0
63;2021-01-07;310;0;318;1;0.0;0.0
63;2021-01-08;214;0;532;1;0.1;0.0
63;2021-01-09;91;0;623;1;0.1;0.0
63;2021-01-10;81;0;704;1;0.1;0.0
63;2021-01-11;423;0;1127;1;0.2;0.0
63;2021-01-12;644;1;1771;2;0.3;0.0
63;2021-01-13;849;3;2620;5;0.4;0.0
63;2021-01-14;525;8;3145;13;0.5;0.0
63;2021-01-15;430;2;3575;15;0.5;0.0
63;2021-01-16;157;0;3732;15;0.6;0.0
63;2021-01-17;133;0;3865;15;0.6;0.0
63;2021-01-18;612;2;4477;17;0.7;0.0
63;2021-01-19;863;2;5340;19;0.8;0.0
63;2021-01-20;1044;1;6384;20;1.0;0.0
63;2021-01-21;1007;3;7391;23;1.1;0.0
63;2021-01-22;968;3;8359;26;1.3;0.0
63;2021-01-23;192;0;8551;26;1.3;0.0
63;2021-01-24;163;1;8714;27;1.3;0.0
63;2021-01-25;807;1;9521;28;1.4;0.0
63;2021-01-26;963;2;10484;30;1.6;0.0
63;2021-01-27;1000;5;11484;35;1.7;0.0
63;2021-01-28;1319;67;12803;102;1.9;0.0
63;2021-01-29;1066;66;13869;168;2.1;0.0
63;2021-01-30;68;0;13937;168;2.1;0.0
63;2021-01-31;6;0;13943;168;2.1;0.0
63;2021-02-01;571;182;14514;350;2.2;0.1
63;2021-02-02;885;234;15399;584;2.3;0.1
63;2021-02-03;1471;282;16870;866;2.6;0.1
63;2021-02-04;2118;513;18988;1379;2.9;0.2
63;2021-02-05;1145;272;20133;1651;3.0;0.3
63;2021-02-06;117;0;20250;1651;3.1;0.3
63;2021-02-07;9;1;20259;1652;3.1;0.3
63;2021-02-08;538;408;20797;2060;3.1;0.3
63;2021-02-09;671;436;21468;2496;3.3;0.4
63;2021-02-10;606;601;22074;3097;3.3;0.5
63;2021-02-11;753;468;22827;3565;3.5;0.5
63;2021-02-12;823;810;23650;4375;3.6;0.7
63;2021-02-13;82;1;23732;4376;3.6;0.7
63;2021-02-14;0;65;23732;4441;3.6;0.7
63;2021-02-15;203;791;23935;5232;3.6;0.8
63;2021-02-16;411;1138;24346;6370;3.7;1.0
63;2021-02-17;348;877;24694;7247;3.7;1.1
63;2021-02-18;607;826;25301;8073;3.8;1.2
63;2021-02-19;447;975;25748;9048;3.9;1.4
63;2021-02-20;36;32;25784;9080;3.9;1.4
63;2021-02-21;2;17;25786;9097;3.9;1.4
63;2021-02-22;292;933;26078;10030;3.9;1.5
63;2021-02-23;580;1141;26658;11171;4.0;1.7
63;2021-02-24;698;1425;27356;12596;4.1;1.9
63;2021-02-25;1600;1665;28956;14261;4.4;2.2
63;2021-02-26;1625;1367;30581;15628;4.6;2.4
63;2021-02-27;642;67;31223;15695;4.7;2.4
63;2021-02-28;4;178;31227;15873;4.7;2.4
63;2021-03-01;586;520;31813;16393;4.8;2.5
63;2021-03-02;905;801;32718;17194;5.0;2.6
63;2021-03-03;1035;723;33753;17917;5.1;2.7
63;2021-03-04;1752;495;35505;18412;5.4;2.8
63;2021-03-05;2612;686;38117;19098;5.8;2.9
63;2021-03-06;1550;47;39667;19145;6.0;2.9
63;2021-03-07;511;17;40178;19162;6.1;2.9
63;2021-03-08;967;648;41145;19810;6.2;3.0
63;2021-03-09;1539;1064;42684;20874;6.5;3.2
63;2021-03-10;1649;611;44333;21485;6.7;3.3
63;2021-03-11;3051;887;47384;22372;7.2;3.4
63;2021-03-12;3511;382;50895;22754;7.7;3.4
63;2021-03-13;2049;81;52944;22835;8.0;3.5
63;2021-03-14;61;21;53005;22856;8.0;3.5
63;2021-03-15;1751;364;54756;23220;8.3;3.5
63;2021-03-16;1742;413;56498;23633;8.6;3.6
63;2021-03-17;1638;680;58136;24313;8.8;3.7
63;2021-03-18;1936;743;60072;25056;9.1;3.8
63;2021-03-19;2738;492;62810;25548;9.5;3.9
63;2021-03-20;1121;67;63931;25615;9.7;3.9
63;2021-03-21;50;45;63981;25660;9.7;3.9
63;2021-03-22;1984;257;65965;25917;10.0;3.9
63;2021-03-23;2882;362;68847;26279;10.4;4.0
63;2021-03-24;3219;339;72066;26618;10.9;4.0
63;2021-03-25;4593;384;76659;27002;11.6;4.1
63;2021-03-26;4689;560;81348;27562;12.3;4.2
63;2021-03-27;2454;228;83802;27790;12.7;4.2
63;2021-03-28;1047;82;84849;27872;12.9;4.2
63;2021-03-29;2480;515;87329;28387;13.2;4.3
63;2021-03-30;3282;625;90611;29012;13.7;4.4
63;2021-03-31;2965;749;93576;29761;14.2;4.5
63;2021-04-01;3836;529;97412;30290;14.8;4.6
63;2021-04-02;3483;711;100895;31001;15.3;4.7
63;2021-04-03;1171;182;102066;31183;15.5;4.7
63;2021-04-04;877;26;102943;31209;15.6;4.7
63;2021-04-05;803;85;103746;31294;15.7;4.7
63;2021-04-06;2473;936;106219;32230;16.1;4.9
63;2021-04-07;3207;868;109426;33098;16.6;5.0
63;2021-04-08;4720;1210;114146;34308;17.3;5.2
63;2021-04-09;5313;992;119459;35300;18.1;5.3
63;2021-04-10;2221;478;121680;35778;18.4;5.4
63;2021-04-11;834;37;122514;35815;18.6;5.4
63;2021-04-12;1614;1312;124128;37127;18.8;5.6
63;2021-04-13;1987;1969;126115;39096;19.1;5.9
63;2021-04-14;2628;1435;128743;40531;19.5;6.1
63;2021-04-15;3789;1530;132532;42061;20.1;6.4
63;2021-04-16;2840;2156;135372;44217;20.5;6.7
63;2021-04-17;1233;672;136605;44889;20.7;6.8
63;2021-04-18;802;60;137407;44949;20.8;6.8
63;2021-04-19;1655;2106;139062;47055;21.1;7.1
63;2021-04-20;1700;2301;140762;49356;21.3;7.5
63;2021-04-21;1515;2404;142277;51760;21.5;7.8
63;2021-04-22;1913;2267;144190;54027;21.8;8.2
63;2021-04-23;2018;3113;146208;57140;22.1;8.7
63;2021-04-24;1192;1128;147400;58268;22.3;8.8
63;2021-04-25;554;413;147954;58681;22.4;8.9
63;2021-04-26;1438;2242;149392;60923;22.6;9.2
63;2021-04-27;2312;2611;151704;63534;23.0;9.6
63;2021-04-28;2331;3163;154035;66697;23.3;10.1
63;2021-04-29;2870;2838;156905;69535;23.8;10.5
63;2021-04-30;2862;2820;159767;72355;24.2;11.0
63;2021-05-01;1127;1050;160894;73405;24.4;11.1
63;2021-05-02;897;640;161791;74045;24.5;11.2
63;2021-05-03;2686;2247;164477;76292;24.9;11.6
63;2021-05-04;2877;2676;167354;78968;25.3;12.0
63;2021-05-05;2937;3121;170291;82089;25.8;12.4
63;2021-05-06;3669;3053;173960;85142;26.3;12.9
63;2021-05-07;4032;3541;177992;88683;27.0;13.4
63;2021-05-08;1998;653;179990;89336;27.3;13.5
63;2021-05-09;1802;608;181792;89944;27.5;13.6
63;2021-05-10;4198;2763;185990;92707;28.2;14.0
63;2021-05-11;5337;2758;191327;95465;29.0;14.5
63;2021-05-12;5266;2902;196593;98367;29.8;14.9
63;2021-05-13;4131;698;200724;99065;30.4;15.0
63;2021-05-14;4768;1511;205492;100576;31.1;15.2
63;2021-05-15;3721;984;209213;101560;31.7;15.4
63;2021-05-16;3519;443;212732;102003;32.2;15.4
63;2021-05-17;3896;1988;216628;103991;32.8;15.8
63;2021-05-18;5119;1615;221747;105606;33.6;16.0
63;2021-05-19;5217;1618;226964;107224;34.4;16.2
63;2021-05-20;6795;2082;233759;109306;35.4;16.6
63;2021-05-21;6253;2326;240012;111632;36.4;16.9
63;2021-05-22;3352;846;243364;112478;36.9;17.0
63;2021-05-23;2383;245;245747;112723;37.2;17.1
63;2021-05-24;2638;580;248385;113303;37.6;17.2
63;2021-05-25;4265;2644;252650;115947;38.3;17.6
63;2021-05-26;5449;2414;258099;118361;39.1;17.9
63;2021-05-27;6495;2800;264594;121161;40.1;18.4
63;2021-05-28;5417;3895;270011;125056;40.9;18.9
63;2021-05-29;3360;1503;273371;126559;41.4;19.2
63;2021-05-30;1579;217;274950;126776;41.6;19.2
63;2021-05-31;4148;2283;279098;129059;42.3;19.5
63;2021-06-01;3802;2958;282900;132017;42.8;20.0
63;2021-06-02;3883;2522;286783;134539;43.4;20.4
63;2021-06-03;4901;3145;291684;137684;44.2;20.9
63;2021-06-04;5096;3623;296780;141307;45.0;21.4
63;2021-06-05;2810;1743;299590;143050;45.4;21.7
63;2021-06-06;1307;697;300897;143747;45.6;21.8
63;2021-06-07;3163;2516;304060;146263;46.1;22.2
63;2021-06-08;2877;2754;306937;149017;46.5;22.6
63;2021-06-09;3021;2275;309958;151292;46.9;22.9
63;2021-06-10;3218;2690;313176;153982;47.4;23.3
63;2021-06-11;3098;4049;316274;158031;47.9;23.9
63;2021-06-12;1636;1970;317910;160001;48.2;24.2
63;2021-06-13;479;1096;318389;161097;48.2;24.4
63;2021-06-14;1823;3474;320212;164571;48.5;24.9
63;2021-06-15;2208;3475;322420;168046;48.8;25.5
63;2021-06-16;2568;3313;324988;171359;49.2;26.0
63;2021-06-17;2392;4303;327380;175662;49.6;26.6
63;2021-06-18;2470;5828;329850;181490;50.0;27.5
63;2021-06-19;1628;2831;331478;184321;50.2;27.9
63;2021-06-20;671;2439;332149;186760;50.3;28.3
63;2021-06-21;1270;5388;333419;192148;50.5;29.1
63;2021-06-22;1232;5539;334651;197687;50.7;29.9
63;2021-06-23;1527;4758;336178;202445;50.9;30.7
63;2021-06-24;1925;5382;338103;207827;51.2;31.5
63;2021-06-25;1743;5901;339846;213728;51.5;32.4
63;2021-06-26;1069;3351;340915;217079;51.6;32.9
63;2021-06-27;709;3486;341624;220565;51.7;33.4
63;2021-06-28;1137;5662;342761;226227;51.9;34.3
63;2021-06-29;1225;5159;343986;231386;52.1;35.0
63;2021-06-30;1598;5289;345584;236675;52.3;35.8
63;2021-07-01;1909;8066;347493;244741;52.6;37.1
63;2021-07-02;2047;6541;349540;251282;52.9;38.1
63;2021-07-03;955;2926;350495;254208;53.1;38.5
63;2021-07-04;1042;1883;351537;256091;53.2;38.8
63;2021-07-05;1519;6278;353056;262369;53.5;39.7
63;2021-07-06;1598;4798;354654;267167;53.7;40.5
63;2021-07-07;1964;4083;356618;271250;54.0;41.1
63;2021-07-08;2203;4588;358821;275838;54.3;41.8
63;2021-07-09;1921;5719;360742;281557;54.6;42.6
63;2021-07-10;1525;3411;362267;284968;54.9;43.2
63;2021-07-11;904;1533;363171;286501;55.0;43.4
63;2021-07-12;1575;8703;364746;295204;55.2;44.7
63;2021-07-13;3582;6141;368328;301345;55.8;45.6
63;2021-07-14;3607;1788;371935;303133;56.3;45.9
63;2021-07-15;4380;5032;376315;308165;57.0;46.7
63;2021-07-16;4664;5785;380979;313950;57.7;47.6
63;2021-07-17;3000;2469;383979;316419;58.2;47.9
63;2021-07-18;2816;1088;386795;317507;58.6;48.1
63;2021-07-19;3978;4849;390773;322356;59.2;48.8
63;2021-07-20;4679;5446;395452;327802;59.9;49.6
63;2021-07-21;4747;3976;400199;331778;60.6;50.3
63;2021-07-22;5474;4385;405673;336163;61.4;50.9
63;2021-07-23;5116;4646;410789;340809;62.2;51.6
63;2021-07-24;3632;1945;414421;342754;62.8;51.9
63;2021-07-25;3017;1426;417438;344180;63.2;52.1
63;2021-07-26;3987;3220;421425;347400;63.8;52.6
63;2021-07-27;3852;3142;425277;350542;64.4;53.1
63;2021-07-28;3804;2710;429081;353252;65.0;53.5
63;2021-07-29;4382;3147;433463;356399;65.7;54.0
63;2021-07-30;3784;3569;437247;359968;66.2;54.5
63;2021-07-31;2103;1703;439350;361671;66.5;54.8
63;2021-08-01;1191;829;440541;362500;66.7;54.9
63;2021-08-02;2214;3068;442755;365568;67.1;55.4
63;2021-08-03;2714;3257;445469;368825;67.5;55.9
63;2021-08-04;2792;3231;448261;372056;67.9;56.4
63;2021-08-05;2402;3472;450663;375528;68.3;56.9
63;2021-08-06;2342;4142;453005;379670;68.6;57.5
63;2021-08-07;1295;2793;454300;382463;68.8;57.9
63;2021-08-08;320;1203;454620;383666;68.9;58.1
63;2021-08-09;1817;4201;456437;387867;69.1;58.7
64;2020-12-27;1;0;1;0;0.0;0.0
64;2020-12-28;2;0;3;0;0.0;0.0
64;2020-12-29;0;0;3;0;0.0;0.0
64;2020-12-30;0;0;3;0;0.0;0.0
64;2020-12-31;0;0;3;0;0.0;0.0
64;2021-01-01;0;0;3;0;0.0;0.0
64;2021-01-02;0;0;3;0;0.0;0.0
64;2021-01-03;0;0;3;0;0.0;0.0
64;2021-01-04;29;0;32;0;0.0;0.0
64;2021-01-05;25;0;57;0;0.0;0.0
64;2021-01-06;188;0;245;0;0.0;0.0
64;2021-01-07;839;0;1084;0;0.2;0.0
64;2021-01-08;879;2;1963;2;0.3;0.0
64;2021-01-09;54;0;2017;2;0.3;0.0
64;2021-01-10;0;0;2017;2;0.3;0.0
64;2021-01-11;540;0;2557;2;0.4;0.0
64;2021-01-12;759;2;3316;4;0.5;0.0
64;2021-01-13;865;2;4181;6;0.6;0.0
64;2021-01-14;1045;3;5226;9;0.8;0.0
64;2021-01-15;929;5;6155;14;0.9;0.0
64;2021-01-16;68;0;6223;14;0.9;0.0
64;2021-01-17;5;0;6228;14;0.9;0.0
64;2021-01-18;942;8;7170;22;1.0;0.0
64;2021-01-19;1441;4;8611;26;1.3;0.0
64;2021-01-20;1617;2;10228;28;1.5;0.0
64;2021-01-21;2602;2;12830;30;1.9;0.0
64;2021-01-22;1648;3;14478;33;2.1;0.0
64;2021-01-23;524;1;15002;34;2.2;0.0
64;2021-01-24;88;0;15090;34;2.2;0.0
64;2021-01-25;971;8;16061;42;2.4;0.0
64;2021-01-26;1355;21;17416;63;2.5;0.0
64;2021-01-27;1240;120;18656;183;2.7;0.0
64;2021-01-28;1648;634;20304;817;3.0;0.1
64;2021-01-29;972;653;21276;1470;3.1;0.2
64;2021-01-30;467;59;21743;1529;3.2;0.2
64;2021-01-31;91;0;21834;1529;3.2;0.2
64;2021-02-01;674;312;22508;1841;3.3;0.3
64;2021-02-02;1132;555;23640;2396;3.5;0.4
64;2021-02-03;1041;630;24681;3026;3.6;0.4
64;2021-02-04;1029;535;25710;3561;3.8;0.5
64;2021-02-05;866;456;26576;4017;3.9;0.6
64;2021-02-06;500;34;27076;4051;4.0;0.6
64;2021-02-07;131;4;27207;4055;4.0;0.6
64;2021-02-08;769;310;27976;4365;4.1;0.6
64;2021-02-09;947;712;28923;5077;4.2;0.7
64;2021-02-10;912;803;29835;5880;4.4;0.9
64;2021-02-11;1201;1489;31036;7369;4.5;1.1
64;2021-02-12;1075;1067;32111;8436;4.7;1.2
64;2021-02-13;225;321;32336;8757;4.7;1.3
64;2021-02-14;36;47;32372;8804;4.7;1.3
64;2021-02-15;221;1129;32593;9933;4.8;1.5
64;2021-02-16;258;1406;32851;11339;4.8;1.7
64;2021-02-17;289;1251;33140;12590;4.9;1.8
64;2021-02-18;507;1719;33647;14309;4.9;2.1
64;2021-02-19;415;1290;34062;15599;5.0;2.3
64;2021-02-20;119;438;34181;16037;5.0;2.3
64;2021-02-21;20;83;34201;16120;5.0;2.4
64;2021-02-22;475;986;34676;17106;5.1;2.5
64;2021-02-23;720;1145;35396;18251;5.2;2.7
64;2021-02-24;731;1016;36127;19267;5.3;2.8
64;2021-02-25;1093;954;37220;20221;5.4;3.0
64;2021-02-26;1217;916;38437;21137;5.6;3.1
64;2021-02-27;864;405;39301;21542;5.8;3.2
64;2021-02-28;42;84;39343;21626;5.8;3.2
64;2021-03-01;763;799;40106;22425;5.9;3.3
64;2021-03-02;1077;916;41183;23341;6.0;3.4
64;2021-03-03;1248;1004;42431;24345;6.2;3.6
64;2021-03-04;1878;1187;44309;25532;6.5;3.7
64;2021-03-05;2194;1068;46503;26600;6.8;3.9
64;2021-03-06;1542;519;48045;27119;7.0;4.0
64;2021-03-07;594;111;48639;27230;7.1;4.0
64;2021-03-08;1533;766;50172;27996;7.3;4.1
64;2021-03-09;2067;850;52239;28846;7.6;4.2
64;2021-03-10;2080;760;54319;29606;8.0;4.3
64;2021-03-11;2969;1075;57288;30681;8.4;4.5
64;2021-03-12;3484;593;60772;31274;8.9;4.6
64;2021-03-13;2254;168;63026;31442;9.2;4.6
64;2021-03-14;232;15;63258;31457;9.3;4.6
64;2021-03-15;2332;226;65590;31683;9.6;4.6
64;2021-03-16;1985;264;67575;31947;9.9;4.7
64;2021-03-17;2068;233;69643;32180;10.2;4.7
64;2021-03-18;2459;203;72102;32383;10.6;4.7
64;2021-03-19;3011;281;75113;32664;11.0;4.8
64;2021-03-20;2466;87;77579;32751;11.4;4.8
64;2021-03-21;1276;24;78855;32775;11.5;4.8
64;2021-03-22;2587;550;81442;33325;11.9;4.9
64;2021-03-23;3196;651;84638;33976;12.4;5.0
64;2021-03-24;3564;699;88202;34675;12.9;5.1
64;2021-03-25;4350;805;92552;35480;13.5;5.2
64;2021-03-26;4419;696;96971;36176;14.2;5.3
64;2021-03-27;2969;422;99940;36598;14.6;5.4
64;2021-03-28;521;56;100461;36654;14.7;5.4
64;2021-03-29;3025;883;103486;37537;15.1;5.5
64;2021-03-30;4133;867;107619;38404;15.8;5.6
64;2021-03-31;3588;781;111207;39185;16.3;5.7
64;2021-04-01;4776;929;115983;40114;17.0;5.9
64;2021-04-02;4437;740;120420;40854;17.6;6.0
64;2021-04-03;2059;582;122479;41436;17.9;6.1
64;2021-04-04;305;49;122784;41485;18.0;6.1
64;2021-04-05;1688;139;124472;41624;18.2;6.1
64;2021-04-06;3654;1387;128126;43011;18.8;6.3
64;2021-04-07;3947;1509;132073;44520;19.3;6.5
64;2021-04-08;5190;1592;137263;46112;20.1;6.7
64;2021-04-09;5891;1629;143154;47741;21.0;7.0
64;2021-04-10;3220;1042;146374;48783;21.4;7.1
64;2021-04-11;443;251;146817;49034;21.5;7.2
64;2021-04-12;4042;1857;150859;50891;22.1;7.4
64;2021-04-13;4461;2159;155320;53050;22.7;7.8
64;2021-04-14;4087;2131;159407;55181;23.3;8.1
64;2021-04-15;4396;2296;163803;57477;24.0;8.4
64;2021-04-16;4293;2256;168096;59733;24.6;8.7
64;2021-04-17;2478;1498;170574;61231;25.0;9.0
64;2021-04-18;1095;1182;171669;62413;25.1;9.1
64;2021-04-19;2729;2445;174398;64858;25.5;9.5
64;2021-04-20;3207;2423;177605;67281;26.0;9.8
64;2021-04-21;3216;2565;180821;69846;26.5;10.2
64;2021-04-22;3387;2776;184208;72622;27.0;10.6
64;2021-04-23;3432;2597;187640;75219;27.5;11.0
64;2021-04-24;2067;1586;189707;76805;27.8;11.2
64;2021-04-25;290;237;189997;77042;27.8;11.3
64;2021-04-26;2658;2651;192655;79693;28.2;11.7
64;2021-04-27;3059;3130;195714;82823;28.6;12.1
64;2021-04-28;3602;3059;199316;85882;29.2;12.6
64;2021-04-29;4649;3450;203965;89332;29.9;13.1
64;2021-04-30;4074;3609;208039;92941;30.5;13.6
64;2021-05-01;1480;1030;209519;93971;30.7;13.8
64;2021-05-02;447;325;209966;94296;30.7;13.8
64;2021-05-03;2909;3490;212875;97786;31.2;14.3
64;2021-05-04;3645;3985;216520;101771;31.7;14.9
64;2021-05-05;3362;4016;219882;105787;32.2;15.5
64;2021-05-06;4110;3984;223992;109771;32.8;16.1
64;2021-05-07;3915;4191;227907;113962;33.4;16.7
64;2021-05-08;2619;1234;230526;115196;33.7;16.9
64;2021-05-09;719;306;231245;115502;33.8;16.9
64;2021-05-10;2863;4235;234108;119737;34.3;17.5
64;2021-05-11;4183;4153;238291;123890;34.9;18.1
64;2021-05-12;4484;3941;242775;127831;35.5;18.7
64;2021-05-13;3198;885;245973;128716;36.0;18.8
64;2021-05-14;5139;3149;251112;131865;36.8;19.3
64;2021-05-15;3525;1867;254637;133732;37.3;19.6
64;2021-05-16;498;225;255135;133957;37.3;19.6
64;2021-05-17;4190;2380;259325;136337;38.0;20.0
64;2021-05-18;5165;2301;264490;138638;38.7;20.3
64;2021-05-19;4978;2163;269468;140801;39.4;20.6
64;2021-05-20;5567;2158;275035;142959;40.3;20.9
64;2021-05-21;5265;2246;280300;145205;41.0;21.3
64;2021-05-22;3581;1507;283881;146712;41.6;21.5
64;2021-05-23;431;207;284312;146919;41.6;21.5
64;2021-05-24;2996;1233;287308;148152;42.1;21.7
64;2021-05-25;4333;2846;291641;150998;42.7;22.1
64;2021-05-26;4352;2715;295993;153713;43.3;22.5
64;2021-05-27;5284;3153;301277;156866;44.1;23.0
64;2021-05-28;4609;3432;305886;160298;44.8;23.5
64;2021-05-29;2810;2115;308696;162413;45.2;23.8
64;2021-05-30;436;204;309132;162617;45.2;23.8
64;2021-05-31;3892;3666;313024;166283;45.8;24.3
64;2021-06-01;5333;3562;318357;169845;46.6;24.9
64;2021-06-02;4939;3180;323296;173025;47.3;25.3
64;2021-06-03;6363;3266;329659;176291;48.3;25.8
64;2021-06-04;5142;4553;334801;180844;49.0;26.5
64;2021-06-05;3482;2524;338283;183368;49.5;26.8
64;2021-06-06;2014;329;340297;183697;49.8;26.9
64;2021-06-07;4127;4329;344424;188026;50.4;27.5
64;2021-06-08;5154;4123;349578;192149;51.2;28.1
64;2021-06-09;5151;3651;354729;195800;51.9;28.7
64;2021-06-10;6173;3139;360902;198939;52.8;29.1
64;2021-06-11;5586;4867;366488;203806;53.6;29.8
64;2021-06-12;3947;2326;370435;206132;54.2;30.2
64;2021-06-13;1555;392;371990;206524;54.5;30.2
64;2021-06-14;3672;4788;375662;211312;55.0;30.9
64;2021-06-15;4575;4707;380237;216019;55.7;31.6
64;2021-06-16;4471;4660;384708;220679;56.3;32.3
64;2021-06-17;3639;4303;388347;224982;56.8;32.9
64;2021-06-18;4424;5171;392771;230153;57.5;33.7
64;2021-06-19;2979;3280;395750;233433;57.9;34.2
64;2021-06-20;880;539;396630;233972;58.1;34.2
64;2021-06-21;2312;5128;398942;239100;58.4;35.0
64;2021-06-22;2558;5730;401500;244830;58.8;35.8
64;2021-06-23;3101;5474;404601;250304;59.2;36.6
64;2021-06-24;2718;3805;407319;254109;59.6;37.2
64;2021-06-25;2901;6434;410220;260543;60.0;38.1
64;2021-06-26;1798;3834;412018;264377;60.3;38.7
64;2021-06-27;492;713;412510;265090;60.4;38.8
64;2021-06-28;1928;6064;414438;271154;60.7;39.7
64;2021-06-29;1951;6261;416389;277415;60.9;40.6
64;2021-06-30;2251;6001;418640;283416;61.3;41.5
64;2021-07-01;2408;5339;421048;288755;61.6;42.3
64;2021-07-02;2293;6403;423341;295158;62.0;43.2
64;2021-07-03;1261;3783;424602;298941;62.2;43.8
64;2021-07-04;409;847;425011;299788;62.2;43.9
64;2021-07-05;1372;5410;426383;305198;62.4;44.7
64;2021-07-06;1987;6151;428370;311349;62.7;45.6
64;2021-07-07;2058;5747;430428;317096;63.0;46.4
64;2021-07-08;1798;4393;432226;321489;63.3;47.1
64;2021-07-09;1815;6532;434041;328021;63.5;48.0
64;2021-07-10;1167;3881;435208;331902;63.7;48.6
64;2021-07-11;252;859;435460;332761;63.7;48.7
64;2021-07-12;1494;6088;436954;338849;64.0;49.6
64;2021-07-13;2357;7250;439311;346099;64.3;50.7
64;2021-07-14;2364;3389;441675;349488;64.7;51.2
64;2021-07-15;2092;5479;443767;354967;65.0;52.0
64;2021-07-16;2826;6773;446593;361740;65.4;53.0
64;2021-07-17;2328;4582;448921;366322;65.7;53.6
64;2021-07-18;707;2051;449628;368373;65.8;53.9
64;2021-07-19;2330;6122;451958;374495;66.2;54.8
64;2021-07-20;3104;6551;455062;381046;66.6;55.8
64;2021-07-21;3308;6046;458370;387092;67.1;56.7
64;2021-07-22;3785;5712;462155;392804;67.6;57.5
64;2021-07-23;3709;5604;465864;398408;68.2;58.3
64;2021-07-24;2530;4423;468394;402831;68.6;59.0
64;2021-07-25;750;1058;469144;403889;68.7;59.1
64;2021-07-26;3062;5120;472206;409009;69.1;59.9
64;2021-07-27;4218;5130;476424;414139;69.7;60.6
64;2021-07-28;4273;4581;480697;418720;70.4;61.3
64;2021-07-29;5485;3875;486182;422595;71.2;61.9
64;2021-07-30;5062;4199;491244;426794;71.9;62.5
64;2021-07-31;3145;3338;494389;430132;72.4;63.0
64;2021-08-01;1140;580;495529;430712;72.5;63.0
64;2021-08-02;4324;2632;499853;433344;73.2;63.4
64;2021-08-03;4501;3150;504354;436494;73.8;63.9
64;2021-08-04;4092;2981;508446;439475;74.4;64.3
64;2021-08-05;3970;2606;512416;442081;75.0;64.7
64;2021-08-06;3800;3334;516216;445415;75.6;65.2
64;2021-08-07;2473;2701;518689;448116;75.9;65.6
64;2021-08-08;487;607;519176;448723;76.0;65.7
64;2021-08-09;2640;3185;521816;451908;76.4;66.1
65;2020-12-27;0;0;0;0;0.0;0.0
65;2020-12-28;0;0;0;0;0.0;0.0
65;2020-12-29;0;0;0;0;0.0;0.0
65;2020-12-30;0;0;0;0;0.0;0.0
65;2020-12-31;0;0;0;0;0.0;0.0
65;2021-01-01;0;0;0;0;0.0;0.0
65;2021-01-02;0;0;0;0;0.0;0.0
65;2021-01-03;0;0;0;0;0.0;0.0
65;2021-01-04;0;0;0;0;0.0;0.0
65;2021-01-05;1;0;1;0;0.0;0.0
65;2021-01-06;3;0;4;0;0.0;0.0
65;2021-01-07;167;0;171;0;0.1;0.0
65;2021-01-08;253;1;424;1;0.2;0.0
65;2021-01-09;175;1;599;2;0.3;0.0
65;2021-01-10;1;0;600;2;0.3;0.0
65;2021-01-11;275;3;875;5;0.4;0.0
65;2021-01-12;272;1;1147;6;0.5;0.0
65;2021-01-13;587;1;1734;7;0.8;0.0
65;2021-01-14;577;5;2311;12;1.0;0.0
65;2021-01-15;527;2;2838;14;1.3;0.0
65;2021-01-16;221;2;3059;16;1.3;0.0
65;2021-01-17;1;0;3060;16;1.3;0.0
65;2021-01-18;550;6;3610;22;1.6;0.0
65;2021-01-19;570;2;4180;24;1.8;0.0
65;2021-01-20;584;3;4764;27;2.1;0.0
65;2021-01-21;584;0;5348;27;2.4;0.0
65;2021-01-22;596;0;5944;27;2.6;0.0
65;2021-01-23;174;1;6118;28;2.7;0.0
65;2021-01-24;3;1;6121;29;2.7;0.0
65;2021-01-25;550;4;6671;33;2.9;0.0
65;2021-01-26;880;2;7551;35;3.3;0.0
65;2021-01-27;588;12;8139;47;3.6;0.0
65;2021-01-28;504;71;8643;118;3.8;0.1
65;2021-01-29;426;138;9069;256;4.0;0.1
65;2021-01-30;183;74;9252;330;4.1;0.1
65;2021-01-31;15;0;9267;330;4.1;0.1
65;2021-02-01;320;90;9587;420;4.2;0.2
65;2021-02-02;418;195;10005;615;4.4;0.3
65;2021-02-03;463;245;10468;860;4.6;0.4
65;2021-02-04;307;333;10775;1193;4.8;0.5
65;2021-02-05;283;362;11058;1555;4.9;0.7
65;2021-02-06;99;103;11157;1658;4.9;0.7
65;2021-02-07;10;0;11167;1658;4.9;0.7
65;2021-02-08;425;222;11592;1880;5.1;0.8
65;2021-02-09;271;380;11863;2260;5.2;1.0
65;2021-02-10;296;272;12159;2532;5.4;1.1
65;2021-02-11;320;273;12479;2805;5.5;1.2
65;2021-02-12;277;232;12756;3037;5.6;1.3
65;2021-02-13;124;97;12880;3134;5.7;1.4
65;2021-02-14;2;16;12882;3150;5.7;1.4
65;2021-02-15;202;415;13084;3565;5.8;1.6
65;2021-02-16;489;582;13573;4147;6.0;1.8
65;2021-02-17;229;499;13802;4646;6.1;2.0
65;2021-02-18;285;587;14087;5233;6.2;2.3
65;2021-02-19;155;479;14242;5712;6.3;2.5
65;2021-02-20;53;158;14295;5870;6.3;2.6
65;2021-02-21;3;48;14298;5918;6.3;2.6
65;2021-02-22;166;540;14464;6458;6.4;2.8
65;2021-02-23;247;528;14711;6986;6.5;3.1
65;2021-02-24;232;638;14943;7624;6.6;3.4
65;2021-02-25;211;179;15154;7803;6.7;3.4
65;2021-02-26;350;775;15504;8578;6.8;3.8
65;2021-02-27;106;202;15610;8780;6.9;3.9
65;2021-02-28;1;0;15611;8780;6.9;3.9
65;2021-03-01;375;374;15986;9154;7.0;4.0
65;2021-03-02;452;360;16438;9514;7.2;4.2
65;2021-03-03;380;390;16818;9904;7.4;4.4
65;2021-03-04;695;329;17513;10233;7.7;4.5
65;2021-03-05;678;285;18191;10518;8.0;4.6
65;2021-03-06;1184;83;19375;10601;8.5;4.7
65;2021-03-07;258;11;19633;10612;8.7;4.7
65;2021-03-08;412;344;20045;10956;8.8;4.8
65;2021-03-09;668;333;20713;11289;9.1;5.0
65;2021-03-10;625;370;21338;11659;9.4;5.1
65;2021-03-11;781;356;22119;12015;9.8;5.3
65;2021-03-12;1057;189;23176;12204;10.2;5.4
65;2021-03-13;353;92;23529;12296;10.4;5.4
65;2021-03-14;3;31;23532;12327;10.4;5.4
65;2021-03-15;814;183;24346;12510;10.7;5.5
65;2021-03-16;692;217;25038;12727;11.0;5.6
65;2021-03-17;709;207;25747;12934;11.4;5.7
65;2021-03-18;532;232;26279;13166;11.6;5.8
65;2021-03-19;877;162;27156;13328;12.0;5.9
65;2021-03-20;244;45;27400;13373;12.1;5.9
65;2021-03-21;11;2;27411;13375;12.1;5.9
65;2021-03-22;734;154;28145;13529;12.4;6.0
65;2021-03-23;835;367;28980;13896;12.8;6.1
65;2021-03-24;868;252;29848;14148;13.2;6.2
65;2021-03-25;1250;191;31098;14339;13.7;6.3
65;2021-03-26;1220;138;32318;14477;14.2;6.4
65;2021-03-27;1357;84;33675;14561;14.8;6.4
65;2021-03-28;1;2;33676;14563;14.8;6.4
65;2021-03-29;1492;357;35168;14920;15.5;6.6
65;2021-03-30;1357;404;36525;15324;16.1;6.8
65;2021-03-31;1204;367;37729;15691;16.6;6.9
65;2021-04-01;1510;397;39239;16088;17.3;7.1
65;2021-04-02;1682;287;40921;16375;18.0;7.2
65;2021-04-03;247;43;41168;16418;18.1;7.2
65;2021-04-04;4;2;41172;16420;18.2;7.2
65;2021-04-05;158;44;41330;16464;18.2;7.3
65;2021-04-06;1289;493;42619;16957;18.8;7.5
65;2021-04-07;1954;448;44573;17405;19.6;7.7
65;2021-04-08;1634;411;46207;17816;20.4;7.9
65;2021-04-09;1644;470;47851;18286;21.1;8.1
65;2021-04-10;1588;144;49439;18430;21.8;8.1
65;2021-04-11;3;0;49442;18430;21.8;8.1
65;2021-04-12;1348;736;50790;19166;22.4;8.4
65;2021-04-13;1575;590;52365;19756;23.1;8.7
65;2021-04-14;1904;740;54269;20496;23.9;9.0
65;2021-04-15;1698;664;55967;21160;24.7;9.3
65;2021-04-16;1825;527;57792;21687;25.5;9.6
65;2021-04-17;2156;125;59948;21812;26.4;9.6
65;2021-04-18;7;27;59955;21839;26.4;9.6
65;2021-04-19;1337;774;61292;22613;27.0;10.0
65;2021-04-20;1525;703;62817;23316;27.7;10.3
65;2021-04-21;1046;1049;63863;24365;28.2;10.7
65;2021-04-22;1644;724;65507;25089;28.9;11.1
65;2021-04-23;1161;1145;66668;26234;29.4;11.6
65;2021-04-24;1263;605;67931;26839;29.9;11.8
65;2021-04-25;31;15;67962;26854;30.0;11.8
65;2021-04-26;1603;1295;69565;28149;30.7;12.4
65;2021-04-27;1424;1334;70989;29483;31.3;13.0
65;2021-04-28;1729;1024;72718;30507;32.1;13.4
65;2021-04-29;1962;1028;74680;31535;32.9;13.9
65;2021-04-30;1781;923;76461;32458;33.7;14.3
65;2021-05-01;1573;221;78034;32679;34.4;14.4
65;2021-05-02;670;22;78704;32701;34.7;14.4
65;2021-05-03;1284;1620;79988;34321;35.3;15.1
65;2021-05-04;1536;1242;81524;35563;35.9;15.7
65;2021-05-05;1373;1644;82897;37207;36.5;16.4
65;2021-05-06;1556;1178;84453;38385;37.2;16.9
65;2021-05-07;1273;1568;85726;39953;37.8;17.6
65;2021-05-08;1648;439;87374;40392;38.5;17.8
65;2021-05-09;0;90;87374;40482;38.5;17.8
65;2021-05-10;951;1882;88325;42364;38.9;18.7
65;2021-05-11;1058;1811;89383;44175;39.4;19.5
65;2021-05-12;1234;1635;90617;45810;39.9;20.2
65;2021-05-13;1343;166;91960;45976;40.5;20.3
65;2021-05-14;1576;1095;93536;47071;41.2;20.8
65;2021-05-15;1400;510;94936;47581;41.9;21.0
65;2021-05-16;1444;70;96380;47651;42.5;21.0
65;2021-05-17;1037;1615;97417;49266;42.9;21.7
65;2021-05-18;1611;1205;99028;50471;43.7;22.2
65;2021-05-19;1685;1004;100713;51475;44.4;22.7
65;2021-05-20;1844;1050;102557;52525;45.2;23.2
65;2021-05-21;1790;1234;104347;53759;46.0;23.7
65;2021-05-22;1287;637;105634;54396;46.6;24.0
65;2021-05-23;690;32;106324;54428;46.9;24.0
65;2021-05-24;703;77;107027;54505;47.2;24.0
65;2021-05-25;1356;1545;108383;56050;47.8;24.7
65;2021-05-26;1472;1355;109855;57405;48.4;25.3
65;2021-05-27;1620;1457;111475;58862;49.1;25.9
65;2021-05-28;1598;1674;113073;60536;49.8;26.7
65;2021-05-29;1186;1512;114259;62048;50.4;27.4
65;2021-05-30;6;10;114265;62058;50.4;27.4
65;2021-05-31;1323;1300;115588;63358;51.0;27.9
65;2021-06-01;1832;932;117420;64290;51.8;28.3
65;2021-06-02;1575;949;118995;65239;52.5;28.8
65;2021-06-03;1340;1102;120335;66341;53.0;29.2
65;2021-06-04;1789;1562;122124;67903;53.8;29.9
65;2021-06-05;433;1239;122557;69142;54.0;30.5
65;2021-06-06;3;13;122560;69155;54.0;30.5
65;2021-06-07;672;1983;123232;71138;54.3;31.4
65;2021-06-08;956;1537;124188;72675;54.7;32.0
65;2021-06-09;823;1548;125011;74223;55.1;32.7
65;2021-06-10;740;1155;125751;75378;55.4;33.2
65;2021-06-11;910;1808;126661;77186;55.8;34.0
65;2021-06-12;150;639;126811;77825;55.9;34.3
65;2021-06-13;5;7;126816;77832;55.9;34.3
65;2021-06-14;502;2421;127318;80253;56.1;35.4
65;2021-06-15;939;1804;128257;82057;56.5;36.2
65;2021-06-16;1063;1368;129320;83425;57.0;36.8
65;2021-06-17;813;1045;130133;84470;57.4;37.2
65;2021-06-18;1017;1631;131150;86101;57.8;38.0
65;2021-06-19;689;1688;131839;87789;58.1;38.7
65;2021-06-20;2;2;131841;87791;58.1;38.7
65;2021-06-21;741;1938;132582;89729;58.4;39.6
65;2021-06-22;1043;1479;133625;91208;58.9;40.2
65;2021-06-23;1064;1234;134689;92442;59.4;40.8
65;2021-06-24;957;1142;135646;93584;59.8;41.3
65;2021-06-25;830;1966;136476;95550;60.2;42.1
65;2021-06-26;169;1658;136645;97208;60.2;42.9
65;2021-06-27;15;1101;136660;98309;60.2;43.3
65;2021-06-28;444;2302;137104;100611;60.4;44.4
65;2021-06-29;683;1914;137787;102525;60.7;45.2
65;2021-06-30;931;1679;138718;104204;61.2;45.9
65;2021-07-01;602;748;139320;104952;61.4;46.3
65;2021-07-02;1165;1731;140485;106683;61.9;47.0
65;2021-07-03;193;1915;140678;108598;62.0;47.9
65;2021-07-04;415;182;141093;108780;62.2;48.0
65;2021-07-05;640;1993;141733;110773;62.5;48.8
65;2021-07-06;889;2123;142622;112896;62.9;49.8
65;2021-07-07;965;1514;143587;114410;63.3;50.4
65;2021-07-08;325;662;143912;115072;63.4;50.7
65;2021-07-09;545;1592;144457;116664;63.7;51.4
65;2021-07-10;292;956;144749;117620;63.8;51.9
65;2021-07-11;0;0;144749;117620;63.8;51.9
65;2021-07-12;475;2223;145224;119843;64.0;52.8
65;2021-07-13;689;2149;145913;121992;64.3;53.8
65;2021-07-14;209;50;146122;122042;64.4;53.8
65;2021-07-15;1025;1660;147147;123702;64.9;54.5
65;2021-07-16;1173;1878;148320;125580;65.4;55.4
65;2021-07-17;417;539;148737;126119;65.6;55.6
65;2021-07-18;22;12;148759;126131;65.6;55.6
65;2021-07-19;627;1494;149386;127625;65.9;56.3
65;2021-07-20;1415;1696;150801;129321;66.5;57.0
65;2021-07-21;1371;1654;152172;130975;67.1;57.7
65;2021-07-22;2130;1277;154302;132252;68.0;58.3
65;2021-07-23;1571;1789;155873;134041;68.7;59.1
65;2021-07-24;1028;647;156901;134688;69.2;59.4
65;2021-07-25;21;21;156922;134709;69.2;59.4
65;2021-07-26;1110;1242;158032;135951;69.7;59.9
65;2021-07-27;1754;1956;159786;137907;70.4;60.8
65;2021-07-28;1560;1312;161346;139219;71.1;61.4
65;2021-07-29;2807;1121;164153;140340;72.4;61.9
65;2021-07-30;2391;1391;166544;141731;73.4;62.5
65;2021-07-31;2204;343;168748;142074;74.4;62.6
65;2021-08-01;14;16;168762;142090;74.4;62.6
65;2021-08-02;924;830;169686;142920;74.8;63.0
65;2021-08-03;2011;1052;171697;143972;75.7;63.5
65;2021-08-04;1759;627;173456;144599;76.5;63.7
65;2021-08-05;1771;824;175227;145423;77.2;64.1
65;2021-08-06;1601;955;176828;146378;78.0;64.5
65;2021-08-07;718;478;177546;146856;78.3;64.7
65;2021-08-08;2;9;177548;146865;78.3;64.7
65;2021-08-09;649;932;178197;147797;78.6;65.2
66;2020-12-27;0;0;0;0;0.0;0.0
66;2020-12-28;2;0;2;0;0.0;0.0
66;2020-12-29;0;0;2;0;0.0;0.0
66;2020-12-30;0;0;2;0;0.0;0.0
66;2020-12-31;1;0;3;0;0.0;0.0
66;2021-01-01;1;0;4;0;0.0;0.0
66;2021-01-02;0;0;4;0;0.0;0.0
66;2021-01-03;0;0;4;0;0.0;0.0
66;2021-01-04;30;0;34;0;0.0;0.0
66;2021-01-05;135;0;169;0;0.0;0.0
66;2021-01-06;195;0;364;0;0.1;0.0
66;2021-01-07;180;0;544;0;0.1;0.0
66;2021-01-08;212;0;756;0;0.2;0.0
66;2021-01-09;232;0;988;0;0.2;0.0
66;2021-01-10;11;0;999;0;0.2;0.0
66;2021-01-11;404;2;1403;2;0.3;0.0
66;2021-01-12;587;2;1990;4;0.4;0.0
66;2021-01-13;877;6;2867;10;0.6;0.0
66;2021-01-14;892;11;3759;21;0.8;0.0
66;2021-01-15;586;1;4345;22;0.9;0.0
66;2021-01-16;106;2;4451;24;0.9;0.0
66;2021-01-17;46;1;4497;25;0.9;0.0
66;2021-01-18;654;2;5151;27;1.1;0.0
66;2021-01-19;716;3;5867;30;1.2;0.0
66;2021-01-20;1168;3;7035;33;1.5;0.0
66;2021-01-21;2402;3;9437;36;2.0;0.0
66;2021-01-22;1437;8;10874;44;2.3;0.0
66;2021-01-23;399;3;11273;47;2.4;0.0
66;2021-01-24;226;9;11499;56;2.4;0.0
66;2021-01-25;737;40;12236;96;2.6;0.0
66;2021-01-26;785;68;13021;164;2.7;0.0
66;2021-01-27;865;104;13886;268;2.9;0.1
66;2021-01-28;872;128;14758;396;3.1;0.1
66;2021-01-29;816;126;15574;522;3.3;0.1
66;2021-01-30;480;70;16054;592;3.4;0.1
66;2021-01-31;202;27;16256;619;3.4;0.1
66;2021-02-01;562;189;16818;808;3.5;0.2
66;2021-02-02;619;290;17437;1098;3.6;0.2
66;2021-02-03;736;629;18173;1727;3.8;0.4
66;2021-02-04;688;621;18861;2348;3.9;0.5
66;2021-02-05;777;417;19638;2765;4.1;0.6
66;2021-02-06;413;147;20051;2912;4.2;0.6
66;2021-02-07;169;139;20220;3051;4.2;0.6
66;2021-02-08;501;393;20721;3444;4.3;0.7
66;2021-02-09;531;401;21252;3845;4.4;0.8
66;2021-02-10;614;772;21866;4617;4.6;1.0
66;2021-02-11;1104;1572;22970;6189;4.8;1.3
66;2021-02-12;1120;1202;24090;7391;5.0;1.5
66;2021-02-13;366;305;24456;7696;5.1;1.6
66;2021-02-14;111;198;24567;7894;5.1;1.6
66;2021-02-15;425;701;24992;8595;5.2;1.8
66;2021-02-16;303;792;25295;9387;5.3;2.0
66;2021-02-17;379;699;25674;10086;5.4;2.1
66;2021-02-18;366;777;26040;10863;5.4;2.3
66;2021-02-19;400;704;26440;11567;5.5;2.4
66;2021-02-20;184;412;26624;11979;5.6;2.5
66;2021-02-21;41;171;26665;12150;5.6;2.5
66;2021-02-22;415;645;27080;12795;5.7;2.7
66;2021-02-23;508;660;27588;13455;5.8;2.8
66;2021-02-24;340;751;27928;14206;5.8;3.0
66;2021-02-25;718;715;28646;14921;6.0;3.1
66;2021-02-26;952;748;29598;15669;6.2;3.3
66;2021-02-27;363;434;29961;16103;6.3;3.4
66;2021-02-28;59;173;30020;16276;6.3;3.4
66;2021-03-01;378;653;30398;16929;6.3;3.5
66;2021-03-02;333;657;30731;17586;6.4;3.7
66;2021-03-03;527;644;31258;18230;6.5;3.8
66;2021-03-04;991;1056;32249;19286;6.7;4.0
66;2021-03-05;1525;796;33774;20082;7.1;4.2
66;2021-03-06;1145;344;34919;20426;7.3;4.3
66;2021-03-07;1097;96;36016;20522;7.5;4.3
66;2021-03-08;695;545;36711;21067;7.7;4.4
66;2021-03-09;1222;593;37933;21660;7.9;4.5
66;2021-03-10;1300;502;39233;22162;8.2;4.6
66;2021-03-11;1475;595;40708;22757;8.5;4.8
66;2021-03-12;2393;581;43101;23338;9.0;4.9
66;2021-03-13;1081;306;44182;23644;9.2;4.9
66;2021-03-14;190;83;44372;23727;9.3;5.0
66;2021-03-15;1108;392;45480;24119;9.5;5.0
66;2021-03-16;952;260;46432;24379;9.7;5.1
66;2021-03-17;866;395;47298;24774;9.9;5.2
66;2021-03-18;968;344;48266;25118;10.1;5.2
66;2021-03-19;1292;317;49558;25435;10.3;5.3
66;2021-03-20;837;121;50395;25556;10.5;5.3
66;2021-03-21;185;44;50580;25600;10.6;5.3
66;2021-03-22;1108;395;51688;25995;10.8;5.4
66;2021-03-23;1756;387;53444;26382;11.2;5.5
66;2021-03-24;1792;517;55236;26899;11.5;5.6
66;2021-03-25;2533;467;57769;27366;12.1;5.7
66;2021-03-26;2578;358;60347;27724;12.6;5.8
66;2021-03-27;1208;295;61555;28019;12.9;5.8
66;2021-03-28;320;3;61875;28022;12.9;5.9
66;2021-03-29;1829;255;63704;28277;13.3;5.9
66;2021-03-30;2238;171;65942;28448;13.8;5.9
66;2021-03-31;1985;251;67927;28699;14.2;6.0
66;2021-04-01;2671;304;70598;29003;14.7;6.1
66;2021-04-02;2418;255;73016;29258;15.2;6.1
66;2021-04-03;1148;335;74164;29593;15.5;6.2
66;2021-04-04;107;127;74271;29720;15.5;6.2
66;2021-04-05;195;141;74466;29861;15.5;6.2
66;2021-04-06;1331;650;75797;30511;15.8;6.4
66;2021-04-07;1395;595;77192;31106;16.1;6.5
66;2021-04-08;2068;546;79260;31652;16.5;6.6
66;2021-04-09;3475;659;82735;32311;17.3;6.7
66;2021-04-10;2306;522;85041;32833;17.8;6.9
66;2021-04-11;1200;166;86241;32999;18.0;6.9
66;2021-04-12;2701;1021;88942;34020;18.6;7.1
66;2021-04-13;3608;1058;92550;35078;19.3;7.3
66;2021-04-14;3291;922;95841;36000;20.0;7.5
66;2021-04-15;3551;1046;99392;37046;20.7;7.7
66;2021-04-16;3591;1034;102983;38080;21.5;7.9
66;2021-04-17;2262;585;105245;38665;22.0;8.1
66;2021-04-18;1445;131;106690;38796;22.3;8.1
66;2021-04-19;2257;1121;108947;39917;22.7;8.3
66;2021-04-20;2370;1080;111317;40997;23.2;8.6
66;2021-04-21;2868;1180;114185;42177;23.8;8.8
66;2021-04-22;2655;1228;116840;43405;24.4;9.1
66;2021-04-23;2379;1234;119219;44639;24.9;9.3
66;2021-04-24;2744;874;121963;45513;25.5;9.5
66;2021-04-25;1207;267;123170;45780;25.7;9.6
66;2021-04-26;1995;1253;125165;47033;26.1;9.8
66;2021-04-27;2748;1298;127913;48331;26.7;10.1
66;2021-04-28;2419;1664;130332;49995;27.2;10.4
66;2021-04-29;2700;2125;133032;52120;27.8;10.9
66;2021-04-30;3055;1558;136087;53678;28.4;11.2
66;2021-05-01;2001;468;138088;54146;28.8;11.3
66;2021-05-02;1529;262;139617;54408;29.1;11.4
66;2021-05-03;2938;1110;142555;55518;29.8;11.6
66;2021-05-04;3170;1343;145725;56861;30.4;11.9
66;2021-05-05;3052;1538;148777;58399;31.1;12.2
66;2021-05-06;3757;2078;152534;60477;31.8;12.6
66;2021-05-07;2966;3082;155500;63559;32.5;13.3
66;2021-05-08;1731;1170;157231;64729;32.8;13.5
66;2021-05-09;887;1372;158118;66101;33.0;13.8
66;2021-05-10;1805;2975;159923;69076;33.4;14.4
66;2021-05-11;2740;3124;162663;72200;34.0;15.1
66;2021-05-12;2429;2569;165092;74769;34.5;15.6
66;2021-05-13;2255;1381;167347;76150;34.9;15.9
66;2021-05-14;2773;2116;170120;78266;35.5;16.3
66;2021-05-15;2329;1576;172449;79842;36.0;16.7
66;2021-05-16;2286;1250;174735;81092;36.5;16.9
66;2021-05-17;2051;1825;176786;82917;36.9;17.3
66;2021-05-18;3237;1806;180023;84723;37.6;17.7
66;2021-05-19;2877;1335;182900;86058;38.2;18.0
66;2021-05-20;4377;1443;187277;87501;39.1;18.3
66;2021-05-21;3268;1460;190545;88961;39.8;18.6
66;2021-05-22;3066;771;193611;89732;40.4;18.7
66;2021-05-23;1510;238;195121;89970;40.7;18.8
66;2021-05-24;1954;426;197075;90396;41.1;18.9
66;2021-05-25;2795;1688;199870;92084;41.7;19.2
66;2021-05-26;2781;1492;202651;93576;42.3;19.5
66;2021-05-27;3384;2255;206035;95831;43.0;20.0
66;2021-05-28;2681;3050;208716;98881;43.6;20.6
66;2021-05-29;2148;1518;210864;100399;44.0;21.0
66;2021-05-30;786;989;211650;101388;44.2;21.2
66;2021-05-31;2120;1786;213770;103174;44.6;21.5
66;2021-06-01;2625;2004;216395;105178;45.2;22.0
66;2021-06-02;2808;2338;219203;107516;45.8;22.4
66;2021-06-03;2479;2973;221682;110489;46.3;23.1
66;2021-06-04;1858;3352;223540;113841;46.7;23.8
66;2021-06-05;1408;2600;224948;116441;47.0;24.3
66;2021-06-06;292;1225;225240;117666;47.0;24.6
66;2021-06-07;1339;2958;226579;120624;47.3;25.2
66;2021-06-08;1739;3019;228318;123643;47.7;25.8
66;2021-06-09;2069;2786;230387;126429;48.1;26.4
66;2021-06-10;2080;2959;232467;129388;48.5;27.0
66;2021-06-11;2096;3866;234563;133254;49.0;27.8
66;2021-06-12;871;2410;235434;135664;49.2;28.3
66;2021-06-13;515;1334;235949;136998;49.3;28.6
66;2021-06-14;1361;3492;237310;140490;49.5;29.3
66;2021-06-15;2129;3572;239439;144062;50.0;30.1
66;2021-06-16;1787;3567;241226;147629;50.4;30.8
66;2021-06-17;2431;3604;243657;151233;50.9;31.6
66;2021-06-18;2226;3821;245883;155054;51.3;32.4
66;2021-06-19;1541;2319;247424;157373;51.7;32.9
66;2021-06-20;995;1260;248419;158633;51.9;33.1
66;2021-06-21;1162;2878;249581;161511;52.1;33.7
66;2021-06-22;1505;3761;251086;165272;52.4;34.5
66;2021-06-23;1324;3026;252410;168298;52.7;35.1
66;2021-06-24;1513;3230;253923;171528;53.0;35.8
66;2021-06-25;1398;3534;255321;175062;53.3;36.5
66;2021-06-26;963;2680;256284;177742;53.5;37.1
66;2021-06-27;678;1556;256962;179298;53.6;37.4
66;2021-06-28;977;2973;257939;182271;53.8;38.1
66;2021-06-29;1140;3794;259079;186065;54.1;38.8
66;2021-06-30;1275;3298;260354;189363;54.4;39.5
66;2021-07-01;1365;4042;261719;193405;54.6;40.4
66;2021-07-02;1313;3604;263032;197009;54.9;41.1
66;2021-07-03;1149;3894;264181;200903;55.2;41.9
66;2021-07-04;717;1791;264898;202694;55.3;42.3
66;2021-07-05;1090;2999;265988;205693;55.5;42.9
66;2021-07-06;1366;3779;267354;209472;55.8;43.7
66;2021-07-07;1385;3248;268739;212720;56.1;44.4
66;2021-07-08;1263;3379;270002;216099;56.4;45.1
66;2021-07-09;1419;3460;271421;219559;56.7;45.8
66;2021-07-10;1000;2404;272421;221963;56.9;46.3
66;2021-07-11;539;1538;272960;223501;57.0;46.7
66;2021-07-12;987;3642;273947;227143;57.2;47.4
66;2021-07-13;2122;4268;276069;231411;57.6;48.3
66;2021-07-14;1944;1228;278013;232639;58.0;48.6
66;2021-07-15;2775;3105;280788;235744;58.6;49.2
66;2021-07-16;3319;3183;284107;238927;59.3;49.9
66;2021-07-17;2111;2029;286218;240956;59.8;50.3
66;2021-07-18;1195;1057;287413;242013;60.0;50.5
66;2021-07-19;2781;3078;290194;245091;60.6;51.2
66;2021-07-20;3627;2876;293821;247967;61.3;51.8
66;2021-07-21;3948;2930;297769;250897;62.2;52.4
66;2021-07-22;3822;2801;301591;253698;63.0;53.0
66;2021-07-23;3864;3025;305455;256723;63.8;53.6
66;2021-07-24;2581;1914;308036;258637;64.3;54.0
66;2021-07-25;2012;1233;310048;259870;64.7;54.3
66;2021-07-26;2761;2622;312809;262492;65.3;54.8
66;2021-07-27;3189;2881;315998;265373;66.0;55.4
66;2021-07-28;3328;2556;319326;267929;66.7;55.9
66;2021-07-29;3820;2517;323146;270446;67.5;56.5
66;2021-07-30;4171;2445;327317;272891;68.3;57.0
66;2021-07-31;2211;1702;329528;274593;68.8;57.3
66;2021-08-01;1812;889;331340;275482;69.2;57.5
66;2021-08-02;2258;1916;333598;277398;69.6;57.9
66;2021-08-03;2582;2049;336180;279447;70.2;58.3
66;2021-08-04;2553;1991;338733;281438;70.7;58.8
66;2021-08-05;2411;2492;341144;283930;71.2;59.3
66;2021-08-06;2295;2623;343439;286553;71.7;59.8
66;2021-08-07;1467;2073;344906;288626;72.0;60.3
66;2021-08-08;611;1452;345517;290078;72.1;60.6
66;2021-08-09;1307;2788;346824;292866;72.4;61.1
67;2020-12-27;4;0;4;0;0.0;0.0
67;2020-12-28;3;0;7;0;0.0;0.0
67;2020-12-29;2;0;9;0;0.0;0.0
67;2020-12-30;0;0;9;0;0.0;0.0
67;2020-12-31;0;0;9;0;0.0;0.0
67;2021-01-01;3;0;12;0;0.0;0.0
67;2021-01-02;1;0;13;0;0.0;0.0
67;2021-01-03;1;0;14;0;0.0;0.0
67;2021-01-04;41;0;55;0;0.0;0.0
67;2021-01-05;167;0;222;0;0.0;0.0
67;2021-01-06;121;0;343;0;0.0;0.0
67;2021-01-07;235;1;578;1;0.1;0.0
67;2021-01-08;232;1;810;2;0.1;0.0
67;2021-01-09;113;1;923;3;0.1;0.0
67;2021-01-10;66;0;989;3;0.1;0.0
67;2021-01-11;182;1;1171;4;0.1;0.0
67;2021-01-12;511;1;1682;5;0.1;0.0
67;2021-01-13;653;2;2335;7;0.2;0.0
67;2021-01-14;1077;7;3412;14;0.3;0.0
67;2021-01-15;936;7;4348;21;0.4;0.0
67;2021-01-16;196;3;4544;24;0.4;0.0
67;2021-01-17;98;0;4642;24;0.4;0.0
67;2021-01-18;896;2;5538;26;0.5;0.0
67;2021-01-19;1423;5;6961;31;0.6;0.0
67;2021-01-20;1850;12;8811;43;0.8;0.0
67;2021-01-21;2201;9;11012;52;1.0;0.0
67;2021-01-22;1987;6;12999;58;1.1;0.0
67;2021-01-23;812;5;13811;63;1.2;0.0
67;2021-01-24;380;1;14191;64;1.3;0.0
67;2021-01-25;526;32;14717;96;1.3;0.0
67;2021-01-26;158;108;14875;204;1.3;0.0
67;2021-01-27;1391;90;16266;294;1.4;0.0
67;2021-01-28;3051;227;19317;521;1.7;0.0
67;2021-01-29;2024;156;21341;677;1.9;0.1
67;2021-01-30;1094;83;22435;760;2.0;0.1
67;2021-01-31;1161;29;23596;789;2.1;0.1
67;2021-02-01;3389;249;26985;1038;2.4;0.1
67;2021-02-02;2687;430;29672;1468;2.6;0.1
67;2021-02-03;1573;403;31245;1871;2.8;0.2
67;2021-02-04;1193;762;32438;2633;2.9;0.2
67;2021-02-05;1193;646;33631;3279;3.0;0.3
67;2021-02-06;787;146;34418;3425;3.0;0.3
67;2021-02-07;289;44;34707;3469;3.1;0.3
67;2021-02-08;837;451;35544;3920;3.1;0.3
67;2021-02-09;958;738;36502;4658;3.2;0.4
67;2021-02-10;929;794;37431;5452;3.3;0.5
67;2021-02-11;1149;1128;38580;6580;3.4;0.6
67;2021-02-12;1244;781;39824;7361;3.5;0.6
67;2021-02-13;765;280;40589;7641;3.6;0.7
67;2021-02-14;243;95;40832;7736;3.6;0.7
67;2021-02-15;778;837;41610;8573;3.7;0.8
67;2021-02-16;927;1148;42537;9721;3.8;0.9
67;2021-02-17;784;1195;43321;10916;3.8;1.0
67;2021-02-18;1398;2568;44719;13484;3.9;1.2
67;2021-02-19;1371;2114;46090;15598;4.1;1.4
67;2021-02-20;627;908;46717;16506;4.1;1.5
67;2021-02-21;208;1196;46925;17702;4.1;1.6
67;2021-02-22;1401;2171;48326;19873;4.3;1.8
67;2021-02-23;1459;1572;49785;21445;4.4;1.9
67;2021-02-24;1434;1055;51219;22500;4.5;2.0
67;2021-02-25;1614;1480;52833;23980;4.7;2.1
67;2021-02-26;2222;1407;55055;25387;4.9;2.2
67;2021-02-27;1256;787;56311;26174;5.0;2.3
67;2021-02-28;147;365;56458;26539;5.0;2.3
67;2021-03-01;636;1004;57094;27543;5.0;2.4
67;2021-03-02;889;1200;57983;28743;5.1;2.5
67;2021-03-03;1409;1281;59392;30024;5.2;2.7
67;2021-03-04;1959;1056;61351;31080;5.4;2.7
67;2021-03-05;3253;1099;64604;32179;5.7;2.8
67;2021-03-06;2334;774;66938;32953;5.9;2.9
67;2021-03-07;466;282;67404;33235;6.0;2.9
67;2021-03-08;1184;792;68588;34027;6.1;3.0
67;2021-03-09;2219;899;70807;34926;6.3;3.1
67;2021-03-10;2446;1187;73253;36113;6.5;3.2
67;2021-03-11;3203;1349;76456;37462;6.8;3.3
67;2021-03-12;5247;1367;81703;38829;7.2;3.4
67;2021-03-13;3996;883;85699;39712;7.6;3.5
67;2021-03-14;483;388;86182;40100;7.6;3.5
67;2021-03-15;2188;1156;88370;41256;7.8;3.6
67;2021-03-16;1545;1230;89915;42486;7.9;3.8
67;2021-03-17;2063;917;91978;43403;8.1;3.8
67;2021-03-18;2385;728;94363;44131;8.3;3.9
67;2021-03-19;3670;744;98033;44875;8.7;4.0
67;2021-03-20;3064;505;101097;45380;8.9;4.0
67;2021-03-21;332;14;101429;45394;9.0;4.0
67;2021-03-22;2328;776;103757;46170;9.2;4.1
67;2021-03-23;3396;766;107153;46936;9.5;4.1
67;2021-03-24;3903;807;111056;47743;9.8;4.2
67;2021-03-25;5312;531;116368;48274;10.3;4.3
67;2021-03-26;6868;473;123236;48747;10.9;4.3
67;2021-03-27;3921;334;127157;49081;11.2;4.3
67;2021-03-28;579;98;127736;49179;11.3;4.3
67;2021-03-29;3818;424;131554;49603;11.6;4.4
67;2021-03-30;4833;664;136387;50267;12.0;4.4
67;2021-03-31;4841;687;141228;50954;12.5;4.5
67;2021-04-01;5139;920;146367;51874;12.9;4.6
67;2021-04-02;1001;174;147368;52048;13.0;4.6
67;2021-04-03;1689;285;149057;52333;13.2;4.6
67;2021-04-04;326;5;149383;52338;13.2;4.6
67;2021-04-05;368;3;149751;52341;13.2;4.6
67;2021-04-06;3472;1175;153223;53516;13.5;4.7
67;2021-04-07;4534;1277;157757;54793;13.9;4.8
67;2021-04-08;5654;1398;163411;56191;14.4;5.0
67;2021-04-09;7106;1340;170517;57531;15.1;5.1
67;2021-04-10;4329;884;174846;58415;15.4;5.2
67;2021-04-11;855;425;175701;58840;15.5;5.2
67;2021-04-12;3879;1401;179580;60241;15.9;5.3
67;2021-04-13;4891;1573;184471;61814;16.3;5.5
67;2021-04-14;5244;1893;189715;63707;16.8;5.6
67;2021-04-15;6075;2099;195790;65806;17.3;5.8
67;2021-04-16;7829;2405;203619;68211;18.0;6.0
67;2021-04-17;4005;1579;207624;69790;18.3;6.2
67;2021-04-18;1113;646;208737;70436;18.4;6.2
67;2021-04-19;3628;2138;212365;72574;18.8;6.4
67;2021-04-20;4256;1920;216621;74494;19.1;6.6
67;2021-04-21;4068;2512;220689;77006;19.5;6.8
67;2021-04-22;4474;2906;225163;79912;19.9;7.1
67;2021-04-23;5238;2990;230401;82902;20.3;7.3
67;2021-04-24;3099;2020;233500;84922;20.6;7.5
67;2021-04-25;1027;451;234527;85373;20.7;7.5
67;2021-04-26;3189;2615;237716;87988;21.0;7.8
67;2021-04-27;4022;2922;241738;90910;21.3;8.0
67;2021-04-28;4249;3430;245987;94340;21.7;8.3
67;2021-04-29;5121;3513;251108;97853;22.2;8.6
67;2021-04-30;7176;2483;258284;100336;22.8;8.9
67;2021-05-01;2680;782;260964;101118;23.0;8.9
67;2021-05-02;2180;673;263144;101791;23.2;9.0
67;2021-05-03;5561;2611;268705;104402;23.7;9.2
67;2021-05-04;5853;3604;274558;108006;24.2;9.5
67;2021-05-05;5209;4199;279767;112205;24.7;9.9
67;2021-05-06;6712;4914;286479;117119;25.3;10.3
67;2021-05-07;6428;6913;292907;124032;25.9;11.0
67;2021-05-08;3572;1019;296479;125051;26.2;11.0
67;2021-05-09;3371;596;299850;125647;26.5;11.1
67;2021-05-10;4693;4530;304543;130177;26.9;11.5
67;2021-05-11;5647;4928;310190;135105;27.4;11.9
67;2021-05-12;6590;4846;316780;139951;28.0;12.4
67;2021-05-13;7307;1698;324087;141649;28.6;12.5
67;2021-05-14;8880;5373;332967;147022;29.4;13.0
67;2021-05-15;8189;3655;341156;150677;30.1;13.3
67;2021-05-16;6171;979;347327;151656;30.7;13.4
67;2021-05-17;5693;3903;353020;155559;31.2;13.7
67;2021-05-18;6901;3984;359921;159543;31.8;14.1
67;2021-05-19;7373;4173;367294;163716;32.4;14.5
67;2021-05-20;8689;4220;375983;167936;33.2;14.8
67;2021-05-21;8161;5848;384144;173784;33.9;15.3
67;2021-05-22;5936;3428;390080;177212;34.4;15.6
67;2021-05-23;2658;593;392738;177805;34.7;15.7
67;2021-05-24;4416;861;397154;178666;35.1;15.8
67;2021-05-25;5415;4766;402569;183432;35.5;16.2
67;2021-05-26;6057;4883;408626;188315;36.1;16.6
67;2021-05-27;7308;4893;415934;193208;36.7;17.1
67;2021-05-28;7966;6493;423900;199701;37.4;17.6
67;2021-05-29;6647;3877;430547;203578;38.0;18.0
67;2021-05-30;1147;810;431694;204388;38.1;18.0
67;2021-05-31;6404;4059;438098;208447;38.7;18.4
67;2021-06-01;7328;4402;445426;212849;39.3;18.8
67;2021-06-02;8057;4176;453483;217025;40.0;19.2
67;2021-06-03;8834;4863;462317;221888;40.8;19.6
67;2021-06-04;8590;6127;470907;228015;41.6;20.1
67;2021-06-05;6555;3987;477462;232002;42.2;20.5
67;2021-06-06;3476;871;480938;232873;42.5;20.6
67;2021-06-07;7414;4261;488352;237134;43.1;20.9
67;2021-06-08;8630;4923;496982;242057;43.9;21.4
67;2021-06-09;9261;4804;506243;246861;44.7;21.8
67;2021-06-10;9772;5018;516015;251879;45.6;22.2
67;2021-06-11;8068;8330;524083;260209;46.3;23.0
67;2021-06-12;6785;5198;530868;265407;46.9;23.4
67;2021-06-13;3104;1041;533972;266448;47.1;23.5
67;2021-06-14;5508;6459;539480;272907;47.6;24.1
67;2021-06-15;6686;6747;546166;279654;48.2;24.7
67;2021-06-16;6945;6697;553111;286351;48.8;25.3
67;2021-06-17;7271;9054;560382;295405;49.5;26.1
67;2021-06-18;7600;8508;567982;303913;50.1;26.8
67;2021-06-19;6380;5961;574362;309874;50.7;27.4
67;2021-06-20;1451;1411;575813;311285;50.8;27.5
67;2021-06-21;4265;6765;580078;318050;51.2;28.1
67;2021-06-22;4236;9095;584314;327145;51.6;28.9
67;2021-06-23;5263;8165;589577;335310;52.1;29.6
67;2021-06-24;4517;9092;594094;344402;52.5;30.4
67;2021-06-25;5338;9947;599432;354349;52.9;31.3
67;2021-06-26;3465;9105;602897;363454;53.2;32.1
67;2021-06-27;1019;3520;603916;366974;53.3;32.4
67;2021-06-28;2848;8734;606764;375708;53.6;33.2
67;2021-06-29;2892;8603;609656;384311;53.8;33.9
67;2021-06-30;3378;8735;613034;393046;54.1;34.7
67;2021-07-01;3592;8418;616626;401464;54.4;35.4
67;2021-07-02;3730;10932;620356;412396;54.8;36.4
67;2021-07-03;2974;7742;623330;420138;55.0;37.1
67;2021-07-04;763;1869;624093;422007;55.1;37.3
67;2021-07-05;2612;8250;626705;430257;55.3;38.0
67;2021-07-06;3052;8439;629757;438696;55.6;38.7
67;2021-07-07;3905;8737;633662;447433;55.9;39.5
67;2021-07-08;4184;7780;637846;455213;56.3;40.2
67;2021-07-09;3754;11368;641600;466581;56.6;41.2
67;2021-07-10;2848;8203;644448;474784;56.9;41.9
67;2021-07-11;937;1993;645385;476777;57.0;42.1
67;2021-07-12;2456;9724;647841;486501;57.2;43.0
67;2021-07-13;4087;9891;651928;496392;57.6;43.8
67;2021-07-14;3482;4397;655410;500789;57.9;44.2
67;2021-07-15;5112;12222;660522;513011;58.3;45.3
67;2021-07-16;4815;12294;665337;525305;58.7;46.4
67;2021-07-17;3725;8827;669062;534132;59.1;47.2
67;2021-07-18;1456;2545;670518;536677;59.2;47.4
67;2021-07-19;4607;9737;675125;546414;59.6;48.2
67;2021-07-20;5716;9821;680841;556235;60.1;49.1
67;2021-07-21;5791;10645;686632;566880;60.6;50.1
67;2021-07-22;6386;10226;693018;577106;61.2;51.0
67;2021-07-23;7329;11185;700347;588291;61.8;51.9
67;2021-07-24;5399;7574;705746;595865;62.3;52.6
67;2021-07-25;2301;1962;708047;597827;62.5;52.8
67;2021-07-26;4955;7246;713002;605073;63.0;53.4
67;2021-07-27;6518;7301;719520;612374;63.5;54.1
67;2021-07-28;7501;7194;727021;619568;64.2;54.7
67;2021-07-29;8308;6423;735329;625991;64.9;55.3
67;2021-07-30;8575;7293;743904;633284;65.7;55.9
67;2021-07-31;5045;4850;748949;638134;66.1;56.3
67;2021-08-01;2429;1406;751378;639540;66.3;56.5
67;2021-08-02;6292;5066;757670;644606;66.9;56.9
67;2021-08-03;7258;4690;764928;649296;67.5;57.3
67;2021-08-04;6830;4585;771758;653881;68.1;57.7
67;2021-08-05;5684;4186;777442;658067;68.6;58.1
67;2021-08-06;6250;5378;783692;663445;69.2;58.6
67;2021-08-07;4586;4243;788278;667688;69.6;59.0
67;2021-08-08;1272;1426;789550;669114;69.7;59.1
67;2021-08-09;3083;4462;792633;673576;70.0;59.5
68;2020-12-27;0;0;0;0;0.0;0.0
68;2020-12-28;0;0;0;0;0.0;0.0
68;2020-12-29;0;0;0;0;0.0;0.0
68;2020-12-30;0;0;0;0;0.0;0.0
68;2020-12-31;0;0;0;0;0.0;0.0
68;2021-01-01;0;0;0;0;0.0;0.0
68;2021-01-02;0;0;0;0;0.0;0.0
68;2021-01-03;0;0;0;0;0.0;0.0
68;2021-01-04;1;0;1;0;0.0;0.0
68;2021-01-05;11;0;12;0;0.0;0.0
68;2021-01-06;244;1;256;1;0.0;0.0
68;2021-01-07;75;0;331;1;0.0;0.0
68;2021-01-08;118;1;449;2;0.1;0.0
68;2021-01-09;20;0;469;2;0.1;0.0
68;2021-01-10;1;0;470;2;0.1;0.0
68;2021-01-11;82;0;552;2;0.1;0.0
68;2021-01-12;386;1;938;3;0.1;0.0
68;2021-01-13;703;2;1641;5;0.2;0.0
68;2021-01-14;372;2;2013;7;0.3;0.0
68;2021-01-15;204;1;2217;8;0.3;0.0
68;2021-01-16;1;0;2218;8;0.3;0.0
68;2021-01-17;0;0;2218;8;0.3;0.0
68;2021-01-18;379;5;2597;13;0.3;0.0
68;2021-01-19;559;6;3156;19;0.4;0.0
68;2021-01-20;707;10;3863;29;0.5;0.0
68;2021-01-21;1393;12;5256;41;0.7;0.0
68;2021-01-22;1499;12;6755;53;0.9;0.0
68;2021-01-23;215;3;6970;56;0.9;0.0
68;2021-01-24;697;0;7667;56;1.0;0.0
68;2021-01-25;1388;46;9055;102;1.2;0.0
68;2021-01-26;1553;80;10608;182;1.4;0.0
68;2021-01-27;2765;140;13373;322;1.8;0.0
68;2021-01-28;2349;57;15722;379;2.1;0.0
68;2021-01-29;1507;115;17229;494;2.3;0.1
68;2021-01-30;165;3;17394;497;2.3;0.1
68;2021-01-31;0;0;17394;497;2.3;0.1
68;2021-02-01;737;103;18131;600;2.4;0.1
68;2021-02-02;867;307;18998;907;2.5;0.1
68;2021-02-03;998;620;19996;1527;2.6;0.2
68;2021-02-04;1000;324;20996;1851;2.8;0.2
68;2021-02-05;946;236;21942;2087;2.9;0.3
68;2021-02-06;138;1;22080;2088;2.9;0.3
68;2021-02-07;1;16;22081;2104;2.9;0.3
68;2021-02-08;893;23;22974;2127;3.0;0.3
68;2021-02-09;1357;45;24331;2172;3.2;0.3
68;2021-02-10;1452;61;25783;2233;3.4;0.3
68;2021-02-11;1487;471;27270;2704;3.6;0.4
68;2021-02-12;1548;451;28818;3155;3.8;0.4
68;2021-02-13;132;1;28950;3156;3.8;0.4
68;2021-02-14;57;231;29007;3387;3.8;0.4
68;2021-02-15;662;1088;29669;4475;3.9;0.6
68;2021-02-16;863;1369;30532;5844;4.0;0.8
68;2021-02-17;1284;2133;31816;7977;4.2;1.0
68;2021-02-18;1649;2050;33465;10027;4.4;1.3
68;2021-02-19;985;1369;34450;11396;4.5;1.5
68;2021-02-20;93;125;34543;11521;4.5;1.5
68;2021-02-21;1;40;34544;11561;4.5;1.5
68;2021-02-22;446;798;34990;12359;4.6;1.6
68;2021-02-23;639;1061;35629;13420;4.7;1.8
68;2021-02-24;853;1156;36482;14576;4.8;1.9
68;2021-02-25;1209;1249;37691;15825;4.9;2.1
68;2021-02-26;1198;986;38889;16811;5.1;2.2
68;2021-02-27;547;174;39436;16985;5.2;2.2
68;2021-02-28;12;1;39448;16986;5.2;2.2
68;2021-03-01;939;767;40387;17753;5.3;2.3
68;2021-03-02;1215;925;41602;18678;5.5;2.4
68;2021-03-03;1591;967;43193;19645;5.7;2.6
68;2021-03-04;1989;1042;45182;20687;5.9;2.7
68;2021-03-05;2355;1049;47537;21736;6.2;2.8
68;2021-03-06;2283;244;49820;21980;6.5;2.9
68;2021-03-07;839;105;50659;22085;6.6;2.9
68;2021-03-08;1473;978;52132;23063;6.8;3.0
68;2021-03-09;1692;1330;53824;24393;7.1;3.2
68;2021-03-10;1962;1799;55786;26192;7.3;3.4
68;2021-03-11;2636;1911;58422;28103;7.7;3.7
68;2021-03-12;2628;1419;61050;29522;8.0;3.9
68;2021-03-13;3342;245;64392;29767;8.4;3.9
68;2021-03-14;1542;63;65934;29830;8.6;3.9
68;2021-03-15;1793;622;67727;30452;8.9;4.0
68;2021-03-16;1999;601;69726;31053;9.1;4.1
68;2021-03-17;1955;727;71681;31780;9.4;4.2
68;2021-03-18;2219;950;73900;32730;9.7;4.3
68;2021-03-19;3084;734;76984;33464;10.1;4.4
68;2021-03-20;973;122;77957;33586;10.2;4.4
68;2021-03-21;68;2;78025;33588;10.2;4.4
68;2021-03-22;1965;591;79990;34179;10.5;4.5
68;2021-03-23;2860;614;82850;34793;10.9;4.6
68;2021-03-24;3175;813;86025;35606;11.3;4.7
68;2021-03-25;3501;787;89526;36393;11.7;4.8
68;2021-03-26;3892;716;93418;37109;12.2;4.9
68;2021-03-27;1102;164;94520;37273;12.4;4.9
68;2021-03-28;55;3;94575;37276;12.4;4.9
68;2021-03-29;2264;1378;96839;38654;12.7;5.1
68;2021-03-30;2934;1300;99773;39954;13.1;5.2
68;2021-03-31;2641;1363;102414;41317;13.4;5.4
68;2021-04-01;2748;1546;105162;42863;13.8;5.6
68;2021-04-02;244;87;105406;42950;13.8;5.6
68;2021-04-03;240;123;105646;43073;13.8;5.6
68;2021-04-04;4;0;105650;43073;13.8;5.6
68;2021-04-05;48;2;105698;43075;13.8;5.6
68;2021-04-06;1794;1326;107492;44401;14.1;5.8
68;2021-04-07;2584;1533;110076;45934;14.4;6.0
68;2021-04-08;3231;1499;113307;47433;14.8;6.2
68;2021-04-09;4198;1522;117505;48955;15.4;6.4
68;2021-04-10;1202;1975;118707;50930;15.6;6.7
68;2021-04-11;126;1318;118833;52248;15.6;6.8
68;2021-04-12;2666;1635;121499;53883;15.9;7.1
68;2021-04-13;2760;2109;124259;55992;16.3;7.3
68;2021-04-14;3602;2267;127861;58259;16.8;7.6
68;2021-04-15;4049;2154;131910;60413;17.3;7.9
68;2021-04-16;3938;2076;135848;62489;17.8;8.2
68;2021-04-17;1073;440;136921;62929;17.9;8.2
68;2021-04-18;85;9;137006;62938;18.0;8.2
68;2021-04-19;2359;1836;139365;64774;18.3;8.5
68;2021-04-20;2438;2325;141803;67099;18.6;8.8
68;2021-04-21;2830;2479;144633;69578;19.0;9.1
68;2021-04-22;3285;1976;147918;71554;19.4;9.4
68;2021-04-23;3412;2075;151330;73629;19.8;9.6
68;2021-04-24;843;486;152173;74115;19.9;9.7
68;2021-04-25;214;20;152387;74135;20.0;9.7
68;2021-04-26;2329;2109;154716;76244;20.3;10.0
68;2021-04-27;2599;2217;157315;78461;20.6;10.3
68;2021-04-28;3573;1763;160888;80224;21.1;10.5
68;2021-04-29;4165;1746;165053;81970;21.6;10.7
68;2021-04-30;4833;1365;169886;83335;22.3;10.9
68;2021-05-01;946;121;170832;83456;22.4;10.9
68;2021-05-02;731;70;171563;83526;22.5;10.9
68;2021-05-03;3623;1817;175186;85343;23.0;11.2
68;2021-05-04;3935;2364;179121;87707;23.5;11.5
68;2021-05-05;3632;3237;182753;90944;23.9;11.9
68;2021-05-06;4806;2867;187559;93811;24.6;12.3
68;2021-05-07;4518;2907;192077;96718;25.2;12.7
68;2021-05-08;1671;211;193748;96929;25.4;12.7
68;2021-05-09;1077;107;194825;97036;25.5;12.7
68;2021-05-10;3157;3720;197982;100756;25.9;13.2
68;2021-05-11;4716;3618;202698;104374;26.6;13.7
68;2021-05-12;5781;3293;208479;107667;27.3;14.1
68;2021-05-13;4763;841;213242;108508;27.9;14.2
68;2021-05-14;5960;2132;219202;110640;28.7;14.5
68;2021-05-15;3558;910;222760;111550;29.2;14.6
68;2021-05-16;669;122;223429;111672;29.3;14.6
68;2021-05-17;4448;2498;227877;114170;29.9;15.0
68;2021-05-18;6139;2304;234016;116474;30.7;15.3
68;2021-05-19;5867;2887;239883;119361;31.4;15.6
68;2021-05-20;5929;2420;245812;121781;32.2;16.0
68;2021-05-21;5778;2869;251590;124650;33.0;16.3
68;2021-05-22;2578;926;254168;125576;33.3;16.5
68;2021-05-23;15;17;254183;125593;33.3;16.5
68;2021-05-24;2307;969;256490;126562;33.6;16.6
68;2021-05-25;4346;3438;260836;130000;34.2;17.0
68;2021-05-26;4884;3381;265720;133381;34.8;17.5
68;2021-05-27;5407;3400;271127;136781;35.5;17.9
68;2021-05-28;5620;3730;276747;140511;36.3;18.4
68;2021-05-29;1537;1186;278284;141697;36.5;18.6
68;2021-05-30;41;46;278325;141743;36.5;18.6
68;2021-05-31;5160;2362;283485;144105;37.1;18.9
68;2021-06-01;5988;2802;289473;146907;37.9;19.2
68;2021-06-02;4887;3012;294360;149919;38.6;19.6
68;2021-06-03;5939;3100;300299;153019;39.3;20.0
68;2021-06-04;4892;3305;305191;156324;40.0;20.5
68;2021-06-05;779;1169;305970;157493;40.1;20.6
68;2021-06-06;68;115;306038;157608;40.1;20.7
68;2021-06-07;4756;3037;310794;160645;40.7;21.0
68;2021-06-08;4941;3559;315735;164204;41.4;21.5
68;2021-06-09;4993;3440;320728;167644;42.0;22.0
68;2021-06-10;5201;3139;325929;170783;42.7;22.4
68;2021-06-11;5058;4150;330987;174933;43.4;22.9
68;2021-06-12;3035;1767;334022;176700;43.8;23.2
68;2021-06-13;515;682;334537;177382;43.8;23.2
68;2021-06-14;2517;4393;337054;181775;44.2;23.8
68;2021-06-15;3111;4723;340165;186498;44.6;24.4
68;2021-06-16;3387;4437;343552;190935;45.0;25.0
68;2021-06-17;2359;4459;345911;195394;45.3;25.6
68;2021-06-18;3350;5178;349261;200572;45.8;26.3
68;2021-06-19;2254;2169;351515;202741;46.1;26.6
68;2021-06-20;258;893;351773;203634;46.1;26.7
68;2021-06-21;2060;5153;353833;208787;46.4;27.4
68;2021-06-22;1901;5176;355734;213963;46.6;28.0
68;2021-06-23;2317;5742;358051;219705;46.9;28.8
68;2021-06-24;2153;4895;360204;224600;47.2;29.4
68;2021-06-25;2286;6658;362490;231258;47.5;30.3
68;2021-06-26;1300;2605;363790;233863;47.7;30.6
68;2021-06-27;151;880;363941;234743;47.7;30.8
68;2021-06-28;1601;6444;365542;241187;47.9;31.6
68;2021-06-29;1537;6635;367079;247822;48.1;32.5
68;2021-06-30;1796;6554;368875;254376;48.3;33.3
68;2021-07-01;2093;5350;370968;259726;48.6;34.0
68;2021-07-02;2101;6484;373069;266210;48.9;34.9
68;2021-07-03;982;1935;374051;268145;49.0;35.1
68;2021-07-04;242;201;374293;268346;49.0;35.2
68;2021-07-05;1457;5520;375750;273866;49.2;35.9
68;2021-07-06;2001;5882;377751;279748;49.5;36.7
68;2021-07-07;2454;4972;380205;284720;49.8;37.3
68;2021-07-08;2429;4746;382634;289466;50.1;37.9
68;2021-07-09;2092;7363;384726;296829;50.4;38.9
68;2021-07-10;1020;2002;385746;298831;50.5;39.2
68;2021-07-11;145;155;385891;298986;50.6;39.2
68;2021-07-12;1637;6780;387528;305766;50.8;40.1
68;2021-07-13;2901;6552;390429;312318;51.2;40.9
68;2021-07-14;1841;978;392270;313296;51.4;41.1
68;2021-07-15;3180;6651;395450;319947;51.8;41.9
68;2021-07-16;3805;6762;399255;326709;52.3;42.8
68;2021-07-17;3356;2299;402611;329008;52.8;43.1
68;2021-07-18;1053;230;403664;329238;52.9;43.1
68;2021-07-19;3044;6086;406708;335324;53.3;43.9
68;2021-07-20;3987;5668;410695;340992;53.8;44.7
68;2021-07-21;4328;5818;415023;346810;54.4;45.4
68;2021-07-22;4164;4835;419187;351645;54.9;46.1
68;2021-07-23;5018;5744;424205;357389;55.6;46.8
68;2021-07-24;3303;2120;427508;359509;56.0;47.1
68;2021-07-25;818;527;428326;360036;56.1;47.2
68;2021-07-26;4746;4436;433072;364472;56.7;47.8
68;2021-07-27;6333;3732;439405;368204;57.6;48.2
68;2021-07-28;6834;3865;446239;372069;58.5;48.8
68;2021-07-29;6373;3390;452612;375459;59.3;49.2
68;2021-07-30;6314;4365;458926;379824;60.1;49.8
68;2021-07-31;3902;1420;462828;381244;60.6;50.0
68;2021-08-01;1644;474;464472;381718;60.9;50.0
68;2021-08-02;4580;3122;469052;384840;61.5;50.4
68;2021-08-03;3519;2426;472571;387266;61.9;50.7
68;2021-08-04;3125;2680;475696;389946;62.3;51.1
68;2021-08-05;2724;2618;478420;392564;62.7;51.4
68;2021-08-06;3971;4299;482391;396863;63.2;52.0
68;2021-08-07;1223;1301;483614;398164;63.4;52.2
68;2021-08-08;358;800;483972;398964;63.4;52.3
68;2021-08-09;2539;3670;486511;402634;63.7;52.8
69;2020-12-27;1;0;1;0;0.0;0.0
69;2020-12-28;7;0;8;0;0.0;0.0
69;2020-12-29;5;0;13;0;0.0;0.0
69;2020-12-30;6;0;19;0;0.0;0.0
69;2020-12-31;10;0;29;0;0.0;0.0
69;2021-01-01;2;0;31;0;0.0;0.0
69;2021-01-02;1;0;32;0;0.0;0.0
69;2021-01-03;1;0;33;0;0.0;0.0
69;2021-01-04;10;0;43;0;0.0;0.0
69;2021-01-05;215;0;258;0;0.0;0.0
69;2021-01-06;509;0;767;0;0.0;0.0
69;2021-01-07;811;0;1578;0;0.1;0.0
69;2021-01-08;826;0;2404;0;0.1;0.0
69;2021-01-09;37;1;2441;1;0.1;0.0
69;2021-01-10;2;1;2443;2;0.1;0.0
69;2021-01-11;1133;2;3576;4;0.2;0.0
69;2021-01-12;1396;7;4972;11;0.3;0.0
69;2021-01-13;1392;4;6364;15;0.3;0.0
69;2021-01-14;2271;21;8635;36;0.5;0.0
69;2021-01-15;1826;8;10461;44;0.6;0.0
69;2021-01-16;928;4;11389;48;0.6;0.0
69;2021-01-17;260;2;11649;50;0.6;0.0
69;2021-01-18;1694;17;13343;67;0.7;0.0
69;2021-01-19;3506;34;16849;101;0.9;0.0
69;2021-01-20;4446;27;21295;128;1.1;0.0
69;2021-01-21;4038;25;25333;153;1.4;0.0
69;2021-01-22;3156;20;28489;173;1.5;0.0
69;2021-01-23;1283;5;29772;178;1.6;0.0
69;2021-01-24;101;1;29873;179;1.6;0.0
69;2021-01-25;2236;40;32109;219;1.7;0.0
69;2021-01-26;2560;88;34669;307;1.8;0.0
69;2021-01-27;2355;177;37024;484;2.0;0.0
69;2021-01-28;2235;374;39259;858;2.1;0.0
69;2021-01-29;2110;287;41369;1145;2.2;0.1
69;2021-01-30;889;3;42258;1148;2.3;0.1
69;2021-01-31;65;0;42323;1148;2.3;0.1
69;2021-02-01;1112;401;43435;1549;2.3;0.1
69;2021-02-02;1547;411;44982;1960;2.4;0.1
69;2021-02-03;1442;536;46424;2496;2.5;0.1
69;2021-02-04;1788;954;48212;3450;2.6;0.2
69;2021-02-05;819;820;49031;4270;2.6;0.2
69;2021-02-06;368;54;49399;4324;2.6;0.2
69;2021-02-07;0;0;49399;4324;2.6;0.2
69;2021-02-08;1133;1079;50532;5403;2.7;0.3
69;2021-02-09;2050;2110;52582;7513;2.8;0.4
69;2021-02-10;1855;2648;54437;10161;2.9;0.5
69;2021-02-11;1862;3295;56299;13456;3.0;0.7
69;2021-02-12;1899;2113;58198;15569;3.1;0.8
69;2021-02-13;458;803;58656;16372;3.1;0.9
69;2021-02-14;89;40;58745;16412;3.1;0.9
69;2021-02-15;1014;1770;59759;18182;3.2;1.0
69;2021-02-16;984;2447;60743;20629;3.2;1.1
69;2021-02-17;1026;2393;61769;23022;3.3;1.2
69;2021-02-18;967;2341;62736;25363;3.3;1.4
69;2021-02-19;894;1893;63630;27256;3.4;1.5
69;2021-02-20;322;913;63952;28169;3.4;1.5
69;2021-02-21;52;68;64004;28237;3.4;1.5
69;2021-02-22;609;2097;64613;30334;3.4;1.6
69;2021-02-23;740;2227;65353;32561;3.5;1.7
69;2021-02-24;972;2249;66325;34810;3.5;1.9
69;2021-02-25;2215;2679;68540;37489;3.7;2.0
69;2021-02-26;2775;1925;71315;39414;3.8;2.1
69;2021-02-27;924;574;72239;39988;3.9;2.1
69;2021-02-28;148;103;72387;40091;3.9;2.1
69;2021-03-01;2162;907;74549;40998;4.0;2.2
69;2021-03-02;3296;1396;77845;42394;4.1;2.3
69;2021-03-03;3671;1218;81516;43612;4.3;2.3
69;2021-03-04;4876;1268;86392;44880;4.6;2.4
69;2021-03-05;5867;1251;92259;46131;4.9;2.5
69;2021-03-06;3415;413;95674;46544;5.1;2.5
69;2021-03-07;639;41;96313;46585;5.1;2.5
69;2021-03-08;2955;1119;99268;47704;5.3;2.5
69;2021-03-09;4610;1253;103878;48957;5.5;2.6
69;2021-03-10;5065;1037;108943;49994;5.8;2.7
69;2021-03-11;6599;1028;115542;51022;6.2;2.7
69;2021-03-12;8853;1193;124395;52215;6.6;2.8
69;2021-03-13;4926;229;129321;52444;6.9;2.8
69;2021-03-14;2742;138;132063;52582;7.0;2.8
69;2021-03-15;4807;700;136870;53282;7.3;2.8
69;2021-03-16;3815;637;140685;53919;7.5;2.9
69;2021-03-17;3950;865;144635;54784;7.7;2.9
69;2021-03-18;4965;1604;149600;56388;8.0;3.0
69;2021-03-19;6685;1055;156285;57443;8.3;3.1
69;2021-03-20;3585;269;159870;57712;8.5;3.1
69;2021-03-21;1976;92;161846;57804;8.6;3.1
69;2021-03-22;4547;807;166393;58611;8.9;3.1
69;2021-03-23;7358;817;173751;59428;9.3;3.2
69;2021-03-24;6452;992;180203;60420;9.6;3.2
69;2021-03-25;8583;1104;188786;61524;10.1;3.3
69;2021-03-26;8812;1231;197598;62755;10.5;3.3
69;2021-03-27;3152;792;200750;63547;10.7;3.4
69;2021-03-28;2213;181;202963;63728;10.8;3.4
69;2021-03-29;4097;2191;207060;65919;11.0;3.5
69;2021-03-30;7643;2507;214703;68426;11.4;3.6
69;2021-03-31;6355;3162;221058;71588;11.8;3.8
69;2021-04-01;8445;2717;229503;74305;12.2;4.0
69;2021-04-02;8311;3106;237814;77411;12.7;4.1
69;2021-04-03;5423;2160;243237;79571;13.0;4.2
69;2021-04-04;6608;549;249845;80120;13.3;4.3
69;2021-04-05;6191;818;256036;80938;13.6;4.3
69;2021-04-06;5106;3481;261142;84419;13.9;4.5
69;2021-04-07;5163;3888;266305;88307;14.2;4.7
69;2021-04-08;6424;4058;272729;92365;14.5;4.9
69;2021-04-09;9164;3774;281893;96139;15.0;5.1
69;2021-04-10;3051;2500;284944;98639;15.2;5.3
69;2021-04-11;2039;1898;286983;100537;15.3;5.4
69;2021-04-12;5469;3577;292452;104114;15.6;5.5
69;2021-04-13;7069;4119;299521;108233;16.0;5.8
69;2021-04-14;6715;4144;306236;112377;16.3;6.0
69;2021-04-15;7926;4585;314162;116962;16.7;6.2
69;2021-04-16;7861;4493;322023;121455;17.2;6.5
69;2021-04-17;5038;2316;327061;123771;17.4;6.6
69;2021-04-18;1715;1793;328776;125564;17.5;6.7
69;2021-04-19;7019;3774;335795;129338;17.9;6.9
69;2021-04-20;6484;4741;342279;134079;18.2;7.1
69;2021-04-21;5688;4409;347967;138488;18.5;7.4
69;2021-04-22;6426;5438;354393;143926;18.9;7.7
69;2021-04-23;6729;4886;361122;148812;19.2;7.9
69;2021-04-24;3156;2025;364278;150837;19.4;8.0
69;2021-04-25;2119;1546;366397;152383;19.5;8.1
69;2021-04-26;4497;3880;370894;156263;19.8;8.3
69;2021-04-27;6515;5332;377409;161595;20.1;8.6
69;2021-04-28;6272;4850;383681;166445;20.5;8.9
69;2021-04-29;6696;5351;390377;171796;20.8;9.2
69;2021-04-30;6932;6167;397309;177963;21.2;9.5
69;2021-05-01;3299;643;400608;178606;21.4;9.5
69;2021-05-02;1627;5889;402235;184495;21.4;9.8
69;2021-05-03;5859;8245;408094;192740;21.8;10.3
69;2021-05-04;7602;8168;415696;200908;22.2;10.7
69;2021-05-05;11210;5640;426906;206548;22.8;11.0
69;2021-05-06;12475;6276;439381;212824;23.4;11.3
69;2021-05-07;11686;7157;451067;219981;24.0;11.7
69;2021-05-08;4302;1651;455369;221632;24.3;11.8
69;2021-05-09;6634;2678;462003;224310;24.6;12.0
69;2021-05-10;6934;6063;468937;230373;25.0;12.3
69;2021-05-11;9828;7041;478765;237414;25.5;12.7
69;2021-05-12;12463;6809;491228;244223;26.2;13.0
69;2021-05-13;10836;2563;502064;246786;26.8;13.2
69;2021-05-14;12588;5226;514652;252012;27.4;13.4
69;2021-05-15;9142;2600;523794;254612;27.9;13.6
69;2021-05-16;8408;1876;532202;256488;28.4;13.7
69;2021-05-17;11306;5649;543508;262137;29.0;14.0
69;2021-05-18;13226;6401;556734;268538;29.7;14.3
69;2021-05-19;13697;5890;570431;274428;30.4;14.6
69;2021-05-20;11381;6090;581812;280518;31.0;15.0
69;2021-05-21;11042;6567;592854;287085;31.6;15.3
69;2021-05-22;5578;2576;598432;289661;31.9;15.4
69;2021-05-23;4569;1545;603001;291206;32.1;15.5
69;2021-05-24;8434;1864;611435;293070;32.6;15.6
69;2021-05-25;9744;6180;621179;299250;33.1;16.0
69;2021-05-26;10283;6117;631462;305367;33.7;16.3
69;2021-05-27;10434;6779;641896;312146;34.2;16.6
69;2021-05-28;11614;8746;653510;320892;34.8;17.1
69;2021-05-29;7390;6036;660900;326928;35.2;17.4
69;2021-05-30;7384;3171;668284;330099;35.6;17.6
69;2021-05-31;10960;6376;679244;336475;36.2;17.9
69;2021-06-01;12820;7520;692064;343995;36.9;18.3
69;2021-06-02;14877;6712;706941;350707;37.7;18.7
69;2021-06-03;16629;7427;723570;358134;38.6;19.1
69;2021-06-04;16199;8559;739769;366693;39.4;19.5
69;2021-06-05;10105;3413;749874;370106;40.0;19.7
69;2021-06-06;7486;1710;757360;371816;40.4;19.8
69;2021-06-07;12816;7042;770176;378858;41.1;20.2
69;2021-06-08;16376;8278;786552;387136;41.9;20.6
69;2021-06-09;15221;7363;801773;394499;42.7;21.0
69;2021-06-10;16270;7323;818043;401822;43.6;21.4
69;2021-06-11;16642;9692;834685;411514;44.5;21.9
69;2021-06-12;8520;4190;843205;415704;44.9;22.2
69;2021-06-13;5621;2144;848826;417848;45.2;22.3
69;2021-06-14;8586;9102;857412;426950;45.7;22.8
69;2021-06-15;10937;11021;868349;437971;46.3;23.3
69;2021-06-16;11344;12325;879693;450296;46.9;24.0
69;2021-06-17;11457;13253;891150;463549;47.5;24.7
69;2021-06-18;11945;14771;903095;478320;48.1;25.5
69;2021-06-19;6825;8349;909920;486669;48.5;25.9
69;2021-06-20;5272;4765;915192;491434;48.8;26.2
69;2021-06-21;6540;12128;921732;503562;49.1;26.8
69;2021-06-22;7209;13838;928941;517400;49.5;27.6
69;2021-06-23;8353;13036;937294;530436;50.0;28.3
69;2021-06-24;9291;13734;946585;544170;50.5;29.0
69;2021-06-25;7072;16311;953657;560481;50.8;29.9
69;2021-06-26;3952;9075;957609;569556;51.0;30.4
69;2021-06-27;3289;7417;960898;576973;51.2;30.8
69;2021-06-28;4545;14889;965443;591862;51.5;31.5
69;2021-06-29;5364;15661;970807;607523;51.7;32.4
69;2021-06-30;6300;14453;977107;621976;52.1;33.2
69;2021-07-01;7253;11950;984360;633926;52.5;33.8
69;2021-07-02;7859;14120;992219;648046;52.9;34.5
69;2021-07-03;5970;7771;998189;655817;53.2;35.0
69;2021-07-04;4153;5550;1002342;661367;53.4;35.3
69;2021-07-05;5887;13019;1008229;674386;53.7;35.9
69;2021-07-06;5374;14276;1013603;688662;54.0;36.7
69;2021-07-07;7182;13553;1020785;702215;54.4;37.4
69;2021-07-08;7455;13414;1028240;715629;54.8;38.1
69;2021-07-09;7272;16462;1035512;732091;55.2;39.0
69;2021-07-10;2830;10325;1038342;742416;55.3;39.6
69;2021-07-11;4260;5834;1042602;748250;55.6;39.9
69;2021-07-12;3588;16973;1046190;765223;55.8;40.8
69;2021-07-13;5945;20747;1052135;785970;56.1;41.9
69;2021-07-14;4723;8490;1056858;794460;56.3;42.3
69;2021-07-15;7297;22610;1064155;817070;56.7;43.6
69;2021-07-16;9438;20131;1073593;837201;57.2;44.6
69;2021-07-17;4838;12245;1078431;849446;57.5;45.3
69;2021-07-18;3389;8905;1081820;858351;57.7;45.8
69;2021-07-19;6308;16467;1088128;874818;58.0;46.6
69;2021-07-20;9019;19313;1097147;894131;58.5;47.7
69;2021-07-21;9245;17402;1106392;911533;59.0;48.6
69;2021-07-22;11307;16430;1117699;927963;59.6;49.5
69;2021-07-23;10835;17655;1128534;945618;60.2;50.4
69;2021-07-24;5529;11032;1134063;956650;60.4;51.0
69;2021-07-25;4673;6622;1138736;963272;60.7;51.3
69;2021-07-26;8517;12925;1147253;976197;61.2;52.0
69;2021-07-27;12610;12135;1159863;988332;61.8;52.7
69;2021-07-28;11838;12092;1171701;1000424;62.5;53.3
69;2021-07-29;14477;12266;1186178;1012690;63.2;54.0
69;2021-07-30;13475;12181;1199653;1024871;63.9;54.6
69;2021-07-31;7986;7188;1207639;1032059;64.4;55.0
69;2021-08-01;4970;5847;1212609;1037906;64.6;55.3
69;2021-08-02;10154;9550;1222763;1047456;65.2;55.8
69;2021-08-03;12684;8936;1235447;1056392;65.9;56.3
69;2021-08-04;12290;8097;1247737;1064489;66.5;56.7
69;2021-08-05;10758;7463;1258495;1071952;67.1;57.1
69;2021-08-06;9472;7724;1267967;1079676;67.6;57.6
69;2021-08-07;4711;4785;1272678;1084461;67.8;57.8
69;2021-08-08;4243;3528;1276921;1087989;68.1;58.0
69;2021-08-09;6833;9143;1283754;1097132;68.4;58.5
70;2020-12-27;0;0;0;0;0.0;0.0
70;2020-12-28;0;0;0;0;0.0;0.0
70;2020-12-29;0;0;0;0;0.0;0.0
70;2020-12-30;0;0;0;0;0.0;0.0
70;2020-12-31;0;0;0;0;0.0;0.0
70;2021-01-01;0;0;0;0;0.0;0.0
70;2021-01-02;0;0;0;0;0.0;0.0
70;2021-01-03;0;0;0;0;0.0;0.0
70;2021-01-04;0;0;0;0;0.0;0.0
70;2021-01-05;0;0;0;0;0.0;0.0
70;2021-01-06;24;0;24;0;0.0;0.0
70;2021-01-07;121;0;145;0;0.1;0.0
70;2021-01-08;22;0;167;0;0.1;0.0
70;2021-01-09;0;0;167;0;0.1;0.0
70;2021-01-10;0;0;167;0;0.1;0.0
70;2021-01-11;148;1;315;1;0.1;0.0
70;2021-01-12;195;1;510;2;0.2;0.0
70;2021-01-13;172;2;682;4;0.3;0.0
70;2021-01-14;149;6;831;10;0.4;0.0
70;2021-01-15;153;0;984;10;0.4;0.0
70;2021-01-16;65;0;1049;10;0.4;0.0
70;2021-01-17;0;0;1049;10;0.4;0.0
70;2021-01-18;393;0;1442;10;0.6;0.0
70;2021-01-19;502;2;1944;12;0.8;0.0
70;2021-01-20;494;2;2438;14;1.0;0.0
70;2021-01-21;673;2;3111;16;1.3;0.0
70;2021-01-22;458;3;3569;19;1.5;0.0
70;2021-01-23;261;2;3830;21;1.6;0.0
70;2021-01-24;4;0;3834;21;1.6;0.0
70;2021-01-25;371;1;4205;22;1.8;0.0
70;2021-01-26;335;1;4540;23;1.9;0.0
70;2021-01-27;328;10;4868;33;2.1;0.0
70;2021-01-28;365;36;5233;69;2.2;0.0
70;2021-01-29;329;52;5562;121;2.4;0.1
70;2021-01-30;228;1;5790;122;2.5;0.1
70;2021-01-31;0;0;5790;122;2.5;0.1
70;2021-02-01;260;51;6050;173;2.6;0.1
70;2021-02-02;272;98;6322;271;2.7;0.1
70;2021-02-03;252;61;6574;332;2.8;0.1
70;2021-02-04;264;122;6838;454;2.9;0.2
70;2021-02-05;254;75;7092;529;3.0;0.2
70;2021-02-06;209;38;7301;567;3.1;0.2
70;2021-02-07;0;0;7301;567;3.1;0.2
70;2021-02-08;178;235;7479;802;3.2;0.3
70;2021-02-09;206;231;7685;1033;3.3;0.4
70;2021-02-10;196;302;7881;1335;3.4;0.6
70;2021-02-11;351;329;8232;1664;3.5;0.7
70;2021-02-12;239;492;8471;2156;3.6;0.9
70;2021-02-13;75;211;8546;2367;3.7;1.0
70;2021-02-14;0;29;8546;2396;3.7;1.0
70;2021-02-15;70;340;8616;2736;3.7;1.2
70;2021-02-16;113;363;8729;3099;3.7;1.3
70;2021-02-17;167;305;8896;3404;3.8;1.5
70;2021-02-18;205;259;9101;3663;3.9;1.6
70;2021-02-19;197;205;9298;3868;4.0;1.7
70;2021-02-20;192;69;9490;3937;4.1;1.7
70;2021-02-21;1;0;9491;3937;4.1;1.7
70;2021-02-22;107;236;9598;4173;4.1;1.8
70;2021-02-23;125;262;9723;4435;4.2;1.9
70;2021-02-24;130;233;9853;4668;4.2;2.0
70;2021-02-25;315;258;10168;4926;4.4;2.1
70;2021-02-26;395;148;10563;5074;4.5;2.2
70;2021-02-27;147;202;10710;5276;4.6;2.3
70;2021-02-28;0;0;10710;5276;4.6;2.3
70;2021-03-01;249;241;10959;5517;4.7;2.4
70;2021-03-02;487;275;11446;5792;4.9;2.5
70;2021-03-03;467;254;11913;6046;5.1;2.6
70;2021-03-04;690;272;12603;6318;5.4;2.7
70;2021-03-05;766;258;13369;6576;5.7;2.8
70;2021-03-06;540;115;13909;6691;6.0;2.9
70;2021-03-07;216;24;14125;6715;6.1;2.9
70;2021-03-08;554;210;14679;6925;6.3;3.0
70;2021-03-09;866;174;15545;7099;6.7;3.0
70;2021-03-10;659;177;16204;7276;6.9;3.1
70;2021-03-11;698;251;16902;7527;7.2;3.2
70;2021-03-12;985;178;17887;7705;7.7;3.3
70;2021-03-13;581;117;18468;7822;7.9;3.4
70;2021-03-14;19;0;18487;7822;7.9;3.4
70;2021-03-15;774;109;19261;7931;8.3;3.4
70;2021-03-16;654;90;19915;8021;8.5;3.4
70;2021-03-17;595;180;20510;8201;8.8;3.5
70;2021-03-18;633;141;21143;8342;9.1;3.6
70;2021-03-19;1018;138;22161;8480;9.5;3.6
70;2021-03-20;641;184;22802;8664;9.8;3.7
70;2021-03-21;9;0;22811;8664;9.8;3.7
70;2021-03-22;757;97;23568;8761;10.1;3.8
70;2021-03-23;1306;156;24874;8917;10.7;3.8
70;2021-03-24;1270;102;26144;9019;11.2;3.9
70;2021-03-25;1244;193;27388;9212;11.7;4.0
70;2021-03-26;1487;293;28875;9505;12.4;4.1
70;2021-03-27;957;125;29832;9630;12.8;4.1
70;2021-03-28;0;10;29832;9640;12.8;4.1
70;2021-03-29;718;410;30550;10050;13.1;4.3
70;2021-03-30;1093;315;31643;10365;13.6;4.4
70;2021-03-31;878;317;32521;10682;13.9;4.6
70;2021-04-01;1153;426;33674;11108;14.4;4.8
70;2021-04-02;1310;340;34984;11448;15.0;4.9
70;2021-04-03;639;320;35623;11768;15.3;5.0
70;2021-04-04;10;0;35633;11768;15.3;5.0
70;2021-04-05;4;2;35637;11770;15.3;5.0
70;2021-04-06;831;554;36468;12324;15.6;5.3
70;2021-04-07;858;585;37326;12909;16.0;5.5
70;2021-04-08;1318;560;38644;13469;16.6;5.8
70;2021-04-09;1402;529;40046;13998;17.2;6.0
70;2021-04-10;858;348;40904;14346;17.5;6.2
70;2021-04-11;21;1;40925;14347;17.5;6.2
70;2021-04-12;695;658;41620;15005;17.8;6.4
70;2021-04-13;920;766;42540;15771;18.2;6.8
70;2021-04-14;815;576;43355;16347;18.6;7.0
70;2021-04-15;1079;604;44434;16951;19.1;7.3
70;2021-04-16;1244;548;45678;17499;19.6;7.5
70;2021-04-17;689;469;46367;17968;19.9;7.7
70;2021-04-18;57;4;46424;17972;19.9;7.7
70;2021-04-19;540;807;46964;18779;20.1;8.1
70;2021-04-20;664;854;47628;19633;20.4;8.4
70;2021-04-21;484;929;48112;20562;20.6;8.8
70;2021-04-22;776;799;48888;21361;21.0;9.2
70;2021-04-23;876;741;49764;22102;21.3;9.5
70;2021-04-24;432;642;50196;22744;21.5;9.8
70;2021-04-25;11;0;50207;22744;21.5;9.8
70;2021-04-26;924;600;51131;23344;21.9;10.0
70;2021-04-27;1209;750;52340;24094;22.4;10.3
70;2021-04-28;889;810;53229;24904;22.8;10.7
70;2021-04-29;1343;932;54572;25836;23.4;11.1
70;2021-04-30;1533;876;56105;26712;24.1;11.5
70;2021-05-01;1694;119;57799;26831;24.8;11.5
70;2021-05-02;2;0;57801;26831;24.8;11.5
70;2021-05-03;1190;577;58991;27408;25.3;11.8
70;2021-05-04;1354;751;60345;28159;25.9;12.1
70;2021-05-05;1190;872;61535;29031;26.4;12.4
70;2021-05-06;1849;1266;63384;30297;27.2;13.0
70;2021-05-07;2126;1237;65510;31534;28.1;13.5
70;2021-05-08;1340;189;66850;31723;28.7;13.6
70;2021-05-09;8;58;66858;31781;28.7;13.6
70;2021-05-10;959;945;67817;32726;29.1;14.0
70;2021-05-11;1239;1067;69056;33793;29.6;14.5
70;2021-05-12;1176;866;70232;34659;30.1;14.9
70;2021-05-13;1544;146;71776;34805;30.8;14.9
70;2021-05-14;2062;755;73838;35560;31.7;15.2
70;2021-05-15;2657;530;76495;36090;32.8;15.5
70;2021-05-16;999;71;77494;36161;33.2;15.5
70;2021-05-17;1237;385;78731;36546;33.8;15.7
70;2021-05-18;1296;590;80027;37136;34.3;15.9
70;2021-05-19;1476;479;81503;37615;35.0;16.1
70;2021-05-20;1780;629;83283;38244;35.7;16.4
70;2021-05-21;1690;819;84973;39063;36.4;16.8
70;2021-05-22;1221;664;86194;39727;37.0;17.0
70;2021-05-23;8;14;86202;39741;37.0;17.0
70;2021-05-24;225;25;86427;39766;37.1;17.1
70;2021-05-25;835;925;87262;40691;37.4;17.4
70;2021-05-26;1048;947;88310;41638;37.9;17.9
70;2021-05-27;1263;995;89573;42633;38.4;18.3
70;2021-05-28;1546;1160;91119;43793;39.1;18.8
70;2021-05-29;1371;587;92490;44380;39.7;19.0
70;2021-05-30;1;8;92491;44388;39.7;19.0
70;2021-05-31;969;678;93460;45066;40.1;19.3
70;2021-06-01;1213;850;94673;45916;40.6;19.7
70;2021-06-02;1264;677;95937;46593;41.1;20.0
70;2021-06-03;1430;840;97367;47433;41.8;20.3
70;2021-06-04;1336;1108;98703;48541;42.3;20.8
70;2021-06-05;1024;662;99727;49203;42.8;21.1
70;2021-06-06;599;79;100326;49282;43.0;21.1
70;2021-06-07;941;850;101267;50132;43.4;21.5
70;2021-06-08;1217;1184;102484;51316;43.9;22.0
70;2021-06-09;1156;987;103640;52303;44.4;22.4
70;2021-06-10;1566;826;105206;53129;45.1;22.8
70;2021-06-11;1587;1956;106793;55085;45.8;23.6
70;2021-06-12;829;1970;107622;57055;46.2;24.5
70;2021-06-13;142;14;107764;57069;46.2;24.5
70;2021-06-14;558;1245;108322;58314;46.5;25.0
70;2021-06-15;451;1505;108773;59819;46.6;25.7
70;2021-06-16;800;1394;109573;61213;47.0;26.2
70;2021-06-17;1150;2095;110723;63308;47.5;27.1
70;2021-06-18;994;2254;111717;65562;47.9;28.1
70;2021-06-19;1090;1638;112807;67200;48.4;28.8
70;2021-06-20;1;3;112808;67203;48.4;28.8
70;2021-06-21;691;1453;113499;68656;48.7;29.4
70;2021-06-22;653;1509;114152;70165;49.0;30.1
70;2021-06-23;662;1570;114814;71735;49.2;30.8
70;2021-06-24;875;2050;115689;73785;49.6;31.6
70;2021-06-25;683;2646;116372;76431;49.9;32.8
70;2021-06-26;943;2138;117315;78569;50.3;33.7
70;2021-06-27;140;760;117455;79329;50.4;34.0
70;2021-06-28;336;1348;117791;80677;50.5;34.6
70;2021-06-29;411;1609;118202;82286;50.7;35.3
70;2021-06-30;388;1634;118590;83920;50.9;36.0
70;2021-07-01;640;1751;119230;85671;51.1;36.7
70;2021-07-02;814;1576;120044;87247;51.5;37.4
70;2021-07-03;841;1078;120885;88325;51.8;37.9
70;2021-07-04;29;70;120914;88395;51.9;37.9
70;2021-07-05;611;1035;121525;89430;52.1;38.4
70;2021-07-06;682;1273;122207;90703;52.4;38.9
70;2021-07-07;506;1424;122713;92127;52.6;39.5
70;2021-07-08;816;1573;123529;93700;53.0;40.2
70;2021-07-09;870;1661;124399;95361;53.3;40.9
70;2021-07-10;831;1031;125230;96392;53.7;41.3
70;2021-07-11;6;20;125236;96412;53.7;41.3
70;2021-07-12;429;1397;125665;97809;53.9;41.9
70;2021-07-13;907;1868;126572;99677;54.3;42.7
70;2021-07-14;33;6;126605;99683;54.3;42.7
70;2021-07-15;1378;1697;127983;101380;54.9;43.5
70;2021-07-16;1620;2062;129603;103442;55.6;44.4
70;2021-07-17;1498;1450;131101;104892;56.2;45.0
70;2021-07-18;1139;638;132240;105530;56.7;45.3
70;2021-07-19;881;972;133121;106502;57.1;45.7
70;2021-07-20;1351;1360;134472;107862;57.7;46.3
70;2021-07-21;1278;1397;135750;109259;58.2;46.9
70;2021-07-22;1863;1821;137613;111080;59.0;47.6
70;2021-07-23;1826;2490;139439;113570;59.8;48.7
70;2021-07-24;1363;1800;140802;115370;60.4;49.5
70;2021-07-25;25;2;140827;115372;60.4;49.5
70;2021-07-26;1051;974;141878;116346;60.8;49.9
70;2021-07-27;1389;973;143267;117319;61.4;50.3
70;2021-07-28;1395;1161;144662;118480;62.0;50.8
70;2021-07-29;1869;1378;146531;119858;62.8;51.4
70;2021-07-30;1964;1342;148495;121200;63.7;52.0
70;2021-07-31;1745;1161;150240;122361;64.4;52.5
70;2021-08-01;1;4;150241;122365;64.4;52.5
70;2021-08-02;773;734;151014;123099;64.8;52.8
70;2021-08-03;1289;1032;152303;124131;65.3;53.2
70;2021-08-04;1209;915;153512;125046;65.8;53.6
70;2021-08-05;1657;1187;155169;126233;66.5;54.1
70;2021-08-06;1789;1324;156958;127557;67.3;54.7
70;2021-08-07;1188;1021;158146;128578;67.8;55.1
70;2021-08-08;35;28;158181;128606;67.8;55.1
70;2021-08-09;524;701;158705;129307;68.1;55.5
71;2020-12-27;0;0;0;0;0.0;0.0
71;2020-12-28;0;0;0;0;0.0;0.0
71;2020-12-29;0;0;0;0;0.0;0.0
71;2020-12-30;0;0;0;0;0.0;0.0
71;2020-12-31;0;0;0;0;0.0;0.0
71;2021-01-01;1;0;1;0;0.0;0.0
71;2021-01-02;0;0;1;0;0.0;0.0
71;2021-01-03;1;0;2;0;0.0;0.0
71;2021-01-04;1;0;3;0;0.0;0.0
71;2021-01-05;12;0;15;0;0.0;0.0
71;2021-01-06;72;0;87;0;0.0;0.0
71;2021-01-07;66;1;153;1;0.0;0.0
71;2021-01-08;146;0;299;1;0.1;0.0
71;2021-01-09;117;0;416;1;0.1;0.0
71;2021-01-10;1;0;417;1;0.1;0.0
71;2021-01-11;245;0;662;1;0.1;0.0
71;2021-01-12;845;1;1507;2;0.3;0.0
71;2021-01-13;562;2;2069;4;0.4;0.0
71;2021-01-14;581;9;2650;13;0.5;0.0
71;2021-01-15;666;1;3316;14;0.6;0.0
71;2021-01-16;9;0;3325;14;0.6;0.0
71;2021-01-17;0;0;3325;14;0.6;0.0
71;2021-01-18;1094;8;4419;22;0.8;0.0
71;2021-01-19;1686;7;6105;29;1.1;0.0
71;2021-01-20;1510;5;7615;34;1.4;0.0
71;2021-01-21;2056;14;9671;48;1.8;0.0
71;2021-01-22;1411;6;11082;54;2.0;0.0
71;2021-01-23;815;5;11897;59;2.2;0.0
71;2021-01-24;0;0;11897;59;2.2;0.0
71;2021-01-25;1064;6;12961;65;2.4;0.0
71;2021-01-26;1504;19;14465;84;2.6;0.0
71;2021-01-27;1248;32;15713;116;2.9;0.0
71;2021-01-28;1082;97;16795;213;3.1;0.0
71;2021-01-29;1014;144;17809;357;3.3;0.1
71;2021-01-30;604;2;18413;359;3.4;0.1
71;2021-01-31;1;15;18414;374;3.4;0.1
71;2021-02-01;751;238;19165;612;3.5;0.1
71;2021-02-02;753;357;19918;969;3.6;0.2
71;2021-02-03;818;424;20736;1393;3.8;0.3
71;2021-02-04;780;572;21516;1965;3.9;0.4
71;2021-02-05;706;525;22222;2490;4.1;0.5
71;2021-02-06;535;9;22757;2499;4.2;0.5
71;2021-02-07;3;50;22760;2549;4.2;0.5
71;2021-02-08;603;700;23363;3249;4.3;0.6
71;2021-02-09;372;1013;23735;4262;4.3;0.8
71;2021-02-10;411;992;24146;5254;4.4;1.0
71;2021-02-11;472;1181;24618;6435;4.5;1.2
71;2021-02-12;534;1037;25152;7472;4.6;1.4
71;2021-02-13;125;515;25277;7987;4.6;1.5
71;2021-02-14;1;7;25278;7994;4.6;1.5
71;2021-02-15;322;913;25600;8907;4.7;1.6
71;2021-02-16;442;1365;26042;10272;4.8;1.9
71;2021-02-17;426;1125;26468;11397;4.8;2.1
71;2021-02-18;548;935;27016;12332;4.9;2.3
71;2021-02-19;574;854;27590;13186;5.0;2.4
71;2021-02-20;224;380;27814;13566;5.1;2.5
71;2021-02-21;3;13;27817;13579;5.1;2.5
71;2021-02-22;237;879;28054;14458;5.1;2.6
71;2021-02-23;452;925;28506;15383;5.2;2.8
71;2021-02-24;444;726;28950;16109;5.3;2.9
71;2021-02-25;530;728;29480;16837;5.4;3.1
71;2021-02-26;830;532;30310;17369;5.5;3.2
71;2021-02-27;456;339;30766;17708;5.6;3.2
71;2021-02-28;54;14;30820;17722;5.6;3.2
71;2021-03-01;1187;680;32007;18402;5.8;3.4
71;2021-03-02;1574;644;33581;19046;6.1;3.5
71;2021-03-03;1819;773;35400;19819;6.5;3.6
71;2021-03-04;2000;816;37400;20635;6.8;3.8
71;2021-03-05;2284;689;39684;21324;7.2;3.9
71;2021-03-06;756;63;40440;21387;7.4;3.9
71;2021-03-07;40;21;40480;21408;7.4;3.9
71;2021-03-08;1452;782;41932;22190;7.7;4.1
71;2021-03-09;2160;520;44092;22710;8.0;4.1
71;2021-03-10;2166;459;46258;23169;8.4;4.2
71;2021-03-11;2631;649;48889;23818;8.9;4.3
71;2021-03-12;2606;616;51495;24434;9.4;4.5
71;2021-03-13;996;97;52491;24531;9.6;4.5
71;2021-03-14;35;0;52526;24531;9.6;4.5
71;2021-03-15;1799;493;54325;25024;9.9;4.6
71;2021-03-16;1821;197;56146;25221;10.2;4.6
71;2021-03-17;2131;250;58277;25471;10.6;4.6
71;2021-03-18;1951;435;60228;25906;11.0;4.7
71;2021-03-19;2368;328;62596;26234;11.4;4.8
71;2021-03-20;1084;37;63680;26271;11.6;4.8
71;2021-03-21;16;5;63696;26276;11.6;4.8
71;2021-03-22;2576;368;66272;26644;12.1;4.9
71;2021-03-23;3346;500;69618;27144;12.7;5.0
71;2021-03-24;3346;453;72964;27597;13.3;5.0
71;2021-03-25;4025;583;76989;28180;14.1;5.1
71;2021-03-26;4052;331;81041;28511;14.8;5.2
71;2021-03-27;998;105;82039;28616;15.0;5.2
71;2021-03-28;57;8;82096;28624;15.0;5.2
71;2021-03-29;2405;1171;84501;29795;15.4;5.4
71;2021-03-30;2953;1361;87454;31156;16.0;5.7
71;2021-03-31;2554;1516;90008;32672;16.4;6.0
71;2021-04-01;2717;1300;92725;33972;16.9;6.2
71;2021-04-02;2503;1418;95228;35390;17.4;6.5
71;2021-04-03;267;33;95495;35423;17.4;6.5
71;2021-04-04;6;0;95501;35423;17.4;6.5
71;2021-04-05;61;0;95562;35423;17.4;6.5
71;2021-04-06;2260;1874;97822;37297;17.9;6.8
71;2021-04-07;2392;1790;100214;39087;18.3;7.1
71;2021-04-08;3282;1803;103496;40890;18.9;7.5
71;2021-04-09;4039;1669;107535;42559;19.6;7.8
71;2021-04-10;769;44;108304;42603;19.8;7.8
71;2021-04-11;100;3;108404;42606;19.8;7.8
71;2021-04-12;2353;1698;110757;44304;20.2;8.1
71;2021-04-13;2583;1893;113340;46197;20.7;8.4
71;2021-04-14;2369;1921;115709;48118;21.1;8.8
71;2021-04-15;2776;1686;118485;49804;21.6;9.1
71;2021-04-16;2624;1648;121109;51452;22.1;9.4
71;2021-04-17;952;344;122061;51796;22.3;9.5
71;2021-04-18;106;5;122167;51801;22.3;9.5
71;2021-04-19;1759;2574;123926;54375;22.6;9.9
71;2021-04-20;2220;2600;126146;56975;23.0;10.4
71;2021-04-21;2124;2596;128270;59571;23.4;10.9
71;2021-04-22;2510;2439;130780;62010;23.9;11.3
71;2021-04-23;2919;2269;133699;64279;24.4;11.7
71;2021-04-24;518;51;134217;64330;24.5;11.7
71;2021-04-25;26;0;134243;64330;24.5;11.7
71;2021-04-26;2567;2127;136810;66457;25.0;12.1
71;2021-04-27;2985;2258;139795;68715;25.5;12.5
71;2021-04-28;3075;2128;142870;70843;26.1;12.9
71;2021-04-29;3778;2231;146648;73074;26.8;13.3
71;2021-04-30;3928;1724;150576;74798;27.5;13.7
71;2021-05-01;38;53;150614;74851;27.5;13.7
71;2021-05-02;23;18;150637;74869;27.5;13.7
71;2021-05-03;4289;1383;154926;76252;28.3;13.9
71;2021-05-04;2956;2350;157882;78602;28.8;14.3
71;2021-05-05;3426;2093;161308;80695;29.4;14.7
71;2021-05-06;3464;2365;164772;83060;30.1;15.2
71;2021-05-07;3673;2811;168445;85871;30.7;15.7
71;2021-05-08;179;183;168624;86054;30.8;15.7
71;2021-05-09;43;47;168667;86101;30.8;15.7
71;2021-05-10;3699;2282;172366;88383;31.5;16.1
71;2021-05-11;4662;2352;177028;90735;32.3;16.6
71;2021-05-12;3975;2593;181003;93328;33.0;17.0
71;2021-05-13;1576;154;182579;93482;33.3;17.1
71;2021-05-14;3763;2193;186342;95675;34.0;17.5
71;2021-05-15;242;328;186584;96003;34.1;17.5
71;2021-05-16;2;0;186586;96003;34.1;17.5
71;2021-05-17;3864;1884;190450;97887;34.8;17.9
71;2021-05-18;3496;2423;193946;100310;35.4;18.3
71;2021-05-19;3719;2280;197665;102590;36.1;18.7
71;2021-05-20;4181;2295;201846;104885;36.8;19.1
71;2021-05-21;3724;2575;205570;107460;37.5;19.6
71;2021-05-22;168;306;205738;107766;37.6;19.7
71;2021-05-23;14;55;205752;107821;37.6;19.7
71;2021-05-24;18;96;205770;107917;37.6;19.7
71;2021-05-25;2692;3007;208462;110924;38.1;20.2
71;2021-05-26;2972;2433;211434;113357;38.6;20.7
71;2021-05-27;3389;2588;214823;115945;39.2;21.2
71;2021-05-28;2918;3161;217741;119106;39.7;21.7
71;2021-05-29;482;659;218223;119765;39.8;21.9
71;2021-05-30;75;57;218298;119822;39.8;21.9
71;2021-05-31;2775;3458;221073;123280;40.4;22.5
71;2021-06-01;3661;3540;224734;126820;41.0;23.1
71;2021-06-02;3995;2622;228729;129442;41.8;23.6
71;2021-06-03;4436;2529;233165;131971;42.6;24.1
71;2021-06-04;3716;3715;236881;135686;43.2;24.8
71;2021-06-05;684;644;237565;136330;43.4;24.9
71;2021-06-06;57;91;237622;136421;43.4;24.9
71;2021-06-07;3280;4147;240902;140568;44.0;25.7
71;2021-06-08;3896;4011;244798;144579;44.7;26.4
71;2021-06-09;4692;2747;249490;147326;45.5;26.9
71;2021-06-10;5268;2741;254758;150067;46.5;27.4
71;2021-06-11;4437;3719;259195;153786;47.3;28.1
71;2021-06-12;714;593;259909;154379;47.4;28.2
71;2021-06-13;104;187;260013;154566;47.5;28.2
71;2021-06-14;3512;3778;263525;158344;48.1;28.9
71;2021-06-15;4205;3559;267730;161903;48.9;29.6
71;2021-06-16;4596;2720;272326;164623;49.7;30.1
71;2021-06-17;4266;2996;276592;167619;50.5;30.6
71;2021-06-18;4324;3772;280916;171391;51.3;31.3
71;2021-06-19;1270;653;282186;172044;51.5;31.4
71;2021-06-20;37;27;282223;172071;51.5;31.4
71;2021-06-21;2271;4281;284494;176352;51.9;32.2
71;2021-06-22;2685;4352;287179;180704;52.4;33.0
71;2021-06-23;3062;3413;290241;184117;53.0;33.6
71;2021-06-24;3325;3020;293566;187137;53.6;34.2
71;2021-06-25;2652;4472;296218;191609;54.1;35.0
71;2021-06-26;372;551;296590;192160;54.1;35.1
71;2021-06-27;30;68;296620;192228;54.1;35.1
71;2021-06-28;1532;4619;298152;196847;54.4;35.9
71;2021-06-29;1988;4819;300140;201666;54.8;36.8
71;2021-06-30;2493;3928;302633;205594;55.2;37.5
71;2021-07-01;2639;3900;305272;209494;55.7;38.2
71;2021-07-02;2905;3985;308177;213479;56.3;39.0
71;2021-07-03;318;710;308495;214189;56.3;39.1
71;2021-07-04;28;133;308523;214322;56.3;39.1
71;2021-07-05;2473;4321;310996;218643;56.8;39.9
71;2021-07-06;2459;4567;313455;223210;57.2;40.7
71;2021-07-07;2947;3726;316402;226936;57.8;41.4
71;2021-07-08;2765;4111;319167;231047;58.3;42.2
71;2021-07-09;2378;5025;321545;236072;58.7;43.1
71;2021-07-10;207;656;321752;236728;58.7;43.2
71;2021-07-11;15;65;321767;236793;58.7;43.2
71;2021-07-12;1905;5313;323672;242106;59.1;44.2
71;2021-07-13;2533;5869;326205;247975;59.5;45.3
71;2021-07-14;948;398;327153;248373;59.7;45.3
71;2021-07-15;3014;5740;330167;254113;60.3;46.4
71;2021-07-16;3288;6015;333455;260128;60.9;47.5
71;2021-07-17;502;781;333957;260909;61.0;47.6
71;2021-07-18;87;93;334044;261002;61.0;47.6
71;2021-07-19;2857;5580;336901;266582;61.5;48.7
71;2021-07-20;3332;5924;340233;272506;62.1;49.7
71;2021-07-21;3389;5471;343622;277977;62.7;50.7
71;2021-07-22;3929;5334;347551;283311;63.4;51.7
71;2021-07-23;3221;5998;350772;289309;64.0;52.8
71;2021-07-24;701;594;351473;289903;64.2;52.9
71;2021-07-25;145;80;351618;289983;64.2;52.9
71;2021-07-26;3576;4902;355194;294885;64.8;53.8
71;2021-07-27;4063;5113;359257;299998;65.6;54.8
71;2021-07-28;4209;4816;363466;304814;66.3;55.6
71;2021-07-29;4188;4634;367654;309448;67.1;56.5
71;2021-07-30;4219;4913;371873;314361;67.9;57.4
71;2021-07-31;717;725;372590;315086;68.0;57.5
71;2021-08-01;104;35;372694;315121;68.0;57.5
71;2021-08-02;3945;3751;376639;318872;68.8;58.2
71;2021-08-03;4376;3816;381015;322688;69.6;58.9
71;2021-08-04;4366;2974;385381;325662;70.3;59.4
71;2021-08-05;4151;3247;389532;328909;71.1;60.0
71;2021-08-06;3658;3999;393190;332908;71.8;60.8
71;2021-08-07;492;327;393682;333235;71.9;60.8
71;2021-08-08;46;64;393728;333299;71.9;60.8
71;2021-08-09;3013;3407;396741;336706;72.4;61.5
72;2020-12-27;0;0;0;0;0.0;0.0
72;2020-12-28;0;0;0;0;0.0;0.0
72;2020-12-29;0;0;0;0;0.0;0.0
72;2020-12-30;0;0;0;0;0.0;0.0
72;2020-12-31;0;0;0;0;0.0;0.0
72;2021-01-01;2;0;2;0;0.0;0.0
72;2021-01-02;0;0;2;0;0.0;0.0
72;2021-01-03;0;0;2;0;0.0;0.0
72;2021-01-04;0;0;2;0;0.0;0.0
72;2021-01-05;14;0;16;0;0.0;0.0
72;2021-01-06;27;0;43;0;0.0;0.0
72;2021-01-07;110;0;153;0;0.0;0.0
72;2021-01-08;232;0;385;0;0.1;0.0
72;2021-01-09;36;0;421;0;0.1;0.0
72;2021-01-10;0;0;421;0;0.1;0.0
72;2021-01-11;484;1;905;1;0.2;0.0
72;2021-01-12;615;1;1520;2;0.3;0.0
72;2021-01-13;500;1;2020;3;0.4;0.0
72;2021-01-14;644;3;2664;6;0.5;0.0
72;2021-01-15;478;1;3142;7;0.6;0.0
72;2021-01-16;93;0;3235;7;0.6;0.0
72;2021-01-17;0;0;3235;7;0.6;0.0
72;2021-01-18;292;0;3527;7;0.6;0.0
72;2021-01-19;774;3;4301;10;0.8;0.0
72;2021-01-20;1535;6;5836;16;1.0;0.0
72;2021-01-21;1743;5;7579;21;1.4;0.0
72;2021-01-22;1149;6;8728;27;1.6;0.0
72;2021-01-23;32;0;8760;27;1.6;0.0
72;2021-01-24;0;0;8760;27;1.6;0.0
72;2021-01-25;502;6;9262;33;1.7;0.0
72;2021-01-26;1165;22;10427;55;1.9;0.0
72;2021-01-27;882;19;11309;74;2.0;0.0
72;2021-01-28;776;68;12085;142;2.2;0.0
72;2021-01-29;712;70;12797;212;2.3;0.0
72;2021-01-30;58;0;12855;212;2.3;0.0
72;2021-01-31;1;0;12856;212;2.3;0.0
72;2021-02-01;498;229;13354;441;2.4;0.1
72;2021-02-02;506;295;13860;736;2.5;0.1
72;2021-02-03;484;229;14344;965;2.6;0.2
72;2021-02-04;475;342;14819;1307;2.6;0.2
72;2021-02-05;511;409;15330;1716;2.7;0.3
72;2021-02-06;83;14;15413;1730;2.8;0.3
72;2021-02-07;19;3;15432;1733;2.8;0.3
72;2021-02-08;310;405;15742;2138;2.8;0.4
72;2021-02-09;489;532;16231;2670;2.9;0.5
72;2021-02-10;551;928;16782;3598;3.0;0.6
72;2021-02-11;851;1351;17633;4949;3.1;0.9
72;2021-02-12;848;595;18481;5544;3.3;1.0
72;2021-02-13;108;38;18589;5582;3.3;1.0
72;2021-02-14;1;22;18590;5604;3.3;1.0
72;2021-02-15;220;504;18810;6108;3.4;1.1
72;2021-02-16;498;1029;19308;7137;3.4;1.3
72;2021-02-17;464;718;19772;7855;3.5;1.4
72;2021-02-18;594;637;20366;8492;3.6;1.5
72;2021-02-19;520;599;20886;9091;3.7;1.6
72;2021-02-20;80;57;20966;9148;3.7;1.6
72;2021-02-21;0;0;20966;9148;3.7;1.6
72;2021-02-22;325;584;21291;9732;3.8;1.7
72;2021-02-23;566;531;21857;10263;3.9;1.8
72;2021-02-24;434;470;22291;10733;4.0;1.9
72;2021-02-25;920;566;23211;11299;4.1;2.0
72;2021-02-26;600;513;23811;11812;4.3;2.1
72;2021-02-27;322;68;24133;11880;4.3;2.1
72;2021-02-28;15;17;24148;11897;4.3;2.1
72;2021-03-01;378;483;24526;12380;4.4;2.2
72;2021-03-02;503;605;25029;12985;4.5;2.3
72;2021-03-03;732;654;25761;13639;4.6;2.4
72;2021-03-04;738;778;26499;14417;4.7;2.6
72;2021-03-05;936;771;27435;15188;4.9;2.7
72;2021-03-06;760;133;28195;15321;5.0;2.7
72;2021-03-07;447;25;28642;15346;5.1;2.7
72;2021-03-08;559;467;29201;15813;5.2;2.8
72;2021-03-09;1040;659;30241;16472;5.4;2.9
72;2021-03-10;1136;665;31377;17137;5.6;3.1
72;2021-03-11;1606;493;32983;17630;5.9;3.1
72;2021-03-12;1363;519;34346;18149;6.1;3.2
72;2021-03-13;981;117;35327;18266;6.3;3.3
72;2021-03-14;14;10;35341;18276;6.3;3.3
72;2021-03-15;1158;221;36499;18497;6.5;3.3
72;2021-03-16;1051;189;37550;18686;6.7;3.3
72;2021-03-17;1031;257;38581;18943;6.9;3.4
72;2021-03-18;1087;370;39668;19313;7.1;3.4
72;2021-03-19;1274;291;40942;19604;7.3;3.5
72;2021-03-20;485;91;41427;19695;7.4;3.5
72;2021-03-21;19;0;41446;19695;7.4;3.5
72;2021-03-22;1349;341;42795;20036;7.6;3.6
72;2021-03-23;1723;479;44518;20515;7.9;3.7
72;2021-03-24;1837;303;46355;20818;8.3;3.7
72;2021-03-25;2445;461;48800;21279;8.7;3.8
72;2021-03-26;2334;372;51134;21651;9.1;3.9
72;2021-03-27;613;29;51747;21680;9.2;3.9
72;2021-03-28;22;0;51769;21680;9.2;3.9
72;2021-03-29;1616;380;53385;22060;9.5;3.9
72;2021-03-30;2494;385;55879;22445;10.0;4.0
72;2021-03-31;2133;361;58012;22806;10.4;4.1
72;2021-04-01;2833;340;60845;23146;10.9;4.1
72;2021-04-02;2246;395;63091;23541;11.3;4.2
72;2021-04-03;292;39;63383;23580;11.3;4.2
72;2021-04-04;14;3;63397;23583;11.3;4.2
72;2021-04-05;51;49;63448;23632;11.3;4.2
72;2021-04-06;1761;466;65209;24098;11.6;4.3
72;2021-04-07;2563;594;67772;24692;12.1;4.4
72;2021-04-08;2717;770;70489;25462;12.6;4.5
72;2021-04-09;3859;572;74348;26034;13.3;4.6
72;2021-04-10;1111;49;75459;26083;13.5;4.7
72;2021-04-11;7;1;75466;26084;13.5;4.7
72;2021-04-12;1848;897;77314;26981;13.8;4.8
72;2021-04-13;2361;1072;79675;28053;14.2;5.0
72;2021-04-14;2248;1095;81923;29148;14.6;5.2
72;2021-04-15;2421;1113;84344;30261;15.1;5.4
72;2021-04-16;2562;958;86906;31219;15.5;5.6
72;2021-04-17;708;144;87614;31363;15.6;5.6
72;2021-04-18;57;2;87671;31365;15.6;5.6
72;2021-04-19;1396;1095;89067;32460;15.9;5.8
72;2021-04-20;2999;1294;92066;33754;16.4;6.0
72;2021-04-21;2516;1562;94582;35316;16.9;6.3
72;2021-04-22;2814;1793;97396;37109;17.4;6.6
72;2021-04-23;3211;1451;100607;38560;18.0;6.9
72;2021-04-24;1400;265;102007;38825;18.2;6.9
72;2021-04-25;881;19;102888;38844;18.4;6.9
72;2021-04-26;3512;1477;106400;40321;19.0;7.2
72;2021-04-27;4090;1860;110490;42181;19.7;7.5
72;2021-04-28;3832;1861;114322;44042;20.4;7.9
72;2021-04-29;4157;1813;118479;45855;21.1;8.2
72;2021-04-30;3614;1708;122093;47563;21.8;8.5
72;2021-05-01;1642;224;123735;47787;22.1;8.5
72;2021-05-02;1533;158;125268;47945;22.4;8.6
72;2021-05-03;3456;1149;128724;49094;23.0;8.8
72;2021-05-04;4012;1796;132736;50890;23.7;9.1
72;2021-05-05;3866;2174;136602;53064;24.4;9.5
72;2021-05-06;3595;1937;140197;55001;25.0;9.8
72;2021-05-07;3546;2150;143743;57151;25.7;10.2
72;2021-05-08;1900;150;145643;57301;26.0;10.2
72;2021-05-09;2082;205;147725;57506;26.4;10.3
72;2021-05-10;3773;1519;151498;59025;27.0;10.5
72;2021-05-11;4597;1993;156095;61018;27.9;10.9
72;2021-05-12;4083;1819;160178;62837;28.6;11.2
72;2021-05-13;3031;270;163209;63107;29.1;11.3
72;2021-05-14;3662;1385;166871;64492;29.8;11.5
72;2021-05-15;3122;362;169993;64854;30.3;11.6
72;2021-05-16;2501;152;172494;65006;30.8;11.6
72;2021-05-17;3725;1282;176219;66288;31.5;11.8
72;2021-05-18;4332;1686;180551;67974;32.2;12.1
72;2021-05-19;3978;1504;184529;69478;32.9;12.4
72;2021-05-20;4261;1450;188790;70928;33.7;12.7
72;2021-05-21;3791;1385;192581;72313;34.4;12.9
72;2021-05-22;2560;506;195141;72819;34.8;13.0
72;2021-05-23;1391;162;196532;72981;35.1;13.0
72;2021-05-24;2353;295;198885;73276;35.5;13.1
72;2021-05-25;4073;1407;202958;74683;36.2;13.3
72;2021-05-26;4097;1410;207055;76093;37.0;13.6
72;2021-05-27;4345;2044;211400;78137;37.7;13.9
72;2021-05-28;4107;2015;215507;80152;38.5;14.3
72;2021-05-29;2668;809;218175;80961;38.9;14.5
72;2021-05-30;1142;870;219317;81831;39.1;14.6
72;2021-05-31;3120;2328;222437;84159;39.7;15.0
72;2021-06-01;3563;2667;226000;86826;40.3;15.5
72;2021-06-02;3610;2782;229610;89608;41.0;16.0
72;2021-06-03;4241;2995;233851;92603;41.7;16.5
72;2021-06-04;3892;2749;237743;95352;42.4;17.0
72;2021-06-05;1440;2564;239183;97916;42.7;17.5
72;2021-06-06;910;1539;240093;99455;42.9;17.8
72;2021-06-07;1746;3422;241839;102877;43.2;18.4
72;2021-06-08;2928;3834;244767;106711;43.7;19.0
72;2021-06-09;2651;3365;247418;110076;44.2;19.6
72;2021-06-10;2828;3312;250246;113388;44.7;20.2
72;2021-06-11;2839;3771;253085;117159;45.2;20.9
72;2021-06-12;1243;2599;254328;119758;45.4;21.4
72;2021-06-13;388;1859;254716;121617;45.5;21.7
72;2021-06-14;1336;4124;256052;125741;45.7;22.4
72;2021-06-15;2753;3512;258805;129253;46.2;23.1
72;2021-06-16;2427;3573;261232;132826;46.6;23.7
72;2021-06-17;2320;3875;263552;136701;47.0;24.4
72;2021-06-18;2308;4307;265860;141008;47.5;25.2
72;2021-06-19;1127;2762;266987;143770;47.7;25.7
72;2021-06-20;339;2056;267326;145826;47.7;26.0
72;2021-06-21;1565;4031;268891;149857;48.0;26.7
72;2021-06-22;1712;4991;270603;154848;48.3;27.6
72;2021-06-23;2004;4218;272607;159066;48.7;28.4
72;2021-06-24;2231;4011;274838;163077;49.1;29.1
72;2021-06-25;1770;4841;276608;167918;49.4;30.0
72;2021-06-26;1190;2879;277798;170797;49.6;30.5
72;2021-06-27;392;2112;278190;172909;49.7;30.9
72;2021-06-28;1440;4294;279630;177203;49.9;31.6
72;2021-06-29;1765;4742;281395;181945;50.2;32.5
72;2021-06-30;1979;4164;283374;186109;50.6;33.2
72;2021-07-01;1938;4415;285312;190524;50.9;34.0
72;2021-07-02;1849;4716;287161;195240;51.3;34.9
72;2021-07-03;1291;3118;288452;198358;51.5;35.4
72;2021-07-04;583;1946;289035;200304;51.6;35.8
72;2021-07-05;1190;4166;290225;204470;51.8;36.5
72;2021-07-06;1459;5163;291684;209633;52.1;37.4
72;2021-07-07;1580;4611;293264;214244;52.3;38.2
72;2021-07-08;1646;4328;294910;218572;52.6;39.0
72;2021-07-09;2103;4619;297013;223191;53.0;39.8
72;2021-07-10;1587;2691;298600;225882;53.3;40.3
72;2021-07-11;949;1590;299549;227472;53.5;40.6
72;2021-07-12;1592;3757;301141;231229;53.8;41.3
72;2021-07-13;2085;4777;303226;236006;54.1;42.1
72;2021-07-14;1320;2366;304546;238372;54.4;42.5
72;2021-07-15;3483;3433;308029;241805;55.0;43.2
72;2021-07-16;3164;4133;311193;245938;55.5;43.9
72;2021-07-17;2628;1762;313821;247700;56.0;44.2
72;2021-07-18;1706;818;315527;248518;56.3;44.4
72;2021-07-19;2907;3515;318434;252033;56.8;45.0
72;2021-07-20;3024;4290;321458;256323;57.4;45.8
72;2021-07-21;2870;3599;324328;259922;57.9;46.4
72;2021-07-22;3745;2911;328073;262833;58.6;46.9
72;2021-07-23;3446;3786;331519;266619;59.2;47.6
72;2021-07-24;2812;1460;334331;268079;59.7;47.9
72;2021-07-25;1449;1076;335780;269155;59.9;48.0
72;2021-07-26;2714;2920;338494;272075;60.4;48.6
72;2021-07-27;3838;3819;342332;275894;61.1;49.2
72;2021-07-28;3556;3122;345888;279016;61.7;49.8
72;2021-07-29;3554;2709;349442;281725;62.4;50.3
72;2021-07-30;3753;3372;353195;285097;63.0;50.9
72;2021-07-31;2542;1743;355737;286840;63.5;51.2
72;2021-08-01;1826;429;357563;287269;63.8;51.3
72;2021-08-02;3201;2281;360764;289550;64.4;51.7
72;2021-08-03;3223;3300;363987;292850;65.0;52.3
72;2021-08-04;3755;2540;367742;295390;65.6;52.7
72;2021-08-05;3755;2455;371497;297845;66.3;53.2
72;2021-08-06;3327;2671;374824;300516;66.9;53.6
72;2021-08-07;2341;1599;377165;302115;67.3;53.9
72;2021-08-08;1617;688;378782;302803;67.6;54.1
72;2021-08-09;2684;2654;381466;305457;68.1;54.5
73;2020-12-27;0;0;0;0;0.0;0.0
73;2020-12-28;1;0;1;0;0.0;0.0
73;2020-12-29;0;0;1;0;0.0;0.0
73;2020-12-30;0;0;1;0;0.0;0.0
73;2020-12-31;0;0;1;0;0.0;0.0
73;2021-01-01;0;0;1;0;0.0;0.0
73;2021-01-02;0;0;1;0;0.0;0.0
73;2021-01-03;0;0;1;0;0.0;0.0
73;2021-01-04;1;0;2;0;0.0;0.0
73;2021-01-05;0;0;2;0;0.0;0.0
73;2021-01-06;1;0;3;0;0.0;0.0
73;2021-01-07;30;0;33;0;0.0;0.0
73;2021-01-08;81;0;114;0;0.0;0.0
73;2021-01-09;0;0;114;0;0.0;0.0
73;2021-01-10;0;0;114;0;0.0;0.0
73;2021-01-11;86;0;200;0;0.0;0.0
73;2021-01-12;303;1;503;1;0.1;0.0
73;2021-01-13;356;1;859;2;0.2;0.0
73;2021-01-14;512;2;1371;4;0.3;0.0
73;2021-01-15;617;1;1988;5;0.5;0.0
73;2021-01-16;127;0;2115;5;0.5;0.0
73;2021-01-17;0;0;2115;5;0.5;0.0
73;2021-01-18;624;0;2739;5;0.6;0.0
73;2021-01-19;1238;3;3977;8;0.9;0.0
73;2021-01-20;951;1;4928;9;1.1;0.0
73;2021-01-21;982;5;5910;14;1.4;0.0
73;2021-01-22;945;0;6855;14;1.6;0.0
73;2021-01-23;387;0;7242;14;1.7;0.0
73;2021-01-24;0;0;7242;14;1.7;0.0
73;2021-01-25;656;5;7898;19;1.8;0.0
73;2021-01-26;761;2;8659;21;2.0;0.0
73;2021-01-27;1104;5;9763;26;2.3;0.0
73;2021-01-28;961;5;10724;31;2.5;0.0
73;2021-01-29;684;5;11408;36;2.6;0.0
73;2021-01-30;345;3;11753;39;2.7;0.0
73;2021-01-31;0;0;11753;39;2.7;0.0
73;2021-02-01;620;40;12373;79;2.9;0.0
73;2021-02-02;751;334;13124;413;3.0;0.1
73;2021-02-03;653;349;13777;762;3.2;0.2
73;2021-02-04;624;234;14401;996;3.3;0.2
73;2021-02-05;680;410;15081;1406;3.5;0.3
73;2021-02-06;261;38;15342;1444;3.5;0.3
73;2021-02-07;1;0;15343;1444;3.5;0.3
73;2021-02-08;521;253;15864;1697;3.7;0.4
73;2021-02-09;793;444;16657;2141;3.9;0.5
73;2021-02-10;896;395;17553;2536;4.1;0.6
73;2021-02-11;958;708;18511;3244;4.3;0.7
73;2021-02-12;810;498;19321;3742;4.5;0.9
73;2021-02-13;263;58;19584;3800;4.5;0.9
73;2021-02-14;1;0;19585;3800;4.5;0.9
73;2021-02-15;346;528;19931;4328;4.6;1.0
73;2021-02-16;453;762;20384;5090;4.7;1.2
73;2021-02-17;451;966;20835;6056;4.8;1.4
73;2021-02-18;469;556;21304;6612;4.9;1.5
73;2021-02-19;444;636;21748;7248;5.0;1.7
73;2021-02-20;70;249;21818;7497;5.0;1.7
73;2021-02-21;0;0;21818;7497;5.0;1.7
73;2021-02-22;240;442;22058;7939;5.1;1.8
73;2021-02-23;325;523;22383;8462;5.2;2.0
73;2021-02-24;486;748;22869;9210;5.3;2.1
73;2021-02-25;502;506;23371;9716;5.4;2.2
73;2021-02-26;730;566;24101;10282;5.6;2.4
73;2021-02-27;331;238;24432;10520;5.6;2.4
73;2021-02-28;1;1;24433;10521;5.6;2.4
73;2021-03-01;556;510;24989;11031;5.8;2.6
73;2021-03-02;667;898;25656;11929;5.9;2.8
73;2021-03-03;640;1196;26296;13125;6.1;3.0
73;2021-03-04;1035;898;27331;14023;6.3;3.2
73;2021-03-05;1239;608;28570;14631;6.6;3.4
73;2021-03-06;1092;332;29662;14963;6.9;3.5
73;2021-03-07;455;91;30117;15054;7.0;3.5
73;2021-03-08;605;428;30722;15482;7.1;3.6
73;2021-03-09;984;536;31706;16018;7.3;3.7
73;2021-03-10;1036;867;32742;16885;7.6;3.9
73;2021-03-11;1556;654;34298;17539;7.9;4.1
73;2021-03-12;2016;532;36314;18071;8.4;4.2
73;2021-03-13;1178;204;37492;18275;8.7;4.2
73;2021-03-14;66;3;37558;18278;8.7;4.2
73;2021-03-15;1184;395;38742;18673;9.0;4.3
73;2021-03-16;792;397;39534;19070;9.1;4.4
73;2021-03-17;876;477;40410;19547;9.3;4.5
73;2021-03-18;1351;255;41761;19802;9.7;4.6
73;2021-03-19;1765;393;43526;20195;10.1;4.7
73;2021-03-20;886;127;44412;20322;10.3;4.7
73;2021-03-21;123;2;44535;20324;10.3;4.7
73;2021-03-22;1182;390;45717;20714;10.6;4.8
73;2021-03-23;1447;233;47164;20947;10.9;4.8
73;2021-03-24;1592;343;48756;21290;11.3;4.9
73;2021-03-25;2061;381;50817;21671;11.7;5.0
73;2021-03-26;2471;359;53288;22030;12.3;5.1
73;2021-03-27;886;143;54174;22173;12.5;5.1
73;2021-03-28;310;11;54484;22184;12.6;5.1
73;2021-03-29;1509;234;55993;22418;12.9;5.2
73;2021-03-30;2087;477;58080;22895;13.4;5.3
73;2021-03-31;2088;394;60168;23289;13.9;5.4
73;2021-04-01;2088;329;62256;23618;14.4;5.5
73;2021-04-02;2358;218;64614;23836;14.9;5.5
73;2021-04-03;848;145;65462;23981;15.1;5.5
73;2021-04-04;188;18;65650;23999;15.2;5.5
73;2021-04-05;212;26;65862;24025;15.2;5.6
73;2021-04-06;1506;501;67368;24526;15.6;5.7
73;2021-04-07;1947;644;69315;25170;16.0;5.8
73;2021-04-08;2490;815;71805;25985;16.6;6.0
73;2021-04-09;3060;511;74865;26496;17.3;6.1
73;2021-04-10;1135;312;76000;26808;17.6;6.2
73;2021-04-11;163;8;76163;26816;17.6;6.2
73;2021-04-12;1698;972;77861;27788;18.0;6.4
73;2021-04-13;1892;1124;79753;28912;18.4;6.7
73;2021-04-14;2016;1085;81769;29997;18.9;6.9
73;2021-04-15;2416;1184;84185;31181;19.5;7.2
73;2021-04-16;1893;928;86078;32109;19.9;7.4
73;2021-04-17;1176;556;87254;32665;20.2;7.6
73;2021-04-18;155;76;87409;32741;20.2;7.6
73;2021-04-19;1382;1055;88791;33796;20.5;7.8
73;2021-04-20;1790;1314;90581;35110;20.9;8.1
73;2021-04-21;1574;1300;92155;36410;21.3;8.4
73;2021-04-22;1814;1220;93969;37630;21.7;8.7
73;2021-04-23;1895;1249;95864;38879;22.2;9.0
73;2021-04-24;980;670;96844;39549;22.4;9.1
73;2021-04-25;79;97;96923;39646;22.4;9.2
73;2021-04-26;1165;1318;98088;40964;22.7;9.5
73;2021-04-27;1441;1469;99529;42433;23.0;9.8
73;2021-04-28;1732;1459;101261;43892;23.4;10.1
73;2021-04-29;2412;1564;103673;45456;24.0;10.5
73;2021-04-30;2398;1438;106071;46894;24.5;10.8
73;2021-05-01;1068;305;107139;47199;24.8;10.9
73;2021-05-02;34;165;107173;47364;24.8;10.9
73;2021-05-03;1393;1590;108566;48954;25.1;11.3
73;2021-05-04;1707;1829;110273;50783;25.5;11.7
73;2021-05-05;1973;1683;112246;52466;25.9;12.1
73;2021-05-06;2429;1698;114675;54164;26.5;12.5
73;2021-05-07;2261;1849;116936;56013;27.0;12.9
73;2021-05-08;1836;378;118772;56391;27.5;13.0
73;2021-05-09;127;123;118899;56514;27.5;13.1
73;2021-05-10;1606;1890;120505;58404;27.9;13.5
73;2021-05-11;2378;2368;122883;60772;28.4;14.0
73;2021-05-12;3555;2092;126438;62864;29.2;14.5
73;2021-05-13;1554;274;127992;63138;29.6;14.6
73;2021-05-14;1585;1489;129577;64627;30.0;14.9
73;2021-05-15;1445;942;131022;65569;30.3;15.2
73;2021-05-16;131;62;131153;65631;30.3;15.2
73;2021-05-17;1710;1951;132863;67582;30.7;15.6
73;2021-05-18;2495;1733;135358;69315;31.3;16.0
73;2021-05-19;2540;1622;137898;70937;31.9;16.4
73;2021-05-20;3162;1501;141060;72438;32.6;16.7
73;2021-05-21;2473;1848;143533;74286;33.2;17.2
73;2021-05-22;1989;922;145522;75208;33.6;17.4
73;2021-05-23;212;14;145734;75222;33.7;17.4
73;2021-05-24;2565;329;148299;75551;34.3;17.5
73;2021-05-25;2140;1740;150439;77291;34.8;17.9
73;2021-05-26;2343;2000;152782;79291;35.3;18.3
73;2021-05-27;3083;1712;155865;81003;36.0;18.7
73;2021-05-28;2917;2373;158782;83376;36.7;19.3
73;2021-05-29;2316;1322;161098;84698;37.2;19.6
73;2021-05-30;186;14;161284;84712;37.3;19.6
73;2021-05-31;2410;1628;163694;86340;37.8;20.0
73;2021-06-01;3179;1790;166873;88130;38.6;20.4
73;2021-06-02;3102;1461;169975;89591;39.3;20.7
73;2021-06-03;4422;1742;174397;91333;40.3;21.1
73;2021-06-04;4277;2180;178674;93513;41.3;21.6
73;2021-06-05;3158;1279;181832;94792;42.0;21.9
73;2021-06-06;1882;298;183714;95090;42.5;22.0
73;2021-06-07;2755;2144;186469;97234;43.1;22.5
73;2021-06-08;2685;1876;189154;99110;43.7;22.9
73;2021-06-09;2364;1789;191518;100899;44.3;23.3
73;2021-06-10;2005;1652;193523;102551;44.7;23.7
73;2021-06-11;2191;2441;195714;104992;45.2;24.3
73;2021-06-12;2246;1332;197960;106324;45.8;24.6
73;2021-06-13;44;82;198004;106406;45.8;24.6
73;2021-06-14;1348;2930;199352;109336;46.1;25.3
73;2021-06-15;1593;2755;200945;112091;46.5;25.9
73;2021-06-16;1466;2570;202411;114661;46.8;26.5
73;2021-06-17;944;1726;203355;116387;47.0;26.9
73;2021-06-18;1883;2931;205238;119318;47.4;27.6
73;2021-06-19;1422;1985;206660;121303;47.8;28.0
73;2021-06-20;448;306;207108;121609;47.9;28.1
73;2021-06-21;1110;2938;208218;124547;48.1;28.8
73;2021-06-22;1093;2871;209311;127418;48.4;29.5
73;2021-06-23;1084;3137;210395;130555;48.6;30.2
73;2021-06-24;881;1792;211276;132347;48.8;30.6
73;2021-06-25;1326;2801;212602;135148;49.2;31.2
73;2021-06-26;968;2398;213570;137546;49.4;31.8
73;2021-06-27;328;548;213898;138094;49.5;31.9
73;2021-06-28;965;3557;214863;141651;49.7;32.7
73;2021-06-29;1074;3335;215937;144986;49.9;33.5
73;2021-06-30;1236;3120;217173;148106;50.2;34.2
73;2021-07-01;1133;2363;218306;150469;50.5;34.8
73;2021-07-02;1206;3617;219512;154086;50.7;35.6
73;2021-07-03;958;2792;220470;156878;51.0;36.3
73;2021-07-04;301;618;220771;157496;51.0;36.4
73;2021-07-05;1152;3686;221923;161182;51.3;37.3
73;2021-07-06;1242;2947;223165;164129;51.6;37.9
73;2021-07-07;1433;2952;224598;167081;51.9;38.6
73;2021-07-08;1367;2300;225965;169381;52.2;39.2
73;2021-07-09;1428;4025;227393;173406;52.6;40.1
73;2021-07-10;887;3012;228280;176418;52.8;40.8
73;2021-07-11;561;1467;228841;177885;52.9;41.1
73;2021-07-12;1058;4199;229899;182084;53.1;42.1
73;2021-07-13;1727;4229;231626;186313;53.5;43.1
73;2021-07-14;1842;1914;233468;188227;54.0;43.5
73;2021-07-15;2738;3800;236206;192027;54.6;44.4
73;2021-07-16;2400;4013;238606;196040;55.2;45.3
73;2021-07-17;1506;2604;240112;198644;55.5;45.9
73;2021-07-18;1177;1218;241289;199862;55.8;46.2
73;2021-07-19;2429;3241;243718;203103;56.3;47.0
73;2021-07-20;3345;2847;247063;205950;57.1;47.6
73;2021-07-21;3366;2774;250429;208724;57.9;48.3
73;2021-07-22;2708;2212;253137;210936;58.5;48.8
73;2021-07-23;3380;2892;256517;213828;59.3;49.4
73;2021-07-24;2046;2268;258563;216096;59.8;50.0
73;2021-07-25;621;793;259184;216889;59.9;50.1
73;2021-07-26;2614;2488;261798;219377;60.5;50.7
73;2021-07-27;3778;2260;265576;221637;61.4;51.2
73;2021-07-28;3511;2081;269087;223718;62.2;51.7
73;2021-07-29;3946;2137;273033;225855;63.1;52.2
73;2021-07-30;3536;2461;276569;228316;63.9;52.8
73;2021-07-31;2460;1582;279029;229898;64.5;53.1
73;2021-08-01;829;618;279858;230516;64.7;53.3
73;2021-08-02;3074;2093;282932;232609;65.4;53.8
73;2021-08-03;3475;1980;286407;234589;66.2;54.2
73;2021-08-04;3273;2001;289680;236590;67.0;54.7
73;2021-08-05;2849;2212;292529;238802;67.6;55.2
73;2021-08-06;2494;2366;295023;241168;68.2;55.8
73;2021-08-07;1391;1474;296414;242642;68.5;56.1
73;2021-08-08;426;614;296840;243256;68.6;56.2
73;2021-08-09;1764;2375;298604;245631;69.0;56.8
74;2020-12-27;3;0;3;0;0.0;0.0
74;2020-12-28;2;0;5;0;0.0;0.0
74;2020-12-29;0;0;5;0;0.0;0.0
74;2020-12-30;0;0;5;0;0.0;0.0
74;2020-12-31;0;0;5;0;0.0;0.0
74;2021-01-01;0;0;5;0;0.0;0.0
74;2021-01-02;1;1;6;1;0.0;0.0
74;2021-01-03;0;0;6;1;0.0;0.0
74;2021-01-04;0;0;6;1;0.0;0.0
74;2021-01-05;1;0;7;1;0.0;0.0
74;2021-01-06;44;0;51;1;0.0;0.0
74;2021-01-07;218;1;269;2;0.0;0.0
74;2021-01-08;291;2;560;4;0.1;0.0
74;2021-01-09;78;0;638;4;0.1;0.0
74;2021-01-10;73;0;711;4;0.1;0.0
74;2021-01-11;373;0;1084;4;0.1;0.0
74;2021-01-12;404;3;1488;7;0.2;0.0
74;2021-01-13;395;0;1883;7;0.2;0.0
74;2021-01-14;463;1;2346;8;0.3;0.0
74;2021-01-15;638;4;2984;12;0.4;0.0
74;2021-01-16;251;1;3235;13;0.4;0.0
74;2021-01-17;130;1;3365;14;0.4;0.0
74;2021-01-18;521;0;3886;14;0.5;0.0
74;2021-01-19;809;2;4695;16;0.6;0.0
74;2021-01-20;1275;4;5970;20;0.7;0.0
74;2021-01-21;1564;1;7534;21;0.9;0.0
74;2021-01-22;1240;6;8774;27;1.1;0.0
74;2021-01-23;344;1;9118;28;1.1;0.0
74;2021-01-24;90;0;9208;28;1.1;0.0
74;2021-01-25;795;2;10003;30;1.2;0.0
74;2021-01-26;1353;11;11356;41;1.4;0.0
74;2021-01-27;1074;10;12430;51;1.5;0.0
74;2021-01-28;986;29;13416;80;1.6;0.0
74;2021-01-29;877;42;14293;122;1.7;0.0
74;2021-01-30;304;1;14597;123;1.8;0.0
74;2021-01-31;84;1;14681;124;1.8;0.0
74;2021-02-01;627;44;15308;168;1.8;0.0
74;2021-02-02;641;154;15949;322;1.9;0.0
74;2021-02-03;603;124;16552;446;2.0;0.1
74;2021-02-04;612;136;17164;582;2.1;0.1
74;2021-02-05;546;226;17710;808;2.1;0.1
74;2021-02-06;268;140;17978;948;2.2;0.1
74;2021-02-07;93;127;18071;1075;2.2;0.1
74;2021-02-08;616;350;18687;1425;2.3;0.2
74;2021-02-09;535;534;19222;1959;2.3;0.2
74;2021-02-10;687;523;19909;2482;2.4;0.3
74;2021-02-11;1065;1021;20974;3503;2.5;0.4
74;2021-02-12;905;616;21879;4119;2.6;0.5
74;2021-02-13;401;240;22280;4359;2.7;0.5
74;2021-02-14;316;114;22596;4473;2.7;0.5
74;2021-02-15;276;854;22872;5327;2.8;0.6
74;2021-02-16;487;1067;23359;6394;2.8;0.8
74;2021-02-17;541;1112;23900;7506;2.9;0.9
74;2021-02-18;472;994;24372;8500;2.9;1.0
74;2021-02-19;618;656;24990;9156;3.0;1.1
74;2021-02-20;114;191;25104;9347;3.0;1.1
74;2021-02-21;46;62;25150;9409;3.0;1.1
74;2021-02-22;316;786;25466;10195;3.1;1.2
74;2021-02-23;303;823;25769;11018;3.1;1.3
74;2021-02-24;239;682;26008;11700;3.1;1.4
74;2021-02-25;518;752;26526;12452;3.2;1.5
74;2021-02-26;971;701;27497;13153;3.3;1.6
74;2021-02-27;254;183;27751;13336;3.3;1.6
74;2021-02-28;124;71;27875;13407;3.4;1.6
74;2021-03-01;719;631;28594;14038;3.5;1.7
74;2021-03-02;1089;686;29683;14724;3.6;1.8
74;2021-03-03;1011;632;30694;15356;3.7;1.9
74;2021-03-04;1608;1016;32302;16372;3.9;2.0
74;2021-03-05;2085;896;34387;17268;4.2;2.1
74;2021-03-06;1751;320;36138;17588;4.4;2.1
74;2021-03-07;1383;104;37521;17692;4.5;2.1
74;2021-03-08;1195;957;38716;18649;4.7;2.3
74;2021-03-09;1944;661;40660;19310;4.9;2.3
74;2021-03-10;1741;906;42401;20216;5.1;2.4
74;2021-03-11;2441;718;44842;20934;5.4;2.5
74;2021-03-12;3239;1006;48081;21940;5.8;2.6
74;2021-03-13;1997;271;50078;22211;6.0;2.7
74;2021-03-14;607;101;50685;22312;6.1;2.7
74;2021-03-15;2121;552;52806;22864;6.4;2.8
74;2021-03-16;1952;404;54758;23268;6.6;2.8
74;2021-03-17;1969;308;56727;23576;6.8;2.8
74;2021-03-18;2127;283;58854;23859;7.1;2.9
74;2021-03-19;2627;292;61481;24151;7.4;2.9
74;2021-03-20;1373;89;62854;24240;7.6;2.9
74;2021-03-21;287;30;63141;24270;7.6;2.9
74;2021-03-22;2046;318;65187;24588;7.9;3.0
74;2021-03-23;2715;324;67902;24912;8.2;3.0
74;2021-03-24;2938;288;70840;25200;8.6;3.0
74;2021-03-25;3866;291;74706;25491;9.0;3.1
74;2021-03-26;4088;370;78794;25861;9.5;3.1
74;2021-03-27;1937;248;80731;26109;9.7;3.2
74;2021-03-28;437;76;81168;26185;9.8;3.2
74;2021-03-29;3029;710;84197;26895;10.2;3.2
74;2021-03-30;3539;757;87736;27652;10.6;3.3
74;2021-03-31;3139;714;90875;28366;11.0;3.4
74;2021-04-01;4230;879;95105;29245;11.5;3.5
74;2021-04-02;3699;775;98804;30020;11.9;3.6
74;2021-04-03;1693;534;100497;30554;12.1;3.7
74;2021-04-04;236;120;100733;30674;12.2;3.7
74;2021-04-05;431;17;101164;30691;12.2;3.7
74;2021-04-06;2623;1208;103787;31899;12.5;3.9
74;2021-04-07;3185;1239;106972;33138;12.9;4.0
74;2021-04-08;3858;1172;110830;34310;13.4;4.1
74;2021-04-09;4094;1166;114924;35476;13.9;4.3
74;2021-04-10;1945;1034;116869;36510;14.1;4.4
74;2021-04-11;252;182;117121;36692;14.1;4.4
74;2021-04-12;2712;1766;119833;38458;14.5;4.6
74;2021-04-13;3112;2085;122945;40543;14.8;4.9
74;2021-04-14;2896;1955;125841;42498;15.2;5.1
74;2021-04-15;3450;1895;129291;44393;15.6;5.4
74;2021-04-16;3377;1769;132668;46162;16.0;5.6
74;2021-04-17;1930;1031;134598;47193;16.2;5.7
74;2021-04-18;218;206;134816;47399;16.3;5.7
74;2021-04-19;2098;2093;136914;49492;16.5;6.0
74;2021-04-20;3062;2414;139976;51906;16.9;6.3
74;2021-04-21;2460;2368;142436;54274;17.2;6.6
74;2021-04-22;2622;2320;145058;56594;17.5;6.8
74;2021-04-23;2562;2237;147620;58831;17.8;7.1
74;2021-04-24;1484;1535;149104;60366;18.0;7.3
74;2021-04-25;224;150;149328;60516;18.0;7.3
74;2021-04-26;2392;2456;151720;62972;18.3;7.6
74;2021-04-27;3268;2903;154988;65875;18.7;8.0
74;2021-04-28;3459;2621;158447;68496;19.1;8.3
74;2021-04-29;3912;2663;162359;71159;19.6;8.6
74;2021-04-30;4074;2211;166433;73370;20.1;8.9
74;2021-05-01;2118;373;168551;73743;20.3;8.9
74;2021-05-02;204;234;168755;73977;20.4;8.9
74;2021-05-03;2594;3004;171349;76981;20.7;9.3
74;2021-05-04;3221;3090;174570;80071;21.1;9.7
74;2021-05-05;3396;3010;177966;83081;21.5;10.0
74;2021-05-06;3856;2629;181822;85710;21.9;10.3
74;2021-05-07;3594;3537;185416;89247;22.4;10.8
74;2021-05-08;1149;822;186565;90069;22.5;10.9
74;2021-05-09;193;248;186758;90317;22.5;10.9
74;2021-05-10;3469;3137;190227;93454;23.0;11.3
74;2021-05-11;4322;3427;194549;96881;23.5;11.7
74;2021-05-12;5299;2960;199848;99841;24.1;12.1
74;2021-05-13;2361;945;202209;100786;24.4;12.2
74;2021-05-14;5946;2390;208155;103176;25.1;12.5
74;2021-05-15;4516;1852;212671;105028;25.7;12.7
74;2021-05-16;3007;336;215678;105364;26.0;12.7
74;2021-05-17;5397;2878;221075;108242;26.7;13.1
74;2021-05-18;6777;2800;227852;111042;27.5;13.4
74;2021-05-19;6228;2292;234080;113334;28.3;13.7
74;2021-05-20;6642;2545;240722;115879;29.1;14.0
74;2021-05-21;6523;2977;247245;118856;29.8;14.3
74;2021-05-22;5294;1568;252539;120424;30.5;14.5
74;2021-05-23;2051;282;254590;120706;30.7;14.6
74;2021-05-24;2360;661;256950;121367;31.0;14.7
74;2021-05-25;5069;3333;262019;124700;31.6;15.1
74;2021-05-26;5249;2560;267268;127260;32.3;15.4
74;2021-05-27;5999;2981;273267;130241;33.0;15.7
74;2021-05-28;5657;3583;278924;133824;33.7;16.2
74;2021-05-29;3794;2149;282718;135973;34.1;16.4
74;2021-05-30;488;308;283206;136281;34.2;16.5
74;2021-05-31;5070;3550;288276;139831;34.8;16.9
74;2021-06-01;4923;3724;293199;143555;35.4;17.3
74;2021-06-02;5256;3202;298455;146757;36.0;17.7
74;2021-06-03;6887;3247;305342;150004;36.9;18.1
74;2021-06-04;6902;4427;312244;154431;37.7;18.6
74;2021-06-05;4611;2708;316855;157139;38.2;19.0
74;2021-06-06;123;112;316978;157251;38.3;19.0
74;2021-06-07;5029;4143;322007;161394;38.9;19.5
74;2021-06-08;5017;3944;327024;165338;39.5;20.0
74;2021-06-09;5070;3485;332094;168823;40.1;20.4
74;2021-06-10;5118;2868;337212;171691;40.7;20.7
74;2021-06-11;5211;3807;342423;175498;41.3;21.2
74;2021-06-12;3569;2386;345992;177884;41.8;21.5
74;2021-06-13;119;89;346111;177973;41.8;21.5
74;2021-06-14;3592;4484;349703;182457;42.2;22.0
74;2021-06-15;3661;3898;353364;186355;42.7;22.5
74;2021-06-16;4814;3121;358178;189476;43.2;22.9
74;2021-06-17;3815;2955;361993;192431;43.7;23.2
74;2021-06-18;4111;4662;366104;197093;44.2;23.8
74;2021-06-19;2995;3099;369099;200192;44.6;24.2
74;2021-06-20;123;97;369222;200289;44.6;24.2
74;2021-06-21;2381;5423;371603;205712;44.9;24.8
74;2021-06-22;2491;5314;374094;211026;45.2;25.5
74;2021-06-23;2965;4614;377059;215640;45.5;26.0
74;2021-06-24;2854;4629;379913;220269;45.9;26.6
74;2021-06-25;2924;6766;382837;227035;46.2;27.4
74;2021-06-26;1707;5398;384544;232433;46.4;28.1
74;2021-06-27;63;1663;384607;234096;46.4;28.3
74;2021-06-28;1915;7215;386522;241311;46.7;29.1
74;2021-06-29;2300;7421;388822;248732;46.9;30.0
74;2021-06-30;2732;6541;391554;255273;47.3;30.8
74;2021-07-01;3056;5409;394610;260682;47.6;31.5
74;2021-07-02;2996;6634;397606;267316;48.0;32.3
74;2021-07-03;1696;5079;399302;272395;48.2;32.9
74;2021-07-04;79;1022;399381;273417;48.2;33.0
74;2021-07-05;2033;6840;401414;280257;48.5;33.8
74;2021-07-06;2563;6489;403977;286746;48.8;34.6
74;2021-07-07;2952;5448;406929;292194;49.1;35.3
74;2021-07-08;3778;4903;410707;297097;49.6;35.9
74;2021-07-09;2602;6973;413309;304070;49.9;36.7
74;2021-07-10;1605;5131;414914;309201;50.1;37.3
74;2021-07-11;72;141;414986;309342;50.1;37.3
74;2021-07-12;2056;7900;417042;317242;50.3;38.3
74;2021-07-13;3935;7581;420977;324823;50.8;39.2
74;2021-07-14;1955;2237;422932;327060;51.1;39.5
74;2021-07-15;3554;6862;426486;333922;51.5;40.3
74;2021-07-16;4155;7743;430641;341665;52.0;41.2
74;2021-07-17;2832;5328;433473;346993;52.3;41.9
74;2021-07-18;149;157;433622;347150;52.3;41.9
74;2021-07-19;4250;7344;437872;354494;52.9;42.8
74;2021-07-20;5759;6452;443631;360946;53.6;43.6
74;2021-07-21;5500;6660;449131;367606;54.2;44.4
74;2021-07-22;4719;5319;453850;372925;54.8;45.0
74;2021-07-23;6061;6968;459911;379893;55.5;45.9
74;2021-07-24;3027;4309;462938;384202;55.9;46.4
74;2021-07-25;160;174;463098;384376;55.9;46.4
74;2021-07-26;5408;6112;468506;390488;56.6;47.1
74;2021-07-27;6720;5153;475226;395641;57.4;47.8
74;2021-07-28;6432;5088;481658;400729;58.1;48.4
74;2021-07-29;5229;3916;486887;404645;58.8;48.8
74;2021-07-30;6601;5476;493488;410121;59.6;49.5
74;2021-07-31;4326;3106;497814;413227;60.1;49.9
74;2021-08-01;176;152;497990;413379;60.1;49.9
74;2021-08-02;5817;4365;503807;417744;60.8;50.4
74;2021-08-03;5819;3831;509626;421575;61.5;50.9
74;2021-08-04;6059;3458;515685;425033;62.3;51.3
74;2021-08-05;4859;3235;520544;428268;62.8;51.7
74;2021-08-06;4885;4142;525429;432410;63.4;52.2
74;2021-08-07;3169;2867;528598;435277;63.8;52.5
74;2021-08-08;150;132;528748;435409;63.8;52.6
74;2021-08-09;4837;4763;533585;440172;64.4;53.1
75;2020-12-27;37;1;37;1;0.0;0.0
75;2020-12-28;45;0;82;1;0.0;0.0
75;2020-12-29;15;0;97;1;0.0;0.0
75;2020-12-30;44;0;141;1;0.0;0.0
75;2020-12-31;31;0;172;1;0.0;0.0
75;2021-01-01;38;2;210;3;0.0;0.0
75;2021-01-02;57;1;267;4;0.0;0.0
75;2021-01-03;93;0;360;4;0.0;0.0
75;2021-01-04;297;1;657;5;0.0;0.0
75;2021-01-05;865;13;1522;18;0.1;0.0
75;2021-01-06;1352;16;2874;34;0.1;0.0
75;2021-01-07;2059;19;4933;53;0.2;0.0
75;2021-01-08;2864;31;7797;84;0.4;0.0
75;2021-01-09;1090;2;8887;86;0.4;0.0
75;2021-01-10;1095;5;9982;91;0.5;0.0
75;2021-01-11;3072;46;13054;137;0.6;0.0
75;2021-01-12;3470;55;16524;192;0.8;0.0
75;2021-01-13;3543;42;20067;234;0.9;0.0
75;2021-01-14;3679;63;23746;297;1.1;0.0
75;2021-01-15;3302;44;27048;341;1.3;0.0
75;2021-01-16;1124;16;28172;357;1.3;0.0
75;2021-01-17;546;14;28718;371;1.3;0.0
75;2021-01-18;3253;74;31971;445;1.5;0.0
75;2021-01-19;3842;46;35813;491;1.7;0.0
75;2021-01-20;4387;64;40200;555;1.9;0.0
75;2021-01-21;4890;81;45090;636;2.1;0.0
75;2021-01-22;4563;81;49653;717;2.3;0.0
75;2021-01-23;1750;13;51403;730;2.4;0.0
75;2021-01-24;735;7;52138;737;2.4;0.0
75;2021-01-25;1702;25;53840;762;2.5;0.0
75;2021-01-26;2538;87;56378;849;2.6;0.0
75;2021-01-27;3092;160;59470;1009;2.8;0.0
75;2021-01-28;4755;264;64225;1273;3.0;0.1
75;2021-01-29;4033;267;68258;1540;3.2;0.1
75;2021-01-30;1351;34;69609;1574;3.2;0.1
75;2021-01-31;213;3;69822;1577;3.3;0.1
75;2021-02-01;1605;380;71427;1957;3.3;0.1
75;2021-02-02;2123;650;73550;2607;3.4;0.1
75;2021-02-03;1870;687;75420;3294;3.5;0.2
75;2021-02-04;2129;1131;77549;4425;3.6;0.2
75;2021-02-05;2199;870;79748;5295;3.7;0.2
75;2021-02-06;1089;93;80837;5388;3.8;0.3
75;2021-02-07;167;6;81004;5394;3.8;0.3
75;2021-02-08;1242;1472;82246;6866;3.8;0.3
75;2021-02-09;1766;2384;84012;9250;3.9;0.4
75;2021-02-10;2397;2400;86409;11650;4.0;0.5
75;2021-02-11;2919;6436;89328;18086;4.2;0.8
75;2021-02-12;3103;2410;92431;20496;4.3;1.0
75;2021-02-13;840;1054;93271;21550;4.3;1.0
75;2021-02-14;195;42;93466;21592;4.4;1.0
75;2021-02-15;987;2470;94453;24062;4.4;1.1
75;2021-02-16;1427;6548;95880;30610;4.5;1.4
75;2021-02-17;1301;3237;97181;33847;4.5;1.6
75;2021-02-18;1740;5871;98921;39718;4.6;1.8
75;2021-02-19;2200;4148;101121;43866;4.7;2.0
75;2021-02-20;470;1693;101591;45559;4.7;2.1
75;2021-02-21;184;161;101775;45720;4.7;2.1
75;2021-02-22;1200;1931;102975;47651;4.8;2.2
75;2021-02-23;1428;2727;104403;50378;4.9;2.3
75;2021-02-24;1673;2344;106076;52722;4.9;2.5
75;2021-02-25;2756;5337;108832;58059;5.1;2.7
75;2021-02-26;3344;2735;112176;60794;5.2;2.8
75;2021-02-27;1395;939;113571;61733;5.3;2.9
75;2021-02-28;316;142;113887;61875;5.3;2.9
75;2021-03-01;2577;1686;116464;63561;5.4;3.0
75;2021-03-02;4143;2209;120607;65770;5.6;3.1
75;2021-03-03;5391;2347;125998;68117;5.9;3.2
75;2021-03-04;8009;2592;134007;70709;6.2;3.3
75;2021-03-05;10512;2750;144519;73459;6.7;3.4
75;2021-03-06;11037;1073;155556;74532;7.2;3.5
75;2021-03-07;9476;1514;165032;76046;7.7;3.5
75;2021-03-08;5856;1566;170888;77612;8.0;3.6
75;2021-03-09;7484;2135;178372;79747;8.3;3.7
75;2021-03-10;7459;2127;185831;81874;8.7;3.8
75;2021-03-11;10294;2527;196125;84401;9.1;3.9
75;2021-03-12;12029;2550;208154;86951;9.7;4.0
75;2021-03-13;8519;763;216673;87714;10.1;4.1
75;2021-03-14;4149;237;220822;87951;10.3;4.1
75;2021-03-15;7417;971;228239;88922;10.6;4.1
75;2021-03-16;5126;682;233365;89604;10.9;4.2
75;2021-03-17;5392;826;238757;90430;11.1;4.2
75;2021-03-18;6588;871;245345;91301;11.4;4.2
75;2021-03-19;9710;986;255055;92287;11.9;4.3
75;2021-03-20;5902;608;260957;92895;12.1;4.3
75;2021-03-21;1573;434;262530;93329;12.2;4.3
75;2021-03-22;8599;1015;271129;94344;12.6;4.4
75;2021-03-23;10916;1250;282045;95594;13.1;4.4
75;2021-03-24;10957;1322;293002;96916;13.6;4.5
75;2021-03-25;14173;1519;307175;98435;14.3;4.6
75;2021-03-26;13930;1683;321105;100118;14.9;4.7
75;2021-03-27;7251;772;328356;100890;15.3;4.7
75;2021-03-28;1766;150;330122;101040;15.4;4.7
75;2021-03-29;7937;2216;338059;103256;15.7;4.8
75;2021-03-30;10884;3247;348943;106503;16.2;5.0
75;2021-03-31;9703;3610;358646;110113;16.7;5.1
75;2021-04-01;10639;5210;369285;115323;17.2;5.4
75;2021-04-02;9012;5573;378297;120896;17.6;5.6
75;2021-04-03;4100;4892;382397;125788;17.8;5.9
75;2021-04-04;1404;1500;383801;127288;17.9;5.9
75;2021-04-05;2221;1439;386022;128727;18.0;6.0
75;2021-04-06;6856;4307;392878;133034;18.3;6.2
75;2021-04-07;8039;4421;400917;137455;18.7;6.4
75;2021-04-08;11022;4162;411939;141617;19.2;6.6
75;2021-04-09;12164;4608;424103;146225;19.7;6.8
75;2021-04-10;5812;4273;429915;150498;20.0;7.0
75;2021-04-11;1909;1796;431824;152294;20.1;7.1
75;2021-04-12;7446;3783;439270;156077;20.4;7.3
75;2021-04-13;8533;6866;447803;162943;20.8;7.6
75;2021-04-14;8251;5224;456054;168167;21.2;7.8
75;2021-04-15;8857;6131;464911;174298;21.6;8.1
75;2021-04-16;9338;6110;474249;180408;22.1;8.4
75;2021-04-17;4807;3652;479056;184060;22.3;8.6
75;2021-04-18;1654;877;480710;184937;22.4;8.6
75;2021-04-19;5551;4945;486261;189882;22.6;8.8
75;2021-04-20;6433;5953;492694;195835;22.9;9.1
75;2021-04-21;6832;5570;499526;201405;23.3;9.4
75;2021-04-22;7517;5919;507043;207324;23.6;9.7
75;2021-04-23;8479;6289;515522;213613;24.0;9.9
75;2021-04-24;6147;3343;521669;216956;24.3;10.1
75;2021-04-25;2947;757;524616;217713;24.4;10.1
75;2021-04-26;7014;4725;531630;222438;24.7;10.4
75;2021-04-27;10565;6422;542195;228860;25.2;10.7
75;2021-04-28;12171;6025;554366;234885;25.8;10.9
75;2021-04-29;13737;6326;568103;241211;26.4;11.2
75;2021-04-30;13645;6168;581748;247379;27.1;11.5
75;2021-05-01;5065;1329;586813;248708;27.3;11.6
75;2021-05-02;2376;791;589189;249499;27.4;11.6
75;2021-05-03;10267;13534;599456;263033;27.9;12.2
75;2021-05-04;11152;8071;610608;271104;28.4;12.6
75;2021-05-05;13525;6710;624133;277814;29.1;12.9
75;2021-05-06;13982;8191;638115;286005;29.7;13.3
75;2021-05-07;13955;8590;652070;294595;30.4;13.7
75;2021-05-08;10056;5524;662126;300119;30.8;14.0
75;2021-05-09;3810;3201;665936;303320;31.0;14.1
75;2021-05-10;14275;6725;680211;310045;31.7;14.4
75;2021-05-11;16822;8429;697033;318474;32.4;14.8
75;2021-05-12;17936;8165;714969;326639;33.3;15.2
75;2021-05-13;13605;2511;728574;329150;33.9;15.3
75;2021-05-14;18360;5144;746934;334294;34.8;15.6
75;2021-05-15;12287;2639;759221;336933;35.3;15.7
75;2021-05-16;3841;763;763062;337696;35.5;15.7
75;2021-05-17;15974;4653;779036;342349;36.3;15.9
75;2021-05-18;19120;5330;798156;347679;37.2;16.2
75;2021-05-19;20693;10735;818849;358414;38.1;16.7
75;2021-05-20;21554;8674;840403;367088;39.1;17.1
75;2021-05-21;21004;6545;861407;373633;40.1;17.4
75;2021-05-22;15916;3312;877323;376945;40.8;17.5
75;2021-05-23;5623;1339;882946;378284;41.1;17.6
75;2021-05-24;15621;2569;898567;380853;41.8;17.7
75;2021-05-25;17991;9601;916558;390454;42.7;18.2
75;2021-05-26;18842;8214;935400;398668;43.5;18.6
75;2021-05-27;20114;9824;955514;408492;44.5;19.0
75;2021-05-28;19324;10873;974838;419365;45.4;19.5
75;2021-05-29;16105;5833;990943;425198;46.1;19.8
75;2021-05-30;7025;2144;997968;427342;46.5;19.9
75;2021-05-31;18085;9462;1016053;436804;47.3;20.3
75;2021-06-01;18569;12998;1034622;449802;48.2;20.9
75;2021-06-02;18078;10306;1052700;460108;49.0;21.4
75;2021-06-03;20195;11974;1072895;472082;49.9;22.0
75;2021-06-04;18088;12879;1090983;484961;50.8;22.6
75;2021-06-05;11964;9627;1102947;494588;51.3;23.0
75;2021-06-06;6705;3158;1109652;497746;51.7;23.2
75;2021-06-07;13858;11846;1123510;509592;52.3;23.7
75;2021-06-08;14764;13978;1138274;523570;53.0;24.4
75;2021-06-09;16438;15252;1154712;538822;53.8;25.1
75;2021-06-10;18290;26328;1173002;565150;54.6;26.3
75;2021-06-11;15266;16475;1188268;581625;55.3;27.1
75;2021-06-12;13267;9997;1201535;591622;55.9;27.5
75;2021-06-13;6262;3795;1207797;595417;56.2;27.7
75;2021-06-14;11781;15427;1219578;610844;56.8;28.4
75;2021-06-15;12503;19553;1232081;630397;57.4;29.3
75;2021-06-16;12105;17236;1244186;647633;57.9;30.1
75;2021-06-17;12580;17680;1256766;665313;58.5;31.0
75;2021-06-18;10903;22622;1267669;687935;59.0;32.0
75;2021-06-19;7509;11833;1275178;699768;59.4;32.6
75;2021-06-20;2808;5486;1277986;705254;59.5;32.8
75;2021-06-21;8393;16336;1286379;721590;59.9;33.6
75;2021-06-22;8752;21816;1295131;743406;60.3;34.6
75;2021-06-23;10251;21427;1305382;764833;60.8;35.6
75;2021-06-24;11272;20635;1316654;785468;61.3;36.6
75;2021-06-25;9811;24705;1326465;810173;61.7;37.7
75;2021-06-26;7919;15422;1334384;825595;62.1;38.4
75;2021-06-27;2693;6332;1337077;831927;62.2;38.7
75;2021-06-28;8411;20143;1345488;852070;62.6;39.7
75;2021-06-29;9296;23838;1354784;875908;63.1;40.8
75;2021-06-30;9972;23609;1364756;899517;63.5;41.9
75;2021-07-01;11125;23486;1375881;923003;64.0;43.0
75;2021-07-02;10343;24768;1386224;947771;64.5;44.1
75;2021-07-03;7750;19815;1393974;967586;64.9;45.0
75;2021-07-04;3890;9554;1397864;977140;65.1;45.5
75;2021-07-05;8826;21555;1406690;998695;65.5;46.5
75;2021-07-06;9907;24006;1416597;1022701;65.9;47.6
75;2021-07-07;9867;25087;1426464;1047788;66.4;48.8
75;2021-07-08;10451;24992;1436915;1072780;66.9;49.9
75;2021-07-09;10331;24012;1447246;1096792;67.4;51.1
75;2021-07-10;7849;18505;1455095;1115297;67.7;51.9
75;2021-07-11;4335;8534;1459430;1123831;67.9;52.3
75;2021-07-12;9261;23065;1468691;1146896;68.4;53.4
75;2021-07-13;14114;24802;1482805;1171698;69.0;54.5
75;2021-07-14;8140;9702;1490945;1181400;69.4;55.0
75;2021-07-15;14938;25648;1505883;1207048;70.1;56.2
75;2021-07-16;15277;22104;1521160;1229152;70.8;57.2
75;2021-07-17;11440;16873;1532600;1246025;71.3;58.0
75;2021-07-18;6232;6806;1538832;1252831;71.6;58.3
75;2021-07-19;14111;21283;1552943;1274114;72.3;59.3
75;2021-07-20;15834;21839;1568777;1295953;73.0;60.3
75;2021-07-21;15464;20682;1584241;1316635;73.7;61.3
75;2021-07-22;16844;20050;1601085;1336685;74.5;62.2
75;2021-07-23;16709;19013;1617794;1355698;75.3;63.1
75;2021-07-24;10899;14025;1628693;1369723;75.8;63.8
75;2021-07-25;4940;5068;1633633;1374791;76.0;64.0
75;2021-07-26;14938;16816;1648571;1391607;76.7;64.8
75;2021-07-27;17803;16526;1666374;1408133;77.6;65.5
75;2021-07-28;16864;15369;1683238;1423502;78.4;66.3
75;2021-07-29;16515;14977;1699753;1438479;79.1;67.0
75;2021-07-30;15972;14220;1715725;1452699;79.9;67.6
75;2021-07-31;9166;9810;1724891;1462509;80.3;68.1
75;2021-08-01;3442;3276;1728333;1465785;80.5;68.2
75;2021-08-02;10323;11898;1738656;1477683;80.9;68.8
75;2021-08-03;10717;10731;1749373;1488414;81.4;69.3
75;2021-08-04;9247;9416;1758620;1497830;81.9;69.7
75;2021-08-05;8236;9433;1766856;1507263;82.2;70.2
75;2021-08-06;7821;9851;1774677;1517114;82.6;70.6
75;2021-08-07;5509;7096;1780186;1524210;82.9;71.0
75;2021-08-08;1904;3264;1782090;1527474;83.0;71.1
75;2021-08-09;8156;11314;1790246;1538788;83.3;71.6
76;2020-12-27;0;0;0;0;0.0;0.0
76;2020-12-28;0;0;0;0;0.0;0.0
76;2020-12-29;0;0;0;0;0.0;0.0
76;2020-12-30;0;0;0;0;0.0;0.0
76;2020-12-31;0;0;0;0;0.0;0.0
76;2021-01-01;0;0;0;0;0.0;0.0
76;2021-01-02;0;0;0;0;0.0;0.0
76;2021-01-03;0;0;0;0;0.0;0.0
76;2021-01-04;17;0;17;0;0.0;0.0
76;2021-01-05;138;0;155;0;0.0;0.0
76;2021-01-06;682;2;837;2;0.1;0.0
76;2021-01-07;1355;6;2192;8;0.2;0.0
76;2021-01-08;1534;1;3726;9;0.3;0.0
76;2021-01-09;736;2;4462;11;0.4;0.0
76;2021-01-10;492;1;4954;12;0.4;0.0
76;2021-01-11;1358;2;6312;14;0.5;0.0
76;2021-01-12;1358;1;7670;15;0.6;0.0
76;2021-01-13;1187;5;8857;20;0.7;0.0
76;2021-01-14;2173;22;11030;42;0.9;0.0
76;2021-01-15;1910;7;12940;49;1.0;0.0
76;2021-01-16;987;5;13927;54;1.1;0.0
76;2021-01-17;2897;19;16824;73;1.4;0.0
76;2021-01-18;4389;16;21213;89;1.7;0.0
76;2021-01-19;3012;8;24225;97;1.9;0.0
76;2021-01-20;2068;9;26293;106;2.1;0.0
76;2021-01-21;1773;4;28066;110;2.3;0.0
76;2021-01-22;1704;4;29770;114;2.4;0.0
76;2021-01-23;449;1;30219;115;2.4;0.0
76;2021-01-24;99;0;30318;115;2.4;0.0
76;2021-01-25;1474;140;31792;255;2.6;0.0
76;2021-01-26;1389;335;33181;590;2.7;0.0
76;2021-01-27;1340;432;34521;1022;2.8;0.1
76;2021-01-28;1283;384;35804;1406;2.9;0.1
76;2021-01-29;1152;460;36956;1866;3.0;0.2
76;2021-01-30;283;303;37239;2169;3.0;0.2
76;2021-01-31;4;98;37243;2267;3.0;0.2
76;2021-02-01;838;817;38081;3084;3.1;0.2
76;2021-02-02;1056;1020;39137;4104;3.1;0.3
76;2021-02-03;917;1001;40054;5105;3.2;0.4
76;2021-02-04;975;1456;41029;6561;3.3;0.5
76;2021-02-05;974;1105;42003;7666;3.4;0.6
76;2021-02-06;260;880;42263;8546;3.4;0.7
76;2021-02-07;467;1658;42730;10204;3.4;0.8
76;2021-02-08;1922;3734;44652;13938;3.6;1.1
76;2021-02-09;1758;2999;46410;16937;3.7;1.4
76;2021-02-10;1488;1812;47898;18749;3.9;1.5
76;2021-02-11;1675;1530;49573;20279;4.0;1.6
76;2021-02-12;1709;1578;51282;21857;4.1;1.8
76;2021-02-13;230;337;51512;22194;4.1;1.8
76;2021-02-14;9;82;51521;22276;4.1;1.8
76;2021-02-15;553;1723;52074;23999;4.2;1.9
76;2021-02-16;741;1641;52815;25640;4.2;2.1
76;2021-02-17;626;1452;53441;27092;4.3;2.2
76;2021-02-18;779;1391;54220;28483;4.4;2.3
76;2021-02-19;868;1346;55088;29829;4.4;2.4
76;2021-02-20;270;289;55358;30118;4.5;2.4
76;2021-02-21;0;0;55358;30118;4.5;2.4
76;2021-02-22;371;1314;55729;31432;4.5;2.5
76;2021-02-23;575;1242;56304;32674;4.5;2.6
76;2021-02-24;598;1200;56902;33874;4.6;2.7
76;2021-02-25;1666;1264;58568;35138;4.7;2.8
76;2021-02-26;2171;1049;60739;36187;4.9;2.9
76;2021-02-27;1108;273;61847;36460;5.0;2.9
76;2021-02-28;27;197;61874;36657;5.0;2.9
76;2021-03-01;824;2112;62698;38769;5.0;3.1
76;2021-03-02;1379;1716;64077;40485;5.2;3.3
76;2021-03-03;1941;1400;66018;41885;5.3;3.4
76;2021-03-04;2816;1103;68834;42988;5.5;3.5
76;2021-03-05;4177;802;73011;43790;5.9;3.5
76;2021-03-06;3361;154;76372;43944;6.1;3.5
76;2021-03-07;1257;31;77629;43975;6.2;3.5
76;2021-03-08;2100;1253;79729;45228;6.4;3.6
76;2021-03-09;3574;1162;83303;46390;6.7;3.7
76;2021-03-10;3591;1058;86894;47448;7.0;3.8
76;2021-03-11;5633;938;92527;48386;7.4;3.9
76;2021-03-12;6823;593;99350;48979;8.0;3.9
76;2021-03-13;4639;136;103989;49115;8.4;3.9
76;2021-03-14;1068;28;105057;49143;8.4;4.0
76;2021-03-15;2914;229;107971;49372;8.7;4.0
76;2021-03-16;2554;397;110525;49769;8.9;4.0
76;2021-03-17;2695;313;113220;50082;9.1;4.0
76;2021-03-18;2999;302;116219;50384;9.3;4.1
76;2021-03-19;4394;424;120613;50808;9.7;4.1
76;2021-03-20;3975;274;124588;51082;10.0;4.1
76;2021-03-21;837;13;125425;51095;10.1;4.1
76;2021-03-22;3992;341;129417;51436;10.4;4.1
76;2021-03-23;5709;351;135126;51787;10.9;4.2
76;2021-03-24;5668;384;140794;52171;11.3;4.2
76;2021-03-25;7508;566;148302;52737;11.9;4.2
76;2021-03-26;8718;578;157020;53315;12.6;4.3
76;2021-03-27;4810;373;161830;53688;13.0;4.3
76;2021-03-28;1021;29;162851;53717;13.1;4.3
76;2021-03-29;5389;821;168240;54538;13.5;4.4
76;2021-03-30;6584;1042;174824;55580;14.1;4.5
76;2021-03-31;6452;1245;181276;56825;14.6;4.6
76;2021-04-01;6783;2033;188059;58858;15.1;4.7
76;2021-04-02;6486;2668;194545;61526;15.6;4.9
76;2021-04-03;2443;1075;196988;62601;15.8;5.0
76;2021-04-04;263;11;197251;62612;15.9;5.0
76;2021-04-05;867;378;198118;62990;15.9;5.1
76;2021-04-06;3555;2789;201673;65779;16.2;5.3
76;2021-04-07;4416;2399;206089;68178;16.6;5.5
76;2021-04-08;5841;2769;211930;70947;17.0;5.7
76;2021-04-09;8805;3062;220735;74009;17.7;6.0
76;2021-04-10;4876;1407;225611;75416;18.1;6.1
76;2021-04-11;813;529;226424;75945;18.2;6.1
76;2021-04-12;4724;2848;231148;78793;18.6;6.3
76;2021-04-13;5925;2868;237073;81661;19.1;6.6
76;2021-04-14;4806;3139;241879;84800;19.4;6.8
76;2021-04-15;5562;3358;247441;88158;19.9;7.1
76;2021-04-16;7351;3439;254792;91597;20.5;7.4
76;2021-04-17;4387;1430;259179;93027;20.8;7.5
76;2021-04-18;339;140;259518;93167;20.9;7.5
76;2021-04-19;3477;3771;262995;96938;21.1;7.8
76;2021-04-20;4343;4277;267338;101215;21.5;8.1
76;2021-04-21;4189;4681;271527;105896;21.8;8.5
76;2021-04-22;4561;5438;276088;111334;22.2;9.0
76;2021-04-23;5438;5950;281526;117284;22.6;9.4
76;2021-04-24;4163;2182;285689;119466;23.0;9.6
76;2021-04-25;891;268;286580;119734;23.0;9.6
76;2021-04-26;4481;4473;291061;124207;23.4;10.0
76;2021-04-27;4997;5001;296058;129208;23.8;10.4
76;2021-04-28;5346;4161;301404;133369;24.2;10.7
76;2021-04-29;6925;4162;308329;137531;24.8;11.1
76;2021-04-30;8217;4640;316546;142171;25.5;11.4
76;2021-05-01;4827;1004;321373;143175;25.8;11.5
76;2021-05-02;1843;257;323216;143432;26.0;11.5
76;2021-05-03;4703;3317;327919;146749;26.4;11.8
76;2021-05-04;4821;4563;332740;151312;26.8;12.2
76;2021-05-05;4785;5178;337525;156490;27.1;12.6
76;2021-05-06;5922;5587;343447;162077;27.6;13.0
76;2021-05-07;6140;6755;349587;168832;28.1;13.6
76;2021-05-08;5055;898;354642;169730;28.5;13.6
76;2021-05-09;2537;234;357179;169964;28.7;13.7
76;2021-05-10;4948;5056;362127;175020;29.1;14.1
76;2021-05-11;6517;5675;368644;180695;29.6;14.5
76;2021-05-12;6264;5071;374908;185766;30.1;14.9
76;2021-05-13;8847;1275;383755;187041;30.9;15.0
76;2021-05-14;10416;4667;394171;191708;31.7;15.4
76;2021-05-15;9118;2452;403289;194160;32.4;15.6
76;2021-05-16;6232;476;409521;194636;32.9;15.6
76;2021-05-17;7226;3273;416747;197909;33.5;15.9
76;2021-05-18;8303;2810;425050;200719;34.2;16.1
76;2021-05-19;8404;3189;433454;203908;34.8;16.4
76;2021-05-20;9648;3413;443102;207321;35.6;16.7
76;2021-05-21;8368;4091;451470;211412;36.3;17.0
76;2021-05-22;7162;2354;458632;213766;36.9;17.2
76;2021-05-23;6390;407;465022;214173;37.4;17.2
76;2021-05-24;6867;1529;471889;215702;37.9;17.3
76;2021-05-25;8024;4081;479913;219783;38.6;17.7
76;2021-05-26;7573;3606;487486;223389;39.2;18.0
76;2021-05-27;8348;4702;495834;228091;39.9;18.3
76;2021-05-28;8234;6574;504068;234665;40.5;18.9
76;2021-05-29;6220;3517;510288;238182;41.0;19.1
76;2021-05-30;3146;431;513434;238613;41.3;19.2
76;2021-05-31;8167;3969;521601;242582;41.9;19.5
76;2021-06-01;9209;5029;530810;247611;42.7;19.9
76;2021-06-02;7925;4437;538735;252048;43.3;20.3
76;2021-06-03;9537;5404;548272;257452;44.1;20.7
76;2021-06-04;9243;6676;557515;264128;44.8;21.2
76;2021-06-05;6289;3811;563804;267939;45.3;21.5
76;2021-06-06;2553;649;566357;268588;45.5;21.6
76;2021-06-07;6984;5454;573341;274042;46.1;22.0
76;2021-06-08;8654;6283;581995;280325;46.8;22.5
76;2021-06-09;7214;6084;589209;286409;47.4;23.0
76;2021-06-10;7992;6563;597201;292972;48.0;23.6
76;2021-06-11;7581;8229;604782;301201;48.6;24.2
76;2021-06-12;7166;5869;611948;307070;49.2;24.7
76;2021-06-13;2961;1294;614909;308364;49.4;24.8
76;2021-06-14;6491;6715;621400;315079;50.0;25.3
76;2021-06-15;6302;7461;627702;322540;50.5;25.9
76;2021-06-16;6653;7483;634355;330023;51.0;26.5
76;2021-06-17;7005;7754;641360;337777;51.6;27.2
76;2021-06-18;7689;9232;649049;347009;52.2;27.9
76;2021-06-19;5984;6261;655033;353270;52.7;28.4
76;2021-06-20;2811;1814;657844;355084;52.9;28.5
76;2021-06-21;5591;8172;663435;363256;53.3;29.2
76;2021-06-22;4920;9869;668355;373125;53.7;30.0
76;2021-06-23;4727;9434;673082;382559;54.1;30.8
76;2021-06-24;4794;9914;677876;392473;54.5;31.6
76;2021-06-25;5223;11569;683099;404042;54.9;32.5
76;2021-06-26;3453;7873;686552;411915;55.2;33.1
76;2021-06-27;1365;5165;687917;417080;55.3;33.5
76;2021-06-28;3613;9938;691530;427018;55.6;34.3
76;2021-06-29;3869;10233;695399;437251;55.9;35.2
76;2021-06-30;4262;9841;699661;447092;56.3;35.9
76;2021-07-01;4587;9889;704248;456981;56.6;36.7
76;2021-07-02;4369;12008;708617;468989;57.0;37.7
76;2021-07-03;3586;8448;712203;477437;57.3;38.4
76;2021-07-04;1485;5307;713688;482744;57.4;38.8
76;2021-07-05;3951;9330;717639;492074;57.7;39.6
76;2021-07-06;4049;10073;721688;502147;58.0;40.4
76;2021-07-07;4010;9332;725698;511479;58.3;41.1
76;2021-07-08;4462;9459;730160;520938;58.7;41.9
76;2021-07-09;4364;12406;734524;533344;59.1;42.9
76;2021-07-10;3137;8549;737661;541893;59.3;43.6
76;2021-07-11;1775;2820;739436;544713;59.5;43.8
76;2021-07-12;3150;11150;742586;555863;59.7;44.7
76;2021-07-13;4926;12257;747512;568120;60.1;45.7
76;2021-07-14;4800;5537;752312;573657;60.5;46.1
76;2021-07-15;5901;11797;758213;585454;61.0;47.1
76;2021-07-16;6710;12020;764923;597474;61.5;48.0
76;2021-07-17;5273;8700;770196;606174;61.9;48.7
76;2021-07-18;2256;3355;772452;609529;62.1;49.0
76;2021-07-19;5146;11144;777598;620673;62.5;49.9
76;2021-07-20;6260;11632;783858;632305;63.0;50.8
76;2021-07-21;6320;10547;790178;642852;63.5;51.7
76;2021-07-22;8194;9656;798372;652508;64.2;52.5
76;2021-07-23;7608;11979;805980;664487;64.8;53.4
76;2021-07-24;4980;7705;810960;672192;65.2;54.0
76;2021-07-25;2858;3142;813818;675334;65.4;54.3
76;2021-07-26;5418;10139;819236;685473;65.9;55.1
76;2021-07-27;8300;9545;827536;695018;66.5;55.9
76;2021-07-28;8222;7790;835758;702808;67.2;56.5
76;2021-07-29;9542;6963;845300;709771;68.0;57.1
76;2021-07-30;7961;7818;853261;717589;68.6;57.7
76;2021-07-31;6573;5304;859834;722893;69.1;58.1
76;2021-08-01;3859;2062;863693;724955;69.4;58.3
76;2021-08-02;6523;7073;870216;732028;70.0;58.9
76;2021-08-03;7942;6320;878158;738348;70.6;59.4
76;2021-08-04;7206;5829;885364;744177;71.2;59.8
76;2021-08-05;8015;5675;893379;749852;71.8;60.3
76;2021-08-06;6693;6851;900072;756703;72.4;60.8
76;2021-08-07;4762;4356;904834;761059;72.7;61.2
76;2021-08-08;2398;2148;907232;763207;72.9;61.4
76;2021-08-09;5556;6690;912788;769897;73.4;61.9
77;2020-12-27;1;0;1;0;0.0;0.0
77;2020-12-28;1;0;2;0;0.0;0.0
77;2020-12-29;0;0;2;0;0.0;0.0
77;2020-12-30;0;0;2;0;0.0;0.0
77;2020-12-31;0;0;2;0;0.0;0.0
77;2021-01-01;3;0;5;0;0.0;0.0
77;2021-01-02;0;0;5;0;0.0;0.0
77;2021-01-03;0;0;5;0;0.0;0.0
77;2021-01-04;6;0;11;0;0.0;0.0
77;2021-01-05;199;0;210;0;0.0;0.0
77;2021-01-06;222;2;432;2;0.0;0.0
77;2021-01-07;521;3;953;5;0.1;0.0
77;2021-01-08;612;1;1565;6;0.1;0.0
77;2021-01-09;273;1;1838;7;0.1;0.0
77;2021-01-10;235;2;2073;9;0.1;0.0
77;2021-01-11;783;2;2856;11;0.2;0.0
77;2021-01-12;884;1;3740;12;0.3;0.0
77;2021-01-13;935;1;4675;13;0.3;0.0
77;2021-01-14;847;7;5522;20;0.4;0.0
77;2021-01-15;860;10;6382;30;0.4;0.0
77;2021-01-16;168;1;6550;31;0.5;0.0
77;2021-01-17;131;2;6681;33;0.5;0.0
77;2021-01-18;1193;5;7874;38;0.6;0.0
77;2021-01-19;1718;20;9592;58;0.7;0.0
77;2021-01-20;2539;5;12131;63;0.9;0.0
77;2021-01-21;2052;20;14183;83;1.0;0.0
77;2021-01-22;1147;8;15330;91;1.1;0.0
77;2021-01-23;349;0;15679;91;1.1;0.0
77;2021-01-24;43;0;15722;91;1.1;0.0
77;2021-01-25;939;65;16661;156;1.2;0.0
77;2021-01-26;1702;30;18363;186;1.3;0.0
77;2021-01-27;1362;42;19725;228;1.4;0.0
77;2021-01-28;1696;97;21421;325;1.5;0.0
77;2021-01-29;1284;146;22705;471;1.6;0.0
77;2021-01-30;211;2;22916;473;1.6;0.0
77;2021-01-31;0;0;22916;473;1.6;0.0
77;2021-02-01;568;212;23484;685;1.6;0.0
77;2021-02-02;866;269;24350;954;1.7;0.1
77;2021-02-03;794;536;25144;1490;1.8;0.1
77;2021-02-04;789;807;25933;2297;1.8;0.2
77;2021-02-05;857;854;26790;3151;1.9;0.2
77;2021-02-06;165;103;26955;3254;1.9;0.2
77;2021-02-07;16;92;26971;3346;1.9;0.2
77;2021-02-08;493;942;27464;4288;1.9;0.3
77;2021-02-09;592;1466;28056;5754;2.0;0.4
77;2021-02-10;1028;1835;29084;7589;2.0;0.5
77;2021-02-11;1059;1655;30143;9244;2.1;0.6
77;2021-02-12;1097;1173;31240;10417;2.2;0.7
77;2021-02-13;187;175;31427;10592;2.2;0.7
77;2021-02-14;12;57;31439;10649;2.2;0.7
77;2021-02-15;554;1031;31993;11680;2.2;0.8
77;2021-02-16;599;1537;32592;13217;2.3;0.9
77;2021-02-17;515;1192;33107;14409;2.3;1.0
77;2021-02-18;840;1620;33947;16029;2.4;1.1
77;2021-02-19;776;1177;34723;17206;2.4;1.2
77;2021-02-20;53;178;34776;17384;2.4;1.2
77;2021-02-21;7;31;34783;17415;2.4;1.2
77;2021-02-22;303;773;35086;18188;2.5;1.3
77;2021-02-23;358;1133;35444;19321;2.5;1.4
77;2021-02-24;511;901;35955;20222;2.5;1.4
77;2021-02-25;793;979;36748;21201;2.6;1.5
77;2021-02-26;841;849;37589;22050;2.6;1.5
77;2021-02-27;460;169;38049;22219;2.7;1.6
77;2021-02-28;32;5;38081;22224;2.7;1.6
77;2021-03-01;675;711;38756;22935;2.7;1.6
77;2021-03-02;1092;1028;39848;23963;2.8;1.7
77;2021-03-03;1952;1180;41800;25143;2.9;1.8
77;2021-03-04;2797;1135;44597;26278;3.1;1.8
77;2021-03-05;3378;1042;47975;27320;3.4;1.9
77;2021-03-06;4821;252;52796;27572;3.7;1.9
77;2021-03-07;3189;101;55985;27673;3.9;1.9
77;2021-03-08;1230;505;57215;28178;4.0;2.0
77;2021-03-09;2503;629;59718;28807;4.2;2.0
77;2021-03-10;2396;572;62114;29379;4.4;2.1
77;2021-03-11;3499;770;65613;30149;4.6;2.1
77;2021-03-12;3889;683;69502;30832;4.9;2.2
77;2021-03-13;4481;200;73983;31032;5.2;2.2
77;2021-03-14;2150;115;76133;31147;5.3;2.2
77;2021-03-15;2509;274;78642;31421;5.5;2.2
77;2021-03-16;2443;370;81085;31791;5.7;2.2
77;2021-03-17;2550;423;83635;32214;5.9;2.3
77;2021-03-18;3009;397;86644;32611;6.1;2.3
77;2021-03-19;3358;431;90002;33042;6.3;2.3
77;2021-03-20;1965;74;91967;33116;6.5;2.3
77;2021-03-21;242;13;92209;33129;6.5;2.3
77;2021-03-22;3019;402;95228;33531;6.7;2.4
77;2021-03-23;4518;519;99746;34050;7.0;2.4
77;2021-03-24;4149;622;103895;34672;7.3;2.4
77;2021-03-25;5904;407;109799;35079;7.7;2.5
77;2021-03-26;6265;429;116064;35508;8.2;2.5
77;2021-03-27;3320;117;119384;35625;8.4;2.5
77;2021-03-28;1730;44;121114;35669;8.5;2.5
77;2021-03-29;2652;684;123766;36353;8.7;2.6
77;2021-03-30;3996;1203;127762;37556;9.0;2.6
77;2021-03-31;3752;1215;131514;38771;9.2;2.7
77;2021-04-01;4142;1802;135656;40573;9.5;2.9
77;2021-04-02;3988;2015;139644;42588;9.8;3.0
77;2021-04-03;1745;2279;141389;44867;9.9;3.2
77;2021-04-04;425;1426;141814;46293;10.0;3.3
77;2021-04-05;158;162;141972;46455;10.0;3.3
77;2021-04-06;2711;1921;144683;48376;10.2;3.4
77;2021-04-07;3316;2081;147999;50457;10.4;3.5
77;2021-04-08;4531;2364;152530;52821;10.7;3.7
77;2021-04-09;4845;2088;157375;54909;11.1;3.9
77;2021-04-10;3071;2744;160446;57653;11.3;4.0
77;2021-04-11;587;716;161033;58369;11.3;4.1
77;2021-04-12;2230;1825;163263;60194;11.5;4.2
77;2021-04-13;3357;2634;166620;62828;11.7;4.4
77;2021-04-14;2523;2647;169143;65475;11.9;4.6
77;2021-04-15;3318;3113;172461;68588;12.1;4.8
77;2021-04-16;3575;2717;176036;71305;12.4;5.0
77;2021-04-17;1387;473;177423;71778;12.5;5.0
77;2021-04-18;150;11;177573;71789;12.5;5.0
77;2021-04-19;2081;2510;179654;74299;12.6;5.2
77;2021-04-20;2569;3382;182223;77681;12.8;5.5
77;2021-04-21;2192;3474;184415;81155;13.0;5.7
77;2021-04-22;3003;3856;187418;85011;13.2;6.0
77;2021-04-23;3526;3633;190944;88644;13.4;6.2
77;2021-04-24;4901;2512;195845;91156;13.8;6.4
77;2021-04-25;4080;1234;199925;92390;14.0;6.5
77;2021-04-26;3228;2040;203153;94430;14.3;6.6
77;2021-04-27;3994;2513;207147;96943;14.6;6.8
77;2021-04-28;4071;2608;211218;99551;14.8;7.0
77;2021-04-29;4476;3078;215694;102629;15.2;7.2
77;2021-04-30;4905;3331;220599;105960;15.5;7.4
77;2021-05-01;2463;592;223062;106552;15.7;7.5
77;2021-05-02;3142;277;226204;106829;15.9;7.5
77;2021-05-03;5988;2065;232192;108894;16.3;7.6
77;2021-05-04;6437;2985;238629;111879;16.8;7.9
77;2021-05-05;6014;3022;244643;114901;17.2;8.1
77;2021-05-06;6890;3592;251533;118493;17.7;8.3
77;2021-05-07;8205;3260;259738;121753;18.2;8.6
77;2021-05-08;5706;806;265444;122559;18.6;8.6
77;2021-05-09;4906;473;270350;123032;19.0;8.6
77;2021-05-10;8088;2323;278438;125355;19.6;8.8
77;2021-05-11;9578;2916;288016;128271;20.2;9.0
77;2021-05-12;8976;2281;296992;130552;20.9;9.2
77;2021-05-13;9302;872;306294;131424;21.5;9.2
77;2021-05-14;10424;1654;316718;133078;22.2;9.3
77;2021-05-15;8988;1248;325706;134326;22.9;9.4
77;2021-05-16;5151;463;330857;134789;23.2;9.5
77;2021-05-17;10371;1472;341228;136261;24.0;9.6
77;2021-05-18;11781;1799;353009;138060;24.8;9.7
77;2021-05-19;10909;1600;363918;139660;25.6;9.8
77;2021-05-20;12209;2166;376127;141826;26.4;10.0
77;2021-05-21;11652;2694;387779;144520;27.2;10.2
77;2021-05-22;9820;1733;397599;146253;27.9;10.3
77;2021-05-23;6985;806;404584;147059;28.4;10.3
77;2021-05-24;6763;774;411347;147833;28.9;10.4
77;2021-05-25;8308;2806;419655;150639;29.5;10.6
77;2021-05-26;7564;2974;427219;153613;30.0;10.8
77;2021-05-27;7548;3957;434767;157570;30.5;11.1
77;2021-05-28;7638;4012;442405;161582;31.1;11.4
77;2021-05-29;7354;2339;449759;163921;31.6;11.5
77;2021-05-30;4356;892;454115;164813;31.9;11.6
77;2021-05-31;8386;3833;462501;168646;32.5;11.8
77;2021-06-01;9641;4349;472142;172995;33.2;12.2
77;2021-06-02;9001;3888;481143;176883;33.8;12.4
77;2021-06-03;9003;5264;490146;182147;34.4;12.8
77;2021-06-04;9111;5490;499257;187637;35.1;13.2
77;2021-06-05;6659;4993;505916;192630;35.5;13.5
77;2021-06-06;4909;3207;510825;195837;35.9;13.8
77;2021-06-07;6419;4541;517244;200378;36.3;14.1
77;2021-06-08;5727;5209;522971;205587;36.7;14.4
77;2021-06-09;5058;4956;528029;210543;37.1;14.8
77;2021-06-10;5014;5458;533043;216001;37.4;15.2
77;2021-06-11;5755;6034;538798;222035;37.8;15.6
77;2021-06-12;6545;4749;545343;226784;38.3;15.9
77;2021-06-13;3507;3050;548850;229834;38.6;16.1
77;2021-06-14;3218;7928;552068;237762;38.8;16.7
77;2021-06-15;4127;8477;556195;246239;39.1;17.3
77;2021-06-16;4803;8376;560998;254615;39.4;17.9
77;2021-06-17;4470;9024;565468;263639;39.7;18.5
77;2021-06-18;4362;9784;569830;273423;40.0;19.2
77;2021-06-19;5305;6925;575135;280348;40.4;19.7
77;2021-06-20;2095;3800;577230;284148;40.5;20.0
77;2021-06-21;3227;9579;580457;293727;40.8;20.6
77;2021-06-22;3665;11368;584122;305095;41.0;21.4
77;2021-06-23;3439;10051;587561;315146;41.3;22.1
77;2021-06-24;3359;10904;590920;326050;41.5;22.9
77;2021-06-25;3624;10802;594544;336852;41.8;23.7
77;2021-06-26;4081;10064;598625;346916;42.0;24.4
77;2021-06-27;2122;6426;600747;353342;42.2;24.8
77;2021-06-28;2800;10829;603547;364171;42.4;25.6
77;2021-06-29;3385;12521;606932;376692;42.6;26.5
77;2021-06-30;3285;11444;610217;388136;42.9;27.3
77;2021-07-01;3276;11656;613493;399792;43.1;28.1
77;2021-07-02;3442;12243;616935;412035;43.3;28.9
77;2021-07-03;3175;10791;620110;422826;43.6;29.7
77;2021-07-04;1994;6491;622104;429317;43.7;30.2
77;2021-07-05;3587;9544;625691;438861;44.0;30.8
77;2021-07-06;3732;9518;629423;448379;44.2;31.5
77;2021-07-07;4040;8946;633463;457325;44.5;32.1
77;2021-07-08;3901;8752;637364;466077;44.8;32.7
77;2021-07-09;4686;10337;642050;476414;45.1;33.5
77;2021-07-10;4036;9835;646086;486249;45.4;34.2
77;2021-07-11;3074;5076;649160;491325;45.6;34.5
77;2021-07-12;3276;10861;652436;502186;45.8;35.3
77;2021-07-13;6105;12020;658541;514206;46.3;36.1
77;2021-07-14;3539;6437;662080;520643;46.5;36.6
77;2021-07-15;7135;11954;669215;532597;47.0;37.4
77;2021-07-16;7785;9885;677000;542482;47.6;38.1
77;2021-07-17;5768;9457;682768;551939;48.0;38.8
77;2021-07-18;4137;5328;686905;557267;48.3;39.1
77;2021-07-19;7468;8940;694373;566207;48.8;39.8
77;2021-07-20;9504;8003;703877;574210;49.4;40.3
77;2021-07-21;9437;7451;713314;581661;50.1;40.9
77;2021-07-22;10416;7487;723730;589148;50.8;41.4
77;2021-07-23;9770;8163;733500;597311;51.5;42.0
77;2021-07-24;7156;7847;740656;605158;52.0;42.5
77;2021-07-25;5852;4014;746508;609172;52.4;42.8
77;2021-07-26;9144;5953;755652;615125;53.1;43.2
77;2021-07-27;10800;5996;766452;621121;53.8;43.6
77;2021-07-28;9314;6383;775766;627504;54.5;44.1
77;2021-07-29;9461;5472;785227;632976;55.2;44.5
77;2021-07-30;9642;6325;794869;639301;55.8;44.9
77;2021-07-31;7197;6608;802066;645909;56.3;45.4
77;2021-08-01;2936;1188;805002;647097;56.5;45.5
77;2021-08-02;6995;5722;811997;652819;57.0;45.9
77;2021-08-03;5718;4469;817715;657288;57.4;46.2
77;2021-08-04;4660;4364;822375;661652;57.8;46.5
77;2021-08-05;3177;2938;825552;664590;58.0;46.7
77;2021-08-06;5784;5198;831336;669788;58.4;47.0
77;2021-08-07;5240;6775;836576;676563;58.8;47.5
77;2021-08-08;1956;1852;838532;678415;58.9;47.7
77;2021-08-09;4994;6493;843526;684908;59.3;48.1
78;2020-12-27;2;0;2;0;0.0;0.0
78;2020-12-28;0;0;2;0;0.0;0.0
78;2020-12-29;0;0;2;0;0.0;0.0
78;2020-12-30;0;0;2;0;0.0;0.0
78;2020-12-31;15;0;17;0;0.0;0.0
78;2021-01-01;0;0;17;0;0.0;0.0
78;2021-01-02;1;0;18;0;0.0;0.0
78;2021-01-03;2;0;20;0;0.0;0.0
78;2021-01-04;145;3;165;3;0.0;0.0
78;2021-01-05;175;1;340;4;0.0;0.0
78;2021-01-06;208;3;548;7;0.0;0.0
78;2021-01-07;469;2;1017;9;0.1;0.0
78;2021-01-08;651;5;1668;14;0.1;0.0
78;2021-01-09;22;0;1690;14;0.1;0.0
78;2021-01-10;1;0;1691;14;0.1;0.0
78;2021-01-11;791;3;2482;17;0.2;0.0
78;2021-01-12;946;7;3428;24;0.2;0.0
78;2021-01-13;736;9;4164;33;0.3;0.0
78;2021-01-14;810;9;4974;42;0.3;0.0
78;2021-01-15;847;7;5821;49;0.4;0.0
78;2021-01-16;32;1;5853;50;0.4;0.0
78;2021-01-17;0;0;5853;50;0.4;0.0
78;2021-01-18;1381;22;7234;72;0.5;0.0
78;2021-01-19;1840;27;9074;99;0.6;0.0
78;2021-01-20;1646;14;10720;113;0.7;0.0
78;2021-01-21;3245;13;13965;126;1.0;0.0
78;2021-01-22;2214;16;16179;142;1.1;0.0
78;2021-01-23;279;0;16458;142;1.1;0.0
78;2021-01-24;5;0;16463;142;1.1;0.0
78;2021-01-25;958;32;17421;174;1.2;0.0
78;2021-01-26;1559;20;18980;194;1.3;0.0
78;2021-01-27;2060;49;21040;243;1.5;0.0
78;2021-01-28;2434;105;23474;348;1.6;0.0
78;2021-01-29;1489;64;24963;412;1.7;0.0
78;2021-01-30;210;3;25173;415;1.7;0.0
78;2021-01-31;3;0;25176;415;1.7;0.0
78;2021-02-01;786;225;25962;640;1.8;0.0
78;2021-02-02;968;347;26930;987;1.9;0.1
78;2021-02-03;975;240;27905;1227;1.9;0.1
78;2021-02-04;1116;447;29021;1674;2.0;0.1
78;2021-02-05;1190;511;30211;2185;2.1;0.2
78;2021-02-06;197;44;30408;2229;2.1;0.2
78;2021-02-07;139;13;30547;2242;2.1;0.2
78;2021-02-08;760;611;31307;2853;2.2;0.2
78;2021-02-09;1122;943;32429;3796;2.2;0.3
78;2021-02-10;1248;1183;33677;4979;2.3;0.3
78;2021-02-11;1819;1902;35496;6881;2.5;0.5
78;2021-02-12;1818;1415;37314;8296;2.6;0.6
78;2021-02-13;172;80;37486;8376;2.6;0.6
78;2021-02-14;26;25;37512;8401;2.6;0.6
78;2021-02-15;446;1440;37958;9841;2.6;0.7
78;2021-02-16;629;1558;38587;11399;2.7;0.8
78;2021-02-17;584;2220;39171;13619;2.7;0.9
78;2021-02-18;998;2282;40169;15901;2.8;1.1
78;2021-02-19;819;1735;40988;17636;2.8;1.2
78;2021-02-20;147;124;41135;17760;2.8;1.2
78;2021-02-21;0;12;41135;17772;2.8;1.2
78;2021-02-22;499;1059;41634;18831;2.9;1.3
78;2021-02-23;540;1123;42174;19954;2.9;1.4
78;2021-02-24;619;1239;42793;21193;3.0;1.5
78;2021-02-25;865;1157;43658;22350;3.0;1.5
78;2021-02-26;1132;1244;44790;23594;3.1;1.6
78;2021-02-27;739;148;45529;23742;3.1;1.6
78;2021-02-28;65;18;45594;23760;3.1;1.6
78;2021-03-01;965;908;46559;24668;3.2;1.7
78;2021-03-02;1723;1051;48282;25719;3.3;1.8
78;2021-03-03;1964;1227;50246;26946;3.5;1.9
78;2021-03-04;2945;1580;53191;28526;3.7;2.0
78;2021-03-05;3252;1649;56443;30175;3.9;2.1
78;2021-03-06;6240;273;62683;30448;4.3;2.1
78;2021-03-07;3444;87;66127;30535;4.6;2.1
78;2021-03-08;1455;759;67582;31294;4.7;2.2
78;2021-03-09;2938;904;70520;32198;4.9;2.2
78;2021-03-10;3072;1110;73592;33308;5.1;2.3
78;2021-03-11;4176;1305;77768;34613;5.4;2.4
78;2021-03-12;5369;1330;83137;35943;5.7;2.5
78;2021-03-13;4654;185;87791;36128;6.1;2.5
78;2021-03-14;1034;36;88825;36164;6.1;2.5
78;2021-03-15;3622;263;92447;36427;6.4;2.5
78;2021-03-16;2563;554;95010;36981;6.6;2.6
78;2021-03-17;2966;433;97976;37414;6.8;2.6
78;2021-03-18;3780;428;101756;37842;7.0;2.6
78;2021-03-19;5315;479;107071;38321;7.4;2.6
78;2021-03-20;2257;122;109328;38443;7.5;2.7
78;2021-03-21;164;7;109492;38450;7.6;2.7
78;2021-03-22;3528;378;113020;38828;7.8;2.7
78;2021-03-23;5228;536;118248;39364;8.2;2.7
78;2021-03-24;4892;537;123140;39901;8.5;2.8
78;2021-03-25;6937;555;130077;40456;9.0;2.8
78;2021-03-26;6935;704;137012;41160;9.5;2.8
78;2021-03-27;3744;184;140756;41344;9.7;2.9
78;2021-03-28;1918;44;142674;41388;9.8;2.9
78;2021-03-29;3864;759;146538;42147;10.1;2.9
78;2021-03-30;5522;1052;152060;43199;10.5;3.0
78;2021-03-31;5329;1280;157389;44479;10.9;3.1
78;2021-04-01;5592;2325;162981;46804;11.3;3.2
78;2021-04-02;5193;2618;168174;49422;11.6;3.4
78;2021-04-03;2198;2556;170372;51978;11.8;3.6
78;2021-04-04;173;14;170545;51992;11.8;3.6
78;2021-04-05;199;18;170744;52010;11.8;3.6
78;2021-04-06;3616;2299;174360;54309;12.0;3.7
78;2021-04-07;4356;2583;178716;56892;12.3;3.9
78;2021-04-08;5523;2662;184239;59554;12.7;4.1
78;2021-04-09;6904;2438;191143;61992;13.2;4.3
78;2021-04-10;3992;1892;195135;63884;13.5;4.4
78;2021-04-11;374;606;195509;64490;13.5;4.5
78;2021-04-12;3529;2366;199038;66856;13.7;4.6
78;2021-04-13;5458;2490;204496;69346;14.1;4.8
78;2021-04-14;4953;3383;209449;72729;14.5;5.0
78;2021-04-15;4614;3839;214063;76568;14.8;5.3
78;2021-04-16;5629;4013;219692;80581;15.2;5.6
78;2021-04-17;3615;711;223307;81292;15.4;5.6
78;2021-04-18;272;42;223579;81334;15.4;5.6
78;2021-04-19;3241;2813;226820;84147;15.7;5.8
78;2021-04-20;4708;3688;231528;87835;16.0;6.1
78;2021-04-21;4530;3498;236058;91333;16.3;6.3
78;2021-04-22;4569;4688;240627;96021;16.6;6.6
78;2021-04-23;5053;4426;245680;100447;17.0;6.9
78;2021-04-24;4866;2622;250546;103069;17.3;7.1
78;2021-04-25;3043;1730;253589;104799;17.5;7.2
78;2021-04-26;4768;3316;258357;108115;17.8;7.5
78;2021-04-27;5467;4308;263824;112423;18.2;7.8
78;2021-04-28;5650;4784;269474;117207;18.6;8.1
78;2021-04-29;6257;4061;275731;121268;19.0;8.4
78;2021-04-30;7207;4456;282938;125724;19.5;8.7
78;2021-05-01;612;255;283550;125979;19.6;8.7
78;2021-05-02;2006;164;285556;126143;19.7;8.7
78;2021-05-03;7457;1272;293013;127415;20.2;8.8
78;2021-05-04;6078;3979;299091;131394;20.6;9.1
78;2021-05-05;7294;4546;306385;135940;21.2;9.4
78;2021-05-06;6475;5174;312860;141114;21.6;9.7
78;2021-05-07;8312;5141;321172;146255;22.2;10.1
78;2021-05-08;2916;1450;324088;147705;22.4;10.2
78;2021-05-09;2817;348;326905;148053;22.6;10.2
78;2021-05-10;7343;4454;334248;152507;23.1;10.5
78;2021-05-11;8143;5415;342391;157922;23.6;10.9
78;2021-05-12;8729;3912;351120;161834;24.2;11.2
78;2021-05-13;6631;600;357751;162434;24.7;11.2
78;2021-05-14;10215;2216;367966;164650;25.4;11.4
78;2021-05-15;4934;2366;372900;167016;25.7;11.5
78;2021-05-16;3696;793;376596;167809;26.0;11.6
78;2021-05-17;8741;1344;385337;169153;26.6;11.7
78;2021-05-18;9882;1881;395219;171034;27.3;11.8
78;2021-05-19;11649;1710;406868;172744;28.1;11.9
78;2021-05-20;11588;2269;418456;175013;28.9;12.1
78;2021-05-21;12126;2629;430582;177642;29.7;12.3
78;2021-05-22;6545;1375;437127;179017;30.2;12.4
78;2021-05-23;3124;385;440251;179402;30.4;12.4
78;2021-05-24;3521;415;443772;179817;30.6;12.4
78;2021-05-25;9986;2502;453758;182319;31.3;12.6
78;2021-05-26;10163;3780;463921;186099;32.0;12.8
78;2021-05-27;10958;4641;474879;190740;32.8;13.2
78;2021-05-28;11414;6031;486293;196771;33.6;13.6
78;2021-05-29;4226;3383;490519;200154;33.9;13.8
78;2021-05-30;135;346;490654;200500;33.9;13.8
78;2021-05-31;7970;5359;498624;205859;34.4;14.2
78;2021-06-01;10031;6529;508655;212388;35.1;14.7
78;2021-06-02;8580;6216;517235;218604;35.7;15.1
78;2021-06-03;9895;6475;527130;225079;36.4;15.5
78;2021-06-04;9790;8148;536920;233227;37.1;16.1
78;2021-06-05;5515;6140;542435;239367;37.4;16.5
78;2021-06-06;2148;2012;544583;241379;37.6;16.7
78;2021-06-07;8123;6516;552706;247895;38.2;17.1
78;2021-06-08;8061;7318;560767;255213;38.7;17.6
78;2021-06-09;7319;6730;568086;261943;39.2;18.1
78;2021-06-10;7092;7098;575178;269041;39.7;18.6
78;2021-06-11;7576;8180;582754;277221;40.2;19.1
78;2021-06-12;6372;2917;589126;280138;40.7;19.3
78;2021-06-13;944;2459;590070;282597;40.7;19.5
78;2021-06-14;3405;9814;593475;292411;41.0;20.2
78;2021-06-15;5793;8287;599268;300698;41.4;20.8
78;2021-06-16;5416;8634;604684;309332;41.7;21.4
78;2021-06-17;5482;8541;610166;317873;42.1;21.9
78;2021-06-18;6100;9795;616266;327668;42.5;22.6
78;2021-06-19;5221;4818;621487;332486;42.9;23.0
78;2021-06-20;624;2838;622111;335324;42.9;23.1
78;2021-06-21;4079;9467;626190;344791;43.2;23.8
78;2021-06-22;3343;10314;629533;355105;43.5;24.5
78;2021-06-23;3834;10388;633367;365493;43.7;25.2
78;2021-06-24;3790;9976;637157;375469;44.0;25.9
78;2021-06-25;3999;13154;641156;388623;44.3;26.8
78;2021-06-26;4212;7953;645368;396576;44.6;27.4
78;2021-06-27;1038;2542;646406;399118;44.6;27.6
78;2021-06-28;3292;10899;649698;410017;44.8;28.3
78;2021-06-29;3536;11245;653234;421262;45.1;29.1
78;2021-06-30;4110;13224;657344;434486;45.4;30.0
78;2021-07-01;3958;12697;661302;447183;45.7;30.9
78;2021-07-02;4213;13931;665515;461114;45.9;31.8
78;2021-07-03;3150;8625;668665;469739;46.2;32.4
78;2021-07-04;759;1742;669424;471481;46.2;32.5
78;2021-07-05;3370;9689;672794;481170;46.4;33.2
78;2021-07-06;3515;12044;676309;493214;46.7;34.0
78;2021-07-07;3753;11606;680062;504820;46.9;34.8
78;2021-07-08;3860;11674;683922;516494;47.2;35.7
78;2021-07-09;4392;12730;688314;529224;47.5;36.5
78;2021-07-10;2615;6606;690929;535830;47.7;37.0
78;2021-07-11;745;2052;691674;537882;47.7;37.1
78;2021-07-12;2987;11743;694661;549625;48.0;37.9
78;2021-07-13;5310;11970;699971;561595;48.3;38.8
78;2021-07-14;2526;4973;702497;566568;48.5;39.1
78;2021-07-15;5641;11946;708138;578514;48.9;39.9
78;2021-07-16;7244;10770;715382;589284;49.4;40.7
78;2021-07-17;4708;4884;720090;594168;49.7;41.0
78;2021-07-18;1120;455;721210;594623;49.8;41.0
78;2021-07-19;3827;10343;725037;604966;50.1;41.8
78;2021-07-20;5546;9905;730583;614871;50.4;42.4
78;2021-07-21;5875;9840;736458;624711;50.8;43.1
78;2021-07-22;5924;9286;742382;633997;51.2;43.8
78;2021-07-23;6174;9195;748556;643192;51.7;44.4
78;2021-07-24;2923;4966;751479;648158;51.9;44.7
78;2021-07-25;981;372;752460;648530;51.9;44.8
78;2021-07-26;4837;6963;757297;655493;52.3;45.2
78;2021-07-27;7538;6876;764835;662369;52.8;45.7
78;2021-07-28;6916;5910;771751;668279;53.3;46.1
78;2021-07-29;7872;5967;779623;674246;53.8;46.5
78;2021-07-30;7622;7011;787245;681257;54.3;47.0
78;2021-07-31;2635;2722;789880;683979;54.5;47.2
78;2021-08-01;99;68;789979;684047;54.5;47.2
78;2021-08-02;2361;2098;792340;686145;54.7;47.4
78;2021-08-03;4194;4234;796534;690379;55.0;47.7
78;2021-08-04;4338;2780;800872;693159;55.3;47.8
78;2021-08-05;3841;3129;804713;696288;55.6;48.1
78;2021-08-06;3837;3693;808550;699981;55.8;48.3
78;2021-08-07;2788;3425;811338;703406;56.0;48.6
78;2021-08-08;474;339;811812;703745;56.0;48.6
78;2021-08-09;1818;1627;813630;705372;56.2;48.7
79;2020-12-27;0;0;0;0;0.0;0.0
79;2020-12-28;3;0;3;0;0.0;0.0
79;2020-12-29;0;0;3;0;0.0;0.0
79;2020-12-30;0;0;3;0;0.0;0.0
79;2020-12-31;0;0;3;0;0.0;0.0
79;2021-01-01;0;0;3;0;0.0;0.0
79;2021-01-02;0;0;3;0;0.0;0.0
79;2021-01-03;0;0;3;0;0.0;0.0
79;2021-01-04;1;0;4;0;0.0;0.0
79;2021-01-05;0;0;4;0;0.0;0.0
79;2021-01-06;0;0;4;0;0.0;0.0
79;2021-01-07;158;0;162;0;0.0;0.0
79;2021-01-08;165;0;327;0;0.1;0.0
79;2021-01-09;98;0;425;0;0.1;0.0
79;2021-01-10;3;0;428;0;0.1;0.0
79;2021-01-11;184;1;612;1;0.2;0.0
79;2021-01-12;246;2;858;3;0.2;0.0
79;2021-01-13;258;0;1116;3;0.3;0.0
79;2021-01-14;503;7;1619;10;0.4;0.0
79;2021-01-15;616;4;2235;14;0.6;0.0
79;2021-01-16;66;0;2301;14;0.6;0.0
79;2021-01-17;0;0;2301;14;0.6;0.0
79;2021-01-18;477;1;2778;15;0.7;0.0
79;2021-01-19;1351;1;4129;16;1.1;0.0
79;2021-01-20;1650;1;5779;17;1.6;0.0
79;2021-01-21;1997;6;7776;23;2.1;0.0
79;2021-01-22;873;3;8649;26;2.3;0.0
79;2021-01-23;65;0;8714;26;2.3;0.0
79;2021-01-24;0;0;8714;26;2.3;0.0
79;2021-01-25;644;7;9358;33;2.5;0.0
79;2021-01-26;581;13;9939;46;2.7;0.0
79;2021-01-27;741;83;10680;129;2.9;0.0
79;2021-01-28;731;150;11411;279;3.1;0.1
79;2021-01-29;490;88;11901;367;3.2;0.1
79;2021-01-30;0;0;11901;367;3.2;0.1
79;2021-01-31;0;0;11901;367;3.2;0.1
79;2021-02-01;206;111;12107;478;3.2;0.1
79;2021-02-02;324;72;12431;550;3.3;0.1
79;2021-02-03;389;60;12820;610;3.4;0.2
79;2021-02-04;323;109;13143;719;3.5;0.2
79;2021-02-05;356;274;13499;993;3.6;0.3
79;2021-02-06;3;0;13502;993;3.6;0.3
79;2021-02-07;22;0;13524;993;3.6;0.3
79;2021-02-08;283;170;13807;1163;3.7;0.3
79;2021-02-09;457;786;14264;1949;3.8;0.5
79;2021-02-10;618;1198;14882;3147;4.0;0.8
79;2021-02-11;777;1237;15659;4384;4.2;1.2
79;2021-02-12;468;769;16127;5153;4.3;1.4
79;2021-02-13;53;74;16180;5227;4.3;1.4
79;2021-02-14;0;0;16180;5227;4.3;1.4
79;2021-02-15;186;507;16366;5734;4.4;1.5
79;2021-02-16;334;734;16700;6468;4.5;1.7
79;2021-02-17;247;878;16947;7346;4.5;2.0
79;2021-02-18;353;946;17300;8292;4.6;2.2
79;2021-02-19;267;565;17567;8857;4.7;2.4
79;2021-02-20;4;22;17571;8879;4.7;2.4
79;2021-02-21;1;0;17572;8879;4.7;2.4
79;2021-02-22;136;464;17708;9343;4.8;2.5
79;2021-02-23;248;569;17956;9912;4.8;2.7
79;2021-02-24;245;543;18201;10455;4.9;2.8
79;2021-02-25;517;471;18718;10926;5.0;2.9
79;2021-02-26;598;402;19316;11328;5.2;3.0
79;2021-02-27;406;5;19722;11333;5.3;3.0
79;2021-02-28;35;0;19757;11333;5.3;3.0
79;2021-03-01;89;361;19846;11694;5.3;3.1
79;2021-03-02;303;507;20149;12201;5.4;3.3
79;2021-03-03;660;542;20809;12743;5.6;3.4
79;2021-03-04;904;571;21713;13314;5.8;3.6
79;2021-03-05;1217;446;22930;13760;6.2;3.7
79;2021-03-06;610;4;23540;13764;6.3;3.7
79;2021-03-07;77;0;23617;13764;6.3;3.7
79;2021-03-08;344;309;23961;14073;6.4;3.8
79;2021-03-09;841;341;24802;14414;6.7;3.9
79;2021-03-10;1145;403;25947;14817;7.0;4.0
79;2021-03-11;1640;321;27587;15138;7.4;4.1
79;2021-03-12;1719;118;29306;15256;7.9;4.1
79;2021-03-13;1135;11;30441;15267;8.2;4.1
79;2021-03-14;50;0;30491;15267;8.2;4.1
79;2021-03-15;496;158;30987;15425;8.3;4.1
79;2021-03-16;735;143;31722;15568;8.5;4.2
79;2021-03-17;576;108;32298;15676;8.7;4.2
79;2021-03-18;553;203;32851;15879;8.8;4.3
79;2021-03-19;662;255;33513;16134;9.0;4.3
79;2021-03-20;1006;12;34519;16146;9.3;4.3
79;2021-03-21;3;0;34522;16146;9.3;4.3
79;2021-03-22;954;202;35476;16348;9.5;4.4
79;2021-03-23;1591;170;37067;16518;9.9;4.4
79;2021-03-24;1829;152;38896;16670;10.4;4.5
79;2021-03-25;2498;185;41394;16855;11.1;4.5
79;2021-03-26;2404;134;43798;16989;11.8;4.6
79;2021-03-27;769;16;44567;17005;12.0;4.6
79;2021-03-28;1;0;44568;17005;12.0;4.6
79;2021-03-29;2147;112;46715;17117;12.5;4.6
79;2021-03-30;2816;60;49531;17177;13.3;4.6
79;2021-03-31;2777;381;52308;17558;14.0;4.7
79;2021-04-01;2694;377;55002;17935;14.8;4.8
79;2021-04-02;2822;387;57824;18322;15.5;4.9
79;2021-04-03;633;53;58457;18375;15.7;4.9
79;2021-04-04;3;0;58460;18375;15.7;4.9
79;2021-04-05;380;4;58840;18379;15.8;4.9
79;2021-04-06;1793;583;60633;18962;16.3;5.1
79;2021-04-07;3116;733;63749;19695;17.1;5.3
79;2021-04-08;2629;692;66378;20387;17.8;5.5
79;2021-04-09;3737;538;70115;20925;18.8;5.6
79;2021-04-10;1464;379;71579;21304;19.2;5.7
79;2021-04-11;4;0;71583;21304;19.2;5.7
79;2021-04-12;1753;353;73336;21657;19.7;5.8
79;2021-04-13;2175;745;75511;22402;20.3;6.0
79;2021-04-14;2480;669;77991;23071;20.9;6.2
79;2021-04-15;2215;662;80206;23733;21.5;6.4
79;2021-04-16;1413;439;81619;24172;21.9;6.5
79;2021-04-17;581;350;82200;24522;22.1;6.6
79;2021-04-18;1;14;82201;24536;22.1;6.6
79;2021-04-19;1089;840;83290;25376;22.4;6.8
79;2021-04-20;1506;1230;84796;26606;22.8;7.1
79;2021-04-21;1417;1436;86213;28042;23.1;7.5
79;2021-04-22;1571;1081;87784;29123;23.6;7.8
79;2021-04-23;1317;1186;89101;30309;23.9;8.1
79;2021-04-24;651;462;89752;30771;24.1;8.3
79;2021-04-25;0;0;89752;30771;24.1;8.3
79;2021-04-26;1343;1812;91095;32583;24.4;8.7
79;2021-04-27;1898;2350;92993;34933;25.0;9.4
79;2021-04-28;1458;2866;94451;37799;25.3;10.1
79;2021-04-29;2107;2253;96558;40052;25.9;10.7
79;2021-04-30;2113;2456;98671;42508;26.5;11.4
79;2021-05-01;519;378;99190;42886;26.6;11.5
79;2021-05-02;1;11;99191;42897;26.6;11.5
79;2021-05-03;1182;1290;100373;44187;26.9;11.9
79;2021-05-04;1733;2325;102106;46512;27.4;12.5
79;2021-05-05;1695;2483;103801;48995;27.9;13.1
79;2021-05-06;2317;2211;106118;51206;28.5;13.7
79;2021-05-07;2086;2799;108204;54005;29.0;14.5
79;2021-05-08;199;507;108403;54512;29.1;14.6
79;2021-05-09;0;0;108403;54512;29.1;14.6
79;2021-05-10;1584;1784;109987;56296;29.5;15.1
79;2021-05-11;2311;1648;112298;57944;30.1;15.6
79;2021-05-12;1996;2676;114294;60620;30.7;16.3
79;2021-05-13;640;289;114934;60909;30.8;16.3
79;2021-05-14;2100;671;117034;61580;31.4;16.5
79;2021-05-15;1399;498;118433;62078;31.8;16.7
79;2021-05-16;1;22;118434;62100;31.8;16.7
79;2021-05-17;1873;1081;120307;63181;32.3;17.0
79;2021-05-18;2969;1269;123276;64450;33.1;17.3
79;2021-05-19;2895;966;126171;65416;33.9;17.6
79;2021-05-20;3104;1246;129275;66662;34.7;17.9
79;2021-05-21;2768;1063;132043;67725;35.4;18.2
79;2021-05-22;1084;261;133127;67986;35.7;18.2
79;2021-05-23;1;0;133128;67986;35.7;18.2
79;2021-05-24;161;20;133289;68006;35.8;18.3
79;2021-05-25;3199;986;136488;68992;36.6;18.5
79;2021-05-26;3314;850;139802;69842;37.5;18.7
79;2021-05-27;3588;1718;143390;71560;38.5;19.2
79;2021-05-28;3329;1819;146719;73379;39.4;19.7
79;2021-05-29;1073;451;147792;73830;39.7;19.8
79;2021-05-30;3;1;147795;73831;39.7;19.8
79;2021-05-31;2382;733;150177;74564;40.3;20.0
79;2021-06-01;3019;1575;153196;76139;41.1;20.4
79;2021-06-02;4062;1167;157258;77306;42.2;20.7
79;2021-06-03;4084;1753;161342;79059;43.3;21.2
79;2021-06-04;4145;2031;165487;81090;44.4;21.8
79;2021-06-05;2802;757;168289;81847;45.2;22.0
79;2021-06-06;696;39;168985;81886;45.3;22.0
79;2021-06-07;2811;1412;171796;83298;46.1;22.4
79;2021-06-08;2981;2067;174777;85365;46.9;22.9
79;2021-06-09;3629;1937;178406;87302;47.9;23.4
79;2021-06-10;3018;1973;181424;89275;48.7;24.0
79;2021-06-11;3767;2314;185191;91589;49.7;24.6
79;2021-06-12;1707;608;186898;92197;50.2;24.7
79;2021-06-13;214;24;187112;92221;50.2;24.7
79;2021-06-14;1245;1690;188357;93911;50.5;25.2
79;2021-06-15;1881;2362;190238;96273;51.1;25.8
79;2021-06-16;2205;2246;192443;98519;51.6;26.4
79;2021-06-17;2237;2615;194680;101134;52.2;27.1
79;2021-06-18;2411;2319;197091;103453;52.9;27.8
79;2021-06-19;1245;581;198336;104034;53.2;27.9
79;2021-06-20;3;2;198339;104036;53.2;27.9
79;2021-06-21;1232;2281;199571;106317;53.6;28.5
79;2021-06-22;1546;2872;201117;109189;54.0;29.3
79;2021-06-23;1770;2547;202887;111736;54.4;30.0
79;2021-06-24;2106;2004;204993;113740;55.0;30.5
79;2021-06-25;1487;2841;206480;116581;55.4;31.3
79;2021-06-26;869;809;207349;117390;55.6;31.5
79;2021-06-27;13;6;207362;117396;55.6;31.5
79;2021-06-28;1055;2621;208417;120017;55.9;32.2
79;2021-06-29;1468;3547;209885;123564;56.3;33.2
79;2021-06-30;1354;3447;211239;127011;56.7;34.1
79;2021-07-01;1200;3786;212439;130797;57.0;35.1
79;2021-07-02;1488;3348;213927;134145;57.4;36.0
79;2021-07-03;399;1503;214326;135648;57.5;36.4
79;2021-07-04;2;9;214328;135657;57.5;36.4
79;2021-07-05;746;2121;215074;137778;57.7;37.0
79;2021-07-06;945;3667;216019;141445;58.0;38.0
79;2021-07-07;1329;4309;217348;145754;58.3;39.1
79;2021-07-08;1079;4045;218427;149799;58.6;40.2
79;2021-07-09;837;3722;219264;153521;58.8;41.2
79;2021-07-10;512;1318;219776;154839;59.0;41.6
79;2021-07-11;1;12;219777;154851;59.0;41.6
79;2021-07-12;540;3695;220317;158546;59.1;42.5
79;2021-07-13;998;5195;221315;163741;59.4;43.9
79;2021-07-14;132;874;221447;164615;59.4;44.2
79;2021-07-15;1223;4685;222670;169300;59.8;45.4
79;2021-07-16;1326;4361;223996;173661;60.1;46.6
79;2021-07-17;572;2419;224568;176080;60.3;47.3
79;2021-07-18;43;498;224611;176578;60.3;47.4
79;2021-07-19;731;3320;225342;179898;60.5;48.3
79;2021-07-20;1223;3953;226565;183851;60.8;49.3
79;2021-07-21;1173;4197;227738;188048;61.1;50.5
79;2021-07-22;1346;3990;229084;192038;61.5;51.5
79;2021-07-23;1349;4561;230433;196599;61.8;52.8
79;2021-07-24;863;1498;231296;198097;62.1;53.2
79;2021-07-25;55;326;231351;198423;62.1;53.2
79;2021-07-26;1365;2595;232716;201018;62.5;53.9
79;2021-07-27;2077;2994;234793;204012;63.0;54.7
79;2021-07-28;2484;2493;237277;206505;63.7;55.4
79;2021-07-29;2997;2853;240274;209358;64.5;56.2
79;2021-07-30;2131;2826;242405;212184;65.1;56.9
79;2021-07-31;882;1155;243287;213339;65.3;57.3
79;2021-08-01;3;3;243290;213342;65.3;57.3
79;2021-08-02;1784;1542;245074;214884;65.8;57.7
79;2021-08-03;2811;2046;247885;216930;66.5;58.2
79;2021-08-04;2975;1742;250860;218672;67.3;58.7
79;2021-08-05;2904;2213;253764;220885;68.1;59.3
79;2021-08-06;2512;1638;256276;222523;68.8;59.7
79;2021-08-07;866;812;257142;223335;69.0;59.9
79;2021-08-08;0;3;257142;223338;69.0;59.9
79;2021-08-09;2450;1071;259592;224409;69.7;60.2
80;2020-12-27;0;0;0;0;0.0;0.0
80;2020-12-28;0;0;0;0;0.0;0.0
80;2020-12-29;11;0;11;0;0.0;0.0
80;2020-12-30;0;0;11;0;0.0;0.0
80;2020-12-31;0;0;11;0;0.0;0.0
80;2021-01-01;0;0;11;0;0.0;0.0
80;2021-01-02;0;0;11;0;0.0;0.0
80;2021-01-03;1;0;12;0;0.0;0.0
80;2021-01-04;0;0;12;0;0.0;0.0
80;2021-01-05;0;0;12;0;0.0;0.0
80;2021-01-06;30;0;42;0;0.0;0.0
80;2021-01-07;276;2;318;2;0.1;0.0
80;2021-01-08;330;0;648;2;0.1;0.0
80;2021-01-09;108;0;756;2;0.1;0.0
80;2021-01-10;21;0;777;2;0.1;0.0
80;2021-01-11;276;0;1053;2;0.2;0.0
80;2021-01-12;428;1;1481;3;0.3;0.0
80;2021-01-13;514;3;1995;6;0.4;0.0
80;2021-01-14;453;4;2448;10;0.4;0.0
80;2021-01-15;330;1;2778;11;0.5;0.0
80;2021-01-16;103;1;2881;12;0.5;0.0
80;2021-01-17;102;1;2983;13;0.5;0.0
80;2021-01-18;412;2;3395;15;0.6;0.0
80;2021-01-19;962;16;4357;31;0.8;0.0
80;2021-01-20;1086;4;5443;35;1.0;0.0
80;2021-01-21;1011;8;6454;43;1.1;0.0
80;2021-01-22;1113;4;7567;47;1.3;0.0
80;2021-01-23;908;0;8475;47;1.5;0.0
80;2021-01-24;824;4;9299;51;1.6;0.0
80;2021-01-25;1539;7;10838;58;1.9;0.0
80;2021-01-26;1479;10;12317;68;2.2;0.0
80;2021-01-27;822;27;13139;95;2.3;0.0
80;2021-01-28;623;173;13762;268;2.4;0.0
80;2021-01-29;637;219;14399;487;2.5;0.1
80;2021-01-30;85;60;14484;547;2.5;0.1
80;2021-01-31;0;0;14484;547;2.5;0.1
80;2021-02-01;26;257;14510;804;2.5;0.1
80;2021-02-02;21;446;14531;1250;2.6;0.2
80;2021-02-03;29;542;14560;1792;2.6;0.3
80;2021-02-04;277;349;14837;2141;2.6;0.4
80;2021-02-05;347;211;15184;2352;2.7;0.4
80;2021-02-06;167;70;15351;2422;2.7;0.4
80;2021-02-07;1;0;15352;2422;2.7;0.4
80;2021-02-08;425;242;15777;2664;2.8;0.5
80;2021-02-09;686;244;16463;2908;2.9;0.5
80;2021-02-10;606;497;17069;3405;3.0;0.6
80;2021-02-11;861;352;17930;3757;3.1;0.7
80;2021-02-12;943;315;18873;4072;3.3;0.7
80;2021-02-13;195;428;19068;4500;3.3;0.8
80;2021-02-14;78;572;19146;5072;3.4;0.9
80;2021-02-15;605;1018;19751;6090;3.5;1.1
80;2021-02-16;688;1138;20439;7228;3.6;1.3
80;2021-02-17;484;1171;20923;8399;3.7;1.5
80;2021-02-18;569;1137;21492;9536;3.8;1.7
80;2021-02-19;503;851;21995;10387;3.9;1.8
80;2021-02-20;22;515;22017;10902;3.9;1.9
80;2021-02-21;47;49;22064;10951;3.9;1.9
80;2021-02-22;149;576;22213;11527;3.9;2.0
80;2021-02-23;471;692;22684;12219;4.0;2.1
80;2021-02-24;431;680;23115;12899;4.1;2.3
80;2021-02-25;815;541;23930;13440;4.2;2.4
80;2021-02-26;1062;520;24992;13960;4.4;2.5
80;2021-02-27;476;72;25468;14032;4.5;2.5
80;2021-02-28;49;24;25517;14056;4.5;2.5
80;2021-03-01;728;65;26245;14121;4.6;2.5
80;2021-03-02;1014;89;27259;14210;4.8;2.5
80;2021-03-03;980;55;28239;14265;5.0;2.5
80;2021-03-04;1391;234;29630;14499;5.2;2.5
80;2021-03-05;1872;328;31502;14827;5.5;2.6
80;2021-03-06;2918;320;34420;15147;6.0;2.7
80;2021-03-07;1841;72;36261;15219;6.4;2.7
80;2021-03-08;714;607;36975;15826;6.5;2.8
80;2021-03-09;1309;908;38284;16734;6.7;2.9
80;2021-03-10;1722;748;40006;17482;7.0;3.1
80;2021-03-11;1908;822;41914;18304;7.4;3.2
80;2021-03-12;3137;732;45051;19036;7.9;3.3
80;2021-03-13;4006;194;49057;19230;8.6;3.4
80;2021-03-14;350;13;49407;19243;8.7;3.4
80;2021-03-15;1014;247;50421;19490;8.8;3.4
80;2021-03-16;882;336;51303;19826;9.0;3.5
80;2021-03-17;664;275;51967;20101;9.1;3.5
80;2021-03-18;1001;294;52968;20395;9.3;3.6
80;2021-03-19;1738;381;54706;20776;9.6;3.6
80;2021-03-20;3822;105;58528;20881;10.3;3.7
80;2021-03-21;487;30;59015;20911;10.4;3.7
80;2021-03-22;902;288;59917;21199;10.5;3.7
80;2021-03-23;1713;410;61630;21609;10.8;3.8
80;2021-03-24;1754;464;63384;22073;11.1;3.9
80;2021-03-25;2714;445;66098;22518;11.6;4.0
80;2021-03-26;3102;422;69200;22940;12.1;4.0
80;2021-03-27;2232;222;71432;23162;12.5;4.1
80;2021-03-28;675;90;72107;23252;12.7;4.1
80;2021-03-29;1981;746;74088;23998;13.0;4.2
80;2021-03-30;1969;872;76057;24870;13.3;4.4
80;2021-03-31;1495;984;77552;25854;13.6;4.5
80;2021-04-01;1952;1481;79504;27335;14.0;4.8
80;2021-04-02;2812;1571;82316;28906;14.4;5.1
80;2021-04-03;3042;857;85358;29763;15.0;5.2
80;2021-04-04;134;7;85492;29770;15.0;5.2
80;2021-04-05;684;199;86176;29969;15.1;5.3
80;2021-04-06;1280;965;87456;30934;15.3;5.4
80;2021-04-07;1624;1199;89080;32133;15.6;5.6
80;2021-04-08;2155;839;91235;32972;16.0;5.8
80;2021-04-09;3529;1348;94764;34320;16.6;6.0
80;2021-04-10;2736;1938;97500;36258;17.1;6.4
80;2021-04-11;189;175;97689;36433;17.1;6.4
80;2021-04-12;1811;486;99500;36919;17.5;6.5
80;2021-04-13;2381;1035;101881;37954;17.9;6.7
80;2021-04-14;2768;1140;104649;39094;18.4;6.9
80;2021-04-15;3732;864;108381;39958;19.0;7.0
80;2021-04-16;3335;863;111716;40821;19.6;7.2
80;2021-04-17;1652;2300;113368;43121;19.9;7.6
80;2021-04-18;372;388;113740;43509;20.0;7.6
80;2021-04-19;953;774;114693;44283;20.1;7.8
80;2021-04-20;1611;811;116304;45094;20.4;7.9
80;2021-04-21;1613;997;117917;46091;20.7;8.1
80;2021-04-22;2164;1250;120081;47341;21.1;8.3
80;2021-04-23;2639;1247;122720;48588;21.5;8.5
80;2021-04-24;1358;1190;124078;49778;21.8;8.7
80;2021-04-25;209;530;124287;50308;21.8;8.8
80;2021-04-26;1294;1445;125581;51753;22.0;9.1
80;2021-04-27;2024;1396;127605;53149;22.4;9.3
80;2021-04-28;2199;1396;129804;54545;22.8;9.6
80;2021-04-29;3215;1879;133019;56424;23.3;9.9
80;2021-04-30;3076;2849;136095;59273;23.9;10.4
80;2021-05-01;989;657;137084;59930;24.1;10.5
80;2021-05-02;370;52;137454;59982;24.1;10.5
80;2021-05-03;2723;1180;140177;61162;24.6;10.7
80;2021-05-04;2498;1707;142675;62869;25.0;11.0
80;2021-05-05;3365;1896;146040;64765;25.6;11.4
80;2021-05-06;3173;2548;149213;67313;26.2;11.8
80;2021-05-07;3454;2691;152667;70004;26.8;12.3
80;2021-05-08;2784;922;155451;70926;27.3;12.4
80;2021-05-09;1407;265;156858;71191;27.5;12.5
80;2021-05-10;1882;1831;158740;73022;27.9;12.8
80;2021-05-11;3275;1794;162015;74816;28.4;13.1
80;2021-05-12;4701;1568;166716;76384;29.3;13.4
80;2021-05-13;3836;363;170552;76747;29.9;13.5
80;2021-05-14;5190;1397;175742;78144;30.8;13.7
80;2021-05-15;5919;1050;181661;79194;31.9;13.9
80;2021-05-16;2679;308;184340;79502;32.4;14.0
80;2021-05-17;2371;817;186711;80319;32.8;14.1
80;2021-05-18;3948;850;190659;81169;33.5;14.2
80;2021-05-19;4019;945;194678;82114;34.2;14.4
80;2021-05-20;4568;1218;199246;83332;35.0;14.6
80;2021-05-21;4892;1666;204138;84998;35.8;14.9
80;2021-05-22;5030;1156;209168;86154;36.7;15.1
80;2021-05-23;1783;239;210951;86393;37.0;15.2
80;2021-05-24;1467;160;212418;86553;37.3;15.2
80;2021-05-25;2622;1134;215040;87687;37.7;15.4
80;2021-05-26;4250;1695;219290;89382;38.5;15.7
80;2021-05-27;3976;2470;223266;91852;39.2;16.1
80;2021-05-28;3864;2978;227130;94830;39.9;16.6
80;2021-05-29;3700;1629;230830;96459;40.5;16.9
80;2021-05-30;1182;199;232012;96658;40.7;17.0
80;2021-05-31;2602;1373;234614;98031;41.2;17.2
80;2021-06-01;4030;2435;238644;100466;41.9;17.6
80;2021-06-02;3336;2005;241980;102471;42.5;18.0
80;2021-06-03;4266;2930;246246;105401;43.2;18.5
80;2021-06-04;4794;3081;251040;108482;44.1;19.0
80;2021-06-05;3558;2077;254598;110559;44.7;19.4
80;2021-06-06;801;209;255399;110768;44.8;19.4
80;2021-06-07;1747;1944;257146;112712;45.1;19.8
80;2021-06-08;2745;2552;259891;115264;45.6;20.2
80;2021-06-09;3006;2728;262897;117992;46.1;20.7
80;2021-06-10;3166;3168;266063;121160;46.7;21.3
80;2021-06-11;3221;3890;269284;125050;47.3;21.9
80;2021-06-12;3042;2326;272326;127376;47.8;22.4
80;2021-06-13;473;405;272799;127781;47.9;22.4
80;2021-06-14;1264;2851;274063;130632;48.1;22.9
80;2021-06-15;2311;3421;276374;134053;48.5;23.5
80;2021-06-16;1563;4217;277937;138270;48.8;24.3
80;2021-06-17;2357;3624;280294;141894;49.2;24.9
80;2021-06-18;2551;3898;282845;145792;49.6;25.6
80;2021-06-19;2987;4344;285832;150136;50.2;26.4
80;2021-06-20;203;1077;286035;151213;50.2;26.5
80;2021-06-21;1015;2617;287050;153830;50.4;27.0
80;2021-06-22;1147;3933;288197;157763;50.6;27.7
80;2021-06-23;1853;5286;290050;163049;50.9;28.6
80;2021-06-24;1696;4681;291746;167730;51.2;29.4
80;2021-06-25;1376;6122;293122;173852;51.4;30.5
80;2021-06-26;1934;6182;295056;180034;51.8;31.6
80;2021-06-27;332;2029;295388;182063;51.8;32.0
80;2021-06-28;907;3167;296295;185230;52.0;32.5
80;2021-06-29;1919;4617;298214;189847;52.3;33.3
80;2021-06-30;1237;4776;299451;194623;52.6;34.2
80;2021-07-01;1569;4991;301020;199614;52.8;35.0
80;2021-07-02;1856;5977;302876;205591;53.2;36.1
80;2021-07-03;1300;5267;304176;210858;53.4;37.0
80;2021-07-04;691;1472;304867;212330;53.5;37.3
80;2021-07-05;880;2960;305747;215290;53.7;37.8
80;2021-07-06;1850;3982;307597;219272;54.0;38.5
80;2021-07-07;1550;4509;309147;223781;54.3;39.3
80;2021-07-08;2078;5000;311225;228781;54.6;40.2
80;2021-07-09;2596;5468;313821;234249;55.1;41.1
80;2021-07-10;1612;4018;315433;238267;55.4;41.8
80;2021-07-11;404;801;315837;239068;55.4;42.0
80;2021-07-12;873;3386;316710;242454;55.6;42.6
80;2021-07-13;2083;5090;318793;247544;56.0;43.4
80;2021-07-14;2788;1741;321581;249285;56.4;43.8
80;2021-07-15;2789;5297;324370;254582;56.9;44.7
80;2021-07-16;3863;5888;328233;260470;57.6;45.7
80;2021-07-17;3361;4460;331594;264930;58.2;46.5
80;2021-07-18;873;893;332467;265823;58.4;46.7
80;2021-07-19;2147;2880;334614;268703;58.7;47.2
80;2021-07-20;3304;4897;337918;273600;59.3;48.0
80;2021-07-21;3472;4491;341390;278091;59.9;48.8
80;2021-07-22;4326;4559;345716;282650;60.7;49.6
80;2021-07-23;5331;4812;351047;287462;61.6;50.5
80;2021-07-24;4226;4324;355273;291786;62.4;51.2
80;2021-07-25;1182;647;356455;292433;62.6;51.3
80;2021-07-26;2672;2331;359127;294764;63.0;51.7
80;2021-07-27;4355;3699;363482;298463;63.8;52.4
80;2021-07-28;5080;2795;368562;301258;64.7;52.9
80;2021-07-29;4966;3210;373528;304468;65.6;53.4
80;2021-07-30;5012;3625;378540;308093;66.4;54.1
80;2021-07-31;4142;2898;382682;310991;67.2;54.6
80;2021-08-01;1283;358;383965;311349;67.4;54.6
80;2021-08-02;2048;1754;386013;313103;67.7;55.0
80;2021-08-03;3702;2355;389715;315458;68.4;55.4
80;2021-08-04;3345;2489;393060;317947;69.0;55.8
80;2021-08-05;3125;2550;396185;320497;69.5;56.3
80;2021-08-06;3210;2885;399395;323382;70.1;56.8
80;2021-08-07;2410;2639;401805;326021;70.5;57.2
80;2021-08-08;614;717;402419;326738;70.6;57.3
80;2021-08-09;1378;2106;403797;328844;70.9;57.7
81;2020-12-27;0;0;0;0;0.0;0.0
81;2020-12-28;0;0;0;0;0.0;0.0
81;2020-12-29;0;0;0;0;0.0;0.0
81;2020-12-30;0;0;0;0;0.0;0.0
81;2020-12-31;0;0;0;0;0.0;0.0
81;2021-01-01;0;0;0;0;0.0;0.0
81;2021-01-02;0;0;0;0;0.0;0.0
81;2021-01-03;0;0;0;0;0.0;0.0
81;2021-01-04;1;0;1;0;0.0;0.0
81;2021-01-05;0;0;1;0;0.0;0.0
81;2021-01-06;5;0;6;0;0.0;0.0
81;2021-01-07;266;0;272;0;0.1;0.0
81;2021-01-08;312;1;584;1;0.2;0.0
81;2021-01-09;74;1;658;2;0.2;0.0
81;2021-01-10;1;0;659;2;0.2;0.0
81;2021-01-11;133;0;792;2;0.2;0.0
81;2021-01-12;167;0;959;2;0.2;0.0
81;2021-01-13;233;1;1192;3;0.3;0.0
81;2021-01-14;961;7;2153;10;0.6;0.0
81;2021-01-15;524;1;2677;11;0.7;0.0
81;2021-01-16;72;0;2749;11;0.7;0.0
81;2021-01-17;0;0;2749;11;0.7;0.0
81;2021-01-18;580;3;3329;14;0.9;0.0
81;2021-01-19;662;4;3991;18;1.0;0.0
81;2021-01-20;752;2;4743;20;1.2;0.0
81;2021-01-21;1174;3;5917;23;1.5;0.0
81;2021-01-22;852;2;6769;25;1.7;0.0
81;2021-01-23;221;2;6990;27;1.8;0.0
81;2021-01-24;102;0;7092;27;1.8;0.0
81;2021-01-25;566;3;7658;30;2.0;0.0
81;2021-01-26;634;5;8292;35;2.1;0.0
81;2021-01-27;551;4;8843;39;2.3;0.0
81;2021-01-28;687;215;9530;254;2.5;0.1
81;2021-01-29;300;183;9830;437;2.5;0.1
81;2021-01-30;202;37;10032;474;2.6;0.1
81;2021-01-31;104;1;10136;475;2.6;0.1
81;2021-02-01;320;130;10456;605;2.7;0.2
81;2021-02-02;446;142;10902;747;2.8;0.2
81;2021-02-03;476;223;11378;970;2.9;0.3
81;2021-02-04;1398;693;12776;1663;3.3;0.4
81;2021-02-05;868;316;13644;1979;3.5;0.5
81;2021-02-06;274;21;13918;2000;3.6;0.5
81;2021-02-07;103;0;14021;2000;3.6;0.5
81;2021-02-08;275;219;14296;2219;3.7;0.6
81;2021-02-09;418;220;14714;2439;3.8;0.6
81;2021-02-10;371;285;15085;2724;3.9;0.7
81;2021-02-11;651;388;15736;3112;4.1;0.8
81;2021-02-12;577;546;16313;3658;4.2;0.9
81;2021-02-13;187;159;16500;3817;4.3;1.0
81;2021-02-14;100;1;16600;3818;4.3;1.0
81;2021-02-15;234;485;16834;4303;4.3;1.1
81;2021-02-16;281;617;17115;4920;4.4;1.3
81;2021-02-17;242;521;17357;5441;4.5;1.4
81;2021-02-18;483;674;17840;6115;4.6;1.6
81;2021-02-19;566;410;18406;6525;4.7;1.7
81;2021-02-20;322;281;18728;6806;4.8;1.8
81;2021-02-21;23;80;18751;6886;4.8;1.8
81;2021-02-22;233;536;18984;7422;4.9;1.9
81;2021-02-23;168;594;19152;8016;4.9;2.1
81;2021-02-24;291;631;19443;8647;5.0;2.2
81;2021-02-25;710;1056;20153;9703;5.2;2.5
81;2021-02-26;909;960;21062;10663;5.4;2.7
81;2021-02-27;275;243;21337;10906;5.5;2.8
81;2021-02-28;21;88;21358;10994;5.5;2.8
81;2021-03-01;208;410;21566;11404;5.6;2.9
81;2021-03-02;364;542;21930;11946;5.7;3.1
81;2021-03-03;463;422;22393;12368;5.8;3.2
81;2021-03-04;1061;460;23454;12828;6.0;3.3
81;2021-03-05;1407;390;24861;13218;6.4;3.4
81;2021-03-06;981;166;25842;13384;6.7;3.5
81;2021-03-07;154;102;25996;13486;6.7;3.5
81;2021-03-08;465;359;26461;13845;6.8;3.6
81;2021-03-09;811;390;27272;14235;7.0;3.7
81;2021-03-10;899;392;28171;14627;7.3;3.8
81;2021-03-11;1348;355;29519;14982;7.6;3.9
81;2021-03-12;1690;299;31209;15281;8.0;3.9
81;2021-03-13;1030;187;32239;15468;8.3;4.0
81;2021-03-14;65;82;32304;15550;8.3;4.0
81;2021-03-15;1094;224;33398;15774;8.6;4.1
81;2021-03-16;724;228;34122;16002;8.8;4.1
81;2021-03-17;891;274;35013;16276;9.0;4.2
81;2021-03-18;970;581;35983;16857;9.3;4.3
81;2021-03-19;1271;452;37254;17309;9.6;4.5
81;2021-03-20;676;279;37930;17588;9.8;4.5
81;2021-03-21;139;22;38069;17610;9.8;4.5
81;2021-03-22;933;284;39002;17894;10.1;4.6
81;2021-03-23;1418;222;40420;18116;10.4;4.7
81;2021-03-24;1603;275;42023;18391;10.8;4.7
81;2021-03-25;2028;323;44051;18714;11.4;4.8
81;2021-03-26;2101;279;46152;18993;11.9;4.9
81;2021-03-27;1092;33;47244;19026;12.2;4.9
81;2021-03-28;734;39;47978;19065;12.4;4.9
81;2021-03-29;2867;178;50845;19243;13.1;5.0
81;2021-03-30;3054;206;53899;19449;13.9;5.0
81;2021-03-31;2690;290;56589;19739;14.6;5.1
81;2021-04-01;3311;560;59900;20299;15.4;5.2
81;2021-04-02;2613;365;62513;20664;16.1;5.3
81;2021-04-03;1146;300;63659;20964;16.4;5.4
81;2021-04-04;1401;18;65060;20982;16.8;5.4
81;2021-04-05;718;17;65778;20999;17.0;5.4
81;2021-04-06;1593;508;67371;21507;17.4;5.5
81;2021-04-07;1814;584;69185;22091;17.8;5.7
81;2021-04-08;2614;827;71799;22918;18.5;5.9
81;2021-04-09;3049;469;74848;23387;19.3;6.0
81;2021-04-10;1476;508;76324;23895;19.7;6.2
81;2021-04-11;1297;64;77621;23959;20.0;6.2
81;2021-04-12;1220;685;78841;24644;20.3;6.4
81;2021-04-13;2529;785;81370;25429;21.0;6.6
81;2021-04-14;2507;831;83877;26260;21.6;6.8
81;2021-04-15;3098;1191;86975;27451;22.4;7.1
81;2021-04-16;2820;1081;89795;28532;23.1;7.4
81;2021-04-17;1145;294;90940;28826;23.4;7.4
81;2021-04-18;518;145;91458;28971;23.6;7.5
81;2021-04-19;913;823;92371;29794;23.8;7.7
81;2021-04-20;2271;1166;94642;30960;24.4;8.0
81;2021-04-21;2224;1001;96866;31961;25.0;8.2
81;2021-04-22;2817;1058;99683;33019;25.7;8.5
81;2021-04-23;2882;967;102565;33986;26.4;8.8
81;2021-04-24;1326;743;103891;34729;26.8;9.0
81;2021-04-25;454;716;104345;35445;26.9;9.1
81;2021-04-26;1059;2423;105404;37868;27.2;9.8
81;2021-04-27;1598;2350;107002;40218;27.6;10.4
81;2021-04-28;1422;2394;108424;42612;28.0;11.0
81;2021-04-29;1816;2746;110240;45358;28.4;11.7
81;2021-04-30;2013;2352;112253;47710;28.9;12.3
81;2021-05-01;361;685;112614;48395;29.0;12.5
81;2021-05-02;291;1380;112905;49775;29.1;12.8
81;2021-05-03;1115;1170;114020;50945;29.4;13.1
81;2021-05-04;2620;1904;116640;52849;30.1;13.6
81;2021-05-05;2015;1929;118655;54778;30.6;14.1
81;2021-05-06;2748;3410;121403;58188;31.3;15.0
81;2021-05-07;2113;2859;123516;61047;31.8;15.7
81;2021-05-08;963;876;124479;61923;32.1;16.0
81;2021-05-09;534;1352;125013;63275;32.2;16.3
81;2021-05-10;824;1601;125837;64876;32.4;16.7
81;2021-05-11;1661;2575;127498;67451;32.9;17.4
81;2021-05-12;1637;2460;129135;69911;33.3;18.0
81;2021-05-13;1216;564;130351;70475;33.6;18.2
81;2021-05-14;1890;1722;132241;72197;34.1;18.6
81;2021-05-15;1511;619;133752;72816;34.5;18.8
81;2021-05-16;1368;414;135120;73230;34.8;18.9
81;2021-05-17;1166;864;136286;74094;35.1;19.1
81;2021-05-18;1698;1430;137984;75524;35.6;19.5
81;2021-05-19;2642;1244;140626;76768;36.3;19.8
81;2021-05-20;2967;1349;143593;78117;37.0;20.1
81;2021-05-21;2738;1118;146331;79235;37.7;20.4
81;2021-05-22;2816;519;149147;79754;38.5;20.6
81;2021-05-23;1178;74;150325;79828;38.8;20.6
81;2021-05-24;838;80;151163;79908;39.0;20.6
81;2021-05-25;2492;1105;153655;81013;39.6;20.9
81;2021-05-26;1891;797;155546;81810;40.1;21.1
81;2021-05-27;2556;1536;158102;83346;40.8;21.5
81;2021-05-28;2562;1663;160664;85009;41.4;21.9
81;2021-05-29;1401;540;162065;85549;41.8;22.1
81;2021-05-30;934;220;162999;85769;42.0;22.1
81;2021-05-31;1183;1339;164182;87108;42.3;22.5
81;2021-06-01;1780;2697;165962;89805;42.8;23.2
81;2021-06-02;2000;2443;167962;92248;43.3;23.8
81;2021-06-03;2001;2534;169963;94782;43.8;24.4
81;2021-06-04;1845;2948;171808;97730;44.3;25.2
81;2021-06-05;1754;1306;173562;99036;44.7;25.5
81;2021-06-06;370;366;173932;99402;44.8;25.6
81;2021-06-07;1209;1540;175141;100942;45.2;26.0
81;2021-06-08;2369;2388;177510;103330;45.8;26.6
81;2021-06-09;2438;1867;179948;105197;46.4;27.1
81;2021-06-10;1279;1565;181227;106762;46.7;27.5
81;2021-06-11;2654;2201;183881;108963;47.4;28.1
81;2021-06-12;1659;1038;185540;110001;47.8;28.4
81;2021-06-13;444;475;185984;110476;47.9;28.5
81;2021-06-14;773;1421;186757;111897;48.1;28.8
81;2021-06-15;1678;3502;188435;115399;48.6;29.7
81;2021-06-16;1266;3014;189701;118413;48.9;30.5
81;2021-06-17;1343;2524;191044;120937;49.3;31.2
81;2021-06-18;1836;2770;192880;123707;49.7;31.9
81;2021-06-19;825;949;193705;124656;49.9;32.1
81;2021-06-20;405;537;194110;125193;50.0;32.3
81;2021-06-21;425;1036;194535;126229;50.2;32.5
81;2021-06-22;1060;2566;195595;128795;50.4;33.2
81;2021-06-23;1142;2158;196737;130953;50.7;33.8
81;2021-06-24;1114;1937;197851;132890;51.0;34.3
81;2021-06-25;1237;2864;199088;135754;51.3;35.0
81;2021-06-26;722;1711;199810;137465;51.5;35.4
81;2021-06-27;526;1646;200336;139111;51.6;35.9
81;2021-06-28;477;1541;200813;140652;51.8;36.3
81;2021-06-29;1083;2638;201896;143290;52.0;36.9
81;2021-06-30;1041;3153;202937;146443;52.3;37.8
81;2021-07-01;875;2625;203812;149068;52.5;38.4
81;2021-07-02;987;2859;204799;151927;52.8;39.2
81;2021-07-03;731;2830;205530;154757;53.0;39.9
81;2021-07-04;268;1010;205798;155767;53.1;40.2
81;2021-07-05;701;1622;206499;157389;53.2;40.6
81;2021-07-06;973;3174;207472;160563;53.5;41.4
81;2021-07-07;1058;2438;208530;163001;53.8;42.0
81;2021-07-08;1028;2234;209558;165235;54.0;42.6
81;2021-07-09;1145;2701;210703;167936;54.3;43.3
81;2021-07-10;804;1523;211507;169459;54.5;43.7
81;2021-07-11;435;1011;211942;170470;54.6;43.9
81;2021-07-12;728;1726;212670;172196;54.8;44.4
81;2021-07-13;2061;3145;214731;175341;55.4;45.2
81;2021-07-14;1440;1565;216171;176906;55.7;45.6
81;2021-07-15;2536;2756;218707;179662;56.4;46.3
81;2021-07-16;2019;3025;220726;182687;56.9;47.1
81;2021-07-17;1215;2452;221941;185139;57.2;47.7
81;2021-07-18;672;1128;222613;186267;57.4;48.0
81;2021-07-19;1160;1730;223773;187997;57.7;48.5
81;2021-07-20;3038;2796;226811;190793;58.5;49.2
81;2021-07-21;3464;2330;230275;193123;59.4;49.8
81;2021-07-22;3544;2091;233819;195214;60.3;50.3
81;2021-07-23;3159;3229;236978;198443;61.1;51.2
81;2021-07-24;2513;1710;239491;200153;61.7;51.6
81;2021-07-25;1684;706;241175;200859;62.2;51.8
81;2021-07-26;1998;1536;243173;202395;62.7;52.2
81;2021-07-27;3570;2535;246743;204930;63.6;52.8
81;2021-07-28;3022;2190;249765;207120;64.4;53.4
81;2021-07-29;3318;1769;253083;208889;65.2;53.9
81;2021-07-30;2810;2247;255893;211136;66.0;54.4
81;2021-07-31;1943;1003;257836;212139;66.5;54.7
81;2021-08-01;831;633;258667;212772;66.7;54.9
81;2021-08-02;1051;986;259718;213758;67.0;55.1
81;2021-08-03;2307;2104;262025;215862;67.5;55.6
81;2021-08-04;2012;1519;264037;217381;68.1;56.0
81;2021-08-05;1515;1864;265552;219245;68.5;56.5
81;2021-08-06;1714;1966;267266;221211;68.9;57.0
81;2021-08-07;954;1031;268220;222242;69.1;57.3
81;2021-08-08;436;708;268656;222950;69.3;57.5
81;2021-08-09;777;651;269433;223601;69.5;57.6
82;2020-12-27;0;0;0;0;0.0;0.0
82;2020-12-28;2;0;2;0;0.0;0.0
82;2020-12-29;0;0;2;0;0.0;0.0
82;2020-12-30;0;0;2;0;0.0;0.0
82;2020-12-31;0;0;2;0;0.0;0.0
82;2021-01-01;0;0;2;0;0.0;0.0
82;2021-01-02;0;0;2;0;0.0;0.0
82;2021-01-03;0;0;2;0;0.0;0.0
82;2021-01-04;0;0;2;0;0.0;0.0
82;2021-01-05;86;0;88;0;0.0;0.0
82;2021-01-06;1;0;89;0;0.0;0.0
82;2021-01-07;75;0;164;0;0.1;0.0
82;2021-01-08;46;0;210;0;0.1;0.0
82;2021-01-09;77;0;287;0;0.1;0.0
82;2021-01-10;0;0;287;0;0.1;0.0
82;2021-01-11;94;0;381;0;0.1;0.0
82;2021-01-12;284;0;665;0;0.3;0.0
82;2021-01-13;336;1;1001;1;0.4;0.0
82;2021-01-14;441;4;1442;5;0.5;0.0
82;2021-01-15;612;2;2054;7;0.8;0.0
82;2021-01-16;229;3;2283;10;0.9;0.0
82;2021-01-17;89;0;2372;10;0.9;0.0
82;2021-01-18;433;2;2805;12;1.1;0.0
82;2021-01-19;479;1;3284;13;1.3;0.0
82;2021-01-20;663;1;3947;14;1.5;0.0
82;2021-01-21;447;1;4394;15;1.7;0.0
82;2021-01-22;483;2;4877;17;1.9;0.0
82;2021-01-23;151;0;5028;17;1.9;0.0
82;2021-01-24;0;0;5028;17;1.9;0.0
82;2021-01-25;376;0;5404;17;2.1;0.0
82;2021-01-26;468;0;5872;17;2.2;0.0
82;2021-01-27;519;1;6391;18;2.4;0.0
82;2021-01-28;585;34;6976;52;2.7;0.0
82;2021-01-29;405;108;7381;160;2.8;0.1
82;2021-01-30;44;22;7425;182;2.8;0.1
82;2021-01-31;0;0;7425;182;2.8;0.1
82;2021-02-01;292;55;7717;237;2.9;0.1
82;2021-02-02;344;100;8061;337;3.1;0.1
82;2021-02-03;462;66;8523;403;3.2;0.2
82;2021-02-04;764;219;9287;622;3.5;0.2
82;2021-02-05;479;148;9766;770;3.7;0.3
82;2021-02-06;93;39;9859;809;3.8;0.3
82;2021-02-07;29;79;9888;888;3.8;0.3
82;2021-02-08;149;226;10037;1114;3.8;0.4
82;2021-02-09;238;393;10275;1507;3.9;0.6
82;2021-02-10;271;602;10546;2109;4.0;0.8
82;2021-02-11;224;402;10770;2511;4.1;1.0
82;2021-02-12;190;610;10960;3121;4.2;1.2
82;2021-02-13;59;118;11019;3239;4.2;1.2
82;2021-02-14;4;81;11023;3320;4.2;1.3
82;2021-02-15;217;305;11240;3625;4.3;1.4
82;2021-02-16;280;392;11520;4017;4.4;1.5
82;2021-02-17;358;519;11878;4536;4.5;1.7
82;2021-02-18;507;506;12385;5042;4.7;1.9
82;2021-02-19;490;543;12875;5585;4.9;2.1
82;2021-02-20;78;139;12953;5724;4.9;2.2
82;2021-02-21;0;0;12953;5724;4.9;2.2
82;2021-02-22;199;408;13152;6132;5.0;2.3
82;2021-02-23;276;469;13428;6601;5.1;2.5
82;2021-02-24;283;458;13711;7059;5.2;2.7
82;2021-02-25;638;508;14349;7567;5.5;2.9
82;2021-02-26;648;397;14997;7964;5.7;3.0
82;2021-02-27;214;73;15211;8037;5.8;3.1
82;2021-02-28;30;7;15241;8044;5.8;3.1
82;2021-03-01;291;229;15532;8273;5.9;3.2
82;2021-03-02;495;402;16027;8675;6.1;3.3
82;2021-03-03;441;388;16468;9063;6.3;3.5
82;2021-03-04;600;300;17068;9363;6.5;3.6
82;2021-03-05;680;381;17748;9744;6.8;3.7
82;2021-03-06;693;42;18441;9786;7.0;3.7
82;2021-03-07;302;3;18743;9789;7.1;3.7
82;2021-03-08;603;155;19346;9944;7.4;3.8
82;2021-03-09;582;257;19928;10201;7.6;3.9
82;2021-03-10;778;246;20706;10447;7.9;4.0
82;2021-03-11;974;280;21680;10727;8.3;4.1
82;2021-03-12;992;104;22672;10831;8.6;4.1
82;2021-03-13;564;53;23236;10884;8.8;4.1
82;2021-03-14;61;5;23297;10889;8.9;4.1
82;2021-03-15;485;327;23782;11216;9.1;4.3
82;2021-03-16;197;334;23979;11550;9.1;4.4
82;2021-03-17;191;296;24170;11846;9.2;4.5
82;2021-03-18;279;350;24449;12196;9.3;4.6
82;2021-03-19;533;314;24982;12510;9.5;4.8
82;2021-03-20;252;58;25234;12568;9.6;4.8
82;2021-03-21;23;0;25257;12568;9.6;4.8
82;2021-03-22;405;319;25662;12887;9.8;4.9
82;2021-03-23;602;312;26264;13199;10.0;5.0
82;2021-03-24;620;334;26884;13533;10.2;5.2
82;2021-03-25;928;244;27812;13777;10.6;5.2
82;2021-03-26;1216;268;29028;14045;11.1;5.3
82;2021-03-27;478;78;29506;14123;11.2;5.4
82;2021-03-28;136;2;29642;14125;11.3;5.4
82;2021-03-29;925;379;30567;14504;11.6;5.5
82;2021-03-30;1187;279;31754;14783;12.1;5.6
82;2021-03-31;1019;260;32773;15043;12.5;5.7
82;2021-04-01;1073;197;33846;15240;12.9;5.8
82;2021-04-02;1211;286;35057;15526;13.3;5.9
82;2021-04-03;715;130;35772;15656;13.6;6.0
82;2021-04-04;276;13;36048;15669;13.7;6.0
82;2021-04-05;388;19;36436;15688;13.9;6.0
82;2021-04-06;952;512;37388;16200;14.2;6.2
82;2021-04-07;1017;498;38405;16698;14.6;6.4
82;2021-04-08;1454;416;39859;17114;15.2;6.5
82;2021-04-09;1656;469;41515;17583;15.8;6.7
82;2021-04-10;1713;100;43228;17683;16.5;6.7
82;2021-04-11;559;19;43787;17702;16.7;6.7
82;2021-04-12;1348;292;45135;17994;17.2;6.9
82;2021-04-13;1625;268;46760;18262;17.8;7.0
82;2021-04-14;1409;296;48169;18558;18.3;7.1
82;2021-04-15;1781;321;49950;18879;19.0;7.2
82;2021-04-16;1541;331;51491;19210;19.6;7.3
82;2021-04-17;1243;69;52734;19279;20.1;7.3
82;2021-04-18;560;15;53294;19294;20.3;7.3
82;2021-04-19;959;359;54253;19653;20.7;7.5
82;2021-04-20;1268;402;55521;20055;21.1;7.6
82;2021-04-21;1218;374;56739;20429;21.6;7.8
82;2021-04-22;1450;293;58189;20722;22.2;7.9
82;2021-04-23;1075;681;59264;21403;22.6;8.1
82;2021-04-24;1186;264;60450;21667;23.0;8.3
82;2021-04-25;736;49;61186;21716;23.3;8.3
82;2021-04-26;748;808;61934;22524;23.6;8.6
82;2021-04-27;905;924;62839;23448;23.9;8.9
82;2021-04-28;921;870;63760;24318;24.3;9.3
82;2021-04-29;1105;908;64865;25226;24.7;9.6
82;2021-04-30;1040;889;65905;26115;25.1;9.9
82;2021-05-01;1140;258;67045;26373;25.5;10.0
82;2021-05-02;697;145;67742;26518;25.8;10.1
82;2021-05-03;410;1215;68152;27733;26.0;10.6
82;2021-05-04;864;1171;69016;28904;26.3;11.0
82;2021-05-05;568;1172;69584;30076;26.5;11.5
82;2021-05-06;850;1420;70434;31496;26.8;12.0
82;2021-05-07;734;1454;71168;32950;27.1;12.5
82;2021-05-08;935;520;72103;33470;27.5;12.7
82;2021-05-09;753;580;72856;34050;27.7;13.0
82;2021-05-10;850;1365;73706;35415;28.1;13.5
82;2021-05-11;1158;1349;74864;36764;28.5;14.0
82;2021-05-12;1016;1345;75880;38109;28.9;14.5
82;2021-05-13;1455;430;77335;38539;29.4;14.7
82;2021-05-14;1691;1239;79026;39778;30.1;15.1
82;2021-05-15;1935;693;80961;40471;30.8;15.4
82;2021-05-16;558;115;81519;40586;31.0;15.5
82;2021-05-17;1090;1173;82609;41759;31.5;15.9
82;2021-05-18;1466;1188;84075;42947;32.0;16.4
82;2021-05-19;1271;978;85346;43925;32.5;16.7
82;2021-05-20;1409;1159;86755;45084;33.0;17.2
82;2021-05-21;1411;1216;88166;46300;33.6;17.6
82;2021-05-22;2069;631;90235;46931;34.4;17.9
82;2021-05-23;704;117;90939;47048;34.6;17.9
82;2021-05-24;1440;263;92379;47311;35.2;18.0
82;2021-05-25;1445;964;93824;48275;35.7;18.4
82;2021-05-26;1414;923;95238;49198;36.3;18.7
82;2021-05-27;1460;1026;96698;50224;36.8;19.1
82;2021-05-28;1540;1145;98238;51369;37.4;19.6
82;2021-05-29;1496;546;99734;51915;38.0;19.8
82;2021-05-30;402;101;100136;52016;38.1;19.8
82;2021-05-31;1489;991;101625;53007;38.7;20.2
82;2021-06-01;1749;1052;103374;54059;39.4;20.6
82;2021-06-02;1473;1005;104847;55064;39.9;21.0
82;2021-06-03;1490;1183;106337;56247;40.5;21.4
82;2021-06-04;2248;1306;108585;57553;41.3;21.9
82;2021-06-05;2271;985;110856;58538;42.2;22.3
82;2021-06-06;328;133;111184;58671;42.3;22.3
82;2021-06-07;958;1274;112142;59945;42.7;22.8
82;2021-06-08;1446;1141;113588;61086;43.3;23.3
82;2021-06-09;1708;1143;115296;62229;43.9;23.7
82;2021-06-10;1440;1208;116736;63437;44.5;24.2
82;2021-06-11;1922;1124;118658;64561;45.2;24.6
82;2021-06-12;2394;1397;121052;65958;46.1;25.1
82;2021-06-13;378;113;121430;66071;46.2;25.2
82;2021-06-14;1212;1083;122642;67154;46.7;25.6
82;2021-06-15;1461;1242;124103;68396;47.3;26.0
82;2021-06-16;1751;1168;125854;69564;47.9;26.5
82;2021-06-17;1220;1473;127074;71037;48.4;27.0
82;2021-06-18;1469;1438;128543;72475;48.9;27.6
82;2021-06-19;2271;982;130814;73457;49.8;28.0
82;2021-06-20;268;174;131082;73631;49.9;28.0
82;2021-06-21;483;1363;131565;74994;50.1;28.6
82;2021-06-22;891;1707;132456;76701;50.4;29.2
82;2021-06-23;1237;1588;133693;78289;50.9;29.8
82;2021-06-24;755;1903;134448;80192;51.2;30.5
82;2021-06-25;741;1938;135189;82130;51.5;31.3
82;2021-06-26;1239;2146;136428;84276;51.9;32.1
82;2021-06-27;195;438;136623;84714;52.0;32.3
82;2021-06-28;330;1413;136953;86127;52.1;32.8
82;2021-06-29;518;1841;137471;87968;52.3;33.5
82;2021-06-30;948;1909;138419;89877;52.7;34.2
82;2021-07-01;655;1633;139074;91510;53.0;34.8
82;2021-07-02;931;2297;140005;93807;53.3;35.7
82;2021-07-03;859;2339;140864;96146;53.6;36.6
82;2021-07-04;120;440;140984;96586;53.7;36.8
82;2021-07-05;444;1564;141428;98150;53.9;37.4
82;2021-07-06;512;1865;141940;100015;54.0;38.1
82;2021-07-07;790;1776;142730;101791;54.3;38.8
82;2021-07-08;504;1503;143234;103294;54.5;39.3
82;2021-07-09;780;2154;144014;105448;54.8;40.2
82;2021-07-10;704;2216;144718;107664;55.1;41.0
82;2021-07-11;38;381;144756;108045;55.1;41.1
82;2021-07-12;580;1883;145336;109928;55.3;41.9
82;2021-07-13;708;2001;146044;111929;55.6;42.6
82;2021-07-14;617;738;146661;112667;55.8;42.9
82;2021-07-15;852;1752;147513;114419;56.2;43.6
82;2021-07-16;1434;2633;148947;117052;56.7;44.6
82;2021-07-17;561;2193;149508;119245;56.9;45.4
82;2021-07-18;14;41;149522;119286;56.9;45.4
82;2021-07-19;730;2073;150252;121359;57.2;46.2
82;2021-07-20;916;1885;151168;123244;57.6;46.9
82;2021-07-21;1282;1760;152450;125004;58.1;47.6
82;2021-07-22;1071;1763;153521;126767;58.5;48.3
82;2021-07-23;1049;2983;154570;129750;58.9;49.4
82;2021-07-24;1098;1482;155668;131232;59.3;50.0
82;2021-07-25;301;71;155969;131303;59.4;50.0
82;2021-07-26;945;1897;156914;133200;59.7;50.7
82;2021-07-27;1329;1641;158243;134841;60.3;51.3
82;2021-07-28;1464;1498;159707;136339;60.8;51.9
82;2021-07-29;1324;1527;161031;137866;61.3;52.5
82;2021-07-30;1529;2477;162560;140343;61.9;53.4
82;2021-07-31;449;295;163009;140638;62.1;53.6
82;2021-08-01;273;50;163282;140688;62.2;53.6
82;2021-08-02;1268;870;164550;141558;62.7;53.9
82;2021-08-03;1430;826;165980;142384;63.2;54.2
82;2021-08-04;1361;1024;167341;143408;63.7;54.6
82;2021-08-05;1478;592;168819;144000;64.3;54.8
82;2021-08-06;992;642;169811;144642;64.7;55.1
82;2021-08-07;921;1187;170732;145829;65.0;55.5
82;2021-08-08;155;65;170887;145894;65.1;55.6
82;2021-08-09;1065;887;171952;146781;65.5;55.9
83;2020-12-27;1;0;1;0;0.0;0.0
83;2020-12-28;0;0;1;0;0.0;0.0
83;2020-12-29;0;0;1;0;0.0;0.0
83;2020-12-30;1;0;2;0;0.0;0.0
83;2020-12-31;0;0;2;0;0.0;0.0
83;2021-01-01;1;0;3;0;0.0;0.0
83;2021-01-02;0;0;3;0;0.0;0.0
83;2021-01-03;0;0;3;0;0.0;0.0
83;2021-01-04;1;0;4;0;0.0;0.0
83;2021-01-05;2;0;6;0;0.0;0.0
83;2021-01-06;69;0;75;0;0.0;0.0
83;2021-01-07;324;1;399;1;0.0;0.0
83;2021-01-08;411;0;810;1;0.1;0.0
83;2021-01-09;48;0;858;1;0.1;0.0
83;2021-01-10;1;0;859;1;0.1;0.0
83;2021-01-11;475;0;1334;1;0.1;0.0
83;2021-01-12;975;2;2309;3;0.2;0.0
83;2021-01-13;961;7;3270;10;0.3;0.0
83;2021-01-14;837;6;4107;16;0.4;0.0
83;2021-01-15;702;1;4809;17;0.4;0.0
83;2021-01-16;41;1;4850;18;0.5;0.0
83;2021-01-17;1;0;4851;18;0.5;0.0
83;2021-01-18;1220;3;6071;21;0.6;0.0
83;2021-01-19;2016;6;8087;27;0.8;0.0
83;2021-01-20;1659;10;9746;37;0.9;0.0
83;2021-01-21;2100;8;11846;45;1.1;0.0
83;2021-01-22;1655;5;13501;50;1.3;0.0
83;2021-01-23;243;0;13744;50;1.3;0.0
83;2021-01-24;21;1;13765;51;1.3;0.0
83;2021-01-25;1551;6;15316;57;1.4;0.0
83;2021-01-26;1748;15;17064;72;1.6;0.0
83;2021-01-27;2152;81;19216;153;1.8;0.0
83;2021-01-28;5078;357;24294;510;2.3;0.0
83;2021-01-29;2946;350;27240;860;2.5;0.1
83;2021-01-30;234;46;27474;906;2.6;0.1
83;2021-01-31;46;0;27520;906;2.6;0.1
83;2021-02-01;1277;422;28797;1328;2.7;0.1
83;2021-02-02;1437;726;30234;2054;2.8;0.2
83;2021-02-03;1523;638;31757;2692;3.0;0.3
83;2021-02-04;1484;750;33241;3442;3.1;0.3
83;2021-02-05;1218;681;34459;4123;3.2;0.4
83;2021-02-06;22;14;34481;4137;3.2;0.4
83;2021-02-07;1;0;34482;4137;3.2;0.4
83;2021-02-08;1088;626;35570;4763;3.3;0.4
83;2021-02-09;1325;914;36895;5677;3.4;0.5
83;2021-02-10;1526;806;38421;6483;3.6;0.6
83;2021-02-11;1605;1023;40026;7506;3.7;0.7
83;2021-02-12;1343;826;41369;8332;3.9;0.8
83;2021-02-13;52;25;41421;8357;3.9;0.8
83;2021-02-14;0;0;41421;8357;3.9;0.8
83;2021-02-15;668;1055;42089;9412;3.9;0.9
83;2021-02-16;542;1378;42631;10790;4.0;1.0
83;2021-02-17;804;1840;43435;12630;4.0;1.2
83;2021-02-18;1623;3870;45058;16500;4.2;1.5
83;2021-02-19;1473;2336;46531;18836;4.3;1.8
83;2021-02-20;63;170;46594;19006;4.3;1.8
83;2021-02-21;24;35;46618;19041;4.3;1.8
83;2021-02-22;500;1756;47118;20797;4.4;1.9
83;2021-02-23;670;1447;47788;22244;4.5;2.1
83;2021-02-24;721;1490;48509;23734;4.5;2.2
83;2021-02-25;1248;1413;49757;25147;4.6;2.3
83;2021-02-26;1298;1258;51055;26405;4.8;2.5
83;2021-02-27;551;55;51606;26460;4.8;2.5
83;2021-02-28;8;13;51614;26473;4.8;2.5
83;2021-03-01;809;1241;52423;27714;4.9;2.6
83;2021-03-02;987;1312;53410;29026;5.0;2.7
83;2021-03-03;1432;1529;54842;30555;5.1;2.8
83;2021-03-04;1885;1384;56727;31939;5.3;3.0
83;2021-03-05;2215;1237;58942;33176;5.5;3.1
83;2021-03-06;3005;111;61947;33287;5.8;3.1
83;2021-03-07;2224;34;64171;33321;6.0;3.1
83;2021-03-08;849;1320;65020;34641;6.1;3.2
83;2021-03-09;1926;1225;66946;35866;6.2;3.3
83;2021-03-10;2373;1362;69319;37228;6.5;3.5
83;2021-03-11;3669;2205;72988;39433;6.8;3.7
83;2021-03-12;3642;1508;76630;40941;7.1;3.8
83;2021-03-13;4597;171;81227;41112;7.6;3.8
83;2021-03-14;2327;47;83554;41159;7.8;3.8
83;2021-03-15;3336;665;86890;41824;8.1;3.9
83;2021-03-16;2597;694;89487;42518;8.3;4.0
83;2021-03-17;2843;783;92330;43301;8.6;4.0
83;2021-03-18;3551;797;95881;44098;8.9;4.1
83;2021-03-19;4171;582;100052;44680;9.3;4.2
83;2021-03-20;3473;63;103525;44743;9.6;4.2
83;2021-03-21;2011;29;105536;44772;9.8;4.2
83;2021-03-22;3961;890;109497;45662;10.2;4.3
83;2021-03-23;4746;590;114243;46252;10.6;4.3
83;2021-03-24;5043;715;119286;46967;11.1;4.4
83;2021-03-25;6529;844;125815;47811;11.7;4.5
83;2021-03-26;7170;743;132985;48554;12.4;4.5
83;2021-03-27;3966;384;136951;48938;12.8;4.6
83;2021-03-28;2183;29;139134;48967;13.0;4.6
83;2021-03-29;4548;761;143682;49728;13.4;4.6
83;2021-03-30;5954;930;149636;50658;13.9;4.7
83;2021-03-31;5551;1070;155187;51728;14.5;4.8
83;2021-04-01;5970;1250;161157;52978;15.0;4.9
83;2021-04-02;5758;1062;166915;54040;15.5;5.0
83;2021-04-03;1799;630;168714;54670;15.7;5.1
83;2021-04-04;854;346;169568;55016;15.8;5.1
83;2021-04-05;189;66;169757;55082;15.8;5.1
83;2021-04-06;4725;1380;174482;56462;16.2;5.3
83;2021-04-07;5829;1651;180311;58113;16.8;5.4
83;2021-04-08;7882;1987;188193;60100;17.5;5.6
83;2021-04-09;7584;2183;195777;62283;18.2;5.8
83;2021-04-10;2947;2642;198724;64925;18.5;6.0
83;2021-04-11;1723;2133;200447;67058;18.7;6.2
83;2021-04-12;4949;2864;205396;69922;19.1;6.5
83;2021-04-13;5404;2998;210800;72920;19.6;6.8
83;2021-04-14;5897;2940;216697;75860;20.2;7.1
83;2021-04-15;6772;3024;223469;78884;20.8;7.3
83;2021-04-16;6121;3504;229590;82388;21.4;7.7
83;2021-04-17;3512;2183;233102;84571;21.7;7.9
83;2021-04-18;2175;1297;235277;85868;21.9;8.0
83;2021-04-19;4106;3901;239383;89769;22.3;8.4
83;2021-04-20;4358;3868;243741;93637;22.7;8.7
83;2021-04-21;4302;4158;248043;97795;23.1;9.1
83;2021-04-22;5002;4297;253045;102092;23.6;9.5
83;2021-04-23;4524;4561;257569;106653;24.0;9.9
83;2021-04-24;2628;2710;260197;109363;24.2;10.2
83;2021-04-25;1927;1571;262124;110934;24.4;10.3
83;2021-04-26;3569;3849;265693;114783;24.7;10.7
83;2021-04-27;4133;4543;269826;119326;25.1;11.1
83;2021-04-28;4315;4370;274141;123696;25.5;11.5
83;2021-04-29;5813;5107;279954;128803;26.1;12.0
83;2021-04-30;5785;4299;285739;133102;26.6;12.4
83;2021-05-01;1693;425;287432;133527;26.8;12.4
83;2021-05-02;1237;752;288669;134279;26.9;12.5
83;2021-05-03;3751;4277;292420;138556;27.2;12.9
83;2021-05-04;3344;5096;295764;143652;27.5;13.4
83;2021-05-05;3639;4965;299403;148617;27.9;13.8
83;2021-05-06;4672;4951;304075;153568;28.3;14.3
83;2021-05-07;4171;5313;308246;158881;28.7;14.8
83;2021-05-08;2761;1009;311007;159890;29.0;14.9
83;2021-05-09;2151;1234;313158;161124;29.2;15.0
83;2021-05-10;3206;5420;316364;166544;29.5;15.5
83;2021-05-11;5120;5673;321484;172217;29.9;16.0
83;2021-05-12;6291;4847;327775;177064;30.5;16.5
83;2021-05-13;6580;1335;334355;178399;31.1;16.6
83;2021-05-14;7421;4109;341776;182508;31.8;17.0
83;2021-05-15;7753;2198;349529;184706;32.5;17.2
83;2021-05-16;6627;1246;356156;185952;33.2;17.3
83;2021-05-17;4894;4211;361050;190163;33.6;17.7
83;2021-05-18;5528;3859;366578;194022;34.1;18.1
83;2021-05-19;6207;3402;372785;197424;34.7;18.4
83;2021-05-20;6754;3786;379539;201210;35.3;18.7
83;2021-05-21;7906;3866;387445;205076;36.1;19.1
83;2021-05-22;6088;1716;393533;206792;36.6;19.3
83;2021-05-23;4686;705;398219;207497;37.1;19.3
83;2021-05-24;5811;970;404030;208467;37.6;19.4
83;2021-05-25;5511;4750;409541;213217;38.1;19.9
83;2021-05-26;4855;4435;414396;217652;38.6;20.3
83;2021-05-27;5072;5258;419468;222910;39.1;20.8
83;2021-05-28;4504;5766;423972;228676;39.5;21.3
83;2021-05-29;2706;4273;426678;232949;39.7;21.7
83;2021-05-30;1257;1374;427935;234323;39.9;21.8
83;2021-05-31;5489;4762;433424;239085;40.4;22.3
83;2021-06-01;5722;5300;439146;244385;40.9;22.8
83;2021-06-02;5250;4576;444396;248961;41.4;23.2
83;2021-06-03;5735;5128;450131;254089;41.9;23.7
83;2021-06-04;5444;6042;455575;260131;42.4;24.2
83;2021-06-05;3925;3191;459500;263322;42.8;24.5
83;2021-06-06;1936;1383;461436;264705;43.0;24.7
83;2021-06-07;3917;5085;465353;269790;43.3;25.1
83;2021-06-08;4170;4823;469523;274613;43.7;25.6
83;2021-06-09;4003;4700;473526;279313;44.1;26.0
83;2021-06-10;3994;4255;477520;283568;44.5;26.4
83;2021-06-11;3654;5441;481174;289009;44.8;26.9
83;2021-06-12;2909;2983;484083;291992;45.1;27.2
83;2021-06-13;995;1391;485078;293383;45.2;27.3
83;2021-06-14;2857;5658;487935;299041;45.4;27.8
83;2021-06-15;3160;4858;491095;303899;45.7;28.3
83;2021-06-16;2954;4504;494049;308403;46.0;28.7
83;2021-06-17;2765;5284;496814;313687;46.3;29.2
83;2021-06-18;3155;5958;499969;319645;46.6;29.8
83;2021-06-19;2319;4089;502288;323734;46.8;30.1
83;2021-06-20;672;1889;502960;325623;46.8;30.3
83;2021-06-21;2108;7583;505068;333206;47.0;31.0
83;2021-06-22;2098;7163;507166;340369;47.2;31.7
83;2021-06-23;1926;6926;509092;347295;47.4;32.3
83;2021-06-24;1948;7362;511040;354657;47.6;33.0
83;2021-06-25;2108;8399;513148;363056;47.8;33.8
83;2021-06-26;1465;6809;514613;369865;47.9;34.4
83;2021-06-27;691;3187;515304;373052;48.0;34.7
83;2021-06-28;1572;7888;516876;380940;48.1;35.5
83;2021-06-29;1897;7801;518773;388741;48.3;36.2
83;2021-06-30;2237;7261;521010;396002;48.5;36.9
83;2021-07-01;2542;6565;523552;402567;48.8;37.5
83;2021-07-02;2251;7794;525803;410361;49.0;38.2
83;2021-07-03;1506;5686;527309;416047;49.1;38.7
83;2021-07-04;568;2749;527877;418796;49.2;39.0
83;2021-07-05;1899;7528;529776;426324;49.3;39.7
83;2021-07-06;2558;5932;532334;432256;49.6;40.3
83;2021-07-07;2666;4662;535000;436918;49.8;40.7
83;2021-07-08;3230;4466;538230;441384;50.1;41.1
83;2021-07-09;3028;6959;541258;448343;50.4;41.8
83;2021-07-10;1563;4929;542821;453272;50.5;42.2
83;2021-07-11;994;1761;543815;455033;50.6;42.4
83;2021-07-12;2120;7679;545935;462712;50.8;43.1
83;2021-07-13;4010;7074;549945;469786;51.2;43.7
83;2021-07-14;2087;1315;552032;471101;51.4;43.9
83;2021-07-15;4559;6837;556591;477938;51.8;44.5
83;2021-07-16;5248;7118;561839;485056;52.3;45.2
83;2021-07-17;3590;4989;565429;490045;52.7;45.6
83;2021-07-18;1599;1307;567028;491352;52.8;45.8
83;2021-07-19;3934;6299;570962;497651;53.2;46.3
83;2021-07-20;5925;6143;576887;503794;53.7;46.9
83;2021-07-21;5973;5174;582860;508968;54.3;47.4
83;2021-07-22;7041;5501;589901;514469;54.9;47.9
83;2021-07-23;7009;5866;596910;520335;55.6;48.5
83;2021-07-24;4582;4536;601492;524871;56.0;48.9
83;2021-07-25;1323;730;602815;525601;56.1;48.9
83;2021-07-26;5497;4898;608312;530499;56.6;49.4
83;2021-07-27;6749;4856;615061;535355;57.3;49.9
83;2021-07-28;6565;4366;621626;539721;57.9;50.3
83;2021-07-29;7432;4778;629058;544499;58.6;50.7
83;2021-07-30;6913;4717;635971;549216;59.2;51.1
83;2021-07-31;4621;3178;640592;552394;59.7;51.4
83;2021-08-01;1053;842;641645;553236;59.8;51.5
83;2021-08-02;5721;3663;647366;556899;60.3;51.9
83;2021-08-03;6323;3928;653689;560827;60.9;52.2
83;2021-08-04;5849;3652;659538;564479;61.4;52.6
83;2021-08-05;6103;4042;665641;568521;62.0;52.9
83;2021-08-06;6071;4847;671712;573368;62.6;53.4
83;2021-08-07;3729;3517;675441;576885;62.9;53.7
83;2021-08-08;1055;802;676496;577687;63.0;53.8
83;2021-08-09;4606;4576;681102;582263;63.4;54.2
84;2020-12-27;0;0;0;0;0.0;0.0
84;2020-12-28;0;0;0;0;0.0;0.0
84;2020-12-29;0;0;0;0;0.0;0.0
84;2020-12-30;0;0;0;0;0.0;0.0
84;2020-12-31;0;0;0;0;0.0;0.0
84;2021-01-01;0;0;0;0;0.0;0.0
84;2021-01-02;0;0;0;0;0.0;0.0
84;2021-01-03;0;0;0;0;0.0;0.0
84;2021-01-04;0;0;0;0;0.0;0.0
84;2021-01-05;0;0;0;0;0.0;0.0
84;2021-01-06;0;0;0;0;0.0;0.0
84;2021-01-07;69;0;69;0;0.0;0.0
84;2021-01-08;81;0;150;0;0.0;0.0
84;2021-01-09;30;0;180;0;0.0;0.0
84;2021-01-10;0;0;180;0;0.0;0.0
84;2021-01-11;219;0;399;0;0.1;0.0
84;2021-01-12;623;2;1022;2;0.2;0.0
84;2021-01-13;358;0;1380;2;0.2;0.0
84;2021-01-14;939;13;2319;15;0.4;0.0
84;2021-01-15;617;9;2936;24;0.5;0.0
84;2021-01-16;166;0;3102;24;0.6;0.0
84;2021-01-17;27;1;3129;25;0.6;0.0
84;2021-01-18;696;3;3825;28;0.7;0.0
84;2021-01-19;876;1;4701;29;0.8;0.0
84;2021-01-20;1018;3;5719;32;1.0;0.0
84;2021-01-21;1048;4;6767;36;1.2;0.0
84;2021-01-22;1132;0;7899;36;1.4;0.0
84;2021-01-23;248;0;8147;36;1.5;0.0
84;2021-01-24;3;0;8150;36;1.5;0.0
84;2021-01-25;805;0;8955;36;1.6;0.0
84;2021-01-26;938;5;9893;41;1.8;0.0
84;2021-01-27;1070;2;10963;43;2.0;0.0
84;2021-01-28;1623;18;12586;61;2.2;0.0
84;2021-01-29;1198;63;13784;124;2.5;0.0
84;2021-01-30;171;21;13955;145;2.5;0.0
84;2021-01-31;7;0;13962;145;2.5;0.0
84;2021-02-01;654;148;14616;293;2.6;0.1
84;2021-02-02;787;268;15403;561;2.7;0.1
84;2021-02-03;758;244;16161;805;2.9;0.1
84;2021-02-04;910;407;17071;1212;3.0;0.2
84;2021-02-05;726;417;17797;1629;3.2;0.3
84;2021-02-06;124;50;17921;1679;3.2;0.3
84;2021-02-07;0;0;17921;1679;3.2;0.3
84;2021-02-08;566;277;18487;1956;3.3;0.3
84;2021-02-09;690;719;19177;2675;3.4;0.5
84;2021-02-10;552;568;19729;3243;3.5;0.6
84;2021-02-11;547;586;20276;3829;3.6;0.7
84;2021-02-12;558;681;20834;4510;3.7;0.8
84;2021-02-13;46;171;20880;4681;3.7;0.8
84;2021-02-14;3;0;20883;4681;3.7;0.8
84;2021-02-15;208;892;21091;5573;3.8;1.0
84;2021-02-16;221;833;21312;6406;3.8;1.1
84;2021-02-17;447;781;21759;7187;3.9;1.3
84;2021-02-18;554;1106;22313;8293;4.0;1.5
84;2021-02-19;737;1189;23050;9482;4.1;1.7
84;2021-02-20;65;154;23115;9636;4.1;1.7
84;2021-02-21;3;37;23118;9673;4.1;1.7
84;2021-02-22;369;744;23487;10417;4.2;1.9
84;2021-02-23;268;705;23755;11122;4.2;2.0
84;2021-02-24;392;740;24147;11862;4.3;2.1
84;2021-02-25;711;846;24858;12708;4.4;2.3
84;2021-02-26;821;683;25679;13391;4.6;2.4
84;2021-02-27;133;126;25812;13517;4.6;2.4
84;2021-02-28;16;0;25828;13517;4.6;2.4
84;2021-03-01;456;671;26284;14188;4.7;2.5
84;2021-03-02;631;811;26915;14999;4.8;2.7
84;2021-03-03;821;960;27736;15959;4.9;2.8
84;2021-03-04;1093;708;28829;16667;5.1;3.0
84;2021-03-05;1310;518;30139;17185;5.4;3.1
84;2021-03-06;1461;61;31600;17246;5.6;3.1
84;2021-03-07;480;15;32080;17261;5.7;3.1
84;2021-03-08;814;606;32894;17867;5.9;3.2
84;2021-03-09;1385;786;34279;18653;6.1;3.3
84;2021-03-10;1472;663;35751;19316;6.4;3.4
84;2021-03-11;1984;642;37735;19958;6.7;3.6
84;2021-03-12;2078;627;39813;20585;7.1;3.7
84;2021-03-13;744;35;40557;20620;7.2;3.7
84;2021-03-14;247;53;40804;20673;7.3;3.7
84;2021-03-15;1067;310;41871;20983;7.5;3.7
84;2021-03-16;1179;337;43050;21320;7.7;3.8
84;2021-03-17;1143;441;44193;21761;7.9;3.9
84;2021-03-18;1455;396;45648;22157;8.1;3.9
84;2021-03-19;2174;459;47822;22616;8.5;4.0
84;2021-03-20;838;24;48660;22640;8.7;4.0
84;2021-03-21;150;9;48810;22649;8.7;4.0
84;2021-03-22;1153;458;49963;23107;8.9;4.1
84;2021-03-23;1908;460;51871;23567;9.2;4.2
84;2021-03-24;2177;398;54048;23965;9.6;4.3
84;2021-03-25;3652;393;57700;24358;10.3;4.3
84;2021-03-26;3316;475;61016;24833;10.9;4.4
84;2021-03-27;913;56;61929;24889;11.0;4.4
84;2021-03-28;72;2;62001;24891;11.1;4.4
84;2021-03-29;1716;526;63717;25417;11.4;4.5
84;2021-03-30;2666;680;66383;26097;11.8;4.7
84;2021-03-31;2399;642;68782;26739;12.3;4.8
84;2021-04-01;3015;564;71797;27303;12.8;4.9
84;2021-04-02;2450;526;74247;27829;13.2;5.0
84;2021-04-03;507;28;74754;27857;13.3;5.0
84;2021-04-04;12;0;74766;27857;13.3;5.0
84;2021-04-05;810;101;75576;27958;13.5;5.0
84;2021-04-06;2140;836;77716;28794;13.9;5.1
84;2021-04-07;2403;859;80119;29653;14.3;5.3
84;2021-04-08;3649;1027;83768;30680;14.9;5.5
84;2021-04-09;4113;938;87881;31618;15.7;5.6
84;2021-04-10;1307;128;89188;31746;15.9;5.7
84;2021-04-11;37;12;89225;31758;15.9;5.7
84;2021-04-12;2090;803;91315;32561;16.3;5.8
84;2021-04-13;2942;1366;94257;33927;16.8;6.0
84;2021-04-14;2811;1352;97068;35279;17.3;6.3
84;2021-04-15;3270;1411;100338;36690;17.9;6.5
84;2021-04-16;3427;1541;103765;38231;18.5;6.8
84;2021-04-17;1666;194;105431;38425;18.8;6.8
84;2021-04-18;34;0;105465;38425;18.8;6.8
84;2021-04-19;2505;920;107970;39345;19.2;7.0
84;2021-04-20;2625;1528;110595;40873;19.7;7.3
84;2021-04-21;2651;1488;113246;42361;20.2;7.6
84;2021-04-22;3011;1733;116257;44094;20.7;7.9
84;2021-04-23;3031;1894;119288;45988;21.3;8.2
84;2021-04-24;1530;286;120818;46274;21.5;8.2
84;2021-04-25;27;2;120845;46276;21.5;8.2
84;2021-04-26;2179;1368;123024;47644;21.9;8.5
84;2021-04-27;2553;1986;125577;49630;22.4;8.8
84;2021-04-28;2816;1841;128393;51471;22.9;9.2
84;2021-04-29;3421;2024;131814;53495;23.5;9.5
84;2021-04-30;3132;2416;134946;55911;24.1;10.0
84;2021-05-01;457;258;135403;56169;24.1;10.0
84;2021-05-02;1;0;135404;56169;24.1;10.0
84;2021-05-03;2165;1631;137569;57800;24.5;10.3
84;2021-05-04;2490;2527;140059;60327;25.0;10.8
84;2021-05-05;2350;2214;142409;62541;25.4;11.1
84;2021-05-06;3224;2251;145633;64792;26.0;11.5
84;2021-05-07;2764;2561;148397;67353;26.5;12.0
84;2021-05-08;1156;527;149553;67880;26.7;12.1
84;2021-05-09;6;52;149559;67932;26.7;12.1
84;2021-05-10;2155;2456;151714;70388;27.0;12.5
84;2021-05-11;2910;3164;154624;73552;27.6;13.1
84;2021-05-12;2850;2919;157474;76471;28.1;13.6
84;2021-05-13;2159;843;159633;77314;28.5;13.8
84;2021-05-14;2726;2033;162359;79347;28.9;14.1
84;2021-05-15;2001;984;164360;80331;29.3;14.3
84;2021-05-16;1341;184;165701;80515;29.5;14.4
84;2021-05-17;2222;2155;167923;82670;29.9;14.7
84;2021-05-18;2904;2103;170827;84773;30.5;15.1
84;2021-05-19;3231;1664;174058;86437;31.0;15.4
84;2021-05-20;3700;2203;177758;88640;31.7;15.8
84;2021-05-21;3469;2332;181227;90972;32.3;16.2
84;2021-05-22;1583;677;182810;91649;32.6;16.3
84;2021-05-23;5;9;182815;91658;32.6;16.3
84;2021-05-24;1839;426;184654;92084;32.9;16.4
84;2021-05-25;2985;2183;187639;94267;33.4;16.8
84;2021-05-26;3077;2083;190716;96350;34.0;17.2
84;2021-05-27;3854;2320;194570;98670;34.7;17.6
84;2021-05-28;3183;3305;197753;101975;35.3;18.2
84;2021-05-29;1092;1651;198845;103626;35.4;18.5
84;2021-05-30;7;85;198852;103711;35.4;18.5
84;2021-05-31;2192;2634;201044;106345;35.8;19.0
84;2021-06-01;3144;3160;204188;109505;36.4;19.5
84;2021-06-02;3173;2619;207361;112124;37.0;20.0
84;2021-06-03;4111;2982;211472;115106;37.7;20.5
84;2021-06-04;3614;3036;215086;118142;38.3;21.1
84;2021-06-05;1784;1496;216870;119638;38.7;21.3
84;2021-06-06;986;205;217856;119843;38.8;21.4
84;2021-06-07;2453;2745;220309;122588;39.3;21.9
84;2021-06-08;3321;3050;223630;125638;39.9;22.4
84;2021-06-09;3031;2676;226661;128314;40.4;22.9
84;2021-06-10;3506;2786;230167;131100;41.0;23.4
84;2021-06-11;3020;3059;233187;134159;41.6;23.9
84;2021-06-12;1963;1313;235150;135472;41.9;24.1
84;2021-06-13;413;212;235563;135684;42.0;24.2
84;2021-06-14;1929;3158;237492;138842;42.3;24.7
84;2021-06-15;2573;3450;240065;142292;42.8;25.4
84;2021-06-16;2524;2940;242589;145232;43.2;25.9
84;2021-06-17;2994;3450;245583;148682;43.8;26.5
84;2021-06-18;2423;3545;248006;152227;44.2;27.1
84;2021-06-19;1288;1543;249294;153770;44.4;27.4
84;2021-06-20;549;353;249843;154123;44.5;27.5
84;2021-06-21;1569;3128;251412;157251;44.8;28.0
84;2021-06-22;2163;4008;253575;161259;45.2;28.7
84;2021-06-23;2114;3303;255689;164562;45.6;29.3
84;2021-06-24;2198;3478;257887;168040;46.0;30.0
84;2021-06-25;1835;3883;259722;171923;46.3;30.6
84;2021-06-26;1131;1817;260853;173740;46.5;31.0
84;2021-06-27;295;345;261148;174085;46.6;31.0
84;2021-06-28;1206;3218;262354;177303;46.8;31.6
84;2021-06-29;1475;4044;263829;181347;47.0;32.3
84;2021-06-30;1711;3957;265540;185304;47.3;33.0
84;2021-07-01;1798;3943;267338;189247;47.7;33.7
84;2021-07-02;1753;3894;269091;193141;48.0;34.4
84;2021-07-03;1102;2029;270193;195170;48.2;34.8
84;2021-07-04;394;415;270587;195585;48.2;34.9
84;2021-07-05;1466;3539;272053;199124;48.5;35.5
84;2021-07-06;1613;4162;273666;203286;48.8;36.2
84;2021-07-07;1652;3101;275318;206387;49.1;36.8
84;2021-07-08;2119;3745;277437;210132;49.5;37.5
84;2021-07-09;1812;3967;279249;214099;49.8;38.2
84;2021-07-10;1240;2160;280489;216259;50.0;38.5
84;2021-07-11;334;305;280823;216564;50.1;38.6
84;2021-07-12;1377;3839;282200;220403;50.3;39.3
84;2021-07-13;2327;5007;284527;225410;50.7;40.2
84;2021-07-14;1877;1243;286404;226653;51.1;40.4
84;2021-07-15;2619;4550;289023;231203;51.5;41.2
84;2021-07-16;2764;4597;291787;235800;52.0;42.0
84;2021-07-17;1574;2435;293361;238235;52.3;42.5
84;2021-07-18;1009;545;294370;238780;52.5;42.6
84;2021-07-19;2395;3738;296765;242518;52.9;43.2
84;2021-07-20;2925;4151;299690;246669;53.4;44.0
84;2021-07-21;3157;3644;302847;250313;54.0;44.6
84;2021-07-22;3759;3774;306606;254087;54.7;45.3
84;2021-07-23;3496;3666;310102;257753;55.3;45.9
84;2021-07-24;1450;2247;311552;260000;55.5;46.3
84;2021-07-25;1033;506;312585;260506;55.7;46.4
84;2021-07-26;2707;3012;315292;263518;56.2;47.0
84;2021-07-27;3414;3551;318706;267069;56.8;47.6
84;2021-07-28;3830;3297;322536;270366;57.5;48.2
84;2021-07-29;4185;3135;326721;273501;58.2;48.8
84;2021-07-30;3940;3296;330661;276797;58.9;49.3
84;2021-07-31;1989;1671;332650;278468;59.3;49.6
84;2021-08-01;813;422;333463;278890;59.4;49.7
84;2021-08-02;2916;2668;336379;281558;60.0;50.2
84;2021-08-03;4074;2761;340453;284319;60.7;50.7
84;2021-08-04;3851;2575;344304;286894;61.4;51.1
84;2021-08-05;3825;2536;348129;289430;62.1;51.6
84;2021-08-06;3666;2833;351795;292263;62.7;52.1
84;2021-08-07;2032;1705;353827;293968;63.1;52.4
84;2021-08-08;384;732;354211;294700;63.1;52.5
84;2021-08-09;2810;2555;357021;297255;63.6;53.0
85;2020-12-27;1;0;1;0;0.0;0.0
85;2020-12-28;0;0;1;0;0.0;0.0
85;2020-12-29;0;0;1;0;0.0;0.0
85;2020-12-30;0;0;1;0;0.0;0.0
85;2020-12-31;0;0;1;0;0.0;0.0
85;2021-01-01;0;0;1;0;0.0;0.0
85;2021-01-02;0;0;1;0;0.0;0.0
85;2021-01-03;1;0;2;0;0.0;0.0
85;2021-01-04;25;0;27;0;0.0;0.0
85;2021-01-05;62;0;89;0;0.0;0.0
85;2021-01-06;107;1;196;1;0.0;0.0
85;2021-01-07;203;0;399;1;0.1;0.0
85;2021-01-08;291;1;690;2;0.1;0.0
85;2021-01-09;288;2;978;4;0.1;0.0
85;2021-01-10;59;0;1037;4;0.2;0.0
85;2021-01-11;453;0;1490;4;0.2;0.0
85;2021-01-12;586;2;2076;6;0.3;0.0
85;2021-01-13;544;1;2620;7;0.4;0.0
85;2021-01-14;679;3;3299;10;0.5;0.0
85;2021-01-15;437;3;3736;13;0.5;0.0
85;2021-01-16;264;3;4000;16;0.6;0.0
85;2021-01-17;37;0;4037;16;0.6;0.0
85;2021-01-18;998;3;5035;19;0.7;0.0
85;2021-01-19;1427;16;6462;35;0.9;0.0
85;2021-01-20;1873;2;8335;37;1.2;0.0
85;2021-01-21;3220;6;11555;43;1.7;0.0
85;2021-01-22;1696;17;13251;60;1.9;0.0
85;2021-01-23;466;2;13717;62;2.0;0.0
85;2021-01-24;49;0;13766;62;2.0;0.0
85;2021-01-25;577;1;14343;63;2.1;0.0
85;2021-01-26;876;34;15219;97;2.2;0.0
85;2021-01-27;1790;32;17009;129;2.5;0.0
85;2021-01-28;1631;38;18640;167;2.7;0.0
85;2021-01-29;874;63;19514;230;2.9;0.0
85;2021-01-30;149;5;19663;235;2.9;0.0
85;2021-01-31;2;47;19665;282;2.9;0.0
85;2021-02-01;479;103;20144;385;2.9;0.1
85;2021-02-02;537;176;20681;561;3.0;0.1
85;2021-02-03;414;261;21095;822;3.1;0.1
85;2021-02-04;621;266;21716;1088;3.2;0.2
85;2021-02-05;624;265;22340;1353;3.3;0.2
85;2021-02-06;156;245;22496;1598;3.3;0.2
85;2021-02-07;1;0;22497;1598;3.3;0.2
85;2021-02-08;388;654;22885;2252;3.3;0.3
85;2021-02-09;662;1061;23547;3313;3.4;0.5
85;2021-02-10;583;1132;24130;4445;3.5;0.7
85;2021-02-11;1542;3041;25672;7486;3.8;1.1
85;2021-02-12;1012;1261;26684;8747;3.9;1.3
85;2021-02-13;250;505;26934;9252;3.9;1.4
85;2021-02-14;2;132;26936;9384;3.9;1.4
85;2021-02-15;336;814;27272;10198;4.0;1.5
85;2021-02-16;570;1190;27842;11388;4.1;1.7
85;2021-02-17;785;1574;28627;12962;4.2;1.9
85;2021-02-18;1277;1933;29904;14895;4.4;2.2
85;2021-02-19;955;1208;30859;16103;4.5;2.4
85;2021-02-20;174;262;31033;16365;4.5;2.4
85;2021-02-21;1;11;31034;16376;4.5;2.4
85;2021-02-22;814;887;31848;17263;4.7;2.5
85;2021-02-23;828;485;32676;17748;4.8;2.6
85;2021-02-24;756;313;33432;18061;4.9;2.6
85;2021-02-25;1336;399;34768;18460;5.1;2.7
85;2021-02-26;1228;329;35996;18789;5.3;2.8
85;2021-02-27;400;99;36396;18888;5.3;2.8
85;2021-02-28;7;1;36403;18889;5.3;2.8
85;2021-03-01;764;431;37167;19320;5.4;2.8
85;2021-03-02;1100;791;38267;20111;5.6;2.9
85;2021-03-03;843;514;39110;20625;5.7;3.0
85;2021-03-04;1574;1172;40684;21797;6.0;3.2
85;2021-03-05;1739;850;42423;22647;6.2;3.3
85;2021-03-06;1227;129;43650;22776;6.4;3.3
85;2021-03-07;333;35;43983;22811;6.4;3.3
85;2021-03-08;1740;459;45723;23270;6.7;3.4
85;2021-03-09;2241;572;47964;23842;7.0;3.5
85;2021-03-10;1862;651;49826;24493;7.3;3.6
85;2021-03-11;3118;1087;52944;25580;7.7;3.7
85;2021-03-12;2727;868;55671;26448;8.1;3.9
85;2021-03-13;1371;160;57042;26608;8.3;3.9
85;2021-03-14;179;0;57221;26608;8.4;3.9
85;2021-03-15;1918;515;59139;27123;8.7;4.0
85;2021-03-16;1627;517;60766;27640;8.9;4.0
85;2021-03-17;980;524;61746;28164;9.0;4.1
85;2021-03-18;1901;455;63647;28619;9.3;4.2
85;2021-03-19;2201;372;65848;28991;9.6;4.2
85;2021-03-20;1068;178;66916;29169;9.8;4.3
85;2021-03-21;271;5;67187;29174;9.8;4.3
85;2021-03-22;1761;560;68948;29734;10.1;4.4
85;2021-03-23;2416;734;71364;30468;10.4;4.5
85;2021-03-24;2207;527;73571;30995;10.8;4.5
85;2021-03-25;3647;591;77218;31586;11.3;4.6
85;2021-03-26;3357;648;80575;32234;11.8;4.7
85;2021-03-27;1727;122;82302;32356;12.0;4.7
85;2021-03-28;539;3;82841;32359;12.1;4.7
85;2021-03-29;2412;756;85253;33115;12.5;4.8
85;2021-03-30;2862;1021;88115;34136;12.9;5.0
85;2021-03-31;2197;670;90312;34806;13.2;5.1
85;2021-04-01;3870;911;94182;35717;13.8;5.2
85;2021-04-02;2705;1098;96887;36815;14.2;5.4
85;2021-04-03;1413;321;98300;37136;14.4;5.4
85;2021-04-04;323;27;98623;37163;14.4;5.4
85;2021-04-05;104;175;98727;37338;14.5;5.5
85;2021-04-06;2201;1599;100928;38937;14.8;5.7
85;2021-04-07;3092;1188;104020;40125;15.2;5.9
85;2021-04-08;4534;1596;108554;41721;15.9;6.1
85;2021-04-09;4601;1223;113155;42944;16.6;6.3
85;2021-04-10;1866;396;115021;43340;16.8;6.3
85;2021-04-11;26;10;115047;43350;16.8;6.3
85;2021-04-12;4286;1484;119333;44834;17.5;6.6
85;2021-04-13;4832;1870;124165;46704;18.2;6.8
85;2021-04-14;3961;1006;128126;47710;18.8;7.0
85;2021-04-15;5516;1738;133642;49448;19.6;7.2
85;2021-04-16;5240;1534;138882;50982;20.3;7.5
85;2021-04-17;1383;437;140265;51419;20.5;7.5
85;2021-04-18;348;10;140613;51429;20.6;7.5
85;2021-04-19;3365;1702;143978;53131;21.1;7.8
85;2021-04-20;3697;1925;147675;55056;21.6;8.1
85;2021-04-21;2690;1695;150365;56751;22.0;8.3
85;2021-04-22;3804;2230;154169;58981;22.6;8.6
85;2021-04-23;3902;2081;158071;61062;23.1;8.9
85;2021-04-24;1660;1532;159731;62594;23.4;9.2
85;2021-04-25;980;561;160711;63155;23.5;9.2
85;2021-04-26;3590;2349;164301;65504;24.0;9.6
85;2021-04-27;4393;2160;168694;67664;24.7;9.9
85;2021-04-28;5746;1252;174440;68916;25.5;10.1
85;2021-04-29;5633;2001;180073;70917;26.4;10.4
85;2021-04-30;5575;1672;185648;72589;27.2;10.6
85;2021-05-01;1736;636;187384;73225;27.4;10.7
85;2021-05-02;873;470;188257;73695;27.6;10.8
85;2021-05-03;3492;2382;191749;76077;28.1;11.1
85;2021-05-04;3488;3086;195237;79163;28.6;11.6
85;2021-05-05;4532;2167;199769;81330;29.2;11.9
85;2021-05-06;4920;2592;204689;83922;30.0;12.3
85;2021-05-07;3929;3859;208618;87781;30.5;12.8
85;2021-05-08;2245;229;210863;88010;30.9;12.9
85;2021-05-09;1509;182;212372;88192;31.1;12.9
85;2021-05-10;3207;4929;215579;93121;31.6;13.6
85;2021-05-11;4025;4976;219604;98097;32.1;14.4
85;2021-05-12;5019;3933;224623;102030;32.9;14.9
85;2021-05-13;5143;610;229766;102640;33.6;15.0
85;2021-05-14;4355;3167;234121;105807;34.3;15.5
85;2021-05-15;2327;775;236448;106582;34.6;15.6
85;2021-05-16;2213;162;238661;106744;34.9;15.6
85;2021-05-17;4147;3377;242808;110121;35.5;16.1
85;2021-05-18;5216;2857;248024;112978;36.3;16.5
85;2021-05-19;6492;1764;254516;114742;37.3;16.8
85;2021-05-20;6775;2175;261291;116917;38.2;17.1
85;2021-05-21;5498;2747;266789;119664;39.1;17.5
85;2021-05-22;2583;752;269372;120416;39.4;17.6
85;2021-05-23;1329;160;270701;120576;39.6;17.6
85;2021-05-24;4572;435;275273;121011;40.3;17.7
85;2021-05-25;4516;3563;279789;124574;41.0;18.2
85;2021-05-26;4944;2678;284733;127252;41.7;18.6
85;2021-05-27;4962;3691;289695;130943;42.4;19.2
85;2021-05-28;5252;4067;294947;135010;43.2;19.8
85;2021-05-29;3958;1527;298905;136537;43.8;20.0
85;2021-05-30;1291;126;300196;136663;43.9;20.0
85;2021-05-31;4687;3382;304883;140045;44.6;20.5
85;2021-06-01;5403;3399;310286;143444;45.4;21.0
85;2021-06-02;5557;2521;315843;145965;46.2;21.4
85;2021-06-03;5915;3235;321758;149200;47.1;21.8
85;2021-06-04;5837;3817;327595;153017;48.0;22.4
85;2021-06-05;2849;1939;330444;154956;48.4;22.7
85;2021-06-06;1510;803;331954;155759;48.6;22.8
85;2021-06-07;3235;4857;335189;160616;49.1;23.5
85;2021-06-08;4090;4525;339279;165141;49.7;24.2
85;2021-06-09;4845;3513;344124;168654;50.4;24.7
85;2021-06-10;5196;3702;349320;172356;51.1;25.2
85;2021-06-11;4505;4661;353825;177017;51.8;25.9
85;2021-06-12;1491;1797;355316;178814;52.0;26.2
85;2021-06-13;1220;672;356536;179486;52.2;26.3
85;2021-06-14;2679;5092;359215;184578;52.6;27.0
85;2021-06-15;3714;4933;362929;189511;53.1;27.7
85;2021-06-16;4082;3906;367011;193417;53.7;28.3
85;2021-06-17;3939;3897;370950;197314;54.3;28.9
85;2021-06-18;3626;5677;374576;202991;54.8;29.7
85;2021-06-19;1213;2029;375789;205020;55.0;30.0
85;2021-06-20;137;520;375926;205540;55.0;30.1
85;2021-06-21;2376;5811;378302;211351;55.4;30.9
85;2021-06-22;2845;5725;381147;217076;55.8;31.8
85;2021-06-23;3391;4494;384538;221570;56.3;32.4
85;2021-06-24;3641;4557;388179;226127;56.8;33.1
85;2021-06-25;2288;6177;390467;232304;57.2;34.0
85;2021-06-26;791;3763;391258;236067;57.3;34.6
85;2021-06-27;125;1370;391383;237437;57.3;34.8
85;2021-06-28;1184;6717;392567;244154;57.5;35.7
85;2021-06-29;1755;6874;394322;251028;57.7;36.7
85;2021-06-30;2209;6201;396531;257229;58.0;37.7
85;2021-07-01;2830;6060;399361;263289;58.5;38.5
85;2021-07-02;2265;7013;401626;270302;58.8;39.6
85;2021-07-03;617;3165;402243;273467;58.9;40.0
85;2021-07-04;144;1086;402387;274553;58.9;40.2
85;2021-07-05;1061;6652;403448;281205;59.1;41.2
85;2021-07-06;1574;6461;405022;287666;59.3;42.1
85;2021-07-07;1644;5860;406666;293526;59.5;43.0
85;2021-07-08;2164;5443;408830;298969;59.8;43.8
85;2021-07-09;1644;7099;410474;306068;60.1;44.8
85;2021-07-10;562;2838;411036;308906;60.2;45.2
85;2021-07-11;526;1289;411562;310195;60.2;45.4
85;2021-07-12;1405;7056;412967;317251;60.4;46.4
85;2021-07-13;2056;7396;415023;324647;60.7;47.5
85;2021-07-14;1454;2050;416477;326697;61.0;47.8
85;2021-07-15;2670;6949;419147;333646;61.4;48.8
85;2021-07-16;3412;6843;422559;340489;61.9;49.8
85;2021-07-17;1557;2155;424116;342644;62.1;50.2
85;2021-07-18;1144;1156;425260;343800;62.2;50.3
85;2021-07-19;3537;6240;428797;350040;62.8;51.2
85;2021-07-20;4284;6222;433081;356262;63.4;52.1
85;2021-07-21;3979;6201;437060;362463;64.0;53.1
85;2021-07-22;3884;6187;440944;368650;64.5;54.0
85;2021-07-23;4505;6706;445449;375356;65.2;54.9
85;2021-07-24;1040;2295;446489;377651;65.4;55.3
85;2021-07-25;489;304;446978;377955;65.4;55.3
85;2021-07-26;4492;5356;451470;383311;66.1;56.1
85;2021-07-27;5289;5392;456759;388703;66.9;56.9
85;2021-07-28;4948;4974;461707;393677;67.6;57.6
85;2021-07-29;5850;4738;467557;398415;68.4;58.3
85;2021-07-30;5991;4951;473548;403366;69.3;59.0
85;2021-07-31;1222;1576;474770;404942;69.5;59.3
85;2021-08-01;459;194;475229;405136;69.6;59.3
85;2021-08-02;4930;3945;480159;409081;70.3;59.9
85;2021-08-03;6503;3339;486662;412420;71.2;60.4
85;2021-08-04;6600;3410;493262;415830;72.2;60.9
85;2021-08-05;6162;3586;499424;419416;73.1;61.4
85;2021-08-06;5774;4506;505198;423922;73.9;62.1
85;2021-08-07;1498;1173;506696;425095;74.2;62.2
85;2021-08-08;328;230;507024;425325;74.2;62.3
85;2021-08-09;4110;3267;511134;428592;74.8;62.7
86;2020-12-27;0;0;0;0;0.0;0.0
86;2020-12-28;0;0;0;0;0.0;0.0
86;2020-12-29;1;0;1;0;0.0;0.0
86;2020-12-30;0;0;1;0;0.0;0.0
86;2020-12-31;0;0;1;0;0.0;0.0
86;2021-01-01;0;0;1;0;0.0;0.0
86;2021-01-02;0;0;1;0;0.0;0.0
86;2021-01-03;2;0;3;0;0.0;0.0
86;2021-01-04;0;0;3;0;0.0;0.0
86;2021-01-05;0;0;3;0;0.0;0.0
86;2021-01-06;178;0;181;0;0.0;0.0
86;2021-01-07;672;0;853;0;0.2;0.0
86;2021-01-08;596;3;1449;3;0.3;0.0
86;2021-01-09;0;0;1449;3;0.3;0.0
86;2021-01-10;173;0;1622;3;0.4;0.0
86;2021-01-11;305;0;1927;3;0.4;0.0
86;2021-01-12;458;0;2385;3;0.5;0.0
86;2021-01-13;336;0;2721;3;0.6;0.0
86;2021-01-14;551;1;3272;4;0.7;0.0
86;2021-01-15;537;1;3809;5;0.9;0.0
86;2021-01-16;2;0;3811;5;0.9;0.0
86;2021-01-17;0;0;3811;5;0.9;0.0
86;2021-01-18;564;0;4375;5;1.0;0.0
86;2021-01-19;1911;0;6286;5;1.4;0.0
86;2021-01-20;1457;18;7743;23;1.8;0.0
86;2021-01-21;1289;0;9032;23;2.1;0.0
86;2021-01-22;830;0;9862;23;2.3;0.0
86;2021-01-23;313;0;10175;23;2.3;0.0
86;2021-01-24;0;0;10175;23;2.3;0.0
86;2021-01-25;583;110;10758;133;2.5;0.0
86;2021-01-26;749;122;11507;255;2.6;0.1
86;2021-01-27;764;156;12271;411;2.8;0.1
86;2021-01-28;1042;427;13313;838;3.0;0.2
86;2021-01-29;877;219;14190;1057;3.2;0.2
86;2021-01-30;275;104;14465;1161;3.3;0.3
86;2021-01-31;57;157;14522;1318;3.3;0.3
86;2021-02-01;432;207;14954;1525;3.4;0.3
86;2021-02-02;574;386;15528;1911;3.6;0.4
86;2021-02-03;525;224;16053;2135;3.7;0.5
86;2021-02-04;477;366;16530;2501;3.8;0.6
86;2021-02-05;439;743;16969;3244;3.9;0.7
86;2021-02-06;147;206;17116;3450;3.9;0.8
86;2021-02-07;120;8;17236;3458;3.9;0.8
86;2021-02-08;361;328;17597;3786;4.0;0.9
86;2021-02-09;750;1123;18347;4909;4.2;1.1
86;2021-02-10;976;940;19323;5849;4.4;1.3
86;2021-02-11;1005;977;20328;6826;4.6;1.6
86;2021-02-12;746;378;21074;7204;4.8;1.6
86;2021-02-13;191;95;21265;7299;4.9;1.7
86;2021-02-14;1;34;21266;7333;4.9;1.7
86;2021-02-15;244;508;21510;7841;4.9;1.8
86;2021-02-16;384;865;21894;8706;5.0;2.0
86;2021-02-17;448;897;22342;9603;5.1;2.2
86;2021-02-18;420;875;22762;10478;5.2;2.4
86;2021-02-19;600;641;23362;11119;5.3;2.5
86;2021-02-20;115;176;23477;11295;5.4;2.6
86;2021-02-21;0;0;23477;11295;5.4;2.6
86;2021-02-22;240;428;23717;11723;5.4;2.7
86;2021-02-23;369;608;24086;12331;5.5;2.8
86;2021-02-24;408;586;24494;12917;5.6;3.0
86;2021-02-25;901;667;25395;13584;5.8;3.1
86;2021-02-26;1028;540;26423;14124;6.0;3.2
86;2021-02-27;460;149;26883;14273;6.1;3.3
86;2021-02-28;3;2;26886;14275;6.1;3.3
86;2021-03-01;232;526;27118;14801;6.2;3.4
86;2021-03-02;1141;850;28259;15651;6.5;3.6
86;2021-03-03;792;624;29051;16275;6.6;3.7
86;2021-03-04;1495;619;30546;16894;7.0;3.9
86;2021-03-05;1577;315;32123;17209;7.3;3.9
86;2021-03-06;995;169;33118;17378;7.6;4.0
86;2021-03-07;370;31;33488;17409;7.7;4.0
86;2021-03-08;472;540;33960;17949;7.8;4.1
86;2021-03-09;1368;528;35328;18477;8.1;4.2
86;2021-03-10;949;610;36277;19087;8.3;4.4
86;2021-03-11;1795;476;38072;19563;8.7;4.5
86;2021-03-12;2204;436;40276;19999;9.2;4.6
86;2021-03-13;1445;100;41721;20099;9.5;4.6
86;2021-03-14;133;16;41854;20115;9.6;4.6
86;2021-03-15;784;159;42638;20274;9.7;4.6
86;2021-03-16;847;203;43485;20477;9.9;4.7
86;2021-03-17;786;204;44271;20681;10.1;4.7
86;2021-03-18;1004;99;45275;20780;10.4;4.8
86;2021-03-19;2141;323;47416;21103;10.8;4.8
86;2021-03-20;592;131;48008;21234;11.0;4.9
86;2021-03-21;10;0;48018;21234;11.0;4.9
86;2021-03-22;851;277;48869;21511;11.2;4.9
86;2021-03-23;2015;326;50884;21837;11.6;5.0
86;2021-03-24;1554;288;52438;22125;12.0;5.1
86;2021-03-25;2483;351;54921;22476;12.6;5.1
86;2021-03-26;3038;357;57959;22833;13.3;5.2
86;2021-03-27;731;143;58690;22976;13.4;5.3
86;2021-03-28;5;128;58695;23104;13.4;5.3
86;2021-03-29;1258;392;59953;23496;13.7;5.4
86;2021-03-30;2400;818;62353;24314;14.3;5.6
86;2021-03-31;1510;623;63863;24937;14.6;5.7
86;2021-04-01;2238;938;66101;25875;15.1;5.9
86;2021-04-02;1899;555;68000;26430;15.5;6.0
86;2021-04-03;826;323;68826;26753;15.7;6.1
86;2021-04-04;82;108;68908;26861;15.8;6.1
86;2021-04-05;314;4;69222;26865;15.8;6.1
86;2021-04-06;1530;959;70752;27824;16.2;6.4
86;2021-04-07;1632;628;72384;28452;16.5;6.5
86;2021-04-08;2567;762;74951;29214;17.1;6.7
86;2021-04-09;3250;648;78201;29862;17.9;6.8
86;2021-04-10;1663;191;79864;30053;18.3;6.9
86;2021-04-11;442;9;80306;30062;18.4;6.9
86;2021-04-12;821;765;81127;30827;18.5;7.0
86;2021-04-13;2448;940;83575;31767;19.1;7.3
86;2021-04-14;1871;873;85446;32640;19.5;7.5
86;2021-04-15;2275;725;87721;33365;20.1;7.6
86;2021-04-16;2467;1226;90188;34591;20.6;7.9
86;2021-04-17;1040;262;91228;34853;20.9;8.0
86;2021-04-18;119;3;91347;34856;20.9;8.0
86;2021-04-19;745;795;92092;35651;21.1;8.2
86;2021-04-20;2300;1501;94392;37152;21.6;8.5
86;2021-04-21;2109;1119;96501;38271;22.1;8.7
86;2021-04-22;2332;1443;98833;39714;22.6;9.1
86;2021-04-23;2394;1573;101227;41287;23.1;9.4
86;2021-04-24;1299;507;102526;41794;23.4;9.6
86;2021-04-25;825;26;103351;41820;23.6;9.6
86;2021-04-26;2079;892;105430;42712;24.1;9.8
86;2021-04-27;3152;1664;108582;44376;24.8;10.1
86;2021-04-28;3003;1522;111585;45898;25.5;10.5
86;2021-04-29;3555;1828;115140;47726;26.3;10.9
86;2021-04-30;2969;1478;118109;49204;27.0;11.2
86;2021-05-01;1579;197;119688;49401;27.4;11.3
86;2021-05-02;1280;43;120968;49444;27.7;11.3
86;2021-05-03;2562;999;123530;50443;28.2;11.5
86;2021-05-04;3510;1895;127040;52338;29.0;12.0
86;2021-05-05;3990;1476;131030;53814;30.0;12.3
86;2021-05-06;4289;1653;135319;55467;30.9;12.7
86;2021-05-07;4044;1821;139363;57288;31.9;13.1
86;2021-05-08;1976;398;141339;57686;32.3;13.2
86;2021-05-09;1642;203;142981;57889;32.7;13.2
86;2021-05-10;1955;1173;144936;59062;33.1;13.5
86;2021-05-11;3605;2684;148541;61746;34.0;14.1
86;2021-05-12;2247;1648;150788;63394;34.5;14.5
86;2021-05-13;1686;296;152474;63690;34.9;14.6
86;2021-05-14;2099;791;154573;64481;35.3;14.7
86;2021-05-15;1467;503;156040;64984;35.7;14.9
86;2021-05-16;778;164;156818;65148;35.9;14.9
86;2021-05-17;3221;1062;160039;66210;36.6;15.1
86;2021-05-18;4304;1664;164343;67874;37.6;15.5
86;2021-05-19;3590;1434;167933;69308;38.4;15.8
86;2021-05-20;4376;1624;172309;70932;39.4;16.2
86;2021-05-21;3440;1771;175749;72703;40.2;16.6
86;2021-05-22;2076;662;177825;73365;40.7;16.8
86;2021-05-23;1439;183;179264;73548;41.0;16.8
86;2021-05-24;1848;201;181112;73749;41.4;16.9
86;2021-05-25;2849;1642;183961;75391;42.1;17.2
86;2021-05-26;2727;1525;186688;76916;42.7;17.6
86;2021-05-27;3544;1843;190232;78759;43.5;18.0
86;2021-05-28;2161;2540;192393;81299;44.0;18.6
86;2021-05-29;1527;1287;193920;82586;44.3;18.9
86;2021-05-30;935;130;194855;82716;44.5;18.9
86;2021-05-31;1921;1821;196776;84537;45.0;19.3
86;2021-06-01;2665;2592;199441;87129;45.6;19.9
86;2021-06-02;2301;2665;201742;89794;46.1;20.5
86;2021-06-03;3331;2411;205073;92205;46.9;21.1
86;2021-06-04;2237;2863;207310;95068;47.4;21.7
86;2021-06-05;1504;1577;208814;96645;47.7;22.1
86;2021-06-06;819;899;209633;97544;47.9;22.3
86;2021-06-07;1117;2464;210750;100008;48.2;22.9
86;2021-06-08;1990;3696;212740;103704;48.6;23.7
86;2021-06-09;1901;3318;214641;107022;49.1;24.5
86;2021-06-10;2350;3235;216991;110257;49.6;25.2
86;2021-06-11;1517;2789;218508;113046;50.0;25.8
86;2021-06-12;747;2249;219255;115295;50.1;26.4
86;2021-06-13;214;1477;219469;116772;50.2;26.7
86;2021-06-14;1160;2904;220629;119676;50.4;27.4
86;2021-06-15;1688;4262;222317;123938;50.8;28.3
86;2021-06-16;1808;3130;224125;127068;51.2;29.1
86;2021-06-17;1776;4446;225901;131514;51.6;30.1
86;2021-06-18;1884;4587;227785;136101;52.1;31.1
86;2021-06-19;635;2099;228420;138200;52.2;31.6
86;2021-06-20;173;1319;228593;139519;52.3;31.9
86;2021-06-21;1102;2238;229695;141757;52.5;32.4
86;2021-06-22;1297;3458;230992;145215;52.8;33.2
86;2021-06-23;1363;2401;232355;147616;53.1;33.7
86;2021-06-24;1590;2723;233945;150339;53.5;34.4
86;2021-06-25;1192;3551;235137;153890;53.8;35.2
86;2021-06-26;391;2652;235528;156542;53.8;35.8
86;2021-06-27;138;1634;235666;158176;53.9;36.2
86;2021-06-28;268;3338;235934;161514;53.9;36.9
86;2021-06-29;860;4604;236794;166118;54.1;38.0
86;2021-06-30;1047;2973;237841;169091;54.4;38.7
86;2021-07-01;1539;3004;239380;172095;54.7;39.3
86;2021-07-02;1107;3646;240487;175741;55.0;40.2
86;2021-07-03;516;2393;241003;178134;55.1;40.7
86;2021-07-04;116;1347;241119;179481;55.1;41.0
86;2021-07-05;468;2832;241587;182313;55.2;41.7
86;2021-07-06;989;4104;242576;186417;55.5;42.6
86;2021-07-07;1254;2630;243830;189047;55.7;43.2
86;2021-07-08;1615;3151;245445;192198;56.1;43.9
86;2021-07-09;1738;3083;247183;195281;56.5;44.6
86;2021-07-10;1296;1954;248479;197235;56.8;45.1
86;2021-07-11;481;840;248960;198075;56.9;45.3
86;2021-07-12;830;2402;249790;200477;57.1;45.8
86;2021-07-13;1774;3374;251564;203851;57.5;46.6
86;2021-07-14;766;1232;252330;205083;57.7;46.9
86;2021-07-15;1881;3295;254211;208378;58.1;47.6
86;2021-07-16;1665;2666;255876;211044;58.5;48.2
86;2021-07-17;1345;1601;257221;212645;58.8;48.6
86;2021-07-18;376;906;257597;213551;58.9;48.8
86;2021-07-19;1366;1886;258963;215437;59.2;49.3
86;2021-07-20;2334;2731;261297;218168;59.7;49.9
86;2021-07-21;2292;2155;263589;220323;60.3;50.4
86;2021-07-22;2889;2790;266478;223113;60.9;51.0
86;2021-07-23;2454;2160;268932;225273;61.5;51.5
86;2021-07-24;1538;1222;270470;226495;61.8;51.8
86;2021-07-25;713;322;271183;226817;62.0;51.9
86;2021-07-26;1584;2104;272767;228921;62.4;52.3
86;2021-07-27;3535;2753;276302;231674;63.2;53.0
86;2021-07-28;3257;2123;279559;233797;63.9;53.5
86;2021-07-29;3249;2539;282808;236336;64.7;54.0
86;2021-07-30;2231;2375;285039;238711;65.2;54.6
86;2021-07-31;1420;1056;286459;239767;65.5;54.8
86;2021-08-01;646;335;287105;240102;65.6;54.9
86;2021-08-02;1923;1675;289028;241777;66.1;55.3
86;2021-08-03;3267;1985;292295;243762;66.8;55.7
86;2021-08-04;2729;1780;295024;245542;67.4;56.1
86;2021-08-05;3542;2040;298566;247582;68.3;56.6
86;2021-08-06;2365;1747;300931;249329;68.8;57.0
86;2021-08-07;1568;986;302499;250315;69.2;57.2
86;2021-08-08;946;545;303445;250860;69.4;57.4
86;2021-08-09;1873;1297;305318;252157;69.8;57.6
87;2020-12-27;0;0;0;0;0.0;0.0
87;2020-12-28;1;0;1;0;0.0;0.0
87;2020-12-29;0;0;1;0;0.0;0.0
87;2020-12-30;0;0;1;0;0.0;0.0
87;2020-12-31;0;0;1;0;0.0;0.0
87;2021-01-01;0;0;1;0;0.0;0.0
87;2021-01-02;0;0;1;0;0.0;0.0
87;2021-01-03;0;0;1;0;0.0;0.0
87;2021-01-04;1;0;2;0;0.0;0.0
87;2021-01-05;1;0;3;0;0.0;0.0
87;2021-01-06;10;0;13;0;0.0;0.0
87;2021-01-07;301;0;314;0;0.1;0.0
87;2021-01-08;407;0;721;0;0.2;0.0
87;2021-01-09;64;0;785;0;0.2;0.0
87;2021-01-10;35;0;820;0;0.2;0.0
87;2021-01-11;424;0;1244;0;0.3;0.0
87;2021-01-12;651;0;1895;0;0.5;0.0
87;2021-01-13;659;2;2554;2;0.7;0.0
87;2021-01-14;515;12;3069;14;0.8;0.0
87;2021-01-15;532;3;3601;17;1.0;0.0
87;2021-01-16;203;1;3804;18;1.0;0.0
87;2021-01-17;1;0;3805;18;1.0;0.0
87;2021-01-18;645;4;4450;22;1.2;0.0
87;2021-01-19;655;1;5105;23;1.4;0.0
87;2021-01-20;674;3;5779;26;1.6;0.0
87;2021-01-21;716;1;6495;27;1.8;0.0
87;2021-01-22;758;4;7253;31;2.0;0.0
87;2021-01-23;285;0;7538;31;2.0;0.0
87;2021-01-24;0;0;7538;31;2.0;0.0
87;2021-01-25;620;10;8158;41;2.2;0.0
87;2021-01-26;570;53;8728;94;2.4;0.0
87;2021-01-27;572;40;9300;134;2.5;0.0
87;2021-01-28;857;109;10157;243;2.7;0.1
87;2021-01-29;740;272;10897;515;2.9;0.1
87;2021-01-30;327;75;11224;590;3.0;0.2
87;2021-01-31;34;71;11258;661;3.0;0.2
87;2021-02-01;413;310;11671;971;3.1;0.3
87;2021-02-02;452;482;12123;1453;3.3;0.4
87;2021-02-03;541;422;12664;1875;3.4;0.5
87;2021-02-04;613;594;13277;2469;3.6;0.7
87;2021-02-05;342;384;13619;2853;3.7;0.8
87;2021-02-06;51;154;13670;3007;3.7;0.8
87;2021-02-07;20;0;13690;3007;3.7;0.8
87;2021-02-08;245;446;13935;3453;3.8;0.9
87;2021-02-09;218;546;14153;3999;3.8;1.1
87;2021-02-10;261;626;14414;4625;3.9;1.2
87;2021-02-11;286;539;14700;5164;4.0;1.4
87;2021-02-12;284;540;14984;5704;4.0;1.5
87;2021-02-13;25;169;15009;5873;4.0;1.6
87;2021-02-14;0;3;15009;5876;4.0;1.6
87;2021-02-15;237;391;15246;6267;4.1;1.7
87;2021-02-16;329;330;15575;6597;4.2;1.8
87;2021-02-17;330;380;15905;6977;4.3;1.9
87;2021-02-18;475;646;16380;7623;4.4;2.1
87;2021-02-19;402;482;16782;8105;4.5;2.2
87;2021-02-20;123;197;16905;8302;4.6;2.2
87;2021-02-21;2;9;16907;8311;4.6;2.2
87;2021-02-22;438;576;17345;8887;4.7;2.4
87;2021-02-23;556;633;17901;9520;4.8;2.6
87;2021-02-24;450;600;18351;10120;4.9;2.7
87;2021-02-25;789;707;19140;10827;5.2;2.9
87;2021-02-26;840;476;19980;11303;5.4;3.0
87;2021-02-27;405;212;20385;11515;5.5;3.1
87;2021-02-28;3;0;20388;11515;5.5;3.1
87;2021-03-01;514;371;20902;11886;5.6;3.2
87;2021-03-02;1030;386;21932;12272;5.9;3.3
87;2021-03-03;1174;352;23106;12624;6.2;3.4
87;2021-03-04;1406;334;24512;12958;6.6;3.5
87;2021-03-05;1769;286;26281;13244;7.1;3.6
87;2021-03-06;1042;38;27323;13282;7.4;3.6
87;2021-03-07;257;5;27580;13287;7.4;3.6
87;2021-03-08;863;242;28443;13529;7.7;3.6
87;2021-03-09;1288;230;29731;13759;8.0;3.7
87;2021-03-10;1297;231;31028;13990;8.4;3.8
87;2021-03-11;1753;253;32781;14243;8.8;3.8
87;2021-03-12;2124;286;34905;14529;9.4;3.9
87;2021-03-13;1309;20;36214;14549;9.8;3.9
87;2021-03-14;80;1;36294;14550;9.8;3.9
87;2021-03-15;988;357;37282;14907;10.1;4.0
87;2021-03-16;1061;241;38343;15148;10.3;4.1
87;2021-03-17;1070;220;39413;15368;10.6;4.1
87;2021-03-18;1179;339;40592;15707;10.9;4.2
87;2021-03-19;1682;274;42274;15981;11.4;4.3
87;2021-03-20;923;85;43197;16066;11.7;4.3
87;2021-03-21;32;0;43229;16066;11.7;4.3
87;2021-03-22;1041;381;44270;16447;11.9;4.4
87;2021-03-23;1385;428;45655;16875;12.3;4.6
87;2021-03-24;1508;365;47163;17240;12.7;4.6
87;2021-03-25;2496;392;49659;17632;13.4;4.8
87;2021-03-26;2530;453;52189;18085;14.1;4.9
87;2021-03-27;889;125;53078;18210;14.3;4.9
87;2021-03-28;269;16;53347;18226;14.4;4.9
87;2021-03-29;1117;416;54464;18642;14.7;5.0
87;2021-03-30;1907;660;56371;19302;15.2;5.2
87;2021-03-31;1658;692;58029;19994;15.7;5.4
87;2021-04-01;2232;572;60261;20566;16.3;5.5
87;2021-04-02;1841;629;62102;21195;16.7;5.7
87;2021-04-03;456;265;62558;21460;16.9;5.8
87;2021-04-04;2;0;62560;21460;16.9;5.8
87;2021-04-05;82;1;62642;21461;16.9;5.8
87;2021-04-06;996;903;63638;22364;17.2;6.0
87;2021-04-07;1485;924;65123;23288;17.6;6.3
87;2021-04-08;1781;1030;66904;24318;18.0;6.6
87;2021-04-09;2643;735;69547;25053;18.8;6.8
87;2021-04-10;1191;306;70738;25359;19.1;6.8
87;2021-04-11;67;0;70805;25359;19.1;6.8
87;2021-04-12;1622;825;72427;26184;19.5;7.1
87;2021-04-13;2287;1057;74714;27241;20.2;7.3
87;2021-04-14;2525;1183;77239;28424;20.8;7.7
87;2021-04-15;2222;1072;79461;29496;21.4;8.0
87;2021-04-16;2735;1070;82196;30566;22.2;8.2
87;2021-04-17;731;386;82927;30952;22.4;8.3
87;2021-04-18;111;141;83038;31093;22.4;8.4
87;2021-04-19;1658;830;84696;31923;22.8;8.6
87;2021-04-20;2084;879;86780;32802;23.4;8.8
87;2021-04-21;2292;991;89072;33793;24.0;9.1
87;2021-04-22;2566;1155;91638;34948;24.7;9.4
87;2021-04-23;1994;1179;93632;36127;25.3;9.7
87;2021-04-24;825;618;94457;36745;25.5;9.9
87;2021-04-25;64;103;94521;36848;25.5;9.9
87;2021-04-26;1356;916;95877;37764;25.9;10.2
87;2021-04-27;2397;1205;98274;38969;26.5;10.5
87;2021-04-28;3867;1439;102141;40408;27.5;10.9
87;2021-04-29;3078;1840;105219;42248;28.4;11.4
87;2021-04-30;3172;1360;108391;43608;29.2;11.8
87;2021-05-01;613;57;109004;43665;29.4;11.8
87;2021-05-02;361;5;109365;43670;29.5;11.8
87;2021-05-03;2319;933;111684;44603;30.1;12.0
87;2021-05-04;2905;1070;114589;45673;30.9;12.3
87;2021-05-05;2989;1511;117578;47184;31.7;12.7
87;2021-05-06;2531;1722;120109;48906;32.4;13.2
87;2021-05-07;2945;1714;123054;50620;33.2;13.7
87;2021-05-08;771;293;123825;50913;33.4;13.7
87;2021-05-09;19;133;123844;51046;33.4;13.8
87;2021-05-10;1937;1603;125781;52649;33.9;14.2
87;2021-05-11;2466;1907;128247;54556;34.6;14.7
87;2021-05-12;2621;2064;130868;56620;35.3;15.3
87;2021-05-13;1085;292;131953;56912;35.6;15.3
87;2021-05-14;2244;1771;134197;58683;36.2;15.8
87;2021-05-15;950;406;135147;59089;36.4;15.9
87;2021-05-16;141;73;135288;59162;36.5;16.0
87;2021-05-17;1627;1760;136915;60922;36.9;16.4
87;2021-05-18;2634;1813;139549;62735;37.6;16.9
87;2021-05-19;2819;1551;142368;64286;38.4;17.3
87;2021-05-20;3305;1718;145673;66004;39.3;17.8
87;2021-05-21;2764;1836;148437;67840;40.0;18.3
87;2021-05-22;1457;628;149894;68468;40.4;18.5
87;2021-05-23;210;92;150104;68560;40.5;18.5
87;2021-05-24;1056;142;151160;68702;40.8;18.5
87;2021-05-25;2116;1812;153276;70514;41.3;19.0
87;2021-05-26;3220;2473;156496;72987;42.2;19.7
87;2021-05-27;3020;2353;159516;75340;43.0;20.3
87;2021-05-28;2670;2519;162186;77859;43.7;21.0
87;2021-05-29;1060;1314;163246;79173;44.0;21.4
87;2021-05-30;258;59;163504;79232;44.1;21.4
87;2021-05-31;2288;1359;165792;80591;44.7;21.7
87;2021-06-01;2549;1867;168341;82458;45.4;22.2
87;2021-06-02;2518;1854;170859;84312;46.1;22.7
87;2021-06-03;3206;2528;174065;86840;46.9;23.4
87;2021-06-04;2837;2056;176902;88896;47.7;24.0
87;2021-06-05;1311;576;178213;89472;48.1;24.1
87;2021-06-06;263;95;178476;89567;48.1;24.2
87;2021-06-07;2099;1901;180575;91468;48.7;24.7
87;2021-06-08;2932;2570;183507;94038;49.5;25.4
87;2021-06-09;2305;2813;185812;96851;50.1;26.1
87;2021-06-10;2975;2552;188787;99403;50.9;26.8
87;2021-06-11;2366;3071;191153;102474;51.6;27.6
87;2021-06-12;1221;1103;192374;103577;51.9;27.9
87;2021-06-13;292;484;192666;104061;52.0;28.1
87;2021-06-14;980;2731;193646;106792;52.2;28.8
87;2021-06-15;1361;3321;195007;110113;52.6;29.7
87;2021-06-16;1650;3422;196657;113535;53.0;30.6
87;2021-06-17;2437;2314;199094;115849;53.7;31.2
87;2021-06-18;1787;3016;200881;118865;54.2;32.1
87;2021-06-19;1046;1177;201927;120042;54.5;32.4
87;2021-06-20;205;205;202132;120247;54.5;32.4
87;2021-06-21;1041;2643;203173;122890;54.8;33.1
87;2021-06-22;1030;2883;204203;125773;55.1;33.9
87;2021-06-23;1256;3080;205459;128853;55.4;34.8
87;2021-06-24;1620;2556;207079;131409;55.9;35.4
87;2021-06-25;1446;2712;208525;134121;56.2;36.2
87;2021-06-26;529;1203;209054;135324;56.4;36.5
87;2021-06-27;26;212;209080;135536;56.4;36.6
87;2021-06-28;716;2573;209796;138109;56.6;37.2
87;2021-06-29;1154;3412;210950;141521;56.9;38.2
87;2021-06-30;1119;2650;212069;144171;57.2;38.9
87;2021-07-01;1478;2549;213547;146720;57.6;39.6
87;2021-07-02;1199;3461;214746;150181;57.9;40.5
87;2021-07-03;412;1509;215158;151690;58.0;40.9
87;2021-07-04;23;383;215181;152073;58.0;41.0
87;2021-07-05;685;2394;215866;154467;58.2;41.7
87;2021-07-06;582;3223;216448;157690;58.4;42.5
87;2021-07-07;862;3348;217310;161038;58.6;43.4
87;2021-07-08;1118;3665;218428;164703;58.9;44.4
87;2021-07-09;1105;3700;219533;168403;59.2;45.4
87;2021-07-10;285;1356;219818;169759;59.3;45.8
87;2021-07-11;49;284;219867;170043;59.3;45.9
87;2021-07-12;557;3194;220424;173237;59.4;46.7
87;2021-07-13;826;3518;221250;176755;59.7;47.7
87;2021-07-14;515;540;221765;177295;59.8;47.8
87;2021-07-15;1354;3462;223119;180757;60.2;48.8
87;2021-07-16;1723;3597;224842;184354;60.6;49.7
87;2021-07-17;651;1371;225493;185725;60.8;50.1
87;2021-07-18;81;284;225574;186009;60.8;50.2
87;2021-07-19;1426;3402;227000;189411;61.2;51.1
87;2021-07-20;1797;3592;228797;193003;61.7;52.1
87;2021-07-21;1443;3147;230240;196150;62.1;52.9
87;2021-07-22;1871;3251;232111;199401;62.6;53.8
87;2021-07-23;1864;3168;233975;202569;63.1;54.6
87;2021-07-24;810;1282;234785;203851;63.3;55.0
87;2021-07-25;105;241;234890;204092;63.4;55.0
87;2021-07-26;1533;2321;236423;206413;63.8;55.7
87;2021-07-27;2525;2058;238948;208471;64.4;56.2
87;2021-07-28;2388;1997;241336;210468;65.1;56.8
87;2021-07-29;2988;1986;244324;212454;65.9;57.3
87;2021-07-30;2529;2068;246853;214522;66.6;57.9
87;2021-07-31;1104;834;247957;215356;66.9;58.1
87;2021-08-01;282;149;248239;215505;67.0;58.1
87;2021-08-02;2105;1509;250344;217014;67.5;58.5
87;2021-08-03;2481;1326;252825;218340;68.2;58.9
87;2021-08-04;2304;1059;255129;219399;68.8;59.2
87;2021-08-05;2513;1399;257642;220798;69.5;59.6
87;2021-08-06;2126;1659;259768;222457;70.1;60.0
87;2021-08-07;1100;771;260868;223228;70.4;60.2
87;2021-08-08;207;123;261075;223351;70.4;60.2
87;2021-08-09;1812;1527;262887;224878;70.9;60.7
88;2020-12-27;0;0;0;0;0.0;0.0
88;2020-12-28;0;0;0;0;0.0;0.0
88;2020-12-29;0;0;0;0;0.0;0.0
88;2020-12-30;0;0;0;0;0.0;0.0
88;2020-12-31;0;0;0;0;0.0;0.0
88;2021-01-01;2;0;2;0;0.0;0.0
88;2021-01-02;0;0;2;0;0.0;0.0
88;2021-01-03;0;0;2;0;0.0;0.0
88;2021-01-04;0;0;2;0;0.0;0.0
88;2021-01-05;1;0;3;0;0.0;0.0
88;2021-01-06;3;0;6;0;0.0;0.0
88;2021-01-07;70;1;76;1;0.0;0.0
88;2021-01-08;189;2;265;3;0.1;0.0
88;2021-01-09;190;0;455;3;0.1;0.0
88;2021-01-10;0;0;455;3;0.1;0.0
88;2021-01-11;226;0;681;3;0.2;0.0
88;2021-01-12;422;1;1103;4;0.3;0.0
88;2021-01-13;491;2;1594;6;0.4;0.0
88;2021-01-14;345;2;1939;8;0.5;0.0
88;2021-01-15;379;2;2318;10;0.6;0.0
88;2021-01-16;62;0;2380;10;0.7;0.0
88;2021-01-17;0;0;2380;10;0.7;0.0
88;2021-01-18;460;0;2840;10;0.8;0.0
88;2021-01-19;451;0;3291;10;0.9;0.0
88;2021-01-20;461;1;3752;11;1.0;0.0
88;2021-01-21;1543;2;5295;13;1.5;0.0
88;2021-01-22;1161;1;6456;14;1.8;0.0
88;2021-01-23;284;0;6740;14;1.9;0.0
88;2021-01-24;298;2;7038;16;2.0;0.0
88;2021-01-25;938;3;7976;19;2.2;0.0
88;2021-01-26;388;6;8364;25;2.3;0.0
88;2021-01-27;3;0;8367;25;2.3;0.0
88;2021-01-28;162;37;8529;62;2.4;0.0
88;2021-01-29;526;163;9055;225;2.5;0.1
88;2021-01-30;288;127;9343;352;2.6;0.1
88;2021-01-31;0;0;9343;352;2.6;0.1
88;2021-02-01;406;283;9749;635;2.7;0.2
88;2021-02-02;333;364;10082;999;2.8;0.3
88;2021-02-03;437;241;10519;1240;2.9;0.3
88;2021-02-04;316;230;10835;1470;3.0;0.4
88;2021-02-05;457;251;11292;1721;3.1;0.5
88;2021-02-06;108;56;11400;1777;3.2;0.5
88;2021-02-07;0;0;11400;1777;3.2;0.5
88;2021-02-08;359;204;11759;1981;3.3;0.6
88;2021-02-09;291;288;12050;2269;3.4;0.6
88;2021-02-10;414;347;12464;2616;3.5;0.7
88;2021-02-11;849;1094;13313;3710;3.7;1.0
88;2021-02-12;939;702;14252;4412;4.0;1.2
88;2021-02-13;162;212;14414;4624;4.0;1.3
88;2021-02-14;81;216;14495;4840;4.0;1.3
88;2021-02-15;641;1075;15136;5915;4.2;1.6
88;2021-02-16;472;725;15608;6640;4.3;1.8
88;2021-02-17;456;439;16064;7079;4.5;2.0
88;2021-02-18;516;384;16580;7463;4.6;2.1
88;2021-02-19;535;461;17115;7924;4.8;2.2
88;2021-02-20;156;101;17271;8025;4.8;2.2
88;2021-02-21;1;25;17272;8050;4.8;2.2
88;2021-02-22;425;344;17697;8394;4.9;2.3
88;2021-02-23;402;232;18099;8626;5.0;2.4
88;2021-02-24;506;210;18605;8836;5.2;2.5
88;2021-02-25;675;283;19280;9119;5.4;2.5
88;2021-02-26;862;276;20142;9395;5.6;2.6
88;2021-02-27;266;34;20408;9429;5.7;2.6
88;2021-02-28;30;1;20438;9430;5.7;2.6
88;2021-03-01;359;465;20797;9895;5.8;2.8
88;2021-03-02;432;498;21229;10393;5.9;2.9
88;2021-03-03;648;465;21877;10858;6.1;3.0
88;2021-03-04;1039;754;22916;11612;6.4;3.2
88;2021-03-05;935;698;23851;12310;6.6;3.4
88;2021-03-06;1871;115;25722;12425;7.2;3.5
88;2021-03-07;1058;77;26780;12502;7.4;3.5
88;2021-03-08;726;688;27506;13190;7.7;3.7
88;2021-03-09;1094;534;28600;13724;8.0;3.8
88;2021-03-10;1078;494;29678;14218;8.3;4.0
88;2021-03-11;1442;399;31120;14617;8.7;4.1
88;2021-03-12;1309;488;32429;15105;9.0;4.2
88;2021-03-13;1210;125;33639;15230;9.4;4.2
88;2021-03-14;166;5;33805;15235;9.4;4.2
88;2021-03-15;930;447;34735;15682;9.7;4.4
88;2021-03-16;1024;343;35759;16025;9.9;4.5
88;2021-03-17;901;423;36660;16448;10.2;4.6
88;2021-03-18;1301;397;37961;16845;10.6;4.7
88;2021-03-19;1464;499;39425;17344;11.0;4.8
88;2021-03-20;1317;49;40742;17393;11.3;4.8
88;2021-03-21;37;0;40779;17393;11.3;4.8
88;2021-03-22;1231;542;42010;17935;11.7;5.0
88;2021-03-23;1781;439;43791;18374;12.2;5.1
88;2021-03-24;1874;472;45665;18846;12.7;5.2
88;2021-03-25;2498;484;48163;19330;13.4;5.4
88;2021-03-26;2478;454;50641;19784;14.1;5.5
88;2021-03-27;882;294;51523;20078;14.3;5.6
88;2021-03-28;60;4;51583;20082;14.3;5.6
88;2021-03-29;1305;440;52888;20522;14.7;5.7
88;2021-03-30;2061;391;54949;20913;15.3;5.8
88;2021-03-31;1618;576;56567;21489;15.7;6.0
88;2021-04-01;2116;711;58683;22200;16.3;6.2
88;2021-04-02;2813;633;61496;22833;17.1;6.4
88;2021-04-03;744;210;62240;23043;17.3;6.4
88;2021-04-04;16;1;62256;23044;17.3;6.4
88;2021-04-05;23;2;62279;23046;17.3;6.4
88;2021-04-06;1136;675;63415;23721;17.6;6.6
88;2021-04-07;1600;711;65015;24432;18.1;6.8
88;2021-04-08;1859;785;66874;25217;18.6;7.0
88;2021-04-09;3080;734;69954;25951;19.5;7.2
88;2021-04-10;724;646;70678;26597;19.7;7.4
88;2021-04-11;33;1;70711;26598;19.7;7.4
88;2021-04-12;1538;982;72249;27580;20.1;7.7
88;2021-04-13;2037;1090;74286;28670;20.7;8.0
88;2021-04-14;1909;950;76195;29620;21.2;8.2
88;2021-04-15;1967;1240;78162;30860;21.7;8.6
88;2021-04-16;2108;1049;80270;31909;22.3;8.9
88;2021-04-17;1429;766;81699;32675;22.7;9.1
88;2021-04-18;268;22;81967;32697;22.8;9.1
88;2021-04-19;1175;1235;83142;33932;23.1;9.4
88;2021-04-20;1191;1396;84333;35328;23.5;9.8
88;2021-04-21;1502;1299;85835;36627;23.9;10.2
88;2021-04-22;1898;1626;87733;38253;24.4;10.6
88;2021-04-23;1823;2038;89556;40291;24.9;11.2
88;2021-04-24;1184;781;90740;41072;25.2;11.4
88;2021-04-25;34;2;90774;41074;25.2;11.4
88;2021-04-26;1180;1171;91954;42245;25.6;11.8
88;2021-04-27;1278;1733;93232;43978;25.9;12.2
88;2021-04-28;1633;1494;94865;45472;26.4;12.6
88;2021-04-29;2082;1459;96947;46931;27.0;13.1
88;2021-04-30;2449;1625;99396;48556;27.6;13.5
88;2021-05-01;2005;268;101401;48824;28.2;13.6
88;2021-05-02;1300;122;102701;48946;28.6;13.6
88;2021-05-03;1558;1219;104259;50165;29.0;14.0
88;2021-05-04;1444;1462;105703;51627;29.4;14.4
88;2021-05-05;2426;1596;108129;53223;30.1;14.8
88;2021-05-06;3208;1210;111337;54433;31.0;15.1
88;2021-05-07;2938;1358;114275;55791;31.8;15.5
88;2021-05-08;1531;466;115806;56257;32.2;15.6
88;2021-05-09;1734;152;117540;56409;32.7;15.7
88;2021-05-10;1764;1572;119304;57981;33.2;16.1
88;2021-05-11;2658;1909;121962;59890;33.9;16.7
88;2021-05-12;2531;1850;124493;61740;34.6;17.2
88;2021-05-13;3258;672;127751;62412;35.5;17.4
88;2021-05-14;2501;1540;130252;63952;36.2;17.8
88;2021-05-15;1625;738;131877;64690;36.7;18.0
88;2021-05-16;1333;103;133210;64793;37.1;18.0
88;2021-05-17;1988;941;135198;65734;37.6;18.3
88;2021-05-18;2255;1109;137453;66843;38.2;18.6
88;2021-05-19;2723;1147;140176;67990;39.0;18.9
88;2021-05-20;3346;1232;143522;69222;39.9;19.3
88;2021-05-21;2876;1146;146398;70368;40.7;19.6
88;2021-05-22;1432;712;147830;71080;41.1;19.8
88;2021-05-23;557;74;148387;71154;41.3;19.8
88;2021-05-24;1675;428;150062;71582;41.7;19.9
88;2021-05-25;1646;1172;151708;72754;42.2;20.2
88;2021-05-26;2369;1136;154077;73890;42.9;20.6
88;2021-05-27;2201;1361;156278;75251;43.5;20.9
88;2021-05-28;1893;1989;158171;77240;44.0;21.5
88;2021-05-29;1232;1754;159403;78994;44.3;22.0
88;2021-05-30;588;417;159991;79411;44.5;22.1
88;2021-05-31;1326;1853;161317;81264;44.9;22.6
88;2021-06-01;1718;1988;163035;83252;45.3;23.2
88;2021-06-02;2075;1868;165110;85120;45.9;23.7
88;2021-06-03;2738;1616;167848;86736;46.7;24.1
88;2021-06-04;2043;1936;169891;88672;47.3;24.7
88;2021-06-05;1530;1139;171421;89811;47.7;25.0
88;2021-06-06;692;155;172113;89966;47.9;25.0
88;2021-06-07;1290;1707;173403;91673;48.2;25.5
88;2021-06-08;1666;1930;175069;93603;48.7;26.0
88;2021-06-09;1617;1908;176686;95511;49.1;26.6
88;2021-06-10;1779;2047;178465;97558;49.6;27.1
88;2021-06-11;1548;2215;180013;99773;50.1;27.8
88;2021-06-12;670;1655;180683;101428;50.3;28.2
88;2021-06-13;464;377;181147;101805;50.4;28.3
88;2021-06-14;1030;2245;182177;104050;50.7;28.9
88;2021-06-15;1927;2452;184104;106502;51.2;29.6
88;2021-06-16;1483;2870;185587;109372;51.6;30.4
88;2021-06-17;1598;2726;187185;112098;52.1;31.2
88;2021-06-18;1358;2457;188543;114555;52.4;31.9
88;2021-06-19;701;1089;189244;115644;52.6;32.2
88;2021-06-20;77;79;189321;115723;52.7;32.2
88;2021-06-21;672;2579;189993;118302;52.8;32.9
88;2021-06-22;869;3431;190862;121733;53.1;33.9
88;2021-06-23;1142;2878;192004;124611;53.4;34.7
88;2021-06-24;702;2602;192706;127213;53.6;35.4
88;2021-06-25;1436;3181;194142;130394;54.0;36.3
88;2021-06-26;904;2073;195046;132467;54.3;36.8
88;2021-06-27;543;634;195589;133101;54.4;37.0
88;2021-06-28;758;2506;196347;135607;54.6;37.7
88;2021-06-29;956;3355;197303;138962;54.9;38.7
88;2021-06-30;1135;3110;198438;142072;55.2;39.5
88;2021-07-01;1056;2686;199494;144758;55.5;40.3
88;2021-07-02;987;3143;200481;147901;55.8;41.1
88;2021-07-03;693;1698;201174;149599;56.0;41.6
88;2021-07-04;258;816;201432;150415;56.0;41.8
88;2021-07-05;992;2022;202424;152437;56.3;42.4
88;2021-07-06;1018;2415;203442;154852;56.6;43.1
88;2021-07-07;1179;2580;204621;157432;56.9;43.8
88;2021-07-08;1078;2062;205699;159494;57.2;44.4
88;2021-07-09;1583;2700;207282;162194;57.7;45.1
88;2021-07-10;715;1818;207997;164012;57.9;45.6
88;2021-07-11;467;695;208464;164707;58.0;45.8
88;2021-07-12;1051;2514;209515;167221;58.3;46.5
88;2021-07-13;1310;2657;210825;169878;58.6;47.3
88;2021-07-14;1195;799;212020;170677;59.0;47.5
88;2021-07-15;1737;3317;213757;173994;59.5;48.4
88;2021-07-16;1469;2964;215226;176958;59.9;49.2
88;2021-07-17;798;1589;216024;178547;60.1;49.7
88;2021-07-18;180;680;216204;179227;60.1;49.9
88;2021-07-19;1559;2237;217763;181464;60.6;50.5
88;2021-07-20;2136;2392;219899;183856;61.2;51.1
88;2021-07-21;1932;2226;221831;186082;61.7;51.8
88;2021-07-22;1695;2108;223526;188190;62.2;52.3
88;2021-07-23;2499;2781;226025;190971;62.9;53.1
88;2021-07-24;1057;1183;227082;192154;63.2;53.4
88;2021-07-25;431;607;227513;192761;63.3;53.6
88;2021-07-26;1710;2064;229223;194825;63.8;54.2
88;2021-07-27;2341;2055;231564;196880;64.4;54.8
88;2021-07-28;2202;2248;233766;199128;65.0;55.4
88;2021-07-29;3009;1625;236775;200753;65.9;55.8
88;2021-07-30;2264;2282;239039;203035;66.5;56.5
88;2021-07-31;1095;1031;240134;204066;66.8;56.8
88;2021-08-01;442;460;240576;204526;66.9;56.9
88;2021-08-02;2362;1762;242938;206288;67.6;57.4
88;2021-08-03;2865;1565;245803;207853;68.4;57.8
88;2021-08-04;2512;1522;248315;209375;69.1;58.2
88;2021-08-05;1984;1371;250299;210746;69.6;58.6
88;2021-08-06;2907;2001;253206;212747;70.4;59.2
88;2021-08-07;1169;911;254375;213658;70.8;59.4
88;2021-08-08;751;315;255126;213973;71.0;59.5
88;2021-08-09;1544;1641;256670;215614;71.4;60.0
89;2020-12-27;0;0;0;0;0.0;0.0
89;2020-12-28;0;0;0;0;0.0;0.0
89;2020-12-29;0;0;0;0;0.0;0.0
89;2020-12-30;0;0;0;0;0.0;0.0
89;2020-12-31;0;0;0;0;0.0;0.0
89;2021-01-01;0;0;0;0;0.0;0.0
89;2021-01-02;0;0;0;0;0.0;0.0
89;2021-01-03;0;0;0;0;0.0;0.0
89;2021-01-04;0;0;0;0;0.0;0.0
89;2021-01-05;0;0;0;0;0.0;0.0
89;2021-01-06;48;0;48;0;0.0;0.0
89;2021-01-07;201;0;249;0;0.1;0.0
89;2021-01-08;48;0;297;0;0.1;0.0
89;2021-01-09;1;0;298;0;0.1;0.0
89;2021-01-10;0;0;298;0;0.1;0.0
89;2021-01-11;220;0;518;0;0.2;0.0
89;2021-01-12;349;0;867;0;0.3;0.0
89;2021-01-13;533;3;1400;3;0.4;0.0
89;2021-01-14;708;7;2108;10;0.6;0.0
89;2021-01-15;275;2;2383;12;0.7;0.0
89;2021-01-16;90;3;2473;15;0.7;0.0
89;2021-01-17;0;0;2473;15;0.7;0.0
89;2021-01-18;503;1;2976;16;0.9;0.0
89;2021-01-19;840;3;3816;19;1.1;0.0
89;2021-01-20;760;1;4576;20;1.4;0.0
89;2021-01-21;939;4;5515;24;1.7;0.0
89;2021-01-22;1016;1;6531;25;2.0;0.0
89;2021-01-23;200;0;6731;25;2.0;0.0
89;2021-01-24;106;0;6837;25;2.1;0.0
89;2021-01-25;482;4;7319;29;2.2;0.0
89;2021-01-26;581;13;7900;42;2.4;0.0
89;2021-01-27;472;38;8372;80;2.5;0.0
89;2021-01-28;550;127;8922;207;2.7;0.1
89;2021-01-29;957;43;9879;250;3.0;0.1
89;2021-01-30;184;67;10063;317;3.0;0.1
89;2021-01-31;24;2;10087;319;3.0;0.1
89;2021-02-01;255;153;10342;472;3.1;0.1
89;2021-02-02;282;338;10624;810;3.2;0.2
89;2021-02-03;292;344;10916;1154;3.3;0.3
89;2021-02-04;433;595;11349;1749;3.4;0.5
89;2021-02-05;387;201;11736;1950;3.5;0.6
89;2021-02-06;77;66;11813;2016;3.6;0.6
89;2021-02-07;0;0;11813;2016;3.6;0.6
89;2021-02-08;288;188;12101;2204;3.6;0.7
89;2021-02-09;285;443;12386;2647;3.7;0.8
89;2021-02-10;396;313;12782;2960;3.8;0.9
89;2021-02-11;333;551;13115;3511;3.9;1.1
89;2021-02-12;429;598;13544;4109;4.1;1.2
89;2021-02-13;52;130;13596;4239;4.1;1.3
89;2021-02-14;20;116;13616;4355;4.1;1.3
89;2021-02-15;216;409;13832;4764;4.2;1.4
89;2021-02-16;133;536;13965;5300;4.2;1.6
89;2021-02-17;262;438;14227;5738;4.3;1.7
89;2021-02-18;225;557;14452;6295;4.4;1.9
89;2021-02-19;243;653;14695;6948;4.4;2.1
89;2021-02-20;33;140;14728;7088;4.4;2.1
89;2021-02-21;0;10;14728;7098;4.4;2.1
89;2021-02-22;233;451;14961;7549;4.5;2.3
89;2021-02-23;171;471;15132;8020;4.6;2.4
89;2021-02-24;340;389;15472;8409;4.7;2.5
89;2021-02-25;369;465;15841;8874;4.8;2.7
89;2021-02-26;383;337;16224;9211;4.9;2.8
89;2021-02-27;137;81;16361;9292;4.9;2.8
89;2021-02-28;6;13;16367;9305;4.9;2.8
89;2021-03-01;541;238;16908;9543;5.1;2.9
89;2021-03-02;752;343;17660;9886;5.3;3.0
89;2021-03-03;646;276;18306;10162;5.5;3.1
89;2021-03-04;632;380;18938;10542;5.7;3.2
89;2021-03-05;729;503;19667;11045;5.9;3.3
89;2021-03-06;547;130;20214;11175;6.1;3.4
89;2021-03-07;288;40;20502;11215;6.2;3.4
89;2021-03-08;558;326;21060;11541;6.3;3.5
89;2021-03-09;997;270;22057;11811;6.6;3.6
89;2021-03-10;979;252;23036;12063;6.9;3.6
89;2021-03-11;1073;300;24109;12363;7.3;3.7
89;2021-03-12;1281;333;25390;12696;7.6;3.8
89;2021-03-13;635;43;26025;12739;7.8;3.8
89;2021-03-14;1;0;26026;12739;7.8;3.8
89;2021-03-15;814;311;26840;13050;8.1;3.9
89;2021-03-16;947;220;27787;13270;8.4;4.0
89;2021-03-17;918;267;28705;13537;8.6;4.1
89;2021-03-18;881;253;29586;13790;8.9;4.2
89;2021-03-19;1147;191;30733;13981;9.3;4.2
89;2021-03-20;844;25;31577;14006;9.5;4.2
89;2021-03-21;173;5;31750;14011;9.6;4.2
89;2021-03-22;1044;222;32794;14233;9.9;4.3
89;2021-03-23;1740;255;34534;14488;10.4;4.4
89;2021-03-24;1966;324;36500;14812;11.0;4.5
89;2021-03-25;1815;169;38315;14981;11.5;4.5
89;2021-03-26;2626;183;40941;15164;12.3;4.6
89;2021-03-27;1774;48;42715;15212;12.9;4.6
89;2021-03-28;32;3;42747;15215;12.9;4.6
89;2021-03-29;963;580;43710;15795;13.2;4.8
89;2021-03-30;1153;567;44863;16362;13.5;4.9
89;2021-03-31;2005;469;46868;16831;14.1;5.1
89;2021-04-01;2118;455;48986;17286;14.8;5.2
89;2021-04-02;2139;445;51125;17731;15.4;5.3
89;2021-04-03;1002;241;52127;17972;15.7;5.4
89;2021-04-04;16;1;52143;17973;15.7;5.4
89;2021-04-05;92;2;52235;17975;15.7;5.4
89;2021-04-06;1032;755;53267;18730;16.0;5.6
89;2021-04-07;1031;803;54298;19533;16.4;5.9
89;2021-04-08;1730;723;56028;20256;16.9;6.1
89;2021-04-09;2161;731;58189;20987;17.5;6.3
89;2021-04-10;891;180;59080;21167;17.8;6.4
89;2021-04-11;37;50;59117;21217;17.8;6.4
89;2021-04-12;1014;793;60131;22010;18.1;6.6
89;2021-04-13;1357;1077;61488;23087;18.5;7.0
89;2021-04-14;1211;1037;62699;24124;18.9;7.3
89;2021-04-15;1415;943;64114;25067;19.3;7.5
89;2021-04-16;1331;939;65445;26006;19.7;7.8
89;2021-04-17;1066;455;66511;26461;20.0;8.0
89;2021-04-18;27;154;66538;26615;20.0;8.0
89;2021-04-19;750;1029;67288;27644;20.3;8.3
89;2021-04-20;1019;1533;68307;29177;20.6;8.8
89;2021-04-21;814;1103;69121;30280;20.8;9.1
89;2021-04-22;1107;1168;70228;31448;21.1;9.5
89;2021-04-23;1823;1964;72051;33412;21.7;10.1
89;2021-04-24;1172;1176;73223;34588;22.0;10.4
89;2021-04-25;139;6;73362;34594;22.1;10.4
89;2021-04-26;1500;771;74862;35365;22.5;10.6
89;2021-04-27;1731;1056;76593;36421;23.1;11.0
89;2021-04-28;1590;1852;78183;38273;23.5;11.5
89;2021-04-29;1970;1911;80153;40184;24.1;12.1
89;2021-04-30;1806;1762;81959;41946;24.7;12.6
89;2021-05-01;846;722;82805;42668;24.9;12.8
89;2021-05-02;133;31;82938;42699;25.0;12.9
89;2021-05-03;1605;759;84543;43458;25.5;13.1
89;2021-05-04;1620;1127;86163;44585;25.9;13.4
89;2021-05-05;2320;1263;88483;45848;26.6;13.8
89;2021-05-06;2413;1376;90896;47224;27.4;14.2
89;2021-05-07;2722;1314;93618;48538;28.2;14.6
89;2021-05-08;1785;533;95403;49071;28.7;14.8
89;2021-05-09;196;18;95599;49089;28.8;14.8
89;2021-05-10;1201;964;96800;50053;29.1;15.1
89;2021-05-11;2490;1460;99290;51513;29.9;15.5
89;2021-05-12;2060;1216;101350;52729;30.5;15.9
89;2021-05-13;414;333;101764;53062;30.6;16.0
89;2021-05-14;1877;1093;103641;54155;31.2;16.3
89;2021-05-15;2248;393;105889;54548;31.9;16.4
89;2021-05-16;10;35;105899;54583;31.9;16.4
89;2021-05-17;2089;636;107988;55219;32.5;16.6
89;2021-05-18;2323;828;110311;56047;33.2;16.9
89;2021-05-19;2860;880;113171;56927;34.1;17.1
89;2021-05-20;2927;886;116098;57813;35.0;17.4
89;2021-05-21;2480;878;118578;58691;35.7;17.7
89;2021-05-22;1429;570;120007;59261;36.1;17.8
89;2021-05-23;108;10;120115;59271;36.2;17.8
89;2021-05-24;286;223;120401;59494;36.3;17.9
89;2021-05-25;1558;983;121959;60477;36.7;18.2
89;2021-05-26;1817;1020;123776;61497;37.3;18.5
89;2021-05-27;2118;1353;125894;62850;37.9;18.9
89;2021-05-28;2143;1423;128037;64273;38.6;19.4
89;2021-05-29;540;658;128577;64931;38.7;19.6
89;2021-05-30;25;22;128602;64953;38.7;19.6
89;2021-05-31;1248;968;129850;65921;39.1;19.8
89;2021-06-01;1505;981;131355;66902;39.6;20.1
89;2021-06-02;1949;1278;133304;68180;40.1;20.5
89;2021-06-03;2424;1522;135728;69702;40.9;21.0
89;2021-06-04;2143;1885;137871;71587;41.5;21.6
89;2021-06-05;1184;1224;139055;72811;41.9;21.9
89;2021-06-06;22;37;139077;72848;41.9;21.9
89;2021-06-07;2109;1447;141186;74295;42.5;22.4
89;2021-06-08;2196;1453;143382;75748;43.2;22.8
89;2021-06-09;2321;1506;145703;77254;43.9;23.3
89;2021-06-10;2789;1600;148492;78854;44.7;23.7
89;2021-06-11;1947;1747;150439;80601;45.3;24.3
89;2021-06-12;1103;757;151542;81358;45.6;24.5
89;2021-06-13;155;424;151697;81782;45.7;24.6
89;2021-06-14;1310;1822;153007;83604;46.1;25.2
89;2021-06-15;1402;2012;154409;85616;46.5;25.8
89;2021-06-16;1131;2582;155540;88198;46.8;26.6
89;2021-06-17;1429;2337;156969;90535;47.3;27.3
89;2021-06-18;1622;2875;158591;93410;47.8;28.1
89;2021-06-19;686;1662;159277;95072;48.0;28.6
89;2021-06-20;54;127;159331;95199;48.0;28.7
89;2021-06-21;759;1527;160090;96726;48.2;29.1
89;2021-06-22;1049;2679;161139;99405;48.5;29.9
89;2021-06-23;1155;1797;162294;101202;48.9;30.5
89;2021-06-24;1077;1494;163371;102696;49.2;30.9
89;2021-06-25;1007;2428;164378;105124;49.5;31.7
89;2021-06-26;561;2481;164939;107605;49.7;32.4
89;2021-06-27;14;28;164953;107633;49.7;32.4
89;2021-06-28;1032;2493;165985;110126;50.0;33.2
89;2021-06-29;687;2403;166672;112529;50.2;33.9
89;2021-06-30;1084;3177;167756;115706;50.5;34.8
89;2021-07-01;1021;2983;168777;118689;50.8;35.7
89;2021-07-02;1104;2746;169881;121435;51.2;36.6
89;2021-07-03;554;1572;170435;123007;51.3;37.0
89;2021-07-04;11;36;170446;123043;51.3;37.1
89;2021-07-05;1293;1836;171739;124879;51.7;37.6
89;2021-07-06;1048;2309;172787;127188;52.0;38.3
89;2021-07-07;665;1786;173452;128974;52.2;38.8
89;2021-07-08;790;1873;174242;130847;52.5;39.4
89;2021-07-09;1131;2604;175373;133451;52.8;40.2
89;2021-07-10;715;814;176088;134265;53.0;40.4
89;2021-07-11;25;39;176113;134304;53.0;40.4
89;2021-07-12;1423;1901;177536;136205;53.5;41.0
89;2021-07-13;2128;2743;179664;138948;54.1;41.8
89;2021-07-14;312;325;179976;139273;54.2;41.9
89;2021-07-15;2227;3226;182203;142499;54.9;42.9
89;2021-07-16;2385;2855;184588;145354;55.6;43.8
89;2021-07-17;1230;1227;185818;146581;56.0;44.1
89;2021-07-18;276;96;186094;146677;56.0;44.2
89;2021-07-19;1562;2814;187656;149491;56.5;45.0
89;2021-07-20;1913;3280;189569;152771;57.1;46.0
89;2021-07-21;2072;2721;191641;155492;57.7;46.8
89;2021-07-22;2462;2989;194103;158481;58.4;47.7
89;2021-07-23;2462;3099;196565;161580;59.2;48.7
89;2021-07-24;1231;1250;197796;162830;59.6;49.0
89;2021-07-25;68;184;197864;163014;59.6;49.1
89;2021-07-26;1709;2320;199573;165334;60.1;49.8
89;2021-07-27;2324;1904;201897;167238;60.8;50.4
89;2021-07-28;2512;1333;204409;168571;61.6;50.8
89;2021-07-29;2506;1614;206915;170185;62.3;51.2
89;2021-07-30;2657;1613;209572;171798;63.1;51.7
89;2021-07-31;1118;1073;210690;172871;63.4;52.1
89;2021-08-01;69;33;210759;172904;63.5;52.1
89;2021-08-02;1766;1280;212525;174184;64.0;52.4
89;2021-08-03;2451;1244;214976;175428;64.7;52.8
89;2021-08-04;1518;1639;216494;177067;65.2;53.3
89;2021-08-05;1527;1683;218021;178750;65.6;53.8
89;2021-08-06;2156;1641;220177;180391;66.3;54.3
89;2021-08-07;921;1084;221098;181475;66.6;54.6
89;2021-08-08;25;17;221123;181492;66.6;54.7
89;2021-08-09;1084;1165;222207;182657;66.9;55.0
90;2020-12-27;0;0;0;0;0.0;0.0
90;2020-12-28;0;0;0;0;0.0;0.0
90;2020-12-29;0;0;0;0;0.0;0.0
90;2020-12-30;1;0;1;0;0.0;0.0
90;2020-12-31;0;0;1;0;0.0;0.0
90;2021-01-01;0;0;1;0;0.0;0.0
90;2021-01-02;1;0;2;0;0.0;0.0
90;2021-01-03;0;0;2;0;0.0;0.0
90;2021-01-04;2;0;4;0;0.0;0.0
90;2021-01-05;0;0;4;0;0.0;0.0
90;2021-01-06;0;0;4;0;0.0;0.0
90;2021-01-07;1;0;5;0;0.0;0.0
90;2021-01-08;170;0;175;0;0.1;0.0
90;2021-01-09;46;0;221;0;0.2;0.0
90;2021-01-10;0;0;221;0;0.2;0.0
90;2021-01-11;200;0;421;0;0.3;0.0
90;2021-01-12;430;0;851;0;0.6;0.0
90;2021-01-13;468;2;1319;2;0.9;0.0
90;2021-01-14;414;1;1733;3;1.2;0.0
90;2021-01-15;405;9;2138;12;1.5;0.0
90;2021-01-16;111;2;2249;14;1.6;0.0
90;2021-01-17;1;0;2250;14;1.6;0.0
90;2021-01-18;364;2;2614;16;1.9;0.0
90;2021-01-19;461;5;3075;21;2.2;0.0
90;2021-01-20;391;2;3466;23;2.5;0.0
90;2021-01-21;349;1;3815;24;2.7;0.0
90;2021-01-22;346;2;4161;26;3.0;0.0
90;2021-01-23;98;0;4259;26;3.0;0.0
90;2021-01-24;0;0;4259;26;3.0;0.0
90;2021-01-25;322;3;4581;29;3.3;0.0
90;2021-01-26;224;0;4805;29;3.4;0.0
90;2021-01-27;254;0;5059;29;3.6;0.0
90;2021-01-28;328;33;5387;62;3.8;0.0
90;2021-01-29;291;163;5678;225;4.1;0.2
90;2021-01-30;176;45;5854;270;4.2;0.2
90;2021-01-31;118;0;5972;270;4.3;0.2
90;2021-02-01;275;112;6247;382;4.5;0.3
90;2021-02-02;290;163;6537;545;4.7;0.4
90;2021-02-03;256;368;6793;913;4.8;0.7
90;2021-02-04;257;302;7050;1215;5.0;0.9
90;2021-02-05;266;271;7316;1486;5.2;1.1
90;2021-02-06;89;68;7405;1554;5.3;1.1
90;2021-02-07;0;0;7405;1554;5.3;1.1
90;2021-02-08;170;218;7575;1772;5.4;1.3
90;2021-02-09;139;166;7714;1938;5.5;1.4
90;2021-02-10;182;30;7896;1968;5.6;1.4
90;2021-02-11;228;109;8124;2077;5.8;1.5
90;2021-02-12;126;239;8250;2316;5.9;1.7
90;2021-02-13;95;45;8345;2361;6.0;1.7
90;2021-02-14;0;0;8345;2361;6.0;1.7
90;2021-02-15;113;280;8458;2641;6.0;1.9
90;2021-02-16;92;277;8550;2918;6.1;2.1
90;2021-02-17;178;205;8728;3123;6.2;2.2
90;2021-02-18;130;242;8858;3365;6.3;2.4
90;2021-02-19;64;272;8922;3637;6.4;2.6
90;2021-02-20;40;72;8962;3709;6.4;2.6
90;2021-02-21;0;0;8962;3709;6.4;2.6
90;2021-02-22;77;333;9039;4042;6.4;2.9
90;2021-02-23;40;259;9079;4301;6.5;3.1
90;2021-02-24;109;289;9188;4590;6.6;3.3
90;2021-02-25;89;313;9277;4903;6.6;3.5
90;2021-02-26;89;396;9366;5299;6.7;3.8
90;2021-02-27;140;178;9506;5477;6.8;3.9
90;2021-02-28;8;113;9514;5590;6.8;4.0
90;2021-03-01;212;233;9726;5823;6.9;4.2
90;2021-03-02;178;285;9904;6108;7.1;4.4
90;2021-03-03;239;355;10143;6463;7.2;4.6
90;2021-03-04;259;277;10402;6740;7.4;4.8
90;2021-03-05;359;270;10761;7010;7.7;5.0
90;2021-03-06;291;104;11052;7114;7.9;5.1
90;2021-03-07;18;1;11070;7115;7.9;5.1
90;2021-03-08;246;246;11316;7361;8.1;5.3
90;2021-03-09;428;163;11744;7524;8.4;5.4
90;2021-03-10;348;197;12092;7721;8.6;5.5
90;2021-03-11;348;119;12440;7840;8.9;5.6
90;2021-03-12;519;128;12959;7968;9.2;5.7
90;2021-03-13;539;47;13498;8015;9.6;5.7
90;2021-03-14;21;0;13519;8015;9.6;5.7
90;2021-03-15;387;116;13906;8131;9.9;5.8
90;2021-03-16;401;99;14307;8230;10.2;5.9
90;2021-03-17;323;74;14630;8304;10.4;5.9
90;2021-03-18;348;77;14978;8381;10.7;6.0
90;2021-03-19;468;78;15446;8459;11.0;6.0
90;2021-03-20;426;48;15872;8507;11.3;6.1
90;2021-03-21;7;2;15879;8509;11.3;6.1
90;2021-03-22;399;29;16278;8538;11.6;6.1
90;2021-03-23;738;72;17016;8610;12.1;6.1
90;2021-03-24;816;45;17832;8655;12.7;6.2
90;2021-03-25;945;73;18777;8728;13.4;6.2
90;2021-03-26;1226;59;20003;8787;14.3;6.3
90;2021-03-27;437;32;20440;8819;14.6;6.3
90;2021-03-28;34;0;20474;8819;14.6;6.3
90;2021-03-29;712;141;21186;8960;15.1;6.4
90;2021-03-30;674;153;21860;9113;15.6;6.5
90;2021-03-31;728;81;22588;9194;16.1;6.6
90;2021-04-01;601;117;23189;9311;16.5;6.6
90;2021-04-02;657;95;23846;9406;17.0;6.7
90;2021-04-03;370;40;24216;9446;17.3;6.7
90;2021-04-04;1;0;24217;9446;17.3;6.7
90;2021-04-05;0;0;24217;9446;17.3;6.7
90;2021-04-06;528;250;24745;9696;17.7;6.9
90;2021-04-07;484;262;25229;9958;18.0;7.1
90;2021-04-08;510;244;25739;10202;18.4;7.3
90;2021-04-09;752;265;26491;10467;18.9;7.5
90;2021-04-10;223;8;26714;10475;19.1;7.5
90;2021-04-11;7;0;26721;10475;19.1;7.5
90;2021-04-12;551;479;27272;10954;19.5;7.8
90;2021-04-13;631;529;27903;11483;19.9;8.2
90;2021-04-14;527;352;28430;11835;20.3;8.4
90;2021-04-15;905;286;29335;12121;20.9;8.6
90;2021-04-16;370;404;29705;12525;21.2;8.9
90;2021-04-17;189;127;29894;12652;21.3;9.0
90;2021-04-18;21;0;29915;12652;21.3;9.0
90;2021-04-19;435;568;30350;13220;21.7;9.4
90;2021-04-20;494;620;30844;13840;22.0;9.9
90;2021-04-21;353;495;31197;14335;22.3;10.2
90;2021-04-22;568;601;31765;14936;22.7;10.7
90;2021-04-23;505;744;32270;15680;23.0;11.2
90;2021-04-24;306;202;32576;15882;23.2;11.3
90;2021-04-25;1;0;32577;15882;23.2;11.3
90;2021-04-26;508;750;33085;16632;23.6;11.9
90;2021-04-27;641;680;33726;17312;24.1;12.4
90;2021-04-28;765;445;34491;17757;24.6;12.7
90;2021-04-29;1003;449;35494;18206;25.3;13.0
90;2021-04-30;1120;457;36614;18663;26.1;13.3
90;2021-05-01;60;42;36674;18705;26.2;13.3
90;2021-05-02;4;0;36678;18705;26.2;13.3
90;2021-05-03;903;286;37581;18991;26.8;13.6
90;2021-05-04;784;638;38365;19629;27.4;14.0
90;2021-05-05;892;505;39257;20134;28.0;14.4
90;2021-05-06;853;627;40110;20761;28.6;14.8
90;2021-05-07;440;510;40550;21271;28.9;15.2
90;2021-05-08;26;27;40576;21298;29.0;15.2
90;2021-05-09;5;33;40581;21331;29.0;15.2
90;2021-05-10;506;585;41087;21916;29.3;15.6
90;2021-05-11;778;635;41865;22551;29.9;16.1
90;2021-05-12;530;598;42395;23149;30.3;16.5
90;2021-05-13;1113;263;43508;23412;31.0;16.7
90;2021-05-14;865;402;44373;23814;31.7;17.0
90;2021-05-15;14;125;44387;23939;31.7;17.1
90;2021-05-16;2;7;44389;23946;31.7;17.1
90;2021-05-17;793;289;45182;24235;32.2;17.3
90;2021-05-18;1023;470;46205;24705;33.0;17.6
90;2021-05-19;1265;384;47470;25089;33.9;17.9
90;2021-05-20;1200;267;48670;25356;34.7;18.1
90;2021-05-21;1265;431;49935;25787;35.6;18.4
90;2021-05-22;9;131;49944;25918;35.6;18.5
90;2021-05-23;4;0;49948;25918;35.6;18.5
90;2021-05-24;368;266;50316;26184;35.9;18.7
90;2021-05-25;637;792;50953;26976;36.4;19.2
90;2021-05-26;631;567;51584;27543;36.8;19.7
90;2021-05-27;963;381;52547;27924;37.5;19.9
90;2021-05-28;669;826;53216;28750;38.0;20.5
90;2021-05-29;93;296;53309;29046;38.0;20.7
90;2021-05-30;4;1;53313;29047;38.0;20.7
90;2021-05-31;809;714;54122;29761;38.6;21.2
90;2021-06-01;968;740;55090;30501;39.3;21.8
90;2021-06-02;760;675;55850;31176;39.9;22.2
90;2021-06-03;758;743;56608;31919;40.4;22.8
90;2021-06-04;833;973;57441;32892;41.0;23.5
90;2021-06-05;53;425;57494;33317;41.0;23.8
90;2021-06-06;1;16;57495;33333;41.0;23.8
90;2021-06-07;1265;1081;58760;34414;41.9;24.6
90;2021-06-08;1481;935;60241;35349;43.0;25.2
90;2021-06-09;965;658;61206;36007;43.7;25.7
90;2021-06-10;625;496;61831;36503;44.1;26.0
90;2021-06-11;787;1126;62618;37629;44.7;26.9
90;2021-06-12;806;298;63424;37927;45.3;27.1
90;2021-06-13;10;12;63434;37939;45.3;27.1
90;2021-06-14;260;973;63694;38912;45.4;27.8
90;2021-06-15;565;879;64259;39791;45.9;28.4
90;2021-06-16;506;546;64765;40337;46.2;28.8
90;2021-06-17;439;637;65204;40974;46.5;29.2
90;2021-06-18;609;995;65813;41969;47.0;29.9
90;2021-06-19;449;169;66262;42138;47.3;30.1
90;2021-06-20;0;28;66262;42166;47.3;30.1
90;2021-06-21;255;1178;66517;43344;47.5;30.9
90;2021-06-22;383;949;66900;44293;47.7;31.6
90;2021-06-23;413;634;67313;44927;48.0;32.1
90;2021-06-24;317;601;67630;45528;48.3;32.5
90;2021-06-25;425;1271;68055;46799;48.6;33.4
90;2021-06-26;420;561;68475;47360;48.9;33.8
90;2021-06-27;2;6;68477;47366;48.9;33.8
90;2021-06-28;376;1297;68853;48663;49.1;34.7
90;2021-06-29;304;1304;69157;49967;49.3;35.7
90;2021-06-30;486;1230;69643;51197;49.7;36.5
90;2021-07-01;345;920;69988;52117;49.9;37.2
90;2021-07-02;504;1206;70492;53323;50.3;38.0
90;2021-07-03;48;129;70540;53452;50.3;38.1
90;2021-07-04;0;21;70540;53473;50.3;38.2
90;2021-07-05;397;1014;70937;54487;50.6;38.9
90;2021-07-06;510;971;71447;55458;51.0;39.6
90;2021-07-07;376;996;71823;56454;51.2;40.3
90;2021-07-08;302;608;72125;57062;51.5;40.7
90;2021-07-09;434;951;72559;58013;51.8;41.4
90;2021-07-10;27;90;72586;58103;51.8;41.5
90;2021-07-11;5;17;72591;58120;51.8;41.5
90;2021-07-12;238;1076;72829;59196;52.0;42.2
90;2021-07-13;474;1162;73303;60358;52.3;43.1
90;2021-07-14;0;8;73303;60366;52.3;43.1
90;2021-07-15;789;1446;74092;61812;52.9;44.1
90;2021-07-16;819;1685;74911;63497;53.5;45.3
90;2021-07-17;483;956;75394;64453;53.8;46.0
90;2021-07-18;4;2;75398;64455;53.8;46.0
90;2021-07-19;1181;1462;76579;65917;54.6;47.0
90;2021-07-20;1333;1137;77912;67054;55.6;47.8
90;2021-07-21;1388;979;79300;68033;56.6;48.5
90;2021-07-22;1110;692;80410;68725;57.4;49.0
90;2021-07-23;960;1022;81370;69747;58.1;49.8
90;2021-07-24;116;64;81486;69811;58.1;49.8
90;2021-07-25;2;1;81488;69812;58.1;49.8
90;2021-07-26;1068;802;82556;70614;58.9;50.4
90;2021-07-27;1072;741;83628;71355;59.7;50.9
90;2021-07-28;808;708;84436;72063;60.2;51.4
90;2021-07-29;832;436;85268;72499;60.8;51.7
90;2021-07-30;777;494;86045;72993;61.4;52.1
90;2021-07-31;479;313;86524;73306;61.7;52.3
90;2021-08-01;0;3;86524;73309;61.7;52.3
90;2021-08-02;834;512;87358;73821;62.3;52.7
90;2021-08-03;907;492;88265;74313;63.0;53.0
90;2021-08-04;1062;456;89327;74769;63.7;53.4
90;2021-08-05;519;220;89846;74989;64.1;53.5
90;2021-08-06;618;384;90464;75373;64.6;53.8
90;2021-08-07;35;63;90499;75436;64.6;53.8
90;2021-08-08;19;3;90518;75439;64.6;53.8
90;2021-08-09;714;940;91232;76379;65.1;54.5
91;2020-12-27;0;0;0;0;0.0;0.0
91;2020-12-28;0;0;0;0;0.0;0.0
91;2020-12-29;1;0;1;0;0.0;0.0
91;2020-12-30;1;0;2;0;0.0;0.0
91;2020-12-31;0;0;2;0;0.0;0.0
91;2021-01-01;5;0;7;0;0.0;0.0
91;2021-01-02;0;0;7;0;0.0;0.0
91;2021-01-03;0;0;7;0;0.0;0.0
91;2021-01-04;1;0;8;0;0.0;0.0
91;2021-01-05;71;0;79;0;0.0;0.0
91;2021-01-06;188;2;267;2;0.0;0.0
91;2021-01-07;523;6;790;8;0.1;0.0
91;2021-01-08;393;0;1183;8;0.1;0.0
91;2021-01-09;89;3;1272;11;0.1;0.0
91;2021-01-10;0;0;1272;11;0.1;0.0
91;2021-01-11;595;3;1867;14;0.1;0.0
91;2021-01-12;899;8;2766;22;0.2;0.0
91;2021-01-13;702;6;3468;28;0.3;0.0
91;2021-01-14;721;10;4189;38;0.3;0.0
91;2021-01-15;568;3;4757;41;0.4;0.0
91;2021-01-16;316;8;5073;49;0.4;0.0
91;2021-01-17;116;1;5189;50;0.4;0.0
91;2021-01-18;991;3;6180;53;0.5;0.0
91;2021-01-19;1864;12;8044;65;0.6;0.0
91;2021-01-20;2366;19;10410;84;0.8;0.0
91;2021-01-21;2093;15;12503;99;0.9;0.0
91;2021-01-22;1821;8;14324;107;1.1;0.0
91;2021-01-23;413;1;14737;108;1.1;0.0
91;2021-01-24;53;0;14790;108;1.1;0.0
91;2021-01-25;1047;4;15837;112;1.2;0.0
91;2021-01-26;1576;41;17413;153;1.3;0.0
91;2021-01-27;2414;96;19827;249;1.5;0.0
91;2021-01-28;1979;223;21806;472;1.7;0.0
91;2021-01-29;1749;66;23555;538;1.8;0.0
91;2021-01-30;422;7;23977;545;1.8;0.0
91;2021-01-31;54;0;24031;545;1.8;0.0
91;2021-02-01;964;219;24995;764;1.9;0.1
91;2021-02-02;858;366;25853;1130;2.0;0.1
91;2021-02-03;937;571;26790;1701;2.0;0.1
91;2021-02-04;885;282;27675;1983;2.1;0.2
91;2021-02-05;1034;358;28709;2341;2.2;0.2
91;2021-02-06;337;91;29046;2432;2.2;0.2
91;2021-02-07;13;0;29059;2432;2.2;0.2
91;2021-02-08;904;605;29963;3037;2.3;0.2
91;2021-02-09;961;862;30924;3899;2.3;0.3
91;2021-02-10;1066;990;31990;4889;2.4;0.4
91;2021-02-11;1120;1019;33110;5908;2.5;0.4
91;2021-02-12;1058;835;34168;6743;2.6;0.5
91;2021-02-13;331;360;34499;7103;2.6;0.5
91;2021-02-14;18;112;34517;7215;2.6;0.5
91;2021-02-15;368;1265;34885;8480;2.6;0.6
91;2021-02-16;553;1762;35438;10242;2.7;0.8
91;2021-02-17;811;2682;36249;12924;2.7;1.0
91;2021-02-18;941;2017;37190;14941;2.8;1.1
91;2021-02-19;865;1387;38055;16328;2.9;1.2
91;2021-02-20;166;361;38221;16689;2.9;1.3
91;2021-02-21;13;50;38234;16739;2.9;1.3
91;2021-02-22;335;1205;38569;17944;2.9;1.4
91;2021-02-23;397;1076;38966;19020;3.0;1.4
91;2021-02-24;473;1058;39439;20078;3.0;1.5
91;2021-02-25;731;1020;40170;21098;3.0;1.6
91;2021-02-26;1095;1059;41265;22157;3.1;1.7
91;2021-02-27;609;330;41874;22487;3.2;1.7
91;2021-02-28;65;66;41939;22553;3.2;1.7
91;2021-03-01;931;1070;42870;23623;3.2;1.8
91;2021-03-02;1259;1094;44129;24717;3.3;1.9
91;2021-03-03;1466;1279;45595;25996;3.5;2.0
91;2021-03-04;2420;1120;48015;27116;3.6;2.1
91;2021-03-05;3350;1162;51365;28278;3.9;2.1
91;2021-03-06;4902;453;56267;28731;4.3;2.2
91;2021-03-07;3207;113;59474;28844;4.5;2.2
91;2021-03-08;1475;1067;60949;29911;4.6;2.3
91;2021-03-09;2622;994;63571;30905;4.8;2.3
91;2021-03-10;2618;1038;66189;31943;5.0;2.4
91;2021-03-11;3785;1125;69974;33068;5.3;2.5
91;2021-03-12;4781;1042;74755;34110;5.7;2.6
91;2021-03-13;5255;323;80010;34433;6.1;2.6
91;2021-03-14;302;26;80312;34459;6.1;2.6
91;2021-03-15;2982;433;83294;34892;6.3;2.6
91;2021-03-16;2604;380;85898;35272;6.5;2.7
91;2021-03-17;2226;344;88124;35616;6.7;2.7
91;2021-03-18;2387;404;90511;36020;6.9;2.7
91;2021-03-19;4093;381;94604;36401;7.2;2.8
91;2021-03-20;3609;178;98213;36579;7.4;2.8
91;2021-03-21;138;30;98351;36609;7.5;2.8
91;2021-03-22;3148;606;101499;37215;7.7;2.8
91;2021-03-23;4135;699;105634;37914;8.0;2.9
91;2021-03-24;3936;494;109570;38408;8.3;2.9
91;2021-03-25;5055;526;114625;38934;8.7;3.0
91;2021-03-26;5550;544;120175;39478;9.1;3.0
91;2021-03-27;4989;335;125164;39813;9.5;3.0
91;2021-03-28;282;57;125446;39870;9.5;3.0
91;2021-03-29;3303;1038;128749;40908;9.8;3.1
91;2021-03-30;4422;1218;133171;42126;10.1;3.2
91;2021-03-31;3365;1334;136536;43460;10.3;3.3
91;2021-04-01;3736;1675;140272;45135;10.6;3.4
91;2021-04-02;3886;2311;144158;47446;10.9;3.6
91;2021-04-03;1869;2873;146027;50319;11.1;3.8
91;2021-04-04;648;1319;146675;51638;11.1;3.9
91;2021-04-05;562;130;147237;51768;11.2;3.9
91;2021-04-06;3403;1788;150640;53556;11.4;4.1
91;2021-04-07;3415;1931;154055;55487;11.7;4.2
91;2021-04-08;4661;2149;158716;57636;12.0;4.4
91;2021-04-09;5342;2145;164058;59781;12.4;4.5
91;2021-04-10;2729;2817;166787;62598;12.6;4.7
91;2021-04-11;191;141;166978;62739;12.7;4.8
91;2021-04-12;2854;2270;169832;65009;12.9;4.9
91;2021-04-13;3757;2644;173589;67653;13.2;5.1
91;2021-04-14;3706;2321;177295;69974;13.4;5.3
91;2021-04-15;4476;2507;181771;72481;13.8;5.5
91;2021-04-16;4551;2799;186322;75280;14.1;5.7
91;2021-04-17;2982;2076;189304;77356;14.3;5.9
91;2021-04-18;267;70;189571;77426;14.4;5.9
91;2021-04-19;2303;2729;191874;80155;14.5;6.1
91;2021-04-20;3179;2983;195053;83138;14.8;6.3
91;2021-04-21;2989;2897;198042;86035;15.0;6.5
91;2021-04-22;3162;3360;201204;89395;15.2;6.8
91;2021-04-23;3713;3355;204917;92750;15.5;7.0
91;2021-04-24;3480;3728;208397;96478;15.8;7.3
91;2021-04-25;2615;641;211012;97119;16.0;7.4
91;2021-04-26;3487;2799;214499;99918;16.3;7.6
91;2021-04-27;4487;2924;218986;102842;16.6;7.8
91;2021-04-28;4568;2699;223554;105541;16.9;8.0
91;2021-04-29;5742;3050;229296;108591;17.4;8.2
91;2021-04-30;5386;2850;234682;111441;17.8;8.4
91;2021-05-01;3514;520;238196;111961;18.1;8.5
91;2021-05-02;624;131;238820;112092;18.1;8.5
91;2021-05-03;5203;2289;244023;114381;18.5;8.7
91;2021-05-04;5589;3170;249612;117551;18.9;8.9
91;2021-05-05;4849;2867;254461;120418;19.3;9.1
91;2021-05-06;5244;3369;259705;123787;19.7;9.4
91;2021-05-07;6123;3743;265828;127530;20.1;9.7
91;2021-05-08;6515;961;272343;128491;20.6;9.7
91;2021-05-09;4803;562;277146;129053;21.0;9.8
91;2021-05-10;5899;3003;283045;132056;21.5;10.0
91;2021-05-11;6832;3829;289877;135885;22.0;10.3
91;2021-05-12;5896;3439;295773;139324;22.4;10.6
91;2021-05-13;4826;1079;300599;140403;22.8;10.6
91;2021-05-14;6547;2386;307146;142789;23.3;10.8
91;2021-05-15;7795;1921;314941;144710;23.9;11.0
91;2021-05-16;4583;369;319524;145079;24.2;11.0
91;2021-05-17;6952;1710;326476;146789;24.7;11.1
91;2021-05-18;8114;1741;334590;148530;25.4;11.3
91;2021-05-19;7098;1695;341688;150225;25.9;11.4
91;2021-05-20;8199;2141;349887;152366;26.5;11.5
91;2021-05-21;8141;2579;358028;154945;27.1;11.7
91;2021-05-22;7662;1544;365690;156489;27.7;11.9
91;2021-05-23;4799;521;370489;157010;28.1;11.9
91;2021-05-24;5015;600;375504;157610;28.5;11.9
91;2021-05-25;7627;2644;383131;160254;29.0;12.1
91;2021-05-26;6868;2942;389999;163196;29.6;12.4
91;2021-05-27;7968;3442;397967;166638;30.2;12.6
91;2021-05-28;7534;4318;405501;170956;30.7;13.0
91;2021-05-29;9299;3504;414800;174460;31.4;13.2
91;2021-05-30;5954;963;420754;175423;31.9;13.3
91;2021-05-31;6741;3700;427495;179123;32.4;13.6
91;2021-06-01;7785;4777;435280;183900;33.0;13.9
91;2021-06-02;7448;3957;442728;187857;33.6;14.2
91;2021-06-03;7856;4780;450584;192637;34.2;14.6
91;2021-06-04;7178;5717;457762;198354;34.7;15.0
91;2021-06-05;6387;5811;464149;204165;35.2;15.5
91;2021-06-06;4088;2508;468237;206673;35.5;15.7
91;2021-06-07;5880;5480;474117;212153;35.9;16.1
91;2021-06-08;7041;5795;481158;217948;36.5;16.5
91;2021-06-09;6466;5139;487624;223087;37.0;16.9
91;2021-06-10;7173;5773;494797;228860;37.5;17.3
91;2021-06-11;6539;7107;501336;235967;38.0;17.9
91;2021-06-12;6220;7361;507556;243328;38.5;18.4
91;2021-06-13;2851;2316;510407;245644;38.7;18.6
91;2021-06-14;4228;7199;514635;252843;39.0;19.2
91;2021-06-15;5573;7252;520208;260095;39.4;19.7
91;2021-06-16;5302;6442;525510;266537;39.8;20.2
91;2021-06-17;6243;7130;531753;273667;40.3;20.7
91;2021-06-18;4633;8734;536386;282401;40.7;21.4
91;2021-06-19;4186;7153;540572;289554;41.0;21.9
91;2021-06-20;1006;4211;541578;293765;41.0;22.3
91;2021-06-21;3225;7234;544803;300999;41.3;22.8
91;2021-06-22;4161;9226;548964;310225;41.6;23.5
91;2021-06-23;4312;7962;553276;318187;41.9;24.1
91;2021-06-24;4905;8476;558181;326663;42.3;24.8
91;2021-06-25;3469;9169;561650;335832;42.6;25.5
91;2021-06-26;2984;8036;564634;343868;42.8;26.1
91;2021-06-27;549;2997;565183;346865;42.8;26.3
91;2021-06-28;3121;8230;568304;355095;43.1;26.9
91;2021-06-29;3577;9637;571881;364732;43.3;27.6
91;2021-06-30;3949;8689;575830;373421;43.6;28.3
91;2021-07-01;4080;8862;579910;382283;44.0;29.0
91;2021-07-02;3753;9308;583663;391591;44.2;29.7
91;2021-07-03;2874;9787;586537;401378;44.5;30.4
91;2021-07-04;848;4721;587385;406099;44.5;30.8
91;2021-07-05;2654;7256;590039;413355;44.7;31.3
91;2021-07-06;3748;9423;593787;422778;45.0;32.0
91;2021-07-07;3778;8581;597565;431359;45.3;32.7
91;2021-07-08;4333;8987;601898;440346;45.6;33.4
91;2021-07-09;3932;9954;605830;450300;45.9;34.1
91;2021-07-10;3372;10228;609202;460528;46.2;34.9
91;2021-07-11;982;4797;610184;465325;46.2;35.3
91;2021-07-12;2789;8890;612973;474215;46.5;35.9
91;2021-07-13;4442;10382;617415;484597;46.8;36.7
91;2021-07-14;2284;3578;619699;488175;47.0;37.0
91;2021-07-15;4521;9820;624220;497995;47.3;37.7
91;2021-07-16;6261;9744;630481;507739;47.8;38.5
91;2021-07-17;5644;9050;636125;516789;48.2;39.2
91;2021-07-18;3391;3661;639516;520450;48.5;39.4
91;2021-07-19;3749;7531;643265;527981;48.8;40.0
91;2021-07-20;6035;9290;649300;537271;49.2;40.7
91;2021-07-21;6194;7706;655494;544977;49.7;41.3
91;2021-07-22;6419;8368;661913;553345;50.2;41.9
91;2021-07-23;6893;8261;668806;561606;50.7;42.6
91;2021-07-24;4933;6459;673739;568065;51.1;43.1
91;2021-07-25;3236;1365;676975;569430;51.3;43.2
91;2021-07-26;4903;6573;681878;576003;51.7;43.7
91;2021-07-27;7508;7039;689386;583042;52.2;44.2
91;2021-07-28;7239;5877;696625;588919;52.8;44.6
91;2021-07-29;7317;5873;703942;594792;53.4;45.1
91;2021-07-30;6869;5742;710811;600534;53.9;45.5
91;2021-07-31;4823;4761;715634;605295;54.2;45.9
91;2021-08-01;2590;1318;718224;606613;54.4;46.0
91;2021-08-02;4641;4200;722865;610813;54.8;46.3
91;2021-08-03;5742;4663;728607;615476;55.2;46.6
91;2021-08-04;5650;4095;734257;619571;55.7;47.0
91;2021-08-05;5486;4229;739743;623800;56.1;47.3
91;2021-08-06;5609;5590;745352;629390;56.5;47.7
91;2021-08-07;3025;2379;748377;631769;56.7;47.9
91;2021-08-08;591;1092;748968;632861;56.8;48.0
91;2021-08-09;3671;3915;752639;636776;57.0;48.3
92;2020-12-27;14;0;14;0;0.0;0.0
92;2020-12-28;12;0;26;0;0.0;0.0
92;2020-12-29;53;0;79;0;0.0;0.0
92;2020-12-30;27;0;106;0;0.0;0.0
92;2020-12-31;3;0;109;0;0.0;0.0
92;2021-01-01;14;0;123;0;0.0;0.0
92;2021-01-02;2;0;125;0;0.0;0.0
92;2021-01-03;6;0;131;0;0.0;0.0
92;2021-01-04;59;1;190;1;0.0;0.0
92;2021-01-05;222;1;412;2;0.0;0.0
92;2021-01-06;413;3;825;5;0.1;0.0
92;2021-01-07;657;5;1482;10;0.1;0.0
92;2021-01-08;836;4;2318;14;0.1;0.0
92;2021-01-09;120;1;2438;15;0.2;0.0
92;2021-01-10;42;0;2480;15;0.2;0.0
92;2021-01-11;836;5;3316;20;0.2;0.0
92;2021-01-12;1286;10;4602;30;0.3;0.0
92;2021-01-13;1231;15;5833;45;0.4;0.0
92;2021-01-14;1198;17;7031;62;0.4;0.0
92;2021-01-15;964;6;7995;68;0.5;0.0
92;2021-01-16;175;1;8170;69;0.5;0.0
92;2021-01-17;15;0;8185;69;0.5;0.0
92;2021-01-18;1533;23;9718;92;0.6;0.0
92;2021-01-19;1546;20;11264;112;0.7;0.0
92;2021-01-20;1804;14;13068;126;0.8;0.0
92;2021-01-21;3398;22;16466;148;1.0;0.0
92;2021-01-22;2603;42;19069;190;1.2;0.0
92;2021-01-23;134;0;19203;190;1.2;0.0
92;2021-01-24;18;0;19221;190;1.2;0.0
92;2021-01-25;837;13;20058;203;1.2;0.0
92;2021-01-26;1209;12;21267;215;1.3;0.0
92;2021-01-27;2208;95;23475;310;1.5;0.0
92;2021-01-28;4142;186;27617;496;1.7;0.0
92;2021-01-29;2707;266;30324;762;1.9;0.0
92;2021-01-30;322;13;30646;775;1.9;0.0
92;2021-01-31;17;2;30663;777;1.9;0.0
92;2021-02-01;857;324;31520;1101;2.0;0.1
92;2021-02-02;1045;355;32565;1456;2.0;0.1
92;2021-02-03;993;447;33558;1903;2.1;0.1
92;2021-02-04;1035;548;34593;2451;2.1;0.2
92;2021-02-05;1327;502;35920;2953;2.2;0.2
92;2021-02-06;109;17;36029;2970;2.2;0.2
92;2021-02-07;9;14;36038;2984;2.2;0.2
92;2021-02-08;568;735;36606;3719;2.3;0.2
92;2021-02-09;1058;1303;37664;5022;2.3;0.3
92;2021-02-10;1057;1306;38721;6328;2.4;0.4
92;2021-02-11;1489;1926;40210;8254;2.5;0.5
92;2021-02-12;1409;1484;41619;9738;2.6;0.6
92;2021-02-13;67;61;41686;9799;2.6;0.6
92;2021-02-14;14;0;41700;9799;2.6;0.6
92;2021-02-15;567;1664;42267;11463;2.6;0.7
92;2021-02-16;780;2061;43047;13524;2.7;0.8
92;2021-02-17;607;1757;43654;15281;2.7;0.9
92;2021-02-18;1564;3668;45218;18949;2.8;1.2
92;2021-02-19;1720;2654;46938;21603;2.9;1.3
92;2021-02-20;139;401;47077;22004;2.9;1.4
92;2021-02-21;27;53;47104;22057;2.9;1.4
92;2021-02-22;488;1221;47592;23278;2.9;1.4
92;2021-02-23;723;1364;48315;24642;3.0;1.5
92;2021-02-24;606;1302;48921;25944;3.0;1.6
92;2021-02-25;912;1814;49833;27758;3.1;1.7
92;2021-02-26;1447;1367;51280;29125;3.2;1.8
92;2021-02-27;494;191;51774;29316;3.2;1.8
92;2021-02-28;60;55;51834;29371;3.2;1.8
92;2021-03-01;1092;1046;52926;30417;3.3;1.9
92;2021-03-02;1961;1366;54887;31783;3.4;2.0
92;2021-03-03;2785;1098;57672;32881;3.6;2.0
92;2021-03-04;3582;1524;61254;34405;3.8;2.1
92;2021-03-05;4970;1719;66224;36124;4.1;2.2
92;2021-03-06;5714;324;71938;36448;4.5;2.3
92;2021-03-07;2894;233;74832;36681;4.6;2.3
92;2021-03-08;2409;818;77241;37499;4.8;2.3
92;2021-03-09;3434;1025;80675;38524;5.0;2.4
92;2021-03-10;3929;939;84604;39463;5.2;2.4
92;2021-03-11;5004;1384;89608;40847;5.6;2.5
92;2021-03-12;6760;1548;96368;42395;6.0;2.6
92;2021-03-13;5149;222;101517;42617;6.3;2.6
92;2021-03-14;1735;74;103252;42691;6.4;2.6
92;2021-03-15;3786;589;107038;43280;6.6;2.7
92;2021-03-16;3686;589;110724;43869;6.9;2.7
92;2021-03-17;3867;413;114591;44282;7.1;2.7
92;2021-03-18;4119;746;118710;45028;7.4;2.8
92;2021-03-19;5912;712;124622;45740;7.7;2.8
92;2021-03-20;2534;74;127156;45814;7.9;2.8
92;2021-03-21;141;30;127297;45844;7.9;2.8
92;2021-03-22;4113;479;131410;46323;8.1;2.9
92;2021-03-23;6088;870;137498;47193;8.5;2.9
92;2021-03-24;6368;644;143866;47837;8.9;3.0
92;2021-03-25;8428;635;152294;48472;9.4;3.0
92;2021-03-26;8352;895;160646;49367;10.0;3.1
92;2021-03-27;2826;267;163472;49634;10.1;3.1
92;2021-03-28;538;39;164010;49673;10.2;3.1
92;2021-03-29;4655;1055;168665;50728;10.5;3.1
92;2021-03-30;6380;1545;175045;52273;10.8;3.2
92;2021-03-31;5532;2252;180577;54525;11.2;3.4
92;2021-04-01;6257;3677;186834;58202;11.6;3.6
92;2021-04-02;5624;3415;192458;61617;11.9;3.8
92;2021-04-03;871;1418;193329;63035;12.0;3.9
92;2021-04-04;481;1062;193810;64097;12.0;4.0
92;2021-04-05;810;158;194620;64255;12.1;4.0
92;2021-04-06;3640;1954;198260;66209;12.3;4.1
92;2021-04-07;4986;2888;203246;69097;12.6;4.3
92;2021-04-08;5970;3178;209216;72275;13.0;4.5
92;2021-04-09;8028;3042;217244;75317;13.5;4.7
92;2021-04-10;2628;1292;219872;76609;13.6;4.7
92;2021-04-11;151;807;220023;77416;13.6;4.8
92;2021-04-12;3677;2521;223700;79937;13.9;5.0
92;2021-04-13;4376;4429;228076;84366;14.1;5.2
92;2021-04-14;4863;4037;232939;88403;14.4;5.5
92;2021-04-15;5293;3954;238232;92357;14.8;5.7
92;2021-04-16;5040;3859;243272;96216;15.1;6.0
92;2021-04-17;1797;1191;245069;97407;15.2;6.0
92;2021-04-18;340;94;245409;97501;15.2;6.0
92;2021-04-19;2803;2839;248212;100340;15.4;6.2
92;2021-04-20;4190;3754;252402;104094;15.6;6.5
92;2021-04-21;4607;4517;257009;108611;15.9;6.7
92;2021-04-22;4657;5123;261666;113734;16.2;7.0
92;2021-04-23;5221;4680;266887;118414;16.5;7.3
92;2021-04-24;4936;1907;271823;120321;16.8;7.5
92;2021-04-25;1788;150;273611;120471;17.0;7.5
92;2021-04-26;3991;3621;277602;124092;17.2;7.7
92;2021-04-27;6039;5262;283641;129354;17.6;8.0
92;2021-04-28;7376;4499;291017;133853;18.0;8.3
92;2021-04-29;7984;4782;299001;138635;18.5;8.6
92;2021-04-30;8835;4838;307836;143473;19.1;8.9
92;2021-05-01;1199;408;309035;143881;19.1;8.9
92;2021-05-02;662;138;309697;144019;19.2;8.9
92;2021-05-03;6774;3891;316471;147910;19.6;9.2
92;2021-05-04;10410;4368;326881;152278;20.3;9.4
92;2021-05-05;10070;5261;336951;157539;20.9;9.8
92;2021-05-06;11423;4909;348374;162448;21.6;10.1
92;2021-05-07;9854;5290;358228;167738;22.2;10.4
92;2021-05-08;7211;1928;365439;169666;22.6;10.5
92;2021-05-09;3786;602;369225;170268;22.9;10.6
92;2021-05-10;9527;4000;378752;174268;23.5;10.8
92;2021-05-11;13976;5691;392728;179959;24.3;11.2
92;2021-05-12;14266;4585;406994;184544;25.2;11.4
92;2021-05-13;9160;910;416154;185454;25.8;11.5
92;2021-05-14;12027;2314;428181;187768;26.5;11.6
92;2021-05-15;8384;1228;436565;188996;27.1;11.7
92;2021-05-16;4134;449;440699;189445;27.3;11.7
92;2021-05-17;10643;2220;451342;191665;28.0;11.9
92;2021-05-18;16386;3127;467728;194792;29.0;12.1
92;2021-05-19;16021;3718;483749;198510;30.0;12.3
92;2021-05-20;16824;3982;500573;202492;31.0;12.5
92;2021-05-21;14075;3638;514648;206130;31.9;12.8
92;2021-05-22;8314;1518;522962;207648;32.4;12.9
92;2021-05-23;4082;454;527044;208102;32.7;12.9
92;2021-05-24;6117;854;533161;208956;33.0;12.9
92;2021-05-25;13105;4557;546266;213513;33.9;13.2
92;2021-05-26;11921;5040;558187;218553;34.6;13.5
92;2021-05-27;12731;6324;570918;224877;35.4;13.9
92;2021-05-28;11222;6281;582140;231158;36.1;14.3
92;2021-05-29;5444;2301;587584;233459;36.4;14.5
92;2021-05-30;2248;387;589832;233846;36.6;14.5
92;2021-05-31;12052;5305;601884;239151;37.3;14.8
92;2021-06-01;12594;7644;614478;246795;38.1;15.3
92;2021-06-02;14367;7213;628845;254008;39.0;15.7
92;2021-06-03;14579;8025;643424;262033;39.9;16.2
92;2021-06-04;12220;8228;655644;270261;40.6;16.7
92;2021-06-05;7384;6257;663028;276518;41.1;17.1
92;2021-06-06;3590;1677;666618;278195;41.3;17.2
92;2021-06-07;11438;7629;678056;285824;42.0;17.7
92;2021-06-08;12756;9600;690812;295424;42.8;18.3
92;2021-06-09;11640;9473;702452;304897;43.5;18.9
92;2021-06-10;11950;10562;714402;315459;44.3;19.5
92;2021-06-11;8144;11036;722546;326495;44.8;20.2
92;2021-06-12;6359;5095;728905;331590;45.2;20.5
92;2021-06-13;3962;2718;732867;334308;45.4;20.7
92;2021-06-14;5203;11168;738070;345476;45.7;21.4
92;2021-06-15;6483;13129;744553;358605;46.1;22.2
92;2021-06-16;6942;12992;751495;371597;46.6;23.0
92;2021-06-17;7417;14016;758912;385613;47.0;23.9
92;2021-06-18;6894;14390;765806;400003;47.5;24.8
92;2021-06-19;3958;9109;769764;409112;47.7;25.4
92;2021-06-20;1960;5611;771724;414723;47.8;25.7
92;2021-06-21;4821;12274;776545;426997;48.1;26.5
92;2021-06-22;5867;17550;782412;444547;48.5;27.5
92;2021-06-23;5473;15999;787885;460546;48.8;28.5
92;2021-06-24;6195;15121;794080;475667;49.2;29.5
92;2021-06-25;5107;16095;799187;491762;49.5;30.5
92;2021-06-26;4065;10454;803252;502216;49.8;31.1
92;2021-06-27;1860;6050;805112;508266;49.9;31.5
92;2021-06-28;3670;12048;808782;520314;50.1;32.2
92;2021-06-29;4671;18157;813453;538471;50.4;33.4
92;2021-06-30;4412;16210;817865;554681;50.7;34.4
92;2021-07-01;5507;16303;823372;570984;51.0;35.4
92;2021-07-02;4808;15274;828180;586258;51.3;36.3
92;2021-07-03;3295;10180;831475;596438;51.5;37.0
92;2021-07-04;1120;4206;832595;600644;51.6;37.2
92;2021-07-05;4773;12327;837368;612971;51.9;38.0
92;2021-07-06;5214;15791;842582;628762;52.2;39.0
92;2021-07-07;4237;11450;846819;640212;52.5;39.7
92;2021-07-08;5396;14633;852215;654845;52.8;40.6
92;2021-07-09;5863;14198;858078;669043;53.2;41.5
92;2021-07-10;4289;8438;862367;677481;53.4;42.0
92;2021-07-11;1469;2618;863836;680099;53.5;42.1
92;2021-07-12;4349;14622;868185;694721;53.8;43.0
92;2021-07-13;7827;17444;876012;712165;54.3;44.1
92;2021-07-14;5068;5737;881080;717902;54.6;44.5
92;2021-07-15;9521;16238;890601;734140;55.2;45.5
92;2021-07-16;9015;14152;899616;748292;55.7;46.4
92;2021-07-17;6522;7592;906138;755884;56.2;46.8
92;2021-07-18;1822;2481;907960;758365;56.3;47.0
92;2021-07-19;6430;13188;914390;771553;56.7;47.8
92;2021-07-20;9958;14066;924348;785619;57.3;48.7
92;2021-07-21;10349;12072;934697;797691;57.9;49.4
92;2021-07-22;11880;12928;946577;810619;58.7;50.2
92;2021-07-23;11495;11311;958072;821930;59.4;50.9
92;2021-07-24;6582;6218;964654;828148;59.8;51.3
92;2021-07-25;2755;2305;967409;830453;59.9;51.5
92;2021-07-26;9412;9147;976821;839600;60.5;52.0
92;2021-07-27;11392;9556;988213;849156;61.2;52.6
92;2021-07-28;11268;8093;999481;857249;61.9;53.1
92;2021-07-29;10346;8567;1009827;865816;62.6;53.7
92;2021-07-30;8965;8283;1018792;874099;63.1;54.2
92;2021-07-31;5664;4783;1024456;878882;63.5;54.5
92;2021-08-01;2174;1280;1026630;880162;63.6;54.5
92;2021-08-02;4597;4893;1031227;885055;63.9;54.8
92;2021-08-03;5044;6111;1036271;891166;64.2;55.2
92;2021-08-04;4617;4827;1040888;895993;64.5;55.5
92;2021-08-05;4395;5651;1045283;901644;64.8;55.9
92;2021-08-06;4405;5913;1049688;907557;65.0;56.2
92;2021-08-07;2784;4207;1052472;911764;65.2;56.5
92;2021-08-08;948;1064;1053420;912828;65.3;56.6
92;2021-08-09;3059;4187;1056479;917015;65.5;56.8
93;2020-12-27;10;3;10;3;0.0;0.0
93;2020-12-28;3;0;13;3;0.0;0.0
93;2020-12-29;0;0;13;3;0.0;0.0
93;2020-12-30;43;0;56;3;0.0;0.0
93;2020-12-31;9;0;65;3;0.0;0.0
93;2021-01-01;5;0;70;3;0.0;0.0
93;2021-01-02;0;0;70;3;0.0;0.0
93;2021-01-03;3;0;73;3;0.0;0.0
93;2021-01-04;0;0;73;3;0.0;0.0
93;2021-01-05;59;0;132;3;0.0;0.0
93;2021-01-06;179;0;311;3;0.0;0.0
93;2021-01-07;378;3;689;6;0.0;0.0
93;2021-01-08;631;1;1320;7;0.1;0.0
93;2021-01-09;21;0;1341;7;0.1;0.0
93;2021-01-10;2;0;1343;7;0.1;0.0
93;2021-01-11;501;4;1844;11;0.1;0.0
93;2021-01-12;752;7;2596;18;0.2;0.0
93;2021-01-13;750;4;3346;22;0.2;0.0
93;2021-01-14;682;18;4028;40;0.2;0.0
93;2021-01-15;514;3;4542;43;0.3;0.0
93;2021-01-16;139;3;4681;46;0.3;0.0
93;2021-01-17;6;1;4687;47;0.3;0.0
93;2021-01-18;1195;9;5882;56;0.4;0.0
93;2021-01-19;1612;16;7494;72;0.4;0.0
93;2021-01-20;1555;11;9049;83;0.5;0.0
93;2021-01-21;1916;17;10965;100;0.7;0.0
93;2021-01-22;1384;14;12349;114;0.7;0.0
93;2021-01-23;711;8;13060;122;0.8;0.0
93;2021-01-24;0;0;13060;122;0.8;0.0
93;2021-01-25;1203;16;14263;138;0.9;0.0
93;2021-01-26;1290;36;15553;174;0.9;0.0
93;2021-01-27;2154;57;17707;231;1.1;0.0
93;2021-01-28;2261;205;19968;436;1.2;0.0
93;2021-01-29;1619;228;21587;664;1.3;0.0
93;2021-01-30;926;46;22513;710;1.3;0.0
93;2021-01-31;5;7;22518;717;1.3;0.0
93;2021-02-01;1178;171;23696;888;1.4;0.1
93;2021-02-02;1165;312;24861;1200;1.5;0.1
93;2021-02-03;1229;398;26090;1598;1.6;0.1
93;2021-02-04;922;566;27012;2164;1.6;0.1
93;2021-02-05;797;433;27809;2597;1.7;0.2
93;2021-02-06;693;70;28502;2667;1.7;0.2
93;2021-02-07;3;0;28505;2667;1.7;0.2
93;2021-02-08;910;647;29415;3314;1.8;0.2
93;2021-02-09;852;600;30267;3914;1.8;0.2
93;2021-02-10;880;680;31147;4594;1.9;0.3
93;2021-02-11;1242;831;32389;5425;1.9;0.3
93;2021-02-12;1041;639;33430;6064;2.0;0.4
93;2021-02-13;393;263;33823;6327;2.0;0.4
93;2021-02-14;13;59;33836;6386;2.0;0.4
93;2021-02-15;411;1279;34247;7665;2.1;0.5
93;2021-02-16;547;1236;34794;8901;2.1;0.5
93;2021-02-17;544;1770;35338;10671;2.1;0.6
93;2021-02-18;1132;1877;36470;12548;2.2;0.8
93;2021-02-19;992;1543;37462;14091;2.2;0.8
93;2021-02-20;304;665;37766;14756;2.3;0.9
93;2021-02-21;8;23;37774;14779;2.3;0.9
93;2021-02-22;601;1296;38375;16075;2.3;1.0
93;2021-02-23;563;1127;38938;17202;2.3;1.0
93;2021-02-24;642;1227;39580;18429;2.4;1.1
93;2021-02-25;901;1078;40481;19507;2.4;1.2
93;2021-02-26;1120;983;41601;20490;2.5;1.2
93;2021-02-27;543;623;42144;21113;2.5;1.3
93;2021-02-28;88;57;42232;21170;2.5;1.3
93;2021-03-01;1082;1073;43314;22243;2.6;1.3
93;2021-03-02;1443;1148;44757;23391;2.7;1.4
93;2021-03-03;1737;1188;46494;24579;2.8;1.5
93;2021-03-04;2714;1122;49208;25701;2.9;1.5
93;2021-03-05;3814;888;53022;26589;3.2;1.6
93;2021-03-06;5047;562;58069;27151;3.5;1.6
93;2021-03-07;4300;198;62369;27349;3.7;1.6
93;2021-03-08;2034;1256;64403;28605;3.9;1.7
93;2021-03-09;2914;959;67317;29564;4.0;1.8
93;2021-03-10;2855;1104;70172;30668;4.2;1.8
93;2021-03-11;3548;1235;73720;31903;4.4;1.9
93;2021-03-12;4126;1280;77846;33183;4.7;2.0
93;2021-03-13;4288;622;82134;33805;4.9;2.0
93;2021-03-14;878;64;83012;33869;5.0;2.0
93;2021-03-15;3551;683;86563;34552;5.2;2.1
93;2021-03-16;3159;616;89722;35168;5.4;2.1
93;2021-03-17;2649;596;92371;35764;5.5;2.1
93;2021-03-18;3310;721;95681;36485;5.7;2.2
93;2021-03-19;3762;640;99443;37125;6.0;2.2
93;2021-03-20;3461;284;102904;37409;6.2;2.2
93;2021-03-21;813;269;103717;37678;6.2;2.3
93;2021-03-22;3846;609;107563;38287;6.4;2.3
93;2021-03-23;4755;800;112318;39087;6.7;2.3
93;2021-03-24;4111;677;116429;39764;7.0;2.4
93;2021-03-25;5573;838;122002;40602;7.3;2.4
93;2021-03-26;5548;884;127550;41486;7.6;2.5
93;2021-03-27;4280;302;131830;41788;7.9;2.5
93;2021-03-28;611;40;132441;41828;7.9;2.5
93;2021-03-29;3855;955;136296;42783;8.2;2.6
93;2021-03-30;4725;1260;141021;44043;8.4;2.6
93;2021-03-31;3910;1235;144931;45278;8.7;2.7
93;2021-04-01;4052;3141;148983;48419;8.9;2.9
93;2021-04-02;3217;3554;152200;51973;9.1;3.1
93;2021-04-03;2520;2252;154720;54225;9.3;3.2
93;2021-04-04;762;156;155482;54381;9.3;3.3
93;2021-04-05;707;87;156189;54468;9.4;3.3
93;2021-04-06;4559;2338;160748;56806;9.6;3.4
93;2021-04-07;4902;2089;165650;58895;9.9;3.5
93;2021-04-08;5809;2680;171459;61575;10.3;3.7
93;2021-04-09;6090;3168;177549;64743;10.6;3.9
93;2021-04-10;4196;2487;181745;67230;10.9;4.0
93;2021-04-11;575;427;182320;67657;10.9;4.1
93;2021-04-12;4098;2926;186418;70583;11.2;4.2
93;2021-04-13;4601;3655;191019;74238;11.4;4.4
93;2021-04-14;4360;2475;195379;76713;11.7;4.6
93;2021-04-15;4559;3026;199938;79739;12.0;4.8
93;2021-04-16;4435;2987;204373;82726;12.2;5.0
93;2021-04-17;3514;2508;207887;85234;12.4;5.1
93;2021-04-18;290;435;208177;85669;12.5;5.1
93;2021-04-19;3773;2859;211950;88528;12.7;5.3
93;2021-04-20;4304;3272;216254;91800;12.9;5.5
93;2021-04-21;4138;2764;220392;94564;13.2;5.7
93;2021-04-22;4510;4013;224902;98577;13.5;5.9
93;2021-04-23;5622;3230;230524;101807;13.8;6.1
93;2021-04-24;5925;3321;236449;105128;14.2;6.3
93;2021-04-25;1732;590;238181;105718;14.3;6.3
93;2021-04-26;4857;3077;243038;108795;14.6;6.5
93;2021-04-27;6453;3629;249491;112424;14.9;6.7
93;2021-04-28;6074;3424;255565;115848;15.3;6.9
93;2021-04-29;7300;3240;262865;119088;15.7;7.1
93;2021-04-30;8259;3107;271124;122195;16.2;7.3
93;2021-05-01;4947;1186;276071;123381;16.5;7.4
93;2021-05-02;417;647;276488;124028;16.6;7.4
93;2021-05-03;8162;5111;284650;129139;17.0;7.7
93;2021-05-04;7826;5406;292476;134545;17.5;8.1
93;2021-05-05;7574;4800;300050;139345;18.0;8.3
93;2021-05-06;8238;4768;308288;144113;18.5;8.6
93;2021-05-07;7004;5420;315292;149533;18.9;9.0
93;2021-05-08;8354;2387;323646;151920;19.4;9.1
93;2021-05-09;6121;1366;329767;153286;19.7;9.2
93;2021-05-10;8248;4068;338015;157354;20.2;9.4
93;2021-05-11;9299;4808;347314;162162;20.8;9.7
93;2021-05-12;9179;3654;356493;165816;21.3;9.9
93;2021-05-13;8290;1655;364783;167471;21.8;10.0
93;2021-05-14;10422;3535;375205;171006;22.5;10.2
93;2021-05-15;11129;2999;386334;174005;23.1;10.4
93;2021-05-16;5556;729;391890;174734;23.5;10.5
93;2021-05-17;11900;2257;403790;176991;24.2;10.6
93;2021-05-18;14096;2391;417886;179382;25.0;10.7
93;2021-05-19;11433;2939;429319;182321;25.7;10.9
93;2021-05-20;12616;3477;441935;185798;26.5;11.1
93;2021-05-21;13007;2883;454942;188681;27.2;11.3
93;2021-05-22;12383;2203;467325;190884;28.0;11.4
93;2021-05-23;8480;1107;475805;191991;28.5;11.5
93;2021-05-24;11195;1943;487000;193934;29.2;11.6
93;2021-05-25;12284;4309;499284;198243;29.9;11.9
93;2021-05-26;11065;3745;510349;201988;30.6;12.1
93;2021-05-27;12697;3872;523046;205860;31.3;12.3
93;2021-05-28;12651;5254;535697;211114;32.1;12.6
93;2021-05-29;11392;4260;547089;215374;32.8;12.9
93;2021-05-30;8215;1373;555304;216747;33.2;13.0
93;2021-05-31;9176;5175;564480;221922;33.8;13.3
93;2021-06-01;11355;6270;575835;228192;34.5;13.7
93;2021-06-02;10698;5189;586533;233381;35.1;14.0
93;2021-06-03;10789;5513;597322;238894;35.8;14.3
93;2021-06-04;10579;7797;607901;246691;36.4;14.8
93;2021-06-05;8998;7345;616899;254036;36.9;15.2
93;2021-06-06;8390;1739;625289;255775;37.4;15.3
93;2021-06-07;10035;7516;635324;263291;38.0;15.8
93;2021-06-08;10354;7375;645678;270666;38.7;16.2
93;2021-06-09;10220;7289;655898;277955;39.3;16.6
93;2021-06-10;8902;8170;664800;286125;39.8;17.1
93;2021-06-11;8811;8814;673611;294939;40.3;17.7
93;2021-06-12;9857;6640;683468;301579;40.9;18.1
93;2021-06-13;7160;2117;690628;303696;41.4;18.2
93;2021-06-14;5382;9724;696010;313420;41.7;18.8
93;2021-06-15;6214;9653;702224;323073;42.0;19.3
93;2021-06-16;6637;9057;708861;332130;42.4;19.9
93;2021-06-17;5729;8463;714590;340593;42.8;20.4
93;2021-06-18;7202;11126;721792;351719;43.2;21.1
93;2021-06-19;7065;11091;728857;362810;43.6;21.7
93;2021-06-20;4948;6869;733805;369679;43.9;22.1
93;2021-06-21;4066;10725;737871;380404;44.2;22.8
93;2021-06-22;4662;11300;742533;391704;44.5;23.5
93;2021-06-23;4531;10592;747064;402296;44.7;24.1
93;2021-06-24;4182;10297;751246;412593;45.0;24.7
93;2021-06-25;5159;13041;756405;425634;45.3;25.5
93;2021-06-26;5292;13914;761697;439548;45.6;26.3
93;2021-06-27;3286;7109;764983;446657;45.8;26.7
93;2021-06-28;3689;12506;768672;459163;46.0;27.5
93;2021-06-29;4001;12343;772673;471506;46.3;28.2
93;2021-06-30;4107;11292;776780;482798;46.5;28.9
93;2021-07-01;5367;11131;782147;493929;46.8;29.6
93;2021-07-02;5144;12347;787291;506276;47.1;30.3
93;2021-07-03;5324;13434;792615;519710;47.5;31.1
93;2021-07-04;3080;7884;795695;527594;47.6;31.6
93;2021-07-05;4463;10837;800158;538431;47.9;32.2
93;2021-07-06;4662;11748;804820;550179;48.2;32.9
93;2021-07-07;4968;11401;809788;561580;48.5;33.6
93;2021-07-08;4942;10259;814730;571839;48.8;34.2
93;2021-07-09;5762;13017;820492;584856;49.1;35.0
93;2021-07-10;5843;14272;826335;599128;49.5;35.9
93;2021-07-11;3678;9083;830013;608211;49.7;36.4
93;2021-07-12;5363;12058;835376;620269;50.0;37.1
93;2021-07-13;10931;13263;846307;633532;50.7;37.9
93;2021-07-14;10558;6767;856865;640299;51.3;38.3
93;2021-07-15;12213;14090;869078;654389;52.0;39.2
93;2021-07-16;12966;13646;882044;668035;52.8;40.0
93;2021-07-17;11232;13871;893276;681906;53.5;40.8
93;2021-07-18;7355;8926;900631;690832;53.9;41.4
93;2021-07-19;9511;10882;910142;701714;54.5;42.0
93;2021-07-20;12438;10635;922580;712349;55.2;42.7
93;2021-07-21;14033;10880;936613;723229;56.1;43.3
93;2021-07-22;13933;9381;950546;732610;56.9;43.9
93;2021-07-23;14286;10579;964832;743189;57.8;44.5
93;2021-07-24;13744;10575;978576;753764;58.6;45.1
93;2021-07-25;8865;6282;987441;760046;59.1;45.5
93;2021-07-26;12337;7709;999778;767755;59.9;46.0
93;2021-07-27;14552;7310;1014330;775065;60.7;46.4
93;2021-07-28;14625;8148;1028955;783213;61.6;46.9
93;2021-07-29;13178;6956;1042133;790169;62.4;47.3
93;2021-07-30;13558;7748;1055691;797917;63.2;47.8
93;2021-07-31;11961;7622;1067652;805539;63.9;48.2
93;2021-08-01;7120;4534;1074772;810073;64.4;48.5
93;2021-08-02;7505;5652;1082277;815725;64.8;48.8
93;2021-08-03;6973;6808;1089250;822533;65.2;49.2
93;2021-08-04;7298;7912;1096548;830445;65.7;49.7
93;2021-08-05;5541;6782;1102089;837227;66.0;50.1
93;2021-08-06;6611;8253;1108700;845480;66.4;50.6
93;2021-08-07;7064;8968;1115764;854448;66.8;51.2
93;2021-08-08;4270;5498;1120034;859946;67.1;51.5
93;2021-08-09;6301;7939;1126335;867885;67.4;52.0
94;2020-12-27;5;0;5;0;0.0;0.0
94;2020-12-28;10;0;15;0;0.0;0.0
94;2020-12-29;0;0;15;0;0.0;0.0
94;2020-12-30;1;0;16;0;0.0;0.0
94;2020-12-31;4;0;20;0;0.0;0.0
94;2021-01-01;4;0;24;0;0.0;0.0
94;2021-01-02;0;0;24;0;0.0;0.0
94;2021-01-03;2;0;26;0;0.0;0.0
94;2021-01-04;35;2;61;2;0.0;0.0
94;2021-01-05;231;2;292;4;0.0;0.0
94;2021-01-06;330;4;622;8;0.0;0.0
94;2021-01-07;690;9;1312;17;0.1;0.0
94;2021-01-08;921;10;2233;27;0.2;0.0
94;2021-01-09;47;0;2280;27;0.2;0.0
94;2021-01-10;18;0;2298;27;0.2;0.0
94;2021-01-11;1013;10;3311;37;0.2;0.0
94;2021-01-12;1344;26;4655;63;0.3;0.0
94;2021-01-13;1407;24;6062;87;0.4;0.0
94;2021-01-14;1539;26;7601;113;0.5;0.0
94;2021-01-15;1219;22;8820;135;0.6;0.0
94;2021-01-16;197;2;9017;137;0.6;0.0
94;2021-01-17;94;1;9111;138;0.6;0.0
94;2021-01-18;1487;28;10598;166;0.8;0.0
94;2021-01-19;1950;26;12548;192;0.9;0.0
94;2021-01-20;2180;19;14728;211;1.0;0.0
94;2021-01-21;3000;16;17728;227;1.3;0.0
94;2021-01-22;2173;19;19901;246;1.4;0.0
94;2021-01-23;730;3;20631;249;1.5;0.0
94;2021-01-24;284;0;20915;249;1.5;0.0
94;2021-01-25;1467;20;22382;269;1.6;0.0
94;2021-01-26;1558;20;23940;289;1.7;0.0
94;2021-01-27;1802;26;25742;315;1.8;0.0
94;2021-01-28;1533;134;27275;449;1.9;0.0
94;2021-01-29;1380;150;28655;599;2.0;0.0
94;2021-01-30;579;4;29234;603;2.1;0.0
94;2021-01-31;119;8;29353;611;2.1;0.0
94;2021-02-01;926;154;30279;765;2.2;0.1
94;2021-02-02;852;252;31131;1017;2.2;0.1
94;2021-02-03;759;371;31890;1388;2.3;0.1
94;2021-02-04;901;433;32791;1821;2.3;0.1
94;2021-02-05;873;575;33664;2396;2.4;0.2
94;2021-02-06;405;76;34069;2472;2.4;0.2
94;2021-02-07;120;0;34189;2472;2.4;0.2
94;2021-02-08;634;551;34823;3023;2.5;0.2
94;2021-02-09;1035;989;35858;4012;2.6;0.3
94;2021-02-10;1100;1373;36958;5385;2.6;0.4
94;2021-02-11;1428;1561;38386;6946;2.7;0.5
94;2021-02-12;1388;1659;39774;8605;2.8;0.6
94;2021-02-13;300;262;40074;8867;2.9;0.6
94;2021-02-14;29;72;40103;8939;2.9;0.6
94;2021-02-15;751;1778;40854;10717;2.9;0.8
94;2021-02-16;702;2759;41556;13476;3.0;1.0
94;2021-02-17;713;1589;42269;15065;3.0;1.1
94;2021-02-18;786;1713;43055;16778;3.1;1.2
94;2021-02-19;961;1470;44016;18248;3.1;1.3
94;2021-02-20;134;923;44150;19171;3.1;1.4
94;2021-02-21;20;185;44170;19356;3.1;1.4
94;2021-02-22;520;1354;44690;20710;3.2;1.5
94;2021-02-23;627;1287;45317;21997;3.2;1.6
94;2021-02-24;692;926;46009;22923;3.3;1.6
94;2021-02-25;1069;1570;47078;24493;3.3;1.7
94;2021-02-26;1321;1075;48399;25568;3.4;1.8
94;2021-02-27;515;554;48914;26122;3.5;1.9
94;2021-02-28;91;84;49005;26206;3.5;1.9
94;2021-03-01;881;946;49886;27152;3.5;1.9
94;2021-03-02;1567;996;51453;28148;3.7;2.0
94;2021-03-03;1945;1023;53398;29171;3.8;2.1
94;2021-03-04;2855;1188;56253;30359;4.0;2.2
94;2021-03-05;3830;1352;60083;31711;4.3;2.3
94;2021-03-06;4814;579;64897;32290;4.6;2.3
94;2021-03-07;3686;562;68583;32852;4.9;2.3
94;2021-03-08;1913;809;70496;33661;5.0;2.4
94;2021-03-09;2550;932;73046;34593;5.2;2.5
94;2021-03-10;3197;1038;76243;35631;5.4;2.5
94;2021-03-11;3835;940;80078;36571;5.7;2.6
94;2021-03-12;4571;819;84649;37390;6.0;2.7
94;2021-03-13;4128;391;88777;37781;6.3;2.7
94;2021-03-14;2113;153;90890;37934;6.5;2.7
94;2021-03-15;3167;788;94057;38722;6.7;2.8
94;2021-03-16;2773;447;96830;39169;6.9;2.8
94;2021-03-17;2857;457;99687;39626;7.1;2.8
94;2021-03-18;3263;436;102950;40062;7.3;2.8
94;2021-03-19;4269;709;107219;40771;7.6;2.9
94;2021-03-20;3691;294;110910;41065;7.9;2.9
94;2021-03-21;1461;388;112371;41453;8.0;2.9
94;2021-03-22;3216;676;115587;42129;8.2;3.0
94;2021-03-23;4511;737;120098;42866;8.5;3.0
94;2021-03-24;4624;624;124722;43490;8.9;3.1
94;2021-03-25;6319;666;131041;44156;9.3;3.1
94;2021-03-26;6086;839;137127;44995;9.8;3.2
94;2021-03-27;4472;272;141599;45267;10.1;3.2
94;2021-03-28;1887;108;143486;45375;10.2;3.2
94;2021-03-29;4123;1225;147609;46600;10.5;3.3
94;2021-03-30;5298;1353;152907;47953;10.9;3.4
94;2021-03-31;4900;1809;157807;49762;11.2;3.5
94;2021-04-01;5816;2317;163623;52079;11.6;3.7
94;2021-04-02;5243;2332;168866;54411;12.0;3.9
94;2021-04-03;3089;2524;171955;56935;12.2;4.0
94;2021-04-04;1052;780;173007;57715;12.3;4.1
94;2021-04-05;833;159;173840;57874;12.4;4.1
94;2021-04-06;3573;2607;177413;60481;12.6;4.3
94;2021-04-07;3856;2264;181269;62745;12.9;4.5
94;2021-04-08;4620;2056;185889;64801;13.2;4.6
94;2021-04-09;5359;2478;191248;67279;13.6;4.8
94;2021-04-10;2960;3008;194208;70287;13.8;5.0
94;2021-04-11;1266;1768;195474;72055;13.9;5.1
94;2021-04-12;3439;2282;198913;74337;14.1;5.3
94;2021-04-13;4309;3428;203222;77765;14.5;5.5
94;2021-04-14;3899;2692;207121;80457;14.7;5.7
94;2021-04-15;4439;2985;211560;83442;15.0;5.9
94;2021-04-16;4700;2841;216260;86283;15.4;6.1
94;2021-04-17;2460;2767;218720;89050;15.6;6.3
94;2021-04-18;919;1249;219639;90299;15.6;6.4
94;2021-04-19;2975;2444;222614;92743;15.8;6.6
94;2021-04-20;3270;2711;225884;95454;16.1;6.8
94;2021-04-21;3217;3159;229101;98613;16.3;7.0
94;2021-04-22;3907;3645;233008;102258;16.6;7.3
94;2021-04-23;4111;3991;237119;106249;16.9;7.6
94;2021-04-24;4264;3402;241383;109651;17.2;7.8
94;2021-04-25;2409;1501;243792;111152;17.3;7.9
94;2021-04-26;4007;3277;247799;114429;17.6;8.1
94;2021-04-27;5092;3366;252891;117795;18.0;8.4
94;2021-04-28;4829;3629;257720;121424;18.3;8.6
94;2021-04-29;6412;3813;264132;125237;18.8;8.9
94;2021-04-30;6481;3933;270613;129170;19.2;9.2
94;2021-05-01;4056;1062;274669;130232;19.5;9.3
94;2021-05-02;3053;1474;277722;131706;19.8;9.4
94;2021-05-03;5734;5347;283456;137053;20.2;9.7
94;2021-05-04;6099;3572;289555;140625;20.6;10.0
94;2021-05-05;6178;3423;295733;144048;21.0;10.2
94;2021-05-06;7152;3527;302885;147575;21.5;10.5
94;2021-05-07;6668;4122;309553;151697;22.0;10.8
94;2021-05-08;4895;2548;314448;154245;22.4;11.0
94;2021-05-09;4226;2246;318674;156491;22.7;11.1
94;2021-05-10;7714;3124;326388;159615;23.2;11.4
94;2021-05-11;8972;3932;335360;163547;23.9;11.6
94;2021-05-12;9569;3604;344929;167151;24.5;11.9
94;2021-05-13;8677;1372;353606;168523;25.1;12.0
94;2021-05-14;9868;3323;363474;171846;25.9;12.2
94;2021-05-15;8941;2165;372415;174011;26.5;12.4
94;2021-05-16;5067;907;377482;174918;26.8;12.4
94;2021-05-17;10836;2250;388318;177168;27.6;12.6
94;2021-05-18;11294;2450;399612;179618;28.4;12.8
94;2021-05-19;11670;3593;411282;183211;29.3;13.0
94;2021-05-20;12147;4362;423429;187573;30.1;13.3
94;2021-05-21;11869;3149;435298;190722;31.0;13.6
94;2021-05-22;10291;1968;445589;192690;31.7;13.7
94;2021-05-23;5000;712;450589;193402;32.0;13.8
94;2021-05-24;9659;1348;460248;194750;32.7;13.9
94;2021-05-25;9999;4263;470247;199013;33.4;14.2
94;2021-05-26;10276;3308;480523;202321;34.2;14.4
94;2021-05-27;10861;4584;491384;206905;34.9;14.7
94;2021-05-28;10446;4951;501830;211856;35.7;15.1
94;2021-05-29;9873;3453;511703;215309;36.4;15.3
94;2021-05-30;4786;927;516489;216236;36.7;15.4
94;2021-05-31;9982;4236;526471;220472;37.4;15.7
94;2021-06-01;10261;5104;536732;225576;38.2;16.0
94;2021-06-02;9324;4585;546056;230161;38.8;16.4
94;2021-06-03;9541;5596;555597;235757;39.5;16.8
94;2021-06-04;10376;6527;565973;242284;40.3;17.2
94;2021-06-05;9199;6257;575172;248541;40.9;17.7
94;2021-06-06;3983;1850;579155;250391;41.2;17.8
94;2021-06-07;8662;5970;587817;256361;41.8;18.2
94;2021-06-08;8995;7523;596812;263884;42.4;18.8
94;2021-06-09;8925;8161;605737;272045;43.1;19.3
94;2021-06-10;8785;10979;614522;283024;43.7;20.1
94;2021-06-11;7822;8386;622344;291410;44.3;20.7
94;2021-06-12;10256;6833;632600;298243;45.0;21.2
94;2021-06-13;3468;3256;636068;301499;45.2;21.4
94;2021-06-14;6936;8218;643004;309717;45.7;22.0
94;2021-06-15;7718;8812;650722;318529;46.3;22.7
94;2021-06-16;7231;8271;657953;326800;46.8;23.2
94;2021-06-17;6688;9065;664641;335865;47.3;23.9
94;2021-06-18;6464;11953;671105;347818;47.7;24.7
94;2021-06-19;6009;9580;677114;357398;48.2;25.4
94;2021-06-20;1889;4009;679003;361407;48.3;25.7
94;2021-06-21;4483;11186;683486;372593;48.6;26.5
94;2021-06-22;4829;10812;688315;383405;49.0;27.3
94;2021-06-23;4164;11153;692479;394558;49.3;28.1
94;2021-06-24;4957;10329;697436;404887;49.6;28.8
94;2021-06-25;4268;13734;701704;418621;49.9;29.8
94;2021-06-26;3135;11988;704839;430609;50.1;30.6
94;2021-06-27;1058;4999;705897;435608;50.2;31.0
94;2021-06-28;3476;12075;709373;447683;50.5;31.8
94;2021-06-29;4031;12178;713404;459861;50.7;32.7
94;2021-06-30;4084;11625;717488;471486;51.0;33.5
94;2021-07-01;4460;11095;721948;482581;51.3;34.3
94;2021-07-02;4570;12178;726518;494759;51.7;35.2
94;2021-07-03;3672;11803;730190;506562;51.9;36.0
94;2021-07-04;1509;5079;731699;511641;52.0;36.4
94;2021-07-05;3841;11418;735540;523059;52.3;37.2
94;2021-07-06;4005;10884;739545;533943;52.6;38.0
94;2021-07-07;4586;11062;744131;545005;52.9;38.8
94;2021-07-08;4660;10018;748791;555023;53.3;39.5
94;2021-07-09;4475;11833;753266;566856;53.6;40.3
94;2021-07-10;3754;11356;757020;578212;53.8;41.1
94;2021-07-11;1522;4715;758542;582927;53.9;41.5
94;2021-07-12;3694;11966;762236;594893;54.2;42.3
94;2021-07-13;5819;11998;768055;606891;54.6;43.2
94;2021-07-14;4034;5279;772089;612170;54.9;43.5
94;2021-07-15;6438;12352;778527;624522;55.4;44.4
94;2021-07-16;6772;11280;785299;635802;55.9;45.2
94;2021-07-17;5629;11310;790928;647112;56.3;46.0
94;2021-07-18;2597;4016;793525;651128;56.4;46.3
94;2021-07-19;5840;10422;799365;661550;56.9;47.1
94;2021-07-20;7780;10342;807145;671892;57.4;47.8
94;2021-07-21;8353;9525;815498;681417;58.0;48.5
94;2021-07-22;9269;9363;824767;690780;58.7;49.1
94;2021-07-23;8644;9360;833411;700140;59.3;49.8
94;2021-07-24;7107;8848;840518;708988;59.8;50.4
94;2021-07-25;2179;2734;842697;711722;59.9;50.6
94;2021-07-26;7618;8038;850315;719760;60.5;51.2
94;2021-07-27;8611;7079;858926;726839;61.1;51.7
94;2021-07-28;8762;6501;867688;733340;61.7;52.2
94;2021-07-29;8854;6299;876542;739639;62.3;52.6
94;2021-07-30;7679;6504;884221;746143;62.9;53.1
94;2021-07-31;7100;6254;891321;752397;63.4;53.5
94;2021-08-01;3145;1760;894466;754157;63.6;53.6
94;2021-08-02;6024;5371;900490;759528;64.0;54.0
94;2021-08-03;6059;5104;906549;764632;64.5;54.4
94;2021-08-04;5937;5055;912486;769687;64.9;54.7
94;2021-08-05;5558;5363;918044;775050;65.3;55.1
94;2021-08-06;5355;5739;923399;780789;65.7;55.5
94;2021-08-07;4192;4430;927591;785219;66.0;55.8
94;2021-08-08;1351;1690;928942;786909;66.1;56.0
94;2021-08-09;4637;6714;933579;793623;66.4;56.4
95;2020-12-27;3;0;3;0;0.0;0.0
95;2020-12-28;4;0;7;0;0.0;0.0
95;2020-12-29;0;0;7;0;0.0;0.0
95;2020-12-30;0;0;7;0;0.0;0.0
95;2020-12-31;2;0;9;0;0.0;0.0
95;2021-01-01;0;0;9;0;0.0;0.0
95;2021-01-02;13;0;22;0;0.0;0.0
95;2021-01-03;1;0;23;0;0.0;0.0
95;2021-01-04;48;0;71;0;0.0;0.0
95;2021-01-05;299;0;370;0;0.0;0.0
95;2021-01-06;188;0;558;0;0.0;0.0
95;2021-01-07;130;0;688;0;0.1;0.0
95;2021-01-08;274;1;962;1;0.1;0.0
95;2021-01-09;251;0;1213;1;0.1;0.0
95;2021-01-10;383;1;1596;2;0.1;0.0
95;2021-01-11;483;1;2079;3;0.2;0.0
95;2021-01-12;862;1;2941;4;0.2;0.0
95;2021-01-13;781;13;3722;17;0.3;0.0
95;2021-01-14;883;13;4605;30;0.4;0.0
95;2021-01-15;756;4;5361;34;0.4;0.0
95;2021-01-16;298;3;5659;37;0.5;0.0
95;2021-01-17;220;1;5879;38;0.5;0.0
95;2021-01-18;1336;5;7215;43;0.6;0.0
95;2021-01-19;1573;6;8788;49;0.7;0.0
95;2021-01-20;2036;5;10824;54;0.9;0.0
95;2021-01-21;1852;3;12676;57;1.0;0.0
95;2021-01-22;1320;5;13996;62;1.1;0.0
95;2021-01-23;647;0;14643;62;1.2;0.0
95;2021-01-24;181;0;14824;62;1.2;0.0
95;2021-01-25;796;37;15620;99;1.3;0.0
95;2021-01-26;985;160;16605;259;1.3;0.0
95;2021-01-27;1250;192;17855;451;1.4;0.0
95;2021-01-28;1719;36;19574;487;1.6;0.0
95;2021-01-29;1247;210;20821;697;1.7;0.1
95;2021-01-30;477;5;21298;702;1.7;0.1
95;2021-01-31;212;2;21510;704;1.7;0.1
95;2021-02-01;565;275;22075;979;1.8;0.1
95;2021-02-02;528;268;22603;1247;1.8;0.1
95;2021-02-03;612;520;23215;1767;1.9;0.1
95;2021-02-04;1065;368;24280;2135;1.9;0.2
95;2021-02-05;732;308;25012;2443;2.0;0.2
95;2021-02-06;335;257;25347;2700;2.0;0.2
95;2021-02-07;140;419;25487;3119;2.0;0.2
95;2021-02-08;762;345;26249;3464;2.1;0.3
95;2021-02-09;1131;1092;27380;4556;2.2;0.4
95;2021-02-10;1255;1412;28635;5968;2.3;0.5
95;2021-02-11;1384;1147;30019;7115;2.4;0.6
95;2021-02-12;1032;993;31051;8108;2.5;0.6
95;2021-02-13;329;318;31380;8426;2.5;0.7
95;2021-02-14;39;194;31419;8620;2.5;0.7
95;2021-02-15;425;1073;31844;9693;2.6;0.8
95;2021-02-16;493;926;32337;10619;2.6;0.9
95;2021-02-17;652;1141;32989;11760;2.6;0.9
95;2021-02-18;721;1693;33710;13453;2.7;1.1
95;2021-02-19;782;1310;34492;14763;2.8;1.2
95;2021-02-20;305;493;34797;15256;2.8;1.2
95;2021-02-21;165;319;34962;15575;2.8;1.2
95;2021-02-22;327;1025;35289;16600;2.8;1.3
95;2021-02-23;368;732;35657;17332;2.9;1.4
95;2021-02-24;308;884;35965;18216;2.9;1.5
95;2021-02-25;721;1133;36686;19349;2.9;1.5
95;2021-02-26;988;888;37674;20237;3.0;1.6
95;2021-02-27;365;433;38039;20670;3.0;1.7
95;2021-02-28;61;236;38100;20906;3.1;1.7
95;2021-03-01;770;593;38870;21499;3.1;1.7
95;2021-03-02;1319;857;40189;22356;3.2;1.8
95;2021-03-03;1595;982;41784;23338;3.3;1.9
95;2021-03-04;3190;1201;44974;24539;3.6;2.0
95;2021-03-05;3652;1100;48626;25639;3.9;2.1
95;2021-03-06;4002;496;52628;26135;4.2;2.1
95;2021-03-07;4220;314;56848;26449;4.6;2.1
95;2021-03-08;1541;869;58389;27318;4.7;2.2
95;2021-03-09;2621;502;61010;27820;4.9;2.2
95;2021-03-10;2341;851;63351;28671;5.1;2.3
95;2021-03-11;3135;1147;66486;29818;5.3;2.4
95;2021-03-12;3516;796;70002;30614;5.6;2.5
95;2021-03-13;3517;415;73519;31029;5.9;2.5
95;2021-03-14;1983;295;75502;31324;6.0;2.5
95;2021-03-15;2372;321;77874;31645;6.2;2.5
95;2021-03-16;1573;416;79447;32061;6.4;2.6
95;2021-03-17;2102;417;81549;32478;6.5;2.6
95;2021-03-18;2797;364;84346;32842;6.8;2.6
95;2021-03-19;3470;352;87816;33194;7.0;2.7
95;2021-03-20;2590;202;90406;33396;7.2;2.7
95;2021-03-21;1198;239;91604;33635;7.3;2.7
95;2021-03-22;2935;363;94539;33998;7.6;2.7
95;2021-03-23;3432;457;97971;34455;7.8;2.8
95;2021-03-24;3937;506;101908;34961;8.2;2.8
95;2021-03-25;5853;648;107761;35609;8.6;2.9
95;2021-03-26;5427;673;113188;36282;9.1;2.9
95;2021-03-27;3747;211;116935;36493;9.4;2.9
95;2021-03-28;1531;112;118466;36605;9.5;2.9
95;2021-03-29;2893;575;121359;37180;9.7;3.0
95;2021-03-30;3883;1230;125242;38410;10.0;3.1
95;2021-03-31;3656;1665;128898;40075;10.3;3.2
95;2021-04-01;5478;2262;134376;42337;10.8;3.4
95;2021-04-02;3544;2757;137920;45094;11.0;3.6
95;2021-04-03;2092;2483;140012;47577;11.2;3.8
95;2021-04-04;1244;1193;141256;48770;11.3;3.9
95;2021-04-05;593;64;141849;48834;11.4;3.9
95;2021-04-06;1855;1536;143704;50370;11.5;4.0
95;2021-04-07;4948;2176;148652;52546;11.9;4.2
95;2021-04-08;4892;2455;153544;55001;12.3;4.4
95;2021-04-09;5431;2329;158975;57330;12.7;4.6
95;2021-04-10;3706;1432;162681;58762;13.0;4.7
95;2021-04-11;1566;1032;164247;59794;13.2;4.8
95;2021-04-12;3247;1611;167494;61405;13.4;4.9
95;2021-04-13;3140;1674;170634;63079;13.7;5.1
95;2021-04-14;2745;1992;173379;65071;13.9;5.2
95;2021-04-15;3898;3328;177277;68399;14.2;5.5
95;2021-04-16;4063;3025;181340;71424;14.5;5.7
95;2021-04-17;2374;1755;183714;73179;14.7;5.9
95;2021-04-18;1509;1021;185223;74200;14.8;5.9
95;2021-04-19;2566;2369;187789;76569;15.0;6.1
95;2021-04-20;2118;2453;189907;79022;15.2;6.3
95;2021-04-21;3929;2629;193836;81651;15.5;6.5
95;2021-04-22;3410;4626;197246;86277;15.8;6.9
95;2021-04-23;2767;3558;200013;89835;16.0;7.2
95;2021-04-24;3569;2583;203582;92418;16.3;7.4
95;2021-04-25;1962;1548;205544;93966;16.5;7.5
95;2021-04-26;2749;2702;208293;96668;16.7;7.7
95;2021-04-27;3848;2167;212141;98835;17.0;7.9
95;2021-04-28;3887;2670;216028;101505;17.3;8.1
95;2021-04-29;6137;4540;222165;106045;17.8;8.5
95;2021-04-30;6904;2934;229069;108979;18.3;8.7
95;2021-05-01;2366;918;231435;109897;18.5;8.8
95;2021-05-02;2447;1495;233882;111392;18.7;8.9
95;2021-05-03;5125;1918;239007;113310;19.1;9.1
95;2021-05-04;6353;2721;245360;116031;19.7;9.3
95;2021-05-05;5147;3811;250507;119842;20.1;9.6
95;2021-05-06;8201;4928;258708;124770;20.7;10.0
95;2021-05-07;5775;4750;264483;129520;21.2;10.4
95;2021-05-08;5740;1529;270223;131049;21.6;10.5
95;2021-05-09;2827;1574;273050;132623;21.9;10.6
95;2021-05-10;9954;3174;283004;135797;22.7;10.9
95;2021-05-11;8445;3455;291449;139252;23.3;11.2
95;2021-05-12;9460;3214;300909;142466;24.1;11.4
95;2021-05-13;7954;1203;308863;143669;24.7;11.5
95;2021-05-14;7012;1905;315875;145574;25.3;11.7
95;2021-05-15;4513;1068;320388;146642;25.7;11.7
95;2021-05-16;4820;824;325208;147466;26.1;11.8
95;2021-05-17;7737;1349;332945;148815;26.7;11.9
95;2021-05-18;9462;1859;342407;150674;27.4;12.1
95;2021-05-19;9244;2511;351651;153185;28.2;12.3
95;2021-05-20;12580;2443;364231;155628;29.2;12.5
95;2021-05-21;10178;2533;374409;158161;30.0;12.7
95;2021-05-22;9400;1558;383809;159719;30.7;12.8
95;2021-05-23;4140;944;387949;160663;31.1;12.9
95;2021-05-24;2395;539;390344;161202;31.3;12.9
95;2021-05-25;7207;2077;397551;163279;31.8;13.1
95;2021-05-26;8850;3122;406401;166401;32.6;13.3
95;2021-05-27;10361;4430;416762;170831;33.4;13.7
95;2021-05-28;7684;4422;424446;175253;34.0;14.0
95;2021-05-29;5263;2761;429709;178014;34.4;14.3
95;2021-05-30;3730;1693;433439;179707;34.7;14.4
95;2021-05-31;6425;3324;439864;183031;35.2;14.7
95;2021-06-01;8781;3803;448645;186834;35.9;15.0
95;2021-06-02;8795;4733;457440;191567;36.6;15.3
95;2021-06-03;8525;6552;465965;198119;37.3;15.9
95;2021-06-04;8879;4403;474844;202522;38.0;16.2
95;2021-06-05;8335;3737;483179;206259;38.7;16.5
95;2021-06-06;4829;1599;488008;207858;39.1;16.7
95;2021-06-07;6045;4538;494053;212396;39.6;17.0
95;2021-06-08;6538;5514;500591;217910;40.1;17.5
95;2021-06-09;6138;6464;506729;224374;40.6;18.0
95;2021-06-10;6407;6809;513136;231183;41.1;18.5
95;2021-06-11;7186;6437;520322;237620;41.7;19.0
95;2021-06-12;6007;4374;526329;241994;42.2;19.4
95;2021-06-13;2080;3283;528409;245277;42.3;19.6
95;2021-06-14;5148;5978;533557;251255;42.7;20.1
95;2021-06-15;5069;8054;538626;259309;43.1;20.8
95;2021-06-16;5386;7530;544012;266839;43.6;21.4
95;2021-06-17;6518;8154;550530;274993;44.1;22.0
95;2021-06-18;5461;7847;555991;282840;44.5;22.7
95;2021-06-19;4966;8922;560957;291762;44.9;23.4
95;2021-06-20;1417;3308;562374;295070;45.0;23.6
95;2021-06-21;3308;7713;565682;302783;45.3;24.3
95;2021-06-22;5014;9039;570696;311822;45.7;25.0
95;2021-06-23;4736;10872;575432;322694;46.1;25.8
95;2021-06-24;4907;10709;580339;333403;46.5;26.7
95;2021-06-25;4791;10350;585130;343753;46.9;27.5
95;2021-06-26;4321;8480;589451;352233;47.2;28.2
95;2021-06-27;1031;3987;590482;356220;47.3;28.5
95;2021-06-28;2700;9483;593182;365703;47.5;29.3
95;2021-06-29;2523;8783;595705;374486;47.7;30.0
95;2021-06-30;3921;9985;599626;384471;48.0;30.8
95;2021-07-01;4381;11154;604007;395625;48.4;31.7
95;2021-07-02;4139;10541;608146;406166;48.7;32.5
95;2021-07-03;3534;9149;611680;415315;49.0;33.3
95;2021-07-04;1270;3401;612950;418716;49.1;33.5
95;2021-07-05;2326;4373;615276;423089;49.3;33.9
95;2021-07-06;2649;7748;617925;430837;49.5;34.5
95;2021-07-07;3950;9622;621875;440459;49.8;35.3
95;2021-07-08;5294;9805;627169;450264;50.2;36.1
95;2021-07-09;4501;10065;631670;460329;50.6;36.9
95;2021-07-10;3388;7384;635058;467713;50.9;37.5
95;2021-07-11;1505;3598;636563;471311;51.0;37.8
95;2021-07-12;2952;9683;639515;480994;51.2;38.5
95;2021-07-13;5032;10050;644547;491044;51.6;39.3
95;2021-07-14;4363;5713;648910;496757;52.0;39.8
95;2021-07-15;7303;12327;656213;509084;52.6;40.8
95;2021-07-16;7886;11971;664099;521055;53.2;41.7
95;2021-07-17;5030;7807;669129;528862;53.6;42.4
95;2021-07-18;3403;2884;672532;531746;53.9;42.6
95;2021-07-19;4748;6855;677280;538601;54.3;43.1
95;2021-07-20;6806;8359;684086;546960;54.8;43.8
95;2021-07-21;9151;9412;693237;556372;55.5;44.6
95;2021-07-22;9910;9694;703147;566066;56.3;45.3
95;2021-07-23;10781;10176;713928;576242;57.2;46.2
95;2021-07-24;5239;6231;719167;582473;57.6;46.7
95;2021-07-25;2149;2270;721316;584743;57.8;46.8
95;2021-07-26;4474;4010;725790;588753;58.1;47.2
95;2021-07-27;8375;7019;734165;595772;58.8;47.7
95;2021-07-28;9622;7520;743787;603292;59.6;48.3
95;2021-07-29;8340;5449;752127;608741;60.2;48.8
95;2021-07-30;8388;7737;760515;616478;60.9;49.4
95;2021-07-31;4198;4099;764713;620577;61.3;49.7
95;2021-08-01;2189;1349;766902;621926;61.4;49.8
95;2021-08-02;4094;3887;770996;625813;61.8;50.1
95;2021-08-03;6054;5489;777050;631302;62.2;50.6
95;2021-08-04;6410;6041;783460;637343;62.8;51.1
95;2021-08-05;6786;5703;790246;643046;63.3;51.5
95;2021-08-06;6435;7025;796681;650071;63.8;52.1
95;2021-08-07;2821;3180;799502;653251;64.0;52.3
95;2021-08-08;1325;1872;800827;655123;64.2;52.5
95;2021-08-09;3808;5010;804635;660133;64.5;52.9
971;2020-12-27;0;0;0;0;0.0;0.0
971;2020-12-28;0;0;0;0;0.0;0.0
971;2020-12-29;0;0;0;0;0.0;0.0
971;2020-12-30;0;0;0;0;0.0;0.0
971;2020-12-31;0;0;0;0;0.0;0.0
971;2021-01-01;1;0;1;0;0.0;0.0
971;2021-01-02;0;0;1;0;0.0;0.0
971;2021-01-03;0;0;1;0;0.0;0.0
971;2021-01-04;1;0;2;0;0.0;0.0
971;2021-01-05;0;0;2;0;0.0;0.0
971;2021-01-06;1;0;3;0;0.0;0.0
971;2021-01-07;0;0;3;0;0.0;0.0
971;2021-01-08;56;1;59;1;0.0;0.0
971;2021-01-09;20;0;79;1;0.0;0.0
971;2021-01-10;0;0;79;1;0.0;0.0
971;2021-01-11;60;0;139;1;0.0;0.0
971;2021-01-12;45;0;184;1;0.0;0.0
971;2021-01-13;47;1;231;2;0.1;0.0
971;2021-01-14;63;0;294;2;0.1;0.0
971;2021-01-15;77;0;371;2;0.1;0.0
971;2021-01-16;0;0;371;2;0.1;0.0
971;2021-01-17;0;0;371;2;0.1;0.0
971;2021-01-18;80;1;451;3;0.1;0.0
971;2021-01-19;145;0;596;3;0.2;0.0
971;2021-01-20;135;0;731;3;0.2;0.0
971;2021-01-21;151;1;882;4;0.2;0.0
971;2021-01-22;134;0;1016;4;0.3;0.0
971;2021-01-23;1;0;1017;4;0.3;0.0
971;2021-01-24;0;0;1017;4;0.3;0.0
971;2021-01-25;202;1;1219;5;0.3;0.0
971;2021-01-26;215;1;1434;6;0.4;0.0
971;2021-01-27;234;0;1668;6;0.4;0.0
971;2021-01-28;239;4;1907;10;0.5;0.0
971;2021-01-29;197;2;2104;12;0.6;0.0
971;2021-01-30;24;0;2128;12;0.6;0.0
971;2021-01-31;1;0;2129;12;0.6;0.0
971;2021-02-01;228;4;2357;16;0.6;0.0
971;2021-02-02;243;24;2600;40;0.7;0.0
971;2021-02-03;220;3;2820;43;0.7;0.0
971;2021-02-04;300;22;3120;65;0.8;0.0
971;2021-02-05;274;32;3394;97;0.9;0.0
971;2021-02-06;49;1;3443;98;0.9;0.0
971;2021-02-07;0;0;3443;98;0.9;0.0
971;2021-02-08;253;22;3696;120;1.0;0.0
971;2021-02-09;316;29;4012;149;1.1;0.0
971;2021-02-10;240;29;4252;178;1.1;0.0
971;2021-02-11;296;111;4548;289;1.2;0.1
971;2021-02-12;287;26;4835;315;1.3;0.1
971;2021-02-13;50;7;4885;322;1.3;0.1
971;2021-02-14;19;36;4904;358;1.3;0.1
971;2021-02-15;83;46;4987;404;1.3;0.1
971;2021-02-16;16;1;5003;405;1.3;0.1
971;2021-02-17;17;1;5020;406;1.3;0.1
971;2021-02-18;243;17;5263;423;1.4;0.1
971;2021-02-19;244;21;5507;444;1.5;0.1
971;2021-02-20;48;0;5555;444;1.5;0.1
971;2021-02-21;1;0;5556;444;1.5;0.1
971;2021-02-22;178;65;5734;509;1.5;0.1
971;2021-02-23;196;74;5930;583;1.6;0.2
971;2021-02-24;332;125;6262;708;1.7;0.2
971;2021-02-25;377;80;6639;788;1.8;0.2
971;2021-02-26;221;84;6860;872;1.8;0.2
971;2021-02-27;65;0;6925;872;1.8;0.2
971;2021-02-28;1;0;6926;872;1.8;0.2
971;2021-03-01;170;82;7096;954;1.9;0.3
971;2021-03-02;271;133;7367;1087;2.0;0.3
971;2021-03-03;238;121;7605;1208;2.0;0.3
971;2021-03-04;328;86;7933;1294;2.1;0.3
971;2021-03-05;364;152;8297;1446;2.2;0.4
971;2021-03-06;597;8;8894;1454;2.4;0.4
971;2021-03-07;1;0;8895;1454;2.4;0.4
971;2021-03-08;301;141;9196;1595;2.4;0.4
971;2021-03-09;369;155;9565;1750;2.5;0.5
971;2021-03-10;419;163;9984;1913;2.6;0.5
971;2021-03-11;123;46;10107;1959;2.7;0.5
971;2021-03-12;497;227;10604;2186;2.8;0.6
971;2021-03-13;135;3;10739;2189;2.8;0.6
971;2021-03-14;14;24;10753;2213;2.9;0.6
971;2021-03-15;419;46;11172;2259;3.0;0.6
971;2021-03-16;475;84;11647;2343;3.1;0.6
971;2021-03-17;453;89;12100;2432;3.2;0.6
971;2021-03-18;560;106;12660;2538;3.4;0.7
971;2021-03-19;569;100;13229;2638;3.5;0.7
971;2021-03-20;177;44;13406;2682;3.6;0.7
971;2021-03-21;8;0;13414;2682;3.6;0.7
971;2021-03-22;355;88;13769;2770;3.7;0.7
971;2021-03-23;536;157;14305;2927;3.8;0.8
971;2021-03-24;469;108;14774;3035;3.9;0.8
971;2021-03-25;757;182;15531;3217;4.1;0.9
971;2021-03-26;641;121;16172;3338;4.3;0.9
971;2021-03-27;284;47;16456;3385;4.4;0.9
971;2021-03-28;22;1;16478;3386;4.4;0.9
971;2021-03-29;381;84;16859;3470;4.5;0.9
971;2021-03-30;621;164;17480;3634;4.6;1.0
971;2021-03-31;546;133;18026;3767;4.8;1.0
971;2021-04-01;655;198;18681;3965;5.0;1.1
971;2021-04-02;38;35;18719;4000;5.0;1.1
971;2021-04-03;54;2;18773;4002;5.0;1.1
971;2021-04-04;4;18;18777;4020;5.0;1.1
971;2021-04-05;12;0;18789;4020;5.0;1.1
971;2021-04-06;480;193;19269;4213;5.1;1.1
971;2021-04-07;580;117;19849;4330;5.3;1.1
971;2021-04-08;506;164;20355;4494;5.4;1.2
971;2021-04-09;485;210;20840;4704;5.5;1.2
971;2021-04-10;100;4;20940;4708;5.6;1.2
971;2021-04-11;6;23;20946;4731;5.6;1.3
971;2021-04-12;300;262;21246;4993;5.6;1.3
971;2021-04-13;555;325;21801;5318;5.8;1.4
971;2021-04-14;436;224;22237;5542;5.9;1.5
971;2021-04-15;550;312;22787;5854;6.0;1.6
971;2021-04-16;564;273;23351;6127;6.2;1.6
971;2021-04-17;209;4;23560;6131;6.3;1.6
971;2021-04-18;6;14;23566;6145;6.3;1.6
971;2021-04-19;399;243;23965;6388;6.4;1.7
971;2021-04-20;724;345;24689;6733;6.6;1.8
971;2021-04-21;625;312;25314;7045;6.7;1.9
971;2021-04-22;810;335;26124;7380;6.9;2.0
971;2021-04-23;846;250;26970;7630;7.2;2.0
971;2021-04-24;388;75;27358;7705;7.3;2.0
971;2021-04-25;598;63;27956;7768;7.4;2.1
971;2021-04-26;961;217;28917;7985;7.7;2.1
971;2021-04-27;698;235;29615;8220;7.9;2.2
971;2021-04-28;860;266;30475;8486;8.1;2.3
971;2021-04-29;1197;203;31672;8689;8.4;2.3
971;2021-04-30;1268;190;32940;8879;8.7;2.4
971;2021-05-01;604;44;33544;8923;8.9;2.4
971;2021-05-02;354;18;33898;8941;9.0;2.4
971;2021-05-03;921;182;34819;9123;9.2;2.4
971;2021-05-04;958;206;35777;9329;9.5;2.5
971;2021-05-05;1012;252;36789;9581;9.8;2.5
971;2021-05-06;1148;175;37937;9756;10.1;2.6
971;2021-05-07;1255;271;39192;10027;10.4;2.7
971;2021-05-08;321;36;39513;10063;10.5;2.7
971;2021-05-09;182;10;39695;10073;10.5;2.7
971;2021-05-10;838;216;40533;10289;10.8;2.7
971;2021-05-11;965;316;41498;10605;11.0;2.8
971;2021-05-12;905;325;42403;10930;11.3;2.9
971;2021-05-13;211;79;42614;11009;11.3;2.9
971;2021-05-14;861;275;43475;11284;11.5;3.0
971;2021-05-15;486;15;43961;11299;11.7;3.0
971;2021-05-16;181;36;44142;11335;11.7;3.0
971;2021-05-17;718;277;44860;11612;11.9;3.1
971;2021-05-18;742;389;45602;12001;12.1;3.2
971;2021-05-19;701;530;46303;12531;12.3;3.3
971;2021-05-20;804;378;47107;12909;12.5;3.4
971;2021-05-21;821;407;47928;13316;12.7;3.5
971;2021-05-22;501;215;48429;13531;12.9;3.6
971;2021-05-23;200;114;48629;13645;12.9;3.6
971;2021-05-24;201;176;48830;13821;13.0;3.7
971;2021-05-25;545;661;49375;14482;13.1;3.8
971;2021-05-26;595;492;49970;14974;13.3;4.0
971;2021-05-27;131;185;50101;15159;13.3;4.0
971;2021-05-28;517;527;50618;15686;13.4;4.2
971;2021-05-29;236;138;50854;15824;13.5;4.2
971;2021-05-30;76;113;50930;15937;13.5;4.2
971;2021-05-31;452;535;51382;16472;13.6;4.4
971;2021-06-01;592;709;51974;17181;13.8;4.6
971;2021-06-02;577;707;52551;17888;13.9;4.7
971;2021-06-03;507;564;53058;18452;14.1;4.9
971;2021-06-04;796;806;53854;19258;14.3;5.1
971;2021-06-05;315;645;54169;19903;14.4;5.3
971;2021-06-06;136;530;54305;20433;14.4;5.4
971;2021-06-07;423;783;54728;21216;14.5;5.6
971;2021-06-08;509;892;55237;22108;14.7;5.9
971;2021-06-09;500;860;55737;22968;14.8;6.1
971;2021-06-10;530;845;56267;23813;14.9;6.3
971;2021-06-11;466;1242;56733;25055;15.1;6.6
971;2021-06-12;299;663;57032;25718;15.1;6.8
971;2021-06-13;128;314;57160;26032;15.2;6.9
971;2021-06-14;369;3792;57529;29824;15.3;7.9
971;2021-06-15;484;2005;58013;31829;15.4;8.4
971;2021-06-16;478;1482;58491;33311;15.5;8.8
971;2021-06-17;431;1013;58922;34324;15.6;9.1
971;2021-06-18;477;1019;59399;35343;15.8;9.4
971;2021-06-19;314;508;59713;35851;15.8;9.5
971;2021-06-20;111;231;59824;36082;15.9;9.6
971;2021-06-21;333;679;60157;36761;16.0;9.8
971;2021-06-22;330;873;60487;37634;16.0;10.0
971;2021-06-23;368;891;60855;38525;16.1;10.2
971;2021-06-24;411;732;61266;39257;16.3;10.4
971;2021-06-25;453;762;61719;40019;16.4;10.6
971;2021-06-26;300;516;62019;40535;16.5;10.8
971;2021-06-27;116;149;62135;40684;16.5;10.8
971;2021-06-28;304;689;62439;41373;16.6;11.0
971;2021-06-29;378;780;62817;42153;16.7;11.2
971;2021-06-30;433;921;63250;43074;16.8;11.4
971;2021-07-01;351;651;63601;43725;16.9;11.6
971;2021-07-02;422;691;64023;44416;17.0;11.8
971;2021-07-03;270;463;64293;44879;17.1;11.9
971;2021-07-04;112;239;64405;45118;17.1;12.0
971;2021-07-05;327;510;64732;45628;17.2;12.1
971;2021-07-06;378;765;65110;46393;17.3;12.3
971;2021-07-07;375;845;65485;47238;17.4;12.5
971;2021-07-08;405;790;65890;48028;17.5;12.7
971;2021-07-09;428;795;66318;48823;17.6;13.0
971;2021-07-10;244;294;66562;49117;17.7;13.0
971;2021-07-11;170;136;66732;49253;17.7;13.1
971;2021-07-12;476;610;67208;49863;17.8;13.2
971;2021-07-13;858;1009;68066;50872;18.1;13.5
971;2021-07-14;457;280;68523;51152;18.2;13.6
971;2021-07-15;851;834;69374;51986;18.4;13.8
971;2021-07-16;1070;1037;70444;53023;18.7;14.1
971;2021-07-17;643;441;71087;53464;18.9;14.2
971;2021-07-18;398;215;71485;53679;19.0;14.2
971;2021-07-19;572;577;72057;54256;19.1;14.4
971;2021-07-20;776;724;72833;54980;19.3;14.6
971;2021-07-21;754;493;73587;55473;19.5;14.7
971;2021-07-22;938;861;74525;56334;19.8;14.9
971;2021-07-23;1005;747;75530;57081;20.0;15.1
971;2021-07-24;408;377;75938;57458;20.1;15.2
971;2021-07-25;247;259;76185;57717;20.2;15.3
971;2021-07-26;628;557;76813;58274;20.4;15.5
971;2021-07-27;786;571;77599;58845;20.6;15.6
971;2021-07-28;755;642;78354;59487;20.8;15.8
971;2021-07-29;870;655;79224;60142;21.0;16.0
971;2021-07-30;1244;743;80468;60885;21.4;16.2
971;2021-07-31;550;409;81018;61294;21.5;16.3
971;2021-08-01;307;244;81325;61538;21.6;16.3
971;2021-08-02;749;418;82074;61956;21.8;16.4
971;2021-08-03;708;667;82782;62623;22.0;16.6
971;2021-08-04;647;663;83429;63286;22.1;16.8
971;2021-08-05;607;577;84036;63863;22.3;16.9
971;2021-08-06;838;620;84874;64483;22.5;17.1
971;2021-08-07;403;387;85277;64870;22.6;17.2
971;2021-08-08;261;313;85538;65183;22.7;17.3
971;2021-08-09;469;578;86007;65761;22.8;17.4
972;2020-12-27;0;0;0;0;0.0;0.0
972;2020-12-28;0;0;0;0;0.0;0.0
972;2020-12-29;0;0;0;0;0.0;0.0
972;2020-12-30;0;0;0;0;0.0;0.0
972;2020-12-31;0;0;0;0;0.0;0.0
972;2021-01-01;0;0;0;0;0.0;0.0
972;2021-01-02;0;0;0;0;0.0;0.0
972;2021-01-03;0;0;0;0;0.0;0.0
972;2021-01-04;0;0;0;0;0.0;0.0
972;2021-01-05;0;0;0;0;0.0;0.0
972;2021-01-06;5;0;5;0;0.0;0.0
972;2021-01-07;31;0;36;0;0.0;0.0
972;2021-01-08;90;1;126;1;0.0;0.0
972;2021-01-09;20;0;146;1;0.0;0.0
972;2021-01-10;0;0;146;1;0.0;0.0
972;2021-01-11;122;0;268;1;0.1;0.0
972;2021-01-12;79;0;347;1;0.1;0.0
972;2021-01-13;65;0;412;1;0.1;0.0
972;2021-01-14;88;1;500;2;0.1;0.0
972;2021-01-15;164;0;664;2;0.2;0.0
972;2021-01-16;51;0;715;2;0.2;0.0
972;2021-01-17;0;0;715;2;0.2;0.0
972;2021-01-18;158;0;873;2;0.2;0.0
972;2021-01-19;168;1;1041;3;0.3;0.0
972;2021-01-20;165;0;1206;3;0.3;0.0
972;2021-01-21;181;2;1387;5;0.4;0.0
972;2021-01-22;173;0;1560;5;0.4;0.0
972;2021-01-23;58;0;1618;5;0.5;0.0
972;2021-01-24;0;0;1618;5;0.5;0.0
972;2021-01-25;161;0;1779;5;0.5;0.0
972;2021-01-26;137;1;1916;6;0.5;0.0
972;2021-01-27;163;5;2079;11;0.6;0.0
972;2021-01-28;152;12;2231;23;0.6;0.0
972;2021-01-29;143;41;2374;64;0.7;0.0
972;2021-01-30;96;16;2470;80;0.7;0.0
972;2021-01-31;0;0;2470;80;0.7;0.0
972;2021-02-01;119;74;2589;154;0.7;0.0
972;2021-02-02;184;96;2773;250;0.8;0.1
972;2021-02-03;132;80;2905;330;0.8;0.1
972;2021-02-04;159;72;3064;402;0.9;0.1
972;2021-02-05;124;96;3188;498;0.9;0.1
972;2021-02-06;62;26;3250;524;0.9;0.1
972;2021-02-07;1;0;3251;524;0.9;0.1
972;2021-02-08;137;80;3388;604;0.9;0.2
972;2021-02-09;176;78;3564;682;1.0;0.2
972;2021-02-10;153;90;3717;772;1.0;0.2
972;2021-02-11;150;103;3867;875;1.1;0.2
972;2021-02-12;146;131;4013;1006;1.1;0.3
972;2021-02-13;47;37;4060;1043;1.1;0.3
972;2021-02-14;0;0;4060;1043;1.1;0.3
972;2021-02-15;51;67;4111;1110;1.1;0.3
972;2021-02-16;0;1;4111;1111;1.1;0.3
972;2021-02-17;1;3;4112;1114;1.1;0.3
972;2021-02-18;69;127;4181;1241;1.2;0.3
972;2021-02-19;69;131;4250;1372;1.2;0.4
972;2021-02-20;48;68;4298;1440;1.2;0.4
972;2021-02-21;0;0;4298;1440;1.2;0.4
972;2021-02-22;102;60;4400;1500;1.2;0.4
972;2021-02-23;113;237;4513;1737;1.3;0.5
972;2021-02-24;106;223;4619;1960;1.3;0.5
972;2021-02-25;89;150;4708;2110;1.3;0.6
972;2021-02-26;132;169;4840;2279;1.3;0.6
972;2021-02-27;69;52;4909;2331;1.4;0.6
972;2021-02-28;0;0;4909;2331;1.4;0.6
972;2021-03-01;137;144;5046;2475;1.4;0.7
972;2021-03-02;158;79;5204;2554;1.5;0.7
972;2021-03-03;179;145;5383;2699;1.5;0.8
972;2021-03-04;151;135;5534;2834;1.5;0.8
972;2021-03-05;238;128;5772;2962;1.6;0.8
972;2021-03-06;119;58;5891;3020;1.6;0.8
972;2021-03-07;100;1;5991;3021;1.7;0.8
972;2021-03-08;196;133;6187;3154;1.7;0.9
972;2021-03-09;283;101;6470;3255;1.8;0.9
972;2021-03-10;322;134;6792;3389;1.9;0.9
972;2021-03-11;336;82;7128;3471;2.0;1.0
972;2021-03-12;413;55;7541;3526;2.1;1.0
972;2021-03-13;155;21;7696;3547;2.1;1.0
972;2021-03-14;4;1;7700;3548;2.1;1.0
972;2021-03-15;276;90;7976;3638;2.2;1.0
972;2021-03-16;305;55;8281;3693;2.3;1.0
972;2021-03-17;388;49;8669;3742;2.4;1.0
972;2021-03-18;434;44;9103;3786;2.5;1.1
972;2021-03-19;401;63;9504;3849;2.6;1.1
972;2021-03-20;149;48;9653;3897;2.7;1.1
972;2021-03-21;25;1;9678;3898;2.7;1.1
972;2021-03-22;362;118;10040;4016;2.8;1.1
972;2021-03-23;403;122;10443;4138;2.9;1.2
972;2021-03-24;429;107;10872;4245;3.0;1.2
972;2021-03-25;483;100;11355;4345;3.2;1.2
972;2021-03-26;634;103;11989;4448;3.3;1.2
972;2021-03-27;154;71;12143;4519;3.4;1.3
972;2021-03-28;81;2;12224;4521;3.4;1.3
972;2021-03-29;422;165;12646;4686;3.5;1.3
972;2021-03-30;469;244;13115;4930;3.7;1.4
972;2021-03-31;1151;192;14266;5122;4.0;1.4
972;2021-04-01;955;171;15221;5293;4.2;1.5
972;2021-04-02;895;14;16116;5307;4.5;1.5
972;2021-04-03;788;53;16904;5360;4.7;1.5
972;2021-04-04;751;12;17655;5372;4.9;1.5
972;2021-04-05;829;44;18484;5416;5.2;1.5
972;2021-04-06;885;136;19369;5552;5.4;1.5
972;2021-04-07;1436;326;20805;5878;5.8;1.6
972;2021-04-08;1307;271;22112;6149;6.2;1.7
972;2021-04-09;1240;316;23352;6465;6.5;1.8
972;2021-04-10;838;165;24190;6630;6.7;1.8
972;2021-04-11;621;14;24811;6644;6.9;1.9
972;2021-04-12;867;317;25678;6961;7.2;1.9
972;2021-04-13;881;328;26559;7289;7.4;2.0
972;2021-04-14;960;322;27519;7611;7.7;2.1
972;2021-04-15;959;298;28478;7909;7.9;2.2
972;2021-04-16;994;300;29472;8209;8.2;2.3
972;2021-04-17;530;161;30002;8370;8.4;2.3
972;2021-04-18;339;56;30341;8426;8.5;2.3
972;2021-04-19;668;344;31009;8770;8.6;2.4
972;2021-04-20;868;309;31877;9079;8.9;2.5
972;2021-04-21;1002;354;32879;9433;9.2;2.6
972;2021-04-22;605;313;33484;9746;9.3;2.7
972;2021-04-23;613;465;34097;10211;9.5;2.8
972;2021-04-24;362;197;34459;10408;9.6;2.9
972;2021-04-25;168;199;34627;10607;9.7;3.0
972;2021-04-26;516;541;35143;11148;9.8;3.1
972;2021-04-27;568;609;35711;11757;10.0;3.3
972;2021-04-28;448;691;36159;12448;10.1;3.5
972;2021-04-29;653;641;36812;13089;10.3;3.6
972;2021-04-30;771;687;37583;13776;10.5;3.8
972;2021-05-01;244;246;37827;14022;10.5;3.9
972;2021-05-02;227;513;38054;14535;10.6;4.1
972;2021-05-03;569;772;38623;15307;10.8;4.3
972;2021-05-04;525;678;39148;15985;10.9;4.5
972;2021-05-05;547;896;39695;16881;11.1;4.7
972;2021-05-06;545;785;40240;17666;11.2;4.9
972;2021-05-07;629;1014;40869;18680;11.4;5.2
972;2021-05-08;226;526;41095;19206;11.5;5.4
972;2021-05-09;172;506;41267;19712;11.5;5.5
972;2021-05-10;520;857;41787;20569;11.6;5.7
972;2021-05-11;476;872;42263;21441;11.8;6.0
972;2021-05-12;559;910;42822;22351;11.9;6.2
972;2021-05-13;274;533;43096;22884;12.0;6.4
972;2021-05-14;389;752;43485;23636;12.1;6.6
972;2021-05-15;233;578;43718;24214;12.2;6.7
972;2021-05-16;155;442;43873;24656;12.2;6.9
972;2021-05-17;474;753;44347;25409;12.4;7.1
972;2021-05-18;446;680;44793;26089;12.5;7.3
972;2021-05-19;453;743;45246;26832;12.6;7.5
972;2021-05-20;594;500;45840;27332;12.8;7.6
972;2021-05-21;545;705;46385;28037;12.9;7.8
972;2021-05-22;186;364;46571;28401;13.0;7.9
972;2021-05-23;111;182;46682;28583;13.0;8.0
972;2021-05-24;135;241;46817;28824;13.1;8.0
972;2021-05-25;351;698;47168;29522;13.1;8.2
972;2021-05-26;382;714;47550;30236;13.3;8.4
972;2021-05-27;270;647;47820;30883;13.3;8.6
972;2021-05-28;279;816;48099;31699;13.4;8.8
972;2021-05-29;154;513;48253;32212;13.5;9.0
972;2021-05-30;17;33;48270;32245;13.5;9.0
972;2021-05-31;345;682;48615;32927;13.6;9.2
972;2021-06-01;300;547;48915;33474;13.6;9.3
972;2021-06-02;326;575;49241;34049;13.7;9.5
972;2021-06-03;247;425;49488;34474;13.8;9.6
972;2021-06-04;350;644;49838;35118;13.9;9.8
972;2021-06-05;261;373;50099;35491;14.0;9.9
972;2021-06-06;25;31;50124;35522;14.0;9.9
972;2021-06-07;259;736;50383;36258;14.0;10.1
972;2021-06-08;256;589;50639;36847;14.1;10.3
972;2021-06-09;303;699;50942;37546;14.2;10.5
972;2021-06-10;307;453;51249;37999;14.3;10.6
972;2021-06-11;361;534;51610;38533;14.4;10.7
972;2021-06-12;246;322;51856;38855;14.5;10.8
972;2021-06-13;32;29;51888;38884;14.5;10.8
972;2021-06-14;367;551;52255;39435;14.6;11.0
972;2021-06-15;410;488;52665;39923;14.7;11.1
972;2021-06-16;436;436;53101;40359;14.8;11.2
972;2021-06-17;355;576;53456;40935;14.9;11.4
972;2021-06-18;458;539;53914;41474;15.0;11.6
972;2021-06-19;225;196;54139;41670;15.1;11.6
972;2021-06-20;25;17;54164;41687;15.1;11.6
972;2021-06-21;332;580;54496;42267;15.2;11.8
972;2021-06-22;296;464;54792;42731;15.3;11.9
972;2021-06-23;425;563;55217;43294;15.4;12.1
972;2021-06-24;327;437;55544;43731;15.5;12.2
972;2021-06-25;313;387;55857;44118;15.6;12.3
972;2021-06-26;221;200;56078;44318;15.6;12.4
972;2021-06-27;16;23;56094;44341;15.6;12.4
972;2021-06-28;336;425;56430;44766;15.7;12.5
972;2021-06-29;329;431;56759;45197;15.8;12.6
972;2021-06-30;440;421;57199;45618;15.9;12.7
972;2021-07-01;349;393;57548;46011;16.0;12.8
972;2021-07-02;124;201;57672;46212;16.1;12.9
972;2021-07-03;100;118;57772;46330;16.1;12.9
972;2021-07-04;24;35;57796;46365;16.1;12.9
972;2021-07-05;493;580;58289;46945;16.2;13.1
972;2021-07-06;483;429;58772;47374;16.4;13.2
972;2021-07-07;607;492;59379;47866;16.6;13.3
972;2021-07-08;494;422;59873;48288;16.7;13.5
972;2021-07-09;624;581;60497;48869;16.9;13.6
972;2021-07-10;403;306;60900;49175;17.0;13.7
972;2021-07-11;48;38;60948;49213;17.0;13.7
972;2021-07-12;843;697;61791;49910;17.2;13.9
972;2021-07-13;1467;711;63258;50621;17.6;14.1
972;2021-07-14;132;63;63390;50684;17.7;14.1
972;2021-07-15;1594;683;64984;51367;18.1;14.3
972;2021-07-16;1631;652;66615;52019;18.6;14.5
972;2021-07-17;1074;367;67689;52386;18.9;14.6
972;2021-07-18;56;39;67745;52425;18.9;14.6
972;2021-07-19;1137;652;68882;53077;19.2;14.8
972;2021-07-20;1109;577;69991;53654;19.5;15.0
972;2021-07-21;1076;595;71067;54249;19.8;15.1
972;2021-07-22;892;518;71959;54767;20.1;15.3
972;2021-07-23;935;480;72894;55247;20.3;15.4
972;2021-07-24;497;222;73391;55469;20.5;15.5
972;2021-07-25;50;63;73441;55532;20.5;15.5
972;2021-07-26;681;513;74122;56045;20.7;15.6
972;2021-07-27;1025;511;75147;56556;20.9;15.8
972;2021-07-28;628;562;75775;57118;21.1;15.9
972;2021-07-29;829;536;76604;57654;21.4;16.1
972;2021-07-30;862;616;77466;58270;21.6;16.2
972;2021-07-31;548;268;78014;58538;21.7;16.3
972;2021-08-01;82;33;78096;58571;21.8;16.3
972;2021-08-02;804;810;78900;59381;22.0;16.6
972;2021-08-03;691;740;79591;60121;22.2;16.8
972;2021-08-04;758;567;80349;60688;22.4;16.9
972;2021-08-05;878;588;81227;61276;22.6;17.1
972;2021-08-06;1164;890;82391;62166;23.0;17.3
972;2021-08-07;660;570;83051;62736;23.2;17.5
972;2021-08-08;75;83;83126;62819;23.2;17.5
972;2021-08-09;1025;1058;84151;63877;23.5;17.8
973;2020-12-27;0;0;0;0;0.0;0.0
973;2020-12-28;0;0;0;0;0.0;0.0
973;2020-12-29;0;0;0;0;0.0;0.0
973;2020-12-30;0;0;0;0;0.0;0.0
973;2020-12-31;0;0;0;0;0.0;0.0
973;2021-01-01;0;0;0;0;0.0;0.0
973;2021-01-02;2;2;2;2;0.0;0.0
973;2021-01-03;0;0;2;2;0.0;0.0
973;2021-01-04;0;0;2;2;0.0;0.0
973;2021-01-05;0;0;2;2;0.0;0.0
973;2021-01-06;0;0;2;2;0.0;0.0
973;2021-01-07;0;0;2;2;0.0;0.0
973;2021-01-08;0;0;2;2;0.0;0.0
973;2021-01-09;0;0;2;2;0.0;0.0
973;2021-01-10;0;0;2;2;0.0;0.0
973;2021-01-11;0;0;2;2;0.0;0.0
973;2021-01-12;0;0;2;2;0.0;0.0
973;2021-01-13;30;0;32;2;0.0;0.0
973;2021-01-14;46;0;78;2;0.0;0.0
973;2021-01-15;35;0;113;2;0.0;0.0
973;2021-01-16;18;1;131;3;0.0;0.0
973;2021-01-17;0;0;131;3;0.0;0.0
973;2021-01-18;63;0;194;3;0.1;0.0
973;2021-01-19;150;1;344;4;0.1;0.0
973;2021-01-20;134;0;478;4;0.2;0.0
973;2021-01-21;118;0;596;4;0.2;0.0
973;2021-01-22;76;0;672;4;0.2;0.0
973;2021-01-23;0;0;672;4;0.2;0.0
973;2021-01-24;0;0;672;4;0.2;0.0
973;2021-01-25;56;0;728;4;0.3;0.0
973;2021-01-26;100;2;828;6;0.3;0.0
973;2021-01-27;109;1;937;7;0.3;0.0
973;2021-01-28;96;3;1033;10;0.4;0.0
973;2021-01-29;104;3;1137;13;0.4;0.0
973;2021-01-30;0;0;1137;13;0.4;0.0
973;2021-01-31;0;0;1137;13;0.4;0.0
973;2021-02-01;54;0;1191;13;0.4;0.0
973;2021-02-02;122;4;1313;17;0.5;0.0
973;2021-02-03;118;7;1431;24;0.5;0.0
973;2021-02-04;79;26;1510;50;0.5;0.0
973;2021-02-05;65;8;1575;58;0.5;0.0
973;2021-02-06;0;0;1575;58;0.5;0.0
973;2021-02-07;0;0;1575;58;0.5;0.0
973;2021-02-08;52;12;1627;70;0.6;0.0
973;2021-02-09;92;39;1719;109;0.6;0.0
973;2021-02-10;101;41;1820;150;0.6;0.1
973;2021-02-11;105;92;1925;242;0.7;0.1
973;2021-02-12;88;64;2013;306;0.7;0.1
973;2021-02-13;0;0;2013;306;0.7;0.1
973;2021-02-14;0;0;2013;306;0.7;0.1
973;2021-02-15;27;65;2040;371;0.7;0.1
973;2021-02-16;123;55;2163;426;0.7;0.1
973;2021-02-17;145;120;2308;546;0.8;0.2
973;2021-02-18;103;142;2411;688;0.8;0.2
973;2021-02-19;122;74;2533;762;0.9;0.3
973;2021-02-20;0;0;2533;762;0.9;0.3
973;2021-02-21;0;0;2533;762;0.9;0.3
973;2021-02-22;78;49;2611;811;0.9;0.3
973;2021-02-23;158;102;2769;913;1.0;0.3
973;2021-02-24;190;122;2959;1035;1.0;0.4
973;2021-02-25;259;90;3218;1125;1.1;0.4
973;2021-02-26;264;70;3482;1195;1.2;0.4
973;2021-02-27;120;1;3602;1196;1.2;0.4
973;2021-02-28;0;0;3602;1196;1.2;0.4
973;2021-03-01;180;86;3782;1282;1.3;0.4
973;2021-03-02;255;108;4037;1390;1.4;0.5
973;2021-03-03;255;132;4292;1522;1.5;0.5
973;2021-03-04;281;83;4573;1605;1.6;0.6
973;2021-03-05;274;48;4847;1653;1.7;0.6
973;2021-03-06;118;2;4965;1655;1.7;0.6
973;2021-03-07;0;0;4965;1655;1.7;0.6
973;2021-03-08;187;40;5152;1695;1.8;0.6
973;2021-03-09;350;93;5502;1788;1.9;0.6
973;2021-03-10;359;103;5861;1891;2.0;0.7
973;2021-03-11;270;114;6131;2005;2.1;0.7
973;2021-03-12;287;90;6418;2095;2.2;0.7
973;2021-03-13;111;4;6529;2099;2.2;0.7
973;2021-03-14;0;0;6529;2099;2.2;0.7
973;2021-03-15;181;27;6710;2126;2.3;0.7
973;2021-03-16;242;139;6952;2265;2.4;0.8
973;2021-03-17;273;129;7225;2394;2.5;0.8
973;2021-03-18;249;154;7474;2548;2.6;0.9
973;2021-03-19;283;125;7757;2673;2.7;0.9
973;2021-03-20;256;14;8013;2687;2.8;0.9
973;2021-03-21;119;2;8132;2689;2.8;0.9
973;2021-03-22;219;110;8351;2799;2.9;1.0
973;2021-03-23;274;195;8625;2994;3.0;1.0
973;2021-03-24;235;214;8860;3208;3.0;1.1
973;2021-03-25;168;179;9028;3387;3.1;1.2
973;2021-03-26;189;308;9217;3695;3.2;1.3
973;2021-03-27;58;94;9275;3789;3.2;1.3
973;2021-03-28;0;0;9275;3789;3.2;1.3
973;2021-03-29;175;247;9450;4036;3.3;1.4
973;2021-03-30;445;238;9895;4274;3.4;1.5
973;2021-03-31;320;291;10215;4565;3.5;1.6
973;2021-04-01;444;261;10659;4826;3.7;1.7
973;2021-04-02;306;279;10965;5105;3.8;1.8
973;2021-04-03;153;121;11118;5226;3.8;1.8
973;2021-04-04;1;0;11119;5226;3.8;1.8
973;2021-04-05;118;14;11237;5240;3.9;1.8
973;2021-04-06;438;335;11675;5575;4.0;1.9
973;2021-04-07;503;344;12178;5919;4.2;2.0
973;2021-04-08;514;269;12692;6188;4.4;2.1
973;2021-04-09;497;226;13189;6414;4.5;2.2
973;2021-04-10;147;90;13336;6504;4.6;2.2
973;2021-04-11;2;0;13338;6504;4.6;2.2
973;2021-04-12;551;268;13889;6772;4.8;2.3
973;2021-04-13;674;244;14563;7016;5.0;2.4
973;2021-04-14;721;313;15284;7329;5.3;2.5
973;2021-04-15;777;247;16061;7576;5.5;2.6
973;2021-04-16;760;301;16821;7877;5.8;2.7
973;2021-04-17;499;132;17320;8009;6.0;2.8
973;2021-04-18;499;40;17819;8049;6.1;2.8
973;2021-04-19;714;251;18533;8300;6.4;2.9
973;2021-04-20;606;278;19139;8578;6.6;3.0
973;2021-04-21;874;251;20013;8829;6.9;3.0
973;2021-04-22;722;230;20735;9059;7.1;3.1
973;2021-04-23;705;229;21440;9288;7.4;3.2
973;2021-04-24;524;96;21964;9384;7.6;3.2
973;2021-04-25;611;50;22575;9434;7.8;3.2
973;2021-04-26;780;231;23355;9665;8.0;3.3
973;2021-04-27;820;344;24175;10009;8.3;3.4
973;2021-04-28;745;330;24920;10339;8.6;3.6
973;2021-04-29;664;284;25584;10623;8.8;3.7
973;2021-04-30;710;260;26294;10883;9.0;3.7
973;2021-05-01;210;27;26504;10910;9.1;3.8
973;2021-05-02;602;85;27106;10995;9.3;3.8
973;2021-05-03;554;391;27660;11386;9.5;3.9
973;2021-05-04;665;324;28325;11710;9.7;4.0
973;2021-05-05;700;449;29025;12159;10.0;4.2
973;2021-05-06;694;475;29719;12634;10.2;4.3
973;2021-05-07;595;474;30314;13108;10.4;4.5
973;2021-05-08;342;58;30656;13166;10.5;4.5
973;2021-05-09;263;72;30919;13238;10.6;4.6
973;2021-05-10;440;612;31359;13850;10.8;4.8
973;2021-05-11;398;497;31757;14347;10.9;4.9
973;2021-05-12;512;647;32269;14994;11.1;5.2
973;2021-05-13;334;97;32603;15091;11.2;5.2
973;2021-05-14;486;554;33089;15645;11.4;5.4
973;2021-05-15;258;348;33347;15993;11.5;5.5
973;2021-05-16;208;210;33555;16203;11.5;5.6
973;2021-05-17;447;600;34002;16803;11.7;5.8
973;2021-05-18;563;567;34565;17370;11.9;6.0
973;2021-05-19;535;553;35100;17923;12.1;6.2
973;2021-05-20;642;452;35742;18375;12.3;6.3
973;2021-05-21;501;608;36243;18983;12.5;6.5
973;2021-05-22;167;502;36410;19485;12.5;6.7
973;2021-05-23;270;474;36680;19959;12.6;6.9
973;2021-05-24;562;248;37242;20207;12.8;7.0
973;2021-05-25;499;743;37741;20950;13.0;7.2
973;2021-05-26;447;683;38188;21633;13.1;7.4
973;2021-05-27;707;525;38895;22158;13.4;7.6
973;2021-05-28;579;553;39474;22711;13.6;7.8
973;2021-05-29;256;360;39730;23071;13.7;7.9
973;2021-05-30;151;399;39881;23470;13.7;8.1
973;2021-05-31;356;574;40237;24044;13.8;8.3
973;2021-06-01;420;465;40657;24509;14.0;8.4
973;2021-06-02;562;554;41219;25063;14.2;8.6
973;2021-06-03;520;469;41739;25532;14.4;8.8
973;2021-06-04;599;495;42338;26027;14.6;9.0
973;2021-06-05;273;292;42611;26319;14.7;9.1
973;2021-06-06;211;299;42822;26618;14.7;9.2
973;2021-06-07;488;452;43310;27070;14.9;9.3
973;2021-06-08;546;313;43856;27383;15.1;9.4
973;2021-06-09;520;389;44376;27772;15.3;9.6
973;2021-06-10;356;289;44732;28061;15.4;9.7
973;2021-06-11;434;467;45166;28528;15.5;9.8
973;2021-06-12;170;284;45336;28812;15.6;9.9
973;2021-06-13;214;268;45550;29080;15.7;10.0
973;2021-06-14;377;549;45927;29629;15.8;10.2
973;2021-06-15;376;444;46303;30073;15.9;10.3
973;2021-06-16;482;459;46785;30532;16.1;10.5
973;2021-06-17;433;578;47218;31110;16.2;10.7
973;2021-06-18;385;564;47603;31674;16.4;10.9
973;2021-06-19;235;260;47838;31934;16.5;11.0
973;2021-06-20;126;270;47964;32204;16.5;11.1
973;2021-06-21;286;603;48250;32807;16.6;11.3
973;2021-06-22;329;459;48579;33266;16.7;11.4
973;2021-06-23;298;538;48877;33804;16.8;11.6
973;2021-06-24;404;501;49281;34305;17.0;11.8
973;2021-06-25;403;555;49684;34860;17.1;12.0
973;2021-06-26;172;320;49856;35180;17.2;12.1
973;2021-06-27;121;170;49977;35350;17.2;12.2
973;2021-06-28;285;592;50262;35942;17.3;12.4
973;2021-06-29;343;507;50605;36449;17.4;12.5
973;2021-06-30;373;677;50978;37126;17.5;12.8
973;2021-07-01;393;400;51371;37526;17.7;12.9
973;2021-07-02;416;522;51787;38048;17.8;13.1
973;2021-07-03;207;274;51994;38322;17.9;13.2
973;2021-07-04;86;243;52080;38565;17.9;13.3
973;2021-07-05;324;547;52404;39112;18.0;13.5
973;2021-07-06;315;473;52719;39585;18.1;13.6
973;2021-07-07;315;413;53034;39998;18.2;13.8
973;2021-07-08;267;329;53301;40327;18.3;13.9
973;2021-07-09;363;435;53664;40762;18.5;14.0
973;2021-07-10;164;277;53828;41039;18.5;14.1
973;2021-07-11;102;163;53930;41202;18.6;14.2
973;2021-07-12;369;496;54299;41698;18.7;14.3
973;2021-07-13;655;556;54954;42254;18.9;14.5
973;2021-07-14;379;160;55333;42414;19.0;14.6
973;2021-07-15;622;524;55955;42938;19.2;14.8
973;2021-07-16;572;485;56527;43423;19.4;14.9
973;2021-07-17;338;284;56865;43707;19.6;15.0
973;2021-07-18;249;120;57114;43827;19.6;15.1
973;2021-07-19;496;455;57610;44282;19.8;15.2
973;2021-07-20;521;488;58131;44770;20.0;15.4
973;2021-07-21;507;386;58638;45156;20.2;15.5
973;2021-07-22;619;449;59257;45605;20.4;15.7
973;2021-07-23;573;364;59830;45969;20.6;15.8
973;2021-07-24;321;237;60151;46206;20.7;15.9
973;2021-07-25;161;110;60312;46316;20.7;15.9
973;2021-07-26;417;345;60729;46661;20.9;16.1
973;2021-07-27;468;355;61197;47016;21.1;16.2
973;2021-07-28;384;370;61581;47386;21.2;16.3
973;2021-07-29;468;427;62049;47813;21.3;16.4
973;2021-07-30;434;400;62483;48213;21.5;16.6
973;2021-07-31;204;163;62687;48376;21.6;16.6
973;2021-08-01;139;131;62826;48507;21.6;16.7
973;2021-08-02;376;428;63202;48935;21.7;16.8
973;2021-08-03;387;396;63589;49331;21.9;17.0
973;2021-08-04;276;370;63865;49701;22.0;17.1
973;2021-08-05;307;351;64172;50052;22.1;17.2
973;2021-08-06;303;508;64475;50560;22.2;17.4
973;2021-08-07;161;267;64636;50827;22.2;17.5
973;2021-08-08;114;176;64750;51003;22.3;17.5
973;2021-08-09;298;462;65048;51465;22.4;17.7
974;2020-12-27;0;0;0;0;0.0;0.0
974;2020-12-28;0;0;0;0;0.0;0.0
974;2020-12-29;0;0;0;0;0.0;0.0
974;2020-12-30;0;0;0;0;0.0;0.0
974;2020-12-31;0;0;0;0;0.0;0.0
974;2021-01-01;1;0;1;0;0.0;0.0
974;2021-01-02;0;0;1;0;0.0;0.0
974;2021-01-03;0;0;1;0;0.0;0.0
974;2021-01-04;0;0;1;0;0.0;0.0
974;2021-01-05;2;0;3;0;0.0;0.0
974;2021-01-06;0;0;3;0;0.0;0.0
974;2021-01-07;0;0;3;0;0.0;0.0
974;2021-01-08;0;0;3;0;0.0;0.0
974;2021-01-09;1;0;4;0;0.0;0.0
974;2021-01-10;0;0;4;0;0.0;0.0
974;2021-01-11;0;0;4;0;0.0;0.0
974;2021-01-12;0;0;4;0;0.0;0.0
974;2021-01-13;0;0;4;0;0.0;0.0
974;2021-01-14;0;0;4;0;0.0;0.0
974;2021-01-15;332;0;336;0;0.0;0.0
974;2021-01-16;27;0;363;0;0.0;0.0
974;2021-01-17;0;0;363;0;0.0;0.0
974;2021-01-18;49;1;412;1;0.0;0.0
974;2021-01-19;393;0;805;1;0.1;0.0
974;2021-01-20;482;1;1287;2;0.1;0.0
974;2021-01-21;614;2;1901;4;0.2;0.0
974;2021-01-22;413;1;2314;5;0.3;0.0
974;2021-01-23;75;0;2389;5;0.3;0.0
974;2021-01-24;0;0;2389;5;0.3;0.0
974;2021-01-25;273;2;2662;7;0.3;0.0
974;2021-01-26;429;0;3091;7;0.4;0.0
974;2021-01-27;317;0;3408;7;0.4;0.0
974;2021-01-28;409;0;3817;7;0.4;0.0
974;2021-01-29;422;3;4239;10;0.5;0.0
974;2021-01-30;421;1;4660;11;0.5;0.0
974;2021-01-31;0;0;4660;11;0.5;0.0
974;2021-02-01;373;4;5033;15;0.6;0.0
974;2021-02-02;500;4;5533;19;0.6;0.0
974;2021-02-03;602;14;6135;33;0.7;0.0
974;2021-02-04;628;21;6763;54;0.8;0.0
974;2021-02-05;564;97;7327;151;0.9;0.0
974;2021-02-06;501;5;7828;156;0.9;0.0
974;2021-02-07;0;8;7828;164;0.9;0.0
974;2021-02-08;472;34;8300;198;1.0;0.0
974;2021-02-09;786;92;9086;290;1.1;0.0
974;2021-02-10;820;87;9906;377;1.2;0.0
974;2021-02-11;796;89;10702;466;1.2;0.1
974;2021-02-12;637;93;11339;559;1.3;0.1
974;2021-02-13;653;75;11992;634;1.4;0.1
974;2021-02-14;1;0;11993;634;1.4;0.1
974;2021-02-15;524;126;12517;760;1.5;0.1
974;2021-02-16;651;533;13168;1293;1.5;0.2
974;2021-02-17;592;327;13760;1620;1.6;0.2
974;2021-02-18;493;410;14253;2030;1.7;0.2
974;2021-02-19;497;319;14750;2349;1.7;0.3
974;2021-02-20;577;117;15327;2466;1.8;0.3
974;2021-02-21;0;0;15327;2466;1.8;0.3
974;2021-02-22;402;236;15729;2702;1.8;0.3
974;2021-02-23;607;240;16336;2942;1.9;0.3
974;2021-02-24;584;252;16920;3194;2.0;0.4
974;2021-02-25;647;295;17567;3489;2.0;0.4
974;2021-02-26;485;470;18052;3959;2.1;0.5
974;2021-02-27;384;468;18436;4427;2.1;0.5
974;2021-02-28;0;0;18436;4427;2.1;0.5
974;2021-03-01;293;385;18729;4812;2.2;0.6
974;2021-03-02;485;503;19214;5315;2.2;0.6
974;2021-03-03;757;537;19971;5852;2.3;0.7
974;2021-03-04;777;493;20748;6345;2.4;0.7
974;2021-03-05;727;523;21475;6868;2.5;0.8
974;2021-03-06;812;526;22287;7394;2.6;0.9
974;2021-03-07;0;0;22287;7394;2.6;0.9
974;2021-03-08;436;558;22723;7952;2.6;0.9
974;2021-03-09;671;770;23394;8722;2.7;1.0
974;2021-03-10;643;836;24037;9558;2.8;1.1
974;2021-03-11;701;635;24738;10193;2.9;1.2
974;2021-03-12;730;653;25468;10846;3.0;1.3
974;2021-03-13;668;600;26136;11446;3.0;1.3
974;2021-03-14;2;0;26138;11446;3.0;1.3
974;2021-03-15;506;502;26644;11948;3.1;1.4
974;2021-03-16;681;691;27325;12639;3.2;1.5
974;2021-03-17;848;532;28173;13171;3.3;1.5
974;2021-03-18;1022;539;29195;13710;3.4;1.6
974;2021-03-19;785;533;29980;14243;3.5;1.7
974;2021-03-20;578;597;30558;14840;3.6;1.7
974;2021-03-21;0;0;30558;14840;3.6;1.7
974;2021-03-22;566;469;31124;15309;3.6;1.8
974;2021-03-23;780;639;31904;15948;3.7;1.9
974;2021-03-24;792;644;32696;16592;3.8;1.9
974;2021-03-25;932;538;33628;17130;3.9;2.0
974;2021-03-26;922;451;34550;17581;4.0;2.0
974;2021-03-27;782;337;35332;17918;4.1;2.1
974;2021-03-28;1;0;35333;17918;4.1;2.1
974;2021-03-29;961;270;36294;18188;4.2;2.1
974;2021-03-30;884;497;37178;18685;4.3;2.2
974;2021-03-31;740;660;37918;19345;4.4;2.2
974;2021-04-01;716;708;38634;20053;4.5;2.3
974;2021-04-02;688;758;39322;20811;4.6;2.4
974;2021-04-03;699;700;40021;21511;4.7;2.5
974;2021-04-04;0;0;40021;21511;4.7;2.5
974;2021-04-05;0;0;40021;21511;4.7;2.5
974;2021-04-06;795;635;40816;22146;4.7;2.6
974;2021-04-07;1368;788;42184;22934;4.9;2.7
974;2021-04-08;1792;769;43976;23703;5.1;2.8
974;2021-04-09;1509;778;45485;24481;5.3;2.8
974;2021-04-10;1138;647;46623;25128;5.4;2.9
974;2021-04-11;2;0;46625;25128;5.4;2.9
974;2021-04-12;1238;545;47863;25673;5.6;3.0
974;2021-04-13;1439;751;49302;26424;5.7;3.1
974;2021-04-14;2070;763;51372;27187;6.0;3.2
974;2021-04-15;2508;954;53880;28141;6.3;3.3
974;2021-04-16;1933;784;55813;28925;6.5;3.4
974;2021-04-17;1290;604;57103;29529;6.6;3.4
974;2021-04-18;0;0;57103;29529;6.6;3.4
974;2021-04-19;1374;564;58477;30093;6.8;3.5
974;2021-04-20;1651;805;60128;30898;7.0;3.6
974;2021-04-21;2126;626;62254;31524;7.2;3.7
974;2021-04-22;2951;817;65205;32341;7.6;3.8
974;2021-04-23;2312;817;67517;33158;7.9;3.9
974;2021-04-24;1109;801;68626;33959;8.0;3.9
974;2021-04-25;3;0;68629;33959;8.0;3.9
974;2021-04-26;1173;915;69802;34874;8.1;4.1
974;2021-04-27;1685;1028;71487;35902;8.3;4.2
974;2021-04-28;2898;749;74385;36651;8.6;4.3
974;2021-04-29;3948;809;78333;37460;9.1;4.4
974;2021-04-30;3444;905;81777;38365;9.5;4.5
974;2021-05-01;2106;226;83883;38591;9.8;4.5
974;2021-05-02;1;0;83884;38591;9.8;4.5
974;2021-05-03;1865;574;85749;39165;10.0;4.6
974;2021-05-04;2128;1095;87877;40260;10.2;4.7
974;2021-05-05;3117;1638;90994;41898;10.6;4.9
974;2021-05-06;4004;1586;94998;43484;11.0;5.1
974;2021-05-07;3228;1525;98226;45009;11.4;5.2
974;2021-05-08;1572;503;99798;45512;11.6;5.3
974;2021-05-09;2;1;99800;45513;11.6;5.3
974;2021-05-10;2412;999;102212;46512;11.9;5.4
974;2021-05-11;3652;1638;105864;48150;12.3;5.6
974;2021-05-12;4723;2398;110587;50548;12.9;5.9
974;2021-05-13;3555;595;114142;51143;13.3;5.9
974;2021-05-14;5272;2510;119414;53653;13.9;6.2
974;2021-05-15;3161;1540;122575;55193;14.3;6.4
974;2021-05-16;15;18;122590;55211;14.3;6.4
974;2021-05-17;2999;1498;125589;56709;14.6;6.6
974;2021-05-18;3762;1795;129351;58504;15.0;6.8
974;2021-05-19;4690;2404;134041;60908;15.6;7.1
974;2021-05-20;5140;2850;139181;63758;16.2;7.4
974;2021-05-21;4992;2633;144173;66391;16.8;7.7
974;2021-05-22;3370;1256;147543;67647;17.2;7.9
974;2021-05-23;5;3;147548;67650;17.2;7.9
974;2021-05-24;3645;1076;151193;68726;17.6;8.0
974;2021-05-25;4247;1910;155440;70636;18.1;8.2
974;2021-05-26;4993;2986;160433;73622;18.7;8.6
974;2021-05-27;4615;4090;165048;77712;19.2;9.0
974;2021-05-28;4382;3831;169430;81543;19.7;9.5
974;2021-05-29;2556;2454;171986;83997;20.0;9.8
974;2021-05-30;8;14;171994;84011;20.0;9.8
974;2021-05-31;2348;2254;174342;86265;20.3;10.0
974;2021-06-01;3301;2746;177643;89011;20.7;10.4
974;2021-06-02;3975;3353;181618;92364;21.1;10.7
974;2021-06-03;4045;3652;185663;96016;21.6;11.2
974;2021-06-04;3847;3755;189510;99771;22.0;11.6
974;2021-06-05;2214;1924;191724;101695;22.3;11.8
974;2021-06-06;1073;132;192797;101827;22.4;11.8
974;2021-06-07;2013;2527;194810;104354;22.7;12.1
974;2021-06-08;2557;3336;197367;107690;23.0;12.5
974;2021-06-09;2982;4834;200349;112524;23.3;13.1
974;2021-06-10;3413;4458;203762;116982;23.7;13.6
974;2021-06-11;2841;4622;206603;121604;24.0;14.1
974;2021-06-12;1726;3378;208329;124982;24.2;14.5
974;2021-06-13;1323;245;209652;125227;24.4;14.6
974;2021-06-14;1491;3182;211143;128409;24.6;14.9
974;2021-06-15;2058;3617;213201;132026;24.8;15.4
974;2021-06-16;2751;4651;215952;136677;25.1;15.9
974;2021-06-17;2520;4897;218472;141574;25.4;16.5
974;2021-06-18;2592;4892;221064;146466;25.7;17.0
974;2021-06-19;1304;3517;222368;149983;25.9;17.4
974;2021-06-20;632;288;223000;150271;25.9;17.5
974;2021-06-21;1264;3232;224264;153503;26.1;17.9
974;2021-06-22;1623;3765;225887;157268;26.3;18.3
974;2021-06-23;2253;4991;228140;162259;26.5;18.9
974;2021-06-24;2283;4071;230423;166330;26.8;19.3
974;2021-06-25;2190;4107;232613;170437;27.0;19.8
974;2021-06-26;1400;2709;234013;173146;27.2;20.1
974;2021-06-27;665;265;234678;173411;27.3;20.2
974;2021-06-28;1307;2479;235985;175890;27.4;20.5
974;2021-06-29;1758;2844;237743;178734;27.6;20.8
974;2021-06-30;2559;3847;240302;182581;27.9;21.2
974;2021-07-01;2693;3825;242995;186406;28.3;21.7
974;2021-07-02;2505;3712;245500;190118;28.5;22.1
974;2021-07-03;1611;2459;247111;192577;28.7;22.4
974;2021-07-04;881;1036;247992;193613;28.8;22.5
974;2021-07-05;1690;2219;249682;195832;29.0;22.8
974;2021-07-06;2572;2534;252254;198366;29.3;23.1
974;2021-07-07;2660;3138;254914;201504;29.6;23.4
974;2021-07-08;2404;3172;257318;204676;29.9;23.8
974;2021-07-09;2755;3426;260073;208102;30.2;24.2
974;2021-07-10;1616;2190;261689;210292;30.4;24.5
974;2021-07-11;729;1017;262418;211309;30.5;24.6
974;2021-07-12;1741;2603;264159;213912;30.7;24.9
974;2021-07-13;4412;3326;268571;217238;31.2;25.3
974;2021-07-14;3287;597;271858;217835;31.6;25.3
974;2021-07-15;5535;4006;277393;221841;32.3;25.8
974;2021-07-16;6204;3286;283597;225127;33.0;26.2
974;2021-07-17;4360;1905;287957;227032;33.5;26.4
974;2021-07-18;2669;756;290626;227788;33.8;26.5
974;2021-07-19;4632;2020;295258;229808;34.3;26.7
974;2021-07-20;6196;2411;301454;232219;35.1;27.0
974;2021-07-21;6688;2849;308142;235068;35.8;27.3
974;2021-07-22;7046;2815;315188;237883;36.7;27.7
974;2021-07-23;6587;2976;321775;240859;37.4;28.0
974;2021-07-24;3772;2056;325547;242915;37.9;28.2
974;2021-07-25;2513;758;328060;243673;38.1;28.3
974;2021-07-26;4320;2083;332380;245756;38.7;28.6
974;2021-07-27;5360;2545;337740;248301;39.3;28.9
974;2021-07-28;5320;2884;343060;251185;39.9;29.2
974;2021-07-29;5692;2796;348752;253981;40.6;29.5
974;2021-07-30;5824;2577;354576;256558;41.2;29.8
974;2021-07-31;3897;1635;358473;258193;41.7;30.0
974;2021-08-01;1882;713;360355;258906;41.9;30.1
974;2021-08-02;3371;1857;363726;260763;42.3;30.3
974;2021-08-03;4243;4071;367969;264834;42.8;30.8
974;2021-08-04;4822;4213;372791;269047;43.3;31.3
974;2021-08-05;4393;4663;377184;273710;43.9;31.8
974;2021-08-06;4028;5080;381212;278790;44.3;32.4
974;2021-08-07;2713;4039;383925;282829;44.6;32.9
974;2021-08-08;1463;2258;385388;285087;44.8;33.2
974;2021-08-09;2531;4520;387919;289607;45.1;33.7
975;2020-12-27;0;0;0;0;0.0;0.0
975;2020-12-28;0;0;0;0;0.0;0.0
975;2020-12-29;0;0;0;0;0.0;0.0
975;2020-12-30;0;0;0;0;0.0;0.0
975;2020-12-31;0;0;0;0;0.0;0.0
975;2021-01-01;0;0;0;0;0.0;0.0
975;2021-01-02;0;0;0;0;0.0;0.0
975;2021-01-03;0;0;0;0;0.0;0.0
975;2021-01-04;0;0;0;0;0.0;0.0
975;2021-01-05;0;0;0;0;0.0;0.0
975;2021-01-06;0;0;0;0;0.0;0.0
975;2021-01-07;0;0;0;0;0.0;0.0
975;2021-01-08;0;0;0;0;0.0;0.0
975;2021-01-09;0;0;0;0;0.0;0.0
975;2021-01-10;0;0;0;0;0.0;0.0
975;2021-01-11;0;0;0;0;0.0;0.0
975;2021-01-12;0;0;0;0;0.0;0.0
975;2021-01-13;0;0;0;0;0.0;0.0
975;2021-01-14;0;0;0;0;0.0;0.0
975;2021-01-15;0;0;0;0;0.0;0.0
975;2021-01-16;0;0;0;0;0.0;0.0
975;2021-01-17;0;0;0;0;0.0;0.0
975;2021-01-18;0;0;0;0;0.0;0.0
975;2021-01-19;0;0;0;0;0.0;0.0
975;2021-01-20;0;0;0;0;0.0;0.0
975;2021-01-21;0;0;0;0;0.0;0.0
975;2021-01-22;0;0;0;0;0.0;0.0
975;2021-01-23;0;0;0;0;0.0;0.0
975;2021-01-24;0;0;0;0;0.0;0.0
975;2021-01-25;0;0;0;0;0.0;0.0
975;2021-01-26;0;0;0;0;0.0;0.0
975;2021-01-27;0;0;0;0;0.0;0.0
975;2021-01-28;0;0;0;0;0.0;0.0
975;2021-01-29;0;0;0;0;0.0;0.0
975;2021-01-30;0;0;0;0;0.0;0.0
975;2021-01-31;0;0;0;0;0.0;0.0
975;2021-02-01;0;0;0;0;0.0;0.0
975;2021-02-02;0;0;0;0;0.0;0.0
975;2021-02-03;0;0;0;0;0.0;0.0
975;2021-02-04;0;0;0;0;0.0;0.0
975;2021-02-05;0;0;0;0;0.0;0.0
975;2021-02-06;0;0;0;0;0.0;0.0
975;2021-02-07;0;0;0;0;0.0;0.0
975;2021-02-08;0;0;0;0;0.0;0.0
975;2021-02-09;0;0;0;0;0.0;0.0
975;2021-02-10;0;0;0;0;0.0;0.0
975;2021-02-11;0;0;0;0;0.0;0.0
975;2021-02-12;0;0;0;0;0.0;0.0
975;2021-02-13;0;0;0;0;0.0;0.0
975;2021-02-14;0;0;0;0;0.0;0.0
975;2021-02-15;0;0;0;0;0.0;0.0
975;2021-02-16;0;0;0;0;0.0;0.0
975;2021-02-17;0;0;0;0;0.0;0.0
975;2021-02-18;0;0;0;0;0.0;0.0
975;2021-02-19;0;0;0;0;0.0;0.0
975;2021-02-20;0;0;0;0;0.0;0.0
975;2021-02-21;0;0;0;0;0.0;0.0
975;2021-02-22;0;0;0;0;0.0;0.0
975;2021-02-23;0;0;0;0;0.0;0.0
975;2021-02-24;0;0;0;0;0.0;0.0
975;2021-02-25;0;0;0;0;0.0;0.0
975;2021-02-26;0;0;0;0;0.0;0.0
975;2021-02-27;0;0;0;0;0.0;0.0
975;2021-02-28;0;0;0;0;0.0;0.0
975;2021-03-01;0;0;0;0;0.0;0.0
975;2021-03-02;0;0;0;0;0.0;0.0
975;2021-03-03;0;0;0;0;0.0;0.0
975;2021-03-04;0;0;0;0;0.0;0.0
975;2021-03-05;0;0;0;0;0.0;0.0
975;2021-03-06;0;0;0;0;0.0;0.0
975;2021-03-07;0;0;0;0;0.0;0.0
975;2021-03-08;0;0;0;0;0.0;0.0
975;2021-03-09;0;0;0;0;0.0;0.0
975;2021-03-10;0;0;0;0;0.0;0.0
975;2021-03-11;0;0;0;0;0.0;0.0
975;2021-03-12;0;0;0;0;0.0;0.0
975;2021-03-13;0;0;0;0;0.0;0.0
975;2021-03-14;0;0;0;0;0.0;0.0
975;2021-03-15;0;0;0;0;0.0;0.0
975;2021-03-16;0;0;0;0;0.0;0.0
975;2021-03-17;0;0;0;0;0.0;0.0
975;2021-03-18;0;0;0;0;0.0;0.0
975;2021-03-19;0;0;0;0;0.0;0.0
975;2021-03-20;0;0;0;0;0.0;0.0
975;2021-03-21;0;0;0;0;0.0;0.0
975;2021-03-22;0;0;0;0;0.0;0.0
975;2021-03-23;0;0;0;0;0.0;0.0
975;2021-03-24;0;0;0;0;0.0;0.0
975;2021-03-25;0;0;0;0;0.0;0.0
975;2021-03-26;0;0;0;0;0.0;0.0
975;2021-03-27;0;0;0;0;0.0;0.0
975;2021-03-28;0;0;0;0;0.0;0.0
975;2021-03-29;2;0;2;0;0.0;0.0
975;2021-03-30;0;0;2;0;0.0;0.0
975;2021-03-31;0;0;2;0;0.0;0.0
975;2021-04-01;0;0;2;0;0.0;0.0
975;2021-04-02;0;0;2;0;0.0;0.0
975;2021-04-03;0;0;2;0;0.0;0.0
975;2021-04-04;0;0;2;0;0.0;0.0
975;2021-04-05;0;0;2;0;0.0;0.0
975;2021-04-06;0;0;2;0;0.0;0.0
975;2021-04-07;0;0;2;0;0.0;0.0
975;2021-04-08;1;0;3;0;0.1;0.0
975;2021-04-09;0;0;3;0;0.1;0.0
975;2021-04-10;0;0;3;0;0.1;0.0
975;2021-04-11;0;0;3;0;0.1;0.0
975;2021-04-12;0;0;3;0;0.1;0.0
975;2021-04-13;0;0;3;0;0.1;0.0
975;2021-04-14;0;0;3;0;0.1;0.0
975;2021-04-15;0;0;3;0;0.1;0.0
975;2021-04-16;0;0;3;0;0.1;0.0
975;2021-04-17;0;0;3;0;0.1;0.0
975;2021-04-18;0;0;3;0;0.1;0.0
975;2021-04-19;0;0;3;0;0.1;0.0
975;2021-04-20;0;0;3;0;0.1;0.0
975;2021-04-21;0;0;3;0;0.1;0.0
975;2021-04-22;0;0;3;0;0.1;0.0
975;2021-04-23;0;0;3;0;0.1;0.0
975;2021-04-24;0;0;3;0;0.1;0.0
975;2021-04-25;0;0;3;0;0.1;0.0
975;2021-04-26;0;0;3;0;0.1;0.0
975;2021-04-27;0;0;3;0;0.1;0.0
975;2021-04-28;0;0;3;0;0.1;0.0
975;2021-04-29;0;0;3;0;0.1;0.0
975;2021-04-30;0;0;3;0;0.1;0.0
975;2021-05-01;0;0;3;0;0.1;0.0
975;2021-05-02;0;0;3;0;0.1;0.0
975;2021-05-03;0;0;3;0;0.1;0.0
975;2021-05-04;0;0;3;0;0.1;0.0
975;2021-05-05;0;0;3;0;0.1;0.0
975;2021-05-06;0;0;3;0;0.1;0.0
975;2021-05-07;0;0;3;0;0.1;0.0
975;2021-05-08;0;0;3;0;0.1;0.0
975;2021-05-09;0;0;3;0;0.1;0.0
975;2021-05-10;0;0;3;0;0.1;0.0
975;2021-05-11;0;0;3;0;0.1;0.0
975;2021-05-12;0;0;3;0;0.1;0.0
975;2021-05-13;0;0;3;0;0.1;0.0
975;2021-05-14;0;0;3;0;0.1;0.0
975;2021-05-15;0;0;3;0;0.1;0.0
975;2021-05-16;0;0;3;0;0.1;0.0
975;2021-05-17;0;0;3;0;0.1;0.0
975;2021-05-18;0;0;3;0;0.1;0.0
975;2021-05-19;0;0;3;0;0.1;0.0
975;2021-05-20;0;0;3;0;0.1;0.0
975;2021-05-21;0;0;3;0;0.1;0.0
975;2021-05-22;0;0;3;0;0.1;0.0
975;2021-05-23;0;0;3;0;0.1;0.0
975;2021-05-24;0;0;3;0;0.1;0.0
975;2021-05-25;0;0;3;0;0.1;0.0
975;2021-05-26;0;0;3;0;0.1;0.0
975;2021-05-27;0;0;3;0;0.1;0.0
975;2021-05-28;0;0;3;0;0.1;0.0
975;2021-05-29;0;2;3;2;0.1;0.0
975;2021-05-30;0;0;3;2;0.1;0.0
975;2021-05-31;0;0;3;2;0.1;0.0
975;2021-06-01;0;0;3;2;0.1;0.0
975;2021-06-02;0;0;3;2;0.1;0.0
975;2021-06-03;0;0;3;2;0.1;0.0
975;2021-06-04;0;0;3;2;0.1;0.0
975;2021-06-05;0;0;3;2;0.1;0.0
975;2021-06-06;0;0;3;2;0.1;0.0
975;2021-06-07;0;0;3;2;0.1;0.0
975;2021-06-08;0;0;3;2;0.1;0.0
975;2021-06-09;0;0;3;2;0.1;0.0
975;2021-06-10;0;0;3;2;0.1;0.0
975;2021-06-11;0;0;3;2;0.1;0.0
975;2021-06-12;0;0;3;2;0.1;0.0
975;2021-06-13;0;0;3;2;0.1;0.0
975;2021-06-14;0;0;3;2;0.1;0.0
975;2021-06-15;0;0;3;2;0.1;0.0
975;2021-06-16;0;0;3;2;0.1;0.0
975;2021-06-17;0;0;3;2;0.1;0.0
975;2021-06-18;0;0;3;2;0.1;0.0
975;2021-06-19;0;0;3;2;0.1;0.0
975;2021-06-20;0;0;3;2;0.1;0.0
975;2021-06-21;1;0;4;2;0.1;0.0
975;2021-06-22;0;0;4;2;0.1;0.0
975;2021-06-23;0;0;4;2;0.1;0.0
975;2021-06-24;0;0;4;2;0.1;0.0
975;2021-06-25;0;0;4;2;0.1;0.0
975;2021-06-26;0;0;4;2;0.1;0.0
975;2021-06-27;0;0;4;2;0.1;0.0
975;2021-06-28;0;0;4;2;0.1;0.0
975;2021-06-29;0;0;4;2;0.1;0.0
975;2021-06-30;0;0;4;2;0.1;0.0
975;2021-07-01;0;0;4;2;0.1;0.0
975;2021-07-02;0;0;4;2;0.1;0.0
975;2021-07-03;0;0;4;2;0.1;0.0
975;2021-07-04;0;0;4;2;0.1;0.0
975;2021-07-05;0;0;4;2;0.1;0.0
975;2021-07-06;1;0;5;2;0.1;0.0
975;2021-07-07;6;0;11;2;0.2;0.0
975;2021-07-08;0;0;11;2;0.2;0.0
975;2021-07-09;1;0;12;2;0.2;0.0
975;2021-07-10;0;0;12;2;0.2;0.0
975;2021-07-11;0;0;12;2;0.2;0.0
975;2021-07-12;0;0;12;2;0.2;0.0
975;2021-07-13;0;0;12;2;0.2;0.0
975;2021-07-14;0;0;12;2;0.2;0.0
975;2021-07-15;0;0;12;2;0.2;0.0
975;2021-07-16;0;0;12;2;0.2;0.0
975;2021-07-17;0;0;12;2;0.2;0.0
975;2021-07-18;0;0;12;2;0.2;0.0
975;2021-07-19;0;0;12;2;0.2;0.0
975;2021-07-20;0;0;12;2;0.2;0.0
975;2021-07-21;0;0;12;2;0.2;0.0
975;2021-07-22;0;0;12;2;0.2;0.0
975;2021-07-23;0;0;12;2;0.2;0.0
975;2021-07-24;0;0;12;2;0.2;0.0
975;2021-07-25;0;0;12;2;0.2;0.0
975;2021-07-26;0;0;12;2;0.2;0.0
975;2021-07-27;0;0;12;2;0.2;0.0
975;2021-07-28;0;0;12;2;0.2;0.0
975;2021-07-29;0;0;12;2;0.2;0.0
975;2021-07-30;0;0;12;2;0.2;0.0
975;2021-07-31;0;0;12;2;0.2;0.0
975;2021-08-01;0;0;12;2;0.2;0.0
975;2021-08-02;1;0;13;2;0.2;0.0
975;2021-08-03;0;0;13;2;0.2;0.0
975;2021-08-04;0;0;13;2;0.2;0.0
975;2021-08-05;0;0;13;2;0.2;0.0
975;2021-08-06;0;0;13;2;0.2;0.0
975;2021-08-07;0;0;13;2;0.2;0.0
975;2021-08-08;0;0;13;2;0.2;0.0
975;2021-08-09;0;0;13;2;0.2;0.0
976;2020-12-27;0;0;0;0;0.0;0.0
976;2020-12-28;0;0;0;0;0.0;0.0
976;2020-12-29;0;0;0;0;0.0;0.0
976;2020-12-30;0;0;0;0;0.0;0.0
976;2020-12-31;0;0;0;0;0.0;0.0
976;2021-01-01;0;0;0;0;0.0;0.0
976;2021-01-02;0;0;0;0;0.0;0.0
976;2021-01-03;0;0;0;0;0.0;0.0
976;2021-01-04;0;0;0;0;0.0;0.0
976;2021-01-05;0;0;0;0;0.0;0.0
976;2021-01-06;0;0;0;0;0.0;0.0
976;2021-01-07;0;0;0;0;0.0;0.0
976;2021-01-08;0;0;0;0;0.0;0.0
976;2021-01-09;0;0;0;0;0.0;0.0
976;2021-01-10;0;0;0;0;0.0;0.0
976;2021-01-11;9;0;9;0;0.0;0.0
976;2021-01-12;0;0;9;0;0.0;0.0
976;2021-01-13;0;0;9;0;0.0;0.0
976;2021-01-14;0;0;9;0;0.0;0.0
976;2021-01-15;1;0;10;0;0.0;0.0
976;2021-01-16;1;0;11;0;0.0;0.0
976;2021-01-17;0;0;11;0;0.0;0.0
976;2021-01-18;1;0;12;0;0.0;0.0
976;2021-01-19;0;0;12;0;0.0;0.0
976;2021-01-20;0;0;12;0;0.0;0.0
976;2021-01-21;0;0;12;0;0.0;0.0
976;2021-01-22;0;0;12;0;0.0;0.0
976;2021-01-23;1;0;13;0;0.0;0.0
976;2021-01-24;0;0;13;0;0.0;0.0
976;2021-01-25;142;3;155;3;0.1;0.0
976;2021-01-26;165;3;320;6;0.1;0.0
976;2021-01-27;251;3;571;9;0.2;0.0
976;2021-01-28;102;8;673;17;0.2;0.0
976;2021-01-29;231;2;904;19;0.3;0.0
976;2021-01-30;285;11;1189;30;0.4;0.0
976;2021-01-31;1;0;1190;30;0.4;0.0
976;2021-02-01;160;0;1350;30;0.5;0.0
976;2021-02-02;330;8;1680;38;0.6;0.0
976;2021-02-03;228;3;1908;41;0.7;0.0
976;2021-02-04;216;9;2124;50;0.8;0.0
976;2021-02-05;214;1;2338;51;0.8;0.0
976;2021-02-06;83;10;2421;61;0.9;0.0
976;2021-02-07;0;0;2421;61;0.9;0.0
976;2021-02-08;82;4;2503;65;0.9;0.0
976;2021-02-09;193;1;2696;66;1.0;0.0
976;2021-02-10;187;4;2883;70;1.0;0.0
976;2021-02-11;236;4;3119;74;1.1;0.0
976;2021-02-12;287;4;3406;78;1.2;0.0
976;2021-02-13;56;0;3462;78;1.2;0.0
976;2021-02-14;1;0;3463;78;1.2;0.0
976;2021-02-15;359;6;3822;84;1.4;0.0
976;2021-02-16;266;10;4088;94;1.5;0.0
976;2021-02-17;167;8;4255;102;1.5;0.0
976;2021-02-18;217;12;4472;114;1.6;0.0
976;2021-02-19;237;24;4709;138;1.7;0.0
976;2021-02-20;139;8;4848;146;1.7;0.1
976;2021-02-21;0;0;4848;146;1.7;0.1
976;2021-02-22;130;122;4978;268;1.8;0.1
976;2021-02-23;185;155;5163;423;1.8;0.2
976;2021-02-24;176;145;5339;568;1.9;0.2
976;2021-02-25;227;277;5566;845;2.0;0.3
976;2021-02-26;242;247;5808;1092;2.1;0.4
976;2021-02-27;0;0;5808;1092;2.1;0.4
976;2021-02-28;0;0;5808;1092;2.1;0.4
976;2021-03-01;145;259;5953;1351;2.1;0.5
976;2021-03-02;228;260;6181;1611;2.2;0.6
976;2021-03-03;202;189;6383;1800;2.3;0.6
976;2021-03-04;205;143;6588;1943;2.4;0.7
976;2021-03-05;224;114;6812;2057;2.4;0.7
976;2021-03-06;1;0;6813;2057;2.4;0.7
976;2021-03-07;0;0;6813;2057;2.4;0.7
976;2021-03-08;189;109;7002;2166;2.5;0.8
976;2021-03-09;391;161;7393;2327;2.6;0.8
976;2021-03-10;180;178;7573;2505;2.7;0.9
976;2021-03-11;167;207;7740;2712;2.8;1.0
976;2021-03-12;237;293;7977;3005;2.9;1.1
976;2021-03-13;2;0;7979;3005;2.9;1.1
976;2021-03-14;0;0;7979;3005;2.9;1.1
976;2021-03-15;157;293;8136;3298;2.9;1.2
976;2021-03-16;237;224;8373;3522;3.0;1.3
976;2021-03-17;264;143;8637;3665;3.1;1.3
976;2021-03-18;173;236;8810;3901;3.2;1.4
976;2021-03-19;173;298;8983;4199;3.2;1.5
976;2021-03-20;0;0;8983;4199;3.2;1.5
976;2021-03-21;0;0;8983;4199;3.2;1.5
976;2021-03-22;98;136;9081;4335;3.2;1.6
976;2021-03-23;136;240;9217;4575;3.3;1.6
976;2021-03-24;160;147;9377;4722;3.4;1.7
976;2021-03-25;186;206;9563;4928;3.4;1.8
976;2021-03-26;160;212;9723;5140;3.5;1.8
976;2021-03-27;18;0;9741;5140;3.5;1.8
976;2021-03-28;1;0;9742;5140;3.5;1.8
976;2021-03-29;0;2;9742;5142;3.5;1.8
976;2021-03-30;272;335;10014;5477;3.6;2.0
976;2021-03-31;224;125;10238;5602;3.7;2.0
976;2021-04-01;244;103;10482;5705;3.8;2.0
976;2021-04-02;288;263;10770;5968;3.9;2.1
976;2021-04-03;905;307;11675;6275;4.2;2.2
976;2021-04-04;1;0;11676;6275;4.2;2.2
976;2021-04-05;1;0;11677;6275;4.2;2.2
976;2021-04-06;162;277;11839;6552;4.2;2.3
976;2021-04-07;237;266;12076;6818;4.3;2.4
976;2021-04-08;285;140;12361;6958;4.4;2.5
976;2021-04-09;248;171;12609;7129;4.5;2.6
976;2021-04-10;181;114;12790;7243;4.6;2.6
976;2021-04-11;7;0;12797;7243;4.6;2.6
976;2021-04-12;0;19;12797;7262;4.6;2.6
976;2021-04-13;394;344;13191;7606;4.7;2.7
976;2021-04-14;239;205;13430;7811;4.8;2.8
976;2021-04-15;209;117;13639;7928;4.9;2.8
976;2021-04-16;214;127;13853;8055;5.0;2.9
976;2021-04-17;226;131;14079;8186;5.0;2.9
976;2021-04-18;1;0;14080;8186;5.0;2.9
976;2021-04-19;7;1;14087;8187;5.0;2.9
976;2021-04-20;369;224;14456;8411;5.2;3.0
976;2021-04-21;413;150;14869;8561;5.3;3.1
976;2021-04-22;410;151;15279;8712;5.5;3.1
976;2021-04-23;367;166;15646;8878;5.6;3.2
976;2021-04-24;413;128;16059;9006;5.7;3.2
976;2021-04-25;2;0;16061;9006;5.7;3.2
976;2021-04-26;54;8;16115;9014;5.8;3.2
976;2021-04-27;351;292;16466;9306;5.9;3.3
976;2021-04-28;355;515;16821;9821;6.0;3.5
976;2021-04-29;559;344;17380;10165;6.2;3.6
976;2021-04-30;404;238;17784;10403;6.4;3.7
976;2021-05-01;672;285;18456;10688;6.6;3.8
976;2021-05-02;0;0;18456;10688;6.6;3.8
976;2021-05-03;141;6;18597;10694;6.7;3.8
976;2021-05-04;353;427;18950;11121;6.8;4.0
976;2021-05-05;447;318;19397;11439;6.9;4.1
976;2021-05-06;320;201;19717;11640;7.1;4.2
976;2021-05-07;341;133;20058;11773;7.2;4.2
976;2021-05-08;303;139;20361;11912;7.3;4.3
976;2021-05-09;0;0;20361;11912;7.3;4.3
976;2021-05-10;9;9;20370;11921;7.3;4.3
976;2021-05-11;362;489;20732;12410;7.4;4.4
976;2021-05-12;333;310;21065;12720;7.5;4.6
976;2021-05-13;127;97;21192;12817;7.6;4.6
976;2021-05-14;0;0;21192;12817;7.6;4.6
976;2021-05-15;486;283;21678;13100;7.8;4.7
976;2021-05-16;1;0;21679;13100;7.8;4.7
976;2021-05-17;123;51;21802;13151;7.8;4.7
976;2021-05-18;516;430;22318;13581;8.0;4.9
976;2021-05-19;651;663;22969;14244;8.2;5.1
976;2021-05-20;1055;497;24024;14741;8.6;5.3
976;2021-05-21;1046;313;25070;15054;9.0;5.4
976;2021-05-22;1243;299;26313;15353;9.4;5.5
976;2021-05-23;0;0;26313;15353;9.4;5.5
976;2021-05-24;1;0;26314;15353;9.4;5.5
976;2021-05-25;889;623;27203;15976;9.7;5.7
976;2021-05-26;1036;841;28239;16817;10.1;6.0
976;2021-05-27;1324;510;29563;17327;10.6;6.2
976;2021-05-28;957;373;30520;17700;10.9;6.3
976;2021-05-29;1131;391;31651;18091;11.3;6.5
976;2021-05-30;1;1;31652;18092;11.3;6.5
976;2021-05-31;105;6;31757;18098;11.4;6.5
976;2021-06-01;1151;651;32908;18749;11.8;6.7
976;2021-06-02;1237;529;34145;19278;12.2;6.9
976;2021-06-03;807;352;34952;19630;12.5;7.0
976;2021-06-04;1001;323;35953;19953;12.9;7.1
976;2021-06-05;679;300;36632;20253;13.1;7.2
976;2021-06-06;1;0;36633;20253;13.1;7.2
976;2021-06-07;90;12;36723;20265;13.1;7.3
976;2021-06-08;956;444;37679;20709;13.5;7.4
976;2021-06-09;971;550;38650;21259;13.8;7.6
976;2021-06-10;698;230;39348;21489;14.1;7.7
976;2021-06-11;849;366;40197;21855;14.4;7.8
976;2021-06-12;584;277;40781;22132;14.6;7.9
976;2021-06-13;1;0;40782;22132;14.6;7.9
976;2021-06-14;186;112;40968;22244;14.7;8.0
976;2021-06-15;413;839;41381;23083;14.8;8.3
976;2021-06-16;892;1442;42273;24525;15.1;8.8
976;2021-06-17;776;658;43049;25183;15.4;9.0
976;2021-06-18;706;622;43755;25805;15.7;9.2
976;2021-06-19;537;643;44292;26448;15.8;9.5
976;2021-06-20;1;0;44293;26448;15.8;9.5
976;2021-06-21;127;130;44420;26578;15.9;9.5
976;2021-06-22;430;1150;44850;27728;16.0;9.9
976;2021-06-23;659;1185;45509;28913;16.3;10.3
976;2021-06-24;466;545;45975;29458;16.5;10.5
976;2021-06-25;542;477;46517;29935;16.6;10.7
976;2021-06-26;389;689;46906;30624;16.8;11.0
976;2021-06-27;0;0;46906;30624;16.8;11.0
976;2021-06-28;106;191;47012;30815;16.8;11.0
976;2021-06-29;718;974;47730;31789;17.1;11.4
976;2021-06-30;674;948;48404;32737;17.3;11.7
976;2021-07-01;577;546;48981;33283;17.5;11.9
976;2021-07-02;452;430;49433;33713;17.7;12.1
976;2021-07-03;446;420;49879;34133;17.8;12.2
976;2021-07-04;2;0;49881;34133;17.8;12.2
976;2021-07-05;117;224;49998;34357;17.9;12.3
976;2021-07-06;503;864;50501;35221;18.1;12.6
976;2021-07-07;770;1009;51271;36230;18.3;13.0
976;2021-07-08;801;634;52072;36864;18.6;13.2
976;2021-07-09;791;519;52863;37383;18.9;13.4
976;2021-07-10;440;318;53303;37701;19.1;13.5
976;2021-07-11;0;0;53303;37701;19.1;13.5
976;2021-07-12;163;172;53466;37873;19.1;13.6
976;2021-07-13;847;996;54313;38869;19.4;13.9
976;2021-07-14;0;5;54313;38874;19.4;13.9
976;2021-07-15;1204;809;55517;39683;19.9;14.2
976;2021-07-16;1287;649;56804;40332;20.3;14.4
976;2021-07-17;1030;365;57834;40697;20.7;14.6
976;2021-07-18;0;0;57834;40697;20.7;14.6
976;2021-07-19;203;133;58037;40830;20.8;14.6
976;2021-07-20;1151;867;59188;41697;21.2;14.9
976;2021-07-21;32;28;59220;41725;21.2;14.9
976;2021-07-22;1119;651;60339;42376;21.6;15.2
976;2021-07-23;1200;535;61539;42911;22.0;15.4
976;2021-07-24;848;436;62387;43347;22.3;15.5
976;2021-07-25;0;0;62387;43347;22.3;15.5
976;2021-07-26;178;36;62565;43383;22.4;15.5
976;2021-07-27;1124;821;63689;44204;22.8;15.8
976;2021-07-28;1011;633;64700;44837;23.2;16.0
976;2021-07-29;1198;555;65898;45392;23.6;16.2
976;2021-07-30;1200;405;67098;45797;24.0;16.4
976;2021-07-31;760;273;67858;46070;24.3;16.5
976;2021-08-01;0;0;67858;46070;24.3;16.5
976;2021-08-02;309;179;68167;46249;24.4;16.5
976;2021-08-03;1501;927;69668;47176;24.9;16.9
976;2021-08-04;1820;807;71488;47983;25.6;17.2
976;2021-08-05;1459;495;72947;48478;26.1;17.3
976;2021-08-06;1676;495;74623;48973;26.7;17.5
976;2021-08-07;911;355;75534;49328;27.0;17.7
976;2021-08-08;0;0;75534;49328;27.0;17.7
976;2021-08-09;519;235;76053;49563;27.2;17.7
977;2020-12-27;0;0;0;0;0.0;0.0
977;2020-12-28;0;0;0;0;0.0;0.0
977;2020-12-29;0;0;0;0;0.0;0.0
977;2020-12-30;0;0;0;0;0.0;0.0
977;2020-12-31;0;0;0;0;0.0;0.0
977;2021-01-01;0;0;0;0;0.0;0.0
977;2021-01-02;0;0;0;0;0.0;0.0
977;2021-01-03;0;0;0;0;0.0;0.0
977;2021-01-04;0;0;0;0;0.0;0.0
977;2021-01-05;0;0;0;0;0.0;0.0
977;2021-01-06;0;0;0;0;0.0;0.0
977;2021-01-07;0;0;0;0;0.0;0.0
977;2021-01-08;0;0;0;0;0.0;0.0
977;2021-01-09;0;0;0;0;0.0;0.0
977;2021-01-10;0;0;0;0;0.0;0.0
977;2021-01-11;0;0;0;0;0.0;0.0
977;2021-01-12;0;0;0;0;0.0;0.0
977;2021-01-13;0;0;0;0;0.0;0.0
977;2021-01-14;0;0;0;0;0.0;0.0
977;2021-01-15;0;0;0;0;0.0;0.0
977;2021-01-16;0;0;0;0;0.0;0.0
977;2021-01-17;0;0;0;0;0.0;0.0
977;2021-01-18;1;0;1;0;0.0;0.0
977;2021-01-19;0;0;1;0;0.0;0.0
977;2021-01-20;0;0;1;0;0.0;0.0
977;2021-01-21;12;0;13;0;0.1;0.0
977;2021-01-22;12;0;25;0;0.3;0.0
977;2021-01-23;0;0;25;0;0.3;0.0
977;2021-01-24;0;0;25;0;0.3;0.0
977;2021-01-25;0;0;25;0;0.3;0.0
977;2021-01-26;0;0;25;0;0.3;0.0
977;2021-01-27;12;0;37;0;0.4;0.0
977;2021-01-28;1;0;38;0;0.4;0.0
977;2021-01-29;6;0;44;0;0.4;0.0
977;2021-01-30;0;0;44;0;0.4;0.0
977;2021-01-31;0;0;44;0;0.4;0.0
977;2021-02-01;0;0;44;0;0.4;0.0
977;2021-02-02;0;0;44;0;0.4;0.0
977;2021-02-03;11;0;55;0;0.6;0.0
977;2021-02-04;12;0;67;0;0.7;0.0
977;2021-02-05;11;0;78;0;0.8;0.0
977;2021-02-06;0;0;78;0;0.8;0.0
977;2021-02-07;0;0;78;0;0.8;0.0
977;2021-02-08;0;0;78;0;0.8;0.0
977;2021-02-09;13;0;91;0;0.9;0.0
977;2021-02-10;0;0;91;0;0.9;0.0
977;2021-02-11;17;0;108;0;1.1;0.0
977;2021-02-12;45;0;153;0;1.5;0.0
977;2021-02-13;0;0;153;0;1.5;0.0
977;2021-02-14;0;0;153;0;1.5;0.0
977;2021-02-15;0;0;153;0;1.5;0.0
977;2021-02-16;0;0;153;0;1.5;0.0
977;2021-02-17;0;0;153;0;1.5;0.0
977;2021-02-18;18;0;171;0;1.7;0.0
977;2021-02-19;35;0;206;0;2.1;0.0
977;2021-02-20;0;0;206;0;2.1;0.0
977;2021-02-21;0;0;206;0;2.1;0.0
977;2021-02-22;0;0;206;0;2.1;0.0
977;2021-02-23;0;22;206;22;2.1;0.2
977;2021-02-24;0;0;206;22;2.1;0.2
977;2021-02-25;15;10;221;32;2.2;0.3
977;2021-02-26;33;20;254;52;2.5;0.5
977;2021-02-27;0;0;254;52;2.5;0.5
977;2021-02-28;0;0;254;52;2.5;0.5
977;2021-03-01;0;0;254;52;2.5;0.5
977;2021-03-02;19;11;273;63;2.7;0.6
977;2021-03-03;0;0;273;63;2.7;0.6
977;2021-03-04;16;12;289;75;2.9;0.8
977;2021-03-05;35;19;324;94;3.3;0.9
977;2021-03-06;0;0;324;94;3.3;0.9
977;2021-03-07;0;0;324;94;3.3;0.9
977;2021-03-08;0;0;324;94;3.3;0.9
977;2021-03-09;1;0;325;94;3.3;0.9
977;2021-03-10;0;0;325;94;3.3;0.9
977;2021-03-11;20;30;345;124;3.5;1.2
977;2021-03-12;62;41;407;165;4.1;1.7
977;2021-03-13;0;0;407;165;4.1;1.7
977;2021-03-14;0;0;407;165;4.1;1.7
977;2021-03-15;0;0;407;165;4.1;1.7
977;2021-03-16;30;9;437;174;4.4;1.7
977;2021-03-17;0;0;437;174;4.4;1.7
977;2021-03-18;30;16;467;190;4.7;1.9
977;2021-03-19;55;29;522;219;5.2;2.2
977;2021-03-20;0;0;522;219;5.2;2.2
977;2021-03-21;0;0;522;219;5.2;2.2
977;2021-03-22;0;0;522;219;5.2;2.2
977;2021-03-23;0;0;522;219;5.2;2.2
977;2021-03-24;0;0;522;219;5.2;2.2
977;2021-03-25;65;17;587;236;5.9;2.4
977;2021-03-26;73;26;660;262;6.6;2.6
977;2021-03-27;0;0;660;262;6.6;2.6
977;2021-03-28;0;0;660;262;6.6;2.6
977;2021-03-29;0;0;660;262;6.6;2.6
977;2021-03-30;40;18;700;280;7.0;2.8
977;2021-03-31;26;15;726;295;7.3;3.0
977;2021-04-01;25;32;751;327;7.5;3.3
977;2021-04-02;0;0;751;327;7.5;3.3
977;2021-04-03;0;0;751;327;7.5;3.3
977;2021-04-04;0;0;751;327;7.5;3.3
977;2021-04-05;9;0;760;327;7.6;3.3
977;2021-04-06;0;0;760;327;7.6;3.3
977;2021-04-07;0;0;760;327;7.6;3.3
977;2021-04-08;57;46;817;373;8.2;3.7
977;2021-04-09;58;31;875;404;8.8;4.1
977;2021-04-10;0;0;875;404;8.8;4.1
977;2021-04-11;0;0;875;404;8.8;4.1
977;2021-04-12;0;0;875;404;8.8;4.1
977;2021-04-13;0;0;875;404;8.8;4.1
977;2021-04-14;5;6;880;410;8.8;4.1
977;2021-04-15;56;71;936;481;9.4;4.8
977;2021-04-16;90;35;1026;516;10.3;5.2
977;2021-04-17;0;1;1026;517;10.3;5.2
977;2021-04-18;0;0;1026;517;10.3;5.2
977;2021-04-19;1;0;1027;517;10.3;5.2
977;2021-04-20;335;65;1362;582;13.7;5.8
977;2021-04-21;337;30;1699;612;17.1;6.1
977;2021-04-22;284;49;1983;661;19.9;6.6
977;2021-04-23;260;42;2243;703;22.5;7.1
977;2021-04-24;231;1;2474;704;24.8;7.1
977;2021-04-25;0;0;2474;704;24.8;7.1
977;2021-04-26;283;19;2757;723;27.7;7.3
977;2021-04-27;224;68;2981;791;29.9;7.9
977;2021-04-28;192;26;3173;817;31.9;8.2
977;2021-04-29;170;23;3343;840;33.6;8.4
977;2021-04-30;172;16;3515;856;35.3;8.6
977;2021-05-01;202;12;3717;868;37.3;8.7
977;2021-05-02;0;0;3717;868;37.3;8.7
977;2021-05-03;135;9;3852;877;38.7;8.8
977;2021-05-04;161;53;4013;930;40.3;9.3
977;2021-05-05;221;30;4234;960;42.5;9.6
977;2021-05-06;175;32;4409;992;44.3;10.0
977;2021-05-07;149;31;4558;1023;45.8;10.3
977;2021-05-08;1;0;4559;1023;45.8;10.3
977;2021-05-09;0;0;4559;1023;45.8;10.3
977;2021-05-10;0;0;4559;1023;45.8;10.3
977;2021-05-11;3;41;4562;1064;45.8;10.7
977;2021-05-12;6;36;4568;1100;45.9;11.0
977;2021-05-13;0;0;4568;1100;45.9;11.0
977;2021-05-14;28;98;4596;1198;46.1;12.0
977;2021-05-15;0;0;4596;1198;46.1;12.0
977;2021-05-16;1;0;4597;1198;46.1;12.0
977;2021-05-17;1;14;4598;1212;46.2;12.2
977;2021-05-18;17;32;4615;1244;46.3;12.5
977;2021-05-19;0;1;4615;1245;46.3;12.5
977;2021-05-20;0;8;4615;1253;46.3;12.6
977;2021-05-21;12;32;4627;1285;46.5;12.9
977;2021-05-22;0;0;4627;1285;46.5;12.9
977;2021-05-23;0;0;4627;1285;46.5;12.9
977;2021-05-24;0;0;4627;1285;46.5;12.9
977;2021-05-25;50;332;4677;1617;47.0;16.2
977;2021-05-26;54;360;4731;1977;47.5;19.8
977;2021-05-27;34;317;4765;2294;47.8;23.0
977;2021-05-28;27;256;4792;2550;48.1;25.6
977;2021-05-29;35;375;4827;2925;48.5;29.4
977;2021-05-30;1;0;4828;2925;48.5;29.4
977;2021-05-31;45;216;4873;3141;48.9;31.5
977;2021-06-01;48;227;4921;3368;49.4;33.8
977;2021-06-02;69;273;4990;3641;50.1;36.6
977;2021-06-03;41;252;5031;3893;50.5;39.1
977;2021-06-04;81;270;5112;4163;51.3;41.8
977;2021-06-05;1;0;5113;4163;51.3;41.8
977;2021-06-06;0;0;5113;4163;51.3;41.8
977;2021-06-07;1;1;5114;4164;51.3;41.8
977;2021-06-08;5;2;5119;4166;51.4;41.8
977;2021-06-09;0;3;5119;4169;51.4;41.9
977;2021-06-10;8;4;5127;4173;51.5;41.9
977;2021-06-11;4;8;5131;4181;51.5;42.0
977;2021-06-12;16;59;5147;4240;51.7;42.6
977;2021-06-13;0;0;5147;4240;51.7;42.6
977;2021-06-14;0;0;5147;4240;51.7;42.6
977;2021-06-15;0;1;5147;4241;51.7;42.6
977;2021-06-16;0;0;5147;4241;51.7;42.6
977;2021-06-17;2;6;5149;4247;51.7;42.6
977;2021-06-18;0;2;5149;4249;51.7;42.7
977;2021-06-19;25;49;5174;4298;51.9;43.1
977;2021-06-20;0;0;5174;4298;51.9;43.1
977;2021-06-21;1;2;5175;4300;52.0;43.2
977;2021-06-22;8;0;5183;4300;52.0;43.2
977;2021-06-23;15;9;5198;4309;52.2;43.3
977;2021-06-24;10;5;5208;4314;52.3;43.3
977;2021-06-25;0;0;5208;4314;52.3;43.3
977;2021-06-26;25;45;5233;4359;52.5;43.8
977;2021-06-27;0;0;5233;4359;52.5;43.8
977;2021-06-28;0;0;5233;4359;52.5;43.8
977;2021-06-29;0;0;5233;4359;52.5;43.8
977;2021-06-30;0;0;5233;4359;52.5;43.8
977;2021-07-01;27;36;5260;4395;52.8;44.1
977;2021-07-02;26;31;5286;4426;53.1;44.4
977;2021-07-03;27;213;5313;4639;53.3;46.6
977;2021-07-04;0;0;5313;4639;53.3;46.6
977;2021-07-05;4;8;5317;4647;53.4;46.7
977;2021-07-06;0;0;5317;4647;53.4;46.7
977;2021-07-07;8;0;5325;4647;53.5;46.7
977;2021-07-08;33;23;5358;4670;53.8;46.9
977;2021-07-09;23;32;5381;4702;54.0;47.2
977;2021-07-10;28;40;5409;4742;54.3;47.6
977;2021-07-11;0;0;5409;4742;54.3;47.6
977;2021-07-12;0;1;5409;4743;54.3;47.6
977;2021-07-13;10;10;5419;4753;54.4;47.7
977;2021-07-14;0;0;5419;4753;54.4;47.7
977;2021-07-15;1;11;5420;4764;54.4;47.8
977;2021-07-16;44;50;5464;4814;54.9;48.3
977;2021-07-17;34;38;5498;4852;55.2;48.7
977;2021-07-18;0;0;5498;4852;55.2;48.7
977;2021-07-19;3;2;5501;4854;55.2;48.7
977;2021-07-20;3;1;5504;4855;55.3;48.7
977;2021-07-21;33;16;5537;4871;55.6;48.9
977;2021-07-22;35;33;5572;4904;55.9;49.2
977;2021-07-23;32;29;5604;4933;56.3;49.5
977;2021-07-24;43;26;5647;4959;56.7;49.8
977;2021-07-25;0;0;5647;4959;56.7;49.8
977;2021-07-26;13;9;5660;4968;56.8;49.9
977;2021-07-27;0;10;5660;4978;56.8;50.0
977;2021-07-28;31;14;5691;4992;57.1;50.1
977;2021-07-29;33;32;5724;5024;57.5;50.4
977;2021-07-30;31;29;5755;5053;57.8;50.7
977;2021-07-31;53;23;5808;5076;58.3;51.0
977;2021-08-01;0;0;5808;5076;58.3;51.0
977;2021-08-02;11;1;5819;5077;58.4;51.0
977;2021-08-03;0;0;5819;5077;58.4;51.0
977;2021-08-04;40;14;5859;5091;58.8;51.1
977;2021-08-05;28;29;5887;5120;59.1;51.4
977;2021-08-06;35;35;5922;5155;59.5;51.8
977;2021-08-07;56;26;5978;5181;60.0;52.0
977;2021-08-08;0;0;5978;5181;60.0;52.0
977;2021-08-09;7;5;5985;5186;60.1;52.1
978;2020-12-27;0;0;0;0;0.0;0.0
978;2020-12-28;0;0;0;0;0.0;0.0
978;2020-12-29;0;0;0;0;0.0;0.0
978;2020-12-30;0;0;0;0;0.0;0.0
978;2020-12-31;0;0;0;0;0.0;0.0
978;2021-01-01;0;0;0;0;0.0;0.0
978;2021-01-02;0;0;0;0;0.0;0.0
978;2021-01-03;0;0;0;0;0.0;0.0
978;2021-01-04;0;0;0;0;0.0;0.0
978;2021-01-05;0;0;0;0;0.0;0.0
978;2021-01-06;0;0;0;0;0.0;0.0
978;2021-01-07;0;0;0;0;0.0;0.0
978;2021-01-08;0;0;0;0;0.0;0.0
978;2021-01-09;0;0;0;0;0.0;0.0
978;2021-01-10;0;0;0;0;0.0;0.0
978;2021-01-11;0;0;0;0;0.0;0.0
978;2021-01-12;0;0;0;0;0.0;0.0
978;2021-01-13;10;0;10;0;0.0;0.0
978;2021-01-14;12;0;22;0;0.1;0.0
978;2021-01-15;9;0;31;0;0.1;0.0
978;2021-01-16;0;0;31;0;0.1;0.0
978;2021-01-17;0;0;31;0;0.1;0.0
978;2021-01-18;0;0;31;0;0.1;0.0
978;2021-01-19;12;0;43;0;0.1;0.0
978;2021-01-20;13;0;56;0;0.2;0.0
978;2021-01-21;6;0;62;0;0.2;0.0
978;2021-01-22;0;0;62;0;0.2;0.0
978;2021-01-23;0;0;62;0;0.2;0.0
978;2021-01-24;0;0;62;0;0.2;0.0
978;2021-01-25;0;0;62;0;0.2;0.0
978;2021-01-26;9;0;71;0;0.2;0.0
978;2021-01-27;10;0;81;0;0.2;0.0
978;2021-01-28;6;0;87;0;0.2;0.0
978;2021-01-29;0;0;87;0;0.2;0.0
978;2021-01-30;0;0;87;0;0.2;0.0
978;2021-01-31;0;0;87;0;0.2;0.0
978;2021-02-01;0;0;87;0;0.2;0.0
978;2021-02-02;39;0;126;0;0.4;0.0
978;2021-02-03;11;0;137;0;0.4;0.0
978;2021-02-04;31;0;168;0;0.5;0.0
978;2021-02-05;6;0;174;0;0.5;0.0
978;2021-02-06;0;0;174;0;0.5;0.0
978;2021-02-07;0;0;174;0;0.5;0.0
978;2021-02-08;0;0;174;0;0.5;0.0
978;2021-02-09;38;0;212;0;0.6;0.0
978;2021-02-10;27;1;239;1;0.7;0.0
978;2021-02-11;0;0;239;1;0.7;0.0
978;2021-02-12;36;0;275;1;0.8;0.0
978;2021-02-13;0;0;275;1;0.8;0.0
978;2021-02-14;0;0;275;1;0.8;0.0
978;2021-02-15;50;1;325;2;0.9;0.0
978;2021-02-16;0;0;325;2;0.9;0.0
978;2021-02-17;0;0;325;2;0.9;0.0
978;2021-02-18;28;0;353;2;1.0;0.0
978;2021-02-19;44;0;397;2;1.1;0.0
978;2021-02-20;0;0;397;2;1.1;0.0
978;2021-02-21;0;0;397;2;1.1;0.0
978;2021-02-22;45;4;442;6;1.3;0.0
978;2021-02-23;41;29;483;35;1.4;0.1
978;2021-02-24;35;1;518;36;1.5;0.1
978;2021-02-25;55;36;573;72;1.6;0.2
978;2021-02-26;39;5;612;77;1.7;0.2
978;2021-02-27;0;0;612;77;1.7;0.2
978;2021-02-28;0;0;612;77;1.7;0.2
978;2021-03-01;49;5;661;82;1.9;0.2
978;2021-03-02;7;27;668;109;1.9;0.3
978;2021-03-03;48;28;716;137;2.0;0.4
978;2021-03-04;30;26;746;163;2.1;0.5
978;2021-03-05;46;10;792;173;2.2;0.5
978;2021-03-06;0;0;792;173;2.2;0.5
978;2021-03-07;0;0;792;173;2.2;0.5
978;2021-03-08;32;7;824;180;2.3;0.5
978;2021-03-09;19;27;843;207;2.4;0.6
978;2021-03-10;33;28;876;235;2.5;0.7
978;2021-03-11;2;0;878;235;2.5;0.7
978;2021-03-12;52;21;930;256;2.6;0.7
978;2021-03-13;13;0;943;256;2.7;0.7
978;2021-03-14;0;0;943;256;2.7;0.7
978;2021-03-15;31;41;974;297;2.8;0.8
978;2021-03-16;73;6;1047;303;3.0;0.9
978;2021-03-17;67;13;1114;316;3.2;0.9
978;2021-03-18;82;39;1196;355;3.4;1.0
978;2021-03-19;32;50;1228;405;3.5;1.1
978;2021-03-20;0;0;1228;405;3.5;1.1
978;2021-03-21;0;0;1228;405;3.5;1.1
978;2021-03-22;35;45;1263;450;3.6;1.3
978;2021-03-23;30;43;1293;493;3.7;1.4
978;2021-03-24;38;42;1331;535;3.8;1.5
978;2021-03-25;94;34;1425;569;4.0;1.6
978;2021-03-26;45;33;1470;602;4.2;1.7
978;2021-03-27;94;3;1564;605;4.4;1.7
978;2021-03-28;0;0;1564;605;4.4;1.7
978;2021-03-29;69;48;1633;653;4.6;1.8
978;2021-03-30;98;24;1731;677;4.9;1.9
978;2021-03-31;90;49;1821;726;5.2;2.1
978;2021-04-01;57;48;1878;774;5.3;2.2
978;2021-04-02;0;0;1878;774;5.3;2.2
978;2021-04-03;1;0;1879;774;5.3;2.2
978;2021-04-04;0;0;1879;774;5.3;2.2
978;2021-04-05;2;0;1881;774;5.3;2.2
978;2021-04-06;49;63;1930;837;5.5;2.4
978;2021-04-07;92;33;2022;870;5.7;2.5
978;2021-04-08;120;7;2142;877;6.1;2.5
978;2021-04-09;90;39;2232;916;6.3;2.6
978;2021-04-10;169;11;2401;927;6.8;2.6
978;2021-04-11;0;0;2401;927;6.8;2.6
978;2021-04-12;42;75;2443;1002;6.9;2.8
978;2021-04-13;49;71;2492;1073;7.1;3.0
978;2021-04-14;82;45;2574;1118;7.3;3.2
978;2021-04-15;92;23;2666;1141;7.5;3.2
978;2021-04-16;77;42;2743;1183;7.8;3.3
978;2021-04-17;165;4;2908;1187;8.2;3.4
978;2021-04-18;0;0;2908;1187;8.2;3.4
978;2021-04-19;52;67;2960;1254;8.4;3.5
978;2021-04-20;83;27;3043;1281;8.6;3.6
978;2021-04-21;91;29;3134;1310;8.9;3.7
978;2021-04-22;101;20;3235;1330;9.2;3.8
978;2021-04-23;45;66;3280;1396;9.3;4.0
978;2021-04-24;99;78;3379;1474;9.6;4.2
978;2021-04-25;0;0;3379;1474;9.6;4.2
978;2021-04-26;29;91;3408;1565;9.6;4.4
978;2021-04-27;59;63;3467;1628;9.8;4.6
978;2021-04-28;91;39;3558;1667;10.1;4.7
978;2021-04-29;89;32;3647;1699;10.3;4.8
978;2021-04-30;104;14;3751;1713;10.6;4.8
978;2021-05-01;0;8;3751;1721;10.6;4.9
978;2021-05-02;0;0;3751;1721;10.6;4.9
978;2021-05-03;25;99;3776;1820;10.7;5.2
978;2021-05-04;159;102;3935;1922;11.1;5.4
978;2021-05-05;142;59;4077;1981;11.5;5.6
978;2021-05-06;200;49;4277;2030;12.1;5.7
978;2021-05-07;127;71;4404;2101;12.5;5.9
978;2021-05-08;69;122;4473;2223;12.7;6.3
978;2021-05-09;0;0;4473;2223;12.7;6.3
978;2021-05-10;124;99;4597;2322;13.0;6.6
978;2021-05-11;132;72;4729;2394;13.4;6.8
978;2021-05-12;156;78;4885;2472;13.8;7.0
978;2021-05-13;83;6;4968;2478;14.1;7.0
978;2021-05-14;130;62;5098;2540;14.4;7.2
978;2021-05-15;87;4;5185;2544;14.7;7.2
978;2021-05-16;0;0;5185;2544;14.7;7.2
978;2021-05-17;146;115;5331;2659;15.1;7.5
978;2021-05-18;151;94;5482;2753;15.5;7.8
978;2021-05-19;84;69;5566;2822;15.8;8.0
978;2021-05-20;104;26;5670;2848;16.0;8.1
978;2021-05-21;98;53;5768;2901;16.3;8.2
978;2021-05-22;100;11;5868;2912;16.6;8.2
978;2021-05-23;0;0;5868;2912;16.6;8.2
978;2021-05-24;33;7;5901;2919;16.7;8.3
978;2021-05-25;119;78;6020;2997;17.0;8.5
978;2021-05-26;109;49;6129;3046;17.3;8.6
978;2021-05-27;112;42;6241;3088;17.7;8.7
978;2021-05-28;33;1;6274;3089;17.8;8.7
978;2021-05-29;60;213;6334;3302;17.9;9.3
978;2021-05-30;0;0;6334;3302;17.9;9.3
978;2021-05-31;112;63;6446;3365;18.2;9.5
978;2021-06-01;116;62;6562;3427;18.6;9.7
978;2021-06-02;131;33;6693;3460;18.9;9.8
978;2021-06-03;102;38;6795;3498;19.2;9.9
978;2021-06-04;128;70;6923;3568;19.6;10.1
978;2021-06-05;83;21;7006;3589;19.8;10.2
978;2021-06-06;0;0;7006;3589;19.8;10.2
978;2021-06-07;96;96;7102;3685;20.1;10.4
978;2021-06-08;82;89;7184;3774;20.3;10.7
978;2021-06-09;99;73;7283;3847;20.6;10.9
978;2021-06-10;112;63;7395;3910;20.9;11.1
978;2021-06-11;117;106;7512;4016;21.3;11.4
978;2021-06-12;57;30;7569;4046;21.4;11.5
978;2021-06-13;0;0;7569;4046;21.4;11.5
978;2021-06-14;106;127;7675;4173;21.7;11.8
978;2021-06-15;88;120;7763;4293;22.0;12.1
978;2021-06-16;105;148;7868;4441;22.3;12.6
978;2021-06-17;85;72;7953;4513;22.5;12.8
978;2021-06-18;66;99;8019;4612;22.7;13.1
978;2021-06-19;64;79;8083;4691;22.9;13.3
978;2021-06-20;0;0;8083;4691;22.9;13.3
978;2021-06-21;78;151;8161;4842;23.1;13.7
978;2021-06-22;71;103;8232;4945;23.3;14.0
978;2021-06-23;68;115;8300;5060;23.5;14.3
978;2021-06-24;44;75;8344;5135;23.6;14.5
978;2021-06-25;63;100;8407;5235;23.8;14.8
978;2021-06-26;35;61;8442;5296;23.9;15.0
978;2021-06-27;0;0;8442;5296;23.9;15.0
978;2021-06-28;73;130;8515;5426;24.1;15.4
978;2021-06-29;62;104;8577;5530;24.3;15.7
978;2021-06-30;56;110;8633;5640;24.4;16.0
978;2021-07-01;42;87;8675;5727;24.6;16.2
978;2021-07-02;52;91;8727;5818;24.7;16.5
978;2021-07-03;40;90;8767;5908;24.8;16.7
978;2021-07-04;0;1;8767;5909;24.8;16.7
978;2021-07-05;67;93;8834;6002;25.0;17.0
978;2021-07-06;55;75;8889;6077;25.2;17.2
978;2021-07-07;55;123;8944;6200;25.3;17.5
978;2021-07-08;54;107;8998;6307;25.5;17.8
978;2021-07-09;46;92;9044;6399;25.6;18.1
978;2021-07-10;38;84;9082;6483;25.7;18.3
978;2021-07-11;0;4;9082;6487;25.7;18.4
978;2021-07-12;71;130;9153;6617;25.9;18.7
978;2021-07-13;146;162;9299;6779;26.3;19.2
978;2021-07-14;3;0;9302;6779;26.3;19.2
978;2021-07-15;161;195;9463;6974;26.8;19.7
978;2021-07-16;112;114;9575;7088;27.1;20.1
978;2021-07-17;52;100;9627;7188;27.2;20.3
978;2021-07-18;0;0;9627;7188;27.2;20.3
978;2021-07-19;98;134;9725;7322;27.5;20.7
978;2021-07-20;80;73;9805;7395;27.7;20.9
978;2021-07-21;61;50;9866;7445;27.9;21.1
978;2021-07-22;97;115;9963;7560;28.2;21.4
978;2021-07-23;67;100;10030;7660;28.4;21.7
978;2021-07-24;20;35;10050;7695;28.4;21.8
978;2021-07-25;0;0;10050;7695;28.4;21.8
978;2021-07-26;94;116;10144;7811;28.7;22.1
978;2021-07-27;67;145;10211;7956;28.9;22.5
978;2021-07-28;72;127;10283;8083;29.1;22.9
978;2021-07-29;80;98;10363;8181;29.3;23.2
978;2021-07-30;82;116;10445;8297;29.6;23.5
978;2021-07-31;48;66;10493;8363;29.7;23.7
978;2021-08-01;0;0;10493;8363;29.7;23.7
978;2021-08-02;65;95;10558;8458;29.9;23.9
978;2021-08-03;60;94;10618;8552;30.1;24.2
978;2021-08-04;55;55;10673;8607;30.2;24.4
978;2021-08-05;48;70;10721;8677;30.3;24.6
978;2021-08-06;74;128;10795;8805;30.6;24.9
978;2021-08-07;43;44;10838;8849;30.7;25.0
978;2021-08-08;0;0;10838;8849;30.7;25.0
978;2021-08-09;138;150;10976;8999;31.1;25.5
