dep;jour;n_dose1;n_complet;n_cum_dose1;n_cum_complet;couv_dose1;couv_complet
01;2020-12-27;1;0;1;0;0.0;0.0
01;2020-12-28;0;0;1;0;0.0;0.0
01;2020-12-29;0;0;1;0;0.0;0.0
01;2020-12-30;0;0;1;0;0.0;0.0
01;2020-12-31;0;0;1;0;0.0;0.0
01;2021-01-01;1;0;2;0;0.0;0.0
01;2021-01-02;0;0;2;0;0.0;0.0
01;2021-01-03;0;0;2;0;0.0;0.0
01;2021-01-04;2;0;4;0;0.0;0.0
01;2021-01-05;2;0;6;0;0.0;0.0
01;2021-01-06;1;0;7;0;0.0;0.0
01;2021-01-07;67;0;74;0;0.0;0.0
01;2021-01-08;159;0;233;0;0.0;0.0
01;2021-01-09;2;1;235;1;0.0;0.0
01;2021-01-10;0;0;235;1;0.0;0.0
01;2021-01-11;148;0;383;1;0.1;0.0
01;2021-01-12;317;2;700;3;0.1;0.0
01;2021-01-13;444;1;1144;4;0.2;0.0
01;2021-01-14;529;3;1673;7;0.3;0.0
01;2021-01-15;397;3;2070;10;0.3;0.0
01;2021-01-16;202;0;2272;10;0.3;0.0
01;2021-01-17;128;0;2400;10;0.4;0.0
01;2021-01-18;378;1;2778;11;0.4;0.0
01;2021-01-19;1040;1;3818;12;0.6;0.0
01;2021-01-20;1261;2;5079;14;0.8;0.0
01;2021-01-21;1097;4;6176;18;0.9;0.0
01;2021-01-22;645;0;6821;18;1.0;0.0
01;2021-01-23;222;0;7043;18;1.1;0.0
01;2021-01-24;71;1;7114;19;1.1;0.0
01;2021-01-25;484;1;7598;20;1.2;0.0
01;2021-01-26;740;3;8338;23;1.3;0.0
01;2021-01-27;518;5;8856;28;1.3;0.0
01;2021-01-28;681;54;9537;82;1.5;0.0
01;2021-01-29;637;101;10174;183;1.5;0.0
01;2021-01-30;235;15;10409;198;1.6;0.0
01;2021-01-31;62;0;10471;198;1.6;0.0
01;2021-02-01;455;73;10926;271;1.7;0.0
01;2021-02-02;514;184;11440;455;1.7;0.1
01;2021-02-03;374;298;11814;753;1.8;0.1
01;2021-02-04;478;418;12292;1171;1.9;0.2
01;2021-02-05;437;280;12729;1451;1.9;0.2
01;2021-02-06;260;141;12989;1592;2.0;0.2
01;2021-02-07;2;113;12991;1705;2.0;0.3
01;2021-02-08;505;405;13496;2110;2.1;0.3
01;2021-02-09;774;859;14270;2969;2.2;0.5
01;2021-02-10;951;718;15221;3687;2.3;0.6
01;2021-02-11;790;772;16011;4459;2.4;0.7
01;2021-02-12;639;552;16650;5011;2.5;0.8
01;2021-02-13;160;149;16810;5160;2.6;0.8
01;2021-02-14;0;9;16810;5169;2.6;0.8
01;2021-02-15;437;446;17247;5615;2.6;0.9
01;2021-02-16;656;413;17903;6028;2.7;0.9
01;2021-02-17;519;246;18422;6274;2.8;1.0
01;2021-02-18;589;567;19011;6841;2.9;1.0
01;2021-02-19;578;246;19589;7087;3.0;1.1
01;2021-02-20;201;154;19790;7241;3.0;1.1
01;2021-02-21;0;1;19790;7242;3.0;1.1
01;2021-02-22;428;554;20218;7796;3.1;1.2
01;2021-02-23;482;524;20700;8320;3.2;1.3
01;2021-02-24;434;464;21134;8784;3.2;1.3
01;2021-02-25;821;607;21955;9391;3.3;1.4
01;2021-02-26;873;545;22828;9936;3.5;1.5
01;2021-02-27;480;117;23308;10053;3.5;1.5
01;2021-02-28;20;3;23328;10056;3.6;1.5
01;2021-03-01;629;456;23957;10512;3.6;1.6
01;2021-03-02;962;557;24919;11069;3.8;1.7
01;2021-03-03;936;661;25855;11730;3.9;1.8
01;2021-03-04;1197;637;27052;12367;4.1;1.9
01;2021-03-05;1354;492;28406;12859;4.3;2.0
01;2021-03-06;781;101;29187;12960;4.4;2.0
01;2021-03-07;43;1;29230;12961;4.4;2.0
01;2021-03-08;668;624;29898;13585;4.6;2.1
01;2021-03-09;1333;605;31231;14190;4.8;2.2
01;2021-03-10;1160;550;32391;14740;4.9;2.2
01;2021-03-11;1684;642;34075;15382;5.2;2.3
01;2021-03-12;2004;633;36079;16015;5.5;2.4
01;2021-03-13;1499;92;37578;16107;5.7;2.5
01;2021-03-14;132;59;37710;16166;5.7;2.5
01;2021-03-15;1157;402;38867;16568;5.9;2.5
01;2021-03-16;1009;560;39876;17128;6.1;2.6
01;2021-03-17;839;346;40715;17474;6.2;2.7
01;2021-03-18;1289;467;42004;17941;6.4;2.7
01;2021-03-19;1746;533;43750;18474;6.7;2.8
01;2021-03-20;1445;133;45195;18607;6.9;2.8
01;2021-03-21;97;11;45292;18618;6.9;2.8
01;2021-03-22;1575;492;46867;19110;7.1;2.9
01;2021-03-23;2195;646;49062;19756;7.5;3.0
01;2021-03-24;1616;411;50678;20167;7.7;3.1
01;2021-03-25;2907;630;53585;20797;8.2;3.2
01;2021-03-26;2870;609;56455;21406;8.6;3.3
01;2021-03-27;1308;154;57763;21560;8.8;3.3
01;2021-03-28;22;1;57785;21561;8.8;3.3
01;2021-03-29;1930;542;59715;22103;9.1;3.4
01;2021-03-30;2512;758;62227;22861;9.5;3.5
01;2021-03-31;1868;626;64095;23487;9.8;3.6
01;2021-04-01;2568;850;66663;24337;10.1;3.7
01;2021-04-02;2815;709;69478;25046;10.6;3.8
01;2021-04-03;1256;129;70734;25175;10.8;3.8
01;2021-04-04;2;0;70736;25175;10.8;3.8
01;2021-04-05;1260;59;71996;25234;11.0;3.8
01;2021-04-06;2820;786;74816;26020;11.4;4.0
01;2021-04-07;2739;706;77555;26726;11.8;4.1
01;2021-04-08;3241;991;80796;27717;12.3;4.2
01;2021-04-09;3985;1329;84781;29046;12.9;4.4
01;2021-04-10;1824;301;86605;29347;13.2;4.5
01;2021-04-11;44;22;86649;29369;13.2;4.5
01;2021-04-12;2713;1220;89362;30589;13.6;4.7
01;2021-04-13;2935;1317;92297;31906;14.0;4.9
01;2021-04-14;3124;1076;95421;32982;14.5;5.0
01;2021-04-15;3073;1473;98494;34455;15.0;5.2
01;2021-04-16;2859;1572;101353;36027;15.4;5.5
01;2021-04-17;1653;679;103006;36706;15.7;5.6
01;2021-04-18;13;0;103019;36706;15.7;5.6
01;2021-04-19;2039;1514;105058;38220;16.0;5.8
01;2021-04-20;2663;1569;107721;39789;16.4;6.1
01;2021-04-21;2686;1340;110407;41129;16.8;6.3
01;2021-04-22;2835;1527;113242;42656;17.2;6.5
01;2021-04-23;2761;1527;116003;44183;17.7;6.7
01;2021-04-24;1447;648;117450;44831;17.9;6.8
01;2021-04-25;9;0;117459;44831;17.9;6.8
01;2021-04-26;1970;1725;119429;46556;18.2;7.1
01;2021-04-27;2573;1553;122002;48109;18.6;7.3
01;2021-04-28;2498;1572;124500;49681;19.0;7.6
01;2021-04-29;2717;1770;127217;51451;19.4;7.8
01;2021-04-30;2982;2245;130199;53696;19.8;8.2
01;2021-05-01;1472;858;131671;54554;20.0;8.3
01;2021-05-02;546;75;132217;54629;20.1;8.3
01;2021-05-03;2293;2478;134510;57107;20.5;8.7
01;2021-05-04;2542;2654;137052;59761;20.9;9.1
01;2021-05-05;2528;2499;139580;62260;21.2;9.5
01;2021-05-06;2995;2529;142575;64789;21.7;9.9
01;2021-05-07;3219;2782;145794;67571;22.2;10.3
01;2021-05-08;1645;922;147439;68493;22.4;10.4
01;2021-05-09;1023;159;148462;68652;22.6;10.5
01;2021-05-10;2501;3072;150963;71724;23.0;10.9
01;2021-05-11;3581;3060;154544;74784;23.5;11.4
01;2021-05-12;3649;2998;158193;77782;24.1;11.8
01;2021-05-13;4086;1498;162279;79280;24.7;12.1
01;2021-05-14;4271;2344;166550;81624;25.4;12.4
01;2021-05-15;3157;1433;169707;83057;25.8;12.6
01;2021-05-16;1411;150;171118;83207;26.0;12.7
01;2021-05-17;3444;2467;174562;85674;26.6;13.0
01;2021-05-18;4073;1962;178635;87636;27.2;13.3
01;2021-05-19;3972;1904;182607;89540;27.8;13.6
01;2021-05-20;4530;2014;187137;91554;28.5;13.9
01;2021-05-21;4616;2197;191753;93751;29.2;14.3
01;2021-05-22;3367;955;195120;94706;29.7;14.4
01;2021-05-23;831;82;195951;94788;29.8;14.4
01;2021-05-24;2765;499;198716;95287;30.2;14.5
01;2021-05-25;3558;2429;202274;97716;30.8;14.9
01;2021-05-26;3571;2252;205845;99968;31.3;15.2
01;2021-05-27;3851;2099;209696;102067;31.9;15.5
01;2021-05-28;3665;2637;213361;104704;32.5;15.9
01;2021-05-29;3060;1302;216421;106006;32.9;16.1
01;2021-05-30;613;88;217034;106094;33.0;16.1
01;2021-05-31;2404;2517;219438;108611;33.4;16.5
01;2021-06-01;2767;2585;222205;111196;33.8;16.9
01;2021-06-02;2880;2200;225085;113396;34.3;17.3
01;2021-06-03;3362;2433;228447;115829;34.8;17.6
01;2021-06-04;4501;3354;232948;119183;35.5;18.1
01;2021-06-05;3251;1723;236199;120906;36.0;18.4
01;2021-06-06;670;78;236869;120984;36.1;18.4
01;2021-06-07;3389;2873;240258;123857;36.6;18.9
01;2021-06-08;3648;2709;243906;126566;37.1;19.3
01;2021-06-09;2946;2635;246852;129201;37.6;19.7
01;2021-06-10;2764;2041;249616;131242;38.0;20.0
01;2021-06-11;3069;3367;252685;134609;38.5;20.5
01;2021-06-12;2403;2196;255088;136805;38.8;20.8
01;2021-06-13;200;479;255288;137284;38.9;20.9
01;2021-06-14;2121;3166;257409;140450;39.2;21.4
01;2021-06-15;2003;3359;259412;143809;39.5;21.9
01;2021-06-16;2179;3286;261591;147095;39.8;22.4
01;2021-06-17;1957;3170;263548;150265;40.1;22.9
01;2021-06-18;2647;4163;266195;154428;40.5;23.5
01;2021-06-19;1727;2554;267922;156982;40.8;23.9
01;2021-06-20;159;497;268081;157479;40.8;24.0
01;2021-06-21;1799;3705;269880;161184;41.1;24.5
01;2021-06-22;1548;3997;271428;165181;41.3;25.1
01;2021-06-23;1585;3755;273013;168936;41.6;25.7
01;2021-06-24;1471;3566;274484;172502;41.8;26.3
01;2021-06-25;1889;4562;276373;177064;42.1;27.0
01;2021-06-26;1210;2945;277583;180009;42.3;27.4
01;2021-06-27;170;339;277753;180348;42.3;27.5
01;2021-06-28;1383;4024;279136;184372;42.5;28.1
01;2021-06-29;1410;3851;280546;188223;42.7;28.7
01;2021-06-30;1374;4156;281920;192379;42.9;29.3
01;2021-07-01;1394;4089;283314;196468;43.1;29.9
01;2021-07-02;1587;4988;284901;201456;43.4;30.7
01;2021-07-03;859;3375;285760;204831;43.5;31.2
01;2021-07-04;105;499;285865;205330;43.5;31.3
01;2021-07-05;1485;4084;287350;209414;43.7;31.9
01;2021-07-06;1105;4277;288455;213691;43.9;32.5
01;2021-07-07;1754;3698;290209;217389;44.2;33.1
01;2021-07-08;1468;3672;291677;221061;44.4;33.6
01;2021-07-09;1881;4362;293558;225423;44.7;34.3
01;2021-07-10;1116;3435;294674;228858;44.9;34.8
01;2021-07-11;105;418;294779;229276;44.9;34.9
01;2021-07-12;1416;3840;296195;233116;45.1;35.5
01;2021-07-13;2054;4119;298249;237235;45.4;36.1
01;2021-07-14;144;180;298393;237415;45.4;36.1
01;2021-07-15;3086;4192;301479;241607;45.9;36.8
01;2021-07-16;3742;4837;305221;246444;46.5;37.5
01;2021-07-17;2190;3047;307411;249491;46.8;38.0
01;2021-07-18;286;550;307697;250041;46.8;38.1
01;2021-07-19;2911;3867;310608;253908;47.3;38.6
01;2021-07-20;3287;3688;313895;257596;47.8;39.2
01;2021-07-21;3929;3562;317824;261158;48.4;39.8
01;2021-07-22;4207;3487;322031;264645;49.0;40.3
01;2021-07-23;3927;4211;325958;268856;49.6;40.9
01;2021-07-24;2726;2714;328684;271570;50.0;41.3
01;2021-07-25;58;59;328742;271629;50.0;41.3
01;2021-07-26;3329;3245;332071;274874;50.5;41.8
01;2021-07-27;4079;2784;336150;277658;51.2;42.3
01;2021-07-28;3966;2644;340116;280302;51.8;42.7
01;2021-07-29;4681;2432;344797;282734;52.5;43.0
01;2021-07-30;4439;3429;349236;286163;53.2;43.6
01;2021-07-31;3615;1774;352851;287937;53.7;43.8
01;2021-08-01;390;74;353241;288011;53.8;43.8
01;2021-08-02;3041;2441;356282;290452;54.2;44.2
01;2021-08-03;3045;2449;359327;292901;54.7;44.6
01;2021-08-04;2533;1727;361860;294628;55.1;44.8
01;2021-08-05;2232;2361;364092;296989;55.4;45.2
01;2021-08-06;2735;3107;366827;300096;55.8;45.7
01;2021-08-07;2045;1831;368872;301927;56.1;46.0
01;2021-08-08;244;255;369116;302182;56.2;46.0
01;2021-08-09;1122;2635;370238;304817;56.4;46.4
01;2021-08-10;1432;2412;371670;307229;56.6;46.8
01;2021-08-11;1458;2591;373128;309820;56.8;47.2
01;2021-08-12;1586;2808;374714;312628;57.0;47.6
01;2021-08-13;1791;2708;376505;315336;57.3;48.0
01;2021-08-14;1366;2227;377871;317563;57.5;48.3
01;2021-08-15;11;21;377882;317584;57.5;48.3
01;2021-08-16;971;3006;378853;320590;57.7;48.8
02;2020-12-27;0;0;0;0;0.0;0.0
02;2020-12-28;0;0;0;0;0.0;0.0
02;2020-12-29;0;0;0;0;0.0;0.0
02;2020-12-30;0;0;0;0;0.0;0.0
02;2020-12-31;0;0;0;0;0.0;0.0
02;2021-01-01;0;0;0;0;0.0;0.0
02;2021-01-02;0;0;0;0;0.0;0.0
02;2021-01-03;0;0;0;0;0.0;0.0
02;2021-01-04;0;0;0;0;0.0;0.0
02;2021-01-05;0;0;0;0;0.0;0.0
02;2021-01-06;22;0;22;0;0.0;0.0
02;2021-01-07;261;2;283;2;0.1;0.0
02;2021-01-08;489;3;772;5;0.1;0.0
02;2021-01-09;74;0;846;5;0.2;0.0
02;2021-01-10;49;0;895;5;0.2;0.0
02;2021-01-11;267;0;1162;5;0.2;0.0
02;2021-01-12;355;1;1517;6;0.3;0.0
02;2021-01-13;468;4;1985;10;0.4;0.0
02;2021-01-14;651;11;2636;21;0.5;0.0
02;2021-01-15;630;7;3266;28;0.6;0.0
02;2021-01-16;333;4;3599;32;0.7;0.0
02;2021-01-17;62;0;3661;32;0.7;0.0
02;2021-01-18;810;5;4471;37;0.8;0.0
02;2021-01-19;942;5;5413;42;1.0;0.0
02;2021-01-20;1429;5;6842;47;1.3;0.0
02;2021-01-21;2598;6;9440;53;1.8;0.0
02;2021-01-22;1419;5;10859;58;2.1;0.0
02;2021-01-23;291;1;11150;59;2.1;0.0
02;2021-01-24;67;0;11217;59;2.1;0.0
02;2021-01-25;432;10;11649;69;2.2;0.0
02;2021-01-26;704;16;12353;85;2.3;0.0
02;2021-01-27;161;2;12514;87;2.4;0.0
02;2021-01-28;69;247;12583;334;2.4;0.1
02;2021-01-29;119;419;12702;753;2.4;0.1
02;2021-01-30;4;14;12706;767;2.4;0.1
02;2021-01-31;0;10;12706;777;2.4;0.1
02;2021-02-01;11;212;12717;989;2.4;0.2
02;2021-02-02;45;331;12762;1320;2.4;0.3
02;2021-02-03;124;337;12886;1657;2.4;0.3
02;2021-02-04;226;359;13112;2016;2.5;0.4
02;2021-02-05;178;418;13290;2434;2.5;0.5
02;2021-02-06;66;175;13356;2609;2.5;0.5
02;2021-02-07;9;0;13365;2609;2.5;0.5
02;2021-02-08;305;435;13670;3044;2.6;0.6
02;2021-02-09;322;680;13992;3724;2.7;0.7
02;2021-02-10;485;1046;14477;4770;2.8;0.9
02;2021-02-11;940;1907;15417;6677;2.9;1.3
02;2021-02-12;885;1122;16302;7799;3.1;1.5
02;2021-02-13;290;129;16592;7928;3.2;1.5
02;2021-02-14;1;5;16593;7933;3.2;1.5
02;2021-02-15;344;682;16937;8615;3.2;1.6
02;2021-02-16;413;569;17350;9184;3.3;1.7
02;2021-02-17;498;632;17848;9816;3.4;1.9
02;2021-02-18;507;445;18355;10261;3.5;2.0
02;2021-02-19;444;572;18799;10833;3.6;2.1
02;2021-02-20;372;233;19171;11066;3.6;2.1
02;2021-02-21;39;17;19210;11083;3.7;2.1
02;2021-02-22;377;316;19587;11399;3.7;2.2
02;2021-02-23;432;362;20019;11761;3.8;2.2
02;2021-02-24;600;146;20619;11907;3.9;2.3
02;2021-02-25;869;137;21488;12044;4.1;2.3
02;2021-02-26;808;72;22296;12116;4.2;2.3
02;2021-02-27;445;13;22741;12129;4.3;2.3
02;2021-02-28;55;2;22796;12131;4.3;2.3
02;2021-03-01;638;24;23434;12155;4.5;2.3
02;2021-03-02;1032;125;24466;12280;4.7;2.3
02;2021-03-03;754;204;25220;12484;4.8;2.4
02;2021-03-04;1162;673;26382;13157;5.0;2.5
02;2021-03-05;1048;507;27430;13664;5.2;2.6
02;2021-03-06;2138;98;29568;13762;5.6;2.6
02;2021-03-07;1504;47;31072;13809;5.9;2.6
02;2021-03-08;570;367;31642;14176;6.0;2.7
02;2021-03-09;998;401;32640;14577;6.2;2.8
02;2021-03-10;894;473;33534;15050;6.4;2.9
02;2021-03-11;1294;391;34828;15441;6.6;2.9
02;2021-03-12;1705;415;36533;15856;6.9;3.0
02;2021-03-13;2592;234;39125;16090;7.4;3.1
02;2021-03-14;1456;41;40581;16131;7.7;3.1
02;2021-03-15;612;457;41193;16588;7.8;3.2
02;2021-03-16;863;399;42056;16987;8.0;3.2
02;2021-03-17;759;453;42815;17440;8.1;3.3
02;2021-03-18;608;619;43423;18059;8.3;3.4
02;2021-03-19;1172;298;44595;18357;8.5;3.5
02;2021-03-20;2430;157;47025;18514;8.9;3.5
02;2021-03-21;1488;78;48513;18592;9.2;3.5
02;2021-03-22;761;500;49274;19092;9.4;3.6
02;2021-03-23;1194;552;50468;19644;9.6;3.7
02;2021-03-24;1582;498;52050;20142;9.9;3.8
02;2021-03-25;1693;599;53743;20741;10.2;3.9
02;2021-03-26;2410;486;56153;21227;10.7;4.0
02;2021-03-27;2495;127;58648;21354;11.1;4.1
02;2021-03-28;638;14;59286;21368;11.3;4.1
02;2021-03-29;1038;861;60324;22229;11.5;4.2
02;2021-03-30;1554;841;61878;23070;11.8;4.4
02;2021-03-31;1299;718;63177;23788;12.0;4.5
02;2021-04-01;1290;858;64467;24646;12.3;4.7
02;2021-04-02;1184;1232;65651;25878;12.5;4.9
02;2021-04-03;2647;851;68298;26729;13.0;5.1
02;2021-04-04;727;239;69025;26968;13.1;5.1
02;2021-04-05;1508;132;70533;27100;13.4;5.2
02;2021-04-06;1541;854;72074;27954;13.7;5.3
02;2021-04-07;1869;776;73943;28730;14.1;5.5
02;2021-04-08;1918;1105;75861;29835;14.4;5.7
02;2021-04-09;2434;1086;78295;30921;14.9;5.9
02;2021-04-10;2430;1209;80725;32130;15.3;6.1
02;2021-04-11;476;416;81201;32546;15.4;6.2
02;2021-04-12;1824;628;83025;33174;15.8;6.3
02;2021-04-13;1601;923;84626;34097;16.1;6.5
02;2021-04-14;2584;966;87210;35063;16.6;6.7
02;2021-04-15;2496;773;89706;35836;17.1;6.8
02;2021-04-16;2438;1126;92144;36962;17.5;7.0
02;2021-04-17;1890;2147;94034;39109;17.9;7.4
02;2021-04-18;270;814;94304;39923;17.9;7.6
02;2021-04-19;1159;633;95463;40556;18.1;7.7
02;2021-04-20;1677;764;97140;41320;18.5;7.9
02;2021-04-21;1549;991;98689;42311;18.8;8.0
02;2021-04-22;1749;703;100438;43014;19.1;8.2
02;2021-04-23;1930;1414;102368;44428;19.5;8.4
02;2021-04-24;1713;1640;104081;46068;19.8;8.8
02;2021-04-25;462;235;104543;46303;19.9;8.8
02;2021-04-26;1339;563;105882;46866;20.1;8.9
02;2021-04-27;1627;1092;107509;47958;20.4;9.1
02;2021-04-28;1592;1437;109101;49395;20.7;9.4
02;2021-04-29;1885;1178;110986;50573;21.1;9.6
02;2021-04-30;2716;1654;113702;52227;21.6;9.9
02;2021-05-01;1989;1226;115691;53453;22.0;10.2
02;2021-05-02;1983;416;117674;53869;22.4;10.2
02;2021-05-03;2225;983;119899;54852;22.8;10.4
02;2021-05-04;1524;1318;121423;56170;23.1;10.7
02;2021-05-05;2330;1843;123753;58013;23.5;11.0
02;2021-05-06;2123;1736;125876;59749;23.9;11.4
02;2021-05-07;2358;2175;128234;61924;24.4;11.8
02;2021-05-08;2920;946;131154;62870;24.9;12.0
02;2021-05-09;1822;422;132976;63292;25.3;12.0
02;2021-05-10;2374;1481;135350;64773;25.7;12.3
02;2021-05-11;2878;1575;138228;66348;26.3;12.6
02;2021-05-12;2674;1623;140902;67971;26.8;12.9
02;2021-05-13;2991;1040;143893;69011;27.4;13.1
02;2021-05-14;3380;1206;147273;70217;28.0;13.3
02;2021-05-15;4374;1089;151647;71306;28.8;13.6
02;2021-05-16;2798;209;154445;71515;29.4;13.6
02;2021-05-17;2147;663;156592;72178;29.8;13.7
02;2021-05-18;2634;974;159226;73152;30.3;13.9
02;2021-05-19;2852;993;162078;74145;30.8;14.1
02;2021-05-20;3552;1231;165630;75376;31.5;14.3
02;2021-05-21;3819;1065;169449;76441;32.2;14.5
02;2021-05-22;5848;966;175297;77407;33.3;14.7
02;2021-05-23;2659;237;177956;77644;33.8;14.8
02;2021-05-24;3542;540;181498;78184;34.5;14.9
02;2021-05-25;2260;1163;183758;79347;34.9;15.1
02;2021-05-26;3081;1497;186839;80844;35.5;15.4
02;2021-05-27;3651;1489;190490;82333;36.2;15.7
02;2021-05-28;3514;1583;194004;83916;36.9;16.0
02;2021-05-29;4081;1574;198085;85490;37.7;16.3
02;2021-05-30;1449;187;199534;85677;37.9;16.3
02;2021-05-31;2578;1195;202112;86872;38.4;16.5
02;2021-06-01;2869;1870;204981;88742;39.0;16.9
02;2021-06-02;3162;1647;208143;90389;39.6;17.2
02;2021-06-03;2857;1836;211000;92225;40.1;17.5
02;2021-06-04;3143;2059;214143;94284;40.7;17.9
02;2021-06-05;3440;1733;217583;96017;41.4;18.3
02;2021-06-06;1737;258;219320;96275;41.7;18.3
02;2021-06-07;1613;1499;220933;97774;42.0;18.6
02;2021-06-08;2064;1849;222997;99623;42.4;18.9
02;2021-06-09;2058;1650;225055;101273;42.8;19.3
02;2021-06-10;2013;1833;227068;103106;43.2;19.6
02;2021-06-11;2195;3070;229263;106176;43.6;20.2
02;2021-06-12;2312;2594;231575;108770;44.0;20.7
02;2021-06-13;683;1387;232258;110157;44.2;20.9
02;2021-06-14;1047;2392;233305;112549;44.4;21.4
02;2021-06-15;1518;2462;234823;115011;44.6;21.9
02;2021-06-16;1534;2749;236357;117760;44.9;22.4
02;2021-06-17;1783;2861;238140;120621;45.3;22.9
02;2021-06-18;2312;3568;240452;124189;45.7;23.6
02;2021-06-19;1841;3821;242293;128010;46.1;24.3
02;2021-06-20;644;1522;242937;129532;46.2;24.6
02;2021-06-21;806;3196;243743;132728;46.3;25.2
02;2021-06-22;1154;3668;244897;136396;46.6;25.9
02;2021-06-23;1226;3589;246123;139985;46.8;26.6
02;2021-06-24;1326;3149;247449;143134;47.0;27.2
02;2021-06-25;1397;4547;248846;147681;47.3;28.1
02;2021-06-26;1346;4227;250192;151908;47.6;28.9
02;2021-06-27;600;2333;250792;154241;47.7;29.3
02;2021-06-28;878;3021;251670;157262;47.8;29.9
02;2021-06-29;919;2925;252589;160187;48.0;30.5
02;2021-06-30;1510;3161;254099;163348;48.3;31.1
02;2021-07-01;1196;3589;255295;166937;48.5;31.7
02;2021-07-02;1360;5138;256655;172075;48.8;32.7
02;2021-07-03;997;5989;257652;178064;49.0;33.8
02;2021-07-04;509;2368;258161;180432;49.1;34.3
02;2021-07-05;661;3938;258822;184370;49.2;35.0
02;2021-07-06;670;3047;259492;187417;49.3;35.6
02;2021-07-07;1318;3727;260810;191144;49.6;36.3
02;2021-07-08;1392;3876;262202;195020;49.8;37.1
02;2021-07-09;1279;4217;263481;199237;50.1;37.9
02;2021-07-10;1330;4610;264811;203847;50.3;38.8
02;2021-07-11;479;1965;265290;205812;50.4;39.1
02;2021-07-12;1415;3727;266705;209539;50.7;39.8
02;2021-07-13;2066;3658;268771;213197;51.1;40.5
02;2021-07-14;1753;1596;270524;214793;51.4;40.8
02;2021-07-15;2719;3552;273243;218345;51.9;41.5
02;2021-07-16;3164;4223;276407;222568;52.5;42.3
02;2021-07-17;3559;4222;279966;226790;53.2;43.1
02;2021-07-18;2038;1615;282004;228405;53.6;43.4
02;2021-07-19;3438;3033;285442;231438;54.3;44.0
02;2021-07-20;3494;3301;288936;234739;54.9;44.6
02;2021-07-21;3902;2942;292838;237681;55.7;45.2
02;2021-07-22;3313;2809;296151;240490;56.3;45.7
02;2021-07-23;3184;3556;299335;244046;56.9;46.4
02;2021-07-24;4444;3722;303779;247768;57.7;47.1
02;2021-07-25;2183;1082;305962;248850;58.2;47.3
02;2021-07-26;3872;2245;309834;251095;58.9;47.7
02;2021-07-27;3627;2147;313461;253242;59.6;48.1
02;2021-07-28;3271;2096;316732;255338;60.2;48.5
02;2021-07-29;2570;2217;319302;257555;60.7;49.0
02;2021-07-30;3299;2304;322601;259859;61.3;49.4
02;2021-07-31;4169;2268;326770;262127;62.1;49.8
02;2021-08-01;1464;688;328234;262815;62.4;50.0
02;2021-08-02;2031;1601;330265;264416;62.8;50.3
02;2021-08-03;2523;1900;332788;266316;63.3;50.6
02;2021-08-04;2548;1696;335336;268012;63.7;50.9
02;2021-08-05;1844;2267;337180;270279;64.1;51.4
02;2021-08-06;2085;2740;339265;273019;64.5;51.9
02;2021-08-07;2508;2769;341773;275788;65.0;52.4
02;2021-08-08;1022;1568;342795;277356;65.2;52.7
02;2021-08-09;1892;2741;344687;280097;65.5;53.2
02;2021-08-10;1759;2457;346446;282554;65.9;53.7
02;2021-08-11;1473;2104;347919;284658;66.1;54.1
02;2021-08-12;1196;2324;349115;286982;66.4;54.6
02;2021-08-13;1597;2896;350712;289878;66.7;55.1
02;2021-08-14;1638;3682;352350;293560;67.0;55.8
02;2021-08-15;159;572;352509;294132;67.0;55.9
02;2021-08-16;1232;3746;353741;297878;67.2;56.6
03;2020-12-27;0;0;0;0;0.0;0.0
03;2020-12-28;0;0;0;0;0.0;0.0
03;2020-12-29;0;0;0;0;0.0;0.0
03;2020-12-30;1;0;1;0;0.0;0.0
03;2020-12-31;0;0;1;0;0.0;0.0
03;2021-01-01;0;0;1;0;0.0;0.0
03;2021-01-02;0;0;1;0;0.0;0.0
03;2021-01-03;0;0;1;0;0.0;0.0
03;2021-01-04;0;0;1;0;0.0;0.0
03;2021-01-05;0;0;1;0;0.0;0.0
03;2021-01-06;10;0;11;0;0.0;0.0
03;2021-01-07;61;0;72;0;0.0;0.0
03;2021-01-08;146;1;218;1;0.1;0.0
03;2021-01-09;122;0;340;1;0.1;0.0
03;2021-01-10;6;0;346;1;0.1;0.0
03;2021-01-11;412;1;758;2;0.2;0.0
03;2021-01-12;631;0;1389;2;0.4;0.0
03;2021-01-13;669;2;2058;4;0.6;0.0
03;2021-01-14;860;5;2918;9;0.9;0.0
03;2021-01-15;387;3;3305;12;1.0;0.0
03;2021-01-16;278;0;3583;12;1.1;0.0
03;2021-01-17;42;0;3625;12;1.1;0.0
03;2021-01-18;878;0;4503;12;1.4;0.0
03;2021-01-19;1149;1;5652;13;1.7;0.0
03;2021-01-20;1290;4;6942;17;2.1;0.0
03;2021-01-21;1200;5;8142;22;2.5;0.0
03;2021-01-22;1116;4;9258;26;2.8;0.0
03;2021-01-23;466;0;9724;26;2.9;0.0
03;2021-01-24;0;0;9724;26;2.9;0.0
03;2021-01-25;187;0;9911;26;3.0;0.0
03;2021-01-26;679;14;10590;40;3.2;0.0
03;2021-01-27;695;11;11285;51;3.4;0.0
03;2021-01-28;1020;45;12305;96;3.7;0.0
03;2021-01-29;856;81;13161;177;4.0;0.1
03;2021-01-30;600;2;13761;179;4.2;0.1
03;2021-01-31;0;0;13761;179;4.2;0.1
03;2021-02-01;160;76;13921;255;4.2;0.1
03;2021-02-02;767;269;14688;524;4.4;0.2
03;2021-02-03;1056;493;15744;1017;4.8;0.3
03;2021-02-04;1548;634;17292;1651;5.2;0.5
03;2021-02-05;947;317;18239;1968;5.5;0.6
03;2021-02-06;152;13;18391;1981;5.6;0.6
03;2021-02-07;5;0;18396;1981;5.6;0.6
03;2021-02-08;128;56;18524;2037;5.6;0.6
03;2021-02-09;612;444;19136;2481;5.8;0.7
03;2021-02-10;485;344;19621;2825;5.9;0.9
03;2021-02-11;1026;580;20647;3405;6.2;1.0
03;2021-02-12;1075;549;21722;3954;6.6;1.2
03;2021-02-13;126;168;21848;4122;6.6;1.2
03;2021-02-14;0;1;21848;4123;6.6;1.2
03;2021-02-15;309;862;22157;4985;6.7;1.5
03;2021-02-16;547;1173;22704;6158;6.9;1.9
03;2021-02-17;453;1362;23157;7520;7.0;2.3
03;2021-02-18;367;1273;23524;8793;7.1;2.7
03;2021-02-19;496;795;24020;9588;7.2;2.9
03;2021-02-20;128;183;24148;9771;7.3;2.9
03;2021-02-21;2;1;24150;9772;7.3;2.9
03;2021-02-22;159;205;24309;9977;7.3;3.0
03;2021-02-23;721;953;25030;10930;7.6;3.3
03;2021-02-24;609;1021;25639;11951;7.7;3.6
03;2021-02-25;1089;1833;26728;13784;8.1;4.2
03;2021-02-26;820;1377;27548;15161;8.3;4.6
03;2021-02-27;96;258;27644;15419;8.3;4.7
03;2021-02-28;0;15;27644;15434;8.3;4.7
03;2021-03-01;178;240;27822;15674;8.4;4.7
03;2021-03-02;819;662;28641;16336;8.6;4.9
03;2021-03-03;893;448;29534;16784;8.9;5.1
03;2021-03-04;1531;586;31065;17370;9.4;5.2
03;2021-03-05;1120;728;32185;18098;9.7;5.5
03;2021-03-06;915;112;33100;18210;10.0;5.5
03;2021-03-07;2;0;33102;18210;10.0;5.5
03;2021-03-08;239;245;33341;18455;10.1;5.6
03;2021-03-09;1016;440;34357;18895;10.4;5.7
03;2021-03-10;941;552;35298;19447;10.7;5.9
03;2021-03-11;1677;651;36975;20098;11.2;6.1
03;2021-03-12;1302;866;38277;20964;11.6;6.3
03;2021-03-13;862;109;39139;21073;11.8;6.4
03;2021-03-14;2;9;39141;21082;11.8;6.4
03;2021-03-15;250;200;39391;21282;11.9;6.4
03;2021-03-16;650;403;40041;21685;12.1;6.5
03;2021-03-17;1300;445;41341;22130;12.5;6.7
03;2021-03-18;1719;391;43060;22521;13.0;6.8
03;2021-03-19;1729;360;44789;22881;13.5;6.9
03;2021-03-20;301;24;45090;22905;13.6;6.9
03;2021-03-21;0;0;45090;22905;13.6;6.9
03;2021-03-22;222;396;45312;23301;13.7;7.0
03;2021-03-23;1355;354;46667;23655;14.1;7.1
03;2021-03-24;1822;351;48489;24006;14.6;7.2
03;2021-03-25;2366;563;50855;24569;15.3;7.4
03;2021-03-26;2235;443;53090;25012;16.0;7.5
03;2021-03-27;817;21;53907;25033;16.3;7.6
03;2021-03-28;1;39;53908;25072;16.3;7.6
03;2021-03-29;659;176;54567;25248;16.5;7.6
03;2021-03-30;1907;448;56474;25696;17.0;7.8
03;2021-03-31;1014;986;57488;26682;17.4;8.1
03;2021-04-01;1338;1094;58826;27776;17.8;8.4
03;2021-04-02;1705;613;60531;28389;18.3;8.6
03;2021-04-03;366;97;60897;28486;18.4;8.6
03;2021-04-04;2;0;60899;28486;18.4;8.6
03;2021-04-05;18;14;60917;28500;18.4;8.6
03;2021-04-06;1072;410;61989;28910;18.7;8.7
03;2021-04-07;1562;518;63551;29428;19.2;8.9
03;2021-04-08;2121;481;65672;29909;19.8;9.0
03;2021-04-09;2059;1159;67731;31068;20.4;9.4
03;2021-04-10;1013;73;68744;31141;20.7;9.4
03;2021-04-11;478;9;69222;31150;20.9;9.4
03;2021-04-12;985;226;70207;31376;21.2;9.5
03;2021-04-13;1873;976;72080;32352;21.8;9.8
03;2021-04-14;2337;1218;74417;33570;22.5;10.1
03;2021-04-15;2621;1399;77038;34969;23.3;10.6
03;2021-04-16;2835;1173;79873;36142;24.1;10.9
03;2021-04-17;1082;435;80955;36577;24.4;11.0
03;2021-04-18;0;0;80955;36577;24.4;11.0
03;2021-04-19;1191;588;82146;37165;24.8;11.2
03;2021-04-20;1749;1273;83895;38438;25.3;11.6
03;2021-04-21;1122;1293;85017;39731;25.7;12.0
03;2021-04-22;1673;992;86690;40723;26.2;12.3
03;2021-04-23;2478;1262;89168;41985;26.9;12.7
03;2021-04-24;1301;919;90469;42904;27.3;12.9
03;2021-04-25;350;16;90819;42920;27.4;13.0
03;2021-04-26;1331;462;92150;43382;27.8;13.1
03;2021-04-27;1767;1520;93917;44902;28.3;13.6
03;2021-04-28;1930;1118;95847;46020;28.9;13.9
03;2021-04-29;2372;1239;98219;47259;29.6;14.3
03;2021-04-30;1931;803;100150;48062;30.2;14.5
03;2021-05-01;437;489;100587;48551;30.4;14.7
03;2021-05-02;2;1;100589;48552;30.4;14.7
03;2021-05-03;1911;771;102500;49323;30.9;14.9
03;2021-05-04;2843;1625;105343;50948;31.8;15.4
03;2021-05-05;2603;1318;107946;52266;32.6;15.8
03;2021-05-06;3095;2010;111041;54276;33.5;16.4
03;2021-05-07;4727;1786;115768;56062;34.9;16.9
03;2021-05-08;661;379;116429;56441;35.1;17.0
03;2021-05-09;49;511;116478;56952;35.2;17.2
03;2021-05-10;1891;1463;118369;58415;35.7;17.6
03;2021-05-11;3899;1835;122268;60250;36.9;18.2
03;2021-05-12;2970;1522;125238;61772;37.8;18.6
03;2021-05-13;4381;406;129619;62178;39.1;18.8
03;2021-05-14;3655;1695;133274;63873;40.2;19.3
03;2021-05-15;1942;491;135216;64364;40.8;19.4
03;2021-05-16;517;57;135733;64421;41.0;19.4
03;2021-05-17;1276;863;137009;65284;41.4;19.7
03;2021-05-18;3071;1502;140080;66786;42.3;20.2
03;2021-05-19;2622;966;142702;67752;43.1;20.4
03;2021-05-20;3331;1134;146033;68886;44.1;20.8
03;2021-05-21;4195;1285;150228;70171;45.3;21.2
03;2021-05-22;2012;360;152240;70531;46.0;21.3
03;2021-05-23;641;73;152881;70604;46.1;21.3
03;2021-05-24;2655;215;155536;70819;46.9;21.4
03;2021-05-25;3071;1689;158607;72508;47.9;21.9
03;2021-05-26;2338;1042;160945;73550;48.6;22.2
03;2021-05-27;2945;1124;163890;74674;49.5;22.5
03;2021-05-28;3844;2276;167734;76950;50.6;23.2
03;2021-05-29;1748;599;169482;77549;51.2;23.4
03;2021-05-30;242;23;169724;77572;51.2;23.4
03;2021-05-31;694;572;170418;78144;51.4;23.6
03;2021-06-01;2303;2345;172721;80489;52.1;24.3
03;2021-06-02;1534;1749;174255;82238;52.6;24.8
03;2021-06-03;2059;2753;176314;84991;53.2;25.7
03;2021-06-04;1699;2505;178013;87496;53.7;26.4
03;2021-06-05;1076;1141;179089;88637;54.1;26.8
03;2021-06-06;59;7;179148;88644;54.1;26.8
03;2021-06-07;784;1814;179932;90458;54.3;27.3
03;2021-06-08;1456;2551;181388;93009;54.7;28.1
03;2021-06-09;1267;1875;182655;94884;55.1;28.6
03;2021-06-10;1379;2123;184034;97007;55.5;29.3
03;2021-06-11;1503;3449;185537;100456;56.0;30.3
03;2021-06-12;831;823;186368;101279;56.3;30.6
03;2021-06-13;20;10;186388;101289;56.3;30.6
03;2021-06-14;381;2177;186769;103466;56.4;31.2
03;2021-06-15;1316;3836;188085;107302;56.8;32.4
03;2021-06-16;788;2887;188873;110189;57.0;33.3
03;2021-06-17;1083;3333;189956;113522;57.3;34.3
03;2021-06-18;1113;3980;191069;117502;57.7;35.5
03;2021-06-19;640;1617;191709;119119;57.9;36.0
03;2021-06-20;20;8;191729;119127;57.9;36.0
03;2021-06-21;462;2637;192191;121764;58.0;36.8
03;2021-06-22;1026;4003;193217;125767;58.3;38.0
03;2021-06-23;716;3284;193933;129051;58.5;39.0
03;2021-06-24;983;3863;194916;132914;58.8;40.1
03;2021-06-25;1017;3893;195933;136807;59.1;41.3
03;2021-06-26;513;2040;196446;138847;59.3;41.9
03;2021-06-27;65;486;196511;139333;59.3;42.1
03;2021-06-28;637;2099;197148;141432;59.5;42.7
03;2021-06-29;1026;3329;198174;144761;59.8;43.7
03;2021-06-30;833;3116;199007;147877;60.1;44.6
03;2021-07-01;984;2938;199991;150815;60.4;45.5
03;2021-07-02;920;4095;200911;154910;60.6;46.8
03;2021-07-03;487;1884;201398;156794;60.8;47.3
03;2021-07-04;19;332;201417;157126;60.8;47.4
03;2021-07-05;816;2378;202233;159504;61.0;48.1
03;2021-07-06;1165;3460;203398;162964;61.4;49.2
03;2021-07-07;805;2616;204203;165580;61.6;50.0
03;2021-07-08;1056;3039;205259;168619;62.0;50.9
03;2021-07-09;1468;3628;206727;172247;62.4;52.0
03;2021-07-10;510;1926;207237;174173;62.5;52.6
03;2021-07-11;61;492;207298;174665;62.6;52.7
03;2021-07-12;929;1150;208227;175815;62.8;53.1
03;2021-07-13;2613;3153;210840;178968;63.6;54.0
03;2021-07-14;195;24;211035;178992;63.7;54.0
03;2021-07-15;2612;2455;213647;181447;64.5;54.8
03;2021-07-16;2733;2275;216380;183722;65.3;55.5
03;2021-07-17;1025;1626;217405;185348;65.6;55.9
03;2021-07-18;31;6;217436;185354;65.6;55.9
03;2021-07-19;2390;1274;219826;186628;66.3;56.3
03;2021-07-20;3072;3039;222898;189667;67.3;57.2
03;2021-07-21;3207;1434;226105;191101;68.2;57.7
03;2021-07-22;2847;1881;228952;192982;69.1;58.2
03;2021-07-23;3196;1297;232148;194279;70.1;58.6
03;2021-07-24;588;581;232736;194860;70.2;58.8
03;2021-07-25;17;5;232753;194865;70.3;58.8
03;2021-07-26;2037;1584;234790;196449;70.9;59.3
03;2021-07-27;3304;2223;238094;198672;71.9;60.0
03;2021-07-28;2704;1114;240798;199786;72.7;60.3
03;2021-07-29;2484;1659;243282;201445;73.4;60.8
03;2021-07-30;2117;1445;245399;202890;74.1;61.2
03;2021-07-31;960;891;246359;203781;74.4;61.5
03;2021-08-01;13;20;246372;203801;74.4;61.5
03;2021-08-02;1661;1604;248033;205405;74.9;62.0
03;2021-08-03;2214;2777;250247;208182;75.5;62.8
03;2021-08-04;2186;882;252433;209064;76.2;63.1
03;2021-08-05;1255;1936;253688;211000;76.6;63.7
03;2021-08-06;1279;1025;254967;212025;77.0;64.0
03;2021-08-07;606;492;255573;212517;77.1;64.1
03;2021-08-08;65;29;255638;212546;77.2;64.2
03;2021-08-09;598;1305;256236;213851;77.3;64.5
03;2021-08-10;1659;3461;257895;217312;77.8;65.6
03;2021-08-11;1332;2527;259227;219839;78.2;66.4
03;2021-08-12;1132;3511;260359;223350;78.6;67.4
03;2021-08-13;624;1036;260983;224386;78.8;67.7
03;2021-08-14;361;559;261344;224945;78.9;67.9
03;2021-08-15;9;61;261353;225006;78.9;67.9
03;2021-08-16;707;2692;262060;227698;79.1;68.7
04;2020-12-27;0;0;0;0;0.0;0.0
04;2020-12-28;1;0;1;0;0.0;0.0
04;2020-12-29;0;0;1;0;0.0;0.0
04;2020-12-30;0;0;1;0;0.0;0.0
04;2020-12-31;0;0;1;0;0.0;0.0
04;2021-01-01;0;0;1;0;0.0;0.0
04;2021-01-02;0;0;1;0;0.0;0.0
04;2021-01-03;0;0;1;0;0.0;0.0
04;2021-01-04;0;0;1;0;0.0;0.0
04;2021-01-05;4;0;5;0;0.0;0.0
04;2021-01-06;0;0;5;0;0.0;0.0
04;2021-01-07;61;0;66;0;0.0;0.0
04;2021-01-08;88;0;154;0;0.1;0.0
04;2021-01-09;57;0;211;0;0.1;0.0
04;2021-01-10;0;0;211;0;0.1;0.0
04;2021-01-11;77;0;288;0;0.2;0.0
04;2021-01-12;418;1;706;1;0.4;0.0
04;2021-01-13;245;1;951;2;0.6;0.0
04;2021-01-14;90;2;1041;4;0.6;0.0
04;2021-01-15;165;4;1206;8;0.7;0.0
04;2021-01-16;105;2;1311;10;0.8;0.0
04;2021-01-17;14;0;1325;10;0.8;0.0
04;2021-01-18;236;9;1561;19;0.9;0.0
04;2021-01-19;466;4;2027;23;1.2;0.0
04;2021-01-20;572;9;2599;32;1.6;0.0
04;2021-01-21;612;6;3211;38;1.9;0.0
04;2021-01-22;638;1;3849;39;2.3;0.0
04;2021-01-23;111;0;3960;39;2.4;0.0
04;2021-01-24;0;0;3960;39;2.4;0.0
04;2021-01-25;240;0;4200;39;2.5;0.0
04;2021-01-26;656;1;4856;40;2.9;0.0
04;2021-01-27;480;0;5336;40;3.2;0.0
04;2021-01-28;665;22;6001;62;3.6;0.0
04;2021-01-29;367;41;6368;103;3.9;0.1
04;2021-01-30;65;41;6433;144;3.9;0.1
04;2021-01-31;1;5;6434;149;3.9;0.1
04;2021-02-01;254;149;6688;298;4.0;0.2
04;2021-02-02;560;225;7248;523;4.4;0.3
04;2021-02-03;368;161;7616;684;4.6;0.4
04;2021-02-04;356;53;7972;737;4.8;0.4
04;2021-02-05;379;222;8351;959;5.1;0.6
04;2021-02-06;50;95;8401;1054;5.1;0.6
04;2021-02-07;2;22;8403;1076;5.1;0.7
04;2021-02-08;163;71;8566;1147;5.2;0.7
04;2021-02-09;193;144;8759;1291;5.3;0.8
04;2021-02-10;252;171;9011;1462;5.5;0.9
04;2021-02-11;364;291;9375;1753;5.7;1.1
04;2021-02-12;293;318;9668;2071;5.9;1.3
04;2021-02-13;26;94;9694;2165;5.9;1.3
04;2021-02-14;0;0;9694;2165;5.9;1.3
04;2021-02-15;31;164;9725;2329;5.9;1.4
04;2021-02-16;80;519;9805;2848;5.9;1.7
04;2021-02-17;67;434;9872;3282;6.0;2.0
04;2021-02-18;45;614;9917;3896;6.0;2.4
04;2021-02-19;52;377;9969;4273;6.0;2.6
04;2021-02-20;5;71;9974;4344;6.0;2.6
04;2021-02-21;0;0;9974;4344;6.0;2.6
04;2021-02-22;7;298;9981;4642;6.0;2.8
04;2021-02-23;19;595;10000;5237;6.1;3.2
04;2021-02-24;38;432;10038;5669;6.1;3.4
04;2021-02-25;72;378;10110;6047;6.1;3.7
04;2021-02-26;215;332;10325;6379;6.3;3.9
04;2021-02-27;179;74;10504;6453;6.4;3.9
04;2021-02-28;1;0;10505;6453;6.4;3.9
04;2021-03-01;18;74;10523;6527;6.4;4.0
04;2021-03-02;135;41;10658;6568;6.5;4.0
04;2021-03-03;375;643;11033;7211;6.7;4.4
04;2021-03-04;208;491;11241;7702;6.8;4.7
04;2021-03-05;236;360;11477;8062;6.9;4.9
04;2021-03-06;912;74;12389;8136;7.5;4.9
04;2021-03-07;498;23;12887;8159;7.8;4.9
04;2021-03-08;45;83;12932;8242;7.8;5.0
04;2021-03-09;215;257;13147;8499;8.0;5.1
04;2021-03-10;400;373;13547;8872;8.2;5.4
04;2021-03-11;495;341;14042;9213;8.5;5.6
04;2021-03-12;699;205;14741;9418;8.9;5.7
04;2021-03-13;1087;61;15828;9479;9.6;5.7
04;2021-03-14;459;3;16287;9482;9.9;5.7
04;2021-03-15;93;14;16380;9496;9.9;5.7
04;2021-03-16;74;9;16454;9505;10.0;5.8
04;2021-03-17;532;76;16986;9581;10.3;5.8
04;2021-03-18;815;24;17801;9605;10.8;5.8
04;2021-03-19;724;32;18525;9637;11.2;5.8
04;2021-03-20;159;3;18684;9640;11.3;5.8
04;2021-03-21;0;0;18684;9640;11.3;5.8
04;2021-03-22;105;12;18789;9652;11.4;5.8
04;2021-03-23;244;7;19033;9659;11.5;5.8
04;2021-03-24;1023;51;20056;9710;12.1;5.9
04;2021-03-25;1326;45;21382;9755;12.9;5.9
04;2021-03-26;1448;66;22830;9821;13.8;5.9
04;2021-03-27;266;19;23096;9840;14.0;6.0
04;2021-03-28;2;0;23098;9840;14.0;6.0
04;2021-03-29;680;12;23778;9852;14.4;6.0
04;2021-03-30;1085;147;24863;9999;15.1;6.1
04;2021-03-31;1327;103;26190;10102;15.9;6.1
04;2021-04-01;1132;124;27322;10226;16.5;6.2
04;2021-04-02;1184;110;28506;10336;17.3;6.3
04;2021-04-03;250;20;28756;10356;17.4;6.3
04;2021-04-04;1;0;28757;10356;17.4;6.3
04;2021-04-05;35;1;28792;10357;17.4;6.3
04;2021-04-06;928;146;29720;10503;18.0;6.4
04;2021-04-07;882;433;30602;10936;18.5;6.6
04;2021-04-08;926;697;31528;11633;19.1;7.0
04;2021-04-09;678;419;32206;12052;19.5;7.3
04;2021-04-10;231;192;32437;12244;19.6;7.4
04;2021-04-11;153;65;32590;12309;19.7;7.5
04;2021-04-12;594;100;33184;12409;20.1;7.5
04;2021-04-13;1190;239;34374;12648;20.8;7.7
04;2021-04-14;993;499;35367;13147;21.4;8.0
04;2021-04-15;921;670;36288;13817;22.0;8.4
04;2021-04-16;819;457;37107;14274;22.5;8.6
04;2021-04-17;211;69;37318;14343;22.6;8.7
04;2021-04-18;0;13;37318;14356;22.6;8.7
04;2021-04-19;338;290;37656;14646;22.8;8.9
04;2021-04-20;1005;445;38661;15091;23.4;9.1
04;2021-04-21;656;746;39317;15837;23.8;9.6
04;2021-04-22;759;854;40076;16691;24.3;10.1
04;2021-04-23;695;536;40771;17227;24.7;10.4
04;2021-04-24;165;65;40936;17292;24.8;10.5
04;2021-04-25;0;0;40936;17292;24.8;10.5
04;2021-04-26;172;612;41108;17904;24.9;10.8
04;2021-04-27;395;967;41503;18871;25.1;11.4
04;2021-04-28;432;1089;41935;19960;25.4;12.1
04;2021-04-29;687;1126;42622;21086;25.8;12.8
04;2021-04-30;436;849;43058;21935;26.1;13.3
04;2021-05-01;104;22;43162;21957;26.1;13.3
04;2021-05-02;8;131;43170;22088;26.1;13.4
04;2021-05-03;151;552;43321;22640;26.2;13.7
04;2021-05-04;564;839;43885;23479;26.6;14.2
04;2021-05-05;514;930;44399;24409;26.9;14.8
04;2021-05-06;1160;590;45559;24999;27.6;15.1
04;2021-05-07;657;762;46216;25761;28.0;15.6
04;2021-05-08;48;98;46264;25859;28.0;15.7
04;2021-05-09;0;0;46264;25859;28.0;15.7
04;2021-05-10;466;296;46730;26155;28.3;15.8
04;2021-05-11;1202;907;47932;27062;29.0;16.4
04;2021-05-12;1389;739;49321;27801;29.9;16.8
04;2021-05-13;378;130;49699;27931;30.1;16.9
04;2021-05-14;440;295;50139;28226;30.4;17.1
04;2021-05-15;99;163;50238;28389;30.4;17.2
04;2021-05-16;4;6;50242;28395;30.4;17.2
04;2021-05-17;155;298;50397;28693;30.5;17.4
04;2021-05-18;392;976;50789;29669;30.7;18.0
04;2021-05-19;772;689;51561;30358;31.2;18.4
04;2021-05-20;1258;551;52819;30909;32.0;18.7
04;2021-05-21;852;787;53671;31696;32.5;19.2
04;2021-05-22;105;146;53776;31842;32.6;19.3
04;2021-05-23;1;1;53777;31843;32.6;19.3
04;2021-05-24;1;36;53778;31879;32.6;19.3
04;2021-05-25;868;596;54646;32475;33.1;19.7
04;2021-05-26;1048;788;55694;33263;33.7;20.1
04;2021-05-27;1357;632;57051;33895;34.5;20.5
04;2021-05-28;1119;658;58170;34553;35.2;20.9
04;2021-05-29;89;397;58259;34950;35.3;21.2
04;2021-05-30;3;1;58262;34951;35.3;21.2
04;2021-05-31;421;417;58683;35368;35.5;21.4
04;2021-06-01;642;636;59325;36004;35.9;21.8
04;2021-06-02;871;1063;60196;37067;36.4;22.4
04;2021-06-03;1196;853;61392;37920;37.2;23.0
04;2021-06-04;977;780;62369;38700;37.8;23.4
04;2021-06-05;142;201;62511;38901;37.8;23.5
04;2021-06-06;7;13;62518;38914;37.8;23.6
04;2021-06-07;564;318;63082;39232;38.2;23.7
04;2021-06-08;843;596;63925;39828;38.7;24.1
04;2021-06-09;1149;688;65074;40516;39.4;24.5
04;2021-06-10;1147;588;66221;41104;40.1;24.9
04;2021-06-11;945;611;67166;41715;40.7;25.3
04;2021-06-12;212;148;67378;41863;40.8;25.3
04;2021-06-13;1;1;67379;41864;40.8;25.3
04;2021-06-14;478;304;67857;42168;41.1;25.5
04;2021-06-15;644;1001;68501;43169;41.5;26.1
04;2021-06-16;1021;785;69522;43954;42.1;26.6
04;2021-06-17;1001;961;70523;44915;42.7;27.2
04;2021-06-18;765;885;71288;45800;43.2;27.7
04;2021-06-19;40;85;71328;45885;43.2;27.8
04;2021-06-20;7;9;71335;45894;43.2;27.8
04;2021-06-21;306;614;71641;46508;43.4;28.2
04;2021-06-22;361;1308;72002;47816;43.6;28.9
04;2021-06-23;475;1313;72477;49129;43.9;29.7
04;2021-06-24;852;819;73329;49948;44.4;30.2
04;2021-06-25;462;637;73791;50585;44.7;30.6
04;2021-06-26;56;129;73847;50714;44.7;30.7
04;2021-06-27;4;4;73851;50718;44.7;30.7
04;2021-06-28;159;341;74010;51059;44.8;30.9
04;2021-06-29;370;835;74380;51894;45.0;31.4
04;2021-06-30;543;1121;74923;53015;45.4;32.1
04;2021-07-01;579;1215;75502;54230;45.7;32.8
04;2021-07-02;556;1087;76058;55317;46.0;33.5
04;2021-07-03;65;162;76123;55479;46.1;33.6
04;2021-07-04;6;6;76129;55485;46.1;33.6
04;2021-07-05;106;297;76235;55782;46.1;33.8
04;2021-07-06;505;1383;76740;57165;46.5;34.6
04;2021-07-07;493;1343;77233;58508;46.8;35.4
04;2021-07-08;724;1358;77957;59866;47.2;36.2
04;2021-07-09;580;1062;78537;60928;47.5;36.9
04;2021-07-10;92;177;78629;61105;47.6;37.0
04;2021-07-11;0;21;78629;61126;47.6;37.0
04;2021-07-12;127;651;78756;61777;47.7;37.4
04;2021-07-13;880;1541;79636;63318;48.2;38.3
04;2021-07-14;26;43;79662;63361;48.2;38.4
04;2021-07-15;1217;1732;80879;65093;49.0;39.4
04;2021-07-16;1080;1117;81959;66210;49.6;40.1
04;2021-07-17;444;232;82403;66442;49.9;40.2
04;2021-07-18;114;18;82517;66460;50.0;40.2
04;2021-07-19;483;654;83000;67114;50.2;40.6
04;2021-07-20;1311;1459;84311;68573;51.0;41.5
04;2021-07-21;1123;1166;85434;69739;51.7;42.2
04;2021-07-22;1500;1368;86934;71107;52.6;43.0
04;2021-07-23;1147;1141;88081;72248;53.3;43.7
04;2021-07-24;681;213;88762;72461;53.7;43.9
04;2021-07-25;42;20;88804;72481;53.8;43.9
04;2021-07-26;439;638;89243;73119;54.0;44.3
04;2021-07-27;1361;1044;90604;74163;54.8;44.9
04;2021-07-28;1067;1037;91671;75200;55.5;45.5
04;2021-07-29;1547;1302;93218;76502;56.4;46.3
04;2021-07-30;1244;921;94462;77423;57.2;46.9
04;2021-07-31;252;176;94714;77599;57.3;47.0
04;2021-08-01;48;18;94762;77617;57.4;47.0
04;2021-08-02;136;111;94898;77728;57.4;47.1
04;2021-08-03;1340;1112;96238;78840;58.3;47.7
04;2021-08-04;1171;859;97409;79699;59.0;48.2
04;2021-08-05;1186;736;98595;80435;59.7;48.7
04;2021-08-06;516;396;99111;80831;60.0;48.9
04;2021-08-07;159;162;99270;80993;60.1;49.0
04;2021-08-08;25;12;99295;81005;60.1;49.0
04;2021-08-09;104;119;99399;81124;60.2;49.1
04;2021-08-10;653;976;100052;82100;60.6;49.7
04;2021-08-11;1143;1019;101195;83119;61.3;50.3
04;2021-08-12;1115;1286;102310;84405;61.9;51.1
04;2021-08-13;420;376;102730;84781;62.2;51.3
04;2021-08-14;99;71;102829;84852;62.2;51.4
04;2021-08-15;0;0;102829;84852;62.2;51.4
04;2021-08-16;99;134;102928;84986;62.3;51.4
05;2020-12-27;0;0;0;0;0.0;0.0
05;2020-12-28;1;0;1;0;0.0;0.0
05;2020-12-29;1;0;2;0;0.0;0.0
05;2020-12-30;2;0;4;0;0.0;0.0
05;2020-12-31;0;0;4;0;0.0;0.0
05;2021-01-01;2;0;6;0;0.0;0.0
05;2021-01-02;2;0;8;0;0.0;0.0
05;2021-01-03;1;0;9;0;0.0;0.0
05;2021-01-04;2;0;11;0;0.0;0.0
05;2021-01-05;0;0;11;0;0.0;0.0
05;2021-01-06;21;0;32;0;0.0;0.0
05;2021-01-07;128;0;160;0;0.1;0.0
05;2021-01-08;146;0;306;0;0.2;0.0
05;2021-01-09;11;0;317;0;0.2;0.0
05;2021-01-10;0;0;317;0;0.2;0.0
05;2021-01-11;44;0;361;0;0.3;0.0
05;2021-01-12;105;0;466;0;0.3;0.0
05;2021-01-13;140;0;606;0;0.4;0.0
05;2021-01-14;167;0;773;0;0.5;0.0
05;2021-01-15;128;1;901;1;0.6;0.0
05;2021-01-16;13;0;914;1;0.6;0.0
05;2021-01-17;0;0;914;1;0.6;0.0
05;2021-01-18;226;1;1140;2;0.8;0.0
05;2021-01-19;227;0;1367;2;1.0;0.0
05;2021-01-20;213;0;1580;2;1.1;0.0
05;2021-01-21;255;0;1835;2;1.3;0.0
05;2021-01-22;195;1;2030;3;1.4;0.0
05;2021-01-23;112;0;2142;3;1.5;0.0
05;2021-01-24;0;0;2142;3;1.5;0.0
05;2021-01-25;316;0;2458;3;1.7;0.0
05;2021-01-26;486;0;2944;3;2.1;0.0
05;2021-01-27;389;4;3333;7;2.4;0.0
05;2021-01-28;363;56;3696;63;2.6;0.0
05;2021-01-29;363;113;4059;176;2.9;0.1
05;2021-01-30;97;9;4156;185;2.9;0.1
05;2021-01-31;4;0;4160;185;2.9;0.1
05;2021-02-01;176;21;4336;206;3.1;0.1
05;2021-02-02;186;122;4522;328;3.2;0.2
05;2021-02-03;207;65;4729;393;3.3;0.3
05;2021-02-04;197;126;4926;519;3.5;0.4
05;2021-02-05;183;111;5109;630;3.6;0.4
05;2021-02-06;75;24;5184;654;3.7;0.5
05;2021-02-07;0;5;5184;659;3.7;0.5
05;2021-02-08;84;124;5268;783;3.7;0.6
05;2021-02-09;97;118;5365;901;3.8;0.6
05;2021-02-10;81;178;5446;1079;3.8;0.8
05;2021-02-11;87;138;5533;1217;3.9;0.9
05;2021-02-12;84;150;5617;1367;4.0;1.0
05;2021-02-13;75;32;5692;1399;4.0;1.0
05;2021-02-14;0;0;5692;1399;4.0;1.0
05;2021-02-15;97;191;5789;1590;4.1;1.1
05;2021-02-16;111;286;5900;1876;4.2;1.3
05;2021-02-17;136;231;6036;2107;4.3;1.5
05;2021-02-18;155;300;6191;2407;4.4;1.7
05;2021-02-19;158;323;6349;2730;4.5;1.9
05;2021-02-20;31;87;6380;2817;4.5;2.0
05;2021-02-21;0;0;6380;2817;4.5;2.0
05;2021-02-22;70;245;6450;3062;4.6;2.2
05;2021-02-23;18;239;6468;3301;4.6;2.3
05;2021-02-24;20;196;6488;3497;4.6;2.5
05;2021-02-25;56;177;6544;3674;4.6;2.6
05;2021-02-26;145;214;6689;3888;4.7;2.7
05;2021-02-27;65;171;6754;4059;4.8;2.9
05;2021-02-28;11;0;6765;4059;4.8;2.9
05;2021-03-01;93;170;6858;4229;4.8;3.0
05;2021-03-02;92;198;6950;4427;4.9;3.1
05;2021-03-03;112;232;7062;4659;5.0;3.3
05;2021-03-04;242;166;7304;4825;5.2;3.4
05;2021-03-05;578;193;7882;5018;5.6;3.5
05;2021-03-06;668;58;8550;5076;6.0;3.6
05;2021-03-07;515;19;9065;5095;6.4;3.6
05;2021-03-08;556;137;9621;5232;6.8;3.7
05;2021-03-09;519;161;10140;5393;7.2;3.8
05;2021-03-10;497;143;10637;5536;7.5;3.9
05;2021-03-11;374;137;11011;5673;7.8;4.0
05;2021-03-12;435;90;11446;5763;8.1;4.1
05;2021-03-13;795;93;12241;5856;8.6;4.1
05;2021-03-14;669;8;12910;5864;9.1;4.1
05;2021-03-15;353;125;13263;5989;9.4;4.2
05;2021-03-16;148;141;13411;6130;9.5;4.3
05;2021-03-17;262;121;13673;6251;9.6;4.4
05;2021-03-18;364;35;14037;6286;9.9;4.4
05;2021-03-19;450;59;14487;6345;10.2;4.5
05;2021-03-20;167;32;14654;6377;10.3;4.5
05;2021-03-21;1;0;14655;6377;10.3;4.5
05;2021-03-22;716;34;15371;6411;10.8;4.5
05;2021-03-23;804;13;16175;6424;11.4;4.5
05;2021-03-24;790;75;16965;6499;12.0;4.6
05;2021-03-25;901;58;17866;6557;12.6;4.6
05;2021-03-26;1023;42;18889;6599;13.3;4.7
05;2021-03-27;467;34;19356;6633;13.7;4.7
05;2021-03-28;10;0;19366;6633;13.7;4.7
05;2021-03-29;905;62;20271;6695;14.3;4.7
05;2021-03-30;1142;76;21413;6771;15.1;4.8
05;2021-03-31;823;254;22236;7025;15.7;5.0
05;2021-04-01;900;240;23136;7265;16.3;5.1
05;2021-04-02;665;378;23801;7643;16.8;5.4
05;2021-04-03;550;183;24351;7826;17.2;5.5
05;2021-04-04;350;63;24701;7889;17.4;5.6
05;2021-04-05;158;12;24859;7901;17.5;5.6
05;2021-04-06;646;270;25505;8171;18.0;5.8
05;2021-04-07;773;323;26278;8494;18.5;6.0
05;2021-04-08;735;335;27013;8829;19.1;6.2
05;2021-04-09;884;409;27897;9238;19.7;6.5
05;2021-04-10;713;388;28610;9626;20.2;6.8
05;2021-04-11;191;174;28801;9800;20.3;6.9
05;2021-04-12;732;260;29533;10060;20.8;7.1
05;2021-04-13;922;234;30455;10294;21.5;7.3
05;2021-04-14;667;327;31122;10621;22.0;7.5
05;2021-04-15;768;397;31890;11018;22.5;7.8
05;2021-04-16;731;411;32621;11429;23.0;8.1
05;2021-04-17;671;237;33292;11666;23.5;8.2
05;2021-04-18;305;23;33597;11689;23.7;8.2
05;2021-04-19;363;538;33960;12227;24.0;8.6
05;2021-04-20;482;630;34442;12857;24.3;9.1
05;2021-04-21;494;631;34936;13488;24.6;9.5
05;2021-04-22;385;548;35321;14036;24.9;9.9
05;2021-04-23;523;657;35844;14693;25.3;10.4
05;2021-04-24;347;383;36191;15076;25.5;10.6
05;2021-04-25;288;23;36479;15099;25.7;10.7
05;2021-04-26;365;706;36844;15805;26.0;11.1
05;2021-04-27;657;750;37501;16555;26.5;11.7
05;2021-04-28;468;720;37969;17275;26.8;12.2
05;2021-04-29;703;749;38672;18024;27.3;12.7
05;2021-04-30;508;754;39180;18778;27.6;13.2
05;2021-05-01;138;110;39318;18888;27.7;13.3
05;2021-05-02;266;115;39584;19003;27.9;13.4
05;2021-05-03;457;494;40041;19497;28.2;13.8
05;2021-05-04;384;503;40425;20000;28.5;14.1
05;2021-05-05;462;671;40887;20671;28.8;14.6
05;2021-05-06;647;719;41534;21390;29.3;15.1
05;2021-05-07;596;803;42130;22193;29.7;15.7
05;2021-05-08;481;175;42611;22368;30.1;15.8
05;2021-05-09;208;57;42819;22425;30.2;15.8
05;2021-05-10;499;695;43318;23120;30.6;16.3
05;2021-05-11;669;915;43987;24035;31.0;17.0
05;2021-05-12;648;733;44635;24768;31.5;17.5
05;2021-05-13;960;114;45595;24882;32.2;17.6
05;2021-05-14;826;494;46421;25376;32.7;17.9
05;2021-05-15;1043;353;47464;25729;33.5;18.2
05;2021-05-16;235;52;47699;25781;33.6;18.2
05;2021-05-17;484;430;48183;26211;34.0;18.5
05;2021-05-18;517;419;48700;26630;34.4;18.8
05;2021-05-19;724;458;49424;27088;34.9;19.1
05;2021-05-20;747;434;50171;27522;35.4;19.4
05;2021-05-21;705;511;50876;28033;35.9;19.8
05;2021-05-22;606;239;51482;28272;36.3;19.9
05;2021-05-23;277;59;51759;28331;36.5;20.0
05;2021-05-24;509;157;52268;28488;36.9;20.1
05;2021-05-25;515;482;52783;28970;37.2;20.4
05;2021-05-26;696;362;53479;29332;37.7;20.7
05;2021-05-27;799;571;54278;29903;38.3;21.1
05;2021-05-28;666;648;54944;30551;38.8;21.6
05;2021-05-29;566;544;55510;31095;39.2;21.9
05;2021-05-30;212;82;55722;31177;39.3;22.0
05;2021-05-31;575;496;56297;31673;39.7;22.3
05;2021-06-01;589;585;56886;32258;40.1;22.8
05;2021-06-02;685;703;57571;32961;40.6;23.3
05;2021-06-03;716;652;58287;33613;41.1;23.7
05;2021-06-04;1017;817;59304;34430;41.8;24.3
05;2021-06-05;807;507;60111;34937;42.4;24.6
05;2021-06-06;200;88;60311;35025;42.5;24.7
05;2021-06-07;605;834;60916;35859;43.0;25.3
05;2021-06-08;697;659;61613;36518;43.5;25.8
05;2021-06-09;649;783;62262;37301;43.9;26.3
05;2021-06-10;543;718;62805;38019;44.3;26.8
05;2021-06-11;765;722;63570;38741;44.8;27.3
05;2021-06-12;592;484;64162;39225;45.3;27.7
05;2021-06-13;112;91;64274;39316;45.3;27.7
05;2021-06-14;403;668;64677;39984;45.6;28.2
05;2021-06-15;543;911;65220;40895;46.0;28.8
05;2021-06-16;433;670;65653;41565;46.3;29.3
05;2021-06-17;360;806;66013;42371;46.6;29.9
05;2021-06-18;396;724;66409;43095;46.8;30.4
05;2021-06-19;421;571;66830;43666;47.1;30.8
05;2021-06-20;64;77;66894;43743;47.2;30.9
05;2021-06-21;319;641;67213;44384;47.4;31.3
05;2021-06-22;356;829;67569;45213;47.7;31.9
05;2021-06-23;354;762;67923;45975;47.9;32.4
05;2021-06-24;388;1023;68311;46998;48.2;33.2
05;2021-06-25;229;893;68540;47891;48.4;33.8
05;2021-06-26;291;1074;68831;48965;48.6;34.5
05;2021-06-27;128;170;68959;49135;48.6;34.7
05;2021-06-28;254;793;69213;49928;48.8;35.2
05;2021-06-29;250;785;69463;50713;49.0;35.8
05;2021-06-30;328;790;69791;51503;49.2;36.3
05;2021-07-01;382;791;70173;52294;49.5;36.9
05;2021-07-02;370;870;70543;53164;49.8;37.5
05;2021-07-03;302;740;70845;53904;50.0;38.0
05;2021-07-04;179;177;71024;54081;50.1;38.2
05;2021-07-05;264;781;71288;54862;50.3;38.7
05;2021-07-06;336;860;71624;55722;50.5;39.3
05;2021-07-07;401;782;72025;56504;50.8;39.9
05;2021-07-08;431;848;72456;57352;51.1;40.5
05;2021-07-09;422;995;72878;58347;51.4;41.2
05;2021-07-10;314;729;73192;59076;51.6;41.7
05;2021-07-11;176;119;73368;59195;51.8;41.8
05;2021-07-12;415;1014;73783;60209;52.0;42.5
05;2021-07-13;483;870;74266;61079;52.4;43.1
05;2021-07-14;839;299;75105;61378;53.0;43.3
05;2021-07-15;708;994;75813;62372;53.5;44.0
05;2021-07-16;1028;1456;76841;63828;54.2;45.0
05;2021-07-17;673;1304;77514;65132;54.7;45.9
05;2021-07-18;284;128;77798;65260;54.9;46.0
05;2021-07-19;571;795;78369;66055;55.3;46.6
05;2021-07-20;761;802;79130;66857;55.8;47.2
05;2021-07-21;879;843;80009;67700;56.4;47.8
05;2021-07-22;813;869;80822;68569;57.0;48.4
05;2021-07-23;1443;1233;82265;69802;58.0;49.2
05;2021-07-24;857;833;83122;70635;58.6;49.8
05;2021-07-25;305;159;83427;70794;58.9;49.9
05;2021-07-26;773;561;84200;71355;59.4;50.3
05;2021-07-27;1255;748;85455;72103;60.3;50.9
05;2021-07-28;1512;714;86967;72817;61.3;51.4
05;2021-07-29;1344;723;88311;73540;62.3;51.9
05;2021-07-30;956;594;89267;74134;63.0;52.3
05;2021-07-31;779;521;90046;74655;63.5;52.7
05;2021-08-01;191;177;90237;74832;63.7;52.8
05;2021-08-02;827;545;91064;75377;64.2;53.2
05;2021-08-03;825;606;91889;75983;64.8;53.6
05;2021-08-04;987;753;92876;76736;65.5;54.1
05;2021-08-05;977;721;93853;77457;66.2;54.6
05;2021-08-06;862;791;94715;78248;66.8;55.2
05;2021-08-07;626;639;95341;78887;67.3;55.6
05;2021-08-08;196;268;95537;79155;67.4;55.8
05;2021-08-09;771;849;96308;80004;67.9;56.4
05;2021-08-10;648;692;96956;80696;68.4;56.9
05;2021-08-11;742;852;97698;81548;68.9;57.5
05;2021-08-12;786;777;98484;82325;69.5;58.1
05;2021-08-13;623;892;99107;83217;69.9;58.7
05;2021-08-14;408;780;99515;83997;70.2;59.3
05;2021-08-15;186;215;99701;84212;70.3;59.4
05;2021-08-16;487;1083;100188;85295;70.7;60.2
06;2020-12-27;10;0;10;0;0.0;0.0
06;2020-12-28;11;0;21;0;0.0;0.0
06;2020-12-29;8;0;29;0;0.0;0.0
06;2020-12-30;6;0;35;0;0.0;0.0
06;2020-12-31;26;0;61;0;0.0;0.0
06;2021-01-01;19;0;80;0;0.0;0.0
06;2021-01-02;6;0;86;0;0.0;0.0
06;2021-01-03;5;0;91;0;0.0;0.0
06;2021-01-04;144;1;235;1;0.0;0.0
06;2021-01-05;180;1;415;2;0.0;0.0
06;2021-01-06;224;0;639;2;0.1;0.0
06;2021-01-07;504;0;1143;2;0.1;0.0
06;2021-01-08;687;2;1830;4;0.2;0.0
06;2021-01-09;391;2;2221;6;0.2;0.0
06;2021-01-10;76;0;2297;6;0.2;0.0
06;2021-01-11;1139;0;3436;6;0.3;0.0
06;2021-01-12;2220;4;5656;10;0.5;0.0
06;2021-01-13;1735;7;7391;17;0.7;0.0
06;2021-01-14;2135;17;9526;34;0.9;0.0
06;2021-01-15;1869;5;11395;39;1.1;0.0
06;2021-01-16;983;4;12378;43;1.1;0.0
06;2021-01-17;237;0;12615;43;1.2;0.0
06;2021-01-18;2472;8;15087;51;1.4;0.0
06;2021-01-19;2748;9;17835;60;1.7;0.0
06;2021-01-20;3344;9;21179;69;2.0;0.0
06;2021-01-21;3026;22;24205;91;2.2;0.0
06;2021-01-22;2926;14;27131;105;2.5;0.0
06;2021-01-23;1301;3;28432;108;2.6;0.0
06;2021-01-24;30;0;28462;108;2.6;0.0
06;2021-01-25;2068;15;30530;123;2.8;0.0
06;2021-01-26;3387;38;33917;161;3.1;0.0
06;2021-01-27;2554;101;36471;262;3.4;0.0
06;2021-01-28;2810;202;39281;464;3.6;0.0
06;2021-01-29;2497;310;41778;774;3.9;0.1
06;2021-01-30;668;43;42446;817;3.9;0.1
06;2021-01-31;3;1;42449;818;3.9;0.1
06;2021-02-01;1025;478;43474;1296;4.0;0.1
06;2021-02-02;1500;414;44974;1710;4.2;0.2
06;2021-02-03;330;136;45304;1846;4.2;0.2
06;2021-02-04;713;894;46017;2740;4.3;0.3
06;2021-02-05;1013;1113;47030;3853;4.4;0.4
06;2021-02-06;157;462;47187;4315;4.4;0.4
06;2021-02-07;9;49;47196;4364;4.4;0.4
06;2021-02-08;531;1089;47727;5453;4.4;0.5
06;2021-02-09;315;740;48042;6193;4.5;0.6
06;2021-02-10;373;666;48415;6859;4.5;0.6
06;2021-02-11;472;1072;48887;7931;4.5;0.7
06;2021-02-12;653;1315;49540;9246;4.6;0.9
06;2021-02-13;204;523;49744;9769;4.6;0.9
06;2021-02-14;10;2;49754;9771;4.6;0.9
06;2021-02-15;465;1279;50219;11050;4.7;1.0
06;2021-02-16;867;2012;51086;13062;4.7;1.2
06;2021-02-17;827;2148;51913;15210;4.8;1.4
06;2021-02-18;1804;2711;53717;17921;5.0;1.7
06;2021-02-19;1764;2152;55481;20073;5.1;1.9
06;2021-02-20;283;527;55764;20600;5.2;1.9
06;2021-02-21;21;55;55785;20655;5.2;1.9
06;2021-02-22;1079;1623;56864;22278;5.3;2.1
06;2021-02-23;1750;1556;58614;23834;5.4;2.2
06;2021-02-24;2113;1297;60727;25131;5.6;2.3
06;2021-02-25;3845;1686;64572;26817;6.0;2.5
06;2021-02-26;3390;1610;67962;28427;6.3;2.6
06;2021-02-27;1428;330;69390;28757;6.4;2.7
06;2021-02-28;88;24;69478;28781;6.4;2.7
06;2021-03-01;2408;824;71886;29605;6.7;2.7
06;2021-03-02;2453;991;74339;30596;6.9;2.8
06;2021-03-03;2846;566;77185;31162;7.2;2.9
06;2021-03-04;4618;624;81803;31786;7.6;2.9
06;2021-03-05;3900;1027;85703;32813;7.9;3.0
06;2021-03-06;11927;348;97630;33161;9.0;3.1
06;2021-03-07;10190;299;107820;33460;10.0;3.1
06;2021-03-08;4146;1195;111966;34655;10.4;3.2
06;2021-03-09;4975;928;116941;35583;10.8;3.3
06;2021-03-10;4699;838;121640;36421;11.3;3.4
06;2021-03-11;6721;894;128361;37315;11.9;3.5
06;2021-03-12;6868;1009;135229;38324;12.5;3.6
06;2021-03-13;11222;344;146451;38668;13.6;3.6
06;2021-03-14;503;48;146954;38716;13.6;3.6
06;2021-03-15;4825;765;151779;39481;14.1;3.7
06;2021-03-16;3756;1054;155535;40535;14.4;3.8
06;2021-03-17;6201;1884;161736;42419;15.0;3.9
06;2021-03-18;5115;1822;166851;44241;15.5;4.1
06;2021-03-19;6814;2018;173665;46259;16.1;4.3
06;2021-03-20;2372;560;176037;46819;16.3;4.3
06;2021-03-21;406;23;176443;46842;16.3;4.3
06;2021-03-22;3965;702;180408;47544;16.7;4.4
06;2021-03-23;5974;1209;186382;48753;17.3;4.5
06;2021-03-24;4214;3324;190596;52077;17.7;4.8
06;2021-03-25;5854;3239;196450;55316;18.2;5.1
06;2021-03-26;6347;1990;202797;57306;18.8;5.3
06;2021-03-27;2036;368;204833;57674;19.0;5.3
06;2021-03-28;208;3;205041;57677;19.0;5.3
06;2021-03-29;3199;2092;208240;59769;19.3;5.5
06;2021-03-30;5183;2536;213423;62305;19.8;5.8
06;2021-03-31;8033;1649;221456;63954;20.5;5.9
06;2021-04-01;7632;2461;229088;66415;21.2;6.2
06;2021-04-02;7222;2700;236310;69115;21.9;6.4
06;2021-04-03;2714;1364;239024;70479;22.1;6.5
06;2021-04-04;298;548;239322;71027;22.2;6.6
06;2021-04-05;1401;691;240723;71718;22.3;6.6
06;2021-04-06;6651;3305;247374;75023;22.9;7.0
06;2021-04-07;6213;3882;253587;78905;23.5;7.3
06;2021-04-08;5729;5648;259316;84553;24.0;7.8
06;2021-04-09;9368;5840;268684;90393;24.9;8.4
06;2021-04-10;2396;2788;271080;93181;25.1;8.6
06;2021-04-11;183;58;271263;93239;25.1;8.6
06;2021-04-12;4378;3533;275641;96772;25.5;9.0
06;2021-04-13;6361;5126;282002;101898;26.1;9.4
06;2021-04-14;5456;4483;287458;106381;26.6;9.9
06;2021-04-15;5539;4378;292997;110759;27.1;10.3
06;2021-04-16;7069;5185;300066;115944;27.8;10.7
06;2021-04-17;2775;3053;302841;118997;28.1;11.0
06;2021-04-18;261;223;303102;119220;28.1;11.0
06;2021-04-19;5475;4041;308577;123261;28.6;11.4
06;2021-04-20;5647;4857;314224;128118;29.1;11.9
06;2021-04-21;8312;4145;322536;132263;29.9;12.3
06;2021-04-22;8562;4177;331098;136440;30.7;12.6
06;2021-04-23;8778;4224;339876;140664;31.5;13.0
06;2021-04-24;2342;1481;342218;142145;31.7;13.2
06;2021-04-25;120;29;342338;142174;31.7;13.2
06;2021-04-26;4137;2306;346475;144480;32.1;13.4
06;2021-04-27;4573;4014;351048;148494;32.5;13.8
06;2021-04-28;4143;4548;355191;153042;32.9;14.2
06;2021-04-29;6074;5441;361265;158483;33.5;14.7
06;2021-04-30;6757;5153;368022;163636;34.1;15.2
06;2021-05-01;4153;819;372175;164455;34.5;15.2
06;2021-05-02;490;158;372665;164613;34.5;15.3
06;2021-05-03;6891;3527;379556;168140;35.2;15.6
06;2021-05-04;5744;5376;385300;173516;35.7;16.1
06;2021-05-05;4539;3909;389839;177425;36.1;16.4
06;2021-05-06;5218;4723;395057;182148;36.6;16.9
06;2021-05-07;5645;5670;400702;187818;37.1;17.4
06;2021-05-08;4859;1311;405561;189129;37.6;17.5
06;2021-05-09;193;308;405754;189437;37.6;17.6
06;2021-05-10;4815;5043;410569;194480;38.0;18.0
06;2021-05-11;4933;5552;415502;200032;38.5;18.5
06;2021-05-12;9078;4874;424580;204906;39.3;19.0
06;2021-05-13;9255;2113;433835;207019;40.2;19.2
06;2021-05-14;10830;3342;444665;210361;41.2;19.5
06;2021-05-15;9273;2198;453938;212559;42.1;19.7
06;2021-05-16;1500;285;455438;212844;42.2;19.7
06;2021-05-17;7491;3748;462929;216592;42.9;20.1
06;2021-05-18;9725;3195;472654;219787;43.8;20.4
06;2021-05-19;7688;2968;480342;222755;44.5;20.6
06;2021-05-20;7890;3648;488232;226403;45.2;21.0
06;2021-05-21;8787;3913;497019;230316;46.0;21.3
06;2021-05-22;3027;1328;500046;231644;46.3;21.5
06;2021-05-23;131;629;500177;232273;46.3;21.5
06;2021-05-24;3183;1001;503360;233274;46.6;21.6
06;2021-05-25;4758;4936;508118;238210;47.1;22.1
06;2021-05-26;5672;6606;513790;244816;47.6;22.7
06;2021-05-27;5566;6274;519356;251090;48.1;23.3
06;2021-05-28;4979;7279;524335;258369;48.6;23.9
06;2021-05-29;1641;2933;525976;261302;48.7;24.2
06;2021-05-30;257;1122;526233;262424;48.8;24.3
06;2021-05-31;4400;5120;530633;267544;49.2;24.8
06;2021-06-01;5719;7409;536352;274953;49.7;25.5
06;2021-06-02;3310;8550;539662;283503;50.0;26.3
06;2021-06-03;4544;8304;544206;291807;50.4;27.0
06;2021-06-04;5482;7738;549688;299545;50.9;27.8
06;2021-06-05;2458;3350;552146;302895;51.2;28.1
06;2021-06-06;176;236;552322;303131;51.2;28.1
06;2021-06-07;4139;5587;556461;308718;51.6;28.6
06;2021-06-08;4468;5190;560929;313908;52.0;29.1
06;2021-06-09;4105;7365;565034;321273;52.3;29.8
06;2021-06-10;4734;6856;569768;328129;52.8;30.4
06;2021-06-11;3895;8359;573663;336488;53.1;31.2
06;2021-06-12;1740;3745;575403;340233;53.3;31.5
06;2021-06-13;147;440;575550;340673;53.3;31.6
06;2021-06-14;2716;8593;578266;349266;53.6;32.4
06;2021-06-15;3245;9484;581511;358750;53.9;33.2
06;2021-06-16;3494;6999;585005;365749;54.2;33.9
06;2021-06-17;3662;7177;588667;372926;54.5;34.5
06;2021-06-18;2619;5930;591286;378856;54.8;35.1
06;2021-06-19;1304;1680;592590;380536;54.9;35.3
06;2021-06-20;209;346;592799;380882;54.9;35.3
06;2021-06-21;1707;6291;594506;387173;55.1;35.9
06;2021-06-22;2343;7366;596849;394539;55.3;36.6
06;2021-06-23;2075;6546;598924;401085;55.5;37.2
06;2021-06-24;3454;8960;602378;410045;55.8;38.0
06;2021-06-25;2289;9609;604667;419654;56.0;38.9
06;2021-06-26;893;2285;605560;421939;56.1;39.1
06;2021-06-27;377;1187;605937;423126;56.1;39.2
06;2021-06-28;2481;8136;608418;431262;56.4;40.0
06;2021-06-29;2377;7723;610795;438985;56.6;40.7
06;2021-06-30;1509;7691;612304;446676;56.7;41.4
06;2021-07-01;3392;7473;615696;454149;57.0;42.1
06;2021-07-02;4098;8246;619794;462395;57.4;42.8
06;2021-07-03;1233;4306;621027;466701;57.5;43.2
06;2021-07-04;317;303;621344;467004;57.6;43.3
06;2021-07-05;3590;5132;624934;472136;57.9;43.7
06;2021-07-06;1928;5829;626862;477965;58.1;44.3
06;2021-07-07;3426;5974;630288;483939;58.4;44.8
06;2021-07-08;3442;6307;633730;490246;58.7;45.4
06;2021-07-09;3956;6221;637686;496467;59.1;46.0
06;2021-07-10;1747;2329;639433;498796;59.2;46.2
06;2021-07-11;329;322;639762;499118;59.3;46.2
06;2021-07-12;3849;7148;643611;506266;59.6;46.9
06;2021-07-13;5817;8996;649428;515262;60.2;47.7
06;2021-07-14;970;431;650398;515693;60.3;47.8
06;2021-07-15;6425;8022;656823;523715;60.9;48.5
06;2021-07-16;7554;8995;664377;532710;61.6;49.4
06;2021-07-17;3116;5461;667493;538171;61.8;49.9
06;2021-07-18;1071;5327;668564;543498;61.9;50.4
06;2021-07-19;5827;8027;674391;551525;62.5;51.1
06;2021-07-20;7300;10245;681691;561770;63.2;52.0
06;2021-07-21;8002;8685;689693;570455;63.9;52.8
06;2021-07-22;10145;7838;699838;578293;64.8;53.6
06;2021-07-23;9176;6865;709014;585158;65.7;54.2
06;2021-07-24;3205;3217;712219;588375;66.0;54.5
06;2021-07-25;977;479;713196;588854;66.1;54.6
06;2021-07-26;7291;6849;720487;595703;66.7;55.2
06;2021-07-27;8741;5537;729228;601240;67.6;55.7
06;2021-07-28;7048;5370;736276;606610;68.2;56.2
06;2021-07-29;8375;5731;744651;612341;69.0;56.7
06;2021-07-30;7799;5473;752450;617814;69.7;57.2
06;2021-07-31;3482;3062;755932;620876;70.0;57.5
06;2021-08-01;721;427;756653;621303;70.1;57.6
06;2021-08-02;5717;4559;762370;625862;70.6;58.0
06;2021-08-03;6114;5422;768484;631284;71.2;58.5
06;2021-08-04;5354;3485;773838;634769;71.7;58.8
06;2021-08-05;5995;4414;779833;639183;72.2;59.2
06;2021-08-06;5521;6066;785354;645249;72.8;59.8
06;2021-08-07;2228;2449;787582;647698;73.0;60.0
06;2021-08-08;545;621;788127;648319;73.0;60.1
06;2021-08-09;4266;5971;792393;654290;73.4;60.6
06;2021-08-10;5041;6801;797434;661091;73.9;61.2
06;2021-08-11;4050;6150;801484;667241;74.3;61.8
06;2021-08-12;4252;6666;805736;673907;74.6;62.4
06;2021-08-13;3357;6332;809093;680239;75.0;63.0
06;2021-08-14;1439;2268;810532;682507;75.1;63.2
06;2021-08-15;379;625;810911;683132;75.1;63.3
06;2021-08-16;2840;6810;813751;689942;75.4;63.9
07;2020-12-27;0;0;0;0;0.0;0.0
07;2020-12-28;0;0;0;0;0.0;0.0
07;2020-12-29;0;0;0;0;0.0;0.0
07;2020-12-30;0;0;0;0;0.0;0.0
07;2020-12-31;0;0;0;0;0.0;0.0
07;2021-01-01;7;0;7;0;0.0;0.0
07;2021-01-02;0;0;7;0;0.0;0.0
07;2021-01-03;0;0;7;0;0.0;0.0
07;2021-01-04;0;0;7;0;0.0;0.0
07;2021-01-05;0;0;7;0;0.0;0.0
07;2021-01-06;31;0;38;0;0.0;0.0
07;2021-01-07;130;1;168;1;0.1;0.0
07;2021-01-08;45;1;213;2;0.1;0.0
07;2021-01-09;17;0;230;2;0.1;0.0
07;2021-01-10;0;0;230;2;0.1;0.0
07;2021-01-11;157;1;387;3;0.1;0.0
07;2021-01-12;309;0;696;3;0.2;0.0
07;2021-01-13;305;1;1001;4;0.3;0.0
07;2021-01-14;478;0;1479;4;0.5;0.0
07;2021-01-15;187;0;1666;4;0.5;0.0
07;2021-01-16;17;0;1683;4;0.5;0.0
07;2021-01-17;2;0;1685;4;0.5;0.0
07;2021-01-18;363;1;2048;5;0.6;0.0
07;2021-01-19;830;2;2878;7;0.9;0.0
07;2021-01-20;597;2;3475;9;1.1;0.0
07;2021-01-21;452;3;3927;12;1.2;0.0
07;2021-01-22;291;0;4218;12;1.3;0.0
07;2021-01-23;107;0;4325;12;1.3;0.0
07;2021-01-24;0;0;4325;12;1.3;0.0
07;2021-01-25;164;0;4489;12;1.4;0.0
07;2021-01-26;491;3;4980;15;1.5;0.0
07;2021-01-27;555;7;5535;22;1.7;0.0
07;2021-01-28;1206;100;6741;122;2.1;0.0
07;2021-01-29;707;18;7448;140;2.3;0.0
07;2021-01-30;213;4;7661;144;2.3;0.0
07;2021-01-31;7;0;7668;144;2.3;0.0
07;2021-02-01;267;33;7935;177;2.4;0.1
07;2021-02-02;664;241;8599;418;2.6;0.1
07;2021-02-03;1045;222;9644;640;3.0;0.2
07;2021-02-04;720;262;10364;902;3.2;0.3
07;2021-02-05;484;255;10848;1157;3.3;0.4
07;2021-02-06;98;3;10946;1160;3.3;0.4
07;2021-02-07;12;1;10958;1161;3.4;0.4
07;2021-02-08;239;179;11197;1340;3.4;0.4
07;2021-02-09;486;326;11683;1666;3.6;0.5
07;2021-02-10;537;396;12220;2062;3.7;0.6
07;2021-02-11;400;282;12620;2344;3.9;0.7
07;2021-02-12;268;160;12888;2504;3.9;0.8
07;2021-02-13;69;20;12957;2524;4.0;0.8
07;2021-02-14;0;0;12957;2524;4.0;0.8
07;2021-02-15;270;132;13227;2656;4.0;0.8
07;2021-02-16;347;365;13574;3021;4.2;0.9
07;2021-02-17;466;335;14040;3356;4.3;1.0
07;2021-02-18;562;768;14602;4124;4.5;1.3
07;2021-02-19;456;507;15058;4631;4.6;1.4
07;2021-02-20;109;69;15167;4700;4.6;1.4
07;2021-02-21;15;0;15182;4700;4.6;1.4
07;2021-02-22;424;217;15606;4917;4.8;1.5
07;2021-02-23;646;620;16252;5537;5.0;1.7
07;2021-02-24;928;705;17180;6242;5.3;1.9
07;2021-02-25;710;538;17890;6780;5.5;2.1
07;2021-02-26;845;295;18735;7075;5.7;2.2
07;2021-02-27;190;144;18925;7219;5.8;2.2
07;2021-02-28;1;0;18926;7219;5.8;2.2
07;2021-03-01;437;216;19363;7435;5.9;2.3
07;2021-03-02;654;565;20017;8000;6.1;2.4
07;2021-03-03;691;537;20708;8537;6.3;2.6
07;2021-03-04;1098;359;21806;8896;6.7;2.7
07;2021-03-05;1084;373;22890;9269;7.0;2.8
07;2021-03-06;1124;99;24014;9368;7.3;2.9
07;2021-03-07;718;21;24732;9389;7.6;2.9
07;2021-03-08;352;316;25084;9705;7.7;3.0
07;2021-03-09;1090;433;26174;10138;8.0;3.1
07;2021-03-10;866;515;27040;10653;8.3;3.3
07;2021-03-11;1373;466;28413;11119;8.7;3.4
07;2021-03-12;1615;563;30028;11682;9.2;3.6
07;2021-03-13;679;101;30707;11783;9.4;3.6
07;2021-03-14;4;0;30711;11783;9.4;3.6
07;2021-03-15;526;292;31237;12075;9.6;3.7
07;2021-03-16;1206;482;32443;12557;9.9;3.8
07;2021-03-17;1187;782;33630;13339;10.3;4.1
07;2021-03-18;1219;413;34849;13752;10.7;4.2
07;2021-03-19;1269;423;36118;14175;11.0;4.3
07;2021-03-20;467;108;36585;14283;11.2;4.4
07;2021-03-21;3;2;36588;14285;11.2;4.4
07;2021-03-22;791;538;37379;14823;11.4;4.5
07;2021-03-23;1514;720;38893;15543;11.9;4.8
07;2021-03-24;1274;664;40167;16207;12.3;5.0
07;2021-03-25;1852;515;42019;16722;12.9;5.1
07;2021-03-26;1834;436;43853;17158;13.4;5.2
07;2021-03-27;384;100;44237;17258;13.5;5.3
07;2021-03-28;6;1;44243;17259;13.5;5.3
07;2021-03-29;786;356;45029;17615;13.8;5.4
07;2021-03-30;1526;511;46555;18126;14.2;5.5
07;2021-03-31;1656;503;48211;18629;14.7;5.7
07;2021-04-01;1583;657;49794;19286;15.2;5.9
07;2021-04-02;1523;436;51317;19722;15.7;6.0
07;2021-04-03;229;106;51546;19828;15.8;6.1
07;2021-04-04;3;1;51549;19829;15.8;6.1
07;2021-04-05;0;66;51549;19895;15.8;6.1
07;2021-04-06;1161;757;52710;20652;16.1;6.3
07;2021-04-07;1317;896;54027;21548;16.5;6.6
07;2021-04-08;1969;1178;55996;22726;17.1;7.0
07;2021-04-09;2424;567;58420;23293;17.9;7.1
07;2021-04-10;807;159;59227;23452;18.1;7.2
07;2021-04-11;339;13;59566;23465;18.2;7.2
07;2021-04-12;1281;591;60847;24056;18.6;7.4
07;2021-04-13;1765;1332;62612;25388;19.2;7.8
07;2021-04-14;1675;986;64287;26374;19.7;8.1
07;2021-04-15;1443;842;65730;27216;20.1;8.3
07;2021-04-16;1506;904;67236;28120;20.6;8.6
07;2021-04-17;869;214;68105;28334;20.8;8.7
07;2021-04-18;700;36;68805;28370;21.0;8.7
07;2021-04-19;1161;572;69966;28942;21.4;8.9
07;2021-04-20;1438;1318;71404;30260;21.8;9.3
07;2021-04-21;1717;918;73121;31178;22.4;9.5
07;2021-04-22;1817;963;74938;32141;22.9;9.8
07;2021-04-23;1411;973;76349;33114;23.4;10.1
07;2021-04-24;960;249;77309;33363;23.7;10.2
07;2021-04-25;717;68;78026;33431;23.9;10.2
07;2021-04-26;1138;682;79164;34113;24.2;10.4
07;2021-04-27;1395;1565;80559;35678;24.6;10.9
07;2021-04-28;1636;1756;82195;37434;25.1;11.5
07;2021-04-29;1939;1534;84134;38968;25.7;11.9
07;2021-04-30;1661;1481;85795;40449;26.2;12.4
07;2021-05-01;960;114;86755;40563;26.5;12.4
07;2021-05-02;845;155;87600;40718;26.8;12.5
07;2021-05-03;1280;434;88880;41152;27.2;12.6
07;2021-05-04;2170;1562;91050;42714;27.9;13.1
07;2021-05-05;1745;1386;92795;44100;28.4;13.5
07;2021-05-06;2104;1586;94899;45686;29.0;14.0
07;2021-05-07;1595;1556;96494;47242;29.5;14.5
07;2021-05-08;1224;405;97718;47647;29.9;14.6
07;2021-05-09;1030;327;98748;47974;30.2;14.7
07;2021-05-10;1403;1175;100151;49149;30.6;15.0
07;2021-05-11;2472;1698;102623;50847;31.4;15.6
07;2021-05-12;2163;1277;104786;52124;32.1;15.9
07;2021-05-13;1710;271;106496;52395;32.6;16.0
07;2021-05-14;1734;998;108230;53393;33.1;16.3
07;2021-05-15;1628;498;109858;53891;33.6;16.5
07;2021-05-16;1442;213;111300;54104;34.0;16.6
07;2021-05-17;1772;858;113072;54962;34.6;16.8
07;2021-05-18;2296;1304;115368;56266;35.3;17.2
07;2021-05-19;2376;997;117744;57263;36.0;17.5
07;2021-05-20;2162;1310;119906;58573;36.7;17.9
07;2021-05-21;1758;1314;121664;59887;37.2;18.3
07;2021-05-22;937;544;122601;60431;37.5;18.5
07;2021-05-23;857;157;123458;60588;37.8;18.5
07;2021-05-24;1650;339;125108;60927;38.3;18.6
07;2021-05-25;2187;1479;127295;62406;38.9;19.1
07;2021-05-26;1528;1381;128823;63787;39.4;19.5
07;2021-05-27;2020;1408;130843;65195;40.0;19.9
07;2021-05-28;1769;2080;132612;67275;40.6;20.6
07;2021-05-29;943;684;133555;67959;40.9;20.8
07;2021-05-30;622;570;134177;68529;41.0;21.0
07;2021-05-31;1132;1285;135309;69814;41.4;21.4
07;2021-06-01;2153;2007;137462;71821;42.1;22.0
07;2021-06-02;1531;1654;138993;73475;42.5;22.5
07;2021-06-03;1711;1258;140704;74733;43.0;22.9
07;2021-06-04;1675;1596;142379;76329;43.6;23.4
07;2021-06-05;988;955;143367;77284;43.9;23.6
07;2021-06-06;598;623;143965;77907;44.0;23.8
07;2021-06-07;961;1195;144926;79102;44.3;24.2
07;2021-06-08;1548;1770;146474;80872;44.8;24.7
07;2021-06-09;1030;1422;147504;82294;45.1;25.2
07;2021-06-10;789;1391;148293;83685;45.4;25.6
07;2021-06-11;1154;2034;149447;85719;45.7;26.2
07;2021-06-12;643;1217;150090;86936;45.9;26.6
07;2021-06-13;395;444;150485;87380;46.0;26.7
07;2021-06-14;566;1963;151051;89343;46.2;27.3
07;2021-06-15;934;2553;151985;91896;46.5;28.1
07;2021-06-16;1021;1853;153006;93749;46.8;28.7
07;2021-06-17;886;1951;153892;95700;47.1;29.3
07;2021-06-18;872;2285;154764;97985;47.3;30.0
07;2021-06-19;606;1455;155370;99440;47.5;30.4
07;2021-06-20;369;729;155739;100169;47.6;30.6
07;2021-06-21;517;2144;156256;102313;47.8;31.3
07;2021-06-22;655;2663;156911;104976;48.0;32.1
07;2021-06-23;680;1960;157591;106936;48.2;32.7
07;2021-06-24;647;1852;158238;108788;48.4;33.3
07;2021-06-25;701;2177;158939;110965;48.6;33.9
07;2021-06-26;360;1429;159299;112394;48.7;34.4
07;2021-06-27;284;1073;159583;113467;48.8;34.7
07;2021-06-28;504;2242;160087;115709;49.0;35.4
07;2021-06-29;540;2988;160627;118697;49.1;36.3
07;2021-06-30;822;2290;161449;120987;49.4;37.0
07;2021-07-01;772;1977;162221;122964;49.6;37.6
07;2021-07-02;882;2303;163103;125267;49.9;38.3
07;2021-07-03;420;1139;163523;126406;50.0;38.7
07;2021-07-04;211;853;163734;127259;50.1;38.9
07;2021-07-05;670;1684;164404;128943;50.3;39.4
07;2021-07-06;878;2634;165282;131577;50.6;40.3
07;2021-07-07;968;1946;166250;133523;50.9;40.8
07;2021-07-08;928;1972;167178;135495;51.1;41.5
07;2021-07-09;995;2262;168173;137757;51.4;42.1
07;2021-07-10;598;1099;168771;138856;51.6;42.5
07;2021-07-11;239;615;169010;139471;51.7;42.7
07;2021-07-12;805;1769;169815;141240;52.0;43.2
07;2021-07-13;1768;3174;171583;144414;52.5;44.2
07;2021-07-14;167;134;171750;144548;52.5;44.2
07;2021-07-15;1953;2459;173703;147007;53.1;45.0
07;2021-07-16;2052;1986;175755;148993;53.8;45.6
07;2021-07-17;1482;1250;177237;150243;54.2;46.0
07;2021-07-18;770;482;178007;150725;54.5;46.1
07;2021-07-19;1513;1702;179520;152427;54.9;46.6
07;2021-07-20;2516;2672;182036;155099;55.7;47.4
07;2021-07-21;1850;1912;183886;157011;56.3;48.0
07;2021-07-22;1915;1372;185801;158383;56.8;48.5
07;2021-07-23;2256;1683;188057;160066;57.5;49.0
07;2021-07-24;1632;1107;189689;161173;58.0;49.3
07;2021-07-25;33;21;189722;161194;58.0;49.3
07;2021-07-26;2184;1541;191906;162735;58.7;49.8
07;2021-07-27;2967;1906;194873;164641;59.6;50.4
07;2021-07-28;1627;1301;196500;165942;60.1;50.8
07;2021-07-29;2523;1271;199023;167213;60.9;51.2
07;2021-07-30;1343;1413;200366;168626;61.3;51.6
07;2021-07-31;1493;923;201859;169549;61.8;51.9
07;2021-08-01;73;26;201932;169575;61.8;51.9
07;2021-08-02;1452;1134;203384;170709;62.2;52.2
07;2021-08-03;2399;1905;205783;172614;63.0;52.8
07;2021-08-04;1932;1026;207715;173640;63.5;53.1
07;2021-08-05;1869;1285;209584;174925;64.1;53.5
07;2021-08-06;2019;1705;211603;176630;64.7;54.0
07;2021-08-07;991;551;212594;177181;65.0;54.2
07;2021-08-08;7;23;212601;177204;65.0;54.2
07;2021-08-09;1252;1373;213853;178577;65.4;54.6
07;2021-08-10;1588;2255;215441;180832;65.9;55.3
07;2021-08-11;1398;1602;216839;182434;66.3;55.8
07;2021-08-12;1092;1476;217931;183910;66.7;56.3
07;2021-08-13;1163;1777;219094;185687;67.0;56.8
07;2021-08-14;505;768;219599;186455;67.2;57.0
07;2021-08-15;9;27;219608;186482;67.2;57.0
07;2021-08-16;662;1311;220270;187793;67.4;57.5
08;2020-12-27;1;0;1;0;0.0;0.0
08;2020-12-28;0;0;1;0;0.0;0.0
08;2020-12-29;0;0;1;0;0.0;0.0
08;2020-12-30;0;0;1;0;0.0;0.0
08;2020-12-31;0;0;1;0;0.0;0.0
08;2021-01-01;0;0;1;0;0.0;0.0
08;2021-01-02;0;0;1;0;0.0;0.0
08;2021-01-03;2;0;3;0;0.0;0.0
08;2021-01-04;24;0;27;0;0.0;0.0
08;2021-01-05;1;0;28;0;0.0;0.0
08;2021-01-06;0;0;28;0;0.0;0.0
08;2021-01-07;188;0;216;0;0.1;0.0
08;2021-01-08;314;0;530;0;0.2;0.0
08;2021-01-09;113;0;643;0;0.2;0.0
08;2021-01-10;1;0;644;0;0.2;0.0
08;2021-01-11;67;0;711;0;0.3;0.0
08;2021-01-12;157;0;868;0;0.3;0.0
08;2021-01-13;480;1;1348;1;0.5;0.0
08;2021-01-14;536;9;1884;10;0.7;0.0
08;2021-01-15;287;2;2171;12;0.8;0.0
08;2021-01-16;106;0;2277;12;0.9;0.0
08;2021-01-17;2;0;2279;12;0.9;0.0
08;2021-01-18;371;2;2650;14;1.0;0.0
08;2021-01-19;871;1;3521;15;1.3;0.0
08;2021-01-20;910;4;4431;19;1.7;0.0
08;2021-01-21;743;1;5174;20;1.9;0.0
08;2021-01-22;678;2;5852;22;2.2;0.0
08;2021-01-23;237;0;6089;22;2.3;0.0
08;2021-01-24;0;0;6089;22;2.3;0.0
08;2021-01-25;205;0;6294;22;2.4;0.0
08;2021-01-26;302;2;6596;24;2.5;0.0
08;2021-01-27;410;0;7006;24;2.6;0.0
08;2021-01-28;565;181;7571;205;2.9;0.1
08;2021-01-29;587;181;8158;386;3.1;0.1
08;2021-01-30;222;63;8380;449;3.2;0.2
08;2021-01-31;0;0;8380;449;3.2;0.2
08;2021-02-01;80;46;8460;495;3.2;0.2
08;2021-02-02;192;173;8652;668;3.3;0.3
08;2021-02-03;141;170;8793;838;3.3;0.3
08;2021-02-04;309;287;9102;1125;3.4;0.4
08;2021-02-05;499;360;9601;1485;3.6;0.6
08;2021-02-06;149;75;9750;1560;3.7;0.6
08;2021-02-07;8;0;9758;1560;3.7;0.6
08;2021-02-08;39;173;9797;1733;3.7;0.7
08;2021-02-09;219;646;10016;2379;3.8;0.9
08;2021-02-10;334;641;10350;3020;3.9;1.1
08;2021-02-11;464;364;10814;3384;4.1;1.3
08;2021-02-12;676;388;11490;3772;4.3;1.4
08;2021-02-13;140;118;11630;3890;4.4;1.5
08;2021-02-14;3;60;11633;3950;4.4;1.5
08;2021-02-15;227;209;11860;4159;4.5;1.6
08;2021-02-16;130;375;11990;4534;4.5;1.7
08;2021-02-17;112;417;12102;4951;4.6;1.9
08;2021-02-18;215;518;12317;5469;4.6;2.1
08;2021-02-19;305;425;12622;5894;4.8;2.2
08;2021-02-20;7;208;12629;6102;4.8;2.3
08;2021-02-21;0;0;12629;6102;4.8;2.3
08;2021-02-22;132;179;12761;6281;4.8;2.4
08;2021-02-23;150;319;12911;6600;4.9;2.5
08;2021-02-24;163;388;13074;6988;4.9;2.6
08;2021-02-25;500;527;13574;7515;5.1;2.8
08;2021-02-26;603;628;14177;8143;5.3;3.1
08;2021-02-27;318;191;14495;8334;5.5;3.1
08;2021-02-28;19;1;14514;8335;5.5;3.1
08;2021-03-01;200;105;14714;8440;5.5;3.2
08;2021-03-02;655;278;15369;8718;5.8;3.3
08;2021-03-03;897;202;16266;8920;6.1;3.4
08;2021-03-04;734;332;17000;9252;6.4;3.5
08;2021-03-05;1022;541;18022;9793;6.8;3.7
08;2021-03-06;693;137;18715;9930;7.0;3.7
08;2021-03-07;75;1;18790;9931;7.1;3.7
08;2021-03-08;217;123;19007;10054;7.2;3.8
08;2021-03-09;686;136;19693;10190;7.4;3.8
08;2021-03-10;1037;120;20730;10310;7.8;3.9
08;2021-03-11;981;249;21711;10559;8.2;4.0
08;2021-03-12;1631;510;23342;11069;8.8;4.2
08;2021-03-13;795;123;24137;11192;9.1;4.2
08;2021-03-14;22;0;24159;11192;9.1;4.2
08;2021-03-15;291;73;24450;11265;9.2;4.2
08;2021-03-16;563;38;25013;11303;9.4;4.3
08;2021-03-17;802;59;25815;11362;9.7;4.3
08;2021-03-18;815;155;26630;11517;10.0;4.3
08;2021-03-19;1135;282;27765;11799;10.5;4.4
08;2021-03-20;508;17;28273;11816;10.6;4.4
08;2021-03-21;13;1;28286;11817;10.7;4.5
08;2021-03-22;367;44;28653;11861;10.8;4.5
08;2021-03-23;733;63;29386;11924;11.1;4.5
08;2021-03-24;1327;68;30713;11992;11.6;4.5
08;2021-03-25;1904;90;32617;12082;12.3;4.6
08;2021-03-26;2564;170;35181;12252;13.2;4.6
08;2021-03-27;898;123;36079;12375;13.6;4.7
08;2021-03-28;228;6;36307;12381;13.7;4.7
08;2021-03-29;260;183;36567;12564;13.8;4.7
08;2021-03-30;832;486;37399;13050;14.1;4.9
08;2021-03-31;852;530;38251;13580;14.4;5.1
08;2021-04-01;1684;447;39935;14027;15.0;5.3
08;2021-04-02;1499;516;41434;14543;15.6;5.5
08;2021-04-03;1329;201;42763;14744;16.1;5.6
08;2021-04-04;134;4;42897;14748;16.2;5.6
08;2021-04-05;17;0;42914;14748;16.2;5.6
08;2021-04-06;702;480;43616;15228;16.4;5.7
08;2021-04-07;910;703;44526;15931;16.8;6.0
08;2021-04-08;1742;520;46268;16451;17.4;6.2
08;2021-04-09;2348;721;48616;17172;18.3;6.5
08;2021-04-10;1449;223;50065;17395;18.9;6.6
08;2021-04-11;10;6;50075;17401;18.9;6.6
08;2021-04-12;671;226;50746;17627;19.1;6.6
08;2021-04-13;1307;615;52053;18242;19.6;6.9
08;2021-04-14;1281;868;53334;19110;20.1;7.2
08;2021-04-15;1606;800;54940;19910;20.7;7.5
08;2021-04-16;1873;881;56813;20791;21.4;7.8
08;2021-04-17;1111;401;57924;21192;21.8;8.0
08;2021-04-18;23;14;57947;21206;21.8;8.0
08;2021-04-19;1149;298;59096;21504;22.3;8.1
08;2021-04-20;1118;541;60214;22045;22.7;8.3
08;2021-04-21;1139;740;61353;22785;23.1;8.6
08;2021-04-22;1327;881;62680;23666;23.6;8.9
08;2021-04-23;1676;1170;64356;24836;24.2;9.4
08;2021-04-24;1323;645;65679;25481;24.7;9.6
08;2021-04-25;26;198;65705;25679;24.7;9.7
08;2021-04-26;1040;153;66745;25832;25.1;9.7
08;2021-04-27;1337;603;68082;26435;25.6;10.0
08;2021-04-28;1452;680;69534;27115;26.2;10.2
08;2021-04-29;1172;1314;70706;28429;26.6;10.7
08;2021-04-30;1769;1616;72475;30045;27.3;11.3
08;2021-05-01;1049;494;73524;30539;27.7;11.5
08;2021-05-02;626;182;74150;30721;27.9;11.6
08;2021-05-03;1169;372;75319;31093;28.4;11.7
08;2021-05-04;1328;863;76647;31956;28.9;12.0
08;2021-05-05;1567;1331;78214;33287;29.5;12.5
08;2021-05-06;1971;1659;80185;34946;30.2;13.2
08;2021-05-07;1860;2100;82045;37046;30.9;14.0
08;2021-05-08;923;766;82968;37812;31.2;14.2
08;2021-05-09;443;71;83411;37883;31.4;14.3
08;2021-05-10;1191;665;84602;38548;31.9;14.5
08;2021-05-11;1909;941;86511;39489;32.6;14.9
08;2021-05-12;1810;1240;88321;40729;33.3;15.3
08;2021-05-13;1306;620;89627;41349;33.8;15.6
08;2021-05-14;2535;1034;92162;42383;34.7;16.0
08;2021-05-15;1821;714;93983;43097;35.4;16.2
08;2021-05-16;820;102;94803;43199;35.7;16.3
08;2021-05-17;699;906;95502;44105;36.0;16.6
08;2021-05-18;1251;840;96753;44945;36.4;16.9
08;2021-05-19;1609;960;98362;45905;37.0;17.3
08;2021-05-20;2146;962;100508;46867;37.9;17.7
08;2021-05-21;2338;1275;102846;48142;38.7;18.1
08;2021-05-22;1820;764;104666;48906;39.4;18.4
08;2021-05-23;864;90;105530;48996;39.7;18.5
08;2021-05-24;714;103;106244;49099;40.0;18.5
08;2021-05-25;1456;671;107700;49770;40.6;18.7
08;2021-05-26;1517;1009;109217;50779;41.1;19.1
08;2021-05-27;2007;1147;111224;51926;41.9;19.6
08;2021-05-28;1973;1821;113197;53747;42.6;20.2
08;2021-05-29;1769;969;114966;54716;43.3;20.6
08;2021-05-30;836;102;115802;54818;43.6;20.6
08;2021-05-31;755;574;116557;55392;43.9;20.9
08;2021-06-01;1351;881;117908;56273;44.4;21.2
08;2021-06-02;1296;1196;119204;57469;44.9;21.6
08;2021-06-03;1385;1523;120589;58992;45.4;22.2
08;2021-06-04;1777;2425;122366;61417;46.1;23.1
08;2021-06-05;1177;1379;123543;62796;46.5;23.6
08;2021-06-06;907;107;124450;62903;46.9;23.7
08;2021-06-07;661;1174;125111;64077;47.1;24.1
08;2021-06-08;930;1496;126041;65573;47.5;24.7
08;2021-06-09;843;1391;126884;66964;47.8;25.2
08;2021-06-10;1718;1554;128602;68518;48.4;25.8
08;2021-06-11;1721;2210;130323;70728;49.1;26.6
08;2021-06-12;1417;1527;131740;72255;49.6;27.2
08;2021-06-13;386;598;132126;72853;49.8;27.4
08;2021-06-14;380;1304;132506;74157;49.9;27.9
08;2021-06-15;740;1553;133246;75710;50.2;28.5
08;2021-06-16;807;2056;134053;77766;50.5;29.3
08;2021-06-17;1285;1853;135338;79619;51.0;30.0
08;2021-06-18;1608;2595;136946;82214;51.6;31.0
08;2021-06-19;1324;1407;138270;83621;52.1;31.5
08;2021-06-20;117;423;138387;84044;52.1;31.7
08;2021-06-21;494;1397;138881;85441;52.3;32.2
08;2021-06-22;808;2022;139689;87463;52.6;32.9
08;2021-06-23;857;1672;140546;89135;52.9;33.6
08;2021-06-24;1037;1924;141583;91059;53.3;34.3
08;2021-06-25;1081;2734;142664;93793;53.7;35.3
08;2021-06-26;1011;1781;143675;95574;54.1;36.0
08;2021-06-27;351;644;144026;96218;54.2;36.2
08;2021-06-28;397;1321;144423;97539;54.4;36.7
08;2021-06-29;627;1472;145050;99011;54.6;37.3
08;2021-06-30;855;1690;145905;100701;54.9;37.9
08;2021-07-01;885;2194;146790;102895;55.3;38.8
08;2021-07-02;939;2643;147729;105538;55.6;39.7
08;2021-07-03;784;2142;148513;107680;55.9;40.6
08;2021-07-04;128;861;148641;108541;56.0;40.9
08;2021-07-05;103;1195;148744;109736;56.0;41.3
08;2021-07-06;425;1834;149169;111570;56.2;42.0
08;2021-07-07;365;1780;149534;113350;56.3;42.7
08;2021-07-08;716;2014;150250;115364;56.6;43.4
08;2021-07-09;733;2437;150983;117801;56.9;44.4
08;2021-07-10;652;1999;151635;119800;57.1;45.1
08;2021-07-11;238;726;151873;120526;57.2;45.4
08;2021-07-12;311;1193;152184;121719;57.3;45.8
08;2021-07-13;944;1788;153128;123507;57.7;46.5
08;2021-07-14;177;329;153305;123836;57.7;46.6
08;2021-07-15;760;2450;154065;126286;58.0;47.6
08;2021-07-16;1080;2407;155145;128693;58.4;48.5
08;2021-07-17;992;2106;156137;130799;58.8;49.3
08;2021-07-18;344;740;156481;131539;58.9;49.5
08;2021-07-19;455;921;156936;132460;59.1;49.9
08;2021-07-20;878;1438;157814;133898;59.4;50.4
08;2021-07-21;1232;1720;159046;135618;59.9;51.1
08;2021-07-22;1147;2169;160193;137787;60.3;51.9
08;2021-07-23;1585;2447;161778;140234;60.9;52.8
08;2021-07-24;1306;1924;163084;142158;61.4;53.5
08;2021-07-25;773;444;163857;142602;61.7;53.7
08;2021-07-26;1309;844;165166;143446;62.2;54.0
08;2021-07-27;2177;1408;167343;144854;63.0;54.6
08;2021-07-28;2405;1449;169748;146303;63.9;55.1
08;2021-07-29;2591;1346;172339;147649;64.9;55.6
08;2021-07-30;2594;1583;174933;149232;65.9;56.2
08;2021-07-31;1967;1068;176900;150300;66.6;56.6
08;2021-08-01;934;299;177834;150599;67.0;56.7
08;2021-08-02;1251;681;179085;151280;67.4;57.0
08;2021-08-03;1629;820;180714;152100;68.1;57.3
08;2021-08-04;1488;659;182202;152759;68.6;57.5
08;2021-08-05;1892;965;184094;153724;69.3;57.9
08;2021-08-06;2575;1094;186669;154818;70.3;58.3
08;2021-08-07;1669;1156;188338;155974;70.9;58.7
08;2021-08-08;582;375;188920;156349;71.1;58.9
08;2021-08-09;672;533;189592;156882;71.4;59.1
08;2021-08-10;875;749;190467;157631;71.7;59.4
08;2021-08-11;521;791;190988;158422;71.9;59.7
08;2021-08-12;1147;1070;192135;159492;72.4;60.1
08;2021-08-13;1101;1009;193236;160501;72.8;60.4
08;2021-08-14;585;912;193821;161413;73.0;60.8
08;2021-08-15;137;273;193958;161686;73.0;60.9
08;2021-08-16;218;1175;194176;162861;73.1;61.3
09;2020-12-27;0;0;0;0;0.0;0.0
09;2020-12-28;1;0;1;0;0.0;0.0
09;2020-12-29;0;0;1;0;0.0;0.0
09;2020-12-30;0;0;1;0;0.0;0.0
09;2020-12-31;0;0;1;0;0.0;0.0
09;2021-01-01;0;0;1;0;0.0;0.0
09;2021-01-02;0;0;1;0;0.0;0.0
09;2021-01-03;0;0;1;0;0.0;0.0
09;2021-01-04;2;1;3;1;0.0;0.0
09;2021-01-05;0;0;3;1;0.0;0.0
09;2021-01-06;3;0;6;1;0.0;0.0
09;2021-01-07;257;2;263;3;0.2;0.0
09;2021-01-08;228;0;491;3;0.3;0.0
09;2021-01-09;103;0;594;3;0.4;0.0
09;2021-01-10;59;0;653;3;0.4;0.0
09;2021-01-11;175;0;828;3;0.5;0.0
09;2021-01-12;304;0;1132;3;0.7;0.0
09;2021-01-13;196;0;1328;3;0.9;0.0
09;2021-01-14;432;8;1760;11;1.2;0.0
09;2021-01-15;223;1;1983;12;1.3;0.0
09;2021-01-16;194;2;2177;14;1.4;0.0
09;2021-01-17;123;0;2300;14;1.5;0.0
09;2021-01-18;267;1;2567;15;1.7;0.0
09;2021-01-19;257;0;2824;15;1.9;0.0
09;2021-01-20;346;1;3170;16;2.1;0.0
09;2021-01-21;333;1;3503;17;2.3;0.0
09;2021-01-22;331;1;3834;18;2.5;0.0
09;2021-01-23;236;0;4070;18;2.7;0.0
09;2021-01-24;85;1;4155;19;2.7;0.0
09;2021-01-25;204;12;4359;31;2.9;0.0
09;2021-01-26;634;25;4993;56;3.3;0.0
09;2021-01-27;472;49;5465;105;3.6;0.1
09;2021-01-28;285;205;5750;310;3.8;0.2
09;2021-01-29;250;129;6000;439;3.9;0.3
09;2021-01-30;143;55;6143;494;4.0;0.3
09;2021-01-31;56;10;6199;504;4.1;0.3
09;2021-02-01;82;142;6281;646;4.1;0.4
09;2021-02-02;57;295;6338;941;4.2;0.6
09;2021-02-03;87;206;6425;1147;4.2;0.8
09;2021-02-04;49;299;6474;1446;4.2;0.9
09;2021-02-05;89;156;6563;1602;4.3;1.1
09;2021-02-06;68;49;6631;1651;4.4;1.1
09;2021-02-07;6;71;6637;1722;4.4;1.1
09;2021-02-08;22;177;6659;1899;4.4;1.2
09;2021-02-09;54;289;6713;2188;4.4;1.4
09;2021-02-10;15;196;6728;2384;4.4;1.6
09;2021-02-11;6;221;6734;2605;4.4;1.7
09;2021-02-12;149;176;6883;2781;4.5;1.8
09;2021-02-13;7;144;6890;2925;4.5;1.9
09;2021-02-14;0;52;6890;2977;4.5;2.0
09;2021-02-15;75;134;6965;3111;4.6;2.0
09;2021-02-16;227;509;7192;3620;4.7;2.4
09;2021-02-17;83;388;7275;4008;4.8;2.6
09;2021-02-18;87;450;7362;4458;4.8;2.9
09;2021-02-19;65;285;7427;4743;4.9;3.1
09;2021-02-20;59;200;7486;4943;4.9;3.2
09;2021-02-21;0;51;7486;4994;4.9;3.3
09;2021-02-22;127;218;7613;5212;5.0;3.4
09;2021-02-23;161;145;7774;5357;5.1;3.5
09;2021-02-24;74;178;7848;5535;5.1;3.6
09;2021-02-25;211;169;8059;5704;5.3;3.7
09;2021-02-26;162;174;8221;5878;5.4;3.9
09;2021-02-27;65;71;8286;5949;5.4;3.9
09;2021-02-28;43;17;8329;5966;5.5;3.9
09;2021-03-01;247;97;8576;6063;5.6;4.0
09;2021-03-02;284;76;8860;6139;5.8;4.0
09;2021-03-03;252;132;9112;6271;6.0;4.1
09;2021-03-04;413;32;9525;6303;6.3;4.1
09;2021-03-05;332;64;9857;6367;6.5;4.2
09;2021-03-06;397;46;10254;6413;6.7;4.2
09;2021-03-07;124;4;10378;6417;6.8;4.2
09;2021-03-08;380;64;10758;6481;7.1;4.3
09;2021-03-09;437;140;11195;6621;7.3;4.3
09;2021-03-10;560;71;11755;6692;7.7;4.4
09;2021-03-11;695;79;12450;6771;8.2;4.4
09;2021-03-12;659;32;13109;6803;8.6;4.5
09;2021-03-13;385;3;13494;6806;8.9;4.5
09;2021-03-14;120;3;13614;6809;8.9;4.5
09;2021-03-15;467;49;14081;6858;9.2;4.5
09;2021-03-16;370;80;14451;6938;9.5;4.6
09;2021-03-17;399;72;14850;7010;9.7;4.6
09;2021-03-18;454;43;15304;7053;10.0;4.6
09;2021-03-19;525;55;15829;7108;10.4;4.7
09;2021-03-20;313;39;16142;7147;10.6;4.7
09;2021-03-21;105;0;16247;7147;10.7;4.7
09;2021-03-22;424;118;16671;7265;10.9;4.8
09;2021-03-23;566;173;17237;7438;11.3;4.9
09;2021-03-24;711;41;17948;7479;11.8;4.9
09;2021-03-25;869;138;18817;7617;12.3;5.0
09;2021-03-26;751;45;19568;7662;12.8;5.0
09;2021-03-27;622;70;20190;7732;13.2;5.1
09;2021-03-28;132;24;20322;7756;13.3;5.1
09;2021-03-29;498;279;20820;8035;13.7;5.3
09;2021-03-30;729;155;21549;8190;14.1;5.4
09;2021-03-31;802;181;22351;8371;14.7;5.5
09;2021-04-01;735;254;23086;8625;15.1;5.7
09;2021-04-02;693;266;23779;8891;15.6;5.8
09;2021-04-03;771;117;24550;9008;16.1;5.9
09;2021-04-04;122;57;24672;9065;16.2;5.9
09;2021-04-05;237;60;24909;9125;16.3;6.0
09;2021-04-06;1057;394;25966;9519;17.0;6.2
09;2021-04-07;1208;358;27174;9877;17.8;6.5
09;2021-04-08;1469;404;28643;10281;18.8;6.7
09;2021-04-09;1138;414;29781;10695;19.5;7.0
09;2021-04-10;1349;195;31130;10890;20.4;7.1
09;2021-04-11;173;102;31303;10992;20.5;7.2
09;2021-04-12;736;345;32039;11337;21.0;7.4
09;2021-04-13;1047;409;33086;11746;21.7;7.7
09;2021-04-14;1332;509;34418;12255;22.6;8.0
09;2021-04-15;1148;504;35566;12759;23.3;8.4
09;2021-04-16;1032;415;36598;13174;24.0;8.6
09;2021-04-17;1194;355;37792;13529;24.8;8.9
09;2021-04-18;102;96;37894;13625;24.9;8.9
09;2021-04-19;697;404;38591;14029;25.3;9.2
09;2021-04-20;766;533;39357;14562;25.8;9.6
09;2021-04-21;940;590;40297;15152;26.4;9.9
09;2021-04-22;667;607;40964;15759;26.9;10.3
09;2021-04-23;773;428;41737;16187;27.4;10.6
09;2021-04-24;740;670;42477;16857;27.9;11.1
09;2021-04-25;75;113;42552;16970;27.9;11.1
09;2021-04-26;382;535;42934;17505;28.2;11.5
09;2021-04-27;443;720;43377;18225;28.5;12.0
09;2021-04-28;806;795;44183;19020;29.0;12.5
09;2021-04-29;550;774;44733;19794;29.4;13.0
09;2021-04-30;621;724;45354;20518;29.8;13.5
09;2021-05-01;478;455;45832;20973;30.1;13.8
09;2021-05-02;51;100;45883;21073;30.1;13.8
09;2021-05-03;522;663;46405;21736;30.4;14.3
09;2021-05-04;555;1348;46960;23084;30.8;15.1
09;2021-05-05;823;1347;47783;24431;31.4;16.0
09;2021-05-06;849;1033;48632;25464;31.9;16.7
09;2021-05-07;978;823;49610;26287;32.6;17.2
09;2021-05-08;395;461;50005;26748;32.8;17.6
09;2021-05-09;264;84;50269;26832;33.0;17.6
09;2021-05-10;504;966;50773;27798;33.3;18.2
09;2021-05-11;742;1052;51515;28850;33.8;18.9
09;2021-05-12;1535;1404;53050;30254;34.8;19.9
09;2021-05-13;1383;425;54433;30679;35.7;20.1
09;2021-05-14;986;654;55419;31333;36.4;20.6
09;2021-05-15;1236;790;56655;32123;37.2;21.1
09;2021-05-16;296;48;56951;32171;37.4;21.1
09;2021-05-17;875;413;57826;32584;37.9;21.4
09;2021-05-18;1291;394;59117;32978;38.8;21.6
09;2021-05-19;1495;370;60612;33348;39.8;21.9
09;2021-05-20;1379;406;61991;33754;40.7;22.1
09;2021-05-21;1164;496;63155;34250;41.4;22.5
09;2021-05-22;1546;364;64701;34614;42.5;22.7
09;2021-05-23;272;25;64973;34639;42.6;22.7
09;2021-05-24;177;100;65150;34739;42.7;22.8
09;2021-05-25;998;500;66148;35239;43.4;23.1
09;2021-05-26;1285;446;67433;35685;44.2;23.4
09;2021-05-27;966;403;68399;36088;44.9;23.7
09;2021-05-28;958;513;69357;36601;45.5;24.0
09;2021-05-29;1797;601;71154;37202;46.7;24.4
09;2021-05-30;541;197;71695;37399;47.0;24.5
09;2021-05-31;717;593;72412;37992;47.5;24.9
09;2021-06-01;969;642;73381;38634;48.2;25.4
09;2021-06-02;1008;898;74389;39532;48.8;25.9
09;2021-06-03;811;682;75200;40214;49.3;26.4
09;2021-06-04;877;799;76077;41013;49.9;26.9
09;2021-06-05;1320;874;77397;41887;50.8;27.5
09;2021-06-06;304;108;77701;41995;51.0;27.6
09;2021-06-07;623;517;78324;42512;51.4;27.9
09;2021-06-08;823;490;79147;43002;51.9;28.2
09;2021-06-09;808;833;79955;43835;52.5;28.8
09;2021-06-10;641;533;80596;44368;52.9;29.1
09;2021-06-11;831;762;81427;45130;53.4;29.6
09;2021-06-12;636;807;82063;45937;53.8;30.1
09;2021-06-13;94;130;82157;46067;53.9;30.2
09;2021-06-14;629;709;82786;46776;54.3;30.7
09;2021-06-15;824;890;83610;47666;54.9;31.3
09;2021-06-16;627;1078;84237;48744;55.3;32.0
09;2021-06-17;780;855;85017;49599;55.8;32.5
09;2021-06-18;635;1152;85652;50751;56.2;33.3
09;2021-06-19;517;1579;86169;52330;56.5;34.3
09;2021-06-20;8;279;86177;52609;56.5;34.5
09;2021-06-21;474;699;86651;53308;56.9;35.0
09;2021-06-22;463;1066;87114;54374;57.2;35.7
09;2021-06-23;435;1224;87549;55598;57.4;36.5
09;2021-06-24;581;772;88130;56370;57.8;37.0
09;2021-06-25;411;1062;88541;57432;58.1;37.7
09;2021-06-26;443;1087;88984;58519;58.4;38.4
09;2021-06-27;2;275;88986;58794;58.4;38.6
09;2021-06-28;239;1048;89225;59842;58.5;39.3
09;2021-06-29;313;1230;89538;61072;58.8;40.1
09;2021-06-30;457;1491;89995;62563;59.1;41.1
09;2021-07-01;384;1430;90379;63993;59.3;42.0
09;2021-07-02;308;1162;90687;65155;59.5;42.8
09;2021-07-03;210;1619;90897;66774;59.6;43.8
09;2021-07-04;4;254;90901;67028;59.6;44.0
09;2021-07-05;188;714;91089;67742;59.8;44.5
09;2021-07-06;293;1222;91382;68964;60.0;45.3
09;2021-07-07;416;1397;91798;70361;60.2;46.2
09;2021-07-08;324;1060;92122;71421;60.4;46.9
09;2021-07-09;292;1155;92414;72576;60.6;47.6
09;2021-07-10;345;1726;92759;74302;60.9;48.8
09;2021-07-11;147;391;92906;74693;61.0;49.0
09;2021-07-12;186;1074;93092;75767;61.1;49.7
09;2021-07-13;642;1306;93734;77073;61.5;50.6
09;2021-07-14;489;219;94223;77292;61.8;50.7
09;2021-07-15;819;1167;95042;78459;62.4;51.5
09;2021-07-16;609;1191;95651;79650;62.8;52.3
09;2021-07-17;1017;1445;96668;81095;63.4;53.2
09;2021-07-18;299;220;96967;81315;63.6;53.4
09;2021-07-19;483;968;97450;82283;63.9;54.0
09;2021-07-20;830;1260;98280;83543;64.5;54.8
09;2021-07-21;1014;1167;99294;84710;65.2;55.6
09;2021-07-22;847;907;100141;85617;65.7;56.2
09;2021-07-23;723;908;100864;86525;66.2;56.8
09;2021-07-24;924;460;101788;86985;66.8;57.1
09;2021-07-25;556;134;102344;87119;67.2;57.2
09;2021-07-26;646;767;102990;87886;67.6;57.7
09;2021-07-27;1174;947;104164;88833;68.3;58.3
09;2021-07-28;1189;983;105353;89816;69.1;58.9
09;2021-07-29;1023;735;106376;90551;69.8;59.4
09;2021-07-30;776;620;107152;91171;70.3;59.8
09;2021-07-31;1374;414;108526;91585;71.2;60.1
09;2021-08-01;141;125;108667;91710;71.3;60.2
09;2021-08-02;612;477;109279;92187;71.7;60.5
09;2021-08-03;1252;765;110531;92952;72.5;61.0
09;2021-08-04;1396;653;111927;93605;73.4;61.4
09;2021-08-05;997;672;112924;94277;74.1;61.9
09;2021-08-06;1014;635;113938;94912;74.8;62.3
09;2021-08-07;814;426;114752;95338;75.3;62.6
09;2021-08-08;122;129;114874;95467;75.4;62.6
09;2021-08-09;690;647;115564;96114;75.8;63.1
09;2021-08-10;931;692;116495;96806;76.4;63.5
09;2021-08-11;893;869;117388;97675;77.0;64.1
09;2021-08-12;629;727;118017;98402;77.4;64.6
09;2021-08-13;460;645;118477;99047;77.7;65.0
09;2021-08-14;310;825;118787;99872;77.9;65.5
09;2021-08-15;67;138;118854;100010;78.0;65.6
09;2021-08-16;546;618;119400;100628;78.3;66.0
10;2020-12-27;0;0;0;0;0.0;0.0
10;2020-12-28;0;0;0;0;0.0;0.0
10;2020-12-29;0;0;0;0;0.0;0.0
10;2020-12-30;0;0;0;0;0.0;0.0
10;2020-12-31;0;0;0;0;0.0;0.0
10;2021-01-01;0;0;0;0;0.0;0.0
10;2021-01-02;0;0;0;0;0.0;0.0
10;2021-01-03;0;0;0;0;0.0;0.0
10;2021-01-04;0;0;0;0;0.0;0.0
10;2021-01-05;1;0;1;0;0.0;0.0
10;2021-01-06;0;0;1;0;0.0;0.0
10;2021-01-07;84;0;85;0;0.0;0.0
10;2021-01-08;255;0;340;0;0.1;0.0
10;2021-01-09;0;0;340;0;0.1;0.0
10;2021-01-10;0;0;340;0;0.1;0.0
10;2021-01-11;117;0;457;0;0.1;0.0
10;2021-01-12;191;0;648;0;0.2;0.0
10;2021-01-13;313;0;961;0;0.3;0.0
10;2021-01-14;391;7;1352;7;0.4;0.0
10;2021-01-15;359;3;1711;10;0.6;0.0
10;2021-01-16;55;0;1766;10;0.6;0.0
10;2021-01-17;0;0;1766;10;0.6;0.0
10;2021-01-18;699;2;2465;12;0.8;0.0
10;2021-01-19;1365;3;3830;15;1.2;0.0
10;2021-01-20;1072;9;4902;24;1.6;0.0
10;2021-01-21;1145;2;6047;26;2.0;0.0
10;2021-01-22;819;0;6866;26;2.2;0.0
10;2021-01-23;309;0;7175;26;2.3;0.0
10;2021-01-24;0;0;7175;26;2.3;0.0
10;2021-01-25;445;9;7620;35;2.5;0.0
10;2021-01-26;487;17;8107;52;2.6;0.0
10;2021-01-27;459;15;8566;67;2.8;0.0
10;2021-01-28;356;48;8922;115;2.9;0.0
10;2021-01-29;430;193;9352;308;3.0;0.1
10;2021-01-30;30;0;9382;308;3.0;0.1
10;2021-01-31;0;0;9382;308;3.0;0.1
10;2021-02-01;404;142;9786;450;3.2;0.1
10;2021-02-02;182;152;9968;602;3.2;0.2
10;2021-02-03;345;216;10313;818;3.3;0.3
10;2021-02-04;342;270;10655;1088;3.4;0.4
10;2021-02-05;327;320;10982;1408;3.5;0.5
10;2021-02-06;3;35;10985;1443;3.5;0.5
10;2021-02-07;0;0;10985;1443;3.5;0.5
10;2021-02-08;190;411;11175;1854;3.6;0.6
10;2021-02-09;482;585;11657;2439;3.8;0.8
10;2021-02-10;666;478;12323;2917;4.0;0.9
10;2021-02-11;769;598;13092;3515;4.2;1.1
10;2021-02-12;579;552;13671;4067;4.4;1.3
10;2021-02-13;36;120;13707;4187;4.4;1.4
10;2021-02-14;0;0;13707;4187;4.4;1.4
10;2021-02-15;142;446;13849;4633;4.5;1.5
10;2021-02-16;116;546;13965;5179;4.5;1.7
10;2021-02-17;129;608;14094;5787;4.5;1.9
10;2021-02-18;216;557;14310;6344;4.6;2.0
10;2021-02-19;187;471;14497;6815;4.7;2.2
10;2021-02-20;24;183;14521;6998;4.7;2.3
10;2021-02-21;0;0;14521;6998;4.7;2.3
10;2021-02-22;77;448;14598;7446;4.7;2.4
10;2021-02-23;76;561;14674;8007;4.7;2.6
10;2021-02-24;104;375;14778;8382;4.8;2.7
10;2021-02-25;324;375;15102;8757;4.9;2.8
10;2021-02-26;351;283;15453;9040;5.0;2.9
10;2021-02-27;275;129;15728;9169;5.1;3.0
10;2021-02-28;0;0;15728;9169;5.1;3.0
10;2021-03-01;257;333;15985;9502;5.2;3.1
10;2021-03-02;434;370;16419;9872;5.3;3.2
10;2021-03-03;453;582;16872;10454;5.4;3.4
10;2021-03-04;636;503;17508;10957;5.6;3.5
10;2021-03-05;677;253;18185;11210;5.9;3.6
10;2021-03-06;948;41;19133;11251;6.2;3.6
10;2021-03-07;769;6;19902;11257;6.4;3.6
10;2021-03-08;502;442;20404;11699;6.6;3.8
10;2021-03-09;673;436;21077;12135;6.8;3.9
10;2021-03-10;660;365;21737;12500;7.0;4.0
10;2021-03-11;1174;234;22911;12734;7.4;4.1
10;2021-03-12;1338;242;24249;12976;7.8;4.2
10;2021-03-13;891;37;25140;13013;8.1;4.2
10;2021-03-14;1381;16;26521;13029;8.6;4.2
10;2021-03-15;821;80;27342;13109;8.8;4.2
10;2021-03-16;688;63;28030;13172;9.0;4.3
10;2021-03-17;831;67;28861;13239;9.3;4.3
10;2021-03-18;885;80;29746;13319;9.6;4.3
10;2021-03-19;950;69;30696;13388;9.9;4.3
10;2021-03-20;552;18;31248;13406;10.1;4.3
10;2021-03-21;1848;39;33096;13445;10.7;4.3
10;2021-03-22;879;71;33975;13516;11.0;4.4
10;2021-03-23;1245;90;35220;13606;11.4;4.4
10;2021-03-24;1310;59;36530;13665;11.8;4.4
10;2021-03-25;1676;227;38206;13892;12.3;4.5
10;2021-03-26;1431;114;39637;14006;12.8;4.5
10;2021-03-27;762;79;40399;14085;13.0;4.5
10;2021-03-28;1221;29;41620;14114;13.4;4.6
10;2021-03-29;648;306;42268;14420;13.6;4.7
10;2021-03-30;927;373;43195;14793;13.9;4.8
10;2021-03-31;617;359;43812;15152;14.1;4.9
10;2021-04-01;884;683;44696;15835;14.4;5.1
10;2021-04-02;1068;588;45764;16423;14.8;5.3
10;2021-04-03;540;606;46304;17029;14.9;5.5
10;2021-04-04;1826;259;48130;17288;15.5;5.6
10;2021-04-05;1843;37;49973;17325;16.1;5.6
10;2021-04-06;514;650;50487;17975;16.3;5.8
10;2021-04-07;589;539;51076;18514;16.5;6.0
10;2021-04-08;1057;606;52133;19120;16.8;6.2
10;2021-04-09;1130;612;53263;19732;17.2;6.4
10;2021-04-10;1770;351;55033;20083;17.8;6.5
10;2021-04-11;55;1222;55088;21305;17.8;6.9
10;2021-04-12;1003;807;56091;22112;18.1;7.1
10;2021-04-13;1505;889;57596;23001;18.6;7.4
10;2021-04-14;820;600;58416;23601;18.8;7.6
10;2021-04-15;1433;889;59849;24490;19.3;7.9
10;2021-04-16;1109;696;60958;25186;19.7;8.1
10;2021-04-17;2391;358;63349;25544;20.4;8.2
10;2021-04-18;1422;1785;64771;27329;20.9;8.8
10;2021-04-19;838;834;65609;28163;21.2;9.1
10;2021-04-20;545;1035;66154;29198;21.3;9.4
10;2021-04-21;637;985;66791;30183;21.6;9.7
10;2021-04-22;932;972;67723;31155;21.9;10.1
10;2021-04-23;2173;777;69896;31932;22.6;10.3
10;2021-04-24;2296;375;72192;32307;23.3;10.4
10;2021-04-25;1989;1214;74181;33521;23.9;10.8
10;2021-04-26;773;620;74954;34141;24.2;11.0
10;2021-04-27;895;535;75849;34676;24.5;11.2
10;2021-04-28;873;404;76722;35080;24.8;11.3
10;2021-04-29;1433;672;78155;35752;25.2;11.5
10;2021-04-30;2173;768;80328;36520;25.9;11.8
10;2021-05-01;1988;2165;82316;38685;26.6;12.5
10;2021-05-02;1948;1894;84264;40579;27.2;13.1
10;2021-05-03;622;447;84886;41026;27.4;13.2
10;2021-05-04;1145;1249;86031;42275;27.8;13.6
10;2021-05-05;1754;1021;87785;43296;28.3;14.0
10;2021-05-06;2256;942;90041;44238;29.1;14.3
10;2021-05-07;2217;1138;92258;45376;29.8;14.6
10;2021-05-08;2271;859;94529;46235;30.5;14.9
10;2021-05-09;2005;100;96534;46335;31.1;15.0
10;2021-05-10;529;1093;97063;47428;31.3;15.3
10;2021-05-11;1051;1026;98114;48454;31.7;15.6
10;2021-05-12;2061;880;100175;49334;32.3;15.9
10;2021-05-13;2182;433;102357;49767;33.0;16.1
10;2021-05-14;2730;670;105087;50437;33.9;16.3
10;2021-05-15;2426;2042;107513;52479;34.7;16.9
10;2021-05-16;2081;1449;109594;53928;35.4;17.4
10;2021-05-17;1451;444;111045;54372;35.8;17.5
10;2021-05-18;2510;640;113555;55012;36.6;17.8
10;2021-05-19;1553;641;115108;55653;37.1;18.0
10;2021-05-20;1891;848;116999;56501;37.8;18.2
10;2021-05-21;2318;617;119317;57118;38.5;18.4
10;2021-05-22;2180;422;121497;57540;39.2;18.6
10;2021-05-23;1817;139;123314;57679;39.8;18.6
10;2021-05-24;1968;179;125282;57858;40.4;18.7
10;2021-05-25;2194;491;127476;58349;41.1;18.8
10;2021-05-26;1677;421;129153;58770;41.7;19.0
10;2021-05-27;1660;755;130813;59525;42.2;19.2
10;2021-05-28;1719;1184;132532;60709;42.8;19.6
10;2021-05-29;2170;642;134702;61351;43.5;19.8
10;2021-05-30;1029;133;135731;61484;43.8;19.8
10;2021-05-31;1039;750;136770;62234;44.1;20.1
10;2021-06-01;1132;884;137902;63118;44.5;20.4
10;2021-06-02;1032;717;138934;63835;44.8;20.6
10;2021-06-03;1473;1071;140407;64906;45.3;20.9
10;2021-06-04;1768;2602;142175;67508;45.9;21.8
10;2021-06-05;1514;2454;143689;69962;46.4;22.6
10;2021-06-06;1005;1875;144694;71837;46.7;23.2
10;2021-06-07;698;1112;145392;72949;46.9;23.5
10;2021-06-08;896;1169;146288;74118;47.2;23.9
10;2021-06-09;877;911;147165;75029;47.5;24.2
10;2021-06-10;677;1071;147842;76100;47.7;24.6
10;2021-06-11;1199;2210;149041;78310;48.1;25.3
10;2021-06-12;855;2388;149896;80698;48.4;26.0
10;2021-06-13;401;1837;150297;82535;48.5;26.6
10;2021-06-14;534;742;150831;83277;48.7;26.9
10;2021-06-15;740;2132;151571;85409;48.9;27.6
10;2021-06-16;740;1860;152311;87269;49.1;28.2
10;2021-06-17;848;2458;153159;89727;49.4;29.0
10;2021-06-18;1031;2473;154190;92200;49.8;29.8
10;2021-06-19;981;2594;155171;94794;50.1;30.6
10;2021-06-20;549;1599;155720;96393;50.2;31.1
10;2021-06-21;682;1046;156402;97439;50.5;31.4
10;2021-06-22;743;1523;157145;98962;50.7;31.9
10;2021-06-23;648;2408;157793;101370;50.9;32.7
10;2021-06-24;782;2618;158575;103988;51.2;33.6
10;2021-06-25;731;3041;159306;107029;51.4;34.5
10;2021-06-26;513;2743;159819;109772;51.6;35.4
10;2021-06-27;402;1939;160221;111711;51.7;36.0
10;2021-06-28;685;1787;160906;113498;51.9;36.6
10;2021-06-29;617;2692;161523;116190;52.1;37.5
10;2021-06-30;535;1524;162058;117714;52.3;38.0
10;2021-07-01;551;2171;162609;119885;52.5;38.7
10;2021-07-02;668;2728;163277;122613;52.7;39.6
10;2021-07-03;528;2600;163805;125213;52.9;40.4
10;2021-07-04;411;1725;164216;126938;53.0;41.0
10;2021-07-05;666;2222;164882;129160;53.2;41.7
10;2021-07-06;652;2186;165534;131346;53.4;42.4
10;2021-07-07;632;1700;166166;133046;53.6;42.9
10;2021-07-08;747;1457;166913;134503;53.9;43.4
10;2021-07-09;815;1945;167728;136448;54.1;44.0
10;2021-07-10;632;2096;168360;138544;54.3;44.7
10;2021-07-11;500;1381;168860;139925;54.5;45.2
10;2021-07-12;780;1623;169640;141548;54.7;45.7
10;2021-07-13;1125;1876;170765;143424;55.1;46.3
10;2021-07-14;1170;1056;171935;144480;55.5;46.6
10;2021-07-15;1472;1980;173407;146460;56.0;47.3
10;2021-07-16;1241;2272;174648;148732;56.4;48.0
10;2021-07-17;1287;1739;175935;150471;56.8;48.6
10;2021-07-18;941;1226;176876;151697;57.1;48.9
10;2021-07-19;1360;1619;178236;153316;57.5;49.5
10;2021-07-20;1685;1433;179921;154749;58.1;49.9
10;2021-07-21;1393;1485;181314;156234;58.5;50.4
10;2021-07-22;1934;1595;183248;157829;59.1;50.9
10;2021-07-23;1593;1543;184841;159372;59.6;51.4
10;2021-07-24;1390;1224;186231;160596;60.1;51.8
10;2021-07-25;1251;788;187482;161384;60.5;52.1
10;2021-07-26;1912;1317;189394;162701;61.1;52.5
10;2021-07-27;2117;1086;191511;163787;61.8;52.9
10;2021-07-28;2092;1013;193603;164800;62.5;53.2
10;2021-07-29;2429;1203;196032;166003;63.3;53.6
10;2021-07-30;2152;1307;198184;167310;63.9;54.0
10;2021-07-31;1672;935;199856;168245;64.5;54.3
10;2021-08-01;1234;573;201090;168818;64.9;54.5
10;2021-08-02;1332;1336;202422;170154;65.3;54.9
10;2021-08-03;1558;895;203980;171049;65.8;55.2
10;2021-08-04;1308;1065;205288;172114;66.2;55.5
10;2021-08-05;1624;1340;206912;173454;66.8;56.0
10;2021-08-06;1798;1328;208710;174782;67.3;56.4
10;2021-08-07;1150;1129;209860;175911;67.7;56.8
10;2021-08-08;658;748;210518;176659;67.9;57.0
10;2021-08-09;1302;1541;211820;178200;68.3;57.5
10;2021-08-10;1620;1343;213440;179543;68.9;57.9
10;2021-08-11;822;1107;214262;180650;69.1;58.3
10;2021-08-12;1022;1222;215284;181872;69.5;58.7
10;2021-08-13;726;1073;216010;182945;69.7;59.0
10;2021-08-14;570;1231;216580;184176;69.9;59.4
10;2021-08-15;300;777;216880;184953;70.0;59.7
10;2021-08-16;693;1613;217573;186566;70.2;60.2
11;2020-12-27;0;0;0;0;0.0;0.0
11;2020-12-28;1;0;1;0;0.0;0.0
11;2020-12-29;1;0;2;0;0.0;0.0
11;2020-12-30;0;0;2;0;0.0;0.0
11;2020-12-31;0;0;2;0;0.0;0.0
11;2021-01-01;0;0;2;0;0.0;0.0
11;2021-01-02;5;0;7;0;0.0;0.0
11;2021-01-03;0;0;7;0;0.0;0.0
11;2021-01-04;1;0;8;0;0.0;0.0
11;2021-01-05;94;0;102;0;0.0;0.0
11;2021-01-06;25;0;127;0;0.0;0.0
11;2021-01-07;119;0;246;0;0.1;0.0
11;2021-01-08;90;1;336;1;0.1;0.0
11;2021-01-09;86;0;422;1;0.1;0.0
11;2021-01-10;67;0;489;1;0.1;0.0
11;2021-01-11;136;0;625;1;0.2;0.0
11;2021-01-12;545;3;1170;4;0.3;0.0
11;2021-01-13;410;1;1580;5;0.4;0.0
11;2021-01-14;644;8;2224;13;0.6;0.0
11;2021-01-15;343;4;2567;17;0.7;0.0
11;2021-01-16;77;1;2644;18;0.7;0.0
11;2021-01-17;47;1;2691;19;0.7;0.0
11;2021-01-18;388;0;3079;19;0.8;0.0
11;2021-01-19;527;4;3606;23;1.0;0.0
11;2021-01-20;693;6;4299;29;1.2;0.0
11;2021-01-21;647;4;4946;33;1.3;0.0
11;2021-01-22;524;1;5470;34;1.5;0.0
11;2021-01-23;157;0;5627;34;1.5;0.0
11;2021-01-24;139;0;5766;34;1.5;0.0
11;2021-01-25;374;20;6140;54;1.6;0.0
11;2021-01-26;843;85;6983;139;1.9;0.0
11;2021-01-27;798;23;7781;162;2.1;0.0
11;2021-01-28;645;61;8426;223;2.3;0.1
11;2021-01-29;437;123;8863;346;2.4;0.1
11;2021-01-30;133;1;8996;347;2.4;0.1
11;2021-01-31;82;0;9078;347;2.4;0.1
11;2021-02-01;344;195;9422;542;2.5;0.1
11;2021-02-02;412;407;9834;949;2.6;0.3
11;2021-02-03;389;351;10223;1300;2.7;0.3
11;2021-02-04;374;497;10597;1797;2.8;0.5
11;2021-02-05;316;338;10913;2135;2.9;0.6
11;2021-02-06;207;62;11120;2197;3.0;0.6
11;2021-02-07;108;13;11228;2210;3.0;0.6
11;2021-02-08;315;159;11543;2369;3.1;0.6
11;2021-02-09;301;280;11844;2649;3.2;0.7
11;2021-02-10;339;447;12183;3096;3.3;0.8
11;2021-02-11;610;632;12793;3728;3.4;1.0
11;2021-02-12;401;380;13194;4108;3.5;1.1
11;2021-02-13;193;120;13387;4228;3.6;1.1
11;2021-02-14;72;27;13459;4255;3.6;1.1
11;2021-02-15;239;210;13698;4465;3.7;1.2
11;2021-02-16;263;513;13961;4978;3.7;1.3
11;2021-02-17;453;621;14414;5599;3.9;1.5
11;2021-02-18;457;573;14871;6172;4.0;1.7
11;2021-02-19;300;537;15171;6709;4.1;1.8
11;2021-02-20;147;75;15318;6784;4.1;1.8
11;2021-02-21;58;45;15376;6829;4.1;1.8
11;2021-02-22;125;333;15501;7162;4.2;1.9
11;2021-02-23;283;322;15784;7484;4.2;2.0
11;2021-02-24;251;371;16035;7855;4.3;2.1
11;2021-02-25;562;324;16597;8179;4.5;2.2
11;2021-02-26;523;318;17120;8497;4.6;2.3
11;2021-02-27;318;98;17438;8595;4.7;2.3
11;2021-02-28;95;24;17533;8619;4.7;2.3
11;2021-03-01;339;319;17872;8938;4.8;2.4
11;2021-03-02;562;393;18434;9331;4.9;2.5
11;2021-03-03;599;436;19033;9767;5.1;2.6
11;2021-03-04;1077;410;20110;10177;5.4;2.7
11;2021-03-05;1003;410;21113;10587;5.7;2.8
11;2021-03-06;1093;205;22206;10792;6.0;2.9
11;2021-03-07;658;35;22864;10827;6.1;2.9
11;2021-03-08;371;353;23235;11180;6.2;3.0
11;2021-03-09;997;396;24232;11576;6.5;3.1
11;2021-03-10;1173;545;25405;12121;6.8;3.3
11;2021-03-11;1572;446;26977;12567;7.2;3.4
11;2021-03-12;1454;441;28431;13008;7.6;3.5
11;2021-03-13;1158;240;29589;13248;7.9;3.6
11;2021-03-14;523;55;30112;13303;8.1;3.6
11;2021-03-15;651;241;30763;13544;8.3;3.6
11;2021-03-16;853;200;31616;13744;8.5;3.7
11;2021-03-17;906;219;32522;13963;8.7;3.7
11;2021-03-18;1172;283;33694;14246;9.0;3.8
11;2021-03-19;1371;246;35065;14492;9.4;3.9
11;2021-03-20;788;171;35853;14663;9.6;3.9
11;2021-03-21;225;65;36078;14728;9.7;4.0
11;2021-03-22;809;214;36887;14942;9.9;4.0
11;2021-03-23;1806;390;38693;15332;10.4;4.1
11;2021-03-24;1845;320;40538;15652;10.9;4.2
11;2021-03-25;2189;375;42727;16027;11.5;4.3
11;2021-03-26;2125;446;44852;16473;12.0;4.4
11;2021-03-27;1178;146;46030;16619;12.4;4.5
11;2021-03-28;265;43;46295;16662;12.4;4.5
11;2021-03-29;1181;222;47476;16884;12.7;4.5
11;2021-03-30;1993;322;49469;17206;13.3;4.6
11;2021-03-31;1614;383;51083;17589;13.7;4.7
11;2021-04-01;2146;424;53229;18013;14.3;4.8
11;2021-04-02;1643;429;54872;18442;14.7;4.9
11;2021-04-03;720;144;55592;18586;14.9;5.0
11;2021-04-04;198;74;55790;18660;15.0;5.0
11;2021-04-05;257;4;56047;18664;15.0;5.0
11;2021-04-06;1575;551;57622;19215;15.5;5.2
11;2021-04-07;1776;573;59398;19788;15.9;5.3
11;2021-04-08;1785;682;61183;20470;16.4;5.5
11;2021-04-09;2262;602;63445;21072;17.0;5.7
11;2021-04-10;1169;179;64614;21251;17.3;5.7
11;2021-04-11;549;107;65163;21358;17.5;5.7
11;2021-04-12;1613;537;66776;21895;17.9;5.9
11;2021-04-13;2259;885;69035;22780;18.5;6.1
11;2021-04-14;1661;1014;70696;23794;19.0;6.4
11;2021-04-15;1842;1128;72538;24922;19.5;6.7
11;2021-04-16;1836;847;74374;25769;20.0;6.9
11;2021-04-17;1772;564;76146;26333;20.4;7.1
11;2021-04-18;114;155;76260;26488;20.5;7.1
11;2021-04-19;1383;734;77643;27222;20.8;7.3
11;2021-04-20;1728;1284;79371;28506;21.3;7.6
11;2021-04-21;1780;1322;81151;29828;21.8;8.0
11;2021-04-22;1749;1322;82900;31150;22.2;8.4
11;2021-04-23;2012;1233;84912;32383;22.8;8.7
11;2021-04-24;1735;468;86647;32851;23.2;8.8
11;2021-04-25;658;180;87305;33031;23.4;8.9
11;2021-04-26;1377;835;88682;33866;23.8;9.1
11;2021-04-27;1835;1549;90517;35415;24.3;9.5
11;2021-04-28;2009;1469;92526;36884;24.8;9.9
11;2021-04-29;2248;1633;94774;38517;25.4;10.3
11;2021-04-30;2155;1428;96929;39945;26.0;10.7
11;2021-05-01;1338;342;98267;40287;26.4;10.8
11;2021-05-02;588;336;98855;40623;26.5;10.9
11;2021-05-03;1487;739;100342;41362;26.9;11.1
11;2021-05-04;1879;1430;102221;42792;27.4;11.5
11;2021-05-05;1893;1437;104114;44229;27.9;11.9
11;2021-05-06;2191;1475;106305;45704;28.5;12.3
11;2021-05-07;2104;1556;108409;47260;29.1;12.7
11;2021-05-08;896;727;109305;47987;29.3;12.9
11;2021-05-09;628;543;109933;48530;29.5;13.0
11;2021-05-10;1328;1651;111261;50181;29.9;13.5
11;2021-05-11;2040;1865;113301;52046;30.4;14.0
11;2021-05-12;1830;1635;115131;53681;30.9;14.4
11;2021-05-13;1406;414;116537;54095;31.3;14.5
11;2021-05-14;1713;1184;118250;55279;31.7;14.8
11;2021-05-15;1157;900;119407;56179;32.0;15.1
11;2021-05-16;808;164;120215;56343;32.3;15.1
11;2021-05-17;1470;1048;121685;57391;32.6;15.4
11;2021-05-18;1898;1197;123583;58588;33.2;15.7
11;2021-05-19;1847;1119;125430;59707;33.7;16.0
11;2021-05-20;1969;1090;127399;60797;34.2;16.3
11;2021-05-21;2277;1087;129676;61884;34.8;16.6
11;2021-05-22;1484;725;131160;62609;35.2;16.8
11;2021-05-23;768;68;131928;62677;35.4;16.8
11;2021-05-24;1411;226;133339;62903;35.8;16.9
11;2021-05-25;1811;1354;135150;64257;36.3;17.2
11;2021-05-26;1933;1303;137083;65560;36.8;17.6
11;2021-05-27;1984;1722;139067;67282;37.3;18.1
11;2021-05-28;1760;1897;140827;69179;37.8;18.6
11;2021-05-29;1428;1599;142255;70778;38.2;19.0
11;2021-05-30;486;395;142741;71173;38.3;19.1
11;2021-05-31;1261;1620;144002;72793;38.6;19.5
11;2021-06-01;1856;1904;145858;74697;39.1;20.0
11;2021-06-02;1761;2075;147619;76772;39.6;20.6
11;2021-06-03;2599;2414;150218;79186;40.3;21.2
11;2021-06-04;2145;2672;152363;81858;40.9;22.0
11;2021-06-05;1589;1904;153952;83762;41.3;22.5
11;2021-06-06;877;860;154829;84622;41.5;22.7
11;2021-06-07;1527;1713;156356;86335;42.0;23.2
11;2021-06-08;2039;1997;158395;88332;42.5;23.7
11;2021-06-09;1789;2191;160184;90523;43.0;24.3
11;2021-06-10;1807;2427;161991;92950;43.5;24.9
11;2021-06-11;1864;2491;163855;95441;44.0;25.6
11;2021-06-12;1457;1622;165312;97063;44.4;26.0
11;2021-06-13;711;723;166023;97786;44.5;26.2
11;2021-06-14;1033;1968;167056;99754;44.8;26.8
11;2021-06-15;1392;2684;168448;102438;45.2;27.5
11;2021-06-16;1338;2528;169786;104966;45.6;28.2
11;2021-06-17;1473;2539;171259;107505;46.0;28.8
11;2021-06-18;1519;2490;172778;109995;46.4;29.5
11;2021-06-19;1237;1410;174015;111405;46.7;29.9
11;2021-06-20;299;599;174314;112004;46.8;30.1
11;2021-06-21;839;2120;175153;114124;47.0;30.6
11;2021-06-22;1015;2608;176168;116732;47.3;31.3
11;2021-06-23;1097;2087;177265;118819;47.6;31.9
11;2021-06-24;907;2245;178172;121064;47.8;32.5
11;2021-06-25;991;2545;179163;123609;48.1;33.2
11;2021-06-26;776;1655;179939;125264;48.3;33.6
11;2021-06-27;210;688;180149;125952;48.3;33.8
11;2021-06-28;697;2300;180846;128252;48.5;34.4
11;2021-06-29;962;2600;181808;130852;48.8;35.1
11;2021-06-30;905;2522;182713;133374;49.0;35.8
11;2021-07-01;1002;1889;183715;135263;49.3;36.3
11;2021-07-02;967;2543;184682;137806;49.6;37.0
11;2021-07-03;728;1803;185410;139609;49.7;37.5
11;2021-07-04;339;1108;185749;140717;49.8;37.8
11;2021-07-05;694;2133;186443;142850;50.0;38.3
11;2021-07-06;972;2518;187415;145368;50.3;39.0
11;2021-07-07;946;2511;188361;147879;50.5;39.7
11;2021-07-08;1189;1911;189550;149790;50.9;40.2
11;2021-07-09;823;1793;190373;151583;51.1;40.7
11;2021-07-10;369;1302;190742;152885;51.2;41.0
11;2021-07-11;313;564;191055;153449;51.3;41.2
11;2021-07-12;503;2671;191558;156120;51.4;41.9
11;2021-07-13;1297;3069;192855;159189;51.7;42.7
11;2021-07-14;208;235;193063;159424;51.8;42.8
11;2021-07-15;1439;2963;194502;162387;52.2;43.6
11;2021-07-16;1866;2733;196368;165120;52.7;44.3
11;2021-07-17;1076;2166;197444;167286;53.0;44.9
11;2021-07-18;652;944;198096;168230;53.2;45.1
11;2021-07-19;1343;2092;199439;170322;53.5;45.7
11;2021-07-20;1979;2406;201418;172728;54.0;46.3
11;2021-07-21;2009;2434;203427;175162;54.6;47.0
11;2021-07-22;2394;1875;205821;177037;55.2;47.5
11;2021-07-23;2219;2267;208040;179304;55.8;48.1
11;2021-07-24;1272;1623;209312;180927;56.2;48.5
11;2021-07-25;749;691;210061;181618;56.4;48.7
11;2021-07-26;1660;1418;211721;183036;56.8;49.1
11;2021-07-27;2308;1992;214029;185028;57.4;49.6
11;2021-07-28;2457;1984;216486;187012;58.1;50.2
11;2021-07-29;2740;1791;219226;188803;58.8;50.7
11;2021-07-30;2557;1791;221783;190594;59.5;51.1
11;2021-07-31;1999;1123;223782;191717;60.0;51.4
11;2021-08-01;1011;480;224793;192197;60.3;51.6
11;2021-08-02;1915;1150;226708;193347;60.8;51.9
11;2021-08-03;2423;1595;229131;194942;61.5;52.3
11;2021-08-04;2541;1257;231672;196199;62.2;52.6
11;2021-08-05;2365;1335;234037;197534;62.8;53.0
11;2021-08-06;2245;1654;236282;199188;63.4;53.4
11;2021-08-07;1647;1161;237929;200349;63.8;53.8
11;2021-08-08;595;203;238524;200552;64.0;53.8
11;2021-08-09;1028;1429;239552;201981;64.3;54.2
11;2021-08-10;1736;1989;241288;203970;64.7;54.7
11;2021-08-11;1699;1686;242987;205656;65.2;55.2
11;2021-08-12;1666;1846;244653;207502;65.6;55.7
11;2021-08-13;1338;1657;245991;209159;66.0;56.1
11;2021-08-14;965;1586;246956;210745;66.3;56.5
11;2021-08-15;137;124;247093;210869;66.3;56.6
11;2021-08-16;700;1907;247793;212776;66.5;57.1
12;2020-12-27;0;0;0;0;0.0;0.0
12;2020-12-28;0;0;0;0;0.0;0.0
12;2020-12-29;0;0;0;0;0.0;0.0
12;2020-12-30;0;0;0;0;0.0;0.0
12;2020-12-31;0;0;0;0;0.0;0.0
12;2021-01-01;0;0;0;0;0.0;0.0
12;2021-01-02;0;0;0;0;0.0;0.0
12;2021-01-03;0;0;0;0;0.0;0.0
12;2021-01-04;1;0;1;0;0.0;0.0
12;2021-01-05;0;0;1;0;0.0;0.0
12;2021-01-06;12;0;13;0;0.0;0.0
12;2021-01-07;202;0;215;0;0.1;0.0
12;2021-01-08;65;0;280;0;0.1;0.0
12;2021-01-09;0;0;280;0;0.1;0.0
12;2021-01-10;1;0;281;0;0.1;0.0
12;2021-01-11;99;0;380;0;0.1;0.0
12;2021-01-12;360;1;740;1;0.3;0.0
12;2021-01-13;285;0;1025;1;0.4;0.0
12;2021-01-14;600;11;1625;12;0.6;0.0
12;2021-01-15;366;10;1991;22;0.7;0.0
12;2021-01-16;138;2;2129;24;0.8;0.0
12;2021-01-17;0;0;2129;24;0.8;0.0
12;2021-01-18;453;0;2582;24;0.9;0.0
12;2021-01-19;604;3;3186;27;1.1;0.0
12;2021-01-20;877;2;4063;29;1.5;0.0
12;2021-01-21;735;0;4798;29;1.7;0.0
12;2021-01-22;798;1;5596;30;2.0;0.0
12;2021-01-23;382;0;5978;30;2.1;0.0
12;2021-01-24;0;0;5978;30;2.1;0.0
12;2021-01-25;453;0;6431;30;2.3;0.0
12;2021-01-26;650;0;7081;30;2.5;0.0
12;2021-01-27;1883;19;8964;49;3.2;0.0
12;2021-01-28;1884;211;10848;260;3.9;0.1
12;2021-01-29;1331;45;12179;305;4.4;0.1
12;2021-01-30;359;2;12538;307;4.5;0.1
12;2021-01-31;0;0;12538;307;4.5;0.1
12;2021-02-01;333;89;12871;396;4.6;0.1
12;2021-02-02;457;243;13328;639;4.8;0.2
12;2021-02-03;457;166;13785;805;5.0;0.3
12;2021-02-04;458;525;14243;1330;5.1;0.5
12;2021-02-05;449;183;14692;1513;5.3;0.5
12;2021-02-06;219;68;14911;1581;5.4;0.6
12;2021-02-07;8;0;14919;1581;5.4;0.6
12;2021-02-08;105;316;15024;1897;5.4;0.7
12;2021-02-09;208;341;15232;2238;5.5;0.8
12;2021-02-10;465;473;15697;2711;5.6;1.0
12;2021-02-11;538;346;16235;3057;5.8;1.1
12;2021-02-12;570;345;16805;3402;6.0;1.2
12;2021-02-13;175;134;16980;3536;6.1;1.3
12;2021-02-14;1;0;16981;3536;6.1;1.3
12;2021-02-15;175;377;17156;3913;6.2;1.4
12;2021-02-16;171;511;17327;4424;6.2;1.6
12;2021-02-17;365;1434;17692;5858;6.4;2.1
12;2021-02-18;676;1661;18368;7519;6.6;2.7
12;2021-02-19;593;973;18961;8492;6.8;3.1
12;2021-02-20;103;395;19064;8887;6.8;3.2
12;2021-02-21;0;0;19064;8887;6.8;3.2
12;2021-02-22;149;403;19213;9290;6.9;3.3
12;2021-02-23;157;558;19370;9848;7.0;3.5
12;2021-02-24;157;688;19527;10536;7.0;3.8
12;2021-02-25;201;770;19728;11306;7.1;4.1
12;2021-02-26;320;653;20048;11959;7.2;4.3
12;2021-02-27;190;350;20238;12309;7.3;4.4
12;2021-02-28;13;0;20251;12309;7.3;4.4
12;2021-03-01;51;349;20302;12658;7.3;4.5
12;2021-03-02;190;506;20492;13164;7.4;4.7
12;2021-03-03;243;388;20735;13552;7.4;4.9
12;2021-03-04;278;361;21013;13913;7.5;5.0
12;2021-03-05;421;368;21434;14281;7.7;5.1
12;2021-03-06;793;129;22227;14410;8.0;5.2
12;2021-03-07;140;32;22367;14442;8.0;5.2
12;2021-03-08;234;207;22601;14649;8.1;5.3
12;2021-03-09;716;235;23317;14884;8.4;5.3
12;2021-03-10;782;739;24099;15623;8.7;5.6
12;2021-03-11;918;660;25017;16283;9.0;5.8
12;2021-03-12;1258;528;26275;16811;9.4;6.0
12;2021-03-13;896;138;27171;16949;9.8;6.1
12;2021-03-14;45;2;27216;16951;9.8;6.1
12;2021-03-15;558;155;27774;17106;10.0;6.1
12;2021-03-16;817;162;28591;17268;10.3;6.2
12;2021-03-17;1504;165;30095;17433;10.8;6.3
12;2021-03-18;996;251;31091;17684;11.2;6.4
12;2021-03-19;1382;278;32473;17962;11.7;6.5
12;2021-03-20;724;79;33197;18041;11.9;6.5
12;2021-03-21;264;11;33461;18052;12.0;6.5
12;2021-03-22;606;174;34067;18226;12.2;6.5
12;2021-03-23;1214;174;35281;18400;12.7;6.6
12;2021-03-24;1421;203;36702;18603;13.2;6.7
12;2021-03-25;1845;204;38547;18807;13.8;6.8
12;2021-03-26;1977;226;40524;19033;14.6;6.8
12;2021-03-27;981;66;41505;19099;14.9;6.9
12;2021-03-28;60;1;41565;19100;14.9;6.9
12;2021-03-29;962;83;42527;19183;15.3;6.9
12;2021-03-30;1736;120;44263;19303;15.9;6.9
12;2021-03-31;1461;104;45724;19407;16.4;7.0
12;2021-04-01;1958;161;47682;19568;17.1;7.0
12;2021-04-02;1615;345;49297;19913;17.7;7.2
12;2021-04-03;882;97;50179;20010;18.0;7.2
12;2021-04-04;1;0;50180;20010;18.0;7.2
12;2021-04-05;645;11;50825;20021;18.3;7.2
12;2021-04-06;1154;536;51979;20557;18.7;7.4
12;2021-04-07;1649;633;53628;21190;19.3;7.6
12;2021-04-08;2098;561;55726;21751;20.0;7.8
12;2021-04-09;2112;645;57838;22396;20.8;8.0
12;2021-04-10;1427;219;59265;22615;21.3;8.1
12;2021-04-11;120;1;59385;22616;21.3;8.1
12;2021-04-12;1837;501;61222;23117;22.0;8.3
12;2021-04-13;1907;777;63129;23894;22.7;8.6
12;2021-04-14;1831;1319;64960;25213;23.3;9.1
12;2021-04-15;1937;898;66897;26111;24.0;9.4
12;2021-04-16;1675;1206;68572;27317;24.6;9.8
12;2021-04-17;1554;567;70126;27884;25.2;10.0
12;2021-04-18;0;0;70126;27884;25.2;10.0
12;2021-04-19;1687;548;71813;28432;25.8;10.2
12;2021-04-20;1545;985;73358;29417;26.4;10.6
12;2021-04-21;1692;1180;75050;30597;27.0;11.0
12;2021-04-22;1690;1095;76740;31692;27.6;11.4
12;2021-04-23;1383;1333;78123;33025;28.1;11.9
12;2021-04-24;1451;720;79574;33745;28.6;12.1
12;2021-04-25;60;0;79634;33745;28.6;12.1
12;2021-04-26;1460;898;81094;34643;29.1;12.4
12;2021-04-27;1320;1279;82414;35922;29.6;12.9
12;2021-04-28;1113;1870;83527;37792;30.0;13.6
12;2021-04-29;1571;1912;85098;39704;30.6;14.3
12;2021-04-30;1812;1835;86910;41539;31.2;14.9
12;2021-05-01;1616;259;88526;41798;31.8;15.0
12;2021-05-02;7;0;88533;41798;31.8;15.0
12;2021-05-03;1713;1247;90246;43045;32.4;15.5
12;2021-05-04;1482;1392;91728;44437;33.0;16.0
12;2021-05-05;1292;1674;93020;46111;33.4;16.6
12;2021-05-06;1753;1376;94773;47487;34.0;17.1
12;2021-05-07;1482;1776;96255;49263;34.6;17.7
12;2021-05-08;1330;461;97585;49724;35.1;17.9
12;2021-05-09;13;34;97598;49758;35.1;17.9
12;2021-05-10;827;2217;98425;51975;35.4;18.7
12;2021-05-11;930;1853;99355;53828;35.7;19.3
12;2021-05-12;950;1821;100305;55649;36.0;20.0
12;2021-05-13;1587;809;101892;56458;36.6;20.3
12;2021-05-14;1236;1533;103128;57991;37.0;20.8
12;2021-05-15;1068;1113;104196;59104;37.4;21.2
12;2021-05-16;2;19;104198;59123;37.4;21.2
12;2021-05-17;1082;1811;105280;60934;37.8;21.9
12;2021-05-18;1426;1534;106706;62468;38.3;22.4
12;2021-05-19;1915;1329;108621;63797;39.0;22.9
12;2021-05-20;2116;874;110737;64671;39.8;23.2
12;2021-05-21;1821;1252;112558;65923;40.4;23.7
12;2021-05-22;1206;1014;113764;66937;40.9;24.0
12;2021-05-23;7;12;113771;66949;40.9;24.1
12;2021-05-24;1956;538;115727;67487;41.6;24.2
12;2021-05-25;1737;1160;117464;68647;42.2;24.7
12;2021-05-26;1998;777;119462;69424;42.9;24.9
12;2021-05-27;2164;744;121626;70168;43.7;25.2
12;2021-05-28;1928;1032;123554;71200;44.4;25.6
12;2021-05-29;1637;804;125191;72004;45.0;25.9
12;2021-05-30;9;43;125200;72047;45.0;25.9
12;2021-05-31;1699;816;126899;72863;45.6;26.2
12;2021-06-01;1889;1028;128788;73891;46.3;26.5
12;2021-06-02;1979;1053;130767;74944;47.0;26.9
12;2021-06-03;2121;830;132888;75774;47.7;27.2
12;2021-06-04;1967;1417;134855;77191;48.4;27.7
12;2021-06-05;1739;984;136594;78175;49.1;28.1
12;2021-06-06;5;6;136599;78181;49.1;28.1
12;2021-06-07;1091;1804;137690;79985;49.5;28.7
12;2021-06-08;1333;1201;139023;81186;49.9;29.2
12;2021-06-09;895;1290;139918;82476;50.3;29.6
12;2021-06-10;1021;917;140939;83393;50.6;30.0
12;2021-06-11;1204;2080;142143;85473;51.1;30.7
12;2021-06-12;1033;1321;143176;86794;51.4;31.2
12;2021-06-13;6;47;143182;86841;51.4;31.2
12;2021-06-14;662;1828;143844;88669;51.7;31.9
12;2021-06-15;745;1882;144589;90551;51.9;32.5
12;2021-06-16;821;1817;145410;92368;52.2;33.2
12;2021-06-17;678;995;146088;93363;52.5;33.5
12;2021-06-18;1134;1839;147222;95202;52.9;34.2
12;2021-06-19;914;1406;148136;96608;53.2;34.7
12;2021-06-20;4;10;148140;96618;53.2;34.7
12;2021-06-21;510;1738;148650;98356;53.4;35.3
12;2021-06-22;503;1474;149153;99830;53.6;35.9
12;2021-06-23;578;1306;149731;101136;53.8;36.3
12;2021-06-24;249;545;149980;101681;53.9;36.5
12;2021-06-25;874;1839;150854;103520;54.2;37.2
12;2021-06-26;673;1526;151527;105046;54.4;37.7
12;2021-06-27;1;9;151528;105055;54.4;37.7
12;2021-06-28;468;2452;151996;107507;54.6;38.6
12;2021-06-29;565;1957;152561;109464;54.8;39.3
12;2021-06-30;830;2133;153391;111597;55.1;40.1
12;2021-07-01;343;1086;153734;112683;55.2;40.5
12;2021-07-02;795;2626;154529;115309;55.5;41.4
12;2021-07-03;565;1873;155094;117182;55.7;42.1
12;2021-07-04;1;0;155095;117182;55.7;42.1
12;2021-07-05;439;2408;155534;119590;55.9;43.0
12;2021-07-06;640;2497;156174;122087;56.1;43.9
12;2021-07-07;686;2119;156860;124206;56.4;44.6
12;2021-07-08;293;912;157153;125118;56.5;44.9
12;2021-07-09;722;2590;157875;127708;56.7;45.9
12;2021-07-10;444;2076;158319;129784;56.9;46.6
12;2021-07-11;0;0;158319;129784;56.9;46.6
12;2021-07-12;582;2436;158901;132220;57.1;47.5
12;2021-07-13;839;2589;159740;134809;57.4;48.4
12;2021-07-14;44;25;159784;134834;57.4;48.4
12;2021-07-15;791;2109;160575;136943;57.7;49.2
12;2021-07-16;1247;2555;161822;139498;58.1;50.1
12;2021-07-17;790;2006;162612;141504;58.4;50.8
12;2021-07-18;23;11;162635;141515;58.4;50.8
12;2021-07-19;1317;2005;163952;143520;58.9;51.6
12;2021-07-20;1420;1472;165372;144992;59.4;52.1
12;2021-07-21;1013;936;166385;145928;59.8;52.4
12;2021-07-22;2222;1307;168607;147235;60.6;52.9
12;2021-07-23;1862;2068;170469;149303;61.2;53.6
12;2021-07-24;1602;1566;172071;150869;61.8;54.2
12;2021-07-25;96;28;172167;150897;61.9;54.2
12;2021-07-26;1917;1437;174084;152334;62.5;54.7
12;2021-07-27;2204;1006;176288;153340;63.3;55.1
12;2021-07-28;1699;673;177987;154013;63.9;55.3
12;2021-07-29;1172;802;179159;154815;64.4;55.6
12;2021-07-30;2489;1283;181648;156098;65.3;56.1
12;2021-07-31;1954;1004;183602;157102;66.0;56.4
12;2021-08-01;224;37;183826;157139;66.0;56.5
12;2021-08-02;1807;837;185633;157976;66.7;56.8
12;2021-08-03;1948;773;187581;158749;67.4;57.0
12;2021-08-04;1681;830;189262;159579;68.0;57.3
12;2021-08-05;1626;682;190888;160261;68.6;57.6
12;2021-08-06;1689;1307;192577;161568;69.2;58.0
12;2021-08-07;1436;738;194013;162306;69.7;58.3
12;2021-08-08;0;3;194013;162309;69.7;58.3
12;2021-08-09;1341;1415;195354;163724;70.2;58.8
12;2021-08-10;1338;1253;196692;164977;70.7;59.3
12;2021-08-11;814;1193;197506;166170;71.0;59.7
12;2021-08-12;730;1070;198236;167240;71.2;60.1
12;2021-08-13;1043;1335;199279;168575;71.6;60.6
12;2021-08-14;729;1353;200008;169928;71.9;61.0
12;2021-08-15;254;73;200262;170001;71.9;61.1
12;2021-08-16;663;1809;200925;171810;72.2;61.7
13;2020-12-27;3;0;3;0;0.0;0.0
13;2020-12-28;3;0;6;0;0.0;0.0
13;2020-12-29;0;0;6;0;0.0;0.0
13;2020-12-30;0;0;6;0;0.0;0.0
13;2020-12-31;5;0;11;0;0.0;0.0
13;2021-01-01;3;0;14;0;0.0;0.0
13;2021-01-02;4;0;18;0;0.0;0.0
13;2021-01-03;6;0;24;0;0.0;0.0
13;2021-01-04;0;0;24;0;0.0;0.0
13;2021-01-05;78;1;102;1;0.0;0.0
13;2021-01-06;122;0;224;1;0.0;0.0
13;2021-01-07;174;1;398;2;0.0;0.0
13;2021-01-08;188;0;586;2;0.0;0.0
13;2021-01-09;12;0;598;2;0.0;0.0
13;2021-01-10;3;0;601;2;0.0;0.0
13;2021-01-11;480;1;1081;3;0.1;0.0
13;2021-01-12;814;1;1895;4;0.1;0.0
13;2021-01-13;1084;1;2979;5;0.1;0.0
13;2021-01-14;1567;17;4546;22;0.2;0.0
13;2021-01-15;1534;7;6080;29;0.3;0.0
13;2021-01-16;407;2;6487;31;0.3;0.0
13;2021-01-17;41;0;6528;31;0.3;0.0
13;2021-01-18;2381;9;8909;40;0.4;0.0
13;2021-01-19;7408;30;16317;70;0.8;0.0
13;2021-01-20;5555;16;21872;86;1.1;0.0
13;2021-01-21;5354;25;27226;111;1.3;0.0
13;2021-01-22;3993;18;31219;129;1.5;0.0
13;2021-01-23;1336;6;32555;135;1.6;0.0
13;2021-01-24;490;4;33045;139;1.6;0.0
13;2021-01-25;2337;27;35382;166;1.7;0.0
13;2021-01-26;2950;90;38332;256;1.9;0.0
13;2021-01-27;3117;123;41449;379;2.0;0.0
13;2021-01-28;3245;193;44694;572;2.2;0.0
13;2021-01-29;2509;128;47203;700;2.3;0.0
13;2021-01-30;1022;11;48225;711;2.4;0.0
13;2021-01-31;249;0;48474;711;2.4;0.0
13;2021-02-01;1858;295;50332;1006;2.5;0.0
13;2021-02-02;2254;615;52586;1621;2.6;0.1
13;2021-02-03;1863;580;54449;2201;2.7;0.1
13;2021-02-04;1900;930;56349;3131;2.8;0.2
13;2021-02-05;2625;1558;58974;4689;2.9;0.2
13;2021-02-06;848;312;59822;5001;2.9;0.2
13;2021-02-07;275;6;60097;5007;3.0;0.2
13;2021-02-08;1898;1543;61995;6550;3.0;0.3
13;2021-02-09;3311;4447;65306;10997;3.2;0.5
13;2021-02-10;3223;3429;68529;14426;3.4;0.7
13;2021-02-11;3573;3584;72102;18010;3.5;0.9
13;2021-02-12;2825;3155;74927;21165;3.7;1.0
13;2021-02-13;733;597;75660;21762;3.7;1.1
13;2021-02-14;72;378;75732;22140;3.7;1.1
13;2021-02-15;966;2032;76698;24172;3.8;1.2
13;2021-02-16;1391;2639;78089;26811;3.8;1.3
13;2021-02-17;1345;3003;79434;29814;3.9;1.5
13;2021-02-18;1900;2692;81334;32506;4.0;1.6
13;2021-02-19;1514;2190;82848;34696;4.1;1.7
13;2021-02-20;457;791;83305;35487;4.1;1.7
13;2021-02-21;33;286;83338;35773;4.1;1.8
13;2021-02-22;1020;2265;84358;38038;4.1;1.9
13;2021-02-23;1282;2679;85640;40717;4.2;2.0
13;2021-02-24;1507;2628;87147;43345;4.3;2.1
13;2021-02-25;2383;2153;89530;45498;4.4;2.2
13;2021-02-26;2457;2119;91987;47617;4.5;2.3
13;2021-02-27;981;751;92968;48368;4.6;2.4
13;2021-02-28;193;204;93161;48572;4.6;2.4
13;2021-03-01;1916;1529;95077;50101;4.7;2.5
13;2021-03-02;3005;2626;98082;52727;4.8;2.6
13;2021-03-03;3484;2573;101566;55300;5.0;2.7
13;2021-03-04;4194;3133;105760;58433;5.2;2.9
13;2021-03-05;4044;2793;109804;61226;5.4;3.0
13;2021-03-06;5298;830;115102;62056;5.7;3.1
13;2021-03-07;4293;372;119395;62428;5.9;3.1
13;2021-03-08;3923;1998;123318;64426;6.1;3.2
13;2021-03-09;5069;2274;128387;66700;6.3;3.3
13;2021-03-10;5179;1987;133566;68687;6.6;3.4
13;2021-03-11;7302;2128;140868;70815;6.9;3.5
13;2021-03-12;8323;2101;149191;72916;7.3;3.6
13;2021-03-13;6376;718;155567;73634;7.6;3.6
13;2021-03-14;2313;164;157880;73798;7.8;3.6
13;2021-03-15;6356;1297;164236;75095;8.1;3.7
13;2021-03-16;5073;1527;169309;76622;8.3;3.8
13;2021-03-17;5173;1408;174482;78030;8.6;3.8
13;2021-03-18;5816;1868;180298;79898;8.9;3.9
13;2021-03-19;6804;1610;187102;81508;9.2;4.0
13;2021-03-20;4038;698;191140;82206;9.4;4.0
13;2021-03-21;724;83;191864;82289;9.4;4.0
13;2021-03-22;7297;1556;199161;83845;9.8;4.1
13;2021-03-23;9122;1742;208283;85587;10.2;4.2
13;2021-03-24;8854;2178;217137;87765;10.7;4.3
13;2021-03-25;10910;2096;228047;89861;11.2;4.4
13;2021-03-26;10708;1902;238755;91763;11.7;4.5
13;2021-03-27;4866;827;243621;92590;12.0;4.6
13;2021-03-28;1119;81;244740;92671;12.0;4.6
13;2021-03-29;7574;1996;252314;94667;12.4;4.7
13;2021-03-30;12610;2500;264924;97167;13.0;4.8
13;2021-03-31;10814;3145;275738;100312;13.6;4.9
13;2021-04-01;12263;3051;288001;103363;14.2;5.1
13;2021-04-02;9788;3885;297789;107248;14.6;5.3
13;2021-04-03;4007;2803;301796;110051;14.8;5.4
13;2021-04-04;629;305;302425;110356;14.9;5.4
13;2021-04-05;3530;721;305955;111077;15.0;5.5
13;2021-04-06;8515;4249;314470;115326;15.5;5.7
13;2021-04-07;10077;4681;324547;120007;16.0;5.9
13;2021-04-08;10107;5459;334654;125466;16.4;6.2
13;2021-04-09;11259;5100;345913;130566;17.0;6.4
13;2021-04-10;7300;2091;353213;132657;17.4;6.5
13;2021-04-11;1378;533;354591;133190;17.4;6.5
13;2021-04-12;7981;4785;362572;137975;17.8;6.8
13;2021-04-13;9140;5494;371712;143469;18.3;7.1
13;2021-04-14;9531;5812;381243;149281;18.7;7.3
13;2021-04-15;9874;5957;391117;155238;19.2;7.6
13;2021-04-16;9968;5560;401085;160798;19.7;7.9
13;2021-04-17;4081;2019;405166;162817;19.9;8.0
13;2021-04-18;2523;1423;407689;164240;20.0;8.1
13;2021-04-19;6451;6400;414140;170640;20.4;8.4
13;2021-04-20;7403;7593;421543;178233;20.7;8.8
13;2021-04-21;7776;7371;429319;185604;21.1;9.1
13;2021-04-22;8465;7926;437784;193530;21.5;9.5
13;2021-04-23;8378;6789;446162;200319;21.9;9.8
13;2021-04-24;4621;3819;450783;204138;22.2;10.0
13;2021-04-25;873;524;451656;204662;22.2;10.1
13;2021-04-26;6169;7116;457825;211778;22.5;10.4
13;2021-04-27;7261;8027;465086;219805;22.9;10.8
13;2021-04-28;9451;7707;474537;227512;23.3;11.2
13;2021-04-29;11405;7595;485942;235107;23.9;11.6
13;2021-04-30;10924;7373;496866;242480;24.4;11.9
13;2021-05-01;5368;3793;502234;246273;24.7;12.1
13;2021-05-02;2098;745;504332;247018;24.8;12.1
13;2021-05-03;7301;7854;511633;254872;25.1;12.5
13;2021-05-04;8451;8516;520084;263388;25.6;12.9
13;2021-05-05;8228;8965;528312;272353;26.0;13.4
13;2021-05-06;10141;8581;538453;280934;26.5;13.8
13;2021-05-07;8853;10034;547306;290968;26.9;14.3
13;2021-05-08;4571;3928;551877;294896;27.1;14.5
13;2021-05-09;936;683;552813;295579;27.2;14.5
13;2021-05-10;7714;8763;560527;304342;27.6;15.0
13;2021-05-11;10977;9572;571504;313914;28.1;15.4
13;2021-05-12;12840;8724;584344;322638;28.7;15.9
13;2021-05-13;9510;3635;593854;326273;29.2;16.0
13;2021-05-14;13659;6445;607513;332718;29.9;16.4
13;2021-05-15;10197;4528;617710;337246;30.4;16.6
13;2021-05-16;3125;788;620835;338034;30.5;16.6
13;2021-05-17;10845;6811;631680;344845;31.0;17.0
13;2021-05-18;11915;6470;643595;351315;31.6;17.3
13;2021-05-19;12155;6346;655750;357661;32.2;17.6
13;2021-05-20;13451;6456;669201;364117;32.9;17.9
13;2021-05-21;13000;6774;682201;370891;33.5;18.2
13;2021-05-22;7513;3631;689714;374522;33.9;18.4
13;2021-05-23;863;640;690577;375162;33.9;18.4
13;2021-05-24;6767;2475;697344;377637;34.3;18.6
13;2021-05-25;9274;7598;706618;385235;34.7;18.9
13;2021-05-26;10139;7840;716757;393075;35.2;19.3
13;2021-05-27;10349;8418;727106;401493;35.7;19.7
13;2021-05-28;8994;9174;736100;410667;36.2;20.2
13;2021-05-29;7176;4629;743276;415296;36.5;20.4
13;2021-05-30;891;527;744167;415823;36.6;20.4
13;2021-05-31;8191;8036;752358;423859;37.0;20.8
13;2021-06-01;9591;9303;761949;433162;37.5;21.3
13;2021-06-02;10084;8793;772033;441955;37.9;21.7
13;2021-06-03;12291;9489;784324;451444;38.6;22.2
13;2021-06-04;12034;10042;796358;461486;39.1;22.7
13;2021-06-05;7824;5578;804182;467064;39.5;23.0
13;2021-06-06;1670;882;805852;467946;39.6;23.0
13;2021-06-07;6684;9885;812536;477831;39.9;23.5
13;2021-06-08;8311;9991;820847;487822;40.3;24.0
13;2021-06-09;8397;9739;829244;497561;40.8;24.5
13;2021-06-10;8938;9764;838182;507325;41.2;24.9
13;2021-06-11;8233;12707;846415;520032;41.6;25.6
13;2021-06-12;5789;6706;852204;526738;41.9;25.9
13;2021-06-13;951;1215;853155;527953;41.9;26.0
13;2021-06-14;6004;11140;859159;539093;42.2;26.5
13;2021-06-15;7284;11402;866443;550495;42.6;27.1
13;2021-06-16;7341;9879;873784;560374;42.9;27.5
13;2021-06-17;7435;10708;881219;571082;43.3;28.1
13;2021-06-18;7535;11079;888754;582161;43.7;28.6
13;2021-06-19;4612;7496;893366;589657;43.9;29.0
13;2021-06-20;955;1045;894321;590702;44.0;29.0
13;2021-06-21;4471;12261;898792;602963;44.2;29.6
13;2021-06-22;4933;13870;903725;616833;44.4;30.3
13;2021-06-23;5142;13567;908867;630400;44.7;31.0
13;2021-06-24;5323;12848;914190;643248;44.9;31.6
13;2021-06-25;5259;14680;919449;657928;45.2;32.3
13;2021-06-26;3021;9677;922470;667605;45.3;32.8
13;2021-06-27;535;931;923005;668536;45.4;32.9
13;2021-06-28;3727;12553;926732;681089;45.6;33.5
13;2021-06-29;4485;12903;931217;693992;45.8;34.1
13;2021-06-30;4868;12686;936085;706678;46.0;34.7
13;2021-07-01;5512;11480;941597;718158;46.3;35.3
13;2021-07-02;5536;12400;947133;730558;46.6;35.9
13;2021-07-03;3500;9162;950633;739720;46.7;36.4
13;2021-07-04;475;867;951108;740587;46.7;36.4
13;2021-07-05;3834;11780;954942;752367;46.9;37.0
13;2021-07-06;5430;11678;960372;764045;47.2;37.6
13;2021-07-07;5603;10693;965975;774738;47.5;38.1
13;2021-07-08;6210;10307;972185;785045;47.8;38.6
13;2021-07-09;5915;11912;978100;796957;48.1;39.2
13;2021-07-10;3164;8637;981264;805594;48.2;39.6
13;2021-07-11;435;1011;981699;806605;48.3;39.6
13;2021-07-12;4474;10955;986173;817560;48.5;40.2
13;2021-07-13;8950;13146;995123;830706;48.9;40.8
13;2021-07-14;5588;4845;1000711;835551;49.2;41.1
13;2021-07-15;11377;12895;1012088;848446;49.7;41.7
13;2021-07-16;12149;12878;1024237;861324;50.3;42.3
13;2021-07-17;6576;8471;1030813;869795;50.7;42.8
13;2021-07-18;717;1060;1031530;870855;50.7;42.8
13;2021-07-19;9776;11126;1041306;881981;51.2;43.4
13;2021-07-20;12215;11631;1053521;893612;51.8;43.9
13;2021-07-21;12624;10297;1066145;903909;52.4;44.4
13;2021-07-22;14497;10394;1080642;914303;53.1;44.9
13;2021-07-23;14406;10885;1095048;925188;53.8;45.5
13;2021-07-24;8306;7958;1103354;933146;54.2;45.9
13;2021-07-25;1009;785;1104363;933931;54.3;45.9
13;2021-07-26;11579;9050;1115942;942981;54.9;46.4
13;2021-07-27;13429;9320;1129371;952301;55.5;46.8
13;2021-07-28;12245;8137;1141616;960438;56.1;47.2
13;2021-07-29;13729;8075;1155345;968513;56.8;47.6
13;2021-07-30;13597;8590;1168942;977103;57.5;48.0
13;2021-07-31;8646;5806;1177588;982909;57.9;48.3
13;2021-08-01;1098;714;1178686;983623;57.9;48.3
13;2021-08-02;9942;6644;1188628;990267;58.4;48.7
13;2021-08-03;10927;7235;1199555;997502;59.0;49.0
13;2021-08-04;9349;6509;1208904;1004011;59.4;49.4
13;2021-08-05;9351;7471;1218255;1011482;59.9;49.7
13;2021-08-06;9072;8965;1227327;1020447;60.3;50.2
13;2021-08-07;5385;5522;1232712;1025969;60.6;50.4
13;2021-08-08;889;788;1233601;1026757;60.6;50.5
13;2021-08-09;8230;9004;1241831;1035761;61.0;50.9
13;2021-08-10;8915;8824;1250746;1044585;61.5;51.3
13;2021-08-11;7704;8454;1258450;1053039;61.9;51.8
13;2021-08-12;7563;9576;1266013;1062615;62.2;52.2
13;2021-08-13;6728;9061;1272741;1071676;62.6;52.7
13;2021-08-14;3653;6414;1276394;1078090;62.7;53.0
13;2021-08-15;467;722;1276861;1078812;62.8;53.0
13;2021-08-16;6287;10950;1283148;1089762;63.1;53.6
14;2020-12-27;0;0;0;0;0.0;0.0
14;2020-12-28;1;1;1;1;0.0;0.0
14;2020-12-29;0;0;1;1;0.0;0.0
14;2020-12-30;0;0;1;1;0.0;0.0
14;2020-12-31;3;0;4;1;0.0;0.0
14;2021-01-01;1;0;5;1;0.0;0.0
14;2021-01-02;1;0;6;1;0.0;0.0
14;2021-01-03;0;0;6;1;0.0;0.0
14;2021-01-04;10;0;16;1;0.0;0.0
14;2021-01-05;24;0;40;1;0.0;0.0
14;2021-01-06;349;0;389;1;0.1;0.0
14;2021-01-07;400;2;789;3;0.1;0.0
14;2021-01-08;625;2;1414;5;0.2;0.0
14;2021-01-09;127;0;1541;5;0.2;0.0
14;2021-01-10;41;0;1582;5;0.2;0.0
14;2021-01-11;666;1;2248;6;0.3;0.0
14;2021-01-12;942;2;3190;8;0.5;0.0
14;2021-01-13;850;1;4040;9;0.6;0.0
14;2021-01-14;2823;17;6863;26;1.0;0.0
14;2021-01-15;1893;20;8756;46;1.3;0.0
14;2021-01-16;271;2;9027;48;1.3;0.0
14;2021-01-17;145;4;9172;52;1.3;0.0
14;2021-01-18;1085;4;10257;56;1.5;0.0
14;2021-01-19;1152;2;11409;58;1.7;0.0
14;2021-01-20;1987;4;13396;62;1.9;0.0
14;2021-01-21;1812;6;15208;68;2.2;0.0
14;2021-01-22;1492;3;16700;71;2.4;0.0
14;2021-01-23;297;1;16997;72;2.5;0.0
14;2021-01-24;71;0;17068;72;2.5;0.0
14;2021-01-25;910;10;17978;82;2.6;0.0
14;2021-01-26;848;37;18826;119;2.7;0.0
14;2021-01-27;882;158;19708;277;2.9;0.0
14;2021-01-28;782;143;20490;420;3.0;0.1
14;2021-01-29;782;227;21272;647;3.1;0.1
14;2021-01-30;269;12;21541;659;3.1;0.1
14;2021-01-31;58;3;21599;662;3.1;0.1
14;2021-02-01;727;230;22326;892;3.2;0.1
14;2021-02-02;824;424;23150;1316;3.3;0.2
14;2021-02-03;751;388;23901;1704;3.5;0.2
14;2021-02-04;1170;2060;25071;3764;3.6;0.5
14;2021-02-05;1294;1316;26365;5080;3.8;0.7
14;2021-02-06;394;240;26759;5320;3.9;0.8
14;2021-02-07;179;72;26938;5392;3.9;0.8
14;2021-02-08;774;825;27712;6217;4.0;0.9
14;2021-02-09;721;1009;28433;7226;4.1;1.0
14;2021-02-10;824;1609;29257;8835;4.2;1.3
14;2021-02-11;1352;1433;30609;10268;4.4;1.5
14;2021-02-12;1380;1082;31989;11350;4.6;1.6
14;2021-02-13;308;186;32297;11536;4.7;1.7
14;2021-02-14;84;65;32381;11601;4.7;1.7
14;2021-02-15;442;1085;32823;12686;4.7;1.8
14;2021-02-16;679;980;33502;13666;4.8;2.0
14;2021-02-17;405;983;33907;14649;4.9;2.1
14;2021-02-18;705;884;34612;15533;5.0;2.2
14;2021-02-19;733;782;35345;16315;5.1;2.4
14;2021-02-20;88;271;35433;16586;5.1;2.4
14;2021-02-21;6;90;35439;16676;5.1;2.4
14;2021-02-22;432;1046;35871;17722;5.2;2.6
14;2021-02-23;486;921;36357;18643;5.3;2.7
14;2021-02-24;439;894;36796;19537;5.3;2.8
14;2021-02-25;1223;1177;38019;20714;5.5;3.0
14;2021-02-26;1576;1167;39595;21881;5.7;3.2
14;2021-02-27;507;268;40102;22149;5.8;3.2
14;2021-02-28;27;42;40129;22191;5.8;3.2
14;2021-03-01;521;927;40650;23118;5.9;3.3
14;2021-03-02;967;809;41617;23927;6.0;3.5
14;2021-03-03;1078;836;42695;24763;6.2;3.6
14;2021-03-04;1947;789;44642;25552;6.5;3.7
14;2021-03-05;2429;873;47071;26425;6.8;3.8
14;2021-03-06;3075;204;50146;26629;7.3;3.9
14;2021-03-07;1196;60;51342;26689;7.4;3.9
14;2021-03-08;1249;814;52591;27503;7.6;4.0
14;2021-03-09;1741;698;54332;28201;7.9;4.1
14;2021-03-10;1834;589;56166;28790;8.1;4.2
14;2021-03-11;2757;475;58923;29265;8.5;4.2
14;2021-03-12;4044;564;62967;29829;9.1;4.3
14;2021-03-13;1853;175;64820;30004;9.4;4.3
14;2021-03-14;31;39;64851;30043;9.4;4.3
14;2021-03-15;2005;139;66856;30182;9.7;4.4
14;2021-03-16;1401;277;68257;30459;9.9;4.4
14;2021-03-17;1155;195;69412;30654;10.0;4.4
14;2021-03-18;1479;305;70891;30959;10.3;4.5
14;2021-03-19;2604;267;73495;31226;10.6;4.5
14;2021-03-20;2656;37;76151;31263;11.0;4.5
14;2021-03-21;453;8;76604;31271;11.1;4.5
14;2021-03-22;1872;360;78476;31631;11.3;4.6
14;2021-03-23;2176;322;80652;31953;11.7;4.6
14;2021-03-24;2432;194;83084;32147;12.0;4.6
14;2021-03-25;3291;320;86375;32467;12.5;4.7
14;2021-03-26;4608;469;90983;32936;13.2;4.8
14;2021-03-27;2231;229;93214;33165;13.5;4.8
14;2021-03-28;36;1;93250;33166;13.5;4.8
14;2021-03-29;1612;481;94862;33647;13.7;4.9
14;2021-03-30;2721;515;97583;34162;14.1;4.9
14;2021-03-31;2324;922;99907;35084;14.4;5.1
14;2021-04-01;4172;1678;104079;36762;15.1;5.3
14;2021-04-02;3866;1270;107945;38032;15.6;5.5
14;2021-04-03;1128;1203;109073;39235;15.8;5.7
14;2021-04-04;25;482;109098;39717;15.8;5.7
14;2021-04-05;1218;322;110316;40039;16.0;5.8
14;2021-04-06;2383;995;112699;41034;16.3;5.9
14;2021-04-07;2729;1034;115428;42068;16.7;6.1
14;2021-04-08;4300;1115;119728;43183;17.3;6.2
14;2021-04-09;6030;1178;125758;44361;18.2;6.4
14;2021-04-10;2895;436;128653;44797;18.6;6.5
14;2021-04-11;628;121;129281;44918;18.7;6.5
14;2021-04-12;2915;1585;132196;46503;19.1;6.7
14;2021-04-13;3470;1448;135666;47951;19.6;6.9
14;2021-04-14;3121;1168;138787;49119;20.1;7.1
14;2021-04-15;4399;1511;143186;50630;20.7;7.3
14;2021-04-16;4600;1559;147786;52189;21.4;7.5
14;2021-04-17;2314;1665;150100;53854;21.7;7.8
14;2021-04-18;539;325;150639;54179;21.8;7.8
14;2021-04-19;2758;1704;153397;55883;22.2;8.1
14;2021-04-20;3390;1833;156787;57716;22.7;8.3
14;2021-04-21;3012;1470;159799;59186;23.1;8.6
14;2021-04-22;4225;2083;164024;61269;23.7;8.9
14;2021-04-23;4645;2296;168669;63565;24.4;9.2
14;2021-04-24;1850;1756;170519;65321;24.7;9.4
14;2021-04-25;456;27;170975;65348;24.7;9.5
14;2021-04-26;3378;1567;174353;66915;25.2;9.7
14;2021-04-27;3504;2575;177857;69490;25.7;10.0
14;2021-04-28;3243;1897;181100;71387;26.2;10.3
14;2021-04-29;4545;2307;185645;73694;26.8;10.7
14;2021-04-30;5122;2638;190767;76332;27.6;11.0
14;2021-05-01;3553;196;194320;76528;28.1;11.1
14;2021-05-02;1237;55;195557;76583;28.3;11.1
14;2021-05-03;2484;2770;198041;79353;28.6;11.5
14;2021-05-04;3127;2912;201168;82265;29.1;11.9
14;2021-05-05;3686;2756;204854;85021;29.6;12.3
14;2021-05-06;4931;3488;209785;88509;30.3;12.8
14;2021-05-07;4866;3855;214651;92364;31.0;13.4
14;2021-05-08;2728;1264;217379;93628;31.4;13.5
14;2021-05-09;1915;668;219294;94296;31.7;13.6
14;2021-05-10;3635;3149;222929;97445;32.2;14.1
14;2021-05-11;4348;3606;227277;101051;32.9;14.6
14;2021-05-12;4050;3218;231327;104269;33.5;15.1
14;2021-05-13;4691;1131;236018;105400;34.1;15.2
14;2021-05-14;6675;2631;242693;108031;35.1;15.6
14;2021-05-15;5144;778;247837;108809;35.8;15.7
14;2021-05-16;2318;121;250155;108930;36.2;15.8
14;2021-05-17;2821;2263;252976;111193;36.6;16.1
14;2021-05-18;4089;2242;257065;113435;37.2;16.4
14;2021-05-19;3751;2020;260816;115455;37.7;16.7
14;2021-05-20;4479;2768;265295;118223;38.4;17.1
14;2021-05-21;4274;3526;269569;121749;39.0;17.6
14;2021-05-22;1670;866;271239;122615;39.2;17.7
14;2021-05-23;649;71;271888;122686;39.3;17.7
14;2021-05-24;2845;749;274733;123435;39.7;17.9
14;2021-05-25;3634;3387;278367;126822;40.3;18.3
14;2021-05-26;3435;2407;281802;129229;40.8;18.7
14;2021-05-27;4770;3239;286572;132468;41.4;19.2
14;2021-05-28;5091;3892;291663;136360;42.2;19.7
14;2021-05-29;2341;2457;294004;138817;42.5;20.1
14;2021-05-30;760;239;294764;139056;42.6;20.1
14;2021-05-31;4093;2968;298857;142024;43.2;20.5
14;2021-06-01;5741;3218;304598;145242;44.1;21.0
14;2021-06-02;5029;2857;309627;148099;44.8;21.4
14;2021-06-03;6661;4016;316288;152115;45.7;22.0
14;2021-06-04;6446;5135;322734;157250;46.7;22.7
14;2021-06-05;4357;1866;327091;159116;47.3;23.0
14;2021-06-06;2041;83;329132;159199;47.6;23.0
14;2021-06-07;4248;3452;333380;162651;48.2;23.5
14;2021-06-08;5238;3130;338618;165781;49.0;24.0
14;2021-06-09;4274;2969;342892;168750;49.6;24.4
14;2021-06-10;5081;2973;347973;171723;50.3;24.8
14;2021-06-11;4839;4888;352812;176611;51.0;25.5
14;2021-06-12;3681;4514;356493;181125;51.6;26.2
14;2021-06-13;849;1090;357342;182215;51.7;26.4
14;2021-06-14;2186;3793;359528;186008;52.0;26.9
14;2021-06-15;3315;3973;362843;189981;52.5;27.5
14;2021-06-16;3448;4556;366291;194537;53.0;28.1
14;2021-06-17;4234;5269;370525;199806;53.6;28.9
14;2021-06-18;3733;6119;374258;205925;54.1;29.8
14;2021-06-19;2591;2952;376849;208877;54.5;30.2
14;2021-06-20;579;1556;377428;210433;54.6;30.4
14;2021-06-21;2123;4360;379551;214793;54.9;31.1
14;2021-06-22;2583;5178;382134;219971;55.3;31.8
14;2021-06-23;2501;4348;384635;224319;55.6;32.4
14;2021-06-24;3451;5809;388086;230128;56.1;33.3
14;2021-06-25;2748;7277;390834;237405;56.5;34.3
14;2021-06-26;2176;4540;393010;241945;56.8;35.0
14;2021-06-27;440;1829;393450;243774;56.9;35.3
14;2021-06-28;1311;3970;394761;247744;57.1;35.8
14;2021-06-29;1789;5367;396550;253111;57.4;36.6
14;2021-06-30;2021;4618;398571;257729;57.6;37.3
14;2021-07-01;2931;5068;401502;262797;58.1;38.0
14;2021-07-02;2596;6669;404098;269466;58.4;39.0
14;2021-07-03;1429;2646;405527;272112;58.6;39.4
14;2021-07-04;421;713;405948;272825;58.7;39.5
14;2021-07-05;1191;4778;407139;277603;58.9;40.1
14;2021-07-06;2091;6002;409230;283605;59.2;41.0
14;2021-07-07;2256;4576;411486;288181;59.5;41.7
14;2021-07-08;2908;5523;414394;293704;59.9;42.5
14;2021-07-09;2767;6437;417161;300141;60.3;43.4
14;2021-07-10;2039;3201;419200;303342;60.6;43.9
14;2021-07-11;899;872;420099;304214;60.8;44.0
14;2021-07-12;1630;5902;421729;310116;61.0;44.8
14;2021-07-13;3074;7338;424803;317454;61.4;45.9
14;2021-07-14;2253;3059;427056;320513;61.8;46.4
14;2021-07-15;4161;7661;431217;328174;62.4;47.5
14;2021-07-16;4698;7698;435915;335872;63.0;48.6
14;2021-07-17;2107;4206;438022;340078;63.3;49.2
14;2021-07-18;819;1868;438841;341946;63.5;49.5
14;2021-07-19;2586;6125;441427;348071;63.8;50.3
14;2021-07-20;3242;7263;444669;355334;64.3;51.4
14;2021-07-21;4096;5842;448765;361176;64.9;52.2
14;2021-07-22;4815;6603;453580;367779;65.6;53.2
14;2021-07-23;5368;6765;458948;374544;66.4;54.2
14;2021-07-24;3075;3793;462023;378337;66.8;54.7
14;2021-07-25;1498;1244;463521;379581;67.0;54.9
14;2021-07-26;4661;4185;468182;383766;67.7;55.5
14;2021-07-27;5362;4360;473544;388126;68.5;56.1
14;2021-07-28;5087;3972;478631;392098;69.2;56.7
14;2021-07-29;6398;4884;485029;396982;70.1;57.4
14;2021-07-30;5800;5166;490829;402148;71.0;58.2
14;2021-07-31;2757;2503;493586;404651;71.4;58.5
14;2021-08-01;1890;934;495476;405585;71.7;58.7
14;2021-08-02;3881;4290;499357;409875;72.2;59.3
14;2021-08-03;4449;4163;503806;414038;72.9;59.9
14;2021-08-04;4521;3536;508327;417574;73.5;60.4
14;2021-08-05;4631;4028;512958;421602;74.2;61.0
14;2021-08-06;4411;4806;517369;426408;74.8;61.7
14;2021-08-07;2125;2297;519494;428705;75.1;62.0
14;2021-08-08;631;852;520125;429557;75.2;62.1
14;2021-08-09;2126;2878;522251;432435;75.5;62.5
14;2021-08-10;3648;4173;525899;436608;76.1;63.1
14;2021-08-11;3055;3456;528954;440064;76.5;63.6
14;2021-08-12;3460;4335;532414;444399;77.0;64.3
14;2021-08-13;2619;4122;535033;448521;77.4;64.9
14;2021-08-14;1277;1992;536310;450513;77.6;65.2
14;2021-08-15;388;1481;536698;451994;77.6;65.4
14;2021-08-16;1814;2772;538512;454766;77.9;65.8
15;2020-12-27;2;0;2;0;0.0;0.0
15;2020-12-28;0;0;2;0;0.0;0.0
15;2020-12-29;0;0;2;0;0.0;0.0
15;2020-12-30;0;0;2;0;0.0;0.0
15;2020-12-31;0;0;2;0;0.0;0.0
15;2021-01-01;1;0;3;0;0.0;0.0
15;2021-01-02;0;0;3;0;0.0;0.0
15;2021-01-03;0;0;3;0;0.0;0.0
15;2021-01-04;0;0;3;0;0.0;0.0
15;2021-01-05;0;0;3;0;0.0;0.0
15;2021-01-06;0;0;3;0;0.0;0.0
15;2021-01-07;72;0;75;0;0.1;0.0
15;2021-01-08;109;0;184;0;0.1;0.0
15;2021-01-09;0;0;184;0;0.1;0.0
15;2021-01-10;2;0;186;0;0.1;0.0
15;2021-01-11;99;0;285;0;0.2;0.0
15;2021-01-12;93;0;378;0;0.3;0.0
15;2021-01-13;230;0;608;0;0.4;0.0
15;2021-01-14;309;1;917;1;0.6;0.0
15;2021-01-15;138;0;1055;1;0.7;0.0
15;2021-01-16;90;0;1145;1;0.8;0.0
15;2021-01-17;0;0;1145;1;0.8;0.0
15;2021-01-18;404;2;1549;3;1.1;0.0
15;2021-01-19;550;0;2099;3;1.5;0.0
15;2021-01-20;626;1;2725;4;1.9;0.0
15;2021-01-21;576;3;3301;7;2.3;0.0
15;2021-01-22;503;2;3804;9;2.7;0.0
15;2021-01-23;432;1;4236;10;3.0;0.0
15;2021-01-24;6;0;4242;10;3.0;0.0
15;2021-01-25;400;0;4642;10;3.3;0.0
15;2021-01-26;437;0;5079;10;3.6;0.0
15;2021-01-27;735;7;5814;17;4.1;0.0
15;2021-01-28;624;53;6438;70;4.5;0.0
15;2021-01-29;334;82;6772;152;4.7;0.1
15;2021-01-30;218;3;6990;155;4.9;0.1
15;2021-01-31;1;1;6991;156;4.9;0.1
15;2021-02-01;238;89;7229;245;5.1;0.2
15;2021-02-02;189;91;7418;336;5.2;0.2
15;2021-02-03;266;159;7684;495;5.4;0.3
15;2021-02-04;663;205;8347;700;5.8;0.5
15;2021-02-05;297;256;8644;956;6.1;0.7
15;2021-02-06;98;76;8742;1032;6.1;0.7
15;2021-02-07;0;0;8742;1032;6.1;0.7
15;2021-02-08;233;107;8975;1139;6.3;0.8
15;2021-02-09;205;119;9180;1258;6.4;0.9
15;2021-02-10;338;300;9518;1558;6.7;1.1
15;2021-02-11;117;239;9635;1797;6.7;1.3
15;2021-02-12;136;160;9771;1957;6.8;1.4
15;2021-02-13;92;78;9863;2035;6.9;1.4
15;2021-02-14;0;0;9863;2035;6.9;1.4
15;2021-02-15;63;215;9926;2250;7.0;1.6
15;2021-02-16;52;295;9978;2545;7.0;1.8
15;2021-02-17;134;473;10112;3018;7.1;2.1
15;2021-02-18;87;749;10199;3767;7.1;2.6
15;2021-02-19;90;431;10289;4198;7.2;2.9
15;2021-02-20;20;259;10309;4457;7.2;3.1
15;2021-02-21;0;0;10309;4457;7.2;3.1
15;2021-02-22;23;497;10332;4954;7.2;3.5
15;2021-02-23;180;457;10512;5411;7.4;3.8
15;2021-02-24;31;456;10543;5867;7.4;4.1
15;2021-02-25;228;1002;10771;6869;7.5;4.8
15;2021-02-26;186;476;10957;7345;7.7;5.1
15;2021-02-27;146;88;11103;7433;7.8;5.2
15;2021-02-28;1;0;11104;7433;7.8;5.2
15;2021-03-01;121;222;11225;7655;7.9;5.4
15;2021-03-02;250;307;11475;7962;8.0;5.6
15;2021-03-03;207;29;11682;7991;8.2;5.6
15;2021-03-04;246;248;11928;8239;8.4;5.8
15;2021-03-05;348;174;12276;8413;8.6;5.9
15;2021-03-06;680;11;12956;8424;9.1;5.9
15;2021-03-07;81;1;13037;8425;9.1;5.9
15;2021-03-08;93;106;13130;8531;9.2;6.0
15;2021-03-09;281;294;13411;8825;9.4;6.2
15;2021-03-10;416;176;13827;9001;9.7;6.3
15;2021-03-11;434;296;14261;9297;10.0;6.5
15;2021-03-12;525;95;14786;9392;10.4;6.6
15;2021-03-13;355;7;15141;9399;10.6;6.6
15;2021-03-14;18;0;15159;9399;10.6;6.6
15;2021-03-15;542;63;15701;9462;11.0;6.6
15;2021-03-16;328;21;16029;9483;11.2;6.6
15;2021-03-17;130;53;16159;9536;11.3;6.7
15;2021-03-18;250;95;16409;9631;11.5;6.7
15;2021-03-19;669;31;17078;9662;12.0;6.8
15;2021-03-20;148;36;17226;9698;12.1;6.8
15;2021-03-21;6;0;17232;9698;12.1;6.8
15;2021-03-22;575;79;17807;9777;12.5;6.8
15;2021-03-23;775;97;18582;9874;13.0;6.9
15;2021-03-24;937;35;19519;9909;13.7;6.9
15;2021-03-25;1282;30;20801;9939;14.6;7.0
15;2021-03-26;1009;61;21810;10000;15.3;7.0
15;2021-03-27;301;6;22111;10006;15.5;7.0
15;2021-03-28;20;0;22131;10006;15.5;7.0
15;2021-03-29;781;18;22912;10024;16.0;7.0
15;2021-03-30;1134;200;24046;10224;16.8;7.2
15;2021-03-31;941;23;24987;10247;17.5;7.2
15;2021-04-01;1233;57;26220;10304;18.4;7.2
15;2021-04-02;1142;61;27362;10365;19.2;7.3
15;2021-04-03;120;18;27482;10383;19.2;7.3
15;2021-04-04;0;0;27482;10383;19.2;7.3
15;2021-04-05;33;1;27515;10384;19.3;7.3
15;2021-04-06;834;85;28349;10469;19.9;7.3
15;2021-04-07;663;105;29012;10574;20.3;7.4
15;2021-04-08;1247;144;30259;10718;21.2;7.5
15;2021-04-09;1277;100;31536;10818;22.1;7.6
15;2021-04-10;364;19;31900;10837;22.3;7.6
15;2021-04-11;14;0;31914;10837;22.3;7.6
15;2021-04-12;644;458;32558;11295;22.8;7.9
15;2021-04-13;1124;322;33682;11617;23.6;8.1
15;2021-04-14;1038;200;34720;11817;24.3;8.3
15;2021-04-15;1183;308;35903;12125;25.1;8.5
15;2021-04-16;1038;555;36941;12680;25.9;8.9
15;2021-04-17;445;13;37386;12693;26.2;8.9
15;2021-04-18;0;10;37386;12703;26.2;8.9
15;2021-04-19;539;513;37925;13216;26.6;9.3
15;2021-04-20;847;614;38772;13830;27.1;9.7
15;2021-04-21;594;650;39366;14480;27.6;10.1
15;2021-04-22;728;775;40094;15255;28.1;10.7
15;2021-04-23;731;680;40825;15935;28.6;11.2
15;2021-04-24;363;123;41188;16058;28.8;11.2
15;2021-04-25;1;3;41189;16061;28.8;11.2
15;2021-04-26;325;632;41514;16693;29.1;11.7
15;2021-04-27;469;938;41983;17631;29.4;12.3
15;2021-04-28;383;788;42366;18419;29.7;12.9
15;2021-04-29;586;1012;42952;19431;30.1;13.6
15;2021-04-30;547;1078;43499;20509;30.5;14.4
15;2021-05-01;283;30;43782;20539;30.7;14.4
15;2021-05-02;0;0;43782;20539;30.7;14.4
15;2021-05-03;881;331;44663;20870;31.3;14.6
15;2021-05-04;802;857;45465;21727;31.8;15.2
15;2021-05-05;676;680;46141;22407;32.3;15.7
15;2021-05-06;826;967;46967;23374;32.9;16.4
15;2021-05-07;1154;906;48121;24280;33.7;17.0
15;2021-05-08;491;55;48612;24335;34.0;17.0
15;2021-05-09;24;9;48636;24344;34.1;17.0
15;2021-05-10;705;911;49341;25255;34.5;17.7
15;2021-05-11;1185;1185;50526;26440;35.4;18.5
15;2021-05-12;1147;836;51673;27276;36.2;19.1
15;2021-05-13;1165;440;52838;27716;37.0;19.4
15;2021-05-14;1504;581;54342;28297;38.1;19.8
15;2021-05-15;1410;417;55752;28714;39.0;20.1
15;2021-05-16;1;10;55753;28724;39.0;20.1
15;2021-05-17;999;606;56752;29330;39.7;20.5
15;2021-05-18;1222;972;57974;30302;40.6;21.2
15;2021-05-19;1020;460;58994;30762;41.3;21.5
15;2021-05-20;1239;779;60233;31541;42.2;22.1
15;2021-05-21;1349;747;61582;32288;43.1;22.6
15;2021-05-22;527;188;62109;32476;43.5;22.7
15;2021-05-23;2;11;62111;32487;43.5;22.7
15;2021-05-24;693;257;62804;32744;44.0;22.9
15;2021-05-25;1151;620;63955;33364;44.8;23.4
15;2021-05-26;1095;460;65050;33824;45.5;23.7
15;2021-05-27;1270;660;66320;34484;46.4;24.1
15;2021-05-28;1509;886;67829;35370;47.5;24.8
15;2021-05-29;984;361;68813;35731;48.2;25.0
15;2021-05-30;14;25;68827;35756;48.2;25.0
15;2021-05-31;1201;480;70028;36236;49.0;25.4
15;2021-06-01;1400;571;71428;36807;50.0;25.8
15;2021-06-02;865;419;72293;37226;50.6;26.1
15;2021-06-03;932;708;73225;37934;51.3;26.6
15;2021-06-04;1076;719;74301;38653;52.0;27.1
15;2021-06-05;651;264;74952;38917;52.5;27.3
15;2021-06-06;16;20;74968;38937;52.5;27.3
15;2021-06-07;797;350;75765;39287;53.1;27.5
15;2021-06-08;477;396;76242;39683;53.4;27.8
15;2021-06-09;377;376;76619;40059;53.7;28.1
15;2021-06-10;275;425;76894;40484;53.8;28.3
15;2021-06-11;661;1099;77555;41583;54.3;29.1
15;2021-06-12;377;467;77932;42050;54.6;29.4
15;2021-06-13;11;6;77943;42056;54.6;29.4
15;2021-06-14;542;976;78485;43032;55.0;30.1
15;2021-06-15;450;1164;78935;44196;55.3;30.9
15;2021-06-16;542;898;79477;45094;55.7;31.6
15;2021-06-17;290;935;79767;46029;55.9;32.2
15;2021-06-18;741;1204;80508;47233;56.4;33.1
15;2021-06-19;543;705;81051;47938;56.8;33.6
15;2021-06-20;11;1;81062;47939;56.8;33.6
15;2021-06-21;281;1040;81343;48979;57.0;34.3
15;2021-06-22;232;1479;81575;50458;57.1;35.3
15;2021-06-23;345;1445;81920;51903;57.4;36.3
15;2021-06-24;292;1093;82212;52996;57.6;37.1
15;2021-06-25;379;1641;82591;54637;57.8;38.3
15;2021-06-26;165;908;82756;55545;57.9;38.9
15;2021-06-27;0;0;82756;55545;57.9;38.9
15;2021-06-28;176;1227;82932;56772;58.1;39.8
15;2021-06-29;302;1265;83234;58037;58.3;40.6
15;2021-06-30;268;982;83502;59019;58.5;41.3
15;2021-07-01;381;1220;83883;60239;58.7;42.2
15;2021-07-02;410;1349;84293;61588;59.0;43.1
15;2021-07-03;251;708;84544;62296;59.2;43.6
15;2021-07-04;1;1;84545;62297;59.2;43.6
15;2021-07-05;247;1259;84792;63556;59.4;44.5
15;2021-07-06;272;1468;85064;65024;59.6;45.5
15;2021-07-07;254;1344;85318;66368;59.7;46.5
15;2021-07-08;489;1351;85807;67719;60.1;47.4
15;2021-07-09;482;1786;86289;69505;60.4;48.7
15;2021-07-10;215;865;86504;70370;60.6;49.3
15;2021-07-11;9;5;86513;70375;60.6;49.3
15;2021-07-12;271;1485;86784;71860;60.8;50.3
15;2021-07-13;580;1768;87364;73628;61.2;51.6
15;2021-07-14;10;131;87374;73759;61.2;51.6
15;2021-07-15;1131;727;88505;74486;62.0;52.2
15;2021-07-16;1138;1337;89643;75823;62.8;53.1
15;2021-07-17;818;953;90461;76776;63.3;53.8
15;2021-07-18;0;3;90461;76779;63.3;53.8
15;2021-07-19;1072;1272;91533;78051;64.1;54.7
15;2021-07-20;1612;568;93145;78619;65.2;55.1
15;2021-07-21;1184;605;94329;79224;66.1;55.5
15;2021-07-22;893;513;95222;79737;66.7;55.8
15;2021-07-23;1339;1062;96561;80799;67.6;56.6
15;2021-07-24;626;770;97187;81569;68.1;57.1
15;2021-07-25;1;24;97188;81593;68.1;57.1
15;2021-07-26;1243;596;98431;82189;68.9;57.6
15;2021-07-27;1682;567;100113;82756;70.1;57.9
15;2021-07-28;1231;588;101344;83344;71.0;58.4
15;2021-07-29;830;399;102174;83743;71.5;58.6
15;2021-07-30;1003;1131;103177;84874;72.2;59.4
15;2021-07-31;601;638;103778;85512;72.7;59.9
15;2021-08-01;21;12;103799;85524;72.7;59.9
15;2021-08-02;1143;541;104942;86065;73.5;60.3
15;2021-08-03;1145;383;106087;86448;74.3;60.5
15;2021-08-04;787;409;106874;86857;74.8;60.8
15;2021-08-05;383;284;107257;87141;75.1;61.0
15;2021-08-06;788;1239;108045;88380;75.7;61.9
15;2021-08-07;262;1164;108307;89544;75.8;62.7
15;2021-08-08;3;6;108310;89550;75.8;62.7
15;2021-08-09;513;1165;108823;90715;76.2;63.5
15;2021-08-10;432;725;109255;91440;76.5;64.0
15;2021-08-11;411;1007;109666;92447;76.8;64.7
15;2021-08-12;521;1181;110187;93628;77.2;65.6
15;2021-08-13;675;1133;110862;94761;77.6;66.4
15;2021-08-14;177;552;111039;95313;77.8;66.7
15;2021-08-15;14;9;111053;95322;77.8;66.7
15;2021-08-16;383;1132;111436;96454;78.0;67.5
16;2020-12-27;0;0;0;0;0.0;0.0
16;2020-12-28;0;0;0;0;0.0;0.0
16;2020-12-29;0;0;0;0;0.0;0.0
16;2020-12-30;0;0;0;0;0.0;0.0
16;2020-12-31;0;0;0;0;0.0;0.0
16;2021-01-01;0;0;0;0;0.0;0.0
16;2021-01-02;0;0;0;0;0.0;0.0
16;2021-01-03;0;0;0;0;0.0;0.0
16;2021-01-04;1;0;1;0;0.0;0.0
16;2021-01-05;1;0;2;0;0.0;0.0
16;2021-01-06;88;0;90;0;0.0;0.0
16;2021-01-07;239;0;329;0;0.1;0.0
16;2021-01-08;465;2;794;2;0.2;0.0
16;2021-01-09;1;0;795;2;0.2;0.0
16;2021-01-10;1;0;796;2;0.2;0.0
16;2021-01-11;304;0;1100;2;0.3;0.0
16;2021-01-12;437;1;1537;3;0.4;0.0
16;2021-01-13;480;0;2017;3;0.6;0.0
16;2021-01-14;599;6;2616;9;0.8;0.0
16;2021-01-15;504;4;3120;13;0.9;0.0
16;2021-01-16;0;0;3120;13;0.9;0.0
16;2021-01-17;0;0;3120;13;0.9;0.0
16;2021-01-18;431;5;3551;18;1.0;0.0
16;2021-01-19;833;2;4384;20;1.3;0.0
16;2021-01-20;1181;2;5565;22;1.6;0.0
16;2021-01-21;1354;3;6919;25;2.0;0.0
16;2021-01-22;1114;0;8033;25;2.3;0.0
16;2021-01-23;183;0;8216;25;2.4;0.0
16;2021-01-24;0;0;8216;25;2.4;0.0
16;2021-01-25;641;2;8857;27;2.5;0.0
16;2021-01-26;1025;0;9882;27;2.8;0.0
16;2021-01-27;1402;105;11284;132;3.2;0.0
16;2021-01-28;1259;60;12543;192;3.6;0.1
16;2021-01-29;743;140;13286;332;3.8;0.1
16;2021-01-30;36;0;13322;332;3.8;0.1
16;2021-01-31;0;0;13322;332;3.8;0.1
16;2021-02-01;394;204;13716;536;3.9;0.2
16;2021-02-02;576;174;14292;710;4.1;0.2
16;2021-02-03;621;352;14913;1062;4.3;0.3
16;2021-02-04;463;271;15376;1333;4.4;0.4
16;2021-02-05;505;277;15881;1610;4.6;0.5
16;2021-02-06;3;80;15884;1690;4.6;0.5
16;2021-02-07;41;2;15925;1692;4.6;0.5
16;2021-02-08;355;220;16280;1912;4.7;0.5
16;2021-02-09;648;294;16928;2206;4.9;0.6
16;2021-02-10;693;680;17621;2886;5.1;0.8
16;2021-02-11;798;613;18419;3499;5.3;1.0
16;2021-02-12;623;833;19042;4332;5.5;1.2
16;2021-02-13;42;78;19084;4410;5.5;1.3
16;2021-02-14;2;7;19086;4417;5.5;1.3
16;2021-02-15;216;668;19302;5085;5.5;1.5
16;2021-02-16;374;958;19676;6043;5.7;1.7
16;2021-02-17;350;1310;20026;7353;5.8;2.1
16;2021-02-18;510;1255;20536;8608;5.9;2.5
16;2021-02-19;389;795;20925;9403;6.0;2.7
16;2021-02-20;2;8;20927;9411;6.0;2.7
16;2021-02-21;0;0;20927;9411;6.0;2.7
16;2021-02-22;135;541;21062;9952;6.0;2.9
16;2021-02-23;205;925;21267;10877;6.1;3.1
16;2021-02-24;274;899;21541;11776;6.2;3.4
16;2021-02-25;395;689;21936;12465;6.3;3.6
16;2021-02-26;478;500;22414;12965;6.4;3.7
16;2021-02-27;249;1;22663;12966;6.5;3.7
16;2021-02-28;5;5;22668;12971;6.5;3.7
16;2021-03-01;152;328;22820;13299;6.6;3.8
16;2021-03-02;272;671;23092;13970;6.6;4.0
16;2021-03-03;391;727;23483;14697;6.7;4.2
16;2021-03-04;806;571;24289;15268;7.0;4.4
16;2021-03-05;1142;542;25431;15810;7.3;4.5
16;2021-03-06;751;13;26182;15823;7.5;4.5
16;2021-03-07;94;18;26276;15841;7.5;4.5
16;2021-03-08;437;320;26713;16161;7.7;4.6
16;2021-03-09;774;701;27487;16862;7.9;4.8
16;2021-03-10;606;669;28093;17531;8.1;5.0
16;2021-03-11;1446;531;29539;18062;8.5;5.2
16;2021-03-12;1164;460;30703;18522;8.8;5.3
16;2021-03-13;765;13;31468;18535;9.0;5.3
16;2021-03-14;1;0;31469;18535;9.0;5.3
16;2021-03-15;461;184;31930;18719;9.2;5.4
16;2021-03-16;859;421;32789;19140;9.4;5.5
16;2021-03-17;590;286;33379;19426;9.6;5.6
16;2021-03-18;1031;284;34410;19710;9.9;5.7
16;2021-03-19;1101;248;35511;19958;10.2;5.7
16;2021-03-20;396;5;35907;19963;10.3;5.7
16;2021-03-21;9;0;35916;19963;10.3;5.7
16;2021-03-22;727;100;36643;20063;10.5;5.8
16;2021-03-23;1463;104;38106;20167;10.9;5.8
16;2021-03-24;1120;185;39226;20352;11.3;5.8
16;2021-03-25;2047;91;41273;20443;11.9;5.9
16;2021-03-26;1916;97;43189;20540;12.4;5.9
16;2021-03-27;433;22;43622;20562;12.5;5.9
16;2021-03-28;0;0;43622;20562;12.5;5.9
16;2021-03-29;925;61;44547;20623;12.8;5.9
16;2021-03-30;1883;179;46430;20802;13.3;6.0
16;2021-03-31;1514;134;47944;20936;13.8;6.0
16;2021-04-01;2007;401;49951;21337;14.3;6.1
16;2021-04-02;1442;380;51393;21717;14.8;6.2
16;2021-04-03;288;5;51681;21722;14.8;6.2
16;2021-04-04;1;0;51682;21722;14.8;6.2
16;2021-04-05;2;0;51684;21722;14.8;6.2
16;2021-04-06;2013;544;53697;22266;15.4;6.4
16;2021-04-07;1952;402;55649;22668;16.0;6.5
16;2021-04-08;2824;590;58473;23258;16.8;6.7
16;2021-04-09;2694;554;61167;23812;17.6;6.8
16;2021-04-10;1290;37;62457;23849;17.9;6.8
16;2021-04-11;2;0;62459;23849;17.9;6.8
16;2021-04-12;1431;315;63890;24164;18.3;6.9
16;2021-04-13;2125;841;66015;25005;19.0;7.2
16;2021-04-14;1952;632;67967;25637;19.5;7.4
16;2021-04-15;2102;987;70069;26624;20.1;7.6
16;2021-04-16;2040;786;72109;27410;20.7;7.9
16;2021-04-17;1507;85;73616;27495;21.1;7.9
16;2021-04-18;197;3;73813;27498;21.2;7.9
16;2021-04-19;1440;524;75253;28022;21.6;8.0
16;2021-04-20;2054;1232;77307;29254;22.2;8.4
16;2021-04-21;1777;741;79084;29995;22.7;8.6
16;2021-04-22;2292;1004;81376;30999;23.4;8.9
16;2021-04-23;2361;1172;83737;32171;24.0;9.2
16;2021-04-24;829;37;84566;32208;24.3;9.3
16;2021-04-25;117;9;84683;32217;24.3;9.3
16;2021-04-26;1401;806;86084;33023;24.7;9.5
16;2021-04-27;2057;1417;88141;34440;25.3;9.9
16;2021-04-28;1590;1128;89731;35568;25.8;10.2
16;2021-04-29;2247;1497;91978;37065;26.4;10.6
16;2021-04-30;2856;1343;94834;38408;27.2;11.0
16;2021-05-01;353;60;95187;38468;27.3;11.0
16;2021-05-02;155;13;95342;38481;27.4;11.1
16;2021-05-03;2610;537;97952;39018;28.1;11.2
16;2021-05-04;2060;2046;100012;41064;28.7;11.8
16;2021-05-05;1689;1832;101701;42896;29.2;12.3
16;2021-05-06;1888;2243;103589;45139;29.8;13.0
16;2021-05-07;3070;2124;106659;47263;30.6;13.6
16;2021-05-08;1198;468;107857;47731;31.0;13.7
16;2021-05-09;530;26;108387;47757;31.1;13.7
16;2021-05-10;1932;1625;110319;49382;31.7;14.2
16;2021-05-11;2354;1961;112673;51343;32.4;14.7
16;2021-05-12;1732;1798;114405;53141;32.9;15.3
16;2021-05-13;1461;355;115866;53496;33.3;15.4
16;2021-05-14;1989;1562;117855;55058;33.8;15.8
16;2021-05-15;596;896;118451;55954;34.0;16.1
16;2021-05-16;132;6;118583;55960;34.1;16.1
16;2021-05-17;1609;1286;120192;57246;34.5;16.4
16;2021-05-18;2759;1421;122951;58667;35.3;16.8
16;2021-05-19;2005;1238;124956;59905;35.9;17.2
16;2021-05-20;2835;1387;127791;61292;36.7;17.6
16;2021-05-21;2945;1398;130736;62690;37.5;18.0
16;2021-05-22;412;711;131148;63401;37.7;18.2
16;2021-05-23;210;11;131358;63412;37.7;18.2
16;2021-05-24;1261;235;132619;63647;38.1;18.3
16;2021-05-25;2762;1460;135381;65107;38.9;18.7
16;2021-05-26;1834;1188;137215;66295;39.4;19.0
16;2021-05-27;2418;1583;139633;67878;40.1;19.5
16;2021-05-28;2897;1570;142530;69448;40.9;19.9
16;2021-05-29;814;882;143344;70330;41.2;20.2
16;2021-05-30;1;4;143345;70334;41.2;20.2
16;2021-05-31;1984;1104;145329;71438;41.7;20.5
16;2021-06-01;2344;1715;147673;73153;42.4;21.0
16;2021-06-02;1822;1504;149495;74657;42.9;21.4
16;2021-06-03;2622;1762;152117;76419;43.7;21.9
16;2021-06-04;2833;2032;154950;78451;44.5;22.5
16;2021-06-05;1006;549;155956;79000;44.8;22.7
16;2021-06-06;160;28;156116;79028;44.8;22.7
16;2021-06-07;1991;1282;158107;80310;45.4;23.1
16;2021-06-08;2396;1998;160503;82308;46.1;23.6
16;2021-06-09;2530;1615;163033;83923;46.8;24.1
16;2021-06-10;2571;2002;165604;85925;47.6;24.7
16;2021-06-11;2152;2736;167756;88661;48.2;25.5
16;2021-06-12;1614;517;169370;89178;48.6;25.6
16;2021-06-13;261;72;169631;89250;48.7;25.6
16;2021-06-14;796;2797;170427;92047;48.9;26.4
16;2021-06-15;1865;2624;172292;94671;49.5;27.2
16;2021-06-16;1577;2086;173869;96757;49.9;27.8
16;2021-06-17;2041;2511;175910;99268;50.5;28.5
16;2021-06-18;2062;3220;177972;102488;51.1;29.4
16;2021-06-19;1352;1313;179324;103801;51.5;29.8
16;2021-06-20;243;28;179567;103829;51.6;29.8
16;2021-06-21;1411;2173;180978;106002;52.0;30.4
16;2021-06-22;1674;2942;182652;108944;52.5;31.3
16;2021-06-23;1565;2020;184217;110964;52.9;31.9
16;2021-06-24;1926;2168;186143;113132;53.5;32.5
16;2021-06-25;1984;2726;188127;115858;54.0;33.3
16;2021-06-26;1061;724;189188;116582;54.3;33.5
16;2021-06-27;132;25;189320;116607;54.4;33.5
16;2021-06-28;1163;1965;190483;118572;54.7;34.1
16;2021-06-29;1281;3359;191764;121931;55.1;35.0
16;2021-06-30;1339;2711;193103;124642;55.5;35.8
16;2021-07-01;1862;3158;194965;127800;56.0;36.7
16;2021-07-02;1425;3581;196390;131381;56.4;37.7
16;2021-07-03;691;1112;197081;132493;56.6;38.1
16;2021-07-04;3;15;197084;132508;56.6;38.1
16;2021-07-05;813;2298;197897;134806;56.8;38.7
16;2021-07-06;1275;3366;199172;138172;57.2;39.7
16;2021-07-07;866;2275;200038;140447;57.5;40.3
16;2021-07-08;1232;2738;201270;143185;57.8;41.1
16;2021-07-09;1112;3713;202382;146898;58.1;42.2
16;2021-07-10;338;1339;202720;148237;58.2;42.6
16;2021-07-11;2;13;202722;148250;58.2;42.6
16;2021-07-12;634;2442;203356;150692;58.4;43.3
16;2021-07-13;1383;3529;204739;154221;58.8;44.3
16;2021-07-14;798;877;205537;155098;59.0;44.5
16;2021-07-15;1245;3410;206782;158508;59.4;45.5
16;2021-07-16;1494;3384;208276;161892;59.8;46.5
16;2021-07-17;537;1190;208813;163082;60.0;46.8
16;2021-07-18;13;6;208826;163088;60.0;46.8
16;2021-07-19;617;2857;209443;165945;60.2;47.7
16;2021-07-20;1121;3293;210564;169238;60.5;48.6
16;2021-07-21;1117;2621;211681;171859;60.8;49.4
16;2021-07-22;1865;2867;213546;174726;61.3;50.2
16;2021-07-23;1542;3547;215088;178273;61.8;51.2
16;2021-07-24;638;1213;215726;179486;62.0;51.5
16;2021-07-25;11;11;215737;179497;62.0;51.6
16;2021-07-26;1525;2128;217262;181625;62.4;52.2
16;2021-07-27;1849;2821;219111;184446;62.9;53.0
16;2021-07-28;1858;2320;220969;186766;63.5;53.6
16;2021-07-29;2235;2475;223204;189241;64.1;54.4
16;2021-07-30;2343;3113;225547;192354;64.8;55.2
16;2021-07-31;955;1354;226502;193708;65.1;55.6
16;2021-08-01;186;22;226688;193730;65.1;55.6
16;2021-08-02;2114;1828;228802;195558;65.7;56.2
16;2021-08-03;2109;2342;230911;197900;66.3;56.8
16;2021-08-04;2111;1885;233022;199785;66.9;57.4
16;2021-08-05;2754;1655;235776;201440;67.7;57.9
16;2021-08-06;2503;2362;238279;203802;68.4;58.5
16;2021-08-07;829;558;239108;204360;68.7;58.7
16;2021-08-08;34;37;239142;204397;68.7;58.7
16;2021-08-09;2176;1062;241318;205459;69.3;59.0
16;2021-08-10;2884;1585;244202;207044;70.1;59.5
16;2021-08-11;2593;1231;246795;208275;70.9;59.8
16;2021-08-12;1993;1735;248788;210010;71.5;60.3
16;2021-08-13;2650;1457;251438;211467;72.2;60.7
16;2021-08-14;753;449;252191;211916;72.4;60.9
16;2021-08-15;27;3;252218;211919;72.4;60.9
16;2021-08-16;1333;1581;253551;213500;72.8;61.3
17;2020-12-27;0;0;0;0;0.0;0.0
17;2020-12-28;0;0;0;0;0.0;0.0
17;2020-12-29;0;0;0;0;0.0;0.0
17;2020-12-30;1;0;1;0;0.0;0.0
17;2020-12-31;0;0;1;0;0.0;0.0
17;2021-01-01;1;0;2;0;0.0;0.0
17;2021-01-02;1;0;3;0;0.0;0.0
17;2021-01-03;0;0;3;0;0.0;0.0
17;2021-01-04;56;0;59;0;0.0;0.0
17;2021-01-05;98;0;157;0;0.0;0.0
17;2021-01-06;132;0;289;0;0.0;0.0
17;2021-01-07;485;1;774;1;0.1;0.0
17;2021-01-08;418;0;1192;1;0.2;0.0
17;2021-01-09;0;0;1192;1;0.2;0.0
17;2021-01-10;1;0;1193;1;0.2;0.0
17;2021-01-11;380;1;1573;2;0.2;0.0
17;2021-01-12;746;1;2319;3;0.4;0.0
17;2021-01-13;653;2;2972;5;0.5;0.0
17;2021-01-14;616;9;3588;14;0.6;0.0
17;2021-01-15;680;1;4268;15;0.7;0.0
17;2021-01-16;128;2;4396;17;0.7;0.0
17;2021-01-17;19;0;4415;17;0.7;0.0
17;2021-01-18;886;2;5301;19;0.8;0.0
17;2021-01-19;1910;3;7211;22;1.1;0.0
17;2021-01-20;2394;2;9605;24;1.5;0.0
17;2021-01-21;2497;2;12102;26;1.9;0.0
17;2021-01-22;1882;5;13984;31;2.2;0.0
17;2021-01-23;738;1;14722;32;2.3;0.0
17;2021-01-24;48;0;14770;32;2.3;0.0
17;2021-01-25;1383;5;16153;37;2.5;0.0
17;2021-01-26;2110;3;18263;40;2.8;0.0
17;2021-01-27;1674;33;19937;73;3.1;0.0
17;2021-01-28;2475;230;22412;303;3.5;0.0
17;2021-01-29;1738;221;24150;524;3.7;0.1
17;2021-01-30;528;5;24678;529;3.8;0.1
17;2021-01-31;37;2;24715;531;3.8;0.1
17;2021-02-01;740;211;25455;742;3.9;0.1
17;2021-02-02;1202;348;26657;1090;4.1;0.2
17;2021-02-03;1286;407;27943;1497;4.3;0.2
17;2021-02-04;1159;502;29102;1999;4.5;0.3
17;2021-02-05;603;757;29705;2756;4.6;0.4
17;2021-02-06;22;42;29727;2798;4.6;0.4
17;2021-02-07;31;13;29758;2811;4.6;0.4
17;2021-02-08;706;404;30464;3215;4.7;0.5
17;2021-02-09;1101;1318;31565;4533;4.9;0.7
17;2021-02-10;863;1284;32428;5817;5.0;0.9
17;2021-02-11;1240;1400;33668;7217;5.2;1.1
17;2021-02-12;772;968;34440;8185;5.3;1.3
17;2021-02-13;43;104;34483;8289;5.3;1.3
17;2021-02-14;1;10;34484;8299;5.3;1.3
17;2021-02-15;620;1225;35104;9524;5.4;1.5
17;2021-02-16;749;1832;35853;11356;5.5;1.8
17;2021-02-17;795;1358;36648;12714;5.7;2.0
17;2021-02-18;967;2185;37615;14899;5.8;2.3
17;2021-02-19;1068;1544;38683;16443;6.0;2.5
17;2021-02-20;104;310;38787;16753;6.0;2.6
17;2021-02-21;9;2;38796;16755;6.0;2.6
17;2021-02-22;646;1631;39442;18386;6.1;2.8
17;2021-02-23;781;1535;40223;19921;6.2;3.1
17;2021-02-24;1079;1590;41302;21511;6.4;3.3
17;2021-02-25;1085;1711;42387;23222;6.6;3.6
17;2021-02-26;1308;1296;43695;24518;6.8;3.8
17;2021-02-27;527;247;44222;24765;6.8;3.8
17;2021-02-28;19;9;44241;24774;6.8;3.8
17;2021-03-01;634;1043;44875;25817;6.9;4.0
17;2021-03-02;1093;872;45968;26689;7.1;4.1
17;2021-03-03;1619;799;47587;27488;7.4;4.2
17;2021-03-04;2425;1142;50012;28630;7.7;4.4
17;2021-03-05;2661;679;52673;29309;8.1;4.5
17;2021-03-06;1029;27;53702;29336;8.3;4.5
17;2021-03-07;183;47;53885;29383;8.3;4.5
17;2021-03-08;1014;833;54899;30216;8.5;4.7
17;2021-03-09;1746;615;56645;30831;8.8;4.8
17;2021-03-10;2047;642;58692;31473;9.1;4.9
17;2021-03-11;3226;1000;61918;32473;9.6;5.0
17;2021-03-12;3354;625;65272;33098;10.1;5.1
17;2021-03-13;1201;12;66473;33110;10.3;5.1
17;2021-03-14;32;0;66505;33110;10.3;5.1
17;2021-03-15;1241;994;67746;34104;10.5;5.3
17;2021-03-16;892;537;68638;34641;10.6;5.4
17;2021-03-17;1458;705;70096;35346;10.8;5.5
17;2021-03-18;1683;764;71779;36110;11.1;5.6
17;2021-03-19;2095;546;73874;36656;11.4;5.7
17;2021-03-20;1083;56;74957;36712;11.6;5.7
17;2021-03-21;36;43;74993;36755;11.6;5.7
17;2021-03-22;1577;689;76570;37444;11.8;5.8
17;2021-03-23;2492;580;79062;38024;12.2;5.9
17;2021-03-24;3544;852;82606;38876;12.8;6.0
17;2021-03-25;4711;642;87317;39518;13.5;6.1
17;2021-03-26;4943;473;92260;39991;14.3;6.2
17;2021-03-27;1737;69;93997;40060;14.5;6.2
17;2021-03-28;369;45;94366;40105;14.6;6.2
17;2021-03-29;2360;566;96726;40671;14.9;6.3
17;2021-03-30;2655;986;99381;41657;15.4;6.4
17;2021-03-31;3842;905;103223;42562;16.0;6.6
17;2021-04-01;4013;1161;107236;43723;16.6;6.8
17;2021-04-02;3706;833;110942;44556;17.1;6.9
17;2021-04-03;1151;187;112093;44743;17.3;6.9
17;2021-04-04;501;6;112594;44749;17.4;6.9
17;2021-04-05;444;128;113038;44877;17.5;6.9
17;2021-04-06;3481;1029;116519;45906;18.0;7.1
17;2021-04-07;4130;1155;120649;47061;18.6;7.3
17;2021-04-08;4569;1475;125218;48536;19.4;7.5
17;2021-04-09;6493;837;131711;49373;20.4;7.6
17;2021-04-10;2583;65;134294;49438;20.8;7.6
17;2021-04-11;787;16;135081;49454;20.9;7.6
17;2021-04-12;2888;1619;137969;51073;21.3;7.9
17;2021-04-13;4149;1286;142118;52359;22.0;8.1
17;2021-04-14;4418;1205;146536;53564;22.6;8.3
17;2021-04-15;4599;1138;151135;54702;23.4;8.5
17;2021-04-16;4297;1153;155432;55855;24.0;8.6
17;2021-04-17;1682;382;157114;56237;24.3;8.7
17;2021-04-18;472;81;157586;56318;24.4;8.7
17;2021-04-19;2341;2062;159927;58380;24.7;9.0
17;2021-04-20;2925;2553;162852;60933;25.2;9.4
17;2021-04-21;2973;1940;165825;62873;25.6;9.7
17;2021-04-22;3118;2359;168943;65232;26.1;10.1
17;2021-04-23;2446;2729;171389;67961;26.5;10.5
17;2021-04-24;1669;925;173058;68886;26.7;10.6
17;2021-04-25;665;246;173723;69132;26.8;10.7
17;2021-04-26;2576;2626;176299;71758;27.2;11.1
17;2021-04-27;3153;2674;179452;74432;27.7;11.5
17;2021-04-28;3100;2943;182552;77375;28.2;12.0
17;2021-04-29;4143;2861;186695;80236;28.9;12.4
17;2021-04-30;4355;2637;191050;82873;29.5;12.8
17;2021-05-01;848;542;191898;83415;29.7;12.9
17;2021-05-02;552;840;192450;84255;29.7;13.0
17;2021-05-03;2544;2957;194994;87212;30.1;13.5
17;2021-05-04;2318;3729;197312;90941;30.5;14.1
17;2021-05-05;2909;3702;200221;94643;30.9;14.6
17;2021-05-06;4122;3406;204343;98049;31.6;15.2
17;2021-05-07;4355;3632;208698;101681;32.3;15.7
17;2021-05-08;1305;754;210003;102435;32.5;15.8
17;2021-05-09;1309;705;211312;103140;32.7;15.9
17;2021-05-10;2727;3691;214039;106831;33.1;16.5
17;2021-05-11;3501;3996;217540;110827;33.6;17.1
17;2021-05-12;3530;3809;221070;114636;34.2;17.7
17;2021-05-13;2547;693;223617;115329;34.6;17.8
17;2021-05-14;3032;2395;226649;117724;35.0;18.2
17;2021-05-15;2128;663;228777;118387;35.4;18.3
17;2021-05-16;1735;317;230512;118704;35.6;18.3
17;2021-05-17;4289;2000;234801;120704;36.3;18.7
17;2021-05-18;4747;1637;239548;122341;37.0;18.9
17;2021-05-19;5067;1275;244615;123616;37.8;19.1
17;2021-05-20;4945;1950;249560;125566;38.6;19.4
17;2021-05-21;5000;1959;254560;127525;39.3;19.7
17;2021-05-22;2394;533;256954;128058;39.7;19.8
17;2021-05-23;1899;128;258853;128186;40.0;19.8
17;2021-05-24;1426;207;260279;128393;40.2;19.8
17;2021-05-25;4030;1771;264309;130164;40.8;20.1
17;2021-05-26;4367;2042;268676;132206;41.5;20.4
17;2021-05-27;5216;2135;273892;134341;42.3;20.8
17;2021-05-28;4467;3437;278359;137778;43.0;21.3
17;2021-05-29;1560;1705;279919;139483;43.3;21.6
17;2021-05-30;857;410;280776;139893;43.4;21.6
17;2021-05-31;2944;3013;283720;142906;43.8;22.1
17;2021-06-01;4296;2926;288016;145832;44.5;22.5
17;2021-06-02;4200;3174;292216;149006;45.2;23.0
17;2021-06-03;5056;3167;297272;152173;45.9;23.5
17;2021-06-04;4515;3855;301787;156028;46.6;24.1
17;2021-06-05;1990;1603;303777;157631;46.9;24.4
17;2021-06-06;850;733;304627;158364;47.1;24.5
17;2021-06-07;3139;4345;307766;162709;47.6;25.1
17;2021-06-08;3791;4496;311557;167205;48.1;25.8
17;2021-06-09;4347;3054;315904;170259;48.8;26.3
17;2021-06-10;4929;2793;320833;173052;49.6;26.7
17;2021-06-11;4789;3686;325622;176738;50.3;27.3
17;2021-06-12;1812;1402;327434;178140;50.6;27.5
17;2021-06-13;609;414;328043;178554;50.7;27.6
17;2021-06-14;2834;4536;330877;183090;51.1;28.3
17;2021-06-15;3623;4379;334500;187469;51.7;29.0
17;2021-06-16;4131;3688;338631;191157;52.3;29.5
17;2021-06-17;4367;4121;342998;195278;53.0;30.2
17;2021-06-18;4053;4436;347051;199714;53.6;30.9
17;2021-06-19;1450;1989;348501;201703;53.9;31.2
17;2021-06-20;595;1035;349096;202738;53.9;31.3
17;2021-06-21;2562;4371;351658;207109;54.3;32.0
17;2021-06-22;3528;4449;355186;211558;54.9;32.7
17;2021-06-23;3795;3988;358981;215546;55.5;33.3
17;2021-06-24;3598;3959;362579;219505;56.0;33.9
17;2021-06-25;2718;4985;365297;224490;56.5;34.7
17;2021-06-26;906;2335;366203;226825;56.6;35.1
17;2021-06-27;395;1903;366598;228728;56.7;35.3
17;2021-06-28;1522;5418;368120;234146;56.9;36.2
17;2021-06-29;1683;5889;369803;240035;57.1;37.1
17;2021-06-30;2031;5550;371834;245585;57.5;38.0
17;2021-07-01;2262;5557;374096;251142;57.8;38.8
17;2021-07-02;2485;5986;376581;257128;58.2;39.7
17;2021-07-03;626;2546;377207;259674;58.3;40.1
17;2021-07-04;155;1249;377362;260923;58.3;40.3
17;2021-07-05;1889;5179;379251;266102;58.6;41.1
17;2021-07-06;2126;5597;381377;271699;58.9;42.0
17;2021-07-07;2402;5495;383779;277194;59.3;42.8
17;2021-07-08;2912;5439;386691;282633;59.8;43.7
17;2021-07-09;2520;6080;389211;288713;60.1;44.6
17;2021-07-10;828;2474;390039;291187;60.3;45.0
17;2021-07-11;380;908;390419;292095;60.3;45.1
17;2021-07-12;2005;5623;392424;297718;60.6;46.0
17;2021-07-13;2365;6715;394789;304433;61.0;47.0
17;2021-07-14;69;71;394858;304504;61.0;47.1
17;2021-07-15;2189;6859;397047;311363;61.4;48.1
17;2021-07-16;2767;6974;399814;318337;61.8;49.2
17;2021-07-17;1005;2275;400819;320612;61.9;49.5
17;2021-07-18;312;1038;401131;321650;62.0;49.7
17;2021-07-19;2633;5911;403764;327561;62.4;50.6
17;2021-07-20;3301;6324;407065;333885;62.9;51.6
17;2021-07-21;3788;6031;410853;339916;63.5;52.5
17;2021-07-22;4239;6280;415092;346196;64.1;53.5
17;2021-07-23;3817;6572;418909;352768;64.7;54.5
17;2021-07-24;2065;1403;420974;354171;65.1;54.7
17;2021-07-25;1039;415;422013;354586;65.2;54.8
17;2021-07-26;3676;5429;425689;360015;65.8;55.6
17;2021-07-27;4682;5444;430371;365459;66.5;56.5
17;2021-07-28;5180;5176;435551;370635;67.3;57.3
17;2021-07-29;5142;5341;440693;375976;68.1;58.1
17;2021-07-30;5459;5570;446152;381546;68.9;59.0
17;2021-07-31;2102;1212;448254;382758;69.3;59.2
17;2021-08-01;1086;356;449340;383114;69.4;59.2
17;2021-08-02;4591;4387;453931;387501;70.2;59.9
17;2021-08-03;5709;4158;459640;391659;71.0;60.5
17;2021-08-04;6169;3367;465809;395026;72.0;61.0
17;2021-08-05;6346;3148;472155;398174;73.0;61.5
17;2021-08-06;5860;3598;478015;401772;73.9;62.1
17;2021-08-07;1968;863;479983;402635;74.2;62.2
17;2021-08-08;970;216;480953;402851;74.3;62.3
17;2021-08-09;3901;3692;484854;406543;74.9;62.8
17;2021-08-10;5053;3486;489907;410029;75.7;63.4
17;2021-08-11;4872;3805;494779;413834;76.5;64.0
17;2021-08-12;4849;3951;499628;417785;77.2;64.6
17;2021-08-13;4446;4129;504074;421914;77.9;65.2
17;2021-08-14;1224;1381;505298;423295;78.1;65.4
17;2021-08-15;400;371;505698;423666;78.2;65.5
17;2021-08-16;2799;4048;508497;427714;78.6;66.1
18;2020-12-27;0;0;0;0;0.0;0.0
18;2020-12-28;0;0;0;0;0.0;0.0
18;2020-12-29;0;0;0;0;0.0;0.0
18;2020-12-30;1;0;1;0;0.0;0.0
18;2020-12-31;0;0;1;0;0.0;0.0
18;2021-01-01;0;0;1;0;0.0;0.0
18;2021-01-02;0;0;1;0;0.0;0.0
18;2021-01-03;0;0;1;0;0.0;0.0
18;2021-01-04;3;0;4;0;0.0;0.0
18;2021-01-05;0;0;4;0;0.0;0.0
18;2021-01-06;1;0;5;0;0.0;0.0
18;2021-01-07;30;1;35;1;0.0;0.0
18;2021-01-08;65;0;100;1;0.0;0.0
18;2021-01-09;225;0;325;1;0.1;0.0
18;2021-01-10;146;0;471;1;0.2;0.0
18;2021-01-11;170;1;641;2;0.2;0.0
18;2021-01-12;372;0;1013;2;0.3;0.0
18;2021-01-13;270;2;1283;4;0.4;0.0
18;2021-01-14;269;2;1552;6;0.5;0.0
18;2021-01-15;332;2;1884;8;0.6;0.0
18;2021-01-16;288;3;2172;11;0.7;0.0
18;2021-01-17;1;0;2173;11;0.7;0.0
18;2021-01-18;290;0;2463;11;0.8;0.0
18;2021-01-19;1374;5;3837;16;1.3;0.0
18;2021-01-20;1239;1;5076;17;1.7;0.0
18;2021-01-21;963;0;6039;17;2.0;0.0
18;2021-01-22;780;1;6819;18;2.3;0.0
18;2021-01-23;249;2;7068;20;2.4;0.0
18;2021-01-24;0;0;7068;20;2.4;0.0
18;2021-01-25;509;0;7577;20;2.6;0.0
18;2021-01-26;395;1;7972;21;2.7;0.0
18;2021-01-27;390;2;8362;23;2.8;0.0
18;2021-01-28;566;8;8928;31;3.0;0.0
18;2021-01-29;492;72;9420;103;3.2;0.0
18;2021-01-30;433;167;9853;270;3.3;0.1
18;2021-01-31;82;121;9935;391;3.4;0.1
18;2021-02-01;328;142;10263;533;3.5;0.2
18;2021-02-02;506;244;10769;777;3.6;0.3
18;2021-02-03;398;204;11167;981;3.8;0.3
18;2021-02-04;630;226;11797;1207;4.0;0.4
18;2021-02-05;449;194;12246;1401;4.1;0.5
18;2021-02-06;283;103;12529;1504;4.2;0.5
18;2021-02-07;108;1;12637;1505;4.3;0.5
18;2021-02-08;268;230;12905;1735;4.4;0.6
18;2021-02-09;583;781;13488;2516;4.6;0.8
18;2021-02-10;740;698;14228;3214;4.8;1.1
18;2021-02-11;655;451;14883;3665;5.0;1.2
18;2021-02-12;501;326;15384;3991;5.2;1.3
18;2021-02-13;286;124;15670;4115;5.3;1.4
18;2021-02-14;364;98;16034;4213;5.4;1.4
18;2021-02-15;379;395;16413;4608;5.5;1.6
18;2021-02-16;399;401;16812;5009;5.7;1.7
18;2021-02-17;403;458;17215;5467;5.8;1.8
18;2021-02-18;344;540;17559;6007;5.9;2.0
18;2021-02-19;471;303;18030;6310;6.1;2.1
18;2021-02-20;720;240;18750;6550;6.3;2.2
18;2021-02-21;316;2;19066;6552;6.4;2.2
18;2021-02-22;217;372;19283;6924;6.5;2.3
18;2021-02-23;204;351;19487;7275;6.6;2.5
18;2021-02-24;240;271;19727;7546;6.7;2.5
18;2021-02-25;293;520;20020;8066;6.8;2.7
18;2021-02-26;582;235;20602;8301;7.0;2.8
18;2021-02-27;510;389;21112;8690;7.1;2.9
18;2021-02-28;7;68;21119;8758;7.1;3.0
18;2021-03-01;235;415;21354;9173;7.2;3.1
18;2021-03-02;284;520;21638;9693;7.3;3.3
18;2021-03-03;346;586;21984;10279;7.4;3.5
18;2021-03-04;475;573;22459;10852;7.6;3.7
18;2021-03-05;524;374;22983;11226;7.8;3.8
18;2021-03-06;1071;343;24054;11569;8.1;3.9
18;2021-03-07;7;140;24061;11709;8.1;4.0
18;2021-03-08;335;362;24396;12071;8.2;4.1
18;2021-03-09;409;369;24805;12440;8.4;4.2
18;2021-03-10;423;454;25228;12894;8.5;4.4
18;2021-03-11;518;422;25746;13316;8.7;4.5
18;2021-03-12;704;303;26450;13619;8.9;4.6
18;2021-03-13;1163;253;27613;13872;9.3;4.7
18;2021-03-14;301;214;27914;14086;9.4;4.8
18;2021-03-15;491;380;28405;14466;9.6;4.9
18;2021-03-16;392;315;28797;14781;9.7;5.0
18;2021-03-17;383;415;29180;15196;9.8;5.1
18;2021-03-18;512;230;29692;15426;10.0;5.2
18;2021-03-19;756;226;30448;15652;10.3;5.3
18;2021-03-20;986;620;31434;16272;10.6;5.5
18;2021-03-21;309;307;31743;16579;10.7;5.6
18;2021-03-22;601;297;32344;16876;10.9;5.7
18;2021-03-23;706;292;33050;17168;11.2;5.8
18;2021-03-24;1052;299;34102;17467;11.5;5.9
18;2021-03-25;1049;298;35151;17765;11.9;6.0
18;2021-03-26;1210;348;36361;18113;12.3;6.1
18;2021-03-27;1489;320;37850;18433;12.8;6.2
18;2021-03-28;215;0;38065;18433;12.8;6.2
18;2021-03-29;1102;196;39167;18629;13.2;6.3
18;2021-03-30;1084;304;40251;18933;13.6;6.4
18;2021-03-31;1305;254;41556;19187;14.0;6.5
18;2021-04-01;1376;344;42932;19531;14.5;6.6
18;2021-04-02;1229;310;44161;19841;14.9;6.7
18;2021-04-03;581;181;44742;20022;15.1;6.8
18;2021-04-04;71;5;44813;20027;15.1;6.8
18;2021-04-05;199;0;45012;20027;15.2;6.8
18;2021-04-06;1026;348;46038;20375;15.5;6.9
18;2021-04-07;1322;362;47360;20737;16.0;7.0
18;2021-04-08;1692;341;49052;21078;16.5;7.1
18;2021-04-09;1833;282;50885;21360;17.2;7.2
18;2021-04-10;2633;648;53518;22008;18.1;7.4
18;2021-04-11;1985;312;55503;22320;18.7;7.5
18;2021-04-12;1402;396;56905;22716;19.2;7.7
18;2021-04-13;1784;469;58689;23185;19.8;7.8
18;2021-04-14;1378;517;60067;23702;20.3;8.0
18;2021-04-15;1532;529;61599;24231;20.8;8.2
18;2021-04-16;1614;591;63213;24822;21.3;8.4
18;2021-04-17;1599;520;64812;25342;21.9;8.5
18;2021-04-18;377;232;65189;25574;22.0;8.6
18;2021-04-19;1316;592;66505;26166;22.4;8.8
18;2021-04-20;1445;709;67950;26875;22.9;9.1
18;2021-04-21;1271;908;69221;27783;23.4;9.4
18;2021-04-22;1403;701;70624;28484;23.8;9.6
18;2021-04-23;1386;738;72010;29222;24.3;9.9
18;2021-04-24;1355;1268;73365;30490;24.8;10.3
18;2021-04-25;288;216;73653;30706;24.8;10.4
18;2021-04-26;1205;949;74858;31655;25.3;10.7
18;2021-04-27;1545;762;76403;32417;25.8;10.9
18;2021-04-28;1357;874;77760;33291;26.2;11.2
18;2021-04-29;1848;734;79608;34025;26.9;11.5
18;2021-04-30;1570;996;81178;35021;27.4;11.8
18;2021-05-01;787;210;81965;35231;27.7;11.9
18;2021-05-02;806;60;82771;35291;27.9;11.9
18;2021-05-03;1627;1006;84398;36297;28.5;12.2
18;2021-05-04;1730;1282;86128;37579;29.1;12.7
18;2021-05-05;1735;1215;87863;38794;29.6;13.1
18;2021-05-06;2163;1363;90026;40157;30.4;13.5
18;2021-05-07;1233;1402;91259;41559;30.8;14.0
18;2021-05-08;994;1464;92253;43023;31.1;14.5
18;2021-05-09;501;2260;92754;45283;31.3;15.3
18;2021-05-10;1157;1507;93911;46790;31.7;15.8
18;2021-05-11;1696;1752;95607;48542;32.3;16.4
18;2021-05-12;1808;1492;97415;50034;32.9;16.9
18;2021-05-13;1061;370;98476;50404;33.2;17.0
18;2021-05-14;1347;946;99823;51350;33.7;17.3
18;2021-05-15;1810;1160;101633;52510;34.3;17.7
18;2021-05-16;538;582;102171;53092;34.5;17.9
18;2021-05-17;1245;1091;103416;54183;34.9;18.3
18;2021-05-18;2148;934;105564;55117;35.6;18.6
18;2021-05-19;2163;917;107727;56034;36.3;18.9
18;2021-05-20;2278;984;110005;57018;37.1;19.2
18;2021-05-21;1497;763;111502;57781;37.6;19.5
18;2021-05-22;1724;1073;113226;58854;38.2;19.9
18;2021-05-23;485;336;113711;59190;38.4;20.0
18;2021-05-24;462;292;114173;59482;38.5;20.1
18;2021-05-25;1844;1065;116017;60547;39.1;20.4
18;2021-05-26;2151;842;118168;61389;39.9;20.7
18;2021-05-27;2208;1231;120376;62620;40.6;21.1
18;2021-05-28;1713;1305;122089;63925;41.2;21.6
18;2021-05-29;2620;1662;124709;65587;42.1;22.1
18;2021-05-30;1483;505;126192;66092;42.6;22.3
18;2021-05-31;1786;694;127978;66786;43.2;22.5
18;2021-06-01;2040;949;130018;67735;43.9;22.9
18;2021-06-02;2009;1022;132027;68757;44.5;23.2
18;2021-06-03;2283;1197;134310;69954;45.3;23.6
18;2021-06-04;1909;1124;136219;71078;46.0;24.0
18;2021-06-05;2803;1448;139022;72526;46.9;24.5
18;2021-06-06;365;381;139387;72907;47.0;24.6
18;2021-06-07;1296;1233;140683;74140;47.5;25.0
18;2021-06-08;1491;1395;142174;75535;48.0;25.5
18;2021-06-09;1328;1067;143502;76602;48.4;25.8
18;2021-06-10;1632;1407;145134;78009;49.0;26.3
18;2021-06-11;1496;1406;146630;79415;49.5;26.8
18;2021-06-12;1244;2512;147874;81927;49.9;27.6
18;2021-06-13;126;262;148000;82189;49.9;27.7
18;2021-06-14;657;1827;148657;84016;50.2;28.3
18;2021-06-15;1093;1822;149750;85838;50.5;29.0
18;2021-06-16;1256;1441;151006;87279;50.9;29.4
18;2021-06-17;1205;1670;152211;88949;51.4;30.0
18;2021-06-18;1292;1666;153503;90615;51.8;30.6
18;2021-06-19;1564;1252;155067;91867;52.3;31.0
18;2021-06-20;247;159;155314;92026;52.4;31.0
18;2021-06-21;665;1601;155979;93627;52.6;31.6
18;2021-06-22;1069;1644;157048;95271;53.0;32.1
18;2021-06-23;944;1641;157992;96912;53.3;32.7
18;2021-06-24;1032;1062;159024;97974;53.7;33.1
18;2021-06-25;893;1744;159917;99718;54.0;33.6
18;2021-06-26;1098;1471;161015;101189;54.3;34.1
18;2021-06-27;30;372;161045;101561;54.3;34.3
18;2021-06-28;421;1924;161466;103485;54.5;34.9
18;2021-06-29;595;2381;162061;105866;54.7;35.7
18;2021-06-30;601;2545;162662;108411;54.9;36.6
18;2021-07-01;961;2156;163623;110567;55.2;37.3
18;2021-07-02;615;1685;164238;112252;55.4;37.9
18;2021-07-03;755;2576;164993;114828;55.7;38.7
18;2021-07-04;164;1033;165157;115861;55.7;39.1
18;2021-07-05;764;1877;165921;117738;56.0;39.7
18;2021-07-06;560;2304;166481;120042;56.2;40.5
18;2021-07-07;768;2115;167249;122157;56.4;41.2
18;2021-07-08;1031;1985;168280;124142;56.8;41.9
18;2021-07-09;704;2307;168984;126449;57.0;42.7
18;2021-07-10;780;3175;169764;129624;57.3;43.7
18;2021-07-11;80;665;169844;130289;57.3;44.0
18;2021-07-12;223;2251;170067;132540;57.4;44.7
18;2021-07-13;619;2909;170686;135449;57.6;45.7
18;2021-07-14;194;938;170880;136387;57.7;46.0
18;2021-07-15;1394;2816;172274;139203;58.1;47.0
18;2021-07-16;1176;2125;173450;141328;58.5;47.7
18;2021-07-17;1128;2474;174578;143802;58.9;48.5
18;2021-07-18;228;331;174806;144133;59.0;48.6
18;2021-07-19;1054;1658;175860;145791;59.3;49.2
18;2021-07-20;1624;2272;177484;148063;59.9;50.0
18;2021-07-21;1899;2063;179383;150126;60.5;50.6
18;2021-07-22;2211;1891;181594;152017;61.3;51.3
18;2021-07-23;1395;1613;182989;153630;61.7;51.8
18;2021-07-24;885;1535;183874;155165;62.0;52.3
18;2021-07-25;189;399;184063;155564;62.1;52.5
18;2021-07-26;1396;1506;185459;157070;62.6;53.0
18;2021-07-27;1810;1540;187269;158610;63.2;53.5
18;2021-07-28;2189;1798;189458;160408;63.9;54.1
18;2021-07-29;2136;1818;191594;162226;64.6;54.7
18;2021-07-30;1576;1343;193170;163569;65.2;55.2
18;2021-07-31;1234;1281;194404;164850;65.6;55.6
18;2021-08-01;89;34;194493;164884;65.6;55.6
18;2021-08-02;1404;764;195897;165648;66.1;55.9
18;2021-08-03;1712;1622;197609;167270;66.7;56.4
18;2021-08-04;2412;1097;200021;168367;67.5;56.8
18;2021-08-05;1520;1243;201541;169610;68.0;57.2
18;2021-08-06;1574;1139;203115;170749;68.5;57.6
18;2021-08-07;608;762;203723;171511;68.7;57.9
18;2021-08-08;48;60;203771;171571;68.7;57.9
18;2021-08-09;1102;872;204873;172443;69.1;58.2
18;2021-08-10;1204;1509;206077;173952;69.5;58.7
18;2021-08-11;1603;1497;207680;175449;70.1;59.2
18;2021-08-12;1548;1594;209228;177043;70.6;59.7
18;2021-08-13;1075;1165;210303;178208;71.0;60.1
18;2021-08-14;756;598;211059;178806;71.2;60.3
18;2021-08-15;35;17;211094;178823;71.2;60.3
18;2021-08-16;826;1197;211920;180020;71.5;60.7
19;2020-12-27;0;0;0;0;0.0;0.0
19;2020-12-28;0;0;0;0;0.0;0.0
19;2020-12-29;1;0;1;0;0.0;0.0
19;2020-12-30;0;0;1;0;0.0;0.0
19;2020-12-31;0;0;1;0;0.0;0.0
19;2021-01-01;0;0;1;0;0.0;0.0
19;2021-01-02;0;0;1;0;0.0;0.0
19;2021-01-03;0;0;1;0;0.0;0.0
19;2021-01-04;0;0;1;0;0.0;0.0
19;2021-01-05;0;0;1;0;0.0;0.0
19;2021-01-06;0;0;1;0;0.0;0.0
19;2021-01-07;343;1;344;1;0.1;0.0
19;2021-01-08;247;1;591;2;0.2;0.0
19;2021-01-09;1;0;592;2;0.2;0.0
19;2021-01-10;1;0;593;2;0.2;0.0
19;2021-01-11;38;0;631;2;0.3;0.0
19;2021-01-12;413;1;1044;3;0.4;0.0
19;2021-01-13;423;2;1467;5;0.6;0.0
19;2021-01-14;474;1;1941;6;0.8;0.0
19;2021-01-15;224;0;2165;6;0.9;0.0
19;2021-01-16;0;0;2165;6;0.9;0.0
19;2021-01-17;1;0;2166;6;0.9;0.0
19;2021-01-18;251;1;2417;7;1.0;0.0
19;2021-01-19;519;0;2936;7;1.2;0.0
19;2021-01-20;921;3;3857;10;1.6;0.0
19;2021-01-21;505;3;4362;13;1.8;0.0
19;2021-01-22;1317;4;5679;17;2.4;0.0
19;2021-01-23;281;0;5960;17;2.5;0.0
19;2021-01-24;36;0;5996;17;2.5;0.0
19;2021-01-25;233;0;6229;17;2.6;0.0
19;2021-01-26;607;4;6836;21;2.8;0.0
19;2021-01-27;334;3;7170;24;3.0;0.0
19;2021-01-28;297;251;7467;275;3.1;0.1
19;2021-01-29;347;60;7814;335;3.3;0.1
19;2021-01-30;130;24;7944;359;3.3;0.1
19;2021-01-31;41;0;7985;359;3.3;0.1
19;2021-02-01;158;95;8143;454;3.4;0.2
19;2021-02-02;303;429;8446;883;3.5;0.4
19;2021-02-03;284;244;8730;1127;3.6;0.5
19;2021-02-04;255;376;8985;1503;3.7;0.6
19;2021-02-05;310;76;9295;1579;3.9;0.7
19;2021-02-06;211;1;9506;1580;4.0;0.7
19;2021-02-07;48;1;9554;1581;4.0;0.7
19;2021-02-08;177;150;9731;1731;4.0;0.7
19;2021-02-09;333;275;10064;2006;4.2;0.8
19;2021-02-10;517;296;10581;2302;4.4;1.0
19;2021-02-11;412;323;10993;2625;4.6;1.1
19;2021-02-12;797;1168;11790;3793;4.9;1.6
19;2021-02-13;352;184;12142;3977;5.1;1.7
19;2021-02-14;98;13;12240;3990;5.1;1.7
19;2021-02-15;200;246;12440;4236;5.2;1.8
19;2021-02-16;385;171;12825;4407;5.3;1.8
19;2021-02-17;306;469;13131;4876;5.5;2.0
19;2021-02-18;174;510;13305;5386;5.5;2.2
19;2021-02-19;469;301;13774;5687;5.7;2.4
19;2021-02-20;133;208;13907;5895;5.8;2.5
19;2021-02-21;20;40;13927;5935;5.8;2.5
19;2021-02-22;220;210;14147;6145;5.9;2.6
19;2021-02-23;268;345;14415;6490;6.0;2.7
19;2021-02-24;361;209;14776;6699;6.1;2.8
19;2021-02-25;519;383;15295;7082;6.4;2.9
19;2021-02-26;395;318;15690;7400;6.5;3.1
19;2021-02-27;348;161;16038;7561;6.7;3.1
19;2021-02-28;68;36;16106;7597;6.7;3.2
19;2021-03-01;266;221;16372;7818;6.8;3.3
19;2021-03-02;428;259;16800;8077;7.0;3.4
19;2021-03-03;690;337;17490;8414;7.3;3.5
19;2021-03-04;825;352;18315;8766;7.6;3.6
19;2021-03-05;891;735;19206;9501;8.0;4.0
19;2021-03-06;1072;215;20278;9716;8.4;4.0
19;2021-03-07;463;37;20741;9753;8.6;4.1
19;2021-03-08;638;161;21379;9914;8.9;4.1
19;2021-03-09;835;246;22214;10160;9.2;4.2
19;2021-03-10;1155;319;23369;10479;9.7;4.4
19;2021-03-11;1273;308;24642;10787;10.3;4.5
19;2021-03-12;1137;405;25779;11192;10.7;4.7
19;2021-03-13;1111;167;26890;11359;11.2;4.7
19;2021-03-14;160;84;27050;11443;11.3;4.8
19;2021-03-15;699;137;27749;11580;11.5;4.8
19;2021-03-16;688;303;28437;11883;11.8;4.9
19;2021-03-17;837;280;29274;12163;12.2;5.1
19;2021-03-18;767;283;30041;12446;12.5;5.2
19;2021-03-19;1014;487;31055;12933;12.9;5.4
19;2021-03-20;782;131;31837;13064;13.2;5.4
19;2021-03-21;128;4;31965;13068;13.3;5.4
19;2021-03-22;548;176;32513;13244;13.5;5.5
19;2021-03-23;1044;232;33557;13476;14.0;5.6
19;2021-03-24;1171;373;34728;13849;14.4;5.8
19;2021-03-25;1188;414;35916;14263;14.9;5.9
19;2021-03-26;1323;277;37239;14540;15.5;6.0
19;2021-03-27;855;188;38094;14728;15.9;6.1
19;2021-03-28;63;60;38157;14788;15.9;6.2
19;2021-03-29;612;177;38769;14965;16.1;6.2
19;2021-03-30;971;344;39740;15309;16.5;6.4
19;2021-03-31;1157;499;40897;15808;17.0;6.6
19;2021-04-01;1492;427;42389;16235;17.6;6.8
19;2021-04-02;1006;525;43395;16760;18.1;7.0
19;2021-04-03;597;283;43992;17043;18.3;7.1
19;2021-04-04;130;3;44122;17046;18.4;7.1
19;2021-04-05;40;75;44162;17121;18.4;7.1
19;2021-04-06;736;603;44898;17724;18.7;7.4
19;2021-04-07;978;731;45876;18455;19.1;7.7
19;2021-04-08;1116;1017;46992;19472;19.6;8.1
19;2021-04-09;1641;612;48633;20084;20.2;8.4
19;2021-04-10;946;558;49579;20642;20.6;8.6
19;2021-04-11;558;75;50137;20717;20.9;8.6
19;2021-04-12;681;521;50818;21238;21.1;8.8
19;2021-04-13;915;578;51733;21816;21.5;9.1
19;2021-04-14;1336;841;53069;22657;22.1;9.4
19;2021-04-15;1229;872;54298;23529;22.6;9.8
19;2021-04-16;1503;820;55801;24349;23.2;10.1
19;2021-04-17;761;478;56562;24827;23.5;10.3
19;2021-04-18;660;69;57222;24896;23.8;10.4
19;2021-04-19;730;439;57952;25335;24.1;10.5
19;2021-04-20;978;748;58930;26083;24.5;10.9
19;2021-04-21;1271;700;60201;26783;25.0;11.1
19;2021-04-22;1190;895;61391;27678;25.5;11.5
19;2021-04-23;1128;1021;62519;28699;26.0;11.9
19;2021-04-24;679;674;63198;29373;26.3;12.2
19;2021-04-25;675;69;63873;29442;26.6;12.3
19;2021-04-26;1056;331;64929;29773;27.0;12.4
19;2021-04-27;1028;570;65957;30343;27.4;12.6
19;2021-04-28;1553;553;67510;30896;28.1;12.9
19;2021-04-29;1453;1194;68963;32090;28.7;13.4
19;2021-04-30;1877;1059;70840;33149;29.5;13.8
19;2021-05-01;670;168;71510;33317;29.8;13.9
19;2021-05-02;550;150;72060;33467;30.0;13.9
19;2021-05-03;854;547;72914;34014;30.3;14.2
19;2021-05-04;1025;708;73939;34722;30.8;14.4
19;2021-05-05;1255;741;75194;35463;31.3;14.8
19;2021-05-06;1127;1199;76321;36662;31.8;15.3
19;2021-05-07;1665;1189;77986;37851;32.4;15.7
19;2021-05-08;712;207;78698;38058;32.7;15.8
19;2021-05-09;487;545;79185;38603;32.9;16.1
19;2021-05-10;1164;670;80349;39273;33.4;16.3
19;2021-05-11;1637;859;81986;40132;34.1;16.7
19;2021-05-12;1945;1317;83931;41449;34.9;17.2
19;2021-05-13;571;242;84502;41691;35.2;17.3
19;2021-05-14;1646;987;86148;42678;35.8;17.8
19;2021-05-15;1443;591;87591;43269;36.4;18.0
19;2021-05-16;350;82;87941;43351;36.6;18.0
19;2021-05-17;1499;558;89440;43909;37.2;18.3
19;2021-05-18;1671;500;91111;44409;37.9;18.5
19;2021-05-19;2007;830;93118;45239;38.7;18.8
19;2021-05-20;1722;888;94840;46127;39.5;19.2
19;2021-05-21;1964;814;96804;46941;40.3;19.5
19;2021-05-22;1272;652;98076;47593;40.8;19.8
19;2021-05-23;324;130;98400;47723;40.9;19.9
19;2021-05-24;139;46;98539;47769;41.0;19.9
19;2021-05-25;1503;488;100042;48257;41.6;20.1
19;2021-05-26;1926;667;101968;48924;42.4;20.4
19;2021-05-27;1787;833;103755;49757;43.2;20.7
19;2021-05-28;1937;989;105692;50746;44.0;21.1
19;2021-05-29;1375;705;107067;51451;44.5;21.4
19;2021-05-30;191;497;107258;51948;44.6;21.6
19;2021-05-31;1199;537;108457;52485;45.1;21.8
19;2021-06-01;1282;884;109739;53369;45.7;22.2
19;2021-06-02;1817;958;111556;54327;46.4;22.6
19;2021-06-03;1447;1253;113003;55580;47.0;23.1
19;2021-06-04;1847;1354;114850;56934;47.8;23.7
19;2021-06-05;1210;815;116060;57749;48.3;24.0
19;2021-06-06;87;649;116147;58398;48.3;24.3
19;2021-06-07;922;934;117069;59332;48.7;24.7
19;2021-06-08;1104;907;118173;60239;49.2;25.1
19;2021-06-09;1328;1462;119501;61701;49.7;25.7
19;2021-06-10;1284;1581;120785;63282;50.3;26.3
19;2021-06-11;1314;1917;122099;65199;50.8;27.1
19;2021-06-12;1357;1317;123456;66516;51.4;27.7
19;2021-06-13;543;423;123999;66939;51.6;27.9
19;2021-06-14;736;1017;124735;67956;51.9;28.3
19;2021-06-15;979;1144;125714;69100;52.3;28.8
19;2021-06-16;1223;1363;126937;70463;52.8;29.3
19;2021-06-17;869;1792;127806;72255;53.2;30.1
19;2021-06-18;1057;2135;128863;74390;53.6;31.0
19;2021-06-19;918;1301;129781;75691;54.0;31.5
19;2021-06-20;395;327;130176;76018;54.2;31.6
19;2021-06-21;500;1076;130676;77094;54.4;32.1
19;2021-06-22;698;1490;131374;78584;54.7;32.7
19;2021-06-23;743;1985;132117;80569;55.0;33.5
19;2021-06-24;686;1663;132803;82232;55.3;34.2
19;2021-06-25;562;2216;133365;84448;55.5;35.1
19;2021-06-26;471;1738;133836;86186;55.7;35.9
19;2021-06-27;289;444;134125;86630;55.8;36.0
19;2021-06-28;315;1500;134440;88130;55.9;36.7
19;2021-06-29;352;1889;134792;90019;56.1;37.5
19;2021-06-30;795;2152;135587;92171;56.4;38.4
19;2021-07-01;361;2320;135948;94491;56.6;39.3
19;2021-07-02;781;2318;136729;96809;56.9;40.3
19;2021-07-03;513;1738;137242;98547;57.1;41.0
19;2021-07-04;1;73;137243;98620;57.1;41.0
19;2021-07-05;600;1015;137843;99635;57.4;41.5
19;2021-07-06;506;1540;138349;101175;57.6;42.1
19;2021-07-07;705;2045;139054;103220;57.9;42.9
19;2021-07-08;768;2148;139822;105368;58.2;43.8
19;2021-07-09;715;2658;140537;108026;58.5;44.9
19;2021-07-10;587;1709;141124;109735;58.7;45.7
19;2021-07-11;45;212;141169;109947;58.7;45.7
19;2021-07-12;447;1488;141616;111435;58.9;46.4
19;2021-07-13;679;1826;142295;113261;59.2;47.1
19;2021-07-14;202;273;142497;113534;59.3;47.2
19;2021-07-15;871;2051;143368;115585;59.7;48.1
19;2021-07-16;1228;2442;144596;118027;60.2;49.1
19;2021-07-17;702;1718;145298;119745;60.5;49.8
19;2021-07-18;363;669;145661;120414;60.6;50.1
19;2021-07-19;968;1405;146629;121819;61.0;50.7
19;2021-07-20;966;1675;147595;123494;61.4;51.4
19;2021-07-21;1073;1711;148668;125205;61.9;52.1
19;2021-07-22;1388;1852;150056;127057;62.4;52.9
19;2021-07-23;1779;1990;151835;129047;63.2;53.7
19;2021-07-24;906;1752;152741;130799;63.6;54.4
19;2021-07-25;158;513;152899;131312;63.6;54.6
19;2021-07-26;906;907;153805;132219;64.0;55.0
19;2021-07-27;1418;1113;155223;133332;64.6;55.5
19;2021-07-28;2039;1223;157262;134555;65.4;56.0
19;2021-07-29;1613;1202;158875;135757;66.1;56.5
19;2021-07-30;1900;1022;160775;136779;66.9;56.9
19;2021-07-31;1115;1014;161890;137793;67.4;57.3
19;2021-08-01;347;372;162237;138165;67.5;57.5
19;2021-08-02;1135;805;163372;138970;68.0;57.8
19;2021-08-03;1446;1046;164818;140016;68.6;58.3
19;2021-08-04;1973;759;166791;140775;69.4;58.6
19;2021-08-05;1620;950;168411;141725;70.1;59.0
19;2021-08-06;1959;1212;170370;142937;70.9;59.5
19;2021-08-07;1325;993;171695;143930;71.4;59.9
19;2021-08-08;184;232;171879;144162;71.5;60.0
19;2021-08-09;999;785;172878;144947;71.9;60.3
19;2021-08-10;1275;1007;174153;145954;72.5;60.7
19;2021-08-11;1346;1002;175499;146956;73.0;61.1
19;2021-08-12;1012;1277;176511;148233;73.4;61.7
19;2021-08-13;1167;1275;177678;149508;73.9;62.2
19;2021-08-14;973;1156;178651;150664;74.3;62.7
19;2021-08-15;30;54;178681;150718;74.3;62.7
19;2021-08-16;585;1026;179266;151744;74.6;63.1
21;2020-12-27;4;0;4;0;0.0;0.0
21;2020-12-28;2;0;6;0;0.0;0.0
21;2020-12-29;19;0;25;0;0.0;0.0
21;2020-12-30;22;0;47;0;0.0;0.0
21;2020-12-31;0;0;47;0;0.0;0.0
21;2021-01-01;0;0;47;0;0.0;0.0
21;2021-01-02;1;0;48;0;0.0;0.0
21;2021-01-03;1;0;49;0;0.0;0.0
21;2021-01-04;22;0;71;0;0.0;0.0
21;2021-01-05;250;2;321;2;0.1;0.0
21;2021-01-06;300;0;621;2;0.1;0.0
21;2021-01-07;387;0;1008;2;0.2;0.0
21;2021-01-08;455;2;1463;4;0.3;0.0
21;2021-01-09;252;0;1715;4;0.3;0.0
21;2021-01-10;1;0;1716;4;0.3;0.0
21;2021-01-11;624;1;2340;5;0.4;0.0
21;2021-01-12;655;0;2995;5;0.6;0.0
21;2021-01-13;702;2;3697;7;0.7;0.0
21;2021-01-14;1188;6;4885;13;0.9;0.0
21;2021-01-15;715;5;5600;18;1.1;0.0
21;2021-01-16;162;0;5762;18;1.1;0.0
21;2021-01-17;5;0;5767;18;1.1;0.0
21;2021-01-18;1315;5;7082;23;1.3;0.0
21;2021-01-19;1363;2;8445;25;1.6;0.0
21;2021-01-20;1295;45;9740;70;1.8;0.0
21;2021-01-21;1539;3;11279;73;2.1;0.0
21;2021-01-22;1243;5;12522;78;2.3;0.0
21;2021-01-23;487;0;13009;78;2.4;0.0
21;2021-01-24;122;0;13131;78;2.5;0.0
21;2021-01-25;924;18;14055;96;2.6;0.0
21;2021-01-26;1541;146;15596;242;2.9;0.0
21;2021-01-27;2044;156;17640;398;3.3;0.1
21;2021-01-28;1449;227;19089;625;3.6;0.1
21;2021-01-29;1022;212;20111;837;3.8;0.2
21;2021-01-30;469;31;20580;868;3.9;0.2
21;2021-01-31;97;3;20677;871;3.9;0.2
21;2021-02-01;452;287;21129;1158;4.0;0.2
21;2021-02-02;455;442;21584;1600;4.1;0.3
21;2021-02-03;441;282;22025;1882;4.1;0.4
21;2021-02-04;416;548;22441;2430;4.2;0.5
21;2021-02-05;489;524;22930;2954;4.3;0.6
21;2021-02-06;154;223;23084;3177;4.3;0.6
21;2021-02-07;2;2;23086;3179;4.3;0.6
21;2021-02-08;434;391;23520;3570;4.4;0.7
21;2021-02-09;514;521;24034;4091;4.5;0.8
21;2021-02-10;460;583;24494;4674;4.6;0.9
21;2021-02-11;484;754;24978;5428;4.7;1.0
21;2021-02-12;356;938;25334;6366;4.8;1.2
21;2021-02-13;360;323;25694;6689;4.8;1.3
21;2021-02-14;239;149;25933;6838;4.9;1.3
21;2021-02-15;121;1417;26054;8255;4.9;1.5
21;2021-02-16;206;1573;26260;9828;4.9;1.8
21;2021-02-17;398;1986;26658;11814;5.0;2.2
21;2021-02-18;602;1356;27260;13170;5.1;2.5
21;2021-02-19;216;1140;27476;14310;5.2;2.7
21;2021-02-20;122;429;27598;14739;5.2;2.8
21;2021-02-21;1;83;27599;14822;5.2;2.8
21;2021-02-22;82;779;27681;15601;5.2;2.9
21;2021-02-23;169;1041;27850;16642;5.2;3.1
21;2021-02-24;224;746;28074;17388;5.3;3.3
21;2021-02-25;646;835;28720;18223;5.4;3.4
21;2021-02-26;927;723;29647;18946;5.6;3.6
21;2021-02-27;535;302;30182;19248;5.7;3.6
21;2021-02-28;24;134;30206;19382;5.7;3.6
21;2021-03-01;679;630;30885;20012;5.8;3.8
21;2021-03-02;1055;552;31940;20564;6.0;3.9
21;2021-03-03;1164;442;33104;21006;6.2;3.9
21;2021-03-04;1683;519;34787;21525;6.5;4.0
21;2021-03-05;2197;660;36984;22185;6.9;4.2
21;2021-03-06;1591;194;38575;22379;7.2;4.2
21;2021-03-07;4;16;38579;22395;7.2;4.2
21;2021-03-08;772;446;39351;22841;7.4;4.3
21;2021-03-09;1569;569;40920;23410;7.7;4.4
21;2021-03-10;1626;562;42546;23972;8.0;4.5
21;2021-03-11;2191;693;44737;24665;8.4;4.6
21;2021-03-12;2901;433;47638;25098;8.9;4.7
21;2021-03-13;1932;187;49570;25285;9.3;4.7
21;2021-03-14;38;50;49608;25335;9.3;4.8
21;2021-03-15;1411;83;51019;25418;9.6;4.8
21;2021-03-16;1879;150;52898;25568;9.9;4.8
21;2021-03-17;1806;111;54704;25679;10.3;4.8
21;2021-03-18;2124;262;56828;25941;10.7;4.9
21;2021-03-19;1961;144;58789;26085;11.0;4.9
21;2021-03-20;1228;38;60017;26123;11.3;4.9
21;2021-03-21;2;0;60019;26123;11.3;4.9
21;2021-03-22;1555;90;61574;26213;11.6;4.9
21;2021-03-23;2694;101;64268;26314;12.1;4.9
21;2021-03-24;2890;158;67158;26472;12.6;5.0
21;2021-03-25;3732;239;70890;26711;13.3;5.0
21;2021-03-26;3656;202;74546;26913;14.0;5.1
21;2021-03-27;1731;57;76277;26970;14.3;5.1
21;2021-03-28;200;37;76477;27007;14.4;5.1
21;2021-03-29;1789;518;78266;27525;14.7;5.2
21;2021-03-30;2348;804;80614;28329;15.1;5.3
21;2021-03-31;2718;648;83332;28977;15.6;5.4
21;2021-04-01;2689;713;86021;29690;16.1;5.6
21;2021-04-02;2247;739;88268;30429;16.6;5.7
21;2021-04-03;1018;278;89286;30707;16.8;5.8
21;2021-04-04;2;12;89288;30719;16.8;5.8
21;2021-04-05;8;0;89296;30719;16.8;5.8
21;2021-04-06;1359;1136;90655;31855;17.0;6.0
21;2021-04-07;1749;970;92404;32825;17.3;6.2
21;2021-04-08;3215;1130;95619;33955;17.9;6.4
21;2021-04-09;3481;1185;99100;35140;18.6;6.6
21;2021-04-10;1377;740;100477;35880;18.9;6.7
21;2021-04-11;145;3;100622;35883;18.9;6.7
21;2021-04-12;1115;1350;101737;37233;19.1;7.0
21;2021-04-13;1657;1783;103394;39016;19.4;7.3
21;2021-04-14;1482;1471;104876;40487;19.7;7.6
21;2021-04-15;1903;1594;106779;42081;20.0;7.9
21;2021-04-16;2321;1312;109100;43393;20.5;8.1
21;2021-04-17;1018;970;110118;44363;20.7;8.3
21;2021-04-18;15;4;110133;44367;20.7;8.3
21;2021-04-19;1110;1323;111243;45690;20.9;8.6
21;2021-04-20;1240;1837;112483;47527;21.1;8.9
21;2021-04-21;1094;1721;113577;49248;21.3;9.2
21;2021-04-22;1275;2212;114852;51460;21.6;9.7
21;2021-04-23;1982;1722;116834;53182;21.9;10.0
21;2021-04-24;1002;871;117836;54053;22.1;10.1
21;2021-04-25;9;168;117845;54221;22.1;10.2
21;2021-04-26;1013;1599;118858;55820;22.3;10.5
21;2021-04-27;1839;1942;120697;57762;22.6;10.8
21;2021-04-28;2231;2224;122928;59986;23.1;11.3
21;2021-04-29;3135;2268;126063;62254;23.7;11.7
21;2021-04-30;3558;1865;129621;64119;24.3;12.0
21;2021-05-01;962;226;130583;64345;24.5;12.1
21;2021-05-02;2;5;130585;64350;24.5;12.1
21;2021-05-03;2082;1350;132667;65700;24.9;12.3
21;2021-05-04;2577;1650;135244;67350;25.4;12.6
21;2021-05-05;2248;1691;137492;69041;25.8;13.0
21;2021-05-06;3012;2242;140504;71283;26.4;13.4
21;2021-05-07;2806;2185;143310;73468;26.9;13.8
21;2021-05-08;1067;269;144377;73737;27.1;13.8
21;2021-05-09;26;176;144403;73913;27.1;13.9
21;2021-05-10;3170;1731;147573;75644;27.7;14.2
21;2021-05-11;4916;2008;152489;77652;28.6;14.6
21;2021-05-12;4804;1749;157293;79401;29.5;14.9
21;2021-05-13;3846;364;161139;79765;30.2;15.0
21;2021-05-14;5200;1470;166339;81235;31.2;15.2
21;2021-05-15;3429;649;169768;81884;31.9;15.4
21;2021-05-16;49;4;169817;81888;31.9;15.4
21;2021-05-17;4129;1260;173946;83148;32.6;15.6
21;2021-05-18;4360;1504;178306;84652;33.5;15.9
21;2021-05-19;3471;1130;181777;85782;34.1;16.1
21;2021-05-20;3899;1358;185676;87140;34.8;16.4
21;2021-05-21;3625;2155;189301;89295;35.5;16.8
21;2021-05-22;1669;769;190970;90064;35.8;16.9
21;2021-05-23;4;17;190974;90081;35.8;16.9
21;2021-05-24;1817;266;192791;90347;36.2;17.0
21;2021-05-25;2647;1968;195438;92315;36.7;17.3
21;2021-05-26;2605;2000;198043;94315;37.2;17.7
21;2021-05-27;4014;2111;202057;96426;37.9;18.1
21;2021-05-28;3572;2830;205629;99256;38.6;18.6
21;2021-05-29;1927;1467;207556;100723;38.9;18.9
21;2021-05-30;98;13;207654;100736;39.0;18.9
21;2021-05-31;2502;1783;210156;102519;39.4;19.2
21;2021-06-01;3454;2259;213610;104778;40.1;19.7
21;2021-06-02;2615;1766;216225;106544;40.6;20.0
21;2021-06-03;3147;2078;219372;108622;41.2;20.4
21;2021-06-04;3281;2590;222653;111212;41.8;20.9
21;2021-06-05;2925;1653;225578;112865;42.3;21.2
21;2021-06-06;51;85;225629;112950;42.3;21.2
21;2021-06-07;4313;1350;229942;114300;43.2;21.4
21;2021-06-08;4940;2143;234882;116443;44.1;21.9
21;2021-06-09;4501;1626;239383;118069;44.9;22.2
21;2021-06-10;3930;2597;243313;120666;45.7;22.6
21;2021-06-11;4166;3111;247479;123777;46.4;23.2
21;2021-06-12;2198;1608;249677;125385;46.9;23.5
21;2021-06-13;29;11;249706;125396;46.9;23.5
21;2021-06-14;2198;2569;251904;127965;47.3;24.0
21;2021-06-15;2962;3097;254866;131062;47.8;24.6
21;2021-06-16;2855;2614;257721;133676;48.4;25.1
21;2021-06-17;3422;3045;261143;136721;49.0;25.7
21;2021-06-18;2427;3801;263570;140522;49.5;26.4
21;2021-06-19;2044;1864;265614;142386;49.8;26.7
21;2021-06-20;26;13;265640;142399;49.8;26.7
21;2021-06-21;1841;3414;267481;145813;50.2;27.4
21;2021-06-22;1879;5832;269360;151645;50.5;28.5
21;2021-06-23;2027;5011;271387;156656;50.9;29.4
21;2021-06-24;2364;4664;273751;161320;51.4;30.3
21;2021-06-25;1528;5898;275279;167218;51.7;31.4
21;2021-06-26;1441;3901;276720;171119;51.9;32.1
21;2021-06-27;18;125;276738;171244;51.9;32.1
21;2021-06-28;1398;4018;278136;175262;52.2;32.9
21;2021-06-29;1636;4179;279772;179441;52.5;33.7
21;2021-06-30;1567;3376;281339;182817;52.8;34.3
21;2021-07-01;1661;4147;283000;186964;53.1;35.1
21;2021-07-02;2178;4227;285178;191191;53.5;35.9
21;2021-07-03;1093;2101;286271;193292;53.7;36.3
21;2021-07-04;37;55;286308;193347;53.7;36.3
21;2021-07-05;1607;3626;287915;196973;54.0;37.0
21;2021-07-06;1346;3588;289261;200561;54.3;37.6
21;2021-07-07;1454;3242;290715;203803;54.6;38.2
21;2021-07-08;1878;4160;292593;207963;54.9;39.0
21;2021-07-09;2075;4351;294668;212314;55.3;39.8
21;2021-07-10;1089;2546;295757;214860;55.5;40.3
21;2021-07-11;21;74;295778;214934;55.5;40.3
21;2021-07-12;1655;3728;297433;218662;55.8;41.0
21;2021-07-13;2307;4899;299740;223561;56.2;42.0
21;2021-07-14;2873;2014;302613;225575;56.8;42.3
21;2021-07-15;3810;4560;306423;230135;57.5;43.2
21;2021-07-16;3883;5253;310306;235388;58.2;44.2
21;2021-07-17;2769;4170;313075;239558;58.8;45.0
21;2021-07-18;157;81;313232;239639;58.8;45.0
21;2021-07-19;2378;4626;315610;244265;59.2;45.8
21;2021-07-20;2755;5494;318365;249759;59.7;46.9
21;2021-07-21;2897;4790;321262;254549;60.3;47.8
21;2021-07-22;3012;4727;324274;259276;60.9;48.7
21;2021-07-23;4341;4881;328615;264157;61.7;49.6
21;2021-07-24;3033;3013;331648;267170;62.2;50.1
21;2021-07-25;67;40;331715;267210;62.2;50.1
21;2021-07-26;2661;3585;334376;270795;62.7;50.8
21;2021-07-27;3381;3774;337757;274569;63.4;51.5
21;2021-07-28;3552;3345;341309;277914;64.0;52.2
21;2021-07-29;4098;3365;345407;281279;64.8;52.8
21;2021-07-30;4577;3341;349984;284620;65.7;53.4
21;2021-07-31;3404;2362;353388;286982;66.3;53.9
21;2021-08-01;328;57;353716;287039;66.4;53.9
21;2021-08-02;2524;3160;356240;290199;66.9;54.5
21;2021-08-03;2603;2765;358843;292964;67.3;55.0
21;2021-08-04;2351;2480;361194;295444;67.8;55.4
21;2021-08-05;2189;3080;363383;298524;68.2;56.0
21;2021-08-06;2465;3294;365848;301818;68.7;56.6
21;2021-08-07;1887;2648;367735;304466;69.0;57.1
21;2021-08-08;74;68;367809;304534;69.0;57.1
21;2021-08-09;1618;2926;369427;307460;69.3;57.7
21;2021-08-10;1396;2709;370823;310169;69.6;58.2
21;2021-08-11;1647;2440;372470;312609;69.9;58.7
21;2021-08-12;1118;2407;373588;315016;70.1;59.1
21;2021-08-13;1411;2730;374999;317746;70.4;59.6
21;2021-08-14;834;2426;375833;320172;70.5;60.1
21;2021-08-15;52;64;375885;320236;70.5;60.1
21;2021-08-16;1324;2811;377209;323047;70.8;60.6
22;2020-12-27;0;0;0;0;0.0;0.0
22;2020-12-28;0;0;0;0;0.0;0.0
22;2020-12-29;0;0;0;0;0.0;0.0
22;2020-12-30;0;0;0;0;0.0;0.0
22;2020-12-31;0;0;0;0;0.0;0.0
22;2021-01-01;0;0;0;0;0.0;0.0
22;2021-01-02;2;0;2;0;0.0;0.0
22;2021-01-03;0;0;2;0;0.0;0.0
22;2021-01-04;5;0;7;0;0.0;0.0
22;2021-01-05;61;0;68;0;0.0;0.0
22;2021-01-06;114;1;182;1;0.0;0.0
22;2021-01-07;67;0;249;1;0.0;0.0
22;2021-01-08;174;0;423;1;0.1;0.0
22;2021-01-09;1;0;424;1;0.1;0.0
22;2021-01-10;0;0;424;1;0.1;0.0
22;2021-01-11;234;3;658;4;0.1;0.0
22;2021-01-12;627;0;1285;4;0.2;0.0
22;2021-01-13;676;1;1961;5;0.3;0.0
22;2021-01-14;716;8;2677;13;0.4;0.0
22;2021-01-15;529;2;3206;15;0.5;0.0
22;2021-01-16;97;0;3303;15;0.6;0.0
22;2021-01-17;1;0;3304;15;0.6;0.0
22;2021-01-18;311;1;3615;16;0.6;0.0
22;2021-01-19;687;1;4302;17;0.7;0.0
22;2021-01-20;598;0;4900;17;0.8;0.0
22;2021-01-21;947;1;5847;18;1.0;0.0
22;2021-01-22;839;2;6686;20;1.1;0.0
22;2021-01-23;219;0;6905;20;1.2;0.0
22;2021-01-24;1;0;6906;20;1.2;0.0
22;2021-01-25;748;10;7654;30;1.3;0.0
22;2021-01-26;1016;59;8670;89;1.5;0.0
22;2021-01-27;3858;111;12528;200;2.1;0.0
22;2021-01-28;4511;85;17039;285;2.9;0.0
22;2021-01-29;1897;129;18936;414;3.2;0.1
22;2021-01-30;287;0;19223;414;3.2;0.1
22;2021-01-31;3;0;19226;414;3.2;0.1
22;2021-02-01;641;81;19867;495;3.3;0.1
22;2021-02-02;903;436;20770;931;3.5;0.2
22;2021-02-03;690;504;21460;1435;3.6;0.2
22;2021-02-04;965;636;22425;2071;3.8;0.3
22;2021-02-05;721;563;23146;2634;3.9;0.4
22;2021-02-06;249;0;23395;2634;3.9;0.4
22;2021-02-07;0;0;23395;2634;3.9;0.4
22;2021-02-08;531;133;23926;2767;4.0;0.5
22;2021-02-09;615;344;24541;3111;4.1;0.5
22;2021-02-10;425;201;24966;3312;4.2;0.6
22;2021-02-11;1086;324;26052;3636;4.4;0.6
22;2021-02-12;594;329;26646;3965;4.5;0.7
22;2021-02-13;319;78;26965;4043;4.5;0.7
22;2021-02-14;0;5;26965;4048;4.5;0.7
22;2021-02-15;672;429;27637;4477;4.6;0.8
22;2021-02-16;1041;704;28678;5181;4.8;0.9
22;2021-02-17;1202;2462;29880;7643;5.0;1.3
22;2021-02-18;2141;3008;32021;10651;5.4;1.8
22;2021-02-19;1636;1947;33657;12598;5.6;2.1
22;2021-02-20;479;213;34136;12811;5.7;2.1
22;2021-02-21;4;49;34140;12860;5.7;2.2
22;2021-02-22;403;721;34543;13581;5.8;2.3
22;2021-02-23;664;931;35207;14512;5.9;2.4
22;2021-02-24;695;944;35902;15456;6.0;2.6
22;2021-02-25;1202;1207;37104;16663;6.2;2.8
22;2021-02-26;1066;710;38170;17373;6.4;2.9
22;2021-02-27;563;286;38733;17659;6.5;3.0
22;2021-02-28;16;8;38749;17667;6.5;3.0
22;2021-03-01;958;526;39707;18193;6.7;3.1
22;2021-03-02;1205;877;40912;19070;6.9;3.2
22;2021-03-03;1325;863;42237;19933;7.1;3.3
22;2021-03-04;1600;931;43837;20864;7.4;3.5
22;2021-03-05;2106;808;45943;21672;7.7;3.6
22;2021-03-06;1113;298;47056;21970;7.9;3.7
22;2021-03-07;219;1;47275;21971;7.9;3.7
22;2021-03-08;1291;657;48566;22628;8.1;3.8
22;2021-03-09;1824;750;50390;23378;8.5;3.9
22;2021-03-10;1985;1004;52375;24382;8.8;4.1
22;2021-03-11;2373;1657;54748;26039;9.2;4.4
22;2021-03-12;3099;959;57847;26998;9.7;4.5
22;2021-03-13;1714;294;59561;27292;10.0;4.6
22;2021-03-14;245;23;59806;27315;10.0;4.6
22;2021-03-15;1618;566;61424;27881;10.3;4.7
22;2021-03-16;1601;853;63025;28734;10.6;4.8
22;2021-03-17;2646;700;65671;29434;11.0;4.9
22;2021-03-18;2553;1111;68224;30545;11.4;5.1
22;2021-03-19;3282;798;71506;31343;12.0;5.3
22;2021-03-20;2208;287;73714;31630;12.4;5.3
22;2021-03-21;16;0;73730;31630;12.4;5.3
22;2021-03-22;2364;364;76094;31994;12.8;5.4
22;2021-03-23;3143;785;79237;32779;13.3;5.5
22;2021-03-24;3484;684;82721;33463;13.9;5.6
22;2021-03-25;3961;602;86682;34065;14.5;5.7
22;2021-03-26;4003;480;90685;34545;15.2;5.8
22;2021-03-27;2088;180;92773;34725;15.6;5.8
22;2021-03-28;67;1;92840;34726;15.6;5.8
22;2021-03-29;2767;909;95607;35635;16.0;6.0
22;2021-03-30;3566;1154;99173;36789;16.6;6.2
22;2021-03-31;3675;1088;102848;37877;17.3;6.4
22;2021-04-01;4941;1123;107789;39000;18.1;6.5
22;2021-04-02;4392;1035;112181;40035;18.8;6.7
22;2021-04-03;1997;403;114178;40438;19.2;6.8
22;2021-04-04;37;0;114215;40438;19.2;6.8
22;2021-04-05;15;0;114230;40438;19.2;6.8
22;2021-04-06;3289;1139;117519;41577;19.7;7.0
22;2021-04-07;3426;1366;120945;42943;20.3;7.2
22;2021-04-08;4447;1321;125392;44264;21.0;7.4
22;2021-04-09;5185;1354;130577;45618;21.9;7.7
22;2021-04-10;2444;365;133021;45983;22.3;7.7
22;2021-04-11;485;10;133506;45993;22.4;7.7
22;2021-04-12;2985;1000;136491;46993;22.9;7.9
22;2021-04-13;3321;1517;139812;48510;23.5;8.1
22;2021-04-14;3168;2487;142980;50997;24.0;8.6
22;2021-04-15;3598;2435;146578;53432;24.6;9.0
22;2021-04-16;3632;2487;150210;55919;25.2;9.4
22;2021-04-17;1918;1787;152128;57706;25.5;9.7
22;2021-04-18;17;0;152145;57706;25.5;9.7
22;2021-04-19;3021;2148;155166;59854;26.0;10.0
22;2021-04-20;3307;2792;158473;62646;26.6;10.5
22;2021-04-21;3224;2732;161697;65378;27.1;11.0
22;2021-04-22;3593;3132;165290;68510;27.7;11.5
22;2021-04-23;3728;3171;169018;71681;28.3;12.0
22;2021-04-24;2001;1962;171019;73643;28.7;12.4
22;2021-04-25;17;0;171036;73643;28.7;12.4
22;2021-04-26;3210;2850;174246;76493;29.2;12.8
22;2021-04-27;3372;3143;177618;79636;29.8;13.4
22;2021-04-28;3489;3152;181107;82788;30.4;13.9
22;2021-04-29;4080;3271;185187;86059;31.1;14.4
22;2021-04-30;3906;3223;189093;89282;31.7;15.0
22;2021-05-01;60;69;189153;89351;31.7;15.0
22;2021-05-02;1237;60;190390;89411;31.9;15.0
22;2021-05-03;2030;2710;192420;92121;32.3;15.5
22;2021-05-04;2154;2900;194574;95021;32.6;15.9
22;2021-05-05;2052;3007;196626;98028;33.0;16.4
22;2021-05-06;2509;3497;199135;101525;33.4;17.0
22;2021-05-07;2831;3409;201966;104934;33.9;17.6
22;2021-05-08;45;121;202011;105055;33.9;17.6
22;2021-05-09;600;435;202611;105490;34.0;17.7
22;2021-05-10;4474;2728;207085;108218;34.7;18.2
22;2021-05-11;5104;2903;212189;111121;35.6;18.6
22;2021-05-12;6600;1022;218789;112143;36.7;18.8
22;2021-05-13;528;35;219317;112178;36.8;18.8
22;2021-05-14;6407;1085;225724;113263;37.9;19.0
22;2021-05-15;3987;428;229711;113691;38.5;19.1
22;2021-05-16;419;36;230130;113727;38.6;19.1
22;2021-05-17;5669;517;235799;114244;39.6;19.2
22;2021-05-18;6010;948;241809;115192;40.6;19.3
22;2021-05-19;6130;706;247939;115898;41.6;19.4
22;2021-05-20;6586;1375;254525;117273;42.7;19.7
22;2021-05-21;5894;1459;260419;118732;43.7;19.9
22;2021-05-22;4083;773;264502;119505;44.4;20.0
22;2021-05-23;407;15;264909;119520;44.4;20.0
22;2021-05-24;5307;221;270216;119741;45.3;20.1
22;2021-05-25;5636;1179;275852;120920;46.3;20.3
22;2021-05-26;4218;2809;280070;123729;47.0;20.8
22;2021-05-27;4505;3839;284575;127568;47.7;21.4
22;2021-05-28;4384;4438;288959;132006;48.5;22.1
22;2021-05-29;3045;1769;292004;133775;49.0;22.4
22;2021-05-30;19;7;292023;133782;49.0;22.4
22;2021-05-31;3655;3155;295678;136937;49.6;23.0
22;2021-06-01;3522;3691;299200;140628;50.2;23.6
22;2021-06-02;3084;3385;302284;144013;50.7;24.2
22;2021-06-03;3196;4100;305480;148113;51.2;24.8
22;2021-06-04;3370;4547;308850;152660;51.8;25.6
22;2021-06-05;3541;2025;312391;154685;52.4;25.9
22;2021-06-06;214;30;312605;154715;52.4;26.0
22;2021-06-07;3042;3256;315647;157971;52.9;26.5
22;2021-06-08;2796;3529;318443;161500;53.4;27.1
22;2021-06-09;2539;3508;320982;165008;53.8;27.7
22;2021-06-10;2518;4252;323500;169260;54.3;28.4
22;2021-06-11;2551;4228;326051;173488;54.7;29.1
22;2021-06-12;2413;1455;328464;174943;55.1;29.3
22;2021-06-13;133;1093;328597;176036;55.1;29.5
22;2021-06-14;2642;2467;331239;178503;55.6;29.9
22;2021-06-15;3097;3000;334336;181503;56.1;30.4
22;2021-06-16;3007;2813;337343;184316;56.6;30.9
22;2021-06-17;2564;3180;339907;187496;57.0;31.4
22;2021-06-18;3099;4113;343006;191609;57.5;32.1
22;2021-06-19;2985;1454;345991;193063;58.0;32.4
22;2021-06-20;155;8;346146;193071;58.1;32.4
22;2021-06-21;1779;5020;347925;198091;58.4;33.2
22;2021-06-22;2402;5554;350327;203645;58.8;34.2
22;2021-06-23;1282;6205;351609;209850;59.0;35.2
22;2021-06-24;2575;3915;354184;213765;59.4;35.9
22;2021-06-25;1562;6815;355746;220580;59.7;37.0
22;2021-06-26;784;3856;356530;224436;59.8;37.6
22;2021-06-27;4;512;356534;224948;59.8;37.7
22;2021-06-28;1052;5586;357586;230534;60.0;38.7
22;2021-06-29;1372;5958;358958;236492;60.2;39.7
22;2021-06-30;1128;5739;360086;242231;60.4;40.6
22;2021-07-01;1373;6039;361459;248270;60.6;41.6
22;2021-07-02;1707;6090;363166;254360;60.9;42.7
22;2021-07-03;1003;3821;364169;258181;61.1;43.3
22;2021-07-04;148;364;364317;258545;61.1;43.4
22;2021-07-05;1584;5803;365901;264348;61.4;44.3
22;2021-07-06;2302;5996;368203;270344;61.8;45.3
22;2021-07-07;2266;4933;370469;275277;62.1;46.2
22;2021-07-08;2497;5097;372966;280374;62.6;47.0
22;2021-07-09;2483;5380;375449;285754;63.0;47.9
22;2021-07-10;1797;3355;377246;289109;63.3;48.5
22;2021-07-11;484;72;377730;289181;63.4;48.5
22;2021-07-12;2312;4735;380042;293916;63.7;49.3
22;2021-07-13;3772;5052;383814;298968;64.4;50.1
22;2021-07-14;700;2497;384514;301465;64.5;50.6
22;2021-07-15;3819;4618;388333;306083;65.1;51.3
22;2021-07-16;3810;5289;392143;311372;65.8;52.2
22;2021-07-17;2540;3411;394683;314783;66.2;52.8
22;2021-07-18;566;86;395249;314869;66.3;52.8
22;2021-07-19;2746;4105;397995;318974;66.8;53.5
22;2021-07-20;3857;4136;401852;323110;67.4;54.2
22;2021-07-21;3959;3412;405811;326522;68.1;54.8
22;2021-07-22;4817;3707;410628;330229;68.9;55.4
22;2021-07-23;4417;4219;415045;334448;69.6;56.1
22;2021-07-24;2231;2616;417276;337064;70.0;56.5
22;2021-07-25;117;150;417393;337214;70.0;56.6
22;2021-07-26;2988;3918;420381;341132;70.5;57.2
22;2021-07-27;3653;4919;424034;346051;71.1;58.0
22;2021-07-28;3635;3647;427669;349698;71.7;58.7
22;2021-07-29;4241;3774;431910;353472;72.4;59.3
22;2021-07-30;3995;3976;435905;357448;73.1;60.0
22;2021-07-31;2376;2799;438281;360247;73.5;60.4
22;2021-08-01;114;152;438395;360399;73.5;60.5
22;2021-08-02;4613;2532;443008;362931;74.3;60.9
22;2021-08-03;4746;3420;447754;366351;75.1;61.4
22;2021-08-04;5718;2482;453472;368833;76.1;61.9
22;2021-08-05;4093;3802;457565;372635;76.7;62.5
22;2021-08-06;3625;3805;461190;376440;77.4;63.1
22;2021-08-07;2322;2264;463512;378704;77.7;63.5
22;2021-08-08;420;70;463932;378774;77.8;63.5
22;2021-08-09;2701;2698;466633;381472;78.3;64.0
22;2021-08-10;2694;3503;469327;384975;78.7;64.6
22;2021-08-11;2387;3118;471714;388093;79.1;65.1
22;2021-08-12;2147;3471;473861;391564;79.5;65.7
22;2021-08-13;1855;2968;475716;394532;79.8;66.2
22;2021-08-14;1248;1912;476964;396444;80.0;66.5
22;2021-08-15;83;198;477047;396642;80.0;66.5
22;2021-08-16;1456;3173;478503;399815;80.3;67.1
23;2020-12-27;0;0;0;0;0.0;0.0
23;2020-12-28;1;0;1;0;0.0;0.0
23;2020-12-29;0;0;1;0;0.0;0.0
23;2020-12-30;0;0;1;0;0.0;0.0
23;2020-12-31;0;0;1;0;0.0;0.0
23;2021-01-01;0;0;1;0;0.0;0.0
23;2021-01-02;1;0;2;0;0.0;0.0
23;2021-01-03;0;0;2;0;0.0;0.0
23;2021-01-04;1;0;3;0;0.0;0.0
23;2021-01-05;3;0;6;0;0.0;0.0
23;2021-01-06;10;0;16;0;0.0;0.0
23;2021-01-07;116;0;132;0;0.1;0.0
23;2021-01-08;116;0;248;0;0.2;0.0
23;2021-01-09;36;0;284;0;0.2;0.0
23;2021-01-10;1;0;285;0;0.2;0.0
23;2021-01-11;175;0;460;0;0.4;0.0
23;2021-01-12;234;1;694;1;0.6;0.0
23;2021-01-13;308;0;1002;1;0.9;0.0
23;2021-01-14;292;4;1294;5;1.1;0.0
23;2021-01-15;334;5;1628;10;1.4;0.0
23;2021-01-16;163;1;1791;11;1.5;0.0
23;2021-01-17;0;0;1791;11;1.5;0.0
23;2021-01-18;342;3;2133;14;1.8;0.0
23;2021-01-19;497;2;2630;16;2.3;0.0
23;2021-01-20;362;1;2992;17;2.6;0.0
23;2021-01-21;697;1;3689;18;3.2;0.0
23;2021-01-22;478;0;4167;18;3.6;0.0
23;2021-01-23;368;1;4535;19;3.9;0.0
23;2021-01-24;0;0;4535;19;3.9;0.0
23;2021-01-25;382;17;4917;36;4.2;0.0
23;2021-01-26;300;5;5217;41;4.5;0.0
23;2021-01-27;228;3;5445;44;4.7;0.0
23;2021-01-28;232;46;5677;90;4.9;0.1
23;2021-01-29;303;103;5980;193;5.1;0.2
23;2021-01-30;100;28;6080;221;5.2;0.2
23;2021-01-31;2;34;6082;255;5.2;0.2
23;2021-02-01;148;107;6230;362;5.4;0.3
23;2021-02-02;157;122;6387;484;5.5;0.4
23;2021-02-03;105;208;6492;692;5.6;0.6
23;2021-02-04;78;265;6570;957;5.7;0.8
23;2021-02-05;117;313;6687;1270;5.8;1.1
23;2021-02-06;14;168;6701;1438;5.8;1.2
23;2021-02-07;1;0;6702;1438;5.8;1.2
23;2021-02-08;125;218;6827;1656;5.9;1.4
23;2021-02-09;85;295;6912;1951;5.9;1.7
23;2021-02-10;91;282;7003;2233;6.0;1.9
23;2021-02-11;244;587;7247;2820;6.2;2.4
23;2021-02-12;174;284;7421;3104;6.4;2.7
23;2021-02-13;8;191;7429;3295;6.4;2.8
23;2021-02-14;8;0;7437;3295;6.4;2.8
23;2021-02-15;157;367;7594;3662;6.5;3.1
23;2021-02-16;103;442;7697;4104;6.6;3.5
23;2021-02-17;65;493;7762;4597;6.7;4.0
23;2021-02-18;142;370;7904;4967;6.8;4.3
23;2021-02-19;109;253;8013;5220;6.9;4.5
23;2021-02-20;2;93;8015;5313;6.9;4.6
23;2021-02-21;0;0;8015;5313;6.9;4.6
23;2021-02-22;104;212;8119;5525;7.0;4.8
23;2021-02-23;107;220;8226;5745;7.1;4.9
23;2021-02-24;176;168;8402;5913;7.2;5.1
23;2021-02-25;183;109;8585;6022;7.4;5.2
23;2021-02-26;287;166;8872;6188;7.6;5.3
23;2021-02-27;112;11;8984;6199;7.7;5.3
23;2021-02-28;1;31;8985;6230;7.7;5.4
23;2021-03-01;88;201;9073;6431;7.8;5.5
23;2021-03-02;229;132;9302;6563;8.0;5.6
23;2021-03-03;133;90;9435;6653;8.1;5.7
23;2021-03-04;307;138;9742;6791;8.4;5.8
23;2021-03-05;517;111;10259;6902;8.8;5.9
23;2021-03-06;494;6;10753;6908;9.2;5.9
23;2021-03-07;313;3;11066;6911;9.5;5.9
23;2021-03-08;197;72;11263;6983;9.7;6.0
23;2021-03-09;421;102;11684;7085;10.0;6.1
23;2021-03-10;348;39;12032;7124;10.3;6.1
23;2021-03-11;325;49;12357;7173;10.6;6.2
23;2021-03-12;618;33;12975;7206;11.2;6.2
23;2021-03-13;286;12;13261;7218;11.4;6.2
23;2021-03-14;47;34;13308;7252;11.4;6.2
23;2021-03-15;220;126;13528;7378;11.6;6.3
23;2021-03-16;192;90;13720;7468;11.8;6.4
23;2021-03-17;131;101;13851;7569;11.9;6.5
23;2021-03-18;193;98;14044;7667;12.1;6.6
23;2021-03-19;205;121;14249;7788;12.3;6.7
23;2021-03-20;630;37;14879;7825;12.8;6.7
23;2021-03-21;128;0;15007;7825;12.9;6.7
23;2021-03-22;265;148;15272;7973;13.1;6.9
23;2021-03-23;504;105;15776;8078;13.6;6.9
23;2021-03-24;423;124;16199;8202;13.9;7.1
23;2021-03-25;819;188;17018;8390;14.6;7.2
23;2021-03-26;734;194;17752;8584;15.3;7.4
23;2021-03-27;505;48;18257;8632;15.7;7.4
23;2021-03-28;3;9;18260;8641;15.7;7.4
23;2021-03-29;358;111;18618;8752;16.0;7.5
23;2021-03-30;537;177;19155;8929;16.5;7.7
23;2021-03-31;411;174;19566;9103;16.8;7.8
23;2021-04-01;600;170;20166;9273;17.3;8.0
23;2021-04-02;498;298;20664;9571;17.8;8.2
23;2021-04-03;715;44;21379;9615;18.4;8.3
23;2021-04-04;4;0;21383;9615;18.4;8.3
23;2021-04-05;2;3;21385;9618;18.4;8.3
23;2021-04-06;382;294;21767;9912;18.7;8.5
23;2021-04-07;706;308;22473;10220;19.3;8.8
23;2021-04-08;803;235;23276;10455;20.0;9.0
23;2021-04-09;939;359;24215;10814;20.8;9.3
23;2021-04-10;1097;110;25312;10924;21.8;9.4
23;2021-04-11;21;2;25333;10926;21.8;9.4
23;2021-04-12;692;235;26025;11161;22.4;9.6
23;2021-04-13;668;302;26693;11463;23.0;9.9
23;2021-04-14;586;175;27279;11638;23.5;10.0
23;2021-04-15;928;184;28207;11822;24.3;10.2
23;2021-04-16;902;208;29109;12030;25.0;10.3
23;2021-04-17;994;551;30103;12581;25.9;10.8
23;2021-04-18;3;136;30106;12717;25.9;10.9
23;2021-04-19;611;296;30717;13013;26.4;11.2
23;2021-04-20;721;289;31438;13302;27.0;11.4
23;2021-04-21;733;396;32171;13698;27.7;11.8
23;2021-04-22;657;473;32828;14171;28.2;12.2
23;2021-04-23;592;340;33420;14511;28.7;12.5
23;2021-04-24;855;448;34275;14959;29.5;12.9
23;2021-04-25;0;0;34275;14959;29.5;12.9
23;2021-04-26;615;252;34890;15211;30.0;13.1
23;2021-04-27;675;428;35565;15639;30.6;13.5
23;2021-04-28;628;275;36193;15914;31.1;13.7
23;2021-04-29;883;379;37076;16293;31.9;14.0
23;2021-04-30;719;787;37795;17080;32.5;14.7
23;2021-05-01;1228;40;39023;17120;33.6;14.7
23;2021-05-02;14;0;39037;17120;33.6;14.7
23;2021-05-03;431;520;39468;17640;33.9;15.2
23;2021-05-04;616;511;40084;18151;34.5;15.6
23;2021-05-05;538;711;40622;18862;34.9;16.2
23;2021-05-06;727;701;41349;19563;35.6;16.8
23;2021-05-07;683;642;42032;20205;36.2;17.4
23;2021-05-08;1409;587;43441;20792;37.4;17.9
23;2021-05-09;3;0;43444;20792;37.4;17.9
23;2021-05-10;555;656;43999;21448;37.8;18.4
23;2021-05-11;561;764;44560;22212;38.3;19.1
23;2021-05-12;720;661;45280;22873;38.9;19.7
23;2021-05-13;537;56;45817;22929;39.4;19.7
23;2021-05-14;788;459;46605;23388;40.1;20.1
23;2021-05-15;994;234;47599;23622;40.9;20.3
23;2021-05-16;0;0;47599;23622;40.9;20.3
23;2021-05-17;568;449;48167;24071;41.4;20.7
23;2021-05-18;776;292;48943;24363;42.1;21.0
23;2021-05-19;1050;257;49993;24620;43.0;21.2
23;2021-05-20;837;317;50830;24937;43.7;21.4
23;2021-05-21;1105;311;51935;25248;44.7;21.7
23;2021-05-22;739;125;52674;25373;45.3;21.8
23;2021-05-23;2;20;52676;25393;45.3;21.8
23;2021-05-24;362;164;53038;25557;45.6;22.0
23;2021-05-25;904;336;53942;25893;46.4;22.3
23;2021-05-26;1076;227;55018;26120;47.3;22.5
23;2021-05-27;931;433;55949;26553;48.1;22.8
23;2021-05-28;781;743;56730;27296;48.8;23.5
23;2021-05-29;638;1100;57368;28396;49.3;24.4
23;2021-05-30;6;63;57374;28459;49.3;24.5
23;2021-05-31;433;540;57807;28999;49.7;24.9
23;2021-06-01;582;827;58389;29826;50.2;25.7
23;2021-06-02;624;521;59013;30347;50.8;26.1
23;2021-06-03;707;550;59720;30897;51.4;26.6
23;2021-06-04;779;614;60499;31511;52.0;27.1
23;2021-06-05;546;777;61045;32288;52.5;27.8
23;2021-06-06;0;0;61045;32288;52.5;27.8
23;2021-06-07;393;696;61438;32984;52.8;28.4
23;2021-06-08;322;776;61760;33760;53.1;29.0
23;2021-06-09;284;649;62044;34409;53.4;29.6
23;2021-06-10;373;692;62417;35101;53.7;30.2
23;2021-06-11;381;808;62798;35909;54.0;30.9
23;2021-06-12;378;1264;63176;37173;54.3;32.0
23;2021-06-13;13;5;63189;37178;54.3;32.0
23;2021-06-14;235;590;63424;37768;54.5;32.5
23;2021-06-15;230;861;63654;38629;54.7;33.2
23;2021-06-16;362;581;64016;39210;55.1;33.7
23;2021-06-17;339;810;64355;40020;55.3;34.4
23;2021-06-18;355;767;64710;40787;55.7;35.1
23;2021-06-19;490;1522;65200;42309;56.1;36.4
23;2021-06-20;2;11;65202;42320;56.1;36.4
23;2021-06-21;205;620;65407;42940;56.3;36.9
23;2021-06-22;216;684;65623;43624;56.4;37.5
23;2021-06-23;221;750;65844;44374;56.6;38.2
23;2021-06-24;198;606;66042;44980;56.8;38.7
23;2021-06-25;303;816;66345;45796;57.1;39.4
23;2021-06-26;222;999;66567;46795;57.3;40.2
23;2021-06-27;3;0;66570;46795;57.3;40.2
23;2021-06-28;115;693;66685;47488;57.4;40.8
23;2021-06-29;189;823;66874;48311;57.5;41.6
23;2021-06-30;168;944;67042;49255;57.7;42.4
23;2021-07-01;168;869;67210;50124;57.8;43.1
23;2021-07-02;192;1070;67402;51194;58.0;44.0
23;2021-07-03;250;980;67652;52174;58.2;44.9
23;2021-07-04;1;0;67653;52174;58.2;44.9
23;2021-07-05;160;805;67813;52979;58.3;45.6
23;2021-07-06;213;1043;68026;54022;58.5;46.5
23;2021-07-07;210;853;68236;54875;58.7;47.2
23;2021-07-08;253;738;68489;55613;58.9;47.8
23;2021-07-09;274;1012;68763;56625;59.1;48.7
23;2021-07-10;234;644;68997;57269;59.3;49.3
23;2021-07-11;0;0;68997;57269;59.3;49.3
23;2021-07-12;232;702;69229;57971;59.5;49.9
23;2021-07-13;471;917;69700;58888;59.9;50.6
23;2021-07-14;212;320;69912;59208;60.1;50.9
23;2021-07-15;477;813;70389;60021;60.5;51.6
23;2021-07-16;764;569;71153;60590;61.2;52.1
23;2021-07-17;220;479;71373;61069;61.4;52.5
23;2021-07-18;0;1;71373;61070;61.4;52.5
23;2021-07-19;702;628;72075;61698;62.0;53.1
23;2021-07-20;633;567;72708;62265;62.5;53.6
23;2021-07-21;698;635;73406;62900;63.1;54.1
23;2021-07-22;940;437;74346;63337;63.9;54.5
23;2021-07-23;838;505;75184;63842;64.7;54.9
23;2021-07-24;1007;439;76191;64281;65.5;55.3
23;2021-07-25;11;16;76202;64297;65.5;55.3
23;2021-07-26;786;568;76988;64865;66.2;55.8
23;2021-07-27;908;437;77896;65302;67.0;56.2
23;2021-07-28;870;415;78766;65717;67.7;56.5
23;2021-07-29;1044;400;79810;66117;68.6;56.9
23;2021-07-30;941;523;80751;66640;69.5;57.3
23;2021-07-31;1162;307;81913;66947;70.5;57.6
23;2021-08-01;18;8;81931;66955;70.5;57.6
23;2021-08-02;663;506;82594;67461;71.0;58.0
23;2021-08-03;734;459;83328;67920;71.7;58.4
23;2021-08-04;607;296;83935;68216;72.2;58.7
23;2021-08-05;684;365;84619;68581;72.8;59.0
23;2021-08-06;416;484;85035;69065;73.1;59.4
23;2021-08-07;290;189;85325;69254;73.4;59.6
23;2021-08-08;143;38;85468;69292;73.5;59.6
23;2021-08-09;490;491;85958;69783;73.9;60.0
23;2021-08-10;435;609;86393;70392;74.3;60.5
23;2021-08-11;427;488;86820;70880;74.7;61.0
23;2021-08-12;510;567;87330;71447;75.1;61.4
23;2021-08-13;413;575;87743;72022;75.5;61.9
23;2021-08-14;287;387;88030;72409;75.7;62.3
23;2021-08-15;27;9;88057;72418;75.7;62.3
23;2021-08-16;271;713;88328;73131;76.0;62.9
24;2020-12-27;0;0;0;0;0.0;0.0
24;2020-12-28;0;0;0;0;0.0;0.0
24;2020-12-29;2;0;2;0;0.0;0.0
24;2020-12-30;1;0;3;0;0.0;0.0
24;2020-12-31;1;0;4;0;0.0;0.0
24;2021-01-01;0;0;4;0;0.0;0.0
24;2021-01-02;0;0;4;0;0.0;0.0
24;2021-01-03;0;0;4;0;0.0;0.0
24;2021-01-04;1;0;5;0;0.0;0.0
24;2021-01-05;1;0;6;0;0.0;0.0
24;2021-01-06;0;0;6;0;0.0;0.0
24;2021-01-07;190;0;196;0;0.0;0.0
24;2021-01-08;281;0;477;0;0.1;0.0
24;2021-01-09;185;0;662;0;0.2;0.0
24;2021-01-10;35;0;697;0;0.2;0.0
24;2021-01-11;269;0;966;0;0.2;0.0
24;2021-01-12;281;0;1247;0;0.3;0.0
24;2021-01-13;233;1;1480;1;0.4;0.0
24;2021-01-14;1013;15;2493;16;0.6;0.0
24;2021-01-15;605;6;3098;22;0.8;0.0
24;2021-01-16;87;0;3185;22;0.8;0.0
24;2021-01-17;2;1;3187;23;0.8;0.0
24;2021-01-18;299;0;3486;23;0.9;0.0
24;2021-01-19;467;1;3953;24;1.0;0.0
24;2021-01-20;553;0;4506;24;1.1;0.0
24;2021-01-21;644;5;5150;29;1.3;0.0
24;2021-01-22;514;0;5664;29;1.4;0.0
24;2021-01-23;151;1;5815;30;1.4;0.0
24;2021-01-24;2;0;5817;30;1.4;0.0
24;2021-01-25;441;0;6258;30;1.5;0.0
24;2021-01-26;636;66;6894;96;1.7;0.0
24;2021-01-27;1263;12;8157;108;2.0;0.0
24;2021-01-28;983;129;9140;237;2.2;0.1
24;2021-01-29;932;139;10072;376;2.5;0.1
24;2021-01-30;282;1;10354;377;2.5;0.1
24;2021-01-31;0;0;10354;377;2.5;0.1
24;2021-02-01;377;173;10731;550;2.6;0.1
24;2021-02-02;614;313;11345;863;2.8;0.2
24;2021-02-03;651;491;11996;1354;2.9;0.3
24;2021-02-04;976;391;12972;1745;3.2;0.4
24;2021-02-05;685;434;13657;2179;3.3;0.5
24;2021-02-06;140;35;13797;2214;3.4;0.5
24;2021-02-07;33;1;13830;2215;3.4;0.5
24;2021-02-08;309;236;14139;2451;3.5;0.6
24;2021-02-09;451;230;14590;2681;3.6;0.7
24;2021-02-10;373;110;14963;2791;3.7;0.7
24;2021-02-11;561;515;15524;3306;3.8;0.8
24;2021-02-12;495;392;16019;3698;3.9;0.9
24;2021-02-13;202;45;16221;3743;4.0;0.9
24;2021-02-14;89;0;16310;3743;4.0;0.9
24;2021-02-15;187;241;16497;3984;4.0;1.0
24;2021-02-16;334;522;16831;4506;4.1;1.1
24;2021-02-17;578;849;17409;5355;4.3;1.3
24;2021-02-18;442;731;17851;6086;4.4;1.5
24;2021-02-19;461;678;18312;6764;4.5;1.7
24;2021-02-20;163;143;18475;6907;4.5;1.7
24;2021-02-21;109;0;18584;6907;4.6;1.7
24;2021-02-22;426;529;19010;7436;4.7;1.8
24;2021-02-23;562;682;19572;8118;4.8;2.0
24;2021-02-24;537;832;20109;8950;4.9;2.2
24;2021-02-25;726;866;20835;9816;5.1;2.4
24;2021-02-26;975;972;21810;10788;5.3;2.6
24;2021-02-27;363;265;22173;11053;5.4;2.7
24;2021-02-28;25;4;22198;11057;5.4;2.7
24;2021-03-01;292;371;22490;11428;5.5;2.8
24;2021-03-02;538;417;23028;11845;5.6;2.9
24;2021-03-03;680;342;23708;12187;5.8;3.0
24;2021-03-04;914;508;24622;12695;6.0;3.1
24;2021-03-05;1065;566;25687;13261;6.3;3.2
24;2021-03-06;1126;142;26813;13403;6.6;3.3
24;2021-03-07;232;62;27045;13465;6.6;3.3
24;2021-03-08;531;257;27576;13722;6.8;3.4
24;2021-03-09;1174;443;28750;14165;7.0;3.5
24;2021-03-10;1141;451;29891;14616;7.3;3.6
24;2021-03-11;1603;462;31494;15078;7.7;3.7
24;2021-03-12;2050;440;33544;15518;8.2;3.8
24;2021-03-13;1344;200;34888;15718;8.5;3.8
24;2021-03-14;141;93;35029;15811;8.6;3.9
24;2021-03-15;952;170;35981;15981;8.8;3.9
24;2021-03-16;1144;231;37125;16212;9.1;4.0
24;2021-03-17;1215;286;38340;16498;9.4;4.0
24;2021-03-18;1056;558;39396;17056;9.6;4.2
24;2021-03-19;1252;538;40648;17594;10.0;4.3
24;2021-03-20;1055;150;41703;17744;10.2;4.3
24;2021-03-21;25;11;41728;17755;10.2;4.3
24;2021-03-22;1223;423;42951;18178;10.5;4.5
24;2021-03-23;1880;399;44831;18577;11.0;4.5
24;2021-03-24;1888;387;46719;18964;11.4;4.6
24;2021-03-25;1989;467;48708;19431;11.9;4.8
24;2021-03-26;2374;284;51082;19715;12.5;4.8
24;2021-03-27;1350;41;52432;19756;12.8;4.8
24;2021-03-28;63;9;52495;19765;12.9;4.8
24;2021-03-29;1673;326;54168;20091;13.3;4.9
24;2021-03-30;2408;395;56576;20486;13.9;5.0
24;2021-03-31;2181;311;58757;20797;14.4;5.1
24;2021-04-01;2195;312;60952;21109;14.9;5.2
24;2021-04-02;2072;395;63024;21504;15.4;5.3
24;2021-04-03;1375;122;64399;21626;15.8;5.3
24;2021-04-04;74;1;64473;21627;15.8;5.3
24;2021-04-05;947;58;65420;21685;16.0;5.3
24;2021-04-06;2351;700;67771;22385;16.6;5.5
24;2021-04-07;2717;690;70488;23075;17.3;5.7
24;2021-04-08;3006;961;73494;24036;18.0;5.9
24;2021-04-09;3487;1004;76981;25040;18.8;6.1
24;2021-04-10;2593;311;79574;25351;19.5;6.2
24;2021-04-11;1102;19;80676;25370;19.8;6.2
24;2021-04-12;2498;817;83174;26187;20.4;6.4
24;2021-04-13;2902;1201;86076;27388;21.1;6.7
24;2021-04-14;2937;1190;89013;28578;21.8;7.0
24;2021-04-15;2792;1096;91805;29674;22.5;7.3
24;2021-04-16;3266;968;95071;30642;23.3;7.5
24;2021-04-17;2271;501;97342;31143;23.8;7.6
24;2021-04-18;424;6;97766;31149;23.9;7.6
24;2021-04-19;1599;1011;99365;32160;24.3;7.9
24;2021-04-20;2267;1429;101632;33589;24.9;8.2
24;2021-04-21;2145;1442;103777;35031;25.4;8.6
24;2021-04-22;2061;1259;105838;36290;25.9;8.9
24;2021-04-23;1957;1331;107795;37621;26.4;9.2
24;2021-04-24;862;725;108657;38346;26.6;9.4
24;2021-04-25;54;4;108711;38350;26.6;9.4
24;2021-04-26;1296;1480;110007;39830;26.9;9.8
24;2021-04-27;1852;1881;111859;41711;27.4;10.2
24;2021-04-28;1505;1957;113364;43668;27.8;10.7
24;2021-04-29;1728;1890;115092;45558;28.2;11.2
24;2021-04-30;2270;1777;117362;47335;28.7;11.6
24;2021-05-01;2056;1067;119418;48402;29.2;11.9
24;2021-05-02;1923;212;121341;48614;29.7;11.9
24;2021-05-03;1475;1834;122816;50448;30.1;12.4
24;2021-05-04;2228;2293;125044;52741;30.6;12.9
24;2021-05-05;1890;2723;126934;55464;31.1;13.6
24;2021-05-06;1889;2786;128823;58250;31.5;14.3
24;2021-05-07;2264;2789;131087;61039;32.1;14.9
24;2021-05-08;1284;1152;132371;62191;32.4;15.2
24;2021-05-09;1166;901;133537;63092;32.7;15.4
24;2021-05-10;1095;2627;134632;65719;33.0;16.1
24;2021-05-11;2040;2800;136672;68519;33.5;16.8
24;2021-05-12;1924;2255;138596;70774;33.9;17.3
24;2021-05-13;1465;1215;140061;71989;34.3;17.6
24;2021-05-14;2378;1332;142439;73321;34.9;18.0
24;2021-05-15;2047;816;144486;74137;35.4;18.2
24;2021-05-16;1171;347;145657;74484;35.7;18.2
24;2021-05-17;2242;1254;147899;75738;36.2;18.5
24;2021-05-18;2481;1819;150380;77557;36.8;19.0
24;2021-05-19;2285;1377;152665;78934;37.4;19.3
24;2021-05-20;2373;1580;155038;80514;38.0;19.7
24;2021-05-21;2433;1413;157471;81927;38.6;20.1
24;2021-05-22;1719;406;159190;82333;39.0;20.2
24;2021-05-23;952;72;160142;82405;39.2;20.2
24;2021-05-24;1514;335;161656;82740;39.6;20.3
24;2021-05-25;2297;1385;163953;84125;40.1;20.6
24;2021-05-26;2149;1316;166102;85441;40.7;20.9
24;2021-05-27;1748;2195;167850;87636;41.1;21.5
24;2021-05-28;2145;2006;169995;89642;41.6;21.9
24;2021-05-29;1152;2091;171147;91733;41.9;22.5
24;2021-05-30;1418;171;172565;91904;42.3;22.5
24;2021-05-31;1743;1365;174308;93269;42.7;22.8
24;2021-06-01;2583;1977;176891;95246;43.3;23.3
24;2021-06-02;2652;1785;179543;97031;44.0;23.8
24;2021-06-03;2290;1464;181833;98495;44.5;24.1
24;2021-06-04;2381;1898;184214;100393;45.1;24.6
24;2021-06-05;2007;1417;186221;101810;45.6;24.9
24;2021-06-06;767;223;186988;102033;45.8;25.0
24;2021-06-07;1432;1496;188420;103529;46.1;25.4
24;2021-06-08;1678;1907;190098;105436;46.5;25.8
24;2021-06-09;1323;1597;191421;107033;46.9;26.2
24;2021-06-10;1574;1910;192995;108943;47.3;26.7
24;2021-06-11;1330;2082;194325;111025;47.6;27.2
24;2021-06-12;1123;2545;195448;113570;47.9;27.8
24;2021-06-13;1238;922;196686;114492;48.2;28.0
24;2021-06-14;1165;1858;197851;116350;48.4;28.5
24;2021-06-15;1486;2992;199337;119342;48.8;29.2
24;2021-06-16;1670;2732;201007;122074;49.2;29.9
24;2021-06-17;1544;2182;202551;124256;49.6;30.4
24;2021-06-18;1400;2863;203951;127119;49.9;31.1
24;2021-06-19;1276;1520;205227;128639;50.3;31.5
24;2021-06-20;514;500;205741;129139;50.4;31.6
24;2021-06-21;931;1835;206672;130974;50.6;32.1
24;2021-06-22;1453;2592;208125;133566;51.0;32.7
24;2021-06-23;1427;2421;209552;135987;51.3;33.3
24;2021-06-24;1134;1913;210686;137900;51.6;33.8
24;2021-06-25;967;2817;211653;140717;51.8;34.5
24;2021-06-26;864;2103;212517;142820;52.0;35.0
24;2021-06-27;402;978;212919;143798;52.1;35.2
24;2021-06-28;817;2483;213736;146281;52.3;35.8
24;2021-06-29;941;2869;214677;149150;52.6;36.5
24;2021-06-30;1112;2460;215789;151610;52.8;37.1
24;2021-07-01;1131;2299;216920;153909;53.1;37.7
24;2021-07-02;1097;2743;218017;156652;53.4;38.4
24;2021-07-03;812;1902;218829;158554;53.6;38.8
24;2021-07-04;410;1013;219239;159567;53.7;39.1
24;2021-07-05;792;2315;220031;161882;53.9;39.6
24;2021-07-06;877;3357;220908;165239;54.1;40.5
24;2021-07-07;1083;3041;221991;168280;54.4;41.2
24;2021-07-08;1341;2119;223332;170399;54.7;41.7
24;2021-07-09;1176;3218;224508;173617;55.0;42.5
24;2021-07-10;480;1964;224988;175581;55.1;43.0
24;2021-07-11;587;1188;225575;176769;55.2;43.3
24;2021-07-12;897;2520;226472;179289;55.5;43.9
24;2021-07-13;1323;3214;227795;182503;55.8;44.7
24;2021-07-14;613;1188;228408;183691;55.9;45.0
24;2021-07-15;1690;2776;230098;186467;56.3;45.7
24;2021-07-16;2147;2596;232245;189063;56.9;46.3
24;2021-07-17;1525;2234;233770;191297;57.2;46.8
24;2021-07-18;708;886;234478;192183;57.4;47.1
24;2021-07-19;1572;2187;236050;194370;57.8;47.6
24;2021-07-20;2010;2446;238060;196816;58.3;48.2
24;2021-07-21;1871;2330;239931;199146;58.8;48.8
24;2021-07-22;2340;2447;242271;201593;59.3;49.4
24;2021-07-23;2297;2625;244568;204218;59.9;50.0
24;2021-07-24;1805;1542;246373;205760;60.3;50.4
24;2021-07-25;810;871;247183;206631;60.5;50.6
24;2021-07-26;1565;2019;248748;208650;60.9;51.1
24;2021-07-27;2828;2281;251576;210931;61.6;51.6
24;2021-07-28;2724;1936;254300;212867;62.3;52.1
24;2021-07-29;3040;2231;257340;215098;63.0;52.7
24;2021-07-30;2457;1914;259797;217012;63.6;53.1
24;2021-07-31;1636;1556;261433;218568;64.0;53.5
24;2021-08-01;1110;652;262543;219220;64.3;53.7
24;2021-08-02;1939;1624;264482;220844;64.8;54.1
24;2021-08-03;2878;1911;267360;222755;65.5;54.5
24;2021-08-04;3073;1621;270433;224376;66.2;54.9
24;2021-08-05;3022;1434;273455;225810;67.0;55.3
24;2021-08-06;2532;1532;275987;227342;67.6;55.7
24;2021-08-07;1777;1114;277764;228456;68.0;55.9
24;2021-08-08;1098;677;278862;229133;68.3;56.1
24;2021-08-09;1723;1385;280585;230518;68.7;56.4
24;2021-08-10;2262;1776;282847;232294;69.3;56.9
24;2021-08-11;2263;1690;285110;233984;69.8;57.3
24;2021-08-12;1906;1959;287016;235943;70.3;57.8
24;2021-08-13;1484;1620;288500;237563;70.6;58.2
24;2021-08-14;1160;1239;289660;238802;70.9;58.5
24;2021-08-15;739;579;290399;239381;71.1;58.6
24;2021-08-16;1099;1698;291498;241079;71.4;59.0
25;2020-12-27;0;0;0;0;0.0;0.0
25;2020-12-28;1;0;1;0;0.0;0.0
25;2020-12-29;0;0;1;0;0.0;0.0
25;2020-12-30;0;0;1;0;0.0;0.0
25;2020-12-31;2;0;3;0;0.0;0.0
25;2021-01-01;0;0;3;0;0.0;0.0
25;2021-01-02;1;0;4;0;0.0;0.0
25;2021-01-03;0;0;4;0;0.0;0.0
25;2021-01-04;0;0;4;0;0.0;0.0
25;2021-01-05;1;0;5;0;0.0;0.0
25;2021-01-06;75;1;80;1;0.0;0.0
25;2021-01-07;236;1;316;2;0.1;0.0
25;2021-01-08;345;1;661;3;0.1;0.0
25;2021-01-09;102;0;763;3;0.1;0.0
25;2021-01-10;0;0;763;3;0.1;0.0
25;2021-01-11;501;5;1264;8;0.2;0.0
25;2021-01-12;682;2;1946;10;0.4;0.0
25;2021-01-13;626;4;2572;14;0.5;0.0
25;2021-01-14;897;15;3469;29;0.6;0.0
25;2021-01-15;785;8;4254;37;0.8;0.0
25;2021-01-16;206;1;4460;38;0.8;0.0
25;2021-01-17;112;0;4572;38;0.8;0.0
25;2021-01-18;1296;7;5868;45;1.1;0.0
25;2021-01-19;1412;5;7280;50;1.3;0.0
25;2021-01-20;1420;4;8700;54;1.6;0.0
25;2021-01-21;1812;2;10512;56;1.9;0.0
25;2021-01-22;1504;4;12016;60;2.2;0.0
25;2021-01-23;499;1;12515;61;2.3;0.0
25;2021-01-24;119;0;12634;61;2.3;0.0
25;2021-01-25;990;0;13624;61;2.5;0.0
25;2021-01-26;1488;42;15112;103;2.8;0.0
25;2021-01-27;1248;70;16360;173;3.0;0.0
25;2021-01-28;1090;76;17450;249;3.2;0.0
25;2021-01-29;905;232;18355;481;3.4;0.1
25;2021-01-30;293;92;18648;573;3.5;0.1
25;2021-01-31;2;0;18650;573;3.5;0.1
25;2021-02-01;612;221;19262;794;3.6;0.1
25;2021-02-02;674;414;19936;1208;3.7;0.2
25;2021-02-03;759;249;20695;1457;3.8;0.3
25;2021-02-04;715;446;21410;1903;4.0;0.4
25;2021-02-05;517;467;21927;2370;4.1;0.4
25;2021-02-06;198;157;22125;2527;4.1;0.5
25;2021-02-07;2;34;22127;2561;4.1;0.5
25;2021-02-08;613;507;22740;3068;4.2;0.6
25;2021-02-09;616;491;23356;3559;4.3;0.7
25;2021-02-10;817;488;24173;4047;4.5;0.8
25;2021-02-11;585;854;24758;4901;4.6;0.9
25;2021-02-12;413;549;25171;5450;4.7;1.0
25;2021-02-13;97;141;25268;5591;4.7;1.0
25;2021-02-14;0;0;25268;5591;4.7;1.0
25;2021-02-15;187;1039;25455;6630;4.7;1.2
25;2021-02-16;214;1455;25669;8085;4.8;1.5
25;2021-02-17;110;1341;25779;9426;4.8;1.7
25;2021-02-18;147;1435;25926;10861;4.8;2.0
25;2021-02-19;102;1269;26028;12130;4.8;2.2
25;2021-02-20;26;492;26054;12622;4.8;2.3
25;2021-02-21;1;143;26055;12765;4.8;2.4
25;2021-02-22;83;1065;26138;13830;4.8;2.6
25;2021-02-23;195;1081;26333;14911;4.9;2.8
25;2021-02-24;104;975;26437;15886;4.9;2.9
25;2021-02-25;522;1005;26959;16891;5.0;3.1
25;2021-02-26;607;982;27566;17873;5.1;3.3
25;2021-02-27;228;373;27794;18246;5.2;3.4
25;2021-02-28;5;1;27799;18247;5.2;3.4
25;2021-03-01;443;621;28242;18868;5.2;3.5
25;2021-03-02;652;836;28894;19704;5.4;3.7
25;2021-03-03;542;735;29436;20439;5.5;3.8
25;2021-03-04;1157;659;30593;21098;5.7;3.9
25;2021-03-05;1853;385;32446;21483;6.0;4.0
25;2021-03-06;1169;227;33615;21710;6.2;4.0
25;2021-03-07;9;7;33624;21717;6.2;4.0
25;2021-03-08;548;709;34172;22426;6.3;4.2
25;2021-03-09;1040;778;35212;23204;6.5;4.3
25;2021-03-10;1150;650;36362;23854;6.7;4.4
25;2021-03-11;1658;582;38020;24436;7.0;4.5
25;2021-03-12;1995;450;40015;24886;7.4;4.6
25;2021-03-13;1118;98;41133;24984;7.6;4.6
25;2021-03-14;35;1;41168;24985;7.6;4.6
25;2021-03-15;1126;139;42294;25124;7.8;4.7
25;2021-03-16;1286;118;43580;25242;8.1;4.7
25;2021-03-17;1414;136;44994;25378;8.3;4.7
25;2021-03-18;1527;80;46521;25458;8.6;4.7
25;2021-03-19;1595;126;48116;25584;8.9;4.7
25;2021-03-20;821;36;48937;25620;9.1;4.7
25;2021-03-21;24;0;48961;25620;9.1;4.7
25;2021-03-22;1486;83;50447;25703;9.4;4.8
25;2021-03-23;2162;140;52609;25843;9.8;4.8
25;2021-03-24;2418;93;55027;25936;10.2;4.8
25;2021-03-25;2837;188;57864;26124;10.7;4.8
25;2021-03-26;3156;173;61020;26297;11.3;4.9
25;2021-03-27;1110;86;62130;26383;11.5;4.9
25;2021-03-28;121;64;62251;26447;11.5;4.9
25;2021-03-29;1787;281;64038;26728;11.9;5.0
25;2021-03-30;2213;392;66251;27120;12.3;5.0
25;2021-03-31;2220;358;68471;27478;12.7;5.1
25;2021-04-01;2450;519;70921;27997;13.1;5.2
25;2021-04-02;2027;598;72948;28595;13.5;5.3
25;2021-04-03;447;109;73395;28704;13.6;5.3
25;2021-04-04;39;21;73434;28725;13.6;5.3
25;2021-04-05;145;4;73579;28729;13.6;5.3
25;2021-04-06;1935;682;75514;29411;14.0;5.5
25;2021-04-07;1878;851;77392;30262;14.3;5.6
25;2021-04-08;2432;822;79824;31084;14.8;5.8
25;2021-04-09;2595;991;82419;32075;15.3;5.9
25;2021-04-10;977;289;83396;32364;15.5;6.0
25;2021-04-11;105;28;83501;32392;15.5;6.0
25;2021-04-12;1557;965;85058;33357;15.8;6.2
25;2021-04-13;1986;1315;87044;34672;16.1;6.4
25;2021-04-14;1750;1214;88794;35886;16.5;6.7
25;2021-04-15;1998;1326;90792;37212;16.8;6.9
25;2021-04-16;2085;1001;92877;38213;17.2;7.1
25;2021-04-17;1105;414;93982;38627;17.4;7.2
25;2021-04-18;118;18;94100;38645;17.4;7.2
25;2021-04-19;1327;1247;95427;39892;17.7;7.4
25;2021-04-20;1615;1462;97042;41354;18.0;7.7
25;2021-04-21;1716;1629;98758;42983;18.3;8.0
25;2021-04-22;1859;1708;100617;44691;18.7;8.3
25;2021-04-23;1902;1763;102519;46454;19.0;8.6
25;2021-04-24;1281;706;103800;47160;19.2;8.7
25;2021-04-25;140;114;103940;47274;19.3;8.8
25;2021-04-26;1722;1685;105662;48959;19.6;9.1
25;2021-04-27;2803;1524;108465;50483;20.1;9.4
25;2021-04-28;2424;1553;110889;52036;20.6;9.6
25;2021-04-29;2649;1834;113538;53870;21.0;10.0
25;2021-04-30;3106;1579;116644;55449;21.6;10.3
25;2021-05-01;1789;334;118433;55783;22.0;10.3
25;2021-05-02;442;21;118875;55804;22.0;10.3
25;2021-05-03;2902;841;121777;56645;22.6;10.5
25;2021-05-04;2642;1883;124419;58528;23.1;10.8
25;2021-05-05;2597;1663;127016;60191;23.5;11.2
25;2021-05-06;2927;2165;129943;62356;24.1;11.6
25;2021-05-07;3063;2125;133006;64481;24.7;12.0
25;2021-05-08;1334;229;134340;64710;24.9;12.0
25;2021-05-09;244;87;134584;64797;24.9;12.0
25;2021-05-10;3131;1640;137715;66437;25.5;12.3
25;2021-05-11;3750;2039;141465;68476;26.2;12.7
25;2021-05-12;3688;1792;145153;70268;26.9;13.0
25;2021-05-13;3519;598;148672;70866;27.6;13.1
25;2021-05-14;4483;1305;153155;72171;28.4;13.4
25;2021-05-15;3279;707;156434;72878;29.0;13.5
25;2021-05-16;722;92;157156;72970;29.1;13.5
25;2021-05-17;4090;1092;161246;74062;29.9;13.7
25;2021-05-18;5204;1186;166450;75248;30.9;13.9
25;2021-05-19;5247;1128;171697;76376;31.8;14.2
25;2021-05-20;5134;1451;176831;77827;32.8;14.4
25;2021-05-21;5765;1977;182596;79804;33.8;14.8
25;2021-05-22;3176;722;185772;80526;34.4;14.9
25;2021-05-23;781;156;186553;80682;34.6;15.0
25;2021-05-24;1528;151;188081;80833;34.9;15.0
25;2021-05-25;3514;1644;191595;82477;35.5;15.3
25;2021-05-26;3976;1556;195571;84033;36.3;15.6
25;2021-05-27;4517;1901;200088;85934;37.1;15.9
25;2021-05-28;3991;2651;204079;88585;37.8;16.4
25;2021-05-29;2015;1022;206094;89607;38.2;16.6
25;2021-05-30;175;96;206269;89703;38.2;16.6
25;2021-05-31;2673;1712;208942;91415;38.7;16.9
25;2021-06-01;2729;2158;211671;93573;39.2;17.3
25;2021-06-02;2609;2248;214280;95821;39.7;17.8
25;2021-06-03;3274;2043;217554;97864;40.3;18.1
25;2021-06-04;3209;2409;220763;100273;40.9;18.6
25;2021-06-05;1490;1398;222253;101671;41.2;18.8
25;2021-06-06;986;259;223239;101930;41.4;18.9
25;2021-06-07;2785;2573;226024;104503;41.9;19.4
25;2021-06-08;2603;2760;228627;107263;42.4;19.9
25;2021-06-09;2383;2762;231010;110025;42.8;20.4
25;2021-06-10;2322;2653;233332;112678;43.3;20.9
25;2021-06-11;2712;3311;236044;115989;43.8;21.5
25;2021-06-12;1571;1860;237615;117849;44.0;21.8
25;2021-06-13;496;257;238111;118106;44.1;21.9
25;2021-06-14;1422;3758;239533;121864;44.4;22.6
25;2021-06-15;1642;3568;241175;125432;44.7;23.3
25;2021-06-16;1954;3270;243129;128702;45.1;23.9
25;2021-06-17;1473;3326;244602;132028;45.3;24.5
25;2021-06-18;2282;4295;246884;136323;45.8;25.3
25;2021-06-19;1350;1976;248234;138299;46.0;25.6
25;2021-06-20;57;239;248291;138538;46.0;25.7
25;2021-06-21;1140;4139;249431;142677;46.2;26.4
25;2021-06-22;1149;4674;250580;147351;46.5;27.3
25;2021-06-23;1406;4075;251986;151426;46.7;28.1
25;2021-06-24;1193;4083;253179;155509;46.9;28.8
25;2021-06-25;1637;5607;254816;161116;47.2;29.9
25;2021-06-26;626;3383;255442;164499;47.4;30.5
25;2021-06-27;451;879;255893;165378;47.4;30.7
25;2021-06-28;908;4472;256801;169850;47.6;31.5
25;2021-06-29;1128;5467;257929;175317;47.8;32.5
25;2021-06-30;1312;5370;259241;180687;48.1;33.5
25;2021-07-01;1698;5227;260939;185914;48.4;34.5
25;2021-07-02;1750;5060;262689;190974;48.7;35.4
25;2021-07-03;1042;2695;263731;193669;48.9;35.9
25;2021-07-04;409;722;264140;194391;49.0;36.0
25;2021-07-05;1299;2577;265439;196968;49.2;36.5
25;2021-07-06;1571;4743;267010;201711;49.5;37.4
25;2021-07-07;1593;4505;268603;206216;49.8;38.2
25;2021-07-08;1544;3929;270147;210145;50.1;39.0
25;2021-07-09;1733;4587;271880;214732;50.4;39.8
25;2021-07-10;780;2371;272660;217103;50.5;40.2
25;2021-07-11;126;306;272786;217409;50.6;40.3
25;2021-07-12;1396;3858;274182;221267;50.8;41.0
25;2021-07-13;2471;4772;276653;226039;51.3;41.9
25;2021-07-14;377;561;277030;226600;51.4;42.0
25;2021-07-15;2398;3654;279428;230254;51.8;42.7
25;2021-07-16;3474;3834;282902;234088;52.4;43.4
25;2021-07-17;2201;2031;285103;236119;52.9;43.8
25;2021-07-18;805;1297;285908;237416;53.0;44.0
25;2021-07-19;2541;4205;288449;241621;53.5;44.8
25;2021-07-20;3375;3708;291824;245329;54.1;45.5
25;2021-07-21;3291;3362;295115;248691;54.7;46.1
25;2021-07-22;3320;2975;298435;251666;55.3;46.7
25;2021-07-23;3552;3348;301987;255014;56.0;47.3
25;2021-07-24;1408;2269;303395;257283;56.2;47.7
25;2021-07-25;673;706;304068;257989;56.4;47.8
25;2021-07-26;3042;3014;307110;261003;56.9;48.4
25;2021-07-27;3809;2113;310919;263116;57.6;48.8
25;2021-07-28;3661;2103;314580;265219;58.3;49.2
25;2021-07-29;4303;2082;318883;267301;59.1;49.6
25;2021-07-30;4236;2477;323119;269778;59.9;50.0
25;2021-07-31;1814;1466;324933;271244;60.2;50.3
25;2021-08-01;1343;195;326276;271439;60.5;50.3
25;2021-08-02;2708;2211;328984;273650;61.0;50.7
25;2021-08-03;2812;2201;331796;275851;61.5;51.1
25;2021-08-04;2920;1420;334716;277271;62.0;51.4
25;2021-08-05;2189;1720;336905;278991;62.5;51.7
25;2021-08-06;2276;2341;339181;281332;62.9;52.2
25;2021-08-07;1289;1195;340470;282527;63.1;52.4
25;2021-08-08;319;473;340789;283000;63.2;52.5
25;2021-08-09;2007;2213;342796;285213;63.5;52.9
25;2021-08-10;1944;2508;344740;287721;63.9;53.3
25;2021-08-11;1826;2025;346566;289746;64.2;53.7
25;2021-08-12;2131;2486;348697;292232;64.6;54.2
25;2021-08-13;1670;2009;350367;294241;64.9;54.5
25;2021-08-14;952;1775;351319;296016;65.1;54.9
25;2021-08-15;8;45;351327;296061;65.1;54.9
25;2021-08-16;1233;3246;352560;299307;65.4;55.5
26;2020-12-27;0;0;0;0;0.0;0.0
26;2020-12-28;0;0;0;0;0.0;0.0
26;2020-12-29;0;0;0;0;0.0;0.0
26;2020-12-30;0;0;0;0;0.0;0.0
26;2020-12-31;0;0;0;0;0.0;0.0
26;2021-01-01;0;0;0;0;0.0;0.0
26;2021-01-02;0;0;0;0;0.0;0.0
26;2021-01-03;0;0;0;0;0.0;0.0
26;2021-01-04;0;0;0;0;0.0;0.0
26;2021-01-05;0;0;0;0;0.0;0.0
26;2021-01-06;0;0;0;0;0.0;0.0
26;2021-01-07;168;0;168;0;0.0;0.0
26;2021-01-08;125;0;293;0;0.1;0.0
26;2021-01-09;2;0;295;0;0.1;0.0
26;2021-01-10;0;0;295;0;0.1;0.0
26;2021-01-11;266;1;561;1;0.1;0.0
26;2021-01-12;176;1;737;2;0.1;0.0
26;2021-01-13;417;1;1154;3;0.2;0.0
26;2021-01-14;487;0;1641;3;0.3;0.0
26;2021-01-15;562;1;2203;4;0.4;0.0
26;2021-01-16;250;1;2453;5;0.5;0.0
26;2021-01-17;0;0;2453;5;0.5;0.0
26;2021-01-18;637;1;3090;6;0.6;0.0
26;2021-01-19;784;4;3874;10;0.7;0.0
26;2021-01-20;742;0;4616;10;0.9;0.0
26;2021-01-21;806;5;5422;15;1.0;0.0
26;2021-01-22;787;4;6209;19;1.2;0.0
26;2021-01-23;563;2;6772;21;1.3;0.0
26;2021-01-24;24;0;6796;21;1.3;0.0
26;2021-01-25;697;2;7493;23;1.4;0.0
26;2021-01-26;801;4;8294;27;1.6;0.0
26;2021-01-27;822;9;9116;36;1.8;0.0
26;2021-01-28;1328;169;10444;205;2.0;0.0
26;2021-01-29;970;66;11414;271;2.2;0.1
26;2021-01-30;605;5;12019;276;2.3;0.1
26;2021-01-31;24;0;12043;276;2.3;0.1
26;2021-02-01;709;189;12752;465;2.4;0.1
26;2021-02-02;1274;212;14026;677;2.7;0.1
26;2021-02-03;1234;258;15260;935;2.9;0.2
26;2021-02-04;985;452;16245;1387;3.1;0.3
26;2021-02-05;672;335;16917;1722;3.2;0.3
26;2021-02-06;408;241;17325;1963;3.3;0.4
26;2021-02-07;57;2;17382;1965;3.3;0.4
26;2021-02-08;543;418;17925;2383;3.4;0.5
26;2021-02-09;617;477;18542;2860;3.6;0.5
26;2021-02-10;665;341;19207;3201;3.7;0.6
26;2021-02-11;753;330;19960;3531;3.8;0.7
26;2021-02-12;590;453;20550;3984;3.9;0.8
26;2021-02-13;388;337;20938;4321;4.0;0.8
26;2021-02-14;36;0;20974;4321;4.0;0.8
26;2021-02-15;414;532;21388;4853;4.1;0.9
26;2021-02-16;294;559;21682;5412;4.2;1.0
26;2021-02-17;195;740;21877;6152;4.2;1.2
26;2021-02-18;337;900;22214;7052;4.3;1.4
26;2021-02-19;341;808;22555;7860;4.3;1.5
26;2021-02-20;95;491;22650;8351;4.4;1.6
26;2021-02-21;3;24;22653;8375;4.4;1.6
26;2021-02-22;144;719;22797;9094;4.4;1.7
26;2021-02-23;397;998;23194;10092;4.5;1.9
26;2021-02-24;342;1222;23536;11314;4.5;2.2
26;2021-02-25;734;1073;24270;12387;4.7;2.4
26;2021-02-26;925;640;25195;13027;4.8;2.5
26;2021-02-27;279;511;25474;13538;4.9;2.6
26;2021-02-28;3;30;25477;13568;4.9;2.6
26;2021-03-01;457;660;25934;14228;5.0;2.7
26;2021-03-02;741;633;26675;14861;5.1;2.9
26;2021-03-03;730;687;27405;15548;5.3;3.0
26;2021-03-04;1044;584;28449;16132;5.5;3.1
26;2021-03-05;1710;523;30159;16655;5.8;3.2
26;2021-03-06;2771;501;32930;17156;6.3;3.3
26;2021-03-07;2989;211;35919;17367;6.9;3.3
26;2021-03-08;909;653;36828;18020;7.1;3.5
26;2021-03-09;1324;557;38152;18577;7.3;3.6
26;2021-03-10;1219;516;39371;19093;7.6;3.7
26;2021-03-11;1608;652;40979;19745;7.9;3.8
26;2021-03-12;2216;478;43195;20223;8.3;3.9
26;2021-03-13;1885;345;45080;20568;8.7;4.0
26;2021-03-14;69;39;45149;20607;8.7;4.0
26;2021-03-15;1652;248;46801;20855;9.0;4.0
26;2021-03-16;1232;512;48033;21367;9.2;4.1
26;2021-03-17;1369;308;49402;21675;9.5;4.2
26;2021-03-18;1587;283;50989;21958;9.8;4.2
26;2021-03-19;2442;346;53431;22304;10.3;4.3
26;2021-03-20;1289;152;54720;22456;10.5;4.3
26;2021-03-21;61;20;54781;22476;10.5;4.3
26;2021-03-22;1845;195;56626;22671;10.9;4.4
26;2021-03-23;2474;273;59100;22944;11.4;4.4
26;2021-03-24;2551;243;61651;23187;11.8;4.5
26;2021-03-25;3041;339;64692;23526;12.4;4.5
26;2021-03-26;3049;353;67741;23879;13.0;4.6
26;2021-03-27;1245;156;68986;24035;13.3;4.6
26;2021-03-28;94;7;69080;24042;13.3;4.6
26;2021-03-29;1908;404;70988;24446;13.6;4.7
26;2021-03-30;2381;543;73369;24989;14.1;4.8
26;2021-03-31;2229;581;75598;25570;14.5;4.9
26;2021-04-01;2276;781;77874;26351;15.0;5.1
26;2021-04-02;2214;987;80088;27338;15.4;5.3
26;2021-04-03;552;1203;80640;28541;15.5;5.5
26;2021-04-04;215;887;80855;29428;15.5;5.7
26;2021-04-05;555;54;81410;29482;15.6;5.7
26;2021-04-06;1486;834;82896;30316;15.9;5.8
26;2021-04-07;1791;901;84687;31217;16.3;6.0
26;2021-04-08;3004;928;87691;32145;16.8;6.2
26;2021-04-09;3415;1001;91106;33146;17.5;6.4
26;2021-04-10;1355;918;92461;34064;17.8;6.5
26;2021-04-11;89;35;92550;34099;17.8;6.6
26;2021-04-12;1713;1127;94263;35226;18.1;6.8
26;2021-04-13;2795;1452;97058;36678;18.6;7.0
26;2021-04-14;2206;1477;99264;38155;19.1;7.3
26;2021-04-15;2276;1586;101540;39741;19.5;7.6
26;2021-04-16;2271;1588;103811;41329;19.9;7.9
26;2021-04-17;1096;841;104907;42170;20.2;8.1
26;2021-04-18;35;52;104942;42222;20.2;8.1
26;2021-04-19;1547;1572;106489;43794;20.5;8.4
26;2021-04-20;1799;1730;108288;45524;20.8;8.7
26;2021-04-21;2011;1511;110299;47035;21.2;9.0
26;2021-04-22;2290;1605;112589;48640;21.6;9.3
26;2021-04-23;2009;1635;114598;50275;22.0;9.7
26;2021-04-24;1654;844;116252;51119;22.3;9.8
26;2021-04-25;629;94;116881;51213;22.5;9.8
26;2021-04-26;1376;1601;118257;52814;22.7;10.1
26;2021-04-27;1986;1687;120243;54501;23.1;10.5
26;2021-04-28;1867;1544;122110;56045;23.5;10.8
26;2021-04-29;2866;1894;124976;57939;24.0;11.1
26;2021-04-30;2625;1763;127601;59702;24.5;11.5
26;2021-05-01;1538;382;129139;60084;24.8;11.5
26;2021-05-02;1086;118;130225;60202;25.0;11.6
26;2021-05-03;2201;1786;132426;61988;25.4;11.9
26;2021-05-04;2614;2352;135040;64340;25.9;12.4
26;2021-05-05;2772;2197;137812;66537;26.5;12.8
26;2021-05-06;3320;2215;141132;68752;27.1;13.2
26;2021-05-07;2858;2260;143990;71012;27.7;13.6
26;2021-05-08;1956;624;145946;71636;28.0;13.8
26;2021-05-09;713;124;146659;71760;28.2;13.8
26;2021-05-10;3022;1824;149681;73584;28.8;14.1
26;2021-05-11;4441;2189;154122;75773;29.6;14.6
26;2021-05-12;4825;1691;158947;77464;30.5;14.9
26;2021-05-13;4364;611;163311;78075;31.4;15.0
26;2021-05-14;4643;1547;167954;79622;32.3;15.3
26;2021-05-15;4468;629;172422;80251;33.1;15.4
26;2021-05-16;3630;342;176052;80593;33.8;15.5
26;2021-05-17;3657;1484;179709;82077;34.5;15.8
26;2021-05-18;4476;1743;184185;83820;35.4;16.1
26;2021-05-19;4485;1449;188670;85269;36.2;16.4
26;2021-05-20;4685;1754;193355;87023;37.1;16.7
26;2021-05-21;4727;1798;198082;88821;38.1;17.1
26;2021-05-22;3187;687;201269;89508;38.7;17.2
26;2021-05-23;1597;184;202866;89692;39.0;17.2
26;2021-05-24;3789;745;206655;90437;39.7;17.4
26;2021-05-25;3591;2337;210246;92774;40.4;17.8
26;2021-05-26;4181;2269;214427;95043;41.2;18.3
26;2021-05-27;4216;2466;218643;97509;42.0;18.7
26;2021-05-28;3777;2769;222420;100278;42.7;19.3
26;2021-05-29;3088;1643;225508;101921;43.3;19.6
26;2021-05-30;322;71;225830;101992;43.4;19.6
26;2021-05-31;3081;1850;228911;103842;44.0;19.9
26;2021-06-01;3108;2306;232019;106148;44.6;20.4
26;2021-06-02;2870;2213;234889;108361;45.1;20.8
26;2021-06-03;2850;2491;237739;110852;45.7;21.3
26;2021-06-04;2659;2904;240398;113756;46.2;21.9
26;2021-06-05;1802;1694;242200;115450;46.5;22.2
26;2021-06-06;9;0;242209;115450;46.5;22.2
26;2021-06-07;2347;2426;244556;117876;47.0;22.6
26;2021-06-08;2455;2293;247011;120169;47.5;23.1
26;2021-06-09;2094;2384;249105;122553;47.9;23.5
26;2021-06-10;1976;2761;251081;125314;48.2;24.1
26;2021-06-11;1895;3273;252976;128587;48.6;24.7
26;2021-06-12;1218;1791;254194;130378;48.8;25.0
26;2021-06-13;96;214;254290;130592;48.8;25.1
26;2021-06-14;1416;3498;255706;134090;49.1;25.8
26;2021-06-15;1584;3962;257290;138052;49.4;26.5
26;2021-06-16;1786;3464;259076;141516;49.8;27.2
26;2021-06-17;1510;3166;260586;144682;50.1;27.8
26;2021-06-18;1795;4367;262381;149049;50.4;28.6
26;2021-06-19;932;3182;263313;152231;50.6;29.2
26;2021-06-20;264;875;263577;153106;50.6;29.4
26;2021-06-21;1006;4549;264583;157655;50.8;30.3
26;2021-06-22;1062;5119;265645;162774;51.0;31.3
26;2021-06-23;1167;5073;266812;167847;51.3;32.2
26;2021-06-24;1260;4540;268072;172387;51.5;33.1
26;2021-06-25;1017;5541;269089;177928;51.7;34.2
26;2021-06-26;662;3821;269751;181749;51.8;34.9
26;2021-06-27;300;1273;270051;183022;51.9;35.2
26;2021-06-28;778;4755;270829;187777;52.0;36.1
26;2021-06-29;1099;4959;271928;192736;52.2;37.0
26;2021-06-30;1413;4890;273341;197626;52.5;38.0
26;2021-07-01;1641;4392;274982;202018;52.8;38.8
26;2021-07-02;1333;5163;276315;207181;53.1;39.8
26;2021-07-03;772;3327;277087;210508;53.2;40.4
26;2021-07-04;333;634;277420;211142;53.3;40.6
26;2021-07-05;886;4677;278306;215819;53.5;41.5
26;2021-07-06;1268;4203;279574;220022;53.7;42.3
26;2021-07-07;1438;3796;281012;223818;54.0;43.0
26;2021-07-08;2367;3329;283379;227147;54.4;43.6
26;2021-07-09;1557;4791;284936;231938;54.7;44.6
26;2021-07-10;911;2915;285847;234853;54.9;45.1
26;2021-07-11;334;352;286181;235205;55.0;45.2
26;2021-07-12;1112;4216;287293;239421;55.2;46.0
26;2021-07-13;2299;4341;289592;243762;55.6;46.8
26;2021-07-14;1057;813;290649;244575;55.8;47.0
26;2021-07-15;3166;3647;293815;248222;56.4;47.7
26;2021-07-16;2995;3693;296810;251915;57.0;48.4
26;2021-07-17;1876;1813;298686;253728;57.4;48.7
26;2021-07-18;18;24;298704;253752;57.4;48.7
26;2021-07-19;2720;3264;301424;257016;57.9;49.4
26;2021-07-20;3701;3365;305125;260381;58.6;50.0
26;2021-07-21;3579;3093;308704;263474;59.3;50.6
26;2021-07-22;4112;2957;312816;266431;60.1;51.2
26;2021-07-23;3853;3394;316669;269825;60.8;51.8
26;2021-07-24;2339;1353;319008;271178;61.3;52.1
26;2021-07-25;607;94;319615;271272;61.4;52.1
26;2021-07-26;3417;2576;323032;273848;62.1;52.6
26;2021-07-27;4798;2611;327830;276459;63.0;53.1
26;2021-07-28;4510;2375;332340;278834;63.8;53.6
26;2021-07-29;3885;2883;336225;281717;64.6;54.1
26;2021-07-30;3471;2666;339696;284383;65.3;54.6
26;2021-07-31;1141;1007;340837;285390;65.5;54.8
26;2021-08-01;405;106;341242;285496;65.6;54.8
26;2021-08-02;2935;2350;344177;287846;66.1;55.3
26;2021-08-03;3288;2286;347465;290132;66.7;55.7
26;2021-08-04;3970;2003;351435;292135;67.5;56.1
26;2021-08-05;3131;2191;354566;294326;68.1;56.5
26;2021-08-06;3125;2632;357691;296958;68.7;57.0
26;2021-08-07;639;842;358330;297800;68.8;57.2
26;2021-08-08;28;13;358358;297813;68.8;57.2
26;2021-08-09;2179;3054;360537;300867;69.3;57.8
26;2021-08-10;2324;3035;362861;303902;69.7;58.4
26;2021-08-11;2061;2711;364922;306613;70.1;58.9
26;2021-08-12;1769;2576;366691;309189;70.4;59.4
26;2021-08-13;1653;2412;368344;311601;70.8;59.9
26;2021-08-14;270;869;368614;312470;70.8;60.0
26;2021-08-15;4;6;368618;312476;70.8;60.0
26;2021-08-16;1171;3281;369789;315757;71.0;60.7
27;2020-12-27;1;0;1;0;0.0;0.0
27;2020-12-28;0;0;1;0;0.0;0.0
27;2020-12-29;1;0;2;0;0.0;0.0
27;2020-12-30;0;0;2;0;0.0;0.0
27;2020-12-31;0;0;2;0;0.0;0.0
27;2021-01-01;0;0;2;0;0.0;0.0
27;2021-01-02;0;0;2;0;0.0;0.0
27;2021-01-03;2;0;4;0;0.0;0.0
27;2021-01-04;0;0;4;0;0.0;0.0
27;2021-01-05;15;0;19;0;0.0;0.0
27;2021-01-06;161;0;180;0;0.0;0.0
27;2021-01-07;371;1;551;1;0.1;0.0
27;2021-01-08;442;0;993;1;0.2;0.0
27;2021-01-09;72;1;1065;2;0.2;0.0
27;2021-01-10;101;0;1166;2;0.2;0.0
27;2021-01-11;383;0;1549;2;0.3;0.0
27;2021-01-12;409;2;1958;4;0.3;0.0
27;2021-01-13;839;1;2797;5;0.5;0.0
27;2021-01-14;1627;26;4424;31;0.7;0.0
27;2021-01-15;1219;5;5643;36;0.9;0.0
27;2021-01-16;333;2;5976;38;1.0;0.0
27;2021-01-17;205;0;6181;38;1.0;0.0
27;2021-01-18;798;2;6979;40;1.2;0.0
27;2021-01-19;773;2;7752;42;1.3;0.0
27;2021-01-20;871;0;8623;42;1.4;0.0
27;2021-01-21;655;1;9278;43;1.5;0.0
27;2021-01-22;779;4;10057;47;1.7;0.0
27;2021-01-23;350;0;10407;47;1.7;0.0
27;2021-01-24;169;6;10576;53;1.8;0.0
27;2021-01-25;635;15;11211;68;1.9;0.0
27;2021-01-26;462;17;11673;85;1.9;0.0
27;2021-01-27;506;105;12179;190;2.0;0.0
27;2021-01-28;517;296;12696;486;2.1;0.1
27;2021-01-29;509;109;13205;595;2.2;0.1
27;2021-01-30;242;31;13447;626;2.2;0.1
27;2021-01-31;27;24;13474;650;2.2;0.1
27;2021-02-01;348;195;13822;845;2.3;0.1
27;2021-02-02;307;281;14129;1126;2.4;0.2
27;2021-02-03;488;402;14617;1528;2.4;0.3
27;2021-02-04;718;890;15335;2418;2.6;0.4
27;2021-02-05;662;1154;15997;3572;2.7;0.6
27;2021-02-06;125;223;16122;3795;2.7;0.6
27;2021-02-07;25;42;16147;3837;2.7;0.6
27;2021-02-08;310;378;16457;4215;2.7;0.7
27;2021-02-09;342;556;16799;4771;2.8;0.8
27;2021-02-10;302;527;17101;5298;2.8;0.9
27;2021-02-11;317;459;17418;5757;2.9;1.0
27;2021-02-12;229;545;17647;6302;2.9;1.0
27;2021-02-13;151;133;17798;6435;3.0;1.1
27;2021-02-14;6;93;17804;6528;3.0;1.1
27;2021-02-15;389;599;18193;7127;3.0;1.2
27;2021-02-16;295;736;18488;7863;3.1;1.3
27;2021-02-17;247;641;18735;8504;3.1;1.4
27;2021-02-18;363;684;19098;9188;3.2;1.5
27;2021-02-19;218;690;19316;9878;3.2;1.6
27;2021-02-20;129;251;19445;10129;3.2;1.7
27;2021-02-21;12;140;19457;10269;3.2;1.7
27;2021-02-22;482;568;19939;10837;3.3;1.8
27;2021-02-23;495;627;20434;11464;3.4;1.9
27;2021-02-24;543;652;20977;12116;3.5;2.0
27;2021-02-25;844;758;21821;12874;3.6;2.1
27;2021-02-26;953;691;22774;13565;3.8;2.3
27;2021-02-27;406;159;23180;13724;3.9;2.3
27;2021-02-28;173;32;23353;13756;3.9;2.3
27;2021-03-01;485;443;23838;14199;4.0;2.4
27;2021-03-02;765;365;24603;14564;4.1;2.4
27;2021-03-03;852;365;25455;14929;4.2;2.5
27;2021-03-04;885;234;26340;15163;4.4;2.5
27;2021-03-05;1304;235;27644;15398;4.6;2.6
27;2021-03-06;1637;108;29281;15506;4.9;2.6
27;2021-03-07;620;14;29901;15520;5.0;2.6
27;2021-03-08;1204;306;31105;15826;5.2;2.6
27;2021-03-09;1822;263;32927;16089;5.5;2.7
27;2021-03-10;2115;345;35042;16434;5.8;2.7
27;2021-03-11;2150;222;37192;16656;6.2;2.8
27;2021-03-12;2818;198;40010;16854;6.7;2.8
27;2021-03-13;1919;120;41929;16974;7.0;2.8
27;2021-03-14;655;14;42584;16988;7.1;2.8
27;2021-03-15;1552;213;44136;17201;7.3;2.9
27;2021-03-16;1486;235;45622;17436;7.6;2.9
27;2021-03-17;1852;341;47474;17777;7.9;3.0
27;2021-03-18;1685;342;49159;18119;8.2;3.0
27;2021-03-19;1832;169;50991;18288;8.5;3.0
27;2021-03-20;903;39;51894;18327;8.6;3.1
27;2021-03-21;258;3;52152;18330;8.7;3.1
27;2021-03-22;1234;544;53386;18874;8.9;3.1
27;2021-03-23;1626;461;55012;19335;9.2;3.2
27;2021-03-24;1523;476;56535;19811;9.4;3.3
27;2021-03-25;2163;507;58698;20318;9.8;3.4
27;2021-03-26;2529;442;61227;20760;10.2;3.5
27;2021-03-27;1568;199;62795;20959;10.5;3.5
27;2021-03-28;1149;49;63944;21008;10.6;3.5
27;2021-03-29;1376;831;65320;21839;10.9;3.6
27;2021-03-30;1393;848;66713;22687;11.1;3.8
27;2021-03-31;1487;876;68200;23563;11.4;3.9
27;2021-04-01;1954;809;70154;24372;11.7;4.1
27;2021-04-02;1999;1181;72153;25553;12.0;4.3
27;2021-04-03;1562;739;73715;26292;12.3;4.4
27;2021-04-04;977;174;74692;26466;12.4;4.4
27;2021-04-05;282;6;74974;26472;12.5;4.4
27;2021-04-06;1414;1807;76388;28279;12.7;4.7
27;2021-04-07;1323;1747;77711;30026;12.9;5.0
27;2021-04-08;1683;1676;79394;31702;13.2;5.3
27;2021-04-09;2947;1557;82341;33259;13.7;5.5
27;2021-04-10;2032;982;84373;34241;14.0;5.7
27;2021-04-11;946;212;85319;34453;14.2;5.7
27;2021-04-12;2436;1511;87755;35964;14.6;6.0
27;2021-04-13;2393;1553;90148;37517;15.0;6.2
27;2021-04-14;2086;1626;92234;39143;15.4;6.5
27;2021-04-15;1875;1660;94109;40803;15.7;6.8
27;2021-04-16;2752;1114;96861;41917;16.1;7.0
27;2021-04-17;2168;494;99029;42411;16.5;7.1
27;2021-04-18;453;16;99482;42427;16.6;7.1
27;2021-04-19;1712;1175;101194;43602;16.8;7.3
27;2021-04-20;2386;1302;103580;44904;17.2;7.5
27;2021-04-21;2209;1080;105789;45984;17.6;7.7
27;2021-04-22;2178;1410;107967;47394;18.0;7.9
27;2021-04-23;2448;1175;110415;48569;18.4;8.1
27;2021-04-24;3258;1139;113673;49708;18.9;8.3
27;2021-04-25;1129;1052;114802;50760;19.1;8.5
27;2021-04-26;1922;1145;116724;51905;19.4;8.6
27;2021-04-27;2525;1089;119249;52994;19.9;8.8
27;2021-04-28;2391;1313;121640;54307;20.3;9.0
27;2021-04-29;2492;1471;124132;55778;20.7;9.3
27;2021-04-30;2370;1612;126502;57390;21.1;9.6
27;2021-05-01;2637;888;129139;58278;21.5;9.7
27;2021-05-02;1953;897;131092;59175;21.8;9.9
27;2021-05-03;3064;881;134156;60056;22.3;10.0
27;2021-05-04;2782;1645;136938;61701;22.8;10.3
27;2021-05-05;2817;1651;139755;63352;23.3;10.5
27;2021-05-06;3184;1292;142939;64644;23.8;10.8
27;2021-05-07;3325;2001;146264;66645;24.3;11.1
27;2021-05-08;2800;1331;149064;67976;24.8;11.3
27;2021-05-09;1697;298;150761;68274;25.1;11.4
27;2021-05-10;2952;2271;153713;70545;25.6;11.7
27;2021-05-11;3355;1755;157068;72300;26.1;12.0
27;2021-05-12;3462;1728;160530;74028;26.7;12.3
27;2021-05-13;1892;253;162422;74281;27.0;12.4
27;2021-05-14;3883;1789;166305;76070;27.7;12.7
27;2021-05-15;6603;955;172908;77025;28.8;12.8
27;2021-05-16;3667;436;176575;77461;29.4;12.9
27;2021-05-17;2775;1158;179350;78619;29.9;13.1
27;2021-05-18;3846;1291;183196;79910;30.5;13.3
27;2021-05-19;3967;1150;187163;81060;31.2;13.5
27;2021-05-20;3873;1165;191036;82225;31.8;13.7
27;2021-05-21;3968;1800;195004;84025;32.5;14.0
27;2021-05-22;4367;801;199371;84826;33.2;14.1
27;2021-05-23;800;173;200171;84999;33.3;14.2
27;2021-05-24;1490;340;201661;85339;33.6;14.2
27;2021-05-25;3513;1608;205174;86947;34.2;14.5
27;2021-05-26;3856;1739;209030;88686;34.8;14.8
27;2021-05-27;3787;1487;212817;90173;35.4;15.0
27;2021-05-28;3398;2631;216215;92804;36.0;15.4
27;2021-05-29;4824;2299;221039;95103;36.8;15.8
27;2021-05-30;1119;248;222158;95351;37.0;15.9
27;2021-05-31;3464;2275;225622;97626;37.6;16.3
27;2021-06-01;3815;2245;229437;99871;38.2;16.6
27;2021-06-02;3341;2184;232778;102055;38.8;17.0
27;2021-06-03;4429;2126;237207;104181;39.5;17.3
27;2021-06-04;3602;2974;240809;107155;40.1;17.8
27;2021-06-05;3213;3349;244022;110504;40.6;18.4
27;2021-06-06;2004;1007;246026;111511;41.0;18.6
27;2021-06-07;2567;2357;248593;113868;41.4;19.0
27;2021-06-08;3124;2377;251717;116245;41.9;19.4
27;2021-06-09;2303;2469;254020;118714;42.3;19.8
27;2021-06-10;2431;2038;256451;120752;42.7;20.1
27;2021-06-11;2890;3771;259341;124523;43.2;20.7
27;2021-06-12;1983;4190;261324;128713;43.5;21.4
27;2021-06-13;1083;2685;262407;131398;43.7;21.9
27;2021-06-14;1995;3115;264402;134513;44.0;22.4
27;2021-06-15;2687;3021;267089;137534;44.5;22.9
27;2021-06-16;2503;3262;269592;140796;44.9;23.4
27;2021-06-17;2295;3285;271887;144081;45.3;24.0
27;2021-06-18;2746;4419;274633;148500;45.7;24.7
27;2021-06-19;1862;3389;276495;151889;46.0;25.3
27;2021-06-20;608;711;277103;152600;46.1;25.4
27;2021-06-21;1703;3492;278806;156092;46.4;26.0
27;2021-06-22;2384;3719;281190;159811;46.8;26.6
27;2021-06-23;2075;3568;283265;163379;47.2;27.2
27;2021-06-24;2256;3413;285521;166792;47.5;27.8
27;2021-06-25;1936;4458;287457;171250;47.9;28.5
27;2021-06-26;882;5354;288339;176604;48.0;29.4
27;2021-06-27;377;1426;288716;178030;48.1;29.6
27;2021-06-28;1128;3403;289844;181433;48.3;30.2
27;2021-06-29;1700;4369;291544;185802;48.5;30.9
27;2021-06-30;2117;4095;293661;189897;48.9;31.6
27;2021-07-01;2224;3905;295885;193802;49.3;32.3
27;2021-07-02;1585;4617;297470;198419;49.5;33.0
27;2021-07-03;1308;4774;298778;203193;49.7;33.8
27;2021-07-04;504;1402;299282;204595;49.8;34.1
27;2021-07-05;1419;3532;300701;208127;50.1;34.6
27;2021-07-06;1370;4182;302071;212309;50.3;35.3
27;2021-07-07;1756;4900;303827;217209;50.6;36.2
27;2021-07-08;2087;4348;305914;221557;50.9;36.9
27;2021-07-09;1985;5285;307899;226842;51.3;37.8
27;2021-07-10;1167;4176;309066;231018;51.5;38.5
27;2021-07-11;424;1140;309490;232158;51.5;38.6
27;2021-07-12;1249;4375;310739;236533;51.7;39.4
27;2021-07-13;2759;5353;313498;241886;52.2;40.3
27;2021-07-14;1517;1748;315015;243634;52.4;40.6
27;2021-07-15;3029;5467;318044;249101;52.9;41.5
27;2021-07-16;3818;5288;321862;254389;53.6;42.3
27;2021-07-17;2726;3878;324588;258267;54.0;43.0
27;2021-07-18;551;1264;325139;259531;54.1;43.2
27;2021-07-19;3685;3785;328824;263316;54.7;43.8
27;2021-07-20;3441;3587;332265;266903;55.3;44.4
27;2021-07-21;4246;3900;336511;270803;56.0;45.1
27;2021-07-22;4743;3703;341254;274506;56.8;45.7
27;2021-07-23;3582;3398;344836;277904;57.4;46.3
27;2021-07-24;3108;2328;347944;280232;57.9;46.7
27;2021-07-25;491;545;348435;280777;58.0;46.7
27;2021-07-26;3058;3180;351493;283957;58.5;47.3
27;2021-07-27;3569;3100;355062;287057;59.1;47.8
27;2021-07-28;3568;3243;358630;290300;59.7;48.3
27;2021-07-29;4571;3500;363201;293800;60.5;48.9
27;2021-07-30;3789;3138;366990;296938;61.1;49.4
27;2021-07-31;3045;2578;370035;299516;61.6;49.9
27;2021-08-01;536;498;370571;300014;61.7;49.9
27;2021-08-02;3311;2576;373882;302590;62.2;50.4
27;2021-08-03;3412;2774;377294;305364;62.8;50.8
27;2021-08-04;3017;2328;380311;307692;63.3;51.2
27;2021-08-05;2661;2354;382972;310046;63.8;51.6
27;2021-08-06;3247;3246;386219;313292;64.3;52.2
27;2021-08-07;1790;2550;388009;315842;64.6;52.6
27;2021-08-08;219;196;388228;316038;64.6;52.6
27;2021-08-09;2204;2808;390432;318846;65.0;53.1
27;2021-08-10;2808;3498;393240;322344;65.5;53.7
27;2021-08-11;2621;3095;395861;325439;65.9;54.2
27;2021-08-12;2343;3898;398204;329337;66.3;54.8
27;2021-08-13;1720;2554;399924;331891;66.6;55.3
27;2021-08-14;1154;2888;401078;334779;66.8;55.7
27;2021-08-15;16;22;401094;334801;66.8;55.7
27;2021-08-16;1801;3800;402895;338601;67.1;56.4
28;2020-12-27;0;0;0;0;0.0;0.0
28;2020-12-28;0;0;0;0;0.0;0.0
28;2020-12-29;0;0;0;0;0.0;0.0
28;2020-12-30;0;0;0;0;0.0;0.0
28;2020-12-31;0;0;0;0;0.0;0.0
28;2021-01-01;1;0;1;0;0.0;0.0
28;2021-01-02;0;0;1;0;0.0;0.0
28;2021-01-03;0;0;1;0;0.0;0.0
28;2021-01-04;0;0;1;0;0.0;0.0
28;2021-01-05;5;0;6;0;0.0;0.0
28;2021-01-06;84;0;90;0;0.0;0.0
28;2021-01-07;102;0;192;0;0.0;0.0
28;2021-01-08;134;2;326;2;0.1;0.0
28;2021-01-09;78;0;404;2;0.1;0.0
28;2021-01-10;1;0;405;2;0.1;0.0
28;2021-01-11;204;0;609;2;0.1;0.0
28;2021-01-12;265;2;874;4;0.2;0.0
28;2021-01-13;397;3;1271;7;0.3;0.0
28;2021-01-14;449;5;1720;12;0.4;0.0
28;2021-01-15;374;3;2094;15;0.5;0.0
28;2021-01-16;206;2;2300;17;0.5;0.0
28;2021-01-17;21;0;2321;17;0.5;0.0
28;2021-01-18;372;2;2693;19;0.6;0.0
28;2021-01-19;503;3;3196;22;0.7;0.0
28;2021-01-20;636;1;3832;23;0.9;0.0
28;2021-01-21;796;3;4628;26;1.1;0.0
28;2021-01-22;478;1;5106;27;1.2;0.0
28;2021-01-23;353;0;5459;27;1.3;0.0
28;2021-01-24;1;0;5460;27;1.3;0.0
28;2021-01-25;456;4;5916;31;1.4;0.0
28;2021-01-26;718;4;6634;35;1.5;0.0
28;2021-01-27;1213;50;7847;85;1.8;0.0
28;2021-01-28;1587;91;9434;176;2.2;0.0
28;2021-01-29;896;98;10330;274;2.4;0.1
28;2021-01-30;248;54;10578;328;2.5;0.1
28;2021-01-31;2;22;10580;350;2.5;0.1
28;2021-02-01;324;122;10904;472;2.5;0.1
28;2021-02-02;368;239;11272;711;2.6;0.2
28;2021-02-03;473;259;11745;970;2.7;0.2
28;2021-02-04;525;278;12270;1248;2.9;0.3
28;2021-02-05;436;226;12706;1474;3.0;0.3
28;2021-02-06;199;128;12905;1602;3.0;0.4
28;2021-02-07;0;0;12905;1602;3.0;0.4
28;2021-02-08;331;250;13236;1852;3.1;0.4
28;2021-02-09;281;347;13517;2199;3.1;0.5
28;2021-02-10;441;400;13958;2599;3.3;0.6
28;2021-02-11;562;491;14520;3090;3.4;0.7
28;2021-02-12;453;433;14973;3523;3.5;0.8
28;2021-02-13;181;192;15154;3715;3.5;0.9
28;2021-02-14;0;2;15154;3717;3.5;0.9
28;2021-02-15;280;475;15434;4192;3.6;1.0
28;2021-02-16;394;710;15828;4902;3.7;1.1
28;2021-02-17;583;1152;16411;6054;3.8;1.4
28;2021-02-18;665;1400;17076;7454;4.0;1.7
28;2021-02-19;546;765;17622;8219;4.1;1.9
28;2021-02-20;114;145;17736;8364;4.1;1.9
28;2021-02-21;7;33;17743;8397;4.1;2.0
28;2021-02-22;223;521;17966;8918;4.2;2.1
28;2021-02-23;203;379;18169;9297;4.2;2.2
28;2021-02-24;244;479;18413;9776;4.3;2.3
28;2021-02-25;574;453;18987;10229;4.4;2.4
28;2021-02-26;764;377;19751;10606;4.6;2.5
28;2021-02-27;265;86;20016;10692;4.7;2.5
28;2021-02-28;23;17;20039;10709;4.7;2.5
28;2021-03-01;291;215;20330;10924;4.7;2.5
28;2021-03-02;397;277;20727;11201;4.8;2.6
28;2021-03-03;369;401;21096;11602;4.9;2.7
28;2021-03-04;719;487;21815;12089;5.1;2.8
28;2021-03-05;1319;419;23134;12508;5.4;2.9
28;2021-03-06;1998;84;25132;12592;5.9;2.9
28;2021-03-07;974;29;26106;12621;6.1;2.9
28;2021-03-08;398;309;26504;12930;6.2;3.0
28;2021-03-09;980;359;27484;13289;6.4;3.1
28;2021-03-10;1358;540;28842;13829;6.7;3.2
28;2021-03-11;1534;701;30376;14530;7.1;3.4
28;2021-03-12;2256;640;32632;15170;7.6;3.5
28;2021-03-13;1235;132;33867;15302;7.9;3.6
28;2021-03-14;518;18;34385;15320;8.0;3.6
28;2021-03-15;756;231;35141;15551;8.2;3.6
28;2021-03-16;716;223;35857;15774;8.4;3.7
28;2021-03-17;746;288;36603;16062;8.5;3.7
28;2021-03-18;1201;277;37804;16339;8.8;3.8
28;2021-03-19;1557;333;39361;16672;9.2;3.9
28;2021-03-20;639;21;40000;16693;9.3;3.9
28;2021-03-21;28;7;40028;16700;9.3;3.9
28;2021-03-22;767;323;40795;17023;9.5;4.0
28;2021-03-23;1025;194;41820;17217;9.7;4.0
28;2021-03-24;1312;276;43132;17493;10.0;4.1
28;2021-03-25;1797;288;44929;17781;10.5;4.1
28;2021-03-26;2083;344;47012;18125;10.9;4.2
28;2021-03-27;402;38;47414;18163;11.0;4.2
28;2021-03-28;12;0;47426;18163;11.0;4.2
28;2021-03-29;1140;352;48566;18515;11.3;4.3
28;2021-03-30;1712;247;50278;18762;11.7;4.4
28;2021-03-31;2017;480;52295;19242;12.2;4.5
28;2021-04-01;1795;586;54090;19828;12.6;4.6
28;2021-04-02;1584;1320;55674;21148;13.0;4.9
28;2021-04-03;607;1072;56281;22220;13.1;5.2
28;2021-04-04;33;302;56314;22522;13.1;5.2
28;2021-04-05;40;3;56354;22525;13.1;5.2
28;2021-04-06;1226;462;57580;22987;13.4;5.4
28;2021-04-07;1890;1001;59470;23988;13.8;5.6
28;2021-04-08;2078;1069;61548;25057;14.3;5.8
28;2021-04-09;3236;918;64784;25975;15.1;6.0
28;2021-04-10;1582;194;66366;26169;15.5;6.1
28;2021-04-11;141;451;66507;26620;15.5;6.2
28;2021-04-12;1674;560;68181;27180;15.9;6.3
28;2021-04-13;1874;669;70055;27849;16.3;6.5
28;2021-04-14;2771;898;72826;28747;17.0;6.7
28;2021-04-15;2554;1136;75380;29883;17.6;7.0
28;2021-04-16;2552;803;77932;30686;18.1;7.1
28;2021-04-17;2309;131;80241;30817;18.7;7.2
28;2021-04-18;45;8;80286;30825;18.7;7.2
28;2021-04-19;1578;646;81864;31471;19.1;7.3
28;2021-04-20;1841;597;83705;32068;19.5;7.5
28;2021-04-21;2679;962;86384;33030;20.1;7.7
28;2021-04-22;1782;1215;88166;34245;20.5;8.0
28;2021-04-23;2324;1101;90490;35346;21.1;8.2
28;2021-04-24;3656;131;94146;35477;21.9;8.3
28;2021-04-25;1012;35;95158;35512;22.2;8.3
28;2021-04-26;1331;924;96489;36436;22.5;8.5
28;2021-04-27;1435;1277;97924;37713;22.8;8.8
28;2021-04-28;2370;1824;100294;39537;23.4;9.2
28;2021-04-29;2129;1497;102423;41034;23.9;9.6
28;2021-04-30;2973;1222;105396;42256;24.5;9.8
28;2021-05-01;127;120;105523;42376;24.6;9.9
28;2021-05-02;2;65;105525;42441;24.6;9.9
28;2021-05-03;1046;1019;106571;43460;24.8;10.1
28;2021-05-04;1360;1670;107931;45130;25.1;10.5
28;2021-05-05;2830;1648;110761;46778;25.8;10.9
28;2021-05-06;2456;1474;113217;48252;26.4;11.2
28;2021-05-07;2310;1933;115527;50185;26.9;11.7
28;2021-05-08;1077;116;116604;50301;27.2;11.7
28;2021-05-09;105;610;116709;50911;27.2;11.9
28;2021-05-10;1307;1892;118016;52803;27.5;12.3
28;2021-05-11;2028;2343;120044;55146;28.0;12.8
28;2021-05-12;2620;3230;122664;58376;28.6;13.6
28;2021-05-13;290;451;122954;58827;28.6;13.7
28;2021-05-14;1898;1619;124852;60446;29.1;14.1
28;2021-05-15;1436;1674;126288;62120;29.4;14.5
28;2021-05-16;1987;130;128275;62250;29.9;14.5
28;2021-05-17;2875;1495;131150;63745;30.5;14.8
28;2021-05-18;3381;1381;134531;65126;31.3;15.2
28;2021-05-19;5078;1282;139609;66408;32.5;15.5
28;2021-05-20;4150;1230;143759;67638;33.5;15.8
28;2021-05-21;3466;1586;147225;69224;34.3;16.1
28;2021-05-22;728;1162;147953;70386;34.5;16.4
28;2021-05-23;1957;137;149910;70523;34.9;16.4
28;2021-05-24;1428;395;151338;70918;35.2;16.5
28;2021-05-25;1877;1407;153215;72325;35.7;16.8
28;2021-05-26;2765;1346;155980;73671;36.3;17.2
28;2021-05-27;2755;1231;158735;74902;37.0;17.4
28;2021-05-28;3081;1736;161816;76638;37.7;17.8
28;2021-05-29;1869;874;163685;77512;38.1;18.1
28;2021-05-30;16;47;163701;77559;38.1;18.1
28;2021-05-31;2014;938;165715;78497;38.6;18.3
28;2021-06-01;2134;1663;167849;80160;39.1;18.7
28;2021-06-02;2075;2458;169924;82618;39.6;19.2
28;2021-06-03;2497;1563;172421;84181;40.2;19.6
28;2021-06-04;2609;2357;175030;86538;40.8;20.2
28;2021-06-05;1910;2529;176940;89067;41.2;20.7
28;2021-06-06;1059;1043;177999;90110;41.5;21.0
28;2021-06-07;3575;1573;181574;91683;42.3;21.4
28;2021-06-08;3195;1516;184769;93199;43.0;21.7
28;2021-06-09;3676;2129;188445;95328;43.9;22.2
28;2021-06-10;3141;1262;191586;96590;44.6;22.5
28;2021-06-11;3794;2132;195380;98722;45.5;23.0
28;2021-06-12;1304;560;196684;99282;45.8;23.1
28;2021-06-13;385;108;197069;99390;45.9;23.1
28;2021-06-14;2208;1997;199277;101387;46.4;23.6
28;2021-06-15;2092;2222;201369;103609;46.9;24.1
28;2021-06-16;2509;3981;203878;107590;47.5;25.1
28;2021-06-17;1925;3134;205803;110724;47.9;25.8
28;2021-06-18;2471;3786;208274;114510;48.5;26.7
28;2021-06-19;776;1612;209050;116122;48.7;27.0
28;2021-06-20;23;24;209073;116146;48.7;27.0
28;2021-06-21;1683;1989;210756;118135;49.1;27.5
28;2021-06-22;1369;2108;212125;120243;49.4;28.0
28;2021-06-23;1781;3164;213906;123407;49.8;28.7
28;2021-06-24;733;930;214639;124337;50.0;29.0
28;2021-06-25;1891;3028;216530;127365;50.4;29.7
28;2021-06-26;310;2116;216840;129481;50.5;30.2
28;2021-06-27;588;1284;217428;130765;50.6;30.5
28;2021-06-28;1226;3654;218654;134419;50.9;31.3
28;2021-06-29;1340;3799;219994;138218;51.2;32.2
28;2021-06-30;1492;4257;221486;142475;51.6;33.2
28;2021-07-01;1278;3463;222764;145938;51.9;34.0
28;2021-07-02;1312;4654;224076;150592;52.2;35.1
28;2021-07-03;1132;2369;225208;152961;52.4;35.6
28;2021-07-04;146;1325;225354;154286;52.5;35.9
28;2021-07-05;1362;2511;226716;156797;52.8;36.5
28;2021-07-06;1509;2869;228225;159666;53.1;37.2
28;2021-07-07;1637;4144;229862;163810;53.5;38.1
28;2021-07-08;1467;3237;231329;167047;53.9;38.9
28;2021-07-09;1392;4523;232721;171570;54.2;40.0
28;2021-07-10;527;2209;233248;173779;54.3;40.5
28;2021-07-11;1;1;233249;173780;54.3;40.5
28;2021-07-12;1528;3931;234777;177711;54.7;41.4
28;2021-07-13;2263;4137;237040;181848;55.2;42.3
28;2021-07-14;1329;1395;238369;183243;55.5;42.7
28;2021-07-15;2982;3977;241351;187220;56.2;43.6
28;2021-07-16;2440;4757;243791;191977;56.8;44.7
28;2021-07-17;1265;2431;245056;194408;57.1;45.3
28;2021-07-18;371;944;245427;195352;57.2;45.5
28;2021-07-19;1803;4342;247230;199694;57.6;46.5
28;2021-07-20;2466;4087;249696;203781;58.1;47.5
28;2021-07-21;2961;4284;252657;208065;58.8;48.5
28;2021-07-22;3658;3429;256315;211494;59.7;49.3
28;2021-07-23;2950;3999;259265;215493;60.4;50.2
28;2021-07-24;1693;1471;260958;216964;60.8;50.5
28;2021-07-25;68;60;261026;217024;60.8;50.5
28;2021-07-26;2923;3377;263949;220401;61.5;51.3
28;2021-07-27;3869;2618;267818;223019;62.4;51.9
28;2021-07-28;3936;2733;271754;225752;63.3;52.6
28;2021-07-29;4452;2083;276206;227835;64.3;53.1
28;2021-07-30;3784;2839;279990;230674;65.2;53.7
28;2021-07-31;761;824;280751;231498;65.4;53.9
28;2021-08-01;377;64;281128;231562;65.5;53.9
28;2021-08-02;1785;1517;282913;233079;65.9;54.3
28;2021-08-03;2678;2160;285591;235239;66.5;54.8
28;2021-08-04;1927;2294;287518;237533;67.0;55.3
28;2021-08-05;1647;1723;289165;239256;67.3;55.7
28;2021-08-06;1610;1960;290775;241216;67.7;56.2
28;2021-08-07;796;999;291571;242215;67.9;56.4
28;2021-08-08;21;33;291592;242248;67.9;56.4
28;2021-08-09;1380;1085;292972;243333;68.2;56.7
28;2021-08-10;1701;2023;294673;245356;68.6;57.1
28;2021-08-11;1266;1568;295939;246924;68.9;57.5
28;2021-08-12;1154;1880;297093;248804;69.2;57.9
28;2021-08-13;1278;1635;298371;250439;69.5;58.3
28;2021-08-14;655;841;299026;251280;69.6;58.5
28;2021-08-15;263;57;299289;251337;69.7;58.5
28;2021-08-16;857;2140;300146;253477;69.9;59.0
29;2020-12-27;0;0;0;0;0.0;0.0
29;2020-12-28;0;0;0;0;0.0;0.0
29;2020-12-29;0;0;0;0;0.0;0.0
29;2020-12-30;0;0;0;0;0.0;0.0
29;2020-12-31;0;0;0;0;0.0;0.0
29;2021-01-01;1;0;1;0;0.0;0.0
29;2021-01-02;0;0;1;0;0.0;0.0
29;2021-01-03;1;0;2;0;0.0;0.0
29;2021-01-04;30;0;32;0;0.0;0.0
29;2021-01-05;31;0;63;0;0.0;0.0
29;2021-01-06;43;0;106;0;0.0;0.0
29;2021-01-07;136;0;242;0;0.0;0.0
29;2021-01-08;408;0;650;0;0.1;0.0
29;2021-01-09;2;0;652;0;0.1;0.0
29;2021-01-10;2;0;654;0;0.1;0.0
29;2021-01-11;666;0;1320;0;0.1;0.0
29;2021-01-12;1120;0;2440;0;0.3;0.0
29;2021-01-13;1097;2;3537;2;0.4;0.0
29;2021-01-14;894;4;4431;6;0.5;0.0
29;2021-01-15;1218;7;5649;13;0.6;0.0
29;2021-01-16;168;1;5817;14;0.6;0.0
29;2021-01-17;112;1;5929;15;0.7;0.0
29;2021-01-18;839;3;6768;18;0.7;0.0
29;2021-01-19;1285;0;8053;18;0.9;0.0
29;2021-01-20;2393;2;10446;20;1.2;0.0
29;2021-01-21;5612;6;16058;26;1.8;0.0
29;2021-01-22;3757;5;19815;31;2.2;0.0
29;2021-01-23;537;0;20352;31;2.2;0.0
29;2021-01-24;200;1;20552;32;2.3;0.0
29;2021-01-25;575;7;21127;39;2.3;0.0
29;2021-01-26;951;34;22078;73;2.4;0.0
29;2021-01-27;1286;54;23364;127;2.6;0.0
29;2021-01-28;801;137;24165;264;2.7;0.0
29;2021-01-29;778;205;24943;469;2.8;0.1
29;2021-01-30;281;4;25224;473;2.8;0.1
29;2021-01-31;80;5;25304;478;2.8;0.1
29;2021-02-01;429;449;25733;927;2.8;0.1
29;2021-02-02;876;824;26609;1751;2.9;0.2
29;2021-02-03;811;894;27420;2645;3.0;0.3
29;2021-02-04;866;642;28286;3287;3.1;0.4
29;2021-02-05;675;585;28961;3872;3.2;0.4
29;2021-02-06;247;102;29208;3974;3.2;0.4
29;2021-02-07;78;105;29286;4079;3.2;0.4
29;2021-02-08;383;446;29669;4525;3.3;0.5
29;2021-02-09;863;853;30532;5378;3.4;0.6
29;2021-02-10;1148;1019;31680;6397;3.5;0.7
29;2021-02-11;1795;4163;33475;10560;3.7;1.2
29;2021-02-12;2323;2505;35798;13065;3.9;1.4
29;2021-02-13;638;414;36436;13479;4.0;1.5
29;2021-02-14;12;229;36448;13708;4.0;1.5
29;2021-02-15;266;948;36714;14656;4.0;1.6
29;2021-02-16;886;1060;37600;15716;4.1;1.7
29;2021-02-17;801;856;38401;16572;4.2;1.8
29;2021-02-18;1530;849;39931;17421;4.4;1.9
29;2021-02-19;1412;1003;41343;18424;4.6;2.0
29;2021-02-20;204;368;41547;18792;4.6;2.1
29;2021-02-21;162;169;41709;18961;4.6;2.1
29;2021-02-22;773;563;42482;19524;4.7;2.2
29;2021-02-23;1271;913;43753;20437;4.8;2.3
29;2021-02-24;1470;831;45223;21268;5.0;2.3
29;2021-02-25;2510;903;47733;22171;5.3;2.4
29;2021-02-26;2677;716;50410;22887;5.6;2.5
29;2021-02-27;1284;282;51694;23169;5.7;2.6
29;2021-02-28;199;72;51893;23241;5.7;2.6
29;2021-03-01;945;484;52838;23725;5.8;2.6
29;2021-03-02;1816;800;54654;24525;6.0;2.7
29;2021-03-03;2093;1018;56747;25543;6.3;2.8
29;2021-03-04;2843;1556;59590;27099;6.6;3.0
29;2021-03-05;3539;1683;63129;28782;7.0;3.2
29;2021-03-06;2000;439;65129;29221;7.2;3.2
29;2021-03-07;412;83;65541;29304;7.2;3.2
29;2021-03-08;1274;594;66815;29898;7.4;3.3
29;2021-03-09;2605;978;69420;30876;7.7;3.4
29;2021-03-10;2427;873;71847;31749;7.9;3.5
29;2021-03-11;4519;1003;76366;32752;8.4;3.6
29;2021-03-12;5271;968;81637;33720;9.0;3.7
29;2021-03-13;2822;408;84459;34128;9.3;3.8
29;2021-03-14;365;3;84824;34131;9.4;3.8
29;2021-03-15;2049;270;86873;34401;9.6;3.8
29;2021-03-16;1821;741;88694;35142;9.8;3.9
29;2021-03-17;1860;711;90554;35853;10.0;4.0
29;2021-03-18;1863;1039;92417;36892;10.2;4.1
29;2021-03-19;3267;881;95684;37773;10.6;4.2
29;2021-03-20;1914;222;97598;37995;10.8;4.2
29;2021-03-21;132;11;97730;38006;10.8;4.2
29;2021-03-22;1647;555;99377;38561;11.0;4.3
29;2021-03-23;3441;1034;102818;39595;11.3;4.4
29;2021-03-24;3780;1025;106598;40620;11.8;4.5
29;2021-03-25;4815;1071;111413;41691;12.3;4.6
29;2021-03-26;5421;1167;116834;42858;12.9;4.7
29;2021-03-27;2429;332;119263;43190;13.2;4.8
29;2021-03-28;198;50;119461;43240;13.2;4.8
29;2021-03-29;2040;824;121501;44064;13.4;4.9
29;2021-03-30;3973;1326;125474;45390;13.8;5.0
29;2021-03-31;3937;1153;129411;46543;14.3;5.1
29;2021-04-01;5022;1145;134433;47688;14.8;5.3
29;2021-04-02;4767;1170;139200;48858;15.4;5.4
29;2021-04-03;2500;538;141700;49396;15.6;5.4
29;2021-04-04;146;31;141846;49427;15.6;5.5
29;2021-04-05;972;332;142818;49759;15.8;5.5
29;2021-04-06;3197;1237;146015;50996;16.1;5.6
29;2021-04-07;3652;940;149667;51936;16.5;5.7
29;2021-04-08;5288;2056;154955;53992;17.1;6.0
29;2021-04-09;6750;1564;161705;55556;17.8;6.1
29;2021-04-10;3498;705;165203;56261;18.2;6.2
29;2021-04-11;120;80;165323;56341;18.2;6.2
29;2021-04-12;3854;1483;169177;57824;18.7;6.4
29;2021-04-13;5862;1758;175039;59582;19.3;6.6
29;2021-04-14;4761;1743;179800;61325;19.8;6.8
29;2021-04-15;7172;1730;186972;63055;20.6;7.0
29;2021-04-16;6703;1356;193675;64411;21.4;7.1
29;2021-04-17;3828;969;197503;65380;21.8;7.2
29;2021-04-18;489;40;197992;65420;21.8;7.2
29;2021-04-19;3877;1465;201869;66885;22.3;7.4
29;2021-04-20;4397;2135;206266;69020;22.8;7.6
29;2021-04-21;4374;2197;210640;71217;23.2;7.9
29;2021-04-22;6644;2857;217284;74074;24.0;8.2
29;2021-04-23;6043;2195;223327;76269;24.6;8.4
29;2021-04-24;4007;1318;227334;77587;25.1;8.6
29;2021-04-25;433;169;227767;77756;25.1;8.6
29;2021-04-26;5261;1881;233028;79637;25.7;8.8
29;2021-04-27;5334;3197;238362;82834;26.3;9.1
29;2021-04-28;5354;2898;243716;85732;26.9;9.5
29;2021-04-29;6587;3347;250303;89079;27.6;9.8
29;2021-04-30;6264;3911;256567;92990;28.3;10.3
29;2021-05-01;1984;978;258551;93968;28.5;10.4
29;2021-05-02;1249;195;259800;94163;28.7;10.4
29;2021-05-03;4540;2291;264340;96454;29.2;10.6
29;2021-05-04;4110;3740;268450;100194;29.6;11.1
29;2021-05-05;4515;3410;272965;103604;30.1;11.4
29;2021-05-06;6238;3720;279203;107324;30.8;11.8
29;2021-05-07;5984;4619;285187;111943;31.5;12.3
29;2021-05-08;2092;565;287279;112508;31.7;12.4
29;2021-05-09;1726;137;289005;112645;31.9;12.4
29;2021-05-10;4762;3768;293767;116413;32.4;12.8
29;2021-05-11;4712;5000;298479;121413;32.9;13.4
29;2021-05-12;5027;4383;303506;125796;33.5;13.9
29;2021-05-13;3441;1502;306947;127298;33.9;14.0
29;2021-05-14;5649;4005;312596;131303;34.5;14.5
29;2021-05-15;4048;2317;316644;133620;34.9;14.7
29;2021-05-16;1587;294;318231;133914;35.1;14.8
29;2021-05-17;5564;3133;323795;137047;35.7;15.1
29;2021-05-18;5733;3099;329528;140146;36.3;15.5
29;2021-05-19;6205;2970;335733;143116;37.0;15.8
29;2021-05-20;7174;4568;342907;147684;37.8;16.3
29;2021-05-21;7215;3814;350122;151498;38.6;16.7
29;2021-05-22;5338;2130;355460;153628;39.2;16.9
29;2021-05-23;1631;65;357091;153693;39.4;17.0
29;2021-05-24;3485;535;360576;154228;39.8;17.0
29;2021-05-25;5834;3041;366410;157269;40.4;17.3
29;2021-05-26;5894;2994;372304;160263;41.1;17.7
29;2021-05-27;6826;3987;379130;164250;41.8;18.1
29;2021-05-28;6547;4450;385677;168700;42.5;18.6
29;2021-05-29;4383;2805;390060;171505;43.0;18.9
29;2021-05-30;1115;361;391175;171866;43.1;19.0
29;2021-05-31;6387;3457;397562;175323;43.9;19.3
29;2021-06-01;6604;4352;404166;179675;44.6;19.8
29;2021-06-02;6165;4131;410331;183806;45.3;20.3
29;2021-06-03;7695;4525;418026;188331;46.1;20.8
29;2021-06-04;6815;6168;424841;194499;46.9;21.5
29;2021-06-05;5350;3036;430191;197535;47.5;21.8
29;2021-06-06;1285;538;431476;198073;47.6;21.8
29;2021-06-07;4660;5563;436136;203636;48.1;22.5
29;2021-06-08;7174;5213;443310;208849;48.9;23.0
29;2021-06-09;6409;4754;449719;213603;49.6;23.6
29;2021-06-10;7779;5068;457498;218671;50.5;24.1
29;2021-06-11;8479;5876;465977;224547;51.4;24.8
29;2021-06-12;6568;2812;472545;227359;52.1;25.1
29;2021-06-13;2352;1372;474897;228731;52.4;25.2
29;2021-06-14;4034;6322;478931;235053;52.8;25.9
29;2021-06-15;5475;6189;484406;241242;53.4;26.6
29;2021-06-16;5566;5631;489972;246873;54.0;27.2
29;2021-06-17;6362;6311;496334;253184;54.7;27.9
29;2021-06-18;6114;7487;502448;260671;55.4;28.8
29;2021-06-19;4623;3527;507071;264198;55.9;29.1
29;2021-06-20;891;1454;507962;265652;56.0;29.3
29;2021-06-21;3759;6498;511721;272150;56.4;30.0
29;2021-06-22;4488;6426;516209;278576;56.9;30.7
29;2021-06-23;4672;6130;520881;284706;57.5;31.4
29;2021-06-24;4808;6749;525689;291455;58.0;32.1
29;2021-06-25;3602;7531;529291;298986;58.4;33.0
29;2021-06-26;2128;4094;531419;303080;58.6;33.4
29;2021-06-27;967;1632;532386;304712;58.7;33.6
29;2021-06-28;2840;6863;535226;311575;59.0;34.4
29;2021-06-29;2809;7729;538035;319304;59.3;35.2
29;2021-06-30;3042;7508;541077;326812;59.7;36.0
29;2021-07-01;3782;8421;544859;335233;60.1;37.0
29;2021-07-02;3604;9671;548463;344904;60.5;38.0
29;2021-07-03;2327;6057;550790;350961;60.8;38.7
29;2021-07-04;816;1771;551606;352732;60.8;38.9
29;2021-07-05;1912;7160;553518;359892;61.1;39.7
29;2021-07-06;1532;8013;555050;367905;61.2;40.6
29;2021-07-07;1701;7042;556751;374947;61.4;41.4
29;2021-07-08;2443;8212;559194;383159;61.7;42.3
29;2021-07-09;2621;9076;561815;392235;62.0;43.3
29;2021-07-10;1918;6106;563733;398341;62.2;43.9
29;2021-07-11;447;1063;564180;399404;62.2;44.1
29;2021-07-12;1974;8378;566154;407782;62.5;45.0
29;2021-07-13;2742;8658;568896;416440;62.8;45.9
29;2021-07-14;2076;3364;570972;419804;63.0;46.3
29;2021-07-15;3838;9726;574810;429530;63.4;47.4
29;2021-07-16;4593;9193;579403;438723;63.9;48.4
29;2021-07-17;3220;6117;582623;444840;64.3;49.1
29;2021-07-18;663;1078;583286;445918;64.3;49.2
29;2021-07-19;3149;7552;586435;453470;64.7;50.0
29;2021-07-20;3537;9443;589972;462913;65.1;51.1
29;2021-07-21;3630;7728;593602;470641;65.5;51.9
29;2021-07-22;3394;8542;596996;479183;65.9;52.9
29;2021-07-23;4031;10714;601027;489897;66.3;54.0
29;2021-07-24;2526;5958;603553;495855;66.6;54.7
29;2021-07-25;650;2363;604203;498218;66.6;55.0
29;2021-07-26;3364;7286;607567;505504;67.0;55.8
29;2021-07-27;3684;7114;611251;512618;67.4;56.5
29;2021-07-28;4166;6036;615417;518654;67.9;57.2
29;2021-07-29;5633;6361;621050;525015;68.5;57.9
29;2021-07-30;5401;6530;626451;531545;69.1;58.6
29;2021-07-31;2919;4933;629370;536478;69.4;59.2
29;2021-08-01;650;922;630020;537400;69.5;59.3
29;2021-08-02;4269;5218;634289;542618;70.0;59.9
29;2021-08-03;5469;4404;639758;547022;70.6;60.3
29;2021-08-04;5700;3603;645458;550625;71.2;60.7
29;2021-08-05;6613;4105;652071;554730;71.9;61.2
29;2021-08-06;6147;4331;658218;559061;72.6;61.7
29;2021-08-07;4275;2948;662493;562009;73.1;62.0
29;2021-08-08;842;753;663335;562762;73.2;62.1
29;2021-08-09;3060;4742;666395;567504;73.5;62.6
29;2021-08-10;4467;3862;670862;571366;74.0;63.0
29;2021-08-11;3946;3178;674808;574544;74.4;63.4
29;2021-08-12;4623;4491;679431;579035;74.9;63.9
29;2021-08-13;4102;3708;683533;582743;75.4;64.3
29;2021-08-14;2930;2830;686463;585573;75.7;64.6
29;2021-08-15;337;403;686800;585976;75.8;64.6
29;2021-08-16;3265;4371;690065;590347;76.1;65.1
2A;2020-12-27;0;0;0;0;0.0;0.0
2A;2020-12-28;0;0;0;0;0.0;0.0
2A;2020-12-29;0;0;0;0;0.0;0.0
2A;2020-12-30;0;0;0;0;0.0;0.0
2A;2020-12-31;0;0;0;0;0.0;0.0
2A;2021-01-01;0;0;0;0;0.0;0.0
2A;2021-01-02;1;0;1;0;0.0;0.0
2A;2021-01-03;0;0;1;0;0.0;0.0
2A;2021-01-04;0;0;1;0;0.0;0.0
2A;2021-01-05;0;0;1;0;0.0;0.0
2A;2021-01-06;6;0;7;0;0.0;0.0
2A;2021-01-07;122;1;129;1;0.1;0.0
2A;2021-01-08;113;0;242;1;0.1;0.0
2A;2021-01-09;39;0;281;1;0.2;0.0
2A;2021-01-10;33;0;314;1;0.2;0.0
2A;2021-01-11;76;0;390;1;0.2;0.0
2A;2021-01-12;85;0;475;1;0.3;0.0
2A;2021-01-13;111;0;586;1;0.4;0.0
2A;2021-01-14;192;1;778;2;0.5;0.0
2A;2021-01-15;149;0;927;2;0.6;0.0
2A;2021-01-16;157;1;1084;3;0.7;0.0
2A;2021-01-17;85;1;1169;4;0.7;0.0
2A;2021-01-18;200;2;1369;6;0.8;0.0
2A;2021-01-19;487;0;1856;6;1.1;0.0
2A;2021-01-20;353;0;2209;6;1.4;0.0
2A;2021-01-21;451;1;2660;7;1.6;0.0
2A;2021-01-22;367;0;3027;7;1.9;0.0
2A;2021-01-23;183;0;3210;7;2.0;0.0
2A;2021-01-24;118;1;3328;8;2.0;0.0
2A;2021-01-25;213;0;3541;8;2.2;0.0
2A;2021-01-26;402;7;3943;15;2.4;0.0
2A;2021-01-27;324;5;4267;20;2.6;0.0
2A;2021-01-28;335;80;4602;100;2.8;0.1
2A;2021-01-29;341;63;4943;163;3.0;0.1
2A;2021-01-30;126;40;5069;203;3.1;0.1
2A;2021-01-31;92;12;5161;215;3.2;0.1
2A;2021-02-01;230;53;5391;268;3.3;0.2
2A;2021-02-02;288;117;5679;385;3.5;0.2
2A;2021-02-03;265;75;5944;460;3.7;0.3
2A;2021-02-04;256;122;6200;582;3.8;0.4
2A;2021-02-05;267;106;6467;688;4.0;0.4
2A;2021-02-06;121;59;6588;747;4.1;0.5
2A;2021-02-07;68;56;6656;803;4.1;0.5
2A;2021-02-08;91;209;6747;1012;4.2;0.6
2A;2021-02-09;128;302;6875;1314;4.2;0.8
2A;2021-02-10;161;236;7036;1550;4.3;1.0
2A;2021-02-11;297;368;7333;1918;4.5;1.2
2A;2021-02-12;345;303;7678;2221;4.7;1.4
2A;2021-02-13;225;59;7903;2280;4.9;1.4
2A;2021-02-14;133;77;8036;2357;4.9;1.5
2A;2021-02-15;191;182;8227;2539;5.1;1.6
2A;2021-02-16;385;320;8612;2859;5.3;1.8
2A;2021-02-17;286;166;8898;3025;5.5;1.9
2A;2021-02-18;340;198;9238;3223;5.7;2.0
2A;2021-02-19;145;300;9383;3523;5.8;2.2
2A;2021-02-20;243;138;9626;3661;5.9;2.3
2A;2021-02-21;58;55;9684;3716;6.0;2.3
2A;2021-02-22;77;215;9761;3931;6.0;2.4
2A;2021-02-23;122;290;9883;4221;6.1;2.6
2A;2021-02-24;82;297;9965;4518;6.1;2.8
2A;2021-02-25;105;265;10070;4783;6.2;2.9
2A;2021-02-26;123;273;10193;5056;6.3;3.1
2A;2021-02-27;308;69;10501;5125;6.5;3.2
2A;2021-02-28;69;66;10570;5191;6.5;3.2
2A;2021-03-01;116;152;10686;5343;6.6;3.3
2A;2021-03-02;197;264;10883;5607;6.7;3.5
2A;2021-03-03;242;256;11125;5863;6.8;3.6
2A;2021-03-04;508;228;11633;6091;7.2;3.8
2A;2021-03-05;972;289;12605;6380;7.8;3.9
2A;2021-03-06;1166;75;13771;6455;8.5;4.0
2A;2021-03-07;1019;45;14790;6500;9.1;4.0
2A;2021-03-08;931;88;15721;6588;9.7;4.1
2A;2021-03-09;936;151;16657;6739;10.3;4.1
2A;2021-03-10;629;138;17286;6877;10.6;4.2
2A;2021-03-11;723;281;18009;7158;11.1;4.4
2A;2021-03-12;561;319;18570;7477;11.4;4.6
2A;2021-03-13;613;198;19183;7675;11.8;4.7
2A;2021-03-14;312;126;19495;7801;12.0;4.8
2A;2021-03-15;376;203;19871;8004;12.2;4.9
2A;2021-03-16;498;369;20369;8373;12.5;5.2
2A;2021-03-17;699;274;21068;8647;13.0;5.3
2A;2021-03-18;447;306;21515;8953;13.2;5.5
2A;2021-03-19;487;158;22002;9111;13.5;5.6
2A;2021-03-20;1079;261;23081;9372;14.2;5.8
2A;2021-03-21;696;53;23777;9425;14.6;5.8
2A;2021-03-22;347;67;24124;9492;14.9;5.8
2A;2021-03-23;517;58;24641;9550;15.2;5.9
2A;2021-03-24;862;92;25503;9642;15.7;5.9
2A;2021-03-25;930;140;26433;9782;16.3;6.0
2A;2021-03-26;1078;164;27511;9946;16.9;6.1
2A;2021-03-27;1189;199;28700;10145;17.7;6.2
2A;2021-03-28;241;98;28941;10243;17.8;6.3
2A;2021-03-29;283;138;29224;10381;18.0;6.4
2A;2021-03-30;382;237;29606;10618;18.2;6.5
2A;2021-03-31;446;227;30052;10845;18.5;6.7
2A;2021-04-01;638;453;30690;11298;18.9;7.0
2A;2021-04-02;904;785;31594;12083;19.5;7.4
2A;2021-04-03;646;982;32240;13065;19.8;8.0
2A;2021-04-04;579;784;32819;13849;20.2;8.5
2A;2021-04-05;525;698;33344;14547;20.5;9.0
2A;2021-04-06;550;557;33894;15104;20.9;9.3
2A;2021-04-07;788;426;34682;15530;21.4;9.6
2A;2021-04-08;1049;355;35731;15885;22.0;9.8
2A;2021-04-09;935;394;36666;16279;22.6;10.0
2A;2021-04-10;1058;381;37724;16660;23.2;10.3
2A;2021-04-11;362;256;38086;16916;23.4;10.4
2A;2021-04-12;669;342;38755;17258;23.9;10.6
2A;2021-04-13;328;380;39083;17638;24.1;10.9
2A;2021-04-14;1047;588;40130;18226;24.7;11.2
2A;2021-04-15;1043;524;41173;18750;25.3;11.5
2A;2021-04-16;871;395;42044;19145;25.9;11.8
2A;2021-04-17;1368;938;43412;20083;26.7;12.4
2A;2021-04-18;982;947;44394;21030;27.3;12.9
2A;2021-04-19;269;343;44663;21373;27.5;13.2
2A;2021-04-20;354;344;45017;21717;27.7;13.4
2A;2021-04-21;729;734;45746;22451;28.2;13.8
2A;2021-04-22;896;649;46642;23100;28.7;14.2
2A;2021-04-23;987;776;47629;23876;29.3;14.7
2A;2021-04-24;1749;983;49378;24859;30.4;15.3
2A;2021-04-25;975;305;50353;25164;31.0;15.5
2A;2021-04-26;307;226;50660;25390;31.2;15.6
2A;2021-04-27;344;349;51004;25739;31.4;15.8
2A;2021-04-28;1671;423;52675;26162;32.4;16.1
2A;2021-04-29;1054;359;53729;26521;33.1;16.3
2A;2021-04-30;1129;1060;54858;27581;33.8;17.0
2A;2021-05-01;971;575;55829;28156;34.4;17.3
2A;2021-05-02;675;707;56504;28863;34.8;17.8
2A;2021-05-03;583;576;57087;29439;35.1;18.1
2A;2021-05-04;751;535;57838;29974;35.6;18.5
2A;2021-05-05;1009;984;58847;30958;36.2;19.1
2A;2021-05-06;905;912;59752;31870;36.8;19.6
2A;2021-05-07;1155;836;60907;32706;37.5;20.1
2A;2021-05-08;422;499;61329;33205;37.8;20.4
2A;2021-05-09;783;638;62112;33843;38.2;20.8
2A;2021-05-10;453;740;62565;34583;38.5;21.3
2A;2021-05-11;652;415;63217;34998;38.9;21.5
2A;2021-05-12;920;486;64137;35484;39.5;21.8
2A;2021-05-13;919;139;65056;35623;40.1;21.9
2A;2021-05-14;798;682;65854;36305;40.5;22.4
2A;2021-05-15;781;648;66635;36953;41.0;22.8
2A;2021-05-16;737;500;67372;37453;41.5;23.1
2A;2021-05-17;583;561;67955;38014;41.8;23.4
2A;2021-05-18;615;476;68570;38490;42.2;23.7
2A;2021-05-19;788;481;69358;38971;42.7;24.0
2A;2021-05-20;692;540;70050;39511;43.1;24.3
2A;2021-05-21;535;483;70585;39994;43.5;24.6
2A;2021-05-22;441;309;71026;40303;43.7;24.8
2A;2021-05-23;533;284;71559;40587;44.1;25.0
2A;2021-05-24;125;33;71684;40620;44.1;25.0
2A;2021-05-25;416;505;72100;41125;44.4;25.3
2A;2021-05-26;426;1167;72526;42292;44.7;26.0
2A;2021-05-27;435;1111;72961;43403;44.9;26.7
2A;2021-05-28;297;916;73258;44319;45.1;27.3
2A;2021-05-29;335;900;73593;45219;45.3;27.8
2A;2021-05-30;182;506;73775;45725;45.4;28.2
2A;2021-05-31;189;413;73964;46138;45.5;28.4
2A;2021-06-01;339;729;74303;46867;45.7;28.9
2A;2021-06-02;283;939;74586;47806;45.9;29.4
2A;2021-06-03;304;849;74890;48655;46.1;30.0
2A;2021-06-04;272;1093;75162;49748;46.3;30.6
2A;2021-06-05;319;1442;75481;51190;46.5;31.5
2A;2021-06-06;173;909;75654;52099;46.6;32.1
2A;2021-06-07;170;661;75824;52760;46.7;32.5
2A;2021-06-08;321;706;76145;53466;46.9;32.9
2A;2021-06-09;297;1318;76442;54784;47.1;33.7
2A;2021-06-10;329;857;76771;55641;47.3;34.3
2A;2021-06-11;279;1021;77050;56662;47.4;34.9
2A;2021-06-12;229;664;77279;57326;47.6;35.3
2A;2021-06-13;187;797;77466;58123;47.7;35.8
2A;2021-06-14;251;921;77717;59044;47.8;36.4
2A;2021-06-15;217;507;77934;59551;48.0;36.7
2A;2021-06-16;212;776;78146;60327;48.1;37.1
2A;2021-06-17;233;592;78379;60919;48.3;37.5
2A;2021-06-18;244;914;78623;61833;48.4;38.1
2A;2021-06-19;207;690;78830;62523;48.5;38.5
2A;2021-06-20;149;692;78979;63215;48.6;38.9
2A;2021-06-21;181;791;79160;64006;48.7;39.4
2A;2021-06-22;235;842;79395;64848;48.9;39.9
2A;2021-06-23;217;569;79612;65417;49.0;40.3
2A;2021-06-24;149;369;79761;65786;49.1;40.5
2A;2021-06-25;167;472;79928;66258;49.2;40.8
2A;2021-06-26;202;873;80130;67131;49.3;41.3
2A;2021-06-27;174;794;80304;67925;49.4;41.8
2A;2021-06-28;194;704;80498;68629;49.6;42.3
2A;2021-06-29;214;689;80712;69318;49.7;42.7
2A;2021-06-30;242;493;80954;69811;49.8;43.0
2A;2021-07-01;211;486;81165;70297;50.0;43.3
2A;2021-07-02;187;370;81352;70667;50.1;43.5
2A;2021-07-03;211;617;81563;71284;50.2;43.9
2A;2021-07-04;178;664;81741;71948;50.3;44.3
2A;2021-07-05;163;235;81904;72183;50.4;44.4
2A;2021-07-06;250;391;82154;72574;50.6;44.7
2A;2021-07-07;430;610;82584;73184;50.8;45.1
2A;2021-07-08;590;704;83174;73888;51.2;45.5
2A;2021-07-09;377;421;83551;74309;51.4;45.8
2A;2021-07-10;281;346;83832;74655;51.6;46.0
2A;2021-07-11;91;162;83923;74817;51.7;46.1
2A;2021-07-12;311;349;84234;75166;51.9;46.3
2A;2021-07-13;1178;534;85412;75700;52.6;46.6
2A;2021-07-14;1619;337;87031;76037;53.6;46.8
2A;2021-07-15;1430;834;88461;76871;54.5;47.3
2A;2021-07-16;1165;466;89626;77337;55.2;47.6
2A;2021-07-17;1096;343;90722;77680;55.9;47.8
2A;2021-07-18;634;134;91356;77814;56.2;47.9
2A;2021-07-19;913;431;92269;78245;56.8;48.2
2A;2021-07-20;1273;472;93542;78717;57.6;48.5
2A;2021-07-21;1426;719;94968;79436;58.5;48.9
2A;2021-07-22;1384;766;96352;80202;59.3;49.4
2A;2021-07-23;1430;465;97782;80667;60.2;49.7
2A;2021-07-24;884;290;98666;80957;60.7;49.8
2A;2021-07-25;448;71;99114;81028;61.0;49.9
2A;2021-07-26;1174;502;100288;81530;61.7;50.2
2A;2021-07-27;1255;510;101543;82040;62.5;50.5
2A;2021-07-28;1194;584;102737;82624;63.3;50.9
2A;2021-07-29;1208;653;103945;83277;64.0;51.3
2A;2021-07-30;935;604;104880;83881;64.6;51.6
2A;2021-07-31;533;339;105413;84220;64.9;51.9
2A;2021-08-01;548;119;105961;84339;65.2;51.9
2A;2021-08-02;440;485;106401;84824;65.5;52.2
2A;2021-08-03;799;882;107200;85706;66.0;52.8
2A;2021-08-04;721;1160;107921;86866;66.4;53.5
2A;2021-08-05;904;1347;108825;88213;67.0;54.3
2A;2021-08-06;384;809;109209;89022;67.2;54.8
2A;2021-08-07;348;890;109557;89912;67.5;55.4
2A;2021-08-08;79;185;109636;90097;67.5;55.5
2A;2021-08-09;641;1138;110277;91235;67.9;56.2
2A;2021-08-10;615;1187;110892;92422;68.3;56.9
2A;2021-08-11;587;1059;111479;93481;68.6;57.6
2A;2021-08-12;733;1477;112212;94958;69.1;58.5
2A;2021-08-13;461;1058;112673;96016;69.4;59.1
2A;2021-08-14;396;762;113069;96778;69.6;59.6
2A;2021-08-15;21;26;113090;96804;69.6;59.6
2A;2021-08-16;474;1291;113564;98095;69.9;60.4
2B;2020-12-27;0;0;0;0;0.0;0.0
2B;2020-12-28;0;0;0;0;0.0;0.0
2B;2020-12-29;0;0;0;0;0.0;0.0
2B;2020-12-30;0;0;0;0;0.0;0.0
2B;2020-12-31;0;0;0;0;0.0;0.0
2B;2021-01-01;0;0;0;0;0.0;0.0
2B;2021-01-02;0;0;0;0;0.0;0.0
2B;2021-01-03;0;0;0;0;0.0;0.0
2B;2021-01-04;2;0;2;0;0.0;0.0
2B;2021-01-05;0;0;2;0;0.0;0.0
2B;2021-01-06;48;1;50;1;0.0;0.0
2B;2021-01-07;210;0;260;1;0.1;0.0
2B;2021-01-08;196;2;456;3;0.3;0.0
2B;2021-01-09;39;0;495;3;0.3;0.0
2B;2021-01-10;1;0;496;3;0.3;0.0
2B;2021-01-11;75;0;571;3;0.3;0.0
2B;2021-01-12;128;1;699;4;0.4;0.0
2B;2021-01-13;93;0;792;4;0.4;0.0
2B;2021-01-14;72;0;864;4;0.5;0.0
2B;2021-01-15;258;0;1122;4;0.6;0.0
2B;2021-01-16;43;0;1165;4;0.6;0.0
2B;2021-01-17;8;0;1173;4;0.6;0.0
2B;2021-01-18;271;0;1444;4;0.8;0.0
2B;2021-01-19;501;0;1945;4;1.1;0.0
2B;2021-01-20;462;2;2407;6;1.3;0.0
2B;2021-01-21;357;0;2764;6;1.5;0.0
2B;2021-01-22;372;0;3136;6;1.7;0.0
2B;2021-01-23;61;0;3197;6;1.8;0.0
2B;2021-01-24;29;0;3226;6;1.8;0.0
2B;2021-01-25;210;2;3436;8;1.9;0.0
2B;2021-01-26;390;1;3826;9;2.1;0.0
2B;2021-01-27;342;48;4168;57;2.3;0.0
2B;2021-01-28;365;148;4533;205;2.5;0.1
2B;2021-01-29;291;163;4824;368;2.6;0.2
2B;2021-01-30;80;33;4904;401;2.7;0.2
2B;2021-01-31;60;0;4964;401;2.7;0.2
2B;2021-02-01;231;93;5195;494;2.9;0.3
2B;2021-02-02;357;78;5552;572;3.0;0.3
2B;2021-02-03;519;92;6071;664;3.3;0.4
2B;2021-02-04;458;175;6529;839;3.6;0.5
2B;2021-02-05;393;95;6922;934;3.8;0.5
2B;2021-02-06;87;14;7009;948;3.8;0.5
2B;2021-02-07;60;0;7069;948;3.9;0.5
2B;2021-02-08;230;156;7299;1104;4.0;0.6
2B;2021-02-09;586;314;7885;1418;4.3;0.8
2B;2021-02-10;485;197;8370;1615;4.6;0.9
2B;2021-02-11;382;128;8752;1743;4.8;1.0
2B;2021-02-12;299;124;9051;1867;5.0;1.0
2B;2021-02-13;77;13;9128;1880;5.0;1.0
2B;2021-02-14;62;1;9190;1881;5.0;1.0
2B;2021-02-15;190;128;9380;2009;5.1;1.1
2B;2021-02-16;252;285;9632;2294;5.3;1.3
2B;2021-02-17;312;317;9944;2611;5.5;1.4
2B;2021-02-18;215;347;10159;2958;5.6;1.6
2B;2021-02-19;164;308;10323;3266;5.7;1.8
2B;2021-02-20;32;63;10355;3329;5.7;1.8
2B;2021-02-21;27;29;10382;3358;5.7;1.8
2B;2021-02-22;133;190;10515;3548;5.8;1.9
2B;2021-02-23;230;359;10745;3907;5.9;2.1
2B;2021-02-24;228;312;10973;4219;6.0;2.3
2B;2021-02-25;245;340;11218;4559;6.2;2.5
2B;2021-02-26;298;280;11516;4839;6.3;2.7
2B;2021-02-27;60;84;11576;4923;6.4;2.7
2B;2021-02-28;1;57;11577;4980;6.4;2.7
2B;2021-03-01;246;261;11823;5241;6.5;2.9
2B;2021-03-02;352;390;12175;5631;6.7;3.1
2B;2021-03-03;299;437;12474;6068;6.8;3.3
2B;2021-03-04;447;410;12921;6478;7.1;3.6
2B;2021-03-05;618;386;13539;6864;7.4;3.8
2B;2021-03-06;682;99;14221;6963;7.8;3.8
2B;2021-03-07;361;59;14582;7022;8.0;3.9
2B;2021-03-08;301;240;14883;7262;8.2;4.0
2B;2021-03-09;383;506;15266;7768;8.4;4.3
2B;2021-03-10;630;448;15896;8216;8.7;4.5
2B;2021-03-11;584;355;16480;8571;9.0;4.7
2B;2021-03-12;965;227;17445;8798;9.6;4.8
2B;2021-03-13;511;110;17956;8908;9.9;4.9
2B;2021-03-14;226;62;18182;8970;10.0;4.9
2B;2021-03-15;515;200;18697;9170;10.3;5.0
2B;2021-03-16;570;278;19267;9448;10.6;5.2
2B;2021-03-17;529;263;19796;9711;10.9;5.3
2B;2021-03-18;551;231;20347;9942;11.2;5.5
2B;2021-03-19;805;195;21152;10137;11.6;5.6
2B;2021-03-20;656;37;21808;10174;12.0;5.6
2B;2021-03-21;429;36;22237;10210;12.2;5.6
2B;2021-03-22;546;125;22783;10335;12.5;5.7
2B;2021-03-23;789;263;23572;10598;12.9;5.8
2B;2021-03-24;831;217;24403;10815;13.4;5.9
2B;2021-03-25;824;165;25227;10980;13.8;6.0
2B;2021-03-26;958;192;26185;11172;14.4;6.1
2B;2021-03-27;1089;37;27274;11209;15.0;6.2
2B;2021-03-28;830;123;28104;11332;15.4;6.2
2B;2021-03-29;745;180;28849;11512;15.8;6.3
2B;2021-03-30;970;330;29819;11842;16.4;6.5
2B;2021-03-31;981;266;30800;12108;16.9;6.6
2B;2021-04-01;1002;230;31802;12338;17.4;6.8
2B;2021-04-02;966;415;32768;12753;18.0;7.0
2B;2021-04-03;1247;152;34015;12905;18.7;7.1
2B;2021-04-04;197;60;34212;12965;18.8;7.1
2B;2021-04-05;109;113;34321;13078;18.8;7.2
2B;2021-04-06;1033;362;35354;13440;19.4;7.4
2B;2021-04-07;1230;430;36584;13870;20.1;7.6
2B;2021-04-08;1128;409;37712;14279;20.7;7.8
2B;2021-04-09;1169;568;38881;14847;21.3;8.1
2B;2021-04-10;1353;268;40234;15115;22.1;8.3
2B;2021-04-11;815;65;41049;15180;22.5;8.3
2B;2021-04-12;852;560;41901;15740;23.0;8.6
2B;2021-04-13;1061;631;42962;16371;23.6;9.0
2B;2021-04-14;1044;494;44006;16865;24.1;9.3
2B;2021-04-15;885;517;44891;17382;24.6;9.5
2B;2021-04-16;910;649;45801;18031;25.1;9.9
2B;2021-04-17;386;447;46187;18478;25.3;10.1
2B;2021-04-18;252;342;46439;18820;25.5;10.3
2B;2021-04-19;822;438;47261;19258;25.9;10.6
2B;2021-04-20;898;848;48159;20106;26.4;11.0
2B;2021-04-21;1056;609;49215;20715;27.0;11.4
2B;2021-04-22;937;731;50152;21446;27.5;11.8
2B;2021-04-23;661;630;50813;22076;27.9;12.1
2B;2021-04-24;288;772;51101;22848;28.0;12.5
2B;2021-04-25;285;477;51386;23325;28.2;12.8
2B;2021-04-26;708;920;52094;24245;28.6;13.3
2B;2021-04-27;965;875;53059;25120;29.1;13.8
2B;2021-04-28;918;862;53977;25982;29.6;14.3
2B;2021-04-29;923;868;54900;26850;30.1;14.7
2B;2021-04-30;1132;832;56032;27682;30.7;15.2
2B;2021-05-01;459;1115;56491;28797;31.0;15.8
2B;2021-05-02;335;245;56826;29042;31.2;15.9
2B;2021-05-03;1019;495;57845;29537;31.7;16.2
2B;2021-05-04;809;1152;58654;30689;32.2;16.8
2B;2021-05-05;801;1375;59455;32064;32.6;17.6
2B;2021-05-06;1288;904;60743;32968;33.3;18.1
2B;2021-05-07;1062;988;61805;33956;33.9;18.6
2B;2021-05-08;459;856;62264;34812;34.2;19.1
2B;2021-05-09;394;683;62658;35495;34.4;19.5
2B;2021-05-10;925;798;63583;36293;34.9;19.9
2B;2021-05-11;933;1162;64516;37455;35.4;20.6
2B;2021-05-12;860;892;65376;38347;35.9;21.0
2B;2021-05-13;1028;377;66404;38724;36.4;21.2
2B;2021-05-14;718;579;67122;39303;36.8;21.6
2B;2021-05-15;702;353;67824;39656;37.2;21.8
2B;2021-05-16;300;180;68124;39836;37.4;21.9
2B;2021-05-17;1002;406;69126;40242;37.9;22.1
2B;2021-05-18;991;383;70117;40625;38.5;22.3
2B;2021-05-19;771;417;70888;41042;38.9;22.5
2B;2021-05-20;672;359;71560;41401;39.3;22.7
2B;2021-05-21;705;502;72265;41903;39.6;23.0
2B;2021-05-22;574;391;72839;42294;40.0;23.2
2B;2021-05-23;168;46;73007;42340;40.1;23.2
2B;2021-05-24;40;115;73047;42455;40.1;23.3
2B;2021-05-25;549;353;73596;42808;40.4;23.5
2B;2021-05-26;544;789;74140;43597;40.7;23.9
2B;2021-05-27;407;1131;74547;44728;40.9;24.5
2B;2021-05-28;555;906;75102;45634;41.2;25.0
2B;2021-05-29;312;353;75414;45987;41.4;25.2
2B;2021-05-30;46;45;75460;46032;41.4;25.3
2B;2021-05-31;376;832;75836;46864;41.6;25.7
2B;2021-06-01;414;1038;76250;47902;41.8;26.3
2B;2021-06-02;364;991;76614;48893;42.0;26.8
2B;2021-06-03;498;808;77112;49701;42.3;27.3
2B;2021-06-04;343;1254;77455;50955;42.5;28.0
2B;2021-06-05;257;494;77712;51449;42.6;28.2
2B;2021-06-06;51;129;77763;51578;42.7;28.3
2B;2021-06-07;282;948;78045;52526;42.8;28.8
2B;2021-06-08;399;1170;78444;53696;43.0;29.5
2B;2021-06-09;518;1177;78962;54873;43.3;30.1
2B;2021-06-10;367;939;79329;55812;43.5;30.6
2B;2021-06-11;432;1274;79761;57086;43.8;31.3
2B;2021-06-12;151;545;79912;57631;43.8;31.6
2B;2021-06-13;26;59;79938;57690;43.9;31.7
2B;2021-06-14;195;1116;80133;58806;44.0;32.3
2B;2021-06-15;345;1219;80478;60025;44.2;32.9
2B;2021-06-16;381;936;80859;60961;44.4;33.4
2B;2021-06-17;399;1047;81258;62008;44.6;34.0
2B;2021-06-18;347;960;81605;62968;44.8;34.5
2B;2021-06-19;142;328;81747;63296;44.9;34.7
2B;2021-06-20;44;194;81791;63490;44.9;34.8
2B;2021-06-21;264;962;82055;64452;45.0;35.4
2B;2021-06-22;316;1115;82371;65567;45.2;36.0
2B;2021-06-23;209;872;82580;66439;45.3;36.5
2B;2021-06-24;336;756;82916;67195;45.5;36.9
2B;2021-06-25;212;1076;83128;68271;45.6;37.5
2B;2021-06-26;105;551;83233;68822;45.7;37.8
2B;2021-06-27;32;215;83265;69037;45.7;37.9
2B;2021-06-28;329;954;83594;69991;45.9;38.4
2B;2021-06-29;270;987;83864;70978;46.0;38.9
2B;2021-06-30;379;950;84243;71928;46.2;39.5
2B;2021-07-01;225;509;84468;72437;46.3;39.7
2B;2021-07-02;216;557;84684;72994;46.5;40.0
2B;2021-07-03;91;397;84775;73391;46.5;40.3
2B;2021-07-04;2;0;84777;73391;46.5;40.3
2B;2021-07-05;265;665;85042;74056;46.7;40.6
2B;2021-07-06;450;708;85492;74764;46.9;41.0
2B;2021-07-07;377;909;85869;75673;47.1;41.5
2B;2021-07-08;183;347;86052;76020;47.2;41.7
2B;2021-07-09;248;372;86300;76392;47.4;41.9
2B;2021-07-10;196;198;86496;76590;47.5;42.0
2B;2021-07-11;13;14;86509;76604;47.5;42.0
2B;2021-07-12;494;744;87003;77348;47.7;42.4
2B;2021-07-13;820;1014;87823;78362;48.2;43.0
2B;2021-07-14;343;99;88166;78461;48.4;43.0
2B;2021-07-15;1265;578;89431;79039;49.1;43.4
2B;2021-07-16;1115;563;90546;79602;49.7;43.7
2B;2021-07-17;709;317;91255;79919;50.1;43.8
2B;2021-07-18;179;46;91434;79965;50.2;43.9
2B;2021-07-19;846;706;92280;80671;50.6;44.3
2B;2021-07-20;1208;682;93488;81353;51.3;44.6
2B;2021-07-21;1385;725;94873;82078;52.1;45.0
2B;2021-07-22;1322;601;96195;82679;52.8;45.4
2B;2021-07-23;1315;497;97510;83176;53.5;45.6
2B;2021-07-24;531;315;98041;83491;53.8;45.8
2B;2021-07-25;203;71;98244;83562;53.9;45.8
2B;2021-07-26;911;632;99155;84194;54.4;46.2
2B;2021-07-27;1565;700;100720;84894;55.3;46.6
2B;2021-07-28;1157;620;101877;85514;55.9;46.9
2B;2021-07-29;1132;442;103009;85956;56.5;47.2
2B;2021-07-30;757;343;103766;86299;56.9;47.3
2B;2021-07-31;533;232;104299;86531;57.2;47.5
2B;2021-08-01;230;56;104529;86587;57.4;47.5
2B;2021-08-02;790;464;105319;87051;57.8;47.8
2B;2021-08-03;1121;776;106440;87827;58.4;48.2
2B;2021-08-04;798;448;107238;88275;58.8;48.4
2B;2021-08-05;1009;552;108247;88827;59.4;48.7
2B;2021-08-06;697;521;108944;89348;59.8;49.0
2B;2021-08-07;303;406;109247;89754;59.9;49.2
2B;2021-08-08;93;142;109340;89896;60.0;49.3
2B;2021-08-09;530;743;109870;90639;60.3;49.7
2B;2021-08-10;728;1130;110598;91769;60.7;50.4
2B;2021-08-11;743;887;111341;92656;61.1;50.8
2B;2021-08-12;682;1046;112023;93702;61.5;51.4
2B;2021-08-13;435;938;112458;94640;61.7;51.9
2B;2021-08-14;194;436;112652;95076;61.8;52.2
2B;2021-08-15;114;173;112766;95249;61.9;52.3
2B;2021-08-16;488;1055;113254;96304;62.1;52.8
30;2020-12-27;1;0;1;0;0.0;0.0
30;2020-12-28;0;0;1;0;0.0;0.0
30;2020-12-29;0;0;1;0;0.0;0.0
30;2020-12-30;0;0;1;0;0.0;0.0
30;2020-12-31;0;0;1;0;0.0;0.0
30;2021-01-01;0;0;1;0;0.0;0.0
30;2021-01-02;0;0;1;0;0.0;0.0
30;2021-01-03;0;0;1;0;0.0;0.0
30;2021-01-04;1;0;2;0;0.0;0.0
30;2021-01-05;3;0;5;0;0.0;0.0
30;2021-01-06;128;0;133;0;0.0;0.0
30;2021-01-07;312;0;445;0;0.1;0.0
30;2021-01-08;531;0;976;0;0.1;0.0
30;2021-01-09;270;0;1246;0;0.2;0.0
30;2021-01-10;0;0;1246;0;0.2;0.0
30;2021-01-11;537;1;1783;1;0.2;0.0
30;2021-01-12;798;3;2581;4;0.3;0.0
30;2021-01-13;639;0;3220;4;0.4;0.0
30;2021-01-14;652;5;3872;9;0.5;0.0
30;2021-01-15;756;2;4628;11;0.6;0.0
30;2021-01-16;313;0;4941;11;0.7;0.0
30;2021-01-17;3;0;4944;11;0.7;0.0
30;2021-01-18;939;5;5883;16;0.8;0.0
30;2021-01-19;1735;7;7618;23;1.0;0.0
30;2021-01-20;1303;2;8921;25;1.2;0.0
30;2021-01-21;1226;2;10147;27;1.4;0.0
30;2021-01-22;1074;5;11221;32;1.5;0.0
30;2021-01-23;633;2;11854;34;1.6;0.0
30;2021-01-24;0;0;11854;34;1.6;0.0
30;2021-01-25;831;4;12685;38;1.7;0.0
30;2021-01-26;1056;15;13741;53;1.8;0.0
30;2021-01-27;981;111;14722;164;2.0;0.0
30;2021-01-28;712;274;15434;438;2.1;0.1
30;2021-01-29;668;445;16102;883;2.2;0.1
30;2021-01-30;472;287;16574;1170;2.2;0.2
30;2021-01-31;3;7;16577;1177;2.2;0.2
30;2021-02-01;813;437;17390;1614;2.3;0.2
30;2021-02-02;1875;679;19265;2293;2.6;0.3
30;2021-02-03;1183;487;20448;2780;2.7;0.4
30;2021-02-04;968;663;21416;3443;2.9;0.5
30;2021-02-05;599;763;22015;4206;2.9;0.6
30;2021-02-06;292;262;22307;4468;3.0;0.6
30;2021-02-07;2;8;22309;4476;3.0;0.6
30;2021-02-08;574;740;22883;5216;3.1;0.7
30;2021-02-09;981;1007;23864;6223;3.2;0.8
30;2021-02-10;986;1098;24850;7321;3.3;1.0
30;2021-02-11;927;1032;25777;8353;3.4;1.1
30;2021-02-12;616;993;26393;9346;3.5;1.2
30;2021-02-13;436;388;26829;9734;3.6;1.3
30;2021-02-14;1;21;26830;9755;3.6;1.3
30;2021-02-15;448;621;27278;10376;3.6;1.4
30;2021-02-16;460;848;27738;11224;3.7;1.5
30;2021-02-17;682;624;28420;11848;3.8;1.6
30;2021-02-18;796;529;29216;12377;3.9;1.7
30;2021-02-19;573;675;29789;13052;4.0;1.7
30;2021-02-20;223;227;30012;13279;4.0;1.8
30;2021-02-21;5;3;30017;13282;4.0;1.8
30;2021-02-22;501;764;30518;14046;4.1;1.9
30;2021-02-23;975;1468;31493;15514;4.2;2.1
30;2021-02-24;926;1194;32419;16708;4.3;2.2
30;2021-02-25;1207;892;33626;17600;4.5;2.4
30;2021-02-26;1337;599;34963;18199;4.7;2.4
30;2021-02-27;564;546;35527;18745;4.7;2.5
30;2021-02-28;2;7;35529;18752;4.7;2.5
30;2021-03-01;1341;831;36870;19583;4.9;2.6
30;2021-03-02;1711;910;38581;20493;5.2;2.7
30;2021-03-03;2306;763;40887;21256;5.5;2.8
30;2021-03-04;2638;869;43525;22125;5.8;3.0
30;2021-03-05;2760;614;46285;22739;6.2;3.0
30;2021-03-06;2997;364;49282;23103;6.6;3.1
30;2021-03-07;1859;44;51141;23147;6.8;3.1
30;2021-03-08;1551;786;52692;23933;7.0;3.2
30;2021-03-09;2274;872;54966;24805;7.3;3.3
30;2021-03-10;2355;652;57321;25457;7.7;3.4
30;2021-03-11;3055;690;60376;26147;8.1;3.5
30;2021-03-12;3112;384;63488;26531;8.5;3.5
30;2021-03-13;2227;293;65715;26824;8.8;3.6
30;2021-03-14;83;3;65798;26827;8.8;3.6
30;2021-03-15;1576;566;67374;27393;9.0;3.7
30;2021-03-16;1299;1070;68673;28463;9.2;3.8
30;2021-03-17;1455;648;70128;29111;9.4;3.9
30;2021-03-18;1648;714;71776;29825;9.6;4.0
30;2021-03-19;2251;549;74027;30374;9.9;4.1
30;2021-03-20;1399;142;75426;30516;10.1;4.1
30;2021-03-21;57;8;75483;30524;10.1;4.1
30;2021-03-22;2397;719;77880;31243;10.4;4.2
30;2021-03-23;3509;800;81389;32043;10.9;4.3
30;2021-03-24;3637;811;85026;32854;11.4;4.4
30;2021-03-25;4404;845;89430;33699;11.9;4.5
30;2021-03-26;4362;637;93792;34336;12.5;4.6
30;2021-03-27;1970;377;95762;34713;12.8;4.6
30;2021-03-28;35;29;95797;34742;12.8;4.6
30;2021-03-29;2813;1649;98610;36391;13.2;4.9
30;2021-03-30;3778;1878;102388;38269;13.7;5.1
30;2021-03-31;3507;1649;105895;39918;14.1;5.3
30;2021-04-01;4016;1462;109911;41380;14.7;5.5
30;2021-04-02;3603;1229;113514;42609;15.2;5.7
30;2021-04-03;1061;1225;114575;43834;15.3;5.9
30;2021-04-04;29;188;114604;44022;15.3;5.9
30;2021-04-05;765;286;115369;44308;15.4;5.9
30;2021-04-06;3042;1576;118411;45884;15.8;6.1
30;2021-04-07;2717;1629;121128;47513;16.2;6.3
30;2021-04-08;3918;1487;125046;49000;16.7;6.5
30;2021-04-09;4887;1518;129933;50518;17.4;6.7
30;2021-04-10;2426;1175;132359;51693;17.7;6.9
30;2021-04-11;949;58;133308;51751;17.8;6.9
30;2021-04-12;3148;1488;136456;53239;18.2;7.1
30;2021-04-13;4017;1936;140473;55175;18.8;7.4
30;2021-04-14;3386;1538;143859;56713;19.2;7.6
30;2021-04-15;3830;1465;147689;58178;19.7;7.8
30;2021-04-16;3703;1530;151392;59708;20.2;8.0
30;2021-04-17;1493;952;152885;60660;20.4;8.1
30;2021-04-18;961;66;153846;60726;20.6;8.1
30;2021-04-19;2449;2300;156295;63026;20.9;8.4
30;2021-04-20;2815;2828;159110;65854;21.3;8.8
30;2021-04-21;2601;2565;161711;68419;21.6;9.1
30;2021-04-22;3524;2314;165235;70733;22.1;9.5
30;2021-04-23;3578;2304;168813;73037;22.6;9.8
30;2021-04-24;1346;1231;170159;74268;22.7;9.9
30;2021-04-25;748;90;170907;74358;22.8;9.9
30;2021-04-26;2017;2388;172924;76746;23.1;10.3
30;2021-04-27;2952;2605;175876;79351;23.5;10.6
30;2021-04-28;2837;2482;178713;81833;23.9;10.9
30;2021-04-29;3617;2319;182330;84152;24.4;11.2
30;2021-04-30;3409;2026;185739;86178;24.8;11.5
30;2021-05-01;1749;605;187488;86783;25.0;11.6
30;2021-05-02;664;245;188152;87028;25.1;11.6
30;2021-05-03;3758;2501;191910;89529;25.6;12.0
30;2021-05-04;3981;3526;195891;93055;26.2;12.4
30;2021-05-05;3945;3130;199836;96185;26.7;12.9
30;2021-05-06;4201;3359;204037;99544;27.3;13.3
30;2021-05-07;4079;3060;208116;102604;27.8;13.7
30;2021-05-08;1605;720;209721;103324;28.0;13.8
30;2021-05-09;372;613;210093;103937;28.1;13.9
30;2021-05-10;2921;3118;213014;107055;28.5;14.3
30;2021-05-11;5387;3652;218401;110707;29.2;14.8
30;2021-05-12;5299;3217;223700;113924;29.9;15.2
30;2021-05-13;3231;1026;226931;114950;30.3;15.4
30;2021-05-14;4891;2461;231822;117411;31.0;15.7
30;2021-05-15;3409;1206;235231;118617;31.4;15.8
30;2021-05-16;397;339;235628;118956;31.5;15.9
30;2021-05-17;3798;3035;239426;121991;32.0;16.3
30;2021-05-18;4827;3036;244253;125027;32.6;16.7
30;2021-05-19;4774;2546;249027;127573;33.3;17.0
30;2021-05-20;5015;2579;254042;130152;33.9;17.4
30;2021-05-21;4887;2470;258929;132622;34.6;17.7
30;2021-05-22;3158;1293;262087;133915;35.0;17.9
30;2021-05-23;288;344;262375;134259;35.1;17.9
30;2021-05-24;783;767;263158;135026;35.2;18.0
30;2021-05-25;2657;3160;265815;138186;35.5;18.5
30;2021-05-26;2887;2561;268702;140747;35.9;18.8
30;2021-05-27;3760;2715;272462;143462;36.4;19.2
30;2021-05-28;3327;3278;275789;146740;36.8;19.6
30;2021-05-29;1687;1800;277476;148540;37.1;19.8
30;2021-05-30;360;584;277836;149124;37.1;19.9
30;2021-05-31;2829;2296;280665;151420;37.5;20.2
30;2021-06-01;3658;2796;284323;154216;38.0;20.6
30;2021-06-02;3318;2449;287641;156665;38.4;20.9
30;2021-06-03;4134;3354;291775;160019;39.0;21.4
30;2021-06-04;3905;3401;295680;163420;39.5;21.8
30;2021-06-05;1906;1313;297586;164733;39.8;22.0
30;2021-06-06;683;264;298269;164997;39.9;22.0
30;2021-06-07;4724;2526;302993;167523;40.5;22.4
30;2021-06-08;4831;3324;307824;170847;41.1;22.8
30;2021-06-09;4151;2987;311975;173834;41.7;23.2
30;2021-06-10;4610;3356;316585;177190;42.3;23.7
30;2021-06-11;4584;3812;321169;181002;42.9;24.2
30;2021-06-12;2484;1708;323653;182710;43.2;24.4
30;2021-06-13;494;341;324147;183051;43.3;24.5
30;2021-06-14;2471;4709;326618;187760;43.6;25.1
30;2021-06-15;3201;5305;329819;193065;44.1;25.8
30;2021-06-16;3109;4646;332928;197711;44.5;26.4
30;2021-06-17;3925;4373;336853;202084;45.0;27.0
30;2021-06-18;3713;4696;340566;206780;45.5;27.6
30;2021-06-19;1441;2003;342007;208783;45.7;27.9
30;2021-06-20;358;489;342365;209272;45.7;28.0
30;2021-06-21;2378;4906;344743;214178;46.1;28.6
30;2021-06-22;2363;5742;347106;219920;46.4;29.4
30;2021-06-23;2526;5341;349632;225261;46.7;30.1
30;2021-06-24;2338;4706;351970;229967;47.0;30.7
30;2021-06-25;2609;5605;354579;235572;47.4;31.5
30;2021-06-26;910;2941;355489;238513;47.5;31.9
30;2021-06-27;222;528;355711;239041;47.5;31.9
30;2021-06-28;1668;6029;357379;245070;47.7;32.7
30;2021-06-29;1837;6025;359216;251095;48.0;33.5
30;2021-06-30;2000;5256;361216;256351;48.3;34.3
30;2021-07-01;2987;4722;364203;261073;48.7;34.9
30;2021-07-02;2832;4619;367035;265692;49.0;35.5
30;2021-07-03;1153;3046;368188;268738;49.2;35.9
30;2021-07-04;115;392;368303;269130;49.2;36.0
30;2021-07-05;2023;4023;370326;273153;49.5;36.5
30;2021-07-06;2661;4972;372987;278125;49.8;37.2
30;2021-07-07;2538;4219;375525;282344;50.2;37.7
30;2021-07-08;2013;3423;377538;285767;50.4;38.2
30;2021-07-09;2405;5317;379943;291084;50.8;38.9
30;2021-07-10;1499;2158;381442;293242;51.0;39.2
30;2021-07-11;47;415;381489;293657;51.0;39.2
30;2021-07-12;2524;5148;384013;298805;51.3;39.9
30;2021-07-13;3289;6028;387302;304833;51.7;40.7
30;2021-07-14;497;548;387799;305381;51.8;40.8
30;2021-07-15;4125;5467;391924;310848;52.4;41.5
30;2021-07-16;4972;5716;396896;316564;53.0;42.3
30;2021-07-17;1701;2466;398597;319030;53.3;42.6
30;2021-07-18;146;601;398743;319631;53.3;42.7
30;2021-07-19;3368;6305;402111;325936;53.7;43.5
30;2021-07-20;4633;6508;406744;332444;54.3;44.4
30;2021-07-21;4043;5409;410787;337853;54.9;45.1
30;2021-07-22;4888;5736;415675;343589;55.5;45.9
30;2021-07-23;4972;5852;420647;349441;56.2;46.7
30;2021-07-24;2229;3265;422876;352706;56.5;47.1
30;2021-07-25;135;310;423011;353016;56.5;47.2
30;2021-07-26;4397;4119;427408;357135;57.1;47.7
30;2021-07-27;4825;4640;432233;361775;57.7;48.3
30;2021-07-28;4844;4007;437077;365782;58.4;48.9
30;2021-07-29;5892;4122;442969;369904;59.2;49.4
30;2021-07-30;5313;4387;448282;374291;59.9;50.0
30;2021-07-31;2626;1954;450908;376245;60.2;50.3
30;2021-08-01;720;309;451628;376554;60.3;50.3
30;2021-08-02;3634;4005;455262;380559;60.8;50.8
30;2021-08-03;4827;3937;460089;384496;61.5;51.4
30;2021-08-04;5230;3054;465319;387550;62.2;51.8
30;2021-08-05;4591;3757;469910;391307;62.8;52.3
30;2021-08-06;4233;4052;474143;395359;63.3;52.8
30;2021-08-07;1829;1940;475972;397299;63.6;53.1
30;2021-08-08;614;275;476586;397574;63.7;53.1
30;2021-08-09;3297;3734;479883;401308;64.1;53.6
30;2021-08-10;3896;4380;483779;405688;64.6;54.2
30;2021-08-11;3369;3470;487148;409158;65.1;54.7
30;2021-08-12;3735;4200;490883;413358;65.6;55.2
30;2021-08-13;3278;3310;494161;416668;66.0;55.7
30;2021-08-14;1105;2034;495266;418702;66.2;55.9
30;2021-08-15;259;170;495525;418872;66.2;56.0
30;2021-08-16;2146;4845;497671;423717;66.5;56.6
31;2020-12-27;0;0;0;0;0.0;0.0
31;2020-12-28;1;0;1;0;0.0;0.0
31;2020-12-29;0;0;1;0;0.0;0.0
31;2020-12-30;0;0;1;0;0.0;0.0
31;2020-12-31;1;0;2;0;0.0;0.0
31;2021-01-01;4;0;6;0;0.0;0.0
31;2021-01-02;0;0;6;0;0.0;0.0
31;2021-01-03;2;0;8;0;0.0;0.0
31;2021-01-04;3;0;11;0;0.0;0.0
31;2021-01-05;50;0;61;0;0.0;0.0
31;2021-01-06;211;1;272;1;0.0;0.0
31;2021-01-07;284;1;556;2;0.0;0.0
31;2021-01-08;545;1;1101;3;0.1;0.0
31;2021-01-09;275;0;1376;3;0.1;0.0
31;2021-01-10;287;0;1663;3;0.1;0.0
31;2021-01-11;980;3;2643;6;0.2;0.0
31;2021-01-12;1192;0;3835;6;0.3;0.0
31;2021-01-13;1157;3;4992;9;0.4;0.0
31;2021-01-14;1176;18;6168;27;0.4;0.0
31;2021-01-15;1046;3;7214;30;0.5;0.0
31;2021-01-16;243;1;7457;31;0.5;0.0
31;2021-01-17;176;0;7633;31;0.5;0.0
31;2021-01-18;1609;4;9242;35;0.7;0.0
31;2021-01-19;2933;11;12175;46;0.9;0.0
31;2021-01-20;3664;12;15839;58;1.1;0.0
31;2021-01-21;2991;5;18830;63;1.3;0.0
31;2021-01-22;2271;7;21101;70;1.5;0.0
31;2021-01-23;728;1;21829;71;1.6;0.0
31;2021-01-24;212;1;22041;72;1.6;0.0
31;2021-01-25;1744;9;23785;81;1.7;0.0
31;2021-01-26;1838;64;25623;145;1.8;0.0
31;2021-01-27;1575;154;27198;299;1.9;0.0
31;2021-01-28;1385;302;28583;601;2.0;0.0
31;2021-01-29;1356;349;29939;950;2.1;0.1
31;2021-01-30;446;187;30385;1137;2.2;0.1
31;2021-01-31;61;209;30446;1346;2.2;0.1
31;2021-02-01;1157;733;31603;2079;2.3;0.1
31;2021-02-02;3035;804;34638;2883;2.5;0.2
31;2021-02-03;1917;778;36555;3661;2.6;0.3
31;2021-02-04;1806;843;38361;4504;2.7;0.3
31;2021-02-05;1339;576;39700;5080;2.8;0.4
31;2021-02-06;379;55;40079;5135;2.9;0.4
31;2021-02-07;37;41;40116;5176;2.9;0.4
31;2021-02-08;1115;669;41231;5845;2.9;0.4
31;2021-02-09;1677;1575;42908;7420;3.1;0.5
31;2021-02-10;1960;2476;44868;9896;3.2;0.7
31;2021-02-11;1814;1825;46682;11721;3.3;0.8
31;2021-02-12;1539;796;48221;12517;3.4;0.9
31;2021-02-13;504;230;48725;12747;3.5;0.9
31;2021-02-14;56;216;48781;12963;3.5;0.9
31;2021-02-15;443;1376;49224;14339;3.5;1.0
31;2021-02-16;466;1553;49690;15892;3.5;1.1
31;2021-02-17;472;1653;50162;17545;3.6;1.3
31;2021-02-18;477;1805;50639;19350;3.6;1.4
31;2021-02-19;393;1573;51032;20923;3.6;1.5
31;2021-02-20;69;530;51101;21453;3.6;1.5
31;2021-02-21;77;161;51178;21614;3.7;1.5
31;2021-02-22;432;1758;51610;23372;3.7;1.7
31;2021-02-23;866;3014;52476;26386;3.7;1.9
31;2021-02-24;653;2192;53129;28578;3.8;2.0
31;2021-02-25;1431;1842;54560;30420;3.9;2.2
31;2021-02-26;1712;1234;56272;31654;4.0;2.3
31;2021-02-27;637;404;56909;32058;4.1;2.3
31;2021-02-28;78;54;56987;32112;4.1;2.3
31;2021-03-01;873;1137;57860;33249;4.1;2.4
31;2021-03-02;1233;1670;59093;34919;4.2;2.5
31;2021-03-03;1356;1811;60449;36730;4.3;2.6
31;2021-03-04;2421;1509;62870;38239;4.5;2.7
31;2021-03-05;3053;1608;65923;39847;4.7;2.8
31;2021-03-06;2835;411;68758;40258;4.9;2.9
31;2021-03-07;5369;107;74127;40365;5.3;2.9
31;2021-03-08;1597;1097;75724;41462;5.4;3.0
31;2021-03-09;2792;1194;78516;42656;5.6;3.0
31;2021-03-10;2573;1097;81089;43753;5.8;3.1
31;2021-03-11;4379;1171;85468;44924;6.1;3.2
31;2021-03-12;5315;1194;90783;46118;6.5;3.3
31;2021-03-13;2835;506;93618;46624;6.7;3.3
31;2021-03-14;235;49;93853;46673;6.7;3.3
31;2021-03-15;2583;431;96436;47104;6.9;3.4
31;2021-03-16;1744;817;98180;47921;7.0;3.4
31;2021-03-17;1657;559;99837;48480;7.1;3.5
31;2021-03-18;1988;712;101825;49192;7.3;3.5
31;2021-03-19;3183;526;105008;49718;7.5;3.5
31;2021-03-20;1794;140;106802;49858;7.6;3.6
31;2021-03-21;210;35;107012;49893;7.6;3.6
31;2021-03-22;2577;370;109589;50263;7.8;3.6
31;2021-03-23;4054;318;113643;50581;8.1;3.6
31;2021-03-24;4355;293;117998;50874;8.4;3.6
31;2021-03-25;6039;522;124037;51396;8.9;3.7
31;2021-03-26;5465;515;129502;51911;9.2;3.7
31;2021-03-27;4350;209;133852;52120;9.6;3.7
31;2021-03-28;2290;48;136142;52168;9.7;3.7
31;2021-03-29;4206;431;140348;52599;10.0;3.8
31;2021-03-30;6594;554;146942;53153;10.5;3.8
31;2021-03-31;5647;379;152589;53532;10.9;3.8
31;2021-04-01;6962;552;159551;54084;11.4;3.9
31;2021-04-02;6100;588;165651;54672;11.8;3.9
31;2021-04-03;3927;153;169578;54825;12.1;3.9
31;2021-04-04;2059;111;171637;54936;12.3;3.9
31;2021-04-05;481;69;172118;55005;12.3;3.9
31;2021-04-06;4162;1150;176280;56155;12.6;4.0
31;2021-04-07;5985;979;182265;57134;13.0;4.1
31;2021-04-08;7565;1031;189830;58165;13.6;4.2
31;2021-04-09;8385;1253;198215;59418;14.1;4.2
31;2021-04-10;4716;542;202931;59960;14.5;4.3
31;2021-04-11;2067;139;204998;60099;14.6;4.3
31;2021-04-12;5998;1833;210996;61932;15.1;4.4
31;2021-04-13;8030;2021;219026;63953;15.6;4.6
31;2021-04-14;6649;1927;225675;65880;16.1;4.7
31;2021-04-15;7770;2240;233445;68120;16.7;4.9
31;2021-04-16;7177;2090;240622;70210;17.2;5.0
31;2021-04-17;4413;906;245035;71116;17.5;5.1
31;2021-04-18;2512;355;247547;71471;17.7;5.1
31;2021-04-19;5221;2026;252768;73497;18.0;5.2
31;2021-04-20;6072;2845;258840;76342;18.5;5.4
31;2021-04-21;5975;2795;264815;79137;18.9;5.6
31;2021-04-22;6381;3239;271196;82376;19.4;5.9
31;2021-04-23;6277;2578;277473;84954;19.8;6.1
31;2021-04-24;1615;3138;279088;88092;19.9;6.3
31;2021-04-25;686;2094;279774;90186;20.0;6.4
31;2021-04-26;3792;3222;283566;93408;20.2;6.7
31;2021-04-27;4516;3901;288082;97309;20.6;6.9
31;2021-04-28;4545;3537;292627;100846;20.9;7.2
31;2021-04-29;5183;4043;297810;104889;21.3;7.5
31;2021-04-30;5036;4134;302846;109023;21.6;7.8
31;2021-05-01;1488;3120;304334;112143;21.7;8.0
31;2021-05-02;1415;1981;305749;114124;21.8;8.1
31;2021-05-03;5655;2423;311404;116547;22.2;8.3
31;2021-05-04;4781;4741;316185;121288;22.6;8.7
31;2021-05-05;2993;5719;319178;127007;22.8;9.1
31;2021-05-06;3631;7384;322809;134391;23.0;9.6
31;2021-05-07;5257;7176;328066;141567;23.4;10.1
31;2021-05-08;3634;3103;331700;144670;23.7;10.3
31;2021-05-09;3760;2309;335460;146979;23.9;10.5
31;2021-05-10;5686;5478;341146;152457;24.4;10.9
31;2021-05-11;6651;6703;347797;159160;24.8;11.4
31;2021-05-12;6172;5920;353969;165080;25.3;11.8
31;2021-05-13;4644;2062;358613;167142;25.6;11.9
31;2021-05-14;6907;3983;365520;171125;26.1;12.2
31;2021-05-15;5144;1755;370664;172880;26.5;12.3
31;2021-05-16;3299;633;373963;173513;26.7;12.4
31;2021-05-17;5142;4151;379105;177664;27.1;12.7
31;2021-05-18;5589;4273;384694;181937;27.5;13.0
31;2021-05-19;5780;3763;390474;185700;27.9;13.3
31;2021-05-20;6475;4806;396949;190506;28.3;13.6
31;2021-05-21;5984;4605;402933;195111;28.8;13.9
31;2021-05-22;4084;1628;407017;196739;29.1;14.0
31;2021-05-23;3584;342;410601;197081;29.3;14.1
31;2021-05-24;3879;708;414480;197789;29.6;14.1
31;2021-05-25;6188;3611;420668;201400;30.0;14.4
31;2021-05-26;5608;4643;426276;206043;30.4;14.7
31;2021-05-27;4785;6200;431061;212243;30.8;15.2
31;2021-05-28;4115;6347;435176;218590;31.1;15.6
31;2021-05-29;1918;4030;437094;222620;31.2;15.9
31;2021-05-30;750;2362;437844;224982;31.3;16.1
31;2021-05-31;4397;5088;442241;230070;31.6;16.4
31;2021-06-01;5955;6565;448196;236635;32.0;16.9
31;2021-06-02;5799;6310;453995;242945;32.4;17.3
31;2021-06-03;7308;8144;461303;251089;32.9;17.9
31;2021-06-04;7538;7165;468841;258254;33.5;18.4
31;2021-06-05;9078;2775;477919;261029;34.1;18.6
31;2021-06-06;8110;1579;486029;262608;34.7;18.7
31;2021-06-07;7989;5470;494018;268078;35.3;19.1
31;2021-06-08;9105;6050;503123;274128;35.9;19.6
31;2021-06-09;8919;5531;512042;279659;36.6;20.0
31;2021-06-10;9782;6353;521824;286012;37.2;20.4
31;2021-06-11;10047;6640;531871;292652;38.0;20.9
31;2021-06-12;8793;3017;540664;295669;38.6;21.1
31;2021-06-13;8374;2012;549038;297681;39.2;21.2
31;2021-06-14;8431;6729;557469;304410;39.8;21.7
31;2021-06-15;9774;7440;567243;311850;40.5;22.3
31;2021-06-16;8733;5259;575976;317109;41.1;22.6
31;2021-06-17;8275;6603;584251;323712;41.7;23.1
31;2021-06-18;8549;7749;592800;331461;42.3;23.7
31;2021-06-19;7365;5436;600165;336897;42.8;24.0
31;2021-06-20;5570;3724;605735;340621;43.2;24.3
31;2021-06-21;5375;6916;611110;347537;43.6;24.8
31;2021-06-22;4974;8219;616084;355756;44.0;25.4
31;2021-06-23;5107;7277;621191;363033;44.3;25.9
31;2021-06-24;4635;8321;625826;371354;44.7;26.5
31;2021-06-25;5015;9308;630841;380662;45.0;27.2
31;2021-06-26;4284;6396;635125;387058;45.3;27.6
31;2021-06-27;3597;4104;638722;391162;45.6;27.9
31;2021-06-28;4098;6646;642820;397808;45.9;28.4
31;2021-06-29;3796;7563;646616;405371;46.2;28.9
31;2021-06-30;4275;7804;650891;413175;46.5;29.5
31;2021-07-01;4079;8469;654970;421644;46.8;30.1
31;2021-07-02;4107;9322;659077;430966;47.0;30.8
31;2021-07-03;4097;6110;663174;437076;47.3;31.2
31;2021-07-04;3204;4808;666378;441884;47.6;31.5
31;2021-07-05;4055;7092;670433;448976;47.9;32.0
31;2021-07-06;3889;8368;674322;457344;48.1;32.6
31;2021-07-07;3969;7963;678291;465307;48.4;33.2
31;2021-07-08;4041;8542;682332;473849;48.7;33.8
31;2021-07-09;4461;8795;686793;482644;49.0;34.5
31;2021-07-10;3916;5494;690709;488138;49.3;34.8
31;2021-07-11;3138;4120;693847;492258;49.5;35.1
31;2021-07-12;3818;8623;697665;500881;49.8;35.8
31;2021-07-13;6917;9428;704582;510309;50.3;36.4
31;2021-07-14;6157;3921;710739;514230;50.7;36.7
31;2021-07-15;8502;9423;719241;523653;51.3;37.4
31;2021-07-16;7758;9896;726999;533549;51.9;38.1
31;2021-07-17;8355;10530;735354;544079;52.5;38.8
31;2021-07-18;6620;9451;741974;553530;53.0;39.5
31;2021-07-19;4784;10770;746758;564300;53.3;40.3
31;2021-07-20;7142;11463;753900;575763;53.8;41.1
31;2021-07-21;7012;11524;760912;587287;54.3;41.9
31;2021-07-22;8148;11750;769060;599037;54.9;42.8
31;2021-07-23;7448;11794;776508;610831;55.4;43.6
31;2021-07-24;10279;10526;786787;621357;56.2;44.4
31;2021-07-25;7547;8778;794334;630135;56.7;45.0
31;2021-07-26;5507;9520;799841;639655;57.1;45.7
31;2021-07-27;7922;9174;807763;648829;57.7;46.3
31;2021-07-28;8636;8253;816399;657082;58.3;46.9
31;2021-07-29;8805;8020;825204;665102;58.9;47.5
31;2021-07-30;7631;7967;832835;673069;59.4;48.0
31;2021-07-31;5985;7382;838820;680451;59.9;48.6
31;2021-08-01;4397;4287;843217;684738;60.2;48.9
31;2021-08-02;5459;5409;848676;690147;60.6;49.3
31;2021-08-03;5839;5176;854515;695323;61.0;49.6
31;2021-08-04;5863;4789;860378;700112;61.4;50.0
31;2021-08-05;5527;7198;865905;707310;61.8;50.5
31;2021-08-06;5258;7321;871163;714631;62.2;51.0
31;2021-08-07;4573;6636;875736;721267;62.5;51.5
31;2021-08-08;3366;5561;879102;726828;62.8;51.9
31;2021-08-09;4366;7007;883468;733835;63.1;52.4
31;2021-08-10;4628;6265;888096;740100;63.4;52.8
31;2021-08-11;4506;5848;892602;745948;63.7;53.2
31;2021-08-12;4495;6736;897097;752684;64.0;53.7
31;2021-08-13;4072;6166;901169;758850;64.3;54.2
31;2021-08-14;3014;6438;904183;765288;64.5;54.6
31;2021-08-15;1289;4094;905472;769382;64.6;54.9
31;2021-08-16;3177;8106;908649;777488;64.9;55.5
32;2020-12-27;0;0;0;0;0.0;0.0
32;2020-12-28;0;0;0;0;0.0;0.0
32;2020-12-29;0;0;0;0;0.0;0.0
32;2020-12-30;0;0;0;0;0.0;0.0
32;2020-12-31;0;0;0;0;0.0;0.0
32;2021-01-01;0;0;0;0;0.0;0.0
32;2021-01-02;0;0;0;0;0.0;0.0
32;2021-01-03;0;0;0;0;0.0;0.0
32;2021-01-04;3;0;3;0;0.0;0.0
32;2021-01-05;1;0;4;0;0.0;0.0
32;2021-01-06;2;0;6;0;0.0;0.0
32;2021-01-07;155;0;161;0;0.1;0.0
32;2021-01-08;70;0;231;0;0.1;0.0
32;2021-01-09;5;0;236;0;0.1;0.0
32;2021-01-10;1;0;237;0;0.1;0.0
32;2021-01-11;11;0;248;0;0.1;0.0
32;2021-01-12;96;0;344;0;0.2;0.0
32;2021-01-13;325;0;669;0;0.4;0.0
32;2021-01-14;377;3;1046;3;0.6;0.0
32;2021-01-15;448;1;1494;4;0.8;0.0
32;2021-01-16;16;2;1510;6;0.8;0.0
32;2021-01-17;1;0;1511;6;0.8;0.0
32;2021-01-18;345;1;1856;7;1.0;0.0
32;2021-01-19;418;0;2274;7;1.2;0.0
32;2021-01-20;358;0;2632;7;1.4;0.0
32;2021-01-21;582;0;3214;7;1.7;0.0
32;2021-01-22;372;0;3586;7;1.9;0.0
32;2021-01-23;180;0;3766;7;2.0;0.0
32;2021-01-24;5;0;3771;7;2.0;0.0
32;2021-01-25;468;1;4239;8;2.2;0.0
32;2021-01-26;608;0;4847;8;2.6;0.0
32;2021-01-27;701;4;5548;12;2.9;0.0
32;2021-01-28;687;15;6235;27;3.3;0.0
32;2021-01-29;460;53;6695;80;3.5;0.0
32;2021-01-30;260;0;6955;80;3.7;0.0
32;2021-01-31;4;5;6959;85;3.7;0.0
32;2021-02-01;288;58;7247;143;3.8;0.1
32;2021-02-02;638;139;7885;282;4.1;0.1
32;2021-02-03;338;200;8223;482;4.3;0.3
32;2021-02-04;426;279;8649;761;4.6;0.4
32;2021-02-05;348;360;8997;1121;4.7;0.6
32;2021-02-06;147;0;9144;1121;4.8;0.6
32;2021-02-07;0;36;9144;1157;4.8;0.6
32;2021-02-08;278;122;9422;1279;5.0;0.7
32;2021-02-09;309;229;9731;1508;5.1;0.8
32;2021-02-10;269;253;10000;1761;5.3;0.9
32;2021-02-11;382;317;10382;2078;5.5;1.1
32;2021-02-12;297;280;10679;2358;5.6;1.2
32;2021-02-13;249;1;10928;2359;5.8;1.2
32;2021-02-14;0;28;10928;2387;5.8;1.3
32;2021-02-15;25;212;10953;2599;5.8;1.4
32;2021-02-16;393;367;11346;2966;6.0;1.6
32;2021-02-17;191;474;11537;3440;6.1;1.8
32;2021-02-18;331;494;11868;3934;6.2;2.1
32;2021-02-19;185;279;12053;4213;6.3;2.2
32;2021-02-20;1;120;12054;4333;6.3;2.3
32;2021-02-21;0;0;12054;4333;6.3;2.3
32;2021-02-22;158;385;12212;4718;6.4;2.5
32;2021-02-23;431;566;12643;5284;6.7;2.8
32;2021-02-24;277;380;12920;5664;6.8;3.0
32;2021-02-25;481;518;13401;6182;7.1;3.3
32;2021-02-26;444;385;13845;6567;7.3;3.5
32;2021-02-27;157;246;14002;6813;7.4;3.6
32;2021-02-28;4;0;14006;6813;7.4;3.6
32;2021-03-01;51;300;14057;7113;7.4;3.7
32;2021-03-02;414;446;14471;7559;7.6;4.0
32;2021-03-03;276;292;14747;7851;7.8;4.1
32;2021-03-04;538;338;15285;8189;8.0;4.3
32;2021-03-05;436;249;15721;8438;8.3;4.4
32;2021-03-06;522;166;16243;8604;8.5;4.5
32;2021-03-07;25;5;16268;8609;8.6;4.5
32;2021-03-08;234;292;16502;8901;8.7;4.7
32;2021-03-09;643;329;17145;9230;9.0;4.9
32;2021-03-10;482;329;17627;9559;9.3;5.0
32;2021-03-11;854;293;18481;9852;9.7;5.2
32;2021-03-12;882;341;19363;10193;10.2;5.4
32;2021-03-13;492;248;19855;10441;10.4;5.5
32;2021-03-14;1;0;19856;10441;10.4;5.5
32;2021-03-15;267;26;20123;10467;10.6;5.5
32;2021-03-16;314;307;20437;10774;10.8;5.7
32;2021-03-17;150;156;20587;10930;10.8;5.8
32;2021-03-18;374;308;20961;11238;11.0;5.9
32;2021-03-19;404;182;21365;11420;11.2;6.0
32;2021-03-20;136;33;21501;11453;11.3;6.0
32;2021-03-21;0;0;21501;11453;11.3;6.0
32;2021-03-22;340;170;21841;11623;11.5;6.1
32;2021-03-23;560;398;22401;12021;11.8;6.3
32;2021-03-24;643;270;23044;12291;12.1;6.5
32;2021-03-25;899;417;23943;12708;12.6;6.7
32;2021-03-26;657;294;24600;13002;12.9;6.8
32;2021-03-27;165;3;24765;13005;13.0;6.8
32;2021-03-28;1;1;24766;13006;13.0;6.8
32;2021-03-29;371;48;25137;13054;13.2;6.9
32;2021-03-30;766;290;25903;13344;13.6;7.0
32;2021-03-31;654;173;26557;13517;14.0;7.1
32;2021-04-01;1238;321;27795;13838;14.6;7.3
32;2021-04-02;575;167;28370;14005;14.9;7.4
32;2021-04-03;114;0;28484;14005;15.0;7.4
32;2021-04-04;0;0;28484;14005;15.0;7.4
32;2021-04-05;0;0;28484;14005;15.0;7.4
32;2021-04-06;2645;309;31129;14314;16.4;7.5
32;2021-04-07;1178;204;32307;14518;17.0;7.6
32;2021-04-08;1737;406;34044;14924;17.9;7.9
32;2021-04-09;883;218;34927;15142;18.4;8.0
32;2021-04-10;808;29;35735;15171;18.8;8.0
32;2021-04-11;14;0;35749;15171;18.8;8.0
32;2021-04-12;477;23;36226;15194;19.1;8.0
32;2021-04-13;2468;383;38694;15577;20.4;8.2
32;2021-04-14;1227;263;39921;15840;21.0;8.3
32;2021-04-15;1704;392;41625;16232;21.9;8.5
32;2021-04-16;638;282;42263;16514;22.2;8.7
32;2021-04-17;781;38;43044;16552;22.6;8.7
32;2021-04-18;13;1;43057;16553;22.7;8.7
32;2021-04-19;502;46;43559;16599;22.9;8.7
32;2021-04-20;2472;389;46031;16988;24.2;8.9
32;2021-04-21;1009;301;47040;17289;24.8;9.1
32;2021-04-22;1662;321;48702;17610;25.6;9.3
32;2021-04-23;547;158;49249;17768;25.9;9.3
32;2021-04-24;1392;55;50641;17823;26.6;9.4
32;2021-04-25;0;11;50641;17834;26.6;9.4
32;2021-04-26;387;359;51028;18193;26.9;9.6
32;2021-04-27;2550;552;53578;18745;28.2;9.9
32;2021-04-28;971;356;54549;19101;28.7;10.1
32;2021-04-29;1009;885;55558;19986;29.2;10.5
32;2021-04-30;453;361;56011;20347;29.5;10.7
32;2021-05-01;2606;96;58617;20443;30.8;10.8
32;2021-05-02;0;0;58617;20443;30.8;10.8
32;2021-05-03;171;321;58788;20764;30.9;10.9
32;2021-05-04;793;2497;59581;23261;31.4;12.2
32;2021-05-05;2360;1096;61941;24357;32.6;12.8
32;2021-05-06;516;1661;62457;26018;32.9;13.7
32;2021-05-07;2286;538;64743;26556;34.1;14.0
32;2021-05-08;71;516;64814;27072;34.1;14.2
32;2021-05-09;21;179;64835;27251;34.1;14.3
32;2021-05-10;1993;551;66828;27802;35.2;14.6
32;2021-05-11;651;2276;67479;30078;35.5;15.8
32;2021-05-12;2313;1139;69792;31217;36.7;16.4
32;2021-05-13;281;1415;70073;32632;36.9;17.2
32;2021-05-14;2222;327;72295;32959;38.0;17.3
32;2021-05-15;134;712;72429;33671;38.1;17.7
32;2021-05-16;2;0;72431;33671;38.1;17.7
32;2021-05-17;353;170;72784;33841;38.3;17.8
32;2021-05-18;1642;297;74426;34138;39.2;18.0
32;2021-05-19;2473;274;76899;34412;40.5;18.1
32;2021-05-20;2887;474;79786;34886;42.0;18.4
32;2021-05-21;2534;501;82320;35387;43.3;18.6
32;2021-05-22;335;111;82655;35498;43.5;18.7
32;2021-05-23;2;13;82657;35511;43.5;18.7
32;2021-05-24;3;0;82660;35511;43.5;18.7
32;2021-05-25;1983;372;84643;35883;44.5;18.9
32;2021-05-26;2545;555;87188;36438;45.9;19.2
32;2021-05-27;2877;627;90065;37065;47.4;19.5
32;2021-05-28;2310;765;92375;37830;48.6;19.9
32;2021-05-29;372;312;92747;38142;48.8;20.1
32;2021-05-30;4;6;92751;38148;48.8;20.1
32;2021-05-31;1413;625;94164;38773;49.5;20.4
32;2021-06-01;565;2887;94729;41660;49.8;21.9
32;2021-06-02;1578;1354;96307;43014;50.7;22.6
32;2021-06-03;396;2086;96703;45100;50.9;23.7
32;2021-06-04;1837;831;98540;45931;51.9;24.2
32;2021-06-05;207;1663;98747;47594;52.0;25.0
32;2021-06-06;8;14;98755;47608;52.0;25.1
32;2021-06-07;103;418;98858;48026;52.0;25.3
32;2021-06-08;663;2540;99521;50566;52.4;26.6
32;2021-06-09;1191;1054;100712;51620;53.0;27.2
32;2021-06-10;684;1225;101396;52845;53.4;27.8
32;2021-06-11;927;664;102323;53509;53.8;28.2
32;2021-06-12;151;2679;102474;56188;53.9;29.6
32;2021-06-13;1;1;102475;56189;53.9;29.6
32;2021-06-14;529;209;103004;56398;54.2;29.7
32;2021-06-15;1734;1025;104738;57423;55.1;30.2
32;2021-06-16;850;2778;105588;60201;55.6;31.7
32;2021-06-17;860;829;106448;61030;56.0;32.1
32;2021-06-18;314;2723;106762;63753;56.2;33.5
32;2021-06-19;914;436;107676;64189;56.7;33.8
32;2021-06-20;5;13;107681;64202;56.7;33.8
32;2021-06-21;67;1994;107748;66196;56.7;34.8
32;2021-06-22;1043;969;108791;67165;57.2;35.3
32;2021-06-23;516;2183;109307;69348;57.5;36.5
32;2021-06-24;525;518;109832;69866;57.8;36.8
32;2021-06-25;500;2359;110332;72225;58.1;38.0
32;2021-06-26;108;171;110440;72396;58.1;38.1
32;2021-06-27;2;5;110442;72401;58.1;38.1
32;2021-06-28;629;601;111071;73002;58.4;38.4
32;2021-06-29;801;1984;111872;74986;58.9;39.5
32;2021-06-30;757;2724;112629;77710;59.3;40.9
32;2021-07-01;538;2639;113167;80349;59.5;42.3
32;2021-07-02;639;2334;113806;82683;59.9;43.5
32;2021-07-03;483;508;114289;83191;60.1;43.8
32;2021-07-04;1;12;114290;83203;60.1;43.8
32;2021-07-05;71;391;114361;83594;60.2;44.0
32;2021-07-06;873;2078;115234;85672;60.6;45.1
32;2021-07-07;778;2754;116012;88426;61.0;46.5
32;2021-07-08;476;2265;116488;90691;61.3;47.7
32;2021-07-09;614;2226;117102;92917;61.6;48.9
32;2021-07-10;536;521;117638;93438;61.9;49.2
32;2021-07-11;0;5;117638;93443;61.9;49.2
32;2021-07-12;526;1243;118164;94686;62.2;49.8
32;2021-07-13;1695;1815;119859;96501;63.1;50.8
32;2021-07-14;486;33;120345;96534;63.3;50.8
32;2021-07-15;2092;887;122437;97421;64.4;51.3
32;2021-07-16;1168;1911;123605;99332;65.0;52.3
32;2021-07-17;78;128;123683;99460;65.1;52.3
32;2021-07-18;2;5;123685;99465;65.1;52.3
32;2021-07-19;1994;144;125679;99609;66.1;52.4
32;2021-07-20;2031;1264;127710;100873;67.2;53.1
32;2021-07-21;1606;1687;129316;102560;68.0;54.0
32;2021-07-22;1945;500;131261;103060;69.1;54.2
32;2021-07-23;1401;1727;132662;104787;69.8;55.1
32;2021-07-24;138;119;132800;104906;69.9;55.2
32;2021-07-25;34;10;132834;104916;69.9;55.2
32;2021-07-26;1070;1066;133904;105982;70.5;55.8
32;2021-07-27;1718;2093;135622;108075;71.4;56.9
32;2021-07-28;687;975;136309;109050;71.7;57.4
32;2021-07-29;1686;1598;137995;110648;72.6;58.2
32;2021-07-30;362;349;138357;110997;72.8;58.4
32;2021-07-31;185;349;138542;111346;72.9;58.6
32;2021-08-01;17;4;138559;111350;72.9;58.6
32;2021-08-02;80;77;138639;111427;73.0;58.6
32;2021-08-03;1177;1789;139816;113216;73.6;59.6
32;2021-08-04;630;654;140446;113870;73.9;59.9
32;2021-08-05;1100;1936;141546;115806;74.5;60.9
32;2021-08-06;560;494;142106;116300;74.8;61.2
32;2021-08-07;148;93;142254;116393;74.9;61.2
32;2021-08-08;0;0;142254;116393;74.9;61.2
32;2021-08-09;263;1824;142517;118217;75.0;62.2
32;2021-08-10;715;2080;143232;120297;75.4;63.3
32;2021-08-11;576;445;143808;120742;75.7;63.5
32;2021-08-12;932;2100;144740;122842;76.2;64.6
32;2021-08-13;177;251;144917;123093;76.3;64.8
32;2021-08-14;102;118;145019;123211;76.3;64.8
32;2021-08-15;12;21;145031;123232;76.3;64.8
32;2021-08-16;41;39;145072;123271;76.3;64.9
33;2020-12-27;2;0;2;0;0.0;0.0
33;2020-12-28;3;0;5;0;0.0;0.0
33;2020-12-29;0;0;5;0;0.0;0.0
33;2020-12-30;0;0;5;0;0.0;0.0
33;2020-12-31;0;0;5;0;0.0;0.0
33;2021-01-01;0;0;5;0;0.0;0.0
33;2021-01-02;1;0;6;0;0.0;0.0
33;2021-01-03;0;0;6;0;0.0;0.0
33;2021-01-04;2;0;8;0;0.0;0.0
33;2021-01-05;2;0;10;0;0.0;0.0
33;2021-01-06;134;0;144;0;0.0;0.0
33;2021-01-07;1307;1;1451;1;0.1;0.0
33;2021-01-08;1199;2;2650;3;0.2;0.0
33;2021-01-09;297;1;2947;4;0.2;0.0
33;2021-01-10;229;0;3176;4;0.2;0.0
33;2021-01-11;627;0;3803;4;0.2;0.0
33;2021-01-12;1417;2;5220;6;0.3;0.0
33;2021-01-13;1313;8;6533;14;0.4;0.0
33;2021-01-14;1283;13;7816;27;0.5;0.0
33;2021-01-15;1607;11;9423;38;0.6;0.0
33;2021-01-16;566;8;9989;46;0.6;0.0
33;2021-01-17;406;4;10395;50;0.6;0.0
33;2021-01-18;1222;11;11617;61;0.7;0.0
33;2021-01-19;2931;5;14548;66;0.9;0.0
33;2021-01-20;3396;9;17944;75;1.1;0.0
33;2021-01-21;2856;5;20800;80;1.3;0.0
33;2021-01-22;2322;8;23122;88;1.4;0.0
33;2021-01-23;849;2;23971;90;1.5;0.0
33;2021-01-24;529;2;24500;92;1.5;0.0
33;2021-01-25;2170;61;26670;153;1.6;0.0
33;2021-01-26;2235;164;28905;317;1.8;0.0
33;2021-01-27;2251;209;31156;526;1.9;0.0
33;2021-01-28;2154;440;33310;966;2.0;0.1
33;2021-01-29;1818;692;35128;1658;2.2;0.1
33;2021-01-30;703;174;35831;1832;2.2;0.1
33;2021-01-31;388;156;36219;1988;2.2;0.1
33;2021-02-01;1456;649;37675;2637;2.3;0.2
33;2021-02-02;2643;1112;40318;3749;2.5;0.2
33;2021-02-03;2913;868;43231;4617;2.6;0.3
33;2021-02-04;4030;1353;47261;5970;2.9;0.4
33;2021-02-05;2189;1166;49450;7136;3.0;0.4
33;2021-02-06;643;201;50093;7337;3.1;0.4
33;2021-02-07;218;232;50311;7569;3.1;0.5
33;2021-02-08;1261;759;51572;8328;3.2;0.5
33;2021-02-09;1324;1688;52896;10016;3.2;0.6
33;2021-02-10;1263;1751;54159;11767;3.3;0.7
33;2021-02-11;1299;1448;55458;13215;3.4;0.8
33;2021-02-12;1115;1259;56573;14474;3.5;0.9
33;2021-02-13;202;295;56775;14769;3.5;0.9
33;2021-02-14;47;246;56822;15015;3.5;0.9
33;2021-02-15;686;1728;57508;16743;3.5;1.0
33;2021-02-16;812;2050;58320;18793;3.6;1.2
33;2021-02-17;666;2047;58986;20840;3.6;1.3
33;2021-02-18;897;2264;59883;23104;3.7;1.4
33;2021-02-19;915;2019;60798;25123;3.7;1.5
33;2021-02-20;77;659;60875;25782;3.7;1.6
33;2021-02-21;37;463;60912;26245;3.7;1.6
33;2021-02-22;705;1892;61617;28137;3.8;1.7
33;2021-02-23;1237;2748;62854;30885;3.8;1.9
33;2021-02-24;1395;2531;64249;33416;3.9;2.0
33;2021-02-25;2829;3762;67078;37178;4.1;2.3
33;2021-02-26;4055;2334;71133;39512;4.4;2.4
33;2021-02-27;1359;726;72492;40238;4.4;2.5
33;2021-02-28;125;519;72617;40757;4.4;2.5
33;2021-03-01;1532;1856;74149;42613;4.5;2.6
33;2021-03-02;2324;1746;76473;44359;4.7;2.7
33;2021-03-03;2304;1701;78777;46060;4.8;2.8
33;2021-03-04;3933;1672;82710;47732;5.1;2.9
33;2021-03-05;5755;1741;88465;49473;5.4;3.0
33;2021-03-06;3412;560;91877;50033;5.6;3.1
33;2021-03-07;741;160;92618;50193;5.7;3.1
33;2021-03-08;2711;1156;95329;51349;5.8;3.1
33;2021-03-09;4397;1340;99726;52689;6.1;3.2
33;2021-03-10;5117;1236;104843;53925;6.4;3.3
33;2021-03-11;7541;1234;112384;55159;6.9;3.4
33;2021-03-12;10115;1165;122499;56324;7.5;3.4
33;2021-03-13;5151;211;127650;56535;7.8;3.5
33;2021-03-14;712;24;128362;56559;7.9;3.5
33;2021-03-15;4439;682;132801;57241;8.1;3.5
33;2021-03-16;3581;875;136382;58116;8.3;3.6
33;2021-03-17;3636;941;140018;59057;8.6;3.6
33;2021-03-18;4035;1412;144053;60469;8.8;3.7
33;2021-03-19;6270;1027;150323;61496;9.2;3.8
33;2021-03-20;3367;100;153690;61596;9.4;3.8
33;2021-03-21;460;28;154150;61624;9.4;3.8
33;2021-03-22;4900;446;159050;62070;9.7;3.8
33;2021-03-23;6316;605;165366;62675;10.1;3.8
33;2021-03-24;7076;531;172442;63206;10.6;3.9
33;2021-03-25;8838;657;181280;63863;11.1;3.9
33;2021-03-26;10038;853;191318;64716;11.7;4.0
33;2021-03-27;3618;83;194936;64799;11.9;4.0
33;2021-03-28;577;33;195513;64832;12.0;4.0
33;2021-03-29;6766;703;202279;65535;12.4;4.0
33;2021-03-30;8095;1040;210374;66575;12.9;4.1
33;2021-03-31;7577;1062;217951;67637;13.3;4.1
33;2021-04-01;8816;1194;226767;68831;13.9;4.2
33;2021-04-02;8402;1555;235169;70386;14.4;4.3
33;2021-04-03;2831;523;238000;70909;14.6;4.3
33;2021-04-04;216;160;238216;71069;14.6;4.4
33;2021-04-05;690;122;238906;71191;14.6;4.4
33;2021-04-06;6049;2698;244955;73889;15.0;4.5
33;2021-04-07;7420;2568;252375;76457;15.5;4.7
33;2021-04-08;10320;2777;262695;79234;16.1;4.9
33;2021-04-09;12682;3086;275377;82320;16.9;5.0
33;2021-04-10;5352;1393;280729;83713;17.2;5.1
33;2021-04-11;1002;354;281731;84067;17.2;5.1
33;2021-04-12;7423;3280;289154;87347;17.7;5.3
33;2021-04-13;9313;3476;298467;90823;18.3;5.6
33;2021-04-14;9037;3645;307504;94468;18.8;5.8
33;2021-04-15;10103;3877;317607;98345;19.4;6.0
33;2021-04-16;9718;4237;327325;102582;20.0;6.3
33;2021-04-17;4652;1659;331977;104241;20.3;6.4
33;2021-04-18;929;413;332906;104654;20.4;6.4
33;2021-04-19;5615;3845;338521;108499;20.7;6.6
33;2021-04-20;7291;4263;345812;112762;21.2;6.9
33;2021-04-21;6594;4351;352406;117113;21.6;7.2
33;2021-04-22;7345;4477;359751;121590;22.0;7.4
33;2021-04-23;7704;4816;367455;126406;22.5;7.7
33;2021-04-24;4499;1801;371954;128207;22.8;7.8
33;2021-04-25;1651;418;373605;128625;22.9;7.9
33;2021-04-26;5261;5085;378866;133710;23.2;8.2
33;2021-04-27;6576;5600;385442;139310;23.6;8.5
33;2021-04-28;6778;5566;392220;144876;24.0;8.9
33;2021-04-29;8419;6229;400639;151105;24.5;9.3
33;2021-04-30;8737;6145;409376;157250;25.1;9.6
33;2021-05-01;2901;514;412277;157764;25.2;9.7
33;2021-05-02;1834;345;414111;158109;25.4;9.7
33;2021-05-03;7016;5220;421127;163329;25.8;10.0
33;2021-05-04;6829;6667;427956;169996;26.2;10.4
33;2021-05-05;7140;7570;435096;177566;26.6;10.9
33;2021-05-06;8705;8244;443801;185810;27.2;11.4
33;2021-05-07;8608;8911;452409;194721;27.7;11.9
33;2021-05-08;3541;1600;455950;196321;27.9;12.0
33;2021-05-09;1116;969;457066;197290;28.0;12.1
33;2021-05-10;6871;7312;463937;204602;28.4;12.5
33;2021-05-11;8638;7825;472575;212427;28.9;13.0
33;2021-05-12;9172;6695;481747;219122;29.5;13.4
33;2021-05-13;5209;2111;486956;221233;29.8;13.5
33;2021-05-14;8131;5359;495087;226592;30.3;13.9
33;2021-05-15;5181;2873;500268;229465;30.6;14.0
33;2021-05-16;1842;804;502110;230269;30.7;14.1
33;2021-05-17;8859;5099;510969;235368;31.3;14.4
33;2021-05-18;10619;4877;521588;240245;31.9;14.7
33;2021-05-19;10905;4786;532493;245031;32.6;15.0
33;2021-05-20;10907;5590;543400;250621;33.3;15.3
33;2021-05-21;10916;6259;554316;256880;33.9;15.7
33;2021-05-22;5122;2751;559438;259631;34.2;15.9
33;2021-05-23;1747;384;561185;260015;34.4;15.9
33;2021-05-24;5411;998;566596;261013;34.7;16.0
33;2021-05-25;9385;5769;575981;266782;35.3;16.3
33;2021-05-26;9680;6028;585661;272810;35.9;16.7
33;2021-05-27;10903;7720;596564;280530;36.5;17.2
33;2021-05-28;10066;9534;606630;290064;37.1;17.8
33;2021-05-29;5040;4113;611670;294177;37.4;18.0
33;2021-05-30;1701;667;613371;294844;37.6;18.1
33;2021-05-31;8556;6429;621927;301273;38.1;18.4
33;2021-06-01;11805;8724;633732;309997;38.8;19.0
33;2021-06-02;11713;8228;645445;318225;39.5;19.5
33;2021-06-03;12713;9200;658158;327425;40.3;20.0
33;2021-06-04;12936;10960;671094;338385;41.1;20.7
33;2021-06-05;5277;5066;676371;343451;41.4;21.0
33;2021-06-06;2525;1193;678896;344644;41.6;21.1
33;2021-06-07;9759;8498;688655;353142;42.2;21.6
33;2021-06-08;11934;9463;700589;362605;42.9;22.2
33;2021-06-09;11775;8537;712364;371142;43.6;22.7
33;2021-06-10;12952;8388;725316;379530;44.4;23.2
33;2021-06-11;12517;11181;737833;390711;45.2;23.9
33;2021-06-12;6188;4477;744021;395188;45.5;24.2
33;2021-06-13;2614;1282;746635;396470;45.7;24.3
33;2021-06-14;8581;10151;755216;406621;46.2;24.9
33;2021-06-15;12055;10272;767271;416893;47.0;25.5
33;2021-06-16;12050;8869;779321;425762;47.7;26.1
33;2021-06-17;13075;9618;792396;435380;48.5;26.7
33;2021-06-18;11790;11439;804186;446819;49.2;27.4
33;2021-06-19;5610;4815;809796;451634;49.6;27.6
33;2021-06-20;2945;1475;812741;453109;49.8;27.7
33;2021-06-21;7874;10163;820615;463272;50.2;28.4
33;2021-06-22;9060;11085;829675;474357;50.8;29.0
33;2021-06-23;8659;10841;838334;485198;51.3;29.7
33;2021-06-24;9741;9979;848075;495177;51.9;30.3
33;2021-06-25;8042;13715;856117;508892;52.4;31.2
33;2021-06-26;4341;5920;860458;514812;52.7;31.5
33;2021-06-27;2468;1961;862926;516773;52.8;31.6
33;2021-06-28;4873;12770;867799;529543;53.1;32.4
33;2021-06-29;6442;13646;874241;543189;53.5;33.3
33;2021-06-30;6674;13391;880915;556580;53.9;34.1
33;2021-07-01;8046;11814;888961;568394;54.4;34.8
33;2021-07-02;6810;15111;895771;583505;54.8;35.7
33;2021-07-03;3210;6779;898981;590284;55.0;36.1
33;2021-07-04;2065;2380;901046;592664;55.2;36.3
33;2021-07-05;4390;12912;905436;605576;55.4;37.1
33;2021-07-06;6134;14597;911570;620173;55.8;38.0
33;2021-07-07;6873;13051;918443;633224;56.2;38.8
33;2021-07-08;7943;12746;926386;645970;56.7;39.5
33;2021-07-09;6460;15105;932846;661075;57.1;40.5
33;2021-07-10;3106;7160;935952;668235;57.3;40.9
33;2021-07-11;1843;2297;937795;670532;57.4;41.1
33;2021-07-12;3928;14701;941723;685233;57.7;42.0
33;2021-07-13;7138;16107;948861;701340;58.1;42.9
33;2021-07-14;3681;5313;952542;706653;58.3;43.3
33;2021-07-15;7600;15971;960142;722624;58.8;44.2
33;2021-07-16;8554;15141;968696;737765;59.3;45.2
33;2021-07-17;3111;6435;971807;744200;59.5;45.6
33;2021-07-18;1694;3206;973501;747406;59.6;45.8
33;2021-07-19;5812;15104;979313;762510;60.0;46.7
33;2021-07-20;7380;16135;986693;778645;60.4;47.7
33;2021-07-21;8331;14544;995024;793189;60.9;48.6
33;2021-07-22;9327;15116;1004351;808305;61.5;49.5
33;2021-07-23;9591;16358;1013942;824663;62.1;50.5
33;2021-07-24;3804;7556;1017746;832219;62.3;50.9
33;2021-07-25;2082;2661;1019828;834880;62.4;51.1
33;2021-07-26;6901;13426;1026729;848306;62.9;51.9
33;2021-07-27;9965;13404;1036694;861710;63.5;52.8
33;2021-07-28;10852;11969;1047546;873679;64.1;53.5
33;2021-07-29;11588;11894;1059134;885573;64.8;54.2
33;2021-07-30;11309;12208;1070443;897781;65.5;55.0
33;2021-07-31;4712;5646;1075155;903427;65.8;55.3
33;2021-08-01;2464;1947;1077619;905374;66.0;55.4
33;2021-08-02;8306;9880;1085925;915254;66.5;56.0
33;2021-08-03;11428;9010;1097353;924264;67.2;56.6
33;2021-08-04;11819;7339;1109172;931603;67.9;57.0
33;2021-08-05;11827;8005;1120999;939608;68.6;57.5
33;2021-08-06;11128;9034;1132127;948642;69.3;58.1
33;2021-08-07;5880;4500;1138007;953142;69.7;58.4
33;2021-08-08;3188;1815;1141195;954957;69.9;58.5
33;2021-08-09;8587;8712;1149782;963669;70.4;59.0
33;2021-08-10;9287;8411;1159069;972080;71.0;59.5
33;2021-08-11;8055;7556;1167124;979636;71.5;60.0
33;2021-08-12;7919;7998;1175043;987634;71.9;60.5
33;2021-08-13;7704;7645;1182747;995279;72.4;60.9
33;2021-08-14;3476;4314;1186223;999593;72.6;61.2
33;2021-08-15;1190;1871;1187413;1001464;72.7;61.3
33;2021-08-16;6333;8619;1193746;1010083;73.1;61.8
34;2020-12-27;1;0;1;0;0.0;0.0
34;2020-12-28;1;0;2;0;0.0;0.0
34;2020-12-29;0;0;2;0;0.0;0.0
34;2020-12-30;0;0;2;0;0.0;0.0
34;2020-12-31;0;0;2;0;0.0;0.0
34;2021-01-01;1;0;3;0;0.0;0.0
34;2021-01-02;2;0;5;0;0.0;0.0
34;2021-01-03;0;0;5;0;0.0;0.0
34;2021-01-04;21;0;26;0;0.0;0.0
34;2021-01-05;106;2;132;2;0.0;0.0
34;2021-01-06;198;1;330;3;0.0;0.0
34;2021-01-07;364;0;694;3;0.1;0.0
34;2021-01-08;606;0;1300;3;0.1;0.0
34;2021-01-09;244;0;1544;3;0.1;0.0
34;2021-01-10;95;1;1639;4;0.1;0.0
34;2021-01-11;567;2;2206;6;0.2;0.0
34;2021-01-12;1007;1;3213;7;0.3;0.0
34;2021-01-13;1098;6;4311;13;0.4;0.0
34;2021-01-14;1956;13;6267;26;0.5;0.0
34;2021-01-15;1469;5;7736;31;0.7;0.0
34;2021-01-16;331;7;8067;38;0.7;0.0
34;2021-01-17;233;1;8300;39;0.7;0.0
34;2021-01-18;1125;4;9425;43;0.8;0.0
34;2021-01-19;1610;7;11035;50;0.9;0.0
34;2021-01-20;2062;8;13097;58;1.1;0.0
34;2021-01-21;4208;10;17305;68;1.5;0.0
34;2021-01-22;2549;8;19854;76;1.7;0.0
34;2021-01-23;599;2;20453;78;1.7;0.0
34;2021-01-24;2;0;20455;78;1.7;0.0
34;2021-01-25;1241;5;21696;83;1.8;0.0
34;2021-01-26;1458;21;23154;104;2.0;0.0
34;2021-01-27;1467;23;24621;127;2.1;0.0
34;2021-01-28;1392;125;26013;252;2.2;0.0
34;2021-01-29;1258;136;27271;388;2.3;0.0
34;2021-01-30;479;25;27750;413;2.4;0.0
34;2021-01-31;4;0;27754;413;2.4;0.0
34;2021-02-01;1028;251;28782;664;2.4;0.1
34;2021-02-02;1458;444;30240;1108;2.6;0.1
34;2021-02-03;2654;526;32894;1634;2.8;0.1
34;2021-02-04;2306;886;35200;2520;3.0;0.2
34;2021-02-05;1889;1183;37089;3703;3.2;0.3
34;2021-02-06;491;239;37580;3942;3.2;0.3
34;2021-02-07;31;107;37611;4049;3.2;0.3
34;2021-02-08;860;1065;38471;5114;3.3;0.4
34;2021-02-09;1031;1311;39502;6425;3.4;0.5
34;2021-02-10;1293;1509;40795;7934;3.5;0.7
34;2021-02-11;1785;2712;42580;10646;3.6;0.9
34;2021-02-12;1921;1647;44501;12293;3.8;1.0
34;2021-02-13;356;513;44857;12806;3.8;1.1
34;2021-02-14;21;287;44878;13093;3.8;1.1
34;2021-02-15;673;1212;45551;14305;3.9;1.2
34;2021-02-16;665;1533;46216;15838;3.9;1.3
34;2021-02-17;711;1526;46927;17364;4.0;1.5
34;2021-02-18;836;1496;47763;18860;4.1;1.6
34;2021-02-19;815;1229;48578;20089;4.1;1.7
34;2021-02-20;301;485;48879;20574;4.2;1.7
34;2021-02-21;64;18;48943;20592;4.2;1.8
34;2021-02-22;629;1305;49572;21897;4.2;1.9
34;2021-02-23;562;1481;50134;23378;4.3;2.0
34;2021-02-24;937;2339;51071;25717;4.3;2.2
34;2021-02-25;1605;2280;52676;27997;4.5;2.4
34;2021-02-26;1850;1626;54526;29623;4.6;2.5
34;2021-02-27;701;434;55227;30057;4.7;2.6
34;2021-02-28;86;64;55313;30121;4.7;2.6
34;2021-03-01;928;1163;56241;31284;4.8;2.7
34;2021-03-02;1588;1282;57829;32566;4.9;2.8
34;2021-03-03;1832;1411;59661;33977;5.1;2.9
34;2021-03-04;2862;1625;62523;35602;5.3;3.0
34;2021-03-05;3686;1544;66209;37146;5.6;3.2
34;2021-03-06;2643;206;68852;37352;5.9;3.2
34;2021-03-07;1242;78;70094;37430;6.0;3.2
34;2021-03-08;2780;1015;72874;38445;6.2;3.3
34;2021-03-09;4014;1455;76888;39900;6.5;3.4
34;2021-03-10;3991;1335;80879;41235;6.9;3.5
34;2021-03-11;5434;1299;86313;42534;7.3;3.6
34;2021-03-12;6493;928;92806;43462;7.9;3.7
34;2021-03-13;3134;178;95940;43640;8.2;3.7
34;2021-03-14;1001;54;96941;43694;8.2;3.7
34;2021-03-15;3300;566;100241;44260;8.5;3.8
34;2021-03-16;2912;658;103153;44918;8.8;3.8
34;2021-03-17;3303;733;106456;45651;9.1;3.9
34;2021-03-18;3446;920;109902;46571;9.3;4.0
34;2021-03-19;4690;790;114592;47361;9.7;4.0
34;2021-03-20;3143;61;117735;47422;10.0;4.0
34;2021-03-21;1993;60;119728;47482;10.2;4.0
34;2021-03-22;3682;466;123410;47948;10.5;4.1
34;2021-03-23;4959;540;128369;48488;10.9;4.1
34;2021-03-24;5215;646;133584;49134;11.4;4.2
34;2021-03-25;7197;717;140781;49851;12.0;4.2
34;2021-03-26;7168;573;147949;50424;12.6;4.3
34;2021-03-27;2372;82;150321;50506;12.8;4.3
34;2021-03-28;698;18;151019;50524;12.8;4.3
34;2021-03-29;4184;762;155203;51286;13.2;4.4
34;2021-03-30;5219;971;160422;52257;13.6;4.4
34;2021-03-31;5066;1198;165488;53455;14.1;4.5
34;2021-04-01;7032;1031;172520;54486;14.7;4.6
34;2021-04-02;5819;1182;178339;55668;15.2;4.7
34;2021-04-03;1138;85;179477;55753;15.3;4.7
34;2021-04-04;165;5;179642;55758;15.3;4.7
34;2021-04-05;432;26;180074;55784;15.3;4.7
34;2021-04-06;3132;2458;183206;58242;15.6;5.0
34;2021-04-07;3384;2643;186590;60885;15.9;5.2
34;2021-04-08;5250;2819;191840;63704;16.3;5.4
34;2021-04-09;8072;2492;199912;66196;17.0;5.6
34;2021-04-10;3165;1369;203077;67565;17.3;5.7
34;2021-04-11;1715;809;204792;68374;17.4;5.8
34;2021-04-12;4485;2525;209277;70899;17.8;6.0
34;2021-04-13;5237;3059;214514;73958;18.2;6.3
34;2021-04-14;5617;3232;220131;77190;18.7;6.6
34;2021-04-15;6995;3168;227126;80358;19.3;6.8
34;2021-04-16;6572;3166;233698;83524;19.9;7.1
34;2021-04-17;2375;2067;236073;85591;20.1;7.3
34;2021-04-18;988;1721;237061;87312;20.2;7.4
34;2021-04-19;3421;3126;240482;90438;20.4;7.7
34;2021-04-20;3763;3668;244245;94106;20.8;8.0
34;2021-04-21;4243;3723;248488;97829;21.1;8.3
34;2021-04-22;4482;4614;252970;102443;21.5;8.7
34;2021-04-23;5370;3528;258340;105971;22.0;9.0
34;2021-04-24;3163;1578;261503;107549;22.2;9.1
34;2021-04-25;1919;647;263422;108196;22.4;9.2
34;2021-04-26;4219;3478;267641;111674;22.8;9.5
34;2021-04-27;5126;4020;272767;115694;23.2;9.8
34;2021-04-28;5766;3548;278533;119242;23.7;10.1
34;2021-04-29;6419;3948;284952;123190;24.2;10.5
34;2021-04-30;7868;3293;292820;126483;24.9;10.8
34;2021-05-01;2403;501;295223;126984;25.1;10.8
34;2021-05-02;3259;322;298482;127306;25.4;10.8
34;2021-05-03;6574;2897;305056;130203;25.9;11.1
34;2021-05-04;7110;3802;312166;134005;26.5;11.4
34;2021-05-05;6498;4531;318664;138536;27.1;11.8
34;2021-05-06;6944;5210;325608;143746;27.7;12.2
34;2021-05-07;6927;5682;332535;149428;28.3;12.7
34;2021-05-08;3607;1169;336142;150597;28.6;12.8
34;2021-05-09;2179;1287;338321;151884;28.8;12.9
34;2021-05-10;5859;4810;344180;156694;29.3;13.3
34;2021-05-11;7414;5332;351594;162026;29.9;13.8
34;2021-05-12;7751;4466;359345;166492;30.6;14.2
34;2021-05-13;6120;777;365465;167269;31.1;14.2
34;2021-05-14;7484;3731;372949;171000;31.7;14.5
34;2021-05-15;4865;1691;377814;172691;32.1;14.7
34;2021-05-16;4951;459;382765;173150;32.5;14.7
34;2021-05-17;8692;1984;391457;175134;33.3;14.9
34;2021-05-18;9142;1972;400599;177106;34.1;15.1
34;2021-05-19;8628;1809;409227;178915;34.8;15.2
34;2021-05-20;8867;2508;418094;181423;35.5;15.4
34;2021-05-21;8783;3223;426877;184646;36.3;15.7
34;2021-05-22;5789;1149;432666;185795;36.8;15.8
34;2021-05-23;3881;548;436547;186343;37.1;15.8
34;2021-05-24;1897;852;438444;187195;37.3;15.9
34;2021-05-25;7140;3816;445584;191011;37.9;16.2
34;2021-05-26;8322;3031;453906;194042;38.6;16.5
34;2021-05-27;8316;4302;462222;198344;39.3;16.9
34;2021-05-28;8048;5447;470270;203791;40.0;17.3
34;2021-05-29;4006;3111;474276;206902;40.3;17.6
34;2021-05-30;1987;1393;476263;208295;40.5;17.7
34;2021-05-31;5879;5261;482142;213556;41.0;18.2
34;2021-06-01;6948;6116;489090;219672;41.6;18.7
34;2021-06-02;6133;5813;495223;225485;42.1;19.2
34;2021-06-03;7710;6496;502933;231981;42.8;19.7
34;2021-06-04;7657;7591;510590;239572;43.4;20.4
34;2021-06-05;4139;3674;514729;243246;43.8;20.7
34;2021-06-06;3270;1867;517999;245113;44.0;20.8
34;2021-06-07;4419;6766;522418;251879;44.4;21.4
34;2021-06-08;5859;6822;528277;258701;44.9;22.0
34;2021-06-09;5825;6837;534102;265538;45.4;22.6
34;2021-06-10;6315;6873;540417;272411;45.9;23.2
34;2021-06-11;5398;9278;545815;281689;46.4;24.0
34;2021-06-12;3169;4725;548984;286414;46.7;24.4
34;2021-06-13;1079;1908;550063;288322;46.8;24.5
34;2021-06-14;3446;7820;553509;296142;47.1;25.2
34;2021-06-15;3951;8791;557460;304933;47.4;25.9
34;2021-06-16;4609;7852;562069;312785;47.8;26.6
34;2021-06-17;4217;7956;566286;320741;48.1;27.3
34;2021-06-18;4344;9328;570630;330069;48.5;28.1
34;2021-06-19;2736;4404;573366;334473;48.7;28.4
34;2021-06-20;890;2873;574256;337346;48.8;28.7
34;2021-06-21;2176;8558;576432;345904;49.0;29.4
34;2021-06-22;2970;9411;579402;355315;49.3;30.2
34;2021-06-23;3516;8976;582918;364291;49.6;31.0
34;2021-06-24;3549;8680;586467;372971;49.9;31.7
34;2021-06-25;3366;10432;589833;383403;50.1;32.6
34;2021-06-26;1642;6189;591475;389592;50.3;33.1
34;2021-06-27;306;4270;591781;393862;50.3;33.5
34;2021-06-28;2263;9434;594044;403296;50.5;34.3
34;2021-06-29;2679;10297;596723;413593;50.7;35.2
34;2021-06-30;3276;9549;599999;423142;51.0;36.0
34;2021-07-01;3437;9438;603436;432580;51.3;36.8
34;2021-07-02;3361;9740;606797;442320;51.6;37.6
34;2021-07-03;1677;6160;608474;448480;51.7;38.1
34;2021-07-04;310;2764;608784;451244;51.8;38.4
34;2021-07-05;3201;7997;611985;459241;52.0;39.0
34;2021-07-06;3432;9174;615417;468415;52.3;39.8
34;2021-07-07;3246;8642;618663;477057;52.6;40.6
34;2021-07-08;4264;8856;622927;485913;53.0;41.3
34;2021-07-09;3929;9334;626856;495247;53.3;42.1
34;2021-07-10;2133;5716;628989;500963;53.5;42.6
34;2021-07-11;923;2578;629912;503541;53.6;42.8
34;2021-07-12;2849;8967;632761;512508;53.8;43.6
34;2021-07-13;4559;10034;637320;522542;54.2;44.4
34;2021-07-14;740;349;638060;522891;54.3;44.5
34;2021-07-15;5799;10376;643859;533267;54.7;45.3
34;2021-07-16;5754;10706;649613;543973;55.2;46.3
34;2021-07-17;4464;4408;654077;548381;55.6;46.6
34;2021-07-18;230;197;654307;548578;55.6;46.6
34;2021-07-19;5069;8316;659376;556894;56.1;47.3
34;2021-07-20;6794;8375;666170;565269;56.6;48.1
34;2021-07-21;7511;7786;673681;573055;57.3;48.7
34;2021-07-22;7397;8157;681078;581212;57.9;49.4
34;2021-07-23;7763;8133;688841;589345;58.6;50.1
34;2021-07-24;5990;3035;694831;592380;59.1;50.4
34;2021-07-25;3201;532;698032;592912;59.3;50.4
34;2021-07-26;6208;6423;704240;599335;59.9;51.0
34;2021-07-27;8332;6003;712572;605338;60.6;51.5
34;2021-07-28;9184;5867;721756;611205;61.4;52.0
34;2021-07-29;11235;5990;732991;617195;62.3;52.5
34;2021-07-30;9719;6486;742710;623681;63.1;53.0
34;2021-07-31;6395;2163;749105;625844;63.7;53.2
34;2021-08-01;3268;604;752373;626448;64.0;53.3
34;2021-08-02;7282;5014;759655;631462;64.6;53.7
34;2021-08-03;8058;5355;767713;636817;65.3;54.1
34;2021-08-04;8258;4530;775971;641347;66.0;54.5
34;2021-08-05;7056;4981;783027;646328;66.6;55.0
34;2021-08-06;5842;5184;788869;651512;67.1;55.4
34;2021-08-07;3072;2420;791941;653932;67.3;55.6
34;2021-08-08;187;191;792128;654123;67.3;55.6
34;2021-08-09;4718;6139;796846;660262;67.8;56.1
34;2021-08-10;5321;6449;802167;666711;68.2;56.7
34;2021-08-11;4806;6518;806973;673229;68.6;57.2
34;2021-08-12;4522;6169;811495;679398;69.0;57.8
34;2021-08-13;4014;5696;815509;685094;69.3;58.2
34;2021-08-14;1767;2864;817276;687958;69.5;58.5
34;2021-08-15;194;185;817470;688143;69.5;58.5
34;2021-08-16;2830;7527;820300;695670;69.7;59.1
35;2020-12-27;0;0;0;0;0.0;0.0
35;2020-12-28;0;0;0;0;0.0;0.0
35;2020-12-29;2;0;2;0;0.0;0.0
35;2020-12-30;0;0;2;0;0.0;0.0
35;2020-12-31;1;0;3;0;0.0;0.0
35;2021-01-01;3;0;6;0;0.0;0.0
35;2021-01-02;1;0;7;0;0.0;0.0
35;2021-01-03;0;0;7;0;0.0;0.0
35;2021-01-04;10;0;17;0;0.0;0.0
35;2021-01-05;109;0;126;0;0.0;0.0
35;2021-01-06;175;0;301;0;0.0;0.0
35;2021-01-07;439;1;740;1;0.1;0.0
35;2021-01-08;512;1;1252;2;0.1;0.0
35;2021-01-09;31;0;1283;2;0.1;0.0
35;2021-01-10;2;0;1285;2;0.1;0.0
35;2021-01-11;538;0;1823;2;0.2;0.0
35;2021-01-12;886;2;2709;4;0.3;0.0
35;2021-01-13;967;1;3676;5;0.3;0.0
35;2021-01-14;1260;19;4936;24;0.5;0.0
35;2021-01-15;728;2;5664;26;0.5;0.0
35;2021-01-16;188;2;5852;28;0.5;0.0
35;2021-01-17;43;0;5895;28;0.5;0.0
35;2021-01-18;1222;2;7117;30;0.7;0.0
35;2021-01-19;5373;14;12490;44;1.2;0.0
35;2021-01-20;3211;7;15701;51;1.5;0.0
35;2021-01-21;3635;5;19336;56;1.8;0.0
35;2021-01-22;2089;10;21425;66;2.0;0.0
35;2021-01-23;421;1;21846;67;2.0;0.0
35;2021-01-24;50;0;21896;67;2.0;0.0
35;2021-01-25;914;17;22810;84;2.1;0.0
35;2021-01-26;1129;140;23939;224;2.2;0.0
35;2021-01-27;1031;127;24970;351;2.3;0.0
35;2021-01-28;915;298;25885;649;2.4;0.1
35;2021-01-29;724;292;26609;941;2.5;0.1
35;2021-01-30;139;20;26748;961;2.5;0.1
35;2021-01-31;0;0;26748;961;2.5;0.1
35;2021-02-01;668;335;27416;1296;2.5;0.1
35;2021-02-02;725;487;28141;1783;2.6;0.2
35;2021-02-03;659;506;28800;2289;2.7;0.2
35;2021-02-04;589;657;29389;2946;2.7;0.3
35;2021-02-05;624;564;30013;3510;2.8;0.3
35;2021-02-06;171;5;30184;3515;2.8;0.3
35;2021-02-07;1;0;30185;3515;2.8;0.3
35;2021-02-08;447;658;30632;4173;2.8;0.4
35;2021-02-09;1715;3557;32347;7730;3.0;0.7
35;2021-02-10;1366;2728;33713;10458;3.1;1.0
35;2021-02-11;1944;3232;35657;13690;3.3;1.3
35;2021-02-12;1662;1738;37319;15428;3.4;1.4
35;2021-02-13;57;254;37376;15682;3.5;1.4
35;2021-02-14;7;68;37383;15750;3.5;1.5
35;2021-02-15;771;1101;38154;16851;3.5;1.6
35;2021-02-16;920;1023;39074;17874;3.6;1.7
35;2021-02-17;891;1097;39965;18971;3.7;1.8
35;2021-02-18;1014;1001;40979;19972;3.8;1.8
35;2021-02-19;1011;971;41990;20943;3.9;1.9
35;2021-02-20;143;49;42133;20992;3.9;1.9
35;2021-02-21;5;0;42138;20992;3.9;1.9
35;2021-02-22;775;833;42913;21825;4.0;2.0
35;2021-02-23;1287;865;44200;22690;4.1;2.1
35;2021-02-24;1403;817;45603;23507;4.2;2.2
35;2021-02-25;2247;784;47850;24291;4.4;2.2
35;2021-02-26;2600;732;50450;25023;4.7;2.3
35;2021-02-27;869;103;51319;25126;4.7;2.3
35;2021-02-28;9;0;51328;25126;4.7;2.3
35;2021-03-01;961;694;52289;25820;4.8;2.4
35;2021-03-02;1633;1997;53922;27817;5.0;2.6
35;2021-03-03;1911;972;55833;28789;5.2;2.7
35;2021-03-04;2918;1413;58751;30202;5.4;2.8
35;2021-03-05;3713;1343;62464;31545;5.8;2.9
35;2021-03-06;1340;87;63804;31632;5.9;2.9
35;2021-03-07;1;40;63805;31672;5.9;2.9
35;2021-03-08;1471;585;65276;32257;6.0;3.0
35;2021-03-09;3233;607;68509;32864;6.3;3.0
35;2021-03-10;2904;563;71413;33427;6.6;3.1
35;2021-03-11;4197;717;75610;34144;7.0;3.2
35;2021-03-12;6047;599;81657;34743;7.5;3.2
35;2021-03-13;2425;133;84082;34876;7.8;3.2
35;2021-03-14;18;25;84100;34901;7.8;3.2
35;2021-03-15;1964;669;86064;35570;8.0;3.3
35;2021-03-16;2501;729;88565;36299;8.2;3.4
35;2021-03-17;2393;605;90958;36904;8.4;3.4
35;2021-03-18;2333;597;93291;37501;8.6;3.5
35;2021-03-19;3543;507;96834;38008;8.9;3.5
35;2021-03-20;1537;112;98371;38120;9.1;3.5
35;2021-03-21;38;1;98409;38121;9.1;3.5
35;2021-03-22;1750;843;100159;38964;9.3;3.6
35;2021-03-23;3625;1186;103784;40150;9.6;3.7
35;2021-03-24;3728;992;107512;41142;9.9;3.8
35;2021-03-25;5330;996;112842;42138;10.4;3.9
35;2021-03-26;5847;816;118689;42954;11.0;4.0
35;2021-03-27;1415;211;120104;43165;11.1;4.0
35;2021-03-28;4;0;120108;43165;11.1;4.0
35;2021-03-29;2780;911;122888;44076;11.4;4.1
35;2021-03-30;4291;1331;127179;45407;11.8;4.2
35;2021-03-31;3469;1340;130648;46747;12.1;4.3
35;2021-04-01;4250;1233;134898;47980;12.5;4.4
35;2021-04-02;4865;1211;139763;49191;12.9;4.5
35;2021-04-03;763;214;140526;49405;13.0;4.6
35;2021-04-04;5;0;140531;49405;13.0;4.6
35;2021-04-05;20;1;140551;49406;13.0;4.6
35;2021-04-06;3276;2038;143827;51444;13.3;4.8
35;2021-04-07;3962;1846;147789;53290;13.7;4.9
35;2021-04-08;5804;1592;153593;54882;14.2;5.1
35;2021-04-09;7426;1414;161019;56296;14.9;5.2
35;2021-04-10;1861;252;162880;56548;15.1;5.2
35;2021-04-11;35;23;162915;56571;15.1;5.2
35;2021-04-12;5136;1601;168051;58172;15.5;5.4
35;2021-04-13;7614;2786;175665;60958;16.2;5.6
35;2021-04-14;6317;2301;181982;63259;16.8;5.8
35;2021-04-15;7568;2172;189550;65431;17.5;6.0
35;2021-04-16;8079;1758;197629;67189;18.3;6.2
35;2021-04-17;1571;221;199200;67410;18.4;6.2
35;2021-04-18;10;4;199210;67414;18.4;6.2
35;2021-04-19;4818;1671;204028;69085;18.9;6.4
35;2021-04-20;5161;2637;209189;71722;19.3;6.6
35;2021-04-21;5129;2204;214318;73926;19.8;6.8
35;2021-04-22;6426;2323;220744;76249;20.4;7.0
35;2021-04-23;6821;2358;227565;78607;21.0;7.3
35;2021-04-24;1130;261;228695;78868;21.1;7.3
35;2021-04-25;7;16;228702;78884;21.1;7.3
35;2021-04-26;5100;2157;233802;81041;21.6;7.5
35;2021-04-27;6086;3206;239888;84247;22.2;7.8
35;2021-04-28;6172;2565;246060;86812;22.7;8.0
35;2021-04-29;7114;2756;253174;89568;23.4;8.3
35;2021-04-30;7559;2541;260733;92109;24.1;8.5
35;2021-05-01;618;239;261351;92348;24.2;8.5
35;2021-05-02;15;21;261366;92369;24.2;8.5
35;2021-05-03;5307;2332;266673;94701;24.6;8.8
35;2021-05-04;5075;5338;271748;100039;25.1;9.2
35;2021-05-05;4881;4445;276629;104484;25.6;9.7
35;2021-05-06;6173;5275;282802;109759;26.1;10.1
35;2021-05-07;5620;5255;288422;115014;26.7;10.6
35;2021-05-08;1720;135;290142;115149;26.8;10.6
35;2021-05-09;696;75;290838;115224;26.9;10.6
35;2021-05-10;3724;4958;294562;120182;27.2;11.1
35;2021-05-11;4778;5803;299340;125985;27.7;11.6
35;2021-05-12;5287;5498;304627;131483;28.2;12.2
35;2021-05-13;2700;1427;307327;132910;28.4;12.3
35;2021-05-14;5458;4286;312785;137196;28.9;12.7
35;2021-05-15;2929;716;315714;137912;29.2;12.7
35;2021-05-16;998;61;316712;137973;29.3;12.8
35;2021-05-17;4475;3883;321187;141856;29.7;13.1
35;2021-05-18;5835;4327;327022;146183;30.2;13.5
35;2021-05-19;5867;3628;332889;149811;30.8;13.8
35;2021-05-20;6447;4010;339336;153821;31.4;14.2
35;2021-05-21;6139;4766;345475;158587;31.9;14.7
35;2021-05-22;2115;739;347590;159326;32.1;14.7
35;2021-05-23;688;46;348278;159372;32.2;14.7
35;2021-05-24;3205;1297;351483;160669;32.5;14.8
35;2021-05-25;5541;4277;357024;164946;33.0;15.2
35;2021-05-26;5726;4168;362750;169114;33.5;15.6
35;2021-05-27;6524;4784;369274;173898;34.1;16.1
35;2021-05-28;6333;5579;375607;179477;34.7;16.6
35;2021-05-29;2875;1149;378482;180626;35.0;16.7
35;2021-05-30;877;39;379359;180665;35.1;16.7
35;2021-05-31;6310;4390;385669;185055;35.6;17.1
35;2021-06-01;7367;5121;393036;190176;36.3;17.6
35;2021-06-02;7221;3797;400257;193973;37.0;17.9
35;2021-06-03;8155;4995;408412;198968;37.7;18.4
35;2021-06-04;7275;7462;415687;206430;38.4;19.1
35;2021-06-05;4139;1583;419826;208013;38.8;19.2
35;2021-06-06;3055;148;422881;208161;39.1;19.2
35;2021-06-07;5781;5777;428662;213938;39.6;19.8
35;2021-06-08;7599;5954;436261;219892;40.3;20.3
35;2021-06-09;8463;4822;444724;224714;41.1;20.8
35;2021-06-10;9345;4748;454069;229462;42.0;21.2
35;2021-06-11;8636;7477;462705;236939;42.8;21.9
35;2021-06-12;4687;1207;467392;238146;43.2;22.0
35;2021-06-13;3386;225;470778;238371;43.5;22.0
35;2021-06-14;6233;6518;477011;244889;44.1;22.6
35;2021-06-15;7505;6963;484516;251852;44.8;23.3
35;2021-06-16;8318;5625;492834;257477;45.5;23.8
35;2021-06-17;8889;5903;501723;263380;46.4;24.3
35;2021-06-18;8719;8104;510442;271484;47.2;25.1
35;2021-06-19;1502;2511;511944;273995;47.3;25.3
35;2021-06-20;2955;885;514899;274880;47.6;25.4
35;2021-06-21;5932;6381;520831;281261;48.1;26.0
35;2021-06-22;6839;7500;527670;288761;48.8;26.7
35;2021-06-23;7253;6146;534923;294907;49.4;27.3
35;2021-06-24;8366;5925;543289;300832;50.2;27.8
35;2021-06-25;6630;8478;549919;309310;50.8;28.6
35;2021-06-26;1106;3077;551025;312387;50.9;28.9
35;2021-06-27;2637;1031;553662;313418;51.2;29.0
35;2021-06-28;4293;7759;557955;321177;51.6;29.7
35;2021-06-29;5089;7973;563044;329150;52.0;30.4
35;2021-06-30;5599;7892;568643;337042;52.6;31.1
35;2021-07-01;6573;7545;575216;344587;53.2;31.8
35;2021-07-02;5332;9860;580548;354447;53.7;32.8
35;2021-07-03;1079;2840;581627;357287;53.8;33.0
35;2021-07-04;2149;1554;583776;358841;53.9;33.2
35;2021-07-05;3731;8205;587507;367046;54.3;33.9
35;2021-07-06;4781;9470;592288;376516;54.7;34.8
35;2021-07-07;5041;8320;597329;384836;55.2;35.6
35;2021-07-08;5365;8484;602694;393320;55.7;36.3
35;2021-07-09;3893;11544;606587;404864;56.1;37.4
35;2021-07-10;889;3149;607476;408013;56.1;37.7
35;2021-07-11;1298;2357;608774;410370;56.3;37.9
35;2021-07-12;3104;9150;611878;419520;56.5;38.8
35;2021-07-13;3967;10751;615845;430271;56.9;39.8
35;2021-07-14;2147;4449;617992;434720;57.1;40.2
35;2021-07-15;4272;10186;622264;444906;57.5;41.1
35;2021-07-16;4775;11008;627039;455914;57.9;42.1
35;2021-07-17;1979;4071;629018;459985;58.1;42.5
35;2021-07-18;843;2568;629861;462553;58.2;42.7
35;2021-07-19;3232;8981;633093;471534;58.5;43.6
35;2021-07-20;4203;10594;637296;482128;58.9;44.6
35;2021-07-21;4300;9387;641596;491515;59.3;45.4
35;2021-07-22;4811;9667;646407;501182;59.7;46.3
35;2021-07-23;4536;11025;650943;512207;60.2;47.3
35;2021-07-24;1581;4269;652524;516476;60.3;47.7
35;2021-07-25;813;2846;653337;519322;60.4;48.0
35;2021-07-26;3854;8741;657191;528063;60.7;48.8
35;2021-07-27;5179;9656;662370;537719;61.2;49.7
35;2021-07-28;5271;8678;667641;546397;61.7;50.5
35;2021-07-29;6055;8339;673696;554736;62.3;51.3
35;2021-07-30;5847;9082;679543;563818;62.8;52.1
35;2021-07-31;2290;3657;681833;567475;63.0;52.4
35;2021-08-01;1513;2414;683346;569889;63.2;52.7
35;2021-08-02;4690;6954;688036;576843;63.6;53.3
35;2021-08-03;6649;7589;694685;584432;64.2;54.0
35;2021-08-04;6632;6590;701317;591022;64.8;54.6
35;2021-08-05;6607;6978;707924;598000;65.4;55.3
35;2021-08-06;5978;7303;713902;605303;66.0;55.9
35;2021-08-07;2093;3149;715995;608452;66.2;56.2
35;2021-08-08;1520;2250;717515;610702;66.3;56.4
35;2021-08-09;4580;5527;722095;616229;66.7;56.9
35;2021-08-10;6526;6354;728621;622583;67.3;57.5
35;2021-08-11;6431;5846;735052;628429;67.9;58.1
35;2021-08-12;6947;5555;741999;633984;68.6;58.6
35;2021-08-13;6481;5030;748480;639014;69.2;59.1
35;2021-08-14;3032;1973;751512;640987;69.5;59.2
35;2021-08-15;2464;1245;753976;642232;69.7;59.4
35;2021-08-16;4828;5258;758804;647490;70.1;59.8
36;2020-12-27;0;0;0;0;0.0;0.0
36;2020-12-28;0;0;0;0;0.0;0.0
36;2020-12-29;0;0;0;0;0.0;0.0
36;2020-12-30;0;0;0;0;0.0;0.0
36;2020-12-31;0;0;0;0;0.0;0.0
36;2021-01-01;0;0;0;0;0.0;0.0
36;2021-01-02;0;0;0;0;0.0;0.0
36;2021-01-03;0;0;0;0;0.0;0.0
36;2021-01-04;2;0;2;0;0.0;0.0
36;2021-01-05;0;0;2;0;0.0;0.0
36;2021-01-06;24;0;26;0;0.0;0.0
36;2021-01-07;51;0;77;0;0.0;0.0
36;2021-01-08;111;0;188;0;0.1;0.0
36;2021-01-09;83;0;271;0;0.1;0.0
36;2021-01-10;142;0;413;0;0.2;0.0
36;2021-01-11;239;1;652;1;0.3;0.0
36;2021-01-12;282;0;934;1;0.4;0.0
36;2021-01-13;198;1;1132;2;0.5;0.0
36;2021-01-14;505;4;1637;6;0.8;0.0
36;2021-01-15;179;1;1816;7;0.8;0.0
36;2021-01-16;24;1;1840;8;0.8;0.0
36;2021-01-17;19;2;1859;10;0.9;0.0
36;2021-01-18;613;4;2472;14;1.1;0.0
36;2021-01-19;1175;2;3647;16;1.7;0.0
36;2021-01-20;1102;3;4749;19;2.2;0.0
36;2021-01-21;721;0;5470;19;2.5;0.0
36;2021-01-22;857;2;6327;21;2.9;0.0
36;2021-01-23;295;0;6622;21;3.0;0.0
36;2021-01-24;185;1;6807;22;3.1;0.0
36;2021-01-25;640;4;7447;26;3.4;0.0
36;2021-01-26;610;1;8057;27;3.7;0.0
36;2021-01-27;848;19;8905;46;4.1;0.0
36;2021-01-28;477;45;9382;91;4.3;0.0
36;2021-01-29;573;98;9955;189;4.6;0.1
36;2021-01-30;288;72;10243;261;4.7;0.1
36;2021-01-31;115;135;10358;396;4.8;0.2
36;2021-02-01;378;100;10736;496;4.9;0.2
36;2021-02-02;410;174;11146;670;5.1;0.3
36;2021-02-03;473;264;11619;934;5.4;0.4
36;2021-02-04;275;278;11894;1212;5.5;0.6
36;2021-02-05;302;164;12196;1376;5.6;0.6
36;2021-02-06;1;0;12197;1376;5.6;0.6
36;2021-02-07;1;0;12198;1376;5.6;0.6
36;2021-02-08;280;259;12478;1635;5.7;0.8
36;2021-02-09;327;606;12805;2241;5.9;1.0
36;2021-02-10;490;656;13295;2897;6.1;1.3
36;2021-02-11;384;599;13679;3496;6.3;1.6
36;2021-02-12;303;461;13982;3957;6.4;1.8
36;2021-02-13;126;83;14108;4040;6.5;1.9
36;2021-02-14;22;44;14130;4084;6.5;1.9
36;2021-02-15;42;575;14172;4659;6.5;2.1
36;2021-02-16;107;418;14279;5077;6.6;2.3
36;2021-02-17;117;625;14396;5702;6.6;2.6
36;2021-02-18;161;617;14557;6319;6.7;2.9
36;2021-02-19;181;541;14738;6860;6.8;3.2
36;2021-02-20;86;239;14824;7099;6.8;3.3
36;2021-02-21;87;157;14911;7256;6.9;3.3
36;2021-02-22;162;508;15073;7764;6.9;3.6
36;2021-02-23;62;575;15135;8339;7.0;3.8
36;2021-02-24;112;681;15247;9020;7.0;4.2
36;2021-02-25;251;283;15498;9303;7.1;4.3
36;2021-02-26;339;472;15837;9775;7.3;4.5
36;2021-02-27;72;277;15909;10052;7.3;4.6
36;2021-02-28;13;97;15922;10149;7.3;4.7
36;2021-03-01;218;343;16140;10492;7.4;4.8
36;2021-03-02;352;364;16492;10856;7.6;5.0
36;2021-03-03;394;532;16886;11388;7.8;5.2
36;2021-03-04;662;357;17548;11745;8.1;5.4
36;2021-03-05;799;298;18347;12043;8.4;5.5
36;2021-03-06;410;17;18757;12060;8.6;5.6
36;2021-03-07;339;7;19096;12067;8.8;5.6
36;2021-03-08;251;315;19347;12382;8.9;5.7
36;2021-03-09;449;269;19796;12651;9.1;5.8
36;2021-03-10;724;410;20520;13061;9.5;6.0
36;2021-03-11;838;245;21358;13306;9.8;6.1
36;2021-03-12;1446;296;22804;13602;10.5;6.3
36;2021-03-13;575;129;23379;13731;10.8;6.3
36;2021-03-14;113;1;23492;13732;10.8;6.3
36;2021-03-15;648;158;24140;13890;11.1;6.4
36;2021-03-16;447;67;24587;13957;11.3;6.4
36;2021-03-17;765;90;25352;14047;11.7;6.5
36;2021-03-18;414;72;25766;14119;11.9;6.5
36;2021-03-19;738;40;26504;14159;12.2;6.5
36;2021-03-20;451;27;26955;14186;12.4;6.5
36;2021-03-21;0;0;26955;14186;12.4;6.5
36;2021-03-22;496;58;27451;14244;12.6;6.6
36;2021-03-23;777;57;28228;14301;13.0;6.6
36;2021-03-24;1089;74;29317;14375;13.5;6.6
36;2021-03-25;1337;89;30654;14464;14.1;6.7
36;2021-03-26;1419;156;32073;14620;14.8;6.7
36;2021-03-27;475;42;32548;14662;15.0;6.8
36;2021-03-28;68;57;32616;14719;15.0;6.8
36;2021-03-29;461;184;33077;14903;15.2;6.9
36;2021-03-30;582;265;33659;15168;15.5;7.0
36;2021-03-31;1263;169;34922;15337;16.1;7.1
36;2021-04-01;1085;432;36007;15769;16.6;7.3
36;2021-04-02;965;140;36972;15909;17.0;7.3
36;2021-04-03;282;181;37254;16090;17.2;7.4
36;2021-04-04;42;2;37296;16092;17.2;7.4
36;2021-04-05;15;46;37311;16138;17.2;7.4
36;2021-04-06;821;361;38132;16499;17.6;7.6
36;2021-04-07;1073;540;39205;17039;18.1;7.8
36;2021-04-08;1347;479;40552;17518;18.7;8.1
36;2021-04-09;1939;405;42491;17923;19.6;8.3
36;2021-04-10;591;241;43082;18164;19.8;8.4
36;2021-04-11;256;90;43338;18254;20.0;8.4
36;2021-04-12;849;561;44187;18815;20.3;8.7
36;2021-04-13;1140;517;45327;19332;20.9;8.9
36;2021-04-14;1582;862;46909;20194;21.6;9.3
36;2021-04-15;1654;471;48563;20665;22.4;9.5
36;2021-04-16;1488;465;50051;21130;23.1;9.7
36;2021-04-17;893;249;50944;21379;23.5;9.8
36;2021-04-18;383;7;51327;21386;23.6;9.8
36;2021-04-19;874;443;52201;21829;24.0;10.1
36;2021-04-20;1145;522;53346;22351;24.6;10.3
36;2021-04-21;1240;877;54586;23228;25.1;10.7
36;2021-04-22;1593;871;56179;24099;25.9;11.1
36;2021-04-23;1327;618;57506;24717;26.5;11.4
36;2021-04-24;678;380;58184;25097;26.8;11.6
36;2021-04-25;413;95;58597;25192;27.0;11.6
36;2021-04-26;1134;448;59731;25640;27.5;11.8
36;2021-04-27;1279;555;61010;26195;28.1;12.1
36;2021-04-28;1488;1063;62498;27258;28.8;12.6
36;2021-04-29;2016;707;64514;27965;29.7;12.9
36;2021-04-30;1553;457;66067;28422;30.4;13.1
36;2021-05-01;724;65;66791;28487;30.8;13.1
36;2021-05-02;498;63;67289;28550;31.0;13.1
36;2021-05-03;1292;311;68581;28861;31.6;13.3
36;2021-05-04;780;808;69361;29669;31.9;13.7
36;2021-05-05;1283;1308;70644;30977;32.5;14.3
36;2021-05-06;2138;795;72782;31772;33.5;14.6
36;2021-05-07;1469;768;74251;32540;34.2;15.0
36;2021-05-08;306;104;74557;32644;34.3;15.0
36;2021-05-09;175;343;74732;32987;34.4;15.2
36;2021-05-10;1216;816;75948;33803;35.0;15.6
36;2021-05-11;1725;1251;77673;35054;35.8;16.1
36;2021-05-12;1825;1483;79498;36537;36.6;16.8
36;2021-05-13;548;306;80046;36843;36.9;17.0
36;2021-05-14;701;1039;80747;37882;37.2;17.4
36;2021-05-15;635;591;81382;38473;37.5;17.7
36;2021-05-16;337;377;81719;38850;37.6;17.9
36;2021-05-17;614;943;82333;39793;37.9;18.3
36;2021-05-18;874;938;83207;40731;38.3;18.8
36;2021-05-19;1333;844;84540;41575;38.9;19.1
36;2021-05-20;1611;1210;86151;42785;39.7;19.7
36;2021-05-21;1107;1069;87258;43854;40.2;20.2
36;2021-05-22;678;342;87936;44196;40.5;20.4
36;2021-05-23;427;295;88363;44491;40.7;20.5
36;2021-05-24;505;469;88868;44960;40.9;20.7
36;2021-05-25;1045;685;89913;45645;41.4;21.0
36;2021-05-26;1473;1166;91386;46811;42.1;21.6
36;2021-05-27;1397;976;92783;47787;42.7;22.0
36;2021-05-28;921;1482;93704;49269;43.2;22.7
36;2021-05-29;700;507;94404;49776;43.5;22.9
36;2021-05-30;111;573;94515;50349;43.5;23.2
36;2021-05-31;1137;763;95652;51112;44.1;23.5
36;2021-06-01;1411;826;97063;51938;44.7;23.9
36;2021-06-02;2061;613;99124;52551;45.7;24.2
36;2021-06-03;1902;1200;101026;53751;46.5;24.8
36;2021-06-04;1774;1046;102800;54797;47.3;25.2
36;2021-06-05;692;658;103492;55455;47.7;25.5
36;2021-06-06;336;273;103828;55728;47.8;25.7
36;2021-06-07;983;809;104811;56537;48.3;26.0
36;2021-06-08;959;981;105770;57518;48.7;26.5
36;2021-06-09;1674;1069;107444;58587;49.5;27.0
36;2021-06-10;1532;1380;108976;59967;50.2;27.6
36;2021-06-11;1289;1500;110265;61467;50.8;28.3
36;2021-06-12;920;783;111185;62250;51.2;28.7
36;2021-06-13;343;268;111528;62518;51.4;28.8
36;2021-06-14;606;1270;112134;63788;51.6;29.4
36;2021-06-15;732;1216;112866;65004;52.0;29.9
36;2021-06-16;902;1519;113768;66523;52.4;30.6
36;2021-06-17;750;1905;114518;68428;52.7;31.5
36;2021-06-18;706;1882;115224;70310;53.1;32.4
36;2021-06-19;295;395;115519;70705;53.2;32.6
36;2021-06-20;235;327;115754;71032;53.3;32.7
36;2021-06-21;686;1449;116440;72481;53.6;33.4
36;2021-06-22;840;1551;117280;74032;54.0;34.1
36;2021-06-23;773;1792;118053;75824;54.4;34.9
36;2021-06-24;855;1526;118908;77350;54.8;35.6
36;2021-06-25;942;1222;119850;78572;55.2;36.2
36;2021-06-26;325;602;120175;79174;55.3;36.5
36;2021-06-27;105;267;120280;79441;55.4;36.6
36;2021-06-28;698;926;120978;80367;55.7;37.0
36;2021-06-29;688;1459;121666;81826;56.0;37.7
36;2021-06-30;837;2150;122503;83976;56.4;38.7
36;2021-07-01;351;1082;122854;85058;56.6;39.2
36;2021-07-02;745;1846;123599;86904;56.9;40.0
36;2021-07-03;466;883;124065;87787;57.1;40.4
36;2021-07-04;185;325;124250;88112;57.2;40.6
36;2021-07-05;495;1333;124745;89445;57.4;41.2
36;2021-07-06;490;1221;125235;90666;57.7;41.8
36;2021-07-07;586;1792;125821;92458;57.9;42.6
36;2021-07-08;548;1706;126369;94164;58.2;43.4
36;2021-07-09;783;1654;127152;95818;58.6;44.1
36;2021-07-10;469;1119;127621;96937;58.8;44.6
36;2021-07-11;257;154;127878;97091;58.9;44.7
36;2021-07-12;330;1628;128208;98719;59.0;45.5
36;2021-07-13;311;1937;128519;100656;59.2;46.4
36;2021-07-14;374;763;128893;101419;59.4;46.7
36;2021-07-15;915;2166;129808;103585;59.8;47.7
36;2021-07-16;627;1874;130435;105459;60.1;48.6
36;2021-07-17;397;858;130832;106317;60.3;49.0
36;2021-07-18;196;407;131028;106724;60.3;49.2
36;2021-07-19;551;1457;131579;108181;60.6;49.8
36;2021-07-20;776;1410;132355;109591;61.0;50.5
36;2021-07-21;710;1984;133065;111575;61.3;51.4
36;2021-07-22;1136;1686;134201;113261;61.8;52.2
36;2021-07-23;965;1744;135166;115005;62.2;53.0
36;2021-07-24;607;805;135773;115810;62.5;53.3
36;2021-07-25;148;404;135921;116214;62.6;53.5
36;2021-07-26;946;1085;136867;117299;63.0;54.0
36;2021-07-27;806;1354;137673;118653;63.4;54.6
36;2021-07-28;1381;1398;139054;120051;64.0;55.3
36;2021-07-29;1705;1311;140759;121362;64.8;55.9
36;2021-07-30;1442;1320;142201;122682;65.5;56.5
36;2021-07-31;931;535;143132;123217;65.9;56.7
36;2021-08-01;205;240;143337;123457;66.0;56.9
36;2021-08-02;1112;890;144449;124347;66.5;57.3
36;2021-08-03;1271;993;145720;125340;67.1;57.7
36;2021-08-04;1689;936;147409;126276;67.9;58.2
36;2021-08-05;1815;902;149224;127178;68.7;58.6
36;2021-08-06;1410;869;150634;128047;69.4;59.0
36;2021-08-07;538;523;151172;128570;69.6;59.2
36;2021-08-08;293;154;151465;128724;69.8;59.3
36;2021-08-09;817;844;152282;129568;70.1;59.7
36;2021-08-10;1064;1013;153346;130581;70.6;60.1
36;2021-08-11;1345;853;154691;131434;71.2;60.5
36;2021-08-12;1056;846;155747;132280;71.7;60.9
36;2021-08-13;1175;774;156922;133054;72.3;61.3
36;2021-08-14;413;837;157335;133891;72.5;61.7
36;2021-08-15;363;113;157698;134004;72.6;61.7
36;2021-08-16;605;955;158303;134959;72.9;62.2
37;2020-12-27;0;0;0;0;0.0;0.0
37;2020-12-28;17;0;17;0;0.0;0.0
37;2020-12-29;10;0;27;0;0.0;0.0
37;2020-12-30;0;0;27;0;0.0;0.0
37;2020-12-31;0;0;27;0;0.0;0.0
37;2021-01-01;0;0;27;0;0.0;0.0
37;2021-01-02;0;0;27;0;0.0;0.0
37;2021-01-03;0;0;27;0;0.0;0.0
37;2021-01-04;21;0;48;0;0.0;0.0
37;2021-01-05;47;0;95;0;0.0;0.0
37;2021-01-06;79;0;174;0;0.0;0.0
37;2021-01-07;115;0;289;0;0.0;0.0
37;2021-01-08;442;1;731;1;0.1;0.0
37;2021-01-09;79;0;810;1;0.1;0.0
37;2021-01-10;83;0;893;1;0.1;0.0
37;2021-01-11;280;0;1173;1;0.2;0.0
37;2021-01-12;659;4;1832;5;0.3;0.0
37;2021-01-13;560;1;2392;6;0.4;0.0
37;2021-01-14;522;3;2914;9;0.5;0.0
37;2021-01-15;628;1;3542;10;0.6;0.0
37;2021-01-16;304;2;3846;12;0.6;0.0
37;2021-01-17;262;1;4108;13;0.7;0.0
37;2021-01-18;734;8;4842;21;0.8;0.0
37;2021-01-19;1244;10;6086;31;1.0;0.0
37;2021-01-20;1038;3;7124;34;1.2;0.0
37;2021-01-21;854;1;7978;35;1.3;0.0
37;2021-01-22;767;2;8745;37;1.4;0.0
37;2021-01-23;173;0;8918;37;1.5;0.0
37;2021-01-24;0;0;8918;37;1.5;0.0
37;2021-01-25;538;13;9456;50;1.6;0.0
37;2021-01-26;1813;65;11269;115;1.9;0.0
37;2021-01-27;1523;76;12792;191;2.1;0.0
37;2021-01-28;1530;95;14322;286;2.4;0.0
37;2021-01-29;632;309;14954;595;2.5;0.1
37;2021-01-30;202;62;15156;657;2.5;0.1
37;2021-01-31;15;64;15171;721;2.5;0.1
37;2021-02-01;332;199;15503;920;2.6;0.2
37;2021-02-02;523;527;16026;1447;2.6;0.2
37;2021-02-03;660;351;16686;1798;2.8;0.3
37;2021-02-04;546;409;17232;2207;2.8;0.4
37;2021-02-05;465;443;17697;2650;2.9;0.4
37;2021-02-06;189;2;17886;2652;3.0;0.4
37;2021-02-07;20;1;17906;2653;3.0;0.4
37;2021-02-08;331;321;18237;2974;3.0;0.5
37;2021-02-09;625;709;18862;3683;3.1;0.6
37;2021-02-10;662;510;19524;4193;3.2;0.7
37;2021-02-11;612;563;20136;4756;3.3;0.8
37;2021-02-12;489;553;20625;5309;3.4;0.9
37;2021-02-13;155;207;20780;5516;3.4;0.9
37;2021-02-14;1;71;20781;5587;3.4;0.9
37;2021-02-15;425;479;21206;6066;3.5;1.0
37;2021-02-16;841;1447;22047;7513;3.6;1.2
37;2021-02-17;635;1372;22682;8885;3.7;1.5
37;2021-02-18;910;1415;23592;10300;3.9;1.7
37;2021-02-19;795;839;24387;11139;4.0;1.8
37;2021-02-20;245;211;24632;11350;4.1;1.9
37;2021-02-21;5;1;24637;11351;4.1;1.9
37;2021-02-22;336;581;24973;11932;4.1;2.0
37;2021-02-23;604;632;25577;12564;4.2;2.1
37;2021-02-24;572;620;26149;13184;4.3;2.2
37;2021-02-25;875;614;27024;13798;4.5;2.3
37;2021-02-26;1115;580;28139;14378;4.6;2.4
37;2021-02-27;584;189;28723;14567;4.7;2.4
37;2021-02-28;23;0;28746;14567;4.7;2.4
37;2021-03-01;603;361;29349;14928;4.8;2.5
37;2021-03-02;1090;544;30439;15472;5.0;2.6
37;2021-03-03;971;549;31410;16021;5.2;2.6
37;2021-03-04;1605;480;33015;16501;5.5;2.7
37;2021-03-05;2129;560;35144;17061;5.8;2.8
37;2021-03-06;1164;212;36308;17273;6.0;2.9
37;2021-03-07;471;66;36779;17339;6.1;2.9
37;2021-03-08;666;400;37445;17739;6.2;2.9
37;2021-03-09;1652;702;39097;18441;6.5;3.0
37;2021-03-10;1607;746;40704;19187;6.7;3.2
37;2021-03-11;2046;698;42750;19885;7.1;3.3
37;2021-03-12;3207;474;45957;20359;7.6;3.4
37;2021-03-13;1950;192;47907;20551;7.9;3.4
37;2021-03-14;206;4;48113;20555;7.9;3.4
37;2021-03-15;1069;250;49182;20805;8.1;3.4
37;2021-03-16;1048;530;50230;21335;8.3;3.5
37;2021-03-17;935;280;51165;21615;8.5;3.6
37;2021-03-18;1033;524;52198;22139;8.6;3.7
37;2021-03-19;2218;338;54416;22477;9.0;3.7
37;2021-03-20;1331;140;55747;22617;9.2;3.7
37;2021-03-21;204;4;55951;22621;9.2;3.7
37;2021-03-22;1287;243;57238;22864;9.5;3.8
37;2021-03-23;2256;569;59494;23433;9.8;3.9
37;2021-03-24;2246;463;61740;23896;10.2;3.9
37;2021-03-25;2981;443;64721;24339;10.7;4.0
37;2021-03-26;3524;408;68245;24747;11.3;4.1
37;2021-03-27;1175;127;69420;24874;11.5;4.1
37;2021-03-28;139;1;69559;24875;11.5;4.1
37;2021-03-29;1604;345;71163;25220;11.8;4.2
37;2021-03-30;2524;623;73687;25843;12.2;4.3
37;2021-03-31;2046;483;75733;26326;12.5;4.3
37;2021-04-01;2599;969;78332;27295;12.9;4.5
37;2021-04-02;2813;667;81145;27962;13.4;4.6
37;2021-04-03;817;222;81962;28184;13.5;4.7
37;2021-04-04;104;1;82066;28185;13.6;4.7
37;2021-04-05;3;0;82069;28185;13.6;4.7
37;2021-04-06;2238;778;84307;28963;13.9;4.8
37;2021-04-07;3169;860;87476;29823;14.4;4.9
37;2021-04-08;4041;967;91517;30790;15.1;5.1
37;2021-04-09;4543;946;96060;31736;15.9;5.2
37;2021-04-10;1328;431;97388;32167;16.1;5.3
37;2021-04-11;104;1;97492;32168;16.1;5.3
37;2021-04-12;2641;675;100133;32843;16.5;5.4
37;2021-04-13;4112;1159;104245;34002;17.2;5.6
37;2021-04-14;3044;895;107289;34897;17.7;5.8
37;2021-04-15;3758;1017;111047;35914;18.3;5.9
37;2021-04-16;4359;1222;115406;37136;19.1;6.1
37;2021-04-17;1147;222;116553;37358;19.3;6.2
37;2021-04-18;97;3;116650;37361;19.3;6.2
37;2021-04-19;2482;849;119132;38210;19.7;6.3
37;2021-04-20;3234;1337;122366;39547;20.2;6.5
37;2021-04-21;2930;1155;125296;40702;20.7;6.7
37;2021-04-22;3456;1399;128752;42101;21.3;7.0
37;2021-04-23;3691;1810;132443;43911;21.9;7.3
37;2021-04-24;1007;387;133450;44298;22.0;7.3
37;2021-04-25;45;2;133495;44300;22.1;7.3
37;2021-04-26;2968;1345;136463;45645;22.5;7.5
37;2021-04-27;4184;1816;140647;47461;23.2;7.8
37;2021-04-28;3462;1945;144109;49406;23.8;8.2
37;2021-04-29;4583;2019;148692;51425;24.6;8.5
37;2021-04-30;5055;1989;153747;53414;25.4;8.8
37;2021-05-01;638;212;154385;53626;25.5;8.9
37;2021-05-02;104;15;154489;53641;25.5;8.9
37;2021-05-03;2670;1956;157159;55597;26.0;9.2
37;2021-05-04;3733;2721;160892;58318;26.6;9.6
37;2021-05-05;3499;2087;164391;60405;27.2;10.0
37;2021-05-06;4995;1946;169386;62351;28.0;10.3
37;2021-05-07;4686;2884;174072;65235;28.8;10.8
37;2021-05-08;538;312;174610;65547;28.8;10.8
37;2021-05-09;63;41;174673;65588;28.9;10.8
37;2021-05-10;2160;3487;176833;69075;29.2;11.4
37;2021-05-11;3867;3883;180700;72958;29.8;12.1
37;2021-05-12;4038;2547;184738;75505;30.5;12.5
37;2021-05-13;1137;515;185875;76020;30.7;12.6
37;2021-05-14;4045;2683;189920;78703;31.4;13.0
37;2021-05-15;2323;744;192243;79447;31.8;13.1
37;2021-05-16;22;71;192265;79518;31.8;13.1
37;2021-05-17;2764;2055;195029;81573;32.2;13.5
37;2021-05-18;3874;2361;198903;83934;32.9;13.9
37;2021-05-19;3495;1806;202398;85740;33.4;14.2
37;2021-05-20;4752;1776;207150;87516;34.2;14.5
37;2021-05-21;4526;2571;211676;90087;35.0;14.9
37;2021-05-22;1077;751;212753;90838;35.1;15.0
37;2021-05-23;73;89;212826;90927;35.2;15.0
37;2021-05-24;513;106;213339;91033;35.2;15.0
37;2021-05-25;5123;2177;218462;93210;36.1;15.4
37;2021-05-26;4929;2097;223391;95307;36.9;15.7
37;2021-05-27;5986;2370;229377;97677;37.9;16.1
37;2021-05-28;6023;3263;235400;100940;38.9;16.7
37;2021-05-29;1521;1167;236921;102107;39.1;16.9
37;2021-05-30;55;160;236976;102267;39.1;16.9
37;2021-05-31;3647;2529;240623;104796;39.7;17.3
37;2021-06-01;5845;3622;246468;108418;40.7;17.9
37;2021-06-02;5076;2454;251544;110872;41.6;18.3
37;2021-06-03;6087;2882;257631;113754;42.6;18.8
37;2021-06-04;5510;4204;263141;117958;43.5;19.5
37;2021-06-05;1855;1305;264996;119263;43.8;19.7
37;2021-06-06;49;197;265045;119460;43.8;19.7
37;2021-06-07;3022;4165;268067;123625;44.3;20.4
37;2021-06-08;4199;4656;272266;128281;45.0;21.2
37;2021-06-09;3884;3570;276150;131851;45.6;21.8
37;2021-06-10;5268;3619;281418;135470;46.5;22.4
37;2021-06-11;4977;4839;286395;140309;47.3;23.2
37;2021-06-12;3553;1348;289948;141657;47.9;23.4
37;2021-06-13;15;164;289963;141821;47.9;23.4
37;2021-06-14;2667;4039;292630;145860;48.3;24.1
37;2021-06-15;3899;4781;296529;150641;49.0;24.9
37;2021-06-16;3257;3603;299786;154244;49.5;25.5
37;2021-06-17;4010;4494;303796;158738;50.2;26.2
37;2021-06-18;4705;5069;308501;163807;51.0;27.1
37;2021-06-19;2519;1101;311020;164908;51.4;27.2
37;2021-06-20;9;183;311029;165091;51.4;27.3
37;2021-06-21;2419;3825;313448;168916;51.8;27.9
37;2021-06-22;2969;5009;316417;173925;52.3;28.7
37;2021-06-23;2628;3646;319045;177571;52.7;29.3
37;2021-06-24;2864;3546;321909;181117;53.2;29.9
37;2021-06-25;3308;4882;325217;185999;53.7;30.7
37;2021-06-26;1240;3086;326457;189085;53.9;31.2
37;2021-06-27;23;142;326480;189227;53.9;31.3
37;2021-06-28;1702;4512;328182;193739;54.2;32.0
37;2021-06-29;1902;6224;330084;199963;54.5;33.0
37;2021-06-30;1870;4440;331954;204403;54.8;33.8
37;2021-07-01;2126;4792;334080;209195;55.2;34.6
37;2021-07-02;2679;5593;336759;214788;55.6;35.5
37;2021-07-03;945;2138;337704;216926;55.8;35.8
37;2021-07-04;4;104;337708;217030;55.8;35.9
37;2021-07-05;1708;5146;339416;222176;56.1;36.7
37;2021-07-06;2003;6762;341419;228938;56.4;37.8
37;2021-07-07;1945;5460;343364;234398;56.7;38.7
37;2021-07-08;2458;6660;345822;241058;57.1;39.8
37;2021-07-09;1982;7639;347804;248697;57.5;41.1
37;2021-07-10;1013;2615;348817;251312;57.6;41.5
37;2021-07-11;26;96;348843;251408;57.6;41.5
37;2021-07-12;1132;5986;349975;257394;57.8;42.5
37;2021-07-13;1614;7824;351589;265218;58.1;43.8
37;2021-07-14;524;406;352113;265624;58.2;43.9
37;2021-07-15;2621;7495;354734;273119;58.6;45.1
37;2021-07-16;2757;7802;357491;280921;59.1;46.4
37;2021-07-17;1202;2446;358693;283367;59.3;46.8
37;2021-07-18;50;53;358743;283420;59.3;46.8
37;2021-07-19;1645;6133;360388;289553;59.5;47.8
37;2021-07-20;2904;7072;363292;296625;60.0;49.0
37;2021-07-21;2980;5786;366272;302411;60.5;50.0
37;2021-07-22;4049;6538;370321;308949;61.2;51.0
37;2021-07-23;3802;7103;374123;316052;61.8;52.2
37;2021-07-24;1774;3311;375897;319363;62.1;52.8
37;2021-07-25;65;77;375962;319440;62.1;52.8
37;2021-07-26;3234;4316;379196;323756;62.6;53.5
37;2021-07-27;4408;4953;383604;328709;63.4;54.3
37;2021-07-28;4103;3660;387707;332369;64.0;54.9
37;2021-07-29;5063;4188;392770;336557;64.9;55.6
37;2021-07-30;5224;4923;397994;341480;65.7;56.4
37;2021-07-31;1912;1843;399906;343323;66.1;56.7
37;2021-08-01;31;52;399937;343375;66.1;56.7
37;2021-08-02;3278;3282;403215;346657;66.6;57.3
37;2021-08-03;5251;3133;408466;349790;67.5;57.8
37;2021-08-04;4527;1917;412993;351707;68.2;58.1
37;2021-08-05;4769;2591;417762;354298;69.0;58.5
37;2021-08-06;4820;3297;422582;357595;69.8;59.1
37;2021-08-07;1623;1118;424205;358713;70.1;59.3
37;2021-08-08;33;174;424238;358887;70.1;59.3
37;2021-08-09;2416;2245;426654;361132;70.5;59.7
37;2021-08-10;3018;2628;429672;363760;71.0;60.1
37;2021-08-11;2094;2100;431766;365860;71.3;60.4
37;2021-08-12;2600;2676;434366;368536;71.8;60.9
37;2021-08-13;2417;2749;436783;371285;72.2;61.3
37;2021-08-14;742;806;437525;372091;72.3;61.5
37;2021-08-15;12;57;437537;372148;72.3;61.5
37;2021-08-16;1451;3148;438988;375296;72.5;62.0
38;2020-12-27;1;0;1;0;0.0;0.0
38;2020-12-28;1;0;2;0;0.0;0.0
38;2020-12-29;0;0;2;0;0.0;0.0
38;2020-12-30;2;0;4;0;0.0;0.0
38;2020-12-31;5;0;9;0;0.0;0.0
38;2021-01-01;2;0;11;0;0.0;0.0
38;2021-01-02;1;0;12;0;0.0;0.0
38;2021-01-03;2;0;14;0;0.0;0.0
38;2021-01-04;162;0;176;0;0.0;0.0
38;2021-01-05;258;1;434;1;0.0;0.0
38;2021-01-06;364;0;798;1;0.1;0.0
38;2021-01-07;636;1;1434;2;0.1;0.0
38;2021-01-08;695;0;2129;2;0.2;0.0
38;2021-01-09;30;0;2159;2;0.2;0.0
38;2021-01-10;1;0;2160;2;0.2;0.0
38;2021-01-11;801;2;2961;4;0.2;0.0
38;2021-01-12;1470;4;4431;8;0.4;0.0
38;2021-01-13;1082;5;5513;13;0.4;0.0
38;2021-01-14;1681;15;7194;28;0.6;0.0
38;2021-01-15;1674;7;8868;35;0.7;0.0
38;2021-01-16;306;2;9174;37;0.7;0.0
38;2021-01-17;3;0;9177;37;0.7;0.0
38;2021-01-18;1177;4;10354;41;0.8;0.0
38;2021-01-19;2239;6;12593;47;1.0;0.0
38;2021-01-20;1882;3;14475;50;1.1;0.0
38;2021-01-21;1623;6;16098;56;1.3;0.0
38;2021-01-22;1399;9;17497;65;1.4;0.0
38;2021-01-23;379;3;17876;68;1.4;0.0
38;2021-01-24;1;0;17877;68;1.4;0.0
38;2021-01-25;790;107;18667;175;1.5;0.0
38;2021-01-26;855;183;19522;358;1.5;0.0
38;2021-01-27;1089;277;20611;635;1.6;0.1
38;2021-01-28;1172;476;21783;1111;1.7;0.1
38;2021-01-29;950;379;22733;1490;1.8;0.1
38;2021-01-30;304;1;23037;1491;1.8;0.1
38;2021-01-31;0;0;23037;1491;1.8;0.1
38;2021-02-01;701;599;23738;2090;1.9;0.2
38;2021-02-02;965;962;24703;3052;2.0;0.2
38;2021-02-03;1229;695;25932;3747;2.0;0.3
38;2021-02-04;1278;972;27210;4719;2.2;0.4
38;2021-02-05;1400;844;28610;5563;2.3;0.4
38;2021-02-06;186;95;28796;5658;2.3;0.4
38;2021-02-07;3;48;28799;5706;2.3;0.5
38;2021-02-08;861;794;29660;6500;2.3;0.5
38;2021-02-09;1538;1313;31198;7813;2.5;0.6
38;2021-02-10;1579;1285;32777;9098;2.6;0.7
38;2021-02-11;1870;1159;34647;10257;2.7;0.8
38;2021-02-12;1508;1124;36155;11381;2.9;0.9
38;2021-02-13;466;189;36621;11570;2.9;0.9
38;2021-02-14;1;7;36622;11577;2.9;0.9
38;2021-02-15;976;945;37598;12522;3.0;1.0
38;2021-02-16;1379;976;38977;13498;3.1;1.1
38;2021-02-17;1371;1067;40348;14565;3.2;1.2
38;2021-02-18;1788;1066;42136;15631;3.3;1.2
38;2021-02-19;1256;867;43392;16498;3.4;1.3
38;2021-02-20;469;312;43861;16810;3.5;1.3
38;2021-02-21;0;0;43861;16810;3.5;1.3
38;2021-02-22;1073;904;44934;17714;3.6;1.4
38;2021-02-23;1540;946;46474;18660;3.7;1.5
38;2021-02-24;1730;1133;48204;19793;3.8;1.6
38;2021-02-25;2496;1052;50700;20845;4.0;1.6
38;2021-02-26;3307;977;54007;21822;4.3;1.7
38;2021-02-27;1510;431;55517;22253;4.4;1.8
38;2021-02-28;33;2;55550;22255;4.4;1.8
38;2021-03-01;2506;781;58056;23036;4.6;1.8
38;2021-03-02;4048;1054;62104;24090;4.9;1.9
38;2021-03-03;3365;1238;65469;25328;5.2;2.0
38;2021-03-04;4483;1377;69952;26705;5.5;2.1
38;2021-03-05;5230;1199;75182;27904;5.9;2.2
38;2021-03-06;3042;264;78224;28168;6.2;2.2
38;2021-03-07;113;1;78337;28169;6.2;2.2
38;2021-03-08;2440;905;80777;29074;6.4;2.3
38;2021-03-09;4025;1305;84802;30379;6.7;2.4
38;2021-03-10;3504;1086;88306;31465;7.0;2.5
38;2021-03-11;5139;1512;93445;32977;7.4;2.6
38;2021-03-12;7087;1163;100532;34140;7.9;2.7
38;2021-03-13;3770;216;104302;34356;8.2;2.7
38;2021-03-14;544;14;104846;34370;8.3;2.7
38;2021-03-15;2700;1006;107546;35376;8.5;2.8
38;2021-03-16;2083;1359;109629;36735;8.7;2.9
38;2021-03-17;2026;1209;111655;37944;8.8;3.0
38;2021-03-18;2641;1361;114296;39305;9.0;3.1
38;2021-03-19;4008;1056;118304;40361;9.4;3.2
38;2021-03-20;1823;243;120127;40604;9.5;3.2
38;2021-03-21;130;8;120257;40612;9.5;3.2
38;2021-03-22;2865;1002;123122;41614;9.7;3.3
38;2021-03-23;4779;1490;127901;43104;10.1;3.4
38;2021-03-24;3711;1580;131612;44684;10.4;3.5
38;2021-03-25;5790;1530;137402;46214;10.9;3.7
38;2021-03-26;6601;1733;144003;47947;11.4;3.8
38;2021-03-27;2512;759;146515;48706;11.6;3.9
38;2021-03-28;925;45;147440;48751;11.7;3.9
38;2021-03-29;2679;1844;150119;50595;11.9;4.0
38;2021-03-30;4566;2536;154685;53131;12.2;4.2
38;2021-03-31;3662;2224;158347;55355;12.5;4.4
38;2021-04-01;5130;2510;163477;57865;12.9;4.6
38;2021-04-02;3871;2524;167348;60389;13.2;4.8
38;2021-04-03;1418;939;168766;61328;13.3;4.8
38;2021-04-04;429;45;169195;61373;13.4;4.9
38;2021-04-05;2174;342;171369;61715;13.5;4.9
38;2021-04-06;4346;2390;175715;64105;13.9;5.1
38;2021-04-07;4415;2733;180130;66838;14.2;5.3
38;2021-04-08;5647;2658;185777;69496;14.7;5.5
38;2021-04-09;8558;2720;194335;72216;15.4;5.7
38;2021-04-10;3600;1475;197935;73691;15.6;5.8
38;2021-04-11;1048;100;198983;73791;15.7;5.8
38;2021-04-12;4196;2250;203179;76041;16.1;6.0
38;2021-04-13;6123;2460;209302;78501;16.5;6.2
38;2021-04-14;5120;2459;214422;80960;17.0;6.4
38;2021-04-15;6362;2756;220784;83716;17.5;6.6
38;2021-04-16;6216;2729;227000;86445;17.9;6.8
38;2021-04-17;2587;990;229587;87435;18.1;6.9
38;2021-04-18;1332;72;230919;87507;18.3;6.9
38;2021-04-19;3945;2833;234864;90340;18.6;7.1
38;2021-04-20;5419;2850;240283;93190;19.0;7.4
38;2021-04-21;4979;2702;245262;95892;19.4;7.6
38;2021-04-22;5781;2827;251043;98719;19.8;7.8
38;2021-04-23;6034;2808;257077;101527;20.3;8.0
38;2021-04-24;2665;1346;259742;102873;20.5;8.1
38;2021-04-25;804;592;260546;103465;20.6;8.2
38;2021-04-26;4485;2468;265031;105933;21.0;8.4
38;2021-04-27;6042;2728;271073;108661;21.4;8.6
38;2021-04-28;6193;2506;277266;111167;21.9;8.8
38;2021-04-29;8327;3071;285593;114238;22.6;9.0
38;2021-04-30;7671;4054;293264;118292;23.2;9.4
38;2021-05-01;1541;198;294805;118490;23.3;9.4
38;2021-05-02;842;71;295647;118561;23.4;9.4
38;2021-05-03;5297;3591;300944;122152;23.8;9.7
38;2021-05-04;6189;5077;307133;127229;24.3;10.1
38;2021-05-05;6065;4607;313198;131836;24.8;10.4
38;2021-05-06;6713;5306;319911;137142;25.3;10.8
38;2021-05-07;7276;6437;327187;143579;25.9;11.4
38;2021-05-08;3755;714;330942;144293;26.2;11.4
38;2021-05-09;2850;1928;333792;146221;26.4;11.6
38;2021-05-10;6152;5302;339944;151523;26.9;12.0
38;2021-05-11;8221;6022;348165;157545;27.5;12.5
38;2021-05-12;9049;4703;357214;162248;28.2;12.8
38;2021-05-13;6635;1409;363849;163657;28.8;12.9
38;2021-05-14;9563;3418;373412;167075;29.5;13.2
38;2021-05-15;6858;1458;380270;168533;30.1;13.3
38;2021-05-16;5474;652;385744;169185;30.5;13.4
38;2021-05-17;7668;3002;393412;172187;31.1;13.6
38;2021-05-18;8621;4032;402033;176219;31.8;13.9
38;2021-05-19;8153;3342;410186;179561;32.4;14.2
38;2021-05-20;8974;4487;419160;184048;33.1;14.5
38;2021-05-21;9959;4585;429119;188633;33.9;14.9
38;2021-05-22;7451;1906;436570;190539;34.5;15.1
38;2021-05-23;5585;577;442155;191116;35.0;15.1
38;2021-05-24;7498;1620;449653;192736;35.5;15.2
38;2021-05-25;9543;4852;459196;197588;36.3;15.6
38;2021-05-26;8114;4723;467310;202311;36.9;16.0
38;2021-05-27;9129;5656;476439;207967;37.7;16.4
38;2021-05-28;8786;6502;485225;214469;38.4;17.0
38;2021-05-29;5818;3261;491043;217730;38.8;17.2
38;2021-05-30;2691;1594;493734;219324;39.0;17.3
38;2021-05-31;8273;5136;502007;224460;39.7;17.7
38;2021-06-01;7963;6437;509970;230897;40.3;18.3
38;2021-06-02;7140;5624;517110;236521;40.9;18.7
38;2021-06-03;7392;6837;524502;243358;41.5;19.2
38;2021-06-04;8122;7609;532624;250967;42.1;19.8
38;2021-06-05;5794;3944;538418;254911;42.6;20.2
38;2021-06-06;2509;1461;540927;256372;42.8;20.3
38;2021-06-07;5552;6870;546479;263242;43.2;20.8
38;2021-06-08;5875;7532;552354;270774;43.7;21.4
38;2021-06-09;5048;6470;557402;277244;44.1;21.9
38;2021-06-10;5424;6791;562826;284035;44.5;22.5
38;2021-06-11;5885;7784;568711;291819;45.0;23.1
38;2021-06-12;3950;3260;572661;295079;45.3;23.3
38;2021-06-13;1255;1299;573916;296378;45.4;23.4
38;2021-06-14;3873;7668;577789;304046;45.7;24.0
38;2021-06-15;5243;8149;583032;312195;46.1;24.7
38;2021-06-16;5125;7410;588157;319605;46.5;25.3
38;2021-06-17;4523;7062;592680;326667;46.9;25.8
38;2021-06-18;6168;9229;598848;335896;47.3;26.6
38;2021-06-19;3596;4966;602444;340862;47.6;26.9
38;2021-06-20;1038;2901;603482;343763;47.7;27.2
38;2021-06-21;3748;8705;607230;352468;48.0;27.9
38;2021-06-22;3791;10106;611021;362574;48.3;28.7
38;2021-06-23;3153;9547;614174;372121;48.6;29.4
38;2021-06-24;3380;8586;617554;380707;48.8;30.1
38;2021-06-25;3778;11495;621332;392202;49.1;31.0
38;2021-06-26;2227;7851;623559;400053;49.3;31.6
38;2021-06-27;1097;4356;624656;404409;49.4;32.0
38;2021-06-28;2948;10301;627604;414710;49.6;32.8
38;2021-06-29;3785;10444;631389;425154;49.9;33.6
38;2021-06-30;4056;9939;635445;435093;50.2;34.4
38;2021-07-01;3536;9014;638981;444107;50.5;35.1
38;2021-07-02;3724;11612;642705;455719;50.8;36.0
38;2021-07-03;1736;8784;644441;464503;50.9;36.7
38;2021-07-04;1242;3204;645683;467707;51.0;37.0
38;2021-07-05;3058;10547;648741;478254;51.3;37.8
38;2021-07-06;3420;10235;652161;488489;51.6;38.6
38;2021-07-07;3527;9395;655688;497884;51.8;39.4
38;2021-07-08;3492;8225;659180;506109;52.1;40.0
38;2021-07-09;3888;10738;663068;516847;52.4;40.9
38;2021-07-10;2395;7796;665463;524643;52.6;41.5
38;2021-07-11;776;2024;666239;526667;52.7;41.6
38;2021-07-12;3467;10671;669706;537338;52.9;42.5
38;2021-07-13;6582;10924;676288;548262;53.5;43.3
38;2021-07-14;4661;3329;680949;551591;53.8;43.6
38;2021-07-15;8719;9662;689668;561253;54.5;44.4
38;2021-07-16;8734;10687;698402;571940;55.2;45.2
38;2021-07-17;4707;7474;703109;579414;55.6;45.8
38;2021-07-18;2570;2487;705679;581901;55.8;46.0
38;2021-07-19;5808;9214;711487;591115;56.2;46.7
38;2021-07-20;6245;8293;717732;599408;56.7;47.4
38;2021-07-21;7845;8016;725577;607424;57.4;48.0
38;2021-07-22;7582;6996;733159;614420;58.0;48.6
38;2021-07-23;8912;9028;742071;623448;58.7;49.3
38;2021-07-24;5549;5524;747620;628972;59.1;49.7
38;2021-07-25;2836;1649;750456;630621;59.3;49.9
38;2021-07-26;7813;7485;758269;638106;59.9;50.4
38;2021-07-27;7506;6259;765775;644365;60.5;50.9
38;2021-07-28;8515;5689;774290;650054;61.2;51.4
38;2021-07-29;7592;4675;781882;654729;61.8;51.8
38;2021-07-30;7658;6637;789540;661366;62.4;52.3
38;2021-07-31;4280;3590;793820;664956;62.8;52.6
38;2021-08-01;1246;1079;795066;666035;62.9;52.7
38;2021-08-02;3888;4442;798954;670477;63.2;53.0
38;2021-08-03;4527;4545;803481;675022;63.5;53.4
38;2021-08-04;4573;4338;808054;679360;63.9;53.7
38;2021-08-05;3666;4629;811720;683989;64.2;54.1
38;2021-08-06;4080;5936;815800;689925;64.5;54.5
38;2021-08-07;2273;3526;818073;693451;64.7;54.8
38;2021-08-08;775;2012;818848;695463;64.7;55.0
38;2021-08-09;3578;5559;822426;701022;65.0;55.4
38;2021-08-10;4817;6240;827243;707262;65.4;55.9
38;2021-08-11;3904;4645;831147;711907;65.7;56.3
38;2021-08-12;3339;4589;834486;716496;66.0;56.6
38;2021-08-13;4073;6011;838559;722507;66.3;57.1
38;2021-08-14;1728;4006;840287;726513;66.4;57.4
38;2021-08-15;526;1914;840813;728427;66.5;57.6
38;2021-08-16;2835;7882;843648;736309;66.7;58.2
39;2020-12-27;0;0;0;0;0.0;0.0
39;2020-12-28;0;0;0;0;0.0;0.0
39;2020-12-29;0;0;0;0;0.0;0.0
39;2020-12-30;0;0;0;0;0.0;0.0
39;2020-12-31;0;0;0;0;0.0;0.0
39;2021-01-01;0;0;0;0;0.0;0.0
39;2021-01-02;0;0;0;0;0.0;0.0
39;2021-01-03;0;0;0;0;0.0;0.0
39;2021-01-04;3;0;3;0;0.0;0.0
39;2021-01-05;3;0;6;0;0.0;0.0
39;2021-01-06;57;3;63;3;0.0;0.0
39;2021-01-07;332;2;395;5;0.2;0.0
39;2021-01-08;658;2;1053;7;0.4;0.0
39;2021-01-09;169;0;1222;7;0.5;0.0
39;2021-01-10;1;0;1223;7;0.5;0.0
39;2021-01-11;476;1;1699;8;0.7;0.0
39;2021-01-12;431;1;2130;9;0.8;0.0
39;2021-01-13;408;2;2538;11;1.0;0.0
39;2021-01-14;574;3;3112;14;1.2;0.0
39;2021-01-15;470;1;3582;15;1.4;0.0
39;2021-01-16;141;1;3723;16;1.4;0.0
39;2021-01-17;0;1;3723;17;1.4;0.0
39;2021-01-18;924;7;4647;24;1.8;0.0
39;2021-01-19;1181;7;5828;31;2.3;0.0
39;2021-01-20;906;4;6734;35;2.6;0.0
39;2021-01-21;1178;2;7912;37;3.1;0.0
39;2021-01-22;985;2;8897;39;3.5;0.0
39;2021-01-23;383;1;9280;40;3.6;0.0
39;2021-01-24;0;0;9280;40;3.6;0.0
39;2021-01-25;642;2;9922;42;3.8;0.0
39;2021-01-26;1120;12;11042;54;4.3;0.0
39;2021-01-27;925;17;11967;71;4.6;0.0
39;2021-01-28;740;244;12707;315;4.9;0.1
39;2021-01-29;582;422;13289;737;5.2;0.3
39;2021-01-30;265;109;13554;846;5.3;0.3
39;2021-01-31;1;0;13555;846;5.3;0.3
39;2021-02-01;562;263;14117;1109;5.5;0.4
39;2021-02-02;753;322;14870;1431;5.8;0.6
39;2021-02-03;531;517;15401;1948;6.0;0.8
39;2021-02-04;553;462;15954;2410;6.2;0.9
39;2021-02-05;438;431;16392;2841;6.4;1.1
39;2021-02-06;265;110;16657;2951;6.5;1.1
39;2021-02-07;0;1;16657;2952;6.5;1.1
39;2021-02-08;321;372;16978;3324;6.6;1.3
39;2021-02-09;383;485;17361;3809;6.7;1.5
39;2021-02-10;252;338;17613;4147;6.8;1.6
39;2021-02-11;586;513;18199;4660;7.1;1.8
39;2021-02-12;386;417;18585;5077;7.2;2.0
39;2021-02-13;99;69;18684;5146;7.2;2.0
39;2021-02-14;0;0;18684;5146;7.2;2.0
39;2021-02-15;99;756;18783;5902;7.3;2.3
39;2021-02-16;99;911;18882;6813;7.3;2.6
39;2021-02-17;58;694;18940;7507;7.3;2.9
39;2021-02-18;109;858;19049;8365;7.4;3.2
39;2021-02-19;100;485;19149;8850;7.4;3.4
39;2021-02-20;18;364;19167;9214;7.4;3.6
39;2021-02-21;0;0;19167;9214;7.4;3.6
39;2021-02-22;100;729;19267;9943;7.5;3.9
39;2021-02-23;4;764;19271;10707;7.5;4.2
39;2021-02-24;125;872;19396;11579;7.5;4.5
39;2021-02-25;214;750;19610;12329;7.6;4.8
39;2021-02-26;218;468;19828;12797;7.7;5.0
39;2021-02-27;169;297;19997;13094;7.8;5.1
39;2021-02-28;1;0;19998;13094;7.8;5.1
39;2021-03-01;218;639;20216;13733;7.8;5.3
39;2021-03-02;329;827;20545;14560;8.0;5.6
39;2021-03-03;600;529;21145;15089;8.2;5.9
39;2021-03-04;658;477;21803;15566;8.5;6.0
39;2021-03-05;670;330;22473;15896;8.7;6.2
39;2021-03-06;777;248;23250;16144;9.0;6.3
39;2021-03-07;242;83;23492;16227;9.1;6.3
39;2021-03-08;286;444;23778;16671;9.2;6.5
39;2021-03-09;843;458;24621;17129;9.5;6.6
39;2021-03-10;985;338;25606;17467;9.9;6.8
39;2021-03-11;829;461;26435;17928;10.3;7.0
39;2021-03-12;806;291;27241;18219;10.6;7.1
39;2021-03-13;788;103;28029;18322;10.9;7.1
39;2021-03-14;35;10;28064;18332;10.9;7.1
39;2021-03-15;512;98;28576;18430;11.1;7.1
39;2021-03-16;555;68;29131;18498;11.3;7.2
39;2021-03-17;612;56;29743;18554;11.5;7.2
39;2021-03-18;597;71;30340;18625;11.8;7.2
39;2021-03-19;393;72;30733;18697;11.9;7.3
39;2021-03-20;311;10;31044;18707;12.0;7.3
39;2021-03-21;3;0;31047;18707;12.0;7.3
39;2021-03-22;754;116;31801;18823;12.3;7.3
39;2021-03-23;1130;44;32931;18867;12.8;7.3
39;2021-03-24;1178;97;34109;18964;13.2;7.4
39;2021-03-25;2041;126;36150;19090;14.0;7.4
39;2021-03-26;798;113;36948;19203;14.3;7.4
39;2021-03-27;345;6;37293;19209;14.5;7.4
39;2021-03-28;36;4;37329;19213;14.5;7.5
39;2021-03-29;1036;192;38365;19405;14.9;7.5
39;2021-03-30;1400;266;39765;19671;15.4;7.6
39;2021-03-31;657;520;40422;20191;15.7;7.8
39;2021-04-01;1310;314;41732;20505;16.2;8.0
39;2021-04-02;626;131;42358;20636;16.4;8.0
39;2021-04-03;180;7;42538;20643;16.5;8.0
39;2021-04-04;4;1;42542;20644;16.5;8.0
39;2021-04-05;1;0;42543;20644;16.5;8.0
39;2021-04-06;824;632;43367;21276;16.8;8.3
39;2021-04-07;1131;677;44498;21953;17.3;8.5
39;2021-04-08;1790;578;46288;22531;18.0;8.7
39;2021-04-09;1676;290;47964;22821;18.6;8.9
39;2021-04-10;345;181;48309;23002;18.7;8.9
39;2021-04-11;2;0;48311;23002;18.7;8.9
39;2021-04-12;680;395;48991;23397;19.0;9.1
39;2021-04-13;1200;581;50191;23978;19.5;9.3
39;2021-04-14;845;638;51036;24616;19.8;9.5
39;2021-04-15;1480;714;52516;25330;20.4;9.8
39;2021-04-16;1090;173;53606;25503;20.8;9.9
39;2021-04-17;197;59;53803;25562;20.9;9.9
39;2021-04-18;0;0;53803;25562;20.9;9.9
39;2021-04-19;524;699;54327;26261;21.1;10.2
39;2021-04-20;766;543;55093;26804;21.4;10.4
39;2021-04-21;1142;720;56235;27524;21.8;10.7
39;2021-04-22;1012;1129;57247;28653;22.2;11.1
39;2021-04-23;457;358;57704;29011;22.4;11.3
39;2021-04-24;275;149;57979;29160;22.5;11.3
39;2021-04-25;12;2;57991;29162;22.5;11.3
39;2021-04-26;568;1039;58559;30201;22.7;11.7
39;2021-04-27;788;982;59347;31183;23.0;12.1
39;2021-04-28;1719;417;61066;31600;23.7;12.3
39;2021-04-29;2571;969;63637;32569;24.7;12.6
39;2021-04-30;2474;392;66111;32961;25.6;12.8
39;2021-05-01;41;53;66152;33014;25.7;12.8
39;2021-05-02;0;0;66152;33014;25.7;12.8
39;2021-05-03;917;805;67069;33819;26.0;13.1
39;2021-05-04;949;1128;68018;34947;26.4;13.6
39;2021-05-05;1952;887;69970;35834;27.1;13.9
39;2021-05-06;2424;1342;72394;37176;28.1;14.4
39;2021-05-07;1286;573;73680;37749;28.6;14.6
39;2021-05-08;179;55;73859;37804;28.6;14.7
39;2021-05-09;10;8;73869;37812;28.6;14.7
39;2021-05-10;1761;846;75630;38658;29.3;15.0
39;2021-05-11;1773;1513;77403;40171;30.0;15.6
39;2021-05-12;1803;1488;79206;41659;30.7;16.2
39;2021-05-13;246;23;79452;41682;30.8;16.2
39;2021-05-14;2392;332;81844;42014;31.7;16.3
39;2021-05-15;1848;257;83692;42271;32.5;16.4
39;2021-05-16;0;0;83692;42271;32.5;16.4
39;2021-05-17;1988;724;85680;42995;33.2;16.7
39;2021-05-18;1692;1182;87372;44177;33.9;17.1
39;2021-05-19;2496;557;89868;44734;34.9;17.3
39;2021-05-20;2465;754;92333;45488;35.8;17.6
39;2021-05-21;1799;564;94132;46052;36.5;17.9
39;2021-05-22;322;219;94454;46271;36.6;17.9
39;2021-05-23;7;36;94461;46307;36.6;18.0
39;2021-05-24;8;28;94469;46335;36.6;18.0
39;2021-05-25;1726;1201;96195;47536;37.3;18.4
39;2021-05-26;1643;1379;97838;48915;37.9;19.0
39;2021-05-27;1487;1623;99325;50538;38.5;19.6
39;2021-05-28;856;1219;100181;51757;38.9;20.1
39;2021-05-29;261;276;100442;52033;39.0;20.2
39;2021-05-30;2;40;100444;52073;39.0;20.2
39;2021-05-31;1626;1248;102070;53321;39.6;20.7
39;2021-06-01;1894;1319;103964;54640;40.3;21.2
39;2021-06-02;1706;1175;105670;55815;41.0;21.6
39;2021-06-03;1326;1160;106996;56975;41.5;22.1
39;2021-06-04;942;1068;107938;58043;41.9;22.5
39;2021-06-05;766;516;108704;58559;42.2;22.7
39;2021-06-06;1;36;108705;58595;42.2;22.7
39;2021-06-07;2105;913;110810;59508;43.0;23.1
39;2021-06-08;2211;1155;113021;60663;43.8;23.5
39;2021-06-09;1732;1245;114753;61908;44.5;24.0
39;2021-06-10;1617;2081;116370;63989;45.1;24.8
39;2021-06-11;1568;1271;117938;65260;45.7;25.3
39;2021-06-12;1264;348;119202;65608;46.2;25.4
39;2021-06-13;11;18;119213;65626;46.2;25.5
39;2021-06-14;1337;1896;120550;67522;46.8;26.2
39;2021-06-15;1383;1253;121933;68775;47.3;26.7
39;2021-06-16;1171;1539;123104;70314;47.7;27.3
39;2021-06-17;1044;1716;124148;72030;48.1;27.9
39;2021-06-18;1637;1178;125785;73208;48.8;28.4
39;2021-06-19;249;412;126034;73620;48.9;28.6
39;2021-06-20;2;18;126036;73638;48.9;28.6
39;2021-06-21;351;2494;126387;76132;49.0;29.5
39;2021-06-22;810;2289;127197;78421;49.3;30.4
39;2021-06-23;1199;1301;128396;79722;49.8;30.9
39;2021-06-24;737;1048;129133;80770;50.1;31.3
39;2021-06-25;681;2962;129814;83732;50.3;32.5
39;2021-06-26;205;1564;130019;85296;50.4;33.1
39;2021-06-27;0;0;130019;85296;50.4;33.1
39;2021-06-28;304;2745;130323;88041;50.5;34.1
39;2021-06-29;498;2697;130821;90738;50.7;35.2
39;2021-06-30;898;2422;131719;93160;51.1;36.1
39;2021-07-01;644;1937;132363;95097;51.3;36.9
39;2021-07-02;1111;1405;133474;96502;51.8;37.4
39;2021-07-03;553;524;134027;97026;52.0;37.6
39;2021-07-04;1;2;134028;97028;52.0;37.6
39;2021-07-05;602;2590;134630;99618;52.2;38.6
39;2021-07-06;836;1886;135466;101504;52.5;39.4
39;2021-07-07;588;1389;136054;102893;52.8;39.9
39;2021-07-08;698;906;136752;103799;53.0;40.3
39;2021-07-09;1080;1585;137832;105384;53.5;40.9
39;2021-07-10;738;476;138570;105860;53.7;41.1
39;2021-07-11;28;8;138598;105868;53.8;41.1
39;2021-07-12;573;2595;139171;108463;54.0;42.1
39;2021-07-13;1635;2656;140806;111119;54.6;43.1
39;2021-07-14;16;20;140822;111139;54.6;43.1
39;2021-07-15;1902;1839;142724;112978;55.4;43.8
39;2021-07-16;3227;2039;145951;115017;56.6;44.6
39;2021-07-17;2224;1158;148175;116175;57.5;45.1
39;2021-07-18;164;52;148339;116227;57.5;45.1
39;2021-07-19;1401;2956;149740;119183;58.1;46.2
39;2021-07-20;1838;2809;151578;121992;58.8;47.3
39;2021-07-21;2585;2578;154163;124570;59.8;48.3
39;2021-07-22;1934;1837;156097;126407;60.5;49.0
39;2021-07-23;1809;1926;157906;128333;61.2;49.8
39;2021-07-24;1397;1427;159303;129760;61.8;50.3
39;2021-07-25;0;1;159303;129761;61.8;50.3
39;2021-07-26;1316;1996;160619;131757;62.3;51.1
39;2021-07-27;2328;1898;162947;133655;63.2;51.8
39;2021-07-28;2679;1475;165626;135130;64.2;52.4
39;2021-07-29;2192;1743;167818;136873;65.1;53.1
39;2021-07-30;2031;1464;169849;138337;65.9;53.7
39;2021-07-31;1363;655;171212;138992;66.4;53.9
39;2021-08-01;9;18;171221;139010;66.4;53.9
39;2021-08-02;1202;1400;172423;140410;66.9;54.5
39;2021-08-03;1911;1488;174334;141898;67.6;55.0
39;2021-08-04;1042;660;175376;142558;68.0;55.3
39;2021-08-05;1232;731;176608;143289;68.5;55.6
39;2021-08-06;1376;2287;177984;145576;69.0;56.5
39;2021-08-07;1060;1208;179044;146784;69.4;56.9
39;2021-08-08;26;9;179070;146793;69.4;56.9
39;2021-08-09;435;302;179505;147095;69.6;57.0
39;2021-08-10;1228;927;180733;148022;70.1;57.4
39;2021-08-11;894;1530;181627;149552;70.4;58.0
39;2021-08-12;1584;2163;183211;151715;71.1;58.8
39;2021-08-13;1314;2114;184525;153829;71.6;59.7
39;2021-08-14;354;1104;184879;154933;71.7;60.1
39;2021-08-15;0;1;184879;154934;71.7;60.1
39;2021-08-16;486;734;185365;155668;71.9;60.4
40;2020-12-27;0;0;0;0;0.0;0.0
40;2020-12-28;0;0;0;0;0.0;0.0
40;2020-12-29;0;0;0;0;0.0;0.0
40;2020-12-30;0;0;0;0;0.0;0.0
40;2020-12-31;1;0;1;0;0.0;0.0
40;2021-01-01;0;0;1;0;0.0;0.0
40;2021-01-02;0;0;1;0;0.0;0.0
40;2021-01-03;0;0;1;0;0.0;0.0
40;2021-01-04;0;0;1;0;0.0;0.0
40;2021-01-05;0;0;1;0;0.0;0.0
40;2021-01-06;1;0;2;0;0.0;0.0
40;2021-01-07;212;0;214;0;0.1;0.0
40;2021-01-08;392;2;606;2;0.1;0.0
40;2021-01-09;0;0;606;2;0.1;0.0
40;2021-01-10;1;0;607;2;0.1;0.0
40;2021-01-11;111;0;718;2;0.2;0.0
40;2021-01-12;0;0;718;2;0.2;0.0
40;2021-01-13;681;0;1399;2;0.3;0.0
40;2021-01-14;901;5;2300;7;0.6;0.0
40;2021-01-15;811;3;3111;10;0.8;0.0
40;2021-01-16;157;0;3268;10;0.8;0.0
40;2021-01-17;1;1;3269;11;0.8;0.0
40;2021-01-18;402;0;3671;11;0.9;0.0
40;2021-01-19;1204;3;4875;14;1.2;0.0
40;2021-01-20;879;2;5754;16;1.4;0.0
40;2021-01-21;1266;5;7020;21;1.7;0.0
40;2021-01-22;809;2;7829;23;1.9;0.0
40;2021-01-23;288;0;8117;23;2.0;0.0
40;2021-01-24;2;0;8119;23;2.0;0.0
40;2021-01-25;393;1;8512;24;2.1;0.0
40;2021-01-26;803;6;9315;30;2.3;0.0
40;2021-01-27;1118;12;10433;42;2.5;0.0
40;2021-01-28;706;114;11139;156;2.7;0.0
40;2021-01-29;600;228;11739;384;2.8;0.1
40;2021-01-30;235;3;11974;387;2.9;0.1
40;2021-01-31;1;0;11975;387;2.9;0.1
40;2021-02-01;358;132;12333;519;3.0;0.1
40;2021-02-02;923;52;13256;571;3.2;0.1
40;2021-02-03;894;298;14150;869;3.4;0.2
40;2021-02-04;1058;602;15208;1471;3.7;0.4
40;2021-02-05;793;421;16001;1892;3.9;0.5
40;2021-02-06;380;84;16381;1976;4.0;0.5
40;2021-02-07;10;0;16391;1976;4.0;0.5
40;2021-02-08;372;121;16763;2097;4.1;0.5
40;2021-02-09;809;541;17572;2638;4.3;0.6
40;2021-02-10;749;470;18321;3108;4.4;0.8
40;2021-02-11;739;682;19060;3790;4.6;0.9
40;2021-02-12;628;643;19688;4433;4.8;1.1
40;2021-02-13;400;95;20088;4528;4.9;1.1
40;2021-02-14;0;0;20088;4528;4.9;1.1
40;2021-02-15;48;386;20136;4914;4.9;1.2
40;2021-02-16;285;598;20421;5512;5.0;1.3
40;2021-02-17;360;894;20781;6406;5.0;1.6
40;2021-02-18;382;695;21163;7101;5.1;1.7
40;2021-02-19;144;645;21307;7746;5.2;1.9
40;2021-02-20;39;95;21346;7841;5.2;1.9
40;2021-02-21;1;66;21347;7907;5.2;1.9
40;2021-02-22;53;564;21400;8471;5.2;2.1
40;2021-02-23;179;835;21579;9306;5.2;2.3
40;2021-02-24;283;686;21862;9992;5.3;2.4
40;2021-02-25;728;992;22590;10984;5.5;2.7
40;2021-02-26;655;635;23245;11619;5.6;2.8
40;2021-02-27;384;101;23629;11720;5.7;2.8
40;2021-02-28;2;0;23631;11720;5.7;2.8
40;2021-03-01;418;507;24049;12227;5.8;3.0
40;2021-03-02;734;1041;24783;13268;6.0;3.2
40;2021-03-03;933;910;25716;14178;6.2;3.4
40;2021-03-04;1318;823;27034;15001;6.6;3.6
40;2021-03-05;1230;742;28264;15743;6.9;3.8
40;2021-03-06;866;391;29130;16134;7.1;3.9
40;2021-03-07;92;9;29222;16143;7.1;3.9
40;2021-03-08;838;501;30060;16644;7.3;4.0
40;2021-03-09;1505;643;31565;17287;7.7;4.2
40;2021-03-10;1749;709;33314;17996;8.1;4.4
40;2021-03-11;1985;695;35299;18691;8.6;4.5
40;2021-03-12;2049;548;37348;19239;9.1;4.7
40;2021-03-13;973;255;38321;19494;9.3;4.7
40;2021-03-14;98;0;38419;19494;9.3;4.7
40;2021-03-15;924;88;39343;19582;9.5;4.8
40;2021-03-16;986;270;40329;19852;9.8;4.8
40;2021-03-17;1576;346;41905;20198;10.2;4.9
40;2021-03-18;1560;337;43465;20535;10.6;5.0
40;2021-03-19;1808;145;45273;20680;11.0;5.0
40;2021-03-20;706;14;45979;20694;11.2;5.0
40;2021-03-21;52;1;46031;20695;11.2;5.0
40;2021-03-22;1174;35;47205;20730;11.5;5.0
40;2021-03-23;2324;165;49529;20895;12.0;5.1
40;2021-03-24;2325;230;51854;21125;12.6;5.1
40;2021-03-25;2767;378;54621;21503;13.3;5.2
40;2021-03-26;3121;208;57742;21711;14.0;5.3
40;2021-03-27;923;46;58665;21757;14.2;5.3
40;2021-03-28;178;47;58843;21804;14.3;5.3
40;2021-03-29;1153;381;59996;22185;14.6;5.4
40;2021-03-30;2298;387;62294;22572;15.1;5.5
40;2021-03-31;1999;299;64293;22871;15.6;5.6
40;2021-04-01;2408;328;66701;23199;16.2;5.6
40;2021-04-02;2361;218;69062;23417;16.8;5.7
40;2021-04-03;743;120;69805;23537;16.9;5.7
40;2021-04-04;362;8;70167;23545;17.0;5.7
40;2021-04-05;523;40;70690;23585;17.2;5.7
40;2021-04-06;2096;807;72786;24392;17.7;5.9
40;2021-04-07;2665;871;75451;25263;18.3;6.1
40;2021-04-08;3059;896;78510;26159;19.1;6.3
40;2021-04-09;3826;603;82336;26762;20.0;6.5
40;2021-04-10;1598;341;83934;27103;20.4;6.6
40;2021-04-11;51;6;83985;27109;20.4;6.6
40;2021-04-12;2175;734;86160;27843;20.9;6.8
40;2021-04-13;2568;1088;88728;28931;21.5;7.0
40;2021-04-14;2572;1375;91300;30306;22.2;7.4
40;2021-04-15;2985;1507;94285;31813;22.9;7.7
40;2021-04-16;2876;1186;97161;32999;23.6;8.0
40;2021-04-17;1464;348;98625;33347;23.9;8.1
40;2021-04-18;57;24;98682;33371;24.0;8.1
40;2021-04-19;1058;1018;99740;34389;24.2;8.3
40;2021-04-20;1621;1743;101361;36132;24.6;8.8
40;2021-04-21;1777;1738;103138;37870;25.0;9.2
40;2021-04-22;2113;1775;105251;39645;25.5;9.6
40;2021-04-23;2162;1398;107413;41043;26.1;10.0
40;2021-04-24;1327;620;108740;41663;26.4;10.1
40;2021-04-25;37;57;108777;41720;26.4;10.1
40;2021-04-26;1250;1135;110027;42855;26.7;10.4
40;2021-04-27;1486;2033;111513;44888;27.1;10.9
40;2021-04-28;2051;1369;113564;46257;27.6;11.2
40;2021-04-29;2607;1898;116171;48155;28.2;11.7
40;2021-04-30;2699;1617;118870;49772;28.9;12.1
40;2021-05-01;1229;782;120099;50554;29.2;12.3
40;2021-05-02;143;322;120242;50876;29.2;12.3
40;2021-05-03;1857;1500;122099;52376;29.6;12.7
40;2021-05-04;1883;2466;123982;54842;30.1;13.3
40;2021-05-05;2188;2668;126170;57510;30.6;14.0
40;2021-05-06;2236;2863;128406;60373;31.2;14.7
40;2021-05-07;1904;3001;130310;63374;31.6;15.4
40;2021-05-08;675;468;130985;63842;31.8;15.5
40;2021-05-09;316;21;131301;63863;31.9;15.5
40;2021-05-10;1399;2054;132700;65917;32.2;16.0
40;2021-05-11;2197;2511;134897;68428;32.7;16.6
40;2021-05-12;2731;1942;137628;70370;33.4;17.1
40;2021-05-13;1984;515;139612;70885;33.9;17.2
40;2021-05-14;2325;1655;141937;72540;34.5;17.6
40;2021-05-15;1340;963;143277;73503;34.8;17.8
40;2021-05-16;434;24;143711;73527;34.9;17.8
40;2021-05-17;2120;1313;145831;74840;35.4;18.2
40;2021-05-18;2509;1417;148340;76257;36.0;18.5
40;2021-05-19;2955;1104;151295;77361;36.7;18.8
40;2021-05-20;3585;1163;154880;78524;37.6;19.1
40;2021-05-21;2924;1332;157804;79856;38.3;19.4
40;2021-05-22;1146;796;158950;80652;38.6;19.6
40;2021-05-23;631;29;159581;80681;38.7;19.6
40;2021-05-24;1212;331;160793;81012;39.0;19.7
40;2021-05-25;2169;1306;162962;82318;39.6;20.0
40;2021-05-26;2615;1562;165577;83880;40.2;20.4
40;2021-05-27;2733;2011;168310;85891;40.9;20.8
40;2021-05-28;2568;2275;170878;88166;41.5;21.4
40;2021-05-29;1558;1256;172436;89422;41.9;21.7
40;2021-05-30;3;52;172439;89474;41.9;21.7
40;2021-05-31;2566;1208;175005;90682;42.5;22.0
40;2021-06-01;3011;1771;178016;92453;43.2;22.4
40;2021-06-02;3173;1989;181189;94442;44.0;22.9
40;2021-06-03;3592;2337;184781;96779;44.9;23.5
40;2021-06-04;3016;2805;187797;99584;45.6;24.2
40;2021-06-05;1779;1395;189576;100979;46.0;24.5
40;2021-06-06;459;79;190035;101058;46.1;24.5
40;2021-06-07;2185;2027;192220;103085;46.7;25.0
40;2021-06-08;2952;2102;195172;105187;47.4;25.5
40;2021-06-09;3215;2268;198387;107455;48.2;26.1
40;2021-06-10;2996;2096;201383;109551;48.9;26.6
40;2021-06-11;3140;2798;204523;112349;49.6;27.3
40;2021-06-12;1964;1636;206487;113985;50.1;27.7
40;2021-06-13;644;161;207131;114146;50.3;27.7
40;2021-06-14;1458;2498;208589;116644;50.6;28.3
40;2021-06-15;2235;2821;210824;119465;51.2;29.0
40;2021-06-16;2605;2455;213429;121920;51.8;29.6
40;2021-06-17;2432;2436;215861;124356;52.4;30.2
40;2021-06-18;2323;2904;218184;127260;53.0;30.9
40;2021-06-19;1798;1231;219982;128491;53.4;31.2
40;2021-06-20;344;275;220326;128766;53.5;31.3
40;2021-06-21;1393;2320;221719;131086;53.8;31.8
40;2021-06-22;1686;2996;223405;134082;54.2;32.5
40;2021-06-23;1607;3344;225012;137426;54.6;33.4
40;2021-06-24;1735;2384;226747;139810;55.0;33.9
40;2021-06-25;1759;3264;228506;143074;55.5;34.7
40;2021-06-26;1327;1710;229833;144784;55.8;35.1
40;2021-06-27;263;354;230096;145138;55.9;35.2
40;2021-06-28;1334;2820;231430;147958;56.2;35.9
40;2021-06-29;1708;3388;233138;151346;56.6;36.7
40;2021-06-30;1774;3640;234912;154986;57.0;37.6
40;2021-07-01;1714;3950;236626;158936;57.4;38.6
40;2021-07-02;1558;3808;238184;162744;57.8;39.5
40;2021-07-03;678;1922;238862;164666;58.0;40.0
40;2021-07-04;219;483;239081;165149;58.0;40.1
40;2021-07-05;1471;3021;240552;168170;58.4;40.8
40;2021-07-06;1766;3612;242318;171782;58.8;41.7
40;2021-07-07;1974;3843;244292;175625;59.3;42.6
40;2021-07-08;2101;3407;246393;179032;59.8;43.5
40;2021-07-09;2108;3949;248501;182981;60.3;44.4
40;2021-07-10;1005;2158;249506;185139;60.6;44.9
40;2021-07-11;207;294;249713;185433;60.6;45.0
40;2021-07-12;1311;4043;251024;189476;60.9;46.0
40;2021-07-13;2427;4698;253451;194174;61.5;47.1
40;2021-07-14;2190;2055;255641;196229;62.1;47.6
40;2021-07-15;2834;4858;258475;201087;62.7;48.8
40;2021-07-16;3312;3941;261787;205028;63.5;49.8
40;2021-07-17;2108;2591;263895;207619;64.1;50.4
40;2021-07-18;470;542;264365;208161;64.2;50.5
40;2021-07-19;2562;3703;266927;211864;64.8;51.4
40;2021-07-20;3049;4052;269976;215916;65.5;52.4
40;2021-07-21;3193;3882;273169;219798;66.3;53.4
40;2021-07-22;3837;3929;277006;223727;67.2;54.3
40;2021-07-23;4075;4107;281081;227834;68.2;55.3
40;2021-07-24;2779;2106;283860;229940;68.9;55.8
40;2021-07-25;952;487;284812;230427;69.1;55.9
40;2021-07-26;2929;3076;287741;233503;69.8;56.7
40;2021-07-27;3489;3604;291230;237107;70.7;57.6
40;2021-07-28;3360;3392;294590;240499;71.5;58.4
40;2021-07-29;3511;3426;298101;243925;72.4;59.2
40;2021-07-30;3109;3401;301210;247326;73.1;60.0
40;2021-07-31;1770;1909;302980;249235;73.5;60.5
40;2021-08-01;343;286;303323;249521;73.6;60.6
40;2021-08-02;1986;2380;305309;251901;74.1;61.1
40;2021-08-03;2319;2685;307628;254586;74.7;61.8
40;2021-08-04;2084;2313;309712;256899;75.2;62.4
40;2021-08-05;1959;2666;311671;259565;75.7;63.0
40;2021-08-06;1868;3063;313539;262628;76.1;63.7
40;2021-08-07;1216;1744;314755;264372;76.4;64.2
40;2021-08-08;83;153;314838;264525;76.4;64.2
40;2021-08-09;1598;3125;316436;267650;76.8;65.0
40;2021-08-10;1420;3163;317856;270813;77.2;65.7
40;2021-08-11;1408;2844;319264;273657;77.5;66.4
40;2021-08-12;1271;3101;320535;276758;77.8;67.2
40;2021-08-13;1129;2970;321664;279728;78.1;67.9
40;2021-08-14;615;2037;322279;281765;78.2;68.4
40;2021-08-15;5;172;322284;281937;78.2;68.4
40;2021-08-16;1094;3386;323378;285323;78.5;69.3
41;2020-12-27;0;0;0;0;0.0;0.0
41;2020-12-28;0;0;0;0;0.0;0.0
41;2020-12-29;0;0;0;0;0.0;0.0
41;2020-12-30;0;0;0;0;0.0;0.0
41;2020-12-31;0;0;0;0;0.0;0.0
41;2021-01-01;0;0;0;0;0.0;0.0
41;2021-01-02;2;0;2;0;0.0;0.0
41;2021-01-03;0;0;2;0;0.0;0.0
41;2021-01-04;0;0;2;0;0.0;0.0
41;2021-01-05;35;0;37;0;0.0;0.0
41;2021-01-06;72;0;109;0;0.0;0.0
41;2021-01-07;21;0;130;0;0.0;0.0
41;2021-01-08;1;0;131;0;0.0;0.0
41;2021-01-09;0;0;131;0;0.0;0.0
41;2021-01-10;0;0;131;0;0.0;0.0
41;2021-01-11;133;0;264;0;0.1;0.0
41;2021-01-12;321;1;585;1;0.2;0.0
41;2021-01-13;270;0;855;1;0.3;0.0
41;2021-01-14;283;1;1138;2;0.3;0.0
41;2021-01-15;215;1;1353;3;0.4;0.0
41;2021-01-16;0;0;1353;3;0.4;0.0
41;2021-01-17;0;0;1353;3;0.4;0.0
41;2021-01-18;397;2;1750;5;0.5;0.0
41;2021-01-19;857;0;2607;5;0.8;0.0
41;2021-01-20;1056;3;3663;8;1.1;0.0
41;2021-01-21;1567;1;5230;9;1.6;0.0
41;2021-01-22;835;0;6065;9;1.9;0.0
41;2021-01-23;92;0;6157;9;1.9;0.0
41;2021-01-24;0;0;6157;9;1.9;0.0
41;2021-01-25;421;1;6578;10;2.0;0.0
41;2021-01-26;473;2;7051;12;2.2;0.0
41;2021-01-27;441;1;7492;13;2.3;0.0
41;2021-01-28;604;56;8096;69;2.5;0.0
41;2021-01-29;260;30;8356;99;2.5;0.0
41;2021-01-30;0;0;8356;99;2.5;0.0
41;2021-01-31;0;0;8356;99;2.5;0.0
41;2021-02-01;350;147;8706;246;2.7;0.1
41;2021-02-02;471;231;9177;477;2.8;0.1
41;2021-02-03;341;202;9518;679;2.9;0.2
41;2021-02-04;559;154;10077;833;3.1;0.3
41;2021-02-05;329;192;10406;1025;3.2;0.3
41;2021-02-06;4;0;10410;1025;3.2;0.3
41;2021-02-07;2;0;10412;1025;3.2;0.3
41;2021-02-08;306;308;10718;1333;3.3;0.4
41;2021-02-09;598;456;11316;1789;3.5;0.5
41;2021-02-10;486;692;11802;2481;3.6;0.8
41;2021-02-11;1066;1157;12868;3638;3.9;1.1
41;2021-02-12;688;356;13556;3994;4.1;1.2
41;2021-02-13;9;5;13565;3999;4.1;1.2
41;2021-02-14;2;27;13567;4026;4.1;1.2
41;2021-02-15;314;307;13881;4333;4.2;1.3
41;2021-02-16;354;566;14235;4899;4.3;1.5
41;2021-02-17;318;459;14553;5358;4.4;1.6
41;2021-02-18;617;320;15170;5678;4.6;1.7
41;2021-02-19;456;335;15626;6013;4.8;1.8
41;2021-02-20;69;58;15695;6071;4.8;1.9
41;2021-02-21;0;0;15695;6071;4.8;1.9
41;2021-02-22;310;421;16005;6492;4.9;2.0
41;2021-02-23;454;351;16459;6843;5.0;2.1
41;2021-02-24;281;442;16740;7285;5.1;2.2
41;2021-02-25;674;457;17414;7742;5.3;2.4
41;2021-02-26;630;252;18044;7994;5.5;2.4
41;2021-02-27;161;4;18205;7998;5.6;2.4
41;2021-02-28;4;31;18209;8029;5.6;2.4
41;2021-03-01;310;311;18519;8340;5.6;2.5
41;2021-03-02;648;412;19167;8752;5.8;2.7
41;2021-03-03;497;411;19664;9163;6.0;2.8
41;2021-03-04;784;836;20448;9999;6.2;3.1
41;2021-03-05;840;672;21288;10671;6.5;3.3
41;2021-03-06;715;21;22003;10692;6.7;3.3
41;2021-03-07;498;17;22501;10709;6.9;3.3
41;2021-03-08;299;378;22800;11087;7.0;3.4
41;2021-03-09;1042;452;23842;11539;7.3;3.5
41;2021-03-10;721;456;24563;11995;7.5;3.7
41;2021-03-11;1182;682;25745;12677;7.9;3.9
41;2021-03-12;1114;411;26859;13088;8.2;4.0
41;2021-03-13;1222;15;28081;13103;8.6;4.0
41;2021-03-14;392;3;28473;13106;8.7;4.0
41;2021-03-15;797;352;29270;13458;8.9;4.1
41;2021-03-16;1061;408;30331;13866;9.3;4.2
41;2021-03-17;587;240;30918;14106;9.4;4.3
41;2021-03-18;925;401;31843;14507;9.7;4.4
41;2021-03-19;911;332;32754;14839;10.0;4.5
41;2021-03-20;539;18;33293;14857;10.2;4.5
41;2021-03-21;1;0;33294;14857;10.2;4.5
41;2021-03-22;809;272;34103;15129;10.4;4.6
41;2021-03-23;1309;491;35412;15620;10.8;4.8
41;2021-03-24;1231;366;36643;15986;11.2;4.9
41;2021-03-25;2026;436;38669;16422;11.8;5.0
41;2021-03-26;1655;324;40324;16746;12.3;5.1
41;2021-03-27;451;57;40775;16803;12.4;5.1
41;2021-03-28;1;0;40776;16803;12.4;5.1
41;2021-03-29;938;308;41714;17111;12.7;5.2
41;2021-03-30;1496;594;43210;17705;13.2;5.4
41;2021-03-31;1147;493;44357;18198;13.5;5.6
41;2021-04-01;2252;561;46609;18759;14.2;5.7
41;2021-04-02;1242;474;47851;19233;14.6;5.9
41;2021-04-03;321;5;48172;19238;14.7;5.9
41;2021-04-04;39;0;48211;19238;14.7;5.9
41;2021-04-05;140;2;48351;19240;14.7;5.9
41;2021-04-06;1301;624;49652;19864;15.1;6.1
41;2021-04-07;1851;703;51503;20567;15.7;6.3
41;2021-04-08;2294;920;53797;21487;16.4;6.6
41;2021-04-09;2568;609;56365;22096;17.2;6.7
41;2021-04-10;954;496;57319;22592;17.5;6.9
41;2021-04-11;278;376;57597;22968;17.6;7.0
41;2021-04-12;1688;655;59285;23623;18.1;7.2
41;2021-04-13;2262;983;61547;24606;18.8;7.5
41;2021-04-14;1793;552;63340;25158;19.3;7.7
41;2021-04-15;2384;972;65724;26130;20.0;8.0
41;2021-04-16;1931;622;67655;26752;20.6;8.2
41;2021-04-17;647;136;68302;26888;20.8;8.2
41;2021-04-18;5;0;68307;26888;20.8;8.2
41;2021-04-19;1262;743;69569;27631;21.2;8.4
41;2021-04-20;2004;1203;71573;28834;21.8;8.8
41;2021-04-21;1504;913;73077;29747;22.3;9.1
41;2021-04-22;2236;1595;75313;31342;23.0;9.6
41;2021-04-23;1735;1077;77048;32419;23.5;9.9
41;2021-04-24;1544;278;78592;32697;24.0;10.0
41;2021-04-25;1007;19;79599;32716;24.3;10.0
41;2021-04-26;1357;627;80956;33343;24.7;10.2
41;2021-04-27;2094;1039;83050;34382;25.3;10.5
41;2021-04-28;1561;859;84611;35241;25.8;10.7
41;2021-04-29;2212;1373;86823;36614;26.5;11.2
41;2021-04-30;1962;868;88785;37482;27.1;11.4
41;2021-05-01;189;12;88974;37494;27.1;11.4
41;2021-05-02;107;17;89081;37511;27.2;11.4
41;2021-05-03;1866;891;90947;38402;27.7;11.7
41;2021-05-04;2096;1544;93043;39946;28.4;12.2
41;2021-05-05;1881;1190;94924;41136;29.0;12.5
41;2021-05-06;2448;1696;97372;42832;29.7;13.1
41;2021-05-07;2018;1799;99390;44631;30.3;13.6
41;2021-05-08;203;154;99593;44785;30.4;13.7
41;2021-05-09;11;354;99604;45139;30.4;13.8
41;2021-05-10;1590;1557;101194;46696;30.9;14.2
41;2021-05-11;2089;2098;103283;48794;31.5;14.9
41;2021-05-12;1952;1676;105235;50470;32.1;15.4
41;2021-05-13;1485;946;106720;51416;32.6;15.7
41;2021-05-14;1576;1303;108296;52719;33.0;16.1
41;2021-05-15;206;294;108502;53013;33.1;16.2
41;2021-05-16;4;0;108506;53013;33.1;16.2
41;2021-05-17;2483;561;110989;53574;33.9;16.3
41;2021-05-18;3137;1027;114126;54601;34.8;16.7
41;2021-05-19;2554;671;116680;55272;35.6;16.9
41;2021-05-20;3349;1153;120029;56425;36.6;17.2
41;2021-05-21;2727;967;122756;57392;37.4;17.5
41;2021-05-22;397;237;123153;57629;37.6;17.6
41;2021-05-23;6;2;123159;57631;37.6;17.6
41;2021-05-24;2605;145;125764;57776;38.4;17.6
41;2021-05-25;2989;576;128753;58352;39.3;17.8
41;2021-05-26;3037;647;131790;58999;40.2;18.0
41;2021-05-27;3296;1110;135086;60109;41.2;18.3
41;2021-05-28;3143;980;138229;61089;42.2;18.6
41;2021-05-29;2075;428;140304;61517;42.8;18.8
41;2021-05-30;344;22;140648;61539;42.9;18.8
41;2021-05-31;1711;1506;142359;63045;43.4;19.2
41;2021-06-01;2262;2012;144621;65057;44.1;19.8
41;2021-06-02;1831;1290;146452;66347;44.7;20.2
41;2021-06-03;2597;1942;149049;68289;45.5;20.8
41;2021-06-04;2306;1964;151355;70253;46.2;21.4
41;2021-06-05;611;1583;151966;71836;46.4;21.9
41;2021-06-06;108;927;152074;72763;46.4;22.2
41;2021-06-07;1516;1532;153590;74295;46.8;22.7
41;2021-06-08;1713;2414;155303;76709;47.4;23.4
41;2021-06-09;1615;1643;156918;78352;47.9;23.9
41;2021-06-10;1917;1817;158835;80169;48.4;24.5
41;2021-06-11;1572;1796;160407;81965;48.9;25.0
41;2021-06-12;663;649;161070;82614;49.1;25.2
41;2021-06-13;12;77;161082;82691;49.1;25.2
41;2021-06-14;1269;1964;162351;84655;49.5;25.8
41;2021-06-15;1834;2762;164185;87417;50.1;26.7
41;2021-06-16;1725;2310;165910;89727;50.6;27.4
41;2021-06-17;1811;2576;167721;92303;51.2;28.2
41;2021-06-18;1666;2401;169387;94704;51.7;28.9
41;2021-06-19;412;532;169799;95236;51.8;29.0
41;2021-06-20;11;32;169810;95268;51.8;29.1
41;2021-06-21;1325;1780;171135;97048;52.2;29.6
41;2021-06-22;1618;2563;172753;99611;52.7;30.4
41;2021-06-23;1375;2046;174128;101657;53.1;31.0
41;2021-06-24;1483;2311;175611;103968;53.6;31.7
41;2021-06-25;1294;2617;176905;106585;54.0;32.5
41;2021-06-26;435;614;177340;107199;54.1;32.7
41;2021-06-27;1;4;177341;107203;54.1;32.7
41;2021-06-28;404;2697;177745;109900;54.2;33.5
41;2021-06-29;666;3441;178411;113341;54.4;34.6
41;2021-06-30;551;3068;178962;116409;54.6;35.5
41;2021-07-01;767;3106;179729;119515;54.8;36.5
41;2021-07-02;590;3499;180319;123014;55.0;37.5
41;2021-07-03;158;647;180477;123661;55.1;37.7
41;2021-07-04;1;2;180478;123663;55.1;37.7
41;2021-07-05;287;2820;180765;126483;55.1;38.6
41;2021-07-06;666;3635;181431;130118;55.3;39.7
41;2021-07-07;479;3138;181910;133256;55.5;40.6
41;2021-07-08;942;3370;182852;136626;55.8;41.7
41;2021-07-09;535;3641;183387;140267;55.9;42.8
41;2021-07-10;247;2088;183634;142355;56.0;43.4
41;2021-07-11;5;281;183639;142636;56.0;43.5
41;2021-07-12;860;2291;184499;144927;56.3;44.2
41;2021-07-13;1198;3285;185697;148212;56.6;45.2
41;2021-07-14;140;1080;185837;149292;56.7;45.5
41;2021-07-15;1332;3321;187169;152613;57.1;46.6
41;2021-07-16;1089;3393;188258;156006;57.4;47.6
41;2021-07-17;341;807;188599;156813;57.5;47.8
41;2021-07-18;24;32;188623;156845;57.5;47.8
41;2021-07-19;1189;2319;189812;159164;57.9;48.6
41;2021-07-20;1637;2746;191449;161910;58.4;49.4
41;2021-07-21;1704;2087;193153;163997;58.9;50.0
41;2021-07-22;2259;2305;195412;166302;59.6;50.7
41;2021-07-23;2097;2473;197509;168775;60.2;51.5
41;2021-07-24;328;840;197837;169615;60.3;51.7
41;2021-07-25;17;23;197854;169638;60.4;51.7
41;2021-07-26;1897;1683;199751;171321;60.9;52.3
41;2021-07-27;2529;2341;202280;173662;61.7;53.0
41;2021-07-28;2161;1827;204441;175489;62.4;53.5
41;2021-07-29;2336;2023;206777;177512;63.1;54.1
41;2021-07-30;2151;2084;208928;179596;63.7;54.8
41;2021-07-31;378;579;209306;180175;63.8;55.0
41;2021-08-01;17;7;209323;180182;63.9;55.0
41;2021-08-02;1544;1607;210867;181789;64.3;55.5
41;2021-08-03;2507;1858;213374;183647;65.1;56.0
41;2021-08-04;2292;1197;215666;184844;65.8;56.4
41;2021-08-05;3029;1256;218695;186100;66.7;56.8
41;2021-08-06;2206;1298;220901;187398;67.4;57.2
41;2021-08-07;508;346;221409;187744;67.5;57.3
41;2021-08-08;13;20;221422;187764;67.5;57.3
41;2021-08-09;1685;1353;223107;189117;68.1;57.7
41;2021-08-10;2559;1413;225666;190530;68.8;58.1
41;2021-08-11;1591;1435;227257;191965;69.3;58.6
41;2021-08-12;1933;1330;229190;193295;69.9;59.0
41;2021-08-13;1343;1675;230533;194970;70.3;59.5
41;2021-08-14;362;204;230895;195174;70.4;59.5
41;2021-08-15;0;16;230895;195190;70.4;59.5
41;2021-08-16;863;2061;231758;197251;70.7;60.2
42;2020-12-27;2;0;2;0;0.0;0.0
42;2020-12-28;0;0;2;0;0.0;0.0
42;2020-12-29;0;0;2;0;0.0;0.0
42;2020-12-30;0;0;2;0;0.0;0.0
42;2020-12-31;0;0;2;0;0.0;0.0
42;2021-01-01;0;0;2;0;0.0;0.0
42;2021-01-02;0;0;2;0;0.0;0.0
42;2021-01-03;0;0;2;0;0.0;0.0
42;2021-01-04;1;0;3;0;0.0;0.0
42;2021-01-05;1;0;4;0;0.0;0.0
42;2021-01-06;178;1;182;1;0.0;0.0
42;2021-01-07;256;0;438;1;0.1;0.0
42;2021-01-08;262;1;700;2;0.1;0.0
42;2021-01-09;136;0;836;2;0.1;0.0
42;2021-01-10;0;0;836;2;0.1;0.0
42;2021-01-11;293;2;1129;4;0.1;0.0
42;2021-01-12;412;1;1541;5;0.2;0.0
42;2021-01-13;527;2;2068;7;0.3;0.0
42;2021-01-14;771;4;2839;11;0.4;0.0
42;2021-01-15;703;4;3542;15;0.5;0.0
42;2021-01-16;298;1;3840;16;0.5;0.0
42;2021-01-17;219;0;4059;16;0.5;0.0
42;2021-01-18;969;1;5028;17;0.7;0.0
42;2021-01-19;1328;11;6356;28;0.8;0.0
42;2021-01-20;955;4;7311;32;1.0;0.0
42;2021-01-21;1016;6;8327;38;1.1;0.0
42;2021-01-22;992;6;9319;44;1.2;0.0
42;2021-01-23;401;0;9720;44;1.3;0.0
42;2021-01-24;358;0;10078;44;1.3;0.0
42;2021-01-25;1098;13;11176;57;1.5;0.0
42;2021-01-26;1745;19;12921;76;1.7;0.0
42;2021-01-27;1457;122;14378;198;1.9;0.0
42;2021-01-28;1666;141;16044;339;2.1;0.0
42;2021-01-29;946;118;16990;457;2.2;0.1
42;2021-01-30;257;113;17247;570;2.3;0.1
42;2021-01-31;258;2;17505;572;2.3;0.1
42;2021-02-01;733;61;18238;633;2.4;0.1
42;2021-02-02;1804;295;20042;928;2.6;0.1
42;2021-02-03;1517;488;21559;1416;2.8;0.2
42;2021-02-04;1283;615;22842;2031;3.0;0.3
42;2021-02-05;684;527;23526;2558;3.1;0.3
42;2021-02-06;303;149;23829;2707;3.1;0.4
42;2021-02-07;275;153;24104;2860;3.2;0.4
42;2021-02-08;508;620;24612;3480;3.2;0.5
42;2021-02-09;703;802;25315;4282;3.3;0.6
42;2021-02-10;740;691;26055;4973;3.4;0.7
42;2021-02-11;770;680;26825;5653;3.5;0.7
42;2021-02-12;677;753;27502;6406;3.6;0.8
42;2021-02-13;427;304;27929;6710;3.7;0.9
42;2021-02-14;186;228;28115;6938;3.7;0.9
42;2021-02-15;521;819;28636;7757;3.7;1.0
42;2021-02-16;488;1246;29124;9003;3.8;1.2
42;2021-02-17;517;1535;29641;10538;3.9;1.4
42;2021-02-18;754;1385;30395;11923;4.0;1.6
42;2021-02-19;767;1021;31162;12944;4.1;1.7
42;2021-02-20;248;412;31410;13356;4.1;1.7
42;2021-02-21;63;328;31473;13684;4.1;1.8
42;2021-02-22;574;967;32047;14651;4.2;1.9
42;2021-02-23;1205;1428;33252;16079;4.3;2.1
42;2021-02-24;1242;1223;34494;17302;4.5;2.3
42;2021-02-25;1666;1419;36160;18721;4.7;2.4
42;2021-02-26;1646;929;37806;19650;4.9;2.6
42;2021-02-27;580;295;38386;19945;5.0;2.6
42;2021-02-28;166;126;38552;20071;5.0;2.6
42;2021-03-01;810;848;39362;20919;5.1;2.7
42;2021-03-02;1275;813;40637;21732;5.3;2.8
42;2021-03-03;1366;802;42003;22534;5.5;2.9
42;2021-03-04;1704;713;43707;23247;5.7;3.0
42;2021-03-05;2626;663;46333;23910;6.1;3.1
42;2021-03-06;1932;261;48265;24171;6.3;3.2
42;2021-03-07;1492;90;49757;24261;6.5;3.2
42;2021-03-08;1405;508;51162;24769;6.7;3.2
42;2021-03-09;1984;457;53146;25226;6.9;3.3
42;2021-03-10;2053;493;55199;25719;7.2;3.4
42;2021-03-11;3048;604;58247;26323;7.6;3.4
42;2021-03-12;3007;822;61254;27145;8.0;3.5
42;2021-03-13;1479;357;62733;27502;8.2;3.6
42;2021-03-14;472;177;63205;27679;8.3;3.6
42;2021-03-15;1572;596;64777;28275;8.5;3.7
42;2021-03-16;1472;778;66249;29053;8.7;3.8
42;2021-03-17;1718;1074;67967;30127;8.9;3.9
42;2021-03-18;1805;1029;69772;31156;9.1;4.1
42;2021-03-19;2566;672;72338;31828;9.5;4.2
42;2021-03-20;1671;226;74009;32054;9.7;4.2
42;2021-03-21;527;97;74536;32151;9.7;4.2
42;2021-03-22;1427;733;75963;32884;9.9;4.3
42;2021-03-23;2505;854;78468;33738;10.3;4.4
42;2021-03-24;2783;784;81251;34522;10.6;4.5
42;2021-03-25;3720;933;84971;35455;11.1;4.6
42;2021-03-26;3760;784;88731;36239;11.6;4.7
42;2021-03-27;1806;446;90537;36685;11.8;4.8
42;2021-03-28;1040;212;91577;36897;12.0;4.8
42;2021-03-29;2062;920;93639;37817;12.2;4.9
42;2021-03-30;3144;861;96783;38678;12.7;5.1
42;2021-03-31;2443;1068;99226;39746;13.0;5.2
42;2021-04-01;3391;1040;102617;40786;13.4;5.3
42;2021-04-02;2849;1219;105466;42005;13.8;5.5
42;2021-04-03;1419;605;106885;42610;14.0;5.6
42;2021-04-04;1404;391;108289;43001;14.2;5.6
42;2021-04-05;1900;293;110189;43294;14.4;5.7
42;2021-04-06;2292;1410;112481;44704;14.7;5.8
42;2021-04-07;2757;1826;115238;46530;15.1;6.1
42;2021-04-08;4022;1587;119260;48117;15.6;6.3
42;2021-04-09;5129;1539;124389;49656;16.3;6.5
42;2021-04-10;2590;756;126979;50412;16.6;6.6
42;2021-04-11;1955;421;128934;50833;16.9;6.6
42;2021-04-12;3698;1542;132632;52375;17.3;6.8
42;2021-04-13;4658;1809;137290;54184;18.0;7.1
42;2021-04-14;4313;1894;141603;56078;18.5;7.3
42;2021-04-15;4807;1814;146410;57892;19.1;7.6
42;2021-04-16;4617;1880;151027;59772;19.7;7.8
42;2021-04-17;2981;1070;154008;60842;20.1;8.0
42;2021-04-18;1884;413;155892;61255;20.4;8.0
42;2021-04-19;3089;1537;158981;62792;20.8;8.2
42;2021-04-20;3466;1948;162447;64740;21.2;8.5
42;2021-04-21;3475;1747;165922;66487;21.7;8.7
42;2021-04-22;3769;1945;169691;68432;22.2;8.9
42;2021-04-23;3836;2006;173527;70438;22.7;9.2
42;2021-04-24;2360;1516;175887;71954;23.0;9.4
42;2021-04-25;1659;943;177546;72897;23.2;9.5
42;2021-04-26;3276;1727;180822;74624;23.6;9.8
42;2021-04-27;3257;2208;184079;76832;24.1;10.0
42;2021-04-28;3464;2620;187543;79452;24.5;10.4
42;2021-04-29;3770;2803;191313;82255;25.0;10.8
42;2021-04-30;3361;3030;194674;85285;25.5;11.2
42;2021-05-01;2969;1044;197643;86329;25.8;11.3
42;2021-05-02;1936;1258;199579;87587;26.1;11.5
42;2021-05-03;2869;2766;202448;90353;26.5;11.8
42;2021-05-04;3418;3125;205866;93478;26.9;12.2
42;2021-05-05;3331;3398;209197;96876;27.4;12.7
42;2021-05-06;3888;3766;213085;100642;27.9;13.2
42;2021-05-07;3730;4032;216815;104674;28.4;13.7
42;2021-05-08;3165;1067;219980;105741;28.8;13.8
42;2021-05-09;1505;2212;221485;107953;29.0;14.1
42;2021-05-10;3250;3828;224735;111781;29.4;14.6
42;2021-05-11;5577;3912;230312;115693;30.1;15.1
42;2021-05-12;5344;3567;235656;119260;30.8;15.6
42;2021-05-13;5454;1140;241110;120400;31.5;15.7
42;2021-05-14;5242;2924;246352;123324;32.2;16.1
42;2021-05-15;4881;2118;251233;125442;32.9;16.4
42;2021-05-16;2872;1036;254105;126478;33.2;16.5
42;2021-05-17;5888;2839;259993;129317;34.0;16.9
42;2021-05-18;6254;2980;266247;132297;34.8;17.3
42;2021-05-19;6524;2749;272771;135046;35.7;17.7
42;2021-05-20;7106;2892;279877;137938;36.6;18.0
42;2021-05-21;6352;3268;286229;141206;37.4;18.5
42;2021-05-22;5837;2124;292066;143330;38.2;18.7
42;2021-05-23;2835;872;294901;144202;38.6;18.9
42;2021-05-24;5251;1427;300152;145629;39.2;19.0
42;2021-05-25;5154;3946;305306;149575;39.9;19.6
42;2021-05-26;5161;3456;310467;153031;40.6;20.0
42;2021-05-27;5367;3635;315834;156666;41.3;20.5
42;2021-05-28;5039;4203;320873;160869;42.0;21.0
42;2021-05-29;4344;2985;325217;163854;42.5;21.4
42;2021-05-30;1981;1209;327198;165063;42.8;21.6
42;2021-05-31;4242;3425;331440;168488;43.3;22.0
42;2021-06-01;4593;3571;336033;172059;43.9;22.5
42;2021-06-02;4478;3011;340511;175070;44.5;22.9
42;2021-06-03;4928;3839;345439;178909;45.2;23.4
42;2021-06-04;4767;4220;350206;183129;45.8;23.9
42;2021-06-05;3688;2424;353894;185553;46.3;24.3
42;2021-06-06;1445;1293;355339;186846;46.5;24.4
42;2021-06-07;3991;3373;359330;190219;47.0;24.9
42;2021-06-08;3464;3243;362794;193462;47.4;25.3
42;2021-06-09;2961;3202;365755;196664;47.8;25.7
42;2021-06-10;3241;2933;368996;199597;48.3;26.1
42;2021-06-11;3588;4116;372584;203713;48.7;26.6
42;2021-06-12;2864;2880;375448;206593;49.1;27.0
42;2021-06-13;943;1278;376391;207871;49.2;27.2
42;2021-06-14;2311;4062;378702;211933;49.5;27.7
42;2021-06-15;2831;4072;381533;216005;49.9;28.2
42;2021-06-16;2925;3550;384458;219555;50.3;28.7
42;2021-06-17;2637;3740;387095;223295;50.6;29.2
42;2021-06-18;3091;5148;390186;228443;51.0;29.9
42;2021-06-19;2848;4242;393034;232685;51.4;30.4
42;2021-06-20;857;1842;393891;234527;51.5;30.7
42;2021-06-21;1907;6276;395798;240803;51.8;31.5
42;2021-06-22;1875;5893;397673;246696;52.0;32.3
42;2021-06-23;1841;5320;399514;252016;52.2;33.0
42;2021-06-24;1785;4681;401299;256697;52.5;33.6
42;2021-06-25;2039;6950;403338;263647;52.7;34.5
42;2021-06-26;1409;5817;404747;269464;52.9;35.2
42;2021-06-27;757;2854;405504;272318;53.0;35.6
42;2021-06-28;1745;7057;407249;279375;53.3;36.5
42;2021-06-29;1528;6562;408777;285937;53.5;37.4
42;2021-06-30;1966;5762;410743;291699;53.7;38.1
42;2021-07-01;1778;5119;412521;296818;53.9;38.8
42;2021-07-02;2048;6746;414569;303564;54.2;39.7
42;2021-07-03;1759;5975;416328;309539;54.4;40.5
42;2021-07-04;853;2512;417181;312051;54.6;40.8
42;2021-07-05;1715;6285;418896;318336;54.8;41.6
42;2021-07-06;2104;5571;421000;323907;55.1;42.4
42;2021-07-07;2334;4658;423334;328565;55.4;43.0
42;2021-07-08;2272;3962;425606;332527;55.7;43.5
42;2021-07-09;2415;6100;428021;338627;56.0;44.3
42;2021-07-10;1695;5586;429716;344213;56.2;45.0
42;2021-07-11;920;2299;430636;346512;56.3;45.3
42;2021-07-12;1774;6290;432410;352802;56.5;46.1
42;2021-07-13;3604;6276;436014;359078;57.0;47.0
42;2021-07-14;4474;2050;440488;361128;57.6;47.2
42;2021-07-15;4554;5617;445042;366745;58.2;48.0
42;2021-07-16;4443;6192;449485;372937;58.8;48.8
42;2021-07-17;3217;4699;452702;377636;59.2;49.4
42;2021-07-18;1840;1743;454542;379379;59.4;49.6
42;2021-07-19;3797;5068;458339;384447;59.9;50.3
42;2021-07-20;4712;4865;463051;389312;60.6;50.9
42;2021-07-21;5168;4711;468219;394023;61.2;51.5
42;2021-07-22;5491;3932;473710;397955;61.9;52.0
42;2021-07-23;5466;5103;479176;403058;62.7;52.7
42;2021-07-24;4024;3818;483200;406876;63.2;53.2
42;2021-07-25;1651;1383;484851;408259;63.4;53.4
42;2021-07-26;4709;4325;489560;412584;64.0;54.0
42;2021-07-27;5298;3952;494858;416536;64.7;54.5
42;2021-07-28;5752;3667;500610;420203;65.5;54.9
42;2021-07-29;5637;3422;506247;423625;66.2;55.4
42;2021-07-30;5099;3756;511346;427381;66.9;55.9
42;2021-07-31;4718;3046;516064;430427;67.5;56.3
42;2021-08-01;2477;1306;518541;431733;67.8;56.5
42;2021-08-02;4316;3101;522857;434834;68.4;56.9
42;2021-08-03;3795;3260;526652;438094;68.9;57.3
42;2021-08-04;3443;3216;530095;441310;69.3;57.7
42;2021-08-05;3384;3310;533479;444620;69.8;58.1
42;2021-08-06;3595;3975;537074;448595;70.2;58.7
42;2021-08-07;2997;3046;540071;451641;70.6;59.1
42;2021-08-08;1185;1705;541256;453346;70.8;59.3
42;2021-08-09;2784;3839;544040;457185;71.1;59.8
42;2021-08-10;3246;3895;547286;461080;71.6;60.3
42;2021-08-11;2575;3507;549861;464587;71.9;60.8
42;2021-08-12;2504;3547;552365;468134;72.2;61.2
42;2021-08-13;2282;3871;554647;472005;72.5;61.7
42;2021-08-14;1634;3253;556281;475258;72.7;62.1
42;2021-08-15;595;1020;556876;476278;72.8;62.3
42;2021-08-16;2042;4539;558918;480817;73.1;62.9
43;2020-12-27;0;0;0;0;0.0;0.0
43;2020-12-28;0;0;0;0;0.0;0.0
43;2020-12-29;0;0;0;0;0.0;0.0
43;2020-12-30;0;0;0;0;0.0;0.0
43;2020-12-31;0;0;0;0;0.0;0.0
43;2021-01-01;0;0;0;0;0.0;0.0
43;2021-01-02;0;0;0;0;0.0;0.0
43;2021-01-03;0;0;0;0;0.0;0.0
43;2021-01-04;1;0;1;0;0.0;0.0
43;2021-01-05;0;0;1;0;0.0;0.0
43;2021-01-06;0;0;1;0;0.0;0.0
43;2021-01-07;167;0;168;0;0.1;0.0
43;2021-01-08;151;1;319;1;0.1;0.0
43;2021-01-09;0;0;319;1;0.1;0.0
43;2021-01-10;0;0;319;1;0.1;0.0
43;2021-01-11;137;0;456;1;0.2;0.0
43;2021-01-12;244;1;700;2;0.3;0.0
43;2021-01-13;244;1;944;3;0.4;0.0
43;2021-01-14;294;2;1238;5;0.5;0.0
43;2021-01-15;303;2;1541;7;0.7;0.0
43;2021-01-16;32;0;1573;7;0.7;0.0
43;2021-01-17;0;0;1573;7;0.7;0.0
43;2021-01-18;760;5;2333;12;1.0;0.0
43;2021-01-19;776;6;3109;18;1.4;0.0
43;2021-01-20;519;0;3628;18;1.6;0.0
43;2021-01-21;446;2;4074;20;1.8;0.0
43;2021-01-22;465;8;4539;28;2.0;0.0
43;2021-01-23;1;0;4540;28;2.0;0.0
43;2021-01-24;1;0;4541;28;2.0;0.0
43;2021-01-25;539;0;5080;28;2.2;0.0
43;2021-01-26;615;5;5695;33;2.5;0.0
43;2021-01-27;740;0;6435;33;2.8;0.0
43;2021-01-28;747;32;7182;65;3.2;0.0
43;2021-01-29;719;84;7901;149;3.5;0.1
43;2021-01-30;109;0;8010;149;3.5;0.1
43;2021-01-31;0;0;8010;149;3.5;0.1
43;2021-02-01;404;101;8414;250;3.7;0.1
43;2021-02-02;712;151;9126;401;4.0;0.2
43;2021-02-03;691;43;9817;444;4.3;0.2
43;2021-02-04;523;172;10340;616;4.6;0.3
43;2021-02-05;543;172;10883;788;4.8;0.3
43;2021-02-06;164;19;11047;807;4.9;0.4
43;2021-02-07;0;0;11047;807;4.9;0.4
43;2021-02-08;411;304;11458;1111;5.0;0.5
43;2021-02-09;369;433;11827;1544;5.2;0.7
43;2021-02-10;400;362;12227;1906;5.4;0.8
43;2021-02-11;388;396;12615;2302;5.6;1.0
43;2021-02-12;425;202;13040;2504;5.7;1.1
43;2021-02-13;570;40;13610;2544;6.0;1.1
43;2021-02-14;0;0;13610;2544;6.0;1.1
43;2021-02-15;68;480;13678;3024;6.0;1.3
43;2021-02-16;41;375;13719;3399;6.0;1.5
43;2021-02-17;87;486;13806;3885;6.1;1.7
43;2021-02-18;147;379;13953;4264;6.1;1.9
43;2021-02-19;278;513;14231;4777;6.3;2.1
43;2021-02-20;22;4;14253;4781;6.3;2.1
43;2021-02-21;0;0;14253;4781;6.3;2.1
43;2021-02-22;16;501;14269;5282;6.3;2.3
43;2021-02-23;201;798;14470;6080;6.4;2.7
43;2021-02-24;147;722;14617;6802;6.4;3.0
43;2021-02-25;227;695;14844;7497;6.5;3.3
43;2021-02-26;222;672;15066;8169;6.6;3.6
43;2021-02-27;138;75;15204;8244;6.7;3.6
43;2021-02-28;1;0;15205;8244;6.7;3.6
43;2021-03-01;210;477;15415;8721;6.8;3.8
43;2021-03-02;342;581;15757;9302;6.9;4.1
43;2021-03-03;339;588;16096;9890;7.1;4.4
43;2021-03-04;551;462;16647;10352;7.3;4.6
43;2021-03-05;566;451;17213;10803;7.6;4.8
43;2021-03-06;489;178;17702;10981;7.8;4.8
43;2021-03-07;12;0;17714;10981;7.8;4.8
43;2021-03-08;445;445;18159;11426;8.0;5.0
43;2021-03-09;621;352;18780;11778;8.3;5.2
43;2021-03-10;674;499;19454;12277;8.6;5.4
43;2021-03-11;953;439;20407;12716;9.0;5.6
43;2021-03-12;945;426;21352;13142;9.4;5.8
43;2021-03-13;792;115;22144;13257;9.8;5.8
43;2021-03-14;2;0;22146;13257;9.8;5.8
43;2021-03-15;706;142;22852;13399;10.1;5.9
43;2021-03-16;847;282;23699;13681;10.4;6.0
43;2021-03-17;638;134;24337;13815;10.7;6.1
43;2021-03-18;675;135;25012;13950;11.0;6.1
43;2021-03-19;839;107;25851;14057;11.4;6.2
43;2021-03-20;450;60;26301;14117;11.6;6.2
43;2021-03-21;0;0;26301;14117;11.6;6.2
43;2021-03-22;744;38;27045;14155;11.9;6.2
43;2021-03-23;872;43;27917;14198;12.3;6.3
43;2021-03-24;1174;76;29091;14274;12.8;6.3
43;2021-03-25;1594;148;30685;14422;13.5;6.4
43;2021-03-26;1609;185;32294;14607;14.2;6.4
43;2021-03-27;1449;72;33743;14679;14.9;6.5
43;2021-03-28;420;20;34163;14699;15.1;6.5
43;2021-03-29;1095;171;35258;14870;15.5;6.6
43;2021-03-30;1313;238;36571;15108;16.1;6.7
43;2021-03-31;1305;253;37876;15361;16.7;6.8
43;2021-04-01;1346;337;39222;15698;17.3;6.9
43;2021-04-02;1052;352;40274;16050;17.7;7.1
43;2021-04-03;339;198;40613;16248;17.9;7.2
43;2021-04-04;0;0;40613;16248;17.9;7.2
43;2021-04-05;3;0;40616;16248;17.9;7.2
43;2021-04-06;689;603;41305;16851;18.2;7.4
43;2021-04-07;868;575;42173;17426;18.6;7.7
43;2021-04-08;1086;462;43259;17888;19.1;7.9
43;2021-04-09;1148;657;44407;18545;19.6;8.2
43;2021-04-10;625;262;45032;18807;19.8;8.3
43;2021-04-11;0;0;45032;18807;19.8;8.3
43;2021-04-12;682;652;45714;19459;20.1;8.6
43;2021-04-13;918;724;46632;20183;20.6;8.9
43;2021-04-14;725;667;47357;20850;20.9;9.2
43;2021-04-15;959;701;48316;21551;21.3;9.5
43;2021-04-16;1007;689;49323;22240;21.7;9.8
43;2021-04-17;423;302;49746;22542;21.9;9.9
43;2021-04-18;3;5;49749;22547;21.9;9.9
43;2021-04-19;628;566;50377;23113;22.2;10.2
43;2021-04-20;840;672;51217;23785;22.6;10.5
43;2021-04-21;320;987;51537;24772;22.7;10.9
43;2021-04-22;679;1014;52216;25786;23.0;11.4
43;2021-04-23;401;1101;52617;26887;23.2;11.8
43;2021-04-24;347;1038;52964;27925;23.3;12.3
43;2021-04-25;23;403;52987;28328;23.4;12.5
43;2021-04-26;386;964;53373;29292;23.5;12.9
43;2021-04-27;825;987;54198;30279;23.9;13.3
43;2021-04-28;794;1107;54992;31386;24.2;13.8
43;2021-04-29;1238;1141;56230;32527;24.8;14.3
43;2021-04-30;1199;1064;57429;33591;25.3;14.8
43;2021-05-01;400;23;57829;33614;25.5;14.8
43;2021-05-02;1;0;57830;33614;25.5;14.8
43;2021-05-03;1218;405;59048;34019;26.0;15.0
43;2021-05-04;1236;950;60284;34969;26.6;15.4
43;2021-05-05;1145;848;61429;35817;27.1;15.8
43;2021-05-06;1404;936;62833;36753;27.7;16.2
43;2021-05-07;1089;1170;63922;37923;28.2;16.7
43;2021-05-08;519;136;64441;38059;28.4;16.8
43;2021-05-09;0;2;64441;38061;28.4;16.8
43;2021-05-10;1085;722;65526;38783;28.9;17.1
43;2021-05-11;1555;1006;67081;39789;29.6;17.5
43;2021-05-12;1481;808;68562;40597;30.2;17.9
43;2021-05-13;936;379;69498;40976;30.6;18.1
43;2021-05-14;2204;1107;71702;42083;31.6;18.5
43;2021-05-15;1271;319;72973;42402;32.2;18.7
43;2021-05-16;272;47;73245;42449;32.3;18.7
43;2021-05-17;1625;628;74870;43077;33.0;19.0
43;2021-05-18;1966;675;76836;43752;33.9;19.3
43;2021-05-19;2067;571;78903;44323;34.8;19.5
43;2021-05-20;2338;804;81241;45127;35.8;19.9
43;2021-05-21;2384;707;83625;45834;36.9;20.2
43;2021-05-22;1208;340;84833;46174;37.4;20.3
43;2021-05-23;1;0;84834;46174;37.4;20.3
43;2021-05-24;382;99;85216;46273;37.6;20.4
43;2021-05-25;1408;652;86624;46925;38.2;20.7
43;2021-05-26;1349;557;87973;47482;38.8;20.9
43;2021-05-27;1389;710;89362;48192;39.4;21.2
43;2021-05-28;1348;734;90710;48926;40.0;21.6
43;2021-05-29;1135;601;91845;49527;40.5;21.8
43;2021-05-30;149;17;91994;49544;40.5;21.8
43;2021-05-31;1208;441;93202;49985;41.1;22.0
43;2021-06-01;1277;984;94479;50969;41.6;22.5
43;2021-06-02;1086;700;95565;51669;42.1;22.8
43;2021-06-03;1193;856;96758;52525;42.6;23.1
43;2021-06-04;1350;858;98108;53383;43.2;23.5
43;2021-06-05;824;452;98932;53835;43.6;23.7
43;2021-06-06;10;5;98942;53840;43.6;23.7
43;2021-06-07;748;517;99690;54357;43.9;24.0
43;2021-06-08;664;703;100354;55060;44.2;24.3
43;2021-06-09;539;760;100893;55820;44.5;24.6
43;2021-06-10;808;1119;101701;56939;44.8;25.1
43;2021-06-11;759;1347;102460;58286;45.2;25.7
43;2021-06-12;914;513;103374;58799;45.6;25.9
43;2021-06-13;3;27;103377;58826;45.6;25.9
43;2021-06-14;446;1089;103823;59915;45.8;26.4
43;2021-06-15;630;1195;104453;61110;46.0;26.9
43;2021-06-16;549;975;105002;62085;46.3;27.4
43;2021-06-17;601;1503;105603;63588;46.5;28.0
43;2021-06-18;900;1464;106503;65052;46.9;28.7
43;2021-06-19;448;782;106951;65834;47.1;29.0
43;2021-06-20;0;12;106951;65846;47.1;29.0
43;2021-06-21;423;1306;107374;67152;47.3;29.6
43;2021-06-22;532;1960;107906;69112;47.6;30.5
43;2021-06-23;343;1743;108249;70855;47.7;31.2
43;2021-06-24;512;1494;108761;72349;47.9;31.9
43;2021-06-25;596;2346;109357;74695;48.2;32.9
43;2021-06-26;505;1245;109862;75940;48.4;33.5
43;2021-06-27;10;20;109872;75960;48.4;33.5
43;2021-06-28;341;1785;110213;77745;48.6;34.3
43;2021-06-29;525;2380;110738;80125;48.8;35.3
43;2021-06-30;459;2275;111197;82400;49.0;36.3
43;2021-07-01;472;1909;111669;84309;49.2;37.2
43;2021-07-02;499;1962;112168;86271;49.4;38.0
43;2021-07-03;258;1107;112426;87378;49.5;38.5
43;2021-07-04;1;0;112427;87378;49.5;38.5
43;2021-07-05;525;1199;112952;88577;49.8;39.0
43;2021-07-06;632;1678;113584;90255;50.1;39.8
43;2021-07-07;523;1420;114107;91675;50.3;40.4
43;2021-07-08;838;1418;114945;93093;50.7;41.0
43;2021-07-09;550;1498;115495;94591;50.9;41.7
43;2021-07-10;401;1336;115896;95927;51.1;42.3
43;2021-07-11;23;99;115919;96026;51.1;42.3
43;2021-07-12;602;1687;116521;97713;51.4;43.1
43;2021-07-13;1186;1850;117707;99563;51.9;43.9
43;2021-07-14;846;158;118553;99721;52.2;43.9
43;2021-07-15;1932;1839;120485;101560;53.1;44.8
43;2021-07-16;1751;1618;122236;103178;53.9;45.5
43;2021-07-17;1541;1194;123777;104372;54.6;46.0
43;2021-07-18;4;19;123781;104391;54.6;46.0
43;2021-07-19;1438;1260;125219;105651;55.2;46.6
43;2021-07-20;1893;1448;127112;107099;56.0;47.2
43;2021-07-21;1846;1109;128958;108208;56.8;47.7
43;2021-07-22;2109;1329;131067;109537;57.8;48.3
43;2021-07-23;1616;1324;132683;110861;58.5;48.9
43;2021-07-24;575;994;133258;111855;58.7;49.3
43;2021-07-25;0;1;133258;111856;58.7;49.3
43;2021-07-26;1639;1066;134897;112922;59.5;49.8
43;2021-07-27;2268;1221;137165;114143;60.5;50.3
43;2021-07-28;1951;1090;139116;115233;61.3;50.8
43;2021-07-29;1979;1022;141095;116255;62.2;51.2
43;2021-07-30;1861;1339;142956;117594;63.0;51.8
43;2021-07-31;704;609;143660;118203;63.3;52.1
43;2021-08-01;13;20;143673;118223;63.3;52.1
43;2021-08-02;1530;967;145203;119190;64.0;52.5
43;2021-08-03;1397;1166;146600;120356;64.6;53.0
43;2021-08-04;1260;1107;147860;121463;65.2;53.5
43;2021-08-05;1251;1288;149111;122751;65.7;54.1
43;2021-08-06;1126;1466;150237;124217;66.2;54.7
43;2021-08-07;494;748;150731;124965;66.4;55.1
43;2021-08-08;4;0;150735;124965;66.4;55.1
43;2021-08-09;818;1632;151553;126597;66.8;55.8
43;2021-08-10;1018;1586;152571;128183;67.2;56.5
43;2021-08-11;678;1339;153249;129522;67.5;57.1
43;2021-08-12;871;1600;154120;131122;67.9;57.8
43;2021-08-13;629;1170;154749;132292;68.2;58.3
43;2021-08-14;334;538;155083;132830;68.3;58.5
43;2021-08-15;3;9;155086;132839;68.3;58.5
43;2021-08-16;679;1675;155765;134514;68.6;59.3
44;2020-12-27;1;0;1;0;0.0;0.0
44;2020-12-28;1;0;2;0;0.0;0.0
44;2020-12-29;0;0;2;0;0.0;0.0
44;2020-12-30;1;0;3;0;0.0;0.0
44;2020-12-31;0;0;3;0;0.0;0.0
44;2021-01-01;0;0;3;0;0.0;0.0
44;2021-01-02;0;0;3;0;0.0;0.0
44;2021-01-03;3;0;6;0;0.0;0.0
44;2021-01-04;0;0;6;0;0.0;0.0
44;2021-01-05;1;0;7;0;0.0;0.0
44;2021-01-06;20;1;27;1;0.0;0.0
44;2021-01-07;186;0;213;1;0.0;0.0
44;2021-01-08;528;0;741;1;0.1;0.0
44;2021-01-09;473;0;1214;1;0.1;0.0
44;2021-01-10;455;1;1669;2;0.1;0.0
44;2021-01-11;802;1;2471;3;0.2;0.0
44;2021-01-12;906;1;3377;4;0.2;0.0
44;2021-01-13;1087;1;4464;5;0.3;0.0
44;2021-01-14;1113;7;5577;12;0.4;0.0
44;2021-01-15;987;1;6564;13;0.5;0.0
44;2021-01-16;335;2;6899;15;0.5;0.0
44;2021-01-17;328;1;7227;16;0.5;0.0
44;2021-01-18;856;3;8083;19;0.6;0.0
44;2021-01-19;2615;4;10698;23;0.7;0.0
44;2021-01-20;2731;5;13429;28;0.9;0.0
44;2021-01-21;4530;6;17959;34;1.2;0.0
44;2021-01-22;2416;6;20375;40;1.4;0.0
44;2021-01-23;764;1;21139;41;1.5;0.0
44;2021-01-24;119;0;21258;41;1.5;0.0
44;2021-01-25;830;0;22088;41;1.5;0.0
44;2021-01-26;2564;19;24652;60;1.7;0.0
44;2021-01-27;2094;63;26746;123;1.9;0.0
44;2021-01-28;3733;192;30479;315;2.1;0.0
44;2021-01-29;2369;493;32848;808;2.3;0.1
44;2021-01-30;628;214;33476;1022;2.3;0.1
44;2021-01-31;14;213;33490;1235;2.3;0.1
44;2021-02-01;591;544;34081;1779;2.4;0.1
44;2021-02-02;878;760;34959;2539;2.4;0.2
44;2021-02-03;890;896;35849;3435;2.5;0.2
44;2021-02-04;937;724;36786;4159;2.6;0.3
44;2021-02-05;894;627;37680;4786;2.6;0.3
44;2021-02-06;467;268;38147;5054;2.7;0.4
44;2021-02-07;72;207;38219;5261;2.7;0.4
44;2021-02-08;521;459;38740;5720;2.7;0.4
44;2021-02-09;990;1256;39730;6976;2.8;0.5
44;2021-02-10;1142;1314;40872;8290;2.8;0.6
44;2021-02-11;2288;3024;43160;11314;3.0;0.8
44;2021-02-12;1663;1750;44823;13064;3.1;0.9
44;2021-02-13;433;517;45256;13581;3.1;0.9
44;2021-02-14;10;180;45266;13761;3.1;1.0
44;2021-02-15;505;1102;45771;14863;3.2;1.0
44;2021-02-16;1441;2568;47212;17431;3.3;1.2
44;2021-02-17;1104;2174;48316;19605;3.4;1.4
44;2021-02-18;1959;3724;50275;23329;3.5;1.6
44;2021-02-19;1579;2540;51854;25869;3.6;1.8
44;2021-02-20;409;644;52263;26513;3.6;1.8
44;2021-02-21;6;178;52269;26691;3.6;1.9
44;2021-02-22;717;837;52986;27528;3.7;1.9
44;2021-02-23;1246;1131;54232;28659;3.8;2.0
44;2021-02-24;1238;1095;55470;29754;3.9;2.1
44;2021-02-25;2442;1086;57912;30840;4.0;2.1
44;2021-02-26;2290;963;60202;31803;4.2;2.2
44;2021-02-27;976;453;61178;32256;4.3;2.2
44;2021-02-28;6;32;61184;32288;4.3;2.2
44;2021-03-01;991;562;62175;32850;4.3;2.3
44;2021-03-02;1801;1053;63976;33903;4.5;2.4
44;2021-03-03;1859;1134;65835;35037;4.6;2.4
44;2021-03-04;2882;1574;68717;36611;4.8;2.5
44;2021-03-05;3476;1334;72193;37945;5.0;2.6
44;2021-03-06;2508;497;74701;38442;5.2;2.7
44;2021-03-07;988;89;75689;38531;5.3;2.7
44;2021-03-08;1785;613;77474;39144;5.4;2.7
44;2021-03-09;3352;1153;80826;40297;5.6;2.8
44;2021-03-10;3078;1116;83904;41413;5.8;2.9
44;2021-03-11;4439;1790;88343;43203;6.1;3.0
44;2021-03-12;5892;1308;94235;44511;6.6;3.1
44;2021-03-13;3631;299;97866;44810;6.8;3.1
44;2021-03-14;430;63;98296;44873;6.8;3.1
44;2021-03-15;2687;369;100983;45242;7.0;3.1
44;2021-03-16;2149;627;103132;45869;7.2;3.2
44;2021-03-17;1966;678;105098;46547;7.3;3.2
44;2021-03-18;2168;640;107266;47187;7.5;3.3
44;2021-03-19;3783;367;111049;47554;7.7;3.3
44;2021-03-20;3211;291;114260;47845;8.0;3.3
44;2021-03-21;913;18;115173;47863;8.0;3.3
44;2021-03-22;2463;440;117636;48303;8.2;3.4
44;2021-03-23;3960;703;121596;49006;8.5;3.4
44;2021-03-24;4303;630;125899;49636;8.8;3.5
44;2021-03-25;5624;928;131523;50564;9.2;3.5
44;2021-03-26;6503;759;138026;51323;9.6;3.6
44;2021-03-27;3214;425;141240;51748;9.8;3.6
44;2021-03-28;1244;40;142484;51788;9.9;3.6
44;2021-03-29;3119;791;145603;52579;10.1;3.7
44;2021-03-30;5134;1118;150737;53697;10.5;3.7
44;2021-03-31;4613;1307;155350;55004;10.8;3.8
44;2021-04-01;6132;1002;161482;56006;11.2;3.9
44;2021-04-02;5795;955;167277;56961;11.6;4.0
44;2021-04-03;2435;651;169712;57612;11.8;4.0
44;2021-04-04;665;20;170377;57632;11.9;4.0
44;2021-04-05;692;286;171069;57918;11.9;4.0
44;2021-04-06;4208;1374;175277;59292;12.2;4.1
44;2021-04-07;5077;1656;180354;60948;12.5;4.2
44;2021-04-08;7179;1661;187533;62609;13.0;4.4
44;2021-04-09;10061;1808;197594;64417;13.7;4.5
44;2021-04-10;4563;1448;202157;65865;14.1;4.6
44;2021-04-11;2148;427;204305;66292;14.2;4.6
44;2021-04-12;5464;1589;209769;67881;14.6;4.7
44;2021-04-13;6730;2256;216499;70137;15.1;4.9
44;2021-04-14;5908;2229;222407;72366;15.5;5.0
44;2021-04-15;6701;2209;229108;74575;15.9;5.2
44;2021-04-16;7782;2039;236890;76614;16.5;5.3
44;2021-04-17;4299;1380;241189;77994;16.8;5.4
44;2021-04-18;2254;819;243443;78813;16.9;5.5
44;2021-04-19;5044;1907;248487;80720;17.3;5.6
44;2021-04-20;6281;2650;254768;83370;17.7;5.8
44;2021-04-21;6006;2784;260774;86154;18.1;6.0
44;2021-04-22;6958;2514;267732;88668;18.6;6.2
44;2021-04-23;7328;3168;275060;91836;19.1;6.4
44;2021-04-24;3975;2050;279035;93886;19.4;6.5
44;2021-04-25;2076;1058;281111;94944;19.6;6.6
44;2021-04-26;5648;2762;286759;97706;20.0;6.8
44;2021-04-27;7420;4107;294179;101813;20.5;7.1
44;2021-04-28;7607;3785;301786;105598;21.0;7.3
44;2021-04-29;8964;4273;310750;109871;21.6;7.6
44;2021-04-30;9567;4694;320317;114565;22.3;8.0
44;2021-05-01;2849;925;323166;115490;22.5;8.0
44;2021-05-02;1901;618;325067;116108;22.6;8.1
44;2021-05-03;5547;4074;330614;120182;23.0;8.4
44;2021-05-04;6330;5141;336944;125323;23.4;8.7
44;2021-05-05;6073;4626;343017;129949;23.9;9.0
44;2021-05-06;7252;4882;350269;134831;24.4;9.4
44;2021-05-07;7452;5719;357721;140550;24.9;9.8
44;2021-05-08;2583;1264;360304;141814;25.1;9.9
44;2021-05-09;1801;1815;362105;143629;25.2;10.0
44;2021-05-10;6571;5773;368676;149402;25.7;10.4
44;2021-05-11;7790;6268;376466;155670;26.2;10.8
44;2021-05-12;8194;5725;384660;161395;26.8;11.2
44;2021-05-13;5300;1189;389960;162584;27.1;11.3
44;2021-05-14;7586;3974;397546;166558;27.7;11.6
44;2021-05-15;5008;2234;402554;168792;28.0;11.7
44;2021-05-16;2796;741;405350;169533;28.2;11.8
44;2021-05-17;6744;5153;412094;174686;28.7;12.2
44;2021-05-18;7971;5240;420065;179926;29.2;12.5
44;2021-05-19;8168;4288;428233;184214;29.8;12.8
44;2021-05-20;8365;4651;436598;188865;30.4;13.1
44;2021-05-21;8836;5216;445434;194081;31.0;13.5
44;2021-05-22;5099;2234;450533;196315;31.3;13.7
44;2021-05-23;1759;824;452292;197139;31.5;13.7
44;2021-05-24;4887;1619;457179;198758;31.8;13.8
44;2021-05-25;7740;5547;464919;204305;32.4;14.2
44;2021-05-26;8184;5044;473103;209349;32.9;14.6
44;2021-05-27;9657;5358;482760;214707;33.6;14.9
44;2021-05-28;9186;6917;491946;221624;34.2;15.4
44;2021-05-29;5885;3335;497831;224959;34.6;15.7
44;2021-05-30;1775;704;499606;225663;34.8;15.7
44;2021-05-31;8061;6188;507667;231851;35.3;16.1
44;2021-06-01;9905;6560;517572;238411;36.0;16.6
44;2021-06-02;9524;5694;527096;244105;36.7;17.0
44;2021-06-03;10856;5884;537952;249989;37.4;17.4
44;2021-06-04;9961;8074;547913;258063;38.1;18.0
44;2021-06-05;5780;4343;553693;262406;38.5;18.3
44;2021-06-06;2363;1130;556056;263536;38.7;18.3
44;2021-06-07;9555;6938;565611;270474;39.4;18.8
44;2021-06-08;10914;7498;576525;277972;40.1;19.3
44;2021-06-09;10554;6326;587079;284298;40.9;19.8
44;2021-06-10;11423;6037;598502;290335;41.6;20.2
44;2021-06-11;11956;8641;610458;298976;42.5;20.8
44;2021-06-12;7760;4093;618218;303069;43.0;21.1
44;2021-06-13;2792;1008;621010;304077;43.2;21.2
44;2021-06-14;8766;8406;629776;312483;43.8;21.7
44;2021-06-15;11706;8253;641482;320736;44.6;22.3
44;2021-06-16;10979;7654;652461;328390;45.4;22.9
44;2021-06-17;11731;8677;664192;337067;46.2;23.5
44;2021-06-18;10898;10107;675090;347174;47.0;24.2
44;2021-06-19;5882;4325;680972;351499;47.4;24.5
44;2021-06-20;2534;1335;683506;352834;47.6;24.6
44;2021-06-21;7352;10011;690858;362845;48.1;25.2
44;2021-06-22;8465;10626;699323;373471;48.7;26.0
44;2021-06-23;8556;9132;707879;382603;49.3;26.6
44;2021-06-24;9125;8569;717004;391172;49.9;27.2
44;2021-06-25;7645;10814;724649;401986;50.4;28.0
44;2021-06-26;2960;6470;727609;408456;50.6;28.4
44;2021-06-27;815;2406;728424;410862;50.7;28.6
44;2021-06-28;5230;10056;733654;420918;51.0;29.3
44;2021-06-29;6184;12087;739838;433005;51.5;30.1
44;2021-06-30;6176;10453;746014;443458;51.9;30.9
44;2021-07-01;6928;10484;752942;453942;52.4;31.6
44;2021-07-02;6629;12549;759571;466491;52.9;32.5
44;2021-07-03;2581;7003;762152;473494;53.0;32.9
44;2021-07-04;994;2235;763146;475729;53.1;33.1
44;2021-07-05;5299;11871;768445;487600;53.5;33.9
44;2021-07-06;6057;12608;774502;500208;53.9;34.8
44;2021-07-07;6487;11094;780989;511302;54.3;35.6
44;2021-07-08;7380;11957;788369;523259;54.9;36.4
44;2021-07-09;6212;14254;794581;537513;55.3;37.4
44;2021-07-10;2438;7010;797019;544523;55.5;37.9
44;2021-07-11;730;2261;797749;546784;55.5;38.0
44;2021-07-12;4358;14050;802107;560834;55.8;39.0
44;2021-07-13;5726;14854;807833;575688;56.2;40.1
44;2021-07-14;3638;5810;811471;581498;56.5;40.5
44;2021-07-15;7191;14284;818662;595782;57.0;41.5
44;2021-07-16;8118;14986;826780;610768;57.5;42.5
44;2021-07-17;3362;7578;830142;618346;57.8;43.0
44;2021-07-18;1430;2547;831572;620893;57.9;43.2
44;2021-07-19;4677;14701;836249;635594;58.2;44.2
44;2021-07-20;5980;15683;842229;651277;58.6;45.3
44;2021-07-21;5813;14002;848042;665279;59.0;46.3
44;2021-07-22;6701;13760;854743;679039;59.5;47.2
44;2021-07-23;6131;15644;860874;694683;59.9;48.3
44;2021-07-24;2829;8731;863703;703414;60.1;48.9
44;2021-07-25;937;3090;864640;706504;60.2;49.2
44;2021-07-26;6040;12695;870680;719199;60.6;50.0
44;2021-07-27;9616;12196;880296;731395;61.3;50.9
44;2021-07-28;9189;10847;889485;742242;61.9;51.6
44;2021-07-29;10198;10840;899683;753082;62.6;52.4
44;2021-07-30;9097;10926;908780;764008;63.2;53.2
44;2021-07-31;4742;5643;913522;769651;63.6;53.6
44;2021-08-01;2536;1409;916058;771060;63.7;53.7
44;2021-08-02;6278;9475;922336;780535;64.2;54.3
44;2021-08-03;8335;8546;930671;789081;64.8;54.9
44;2021-08-04;9026;6973;939697;796054;65.4;55.4
44;2021-08-05;11440;7509;951137;803563;66.2;55.9
44;2021-08-06;9605;8193;960742;811756;66.9;56.5
44;2021-08-07;4538;3691;965280;815447;67.2;56.7
44;2021-08-08;2518;1729;967798;817176;67.3;56.9
44;2021-08-09;8825;7962;976623;825138;68.0;57.4
44;2021-08-10;10188;7593;986811;832731;68.7;57.9
44;2021-08-11;10323;6762;997134;839493;69.4;58.4
44;2021-08-12;10281;7324;1007415;846817;70.1;58.9
44;2021-08-13;8258;6112;1015673;852929;70.7;59.3
44;2021-08-14;3179;3214;1018852;856143;70.9;59.6
44;2021-08-15;708;926;1019560;857069;70.9;59.6
44;2021-08-16;5796;8274;1025356;865343;71.3;60.2
45;2020-12-27;0;0;0;0;0.0;0.0
45;2020-12-28;1;0;1;0;0.0;0.0
45;2020-12-29;0;0;1;0;0.0;0.0
45;2020-12-30;0;0;1;0;0.0;0.0
45;2020-12-31;1;0;2;0;0.0;0.0
45;2021-01-01;0;0;2;0;0.0;0.0
45;2021-01-02;0;0;2;0;0.0;0.0
45;2021-01-03;0;0;2;0;0.0;0.0
45;2021-01-04;0;0;2;0;0.0;0.0
45;2021-01-05;76;0;78;0;0.0;0.0
45;2021-01-06;69;0;147;0;0.0;0.0
45;2021-01-07;187;0;334;0;0.0;0.0
45;2021-01-08;199;1;533;1;0.1;0.0
45;2021-01-09;42;0;575;1;0.1;0.0
45;2021-01-10;23;0;598;1;0.1;0.0
45;2021-01-11;254;0;852;1;0.1;0.0
45;2021-01-12;680;3;1532;4;0.2;0.0
45;2021-01-13;496;2;2028;6;0.3;0.0
45;2021-01-14;484;38;2512;44;0.4;0.0
45;2021-01-15;391;3;2903;47;0.4;0.0
45;2021-01-16;39;0;2942;47;0.4;0.0
45;2021-01-17;24;0;2966;47;0.4;0.0
45;2021-01-18;814;1;3780;48;0.6;0.0
45;2021-01-19;1196;6;4976;54;0.7;0.0
45;2021-01-20;2114;8;7090;62;1.0;0.0
45;2021-01-21;2523;6;9613;68;1.4;0.0
45;2021-01-22;1409;3;11022;71;1.6;0.0
45;2021-01-23;124;0;11146;71;1.6;0.0
45;2021-01-24;39;0;11185;71;1.6;0.0
45;2021-01-25;557;3;11742;74;1.7;0.0
45;2021-01-26;870;18;12612;92;1.8;0.0
45;2021-01-27;650;44;13262;136;1.9;0.0
45;2021-01-28;882;218;14144;354;2.1;0.1
45;2021-01-29;577;128;14721;482;2.2;0.1
45;2021-01-30;40;41;14761;523;2.2;0.1
45;2021-01-31;37;23;14798;546;2.2;0.1
45;2021-02-01;462;208;15260;754;2.2;0.1
45;2021-02-02;760;468;16020;1222;2.3;0.2
45;2021-02-03;773;481;16793;1703;2.5;0.2
45;2021-02-04;701;267;17494;1970;2.6;0.3
45;2021-02-05;417;151;17911;2121;2.6;0.3
45;2021-02-06;36;28;17947;2149;2.6;0.3
45;2021-02-07;7;31;17954;2180;2.6;0.3
45;2021-02-08;455;194;18409;2374;2.7;0.3
45;2021-02-09;1006;409;19415;2783;2.8;0.4
45;2021-02-10;1278;805;20693;3588;3.0;0.5
45;2021-02-11;1385;1524;22078;5112;3.2;0.7
45;2021-02-12;1052;1142;23130;6254;3.4;0.9
45;2021-02-13;85;158;23215;6412;3.4;0.9
45;2021-02-14;39;11;23254;6423;3.4;0.9
45;2021-02-15;523;609;23777;7032;3.5;1.0
45;2021-02-16;756;941;24533;7973;3.6;1.2
45;2021-02-17;641;1048;25174;9021;3.7;1.3
45;2021-02-18;841;855;26015;9876;3.8;1.4
45;2021-02-19;828;765;26843;10641;3.9;1.6
45;2021-02-20;59;94;26902;10735;3.9;1.6
45;2021-02-21;17;46;26919;10781;3.9;1.6
45;2021-02-22;407;631;27326;11412;4.0;1.7
45;2021-02-23;815;791;28141;12203;4.1;1.8
45;2021-02-24;650;917;28791;13120;4.2;1.9
45;2021-02-25;962;780;29753;13900;4.4;2.0
45;2021-02-26;1044;688;30797;14588;4.5;2.1
45;2021-02-27;290;52;31087;14640;4.6;2.1
45;2021-02-28;28;5;31115;14645;4.6;2.1
45;2021-03-01;533;336;31648;14981;4.6;2.2
45;2021-03-02;671;726;32319;15707;4.7;2.3
45;2021-03-03;982;896;33301;16603;4.9;2.4
45;2021-03-04;1108;986;34409;17589;5.0;2.6
45;2021-03-05;1444;863;35853;18452;5.3;2.7
45;2021-03-06;2020;130;37873;18582;5.5;2.7
45;2021-03-07;143;59;38016;18641;5.6;2.7
45;2021-03-08;752;848;38768;19489;5.7;2.9
45;2021-03-09;1256;719;40024;20208;5.9;3.0
45;2021-03-10;1593;901;41617;21109;6.1;3.1
45;2021-03-11;1720;750;43337;21859;6.3;3.2
45;2021-03-12;2074;607;45411;22466;6.6;3.3
45;2021-03-13;988;47;46399;22513;6.8;3.3
45;2021-03-14;24;43;46423;22556;6.8;3.3
45;2021-03-15;810;597;47233;23153;6.9;3.4
45;2021-03-16;943;837;48176;23990;7.1;3.5
45;2021-03-17;1051;688;49227;24678;7.2;3.6
45;2021-03-18;997;582;50224;25260;7.4;3.7
45;2021-03-19;1619;430;51843;25690;7.6;3.8
45;2021-03-20;498;82;52341;25772;7.7;3.8
45;2021-03-21;20;35;52361;25807;7.7;3.8
45;2021-03-22;914;530;53275;26337;7.8;3.9
45;2021-03-23;1984;721;55259;27058;8.1;4.0
45;2021-03-24;1898;551;57157;27609;8.4;4.0
45;2021-03-25;2983;451;60140;28060;8.8;4.1
45;2021-03-26;3389;480;63529;28540;9.3;4.2
45;2021-03-27;1795;121;65324;28661;9.6;4.2
45;2021-03-28;89;40;65413;28701;9.6;4.2
45;2021-03-29;1529;538;66942;29239;9.8;4.3
45;2021-03-30;2784;783;69726;30022;10.2;4.4
45;2021-03-31;2134;576;71860;30598;10.5;4.5
45;2021-04-01;2973;565;74833;31163;11.0;4.6
45;2021-04-02;2826;512;77659;31675;11.4;4.6
45;2021-04-03;810;73;78469;31748;11.5;4.6
45;2021-04-04;113;33;78582;31781;11.5;4.7
45;2021-04-05;14;2;78596;31783;11.5;4.7
45;2021-04-06;1736;792;80332;32575;11.8;4.8
45;2021-04-07;1775;1111;82107;33686;12.0;4.9
45;2021-04-08;2773;1019;84880;34705;12.4;5.1
45;2021-04-09;3675;643;88555;35348;13.0;5.2
45;2021-04-10;2322;108;90877;35456;13.3;5.2
45;2021-04-11;153;24;91030;35480;13.3;5.2
45;2021-04-12;2606;665;93636;36145;13.7;5.3
45;2021-04-13;3846;1085;97482;37230;14.3;5.5
45;2021-04-14;2930;1217;100412;38447;14.7;5.6
45;2021-04-15;3520;1036;103932;39483;15.2;5.8
45;2021-04-16;3775;685;107707;40168;15.8;5.9
45;2021-04-17;1613;112;109320;40280;16.0;5.9
45;2021-04-18;200;40;109520;40320;16.0;5.9
45;2021-04-19;1937;947;111457;41267;16.3;6.0
45;2021-04-20;3076;1698;114533;42965;16.8;6.3
45;2021-04-21;2721;1305;117254;44270;17.2;6.5
45;2021-04-22;3425;1840;120679;46110;17.7;6.8
45;2021-04-23;3277;1782;123956;47892;18.2;7.0
45;2021-04-24;2023;867;125979;48759;18.4;7.1
45;2021-04-25;292;86;126271;48845;18.5;7.2
45;2021-04-26;2228;1167;128499;50012;18.8;7.3
45;2021-04-27;3352;2352;131851;52364;19.3;7.7
45;2021-04-28;2802;1947;134653;54311;19.7;8.0
45;2021-04-29;3835;2336;138488;56647;20.3;8.3
45;2021-04-30;4390;1808;142878;58455;20.9;8.6
45;2021-05-01;451;61;143329;58516;21.0;8.6
45;2021-05-02;627;122;143956;58638;21.1;8.6
45;2021-05-03;2821;992;146777;59630;21.5;8.7
45;2021-05-04;3160;2347;149937;61977;22.0;9.1
45;2021-05-05;2714;2163;152651;64140;22.4;9.4
45;2021-05-06;3331;2539;155982;66679;22.8;9.8
45;2021-05-07;2872;3199;158854;69878;23.3;10.2
45;2021-05-08;611;246;159465;70124;23.4;10.3
45;2021-05-09;1498;126;160963;70250;23.6;10.3
45;2021-05-10;4140;2975;165103;73225;24.2;10.7
45;2021-05-11;5030;2970;170133;76195;24.9;11.2
45;2021-05-12;6078;2785;176211;78980;25.8;11.6
45;2021-05-13;2450;597;178661;79577;26.2;11.7
45;2021-05-14;4968;1633;183629;81210;26.9;11.9
45;2021-05-15;4066;610;187695;81820;27.5;12.0
45;2021-05-16;289;33;187984;81853;27.5;12.0
45;2021-05-17;3358;1540;191342;83393;28.0;12.2
45;2021-05-18;5118;1681;196460;85074;28.8;12.5
45;2021-05-19;4493;2061;200953;87135;29.4;12.8
45;2021-05-20;5264;2138;206217;89273;30.2;13.1
45;2021-05-21;5146;2229;211363;91502;31.0;13.4
45;2021-05-22;3041;631;214404;92133;31.4;13.5
45;2021-05-23;15;94;214419;92227;31.4;13.5
45;2021-05-24;2827;207;217246;92434;31.8;13.5
45;2021-05-25;4962;3032;222208;95466;32.5;14.0
45;2021-05-26;5114;2331;227322;97797;33.3;14.3
45;2021-05-27;5310;3236;232632;101033;34.1;14.8
45;2021-05-28;5662;3591;238294;104624;34.9;15.3
45;2021-05-29;3671;1288;241965;105912;35.4;15.5
45;2021-05-30;33;182;241998;106094;35.4;15.5
45;2021-05-31;4328;2522;246326;108616;36.1;15.9
45;2021-06-01;6092;3001;252418;111617;37.0;16.3
45;2021-06-02;4943;3097;257361;114714;37.7;16.8
45;2021-06-03;5619;3202;262980;117916;38.5;17.3
45;2021-06-04;5897;3187;268877;121103;39.4;17.7
45;2021-06-05;2032;1335;270909;122438;39.7;17.9
45;2021-06-06;88;198;270997;122636;39.7;18.0
45;2021-06-07;4081;2724;275078;125360;40.3;18.4
45;2021-06-08;4643;4076;279721;129436;41.0;19.0
45;2021-06-09;4356;3342;284077;132778;41.6;19.4
45;2021-06-10;4643;2684;288720;135462;42.3;19.8
45;2021-06-11;4117;3665;292837;139127;42.9;20.4
45;2021-06-12;2440;1508;295277;140635;43.2;20.6
45;2021-06-13;21;424;295298;141059;43.2;20.7
45;2021-06-14;3139;4153;298437;145212;43.7;21.3
45;2021-06-15;3388;4327;301825;149539;44.2;21.9
45;2021-06-16;3902;3454;305727;152993;44.8;22.4
45;2021-06-17;3525;3541;309252;156534;45.3;22.9
45;2021-06-18;3803;5030;313055;161564;45.8;23.7
45;2021-06-19;2395;1761;315450;163325;46.2;23.9
45;2021-06-20;47;142;315497;163467;46.2;23.9
45;2021-06-21;2163;5849;317660;169316;46.5;24.8
45;2021-06-22;2420;6528;320080;175844;46.9;25.7
45;2021-06-23;2284;5603;322364;181447;47.2;26.6
45;2021-06-24;2135;3532;324499;184979;47.5;27.1
45;2021-06-25;2443;6444;326942;191423;47.9;28.0
45;2021-06-26;1947;3093;328889;194516;48.2;28.5
45;2021-06-27;53;138;328942;194654;48.2;28.5
45;2021-06-28;2078;4831;331020;199485;48.5;29.2
45;2021-06-29;2837;6814;333857;206299;48.9;30.2
45;2021-06-30;2887;5848;336744;212147;49.3;31.1
45;2021-07-01;2398;5036;339142;217183;49.7;31.8
45;2021-07-02;2366;6286;341508;223469;50.0;32.7
45;2021-07-03;755;2540;342263;226009;50.1;33.1
45;2021-07-04;6;12;342269;226021;50.1;33.1
45;2021-07-05;2140;4988;344409;231009;50.4;33.8
45;2021-07-06;2798;6778;347207;237787;50.8;34.8
45;2021-07-07;2438;6057;349645;243844;51.2;35.7
45;2021-07-08;2819;5382;352464;249226;51.6;36.5
45;2021-07-09;2146;6983;354610;256209;51.9;37.5
45;2021-07-10;1543;3860;356153;260069;52.2;38.1
45;2021-07-11;24;31;356177;260100;52.2;38.1
45;2021-07-12;1590;5998;357767;266098;52.4;39.0
45;2021-07-13;2996;8231;360763;274329;52.8;40.2
45;2021-07-14;1472;1516;362235;275845;53.0;40.4
45;2021-07-15;3730;7284;365965;283129;53.6;41.5
45;2021-07-16;3250;7446;369215;290575;54.1;42.6
45;2021-07-17;1280;2332;370495;292907;54.3;42.9
45;2021-07-18;15;19;370510;292926;54.3;42.9
45;2021-07-19;1866;5945;372376;298871;54.5;43.8
45;2021-07-20;4696;6903;377072;305774;55.2;44.8
45;2021-07-21;5165;5475;382237;311249;56.0;45.6
45;2021-07-22;6166;4901;388403;316150;56.9;46.3
45;2021-07-23;4247;5482;392650;321632;57.5;47.1
45;2021-07-24;1854;2824;394504;324456;57.8;47.5
45;2021-07-25;5;14;394509;324470;57.8;47.5
45;2021-07-26;2899;4983;397408;329453;58.2;48.2
45;2021-07-27;5430;5075;402838;334528;59.0;49.0
45;2021-07-28;4977;4173;407815;338701;59.7;49.6
45;2021-07-29;5264;3247;413079;341948;60.5;50.1
45;2021-07-30;4730;4707;417809;346655;61.2;50.8
45;2021-07-31;846;1950;418655;348605;61.3;51.0
45;2021-08-01;1;4;418656;348609;61.3;51.0
45;2021-08-02;3592;3229;422248;351838;61.8;51.5
45;2021-08-03;4859;3011;427107;354849;62.5;52.0
45;2021-08-04;3719;2227;430826;357076;63.1;52.3
45;2021-08-05;3290;2633;434116;359709;63.6;52.7
45;2021-08-06;3738;3260;437854;362969;64.1;53.2
45;2021-08-07;1678;1044;439532;364013;64.4;53.3
45;2021-08-08;6;18;439538;364031;64.4;53.3
45;2021-08-09;2581;3006;442119;367037;64.7;53.7
45;2021-08-10;3491;3789;445610;370826;65.3;54.3
45;2021-08-11;2692;3710;448302;374536;65.6;54.8
45;2021-08-12;2087;3433;450389;377969;66.0;55.3
45;2021-08-13;1724;4209;452113;382178;66.2;56.0
45;2021-08-14;664;944;452777;383122;66.3;56.1
45;2021-08-15;58;30;452835;383152;66.3;56.1
45;2021-08-16;1140;2303;453975;385455;66.5;56.4
46;2020-12-27;4;0;4;0;0.0;0.0
46;2020-12-28;0;0;4;0;0.0;0.0
46;2020-12-29;0;0;4;0;0.0;0.0
46;2020-12-30;0;0;4;0;0.0;0.0
46;2020-12-31;0;0;4;0;0.0;0.0
46;2021-01-01;0;0;4;0;0.0;0.0
46;2021-01-02;0;0;4;0;0.0;0.0
46;2021-01-03;1;0;5;0;0.0;0.0
46;2021-01-04;0;0;5;0;0.0;0.0
46;2021-01-05;0;0;5;0;0.0;0.0
46;2021-01-06;3;0;8;0;0.0;0.0
46;2021-01-07;135;0;143;0;0.1;0.0
46;2021-01-08;181;0;324;0;0.2;0.0
46;2021-01-09;1;0;325;0;0.2;0.0
46;2021-01-10;1;0;326;0;0.2;0.0
46;2021-01-11;118;0;444;0;0.3;0.0
46;2021-01-12;140;0;584;0;0.3;0.0
46;2021-01-13;234;0;818;0;0.5;0.0
46;2021-01-14;239;2;1057;2;0.6;0.0
46;2021-01-15;304;2;1361;4;0.8;0.0
46;2021-01-16;18;0;1379;4;0.8;0.0
46;2021-01-17;0;0;1379;4;0.8;0.0
46;2021-01-18;274;2;1653;6;1.0;0.0
46;2021-01-19;389;0;2042;6;1.2;0.0
46;2021-01-20;936;1;2978;7;1.7;0.0
46;2021-01-21;996;0;3974;7;2.3;0.0
46;2021-01-22;390;2;4364;9;2.5;0.0
46;2021-01-23;0;0;4364;9;2.5;0.0
46;2021-01-24;0;0;4364;9;2.5;0.0
46;2021-01-25;203;1;4567;10;2.6;0.0
46;2021-01-26;262;1;4829;11;2.8;0.0
46;2021-01-27;276;0;5105;11;2.9;0.0
46;2021-01-28;278;43;5383;54;3.1;0.0
46;2021-01-29;233;93;5616;147;3.2;0.1
46;2021-01-30;1;0;5617;147;3.2;0.1
46;2021-01-31;1;0;5618;147;3.2;0.1
46;2021-02-01;233;174;5851;321;3.4;0.2
46;2021-02-02;209;238;6060;559;3.5;0.3
46;2021-02-03;224;97;6284;656;3.6;0.4
46;2021-02-04;372;86;6656;742;3.8;0.4
46;2021-02-05;226;179;6882;921;4.0;0.5
46;2021-02-06;8;0;6890;921;4.0;0.5
46;2021-02-07;43;0;6933;921;4.0;0.5
46;2021-02-08;197;156;7130;1077;4.1;0.6
46;2021-02-09;270;230;7400;1307;4.3;0.8
46;2021-02-10;279;545;7679;1852;4.4;1.1
46;2021-02-11;655;559;8334;2411;4.8;1.4
46;2021-02-12;321;341;8655;2752;5.0;1.6
46;2021-02-13;2;0;8657;2752;5.0;1.6
46;2021-02-14;0;62;8657;2814;5.0;1.6
46;2021-02-15;195;293;8852;3107;5.1;1.8
46;2021-02-16;217;282;9069;3389;5.2;2.0
46;2021-02-17;200;328;9269;3717;5.4;2.1
46;2021-02-18;336;267;9605;3984;5.5;2.3
46;2021-02-19;277;234;9882;4218;5.7;2.4
46;2021-02-20;0;0;9882;4218;5.7;2.4
46;2021-02-21;1;0;9883;4218;5.7;2.4
46;2021-02-22;132;193;10015;4411;5.8;2.5
46;2021-02-23;225;168;10240;4579;5.9;2.6
46;2021-02-24;179;325;10419;4904;6.0;2.8
46;2021-02-25;247;342;10666;5246;6.2;3.0
46;2021-02-26;401;346;11067;5592;6.4;3.2
46;2021-02-27;120;1;11187;5593;6.5;3.2
46;2021-02-28;0;3;11187;5596;6.5;3.2
46;2021-03-01;169;180;11356;5776;6.6;3.3
46;2021-03-02;406;233;11762;6009;6.8;3.5
46;2021-03-03;457;331;12219;6340;7.1;3.7
46;2021-03-04;607;455;12826;6795;7.4;3.9
46;2021-03-05;809;365;13635;7160;7.9;4.1
46;2021-03-06;475;17;14110;7177;8.1;4.1
46;2021-03-07;101;19;14211;7196;8.2;4.2
46;2021-03-08;348;249;14559;7445;8.4;4.3
46;2021-03-09;745;270;15304;7715;8.8;4.5
46;2021-03-10;686;248;15990;7963;9.2;4.6
46;2021-03-11;848;254;16838;8217;9.7;4.7
46;2021-03-12;926;228;17764;8445;10.3;4.9
46;2021-03-13;512;3;18276;8448;10.6;4.9
46;2021-03-14;0;0;18276;8448;10.6;4.9
46;2021-03-15;505;165;18781;8613;10.8;5.0
46;2021-03-16;752;173;19533;8786;11.3;5.1
46;2021-03-17;671;203;20204;8989;11.7;5.2
46;2021-03-18;747;216;20951;9205;12.1;5.3
46;2021-03-19;810;149;21761;9354;12.6;5.4
46;2021-03-20;292;3;22053;9357;12.7;5.4
46;2021-03-21;2;0;22055;9357;12.7;5.4
46;2021-03-22;555;241;22610;9598;13.1;5.5
46;2021-03-23;702;213;23312;9811;13.5;5.7
46;2021-03-24;674;240;23986;10051;13.9;5.8
46;2021-03-25;1133;183;25119;10234;14.5;5.9
46;2021-03-26;1025;341;26144;10575;15.1;6.1
46;2021-03-27;420;71;26564;10646;15.3;6.1
46;2021-03-28;127;1;26691;10647;15.4;6.1
46;2021-03-29;732;253;27423;10900;15.8;6.3
46;2021-03-30;767;364;28190;11264;16.3;6.5
46;2021-03-31;866;421;29056;11685;16.8;6.7
46;2021-04-01;1169;344;30225;12029;17.5;6.9
46;2021-04-02;924;394;31149;12423;18.0;7.2
46;2021-04-03;167;166;31316;12589;18.1;7.3
46;2021-04-04;0;71;31316;12660;18.1;7.3
46;2021-04-05;3;0;31319;12660;18.1;7.3
46;2021-04-06;545;519;31864;13179;18.4;7.6
46;2021-04-07;784;647;32648;13826;18.9;8.0
46;2021-04-08;962;542;33610;14368;19.4;8.3
46;2021-04-09;1018;504;34628;14872;20.0;8.6
46;2021-04-10;502;208;35130;15080;20.3;8.7
46;2021-04-11;232;1;35362;15081;20.4;8.7
46;2021-04-12;845;547;36207;15628;20.9;9.0
46;2021-04-13;1187;717;37394;16345;21.6;9.4
46;2021-04-14;1535;614;38929;16959;22.5;9.8
46;2021-04-15;1500;663;40429;17622;23.3;10.2
46;2021-04-16;1583;567;42012;18189;24.3;10.5
46;2021-04-17;993;134;43005;18323;24.8;10.6
46;2021-04-18;516;8;43521;18331;25.1;10.6
46;2021-04-19;1070;573;44591;18904;25.8;10.9
46;2021-04-20;1222;725;45813;19629;26.5;11.3
46;2021-04-21;1230;713;47043;20342;27.2;11.7
46;2021-04-22;1391;728;48434;21070;28.0;12.2
46;2021-04-23;1133;731;49567;21801;28.6;12.6
46;2021-04-24;472;19;50039;21820;28.9;12.6
46;2021-04-25;351;11;50390;21831;29.1;12.6
46;2021-04-26;853;731;51243;22562;29.6;13.0
46;2021-04-27;1221;665;52464;23227;30.3;13.4
46;2021-04-28;1289;669;53753;23896;31.0;13.8
46;2021-04-29;1416;525;55169;24421;31.9;14.1
46;2021-04-30;1438;564;56607;24985;32.7;14.4
46;2021-05-01;697;73;57304;25058;33.1;14.5
46;2021-05-02;346;4;57650;25062;33.3;14.5
46;2021-05-03;853;569;58503;25631;33.8;14.8
46;2021-05-04;1037;1062;59540;26693;34.4;15.4
46;2021-05-05;1375;787;60915;27480;35.2;15.9
46;2021-05-06;1377;742;62292;28222;36.0;16.3
46;2021-05-07;1396;792;63688;29014;36.8;16.8
46;2021-05-08;281;411;63969;29425;36.9;17.0
46;2021-05-09;23;225;63992;29650;37.0;17.1
46;2021-05-10;517;1140;64509;30790;37.3;17.8
46;2021-05-11;1034;1258;65543;32048;37.8;18.5
46;2021-05-12;994;1563;66537;33611;38.4;19.4
46;2021-05-13;600;143;67137;33754;38.8;19.5
46;2021-05-14;959;1097;68096;34851;39.3;20.1
46;2021-05-15;256;653;68352;35504;39.5;20.5
46;2021-05-16;78;298;68430;35802;39.5;20.7
46;2021-05-17;653;957;69083;36759;39.9;21.2
46;2021-05-18;1404;1023;70487;37782;40.7;21.8
46;2021-05-19;1306;904;71793;38686;41.5;22.3
46;2021-05-20;1453;811;73246;39497;42.3;22.8
46;2021-05-21;996;1158;74242;40655;42.9;23.5
46;2021-05-22;147;369;74389;41024;43.0;23.7
46;2021-05-23;450;25;74839;41049;43.2;23.7
46;2021-05-24;411;113;75250;41162;43.5;23.8
46;2021-05-25;962;1332;76212;42494;44.0;24.5
46;2021-05-26;1236;1150;77448;43644;44.7;25.2
46;2021-05-27;1432;1194;78880;44838;45.6;25.9
46;2021-05-28;1433;1209;80313;46047;46.4;26.6
46;2021-05-29;1052;399;81365;46446;47.0;26.8
46;2021-05-30;408;39;81773;46485;47.2;26.8
46;2021-05-31;970;976;82743;47461;47.8;27.4
46;2021-06-01;1277;998;84020;48459;48.5;28.0
46;2021-06-02;1317;1117;85337;49576;49.3;28.6
46;2021-06-03;1416;1011;86753;50587;50.1;29.2
46;2021-06-04;1332;977;88085;51564;50.9;29.8
46;2021-06-05;380;414;88465;51978;51.1;30.0
46;2021-06-06;207;95;88672;52073;51.2;30.1
46;2021-06-07;814;617;89486;52690;51.7;30.4
46;2021-06-08;1020;895;90506;53585;52.3;30.9
46;2021-06-09;1504;972;92010;54557;53.1;31.5
46;2021-06-10;982;852;92992;55409;53.7;32.0
46;2021-06-11;970;1323;93962;56732;54.3;32.8
46;2021-06-12;459;549;94421;57281;54.5;33.1
46;2021-06-13;27;86;94448;57367;54.5;33.1
46;2021-06-14;593;1137;95041;58504;54.9;33.8
46;2021-06-15;751;1248;95792;59752;55.3;34.5
46;2021-06-16;999;1113;96791;60865;55.9;35.1
46;2021-06-17;527;896;97318;61761;56.2;35.7
46;2021-06-18;658;1255;97976;63016;56.6;36.4
46;2021-06-19;457;313;98433;63329;56.8;36.6
46;2021-06-20;39;161;98472;63490;56.9;36.7
46;2021-06-21;428;945;98900;64435;57.1;37.2
46;2021-06-22;350;1178;99250;65613;57.3;37.9
46;2021-06-23;520;1075;99770;66688;57.6;38.5
46;2021-06-24;250;822;100020;67510;57.8;39.0
46;2021-06-25;492;1117;100512;68627;58.0;39.6
46;2021-06-26;397;552;100909;69179;58.3;39.9
46;2021-06-27;3;4;100912;69183;58.3;40.0
46;2021-06-28;313;1338;101225;70521;58.5;40.7
46;2021-06-29;378;1683;101603;72204;58.7;41.7
46;2021-06-30;512;1578;102115;73782;59.0;42.6
46;2021-07-01;308;1153;102423;74935;59.1;43.3
46;2021-07-02;466;1085;102889;76020;59.4;43.9
46;2021-07-03;124;455;103013;76475;59.5;44.2
46;2021-07-04;58;127;103071;76602;59.5;44.2
46;2021-07-05;345;1187;103416;77789;59.7;44.9
46;2021-07-06;369;1458;103785;79247;59.9;45.8
46;2021-07-07;582;1720;104367;80967;60.3;46.8
46;2021-07-08;339;1166;104706;82133;60.5;47.4
46;2021-07-09;395;1707;105101;83840;60.7;48.4
46;2021-07-10;286;1040;105387;84880;60.9;49.0
46;2021-07-11;15;375;105402;85255;60.9;49.2
46;2021-07-12;248;1261;105650;86516;61.0;50.0
46;2021-07-13;625;1673;106275;88189;61.4;50.9
46;2021-07-14;66;144;106341;88333;61.4;51.0
46;2021-07-15;894;1466;107235;89799;61.9;51.9
46;2021-07-16;767;1397;108002;91196;62.4;52.7
46;2021-07-17;360;537;108362;91733;62.6;53.0
46;2021-07-18;2;0;108364;91733;62.6;53.0
46;2021-07-19;669;1187;109033;92920;63.0;53.7
46;2021-07-20;981;1429;110014;94349;63.5;54.5
46;2021-07-21;1000;1383;111014;95732;64.1;55.3
46;2021-07-22;1393;1113;112407;96845;64.9;55.9
46;2021-07-23;762;1323;113169;98168;65.4;56.7
46;2021-07-24;949;663;114118;98831;65.9;57.1
46;2021-07-25;134;17;114252;98848;66.0;57.1
46;2021-07-26;876;880;115128;99728;66.5;57.6
46;2021-07-27;1194;976;116322;100704;67.2;58.2
46;2021-07-28;1250;1102;117572;101806;67.9;58.8
46;2021-07-29;1549;847;119121;102653;68.8;59.3
46;2021-07-30;1884;951;121005;103604;69.9;59.8
46;2021-07-31;928;653;121933;104257;70.4;60.2
46;2021-08-01;11;3;121944;104260;70.4;60.2
46;2021-08-02;964;584;122908;104844;71.0;60.5
46;2021-08-03;1346;677;124254;105521;71.8;60.9
46;2021-08-04;1735;603;125989;106124;72.8;61.3
46;2021-08-05;1376;843;127365;106967;73.6;61.8
46;2021-08-06;1395;845;128760;107812;74.4;62.3
46;2021-08-07;703;541;129463;108353;74.8;62.6
46;2021-08-08;95;67;129558;108420;74.8;62.6
46;2021-08-09;1001;690;130559;109110;75.4;63.0
46;2021-08-10;1190;891;131749;110001;76.1;63.5
46;2021-08-11;1240;1066;132989;111067;76.8;64.1
46;2021-08-12;987;794;133976;111861;77.4;64.6
46;2021-08-13;931;993;134907;112854;77.9;65.2
46;2021-08-14;583;774;135490;113628;78.2;65.6
46;2021-08-15;7;27;135497;113655;78.2;65.6
46;2021-08-16;705;801;136202;114456;78.7;66.1
47;2020-12-27;0;0;0;0;0.0;0.0
47;2020-12-28;0;0;0;0;0.0;0.0
47;2020-12-29;0;0;0;0;0.0;0.0
47;2020-12-30;0;0;0;0;0.0;0.0
47;2020-12-31;0;0;0;0;0.0;0.0
47;2021-01-01;4;0;4;0;0.0;0.0
47;2021-01-02;0;0;4;0;0.0;0.0
47;2021-01-03;0;0;4;0;0.0;0.0
47;2021-01-04;0;0;4;0;0.0;0.0
47;2021-01-05;0;0;4;0;0.0;0.0
47;2021-01-06;0;0;4;0;0.0;0.0
47;2021-01-07;71;1;75;1;0.0;0.0
47;2021-01-08;314;0;389;1;0.1;0.0
47;2021-01-09;113;0;502;1;0.2;0.0
47;2021-01-10;0;0;502;1;0.2;0.0
47;2021-01-11;249;0;751;1;0.2;0.0
47;2021-01-12;327;0;1078;1;0.3;0.0
47;2021-01-13;349;0;1427;1;0.4;0.0
47;2021-01-14;364;4;1791;5;0.5;0.0
47;2021-01-15;287;1;2078;6;0.6;0.0
47;2021-01-16;176;4;2254;10;0.7;0.0
47;2021-01-17;0;0;2254;10;0.7;0.0
47;2021-01-18;485;1;2739;11;0.8;0.0
47;2021-01-19;469;2;3208;13;1.0;0.0
47;2021-01-20;511;0;3719;13;1.1;0.0
47;2021-01-21;585;0;4304;13;1.3;0.0
47;2021-01-22;470;0;4774;13;1.4;0.0
47;2021-01-23;390;1;5164;14;1.6;0.0
47;2021-01-24;0;0;5164;14;1.6;0.0
47;2021-01-25;426;0;5590;14;1.7;0.0
47;2021-01-26;788;4;6378;18;1.9;0.0
47;2021-01-27;732;0;7110;18;2.2;0.0
47;2021-01-28;575;66;7685;84;2.3;0.0
47;2021-01-29;461;170;8146;254;2.5;0.1
47;2021-01-30;301;39;8447;293;2.6;0.1
47;2021-01-31;0;0;8447;293;2.6;0.1
47;2021-02-01;374;116;8821;409;2.7;0.1
47;2021-02-02;758;317;9579;726;2.9;0.2
47;2021-02-03;424;163;10003;889;3.0;0.3
47;2021-02-04;370;318;10373;1207;3.1;0.4
47;2021-02-05;300;311;10673;1518;3.2;0.5
47;2021-02-06;295;99;10968;1617;3.3;0.5
47;2021-02-07;0;0;10968;1617;3.3;0.5
47;2021-02-08;184;286;11152;1903;3.4;0.6
47;2021-02-09;231;260;11383;2163;3.4;0.7
47;2021-02-10;255;247;11638;2410;3.5;0.7
47;2021-02-11;356;378;11994;2788;3.6;0.8
47;2021-02-12;243;413;12237;3201;3.7;1.0
47;2021-02-13;226;111;12463;3312;3.8;1.0
47;2021-02-14;0;0;12463;3312;3.8;1.0
47;2021-02-15;194;384;12657;3696;3.8;1.1
47;2021-02-16;303;588;12960;4284;3.9;1.3
47;2021-02-17;326;456;13286;4740;4.0;1.4
47;2021-02-18;200;600;13486;5340;4.1;1.6
47;2021-02-19;194;365;13680;5705;4.1;1.7
47;2021-02-20;117;269;13797;5974;4.2;1.8
47;2021-02-21;0;0;13797;5974;4.2;1.8
47;2021-02-22;75;407;13872;6381;4.2;1.9
47;2021-02-23;152;649;14024;7030;4.2;2.1
47;2021-02-24;261;562;14285;7592;4.3;2.3
47;2021-02-25;304;413;14589;8005;4.4;2.4
47;2021-02-26;468;323;15057;8328;4.6;2.5
47;2021-02-27;324;213;15381;8541;4.7;2.6
47;2021-02-28;0;0;15381;8541;4.7;2.6
47;2021-03-01;124;397;15505;8938;4.7;2.7
47;2021-03-02;200;366;15705;9304;4.8;2.8
47;2021-03-03;244;350;15949;9654;4.8;2.9
47;2021-03-04;591;331;16540;9985;5.0;3.0
47;2021-03-05;844;289;17384;10274;5.3;3.1
47;2021-03-06;507;193;17891;10467;5.4;3.2
47;2021-03-07;331;5;18222;10472;5.5;3.2
47;2021-03-08;458;227;18680;10699;5.7;3.2
47;2021-03-09;509;492;19189;11191;5.8;3.4
47;2021-03-10;666;301;19855;11492;6.0;3.5
47;2021-03-11;938;379;20793;11871;6.3;3.6
47;2021-03-12;1370;297;22163;12168;6.7;3.7
47;2021-03-13;949;109;23112;12277;7.0;3.7
47;2021-03-14;51;0;23163;12277;7.0;3.7
47;2021-03-15;592;163;23755;12440;7.2;3.8
47;2021-03-16;750;177;24505;12617;7.4;3.8
47;2021-03-17;860;208;25365;12825;7.7;3.9
47;2021-03-18;917;176;26282;13001;8.0;3.9
47;2021-03-19;1271;125;27553;13126;8.3;4.0
47;2021-03-20;1086;58;28639;13184;8.7;4.0
47;2021-03-21;344;1;28983;13185;8.8;4.0
47;2021-03-22;1012;95;29995;13280;9.1;4.0
47;2021-03-23;1147;148;31142;13428;9.4;4.1
47;2021-03-24;1212;130;32354;13558;9.8;4.1
47;2021-03-25;1566;150;33920;13708;10.3;4.1
47;2021-03-26;1882;199;35802;13907;10.8;4.2
47;2021-03-27;979;129;36781;14036;11.1;4.2
47;2021-03-28;699;4;37480;14040;11.3;4.3
47;2021-03-29;1512;80;38992;14120;11.8;4.3
47;2021-03-30;1643;125;40635;14245;12.3;4.3
47;2021-03-31;1605;151;42240;14396;12.8;4.4
47;2021-04-01;1682;267;43922;14663;13.3;4.4
47;2021-04-02;1934;456;45856;15119;13.9;4.6
47;2021-04-03;1202;179;47058;15298;14.2;4.6
47;2021-04-04;474;13;47532;15311;14.4;4.6
47;2021-04-05;1295;57;48827;15368;14.8;4.7
47;2021-04-06;1386;386;50213;15754;15.2;4.8
47;2021-04-07;1694;592;51907;16346;15.7;4.9
47;2021-04-08;1834;480;53741;16826;16.3;5.1
47;2021-04-09;2082;544;55823;17370;16.9;5.3
47;2021-04-10;1564;326;57387;17696;17.4;5.4
47;2021-04-11;530;9;57917;17705;17.5;5.4
47;2021-04-12;1437;610;59354;18315;18.0;5.5
47;2021-04-13;1817;765;61171;19080;18.5;5.8
47;2021-04-14;1748;719;62919;19799;19.0;6.0
47;2021-04-15;2012;844;64931;20643;19.7;6.2
47;2021-04-16;1766;894;66697;21537;20.2;6.5
47;2021-04-17;1472;970;68169;22507;20.6;6.8
47;2021-04-18;23;0;68192;22507;20.6;6.8
47;2021-04-19;1332;931;69524;23438;21.0;7.1
47;2021-04-20;1626;904;71150;24342;21.5;7.4
47;2021-04-21;1626;771;72776;25113;22.0;7.6
47;2021-04-22;1871;1060;74647;26173;22.6;7.9
47;2021-04-23;1726;1071;76373;27244;23.1;8.2
47;2021-04-24;1549;800;77922;28044;23.6;8.5
47;2021-04-25;242;345;78164;28389;23.7;8.6
47;2021-04-26;1488;1363;79652;29752;24.1;9.0
47;2021-04-27;1922;1473;81574;31225;24.7;9.5
47;2021-04-28;2090;1589;83664;32814;25.3;9.9
47;2021-04-29;2530;1509;86194;34323;26.1;10.4
47;2021-04-30;2043;1780;88237;36103;26.7;10.9
47;2021-05-01;2262;982;90499;37085;27.4;11.2
47;2021-05-02;21;358;90520;37443;27.4;11.3
47;2021-05-03;1596;1417;92116;38860;27.9;11.8
47;2021-05-04;1648;1729;93764;40589;28.4;12.3
47;2021-05-05;1926;1643;95690;42232;29.0;12.8
47;2021-05-06;2106;1508;97796;43740;29.6;13.2
47;2021-05-07;2000;1622;99796;45362;30.2;13.7
47;2021-05-08;2096;463;101892;45825;30.8;13.9
47;2021-05-09;24;361;101916;46186;30.9;14.0
47;2021-05-10;1202;1670;103118;47856;31.2;14.5
47;2021-05-11;2174;1991;105292;49847;31.9;15.1
47;2021-05-12;2626;1451;107918;51298;32.7;15.5
47;2021-05-13;2381;657;110299;51955;33.4;15.7
47;2021-05-14;2062;859;112361;52814;34.0;16.0
47;2021-05-15;1934;862;114295;53676;34.6;16.2
47;2021-05-16;367;9;114662;53685;34.7;16.3
47;2021-05-17;1883;1123;116545;54808;35.3;16.6
47;2021-05-18;2355;1139;118900;55947;36.0;16.9
47;2021-05-19;2344;761;121244;56708;36.7;17.2
47;2021-05-20;2587;967;123831;57675;37.5;17.5
47;2021-05-21;1537;1132;125368;58807;38.0;17.8
47;2021-05-22;2368;834;127736;59641;38.7;18.1
47;2021-05-23;25;185;127761;59826;38.7;18.1
47;2021-05-24;1549;236;129310;60062;39.1;18.2
47;2021-05-25;1484;1319;130794;61381;39.6;18.6
47;2021-05-26;1599;1086;132393;62467;40.1;18.9
47;2021-05-27;1943;1268;134336;63735;40.7;19.3
47;2021-05-28;1457;1536;135793;65271;41.1;19.8
47;2021-05-29;1152;1126;136945;66397;41.5;20.1
47;2021-05-30;12;45;136957;66442;41.5;20.1
47;2021-05-31;1867;1422;138824;67864;42.0;20.5
47;2021-06-01;1922;1340;140746;69204;42.6;20.9
47;2021-06-02;2101;1333;142847;70537;43.2;21.4
47;2021-06-03;2485;1610;145332;72147;44.0;21.8
47;2021-06-04;1968;2114;147300;74261;44.6;22.5
47;2021-06-05;1638;1475;148938;75736;45.1;22.9
47;2021-06-06;212;70;149150;75806;45.2;22.9
47;2021-06-07;1663;2244;150813;78050;45.7;23.6
47;2021-06-08;1630;1905;152443;79955;46.1;24.2
47;2021-06-09;1823;2127;154266;82082;46.7;24.8
47;2021-06-10;2370;1614;156636;83696;47.4;25.3
47;2021-06-11;1829;2101;158465;85797;48.0;26.0
47;2021-06-12;1352;2103;159817;87900;48.4;26.6
47;2021-06-13;4;10;159821;87910;48.4;26.6
47;2021-06-14;1282;2449;161103;90359;48.8;27.4
47;2021-06-15;1464;2036;162567;92395;49.2;28.0
47;2021-06-16;1207;2187;163774;94582;49.6;28.6
47;2021-06-17;1656;1524;165430;96106;50.1;29.1
47;2021-06-18;1440;2497;166870;98603;50.5;29.8
47;2021-06-19;1538;2456;168408;101059;51.0;30.6
47;2021-06-20;4;33;168412;101092;51.0;30.6
47;2021-06-21;1137;2514;169549;103606;51.3;31.4
47;2021-06-22;758;2503;170307;106109;51.6;32.1
47;2021-06-23;998;2015;171305;108124;51.9;32.7
47;2021-06-24;1210;1935;172515;110059;52.2;33.3
47;2021-06-25;1005;2607;173520;112666;52.5;34.1
47;2021-06-26;988;2789;174508;115455;52.8;35.0
47;2021-06-27;16;349;174524;115804;52.8;35.1
47;2021-06-28;875;2406;175399;118210;53.1;35.8
47;2021-06-29;798;2317;176197;120527;53.3;36.5
47;2021-06-30;730;2308;176927;122835;53.6;37.2
47;2021-07-01;820;2107;177747;124942;53.8;37.8
47;2021-07-02;886;2276;178633;127218;54.1;38.5
47;2021-07-03;727;3042;179360;130260;54.3;39.4
47;2021-07-04;34;12;179394;130272;54.3;39.4
47;2021-07-05;979;2145;180373;132417;54.6;40.1
47;2021-07-06;1007;1959;181380;134376;54.9;40.7
47;2021-07-07;1298;2063;182678;136439;55.3;41.3
47;2021-07-08;1144;2191;183822;138630;55.6;42.0
47;2021-07-09;1050;2408;184872;141038;56.0;42.7
47;2021-07-10;954;2130;185826;143168;56.3;43.3
47;2021-07-11;1;6;185827;143174;56.3;43.3
47;2021-07-12;557;2581;186384;145755;56.4;44.1
47;2021-07-13;1094;2592;187478;148347;56.8;44.9
47;2021-07-14;1163;1577;188641;149924;57.1;45.4
47;2021-07-15;1717;3139;190358;153063;57.6;46.3
47;2021-07-16;1718;2678;192076;155741;58.1;47.1
47;2021-07-17;1196;2459;193272;158200;58.5;47.9
47;2021-07-18;36;188;193308;158388;58.5;47.9
47;2021-07-19;1114;2564;194422;160952;58.9;48.7
47;2021-07-20;1614;2341;196036;163293;59.3;49.4
47;2021-07-21;2176;2243;198212;165536;60.0;50.1
47;2021-07-22;2153;2298;200365;167834;60.7;50.8
47;2021-07-23;2106;2250;202471;170084;61.3;51.5
47;2021-07-24;1108;1911;203579;171995;61.6;52.1
47;2021-07-25;12;1;203591;171996;61.6;52.1
47;2021-07-26;1229;1940;204820;173936;62.0;52.7
47;2021-07-27;2091;1635;206911;175571;62.6;53.1
47;2021-07-28;1868;1594;208779;177165;63.2;53.6
47;2021-07-29;2302;1600;211081;178765;63.9;54.1
47;2021-07-30;1856;1623;212937;180388;64.5;54.6
47;2021-07-31;1478;1665;214415;182053;64.9;55.1
47;2021-08-01;17;8;214432;182061;64.9;55.1
47;2021-08-02;2021;1219;216453;183280;65.5;55.5
47;2021-08-03;2139;1103;218592;184383;66.2;55.8
47;2021-08-04;2168;1516;220760;185899;66.8;56.3
47;2021-08-05;2396;1439;223156;187338;67.6;56.7
47;2021-08-06;1996;1836;225152;189174;68.2;57.3
47;2021-08-07;1601;1411;226753;190585;68.6;57.7
47;2021-08-08;24;22;226777;190607;68.7;57.7
47;2021-08-09;1871;1210;228648;191817;69.2;58.1
47;2021-08-10;1902;1287;230550;193104;69.8;58.5
47;2021-08-11;1797;1398;232347;194502;70.3;58.9
47;2021-08-12;2043;1340;234390;195842;71.0;59.3
47;2021-08-13;1409;1659;235799;197501;71.4;59.8
47;2021-08-14;1337;1442;237136;198943;71.8;60.2
47;2021-08-15;8;18;237144;198961;71.8;60.2
47;2021-08-16;1430;1446;238574;200407;72.2;60.7
48;2020-12-27;0;0;0;0;0.0;0.0
48;2020-12-28;0;0;0;0;0.0;0.0
48;2020-12-29;0;0;0;0;0.0;0.0
48;2020-12-30;0;0;0;0;0.0;0.0
48;2020-12-31;0;0;0;0;0.0;0.0
48;2021-01-01;0;0;0;0;0.0;0.0
48;2021-01-02;0;0;0;0;0.0;0.0
48;2021-01-03;0;0;0;0;0.0;0.0
48;2021-01-04;0;0;0;0;0.0;0.0
48;2021-01-05;0;0;0;0;0.0;0.0
48;2021-01-06;0;0;0;0;0.0;0.0
48;2021-01-07;55;0;55;0;0.1;0.0
48;2021-01-08;87;0;142;0;0.2;0.0
48;2021-01-09;1;0;143;0;0.2;0.0
48;2021-01-10;0;0;143;0;0.2;0.0
48;2021-01-11;13;0;156;0;0.2;0.0
48;2021-01-12;19;1;175;1;0.2;0.0
48;2021-01-13;104;0;279;1;0.4;0.0
48;2021-01-14;90;1;369;2;0.5;0.0
48;2021-01-15;63;0;432;2;0.6;0.0
48;2021-01-16;0;0;432;2;0.6;0.0
48;2021-01-17;0;0;432;2;0.6;0.0
48;2021-01-18;117;0;549;2;0.7;0.0
48;2021-01-19;345;0;894;2;1.2;0.0
48;2021-01-20;364;0;1258;2;1.6;0.0
48;2021-01-21;465;0;1723;2;2.3;0.0
48;2021-01-22;269;0;1992;2;2.6;0.0
48;2021-01-23;36;0;2028;2;2.7;0.0
48;2021-01-24;0;0;2028;2;2.7;0.0
48;2021-01-25;109;2;2137;4;2.8;0.0
48;2021-01-26;261;0;2398;4;3.1;0.0
48;2021-01-27;257;2;2655;6;3.5;0.0
48;2021-01-28;270;10;2925;16;3.8;0.0
48;2021-01-29;175;60;3100;76;4.1;0.1
48;2021-01-30;1;7;3101;83;4.1;0.1
48;2021-01-31;0;6;3101;89;4.1;0.1
48;2021-02-01;98;47;3199;136;4.2;0.2
48;2021-02-02;191;36;3390;172;4.4;0.2
48;2021-02-03;177;82;3567;254;4.7;0.3
48;2021-02-04;234;14;3801;268;5.0;0.4
48;2021-02-05;144;36;3945;304;5.2;0.4
48;2021-02-06;34;0;3979;304;5.2;0.4
48;2021-02-07;0;0;3979;304;5.2;0.4
48;2021-02-08;50;61;4029;365;5.3;0.5
48;2021-02-09;66;167;4095;532;5.4;0.7
48;2021-02-10;65;303;4160;835;5.5;1.1
48;2021-02-11;165;407;4325;1242;5.7;1.6
48;2021-02-12;120;155;4445;1397;5.8;1.8
48;2021-02-13;8;55;4453;1452;5.8;1.9
48;2021-02-14;0;0;4453;1452;5.8;1.9
48;2021-02-15;51;106;4504;1558;5.9;2.0
48;2021-02-16;43;173;4547;1731;6.0;2.3
48;2021-02-17;35;284;4582;2015;6.0;2.6
48;2021-02-18;252;106;4834;2121;6.3;2.8
48;2021-02-19;60;183;4894;2304;6.4;3.0
48;2021-02-20;0;1;4894;2305;6.4;3.0
48;2021-02-21;0;14;4894;2319;6.4;3.0
48;2021-02-22;24;129;4918;2448;6.4;3.2
48;2021-02-23;74;222;4992;2670;6.5;3.5
48;2021-02-24;66;265;5058;2935;6.6;3.8
48;2021-02-25;148;263;5206;3198;6.8;4.2
48;2021-02-26;51;229;5257;3427;6.9;4.5
48;2021-02-27;28;1;5285;3428;6.9;4.5
48;2021-02-28;3;14;5288;3442;6.9;4.5
48;2021-03-01;102;96;5390;3538;7.1;4.6
48;2021-03-02;199;87;5589;3625;7.3;4.8
48;2021-03-03;155;110;5744;3735;7.5;4.9
48;2021-03-04;194;183;5938;3918;7.8;5.1
48;2021-03-05;136;141;6074;4059;8.0;5.3
48;2021-03-06;180;53;6254;4112;8.2;5.4
48;2021-03-07;75;1;6329;4113;8.3;5.4
48;2021-03-08;352;122;6681;4235;8.8;5.6
48;2021-03-09;377;87;7058;4322;9.3;5.7
48;2021-03-10;263;61;7321;4383;9.6;5.7
48;2021-03-11;334;90;7655;4473;10.0;5.9
48;2021-03-12;255;154;7910;4627;10.4;6.1
48;2021-03-13;301;5;8211;4632;10.8;6.1
48;2021-03-14;8;0;8219;4632;10.8;6.1
48;2021-03-15;174;63;8393;4695;11.0;6.2
48;2021-03-16;166;65;8559;4760;11.2;6.2
48;2021-03-17;156;110;8715;4870;11.4;6.4
48;2021-03-18;190;104;8905;4974;11.7;6.5
48;2021-03-19;116;96;9021;5070;11.8;6.6
48;2021-03-20;101;0;9122;5070;12.0;6.6
48;2021-03-21;0;0;9122;5070;12.0;6.6
48;2021-03-22;160;22;9282;5092;12.2;6.7
48;2021-03-23;329;103;9611;5195;12.6;6.8
48;2021-03-24;284;99;9895;5294;13.0;6.9
48;2021-03-25;757;116;10652;5410;14.0;7.1
48;2021-03-26;269;60;10921;5470;14.3;7.2
48;2021-03-27;104;1;11025;5471;14.5;7.2
48;2021-03-28;79;19;11104;5490;14.6;7.2
48;2021-03-29;304;80;11408;5570;15.0;7.3
48;2021-03-30;362;130;11770;5700;15.4;7.5
48;2021-03-31;448;86;12218;5786;16.0;7.6
48;2021-04-01;729;70;12947;5856;17.0;7.7
48;2021-04-02;487;126;13434;5982;17.6;7.8
48;2021-04-03;140;83;13574;6065;17.8;8.0
48;2021-04-04;0;0;13574;6065;17.8;8.0
48;2021-04-05;43;1;13617;6066;17.8;8.0
48;2021-04-06;465;159;14082;6225;18.5;8.2
48;2021-04-07;465;140;14547;6365;19.1;8.3
48;2021-04-08;620;187;15167;6552;19.9;8.6
48;2021-04-09;446;120;15613;6672;20.5;8.7
48;2021-04-10;95;60;15708;6732;20.6;8.8
48;2021-04-11;2;0;15710;6732;20.6;8.8
48;2021-04-12;364;70;16074;6802;21.1;8.9
48;2021-04-13;361;93;16435;6895;21.5;9.0
48;2021-04-14;624;186;17059;7081;22.4;9.3
48;2021-04-15;699;356;17758;7437;23.3;9.7
48;2021-04-16;538;226;18296;7663;24.0;10.0
48;2021-04-17;89;71;18385;7734;24.1;10.1
48;2021-04-18;0;0;18385;7734;24.1;10.1
48;2021-04-19;197;106;18582;7840;24.4;10.3
48;2021-04-20;216;181;18798;8021;24.6;10.5
48;2021-04-21;284;206;19082;8227;25.0;10.8
48;2021-04-22;307;479;19389;8706;25.4;11.4
48;2021-04-23;255;241;19644;8947;25.8;11.7
48;2021-04-24;97;93;19741;9040;25.9;11.9
48;2021-04-25;1;9;19742;9049;25.9;11.9
48;2021-04-26;87;209;19829;9258;26.0;12.1
48;2021-04-27;172;292;20001;9550;26.2;12.5
48;2021-04-28;149;414;20150;9964;26.4;13.1
48;2021-04-29;204;490;20354;10454;26.7;13.7
48;2021-04-30;172;226;20526;10680;26.9;14.0
48;2021-05-01;0;0;20526;10680;26.9;14.0
48;2021-05-02;0;0;20526;10680;26.9;14.0
48;2021-05-03;106;386;20632;11066;27.0;14.5
48;2021-05-04;227;421;20859;11487;27.3;15.1
48;2021-05-05;84;485;20943;11972;27.5;15.7
48;2021-05-06;742;638;21685;12610;28.4;16.5
48;2021-05-07;96;504;21781;13114;28.6;17.2
48;2021-05-08;309;43;22090;13157;29.0;17.2
48;2021-05-09;285;9;22375;13166;29.3;17.3
48;2021-05-10;55;325;22430;13491;29.4;17.7
48;2021-05-11;221;292;22651;13783;29.7;18.1
48;2021-05-12;249;312;22900;14095;30.0;18.5
48;2021-05-13;472;157;23372;14252;30.6;18.7
48;2021-05-14;244;221;23616;14473;31.0;19.0
48;2021-05-15;84;47;23700;14520;31.1;19.0
48;2021-05-16;1;8;23701;14528;31.1;19.0
48;2021-05-17;474;267;24175;14795;31.7;19.4
48;2021-05-18;264;228;24439;15023;32.0;19.7
48;2021-05-19;207;278;24646;15301;32.3;20.1
48;2021-05-20;320;256;24966;15557;32.7;20.4
48;2021-05-21;172;267;25138;15824;33.0;20.7
48;2021-05-22;25;50;25163;15874;33.0;20.8
48;2021-05-23;0;6;25163;15880;33.0;20.8
48;2021-05-24;0;14;25163;15894;33.0;20.8
48;2021-05-25;180;265;25343;16159;33.2;21.2
48;2021-05-26;416;298;25759;16457;33.8;21.6
48;2021-05-27;1176;376;26935;16833;35.3;22.1
48;2021-05-28;315;345;27250;17178;35.7;22.5
48;2021-05-29;79;50;27329;17228;35.8;22.6
48;2021-05-30;0;1;27329;17229;35.8;22.6
48;2021-05-31;625;263;27954;17492;36.6;22.9
48;2021-06-01;272;305;28226;17797;37.0;23.3
48;2021-06-02;407;424;28633;18221;37.5;23.9
48;2021-06-03;628;429;29261;18650;38.4;24.4
48;2021-06-04;291;281;29552;18931;38.7;24.8
48;2021-06-05;121;77;29673;19008;38.9;24.9
48;2021-06-06;1;1;29674;19009;38.9;24.9
48;2021-06-07;440;161;30114;19170;39.5;25.1
48;2021-06-08;614;307;30728;19477;40.3;25.5
48;2021-06-09;379;189;31107;19666;40.8;25.8
48;2021-06-10;1002;239;32109;19905;42.1;26.1
48;2021-06-11;372;159;32481;20064;42.6;26.3
48;2021-06-12;74;56;32555;20120;42.7;26.4
48;2021-06-13;0;2;32555;20122;42.7;26.4
48;2021-06-14;124;115;32679;20237;42.8;26.5
48;2021-06-15;407;385;33086;20622;43.4;27.0
48;2021-06-16;259;143;33345;20765;43.7;27.2
48;2021-06-17;486;575;33831;21340;44.3;28.0
48;2021-06-18;254;314;34085;21654;44.7;28.4
48;2021-06-19;35;291;34120;21945;44.7;28.8
48;2021-06-20;123;224;34243;22169;44.9;29.1
48;2021-06-21;125;132;34368;22301;45.1;29.2
48;2021-06-22;258;333;34626;22634;45.4;29.7
48;2021-06-23;111;546;34737;23180;45.5;30.4
48;2021-06-24;364;608;35101;23788;46.0;31.2
48;2021-06-25;153;276;35254;24064;46.2;31.5
48;2021-06-26;15;45;35269;24109;46.2;31.6
48;2021-06-27;1;1;35270;24110;46.2;31.6
48;2021-06-28;81;177;35351;24287;46.3;31.8
48;2021-06-29;297;413;35648;24700;46.7;32.4
48;2021-06-30;96;465;35744;25165;46.9;33.0
48;2021-07-01;194;665;35938;25830;47.1;33.9
48;2021-07-02;148;369;36086;26199;47.3;34.3
48;2021-07-03;41;89;36127;26288;47.4;34.5
48;2021-07-04;7;0;36134;26288;47.4;34.5
48;2021-07-05;40;115;36174;26403;47.4;34.6
48;2021-07-06;278;597;36452;27000;47.8;35.4
48;2021-07-07;200;485;36652;27485;48.0;36.0
48;2021-07-08;224;1191;36876;28676;48.3;37.6
48;2021-07-09;156;552;37032;29228;48.5;38.3
48;2021-07-10;95;148;37127;29376;48.7;38.5
48;2021-07-11;0;4;37127;29380;48.7;38.5
48;2021-07-12;140;673;37267;30053;48.9;39.4
48;2021-07-13;212;431;37479;30484;49.1;40.0
48;2021-07-14;178;144;37657;30628;49.4;40.1
48;2021-07-15;187;459;37844;31087;49.6;40.8
48;2021-07-16;234;314;38078;31401;49.9;41.2
48;2021-07-17;128;117;38206;31518;50.1;41.3
48;2021-07-18;4;5;38210;31523;50.1;41.3
48;2021-07-19;105;304;38315;31827;50.2;41.7
48;2021-07-20;640;993;38955;32820;51.1;43.0
48;2021-07-21;68;371;39023;33191;51.2;43.5
48;2021-07-22;779;1121;39802;34312;52.2;45.0
48;2021-07-23;364;436;40166;34748;52.7;45.5
48;2021-07-24;505;169;40671;34917;53.3;45.8
48;2021-07-25;137;46;40808;34963;53.5;45.8
48;2021-07-26;100;198;40908;35161;53.6;46.1
48;2021-07-27;1191;642;42099;35803;55.2;46.9
48;2021-07-28;176;316;42275;36119;55.4;47.3
48;2021-07-29;704;639;42979;36758;56.3;48.2
48;2021-07-30;200;294;43179;37052;56.6;48.6
48;2021-07-31;336;179;43515;37231;57.0;48.8
48;2021-08-01;18;55;43533;37286;57.1;48.9
48;2021-08-02;225;160;43758;37446;57.4;49.1
48;2021-08-03;894;566;44652;38012;58.5;49.8
48;2021-08-04;325;219;44977;38231;59.0;50.1
48;2021-08-05;672;466;45649;38697;59.8;50.7
48;2021-08-06;435;273;46084;38970;60.4;51.1
48;2021-08-07;249;123;46333;39093;60.7;51.2
48;2021-08-08;1;5;46334;39098;60.7;51.3
48;2021-08-09;170;140;46504;39238;61.0;51.4
48;2021-08-10;723;552;47227;39790;61.9;52.2
48;2021-08-11;296;235;47523;40025;62.3;52.5
48;2021-08-12;417;408;47940;40433;62.8;53.0
48;2021-08-13;218;207;48158;40640;63.1;53.3
48;2021-08-14;134;163;48292;40803;63.3;53.5
48;2021-08-15;131;80;48423;40883;63.5;53.6
48;2021-08-16;117;187;48540;41070;63.6;53.8
49;2020-12-27;0;0;0;0;0.0;0.0
49;2020-12-28;2;0;2;0;0.0;0.0
49;2020-12-29;0;0;2;0;0.0;0.0
49;2020-12-30;0;0;2;0;0.0;0.0
49;2020-12-31;0;0;2;0;0.0;0.0
49;2021-01-01;2;0;4;0;0.0;0.0
49;2021-01-02;1;1;5;1;0.0;0.0
49;2021-01-03;0;0;5;1;0.0;0.0
49;2021-01-04;9;0;14;1;0.0;0.0
49;2021-01-05;92;0;106;1;0.0;0.0
49;2021-01-06;232;0;338;1;0.0;0.0
49;2021-01-07;366;0;704;1;0.1;0.0
49;2021-01-08;329;1;1033;2;0.1;0.0
49;2021-01-09;118;0;1151;2;0.1;0.0
49;2021-01-10;114;0;1265;2;0.2;0.0
49;2021-01-11;287;0;1552;2;0.2;0.0
49;2021-01-12;622;0;2174;2;0.3;0.0
49;2021-01-13;602;2;2776;4;0.3;0.0
49;2021-01-14;590;6;3366;10;0.4;0.0
49;2021-01-15;775;1;4141;11;0.5;0.0
49;2021-01-16;147;0;4288;11;0.5;0.0
49;2021-01-17;111;2;4399;13;0.5;0.0
49;2021-01-18;691;0;5090;13;0.6;0.0
49;2021-01-19;1204;1;6294;14;0.8;0.0
49;2021-01-20;1510;3;7804;17;1.0;0.0
49;2021-01-21;1939;4;9743;21;1.2;0.0
49;2021-01-22;1317;5;11060;26;1.4;0.0
49;2021-01-23;263;1;11323;27;1.4;0.0
49;2021-01-24;0;0;11323;27;1.4;0.0
49;2021-01-25;552;5;11875;32;1.5;0.0
49;2021-01-26;987;75;12862;107;1.6;0.0
49;2021-01-27;1852;37;14714;144;1.8;0.0
49;2021-01-28;2876;88;17590;232;2.2;0.0
49;2021-01-29;1589;93;19179;325;2.4;0.0
49;2021-01-30;300;47;19479;372;2.4;0.0
49;2021-01-31;62;51;19541;423;2.4;0.1
49;2021-02-01;661;165;20202;588;2.5;0.1
49;2021-02-02;743;386;20945;974;2.6;0.1
49;2021-02-03;675;379;21620;1353;2.6;0.2
49;2021-02-04;758;445;22378;1798;2.7;0.2
49;2021-02-05;706;597;23084;2395;2.8;0.3
49;2021-02-06;229;111;23313;2506;2.9;0.3
49;2021-02-07;59;84;23372;2590;2.9;0.3
49;2021-02-08;549;480;23921;3070;2.9;0.4
49;2021-02-09;713;647;24634;3717;3.0;0.5
49;2021-02-10;806;953;25440;4670;3.1;0.6
49;2021-02-11;1005;1409;26445;6079;3.2;0.7
49;2021-02-12;870;978;27315;7057;3.3;0.9
49;2021-02-13;266;118;27581;7175;3.4;0.9
49;2021-02-14;9;106;27590;7281;3.4;0.9
49;2021-02-15;731;665;28321;7946;3.5;1.0
49;2021-02-16;1106;1125;29427;9071;3.6;1.1
49;2021-02-17;1159;1872;30586;10943;3.7;1.3
49;2021-02-18;1812;2439;32398;13382;4.0;1.6
49;2021-02-19;1395;1110;33793;14492;4.1;1.8
49;2021-02-20;233;385;34026;14877;4.2;1.8
49;2021-02-21;0;64;34026;14941;4.2;1.8
49;2021-02-22;646;576;34672;15517;4.2;1.9
49;2021-02-23;735;860;35407;16377;4.3;2.0
49;2021-02-24;822;644;36229;17021;4.4;2.1
49;2021-02-25;1208;813;37437;17834;4.6;2.2
49;2021-02-26;1672;848;39109;18682;4.8;2.3
49;2021-02-27;435;282;39544;18964;4.8;2.3
49;2021-02-28;49;38;39593;19002;4.9;2.3
49;2021-03-01;766;585;40359;19587;4.9;2.4
49;2021-03-02;1083;701;41442;20288;5.1;2.5
49;2021-03-03;1559;674;43001;20962;5.3;2.6
49;2021-03-04;1767;936;44768;21898;5.5;2.7
49;2021-03-05;2213;695;46981;22593;5.8;2.8
49;2021-03-06;716;188;47697;22781;5.8;2.8
49;2021-03-07;627;12;48324;22793;5.9;2.8
49;2021-03-08;1396;716;49720;23509;6.1;2.9
49;2021-03-09;2051;740;51771;24249;6.3;3.0
49;2021-03-10;2528;863;54299;25112;6.7;3.1
49;2021-03-11;3194;1467;57493;26579;7.0;3.3
49;2021-03-12;3766;1003;61259;27582;7.5;3.4
49;2021-03-13;1501;220;62760;27802;7.7;3.4
49;2021-03-14;6;0;62766;27802;7.7;3.4
49;2021-03-15;2084;537;64850;28339;7.9;3.5
49;2021-03-16;1732;961;66582;29300;8.2;3.6
49;2021-03-17;1811;670;68393;29970;8.4;3.7
49;2021-03-18;2202;731;70595;30701;8.7;3.8
49;2021-03-19;3331;561;73926;31262;9.1;3.8
49;2021-03-20;1743;206;75669;31468;9.3;3.9
49;2021-03-21;499;23;76168;31491;9.3;3.9
49;2021-03-22;2247;547;78415;32038;9.6;3.9
49;2021-03-23;3403;679;81818;32717;10.0;4.0
49;2021-03-24;3602;498;85420;33215;10.5;4.1
49;2021-03-25;4226;649;89646;33864;11.0;4.2
49;2021-03-26;4883;503;94529;34367;11.6;4.2
49;2021-03-27;1674;98;96203;34465;11.8;4.2
49;2021-03-28;400;30;96603;34495;11.8;4.2
49;2021-03-29;2372;609;98975;35104;12.1;4.3
49;2021-03-30;3268;939;102243;36043;12.5;4.4
49;2021-03-31;2979;748;105222;36791;12.9;4.5
49;2021-04-01;4121;869;109343;37660;13.4;4.6
49;2021-04-02;4295;945;113638;38605;13.9;4.7
49;2021-04-03;971;195;114609;38800;14.0;4.8
49;2021-04-04;314;3;114923;38803;14.1;4.8
49;2021-04-05;942;21;115865;38824;14.2;4.8
49;2021-04-06;2331;1323;118196;40147;14.5;4.9
49;2021-04-07;3308;1362;121504;41509;14.9;5.1
49;2021-04-08;5181;1407;126685;42916;15.5;5.3
49;2021-04-09;6207;1427;132892;44343;16.3;5.4
49;2021-04-10;2068;497;134960;44840;16.5;5.5
49;2021-04-11;390;7;135350;44847;16.6;5.5
49;2021-04-12;4073;1569;139423;46416;17.1;5.7
49;2021-04-13;5379;1911;144802;48327;17.7;5.9
49;2021-04-14;4542;1870;149344;50197;18.3;6.2
49;2021-04-15;5379;1884;154723;52081;19.0;6.4
49;2021-04-16;5758;2135;160481;54216;19.7;6.6
49;2021-04-17;3336;849;163817;55065;20.1;6.7
49;2021-04-18;381;477;164198;55542;20.1;6.8
49;2021-04-19;3710;2054;167908;57596;20.6;7.1
49;2021-04-20;4374;2107;172282;59703;21.1;7.3
49;2021-04-21;3954;2206;176236;61909;21.6;7.6
49;2021-04-22;4834;2101;181070;64010;22.2;7.8
49;2021-04-23;4812;2327;185882;66337;22.8;8.1
49;2021-04-24;2937;1155;188819;67492;23.1;8.3
49;2021-04-25;40;282;188859;67774;23.1;8.3
49;2021-04-26;3739;2113;192598;69887;23.6;8.6
49;2021-04-27;4472;2506;197070;72393;24.2;8.9
49;2021-04-28;4617;2492;201687;74885;24.7;9.2
49;2021-04-29;5206;3018;206893;77903;25.4;9.5
49;2021-04-30;5556;3201;212449;81104;26.0;9.9
49;2021-05-01;2363;666;214812;81770;26.3;10.0
49;2021-05-02;5;40;214817;81810;26.3;10.0
49;2021-05-03;5012;2407;219829;84217;26.9;10.3
49;2021-05-04;4971;3043;224800;87260;27.6;10.7
49;2021-05-05;4786;3001;229586;90261;28.1;11.1
49;2021-05-06;5329;3078;234915;93339;28.8;11.4
49;2021-05-07;4278;5030;239193;98369;29.3;12.1
49;2021-05-08;3576;436;242769;98805;29.8;12.1
49;2021-05-09;10;41;242779;98846;29.8;12.1
49;2021-05-10;4830;4275;247609;103121;30.3;12.6
49;2021-05-11;5397;5086;253006;108207;31.0;13.3
49;2021-05-12;4802;4595;257808;112802;31.6;13.8
49;2021-05-13;4779;689;262587;113491;32.2;13.9
49;2021-05-14;5173;3271;267760;116762;32.8;14.3
49;2021-05-15;4157;1807;271917;118569;33.3;14.5
49;2021-05-16;2788;119;274705;118688;33.7;14.5
49;2021-05-17;4833;3694;279538;122382;34.3;15.0
49;2021-05-18;5472;3771;285010;126153;34.9;15.5
49;2021-05-19;5917;3231;290927;129384;35.7;15.9
49;2021-05-20;6793;2964;297720;132348;36.5;16.2
49;2021-05-21;6453;3741;304173;136089;37.3;16.7
49;2021-05-22;5186;1193;309359;137282;37.9;16.8
49;2021-05-23;1;12;309360;137294;37.9;16.8
49;2021-05-24;4218;447;313578;137741;38.4;16.9
49;2021-05-25;6330;3305;319908;141046;39.2;17.3
49;2021-05-26;6272;2668;326180;143714;40.0;17.6
49;2021-05-27;7109;2723;333289;146437;40.9;17.9
49;2021-05-28;6875;4020;340164;150457;41.7;18.4
49;2021-05-29;5024;1897;345188;152354;42.3;18.7
49;2021-05-30;20;13;345208;152367;42.3;18.7
49;2021-05-31;6039;3223;351247;155590;43.1;19.1
49;2021-06-01;6587;3987;357834;159577;43.9;19.6
49;2021-06-02;5793;3745;363627;163322;44.6;20.0
49;2021-06-03;6604;3424;370231;166746;45.4;20.4
49;2021-06-04;6469;4863;376700;171609;46.2;21.0
49;2021-06-05;4386;2696;381086;174305;46.7;21.4
49;2021-06-06;35;52;381121;174357;46.7;21.4
49;2021-06-07;4632;4762;385753;179119;47.3;22.0
49;2021-06-08;5185;5102;390938;184221;47.9;22.6
49;2021-06-09;5320;4503;396258;188724;48.6;23.1
49;2021-06-10;5998;3782;402256;192506;49.3;23.6
49;2021-06-11;4851;6035;407107;198541;49.9;24.3
49;2021-06-12;4102;3203;411209;201744;50.4;24.7
49;2021-06-13;19;989;411228;202733;50.4;24.8
49;2021-06-14;3408;6017;414636;208750;50.8;25.6
49;2021-06-15;4243;6400;418879;215150;51.3;26.4
49;2021-06-16;4148;5680;423027;220830;51.8;27.1
49;2021-06-17;5068;5077;428095;225907;52.5;27.7
49;2021-06-18;4130;6886;432225;232793;53.0;28.5
49;2021-06-19;3525;3974;435750;236767;53.4;29.0
49;2021-06-20;30;23;435780;236790;53.4;29.0
49;2021-06-21;2827;6511;438607;243301;53.8;29.8
49;2021-06-22;3201;7006;441808;250307;54.2;30.7
49;2021-06-23;3253;6318;445061;256625;54.5;31.5
49;2021-06-24;4311;4978;449372;261603;55.1;32.1
49;2021-06-25;3318;7450;452690;269053;55.5;33.0
49;2021-06-26;2569;4627;455259;273680;55.8;33.5
49;2021-06-27;15;1544;455274;275224;55.8;33.7
49;2021-06-28;2232;7187;457506;282411;56.1;34.6
49;2021-06-29;3024;7273;460530;289684;56.4;35.5
49;2021-06-30;2821;6803;463351;296487;56.8;36.3
49;2021-07-01;3083;6271;466434;302758;57.2;37.1
49;2021-07-02;2898;8070;469332;310828;57.5;38.1
49;2021-07-03;1995;5485;471327;316313;57.8;38.8
49;2021-07-04;7;53;471334;316366;57.8;38.8
49;2021-07-05;1628;7078;472962;323444;58.0;39.6
49;2021-07-06;1885;7556;474847;331000;58.2;40.6
49;2021-07-07;2054;6629;476901;337629;58.5;41.4
49;2021-07-08;2548;6355;479449;343984;58.8;42.2
49;2021-07-09;2300;8251;481749;352235;59.0;43.2
49;2021-07-10;1783;5341;483532;357576;59.3;43.8
49;2021-07-11;11;35;483543;357611;59.3;43.8
49;2021-07-12;1925;7717;485468;365328;59.5;44.8
49;2021-07-13;2562;8310;488030;373638;59.8;45.8
49;2021-07-14;2882;3374;490912;377012;60.2;46.2
49;2021-07-15;3122;7554;494034;384566;60.6;47.1
49;2021-07-16;3312;8300;497346;392866;61.0;48.2
49;2021-07-17;2075;5487;499421;398353;61.2;48.8
49;2021-07-18;3743;577;503164;398930;61.7;48.9
49;2021-07-19;2566;7451;505730;406381;62.0;49.8
49;2021-07-20;3354;7483;509084;413864;62.4;50.7
49;2021-07-21;4149;6464;513233;420328;62.9;51.5
49;2021-07-22;4649;5854;517882;426182;63.5;52.2
49;2021-07-23;4918;6626;522800;432808;64.1;53.0
49;2021-07-24;3596;5000;526396;437808;64.5;53.7
49;2021-07-25;37;32;526433;437840;64.5;53.7
49;2021-07-26;4177;5898;530610;443738;65.0;54.4
49;2021-07-27;5546;5447;536156;449185;65.7;55.1
49;2021-07-28;5928;4356;542084;453541;66.4;55.6
49;2021-07-29;6547;4143;548631;457684;67.2;56.1
49;2021-07-30;6023;4788;554654;462472;68.0;56.7
49;2021-07-31;3938;3413;558592;465885;68.5;57.1
49;2021-08-01;18;22;558610;465907;68.5;57.1
49;2021-08-02;4249;4645;562859;470552;69.0;57.7
49;2021-08-03;5422;3801;568281;474353;69.7;58.1
49;2021-08-04;5202;3704;573483;478057;70.3;58.6
49;2021-08-05;5225;3289;578708;481346;70.9;59.0
49;2021-08-06;5683;4270;584391;485616;71.6;59.5
49;2021-08-07;3903;3036;588294;488652;72.1;59.9
49;2021-08-08;23;36;588317;488688;72.1;59.9
49;2021-08-09;3429;4665;591746;493353;72.5;60.5
49;2021-08-10;4170;3886;595916;497239;73.0;60.9
49;2021-08-11;3914;3635;599830;500874;73.5;61.4
49;2021-08-12;2624;3040;602454;503914;73.8;61.8
49;2021-08-13;3796;4241;606250;508155;74.3;62.3
49;2021-08-14;2266;3143;608516;511298;74.6;62.7
49;2021-08-15;29;26;608545;511324;74.6;62.7
49;2021-08-16;2714;5051;611259;516375;74.9;63.3
50;2020-12-27;0;0;0;0;0.0;0.0
50;2020-12-28;0;0;0;0;0.0;0.0
50;2020-12-29;1;0;1;0;0.0;0.0
50;2020-12-30;0;0;1;0;0.0;0.0
50;2020-12-31;0;0;1;0;0.0;0.0
50;2021-01-01;0;0;1;0;0.0;0.0
50;2021-01-02;0;0;1;0;0.0;0.0
50;2021-01-03;0;0;1;0;0.0;0.0
50;2021-01-04;1;0;2;0;0.0;0.0
50;2021-01-05;0;0;2;0;0.0;0.0
50;2021-01-06;126;0;128;0;0.0;0.0
50;2021-01-07;321;0;449;0;0.1;0.0
50;2021-01-08;436;2;885;2;0.2;0.0
50;2021-01-09;236;0;1121;2;0.2;0.0
50;2021-01-10;23;0;1144;2;0.2;0.0
50;2021-01-11;391;1;1535;3;0.3;0.0
50;2021-01-12;600;0;2135;3;0.4;0.0
50;2021-01-13;694;4;2829;7;0.6;0.0
50;2021-01-14;1046;5;3875;12;0.8;0.0
50;2021-01-15;709;2;4584;14;0.9;0.0
50;2021-01-16;214;3;4798;17;1.0;0.0
50;2021-01-17;1;0;4799;17;1.0;0.0
50;2021-01-18;619;1;5418;18;1.1;0.0
50;2021-01-19;894;2;6312;20;1.3;0.0
50;2021-01-20;965;1;7277;21;1.5;0.0
50;2021-01-21;917;4;8194;25;1.7;0.0
50;2021-01-22;713;2;8907;27;1.8;0.0
50;2021-01-23;667;4;9574;31;2.0;0.0
50;2021-01-24;880;2;10454;33;2.1;0.0
50;2021-01-25;2708;10;13162;43;2.7;0.0
50;2021-01-26;1335;14;14497;57;3.0;0.0
50;2021-01-27;766;56;15263;113;3.1;0.0
50;2021-01-28;718;170;15981;283;3.3;0.1
50;2021-01-29;581;306;16562;589;3.4;0.1
50;2021-01-30;381;165;16943;754;3.5;0.2
50;2021-01-31;0;0;16943;754;3.5;0.2
50;2021-02-01;449;225;17392;979;3.5;0.2
50;2021-02-02;416;236;17808;1215;3.6;0.2
50;2021-02-03;390;378;18198;1593;3.7;0.3
50;2021-02-04;485;452;18683;2045;3.8;0.4
50;2021-02-05;422;450;19105;2495;3.9;0.5
50;2021-02-06;179;114;19284;2609;3.9;0.5
50;2021-02-07;0;0;19284;2609;3.9;0.5
50;2021-02-08;255;509;19539;3118;4.0;0.6
50;2021-02-09;246;642;19785;3760;4.0;0.8
50;2021-02-10;570;558;20355;4318;4.1;0.9
50;2021-02-11;438;915;20793;5233;4.2;1.1
50;2021-02-12;329;672;21122;5905;4.3;1.2
50;2021-02-13;306;489;21428;6394;4.4;1.3
50;2021-02-14;185;826;21613;7220;4.4;1.5
50;2021-02-15;663;2025;22276;9245;4.5;1.9
50;2021-02-16;745;1623;23021;10868;4.7;2.2
50;2021-02-17;632;828;23653;11696;4.8;2.4
50;2021-02-18;569;810;24222;12506;4.9;2.5
50;2021-02-19;630;523;24852;13029;5.1;2.7
50;2021-02-20;423;193;25275;13222;5.2;2.7
50;2021-02-21;85;29;25360;13251;5.2;2.7
50;2021-02-22;291;726;25651;13977;5.2;2.8
50;2021-02-23;502;565;26153;14542;5.3;3.0
50;2021-02-24;624;571;26777;15113;5.5;3.1
50;2021-02-25;778;591;27555;15704;5.6;3.2
50;2021-02-26;999;399;28554;16103;5.8;3.3
50;2021-02-27;887;114;29441;16217;6.0;3.3
50;2021-02-28;111;0;29552;16217;6.0;3.3
50;2021-03-01;489;559;30041;16776;6.1;3.4
50;2021-03-02;651;521;30692;17297;6.3;3.5
50;2021-03-03;797;457;31489;17754;6.4;3.6
50;2021-03-04;1248;342;32737;18096;6.7;3.7
50;2021-03-05;1552;352;34289;18448;7.0;3.8
50;2021-03-06;1319;159;35608;18607;7.3;3.8
50;2021-03-07;550;43;36158;18650;7.4;3.8
50;2021-03-08;1024;624;37182;19274;7.6;3.9
50;2021-03-09;1555;579;38737;19853;7.9;4.0
50;2021-03-10;1606;322;40343;20175;8.2;4.1
50;2021-03-11;2352;357;42695;20532;8.7;4.2
50;2021-03-12;2866;247;45561;20779;9.3;4.2
50;2021-03-13;1992;138;47553;20917;9.7;4.3
50;2021-03-14;279;41;47832;20958;9.7;4.3
50;2021-03-15;1377;298;49209;21256;10.0;4.3
50;2021-03-16;1340;283;50549;21539;10.3;4.4
50;2021-03-17;1295;412;51844;21951;10.6;4.5
50;2021-03-18;1161;428;53005;22379;10.8;4.6
50;2021-03-19;1731;591;54736;22970;11.2;4.7
50;2021-03-20;1685;228;56421;23198;11.5;4.7
50;2021-03-21;794;10;57215;23208;11.7;4.7
50;2021-03-22;1507;336;58722;23544;12.0;4.8
50;2021-03-23;2073;397;60795;23941;12.4;4.9
50;2021-03-24;2279;557;63074;24498;12.9;5.0
50;2021-03-25;2811;470;65885;24968;13.4;5.1
50;2021-03-26;3205;469;69090;25437;14.1;5.2
50;2021-03-27;1823;374;70913;25811;14.5;5.3
50;2021-03-28;403;18;71316;25829;14.5;5.3
50;2021-03-29;2138;720;73454;26549;15.0;5.4
50;2021-03-30;2283;649;75737;27198;15.4;5.5
50;2021-03-31;2478;571;78215;27769;15.9;5.7
50;2021-04-01;3104;865;81319;28634;16.6;5.8
50;2021-04-02;2961;945;84280;29579;17.2;6.0
50;2021-04-03;1245;690;85525;30269;17.4;6.2
50;2021-04-04;321;136;85846;30405;17.5;6.2
50;2021-04-05;400;27;86246;30432;17.6;6.2
50;2021-04-06;2128;1226;88374;31658;18.0;6.5
50;2021-04-07;2560;1185;90934;32843;18.5;6.7
50;2021-04-08;3598;1225;94532;34068;19.3;6.9
50;2021-04-09;3936;1302;98468;35370;20.1;7.2
50;2021-04-10;2535;882;101003;36252;20.6;7.4
50;2021-04-11;411;147;101414;36399;20.7;7.4
50;2021-04-12;2438;1382;103852;37781;21.2;7.7
50;2021-04-13;2678;1539;106530;39320;21.7;8.0
50;2021-04-14;2608;1352;109138;40672;22.2;8.3
50;2021-04-15;3160;1117;112298;41789;22.9;8.5
50;2021-04-16;3365;1103;115663;42892;23.6;8.7
50;2021-04-17;2400;1184;118063;44076;24.1;9.0
50;2021-04-18;425;664;118488;44740;24.1;9.1
50;2021-04-19;2000;1475;120488;46215;24.6;9.4
50;2021-04-20;2277;1592;122765;47807;25.0;9.7
50;2021-04-21;2551;1760;125316;49567;25.5;10.1
50;2021-04-22;3079;1826;128395;51393;26.2;10.5
50;2021-04-23;2757;1919;131152;53312;26.7;10.9
50;2021-04-24;1898;1436;133050;54748;27.1;11.2
50;2021-04-25;470;274;133520;55022;27.2;11.2
50;2021-04-26;2119;1888;135639;56910;27.6;11.6
50;2021-04-27;2412;1999;138051;58909;28.1;12.0
50;2021-04-28;2707;1975;140758;60884;28.7;12.4
50;2021-04-29;3285;2041;144043;62925;29.4;12.8
50;2021-04-30;3000;1930;147043;64855;30.0;13.2
50;2021-05-01;1015;593;148058;65448;30.2;13.3
50;2021-05-02;523;448;148581;65896;30.3;13.4
50;2021-05-03;1769;1806;150350;67702;30.6;13.8
50;2021-05-04;1772;2328;152122;70030;31.0;14.3
50;2021-05-05;1662;2956;153784;72986;31.3;14.9
50;2021-05-06;2530;2584;156314;75570;31.9;15.4
50;2021-05-07;2150;2861;158464;78431;32.3;16.0
50;2021-05-08;1169;790;159633;79221;32.5;16.1
50;2021-05-09;624;361;160257;79582;32.7;16.2
50;2021-05-10;1705;2605;161962;82187;33.0;16.7
50;2021-05-11;2544;2848;164506;85035;33.5;17.3
50;2021-05-12;3180;2439;167686;87474;34.2;17.8
50;2021-05-13;3382;610;171068;88084;34.9;18.0
50;2021-05-14;3572;2279;174640;90363;35.6;18.4
50;2021-05-15;4001;1873;178641;92236;36.4;18.8
50;2021-05-16;947;266;179588;92502;36.6;18.9
50;2021-05-17;2139;1879;181727;94381;37.0;19.2
50;2021-05-18;2522;1620;184249;96001;37.6;19.6
50;2021-05-19;2503;1443;186752;97444;38.1;19.9
50;2021-05-20;3262;1624;190014;99068;38.7;20.2
50;2021-05-21;3158;1914;193172;100982;39.4;20.6
50;2021-05-22;2651;1329;195823;102311;39.9;20.9
50;2021-05-23;603;284;196426;102595;40.0;20.9
50;2021-05-24;1527;490;197953;103085;40.3;21.0
50;2021-05-25;2450;1674;200403;104759;40.8;21.4
50;2021-05-26;3000;1452;203403;106211;41.5;21.6
50;2021-05-27;3032;1974;206435;108185;42.1;22.0
50;2021-05-28;2945;2122;209380;110307;42.7;22.5
50;2021-05-29;2760;1404;212140;111711;43.2;22.8
50;2021-05-30;812;323;212952;112034;43.4;22.8
50;2021-05-31;2652;1819;215604;113853;43.9;23.2
50;2021-06-01;3332;2065;218936;115918;44.6;23.6
50;2021-06-02;3258;1787;222194;117705;45.3;24.0
50;2021-06-03;3915;2063;226109;119768;46.1;24.4
50;2021-06-04;3823;2883;229932;122651;46.9;25.0
50;2021-06-05;2960;1847;232892;124498;47.5;25.4
50;2021-06-06;813;443;233705;124941;47.6;25.5
50;2021-06-07;3513;2084;237218;127025;48.3;25.9
50;2021-06-08;4072;2224;241290;129249;49.2;26.3
50;2021-06-09;4254;1990;245544;131239;50.0;26.7
50;2021-06-10;4196;2118;249740;133357;50.9;27.2
50;2021-06-11;4226;2713;253966;136070;51.8;27.7
50;2021-06-12;3736;1608;257702;137678;52.5;28.1
50;2021-06-13;1143;451;258845;138129;52.8;28.2
50;2021-06-14;2691;2965;261536;141094;53.3;28.8
50;2021-06-15;3020;2601;264556;143695;53.9;29.3
50;2021-06-16;3098;1975;267654;145670;54.5;29.7
50;2021-06-17;2795;2485;270449;148155;55.1;30.2
50;2021-06-18;3241;3049;273690;151204;55.8;30.8
50;2021-06-19;3178;1924;276868;153128;56.4;31.2
50;2021-06-20;731;710;277599;153838;56.6;31.4
50;2021-06-21;1820;3133;279419;156971;56.9;32.0
50;2021-06-22;2063;3393;281482;160364;57.4;32.7
50;2021-06-23;1870;3874;283352;164238;57.7;33.5
50;2021-06-24;1712;4011;285064;168249;58.1;34.3
50;2021-06-25;2135;4008;287199;172257;58.5;35.1
50;2021-06-26;2142;3698;289341;175955;59.0;35.9
50;2021-06-27;614;894;289955;176849;59.1;36.0
50;2021-06-28;1926;3349;291881;180198;59.5;36.7
50;2021-06-29;1881;3405;293762;183603;59.9;37.4
50;2021-06-30;2177;3406;295939;187009;60.3;38.1
50;2021-07-01;1945;3283;297884;190292;60.7;38.8
50;2021-07-02;1897;3929;299781;194221;61.1;39.6
50;2021-07-03;1446;3446;301227;197667;61.4;40.3
50;2021-07-04;445;1067;301672;198734;61.5;40.5
50;2021-07-05;1263;3410;302935;202144;61.7;41.2
50;2021-07-06;1573;3890;304508;206034;62.1;42.0
50;2021-07-07;1796;3620;306304;209654;62.4;42.7
50;2021-07-08;1377;4106;307681;213760;62.7;43.6
50;2021-07-09;1392;4573;309073;218333;63.0;44.5
50;2021-07-10;1023;3603;310096;221936;63.2;45.2
50;2021-07-11;371;1019;310467;222955;63.3;45.4
50;2021-07-12;1315;4630;311782;227585;63.5;46.4
50;2021-07-13;1626;4864;313408;232449;63.9;47.4
50;2021-07-14;1474;2356;314882;234805;64.2;47.9
50;2021-07-15;1681;5054;316563;239859;64.5;48.9
50;2021-07-16;2986;5241;319549;245100;65.1;50.0
50;2021-07-17;2140;3730;321689;248830;65.6;50.7
50;2021-07-18;402;1094;322091;249924;65.6;50.9
50;2021-07-19;1568;5182;323659;255106;66.0;52.0
50;2021-07-20;1924;5419;325583;260525;66.4;53.1
50;2021-07-21;1789;5270;327372;265795;66.7;54.2
50;2021-07-22;1930;5005;329302;270800;67.1;55.2
50;2021-07-23;2060;5389;331362;276189;67.5;56.3
50;2021-07-24;1306;3841;332668;280030;67.8;57.1
50;2021-07-25;268;1039;332936;281069;67.9;57.3
50;2021-07-26;2279;3495;335215;284564;68.3;58.0
50;2021-07-27;2881;3353;338096;287917;68.9;58.7
50;2021-07-28;2967;3694;341063;291611;69.5;59.4
50;2021-07-29;3543;3235;344606;294846;70.2;60.1
50;2021-07-30;3048;3013;347654;297859;70.9;60.7
50;2021-07-31;2380;2669;350034;300528;71.3;61.2
50;2021-08-01;480;684;350514;301212;71.4;61.4
50;2021-08-02;2445;2747;352959;303959;71.9;61.9
50;2021-08-03;3376;2464;356335;306423;72.6;62.5
50;2021-08-04;3576;2325;359911;308748;73.4;62.9
50;2021-08-05;3149;2153;363060;310901;74.0;63.4
50;2021-08-06;3613;2802;366673;313703;74.7;63.9
50;2021-08-07;2431;2161;369104;315864;75.2;64.4
50;2021-08-08;510;714;369614;316578;75.3;64.5
50;2021-08-09;2475;2128;372089;318706;75.8;65.0
50;2021-08-10;2932;1985;375021;320691;76.4;65.4
50;2021-08-11;2816;2012;377837;322703;77.0;65.8
50;2021-08-12;2562;2438;380399;325141;77.5;66.3
50;2021-08-13;2441;1974;382840;327115;78.0;66.7
50;2021-08-14;1804;1745;384644;328860;78.4;67.0
50;2021-08-15;399;334;385043;329194;78.5;67.1
50;2021-08-16;1677;2226;386720;331420;78.8;67.5
51;2020-12-27;0;0;0;0;0.0;0.0
51;2020-12-28;0;0;0;0;0.0;0.0
51;2020-12-29;0;0;0;0;0.0;0.0
51;2020-12-30;0;0;0;0;0.0;0.0
51;2020-12-31;1;0;1;0;0.0;0.0
51;2021-01-01;0;0;1;0;0.0;0.0
51;2021-01-02;0;0;1;0;0.0;0.0
51;2021-01-03;0;0;1;0;0.0;0.0
51;2021-01-04;1;0;2;0;0.0;0.0
51;2021-01-05;1;0;3;0;0.0;0.0
51;2021-01-06;6;0;9;0;0.0;0.0
51;2021-01-07;262;1;271;1;0.0;0.0
51;2021-01-08;507;1;778;2;0.1;0.0
51;2021-01-09;91;0;869;2;0.2;0.0
51;2021-01-10;0;0;869;2;0.2;0.0
51;2021-01-11;545;2;1414;4;0.3;0.0
51;2021-01-12;1538;4;2952;8;0.5;0.0
51;2021-01-13;1289;5;4241;13;0.8;0.0
51;2021-01-14;1472;6;5713;19;1.0;0.0
51;2021-01-15;606;3;6319;22;1.1;0.0
51;2021-01-16;177;1;6496;23;1.2;0.0
51;2021-01-17;102;0;6598;23;1.2;0.0
51;2021-01-18;843;3;7441;26;1.3;0.0
51;2021-01-19;998;4;8439;30;1.5;0.0
51;2021-01-20;943;9;9382;39;1.7;0.0
51;2021-01-21;790;3;10172;42;1.8;0.0
51;2021-01-22;391;2;10563;44;1.9;0.0
51;2021-01-23;294;0;10857;44;1.9;0.0
51;2021-01-24;130;1;10987;45;1.9;0.0
51;2021-01-25;712;3;11699;48;2.1;0.0
51;2021-01-26;779;5;12478;53;2.2;0.0
51;2021-01-27;656;4;13134;57;2.3;0.0
51;2021-01-28;646;70;13780;127;2.4;0.0
51;2021-01-29;473;142;14253;269;2.5;0.0
51;2021-01-30;126;5;14379;274;2.6;0.0
51;2021-01-31;83;0;14462;274;2.6;0.0
51;2021-02-01;275;58;14737;332;2.6;0.1
51;2021-02-02;738;722;15475;1054;2.7;0.2
51;2021-02-03;642;470;16117;1524;2.9;0.3
51;2021-02-04;968;822;17085;2346;3.0;0.4
51;2021-02-05;972;515;18057;2861;3.2;0.5
51;2021-02-06;30;149;18087;3010;3.2;0.5
51;2021-02-07;0;18;18087;3028;3.2;0.5
51;2021-02-08;115;413;18202;3441;3.2;0.6
51;2021-02-09;222;471;18424;3912;3.3;0.7
51;2021-02-10;219;641;18643;4553;3.3;0.8
51;2021-02-11;299;529;18942;5082;3.4;0.9
51;2021-02-12;341;565;19283;5647;3.4;1.0
51;2021-02-13;8;116;19291;5763;3.4;1.0
51;2021-02-14;8;171;19299;5934;3.4;1.1
51;2021-02-15;266;853;19565;6787;3.5;1.2
51;2021-02-16;400;972;19965;7759;3.5;1.4
51;2021-02-17;367;879;20332;8638;3.6;1.5
51;2021-02-18;436;594;20768;9232;3.7;1.6
51;2021-02-19;530;423;21298;9655;3.8;1.7
51;2021-02-20;205;296;21503;9951;3.8;1.8
51;2021-02-21;10;101;21513;10052;3.8;1.8
51;2021-02-22;195;689;21708;10741;3.9;1.9
51;2021-02-23;262;1098;21970;11839;3.9;2.1
51;2021-02-24;413;694;22383;12533;4.0;2.2
51;2021-02-25;1050;888;23433;13421;4.2;2.4
51;2021-02-26;1226;665;24659;14086;4.4;2.5
51;2021-02-27;590;124;25249;14210;4.5;2.5
51;2021-02-28;7;71;25256;14281;4.5;2.5
51;2021-03-01;766;311;26022;14592;4.6;2.6
51;2021-03-02;1127;451;27149;15043;4.8;2.7
51;2021-03-03;1193;464;28342;15507;5.0;2.8
51;2021-03-04;1060;703;29402;16210;5.2;2.9
51;2021-03-05;1559;674;30961;16884;5.5;3.0
51;2021-03-06;1433;58;32394;16942;5.7;3.0
51;2021-03-07;250;5;32644;16947;5.8;3.0
51;2021-03-08;992;98;33636;17045;6.0;3.0
51;2021-03-09;1664;189;35300;17234;6.3;3.1
51;2021-03-10;1994;104;37294;17338;6.6;3.1
51;2021-03-11;2370;167;39664;17505;7.0;3.1
51;2021-03-12;3249;156;42913;17661;7.6;3.1
51;2021-03-13;2550;49;45463;17710;8.1;3.1
51;2021-03-14;190;5;45653;17715;8.1;3.1
51;2021-03-15;1577;148;47230;17863;8.4;3.2
51;2021-03-16;1479;183;48709;18046;8.6;3.2
51;2021-03-17;1497;207;50206;18253;8.9;3.2
51;2021-03-18;1614;284;51820;18537;9.2;3.3
51;2021-03-19;2310;302;54130;18839;9.6;3.3
51;2021-03-20;1661;214;55791;19053;9.9;3.4
51;2021-03-21;133;2;55924;19055;9.9;3.4
51;2021-03-22;1417;121;57341;19176;10.2;3.4
51;2021-03-23;2467;165;59808;19341;10.6;3.4
51;2021-03-24;2842;131;62650;19472;11.1;3.5
51;2021-03-25;3254;335;65904;19807;11.7;3.5
51;2021-03-26;3412;505;69316;20312;12.3;3.6
51;2021-03-27;1843;251;71159;20563;12.6;3.6
51;2021-03-28;213;3;71372;20566;12.7;3.6
51;2021-03-29;991;643;72363;21209;12.8;3.8
51;2021-03-30;1749;858;74112;22067;13.1;3.9
51;2021-03-31;1737;759;75849;22826;13.5;4.0
51;2021-04-01;2281;448;78130;23274;13.9;4.1
51;2021-04-02;2425;641;80555;23915;14.3;4.2
51;2021-04-03;1304;410;81859;24325;14.5;4.3
51;2021-04-04;106;2;81965;24327;14.5;4.3
51;2021-04-05;72;141;82037;24468;14.6;4.3
51;2021-04-06;764;1234;82801;25702;14.7;4.6
51;2021-04-07;1312;1413;84113;27115;14.9;4.8
51;2021-04-08;2206;1771;86319;28886;15.3;5.1
51;2021-04-09;2863;1731;89182;30617;15.8;5.4
51;2021-04-10;2216;498;91398;31115;16.2;5.5
51;2021-04-11;105;85;91503;31200;16.2;5.5
51;2021-04-12;1449;1344;92952;32544;16.5;5.8
51;2021-04-13;1936;1684;94888;34228;16.8;6.1
51;2021-04-14;2459;1554;97347;35782;17.3;6.3
51;2021-04-15;2855;1670;100202;37452;17.8;6.6
51;2021-04-16;3214;1601;103416;39053;18.3;6.9
51;2021-04-17;1965;775;105381;39828;18.7;7.1
51;2021-04-18;296;113;105677;39941;18.7;7.1
51;2021-04-19;1561;1162;107238;41103;19.0;7.3
51;2021-04-20;1793;1666;109031;42769;19.3;7.6
51;2021-04-21;2005;1741;111036;44510;19.7;7.9
51;2021-04-22;2385;1651;113421;46161;20.1;8.2
51;2021-04-23;2981;1827;116402;47988;20.6;8.5
51;2021-04-24;1750;953;118152;48941;21.0;8.7
51;2021-04-25;123;162;118275;49103;21.0;8.7
51;2021-04-26;1849;759;120124;49862;21.3;8.8
51;2021-04-27;2442;1232;122566;51094;21.7;9.1
51;2021-04-28;2552;1308;125118;52402;22.2;9.3
51;2021-04-29;2674;1459;127792;53861;22.7;9.6
51;2021-04-30;2975;1677;130767;55538;23.2;9.9
51;2021-05-01;1454;413;132221;55951;23.5;9.9
51;2021-05-02;107;99;132328;56050;23.5;9.9
51;2021-05-03;2485;764;134813;56814;23.9;10.1
51;2021-05-04;2788;1350;137601;58164;24.4;10.3
51;2021-05-05;2859;1636;140460;59800;24.9;10.6
51;2021-05-06;5344;1947;145804;61747;25.9;11.0
51;2021-05-07;3705;1936;149509;63683;26.5;11.3
51;2021-05-08;2861;820;152370;64503;27.0;11.4
51;2021-05-09;211;92;152581;64595;27.1;11.5
51;2021-05-10;3215;1864;155796;66459;27.6;11.8
51;2021-05-11;3629;2041;159425;68500;28.3;12.1
51;2021-05-12;4184;2241;163609;70741;29.0;12.5
51;2021-05-13;1776;502;165385;71243;29.3;12.6
51;2021-05-14;5403;1749;170788;72992;30.3;12.9
51;2021-05-15;4227;1355;175015;74347;31.0;13.2
51;2021-05-16;284;46;175299;74393;31.1;13.2
51;2021-05-17;3131;1527;178430;75920;31.6;13.5
51;2021-05-18;3917;1771;182347;77691;32.3;13.8
51;2021-05-19;4030;1733;186377;79424;33.1;14.1
51;2021-05-20;4649;1968;191026;81392;33.9;14.4
51;2021-05-21;3595;2482;194621;83874;34.5;14.9
51;2021-05-22;2076;1547;196697;85421;34.9;15.2
51;2021-05-23;308;210;197005;85631;34.9;15.2
51;2021-05-24;2019;720;199024;86351;35.3;15.3
51;2021-05-25;3130;1829;202154;88180;35.9;15.6
51;2021-05-26;3297;1712;205451;89892;36.4;15.9
51;2021-05-27;3268;2063;208719;91955;37.0;16.3
51;2021-05-28;3604;2827;212323;94782;37.7;16.8
51;2021-05-29;2402;1998;214725;96780;38.1;17.2
51;2021-05-30;401;133;215126;96913;38.2;17.2
51;2021-05-31;3351;1785;218477;98698;38.7;17.5
51;2021-06-01;3855;2335;222332;101033;39.4;17.9
51;2021-06-02;6098;2328;228430;103361;40.5;18.3
51;2021-06-03;3581;2430;232011;105791;41.1;18.8
51;2021-06-04;6346;2947;238357;108738;42.3;19.3
51;2021-06-05;2598;1819;240955;110557;42.7;19.6
51;2021-06-06;172;157;241127;110714;42.8;19.6
51;2021-06-07;4302;2167;245429;112881;43.5;20.0
51;2021-06-08;3925;2535;249354;115416;44.2;20.5
51;2021-06-09;4019;2751;253373;118167;44.9;21.0
51;2021-06-10;3204;2485;256577;120652;45.5;21.4
51;2021-06-11;3357;3429;259934;124081;46.1;22.0
51;2021-06-12;2165;2172;262099;126253;46.5;22.4
51;2021-06-13;191;148;262290;126401;46.5;22.4
51;2021-06-14;1628;3336;263918;129737;46.8;23.0
51;2021-06-15;3189;3577;267107;133314;47.4;23.6
51;2021-06-16;2208;3685;269315;136999;47.8;24.3
51;2021-06-17;2609;5405;271924;142404;48.2;25.3
51;2021-06-18;2357;5211;274281;147615;48.6;26.2
51;2021-06-19;1683;4427;275964;152042;48.9;27.0
51;2021-06-20;184;228;276148;152270;49.0;27.0
51;2021-06-21;1230;4440;277378;156710;49.2;27.8
51;2021-06-22;1557;4043;278935;160753;49.5;28.5
51;2021-06-23;3666;4237;282601;164990;50.1;29.3
51;2021-06-24;2246;3228;284847;168218;50.5;29.8
51;2021-06-25;1907;6524;286754;174742;50.9;31.0
51;2021-06-26;1203;5070;287957;179812;51.1;31.9
51;2021-06-27;103;336;288060;180148;51.1;32.0
51;2021-06-28;1400;4412;289460;184560;51.3;32.7
51;2021-06-29;1172;4464;290632;189024;51.5;33.5
51;2021-06-30;1686;6043;292318;195067;51.8;34.6
51;2021-07-01;1976;3768;294294;198835;52.2;35.3
51;2021-07-02;1835;6889;296129;205724;52.5;36.5
51;2021-07-03;1003;3199;297132;208923;52.7;37.1
51;2021-07-04;171;254;297303;209177;52.7;37.1
51;2021-07-05;765;5528;298068;214705;52.9;38.1
51;2021-07-06;1247;4782;299315;219487;53.1;38.9
51;2021-07-07;1612;4938;300927;224425;53.4;39.8
51;2021-07-08;2068;3431;302995;227856;53.7;40.4
51;2021-07-09;1853;5054;304848;232910;54.1;41.3
51;2021-07-10;1230;3209;306078;236119;54.3;41.9
51;2021-07-11;190;280;306268;236399;54.3;41.9
51;2021-07-12;994;4378;307262;240777;54.5;42.7
51;2021-07-13;1476;4772;308738;245549;54.8;43.6
51;2021-07-14;1070;1686;309808;247235;54.9;43.8
51;2021-07-15;2928;4911;312736;252146;55.5;44.7
51;2021-07-16;2358;5283;315094;257429;55.9;45.7
51;2021-07-17;1817;3488;316911;260917;56.2;46.3
51;2021-07-18;163;329;317074;261246;56.2;46.3
51;2021-07-19;1892;3978;318966;265224;56.6;47.0
51;2021-07-20;2577;5150;321543;270374;57.0;48.0
51;2021-07-21;3607;4067;325150;274441;57.7;48.7
51;2021-07-22;4397;3760;329547;278201;58.4;49.3
51;2021-07-23;3631;4384;333178;282585;59.1;50.1
51;2021-07-24;2078;2723;335256;285308;59.5;50.6
51;2021-07-25;350;258;335606;285566;59.5;50.6
51;2021-07-26;3105;2810;338711;288376;60.1;51.1
51;2021-07-27;5810;3265;344521;291641;61.1;51.7
51;2021-07-28;4119;4316;348640;295957;61.8;52.5
51;2021-07-29;4673;2717;353313;298674;62.7;53.0
51;2021-07-30;3600;3152;356913;301826;63.3;53.5
51;2021-07-31;2510;2128;359423;303954;63.7;53.9
51;2021-08-01;373;235;359796;304189;63.8;54.0
51;2021-08-02;3265;2310;363061;306499;64.4;54.4
51;2021-08-03;3762;1911;366823;308410;65.1;54.7
51;2021-08-04;4435;2117;371258;310527;65.8;55.1
51;2021-08-05;2630;1533;373888;312060;66.3;55.3
51;2021-08-06;3032;2544;376920;314604;66.9;55.8
51;2021-08-07;2154;1690;379074;316294;67.2;56.1
51;2021-08-08;364;207;379438;316501;67.3;56.1
51;2021-08-09;2501;1843;381939;318344;67.7;56.5
51;2021-08-10;2359;1976;384298;320320;68.2;56.8
51;2021-08-11;2903;2319;387201;322639;68.7;57.2
51;2021-08-12;1733;1941;388934;324580;69.0;57.6
51;2021-08-13;2020;2659;390954;327239;69.3;58.0
51;2021-08-14;1577;2028;392531;329267;69.6;58.4
51;2021-08-15;146;145;392677;329412;69.6;58.4
51;2021-08-16;1346;3011;394023;332423;69.9;59.0
52;2020-12-27;0;0;0;0;0.0;0.0
52;2020-12-28;0;0;0;0;0.0;0.0
52;2020-12-29;0;0;0;0;0.0;0.0
52;2020-12-30;0;0;0;0;0.0;0.0
52;2020-12-31;0;0;0;0;0.0;0.0
52;2021-01-01;0;0;0;0;0.0;0.0
52;2021-01-02;0;0;0;0;0.0;0.0
52;2021-01-03;0;0;0;0;0.0;0.0
52;2021-01-04;0;0;0;0;0.0;0.0
52;2021-01-05;0;0;0;0;0.0;0.0
52;2021-01-06;2;0;2;0;0.0;0.0
52;2021-01-07;0;0;2;0;0.0;0.0
52;2021-01-08;201;1;203;1;0.1;0.0
52;2021-01-09;93;0;296;1;0.2;0.0
52;2021-01-10;0;0;296;1;0.2;0.0
52;2021-01-11;207;0;503;1;0.3;0.0
52;2021-01-12;171;0;674;1;0.4;0.0
52;2021-01-13;562;2;1236;3;0.7;0.0
52;2021-01-14;677;9;1913;12;1.1;0.0
52;2021-01-15;411;1;2324;13;1.4;0.0
52;2021-01-16;16;1;2340;14;1.4;0.0
52;2021-01-17;0;0;2340;14;1.4;0.0
52;2021-01-18;427;0;2767;14;1.6;0.0
52;2021-01-19;439;0;3206;14;1.9;0.0
52;2021-01-20;420;0;3626;14;2.1;0.0
52;2021-01-21;424;1;4050;15;2.4;0.0
52;2021-01-22;321;2;4371;17;2.6;0.0
52;2021-01-23;72;1;4443;18;2.6;0.0
52;2021-01-24;0;0;4443;18;2.6;0.0
52;2021-01-25;235;0;4678;18;2.8;0.0
52;2021-01-26;306;0;4984;18;2.9;0.0
52;2021-01-27;237;1;5221;19;3.1;0.0
52;2021-01-28;174;4;5395;23;3.2;0.0
52;2021-01-29;74;124;5469;147;3.2;0.1
52;2021-01-30;91;95;5560;242;3.3;0.1
52;2021-01-31;0;0;5560;242;3.3;0.1
52;2021-02-01;117;191;5677;433;3.4;0.3
52;2021-02-02;61;177;5738;610;3.4;0.4
52;2021-02-03;90;416;5828;1026;3.4;0.6
52;2021-02-04;231;595;6059;1621;3.6;1.0
52;2021-02-05;113;505;6172;2126;3.6;1.3
52;2021-02-06;22;0;6194;2126;3.7;1.3
52;2021-02-07;0;1;6194;2127;3.7;1.3
52;2021-02-08;34;207;6228;2334;3.7;1.4
52;2021-02-09;47;216;6275;2550;3.7;1.5
52;2021-02-10;88;191;6363;2741;3.8;1.6
52;2021-02-11;129;147;6492;2888;3.8;1.7
52;2021-02-12;188;130;6680;3018;3.9;1.8
52;2021-02-13;5;1;6685;3019;3.9;1.8
52;2021-02-14;0;16;6685;3035;3.9;1.8
52;2021-02-15;79;277;6764;3312;4.0;2.0
52;2021-02-16;50;357;6814;3669;4.0;2.2
52;2021-02-17;37;315;6851;3984;4.0;2.4
52;2021-02-18;82;281;6933;4265;4.1;2.5
52;2021-02-19;51;193;6984;4458;4.1;2.6
52;2021-02-20;14;111;6998;4569;4.1;2.7
52;2021-02-21;0;0;6998;4569;4.1;2.7
52;2021-02-22;42;384;7040;4953;4.2;2.9
52;2021-02-23;56;278;7096;5231;4.2;3.1
52;2021-02-24;82;247;7178;5478;4.2;3.2
52;2021-02-25;161;236;7339;5714;4.3;3.4
52;2021-02-26;296;182;7635;5896;4.5;3.5
52;2021-02-27;149;49;7784;5945;4.6;3.5
52;2021-02-28;0;0;7784;5945;4.6;3.5
52;2021-03-01;163;14;7947;5959;4.7;3.5
52;2021-03-02;198;50;8145;6009;4.8;3.6
52;2021-03-03;356;35;8501;6044;5.0;3.6
52;2021-03-04;378;58;8879;6102;5.2;3.6
52;2021-03-05;531;52;9410;6154;5.6;3.6
52;2021-03-06;409;35;9819;6189;5.8;3.7
52;2021-03-07;0;0;9819;6189;5.8;3.7
52;2021-03-08;398;111;10217;6300;6.0;3.7
52;2021-03-09;550;106;10767;6406;6.4;3.8
52;2021-03-10;308;109;11075;6515;6.5;3.8
52;2021-03-11;586;35;11661;6550;6.9;3.9
52;2021-03-12;583;67;12244;6617;7.2;3.9
52;2021-03-13;492;8;12736;6625;7.5;3.9
52;2021-03-14;15;3;12751;6628;7.5;3.9
52;2021-03-15;316;27;13067;6655;7.7;3.9
52;2021-03-16;203;15;13270;6670;7.8;3.9
52;2021-03-17;364;13;13634;6683;8.1;3.9
52;2021-03-18;442;9;14076;6692;8.3;4.0
52;2021-03-19;452;54;14528;6746;8.6;4.0
52;2021-03-20;259;11;14787;6757;8.7;4.0
52;2021-03-21;15;1;14802;6758;8.7;4.0
52;2021-03-22;375;49;15177;6807;9.0;4.0
52;2021-03-23;685;89;15862;6896;9.4;4.1
52;2021-03-24;771;70;16633;6966;9.8;4.1
52;2021-03-25;1141;86;17774;7052;10.5;4.2
52;2021-03-26;1036;138;18810;7190;11.1;4.2
52;2021-03-27;476;75;19286;7265;11.4;4.3
52;2021-03-28;53;0;19339;7265;11.4;4.3
52;2021-03-29;506;184;19845;7449;11.7;4.4
52;2021-03-30;870;294;20715;7743;12.2;4.6
52;2021-03-31;956;291;21671;8034;12.8;4.7
52;2021-04-01;1146;181;22817;8215;13.5;4.9
52;2021-04-02;958;103;23775;8318;14.0;4.9
52;2021-04-03;460;3;24235;8321;14.3;4.9
52;2021-04-04;1;1;24236;8322;14.3;4.9
52;2021-04-05;1;0;24237;8322;14.3;4.9
52;2021-04-06;432;295;24669;8617;14.6;5.1
52;2021-04-07;503;450;25172;9067;14.9;5.4
52;2021-04-08;860;210;26032;9277;15.4;5.5
52;2021-04-09;1059;127;27091;9404;16.0;5.6
52;2021-04-10;852;102;27943;9506;16.5;5.6
52;2021-04-11;96;1;28039;9507;16.6;5.6
52;2021-04-12;933;275;28972;9782;17.1;5.8
52;2021-04-13;1249;378;30221;10160;17.9;6.0
52;2021-04-14;1345;456;31566;10616;18.7;6.3
52;2021-04-15;1508;435;33074;11051;19.5;6.5
52;2021-04-16;1573;364;34647;11415;20.5;6.7
52;2021-04-17;1309;131;35956;11546;21.2;6.8
52;2021-04-18;510;29;36466;11575;21.5;6.8
52;2021-04-19;697;611;37163;12186;22.0;7.2
52;2021-04-20;1081;673;38244;12859;22.6;7.6
52;2021-04-21;1060;676;39304;13535;23.2;8.0
52;2021-04-22;1468;733;40772;14268;24.1;8.4
52;2021-04-23;1253;666;42025;14934;24.8;8.8
52;2021-04-24;477;293;42502;15227;25.1;9.0
52;2021-04-25;3;77;42505;15304;25.1;9.0
52;2021-04-26;631;561;43136;15865;25.5;9.4
52;2021-04-27;932;670;44068;16535;26.0;9.8
52;2021-04-28;1441;561;45509;17096;26.9;10.1
52;2021-04-29;1451;579;46960;17675;27.7;10.4
52;2021-04-30;1315;609;48275;18284;28.5;10.8
52;2021-05-01;8;232;48283;18516;28.5;10.9
52;2021-05-02;0;1;48283;18517;28.5;10.9
52;2021-05-03;1159;628;49442;19145;29.2;11.3
52;2021-05-04;1445;720;50887;19865;30.1;11.7
52;2021-05-05;1768;647;52655;20512;31.1;12.1
52;2021-05-06;1962;532;54617;21044;32.3;12.4
52;2021-05-07;1442;1173;56059;22217;33.1;13.1
52;2021-05-08;588;317;56647;22534;33.5;13.3
52;2021-05-09;1;47;56648;22581;33.5;13.3
52;2021-05-10;791;1101;57439;23682;33.9;14.0
52;2021-05-11;867;1397;58306;25079;34.4;14.8
52;2021-05-12;1208;1382;59514;26461;35.2;15.6
52;2021-05-13;67;184;59581;26645;35.2;15.7
52;2021-05-14;1186;1364;60767;28009;35.9;16.5
52;2021-05-15;491;929;61258;28938;36.2;17.1
52;2021-05-16;8;43;61266;28981;36.2;17.1
52;2021-05-17;1144;705;62410;29686;36.9;17.5
52;2021-05-18;1217;675;63627;30361;37.6;17.9
52;2021-05-19;1543;414;65170;30775;38.5;18.2
52;2021-05-20;1546;421;66716;31196;39.4;18.4
52;2021-05-21;1624;613;68340;31809;40.4;18.8
52;2021-05-22;1089;209;69429;32018;41.0;18.9
52;2021-05-23;1;0;69430;32018;41.0;18.9
52;2021-05-24;405;33;69835;32051;41.3;18.9
52;2021-05-25;1351;384;71186;32435;42.1;19.2
52;2021-05-26;1479;672;72665;33107;42.9;19.6
52;2021-05-27;1566;789;74231;33896;43.9;20.0
52;2021-05-28;1492;671;75723;34567;44.7;20.4
52;2021-05-29;696;835;76419;35402;45.2;20.9
52;2021-05-30;16;550;76435;35952;45.2;21.2
52;2021-05-31;824;830;77259;36782;45.6;21.7
52;2021-06-01;957;816;78216;37598;46.2;22.2
52;2021-06-02;895;755;79111;38353;46.7;22.7
52;2021-06-03;825;825;79936;39178;47.2;23.1
52;2021-06-04;884;1341;80820;40519;47.8;23.9
52;2021-06-05;580;638;81400;41157;48.1;24.3
52;2021-06-06;27;55;81427;41212;48.1;24.3
52;2021-06-07;359;931;81786;42143;48.3;24.9
52;2021-06-08;555;1469;82341;43612;48.7;25.8
52;2021-06-09;612;1474;82953;45086;49.0;26.6
52;2021-06-10;793;1159;83746;46245;49.5;27.3
52;2021-06-11;830;1349;84576;47594;50.0;28.1
52;2021-06-12;422;586;84998;48180;50.2;28.5
52;2021-06-13;1;6;84999;48186;50.2;28.5
52;2021-06-14;172;1413;85171;49599;50.3;29.3
52;2021-06-15;221;1810;85392;51409;50.5;30.4
52;2021-06-16;354;1995;85746;53404;50.7;31.6
52;2021-06-17;265;1156;86011;54560;50.8;32.2
52;2021-06-18;308;1553;86319;56113;51.0;33.2
52;2021-06-19;502;690;86821;56803;51.3;33.6
52;2021-06-20;0;17;86821;56820;51.3;33.6
52;2021-06-21;524;897;87345;57717;51.6;34.1
52;2021-06-22;503;1049;87848;58766;51.9;34.7
52;2021-06-23;562;1042;88410;59808;52.2;35.3
52;2021-06-24;609;718;89019;60526;52.6;35.8
52;2021-06-25;661;1313;89680;61839;53.0;36.5
52;2021-06-26;264;721;89944;62560;53.1;37.0
52;2021-06-27;1;8;89945;62568;53.1;37.0
52;2021-06-28;185;1443;90130;64011;53.3;37.8
52;2021-06-29;164;1414;90294;65425;53.3;38.7
52;2021-06-30;219;1469;90513;66894;53.5;39.5
52;2021-07-01;320;1021;90833;67915;53.7;40.1
52;2021-07-02;430;1454;91263;69369;53.9;41.0
52;2021-07-03;302;1147;91565;70516;54.1;41.7
52;2021-07-04;0;11;91565;70527;54.1;41.7
52;2021-07-05;173;1450;91738;71977;54.2;42.5
52;2021-07-06;284;1449;92022;73426;54.4;43.4
52;2021-07-07;308;1164;92330;74590;54.6;44.1
52;2021-07-08;472;1164;92802;75754;54.8;44.8
52;2021-07-09;287;1619;93089;77373;55.0;45.7
52;2021-07-10;155;822;93244;78195;55.1;46.2
52;2021-07-11;13;12;93257;78207;55.1;46.2
52;2021-07-12;283;1466;93540;79673;55.3;47.1
52;2021-07-13;590;1370;94130;81043;55.6;47.9
52;2021-07-14;436;152;94566;81195;55.9;48.0
52;2021-07-15;614;1428;95180;82623;56.2;48.8
52;2021-07-16;899;1337;96079;83960;56.8;49.6
52;2021-07-17;529;342;96608;84302;57.1;49.8
52;2021-07-18;3;12;96611;84314;57.1;49.8
52;2021-07-19;686;985;97297;85299;57.5;50.4
52;2021-07-20;1107;835;98404;86134;58.1;50.9
52;2021-07-21;1155;738;99559;86872;58.8;51.3
52;2021-07-22;1435;864;100994;87736;59.7;51.8
52;2021-07-23;1389;958;102383;88694;60.5;52.4
52;2021-07-24;872;487;103255;89181;61.0;52.7
52;2021-07-25;20;21;103275;89202;61.0;52.7
52;2021-07-26;998;613;104273;89815;61.6;53.1
52;2021-07-27;1326;654;105599;90469;62.4;53.5
52;2021-07-28;1373;640;106972;91109;63.2;53.8
52;2021-07-29;1243;619;108215;91728;63.9;54.2
52;2021-07-30;1350;708;109565;92436;64.7;54.6
52;2021-07-31;870;544;110435;92980;65.2;54.9
52;2021-08-01;5;14;110440;92994;65.3;54.9
52;2021-08-02;1171;562;111611;93556;65.9;55.3
52;2021-08-03;1348;534;112959;94090;66.7;55.6
52;2021-08-04;1139;580;114098;94670;67.4;55.9
52;2021-08-05;1012;576;115110;95246;68.0;56.3
52;2021-08-06;1050;700;116160;95946;68.6;56.7
52;2021-08-07;517;420;116677;96366;68.9;56.9
52;2021-08-08;0;6;116677;96372;68.9;56.9
52;2021-08-09;459;870;117136;97242;69.2;57.5
52;2021-08-10;708;749;117844;97991;69.6;57.9
52;2021-08-11;524;836;118368;98827;69.9;58.4
52;2021-08-12;614;748;118982;99575;70.3;58.8
52;2021-08-13;401;1025;119383;100600;70.5;59.4
52;2021-08-14;403;356;119786;100956;70.8;59.6
52;2021-08-15;8;13;119794;100969;70.8;59.7
52;2021-08-16;302;935;120096;101904;71.0;60.2
53;2020-12-27;0;0;0;0;0.0;0.0
53;2020-12-28;0;0;0;0;0.0;0.0
53;2020-12-29;0;0;0;0;0.0;0.0
53;2020-12-30;0;0;0;0;0.0;0.0
53;2020-12-31;0;0;0;0;0.0;0.0
53;2021-01-01;0;0;0;0;0.0;0.0
53;2021-01-02;0;0;0;0;0.0;0.0
53;2021-01-03;0;0;0;0;0.0;0.0
53;2021-01-04;1;0;1;0;0.0;0.0
53;2021-01-05;0;0;1;0;0.0;0.0
53;2021-01-06;0;0;1;0;0.0;0.0
53;2021-01-07;102;0;103;0;0.0;0.0
53;2021-01-08;284;1;387;1;0.1;0.0
53;2021-01-09;134;1;521;2;0.2;0.0
53;2021-01-10;15;0;536;2;0.2;0.0
53;2021-01-11;176;0;712;2;0.2;0.0
53;2021-01-12;453;1;1165;3;0.4;0.0
53;2021-01-13;253;0;1418;3;0.5;0.0
53;2021-01-14;289;7;1707;10;0.6;0.0
53;2021-01-15;343;4;2050;14;0.7;0.0
53;2021-01-16;61;0;2111;14;0.7;0.0
53;2021-01-17;24;1;2135;15;0.7;0.0
53;2021-01-18;364;0;2499;15;0.8;0.0
53;2021-01-19;594;0;3093;15;1.0;0.0
53;2021-01-20;742;0;3835;15;1.3;0.0
53;2021-01-21;769;2;4604;17;1.5;0.0
53;2021-01-22;705;2;5309;19;1.7;0.0
53;2021-01-23;160;1;5469;20;1.8;0.0
53;2021-01-24;6;0;5475;20;1.8;0.0
53;2021-01-25;550;0;6025;20;2.0;0.0
53;2021-01-26;1198;6;7223;26;2.4;0.0
53;2021-01-27;696;6;7919;32;2.6;0.0
53;2021-01-28;737;95;8656;127;2.8;0.0
53;2021-01-29;422;187;9078;314;3.0;0.1
53;2021-01-30;128;0;9206;314;3.0;0.1
53;2021-01-31;0;0;9206;314;3.0;0.1
53;2021-02-01;298;149;9504;463;3.1;0.2
53;2021-02-02;309;231;9813;694;3.2;0.2
53;2021-02-03;227;377;10040;1071;3.3;0.4
53;2021-02-04;184;332;10224;1403;3.3;0.5
53;2021-02-05;234;303;10458;1706;3.4;0.6
53;2021-02-06;153;23;10611;1729;3.5;0.6
53;2021-02-07;0;0;10611;1729;3.5;0.6
53;2021-02-08;168;107;10779;1836;3.5;0.6
53;2021-02-09;369;215;11148;2051;3.7;0.7
53;2021-02-10;266;435;11414;2486;3.7;0.8
53;2021-02-11;433;492;11847;2978;3.9;1.0
53;2021-02-12;318;575;12165;3553;4.0;1.2
53;2021-02-13;96;66;12261;3619;4.0;1.2
53;2021-02-14;0;99;12261;3718;4.0;1.2
53;2021-02-15;239;429;12500;4147;4.1;1.4
53;2021-02-16;528;843;13028;4990;4.3;1.6
53;2021-02-17;391;618;13419;5608;4.4;1.8
53;2021-02-18;546;578;13965;6186;4.6;2.0
53;2021-02-19;895;426;14860;6612;4.9;2.2
53;2021-02-20;139;113;14999;6725;4.9;2.2
53;2021-02-21;1;20;15000;6745;4.9;2.2
53;2021-02-22;161;585;15161;7330;5.0;2.4
53;2021-02-23;59;657;15220;7987;5.0;2.6
53;2021-02-24;137;517;15357;8504;5.0;2.8
53;2021-02-25;457;359;15814;8863;5.2;2.9
53;2021-02-26;439;263;16253;9126;5.3;3.0
53;2021-02-27;86;115;16339;9241;5.4;3.0
53;2021-02-28;0;0;16339;9241;5.4;3.0
53;2021-03-01;230;281;16569;9522;5.4;3.1
53;2021-03-02;246;254;16815;9776;5.5;3.2
53;2021-03-03;320;393;17135;10169;5.6;3.3
53;2021-03-04;859;338;17994;10507;5.9;3.4
53;2021-03-05;659;280;18653;10787;6.1;3.5
53;2021-03-06;445;213;19098;11000;6.3;3.6
53;2021-03-07;276;5;19374;11005;6.3;3.6
53;2021-03-08;376;181;19750;11186;6.5;3.7
53;2021-03-09;878;245;20628;11431;6.8;3.7
53;2021-03-10;807;108;21435;11539;7.0;3.8
53;2021-03-11;1247;224;22682;11763;7.4;3.9
53;2021-03-12;1603;145;24285;11908;8.0;3.9
53;2021-03-13;824;12;25109;11920;8.2;3.9
53;2021-03-14;1;0;25110;11920;8.2;3.9
53;2021-03-15;1002;298;26112;12218;8.6;4.0
53;2021-03-16;1035;327;27147;12545;8.9;4.1
53;2021-03-17;685;259;27832;12804;9.1;4.2
53;2021-03-18;972;342;28804;13146;9.4;4.3
53;2021-03-19;1343;598;30147;13744;9.9;4.5
53;2021-03-20;592;16;30739;13760;10.1;4.5
53;2021-03-21;2;0;30741;13760;10.1;4.5
53;2021-03-22;1209;157;31950;13917;10.5;4.6
53;2021-03-23;1697;66;33647;13983;11.0;4.6
53;2021-03-24;1323;116;34970;14099;11.5;4.6
53;2021-03-25;2323;230;37293;14329;12.2;4.7
53;2021-03-26;1882;150;39175;14479;12.8;4.7
53;2021-03-27;339;4;39514;14483;12.9;4.7
53;2021-03-28;2;0;39516;14483;12.9;4.7
53;2021-03-29;1474;212;40990;14695;13.4;4.8
53;2021-03-30;1944;198;42934;14893;14.1;4.9
53;2021-03-31;1791;219;44725;15112;14.6;4.9
53;2021-04-01;1946;674;46671;15786;15.3;5.2
53;2021-04-02;2075;222;48746;16008;16.0;5.2
53;2021-04-03;414;1;49160;16009;16.1;5.2
53;2021-04-04;10;0;49170;16009;16.1;5.2
53;2021-04-05;9;15;49179;16024;16.1;5.2
53;2021-04-06;1304;500;50483;16524;16.5;5.4
53;2021-04-07;1176;924;51659;17448;16.9;5.7
53;2021-04-08;1663;1006;53322;18454;17.5;6.0
53;2021-04-09;1957;402;55279;18856;18.1;6.2
53;2021-04-10;543;13;55822;18869;18.3;6.2
53;2021-04-11;12;0;55834;18869;18.3;6.2
53;2021-04-12;695;1067;56529;19936;18.5;6.5
53;2021-04-13;1470;1106;57999;21042;19.0;6.9
53;2021-04-14;1023;732;59022;21774;19.3;7.1
53;2021-04-15;1159;1108;60181;22882;19.7;7.5
53;2021-04-16;1272;815;61453;23697;20.1;7.8
53;2021-04-17;281;274;61734;23971;20.2;7.8
53;2021-04-18;0;0;61734;23971;20.2;7.8
53;2021-04-19;680;1068;62414;25039;20.4;8.2
53;2021-04-20;936;1450;63350;26489;20.7;8.7
53;2021-04-21;850;1011;64200;27500;21.0;9.0
53;2021-04-22;1046;1612;65246;29112;21.4;9.5
53;2021-04-23;1329;1055;66575;30167;21.8;9.9
53;2021-04-24;68;7;66643;30174;21.8;9.9
53;2021-04-25;6;39;66649;30213;21.8;9.9
53;2021-04-26;368;1238;67017;31451;21.9;10.3
53;2021-04-27;724;1972;67741;33423;22.2;10.9
53;2021-04-28;978;1392;68719;34815;22.5;11.4
53;2021-04-29;1051;1712;69770;36527;22.8;12.0
53;2021-04-30;1367;1311;71137;37838;23.3;12.4
53;2021-05-01;35;50;71172;37888;23.3;12.4
53;2021-05-02;0;0;71172;37888;23.3;12.4
53;2021-05-03;1570;705;72742;38593;23.8;12.6
53;2021-05-04;1305;1443;74047;40036;24.2;13.1
53;2021-05-05;1611;826;75658;40862;24.8;13.4
53;2021-05-06;1391;1396;77049;42258;25.2;13.8
53;2021-05-07;1538;1302;78587;43560;25.7;14.3
53;2021-05-08;939;36;79526;43596;26.0;14.3
53;2021-05-09;11;2;79537;43598;26.0;14.3
53;2021-05-10;2416;814;81953;44412;26.8;14.5
53;2021-05-11;3096;1287;85049;45699;27.9;15.0
53;2021-05-12;2750;1091;87799;46790;28.8;15.3
53;2021-05-13;350;28;88149;46818;28.9;15.3
53;2021-05-14;2020;677;90169;47495;29.5;15.6
53;2021-05-15;1058;62;91227;47557;29.9;15.6
53;2021-05-16;3;0;91230;47557;29.9;15.6
53;2021-05-17;1701;1197;92931;48754;30.4;16.0
53;2021-05-18;1881;1548;94812;50302;31.0;16.5
53;2021-05-19;2303;743;97115;51045;31.8;16.7
53;2021-05-20;3217;860;100332;51905;32.9;17.0
53;2021-05-21;2798;827;103130;52732;33.8;17.3
53;2021-05-22;21;60;103151;52792;33.8;17.3
53;2021-05-23;0;0;103151;52792;33.8;17.3
53;2021-05-24;8;6;103159;52798;33.8;17.3
53;2021-05-25;1818;803;104977;53601;34.4;17.6
53;2021-05-26;1852;904;106829;54505;35.0;17.8
53;2021-05-27;3072;1076;109901;55581;36.0;18.2
53;2021-05-28;2562;877;112463;56458;36.8;18.5
53;2021-05-29;844;244;113307;56702;37.1;18.6
53;2021-05-30;18;6;113325;56708;37.1;18.6
53;2021-05-31;2564;802;115889;57510;38.0;18.8
53;2021-06-01;3491;1259;119380;58769;39.1;19.2
53;2021-06-02;3183;525;122563;59294;40.1;19.4
53;2021-06-03;4197;783;126760;60077;41.5;19.7
53;2021-06-04;3180;1265;129940;61342;42.6;20.1
53;2021-06-05;137;245;130077;61587;42.6;20.2
53;2021-06-06;1;4;130078;61591;42.6;20.2
53;2021-06-07;2629;923;132707;62514;43.5;20.5
53;2021-06-08;3585;1127;136292;63641;44.6;20.8
53;2021-06-09;2453;940;138745;64581;45.4;21.1
53;2021-06-10;3521;848;142266;65429;46.6;21.4
53;2021-06-11;2966;1213;145232;66642;47.6;21.8
53;2021-06-12;108;138;145340;66780;47.6;21.9
53;2021-06-13;10;2;145350;66782;47.6;21.9
53;2021-06-14;1600;1790;146950;68572;48.1;22.5
53;2021-06-15;1898;2262;148848;70834;48.7;23.2
53;2021-06-16;1826;1731;150674;72565;49.3;23.8
53;2021-06-17;3013;1650;153687;74215;50.3;24.3
53;2021-06-18;2702;1809;156389;76024;51.2;24.9
53;2021-06-19;762;1166;157151;77190;51.5;25.3
53;2021-06-20;3;479;157154;77669;51.5;25.4
53;2021-06-21;919;2526;158073;80195;51.8;26.3
53;2021-06-22;1299;3454;159372;83649;52.2;27.4
53;2021-06-23;1362;2892;160734;86541;52.6;28.3
53;2021-06-24;1803;2033;162537;88574;53.2;29.0
53;2021-06-25;1785;2044;164322;90618;53.8;29.7
53;2021-06-26;977;350;165299;90968;54.1;29.8
53;2021-06-27;8;8;165307;90976;54.1;29.8
53;2021-06-28;662;2899;165969;93875;54.4;30.7
53;2021-06-29;858;3649;166827;97524;54.6;31.9
53;2021-06-30;748;1517;167575;99041;54.9;32.4
53;2021-07-01;1506;2633;169081;101674;55.4;33.3
53;2021-07-02;1489;2023;170570;103697;55.9;34.0
53;2021-07-03;857;571;171427;104268;56.1;34.1
53;2021-07-04;0;4;171427;104272;56.1;34.1
53;2021-07-05;533;2060;171960;106332;56.3;34.8
53;2021-07-06;854;3615;172814;109947;56.6;36.0
53;2021-07-07;1023;2653;173837;112600;56.9;36.9
53;2021-07-08;1309;3117;175146;115717;57.4;37.9
53;2021-07-09;1114;3393;176260;119110;57.7;39.0
53;2021-07-10;422;999;176682;120109;57.9;39.3
53;2021-07-11;12;20;176694;120129;57.9;39.3
53;2021-07-12;502;3709;177196;123838;58.0;40.6
53;2021-07-13;892;4763;178088;128601;58.3;42.1
53;2021-07-14;104;284;178192;128885;58.4;42.2
53;2021-07-15;1111;4349;179303;133234;58.7;43.6
53;2021-07-16;1247;3849;180550;137083;59.1;44.9
53;2021-07-17;1315;299;181865;137382;59.6;45.0
53;2021-07-18;27;20;181892;137402;59.6;45.0
53;2021-07-19;733;3433;182625;140835;59.8;46.1
53;2021-07-20;976;4129;183601;144964;60.1;47.5
53;2021-07-21;684;3277;184285;148241;60.3;48.5
53;2021-07-22;1511;3524;185796;151765;60.8;49.7
53;2021-07-23;1602;3761;187398;155526;61.4;50.9
53;2021-07-24;953;281;188351;155807;61.7;51.0
53;2021-07-25;60;25;188411;155832;61.7;51.0
53;2021-07-26;1723;1942;190134;157774;62.3;51.7
53;2021-07-27;2347;2827;192481;160601;63.0;52.6
53;2021-07-28;2135;2817;194616;163418;63.7;53.5
53;2021-07-29;2485;2545;197101;165963;64.5;54.3
53;2021-07-30;1822;2651;198923;168614;65.1;55.2
53;2021-07-31;626;232;199549;168846;65.3;55.3
53;2021-08-01;37;25;199586;168871;65.4;55.3
53;2021-08-02;2078;1730;201664;170601;66.0;55.9
53;2021-08-03;2406;1905;204070;172506;66.8;56.5
53;2021-08-04;2467;1853;206537;174359;67.6;57.1
53;2021-08-05;2859;1535;209396;175894;68.6;57.6
53;2021-08-06;2509;1712;211905;177606;69.4;58.2
53;2021-08-07;479;270;212384;177876;69.6;58.3
53;2021-08-08;6;19;212390;177895;69.6;58.3
53;2021-08-09;1837;1646;214227;179541;70.2;58.8
53;2021-08-10;2316;1745;216543;181286;70.9;59.4
53;2021-08-11;1677;858;218220;182144;71.5;59.6
53;2021-08-12;1998;980;220218;183124;72.1;60.0
53;2021-08-13;2029;1291;222247;184415;72.8;60.4
53;2021-08-14;56;61;222303;184476;72.8;60.4
53;2021-08-15;0;1;222303;184477;72.8;60.4
53;2021-08-16;1327;1595;223630;186072;73.2;60.9
54;2020-12-27;0;0;0;0;0.0;0.0
54;2020-12-28;1;0;1;0;0.0;0.0
54;2020-12-29;0;0;1;0;0.0;0.0
54;2020-12-30;0;0;1;0;0.0;0.0
54;2020-12-31;10;0;11;0;0.0;0.0
54;2021-01-01;0;0;11;0;0.0;0.0
54;2021-01-02;0;0;11;0;0.0;0.0
54;2021-01-03;1;0;12;0;0.0;0.0
54;2021-01-04;163;0;175;0;0.0;0.0
54;2021-01-05;395;0;570;0;0.1;0.0
54;2021-01-06;650;1;1220;1;0.2;0.0
54;2021-01-07;817;2;2037;3;0.3;0.0
54;2021-01-08;706;3;2743;6;0.4;0.0
54;2021-01-09;81;0;2824;6;0.4;0.0
54;2021-01-10;78;0;2902;6;0.4;0.0
54;2021-01-11;974;3;3876;9;0.5;0.0
54;2021-01-12;1180;1;5056;10;0.7;0.0
54;2021-01-13;2424;8;7480;18;1.0;0.0
54;2021-01-14;3398;30;10878;48;1.5;0.0
54;2021-01-15;2717;13;13595;61;1.9;0.0
54;2021-01-16;815;3;14410;64;2.0;0.0
54;2021-01-17;210;0;14620;64;2.0;0.0
54;2021-01-18;1556;6;16176;70;2.2;0.0
54;2021-01-19;1703;0;17879;70;2.4;0.0
54;2021-01-20;1523;4;19402;74;2.7;0.0
54;2021-01-21;1371;4;20773;78;2.8;0.0
54;2021-01-22;1092;8;21865;86;3.0;0.0
54;2021-01-23;478;1;22343;87;3.1;0.0
54;2021-01-24;66;0;22409;87;3.1;0.0
54;2021-01-25;940;30;23349;117;3.2;0.0
54;2021-01-26;142;5;23491;122;3.2;0.0
54;2021-01-27;12;172;23503;294;3.2;0.0
54;2021-01-28;32;233;23535;527;3.2;0.1
54;2021-01-29;18;278;23553;805;3.2;0.1
54;2021-01-30;6;0;23559;805;3.2;0.1
54;2021-01-31;1;0;23560;805;3.2;0.1
54;2021-02-01;13;787;23573;1592;3.2;0.2
54;2021-02-02;23;970;23596;2562;3.2;0.4
54;2021-02-03;364;1532;23960;4094;3.3;0.6
54;2021-02-04;737;2453;24697;6547;3.4;0.9
54;2021-02-05;796;1894;25493;8441;3.5;1.2
54;2021-02-06;203;338;25696;8779;3.5;1.2
54;2021-02-07;4;126;25700;8905;3.5;1.2
54;2021-02-08;117;998;25817;9903;3.5;1.4
54;2021-02-09;304;1071;26121;10974;3.6;1.5
54;2021-02-10;385;798;26506;11772;3.6;1.6
54;2021-02-11;293;820;26799;12592;3.7;1.7
54;2021-02-12;449;1300;27248;13892;3.7;1.9
54;2021-02-13;147;236;27395;14128;3.8;1.9
54;2021-02-14;9;11;27404;14139;3.8;1.9
54;2021-02-15;434;1137;27838;15276;3.8;2.1
54;2021-02-16;401;1222;28239;16498;3.9;2.3
54;2021-02-17;518;958;28757;17456;3.9;2.4
54;2021-02-18;594;782;29351;18238;4.0;2.5
54;2021-02-19;520;778;29871;19016;4.1;2.6
54;2021-02-20;33;284;29904;19300;4.1;2.6
54;2021-02-21;3;25;29907;19325;4.1;2.6
54;2021-02-22;485;604;30392;19929;4.2;2.7
54;2021-02-23;679;558;31071;20487;4.3;2.8
54;2021-02-24;727;353;31798;20840;4.4;2.9
54;2021-02-25;1475;723;33273;21563;4.6;3.0
54;2021-02-26;1772;790;35045;22353;4.8;3.1
54;2021-02-27;699;110;35744;22463;4.9;3.1
54;2021-02-28;11;28;35755;22491;4.9;3.1
54;2021-03-01;650;218;36405;22709;5.0;3.1
54;2021-03-02;1505;145;37910;22854;5.2;3.1
54;2021-03-03;1763;59;39673;22913;5.4;3.1
54;2021-03-04;2025;98;41698;23011;5.7;3.2
54;2021-03-05;2797;142;44495;23153;6.1;3.2
54;2021-03-06;4044;108;48539;23261;6.6;3.2
54;2021-03-07;2625;70;51164;23331;7.0;3.2
54;2021-03-08;1336;66;52500;23397;7.2;3.2
54;2021-03-09;2648;103;55148;23500;7.6;3.2
54;2021-03-10;3196;110;58344;23610;8.0;3.2
54;2021-03-11;3393;100;61737;23710;8.5;3.2
54;2021-03-12;4980;184;66717;23894;9.1;3.3
54;2021-03-13;4204;121;70921;24015;9.7;3.3
54;2021-03-14;543;39;71464;24054;9.8;3.3
54;2021-03-15;1718;102;73182;24156;10.0;3.3
54;2021-03-16;1735;176;74917;24332;10.3;3.3
54;2021-03-17;2082;150;76999;24482;10.5;3.4
54;2021-03-18;2060;169;79059;24651;10.8;3.4
54;2021-03-19;3319;268;82378;24919;11.3;3.4
54;2021-03-20;2309;77;84687;24996;11.6;3.4
54;2021-03-21;295;15;84982;25011;11.6;3.4
54;2021-03-22;1034;334;86016;25345;11.8;3.5
54;2021-03-23;1936;523;87952;25868;12.0;3.5
54;2021-03-24;2195;713;90147;26581;12.3;3.6
54;2021-03-25;3176;730;93323;27311;12.8;3.7
54;2021-03-26;3515;822;96838;28133;13.3;3.9
54;2021-03-27;2419;287;99257;28420;13.6;3.9
54;2021-03-28;278;5;99535;28425;13.6;3.9
54;2021-03-29;1669;387;101204;28812;13.9;3.9
54;2021-03-30;2557;982;103761;29794;14.2;4.1
54;2021-03-31;2598;1148;106359;30942;14.6;4.2
54;2021-04-01;3234;1278;109593;32220;15.0;4.4
54;2021-04-02;2969;1684;112562;33904;15.4;4.6
54;2021-04-03;1260;1312;113822;35216;15.6;4.8
54;2021-04-04;136;421;113958;35637;15.6;4.9
54;2021-04-05;145;575;114103;36212;15.6;5.0
54;2021-04-06;1267;1664;115370;37876;15.8;5.2
54;2021-04-07;926;2268;116296;40144;15.9;5.5
54;2021-04-08;2325;2446;118621;42590;16.2;5.8
54;2021-04-09;4123;3155;122744;45745;16.8;6.3
54;2021-04-10;3208;1677;125952;47422;17.2;6.5
54;2021-04-11;206;1001;126158;48423;17.3;6.6
54;2021-04-12;2196;1538;128354;49961;17.6;6.8
54;2021-04-13;3002;1975;131356;51936;18.0;7.1
54;2021-04-14;3258;1869;134614;53805;18.4;7.4
54;2021-04-15;2881;2295;137495;56100;18.8;7.7
54;2021-04-16;3139;2597;140634;58697;19.3;8.0
54;2021-04-17;3472;1491;144106;60188;19.7;8.2
54;2021-04-18;63;245;144169;60433;19.7;8.3
54;2021-04-19;2461;1082;146630;61515;20.1;8.4
54;2021-04-20;3012;1246;149642;62761;20.5;8.6
54;2021-04-21;4402;1630;154044;64391;21.1;8.8
54;2021-04-22;3722;2384;157766;66775;21.6;9.1
54;2021-04-23;3867;2072;161633;68847;22.1;9.4
54;2021-04-24;2345;1037;163978;69884;22.5;9.6
54;2021-04-25;284;276;164262;70160;22.5;9.6
54;2021-04-26;2304;1271;166566;71431;22.8;9.8
54;2021-04-27;3288;1435;169854;72866;23.3;10.0
54;2021-04-28;2975;1952;172829;74818;23.7;10.2
54;2021-04-29;3793;2080;176622;76898;24.2;10.5
54;2021-04-30;4490;1964;181112;78862;24.8;10.8
54;2021-05-01;2263;804;183375;79666;25.1;10.9
54;2021-05-02;229;68;183604;79734;25.1;10.9
54;2021-05-03;3094;940;186698;80674;25.6;11.0
54;2021-05-04;3518;1447;190216;82121;26.0;11.2
54;2021-05-05;4894;1406;195110;83527;26.7;11.4
54;2021-05-06;4439;2800;199549;86327;27.3;11.8
54;2021-05-07;4825;3411;204374;89738;28.0;12.3
54;2021-05-08;2029;640;206403;90378;28.3;12.4
54;2021-05-09;375;135;206778;90513;28.3;12.4
54;2021-05-10;3206;2240;209984;92753;28.7;12.7
54;2021-05-11;5490;2934;215474;95687;29.5;13.1
54;2021-05-12;4147;3389;219621;99076;30.1;13.6
54;2021-05-13;2643;487;222264;99563;30.4;13.6
54;2021-05-14;6884;1992;229148;101555;31.4;13.9
54;2021-05-15;5480;1313;234628;102868;32.1;14.1
54;2021-05-16;946;109;235574;102977;32.3;14.1
54;2021-05-17;3793;821;239367;103798;32.8;14.2
54;2021-05-18;3286;1101;242653;104899;33.2;14.4
54;2021-05-19;3467;1513;246120;106412;33.7;14.6
54;2021-05-20;4538;1621;250658;108033;34.3;14.8
54;2021-05-21;6743;2506;257401;110539;35.2;15.1
54;2021-05-22;5651;1366;263052;111905;36.0;15.3
54;2021-05-23;504;54;263556;111959;36.1;15.3
54;2021-05-24;1444;342;265000;112301;36.3;15.4
54;2021-05-25;4181;1538;269181;113839;36.9;15.6
54;2021-05-26;3536;2218;272717;116057;37.3;15.9
54;2021-05-27;4181;2438;276898;118495;37.9;16.2
54;2021-05-28;4970;3565;281868;122060;38.6;16.7
54;2021-05-29;3848;3988;285716;126048;39.1;17.3
54;2021-05-30;127;83;285843;126131;39.1;17.3
54;2021-05-31;2938;3067;288781;129198;39.5;17.7
54;2021-06-01;2620;4203;291401;133401;39.9;18.3
54;2021-06-02;2164;4088;293565;137489;40.2;18.8
54;2021-06-03;3145;5658;296710;143147;40.6;19.6
54;2021-06-04;5097;5481;301807;148628;41.3;20.3
54;2021-06-05;2342;3287;304149;151915;41.6;20.8
54;2021-06-06;70;236;304219;152151;41.7;20.8
54;2021-06-07;3706;2932;307925;155083;42.2;21.2
54;2021-06-08;4541;4270;312466;159353;42.8;21.8
54;2021-06-09;5992;3311;318458;162664;43.6;22.3
54;2021-06-10;5299;4438;323757;167102;44.3;22.9
54;2021-06-11;5013;4911;328770;172013;45.0;23.6
54;2021-06-12;4237;3227;333007;175240;45.6;24.0
54;2021-06-13;54;210;333061;175450;45.6;24.0
54;2021-06-14;2330;3594;335391;179044;45.9;24.5
54;2021-06-15;2824;4736;338215;183780;46.3;25.2
54;2021-06-16;3485;5647;341700;189427;46.8;25.9
54;2021-06-17;3138;5218;344838;194645;47.2;26.6
54;2021-06-18;4152;6237;348990;200882;47.8;27.5
54;2021-06-19;2643;3123;351633;204005;48.1;27.9
54;2021-06-20;100;338;351733;204343;48.2;28.0
54;2021-06-21;2554;4760;354287;209103;48.5;28.6
54;2021-06-22;2043;6226;356330;215329;48.8;29.5
54;2021-06-23;2242;5594;358572;220923;49.1;30.2
54;2021-06-24;2091;3459;360663;224382;49.4;30.7
54;2021-06-25;2200;7046;362863;231428;49.7;31.7
54;2021-06-26;2384;5667;365247;237095;50.0;32.5
54;2021-06-27;134;607;365381;237702;50.0;32.5
54;2021-06-28;1959;4347;367340;242049;50.3;33.1
54;2021-06-29;1938;5208;369278;247257;50.6;33.9
54;2021-06-30;1983;5119;371261;252376;50.8;34.6
54;2021-07-01;2134;5980;373395;258356;51.1;35.4
54;2021-07-02;2817;7553;376212;265909;51.5;36.4
54;2021-07-03;2834;4089;379046;269998;51.9;37.0
54;2021-07-04;195;498;379241;270496;51.9;37.0
54;2021-07-05;1674;4253;380915;274749;52.2;37.6
54;2021-07-06;2004;5071;382919;279820;52.4;38.3
54;2021-07-07;1890;4838;384809;284658;52.7;39.0
54;2021-07-08;1677;4110;386486;288768;52.9;39.5
54;2021-07-09;3197;6018;389683;294786;53.4;40.4
54;2021-07-10;2538;4368;392221;299154;53.7;41.0
54;2021-07-11;9;103;392230;299257;53.7;41.0
54;2021-07-12;2092;4675;394322;303932;54.0;41.6
54;2021-07-13;2612;4967;396934;308899;54.3;42.3
54;2021-07-14;1532;1504;398466;310403;54.6;42.5
54;2021-07-15;3174;4833;401640;315236;55.0;43.2
54;2021-07-16;4653;6228;406293;321464;55.6;44.0
54;2021-07-17;3999;4769;410292;326233;56.2;44.7
54;2021-07-18;1805;1678;412097;327911;56.4;44.9
54;2021-07-19;2565;4040;414662;331951;56.8;45.4
54;2021-07-20;2892;4814;417554;336765;57.2;46.1
54;2021-07-21;3125;6335;420679;343100;57.6;47.0
54;2021-07-22;3249;5733;423928;348833;58.0;47.8
54;2021-07-23;3952;7015;427880;355848;58.6;48.7
54;2021-07-24;2916;5323;430796;361171;59.0;49.4
54;2021-07-25;68;50;430864;361221;59.0;49.5
54;2021-07-26;2957;4173;433821;365394;59.4;50.0
54;2021-07-27;3665;4012;437486;369406;59.9;50.6
54;2021-07-28;5114;3852;442600;373258;60.6;51.1
54;2021-07-29;5091;3206;447691;376464;61.3;51.5
54;2021-07-30;5069;4984;452760;381448;62.0;52.2
54;2021-07-31;4471;3221;457231;384669;62.6;52.7
54;2021-08-01;256;74;457487;384743;62.6;52.7
54;2021-08-02;3043;3700;460530;388443;63.1;53.2
54;2021-08-03;4053;2922;464583;391365;63.6;53.6
54;2021-08-04;4330;2681;468913;394046;64.2;53.9
54;2021-08-05;4545;2419;473458;396465;64.8;54.3
54;2021-08-06;5366;3989;478824;400454;65.6;54.8
54;2021-08-07;3620;2820;482444;403274;66.1;55.2
54;2021-08-08;247;114;482691;403388;66.1;55.2
54;2021-08-09;2889;2681;485580;406069;66.5;55.6
54;2021-08-10;2467;3763;488047;409832;66.8;56.1
54;2021-08-11;2313;2563;490360;412395;67.1;56.5
54;2021-08-12;2144;3002;492504;415397;67.4;56.9
54;2021-08-13;2567;4436;495071;419833;67.8;57.5
54;2021-08-14;1398;2073;496469;421906;68.0;57.8
54;2021-08-15;29;43;496498;421949;68.0;57.8
54;2021-08-16;1784;3413;498282;425362;68.2;58.2
55;2020-12-27;0;0;0;0;0.0;0.0
55;2020-12-28;0;0;0;0;0.0;0.0
55;2020-12-29;0;0;0;0;0.0;0.0
55;2020-12-30;0;0;0;0;0.0;0.0
55;2020-12-31;0;0;0;0;0.0;0.0
55;2021-01-01;0;0;0;0;0.0;0.0
55;2021-01-02;0;0;0;0;0.0;0.0
55;2021-01-03;0;0;0;0;0.0;0.0
55;2021-01-04;1;0;1;0;0.0;0.0
55;2021-01-05;0;0;1;0;0.0;0.0
55;2021-01-06;0;0;1;0;0.0;0.0
55;2021-01-07;122;0;123;0;0.1;0.0
55;2021-01-08;127;0;250;0;0.1;0.0
55;2021-01-09;52;0;302;0;0.2;0.0
55;2021-01-10;0;0;302;0;0.2;0.0
55;2021-01-11;127;1;429;1;0.2;0.0
55;2021-01-12;119;0;548;1;0.3;0.0
55;2021-01-13;135;0;683;1;0.4;0.0
55;2021-01-14;643;6;1326;7;0.7;0.0
55;2021-01-15;237;0;1563;7;0.9;0.0
55;2021-01-16;62;0;1625;7;0.9;0.0
55;2021-01-17;1;0;1626;7;0.9;0.0
55;2021-01-18;413;1;2039;8;1.1;0.0
55;2021-01-19;351;3;2390;11;1.3;0.0
55;2021-01-20;451;2;2841;13;1.6;0.0
55;2021-01-21;430;0;3271;13;1.8;0.0
55;2021-01-22;391;0;3662;13;2.0;0.0
55;2021-01-23;49;0;3711;13;2.0;0.0
55;2021-01-24;0;0;3711;13;2.0;0.0
55;2021-01-25;436;0;4147;13;2.3;0.0
55;2021-01-26;431;0;4578;13;2.5;0.0
55;2021-01-27;424;0;5002;13;2.8;0.0
55;2021-01-28;485;100;5487;113;3.0;0.1
55;2021-01-29;159;54;5646;167;3.1;0.1
55;2021-01-30;92;28;5738;195;3.2;0.1
55;2021-01-31;0;0;5738;195;3.2;0.1
55;2021-02-01;153;177;5891;372;3.2;0.2
55;2021-02-02;159;148;6050;520;3.3;0.3
55;2021-02-03;53;161;6103;681;3.4;0.4
55;2021-02-04;234;398;6337;1079;3.5;0.6
55;2021-02-05;174;139;6511;1218;3.6;0.7
55;2021-02-06;61;56;6572;1274;3.6;0.7
55;2021-02-07;2;53;6574;1327;3.6;0.7
55;2021-02-08;0;18;6574;1345;3.6;0.7
55;2021-02-09;92;117;6666;1462;3.7;0.8
55;2021-02-10;65;22;6731;1484;3.7;0.8
55;2021-02-11;175;98;6906;1582;3.8;0.9
55;2021-02-12;94;28;7000;1610;3.9;0.9
55;2021-02-13;0;0;7000;1610;3.9;0.9
55;2021-02-14;0;0;7000;1610;3.9;0.9
55;2021-02-15;15;418;7015;2028;3.9;1.1
55;2021-02-16;143;396;7158;2424;3.9;1.3
55;2021-02-17;26;491;7184;2915;4.0;1.6
55;2021-02-18;20;344;7204;3259;4.0;1.8
55;2021-02-19;122;289;7326;3548;4.0;2.0
55;2021-02-20;11;0;7337;3548;4.0;2.0
55;2021-02-21;0;0;7337;3548;4.0;2.0
55;2021-02-22;55;458;7392;4006;4.1;2.2
55;2021-02-23;85;443;7477;4449;4.1;2.4
55;2021-02-24;72;415;7549;4864;4.2;2.7
55;2021-02-25;270;681;7819;5545;4.3;3.1
55;2021-02-26;324;235;8143;5780;4.5;3.2
55;2021-02-27;125;88;8268;5868;4.6;3.2
55;2021-02-28;2;8;8270;5876;4.6;3.2
55;2021-03-01;77;141;8347;6017;4.6;3.3
55;2021-03-02;124;171;8471;6188;4.7;3.4
55;2021-03-03;198;3;8669;6191;4.8;3.4
55;2021-03-04;238;43;8907;6234;4.9;3.4
55;2021-03-05;362;46;9269;6280;5.1;3.5
55;2021-03-06;223;5;9492;6285;5.2;3.5
55;2021-03-07;69;1;9561;6286;5.3;3.5
55;2021-03-08;327;49;9888;6335;5.4;3.5
55;2021-03-09;634;50;10522;6385;5.8;3.5
55;2021-03-10;396;24;10918;6409;6.0;3.5
55;2021-03-11;596;143;11514;6552;6.3;3.6
55;2021-03-12;815;93;12329;6645;6.8;3.7
55;2021-03-13;523;12;12852;6657;7.1;3.7
55;2021-03-14;14;0;12866;6657;7.1;3.7
55;2021-03-15;393;24;13259;6681;7.3;3.7
55;2021-03-16;568;110;13827;6791;7.6;3.7
55;2021-03-17;683;19;14510;6810;8.0;3.7
55;2021-03-18;322;23;14832;6833;8.2;3.8
55;2021-03-19;471;59;15303;6892;8.4;3.8
55;2021-03-20;253;15;15556;6907;8.6;3.8
55;2021-03-21;1;1;15557;6908;8.6;3.8
55;2021-03-22;473;20;16030;6928;8.8;3.8
55;2021-03-23;972;63;17002;6991;9.4;3.8
55;2021-03-24;802;40;17804;7031;9.8;3.9
55;2021-03-25;1096;80;18900;7111;10.4;3.9
55;2021-03-26;602;34;19502;7145;10.7;3.9
55;2021-03-27;255;23;19757;7168;10.9;3.9
55;2021-03-28;0;0;19757;7168;10.9;3.9
55;2021-03-29;943;39;20700;7207;11.4;4.0
55;2021-03-30;1423;72;22123;7279;12.2;4.0
55;2021-03-31;1481;68;23604;7347;13.0;4.0
55;2021-04-01;1205;124;24809;7471;13.7;4.1
55;2021-04-02;898;74;25707;7545;14.2;4.2
55;2021-04-03;91;10;25798;7555;14.2;4.2
55;2021-04-04;2;0;25800;7555;14.2;4.2
55;2021-04-05;6;12;25806;7567;14.2;4.2
55;2021-04-06;933;275;26739;7842;14.7;4.3
55;2021-04-07;993;235;27732;8077;15.3;4.4
55;2021-04-08;1647;420;29379;8497;16.2;4.7
55;2021-04-09;1429;265;30808;8762;17.0;4.8
55;2021-04-10;242;173;31050;8935;17.1;4.9
55;2021-04-11;452;20;31502;8955;17.3;4.9
55;2021-04-12;855;328;32357;9283;17.8;5.1
55;2021-04-13;1355;528;33712;9811;18.6;5.4
55;2021-04-14;1372;728;35084;10539;19.3;5.8
55;2021-04-15;1635;459;36719;10998;20.2;6.1
55;2021-04-16;705;379;37424;11377;20.6;6.3
55;2021-04-17;677;29;38101;11406;21.0;6.3
55;2021-04-18;38;18;38139;11424;21.0;6.3
55;2021-04-19;961;347;39100;11771;21.5;6.5
55;2021-04-20;1172;775;40272;12546;22.2;6.9
55;2021-04-21;990;640;41262;13186;22.7;7.3
55;2021-04-22;1099;679;42361;13865;23.3;7.6
55;2021-04-23;1424;594;43785;14459;24.1;8.0
55;2021-04-24;313;124;44098;14583;24.3;8.0
55;2021-04-25;384;51;44482;14634;24.5;8.1
55;2021-04-26;478;816;44960;15450;24.8;8.5
55;2021-04-27;570;994;45530;16444;25.1;9.1
55;2021-04-28;931;815;46461;17259;25.6;9.5
55;2021-04-29;1118;855;47579;18114;26.2;10.0
55;2021-04-30;1279;621;48858;18735;26.9;10.3
55;2021-05-01;153;132;49011;18867;27.0;10.4
55;2021-05-02;2;3;49013;18870;27.0;10.4
55;2021-05-03;1208;629;50221;19499;27.6;10.7
55;2021-05-04;683;1177;50904;20676;28.0;11.4
55;2021-05-05;659;1074;51563;21750;28.4;12.0
55;2021-05-06;1347;1160;52910;22910;29.1;12.6
55;2021-05-07;1433;554;54343;23464;29.9;12.9
55;2021-05-08;156;77;54499;23541;30.0;13.0
55;2021-05-09;62;523;54561;24064;30.0;13.2
55;2021-05-10;860;1031;55421;25095;30.5;13.8
55;2021-05-11;1070;1379;56491;26474;31.1;14.6
55;2021-05-12;1033;1767;57524;28241;31.7;15.5
55;2021-05-13;99;75;57623;28316;31.7;15.6
55;2021-05-14;352;558;57975;28874;31.9;15.9
55;2021-05-15;292;492;58267;29366;32.1;16.2
55;2021-05-16;3;10;58270;29376;32.1;16.2
55;2021-05-17;1028;841;59298;30217;32.6;16.6
55;2021-05-18;1569;892;60867;31109;33.5;17.1
55;2021-05-19;1810;782;62677;31891;34.5;17.6
55;2021-05-20;2215;731;64892;32622;35.7;18.0
55;2021-05-21;2009;802;66901;33424;36.8;18.4
55;2021-05-22;198;166;67099;33590;36.9;18.5
55;2021-05-23;23;120;67122;33710;37.0;18.6
55;2021-05-24;0;0;67122;33710;37.0;18.6
55;2021-05-25;1348;652;68470;34362;37.7;18.9
55;2021-05-26;1674;1018;70144;35380;38.6;19.5
55;2021-05-27;1320;981;71464;36361;39.3;20.0
55;2021-05-28;1521;931;72985;37292;40.2;20.5
55;2021-05-29;1402;697;74387;37989;41.0;20.9
55;2021-05-30;15;206;74402;38195;41.0;21.0
55;2021-05-31;1049;1130;75451;39325;41.5;21.6
55;2021-06-01;918;958;76369;40283;42.0;22.2
55;2021-06-02;1162;985;77531;41268;42.7;22.7
55;2021-06-03;703;545;78234;41813;43.1;23.0
55;2021-06-04;1390;1100;79624;42913;43.8;23.6
55;2021-06-05;1366;277;80990;43190;44.6;23.8
55;2021-06-06;0;2;80990;43192;44.6;23.8
55;2021-06-07;790;714;81780;43906;45.0;24.2
55;2021-06-08;698;1075;82478;44981;45.4;24.8
55;2021-06-09;850;870;83328;45851;45.9;25.2
55;2021-06-10;379;275;83707;46126;46.1;25.4
55;2021-06-11;528;1287;84235;47413;46.4;26.1
55;2021-06-12;761;519;84996;47932;46.8;26.4
55;2021-06-13;265;33;85261;47965;46.9;26.4
55;2021-06-14;388;1363;85649;49328;47.2;27.2
55;2021-06-15;574;1212;86223;50540;47.5;27.8
55;2021-06-16;734;831;86957;51371;47.9;28.3
55;2021-06-17;425;857;87382;52228;48.1;28.8
55;2021-06-18;667;1475;88049;53703;48.5;29.6
55;2021-06-19;593;457;88642;54160;48.8;29.8
55;2021-06-20;0;0;88642;54160;48.8;29.8
55;2021-06-21;436;1023;89078;55183;49.0;30.4
55;2021-06-22;335;1014;89413;56197;49.2;30.9
55;2021-06-23;626;1213;90039;57410;49.6;31.6
55;2021-06-24;163;433;90202;57843;49.7;31.8
55;2021-06-25;642;1225;90844;59068;50.0;32.5
55;2021-06-26;418;339;91262;59407;50.2;32.7
55;2021-06-27;1;2;91263;59409;50.2;32.7
55;2021-06-28;149;1380;91412;60789;50.3;33.5
55;2021-06-29;202;1289;91614;62078;50.4;34.2
55;2021-06-30;269;1932;91883;64010;50.6;35.2
55;2021-07-01;386;1978;92269;65988;50.8;36.3
55;2021-07-02;391;1719;92660;67707;51.0;37.3
55;2021-07-03;108;262;92768;67969;51.1;37.4
55;2021-07-04;12;19;92780;67988;51.1;37.4
55;2021-07-05;222;1508;93002;69496;51.2;38.3
55;2021-07-06;319;892;93321;70388;51.4;38.8
55;2021-07-07;387;1802;93708;72190;51.6;39.7
55;2021-07-08;534;1595;94242;73785;51.9;40.6
55;2021-07-09;454;1480;94696;75265;52.1;41.4
55;2021-07-10;356;1111;95052;76376;52.3;42.0
55;2021-07-11;0;9;95052;76385;52.3;42.1
55;2021-07-12;603;1167;95655;77552;52.7;42.7
55;2021-07-13;599;1489;96254;79041;53.0;43.5
55;2021-07-14;0;13;96254;79054;53.0;43.5
55;2021-07-15;781;1645;97035;80699;53.4;44.4
55;2021-07-16;1253;1816;98288;82515;54.1;45.4
55;2021-07-17;1282;820;99570;83335;54.8;45.9
55;2021-07-18;1;2;99571;83337;54.8;45.9
55;2021-07-19;597;783;100168;84120;55.1;46.3
55;2021-07-20;996;1026;101164;85146;55.7;46.9
55;2021-07-21;1474;1374;102638;86520;56.5;47.6
55;2021-07-22;1166;567;103804;87087;57.1;47.9
55;2021-07-23;1103;1353;104907;88440;57.8;48.7
55;2021-07-24;809;762;105716;89202;58.2;49.1
55;2021-07-25;119;229;105835;89431;58.3;49.2
55;2021-07-26;666;443;106501;89874;58.6;49.5
55;2021-07-27;1155;477;107656;90351;59.3;49.7
55;2021-07-28;1032;1068;108688;91419;59.8;50.3
55;2021-07-29;668;448;109356;91867;60.2;50.6
55;2021-07-30;1264;965;110620;92832;60.9;51.1
55;2021-07-31;708;614;111328;93446;61.3;51.4
55;2021-08-01;8;5;111336;93451;61.3;51.4
55;2021-08-02;611;444;111947;93895;61.6;51.7
55;2021-08-03;638;420;112585;94315;62.0;51.9
55;2021-08-04;1244;953;113829;95268;62.7;52.4
55;2021-08-05;996;320;114825;95588;63.2;52.6
55;2021-08-06;811;1096;115636;96684;63.7;53.2
55;2021-08-07;595;333;116231;97017;64.0;53.4
55;2021-08-08;0;0;116231;97017;64.0;53.4
55;2021-08-09;398;306;116629;97323;64.2;53.6
55;2021-08-10;432;775;117061;98098;64.4;54.0
55;2021-08-11;589;643;117650;98741;64.8;54.4
55;2021-08-12;322;488;117972;99229;64.9;54.6
55;2021-08-13;425;1108;118397;100337;65.2;55.2
55;2021-08-14;134;189;118531;100526;65.3;55.3
55;2021-08-15;11;5;118542;100531;65.3;55.3
55;2021-08-16;230;734;118772;101265;65.4;55.8
56;2020-12-27;0;0;0;0;0.0;0.0
56;2020-12-28;1;0;1;0;0.0;0.0
56;2020-12-29;0;0;1;0;0.0;0.0
56;2020-12-30;0;0;1;0;0.0;0.0
56;2020-12-31;0;0;1;0;0.0;0.0
56;2021-01-01;0;0;1;0;0.0;0.0
56;2021-01-02;1;0;2;0;0.0;0.0
56;2021-01-03;0;0;2;0;0.0;0.0
56;2021-01-04;1;0;3;0;0.0;0.0
56;2021-01-05;1;0;4;0;0.0;0.0
56;2021-01-06;1;0;5;0;0.0;0.0
56;2021-01-07;198;0;203;0;0.0;0.0
56;2021-01-08;119;0;322;0;0.0;0.0
56;2021-01-09;1;0;323;0;0.0;0.0
56;2021-01-10;1;0;324;0;0.0;0.0
56;2021-01-11;242;0;566;0;0.1;0.0
56;2021-01-12;754;0;1320;0;0.2;0.0
56;2021-01-13;638;1;1958;1;0.3;0.0
56;2021-01-14;969;2;2927;3;0.4;0.0
56;2021-01-15;843;5;3770;8;0.5;0.0
56;2021-01-16;234;3;4004;11;0.5;0.0
56;2021-01-17;27;0;4031;11;0.5;0.0
56;2021-01-18;1004;1;5035;12;0.7;0.0
56;2021-01-19;851;1;5886;13;0.8;0.0
56;2021-01-20;884;1;6770;14;0.9;0.0
56;2021-01-21;1460;2;8230;16;1.1;0.0
56;2021-01-22;1181;2;9411;18;1.2;0.0
56;2021-01-23;319;2;9730;20;1.3;0.0
56;2021-01-24;6;0;9736;20;1.3;0.0
56;2021-01-25;826;0;10562;20;1.4;0.0
56;2021-01-26;1036;4;11598;24;1.5;0.0
56;2021-01-27;1082;62;12680;86;1.7;0.0
56;2021-01-28;975;125;13655;211;1.8;0.0
56;2021-01-29;873;107;14528;318;1.9;0.0
56;2021-01-30;139;19;14667;337;1.9;0.0
56;2021-01-31;0;0;14667;337;1.9;0.0
56;2021-02-01;479;155;15146;492;2.0;0.1
56;2021-02-02;942;257;16088;749;2.1;0.1
56;2021-02-03;1023;270;17111;1019;2.3;0.1
56;2021-02-04;4697;352;21808;1371;2.9;0.2
56;2021-02-05;3590;431;25398;1802;3.4;0.2
56;2021-02-06;549;171;25947;1973;3.4;0.3
56;2021-02-07;136;26;26083;1999;3.5;0.3
56;2021-02-08;296;288;26379;2287;3.5;0.3
56;2021-02-09;795;509;27174;2796;3.6;0.4
56;2021-02-10;864;701;28038;3497;3.7;0.5
56;2021-02-11;972;1077;29010;4574;3.8;0.6
56;2021-02-12;1151;641;30161;5215;4.0;0.7
56;2021-02-13;220;104;30381;5319;4.0;0.7
56;2021-02-14;6;46;30387;5365;4.0;0.7
56;2021-02-15;622;1088;31009;6453;4.1;0.9
56;2021-02-16;1219;737;32228;7190;4.3;1.0
56;2021-02-17;1189;959;33417;8149;4.4;1.1
56;2021-02-18;1352;884;34769;9033;4.6;1.2
56;2021-02-19;1321;916;36090;9949;4.8;1.3
56;2021-02-20;365;261;36455;10210;4.8;1.4
56;2021-02-21;0;0;36455;10210;4.8;1.4
56;2021-02-22;374;700;36829;10910;4.9;1.4
56;2021-02-23;740;959;37569;11869;5.0;1.6
56;2021-02-24;915;1183;38484;13052;5.1;1.7
56;2021-02-25;2029;4256;40513;17308;5.4;2.3
56;2021-02-26;2358;2262;42871;19570;5.7;2.6
56;2021-02-27;745;446;43616;20016;5.8;2.6
56;2021-02-28;14;114;43630;20130;5.8;2.7
56;2021-03-01;647;561;44277;20691;5.9;2.7
56;2021-03-02;978;789;45255;21480;6.0;2.8
56;2021-03-03;1150;914;46405;22394;6.1;3.0
56;2021-03-04;1965;1040;48370;23434;6.4;3.1
56;2021-03-05;2582;1432;50952;24866;6.7;3.3
56;2021-03-06;1208;218;52160;25084;6.9;3.3
56;2021-03-07;282;24;52442;25108;6.9;3.3
56;2021-03-08;1140;391;53582;25499;7.1;3.4
56;2021-03-09;2040;630;55622;26129;7.4;3.5
56;2021-03-10;2001;936;57623;27065;7.6;3.6
56;2021-03-11;3253;740;60876;27805;8.1;3.7
56;2021-03-12;4208;828;65084;28633;8.6;3.8
56;2021-03-13;1880;148;66964;28781;8.9;3.8
56;2021-03-14;194;2;67158;28783;8.9;3.8
56;2021-03-15;1283;529;68441;29312;9.1;3.9
56;2021-03-16;1089;1030;69530;30342;9.2;4.0
56;2021-03-17;1360;777;70890;31119;9.4;4.1
56;2021-03-18;1998;1870;72888;32989;9.6;4.4
56;2021-03-19;2938;1399;75826;34388;10.0;4.6
56;2021-03-20;1493;206;77319;34594;10.2;4.6
56;2021-03-21;208;24;77527;34618;10.3;4.6
56;2021-03-22;1610;404;79137;35022;10.5;4.6
56;2021-03-23;2806;686;81943;35708;10.8;4.7
56;2021-03-24;3450;526;85393;36234;11.3;4.8
56;2021-03-25;4235;723;89628;36957;11.9;4.9
56;2021-03-26;5089;782;94717;37739;12.5;5.0
56;2021-03-27;1499;294;96216;38033;12.7;5.0
56;2021-03-28;264;11;96480;38044;12.8;5.0
56;2021-03-29;2233;503;98713;38547;13.1;5.1
56;2021-03-30;3519;784;102232;39331;13.5;5.2
56;2021-03-31;3116;717;105348;40048;13.9;5.3
56;2021-04-01;4071;819;109419;40867;14.5;5.4
56;2021-04-02;3927;943;113346;41810;15.0;5.5
56;2021-04-03;1186;270;114532;42080;15.2;5.6
56;2021-04-04;232;3;114764;42083;15.2;5.6
56;2021-04-05;244;8;115008;42091;15.2;5.6
56;2021-04-06;2824;1232;117832;43323;15.6;5.7
56;2021-04-07;4022;1189;121854;44512;16.1;5.9
56;2021-04-08;5294;1162;127148;45674;16.8;6.0
56;2021-04-09;7389;1285;134537;46959;17.8;6.2
56;2021-04-10;2580;426;137117;47385;18.1;6.3
56;2021-04-11;193;102;137310;47487;18.2;6.3
56;2021-04-12;3932;836;141242;48323;18.7;6.4
56;2021-04-13;5965;1264;147207;49587;19.5;6.6
56;2021-04-14;5167;1427;152374;51014;20.2;6.8
56;2021-04-15;7148;1770;159522;52784;21.1;7.0
56;2021-04-16;7842;2011;167364;54795;22.2;7.3
56;2021-04-17;3132;644;170496;55439;22.6;7.3
56;2021-04-18;528;107;171024;55546;22.6;7.4
56;2021-04-19;3719;1261;174743;56807;23.1;7.5
56;2021-04-20;4106;1978;178849;58785;23.7;7.8
56;2021-04-21;4060;2323;182909;61108;24.2;8.1
56;2021-04-22;5174;1925;188083;63033;24.9;8.3
56;2021-04-23;5165;2413;193248;65446;25.6;8.7
56;2021-04-24;2899;645;196147;66091;26.0;8.7
56;2021-04-25;465;149;196612;66240;26.0;8.8
56;2021-04-26;4705;1668;201317;67908;26.6;9.0
56;2021-04-27;5098;2551;206415;70459;27.3;9.3
56;2021-04-28;4968;2242;211383;72701;28.0;9.6
56;2021-04-29;5842;2938;217225;75639;28.7;10.0
56;2021-04-30;6244;2806;223469;78445;29.6;10.4
56;2021-05-01;2486;362;225955;78807;29.9;10.4
56;2021-05-02;307;254;226262;79061;29.9;10.5
56;2021-05-03;3866;2070;230128;81131;30.5;10.7
56;2021-05-04;4382;3906;234510;85037;31.0;11.3
56;2021-05-05;3523;3876;238033;88913;31.5;11.8
56;2021-05-06;4376;5437;242409;94350;32.1;12.5
56;2021-05-07;4267;5012;246676;99362;32.6;13.2
56;2021-05-08;1643;319;248319;99681;32.9;13.2
56;2021-05-09;495;227;248814;99908;32.9;13.2
56;2021-05-10;3750;3811;252564;103719;33.4;13.7
56;2021-05-11;4168;5050;256732;108769;34.0;14.4
56;2021-05-12;4342;4774;261074;113543;34.6;15.0
56;2021-05-13;2396;1011;263470;114554;34.9;15.2
56;2021-05-14;4225;4362;267695;118916;35.4;15.7
56;2021-05-15;2486;1894;270181;120810;35.8;16.0
56;2021-05-16;237;488;270418;121298;35.8;16.1
56;2021-05-17;2512;3668;272930;124966;36.1;16.5
56;2021-05-18;3520;4084;276450;129050;36.6;17.1
56;2021-05-19;3529;3390;279979;132440;37.1;17.5
56;2021-05-20;3805;4821;283784;137261;37.6;18.2
56;2021-05-21;3745;5230;287529;142491;38.1;18.9
56;2021-05-22;1698;2207;289227;144698;38.3;19.2
56;2021-05-23;284;197;289511;144895;38.3;19.2
56;2021-05-24;2058;498;291569;145393;38.6;19.2
56;2021-05-25;3139;4469;294708;149862;39.0;19.8
56;2021-05-26;3736;3899;298444;153761;39.5;20.4
56;2021-05-27;4360;4869;302804;158630;40.1;21.0
56;2021-05-28;4634;5961;307438;164591;40.7;21.8
56;2021-05-29;1886;1635;309324;166226;40.9;22.0
56;2021-05-30;317;67;309641;166293;41.0;22.0
56;2021-05-31;4503;3223;314144;169516;41.6;22.4
56;2021-06-01;5665;3387;319809;172903;42.3;22.9
56;2021-06-02;5637;2956;325446;175859;43.1;23.3
56;2021-06-03;6186;3305;331632;179164;43.9;23.7
56;2021-06-04;5812;4412;337444;183576;44.7;24.3
56;2021-06-05;4346;2386;341790;185962;45.2;24.6
56;2021-06-06;496;616;342286;186578;45.3;24.7
56;2021-06-07;5106;3171;347392;189749;46.0;25.1
56;2021-06-08;6067;3378;353459;193127;46.8;25.6
56;2021-06-09;6434;2814;359893;195941;47.6;25.9
56;2021-06-10;7476;2869;367369;198810;48.6;26.3
56;2021-06-11;6765;3870;374134;202680;49.5;26.8
56;2021-06-12;5102;2064;379236;204744;50.2;27.1
56;2021-06-13;1980;439;381216;205183;50.5;27.2
56;2021-06-14;3310;4595;384526;209778;50.9;27.8
56;2021-06-15;4205;4902;388731;214680;51.4;28.4
56;2021-06-16;4497;4503;393228;219183;52.0;29.0
56;2021-06-17;4256;4753;397484;223936;52.6;29.6
56;2021-06-18;4518;5974;402002;229910;53.2;30.4
56;2021-06-19;3836;2143;405838;232053;53.7;30.7
56;2021-06-20;1504;340;407342;232393;53.9;30.8
56;2021-06-21;3309;4462;410651;236855;54.4;31.3
56;2021-06-22;3486;5445;414137;242300;54.8;32.1
56;2021-06-23;3754;5064;417891;247364;55.3;32.7
56;2021-06-24;3477;5319;421368;252683;55.8;33.4
56;2021-06-25;3883;6278;425251;258961;56.3;34.3
56;2021-06-26;3199;2915;428450;261876;56.7;34.7
56;2021-06-27;305;162;428755;262038;56.7;34.7
56;2021-06-28;1575;3981;430330;266019;57.0;35.2
56;2021-06-29;2436;5773;432766;271792;57.3;36.0
56;2021-06-30;2495;5558;435261;277350;57.6;36.7
56;2021-07-01;2734;4959;437995;282309;58.0;37.4
56;2021-07-02;2657;6207;440652;288516;58.3;38.2
56;2021-07-03;2205;2683;442857;291199;58.6;38.5
56;2021-07-04;779;811;443636;292010;58.7;38.6
56;2021-07-05;1868;5445;445504;297455;59.0;39.4
56;2021-07-06;2188;5937;447692;303392;59.3;40.2
56;2021-07-07;2844;5644;450536;309036;59.6;40.9
56;2021-07-08;3077;6037;453613;315073;60.0;41.7
56;2021-07-09;2218;7099;455831;322172;60.3;42.6
56;2021-07-10;1127;3002;456958;325174;60.5;43.0
56;2021-07-11;256;344;457214;325518;60.5;43.1
56;2021-07-12;2177;6606;459391;332124;60.8;44.0
56;2021-07-13;3252;7465;462643;339589;61.2;44.9
56;2021-07-14;1784;2591;464427;342180;61.5;45.3
56;2021-07-15;3817;7064;468244;349244;62.0;46.2
56;2021-07-16;4075;8094;472319;357338;62.5;47.3
56;2021-07-17;2319;3523;474638;360861;62.8;47.8
56;2021-07-18;253;478;474891;361339;62.9;47.8
56;2021-07-19;2862;6354;477753;367693;63.2;48.7
56;2021-07-20;3718;7925;481471;375618;63.7;49.7
56;2021-07-21;3082;7525;484553;383143;64.1;50.7
56;2021-07-22;4370;8028;488923;391171;64.7;51.8
56;2021-07-23;4369;8406;493292;399577;65.3;52.9
56;2021-07-24;1683;4601;494975;404178;65.5;53.5
56;2021-07-25;547;1920;495522;406098;65.6;53.7
56;2021-07-26;3656;5466;499178;411564;66.1;54.5
56;2021-07-27;5335;6200;504513;417764;66.8;55.3
56;2021-07-28;4653;5459;509166;423223;67.4;56.0
56;2021-07-29;5357;5625;514523;428848;68.1;56.8
56;2021-07-30;5344;5851;519867;434699;68.8;57.5
56;2021-07-31;2144;2690;522011;437389;69.1;57.9
56;2021-08-01;1152;976;523163;438365;69.2;58.0
56;2021-08-02;4494;4599;527657;442964;69.8;58.6
56;2021-08-03;6358;4950;534015;447914;70.7;59.3
56;2021-08-04;5933;4346;539948;452260;71.5;59.9
56;2021-08-05;6063;4602;546011;456862;72.3;60.5
56;2021-08-06;5773;4909;551784;461771;73.0;61.1
56;2021-08-07;2838;2220;554622;463991;73.4;61.4
56;2021-08-08;1814;561;556436;464552;73.6;61.5
56;2021-08-09;3898;4263;560334;468815;74.2;62.0
56;2021-08-10;4915;4602;565249;473417;74.8;62.7
56;2021-08-11;4542;4136;569791;477553;75.4;63.2
56;2021-08-12;4453;4533;574244;482086;76.0;63.8
56;2021-08-13;4158;4796;578402;486882;76.6;64.4
56;2021-08-14;1765;2129;580167;489011;76.8;64.7
56;2021-08-15;349;484;580516;489495;76.8;64.8
56;2021-08-16;2981;4509;583497;494004;77.2;65.4
57;2020-12-27;2;0;2;0;0.0;0.0
57;2020-12-28;0;0;2;0;0.0;0.0
57;2020-12-29;1;0;3;0;0.0;0.0
57;2020-12-30;1;0;4;0;0.0;0.0
57;2020-12-31;0;0;4;0;0.0;0.0
57;2021-01-01;0;0;4;0;0.0;0.0
57;2021-01-02;3;0;7;0;0.0;0.0
57;2021-01-03;0;0;7;0;0.0;0.0
57;2021-01-04;16;0;23;0;0.0;0.0
57;2021-01-05;199;0;222;0;0.0;0.0
57;2021-01-06;226;1;448;1;0.0;0.0
57;2021-01-07;584;2;1032;3;0.1;0.0
57;2021-01-08;509;2;1541;5;0.1;0.0
57;2021-01-09;202;0;1743;5;0.2;0.0
57;2021-01-10;108;1;1851;6;0.2;0.0
57;2021-01-11;470;1;2321;7;0.2;0.0
57;2021-01-12;613;5;2934;12;0.3;0.0
57;2021-01-13;695;2;3629;14;0.4;0.0
57;2021-01-14;707;6;4336;20;0.4;0.0
57;2021-01-15;635;4;4971;24;0.5;0.0
57;2021-01-16;452;1;5423;25;0.5;0.0
57;2021-01-17;492;1;5915;26;0.6;0.0
57;2021-01-18;2707;20;8622;46;0.8;0.0
57;2021-01-19;2568;18;11190;64;1.1;0.0
57;2021-01-20;2762;17;13952;81;1.3;0.0
57;2021-01-21;1793;5;15745;86;1.5;0.0
57;2021-01-22;1324;6;17069;92;1.6;0.0
57;2021-01-23;543;16;17612;108;1.7;0.0
57;2021-01-24;1;0;17613;108;1.7;0.0
57;2021-01-25;870;186;18483;294;1.8;0.0
57;2021-01-26;1112;214;19595;508;1.9;0.0
57;2021-01-27;1069;183;20664;691;2.0;0.1
57;2021-01-28;1040;299;21704;990;2.1;0.1
57;2021-01-29;981;396;22685;1386;2.2;0.1
57;2021-01-30;440;94;23125;1480;2.2;0.1
57;2021-01-31;11;27;23136;1507;2.2;0.1
57;2021-02-01;826;351;23962;1858;2.3;0.2
57;2021-02-02;989;364;24951;2222;2.4;0.2
57;2021-02-03;986;320;25937;2542;2.5;0.2
57;2021-02-04;1137;808;27074;3350;2.6;0.3
57;2021-02-05;929;356;28003;3706;2.7;0.4
57;2021-02-06;481;349;28484;4055;2.7;0.4
57;2021-02-07;103;334;28587;4389;2.8;0.4
57;2021-02-08;1256;1557;29843;5946;2.9;0.6
57;2021-02-09;1762;1677;31605;7623;3.1;0.7
57;2021-02-10;1711;2074;33316;9697;3.2;0.9
57;2021-02-11;1486;1330;34802;11027;3.4;1.1
57;2021-02-12;1227;677;36029;11704;3.5;1.1
57;2021-02-13;1152;178;37181;11882;3.6;1.1
57;2021-02-14;1210;29;38391;11911;3.7;1.1
57;2021-02-15;766;863;39157;12774;3.8;1.2
57;2021-02-16;1072;798;40229;13572;3.9;1.3
57;2021-02-17;1009;959;41238;14531;4.0;1.4
57;2021-02-18;974;1160;42212;15691;4.1;1.5
57;2021-02-19;955;937;43167;16628;4.2;1.6
57;2021-02-20;1173;617;44340;17245;4.3;1.7
57;2021-02-21;323;13;44663;17258;4.3;1.7
57;2021-02-22;1230;913;45893;18171;4.4;1.8
57;2021-02-23;2234;1090;48127;19261;4.6;1.9
57;2021-02-24;2268;1004;50395;20265;4.9;2.0
57;2021-02-25;3297;1121;53692;21386;5.2;2.1
57;2021-02-26;3577;956;57269;22342;5.5;2.2
57;2021-02-27;3689;538;60958;22880;5.9;2.2
57;2021-02-28;1896;58;62854;22938;6.1;2.2
57;2021-03-01;2049;1345;64903;24283;6.3;2.3
57;2021-03-02;2854;1604;67757;25887;6.5;2.5
57;2021-03-03;2804;1614;70561;27501;6.8;2.7
57;2021-03-04;3269;1301;73830;28802;7.1;2.8
57;2021-03-05;4456;1246;78286;30048;7.6;2.9
57;2021-03-06;7242;794;85528;30842;8.3;3.0
57;2021-03-07;6071;277;91599;31119;8.8;3.0
57;2021-03-08;2297;1009;93896;32128;9.1;3.1
57;2021-03-09;3380;1304;97276;33432;9.4;3.2
57;2021-03-10;3579;970;100855;34402;9.7;3.3
57;2021-03-11;4036;1254;104891;35656;10.1;3.4
57;2021-03-12;5106;1216;109997;36872;10.6;3.6
57;2021-03-13;6283;990;116280;37862;11.2;3.7
57;2021-03-14;2424;425;118704;38287;11.5;3.7
57;2021-03-15;2960;878;121664;39165;11.7;3.8
57;2021-03-16;3060;1277;124724;40442;12.0;3.9
57;2021-03-17;3050;1142;127774;41584;12.3;4.0
57;2021-03-18;3400;1076;131174;42660;12.7;4.1
57;2021-03-19;4619;1043;135793;43703;13.1;4.2
57;2021-03-20;4697;1024;140490;44727;13.6;4.3
57;2021-03-21;1895;255;142385;44982;13.7;4.3
57;2021-03-22;2480;1474;144865;46456;14.0;4.5
57;2021-03-23;3441;2339;148306;48795;14.3;4.7
57;2021-03-24;3896;2147;152202;50942;14.7;4.9
57;2021-03-25;4738;2594;156940;53536;15.2;5.2
57;2021-03-26;4841;2258;161781;55794;15.6;5.4
57;2021-03-27;3710;3156;165491;58950;16.0;5.7
57;2021-03-28;1400;1849;166891;60799;16.1;5.9
57;2021-03-29;1936;2169;168827;62968;16.3;6.1
57;2021-03-30;3300;2488;172127;65456;16.6;6.3
57;2021-03-31;2821;2307;174948;67763;16.9;6.5
57;2021-04-01;3222;3171;178170;70934;17.2;6.8
57;2021-04-02;2391;2579;180561;73513;17.4;7.1
57;2021-04-03;2567;2666;183128;76179;17.7;7.4
57;2021-04-04;593;970;183721;77149;17.7;7.4
57;2021-04-05;1922;668;185643;77817;17.9;7.5
57;2021-04-06;2451;2834;188094;80651;18.2;7.8
57;2021-04-07;3810;3086;191904;83737;18.5;8.1
57;2021-04-08;5611;2902;197515;86639;19.1;8.4
57;2021-04-09;5009;2722;202524;89361;19.6;8.6
57;2021-04-10;2354;3637;204878;92998;19.8;9.0
57;2021-04-11;1099;1890;205977;94888;19.9;9.2
57;2021-04-12;1790;2754;207767;97642;20.1;9.4
57;2021-04-13;1975;3031;209742;100673;20.2;9.7
57;2021-04-14;1919;2988;211661;103661;20.4;10.0
57;2021-04-15;2365;3430;214026;107091;20.7;10.3
57;2021-04-16;2701;3292;216727;110383;20.9;10.7
57;2021-04-17;2473;3186;219200;113569;21.2;11.0
57;2021-04-18;1245;1775;220445;115344;21.3;11.1
57;2021-04-19;2141;2261;222586;117605;21.5;11.4
57;2021-04-20;2514;2784;225100;120389;21.7;11.6
57;2021-04-21;2569;2378;227669;122767;22.0;11.9
57;2021-04-22;3207;2252;230876;125019;22.3;12.1
57;2021-04-23;4056;2580;234932;127599;22.7;12.3
57;2021-04-24;3393;2562;238325;130161;23.0;12.6
57;2021-04-25;757;1127;239082;131288;23.1;12.7
57;2021-04-26;2969;1997;242051;133285;23.4;12.9
57;2021-04-27;3899;2374;245950;135659;23.7;13.1
57;2021-04-28;4211;2592;250161;138251;24.1;13.3
57;2021-04-29;5259;3449;255420;141700;24.7;13.7
57;2021-04-30;4727;3548;260147;145248;25.1;14.0
57;2021-05-01;2351;1684;262498;146932;25.3;14.2
57;2021-05-02;790;912;263288;147844;25.4;14.3
57;2021-05-03;3565;2995;266853;150839;25.8;14.6
57;2021-05-04;4870;3167;271723;154006;26.2;14.9
57;2021-05-05;6122;3172;277845;157178;26.8;15.2
57;2021-05-06;5990;3288;283835;160466;27.4;15.5
57;2021-05-07;6854;3445;290689;163911;28.1;15.8
57;2021-05-08;4052;1608;294741;165519;28.5;16.0
57;2021-05-09;2048;1112;296789;166631;28.7;16.1
57;2021-05-10;5128;3069;301917;169700;29.1;16.4
57;2021-05-11;7448;2853;309365;172553;29.9;16.7
57;2021-05-12;7844;3244;317209;175797;30.6;17.0
57;2021-05-13;4510;912;321719;176709;31.1;17.1
57;2021-05-14;7836;2632;329555;179341;31.8;17.3
57;2021-05-15;5964;2051;335519;181392;32.4;17.5
57;2021-05-16;3309;579;338828;181971;32.7;17.6
57;2021-05-17;3866;2068;342694;184039;33.1;17.8
57;2021-05-18;6289;2103;348983;186142;33.7;18.0
57;2021-05-19;7019;2330;356002;188472;34.4;18.2
57;2021-05-20;6049;2184;362051;190656;35.0;18.4
57;2021-05-21;7563;2918;369614;193574;35.7;18.7
57;2021-05-22;4892;2169;374506;195743;36.2;18.9
57;2021-05-23;1964;432;376470;196175;36.3;18.9
57;2021-05-24;3032;1066;379502;197241;36.6;19.0
57;2021-05-25;5576;2803;385078;200044;37.2;19.3
57;2021-05-26;6374;3183;391452;203227;37.8;19.6
57;2021-05-27;5793;3125;397245;206352;38.3;19.9
57;2021-05-28;7023;4751;404268;211103;39.0;20.4
57;2021-05-29;5222;4252;409490;215355;39.5;20.8
57;2021-05-30;1967;1741;411457;217096;39.7;21.0
57;2021-05-31;4318;3339;415775;220435;40.1;21.3
57;2021-06-01;5934;3713;421709;224148;40.7;21.6
57;2021-06-02;6338;3905;428047;228053;41.3;22.0
57;2021-06-03;6213;3701;434260;231754;41.9;22.4
57;2021-06-04;7566;4991;441826;236745;42.7;22.9
57;2021-06-05;4769;4032;446595;240777;43.1;23.2
57;2021-06-06;1994;889;448589;241666;43.3;23.3
57;2021-06-07;4325;4036;452914;245702;43.7;23.7
57;2021-06-08;6714;4310;459628;250012;44.4;24.1
57;2021-06-09;6882;4155;466510;254167;45.0;24.5
57;2021-06-10;6219;4590;472729;258757;45.6;25.0
57;2021-06-11;5363;5361;478092;264118;46.2;25.5
57;2021-06-12;5742;4454;483834;268572;46.7;25.9
57;2021-06-13;1500;1141;485334;269713;46.9;26.0
57;2021-06-14;3380;4707;488714;274420;47.2;26.5
57;2021-06-15;3814;6019;492528;280439;47.5;27.1
57;2021-06-16;4399;6593;496927;287032;48.0;27.7
57;2021-06-17;4196;6081;501123;293113;48.4;28.3
57;2021-06-18;4274;7306;505397;300419;48.8;29.0
57;2021-06-19;4155;6292;509552;306711;49.2;29.6
57;2021-06-20;986;1667;510538;308378;49.3;29.8
57;2021-06-21;2065;5971;512603;314349;49.5;30.3
57;2021-06-22;2638;7985;515241;322334;49.7;31.1
57;2021-06-23;3075;8388;518316;330722;50.0;31.9
57;2021-06-24;2456;5289;520772;336011;50.3;32.4
57;2021-06-25;2855;7830;523627;343841;50.5;33.2
57;2021-06-26;2870;7258;526497;351099;50.8;33.9
57;2021-06-27;753;2986;527250;354085;50.9;34.2
57;2021-06-28;1589;5077;528839;359162;51.1;34.7
57;2021-06-29;2085;6827;530924;365989;51.3;35.3
57;2021-06-30;3064;7319;533988;373308;51.5;36.0
57;2021-07-01;2688;5954;536676;379262;51.8;36.6
57;2021-07-02;2657;8077;539333;387339;52.1;37.4
57;2021-07-03;3239;6525;542572;393864;52.4;38.0
57;2021-07-04;947;2469;543519;396333;52.5;38.3
57;2021-07-05;1690;4605;545209;400938;52.6;38.7
57;2021-07-06;2414;6479;547623;407417;52.9;39.3
57;2021-07-07;2718;7085;550341;414502;53.1;40.0
57;2021-07-08;2485;5875;552826;420377;53.4;40.6
57;2021-07-09;3422;8416;556248;428793;53.7;41.4
57;2021-07-10;3093;6936;559341;435729;54.0;42.1
57;2021-07-11;853;2231;560194;437960;54.1;42.3
57;2021-07-12;2405;6420;562599;444380;54.3;42.9
57;2021-07-13;4405;7500;567004;451880;54.7;43.6
57;2021-07-14;2822;3841;569826;455721;55.0;44.0
57;2021-07-15;3945;7788;573771;463509;55.4;44.7
57;2021-07-16;5632;9821;579403;473330;55.9;45.7
57;2021-07-17;5808;7287;585211;480617;56.5;46.4
57;2021-07-18;1484;2660;586695;483277;56.6;46.7
57;2021-07-19;2356;6210;589051;489487;56.9;47.3
57;2021-07-20;4313;6913;593364;496400;57.3;47.9
57;2021-07-21;5287;6902;598651;503302;57.8;48.6
57;2021-07-22;5943;5956;604594;509258;58.4;49.2
57;2021-07-23;7000;6388;611594;515646;59.0;49.8
57;2021-07-24;4522;7039;616116;522685;59.5;50.5
57;2021-07-25;1335;1769;617451;524454;59.6;50.6
57;2021-07-26;3707;4493;621158;528947;60.0;51.1
57;2021-07-27;6818;4929;627976;533876;60.6;51.5
57;2021-07-28;7445;4539;635421;538415;61.3;52.0
57;2021-07-29;7570;4583;642991;542998;62.1;52.4
57;2021-07-30;6827;4877;649818;547875;62.7;52.9
57;2021-07-31;5683;5009;655501;552884;63.3;53.4
57;2021-08-01;2020;1115;657521;553999;63.5;53.5
57;2021-08-02;3502;3182;661023;557181;63.8;53.8
57;2021-08-03;5464;4276;666487;561457;64.3;54.2
57;2021-08-04;5199;3463;671686;564920;64.8;54.5
57;2021-08-05;5345;3760;677031;568680;65.4;54.9
57;2021-08-06;5565;4830;682596;573510;65.9;55.4
57;2021-08-07;4539;5134;687135;578644;66.3;55.9
57;2021-08-08;1469;1499;688604;580143;66.5;56.0
57;2021-08-09;2604;3159;691208;583302;66.7;56.3
57;2021-08-10;3490;3778;694698;587080;67.1;56.7
57;2021-08-11;3686;4008;698384;591088;67.4;57.1
57;2021-08-12;3130;5207;701514;596295;67.7;57.6
57;2021-08-13;3443;4709;704957;601004;68.1;58.0
57;2021-08-14;2147;5177;707104;606181;68.3;58.5
57;2021-08-15;527;1090;707631;607271;68.3;58.6
57;2021-08-16;1762;3548;709393;610819;68.5;59.0
58;2020-12-27;0;0;0;0;0.0;0.0
58;2020-12-28;0;0;0;0;0.0;0.0
58;2020-12-29;1;0;1;0;0.0;0.0
58;2020-12-30;0;0;1;0;0.0;0.0
58;2020-12-31;0;0;1;0;0.0;0.0
58;2021-01-01;0;0;1;0;0.0;0.0
58;2021-01-02;0;0;1;0;0.0;0.0
58;2021-01-03;1;0;2;0;0.0;0.0
58;2021-01-04;0;0;2;0;0.0;0.0
58;2021-01-05;2;0;4;0;0.0;0.0
58;2021-01-06;145;0;149;0;0.1;0.0
58;2021-01-07;241;0;390;0;0.2;0.0
58;2021-01-08;63;0;453;0;0.2;0.0
58;2021-01-09;1;0;454;0;0.2;0.0
58;2021-01-10;0;0;454;0;0.2;0.0
58;2021-01-11;54;0;508;0;0.3;0.0
58;2021-01-12;258;0;766;0;0.4;0.0
58;2021-01-13;405;0;1171;0;0.6;0.0
58;2021-01-14;291;1;1462;1;0.7;0.0
58;2021-01-15;141;0;1603;1;0.8;0.0
58;2021-01-16;10;1;1613;2;0.8;0.0
58;2021-01-17;0;0;1613;2;0.8;0.0
58;2021-01-18;413;1;2026;3;1.0;0.0
58;2021-01-19;986;2;3012;5;1.5;0.0
58;2021-01-20;1206;2;4218;7;2.1;0.0
58;2021-01-21;961;4;5179;11;2.6;0.0
58;2021-01-22;779;2;5958;13;3.0;0.0
58;2021-01-23;251;0;6209;13;3.1;0.0
58;2021-01-24;2;0;6211;13;3.1;0.0
58;2021-01-25;439;0;6650;13;3.3;0.0
58;2021-01-26;650;4;7300;17;3.7;0.0
58;2021-01-27;604;44;7904;61;4.0;0.0
58;2021-01-28;756;66;8660;127;4.3;0.1
58;2021-01-29;837;7;9497;134;4.8;0.1
58;2021-01-30;281;0;9778;134;4.9;0.1
58;2021-01-31;10;0;9788;134;4.9;0.1
58;2021-02-01;200;71;9988;205;5.0;0.1
58;2021-02-02;565;85;10553;290;5.3;0.1
58;2021-02-03;279;148;10832;438;5.4;0.2
58;2021-02-04;285;93;11117;531;5.6;0.3
58;2021-02-05;184;93;11301;624;5.7;0.3
58;2021-02-06;89;0;11390;624;5.7;0.3
58;2021-02-07;0;0;11390;624;5.7;0.3
58;2021-02-08;306;73;11696;697;5.9;0.3
58;2021-02-09;503;314;12199;1011;6.1;0.5
58;2021-02-10;349;381;12548;1392;6.3;0.7
58;2021-02-11;287;380;12835;1772;6.4;0.9
58;2021-02-12;243;203;13078;1975;6.6;1.0
58;2021-02-13;83;29;13161;2004;6.6;1.0
58;2021-02-14;0;3;13161;2007;6.6;1.0
58;2021-02-15;114;530;13275;2537;6.7;1.3
58;2021-02-16;209;939;13484;3476;6.8;1.7
58;2021-02-17;219;768;13703;4244;6.9;2.1
58;2021-02-18;187;790;13890;5034;7.0;2.5
58;2021-02-19;241;725;14131;5759;7.1;2.9
58;2021-02-20;62;229;14193;5988;7.1;3.0
58;2021-02-21;0;30;14193;6018;7.1;3.0
58;2021-02-22;78;405;14271;6423;7.1;3.2
58;2021-02-23;49;622;14320;7045;7.2;3.5
58;2021-02-24;39;631;14359;7676;7.2;3.8
58;2021-02-25;252;703;14611;8379;7.3;4.2
58;2021-02-26;246;623;14857;9002;7.4;4.5
58;2021-02-27;104;189;14961;9191;7.5;4.6
58;2021-02-28;11;8;14972;9199;7.5;4.6
58;2021-03-01;145;246;15117;9445;7.6;4.7
58;2021-03-02;415;642;15532;10087;7.8;5.1
58;2021-03-03;523;293;16055;10380;8.0;5.2
58;2021-03-04;723;277;16778;10657;8.4;5.3
58;2021-03-05;867;206;17645;10863;8.8;5.4
58;2021-03-06;574;87;18219;10950;9.1;5.5
58;2021-03-07;63;12;18282;10962;9.2;5.5
58;2021-03-08;154;299;18436;11261;9.2;5.6
58;2021-03-09;544;549;18980;11810;9.5;5.9
58;2021-03-10;838;243;19818;12053;9.9;6.0
58;2021-03-11;857;272;20675;12325;10.4;6.2
58;2021-03-12;862;199;21537;12524;10.8;6.3
58;2021-03-13;506;67;22043;12591;11.0;6.3
58;2021-03-14;34;0;22077;12591;11.1;6.3
58;2021-03-15;528;110;22605;12701;11.3;6.4
58;2021-03-16;726;222;23331;12923;11.7;6.5
58;2021-03-17;756;195;24087;13118;12.1;6.6
58;2021-03-18;582;179;24669;13297;12.4;6.7
58;2021-03-19;537;104;25206;13401;12.6;6.7
58;2021-03-20;322;64;25528;13465;12.8;6.7
58;2021-03-21;17;0;25545;13465;12.8;6.7
58;2021-03-22;794;25;26339;13490;13.2;6.8
58;2021-03-23;1636;42;27975;13532;14.0;6.8
58;2021-03-24;1366;74;29341;13606;14.7;6.8
58;2021-03-25;1840;44;31181;13650;15.6;6.8
58;2021-03-26;1413;51;32594;13701;16.3;6.9
58;2021-03-27;358;6;32952;13707;16.5;6.9
58;2021-03-28;20;0;32972;13707;16.5;6.9
58;2021-03-29;639;155;33611;13862;16.8;6.9
58;2021-03-30;1185;254;34796;14116;17.4;7.1
58;2021-03-31;1116;397;35912;14513;18.0;7.3
58;2021-04-01;1547;402;37459;14915;18.8;7.5
58;2021-04-02;1463;366;38922;15281;19.5;7.7
58;2021-04-03;567;150;39489;15431;19.8;7.7
58;2021-04-04;1;1;39490;15432;19.8;7.7
58;2021-04-05;46;0;39536;15432;19.8;7.7
58;2021-04-06;820;345;40356;15777;20.2;7.9
58;2021-04-07;695;551;41051;16328;20.6;8.2
58;2021-04-08;1493;426;42544;16754;21.3;8.4
58;2021-04-09;1774;484;44318;17238;22.2;8.6
58;2021-04-10;652;200;44970;17438;22.5;8.7
58;2021-04-11;17;3;44987;17441;22.5;8.7
58;2021-04-12;1117;502;46104;17943;23.1;9.0
58;2021-04-13;1437;626;47541;18569;23.8;9.3
58;2021-04-14;1339;673;48880;19242;24.5;9.6
58;2021-04-15;1434;601;50314;19843;25.2;9.9
58;2021-04-16;1734;511;52048;20354;26.1;10.2
58;2021-04-17;721;232;52769;20586;26.4;10.3
58;2021-04-18;20;7;52789;20593;26.4;10.3
58;2021-04-19;532;605;53321;21198;26.7;10.6
58;2021-04-20;486;1120;53807;22318;27.0;11.2
58;2021-04-21;626;970;54433;23288;27.3;11.7
58;2021-04-22;767;1525;55200;24813;27.7;12.4
58;2021-04-23;919;785;56119;25598;28.1;12.8
58;2021-04-24;211;205;56330;25803;28.2;12.9
58;2021-04-25;109;9;56439;25812;28.3;12.9
58;2021-04-26;762;248;57201;26060;28.7;13.1
58;2021-04-27;1499;1113;58700;27173;29.4;13.6
58;2021-04-28;1535;1051;60235;28224;30.2;14.1
58;2021-04-29;1442;1039;61677;29263;30.9;14.7
58;2021-04-30;1257;939;62934;30202;31.5;15.1
58;2021-05-01;6;17;62940;30219;31.5;15.1
58;2021-05-02;4;2;62944;30221;31.5;15.1
58;2021-05-03;1045;404;63989;30625;32.1;15.3
58;2021-05-04;1076;1348;65065;31973;32.6;16.0
58;2021-05-05;952;1090;66017;33063;33.1;16.6
58;2021-05-06;1361;1060;67378;34123;33.8;17.1
58;2021-05-07;1110;1090;68488;35213;34.3;17.6
58;2021-05-08;59;60;68547;35273;34.3;17.7
58;2021-05-09;5;19;68552;35292;34.3;17.7
58;2021-05-10;875;989;69427;36281;34.8;18.2
58;2021-05-11;1185;1982;70612;38263;35.4;19.2
58;2021-05-12;1662;1554;72274;39817;36.2;19.9
58;2021-05-13;49;181;72323;39998;36.2;20.0
58;2021-05-14;2310;909;74633;40907;37.4;20.5
58;2021-05-15;1725;458;76358;41365;38.3;20.7
58;2021-05-16;118;30;76476;41395;38.3;20.7
58;2021-05-17;792;610;77268;42005;38.7;21.0
58;2021-05-18;1332;1183;78600;43188;39.4;21.6
58;2021-05-19;1737;546;80337;43734;40.2;21.9
58;2021-05-20;1701;670;82038;44404;41.1;22.2
58;2021-05-21;854;727;82892;45131;41.5;22.6
58;2021-05-22;304;240;83196;45371;41.7;22.7
58;2021-05-23;2;21;83198;45392;41.7;22.7
58;2021-05-24;21;43;83219;45435;41.7;22.8
58;2021-05-25;1388;1152;84607;46587;42.4;23.3
58;2021-05-26;844;840;85451;47427;42.8;23.8
58;2021-05-27;752;944;86203;48371;43.2;24.2
58;2021-05-28;430;911;86633;49282;43.4;24.7
58;2021-05-29;151;212;86784;49494;43.5;24.8
58;2021-05-30;21;19;86805;49513;43.5;24.8
58;2021-05-31;757;398;87562;49911;43.9;25.0
58;2021-06-01;1373;1658;88935;51569;44.6;25.8
58;2021-06-02;1463;1044;90398;52613;45.3;26.4
58;2021-06-03;1026;959;91424;53572;45.8;26.8
58;2021-06-04;845;915;92269;54487;46.2;27.3
58;2021-06-05;272;263;92541;54750;46.4;27.4
58;2021-06-06;24;49;92565;54799;46.4;27.5
58;2021-06-07;712;793;93277;55592;46.7;27.9
58;2021-06-08;1323;1758;94600;57350;47.4;28.7
58;2021-06-09;1401;1009;96001;58359;48.1;29.2
58;2021-06-10;1108;981;97109;59340;48.7;29.7
58;2021-06-11;1030;907;98139;60247;49.2;30.2
58;2021-06-12;1055;415;99194;60662;49.7;30.4
58;2021-06-13;36;33;99230;60695;49.7;30.4
58;2021-06-14;516;1016;99746;61711;50.0;30.9
58;2021-06-15;1594;1757;101340;63468;50.8;31.8
58;2021-06-16;1805;992;103145;64460;51.7;32.3
58;2021-06-17;2023;1109;105168;65569;52.7;32.9
58;2021-06-18;987;1064;106155;66633;53.2;33.4
58;2021-06-19;581;319;106736;66952;53.5;33.5
58;2021-06-20;9;2;106745;66954;53.5;33.5
58;2021-06-21;472;551;107217;67505;53.7;33.8
58;2021-06-22;1028;1966;108245;69471;54.2;34.8
58;2021-06-23;1478;1513;109723;70984;55.0;35.6
58;2021-06-24;728;1024;110451;72008;55.3;36.1
58;2021-06-25;824;1718;111275;73726;55.8;36.9
58;2021-06-26;554;1229;111829;74955;56.0;37.6
58;2021-06-27;17;26;111846;74981;56.0;37.6
58;2021-06-28;463;988;112309;75969;56.3;38.1
58;2021-06-29;623;2162;112932;78131;56.6;39.1
58;2021-06-30;998;1623;113930;79754;57.1;40.0
58;2021-07-01;758;1675;114688;81429;57.5;40.8
58;2021-07-02;450;849;115138;82278;57.7;41.2
58;2021-07-03;249;512;115387;82790;57.8;41.5
58;2021-07-04;12;30;115399;82820;57.8;41.5
58;2021-07-05;510;768;115909;83588;58.1;41.9
58;2021-07-06;694;2122;116603;85710;58.4;42.9
58;2021-07-07;387;956;116990;86666;58.6;43.4
58;2021-07-08;399;1020;117389;87686;58.8;43.9
58;2021-07-09;709;1416;118098;89102;59.2;44.6
58;2021-07-10;260;413;118358;89515;59.3;44.8
58;2021-07-11;175;55;118533;89570;59.4;44.9
58;2021-07-12;197;968;118730;90538;59.5;45.4
58;2021-07-13;932;2502;119662;93040;60.0;46.6
58;2021-07-14;27;62;119689;93102;60.0;46.6
58;2021-07-15;1134;1938;120823;95040;60.5;47.6
58;2021-07-16;1411;1447;122234;96487;61.2;48.3
58;2021-07-17;463;288;122697;96775;61.5;48.5
58;2021-07-18;102;21;122799;96796;61.5;48.5
58;2021-07-19;1647;990;124446;97786;62.3;49.0
58;2021-07-20;1404;2458;125850;100244;63.1;50.2
58;2021-07-21;1187;2032;127037;102276;63.6;51.2
58;2021-07-22;1139;1669;128176;103945;64.2;52.1
58;2021-07-23;1256;1446;129432;105391;64.8;52.8
58;2021-07-24;997;1273;130429;106664;65.3;53.4
58;2021-07-25;88;39;130517;106703;65.4;53.5
58;2021-07-26;982;860;131499;107563;65.9;53.9
58;2021-07-27;1555;2579;133054;110142;66.7;55.2
58;2021-07-28;1568;1971;134622;112113;67.4;56.2
58;2021-07-29;1572;1615;136194;113728;68.2;57.0
58;2021-07-30;1460;1428;137654;115156;69.0;57.7
58;2021-07-31;562;525;138216;115681;69.2;58.0
58;2021-08-01;34;13;138250;115694;69.3;58.0
58;2021-08-02;1583;863;139833;116557;70.1;58.4
58;2021-08-03;2042;1780;141875;118337;71.1;59.3
58;2021-08-04;1304;1184;143179;119521;71.7;59.9
58;2021-08-05;1619;1181;144798;120702;72.5;60.5
58;2021-08-06;1354;1030;146152;121732;73.2;61.0
58;2021-08-07;311;401;146463;122133;73.4;61.2
58;2021-08-08;30;57;146493;122190;73.4;61.2
58;2021-08-09;1075;1383;147568;123573;73.9;61.9
58;2021-08-10;1778;1387;149346;124960;74.8;62.6
58;2021-08-11;1117;774;150463;125734;75.4;63.0
58;2021-08-12;1060;1110;151523;126844;75.9;63.6
58;2021-08-13;824;944;152347;127788;76.3;64.0
58;2021-08-14;222;315;152569;128103;76.4;64.2
58;2021-08-15;13;27;152582;128130;76.4;64.2
58;2021-08-16;298;1403;152880;129533;76.6;64.9
59;2020-12-27;1;0;1;0;0.0;0.0
59;2020-12-28;26;0;27;0;0.0;0.0
59;2020-12-29;0;0;27;0;0.0;0.0
59;2020-12-30;0;0;27;0;0.0;0.0
59;2020-12-31;1;0;28;0;0.0;0.0
59;2021-01-01;3;0;31;0;0.0;0.0
59;2021-01-02;1;0;32;0;0.0;0.0
59;2021-01-03;2;0;34;0;0.0;0.0
59;2021-01-04;79;0;113;0;0.0;0.0
59;2021-01-05;217;0;330;0;0.0;0.0
59;2021-01-06;430;2;760;2;0.0;0.0
59;2021-01-07;1313;0;2073;2;0.1;0.0
59;2021-01-08;1262;4;3335;6;0.1;0.0
59;2021-01-09;609;3;3944;9;0.2;0.0
59;2021-01-10;427;0;4371;9;0.2;0.0
59;2021-01-11;1846;5;6217;14;0.2;0.0
59;2021-01-12;2470;2;8687;16;0.3;0.0
59;2021-01-13;2366;3;11053;19;0.4;0.0
59;2021-01-14;2757;22;13810;41;0.5;0.0
59;2021-01-15;2274;16;16084;57;0.6;0.0
59;2021-01-16;770;1;16854;58;0.7;0.0
59;2021-01-17;560;1;17414;59;0.7;0.0
59;2021-01-18;3508;15;20922;74;0.8;0.0
59;2021-01-19;4753;9;25675;83;1.0;0.0
59;2021-01-20;4134;12;29809;95;1.2;0.0
59;2021-01-21;4726;40;34535;135;1.3;0.0
59;2021-01-22;4020;11;38555;146;1.5;0.0
59;2021-01-23;1214;3;39769;149;1.5;0.0
59;2021-01-24;168;0;39937;149;1.5;0.0
59;2021-01-25;2728;58;42665;207;1.6;0.0
59;2021-01-26;2802;137;45467;344;1.8;0.0
59;2021-01-27;1736;308;47203;652;1.8;0.0
59;2021-01-28;3397;764;50600;1416;2.0;0.1
59;2021-01-29;2541;794;53141;2210;2.1;0.1
59;2021-01-30;288;176;53429;2386;2.1;0.1
59;2021-01-31;24;0;53453;2386;2.1;0.1
59;2021-02-01;78;864;53531;3250;2.1;0.1
59;2021-02-02;684;1433;54215;4683;2.1;0.2
59;2021-02-03;3748;1438;57963;6121;2.2;0.2
59;2021-02-04;2958;1742;60921;7863;2.4;0.3
59;2021-02-05;1048;1410;61969;9273;2.4;0.4
59;2021-02-06;206;356;62175;9629;2.4;0.4
59;2021-02-07;268;49;62443;9678;2.4;0.4
59;2021-02-08;683;1624;63126;11302;2.4;0.4
59;2021-02-09;1010;1845;64136;13147;2.5;0.5
59;2021-02-10;974;1638;65110;14785;2.5;0.6
59;2021-02-11;1346;1813;66456;16598;2.6;0.6
59;2021-02-12;1412;1644;67868;18242;2.6;0.7
59;2021-02-13;207;748;68075;18990;2.6;0.7
59;2021-02-14;13;42;68088;19032;2.6;0.7
59;2021-02-15;1394;3115;69482;22147;2.7;0.9
59;2021-02-16;1433;3774;70915;25921;2.7;1.0
59;2021-02-17;1618;3829;72533;29750;2.8;1.1
59;2021-02-18;3105;5198;75638;34948;2.9;1.3
59;2021-02-19;3209;3622;78847;38570;3.0;1.5
59;2021-02-20;1413;1589;80260;40159;3.1;1.6
59;2021-02-21;242;261;80502;40420;3.1;1.6
59;2021-02-22;1431;2586;81933;43006;3.2;1.7
59;2021-02-23;2658;2863;84591;45869;3.3;1.8
59;2021-02-24;4105;4060;88696;49929;3.4;1.9
59;2021-02-25;6917;3728;95613;53657;3.7;2.1
59;2021-02-26;6496;1898;102109;55555;3.9;2.1
59;2021-02-27;3095;185;105204;55740;4.1;2.2
59;2021-02-28;208;59;105412;55799;4.1;2.2
59;2021-03-01;3693;667;109105;56466;4.2;2.2
59;2021-03-02;4793;569;113898;57035;4.4;2.2
59;2021-03-03;5745;1000;119643;58035;4.6;2.2
59;2021-03-04;7082;944;126725;58979;4.9;2.3
59;2021-03-05;7826;977;134551;59956;5.2;2.3
59;2021-03-06;11558;526;146109;60482;5.6;2.3
59;2021-03-07;7584;344;153693;60826;5.9;2.3
59;2021-03-08;4496;1094;158189;61920;6.1;2.4
59;2021-03-09;6583;1416;164772;63336;6.4;2.4
59;2021-03-10;7022;1193;171794;64529;6.6;2.5
59;2021-03-11;9469;1867;181263;66396;7.0;2.6
59;2021-03-12;12145;1539;193408;67935;7.5;2.6
59;2021-03-13;16554;1070;209962;69005;8.1;2.7
59;2021-03-14;6960;318;216922;69323;8.4;2.7
59;2021-03-15;5612;1502;222534;70825;8.6;2.7
59;2021-03-16;3738;1327;226272;72152;8.7;2.8
59;2021-03-17;3853;2097;230125;74249;8.9;2.9
59;2021-03-18;3956;2493;234081;76742;9.0;3.0
59;2021-03-19;7740;1822;241821;78564;9.3;3.0
59;2021-03-20;16021;1265;257842;79829;10.0;3.1
59;2021-03-21;6315;436;264157;80265;10.2;3.1
59;2021-03-22;5445;1773;269602;82038;10.4;3.2
59;2021-03-23;7768;2814;277370;84852;10.7;3.3
59;2021-03-24;6860;2961;284230;87813;11.0;3.4
59;2021-03-25;10531;2537;294761;90350;11.4;3.5
59;2021-03-26;12248;2833;307009;93183;11.9;3.6
59;2021-03-27;15276;1120;322285;94303;12.4;3.6
59;2021-03-28;7984;348;330269;94651;12.8;3.7
59;2021-03-29;5494;3202;335763;97853;13.0;3.8
59;2021-03-30;7538;3747;343301;101600;13.3;3.9
59;2021-03-31;6155;4103;349456;105703;13.5;4.1
59;2021-04-01;7489;4910;356945;110613;13.8;4.3
59;2021-04-02;7644;5523;364589;116136;14.1;4.5
59;2021-04-03;13015;4300;377604;120436;14.6;4.7
59;2021-04-04;5348;2182;382952;122618;14.8;4.7
59;2021-04-05;6010;1534;388962;124152;15.0;4.8
59;2021-04-06;5400;4493;394362;128645;15.2;5.0
59;2021-04-07;7624;5433;401986;134078;15.5;5.2
59;2021-04-08;10390;5758;412376;139836;15.9;5.4
59;2021-04-09;13418;5916;425794;145752;16.4;5.6
59;2021-04-10;11476;6138;437270;151890;16.9;5.9
59;2021-04-11;4634;3568;441904;155458;17.1;6.0
59;2021-04-12;6305;4351;448209;159809;17.3;6.2
59;2021-04-13;8934;4793;457143;164602;17.7;6.4
59;2021-04-14;8789;4335;465932;168937;18.0;6.5
59;2021-04-15;10306;4840;476238;173777;18.4;6.7
59;2021-04-16;10881;5503;487119;179280;18.8;6.9
59;2021-04-17;7299;9081;494418;188361;19.1;7.3
59;2021-04-18;3231;4170;497649;192531;19.2;7.4
59;2021-04-19;5045;4302;502694;196833;19.4;7.6
59;2021-04-20;6895;4213;509589;201046;19.7;7.8
59;2021-04-21;6273;4428;515862;205474;19.9;7.9
59;2021-04-22;8609;5508;524471;210982;20.3;8.1
59;2021-04-23;8456;5684;532927;216666;20.6;8.4
59;2021-04-24;5535;8063;538462;224729;20.8;8.7
59;2021-04-25;3242;6081;541704;230810;20.9;8.9
59;2021-04-26;6493;3794;548197;234604;21.2;9.1
59;2021-04-27;8359;5195;556556;239799;21.5;9.3
59;2021-04-28;8772;6574;565328;246373;21.8;9.5
59;2021-04-29;9413;8573;574741;254946;22.2;9.8
59;2021-04-30;10602;8544;585343;263490;22.6;10.2
59;2021-05-01;11997;7592;597340;271082;23.1;10.5
59;2021-05-02;8645;5992;605985;277074;23.4;10.7
59;2021-05-03;9554;5066;615539;282140;23.8;10.9
59;2021-05-04;11425;6010;626964;288150;24.2;11.1
59;2021-05-05;10294;6219;637258;294369;24.6;11.4
59;2021-05-06;11196;8464;648454;302833;25.0;11.7
59;2021-05-07;13297;9627;661751;312460;25.6;12.1
59;2021-05-08;14742;4161;676493;316621;26.1;12.2
59;2021-05-09;11491;3337;687984;319958;26.6;12.4
59;2021-05-10;12743;6643;700727;326601;27.1;12.6
59;2021-05-11;15112;8340;715839;334941;27.6;12.9
59;2021-05-12;16627;8644;732466;343585;28.3;13.3
59;2021-05-13;18442;3453;750908;347038;29.0;13.4
59;2021-05-14;15778;6967;766686;354005;29.6;13.7
59;2021-05-15;23444;5303;790130;359308;30.5;13.9
59;2021-05-16;21182;2408;811312;361716;31.3;14.0
59;2021-05-17;15073;5274;826385;366990;31.9;14.2
59;2021-05-18;16926;5673;843311;372663;32.6;14.4
59;2021-05-19;18319;5103;861630;377766;33.3;14.6
59;2021-05-20;17931;7016;879561;384782;34.0;14.9
59;2021-05-21;18371;8298;897932;393080;34.7;15.2
59;2021-05-22;23815;5693;921747;398773;35.6;15.4
59;2021-05-23;17922;2269;939669;401042;36.3;15.5
59;2021-05-24;16688;2129;956357;403171;36.9;15.6
59;2021-05-25;14991;6676;971348;409847;37.5;15.8
59;2021-05-26;15892;7050;987240;416897;38.1;16.1
59;2021-05-27;16147;9181;1003387;426078;38.8;16.5
59;2021-05-28;15888;11473;1019275;437551;39.4;16.9
59;2021-05-29;14372;8724;1033647;446275;39.9;17.2
59;2021-05-30;8406;1845;1042053;448120;40.2;17.3
59;2021-05-31;14202;7970;1056255;456090;40.8;17.6
59;2021-06-01;15091;10423;1071346;466513;41.4;18.0
59;2021-06-02;14765;9945;1086111;476458;42.0;18.4
59;2021-06-03;15626;12146;1101737;488604;42.6;18.9
59;2021-06-04;15605;13500;1117342;502104;43.2;19.4
59;2021-06-05;14980;9342;1132322;511446;43.7;19.8
59;2021-06-06;8830;3205;1141152;514651;44.1;19.9
59;2021-06-07;10526;9444;1151678;524095;44.5;20.2
59;2021-06-08;11760;11097;1163438;535192;44.9;20.7
59;2021-06-09;10765;11918;1174203;547110;45.4;21.1
59;2021-06-10;11498;12342;1185701;559452;45.8;21.6
59;2021-06-11;10975;16016;1196676;575468;46.2;22.2
59;2021-06-12;11077;13683;1207753;589151;46.6;22.8
59;2021-06-13;6340;7031;1214093;596182;46.9;23.0
59;2021-06-14;6504;12699;1220597;608881;47.1;23.5
59;2021-06-15;8239;15954;1228836;624835;47.5;24.1
59;2021-06-16;9202;13554;1238038;638389;47.8;24.7
59;2021-06-17;9187;15657;1247225;654046;48.2;25.3
59;2021-06-18;9081;20054;1256306;674100;48.5;26.0
59;2021-06-19;8954;17487;1265260;691587;48.9;26.7
59;2021-06-20;4900;10190;1270160;701777;49.1;27.1
59;2021-06-21;5277;15971;1275437;717748;49.3;27.7
59;2021-06-22;6332;18686;1281769;736434;49.5;28.4
59;2021-06-23;6166;19089;1287935;755523;49.7;29.2
59;2021-06-24;7332;20536;1295267;776059;50.0;30.0
59;2021-06-25;6508;21210;1301775;797269;50.3;30.8
59;2021-06-26;6485;23759;1308260;821028;50.5;31.7
59;2021-06-27;4756;17079;1313016;838107;50.7;32.4
59;2021-06-28;4999;19828;1318015;857935;50.9;33.1
59;2021-06-29;5553;20373;1323568;878308;51.1;33.9
59;2021-06-30;6133;20099;1329701;898407;51.4;34.7
59;2021-07-01;6784;20840;1336485;919247;51.6;35.5
59;2021-07-02;6831;23247;1343316;942494;51.9;36.4
59;2021-07-03;5559;24618;1348875;967112;52.1;37.4
59;2021-07-04;4415;15980;1353290;983092;52.3;38.0
59;2021-07-05;5664;17490;1358954;1000582;52.5;38.6
59;2021-07-06;6594;18812;1365548;1019394;52.7;39.4
59;2021-07-07;6939;17462;1372487;1036856;53.0;40.0
59;2021-07-08;8013;17705;1380500;1054561;53.3;40.7
59;2021-07-09;7698;20305;1388198;1074866;53.6;41.5
59;2021-07-10;7438;18539;1395636;1093405;53.9;42.2
59;2021-07-11;4452;10229;1400088;1103634;54.1;42.6
59;2021-07-12;5903;18040;1405991;1121674;54.3;43.3
59;2021-07-13;9892;20757;1415883;1142431;54.7;44.1
59;2021-07-14;9779;8461;1425662;1150892;55.1;44.5
59;2021-07-15;11622;20417;1437284;1171309;55.5;45.2
59;2021-07-16;13197;20505;1450481;1191814;56.0;46.0
59;2021-07-17;12380;17457;1462861;1209271;56.5;46.7
59;2021-07-18;7947;8681;1470808;1217952;56.8;47.0
59;2021-07-19;10380;16449;1481188;1234401;57.2;47.7
59;2021-07-20;13365;17134;1494553;1251535;57.7;48.3
59;2021-07-21;14498;15588;1509051;1267123;58.3;48.9
59;2021-07-22;17018;15205;1526069;1282328;58.9;49.5
59;2021-07-23;15688;15830;1541757;1298158;59.6;50.1
59;2021-07-24;16322;12274;1558079;1310432;60.2;50.6
59;2021-07-25;11899;7318;1569978;1317750;60.6;50.9
59;2021-07-26;13003;12605;1582981;1330355;61.1;51.4
59;2021-07-27;16081;11942;1599062;1342297;61.8;51.8
59;2021-07-28;17364;11635;1616426;1353932;62.4;52.3
59;2021-07-29;17327;11654;1633753;1365586;63.1;52.7
59;2021-07-30;15859;11582;1649612;1377168;63.7;53.2
59;2021-07-31;13927;9150;1663539;1386318;64.3;53.5
59;2021-08-01;9927;4517;1673466;1390835;64.6;53.7
59;2021-08-02;12068;9998;1685534;1400833;65.1;54.1
59;2021-08-03;13347;10028;1698881;1410861;65.6;54.5
59;2021-08-04;11170;8261;1710051;1419122;66.1;54.8
59;2021-08-05;12652;9771;1722703;1428893;66.5;55.2
59;2021-08-06;12452;11021;1735155;1439914;67.0;55.6
59;2021-08-07;9688;9272;1744843;1449186;67.4;56.0
59;2021-08-08;6927;5231;1751770;1454417;67.7;56.2
59;2021-08-09;8363;10786;1760133;1465203;68.0;56.6
59;2021-08-10;10341;10745;1770474;1475948;68.4;57.0
59;2021-08-11;8619;9291;1779093;1485239;68.7;57.4
59;2021-08-12;8954;12028;1788047;1497267;69.1;57.8
59;2021-08-13;8374;11669;1796421;1508936;69.4;58.3
59;2021-08-14;5887;10346;1802308;1519282;69.6;58.7
59;2021-08-15;3355;4645;1805663;1523927;69.7;58.9
59;2021-08-16;5783;13795;1811446;1537722;70.0;59.4
60;2020-12-27;0;0;0;0;0.0;0.0
60;2020-12-28;0;0;0;0;0.0;0.0
60;2020-12-29;1;0;1;0;0.0;0.0
60;2020-12-30;0;0;1;0;0.0;0.0
60;2020-12-31;0;0;1;0;0.0;0.0
60;2021-01-01;0;0;1;0;0.0;0.0
60;2021-01-02;5;0;6;0;0.0;0.0
60;2021-01-03;1;0;7;0;0.0;0.0
60;2021-01-04;1;0;8;0;0.0;0.0
60;2021-01-05;37;0;45;0;0.0;0.0
60;2021-01-06;188;4;233;4;0.0;0.0
60;2021-01-07;236;4;469;8;0.1;0.0
60;2021-01-08;380;3;849;11;0.1;0.0
60;2021-01-09;3;0;852;11;0.1;0.0
60;2021-01-10;60;0;912;11;0.1;0.0
60;2021-01-11;342;2;1254;13;0.2;0.0
60;2021-01-12;534;2;1788;15;0.2;0.0
60;2021-01-13;476;5;2264;20;0.3;0.0
60;2021-01-14;507;6;2771;26;0.3;0.0
60;2021-01-15;700;6;3471;32;0.4;0.0
60;2021-01-16;124;1;3595;33;0.4;0.0
60;2021-01-17;31;0;3626;33;0.4;0.0
60;2021-01-18;859;5;4485;38;0.5;0.0
60;2021-01-19;1168;10;5653;48;0.7;0.0
60;2021-01-20;1697;13;7350;61;0.9;0.0
60;2021-01-21;2189;10;9539;71;1.2;0.0
60;2021-01-22;1523;14;11062;85;1.3;0.0
60;2021-01-23;499;4;11561;89;1.4;0.0
60;2021-01-24;61;1;11622;90;1.4;0.0
60;2021-01-25;895;14;12517;104;1.5;0.0
60;2021-01-26;950;14;13467;118;1.6;0.0
60;2021-01-27;643;8;14110;126;1.7;0.0
60;2021-01-28;395;168;14505;294;1.8;0.0
60;2021-01-29;77;106;14582;400;1.8;0.0
60;2021-01-30;0;1;14582;401;1.8;0.0
60;2021-01-31;22;61;14604;462;1.8;0.1
60;2021-02-01;38;108;14642;570;1.8;0.1
60;2021-02-02;26;159;14668;729;1.8;0.1
60;2021-02-03;161;237;14829;966;1.8;0.1
60;2021-02-04;170;341;14999;1307;1.8;0.2
60;2021-02-05;313;477;15312;1784;1.9;0.2
60;2021-02-06;63;79;15375;1863;1.9;0.2
60;2021-02-07;31;32;15406;1895;1.9;0.2
60;2021-02-08;328;517;15734;2412;1.9;0.3
60;2021-02-09;317;469;16051;2881;1.9;0.3
60;2021-02-10;553;993;16604;3874;2.0;0.5
60;2021-02-11;936;1130;17540;5004;2.1;0.6
60;2021-02-12;911;857;18451;5861;2.2;0.7
60;2021-02-13;90;309;18541;6170;2.2;0.7
60;2021-02-14;24;91;18565;6261;2.3;0.8
60;2021-02-15;613;810;19178;7071;2.3;0.9
60;2021-02-16;580;926;19758;7997;2.4;1.0
60;2021-02-17;632;929;20390;8926;2.5;1.1
60;2021-02-18;684;827;21074;9753;2.6;1.2
60;2021-02-19;641;767;21715;10520;2.6;1.3
60;2021-02-20;104;190;21819;10710;2.6;1.3
60;2021-02-21;22;121;21841;10831;2.6;1.3
60;2021-02-22;461;875;22302;11706;2.7;1.4
60;2021-02-23;533;789;22835;12495;2.8;1.5
60;2021-02-24;793;553;23628;13048;2.9;1.6
60;2021-02-25;1095;310;24723;13358;3.0;1.6
60;2021-02-26;1298;190;26021;13548;3.2;1.6
60;2021-02-27;666;36;26687;13584;3.2;1.6
60;2021-02-28;7;10;26694;13594;3.2;1.6
60;2021-03-01;893;49;27587;13643;3.3;1.7
60;2021-03-02;1013;166;28600;13809;3.5;1.7
60;2021-03-03;1321;447;29921;14256;3.6;1.7
60;2021-03-04;1724;517;31645;14773;3.8;1.8
60;2021-03-05;1820;289;33465;15062;4.1;1.8
60;2021-03-06;1919;137;35384;15199;4.3;1.8
60;2021-03-07;885;30;36269;15229;4.4;1.8
60;2021-03-08;977;316;37246;15545;4.5;1.9
60;2021-03-09;1642;355;38888;15900;4.7;1.9
60;2021-03-10;1937;430;40825;16330;4.9;2.0
60;2021-03-11;2324;384;43149;16714;5.2;2.0
60;2021-03-12;2592;544;45741;17258;5.5;2.1
60;2021-03-13;3837;210;49578;17468;6.0;2.1
60;2021-03-14;1779;57;51357;17525;6.2;2.1
60;2021-03-15;2091;502;53448;18027;6.5;2.2
60;2021-03-16;1583;625;55031;18652;6.7;2.3
60;2021-03-17;1659;620;56690;19272;6.9;2.3
60;2021-03-18;1760;738;58450;20010;7.1;2.4
60;2021-03-19;2590;530;61040;20540;7.4;2.5
60;2021-03-20;3239;189;64279;20729;7.8;2.5
60;2021-03-21;2125;99;66404;20828;8.0;2.5
60;2021-03-22;2132;712;68536;21540;8.3;2.6
60;2021-03-23;3307;727;71843;22267;8.7;2.7
60;2021-03-24;3069;877;74912;23144;9.1;2.8
60;2021-03-25;3849;847;78761;23991;9.5;2.9
60;2021-03-26;4216;873;82977;24864;10.1;3.0
60;2021-03-27;4141;313;87118;25177;10.6;3.1
60;2021-03-28;2448;81;89566;25258;10.9;3.1
60;2021-03-29;2608;1087;92174;26345;11.2;3.2
60;2021-03-30;3284;1075;95458;27420;11.6;3.3
60;2021-03-31;2669;1146;98127;28566;11.9;3.5
60;2021-04-01;2562;1107;100689;29673;12.2;3.6
60;2021-04-02;3307;1101;103996;30774;12.6;3.7
60;2021-04-03;3170;1013;107166;31787;13.0;3.9
60;2021-04-04;875;483;108041;32270;13.1;3.9
60;2021-04-05;458;81;108499;32351;13.2;3.9
60;2021-04-06;1964;1626;110463;33977;13.4;4.1
60;2021-04-07;1984;1747;112447;35724;13.6;4.3
60;2021-04-08;2612;1492;115059;37216;13.9;4.5
60;2021-04-09;2997;1518;118056;38734;14.3;4.7
60;2021-04-10;2929;1588;120985;40322;14.7;4.9
60;2021-04-11;1049;996;122034;41318;14.8;5.0
60;2021-04-12;2047;1722;124081;43040;15.0;5.2
60;2021-04-13;2747;1784;126828;44824;15.4;5.4
60;2021-04-14;3124;1813;129952;46637;15.8;5.7
60;2021-04-15;3545;1886;133497;48523;16.2;5.9
60;2021-04-16;3287;1950;136784;50473;16.6;6.1
60;2021-04-17;2848;2170;139632;52643;16.9;6.4
60;2021-04-18;573;1834;140205;54477;17.0;6.6
60;2021-04-19;1742;2212;141947;56689;17.2;6.9
60;2021-04-20;2128;2677;144075;59366;17.5;7.2
60;2021-04-21;2653;2207;146728;61573;17.8;7.5
60;2021-04-22;2630;2510;149358;64083;18.1;7.8
60;2021-04-23;2647;2502;152005;66585;18.4;8.1
60;2021-04-24;2471;3458;154476;70043;18.7;8.5
60;2021-04-25;1161;1964;155637;72007;18.9;8.7
60;2021-04-26;1890;2527;157527;74534;19.1;9.0
60;2021-04-27;2310;2846;159837;77380;19.4;9.4
60;2021-04-28;3062;2399;162899;79779;19.7;9.7
60;2021-04-29;3153;2627;166052;82406;20.1;10.0
60;2021-04-30;3459;2970;169511;85376;20.5;10.3
60;2021-05-01;2355;1123;171866;86499;20.8;10.5
60;2021-05-02;2147;842;174013;87341;21.1;10.6
60;2021-05-03;2955;1852;176968;89193;21.4;10.8
60;2021-05-04;3018;2357;179986;91550;21.8;11.1
60;2021-05-05;3257;2808;183243;94358;22.2;11.4
60;2021-05-06;3648;2479;186891;96837;22.7;11.7
60;2021-05-07;3986;2524;190877;99361;23.1;12.0
60;2021-05-08;3584;975;194461;100336;23.6;12.2
60;2021-05-09;3459;951;197920;101287;24.0;12.3
60;2021-05-10;2391;2294;200311;103581;24.3;12.6
60;2021-05-11;3667;2468;203978;106049;24.7;12.9
60;2021-05-12;4718;2547;208696;108596;25.3;13.2
60;2021-05-13;5292;1127;213988;109723;25.9;13.3
60;2021-05-14;5604;1810;219592;111533;26.6;13.5
60;2021-05-15;6172;1713;225764;113246;27.4;13.7
60;2021-05-16;4861;687;230625;113933;28.0;13.8
60;2021-05-17;3716;1674;234341;115607;28.4;14.0
60;2021-05-18;4048;2080;238389;117687;28.9;14.3
60;2021-05-19;5096;1854;243485;119541;29.5;14.5
60;2021-05-20;5458;1793;248943;121334;30.2;14.7
60;2021-05-21;5973;1975;254916;123309;30.9;14.9
60;2021-05-22;5355;1981;260271;125290;31.5;15.2
60;2021-05-23;4267;655;264538;125945;32.1;15.3
60;2021-05-24;2951;533;267489;126478;32.4;15.3
60;2021-05-25;4138;2002;271627;128480;32.9;15.6
60;2021-05-26;4465;1832;276092;130312;33.5;15.8
60;2021-05-27;4613;1997;280705;132309;34.0;16.0
60;2021-05-28;4627;2511;285332;134820;34.6;16.3
60;2021-05-29;4612;2273;289944;137093;35.1;16.6
60;2021-05-30;1086;351;291030;137444;35.3;16.7
60;2021-05-31;3830;2081;294860;139525;35.7;16.9
60;2021-06-01;4443;2852;299303;142377;36.3;17.3
60;2021-06-02;3910;2448;303213;144825;36.7;17.6
60;2021-06-03;3906;2380;307119;147205;37.2;17.8
60;2021-06-04;4654;2907;311773;150112;37.8;18.2
60;2021-06-05;4303;3419;316076;153531;38.3;18.6
60;2021-06-06;2157;795;318233;154326;38.6;18.7
60;2021-06-07;2777;2756;321010;157082;38.9;19.0
60;2021-06-08;3801;3009;324811;160091;39.4;19.4
60;2021-06-09;3244;3399;328055;163490;39.8;19.8
60;2021-06-10;3452;3366;331507;166856;40.2;20.2
60;2021-06-11;3881;4197;335388;171053;40.6;20.7
60;2021-06-12;3779;4277;339167;175330;41.1;21.3
60;2021-06-13;1156;2225;340323;177555;41.2;21.5
60;2021-06-14;1907;3305;342230;180860;41.5;21.9
60;2021-06-15;3014;4166;345244;185026;41.8;22.4
60;2021-06-16;3252;4491;348496;189517;42.2;23.0
60;2021-06-17;2978;4786;351474;194303;42.6;23.5
60;2021-06-18;2986;4604;354460;198907;43.0;24.1
60;2021-06-19;3142;4725;357602;203632;43.3;24.7
60;2021-06-20;1430;1935;359032;205567;43.5;24.9
60;2021-06-21;1408;4040;360440;209607;43.7;25.4
60;2021-06-22;1759;5293;362199;214900;43.9;26.0
60;2021-06-23;1862;5239;364061;220139;44.1;26.7
60;2021-06-24;1804;5604;365865;225743;44.3;27.4
60;2021-06-25;1903;5727;367768;231470;44.6;28.1
60;2021-06-26;1857;6980;369625;238450;44.8;28.9
60;2021-06-27;714;2594;370339;241044;44.9;29.2
60;2021-06-28;1780;4140;372119;245184;45.1;29.7
60;2021-06-29;2011;5465;374130;250649;45.3;30.4
60;2021-06-30;2285;5356;376415;256005;45.6;31.0
60;2021-07-01;1888;4919;378303;260924;45.9;31.6
60;2021-07-02;2367;5882;380670;266806;46.1;32.3
60;2021-07-03;2402;6166;383072;272972;46.4;33.1
60;2021-07-04;792;2726;383864;275698;46.5;33.4
60;2021-07-05;1653;4400;385517;280098;46.7;33.9
60;2021-07-06;2140;4501;387657;284599;47.0;34.5
60;2021-07-07;2171;5120;389828;289719;47.2;35.1
60;2021-07-08;2671;4694;392499;294413;47.6;35.7
60;2021-07-09;2639;5560;395138;299973;47.9;36.4
60;2021-07-10;2580;5875;397718;305848;48.2;37.1
60;2021-07-11;1214;1944;398932;307792;48.4;37.3
60;2021-07-12;1430;4741;400362;312533;48.5;37.9
60;2021-07-13;2908;5021;403270;317554;48.9;38.5
60;2021-07-14;2576;1409;405846;318963;49.2;38.7
60;2021-07-15;3428;4871;409274;323834;49.6;39.2
60;2021-07-16;3696;5242;412970;329076;50.1;39.9
60;2021-07-17;4073;5138;417043;334214;50.5;40.5
60;2021-07-18;2180;2127;419223;336341;50.8;40.8
60;2021-07-19;2536;3894;421759;340235;51.1;41.2
60;2021-07-20;4179;4903;425938;345138;51.6;41.8
60;2021-07-21;4333;4277;430271;349415;52.1;42.3
60;2021-07-22;4625;4333;434896;353748;52.7;42.9
60;2021-07-23;4966;4896;439862;358644;53.3;43.5
60;2021-07-24;4302;4666;444164;363310;53.8;44.0
60;2021-07-25;2598;1825;446762;365135;54.1;44.3
60;2021-07-26;3365;3761;450127;368896;54.6;44.7
60;2021-07-27;4412;4631;454539;373527;55.1;45.3
60;2021-07-28;4524;3758;459063;377285;55.6;45.7
60;2021-07-29;4891;3705;463954;380990;56.2;46.2
60;2021-07-30;5002;4247;468956;385237;56.8;46.7
60;2021-07-31;4046;3956;473002;389193;57.3;47.2
60;2021-08-01;1680;859;474682;390052;57.5;47.3
60;2021-08-02;3161;2747;477843;392799;57.9;47.6
60;2021-08-03;3574;2888;481417;395687;58.3;48.0
60;2021-08-04;3290;2787;484707;398474;58.7;48.3
60;2021-08-05;3017;2253;487724;400727;59.1;48.6
60;2021-08-06;3812;3056;491536;403783;59.6;48.9
60;2021-08-07;3362;3068;494898;406851;60.0;49.3
60;2021-08-08;1532;902;496430;407753;60.2;49.4
60;2021-08-09;2192;2863;498622;410616;60.4;49.8
60;2021-08-10;3259;3297;501881;413913;60.8;50.2
60;2021-08-11;2778;3222;504659;417135;61.2;50.6
60;2021-08-12;2346;2652;507005;419787;61.4;50.9
60;2021-08-13;2721;2988;509726;422775;61.8;51.2
60;2021-08-14;2522;2716;512248;425491;62.1;51.6
60;2021-08-15;1358;543;513606;426034;62.2;51.6
60;2021-08-16;2014;3760;515620;429794;62.5;52.1
61;2020-12-27;0;0;0;0;0.0;0.0
61;2020-12-28;0;0;0;0;0.0;0.0
61;2020-12-29;0;0;0;0;0.0;0.0
61;2020-12-30;0;0;0;0;0.0;0.0
61;2020-12-31;0;0;0;0;0.0;0.0
61;2021-01-01;1;0;1;0;0.0;0.0
61;2021-01-02;1;0;2;0;0.0;0.0
61;2021-01-03;0;0;2;0;0.0;0.0
61;2021-01-04;1;0;3;0;0.0;0.0
61;2021-01-05;3;0;6;0;0.0;0.0
61;2021-01-06;76;0;82;0;0.0;0.0
61;2021-01-07;175;2;257;2;0.1;0.0
61;2021-01-08;406;1;663;3;0.2;0.0
61;2021-01-09;165;1;828;4;0.3;0.0
61;2021-01-10;49;0;877;4;0.3;0.0
61;2021-01-11;396;1;1273;5;0.5;0.0
61;2021-01-12;680;2;1953;7;0.7;0.0
61;2021-01-13;739;1;2692;8;1.0;0.0
61;2021-01-14;529;8;3221;16;1.2;0.0
61;2021-01-15;538;4;3759;20;1.4;0.0
61;2021-01-16;289;1;4048;21;1.5;0.0
61;2021-01-17;844;7;4892;28;1.8;0.0
61;2021-01-18;1913;3;6805;31;2.5;0.0
61;2021-01-19;1323;4;8128;35;2.9;0.0
61;2021-01-20;683;0;8811;35;3.2;0.0
61;2021-01-21;844;1;9655;36;3.5;0.0
61;2021-01-22;764;1;10419;37;3.8;0.0
61;2021-01-23;256;2;10675;39;3.9;0.0
61;2021-01-24;228;0;10903;39;3.9;0.0
61;2021-01-25;578;2;11481;41;4.1;0.0
61;2021-01-26;557;0;12038;41;4.3;0.0
61;2021-01-27;569;14;12607;55;4.6;0.0
61;2021-01-28;464;53;13071;108;4.7;0.0
61;2021-01-29;479;204;13550;312;4.9;0.1
61;2021-01-30;212;3;13762;315;5.0;0.1
61;2021-01-31;106;0;13868;315;5.0;0.1
61;2021-02-01;430;190;14298;505;5.2;0.2
61;2021-02-02;387;424;14685;929;5.3;0.3
61;2021-02-03;412;490;15097;1419;5.5;0.5
61;2021-02-04;390;338;15487;1757;5.6;0.6
61;2021-02-05;538;361;16025;2118;5.8;0.8
61;2021-02-06;196;91;16221;2209;5.9;0.8
61;2021-02-07;45;200;16266;2409;5.9;0.9
61;2021-02-08;540;1408;16806;3817;6.1;1.4
61;2021-02-09;404;808;17210;4625;6.2;1.7
61;2021-02-10;277;560;17487;5185;6.3;1.9
61;2021-02-11;431;562;17918;5747;6.5;2.1
61;2021-02-12;402;737;18320;6484;6.6;2.3
61;2021-02-13;132;431;18452;6915;6.7;2.5
61;2021-02-14;2;314;18454;7229;6.7;2.6
61;2021-02-15;171;846;18625;8075;6.7;2.9
61;2021-02-16;203;681;18828;8756;6.8;3.2
61;2021-02-17;44;639;18872;9395;6.8;3.4
61;2021-02-18;161;526;19033;9921;6.9;3.6
61;2021-02-19;101;391;19134;10312;6.9;3.7
61;2021-02-20;40;240;19174;10552;6.9;3.8
61;2021-02-21;2;155;19176;10707;6.9;3.9
61;2021-02-22;88;566;19264;11273;7.0;4.1
61;2021-02-23;112;495;19376;11768;7.0;4.2
61;2021-02-24;173;572;19549;12340;7.1;4.5
61;2021-02-25;265;446;19814;12786;7.2;4.6
61;2021-02-26;266;464;20080;13250;7.3;4.8
61;2021-02-27;109;226;20189;13476;7.3;4.9
61;2021-02-28;4;121;20193;13597;7.3;4.9
61;2021-03-01;217;611;20410;14208;7.4;5.1
61;2021-03-02;148;700;20558;14908;7.4;5.4
61;2021-03-03;142;448;20700;15356;7.5;5.5
61;2021-03-04;431;445;21131;15801;7.6;5.7
61;2021-03-05;701;297;21832;16098;7.9;5.8
61;2021-03-06;435;230;22267;16328;8.0;5.9
61;2021-03-07;155;2;22422;16330;8.1;5.9
61;2021-03-08;299;314;22721;16644;8.2;6.0
61;2021-03-09;622;185;23343;16829;8.4;6.1
61;2021-03-10;672;186;24015;17015;8.7;6.1
61;2021-03-11;1121;129;25136;17144;9.1;6.2
61;2021-03-12;1467;101;26603;17245;9.6;6.2
61;2021-03-13;774;52;27377;17297;9.9;6.2
61;2021-03-14;226;5;27603;17302;10.0;6.2
61;2021-03-15;814;35;28417;17337;10.3;6.3
61;2021-03-16;720;22;29137;17359;10.5;6.3
61;2021-03-17;760;13;29897;17372;10.8;6.3
61;2021-03-18;857;24;30754;17396;11.1;6.3
61;2021-03-19;1026;49;31780;17445;11.5;6.3
61;2021-03-20;471;14;32251;17459;11.6;6.3
61;2021-03-21;71;2;32322;17461;11.7;6.3
61;2021-03-22;796;89;33118;17550;12.0;6.3
61;2021-03-23;920;39;34038;17589;12.3;6.4
61;2021-03-24;1372;66;35410;17655;12.8;6.4
61;2021-03-25;1875;62;37285;17717;13.5;6.4
61;2021-03-26;1798;41;39083;17758;14.1;6.4
61;2021-03-27;1083;18;40166;17776;14.5;6.4
61;2021-03-28;359;9;40525;17785;14.6;6.4
61;2021-03-29;1271;181;41796;17966;15.1;6.5
61;2021-03-30;1471;96;43267;18062;15.6;6.5
61;2021-03-31;1686;48;44953;18110;16.2;6.5
61;2021-04-01;2049;222;47002;18332;17.0;6.6
61;2021-04-02;1516;430;48518;18762;17.5;6.8
61;2021-04-03;638;288;49156;19050;17.8;6.9
61;2021-04-04;193;1;49349;19051;17.8;6.9
61;2021-04-05;532;8;49881;19059;18.0;6.9
61;2021-04-06;1354;620;51235;19679;18.5;7.1
61;2021-04-07;1697;664;52932;20343;19.1;7.3
61;2021-04-08;2268;828;55200;21171;19.9;7.6
61;2021-04-09;2137;836;57337;22007;20.7;7.9
61;2021-04-10;1534;485;58871;22492;21.3;8.1
61;2021-04-11;238;197;59109;22689;21.3;8.2
61;2021-04-12;1289;736;60398;23425;21.8;8.5
61;2021-04-13;1741;703;62139;24128;22.4;8.7
61;2021-04-14;1731;786;63870;24914;23.1;9.0
61;2021-04-15;2268;782;66138;25696;23.9;9.3
61;2021-04-16;2224;684;68362;26380;24.7;9.5
61;2021-04-17;1487;320;69849;26700;25.2;9.6
61;2021-04-18;538;99;70387;26799;25.4;9.7
61;2021-04-19;938;746;71325;27545;25.8;9.9
61;2021-04-20;1523;785;72848;28330;26.3;10.2
61;2021-04-21;1352;1040;74200;29370;26.8;10.6
61;2021-04-22;1293;1219;75493;30589;27.3;11.0
61;2021-04-23;1218;1151;76711;31740;27.7;11.5
61;2021-04-24;1437;816;78148;32556;28.2;11.8
61;2021-04-25;361;330;78509;32886;28.4;11.9
61;2021-04-26;670;1143;79179;34029;28.6;12.3
61;2021-04-27;1465;1144;80644;35173;29.1;12.7
61;2021-04-28;1387;1387;82031;36560;29.6;13.2
61;2021-04-29;1251;1861;83282;38421;30.1;13.9
61;2021-04-30;1721;1171;85003;39592;30.7;14.3
61;2021-05-01;788;320;85791;39912;31.0;14.4
61;2021-05-02;438;225;86229;40137;31.1;14.5
61;2021-05-03;843;1250;87072;41387;31.4;14.9
61;2021-05-04;1326;1752;88398;43139;31.9;15.6
61;2021-05-05;1013;2029;89411;45168;32.3;16.3
61;2021-05-06;1771;2212;91182;47380;32.9;17.1
61;2021-05-07;1377;1966;92559;49346;33.4;17.8
61;2021-05-08;927;471;93486;49817;33.8;18.0
61;2021-05-09;394;291;93880;50108;33.9;18.1
61;2021-05-10;988;1755;94868;51863;34.3;18.7
61;2021-05-11;1375;1514;96243;53377;34.8;19.3
61;2021-05-12;1868;1590;98111;54967;35.4;19.9
61;2021-05-13;889;489;99000;55456;35.8;20.0
61;2021-05-14;1851;1192;100851;56648;36.4;20.5
61;2021-05-15;2100;1119;102951;57767;37.2;20.9
61;2021-05-16;984;300;103935;58067;37.5;21.0
61;2021-05-17;1312;913;105247;58980;38.0;21.3
61;2021-05-18;2423;891;107670;59871;38.9;21.6
61;2021-05-19;2401;801;110071;60672;39.8;21.9
61;2021-05-20;2214;812;112285;61484;40.6;22.2
61;2021-05-21;2148;860;114433;62344;41.3;22.5
61;2021-05-22;1778;717;116211;63061;42.0;22.8
61;2021-05-23;714;53;116925;63114;42.2;22.8
61;2021-05-24;913;110;117838;63224;42.6;22.8
61;2021-05-25;1992;922;119830;64146;43.3;23.2
61;2021-05-26;2040;928;121870;65074;44.0;23.5
61;2021-05-27;2040;1095;123910;66169;44.7;23.9
61;2021-05-28;2052;1378;125962;67547;45.5;24.4
61;2021-05-29;1462;554;127424;68101;46.0;24.6
61;2021-05-30;450;44;127874;68145;46.2;24.6
61;2021-05-31;1560;937;129434;69082;46.7;24.9
61;2021-06-01;1875;1387;131309;70469;47.4;25.4
61;2021-06-02;1675;1136;132984;71605;48.0;25.9
61;2021-06-03;2248;1111;135232;72716;48.8;26.3
61;2021-06-04;1894;1344;137126;74060;49.5;26.7
61;2021-06-05;1667;1239;138793;75299;50.1;27.2
61;2021-06-06;318;230;139111;75529;50.2;27.3
61;2021-06-07;2188;869;141299;76398;51.0;27.6
61;2021-06-08;1846;1570;143145;77968;51.7;28.2
61;2021-06-09;1975;1184;145120;79152;52.4;28.6
61;2021-06-10;1973;1191;147093;80343;53.1;29.0
61;2021-06-11;1821;1579;148914;81922;53.8;29.6
61;2021-06-12;1423;998;150337;82920;54.3;29.9
61;2021-06-13;340;377;150677;83297;54.4;30.1
61;2021-06-14;1106;1189;151783;84486;54.8;30.5
61;2021-06-15;1212;1695;152995;86181;55.3;31.1
61;2021-06-16;1112;1363;154107;87544;55.7;31.6
61;2021-06-17;1019;1729;155126;89273;56.0;32.2
61;2021-06-18;1521;1668;156647;90941;56.6;32.8
61;2021-06-19;1244;1303;157891;92244;57.0;33.3
61;2021-06-20;289;345;158180;92589;57.1;33.4
61;2021-06-21;808;1629;158988;94218;57.4;34.0
61;2021-06-22;1023;1683;160011;95901;57.8;34.6
61;2021-06-23;967;2438;160978;98339;58.1;35.5
61;2021-06-24;650;1359;161628;99698;58.4;36.0
61;2021-06-25;839;2168;162467;101866;58.7;36.8
61;2021-06-26;624;1951;163091;103817;58.9;37.5
61;2021-06-27;139;799;163230;104616;58.9;37.8
61;2021-06-28;478;2247;163708;106863;59.1;38.6
61;2021-06-29;700;2858;164408;109721;59.4;39.6
61;2021-06-30;770;2462;165178;112183;59.7;40.5
61;2021-07-01;633;1693;165811;113876;59.9;41.1
61;2021-07-02;841;2497;166652;116373;60.2;42.0
61;2021-07-03;416;1911;167068;118284;60.3;42.7
61;2021-07-04;74;637;167142;118921;60.4;42.9
61;2021-07-05;684;1774;167826;120695;60.6;43.6
61;2021-07-06;990;2796;168816;123491;61.0;44.6
61;2021-07-07;733;2362;169549;125853;61.2;45.5
61;2021-07-08;840;1945;170389;127798;61.5;46.2
61;2021-07-09;721;2375;171110;130173;61.8;47.0
61;2021-07-10;464;1771;171574;131944;62.0;47.6
61;2021-07-11;242;489;171816;132433;62.0;47.8
61;2021-07-12;436;2291;172252;134724;62.2;48.7
61;2021-07-13;644;2488;172896;137212;62.4;49.6
61;2021-07-14;149;334;173045;137546;62.5;49.7
61;2021-07-15;811;2815;173856;140361;62.8;50.7
61;2021-07-16;966;2574;174822;142935;63.1;51.6
61;2021-07-17;702;2231;175524;145166;63.4;52.4
61;2021-07-18;338;368;175862;145534;63.5;52.6
61;2021-07-19;935;2403;176797;147937;63.8;53.4
61;2021-07-20;1320;2356;178117;150293;64.3;54.3
61;2021-07-21;1498;2182;179615;152475;64.9;55.1
61;2021-07-22;1750;2190;181365;154665;65.5;55.9
61;2021-07-23;1790;2305;183155;156970;66.1;56.7
61;2021-07-24;1450;2004;184605;158974;66.7;57.4
61;2021-07-25;324;394;184929;159368;66.8;57.6
61;2021-07-26;1247;1932;186176;161300;67.2;58.3
61;2021-07-27;2397;1584;188573;162884;68.1;58.8
61;2021-07-28;2436;1349;191009;164233;69.0;59.3
61;2021-07-29;2540;1571;193549;165804;69.9;59.9
61;2021-07-30;2381;1392;195930;167196;70.8;60.4
61;2021-07-31;1277;1297;197207;168493;71.2;60.8
61;2021-08-01;495;259;197702;168752;71.4;60.9
61;2021-08-02;1898;1116;199600;169868;72.1;61.3
61;2021-08-03;2444;909;202044;170777;73.0;61.7
61;2021-08-04;2337;779;204381;171556;73.8;62.0
61;2021-08-05;1893;988;206274;172544;74.5;62.3
61;2021-08-06;2145;1156;208419;173700;75.3;62.7
61;2021-08-07;1414;796;209833;174496;75.8;63.0
61;2021-08-08;444;263;210277;174759;75.9;63.1
61;2021-08-09;1298;1108;211575;175867;76.4;63.5
61;2021-08-10;1314;1103;212889;176970;76.9;63.9
61;2021-08-11;1116;1252;214005;178222;77.3;64.4
61;2021-08-12;1022;1320;215027;179542;77.7;64.8
61;2021-08-13;862;1604;215889;181146;78.0;65.4
61;2021-08-14;704;850;216593;181996;78.2;65.7
61;2021-08-15;93;184;216686;182180;78.3;65.8
61;2021-08-16;907;1537;217593;183717;78.6;66.3
62;2020-12-27;2;0;2;0;0.0;0.0
62;2020-12-28;2;0;4;0;0.0;0.0
62;2020-12-29;0;0;4;0;0.0;0.0
62;2020-12-30;0;0;4;0;0.0;0.0
62;2020-12-31;0;0;4;0;0.0;0.0
62;2021-01-01;0;0;4;0;0.0;0.0
62;2021-01-02;0;0;4;0;0.0;0.0
62;2021-01-03;0;0;4;0;0.0;0.0
62;2021-01-04;2;0;6;0;0.0;0.0
62;2021-01-05;47;0;53;0;0.0;0.0
62;2021-01-06;123;0;176;0;0.0;0.0
62;2021-01-07;351;0;527;0;0.0;0.0
62;2021-01-08;712;6;1239;6;0.1;0.0
62;2021-01-09;164;1;1403;7;0.1;0.0
62;2021-01-10;84;0;1487;7;0.1;0.0
62;2021-01-11;554;1;2041;8;0.1;0.0
62;2021-01-12;1249;1;3290;9;0.2;0.0
62;2021-01-13;1138;6;4428;15;0.3;0.0
62;2021-01-14;1387;8;5815;23;0.4;0.0
62;2021-01-15;1295;8;7110;31;0.5;0.0
62;2021-01-16;308;3;7418;34;0.5;0.0
62;2021-01-17;107;1;7525;35;0.5;0.0
62;2021-01-18;1664;10;9189;45;0.6;0.0
62;2021-01-19;2103;5;11292;50;0.8;0.0
62;2021-01-20;2055;6;13347;56;0.9;0.0
62;2021-01-21;2228;5;15575;61;1.1;0.0
62;2021-01-22;1833;9;17408;70;1.2;0.0
62;2021-01-23;512;1;17920;71;1.2;0.0
62;2021-01-24;0;0;17920;71;1.2;0.0
62;2021-01-25;1281;7;19201;78;1.3;0.0
62;2021-01-26;1542;15;20743;93;1.4;0.0
62;2021-01-27;1491;174;22234;267;1.5;0.0
62;2021-01-28;4152;349;26386;616;1.8;0.0
62;2021-01-29;2025;334;28411;950;2.0;0.1
62;2021-01-30;159;152;28570;1102;2.0;0.1
62;2021-01-31;22;3;28592;1105;2.0;0.1
62;2021-02-01;46;359;28638;1464;2.0;0.1
62;2021-02-02;59;787;28697;2251;2.0;0.2
62;2021-02-03;44;629;28741;2880;2.0;0.2
62;2021-02-04;81;815;28822;3695;2.0;0.3
62;2021-02-05;80;751;28902;4446;2.0;0.3
62;2021-02-06;27;193;28929;4639;2.0;0.3
62;2021-02-07;237;28;29166;4667;2.0;0.3
62;2021-02-08;130;844;29296;5511;2.0;0.4
62;2021-02-09;226;1097;29522;6608;2.0;0.5
62;2021-02-10;384;1172;29906;7780;2.1;0.5
62;2021-02-11;723;1004;30629;8784;2.1;0.6
62;2021-02-12;965;782;31594;9566;2.2;0.7
62;2021-02-13;159;269;31753;9835;2.2;0.7
62;2021-02-14;0;0;31753;9835;2.2;0.7
62;2021-02-15;665;1274;32418;11109;2.2;0.8
62;2021-02-16;920;1786;33338;12895;2.3;0.9
62;2021-02-17;1074;2119;34412;15014;2.4;1.0
62;2021-02-18;2215;3793;36627;18807;2.5;1.3
62;2021-02-19;2307;2542;38934;21349;2.7;1.5
62;2021-02-20;613;478;39547;21827;2.7;1.5
62;2021-02-21;87;49;39634;21876;2.7;1.5
62;2021-02-22;847;970;40481;22846;2.8;1.6
62;2021-02-23;1419;1218;41900;24064;2.9;1.7
62;2021-02-24;1544;645;43444;24709;3.0;1.7
62;2021-02-25;3168;418;46612;25127;3.2;1.7
62;2021-02-26;2910;344;49522;25471;3.4;1.8
62;2021-02-27;1830;97;51352;25568;3.5;1.8
62;2021-02-28;52;42;51404;25610;3.5;1.8
62;2021-03-01;1319;121;52723;25731;3.6;1.8
62;2021-03-02;3154;177;55877;25908;3.8;1.8
62;2021-03-03;3270;126;59147;26034;4.1;1.8
62;2021-03-04;3806;214;62953;26248;4.3;1.8
62;2021-03-05;4644;222;67597;26470;4.7;1.8
62;2021-03-06;9619;246;77216;26716;5.3;1.8
62;2021-03-07;8074;213;85290;26929;5.9;1.9
62;2021-03-08;2195;259;87485;27188;6.0;1.9
62;2021-03-09;3806;382;91291;27570;6.3;1.9
62;2021-03-10;4230;616;95521;28186;6.6;1.9
62;2021-03-11;5994;1531;101515;29717;7.0;2.0
62;2021-03-12;6635;1418;108150;31135;7.4;2.1
62;2021-03-13;14716;803;122866;31938;8.5;2.2
62;2021-03-14;9582;396;132448;32334;9.1;2.2
62;2021-03-15;3764;1020;136212;33354;9.4;2.3
62;2021-03-16;2735;855;138947;34209;9.6;2.4
62;2021-03-17;2804;733;141751;34942;9.8;2.4
62;2021-03-18;2723;936;144474;35878;9.9;2.5
62;2021-03-19;4780;923;149254;36801;10.3;2.5
62;2021-03-20;11060;600;160314;37401;11.0;2.6
62;2021-03-21;9446;360;169760;37761;11.7;2.6
62;2021-03-22;2942;1108;172702;38869;11.9;2.7
62;2021-03-23;4995;1497;177697;40366;12.2;2.8
62;2021-03-24;4690;1403;182387;41769;12.6;2.9
62;2021-03-25;6555;1473;188942;43242;13.0;3.0
62;2021-03-26;7053;1496;195995;44738;13.5;3.1
62;2021-03-27;12590;733;208585;45471;14.4;3.1
62;2021-03-28;6938;277;215523;45748;14.8;3.1
62;2021-03-29;3472;1210;218995;46958;15.1;3.2
62;2021-03-30;4550;2209;223545;49167;15.4;3.4
62;2021-03-31;4222;2479;227767;51646;15.7;3.6
62;2021-04-01;4975;2771;232742;54417;16.0;3.7
62;2021-04-02;5068;3237;237810;57654;16.4;4.0
62;2021-04-03;8209;3347;246019;61001;16.9;4.2
62;2021-04-04;4579;1927;250598;62928;17.2;4.3
62;2021-04-05;943;466;251541;63394;17.3;4.4
62;2021-04-06;4122;3002;255663;66396;17.6;4.6
62;2021-04-07;5044;3509;260707;69905;17.9;4.8
62;2021-04-08;6484;3988;267191;73893;18.4;5.1
62;2021-04-09;7624;3474;274815;77367;18.9;5.3
62;2021-04-10;6633;8074;281448;85441;19.4;5.9
62;2021-04-11;2810;6903;284258;92344;19.6;6.4
62;2021-04-12;3420;2375;287678;94719;19.8;6.5
62;2021-04-13;6170;3163;293848;97882;20.2;6.7
62;2021-04-14;5303;3067;299151;100949;20.6;6.9
62;2021-04-15;5738;2984;304889;103933;21.0;7.2
62;2021-04-16;5418;3192;310307;107125;21.4;7.4
62;2021-04-17;4358;7365;314665;114490;21.7;7.9
62;2021-04-18;1957;6851;316622;121341;21.8;8.4
62;2021-04-19;2779;1926;319401;123267;22.0;8.5
62;2021-04-20;4149;3889;323550;127156;22.3;8.8
62;2021-04-21;3749;3980;327299;131136;22.5;9.0
62;2021-04-22;3946;5194;331245;136330;22.8;9.4
62;2021-04-23;4055;5312;335300;141642;23.1;9.7
62;2021-04-24;4405;6733;339705;148375;23.4;10.2
62;2021-04-25;1909;3503;341614;151878;23.5;10.5
62;2021-04-26;2224;2433;343838;154311;23.7;10.6
62;2021-04-27;4412;3711;348250;158022;24.0;10.9
62;2021-04-28;4588;4375;352838;162397;24.3;11.2
62;2021-04-29;4790;5894;357628;168291;24.6;11.6
62;2021-04-30;5213;5718;362841;174009;25.0;12.0
62;2021-05-01;5728;3469;368569;177478;25.4;12.2
62;2021-05-02;7823;3143;376392;180621;25.9;12.4
62;2021-05-03;4506;2345;380898;182966;26.2;12.6
62;2021-05-04;5397;4982;386295;187948;26.6;12.9
62;2021-05-05;4734;4839;391029;192787;26.9;13.3
62;2021-05-06;5621;4947;396650;197734;27.3;13.6
62;2021-05-07;7682;4679;404332;202413;27.8;13.9
62;2021-05-08;10648;2314;414980;204727;28.6;14.1
62;2021-05-09;8627;1636;423607;206363;29.2;14.2
62;2021-05-10;4869;4020;428476;210383;29.5;14.5
62;2021-05-11;6415;5046;434891;215429;29.9;14.8
62;2021-05-12;8622;4608;443513;220037;30.5;15.1
62;2021-05-13;9997;1488;453510;221525;31.2;15.2
62;2021-05-14;11882;3406;465392;224931;32.0;15.5
62;2021-05-15;19783;3286;485175;228217;33.4;15.7
62;2021-05-16;16395;1412;501570;229629;34.5;15.8
62;2021-05-17;8181;2661;509751;232290;35.1;16.0
62;2021-05-18;9329;3133;519080;235423;35.7;16.2
62;2021-05-19;8616;2922;527696;238345;36.3;16.4
62;2021-05-20;8342;3849;536038;242194;36.9;16.7
62;2021-05-21;9397;4223;545435;246417;37.5;17.0
62;2021-05-22;17874;3536;563309;249953;38.8;17.2
62;2021-05-23;12378;1151;575687;251104;39.6;17.3
62;2021-05-24;3910;586;579597;251690;39.9;17.3
62;2021-05-25;7221;4087;586818;255777;40.4;17.6
62;2021-05-26;6779;4913;593597;260690;40.9;17.9
62;2021-05-27;6382;5693;599979;266383;41.3;18.3
62;2021-05-28;6519;6766;606498;273149;41.7;18.8
62;2021-05-29;10854;5551;617352;278700;42.5;19.2
62;2021-05-30;4037;984;621389;279684;42.8;19.3
62;2021-05-31;4793;3976;626182;283660;43.1;19.5
62;2021-06-01;6521;6533;632703;290193;43.6;20.0
62;2021-06-02;7434;5817;640137;296010;44.1;20.4
62;2021-06-03;7858;5893;647995;301903;44.6;20.8
62;2021-06-04;7906;6256;655901;308159;45.1;21.2
62;2021-06-05;8275;6232;664176;314391;45.7;21.6
62;2021-06-06;3127;1289;667303;315680;45.9;21.7
62;2021-06-07;4621;3764;671924;319444;46.3;22.0
62;2021-06-08;6207;5903;678131;325347;46.7;22.4
62;2021-06-09;5495;4769;683626;330116;47.1;22.7
62;2021-06-10;5205;5879;688831;335995;47.4;23.1
62;2021-06-11;6210;8874;695041;344869;47.8;23.7
62;2021-06-12;5935;8648;700976;353517;48.3;24.3
62;2021-06-13;3231;3797;704207;357314;48.5;24.6
62;2021-06-14;2607;6776;706814;364090;48.7;25.1
62;2021-06-15;4673;8543;711487;372633;49.0;25.6
62;2021-06-16;5083;7429;716570;380062;49.3;26.2
62;2021-06-17;5234;8041;721804;388103;49.7;26.7
62;2021-06-18;4821;10488;726625;398591;50.0;27.4
62;2021-06-19;5797;13441;732422;412032;50.4;28.4
62;2021-06-20;2100;4370;734522;416402;50.6;28.7
62;2021-06-21;2971;8932;737493;425334;50.8;29.3
62;2021-06-22;3429;10176;740922;435510;51.0;30.0
62;2021-06-23;3388;10322;744310;445832;51.2;30.7
62;2021-06-24;3342;11785;747652;457617;51.5;31.5
62;2021-06-25;3726;15768;751378;473385;51.7;32.6
62;2021-06-26;3550;18425;754928;491810;52.0;33.9
62;2021-06-27;1121;9817;756049;501627;52.0;34.5
62;2021-06-28;1924;8872;757973;510499;52.2;35.1
62;2021-06-29;2970;11463;760943;521962;52.4;35.9
62;2021-06-30;4141;10809;765084;532771;52.7;36.7
62;2021-07-01;4476;10484;769560;543255;53.0;37.4
62;2021-07-02;4158;11981;773718;555236;53.3;38.2
62;2021-07-03;2993;18055;776711;573291;53.5;39.5
62;2021-07-04;1449;9196;778160;582487;53.6;40.1
62;2021-07-05;2417;6922;780577;589409;53.7;40.6
62;2021-07-06;3817;10021;784394;599430;54.0;41.3
62;2021-07-07;3916;8912;788310;608342;54.3;41.9
62;2021-07-08;5244;9097;793554;617439;54.6;42.5
62;2021-07-09;4452;10852;798006;628291;54.9;43.2
62;2021-07-10;4954;11895;802960;640186;55.3;44.1
62;2021-07-11;1336;2088;804296;642274;55.4;44.2
62;2021-07-12;2323;7134;806619;649408;55.5;44.7
62;2021-07-13;5157;12158;811776;661566;55.9;45.5
62;2021-07-14;3626;3155;815402;664721;56.1;45.8
62;2021-07-15;7572;11513;822974;676234;56.6;46.5
62;2021-07-16;7603;11053;830577;687287;57.2;47.3
62;2021-07-17;9667;10314;840244;697601;57.8;48.0
62;2021-07-18;2708;3460;842952;701061;58.0;48.3
62;2021-07-19;5997;7016;848949;708077;58.4;48.7
62;2021-07-20;7919;10727;856868;718804;59.0;49.5
62;2021-07-21;9745;9413;866613;728217;59.7;50.1
62;2021-07-22;9772;9019;876385;737236;60.3;50.7
62;2021-07-23;10599;8416;886984;745652;61.1;51.3
62;2021-07-24;9638;10315;896622;755967;61.7;52.0
62;2021-07-25;5522;1856;902144;757823;62.1;52.2
62;2021-07-26;6211;5384;908355;763207;62.5;52.5
62;2021-07-27;9704;8129;918059;771336;63.2;53.1
62;2021-07-28;10318;7485;928377;778821;63.9;53.6
62;2021-07-29;11883;7638;940260;786459;64.7;54.1
62;2021-07-30;9011;6287;949271;792746;65.3;54.6
62;2021-07-31;6590;4010;955861;796756;65.8;54.8
62;2021-08-01;2332;1098;958193;797854;66.0;54.9
62;2021-08-02;6804;4744;964997;802598;66.4;55.2
62;2021-08-03;8566;7465;973563;810063;67.0;55.8
62;2021-08-04;9415;5455;982978;815518;67.7;56.1
62;2021-08-05;8319;5612;991297;821130;68.2;56.5
62;2021-08-06;7278;5926;998575;827056;68.7;56.9
62;2021-08-07;5461;4936;1004036;831992;69.1;57.3
62;2021-08-08;1872;1299;1005908;833291;69.2;57.4
62;2021-08-09;5227;5032;1011135;838323;69.6;57.7
62;2021-08-10;6192;7339;1017327;845662;70.0;58.2
62;2021-08-11;5390;7378;1022717;853040;70.4;58.7
62;2021-08-12;5970;6993;1028687;860033;70.8;59.2
62;2021-08-13;4329;6016;1033016;866049;71.1;59.6
62;2021-08-14;3746;6848;1036762;872897;71.4;60.1
62;2021-08-15;1140;1207;1037902;874104;71.4;60.2
62;2021-08-16;3113;5842;1041015;879946;71.7;60.6
63;2020-12-27;0;0;0;0;0.0;0.0
63;2020-12-28;1;0;1;0;0.0;0.0
63;2020-12-29;0;0;1;0;0.0;0.0
63;2020-12-30;0;0;1;0;0.0;0.0
63;2020-12-31;0;0;1;0;0.0;0.0
63;2021-01-01;1;0;2;0;0.0;0.0
63;2021-01-02;0;0;2;0;0.0;0.0
63;2021-01-03;1;0;3;0;0.0;0.0
63;2021-01-04;0;0;3;0;0.0;0.0
63;2021-01-05;1;0;4;0;0.0;0.0
63;2021-01-06;4;1;8;1;0.0;0.0
63;2021-01-07;310;0;318;1;0.0;0.0
63;2021-01-08;214;0;532;1;0.1;0.0
63;2021-01-09;91;0;623;1;0.1;0.0
63;2021-01-10;81;0;704;1;0.1;0.0
63;2021-01-11;423;0;1127;1;0.2;0.0
63;2021-01-12;644;1;1771;2;0.3;0.0
63;2021-01-13;863;2;2634;4;0.4;0.0
63;2021-01-14;537;8;3171;12;0.5;0.0
63;2021-01-15;430;2;3601;14;0.5;0.0
63;2021-01-16;157;0;3758;14;0.6;0.0
63;2021-01-17;133;0;3891;14;0.6;0.0
63;2021-01-18;613;2;4504;16;0.7;0.0
63;2021-01-19;864;1;5368;17;0.8;0.0
63;2021-01-20;1046;1;6414;18;1.0;0.0
63;2021-01-21;1011;3;7425;21;1.1;0.0
63;2021-01-22;968;3;8393;24;1.3;0.0
63;2021-01-23;192;0;8585;24;1.3;0.0
63;2021-01-24;164;1;8749;25;1.3;0.0
63;2021-01-25;809;1;9558;26;1.4;0.0
63;2021-01-26;972;2;10530;28;1.6;0.0
63;2021-01-27;1001;5;11531;33;1.7;0.0
63;2021-01-28;1320;66;12851;99;1.9;0.0
63;2021-01-29;1066;66;13917;165;2.1;0.0
63;2021-01-30;68;0;13985;165;2.1;0.0
63;2021-01-31;6;0;13991;165;2.1;0.0
63;2021-02-01;572;182;14563;347;2.2;0.1
63;2021-02-02;885;234;15448;581;2.3;0.1
63;2021-02-03;1472;282;16920;863;2.6;0.1
63;2021-02-04;2118;516;19038;1379;2.9;0.2
63;2021-02-05;1144;272;20182;1651;3.1;0.3
63;2021-02-06;117;0;20299;1651;3.1;0.3
63;2021-02-07;9;1;20308;1652;3.1;0.3
63;2021-02-08;538;408;20846;2060;3.2;0.3
63;2021-02-09;671;435;21517;2495;3.3;0.4
63;2021-02-10;607;603;22124;3098;3.4;0.5
63;2021-02-11;752;468;22876;3566;3.5;0.5
63;2021-02-12;823;810;23699;4376;3.6;0.7
63;2021-02-13;82;1;23781;4377;3.6;0.7
63;2021-02-14;0;65;23781;4442;3.6;0.7
63;2021-02-15;203;789;23984;5231;3.6;0.8
63;2021-02-16;413;1139;24397;6370;3.7;1.0
63;2021-02-17;348;876;24745;7246;3.7;1.1
63;2021-02-18;607;827;25352;8073;3.8;1.2
63;2021-02-19;448;972;25800;9045;3.9;1.4
63;2021-02-20;35;32;25835;9077;3.9;1.4
63;2021-02-21;2;17;25837;9094;3.9;1.4
63;2021-02-22;291;934;26128;10028;4.0;1.5
63;2021-02-23;580;1141;26708;11169;4.0;1.7
63;2021-02-24;698;1423;27406;12592;4.2;1.9
63;2021-02-25;1601;1666;29007;14258;4.4;2.2
63;2021-02-26;1625;1367;30632;15625;4.6;2.4
63;2021-02-27;642;66;31274;15691;4.7;2.4
63;2021-02-28;4;178;31278;15869;4.7;2.4
63;2021-03-01;586;522;31864;16391;4.8;2.5
63;2021-03-02;905;801;32769;17192;5.0;2.6
63;2021-03-03;1036;724;33805;17916;5.1;2.7
63;2021-03-04;1752;496;35557;18412;5.4;2.8
63;2021-03-05;2612;688;38169;19100;5.8;2.9
63;2021-03-06;1550;51;39719;19151;6.0;2.9
63;2021-03-07;511;17;40230;19168;6.1;2.9
63;2021-03-08;967;649;41197;19817;6.2;3.0
63;2021-03-09;1539;1063;42736;20880;6.5;3.2
63;2021-03-10;1649;612;44385;21492;6.7;3.3
63;2021-03-11;3051;890;47436;22382;7.2;3.4
63;2021-03-12;3511;385;50947;22767;7.7;3.4
63;2021-03-13;2049;83;52996;22850;8.0;3.5
63;2021-03-14;61;22;53057;22872;8.0;3.5
63;2021-03-15;1761;367;54818;23239;8.3;3.5
63;2021-03-16;1744;414;56562;23653;8.6;3.6
63;2021-03-17;1638;682;58200;24335;8.8;3.7
63;2021-03-18;1938;745;60138;25080;9.1;3.8
63;2021-03-19;2740;494;62878;25574;9.5;3.9
63;2021-03-20;1121;71;63999;25645;9.7;3.9
63;2021-03-21;50;45;64049;25690;9.7;3.9
63;2021-03-22;1984;257;66033;25947;10.0;3.9
63;2021-03-23;2885;362;68918;26309;10.4;4.0
63;2021-03-24;3219;338;72137;26647;10.9;4.0
63;2021-03-25;4595;387;76732;27034;11.6;4.1
63;2021-03-26;4690;565;81422;27599;12.3;4.2
63;2021-03-27;2454;230;83876;27829;12.7;4.2
63;2021-03-28;1047;83;84923;27912;12.9;4.2
63;2021-03-29;2480;518;87403;28430;13.2;4.3
63;2021-03-30;3282;627;90685;29057;13.7;4.4
63;2021-03-31;2967;752;93652;29809;14.2;4.5
63;2021-04-01;3837;531;97489;30340;14.8;4.6
63;2021-04-02;3484;712;100973;31052;15.3;4.7
63;2021-04-03;1171;181;102144;31233;15.5;4.7
63;2021-04-04;877;27;103021;31260;15.6;4.7
63;2021-04-05;803;85;103824;31345;15.7;4.7
63;2021-04-06;2473;937;106297;32282;16.1;4.9
63;2021-04-07;3205;869;109502;33151;16.6;5.0
63;2021-04-08;4721;1214;114223;34365;17.3;5.2
63;2021-04-09;5313;996;119536;35361;18.1;5.4
63;2021-04-10;2221;478;121757;35839;18.4;5.4
63;2021-04-11;834;37;122591;35876;18.6;5.4
63;2021-04-12;1605;1313;124196;37189;18.8;5.6
63;2021-04-13;1987;1967;126183;39156;19.1;5.9
63;2021-04-14;2628;1436;128811;40592;19.5;6.1
63;2021-04-15;3805;1539;132616;42131;20.1;6.4
63;2021-04-16;2841;2159;135457;44290;20.5;6.7
63;2021-04-17;1233;674;136690;44964;20.7;6.8
63;2021-04-18;802;61;137492;45025;20.8;6.8
63;2021-04-19;1655;2105;139147;47130;21.1;7.1
63;2021-04-20;1701;2299;140848;49429;21.3;7.5
63;2021-04-21;1517;2405;142365;51834;21.6;7.9
63;2021-04-22;1913;2267;144278;54101;21.9;8.2
63;2021-04-23;2018;3114;146296;57215;22.2;8.7
63;2021-04-24;1192;1129;147488;58344;22.3;8.8
63;2021-04-25;554;413;148042;58757;22.4;8.9
63;2021-04-26;1438;2241;149480;60998;22.6;9.2
63;2021-04-27;2314;2612;151794;63610;23.0;9.6
63;2021-04-28;2334;3162;154128;66772;23.3;10.1
63;2021-04-29;2873;2839;157001;69611;23.8;10.5
63;2021-04-30;2862;2820;159863;72431;24.2;11.0
63;2021-05-01;1127;1050;160990;73481;24.4;11.1
63;2021-05-02;897;640;161887;74121;24.5;11.2
63;2021-05-03;2686;2249;164573;76370;24.9;11.6
63;2021-05-04;2878;2677;167451;79047;25.4;12.0
63;2021-05-05;2935;3123;170386;82170;25.8;12.4
63;2021-05-06;3669;3055;174055;85225;26.4;12.9
63;2021-05-07;4033;3541;178088;88766;27.0;13.4
63;2021-05-08;2000;653;180088;89419;27.3;13.5
63;2021-05-09;1802;608;181890;90027;27.5;13.6
63;2021-05-10;4197;2764;186087;92791;28.2;14.1
63;2021-05-11;5337;2760;191424;95551;29.0;14.5
63;2021-05-12;5267;2907;196691;98458;29.8;14.9
63;2021-05-13;4131;698;200822;99156;30.4;15.0
63;2021-05-14;4770;1512;205592;100668;31.1;15.2
63;2021-05-15;3720;986;209312;101654;31.7;15.4
63;2021-05-16;3522;443;212834;102097;32.2;15.5
63;2021-05-17;3898;1990;216732;104087;32.8;15.8
63;2021-05-18;5120;1615;221852;105702;33.6;16.0
63;2021-05-19;5220;1623;227072;107325;34.4;16.3
63;2021-05-20;6798;2084;233870;109409;35.4;16.6
63;2021-05-21;6255;2327;240125;111736;36.4;16.9
63;2021-05-22;3353;847;243478;112583;36.9;17.1
63;2021-05-23;2383;246;245861;112829;37.2;17.1
63;2021-05-24;2638;580;248499;113409;37.6;17.2
63;2021-05-25;4268;2645;252767;116054;38.3;17.6
63;2021-05-26;5450;2417;258217;118471;39.1;17.9
63;2021-05-27;6497;2801;264714;121272;40.1;18.4
63;2021-05-28;5418;3899;270132;125171;40.9;19.0
63;2021-05-29;3360;1502;273492;126673;41.4;19.2
63;2021-05-30;1579;217;275071;126890;41.7;19.2
63;2021-05-31;4148;2285;279219;129175;42.3;19.6
63;2021-06-01;3804;2961;283023;132136;42.9;20.0
63;2021-06-02;3889;2526;286912;134662;43.5;20.4
63;2021-06-03;4901;3144;291813;137806;44.2;20.9
63;2021-06-04;5098;3621;296911;141427;45.0;21.4
63;2021-06-05;2811;1744;299722;143171;45.4;21.7
63;2021-06-06;1308;697;301030;143868;45.6;21.8
63;2021-06-07;3163;2517;304193;146385;46.1;22.2
63;2021-06-08;2877;2755;307070;149140;46.5;22.6
63;2021-06-09;3023;2276;310093;151416;47.0;22.9
63;2021-06-10;3221;2689;313314;154105;47.5;23.3
63;2021-06-11;3098;4049;316412;158154;47.9;24.0
63;2021-06-12;1637;1969;318049;160123;48.2;24.3
63;2021-06-13;479;1096;318528;161219;48.2;24.4
63;2021-06-14;1823;3475;320351;164694;48.5;24.9
63;2021-06-15;2209;3478;322560;168172;48.9;25.5
63;2021-06-16;2570;3313;325130;171485;49.2;26.0
63;2021-06-17;2393;4302;327523;175787;49.6;26.6
63;2021-06-18;2472;5828;329995;181615;50.0;27.5
63;2021-06-19;1629;2832;331624;184447;50.2;27.9
63;2021-06-20;673;2439;332297;186886;50.3;28.3
63;2021-06-21;1270;5389;333567;192275;50.5;29.1
63;2021-06-22;1232;5540;334799;197815;50.7;30.0
63;2021-06-23;1529;4759;336328;202574;50.9;30.7
63;2021-06-24;1925;5381;338253;207955;51.2;31.5
63;2021-06-25;1746;5899;339999;213854;51.5;32.4
63;2021-06-26;1069;3352;341068;217206;51.7;32.9
63;2021-06-27;710;3487;341778;220693;51.8;33.4
63;2021-06-28;1137;5662;342915;226355;51.9;34.3
63;2021-06-29;1226;5160;344141;231515;52.1;35.1
63;2021-06-30;1597;5290;345738;236805;52.4;35.9
63;2021-07-01;1912;8068;347650;244873;52.7;37.1
63;2021-07-02;2051;6542;349701;251415;53.0;38.1
63;2021-07-03;958;2926;350659;254341;53.1;38.5
63;2021-07-04;1053;1884;351712;256225;53.3;38.8
63;2021-07-05;1528;6277;353240;262502;53.5;39.8
63;2021-07-06;1600;4801;354840;267303;53.7;40.5
63;2021-07-07;1969;4084;356809;271387;54.0;41.1
63;2021-07-08;2204;4589;359013;275976;54.4;41.8
63;2021-07-09;1923;5718;360936;281694;54.7;42.7
63;2021-07-10;1528;3414;362464;285108;54.9;43.2
63;2021-07-11;908;1534;363372;286642;55.0;43.4
63;2021-07-12;1580;8705;364952;295347;55.3;44.7
63;2021-07-13;3595;6139;368547;301486;55.8;45.7
63;2021-07-14;3615;1785;372162;303271;56.4;45.9
63;2021-07-15;4398;5033;376560;308304;57.0;46.7
63;2021-07-16;4678;5782;381238;314086;57.7;47.6
63;2021-07-17;3011;2473;384249;316559;58.2;47.9
63;2021-07-18;2824;1089;387073;317648;58.6;48.1
63;2021-07-19;3993;4851;391066;322499;59.2;48.8
63;2021-07-20;4726;5450;395792;327949;59.9;49.7
63;2021-07-21;4779;3983;400571;331932;60.7;50.3
63;2021-07-22;5500;4395;406071;336327;61.5;50.9
63;2021-07-23;5136;4650;411207;340977;62.3;51.6
63;2021-07-24;3659;1950;414866;342927;62.8;51.9
63;2021-07-25;3036;1436;417902;344363;63.3;52.2
63;2021-07-26;4016;3226;421918;347589;63.9;52.6
63;2021-07-27;3879;3150;425797;350739;64.5;53.1
63;2021-07-28;3821;2716;429618;353455;65.1;53.5
63;2021-07-29;4431;3153;434049;356608;65.7;54.0
63;2021-07-30;3785;3575;437834;360183;66.3;54.6
63;2021-07-31;2145;1714;439979;361897;66.6;54.8
63;2021-08-01;1191;832;441170;362729;66.8;54.9
63;2021-08-02;2213;3071;443383;365800;67.2;55.4
63;2021-08-03;2714;3261;446097;369061;67.6;55.9
63;2021-08-04;2799;3236;448896;372297;68.0;56.4
63;2021-08-05;2411;3477;451307;375774;68.4;56.9
63;2021-08-06;2344;4150;453651;379924;68.7;57.5
63;2021-08-07;1297;2796;454948;382720;68.9;58.0
63;2021-08-08;320;1204;455268;383924;69.0;58.1
63;2021-08-09;1832;4221;457100;388145;69.2;58.8
63;2021-08-10;2210;3993;459310;392138;69.6;59.4
63;2021-08-11;2091;3626;461401;395764;69.9;59.9
63;2021-08-12;1843;4620;463244;400384;70.2;60.6
63;2021-08-13;1651;3993;464895;404377;70.4;61.2
63;2021-08-14;825;3234;465720;407611;70.5;61.7
63;2021-08-15;184;1449;465904;409060;70.6;62.0
63;2021-08-16;1149;4382;467053;413442;70.7;62.6
64;2020-12-27;1;0;1;0;0.0;0.0
64;2020-12-28;2;0;3;0;0.0;0.0
64;2020-12-29;0;0;3;0;0.0;0.0
64;2020-12-30;0;0;3;0;0.0;0.0
64;2020-12-31;0;0;3;0;0.0;0.0
64;2021-01-01;0;0;3;0;0.0;0.0
64;2021-01-02;0;0;3;0;0.0;0.0
64;2021-01-03;0;0;3;0;0.0;0.0
64;2021-01-04;29;0;32;0;0.0;0.0
64;2021-01-05;25;0;57;0;0.0;0.0
64;2021-01-06;188;0;245;0;0.0;0.0
64;2021-01-07;841;0;1086;0;0.2;0.0
64;2021-01-08;879;2;1965;2;0.3;0.0
64;2021-01-09;54;0;2019;2;0.3;0.0
64;2021-01-10;1;0;2020;2;0.3;0.0
64;2021-01-11;541;0;2561;2;0.4;0.0
64;2021-01-12;760;3;3321;5;0.5;0.0
64;2021-01-13;865;2;4186;7;0.6;0.0
64;2021-01-14;1045;3;5231;10;0.8;0.0
64;2021-01-15;929;5;6160;15;0.9;0.0
64;2021-01-16;69;0;6229;15;0.9;0.0
64;2021-01-17;5;0;6234;15;0.9;0.0
64;2021-01-18;942;8;7176;23;1.1;0.0
64;2021-01-19;1441;4;8617;27;1.3;0.0
64;2021-01-20;1617;3;10234;30;1.5;0.0
64;2021-01-21;2602;2;12836;32;1.9;0.0
64;2021-01-22;1648;4;14484;36;2.1;0.0
64;2021-01-23;524;1;15008;37;2.2;0.0
64;2021-01-24;89;0;15097;37;2.2;0.0
64;2021-01-25;971;8;16068;45;2.4;0.0
64;2021-01-26;1357;21;17425;66;2.6;0.0
64;2021-01-27;1241;120;18666;186;2.7;0.0
64;2021-01-28;1648;631;20314;817;3.0;0.1
64;2021-01-29;972;653;21286;1470;3.1;0.2
64;2021-01-30;468;59;21754;1529;3.2;0.2
64;2021-01-31;91;0;21845;1529;3.2;0.2
64;2021-02-01;674;312;22519;1841;3.3;0.3
64;2021-02-02;1133;555;23652;2396;3.5;0.4
64;2021-02-03;1041;639;24693;3035;3.6;0.4
64;2021-02-04;1028;535;25721;3570;3.8;0.5
64;2021-02-05;867;456;26588;4026;3.9;0.6
64;2021-02-06;500;34;27088;4060;4.0;0.6
64;2021-02-07;131;4;27219;4064;4.0;0.6
64;2021-02-08;769;310;27988;4374;4.1;0.6
64;2021-02-09;946;710;28934;5084;4.2;0.7
64;2021-02-10;914;798;29848;5882;4.4;0.9
64;2021-02-11;1200;1490;31048;7372;4.5;1.1
64;2021-02-12;1075;1065;32123;8437;4.7;1.2
64;2021-02-13;225;320;32348;8757;4.7;1.3
64;2021-02-14;37;47;32385;8804;4.7;1.3
64;2021-02-15;221;1129;32606;9933;4.8;1.5
64;2021-02-16;258;1406;32864;11339;4.8;1.7
64;2021-02-17;289;1250;33153;12589;4.9;1.8
64;2021-02-18;508;1718;33661;14307;4.9;2.1
64;2021-02-19;415;1290;34076;15597;5.0;2.3
64;2021-02-20;119;438;34195;16035;5.0;2.3
64;2021-02-21;20;83;34215;16118;5.0;2.4
64;2021-02-22;477;987;34692;17105;5.1;2.5
64;2021-02-23;720;1145;35412;18250;5.2;2.7
64;2021-02-24;730;1016;36142;19266;5.3;2.8
64;2021-02-25;1093;954;37235;20220;5.5;3.0
64;2021-02-26;1217;915;38452;21135;5.6;3.1
64;2021-02-27;864;405;39316;21540;5.8;3.2
64;2021-02-28;42;84;39358;21624;5.8;3.2
64;2021-03-01;764;798;40122;22422;5.9;3.3
64;2021-03-02;1078;917;41200;23339;6.0;3.4
64;2021-03-03;1251;1004;42451;24343;6.2;3.6
64;2021-03-04;1879;1188;44330;25531;6.5;3.7
64;2021-03-05;2195;1072;46525;26603;6.8;3.9
64;2021-03-06;1542;518;48067;27121;7.0;4.0
64;2021-03-07;594;110;48661;27231;7.1;4.0
64;2021-03-08;1534;766;50195;27997;7.3;4.1
64;2021-03-09;2068;848;52263;28845;7.7;4.2
64;2021-03-10;2080;761;54343;29606;8.0;4.3
64;2021-03-11;2971;1073;57314;30679;8.4;4.5
64;2021-03-12;3484;599;60798;31278;8.9;4.6
64;2021-03-13;2257;168;63055;31446;9.2;4.6
64;2021-03-14;232;15;63287;31461;9.3;4.6
64;2021-03-15;2334;227;65621;31688;9.6;4.6
64;2021-03-16;1990;267;67611;31955;9.9;4.7
64;2021-03-17;2070;236;69681;32191;10.2;4.7
64;2021-03-18;2461;204;72142;32395;10.6;4.7
64;2021-03-19;3012;284;75154;32679;11.0;4.8
64;2021-03-20;2467;89;77621;32768;11.4;4.8
64;2021-03-21;1280;24;78901;32792;11.5;4.8
64;2021-03-22;2589;551;81490;33343;11.9;4.9
64;2021-03-23;3197;649;84687;33992;12.4;5.0
64;2021-03-24;3562;701;88249;34693;12.9;5.1
64;2021-03-25;4351;804;92600;35497;13.6;5.2
64;2021-03-26;4423;700;97023;36197;14.2;5.3
64;2021-03-27;2970;426;99993;36623;14.6;5.4
64;2021-03-28;521;56;100514;36679;14.7;5.4
64;2021-03-29;3026;885;103540;37564;15.2;5.5
64;2021-03-30;4135;869;107675;38433;15.8;5.6
64;2021-03-31;3590;786;111265;39219;16.3;5.7
64;2021-04-01;4779;932;116044;40151;17.0;5.9
64;2021-04-02;4438;744;120482;40895;17.6;6.0
64;2021-04-03;2059;583;122541;41478;17.9;6.1
64;2021-04-04;307;49;122848;41527;18.0;6.1
64;2021-04-05;1689;139;124537;41666;18.2;6.1
64;2021-04-06;3656;1388;128193;43054;18.8;6.3
64;2021-04-07;3948;1511;132141;44565;19.3;6.5
64;2021-04-08;5193;1596;137334;46161;20.1;6.8
64;2021-04-09;5893;1632;143227;47793;21.0;7.0
64;2021-04-10;3222;1048;146449;48841;21.4;7.1
64;2021-04-11;445;251;146894;49092;21.5;7.2
64;2021-04-12;4045;1863;150939;50955;22.1;7.5
64;2021-04-13;4463;2162;155402;53117;22.7;7.8
64;2021-04-14;4090;2136;159492;55253;23.3;8.1
64;2021-04-15;4395;2297;163887;57550;24.0;8.4
64;2021-04-16;4296;2256;168183;59806;24.6;8.8
64;2021-04-17;2478;1499;170661;61305;25.0;9.0
64;2021-04-18;1096;1182;171757;62487;25.1;9.1
64;2021-04-19;2730;2444;174487;64931;25.5;9.5
64;2021-04-20;3207;2424;177694;67355;26.0;9.9
64;2021-04-21;3219;2564;180913;69919;26.5;10.2
64;2021-04-22;3386;2780;184299;72699;27.0;10.6
64;2021-04-23;3431;2603;187730;75302;27.5;11.0
64;2021-04-24;2067;1588;189797;76890;27.8;11.3
64;2021-04-25;290;237;190087;77127;27.8;11.3
64;2021-04-26;2658;2651;192745;79778;28.2;11.7
64;2021-04-27;3058;3128;195803;82906;28.7;12.1
64;2021-04-28;3602;3062;199405;85968;29.2;12.6
64;2021-04-29;4651;3455;204056;89423;29.9;13.1
64;2021-04-30;4082;3611;208138;93034;30.5;13.6
64;2021-05-01;1480;1029;209618;94063;30.7;13.8
64;2021-05-02;446;325;210064;94388;30.7;13.8
64;2021-05-03;2908;3522;212972;97910;31.2;14.3
64;2021-05-04;3645;3989;216617;101899;31.7;14.9
64;2021-05-05;3359;4018;219976;105917;32.2;15.5
64;2021-05-06;4111;3987;224087;109904;32.8;16.1
64;2021-05-07;3919;4193;228006;114097;33.4;16.7
64;2021-05-08;2620;1237;230626;115334;33.8;16.9
64;2021-05-09;720;306;231346;115640;33.9;16.9
64;2021-05-10;2862;4237;234208;119877;34.3;17.5
64;2021-05-11;4182;4153;238390;124030;34.9;18.2
64;2021-05-12;4485;3942;242875;127972;35.6;18.7
64;2021-05-13;3198;887;246073;128859;36.0;18.9
64;2021-05-14;5152;3149;251225;132008;36.8;19.3
64;2021-05-15;3525;1867;254750;133875;37.3;19.6
64;2021-05-16;498;225;255248;134100;37.4;19.6
64;2021-05-17;4191;2383;259439;136483;38.0;20.0
64;2021-05-18;5166;2304;264605;138787;38.7;20.3
64;2021-05-19;4978;2165;269583;140952;39.5;20.6
64;2021-05-20;5568;2159;275151;143111;40.3;20.9
64;2021-05-21;5271;2247;280422;145358;41.0;21.3
64;2021-05-22;3582;1510;284004;146868;41.6;21.5
64;2021-05-23;431;206;284435;147074;41.6;21.5
64;2021-05-24;2995;1233;287430;148307;42.1;21.7
64;2021-05-25;4334;2850;291764;151157;42.7;22.1
64;2021-05-26;4354;2718;296118;153875;43.3;22.5
64;2021-05-27;5284;3157;301402;157032;44.1;23.0
64;2021-05-28;4615;3434;306017;160466;44.8;23.5
64;2021-05-29;2810;2117;308827;162583;45.2;23.8
64;2021-05-30;436;204;309263;162787;45.3;23.8
64;2021-05-31;3893;3671;313156;166458;45.8;24.4
64;2021-06-01;5336;3565;318492;170023;46.6;24.9
64;2021-06-02;4937;3178;323429;173201;47.3;25.4
64;2021-06-03;6364;3269;329793;176470;48.3;25.8
64;2021-06-04;5143;4551;334936;181021;49.0;26.5
64;2021-06-05;3484;2524;338420;183545;49.5;26.9
64;2021-06-06;2014;330;340434;183875;49.8;26.9
64;2021-06-07;4131;4329;344565;188204;50.4;27.5
64;2021-06-08;5156;4125;349721;192329;51.2;28.2
64;2021-06-09;5152;3653;354873;195982;51.9;28.7
64;2021-06-10;6177;3142;361050;199124;52.8;29.1
64;2021-06-11;5591;4874;366641;203998;53.7;29.9
64;2021-06-12;3949;2326;370590;206324;54.2;30.2
64;2021-06-13;1554;392;372144;206716;54.5;30.3
64;2021-06-14;3672;4793;375816;211509;55.0;31.0
64;2021-06-15;4576;4707;380392;216216;55.7;31.6
64;2021-06-16;4470;4667;384862;220883;56.3;32.3
64;2021-06-17;3641;4302;388503;225185;56.9;33.0
64;2021-06-18;4424;5176;392927;230361;57.5;33.7
64;2021-06-19;2981;3283;395908;233644;58.0;34.2
64;2021-06-20;880;539;396788;234183;58.1;34.3
64;2021-06-21;2313;5129;399101;239312;58.4;35.0
64;2021-06-22;2557;5730;401658;245042;58.8;35.9
64;2021-06-23;3105;5482;404763;250524;59.2;36.7
64;2021-06-24;2719;3806;407482;254330;59.6;37.2
64;2021-06-25;2899;6438;410381;260768;60.1;38.2
64;2021-06-26;1799;3837;412180;264605;60.3;38.7
64;2021-06-27;492;714;412672;265319;60.4;38.8
64;2021-06-28;1930;6066;414602;271385;60.7;39.7
64;2021-06-29;1953;6261;416555;277646;61.0;40.6
64;2021-06-30;2253;6001;418808;283647;61.3;41.5
64;2021-07-01;2408;5341;421216;288988;61.7;42.3
64;2021-07-02;2301;6408;423517;295396;62.0;43.2
64;2021-07-03;1261;3784;424778;299180;62.2;43.8
64;2021-07-04;411;847;425189;300027;62.2;43.9
64;2021-07-05;1375;5411;426564;305438;62.4;44.7
64;2021-07-06;1988;6150;428552;311588;62.7;45.6
64;2021-07-07;2063;5750;430615;317338;63.0;46.5
64;2021-07-08;1800;4393;432415;321731;63.3;47.1
64;2021-07-09;1819;6535;434234;328266;63.6;48.1
64;2021-07-10;1167;3880;435401;332146;63.7;48.6
64;2021-07-11;253;860;435654;333006;63.8;48.7
64;2021-07-12;1497;6086;437151;339092;64.0;49.6
64;2021-07-13;2361;7247;439512;346339;64.3;50.7
64;2021-07-14;2369;3396;441881;349735;64.7;51.2
64;2021-07-15;2100;5482;443981;355217;65.0;52.0
64;2021-07-16;2837;6774;446818;361991;65.4;53.0
64;2021-07-17;2336;4587;449154;366578;65.7;53.7
64;2021-07-18;711;2049;449865;368627;65.8;54.0
64;2021-07-19;2346;6121;452211;374748;66.2;54.9
64;2021-07-20;3116;6551;455327;381299;66.6;55.8
64;2021-07-21;3329;6046;458656;387345;67.1;56.7
64;2021-07-22;3802;5716;462458;393061;67.7;57.5
64;2021-07-23;3718;5610;466176;398671;68.2;58.4
64;2021-07-24;2538;4430;468714;403101;68.6;59.0
64;2021-07-25;752;1060;469466;404161;68.7;59.2
64;2021-07-26;3072;5127;472538;409288;69.2;59.9
64;2021-07-27;4219;5132;476757;414420;69.8;60.7
64;2021-07-28;4273;4588;481030;419008;70.4;61.3
64;2021-07-29;5485;3882;486515;422890;71.2;61.9
64;2021-07-30;5099;4212;491614;427102;72.0;62.5
64;2021-07-31;3147;3342;494761;430444;72.4;63.0
64;2021-08-01;1140;581;495901;431025;72.6;63.1
64;2021-08-02;4326;2643;500227;433668;73.2;63.5
64;2021-08-03;4511;3161;504738;436829;73.9;63.9
64;2021-08-04;4097;2989;508835;439818;74.5;64.4
64;2021-08-05;3990;2610;512825;442428;75.1;64.8
64;2021-08-06;3801;3336;516626;445764;75.6;65.2
64;2021-08-07;2473;2703;519099;448467;76.0;65.6
64;2021-08-08;487;608;519586;449075;76.1;65.7
64;2021-08-09;2671;3193;522257;452268;76.4;66.2
64;2021-08-10;3271;3425;525528;455693;76.9;66.7
64;2021-08-11;3048;3256;528576;458949;77.4;67.2
64;2021-08-12;3168;3294;531744;462243;77.8;67.7
64;2021-08-13;2518;3645;534262;465888;78.2;68.2
64;2021-08-14;1625;2669;535887;468557;78.4;68.6
64;2021-08-15;202;690;536089;469247;78.5;68.7
64;2021-08-16;2053;3226;538142;472473;78.8;69.2
65;2020-12-27;0;0;0;0;0.0;0.0
65;2020-12-28;0;0;0;0;0.0;0.0
65;2020-12-29;0;0;0;0;0.0;0.0
65;2020-12-30;0;0;0;0;0.0;0.0
65;2020-12-31;0;0;0;0;0.0;0.0
65;2021-01-01;0;0;0;0;0.0;0.0
65;2021-01-02;0;0;0;0;0.0;0.0
65;2021-01-03;0;0;0;0;0.0;0.0
65;2021-01-04;0;0;0;0;0.0;0.0
65;2021-01-05;1;0;1;0;0.0;0.0
65;2021-01-06;3;0;4;0;0.0;0.0
65;2021-01-07;167;0;171;0;0.1;0.0
65;2021-01-08;253;1;424;1;0.2;0.0
65;2021-01-09;176;1;600;2;0.3;0.0
65;2021-01-10;1;0;601;2;0.3;0.0
65;2021-01-11;275;3;876;5;0.4;0.0
65;2021-01-12;272;1;1148;6;0.5;0.0
65;2021-01-13;587;1;1735;7;0.8;0.0
65;2021-01-14;578;5;2313;12;1.0;0.0
65;2021-01-15;527;2;2840;14;1.3;0.0
65;2021-01-16;221;2;3061;16;1.3;0.0
65;2021-01-17;1;0;3062;16;1.3;0.0
65;2021-01-18;551;5;3613;21;1.6;0.0
65;2021-01-19;570;2;4183;23;1.8;0.0
65;2021-01-20;584;3;4767;26;2.1;0.0
65;2021-01-21;584;0;5351;26;2.4;0.0
65;2021-01-22;597;0;5948;26;2.6;0.0
65;2021-01-23;174;1;6122;27;2.7;0.0
65;2021-01-24;3;1;6125;28;2.7;0.0
65;2021-01-25;551;4;6676;32;2.9;0.0
65;2021-01-26;881;2;7557;34;3.3;0.0
65;2021-01-27;588;12;8145;46;3.6;0.0
65;2021-01-28;505;71;8650;117;3.8;0.1
65;2021-01-29;426;138;9076;255;4.0;0.1
65;2021-01-30;183;74;9259;329;4.1;0.1
65;2021-01-31;15;0;9274;329;4.1;0.1
65;2021-02-01;321;90;9595;419;4.2;0.2
65;2021-02-02;418;195;10013;614;4.4;0.3
65;2021-02-03;463;245;10476;859;4.6;0.4
65;2021-02-04;307;331;10783;1190;4.8;0.5
65;2021-02-05;285;360;11068;1550;4.9;0.7
65;2021-02-06;99;103;11167;1653;4.9;0.7
65;2021-02-07;10;0;11177;1653;4.9;0.7
65;2021-02-08;425;222;11602;1875;5.1;0.8
65;2021-02-09;272;380;11874;2255;5.2;1.0
65;2021-02-10;296;272;12170;2527;5.4;1.1
65;2021-02-11;320;275;12490;2802;5.5;1.2
65;2021-02-12;277;232;12767;3034;5.6;1.3
65;2021-02-13;124;97;12891;3131;5.7;1.4
65;2021-02-14;3;16;12894;3147;5.7;1.4
65;2021-02-15;202;415;13096;3562;5.8;1.6
65;2021-02-16;488;582;13584;4144;6.0;1.8
65;2021-02-17;230;499;13814;4643;6.1;2.0
65;2021-02-18;285;587;14099;5230;6.2;2.3
65;2021-02-19;156;479;14255;5709;6.3;2.5
65;2021-02-20;53;158;14308;5867;6.3;2.6
65;2021-02-21;3;48;14311;5915;6.3;2.6
65;2021-02-22;166;540;14477;6455;6.4;2.8
65;2021-02-23;247;526;14724;6981;6.5;3.1
65;2021-02-24;232;639;14956;7620;6.6;3.4
65;2021-02-25;212;181;15168;7801;6.7;3.4
65;2021-02-26;350;775;15518;8576;6.8;3.8
65;2021-02-27;106;202;15624;8778;6.9;3.9
65;2021-02-28;1;0;15625;8778;6.9;3.9
65;2021-03-01;375;374;16000;9152;7.1;4.0
65;2021-03-02;454;360;16454;9512;7.3;4.2
65;2021-03-03;380;390;16834;9902;7.4;4.4
65;2021-03-04;695;331;17529;10233;7.7;4.5
65;2021-03-05;678;286;18207;10519;8.0;4.6
65;2021-03-06;1187;85;19394;10604;8.5;4.7
65;2021-03-07;258;11;19652;10615;8.7;4.7
65;2021-03-08;412;343;20064;10958;8.8;4.8
65;2021-03-09;668;333;20732;11291;9.1;5.0
65;2021-03-10;625;371;21357;11662;9.4;5.1
65;2021-03-11;780;357;22137;12019;9.8;5.3
65;2021-03-12;1057;189;23194;12208;10.2;5.4
65;2021-03-13;353;93;23547;12301;10.4;5.4
65;2021-03-14;3;30;23550;12331;10.4;5.4
65;2021-03-15;814;185;24364;12516;10.7;5.5
65;2021-03-16;692;218;25056;12734;11.0;5.6
65;2021-03-17;709;208;25765;12942;11.4;5.7
65;2021-03-18;534;233;26299;13175;11.6;5.8
65;2021-03-19;878;162;27177;13337;12.0;5.9
65;2021-03-20;244;45;27421;13382;12.1;5.9
65;2021-03-21;12;2;27433;13384;12.1;5.9
65;2021-03-22;735;154;28168;13538;12.4;6.0
65;2021-03-23;837;367;29005;13905;12.8;6.1
65;2021-03-24;867;253;29872;14158;13.2;6.2
65;2021-03-25;1250;191;31122;14349;13.7;6.3
65;2021-03-26;1221;140;32343;14489;14.3;6.4
65;2021-03-27;1357;88;33700;14577;14.9;6.4
65;2021-03-28;1;2;33701;14579;14.9;6.4
65;2021-03-29;1492;358;35193;14937;15.5;6.6
65;2021-03-30;1357;404;36550;15341;16.1;6.8
65;2021-03-31;1204;368;37754;15709;16.6;6.9
65;2021-04-01;1510;397;39264;16106;17.3;7.1
65;2021-04-02;1683;288;40947;16394;18.1;7.2
65;2021-04-03;247;44;41194;16438;18.2;7.2
65;2021-04-04;4;2;41198;16440;18.2;7.2
65;2021-04-05;158;44;41356;16484;18.2;7.3
65;2021-04-06;1290;493;42646;16977;18.8;7.5
65;2021-04-07;1956;456;44602;17433;19.7;7.7
65;2021-04-08;1636;415;46238;17848;20.4;7.9
65;2021-04-09;1645;470;47883;18318;21.1;8.1
65;2021-04-10;1590;149;49473;18467;21.8;8.1
65;2021-04-11;3;0;49476;18467;21.8;8.1
65;2021-04-12;1349;736;50825;19203;22.4;8.5
65;2021-04-13;1573;590;52398;19793;23.1;8.7
65;2021-04-14;1904;742;54302;20535;23.9;9.1
65;2021-04-15;1700;665;56002;21200;24.7;9.3
65;2021-04-16;1824;529;57826;21729;25.5;9.6
65;2021-04-17;2157;128;59983;21857;26.4;9.6
65;2021-04-18;7;27;59990;21884;26.4;9.6
65;2021-04-19;1337;774;61327;22658;27.0;10.0
65;2021-04-20;1528;706;62855;23364;27.7;10.3
65;2021-04-21;1050;1049;63905;24413;28.2;10.8
65;2021-04-22;1644;725;65549;25138;28.9;11.1
65;2021-04-23;1161;1148;66710;26286;29.4;11.6
65;2021-04-24;1263;610;67973;26896;30.0;11.9
65;2021-04-25;31;15;68004;26911;30.0;11.9
65;2021-04-26;1606;1295;69610;28206;30.7;12.4
65;2021-04-27;1424;1337;71034;29543;31.3;13.0
65;2021-04-28;1729;1023;72763;30566;32.1;13.5
65;2021-04-29;1962;1030;74725;31596;32.9;13.9
65;2021-04-30;1781;924;76506;32520;33.7;14.3
65;2021-05-01;1574;227;78080;32747;34.4;14.4
65;2021-05-02;671;22;78751;32769;34.7;14.4
65;2021-05-03;1283;1620;80034;34389;35.3;15.2
65;2021-05-04;1535;1242;81569;35631;36.0;15.7
65;2021-05-05;1372;1645;82941;37276;36.6;16.4
65;2021-05-06;1557;1177;84498;38453;37.3;17.0
65;2021-05-07;1274;1569;85772;40022;37.8;17.6
65;2021-05-08;1648;443;87420;40465;38.5;17.8
65;2021-05-09;0;90;87420;40555;38.5;17.9
65;2021-05-10;952;1883;88372;42438;39.0;18.7
65;2021-05-11;1059;1811;89431;44249;39.4;19.5
65;2021-05-12;1235;1635;90666;45884;40.0;20.2
65;2021-05-13;1344;166;92010;46050;40.6;20.3
65;2021-05-14;1576;1095;93586;47145;41.3;20.8
65;2021-05-15;1398;511;94984;47656;41.9;21.0
65;2021-05-16;1444;71;96428;47727;42.5;21.0
65;2021-05-17;1036;1615;97464;49342;43.0;21.8
65;2021-05-18;1610;1209;99074;50551;43.7;22.3
65;2021-05-19;1684;1008;100758;51559;44.4;22.7
65;2021-05-20;1844;1052;102602;52611;45.2;23.2
65;2021-05-21;1790;1234;104392;53845;46.0;23.7
65;2021-05-22;1287;637;105679;54482;46.6;24.0
65;2021-05-23;689;32;106368;54514;46.9;24.0
65;2021-05-24;703;77;107071;54591;47.2;24.1
65;2021-05-25;1357;1546;108428;56137;47.8;24.7
65;2021-05-26;1472;1355;109900;57492;48.4;25.3
65;2021-05-27;1621;1462;111521;58954;49.2;26.0
65;2021-05-28;1600;1673;113121;60627;49.9;26.7
65;2021-05-29;1186;1513;114307;62140;50.4;27.4
65;2021-05-30;6;10;114313;62150;50.4;27.4
65;2021-05-31;1325;1300;115638;63450;51.0;28.0
65;2021-06-01;1833;932;117471;64382;51.8;28.4
65;2021-06-02;1576;950;119047;65332;52.5;28.8
65;2021-06-03;1341;1102;120388;66434;53.1;29.3
65;2021-06-04;1789;1561;122177;67995;53.9;30.0
65;2021-06-05;433;1240;122610;69235;54.1;30.5
65;2021-06-06;3;13;122613;69248;54.1;30.5
65;2021-06-07;674;1983;123287;71231;54.4;31.4
65;2021-06-08;956;1537;124243;72768;54.8;32.1
65;2021-06-09;825;1548;125068;74316;55.1;32.8
65;2021-06-10;740;1155;125808;75471;55.5;33.3
65;2021-06-11;910;1808;126718;77279;55.9;34.1
65;2021-06-12;150;639;126868;77918;55.9;34.3
65;2021-06-13;5;7;126873;77925;55.9;34.4
65;2021-06-14;504;2422;127377;80347;56.2;35.4
65;2021-06-15;940;1804;128317;82151;56.6;36.2
65;2021-06-16;1064;1366;129381;83517;57.0;36.8
65;2021-06-17;814;1047;130195;84564;57.4;37.3
65;2021-06-18;1017;1631;131212;86195;57.8;38.0
65;2021-06-19;690;1688;131902;87883;58.1;38.7
65;2021-06-20;2;2;131904;87885;58.1;38.7
65;2021-06-21;739;1939;132643;89824;58.5;39.6
65;2021-06-22;1045;1479;133688;91303;58.9;40.3
65;2021-06-23;1063;1234;134751;92537;59.4;40.8
65;2021-06-24;959;1143;135710;93680;59.8;41.3
65;2021-06-25;831;1966;136541;95646;60.2;42.2
65;2021-06-26;168;1658;136709;97304;60.3;42.9
65;2021-06-27;15;1101;136724;98405;60.3;43.4
65;2021-06-28;445;2301;137169;100706;60.5;44.4
65;2021-06-29;684;1919;137853;102625;60.8;45.2
65;2021-06-30;932;1679;138785;104304;61.2;46.0
65;2021-07-01;604;750;139389;105054;61.4;46.3
65;2021-07-02;1166;1732;140555;106786;62.0;47.1
65;2021-07-03;195;1916;140750;108702;62.0;47.9
65;2021-07-04;416;183;141166;108885;62.2;48.0
65;2021-07-05;640;1994;141806;110879;62.5;48.9
65;2021-07-06;896;2124;142702;113003;62.9;49.8
65;2021-07-07;971;1515;143673;114518;63.3;50.5
65;2021-07-08;325;662;143998;115180;63.5;50.8
65;2021-07-09;548;1594;144546;116774;63.7;51.5
65;2021-07-10;293;956;144839;117730;63.9;51.9
65;2021-07-11;0;0;144839;117730;63.9;51.9
65;2021-07-12;478;2221;145317;119951;64.1;52.9
65;2021-07-13;693;2149;146010;122100;64.4;53.8
65;2021-07-14;210;51;146220;122151;64.5;53.8
65;2021-07-15;1042;1661;147262;123812;64.9;54.6
65;2021-07-16;1184;1880;148446;125692;65.4;55.4
65;2021-07-17;425;542;148871;126234;65.6;55.6
65;2021-07-18;22;12;148893;126246;65.6;55.7
65;2021-07-19;630;1493;149523;127739;65.9;56.3
65;2021-07-20;1441;1700;150964;129439;66.6;57.1
65;2021-07-21;1399;1658;152363;131097;67.2;57.8
65;2021-07-22;2152;1284;154515;132381;68.1;58.4
65;2021-07-23;1589;1790;156104;134171;68.8;59.1
65;2021-07-24;1030;649;157134;134820;69.3;59.4
65;2021-07-25;22;21;157156;134841;69.3;59.4
65;2021-07-26;1131;1244;158287;136085;69.8;60.0
65;2021-07-27;1749;1957;160036;138042;70.6;60.9
65;2021-07-28;1561;1319;161597;139361;71.2;61.4
65;2021-07-29;2812;1130;164409;140491;72.5;61.9
65;2021-07-30;2405;1392;166814;141883;73.5;62.5
65;2021-07-31;2250;347;169064;142230;74.5;62.7
65;2021-08-01;14;16;169078;142246;74.5;62.7
65;2021-08-02;935;830;170013;143076;74.9;63.1
65;2021-08-03;2021;1058;172034;144134;75.8;63.5
65;2021-08-04;1761;632;173795;144766;76.6;63.8
65;2021-08-05;1782;832;175577;145598;77.4;64.2
65;2021-08-06;1642;964;177219;146562;78.1;64.6
65;2021-08-07;719;479;177938;147041;78.4;64.8
65;2021-08-08;2;9;177940;147050;78.4;64.8
65;2021-08-09;674;941;178614;147991;78.7;65.2
65;2021-08-10;1154;1546;179768;149537;79.2;65.9
65;2021-08-11;728;1263;180496;150800;79.6;66.5
65;2021-08-12;760;1078;181256;151878;79.9;67.0
65;2021-08-13;402;1005;181658;152883;80.1;67.4
65;2021-08-14;593;562;182251;153445;80.3;67.6
65;2021-08-15;6;19;182257;153464;80.3;67.7
65;2021-08-16;385;1533;182642;154997;80.5;68.3
66;2020-12-27;0;0;0;0;0.0;0.0
66;2020-12-28;2;0;2;0;0.0;0.0
66;2020-12-29;0;0;2;0;0.0;0.0
66;2020-12-30;0;0;2;0;0.0;0.0
66;2020-12-31;1;0;3;0;0.0;0.0
66;2021-01-01;1;0;4;0;0.0;0.0
66;2021-01-02;0;0;4;0;0.0;0.0
66;2021-01-03;0;0;4;0;0.0;0.0
66;2021-01-04;30;0;34;0;0.0;0.0
66;2021-01-05;135;0;169;0;0.0;0.0
66;2021-01-06;195;0;364;0;0.1;0.0
66;2021-01-07;182;0;546;0;0.1;0.0
66;2021-01-08;212;0;758;0;0.2;0.0
66;2021-01-09;232;0;990;0;0.2;0.0
66;2021-01-10;11;0;1001;0;0.2;0.0
66;2021-01-11;404;3;1405;3;0.3;0.0
66;2021-01-12;587;2;1992;5;0.4;0.0
66;2021-01-13;877;7;2869;12;0.6;0.0
66;2021-01-14;892;11;3761;23;0.8;0.0
66;2021-01-15;587;1;4348;24;0.9;0.0
66;2021-01-16;106;2;4454;26;0.9;0.0
66;2021-01-17;46;1;4500;27;0.9;0.0
66;2021-01-18;654;2;5154;29;1.1;0.0
66;2021-01-19;716;3;5870;32;1.2;0.0
66;2021-01-20;1169;3;7039;35;1.5;0.0
66;2021-01-21;2402;4;9441;39;2.0;0.0
66;2021-01-22;1438;10;10879;49;2.3;0.0
66;2021-01-23;399;3;11278;52;2.4;0.0
66;2021-01-24;226;9;11504;61;2.4;0.0
66;2021-01-25;738;40;12242;101;2.6;0.0
66;2021-01-26;786;68;13028;169;2.7;0.0
66;2021-01-27;866;104;13894;273;2.9;0.1
66;2021-01-28;872;128;14766;401;3.1;0.1
66;2021-01-29;816;127;15582;528;3.3;0.1
66;2021-01-30;480;70;16062;598;3.4;0.1
66;2021-01-31;202;27;16264;625;3.4;0.1
66;2021-02-01;562;189;16826;814;3.5;0.2
66;2021-02-02;619;289;17445;1103;3.6;0.2
66;2021-02-03;737;629;18182;1732;3.8;0.4
66;2021-02-04;688;621;18870;2353;3.9;0.5
66;2021-02-05;777;415;19647;2768;4.1;0.6
66;2021-02-06;417;147;20064;2915;4.2;0.6
66;2021-02-07;169;139;20233;3054;4.2;0.6
66;2021-02-08;501;393;20734;3447;4.3;0.7
66;2021-02-09;531;401;21265;3848;4.4;0.8
66;2021-02-10;616;772;21881;4620;4.6;1.0
66;2021-02-11;1104;1572;22985;6192;4.8;1.3
66;2021-02-12;1120;1202;24105;7394;5.0;1.5
66;2021-02-13;366;304;24471;7698;5.1;1.6
66;2021-02-14;111;197;24582;7895;5.1;1.6
66;2021-02-15;425;700;25007;8595;5.2;1.8
66;2021-02-16;304;788;25311;9383;5.3;2.0
66;2021-02-17;379;698;25690;10081;5.4;2.1
66;2021-02-18;366;776;26056;10857;5.4;2.3
66;2021-02-19;400;703;26456;11560;5.5;2.4
66;2021-02-20;184;409;26640;11969;5.6;2.5
66;2021-02-21;41;171;26681;12140;5.6;2.5
66;2021-02-22;416;643;27097;12783;5.7;2.7
66;2021-02-23;509;657;27606;13440;5.8;2.8
66;2021-02-24;341;751;27947;14191;5.8;3.0
66;2021-02-25;718;716;28665;14907;6.0;3.1
66;2021-02-26;953;747;29618;15654;6.2;3.3
66;2021-02-27;363;429;29981;16083;6.3;3.4
66;2021-02-28;59;172;30040;16255;6.3;3.4
66;2021-03-01;378;652;30418;16907;6.4;3.5
66;2021-03-02;334;657;30752;17564;6.4;3.7
66;2021-03-03;528;646;31280;18210;6.5;3.8
66;2021-03-04;991;1056;32271;19266;6.7;4.0
66;2021-03-05;1525;797;33796;20063;7.1;4.2
66;2021-03-06;1145;345;34941;20408;7.3;4.3
66;2021-03-07;1097;97;36038;20505;7.5;4.3
66;2021-03-08;695;545;36733;21050;7.7;4.4
66;2021-03-09;1222;593;37955;21643;7.9;4.5
66;2021-03-10;1301;501;39256;22144;8.2;4.6
66;2021-03-11;1475;594;40731;22738;8.5;4.7
66;2021-03-12;2393;579;43124;23317;9.0;4.9
66;2021-03-13;1081;307;44205;23624;9.2;4.9
66;2021-03-14;192;83;44397;23707;9.3;4.9
66;2021-03-15;1109;392;45506;24099;9.5;5.0
66;2021-03-16;952;260;46458;24359;9.7;5.1
66;2021-03-17;867;396;47325;24755;9.9;5.2
66;2021-03-18;968;344;48293;25099;10.1;5.2
66;2021-03-19;1292;317;49585;25416;10.4;5.3
66;2021-03-20;837;122;50422;25538;10.5;5.3
66;2021-03-21;185;44;50607;25582;10.6;5.3
66;2021-03-22;1111;395;51718;25977;10.8;5.4
66;2021-03-23;1756;387;53474;26364;11.2;5.5
66;2021-03-24;1795;518;55269;26882;11.5;5.6
66;2021-03-25;2536;469;57805;27351;12.1;5.7
66;2021-03-26;2577;362;60382;27713;12.6;5.8
66;2021-03-27;1208;296;61590;28009;12.9;5.8
66;2021-03-28;321;3;61911;28012;12.9;5.8
66;2021-03-29;1830;257;63741;28269;13.3;5.9
66;2021-03-30;2239;171;65980;28440;13.8;5.9
66;2021-03-31;1987;250;67967;28690;14.2;6.0
66;2021-04-01;2671;302;70638;28992;14.7;6.1
66;2021-04-02;2421;255;73059;29247;15.3;6.1
66;2021-04-03;1148;335;74207;29582;15.5;6.2
66;2021-04-04;107;125;74314;29707;15.5;6.2
66;2021-04-05;195;142;74509;29849;15.6;6.2
66;2021-04-06;1331;651;75840;30500;15.8;6.4
66;2021-04-07;1396;598;77236;31098;16.1;6.5
66;2021-04-08;2070;547;79306;31645;16.6;6.6
66;2021-04-09;3477;661;82783;32306;17.3;6.7
66;2021-04-10;2307;522;85090;32828;17.8;6.9
66;2021-04-11;1200;166;86290;32994;18.0;6.9
66;2021-04-12;2701;1023;88991;34017;18.6;7.1
66;2021-04-13;3608;1059;92599;35076;19.3;7.3
66;2021-04-14;3292;923;95891;35999;20.0;7.5
66;2021-04-15;3554;1046;99445;37045;20.8;7.7
66;2021-04-16;3592;1034;103037;38079;21.5;7.9
66;2021-04-17;2263;590;105300;38669;22.0;8.1
66;2021-04-18;1445;132;106745;38801;22.3;8.1
66;2021-04-19;2257;1121;109002;39922;22.8;8.3
66;2021-04-20;2372;1080;111374;41002;23.3;8.6
66;2021-04-21;2869;1179;114243;42181;23.9;8.8
66;2021-04-22;2657;1230;116900;43411;24.4;9.1
66;2021-04-23;2380;1236;119280;44647;24.9;9.3
66;2021-04-24;2744;877;122024;45524;25.5;9.5
66;2021-04-25;1207;267;123231;45791;25.7;9.6
66;2021-04-26;1996;1254;125227;47045;26.1;9.8
66;2021-04-27;2748;1301;127975;48346;26.7;10.1
66;2021-04-28;2419;1663;130394;50009;27.2;10.4
66;2021-04-29;2701;2126;133095;52135;27.8;10.9
66;2021-04-30;3055;1558;136150;53693;28.4;11.2
66;2021-05-01;2001;470;138151;54163;28.8;11.3
66;2021-05-02;1529;262;139680;54425;29.2;11.4
66;2021-05-03;2938;1111;142618;55536;29.8;11.6
66;2021-05-04;3170;1343;145788;56879;30.4;11.9
66;2021-05-05;3052;1543;148840;58422;31.1;12.2
66;2021-05-06;3756;2079;152596;60501;31.9;12.6
66;2021-05-07;2969;3084;155565;63585;32.5;13.3
66;2021-05-08;1731;1171;157296;64756;32.8;13.5
66;2021-05-09;887;1371;158183;66127;33.0;13.8
66;2021-05-10;1805;2973;159988;69100;33.4;14.4
66;2021-05-11;2740;3125;162728;72225;34.0;15.1
66;2021-05-12;2430;2569;165158;74794;34.5;15.6
66;2021-05-13;2258;1382;167416;76176;35.0;15.9
66;2021-05-14;2772;2116;170188;78292;35.5;16.3
66;2021-05-15;2330;1576;172518;79868;36.0;16.7
66;2021-05-16;2286;1250;174804;81118;36.5;16.9
66;2021-05-17;2052;1825;176856;82943;36.9;17.3
66;2021-05-18;3237;1808;180093;84751;37.6;17.7
66;2021-05-19;2877;1341;182970;86092;38.2;18.0
66;2021-05-20;4376;1448;187346;87540;39.1;18.3
66;2021-05-21;3268;1460;190614;89000;39.8;18.6
66;2021-05-22;3066;775;193680;89775;40.4;18.7
66;2021-05-23;1510;238;195190;90013;40.7;18.8
66;2021-05-24;1955;427;197145;90440;41.2;18.9
66;2021-05-25;2795;1688;199940;92128;41.7;19.2
66;2021-05-26;2780;1494;202720;93622;42.3;19.5
66;2021-05-27;3385;2257;206105;95879;43.0;20.0
66;2021-05-28;2683;3051;208788;98930;43.6;20.7
66;2021-05-29;2148;1519;210936;100449;44.0;21.0
66;2021-05-30;786;989;211722;101438;44.2;21.2
66;2021-05-31;2120;1786;213842;103224;44.6;21.5
66;2021-06-01;2624;2006;216466;105230;45.2;22.0
66;2021-06-02;2808;2339;219274;107569;45.8;22.5
66;2021-06-03;2478;2973;221752;110542;46.3;23.1
66;2021-06-04;1858;3353;223610;113895;46.7;23.8
66;2021-06-05;1410;2598;225020;116493;47.0;24.3
66;2021-06-06;292;1227;225312;117720;47.0;24.6
66;2021-06-07;1340;2959;226652;120679;47.3;25.2
66;2021-06-08;1739;3021;228391;123700;47.7;25.8
66;2021-06-09;2068;2785;230459;126485;48.1;26.4
66;2021-06-10;2080;2961;232539;129446;48.5;27.0
66;2021-06-11;2096;3867;234635;133313;49.0;27.8
66;2021-06-12;871;2409;235506;135722;49.2;28.3
66;2021-06-13;515;1334;236021;137056;49.3;28.6
66;2021-06-14;1361;3495;237382;140551;49.6;29.3
66;2021-06-15;2130;3572;239512;144123;50.0;30.1
66;2021-06-16;1788;3568;241300;147691;50.4;30.8
66;2021-06-17;2431;3605;243731;151296;50.9;31.6
66;2021-06-18;2227;3822;245958;155118;51.3;32.4
66;2021-06-19;1542;2319;247500;157437;51.7;32.9
66;2021-06-20;998;1263;248498;158700;51.9;33.1
66;2021-06-21;1163;2880;249661;161580;52.1;33.7
66;2021-06-22;1505;3763;251166;165343;52.4;34.5
66;2021-06-23;1324;3027;252490;168370;52.7;35.2
66;2021-06-24;1515;3230;254005;171600;53.0;35.8
66;2021-06-25;1398;3534;255403;175134;53.3;36.6
66;2021-06-26;963;2683;256366;177817;53.5;37.1
66;2021-06-27;679;1556;257045;179373;53.7;37.4
66;2021-06-28;977;2977;258022;182350;53.9;38.1
66;2021-06-29;1144;3793;259166;186143;54.1;38.9
66;2021-06-30;1277;3299;260443;189442;54.4;39.5
66;2021-07-01;1368;4044;261811;193486;54.7;40.4
66;2021-07-02;1313;3604;263124;197090;54.9;41.1
66;2021-07-03;1151;3901;264275;200991;55.2;42.0
66;2021-07-04;717;1792;264992;202783;55.3;42.3
66;2021-07-05;1091;3001;266083;205784;55.5;43.0
66;2021-07-06;1369;3784;267452;209568;55.8;43.8
66;2021-07-07;1387;3248;268839;212816;56.1;44.4
66;2021-07-08;1268;3382;270107;216198;56.4;45.1
66;2021-07-09;1420;3463;271527;219661;56.7;45.9
66;2021-07-10;1003;2403;272530;222064;56.9;46.4
66;2021-07-11;540;1539;273070;223603;57.0;46.7
66;2021-07-12;993;3641;274063;227244;57.2;47.4
66;2021-07-13;2127;4270;276190;231514;57.7;48.3
66;2021-07-14;1947;1228;278137;232742;58.1;48.6
66;2021-07-15;2779;3110;280916;235852;58.6;49.2
66;2021-07-16;3327;3196;284243;239048;59.3;49.9
66;2021-07-17;2113;2034;286356;241082;59.8;50.3
66;2021-07-18;1196;1060;287552;242142;60.0;50.6
66;2021-07-19;2784;3085;290336;245227;60.6;51.2
66;2021-07-20;3640;2881;293976;248108;61.4;51.8
66;2021-07-21;3960;2940;297936;251048;62.2;52.4
66;2021-07-22;3841;2808;301777;253856;63.0;53.0
66;2021-07-23;3884;3034;305661;256890;63.8;53.6
66;2021-07-24;2583;1919;308244;258809;64.4;54.0
66;2021-07-25;2017;1233;310261;260042;64.8;54.3
66;2021-07-26;2764;2627;313025;262669;65.3;54.8
66;2021-07-27;3192;2884;316217;265553;66.0;55.4
66;2021-07-28;3331;2564;319548;268117;66.7;56.0
66;2021-07-29;3826;2524;323374;270641;67.5;56.5
66;2021-07-30;4175;2455;327549;273096;68.4;57.0
66;2021-07-31;2211;1706;329760;274802;68.8;57.4
66;2021-08-01;1813;892;331573;275694;69.2;57.6
66;2021-08-02;2257;1916;333830;277610;69.7;58.0
66;2021-08-03;2600;2070;336430;279680;70.2;58.4
66;2021-08-04;2561;1996;338991;281676;70.8;58.8
66;2021-08-05;2421;2497;341412;284173;71.3;59.3
66;2021-08-06;2304;2633;343716;286806;71.8;59.9
66;2021-08-07;1493;2081;345209;288887;72.1;60.3
66;2021-08-08;611;1453;345820;290340;72.2;60.6
66;2021-08-09;1325;2797;347145;293137;72.5;61.2
66;2021-08-10;1632;3061;348777;296198;72.8;61.8
66;2021-08-11;1607;3010;350384;299208;73.1;62.5
66;2021-08-12;1624;2982;352008;302190;73.5;63.1
66;2021-08-13;1358;2958;353366;305148;73.8;63.7
66;2021-08-14;653;2505;354019;307653;73.9;64.2
66;2021-08-15;132;1626;354151;309279;73.9;64.6
66;2021-08-16;1235;2582;355386;311861;74.2;65.1
67;2020-12-27;4;0;4;0;0.0;0.0
67;2020-12-28;3;0;7;0;0.0;0.0
67;2020-12-29;2;0;9;0;0.0;0.0
67;2020-12-30;0;0;9;0;0.0;0.0
67;2020-12-31;0;0;9;0;0.0;0.0
67;2021-01-01;3;0;12;0;0.0;0.0
67;2021-01-02;1;0;13;0;0.0;0.0
67;2021-01-03;1;0;14;0;0.0;0.0
67;2021-01-04;41;0;55;0;0.0;0.0
67;2021-01-05;167;0;222;0;0.0;0.0
67;2021-01-06;120;0;342;0;0.0;0.0
67;2021-01-07;235;1;577;1;0.1;0.0
67;2021-01-08;232;1;809;2;0.1;0.0
67;2021-01-09;113;1;922;3;0.1;0.0
67;2021-01-10;66;0;988;3;0.1;0.0
67;2021-01-11;182;1;1170;4;0.1;0.0
67;2021-01-12;511;1;1681;5;0.1;0.0
67;2021-01-13;654;2;2335;7;0.2;0.0
67;2021-01-14;1078;7;3413;14;0.3;0.0
67;2021-01-15;937;7;4350;21;0.4;0.0
67;2021-01-16;196;3;4546;24;0.4;0.0
67;2021-01-17;98;0;4644;24;0.4;0.0
67;2021-01-18;896;2;5540;26;0.5;0.0
67;2021-01-19;1424;5;6964;31;0.6;0.0
67;2021-01-20;1850;12;8814;43;0.8;0.0
67;2021-01-21;2207;9;11021;52;1.0;0.0
67;2021-01-22;1987;7;13008;59;1.1;0.0
67;2021-01-23;813;6;13821;65;1.2;0.0
67;2021-01-24;380;1;14201;66;1.3;0.0
67;2021-01-25;526;31;14727;97;1.3;0.0
67;2021-01-26;158;108;14885;205;1.3;0.0
67;2021-01-27;1391;91;16276;296;1.4;0.0
67;2021-01-28;3052;225;19328;521;1.7;0.0
67;2021-01-29;2025;161;21353;682;1.9;0.1
67;2021-01-30;1094;82;22447;764;2.0;0.1
67;2021-01-31;1161;29;23608;793;2.1;0.1
67;2021-02-01;3390;248;26998;1041;2.4;0.1
67;2021-02-02;2688;429;29686;1470;2.6;0.1
67;2021-02-03;1573;402;31259;1872;2.8;0.2
67;2021-02-04;1193;760;32452;2632;2.9;0.2
67;2021-02-05;1193;645;33645;3277;3.0;0.3
67;2021-02-06;788;146;34433;3423;3.0;0.3
67;2021-02-07;289;44;34722;3467;3.1;0.3
67;2021-02-08;837;450;35559;3917;3.1;0.3
67;2021-02-09;958;739;36517;4656;3.2;0.4
67;2021-02-10;929;793;37446;5449;3.3;0.5
67;2021-02-11;1149;1129;38595;6578;3.4;0.6
67;2021-02-12;1245;782;39840;7360;3.5;0.6
67;2021-02-13;765;280;40605;7640;3.6;0.7
67;2021-02-14;243;94;40848;7734;3.6;0.7
67;2021-02-15;778;839;41626;8573;3.7;0.8
67;2021-02-16;927;1148;42553;9721;3.8;0.9
67;2021-02-17;784;1196;43337;10917;3.8;1.0
67;2021-02-18;1398;2569;44735;13486;3.9;1.2
67;2021-02-19;1370;2113;46105;15599;4.1;1.4
67;2021-02-20;629;907;46734;16506;4.1;1.5
67;2021-02-21;209;1197;46943;17703;4.1;1.6
67;2021-02-22;1403;2168;48346;19871;4.3;1.8
67;2021-02-23;1461;1568;49807;21439;4.4;1.9
67;2021-02-24;1434;1051;51241;22490;4.5;2.0
67;2021-02-25;1614;1471;52855;23961;4.7;2.1
67;2021-02-26;2224;1408;55079;25369;4.9;2.2
67;2021-02-27;1256;785;56335;26154;5.0;2.3
67;2021-02-28;147;364;56482;26518;5.0;2.3
67;2021-03-01;637;1000;57119;27518;5.0;2.4
67;2021-03-02;893;1199;58012;28717;5.1;2.5
67;2021-03-03;1409;1284;59421;30001;5.2;2.6
67;2021-03-04;1961;1055;61382;31056;5.4;2.7
67;2021-03-05;3255;1103;64637;32159;5.7;2.8
67;2021-03-06;2335;773;66972;32932;5.9;2.9
67;2021-03-07;466;281;67438;33213;6.0;2.9
67;2021-03-08;1185;793;68623;34006;6.1;3.0
67;2021-03-09;2220;906;70843;34912;6.3;3.1
67;2021-03-10;2447;1192;73290;36104;6.5;3.2
67;2021-03-11;3204;1355;76494;37459;6.8;3.3
67;2021-03-12;5253;1368;81747;38827;7.2;3.4
67;2021-03-13;3996;883;85743;39710;7.6;3.5
67;2021-03-14;483;388;86226;40098;7.6;3.5
67;2021-03-15;2188;1158;88414;41256;7.8;3.6
67;2021-03-16;1547;1232;89961;42488;7.9;3.8
67;2021-03-17;2065;918;92026;43406;8.1;3.8
67;2021-03-18;2385;727;94411;44133;8.3;3.9
67;2021-03-19;3671;749;98082;44882;8.7;4.0
67;2021-03-20;3062;507;101144;45389;8.9;4.0
67;2021-03-21;332;16;101476;45405;9.0;4.0
67;2021-03-22;2330;778;103806;46183;9.2;4.1
67;2021-03-23;3397;773;107203;46956;9.5;4.1
67;2021-03-24;3906;811;111109;47767;9.8;4.2
67;2021-03-25;5313;535;116422;48302;10.3;4.3
67;2021-03-26;6868;476;123290;48778;10.9;4.3
67;2021-03-27;3924;339;127214;49117;11.2;4.3
67;2021-03-28;579;99;127793;49216;11.3;4.3
67;2021-03-29;3818;426;131611;49642;11.6;4.4
67;2021-03-30;4841;669;136452;50311;12.0;4.4
67;2021-03-31;4841;690;141293;51001;12.5;4.5
67;2021-04-01;5143;927;146436;51928;12.9;4.6
67;2021-04-02;1004;175;147440;52103;13.0;4.6
67;2021-04-03;1689;285;149129;52388;13.2;4.6
67;2021-04-04;326;5;149455;52393;13.2;4.6
67;2021-04-05;371;3;149826;52396;13.2;4.6
67;2021-04-06;3474;1178;153300;53574;13.5;4.7
67;2021-04-07;4534;1276;157834;54850;13.9;4.8
67;2021-04-08;5655;1398;163489;56248;14.4;5.0
67;2021-04-09;7108;1348;170597;57596;15.1;5.1
67;2021-04-10;4330;888;174927;58484;15.4;5.2
67;2021-04-11;855;426;175782;58910;15.5;5.2
67;2021-04-12;3880;1404;179662;60314;15.9;5.3
67;2021-04-13;4892;1576;184554;61890;16.3;5.5
67;2021-04-14;5273;1896;189827;63786;16.8;5.6
67;2021-04-15;6076;2106;195903;65892;17.3;5.8
67;2021-04-16;7832;2417;203735;68309;18.0;6.0
67;2021-04-17;4006;1581;207741;69890;18.3;6.2
67;2021-04-18;1113;646;208854;70536;18.4;6.2
67;2021-04-19;3631;2140;212485;72676;18.8;6.4
67;2021-04-20;4257;1924;216742;74600;19.1;6.6
67;2021-04-21;4068;2511;220810;77111;19.5;6.8
67;2021-04-22;4476;2911;225286;80022;19.9;7.1
67;2021-04-23;5238;2998;230524;83020;20.4;7.3
67;2021-04-24;3100;2022;233624;85042;20.6;7.5
67;2021-04-25;1028;452;234652;85494;20.7;7.5
67;2021-04-26;3191;2615;237843;88109;21.0;7.8
67;2021-04-27;4022;2921;241865;91030;21.4;8.0
67;2021-04-28;4251;3432;246116;94462;21.7;8.3
67;2021-04-29;5125;3514;251241;97976;22.2;8.7
67;2021-04-30;7179;2487;258420;100463;22.8;8.9
67;2021-05-01;2682;782;261102;101245;23.1;8.9
67;2021-05-02;2180;676;263282;101921;23.2;9.0
67;2021-05-03;5561;2612;268843;104533;23.7;9.2
67;2021-05-04;5853;3607;274696;108140;24.3;9.5
67;2021-05-05;5215;4203;279911;112343;24.7;9.9
67;2021-05-06;6713;4921;286624;117264;25.3;10.4
67;2021-05-07;6432;6919;293056;124183;25.9;11.0
67;2021-05-08;3575;1021;296631;125204;26.2;11.1
67;2021-05-09;3372;595;300003;125799;26.5;11.1
67;2021-05-10;4695;4532;304698;130331;26.9;11.5
67;2021-05-11;5648;4928;310346;135259;27.4;11.9
67;2021-05-12;6594;4848;316940;140107;28.0;12.4
67;2021-05-13;7310;1674;324250;141781;28.6;12.5
67;2021-05-14;8880;5364;333130;147145;29.4;13.0
67;2021-05-15;8190;3654;341320;150799;30.1;13.3
67;2021-05-16;6174;976;347494;151775;30.7;13.4
67;2021-05-17;5693;3889;353187;155664;31.2;13.7
67;2021-05-18;6901;3984;360088;159648;31.8;14.1
67;2021-05-19;7376;4171;367464;163819;32.4;14.5
67;2021-05-20;8694;4239;376158;168058;33.2;14.8
67;2021-05-21;8162;5864;384320;173922;33.9;15.4
67;2021-05-22;5935;3430;390255;177352;34.5;15.7
67;2021-05-23;2659;593;392914;177945;34.7;15.7
67;2021-05-24;4417;865;397331;178810;35.1;15.8
67;2021-05-25;5415;4771;402746;183581;35.6;16.2
67;2021-05-26;6058;4883;408804;188464;36.1;16.6
67;2021-05-27;7310;4912;416114;193376;36.7;17.1
67;2021-05-28;7969;6510;424083;199886;37.4;17.6
67;2021-05-29;6648;3878;430731;203764;38.0;18.0
67;2021-05-30;1147;809;431878;204573;38.1;18.1
67;2021-05-31;6403;4059;438281;208632;38.7;18.4
67;2021-06-01;7329;4402;445610;213034;39.3;18.8
67;2021-06-02;8063;4178;453673;217212;40.1;19.2
67;2021-06-03;8837;4865;462510;222077;40.8;19.6
67;2021-06-04;8590;6132;471100;228209;41.6;20.1
67;2021-06-05;6553;3986;477653;232195;42.2;20.5
67;2021-06-06;3477;871;481130;233066;42.5;20.6
67;2021-06-07;7414;4260;488544;237326;43.1;21.0
67;2021-06-08;8629;4922;497173;242248;43.9;21.4
67;2021-06-09;9261;4806;506434;247054;44.7;21.8
67;2021-06-10;9771;5017;516205;252071;45.6;22.3
67;2021-06-11;8071;8335;524276;260406;46.3;23.0
67;2021-06-12;6789;5201;531065;265607;46.9;23.5
67;2021-06-13;3107;1043;534172;266650;47.2;23.5
67;2021-06-14;5509;6458;539681;273108;47.6;24.1
67;2021-06-15;6687;6751;546368;279859;48.2;24.7
67;2021-06-16;6945;6700;553313;286559;48.9;25.3
67;2021-06-17;7273;9053;560586;295612;49.5;26.1
67;2021-06-18;7600;8509;568186;304121;50.2;26.9
67;2021-06-19;6383;5962;574569;310083;50.7;27.4
67;2021-06-20;1451;1412;576020;311495;50.9;27.5
67;2021-06-21;4268;6771;580288;318266;51.2;28.1
67;2021-06-22;4239;9094;584527;327360;51.6;28.9
67;2021-06-23;5286;8188;589813;335548;52.1;29.6
67;2021-06-24;4518;9096;594331;344644;52.5;30.4
67;2021-06-25;5338;9953;599669;354597;52.9;31.3
67;2021-06-26;3463;9106;603132;363703;53.3;32.1
67;2021-06-27;1023;3521;604155;367224;53.3;32.4
67;2021-06-28;2846;8734;607001;375958;53.6;33.2
67;2021-06-29;2894;8605;609895;384563;53.8;34.0
67;2021-06-30;3379;8739;613274;393302;54.1;34.7
67;2021-07-01;3606;8429;616880;401731;54.5;35.5
67;2021-07-02;3732;10934;620612;412665;54.8;36.4
67;2021-07-03;2976;7744;623588;420409;55.1;37.1
67;2021-07-04;763;1869;624351;422278;55.1;37.3
67;2021-07-05;2620;8251;626971;430529;55.4;38.0
67;2021-07-06;3096;8440;630067;438969;55.6;38.8
67;2021-07-07;3913;8737;633980;447706;56.0;39.5
67;2021-07-08;4187;7783;638167;455489;56.3;40.2
67;2021-07-09;3756;11370;641923;466859;56.7;41.2
67;2021-07-10;2855;8203;644778;475062;56.9;41.9
67;2021-07-11;943;1993;645721;477055;57.0;42.1
67;2021-07-12;2467;9721;648188;486776;57.2;43.0
67;2021-07-13;4097;9890;652285;496666;57.6;43.9
67;2021-07-14;3483;4399;655768;501065;57.9;44.2
67;2021-07-15;5122;12224;660890;513289;58.4;45.3
67;2021-07-16;4837;12293;665727;525582;58.8;46.4
67;2021-07-17;3726;8827;669453;534409;59.1;47.2
67;2021-07-18;1459;2548;670912;536957;59.2;47.4
67;2021-07-19;4613;9745;675525;546702;59.6;48.3
67;2021-07-20;5757;9823;681282;556525;60.2;49.1
67;2021-07-21;5849;10644;687131;567169;60.7;50.1
67;2021-07-22;6414;10232;693545;577401;61.2;51.0
67;2021-07-23;7373;11194;700918;588595;61.9;52.0
67;2021-07-24;5414;7579;706332;596174;62.4;52.6
67;2021-07-25;2309;1966;708641;598140;62.6;52.8
67;2021-07-26;4973;7250;713614;605390;63.0;53.5
67;2021-07-27;6523;7308;720137;612698;63.6;54.1
67;2021-07-28;7508;7211;727645;619909;64.2;54.7
67;2021-07-29;8311;6430;735956;626339;65.0;55.3
67;2021-07-30;8583;7309;744539;633648;65.7;55.9
67;2021-07-31;5048;4863;749587;638511;66.2;56.4
67;2021-08-01;2434;1416;752021;639927;66.4;56.5
67;2021-08-02;6291;5080;758312;645007;67.0;56.9
67;2021-08-03;7261;4701;765573;649708;67.6;57.4
67;2021-08-04;6832;4598;772405;654306;68.2;57.8
67;2021-08-05;5690;4207;778095;658513;68.7;58.1
67;2021-08-06;6274;5414;784369;663927;69.3;58.6
67;2021-08-07;4601;4272;788970;668199;69.7;59.0
67;2021-08-08;1276;1433;790246;669632;69.8;59.1
67;2021-08-09;3094;4477;793340;674109;70.0;59.5
67;2021-08-10;3175;4771;796515;678880;70.3;59.9
67;2021-08-11;3394;4664;799909;683544;70.6;60.4
67;2021-08-12;3102;4875;803011;688419;70.9;60.8
67;2021-08-13;3132;5369;806143;693788;71.2;61.3
67;2021-08-14;2176;5048;808319;698836;71.4;61.7
67;2021-08-15;701;1594;809020;700430;71.4;61.8
67;2021-08-16;2049;5212;811069;705642;71.6;62.3
68;2020-12-27;0;0;0;0;0.0;0.0
68;2020-12-28;0;0;0;0;0.0;0.0
68;2020-12-29;0;0;0;0;0.0;0.0
68;2020-12-30;0;0;0;0;0.0;0.0
68;2020-12-31;0;0;0;0;0.0;0.0
68;2021-01-01;0;0;0;0;0.0;0.0
68;2021-01-02;0;0;0;0;0.0;0.0
68;2021-01-03;0;0;0;0;0.0;0.0
68;2021-01-04;1;0;1;0;0.0;0.0
68;2021-01-05;11;0;12;0;0.0;0.0
68;2021-01-06;244;1;256;1;0.0;0.0
68;2021-01-07;75;0;331;1;0.0;0.0
68;2021-01-08;118;1;449;2;0.1;0.0
68;2021-01-09;20;0;469;2;0.1;0.0
68;2021-01-10;1;0;470;2;0.1;0.0
68;2021-01-11;82;0;552;2;0.1;0.0
68;2021-01-12;386;1;938;3;0.1;0.0
68;2021-01-13;703;2;1641;5;0.2;0.0
68;2021-01-14;372;2;2013;7;0.3;0.0
68;2021-01-15;204;1;2217;8;0.3;0.0
68;2021-01-16;1;0;2218;8;0.3;0.0
68;2021-01-17;0;0;2218;8;0.3;0.0
68;2021-01-18;379;6;2597;14;0.3;0.0
68;2021-01-19;559;5;3156;19;0.4;0.0
68;2021-01-20;707;10;3863;29;0.5;0.0
68;2021-01-21;1393;12;5256;41;0.7;0.0
68;2021-01-22;1499;11;6755;52;0.9;0.0
68;2021-01-23;215;3;6970;55;0.9;0.0
68;2021-01-24;697;0;7667;55;1.0;0.0
68;2021-01-25;1390;46;9057;101;1.2;0.0
68;2021-01-26;1553;80;10610;181;1.4;0.0
68;2021-01-27;2767;151;13377;332;1.8;0.0
68;2021-01-28;2352;58;15729;390;2.1;0.1
68;2021-01-29;1509;116;17238;506;2.3;0.1
68;2021-01-30;165;3;17403;509;2.3;0.1
68;2021-01-31;0;0;17403;509;2.3;0.1
68;2021-02-01;737;116;18140;625;2.4;0.1
68;2021-02-02;869;307;19009;932;2.5;0.1
68;2021-02-03;998;622;20007;1554;2.6;0.2
68;2021-02-04;1000;324;21007;1878;2.8;0.2
68;2021-02-05;946;236;21953;2114;2.9;0.3
68;2021-02-06;140;1;22093;2115;2.9;0.3
68;2021-02-07;1;16;22094;2131;2.9;0.3
68;2021-02-08;893;23;22987;2154;3.0;0.3
68;2021-02-09;1359;46;24346;2200;3.2;0.3
68;2021-02-10;1452;61;25798;2261;3.4;0.3
68;2021-02-11;1487;470;27285;2731;3.6;0.4
68;2021-02-12;1548;449;28833;3180;3.8;0.4
68;2021-02-13;132;1;28965;3181;3.8;0.4
68;2021-02-14;57;231;29022;3412;3.8;0.4
68;2021-02-15;662;1089;29684;4501;3.9;0.6
68;2021-02-16;863;1371;30547;5872;4.0;0.8
68;2021-02-17;1285;2140;31832;8012;4.2;1.0
68;2021-02-18;1655;2055;33487;10067;4.4;1.3
68;2021-02-19;986;1368;34473;11435;4.5;1.5
68;2021-02-20;93;125;34566;11560;4.5;1.5
68;2021-02-21;1;40;34567;11600;4.5;1.5
68;2021-02-22;446;797;35013;12397;4.6;1.6
68;2021-02-23;639;1061;35652;13458;4.7;1.8
68;2021-02-24;853;1155;36505;14613;4.8;1.9
68;2021-02-25;1209;1249;37714;15862;4.9;2.1
68;2021-02-26;1200;989;38914;16851;5.1;2.2
68;2021-02-27;547;174;39461;17025;5.2;2.2
68;2021-02-28;12;1;39473;17026;5.2;2.2
68;2021-03-01;939;767;40412;17793;5.3;2.3
68;2021-03-02;1215;928;41627;18721;5.5;2.5
68;2021-03-03;1592;968;43219;19689;5.7;2.6
68;2021-03-04;1989;1044;45208;20733;5.9;2.7
68;2021-03-05;2356;1049;47564;21782;6.2;2.9
68;2021-03-06;2283;246;49847;22028;6.5;2.9
68;2021-03-07;839;107;50686;22135;6.6;2.9
68;2021-03-08;1473;980;52159;23115;6.8;3.0
68;2021-03-09;1695;1333;53854;24448;7.1;3.2
68;2021-03-10;1963;1800;55817;26248;7.3;3.4
68;2021-03-11;2638;1916;58455;28164;7.7;3.7
68;2021-03-12;2628;1422;61083;29586;8.0;3.9
68;2021-03-13;3342;252;64425;29838;8.4;3.9
68;2021-03-14;1542;64;65967;29902;8.6;3.9
68;2021-03-15;1793;624;67760;30526;8.9;4.0
68;2021-03-16;1999;601;69759;31127;9.1;4.1
68;2021-03-17;1955;727;71714;31854;9.4;4.2
68;2021-03-18;2219;952;73933;32806;9.7;4.3
68;2021-03-19;3084;736;77017;33542;10.1;4.4
68;2021-03-20;973;122;77990;33664;10.2;4.4
68;2021-03-21;68;2;78058;33666;10.2;4.4
68;2021-03-22;1965;591;80023;34257;10.5;4.5
68;2021-03-23;2860;615;82883;34872;10.9;4.6
68;2021-03-24;3176;814;86059;35686;11.3;4.7
68;2021-03-25;3502;789;89561;36475;11.7;4.8
68;2021-03-26;3891;721;93452;37196;12.2;4.9
68;2021-03-27;1102;163;94554;37359;12.4;4.9
68;2021-03-28;55;3;94609;37362;12.4;4.9
68;2021-03-29;2265;1379;96874;38741;12.7;5.1
68;2021-03-30;2934;1302;99808;40043;13.1;5.2
68;2021-03-31;2641;1367;102449;41410;13.4;5.4
68;2021-04-01;2748;1547;105197;42957;13.8;5.6
68;2021-04-02;244;88;105441;43045;13.8;5.6
68;2021-04-03;240;124;105681;43169;13.8;5.7
68;2021-04-04;5;0;105686;43169;13.8;5.7
68;2021-04-05;48;3;105734;43172;13.9;5.7
68;2021-04-06;1793;1326;107527;44498;14.1;5.8
68;2021-04-07;2584;1537;110111;46035;14.4;6.0
68;2021-04-08;3232;1500;113343;47535;14.9;6.2
68;2021-04-09;4198;1525;117541;49060;15.4;6.4
68;2021-04-10;1202;1975;118743;51035;15.6;6.7
68;2021-04-11;126;1318;118869;52353;15.6;6.9
68;2021-04-12;2666;1636;121535;53989;15.9;7.1
68;2021-04-13;2760;2109;124295;56098;16.3;7.4
68;2021-04-14;3604;2264;127899;58362;16.8;7.6
68;2021-04-15;4051;2153;131950;60515;17.3;7.9
68;2021-04-16;3941;2077;135891;62592;17.8;8.2
68;2021-04-17;1075;442;136966;63034;17.9;8.3
68;2021-04-18;85;9;137051;63043;18.0;8.3
68;2021-04-19;2359;1836;139410;64879;18.3;8.5
68;2021-04-20;2439;2327;141849;67206;18.6;8.8
68;2021-04-21;2830;2479;144679;69685;19.0;9.1
68;2021-04-22;3286;1976;147965;71661;19.4;9.4
68;2021-04-23;3412;2074;151377;73735;19.8;9.7
68;2021-04-24;842;488;152219;74223;19.9;9.7
68;2021-04-25;214;20;152433;74243;20.0;9.7
68;2021-04-26;2329;2110;154762;76353;20.3;10.0
68;2021-04-27;2600;2218;157362;78571;20.6;10.3
68;2021-04-28;3573;1765;160935;80336;21.1;10.5
68;2021-04-29;4165;1748;165100;82084;21.6;10.8
68;2021-04-30;4833;1367;169933;83451;22.3;10.9
68;2021-05-01;946;121;170879;83572;22.4;11.0
68;2021-05-02;731;70;171610;83642;22.5;11.0
68;2021-05-03;3624;1817;175234;85459;23.0;11.2
68;2021-05-04;3935;2361;179169;87820;23.5;11.5
68;2021-05-05;3632;3240;182801;91060;24.0;11.9
68;2021-05-06;4806;2866;187607;93926;24.6;12.3
68;2021-05-07;4519;2908;192126;96834;25.2;12.7
68;2021-05-08;1671;211;193797;97045;25.4;12.7
68;2021-05-09;1077;107;194874;97152;25.5;12.7
68;2021-05-10;3159;3721;198033;100873;25.9;13.2
68;2021-05-11;4718;3618;202751;104491;26.6;13.7
68;2021-05-12;5785;3293;208536;107784;27.3;14.1
68;2021-05-13;4763;839;213299;108623;27.9;14.2
68;2021-05-14;5962;2134;219261;110757;28.7;14.5
68;2021-05-15;3558;911;222819;111668;29.2;14.6
68;2021-05-16;669;122;223488;111790;29.3;14.6
68;2021-05-17;4447;2497;227935;114287;29.9;15.0
68;2021-05-18;6139;2307;234074;116594;30.7;15.3
68;2021-05-19;5869;2887;239943;119481;31.4;15.7
68;2021-05-20;5930;2418;245873;121899;32.2;16.0
68;2021-05-21;5779;2870;251652;124769;33.0;16.3
68;2021-05-22;2578;926;254230;125695;33.3;16.5
68;2021-05-23;15;17;254245;125712;33.3;16.5
68;2021-05-24;2307;969;256552;126681;33.6;16.6
68;2021-05-25;4346;3438;260898;130119;34.2;17.0
68;2021-05-26;4883;3383;265781;133502;34.8;17.5
68;2021-05-27;5408;3401;271189;136903;35.5;17.9
68;2021-05-28;5620;3731;276809;140634;36.3;18.4
68;2021-05-29;1538;1186;278347;141820;36.5;18.6
68;2021-05-30;41;46;278388;141866;36.5;18.6
68;2021-05-31;5161;2362;283549;144228;37.2;18.9
68;2021-06-01;5988;2802;289537;147030;37.9;19.3
68;2021-06-02;4888;3012;294425;150042;38.6;19.7
68;2021-06-03;5941;3102;300366;153144;39.4;20.1
68;2021-06-04;4895;3306;305261;156450;40.0;20.5
68;2021-06-05;780;1169;306041;157619;40.1;20.7
68;2021-06-06;68;115;306109;157734;40.1;20.7
68;2021-06-07;4757;3036;310866;160770;40.7;21.1
68;2021-06-08;4941;3557;315807;164327;41.4;21.5
68;2021-06-09;4993;3442;320800;167769;42.0;22.0
68;2021-06-10;5202;3143;326002;170912;42.7;22.4
68;2021-06-11;5059;4152;331061;175064;43.4;22.9
68;2021-06-12;3035;1768;334096;176832;43.8;23.2
68;2021-06-13;515;682;334611;177514;43.8;23.3
68;2021-06-14;2517;4392;337128;181906;44.2;23.8
68;2021-06-15;3111;4723;340239;186629;44.6;24.5
68;2021-06-16;3388;4440;343627;191069;45.0;25.0
68;2021-06-17;2360;4460;345987;195529;45.3;25.6
68;2021-06-18;3351;5177;349338;200706;45.8;26.3
68;2021-06-19;2255;2169;351593;202875;46.1;26.6
68;2021-06-20;258;893;351851;203768;46.1;26.7
68;2021-06-21;2062;5154;353913;208922;46.4;27.4
68;2021-06-22;1901;5176;355814;214098;46.6;28.1
68;2021-06-23;2317;5744;358131;219842;46.9;28.8
68;2021-06-24;2155;4897;360286;224739;47.2;29.4
68;2021-06-25;2287;6659;362573;231398;47.5;30.3
68;2021-06-26;1303;2607;363876;234005;47.7;30.7
68;2021-06-27;151;880;364027;234885;47.7;30.8
68;2021-06-28;1601;6444;365628;241329;47.9;31.6
68;2021-06-29;1538;6635;367166;247964;48.1;32.5
68;2021-06-30;1797;6555;368963;254519;48.3;33.3
68;2021-07-01;2096;5351;371059;259870;48.6;34.0
68;2021-07-02;2102;6485;373161;266355;48.9;34.9
68;2021-07-03;988;1936;374149;268291;49.0;35.2
68;2021-07-04;242;201;374391;268492;49.1;35.2
68;2021-07-05;1458;5519;375849;274011;49.2;35.9
68;2021-07-06;2003;5884;377852;279895;49.5;36.7
68;2021-07-07;2455;4974;380307;284869;49.8;37.3
68;2021-07-08;2433;4748;382740;289617;50.1;37.9
68;2021-07-09;2092;7367;384832;296984;50.4;38.9
68;2021-07-10;1022;2001;385854;298985;50.6;39.2
68;2021-07-11;145;155;385999;299140;50.6;39.2
68;2021-07-12;1639;6779;387638;305919;50.8;40.1
68;2021-07-13;2901;6548;390539;312467;51.2;40.9
68;2021-07-14;1842;982;392381;313449;51.4;41.1
68;2021-07-15;3180;6651;395561;320100;51.8;41.9
68;2021-07-16;3809;6760;399370;326860;52.3;42.8
68;2021-07-17;3359;2297;402729;329157;52.8;43.1
68;2021-07-18;1053;233;403782;329390;52.9;43.2
68;2021-07-19;3044;6088;406826;335478;53.3;44.0
68;2021-07-20;4000;5674;410826;341152;53.8;44.7
68;2021-07-21;4333;5826;415159;346978;54.4;45.5
68;2021-07-22;4177;4844;419336;351822;54.9;46.1
68;2021-07-23;5025;5749;424361;357571;55.6;46.9
68;2021-07-24;3337;2124;427698;359695;56.0;47.1
68;2021-07-25;821;530;428519;360225;56.1;47.2
68;2021-07-26;4825;4437;433344;364662;56.8;47.8
68;2021-07-27;6335;3743;439679;368405;57.6;48.3
68;2021-07-28;6833;3872;446512;372277;58.5;48.8
68;2021-07-29;6373;3398;452885;375675;59.3;49.2
68;2021-07-30;6312;4366;459197;380041;60.2;49.8
68;2021-07-31;3903;1423;463100;381464;60.7;50.0
68;2021-08-01;1644;477;464744;381941;60.9;50.0
68;2021-08-02;4582;3129;469326;385070;61.5;50.5
68;2021-08-03;3523;2430;472849;387500;62.0;50.8
68;2021-08-04;3128;2685;475977;390185;62.4;51.1
68;2021-08-05;2729;2631;478706;392816;62.7;51.5
68;2021-08-06;3980;4311;482686;397127;63.2;52.0
68;2021-08-07;1224;1303;483910;398430;63.4;52.2
68;2021-08-08;359;803;484269;399233;63.5;52.3
68;2021-08-09;2561;3677;486830;402910;63.8;52.8
68;2021-08-10;2204;2776;489034;405686;64.1;53.2
68;2021-08-11;1893;2718;490927;408404;64.3;53.5
68;2021-08-12;1728;2654;492655;411058;64.6;53.9
68;2021-08-13;2660;4744;495315;415802;64.9;54.5
68;2021-08-14;705;1433;496020;417235;65.0;54.7
68;2021-08-15;45;446;496065;417681;65.0;54.7
68;2021-08-16;1951;5044;498016;422725;65.3;55.4
69;2020-12-27;3;0;3;0;0.0;0.0
69;2020-12-28;8;0;11;0;0.0;0.0
69;2020-12-29;5;0;16;0;0.0;0.0
69;2020-12-30;6;0;22;0;0.0;0.0
69;2020-12-31;10;0;32;0;0.0;0.0
69;2021-01-01;2;0;34;0;0.0;0.0
69;2021-01-02;1;0;35;0;0.0;0.0
69;2021-01-03;1;0;36;0;0.0;0.0
69;2021-01-04;11;0;47;0;0.0;0.0
69;2021-01-05;215;0;262;0;0.0;0.0
69;2021-01-06;509;0;771;0;0.0;0.0
69;2021-01-07;812;0;1583;0;0.1;0.0
69;2021-01-08;826;0;2409;0;0.1;0.0
69;2021-01-09;37;1;2446;1;0.1;0.0
69;2021-01-10;3;1;2449;2;0.1;0.0
69;2021-01-11;1133;2;3582;4;0.2;0.0
69;2021-01-12;1396;7;4978;11;0.3;0.0
69;2021-01-13;1392;3;6370;14;0.3;0.0
69;2021-01-14;2273;21;8643;35;0.5;0.0
69;2021-01-15;1826;8;10469;43;0.6;0.0
69;2021-01-16;928;4;11397;47;0.6;0.0
69;2021-01-17;260;2;11657;49;0.6;0.0
69;2021-01-18;1694;18;13351;67;0.7;0.0
69;2021-01-19;3509;34;16860;101;0.9;0.0
69;2021-01-20;4451;28;21311;129;1.1;0.0
69;2021-01-21;4049;27;25360;156;1.4;0.0
69;2021-01-22;3163;20;28523;176;1.5;0.0
69;2021-01-23;1284;5;29807;181;1.6;0.0
69;2021-01-24;101;1;29908;182;1.6;0.0
69;2021-01-25;2237;42;32145;224;1.7;0.0
69;2021-01-26;2562;90;34707;314;1.9;0.0
69;2021-01-27;2355;177;37062;491;2.0;0.0
69;2021-01-28;2236;375;39298;866;2.1;0.0
69;2021-01-29;2110;290;41408;1156;2.2;0.1
69;2021-01-30;889;3;42297;1159;2.3;0.1
69;2021-01-31;65;0;42362;1159;2.3;0.1
69;2021-02-01;1112;401;43474;1560;2.3;0.1
69;2021-02-02;1551;413;45025;1973;2.4;0.1
69;2021-02-03;1442;537;46467;2510;2.5;0.1
69;2021-02-04;1789;954;48256;3464;2.6;0.2
69;2021-02-05;820;821;49076;4285;2.6;0.2
69;2021-02-06;369;54;49445;4339;2.6;0.2
69;2021-02-07;0;0;49445;4339;2.6;0.2
69;2021-02-08;1133;1077;50578;5416;2.7;0.3
69;2021-02-09;2049;2113;52627;7529;2.8;0.4
69;2021-02-10;1855;2649;54482;10178;2.9;0.5
69;2021-02-11;1862;3298;56344;13476;3.0;0.7
69;2021-02-12;1900;2113;58244;15589;3.1;0.8
69;2021-02-13;458;803;58702;16392;3.1;0.9
69;2021-02-14;89;40;58791;16432;3.1;0.9
69;2021-02-15;1014;1770;59805;18202;3.2;1.0
69;2021-02-16;984;2444;60789;20646;3.2;1.1
69;2021-02-17;1026;2392;61815;23038;3.3;1.2
69;2021-02-18;967;2310;62782;25348;3.3;1.4
69;2021-02-19;891;1877;63673;27225;3.4;1.5
69;2021-02-20;322;913;63995;28138;3.4;1.5
69;2021-02-21;52;68;64047;28206;3.4;1.5
69;2021-02-22;610;2099;64657;30305;3.4;1.6
69;2021-02-23;741;2228;65398;32533;3.5;1.7
69;2021-02-24;972;2248;66370;34781;3.5;1.9
69;2021-02-25;2215;2682;68585;37463;3.7;2.0
69;2021-02-26;2775;1927;71360;39390;3.8;2.1
69;2021-02-27;924;572;72284;39962;3.9;2.1
69;2021-02-28;148;104;72432;40066;3.9;2.1
69;2021-03-01;2163;909;74595;40975;4.0;2.2
69;2021-03-02;3297;1399;77892;42374;4.2;2.3
69;2021-03-03;3671;1223;81563;43597;4.3;2.3
69;2021-03-04;4876;1284;86439;44881;4.6;2.4
69;2021-03-05;5870;1256;92309;46137;4.9;2.5
69;2021-03-06;3416;418;95725;46555;5.1;2.5
69;2021-03-07;640;42;96365;46597;5.1;2.5
69;2021-03-08;2956;1120;99321;47717;5.3;2.5
69;2021-03-09;4609;1262;103930;48979;5.5;2.6
69;2021-03-10;5067;1048;108997;50027;5.8;2.7
69;2021-03-11;6601;1046;115598;51073;6.2;2.7
69;2021-03-12;8854;1208;124452;52281;6.6;2.8
69;2021-03-13;4928;238;129380;52519;6.9;2.8
69;2021-03-14;2742;144;132122;52663;7.0;2.8
69;2021-03-15;4806;711;136928;53374;7.3;2.8
69;2021-03-16;3818;643;140746;54017;7.5;2.9
69;2021-03-17;3950;885;144696;54902;7.7;2.9
69;2021-03-18;4964;1607;149660;56509;8.0;3.0
69;2021-03-19;6687;1055;156347;57564;8.3;3.1
69;2021-03-20;3590;272;159937;57836;8.5;3.1
69;2021-03-21;1978;95;161915;57931;8.6;3.1
69;2021-03-22;4548;814;166463;58745;8.9;3.1
69;2021-03-23;7365;824;173828;59569;9.3;3.2
69;2021-03-24;6455;1004;180283;60573;9.6;3.2
69;2021-03-25;8586;1117;188869;61690;10.1;3.3
69;2021-03-26;8813;1242;197682;62932;10.5;3.4
69;2021-03-27;3155;797;200837;63729;10.7;3.4
69;2021-03-28;2216;186;203053;63915;10.8;3.4
69;2021-03-29;4097;2194;207150;66109;11.0;3.5
69;2021-03-30;7646;2538;214796;68647;11.4;3.7
69;2021-03-31;6356;3168;221152;71815;11.8;3.8
69;2021-04-01;8451;2735;229603;74550;12.2;4.0
69;2021-04-02;8313;3124;237916;77674;12.7;4.1
69;2021-04-03;5423;2164;243339;79838;13.0;4.3
69;2021-04-04;6611;550;249950;80388;13.3;4.3
69;2021-04-05;6193;818;256143;81206;13.7;4.3
69;2021-04-06;5112;3486;261255;84692;13.9;4.5
69;2021-04-07;5169;3895;266424;88587;14.2;4.7
69;2021-04-08;6425;4058;272849;92645;14.5;4.9
69;2021-04-09;9166;3776;282015;96421;15.0;5.1
69;2021-04-10;3053;2502;285068;98923;15.2;5.3
69;2021-04-11;2039;1900;287107;100823;15.3;5.4
69;2021-04-12;5471;3580;292578;104403;15.6;5.6
69;2021-04-13;7069;4124;299647;108527;16.0;5.8
69;2021-04-14;6716;4152;306363;112679;16.3;6.0
69;2021-04-15;7927;4593;314290;117272;16.8;6.3
69;2021-04-16;7862;4500;322152;121772;17.2;6.5
69;2021-04-17;5039;2317;327191;124089;17.4;6.6
69;2021-04-18;1715;1795;328906;125884;17.5;6.7
69;2021-04-19;7019;3775;335925;129659;17.9;6.9
69;2021-04-20;6485;4750;342410;134409;18.3;7.2
69;2021-04-21;5687;4415;348097;138824;18.6;7.4
69;2021-04-22;6427;5436;354524;144260;18.9;7.7
69;2021-04-23;6733;4898;361257;149158;19.3;8.0
69;2021-04-24;3156;2028;364413;151186;19.4;8.1
69;2021-04-25;2119;1546;366532;152732;19.5;8.1
69;2021-04-26;4498;3881;371030;156613;19.8;8.3
69;2021-04-27;6516;5332;377546;161945;20.1;8.6
69;2021-04-28;6274;4865;383820;166810;20.5;8.9
69;2021-04-29;6700;5390;390520;172200;20.8;9.2
69;2021-04-30;6928;6173;397448;178373;21.2;9.5
69;2021-05-01;3301;644;400749;179017;21.4;9.5
69;2021-05-02;1627;5886;402376;184903;21.4;9.9
69;2021-05-03;5858;8245;408234;193148;21.8;10.3
69;2021-05-04;7607;8170;415841;201318;22.2;10.7
69;2021-05-05;11211;5644;427052;206962;22.8;11.0
69;2021-05-06;12475;6290;439527;213252;23.4;11.4
69;2021-05-07;11685;7163;451212;220415;24.1;11.7
69;2021-05-08;4303;1653;455515;222068;24.3;11.8
69;2021-05-09;6635;2682;462150;224750;24.6;12.0
69;2021-05-10;6935;6065;469085;230815;25.0;12.3
69;2021-05-11;9828;7042;478913;237857;25.5;12.7
69;2021-05-12;12463;6809;491376;244666;26.2;13.0
69;2021-05-13;10841;2559;502217;247225;26.8;13.2
69;2021-05-14;12593;5225;514810;252450;27.4;13.5
69;2021-05-15;9142;2600;523952;255050;27.9;13.6
69;2021-05-16;8408;1876;532360;256926;28.4;13.7
69;2021-05-17;11308;5654;543668;262580;29.0;14.0
69;2021-05-18;13226;6402;556894;268982;29.7;14.3
69;2021-05-19;13699;5896;570593;274878;30.4;14.7
69;2021-05-20;11384;6089;581977;280967;31.0;15.0
69;2021-05-21;11042;6569;593019;287536;31.6;15.3
69;2021-05-22;5579;2576;598598;290112;31.9;15.5
69;2021-05-23;4569;1546;603167;291658;32.2;15.5
69;2021-05-24;8431;1863;611598;293521;32.6;15.6
69;2021-05-25;9746;6179;621344;299700;33.1;16.0
69;2021-05-26;10288;6119;631632;305819;33.7;16.3
69;2021-05-27;10434;6786;642066;312605;34.2;16.7
69;2021-05-28;11619;8743;653685;321348;34.8;17.1
69;2021-05-29;7391;6042;661076;327390;35.2;17.5
69;2021-05-30;7384;3171;668460;330561;35.6;17.6
69;2021-05-31;10961;6379;679421;336940;36.2;18.0
69;2021-06-01;12834;7522;692255;344462;36.9;18.4
69;2021-06-02;14891;6715;707146;351177;37.7;18.7
69;2021-06-03;16639;7434;723785;358611;38.6;19.1
69;2021-06-04;16208;8563;739993;367174;39.4;19.6
69;2021-06-05;10106;3413;750099;370587;40.0;19.8
69;2021-06-06;7490;1715;757589;372302;40.4;19.8
69;2021-06-07;12820;7037;770409;379339;41.1;20.2
69;2021-06-08;16380;8286;786789;387625;41.9;20.7
69;2021-06-09;15221;7366;802010;394991;42.7;21.1
69;2021-06-10;16275;7326;818285;402317;43.6;21.4
69;2021-06-11;16656;9692;834941;412009;44.5;22.0
69;2021-06-12;8540;4190;843481;416199;45.0;22.2
69;2021-06-13;5621;2145;849102;418344;45.3;22.3
69;2021-06-14;8586;9100;857688;427444;45.7;22.8
69;2021-06-15;10941;11026;868629;438470;46.3;23.4
69;2021-06-16;11348;12327;879977;450797;46.9;24.0
69;2021-06-17;11469;13257;891446;464054;47.5;24.7
69;2021-06-18;12075;14780;903521;478834;48.2;25.5
69;2021-06-19;6828;8352;910349;487186;48.5;26.0
69;2021-06-20;5274;4767;915623;491953;48.8;26.2
69;2021-06-21;6557;12125;922180;504078;49.2;26.9
69;2021-06-22;7215;13839;929395;517917;49.5;27.6
69;2021-06-23;8355;13036;937750;530953;50.0;28.3
69;2021-06-24;9298;13737;947048;544690;50.5;29.0
69;2021-06-25;7075;16314;954123;561004;50.9;29.9
69;2021-06-26;3951;9078;958074;570082;51.1;30.4
69;2021-06-27;3290;7419;961364;577501;51.2;30.8
69;2021-06-28;4548;14890;965912;592391;51.5;31.6
69;2021-06-29;5368;15663;971280;608054;51.8;32.4
69;2021-06-30;6383;14454;977663;622508;52.1;33.2
69;2021-07-01;8021;11958;985684;634466;52.5;33.8
69;2021-07-02;8867;14128;994551;648594;53.0;34.6
69;2021-07-03;5993;7772;1000544;656366;53.3;35.0
69;2021-07-04;4152;5552;1004696;661918;53.6;35.3
69;2021-07-05;6078;13020;1010774;674938;53.9;36.0
69;2021-07-06;5518;14285;1016292;689223;54.2;36.7
69;2021-07-07;7244;13558;1023536;702781;54.6;37.5
69;2021-07-08;7497;13416;1031033;716197;55.0;38.2
69;2021-07-09;7457;16465;1038490;732662;55.4;39.1
69;2021-07-10;3114;10322;1041604;742984;55.5;39.6
69;2021-07-11;4329;5831;1045933;748815;55.8;39.9
69;2021-07-12;3942;16972;1049875;765787;56.0;40.8
69;2021-07-13;6160;20740;1056035;786527;56.3;41.9
69;2021-07-14;5011;8493;1061046;795020;56.6;42.4
69;2021-07-15;7382;22601;1068428;817621;57.0;43.6
69;2021-07-16;9483;20134;1077911;837755;57.5;44.7
69;2021-07-17;4858;12241;1082769;849996;57.7;45.3
69;2021-07-18;3397;8900;1086166;858896;57.9;45.8
69;2021-07-19;6408;16471;1092574;875367;58.2;46.7
69;2021-07-20;9042;19319;1101616;894686;58.7;47.7
69;2021-07-21;9267;17412;1110883;912098;59.2;48.6
69;2021-07-22;11353;16447;1122236;928545;59.8;49.5
69;2021-07-23;10935;17663;1133171;946208;60.4;50.4
69;2021-07-24;5540;11037;1138711;957245;60.7;51.0
69;2021-07-25;4686;6628;1143397;963873;60.9;51.4
69;2021-07-26;8548;12944;1151945;976817;61.4;52.1
69;2021-07-27;12615;12151;1164560;988968;62.1;52.7
69;2021-07-28;11844;12112;1176404;1001080;62.7;53.4
69;2021-07-29;14479;12288;1190883;1013368;63.5;54.0
69;2021-07-30;13483;12209;1204366;1025577;64.2;54.7
69;2021-07-31;7997;7213;1212363;1032790;64.6;55.1
69;2021-08-01;4971;5851;1217334;1038641;64.9;55.4
69;2021-08-02;10173;9570;1227507;1048211;65.4;55.9
69;2021-08-03;12688;8959;1240195;1057170;66.1;56.4
69;2021-08-04;12303;8113;1252498;1065283;66.8;56.8
69;2021-08-05;10768;7487;1263266;1072770;67.3;57.2
69;2021-08-06;9497;7752;1272763;1080522;67.8;57.6
69;2021-08-07;4716;4795;1277479;1085317;68.1;57.9
69;2021-08-08;4261;3540;1281740;1088857;68.3;58.0
69;2021-08-09;6864;9179;1288604;1098036;68.7;58.5
69;2021-08-10;7682;6981;1296286;1105017;69.1;58.9
69;2021-08-11;7501;8071;1303787;1113088;69.5;59.3
69;2021-08-12;6942;7292;1310729;1120380;69.9;59.7
69;2021-08-13;6070;8306;1316799;1128686;70.2;60.2
69;2021-08-14;4150;5339;1320949;1134025;70.4;60.4
69;2021-08-15;2337;2508;1323286;1136533;70.5;60.6
69;2021-08-16;4787;8821;1328073;1145354;70.8;61.1
70;2020-12-27;0;0;0;0;0.0;0.0
70;2020-12-28;0;0;0;0;0.0;0.0
70;2020-12-29;0;0;0;0;0.0;0.0
70;2020-12-30;0;0;0;0;0.0;0.0
70;2020-12-31;0;0;0;0;0.0;0.0
70;2021-01-01;0;0;0;0;0.0;0.0
70;2021-01-02;0;0;0;0;0.0;0.0
70;2021-01-03;0;0;0;0;0.0;0.0
70;2021-01-04;0;0;0;0;0.0;0.0
70;2021-01-05;0;0;0;0;0.0;0.0
70;2021-01-06;24;0;24;0;0.0;0.0
70;2021-01-07;121;0;145;0;0.1;0.0
70;2021-01-08;22;0;167;0;0.1;0.0
70;2021-01-09;0;0;167;0;0.1;0.0
70;2021-01-10;0;0;167;0;0.1;0.0
70;2021-01-11;148;1;315;1;0.1;0.0
70;2021-01-12;201;1;516;2;0.2;0.0
70;2021-01-13;172;2;688;4;0.3;0.0
70;2021-01-14;149;6;837;10;0.4;0.0
70;2021-01-15;153;0;990;10;0.4;0.0
70;2021-01-16;65;0;1055;10;0.5;0.0
70;2021-01-17;0;0;1055;10;0.5;0.0
70;2021-01-18;394;0;1449;10;0.6;0.0
70;2021-01-19;502;2;1951;12;0.8;0.0
70;2021-01-20;494;2;2445;14;1.0;0.0
70;2021-01-21;673;2;3118;16;1.3;0.0
70;2021-01-22;458;3;3576;19;1.5;0.0
70;2021-01-23;261;2;3837;21;1.6;0.0
70;2021-01-24;4;0;3841;21;1.6;0.0
70;2021-01-25;371;1;4212;22;1.8;0.0
70;2021-01-26;335;1;4547;23;1.9;0.0
70;2021-01-27;329;10;4876;33;2.1;0.0
70;2021-01-28;365;36;5241;69;2.2;0.0
70;2021-01-29;329;52;5570;121;2.4;0.1
70;2021-01-30;228;1;5798;122;2.5;0.1
70;2021-01-31;0;0;5798;122;2.5;0.1
70;2021-02-01;260;51;6058;173;2.6;0.1
70;2021-02-02;272;98;6330;271;2.7;0.1
70;2021-02-03;251;61;6581;332;2.8;0.1
70;2021-02-04;264;122;6845;454;2.9;0.2
70;2021-02-05;254;75;7099;529;3.0;0.2
70;2021-02-06;209;38;7308;567;3.1;0.2
70;2021-02-07;0;0;7308;567;3.1;0.2
70;2021-02-08;178;234;7486;801;3.2;0.3
70;2021-02-09;205;231;7691;1032;3.3;0.4
70;2021-02-10;196;303;7887;1335;3.4;0.6
70;2021-02-11;351;329;8238;1664;3.5;0.7
70;2021-02-12;239;492;8477;2156;3.6;0.9
70;2021-02-13;75;211;8552;2367;3.7;1.0
70;2021-02-14;0;29;8552;2396;3.7;1.0
70;2021-02-15;70;340;8622;2736;3.7;1.2
70;2021-02-16;113;362;8735;3098;3.7;1.3
70;2021-02-17;167;305;8902;3403;3.8;1.5
70;2021-02-18;205;258;9107;3661;3.9;1.6
70;2021-02-19;197;206;9304;3867;4.0;1.7
70;2021-02-20;192;69;9496;3936;4.1;1.7
70;2021-02-21;1;0;9497;3936;4.1;1.7
70;2021-02-22;106;237;9603;4173;4.1;1.8
70;2021-02-23;125;262;9728;4435;4.2;1.9
70;2021-02-24;130;233;9858;4668;4.2;2.0
70;2021-02-25;315;257;10173;4925;4.4;2.1
70;2021-02-26;395;149;10568;5074;4.5;2.2
70;2021-02-27;147;202;10715;5276;4.6;2.3
70;2021-02-28;0;0;10715;5276;4.6;2.3
70;2021-03-01;249;242;10964;5518;4.7;2.4
70;2021-03-02;487;276;11451;5794;4.9;2.5
70;2021-03-03;467;257;11918;6051;5.1;2.6
70;2021-03-04;691;272;12609;6323;5.4;2.7
70;2021-03-05;766;258;13375;6581;5.7;2.8
70;2021-03-06;540;116;13915;6697;6.0;2.9
70;2021-03-07;216;23;14131;6720;6.1;2.9
70;2021-03-08;554;211;14685;6931;6.3;3.0
70;2021-03-09;866;175;15551;7106;6.7;3.0
70;2021-03-10;659;177;16210;7283;7.0;3.1
70;2021-03-11;698;254;16908;7537;7.3;3.2
70;2021-03-12;985;178;17893;7715;7.7;3.3
70;2021-03-13;582;120;18475;7835;7.9;3.4
70;2021-03-14;19;0;18494;7835;7.9;3.4
70;2021-03-15;774;109;19268;7944;8.3;3.4
70;2021-03-16;655;94;19923;8038;8.5;3.4
70;2021-03-17;595;181;20518;8219;8.8;3.5
70;2021-03-18;633;141;21151;8360;9.1;3.6
70;2021-03-19;1018;141;22169;8501;9.5;3.6
70;2021-03-20;641;185;22810;8686;9.8;3.7
70;2021-03-21;9;0;22819;8686;9.8;3.7
70;2021-03-22;757;98;23576;8784;10.1;3.8
70;2021-03-23;1309;159;24885;8943;10.7;3.8
70;2021-03-24;1270;105;26155;9048;11.2;3.9
70;2021-03-25;1245;196;27400;9244;11.7;4.0
70;2021-03-26;1487;294;28887;9538;12.4;4.1
70;2021-03-27;957;128;29844;9666;12.8;4.1
70;2021-03-28;0;10;29844;9676;12.8;4.1
70;2021-03-29;718;412;30562;10088;13.1;4.3
70;2021-03-30;1093;316;31655;10404;13.6;4.5
70;2021-03-31;878;317;32533;10721;14.0;4.6
70;2021-04-01;1153;426;33686;11147;14.4;4.8
70;2021-04-02;1310;345;34996;11492;15.0;4.9
70;2021-04-03;639;321;35635;11813;15.3;5.1
70;2021-04-04;10;0;35645;11813;15.3;5.1
70;2021-04-05;4;2;35649;11815;15.3;5.1
70;2021-04-06;831;555;36480;12370;15.6;5.3
70;2021-04-07;858;588;37338;12958;16.0;5.6
70;2021-04-08;1320;562;38658;13520;16.6;5.8
70;2021-04-09;1403;533;40061;14053;17.2;6.0
70;2021-04-10;859;348;40920;14401;17.5;6.2
70;2021-04-11;21;1;40941;14402;17.6;6.2
70;2021-04-12;695;658;41636;15060;17.9;6.5
70;2021-04-13;920;770;42556;15830;18.2;6.8
70;2021-04-14;815;576;43371;16406;18.6;7.0
70;2021-04-15;1079;606;44450;17012;19.1;7.3
70;2021-04-16;1244;552;45694;17564;19.6;7.5
70;2021-04-17;689;470;46383;18034;19.9;7.7
70;2021-04-18;59;4;46442;18038;19.9;7.7
70;2021-04-19;540;807;46982;18845;20.1;8.1
70;2021-04-20;664;855;47646;19700;20.4;8.4
70;2021-04-21;484;929;48130;20629;20.6;8.8
70;2021-04-22;776;800;48906;21429;21.0;9.2
70;2021-04-23;875;743;49781;22172;21.3;9.5
70;2021-04-24;432;642;50213;22814;21.5;9.8
70;2021-04-25;11;0;50224;22814;21.5;9.8
70;2021-04-26;925;603;51149;23417;21.9;10.0
70;2021-04-27;1209;752;52358;24169;22.5;10.4
70;2021-04-28;889;811;53247;24980;22.8;10.7
70;2021-04-29;1343;931;54590;25911;23.4;11.1
70;2021-04-30;1533;876;56123;26787;24.1;11.5
70;2021-05-01;1694;120;57817;26907;24.8;11.5
70;2021-05-02;2;0;57819;26907;24.8;11.5
70;2021-05-03;1190;578;59009;27485;25.3;11.8
70;2021-05-04;1354;752;60363;28237;25.9;12.1
70;2021-05-05;1190;875;61553;29112;26.4;12.5
70;2021-05-06;1846;1267;63399;30379;27.2;13.0
70;2021-05-07;2127;1242;65526;31621;28.1;13.6
70;2021-05-08;1341;190;66867;31811;28.7;13.6
70;2021-05-09;8;58;66875;31869;28.7;13.7
70;2021-05-10;960;946;67835;32815;29.1;14.1
70;2021-05-11;1239;1070;69074;33885;29.6;14.5
70;2021-05-12;1176;866;70250;34751;30.1;14.9
70;2021-05-13;1544;147;71794;34898;30.8;15.0
70;2021-05-14;2062;757;73856;35655;31.7;15.3
70;2021-05-15;2657;531;76513;36186;32.8;15.5
70;2021-05-16;999;71;77512;36257;33.2;15.5
70;2021-05-17;1237;385;78749;36642;33.8;15.7
70;2021-05-18;1296;591;80045;37233;34.3;16.0
70;2021-05-19;1476;479;81521;37712;35.0;16.2
70;2021-05-20;1780;631;83301;38343;35.7;16.4
70;2021-05-21;1690;819;84991;39162;36.4;16.8
70;2021-05-22;1221;665;86212;39827;37.0;17.1
70;2021-05-23;8;14;86220;39841;37.0;17.1
70;2021-05-24;227;25;86447;39866;37.1;17.1
70;2021-05-25;836;925;87283;40791;37.4;17.5
70;2021-05-26;1048;947;88331;41738;37.9;17.9
70;2021-05-27;1262;998;89593;42736;38.4;18.3
70;2021-05-28;1546;1160;91139;43896;39.1;18.8
70;2021-05-29;1371;587;92510;44483;39.7;19.1
70;2021-05-30;1;8;92511;44491;39.7;19.1
70;2021-05-31;969;678;93480;45169;40.1;19.4
70;2021-06-01;1213;850;94693;46019;40.6;19.7
70;2021-06-02;1264;679;95957;46698;41.1;20.0
70;2021-06-03;1430;840;97387;47538;41.8;20.4
70;2021-06-04;1336;1109;98723;48647;42.3;20.9
70;2021-06-05;1024;664;99747;49311;42.8;21.1
70;2021-06-06;599;79;100346;49390;43.0;21.2
70;2021-06-07;940;850;101286;50240;43.4;21.5
70;2021-06-08;1217;1185;102503;51425;44.0;22.1
70;2021-06-09;1156;987;103659;52412;44.5;22.5
70;2021-06-10;1567;829;105226;53241;45.1;22.8
70;2021-06-11;1587;1956;106813;55197;45.8;23.7
70;2021-06-12;829;1971;107642;57168;46.2;24.5
70;2021-06-13;142;14;107784;57182;46.2;24.5
70;2021-06-14;558;1245;108342;58427;46.5;25.1
70;2021-06-15;451;1506;108793;59933;46.7;25.7
70;2021-06-16;800;1394;109593;61327;47.0;26.3
70;2021-06-17;1150;2095;110743;63422;47.5;27.2
70;2021-06-18;997;2255;111740;65677;47.9;28.2
70;2021-06-19;1091;1639;112831;67316;48.4;28.9
70;2021-06-20;1;3;112832;67319;48.4;28.9
70;2021-06-21;692;1453;113524;68772;48.7;29.5
70;2021-06-22;654;1510;114178;70282;49.0;30.1
70;2021-06-23;662;1570;114840;71852;49.2;30.8
70;2021-06-24;877;2049;115717;73901;49.6;31.7
70;2021-06-25;683;2646;116400;76547;49.9;32.8
70;2021-06-26;943;2136;117343;78683;50.3;33.7
70;2021-06-27;141;761;117484;79444;50.4;34.1
70;2021-06-28;336;1349;117820;80793;50.5;34.6
70;2021-06-29;411;1610;118231;82403;50.7;35.3
70;2021-06-30;390;1635;118621;84038;50.9;36.0
70;2021-07-01;640;1751;119261;85789;51.1;36.8
70;2021-07-02;814;1576;120075;87365;51.5;37.5
70;2021-07-03;841;1080;120916;88445;51.9;37.9
70;2021-07-04;29;70;120945;88515;51.9;38.0
70;2021-07-05;611;1037;121556;89552;52.1;38.4
70;2021-07-06;682;1275;122238;90827;52.4;38.9
70;2021-07-07;508;1424;122746;92251;52.6;39.6
70;2021-07-08;815;1572;123561;93823;53.0;40.2
70;2021-07-09;872;1662;124433;95485;53.4;40.9
70;2021-07-10;831;1031;125264;96516;53.7;41.4
70;2021-07-11;7;20;125271;96536;53.7;41.4
70;2021-07-12;430;1394;125701;97930;53.9;42.0
70;2021-07-13;907;1867;126608;99797;54.3;42.8
70;2021-07-14;33;6;126641;99803;54.3;42.8
70;2021-07-15;1380;1694;128021;101497;54.9;43.5
70;2021-07-16;1623;2065;129644;103562;55.6;44.4
70;2021-07-17;1500;1449;131144;105011;56.2;45.0
70;2021-07-18;1141;638;132285;105649;56.7;45.3
70;2021-07-19;882;973;133167;106622;57.1;45.7
70;2021-07-20;1349;1357;134516;107979;57.7;46.3
70;2021-07-21;1282;1401;135798;109380;58.2;46.9
70;2021-07-22;1863;1824;137661;111204;59.0;47.7
70;2021-07-23;1827;2495;139488;113699;59.8;48.8
70;2021-07-24;1363;1804;140851;115503;60.4;49.5
70;2021-07-25;25;3;140876;115506;60.4;49.5
70;2021-07-26;1052;974;141928;116480;60.9;49.9
70;2021-07-27;1389;976;143317;117456;61.5;50.4
70;2021-07-28;1394;1163;144711;118619;62.1;50.9
70;2021-07-29;1871;1382;146582;120001;62.9;51.5
70;2021-07-30;1966;1343;148548;121344;63.7;52.0
70;2021-07-31;1745;1162;150293;122506;64.4;52.5
70;2021-08-01;1;4;150294;122510;64.5;52.5
70;2021-08-02;773;735;151067;123245;64.8;52.9
70;2021-08-03;1290;1034;152357;124279;65.3;53.3
70;2021-08-04;1209;917;153566;125196;65.9;53.7
70;2021-08-05;1657;1190;155223;126386;66.6;54.2
70;2021-08-06;1794;1333;157017;127719;67.3;54.8
70;2021-08-07;1189;1028;158206;128747;67.8;55.2
70;2021-08-08;35;28;158241;128775;67.9;55.2
70;2021-08-09;527;702;158768;129477;68.1;55.5
70;2021-08-10;896;1132;159664;130609;68.5;56.0
70;2021-08-11;806;723;160470;131332;68.8;56.3
70;2021-08-12;901;1273;161371;132605;69.2;56.9
70;2021-08-13;1025;1616;162396;134221;69.6;57.6
70;2021-08-14;768;966;163164;135187;70.0;58.0
70;2021-08-15;36;28;163200;135215;70.0;58.0
70;2021-08-16;544;904;163744;136119;70.2;58.4
71;2020-12-27;0;0;0;0;0.0;0.0
71;2020-12-28;0;0;0;0;0.0;0.0
71;2020-12-29;0;0;0;0;0.0;0.0
71;2020-12-30;0;0;0;0;0.0;0.0
71;2020-12-31;0;0;0;0;0.0;0.0
71;2021-01-01;1;0;1;0;0.0;0.0
71;2021-01-02;0;0;1;0;0.0;0.0
71;2021-01-03;1;0;2;0;0.0;0.0
71;2021-01-04;1;0;3;0;0.0;0.0
71;2021-01-05;12;0;15;0;0.0;0.0
71;2021-01-06;72;0;87;0;0.0;0.0
71;2021-01-07;66;0;153;0;0.0;0.0
71;2021-01-08;146;0;299;0;0.1;0.0
71;2021-01-09;117;0;416;0;0.1;0.0
71;2021-01-10;1;0;417;0;0.1;0.0
71;2021-01-11;245;0;662;0;0.1;0.0
71;2021-01-12;846;1;1508;1;0.3;0.0
71;2021-01-13;562;2;2070;3;0.4;0.0
71;2021-01-14;581;9;2651;12;0.5;0.0
71;2021-01-15;666;2;3317;14;0.6;0.0
71;2021-01-16;9;0;3326;14;0.6;0.0
71;2021-01-17;0;0;3326;14;0.6;0.0
71;2021-01-18;1094;8;4420;22;0.8;0.0
71;2021-01-19;1691;5;6111;27;1.1;0.0
71;2021-01-20;1512;5;7623;32;1.4;0.0
71;2021-01-21;2057;16;9680;48;1.8;0.0
71;2021-01-22;1411;6;11091;54;2.0;0.0
71;2021-01-23;815;6;11906;60;2.2;0.0
71;2021-01-24;0;0;11906;60;2.2;0.0
71;2021-01-25;1064;6;12970;66;2.4;0.0
71;2021-01-26;1504;19;14474;85;2.6;0.0
71;2021-01-27;1248;33;15722;118;2.9;0.0
71;2021-01-28;1082;97;16804;215;3.1;0.0
71;2021-01-29;1014;143;17818;358;3.3;0.1
71;2021-01-30;604;2;18422;360;3.4;0.1
71;2021-01-31;1;15;18423;375;3.4;0.1
71;2021-02-01;751;238;19174;613;3.5;0.1
71;2021-02-02;753;357;19927;970;3.6;0.2
71;2021-02-03;818;424;20745;1394;3.8;0.3
71;2021-02-04;780;572;21525;1966;3.9;0.4
71;2021-02-05;705;525;22230;2491;4.1;0.5
71;2021-02-06;535;9;22765;2500;4.2;0.5
71;2021-02-07;3;50;22768;2550;4.2;0.5
71;2021-02-08;603;699;23371;3249;4.3;0.6
71;2021-02-09;370;1012;23741;4261;4.3;0.8
71;2021-02-10;412;991;24153;5252;4.4;1.0
71;2021-02-11;472;1181;24625;6433;4.5;1.2
71;2021-02-12;534;1037;25159;7470;4.6;1.4
71;2021-02-13;124;512;25283;7982;4.6;1.5
71;2021-02-14;1;7;25284;7989;4.6;1.5
71;2021-02-15;322;913;25606;8902;4.7;1.6
71;2021-02-16;442;1364;26048;10266;4.8;1.9
71;2021-02-17;426;1125;26474;11391;4.8;2.1
71;2021-02-18;548;935;27022;12326;4.9;2.2
71;2021-02-19;574;850;27596;13176;5.0;2.4
71;2021-02-20;224;381;27820;13557;5.1;2.5
71;2021-02-21;4;13;27824;13570;5.1;2.5
71;2021-02-22;237;880;28061;14450;5.1;2.6
71;2021-02-23;452;926;28513;15376;5.2;2.8
71;2021-02-24;444;725;28957;16101;5.3;2.9
71;2021-02-25;532;728;29489;16829;5.4;3.1
71;2021-02-26;830;531;30319;17360;5.5;3.2
71;2021-02-27;456;339;30775;17699;5.6;3.2
71;2021-02-28;54;14;30829;17713;5.6;3.2
71;2021-03-01;1188;680;32017;18393;5.8;3.4
71;2021-03-02;1574;644;33591;19037;6.1;3.5
71;2021-03-03;1819;773;35410;19810;6.5;3.6
71;2021-03-04;2002;822;37412;20632;6.8;3.8
71;2021-03-05;2284;690;39696;21322;7.2;3.9
71;2021-03-06;755;64;40451;21386;7.4;3.9
71;2021-03-07;40;21;40491;21407;7.4;3.9
71;2021-03-08;1452;782;41943;22189;7.7;4.1
71;2021-03-09;2160;528;44103;22717;8.1;4.1
71;2021-03-10;2166;469;46269;23186;8.4;4.2
71;2021-03-11;2631;658;48900;23844;8.9;4.4
71;2021-03-12;2606;622;51506;24466;9.4;4.5
71;2021-03-13;996;100;52502;24566;9.6;4.5
71;2021-03-14;35;0;52537;24566;9.6;4.5
71;2021-03-15;1799;497;54336;25063;9.9;4.6
71;2021-03-16;1821;198;56157;25261;10.3;4.6
71;2021-03-17;2132;250;58289;25511;10.6;4.7
71;2021-03-18;1953;438;60242;25949;11.0;4.7
71;2021-03-19;2368;330;62610;26279;11.4;4.8
71;2021-03-20;1084;39;63694;26318;11.6;4.8
71;2021-03-21;17;5;63711;26323;11.6;4.8
71;2021-03-22;2576;375;66287;26698;12.1;4.9
71;2021-03-23;3347;504;69634;27202;12.7;5.0
71;2021-03-24;3348;460;72982;27662;13.3;5.0
71;2021-03-25;4026;586;77008;28248;14.1;5.2
71;2021-03-26;4054;339;81062;28587;14.8;5.2
71;2021-03-27;998;105;82060;28692;15.0;5.2
71;2021-03-28;57;8;82117;28700;15.0;5.2
71;2021-03-29;2405;1173;84522;29873;15.4;5.5
71;2021-03-30;2952;1361;87474;31234;16.0;5.7
71;2021-03-31;2554;1524;90028;32758;16.4;6.0
71;2021-04-01;2718;1300;92746;34058;16.9;6.2
71;2021-04-02;2504;1421;95250;35479;17.4;6.5
71;2021-04-03;268;34;95518;35513;17.4;6.5
71;2021-04-04;6;0;95524;35513;17.4;6.5
71;2021-04-05;61;0;95585;35513;17.4;6.5
71;2021-04-06;2260;1875;97845;37388;17.9;6.8
71;2021-04-07;2391;1790;100236;39178;18.3;7.2
71;2021-04-08;3282;1804;103518;40982;18.9;7.5
71;2021-04-09;4039;1671;107557;42653;19.6;7.8
71;2021-04-10;769;46;108326;42699;19.8;7.8
71;2021-04-11;100;3;108426;42702;19.8;7.8
71;2021-04-12;2354;1699;110780;44401;20.2;8.1
71;2021-04-13;2583;1894;113363;46295;20.7;8.5
71;2021-04-14;2370;1920;115733;48215;21.1;8.8
71;2021-04-15;2778;1690;118511;49905;21.6;9.1
71;2021-04-16;2627;1649;121138;51554;22.1;9.4
71;2021-04-17;952;344;122090;51898;22.3;9.5
71;2021-04-18;106;5;122196;51903;22.3;9.5
71;2021-04-19;1759;2573;123955;54476;22.6;9.9
71;2021-04-20;2219;2602;126174;57078;23.0;10.4
71;2021-04-21;2124;2594;128298;59672;23.4;10.9
71;2021-04-22;2512;2442;130810;62114;23.9;11.3
71;2021-04-23;2920;2271;133730;64385;24.4;11.8
71;2021-04-24;518;52;134248;64437;24.5;11.8
71;2021-04-25;26;0;134274;64437;24.5;11.8
71;2021-04-26;2567;2131;136841;66568;25.0;12.2
71;2021-04-27;2985;2258;139826;68826;25.5;12.6
71;2021-04-28;3075;2130;142901;70956;26.1;13.0
71;2021-04-29;3779;2233;146680;73189;26.8;13.4
71;2021-04-30;3928;1726;150608;74915;27.5;13.7
71;2021-05-01;39;53;150647;74968;27.5;13.7
71;2021-05-02;23;18;150670;74986;27.5;13.7
71;2021-05-03;4289;1385;154959;76371;28.3;13.9
71;2021-05-04;2955;2353;157914;78724;28.8;14.4
71;2021-05-05;3426;2096;161340;80820;29.5;14.8
71;2021-05-06;3466;2370;164806;83190;30.1;15.2
71;2021-05-07;3675;2813;168481;86003;30.8;15.7
71;2021-05-08;180;183;168661;86186;30.8;15.7
71;2021-05-09;44;47;168705;86233;30.8;15.7
71;2021-05-10;3699;2284;172404;88517;31.5;16.2
71;2021-05-11;4663;2357;177067;90874;32.3;16.6
71;2021-05-12;3975;2598;181042;93472;33.0;17.1
71;2021-05-13;1576;154;182618;93626;33.3;17.1
71;2021-05-14;3763;2194;186381;95820;34.0;17.5
71;2021-05-15;242;329;186623;96149;34.1;17.6
71;2021-05-16;2;0;186625;96149;34.1;17.6
71;2021-05-17;3864;1887;190489;98036;34.8;17.9
71;2021-05-18;3496;2428;193985;100464;35.4;18.3
71;2021-05-19;3719;2282;197704;102746;36.1;18.8
71;2021-05-20;4181;2300;201885;105046;36.9;19.2
71;2021-05-21;3723;2577;205608;107623;37.5;19.6
71;2021-05-22;168;306;205776;107929;37.6;19.7
71;2021-05-23;14;55;205790;107984;37.6;19.7
71;2021-05-24;18;96;205808;108080;37.6;19.7
71;2021-05-25;2690;3008;208498;111088;38.1;20.3
71;2021-05-26;2972;2436;211470;113524;38.6;20.7
71;2021-05-27;3388;2589;214858;116113;39.2;21.2
71;2021-05-28;2919;3161;217777;119274;39.8;21.8
71;2021-05-29;482;659;218259;119933;39.8;21.9
71;2021-05-30;75;57;218334;119990;39.9;21.9
71;2021-05-31;2776;3458;221110;123448;40.4;22.5
71;2021-06-01;3664;3542;224774;126990;41.0;23.2
71;2021-06-02;3995;2624;228769;129614;41.8;23.7
71;2021-06-03;4436;2530;233205;132144;42.6;24.1
71;2021-06-04;3717;3714;236922;135858;43.2;24.8
71;2021-06-05;684;645;237606;136503;43.4;24.9
71;2021-06-06;57;91;237663;136594;43.4;24.9
71;2021-06-07;3281;4149;240944;140743;44.0;25.7
71;2021-06-08;3897;4014;244841;144757;44.7;26.4
71;2021-06-09;4694;2750;249535;147507;45.6;26.9
71;2021-06-10;5269;2743;254804;150250;46.5;27.4
71;2021-06-11;4435;3720;259239;153970;47.3;28.1
71;2021-06-12;716;594;259955;154564;47.5;28.2
71;2021-06-13;104;187;260059;154751;47.5;28.2
71;2021-06-14;3512;3781;263571;158532;48.1;28.9
71;2021-06-15;4207;3559;267778;162091;48.9;29.6
71;2021-06-16;4596;2719;272374;164810;49.7;30.1
71;2021-06-17;4267;2996;276641;167806;50.5;30.6
71;2021-06-18;4324;3772;280965;171578;51.3;31.3
71;2021-06-19;1269;653;282234;172231;51.5;31.4
71;2021-06-20;37;27;282271;172258;51.5;31.4
71;2021-06-21;2270;4282;284541;176540;51.9;32.2
71;2021-06-22;2685;4353;287226;180893;52.4;33.0
71;2021-06-23;3062;3414;290288;184307;53.0;33.6
71;2021-06-24;3328;3020;293616;187327;53.6;34.2
71;2021-06-25;2652;4473;296268;191800;54.1;35.0
71;2021-06-26;372;551;296640;192351;54.1;35.1
71;2021-06-27;30;68;296670;192419;54.2;35.1
71;2021-06-28;1532;4620;298202;197039;54.4;36.0
71;2021-06-29;1990;4823;300192;201862;54.8;36.8
71;2021-06-30;2503;3935;302695;205797;55.3;37.6
71;2021-07-01;2646;3903;305341;209700;55.7;38.3
71;2021-07-02;2910;3984;308251;213684;56.3;39.0
71;2021-07-03;318;710;308569;214394;56.3;39.1
71;2021-07-04;28;133;308597;214527;56.3;39.2
71;2021-07-05;2474;4321;311071;218848;56.8;39.9
71;2021-07-06;2461;4566;313532;223414;57.2;40.8
71;2021-07-07;2986;3723;316518;227137;57.8;41.5
71;2021-07-08;2766;4115;319284;231252;58.3;42.2
71;2021-07-09;2381;5025;321665;236277;58.7;43.1
71;2021-07-10;208;656;321873;236933;58.8;43.2
71;2021-07-11;15;65;321888;236998;58.8;43.3
71;2021-07-12;1910;5307;323798;242305;59.1;44.2
71;2021-07-13;2540;5869;326338;248174;59.6;45.3
71;2021-07-14;947;399;327285;248573;59.7;45.4
71;2021-07-15;3017;5737;330302;254310;60.3;46.4
71;2021-07-16;3293;6012;333595;260322;60.9;47.5
71;2021-07-17;503;782;334098;261104;61.0;47.7
71;2021-07-18;88;93;334186;261197;61.0;47.7
71;2021-07-19;2862;5573;337048;266770;61.5;48.7
71;2021-07-20;3340;5922;340388;272692;62.1;49.8
71;2021-07-21;3399;5466;343787;278158;62.8;50.8
71;2021-07-22;3937;5341;347724;283499;63.5;51.8
71;2021-07-23;3229;5998;350953;289497;64.1;52.8
71;2021-07-24;704;597;351657;290094;64.2;53.0
71;2021-07-25;147;80;351804;290174;64.2;53.0
71;2021-07-26;3581;4904;355385;295078;64.9;53.9
71;2021-07-27;4063;5119;359448;300197;65.6;54.8
71;2021-07-28;4210;4820;363658;305017;66.4;55.7
71;2021-07-29;4193;4638;367851;309655;67.1;56.5
71;2021-07-30;4221;4915;372072;314570;67.9;57.4
71;2021-07-31;718;727;372790;315297;68.0;57.6
71;2021-08-01;104;35;372894;315332;68.1;57.6
71;2021-08-02;3943;3757;376837;319089;68.8;58.2
71;2021-08-03;4379;3822;381216;322911;69.6;58.9
71;2021-08-04;4371;2976;385587;325887;70.4;59.5
71;2021-08-05;4150;3253;389737;329140;71.1;60.1
71;2021-08-06;3669;4007;393406;333147;71.8;60.8
71;2021-08-07;492;328;393898;333475;71.9;60.9
71;2021-08-08;46;65;393944;333540;71.9;60.9
71;2021-08-09;3017;3416;396961;336956;72.5;61.5
71;2021-08-10;3054;3386;400015;340342;73.0;62.1
71;2021-08-11;3171;3068;403186;343410;73.6;62.7
71;2021-08-12;2969;3092;406155;346502;74.1;63.3
71;2021-08-13;2621;3306;408776;349808;74.6;63.9
71;2021-08-14;278;521;409054;350329;74.7;63.9
71;2021-08-15;49;109;409103;350438;74.7;64.0
71;2021-08-16;1707;3522;410810;353960;75.0;64.6
72;2020-12-27;0;0;0;0;0.0;0.0
72;2020-12-28;0;0;0;0;0.0;0.0
72;2020-12-29;0;0;0;0;0.0;0.0
72;2020-12-30;0;0;0;0;0.0;0.0
72;2020-12-31;0;0;0;0;0.0;0.0
72;2021-01-01;2;0;2;0;0.0;0.0
72;2021-01-02;0;0;2;0;0.0;0.0
72;2021-01-03;0;0;2;0;0.0;0.0
72;2021-01-04;0;0;2;0;0.0;0.0
72;2021-01-05;14;0;16;0;0.0;0.0
72;2021-01-06;27;0;43;0;0.0;0.0
72;2021-01-07;110;0;153;0;0.0;0.0
72;2021-01-08;232;0;385;0;0.1;0.0
72;2021-01-09;36;0;421;0;0.1;0.0
72;2021-01-10;0;0;421;0;0.1;0.0
72;2021-01-11;484;1;905;1;0.2;0.0
72;2021-01-12;615;1;1520;2;0.3;0.0
72;2021-01-13;500;1;2020;3;0.4;0.0
72;2021-01-14;644;3;2664;6;0.5;0.0
72;2021-01-15;478;1;3142;7;0.6;0.0
72;2021-01-16;93;0;3235;7;0.6;0.0
72;2021-01-17;0;0;3235;7;0.6;0.0
72;2021-01-18;292;0;3527;7;0.6;0.0
72;2021-01-19;775;3;4302;10;0.8;0.0
72;2021-01-20;1534;6;5836;16;1.0;0.0
72;2021-01-21;1744;5;7580;21;1.4;0.0
72;2021-01-22;1149;6;8729;27;1.6;0.0
72;2021-01-23;32;0;8761;27;1.6;0.0
72;2021-01-24;0;0;8761;27;1.6;0.0
72;2021-01-25;502;7;9263;34;1.7;0.0
72;2021-01-26;1165;22;10428;56;1.9;0.0
72;2021-01-27;882;19;11310;75;2.0;0.0
72;2021-01-28;776;68;12086;143;2.2;0.0
72;2021-01-29;712;69;12798;212;2.3;0.0
72;2021-01-30;58;0;12856;212;2.3;0.0
72;2021-01-31;1;0;12857;212;2.3;0.0
72;2021-02-01;499;229;13356;441;2.4;0.1
72;2021-02-02;507;295;13863;736;2.5;0.1
72;2021-02-03;487;229;14350;965;2.6;0.2
72;2021-02-04;476;342;14826;1307;2.6;0.2
72;2021-02-05;513;407;15339;1714;2.7;0.3
72;2021-02-06;83;14;15422;1728;2.8;0.3
72;2021-02-07;19;3;15441;1731;2.8;0.3
72;2021-02-08;310;405;15751;2136;2.8;0.4
72;2021-02-09;489;531;16240;2667;2.9;0.5
72;2021-02-10;557;929;16797;3596;3.0;0.6
72;2021-02-11;851;1349;17648;4945;3.2;0.9
72;2021-02-12;850;595;18498;5540;3.3;1.0
72;2021-02-13;108;38;18606;5578;3.3;1.0
72;2021-02-14;1;22;18607;5600;3.3;1.0
72;2021-02-15;220;503;18827;6103;3.4;1.1
72;2021-02-16;499;1030;19326;7133;3.4;1.3
72;2021-02-17;464;717;19790;7850;3.5;1.4
72;2021-02-18;594;638;20384;8488;3.6;1.5
72;2021-02-19;520;600;20904;9088;3.7;1.6
72;2021-02-20;80;57;20984;9145;3.7;1.6
72;2021-02-21;0;0;20984;9145;3.7;1.6
72;2021-02-22;328;583;21312;9728;3.8;1.7
72;2021-02-23;567;530;21879;10258;3.9;1.8
72;2021-02-24;435;470;22314;10728;4.0;1.9
72;2021-02-25;921;567;23235;11295;4.1;2.0
72;2021-02-26;600;513;23835;11808;4.3;2.1
72;2021-02-27;322;66;24157;11874;4.3;2.1
72;2021-02-28;15;17;24172;11891;4.3;2.1
72;2021-03-01;378;482;24550;12373;4.4;2.2
72;2021-03-02;503;605;25053;12978;4.5;2.3
72;2021-03-03;732;654;25785;13632;4.6;2.4
72;2021-03-04;738;782;26523;14414;4.7;2.6
72;2021-03-05;935;772;27458;15186;4.9;2.7
72;2021-03-06;761;136;28219;15322;5.0;2.7
72;2021-03-07;448;26;28667;15348;5.1;2.7
72;2021-03-08;559;461;29226;15809;5.2;2.8
72;2021-03-09;1043;660;30269;16469;5.4;2.9
72;2021-03-10;1136;666;31405;17135;5.6;3.1
72;2021-03-11;1607;494;33012;17629;5.9;3.1
72;2021-03-12;1363;519;34375;18148;6.1;3.2
72;2021-03-13;982;118;35357;18266;6.3;3.3
72;2021-03-14;14;10;35371;18276;6.3;3.3
72;2021-03-15;1158;223;36529;18499;6.5;3.3
72;2021-03-16;1052;189;37581;18688;6.7;3.3
72;2021-03-17;1034;260;38615;18948;6.9;3.4
72;2021-03-18;1086;370;39701;19318;7.1;3.4
72;2021-03-19;1274;292;40975;19610;7.3;3.5
72;2021-03-20;485;92;41460;19702;7.4;3.5
72;2021-03-21;19;0;41479;19702;7.4;3.5
72;2021-03-22;1347;342;42826;20044;7.6;3.6
72;2021-03-23;1724;480;44550;20524;8.0;3.7
72;2021-03-24;1840;305;46390;20829;8.3;3.7
72;2021-03-25;2445;462;48835;21291;8.7;3.8
72;2021-03-26;2335;373;51170;21664;9.1;3.9
72;2021-03-27;614;30;51784;21694;9.2;3.9
72;2021-03-28;22;0;51806;21694;9.2;3.9
72;2021-03-29;1616;381;53422;22075;9.5;3.9
72;2021-03-30;2495;386;55917;22461;10.0;4.0
72;2021-03-31;2138;361;58055;22822;10.4;4.1
72;2021-04-01;2834;347;60889;23169;10.9;4.1
72;2021-04-02;2247;398;63136;23567;11.3;4.2
72;2021-04-03;292;39;63428;23606;11.3;4.2
72;2021-04-04;14;3;63442;23609;11.3;4.2
72;2021-04-05;51;49;63493;23658;11.3;4.2
72;2021-04-06;1760;467;65253;24125;11.6;4.3
72;2021-04-07;2572;597;67825;24722;12.1;4.4
72;2021-04-08;2719;779;70544;25501;12.6;4.6
72;2021-04-09;3862;581;74406;26082;13.3;4.7
72;2021-04-10;1111;50;75517;26132;13.5;4.7
72;2021-04-11;8;1;75525;26133;13.5;4.7
72;2021-04-12;1850;899;77375;27032;13.8;4.8
72;2021-04-13;2366;1076;79741;28108;14.2;5.0
72;2021-04-14;2249;1096;81990;29204;14.6;5.2
72;2021-04-15;2421;1113;84411;30317;15.1;5.4
72;2021-04-16;2563;959;86974;31276;15.5;5.6
72;2021-04-17;707;144;87681;31420;15.7;5.6
72;2021-04-18;57;2;87738;31422;15.7;5.6
72;2021-04-19;1396;1096;89134;32518;15.9;5.8
72;2021-04-20;2999;1300;92133;33818;16.4;6.0
72;2021-04-21;2517;1562;94650;35380;16.9;6.3
72;2021-04-22;2814;1791;97464;37171;17.4;6.6
72;2021-04-23;3211;1451;100675;38622;18.0;6.9
72;2021-04-24;1400;266;102075;38888;18.2;6.9
72;2021-04-25;881;19;102956;38907;18.4;6.9
72;2021-04-26;3514;1480;106470;40387;19.0;7.2
72;2021-04-27;4092;1863;110562;42250;19.7;7.5
72;2021-04-28;3832;1866;114394;44116;20.4;7.9
72;2021-04-29;4159;1815;118553;45931;21.2;8.2
72;2021-04-30;3614;1709;122167;47640;21.8;8.5
72;2021-05-01;1642;225;123809;47865;22.1;8.5
72;2021-05-02;1533;160;125342;48025;22.4;8.6
72;2021-05-03;3457;1151;128799;49176;23.0;8.8
72;2021-05-04;4013;1799;132812;50975;23.7;9.1
72;2021-05-05;3867;2177;136679;53152;24.4;9.5
72;2021-05-06;3596;1940;140275;55092;25.0;9.8
72;2021-05-07;3545;2147;143820;57239;25.7;10.2
72;2021-05-08;1900;152;145720;57391;26.0;10.2
72;2021-05-09;2082;208;147802;57599;26.4;10.3
72;2021-05-10;3773;1519;151575;59118;27.1;10.6
72;2021-05-11;4597;1992;156172;61110;27.9;10.9
72;2021-05-12;4082;1820;160254;62930;28.6;11.2
72;2021-05-13;3031;270;163285;63200;29.1;11.3
72;2021-05-14;3662;1390;166947;64590;29.8;11.5
72;2021-05-15;3121;364;170068;64954;30.4;11.6
72;2021-05-16;2502;153;172570;65107;30.8;11.6
72;2021-05-17;3725;1283;176295;66390;31.5;11.9
72;2021-05-18;4332;1687;180627;68077;32.2;12.2
72;2021-05-19;3977;1509;184604;69586;33.0;12.4
72;2021-05-20;4261;1451;188865;71037;33.7;12.7
72;2021-05-21;3789;1389;192654;72426;34.4;12.9
72;2021-05-22;2561;506;195215;72932;34.8;13.0
72;2021-05-23;1391;162;196606;73094;35.1;13.0
72;2021-05-24;2353;296;198959;73390;35.5;13.1
72;2021-05-25;4075;1411;203034;74801;36.2;13.4
72;2021-05-26;4096;1410;207130;76211;37.0;13.6
72;2021-05-27;4347;2046;211477;78257;37.7;14.0
72;2021-05-28;4107;2018;215584;80275;38.5;14.3
72;2021-05-29;2668;809;218252;81084;39.0;14.5
72;2021-05-30;1142;872;219394;81956;39.2;14.6
72;2021-05-31;3121;2329;222515;84285;39.7;15.0
72;2021-06-01;3563;2668;226078;86953;40.4;15.5
72;2021-06-02;3612;2782;229690;89735;41.0;16.0
72;2021-06-03;4242;2997;233932;92732;41.8;16.6
72;2021-06-04;3892;2750;237824;95482;42.5;17.0
72;2021-06-05;1439;2567;239263;98049;42.7;17.5
72;2021-06-06;908;1540;240171;99589;42.9;17.8
72;2021-06-07;1746;3424;241917;103013;43.2;18.4
72;2021-06-08;2929;3834;244846;106847;43.7;19.1
72;2021-06-09;2651;3371;247497;110218;44.2;19.7
72;2021-06-10;2827;3316;250324;113534;44.7;20.3
72;2021-06-11;2840;3773;253164;117307;45.2;20.9
72;2021-06-12;1243;2598;254407;119905;45.4;21.4
72;2021-06-13;388;1859;254795;121764;45.5;21.7
72;2021-06-14;1336;4129;256131;125893;45.7;22.5
72;2021-06-15;2755;3513;258886;129406;46.2;23.1
72;2021-06-16;2428;3574;261314;132980;46.6;23.7
72;2021-06-17;2320;3877;263634;136857;47.1;24.4
72;2021-06-18;2308;4311;265942;141168;47.5;25.2
72;2021-06-19;1127;2763;267069;143931;47.7;25.7
72;2021-06-20;339;2057;267408;145988;47.7;26.1
72;2021-06-21;1564;4032;268972;150020;48.0;26.8
72;2021-06-22;1713;4995;270685;155015;48.3;27.7
72;2021-06-23;2005;4219;272690;159234;48.7;28.4
72;2021-06-24;2232;4013;274922;163247;49.1;29.1
72;2021-06-25;1770;4837;276692;168084;49.4;30.0
72;2021-06-26;1190;2880;277882;170964;49.6;30.5
72;2021-06-27;392;2112;278274;173076;49.7;30.9
72;2021-06-28;1440;4294;279714;177370;49.9;31.7
72;2021-06-29;1768;4742;281482;182112;50.2;32.5
72;2021-06-30;1979;4168;283461;186280;50.6;33.3
72;2021-07-01;1938;4415;285399;190695;50.9;34.0
72;2021-07-02;1852;4715;287251;195410;51.3;34.9
72;2021-07-03;1292;3120;288543;198530;51.5;35.4
72;2021-07-04;583;1950;289126;200480;51.6;35.8
72;2021-07-05;1192;4164;290318;204644;51.8;36.5
72;2021-07-06;1461;5163;291779;209807;52.1;37.5
72;2021-07-07;1580;4612;293359;214419;52.4;38.3
72;2021-07-08;1646;4328;295005;218747;52.7;39.0
72;2021-07-09;2104;4612;297109;223359;53.0;39.9
72;2021-07-10;1593;2688;298702;226047;53.3;40.3
72;2021-07-11;948;1588;299650;227635;53.5;40.6
72;2021-07-12;1592;3758;301242;231393;53.8;41.3
72;2021-07-13;2086;4775;303328;236168;54.1;42.2
72;2021-07-14;1324;2367;304652;238535;54.4;42.6
72;2021-07-15;3484;3426;308136;241961;55.0;43.2
72;2021-07-16;3170;4130;311306;246091;55.6;43.9
72;2021-07-17;2636;1762;313942;247853;56.0;44.2
72;2021-07-18;1707;824;315649;248677;56.3;44.4
72;2021-07-19;2915;3513;318564;252190;56.9;45.0
72;2021-07-20;3033;4288;321597;256478;57.4;45.8
72;2021-07-21;2874;3598;324471;260076;57.9;46.4
72;2021-07-22;3756;2914;328227;262990;58.6;46.9
72;2021-07-23;3471;3791;331698;266781;59.2;47.6
72;2021-07-24;2814;1460;334512;268241;59.7;47.9
72;2021-07-25;1449;1077;335961;269318;60.0;48.1
72;2021-07-26;2717;2920;338678;272238;60.5;48.6
72;2021-07-27;3837;3819;342515;276057;61.1;49.3
72;2021-07-28;3556;3125;346071;279182;61.8;49.8
72;2021-07-29;3555;2710;349626;281892;62.4;50.3
72;2021-07-30;3755;3379;353381;285271;63.1;50.9
72;2021-07-31;2541;1745;355922;287016;63.5;51.2
72;2021-08-01;1827;430;357749;287446;63.9;51.3
72;2021-08-02;3202;2284;360951;289730;64.4;51.7
72;2021-08-03;3225;3305;364176;293035;65.0;52.3
72;2021-08-04;3755;2546;367931;295581;65.7;52.8
72;2021-08-05;3754;2461;371685;298042;66.3;53.2
72;2021-08-06;3328;2688;375013;300730;66.9;53.7
72;2021-08-07;2342;1610;377355;302340;67.4;54.0
72;2021-08-08;1617;693;378972;303033;67.6;54.1
72;2021-08-09;2692;2669;381664;305702;68.1;54.6
72;2021-08-10;2909;2742;384573;308444;68.6;55.1
72;2021-08-11;2362;2200;386935;310644;69.1;55.4
72;2021-08-12;2373;2592;389308;313236;69.5;55.9
72;2021-08-13;2048;2266;391356;315502;69.9;56.3
72;2021-08-14;1081;1530;392437;317032;70.0;56.6
72;2021-08-15;622;613;393059;317645;70.2;56.7
72;2021-08-16;1628;2366;394687;320011;70.5;57.1
73;2020-12-27;0;0;0;0;0.0;0.0
73;2020-12-28;1;0;1;0;0.0;0.0
73;2020-12-29;0;0;1;0;0.0;0.0
73;2020-12-30;0;0;1;0;0.0;0.0
73;2020-12-31;0;0;1;0;0.0;0.0
73;2021-01-01;0;0;1;0;0.0;0.0
73;2021-01-02;0;0;1;0;0.0;0.0
73;2021-01-03;0;0;1;0;0.0;0.0
73;2021-01-04;1;0;2;0;0.0;0.0
73;2021-01-05;0;0;2;0;0.0;0.0
73;2021-01-06;1;0;3;0;0.0;0.0
73;2021-01-07;30;0;33;0;0.0;0.0
73;2021-01-08;81;0;114;0;0.0;0.0
73;2021-01-09;0;0;114;0;0.0;0.0
73;2021-01-10;0;0;114;0;0.0;0.0
73;2021-01-11;86;0;200;0;0.0;0.0
73;2021-01-12;303;1;503;1;0.1;0.0
73;2021-01-13;357;1;860;2;0.2;0.0
73;2021-01-14;513;2;1373;4;0.3;0.0
73;2021-01-15;617;1;1990;5;0.5;0.0
73;2021-01-16;128;0;2118;5;0.5;0.0
73;2021-01-17;0;0;2118;5;0.5;0.0
73;2021-01-18;624;0;2742;5;0.6;0.0
73;2021-01-19;1239;3;3981;8;0.9;0.0
73;2021-01-20;951;2;4932;10;1.1;0.0
73;2021-01-21;982;4;5914;14;1.4;0.0
73;2021-01-22;947;0;6861;14;1.6;0.0
73;2021-01-23;387;0;7248;14;1.7;0.0
73;2021-01-24;0;0;7248;14;1.7;0.0
73;2021-01-25;656;5;7904;19;1.8;0.0
73;2021-01-26;761;2;8665;21;2.0;0.0
73;2021-01-27;1105;5;9770;26;2.3;0.0
73;2021-01-28;961;5;10731;31;2.5;0.0
73;2021-01-29;683;5;11414;36;2.6;0.0
73;2021-01-30;345;3;11759;39;2.7;0.0
73;2021-01-31;0;0;11759;39;2.7;0.0
73;2021-02-01;620;40;12379;79;2.9;0.0
73;2021-02-02;751;334;13130;413;3.0;0.1
73;2021-02-03;653;348;13783;761;3.2;0.2
73;2021-02-04;624;234;14407;995;3.3;0.2
73;2021-02-05;680;410;15087;1405;3.5;0.3
73;2021-02-06;261;38;15348;1443;3.5;0.3
73;2021-02-07;1;0;15349;1443;3.5;0.3
73;2021-02-08;522;252;15871;1695;3.7;0.4
73;2021-02-09;793;448;16664;2143;3.9;0.5
73;2021-02-10;898;396;17562;2539;4.1;0.6
73;2021-02-11;958;708;18520;3247;4.3;0.8
73;2021-02-12;810;498;19330;3745;4.5;0.9
73;2021-02-13;263;58;19593;3803;4.5;0.9
73;2021-02-14;1;0;19594;3803;4.5;0.9
73;2021-02-15;346;528;19940;4331;4.6;1.0
73;2021-02-16;453;762;20393;5093;4.7;1.2
73;2021-02-17;451;966;20844;6059;4.8;1.4
73;2021-02-18;469;556;21313;6615;4.9;1.5
73;2021-02-19;445;636;21758;7251;5.0;1.7
73;2021-02-20;69;249;21827;7500;5.0;1.7
73;2021-02-21;0;0;21827;7500;5.0;1.7
73;2021-02-22;240;443;22067;7943;5.1;1.8
73;2021-02-23;325;522;22392;8465;5.2;2.0
73;2021-02-24;486;748;22878;9213;5.3;2.1
73;2021-02-25;502;507;23380;9720;5.4;2.2
73;2021-02-26;730;567;24110;10287;5.6;2.4
73;2021-02-27;330;238;24440;10525;5.7;2.4
73;2021-02-28;1;1;24441;10526;5.7;2.4
73;2021-03-01;557;510;24998;11036;5.8;2.6
73;2021-03-02;669;898;25667;11934;5.9;2.8
73;2021-03-03;642;1195;26309;13129;6.1;3.0
73;2021-03-04;1039;899;27348;14028;6.3;3.2
73;2021-03-05;1239;608;28587;14636;6.6;3.4
73;2021-03-06;1091;333;29678;14969;6.9;3.5
73;2021-03-07;455;93;30133;15062;7.0;3.5
73;2021-03-08;605;428;30738;15490;7.1;3.6
73;2021-03-09;983;536;31721;16026;7.3;3.7
73;2021-03-10;1035;870;32756;16896;7.6;3.9
73;2021-03-11;1556;656;34312;17552;7.9;4.1
73;2021-03-12;2017;534;36329;18086;8.4;4.2
73;2021-03-13;1178;206;37507;18292;8.7;4.2
73;2021-03-14;66;3;37573;18295;8.7;4.2
73;2021-03-15;1184;398;38757;18693;9.0;4.3
73;2021-03-16;794;400;39551;19093;9.1;4.4
73;2021-03-17;876;477;40427;19570;9.3;4.5
73;2021-03-18;1350;257;41777;19827;9.7;4.6
73;2021-03-19;1765;394;43542;20221;10.1;4.7
73;2021-03-20;886;127;44428;20348;10.3;4.7
73;2021-03-21;123;2;44551;20350;10.3;4.7
73;2021-03-22;1184;393;45735;20743;10.6;4.8
73;2021-03-23;1447;232;47182;20975;10.9;4.8
73;2021-03-24;1594;342;48776;21317;11.3;4.9
73;2021-03-25;2062;382;50838;21699;11.8;5.0
73;2021-03-26;2471;362;53309;22061;12.3;5.1
73;2021-03-27;885;144;54194;22205;12.5;5.1
73;2021-03-28;310;13;54504;22218;12.6;5.1
73;2021-03-29;1509;236;56013;22454;12.9;5.2
73;2021-03-30;2087;478;58100;22932;13.4;5.3
73;2021-03-31;2089;400;60189;23332;13.9;5.4
73;2021-04-01;2086;330;62275;23662;14.4;5.5
73;2021-04-02;2359;222;64634;23884;14.9;5.5
73;2021-04-03;848;146;65482;24030;15.1;5.6
73;2021-04-04;188;18;65670;24048;15.2;5.6
73;2021-04-05;212;26;65882;24074;15.2;5.6
73;2021-04-06;1509;504;67391;24578;15.6;5.7
73;2021-04-07;1947;649;69338;25227;16.0;5.8
73;2021-04-08;2491;816;71829;26043;16.6;6.0
73;2021-04-09;3060;519;74889;26562;17.3;6.1
73;2021-04-10;1135;316;76024;26878;17.6;6.2
73;2021-04-11;163;9;76187;26887;17.6;6.2
73;2021-04-12;1697;975;77884;27862;18.0;6.4
73;2021-04-13;1892;1128;79776;28990;18.4;6.7
73;2021-04-14;2017;1087;81793;30077;18.9;7.0
73;2021-04-15;2417;1188;84210;31265;19.5;7.2
73;2021-04-16;1894;932;86104;32197;19.9;7.4
73;2021-04-17;1176;557;87280;32754;20.2;7.6
73;2021-04-18;155;76;87435;32830;20.2;7.6
73;2021-04-19;1380;1057;88815;33887;20.5;7.8
73;2021-04-20;1790;1316;90605;35203;20.9;8.1
73;2021-04-21;1573;1301;92178;36504;21.3;8.4
73;2021-04-22;1814;1223;93992;37727;21.7;8.7
73;2021-04-23;1895;1254;95887;38981;22.2;9.0
73;2021-04-24;980;670;96867;39651;22.4;9.2
73;2021-04-25;79;97;96946;39748;22.4;9.2
73;2021-04-26;1164;1318;98110;41066;22.7;9.5
73;2021-04-27;1442;1470;99552;42536;23.0;9.8
73;2021-04-28;1732;1460;101284;43996;23.4;10.2
73;2021-04-29;2412;1564;103696;45560;24.0;10.5
73;2021-04-30;2397;1437;106093;46997;24.5;10.9
73;2021-05-01;1068;306;107161;47303;24.8;10.9
73;2021-05-02;34;165;107195;47468;24.8;11.0
73;2021-05-03;1392;1590;108587;49058;25.1;11.3
73;2021-05-04;1708;1828;110295;50886;25.5;11.8
73;2021-05-05;1974;1686;112269;52572;26.0;12.2
73;2021-05-06;2429;1699;114698;54271;26.5;12.5
73;2021-05-07;2261;1849;116959;56120;27.0;13.0
73;2021-05-08;1836;379;118795;56499;27.5;13.1
73;2021-05-09;127;125;118922;56624;27.5;13.1
73;2021-05-10;1607;1891;120529;58515;27.9;13.5
73;2021-05-11;2378;2369;122907;60884;28.4;14.1
73;2021-05-12;3555;2092;126462;62976;29.2;14.6
73;2021-05-13;1554;275;128016;63251;29.6;14.6
73;2021-05-14;1585;1490;129601;64741;30.0;15.0
73;2021-05-15;1446;943;131047;65684;30.3;15.2
73;2021-05-16;131;62;131178;65746;30.3;15.2
73;2021-05-17;1710;1951;132888;67697;30.7;15.7
73;2021-05-18;2496;1737;135384;69434;31.3;16.1
73;2021-05-19;2540;1623;137924;71057;31.9;16.4
73;2021-05-20;3162;1501;141086;72558;32.6;16.8
73;2021-05-21;2473;1848;143559;74406;33.2;17.2
73;2021-05-22;1989;922;145548;75328;33.6;17.4
73;2021-05-23;212;14;145760;75342;33.7;17.4
73;2021-05-24;2565;329;148325;75671;34.3;17.5
73;2021-05-25;2140;1740;150465;77411;34.8;17.9
73;2021-05-26;2343;2000;152808;79411;35.3;18.4
73;2021-05-27;3083;1714;155891;81125;36.0;18.8
73;2021-05-28;2918;2374;158809;83499;36.7;19.3
73;2021-05-29;2316;1322;161125;84821;37.3;19.6
73;2021-05-30;187;14;161312;84835;37.3;19.6
73;2021-05-31;2411;1628;163723;86463;37.9;20.0
73;2021-06-01;3180;1790;166903;88253;38.6;20.4
73;2021-06-02;3104;1461;170007;89714;39.3;20.7
73;2021-06-03;4422;1742;174429;91456;40.3;21.1
73;2021-06-04;4277;2181;178706;93637;41.3;21.6
73;2021-06-05;3158;1281;181864;94918;42.0;21.9
73;2021-06-06;1882;298;183746;95216;42.5;22.0
73;2021-06-07;2756;2146;186502;97362;43.1;22.5
73;2021-06-08;2685;1874;189187;99236;43.7;22.9
73;2021-06-09;2364;1789;191551;101025;44.3;23.4
73;2021-06-10;2006;1653;193557;102678;44.7;23.7
73;2021-06-11;2191;2441;195748;105119;45.3;24.3
73;2021-06-12;2247;1332;197995;106451;45.8;24.6
73;2021-06-13;44;82;198039;106533;45.8;24.6
73;2021-06-14;1348;2930;199387;109463;46.1;25.3
73;2021-06-15;1593;2754;200980;112217;46.5;25.9
73;2021-06-16;1467;2571;202447;114788;46.8;26.5
73;2021-06-17;944;1727;203391;116515;47.0;26.9
73;2021-06-18;1884;2932;205275;119447;47.5;27.6
73;2021-06-19;1422;1986;206697;121433;47.8;28.1
73;2021-06-20;448;306;207145;121739;47.9;28.1
73;2021-06-21;1110;2938;208255;124677;48.1;28.8
73;2021-06-22;1093;2872;209348;127549;48.4;29.5
73;2021-06-23;1085;3137;210433;130686;48.6;30.2
73;2021-06-24;883;1793;211316;132479;48.9;30.6
73;2021-06-25;1326;2801;212642;135280;49.2;31.3
73;2021-06-26;968;2396;213610;137676;49.4;31.8
73;2021-06-27;328;549;213938;138225;49.5;32.0
73;2021-06-28;965;3557;214903;141782;49.7;32.8
73;2021-06-29;1075;3337;215978;145119;49.9;33.5
73;2021-06-30;1238;3120;217216;148239;50.2;34.3
73;2021-07-01;1135;2363;218351;150602;50.5;34.8
73;2021-07-02;1207;3618;219558;154220;50.8;35.7
73;2021-07-03;960;2793;220518;157013;51.0;36.3
73;2021-07-04;301;618;220819;157631;51.1;36.4
73;2021-07-05;1154;3684;221973;161315;51.3;37.3
73;2021-07-06;1247;2949;223220;164264;51.6;38.0
73;2021-07-07;1441;2951;224661;167215;51.9;38.7
73;2021-07-08;1369;2301;226030;169516;52.3;39.2
73;2021-07-09;1429;4024;227459;173540;52.6;40.1
73;2021-07-10;889;3013;228348;176553;52.8;40.8
73;2021-07-11;561;1468;228909;178021;52.9;41.2
73;2021-07-12;1059;4194;229968;182215;53.2;42.1
73;2021-07-13;1728;4229;231696;186444;53.6;43.1
73;2021-07-14;1844;1914;233540;188358;54.0;43.5
73;2021-07-15;2742;3794;236282;192152;54.6;44.4
73;2021-07-16;2404;4016;238686;196168;55.2;45.4
73;2021-07-17;1511;2609;240197;198777;55.5;46.0
73;2021-07-18;1175;1218;241372;199995;55.8;46.2
73;2021-07-19;2440;3245;243812;203240;56.4;47.0
73;2021-07-20;3358;2853;247170;206093;57.1;47.6
73;2021-07-21;3375;2784;250545;208877;57.9;48.3
73;2021-07-22;2721;2206;253266;211083;58.6;48.8
73;2021-07-23;3397;2895;256663;213978;59.3;49.5
73;2021-07-24;2052;2271;258715;216249;59.8;50.0
73;2021-07-25;621;793;259336;217042;60.0;50.2
73;2021-07-26;2616;2491;261952;219533;60.6;50.8
73;2021-07-27;3779;2266;265731;221799;61.4;51.3
73;2021-07-28;3509;2087;269240;223886;62.2;51.8
73;2021-07-29;3947;2142;273187;226028;63.2;52.3
73;2021-07-30;3536;2468;276723;228496;64.0;52.8
73;2021-07-31;2460;1588;279183;230084;64.5;53.2
73;2021-08-01;829;619;280012;230703;64.7;53.3
73;2021-08-02;3074;2100;283086;232803;65.4;53.8
73;2021-08-03;3474;1985;286560;234788;66.2;54.3
73;2021-08-04;3282;2011;289842;236799;67.0;54.7
73;2021-08-05;2846;2222;292688;239021;67.7;55.3
73;2021-08-06;2495;2374;295183;241395;68.2;55.8
73;2021-08-07;1391;1480;296574;242875;68.6;56.1
73;2021-08-08;426;616;297000;243491;68.7;56.3
73;2021-08-09;1772;2383;298772;245874;69.1;56.8
73;2021-08-10;1864;2483;300636;248357;69.5;57.4
73;2021-08-11;1793;2532;302429;250889;69.9;58.0
73;2021-08-12;1663;2488;304092;253377;70.3;58.6
73;2021-08-13;1391;2831;305483;256208;70.6;59.2
73;2021-08-14;838;1508;306321;257716;70.8;59.6
73;2021-08-15;96;161;306417;257877;70.8;59.6
73;2021-08-16;729;1359;307146;259236;71.0;59.9
74;2020-12-27;3;0;3;0;0.0;0.0
74;2020-12-28;2;0;5;0;0.0;0.0
74;2020-12-29;0;0;5;0;0.0;0.0
74;2020-12-30;0;0;5;0;0.0;0.0
74;2020-12-31;0;0;5;0;0.0;0.0
74;2021-01-01;0;0;5;0;0.0;0.0
74;2021-01-02;1;1;6;1;0.0;0.0
74;2021-01-03;0;0;6;1;0.0;0.0
74;2021-01-04;0;0;6;1;0.0;0.0
74;2021-01-05;1;0;7;1;0.0;0.0
74;2021-01-06;44;0;51;1;0.0;0.0
74;2021-01-07;218;1;269;2;0.0;0.0
74;2021-01-08;291;2;560;4;0.1;0.0
74;2021-01-09;78;0;638;4;0.1;0.0
74;2021-01-10;74;0;712;4;0.1;0.0
74;2021-01-11;373;0;1085;4;0.1;0.0
74;2021-01-12;404;3;1489;7;0.2;0.0
74;2021-01-13;395;0;1884;7;0.2;0.0
74;2021-01-14;466;1;2350;8;0.3;0.0
74;2021-01-15;639;4;2989;12;0.4;0.0
74;2021-01-16;252;1;3241;13;0.4;0.0
74;2021-01-17;131;1;3372;14;0.4;0.0
74;2021-01-18;521;0;3893;14;0.5;0.0
74;2021-01-19;808;2;4701;16;0.6;0.0
74;2021-01-20;1275;4;5976;20;0.7;0.0
74;2021-01-21;1566;1;7542;21;0.9;0.0
74;2021-01-22;1240;6;8782;27;1.1;0.0
74;2021-01-23;344;1;9126;28;1.1;0.0
74;2021-01-24;90;0;9216;28;1.1;0.0
74;2021-01-25;795;2;10011;30;1.2;0.0
74;2021-01-26;1355;13;11366;43;1.4;0.0
74;2021-01-27;1075;10;12441;53;1.5;0.0
74;2021-01-28;987;29;13428;82;1.6;0.0
74;2021-01-29;878;42;14306;124;1.7;0.0
74;2021-01-30;305;1;14611;125;1.8;0.0
74;2021-01-31;84;1;14695;126;1.8;0.0
74;2021-02-01;628;44;15323;170;1.8;0.0
74;2021-02-02;644;154;15967;324;1.9;0.0
74;2021-02-03;603;124;16570;448;2.0;0.1
74;2021-02-04;612;136;17182;584;2.1;0.1
74;2021-02-05;548;224;17730;808;2.1;0.1
74;2021-02-06;271;140;18001;948;2.2;0.1
74;2021-02-07;94;126;18095;1074;2.2;0.1
74;2021-02-08;616;349;18711;1423;2.3;0.2
74;2021-02-09;535;533;19246;1956;2.3;0.2
74;2021-02-10;688;521;19934;2477;2.4;0.3
74;2021-02-11;1066;1019;21000;3496;2.5;0.4
74;2021-02-12;908;616;21908;4112;2.6;0.5
74;2021-02-13;405;240;22313;4352;2.7;0.5
74;2021-02-14;316;114;22629;4466;2.7;0.5
74;2021-02-15;275;852;22904;5318;2.8;0.6
74;2021-02-16;486;1066;23390;6384;2.8;0.8
74;2021-02-17;540;1110;23930;7494;2.9;0.9
74;2021-02-18;474;995;24404;8489;2.9;1.0
74;2021-02-19;618;655;25022;9144;3.0;1.1
74;2021-02-20;114;189;25136;9333;3.0;1.1
74;2021-02-21;46;62;25182;9395;3.0;1.1
74;2021-02-22;316;787;25498;10182;3.1;1.2
74;2021-02-23;303;823;25801;11005;3.1;1.3
74;2021-02-24;239;680;26040;11685;3.1;1.4
74;2021-02-25;518;754;26558;12439;3.2;1.5
74;2021-02-26;972;703;27530;13142;3.3;1.6
74;2021-02-27;254;182;27784;13324;3.4;1.6
74;2021-02-28;124;71;27908;13395;3.4;1.6
74;2021-03-01;719;633;28627;14028;3.5;1.7
74;2021-03-02;1090;686;29717;14714;3.6;1.8
74;2021-03-03;1016;638;30733;15352;3.7;1.9
74;2021-03-04;1609;1015;32342;16367;3.9;2.0
74;2021-03-05;2084;898;34426;17265;4.2;2.1
74;2021-03-06;1753;323;36179;17588;4.4;2.1
74;2021-03-07;1384;104;37563;17692;4.5;2.1
74;2021-03-08;1197;960;38760;18652;4.7;2.3
74;2021-03-09;1946;665;40706;19317;4.9;2.3
74;2021-03-10;1745;910;42451;20227;5.1;2.4
74;2021-03-11;2443;721;44894;20948;5.4;2.5
74;2021-03-12;3240;1019;48134;21967;5.8;2.7
74;2021-03-13;1996;274;50130;22241;6.1;2.7
74;2021-03-14;608;102;50738;22343;6.1;2.7
74;2021-03-15;2123;554;52861;22897;6.4;2.8
74;2021-03-16;1958;411;54819;23308;6.6;2.8
74;2021-03-17;1969;316;56788;23624;6.9;2.9
74;2021-03-18;2131;288;58919;23912;7.1;2.9
74;2021-03-19;2631;295;61550;24207;7.4;2.9
74;2021-03-20;1373;100;62923;24307;7.6;2.9
74;2021-03-21;288;32;63211;24339;7.6;2.9
74;2021-03-22;2051;324;65262;24663;7.9;3.0
74;2021-03-23;2717;331;67979;24994;8.2;3.0
74;2021-03-24;2943;296;70922;25290;8.6;3.1
74;2021-03-25;3867;298;74789;25588;9.0;3.1
74;2021-03-26;4090;379;78879;25967;9.5;3.1
74;2021-03-27;1938;254;80817;26221;9.8;3.2
74;2021-03-28;437;77;81254;26298;9.8;3.2
74;2021-03-29;3029;715;84283;27013;10.2;3.3
74;2021-03-30;3540;767;87823;27780;10.6;3.4
74;2021-03-31;3143;722;90966;28502;11.0;3.4
74;2021-04-01;4233;888;95199;29390;11.5;3.5
74;2021-04-02;3700;781;98899;30171;11.9;3.6
74;2021-04-03;1693;538;100592;30709;12.1;3.7
74;2021-04-04;236;121;100828;30830;12.2;3.7
74;2021-04-05;431;17;101259;30847;12.2;3.7
74;2021-04-06;2624;1214;103883;32061;12.5;3.9
74;2021-04-07;3187;1246;107070;33307;12.9;4.0
74;2021-04-08;3861;1178;110931;34485;13.4;4.2
74;2021-04-09;4099;1172;115030;35657;13.9;4.3
74;2021-04-10;1946;1037;116976;36694;14.1;4.4
74;2021-04-11;252;183;117228;36877;14.2;4.5
74;2021-04-12;2714;1770;119942;38647;14.5;4.7
74;2021-04-13;3114;2095;123056;40742;14.9;4.9
74;2021-04-14;2898;1969;125954;42711;15.2;5.2
74;2021-04-15;3455;1907;129409;44618;15.6;5.4
74;2021-04-16;3377;1779;132786;46397;16.0;5.6
74;2021-04-17;1933;1032;134719;47429;16.3;5.7
74;2021-04-18;218;208;134937;47637;16.3;5.8
74;2021-04-19;2096;2095;137033;49732;16.5;6.0
74;2021-04-20;3066;2424;140099;52156;16.9;6.3
74;2021-04-21;2463;2373;142562;54529;17.2;6.6
74;2021-04-22;2624;2333;145186;56862;17.5;6.9
74;2021-04-23;2562;2245;147748;59107;17.8;7.1
74;2021-04-24;1484;1538;149232;60645;18.0;7.3
74;2021-04-25;224;150;149456;60795;18.0;7.3
74;2021-04-26;2392;2462;151848;63257;18.3;7.6
74;2021-04-27;3271;2908;155119;66165;18.7;8.0
74;2021-04-28;3460;2630;158579;68795;19.1;8.3
74;2021-04-29;3913;2681;162492;71476;19.6;8.6
74;2021-04-30;4074;2222;166566;73698;20.1;8.9
74;2021-05-01;2119;381;168685;74079;20.4;8.9
74;2021-05-02;204;234;168889;74313;20.4;9.0
74;2021-05-03;2593;3009;171482;77322;20.7;9.3
74;2021-05-04;3221;3100;174703;80422;21.1;9.7
74;2021-05-05;3395;3015;178098;83437;21.5;10.1
74;2021-05-06;3857;2632;181955;86069;22.0;10.4
74;2021-05-07;3594;3548;185549;89617;22.4;10.8
74;2021-05-08;1148;822;186697;90439;22.5;10.9
74;2021-05-09;194;248;186891;90687;22.6;10.9
74;2021-05-10;3467;3142;190358;93829;23.0;11.3
74;2021-05-11;4323;3431;194681;97260;23.5;11.7
74;2021-05-12;5303;2966;199984;100226;24.1;12.1
74;2021-05-13;2362;947;202346;101173;24.4;12.2
74;2021-05-14;5948;2399;208294;103572;25.1;12.5
74;2021-05-15;4518;1848;212812;105420;25.7;12.7
74;2021-05-16;3009;335;215821;105755;26.1;12.8
74;2021-05-17;5400;2886;221221;108641;26.7;13.1
74;2021-05-18;6779;2805;228000;111446;27.5;13.5
74;2021-05-19;6232;2292;234232;113738;28.3;13.7
74;2021-05-20;6645;2552;240877;116290;29.1;14.0
74;2021-05-21;6526;2988;247403;119278;29.9;14.4
74;2021-05-22;5294;1569;252697;120847;30.5;14.6
74;2021-05-23;2051;284;254748;121131;30.8;14.6
74;2021-05-24;2361;661;257109;121792;31.0;14.7
74;2021-05-25;5069;3333;262178;125125;31.6;15.1
74;2021-05-26;5250;2568;267428;127693;32.3;15.4
74;2021-05-27;6003;2982;273431;130675;33.0;15.8
74;2021-05-28;5658;3585;279089;134260;33.7;16.2
74;2021-05-29;3798;2151;282887;136411;34.1;16.5
74;2021-05-30;488;309;283375;136720;34.2;16.5
74;2021-05-31;5067;3552;288442;140272;34.8;16.9
74;2021-06-01;4929;3726;293371;143998;35.4;17.4
74;2021-06-02;5266;3206;298637;147204;36.0;17.8
74;2021-06-03;6894;3251;305531;150455;36.9;18.2
74;2021-06-04;6909;4430;312440;154885;37.7;18.7
74;2021-06-05;4611;2709;317051;157594;38.3;19.0
74;2021-06-06;123;112;317174;157706;38.3;19.0
74;2021-06-07;5033;4148;322207;161854;38.9;19.5
74;2021-06-08;5027;3949;327234;165803;39.5;20.0
74;2021-06-09;5077;3486;332311;169289;40.1;20.4
74;2021-06-10;5124;2873;337435;172162;40.7;20.8
74;2021-06-11;5215;3810;342650;175972;41.4;21.2
74;2021-06-12;3572;2386;346222;178358;41.8;21.5
74;2021-06-13;119;89;346341;178447;41.8;21.5
74;2021-06-14;3597;4484;349938;182931;42.2;22.1
74;2021-06-15;3663;3898;353601;186829;42.7;22.6
74;2021-06-16;4823;3123;358424;189952;43.3;22.9
74;2021-06-17;3816;2956;362240;192908;43.7;23.3
74;2021-06-18;4113;4665;366353;197573;44.2;23.8
74;2021-06-19;2995;3098;369348;200671;44.6;24.2
74;2021-06-20;125;97;369473;200768;44.6;24.2
74;2021-06-21;2384;5423;371857;206191;44.9;24.9
74;2021-06-22;2491;5315;374348;211506;45.2;25.5
74;2021-06-23;2973;4618;377321;216124;45.5;26.1
74;2021-06-24;2860;4629;380181;220753;45.9;26.6
74;2021-06-25;2924;6766;383105;227519;46.2;27.5
74;2021-06-26;1708;5398;384813;232917;46.5;28.1
74;2021-06-27;63;1663;384876;234580;46.5;28.3
74;2021-06-28;1918;7219;386794;241799;46.7;29.2
74;2021-06-29;2298;7427;389092;249226;47.0;30.1
74;2021-06-30;2736;6540;391828;255766;47.3;30.9
74;2021-07-01;3056;5413;394884;261179;47.7;31.5
74;2021-07-02;3000;6642;397884;267821;48.0;32.3
74;2021-07-03;1696;5080;399580;272901;48.2;32.9
74;2021-07-04;81;1022;399661;273923;48.2;33.1
74;2021-07-05;2038;6837;401699;280760;48.5;33.9
74;2021-07-06;2566;6492;404265;287252;48.8;34.7
74;2021-07-07;2960;5449;407225;292701;49.2;35.3
74;2021-07-08;3781;4901;411006;297602;49.6;35.9
74;2021-07-09;2650;6975;413656;304577;49.9;36.8
74;2021-07-10;1618;5131;415274;309708;50.1;37.4
74;2021-07-11;76;141;415350;309849;50.1;37.4
74;2021-07-12;2063;7899;417413;317748;50.4;38.4
74;2021-07-13;3942;7581;421355;325329;50.9;39.3
74;2021-07-14;1960;2237;423315;327566;51.1;39.5
74;2021-07-15;3567;6863;426882;334429;51.5;40.4
74;2021-07-16;4173;7745;431055;342174;52.0;41.3
74;2021-07-17;2842;5333;433897;347507;52.4;41.9
74;2021-07-18;149;157;434046;347664;52.4;42.0
74;2021-07-19;4259;7348;438305;355012;52.9;42.9
74;2021-07-20;5787;6463;444092;361475;53.6;43.6
74;2021-07-21;5550;6667;449642;368142;54.3;44.4
74;2021-07-22;4739;5326;454381;373468;54.9;45.1
74;2021-07-23;6079;6981;460460;380449;55.6;45.9
74;2021-07-24;3038;4310;463498;384759;56.0;46.4
74;2021-07-25;160;174;463658;384933;56.0;46.5
74;2021-07-26;5437;6125;469095;391058;56.6;47.2
74;2021-07-27;6723;5164;475818;396222;57.4;47.8
74;2021-07-28;6433;5098;482251;401320;58.2;48.4
74;2021-07-29;5231;3929;487482;405249;58.8;48.9
74;2021-07-30;6606;5483;494088;410732;59.6;49.6
74;2021-07-31;4325;3118;498413;413850;60.2;50.0
74;2021-08-01;177;152;498590;414002;60.2;50.0
74;2021-08-02;5827;4383;504417;418385;60.9;50.5
74;2021-08-03;5818;3839;510235;422224;61.6;51.0
74;2021-08-04;6066;3479;516301;425703;62.3;51.4
74;2021-08-05;4859;3250;521160;428953;62.9;51.8
74;2021-08-06;4899;4168;526059;433121;63.5;52.3
74;2021-08-07;3174;2882;529233;436003;63.9;52.6
74;2021-08-08;152;133;529385;436136;63.9;52.6
74;2021-08-09;4865;4796;534250;440932;64.5;53.2
74;2021-08-10;4864;4656;539114;445588;65.1;53.8
74;2021-08-11;4281;4859;543395;450447;65.6;54.4
74;2021-08-12;3540;3588;546935;454035;66.0;54.8
74;2021-08-13;3597;4562;550532;458597;66.5;55.4
74;2021-08-14;2155;3324;552687;461921;66.7;55.8
74;2021-08-15;59;100;552746;462021;66.7;55.8
74;2021-08-16;3092;5808;555838;467829;67.1;56.5
75;2020-12-27;40;1;40;1;0.0;0.0
75;2020-12-28;50;0;90;1;0.0;0.0
75;2020-12-29;20;0;110;1;0.0;0.0
75;2020-12-30;45;0;155;1;0.0;0.0
75;2020-12-31;32;0;187;1;0.0;0.0
75;2021-01-01;44;2;231;3;0.0;0.0
75;2021-01-02;57;1;288;4;0.0;0.0
75;2021-01-03;94;0;382;4;0.0;0.0
75;2021-01-04;298;1;680;5;0.0;0.0
75;2021-01-05;866;13;1546;18;0.1;0.0
75;2021-01-06;1356;16;2902;34;0.1;0.0
75;2021-01-07;2059;18;4961;52;0.2;0.0
75;2021-01-08;2869;32;7830;84;0.4;0.0
75;2021-01-09;1091;2;8921;86;0.4;0.0
75;2021-01-10;1096;5;10017;91;0.5;0.0
75;2021-01-11;3074;47;13091;138;0.6;0.0
75;2021-01-12;3476;55;16567;193;0.8;0.0
75;2021-01-13;3546;42;20113;235;0.9;0.0
75;2021-01-14;3696;63;23809;298;1.1;0.0
75;2021-01-15;3309;45;27118;343;1.3;0.0
75;2021-01-16;1129;16;28247;359;1.3;0.0
75;2021-01-17;548;14;28795;373;1.3;0.0
75;2021-01-18;3259;74;32054;447;1.5;0.0
75;2021-01-19;3844;48;35898;495;1.7;0.0
75;2021-01-20;4394;64;40292;559;1.9;0.0
75;2021-01-21;4901;82;45193;641;2.1;0.0
75;2021-01-22;4570;81;49763;722;2.3;0.0
75;2021-01-23;1753;15;51516;737;2.4;0.0
75;2021-01-24;739;7;52255;744;2.4;0.0
75;2021-01-25;1704;25;53959;769;2.5;0.0
75;2021-01-26;2542;87;56501;856;2.6;0.0
75;2021-01-27;3099;163;59600;1019;2.8;0.0
75;2021-01-28;4760;265;64360;1284;3.0;0.1
75;2021-01-29;4038;268;68398;1552;3.2;0.1
75;2021-01-30;1354;34;69752;1586;3.2;0.1
75;2021-01-31;217;3;69969;1589;3.3;0.1
75;2021-02-01;1615;379;71584;1968;3.3;0.1
75;2021-02-02;2126;652;73710;2620;3.4;0.1
75;2021-02-03;1870;688;75580;3308;3.5;0.2
75;2021-02-04;2131;1128;77711;4436;3.6;0.2
75;2021-02-05;2206;871;79917;5307;3.7;0.2
75;2021-02-06;1092;92;81009;5399;3.8;0.3
75;2021-02-07;172;6;81181;5405;3.8;0.3
75;2021-02-08;1247;1469;82428;6874;3.8;0.3
75;2021-02-09;1773;2385;84201;9259;3.9;0.4
75;2021-02-10;2406;2398;86607;11657;4.0;0.5
75;2021-02-11;2921;6423;89528;18080;4.2;0.8
75;2021-02-12;3110;2408;92638;20488;4.3;1.0
75;2021-02-13;846;1050;93484;21538;4.4;1.0
75;2021-02-14;198;43;93682;21581;4.4;1.0
75;2021-02-15;994;2459;94676;24040;4.4;1.1
75;2021-02-16;1436;6538;96112;30578;4.5;1.4
75;2021-02-17;1306;3234;97418;33812;4.5;1.6
75;2021-02-18;1742;5859;99160;39671;4.6;1.8
75;2021-02-19;2207;4151;101367;43822;4.7;2.0
75;2021-02-20;471;1689;101838;45511;4.7;2.1
75;2021-02-21;185;160;102023;45671;4.7;2.1
75;2021-02-22;1208;1930;103231;47601;4.8;2.2
75;2021-02-23;1431;2726;104662;50327;4.9;2.3
75;2021-02-24;1680;2340;106342;52667;5.0;2.5
75;2021-02-25;2763;5334;109105;58001;5.1;2.7
75;2021-02-26;3352;2727;112457;60728;5.2;2.8
75;2021-02-27;1395;941;113852;61669;5.3;2.9
75;2021-02-28;317;142;114169;61811;5.3;2.9
75;2021-03-01;2585;1688;116754;63499;5.4;3.0
75;2021-03-02;4152;2211;120906;65710;5.6;3.1
75;2021-03-03;5401;2355;126307;68065;5.9;3.2
75;2021-03-04;8022;2605;134329;70670;6.3;3.3
75;2021-03-05;10526;2762;144855;73432;6.7;3.4
75;2021-03-06;11056;1086;155911;74518;7.3;3.5
75;2021-03-07;9482;1521;165393;76039;7.7;3.5
75;2021-03-08;5874;1568;171267;77607;8.0;3.6
75;2021-03-09;7496;2137;178763;79744;8.3;3.7
75;2021-03-10;7473;2133;186236;81877;8.7;3.8
75;2021-03-11;10309;2541;196545;84418;9.1;3.9
75;2021-03-12;12036;2571;208581;86989;9.7;4.0
75;2021-03-13;8530;770;217111;87759;10.1;4.1
75;2021-03-14;4156;250;221267;88009;10.3;4.1
75;2021-03-15;7430;986;228697;88995;10.6;4.1
75;2021-03-16;5131;692;233828;89687;10.9;4.2
75;2021-03-17;5408;833;239236;90520;11.1;4.2
75;2021-03-18;6596;882;245832;91402;11.4;4.3
75;2021-03-19;9720;994;255552;92396;11.9;4.3
75;2021-03-20;5911;614;261463;93010;12.2;4.3
75;2021-03-21;1577;435;263040;93445;12.2;4.3
75;2021-03-22;8616;1028;271656;94473;12.6;4.4
75;2021-03-23;10923;1259;282579;95732;13.2;4.5
75;2021-03-24;10976;1339;293555;97071;13.7;4.5
75;2021-03-25;14184;1545;307739;98616;14.3;4.6
75;2021-03-26;13942;1696;321681;100312;15.0;4.7
75;2021-03-27;7259;779;328940;101091;15.3;4.7
75;2021-03-28;1770;152;330710;101243;15.4;4.7
75;2021-03-29;7946;2221;338656;103464;15.8;4.8
75;2021-03-30;10898;3252;349554;106716;16.3;5.0
75;2021-03-31;9710;3609;359264;110325;16.7;5.1
75;2021-04-01;10649;5214;369913;115539;17.2;5.4
75;2021-04-02;9013;5583;378926;121122;17.6;5.6
75;2021-04-03;4101;4897;383027;126019;17.8;5.9
75;2021-04-04;1407;1496;384434;127515;17.9;5.9
75;2021-04-05;2224;1440;386658;128955;18.0;6.0
75;2021-04-06;6873;4311;393531;133266;18.3;6.2
75;2021-04-07;8052;4426;401583;137692;18.7;6.4
75;2021-04-08;11037;4175;412620;141867;19.2;6.6
75;2021-04-09;12183;4621;424803;146488;19.8;6.8
75;2021-04-10;5818;4274;430621;150762;20.0;7.0
75;2021-04-11;1919;1796;432540;152558;20.1;7.1
75;2021-04-12;7458;3788;439998;156346;20.5;7.3
75;2021-04-13;8542;6866;448540;163212;20.9;7.6
75;2021-04-14;8264;5227;456804;168439;21.3;7.8
75;2021-04-15;8869;6136;465673;174575;21.7;8.1
75;2021-04-16;9356;6116;475029;180691;22.1;8.4
75;2021-04-17;4809;3654;479838;184345;22.3;8.6
75;2021-04-18;1660;880;481498;185225;22.4;8.6
75;2021-04-19;5556;4947;487054;190172;22.7;8.9
75;2021-04-20;6439;5955;493493;196127;23.0;9.1
75;2021-04-21;6835;5573;500328;201700;23.3;9.4
75;2021-04-22;7527;5917;507855;207617;23.6;9.7
75;2021-04-23;8509;6318;516364;213935;24.0;10.0
75;2021-04-24;6152;3348;522516;217283;24.3;10.1
75;2021-04-25;2953;758;525469;218041;24.5;10.1
75;2021-04-26;7021;4725;532490;222766;24.8;10.4
75;2021-04-27;10573;6424;543063;229190;25.3;10.7
75;2021-04-28;12175;6028;555238;235218;25.8;10.9
75;2021-04-29;13741;6337;568979;241555;26.5;11.2
75;2021-04-30;13650;6175;582629;247730;27.1;11.5
75;2021-05-01;5069;1327;587698;249057;27.4;11.6
75;2021-05-02;2378;790;590076;249847;27.5;11.6
75;2021-05-03;10271;13527;600347;263374;27.9;12.3
75;2021-05-04;11157;8074;611504;271448;28.5;12.6
75;2021-05-05;13533;6715;625037;278163;29.1;12.9
75;2021-05-06;13984;8195;639021;286358;29.7;13.3
75;2021-05-07;13958;8597;652979;294955;30.4;13.7
75;2021-05-08;10064;5523;663043;300478;30.9;14.0
75;2021-05-09;3813;3202;666856;303680;31.0;14.1
75;2021-05-10;14278;6729;681134;310409;31.7;14.4
75;2021-05-11;16824;8434;697958;318843;32.5;14.8
75;2021-05-12;17945;8167;715903;327010;33.3;15.2
75;2021-05-13;13614;2511;729517;329521;34.0;15.3
75;2021-05-14;18367;5150;747884;334671;34.8;15.6
75;2021-05-15;12297;2648;760181;337319;35.4;15.7
75;2021-05-16;3844;765;764025;338084;35.6;15.7
75;2021-05-17;15988;4658;780013;342742;36.3;16.0
75;2021-05-18;19135;5335;799148;348077;37.2;16.2
75;2021-05-19;20701;10737;819849;358814;38.2;16.7
75;2021-05-20;21559;8682;841408;367496;39.2;17.1
75;2021-05-21;21014;6555;862422;374051;40.1;17.4
75;2021-05-22;15918;3320;878340;377371;40.9;17.6
75;2021-05-23;5626;1338;883966;378709;41.1;17.6
75;2021-05-24;15626;2568;899592;381277;41.9;17.7
75;2021-05-25;18008;9607;917600;390884;42.7;18.2
75;2021-05-26;18854;8226;936454;399110;43.6;18.6
75;2021-05-27;20125;9825;956579;408935;44.5;19.0
75;2021-05-28;19326;10874;975905;419809;45.4;19.5
75;2021-05-29;16114;5853;992019;425662;46.2;19.8
75;2021-05-30;7029;2158;999048;427820;46.5;19.9
75;2021-05-31;18089;9468;1017137;437288;47.3;20.4
75;2021-06-01;18622;12998;1035759;450286;48.2;21.0
75;2021-06-02;18093;10312;1053852;460598;49.1;21.4
75;2021-06-03;20220;11982;1074072;472580;50.0;22.0
75;2021-06-04;18101;12878;1092173;485458;50.8;22.6
75;2021-06-05;11976;9628;1104149;495086;51.4;23.0
75;2021-06-06;6712;3159;1110861;498245;51.7;23.2
75;2021-06-07;13888;11847;1124749;510092;52.4;23.7
75;2021-06-08;14775;13984;1139524;524076;53.0;24.4
75;2021-06-09;16459;15255;1155983;539331;53.8;25.1
75;2021-06-10;18334;26331;1174317;565662;54.7;26.3
75;2021-06-11;15290;16478;1189607;582140;55.4;27.1
75;2021-06-12;13275;10003;1202882;592143;56.0;27.6
75;2021-06-13;6267;3796;1209149;595939;56.3;27.7
75;2021-06-14;11812;15424;1220961;611363;56.8;28.5
75;2021-06-15;12633;19556;1233594;630919;57.4;29.4
75;2021-06-16;12153;17239;1245747;648158;58.0;30.2
75;2021-06-17;12602;17688;1258349;665846;58.6;31.0
75;2021-06-18;11055;22628;1269404;688474;59.1;32.0
75;2021-06-19;7519;11833;1276923;700307;59.4;32.6
75;2021-06-20;2812;5486;1279735;705793;59.6;32.9
75;2021-06-21;8435;16342;1288170;722135;60.0;33.6
75;2021-06-22;8766;21815;1296936;743950;60.4;34.6
75;2021-06-23;10268;21434;1307204;765384;60.8;35.6
75;2021-06-24;11288;20642;1318492;786026;61.4;36.6
75;2021-06-25;9830;24705;1328322;810731;61.8;37.7
75;2021-06-26;7925;15424;1336247;826155;62.2;38.5
75;2021-06-27;2695;6333;1338942;832488;62.3;38.8
75;2021-06-28;8418;20152;1347360;852640;62.7;39.7
75;2021-06-29;9313;23843;1356673;876483;63.2;40.8
75;2021-06-30;10095;23617;1366768;900100;63.6;41.9
75;2021-07-01;11192;23520;1377960;923620;64.1;43.0
75;2021-07-02;10446;24778;1388406;948398;64.6;44.1
75;2021-07-03;7777;19820;1396183;968218;65.0;45.1
75;2021-07-04;3896;9559;1400079;977777;65.2;45.5
75;2021-07-05;8917;21568;1408996;999345;65.6;46.5
75;2021-07-06;10002;24011;1418998;1023356;66.1;47.6
75;2021-07-07;9980;25091;1428978;1048447;66.5;48.8
75;2021-07-08;10514;25010;1439492;1073457;67.0;50.0
75;2021-07-09;10454;24033;1449946;1097490;67.5;51.1
75;2021-07-10;7892;18512;1457838;1116002;67.9;51.9
75;2021-07-11;4340;8535;1462178;1124537;68.1;52.3
75;2021-07-12;9391;23084;1471569;1147621;68.5;53.4
75;2021-07-13;14225;24815;1485794;1172436;69.2;54.6
75;2021-07-14;8206;9716;1494000;1182152;69.5;55.0
75;2021-07-15;15076;25653;1509076;1207805;70.2;56.2
75;2021-07-16;15388;22128;1524464;1229933;71.0;57.3
75;2021-07-17;11469;16886;1535933;1246819;71.5;58.0
75;2021-07-18;6256;6823;1542189;1253642;71.8;58.4
75;2021-07-19;14182;21293;1556371;1274935;72.4;59.3
75;2021-07-20;15942;21866;1572313;1296801;73.2;60.4
75;2021-07-21;15555;20701;1587868;1317502;73.9;61.3
75;2021-07-22;16991;20071;1604859;1337573;74.7;62.3
75;2021-07-23;16814;19059;1621673;1356632;75.5;63.1
75;2021-07-24;10957;14042;1632630;1370674;76.0;63.8
75;2021-07-25;4962;5079;1637592;1375753;76.2;64.0
75;2021-07-26;14992;16841;1652584;1392594;76.9;64.8
75;2021-07-27;17817;16573;1670401;1409167;77.8;65.6
75;2021-07-28;16869;15419;1687270;1424586;78.5;66.3
75;2021-07-29;16541;15024;1703811;1439610;79.3;67.0
75;2021-07-30;15986;14274;1719797;1453884;80.1;67.7
75;2021-07-31;9176;9833;1728973;1463717;80.5;68.1
75;2021-08-01;3452;3286;1732425;1467003;80.6;68.3
75;2021-08-02;10342;11935;1742767;1478938;81.1;68.8
75;2021-08-03;10747;10763;1753514;1489701;81.6;69.3
75;2021-08-04;9264;9458;1762778;1499159;82.1;69.8
75;2021-08-05;8268;9466;1771046;1508625;82.4;70.2
75;2021-08-06;7841;9890;1778887;1518515;82.8;70.7
75;2021-08-07;5544;7122;1784431;1525637;83.1;71.0
75;2021-08-08;1908;3267;1786339;1528904;83.2;71.2
75;2021-08-09;8203;11392;1794542;1540296;83.5;71.7
75;2021-08-10;8752;11506;1803294;1551802;83.9;72.2
75;2021-08-11;7429;10068;1810723;1561870;84.3;72.7
75;2021-08-12;6636;10555;1817359;1572425;84.6;73.2
75;2021-08-13;5888;8834;1823247;1581259;84.9;73.6
75;2021-08-14;3960;7161;1827207;1588420;85.1;73.9
75;2021-08-15;918;1920;1828125;1590340;85.1;74.0
75;2021-08-16;5796;13945;1833921;1604285;85.4;74.7
76;2020-12-27;0;0;0;0;0.0;0.0
76;2020-12-28;0;0;0;0;0.0;0.0
76;2020-12-29;0;0;0;0;0.0;0.0
76;2020-12-30;0;0;0;0;0.0;0.0
76;2020-12-31;0;0;0;0;0.0;0.0
76;2021-01-01;0;0;0;0;0.0;0.0
76;2021-01-02;0;0;0;0;0.0;0.0
76;2021-01-03;0;0;0;0;0.0;0.0
76;2021-01-04;17;0;17;0;0.0;0.0
76;2021-01-05;138;0;155;0;0.0;0.0
76;2021-01-06;682;2;837;2;0.1;0.0
76;2021-01-07;1355;6;2192;8;0.2;0.0
76;2021-01-08;1534;2;3726;10;0.3;0.0
76;2021-01-09;736;2;4462;12;0.4;0.0
76;2021-01-10;492;1;4954;13;0.4;0.0
76;2021-01-11;1358;2;6312;15;0.5;0.0
76;2021-01-12;1358;2;7670;17;0.6;0.0
76;2021-01-13;1187;5;8857;22;0.7;0.0
76;2021-01-14;2175;23;11032;45;0.9;0.0
76;2021-01-15;1910;9;12942;54;1.0;0.0
76;2021-01-16;987;5;13929;59;1.1;0.0
76;2021-01-17;2898;20;16827;79;1.4;0.0
76;2021-01-18;4395;16;21222;95;1.7;0.0
76;2021-01-19;3012;8;24234;103;1.9;0.0
76;2021-01-20;2070;9;26304;112;2.1;0.0
76;2021-01-21;1773;4;28077;116;2.3;0.0
76;2021-01-22;1706;4;29783;120;2.4;0.0
76;2021-01-23;449;1;30232;121;2.4;0.0
76;2021-01-24;99;0;30331;121;2.4;0.0
76;2021-01-25;1474;141;31805;262;2.6;0.0
76;2021-01-26;1389;335;33194;597;2.7;0.0
76;2021-01-27;1340;432;34534;1029;2.8;0.1
76;2021-01-28;1283;383;35817;1412;2.9;0.1
76;2021-01-29;1152;459;36969;1871;3.0;0.2
76;2021-01-30;283;305;37252;2176;3.0;0.2
76;2021-01-31;4;98;37256;2274;3.0;0.2
76;2021-02-01;839;816;38095;3090;3.1;0.2
76;2021-02-02;1056;1021;39151;4111;3.1;0.3
76;2021-02-03;919;1003;40070;5114;3.2;0.4
76;2021-02-04;976;1454;41046;6568;3.3;0.5
76;2021-02-05;974;1105;42020;7673;3.4;0.6
76;2021-02-06;262;881;42282;8554;3.4;0.7
76;2021-02-07;467;1659;42749;10213;3.4;0.8
76;2021-02-08;1923;3735;44672;13948;3.6;1.1
76;2021-02-09;1757;2999;46429;16947;3.7;1.4
76;2021-02-10;1487;1810;47916;18757;3.9;1.5
76;2021-02-11;1676;1531;49592;20288;4.0;1.6
76;2021-02-12;1709;1578;51301;21866;4.1;1.8
76;2021-02-13;230;337;51531;22203;4.1;1.8
76;2021-02-14;9;82;51540;22285;4.1;1.8
76;2021-02-15;554;1720;52094;24005;4.2;1.9
76;2021-02-16;741;1643;52835;25648;4.2;2.1
76;2021-02-17;625;1450;53460;27098;4.3;2.2
76;2021-02-18;780;1395;54240;28493;4.4;2.3
76;2021-02-19;868;1343;55108;29836;4.4;2.4
76;2021-02-20;270;288;55378;30124;4.5;2.4
76;2021-02-21;0;0;55378;30124;4.5;2.4
76;2021-02-22;371;1315;55749;31439;4.5;2.5
76;2021-02-23;575;1241;56324;32680;4.5;2.6
76;2021-02-24;599;1201;56923;33881;4.6;2.7
76;2021-02-25;1666;1264;58589;35145;4.7;2.8
76;2021-02-26;2171;1050;60760;36195;4.9;2.9
76;2021-02-27;1107;275;61867;36470;5.0;2.9
76;2021-02-28;27;197;61894;36667;5.0;2.9
76;2021-03-01;826;2108;62720;38775;5.0;3.1
76;2021-03-02;1380;1720;64100;40495;5.2;3.3
76;2021-03-03;1941;1399;66041;41894;5.3;3.4
76;2021-03-04;2817;1109;68858;43003;5.5;3.5
76;2021-03-05;4177;810;73035;43813;5.9;3.5
76;2021-03-06;3362;159;76397;43972;6.1;3.5
76;2021-03-07;1257;32;77654;44004;6.2;3.5
76;2021-03-08;2100;1252;79754;45256;6.4;3.6
76;2021-03-09;3574;1168;83328;46424;6.7;3.7
76;2021-03-10;3592;1063;86920;47487;7.0;3.8
76;2021-03-11;5633;944;92553;48431;7.4;3.9
76;2021-03-12;6826;598;99379;49029;8.0;3.9
76;2021-03-13;4645;145;104024;49174;8.4;4.0
76;2021-03-14;1068;28;105092;49202;8.4;4.0
76;2021-03-15;2917;234;108009;49436;8.7;4.0
76;2021-03-16;2554;401;110563;49837;8.9;4.0
76;2021-03-17;2695;316;113258;50153;9.1;4.0
76;2021-03-18;3001;308;116259;50461;9.3;4.1
76;2021-03-19;4395;426;120654;50887;9.7;4.1
76;2021-03-20;3974;286;124628;51173;10.0;4.1
76;2021-03-21;837;13;125465;51186;10.1;4.1
76;2021-03-22;3993;342;129458;51528;10.4;4.1
76;2021-03-23;5710;354;135168;51882;10.9;4.2
76;2021-03-24;5699;393;140867;52275;11.3;4.2
76;2021-03-25;7508;568;148375;52843;11.9;4.2
76;2021-03-26;8719;584;157094;53427;12.6;4.3
76;2021-03-27;4810;386;161904;53813;13.0;4.3
76;2021-03-28;1021;30;162925;53843;13.1;4.3
76;2021-03-29;5389;823;168314;54666;13.5;4.4
76;2021-03-30;6585;1055;174899;55721;14.1;4.5
76;2021-03-31;6450;1255;181349;56976;14.6;4.6
76;2021-04-01;6784;2036;188133;59012;15.1;4.7
76;2021-04-02;6487;2677;194620;61689;15.6;5.0
76;2021-04-03;2443;1078;197063;62767;15.8;5.0
76;2021-04-04;264;11;197327;62778;15.9;5.0
76;2021-04-05;868;379;198195;63157;15.9;5.1
76;2021-04-06;3557;2791;201752;65948;16.2;5.3
76;2021-04-07;4416;2400;206168;68348;16.6;5.5
76;2021-04-08;5842;2777;212010;71125;17.0;5.7
76;2021-04-09;8805;3067;220815;74192;17.8;6.0
76;2021-04-10;4876;1416;225691;75608;18.1;6.1
76;2021-04-11;813;529;226504;76137;18.2;6.1
76;2021-04-12;4725;2849;231229;78986;18.6;6.4
76;2021-04-13;5925;2870;237154;81856;19.1;6.6
76;2021-04-14;4805;3141;241959;84997;19.5;6.8
76;2021-04-15;5564;3358;247523;88355;19.9;7.1
76;2021-04-16;7353;3441;254876;91796;20.5;7.4
76;2021-04-17;4388;1429;259264;93225;20.8;7.5
76;2021-04-18;339;140;259603;93365;20.9;7.5
76;2021-04-19;3478;3771;263081;97136;21.2;7.8
76;2021-04-20;4342;4276;267423;101412;21.5;8.2
76;2021-04-21;4189;4690;271612;106102;21.8;8.5
76;2021-04-22;4561;5439;276173;111541;22.2;9.0
76;2021-04-23;5437;5953;281610;117494;22.6;9.4
76;2021-04-24;4163;2189;285773;119683;23.0;9.6
76;2021-04-25;893;267;286666;119950;23.0;9.6
76;2021-04-26;4482;4477;291148;124427;23.4;10.0
76;2021-04-27;4999;5002;296147;129429;23.8;10.4
76;2021-04-28;5347;4167;301494;133596;24.2;10.7
76;2021-04-29;6927;4169;308421;137765;24.8;11.1
76;2021-04-30;8217;4649;316638;142414;25.5;11.5
76;2021-05-01;4827;1007;321465;143421;25.8;11.5
76;2021-05-02;1843;261;323308;143682;26.0;11.6
76;2021-05-03;4703;3315;328011;146997;26.4;11.8
76;2021-05-04;4823;4561;332834;151558;26.8;12.2
76;2021-05-05;4785;5179;337619;156737;27.1;12.6
76;2021-05-06;5922;5588;343541;162325;27.6;13.1
76;2021-05-07;6139;6758;349680;169083;28.1;13.6
76;2021-05-08;5055;904;354735;169987;28.5;13.7
76;2021-05-09;2539;235;357274;170222;28.7;13.7
76;2021-05-10;4948;5058;362222;175280;29.1;14.1
76;2021-05-11;6518;5678;368740;180958;29.6;14.5
76;2021-05-12;6264;5075;375004;186033;30.2;15.0
76;2021-05-13;8846;1280;383850;187313;30.9;15.1
76;2021-05-14;10415;4666;394265;191979;31.7;15.4
76;2021-05-15;9120;2454;403385;194433;32.4;15.6
76;2021-05-16;6233;479;409618;194912;32.9;15.7
76;2021-05-17;7225;3275;416843;198187;33.5;15.9
76;2021-05-18;8305;2810;425148;200997;34.2;16.2
76;2021-05-19;8404;3190;433552;204187;34.9;16.4
76;2021-05-20;9649;3416;443201;207603;35.6;16.7
76;2021-05-21;8370;4095;451571;211698;36.3;17.0
76;2021-05-22;7164;2360;458735;214058;36.9;17.2
76;2021-05-23;6390;412;465125;214470;37.4;17.2
76;2021-05-24;6865;1529;471990;215999;37.9;17.4
76;2021-05-25;8024;4086;480014;220085;38.6;17.7
76;2021-05-26;7574;3611;487588;223696;39.2;18.0
76;2021-05-27;8347;4706;495935;228402;39.9;18.4
76;2021-05-28;8234;6577;504169;234979;40.5;18.9
76;2021-05-29;6220;3518;510389;238497;41.0;19.2
76;2021-05-30;3147;431;513536;238928;41.3;19.2
76;2021-05-31;8167;3970;521703;242898;41.9;19.5
76;2021-06-01;9211;5029;530914;247927;42.7;19.9
76;2021-06-02;7930;4446;538844;252373;43.3;20.3
76;2021-06-03;9538;5406;548382;257779;44.1;20.7
76;2021-06-04;9244;6677;557626;264456;44.8;21.3
76;2021-06-05;6290;3812;563916;268268;45.3;21.6
76;2021-06-06;2554;650;566470;268918;45.5;21.6
76;2021-06-07;6983;5454;573453;274372;46.1;22.1
76;2021-06-08;8652;6285;582105;280657;46.8;22.6
76;2021-06-09;7213;6085;589318;286742;47.4;23.1
76;2021-06-10;7993;6563;597311;293305;48.0;23.6
76;2021-06-11;7581;8235;604892;301540;48.6;24.2
76;2021-06-12;7166;5873;612058;307413;49.2;24.7
76;2021-06-13;2961;1294;615019;308707;49.4;24.8
76;2021-06-14;6490;6718;621509;315425;50.0;25.4
76;2021-06-15;6298;7465;627807;322890;50.5;26.0
76;2021-06-16;6654;7484;634461;330374;51.0;26.6
76;2021-06-17;7006;7758;641467;338132;51.6;27.2
76;2021-06-18;7688;9237;649155;347369;52.2;27.9
76;2021-06-19;5986;6262;655141;353631;52.7;28.4
76;2021-06-20;2812;1815;657953;355446;52.9;28.6
76;2021-06-21;5590;8175;663543;363621;53.3;29.2
76;2021-06-22;4922;9877;668465;373498;53.7;30.0
76;2021-06-23;4730;9435;673195;382933;54.1;30.8
76;2021-06-24;4795;9916;677990;392849;54.5;31.6
76;2021-06-25;5224;11573;683214;404422;54.9;32.5
76;2021-06-26;3453;7877;686667;412299;55.2;33.1
76;2021-06-27;1366;5165;688033;417464;55.3;33.6
76;2021-06-28;3614;9943;691647;427407;55.6;34.4
76;2021-06-29;3872;10233;695519;437640;55.9;35.2
76;2021-06-30;4263;9840;699782;447480;56.3;36.0
76;2021-07-01;4589;9900;704371;457380;56.6;36.8
76;2021-07-02;4369;12011;708740;469391;57.0;37.7
76;2021-07-03;3586;8450;712326;477841;57.3;38.4
76;2021-07-04;1486;5306;713812;483147;57.4;38.8
76;2021-07-05;3953;9332;717765;492479;57.7;39.6
76;2021-07-06;4054;10078;721819;502557;58.0;40.4
76;2021-07-07;4013;9329;725832;511886;58.4;41.2
76;2021-07-08;4465;9459;730297;521345;58.7;41.9
76;2021-07-09;4365;12409;734662;533754;59.1;42.9
76;2021-07-10;3138;8551;737800;542305;59.3;43.6
76;2021-07-11;1777;2820;739577;545125;59.5;43.8
76;2021-07-12;3155;11149;742732;556274;59.7;44.7
76;2021-07-13;4934;12262;747666;568536;60.1;45.7
76;2021-07-14;4801;5541;752467;574077;60.5;46.2
76;2021-07-15;5911;11792;758378;585869;61.0;47.1
76;2021-07-16;6714;12019;765092;597888;61.5;48.1
76;2021-07-17;5278;8702;770370;606590;61.9;48.8
76;2021-07-18;2257;3356;772627;609946;62.1;49.0
76;2021-07-19;5156;11149;777783;621095;62.5;49.9
76;2021-07-20;6265;11629;784048;632724;63.0;50.9
76;2021-07-21;6336;10561;790384;643285;63.5;51.7
76;2021-07-22;8233;9651;798617;652936;64.2;52.5
76;2021-07-23;7622;11992;806239;664928;64.8;53.5
76;2021-07-24;4988;7712;811227;672640;65.2;54.1
76;2021-07-25;2866;3142;814093;675782;65.5;54.3
76;2021-07-26;5426;10149;819519;685931;65.9;55.1
76;2021-07-27;8305;9556;827824;695487;66.6;55.9
76;2021-07-28;8224;7805;836048;703292;67.2;56.5
76;2021-07-29;9543;6967;845591;710259;68.0;57.1
76;2021-07-30;7960;7832;853551;718091;68.6;57.7
76;2021-07-31;6573;5320;860124;723411;69.2;58.2
76;2021-08-01;3859;2074;863983;725485;69.5;58.3
76;2021-08-02;6527;7087;870510;732572;70.0;58.9
76;2021-08-03;7941;6342;878451;738914;70.6;59.4
76;2021-08-04;7213;5846;885664;744760;71.2;59.9
76;2021-08-05;8016;5693;893680;750453;71.9;60.3
76;2021-08-06;6742;6862;900422;757315;72.4;60.9
76;2021-08-07;4769;4366;905191;761681;72.8;61.2
76;2021-08-08;2399;2152;907590;763833;73.0;61.4
76;2021-08-09;5587;6722;913177;770555;73.4;62.0
76;2021-08-10;6324;6528;919501;777083;73.9;62.5
76;2021-08-11;6433;5464;925934;782547;74.4;62.9
76;2021-08-12;5995;6042;931929;788589;74.9;63.4
76;2021-08-13;4947;6170;936876;794759;75.3;63.9
76;2021-08-14;3785;4568;940661;799327;75.6;64.3
76;2021-08-15;1572;2344;942233;801671;75.8;64.5
76;2021-08-16;3590;6694;945823;808365;76.0;65.0
77;2020-12-27;1;0;1;0;0.0;0.0
77;2020-12-28;1;0;2;0;0.0;0.0
77;2020-12-29;0;0;2;0;0.0;0.0
77;2020-12-30;0;0;2;0;0.0;0.0
77;2020-12-31;0;0;2;0;0.0;0.0
77;2021-01-01;3;0;5;0;0.0;0.0
77;2021-01-02;0;0;5;0;0.0;0.0
77;2021-01-03;0;0;5;0;0.0;0.0
77;2021-01-04;6;0;11;0;0.0;0.0
77;2021-01-05;199;0;210;0;0.0;0.0
77;2021-01-06;223;2;433;2;0.0;0.0
77;2021-01-07;521;3;954;5;0.1;0.0
77;2021-01-08;612;0;1566;5;0.1;0.0
77;2021-01-09;273;1;1839;6;0.1;0.0
77;2021-01-10;235;2;2074;8;0.1;0.0
77;2021-01-11;783;2;2857;10;0.2;0.0
77;2021-01-12;884;1;3741;11;0.3;0.0
77;2021-01-13;936;1;4677;12;0.3;0.0
77;2021-01-14;847;7;5524;19;0.4;0.0
77;2021-01-15;859;10;6383;29;0.4;0.0
77;2021-01-16;168;1;6551;30;0.5;0.0
77;2021-01-17;131;2;6682;32;0.5;0.0
77;2021-01-18;1194;5;7876;37;0.6;0.0
77;2021-01-19;1719;20;9595;57;0.7;0.0
77;2021-01-20;2540;5;12135;62;0.9;0.0
77;2021-01-21;2052;23;14187;85;1.0;0.0
77;2021-01-22;1147;8;15334;93;1.1;0.0
77;2021-01-23;350;0;15684;93;1.1;0.0
77;2021-01-24;43;0;15727;93;1.1;0.0
77;2021-01-25;939;26;16666;119;1.2;0.0
77;2021-01-26;1702;25;18368;144;1.3;0.0
77;2021-01-27;1362;29;19730;173;1.4;0.0
77;2021-01-28;1697;99;21427;272;1.5;0.0
77;2021-01-29;1285;147;22712;419;1.6;0.0
77;2021-01-30;211;2;22923;421;1.6;0.0
77;2021-01-31;0;0;22923;421;1.6;0.0
77;2021-02-01;568;212;23491;633;1.7;0.0
77;2021-02-02;867;267;24358;900;1.7;0.1
77;2021-02-03;794;526;25152;1426;1.8;0.1
77;2021-02-04;789;804;25941;2230;1.8;0.2
77;2021-02-05;857;852;26798;3082;1.9;0.2
77;2021-02-06;165;103;26963;3185;1.9;0.2
77;2021-02-07;16;92;26979;3277;1.9;0.2
77;2021-02-08;494;939;27473;4216;1.9;0.3
77;2021-02-09;590;1466;28063;5682;2.0;0.4
77;2021-02-10;1028;1833;29091;7515;2.0;0.5
77;2021-02-11;1059;1655;30150;9170;2.1;0.6
77;2021-02-12;1097;1172;31247;10342;2.2;0.7
77;2021-02-13;187;175;31434;10517;2.2;0.7
77;2021-02-14;12;57;31446;10574;2.2;0.7
77;2021-02-15;555;1030;32001;11604;2.2;0.8
77;2021-02-16;599;1539;32600;13143;2.3;0.9
77;2021-02-17;515;1188;33115;14331;2.3;1.0
77;2021-02-18;840;1618;33955;15949;2.4;1.1
77;2021-02-19;777;1154;34732;17103;2.4;1.2
77;2021-02-20;53;178;34785;17281;2.4;1.2
77;2021-02-21;7;31;34792;17312;2.4;1.2
77;2021-02-22;303;773;35095;18085;2.5;1.3
77;2021-02-23;358;1132;35453;19217;2.5;1.3
77;2021-02-24;512;899;35965;20116;2.5;1.4
77;2021-02-25;793;970;36758;21086;2.6;1.5
77;2021-02-26;841;840;37599;21926;2.6;1.5
77;2021-02-27;460;169;38059;22095;2.7;1.6
77;2021-02-28;32;5;38091;22100;2.7;1.6
77;2021-03-01;675;712;38766;22812;2.7;1.6
77;2021-03-02;1092;1028;39858;23840;2.8;1.7
77;2021-03-03;1954;1175;41812;25015;2.9;1.8
77;2021-03-04;2800;1134;44612;26149;3.1;1.8
77;2021-03-05;3378;1048;47990;27197;3.4;1.9
77;2021-03-06;4822;260;52812;27457;3.7;1.9
77;2021-03-07;3189;112;56001;27569;3.9;1.9
77;2021-03-08;1229;505;57230;28074;4.0;2.0
77;2021-03-09;2503;631;59733;28705;4.2;2.0
77;2021-03-10;2397;574;62130;29279;4.4;2.1
77;2021-03-11;3500;781;65630;30060;4.6;2.1
77;2021-03-12;3888;684;69518;30744;4.9;2.2
77;2021-03-13;4482;203;74000;30947;5.2;2.2
77;2021-03-14;2152;119;76152;31066;5.3;2.2
77;2021-03-15;2509;274;78661;31340;5.5;2.2
77;2021-03-16;2444;373;81105;31713;5.7;2.2
77;2021-03-17;2551;425;83656;32138;5.9;2.3
77;2021-03-18;3009;398;86665;32536;6.1;2.3
77;2021-03-19;3358;433;90023;32969;6.3;2.3
77;2021-03-20;1966;75;91989;33044;6.5;2.3
77;2021-03-21;242;13;92231;33057;6.5;2.3
77;2021-03-22;3019;406;95250;33463;6.7;2.4
77;2021-03-23;4518;522;99768;33985;7.0;2.4
77;2021-03-24;4149;616;103917;34601;7.3;2.4
77;2021-03-25;5905;408;109822;35009;7.7;2.5
77;2021-03-26;6265;442;116087;35451;8.2;2.5
77;2021-03-27;3320;120;119407;35571;8.4;2.5
77;2021-03-28;1730;44;121137;35615;8.5;2.5
77;2021-03-29;2652;684;123789;36299;8.7;2.5
77;2021-03-30;3995;1191;127784;37490;9.0;2.6
77;2021-03-31;3753;1222;131537;38712;9.2;2.7
77;2021-04-01;4141;1806;135678;40518;9.5;2.8
77;2021-04-02;3989;2011;139667;42529;9.8;3.0
77;2021-04-03;1745;2279;141412;44808;9.9;3.1
77;2021-04-04;425;1426;141837;46234;10.0;3.2
77;2021-04-05;158;162;141995;46396;10.0;3.3
77;2021-04-06;2715;1922;144710;48318;10.2;3.4
77;2021-04-07;3317;2081;148027;50399;10.4;3.5
77;2021-04-08;4533;2362;152560;52761;10.7;3.7
77;2021-04-09;4848;2084;157408;54845;11.1;3.9
77;2021-04-10;3074;2747;160482;57592;11.3;4.0
77;2021-04-11;586;716;161068;58308;11.3;4.1
77;2021-04-12;2231;1825;163299;60133;11.5;4.2
77;2021-04-13;3360;2633;166659;62766;11.7;4.4
77;2021-04-14;2522;2647;169181;65413;11.9;4.6
77;2021-04-15;3319;3113;172500;68526;12.1;4.8
77;2021-04-16;3575;2718;176075;71244;12.4;5.0
77;2021-04-17;1386;474;177461;71718;12.5;5.0
77;2021-04-18;150;11;177611;71729;12.5;5.0
77;2021-04-19;2083;2511;179694;74240;12.6;5.2
77;2021-04-20;2568;3382;182262;77622;12.8;5.5
77;2021-04-21;2193;3478;184455;81100;13.0;5.7
77;2021-04-22;3002;3856;187457;84956;13.2;6.0
77;2021-04-23;3528;3635;190985;88591;13.4;6.2
77;2021-04-24;4901;2513;195886;91104;13.8;6.4
77;2021-04-25;4080;1238;199966;92342;14.0;6.5
77;2021-04-26;3227;2041;203193;94383;14.3;6.6
77;2021-04-27;3993;2515;207186;96898;14.6;6.8
77;2021-04-28;4068;2614;211254;99512;14.8;7.0
77;2021-04-29;4477;3078;215731;102590;15.2;7.2
77;2021-04-30;4906;3335;220637;105925;15.5;7.4
77;2021-05-01;2463;593;223100;106518;15.7;7.5
77;2021-05-02;3142;277;226242;106795;15.9;7.5
77;2021-05-03;5988;2066;232230;108861;16.3;7.6
77;2021-05-04;6436;2990;238666;111851;16.8;7.9
77;2021-05-05;6016;3023;244682;114874;17.2;8.1
77;2021-05-06;6889;3593;251571;118467;17.7;8.3
77;2021-05-07;8204;3261;259775;121728;18.2;8.6
77;2021-05-08;5708;808;265483;122536;18.6;8.6
77;2021-05-09;4906;479;270389;123015;19.0;8.6
77;2021-05-10;8089;2327;278478;125342;19.6;8.8
77;2021-05-11;9582;2918;288060;128260;20.2;9.0
77;2021-05-12;8977;2283;297037;130543;20.9;9.2
77;2021-05-13;9304;879;306341;131422;21.5;9.2
77;2021-05-14;10426;1663;316767;133085;22.3;9.3
77;2021-05-15;8990;1250;325757;134335;22.9;9.4
77;2021-05-16;5151;463;330908;134798;23.2;9.5
77;2021-05-17;10372;1471;341280;136269;24.0;9.6
77;2021-05-18;11781;1800;353061;138069;24.8;9.7
77;2021-05-19;10912;1603;363973;139672;25.6;9.8
77;2021-05-20;12210;2153;376183;141825;26.4;10.0
77;2021-05-21;11653;2696;387836;144521;27.2;10.2
77;2021-05-22;9820;1734;397656;146255;27.9;10.3
77;2021-05-23;6986;806;404642;147061;28.4;10.3
77;2021-05-24;6763;773;411405;147834;28.9;10.4
77;2021-05-25;8311;2811;419716;150645;29.5;10.6
77;2021-05-26;7565;2978;427281;153623;30.0;10.8
77;2021-05-27;7550;3963;434831;157586;30.5;11.1
77;2021-05-28;7639;4012;442470;161598;31.1;11.4
77;2021-05-29;7354;2341;449824;163939;31.6;11.5
77;2021-05-30;4357;892;454181;164831;31.9;11.6
77;2021-05-31;8386;3833;462567;168664;32.5;11.8
77;2021-06-01;9642;4382;472209;173046;33.2;12.2
77;2021-06-02;9001;3919;481210;176965;33.8;12.4
77;2021-06-03;9003;5269;490213;182234;34.4;12.8
77;2021-06-04;9117;5490;499330;187724;35.1;13.2
77;2021-06-05;6659;4993;505989;192717;35.5;13.5
77;2021-06-06;4911;3208;510900;195925;35.9;13.8
77;2021-06-07;6418;4544;517318;200469;36.3;14.1
77;2021-06-08;5727;5213;523045;205682;36.7;14.4
77;2021-06-09;5057;4959;528102;210641;37.1;14.8
77;2021-06-10;5016;5461;533118;216102;37.4;15.2
77;2021-06-11;5754;6035;538872;222137;37.9;15.6
77;2021-06-12;6545;4750;545417;226887;38.3;15.9
77;2021-06-13;3507;3051;548924;229938;38.6;16.2
77;2021-06-14;3217;7929;552141;237867;38.8;16.7
77;2021-06-15;4127;8479;556268;246346;39.1;17.3
77;2021-06-16;4804;8377;561072;254723;39.4;17.9
77;2021-06-17;4471;9025;565543;263748;39.7;18.5
77;2021-06-18;4363;9786;569906;273534;40.0;19.2
77;2021-06-19;5303;6930;575209;280464;40.4;19.7
77;2021-06-20;2094;3799;577303;284263;40.6;20.0
77;2021-06-21;3228;9578;580531;293841;40.8;20.6
77;2021-06-22;3667;11374;584198;305215;41.0;21.4
77;2021-06-23;3439;10053;587637;315268;41.3;22.1
77;2021-06-24;3358;10908;590995;326176;41.5;22.9
77;2021-06-25;3625;10804;594620;336980;41.8;23.7
77;2021-06-26;4087;10068;598707;347048;42.1;24.4
77;2021-06-27;2123;6425;600830;353473;42.2;24.8
77;2021-06-28;2801;10829;603631;364302;42.4;25.6
77;2021-06-29;3412;12525;607043;376827;42.6;26.5
77;2021-06-30;3285;11448;610328;388275;42.9;27.3
77;2021-07-01;3277;11660;613605;399935;43.1;28.1
77;2021-07-02;3448;12246;617053;412181;43.3;29.0
77;2021-07-03;3184;10792;620237;422973;43.6;29.7
77;2021-07-04;1994;6492;622231;429465;43.7;30.2
77;2021-07-05;3589;9545;625820;439010;44.0;30.8
77;2021-07-06;3733;9522;629553;448532;44.2;31.5
77;2021-07-07;4054;8951;633607;457483;44.5;32.1
77;2021-07-08;3910;8755;637517;466238;44.8;32.8
77;2021-07-09;4692;10341;642209;476579;45.1;33.5
77;2021-07-10;4040;9839;646249;486418;45.4;34.2
77;2021-07-11;3083;5081;649332;491499;45.6;34.5
77;2021-07-12;3283;10861;652615;502360;45.8;35.3
77;2021-07-13;6108;12023;658723;514383;46.3;36.1
77;2021-07-14;3546;6438;662269;520821;46.5;36.6
77;2021-07-15;7148;11957;669417;532778;47.0;37.4
77;2021-07-16;7796;9882;677213;542660;47.6;38.1
77;2021-07-17;5776;9457;682989;552117;48.0;38.8
77;2021-07-18;4140;5328;687129;557445;48.3;39.2
77;2021-07-19;7487;8944;694616;566389;48.8;39.8
77;2021-07-20;9558;8020;704174;574409;49.5;40.3
77;2021-07-21;9488;7463;713662;581872;50.1;40.9
77;2021-07-22;10480;7511;724142;589383;50.9;41.4
77;2021-07-23;9807;8180;733949;597563;51.6;42.0
77;2021-07-24;7173;7855;741122;605418;52.1;42.5
77;2021-07-25;5857;4021;746979;609439;52.5;42.8
77;2021-07-26;9157;5953;756136;615392;53.1;43.2
77;2021-07-27;10802;6007;766938;621399;53.9;43.6
77;2021-07-28;9316;6393;776254;627792;54.5;44.1
77;2021-07-29;9460;5484;785714;633276;55.2;44.5
77;2021-07-30;9642;6341;795356;639617;55.9;44.9
77;2021-07-31;7200;6621;802556;646238;56.4;45.4
77;2021-08-01;2938;1203;805494;647441;56.6;45.5
77;2021-08-02;6997;5719;812491;653160;57.1;45.9
77;2021-08-03;5720;4480;818211;657640;57.5;46.2
77;2021-08-04;4664;4372;822875;662012;57.8;46.5
77;2021-08-05;3196;2946;826071;664958;58.0;46.7
77;2021-08-06;5803;5226;831874;670184;58.4;47.1
77;2021-08-07;5240;6788;837114;676972;58.8;47.6
77;2021-08-08;1956;1855;839070;678827;58.9;47.7
77;2021-08-09;5018;6560;844088;685387;59.3;48.1
77;2021-08-10;2650;3542;846738;688929;59.5;48.4
77;2021-08-11;3086;6173;849824;695102;59.7;48.8
77;2021-08-12;2229;3537;852053;698639;59.9;49.1
77;2021-08-13;2625;4848;854678;703487;60.0;49.4
77;2021-08-14;2773;7286;857451;710773;60.2;49.9
77;2021-08-15;784;761;858235;711534;60.3;50.0
77;2021-08-16;2353;6962;860588;718496;60.5;50.5
78;2020-12-27;2;0;2;0;0.0;0.0
78;2020-12-28;0;0;2;0;0.0;0.0
78;2020-12-29;0;0;2;0;0.0;0.0
78;2020-12-30;0;0;2;0;0.0;0.0
78;2020-12-31;15;0;17;0;0.0;0.0
78;2021-01-01;1;0;18;0;0.0;0.0
78;2021-01-02;1;0;19;0;0.0;0.0
78;2021-01-03;2;0;21;0;0.0;0.0
78;2021-01-04;145;3;166;3;0.0;0.0
78;2021-01-05;175;1;341;4;0.0;0.0
78;2021-01-06;208;3;549;7;0.0;0.0
78;2021-01-07;469;2;1018;9;0.1;0.0
78;2021-01-08;651;3;1669;12;0.1;0.0
78;2021-01-09;22;0;1691;12;0.1;0.0
78;2021-01-10;1;0;1692;12;0.1;0.0
78;2021-01-11;792;3;2484;15;0.2;0.0
78;2021-01-12;946;5;3430;20;0.2;0.0
78;2021-01-13;737;9;4167;29;0.3;0.0
78;2021-01-14;811;9;4978;38;0.3;0.0
78;2021-01-15;847;9;5825;47;0.4;0.0
78;2021-01-16;32;1;5857;48;0.4;0.0
78;2021-01-17;0;0;5857;48;0.4;0.0
78;2021-01-18;1381;21;7238;69;0.5;0.0
78;2021-01-19;1841;27;9079;96;0.6;0.0
78;2021-01-20;1657;15;10736;111;0.7;0.0
78;2021-01-21;3251;14;13987;125;1.0;0.0
78;2021-01-22;2216;16;16203;141;1.1;0.0
78;2021-01-23;279;0;16482;141;1.1;0.0
78;2021-01-24;5;0;16487;141;1.1;0.0
78;2021-01-25;958;32;17445;173;1.2;0.0
78;2021-01-26;1559;18;19004;191;1.3;0.0
78;2021-01-27;2060;49;21064;240;1.5;0.0
78;2021-01-28;2434;107;23498;347;1.6;0.0
78;2021-01-29;1489;64;24987;411;1.7;0.0
78;2021-01-30;210;3;25197;414;1.7;0.0
78;2021-01-31;3;0;25200;414;1.7;0.0
78;2021-02-01;786;225;25986;639;1.8;0.0
78;2021-02-02;968;346;26954;985;1.9;0.1
78;2021-02-03;975;240;27929;1225;1.9;0.1
78;2021-02-04;1117;448;29046;1673;2.0;0.1
78;2021-02-05;1190;508;30236;2181;2.1;0.2
78;2021-02-06;197;44;30433;2225;2.1;0.2
78;2021-02-07;139;14;30572;2239;2.1;0.2
78;2021-02-08;760;610;31332;2849;2.2;0.2
78;2021-02-09;1122;943;32454;3792;2.2;0.3
78;2021-02-10;1248;1182;33702;4974;2.3;0.3
78;2021-02-11;1819;1902;35521;6876;2.5;0.5
78;2021-02-12;1819;1414;37340;8290;2.6;0.6
78;2021-02-13;173;80;37513;8370;2.6;0.6
78;2021-02-14;26;25;37539;8395;2.6;0.6
78;2021-02-15;446;1439;37985;9834;2.6;0.7
78;2021-02-16;627;1557;38612;11391;2.7;0.8
78;2021-02-17;585;2221;39197;13612;2.7;0.9
78;2021-02-18;998;2279;40195;15891;2.8;1.1
78;2021-02-19;819;1733;41014;17624;2.8;1.2
78;2021-02-20;147;124;41161;17748;2.8;1.2
78;2021-02-21;0;12;41161;17760;2.8;1.2
78;2021-02-22;499;1060;41660;18820;2.9;1.3
78;2021-02-23;540;1121;42200;19941;2.9;1.4
78;2021-02-24;619;1238;42819;21179;3.0;1.5
78;2021-02-25;866;1156;43685;22335;3.0;1.5
78;2021-02-26;1132;1244;44817;23579;3.1;1.6
78;2021-02-27;739;150;45556;23729;3.1;1.6
78;2021-02-28;67;18;45623;23747;3.1;1.6
78;2021-03-01;965;909;46588;24656;3.2;1.7
78;2021-03-02;1725;1055;48313;25711;3.3;1.8
78;2021-03-03;1965;1233;50278;26944;3.5;1.9
78;2021-03-04;2945;1585;53223;28529;3.7;2.0
78;2021-03-05;3253;1654;56476;30183;3.9;2.1
78;2021-03-06;6242;286;62718;30469;4.3;2.1
78;2021-03-07;3443;90;66161;30559;4.6;2.1
78;2021-03-08;1456;761;67617;31320;4.7;2.2
78;2021-03-09;2939;907;70556;32227;4.9;2.2
78;2021-03-10;3076;1117;73632;33344;5.1;2.3
78;2021-03-11;4176;1308;77808;34652;5.4;2.4
78;2021-03-12;5369;1339;83177;35991;5.7;2.5
78;2021-03-13;4654;193;87831;36184;6.1;2.5
78;2021-03-14;1035;40;88866;36224;6.1;2.5
78;2021-03-15;3621;263;92487;36487;6.4;2.5
78;2021-03-16;2564;561;95051;37048;6.6;2.6
78;2021-03-17;2966;434;98017;37482;6.8;2.6
78;2021-03-18;3780;432;101797;37914;7.0;2.6
78;2021-03-19;5316;484;107113;38398;7.4;2.7
78;2021-03-20;2258;124;109371;38522;7.5;2.7
78;2021-03-21;165;7;109536;38529;7.6;2.7
78;2021-03-22;3531;379;113067;38908;7.8;2.7
78;2021-03-23;5230;541;118297;39449;8.2;2.7
78;2021-03-24;4893;542;123190;39991;8.5;2.8
78;2021-03-25;6938;555;130128;40546;9.0;2.8
78;2021-03-26;6936;710;137064;41256;9.5;2.8
78;2021-03-27;3744;189;140808;41445;9.7;2.9
78;2021-03-28;1919;47;142727;41492;9.9;2.9
78;2021-03-29;3865;762;146592;42254;10.1;2.9
78;2021-03-30;5523;1056;152115;43310;10.5;3.0
78;2021-03-31;5329;1282;157444;44592;10.9;3.1
78;2021-04-01;5592;2339;163036;46931;11.3;3.2
78;2021-04-02;5193;2623;168229;49554;11.6;3.4
78;2021-04-03;2198;2560;170427;52114;11.8;3.6
78;2021-04-04;173;14;170600;52128;11.8;3.6
78;2021-04-05;199;19;170799;52147;11.8;3.6
78;2021-04-06;3616;2302;174415;54449;12.0;3.8
78;2021-04-07;4357;2585;178772;57034;12.3;3.9
78;2021-04-08;5523;2670;184295;59704;12.7;4.1
78;2021-04-09;6906;2447;191201;62151;13.2;4.3
78;2021-04-10;3994;1894;195195;64045;13.5;4.4
78;2021-04-11;374;606;195569;64651;13.5;4.5
78;2021-04-12;3531;2365;199100;67016;13.7;4.6
78;2021-04-13;5458;2493;204558;69509;14.1;4.8
78;2021-04-14;4955;3388;209513;72897;14.5;5.0
78;2021-04-15;4615;3844;214128;76741;14.8;5.3
78;2021-04-16;5628;4017;219756;80758;15.2;5.6
78;2021-04-17;3615;713;223371;81471;15.4;5.6
78;2021-04-18;272;42;223643;81513;15.4;5.6
78;2021-04-19;3241;2815;226884;84328;15.7;5.8
78;2021-04-20;4709;3687;231593;88015;16.0;6.1
78;2021-04-21;4532;3503;236125;91518;16.3;6.3
78;2021-04-22;4569;4688;240694;96206;16.6;6.6
78;2021-04-23;5057;4428;245751;100634;17.0;6.9
78;2021-04-24;4865;2621;250616;103255;17.3;7.1
78;2021-04-25;3047;1730;253663;104985;17.5;7.2
78;2021-04-26;4768;3317;258431;108302;17.8;7.5
78;2021-04-27;5469;4306;263900;112608;18.2;7.8
78;2021-04-28;5650;4786;269550;117394;18.6;8.1
78;2021-04-29;6258;4062;275808;121456;19.0;8.4
78;2021-04-30;7210;4464;283018;125920;19.5;8.7
78;2021-05-01;612;256;283630;126176;19.6;8.7
78;2021-05-02;2007;165;285637;126341;19.7;8.7
78;2021-05-03;7458;1276;293095;127617;20.2;8.8
78;2021-05-04;6078;3982;299173;131599;20.7;9.1
78;2021-05-05;7296;4547;306469;136146;21.2;9.4
78;2021-05-06;6477;5178;312946;141324;21.6;9.8
78;2021-05-07;8312;5141;321258;146465;22.2;10.1
78;2021-05-08;2916;1450;324174;147915;22.4;10.2
78;2021-05-09;2818;349;326992;148264;22.6;10.2
78;2021-05-10;7342;4452;334334;152716;23.1;10.5
78;2021-05-11;8143;5416;342477;158132;23.6;10.9
78;2021-05-12;8729;3914;351206;162046;24.2;11.2
78;2021-05-13;6631;601;357837;162647;24.7;11.2
78;2021-05-14;10215;2217;368052;164864;25.4;11.4
78;2021-05-15;4934;2365;372986;167229;25.7;11.5
78;2021-05-16;3697;793;376683;168022;26.0;11.6
78;2021-05-17;8741;1347;385424;169369;26.6;11.7
78;2021-05-18;9883;1883;395307;171252;27.3;11.8
78;2021-05-19;11649;1710;406956;172962;28.1;11.9
78;2021-05-20;11592;2265;418548;175227;28.9;12.1
78;2021-05-21;12126;2630;430674;177857;29.7;12.3
78;2021-05-22;6546;1372;437220;179229;30.2;12.4
78;2021-05-23;3126;388;440346;179617;30.4;12.4
78;2021-05-24;3523;416;443869;180033;30.6;12.4
78;2021-05-25;9987;2502;453856;182535;31.3;12.6
78;2021-05-26;10165;3779;464021;186314;32.0;12.9
78;2021-05-27;10958;4642;474979;190956;32.8;13.2
78;2021-05-28;11414;6033;486393;196989;33.6;13.6
78;2021-05-29;4226;3385;490619;200374;33.9;13.8
78;2021-05-30;135;346;490754;200720;33.9;13.9
78;2021-05-31;7971;5362;498725;206082;34.4;14.2
78;2021-06-01;10032;6531;508757;212613;35.1;14.7
78;2021-06-02;8581;6215;517338;218828;35.7;15.1
78;2021-06-03;9899;6474;527237;225302;36.4;15.6
78;2021-06-04;9793;8147;537030;233449;37.1;16.1
78;2021-06-05;5516;6140;542546;239589;37.5;16.5
78;2021-06-06;2148;2013;544694;241602;37.6;16.7
78;2021-06-07;8125;6518;552819;248120;38.2;17.1
78;2021-06-08;8063;7320;560882;255440;38.7;17.6
78;2021-06-09;7319;6728;568201;262168;39.2;18.1
78;2021-06-10;7097;7100;575298;269268;39.7;18.6
78;2021-06-11;7580;8181;582878;277449;40.2;19.2
78;2021-06-12;6373;2919;589251;280368;40.7;19.4
78;2021-06-13;946;2458;590197;282826;40.7;19.5
78;2021-06-14;3408;9815;593605;292641;41.0;20.2
78;2021-06-15;5795;8292;599400;300933;41.4;20.8
78;2021-06-16;5417;8634;604817;309567;41.8;21.4
78;2021-06-17;5484;8538;610301;318105;42.1;22.0
78;2021-06-18;6165;9798;616466;327903;42.6;22.6
78;2021-06-19;5221;4818;621687;332721;42.9;23.0
78;2021-06-20;624;2838;622311;335559;43.0;23.2
78;2021-06-21;4080;9468;626391;345027;43.2;23.8
78;2021-06-22;3343;10316;629734;355343;43.5;24.5
78;2021-06-23;3837;10391;633571;365734;43.7;25.2
78;2021-06-24;3793;9976;637364;375710;44.0;25.9
78;2021-06-25;3999;13152;641363;388862;44.3;26.8
78;2021-06-26;4213;7954;645576;396816;44.6;27.4
78;2021-06-27;1040;2542;646616;399358;44.6;27.6
78;2021-06-28;3293;10902;649909;410260;44.9;28.3
78;2021-06-29;3537;11248;653446;421508;45.1;29.1
78;2021-06-30;4114;13226;657560;434734;45.4;30.0
78;2021-07-01;3961;12699;661521;447433;45.7;30.9
78;2021-07-02;4218;13937;665739;461370;46.0;31.8
78;2021-07-03;3153;8626;668892;469996;46.2;32.4
78;2021-07-04;759;1742;669651;471738;46.2;32.6
78;2021-07-05;3373;9691;673024;481429;46.5;33.2
78;2021-07-06;3519;12047;676543;493476;46.7;34.1
78;2021-07-07;3758;11608;680301;505084;47.0;34.9
78;2021-07-08;3861;11677;684162;516761;47.2;35.7
78;2021-07-09;4760;12739;688922;529500;47.6;36.6
78;2021-07-10;2618;6605;691540;536105;47.7;37.0
78;2021-07-11;747;2050;692287;538155;47.8;37.1
78;2021-07-12;2989;11740;695276;549895;48.0;38.0
78;2021-07-13;5322;11968;700598;561863;48.4;38.8
78;2021-07-14;2529;4977;703127;566840;48.5;39.1
78;2021-07-15;5656;11950;708783;578790;48.9;40.0
78;2021-07-16;7251;10777;716034;589567;49.4;40.7
78;2021-07-17;4716;4887;720750;594454;49.8;41.0
78;2021-07-18;1121;460;721871;594914;49.8;41.1
78;2021-07-19;3831;10344;725702;605258;50.1;41.8
78;2021-07-20;5557;9905;731259;615163;50.5;42.5
78;2021-07-21;5882;9849;737141;625012;50.9;43.1
78;2021-07-22;5941;9295;743082;634307;51.3;43.8
78;2021-07-23;6180;9209;749262;643516;51.7;44.4
78;2021-07-24;2929;4967;752191;648483;51.9;44.8
78;2021-07-25;981;372;753172;648855;52.0;44.8
78;2021-07-26;4846;6971;758018;655826;52.3;45.3
78;2021-07-27;7539;6883;765557;662709;52.8;45.7
78;2021-07-28;6920;5917;772477;668626;53.3;46.2
78;2021-07-29;7874;5976;780351;674602;53.9;46.6
78;2021-07-30;7622;7029;787973;681631;54.4;47.1
78;2021-07-31;2639;2730;790612;684361;54.6;47.2
78;2021-08-01;102;72;790714;684433;54.6;47.2
78;2021-08-02;2363;2108;793077;686541;54.7;47.4
78;2021-08-03;4205;4246;797282;690787;55.0;47.7
78;2021-08-04;4344;2790;801626;693577;55.3;47.9
78;2021-08-05;3845;3139;805471;696716;55.6;48.1
78;2021-08-06;3842;3707;809313;700423;55.9;48.4
78;2021-08-07;2791;3433;812104;703856;56.1;48.6
78;2021-08-08;475;341;812579;704197;56.1;48.6
78;2021-08-09;1860;1642;814439;705839;56.2;48.7
78;2021-08-10;3374;3966;817813;709805;56.5;49.0
78;2021-08-11;2957;3367;820770;713172;56.7;49.2
78;2021-08-12;2716;3528;823486;716700;56.8;49.5
78;2021-08-13;2798;3149;826284;719849;57.0;49.7
78;2021-08-14;2283;3069;828567;722918;57.2;49.9
78;2021-08-15;273;375;828840;723293;57.2;49.9
78;2021-08-16;882;2328;829722;725621;57.3;50.1
79;2020-12-27;0;0;0;0;0.0;0.0
79;2020-12-28;3;0;3;0;0.0;0.0
79;2020-12-29;0;0;3;0;0.0;0.0
79;2020-12-30;0;0;3;0;0.0;0.0
79;2020-12-31;0;0;3;0;0.0;0.0
79;2021-01-01;0;0;3;0;0.0;0.0
79;2021-01-02;0;0;3;0;0.0;0.0
79;2021-01-03;0;0;3;0;0.0;0.0
79;2021-01-04;1;0;4;0;0.0;0.0
79;2021-01-05;0;0;4;0;0.0;0.0
79;2021-01-06;0;0;4;0;0.0;0.0
79;2021-01-07;158;0;162;0;0.0;0.0
79;2021-01-08;165;0;327;0;0.1;0.0
79;2021-01-09;98;0;425;0;0.1;0.0
79;2021-01-10;3;0;428;0;0.1;0.0
79;2021-01-11;184;1;612;1;0.2;0.0
79;2021-01-12;246;2;858;3;0.2;0.0
79;2021-01-13;258;0;1116;3;0.3;0.0
79;2021-01-14;505;7;1621;10;0.4;0.0
79;2021-01-15;616;4;2237;14;0.6;0.0
79;2021-01-16;66;0;2303;14;0.6;0.0
79;2021-01-17;0;0;2303;14;0.6;0.0
79;2021-01-18;477;2;2780;16;0.7;0.0
79;2021-01-19;1356;1;4136;17;1.1;0.0
79;2021-01-20;1651;1;5787;18;1.6;0.0
79;2021-01-21;1997;7;7784;25;2.1;0.0
79;2021-01-22;873;4;8657;29;2.3;0.0
79;2021-01-23;65;0;8722;29;2.3;0.0
79;2021-01-24;0;0;8722;29;2.3;0.0
79;2021-01-25;644;7;9366;36;2.5;0.0
79;2021-01-26;590;13;9956;49;2.7;0.0
79;2021-01-27;741;84;10697;133;2.9;0.0
79;2021-01-28;733;150;11430;283;3.1;0.1
79;2021-01-29;490;88;11920;371;3.2;0.1
79;2021-01-30;0;0;11920;371;3.2;0.1
79;2021-01-31;0;0;11920;371;3.2;0.1
79;2021-02-01;207;111;12127;482;3.3;0.1
79;2021-02-02;333;73;12460;555;3.3;0.1
79;2021-02-03;390;60;12850;615;3.4;0.2
79;2021-02-04;324;109;13174;724;3.5;0.2
79;2021-02-05;357;274;13531;998;3.6;0.3
79;2021-02-06;3;0;13534;998;3.6;0.3
79;2021-02-07;22;0;13556;998;3.6;0.3
79;2021-02-08;283;169;13839;1167;3.7;0.3
79;2021-02-09;457;786;14296;1953;3.8;0.5
79;2021-02-10;618;1198;14914;3151;4.0;0.8
79;2021-02-11;777;1237;15691;4388;4.2;1.2
79;2021-02-12;468;769;16159;5157;4.3;1.4
79;2021-02-13;53;74;16212;5231;4.4;1.4
79;2021-02-14;0;0;16212;5231;4.4;1.4
79;2021-02-15;185;507;16397;5738;4.4;1.5
79;2021-02-16;334;735;16731;6473;4.5;1.7
79;2021-02-17;248;879;16979;7352;4.6;2.0
79;2021-02-18;353;946;17332;8298;4.7;2.2
79;2021-02-19;267;564;17599;8862;4.7;2.4
79;2021-02-20;4;22;17603;8884;4.7;2.4
79;2021-02-21;1;0;17604;8884;4.7;2.4
79;2021-02-22;136;464;17740;9348;4.8;2.5
79;2021-02-23;248;568;17988;9916;4.8;2.7
79;2021-02-24;245;543;18233;10459;4.9;2.8
79;2021-02-25;517;470;18750;10929;5.0;2.9
79;2021-02-26;598;401;19348;11330;5.2;3.0
79;2021-02-27;408;5;19756;11335;5.3;3.0
79;2021-02-28;35;0;19791;11335;5.3;3.0
79;2021-03-01;89;360;19880;11695;5.3;3.1
79;2021-03-02;302;508;20182;12203;5.4;3.3
79;2021-03-03;661;542;20843;12745;5.6;3.4
79;2021-03-04;904;571;21747;13316;5.8;3.6
79;2021-03-05;1216;449;22963;13765;6.2;3.7
79;2021-03-06;611;5;23574;13770;6.3;3.7
79;2021-03-07;77;1;23651;13771;6.3;3.7
79;2021-03-08;344;310;23995;14081;6.4;3.8
79;2021-03-09;841;343;24836;14424;6.7;3.9
79;2021-03-10;1145;404;25981;14828;7.0;4.0
79;2021-03-11;1640;324;27621;15152;7.4;4.1
79;2021-03-12;1719;120;29340;15272;7.9;4.1
79;2021-03-13;1136;12;30476;15284;8.2;4.1
79;2021-03-14;50;0;30526;15284;8.2;4.1
79;2021-03-15;496;158;31022;15442;8.3;4.1
79;2021-03-16;735;145;31757;15587;8.5;4.2
79;2021-03-17;576;108;32333;15695;8.7;4.2
79;2021-03-18;553;203;32886;15898;8.8;4.3
79;2021-03-19;662;258;33548;16156;9.0;4.3
79;2021-03-20;1007;12;34555;16168;9.3;4.3
79;2021-03-21;3;0;34558;16168;9.3;4.3
79;2021-03-22;954;203;35512;16371;9.5;4.4
79;2021-03-23;1591;170;37103;16541;10.0;4.4
79;2021-03-24;1829;159;38932;16700;10.4;4.5
79;2021-03-25;2499;187;41431;16887;11.1;4.5
79;2021-03-26;2405;134;43836;17021;11.8;4.6
79;2021-03-27;769;16;44605;17037;12.0;4.6
79;2021-03-28;1;0;44606;17037;12.0;4.6
79;2021-03-29;2147;112;46753;17149;12.5;4.6
79;2021-03-30;2816;62;49569;17211;13.3;4.6
79;2021-03-31;2777;381;52346;17592;14.0;4.7
79;2021-04-01;2695;378;55041;17970;14.8;4.8
79;2021-04-02;2822;390;57863;18360;15.5;4.9
79;2021-04-03;633;53;58496;18413;15.7;4.9
79;2021-04-04;3;0;58499;18413;15.7;4.9
79;2021-04-05;380;4;58879;18417;15.8;4.9
79;2021-04-06;1793;584;60672;19001;16.3;5.1
79;2021-04-07;3116;735;63788;19736;17.1;5.3
79;2021-04-08;2630;695;66418;20431;17.8;5.5
79;2021-04-09;3739;544;70157;20975;18.8;5.6
79;2021-04-10;1465;381;71622;21356;19.2;5.7
79;2021-04-11;4;0;71626;21356;19.2;5.7
79;2021-04-12;1753;354;73379;21710;19.7;5.8
79;2021-04-13;2174;746;75553;22456;20.3;6.0
79;2021-04-14;2480;673;78033;23129;20.9;6.2
79;2021-04-15;2215;663;80248;23792;21.5;6.4
79;2021-04-16;1414;440;81662;24232;21.9;6.5
79;2021-04-17;581;349;82243;24581;22.1;6.6
79;2021-04-18;1;14;82244;24595;22.1;6.6
79;2021-04-19;1089;840;83333;25435;22.4;6.8
79;2021-04-20;1507;1231;84840;26666;22.8;7.2
79;2021-04-21;1417;1438;86257;28104;23.1;7.5
79;2021-04-22;1572;1084;87829;29188;23.6;7.8
79;2021-04-23;1317;1187;89146;30375;23.9;8.2
79;2021-04-24;651;462;89797;30837;24.1;8.3
79;2021-04-25;1;0;89798;30837;24.1;8.3
79;2021-04-26;1343;1812;91141;32649;24.5;8.8
79;2021-04-27;1898;2352;93039;35001;25.0;9.4
79;2021-04-28;1458;2868;94497;37869;25.4;10.2
79;2021-04-29;2105;2254;96602;40123;25.9;10.8
79;2021-04-30;2113;2459;98715;42582;26.5;11.4
79;2021-05-01;519;378;99234;42960;26.6;11.5
79;2021-05-02;1;11;99235;42971;26.6;11.5
79;2021-05-03;1182;1289;100417;44260;26.9;11.9
79;2021-05-04;1733;2328;102150;46588;27.4;12.5
79;2021-05-05;1695;2483;103845;49071;27.9;13.2
79;2021-05-06;2317;2212;106162;51283;28.5;13.8
79;2021-05-07;2087;2803;108249;54086;29.1;14.5
79;2021-05-08;199;507;108448;54593;29.1;14.7
79;2021-05-09;0;0;108448;54593;29.1;14.7
79;2021-05-10;1584;1786;110032;56379;29.5;15.1
79;2021-05-11;2311;1650;112343;58029;30.1;15.6
79;2021-05-12;1997;2677;114340;60706;30.7;16.3
79;2021-05-13;640;290;114980;60996;30.9;16.4
79;2021-05-14;2100;673;117080;61669;31.4;16.5
79;2021-05-15;1399;498;118479;62167;31.8;16.7
79;2021-05-16;1;22;118480;62189;31.8;16.7
79;2021-05-17;1876;1082;120356;63271;32.3;17.0
79;2021-05-18;2970;1269;123326;64540;33.1;17.3
79;2021-05-19;2896;965;126222;65505;33.9;17.6
79;2021-05-20;3105;1247;129327;66752;34.7;17.9
79;2021-05-21;2768;1064;132095;67816;35.4;18.2
79;2021-05-22;1084;261;133179;68077;35.7;18.3
79;2021-05-23;1;0;133180;68077;35.7;18.3
79;2021-05-24;161;20;133341;68097;35.8;18.3
79;2021-05-25;3199;989;136540;69086;36.6;18.5
79;2021-05-26;3314;852;139854;69938;37.5;18.8
79;2021-05-27;3589;1718;143443;71656;38.5;19.2
79;2021-05-28;3329;1820;146772;73476;39.4;19.7
79;2021-05-29;1073;451;147845;73927;39.7;19.8
79;2021-05-30;3;1;147848;73928;39.7;19.8
79;2021-05-31;2382;733;150230;74661;40.3;20.0
79;2021-06-01;3021;1576;153251;76237;41.1;20.5
79;2021-06-02;4065;1168;157316;77405;42.2;20.8
79;2021-06-03;4087;1755;161403;79160;43.3;21.2
79;2021-06-04;4145;2033;165548;81193;44.4;21.8
79;2021-06-05;2802;758;168350;81951;45.2;22.0
79;2021-06-06;696;39;169046;81990;45.4;22.0
79;2021-06-07;2810;1412;171856;83402;46.1;22.4
79;2021-06-08;2982;2068;174838;85470;46.9;22.9
79;2021-06-09;3630;1938;178468;87408;47.9;23.5
79;2021-06-10;3020;1974;181488;89382;48.7;24.0
79;2021-06-11;3766;2313;185254;91695;49.7;24.6
79;2021-06-12;1706;608;186960;92303;50.2;24.8
79;2021-06-13;214;24;187174;92327;50.2;24.8
79;2021-06-14;1247;1691;188421;94018;50.6;25.2
79;2021-06-15;1880;2361;190301;96379;51.1;25.9
79;2021-06-16;2206;2248;192507;98627;51.7;26.5
79;2021-06-17;2238;2617;194745;101244;52.3;27.2
79;2021-06-18;2412;2321;197157;103565;52.9;27.8
79;2021-06-19;1245;581;198402;104146;53.2;27.9
79;2021-06-20;3;2;198405;104148;53.2;27.9
79;2021-06-21;1232;2281;199637;106429;53.6;28.6
79;2021-06-22;1548;2874;201185;109303;54.0;29.3
79;2021-06-23;1770;2547;202955;111850;54.5;30.0
79;2021-06-24;2106;2005;205061;113855;55.0;30.6
79;2021-06-25;1488;2840;206549;116695;55.4;31.3
79;2021-06-26;869;809;207418;117504;55.7;31.5
79;2021-06-27;13;6;207431;117510;55.7;31.5
79;2021-06-28;1055;2621;208486;120131;56.0;32.2
79;2021-06-29;1473;3550;209959;123681;56.3;33.2
79;2021-06-30;1354;3448;211313;127129;56.7;34.1
79;2021-07-01;1203;3785;212516;130914;57.0;35.1
79;2021-07-02;1489;3349;214005;134263;57.4;36.0
79;2021-07-03;399;1503;214404;135766;57.5;36.4
79;2021-07-04;2;9;214406;135775;57.5;36.4
79;2021-07-05;751;2119;215157;137894;57.7;37.0
79;2021-07-06;946;3666;216103;141560;58.0;38.0
79;2021-07-07;1331;4306;217434;145866;58.4;39.1
79;2021-07-08;1098;4043;218532;149909;58.6;40.2
79;2021-07-09;838;3720;219370;153629;58.9;41.2
79;2021-07-10;513;1317;219883;154946;59.0;41.6
79;2021-07-11;1;12;219884;154958;59.0;41.6
79;2021-07-12;542;3693;220426;158651;59.2;42.6
79;2021-07-13;999;5194;221425;163845;59.4;44.0
79;2021-07-14;132;874;221557;164719;59.5;44.2
79;2021-07-15;1227;4681;222784;169400;59.8;45.5
79;2021-07-16;1330;4362;224114;173762;60.1;46.6
79;2021-07-17;574;2421;224688;176183;60.3;47.3
79;2021-07-18;43;498;224731;176681;60.3;47.4
79;2021-07-19;734;3319;225465;180000;60.5;48.3
79;2021-07-20;1224;3950;226689;183950;60.8;49.4
79;2021-07-21;1176;4199;227865;188149;61.2;50.5
79;2021-07-22;1351;3990;229216;192139;61.5;51.6
79;2021-07-23;1349;4561;230565;196700;61.9;52.8
79;2021-07-24;864;1499;231429;198199;62.1;53.2
79;2021-07-25;55;326;231484;198525;62.1;53.3
79;2021-07-26;1367;2598;232851;201123;62.5;54.0
79;2021-07-27;2079;2996;234930;204119;63.0;54.8
79;2021-07-28;2484;2495;237414;206614;63.7;55.4
79;2021-07-29;2997;2855;240411;209469;64.5;56.2
79;2021-07-30;2131;2828;242542;212297;65.1;57.0
79;2021-07-31;882;1157;243424;213454;65.3;57.3
79;2021-08-01;3;3;243427;213457;65.3;57.3
79;2021-08-02;1784;1543;245211;215000;65.8;57.7
79;2021-08-03;2810;2049;248021;217049;66.6;58.2
79;2021-08-04;2979;1744;251000;218793;67.4;58.7
79;2021-08-05;2891;2214;253891;221007;68.1;59.3
79;2021-08-06;2517;1641;256408;222648;68.8;59.8
79;2021-08-07;866;814;257274;223462;69.0;60.0
79;2021-08-08;0;3;257274;223465;69.0;60.0
79;2021-08-09;2485;1081;259759;224546;69.7;60.3
79;2021-08-10;2971;1534;262730;226080;70.5;60.7
79;2021-08-11;2572;1659;265302;227739;71.2;61.1
79;2021-08-12;2759;1420;268061;229159;71.9;61.5
79;2021-08-13;2742;1043;270803;230202;72.7;61.8
79;2021-08-14;507;391;271310;230593;72.8;61.9
79;2021-08-15;6;5;271316;230598;72.8;61.9
79;2021-08-16;1752;1190;273068;231788;73.3;62.2
80;2020-12-27;0;0;0;0;0.0;0.0
80;2020-12-28;0;0;0;0;0.0;0.0
80;2020-12-29;11;0;11;0;0.0;0.0
80;2020-12-30;0;0;11;0;0.0;0.0
80;2020-12-31;0;0;11;0;0.0;0.0
80;2021-01-01;0;0;11;0;0.0;0.0
80;2021-01-02;0;0;11;0;0.0;0.0
80;2021-01-03;1;0;12;0;0.0;0.0
80;2021-01-04;0;0;12;0;0.0;0.0
80;2021-01-05;0;0;12;0;0.0;0.0
80;2021-01-06;30;0;42;0;0.0;0.0
80;2021-01-07;276;2;318;2;0.1;0.0
80;2021-01-08;330;0;648;2;0.1;0.0
80;2021-01-09;108;0;756;2;0.1;0.0
80;2021-01-10;21;0;777;2;0.1;0.0
80;2021-01-11;276;0;1053;2;0.2;0.0
80;2021-01-12;428;1;1481;3;0.3;0.0
80;2021-01-13;514;3;1995;6;0.4;0.0
80;2021-01-14;453;4;2448;10;0.4;0.0
80;2021-01-15;330;1;2778;11;0.5;0.0
80;2021-01-16;103;1;2881;12;0.5;0.0
80;2021-01-17;102;1;2983;13;0.5;0.0
80;2021-01-18;412;2;3395;15;0.6;0.0
80;2021-01-19;962;16;4357;31;0.8;0.0
80;2021-01-20;1086;9;5443;40;1.0;0.0
80;2021-01-21;1011;9;6454;49;1.1;0.0
80;2021-01-22;1113;4;7567;53;1.3;0.0
80;2021-01-23;908;1;8475;54;1.5;0.0
80;2021-01-24;824;5;9299;59;1.6;0.0
80;2021-01-25;1541;8;10840;67;1.9;0.0
80;2021-01-26;1480;10;12320;77;2.2;0.0
80;2021-01-27;822;27;13142;104;2.3;0.0
80;2021-01-28;623;173;13765;277;2.4;0.0
80;2021-01-29;637;218;14402;495;2.5;0.1
80;2021-01-30;85;59;14487;554;2.5;0.1
80;2021-01-31;0;0;14487;554;2.5;0.1
80;2021-02-01;26;257;14513;811;2.5;0.1
80;2021-02-02;21;446;14534;1257;2.6;0.2
80;2021-02-03;29;542;14563;1799;2.6;0.3
80;2021-02-04;278;349;14841;2148;2.6;0.4
80;2021-02-05;347;211;15188;2359;2.7;0.4
80;2021-02-06;168;70;15356;2429;2.7;0.4
80;2021-02-07;1;0;15357;2429;2.7;0.4
80;2021-02-08;426;242;15783;2671;2.8;0.5
80;2021-02-09;686;244;16469;2915;2.9;0.5
80;2021-02-10;606;497;17075;3412;3.0;0.6
80;2021-02-11;861;353;17936;3765;3.1;0.7
80;2021-02-12;943;315;18879;4080;3.3;0.7
80;2021-02-13;195;427;19074;4507;3.3;0.8
80;2021-02-14;78;572;19152;5079;3.4;0.9
80;2021-02-15;606;1018;19758;6097;3.5;1.1
80;2021-02-16;688;1136;20446;7233;3.6;1.3
80;2021-02-17;485;1169;20931;8402;3.7;1.5
80;2021-02-18;569;1139;21500;9541;3.8;1.7
80;2021-02-19;503;853;22003;10394;3.9;1.8
80;2021-02-20;22;513;22025;10907;3.9;1.9
80;2021-02-21;47;49;22072;10956;3.9;1.9
80;2021-02-22;149;577;22221;11533;3.9;2.0
80;2021-02-23;471;691;22692;12224;4.0;2.1
80;2021-02-24;431;677;23123;12901;4.1;2.3
80;2021-02-25;815;541;23938;13442;4.2;2.4
80;2021-02-26;1062;520;25000;13962;4.4;2.5
80;2021-02-27;476;72;25476;14034;4.5;2.5
80;2021-02-28;49;24;25525;14058;4.5;2.5
80;2021-03-01;728;65;26253;14123;4.6;2.5
80;2021-03-02;1014;90;27267;14213;4.8;2.5
80;2021-03-03;981;55;28248;14268;5.0;2.5
80;2021-03-04;1391;237;29639;14505;5.2;2.5
80;2021-03-05;1874;330;31513;14835;5.5;2.6
80;2021-03-06;2917;326;34430;15161;6.0;2.7
80;2021-03-07;1841;80;36271;15241;6.4;2.7
80;2021-03-08;714;609;36985;15850;6.5;2.8
80;2021-03-09;1310;910;38295;16760;6.7;2.9
80;2021-03-10;1724;751;40019;17511;7.0;3.1
80;2021-03-11;1910;823;41929;18334;7.4;3.2
80;2021-03-12;3137;740;45066;19074;7.9;3.3
80;2021-03-13;4006;203;49072;19277;8.6;3.4
80;2021-03-14;350;13;49422;19290;8.7;3.4
80;2021-03-15;1014;247;50436;19537;8.9;3.4
80;2021-03-16;882;337;51318;19874;9.0;3.5
80;2021-03-17;664;275;51982;20149;9.1;3.5
80;2021-03-18;1002;296;52984;20445;9.3;3.6
80;2021-03-19;1738;382;54722;20827;9.6;3.7
80;2021-03-20;3822;109;58544;20936;10.3;3.7
80;2021-03-21;486;30;59030;20966;10.4;3.7
80;2021-03-22;902;289;59932;21255;10.5;3.7
80;2021-03-23;1713;417;61645;21672;10.8;3.8
80;2021-03-24;1755;465;63400;22137;11.1;3.9
80;2021-03-25;2714;447;66114;22584;11.6;4.0
80;2021-03-26;3103;421;69217;23005;12.1;4.0
80;2021-03-27;2234;225;71451;23230;12.5;4.1
80;2021-03-28;675;91;72126;23321;12.7;4.1
80;2021-03-29;1981;750;74107;24071;13.0;4.2
80;2021-03-30;1969;869;76076;24940;13.4;4.4
80;2021-03-31;1496;981;77572;25921;13.6;4.5
80;2021-04-01;1952;1485;79524;27406;14.0;4.8
80;2021-04-02;2811;1573;82335;28979;14.5;5.1
80;2021-04-03;3045;857;85380;29836;15.0;5.2
80;2021-04-04;134;8;85514;29844;15.0;5.2
80;2021-04-05;684;199;86198;30043;15.1;5.3
80;2021-04-06;1279;965;87477;31008;15.4;5.4
80;2021-04-07;1623;1200;89100;32208;15.6;5.7
80;2021-04-08;2154;839;91254;33047;16.0;5.8
80;2021-04-09;3529;1348;94783;34395;16.6;6.0
80;2021-04-10;2738;1940;97521;36335;17.1;6.4
80;2021-04-11;189;177;97710;36512;17.1;6.4
80;2021-04-12;1813;486;99523;36998;17.5;6.5
80;2021-04-13;2383;1036;101906;38034;17.9;6.7
80;2021-04-14;2769;1145;104675;39179;18.4;6.9
80;2021-04-15;3731;864;108406;40043;19.0;7.0
80;2021-04-16;3337;872;111743;40915;19.6;7.2
80;2021-04-17;1653;2301;113396;43216;19.9;7.6
80;2021-04-18;372;388;113768;43604;20.0;7.7
80;2021-04-19;951;776;114719;44380;20.1;7.8
80;2021-04-20;1612;815;116331;45195;20.4;7.9
80;2021-04-21;1612;999;117943;46194;20.7;8.1
80;2021-04-22;2166;1250;120109;47444;21.1;8.3
80;2021-04-23;2639;1248;122748;48692;21.5;8.5
80;2021-04-24;1358;1192;124106;49884;21.8;8.8
80;2021-04-25;209;532;124315;50416;21.8;8.8
80;2021-04-26;1294;1445;125609;51861;22.0;9.1
80;2021-04-27;2024;1396;127633;53257;22.4;9.3
80;2021-04-28;2199;1395;129832;54652;22.8;9.6
80;2021-04-29;3216;1881;133048;56533;23.4;9.9
80;2021-04-30;3079;2854;136127;59387;23.9;10.4
80;2021-05-01;988;660;137115;60047;24.1;10.5
80;2021-05-02;371;53;137486;60100;24.1;10.5
80;2021-05-03;2722;1186;140208;61286;24.6;10.8
80;2021-05-04;2496;1707;142704;62993;25.0;11.1
80;2021-05-05;3365;1897;146069;64890;25.6;11.4
80;2021-05-06;3171;2553;149240;67443;26.2;11.8
80;2021-05-07;3455;2696;152695;70139;26.8;12.3
80;2021-05-08;2785;923;155480;71062;27.3;12.5
80;2021-05-09;1408;268;156888;71330;27.5;12.5
80;2021-05-10;1881;1834;158769;73164;27.9;12.8
80;2021-05-11;3273;1798;162042;74962;28.4;13.2
80;2021-05-12;4701;1571;166743;76533;29.3;13.4
80;2021-05-13;3836;366;170579;76899;29.9;13.5
80;2021-05-14;5190;1399;175769;78298;30.8;13.7
80;2021-05-15;5919;1053;181688;79351;31.9;13.9
80;2021-05-16;2678;309;184366;79660;32.4;14.0
80;2021-05-17;2372;818;186738;80478;32.8;14.1
80;2021-05-18;3948;853;190686;81331;33.5;14.3
80;2021-05-19;4021;946;194707;82277;34.2;14.4
80;2021-05-20;4568;1219;199275;83496;35.0;14.7
80;2021-05-21;4892;1669;204167;85165;35.8;14.9
80;2021-05-22;5032;1155;209199;86320;36.7;15.1
80;2021-05-23;1783;241;210982;86561;37.0;15.2
80;2021-05-24;1468;159;212450;86720;37.3;15.2
80;2021-05-25;2622;1134;215072;87854;37.7;15.4
80;2021-05-26;4250;1700;219322;89554;38.5;15.7
80;2021-05-27;3977;2469;223299;92023;39.2;16.2
80;2021-05-28;3866;2981;227165;95004;39.9;16.7
80;2021-05-29;3699;1633;230864;96637;40.5;17.0
80;2021-05-30;1182;199;232046;96836;40.7;17.0
80;2021-05-31;2602;1374;234648;98210;41.2;17.2
80;2021-06-01;4030;2435;238678;100645;41.9;17.7
80;2021-06-02;3335;2008;242013;102653;42.5;18.0
80;2021-06-03;4266;2932;246279;105585;43.2;18.5
80;2021-06-04;4794;3083;251073;108668;44.1;19.1
80;2021-06-05;3560;2078;254633;110746;44.7;19.4
80;2021-06-06;802;210;255435;110956;44.8;19.5
80;2021-06-07;1750;1945;257185;112901;45.1;19.8
80;2021-06-08;2745;2555;259930;115456;45.6;20.3
80;2021-06-09;3010;2731;262940;118187;46.1;20.7
80;2021-06-10;3167;3170;266107;121357;46.7;21.3
80;2021-06-11;3224;3895;269331;125252;47.3;22.0
80;2021-06-12;3042;2327;272373;127579;47.8;22.4
80;2021-06-13;473;405;272846;127984;47.9;22.5
80;2021-06-14;1265;2851;274111;130835;48.1;23.0
80;2021-06-15;2313;3422;276424;134257;48.5;23.6
80;2021-06-16;1564;4216;277988;138473;48.8;24.3
80;2021-06-17;2363;3625;280351;142098;49.2;24.9
80;2021-06-18;2554;3901;282905;145999;49.7;25.6
80;2021-06-19;2988;4341;285893;150340;50.2;26.4
80;2021-06-20;203;1077;286096;151417;50.2;26.6
80;2021-06-21;1016;2618;287112;154035;50.4;27.0
80;2021-06-22;1151;3933;288263;157968;50.6;27.7
80;2021-06-23;1856;5290;290119;163258;50.9;28.7
80;2021-06-24;1700;4686;291819;167944;51.2;29.5
80;2021-06-25;1376;6124;293195;174068;51.5;30.6
80;2021-06-26;1936;6181;295131;180249;51.8;31.6
80;2021-06-27;332;2029;295463;182278;51.9;32.0
80;2021-06-28;908;3169;296371;185447;52.0;32.5
80;2021-06-29;1922;4618;298293;190065;52.4;33.4
80;2021-06-30;1249;4780;299542;194845;52.6;34.2
80;2021-07-01;1626;4993;301168;199838;52.9;35.1
80;2021-07-02;1878;5980;303046;205818;53.2;36.1
80;2021-07-03;1330;5266;304376;211084;53.4;37.0
80;2021-07-04;692;1472;305068;212556;53.5;37.3
80;2021-07-05;895;2961;305963;215517;53.7;37.8
80;2021-07-06;1864;3984;307827;219501;54.0;38.5
80;2021-07-07;1573;4507;309400;224008;54.3;39.3
80;2021-07-08;2094;5002;311494;229010;54.7;40.2
80;2021-07-09;2613;5469;314107;234479;55.1;41.2
80;2021-07-10;1630;4019;315737;238498;55.4;41.9
80;2021-07-11;404;804;316141;239302;55.5;42.0
80;2021-07-12;881;3382;317022;242684;55.6;42.6
80;2021-07-13;2096;5088;319118;247772;56.0;43.5
80;2021-07-14;2798;1745;321916;249517;56.5;43.8
80;2021-07-15;2802;5294;324718;254811;57.0;44.7
80;2021-07-16;3889;5884;328607;260695;57.7;45.8
80;2021-07-17;3374;4460;331981;265155;58.3;46.5
80;2021-07-18;874;896;332855;266051;58.4;46.7
80;2021-07-19;2161;2884;335016;268935;58.8;47.2
80;2021-07-20;3318;4907;338334;273842;59.4;48.1
80;2021-07-21;3494;4495;341828;278337;60.0;48.9
80;2021-07-22;4355;4569;346183;282906;60.8;49.7
80;2021-07-23;5392;4823;351575;287729;61.7;50.5
80;2021-07-24;4356;4333;355931;292062;62.5;51.3
80;2021-07-25;1183;646;357114;292708;62.7;51.4
80;2021-07-26;2672;2332;359786;295040;63.1;51.8
80;2021-07-27;4355;3704;364141;298744;63.9;52.4
80;2021-07-28;5080;2799;369221;301543;64.8;52.9
80;2021-07-29;4969;3222;374190;304765;65.7;53.5
80;2021-07-30;5012;3631;379202;308396;66.6;54.1
80;2021-07-31;4145;2917;383347;311313;67.3;54.6
80;2021-08-01;1283;362;384630;311675;67.5;54.7
80;2021-08-02;2048;1755;386678;313430;67.9;55.0
80;2021-08-03;3702;2360;390380;315790;68.5;55.4
80;2021-08-04;3345;2493;393725;318283;69.1;55.9
80;2021-08-05;3125;2560;396850;320843;69.7;56.3
80;2021-08-06;3229;2901;400079;323744;70.2;56.8
80;2021-08-07;2411;2649;402490;326393;70.6;57.3
80;2021-08-08;614;719;403104;327112;70.7;57.4
80;2021-08-09;1381;2120;404485;329232;71.0;57.8
80;2021-08-10;2335;2843;406820;332075;71.4;58.3
80;2021-08-11;1930;2480;408750;334555;71.7;58.7
80;2021-08-12;2237;2665;410987;337220;72.1;59.2
80;2021-08-13;1854;3142;412841;340362;72.5;59.7
80;2021-08-14;1402;2131;414243;342493;72.7;60.1
80;2021-08-15;314;667;414557;343160;72.8;60.2
80;2021-08-16;888;2518;415445;345678;72.9;60.7
81;2020-12-27;0;0;0;0;0.0;0.0
81;2020-12-28;0;0;0;0;0.0;0.0
81;2020-12-29;0;0;0;0;0.0;0.0
81;2020-12-30;0;0;0;0;0.0;0.0
81;2020-12-31;0;0;0;0;0.0;0.0
81;2021-01-01;0;0;0;0;0.0;0.0
81;2021-01-02;0;0;0;0;0.0;0.0
81;2021-01-03;0;0;0;0;0.0;0.0
81;2021-01-04;1;0;1;0;0.0;0.0
81;2021-01-05;0;0;1;0;0.0;0.0
81;2021-01-06;5;0;6;0;0.0;0.0
81;2021-01-07;266;0;272;0;0.1;0.0
81;2021-01-08;312;1;584;1;0.2;0.0
81;2021-01-09;74;1;658;2;0.2;0.0
81;2021-01-10;1;0;659;2;0.2;0.0
81;2021-01-11;133;0;792;2;0.2;0.0
81;2021-01-12;167;0;959;2;0.2;0.0
81;2021-01-13;233;1;1192;3;0.3;0.0
81;2021-01-14;963;8;2155;11;0.6;0.0
81;2021-01-15;524;1;2679;12;0.7;0.0
81;2021-01-16;72;0;2751;12;0.7;0.0
81;2021-01-17;0;0;2751;12;0.7;0.0
81;2021-01-18;580;3;3331;15;0.9;0.0
81;2021-01-19;662;4;3993;19;1.0;0.0
81;2021-01-20;752;2;4745;21;1.2;0.0
81;2021-01-21;1177;5;5922;26;1.5;0.0
81;2021-01-22;852;2;6774;28;1.7;0.0
81;2021-01-23;221;2;6995;30;1.8;0.0
81;2021-01-24;102;0;7097;30;1.8;0.0
81;2021-01-25;568;3;7665;33;2.0;0.0
81;2021-01-26;634;5;8299;38;2.1;0.0
81;2021-01-27;551;4;8850;42;2.3;0.0
81;2021-01-28;700;215;9550;257;2.5;0.1
81;2021-01-29;302;183;9852;440;2.5;0.1
81;2021-01-30;202;37;10054;477;2.6;0.1
81;2021-01-31;104;1;10158;478;2.6;0.1
81;2021-02-01;320;130;10478;608;2.7;0.2
81;2021-02-02;446;142;10924;750;2.8;0.2
81;2021-02-03;476;223;11400;973;2.9;0.3
81;2021-02-04;1399;693;12799;1666;3.3;0.4
81;2021-02-05;869;315;13668;1981;3.5;0.5
81;2021-02-06;274;21;13942;2002;3.6;0.5
81;2021-02-07;103;0;14045;2002;3.6;0.5
81;2021-02-08;275;218;14320;2220;3.7;0.6
81;2021-02-09;419;219;14739;2439;3.8;0.6
81;2021-02-10;371;285;15110;2724;3.9;0.7
81;2021-02-11;651;389;15761;3113;4.1;0.8
81;2021-02-12;579;546;16340;3659;4.2;0.9
81;2021-02-13;187;158;16527;3817;4.3;1.0
81;2021-02-14;100;1;16627;3818;4.3;1.0
81;2021-02-15;234;484;16861;4302;4.3;1.1
81;2021-02-16;281;616;17142;4918;4.4;1.3
81;2021-02-17;242;521;17384;5439;4.5;1.4
81;2021-02-18;483;674;17867;6113;4.6;1.6
81;2021-02-19;566;410;18433;6523;4.8;1.7
81;2021-02-20;322;282;18755;6805;4.8;1.8
81;2021-02-21;23;80;18778;6885;4.8;1.8
81;2021-02-22;232;536;19010;7421;4.9;1.9
81;2021-02-23;168;594;19178;8015;4.9;2.1
81;2021-02-24;291;631;19469;8646;5.0;2.2
81;2021-02-25;713;1056;20182;9702;5.2;2.5
81;2021-02-26;909;960;21091;10662;5.4;2.7
81;2021-02-27;275;242;21366;10904;5.5;2.8
81;2021-02-28;21;88;21387;10992;5.5;2.8
81;2021-03-01;208;410;21595;11402;5.6;2.9
81;2021-03-02;364;544;21959;11946;5.7;3.1
81;2021-03-03;462;422;22421;12368;5.8;3.2
81;2021-03-04;1061;459;23482;12827;6.1;3.3
81;2021-03-05;1407;394;24889;13221;6.4;3.4
81;2021-03-06;981;166;25870;13387;6.7;3.5
81;2021-03-07;154;102;26024;13489;6.7;3.5
81;2021-03-08;465;360;26489;13849;6.8;3.6
81;2021-03-09;812;382;27301;14231;7.0;3.7
81;2021-03-10;899;392;28200;14623;7.3;3.8
81;2021-03-11;1349;357;29549;14980;7.6;3.9
81;2021-03-12;1690;302;31239;15282;8.1;3.9
81;2021-03-13;1030;187;32269;15469;8.3;4.0
81;2021-03-14;66;82;32335;15551;8.3;4.0
81;2021-03-15;1093;224;33428;15775;8.6;4.1
81;2021-03-16;724;228;34152;16003;8.8;4.1
81;2021-03-17;892;277;35044;16280;9.0;4.2
81;2021-03-18;969;582;36013;16862;9.3;4.3
81;2021-03-19;1271;454;37284;17316;9.6;4.5
81;2021-03-20;676;280;37960;17596;9.8;4.5
81;2021-03-21;139;22;38099;17618;9.8;4.5
81;2021-03-22;933;284;39032;17902;10.1;4.6
81;2021-03-23;1420;224;40452;18126;10.4;4.7
81;2021-03-24;1605;275;42057;18401;10.8;4.7
81;2021-03-25;2028;324;44085;18725;11.4;4.8
81;2021-03-26;2102;281;46187;19006;11.9;4.9
81;2021-03-27;1092;34;47279;19040;12.2;4.9
81;2021-03-28;734;40;48013;19080;12.4;4.9
81;2021-03-29;2867;183;50880;19263;13.1;5.0
81;2021-03-30;3055;211;53935;19474;13.9;5.0
81;2021-03-31;2690;296;56625;19770;14.6;5.1
81;2021-04-01;3314;562;59939;20332;15.5;5.2
81;2021-04-02;2613;367;62552;20699;16.1;5.3
81;2021-04-03;1147;300;63699;20999;16.4;5.4
81;2021-04-04;1402;21;65101;21020;16.8;5.4
81;2021-04-05;718;18;65819;21038;17.0;5.4
81;2021-04-06;1596;511;67415;21549;17.4;5.6
81;2021-04-07;1815;585;69230;22134;17.8;5.7
81;2021-04-08;2615;826;71845;22960;18.5;5.9
81;2021-04-09;3049;471;74894;23431;19.3;6.0
81;2021-04-10;1476;510;76370;23941;19.7;6.2
81;2021-04-11;1297;64;77667;24005;20.0;6.2
81;2021-04-12;1220;685;78887;24690;20.3;6.4
81;2021-04-13;2529;789;81416;25479;21.0;6.6
81;2021-04-14;2507;831;83923;26310;21.6;6.8
81;2021-04-15;3098;1197;87021;27507;22.4;7.1
81;2021-04-16;2821;1084;89842;28591;23.2;7.4
81;2021-04-17;1145;296;90987;28887;23.5;7.4
81;2021-04-18;518;145;91505;29032;23.6;7.5
81;2021-04-19;913;823;92418;29855;23.8;7.7
81;2021-04-20;2270;1169;94688;31024;24.4;8.0
81;2021-04-21;2224;1004;96912;32028;25.0;8.3
81;2021-04-22;2817;1057;99729;33085;25.7;8.5
81;2021-04-23;2883;967;102612;34052;26.5;8.8
81;2021-04-24;1327;743;103939;34795;26.8;9.0
81;2021-04-25;454;716;104393;35511;26.9;9.2
81;2021-04-26;1059;2423;105452;37934;27.2;9.8
81;2021-04-27;1597;2350;107049;40284;27.6;10.4
81;2021-04-28;1425;2395;108474;42679;28.0;11.0
81;2021-04-29;1817;2748;110291;45427;28.4;11.7
81;2021-04-30;2013;2354;112304;47781;29.0;12.3
81;2021-05-01;362;685;112666;48466;29.0;12.5
81;2021-05-02;291;1379;112957;49845;29.1;12.9
81;2021-05-03;1115;1170;114072;51015;29.4;13.2
81;2021-05-04;2621;1909;116693;52924;30.1;13.6
81;2021-05-05;2015;1931;118708;54855;30.6;14.1
81;2021-05-06;2748;3423;121456;58278;31.3;15.0
81;2021-05-07;2126;2861;123582;61139;31.9;15.8
81;2021-05-08;963;877;124545;62016;32.1;16.0
81;2021-05-09;534;1353;125079;63369;32.2;16.3
81;2021-05-10;824;1600;125903;64969;32.5;16.7
81;2021-05-11;1661;2576;127564;67545;32.9;17.4
81;2021-05-12;1638;2462;129202;70007;33.3;18.0
81;2021-05-13;1216;564;130418;70571;33.6;18.2
81;2021-05-14;1890;1724;132308;72295;34.1;18.6
81;2021-05-15;1511;620;133819;72915;34.5;18.8
81;2021-05-16;1368;414;135187;73329;34.9;18.9
81;2021-05-17;1166;864;136353;74193;35.2;19.1
81;2021-05-18;1701;1431;138054;75624;35.6;19.5
81;2021-05-19;2642;1244;140696;76868;36.3;19.8
81;2021-05-20;2967;1350;143663;78218;37.0;20.2
81;2021-05-21;2738;1118;146401;79336;37.7;20.5
81;2021-05-22;2815;519;149216;79855;38.5;20.6
81;2021-05-23;1178;74;150394;79929;38.8;20.6
81;2021-05-24;837;80;151231;80009;39.0;20.6
81;2021-05-25;2493;1106;153724;81115;39.6;20.9
81;2021-05-26;1891;799;155615;81914;40.1;21.1
81;2021-05-27;2556;1540;158171;83454;40.8;21.5
81;2021-05-28;2564;1663;160735;85117;41.4;21.9
81;2021-05-29;1400;542;162135;85659;41.8;22.1
81;2021-05-30;935;220;163070;85879;42.0;22.1
81;2021-05-31;1183;1340;164253;87219;42.3;22.5
81;2021-06-01;1781;2696;166034;89915;42.8;23.2
81;2021-06-02;2004;2446;168038;92361;43.3;23.8
81;2021-06-03;2003;2534;170041;94895;43.8;24.5
81;2021-06-04;1845;2948;171886;97843;44.3;25.2
81;2021-06-05;1754;1306;173640;99149;44.8;25.6
81;2021-06-06;370;366;174010;99515;44.9;25.7
81;2021-06-07;1209;1540;175219;101055;45.2;26.1
81;2021-06-08;2370;2388;177589;103443;45.8;26.7
81;2021-06-09;2439;1869;180028;105312;46.4;27.1
81;2021-06-10;1280;1565;181308;106877;46.7;27.6
81;2021-06-11;2654;2201;183962;109078;47.4;28.1
81;2021-06-12;1659;1038;185621;110116;47.9;28.4
81;2021-06-13;444;475;186065;110591;48.0;28.5
81;2021-06-14;773;1422;186838;112013;48.2;28.9
81;2021-06-15;1678;3502;188516;115515;48.6;29.8
81;2021-06-16;1267;3014;189783;118529;48.9;30.6
81;2021-06-17;1343;2524;191126;121053;49.3;31.2
81;2021-06-18;1836;2771;192962;123824;49.7;31.9
81;2021-06-19;825;949;193787;124773;50.0;32.2
81;2021-06-20;405;536;194192;125309;50.1;32.3
81;2021-06-21;425;1038;194617;126347;50.2;32.6
81;2021-06-22;1060;2566;195677;128913;50.4;33.2
81;2021-06-23;1142;2157;196819;131070;50.7;33.8
81;2021-06-24;1114;1938;197933;133008;51.0;34.3
81;2021-06-25;1241;2867;199174;135875;51.3;35.0
81;2021-06-26;722;1712;199896;137587;51.5;35.5
81;2021-06-27;526;1646;200422;139233;51.7;35.9
81;2021-06-28;476;1541;200898;140774;51.8;36.3
81;2021-06-29;1083;2638;201981;143412;52.1;37.0
81;2021-06-30;1042;3154;203023;146566;52.3;37.8
81;2021-07-01;880;2627;203903;149193;52.6;38.5
81;2021-07-02;988;2858;204891;152051;52.8;39.2
81;2021-07-03;732;2830;205623;154881;53.0;39.9
81;2021-07-04;268;1010;205891;155891;53.1;40.2
81;2021-07-05;702;1623;206593;157514;53.3;40.6
81;2021-07-06;973;3176;207566;160690;53.5;41.4
81;2021-07-07;1060;2437;208626;163127;53.8;42.1
81;2021-07-08;1029;2234;209655;165361;54.0;42.6
81;2021-07-09;1147;2703;210802;168064;54.3;43.3
81;2021-07-10;807;1523;211609;169587;54.6;43.7
81;2021-07-11;436;1011;212045;170598;54.7;44.0
81;2021-07-12;736;1726;212781;172324;54.9;44.4
81;2021-07-13;2063;3144;214844;175468;55.4;45.2
81;2021-07-14;1442;1567;216286;177035;55.8;45.6
81;2021-07-15;2543;2761;218829;179796;56.4;46.4
81;2021-07-16;2022;3029;220851;182825;56.9;47.1
81;2021-07-17;1217;2455;222068;185280;57.2;47.8
81;2021-07-18;672;1129;222740;186409;57.4;48.1
81;2021-07-19;1251;1732;223991;188141;57.7;48.5
81;2021-07-20;3058;2806;227049;190947;58.5;49.2
81;2021-07-21;3485;2342;230534;193289;59.4;49.8
81;2021-07-22;3551;2093;234085;195382;60.3;50.4
81;2021-07-23;3165;3241;237250;198623;61.2;51.2
81;2021-07-24;2514;1716;239764;200339;61.8;51.6
81;2021-07-25;1684;708;241448;201047;62.2;51.8
81;2021-07-26;2004;1540;243452;202587;62.8;52.2
81;2021-07-27;3572;2537;247024;205124;63.7;52.9
81;2021-07-28;3023;2195;250047;207319;64.5;53.4
81;2021-07-29;3319;1771;253366;209090;65.3;53.9
81;2021-07-30;2811;2253;256177;211343;66.0;54.5
81;2021-07-31;1943;1007;258120;212350;66.5;54.7
81;2021-08-01;831;636;258951;212986;66.8;54.9
81;2021-08-02;1066;986;260017;213972;67.0;55.2
81;2021-08-03;2307;2108;262324;216080;67.6;55.7
81;2021-08-04;2021;1527;264345;217607;68.1;56.1
81;2021-08-05;1518;1871;265863;219478;68.5;56.6
81;2021-08-06;1718;1970;267581;221448;69.0;57.1
81;2021-08-07;978;1040;268559;222488;69.2;57.4
81;2021-08-08;436;709;268995;223197;69.3;57.5
81;2021-08-09;791;656;269786;223853;69.6;57.7
81;2021-08-10;1601;2755;271387;226608;70.0;58.4
81;2021-08-11;1106;2405;272493;229013;70.2;59.0
81;2021-08-12;1034;2242;273527;231255;70.5;59.6
81;2021-08-13;864;2465;274391;233720;70.7;60.3
81;2021-08-14;490;1872;274881;235592;70.9;60.7
81;2021-08-15;141;1100;275022;236692;70.9;61.0
81;2021-08-16;615;1819;275637;238511;71.1;61.5
82;2020-12-27;0;0;0;0;0.0;0.0
82;2020-12-28;2;0;2;0;0.0;0.0
82;2020-12-29;0;0;2;0;0.0;0.0
82;2020-12-30;0;0;2;0;0.0;0.0
82;2020-12-31;0;0;2;0;0.0;0.0
82;2021-01-01;0;0;2;0;0.0;0.0
82;2021-01-02;0;0;2;0;0.0;0.0
82;2021-01-03;0;0;2;0;0.0;0.0
82;2021-01-04;0;0;2;0;0.0;0.0
82;2021-01-05;86;0;88;0;0.0;0.0
82;2021-01-06;1;0;89;0;0.0;0.0
82;2021-01-07;75;0;164;0;0.1;0.0
82;2021-01-08;46;0;210;0;0.1;0.0
82;2021-01-09;77;0;287;0;0.1;0.0
82;2021-01-10;0;0;287;0;0.1;0.0
82;2021-01-11;94;0;381;0;0.1;0.0
82;2021-01-12;284;0;665;0;0.3;0.0
82;2021-01-13;336;1;1001;1;0.4;0.0
82;2021-01-14;442;3;1443;4;0.5;0.0
82;2021-01-15;612;2;2055;6;0.8;0.0
82;2021-01-16;230;3;2285;9;0.9;0.0
82;2021-01-17;89;0;2374;9;0.9;0.0
82;2021-01-18;433;0;2807;9;1.1;0.0
82;2021-01-19;479;1;3286;10;1.3;0.0
82;2021-01-20;663;2;3949;12;1.5;0.0
82;2021-01-21;447;1;4396;13;1.7;0.0
82;2021-01-22;483;2;4879;15;1.9;0.0
82;2021-01-23;151;0;5030;15;1.9;0.0
82;2021-01-24;0;0;5030;15;1.9;0.0
82;2021-01-25;376;0;5406;15;2.1;0.0
82;2021-01-26;468;0;5874;15;2.2;0.0
82;2021-01-27;519;0;6393;15;2.4;0.0
82;2021-01-28;586;34;6979;49;2.7;0.0
82;2021-01-29;405;108;7384;157;2.8;0.1
82;2021-01-30;44;22;7428;179;2.8;0.1
82;2021-01-31;0;0;7428;179;2.8;0.1
82;2021-02-01;292;55;7720;234;2.9;0.1
82;2021-02-02;344;100;8064;334;3.1;0.1
82;2021-02-03;462;66;8526;400;3.2;0.2
82;2021-02-04;765;219;9291;619;3.5;0.2
82;2021-02-05;480;148;9771;767;3.7;0.3
82;2021-02-06;93;39;9864;806;3.8;0.3
82;2021-02-07;29;79;9893;885;3.8;0.3
82;2021-02-08;149;226;10042;1111;3.8;0.4
82;2021-02-09;238;393;10280;1504;3.9;0.6
82;2021-02-10;271;602;10551;2106;4.0;0.8
82;2021-02-11;224;402;10775;2508;4.1;1.0
82;2021-02-12;190;610;10965;3118;4.2;1.2
82;2021-02-13;59;118;11024;3236;4.2;1.2
82;2021-02-14;4;81;11028;3317;4.2;1.3
82;2021-02-15;217;305;11245;3622;4.3;1.4
82;2021-02-16;280;391;11525;4013;4.4;1.5
82;2021-02-17;359;519;11884;4532;4.5;1.7
82;2021-02-18;507;506;12391;5038;4.7;1.9
82;2021-02-19;490;542;12881;5580;4.9;2.1
82;2021-02-20;78;139;12959;5719;4.9;2.2
82;2021-02-21;0;0;12959;5719;4.9;2.2
82;2021-02-22;200;408;13159;6127;5.0;2.3
82;2021-02-23;276;469;13435;6596;5.1;2.5
82;2021-02-24;283;458;13718;7054;5.2;2.7
82;2021-02-25;637;508;14355;7562;5.5;2.9
82;2021-02-26;648;397;15003;7959;5.7;3.0
82;2021-02-27;214;74;15217;8033;5.8;3.1
82;2021-02-28;30;7;15247;8040;5.8;3.1
82;2021-03-01;291;229;15538;8269;5.9;3.1
82;2021-03-02;495;402;16033;8671;6.1;3.3
82;2021-03-03;441;388;16474;9059;6.3;3.4
82;2021-03-04;600;300;17074;9359;6.5;3.6
82;2021-03-05;680;382;17754;9741;6.8;3.7
82;2021-03-06;693;43;18447;9784;7.0;3.7
82;2021-03-07;302;3;18749;9787;7.1;3.7
82;2021-03-08;603;155;19352;9942;7.4;3.8
82;2021-03-09;582;257;19934;10199;7.6;3.9
82;2021-03-10;778;247;20712;10446;7.9;4.0
82;2021-03-11;974;281;21686;10727;8.3;4.1
82;2021-03-12;992;104;22678;10831;8.6;4.1
82;2021-03-13;564;53;23242;10884;8.9;4.1
82;2021-03-14;61;5;23303;10889;8.9;4.1
82;2021-03-15;485;326;23788;11215;9.1;4.3
82;2021-03-16;197;334;23985;11549;9.1;4.4
82;2021-03-17;191;295;24176;11844;9.2;4.5
82;2021-03-18;279;350;24455;12194;9.3;4.6
82;2021-03-19;533;314;24988;12508;9.5;4.8
82;2021-03-20;251;58;25239;12566;9.6;4.8
82;2021-03-21;23;0;25262;12566;9.6;4.8
82;2021-03-22;405;320;25667;12886;9.8;4.9
82;2021-03-23;602;313;26269;13199;10.0;5.0
82;2021-03-24;620;335;26889;13534;10.2;5.2
82;2021-03-25;928;244;27817;13778;10.6;5.2
82;2021-03-26;1216;268;29033;14046;11.1;5.3
82;2021-03-27;479;78;29512;14124;11.2;5.4
82;2021-03-28;136;2;29648;14126;11.3;5.4
82;2021-03-29;925;379;30573;14505;11.6;5.5
82;2021-03-30;1188;280;31761;14785;12.1;5.6
82;2021-03-31;1019;261;32780;15046;12.5;5.7
82;2021-04-01;1072;197;33852;15243;12.9;5.8
82;2021-04-02;1212;286;35064;15529;13.4;5.9
82;2021-04-03;715;130;35779;15659;13.6;6.0
82;2021-04-04;276;13;36055;15672;13.7;6.0
82;2021-04-05;388;20;36443;15692;13.9;6.0
82;2021-04-06;953;511;37396;16203;14.2;6.2
82;2021-04-07;1017;498;38413;16701;14.6;6.4
82;2021-04-08;1454;417;39867;17118;15.2;6.5
82;2021-04-09;1656;471;41523;17589;15.8;6.7
82;2021-04-10;1714;100;43237;17689;16.5;6.7
82;2021-04-11;559;19;43796;17708;16.7;6.7
82;2021-04-12;1348;292;45144;18000;17.2;6.9
82;2021-04-13;1625;268;46769;18268;17.8;7.0
82;2021-04-14;1409;297;48178;18565;18.3;7.1
82;2021-04-15;1781;323;49959;18888;19.0;7.2
82;2021-04-16;1541;331;51500;19219;19.6;7.3
82;2021-04-17;1243;69;52743;19288;20.1;7.3
82;2021-04-18;561;15;53304;19303;20.3;7.4
82;2021-04-19;959;359;54263;19662;20.7;7.5
82;2021-04-20;1268;403;55531;20065;21.1;7.6
82;2021-04-21;1219;374;56750;20439;21.6;7.8
82;2021-04-22;1451;294;58201;20733;22.2;7.9
82;2021-04-23;1075;682;59276;21415;22.6;8.2
82;2021-04-24;1186;265;60462;21680;23.0;8.3
82;2021-04-25;736;49;61198;21729;23.3;8.3
82;2021-04-26;748;808;61946;22537;23.6;8.6
82;2021-04-27;905;924;62851;23461;23.9;8.9
82;2021-04-28;921;871;63772;24332;24.3;9.3
82;2021-04-29;1106;911;64878;25243;24.7;9.6
82;2021-04-30;1041;889;65919;26132;25.1;10.0
82;2021-05-01;1141;258;67060;26390;25.5;10.0
82;2021-05-02;697;145;67757;26535;25.8;10.1
82;2021-05-03;410;1215;68167;27750;26.0;10.6
82;2021-05-04;864;1170;69031;28920;26.3;11.0
82;2021-05-05;568;1173;69599;30093;26.5;11.5
82;2021-05-06;850;1421;70449;31514;26.8;12.0
82;2021-05-07;735;1456;71184;32970;27.1;12.6
82;2021-05-08;935;520;72119;33490;27.5;12.8
82;2021-05-09;753;580;72872;34070;27.7;13.0
82;2021-05-10;850;1365;73722;35435;28.1;13.5
82;2021-05-11;1158;1349;74880;36784;28.5;14.0
82;2021-05-12;1016;1345;75896;38129;28.9;14.5
82;2021-05-13;1454;432;77350;38561;29.5;14.7
82;2021-05-14;1691;1240;79041;39801;30.1;15.2
82;2021-05-15;1935;694;80976;40495;30.8;15.4
82;2021-05-16;558;115;81534;40610;31.0;15.5
82;2021-05-17;1090;1173;82624;41783;31.5;15.9
82;2021-05-18;1467;1188;84091;42971;32.0;16.4
82;2021-05-19;1271;978;85362;43949;32.5;16.7
82;2021-05-20;1409;1158;86771;45107;33.0;17.2
82;2021-05-21;1411;1217;88182;46324;33.6;17.6
82;2021-05-22;2069;632;90251;46956;34.4;17.9
82;2021-05-23;705;117;90956;47073;34.6;17.9
82;2021-05-24;1441;263;92397;47336;35.2;18.0
82;2021-05-25;1445;964;93842;48300;35.7;18.4
82;2021-05-26;1414;923;95256;49223;36.3;18.7
82;2021-05-27;1460;1025;96716;50248;36.8;19.1
82;2021-05-28;1540;1145;98256;51393;37.4;19.6
82;2021-05-29;1496;546;99752;51939;38.0;19.8
82;2021-05-30;402;101;100154;52040;38.1;19.8
82;2021-05-31;1491;992;101645;53032;38.7;20.2
82;2021-06-01;1751;1055;103396;54087;39.4;20.6
82;2021-06-02;1473;1005;104869;55092;39.9;21.0
82;2021-06-03;1490;1183;106359;56275;40.5;21.4
82;2021-06-04;2248;1307;108607;57582;41.4;21.9
82;2021-06-05;2271;985;110878;58567;42.2;22.3
82;2021-06-06;328;133;111206;58700;42.3;22.4
82;2021-06-07;958;1275;112164;59975;42.7;22.8
82;2021-06-08;1446;1141;113610;61116;43.3;23.3
82;2021-06-09;1708;1143;115318;62259;43.9;23.7
82;2021-06-10;1440;1208;116758;63467;44.5;24.2
82;2021-06-11;1922;1124;118680;64591;45.2;24.6
82;2021-06-12;2392;1398;121072;65989;46.1;25.1
82;2021-06-13;378;113;121450;66102;46.2;25.2
82;2021-06-14;1212;1083;122662;67185;46.7;25.6
82;2021-06-15;1462;1243;124124;68428;47.3;26.1
82;2021-06-16;1751;1168;125875;69596;47.9;26.5
82;2021-06-17;1219;1474;127094;71070;48.4;27.1
82;2021-06-18;1469;1438;128563;72508;49.0;27.6
82;2021-06-19;2271;982;130834;73490;49.8;28.0
82;2021-06-20;268;174;131102;73664;49.9;28.0
82;2021-06-21;483;1361;131585;75025;50.1;28.6
82;2021-06-22;892;1707;132477;76732;50.4;29.2
82;2021-06-23;1238;1588;133715;78320;50.9;29.8
82;2021-06-24;756;1904;134471;80224;51.2;30.5
82;2021-06-25;741;1938;135212;82162;51.5;31.3
82;2021-06-26;1240;2146;136452;84308;52.0;32.1
82;2021-06-27;195;438;136647;84746;52.0;32.3
82;2021-06-28;330;1413;136977;86159;52.2;32.8
82;2021-06-29;518;1841;137495;88000;52.4;33.5
82;2021-06-30;948;1910;138443;89910;52.7;34.2
82;2021-07-01;658;1632;139101;91542;53.0;34.9
82;2021-07-02;931;2298;140032;93840;53.3;35.7
82;2021-07-03;859;2341;140891;96181;53.6;36.6
82;2021-07-04;120;439;141011;96620;53.7;36.8
82;2021-07-05;444;1562;141455;98182;53.9;37.4
82;2021-07-06;512;1865;141967;100047;54.1;38.1
82;2021-07-07;791;1777;142758;101824;54.4;38.8
82;2021-07-08;505;1504;143263;103328;54.6;39.3
82;2021-07-09;780;2152;144043;105480;54.8;40.2
82;2021-07-10;705;2217;144748;107697;55.1;41.0
82;2021-07-11;38;381;144786;108078;55.1;41.2
82;2021-07-12;579;1882;145365;109960;55.4;41.9
82;2021-07-13;709;2004;146074;111964;55.6;42.6
82;2021-07-14;617;740;146691;112704;55.9;42.9
82;2021-07-15;857;1753;147548;114457;56.2;43.6
82;2021-07-16;1436;2637;148984;117094;56.7;44.6
82;2021-07-17;562;2192;149546;119286;56.9;45.4
82;2021-07-18;14;41;149560;119327;56.9;45.4
82;2021-07-19;730;2073;150290;121400;57.2;46.2
82;2021-07-20;918;1886;151208;123286;57.6;46.9
82;2021-07-21;1286;1762;152494;125048;58.1;47.6
82;2021-07-22;1076;1763;153570;126811;58.5;48.3
82;2021-07-23;1050;2988;154620;129799;58.9;49.4
82;2021-07-24;1102;1483;155722;131282;59.3;50.0
82;2021-07-25;302;72;156024;131354;59.4;50.0
82;2021-07-26;945;1897;156969;133251;59.8;50.7
82;2021-07-27;1329;1643;158298;134894;60.3;51.4
82;2021-07-28;1465;1499;159763;136393;60.8;51.9
82;2021-07-29;1323;1529;161086;137922;61.3;52.5
82;2021-07-30;1530;2478;162616;140400;61.9;53.5
82;2021-07-31;456;295;163072;140695;62.1;53.6
82;2021-08-01;272;50;163344;140745;62.2;53.6
82;2021-08-02;1268;873;164612;141618;62.7;53.9
82;2021-08-03;1430;826;166042;142444;63.2;54.2
82;2021-08-04;1360;1025;167402;143469;63.7;54.6
82;2021-08-05;1486;596;168888;144065;64.3;54.9
82;2021-08-06;993;645;169881;144710;64.7;55.1
82;2021-08-07;922;1191;170803;145901;65.0;55.6
82;2021-08-08;155;65;170958;145966;65.1;55.6
82;2021-08-09;1072;891;172030;146857;65.5;55.9
82;2021-08-10;1285;913;173315;147770;66.0;56.3
82;2021-08-11;1259;1120;174574;148890;66.5;56.7
82;2021-08-12;1470;944;176044;149834;67.0;57.1
82;2021-08-13;1389;988;177433;150822;67.6;57.4
82;2021-08-14;310;482;177743;151304;67.7;57.6
82;2021-08-15;61;34;177804;151338;67.7;57.6
82;2021-08-16;780;1461;178584;152799;68.0;58.2
83;2020-12-27;1;0;1;0;0.0;0.0
83;2020-12-28;0;0;1;0;0.0;0.0
83;2020-12-29;0;0;1;0;0.0;0.0
83;2020-12-30;1;0;2;0;0.0;0.0
83;2020-12-31;0;0;2;0;0.0;0.0
83;2021-01-01;1;0;3;0;0.0;0.0
83;2021-01-02;0;0;3;0;0.0;0.0
83;2021-01-03;1;0;4;0;0.0;0.0
83;2021-01-04;1;0;5;0;0.0;0.0
83;2021-01-05;2;0;7;0;0.0;0.0
83;2021-01-06;69;0;76;0;0.0;0.0
83;2021-01-07;324;1;400;1;0.0;0.0
83;2021-01-08;411;0;811;1;0.1;0.0
83;2021-01-09;48;0;859;1;0.1;0.0
83;2021-01-10;1;0;860;1;0.1;0.0
83;2021-01-11;475;0;1335;1;0.1;0.0
83;2021-01-12;1000;3;2335;4;0.2;0.0
83;2021-01-13;961;7;3296;11;0.3;0.0
83;2021-01-14;838;5;4134;16;0.4;0.0
83;2021-01-15;701;1;4835;17;0.5;0.0
83;2021-01-16;41;1;4876;18;0.5;0.0
83;2021-01-17;1;0;4877;18;0.5;0.0
83;2021-01-18;1221;4;6098;22;0.6;0.0
83;2021-01-19;2016;7;8114;29;0.8;0.0
83;2021-01-20;1659;10;9773;39;0.9;0.0
83;2021-01-21;2101;8;11874;47;1.1;0.0
83;2021-01-22;1658;5;13532;52;1.3;0.0
83;2021-01-23;244;0;13776;52;1.3;0.0
83;2021-01-24;21;1;13797;53;1.3;0.0
83;2021-01-25;1552;6;15349;59;1.4;0.0
83;2021-01-26;1757;15;17106;74;1.6;0.0
83;2021-01-27;2152;82;19258;156;1.8;0.0
83;2021-01-28;5079;360;24337;516;2.3;0.0
83;2021-01-29;2947;350;27284;866;2.5;0.1
83;2021-01-30;234;45;27518;911;2.6;0.1
83;2021-01-31;46;0;27564;911;2.6;0.1
83;2021-02-01;1277;422;28841;1333;2.7;0.1
83;2021-02-02;1438;726;30279;2059;2.8;0.2
83;2021-02-03;1526;638;31805;2697;3.0;0.3
83;2021-02-04;1484;749;33289;3446;3.1;0.3
83;2021-02-05;1218;680;34507;4126;3.2;0.4
83;2021-02-06;22;14;34529;4140;3.2;0.4
83;2021-02-07;1;0;34530;4140;3.2;0.4
83;2021-02-08;1089;626;35619;4766;3.3;0.4
83;2021-02-09;1324;915;36943;5681;3.4;0.5
83;2021-02-10;1527;805;38470;6486;3.6;0.6
83;2021-02-11;1605;1023;40075;7509;3.7;0.7
83;2021-02-12;1346;828;41421;8337;3.9;0.8
83;2021-02-13;52;25;41473;8362;3.9;0.8
83;2021-02-14;0;0;41473;8362;3.9;0.8
83;2021-02-15;669;1058;42142;9420;3.9;0.9
83;2021-02-16;542;1379;42684;10799;4.0;1.0
83;2021-02-17;804;1838;43488;12637;4.0;1.2
83;2021-02-18;1623;3871;45111;16508;4.2;1.5
83;2021-02-19;1475;2339;46586;18847;4.3;1.8
83;2021-02-20;63;170;46649;19017;4.3;1.8
83;2021-02-21;24;35;46673;19052;4.3;1.8
83;2021-02-22;501;1757;47174;20809;4.4;1.9
83;2021-02-23;670;1447;47844;22256;4.5;2.1
83;2021-02-24;722;1488;48566;23744;4.5;2.2
83;2021-02-25;1249;1413;49815;25157;4.6;2.3
83;2021-02-26;1297;1260;51112;26417;4.8;2.5
83;2021-02-27;551;55;51663;26472;4.8;2.5
83;2021-02-28;8;13;51671;26485;4.8;2.5
83;2021-03-01;810;1240;52481;27725;4.9;2.6
83;2021-03-02;988;1313;53469;29038;5.0;2.7
83;2021-03-03;1435;1528;54904;30566;5.1;2.8
83;2021-03-04;1888;1384;56792;31950;5.3;3.0
83;2021-03-05;2217;1240;59009;33190;5.5;3.1
83;2021-03-06;3006;113;62015;33303;5.8;3.1
83;2021-03-07;2224;40;64239;33343;6.0;3.1
83;2021-03-08;849;1319;65088;34662;6.1;3.2
83;2021-03-09;1929;1226;67017;35888;6.2;3.3
83;2021-03-10;2373;1363;69390;37251;6.5;3.5
83;2021-03-11;3672;2204;73062;39455;6.8;3.7
83;2021-03-12;3644;1511;76706;40966;7.1;3.8
83;2021-03-13;4601;173;81307;41139;7.6;3.8
83;2021-03-14;2331;47;83638;41186;7.8;3.8
83;2021-03-15;3337;665;86975;41851;8.1;3.9
83;2021-03-16;2597;697;89572;42548;8.3;4.0
83;2021-03-17;2846;785;92418;43333;8.6;4.0
83;2021-03-18;3551;799;95969;44132;8.9;4.1
83;2021-03-19;4171;583;100140;44715;9.3;4.2
83;2021-03-20;3475;67;103615;44782;9.6;4.2
83;2021-03-21;2011;29;105626;44811;9.8;4.2
83;2021-03-22;3961;892;109587;45703;10.2;4.3
83;2021-03-23;4749;590;114336;46293;10.6;4.3
83;2021-03-24;5046;718;119382;47011;11.1;4.4
83;2021-03-25;6530;849;125912;47860;11.7;4.5
83;2021-03-26;7172;748;133084;48608;12.4;4.5
83;2021-03-27;3966;388;137050;48996;12.8;4.6
83;2021-03-28;2183;31;139233;49027;13.0;4.6
83;2021-03-29;4549;764;143782;49791;13.4;4.6
83;2021-03-30;5963;943;149745;50734;13.9;4.7
83;2021-03-31;5552;1072;155297;51806;14.5;4.8
83;2021-04-01;5977;1256;161274;53062;15.0;4.9
83;2021-04-02;5759;1066;167033;54128;15.6;5.0
83;2021-04-03;1800;633;168833;54761;15.7;5.1
83;2021-04-04;855;346;169688;55107;15.8;5.1
83;2021-04-05;190;66;169878;55173;15.8;5.1
83;2021-04-06;4726;1399;174604;56572;16.3;5.3
83;2021-04-07;5830;1660;180434;58232;16.8;5.4
83;2021-04-08;7884;1995;188318;60227;17.5;5.6
83;2021-04-09;7585;2190;195903;62417;18.2;5.8
83;2021-04-10;2947;2652;198850;65069;18.5;6.1
83;2021-04-11;1720;2136;200570;67205;18.7;6.3
83;2021-04-12;4951;2874;205521;70079;19.1;6.5
83;2021-04-13;5405;3005;210926;73084;19.6;6.8
83;2021-04-14;5897;2945;216823;76029;20.2;7.1
83;2021-04-15;6776;3035;223599;79064;20.8;7.4
83;2021-04-16;6125;3513;229724;82577;21.4;7.7
83;2021-04-17;3512;2188;233236;84765;21.7;7.9
83;2021-04-18;2174;1297;235410;86062;21.9;8.0
83;2021-04-19;4107;3906;239517;89968;22.3;8.4
83;2021-04-20;4358;3870;243875;93838;22.7;8.7
83;2021-04-21;4302;4158;248177;97996;23.1;9.1
83;2021-04-22;5003;4301;253180;102297;23.6;9.5
83;2021-04-23;4526;4565;257706;106862;24.0;10.0
83;2021-04-24;2628;2709;260334;109571;24.2;10.2
83;2021-04-25;1927;1572;262261;111143;24.4;10.4
83;2021-04-26;3568;3852;265829;114995;24.8;10.7
83;2021-04-27;4134;4547;269963;119542;25.1;11.1
83;2021-04-28;4314;4369;274277;123911;25.5;11.5
83;2021-04-29;5813;5113;280090;129024;26.1;12.0
83;2021-04-30;5788;4308;285878;133332;26.6;12.4
83;2021-05-01;1692;426;287570;133758;26.8;12.5
83;2021-05-02;1237;754;288807;134512;26.9;12.5
83;2021-05-03;3751;4281;292558;138793;27.2;12.9
83;2021-05-04;3346;5100;295904;143893;27.6;13.4
83;2021-05-05;3642;4965;299546;148858;27.9;13.9
83;2021-05-06;4672;4955;304218;153813;28.3;14.3
83;2021-05-07;4172;5318;308390;159131;28.7;14.8
83;2021-05-08;2762;1013;311152;160144;29.0;14.9
83;2021-05-09;2151;1234;313303;161378;29.2;15.0
83;2021-05-10;3205;5421;316508;166799;29.5;15.5
83;2021-05-11;5124;5683;321632;172482;30.0;16.1
83;2021-05-12;6292;4846;327924;177328;30.5;16.5
83;2021-05-13;6582;1342;334506;178670;31.2;16.6
83;2021-05-14;7422;4112;341928;182782;31.8;17.0
83;2021-05-15;7753;2201;349681;184983;32.6;17.2
83;2021-05-16;6627;1248;356308;186231;33.2;17.3
83;2021-05-17;4893;4214;361201;190445;33.6;17.7
83;2021-05-18;5530;3861;366731;194306;34.2;18.1
83;2021-05-19;6206;3402;372937;197708;34.7;18.4
83;2021-05-20;6757;3794;379694;201502;35.4;18.8
83;2021-05-21;7908;3871;387602;205373;36.1;19.1
83;2021-05-22;6090;1718;393692;207091;36.7;19.3
83;2021-05-23;4686;705;398378;207796;37.1;19.4
83;2021-05-24;5810;971;404188;208767;37.6;19.4
83;2021-05-25;5512;4752;409700;213519;38.2;19.9
83;2021-05-26;4859;4436;414559;217955;38.6;20.3
83;2021-05-27;5072;5260;419631;223215;39.1;20.8
83;2021-05-28;4506;5767;424137;228982;39.5;21.3
83;2021-05-29;2706;4274;426843;233256;39.7;21.7
83;2021-05-30;1257;1375;428100;234631;39.9;21.8
83;2021-05-31;5488;4766;433588;239397;40.4;22.3
83;2021-06-01;5730;5304;439318;244701;40.9;22.8
83;2021-06-02;5258;4580;444576;249281;41.4;23.2
83;2021-06-03;5743;5133;450319;254414;41.9;23.7
83;2021-06-04;5446;6043;455765;260457;42.4;24.3
83;2021-06-05;3925;3194;459690;263651;42.8;24.6
83;2021-06-06;1936;1383;461626;265034;43.0;24.7
83;2021-06-07;3919;5088;465545;270122;43.4;25.2
83;2021-06-08;4173;4825;469718;274947;43.7;25.6
83;2021-06-09;4005;4701;473723;279648;44.1;26.0
83;2021-06-10;3995;4258;477718;283906;44.5;26.4
83;2021-06-11;3655;5443;481373;289349;44.8;26.9
83;2021-06-12;2912;2984;484285;292333;45.1;27.2
83;2021-06-13;995;1391;485280;293724;45.2;27.4
83;2021-06-14;2857;5659;488137;299383;45.5;27.9
83;2021-06-15;3162;4860;491299;304243;45.8;28.3
83;2021-06-16;2961;4506;494260;308749;46.0;28.8
83;2021-06-17;2766;5284;497026;314033;46.3;29.2
83;2021-06-18;3156;5961;500182;319994;46.6;29.8
83;2021-06-19;2319;4095;502501;324089;46.8;30.2
83;2021-06-20;674;1889;503175;325978;46.9;30.4
83;2021-06-21;2111;7587;505286;333565;47.1;31.1
83;2021-06-22;2100;7164;507386;340729;47.2;31.7
83;2021-06-23;1932;6928;509318;347657;47.4;32.4
83;2021-06-24;1953;7367;511271;355024;47.6;33.1
83;2021-06-25;2108;8398;513379;363422;47.8;33.8
83;2021-06-26;1465;6809;514844;370231;47.9;34.5
83;2021-06-27;692;3186;515536;373417;48.0;34.8
83;2021-06-28;1572;7891;517108;381308;48.2;35.5
83;2021-06-29;1903;7806;519011;389114;48.3;36.2
83;2021-06-30;2241;7268;521252;396382;48.5;36.9
83;2021-07-01;2547;6568;523799;402950;48.8;37.5
83;2021-07-02;2258;7795;526057;410745;49.0;38.3
83;2021-07-03;1509;5686;527566;416431;49.1;38.8
83;2021-07-04;570;2750;528136;419181;49.2;39.0
83;2021-07-05;1922;7533;530058;426714;49.4;39.7
83;2021-07-06;2573;5935;532631;432649;49.6;40.3
83;2021-07-07;2680;4668;535311;437317;49.9;40.7
83;2021-07-08;3244;4468;538555;441785;50.2;41.1
83;2021-07-09;3039;6960;541594;448745;50.4;41.8
83;2021-07-10;1574;4926;543168;453671;50.6;42.2
83;2021-07-11;1002;1763;544170;455434;50.7;42.4
83;2021-07-12;2133;7683;546303;463117;50.9;43.1
83;2021-07-13;4027;7076;550330;470193;51.2;43.8
83;2021-07-14;2091;1319;552421;471512;51.4;43.9
83;2021-07-15;4580;6841;557001;478353;51.9;44.5
83;2021-07-16;5268;7119;562269;485472;52.4;45.2
83;2021-07-17;3594;4993;565863;490465;52.7;45.7
83;2021-07-18;1600;1312;567463;491777;52.8;45.8
83;2021-07-19;3947;6310;571410;498087;53.2;46.4
83;2021-07-20;5966;6159;577376;504246;53.8;47.0
83;2021-07-21;6001;5197;583377;509443;54.3;47.4
83;2021-07-22;7072;5526;590449;514969;55.0;48.0
83;2021-07-23;7087;5883;597536;520852;55.6;48.5
83;2021-07-24;4634;4547;602170;525399;56.1;48.9
83;2021-07-25;1323;731;603493;526130;56.2;49.0
83;2021-07-26;5512;4917;609005;531047;56.7;49.5
83;2021-07-27;6760;4868;615765;535915;57.3;49.9
83;2021-07-28;6566;4381;622331;540296;58.0;50.3
83;2021-07-29;7441;4808;629772;545104;58.6;50.8
83;2021-07-30;6919;4730;636691;549834;59.3;51.2
83;2021-07-31;4650;3195;641341;553029;59.7;51.5
83;2021-08-01;1054;845;642395;553874;59.8;51.6
83;2021-08-02;5727;3677;648122;557551;60.4;51.9
83;2021-08-03;6345;3954;654467;561505;60.9;52.3
83;2021-08-04;5862;3672;660329;565177;61.5;52.6
83;2021-08-05;6125;4060;666454;569237;62.1;53.0
83;2021-08-06;6110;4888;672564;574125;62.6;53.5
83;2021-08-07;3735;3530;676299;577655;63.0;53.8
83;2021-08-08;1061;816;677360;578471;63.1;53.9
83;2021-08-09;4696;4617;682056;583088;63.5;54.3
83;2021-08-10;5201;5119;687257;588207;64.0;54.8
83;2021-08-11;4558;5047;691815;593254;64.4;55.2
83;2021-08-12;4878;5525;696693;598779;64.9;55.8
83;2021-08-13;4848;5694;701541;604473;65.3;56.3
83;2021-08-14;3116;3856;704657;608329;65.6;56.7
83;2021-08-15;201;388;704858;608717;65.6;56.7
83;2021-08-16;3511;5413;708369;614130;66.0;57.2
84;2020-12-27;0;0;0;0;0.0;0.0
84;2020-12-28;0;0;0;0;0.0;0.0
84;2020-12-29;0;0;0;0;0.0;0.0
84;2020-12-30;0;0;0;0;0.0;0.0
84;2020-12-31;0;0;0;0;0.0;0.0
84;2021-01-01;0;0;0;0;0.0;0.0
84;2021-01-02;0;0;0;0;0.0;0.0
84;2021-01-03;0;0;0;0;0.0;0.0
84;2021-01-04;0;0;0;0;0.0;0.0
84;2021-01-05;0;0;0;0;0.0;0.0
84;2021-01-06;0;0;0;0;0.0;0.0
84;2021-01-07;69;0;69;0;0.0;0.0
84;2021-01-08;81;0;150;0;0.0;0.0
84;2021-01-09;30;0;180;0;0.0;0.0
84;2021-01-10;0;0;180;0;0.0;0.0
84;2021-01-11;219;0;399;0;0.1;0.0
84;2021-01-12;623;2;1022;2;0.2;0.0
84;2021-01-13;358;0;1380;2;0.2;0.0
84;2021-01-14;940;13;2320;15;0.4;0.0
84;2021-01-15;617;9;2937;24;0.5;0.0
84;2021-01-16;166;0;3103;24;0.6;0.0
84;2021-01-17;29;1;3132;25;0.6;0.0
84;2021-01-18;696;3;3828;28;0.7;0.0
84;2021-01-19;876;2;4704;30;0.8;0.0
84;2021-01-20;1018;3;5722;33;1.0;0.0
84;2021-01-21;1048;4;6770;37;1.2;0.0
84;2021-01-22;1132;0;7902;37;1.4;0.0
84;2021-01-23;248;0;8150;37;1.5;0.0
84;2021-01-24;3;0;8153;37;1.5;0.0
84;2021-01-25;806;0;8959;37;1.6;0.0
84;2021-01-26;938;5;9897;42;1.8;0.0
84;2021-01-27;1071;2;10968;44;2.0;0.0
84;2021-01-28;1622;18;12590;62;2.2;0.0
84;2021-01-29;1198;63;13788;125;2.5;0.0
84;2021-01-30;171;21;13959;146;2.5;0.0
84;2021-01-31;7;0;13966;146;2.5;0.0
84;2021-02-01;654;147;14620;293;2.6;0.1
84;2021-02-02;787;268;15407;561;2.7;0.1
84;2021-02-03;758;244;16165;805;2.9;0.1
84;2021-02-04;912;406;17077;1211;3.0;0.2
84;2021-02-05;727;415;17804;1626;3.2;0.3
84;2021-02-06;126;49;17930;1675;3.2;0.3
84;2021-02-07;0;0;17930;1675;3.2;0.3
84;2021-02-08;568;276;18498;1951;3.3;0.3
84;2021-02-09;691;719;19189;2670;3.4;0.5
84;2021-02-10;554;568;19743;3238;3.5;0.6
84;2021-02-11;546;585;20289;3823;3.6;0.7
84;2021-02-12;560;681;20849;4504;3.7;0.8
84;2021-02-13;46;171;20895;4675;3.7;0.8
84;2021-02-14;3;0;20898;4675;3.7;0.8
84;2021-02-15;209;892;21107;5567;3.8;1.0
84;2021-02-16;222;832;21329;6399;3.8;1.1
84;2021-02-17;447;781;21776;7180;3.9;1.3
84;2021-02-18;555;1104;22331;8284;4.0;1.5
84;2021-02-19;737;1186;23068;9470;4.1;1.7
84;2021-02-20;65;153;23133;9623;4.1;1.7
84;2021-02-21;5;37;23138;9660;4.1;1.7
84;2021-02-22;369;744;23507;10404;4.2;1.9
84;2021-02-23;268;705;23775;11109;4.2;2.0
84;2021-02-24;392;738;24167;11847;4.3;2.1
84;2021-02-25;712;851;24879;12698;4.4;2.3
84;2021-02-26;822;682;25701;13380;4.6;2.4
84;2021-02-27;133;126;25834;13506;4.6;2.4
84;2021-02-28;16;0;25850;13506;4.6;2.4
84;2021-03-01;456;668;26306;14174;4.7;2.5
84;2021-03-02;631;811;26937;14985;4.8;2.7
84;2021-03-03;821;950;27758;15935;4.9;2.8
84;2021-03-04;1095;693;28853;16628;5.1;3.0
84;2021-03-05;1310;520;30163;17148;5.4;3.1
84;2021-03-06;1461;63;31624;17211;5.6;3.1
84;2021-03-07;481;15;32105;17226;5.7;3.1
84;2021-03-08;813;609;32918;17835;5.9;3.2
84;2021-03-09;1387;784;34305;18619;6.1;3.3
84;2021-03-10;1473;669;35778;19288;6.4;3.4
84;2021-03-11;1984;644;37762;19932;6.7;3.6
84;2021-03-12;2078;629;39840;20561;7.1;3.7
84;2021-03-13;745;36;40585;20597;7.2;3.7
84;2021-03-14;247;53;40832;20650;7.3;3.7
84;2021-03-15;1069;311;41901;20961;7.5;3.7
84;2021-03-16;1179;336;43080;21297;7.7;3.8
84;2021-03-17;1144;442;44224;21739;7.9;3.9
84;2021-03-18;1455;399;45679;22138;8.1;3.9
84;2021-03-19;2174;462;47853;22600;8.5;4.0
84;2021-03-20;838;26;48691;22626;8.7;4.0
84;2021-03-21;150;9;48841;22635;8.7;4.0
84;2021-03-22;1155;461;49996;23096;8.9;4.1
84;2021-03-23;1910;465;51906;23561;9.3;4.2
84;2021-03-24;2178;398;54084;23959;9.6;4.3
84;2021-03-25;3653;398;57737;24357;10.3;4.3
84;2021-03-26;3317;482;61054;24839;10.9;4.4
84;2021-03-27;913;56;61967;24895;11.0;4.4
84;2021-03-28;73;2;62040;24897;11.1;4.4
84;2021-03-29;1716;530;63756;25427;11.4;4.5
84;2021-03-30;2666;682;66422;26109;11.8;4.7
84;2021-03-31;2400;645;68822;26754;12.3;4.8
84;2021-04-01;3019;571;71841;27325;12.8;4.9
84;2021-04-02;2449;528;74290;27853;13.2;5.0
84;2021-04-03;508;28;74798;27881;13.3;5.0
84;2021-04-04;12;0;74810;27881;13.3;5.0
84;2021-04-05;811;102;75621;27983;13.5;5.0
84;2021-04-06;2140;838;77761;28821;13.9;5.1
84;2021-04-07;2402;863;80163;29684;14.3;5.3
84;2021-04-08;3651;1034;83814;30718;14.9;5.5
84;2021-04-09;4114;942;87928;31660;15.7;5.6
84;2021-04-10;1308;130;89236;31790;15.9;5.7
84;2021-04-11;37;12;89273;31802;15.9;5.7
84;2021-04-12;2091;804;91364;32606;16.3;5.8
84;2021-04-13;2941;1369;94305;33975;16.8;6.1
84;2021-04-14;2811;1355;97116;35330;17.3;6.3
84;2021-04-15;3272;1416;100388;36746;17.9;6.6
84;2021-04-16;3429;1550;103817;38296;18.5;6.8
84;2021-04-17;1666;196;105483;38492;18.8;6.9
84;2021-04-18;34;0;105517;38492;18.8;6.9
84;2021-04-19;2506;923;108023;39415;19.3;7.0
84;2021-04-20;2626;1530;110649;40945;19.7;7.3
84;2021-04-21;2650;1487;113299;42432;20.2;7.6
84;2021-04-22;3011;1736;116310;44168;20.7;7.9
84;2021-04-23;3032;1896;119342;46064;21.3;8.2
84;2021-04-24;1530;287;120872;46351;21.5;8.3
84;2021-04-25;27;2;120899;46353;21.6;8.3
84;2021-04-26;2184;1372;123083;47725;21.9;8.5
84;2021-04-27;2552;1987;125635;49712;22.4;8.9
84;2021-04-28;2816;1841;128451;51553;22.9;9.2
84;2021-04-29;3421;2028;131872;53581;23.5;9.6
84;2021-04-30;3133;2423;135005;56004;24.1;10.0
84;2021-05-01;457;258;135462;56262;24.1;10.0
84;2021-05-02;1;0;135463;56262;24.1;10.0
84;2021-05-03;2165;1632;137628;57894;24.5;10.3
84;2021-05-04;2489;2528;140117;60422;25.0;10.8
84;2021-05-05;2351;2217;142468;62639;25.4;11.2
84;2021-05-06;3223;2251;145691;64890;26.0;11.6
84;2021-05-07;2766;2559;148457;67449;26.5;12.0
84;2021-05-08;1157;527;149614;67976;26.7;12.1
84;2021-05-09;6;52;149620;68028;26.7;12.1
84;2021-05-10;2156;2458;151776;70486;27.1;12.6
84;2021-05-11;2908;3165;154684;73651;27.6;13.1
84;2021-05-12;2851;2923;157535;76574;28.1;13.6
84;2021-05-13;2160;845;159695;77419;28.5;13.8
84;2021-05-14;2727;2034;162422;79453;29.0;14.2
84;2021-05-15;2002;984;164424;80437;29.3;14.3
84;2021-05-16;1341;184;165765;80621;29.5;14.4
84;2021-05-17;2223;2155;167988;82776;29.9;14.8
84;2021-05-18;2904;2105;170892;84881;30.5;15.1
84;2021-05-19;3233;1664;174125;86545;31.0;15.4
84;2021-05-20;3699;2206;177824;88751;31.7;15.8
84;2021-05-21;3470;2333;181294;91084;32.3;16.2
84;2021-05-22;1584;679;182878;91763;32.6;16.4
84;2021-05-23;6;9;182884;91772;32.6;16.4
84;2021-05-24;1840;426;184724;92198;32.9;16.4
84;2021-05-25;2982;2184;187706;94382;33.5;16.8
84;2021-05-26;3077;2085;190783;96467;34.0;17.2
84;2021-05-27;3855;2322;194638;98789;34.7;17.6
84;2021-05-28;3183;3305;197821;102094;35.3;18.2
84;2021-05-29;1092;1653;198913;103747;35.5;18.5
84;2021-05-30;8;85;198921;103832;35.5;18.5
84;2021-05-31;2192;2636;201113;106468;35.8;19.0
84;2021-06-01;3145;3157;204258;109625;36.4;19.5
84;2021-06-02;3174;2623;207432;112248;37.0;20.0
84;2021-06-03;4112;2985;211544;115233;37.7;20.5
84;2021-06-04;3616;3036;215160;118269;38.4;21.1
84;2021-06-05;1782;1496;216942;119765;38.7;21.3
84;2021-06-06;988;207;217930;119972;38.8;21.4
84;2021-06-07;2453;2748;220383;122720;39.3;21.9
84;2021-06-08;3320;3050;223703;125770;39.9;22.4
84;2021-06-09;3031;2679;226734;128449;40.4;22.9
84;2021-06-10;3507;2787;230241;131236;41.0;23.4
84;2021-06-11;3019;3061;233260;134297;41.6;23.9
84;2021-06-12;1965;1312;235225;135609;41.9;24.2
84;2021-06-13;414;213;235639;135822;42.0;24.2
84;2021-06-14;1929;3157;237568;138979;42.3;24.8
84;2021-06-15;2575;3455;240143;142434;42.8;25.4
84;2021-06-16;2526;2952;242669;145386;43.3;25.9
84;2021-06-17;2996;3474;245665;148860;43.8;26.5
84;2021-06-18;2424;3549;248089;152409;44.2;27.2
84;2021-06-19;1288;1545;249377;153954;44.5;27.4
84;2021-06-20;549;354;249926;154308;44.6;27.5
84;2021-06-21;1569;3130;251495;157438;44.8;28.1
84;2021-06-22;2163;4010;253658;161448;45.2;28.8
84;2021-06-23;2115;3306;255773;164754;45.6;29.4
84;2021-06-24;2199;3482;257972;168236;46.0;30.0
84;2021-06-25;1835;3886;259807;172122;46.3;30.7
84;2021-06-26;1131;1817;260938;173939;46.5;31.0
84;2021-06-27;295;345;261233;174284;46.6;31.1
84;2021-06-28;1206;3222;262439;177506;46.8;31.6
84;2021-06-29;1479;4045;263918;181551;47.0;32.4
84;2021-06-30;1716;3959;265634;185510;47.4;33.1
84;2021-07-01;1808;3948;267442;189458;47.7;33.8
84;2021-07-02;1749;3895;269191;193353;48.0;34.5
84;2021-07-03;1102;2030;270293;195383;48.2;34.8
84;2021-07-04;394;416;270687;195799;48.3;34.9
84;2021-07-05;1537;3540;272224;199339;48.5;35.5
84;2021-07-06;1628;4166;273852;203505;48.8;36.3
84;2021-07-07;1669;3101;275521;206606;49.1;36.8
84;2021-07-08;2159;3745;277680;210351;49.5;37.5
84;2021-07-09;1827;3970;279507;214321;49.8;38.2
84;2021-07-10;1247;2159;280754;216480;50.0;38.6
84;2021-07-11;343;305;281097;216785;50.1;38.6
84;2021-07-12;1379;3839;282476;220624;50.4;39.3
84;2021-07-13;2331;5008;284807;225632;50.8;40.2
84;2021-07-14;1877;1247;286684;226879;51.1;40.4
84;2021-07-15;2631;4546;289315;231425;51.6;41.3
84;2021-07-16;2774;4596;292089;236021;52.1;42.1
84;2021-07-17;1582;2441;293671;238462;52.3;42.5
84;2021-07-18;1013;548;294684;239010;52.5;42.6
84;2021-07-19;2401;3742;297085;242752;53.0;43.3
84;2021-07-20;2941;4162;300026;246914;53.5;44.0
84;2021-07-21;3171;3654;303197;250568;54.0;44.7
84;2021-07-22;3771;3784;306968;254352;54.7;45.3
84;2021-07-23;3504;3671;310472;258023;55.3;46.0
84;2021-07-24;1451;2245;311923;260268;55.6;46.4
84;2021-07-25;1032;506;312955;260774;55.8;46.5
84;2021-07-26;2707;3020;315662;263794;56.3;47.0
84;2021-07-27;3416;3559;319078;267353;56.9;47.7
84;2021-07-28;3831;3301;322909;270654;57.6;48.2
84;2021-07-29;4189;3147;327098;273801;58.3;48.8
84;2021-07-30;3977;3312;331075;277113;59.0;49.4
84;2021-07-31;1992;1679;333067;278792;59.4;49.7
84;2021-08-01;813;425;333880;279217;59.5;49.8
84;2021-08-02;2919;2678;336799;281895;60.0;50.2
84;2021-08-03;4076;2779;340875;284674;60.8;50.7
84;2021-08-04;3856;2587;344731;287261;61.4;51.2
84;2021-08-05;3828;2553;348559;289814;62.1;51.7
84;2021-08-06;3672;2844;352231;292658;62.8;52.2
84;2021-08-07;2040;1718;354271;294376;63.2;52.5
84;2021-08-08;384;733;354655;295109;63.2;52.6
84;2021-08-09;2847;2575;357502;297684;63.7;53.1
84;2021-08-10;3713;2931;361215;300615;64.4;53.6
84;2021-08-11;3255;2655;364470;303270;65.0;54.1
84;2021-08-12;3135;2962;367605;306232;65.5;54.6
84;2021-08-13;2844;2662;370449;308894;66.0;55.1
84;2021-08-14;1674;1726;372123;310620;66.3;55.4
84;2021-08-15;286;226;372409;310846;66.4;55.4
84;2021-08-16;2299;3045;374708;313891;66.8;56.0
85;2020-12-27;1;0;1;0;0.0;0.0
85;2020-12-28;0;0;1;0;0.0;0.0
85;2020-12-29;0;0;1;0;0.0;0.0
85;2020-12-30;0;0;1;0;0.0;0.0
85;2020-12-31;0;0;1;0;0.0;0.0
85;2021-01-01;0;0;1;0;0.0;0.0
85;2021-01-02;0;0;1;0;0.0;0.0
85;2021-01-03;1;0;2;0;0.0;0.0
85;2021-01-04;25;0;27;0;0.0;0.0
85;2021-01-05;62;0;89;0;0.0;0.0
85;2021-01-06;107;1;196;1;0.0;0.0
85;2021-01-07;203;0;399;1;0.1;0.0
85;2021-01-08;291;1;690;2;0.1;0.0
85;2021-01-09;288;2;978;4;0.1;0.0
85;2021-01-10;59;0;1037;4;0.2;0.0
85;2021-01-11;453;0;1490;4;0.2;0.0
85;2021-01-12;586;2;2076;6;0.3;0.0
85;2021-01-13;544;2;2620;8;0.4;0.0
85;2021-01-14;681;4;3301;12;0.5;0.0
85;2021-01-15;438;3;3739;15;0.5;0.0
85;2021-01-16;264;3;4003;18;0.6;0.0
85;2021-01-17;37;0;4040;18;0.6;0.0
85;2021-01-18;999;3;5039;21;0.7;0.0
85;2021-01-19;1427;16;6466;37;0.9;0.0
85;2021-01-20;1874;2;8340;39;1.2;0.0
85;2021-01-21;3220;10;11560;49;1.7;0.0
85;2021-01-22;1696;19;13256;68;1.9;0.0
85;2021-01-23;466;2;13722;70;2.0;0.0
85;2021-01-24;50;0;13772;70;2.0;0.0
85;2021-01-25;577;1;14349;71;2.1;0.0
85;2021-01-26;876;34;15225;105;2.2;0.0
85;2021-01-27;1804;32;17029;137;2.5;0.0
85;2021-01-28;1631;38;18660;175;2.7;0.0
85;2021-01-29;875;63;19535;238;2.9;0.0
85;2021-01-30;149;5;19684;243;2.9;0.0
85;2021-01-31;2;46;19686;289;2.9;0.0
85;2021-02-01;480;103;20166;392;3.0;0.1
85;2021-02-02;537;175;20703;567;3.0;0.1
85;2021-02-03;414;261;21117;828;3.1;0.1
85;2021-02-04;621;267;21738;1095;3.2;0.2
85;2021-02-05;624;265;22362;1360;3.3;0.2
85;2021-02-06;156;245;22518;1605;3.3;0.2
85;2021-02-07;1;0;22519;1605;3.3;0.2
85;2021-02-08;387;653;22906;2258;3.4;0.3
85;2021-02-09;662;1060;23568;3318;3.4;0.5
85;2021-02-10;583;1132;24151;4450;3.5;0.7
85;2021-02-11;1541;3042;25692;7492;3.8;1.1
85;2021-02-12;1012;1262;26704;8754;3.9;1.3
85;2021-02-13;250;505;26954;9259;3.9;1.4
85;2021-02-14;2;132;26956;9391;3.9;1.4
85;2021-02-15;336;813;27292;10204;4.0;1.5
85;2021-02-16;570;1189;27862;11393;4.1;1.7
85;2021-02-17;786;1575;28648;12968;4.2;1.9
85;2021-02-18;1277;1937;29925;14905;4.4;2.2
85;2021-02-19;957;1208;30882;16113;4.5;2.4
85;2021-02-20;174;262;31056;16375;4.5;2.4
85;2021-02-21;1;11;31057;16386;4.5;2.4
85;2021-02-22;814;886;31871;17272;4.7;2.5
85;2021-02-23;828;485;32699;17757;4.8;2.6
85;2021-02-24;756;313;33455;18070;4.9;2.6
85;2021-02-25;1336;402;34791;18472;5.1;2.7
85;2021-02-26;1228;330;36019;18802;5.3;2.8
85;2021-02-27;400;99;36419;18901;5.3;2.8
85;2021-02-28;7;1;36426;18902;5.3;2.8
85;2021-03-01;765;432;37191;19334;5.4;2.8
85;2021-03-02;1100;793;38291;20127;5.6;2.9
85;2021-03-03;843;516;39134;20643;5.7;3.0
85;2021-03-04;1577;1177;40711;21820;6.0;3.2
85;2021-03-05;1739;852;42450;22672;6.2;3.3
85;2021-03-06;1227;129;43677;22801;6.4;3.3
85;2021-03-07;333;35;44010;22836;6.4;3.3
85;2021-03-08;1741;461;45751;23297;6.7;3.4
85;2021-03-09;2240;575;47991;23872;7.0;3.5
85;2021-03-10;1863;652;49854;24524;7.3;3.6
85;2021-03-11;3119;1089;52973;25613;7.8;3.7
85;2021-03-12;2728;868;55701;26481;8.2;3.9
85;2021-03-13;1371;162;57072;26643;8.4;3.9
85;2021-03-14;182;2;57254;26645;8.4;3.9
85;2021-03-15;1918;517;59172;27162;8.7;4.0
85;2021-03-16;1630;517;60802;27679;8.9;4.1
85;2021-03-17;980;525;61782;28204;9.0;4.1
85;2021-03-18;1902;453;63684;28657;9.3;4.2
85;2021-03-19;2200;371;65884;29028;9.6;4.2
85;2021-03-20;1068;178;66952;29206;9.8;4.3
85;2021-03-21;271;5;67223;29211;9.8;4.3
85;2021-03-22;1762;560;68985;29771;10.1;4.4
85;2021-03-23;2419;734;71404;30505;10.5;4.5
85;2021-03-24;2205;529;73609;31034;10.8;4.5
85;2021-03-25;3648;598;77257;31632;11.3;4.6
85;2021-03-26;3359;649;80616;32281;11.8;4.7
85;2021-03-27;1729;122;82345;32403;12.1;4.7
85;2021-03-28;539;4;82884;32407;12.1;4.7
85;2021-03-29;2412;762;85296;33169;12.5;4.9
85;2021-03-30;2862;1025;88158;34194;12.9;5.0
85;2021-03-31;2198;672;90356;34866;13.2;5.1
85;2021-04-01;3873;913;94229;35779;13.8;5.2
85;2021-04-02;2705;1103;96934;36882;14.2;5.4
85;2021-04-03;1413;321;98347;37203;14.4;5.4
85;2021-04-04;324;29;98671;37232;14.4;5.4
85;2021-04-05;104;175;98775;37407;14.5;5.5
85;2021-04-06;2201;1598;100976;39005;14.8;5.7
85;2021-04-07;3091;1189;104067;40194;15.2;5.9
85;2021-04-08;4539;1601;108606;41795;15.9;6.1
85;2021-04-09;4602;1225;113208;43020;16.6;6.3
85;2021-04-10;1867;400;115075;43420;16.8;6.4
85;2021-04-11;27;10;115102;43430;16.8;6.4
85;2021-04-12;4287;1485;119389;44915;17.5;6.6
85;2021-04-13;4833;1872;124222;46787;18.2;6.8
85;2021-04-14;3961;1011;128183;47798;18.8;7.0
85;2021-04-15;5518;1741;133701;49539;19.6;7.3
85;2021-04-16;5241;1538;138942;51077;20.3;7.5
85;2021-04-17;1383;437;140325;51514;20.5;7.5
85;2021-04-18;350;11;140675;51525;20.6;7.5
85;2021-04-19;3366;1701;144041;53226;21.1;7.8
85;2021-04-20;3696;1924;147737;55150;21.6;8.1
85;2021-04-21;2692;1696;150429;56846;22.0;8.3
85;2021-04-22;3803;2232;154232;59078;22.6;8.6
85;2021-04-23;3904;2086;158136;61164;23.1;9.0
85;2021-04-24;1661;1534;159797;62698;23.4;9.2
85;2021-04-25;981;563;160778;63261;23.5;9.3
85;2021-04-26;3590;2350;164368;65611;24.1;9.6
85;2021-04-27;4393;2164;168761;67775;24.7;9.9
85;2021-04-28;5747;1255;174508;69030;25.5;10.1
85;2021-04-29;5635;2004;180143;71034;26.4;10.4
85;2021-04-30;5575;1676;185718;72710;27.2;10.6
85;2021-05-01;1736;636;187454;73346;27.4;10.7
85;2021-05-02;873;470;188327;73816;27.6;10.8
85;2021-05-03;3493;2384;191820;76200;28.1;11.2
85;2021-05-04;3488;3085;195308;79285;28.6;11.6
85;2021-05-05;4532;2167;199840;81452;29.3;11.9
85;2021-05-06;4920;2593;204760;84045;30.0;12.3
85;2021-05-07;3933;3863;208693;87908;30.5;12.9
85;2021-05-08;2246;229;210939;88137;30.9;12.9
85;2021-05-09;1509;183;212448;88320;31.1;12.9
85;2021-05-10;3211;4930;215659;93250;31.6;13.6
85;2021-05-11;4027;4977;219686;98227;32.2;14.4
85;2021-05-12;5019;3933;224705;102160;32.9;15.0
85;2021-05-13;5144;609;229849;102769;33.6;15.0
85;2021-05-14;4356;3167;234205;105936;34.3;15.5
85;2021-05-15;2327;776;236532;106712;34.6;15.6
85;2021-05-16;2213;162;238745;106874;34.9;15.6
85;2021-05-17;4147;3377;242892;110251;35.6;16.1
85;2021-05-18;5216;2855;248108;113106;36.3;16.6
85;2021-05-19;6493;1766;254601;114872;37.3;16.8
85;2021-05-20;6775;2178;261376;117050;38.3;17.1
85;2021-05-21;5498;2746;266874;119796;39.1;17.5
85;2021-05-22;2584;752;269458;120548;39.4;17.6
85;2021-05-23;1329;161;270787;120709;39.6;17.7
85;2021-05-24;4572;436;275359;121145;40.3;17.7
85;2021-05-25;4517;3565;279876;124710;41.0;18.3
85;2021-05-26;4946;2678;284822;127388;41.7;18.6
85;2021-05-27;4961;3692;289783;131080;42.4;19.2
85;2021-05-28;5253;4067;295036;135147;43.2;19.8
85;2021-05-29;3961;1528;298997;136675;43.8;20.0
85;2021-05-30;1291;126;300288;136801;44.0;20.0
85;2021-05-31;4689;3382;304977;140183;44.6;20.5
85;2021-06-01;5404;3398;310381;143581;45.4;21.0
85;2021-06-02;5558;2521;315939;146102;46.2;21.4
85;2021-06-03;5916;3236;321855;149338;47.1;21.9
85;2021-06-04;5838;3820;327693;153158;48.0;22.4
85;2021-06-05;2850;1941;330543;155099;48.4;22.7
85;2021-06-06;1510;803;332053;155902;48.6;22.8
85;2021-06-07;3237;4860;335290;160762;49.1;23.5
85;2021-06-08;4092;4527;339382;165289;49.7;24.2
85;2021-06-09;4846;3515;344228;168804;50.4;24.7
85;2021-06-10;5199;3704;349427;172508;51.1;25.3
85;2021-06-11;4505;4663;353932;177171;51.8;25.9
85;2021-06-12;1491;1799;355423;178970;52.0;26.2
85;2021-06-13;1220;672;356643;179642;52.2;26.3
85;2021-06-14;2680;5093;359323;184735;52.6;27.0
85;2021-06-15;3714;4934;363037;189669;53.1;27.8
85;2021-06-16;4083;3905;367120;193574;53.7;28.3
85;2021-06-17;3939;3898;371059;197472;54.3;28.9
85;2021-06-18;3627;5681;374686;203153;54.8;29.7
85;2021-06-19;1214;2029;375900;205182;55.0;30.0
85;2021-06-20;137;520;376037;205702;55.0;30.1
85;2021-06-21;2376;5813;378413;211515;55.4;31.0
85;2021-06-22;2848;5729;381261;217244;55.8;31.8
85;2021-06-23;3391;4498;384652;221742;56.3;32.5
85;2021-06-24;3642;4558;388294;226300;56.8;33.1
85;2021-06-25;2290;6180;390584;232480;57.2;34.0
85;2021-06-26;791;3761;391375;236241;57.3;34.6
85;2021-06-27;125;1370;391500;237611;57.3;34.8
85;2021-06-28;1185;6718;392685;244329;57.5;35.8
85;2021-06-29;1757;6874;394442;251203;57.7;36.8
85;2021-06-30;2211;6201;396653;257404;58.1;37.7
85;2021-07-01;2841;6058;399494;263462;58.5;38.6
85;2021-07-02;2268;7014;401762;270476;58.8;39.6
85;2021-07-03;617;3165;402379;273641;58.9;40.1
85;2021-07-04;145;1086;402524;274727;58.9;40.2
85;2021-07-05;1064;6652;403588;281379;59.1;41.2
85;2021-07-06;1578;6459;405166;287838;59.3;42.1
85;2021-07-07;1648;5863;406814;293701;59.5;43.0
85;2021-07-08;2165;5442;408979;299143;59.9;43.8
85;2021-07-09;1645;7098;410624;306241;60.1;44.8
85;2021-07-10;565;2838;411189;309079;60.2;45.2
85;2021-07-11;527;1288;411716;310367;60.3;45.4
85;2021-07-12;1407;7048;413123;317415;60.5;46.5
85;2021-07-13;2061;7395;415184;324810;60.8;47.5
85;2021-07-14;1454;2049;416638;326859;61.0;47.8
85;2021-07-15;2678;6935;419316;333794;61.4;48.9
85;2021-07-16;3423;6836;422739;340630;61.9;49.9
85;2021-07-17;1560;2154;424299;342784;62.1;50.2
85;2021-07-18;1146;1156;425445;343940;62.3;50.3
85;2021-07-19;3548;6238;428993;350178;62.8;51.3
85;2021-07-20;4296;6225;433289;356403;63.4;52.2
85;2021-07-21;3982;6204;437271;362607;64.0;53.1
85;2021-07-22;3894;6188;441165;368795;64.6;54.0
85;2021-07-23;4517;6709;445682;375504;65.2;55.0
85;2021-07-24;1042;2298;446724;377802;65.4;55.3
85;2021-07-25;489;306;447213;378108;65.5;55.3
85;2021-07-26;4497;5359;451710;383467;66.1;56.1
85;2021-07-27;5289;5395;456999;388862;66.9;56.9
85;2021-07-28;4949;4976;461948;393838;67.6;57.6
85;2021-07-29;5855;4741;467803;398579;68.5;58.3
85;2021-07-30;5992;4953;473795;403532;69.4;59.1
85;2021-07-31;1222;1577;475017;405109;69.5;59.3
85;2021-08-01;460;195;475477;405304;69.6;59.3
85;2021-08-02;4930;3953;480407;409257;70.3;59.9
85;2021-08-03;6503;3349;486910;412606;71.3;60.4
85;2021-08-04;6606;3418;493516;416024;72.2;60.9
85;2021-08-05;6163;3596;499679;419620;73.1;61.4
85;2021-08-06;5786;4511;505465;424131;74.0;62.1
85;2021-08-07;1502;1173;506967;425304;74.2;62.3
85;2021-08-08;329;231;507296;425535;74.3;62.3
85;2021-08-09;4116;3274;511412;428809;74.9;62.8
85;2021-08-10;4767;3412;516179;432221;75.6;63.3
85;2021-08-11;4650;4201;520829;436422;76.2;63.9
85;2021-08-12;4445;4289;525274;440711;76.9;64.5
85;2021-08-13;3734;3629;529008;444340;77.4;65.0
85;2021-08-14;1009;1091;530017;445431;77.6;65.2
85;2021-08-15;159;239;530176;445670;77.6;65.2
85;2021-08-16;2823;4760;532999;450430;78.0;65.9
86;2020-12-27;0;0;0;0;0.0;0.0
86;2020-12-28;1;0;1;0;0.0;0.0
86;2020-12-29;1;0;2;0;0.0;0.0
86;2020-12-30;0;0;2;0;0.0;0.0
86;2020-12-31;0;0;2;0;0.0;0.0
86;2021-01-01;0;0;2;0;0.0;0.0
86;2021-01-02;0;0;2;0;0.0;0.0
86;2021-01-03;2;0;4;0;0.0;0.0
86;2021-01-04;0;0;4;0;0.0;0.0
86;2021-01-05;0;0;4;0;0.0;0.0
86;2021-01-06;178;0;182;0;0.0;0.0
86;2021-01-07;672;0;854;0;0.2;0.0
86;2021-01-08;609;3;1463;3;0.3;0.0
86;2021-01-09;0;0;1463;3;0.3;0.0
86;2021-01-10;173;0;1636;3;0.4;0.0
86;2021-01-11;305;0;1941;3;0.4;0.0
86;2021-01-12;459;0;2400;3;0.5;0.0
86;2021-01-13;336;0;2736;3;0.6;0.0
86;2021-01-14;551;1;3287;4;0.8;0.0
86;2021-01-15;542;1;3829;5;0.9;0.0
86;2021-01-16;2;0;3831;5;0.9;0.0
86;2021-01-17;0;0;3831;5;0.9;0.0
86;2021-01-18;564;0;4395;5;1.0;0.0
86;2021-01-19;1914;1;6309;6;1.4;0.0
86;2021-01-20;1458;19;7767;25;1.8;0.0
86;2021-01-21;1292;0;9059;25;2.1;0.0
86;2021-01-22;833;0;9892;25;2.3;0.0
86;2021-01-23;313;0;10205;25;2.3;0.0
86;2021-01-24;0;0;10205;25;2.3;0.0
86;2021-01-25;583;110;10788;135;2.5;0.0
86;2021-01-26;750;123;11538;258;2.6;0.1
86;2021-01-27;764;156;12302;414;2.8;0.1
86;2021-01-28;1043;425;13345;839;3.1;0.2
86;2021-01-29;877;219;14222;1058;3.3;0.2
86;2021-01-30;275;103;14497;1161;3.3;0.3
86;2021-01-31;57;157;14554;1318;3.3;0.3
86;2021-02-01;432;207;14986;1525;3.4;0.3
86;2021-02-02;573;386;15559;1911;3.6;0.4
86;2021-02-03;525;224;16084;2135;3.7;0.5
86;2021-02-04;478;366;16562;2501;3.8;0.6
86;2021-02-05;438;744;17000;3245;3.9;0.7
86;2021-02-06;146;205;17146;3450;3.9;0.8
86;2021-02-07;120;8;17266;3458;3.9;0.8
86;2021-02-08;361;328;17627;3786;4.0;0.9
86;2021-02-09;750;1124;18377;4910;4.2;1.1
86;2021-02-10;977;942;19354;5852;4.4;1.3
86;2021-02-11;1005;976;20359;6828;4.7;1.6
86;2021-02-12;745;378;21104;7206;4.8;1.6
86;2021-02-13;191;95;21295;7301;4.9;1.7
86;2021-02-14;1;34;21296;7335;4.9;1.7
86;2021-02-15;244;508;21540;7843;4.9;1.8
86;2021-02-16;384;865;21924;8708;5.0;2.0
86;2021-02-17;454;897;22378;9605;5.1;2.2
86;2021-02-18;421;874;22799;10479;5.2;2.4
86;2021-02-19;601;640;23400;11119;5.3;2.5
86;2021-02-20;115;176;23515;11295;5.4;2.6
86;2021-02-21;0;0;23515;11295;5.4;2.6
86;2021-02-22;240;428;23755;11723;5.4;2.7
86;2021-02-23;369;606;24124;12329;5.5;2.8
86;2021-02-24;408;587;24532;12916;5.6;3.0
86;2021-02-25;901;667;25433;13583;5.8;3.1
86;2021-02-26;1029;540;26462;14123;6.0;3.2
86;2021-02-27;460;149;26922;14272;6.2;3.3
86;2021-02-28;3;2;26925;14274;6.2;3.3
86;2021-03-01;232;525;27157;14799;6.2;3.4
86;2021-03-02;1142;850;28299;15649;6.5;3.6
86;2021-03-03;792;625;29091;16274;6.7;3.7
86;2021-03-04;1495;619;30586;16893;7.0;3.9
86;2021-03-05;1577;314;32163;17207;7.4;3.9
86;2021-03-06;995;169;33158;17376;7.6;4.0
86;2021-03-07;371;32;33529;17408;7.7;4.0
86;2021-03-08;473;541;34002;17949;7.8;4.1
86;2021-03-09;1368;528;35370;18477;8.1;4.2
86;2021-03-10;949;611;36319;19088;8.3;4.4
86;2021-03-11;1798;477;38117;19565;8.7;4.5
86;2021-03-12;2206;436;40323;20001;9.2;4.6
86;2021-03-13;1445;101;41768;20102;9.5;4.6
86;2021-03-14;133;16;41901;20118;9.6;4.6
86;2021-03-15;784;159;42685;20277;9.8;4.6
86;2021-03-16;847;203;43532;20480;10.0;4.7
86;2021-03-17;786;205;44318;20685;10.1;4.7
86;2021-03-18;1005;99;45323;20784;10.4;4.8
86;2021-03-19;2141;323;47464;21107;10.9;4.8
86;2021-03-20;592;133;48056;21240;11.0;4.9
86;2021-03-21;10;0;48066;21240;11.0;4.9
86;2021-03-22;851;277;48917;21517;11.2;4.9
86;2021-03-23;2015;327;50932;21844;11.6;5.0
86;2021-03-24;1557;291;52489;22135;12.0;5.1
86;2021-03-25;2485;352;54974;22487;12.6;5.1
86;2021-03-26;3038;359;58012;22846;13.3;5.2
86;2021-03-27;731;143;58743;22989;13.4;5.3
86;2021-03-28;5;128;58748;23117;13.4;5.3
86;2021-03-29;1260;392;60008;23509;13.7;5.4
86;2021-03-30;2402;820;62410;24329;14.3;5.6
86;2021-03-31;1511;624;63921;24953;14.6;5.7
86;2021-04-01;2239;941;66160;25894;15.1;5.9
86;2021-04-02;1902;556;68062;26450;15.6;6.0
86;2021-04-03;825;324;68887;26774;15.7;6.1
86;2021-04-04;82;108;68969;26882;15.8;6.1
86;2021-04-05;314;4;69283;26886;15.8;6.1
86;2021-04-06;1533;958;70816;27844;16.2;6.4
86;2021-04-07;1633;630;72449;28474;16.6;6.5
86;2021-04-08;2567;761;75016;29235;17.2;6.7
86;2021-04-09;3251;648;78267;29883;17.9;6.8
86;2021-04-10;1663;191;79930;30074;18.3;6.9
86;2021-04-11;442;9;80372;30083;18.4;6.9
86;2021-04-12;821;765;81193;30848;18.6;7.1
86;2021-04-13;2449;940;83642;31788;19.1;7.3
86;2021-04-14;1871;874;85513;32662;19.6;7.5
86;2021-04-15;2276;726;87789;33388;20.1;7.6
86;2021-04-16;2471;1227;90260;34615;20.6;7.9
86;2021-04-17;1040;263;91300;34878;20.9;8.0
86;2021-04-18;119;3;91419;34881;20.9;8.0
86;2021-04-19;745;795;92164;35676;21.1;8.2
86;2021-04-20;2300;1501;94464;37177;21.6;8.5
86;2021-04-21;2107;1118;96571;38295;22.1;8.8
86;2021-04-22;2332;1445;98903;39740;22.6;9.1
86;2021-04-23;2394;1575;101297;41315;23.2;9.4
86;2021-04-24;1300;509;102597;41824;23.5;9.6
86;2021-04-25;825;26;103422;41850;23.6;9.6
86;2021-04-26;2079;891;105501;42741;24.1;9.8
86;2021-04-27;3155;1670;108656;44411;24.8;10.2
86;2021-04-28;3004;1522;111660;45933;25.5;10.5
86;2021-04-29;3557;1832;115217;47765;26.3;10.9
86;2021-04-30;2970;1481;118187;49246;27.0;11.3
86;2021-05-01;1580;198;119767;49444;27.4;11.3
86;2021-05-02;1280;44;121047;49488;27.7;11.3
86;2021-05-03;2562;1002;123609;50490;28.3;11.5
86;2021-05-04;3510;1899;127119;52389;29.1;12.0
86;2021-05-05;3991;1479;131110;53868;30.0;12.3
86;2021-05-06;4290;1657;135400;55525;31.0;12.7
86;2021-05-07;4047;1822;139447;57347;31.9;13.1
86;2021-05-08;1976;398;141423;57745;32.3;13.2
86;2021-05-09;1642;203;143065;57948;32.7;13.2
86;2021-05-10;1956;1174;145021;59122;33.2;13.5
86;2021-05-11;3604;2687;148625;61809;34.0;14.1
86;2021-05-12;2251;1648;150876;63457;34.5;14.5
86;2021-05-13;1685;297;152561;63754;34.9;14.6
86;2021-05-14;2098;792;154659;64546;35.4;14.8
86;2021-05-15;1466;503;156125;65049;35.7;14.9
86;2021-05-16;778;164;156903;65213;35.9;14.9
86;2021-05-17;3221;1062;160124;66275;36.6;15.2
86;2021-05-18;4307;1666;164431;67941;37.6;15.5
86;2021-05-19;3591;1436;168022;69377;38.4;15.9
86;2021-05-20;4376;1623;172398;71000;39.4;16.2
86;2021-05-21;3440;1772;175838;72772;40.2;16.6
86;2021-05-22;2076;663;177914;73435;40.7;16.8
86;2021-05-23;1439;183;179353;73618;41.0;16.8
86;2021-05-24;1848;203;181201;73821;41.4;16.9
86;2021-05-25;2849;1641;184050;75462;42.1;17.3
86;2021-05-26;2727;1525;186777;76987;42.7;17.6
86;2021-05-27;3545;1844;190322;78831;43.5;18.0
86;2021-05-28;2162;2540;192484;81371;44.0;18.6
86;2021-05-29;1527;1287;194011;82658;44.4;18.9
86;2021-05-30;935;133;194946;82791;44.6;18.9
86;2021-05-31;1922;1821;196868;84612;45.0;19.3
86;2021-06-01;2666;2594;199534;87206;45.6;19.9
86;2021-06-02;2300;2667;201834;89873;46.1;20.5
86;2021-06-03;3334;2415;205168;92288;46.9;21.1
86;2021-06-04;2239;2863;207407;95151;47.4;21.8
86;2021-06-05;1502;1578;208909;96729;47.8;22.1
86;2021-06-06;819;899;209728;97628;47.9;22.3
86;2021-06-07;1118;2466;210846;100094;48.2;22.9
86;2021-06-08;1989;3698;212835;103792;48.7;23.7
86;2021-06-09;1902;3320;214737;107112;49.1;24.5
86;2021-06-10;2352;3240;217089;110352;49.6;25.2
86;2021-06-11;1517;2791;218606;113143;50.0;25.9
86;2021-06-12;747;2245;219353;115388;50.1;26.4
86;2021-06-13;214;1477;219567;116865;50.2;26.7
86;2021-06-14;1160;2904;220727;119769;50.5;27.4
86;2021-06-15;1688;4260;222415;124029;50.8;28.4
86;2021-06-16;1808;3130;224223;127159;51.3;29.1
86;2021-06-17;1776;4446;225999;131605;51.7;30.1
86;2021-06-18;1884;4591;227883;136196;52.1;31.1
86;2021-06-19;635;2100;228518;138296;52.2;31.6
86;2021-06-20;174;1319;228692;139615;52.3;31.9
86;2021-06-21;1106;2240;229798;141855;52.5;32.4
86;2021-06-22;1297;3458;231095;145313;52.8;33.2
86;2021-06-23;1363;2401;232458;147714;53.1;33.8
86;2021-06-24;1590;2725;234048;150439;53.5;34.4
86;2021-06-25;1193;3552;235241;153991;53.8;35.2
86;2021-06-26;391;2652;235632;156643;53.9;35.8
86;2021-06-27;138;1633;235770;158276;53.9;36.2
86;2021-06-28;270;3343;236040;161619;54.0;37.0
86;2021-06-29;858;4605;236898;166224;54.2;38.0
86;2021-06-30;1049;2974;237947;169198;54.4;38.7
86;2021-07-01;1540;3004;239487;172202;54.8;39.4
86;2021-07-02;1108;3646;240595;175848;55.0;40.2
86;2021-07-03;516;2393;241111;178241;55.1;40.8
86;2021-07-04;116;1347;241227;179588;55.2;41.1
86;2021-07-05;468;2832;241695;182420;55.3;41.7
86;2021-07-06;989;4103;242684;186523;55.5;42.6
86;2021-07-07;1259;2629;243943;189152;55.8;43.2
86;2021-07-08;1616;3148;245559;192300;56.1;44.0
86;2021-07-09;1739;3083;247298;195383;56.5;44.7
86;2021-07-10;1296;1952;248594;197335;56.8;45.1
86;2021-07-11;481;841;249075;198176;56.9;45.3
86;2021-07-12;834;2403;249909;200579;57.1;45.9
86;2021-07-13;1774;3374;251683;203953;57.5;46.6
86;2021-07-14;781;1232;252464;205185;57.7;46.9
86;2021-07-15;1881;3291;254345;208476;58.1;47.7
86;2021-07-16;1668;2665;256013;211141;58.5;48.3
86;2021-07-17;1347;1600;257360;212741;58.8;48.6
86;2021-07-18;377;906;257737;213647;58.9;48.8
86;2021-07-19;1373;1886;259110;215533;59.2;49.3
86;2021-07-20;2339;2732;261449;218265;59.8;49.9
86;2021-07-21;2298;2157;263747;220422;60.3;50.4
86;2021-07-22;2892;2792;266639;223214;61.0;51.0
86;2021-07-23;2457;2160;269096;225374;61.5;51.5
86;2021-07-24;1539;1222;270635;226596;61.9;51.8
86;2021-07-25;713;322;271348;226918;62.0;51.9
86;2021-07-26;1585;2106;272933;229024;62.4;52.4
86;2021-07-27;3535;2754;276468;231778;63.2;53.0
86;2021-07-28;3257;2129;279725;233907;64.0;53.5
86;2021-07-29;3250;2543;282975;236450;64.7;54.1
86;2021-07-30;2232;2376;285207;238826;65.2;54.6
86;2021-07-31;1420;1056;286627;239882;65.5;54.8
86;2021-08-01;646;336;287273;240218;65.7;54.9
86;2021-08-02;1923;1676;289196;241894;66.1;55.3
86;2021-08-03;3266;1990;292462;243884;66.9;55.8
86;2021-08-04;2729;1783;295191;245667;67.5;56.2
86;2021-08-05;3545;2050;298736;247717;68.3;56.6
86;2021-08-06;2364;1758;301100;249475;68.8;57.0
86;2021-08-07;1568;996;302668;250471;69.2;57.3
86;2021-08-08;946;550;303614;251021;69.4;57.4
86;2021-08-09;1873;1297;305487;252318;69.8;57.7
86;2021-08-10;2671;1778;308158;254096;70.5;58.1
86;2021-08-11;2347;1434;310505;255530;71.0;58.4
86;2021-08-12;2462;1823;312967;257353;71.6;58.8
86;2021-08-13;1822;1486;314789;258839;72.0;59.2
86;2021-08-14;1317;1148;316106;259987;72.3;59.4
86;2021-08-15;560;619;316666;260606;72.4;59.6
86;2021-08-16;1130;1782;317796;262388;72.7;60.0
87;2020-12-27;0;0;0;0;0.0;0.0
87;2020-12-28;1;0;1;0;0.0;0.0
87;2020-12-29;0;0;1;0;0.0;0.0
87;2020-12-30;0;0;1;0;0.0;0.0
87;2020-12-31;0;0;1;0;0.0;0.0
87;2021-01-01;0;0;1;0;0.0;0.0
87;2021-01-02;0;0;1;0;0.0;0.0
87;2021-01-03;0;0;1;0;0.0;0.0
87;2021-01-04;1;0;2;0;0.0;0.0
87;2021-01-05;1;0;3;0;0.0;0.0
87;2021-01-06;10;0;13;0;0.0;0.0
87;2021-01-07;301;0;314;0;0.1;0.0
87;2021-01-08;407;0;721;0;0.2;0.0
87;2021-01-09;64;0;785;0;0.2;0.0
87;2021-01-10;35;0;820;0;0.2;0.0
87;2021-01-11;424;0;1244;0;0.3;0.0
87;2021-01-12;652;0;1896;0;0.5;0.0
87;2021-01-13;660;3;2556;3;0.7;0.0
87;2021-01-14;517;11;3073;14;0.8;0.0
87;2021-01-15;533;3;3606;17;1.0;0.0
87;2021-01-16;204;1;3810;18;1.0;0.0
87;2021-01-17;1;0;3811;18;1.0;0.0
87;2021-01-18;645;4;4456;22;1.2;0.0
87;2021-01-19;655;1;5111;23;1.4;0.0
87;2021-01-20;674;3;5785;26;1.6;0.0
87;2021-01-21;717;1;6502;27;1.8;0.0
87;2021-01-22;758;4;7260;31;2.0;0.0
87;2021-01-23;285;0;7545;31;2.0;0.0
87;2021-01-24;0;0;7545;31;2.0;0.0
87;2021-01-25;620;10;8165;41;2.2;0.0
87;2021-01-26;570;53;8735;94;2.4;0.0
87;2021-01-27;572;40;9307;134;2.5;0.0
87;2021-01-28;857;109;10164;243;2.7;0.1
87;2021-01-29;740;272;10904;515;2.9;0.1
87;2021-01-30;327;75;11231;590;3.0;0.2
87;2021-01-31;34;71;11265;661;3.0;0.2
87;2021-02-01;413;310;11678;971;3.1;0.3
87;2021-02-02;452;482;12130;1453;3.3;0.4
87;2021-02-03;540;422;12670;1875;3.4;0.5
87;2021-02-04;613;594;13283;2469;3.6;0.7
87;2021-02-05;342;384;13625;2853;3.7;0.8
87;2021-02-06;51;154;13676;3007;3.7;0.8
87;2021-02-07;20;0;13696;3007;3.7;0.8
87;2021-02-08;245;445;13941;3452;3.8;0.9
87;2021-02-09;218;546;14159;3998;3.8;1.1
87;2021-02-10;261;626;14420;4624;3.9;1.2
87;2021-02-11;286;539;14706;5163;4.0;1.4
87;2021-02-12;285;555;14991;5718;4.0;1.5
87;2021-02-13;25;169;15016;5887;4.0;1.6
87;2021-02-14;0;3;15016;5890;4.0;1.6
87;2021-02-15;237;388;15253;6278;4.1;1.7
87;2021-02-16;330;330;15583;6608;4.2;1.8
87;2021-02-17;330;380;15913;6988;4.3;1.9
87;2021-02-18;477;646;16390;7634;4.4;2.1
87;2021-02-19;402;482;16792;8116;4.5;2.2
87;2021-02-20;123;197;16915;8313;4.6;2.2
87;2021-02-21;2;9;16917;8322;4.6;2.2
87;2021-02-22;438;576;17355;8898;4.7;2.4
87;2021-02-23;556;633;17911;9531;4.8;2.6
87;2021-02-24;450;601;18361;10132;5.0;2.7
87;2021-02-25;790;707;19151;10839;5.2;2.9
87;2021-02-26;840;477;19991;11316;5.4;3.1
87;2021-02-27;405;212;20396;11528;5.5;3.1
87;2021-02-28;3;0;20399;11528;5.5;3.1
87;2021-03-01;518;370;20917;11898;5.6;3.2
87;2021-03-02;1031;386;21948;12284;5.9;3.3
87;2021-03-03;1174;353;23122;12637;6.2;3.4
87;2021-03-04;1406;338;24528;12975;6.6;3.5
87;2021-03-05;1769;284;26297;13259;7.1;3.6
87;2021-03-06;1046;40;27343;13299;7.4;3.6
87;2021-03-07;257;5;27600;13304;7.4;3.6
87;2021-03-08;864;242;28464;13546;7.7;3.7
87;2021-03-09;1288;231;29752;13777;8.0;3.7
87;2021-03-10;1298;233;31050;14010;8.4;3.8
87;2021-03-11;1754;253;32804;14263;8.8;3.8
87;2021-03-12;2128;287;34932;14550;9.4;3.9
87;2021-03-13;1309;20;36241;14570;9.8;3.9
87;2021-03-14;80;1;36321;14571;9.8;3.9
87;2021-03-15;988;357;37309;14928;10.1;4.0
87;2021-03-16;1061;242;38370;15170;10.3;4.1
87;2021-03-17;1070;220;39440;15390;10.6;4.2
87;2021-03-18;1179;341;40619;15731;11.0;4.2
87;2021-03-19;1682;276;42301;16007;11.4;4.3
87;2021-03-20;923;86;43224;16093;11.7;4.3
87;2021-03-21;32;0;43256;16093;11.7;4.3
87;2021-03-22;1049;381;44305;16474;11.9;4.4
87;2021-03-23;1385;430;45690;16904;12.3;4.6
87;2021-03-24;1508;367;47198;17271;12.7;4.7
87;2021-03-25;2500;394;49698;17665;13.4;4.8
87;2021-03-26;2531;454;52229;18119;14.1;4.9
87;2021-03-27;889;125;53118;18244;14.3;4.9
87;2021-03-28;269;18;53387;18262;14.4;4.9
87;2021-03-29;1117;417;54504;18679;14.7;5.0
87;2021-03-30;1908;665;56412;19344;15.2;5.2
87;2021-03-31;1658;693;58070;20037;15.7;5.4
87;2021-04-01;2239;572;60309;20609;16.3;5.6
87;2021-04-02;1841;632;62150;21241;16.8;5.7
87;2021-04-03;455;265;62605;21506;16.9;5.8
87;2021-04-04;2;0;62607;21506;16.9;5.8
87;2021-04-05;82;1;62689;21507;16.9;5.8
87;2021-04-06;998;905;63687;22412;17.2;6.0
87;2021-04-07;1485;926;65172;23338;17.6;6.3
87;2021-04-08;1782;1033;66954;24371;18.1;6.6
87;2021-04-09;2646;737;69600;25108;18.8;6.8
87;2021-04-10;1190;306;70790;25414;19.1;6.9
87;2021-04-11;68;0;70858;25414;19.1;6.9
87;2021-04-12;1618;826;72476;26240;19.5;7.1
87;2021-04-13;2290;1061;74766;27301;20.2;7.4
87;2021-04-14;2527;1185;77293;28486;20.8;7.7
87;2021-04-15;2223;1074;79516;29560;21.4;8.0
87;2021-04-16;2735;1071;82251;30631;22.2;8.3
87;2021-04-17;731;385;82982;31016;22.4;8.4
87;2021-04-18;111;141;83093;31157;22.4;8.4
87;2021-04-19;1658;835;84751;31992;22.9;8.6
87;2021-04-20;2085;880;86836;32872;23.4;8.9
87;2021-04-21;2292;991;89128;33863;24.0;9.1
87;2021-04-22;2564;1158;91692;35021;24.7;9.4
87;2021-04-23;1996;1180;93688;36201;25.3;9.8
87;2021-04-24;825;620;94513;36821;25.5;9.9
87;2021-04-25;64;103;94577;36924;25.5;10.0
87;2021-04-26;1356;916;95933;37840;25.9;10.2
87;2021-04-27;2396;1205;98329;39045;26.5;10.5
87;2021-04-28;3867;1442;102196;40487;27.6;10.9
87;2021-04-29;3077;1840;105273;42327;28.4;11.4
87;2021-04-30;3174;1359;108447;43686;29.2;11.8
87;2021-05-01;613;57;109060;43743;29.4;11.8
87;2021-05-02;361;5;109421;43748;29.5;11.8
87;2021-05-03;2322;934;111743;44682;30.1;12.1
87;2021-05-04;2906;1072;114649;45754;30.9;12.3
87;2021-05-05;2989;1511;117638;47265;31.7;12.7
87;2021-05-06;2531;1723;120169;48988;32.4;13.2
87;2021-05-07;2944;1717;123113;50705;33.2;13.7
87;2021-05-08;772;294;123885;50999;33.4;13.8
87;2021-05-09;19;133;123904;51132;33.4;13.8
87;2021-05-10;1937;1604;125841;52736;33.9;14.2
87;2021-05-11;2466;1908;128307;54644;34.6;14.7
87;2021-05-12;2620;2066;130927;56710;35.3;15.3
87;2021-05-13;1085;292;132012;57002;35.6;15.4
87;2021-05-14;2244;1772;134256;58774;36.2;15.9
87;2021-05-15;950;406;135206;59180;36.5;16.0
87;2021-05-16;141;73;135347;59253;36.5;16.0
87;2021-05-17;1627;1760;136974;61013;36.9;16.5
87;2021-05-18;2636;1817;139610;62830;37.7;16.9
87;2021-05-19;2820;1553;142430;64383;38.4;17.4
87;2021-05-20;3305;1720;145735;66103;39.3;17.8
87;2021-05-21;2763;1837;148498;67940;40.1;18.3
87;2021-05-22;1457;628;149955;68568;40.4;18.5
87;2021-05-23;210;92;150165;68660;40.5;18.5
87;2021-05-24;1056;142;151221;68802;40.8;18.6
87;2021-05-25;2116;1811;153337;70613;41.4;19.0
87;2021-05-26;3221;2476;156558;73089;42.2;19.7
87;2021-05-27;3023;2355;159581;75444;43.0;20.3
87;2021-05-28;2673;2524;162254;77968;43.8;21.0
87;2021-05-29;1060;1315;163314;79283;44.0;21.4
87;2021-05-30;258;59;163572;79342;44.1;21.4
87;2021-05-31;2287;1359;165859;80701;44.7;21.8
87;2021-06-01;2548;1867;168407;82568;45.4;22.3
87;2021-06-02;2525;1858;170932;84426;46.1;22.8
87;2021-06-03;3210;2530;174142;86956;47.0;23.5
87;2021-06-04;2838;2059;176980;89015;47.7;24.0
87;2021-06-05;1311;576;178291;89591;48.1;24.2
87;2021-06-06;262;95;178553;89686;48.2;24.2
87;2021-06-07;2100;1901;180653;91587;48.7;24.7
87;2021-06-08;2934;2571;183587;94158;49.5;25.4
87;2021-06-09;2305;2813;185892;96971;50.1;26.2
87;2021-06-10;2975;2552;188867;99523;50.9;26.8
87;2021-06-11;2363;3072;191230;102595;51.6;27.7
87;2021-06-12;1221;1104;192451;103699;51.9;28.0
87;2021-06-13;292;484;192743;104183;52.0;28.1
87;2021-06-14;980;2731;193723;106914;52.2;28.8
87;2021-06-15;1361;3320;195084;110234;52.6;29.7
87;2021-06-16;1650;3422;196734;113656;53.1;30.7
87;2021-06-17;2437;2317;199171;115973;53.7;31.3
87;2021-06-18;1789;3017;200960;118990;54.2;32.1
87;2021-06-19;1047;1177;202007;120167;54.5;32.4
87;2021-06-20;205;205;202212;120372;54.5;32.5
87;2021-06-21;1041;2643;203253;123015;54.8;33.2
87;2021-06-22;1030;2882;204283;125897;55.1;34.0
87;2021-06-23;1257;3082;205540;128979;55.4;34.8
87;2021-06-24;1620;2556;207160;131535;55.9;35.5
87;2021-06-25;1448;2713;208608;134248;56.3;36.2
87;2021-06-26;529;1203;209137;135451;56.4;36.5
87;2021-06-27;26;212;209163;135663;56.4;36.6
87;2021-06-28;716;2572;209879;138235;56.6;37.3
87;2021-06-29;1156;3415;211035;141650;56.9;38.2
87;2021-06-30;1122;2650;212157;144300;57.2;38.9
87;2021-07-01;1480;2549;213637;146849;57.6;39.6
87;2021-07-02;1200;3462;214837;150311;57.9;40.5
87;2021-07-03;413;1510;215250;151821;58.1;40.9
87;2021-07-04;23;383;215273;152204;58.1;41.1
87;2021-07-05;686;2395;215959;154599;58.2;41.7
87;2021-07-06;583;3222;216542;157821;58.4;42.6
87;2021-07-07;863;3346;217405;161167;58.6;43.5
87;2021-07-08;1119;3665;218524;164832;58.9;44.5
87;2021-07-09;1109;3699;219633;168531;59.2;45.5
87;2021-07-10;285;1357;219918;169888;59.3;45.8
87;2021-07-11;49;284;219967;170172;59.3;45.9
87;2021-07-12;559;3191;220526;173363;59.5;46.8
87;2021-07-13;831;3515;221357;176878;59.7;47.7
87;2021-07-14;517;539;221874;177417;59.8;47.9
87;2021-07-15;1357;3461;223231;180878;60.2;48.8
87;2021-07-16;1728;3596;224959;184474;60.7;49.8
87;2021-07-17;653;1372;225612;185846;60.8;50.1
87;2021-07-18;81;285;225693;186131;60.9;50.2
87;2021-07-19;1430;3401;227123;189532;61.3;51.1
87;2021-07-20;1804;3592;228927;193124;61.7;52.1
87;2021-07-21;1446;3149;230373;196273;62.1;52.9
87;2021-07-22;1875;3253;232248;199526;62.6;53.8
87;2021-07-23;1863;3170;234111;202696;63.1;54.7
87;2021-07-24;810;1282;234921;203978;63.4;55.0
87;2021-07-25;105;241;235026;204219;63.4;55.1
87;2021-07-26;1535;2325;236561;206544;63.8;55.7
87;2021-07-27;2525;2059;239086;208603;64.5;56.3
87;2021-07-28;2388;2000;241474;210603;65.1;56.8
87;2021-07-29;2990;1991;244464;212594;65.9;57.3
87;2021-07-30;2530;2075;246994;214669;66.6;57.9
87;2021-07-31;1104;835;248098;215504;66.9;58.1
87;2021-08-01;282;149;248380;215653;67.0;58.2
87;2021-08-02;2107;1510;250487;217163;67.6;58.6
87;2021-08-03;2481;1327;252968;218490;68.2;58.9
87;2021-08-04;2303;1061;255271;219551;68.8;59.2
87;2021-08-05;2513;1405;257784;220956;69.5;59.6
87;2021-08-06;2128;1659;259912;222615;70.1;60.0
87;2021-08-07;1101;778;261013;223393;70.4;60.3
87;2021-08-08;206;123;261219;223516;70.5;60.3
87;2021-08-09;1813;1529;263032;225045;70.9;60.7
87;2021-08-10;2192;1534;265224;226579;71.5;61.1
87;2021-08-11;1904;1272;267128;227851;72.0;61.5
87;2021-08-12;2090;1475;269218;229326;72.6;61.9
87;2021-08-13;1702;1627;270920;230953;73.1;62.3
87;2021-08-14;664;725;271584;231678;73.2;62.5
87;2021-08-15;71;104;271655;231782;73.3;62.5
87;2021-08-16;1496;1741;273151;233523;73.7;63.0
88;2020-12-27;0;0;0;0;0.0;0.0
88;2020-12-28;0;0;0;0;0.0;0.0
88;2020-12-29;0;0;0;0;0.0;0.0
88;2020-12-30;0;0;0;0;0.0;0.0
88;2020-12-31;0;0;0;0;0.0;0.0
88;2021-01-01;2;0;2;0;0.0;0.0
88;2021-01-02;0;0;2;0;0.0;0.0
88;2021-01-03;0;0;2;0;0.0;0.0
88;2021-01-04;0;0;2;0;0.0;0.0
88;2021-01-05;1;0;3;0;0.0;0.0
88;2021-01-06;3;0;6;0;0.0;0.0
88;2021-01-07;71;1;77;1;0.0;0.0
88;2021-01-08;189;2;266;3;0.1;0.0
88;2021-01-09;190;0;456;3;0.1;0.0
88;2021-01-10;0;0;456;3;0.1;0.0
88;2021-01-11;227;0;683;3;0.2;0.0
88;2021-01-12;422;0;1105;3;0.3;0.0
88;2021-01-13;491;2;1596;5;0.4;0.0
88;2021-01-14;345;2;1941;7;0.5;0.0
88;2021-01-15;380;2;2321;9;0.6;0.0
88;2021-01-16;62;0;2383;9;0.7;0.0
88;2021-01-17;1;0;2384;9;0.7;0.0
88;2021-01-18;460;0;2844;9;0.8;0.0
88;2021-01-19;451;0;3295;9;0.9;0.0
88;2021-01-20;461;1;3756;10;1.0;0.0
88;2021-01-21;1544;3;5300;13;1.5;0.0
88;2021-01-22;1180;1;6480;14;1.8;0.0
88;2021-01-23;284;0;6764;14;1.9;0.0
88;2021-01-24;298;2;7062;16;2.0;0.0
88;2021-01-25;938;3;8000;19;2.2;0.0
88;2021-01-26;388;6;8388;25;2.3;0.0
88;2021-01-27;3;0;8391;25;2.3;0.0
88;2021-01-28;162;37;8553;62;2.4;0.0
88;2021-01-29;526;163;9079;225;2.5;0.1
88;2021-01-30;288;127;9367;352;2.6;0.1
88;2021-01-31;0;0;9367;352;2.6;0.1
88;2021-02-01;406;283;9773;635;2.7;0.2
88;2021-02-02;333;364;10106;999;2.8;0.3
88;2021-02-03;437;241;10543;1240;2.9;0.3
88;2021-02-04;316;229;10859;1469;3.0;0.4
88;2021-02-05;457;251;11316;1720;3.1;0.5
88;2021-02-06;109;56;11425;1776;3.2;0.5
88;2021-02-07;0;0;11425;1776;3.2;0.5
88;2021-02-08;359;204;11784;1980;3.3;0.6
88;2021-02-09;291;288;12075;2268;3.4;0.6
88;2021-02-10;414;348;12489;2616;3.5;0.7
88;2021-02-11;849;1094;13338;3710;3.7;1.0
88;2021-02-12;937;705;14275;4415;4.0;1.2
88;2021-02-13;162;212;14437;4627;4.0;1.3
88;2021-02-14;81;216;14518;4843;4.0;1.3
88;2021-02-15;641;1075;15159;5918;4.2;1.6
88;2021-02-16;472;725;15631;6643;4.3;1.8
88;2021-02-17;456;439;16087;7082;4.5;2.0
88;2021-02-18;516;385;16603;7467;4.6;2.1
88;2021-02-19;535;462;17138;7929;4.8;2.2
88;2021-02-20;156;101;17294;8030;4.8;2.2
88;2021-02-21;1;25;17295;8055;4.8;2.2
88;2021-02-22;425;342;17720;8397;4.9;2.3
88;2021-02-23;403;232;18123;8629;5.0;2.4
88;2021-02-24;506;210;18629;8839;5.2;2.5
88;2021-02-25;675;284;19304;9123;5.4;2.5
88;2021-02-26;862;277;20166;9400;5.6;2.6
88;2021-02-27;267;34;20433;9434;5.7;2.6
88;2021-02-28;30;1;20463;9435;5.7;2.6
88;2021-03-01;359;464;20822;9899;5.8;2.8
88;2021-03-02;431;497;21253;10396;5.9;2.9
88;2021-03-03;649;464;21902;10860;6.1;3.0
88;2021-03-04;1039;754;22941;11614;6.4;3.2
88;2021-03-05;935;702;23876;12316;6.6;3.4
88;2021-03-06;1874;117;25750;12433;7.2;3.5
88;2021-03-07;1058;79;26808;12512;7.5;3.5
88;2021-03-08;726;689;27534;13201;7.7;3.7
88;2021-03-09;1095;535;28629;13736;8.0;3.8
88;2021-03-10;1081;494;29710;14230;8.3;4.0
88;2021-03-11;1442;400;31152;14630;8.7;4.1
88;2021-03-12;1309;488;32461;15118;9.0;4.2
88;2021-03-13;1210;127;33671;15245;9.4;4.2
88;2021-03-14;166;5;33837;15250;9.4;4.2
88;2021-03-15;930;448;34767;15698;9.7;4.4
88;2021-03-16;1024;344;35791;16042;10.0;4.5
88;2021-03-17;902;423;36693;16465;10.2;4.6
88;2021-03-18;1301;400;37994;16865;10.6;4.7
88;2021-03-19;1464;502;39458;17367;11.0;4.8
88;2021-03-20;1317;52;40775;17419;11.3;4.8
88;2021-03-21;37;0;40812;17419;11.4;4.8
88;2021-03-22;1231;544;42043;17963;11.7;5.0
88;2021-03-23;1780;439;43823;18402;12.2;5.1
88;2021-03-24;1875;470;45698;18872;12.7;5.2
88;2021-03-25;2500;489;48198;19361;13.4;5.4
88;2021-03-26;2480;455;50678;19816;14.1;5.5
88;2021-03-27;883;298;51561;20114;14.3;5.6
88;2021-03-28;60;4;51621;20118;14.4;5.6
88;2021-03-29;1305;444;52926;20562;14.7;5.7
88;2021-03-30;2062;392;54988;20954;15.3;5.8
88;2021-03-31;1619;576;56607;21530;15.7;6.0
88;2021-04-01;2116;715;58723;22245;16.3;6.2
88;2021-04-02;2815;639;61538;22884;17.1;6.4
88;2021-04-03;744;212;62282;23096;17.3;6.4
88;2021-04-04;16;1;62298;23097;17.3;6.4
88;2021-04-05;23;2;62321;23099;17.3;6.4
88;2021-04-06;1137;677;63458;23776;17.7;6.6
88;2021-04-07;1600;714;65058;24490;18.1;6.8
88;2021-04-08;1859;786;66917;25276;18.6;7.0
88;2021-04-09;3080;737;69997;26013;19.5;7.2
88;2021-04-10;724;648;70721;26661;19.7;7.4
88;2021-04-11;33;1;70754;26662;19.7;7.4
88;2021-04-12;1539;984;72293;27646;20.1;7.7
88;2021-04-13;2037;1090;74330;28736;20.7;8.0
88;2021-04-14;1910;950;76240;29686;21.2;8.3
88;2021-04-15;1967;1240;78207;30926;21.8;8.6
88;2021-04-16;2108;1049;80315;31975;22.3;8.9
88;2021-04-17;1429;766;81744;32741;22.7;9.1
88;2021-04-18;268;23;82012;32764;22.8;9.1
88;2021-04-19;1175;1236;83187;34000;23.1;9.5
88;2021-04-20;1190;1397;84377;35397;23.5;9.8
88;2021-04-21;1502;1298;85879;36695;23.9;10.2
88;2021-04-22;1898;1631;87777;38326;24.4;10.7
88;2021-04-23;1825;2044;89602;40370;24.9;11.2
88;2021-04-24;1184;781;90786;41151;25.3;11.4
88;2021-04-25;34;2;90820;41153;25.3;11.4
88;2021-04-26;1180;1171;92000;42324;25.6;11.8
88;2021-04-27;1278;1734;93278;44058;25.9;12.3
88;2021-04-28;1633;1497;94911;45555;26.4;12.7
88;2021-04-29;2082;1462;96993;47017;27.0;13.1
88;2021-04-30;2450;1628;99443;48645;27.7;13.5
88;2021-05-01;2006;277;101449;48922;28.2;13.6
88;2021-05-02;1301;123;102750;49045;28.6;13.6
88;2021-05-03;1558;1218;104308;50263;29.0;14.0
88;2021-05-04;1444;1465;105752;51728;29.4;14.4
88;2021-05-05;2427;1597;108179;53325;30.1;14.8
88;2021-05-06;3210;1213;111389;54538;31.0;15.2
88;2021-05-07;2939;1356;114328;55894;31.8;15.5
88;2021-05-08;1531;469;115859;56363;32.2;15.7
88;2021-05-09;1734;156;117593;56519;32.7;15.7
88;2021-05-10;1764;1571;119357;58090;33.2;16.2
88;2021-05-11;2658;1910;122015;60000;33.9;16.7
88;2021-05-12;2531;1852;124546;61852;34.6;17.2
88;2021-05-13;3258;676;127804;62528;35.5;17.4
88;2021-05-14;2501;1540;130305;64068;36.2;17.8
88;2021-05-15;1625;739;131930;64807;36.7;18.0
88;2021-05-16;1333;104;133263;64911;37.1;18.1
88;2021-05-17;1988;944;135251;65855;37.6;18.3
88;2021-05-18;2255;1109;137506;66964;38.2;18.6
88;2021-05-19;2724;1146;140230;68110;39.0;18.9
88;2021-05-20;3346;1238;143576;69348;39.9;19.3
88;2021-05-21;2875;1147;146451;70495;40.7;19.6
88;2021-05-22;1432;714;147883;71209;41.1;19.8
88;2021-05-23;557;74;148440;71283;41.3;19.8
88;2021-05-24;1675;430;150115;71713;41.8;19.9
88;2021-05-25;1647;1173;151762;72886;42.2;20.3
88;2021-05-26;2369;1138;154131;74024;42.9;20.6
88;2021-05-27;2201;1362;156332;75386;43.5;21.0
88;2021-05-28;1892;1991;158224;77377;44.0;21.5
88;2021-05-29;1232;1756;159456;79133;44.4;22.0
88;2021-05-30;587;417;160043;79550;44.5;22.1
88;2021-05-31;1326;1853;161369;81403;44.9;22.6
88;2021-06-01;1720;1988;163089;83391;45.4;23.2
88;2021-06-02;2077;1870;165166;85261;45.9;23.7
88;2021-06-03;2738;1618;167904;86879;46.7;24.2
88;2021-06-04;2043;1936;169947;88815;47.3;24.7
88;2021-06-05;1531;1141;171478;89956;47.7;25.0
88;2021-06-06;693;155;172171;90111;47.9;25.1
88;2021-06-07;1292;1708;173463;91819;48.2;25.5
88;2021-06-08;1665;1930;175128;93749;48.7;26.1
88;2021-06-09;1618;1908;176746;95657;49.2;26.6
88;2021-06-10;1780;2047;178526;97704;49.7;27.2
88;2021-06-11;1549;2219;180075;99923;50.1;27.8
88;2021-06-12;669;1657;180744;101580;50.3;28.3
88;2021-06-13;464;378;181208;101958;50.4;28.4
88;2021-06-14;1030;2247;182238;104205;50.7;29.0
88;2021-06-15;1928;2454;184166;106659;51.2;29.7
88;2021-06-16;1484;2870;185650;109529;51.6;30.5
88;2021-06-17;1598;2726;187248;112255;52.1;31.2
88;2021-06-18;1356;2460;188604;114715;52.5;31.9
88;2021-06-19;701;1090;189305;115805;52.7;32.2
88;2021-06-20;78;79;189383;115884;52.7;32.2
88;2021-06-21;672;2579;190055;118463;52.9;33.0
88;2021-06-22;869;3433;190924;121896;53.1;33.9
88;2021-06-23;1142;2878;192066;124774;53.4;34.7
88;2021-06-24;702;2604;192768;127378;53.6;35.4
88;2021-06-25;1437;3181;194205;130559;54.0;36.3
88;2021-06-26;903;2072;195108;132631;54.3;36.9
88;2021-06-27;543;634;195651;133265;54.4;37.1
88;2021-06-28;758;2511;196409;135776;54.6;37.8
88;2021-06-29;958;3354;197367;139130;54.9;38.7
88;2021-06-30;1136;3112;198503;142242;55.2;39.6
88;2021-07-01;1056;2686;199559;144928;55.5;40.3
88;2021-07-02;988;3145;200547;148073;55.8;41.2
88;2021-07-03;693;1698;201240;149771;56.0;41.7
88;2021-07-04;258;815;201498;150586;56.0;41.9
88;2021-07-05;993;2022;202491;152608;56.3;42.4
88;2021-07-06;1020;2415;203511;155023;56.6;43.1
88;2021-07-07;1179;2585;204690;157608;56.9;43.8
88;2021-07-08;1082;2063;205772;159671;57.2;44.4
88;2021-07-09;1584;2703;207356;162374;57.7;45.2
88;2021-07-10;716;1818;208072;164192;57.9;45.7
88;2021-07-11;467;696;208539;164888;58.0;45.9
88;2021-07-12;1052;2520;209591;167408;58.3;46.6
88;2021-07-13;1311;2651;210902;170059;58.7;47.3
88;2021-07-14;1203;798;212105;170857;59.0;47.5
88;2021-07-15;1743;3314;213848;174171;59.5;48.4
88;2021-07-16;1470;2960;215318;177131;59.9;49.3
88;2021-07-17;799;1589;216117;178720;60.1;49.7
88;2021-07-18;180;680;216297;179400;60.2;49.9
88;2021-07-19;1560;2233;217857;181633;60.6;50.5
88;2021-07-20;2140;2393;219997;184026;61.2;51.2
88;2021-07-21;1935;2224;221932;186250;61.7;51.8
88;2021-07-22;1696;2108;223628;188358;62.2;52.4
88;2021-07-23;2501;2780;226129;191138;62.9;53.2
88;2021-07-24;1058;1186;227187;192324;63.2;53.5
88;2021-07-25;431;608;227618;192932;63.3;53.7
88;2021-07-26;1711;2070;229329;195002;63.8;54.2
88;2021-07-27;2341;2056;231670;197058;64.4;54.8
88;2021-07-28;2202;2250;233872;199308;65.1;55.4
88;2021-07-29;3010;1630;236882;200938;65.9;55.9
88;2021-07-30;2264;2288;239146;203226;66.5;56.5
88;2021-07-31;1095;1038;240241;204264;66.8;56.8
88;2021-08-01;442;462;240683;204726;66.9;56.9
88;2021-08-02;2361;1765;243044;206491;67.6;57.4
88;2021-08-03;2865;1581;245909;208072;68.4;57.9
88;2021-08-04;2512;1524;248421;209596;69.1;58.3
88;2021-08-05;1985;1374;250406;210970;69.7;58.7
88;2021-08-06;2914;2009;253320;212979;70.5;59.2
88;2021-08-07;1169;912;254489;213891;70.8;59.5
88;2021-08-08;750;317;255239;214208;71.0;59.6
88;2021-08-09;1544;1643;256783;215851;71.4;60.0
88;2021-08-10;1931;2055;258714;217906;72.0;60.6
88;2021-08-11;1862;1745;260576;219651;72.5;61.1
88;2021-08-12;1659;1343;262235;220994;72.9;61.5
88;2021-08-13;1918;2115;264153;223109;73.5;62.1
88;2021-08-14;569;909;264722;224018;73.6;62.3
88;2021-08-15;335;522;265057;224540;73.7;62.5
88;2021-08-16;1063;1969;266120;226509;74.0;63.0
89;2020-12-27;0;0;0;0;0.0;0.0
89;2020-12-28;0;0;0;0;0.0;0.0
89;2020-12-29;0;0;0;0;0.0;0.0
89;2020-12-30;0;0;0;0;0.0;0.0
89;2020-12-31;0;0;0;0;0.0;0.0
89;2021-01-01;0;0;0;0;0.0;0.0
89;2021-01-02;0;0;0;0;0.0;0.0
89;2021-01-03;0;0;0;0;0.0;0.0
89;2021-01-04;0;0;0;0;0.0;0.0
89;2021-01-05;0;0;0;0;0.0;0.0
89;2021-01-06;48;0;48;0;0.0;0.0
89;2021-01-07;201;0;249;0;0.1;0.0
89;2021-01-08;48;0;297;0;0.1;0.0
89;2021-01-09;1;0;298;0;0.1;0.0
89;2021-01-10;0;0;298;0;0.1;0.0
89;2021-01-11;220;0;518;0;0.2;0.0
89;2021-01-12;349;0;867;0;0.3;0.0
89;2021-01-13;533;3;1400;3;0.4;0.0
89;2021-01-14;709;7;2109;10;0.6;0.0
89;2021-01-15;275;2;2384;12;0.7;0.0
89;2021-01-16;90;3;2474;15;0.7;0.0
89;2021-01-17;0;0;2474;15;0.7;0.0
89;2021-01-18;503;1;2977;16;0.9;0.0
89;2021-01-19;840;3;3817;19;1.1;0.0
89;2021-01-20;760;1;4577;20;1.4;0.0
89;2021-01-21;939;4;5516;24;1.7;0.0
89;2021-01-22;1018;1;6534;25;2.0;0.0
89;2021-01-23;200;0;6734;25;2.0;0.0
89;2021-01-24;106;0;6840;25;2.1;0.0
89;2021-01-25;482;4;7322;29;2.2;0.0
89;2021-01-26;582;13;7904;42;2.4;0.0
89;2021-01-27;472;38;8376;80;2.5;0.0
89;2021-01-28;550;127;8926;207;2.7;0.1
89;2021-01-29;958;42;9884;249;3.0;0.1
89;2021-01-30;184;67;10068;316;3.0;0.1
89;2021-01-31;24;2;10092;318;3.0;0.1
89;2021-02-01;255;153;10347;471;3.1;0.1
89;2021-02-02;282;339;10629;810;3.2;0.2
89;2021-02-03;292;344;10921;1154;3.3;0.3
89;2021-02-04;432;593;11353;1747;3.4;0.5
89;2021-02-05;387;201;11740;1948;3.5;0.6
89;2021-02-06;77;66;11817;2014;3.6;0.6
89;2021-02-07;0;0;11817;2014;3.6;0.6
89;2021-02-08;288;188;12105;2202;3.6;0.7
89;2021-02-09;285;443;12390;2645;3.7;0.8
89;2021-02-10;396;314;12786;2959;3.9;0.9
89;2021-02-11;333;551;13119;3510;4.0;1.1
89;2021-02-12;432;599;13551;4109;4.1;1.2
89;2021-02-13;52;131;13603;4240;4.1;1.3
89;2021-02-14;21;116;13624;4356;4.1;1.3
89;2021-02-15;218;409;13842;4765;4.2;1.4
89;2021-02-16;134;536;13976;5301;4.2;1.6
89;2021-02-17;263;435;14239;5736;4.3;1.7
89;2021-02-18;225;557;14464;6293;4.4;1.9
89;2021-02-19;244;653;14708;6946;4.4;2.1
89;2021-02-20;33;140;14741;7086;4.4;2.1
89;2021-02-21;0;10;14741;7096;4.4;2.1
89;2021-02-22;233;450;14974;7546;4.5;2.3
89;2021-02-23;171;493;15145;8039;4.6;2.4
89;2021-02-24;341;389;15486;8428;4.7;2.5
89;2021-02-25;369;465;15855;8893;4.8;2.7
89;2021-02-26;384;336;16239;9229;4.9;2.8
89;2021-02-27;137;81;16376;9310;4.9;2.8
89;2021-02-28;6;13;16382;9323;4.9;2.8
89;2021-03-01;541;238;16923;9561;5.1;2.9
89;2021-03-02;752;356;17675;9917;5.3;3.0
89;2021-03-03;647;276;18322;10193;5.5;3.1
89;2021-03-04;633;379;18955;10572;5.7;3.2
89;2021-03-05;730;504;19685;11076;5.9;3.3
89;2021-03-06;550;132;20235;11208;6.1;3.4
89;2021-03-07;288;40;20523;11248;6.2;3.4
89;2021-03-08;558;325;21081;11573;6.3;3.5
89;2021-03-09;998;276;22079;11849;6.6;3.6
89;2021-03-10;980;254;23059;12103;6.9;3.6
89;2021-03-11;1074;300;24133;12403;7.3;3.7
89;2021-03-12;1280;334;25413;12737;7.7;3.8
89;2021-03-13;636;43;26049;12780;7.8;3.8
89;2021-03-14;1;0;26050;12780;7.8;3.8
89;2021-03-15;814;311;26864;13091;8.1;3.9
89;2021-03-16;948;222;27812;13313;8.4;4.0
89;2021-03-17;918;268;28730;13581;8.7;4.1
89;2021-03-18;883;255;29613;13836;8.9;4.2
89;2021-03-19;1149;195;30762;14031;9.3;4.2
89;2021-03-20;844;26;31606;14057;9.5;4.2
89;2021-03-21;173;6;31779;14063;9.6;4.2
89;2021-03-22;1044;221;32823;14284;9.9;4.3
89;2021-03-23;1740;257;34563;14541;10.4;4.4
89;2021-03-24;1968;325;36531;14866;11.0;4.5
89;2021-03-25;1818;169;38349;15035;11.5;4.5
89;2021-03-26;2627;184;40976;15219;12.3;4.6
89;2021-03-27;1773;48;42749;15267;12.9;4.6
89;2021-03-28;32;3;42781;15270;12.9;4.6
89;2021-03-29;963;581;43744;15851;13.2;4.8
89;2021-03-30;1153;568;44897;16419;13.5;4.9
89;2021-03-31;2005;472;46902;16891;14.1;5.1
89;2021-04-01;2120;460;49022;17351;14.8;5.2
89;2021-04-02;2139;446;51161;17797;15.4;5.4
89;2021-04-03;1003;241;52164;18038;15.7;5.4
89;2021-04-04;16;1;52180;18039;15.7;5.4
89;2021-04-05;92;2;52272;18041;15.7;5.4
89;2021-04-06;1034;756;53306;18797;16.1;5.7
89;2021-04-07;1031;807;54337;19604;16.4;5.9
89;2021-04-08;1730;725;56067;20329;16.9;6.1
89;2021-04-09;2161;731;58228;21060;17.5;6.3
89;2021-04-10;892;180;59120;21240;17.8;6.4
89;2021-04-11;38;51;59158;21291;17.8;6.4
89;2021-04-12;1014;793;60172;22084;18.1;6.6
89;2021-04-13;1357;1079;61529;23163;18.5;7.0
89;2021-04-14;1211;1037;62740;24200;18.9;7.3
89;2021-04-15;1416;945;64156;25145;19.3;7.6
89;2021-04-16;1329;939;65485;26084;19.7;7.9
89;2021-04-17;1067;455;66552;26539;20.0;8.0
89;2021-04-18;27;154;66579;26693;20.0;8.0
89;2021-04-19;749;1034;67328;27727;20.3;8.3
89;2021-04-20;1018;1536;68346;29263;20.6;8.8
89;2021-04-21;814;1104;69160;30367;20.8;9.1
89;2021-04-22;1107;1167;70267;31534;21.2;9.5
89;2021-04-23;1823;1970;72090;33504;21.7;10.1
89;2021-04-24;1172;1175;73262;34679;22.1;10.4
89;2021-04-25;139;6;73401;34685;22.1;10.4
89;2021-04-26;1502;775;74903;35460;22.6;10.7
89;2021-04-27;1732;1054;76635;36514;23.1;11.0
89;2021-04-28;1594;1852;78229;38366;23.6;11.6
89;2021-04-29;1970;1917;80199;40283;24.1;12.1
89;2021-04-30;1804;1766;82003;42049;24.7;12.7
89;2021-05-01;846;722;82849;42771;24.9;12.9
89;2021-05-02;134;31;82983;42802;25.0;12.9
89;2021-05-03;1605;762;84588;43564;25.5;13.1
89;2021-05-04;1620;1129;86208;44693;26.0;13.5
89;2021-05-05;2319;1264;88527;45957;26.7;13.8
89;2021-05-06;2413;1378;90940;47335;27.4;14.3
89;2021-05-07;2721;1317;93661;48652;28.2;14.6
89;2021-05-08;1786;534;95447;49186;28.7;14.8
89;2021-05-09;196;18;95643;49204;28.8;14.8
89;2021-05-10;1201;965;96844;50169;29.2;15.1
89;2021-05-11;2491;1461;99335;51630;29.9;15.5
89;2021-05-12;2059;1218;101394;52848;30.5;15.9
89;2021-05-13;414;333;101808;53181;30.7;16.0
89;2021-05-14;1878;1095;103686;54276;31.2;16.3
89;2021-05-15;2248;393;105934;54669;31.9;16.5
89;2021-05-16;10;35;105944;54704;31.9;16.5
89;2021-05-17;2091;637;108035;55341;32.5;16.7
89;2021-05-18;2324;827;110359;56168;33.2;16.9
89;2021-05-19;2861;881;113220;57049;34.1;17.2
89;2021-05-20;2928;888;116148;57937;35.0;17.4
89;2021-05-21;2480;878;118628;58815;35.7;17.7
89;2021-05-22;1429;570;120057;59385;36.2;17.9
89;2021-05-23;108;10;120165;59395;36.2;17.9
89;2021-05-24;286;223;120451;59618;36.3;18.0
89;2021-05-25;1558;983;122009;60601;36.7;18.2
89;2021-05-26;1817;1020;123826;61621;37.3;18.6
89;2021-05-27;2118;1354;125944;62975;37.9;19.0
89;2021-05-28;2143;1421;128087;64396;38.6;19.4
89;2021-05-29;540;658;128627;65054;38.7;19.6
89;2021-05-30;25;22;128652;65076;38.7;19.6
89;2021-05-31;1248;968;129900;66044;39.1;19.9
89;2021-06-01;1506;983;131406;67027;39.6;20.2
89;2021-06-02;1945;1280;133351;68307;40.2;20.6
89;2021-06-03;2428;1522;135779;69829;40.9;21.0
89;2021-06-04;2143;1886;137922;71715;41.5;21.6
89;2021-06-05;1184;1224;139106;72939;41.9;22.0
89;2021-06-06;22;37;139128;72976;41.9;22.0
89;2021-06-07;2110;1448;141238;74424;42.5;22.4
89;2021-06-08;2196;1454;143434;75878;43.2;22.8
89;2021-06-09;2321;1508;145755;77386;43.9;23.3
89;2021-06-10;2791;1600;148546;78986;44.7;23.8
89;2021-06-11;1947;1748;150493;80734;45.3;24.3
89;2021-06-12;1103;757;151596;81491;45.6;24.5
89;2021-06-13;155;424;151751;81915;45.7;24.7
89;2021-06-14;1310;1820;153061;83735;46.1;25.2
89;2021-06-15;1402;2012;154463;85747;46.5;25.8
89;2021-06-16;1128;2583;155591;88330;46.9;26.6
89;2021-06-17;1430;2338;157021;90668;47.3;27.3
89;2021-06-18;1623;2876;158644;93544;47.8;28.2
89;2021-06-19;687;1662;159331;95206;48.0;28.7
89;2021-06-20;55;127;159386;95333;48.0;28.7
89;2021-06-21;760;1529;160146;96862;48.2;29.2
89;2021-06-22;1048;2679;161194;99541;48.5;30.0
89;2021-06-23;1156;1796;162350;101337;48.9;30.5
89;2021-06-24;1077;1495;163427;102832;49.2;31.0
89;2021-06-25;1007;2428;164434;105260;49.5;31.7
89;2021-06-26;561;2481;164995;107741;49.7;32.4
89;2021-06-27;14;28;165009;107769;49.7;32.5
89;2021-06-28;1033;2493;166042;110262;50.0;33.2
89;2021-06-29;687;2403;166729;112665;50.2;33.9
89;2021-06-30;1083;3182;167812;115847;50.5;34.9
89;2021-07-01;1021;2985;168833;118832;50.8;35.8
89;2021-07-02;1104;2746;169937;121578;51.2;36.6
89;2021-07-03;554;1571;170491;123149;51.3;37.1
89;2021-07-04;11;36;170502;123185;51.3;37.1
89;2021-07-05;1295;1836;171797;125021;51.7;37.6
89;2021-07-06;1050;2308;172847;127329;52.0;38.3
89;2021-07-07;668;1786;173515;129115;52.2;38.9
89;2021-07-08;790;1871;174305;130986;52.5;39.4
89;2021-07-09;1135;2606;175440;133592;52.8;40.2
89;2021-07-10;719;816;176159;134408;53.0;40.5
89;2021-07-11;26;39;176185;134447;53.1;40.5
89;2021-07-12;1423;1898;177608;136345;53.5;41.1
89;2021-07-13;2133;2744;179741;139089;54.1;41.9
89;2021-07-14;312;324;180053;139413;54.2;42.0
89;2021-07-15;2235;3163;182288;142576;54.9;42.9
89;2021-07-16;2387;2859;184675;145435;55.6;43.8
89;2021-07-17;1233;1226;185908;146661;56.0;44.2
89;2021-07-18;276;96;186184;146757;56.1;44.2
89;2021-07-19;1564;2815;187748;149572;56.5;45.0
89;2021-07-20;1923;3280;189671;152852;57.1;46.0
89;2021-07-21;2076;2723;191747;155575;57.7;46.8
89;2021-07-22;2470;2989;194217;158564;58.5;47.7
89;2021-07-23;2475;3100;196692;161664;59.2;48.7
89;2021-07-24;1232;1248;197924;162912;59.6;49.1
89;2021-07-25;68;185;197992;163097;59.6;49.1
89;2021-07-26;1716;2319;199708;165416;60.1;49.8
89;2021-07-27;2326;1905;202034;167321;60.8;50.4
89;2021-07-28;2511;1335;204545;168656;61.6;50.8
89;2021-07-29;2508;1618;207053;170274;62.3;51.3
89;2021-07-30;2658;1615;209711;171889;63.1;51.8
89;2021-07-31;1118;1072;210829;172961;63.5;52.1
89;2021-08-01;69;33;210898;172994;63.5;52.1
89;2021-08-02;1775;1281;212673;174275;64.0;52.5
89;2021-08-03;2449;1250;215122;175525;64.8;52.9
89;2021-08-04;1519;1642;216641;177167;65.2;53.3
89;2021-08-05;1527;1686;218168;178853;65.7;53.9
89;2021-08-06;2157;1645;220325;180498;66.3;54.4
89;2021-08-07;921;1091;221246;181589;66.6;54.7
89;2021-08-08;55;47;221301;181636;66.6;54.7
89;2021-08-09;1087;1172;222388;182808;67.0;55.0
89;2021-08-10;1772;1809;224160;184617;67.5;55.6
89;2021-08-11;1505;1576;225665;186193;68.0;56.1
89;2021-08-12;1349;1384;227014;187577;68.4;56.5
89;2021-08-13;1232;1942;228246;189519;68.7;57.1
89;2021-08-14;514;1014;228760;190533;68.9;57.4
89;2021-08-15;19;43;228779;190576;68.9;57.4
89;2021-08-16;979;1954;229758;192530;69.2;58.0
90;2020-12-27;0;0;0;0;0.0;0.0
90;2020-12-28;0;0;0;0;0.0;0.0
90;2020-12-29;0;0;0;0;0.0;0.0
90;2020-12-30;1;0;1;0;0.0;0.0
90;2020-12-31;0;0;1;0;0.0;0.0
90;2021-01-01;0;0;1;0;0.0;0.0
90;2021-01-02;1;0;2;0;0.0;0.0
90;2021-01-03;0;0;2;0;0.0;0.0
90;2021-01-04;2;0;4;0;0.0;0.0
90;2021-01-05;0;0;4;0;0.0;0.0
90;2021-01-06;0;0;4;0;0.0;0.0
90;2021-01-07;1;0;5;0;0.0;0.0
90;2021-01-08;170;0;175;0;0.1;0.0
90;2021-01-09;46;0;221;0;0.2;0.0
90;2021-01-10;0;0;221;0;0.2;0.0
90;2021-01-11;200;0;421;0;0.3;0.0
90;2021-01-12;430;0;851;0;0.6;0.0
90;2021-01-13;468;3;1319;3;0.9;0.0
90;2021-01-14;414;1;1733;4;1.2;0.0
90;2021-01-15;405;9;2138;13;1.5;0.0
90;2021-01-16;111;2;2249;15;1.6;0.0
90;2021-01-17;1;0;2250;15;1.6;0.0
90;2021-01-18;364;2;2614;17;1.9;0.0
90;2021-01-19;462;5;3076;22;2.2;0.0
90;2021-01-20;392;2;3468;24;2.5;0.0
90;2021-01-21;351;1;3819;25;2.7;0.0
90;2021-01-22;346;2;4165;27;3.0;0.0
90;2021-01-23;98;0;4263;27;3.0;0.0
90;2021-01-24;0;0;4263;27;3.0;0.0
90;2021-01-25;322;3;4585;30;3.3;0.0
90;2021-01-26;224;0;4809;30;3.4;0.0
90;2021-01-27;255;0;5064;30;3.6;0.0
90;2021-01-28;328;33;5392;63;3.8;0.0
90;2021-01-29;291;163;5683;226;4.1;0.2
90;2021-01-30;176;45;5859;271;4.2;0.2
90;2021-01-31;118;0;5977;271;4.3;0.2
90;2021-02-01;275;112;6252;383;4.5;0.3
90;2021-02-02;290;163;6542;546;4.7;0.4
90;2021-02-03;256;368;6798;914;4.9;0.7
90;2021-02-04;257;304;7055;1218;5.0;0.9
90;2021-02-05;266;271;7321;1489;5.2;1.1
90;2021-02-06;89;68;7410;1557;5.3;1.1
90;2021-02-07;0;0;7410;1557;5.3;1.1
90;2021-02-08;170;218;7580;1775;5.4;1.3
90;2021-02-09;139;166;7719;1941;5.5;1.4
90;2021-02-10;182;31;7901;1972;5.6;1.4
90;2021-02-11;228;109;8129;2081;5.8;1.5
90;2021-02-12;126;239;8255;2320;5.9;1.7
90;2021-02-13;95;45;8350;2365;6.0;1.7
90;2021-02-14;0;0;8350;2365;6.0;1.7
90;2021-02-15;113;280;8463;2645;6.0;1.9
90;2021-02-16;92;276;8555;2921;6.1;2.1
90;2021-02-17;178;205;8733;3126;6.2;2.2
90;2021-02-18;128;242;8861;3368;6.3;2.4
90;2021-02-19;64;272;8925;3640;6.4;2.6
90;2021-02-20;40;72;8965;3712;6.4;2.6
90;2021-02-21;0;0;8965;3712;6.4;2.6
90;2021-02-22;76;333;9041;4045;6.5;2.9
90;2021-02-23;40;259;9081;4304;6.5;3.1
90;2021-02-24;109;289;9190;4593;6.6;3.3
90;2021-02-25;89;313;9279;4906;6.6;3.5
90;2021-02-26;89;394;9368;5300;6.7;3.8
90;2021-02-27;140;178;9508;5478;6.8;3.9
90;2021-02-28;8;113;9516;5591;6.8;4.0
90;2021-03-01;212;233;9728;5824;6.9;4.2
90;2021-03-02;178;285;9906;6109;7.1;4.4
90;2021-03-03;239;355;10145;6464;7.2;4.6
90;2021-03-04;259;277;10404;6741;7.4;4.8
90;2021-03-05;359;269;10763;7010;7.7;5.0
90;2021-03-06;291;104;11054;7114;7.9;5.1
90;2021-03-07;18;1;11072;7115;7.9;5.1
90;2021-03-08;246;246;11318;7361;8.1;5.3
90;2021-03-09;430;163;11748;7524;8.4;5.4
90;2021-03-10;348;197;12096;7721;8.6;5.5
90;2021-03-11;348;119;12444;7840;8.9;5.6
90;2021-03-12;519;129;12963;7969;9.2;5.7
90;2021-03-13;539;47;13502;8016;9.6;5.7
90;2021-03-14;21;0;13523;8016;9.6;5.7
90;2021-03-15;387;117;13910;8133;9.9;5.8
90;2021-03-16;401;99;14311;8232;10.2;5.9
90;2021-03-17;323;76;14634;8308;10.4;5.9
90;2021-03-18;348;78;14982;8386;10.7;6.0
90;2021-03-19;468;78;15450;8464;11.0;6.0
90;2021-03-20;426;47;15876;8511;11.3;6.1
90;2021-03-21;7;2;15883;8513;11.3;6.1
90;2021-03-22;399;30;16282;8543;11.6;6.1
90;2021-03-23;738;73;17020;8616;12.1;6.1
90;2021-03-24;816;45;17836;8661;12.7;6.2
90;2021-03-25;946;74;18782;8735;13.4;6.2
90;2021-03-26;1227;59;20009;8794;14.3;6.3
90;2021-03-27;438;33;20447;8827;14.6;6.3
90;2021-03-28;34;0;20481;8827;14.6;6.3
90;2021-03-29;712;142;21193;8969;15.1;6.4
90;2021-03-30;674;154;21867;9123;15.6;6.5
90;2021-03-31;728;80;22595;9203;16.1;6.6
90;2021-04-01;601;118;23196;9321;16.6;6.7
90;2021-04-02;657;98;23853;9419;17.0;6.7
90;2021-04-03;370;40;24223;9459;17.3;6.7
90;2021-04-04;1;0;24224;9459;17.3;6.7
90;2021-04-05;0;0;24224;9459;17.3;6.7
90;2021-04-06;528;251;24752;9710;17.7;6.9
90;2021-04-07;485;263;25237;9973;18.0;7.1
90;2021-04-08;510;244;25747;10217;18.4;7.3
90;2021-04-09;752;266;26499;10483;18.9;7.5
90;2021-04-10;224;8;26723;10491;19.1;7.5
90;2021-04-11;7;0;26730;10491;19.1;7.5
90;2021-04-12;556;479;27286;10970;19.5;7.8
90;2021-04-13;631;530;27917;11500;19.9;8.2
90;2021-04-14;527;352;28444;11852;20.3;8.5
90;2021-04-15;905;288;29349;12140;20.9;8.7
90;2021-04-16;370;404;29719;12544;21.2;9.0
90;2021-04-17;190;127;29909;12671;21.3;9.0
90;2021-04-18;21;0;29930;12671;21.4;9.0
90;2021-04-19;435;570;30365;13241;21.7;9.4
90;2021-04-20;494;619;30859;13860;22.0;9.9
90;2021-04-21;353;497;31212;14357;22.3;10.2
90;2021-04-22;569;601;31781;14958;22.7;10.7
90;2021-04-23;505;744;32286;15702;23.0;11.2
90;2021-04-24;305;202;32591;15904;23.3;11.3
90;2021-04-25;1;0;32592;15904;23.3;11.3
90;2021-04-26;508;751;33100;16655;23.6;11.9
90;2021-04-27;641;681;33741;17336;24.1;12.4
90;2021-04-28;765;445;34506;17781;24.6;12.7
90;2021-04-29;1003;450;35509;18231;25.3;13.0
90;2021-04-30;1120;458;36629;18689;26.1;13.3
90;2021-05-01;60;42;36689;18731;26.2;13.4
90;2021-05-02;4;0;36693;18731;26.2;13.4
90;2021-05-03;903;286;37596;19017;26.8;13.6
90;2021-05-04;784;638;38380;19655;27.4;14.0
90;2021-05-05;892;505;39272;20160;28.0;14.4
90;2021-05-06;852;627;40124;20787;28.6;14.8
90;2021-05-07;440;510;40564;21297;28.9;15.2
90;2021-05-08;26;27;40590;21324;29.0;15.2
90;2021-05-09;5;33;40595;21357;29.0;15.2
90;2021-05-10;507;585;41102;21942;29.3;15.7
90;2021-05-11;778;636;41880;22578;29.9;16.1
90;2021-05-12;530;598;42410;23176;30.3;16.5
90;2021-05-13;1113;264;43523;23440;31.1;16.7
90;2021-05-14;865;403;44388;23843;31.7;17.0
90;2021-05-15;14;125;44402;23968;31.7;17.1
90;2021-05-16;2;7;44404;23975;31.7;17.1
90;2021-05-17;793;289;45197;24264;32.3;17.3
90;2021-05-18;1023;471;46220;24735;33.0;17.6
90;2021-05-19;1265;384;47485;25119;33.9;17.9
90;2021-05-20;1200;270;48685;25389;34.7;18.1
90;2021-05-21;1265;431;49950;25820;35.6;18.4
90;2021-05-22;9;131;49959;25951;35.6;18.5
90;2021-05-23;4;0;49963;25951;35.7;18.5
90;2021-05-24;368;266;50331;26217;35.9;18.7
90;2021-05-25;637;792;50968;27009;36.4;19.3
90;2021-05-26;630;568;51598;27577;36.8;19.7
90;2021-05-27;963;383;52561;27960;37.5;20.0
90;2021-05-28;668;827;53229;28787;38.0;20.5
90;2021-05-29;93;296;53322;29083;38.0;20.8
90;2021-05-30;4;1;53326;29084;38.1;20.8
90;2021-05-31;809;714;54135;29798;38.6;21.3
90;2021-06-01;968;740;55103;30538;39.3;21.8
90;2021-06-02;760;676;55863;31214;39.9;22.3
90;2021-06-03;758;743;56621;31957;40.4;22.8
90;2021-06-04;833;974;57454;32931;41.0;23.5
90;2021-06-05;54;427;57508;33358;41.0;23.8
90;2021-06-06;1;16;57509;33374;41.0;23.8
90;2021-06-07;1265;1081;58774;34455;41.9;24.6
90;2021-06-08;1481;936;60255;35391;43.0;25.3
90;2021-06-09;965;659;61220;36050;43.7;25.7
90;2021-06-10;625;496;61845;36546;44.1;26.1
90;2021-06-11;787;1126;62632;37672;44.7;26.9
90;2021-06-12;806;298;63438;37970;45.3;27.1
90;2021-06-13;10;12;63448;37982;45.3;27.1
90;2021-06-14;264;973;63712;38955;45.5;27.8
90;2021-06-15;569;880;64281;39835;45.9;28.4
90;2021-06-16;510;548;64791;40383;46.2;28.8
90;2021-06-17;444;638;65235;41021;46.5;29.3
90;2021-06-18;621;996;65856;42017;47.0;30.0
90;2021-06-19;450;169;66306;42186;47.3;30.1
90;2021-06-20;0;28;66306;42214;47.3;30.1
90;2021-06-21;256;1178;66562;43392;47.5;31.0
90;2021-06-22;384;950;66946;44342;47.8;31.6
90;2021-06-23;414;634;67360;44976;48.1;32.1
90;2021-06-24;319;602;67679;45578;48.3;32.5
90;2021-06-25;426;1273;68105;46851;48.6;33.4
90;2021-06-26;420;561;68525;47412;48.9;33.8
90;2021-06-27;2;6;68527;47418;48.9;33.8
90;2021-06-28;378;1298;68905;48716;49.2;34.8
90;2021-06-29;306;1307;69211;50023;49.4;35.7
90;2021-06-30;486;1230;69697;51253;49.7;36.6
90;2021-07-01;346;919;70043;52172;50.0;37.2
90;2021-07-02;506;1206;70549;53378;50.3;38.1
90;2021-07-03;52;129;70601;53507;50.4;38.2
90;2021-07-04;0;21;70601;53528;50.4;38.2
90;2021-07-05;399;1014;71000;54542;50.7;38.9
90;2021-07-06;513;971;71513;55513;51.0;39.6
90;2021-07-07;380;995;71893;56508;51.3;40.3
90;2021-07-08;304;608;72197;57116;51.5;40.8
90;2021-07-09;438;951;72635;58067;51.8;41.4
90;2021-07-10;31;91;72666;58158;51.9;41.5
90;2021-07-11;7;17;72673;58175;51.9;41.5
90;2021-07-12;242;1076;72915;59251;52.0;42.3
90;2021-07-13;474;1162;73389;60413;52.4;43.1
90;2021-07-14;2;8;73391;60421;52.4;43.1
90;2021-07-15;791;1450;74182;61871;52.9;44.1
90;2021-07-16;823;1683;75005;63554;53.5;45.3
90;2021-07-17;483;954;75488;64508;53.9;46.0
90;2021-07-18;4;2;75492;64510;53.9;46.0
90;2021-07-19;1182;1461;76674;65971;54.7;47.1
90;2021-07-20;1334;1138;78008;67109;55.7;47.9
90;2021-07-21;1394;981;79402;68090;56.7;48.6
90;2021-07-22;1120;696;80522;68786;57.5;49.1
90;2021-07-23;960;1024;81482;69810;58.1;49.8
90;2021-07-24;116;65;81598;69875;58.2;49.9
90;2021-07-25;2;1;81600;69876;58.2;49.9
90;2021-07-26;1068;803;82668;70679;59.0;50.4
90;2021-07-27;1073;741;83741;71420;59.8;51.0
90;2021-07-28;808;710;84549;72130;60.3;51.5
90;2021-07-29;832;437;85381;72567;60.9;51.8
90;2021-07-30;777;496;86158;73063;61.5;52.1
90;2021-07-31;479;313;86637;73376;61.8;52.4
90;2021-08-01;0;3;86637;73379;61.8;52.4
90;2021-08-02;834;512;87471;73891;62.4;52.7
90;2021-08-03;907;492;88378;74383;63.1;53.1
90;2021-08-04;1063;456;89441;74839;63.8;53.4
90;2021-08-05;519;221;89960;75060;64.2;53.6
90;2021-08-06;635;387;90595;75447;64.6;53.8
90;2021-08-07;35;63;90630;75510;64.7;53.9
90;2021-08-08;18;3;90648;75513;64.7;53.9
90;2021-08-09;721;943;91369;76456;65.2;54.6
90;2021-08-10;533;1151;91902;77607;65.6;55.4
90;2021-08-11;536;947;92438;78554;66.0;56.1
90;2021-08-12;444;816;92882;79370;66.3;56.6
90;2021-08-13;518;894;93400;80264;66.6;57.3
90;2021-08-14;30;101;93430;80365;66.7;57.3
90;2021-08-15;2;8;93432;80373;66.7;57.3
90;2021-08-16;440;632;93872;81005;67.0;57.8
91;2020-12-27;0;0;0;0;0.0;0.0
91;2020-12-28;0;0;0;0;0.0;0.0
91;2020-12-29;1;0;1;0;0.0;0.0
91;2020-12-30;1;0;2;0;0.0;0.0
91;2020-12-31;0;0;2;0;0.0;0.0
91;2021-01-01;5;0;7;0;0.0;0.0
91;2021-01-02;0;0;7;0;0.0;0.0
91;2021-01-03;0;0;7;0;0.0;0.0
91;2021-01-04;1;0;8;0;0.0;0.0
91;2021-01-05;71;0;79;0;0.0;0.0
91;2021-01-06;188;2;267;2;0.0;0.0
91;2021-01-07;523;6;790;8;0.1;0.0
91;2021-01-08;394;1;1184;9;0.1;0.0
91;2021-01-09;89;3;1273;12;0.1;0.0
91;2021-01-10;1;0;1274;12;0.1;0.0
91;2021-01-11;595;2;1869;14;0.1;0.0
91;2021-01-12;899;8;2768;22;0.2;0.0
91;2021-01-13;702;6;3470;28;0.3;0.0
91;2021-01-14;721;11;4191;39;0.3;0.0
91;2021-01-15;568;3;4759;42;0.4;0.0
91;2021-01-16;316;8;5075;50;0.4;0.0
91;2021-01-17;116;1;5191;51;0.4;0.0
91;2021-01-18;991;3;6182;54;0.5;0.0
91;2021-01-19;1866;12;8048;66;0.6;0.0
91;2021-01-20;2367;19;10415;85;0.8;0.0
91;2021-01-21;2095;15;12510;100;0.9;0.0
91;2021-01-22;1858;10;14368;110;1.1;0.0
91;2021-01-23;413;1;14781;111;1.1;0.0
91;2021-01-24;53;0;14834;111;1.1;0.0
91;2021-01-25;1048;4;15882;115;1.2;0.0
91;2021-01-26;1576;41;17458;156;1.3;0.0
91;2021-01-27;2415;95;19873;251;1.5;0.0
91;2021-01-28;1981;223;21854;474;1.7;0.0
91;2021-01-29;1749;68;23603;542;1.8;0.0
91;2021-01-30;422;7;24025;549;1.8;0.0
91;2021-01-31;54;0;24079;549;1.8;0.0
91;2021-02-01;964;218;25043;767;1.9;0.1
91;2021-02-02;858;365;25901;1132;2.0;0.1
91;2021-02-03;937;571;26838;1703;2.0;0.1
91;2021-02-04;885;282;27723;1985;2.1;0.2
91;2021-02-05;1034;359;28757;2344;2.2;0.2
91;2021-02-06;337;91;29094;2435;2.2;0.2
91;2021-02-07;13;0;29107;2435;2.2;0.2
91;2021-02-08;905;606;30012;3041;2.3;0.2
91;2021-02-09;961;861;30973;3902;2.3;0.3
91;2021-02-10;1065;990;32038;4892;2.4;0.4
91;2021-02-11;1120;1019;33158;5911;2.5;0.4
91;2021-02-12;1061;835;34219;6746;2.6;0.5
91;2021-02-13;330;360;34549;7106;2.6;0.5
91;2021-02-14;18;112;34567;7218;2.6;0.5
91;2021-02-15;368;1263;34935;8481;2.6;0.6
91;2021-02-16;553;1760;35488;10241;2.7;0.8
91;2021-02-17;810;2680;36298;12921;2.8;1.0
91;2021-02-18;941;2017;37239;14938;2.8;1.1
91;2021-02-19;863;1383;38102;16321;2.9;1.2
91;2021-02-20;166;360;38268;16681;2.9;1.3
91;2021-02-21;13;50;38281;16731;2.9;1.3
91;2021-02-22;335;1204;38616;17935;2.9;1.4
91;2021-02-23;397;1072;39013;19007;3.0;1.4
91;2021-02-24;473;1059;39486;20066;3.0;1.5
91;2021-02-25;732;1020;40218;21086;3.0;1.6
91;2021-02-26;1095;1059;41313;22145;3.1;1.7
91;2021-02-27;609;330;41922;22475;3.2;1.7
91;2021-02-28;65;66;41987;22541;3.2;1.7
91;2021-03-01;931;1069;42918;23610;3.3;1.8
91;2021-03-02;1259;1094;44177;24704;3.3;1.9
91;2021-03-03;1467;1278;45644;25982;3.5;2.0
91;2021-03-04;2423;1128;48067;27110;3.6;2.1
91;2021-03-05;3350;1168;51417;28278;3.9;2.1
91;2021-03-06;4905;458;56322;28736;4.3;2.2
91;2021-03-07;3207;113;59529;28849;4.5;2.2
91;2021-03-08;1473;1066;61002;29915;4.6;2.3
91;2021-03-09;2623;996;63625;30911;4.8;2.3
91;2021-03-10;2618;1041;66243;31952;5.0;2.4
91;2021-03-11;3785;1132;70028;33084;5.3;2.5
91;2021-03-12;4785;1047;74813;34131;5.7;2.6
91;2021-03-13;5258;333;80071;34464;6.1;2.6
91;2021-03-14;302;27;80373;34491;6.1;2.6
91;2021-03-15;2982;436;83355;34927;6.3;2.6
91;2021-03-16;2607;386;85962;35313;6.5;2.7
91;2021-03-17;2227;349;88189;35662;6.7;2.7
91;2021-03-18;2389;410;90578;36072;6.9;2.7
91;2021-03-19;4093;383;94671;36455;7.2;2.8
91;2021-03-20;3609;178;98280;36633;7.4;2.8
91;2021-03-21;138;30;98418;36663;7.5;2.8
91;2021-03-22;3148;608;101566;37271;7.7;2.8
91;2021-03-23;4137;700;105703;37971;8.0;2.9
91;2021-03-24;3936;500;109639;38471;8.3;2.9
91;2021-03-25;5058;526;114697;38997;8.7;3.0
91;2021-03-26;5551;549;120248;39546;9.1;3.0
91;2021-03-27;4986;339;125234;39885;9.5;3.0
91;2021-03-28;282;59;125516;39944;9.5;3.0
91;2021-03-29;3304;1039;128820;40983;9.8;3.1
91;2021-03-30;4425;1220;133245;42203;10.1;3.2
91;2021-03-31;3367;1339;136612;43542;10.4;3.3
91;2021-04-01;3737;1679;140349;45221;10.6;3.4
91;2021-04-02;3891;2310;144240;47531;10.9;3.6
91;2021-04-03;1869;2874;146109;50405;11.1;3.8
91;2021-04-04;648;1320;146757;51725;11.1;3.9
91;2021-04-05;562;131;147319;51856;11.2;3.9
91;2021-04-06;3403;1787;150722;53643;11.4;4.1
91;2021-04-07;3415;1932;154137;55575;11.7;4.2
91;2021-04-08;4661;2160;158798;57735;12.0;4.4
91;2021-04-09;5345;2149;164143;59884;12.4;4.5
91;2021-04-10;2729;2818;166872;62702;12.6;4.8
91;2021-04-11;192;141;167064;62843;12.7;4.8
91;2021-04-12;2854;2274;169918;65117;12.9;4.9
91;2021-04-13;3755;2645;173673;67762;13.2;5.1
91;2021-04-14;3707;2321;177380;70083;13.4;5.3
91;2021-04-15;4477;2511;181857;72594;13.8;5.5
91;2021-04-16;4548;2804;186405;75398;14.1;5.7
91;2021-04-17;2982;2077;189387;77475;14.4;5.9
91;2021-04-18;268;70;189655;77545;14.4;5.9
91;2021-04-19;2304;2731;191959;80276;14.5;6.1
91;2021-04-20;3178;2985;195137;83261;14.8;6.3
91;2021-04-21;2989;2897;198126;86158;15.0;6.5
91;2021-04-22;3165;3364;201291;89522;15.3;6.8
91;2021-04-23;3714;3356;205005;92878;15.5;7.0
91;2021-04-24;3481;3729;208486;96607;15.8;7.3
91;2021-04-25;2615;641;211101;97248;16.0;7.4
91;2021-04-26;3486;2799;214587;100047;16.3;7.6
91;2021-04-27;4488;2924;219075;102971;16.6;7.8
91;2021-04-28;4568;2703;223643;105674;17.0;8.0
91;2021-04-29;5742;3055;229385;108729;17.4;8.2
91;2021-04-30;5388;2851;234773;111580;17.8;8.5
91;2021-05-01;3514;520;238287;112100;18.1;8.5
91;2021-05-02;624;132;238911;112232;18.1;8.5
91;2021-05-03;5202;2289;244113;114521;18.5;8.7
91;2021-05-04;5592;3175;249705;117696;18.9;8.9
91;2021-05-05;4848;2870;254553;120566;19.3;9.1
91;2021-05-06;5246;3373;259799;123939;19.7;9.4
91;2021-05-07;6121;3743;265920;127682;20.2;9.7
91;2021-05-08;6518;964;272438;128646;20.6;9.8
91;2021-05-09;4803;562;277241;129208;21.0;9.8
91;2021-05-10;5901;3006;283142;132214;21.5;10.0
91;2021-05-11;6834;3838;289976;136052;22.0;10.3
91;2021-05-12;5896;3441;295872;139493;22.4;10.6
91;2021-05-13;4826;1078;300698;140571;22.8;10.7
91;2021-05-14;6548;2391;307246;142962;23.3;10.8
91;2021-05-15;7796;1923;315042;144885;23.9;11.0
91;2021-05-16;4582;370;319624;145255;24.2;11.0
91;2021-05-17;6953;1710;326577;146965;24.8;11.1
91;2021-05-18;8118;1742;334695;148707;25.4;11.3
91;2021-05-19;7097;1699;341792;150406;25.9;11.4
91;2021-05-20;8200;2143;349992;152549;26.5;11.6
91;2021-05-21;8143;2581;358135;155130;27.1;11.8
91;2021-05-22;7664;1545;365799;156675;27.7;11.9
91;2021-05-23;4799;525;370598;157200;28.1;11.9
91;2021-05-24;5017;601;375615;157801;28.5;12.0
91;2021-05-25;7626;2647;383241;160448;29.0;12.2
91;2021-05-26;6871;2943;390112;163391;29.6;12.4
91;2021-05-27;7969;3443;398081;166834;30.2;12.6
91;2021-05-28;7536;4321;405617;171155;30.7;13.0
91;2021-05-29;9300;3506;414917;174661;31.4;13.2
91;2021-05-30;5954;961;420871;175622;31.9;13.3
91;2021-05-31;6742;3701;427613;179323;32.4;13.6
91;2021-06-01;7786;4778;435399;184101;33.0;14.0
91;2021-06-02;7452;3957;442851;188058;33.6;14.3
91;2021-06-03;7857;4781;450708;192839;34.2;14.6
91;2021-06-04;7182;5720;457890;198559;34.7;15.0
91;2021-06-05;6387;5812;464277;204371;35.2;15.5
91;2021-06-06;4089;2510;468366;206881;35.5;15.7
91;2021-06-07;5879;5478;474245;212359;35.9;16.1
91;2021-06-08;7041;5795;481286;218154;36.5;16.5
91;2021-06-09;6468;5143;487754;223297;37.0;16.9
91;2021-06-10;7177;5775;494931;229072;37.5;17.4
91;2021-06-11;6541;7111;501472;236183;38.0;17.9
91;2021-06-12;6221;7364;507693;243547;38.5;18.5
91;2021-06-13;2851;2317;510544;245864;38.7;18.6
91;2021-06-14;4228;7199;514772;253063;39.0;19.2
91;2021-06-15;5575;7256;520347;260319;39.4;19.7
91;2021-06-16;5302;6445;525649;266764;39.8;20.2
91;2021-06-17;6244;7131;531893;273895;40.3;20.8
91;2021-06-18;4635;8737;536528;282632;40.7;21.4
91;2021-06-19;4190;7154;540718;289786;41.0;22.0
91;2021-06-20;1006;4213;541724;293999;41.1;22.3
91;2021-06-21;3230;7236;544954;301235;41.3;22.8
91;2021-06-22;4163;9226;549117;310461;41.6;23.5
91;2021-06-23;4315;7964;553432;318425;41.9;24.1
91;2021-06-24;4906;8478;558338;326903;42.3;24.8
91;2021-06-25;3469;9172;561807;336075;42.6;25.5
91;2021-06-26;2988;8037;564795;344112;42.8;26.1
91;2021-06-27;549;2998;565344;347110;42.8;26.3
91;2021-06-28;3128;8233;568472;355343;43.1;26.9
91;2021-06-29;3586;9640;572058;364983;43.4;27.7
91;2021-06-30;3950;8694;576008;373677;43.7;28.3
91;2021-07-01;4088;8868;580096;382545;44.0;29.0
91;2021-07-02;3754;9313;583850;391858;44.3;29.7
91;2021-07-03;2877;9787;586727;401645;44.5;30.4
91;2021-07-04;849;4721;587576;406366;44.5;30.8
91;2021-07-05;2656;7261;590232;413627;44.7;31.3
91;2021-07-06;3751;9425;593983;423052;45.0;32.1
91;2021-07-07;3800;8580;597783;431632;45.3;32.7
91;2021-07-08;4354;8986;602137;440618;45.6;33.4
91;2021-07-09;3960;9957;606097;450575;45.9;34.1
91;2021-07-10;3400;10227;609497;460802;46.2;34.9
91;2021-07-11;984;4799;610481;465601;46.3;35.3
91;2021-07-12;2800;8888;613281;474489;46.5;36.0
91;2021-07-13;4453;10383;617734;484872;46.8;36.7
91;2021-07-14;2299;3582;620033;488454;47.0;37.0
91;2021-07-15;4532;9823;624565;498277;47.3;37.8
91;2021-07-16;6268;9753;630833;508030;47.8;38.5
91;2021-07-17;5689;9060;636522;517090;48.2;39.2
91;2021-07-18;3393;3669;639915;520759;48.5;39.5
91;2021-07-19;3767;7531;643682;528290;48.8;40.0
91;2021-07-20;6052;9293;649734;537583;49.2;40.7
91;2021-07-21;6221;7721;655955;545304;49.7;41.3
91;2021-07-22;6448;8384;662403;553688;50.2;42.0
91;2021-07-23;6898;8266;669301;561954;50.7;42.6
91;2021-07-24;4955;6472;674256;568426;51.1;43.1
91;2021-07-25;3244;1379;677500;569805;51.3;43.2
91;2021-07-26;4911;6586;682411;576391;51.7;43.7
91;2021-07-27;7511;7054;689922;583445;52.3;44.2
91;2021-07-28;7244;5891;697166;589336;52.8;44.7
91;2021-07-29;7334;5883;704500;595219;53.4;45.1
91;2021-07-30;6869;5752;711369;600971;53.9;45.5
91;2021-07-31;4822;4769;716191;605740;54.3;45.9
91;2021-08-01;2596;1321;718787;607061;54.5;46.0
91;2021-08-02;4644;4213;723431;611274;54.8;46.3
91;2021-08-03;5742;4669;729173;615943;55.3;46.7
91;2021-08-04;5657;4111;734830;620054;55.7;47.0
91;2021-08-05;5539;4253;740369;624307;56.1;47.3
91;2021-08-06;5620;5606;745989;629913;56.5;47.7
91;2021-08-07;3030;2404;749019;632317;56.8;47.9
91;2021-08-08;593;1094;749612;633411;56.8;48.0
91;2021-08-09;3751;3958;753363;637369;57.1;48.3
91;2021-08-10;4489;4524;757852;641893;57.4;48.7
91;2021-08-11;4065;4468;761917;646361;57.7;49.0
91;2021-08-12;3930;4735;765847;651096;58.0;49.3
91;2021-08-13;4177;4793;770024;655889;58.4;49.7
91;2021-08-14;2165;2362;772189;658251;58.5;49.9
91;2021-08-15;91;170;772280;658421;58.5;49.9
91;2021-08-16;2826;4620;775106;663041;58.7;50.3
92;2020-12-27;18;0;18;0;0.0;0.0
92;2020-12-28;12;0;30;0;0.0;0.0
92;2020-12-29;54;0;84;0;0.0;0.0
92;2020-12-30;33;0;117;0;0.0;0.0
92;2020-12-31;4;0;121;0;0.0;0.0
92;2021-01-01;17;0;138;0;0.0;0.0
92;2021-01-02;3;0;141;0;0.0;0.0
92;2021-01-03;7;0;148;0;0.0;0.0
92;2021-01-04;61;1;209;1;0.0;0.0
92;2021-01-05;225;1;434;2;0.0;0.0
92;2021-01-06;413;3;847;5;0.1;0.0
92;2021-01-07;662;5;1509;10;0.1;0.0
92;2021-01-08;837;4;2346;14;0.1;0.0
92;2021-01-09;122;1;2468;15;0.2;0.0
92;2021-01-10;45;0;2513;15;0.2;0.0
92;2021-01-11;843;5;3356;20;0.2;0.0
92;2021-01-12;1289;10;4645;30;0.3;0.0
92;2021-01-13;1236;15;5881;45;0.4;0.0
92;2021-01-14;1204;17;7085;62;0.4;0.0
92;2021-01-15;970;7;8055;69;0.5;0.0
92;2021-01-16;178;1;8233;70;0.5;0.0
92;2021-01-17;21;0;8254;70;0.5;0.0
92;2021-01-18;1536;23;9790;93;0.6;0.0
92;2021-01-19;1549;20;11339;113;0.7;0.0
92;2021-01-20;1806;14;13145;127;0.8;0.0
92;2021-01-21;3406;23;16551;150;1.0;0.0
92;2021-01-22;2609;42;19160;192;1.2;0.0
92;2021-01-23;135;0;19295;192;1.2;0.0
92;2021-01-24;23;0;19318;192;1.2;0.0
92;2021-01-25;840;13;20158;205;1.2;0.0
92;2021-01-26;1212;12;21370;217;1.3;0.0
92;2021-01-27;2212;96;23582;313;1.5;0.0
92;2021-01-28;4148;188;27730;501;1.7;0.0
92;2021-01-29;2709;266;30439;767;1.9;0.0
92;2021-01-30;322;13;30761;780;1.9;0.0
92;2021-01-31;19;2;30780;782;1.9;0.0
92;2021-02-01;859;324;31639;1106;2.0;0.1
92;2021-02-02;1046;355;32685;1461;2.0;0.1
92;2021-02-03;996;449;33681;1910;2.1;0.1
92;2021-02-04;1036;549;34717;2459;2.2;0.2
92;2021-02-05;1329;501;36046;2960;2.2;0.2
92;2021-02-06;110;17;36156;2977;2.2;0.2
92;2021-02-07;10;14;36166;2991;2.2;0.2
92;2021-02-08;568;734;36734;3725;2.3;0.2
92;2021-02-09;1061;1300;37795;5025;2.3;0.3
92;2021-02-10;1061;1305;38856;6330;2.4;0.4
92;2021-02-11;1491;1925;40347;8255;2.5;0.5
92;2021-02-12;1412;1485;41759;9740;2.6;0.6
92;2021-02-13;67;60;41826;9800;2.6;0.6
92;2021-02-14;15;0;41841;9800;2.6;0.6
92;2021-02-15;568;1660;42409;11460;2.6;0.7
92;2021-02-16;781;2058;43190;13518;2.7;0.8
92;2021-02-17;616;1759;43806;15277;2.7;0.9
92;2021-02-18;1568;3673;45374;18950;2.8;1.2
92;2021-02-19;1725;2660;47099;21610;2.9;1.3
92;2021-02-20;143;401;47242;22011;2.9;1.4
92;2021-02-21;33;53;47275;22064;2.9;1.4
92;2021-02-22;491;1219;47766;23283;3.0;1.4
92;2021-02-23;725;1364;48491;24647;3.0;1.5
92;2021-02-24;607;1301;49098;25948;3.0;1.6
92;2021-02-25;913;1810;50011;27758;3.1;1.7
92;2021-02-26;1453;1367;51464;29125;3.2;1.8
92;2021-02-27;498;191;51962;29316;3.2;1.8
92;2021-02-28;62;56;52024;29372;3.2;1.8
92;2021-03-01;1097;1049;53121;30421;3.3;1.9
92;2021-03-02;1966;1368;55087;31789;3.4;2.0
92;2021-03-03;2787;1099;57874;32888;3.6;2.0
92;2021-03-04;3587;1529;61461;34417;3.8;2.1
92;2021-03-05;4973;1725;66434;36142;4.1;2.2
92;2021-03-06;5717;327;72151;36469;4.5;2.3
92;2021-03-07;2895;235;75046;36704;4.7;2.3
92;2021-03-08;2413;821;77459;37525;4.8;2.3
92;2021-03-09;3433;1029;80892;38554;5.0;2.4
92;2021-03-10;3935;943;84827;39497;5.3;2.4
92;2021-03-11;5006;1386;89833;40883;5.6;2.5
92;2021-03-12;6764;1559;96597;42442;6.0;2.6
92;2021-03-13;5154;230;101751;42672;6.3;2.6
92;2021-03-14;1737;74;103488;42746;6.4;2.6
92;2021-03-15;3792;594;107280;43340;6.6;2.7
92;2021-03-16;3690;596;110970;43936;6.9;2.7
92;2021-03-17;3871;416;114841;44352;7.1;2.7
92;2021-03-18;4121;752;118962;45104;7.4;2.8
92;2021-03-19;5916;727;124878;45831;7.7;2.8
92;2021-03-20;2535;74;127413;45905;7.9;2.8
92;2021-03-21;148;29;127561;45934;7.9;2.8
92;2021-03-22;4114;479;131675;46413;8.2;2.9
92;2021-03-23;6092;873;137767;47286;8.5;2.9
92;2021-03-24;6370;652;144137;47938;8.9;3.0
92;2021-03-25;8432;639;152569;48577;9.5;3.0
92;2021-03-26;8352;903;160921;49480;10.0;3.1
92;2021-03-27;2827;272;163748;49752;10.1;3.1
92;2021-03-28;539;39;164287;49791;10.2;3.1
92;2021-03-29;4657;1054;168944;50845;10.5;3.2
92;2021-03-30;6381;1553;175325;52398;10.9;3.2
92;2021-03-31;5538;2255;180863;54653;11.2;3.4
92;2021-04-01;6260;3680;187123;58333;11.6;3.6
92;2021-04-02;5626;3415;192749;61748;11.9;3.8
92;2021-04-03;871;1416;193620;63164;12.0;3.9
92;2021-04-04;483;1062;194103;64226;12.0;4.0
92;2021-04-05;810;157;194913;64383;12.1;4.0
92;2021-04-06;3647;1955;198560;66338;12.3;4.1
92;2021-04-07;4988;2890;203548;69228;12.6;4.3
92;2021-04-08;5975;3175;209523;72403;13.0;4.5
92;2021-04-09;8028;3049;217551;75452;13.5;4.7
92;2021-04-10;2628;1294;220179;76746;13.6;4.8
92;2021-04-11;153;807;220332;77553;13.7;4.8
92;2021-04-12;3681;2520;224013;80073;13.9;5.0
92;2021-04-13;4377;4431;228390;84504;14.2;5.2
92;2021-04-14;4864;4041;233254;88545;14.5;5.5
92;2021-04-15;5296;3959;238550;92504;14.8;5.7
92;2021-04-16;5068;3859;243618;96363;15.1;6.0
92;2021-04-17;1798;1192;245416;97555;15.2;6.0
92;2021-04-18;346;94;245762;97649;15.2;6.1
92;2021-04-19;2808;2841;248570;100490;15.4;6.2
92;2021-04-20;4191;3757;252761;104247;15.7;6.5
92;2021-04-21;4608;4519;257369;108766;15.9;6.7
92;2021-04-22;4658;5126;262027;113892;16.2;7.1
92;2021-04-23;5231;4694;267258;118586;16.6;7.3
92;2021-04-24;4935;1910;272193;120496;16.9;7.5
92;2021-04-25;1789;150;273982;120646;17.0;7.5
92;2021-04-26;3994;3625;277976;124271;17.2;7.7
92;2021-04-27;6041;5263;284017;129534;17.6;8.0
92;2021-04-28;7377;4500;291394;134034;18.1;8.3
92;2021-04-29;7985;4786;299379;138820;18.6;8.6
92;2021-04-30;8840;4845;308219;143665;19.1;8.9
92;2021-05-01;1201;408;309420;144073;19.2;8.9
92;2021-05-02;662;140;310082;144213;19.2;8.9
92;2021-05-03;6775;3894;316857;148107;19.6;9.2
92;2021-05-04;10415;4371;327272;152478;20.3;9.4
92;2021-05-05;10072;5263;337344;157741;20.9;9.8
92;2021-05-06;11423;4912;348767;162653;21.6;10.1
92;2021-05-07;9857;5296;358624;167949;22.2;10.4
92;2021-05-08;7211;1928;365835;169877;22.7;10.5
92;2021-05-09;3788;600;369623;170477;22.9;10.6
92;2021-05-10;9528;4000;379151;174477;23.5;10.8
92;2021-05-11;13978;5696;393129;180173;24.4;11.2
92;2021-05-12;14267;4586;407396;184759;25.2;11.4
92;2021-05-13;9164;912;416560;185671;25.8;11.5
92;2021-05-14;12027;2317;428587;187988;26.6;11.6
92;2021-05-15;8389;1229;436976;189217;27.1;11.7
92;2021-05-16;4137;451;441113;189668;27.3;11.8
92;2021-05-17;10644;2219;451757;191887;28.0;11.9
92;2021-05-18;16404;3132;468161;195019;29.0;12.1
92;2021-05-19;16031;3720;484192;198739;30.0;12.3
92;2021-05-20;16825;3983;501017;202722;31.0;12.6
92;2021-05-21;14077;3637;515094;206359;31.9;12.8
92;2021-05-22;8316;1518;523410;207877;32.4;12.9
92;2021-05-23;4084;455;527494;208332;32.7;12.9
92;2021-05-24;6121;854;533615;209186;33.1;13.0
92;2021-05-25;13108;4559;546723;213745;33.9;13.2
92;2021-05-26;11925;5041;558648;218786;34.6;13.6
92;2021-05-27;12732;6328;571380;225114;35.4;13.9
92;2021-05-28;11226;6284;582606;231398;36.1;14.3
92;2021-05-29;5449;2303;588055;233701;36.4;14.5
92;2021-05-30;2248;387;590303;234088;36.6;14.5
92;2021-05-31;12053;5307;602356;239395;37.3;14.8
92;2021-06-01;12599;7645;614955;247040;38.1;15.3
92;2021-06-02;14371;7212;629326;254252;39.0;15.8
92;2021-06-03;14583;8033;643909;262285;39.9;16.3
92;2021-06-04;12221;8227;656130;270512;40.7;16.8
92;2021-06-05;7385;6247;663515;276759;41.1;17.1
92;2021-06-06;3593;1675;667108;278434;41.3;17.3
92;2021-06-07;11441;7634;678549;286068;42.0;17.7
92;2021-06-08;12758;9608;691307;295676;42.8;18.3
92;2021-06-09;11644;9475;702951;305151;43.6;18.9
92;2021-06-10;11951;10565;714902;315716;44.3;19.6
92;2021-06-11;8144;11037;723046;326753;44.8;20.2
92;2021-06-12;6359;5100;729405;331853;45.2;20.6
92;2021-06-13;3963;2719;733368;334572;45.4;20.7
92;2021-06-14;5212;11166;738580;345738;45.8;21.4
92;2021-06-15;6498;13131;745078;358869;46.2;22.2
92;2021-06-16;6948;12990;752026;371859;46.6;23.0
92;2021-06-17;7420;14015;759446;385874;47.1;23.9
92;2021-06-18;6897;14394;766343;400268;47.5;24.8
92;2021-06-19;3960;9112;770303;409380;47.7;25.4
92;2021-06-20;1964;5610;772267;414990;47.9;25.7
92;2021-06-21;4827;12273;777094;427263;48.2;26.5
92;2021-06-22;5876;17552;782970;444815;48.5;27.6
92;2021-06-23;5477;15995;788447;460810;48.9;28.6
92;2021-06-24;6199;15124;794646;475934;49.2;29.5
92;2021-06-25;5108;16096;799754;492030;49.6;30.5
92;2021-06-26;4063;10455;803817;502485;49.8;31.1
92;2021-06-27;1860;6049;805677;508534;49.9;31.5
92;2021-06-28;3673;12052;809350;520586;50.2;32.3
92;2021-06-29;4674;18162;814024;538748;50.4;33.4
92;2021-06-30;4414;16214;818438;554962;50.7;34.4
92;2021-07-01;5532;16306;823970;571268;51.1;35.4
92;2021-07-02;4815;15279;828785;586547;51.4;36.3
92;2021-07-03;3300;10184;832085;596731;51.6;37.0
92;2021-07-04;1122;4208;833207;600939;51.6;37.2
92;2021-07-05;4777;12332;837984;613271;51.9;38.0
92;2021-07-06;5220;15796;843204;629067;52.3;39.0
92;2021-07-07;4241;11454;847445;640521;52.5;39.7
92;2021-07-08;5403;14633;852848;655154;52.8;40.6
92;2021-07-09;5874;14204;858722;669358;53.2;41.5
92;2021-07-10;4353;8446;863075;677804;53.5;42.0
92;2021-07-11;1474;2619;864549;680423;53.6;42.2
92;2021-07-12;4373;14629;868922;695052;53.8;43.1
92;2021-07-13;7842;17443;876764;712495;54.3;44.2
92;2021-07-14;5081;5740;881845;718235;54.6;44.5
92;2021-07-15;9539;16241;891384;734476;55.2;45.5
92;2021-07-16;9041;14167;900425;748643;55.8;46.4
92;2021-07-17;6554;7597;906979;756240;56.2;46.9
92;2021-07-18;1832;2482;908811;758722;56.3;47.0
92;2021-07-19;6443;13198;915254;771920;56.7;47.8
92;2021-07-20;10045;14083;925299;786003;57.3;48.7
92;2021-07-21;10403;12088;935702;798091;58.0;49.5
92;2021-07-22;11936;12951;947638;811042;58.7;50.3
92;2021-07-23;11537;11329;959175;822371;59.4;51.0
92;2021-07-24;6614;6235;965789;828606;59.8;51.3
92;2021-07-25;2760;2311;968549;830917;60.0;51.5
92;2021-07-26;9431;9161;977980;840078;60.6;52.1
92;2021-07-27;11395;9573;989375;849651;61.3;52.7
92;2021-07-28;11276;8116;1000651;857767;62.0;53.2
92;2021-07-29;10354;8586;1011005;866353;62.6;53.7
92;2021-07-30;8966;8302;1019971;874655;63.2;54.2
92;2021-07-31;5664;4797;1025635;879452;63.6;54.5
92;2021-08-01;2177;1286;1027812;880738;63.7;54.6
92;2021-08-02;4603;4911;1032415;885649;64.0;54.9
92;2021-08-03;5046;6122;1037461;891771;64.3;55.3
92;2021-08-04;4619;4835;1042080;896606;64.6;55.6
92;2021-08-05;4401;5663;1046481;902269;64.8;55.9
92;2021-08-06;4420;5943;1050901;908212;65.1;56.3
92;2021-08-07;2787;4224;1053688;912436;65.3;56.5
92;2021-08-08;951;1075;1054639;913511;65.4;56.6
92;2021-08-09;3148;4228;1057787;917739;65.5;56.9
92;2021-08-10;3739;5589;1061526;923328;65.8;57.2
92;2021-08-11;3158;4409;1064684;927737;66.0;57.5
92;2021-08-12;3328;5569;1068012;933306;66.2;57.8
92;2021-08-13;2923;5105;1070935;938411;66.4;58.2
92;2021-08-14;1880;3928;1072815;942339;66.5;58.4
92;2021-08-15;567;835;1073382;943174;66.5;58.4
92;2021-08-16;2318;5284;1075700;948458;66.7;58.8
93;2020-12-27;10;3;10;3;0.0;0.0
93;2020-12-28;4;0;14;3;0.0;0.0
93;2020-12-29;0;0;14;3;0.0;0.0
93;2020-12-30;44;1;58;4;0.0;0.0
93;2020-12-31;9;0;67;4;0.0;0.0
93;2021-01-01;5;0;72;4;0.0;0.0
93;2021-01-02;0;0;72;4;0.0;0.0
93;2021-01-03;3;0;75;4;0.0;0.0
93;2021-01-04;0;0;75;4;0.0;0.0
93;2021-01-05;61;1;136;5;0.0;0.0
93;2021-01-06;179;0;315;5;0.0;0.0
93;2021-01-07;380;3;695;8;0.0;0.0
93;2021-01-08;631;1;1326;9;0.1;0.0
93;2021-01-09;21;0;1347;9;0.1;0.0
93;2021-01-10;2;0;1349;9;0.1;0.0
93;2021-01-11;502;4;1851;13;0.1;0.0
93;2021-01-12;753;7;2604;20;0.2;0.0
93;2021-01-13;750;4;3354;24;0.2;0.0
93;2021-01-14;684;18;4038;42;0.2;0.0
93;2021-01-15;514;4;4552;46;0.3;0.0
93;2021-01-16;139;3;4691;49;0.3;0.0
93;2021-01-17;6;1;4697;50;0.3;0.0
93;2021-01-18;1197;10;5894;60;0.4;0.0
93;2021-01-19;1612;16;7506;76;0.4;0.0
93;2021-01-20;1555;11;9061;87;0.5;0.0
93;2021-01-21;1916;24;10977;111;0.7;0.0
93;2021-01-22;1386;14;12363;125;0.7;0.0
93;2021-01-23;711;8;13074;133;0.8;0.0
93;2021-01-24;0;0;13074;133;0.8;0.0
93;2021-01-25;1207;16;14281;149;0.9;0.0
93;2021-01-26;1290;38;15571;187;0.9;0.0
93;2021-01-27;2155;70;17726;257;1.1;0.0
93;2021-01-28;2262;207;19988;464;1.2;0.0
93;2021-01-29;1619;228;21607;692;1.3;0.0
93;2021-01-30;927;47;22534;739;1.3;0.0
93;2021-01-31;7;7;22541;746;1.3;0.0
93;2021-02-01;1179;171;23720;917;1.4;0.1
93;2021-02-02;1166;311;24886;1228;1.5;0.1
93;2021-02-03;1229;398;26115;1626;1.6;0.1
93;2021-02-04;923;566;27038;2192;1.6;0.1
93;2021-02-05;797;432;27835;2624;1.7;0.2
93;2021-02-06;693;70;28528;2694;1.7;0.2
93;2021-02-07;3;0;28531;2694;1.7;0.2
93;2021-02-08;910;649;29441;3343;1.8;0.2
93;2021-02-09;851;600;30292;3943;1.8;0.2
93;2021-02-10;880;678;31172;4621;1.9;0.3
93;2021-02-11;1242;834;32414;5455;1.9;0.3
93;2021-02-12;1041;640;33455;6095;2.0;0.4
93;2021-02-13;393;264;33848;6359;2.0;0.4
93;2021-02-14;13;59;33861;6418;2.0;0.4
93;2021-02-15;411;1278;34272;7696;2.1;0.5
93;2021-02-16;547;1236;34819;8932;2.1;0.5
93;2021-02-17;544;1772;35363;10704;2.1;0.6
93;2021-02-18;1133;1876;36496;12580;2.2;0.8
93;2021-02-19;993;1543;37489;14123;2.2;0.8
93;2021-02-20;304;665;37793;14788;2.3;0.9
93;2021-02-21;9;23;37802;14811;2.3;0.9
93;2021-02-22;602;1298;38404;16109;2.3;1.0
93;2021-02-23;563;1127;38967;17236;2.3;1.0
93;2021-02-24;642;1225;39609;18461;2.4;1.1
93;2021-02-25;900;1078;40509;19539;2.4;1.2
93;2021-02-26;1120;983;41629;20522;2.5;1.2
93;2021-02-27;543;622;42172;21144;2.5;1.3
93;2021-02-28;87;57;42259;21201;2.5;1.3
93;2021-03-01;1081;1073;43340;22274;2.6;1.3
93;2021-03-02;1443;1148;44783;23422;2.7;1.4
93;2021-03-03;1739;1190;46522;24612;2.8;1.5
93;2021-03-04;2715;1128;49237;25740;2.9;1.5
93;2021-03-05;3818;897;53055;26637;3.2;1.6
93;2021-03-06;5049;564;58104;27201;3.5;1.6
93;2021-03-07;4301;212;62405;27413;3.7;1.6
93;2021-03-08;2035;1259;64440;28672;3.9;1.7
93;2021-03-09;2915;968;67355;29640;4.0;1.8
93;2021-03-10;2857;1109;70212;30749;4.2;1.8
93;2021-03-11;3565;1247;73777;31996;4.4;1.9
93;2021-03-12;4126;1295;77903;33291;4.7;2.0
93;2021-03-13;4288;633;82191;33924;4.9;2.0
93;2021-03-14;881;70;83072;33994;5.0;2.0
93;2021-03-15;3548;686;86620;34680;5.2;2.1
93;2021-03-16;3161;616;89781;35296;5.4;2.1
93;2021-03-17;2654;600;92435;35896;5.5;2.1
93;2021-03-18;3311;726;95746;36622;5.7;2.2
93;2021-03-19;3765;644;99511;37266;6.0;2.2
93;2021-03-20;3462;295;102973;37561;6.2;2.2
93;2021-03-21;813;271;103786;37832;6.2;2.3
93;2021-03-22;3846;616;107632;38448;6.4;2.3
93;2021-03-23;4759;808;112391;39256;6.7;2.4
93;2021-03-24;4113;683;116504;39939;7.0;2.4
93;2021-03-25;5575;852;122079;40791;7.3;2.4
93;2021-03-26;5547;883;127626;41674;7.6;2.5
93;2021-03-27;4280;306;131906;41980;7.9;2.5
93;2021-03-28;611;40;132517;42020;7.9;2.5
93;2021-03-29;3856;957;136373;42977;8.2;2.6
93;2021-03-30;4725;1262;141098;44239;8.4;2.6
93;2021-03-31;3910;1245;145008;45484;8.7;2.7
93;2021-04-01;4054;3146;149062;48630;8.9;2.9
93;2021-04-02;3218;3559;152280;52189;9.1;3.1
93;2021-04-03;2520;2259;154800;54448;9.3;3.3
93;2021-04-04;762;157;155562;54605;9.3;3.3
93;2021-04-05;707;90;156269;54695;9.4;3.3
93;2021-04-06;4560;2344;160829;57039;9.6;3.4
93;2021-04-07;4904;2094;165733;59133;9.9;3.5
93;2021-04-08;5810;2683;171543;61816;10.3;3.7
93;2021-04-09;6092;3178;177635;64994;10.6;3.9
93;2021-04-10;4197;2490;181832;67484;10.9;4.0
93;2021-04-11;575;433;182407;67917;10.9;4.1
93;2021-04-12;4098;2926;186505;70843;11.2;4.2
93;2021-04-13;4601;3658;191106;74501;11.4;4.5
93;2021-04-14;4359;2475;195465;76976;11.7;4.6
93;2021-04-15;4559;3034;200024;80010;12.0;4.8
93;2021-04-16;4437;2990;204461;83000;12.2;5.0
93;2021-04-17;3516;2509;207977;85509;12.5;5.1
93;2021-04-18;290;434;208267;85943;12.5;5.1
93;2021-04-19;3775;2857;212042;88800;12.7;5.3
93;2021-04-20;4304;3274;216346;92074;13.0;5.5
93;2021-04-21;4140;2773;220486;94847;13.2;5.7
93;2021-04-22;4511;4013;224997;98860;13.5;5.9
93;2021-04-23;5626;3239;230623;102099;13.8;6.1
93;2021-04-24;5927;3324;236550;105423;14.2;6.3
93;2021-04-25;1733;592;238283;106015;14.3;6.3
93;2021-04-26;4859;3082;243142;109097;14.6;6.5
93;2021-04-27;6456;3627;249598;112724;14.9;6.7
93;2021-04-28;6076;3427;255674;116151;15.3;7.0
93;2021-04-29;7300;3245;262974;119396;15.7;7.1
93;2021-04-30;8259;3110;271233;122506;16.2;7.3
93;2021-05-01;4945;1185;276178;123691;16.5;7.4
93;2021-05-02;417;647;276595;124338;16.6;7.4
93;2021-05-03;8164;5116;284759;129454;17.0;7.8
93;2021-05-04;7823;5405;292582;134859;17.5;8.1
93;2021-05-05;7576;4806;300158;139665;18.0;8.4
93;2021-05-06;8244;4773;308402;144438;18.5;8.6
93;2021-05-07;7007;5422;315409;149860;18.9;9.0
93;2021-05-08;8357;2388;323766;152248;19.4;9.1
93;2021-05-09;6121;1365;329887;153613;19.8;9.2
93;2021-05-10;8252;4073;338139;157686;20.2;9.4
93;2021-05-11;9303;4808;347442;162494;20.8;9.7
93;2021-05-12;9185;3656;356627;166150;21.4;9.9
93;2021-05-13;8292;1655;364919;167805;21.8;10.0
93;2021-05-14;10423;3536;375342;171341;22.5;10.3
93;2021-05-15;11129;3001;386471;174342;23.1;10.4
93;2021-05-16;5557;728;392028;175070;23.5;10.5
93;2021-05-17;11896;2260;403924;177330;24.2;10.6
93;2021-05-18;14097;2395;418021;179725;25.0;10.8
93;2021-05-19;11435;2947;429456;182672;25.7;10.9
93;2021-05-20;12618;3481;442074;186153;26.5;11.1
93;2021-05-21;13012;2887;455086;189040;27.2;11.3
93;2021-05-22;12386;2205;467472;191245;28.0;11.5
93;2021-05-23;8481;1108;475953;192353;28.5;11.5
93;2021-05-24;11198;1944;487151;194297;29.2;11.6
93;2021-05-25;12287;4314;499438;198611;29.9;11.9
93;2021-05-26;11070;3749;510508;202360;30.6;12.1
93;2021-05-27;12705;3885;523213;206245;31.3;12.3
93;2021-05-28;12654;5260;535867;211505;32.1;12.7
93;2021-05-29;11392;4263;547259;215768;32.8;12.9
93;2021-05-30;8218;1376;555477;217144;33.3;13.0
93;2021-05-31;9182;5179;564659;222323;33.8;13.3
93;2021-06-01;11385;6278;576044;228601;34.5;13.7
93;2021-06-02;10708;5194;586752;233795;35.1;14.0
93;2021-06-03;10808;5515;597560;239310;35.8;14.3
93;2021-06-04;10600;7801;608160;247111;36.4;14.8
93;2021-06-05;9014;7349;617174;254460;37.0;15.2
93;2021-06-06;8399;1744;625573;256204;37.5;15.3
93;2021-06-07;10065;7524;635638;263728;38.1;15.8
93;2021-06-08;10369;7375;646007;271103;38.7;16.2
93;2021-06-09;10233;7289;656240;278392;39.3;16.7
93;2021-06-10;9001;8185;665241;286577;39.8;17.2
93;2021-06-11;8828;8819;674069;295396;40.4;17.7
93;2021-06-12;9866;6651;683935;302047;41.0;18.1
93;2021-06-13;7164;2124;691099;304171;41.4;18.2
93;2021-06-14;5400;9728;696499;313899;41.7;18.8
93;2021-06-15;6218;9659;702717;323558;42.1;19.4
93;2021-06-16;6645;9060;709362;332618;42.5;19.9
93;2021-06-17;5735;8469;715097;341087;42.8;20.4
93;2021-06-18;7213;11132;722310;352219;43.2;21.1
93;2021-06-19;7074;11098;729384;363317;43.7;21.8
93;2021-06-20;4950;6874;734334;370191;44.0;22.2
93;2021-06-21;4069;10727;738403;380918;44.2;22.8
93;2021-06-22;4667;11306;743070;392224;44.5;23.5
93;2021-06-23;4537;10595;747607;402819;44.8;24.1
93;2021-06-24;4194;10298;751801;413117;45.0;24.7
93;2021-06-25;5178;13048;756979;426165;45.3;25.5
93;2021-06-26;5297;13915;762276;440080;45.6;26.3
93;2021-06-27;3286;7105;765562;447185;45.8;26.8
93;2021-06-28;3693;12509;769255;459694;46.1;27.5
93;2021-06-29;4011;12344;773266;472038;46.3;28.3
93;2021-06-30;4128;11295;777394;483333;46.5;28.9
93;2021-07-01;5830;11158;783224;494491;46.9;29.6
93;2021-07-02;5439;12366;788663;506857;47.2;30.3
93;2021-07-03;5334;13440;793997;520297;47.5;31.2
93;2021-07-04;3079;7885;797076;528182;47.7;31.6
93;2021-07-05;4498;10847;801574;539029;48.0;32.3
93;2021-07-06;4731;11751;806305;550780;48.3;33.0
93;2021-07-07;4999;11412;811304;562192;48.6;33.7
93;2021-07-08;4985;10262;816289;572454;48.9;34.3
93;2021-07-09;5854;13019;822143;585473;49.2;35.1
93;2021-07-10;5864;14278;828007;599751;49.6;35.9
93;2021-07-11;3685;9083;831692;608834;49.8;36.5
93;2021-07-12;5520;12063;837212;620897;50.1;37.2
93;2021-07-13;11026;13273;848238;634170;50.8;38.0
93;2021-07-14;10597;6779;858835;640949;51.4;38.4
93;2021-07-15;12394;14108;871229;655057;52.2;39.2
93;2021-07-16;13059;13659;884288;668716;52.9;40.0
93;2021-07-17;11320;13902;895608;682618;53.6;40.9
93;2021-07-18;7392;8943;903000;691561;54.1;41.4
93;2021-07-19;9547;10905;912547;702466;54.6;42.1
93;2021-07-20;12515;10658;925062;713124;55.4;42.7
93;2021-07-21;14151;10919;939213;724043;56.2;43.4
93;2021-07-22;14045;9428;953258;733471;57.1;43.9
93;2021-07-23;14433;10606;967691;744077;57.9;44.6
93;2021-07-24;13835;10608;981526;754685;58.8;45.2
93;2021-07-25;8952;6323;990478;761008;59.3;45.6
93;2021-07-26;12447;7747;1002925;768755;60.1;46.0
93;2021-07-27;14620;7350;1017545;776105;60.9;46.5
93;2021-07-28;14630;8182;1032175;784287;61.8;47.0
93;2021-07-29;13181;6995;1045356;791282;62.6;47.4
93;2021-07-30;13560;7784;1058916;799066;63.4;47.8
93;2021-07-31;11961;7652;1070877;806718;64.1;48.3
93;2021-08-01;7128;4558;1078005;811276;64.5;48.6
93;2021-08-02;7510;5668;1085515;816944;65.0;48.9
93;2021-08-03;6978;6830;1092493;823774;65.4;49.3
93;2021-08-04;7310;7948;1099803;831722;65.9;49.8
93;2021-08-05;5546;6816;1105349;838538;66.2;50.2
93;2021-08-06;6629;8297;1111978;846835;66.6;50.7
93;2021-08-07;7085;9013;1119063;855848;67.0;51.2
93;2021-08-08;4270;5522;1123333;861370;67.3;51.6
93;2021-08-09;6418;8022;1129751;869392;67.6;52.1
93;2021-08-10;6926;8790;1136677;878182;68.1;52.6
93;2021-08-11;7171;9625;1143848;887807;68.5;53.2
93;2021-08-12;6045;8973;1149893;896780;68.8;53.7
93;2021-08-13;6063;8944;1155956;905724;69.2;54.2
93;2021-08-14;5588;10397;1161544;916121;69.5;54.9
93;2021-08-15;2603;3598;1164147;919719;69.7;55.1
93;2021-08-16;5245;11127;1169392;930846;70.0;55.7
94;2020-12-27;6;0;6;0;0.0;0.0
94;2020-12-28;10;0;16;0;0.0;0.0
94;2020-12-29;0;0;16;0;0.0;0.0
94;2020-12-30;1;0;17;0;0.0;0.0
94;2020-12-31;4;0;21;0;0.0;0.0
94;2021-01-01;4;0;25;0;0.0;0.0
94;2021-01-02;0;0;25;0;0.0;0.0
94;2021-01-03;2;0;27;0;0.0;0.0
94;2021-01-04;35;2;62;2;0.0;0.0
94;2021-01-05;231;2;293;4;0.0;0.0
94;2021-01-06;332;4;625;8;0.0;0.0
94;2021-01-07;690;11;1315;19;0.1;0.0
94;2021-01-08;922;10;2237;29;0.2;0.0
94;2021-01-09;47;0;2284;29;0.2;0.0
94;2021-01-10;18;0;2302;29;0.2;0.0
94;2021-01-11;1013;9;3315;38;0.2;0.0
94;2021-01-12;1344;26;4659;64;0.3;0.0
94;2021-01-13;1407;24;6066;88;0.4;0.0
94;2021-01-14;1540;26;7606;114;0.5;0.0
94;2021-01-15;1219;22;8825;136;0.6;0.0
94;2021-01-16;197;2;9022;138;0.6;0.0
94;2021-01-17;95;1;9117;139;0.6;0.0
94;2021-01-18;1489;28;10606;167;0.8;0.0
94;2021-01-19;1950;27;12556;194;0.9;0.0
94;2021-01-20;2181;20;14737;214;1.0;0.0
94;2021-01-21;3001;16;17738;230;1.3;0.0
94;2021-01-22;2176;19;19914;249;1.4;0.0
94;2021-01-23;731;3;20645;252;1.5;0.0
94;2021-01-24;284;0;20929;252;1.5;0.0
94;2021-01-25;1466;21;22395;273;1.6;0.0
94;2021-01-26;1562;20;23957;293;1.7;0.0
94;2021-01-27;1806;27;25763;320;1.8;0.0
94;2021-01-28;1534;134;27297;454;1.9;0.0
94;2021-01-29;1379;151;28676;605;2.0;0.0
94;2021-01-30;580;4;29256;609;2.1;0.0
94;2021-01-31;120;8;29376;617;2.1;0.0
94;2021-02-01;927;154;30303;771;2.2;0.1
94;2021-02-02;852;253;31155;1024;2.2;0.1
94;2021-02-03;759;370;31914;1394;2.3;0.1
94;2021-02-04;901;433;32815;1827;2.3;0.1
94;2021-02-05;872;574;33687;2401;2.4;0.2
94;2021-02-06;404;76;34091;2477;2.4;0.2
94;2021-02-07;120;0;34211;2477;2.4;0.2
94;2021-02-08;633;550;34844;3027;2.5;0.2
94;2021-02-09;1036;988;35880;4015;2.6;0.3
94;2021-02-10;1101;1371;36981;5386;2.6;0.4
94;2021-02-11;1428;1561;38409;6947;2.7;0.5
94;2021-02-12;1388;1661;39797;8608;2.8;0.6
94;2021-02-13;300;263;40097;8871;2.9;0.6
94;2021-02-14;29;72;40126;8943;2.9;0.6
94;2021-02-15;752;1778;40878;10721;2.9;0.8
94;2021-02-16;702;2757;41580;13478;3.0;1.0
94;2021-02-17;714;1586;42294;15064;3.0;1.1
94;2021-02-18;787;1713;43081;16777;3.1;1.2
94;2021-02-19;965;1467;44046;18244;3.1;1.3
94;2021-02-20;133;924;44179;19168;3.1;1.4
94;2021-02-21;20;185;44199;19353;3.1;1.4
94;2021-02-22;520;1353;44719;20706;3.2;1.5
94;2021-02-23;627;1283;45346;21989;3.2;1.6
94;2021-02-24;693;925;46039;22914;3.3;1.6
94;2021-02-25;1069;1570;47108;24484;3.4;1.7
94;2021-02-26;1321;1075;48429;25559;3.4;1.8
94;2021-02-27;515;555;48944;26114;3.5;1.9
94;2021-02-28;91;84;49035;26198;3.5;1.9
94;2021-03-01;882;946;49917;27144;3.6;1.9
94;2021-03-02;1566;998;51483;28142;3.7;2.0
94;2021-03-03;1945;1025;53428;29167;3.8;2.1
94;2021-03-04;2856;1191;56284;30358;4.0;2.2
94;2021-03-05;3832;1358;60116;31716;4.3;2.3
94;2021-03-06;4814;584;64930;32300;4.6;2.3
94;2021-03-07;3687;571;68617;32871;4.9;2.3
94;2021-03-08;1914;810;70531;33681;5.0;2.4
94;2021-03-09;2553;934;73084;34615;5.2;2.5
94;2021-03-10;3197;1045;76281;35660;5.4;2.5
94;2021-03-11;3836;944;80117;36604;5.7;2.6
94;2021-03-12;4578;828;84695;37432;6.0;2.7
94;2021-03-13;4128;395;88823;37827;6.3;2.7
94;2021-03-14;2114;158;90937;37985;6.5;2.7
94;2021-03-15;3169;791;94106;38776;6.7;2.8
94;2021-03-16;2774;450;96880;39226;6.9;2.8
94;2021-03-17;2859;464;99739;39690;7.1;2.8
94;2021-03-18;3264;443;103003;40133;7.3;2.9
94;2021-03-19;4271;712;107274;40845;7.6;2.9
94;2021-03-20;3692;295;110966;41140;7.9;2.9
94;2021-03-21;1462;392;112428;41532;8.0;3.0
94;2021-03-22;3217;679;115645;42211;8.2;3.0
94;2021-03-23;4511;739;120156;42950;8.5;3.1
94;2021-03-24;4624;631;124780;43581;8.9;3.1
94;2021-03-25;6320;672;131100;44253;9.3;3.1
94;2021-03-26;6087;843;137187;45096;9.8;3.2
94;2021-03-27;4472;276;141659;45372;10.1;3.2
94;2021-03-28;1887;108;143546;45480;10.2;3.2
94;2021-03-29;4125;1233;147671;46713;10.5;3.3
94;2021-03-30;5300;1359;152971;48072;10.9;3.4
94;2021-03-31;4901;1814;157872;49886;11.2;3.5
94;2021-04-01;5821;2317;163693;52203;11.6;3.7
94;2021-04-02;5246;2336;168939;54539;12.0;3.9
94;2021-04-03;3088;2527;172027;57066;12.2;4.1
94;2021-04-04;1052;780;173079;57846;12.3;4.1
94;2021-04-05;835;159;173914;58005;12.4;4.1
94;2021-04-06;3573;2612;177487;60617;12.6;4.3
94;2021-04-07;3862;2272;181349;62889;12.9;4.5
94;2021-04-08;4624;2058;185973;64947;13.2;4.6
94;2021-04-09;5361;2480;191334;67427;13.6;4.8
94;2021-04-10;2960;3010;194294;70437;13.8;5.0
94;2021-04-11;1267;1770;195561;72207;13.9;5.1
94;2021-04-12;3439;2289;199000;74496;14.2;5.3
94;2021-04-13;4310;3427;203310;77923;14.5;5.5
94;2021-04-14;3900;2698;207210;80621;14.7;5.7
94;2021-04-15;4440;2990;211650;83611;15.1;5.9
94;2021-04-16;4705;2843;216355;86454;15.4;6.1
94;2021-04-17;2461;2769;218816;89223;15.6;6.3
94;2021-04-18;918;1248;219734;90471;15.6;6.4
94;2021-04-19;2975;2446;222709;92917;15.8;6.6
94;2021-04-20;3270;2711;225979;95628;16.1;6.8
94;2021-04-21;3217;3164;229196;98792;16.3;7.0
94;2021-04-22;3910;3647;233106;102439;16.6;7.3
94;2021-04-23;4115;3996;237221;106435;16.9;7.6
94;2021-04-24;4264;3407;241485;109842;17.2;7.8
94;2021-04-25;2409;1502;243894;111344;17.3;7.9
94;2021-04-26;4009;3278;247903;114622;17.6;8.2
94;2021-04-27;5092;3375;252995;117997;18.0;8.4
94;2021-04-28;4829;3632;257824;121629;18.3;8.7
94;2021-04-29;6415;3815;264239;125444;18.8;8.9
94;2021-04-30;6486;3939;270725;129383;19.3;9.2
94;2021-05-01;4057;1063;274782;130446;19.5;9.3
94;2021-05-02;3053;1473;277835;131919;19.8;9.4
94;2021-05-03;5735;5347;283570;137266;20.2;9.8
94;2021-05-04;6100;3572;289670;140838;20.6;10.0
94;2021-05-05;6180;3424;295850;144262;21.0;10.3
94;2021-05-06;7152;3536;303002;147798;21.6;10.5
94;2021-05-07;6670;4121;309672;151919;22.0;10.8
94;2021-05-08;4898;2552;314570;154471;22.4;11.0
94;2021-05-09;4225;2247;318795;156718;22.7;11.1
94;2021-05-10;7716;3131;326511;159849;23.2;11.4
94;2021-05-11;8974;3933;335485;163782;23.9;11.6
94;2021-05-12;9574;3602;345059;167384;24.5;11.9
94;2021-05-13;8677;1373;353736;168757;25.2;12.0
94;2021-05-14;9872;3324;363608;172081;25.9;12.2
94;2021-05-15;8943;2167;372551;174248;26.5;12.4
94;2021-05-16;5070;909;377621;175157;26.9;12.5
94;2021-05-17;10837;2253;388458;177410;27.6;12.6
94;2021-05-18;11295;2453;399753;179863;28.4;12.8
94;2021-05-19;11670;3600;411423;183463;29.3;13.0
94;2021-05-20;12152;4365;423575;187828;30.1;13.4
94;2021-05-21;11872;3160;435447;190988;31.0;13.6
94;2021-05-22;10290;1968;445737;192956;31.7;13.7
94;2021-05-23;5001;711;450738;193667;32.1;13.8
94;2021-05-24;9660;1348;460398;195015;32.7;13.9
94;2021-05-25;10003;4265;470401;199280;33.5;14.2
94;2021-05-26;10278;3313;480679;202593;34.2;14.4
94;2021-05-27;10864;4588;491543;207181;35.0;14.7
94;2021-05-28;10447;4956;501990;212137;35.7;15.1
94;2021-05-29;9875;3455;511865;215592;36.4;15.3
94;2021-05-30;4786;928;516651;216520;36.7;15.4
94;2021-05-31;9983;4238;526634;220758;37.5;15.7
94;2021-06-01;10314;5105;536948;225863;38.2;16.1
94;2021-06-02;9353;4596;546301;230459;38.9;16.4
94;2021-06-03;9559;5601;555860;236060;39.5;16.8
94;2021-06-04;10409;6532;566269;242592;40.3;17.3
94;2021-06-05;9200;6259;575469;248851;40.9;17.7
94;2021-06-06;3984;1851;579453;250702;41.2;17.8
94;2021-06-07;8666;5975;588119;256677;41.8;18.3
94;2021-06-08;9008;7535;597127;264212;42.5;18.8
94;2021-06-09;8933;8166;606060;272378;43.1;19.4
94;2021-06-10;8800;10981;614860;283359;43.7;20.2
94;2021-06-11;7833;8386;622693;291745;44.3;20.7
94;2021-06-12;10259;6843;632952;298588;45.0;21.2
94;2021-06-13;3470;3259;636422;301847;45.3;21.5
94;2021-06-14;6945;8214;643367;310061;45.8;22.1
94;2021-06-15;7729;8814;651096;318875;46.3;22.7
94;2021-06-16;7234;8271;658330;327146;46.8;23.3
94;2021-06-17;6701;9075;665031;336221;47.3;23.9
94;2021-06-18;6476;11955;671507;348176;47.8;24.8
94;2021-06-19;6009;9586;677516;357762;48.2;25.4
94;2021-06-20;1889;4012;679405;361774;48.3;25.7
94;2021-06-21;4517;11185;683922;372959;48.6;26.5
94;2021-06-22;4838;10812;688760;383771;49.0;27.3
94;2021-06-23;4171;11157;692931;394928;49.3;28.1
94;2021-06-24;4962;10335;697893;405263;49.6;28.8
94;2021-06-25;4281;13737;702174;419000;49.9;29.8
94;2021-06-26;3138;11991;705312;430991;50.2;30.7
94;2021-06-27;1059;4998;706371;435989;50.2;31.0
94;2021-06-28;3486;12078;709857;448067;50.5;31.9
94;2021-06-29;4043;12181;713900;460248;50.8;32.7
94;2021-06-30;4198;11631;718098;471879;51.1;33.6
94;2021-07-01;4675;11101;722773;482980;51.4;34.4
94;2021-07-02;5140;12192;727913;495172;51.8;35.2
94;2021-07-03;3680;11802;731593;506974;52.0;36.1
94;2021-07-04;1511;5080;733104;512054;52.1;36.4
94;2021-07-05;4085;11429;737189;523483;52.4;37.2
94;2021-07-06;4203;10889;741392;534372;52.7;38.0
94;2021-07-07;4871;11072;746263;545444;53.1;38.8
94;2021-07-08;4960;10025;751223;555469;53.4;39.5
94;2021-07-09;5253;11850;756476;567319;53.8;40.3
94;2021-07-10;3932;11355;760408;578674;54.1;41.2
94;2021-07-11;1524;4714;761932;583388;54.2;41.5
94;2021-07-12;4160;11965;766092;595353;54.5;42.3
94;2021-07-13;6341;12019;772433;607372;54.9;43.2
94;2021-07-14;4124;5287;776557;612659;55.2;43.6
94;2021-07-15;6895;12354;783452;625013;55.7;44.5
94;2021-07-16;7250;11286;790702;636299;56.2;45.3
94;2021-07-17;5676;11311;796378;647610;56.6;46.1
94;2021-07-18;2599;4018;798977;651628;56.8;46.3
94;2021-07-19;6219;10424;805196;662052;57.3;47.1
94;2021-07-20;7969;10372;813165;672424;57.8;47.8
94;2021-07-21;8506;9551;821671;681975;58.4;48.5
94;2021-07-22;9432;9382;831103;691357;59.1;49.2
94;2021-07-23;8678;9378;839781;700735;59.7;49.8
94;2021-07-24;7124;8863;846905;709598;60.2;50.5
94;2021-07-25;2185;2737;849090;712335;60.4;50.7
94;2021-07-26;7633;8057;856723;720392;60.9;51.2
94;2021-07-27;8616;7100;865339;727492;61.5;51.7
94;2021-07-28;8763;6526;874102;734018;62.2;52.2
94;2021-07-29;8859;6321;882961;740339;62.8;52.7
94;2021-07-30;7690;6528;890651;746867;63.3;53.1
94;2021-07-31;7106;6278;897757;753145;63.8;53.6
94;2021-08-01;3146;1771;900903;754916;64.1;53.7
94;2021-08-02;6047;5420;906950;760336;64.5;54.1
94;2021-08-03;6081;5148;913031;765484;64.9;54.4
94;2021-08-04;5956;5087;918987;770571;65.4;54.8
94;2021-08-05;5588;5401;924575;775972;65.8;55.2
94;2021-08-06;5379;5774;929954;781746;66.1;55.6
94;2021-08-07;4193;4453;934147;786199;66.4;55.9
94;2021-08-08;1354;1698;935501;787897;66.5;56.0
94;2021-08-09;4744;6759;940245;794656;66.9;56.5
94;2021-08-10;5197;6473;945442;801129;67.2;57.0
94;2021-08-11;4127;5895;949569;807024;67.5;57.4
94;2021-08-12;4206;6430;953775;813454;67.8;57.9
94;2021-08-13;3530;5726;957305;819180;68.1;58.3
94;2021-08-14;2851;5713;960156;824893;68.3;58.7
94;2021-08-15;441;722;960597;825615;68.3;58.7
94;2021-08-16;3340;8213;963937;833828;68.6;59.3
95;2020-12-27;3;0;3;0;0.0;0.0
95;2020-12-28;4;0;7;0;0.0;0.0
95;2020-12-29;0;0;7;0;0.0;0.0
95;2020-12-30;0;0;7;0;0.0;0.0
95;2020-12-31;2;0;9;0;0.0;0.0
95;2021-01-01;0;0;9;0;0.0;0.0
95;2021-01-02;13;0;22;0;0.0;0.0
95;2021-01-03;1;0;23;0;0.0;0.0
95;2021-01-04;48;0;71;0;0.0;0.0
95;2021-01-05;311;0;382;0;0.0;0.0
95;2021-01-06;192;0;574;0;0.0;0.0
95;2021-01-07;130;0;704;0;0.1;0.0
95;2021-01-08;277;1;981;1;0.1;0.0
95;2021-01-09;251;0;1232;1;0.1;0.0
95;2021-01-10;383;1;1615;2;0.1;0.0
95;2021-01-11;489;1;2104;3;0.2;0.0
95;2021-01-12;862;1;2966;4;0.2;0.0
95;2021-01-13;781;13;3747;17;0.3;0.0
95;2021-01-14;887;13;4634;30;0.4;0.0
95;2021-01-15;758;5;5392;35;0.4;0.0
95;2021-01-16;298;3;5690;38;0.5;0.0
95;2021-01-17;221;1;5911;39;0.5;0.0
95;2021-01-18;1336;5;7247;44;0.6;0.0
95;2021-01-19;1573;6;8820;50;0.7;0.0
95;2021-01-20;2036;5;10856;55;0.9;0.0
95;2021-01-21;1853;3;12709;58;1.0;0.0
95;2021-01-22;1320;5;14029;63;1.1;0.0
95;2021-01-23;647;0;14676;63;1.2;0.0
95;2021-01-24;181;0;14857;63;1.2;0.0
95;2021-01-25;796;37;15653;100;1.3;0.0
95;2021-01-26;987;160;16640;260;1.3;0.0
95;2021-01-27;1250;192;17890;452;1.4;0.0
95;2021-01-28;1720;36;19610;488;1.6;0.0
95;2021-01-29;1247;210;20857;698;1.7;0.1
95;2021-01-30;477;5;21334;703;1.7;0.1
95;2021-01-31;212;2;21546;705;1.7;0.1
95;2021-02-01;565;275;22111;980;1.8;0.1
95;2021-02-02;527;268;22638;1248;1.8;0.1
95;2021-02-03;612;519;23250;1767;1.9;0.1
95;2021-02-04;1065;370;24315;2137;1.9;0.2
95;2021-02-05;732;307;25047;2444;2.0;0.2
95;2021-02-06;335;256;25382;2700;2.0;0.2
95;2021-02-07;140;417;25522;3117;2.0;0.2
95;2021-02-08;764;345;26286;3462;2.1;0.3
95;2021-02-09;1131;1093;27417;4555;2.2;0.4
95;2021-02-10;1255;1411;28672;5966;2.3;0.5
95;2021-02-11;1385;1148;30057;7114;2.4;0.6
95;2021-02-12;1032;994;31089;8108;2.5;0.6
95;2021-02-13;329;318;31418;8426;2.5;0.7
95;2021-02-14;39;192;31457;8618;2.5;0.7
95;2021-02-15;425;1071;31882;9689;2.6;0.8
95;2021-02-16;493;925;32375;10614;2.6;0.9
95;2021-02-17;654;1141;33029;11755;2.6;0.9
95;2021-02-18;721;1692;33750;13447;2.7;1.1
95;2021-02-19;782;1309;34532;14756;2.8;1.2
95;2021-02-20;305;493;34837;15249;2.8;1.2
95;2021-02-21;165;320;35002;15569;2.8;1.2
95;2021-02-22;327;1025;35329;16594;2.8;1.3
95;2021-02-23;368;733;35697;17327;2.9;1.4
95;2021-02-24;309;884;36006;18211;2.9;1.5
95;2021-02-25;720;1133;36726;19344;2.9;1.5
95;2021-02-26;988;889;37714;20233;3.0;1.6
95;2021-02-27;365;434;38079;20667;3.1;1.7
95;2021-02-28;61;236;38140;20903;3.1;1.7
95;2021-03-01;770;593;38910;21496;3.1;1.7
95;2021-03-02;1320;857;40230;22353;3.2;1.8
95;2021-03-03;1596;984;41826;23337;3.4;1.9
95;2021-03-04;3192;1204;45018;24541;3.6;2.0
95;2021-03-05;3652;1102;48670;25643;3.9;2.1
95;2021-03-06;4004;498;52674;26141;4.2;2.1
95;2021-03-07;4220;318;56894;26459;4.6;2.1
95;2021-03-08;1541;869;58435;27328;4.7;2.2
95;2021-03-09;2622;502;61057;27830;4.9;2.2
95;2021-03-10;2341;851;63398;28681;5.1;2.3
95;2021-03-11;3136;1147;66534;29828;5.3;2.4
95;2021-03-12;3517;799;70051;30627;5.6;2.5
95;2021-03-13;3518;418;73569;31045;5.9;2.5
95;2021-03-14;1984;298;75553;31343;6.1;2.5
95;2021-03-15;2372;323;77925;31666;6.2;2.5
95;2021-03-16;1573;417;79498;32083;6.4;2.6
95;2021-03-17;2103;419;81601;32502;6.5;2.6
95;2021-03-18;2798;367;84399;32869;6.8;2.6
95;2021-03-19;3472;358;87871;33227;7.0;2.7
95;2021-03-20;2590;206;90461;33433;7.2;2.7
95;2021-03-21;1198;245;91659;33678;7.3;2.7
95;2021-03-22;2936;368;94595;34046;7.6;2.7
95;2021-03-23;3433;457;98028;34503;7.9;2.8
95;2021-03-24;3939;513;101967;35016;8.2;2.8
95;2021-03-25;5856;652;107823;35668;8.6;2.9
95;2021-03-26;5429;678;113252;36346;9.1;2.9
95;2021-03-27;3749;214;117001;36560;9.4;2.9
95;2021-03-28;1532;115;118533;36675;9.5;2.9
95;2021-03-29;2893;576;121426;37251;9.7;3.0
95;2021-03-30;3885;1237;125311;38488;10.0;3.1
95;2021-03-31;3655;1667;128966;40155;10.3;3.2
95;2021-04-01;5479;2268;134445;42423;10.8;3.4
95;2021-04-02;3547;2760;137992;45183;11.1;3.6
95;2021-04-03;2092;2487;140084;47670;11.2;3.8
95;2021-04-04;1244;1201;141328;48871;11.3;3.9
95;2021-04-05;594;64;141922;48935;11.4;3.9
95;2021-04-06;1856;1538;143778;50473;11.5;4.0
95;2021-04-07;4949;2181;148727;52654;11.9;4.2
95;2021-04-08;4895;2457;153622;55111;12.3;4.4
95;2021-04-09;5432;2335;159054;57446;12.7;4.6
95;2021-04-10;3709;1435;162763;58881;13.0;4.7
95;2021-04-11;1566;1035;164329;59916;13.2;4.8
95;2021-04-12;3251;1618;167580;61534;13.4;4.9
95;2021-04-13;3141;1685;170721;63219;13.7;5.1
95;2021-04-14;2745;1992;173466;65211;13.9;5.2
95;2021-04-15;3899;3336;177365;68547;14.2;5.5
95;2021-04-16;4064;3027;181429;71574;14.5;5.7
95;2021-04-17;2374;1756;183803;73330;14.7;5.9
95;2021-04-18;1509;1022;185312;74352;14.8;6.0
95;2021-04-19;2566;2371;187878;76723;15.1;6.1
95;2021-04-20;2119;2454;189997;79177;15.2;6.3
95;2021-04-21;3930;2634;193927;81811;15.5;6.6
95;2021-04-22;3411;4630;197338;86441;15.8;6.9
95;2021-04-23;2768;3561;200106;90002;16.0;7.2
95;2021-04-24;3569;2585;203675;92587;16.3;7.4
95;2021-04-25;1961;1548;205636;94135;16.5;7.5
95;2021-04-26;2748;2706;208384;96841;16.7;7.8
95;2021-04-27;3850;2174;212234;99015;17.0;7.9
95;2021-04-28;3889;2670;216123;101685;17.3;8.1
95;2021-04-29;6138;4543;222261;106228;17.8;8.5
95;2021-04-30;6903;2933;229164;109161;18.4;8.7
95;2021-05-01;2368;917;231532;110078;18.5;8.8
95;2021-05-02;2447;1497;233979;111575;18.7;8.9
95;2021-05-03;5123;1925;239102;113500;19.2;9.1
95;2021-05-04;6354;2722;245456;116222;19.7;9.3
95;2021-05-05;5146;3808;250602;120030;20.1;9.6
95;2021-05-06;8203;4926;258805;124956;20.7;10.0
95;2021-05-07;5775;4750;264580;129706;21.2;10.4
95;2021-05-08;5741;1529;270321;131235;21.7;10.5
95;2021-05-09;2826;1579;273147;132814;21.9;10.6
95;2021-05-10;9962;3183;283109;135997;22.7;10.9
95;2021-05-11;8446;3457;291555;139454;23.4;11.2
95;2021-05-12;9460;3216;301015;142670;24.1;11.4
95;2021-05-13;7954;1206;308969;143876;24.8;11.5
95;2021-05-14;7014;1908;315983;145784;25.3;11.7
95;2021-05-15;4513;1068;320496;146852;25.7;11.8
95;2021-05-16;4820;827;325316;147679;26.1;11.8
95;2021-05-17;7739;1348;333055;149027;26.7;11.9
95;2021-05-18;9466;1861;342521;150888;27.4;12.1
95;2021-05-19;9245;2510;351766;153398;28.2;12.3
95;2021-05-20;12581;2443;364347;155841;29.2;12.5
95;2021-05-21;10179;2535;374526;158376;30.0;12.7
95;2021-05-22;9399;1557;383925;159933;30.8;12.8
95;2021-05-23;4141;949;388066;160882;31.1;12.9
95;2021-05-24;2398;537;390464;161419;31.3;12.9
95;2021-05-25;7208;2079;397672;163498;31.9;13.1
95;2021-05-26;8850;3126;406522;166624;32.6;13.3
95;2021-05-27;10362;4431;416884;171055;33.4;13.7
95;2021-05-28;7685;4422;424569;175477;34.0;14.1
95;2021-05-29;5263;2764;429832;178241;34.4;14.3
95;2021-05-30;3731;1696;433563;179937;34.7;14.4
95;2021-05-31;6428;3325;439991;183262;35.2;14.7
95;2021-06-01;8783;3806;448774;187068;35.9;15.0
95;2021-06-02;8795;4743;457569;191811;36.7;15.4
95;2021-06-03;8525;6556;466094;198367;37.3;15.9
95;2021-06-04;8881;4405;474975;202772;38.0;16.2
95;2021-06-05;8336;3743;483311;206515;38.7;16.5
95;2021-06-06;4831;1605;488142;208120;39.1;16.7
95;2021-06-07;6055;4541;494197;212661;39.6;17.0
95;2021-06-08;6553;5517;500750;218178;40.1;17.5
95;2021-06-09;6254;6469;507004;224647;40.6;18.0
95;2021-06-10;6430;6814;513434;231461;41.1;18.5
95;2021-06-11;7230;6439;520664;237900;41.7;19.1
95;2021-06-12;6008;4376;526672;242276;42.2;19.4
95;2021-06-13;2084;3285;528756;245561;42.4;19.7
95;2021-06-14;5361;5990;534117;251551;42.8;20.2
95;2021-06-15;5708;8072;539825;259623;43.2;20.8
95;2021-06-16;5486;7533;545311;267156;43.7;21.4
95;2021-06-17;6596;8156;551907;275312;44.2;22.1
95;2021-06-18;5768;7852;557675;283164;44.7;22.7
95;2021-06-19;4969;8924;562644;292088;45.1;23.4
95;2021-06-20;1427;3310;564071;295398;45.2;23.7
95;2021-06-21;3493;7715;567564;303113;45.5;24.3
95;2021-06-22;5056;9043;572620;312156;45.9;25.0
95;2021-06-23;4769;10876;577389;323032;46.3;25.9
95;2021-06-24;4923;10719;582312;333751;46.6;26.7
95;2021-06-25;4870;10352;587182;344103;47.0;27.6
95;2021-06-26;4321;8482;591503;352585;47.4;28.2
95;2021-06-27;1032;3990;592535;356575;47.5;28.6
95;2021-06-28;2738;9485;595273;366060;47.7;29.3
95;2021-06-29;2534;8788;597807;374848;47.9;30.0
95;2021-06-30;3952;9992;601759;384840;48.2;30.8
95;2021-07-01;4466;11156;606225;395996;48.6;31.7
95;2021-07-02;4168;10545;610393;406541;48.9;32.6
95;2021-07-03;3536;9149;613929;415690;49.2;33.3
95;2021-07-04;1271;3401;615200;419091;49.3;33.6
95;2021-07-05;2348;4375;617548;423466;49.5;33.9
95;2021-07-06;2665;7746;620213;431212;49.7;34.5
95;2021-07-07;3963;9623;624176;440835;50.0;35.3
95;2021-07-08;5316;9819;629492;450654;50.4;36.1
95;2021-07-09;4544;10070;634036;460724;50.8;36.9
95;2021-07-10;3396;7385;637432;468109;51.1;37.5
95;2021-07-11;1518;3603;638950;471712;51.2;37.8
95;2021-07-12;2975;9680;641925;481392;51.4;38.6
95;2021-07-13;5047;10059;646972;491451;51.8;39.4
95;2021-07-14;4410;5726;651382;497177;52.2;39.8
95;2021-07-15;7362;12342;658744;509519;52.8;40.8
95;2021-07-16;7975;11983;666719;521502;53.4;41.8
95;2021-07-17;5043;7814;671762;529316;53.8;42.4
95;2021-07-18;3446;2887;675208;532203;54.1;42.6
95;2021-07-19;4826;6864;680034;539067;54.5;43.2
95;2021-07-20;6889;8368;686923;547435;55.0;43.9
95;2021-07-21;9196;9422;696119;556857;55.8;44.6
95;2021-07-22;10000;9705;706119;566562;56.6;45.4
95;2021-07-23;10837;10189;716956;576751;57.4;46.2
95;2021-07-24;5249;6236;722205;582987;57.9;46.7
95;2021-07-25;2154;2273;724359;585260;58.0;46.9
95;2021-07-26;4486;4010;728845;589270;58.4;47.2
95;2021-07-27;8379;7034;737224;596304;59.1;47.8
95;2021-07-28;9624;7528;746848;603832;59.8;48.4
95;2021-07-29;8342;5464;755190;609296;60.5;48.8
95;2021-07-30;8392;7751;763582;617047;61.2;49.4
95;2021-07-31;4201;4107;767783;621154;61.5;49.8
95;2021-08-01;2195;1362;769978;622516;61.7;49.9
95;2021-08-02;4099;3893;774077;626409;62.0;50.2
95;2021-08-03;6070;5509;780147;631918;62.5;50.6
95;2021-08-04;6411;6056;786558;637974;63.0;51.1
95;2021-08-05;6800;5721;793358;643695;63.6;51.6
95;2021-08-06;6445;7055;799803;650750;64.1;52.1
95;2021-08-07;2822;3192;802625;653942;64.3;52.4
95;2021-08-08;1327;1879;803952;655821;64.4;52.5
95;2021-08-09;3873;5033;807825;660854;64.7;52.9
95;2021-08-10;5184;5840;813009;666694;65.1;53.4
95;2021-08-11;5315;6534;818324;673228;65.6;53.9
95;2021-08-12;5178;6320;823502;679548;66.0;54.4
95;2021-08-13;3627;5410;827129;684958;66.3;54.9
95;2021-08-14;3527;3296;830656;688254;66.5;55.1
95;2021-08-15;268;347;830924;688601;66.6;55.2
95;2021-08-16;2741;6017;833665;694618;66.8;55.6
971;2020-12-27;0;0;0;0;0.0;0.0
971;2020-12-28;0;0;0;0;0.0;0.0
971;2020-12-29;0;0;0;0;0.0;0.0
971;2020-12-30;0;0;0;0;0.0;0.0
971;2020-12-31;0;0;0;0;0.0;0.0
971;2021-01-01;1;0;1;0;0.0;0.0
971;2021-01-02;0;0;1;0;0.0;0.0
971;2021-01-03;0;0;1;0;0.0;0.0
971;2021-01-04;1;0;2;0;0.0;0.0
971;2021-01-05;0;0;2;0;0.0;0.0
971;2021-01-06;1;0;3;0;0.0;0.0
971;2021-01-07;0;0;3;0;0.0;0.0
971;2021-01-08;56;1;59;1;0.0;0.0
971;2021-01-09;20;0;79;1;0.0;0.0
971;2021-01-10;0;0;79;1;0.0;0.0
971;2021-01-11;60;0;139;1;0.0;0.0
971;2021-01-12;45;0;184;1;0.0;0.0
971;2021-01-13;47;1;231;2;0.1;0.0
971;2021-01-14;63;0;294;2;0.1;0.0
971;2021-01-15;77;0;371;2;0.1;0.0
971;2021-01-16;0;0;371;2;0.1;0.0
971;2021-01-17;0;0;371;2;0.1;0.0
971;2021-01-18;80;1;451;3;0.1;0.0
971;2021-01-19;145;0;596;3;0.2;0.0
971;2021-01-20;135;0;731;3;0.2;0.0
971;2021-01-21;153;1;884;4;0.2;0.0
971;2021-01-22;134;0;1018;4;0.3;0.0
971;2021-01-23;1;0;1019;4;0.3;0.0
971;2021-01-24;0;0;1019;4;0.3;0.0
971;2021-01-25;202;1;1221;5;0.3;0.0
971;2021-01-26;216;1;1437;6;0.4;0.0
971;2021-01-27;236;0;1673;6;0.4;0.0
971;2021-01-28;241;4;1914;10;0.5;0.0
971;2021-01-29;197;2;2111;12;0.6;0.0
971;2021-01-30;24;0;2135;12;0.6;0.0
971;2021-01-31;1;0;2136;12;0.6;0.0
971;2021-02-01;228;4;2364;16;0.6;0.0
971;2021-02-02;243;24;2607;40;0.7;0.0
971;2021-02-03;225;3;2832;43;0.8;0.0
971;2021-02-04;300;22;3132;65;0.8;0.0
971;2021-02-05;277;33;3409;98;0.9;0.0
971;2021-02-06;49;1;3458;99;0.9;0.0
971;2021-02-07;0;0;3458;99;0.9;0.0
971;2021-02-08;255;22;3713;121;1.0;0.0
971;2021-02-09;318;29;4031;150;1.1;0.0
971;2021-02-10;243;29;4274;179;1.1;0.0
971;2021-02-11;297;111;4571;290;1.2;0.1
971;2021-02-12;287;26;4858;316;1.3;0.1
971;2021-02-13;50;7;4908;323;1.3;0.1
971;2021-02-14;20;36;4928;359;1.3;0.1
971;2021-02-15;83;46;5011;405;1.3;0.1
971;2021-02-16;16;1;5027;406;1.3;0.1
971;2021-02-17;17;1;5044;407;1.3;0.1
971;2021-02-18;244;17;5288;424;1.4;0.1
971;2021-02-19;244;21;5532;445;1.5;0.1
971;2021-02-20;48;0;5580;445;1.5;0.1
971;2021-02-21;1;0;5581;445;1.5;0.1
971;2021-02-22;181;65;5762;510;1.5;0.1
971;2021-02-23;197;74;5959;584;1.6;0.2
971;2021-02-24;332;126;6291;710;1.7;0.2
971;2021-02-25;380;81;6671;791;1.8;0.2
971;2021-02-26;224;84;6895;875;1.8;0.2
971;2021-02-27;65;0;6960;875;1.8;0.2
971;2021-02-28;1;0;6961;875;1.8;0.2
971;2021-03-01;171;82;7132;957;1.9;0.3
971;2021-03-02;274;134;7406;1091;2.0;0.3
971;2021-03-03;240;121;7646;1212;2.0;0.3
971;2021-03-04;327;85;7973;1297;2.1;0.3
971;2021-03-05;364;152;8337;1449;2.2;0.4
971;2021-03-06;598;9;8935;1458;2.4;0.4
971;2021-03-07;1;0;8936;1458;2.4;0.4
971;2021-03-08;316;141;9252;1599;2.5;0.4
971;2021-03-09;385;155;9637;1754;2.6;0.5
971;2021-03-10;424;163;10061;1917;2.7;0.5
971;2021-03-11;123;46;10184;1963;2.7;0.5
971;2021-03-12;505;228;10689;2191;2.8;0.6
971;2021-03-13;137;3;10826;2194;2.9;0.6
971;2021-03-14;14;23;10840;2217;2.9;0.6
971;2021-03-15;422;46;11262;2263;3.0;0.6
971;2021-03-16;482;84;11744;2347;3.1;0.6
971;2021-03-17;469;74;12213;2421;3.2;0.6
971;2021-03-18;583;86;12796;2507;3.4;0.7
971;2021-03-19;582;95;13378;2602;3.5;0.7
971;2021-03-20;177;22;13555;2624;3.6;0.7
971;2021-03-21;8;0;13563;2624;3.6;0.7
971;2021-03-22;356;88;13919;2712;3.7;0.7
971;2021-03-23;537;157;14456;2869;3.8;0.8
971;2021-03-24;472;109;14928;2978;4.0;0.8
971;2021-03-25;759;182;15687;3160;4.2;0.8
971;2021-03-26;645;122;16332;3282;4.3;0.9
971;2021-03-27;286;37;16618;3319;4.4;0.9
971;2021-03-28;24;1;16642;3320;4.4;0.9
971;2021-03-29;384;84;17026;3404;4.5;0.9
971;2021-03-30;624;164;17650;3568;4.7;0.9
971;2021-03-31;546;134;18196;3702;4.8;1.0
971;2021-04-01;660;198;18856;3900;5.0;1.0
971;2021-04-02;38;35;18894;3935;5.0;1.0
971;2021-04-03;58;2;18952;3937;5.0;1.0
971;2021-04-04;4;18;18956;3955;5.0;1.0
971;2021-04-05;13;0;18969;3955;5.0;1.0
971;2021-04-06;481;193;19450;4148;5.2;1.1
971;2021-04-07;581;118;20031;4266;5.3;1.1
971;2021-04-08;511;164;20542;4430;5.5;1.2
971;2021-04-09;492;209;21034;4639;5.6;1.2
971;2021-04-10;101;4;21135;4643;5.6;1.2
971;2021-04-11;8;21;21143;4664;5.6;1.2
971;2021-04-12;303;262;21446;4926;5.7;1.3
971;2021-04-13;554;325;22000;5251;5.8;1.4
971;2021-04-14;436;224;22436;5475;6.0;1.5
971;2021-04-15;551;312;22987;5787;6.1;1.5
971;2021-04-16;564;274;23551;6061;6.2;1.6
971;2021-04-17;210;4;23761;6065;6.3;1.6
971;2021-04-18;6;14;23767;6079;6.3;1.6
971;2021-04-19;404;243;24171;6322;6.4;1.7
971;2021-04-20;726;345;24897;6667;6.6;1.8
971;2021-04-21;625;316;25522;6983;6.8;1.9
971;2021-04-22;811;335;26333;7318;7.0;1.9
971;2021-04-23;846;250;27179;7568;7.2;2.0
971;2021-04-24;388;74;27567;7642;7.3;2.0
971;2021-04-25;601;64;28168;7706;7.5;2.0
971;2021-04-26;964;217;29132;7923;7.7;2.1
971;2021-04-27;702;236;29834;8159;7.9;2.2
971;2021-04-28;862;267;30696;8426;8.1;2.2
971;2021-04-29;1200;205;31896;8631;8.5;2.3
971;2021-04-30;1269;190;33165;8821;8.8;2.3
971;2021-05-01;604;45;33769;8866;9.0;2.4
971;2021-05-02;354;18;34123;8884;9.1;2.4
971;2021-05-03;921;185;35044;9069;9.3;2.4
971;2021-05-04;959;207;36003;9276;9.6;2.5
971;2021-05-05;1012;252;37015;9528;9.8;2.5
971;2021-05-06;1147;175;38162;9703;10.1;2.6
971;2021-05-07;1262;272;39424;9975;10.5;2.6
971;2021-05-08;322;36;39746;10011;10.5;2.7
971;2021-05-09;182;10;39928;10021;10.6;2.7
971;2021-05-10;839;217;40767;10238;10.8;2.7
971;2021-05-11;965;317;41732;10555;11.1;2.8
971;2021-05-12;907;325;42639;10880;11.3;2.9
971;2021-05-13;211;79;42850;10959;11.4;2.9
971;2021-05-14;862;275;43712;11234;11.6;3.0
971;2021-05-15;486;15;44198;11249;11.7;3.0
971;2021-05-16;181;36;44379;11285;11.8;3.0
971;2021-05-17;718;278;45097;11563;12.0;3.1
971;2021-05-18;743;389;45840;11952;12.2;3.2
971;2021-05-19;700;530;46540;12482;12.3;3.3
971;2021-05-20;806;379;47346;12861;12.6;3.4
971;2021-05-21;822;409;48168;13270;12.8;3.5
971;2021-05-22;504;216;48672;13486;12.9;3.6
971;2021-05-23;201;114;48873;13600;13.0;3.6
971;2021-05-24;201;175;49074;13775;13.0;3.7
971;2021-05-25;547;663;49621;14438;13.2;3.8
971;2021-05-26;594;492;50215;14930;13.3;4.0
971;2021-05-27;132;184;50347;15114;13.4;4.0
971;2021-05-28;518;528;50865;15642;13.5;4.2
971;2021-05-29;235;138;51100;15780;13.6;4.2
971;2021-05-30;76;113;51176;15893;13.6;4.2
971;2021-05-31;449;537;51625;16430;13.7;4.4
971;2021-06-01;592;709;52217;17139;13.9;4.5
971;2021-06-02;577;707;52794;17846;14.0;4.7
971;2021-06-03;506;563;53300;18409;14.1;4.9
971;2021-06-04;807;805;54107;19214;14.4;5.1
971;2021-06-05;317;645;54424;19859;14.4;5.3
971;2021-06-06;137;530;54561;20389;14.5;5.4
971;2021-06-07;421;784;54982;21173;14.6;5.6
971;2021-06-08;502;894;55484;22067;14.7;5.9
971;2021-06-09;503;860;55987;22927;14.9;6.1
971;2021-06-10;537;847;56524;23774;15.0;6.3
971;2021-06-11;466;1242;56990;25016;15.1;6.6
971;2021-06-12;299;663;57289;25679;15.2;6.8
971;2021-06-13;129;314;57418;25993;15.2;6.9
971;2021-06-14;372;3790;57790;29783;15.3;7.9
971;2021-06-15;484;2001;58274;31784;15.5;8.4
971;2021-06-16;479;1480;58753;33264;15.6;8.8
971;2021-06-17;431;1013;59184;34277;15.7;9.1
971;2021-06-18;479;1019;59663;35296;15.8;9.4
971;2021-06-19;315;509;59978;35805;15.9;9.5
971;2021-06-20;111;231;60089;36036;15.9;9.6
971;2021-06-21;336;679;60425;36715;16.0;9.7
971;2021-06-22;330;873;60755;37588;16.1;10.0
971;2021-06-23;368;892;61123;38480;16.2;10.2
971;2021-06-24;415;734;61538;39214;16.3;10.4
971;2021-06-25;453;762;61991;39976;16.4;10.6
971;2021-06-26;300;514;62291;40490;16.5;10.7
971;2021-06-27;116;149;62407;40639;16.6;10.8
971;2021-06-28;304;689;62711;41328;16.6;11.0
971;2021-06-29;382;782;63093;42110;16.7;11.2
971;2021-06-30;433;921;63526;43031;16.9;11.4
971;2021-07-01;361;651;63887;43682;17.0;11.6
971;2021-07-02;423;691;64310;44373;17.1;11.8
971;2021-07-03;272;464;64582;44837;17.1;11.9
971;2021-07-04;112;239;64694;45076;17.2;12.0
971;2021-07-05;328;510;65022;45586;17.3;12.1
971;2021-07-06;380;765;65402;46351;17.4;12.3
971;2021-07-07;376;845;65778;47196;17.5;12.5
971;2021-07-08;409;791;66187;47987;17.6;12.7
971;2021-07-09;430;795;66617;48782;17.7;12.9
971;2021-07-10;245;294;66862;49076;17.7;13.0
971;2021-07-11;170;136;67032;49212;17.8;13.1
971;2021-07-12;477;608;67509;49820;17.9;13.2
971;2021-07-13;861;1008;68370;50828;18.1;13.5
971;2021-07-14;470;282;68840;51110;18.3;13.6
971;2021-07-15;864;839;69704;51949;18.5;13.8
971;2021-07-16;1081;1038;70785;52987;18.8;14.1
971;2021-07-17;649;442;71434;53429;19.0;14.2
971;2021-07-18;400;217;71834;53646;19.1;14.2
971;2021-07-19;574;582;72408;54228;19.2;14.4
971;2021-07-20;814;725;73222;54953;19.4;14.6
971;2021-07-21;754;495;73976;55448;19.6;14.7
971;2021-07-22;954;868;74930;56316;19.9;14.9
971;2021-07-23;1007;752;75937;57068;20.1;15.1
971;2021-07-24;409;378;76346;57446;20.3;15.2
971;2021-07-25;248;258;76594;57704;20.3;15.3
971;2021-07-26;630;557;77224;58261;20.5;15.5
971;2021-07-27;789;574;78013;58835;20.7;15.6
971;2021-07-28;773;646;78786;59481;20.9;15.8
971;2021-07-29;872;657;79658;60138;21.1;16.0
971;2021-07-30;1253;744;80911;60882;21.5;16.2
971;2021-07-31;551;410;81462;61292;21.6;16.3
971;2021-08-01;307;245;81769;61537;21.7;16.3
971;2021-08-02;749;419;82518;61956;21.9;16.4
971;2021-08-03;711;669;83229;62625;22.1;16.6
971;2021-08-04;647;664;83876;63289;22.3;16.8
971;2021-08-05;615;581;84491;63870;22.4;16.9
971;2021-08-06;894;628;85385;64498;22.7;17.1
971;2021-08-07;447;390;85832;64888;22.8;17.2
971;2021-08-08;261;313;86093;65201;22.8;17.3
971;2021-08-09;581;586;86674;65787;23.0;17.5
971;2021-08-10;736;797;87410;66584;23.2;17.7
971;2021-08-11;914;781;88324;67365;23.4;17.9
971;2021-08-12;920;779;89244;68144;23.7;18.1
971;2021-08-13;785;429;90029;68573;23.9;18.2
971;2021-08-14;594;695;90623;69268;24.0;18.4
971;2021-08-15;434;409;91057;69677;24.2;18.5
971;2021-08-16;581;722;91638;70399;24.3;18.7
972;2020-12-27;0;0;0;0;0.0;0.0
972;2020-12-28;0;0;0;0;0.0;0.0
972;2020-12-29;0;0;0;0;0.0;0.0
972;2020-12-30;0;0;0;0;0.0;0.0
972;2020-12-31;0;0;0;0;0.0;0.0
972;2021-01-01;0;0;0;0;0.0;0.0
972;2021-01-02;0;0;0;0;0.0;0.0
972;2021-01-03;0;0;0;0;0.0;0.0
972;2021-01-04;0;0;0;0;0.0;0.0
972;2021-01-05;0;0;0;0;0.0;0.0
972;2021-01-06;5;0;5;0;0.0;0.0
972;2021-01-07;31;0;36;0;0.0;0.0
972;2021-01-08;90;1;126;1;0.0;0.0
972;2021-01-09;20;0;146;1;0.0;0.0
972;2021-01-10;0;0;146;1;0.0;0.0
972;2021-01-11;122;0;268;1;0.1;0.0
972;2021-01-12;79;0;347;1;0.1;0.0
972;2021-01-13;65;0;412;1;0.1;0.0
972;2021-01-14;88;1;500;2;0.1;0.0
972;2021-01-15;164;0;664;2;0.2;0.0
972;2021-01-16;51;0;715;2;0.2;0.0
972;2021-01-17;0;0;715;2;0.2;0.0
972;2021-01-18;158;0;873;2;0.2;0.0
972;2021-01-19;168;1;1041;3;0.3;0.0
972;2021-01-20;165;0;1206;3;0.3;0.0
972;2021-01-21;181;2;1387;5;0.4;0.0
972;2021-01-22;174;0;1561;5;0.4;0.0
972;2021-01-23;58;0;1619;5;0.5;0.0
972;2021-01-24;0;0;1619;5;0.5;0.0
972;2021-01-25;161;0;1780;5;0.5;0.0
972;2021-01-26;137;1;1917;6;0.5;0.0
972;2021-01-27;163;5;2080;11;0.6;0.0
972;2021-01-28;152;12;2232;23;0.6;0.0
972;2021-01-29;143;41;2375;64;0.7;0.0
972;2021-01-30;96;16;2471;80;0.7;0.0
972;2021-01-31;0;0;2471;80;0.7;0.0
972;2021-02-01;119;74;2590;154;0.7;0.0
972;2021-02-02;184;96;2774;250;0.8;0.1
972;2021-02-03;132;79;2906;329;0.8;0.1
972;2021-02-04;160;72;3066;401;0.9;0.1
972;2021-02-05;124;96;3190;497;0.9;0.1
972;2021-02-06;62;26;3252;523;0.9;0.1
972;2021-02-07;1;0;3253;523;0.9;0.1
972;2021-02-08;137;80;3390;603;0.9;0.2
972;2021-02-09;176;78;3566;681;1.0;0.2
972;2021-02-10;153;90;3719;771;1.0;0.2
972;2021-02-11;150;103;3869;874;1.1;0.2
972;2021-02-12;148;130;4017;1004;1.1;0.3
972;2021-02-13;47;37;4064;1041;1.1;0.3
972;2021-02-14;0;0;4064;1041;1.1;0.3
972;2021-02-15;51;67;4115;1108;1.1;0.3
972;2021-02-16;0;1;4115;1109;1.1;0.3
972;2021-02-17;1;3;4116;1112;1.1;0.3
972;2021-02-18;69;127;4185;1239;1.2;0.3
972;2021-02-19;69;131;4254;1370;1.2;0.4
972;2021-02-20;48;68;4302;1438;1.2;0.4
972;2021-02-21;0;0;4302;1438;1.2;0.4
972;2021-02-22;102;60;4404;1498;1.2;0.4
972;2021-02-23;113;237;4517;1735;1.3;0.5
972;2021-02-24;106;222;4623;1957;1.3;0.5
972;2021-02-25;93;151;4716;2108;1.3;0.6
972;2021-02-26;132;169;4848;2277;1.4;0.6
972;2021-02-27;69;52;4917;2329;1.4;0.6
972;2021-02-28;0;0;4917;2329;1.4;0.6
972;2021-03-01;137;144;5054;2473;1.4;0.7
972;2021-03-02;158;79;5212;2552;1.5;0.7
972;2021-03-03;179;145;5391;2697;1.5;0.8
972;2021-03-04;151;135;5542;2832;1.5;0.8
972;2021-03-05;238;128;5780;2960;1.6;0.8
972;2021-03-06;119;58;5899;3018;1.6;0.8
972;2021-03-07;100;3;5999;3021;1.7;0.8
972;2021-03-08;196;133;6195;3154;1.7;0.9
972;2021-03-09;283;101;6478;3255;1.8;0.9
972;2021-03-10;322;134;6800;3389;1.9;0.9
972;2021-03-11;336;81;7136;3470;2.0;1.0
972;2021-03-12;413;55;7549;3525;2.1;1.0
972;2021-03-13;155;21;7704;3546;2.1;1.0
972;2021-03-14;4;1;7708;3547;2.1;1.0
972;2021-03-15;277;90;7985;3637;2.2;1.0
972;2021-03-16;305;56;8290;3693;2.3;1.0
972;2021-03-17;388;49;8678;3742;2.4;1.0
972;2021-03-18;434;44;9112;3786;2.5;1.1
972;2021-03-19;401;63;9513;3849;2.7;1.1
972;2021-03-20;149;48;9662;3897;2.7;1.1
972;2021-03-21;25;1;9687;3898;2.7;1.1
972;2021-03-22;362;118;10049;4016;2.8;1.1
972;2021-03-23;403;122;10452;4138;2.9;1.2
972;2021-03-24;429;107;10881;4245;3.0;1.2
972;2021-03-25;485;99;11366;4344;3.2;1.2
972;2021-03-26;634;102;12000;4446;3.3;1.2
972;2021-03-27;154;71;12154;4517;3.4;1.3
972;2021-03-28;81;2;12235;4519;3.4;1.3
972;2021-03-29;422;165;12657;4684;3.5;1.3
972;2021-03-30;469;244;13126;4928;3.7;1.4
972;2021-03-31;1151;192;14277;5120;4.0;1.4
972;2021-04-01;955;171;15232;5291;4.2;1.5
972;2021-04-02;895;14;16127;5305;4.5;1.5
972;2021-04-03;788;54;16915;5359;4.7;1.5
972;2021-04-04;751;12;17666;5371;4.9;1.5
972;2021-04-05;829;44;18495;5415;5.2;1.5
972;2021-04-06;885;136;19380;5551;5.4;1.5
972;2021-04-07;1436;326;20816;5877;5.8;1.6
972;2021-04-08;1308;271;22124;6148;6.2;1.7
972;2021-04-09;1240;316;23364;6464;6.5;1.8
972;2021-04-10;838;165;24202;6629;6.7;1.8
972;2021-04-11;620;14;24822;6643;6.9;1.9
972;2021-04-12;867;317;25689;6960;7.2;1.9
972;2021-04-13;881;327;26570;7287;7.4;2.0
972;2021-04-14;960;321;27530;7608;7.7;2.1
972;2021-04-15;959;298;28489;7906;7.9;2.2
972;2021-04-16;994;300;29483;8206;8.2;2.3
972;2021-04-17;530;161;30013;8367;8.4;2.3
972;2021-04-18;339;56;30352;8423;8.5;2.3
972;2021-04-19;668;344;31020;8767;8.6;2.4
972;2021-04-20;868;309;31888;9076;8.9;2.5
972;2021-04-21;1002;354;32890;9430;9.2;2.6
972;2021-04-22;605;312;33495;9742;9.3;2.7
972;2021-04-23;613;465;34108;10207;9.5;2.8
972;2021-04-24;363;197;34471;10404;9.6;2.9
972;2021-04-25;168;199;34639;10603;9.7;3.0
972;2021-04-26;516;541;35155;11144;9.8;3.1
972;2021-04-27;568;609;35723;11753;10.0;3.3
972;2021-04-28;448;692;36171;12445;10.1;3.5
972;2021-04-29;653;642;36824;13087;10.3;3.6
972;2021-04-30;771;687;37595;13774;10.5;3.8
972;2021-05-01;244;246;37839;14020;10.5;3.9
972;2021-05-02;227;513;38066;14533;10.6;4.1
972;2021-05-03;569;771;38635;15304;10.8;4.3
972;2021-05-04;525;678;39160;15982;10.9;4.5
972;2021-05-05;547;896;39707;16878;11.1;4.7
972;2021-05-06;546;786;40253;17664;11.2;4.9
972;2021-05-07;629;1014;40882;18678;11.4;5.2
972;2021-05-08;226;526;41108;19204;11.5;5.4
972;2021-05-09;172;506;41280;19710;11.5;5.5
972;2021-05-10;519;857;41799;20567;11.7;5.7
972;2021-05-11;476;871;42275;21438;11.8;6.0
972;2021-05-12;559;910;42834;22348;11.9;6.2
972;2021-05-13;274;533;43108;22881;12.0;6.4
972;2021-05-14;389;752;43497;23633;12.1;6.6
972;2021-05-15;233;578;43730;24211;12.2;6.7
972;2021-05-16;155;442;43885;24653;12.2;6.9
972;2021-05-17;474;753;44359;25406;12.4;7.1
972;2021-05-18;446;680;44805;26086;12.5;7.3
972;2021-05-19;453;743;45258;26829;12.6;7.5
972;2021-05-20;594;500;45852;27329;12.8;7.6
972;2021-05-21;545;705;46397;28034;12.9;7.8
972;2021-05-22;186;364;46583;28398;13.0;7.9
972;2021-05-23;111;182;46694;28580;13.0;8.0
972;2021-05-24;136;241;46830;28821;13.1;8.0
972;2021-05-25;351;698;47181;29519;13.2;8.2
972;2021-05-26;382;714;47563;30233;13.3;8.4
972;2021-05-27;270;647;47833;30880;13.3;8.6
972;2021-05-28;279;816;48112;31696;13.4;8.8
972;2021-05-29;154;513;48266;32209;13.5;9.0
972;2021-05-30;17;33;48283;32242;13.5;9.0
972;2021-05-31;345;682;48628;32924;13.6;9.2
972;2021-06-01;300;547;48928;33471;13.6;9.3
972;2021-06-02;326;575;49254;34046;13.7;9.5
972;2021-06-03;247;425;49501;34471;13.8;9.6
972;2021-06-04;350;643;49851;35114;13.9;9.8
972;2021-06-05;260;373;50111;35487;14.0;9.9
972;2021-06-06;25;32;50136;35519;14.0;9.9
972;2021-06-07;260;736;50396;36255;14.0;10.1
972;2021-06-08;256;589;50652;36844;14.1;10.3
972;2021-06-09;303;699;50955;37543;14.2;10.5
972;2021-06-10;307;453;51262;37996;14.3;10.6
972;2021-06-11;361;534;51623;38530;14.4;10.7
972;2021-06-12;246;322;51869;38852;14.5;10.8
972;2021-06-13;32;29;51901;38881;14.5;10.8
972;2021-06-14;367;551;52268;39432;14.6;11.0
972;2021-06-15;410;488;52678;39920;14.7;11.1
972;2021-06-16;436;436;53114;40356;14.8;11.2
972;2021-06-17;355;576;53469;40932;14.9;11.4
972;2021-06-18;458;538;53927;41470;15.0;11.6
972;2021-06-19;225;196;54152;41666;15.1;11.6
972;2021-06-20;25;17;54177;41683;15.1;11.6
972;2021-06-21;332;580;54509;42263;15.2;11.8
972;2021-06-22;297;464;54806;42727;15.3;11.9
972;2021-06-23;425;563;55231;43290;15.4;12.1
972;2021-06-24;327;437;55558;43727;15.5;12.2
972;2021-06-25;313;387;55871;44114;15.6;12.3
972;2021-06-26;221;200;56092;44314;15.6;12.4
972;2021-06-27;16;23;56108;44337;15.6;12.4
972;2021-06-28;338;425;56446;44762;15.7;12.5
972;2021-06-29;329;431;56775;45193;15.8;12.6
972;2021-06-30;440;421;57215;45614;15.9;12.7
972;2021-07-01;350;393;57565;46007;16.0;12.8
972;2021-07-02;124;201;57689;46208;16.1;12.9
972;2021-07-03;100;118;57789;46326;16.1;12.9
972;2021-07-04;24;36;57813;46362;16.1;12.9
972;2021-07-05;494;580;58307;46942;16.3;13.1
972;2021-07-06;484;428;58791;47370;16.4;13.2
972;2021-07-07;609;493;59400;47863;16.6;13.3
972;2021-07-08;494;422;59894;48285;16.7;13.5
972;2021-07-09;626;582;60520;48867;16.9;13.6
972;2021-07-10;404;306;60924;49173;17.0;13.7
972;2021-07-11;52;38;60976;49211;17.0;13.7
972;2021-07-12;843;699;61819;49910;17.2;13.9
972;2021-07-13;1471;710;63290;50620;17.6;14.1
972;2021-07-14;132;63;63422;50683;17.7;14.1
972;2021-07-15;1604;680;65026;51363;18.1;14.3
972;2021-07-16;1637;656;66663;52019;18.6;14.5
972;2021-07-17;1091;368;67754;52387;18.9;14.6
972;2021-07-18;56;39;67810;52426;18.9;14.6
972;2021-07-19;1139;651;68949;53077;19.2;14.8
972;2021-07-20;1125;577;70074;53654;19.5;15.0
972;2021-07-21;1088;596;71162;54250;19.8;15.1
972;2021-07-22;897;518;72059;54768;20.1;15.3
972;2021-07-23;939;481;72998;55249;20.3;15.4
972;2021-07-24;496;222;73494;55471;20.5;15.5
972;2021-07-25;50;63;73544;55534;20.5;15.5
972;2021-07-26;680;513;74224;56047;20.7;15.6
972;2021-07-27;1024;510;75248;56557;21.0;15.8
972;2021-07-28;629;563;75877;57120;21.2;15.9
972;2021-07-29;830;538;76707;57658;21.4;16.1
972;2021-07-30;884;616;77591;58274;21.6;16.2
972;2021-07-31;554;269;78145;58543;21.8;16.3
972;2021-08-01;82;33;78227;58576;21.8;16.3
972;2021-08-02;804;810;79031;59386;22.0;16.6
972;2021-08-03;723;740;79754;60126;22.2;16.8
972;2021-08-04;758;567;80512;60693;22.4;16.9
972;2021-08-05;902;589;81414;61282;22.7;17.1
972;2021-08-06;1173;892;82587;62174;23.0;17.3
972;2021-08-07;667;570;83254;62744;23.2;17.5
972;2021-08-08;77;83;83331;62827;23.2;17.5
972;2021-08-09;1114;1063;84445;63890;23.5;17.8
972;2021-08-10;1174;1041;85619;64931;23.9;18.1
972;2021-08-11;1230;916;86849;65847;24.2;18.4
972;2021-08-12;1437;922;88286;66769;24.6;18.6
972;2021-08-13;1001;621;89287;67390;24.9;18.8
972;2021-08-14;470;305;89757;67695;25.0;18.9
972;2021-08-15;70;54;89827;67749;25.0;18.9
972;2021-08-16;1173;1036;91000;68785;25.4;19.2
973;2020-12-27;0;0;0;0;0.0;0.0
973;2020-12-28;0;0;0;0;0.0;0.0
973;2020-12-29;0;0;0;0;0.0;0.0
973;2020-12-30;0;0;0;0;0.0;0.0
973;2020-12-31;0;0;0;0;0.0;0.0
973;2021-01-01;0;0;0;0;0.0;0.0
973;2021-01-02;2;2;2;2;0.0;0.0
973;2021-01-03;0;0;2;2;0.0;0.0
973;2021-01-04;0;0;2;2;0.0;0.0
973;2021-01-05;0;0;2;2;0.0;0.0
973;2021-01-06;0;0;2;2;0.0;0.0
973;2021-01-07;0;0;2;2;0.0;0.0
973;2021-01-08;0;0;2;2;0.0;0.0
973;2021-01-09;0;0;2;2;0.0;0.0
973;2021-01-10;0;0;2;2;0.0;0.0
973;2021-01-11;0;0;2;2;0.0;0.0
973;2021-01-12;0;0;2;2;0.0;0.0
973;2021-01-13;30;0;32;2;0.0;0.0
973;2021-01-14;46;0;78;2;0.0;0.0
973;2021-01-15;35;0;113;2;0.0;0.0
973;2021-01-16;18;1;131;3;0.0;0.0
973;2021-01-17;0;0;131;3;0.0;0.0
973;2021-01-18;63;0;194;3;0.1;0.0
973;2021-01-19;150;1;344;4;0.1;0.0
973;2021-01-20;134;0;478;4;0.2;0.0
973;2021-01-21;118;0;596;4;0.2;0.0
973;2021-01-22;76;0;672;4;0.2;0.0
973;2021-01-23;0;0;672;4;0.2;0.0
973;2021-01-24;0;0;672;4;0.2;0.0
973;2021-01-25;56;0;728;4;0.3;0.0
973;2021-01-26;100;2;828;6;0.3;0.0
973;2021-01-27;109;1;937;7;0.3;0.0
973;2021-01-28;96;3;1033;10;0.4;0.0
973;2021-01-29;104;3;1137;13;0.4;0.0
973;2021-01-30;0;0;1137;13;0.4;0.0
973;2021-01-31;0;0;1137;13;0.4;0.0
973;2021-02-01;54;0;1191;13;0.4;0.0
973;2021-02-02;122;4;1313;17;0.5;0.0
973;2021-02-03;119;7;1432;24;0.5;0.0
973;2021-02-04;79;26;1511;50;0.5;0.0
973;2021-02-05;66;8;1577;58;0.5;0.0
973;2021-02-06;0;0;1577;58;0.5;0.0
973;2021-02-07;0;0;1577;58;0.5;0.0
973;2021-02-08;52;12;1629;70;0.6;0.0
973;2021-02-09;92;39;1721;109;0.6;0.0
973;2021-02-10;101;41;1822;150;0.6;0.1
973;2021-02-11;105;93;1927;243;0.7;0.1
973;2021-02-12;88;64;2015;307;0.7;0.1
973;2021-02-13;0;0;2015;307;0.7;0.1
973;2021-02-14;0;0;2015;307;0.7;0.1
973;2021-02-15;27;65;2042;372;0.7;0.1
973;2021-02-16;123;55;2165;427;0.7;0.1
973;2021-02-17;145;120;2310;547;0.8;0.2
973;2021-02-18;103;141;2413;688;0.8;0.2
973;2021-02-19;122;74;2535;762;0.9;0.3
973;2021-02-20;0;0;2535;762;0.9;0.3
973;2021-02-21;0;0;2535;762;0.9;0.3
973;2021-02-22;78;49;2613;811;0.9;0.3
973;2021-02-23;158;102;2771;913;1.0;0.3
973;2021-02-24;190;123;2961;1036;1.0;0.4
973;2021-02-25;259;92;3220;1128;1.1;0.4
973;2021-02-26;264;70;3484;1198;1.2;0.4
973;2021-02-27;120;1;3604;1199;1.2;0.4
973;2021-02-28;0;0;3604;1199;1.2;0.4
973;2021-03-01;180;87;3784;1286;1.3;0.4
973;2021-03-02;255;108;4039;1394;1.4;0.5
973;2021-03-03;255;132;4294;1526;1.5;0.5
973;2021-03-04;281;83;4575;1609;1.6;0.6
973;2021-03-05;274;48;4849;1657;1.7;0.6
973;2021-03-06;118;2;4967;1659;1.7;0.6
973;2021-03-07;0;0;4967;1659;1.7;0.6
973;2021-03-08;187;40;5154;1699;1.8;0.6
973;2021-03-09;350;93;5504;1792;1.9;0.6
973;2021-03-10;359;106;5863;1898;2.0;0.7
973;2021-03-11;270;115;6133;2013;2.1;0.7
973;2021-03-12;287;91;6420;2104;2.2;0.7
973;2021-03-13;112;4;6532;2108;2.2;0.7
973;2021-03-14;0;0;6532;2108;2.2;0.7
973;2021-03-15;181;27;6713;2135;2.3;0.7
973;2021-03-16;243;138;6956;2273;2.4;0.8
973;2021-03-17;274;129;7230;2402;2.5;0.8
973;2021-03-18;249;155;7479;2557;2.6;0.9
973;2021-03-19;283;128;7762;2685;2.7;0.9
973;2021-03-20;259;17;8021;2702;2.8;0.9
973;2021-03-21;119;2;8140;2704;2.8;0.9
973;2021-03-22;219;110;8359;2814;2.9;1.0
973;2021-03-23;275;194;8634;3008;3.0;1.0
973;2021-03-24;235;214;8869;3222;3.1;1.1
973;2021-03-25;168;180;9037;3402;3.1;1.2
973;2021-03-26;189;308;9226;3710;3.2;1.3
973;2021-03-27;58;94;9284;3804;3.2;1.3
973;2021-03-28;0;0;9284;3804;3.2;1.3
973;2021-03-29;175;247;9459;4051;3.3;1.4
973;2021-03-30;445;238;9904;4289;3.4;1.5
973;2021-03-31;320;292;10224;4581;3.5;1.6
973;2021-04-01;445;261;10669;4842;3.7;1.7
973;2021-04-02;307;279;10976;5121;3.8;1.8
973;2021-04-03;153;121;11129;5242;3.8;1.8
973;2021-04-04;1;0;11130;5242;3.8;1.8
973;2021-04-05;118;14;11248;5256;3.9;1.8
973;2021-04-06;438;335;11686;5591;4.0;1.9
973;2021-04-07;503;344;12189;5935;4.2;2.0
973;2021-04-08;514;269;12703;6204;4.4;2.1
973;2021-04-09;497;226;13200;6430;4.5;2.2
973;2021-04-10;147;90;13347;6520;4.6;2.2
973;2021-04-11;2;0;13349;6520;4.6;2.2
973;2021-04-12;551;268;13900;6788;4.8;2.3
973;2021-04-13;673;244;14573;7032;5.0;2.4
973;2021-04-14;721;313;15294;7345;5.3;2.5
973;2021-04-15;777;246;16071;7591;5.5;2.6
973;2021-04-16;760;301;16831;7892;5.8;2.7
973;2021-04-17;499;134;17330;8026;6.0;2.8
973;2021-04-18;499;44;17829;8070;6.1;2.8
973;2021-04-19;714;252;18543;8322;6.4;2.9
973;2021-04-20;606;278;19149;8600;6.6;3.0
973;2021-04-21;874;250;20023;8850;6.9;3.0
973;2021-04-22;727;230;20750;9080;7.1;3.1
973;2021-04-23;705;232;21455;9312;7.4;3.2
973;2021-04-24;524;97;21979;9409;7.6;3.2
973;2021-04-25;611;50;22590;9459;7.8;3.3
973;2021-04-26;780;231;23370;9690;8.0;3.3
973;2021-04-27;820;345;24190;10035;8.3;3.5
973;2021-04-28;745;331;24935;10366;8.6;3.6
973;2021-04-29;664;284;25599;10650;8.8;3.7
973;2021-04-30;710;261;26309;10911;9.1;3.8
973;2021-05-01;211;27;26520;10938;9.1;3.8
973;2021-05-02;602;85;27122;11023;9.3;3.8
973;2021-05-03;555;391;27677;11414;9.5;3.9
973;2021-05-04;666;325;28343;11739;9.8;4.0
973;2021-05-05;701;450;29044;12189;10.0;4.2
973;2021-05-06;694;475;29738;12664;10.2;4.4
973;2021-05-07;595;473;30333;13137;10.4;4.5
973;2021-05-08;343;59;30676;13196;10.6;4.5
973;2021-05-09;263;72;30939;13268;10.6;4.6
973;2021-05-10;440;612;31379;13880;10.8;4.8
973;2021-05-11;398;497;31777;14377;10.9;4.9
973;2021-05-12;512;647;32289;15024;11.1;5.2
973;2021-05-13;334;98;32623;15122;11.2;5.2
973;2021-05-14;486;554;33109;15676;11.4;5.4
973;2021-05-15;258;348;33367;16024;11.5;5.5
973;2021-05-16;208;210;33575;16234;11.6;5.6
973;2021-05-17;447;600;34022;16834;11.7;5.8
973;2021-05-18;563;568;34585;17402;11.9;6.0
973;2021-05-19;534;552;35119;17954;12.1;6.2
973;2021-05-20;642;452;35761;18406;12.3;6.3
973;2021-05-21;501;609;36262;19015;12.5;6.5
973;2021-05-22;167;501;36429;19516;12.5;6.7
973;2021-05-23;270;474;36699;19990;12.6;6.9
973;2021-05-24;562;248;37261;20238;12.8;7.0
973;2021-05-25;500;743;37761;20981;13.0;7.2
973;2021-05-26;449;683;38210;21664;13.1;7.5
973;2021-05-27;706;525;38916;22189;13.4;7.6
973;2021-05-28;580;553;39496;22742;13.6;7.8
973;2021-05-29;257;360;39753;23102;13.7;7.9
973;2021-05-30;151;399;39904;23501;13.7;8.1
973;2021-05-31;357;574;40261;24075;13.9;8.3
973;2021-06-01;421;466;40682;24541;14.0;8.4
973;2021-06-02;562;554;41244;25095;14.2;8.6
973;2021-06-03;523;469;41767;25564;14.4;8.8
973;2021-06-04;599;495;42366;26059;14.6;9.0
973;2021-06-05;273;292;42639;26351;14.7;9.1
973;2021-06-06;211;299;42850;26650;14.7;9.2
973;2021-06-07;488;452;43338;27102;14.9;9.3
973;2021-06-08;546;313;43884;27415;15.1;9.4
973;2021-06-09;520;389;44404;27804;15.3;9.6
973;2021-06-10;357;291;44761;28095;15.4;9.7
973;2021-06-11;434;467;45195;28562;15.5;9.8
973;2021-06-12;170;283;45365;28845;15.6;9.9
973;2021-06-13;214;268;45579;29113;15.7;10.0
973;2021-06-14;377;549;45956;29662;15.8;10.2
973;2021-06-15;376;444;46332;30106;15.9;10.4
973;2021-06-16;483;459;46815;30565;16.1;10.5
973;2021-06-17;435;579;47250;31144;16.3;10.7
973;2021-06-18;394;565;47644;31709;16.4;10.9
973;2021-06-19;235;260;47879;31969;16.5;11.0
973;2021-06-20;127;270;48006;32239;16.5;11.1
973;2021-06-21;331;603;48337;32842;16.6;11.3
973;2021-06-22;369;462;48706;33304;16.8;11.5
973;2021-06-23;331;538;49037;33842;16.9;11.6
973;2021-06-24;441;501;49478;34343;17.0;11.8
973;2021-06-25;442;556;49920;34899;17.2;12.0
973;2021-06-26;172;320;50092;35219;17.2;12.1
973;2021-06-27;121;170;50213;35389;17.3;12.2
973;2021-06-28;316;593;50529;35982;17.4;12.4
973;2021-06-29;377;507;50906;36489;17.5;12.6
973;2021-06-30;398;678;51304;37167;17.6;12.8
973;2021-07-01;422;399;51726;37566;17.8;12.9
973;2021-07-02;477;522;52203;38088;18.0;13.1
973;2021-07-03;208;274;52411;38362;18.0;13.2
973;2021-07-04;86;243;52497;38605;18.1;13.3
973;2021-07-05;359;547;52856;39152;18.2;13.5
973;2021-07-06;325;473;53181;39625;18.3;13.6
973;2021-07-07;317;413;53498;40038;18.4;13.8
973;2021-07-08;267;329;53765;40367;18.5;13.9
973;2021-07-09;365;435;54130;40802;18.6;14.0
973;2021-07-10;165;277;54295;41079;18.7;14.1
973;2021-07-11;102;163;54397;41242;18.7;14.2
973;2021-07-12;381;496;54778;41738;18.8;14.4
973;2021-07-13;664;557;55442;42295;19.1;14.5
973;2021-07-14;382;160;55824;42455;19.2;14.6
973;2021-07-15;627;527;56451;42982;19.4;14.8
973;2021-07-16;577;486;57028;43468;19.6;15.0
973;2021-07-17;343;283;57371;43751;19.7;15.1
973;2021-07-18;250;122;57621;43873;19.8;15.1
973;2021-07-19;499;458;58120;44331;20.0;15.3
973;2021-07-20;528;490;58648;44821;20.2;15.4
973;2021-07-21;520;391;59168;45212;20.4;15.6
973;2021-07-22;620;450;59788;45662;20.6;15.7
973;2021-07-23;575;366;60363;46028;20.8;15.8
973;2021-07-24;322;238;60685;46266;20.9;15.9
973;2021-07-25;161;110;60846;46376;20.9;16.0
973;2021-07-26;418;345;61264;46721;21.1;16.1
973;2021-07-27;469;356;61733;47077;21.2;16.2
973;2021-07-28;384;370;62117;47447;21.4;16.3
973;2021-07-29;469;427;62586;47874;21.5;16.5
973;2021-07-30;435;403;63021;48277;21.7;16.6
973;2021-07-31;204;163;63225;48440;21.7;16.7
973;2021-08-01;139;131;63364;48571;21.8;16.7
973;2021-08-02;380;429;63744;49000;21.9;16.9
973;2021-08-03;393;401;64137;49401;22.1;17.0
973;2021-08-04;277;372;64414;49773;22.2;17.1
973;2021-08-05;311;355;64725;50128;22.3;17.2
973;2021-08-06;311;516;65036;50644;22.4;17.4
973;2021-08-07;161;267;65197;50911;22.4;17.5
973;2021-08-08;114;177;65311;51088;22.5;17.6
973;2021-08-09;314;471;65625;51559;22.6;17.7
973;2021-08-10;315;513;65940;52072;22.7;17.9
973;2021-08-11;514;506;66454;52578;22.9;18.1
973;2021-08-12;491;574;66945;53152;23.0;18.3
973;2021-08-13;306;226;67251;53378;23.1;18.4
973;2021-08-14;252;399;67503;53777;23.2;18.5
973;2021-08-15;121;139;67624;53916;23.3;18.5
973;2021-08-16;282;458;67906;54374;23.4;18.7
974;2020-12-27;0;0;0;0;0.0;0.0
974;2020-12-28;0;0;0;0;0.0;0.0
974;2020-12-29;0;0;0;0;0.0;0.0
974;2020-12-30;0;0;0;0;0.0;0.0
974;2020-12-31;0;0;0;0;0.0;0.0
974;2021-01-01;1;0;1;0;0.0;0.0
974;2021-01-02;0;0;1;0;0.0;0.0
974;2021-01-03;0;0;1;0;0.0;0.0
974;2021-01-04;0;0;1;0;0.0;0.0
974;2021-01-05;2;0;3;0;0.0;0.0
974;2021-01-06;0;0;3;0;0.0;0.0
974;2021-01-07;0;0;3;0;0.0;0.0
974;2021-01-08;0;0;3;0;0.0;0.0
974;2021-01-09;1;0;4;0;0.0;0.0
974;2021-01-10;0;0;4;0;0.0;0.0
974;2021-01-11;0;0;4;0;0.0;0.0
974;2021-01-12;0;0;4;0;0.0;0.0
974;2021-01-13;0;0;4;0;0.0;0.0
974;2021-01-14;0;0;4;0;0.0;0.0
974;2021-01-15;333;0;337;0;0.0;0.0
974;2021-01-16;27;0;364;0;0.0;0.0
974;2021-01-17;0;0;364;0;0.0;0.0
974;2021-01-18;49;1;413;1;0.0;0.0
974;2021-01-19;393;0;806;1;0.1;0.0
974;2021-01-20;482;1;1288;2;0.1;0.0
974;2021-01-21;614;2;1902;4;0.2;0.0
974;2021-01-22;414;1;2316;5;0.3;0.0
974;2021-01-23;75;0;2391;5;0.3;0.0
974;2021-01-24;0;0;2391;5;0.3;0.0
974;2021-01-25;273;2;2664;7;0.3;0.0
974;2021-01-26;429;0;3093;7;0.4;0.0
974;2021-01-27;316;0;3409;7;0.4;0.0
974;2021-01-28;409;0;3818;7;0.4;0.0
974;2021-01-29;422;3;4240;10;0.5;0.0
974;2021-01-30;421;1;4661;11;0.5;0.0
974;2021-01-31;0;0;4661;11;0.5;0.0
974;2021-02-01;373;4;5034;15;0.6;0.0
974;2021-02-02;500;4;5534;19;0.6;0.0
974;2021-02-03;602;14;6136;33;0.7;0.0
974;2021-02-04;628;21;6764;54;0.8;0.0
974;2021-02-05;564;97;7328;151;0.9;0.0
974;2021-02-06;501;5;7829;156;0.9;0.0
974;2021-02-07;0;8;7829;164;0.9;0.0
974;2021-02-08;472;34;8301;198;1.0;0.0
974;2021-02-09;787;93;9088;291;1.1;0.0
974;2021-02-10;820;87;9908;378;1.2;0.0
974;2021-02-11;796;88;10704;466;1.2;0.1
974;2021-02-12;638;93;11342;559;1.3;0.1
974;2021-02-13;653;76;11995;635;1.4;0.1
974;2021-02-14;1;0;11996;635;1.4;0.1
974;2021-02-15;524;126;12520;761;1.5;0.1
974;2021-02-16;651;533;13171;1294;1.5;0.2
974;2021-02-17;592;326;13763;1620;1.6;0.2
974;2021-02-18;494;409;14257;2029;1.7;0.2
974;2021-02-19;497;319;14754;2348;1.7;0.3
974;2021-02-20;577;117;15331;2465;1.8;0.3
974;2021-02-21;0;0;15331;2465;1.8;0.3
974;2021-02-22;403;236;15734;2701;1.8;0.3
974;2021-02-23;607;240;16341;2941;1.9;0.3
974;2021-02-24;584;251;16925;3192;2.0;0.4
974;2021-02-25;647;295;17572;3487;2.0;0.4
974;2021-02-26;485;470;18057;3957;2.1;0.5
974;2021-02-27;384;467;18441;4424;2.1;0.5
974;2021-02-28;0;0;18441;4424;2.1;0.5
974;2021-03-01;293;385;18734;4809;2.2;0.6
974;2021-03-02;485;505;19219;5314;2.2;0.6
974;2021-03-03;757;538;19976;5852;2.3;0.7
974;2021-03-04;777;494;20753;6346;2.4;0.7
974;2021-03-05;728;523;21481;6869;2.5;0.8
974;2021-03-06;812;525;22293;7394;2.6;0.9
974;2021-03-07;0;0;22293;7394;2.6;0.9
974;2021-03-08;436;559;22729;7953;2.6;0.9
974;2021-03-09;671;770;23400;8723;2.7;1.0
974;2021-03-10;643;836;24043;9559;2.8;1.1
974;2021-03-11;701;631;24744;10190;2.9;1.2
974;2021-03-12;730;652;25474;10842;3.0;1.3
974;2021-03-13;669;600;26143;11442;3.0;1.3
974;2021-03-14;2;0;26145;11442;3.0;1.3
974;2021-03-15;507;500;26652;11942;3.1;1.4
974;2021-03-16;681;691;27333;12633;3.2;1.5
974;2021-03-17;848;529;28181;13162;3.3;1.5
974;2021-03-18;1022;513;29203;13675;3.4;1.6
974;2021-03-19;785;529;29988;14204;3.5;1.7
974;2021-03-20;578;594;30566;14798;3.6;1.7
974;2021-03-21;0;0;30566;14798;3.6;1.7
974;2021-03-22;566;467;31132;15265;3.6;1.8
974;2021-03-23;780;637;31912;15902;3.7;1.8
974;2021-03-24;792;644;32704;16546;3.8;1.9
974;2021-03-25;932;539;33636;17085;3.9;2.0
974;2021-03-26;922;452;34558;17537;4.0;2.0
974;2021-03-27;782;337;35340;17874;4.1;2.1
974;2021-03-28;1;0;35341;17874;4.1;2.1
974;2021-03-29;961;270;36302;18144;4.2;2.1
974;2021-03-30;884;496;37186;18640;4.3;2.2
974;2021-03-31;740;660;37926;19300;4.4;2.2
974;2021-04-01;717;708;38643;20008;4.5;2.3
974;2021-04-02;688;757;39331;20765;4.6;2.4
974;2021-04-03;699;698;40030;21463;4.7;2.5
974;2021-04-04;0;0;40030;21463;4.7;2.5
974;2021-04-05;0;0;40030;21463;4.7;2.5
974;2021-04-06;795;635;40825;22098;4.7;2.6
974;2021-04-07;1368;783;42193;22881;4.9;2.7
974;2021-04-08;1791;769;43984;23650;5.1;2.8
974;2021-04-09;1509;774;45493;24424;5.3;2.8
974;2021-04-10;1138;648;46631;25072;5.4;2.9
974;2021-04-11;2;0;46633;25072;5.4;2.9
974;2021-04-12;1238;546;47871;25618;5.6;3.0
974;2021-04-13;1440;752;49311;26370;5.7;3.1
974;2021-04-14;2070;764;51381;27134;6.0;3.2
974;2021-04-15;2506;954;53887;28088;6.3;3.3
974;2021-04-16;1934;784;55821;28872;6.5;3.4
974;2021-04-17;1290;603;57111;29475;6.6;3.4
974;2021-04-18;0;0;57111;29475;6.6;3.4
974;2021-04-19;1374;564;58485;30039;6.8;3.5
974;2021-04-20;1651;805;60136;30844;7.0;3.6
974;2021-04-21;2126;626;62262;31470;7.2;3.7
974;2021-04-22;2953;821;65215;32291;7.6;3.8
974;2021-04-23;2312;818;67527;33109;7.9;3.9
974;2021-04-24;1109;804;68636;33913;8.0;3.9
974;2021-04-25;3;0;68639;33913;8.0;3.9
974;2021-04-26;1173;914;69812;34827;8.1;4.0
974;2021-04-27;1686;1027;71498;35854;8.3;4.2
974;2021-04-28;2900;749;74398;36603;8.7;4.3
974;2021-04-29;3950;810;78348;37413;9.1;4.4
974;2021-04-30;3446;906;81794;38319;9.5;4.5
974;2021-05-01;2106;226;83900;38545;9.8;4.5
974;2021-05-02;1;0;83901;38545;9.8;4.5
974;2021-05-03;1865;574;85766;39119;10.0;4.5
974;2021-05-04;2128;1094;87894;40213;10.2;4.7
974;2021-05-05;3119;1642;91013;41855;10.6;4.9
974;2021-05-06;4005;1584;95018;43439;11.0;5.1
974;2021-05-07;3228;1526;98246;44965;11.4;5.2
974;2021-05-08;1574;503;99820;45468;11.6;5.3
974;2021-05-09;2;1;99822;45469;11.6;5.3
974;2021-05-10;2413;1000;102235;46469;11.9;5.4
974;2021-05-11;3652;1639;105887;48108;12.3;5.6
974;2021-05-12;4724;2398;110611;50506;12.9;5.9
974;2021-05-13;3555;596;114166;51102;13.3;5.9
974;2021-05-14;5275;2511;119441;53613;13.9;6.2
974;2021-05-15;3160;1538;122601;55151;14.3;6.4
974;2021-05-16;16;19;122617;55170;14.3;6.4
974;2021-05-17;2998;1499;125615;56669;14.6;6.6
974;2021-05-18;3764;1795;129379;58464;15.0;6.8
974;2021-05-19;4692;2417;134071;60881;15.6;7.1
974;2021-05-20;5141;2852;139212;63733;16.2;7.4
974;2021-05-21;4994;2636;144206;66369;16.8;7.7
974;2021-05-22;3370;1256;147576;67625;17.2;7.9
974;2021-05-23;5;3;147581;67628;17.2;7.9
974;2021-05-24;3645;1077;151226;68705;17.6;8.0
974;2021-05-25;4247;1911;155473;70616;18.1;8.2
974;2021-05-26;4992;2990;160465;73606;18.7;8.6
974;2021-05-27;4616;4095;165081;77701;19.2;9.0
974;2021-05-28;4384;3834;169465;81535;19.7;9.5
974;2021-05-29;2555;2455;172020;83990;20.0;9.8
974;2021-05-30;8;14;172028;84004;20.0;9.8
974;2021-05-31;2348;2254;174376;86258;20.3;10.0
974;2021-06-01;3300;2761;177676;89019;20.7;10.4
974;2021-06-02;3973;3365;181649;92384;21.1;10.7
974;2021-06-03;4042;3651;185691;96035;21.6;11.2
974;2021-06-04;3850;3759;189541;99794;22.0;11.6
974;2021-06-05;2214;1924;191755;101718;22.3;11.8
974;2021-06-06;1073;133;192828;101851;22.4;11.8
974;2021-06-07;2014;2527;194842;104378;22.7;12.1
974;2021-06-08;2558;3338;197400;107716;23.0;12.5
974;2021-06-09;2981;4833;200381;112549;23.3;13.1
974;2021-06-10;3413;4463;203794;117012;23.7;13.6
974;2021-06-11;2841;4622;206635;121634;24.0;14.1
974;2021-06-12;1726;3378;208361;125012;24.2;14.5
974;2021-06-13;1323;246;209684;125258;24.4;14.6
974;2021-06-14;1490;3183;211174;128441;24.6;14.9
974;2021-06-15;2058;3618;213232;132059;24.8;15.4
974;2021-06-16;2751;4655;215983;136714;25.1;15.9
974;2021-06-17;2521;4896;218504;141610;25.4;16.5
974;2021-06-18;2599;4893;221103;146503;25.7;17.0
974;2021-06-19;1304;3517;222407;150020;25.9;17.4
974;2021-06-20;632;288;223039;150308;25.9;17.5
974;2021-06-21;1264;3234;224303;153542;26.1;17.9
974;2021-06-22;1623;3764;225926;157306;26.3;18.3
974;2021-06-23;2255;4994;228181;162300;26.5;18.9
974;2021-06-24;2284;4072;230465;166372;26.8;19.3
974;2021-06-25;2189;4104;232654;170476;27.1;19.8
974;2021-06-26;1400;2711;234054;173187;27.2;20.1
974;2021-06-27;665;267;234719;173454;27.3;20.2
974;2021-06-28;1307;2480;236026;175934;27.4;20.5
974;2021-06-29;1757;2846;237783;178780;27.7;20.8
974;2021-06-30;2560;3847;240343;182627;27.9;21.2
974;2021-07-01;2695;3827;243038;186454;28.3;21.7
974;2021-07-02;2507;3713;245545;190167;28.6;22.1
974;2021-07-03;1613;2459;247158;192626;28.7;22.4
974;2021-07-04;881;1038;248039;193664;28.8;22.5
974;2021-07-05;1690;2220;249729;195884;29.0;22.8
974;2021-07-06;2575;2541;252304;198425;29.3;23.1
974;2021-07-07;2661;3135;254965;201560;29.6;23.4
974;2021-07-08;2407;3173;257372;204733;29.9;23.8
974;2021-07-09;2758;3428;260130;208161;30.2;24.2
974;2021-07-10;1621;2192;261751;210353;30.4;24.5
974;2021-07-11;730;1016;262481;211369;30.5;24.6
974;2021-07-12;1749;2602;264230;213971;30.7;24.9
974;2021-07-13;4425;3337;268655;217308;31.2;25.3
974;2021-07-14;3293;603;271948;217911;31.6;25.3
974;2021-07-15;5550;4015;277498;221926;32.3;25.8
974;2021-07-16;6228;3289;283726;225215;33.0;26.2
974;2021-07-17;4367;1903;288093;227118;33.5;26.4
974;2021-07-18;2673;763;290766;227881;33.8;26.5
974;2021-07-19;4641;2024;295407;229905;34.4;26.7
974;2021-07-20;6223;2425;301630;232330;35.1;27.0
974;2021-07-21;6714;2856;308344;235186;35.9;27.3
974;2021-07-22;7088;2814;315432;238000;36.7;27.7
974;2021-07-23;6619;2976;322051;240976;37.4;28.0
974;2021-07-24;3793;2054;325844;243030;37.9;28.3
974;2021-07-25;2521;757;328365;243787;38.2;28.3
974;2021-07-26;4350;2084;332715;245871;38.7;28.6
974;2021-07-27;5373;2555;338088;248426;39.3;28.9
974;2021-07-28;5339;2887;343427;251313;39.9;29.2
974;2021-07-29;5694;2804;349121;254117;40.6;29.5
974;2021-07-30;5828;2583;354949;256700;41.3;29.9
974;2021-07-31;3906;1636;358855;258336;41.7;30.0
974;2021-08-01;1882;715;360737;259051;41.9;30.1
974;2021-08-02;3375;1864;364112;260915;42.3;30.3
974;2021-08-03;4261;4074;368373;264989;42.8;30.8
974;2021-08-04;4832;4218;373205;269207;43.4;31.3
974;2021-08-05;4400;4668;377605;273875;43.9;31.8
974;2021-08-06;4044;5092;381649;278967;44.4;32.4
974;2021-08-07;2735;4044;384384;283011;44.7;32.9
974;2021-08-08;1469;2265;385853;285276;44.9;33.2
974;2021-08-09;2541;4529;388394;289805;45.2;33.7
974;2021-08-10;3745;4956;392139;294761;45.6;34.3
974;2021-08-11;4553;5422;396692;300183;46.1;34.9
974;2021-08-12;4669;5916;401361;306099;46.7;35.6
974;2021-08-13;4416;5822;405777;311921;47.2;36.3
974;2021-08-14;2545;4314;408322;316235;47.5;36.8
974;2021-08-15;1563;2172;409885;318407;47.7;37.0
974;2021-08-16;2310;4164;412195;322571;47.9;37.5
975;2020-12-27;0;0;0;0;0.0;0.0
975;2020-12-28;0;0;0;0;0.0;0.0
975;2020-12-29;0;0;0;0;0.0;0.0
975;2020-12-30;0;0;0;0;0.0;0.0
975;2020-12-31;0;0;0;0;0.0;0.0
975;2021-01-01;0;0;0;0;0.0;0.0
975;2021-01-02;0;0;0;0;0.0;0.0
975;2021-01-03;0;0;0;0;0.0;0.0
975;2021-01-04;0;0;0;0;0.0;0.0
975;2021-01-05;0;0;0;0;0.0;0.0
975;2021-01-06;0;0;0;0;0.0;0.0
975;2021-01-07;0;0;0;0;0.0;0.0
975;2021-01-08;0;0;0;0;0.0;0.0
975;2021-01-09;0;0;0;0;0.0;0.0
975;2021-01-10;0;0;0;0;0.0;0.0
975;2021-01-11;0;0;0;0;0.0;0.0
975;2021-01-12;0;0;0;0;0.0;0.0
975;2021-01-13;0;0;0;0;0.0;0.0
975;2021-01-14;0;0;0;0;0.0;0.0
975;2021-01-15;0;0;0;0;0.0;0.0
975;2021-01-16;0;0;0;0;0.0;0.0
975;2021-01-17;0;0;0;0;0.0;0.0
975;2021-01-18;0;0;0;0;0.0;0.0
975;2021-01-19;0;0;0;0;0.0;0.0
975;2021-01-20;0;0;0;0;0.0;0.0
975;2021-01-21;0;0;0;0;0.0;0.0
975;2021-01-22;0;0;0;0;0.0;0.0
975;2021-01-23;0;0;0;0;0.0;0.0
975;2021-01-24;0;0;0;0;0.0;0.0
975;2021-01-25;0;0;0;0;0.0;0.0
975;2021-01-26;0;0;0;0;0.0;0.0
975;2021-01-27;0;0;0;0;0.0;0.0
975;2021-01-28;0;0;0;0;0.0;0.0
975;2021-01-29;0;0;0;0;0.0;0.0
975;2021-01-30;0;0;0;0;0.0;0.0
975;2021-01-31;0;0;0;0;0.0;0.0
975;2021-02-01;0;0;0;0;0.0;0.0
975;2021-02-02;0;0;0;0;0.0;0.0
975;2021-02-03;0;0;0;0;0.0;0.0
975;2021-02-04;0;0;0;0;0.0;0.0
975;2021-02-05;0;0;0;0;0.0;0.0
975;2021-02-06;0;0;0;0;0.0;0.0
975;2021-02-07;0;0;0;0;0.0;0.0
975;2021-02-08;0;0;0;0;0.0;0.0
975;2021-02-09;0;0;0;0;0.0;0.0
975;2021-02-10;0;0;0;0;0.0;0.0
975;2021-02-11;0;0;0;0;0.0;0.0
975;2021-02-12;0;0;0;0;0.0;0.0
975;2021-02-13;0;0;0;0;0.0;0.0
975;2021-02-14;0;0;0;0;0.0;0.0
975;2021-02-15;0;0;0;0;0.0;0.0
975;2021-02-16;0;0;0;0;0.0;0.0
975;2021-02-17;0;0;0;0;0.0;0.0
975;2021-02-18;0;0;0;0;0.0;0.0
975;2021-02-19;0;0;0;0;0.0;0.0
975;2021-02-20;0;0;0;0;0.0;0.0
975;2021-02-21;0;0;0;0;0.0;0.0
975;2021-02-22;0;0;0;0;0.0;0.0
975;2021-02-23;0;0;0;0;0.0;0.0
975;2021-02-24;0;0;0;0;0.0;0.0
975;2021-02-25;0;0;0;0;0.0;0.0
975;2021-02-26;0;0;0;0;0.0;0.0
975;2021-02-27;0;0;0;0;0.0;0.0
975;2021-02-28;0;0;0;0;0.0;0.0
975;2021-03-01;0;0;0;0;0.0;0.0
975;2021-03-02;0;0;0;0;0.0;0.0
975;2021-03-03;0;0;0;0;0.0;0.0
975;2021-03-04;0;0;0;0;0.0;0.0
975;2021-03-05;0;0;0;0;0.0;0.0
975;2021-03-06;0;0;0;0;0.0;0.0
975;2021-03-07;0;0;0;0;0.0;0.0
975;2021-03-08;0;0;0;0;0.0;0.0
975;2021-03-09;0;0;0;0;0.0;0.0
975;2021-03-10;0;0;0;0;0.0;0.0
975;2021-03-11;0;0;0;0;0.0;0.0
975;2021-03-12;0;0;0;0;0.0;0.0
975;2021-03-13;0;0;0;0;0.0;0.0
975;2021-03-14;0;0;0;0;0.0;0.0
975;2021-03-15;0;0;0;0;0.0;0.0
975;2021-03-16;0;0;0;0;0.0;0.0
975;2021-03-17;0;0;0;0;0.0;0.0
975;2021-03-18;0;0;0;0;0.0;0.0
975;2021-03-19;0;0;0;0;0.0;0.0
975;2021-03-20;0;0;0;0;0.0;0.0
975;2021-03-21;0;0;0;0;0.0;0.0
975;2021-03-22;0;0;0;0;0.0;0.0
975;2021-03-23;0;0;0;0;0.0;0.0
975;2021-03-24;0;0;0;0;0.0;0.0
975;2021-03-25;0;0;0;0;0.0;0.0
975;2021-03-26;0;0;0;0;0.0;0.0
975;2021-03-27;0;0;0;0;0.0;0.0
975;2021-03-28;0;0;0;0;0.0;0.0
975;2021-03-29;2;0;2;0;0.0;0.0
975;2021-03-30;0;0;2;0;0.0;0.0
975;2021-03-31;0;0;2;0;0.0;0.0
975;2021-04-01;0;0;2;0;0.0;0.0
975;2021-04-02;0;0;2;0;0.0;0.0
975;2021-04-03;0;0;2;0;0.0;0.0
975;2021-04-04;0;0;2;0;0.0;0.0
975;2021-04-05;0;0;2;0;0.0;0.0
975;2021-04-06;0;0;2;0;0.0;0.0
975;2021-04-07;0;0;2;0;0.0;0.0
975;2021-04-08;1;0;3;0;0.1;0.0
975;2021-04-09;0;0;3;0;0.1;0.0
975;2021-04-10;0;0;3;0;0.1;0.0
975;2021-04-11;0;0;3;0;0.1;0.0
975;2021-04-12;0;0;3;0;0.1;0.0
975;2021-04-13;0;0;3;0;0.1;0.0
975;2021-04-14;0;0;3;0;0.1;0.0
975;2021-04-15;0;0;3;0;0.1;0.0
975;2021-04-16;0;0;3;0;0.1;0.0
975;2021-04-17;0;0;3;0;0.1;0.0
975;2021-04-18;0;0;3;0;0.1;0.0
975;2021-04-19;0;0;3;0;0.1;0.0
975;2021-04-20;0;0;3;0;0.1;0.0
975;2021-04-21;0;0;3;0;0.1;0.0
975;2021-04-22;0;0;3;0;0.1;0.0
975;2021-04-23;0;0;3;0;0.1;0.0
975;2021-04-24;0;0;3;0;0.1;0.0
975;2021-04-25;0;0;3;0;0.1;0.0
975;2021-04-26;0;0;3;0;0.1;0.0
975;2021-04-27;0;0;3;0;0.1;0.0
975;2021-04-28;0;0;3;0;0.1;0.0
975;2021-04-29;0;0;3;0;0.1;0.0
975;2021-04-30;0;0;3;0;0.1;0.0
975;2021-05-01;0;0;3;0;0.1;0.0
975;2021-05-02;0;0;3;0;0.1;0.0
975;2021-05-03;0;0;3;0;0.1;0.0
975;2021-05-04;0;0;3;0;0.1;0.0
975;2021-05-05;0;0;3;0;0.1;0.0
975;2021-05-06;0;0;3;0;0.1;0.0
975;2021-05-07;0;0;3;0;0.1;0.0
975;2021-05-08;0;0;3;0;0.1;0.0
975;2021-05-09;0;0;3;0;0.1;0.0
975;2021-05-10;0;0;3;0;0.1;0.0
975;2021-05-11;0;0;3;0;0.1;0.0
975;2021-05-12;0;0;3;0;0.1;0.0
975;2021-05-13;0;0;3;0;0.1;0.0
975;2021-05-14;0;0;3;0;0.1;0.0
975;2021-05-15;0;0;3;0;0.1;0.0
975;2021-05-16;0;0;3;0;0.1;0.0
975;2021-05-17;0;0;3;0;0.1;0.0
975;2021-05-18;0;0;3;0;0.1;0.0
975;2021-05-19;0;0;3;0;0.1;0.0
975;2021-05-20;0;0;3;0;0.1;0.0
975;2021-05-21;0;0;3;0;0.1;0.0
975;2021-05-22;0;0;3;0;0.1;0.0
975;2021-05-23;0;0;3;0;0.1;0.0
975;2021-05-24;0;0;3;0;0.1;0.0
975;2021-05-25;0;0;3;0;0.1;0.0
975;2021-05-26;0;0;3;0;0.1;0.0
975;2021-05-27;0;0;3;0;0.1;0.0
975;2021-05-28;0;0;3;0;0.1;0.0
975;2021-05-29;0;2;3;2;0.1;0.0
975;2021-05-30;0;0;3;2;0.1;0.0
975;2021-05-31;0;0;3;2;0.1;0.0
975;2021-06-01;0;0;3;2;0.1;0.0
975;2021-06-02;0;0;3;2;0.1;0.0
975;2021-06-03;0;0;3;2;0.1;0.0
975;2021-06-04;0;0;3;2;0.1;0.0
975;2021-06-05;0;0;3;2;0.1;0.0
975;2021-06-06;0;0;3;2;0.1;0.0
975;2021-06-07;0;0;3;2;0.1;0.0
975;2021-06-08;0;0;3;2;0.1;0.0
975;2021-06-09;0;0;3;2;0.1;0.0
975;2021-06-10;0;0;3;2;0.1;0.0
975;2021-06-11;0;0;3;2;0.1;0.0
975;2021-06-12;0;0;3;2;0.1;0.0
975;2021-06-13;0;0;3;2;0.1;0.0
975;2021-06-14;0;0;3;2;0.1;0.0
975;2021-06-15;0;0;3;2;0.1;0.0
975;2021-06-16;0;0;3;2;0.1;0.0
975;2021-06-17;0;0;3;2;0.1;0.0
975;2021-06-18;0;0;3;2;0.1;0.0
975;2021-06-19;0;0;3;2;0.1;0.0
975;2021-06-20;0;0;3;2;0.1;0.0
975;2021-06-21;1;0;4;2;0.1;0.0
975;2021-06-22;0;0;4;2;0.1;0.0
975;2021-06-23;0;0;4;2;0.1;0.0
975;2021-06-24;0;0;4;2;0.1;0.0
975;2021-06-25;0;0;4;2;0.1;0.0
975;2021-06-26;0;0;4;2;0.1;0.0
975;2021-06-27;0;0;4;2;0.1;0.0
975;2021-06-28;0;0;4;2;0.1;0.0
975;2021-06-29;0;0;4;2;0.1;0.0
975;2021-06-30;0;0;4;2;0.1;0.0
975;2021-07-01;0;0;4;2;0.1;0.0
975;2021-07-02;0;0;4;2;0.1;0.0
975;2021-07-03;0;0;4;2;0.1;0.0
975;2021-07-04;0;0;4;2;0.1;0.0
975;2021-07-05;0;0;4;2;0.1;0.0
975;2021-07-06;1;0;5;2;0.1;0.0
975;2021-07-07;7;0;12;2;0.2;0.0
975;2021-07-08;0;0;12;2;0.2;0.0
975;2021-07-09;1;0;13;2;0.2;0.0
975;2021-07-10;0;0;13;2;0.2;0.0
975;2021-07-11;0;0;13;2;0.2;0.0
975;2021-07-12;1;0;14;2;0.2;0.0
975;2021-07-13;0;0;14;2;0.2;0.0
975;2021-07-14;0;0;14;2;0.2;0.0
975;2021-07-15;0;0;14;2;0.2;0.0
975;2021-07-16;0;0;14;2;0.2;0.0
975;2021-07-17;0;0;14;2;0.2;0.0
975;2021-07-18;0;0;14;2;0.2;0.0
975;2021-07-19;0;0;14;2;0.2;0.0
975;2021-07-20;0;0;14;2;0.2;0.0
975;2021-07-21;0;0;14;2;0.2;0.0
975;2021-07-22;0;0;14;2;0.2;0.0
975;2021-07-23;0;0;14;2;0.2;0.0
975;2021-07-24;0;0;14;2;0.2;0.0
975;2021-07-25;0;0;14;2;0.2;0.0
975;2021-07-26;0;0;14;2;0.2;0.0
975;2021-07-27;0;0;14;2;0.2;0.0
975;2021-07-28;0;0;14;2;0.2;0.0
975;2021-07-29;0;0;14;2;0.2;0.0
975;2021-07-30;0;0;14;2;0.2;0.0
975;2021-07-31;0;0;14;2;0.2;0.0
975;2021-08-01;0;0;14;2;0.2;0.0
975;2021-08-02;1;0;15;2;0.3;0.0
975;2021-08-03;0;0;15;2;0.3;0.0
975;2021-08-04;0;0;15;2;0.3;0.0
975;2021-08-05;0;0;15;2;0.3;0.0
975;2021-08-06;0;0;15;2;0.3;0.0
975;2021-08-07;0;0;15;2;0.3;0.0
975;2021-08-08;0;0;15;2;0.3;0.0
975;2021-08-09;0;0;15;2;0.3;0.0
975;2021-08-10;0;0;15;2;0.3;0.0
975;2021-08-11;0;0;15;2;0.3;0.0
975;2021-08-12;0;0;15;2;0.3;0.0
975;2021-08-13;0;0;15;2;0.3;0.0
975;2021-08-14;0;0;15;2;0.3;0.0
975;2021-08-15;0;0;15;2;0.3;0.0
975;2021-08-16;0;0;15;2;0.3;0.0
976;2020-12-27;0;0;0;0;0.0;0.0
976;2020-12-28;0;0;0;0;0.0;0.0
976;2020-12-29;0;0;0;0;0.0;0.0
976;2020-12-30;0;0;0;0;0.0;0.0
976;2020-12-31;0;0;0;0;0.0;0.0
976;2021-01-01;0;0;0;0;0.0;0.0
976;2021-01-02;0;0;0;0;0.0;0.0
976;2021-01-03;0;0;0;0;0.0;0.0
976;2021-01-04;0;0;0;0;0.0;0.0
976;2021-01-05;0;0;0;0;0.0;0.0
976;2021-01-06;0;0;0;0;0.0;0.0
976;2021-01-07;0;0;0;0;0.0;0.0
976;2021-01-08;0;0;0;0;0.0;0.0
976;2021-01-09;0;0;0;0;0.0;0.0
976;2021-01-10;0;0;0;0;0.0;0.0
976;2021-01-11;9;0;9;0;0.0;0.0
976;2021-01-12;0;0;9;0;0.0;0.0
976;2021-01-13;0;0;9;0;0.0;0.0
976;2021-01-14;0;0;9;0;0.0;0.0
976;2021-01-15;1;0;10;0;0.0;0.0
976;2021-01-16;1;0;11;0;0.0;0.0
976;2021-01-17;0;0;11;0;0.0;0.0
976;2021-01-18;1;0;12;0;0.0;0.0
976;2021-01-19;0;0;12;0;0.0;0.0
976;2021-01-20;0;0;12;0;0.0;0.0
976;2021-01-21;1;1;13;1;0.0;0.0
976;2021-01-22;0;0;13;1;0.0;0.0
976;2021-01-23;1;0;14;1;0.0;0.0
976;2021-01-24;0;0;14;1;0.0;0.0
976;2021-01-25;143;3;157;4;0.1;0.0
976;2021-01-26;165;3;322;7;0.1;0.0
976;2021-01-27;250;3;572;10;0.2;0.0
976;2021-01-28;102;8;674;18;0.2;0.0
976;2021-01-29;231;2;905;20;0.3;0.0
976;2021-01-30;285;11;1190;31;0.4;0.0
976;2021-01-31;1;0;1191;31;0.4;0.0
976;2021-02-01;160;0;1351;31;0.5;0.0
976;2021-02-02;330;8;1681;39;0.6;0.0
976;2021-02-03;228;3;1909;42;0.7;0.0
976;2021-02-04;216;9;2125;51;0.8;0.0
976;2021-02-05;214;1;2339;52;0.8;0.0
976;2021-02-06;83;10;2422;62;0.9;0.0
976;2021-02-07;0;0;2422;62;0.9;0.0
976;2021-02-08;82;4;2504;66;0.9;0.0
976;2021-02-09;194;1;2698;67;1.0;0.0
976;2021-02-10;187;4;2885;71;1.0;0.0
976;2021-02-11;236;4;3121;75;1.1;0.0
976;2021-02-12;287;4;3408;79;1.2;0.0
976;2021-02-13;56;0;3464;79;1.2;0.0
976;2021-02-14;1;0;3465;79;1.2;0.0
976;2021-02-15;359;7;3824;86;1.4;0.0
976;2021-02-16;266;10;4090;96;1.5;0.0
976;2021-02-17;167;9;4257;105;1.5;0.0
976;2021-02-18;217;12;4474;117;1.6;0.0
976;2021-02-19;237;24;4711;141;1.7;0.1
976;2021-02-20;139;8;4850;149;1.7;0.1
976;2021-02-21;0;0;4850;149;1.7;0.1
976;2021-02-22;130;122;4980;271;1.8;0.1
976;2021-02-23;184;156;5164;427;1.8;0.2
976;2021-02-24;176;146;5340;573;1.9;0.2
976;2021-02-25;227;277;5567;850;2.0;0.3
976;2021-02-26;242;247;5809;1097;2.1;0.4
976;2021-02-27;0;0;5809;1097;2.1;0.4
976;2021-02-28;0;0;5809;1097;2.1;0.4
976;2021-03-01;145;259;5954;1356;2.1;0.5
976;2021-03-02;228;260;6182;1616;2.2;0.6
976;2021-03-03;202;190;6384;1806;2.3;0.6
976;2021-03-04;205;143;6589;1949;2.4;0.7
976;2021-03-05;224;116;6813;2065;2.4;0.7
976;2021-03-06;1;0;6814;2065;2.4;0.7
976;2021-03-07;0;0;6814;2065;2.4;0.7
976;2021-03-08;189;109;7003;2174;2.5;0.8
976;2021-03-09;391;163;7394;2337;2.6;0.8
976;2021-03-10;180;178;7574;2515;2.7;0.9
976;2021-03-11;167;207;7741;2722;2.8;1.0
976;2021-03-12;237;294;7978;3016;2.9;1.1
976;2021-03-13;2;0;7980;3016;2.9;1.1
976;2021-03-14;0;0;7980;3016;2.9;1.1
976;2021-03-15;157;294;8137;3310;2.9;1.2
976;2021-03-16;237;226;8374;3536;3.0;1.3
976;2021-03-17;264;143;8638;3679;3.1;1.3
976;2021-03-18;173;236;8811;3915;3.2;1.4
976;2021-03-19;173;298;8984;4213;3.2;1.5
976;2021-03-20;0;0;8984;4213;3.2;1.5
976;2021-03-21;0;0;8984;4213;3.2;1.5
976;2021-03-22;97;136;9081;4349;3.2;1.6
976;2021-03-23;136;239;9217;4588;3.3;1.6
976;2021-03-24;160;147;9377;4735;3.4;1.7
976;2021-03-25;185;206;9562;4941;3.4;1.8
976;2021-03-26;160;212;9722;5153;3.5;1.8
976;2021-03-27;18;0;9740;5153;3.5;1.8
976;2021-03-28;1;0;9741;5153;3.5;1.8
976;2021-03-29;0;2;9741;5155;3.5;1.8
976;2021-03-30;272;335;10013;5490;3.6;2.0
976;2021-03-31;225;125;10238;5615;3.7;2.0
976;2021-04-01;245;103;10483;5718;3.8;2.0
976;2021-04-02;289;262;10772;5980;3.9;2.1
976;2021-04-03;905;308;11677;6288;4.2;2.2
976;2021-04-04;1;0;11678;6288;4.2;2.2
976;2021-04-05;1;0;11679;6288;4.2;2.2
976;2021-04-06;162;277;11841;6565;4.2;2.3
976;2021-04-07;237;266;12078;6831;4.3;2.4
976;2021-04-08;285;140;12363;6971;4.4;2.5
976;2021-04-09;249;171;12612;7142;4.5;2.6
976;2021-04-10;181;114;12793;7256;4.6;2.6
976;2021-04-11;7;0;12800;7256;4.6;2.6
976;2021-04-12;0;19;12800;7275;4.6;2.6
976;2021-04-13;394;345;13194;7620;4.7;2.7
976;2021-04-14;239;205;13433;7825;4.8;2.8
976;2021-04-15;209;117;13642;7942;4.9;2.8
976;2021-04-16;214;127;13856;8069;5.0;2.9
976;2021-04-17;226;131;14082;8200;5.0;2.9
976;2021-04-18;1;0;14083;8200;5.0;2.9
976;2021-04-19;7;1;14090;8201;5.0;2.9
976;2021-04-20;369;223;14459;8424;5.2;3.0
976;2021-04-21;413;150;14872;8574;5.3;3.1
976;2021-04-22;410;150;15282;8724;5.5;3.1
976;2021-04-23;367;166;15649;8890;5.6;3.2
976;2021-04-24;413;128;16062;9018;5.7;3.2
976;2021-04-25;2;0;16064;9018;5.7;3.2
976;2021-04-26;55;8;16119;9026;5.8;3.2
976;2021-04-27;351;293;16470;9319;5.9;3.3
976;2021-04-28;357;515;16827;9834;6.0;3.5
976;2021-04-29;559;344;17386;10178;6.2;3.6
976;2021-04-30;404;238;17790;10416;6.4;3.7
976;2021-05-01;673;286;18463;10702;6.6;3.8
976;2021-05-02;0;0;18463;10702;6.6;3.8
976;2021-05-03;141;6;18604;10708;6.7;3.8
976;2021-05-04;353;426;18957;11134;6.8;4.0
976;2021-05-05;448;318;19405;11452;6.9;4.1
976;2021-05-06;320;202;19725;11654;7.1;4.2
976;2021-05-07;341;133;20066;11787;7.2;4.2
976;2021-05-08;305;139;20371;11926;7.3;4.3
976;2021-05-09;0;0;20371;11926;7.3;4.3
976;2021-05-10;9;9;20380;11935;7.3;4.3
976;2021-05-11;363;490;20743;12425;7.4;4.4
976;2021-05-12;334;310;21077;12735;7.5;4.6
976;2021-05-13;127;97;21204;12832;7.6;4.6
976;2021-05-14;0;0;21204;12832;7.6;4.6
976;2021-05-15;486;283;21690;13115;7.8;4.7
976;2021-05-16;1;0;21691;13115;7.8;4.7
976;2021-05-17;124;51;21815;13166;7.8;4.7
976;2021-05-18;517;430;22332;13596;8.0;4.9
976;2021-05-19;651;663;22983;14259;8.2;5.1
976;2021-05-20;1055;497;24038;14756;8.6;5.3
976;2021-05-21;1046;313;25084;15069;9.0;5.4
976;2021-05-22;1243;299;26327;15368;9.4;5.5
976;2021-05-23;0;0;26327;15368;9.4;5.5
976;2021-05-24;1;0;26328;15368;9.4;5.5
976;2021-05-25;889;623;27217;15991;9.7;5.7
976;2021-05-26;1036;841;28253;16832;10.1;6.0
976;2021-05-27;1325;511;29578;17343;10.6;6.2
976;2021-05-28;957;373;30535;17716;10.9;6.3
976;2021-05-29;1131;391;31666;18107;11.3;6.5
976;2021-05-30;1;1;31667;18108;11.3;6.5
976;2021-05-31;105;6;31772;18114;11.4;6.5
976;2021-06-01;1151;651;32923;18765;11.8;6.7
976;2021-06-02;1238;530;34161;19295;12.2;6.9
976;2021-06-03;808;351;34969;19646;12.5;7.0
976;2021-06-04;1001;323;35970;19969;12.9;7.1
976;2021-06-05;679;300;36649;20269;13.1;7.3
976;2021-06-06;1;0;36650;20269;13.1;7.3
976;2021-06-07;91;12;36741;20281;13.1;7.3
976;2021-06-08;958;444;37699;20725;13.5;7.4
976;2021-06-09;971;550;38670;21275;13.8;7.6
976;2021-06-10;702;231;39372;21506;14.1;7.7
976;2021-06-11;849;366;40221;21872;14.4;7.8
976;2021-06-12;584;276;40805;22148;14.6;7.9
976;2021-06-13;2;0;40807;22148;14.6;7.9
976;2021-06-14;187;112;40994;22260;14.7;8.0
976;2021-06-15;415;839;41409;23099;14.8;8.3
976;2021-06-16;891;1442;42300;24541;15.1;8.8
976;2021-06-17;792;660;43092;25201;15.4;9.0
976;2021-06-18;707;621;43799;25822;15.7;9.2
976;2021-06-19;538;643;44337;26465;15.9;9.5
976;2021-06-20;1;0;44338;26465;15.9;9.5
976;2021-06-21;128;132;44466;26597;15.9;9.5
976;2021-06-22;430;1150;44896;27747;16.1;9.9
976;2021-06-23;662;1185;45558;28932;16.3;10.4
976;2021-06-24;469;546;46027;29478;16.5;10.5
976;2021-06-25;542;477;46569;29955;16.7;10.7
976;2021-06-26;388;690;46957;30645;16.8;11.0
976;2021-06-27;1;0;46958;30645;16.8;11.0
976;2021-06-28;106;191;47064;30836;16.8;11.0
976;2021-06-29;722;974;47786;31810;17.1;11.4
976;2021-06-30;683;947;48469;32757;17.3;11.7
976;2021-07-01;580;546;49049;33303;17.6;11.9
976;2021-07-02;452;431;49501;33734;17.7;12.1
976;2021-07-03;447;420;49948;34154;17.9;12.2
976;2021-07-04;2;0;49950;34154;17.9;12.2
976;2021-07-05;120;224;50070;34378;17.9;12.3
976;2021-07-06;503;864;50573;35242;18.1;12.6
976;2021-07-07;771;1010;51344;36252;18.4;13.0
976;2021-07-08;806;634;52150;36886;18.7;13.2
976;2021-07-09;791;518;52941;37404;18.9;13.4
976;2021-07-10;441;319;53382;37723;19.1;13.5
976;2021-07-11;0;0;53382;37723;19.1;13.5
976;2021-07-12;163;172;53545;37895;19.2;13.6
976;2021-07-13;855;1000;54400;38895;19.5;13.9
976;2021-07-14;0;5;54400;38900;19.5;13.9
976;2021-07-15;1227;814;55627;39714;19.9;14.2
976;2021-07-16;1305;659;56932;40373;20.4;14.4
976;2021-07-17;1045;376;57977;40749;20.7;14.6
976;2021-07-18;0;0;57977;40749;20.7;14.6
976;2021-07-19;204;133;58181;40882;20.8;14.6
976;2021-07-20;1156;872;59337;41754;21.2;14.9
976;2021-07-21;32;28;59369;41782;21.2;15.0
976;2021-07-22;1121;652;60490;42434;21.6;15.2
976;2021-07-23;1200;537;61690;42971;22.1;15.4
976;2021-07-24;853;435;62543;43406;22.4;15.5
976;2021-07-25;0;0;62543;43406;22.4;15.5
976;2021-07-26;178;36;62721;43442;22.4;15.5
976;2021-07-27;1125;821;63846;44263;22.8;15.8
976;2021-07-28;1011;632;64857;44895;23.2;16.1
976;2021-07-29;1199;556;66056;45451;23.6;16.3
976;2021-07-30;1199;406;67255;45857;24.1;16.4
976;2021-07-31;760;274;68015;46131;24.3;16.5
976;2021-08-01;0;0;68015;46131;24.3;16.5
976;2021-08-02;309;179;68324;46310;24.4;16.6
976;2021-08-03;1500;930;69824;47240;25.0;16.9
976;2021-08-04;1820;810;71644;48050;25.6;17.2
976;2021-08-05;1459;495;73103;48545;26.2;17.4
976;2021-08-06;1676;499;74779;49044;26.8;17.5
976;2021-08-07;911;356;75690;49400;27.1;17.7
976;2021-08-08;6;1;75696;49401;27.1;17.7
976;2021-08-09;518;235;76214;49636;27.3;17.8
976;2021-08-10;1618;1374;77832;51010;27.8;18.3
976;2021-08-11;2024;1237;79856;52247;28.6;18.7
976;2021-08-12;1693;611;81549;52858;29.2;18.9
976;2021-08-13;1530;530;83079;53388;29.7;19.1
976;2021-08-14;827;450;83906;53838;30.0;19.3
976;2021-08-15;0;0;83906;53838;30.0;19.3
976;2021-08-16;535;286;84441;54124;30.2;19.4
977;2020-12-27;0;0;0;0;0.0;0.0
977;2020-12-28;0;0;0;0;0.0;0.0
977;2020-12-29;0;0;0;0;0.0;0.0
977;2020-12-30;0;0;0;0;0.0;0.0
977;2020-12-31;0;0;0;0;0.0;0.0
977;2021-01-01;0;0;0;0;0.0;0.0
977;2021-01-02;0;0;0;0;0.0;0.0
977;2021-01-03;0;0;0;0;0.0;0.0
977;2021-01-04;0;0;0;0;0.0;0.0
977;2021-01-05;0;0;0;0;0.0;0.0
977;2021-01-06;0;0;0;0;0.0;0.0
977;2021-01-07;0;0;0;0;0.0;0.0
977;2021-01-08;0;0;0;0;0.0;0.0
977;2021-01-09;0;0;0;0;0.0;0.0
977;2021-01-10;0;0;0;0;0.0;0.0
977;2021-01-11;0;0;0;0;0.0;0.0
977;2021-01-12;0;0;0;0;0.0;0.0
977;2021-01-13;0;0;0;0;0.0;0.0
977;2021-01-14;0;0;0;0;0.0;0.0
977;2021-01-15;0;0;0;0;0.0;0.0
977;2021-01-16;0;0;0;0;0.0;0.0
977;2021-01-17;0;0;0;0;0.0;0.0
977;2021-01-18;1;0;1;0;0.0;0.0
977;2021-01-19;0;0;1;0;0.0;0.0
977;2021-01-20;0;0;1;0;0.0;0.0
977;2021-01-21;12;0;13;0;0.1;0.0
977;2021-01-22;12;0;25;0;0.3;0.0
977;2021-01-23;0;0;25;0;0.3;0.0
977;2021-01-24;0;0;25;0;0.3;0.0
977;2021-01-25;0;0;25;0;0.3;0.0
977;2021-01-26;0;0;25;0;0.3;0.0
977;2021-01-27;12;0;37;0;0.4;0.0
977;2021-01-28;1;0;38;0;0.4;0.0
977;2021-01-29;6;0;44;0;0.4;0.0
977;2021-01-30;0;0;44;0;0.4;0.0
977;2021-01-31;0;0;44;0;0.4;0.0
977;2021-02-01;0;0;44;0;0.4;0.0
977;2021-02-02;0;0;44;0;0.4;0.0
977;2021-02-03;11;0;55;0;0.6;0.0
977;2021-02-04;12;0;67;0;0.7;0.0
977;2021-02-05;11;0;78;0;0.8;0.0
977;2021-02-06;0;0;78;0;0.8;0.0
977;2021-02-07;0;0;78;0;0.8;0.0
977;2021-02-08;0;0;78;0;0.8;0.0
977;2021-02-09;13;0;91;0;0.9;0.0
977;2021-02-10;0;0;91;0;0.9;0.0
977;2021-02-11;17;0;108;0;1.1;0.0
977;2021-02-12;45;0;153;0;1.5;0.0
977;2021-02-13;0;0;153;0;1.5;0.0
977;2021-02-14;0;0;153;0;1.5;0.0
977;2021-02-15;0;0;153;0;1.5;0.0
977;2021-02-16;0;0;153;0;1.5;0.0
977;2021-02-17;0;0;153;0;1.5;0.0
977;2021-02-18;18;0;171;0;1.7;0.0
977;2021-02-19;35;0;206;0;2.1;0.0
977;2021-02-20;0;0;206;0;2.1;0.0
977;2021-02-21;0;0;206;0;2.1;0.0
977;2021-02-22;0;0;206;0;2.1;0.0
977;2021-02-23;0;21;206;21;2.1;0.2
977;2021-02-24;0;0;206;21;2.1;0.2
977;2021-02-25;15;10;221;31;2.2;0.3
977;2021-02-26;33;20;254;51;2.5;0.5
977;2021-02-27;0;0;254;51;2.5;0.5
977;2021-02-28;0;0;254;51;2.5;0.5
977;2021-03-01;0;0;254;51;2.5;0.5
977;2021-03-02;19;11;273;62;2.7;0.6
977;2021-03-03;0;0;273;62;2.7;0.6
977;2021-03-04;16;12;289;74;2.9;0.7
977;2021-03-05;35;19;324;93;3.3;0.9
977;2021-03-06;0;0;324;93;3.3;0.9
977;2021-03-07;0;0;324;93;3.3;0.9
977;2021-03-08;0;0;324;93;3.3;0.9
977;2021-03-09;1;0;325;93;3.3;0.9
977;2021-03-10;0;0;325;93;3.3;0.9
977;2021-03-11;20;30;345;123;3.5;1.2
977;2021-03-12;62;41;407;164;4.1;1.6
977;2021-03-13;0;0;407;164;4.1;1.6
977;2021-03-14;0;0;407;164;4.1;1.6
977;2021-03-15;0;0;407;164;4.1;1.6
977;2021-03-16;30;9;437;173;4.4;1.7
977;2021-03-17;0;0;437;173;4.4;1.7
977;2021-03-18;30;16;467;189;4.7;1.9
977;2021-03-19;57;29;524;218;5.3;2.2
977;2021-03-20;0;0;524;218;5.3;2.2
977;2021-03-21;0;0;524;218;5.3;2.2
977;2021-03-22;0;0;524;218;5.3;2.2
977;2021-03-23;0;0;524;218;5.3;2.2
977;2021-03-24;0;0;524;218;5.3;2.2
977;2021-03-25;65;17;589;235;5.9;2.4
977;2021-03-26;73;26;662;261;6.6;2.6
977;2021-03-27;0;0;662;261;6.6;2.6
977;2021-03-28;0;0;662;261;6.6;2.6
977;2021-03-29;0;0;662;261;6.6;2.6
977;2021-03-30;40;18;702;279;7.0;2.8
977;2021-03-31;26;15;728;294;7.3;3.0
977;2021-04-01;25;32;753;326;7.6;3.3
977;2021-04-02;0;0;753;326;7.6;3.3
977;2021-04-03;0;0;753;326;7.6;3.3
977;2021-04-04;0;0;753;326;7.6;3.3
977;2021-04-05;9;0;762;326;7.6;3.3
977;2021-04-06;0;0;762;326;7.6;3.3
977;2021-04-07;0;0;762;326;7.6;3.3
977;2021-04-08;57;46;819;372;8.2;3.7
977;2021-04-09;58;31;877;403;8.8;4.0
977;2021-04-10;0;0;877;403;8.8;4.0
977;2021-04-11;0;0;877;403;8.8;4.0
977;2021-04-12;0;0;877;403;8.8;4.0
977;2021-04-13;0;0;877;403;8.8;4.0
977;2021-04-14;5;6;882;409;8.9;4.1
977;2021-04-15;56;71;938;480;9.4;4.8
977;2021-04-16;90;35;1028;515;10.3;5.2
977;2021-04-17;0;1;1028;516;10.3;5.2
977;2021-04-18;0;0;1028;516;10.3;5.2
977;2021-04-19;1;0;1029;516;10.3;5.2
977;2021-04-20;335;65;1364;581;13.7;5.8
977;2021-04-21;337;30;1701;611;17.1;6.1
977;2021-04-22;284;49;1985;660;19.9;6.6
977;2021-04-23;260;42;2245;702;22.5;7.0
977;2021-04-24;231;1;2476;703;24.9;7.1
977;2021-04-25;0;0;2476;703;24.9;7.1
977;2021-04-26;283;19;2759;722;27.7;7.2
977;2021-04-27;224;68;2983;790;29.9;7.9
977;2021-04-28;192;26;3175;816;31.9;8.2
977;2021-04-29;170;23;3345;839;33.6;8.4
977;2021-04-30;172;17;3517;856;35.3;8.6
977;2021-05-01;202;12;3719;868;37.3;8.7
977;2021-05-02;0;0;3719;868;37.3;8.7
977;2021-05-03;135;9;3854;877;38.7;8.8
977;2021-05-04;161;53;4015;930;40.3;9.3
977;2021-05-05;221;28;4236;958;42.5;9.6
977;2021-05-06;175;32;4411;990;44.3;9.9
977;2021-05-07;149;31;4560;1021;45.8;10.2
977;2021-05-08;1;0;4561;1021;45.8;10.2
977;2021-05-09;0;0;4561;1021;45.8;10.2
977;2021-05-10;0;0;4561;1021;45.8;10.2
977;2021-05-11;3;41;4564;1062;45.8;10.7
977;2021-05-12;6;36;4570;1098;45.9;11.0
977;2021-05-13;0;0;4570;1098;45.9;11.0
977;2021-05-14;28;98;4598;1196;46.2;12.0
977;2021-05-15;0;0;4598;1196;46.2;12.0
977;2021-05-16;1;0;4599;1196;46.2;12.0
977;2021-05-17;1;14;4600;1210;46.2;12.1
977;2021-05-18;17;32;4617;1242;46.4;12.5
977;2021-05-19;0;1;4617;1243;46.4;12.5
977;2021-05-20;0;8;4617;1251;46.4;12.6
977;2021-05-21;12;32;4629;1283;46.5;12.9
977;2021-05-22;0;0;4629;1283;46.5;12.9
977;2021-05-23;0;0;4629;1283;46.5;12.9
977;2021-05-24;0;0;4629;1283;46.5;12.9
977;2021-05-25;50;331;4679;1614;47.0;16.2
977;2021-05-26;54;360;4733;1974;47.5;19.8
977;2021-05-27;34;317;4767;2291;47.9;23.0
977;2021-05-28;27;256;4794;2547;48.1;25.6
977;2021-05-29;35;375;4829;2922;48.5;29.3
977;2021-05-30;1;0;4830;2922;48.5;29.3
977;2021-05-31;45;216;4875;3138;48.9;31.5
977;2021-06-01;48;227;4923;3365;49.4;33.8
977;2021-06-02;69;273;4992;3638;50.1;36.5
977;2021-06-03;41;252;5033;3890;50.5;39.1
977;2021-06-04;81;270;5114;4160;51.3;41.8
977;2021-06-05;1;0;5115;4160;51.4;41.8
977;2021-06-06;0;0;5115;4160;51.4;41.8
977;2021-06-07;1;1;5116;4161;51.4;41.8
977;2021-06-08;5;2;5121;4163;51.4;41.8
977;2021-06-09;0;3;5121;4166;51.4;41.8
977;2021-06-10;8;4;5129;4170;51.5;41.9
977;2021-06-11;4;8;5133;4178;51.5;41.9
977;2021-06-12;16;59;5149;4237;51.7;42.5
977;2021-06-13;0;0;5149;4237;51.7;42.5
977;2021-06-14;0;0;5149;4237;51.7;42.5
977;2021-06-15;0;1;5149;4238;51.7;42.5
977;2021-06-16;0;0;5149;4238;51.7;42.5
977;2021-06-17;2;6;5151;4244;51.7;42.6
977;2021-06-18;0;2;5151;4246;51.7;42.6
977;2021-06-19;25;49;5176;4295;52.0;43.1
977;2021-06-20;0;0;5176;4295;52.0;43.1
977;2021-06-21;1;2;5177;4297;52.0;43.1
977;2021-06-22;8;0;5185;4297;52.1;43.1
977;2021-06-23;15;9;5200;4306;52.2;43.2
977;2021-06-24;10;5;5210;4311;52.3;43.3
977;2021-06-25;0;0;5210;4311;52.3;43.3
977;2021-06-26;25;45;5235;4356;52.6;43.7
977;2021-06-27;0;0;5235;4356;52.6;43.7
977;2021-06-28;0;0;5235;4356;52.6;43.7
977;2021-06-29;0;0;5235;4356;52.6;43.7
977;2021-06-30;0;0;5235;4356;52.6;43.7
977;2021-07-01;27;36;5262;4392;52.8;44.1
977;2021-07-02;26;31;5288;4423;53.1;44.4
977;2021-07-03;27;213;5315;4636;53.4;46.5
977;2021-07-04;0;0;5315;4636;53.4;46.5
977;2021-07-05;4;8;5319;4644;53.4;46.6
977;2021-07-06;0;0;5319;4644;53.4;46.6
977;2021-07-07;8;0;5327;4644;53.5;46.6
977;2021-07-08;33;23;5360;4667;53.8;46.9
977;2021-07-09;23;32;5383;4699;54.0;47.2
977;2021-07-10;33;45;5416;4744;54.4;47.6
977;2021-07-11;0;0;5416;4744;54.4;47.6
977;2021-07-12;0;1;5416;4745;54.4;47.6
977;2021-07-13;10;10;5426;4755;54.5;47.7
977;2021-07-14;0;0;5426;4755;54.5;47.7
977;2021-07-15;1;11;5427;4766;54.5;47.8
977;2021-07-16;44;51;5471;4817;54.9;48.4
977;2021-07-17;34;39;5505;4856;55.3;48.8
977;2021-07-18;1;0;5506;4856;55.3;48.8
977;2021-07-19;3;2;5509;4858;55.3;48.8
977;2021-07-20;3;1;5512;4859;55.3;48.8
977;2021-07-21;33;16;5545;4875;55.7;48.9
977;2021-07-22;35;33;5580;4908;56.0;49.3
977;2021-07-23;32;29;5612;4937;56.3;49.6
977;2021-07-24;43;26;5655;4963;56.8;49.8
977;2021-07-25;0;0;5655;4963;56.8;49.8
977;2021-07-26;13;9;5668;4972;56.9;49.9
977;2021-07-27;0;10;5668;4982;56.9;50.0
977;2021-07-28;31;14;5699;4996;57.2;50.2
977;2021-07-29;33;32;5732;5028;57.5;50.5
977;2021-07-30;31;29;5763;5057;57.9;50.8
977;2021-07-31;53;23;5816;5080;58.4;51.0
977;2021-08-01;0;0;5816;5080;58.4;51.0
977;2021-08-02;11;1;5827;5081;58.5;51.0
977;2021-08-03;0;0;5827;5081;58.5;51.0
977;2021-08-04;40;14;5867;5095;58.9;51.1
977;2021-08-05;28;29;5895;5124;59.2;51.4
977;2021-08-06;35;35;5930;5159;59.5;51.8
977;2021-08-07;56;26;5986;5185;60.1;52.1
977;2021-08-08;0;0;5986;5185;60.1;52.1
977;2021-08-09;7;5;5993;5190;60.2;52.1
977;2021-08-10;14;8;6007;5198;60.3;52.2
977;2021-08-11;36;18;6043;5216;60.7;52.4
977;2021-08-12;24;30;6067;5246;60.9;52.7
977;2021-08-13;31;13;6098;5259;61.2;52.8
977;2021-08-14;20;27;6118;5286;61.4;53.1
977;2021-08-15;0;0;6118;5286;61.4;53.1
977;2021-08-16;13;31;6131;5317;61.6;53.4
978;2020-12-27;0;0;0;0;0.0;0.0
978;2020-12-28;0;0;0;0;0.0;0.0
978;2020-12-29;0;0;0;0;0.0;0.0
978;2020-12-30;0;0;0;0;0.0;0.0
978;2020-12-31;0;0;0;0;0.0;0.0
978;2021-01-01;0;0;0;0;0.0;0.0
978;2021-01-02;0;0;0;0;0.0;0.0
978;2021-01-03;0;0;0;0;0.0;0.0
978;2021-01-04;0;0;0;0;0.0;0.0
978;2021-01-05;0;0;0;0;0.0;0.0
978;2021-01-06;0;0;0;0;0.0;0.0
978;2021-01-07;0;0;0;0;0.0;0.0
978;2021-01-08;0;0;0;0;0.0;0.0
978;2021-01-09;0;0;0;0;0.0;0.0
978;2021-01-10;0;0;0;0;0.0;0.0
978;2021-01-11;0;0;0;0;0.0;0.0
978;2021-01-12;0;0;0;0;0.0;0.0
978;2021-01-13;10;0;10;0;0.0;0.0
978;2021-01-14;12;0;22;0;0.1;0.0
978;2021-01-15;9;0;31;0;0.1;0.0
978;2021-01-16;0;0;31;0;0.1;0.0
978;2021-01-17;0;0;31;0;0.1;0.0
978;2021-01-18;0;0;31;0;0.1;0.0
978;2021-01-19;12;0;43;0;0.1;0.0
978;2021-01-20;13;0;56;0;0.2;0.0
978;2021-01-21;6;0;62;0;0.2;0.0
978;2021-01-22;0;0;62;0;0.2;0.0
978;2021-01-23;0;0;62;0;0.2;0.0
978;2021-01-24;0;0;62;0;0.2;0.0
978;2021-01-25;0;0;62;0;0.2;0.0
978;2021-01-26;9;0;71;0;0.2;0.0
978;2021-01-27;10;0;81;0;0.2;0.0
978;2021-01-28;6;1;87;1;0.2;0.0
978;2021-01-29;0;0;87;1;0.2;0.0
978;2021-01-30;0;0;87;1;0.2;0.0
978;2021-01-31;0;0;87;1;0.2;0.0
978;2021-02-01;0;0;87;1;0.2;0.0
978;2021-02-02;39;0;126;1;0.4;0.0
978;2021-02-03;11;0;137;1;0.4;0.0
978;2021-02-04;31;0;168;1;0.5;0.0
978;2021-02-05;6;0;174;1;0.5;0.0
978;2021-02-06;0;0;174;1;0.5;0.0
978;2021-02-07;0;0;174;1;0.5;0.0
978;2021-02-08;0;0;174;1;0.5;0.0
978;2021-02-09;38;0;212;1;0.6;0.0
978;2021-02-10;27;1;239;2;0.7;0.0
978;2021-02-11;0;0;239;2;0.7;0.0
978;2021-02-12;36;0;275;2;0.8;0.0
978;2021-02-13;0;0;275;2;0.8;0.0
978;2021-02-14;0;0;275;2;0.8;0.0
978;2021-02-15;50;1;325;3;0.9;0.0
978;2021-02-16;0;0;325;3;0.9;0.0
978;2021-02-17;0;0;325;3;0.9;0.0
978;2021-02-18;28;0;353;3;1.0;0.0
978;2021-02-19;44;0;397;3;1.1;0.0
978;2021-02-20;0;0;397;3;1.1;0.0
978;2021-02-21;0;0;397;3;1.1;0.0
978;2021-02-22;45;4;442;7;1.3;0.0
978;2021-02-23;41;29;483;36;1.4;0.1
978;2021-02-24;35;1;518;37;1.5;0.1
978;2021-02-25;55;36;573;73;1.6;0.2
978;2021-02-26;39;5;612;78;1.7;0.2
978;2021-02-27;0;0;612;78;1.7;0.2
978;2021-02-28;0;0;612;78;1.7;0.2
978;2021-03-01;49;5;661;83;1.9;0.2
978;2021-03-02;7;27;668;110;1.9;0.3
978;2021-03-03;52;28;720;138;2.0;0.4
978;2021-03-04;31;26;751;164;2.1;0.5
978;2021-03-05;46;10;797;174;2.3;0.5
978;2021-03-06;0;0;797;174;2.3;0.5
978;2021-03-07;0;0;797;174;2.3;0.5
978;2021-03-08;32;7;829;181;2.3;0.5
978;2021-03-09;19;27;848;208;2.4;0.6
978;2021-03-10;35;28;883;236;2.5;0.7
978;2021-03-11;2;0;885;236;2.5;0.7
978;2021-03-12;52;21;937;257;2.7;0.7
978;2021-03-13;13;0;950;257;2.7;0.7
978;2021-03-14;0;0;950;257;2.7;0.7
978;2021-03-15;31;41;981;298;2.8;0.8
978;2021-03-16;73;6;1054;304;3.0;0.9
978;2021-03-17;67;13;1121;317;3.2;0.9
978;2021-03-18;82;39;1203;356;3.4;1.0
978;2021-03-19;32;50;1235;406;3.5;1.1
978;2021-03-20;0;0;1235;406;3.5;1.1
978;2021-03-21;0;0;1235;406;3.5;1.1
978;2021-03-22;35;45;1270;451;3.6;1.3
978;2021-03-23;30;43;1300;494;3.7;1.4
978;2021-03-24;38;42;1338;536;3.8;1.5
978;2021-03-25;94;34;1432;570;4.1;1.6
978;2021-03-26;45;33;1477;603;4.2;1.7
978;2021-03-27;94;3;1571;606;4.4;1.7
978;2021-03-28;0;0;1571;606;4.4;1.7
978;2021-03-29;69;48;1640;654;4.6;1.9
978;2021-03-30;98;24;1738;678;4.9;1.9
978;2021-03-31;90;49;1828;727;5.2;2.1
978;2021-04-01;57;48;1885;775;5.3;2.2
978;2021-04-02;0;0;1885;775;5.3;2.2
978;2021-04-03;1;0;1886;775;5.3;2.2
978;2021-04-04;0;0;1886;775;5.3;2.2
978;2021-04-05;2;0;1888;775;5.3;2.2
978;2021-04-06;49;63;1937;838;5.5;2.4
978;2021-04-07;92;33;2029;871;5.7;2.5
978;2021-04-08;120;7;2149;878;6.1;2.5
978;2021-04-09;90;39;2239;917;6.3;2.6
978;2021-04-10;169;12;2408;929;6.8;2.6
978;2021-04-11;0;0;2408;929;6.8;2.6
978;2021-04-12;42;75;2450;1004;6.9;2.8
978;2021-04-13;49;71;2499;1075;7.1;3.0
978;2021-04-14;82;45;2581;1120;7.3;3.2
978;2021-04-15;92;23;2673;1143;7.6;3.2
978;2021-04-16;77;42;2750;1185;7.8;3.4
978;2021-04-17;165;4;2915;1189;8.2;3.4
978;2021-04-18;0;0;2915;1189;8.2;3.4
978;2021-04-19;52;67;2967;1256;8.4;3.6
978;2021-04-20;83;27;3050;1283;8.6;3.6
978;2021-04-21;91;29;3141;1312;8.9;3.7
978;2021-04-22;101;20;3242;1332;9.2;3.8
978;2021-04-23;45;66;3287;1398;9.3;4.0
978;2021-04-24;99;78;3386;1476;9.6;4.2
978;2021-04-25;0;0;3386;1476;9.6;4.2
978;2021-04-26;29;91;3415;1567;9.7;4.4
978;2021-04-27;59;63;3474;1630;9.8;4.6
978;2021-04-28;92;39;3566;1669;10.1;4.7
978;2021-04-29;89;32;3655;1701;10.3;4.8
978;2021-04-30;104;14;3759;1715;10.6;4.9
978;2021-05-01;0;8;3759;1723;10.6;4.9
978;2021-05-02;0;0;3759;1723;10.6;4.9
978;2021-05-03;25;99;3784;1822;10.7;5.2
978;2021-05-04;159;102;3943;1924;11.2;5.4
978;2021-05-05;142;59;4085;1983;11.6;5.6
978;2021-05-06;200;49;4285;2032;12.1;5.8
978;2021-05-07;127;71;4412;2103;12.5;6.0
978;2021-05-08;69;122;4481;2225;12.7;6.3
978;2021-05-09;0;0;4481;2225;12.7;6.3
978;2021-05-10;124;99;4605;2324;13.0;6.6
978;2021-05-11;132;72;4737;2396;13.4;6.8
978;2021-05-12;156;78;4893;2474;13.8;7.0
978;2021-05-13;83;6;4976;2480;14.1;7.0
978;2021-05-14;130;62;5106;2542;14.5;7.2
978;2021-05-15;87;4;5193;2546;14.7;7.2
978;2021-05-16;0;0;5193;2546;14.7;7.2
978;2021-05-17;146;115;5339;2661;15.1;7.5
978;2021-05-18;151;94;5490;2755;15.5;7.8
978;2021-05-19;84;69;5574;2824;15.8;8.0
978;2021-05-20;104;26;5678;2850;16.1;8.1
978;2021-05-21;98;52;5776;2902;16.3;8.2
978;2021-05-22;100;11;5876;2913;16.6;8.2
978;2021-05-23;0;0;5876;2913;16.6;8.2
978;2021-05-24;33;7;5909;2920;16.7;8.3
978;2021-05-25;119;78;6028;2998;17.1;8.5
978;2021-05-26;109;49;6137;3047;17.4;8.6
978;2021-05-27;112;42;6249;3089;17.7;8.7
978;2021-05-28;33;1;6282;3090;17.8;8.7
978;2021-05-29;60;213;6342;3303;17.9;9.3
978;2021-05-30;0;0;6342;3303;17.9;9.3
978;2021-05-31;112;63;6454;3366;18.3;9.5
978;2021-06-01;116;62;6570;3428;18.6;9.7
978;2021-06-02;131;33;6701;3461;19.0;9.8
978;2021-06-03;102;38;6803;3499;19.3;9.9
978;2021-06-04;128;70;6931;3569;19.6;10.1
978;2021-06-05;83;21;7014;3590;19.9;10.2
978;2021-06-06;0;0;7014;3590;19.9;10.2
978;2021-06-07;96;96;7110;3686;20.1;10.4
978;2021-06-08;82;89;7192;3775;20.4;10.7
978;2021-06-09;99;73;7291;3848;20.6;10.9
978;2021-06-10;112;63;7403;3911;21.0;11.1
978;2021-06-11;117;106;7520;4017;21.3;11.4
978;2021-06-12;57;30;7577;4047;21.4;11.5
978;2021-06-13;0;0;7577;4047;21.4;11.5
978;2021-06-14;106;127;7683;4174;21.7;11.8
978;2021-06-15;88;120;7771;4294;22.0;12.2
978;2021-06-16;105;148;7876;4442;22.3;12.6
978;2021-06-17;85;72;7961;4514;22.5;12.8
978;2021-06-18;67;99;8028;4613;22.7;13.1
978;2021-06-19;65;79;8093;4692;22.9;13.3
978;2021-06-20;0;0;8093;4692;22.9;13.3
978;2021-06-21;78;150;8171;4842;23.1;13.7
978;2021-06-22;71;103;8242;4945;23.3;14.0
978;2021-06-23;68;115;8310;5060;23.5;14.3
978;2021-06-24;44;75;8354;5135;23.6;14.5
978;2021-06-25;63;100;8417;5235;23.8;14.8
978;2021-06-26;35;61;8452;5296;23.9;15.0
978;2021-06-27;0;0;8452;5296;23.9;15.0
978;2021-06-28;74;131;8526;5427;24.1;15.4
978;2021-06-29;62;104;8588;5531;24.3;15.7
978;2021-06-30;56;110;8644;5641;24.5;16.0
978;2021-07-01;42;87;8686;5728;24.6;16.2
978;2021-07-02;52;91;8738;5819;24.7;16.5
978;2021-07-03;40;90;8778;5909;24.8;16.7
978;2021-07-04;0;1;8778;5910;24.8;16.7
978;2021-07-05;67;93;8845;6003;25.0;17.0
978;2021-07-06;55;75;8900;6078;25.2;17.2
978;2021-07-07;55;123;8955;6201;25.3;17.5
978;2021-07-08;54;107;9009;6308;25.5;17.9
978;2021-07-09;46;92;9055;6400;25.6;18.1
978;2021-07-10;38;85;9093;6485;25.7;18.4
978;2021-07-11;0;4;9093;6489;25.7;18.4
978;2021-07-12;71;130;9164;6619;25.9;18.7
978;2021-07-13;146;162;9310;6781;26.3;19.2
978;2021-07-14;3;0;9313;6781;26.4;19.2
978;2021-07-15;162;195;9475;6976;26.8;19.7
978;2021-07-16;113;113;9588;7089;27.1;20.1
978;2021-07-17;52;100;9640;7189;27.3;20.3
978;2021-07-18;0;0;9640;7189;27.3;20.3
978;2021-07-19;98;133;9738;7322;27.6;20.7
978;2021-07-20;80;74;9818;7396;27.8;20.9
978;2021-07-21;63;50;9881;7446;28.0;21.1
978;2021-07-22;99;115;9980;7561;28.2;21.4
978;2021-07-23;67;100;10047;7661;28.4;21.7
978;2021-07-24;20;35;10067;7696;28.5;21.8
978;2021-07-25;0;0;10067;7696;28.5;21.8
978;2021-07-26;94;116;10161;7812;28.8;22.1
978;2021-07-27;67;145;10228;7957;28.9;22.5
978;2021-07-28;72;127;10300;8084;29.2;22.9
978;2021-07-29;80;98;10380;8182;29.4;23.2
978;2021-07-30;82;116;10462;8298;29.6;23.5
978;2021-07-31;48;67;10510;8365;29.7;23.7
978;2021-08-01;0;0;10510;8365;29.7;23.7
978;2021-08-02;65;95;10575;8460;29.9;23.9
978;2021-08-03;60;94;10635;8554;30.1;24.2
978;2021-08-04;63;55;10698;8609;30.3;24.4
978;2021-08-05;48;70;10746;8679;30.4;24.6
978;2021-08-06;74;128;10820;8807;30.6;24.9
978;2021-08-07;43;44;10863;8851;30.7;25.0
978;2021-08-08;0;0;10863;8851;30.7;25.0
978;2021-08-09;138;150;11001;9001;31.1;25.5
978;2021-08-10;82;93;11083;9094;31.4;25.7
978;2021-08-11;106;100;11189;9194;31.7;26.0
978;2021-08-12;99;99;11288;9293;31.9;26.3
978;2021-08-13;131;74;11419;9367;32.3;26.5
978;2021-08-14;73;98;11492;9465;32.5;26.8
978;2021-08-15;0;0;11492;9465;32.5;26.8
978;2021-08-16;45;69;11537;9534;32.7;27.0
