dep;jour;n_dose1;n_complet;n_cum_dose1;n_cum_complet;couv_dose1;couv_complet
01;2020-12-27;2;0;2;0;0.0;0.0
01;2020-12-28;0;0;2;0;0.0;0.0
01;2020-12-29;0;0;2;0;0.0;0.0
01;2020-12-30;0;0;2;0;0.0;0.0
01;2020-12-31;0;0;2;0;0.0;0.0
01;2021-01-01;2;0;4;0;0.0;0.0
01;2021-01-02;1;0;5;0;0.0;0.0
01;2021-01-03;0;0;5;0;0.0;0.0
01;2021-01-04;2;0;7;0;0.0;0.0
01;2021-01-05;2;0;9;0;0.0;0.0
01;2021-01-06;1;0;10;0;0.0;0.0
01;2021-01-07;67;0;77;0;0.0;0.0
01;2021-01-08;159;1;236;1;0.0;0.0
01;2021-01-09;2;1;238;2;0.0;0.0
01;2021-01-10;1;0;239;2;0.0;0.0
01;2021-01-11;148;0;387;2;0.1;0.0
01;2021-01-12;318;2;705;4;0.1;0.0
01;2021-01-13;445;1;1150;5;0.2;0.0
01;2021-01-14;530;3;1680;8;0.3;0.0
01;2021-01-15;398;4;2078;12;0.3;0.0
01;2021-01-16;202;0;2280;12;0.3;0.0
01;2021-01-17;128;0;2408;12;0.4;0.0
01;2021-01-18;380;3;2788;15;0.4;0.0
01;2021-01-19;1041;2;3829;17;0.6;0.0
01;2021-01-20;1262;4;5091;21;0.8;0.0
01;2021-01-21;1101;6;6192;27;0.9;0.0
01;2021-01-22;651;4;6843;31;1.0;0.0
01;2021-01-23;223;0;7066;31;1.1;0.0
01;2021-01-24;70;1;7136;32;1.1;0.0
01;2021-01-25;485;1;7621;33;1.2;0.0
01;2021-01-26;745;5;8366;38;1.3;0.0
01;2021-01-27;518;7;8884;45;1.4;0.0
01;2021-01-28;682;57;9566;102;1.5;0.0
01;2021-01-29;640;102;10206;204;1.6;0.0
01;2021-01-30;237;15;10443;219;1.6;0.0
01;2021-01-31;62;0;10505;219;1.6;0.0
01;2021-02-01;459;73;10964;292;1.7;0.0
01;2021-02-02;519;185;11483;477;1.7;0.1
01;2021-02-03;376;300;11859;777;1.8;0.1
01;2021-02-04;480;417;12339;1194;1.9;0.2
01;2021-02-05;444;281;12783;1475;1.9;0.2
01;2021-02-06;264;143;13047;1618;2.0;0.2
01;2021-02-07;2;111;13049;1729;2.0;0.3
01;2021-02-08;506;404;13555;2133;2.1;0.3
01;2021-02-09;776;857;14331;2990;2.2;0.5
01;2021-02-10;957;720;15288;3710;2.3;0.6
01;2021-02-11;795;774;16083;4484;2.4;0.7
01;2021-02-12;640;552;16723;5036;2.5;0.8
01;2021-02-13;161;151;16884;5187;2.6;0.8
01;2021-02-14;2;9;16886;5196;2.6;0.8
01;2021-02-15;438;445;17324;5641;2.6;0.9
01;2021-02-16;660;422;17984;6063;2.7;0.9
01;2021-02-17;524;251;18508;6314;2.8;1.0
01;2021-02-18;592;570;19100;6884;2.9;1.0
01;2021-02-19;580;249;19680;7133;3.0;1.1
01;2021-02-20;201;154;19881;7287;3.0;1.1
01;2021-02-21;1;1;19882;7288;3.0;1.1
01;2021-02-22;429;557;20311;7845;3.1;1.2
01;2021-02-23;483;523;20794;8368;3.2;1.3
01;2021-02-24;435;462;21229;8830;3.2;1.3
01;2021-02-25;827;610;22056;9440;3.4;1.4
01;2021-02-26;874;545;22930;9985;3.5;1.5
01;2021-02-27;480;118;23410;10103;3.6;1.5
01;2021-02-28;20;3;23430;10106;3.6;1.5
01;2021-03-01;636;460;24066;10566;3.7;1.6
01;2021-03-02;964;561;25030;11127;3.8;1.7
01;2021-03-03;945;669;25975;11796;4.0;1.8
01;2021-03-04;1198;646;27173;12442;4.1;1.9
01;2021-03-05;1356;501;28529;12943;4.3;2.0
01;2021-03-06;781;102;29310;13045;4.5;2.0
01;2021-03-07;44;1;29354;13046;4.5;2.0
01;2021-03-08;670;627;30024;13673;4.6;2.1
01;2021-03-09;1341;618;31365;14291;4.8;2.2
01;2021-03-10;1163;560;32528;14851;5.0;2.3
01;2021-03-11;1686;645;34214;15496;5.2;2.4
01;2021-03-12;2008;648;36222;16144;5.5;2.5
01;2021-03-13;1502;102;37724;16246;5.7;2.5
01;2021-03-14;134;59;37858;16305;5.8;2.5
01;2021-03-15;1154;407;39012;16712;5.9;2.5
01;2021-03-16;1014;566;40026;17278;6.1;2.6
01;2021-03-17;839;347;40865;17625;6.2;2.7
01;2021-03-18;1295;475;42160;18100;6.4;2.8
01;2021-03-19;1750;548;43910;18648;6.7;2.8
01;2021-03-20;1447;137;45357;18785;6.9;2.9
01;2021-03-21;99;11;45456;18796;6.9;2.9
01;2021-03-22;1576;493;47032;19289;7.2;2.9
01;2021-03-23;2197;655;49229;19944;7.5;3.0
01;2021-03-24;1616;421;50845;20365;7.7;3.1
01;2021-03-25;2911;636;53756;21001;8.2;3.2
01;2021-03-26;2871;617;56627;21618;8.6;3.3
01;2021-03-27;1311;164;57938;21782;8.8;3.3
01;2021-03-28;22;1;57960;21783;8.8;3.3
01;2021-03-29;1930;548;59890;22331;9.1;3.4
01;2021-03-30;2515;780;62405;23111;9.5;3.5
01;2021-03-31;1869;630;64274;23741;9.8;3.6
01;2021-04-01;2569;860;66843;24601;10.2;3.7
01;2021-04-02;2818;733;69661;25334;10.6;3.9
01;2021-04-03;1256;137;70917;25471;10.8;3.9
01;2021-04-04;3;1;70920;25472;10.8;3.9
01;2021-04-05;1261;67;72181;25539;11.0;3.9
01;2021-04-06;2825;801;75006;26340;11.4;4.0
01;2021-04-07;2741;710;77747;27050;11.8;4.1
01;2021-04-08;3245;1007;80992;28057;12.3;4.3
01;2021-04-09;3983;1336;84975;29393;12.9;4.5
01;2021-04-10;1823;305;86798;29698;13.2;4.5
01;2021-04-11;44;22;86842;29720;13.2;4.5
01;2021-04-12;2716;1228;89558;30948;13.6;4.7
01;2021-04-13;2944;1332;92502;32280;14.1;4.9
01;2021-04-14;3126;1083;95628;33363;14.6;5.1
01;2021-04-15;3074;1484;98702;34847;15.0;5.3
01;2021-04-16;2861;1585;101563;36432;15.5;5.5
01;2021-04-17;1654;682;103217;37114;15.7;5.6
01;2021-04-18;13;0;103230;37114;15.7;5.6
01;2021-04-19;2039;1524;105269;38638;16.0;5.9
01;2021-04-20;2668;1574;107937;40212;16.4;6.1
01;2021-04-21;2690;1352;110627;41564;16.8;6.3
01;2021-04-22;2835;1531;113462;43095;17.3;6.6
01;2021-04-23;2765;1535;116227;44630;17.7;6.8
01;2021-04-24;1448;656;117675;45286;17.9;6.9
01;2021-04-25;9;0;117684;45286;17.9;6.9
01;2021-04-26;1970;1730;119654;47016;18.2;7.2
01;2021-04-27;2572;1559;122226;48575;18.6;7.4
01;2021-04-28;2500;1577;124726;50152;19.0;7.6
01;2021-04-29;2716;1775;127442;51927;19.4;7.9
01;2021-04-30;2982;2252;130424;54179;19.9;8.2
01;2021-05-01;1473;859;131897;55038;20.1;8.4
01;2021-05-02;545;76;132442;55114;20.2;8.4
01;2021-05-03;2296;2482;134738;57596;20.5;8.8
01;2021-05-04;2539;2643;137277;60239;20.9;9.2
01;2021-05-05;2527;2503;139804;62742;21.3;9.6
01;2021-05-06;2995;2530;142799;65272;21.7;9.9
01;2021-05-07;3215;2779;146014;68051;22.2;10.4
01;2021-05-08;1645;922;147659;68973;22.5;10.5
01;2021-05-09;1022;162;148681;69135;22.6;10.5
01;2021-05-10;2500;3071;151181;72206;23.0;11.0
01;2021-05-11;3581;3066;154762;75272;23.6;11.5
01;2021-05-12;3652;3005;158414;78277;24.1;11.9
01;2021-05-13;4089;1503;162503;79780;24.7;12.1
01;2021-05-14;4272;2347;166775;82127;25.4;12.5
01;2021-05-15;3159;1435;169934;83562;25.9;12.7
01;2021-05-16;1413;150;171347;83712;26.1;12.7
01;2021-05-17;3445;2469;174792;86181;26.6;13.1
01;2021-05-18;4075;1959;178867;88140;27.2;13.4
01;2021-05-19;3974;1904;182841;90044;27.8;13.7
01;2021-05-20;4526;2017;187367;92061;28.5;14.0
01;2021-05-21;4621;2198;191988;94259;29.2;14.3
01;2021-05-22;3368;955;195356;95214;29.7;14.5
01;2021-05-23;834;84;196190;95298;29.9;14.5
01;2021-05-24;2765;500;198955;95798;30.3;14.6
01;2021-05-25;3560;2430;202515;98228;30.8;15.0
01;2021-05-26;3569;2252;206084;100480;31.4;15.3
01;2021-05-27;3853;2097;209937;102577;32.0;15.6
01;2021-05-28;3664;2638;213601;105215;32.5;16.0
01;2021-05-29;3055;1305;216656;106520;33.0;16.2
01;2021-05-30;613;88;217269;106608;33.1;16.2
01;2021-05-31;2407;2521;219676;109129;33.4;16.6
01;2021-06-01;2771;2591;222447;111720;33.9;17.0
01;2021-06-02;2883;2203;225330;113923;34.3;17.3
01;2021-06-03;3366;2441;228696;116364;34.8;17.7
01;2021-06-04;4501;3373;233197;119737;35.5;18.2
01;2021-06-05;3252;1732;236449;121469;36.0;18.5
01;2021-06-06;670;78;237119;121547;36.1;18.5
01;2021-06-07;3389;2875;240508;124422;36.6;18.9
01;2021-06-08;3649;2719;244157;127141;37.2;19.4
01;2021-06-09;2948;2637;247105;129778;37.6;19.8
01;2021-06-10;2767;2043;249872;131821;38.0;20.1
01;2021-06-11;3072;3368;252944;135189;38.5;20.6
01;2021-06-12;2402;2197;255346;137386;38.9;20.9
01;2021-06-13;201;479;255547;137865;38.9;21.0
01;2021-06-14;2119;3162;257666;141027;39.2;21.5
01;2021-06-15;2005;3368;259671;144395;39.5;22.0
01;2021-06-16;2175;3287;261846;147682;39.9;22.5
01;2021-06-17;1959;3174;263805;150856;40.2;23.0
01;2021-06-18;2635;4163;266440;155019;40.6;23.6
01;2021-06-19;1727;2556;268167;157575;40.8;24.0
01;2021-06-20;159;498;268326;158073;40.8;24.1
01;2021-06-21;1798;3704;270124;161777;41.1;24.6
01;2021-06-22;1552;4002;271676;165779;41.4;25.2
01;2021-06-23;1583;3754;273259;169533;41.6;25.8
01;2021-06-24;1471;3565;274730;173098;41.8;26.3
01;2021-06-25;1889;4566;276619;177664;42.1;27.0
01;2021-06-26;1209;2946;277828;180610;42.3;27.5
01;2021-06-27;171;339;277999;180949;42.3;27.5
01;2021-06-28;1382;4024;279381;184973;42.5;28.2
01;2021-06-29;1409;3853;280790;188826;42.7;28.7
01;2021-06-30;1381;4157;282171;192983;43.0;29.4
01;2021-07-01;1431;4088;283602;197071;43.2;30.0
01;2021-07-02;1587;4987;285189;202058;43.4;30.8
01;2021-07-03;858;3374;286047;205432;43.5;31.3
01;2021-07-04;105;499;286152;205931;43.6;31.3
01;2021-07-05;1486;4082;287638;210013;43.8;32.0
01;2021-07-06;1105;4275;288743;214288;44.0;32.6
01;2021-07-07;1757;3697;290500;217985;44.2;33.2
01;2021-07-08;1474;3677;291974;221662;44.4;33.7
01;2021-07-09;1885;4364;293859;226026;44.7;34.4
01;2021-07-10;1119;3438;294978;229464;44.9;34.9
01;2021-07-11;105;418;295083;229882;44.9;35.0
01;2021-07-12;1422;3844;296505;233726;45.1;35.6
01;2021-07-13;2058;4116;298563;237842;45.4;36.2
01;2021-07-14;148;179;298711;238021;45.5;36.2
01;2021-07-15;3104;4191;301815;242212;45.9;36.9
01;2021-07-16;3745;4838;305560;247050;46.5;37.6
01;2021-07-17;2203;3044;307763;250094;46.8;38.1
01;2021-07-18;290;551;308053;250645;46.9;38.2
01;2021-07-19;2915;3871;310968;254516;47.3;38.7
01;2021-07-20;3296;3694;314264;258210;47.8;39.3
01;2021-07-21;3935;3569;318199;261779;48.4;39.8
01;2021-07-22;4219;3496;322418;265275;49.1;40.4
01;2021-07-23;3942;4221;326360;269496;49.7;41.0
01;2021-07-24;2731;2713;329091;272209;50.1;41.4
01;2021-07-25;61;60;329152;272269;50.1;41.4
01;2021-07-26;3346;3240;332498;275509;50.6;41.9
01;2021-07-27;4105;2791;336603;278300;51.2;42.4
01;2021-07-28;3989;2652;340592;280952;51.8;42.8
01;2021-07-29;4696;2438;345288;283390;52.6;43.1
01;2021-07-30;4458;3431;349746;286821;53.2;43.7
01;2021-07-31;3641;1773;353387;288594;53.8;43.9
01;2021-08-01;397;76;353784;288670;53.9;43.9
01;2021-08-02;3078;2455;356862;291125;54.3;44.3
01;2021-08-03;3069;2456;359931;293581;54.8;44.7
01;2021-08-04;2543;1737;362474;295318;55.2;45.0
01;2021-08-05;2247;2364;364721;297682;55.5;45.3
01;2021-08-06;2749;3114;367470;300796;55.9;45.8
01;2021-08-07;2071;1837;369541;302633;56.3;46.1
01;2021-08-08;248;258;369789;302891;56.3;46.1
01;2021-08-09;1136;2633;370925;305524;56.5;46.5
01;2021-08-10;1445;2412;372370;307936;56.7;46.9
01;2021-08-11;1472;2596;373842;310532;56.9;47.3
01;2021-08-12;1626;2829;375468;313361;57.2;47.7
01;2021-08-13;1814;2728;377282;316089;57.4;48.1
01;2021-08-14;1392;2233;378674;318322;57.6;48.5
01;2021-08-15;18;21;378692;318343;57.6;48.5
01;2021-08-16;983;3012;379675;321355;57.8;48.9
01;2021-08-17;1355;2761;381030;324116;58.0;49.3
01;2021-08-18;1257;2907;382287;327023;58.2;49.8
01;2021-08-19;1301;2425;383588;329448;58.4;50.1
01;2021-08-20;1458;3951;385046;333399;58.6;50.7
01;2021-08-21;883;2848;385929;336247;58.7;51.2
01;2021-08-22;19;20;385948;336267;58.7;51.2
01;2021-08-23;1115;3019;387063;339286;58.9;51.6
01;2021-08-24;1229;3153;388292;342439;59.1;52.1
01;2021-08-25;1124;2993;389416;345432;59.3;52.6
01;2021-08-26;1649;2740;391065;348172;59.5;53.0
01;2021-08-27;1642;3652;392707;351824;59.8;53.6
01;2021-08-28;1044;2591;393751;354415;59.9;53.9
01;2021-08-29;16;31;393767;354446;59.9;54.0
01;2021-08-30;1187;2708;394954;357154;60.1;54.4
01;2021-08-31;1092;1895;396046;359049;60.3;54.7
01;2021-09-01;923;1697;396969;360746;60.4;54.9
01;2021-09-02;805;1523;397774;362269;60.5;55.1
01;2021-09-03;1130;2196;398904;364465;60.7;55.5
01;2021-09-04;796;1898;399700;366363;60.8;55.8
01;2021-09-05;97;60;399797;366423;60.9;55.8
01;2021-09-06;651;1093;400448;367516;61.0;55.9
01;2021-09-07;578;1020;401026;368536;61.0;56.1
01;2021-09-08;815;1390;401841;369926;61.2;56.3
01;2021-09-09;770;1130;402611;371056;61.3;56.5
01;2021-09-10;1047;1558;403658;372614;61.4;56.7
01;2021-09-11;736;1432;404394;374046;61.6;56.9
01;2021-09-12;25;38;404419;374084;61.6;56.9
01;2021-09-13;577;998;404996;375082;61.6;57.1
01;2021-09-14;619;992;405615;376074;61.7;57.2
01;2021-09-15;723;1447;406338;377521;61.9;57.5
01;2021-09-16;491;922;406829;378443;61.9;57.6
01;2021-09-17;756;1392;407585;379835;62.0;57.8
01;2021-09-18;377;1205;407962;381040;62.1;58.0
01;2021-09-19;9;10;407971;381050;62.1;58.0
01;2021-09-20;373;636;408344;381686;62.2;58.1
01;2021-09-21;383;701;408727;382387;62.2;58.2
01;2021-09-22;347;899;409074;383286;62.3;58.3
01;2021-09-23;295;658;409369;383944;62.3;58.4
01;2021-09-24;402;945;409771;384889;62.4;58.6
01;2021-09-25;307;955;410078;385844;62.4;58.7
01;2021-09-26;2;24;410080;385868;62.4;58.7
01;2021-09-27;174;557;410254;386425;62.4;58.8
01;2021-09-28;310;1194;410564;387619;62.5;59.0
01;2021-09-29;464;1281;411028;388900;62.6;59.2
01;2021-09-30;347;831;411375;389731;62.6;59.3
01;2021-10-01;464;1076;411839;390807;62.7;59.5
01;2021-10-02;396;1307;412235;392114;62.7;59.7
01;2021-10-03;0;0;412235;392114;62.7;59.7
01;2021-10-04;195;512;412430;392626;62.8;59.8
01;2021-10-05;205;535;412635;393161;62.8;59.8
01;2021-10-06;338;743;412973;393904;62.9;60.0
01;2021-10-07;199;490;413172;394394;62.9;60.0
01;2021-10-08;334;720;413506;395114;62.9;60.1
01;2021-10-09;347;696;413853;395810;63.0;60.2
01;2021-10-10;8;18;413861;395828;63.0;60.3
01;2021-10-11;177;403;414038;396231;63.0;60.3
01;2021-10-12;147;326;414185;396557;63.0;60.4
02;2020-12-27;0;0;0;0;0.0;0.0
02;2020-12-28;0;0;0;0;0.0;0.0
02;2020-12-29;0;0;0;0;0.0;0.0
02;2020-12-30;0;0;0;0;0.0;0.0
02;2020-12-31;0;0;0;0;0.0;0.0
02;2021-01-01;0;0;0;0;0.0;0.0
02;2021-01-02;0;0;0;0;0.0;0.0
02;2021-01-03;0;0;0;0;0.0;0.0
02;2021-01-04;0;0;0;0;0.0;0.0
02;2021-01-05;0;0;0;0;0.0;0.0
02;2021-01-06;22;0;22;0;0.0;0.0
02;2021-01-07;261;1;283;1;0.1;0.0
02;2021-01-08;489;3;772;4;0.1;0.0
02;2021-01-09;75;0;847;4;0.2;0.0
02;2021-01-10;49;0;896;4;0.2;0.0
02;2021-01-11;267;0;1163;4;0.2;0.0
02;2021-01-12;354;1;1517;5;0.3;0.0
02;2021-01-13;469;4;1986;9;0.4;0.0
02;2021-01-14;652;11;2638;20;0.5;0.0
02;2021-01-15;630;8;3268;28;0.6;0.0
02;2021-01-16;333;5;3601;33;0.7;0.0
02;2021-01-17;62;0;3663;33;0.7;0.0
02;2021-01-18;811;10;4474;43;0.9;0.0
02;2021-01-19;941;7;5415;50;1.0;0.0
02;2021-01-20;1431;5;6846;55;1.3;0.0
02;2021-01-21;2605;13;9451;68;1.8;0.0
02;2021-01-22;1420;5;10871;73;2.1;0.0
02;2021-01-23;290;2;11161;75;2.1;0.0
02;2021-01-24;67;0;11228;75;2.1;0.0
02;2021-01-25;432;10;11660;85;2.2;0.0
02;2021-01-26;704;17;12364;102;2.4;0.0
02;2021-01-27;162;3;12526;105;2.4;0.0
02;2021-01-28;69;246;12595;351;2.4;0.1
02;2021-01-29;119;418;12714;769;2.4;0.1
02;2021-01-30;4;14;12718;783;2.4;0.1
02;2021-01-31;0;10;12718;793;2.4;0.2
02;2021-02-01;11;211;12729;1004;2.4;0.2
02;2021-02-02;45;329;12774;1333;2.4;0.3
02;2021-02-03;124;338;12898;1671;2.5;0.3
02;2021-02-04;226;357;13124;2028;2.5;0.4
02;2021-02-05;179;413;13303;2441;2.5;0.5
02;2021-02-06;69;176;13372;2617;2.5;0.5
02;2021-02-07;9;0;13381;2617;2.5;0.5
02;2021-02-08;306;433;13687;3050;2.6;0.6
02;2021-02-09;322;680;14009;3730;2.7;0.7
02;2021-02-10;485;1042;14494;4772;2.8;0.9
02;2021-02-11;937;1860;15431;6632;2.9;1.3
02;2021-02-12;885;1119;16316;7751;3.1;1.5
02;2021-02-13;290;129;16606;7880;3.2;1.5
02;2021-02-14;1;5;16607;7885;3.2;1.5
02;2021-02-15;344;681;16951;8566;3.2;1.6
02;2021-02-16;414;561;17365;9127;3.3;1.7
02;2021-02-17;499;631;17864;9758;3.4;1.9
02;2021-02-18;507;446;18371;10204;3.5;1.9
02;2021-02-19;444;569;18815;10773;3.6;2.0
02;2021-02-20;372;234;19187;11007;3.6;2.1
02;2021-02-21;39;17;19226;11024;3.7;2.1
02;2021-02-22;377;317;19603;11341;3.7;2.2
02;2021-02-23;432;362;20035;11703;3.8;2.2
02;2021-02-24;600;146;20635;11849;3.9;2.3
02;2021-02-25;870;137;21505;11986;4.1;2.3
02;2021-02-26;808;76;22313;12062;4.2;2.3
02;2021-02-27;444;16;22757;12078;4.3;2.3
02;2021-02-28;55;2;22812;12080;4.3;2.3
02;2021-03-01;638;26;23450;12106;4.5;2.3
02;2021-03-02;1031;130;24481;12236;4.7;2.3
02;2021-03-03;754;204;25235;12440;4.8;2.4
02;2021-03-04;1161;658;26396;13098;5.0;2.5
02;2021-03-05;1049;510;27445;13608;5.2;2.6
02;2021-03-06;2141;102;29586;13710;5.6;2.6
02;2021-03-07;1504;55;31090;13765;5.9;2.6
02;2021-03-08;574;371;31664;14136;6.0;2.7
02;2021-03-09;997;406;32661;14542;6.2;2.8
02;2021-03-10;895;476;33556;15018;6.4;2.9
02;2021-03-11;1294;392;34850;15410;6.6;2.9
02;2021-03-12;1706;419;36556;15829;6.9;3.0
02;2021-03-13;2592;250;39148;16079;7.4;3.1
02;2021-03-14;1458;45;40606;16124;7.7;3.1
02;2021-03-15;612;457;41218;16581;7.8;3.2
02;2021-03-16;862;407;42080;16988;8.0;3.2
02;2021-03-17;759;456;42839;17444;8.1;3.3
02;2021-03-18;610;624;43449;18068;8.3;3.4
02;2021-03-19;1171;304;44620;18372;8.5;3.5
02;2021-03-20;2429;163;47049;18535;8.9;3.5
02;2021-03-21;1488;84;48537;18619;9.2;3.5
02;2021-03-22;762;497;49299;19116;9.4;3.6
02;2021-03-23;1195;552;50494;19668;9.6;3.7
02;2021-03-24;1582;506;52076;20174;9.9;3.8
02;2021-03-25;1693;599;53769;20773;10.2;3.9
02;2021-03-26;2412;498;56181;21271;10.7;4.0
02;2021-03-27;2494;141;58675;21412;11.2;4.1
02;2021-03-28;638;15;59313;21427;11.3;4.1
02;2021-03-29;1038;861;60351;22288;11.5;4.2
02;2021-03-30;1553;846;61904;23134;11.8;4.4
02;2021-03-31;1298;717;63202;23851;12.0;4.5
02;2021-04-01;1290;865;64492;24716;12.3;4.7
02;2021-04-02;1183;1231;65675;25947;12.5;4.9
02;2021-04-03;2644;853;68319;26800;13.0;5.1
02;2021-04-04;727;240;69046;27040;13.1;5.1
02;2021-04-05;1509;134;70555;27174;13.4;5.2
02;2021-04-06;1539;859;72094;28033;13.7;5.3
02;2021-04-07;1872;780;73966;28813;14.1;5.5
02;2021-04-08;1919;1111;75885;29924;14.4;5.7
02;2021-04-09;2432;1099;78317;31023;14.9;5.9
02;2021-04-10;2430;1216;80747;32239;15.3;6.1
02;2021-04-11;475;418;81222;32657;15.4;6.2
02;2021-04-12;1823;635;83045;33292;15.8;6.3
02;2021-04-13;1601;928;84646;34220;16.1;6.5
02;2021-04-14;2583;979;87229;35199;16.6;6.7
02;2021-04-15;2494;781;89723;35980;17.1;6.8
02;2021-04-16;2439;1132;92162;37112;17.5;7.1
02;2021-04-17;1890;2148;94052;39260;17.9;7.5
02;2021-04-18;270;814;94322;40074;17.9;7.6
02;2021-04-19;1158;636;95480;40710;18.2;7.7
02;2021-04-20;1674;767;97154;41477;18.5;7.9
02;2021-04-21;1550;996;98704;42473;18.8;8.1
02;2021-04-22;1749;708;100453;43181;19.1;8.2
02;2021-04-23;1930;1417;102383;44598;19.5;8.5
02;2021-04-24;1714;1646;104097;46244;19.8;8.8
02;2021-04-25;462;235;104559;46479;19.9;8.8
02;2021-04-26;1339;564;105898;47043;20.1;8.9
02;2021-04-27;1627;1098;107525;48141;20.4;9.2
02;2021-04-28;1592;1440;109117;49581;20.7;9.4
02;2021-04-29;1889;1183;111006;50764;21.1;9.7
02;2021-04-30;2716;1661;113722;52425;21.6;10.0
02;2021-05-01;1991;1235;115713;53660;22.0;10.2
02;2021-05-02;1982;424;117695;54084;22.4;10.3
02;2021-05-03;2224;987;119919;55071;22.8;10.5
02;2021-05-04;1522;1317;121441;56388;23.1;10.7
02;2021-05-05;2327;1843;123768;58231;23.5;11.1
02;2021-05-06;2122;1740;125890;59971;23.9;11.4
02;2021-05-07;2357;2183;128247;62154;24.4;11.8
02;2021-05-08;2917;951;131164;63105;24.9;12.0
02;2021-05-09;1823;424;132987;63529;25.3;12.1
02;2021-05-10;2375;1485;135362;65014;25.7;12.4
02;2021-05-11;2878;1579;138240;66593;26.3;12.7
02;2021-05-12;2675;1628;140915;68221;26.8;13.0
02;2021-05-13;2990;1039;143905;69260;27.4;13.2
02;2021-05-14;3381;1209;147286;70469;28.0;13.4
02;2021-05-15;4374;1086;151660;71555;28.8;13.6
02;2021-05-16;2795;212;154455;71767;29.4;13.6
02;2021-05-17;2147;665;156602;72432;29.8;13.8
02;2021-05-18;2634;979;159236;73411;30.3;14.0
02;2021-05-19;2852;1001;162088;74412;30.8;14.1
02;2021-05-20;3553;1234;165641;75646;31.5;14.4
02;2021-05-21;3818;1075;169459;76721;32.2;14.6
02;2021-05-22;5845;970;175304;77691;33.3;14.8
02;2021-05-23;2658;240;177962;77931;33.8;14.8
02;2021-05-24;3541;544;181503;78475;34.5;14.9
02;2021-05-25;2257;1164;183760;79639;34.9;15.1
02;2021-05-26;3079;1498;186839;81137;35.5;15.4
02;2021-05-27;3649;1493;190488;82630;36.2;15.7
02;2021-05-28;3515;1586;194003;84216;36.9;16.0
02;2021-05-29;4078;1573;198081;85789;37.7;16.3
02;2021-05-30;1449;187;199530;85976;37.9;16.3
02;2021-05-31;2575;1196;202105;87172;38.4;16.6
02;2021-06-01;2870;1870;204975;89042;39.0;16.9
02;2021-06-02;3160;1656;208135;90698;39.6;17.2
02;2021-06-03;2854;1841;210989;92539;40.1;17.6
02;2021-06-04;3142;2063;214131;94602;40.7;18.0
02;2021-06-05;3441;1736;217572;96338;41.4;18.3
02;2021-06-06;1736;259;219308;96597;41.7;18.4
02;2021-06-07;1613;1501;220921;98098;42.0;18.6
02;2021-06-08;2061;1848;222982;99946;42.4;19.0
02;2021-06-09;2057;1653;225039;101599;42.8;19.3
02;2021-06-10;2011;1843;227050;103442;43.2;19.7
02;2021-06-11;2193;3073;229243;106515;43.6;20.2
02;2021-06-12;2311;2598;231554;109113;44.0;20.7
02;2021-06-13;683;1387;232237;110500;44.1;21.0
02;2021-06-14;1049;2392;233286;112892;44.3;21.5
02;2021-06-15;1518;2462;234804;115354;44.6;21.9
02;2021-06-16;1534;2749;236338;118103;44.9;22.5
02;2021-06-17;1782;2860;238120;120963;45.3;23.0
02;2021-06-18;2312;3573;240432;124536;45.7;23.7
02;2021-06-19;1841;3823;242273;128359;46.1;24.4
02;2021-06-20;645;1523;242918;129882;46.2;24.7
02;2021-06-21;806;3190;243724;133072;46.3;25.3
02;2021-06-22;1155;3668;244879;136740;46.6;26.0
02;2021-06-23;1226;3589;246105;140329;46.8;26.7
02;2021-06-24;1327;3150;247432;143479;47.0;27.3
02;2021-06-25;1399;4545;248831;148024;47.3;28.1
02;2021-06-26;1345;4228;250176;152252;47.6;28.9
02;2021-06-27;600;2333;250776;154585;47.7;29.4
02;2021-06-28;877;3021;251653;157606;47.8;30.0
02;2021-06-29;919;2929;252572;160535;48.0;30.5
02;2021-06-30;1510;3162;254082;163697;48.3;31.1
02;2021-07-01;1193;3592;255275;167289;48.5;31.8
02;2021-07-02;1358;5136;256633;172425;48.8;32.8
02;2021-07-03;999;5989;257632;178414;49.0;33.9
02;2021-07-04;509;2370;258141;180784;49.1;34.4
02;2021-07-05;661;3937;258802;184721;49.2;35.1
02;2021-07-06;675;3045;259477;187766;49.3;35.7
02;2021-07-07;1321;3726;260798;191492;49.6;36.4
02;2021-07-08;1393;3871;262191;195363;49.8;37.1
02;2021-07-09;1283;4221;263474;199584;50.1;37.9
02;2021-07-10;1333;4607;264807;204191;50.3;38.8
02;2021-07-11;480;1967;265287;206158;50.4;39.2
02;2021-07-12;1417;3732;266704;209890;50.7;39.9
02;2021-07-13;2066;3662;268770;213552;51.1;40.6
02;2021-07-14;1753;1599;270523;215151;51.4;40.9
02;2021-07-15;2727;3564;273250;218715;51.9;41.6
02;2021-07-16;3164;4219;276414;222934;52.5;42.4
02;2021-07-17;3561;4230;279975;227164;53.2;43.2
02;2021-07-18;2037;1616;282012;228780;53.6;43.5
02;2021-07-19;3440;3038;285452;231818;54.3;44.1
02;2021-07-20;3501;3306;288953;235124;54.9;44.7
02;2021-07-21;3910;2952;292863;238076;55.7;45.3
02;2021-07-22;3322;2805;296185;240881;56.3;45.8
02;2021-07-23;3205;3559;299390;244440;56.9;46.5
02;2021-07-24;4447;3725;303837;248165;57.8;47.2
02;2021-07-25;2192;1089;306029;249254;58.2;47.4
02;2021-07-26;3874;2252;309903;251506;58.9;47.8
02;2021-07-27;3660;2148;313563;253654;59.6;48.2
02;2021-07-28;3279;2101;316842;255755;60.2;48.6
02;2021-07-29;2583;2225;319425;257980;60.7;49.0
02;2021-07-30;3313;2311;322738;260291;61.4;49.5
02;2021-07-31;4183;2281;326921;262572;62.1;49.9
02;2021-08-01;1475;692;328396;263264;62.4;50.0
02;2021-08-02;2042;1602;330438;264866;62.8;50.3
02;2021-08-03;2530;1903;332968;266769;63.3;50.7
02;2021-08-04;2577;1713;335545;268482;63.8;51.0
02;2021-08-05;1849;2266;337394;270748;64.1;51.5
02;2021-08-06;2101;2741;339495;273489;64.5;52.0
02;2021-08-07;2522;2785;342017;276274;65.0;52.5
02;2021-08-08;1025;1572;343042;277846;65.2;52.8
02;2021-08-09;1909;2749;344951;280595;65.6;53.3
02;2021-08-10;1766;2462;346717;283057;65.9;53.8
02;2021-08-11;1481;2109;348198;285166;66.2;54.2
02;2021-08-12;1205;2332;349403;287498;66.4;54.7
02;2021-08-13;1611;2910;351014;290408;66.7;55.2
02;2021-08-14;1666;3696;352680;294104;67.0;55.9
02;2021-08-15;161;572;352841;294676;67.1;56.0
02;2021-08-16;1282;3755;354123;298431;67.3;56.7
02;2021-08-17;1421;2840;355544;301271;67.6;57.3
02;2021-08-18;1578;3184;357122;304455;67.9;57.9
02;2021-08-19;1134;3218;358256;307673;68.1;58.5
02;2021-08-20;1205;2951;359461;310624;68.3;59.0
02;2021-08-21;1449;4082;360910;314706;68.6;59.8
02;2021-08-22;407;1657;361317;316363;68.7;60.1
02;2021-08-23;1157;3080;362474;319443;68.9;60.7
02;2021-08-24;907;2184;363381;321627;69.1;61.1
02;2021-08-25;1021;2596;364402;324223;69.3;61.6
02;2021-08-26;913;2334;365315;326557;69.4;62.1
02;2021-08-27;965;2615;366280;329172;69.6;62.6
02;2021-08-28;1301;3429;367581;332601;69.9;63.2
02;2021-08-29;328;1171;367909;333772;69.9;63.4
02;2021-08-30;996;2430;368905;336202;70.1;63.9
02;2021-08-31;865;2171;369770;338373;70.3;64.3
02;2021-09-01;708;1422;370478;339795;70.4;64.6
02;2021-09-02;651;1610;371129;341405;70.6;64.9
02;2021-09-03;695;1797;371824;343202;70.7;65.2
02;2021-09-04;857;2760;372681;345962;70.8;65.8
02;2021-09-05;226;455;372907;346417;70.9;65.9
02;2021-09-06;406;901;373313;347318;71.0;66.0
02;2021-09-07;456;1195;373769;348513;71.1;66.3
02;2021-09-08;517;1736;374286;350249;71.2;66.6
02;2021-09-09;443;1176;374729;351425;71.2;66.8
02;2021-09-10;563;1364;375292;352789;71.3;67.1
02;2021-09-11;724;2127;376016;354916;71.5;67.5
02;2021-09-12;91;270;376107;355186;71.5;67.5
02;2021-09-13;425;952;376532;356138;71.6;67.7
02;2021-09-14;413;821;376945;356959;71.7;67.9
02;2021-09-15;447;1306;377392;358265;71.7;68.1
02;2021-09-16;457;832;377849;359097;71.8;68.3
02;2021-09-17;584;936;378433;360033;71.9;68.4
02;2021-09-18;566;2030;378999;362063;72.0;68.8
02;2021-09-19;78;259;379077;362322;72.1;68.9
02;2021-09-20;295;654;379372;362976;72.1;69.0
02;2021-09-21;278;626;379650;363602;72.2;69.1
02;2021-09-22;362;906;380012;364508;72.2;69.3
02;2021-09-23;261;563;380273;365071;72.3;69.4
02;2021-09-24;296;762;380569;365833;72.3;69.5
02;2021-09-25;318;1209;380887;367042;72.4;69.8
02;2021-09-26;33;158;380920;367200;72.4;69.8
02;2021-09-27;139;369;381059;367569;72.4;69.9
02;2021-09-28;156;392;381215;367961;72.5;69.9
02;2021-09-29;228;418;381443;368379;72.5;70.0
02;2021-09-30;238;479;381681;368858;72.6;70.1
02;2021-10-01;350;657;382031;369515;72.6;70.2
02;2021-10-02;390;853;382421;370368;72.7;70.4
02;2021-10-03;36;59;382457;370427;72.7;70.4
02;2021-10-04;155;361;382612;370788;72.7;70.5
02;2021-10-05;175;318;382787;371106;72.8;70.5
02;2021-10-06;256;420;383043;371526;72.8;70.6
02;2021-10-07;231;462;383274;371988;72.9;70.7
02;2021-10-08;313;603;383587;372591;72.9;70.8
02;2021-10-09;323;688;383910;373279;73.0;71.0
02;2021-10-10;30;56;383940;373335;73.0;71.0
02;2021-10-11;163;301;384103;373636;73.0;71.0
02;2021-10-12;135;295;384238;373931;73.0;71.1
03;2020-12-27;0;0;0;0;0.0;0.0
03;2020-12-28;1;0;1;0;0.0;0.0
03;2020-12-29;0;0;1;0;0.0;0.0
03;2020-12-30;1;0;2;0;0.0;0.0
03;2020-12-31;0;0;2;0;0.0;0.0
03;2021-01-01;0;0;2;0;0.0;0.0
03;2021-01-02;0;0;2;0;0.0;0.0
03;2021-01-03;0;0;2;0;0.0;0.0
03;2021-01-04;0;0;2;0;0.0;0.0
03;2021-01-05;0;0;2;0;0.0;0.0
03;2021-01-06;10;0;12;0;0.0;0.0
03;2021-01-07;61;0;73;0;0.0;0.0
03;2021-01-08;146;1;219;1;0.1;0.0
03;2021-01-09;122;0;341;1;0.1;0.0
03;2021-01-10;6;0;347;1;0.1;0.0
03;2021-01-11;412;1;759;2;0.2;0.0
03;2021-01-12;631;0;1390;2;0.4;0.0
03;2021-01-13;669;2;2059;4;0.6;0.0
03;2021-01-14;860;4;2919;8;0.9;0.0
03;2021-01-15;387;3;3306;11;1.0;0.0
03;2021-01-16;278;0;3584;11;1.1;0.0
03;2021-01-17;42;0;3626;11;1.1;0.0
03;2021-01-18;878;0;4504;11;1.4;0.0
03;2021-01-19;1151;2;5655;13;1.7;0.0
03;2021-01-20;1292;4;6947;17;2.1;0.0
03;2021-01-21;1202;5;8149;22;2.5;0.0
03;2021-01-22;1117;6;9266;28;2.8;0.0
03;2021-01-23;465;1;9731;29;2.9;0.0
03;2021-01-24;0;0;9731;29;2.9;0.0
03;2021-01-25;187;0;9918;29;3.0;0.0
03;2021-01-26;680;14;10598;43;3.2;0.0
03;2021-01-27;696;11;11294;54;3.4;0.0
03;2021-01-28;1021;50;12315;104;3.7;0.0
03;2021-01-29;856;83;13171;187;4.0;0.1
03;2021-01-30;600;2;13771;189;4.2;0.1
03;2021-01-31;0;0;13771;189;4.2;0.1
03;2021-02-01;160;76;13931;265;4.2;0.1
03;2021-02-02;767;268;14698;533;4.4;0.2
03;2021-02-03;1056;492;15754;1025;4.8;0.3
03;2021-02-04;1557;644;17311;1669;5.2;0.5
03;2021-02-05;948;318;18259;1987;5.5;0.6
03;2021-02-06;152;13;18411;2000;5.6;0.6
03;2021-02-07;5;0;18416;2000;5.6;0.6
03;2021-02-08;128;56;18544;2056;5.6;0.6
03;2021-02-09;612;448;19156;2504;5.8;0.8
03;2021-02-10;485;344;19641;2848;5.9;0.9
03;2021-02-11;1027;585;20668;3433;6.2;1.0
03;2021-02-12;1078;555;21746;3988;6.6;1.2
03;2021-02-13;126;167;21872;4155;6.6;1.3
03;2021-02-14;0;1;21872;4156;6.6;1.3
03;2021-02-15;309;862;22181;5018;6.7;1.5
03;2021-02-16;548;1166;22729;6184;6.9;1.9
03;2021-02-17;452;1356;23181;7540;7.0;2.3
03;2021-02-18;368;1270;23549;8810;7.1;2.7
03;2021-02-19;497;794;24046;9604;7.3;2.9
03;2021-02-20;128;183;24174;9787;7.3;3.0
03;2021-02-21;2;1;24176;9788;7.3;3.0
03;2021-02-22;158;202;24334;9990;7.3;3.0
03;2021-02-23;720;949;25054;10939;7.6;3.3
03;2021-02-24;610;1023;25664;11962;7.7;3.6
03;2021-02-25;1093;1834;26757;13796;8.1;4.2
03;2021-02-26;822;1375;27579;15171;8.3;4.6
03;2021-02-27;96;258;27675;15429;8.4;4.7
03;2021-02-28;0;15;27675;15444;8.4;4.7
03;2021-03-01;178;240;27853;15684;8.4;4.7
03;2021-03-02;818;660;28671;16344;8.7;4.9
03;2021-03-03;904;462;29575;16806;8.9;5.1
03;2021-03-04;1543;590;31118;17396;9.4;5.3
03;2021-03-05;1122;737;32240;18133;9.7;5.5
03;2021-03-06;915;114;33155;18247;10.0;5.5
03;2021-03-07;2;0;33157;18247;10.0;5.5
03;2021-03-08;240;246;33397;18493;10.1;5.6
03;2021-03-09;1016;440;34413;18933;10.4;5.7
03;2021-03-10;941;554;35354;19487;10.7;5.9
03;2021-03-11;1675;659;37029;20146;11.2;6.1
03;2021-03-12;1303;869;38332;21015;11.6;6.3
03;2021-03-13;864;114;39196;21129;11.8;6.4
03;2021-03-14;2;8;39198;21137;11.8;6.4
03;2021-03-15;250;200;39448;21337;11.9;6.4
03;2021-03-16;650;404;40098;21741;12.1;6.6
03;2021-03-17;1304;449;41402;22190;12.5;6.7
03;2021-03-18;1720;400;43122;22590;13.0;6.8
03;2021-03-19;1728;365;44850;22955;13.5;6.9
03;2021-03-20;301;27;45151;22982;13.6;6.9
03;2021-03-21;1;0;45152;22982;13.6;6.9
03;2021-03-22;223;397;45375;23379;13.7;7.1
03;2021-03-23;1355;357;46730;23736;14.1;7.2
03;2021-03-24;1824;352;48554;24088;14.7;7.3
03;2021-03-25;2367;572;50921;24660;15.4;7.4
03;2021-03-26;2240;452;53161;25112;16.0;7.6
03;2021-03-27;817;23;53978;25135;16.3;7.6
03;2021-03-28;1;39;53979;25174;16.3;7.6
03;2021-03-29;659;176;54638;25350;16.5;7.7
03;2021-03-30;1908;458;56546;25808;17.1;7.8
03;2021-03-31;1014;987;57560;26795;17.4;8.1
03;2021-04-01;1374;1127;58934;27922;17.8;8.4
03;2021-04-02;1705;616;60639;28538;18.3;8.6
03;2021-04-03;365;100;61004;28638;18.4;8.6
03;2021-04-04;3;0;61007;28638;18.4;8.6
03;2021-04-05;18;14;61025;28652;18.4;8.6
03;2021-04-06;1073;414;62098;29066;18.7;8.8
03;2021-04-07;1562;524;63660;29590;19.2;8.9
03;2021-04-08;2121;488;65781;30078;19.9;9.1
03;2021-04-09;2056;1165;67837;31243;20.5;9.4
03;2021-04-10;1013;73;68850;31316;20.8;9.5
03;2021-04-11;478;9;69328;31325;20.9;9.5
03;2021-04-12;986;228;70314;31553;21.2;9.5
03;2021-04-13;1873;989;72187;32542;21.8;9.8
03;2021-04-14;2334;1225;74521;33767;22.5;10.2
03;2021-04-15;2621;1405;77142;35172;23.3;10.6
03;2021-04-16;2834;1187;79976;36359;24.1;11.0
03;2021-04-17;1083;443;81059;36802;24.5;11.1
03;2021-04-18;0;0;81059;36802;24.5;11.1
03;2021-04-19;1191;588;82250;37390;24.8;11.3
03;2021-04-20;1747;1277;83997;38667;25.4;11.7
03;2021-04-21;1122;1295;85119;39962;25.7;12.1
03;2021-04-22;1675;1007;86794;40969;26.2;12.4
03;2021-04-23;2478;1274;89272;42243;26.9;12.8
03;2021-04-24;1301;928;90573;43171;27.3;13.0
03;2021-04-25;350;16;90923;43187;27.4;13.0
03;2021-04-26;1332;467;92255;43654;27.8;13.2
03;2021-04-27;1766;1530;94021;45184;28.4;13.6
03;2021-04-28;1930;1125;95951;46309;29.0;14.0
03;2021-04-29;2371;1253;98322;47562;29.7;14.4
03;2021-04-30;1931;810;100253;48372;30.3;14.6
03;2021-05-01;438;493;100691;48865;30.4;14.7
03;2021-05-02;2;1;100693;48866;30.4;14.7
03;2021-05-03;1912;775;102605;49641;31.0;15.0
03;2021-05-04;2847;1637;105452;51278;31.8;15.5
03;2021-05-05;2604;1332;108056;52610;32.6;15.9
03;2021-05-06;3095;2011;111151;54621;33.5;16.5
03;2021-05-07;4729;1800;115880;56421;35.0;17.0
03;2021-05-08;661;381;116541;56802;35.2;17.1
03;2021-05-09;49;511;116590;57313;35.2;17.3
03;2021-05-10;1892;1481;118482;58794;35.8;17.7
03;2021-05-11;3902;1841;122384;60635;36.9;18.3
03;2021-05-12;2972;1523;125356;62158;37.8;18.8
03;2021-05-13;4384;410;129740;62568;39.2;18.9
03;2021-05-14;3655;1698;133395;64266;40.3;19.4
03;2021-05-15;1943;491;135338;64757;40.8;19.5
03;2021-05-16;522;57;135860;64814;41.0;19.6
03;2021-05-17;1277;862;137137;65676;41.4;19.8
03;2021-05-18;3068;1506;140205;67182;42.3;20.3
03;2021-05-19;2623;967;142828;68149;43.1;20.6
03;2021-05-20;3334;1145;146162;69294;44.1;20.9
03;2021-05-21;4194;1285;150356;70579;45.4;21.3
03;2021-05-22;2012;359;152368;70938;46.0;21.4
03;2021-05-23;641;73;153009;71011;46.2;21.4
03;2021-05-24;2654;216;155663;71227;47.0;21.5
03;2021-05-25;3067;1691;158730;72918;47.9;22.0
03;2021-05-26;2336;1044;161066;73962;48.6;22.3
03;2021-05-27;2945;1126;164011;75088;49.5;22.7
03;2021-05-28;3848;2287;167859;77375;50.7;23.4
03;2021-05-29;1748;603;169607;77978;51.2;23.5
03;2021-05-30;242;23;169849;78001;51.3;23.5
03;2021-05-31;697;575;170546;78576;51.5;23.7
03;2021-06-01;2302;2347;172848;80923;52.2;24.4
03;2021-06-02;1534;1749;174382;82672;52.6;25.0
03;2021-06-03;2060;2755;176442;85427;53.3;25.8
03;2021-06-04;1698;2508;178140;87935;53.8;26.5
03;2021-06-05;1076;1143;179216;89078;54.1;26.9
03;2021-06-06;59;7;179275;89085;54.1;26.9
03;2021-06-07;785;1815;180060;90900;54.3;27.4
03;2021-06-08;1458;2557;181518;93457;54.8;28.2
03;2021-06-09;1267;1877;182785;95334;55.2;28.8
03;2021-06-10;1381;2124;184166;97458;55.6;29.4
03;2021-06-11;1503;3450;185669;100908;56.0;30.5
03;2021-06-12;831;823;186500;101731;56.3;30.7
03;2021-06-13;20;10;186520;101741;56.3;30.7
03;2021-06-14;381;2177;186901;103918;56.4;31.4
03;2021-06-15;1317;3837;188218;107755;56.8;32.5
03;2021-06-16;788;2890;189006;110645;57.0;33.4
03;2021-06-17;1083;3334;190089;113979;57.4;34.4
03;2021-06-18;1107;3981;191196;117960;57.7;35.6
03;2021-06-19;641;1618;191837;119578;57.9;36.1
03;2021-06-20;20;8;191857;119586;57.9;36.1
03;2021-06-21;461;2636;192318;122222;58.0;36.9
03;2021-06-22;1027;4003;193345;126225;58.4;38.1
03;2021-06-23;716;3285;194061;129510;58.6;39.1
03;2021-06-24;982;3862;195043;133372;58.9;40.3
03;2021-06-25;1016;3893;196059;137265;59.2;41.4
03;2021-06-26;513;2040;196572;139305;59.3;42.0
03;2021-06-27;65;486;196637;139791;59.4;42.2
03;2021-06-28;642;2101;197279;141892;59.5;42.8
03;2021-06-29;1028;3330;198307;145222;59.9;43.8
03;2021-06-30;831;3120;199138;148342;60.1;44.8
03;2021-07-01;987;2936;200125;151278;60.4;45.7
03;2021-07-02;920;4094;201045;155372;60.7;46.9
03;2021-07-03;487;1884;201532;157256;60.8;47.5
03;2021-07-04;20;332;201552;157588;60.8;47.6
03;2021-07-05;818;2381;202370;159969;61.1;48.3
03;2021-07-06;1171;3462;203541;163431;61.4;49.3
03;2021-07-07;804;2618;204345;166049;61.7;50.1
03;2021-07-08;1060;3043;205405;169092;62.0;51.0
03;2021-07-09;1470;3626;206875;172718;62.4;52.1
03;2021-07-10;508;1926;207383;174644;62.6;52.7
03;2021-07-11;61;492;207444;175136;62.6;52.9
03;2021-07-12;939;1148;208383;176284;62.9;53.2
03;2021-07-13;2613;3153;210996;179437;63.7;54.2
03;2021-07-14;195;25;211191;179462;63.7;54.2
03;2021-07-15;2613;2454;213804;181916;64.5;54.9
03;2021-07-16;2737;2275;216541;184191;65.4;55.6
03;2021-07-17;1032;1626;217573;185817;65.7;56.1
03;2021-07-18;33;8;217606;185825;65.7;56.1
03;2021-07-19;2391;1277;219997;187102;66.4;56.5
03;2021-07-20;3074;3033;223071;190135;67.3;57.4
03;2021-07-21;3214;1439;226285;191574;68.3;57.8
03;2021-07-22;2851;1887;229136;193461;69.2;58.4
03;2021-07-23;3205;1307;232341;194768;70.1;58.8
03;2021-07-24;590;581;232931;195349;70.3;59.0
03;2021-07-25;18;5;232949;195354;70.3;59.0
03;2021-07-26;2043;1579;234992;196933;70.9;59.4
03;2021-07-27;3321;2230;238313;199163;71.9;60.1
03;2021-07-28;2719;1118;241032;200281;72.8;60.5
03;2021-07-29;2549;1662;243581;201943;73.5;61.0
03;2021-07-30;2136;1455;245717;203398;74.2;61.4
03;2021-07-31;964;893;246681;204291;74.5;61.7
03;2021-08-01;13;20;246694;204311;74.5;61.7
03;2021-08-02;1679;1605;248373;205916;75.0;62.2
03;2021-08-03;2223;2778;250596;208694;75.6;63.0
03;2021-08-04;2195;894;252791;209588;76.3;63.3
03;2021-08-05;1265;1939;254056;211527;76.7;63.8
03;2021-08-06;1281;1028;255337;212555;77.1;64.2
03;2021-08-07;614;496;255951;213051;77.3;64.3
03;2021-08-08;66;29;256017;213080;77.3;64.3
03;2021-08-09;597;1304;256614;214384;77.5;64.7
03;2021-08-10;1676;3471;258290;217855;78.0;65.8
03;2021-08-11;1333;2529;259623;220384;78.4;66.5
03;2021-08-12;1137;3514;260760;223898;78.7;67.6
03;2021-08-13;776;1052;261536;224950;78.9;67.9
03;2021-08-14;380;566;261916;225516;79.1;68.1
03;2021-08-15;9;61;261925;225577;79.1;68.1
03;2021-08-16;725;2693;262650;228270;79.3;68.9
03;2021-08-17;1076;3218;263726;231488;79.6;69.9
03;2021-08-18;1164;2157;264890;233645;80.0;70.5
03;2021-08-19;1010;3049;265900;236694;80.3;71.4
03;2021-08-20;718;1138;266618;237832;80.5;71.8
03;2021-08-21;418;727;267036;238559;80.6;72.0
03;2021-08-22;8;6;267044;238565;80.6;72.0
03;2021-08-23;784;2289;267828;240854;80.8;72.7
03;2021-08-24;893;2406;268721;243260;81.1;73.4
03;2021-08-25;934;2029;269655;245289;81.4;74.0
03;2021-08-26;574;1435;270229;246724;81.6;74.5
03;2021-08-27;457;1581;270686;248305;81.7;74.9
03;2021-08-28;219;674;270905;248979;81.8;75.1
03;2021-08-29;4;0;270909;248979;81.8;75.1
03;2021-08-30;768;1450;271677;250429;82.0;75.6
03;2021-08-31;706;1949;272383;252378;82.2;76.2
03;2021-09-01;604;1292;272987;253670;82.4;76.6
03;2021-09-02;479;1090;273466;254760;82.5;76.9
03;2021-09-03;492;1073;273958;255833;82.7;77.2
03;2021-09-04;251;608;274209;256441;82.8;77.4
03;2021-09-05;7;14;274216;256455;82.8;77.4
03;2021-09-06;320;688;274536;257143;82.9;77.6
03;2021-09-07;579;1172;275115;258315;83.0;78.0
03;2021-09-08;424;1243;275539;259558;83.2;78.3
03;2021-09-09;275;661;275814;260219;83.2;78.5
03;2021-09-10;414;911;276228;261130;83.4;78.8
03;2021-09-11;209;649;276437;261779;83.4;79.0
03;2021-09-12;2;20;276439;261799;83.4;79.0
03;2021-09-13;285;660;276724;262459;83.5;79.2
03;2021-09-14;448;931;277172;263390;83.7;79.5
03;2021-09-15;360;996;277532;264386;83.8;79.8
03;2021-09-16;219;556;277751;264942;83.8;80.0
03;2021-09-17;161;356;277912;265298;83.9;80.1
03;2021-09-18;132;311;278044;265609;83.9;80.2
03;2021-09-19;0;11;278044;265620;83.9;80.2
03;2021-09-20;187;424;278231;266044;84.0;80.3
03;2021-09-21;252;722;278483;266766;84.1;80.5
03;2021-09-22;267;685;278750;267451;84.1;80.7
03;2021-09-23;178;460;278928;267911;84.2;80.9
03;2021-09-24;148;321;279076;268232;84.2;81.0
03;2021-09-25;51;257;279127;268489;84.2;81.0
03;2021-09-26;3;0;279130;268489;84.2;81.0
03;2021-09-27;116;326;279246;268815;84.3;81.1
03;2021-09-28;193;617;279439;269432;84.3;81.3
03;2021-09-29;213;505;279652;269937;84.4;81.5
03;2021-09-30;122;251;279774;270188;84.4;81.6
03;2021-10-01;155;489;279929;270677;84.5;81.7
03;2021-10-02;82;176;280011;270853;84.5;81.8
03;2021-10-03;0;0;280011;270853;84.5;81.8
03;2021-10-04;42;102;280053;270955;84.5;81.8
03;2021-10-05;169;389;280222;271344;84.6;81.9
03;2021-10-06;274;546;280496;271890;84.7;82.1
03;2021-10-07;99;207;280595;272097;84.7;82.1
03;2021-10-08;128;282;280723;272379;84.7;82.2
03;2021-10-09;109;165;280832;272544;84.8;82.3
03;2021-10-10;4;1;280836;272545;84.8;82.3
03;2021-10-11;161;293;280997;272838;84.8;82.4
03;2021-10-12;180;285;281177;273123;84.9;82.4
04;2020-12-27;0;0;0;0;0.0;0.0
04;2020-12-28;1;0;1;0;0.0;0.0
04;2020-12-29;0;0;1;0;0.0;0.0
04;2020-12-30;0;0;1;0;0.0;0.0
04;2020-12-31;0;0;1;0;0.0;0.0
04;2021-01-01;0;0;1;0;0.0;0.0
04;2021-01-02;0;0;1;0;0.0;0.0
04;2021-01-03;0;0;1;0;0.0;0.0
04;2021-01-04;0;0;1;0;0.0;0.0
04;2021-01-05;4;0;5;0;0.0;0.0
04;2021-01-06;0;0;5;0;0.0;0.0
04;2021-01-07;61;0;66;0;0.0;0.0
04;2021-01-08;88;0;154;0;0.1;0.0
04;2021-01-09;57;0;211;0;0.1;0.0
04;2021-01-10;0;0;211;0;0.1;0.0
04;2021-01-11;77;0;288;0;0.2;0.0
04;2021-01-12;421;0;709;0;0.4;0.0
04;2021-01-13;244;2;953;2;0.6;0.0
04;2021-01-14;90;2;1043;4;0.6;0.0
04;2021-01-15;164;4;1207;8;0.7;0.0
04;2021-01-16;106;3;1313;11;0.8;0.0
04;2021-01-17;14;0;1327;11;0.8;0.0
04;2021-01-18;236;9;1563;20;0.9;0.0
04;2021-01-19;469;4;2032;24;1.2;0.0
04;2021-01-20;574;10;2606;34;1.6;0.0
04;2021-01-21;615;6;3221;40;1.9;0.0
04;2021-01-22;638;1;3859;41;2.3;0.0
04;2021-01-23;111;0;3970;41;2.4;0.0
04;2021-01-24;0;0;3970;41;2.4;0.0
04;2021-01-25;240;0;4210;41;2.5;0.0
04;2021-01-26;656;1;4866;42;2.9;0.0
04;2021-01-27;480;0;5346;42;3.2;0.0
04;2021-01-28;665;22;6011;64;3.6;0.0
04;2021-01-29;368;43;6379;107;3.9;0.1
04;2021-01-30;65;41;6444;148;3.9;0.1
04;2021-01-31;1;5;6445;153;3.9;0.1
04;2021-02-01;268;150;6713;303;4.1;0.2
04;2021-02-02;562;225;7275;528;4.4;0.3
04;2021-02-03;367;159;7642;687;4.6;0.4
04;2021-02-04;359;54;8001;741;4.8;0.4
04;2021-02-05;379;219;8380;960;5.1;0.6
04;2021-02-06;50;93;8430;1053;5.1;0.6
04;2021-02-07;2;22;8432;1075;5.1;0.7
04;2021-02-08;163;71;8595;1146;5.2;0.7
04;2021-02-09;196;143;8791;1289;5.3;0.8
04;2021-02-10;253;170;9044;1459;5.5;0.9
04;2021-02-11;363;291;9407;1750;5.7;1.1
04;2021-02-12;293;317;9700;2067;5.9;1.3
04;2021-02-13;27;94;9727;2161;5.9;1.3
04;2021-02-14;0;0;9727;2161;5.9;1.3
04;2021-02-15;31;164;9758;2325;5.9;1.4
04;2021-02-16;81;520;9839;2845;6.0;1.7
04;2021-02-17;67;431;9906;3276;6.0;2.0
04;2021-02-18;45;614;9951;3890;6.0;2.4
04;2021-02-19;53;371;10004;4261;6.1;2.6
04;2021-02-20;5;71;10009;4332;6.1;2.6
04;2021-02-21;0;0;10009;4332;6.1;2.6
04;2021-02-22;7;297;10016;4629;6.1;2.8
04;2021-02-23;19;594;10035;5223;6.1;3.2
04;2021-02-24;38;447;10073;5670;6.1;3.4
04;2021-02-25;73;377;10146;6047;6.1;3.7
04;2021-02-26;216;335;10362;6382;6.3;3.9
04;2021-02-27;179;75;10541;6457;6.4;3.9
04;2021-02-28;1;0;10542;6457;6.4;3.9
04;2021-03-01;18;74;10560;6531;6.4;4.0
04;2021-03-02;135;41;10695;6572;6.5;4.0
04;2021-03-03;375;644;11070;7216;6.7;4.4
04;2021-03-04;208;490;11278;7706;6.8;4.7
04;2021-03-05;236;358;11514;8064;7.0;4.9
04;2021-03-06;912;78;12426;8142;7.5;4.9
04;2021-03-07;498;26;12924;8168;7.8;4.9
04;2021-03-08;45;84;12969;8252;7.9;5.0
04;2021-03-09;215;258;13184;8510;8.0;5.2
04;2021-03-10;401;375;13585;8885;8.2;5.4
04;2021-03-11;496;342;14081;9227;8.5;5.6
04;2021-03-12;697;210;14778;9437;8.9;5.7
04;2021-03-13;1088;64;15866;9501;9.6;5.8
04;2021-03-14;460;4;16326;9505;9.9;5.8
04;2021-03-15;93;14;16419;9519;9.9;5.8
04;2021-03-16;74;9;16493;9528;10.0;5.8
04;2021-03-17;534;86;17027;9614;10.3;5.8
04;2021-03-18;814;25;17841;9639;10.8;5.8
04;2021-03-19;723;33;18564;9672;11.2;5.9
04;2021-03-20;159;3;18723;9675;11.3;5.9
04;2021-03-21;0;0;18723;9675;11.3;5.9
04;2021-03-22;105;13;18828;9688;11.4;5.9
04;2021-03-23;245;7;19073;9695;11.5;5.9
04;2021-03-24;1024;54;20097;9749;12.2;5.9
04;2021-03-25;1326;48;21423;9797;13.0;5.9
04;2021-03-26;1448;69;22871;9866;13.8;6.0
04;2021-03-27;266;22;23137;9888;14.0;6.0
04;2021-03-28;2;0;23139;9888;14.0;6.0
04;2021-03-29;680;13;23819;9901;14.4;6.0
04;2021-03-30;1086;150;24905;10051;15.1;6.1
04;2021-03-31;1327;107;26232;10158;15.9;6.1
04;2021-04-01;1133;133;27365;10291;16.6;6.2
04;2021-04-02;1185;114;28550;10405;17.3;6.3
04;2021-04-03;250;21;28800;10426;17.4;6.3
04;2021-04-04;1;0;28801;10426;17.4;6.3
04;2021-04-05;36;1;28837;10427;17.5;6.3
04;2021-04-06;929;155;29766;10582;18.0;6.4
04;2021-04-07;881;438;30647;11020;18.6;6.7
04;2021-04-08;926;696;31573;11716;19.1;7.1
04;2021-04-09;678;423;32251;12139;19.5;7.3
04;2021-04-10;231;192;32482;12331;19.7;7.5
04;2021-04-11;153;65;32635;12396;19.8;7.5
04;2021-04-12;593;103;33228;12499;20.1;7.6
04;2021-04-13;1189;242;34417;12741;20.8;7.7
04;2021-04-14;994;500;35411;13241;21.4;8.0
04;2021-04-15;921;673;36332;13914;22.0;8.4
04;2021-04-16;819;457;37151;14371;22.5;8.7
04;2021-04-17;209;69;37360;14440;22.6;8.7
04;2021-04-18;0;13;37360;14453;22.6;8.7
04;2021-04-19;338;288;37698;14741;22.8;8.9
04;2021-04-20;1003;446;38701;15187;23.4;9.2
04;2021-04-21;656;747;39357;15934;23.8;9.6
04;2021-04-22;758;855;40115;16789;24.3;10.2
04;2021-04-23;696;540;40811;17329;24.7;10.5
04;2021-04-24;165;65;40976;17394;24.8;10.5
04;2021-04-25;0;0;40976;17394;24.8;10.5
04;2021-04-26;172;613;41148;18007;24.9;10.9
04;2021-04-27;395;967;41543;18974;25.1;11.5
04;2021-04-28;431;1089;41974;20063;25.4;12.1
04;2021-04-29;688;1130;42662;21193;25.8;12.8
04;2021-04-30;436;850;43098;22043;26.1;13.3
04;2021-05-01;104;22;43202;22065;26.2;13.4
04;2021-05-02;8;131;43210;22196;26.2;13.4
04;2021-05-03;151;551;43361;22747;26.2;13.8
04;2021-05-04;564;839;43925;23586;26.6;14.3
04;2021-05-05;514;927;44439;24513;26.9;14.8
04;2021-05-06;1161;592;45600;25105;27.6;15.2
04;2021-05-07;656;765;46256;25870;28.0;15.7
04;2021-05-08;48;99;46304;25969;28.0;15.7
04;2021-05-09;0;0;46304;25969;28.0;15.7
04;2021-05-10;467;297;46771;26266;28.3;15.9
04;2021-05-11;1198;907;47969;27173;29.0;16.4
04;2021-05-12;1387;741;49356;27914;29.9;16.9
04;2021-05-13;378;131;49734;28045;30.1;17.0
04;2021-05-14;441;296;50175;28341;30.4;17.2
04;2021-05-15;99;162;50274;28503;30.4;17.3
04;2021-05-16;4;6;50278;28509;30.4;17.3
04;2021-05-17;155;297;50433;28806;30.5;17.4
04;2021-05-18;392;975;50825;29781;30.8;18.0
04;2021-05-19;773;688;51598;30469;31.2;18.4
04;2021-05-20;1256;548;52854;31017;32.0;18.8
04;2021-05-21;853;787;53707;31804;32.5;19.3
04;2021-05-22;105;146;53812;31950;32.6;19.3
04;2021-05-23;1;1;53813;31951;32.6;19.3
04;2021-05-24;2;36;53815;31987;32.6;19.4
04;2021-05-25;868;596;54683;32583;33.1;19.7
04;2021-05-26;1048;791;55731;33374;33.7;20.2
04;2021-05-27;1356;632;57087;34006;34.6;20.6
04;2021-05-28;1119;656;58206;34662;35.2;21.0
04;2021-05-29;90;398;58296;35060;35.3;21.2
04;2021-05-30;3;1;58299;35061;35.3;21.2
04;2021-05-31;420;416;58719;35477;35.5;21.5
04;2021-06-01;640;641;59359;36118;35.9;21.9
04;2021-06-02;871;1063;60230;37181;36.5;22.5
04;2021-06-03;1196;851;61426;38032;37.2;23.0
04;2021-06-04;978;779;62404;38811;37.8;23.5
04;2021-06-05;142;203;62546;39014;37.9;23.6
04;2021-06-06;7;13;62553;39027;37.9;23.6
04;2021-06-07;563;317;63116;39344;38.2;23.8
04;2021-06-08;839;595;63955;39939;38.7;24.2
04;2021-06-09;1146;689;65101;40628;39.4;24.6
04;2021-06-10;1142;585;66243;41213;40.1;24.9
04;2021-06-11;944;615;67187;41828;40.7;25.3
04;2021-06-12;212;148;67399;41976;40.8;25.4
04;2021-06-13;1;1;67400;41977;40.8;25.4
04;2021-06-14;478;303;67878;42280;41.1;25.6
04;2021-06-15;644;1003;68522;43283;41.5;26.2
04;2021-06-16;1022;787;69544;44070;42.1;26.7
04;2021-06-17;1001;959;70545;45029;42.7;27.3
04;2021-06-18;761;886;71306;45915;43.2;27.8
04;2021-06-19;40;85;71346;46000;43.2;27.8
04;2021-06-20;7;9;71353;46009;43.2;27.9
04;2021-06-21;305;614;71658;46623;43.4;28.2
04;2021-06-22;361;1308;72019;47931;43.6;29.0
04;2021-06-23;474;1311;72493;49242;43.9;29.8
04;2021-06-24;852;820;73345;50062;44.4;30.3
04;2021-06-25;461;639;73806;50701;44.7;30.7
04;2021-06-26;57;130;73863;50831;44.7;30.8
04;2021-06-27;4;4;73867;50835;44.7;30.8
04;2021-06-28;158;341;74025;51176;44.8;31.0
04;2021-06-29;370;838;74395;52014;45.0;31.5
04;2021-06-30;541;1121;74936;53135;45.4;32.2
04;2021-07-01;578;1219;75514;54354;45.7;32.9
04;2021-07-02;557;1090;76071;55444;46.0;33.6
04;2021-07-03;65;162;76136;55606;46.1;33.7
04;2021-07-04;6;6;76142;55612;46.1;33.7
04;2021-07-05;106;297;76248;55909;46.2;33.8
04;2021-07-06;503;1383;76751;57292;46.5;34.7
04;2021-07-07;494;1341;77245;58633;46.8;35.5
04;2021-07-08;725;1361;77970;59994;47.2;36.3
04;2021-07-09;580;1063;78550;61057;47.5;37.0
04;2021-07-10;92;177;78642;61234;47.6;37.1
04;2021-07-11;0;21;78642;61255;47.6;37.1
04;2021-07-12;128;652;78770;61907;47.7;37.5
04;2021-07-13;882;1541;79652;63448;48.2;38.4
04;2021-07-14;26;43;79678;63491;48.2;38.4
04;2021-07-15;1219;1736;80897;65227;49.0;39.5
04;2021-07-16;1082;1118;81979;66345;49.6;40.2
04;2021-07-17;446;235;82425;66580;49.9;40.3
04;2021-07-18;114;18;82539;66598;50.0;40.3
04;2021-07-19;484;655;83023;67253;50.3;40.7
04;2021-07-20;1313;1469;84336;68722;51.1;41.6
04;2021-07-21;1126;1166;85462;69888;51.7;42.3
04;2021-07-22;1500;1372;86962;71260;52.6;43.1
04;2021-07-23;1150;1142;88112;72402;53.3;43.8
04;2021-07-24;685;215;88797;72617;53.8;44.0
04;2021-07-25;42;20;88839;72637;53.8;44.0
04;2021-07-26;445;639;89284;73276;54.0;44.4
04;2021-07-27;1370;1046;90654;74322;54.9;45.0
04;2021-07-28;1073;1037;91727;75359;55.5;45.6
04;2021-07-29;1561;1302;93288;76661;56.5;46.4
04;2021-07-30;1244;924;94532;77585;57.2;47.0
04;2021-07-31;251;176;94783;77761;57.4;47.1
04;2021-08-01;48;19;94831;77780;57.4;47.1
04;2021-08-02;196;110;95027;77890;57.5;47.1
04;2021-08-03;1348;1117;96375;79007;58.3;47.8
04;2021-08-04;1178;864;97553;79871;59.1;48.3
04;2021-08-05;1194;738;98747;80609;59.8;48.8
04;2021-08-06;516;396;99263;81005;60.1;49.0
04;2021-08-07;162;162;99425;81167;60.2;49.1
04;2021-08-08;25;12;99450;81179;60.2;49.1
04;2021-08-09;102;117;99552;81296;60.3;49.2
04;2021-08-10;655;981;100207;82277;60.7;49.8
04;2021-08-11;1147;1020;101354;83297;61.4;50.4
04;2021-08-12;1124;1308;102478;84605;62.0;51.2
04;2021-08-13;443;386;102921;84991;62.3;51.4
04;2021-08-14;100;73;103021;85064;62.4;51.5
04;2021-08-15;1;0;103022;85064;62.4;51.5
04;2021-08-16;103;138;103125;85202;62.4;51.6
04;2021-08-17;496;1015;103621;86217;62.7;52.2
04;2021-08-18;720;1318;104341;87535;63.2;53.0
04;2021-08-19;740;1413;105081;88948;63.6;53.8
04;2021-08-20;748;1363;105829;90311;64.1;54.7
04;2021-08-21;66;111;105895;90422;64.1;54.7
04;2021-08-22;15;45;105910;90467;64.1;54.8
04;2021-08-23;55;110;105965;90577;64.1;54.8
04;2021-08-24;684;1493;106649;92070;64.6;55.7
04;2021-08-25;658;1183;107307;93253;65.0;56.4
04;2021-08-26;488;1217;107795;94470;65.3;57.2
04;2021-08-27;452;929;108247;95399;65.5;57.7
04;2021-08-28;132;245;108379;95644;65.6;57.9
04;2021-08-29;27;23;108406;95667;65.6;57.9
04;2021-08-30;122;240;108528;95907;65.7;58.1
04;2021-08-31;511;976;109039;96883;66.0;58.6
04;2021-09-01;511;1200;109550;98083;66.3;59.4
04;2021-09-02;336;855;109886;98938;66.5;59.9
04;2021-09-03;288;766;110174;99704;66.7;60.4
04;2021-09-04;148;227;110322;99931;66.8;60.5
04;2021-09-05;14;9;110336;99940;66.8;60.5
04;2021-09-06;57;103;110393;100043;66.8;60.6
04;2021-09-07;371;834;110764;100877;67.0;61.1
04;2021-09-08;328;740;111092;101617;67.2;61.5
04;2021-09-09;341;724;111433;102341;67.5;62.0
04;2021-09-10;278;667;111711;103008;67.6;62.4
04;2021-09-11;93;114;111804;103122;67.7;62.4
04;2021-09-12;18;23;111822;103145;67.7;62.4
04;2021-09-13;95;72;111917;103217;67.7;62.5
04;2021-09-14;335;609;112252;103826;68.0;62.8
04;2021-09-15;309;702;112561;104528;68.1;63.3
04;2021-09-16;310;522;112871;105050;68.3;63.6
04;2021-09-17;185;565;113056;105615;68.4;63.9
04;2021-09-18;48;123;113104;105738;68.5;64.0
04;2021-09-19;0;5;113104;105743;68.5;64.0
04;2021-09-20;79;51;113183;105794;68.5;64.0
04;2021-09-21;188;570;113371;106364;68.6;64.4
04;2021-09-22;162;677;113533;107041;68.7;64.8
04;2021-09-23;205;377;113738;107418;68.8;65.0
04;2021-09-24;143;436;113881;107854;68.9;65.3
04;2021-09-25;42;99;113923;107953;69.0;65.3
04;2021-09-26;6;26;113929;107979;69.0;65.4
04;2021-09-27;19;66;113948;108045;69.0;65.4
04;2021-09-28;139;277;114087;108322;69.1;65.6
04;2021-09-29;136;383;114223;108705;69.1;65.8
04;2021-09-30;123;274;114346;108979;69.2;66.0
04;2021-10-01;120;183;114466;109162;69.3;66.1
04;2021-10-02;60;135;114526;109297;69.3;66.2
04;2021-10-03;3;5;114529;109302;69.3;66.2
04;2021-10-04;35;45;114564;109347;69.3;66.2
04;2021-10-05;171;341;114735;109688;69.5;66.4
04;2021-10-06;183;341;114918;110029;69.6;66.6
04;2021-10-07;94;282;115012;110311;69.6;66.8
04;2021-10-08;99;171;115111;110482;69.7;66.9
04;2021-10-09;25;88;115136;110570;69.7;66.9
04;2021-10-10;1;2;115137;110572;69.7;66.9
04;2021-10-11;33;118;115170;110690;69.7;67.0
04;2021-10-12;105;184;115275;110874;69.8;67.1
05;2020-12-27;0;0;0;0;0.0;0.0
05;2020-12-28;1;0;1;0;0.0;0.0
05;2020-12-29;1;0;2;0;0.0;0.0
05;2020-12-30;2;0;4;0;0.0;0.0
05;2020-12-31;0;0;4;0;0.0;0.0
05;2021-01-01;2;0;6;0;0.0;0.0
05;2021-01-02;2;0;8;0;0.0;0.0
05;2021-01-03;1;0;9;0;0.0;0.0
05;2021-01-04;2;0;11;0;0.0;0.0
05;2021-01-05;0;0;11;0;0.0;0.0
05;2021-01-06;22;1;33;1;0.0;0.0
05;2021-01-07;128;0;161;1;0.1;0.0
05;2021-01-08;146;1;307;2;0.2;0.0
05;2021-01-09;11;0;318;2;0.2;0.0
05;2021-01-10;0;0;318;2;0.2;0.0
05;2021-01-11;44;0;362;2;0.3;0.0
05;2021-01-12;105;0;467;2;0.3;0.0
05;2021-01-13;139;0;606;2;0.4;0.0
05;2021-01-14;167;0;773;2;0.5;0.0
05;2021-01-15;127;1;900;3;0.6;0.0
05;2021-01-16;15;0;915;3;0.6;0.0
05;2021-01-17;0;0;915;3;0.6;0.0
05;2021-01-18;226;1;1141;4;0.8;0.0
05;2021-01-19;227;0;1368;4;1.0;0.0
05;2021-01-20;213;0;1581;4;1.1;0.0
05;2021-01-21;255;0;1836;4;1.3;0.0
05;2021-01-22;196;1;2032;5;1.4;0.0
05;2021-01-23;113;0;2145;5;1.5;0.0
05;2021-01-24;0;0;2145;5;1.5;0.0
05;2021-01-25;316;0;2461;5;1.7;0.0
05;2021-01-26;486;0;2947;5;2.1;0.0
05;2021-01-27;389;4;3336;9;2.4;0.0
05;2021-01-28;363;56;3699;65;2.6;0.0
05;2021-01-29;364;113;4063;178;2.9;0.1
05;2021-01-30;97;9;4160;187;2.9;0.1
05;2021-01-31;4;0;4164;187;2.9;0.1
05;2021-02-01;177;21;4341;208;3.1;0.1
05;2021-02-02;187;121;4528;329;3.2;0.2
05;2021-02-03;208;63;4736;392;3.3;0.3
05;2021-02-04;197;125;4933;517;3.5;0.4
05;2021-02-05;183;109;5116;626;3.6;0.4
05;2021-02-06;76;24;5192;650;3.7;0.5
05;2021-02-07;0;5;5192;655;3.7;0.5
05;2021-02-08;84;124;5276;779;3.7;0.5
05;2021-02-09;97;113;5373;892;3.8;0.6
05;2021-02-10;81;175;5454;1067;3.8;0.8
05;2021-02-11;87;137;5541;1204;3.9;0.8
05;2021-02-12;85;148;5626;1352;4.0;1.0
05;2021-02-13;75;31;5701;1383;4.0;1.0
05;2021-02-14;0;0;5701;1383;4.0;1.0
05;2021-02-15;98;190;5799;1573;4.1;1.1
05;2021-02-16;111;286;5910;1859;4.2;1.3
05;2021-02-17;136;231;6046;2090;4.3;1.5
05;2021-02-18;154;299;6200;2389;4.4;1.7
05;2021-02-19;158;322;6358;2711;4.5;1.9
05;2021-02-20;31;87;6389;2798;4.5;2.0
05;2021-02-21;0;0;6389;2798;4.5;2.0
05;2021-02-22;70;247;6459;3045;4.6;2.1
05;2021-02-23;18;237;6477;3282;4.6;2.3
05;2021-02-24;20;190;6497;3472;4.6;2.4
05;2021-02-25;56;174;6553;3646;4.6;2.6
05;2021-02-26;145;215;6698;3861;4.7;2.7
05;2021-02-27;65;171;6763;4032;4.8;2.8
05;2021-02-28;11;0;6774;4032;4.8;2.8
05;2021-03-01;92;169;6866;4201;4.8;3.0
05;2021-03-02;92;198;6958;4399;4.9;3.1
05;2021-03-03;112;233;7070;4632;5.0;3.3
05;2021-03-04;242;167;7312;4799;5.2;3.4
05;2021-03-05;578;193;7890;4992;5.6;3.5
05;2021-03-06;670;60;8560;5052;6.0;3.6
05;2021-03-07;516;21;9076;5073;6.4;3.6
05;2021-03-08;556;139;9632;5212;6.8;3.7
05;2021-03-09;520;167;10152;5379;7.2;3.8
05;2021-03-10;498;145;10650;5524;7.5;3.9
05;2021-03-11;377;141;11027;5665;7.8;4.0
05;2021-03-12;435;93;11462;5758;8.1;4.1
05;2021-03-13;797;99;12259;5857;8.6;4.1
05;2021-03-14;670;12;12929;5869;9.1;4.1
05;2021-03-15;354;125;13283;5994;9.4;4.2
05;2021-03-16;149;144;13432;6138;9.5;4.3
05;2021-03-17;262;120;13694;6258;9.7;4.4
05;2021-03-18;364;35;14058;6293;9.9;4.4
05;2021-03-19;450;59;14508;6352;10.2;4.5
05;2021-03-20;167;32;14675;6384;10.4;4.5
05;2021-03-21;1;0;14676;6384;10.4;4.5
05;2021-03-22;718;39;15394;6423;10.9;4.5
05;2021-03-23;805;18;16199;6441;11.4;4.5
05;2021-03-24;789;78;16988;6519;12.0;4.6
05;2021-03-25;901;59;17889;6578;12.6;4.6
05;2021-03-26;1023;49;18912;6627;13.3;4.7
05;2021-03-27;467;35;19379;6662;13.7;4.7
05;2021-03-28;10;0;19389;6662;13.7;4.7
05;2021-03-29;905;67;20294;6729;14.3;4.7
05;2021-03-30;1142;79;21436;6808;15.1;4.8
05;2021-03-31;824;255;22260;7063;15.7;5.0
05;2021-04-01;901;244;23161;7307;16.3;5.2
05;2021-04-02;664;380;23825;7687;16.8;5.4
05;2021-04-03;551;187;24376;7874;17.2;5.6
05;2021-04-04;350;64;24726;7938;17.4;5.6
05;2021-04-05;158;12;24884;7950;17.6;5.6
05;2021-04-06;646;276;25530;8226;18.0;5.8
05;2021-04-07;773;324;26303;8550;18.6;6.0
05;2021-04-08;733;338;27036;8888;19.1;6.3
05;2021-04-09;883;413;27919;9301;19.7;6.6
05;2021-04-10;714;389;28633;9690;20.2;6.8
05;2021-04-11;191;174;28824;9864;20.3;7.0
05;2021-04-12;732;265;29556;10129;20.8;7.1
05;2021-04-13;921;249;30477;10378;21.5;7.3
05;2021-04-14;666;329;31143;10707;22.0;7.6
05;2021-04-15;768;400;31911;11107;22.5;7.8
05;2021-04-16;730;411;32641;11518;23.0;8.1
05;2021-04-17;671;242;33312;11760;23.5;8.3
05;2021-04-18;305;23;33617;11783;23.7;8.3
05;2021-04-19;363;538;33980;12321;24.0;8.7
05;2021-04-20;482;631;34462;12952;24.3;9.1
05;2021-04-21;494;629;34956;13581;24.7;9.6
05;2021-04-22;385;549;35341;14130;24.9;10.0
05;2021-04-23;523;657;35864;14787;25.3;10.4
05;2021-04-24;347;384;36211;15171;25.5;10.7
05;2021-04-25;288;23;36499;15194;25.7;10.7
05;2021-04-26;367;708;36866;15902;26.0;11.2
05;2021-04-27;657;751;37523;16653;26.5;11.7
05;2021-04-28;468;721;37991;17374;26.8;12.3
05;2021-04-29;702;750;38693;18124;27.3;12.8
05;2021-04-30;509;756;39202;18880;27.7;13.3
05;2021-05-01;138;110;39340;18990;27.8;13.4
05;2021-05-02;267;115;39607;19105;27.9;13.5
05;2021-05-03;458;494;40065;19599;28.3;13.8
05;2021-05-04;384;503;40449;20102;28.5;14.2
05;2021-05-05;461;671;40910;20773;28.9;14.7
05;2021-05-06;644;726;41554;21499;29.3;15.2
05;2021-05-07;595;800;42149;22299;29.7;15.7
05;2021-05-08;481;177;42630;22476;30.1;15.9
05;2021-05-09;208;57;42838;22533;30.2;15.9
05;2021-05-10;500;697;43338;23230;30.6;16.4
05;2021-05-11;669;916;44007;24146;31.0;17.0
05;2021-05-12;647;733;44654;24879;31.5;17.6
05;2021-05-13;960;116;45614;24995;32.2;17.6
05;2021-05-14;826;495;46440;25490;32.8;18.0
05;2021-05-15;1044;353;47484;25843;33.5;18.2
05;2021-05-16;235;52;47719;25895;33.7;18.3
05;2021-05-17;484;430;48203;26325;34.0;18.6
05;2021-05-18;519;419;48722;26744;34.4;18.9
05;2021-05-19;727;459;49449;27203;34.9;19.2
05;2021-05-20;747;434;50196;27637;35.4;19.5
05;2021-05-21;705;513;50901;28150;35.9;19.9
05;2021-05-22;607;239;51508;28389;36.3;20.0
05;2021-05-23;277;59;51785;28448;36.5;20.1
05;2021-05-24;510;157;52295;28605;36.9;20.2
05;2021-05-25;515;483;52810;29088;37.3;20.5
05;2021-05-26;695;362;53505;29450;37.7;20.8
05;2021-05-27;799;572;54304;30022;38.3;21.2
05;2021-05-28;666;648;54970;30670;38.8;21.6
05;2021-05-29;566;544;55536;31214;39.2;22.0
05;2021-05-30;212;82;55748;31296;39.3;22.1
05;2021-05-31;576;495;56324;31791;39.7;22.4
05;2021-06-01;590;586;56914;32377;40.1;22.8
05;2021-06-02;684;703;57598;33080;40.6;23.3
05;2021-06-03;716;651;58314;33731;41.1;23.8
05;2021-06-04;1017;818;59331;34549;41.9;24.4
05;2021-06-05;807;508;60138;35057;42.4;24.7
05;2021-06-06;203;89;60341;35146;42.6;24.8
05;2021-06-07;605;833;60946;35979;43.0;25.4
05;2021-06-08;702;661;61648;36640;43.5;25.8
05;2021-06-09;648;783;62296;37423;43.9;26.4
05;2021-06-10;545;719;62841;38142;44.3;26.9
05;2021-06-11;765;723;63606;38865;44.9;27.4
05;2021-06-12;593;485;64199;39350;45.3;27.8
05;2021-06-13;113;91;64312;39441;45.4;27.8
05;2021-06-14;403;669;64715;40110;45.7;28.3
05;2021-06-15;543;912;65258;41022;46.0;28.9
05;2021-06-16;433;671;65691;41693;46.3;29.4
05;2021-06-17;360;805;66051;42498;46.6;30.0
05;2021-06-18;400;725;66451;43223;46.9;30.5
05;2021-06-19;421;570;66872;43793;47.2;30.9
05;2021-06-20;64;77;66936;43870;47.2;30.9
05;2021-06-21;319;641;67255;44511;47.4;31.4
05;2021-06-22;356;829;67611;45340;47.7;32.0
05;2021-06-23;354;763;67965;46103;47.9;32.5
05;2021-06-24;388;1022;68353;47125;48.2;33.2
05;2021-06-25;229;893;68582;48018;48.4;33.9
05;2021-06-26;292;1074;68874;49092;48.6;34.6
05;2021-06-27;128;170;69002;49262;48.7;34.8
05;2021-06-28;254;792;69256;50054;48.9;35.3
05;2021-06-29;250;785;69506;50839;49.0;35.9
05;2021-06-30;329;790;69835;51629;49.3;36.4
05;2021-07-01;385;793;70220;52422;49.5;37.0
05;2021-07-02;369;871;70589;53293;49.8;37.6
05;2021-07-03;305;741;70894;54034;50.0;38.1
05;2021-07-04;179;175;71073;54209;50.1;38.2
05;2021-07-05;264;780;71337;54989;50.3;38.8
05;2021-07-06;336;858;71673;55847;50.6;39.4
05;2021-07-07;400;781;72073;56628;50.8;39.9
05;2021-07-08;431;848;72504;57476;51.1;40.5
05;2021-07-09;422;994;72926;58470;51.4;41.2
05;2021-07-10;314;729;73240;59199;51.7;41.8
05;2021-07-11;176;120;73416;59319;51.8;41.8
05;2021-07-12;416;1013;73832;60332;52.1;42.6
05;2021-07-13;482;869;74314;61201;52.4;43.2
05;2021-07-14;837;300;75151;61501;53.0;43.4
05;2021-07-15;709;993;75860;62494;53.5;44.1
05;2021-07-16;1027;1456;76887;63950;54.2;45.1
05;2021-07-17;672;1306;77559;65256;54.7;46.0
05;2021-07-18;286;132;77845;65388;54.9;46.1
05;2021-07-19;572;792;78417;66180;55.3;46.7
05;2021-07-20;763;801;79180;66981;55.9;47.3
05;2021-07-21;882;841;80062;67822;56.5;47.8
05;2021-07-22;812;870;80874;68692;57.1;48.5
05;2021-07-23;1446;1239;82320;69931;58.1;49.3
05;2021-07-24;864;836;83184;70767;58.7;49.9
05;2021-07-25;305;160;83489;70927;58.9;50.0
05;2021-07-26;778;561;84267;71488;59.4;50.4
05;2021-07-27;1259;757;85526;72245;60.3;51.0
05;2021-07-28;1523;720;87049;72965;61.4;51.5
05;2021-07-29;1346;724;88395;73689;62.4;52.0
05;2021-07-30;960;595;89355;74284;63.0;52.4
05;2021-07-31;782;526;90137;74810;63.6;52.8
05;2021-08-01;192;178;90329;74988;63.7;52.9
05;2021-08-02;835;549;91164;75537;64.3;53.3
05;2021-08-03;828;610;91992;76147;64.9;53.7
05;2021-08-04;992;758;92984;76905;65.6;54.3
05;2021-08-05;981;727;93965;77632;66.3;54.8
05;2021-08-06;873;793;94838;78425;66.9;55.3
05;2021-08-07;631;642;95469;79067;67.3;55.8
05;2021-08-08;196;270;95665;79337;67.5;56.0
05;2021-08-09;775;847;96440;80184;68.0;56.6
05;2021-08-10;651;700;97091;80884;68.5;57.1
05;2021-08-11;743;857;97834;81741;69.0;57.7
05;2021-08-12;795;786;98629;82527;69.6;58.2
05;2021-08-13;626;893;99255;83420;70.0;58.8
05;2021-08-14;410;781;99665;84201;70.3;59.4
05;2021-08-15;188;224;99853;84425;70.4;59.6
05;2021-08-16;488;1086;100341;85511;70.8;60.3
05;2021-08-17;433;880;100774;86391;71.1;60.9
05;2021-08-18;438;974;101212;87365;71.4;61.6
05;2021-08-19;500;964;101712;88329;71.8;62.3
05;2021-08-20;478;1115;102190;89444;72.1;63.1
05;2021-08-21;359;851;102549;90295;72.3;63.7
05;2021-08-22;117;254;102666;90549;72.4;63.9
05;2021-08-23;321;828;102987;91377;72.7;64.5
05;2021-08-24;404;781;103391;92158;72.9;65.0
05;2021-08-25;408;926;103799;93084;73.2;65.7
05;2021-08-26;307;816;104106;93900;73.4;66.2
05;2021-08-27;334;921;104440;94821;73.7;66.9
05;2021-08-28;246;655;104686;95476;73.8;67.4
05;2021-08-29;66;255;104752;95731;73.9;67.5
05;2021-08-30;268;774;105020;96505;74.1;68.1
05;2021-08-31;253;687;105273;97192;74.3;68.6
05;2021-09-01;271;581;105544;97773;74.5;69.0
05;2021-09-02;255;603;105799;98376;74.6;69.4
05;2021-09-03;253;533;106052;98909;74.8;69.8
05;2021-09-04;203;607;106255;99516;75.0;70.2
05;2021-09-05;55;158;106310;99674;75.0;70.3
05;2021-09-06;164;328;106474;100002;75.1;70.5
05;2021-09-07;218;496;106692;100498;75.3;70.9
05;2021-09-08;177;521;106869;101019;75.4;71.3
05;2021-09-09;196;435;107065;101454;75.5;71.6
05;2021-09-10;183;329;107248;101783;75.7;71.8
05;2021-09-11;148;441;107396;102224;75.8;72.1
05;2021-09-12;24;105;107420;102329;75.8;72.2
05;2021-09-13;170;282;107590;102611;75.9;72.4
05;2021-09-14;224;269;107814;102880;76.1;72.6
05;2021-09-15;177;376;107991;103256;76.2;72.8
05;2021-09-16;174;254;108165;103510;76.3;73.0
05;2021-09-17;147;319;108312;103829;76.4;73.2
05;2021-09-18;120;359;108432;104188;76.5;73.5
05;2021-09-19;16;38;108448;104226;76.5;73.5
05;2021-09-20;59;166;108507;104392;76.5;73.6
05;2021-09-21;81;246;108588;104638;76.6;73.8
05;2021-09-22;108;290;108696;104928;76.7;74.0
05;2021-09-23;99;238;108795;105166;76.7;74.2
05;2021-09-24;85;281;108880;105447;76.8;74.4
05;2021-09-25;85;225;108965;105672;76.9;74.5
05;2021-09-26;17;31;108982;105703;76.9;74.6
05;2021-09-27;63;144;109045;105847;76.9;74.7
05;2021-09-28;68;159;109113;106006;77.0;74.8
05;2021-09-29;85;199;109198;106205;77.0;74.9
05;2021-09-30;59;102;109257;106307;77.1;75.0
05;2021-10-01;116;240;109373;106547;77.2;75.2
05;2021-10-02;93;194;109466;106741;77.2;75.3
05;2021-10-03;14;31;109480;106772;77.2;75.3
05;2021-10-04;64;160;109544;106932;77.3;75.4
05;2021-10-05;66;180;109610;107112;77.3;75.6
05;2021-10-06;83;164;109693;107276;77.4;75.7
05;2021-10-07;48;113;109741;107389;77.4;75.8
05;2021-10-08;87;144;109828;107533;77.5;75.9
05;2021-10-09;80;177;109908;107710;77.5;76.0
05;2021-10-10;12;22;109920;107732;77.5;76.0
05;2021-10-11;60;103;109980;107835;77.6;76.1
05;2021-10-12;37;105;110017;107940;77.6;76.1
06;2020-12-27;16;4;16;4;0.0;0.0
06;2020-12-28;26;3;42;7;0.0;0.0
06;2020-12-29;12;3;54;10;0.0;0.0
06;2020-12-30;10;1;64;11;0.0;0.0
06;2020-12-31;30;1;94;12;0.0;0.0
06;2021-01-01;26;4;120;16;0.0;0.0
06;2021-01-02;9;0;129;16;0.0;0.0
06;2021-01-03;11;3;140;19;0.0;0.0
06;2021-01-04;160;3;300;22;0.0;0.0
06;2021-01-05;195;11;495;33;0.0;0.0
06;2021-01-06;256;10;751;43;0.1;0.0
06;2021-01-07;528;7;1279;50;0.1;0.0
06;2021-01-08;695;5;1974;55;0.2;0.0
06;2021-01-09;391;5;2365;60;0.2;0.0
06;2021-01-10;83;2;2448;62;0.2;0.0
06;2021-01-11;1166;7;3614;69;0.3;0.0
06;2021-01-12;2253;13;5867;82;0.5;0.0
06;2021-01-13;1757;15;7624;97;0.7;0.0
06;2021-01-14;2188;30;9812;127;0.9;0.0
06;2021-01-15;1893;7;11705;134;1.1;0.0
06;2021-01-16;995;7;12700;141;1.2;0.0
06;2021-01-17;248;0;12948;141;1.2;0.0
06;2021-01-18;2515;26;15463;167;1.4;0.0
06;2021-01-19;2782;26;18245;193;1.7;0.0
06;2021-01-20;3395;21;21640;214;2.0;0.0
06;2021-01-21;3067;35;24707;249;2.3;0.0
06;2021-01-22;3037;39;27744;288;2.6;0.0
06;2021-01-23;1311;5;29055;293;2.7;0.0
06;2021-01-24;34;0;29089;293;2.7;0.0
06;2021-01-25;2098;16;31187;309;2.9;0.0
06;2021-01-26;3421;55;34608;364;3.2;0.0
06;2021-01-27;2580;114;37188;478;3.4;0.0
06;2021-01-28;2832;218;40020;696;3.7;0.1
06;2021-01-29;2533;329;42553;1025;3.9;0.1
06;2021-01-30;674;47;43227;1072;4.0;0.1
06;2021-01-31;4;1;43231;1073;4.0;0.1
06;2021-02-01;1031;470;44262;1543;4.1;0.1
06;2021-02-02;1521;421;45783;1964;4.2;0.2
06;2021-02-03;342;139;46125;2103;4.3;0.2
06;2021-02-04;727;894;46852;2997;4.3;0.3
06;2021-02-05;1019;1107;47871;4104;4.4;0.4
06;2021-02-06;173;466;48044;4570;4.5;0.4
06;2021-02-07;14;49;48058;4619;4.5;0.4
06;2021-02-08;546;1087;48604;5706;4.5;0.5
06;2021-02-09;329;736;48933;6442;4.5;0.6
06;2021-02-10;389;667;49322;7109;4.6;0.7
06;2021-02-11;487;1064;49809;8173;4.6;0.8
06;2021-02-12;662;1311;50471;9484;4.7;0.9
06;2021-02-13;207;518;50678;10002;4.7;0.9
06;2021-02-14;21;5;50699;10007;4.7;0.9
06;2021-02-15;469;1261;51168;11268;4.7;1.0
06;2021-02-16;877;2003;52045;13271;4.8;1.2
06;2021-02-17;847;2120;52892;15391;4.9;1.4
06;2021-02-18;1833;2684;54725;18075;5.1;1.7
06;2021-02-19;1779;2152;56504;20227;5.2;1.9
06;2021-02-20;291;525;56795;20752;5.3;1.9
06;2021-02-21;25;56;56820;20808;5.3;1.9
06;2021-02-22;1093;1623;57913;22431;5.4;2.1
06;2021-02-23;1777;1555;59690;23986;5.5;2.2
06;2021-02-24;2129;1298;61819;25284;5.7;2.3
06;2021-02-25;3874;1692;65693;26976;6.1;2.5
06;2021-02-26;3417;1630;69110;28606;6.4;2.7
06;2021-02-27;1444;338;70554;28944;6.5;2.7
06;2021-02-28;104;25;70658;28969;6.5;2.7
06;2021-03-01;2443;840;73101;29809;6.8;2.8
06;2021-03-02;2477;998;75578;30807;7.0;2.9
06;2021-03-03;2882;588;78460;31395;7.3;2.9
06;2021-03-04;4648;632;83108;32027;7.7;3.0
06;2021-03-05;3932;1050;87040;33077;8.1;3.1
06;2021-03-06;11987;402;99027;33479;9.2;3.1
06;2021-03-07;10226;352;109253;33831;10.1;3.1
06;2021-03-08;4192;1219;113445;35050;10.5;3.2
06;2021-03-09;5024;981;118469;36031;11.0;3.3
06;2021-03-10;4744;891;123213;36922;11.4;3.4
06;2021-03-11;6748;942;129961;37864;12.0;3.5
06;2021-03-12;6899;1043;136860;38907;12.7;3.6
06;2021-03-13;11284;400;148144;39307;13.7;3.6
06;2021-03-14;519;56;148663;39363;13.8;3.6
06;2021-03-15;4855;787;153518;40150;14.2;3.7
06;2021-03-16;3784;1072;157302;41222;14.6;3.8
06;2021-03-17;6217;1917;163519;43139;15.1;4.0
06;2021-03-18;5138;1854;168657;44993;15.6;4.2
06;2021-03-19;6845;2064;175502;47057;16.3;4.4
06;2021-03-20;2381;560;177883;47617;16.5;4.4
06;2021-03-21;416;27;178299;47644;16.5;4.4
06;2021-03-22;4000;720;182299;48364;16.9;4.5
06;2021-03-23;5999;1238;188298;49602;17.4;4.6
06;2021-03-24;4236;3347;192534;52949;17.8;4.9
06;2021-03-25;5890;3274;198424;56223;18.4;5.2
06;2021-03-26;6375;2019;204799;58242;19.0;5.4
06;2021-03-27;2044;373;206843;58615;19.2;5.4
06;2021-03-28;219;8;207062;58623;19.2;5.4
06;2021-03-29;3212;2110;210274;60733;19.5;5.6
06;2021-03-30;5199;2550;215473;63283;20.0;5.9
06;2021-03-31;8064;1703;223537;64986;20.7;6.0
06;2021-04-01;7677;2521;231214;67507;21.4;6.3
06;2021-04-02;7258;2744;238472;70251;22.1;6.5
06;2021-04-03;2724;1379;241196;71630;22.3;6.6
06;2021-04-04;305;550;241501;72180;22.4;6.7
06;2021-04-05;1417;702;242918;72882;22.5;6.8
06;2021-04-06;6688;3341;249606;76223;23.1;7.1
06;2021-04-07;6238;3924;255844;80147;23.7;7.4
06;2021-04-08;5757;5691;261601;85838;24.2;8.0
06;2021-04-09;9403;5907;271004;91745;25.1;8.5
06;2021-04-10;2396;2789;273400;94534;25.3;8.8
06;2021-04-11;189;60;273589;94594;25.3;8.8
06;2021-04-12;4392;3550;277981;98144;25.8;9.1
06;2021-04-13;6395;5157;284376;103301;26.3;9.6
06;2021-04-14;5481;4520;289857;107821;26.9;10.0
06;2021-04-15;5560;4414;295417;112235;27.4;10.4
06;2021-04-16;7094;5219;302511;117454;28.0;10.9
06;2021-04-17;2789;3063;305300;120517;28.3;11.2
06;2021-04-18;272;228;305572;120745;28.3;11.2
06;2021-04-19;5506;4062;311078;124807;28.8;11.6
06;2021-04-20;5671;4894;316749;129701;29.3;12.0
06;2021-04-21;8338;4211;325087;133912;30.1;12.4
06;2021-04-22;8585;4231;333672;138143;30.9;12.8
06;2021-04-23;8856;4321;342528;142464;31.7;13.2
06;2021-04-24;2358;1500;344886;143964;32.0;13.3
06;2021-04-25;122;29;345008;143993;32.0;13.3
06;2021-04-26;4163;2328;349171;146321;32.3;13.6
06;2021-04-27;4596;4063;353767;150384;32.8;13.9
06;2021-04-28;4166;4591;357933;154975;33.2;14.4
06;2021-04-29;6098;5479;364031;160454;33.7;14.9
06;2021-04-30;6790;5206;370821;165660;34.4;15.3
06;2021-05-01;4168;846;374989;166506;34.7;15.4
06;2021-05-02;495;161;375484;166667;34.8;15.4
06;2021-05-03;6931;3581;382415;170248;35.4;15.8
06;2021-05-04;5757;5420;388172;175668;36.0;16.3
06;2021-05-05;4553;3925;392725;179593;36.4;16.6
06;2021-05-06;5237;4758;397962;184351;36.9;17.1
06;2021-05-07;5663;5687;403625;190038;37.4;17.6
06;2021-05-08;4879;1338;408504;191376;37.8;17.7
06;2021-05-09;206;308;408710;191684;37.9;17.8
06;2021-05-10;4836;5057;413546;196741;38.3;18.2
06;2021-05-11;4949;5570;418495;202311;38.8;18.7
06;2021-05-12;9112;4907;427607;207218;39.6;19.2
06;2021-05-13;9283;2151;436890;209369;40.5;19.4
06;2021-05-14;10863;3374;447753;212743;41.5;19.7
06;2021-05-15;9315;2246;457068;214989;42.3;19.9
06;2021-05-16;1506;288;458574;215277;42.5;19.9
06;2021-05-17;7527;3765;466101;219042;43.2;20.3
06;2021-05-18;9752;3235;475853;222277;44.1;20.6
06;2021-05-19;7721;2990;483574;225267;44.8;20.9
06;2021-05-20;7988;3684;491562;228951;45.5;21.2
06;2021-05-21;8836;3956;500398;232907;46.4;21.6
06;2021-05-22;3033;1326;503431;234233;46.6;21.7
06;2021-05-23;134;631;503565;234864;46.7;21.8
06;2021-05-24;3208;1002;506773;235866;46.9;21.9
06;2021-05-25;4766;4934;511539;240800;47.4;22.3
06;2021-05-26;5696;6634;517235;247434;47.9;22.9
06;2021-05-27;5593;6287;522828;253721;48.4;23.5
06;2021-05-28;4985;7296;527813;261017;48.9;24.2
06;2021-05-29;1638;2925;529451;263942;49.1;24.5
06;2021-05-30;258;1122;529709;265064;49.1;24.6
06;2021-05-31;4421;5133;534130;270197;49.5;25.0
06;2021-06-01;5760;7436;539890;277633;50.0;25.7
06;2021-06-02;3327;8556;543217;286189;50.3;26.5
06;2021-06-03;4553;8309;547770;294498;50.7;27.3
06;2021-06-04;5491;7734;553261;302232;51.3;28.0
06;2021-06-05;2468;3350;555729;305582;51.5;28.3
06;2021-06-06;186;237;555915;305819;51.5;28.3
06;2021-06-07;4150;5586;560065;311405;51.9;28.8
06;2021-06-08;4489;5227;564554;316632;52.3;29.3
06;2021-06-09;4126;7366;568680;323998;52.7;30.0
06;2021-06-10;4797;6873;573477;330871;53.1;30.7
06;2021-06-11;3932;8364;577409;339235;53.5;31.4
06;2021-06-12;1748;3752;579157;342987;53.7;31.8
06;2021-06-13;151;439;579308;343426;53.7;31.8
06;2021-06-14;2746;8608;582054;352034;53.9;32.6
06;2021-06-15;3298;9496;585352;361530;54.2;33.5
06;2021-06-16;3517;7023;588869;368553;54.6;34.1
06;2021-06-17;3687;7195;592556;375748;54.9;34.8
06;2021-06-18;2646;5930;595202;381678;55.1;35.4
06;2021-06-19;1321;1689;596523;383367;55.3;35.5
06;2021-06-20;211;349;596734;383716;55.3;35.5
06;2021-06-21;1738;6296;598472;390012;55.4;36.1
06;2021-06-22;2377;7364;600849;397376;55.7;36.8
06;2021-06-23;2097;6547;602946;403923;55.9;37.4
06;2021-06-24;3499;8976;606445;412899;56.2;38.3
06;2021-06-25;2309;9607;608754;422506;56.4;39.1
06;2021-06-26;893;2288;609647;424794;56.5;39.4
06;2021-06-27;379;1192;610026;425986;56.5;39.5
06;2021-06-28;2503;8124;612529;434110;56.7;40.2
06;2021-06-29;2396;7732;614925;441842;57.0;40.9
06;2021-06-30;1522;7693;616447;449535;57.1;41.6
06;2021-07-01;3573;7484;620020;457019;57.4;42.3
06;2021-07-02;4477;8284;624497;465303;57.9;43.1
06;2021-07-03;1240;4307;625737;469610;58.0;43.5
06;2021-07-04;318;303;626055;469913;58.0;43.5
06;2021-07-05;4080;5145;630135;475058;58.4;44.0
06;2021-07-06;2152;5816;632287;480874;58.6;44.6
06;2021-07-07;4189;5984;636476;486858;59.0;45.1
06;2021-07-08;3732;6336;640208;493194;59.3;45.7
06;2021-07-09;4869;6242;645077;499436;59.8;46.3
06;2021-07-10;1779;2332;646856;501768;59.9;46.5
06;2021-07-11;333;323;647189;502091;60.0;46.5
06;2021-07-12;4213;7154;651402;509245;60.3;47.2
06;2021-07-13;6127;9027;657529;518272;60.9;48.0
06;2021-07-14;1251;442;658780;518714;61.0;48.1
06;2021-07-15;6854;8041;665634;526755;61.7;48.8
06;2021-07-16;8541;9041;674175;535796;62.5;49.6
06;2021-07-17;3168;5478;677343;541274;62.8;50.1
06;2021-07-18;1079;5333;678422;546607;62.9;50.6
06;2021-07-19;6171;8037;684593;554644;63.4;51.4
06;2021-07-20;7605;10266;692198;564910;64.1;52.3
06;2021-07-21;8481;8720;700679;573630;64.9;53.1
06;2021-07-22;10458;7889;711137;581519;65.9;53.9
06;2021-07-23;9576;6934;720713;588453;66.8;54.5
06;2021-07-24;3306;3107;724019;591560;67.1;54.8
06;2021-07-25;1005;482;725024;592042;67.2;54.8
06;2021-07-26;7666;6893;732690;598935;67.9;55.5
06;2021-07-27;9278;5601;741968;604536;68.7;56.0
06;2021-07-28;7495;5417;749463;609953;69.4;56.5
06;2021-07-29;8894;5792;758357;615745;70.3;57.0
06;2021-07-30;8561;5569;766918;621314;71.1;57.6
06;2021-07-31;3831;3083;770749;624397;71.4;57.8
06;2021-08-01;902;438;771651;624835;71.5;57.9
06;2021-08-02;7153;4634;778804;629469;72.2;58.3
06;2021-08-03;6868;5510;785672;634979;72.8;58.8
06;2021-08-04;5841;3525;791513;638504;73.3;59.2
06;2021-08-05;6788;4478;798301;642982;74.0;59.6
06;2021-08-06;6124;6124;804425;649106;74.5;60.1
06;2021-08-07;2327;2473;806752;651579;74.7;60.4
06;2021-08-08;617;635;807369;652214;74.8;60.4
06;2021-08-09;4885;6041;812254;658255;75.3;61.0
06;2021-08-10;5522;6917;817776;665172;75.8;61.6
06;2021-08-11;4463;6219;822239;671391;76.2;62.2
06;2021-08-12;4747;6743;826986;678134;76.6;62.8
06;2021-08-13;3882;6455;830868;684589;77.0;63.4
06;2021-08-14;1599;2275;832467;686864;77.1;63.6
06;2021-08-15;420;639;832887;687503;77.2;63.7
06;2021-08-16;3297;6910;836184;694413;77.5;64.3
06;2021-08-17;3848;7779;840032;702192;77.8;65.1
06;2021-08-18;3002;6411;843034;708603;78.1;65.6
06;2021-08-19;4029;8128;847063;716731;78.5;66.4
06;2021-08-20;3329;6536;850392;723267;78.8;67.0
06;2021-08-21;1846;3595;852238;726862;79.0;67.3
06;2021-08-22;388;712;852626;727574;79.0;67.4
06;2021-08-23;2561;6530;855187;734104;79.2;68.0
06;2021-08-24;2901;6475;858088;740579;79.5;68.6
06;2021-08-25;2644;5683;860732;746262;79.7;69.1
06;2021-08-26;2738;6892;863470;753154;80.0;69.8
06;2021-08-27;2660;7078;866130;760232;80.2;70.4
06;2021-08-28;1299;3335;867429;763567;80.4;70.7
06;2021-08-29;300;827;867729;764394;80.4;70.8
06;2021-08-30;2471;6184;870200;770578;80.6;71.4
06;2021-08-31;2778;6857;872978;777435;80.9;72.0
06;2021-09-01;3006;5291;875984;782726;81.2;72.5
06;2021-09-02;2489;5492;878473;788218;81.4;73.0
06;2021-09-03;2215;5961;880688;794179;81.6;73.6
06;2021-09-04;1386;3496;882074;797675;81.7;73.9
06;2021-09-05;286;498;882360;798173;81.7;73.9
06;2021-09-06;1622;3928;883982;802101;81.9;74.3
06;2021-09-07;1654;4134;885636;806235;82.0;74.7
06;2021-09-08;1621;3220;887257;809455;82.2;75.0
06;2021-09-09;1462;3349;888719;812804;82.3;75.3
06;2021-09-10;1918;3504;890637;816308;82.5;75.6
06;2021-09-11;1089;2278;891726;818586;82.6;75.8
06;2021-09-12;146;325;891872;818911;82.6;75.9
06;2021-09-13;1322;2647;893194;821558;82.7;76.1
06;2021-09-14;1543;2283;894737;823841;82.9;76.3
06;2021-09-15;1511;2760;896248;826601;83.0;76.6
06;2021-09-16;1385;2428;897633;829029;83.2;76.8
06;2021-09-17;1519;2879;899152;831908;83.3;77.1
06;2021-09-18;695;1963;899847;833871;83.4;77.3
06;2021-09-19;109;289;899956;834160;83.4;77.3
06;2021-09-20;738;2137;900694;836297;83.4;77.5
06;2021-09-21;992;2482;901686;838779;83.5;77.7
06;2021-09-22;1050;2513;902736;841292;83.6;77.9
06;2021-09-23;820;2201;903556;843493;83.7;78.1
06;2021-09-24;921;2353;904477;845846;83.8;78.4
06;2021-09-25;492;1781;904969;847627;83.8;78.5
06;2021-09-26;101;224;905070;847851;83.8;78.5
06;2021-09-27;670;1620;905740;849471;83.9;78.7
06;2021-09-28;580;1605;906320;851076;84.0;78.8
06;2021-09-29;822;1792;907142;852868;84.0;79.0
06;2021-09-30;759;1707;907901;854575;84.1;79.2
06;2021-10-01;948;2088;908849;856663;84.2;79.4
06;2021-10-02;500;1349;909349;858012;84.2;79.5
06;2021-10-03;105;171;909454;858183;84.3;79.5
06;2021-10-04;426;1182;909880;859365;84.3;79.6
06;2021-10-05;618;1642;910498;861007;84.4;79.8
06;2021-10-06;760;1742;911258;862749;84.4;79.9
06;2021-10-07;642;1564;911900;864313;84.5;80.1
06;2021-10-08;865;1736;912765;866049;84.6;80.2
06;2021-10-09;522;1148;913287;867197;84.6;80.3
06;2021-10-10;137;209;913424;867406;84.6;80.4
06;2021-10-11;569;1260;913993;868666;84.7;80.5
06;2021-10-12;540;1147;914533;869813;84.7;80.6
07;2020-12-27;0;0;0;0;0.0;0.0
07;2020-12-28;0;0;0;0;0.0;0.0
07;2020-12-29;0;0;0;0;0.0;0.0
07;2020-12-30;0;0;0;0;0.0;0.0
07;2020-12-31;0;0;0;0;0.0;0.0
07;2021-01-01;7;0;7;0;0.0;0.0
07;2021-01-02;0;0;7;0;0.0;0.0
07;2021-01-03;0;0;7;0;0.0;0.0
07;2021-01-04;0;0;7;0;0.0;0.0
07;2021-01-05;0;0;7;0;0.0;0.0
07;2021-01-06;31;0;38;0;0.0;0.0
07;2021-01-07;130;1;168;1;0.1;0.0
07;2021-01-08;45;1;213;2;0.1;0.0
07;2021-01-09;17;0;230;2;0.1;0.0
07;2021-01-10;0;0;230;2;0.1;0.0
07;2021-01-11;157;1;387;3;0.1;0.0
07;2021-01-12;310;1;697;4;0.2;0.0
07;2021-01-13;308;4;1005;8;0.3;0.0
07;2021-01-14;475;0;1480;8;0.5;0.0
07;2021-01-15;188;0;1668;8;0.5;0.0
07;2021-01-16;17;0;1685;8;0.5;0.0
07;2021-01-17;2;0;1687;8;0.5;0.0
07;2021-01-18;364;5;2051;13;0.6;0.0
07;2021-01-19;830;3;2881;16;0.9;0.0
07;2021-01-20;605;8;3486;24;1.1;0.0
07;2021-01-21;454;3;3940;27;1.2;0.0
07;2021-01-22;292;0;4232;27;1.3;0.0
07;2021-01-23;107;0;4339;27;1.3;0.0
07;2021-01-24;0;0;4339;27;1.3;0.0
07;2021-01-25;164;0;4503;27;1.4;0.0
07;2021-01-26;491;4;4994;31;1.5;0.0
07;2021-01-27;558;14;5552;45;1.7;0.0
07;2021-01-28;1207;103;6759;148;2.1;0.0
07;2021-01-29;714;19;7473;167;2.3;0.1
07;2021-01-30;212;4;7685;171;2.4;0.1
07;2021-01-31;7;0;7692;171;2.4;0.1
07;2021-02-01;267;33;7959;204;2.4;0.1
07;2021-02-02;664;240;8623;444;2.6;0.1
07;2021-02-03;1046;235;9669;679;3.0;0.2
07;2021-02-04;722;270;10391;949;3.2;0.3
07;2021-02-05;484;255;10875;1204;3.3;0.4
07;2021-02-06;98;2;10973;1206;3.4;0.4
07;2021-02-07;12;1;10985;1207;3.4;0.4
07;2021-02-08;239;175;11224;1382;3.4;0.4
07;2021-02-09;490;331;11714;1713;3.6;0.5
07;2021-02-10;539;397;12253;2110;3.7;0.6
07;2021-02-11;400;282;12653;2392;3.9;0.7
07;2021-02-12;266;162;12919;2554;4.0;0.8
07;2021-02-13;69;20;12988;2574;4.0;0.8
07;2021-02-14;1;0;12989;2574;4.0;0.8
07;2021-02-15;270;130;13259;2704;4.1;0.8
07;2021-02-16;352;364;13611;3068;4.2;0.9
07;2021-02-17;466;330;14077;3398;4.3;1.0
07;2021-02-18;564;767;14641;4165;4.5;1.3
07;2021-02-19;458;508;15099;4673;4.6;1.4
07;2021-02-20;109;69;15208;4742;4.7;1.5
07;2021-02-21;15;0;15223;4742;4.7;1.5
07;2021-02-22;425;217;15648;4959;4.8;1.5
07;2021-02-23;648;622;16296;5581;5.0;1.7
07;2021-02-24;927;710;17223;6291;5.3;1.9
07;2021-02-25;709;539;17932;6830;5.5;2.1
07;2021-02-26;844;295;18776;7125;5.7;2.2
07;2021-02-27;190;145;18966;7270;5.8;2.2
07;2021-02-28;1;0;18967;7270;5.8;2.2
07;2021-03-01;438;215;19405;7485;5.9;2.3
07;2021-03-02;658;566;20063;8051;6.1;2.5
07;2021-03-03;695;537;20758;8588;6.4;2.6
07;2021-03-04;1101;360;21859;8948;6.7;2.7
07;2021-03-05;1083;378;22942;9326;7.0;2.9
07;2021-03-06;1127;99;24069;9425;7.4;2.9
07;2021-03-07;717;21;24786;9446;7.6;2.9
07;2021-03-08;353;320;25139;9766;7.7;3.0
07;2021-03-09;1091;439;26230;10205;8.0;3.1
07;2021-03-10;868;522;27098;10727;8.3;3.3
07;2021-03-11;1373;473;28471;11200;8.7;3.4
07;2021-03-12;1618;571;30089;11771;9.2;3.6
07;2021-03-13;683;105;30772;11876;9.4;3.6
07;2021-03-14;4;0;30776;11876;9.4;3.6
07;2021-03-15;525;292;31301;12168;9.6;3.7
07;2021-03-16;1208;487;32509;12655;9.9;3.9
07;2021-03-17;1188;774;33697;13429;10.3;4.1
07;2021-03-18;1217;418;34914;13847;10.7;4.2
07;2021-03-19;1269;426;36183;14273;11.1;4.4
07;2021-03-20;467;109;36650;14382;11.2;4.4
07;2021-03-21;3;2;36653;14384;11.2;4.4
07;2021-03-22;791;537;37444;14921;11.5;4.6
07;2021-03-23;1519;727;38963;15648;11.9;4.8
07;2021-03-24;1280;673;40243;16321;12.3;5.0
07;2021-03-25;1852;521;42095;16842;12.9;5.2
07;2021-03-26;1834;446;43929;17288;13.4;5.3
07;2021-03-27;384;101;44313;17389;13.6;5.3
07;2021-03-28;6;1;44319;17390;13.6;5.3
07;2021-03-29;789;361;45108;17751;13.8;5.4
07;2021-03-30;1526;516;46634;18267;14.3;5.6
07;2021-03-31;1662;508;48296;18775;14.8;5.7
07;2021-04-01;1590;667;49886;19442;15.3;5.9
07;2021-04-02;1522;443;51408;19885;15.7;6.1
07;2021-04-03;230;106;51638;19991;15.8;6.1
07;2021-04-04;3;1;51641;19992;15.8;6.1
07;2021-04-05;0;66;51641;20058;15.8;6.1
07;2021-04-06;1156;761;52797;20819;16.2;6.4
07;2021-04-07;1316;907;54113;21726;16.6;6.6
07;2021-04-08;1969;1183;56082;22909;17.2;7.0
07;2021-04-09;2423;576;58505;23485;17.9;7.2
07;2021-04-10;807;164;59312;23649;18.1;7.2
07;2021-04-11;340;13;59652;23662;18.2;7.2
07;2021-04-12;1287;604;60939;24266;18.6;7.4
07;2021-04-13;1767;1340;62706;25606;19.2;7.8
07;2021-04-14;1687;1020;64393;26626;19.7;8.1
07;2021-04-15;1443;848;65836;27474;20.1;8.4
07;2021-04-16;1506;918;67342;28392;20.6;8.7
07;2021-04-17;870;217;68212;28609;20.9;8.8
07;2021-04-18;699;39;68911;28648;21.1;8.8
07;2021-04-19;1161;574;70072;29222;21.4;8.9
07;2021-04-20;1440;1321;71512;30543;21.9;9.3
07;2021-04-21;1719;919;73231;31462;22.4;9.6
07;2021-04-22;1816;971;75047;32433;23.0;9.9
07;2021-04-23;1411;972;76458;33405;23.4;10.2
07;2021-04-24;962;254;77420;33659;23.7;10.3
07;2021-04-25;717;69;78137;33728;23.9;10.3
07;2021-04-26;1137;680;79274;34408;24.3;10.5
07;2021-04-27;1394;1567;80668;35975;24.7;11.0
07;2021-04-28;1635;1760;82303;37735;25.2;11.5
07;2021-04-29;1938;1536;84241;39271;25.8;12.0
07;2021-04-30;1660;1486;85901;40757;26.3;12.5
07;2021-05-01;960;120;86861;40877;26.6;12.5
07;2021-05-02;844;155;87705;41032;26.8;12.6
07;2021-05-03;1280;435;88985;41467;27.2;12.7
07;2021-05-04;2170;1568;91155;43035;27.9;13.2
07;2021-05-05;1744;1388;92899;44423;28.4;13.6
07;2021-05-06;2101;1588;95000;46011;29.1;14.1
07;2021-05-07;1597;1557;96597;47568;29.6;14.6
07;2021-05-08;1230;406;97827;47974;29.9;14.7
07;2021-05-09;1030;327;98857;48301;30.2;14.8
07;2021-05-10;1406;1177;100263;49478;30.7;15.1
07;2021-05-11;2470;1698;102733;51176;31.4;15.7
07;2021-05-12;2165;1279;104898;52455;32.1;16.0
07;2021-05-13;1712;273;106610;52728;32.6;16.1
07;2021-05-14;1734;999;108344;53727;33.1;16.4
07;2021-05-15;1626;500;109970;54227;33.6;16.6
07;2021-05-16;1442;214;111412;54441;34.1;16.7
07;2021-05-17;1771;859;113183;55300;34.6;16.9
07;2021-05-18;2295;1303;115478;56603;35.3;17.3
07;2021-05-19;2375;1000;117853;57603;36.1;17.6
07;2021-05-20;2165;1308;120018;58911;36.7;18.0
07;2021-05-21;1757;1312;121775;60223;37.3;18.4
07;2021-05-22;935;543;122710;60766;37.5;18.6
07;2021-05-23;856;157;123566;60923;37.8;18.6
07;2021-05-24;1648;339;125214;61262;38.3;18.7
07;2021-05-25;2184;1481;127398;62743;39.0;19.2
07;2021-05-26;1526;1379;128924;64122;39.4;19.6
07;2021-05-27;2015;1412;130939;65534;40.1;20.0
07;2021-05-28;1771;2079;132710;67613;40.6;20.7
07;2021-05-29;942;683;133652;68296;40.9;20.9
07;2021-05-30;622;570;134274;68866;41.1;21.1
07;2021-05-31;1133;1284;135407;70150;41.4;21.5
07;2021-06-01;2152;2001;137559;72151;42.1;22.1
07;2021-06-02;1532;1653;139091;73804;42.6;22.6
07;2021-06-03;1712;1254;140803;75058;43.1;23.0
07;2021-06-04;1676;1594;142479;76652;43.6;23.4
07;2021-06-05;987;955;143466;77607;43.9;23.7
07;2021-06-06;598;624;144064;78231;44.1;23.9
07;2021-06-07;961;1193;145025;79424;44.4;24.3
07;2021-06-08;1547;1772;146572;81196;44.8;24.8
07;2021-06-09;1030;1421;147602;82617;45.2;25.3
07;2021-06-10;789;1388;148391;84005;45.4;25.7
07;2021-06-11;1154;2032;149545;86037;45.7;26.3
07;2021-06-12;643;1217;150188;87254;45.9;26.7
07;2021-06-13;395;444;150583;87698;46.1;26.8
07;2021-06-14;566;1958;151149;89656;46.2;27.4
07;2021-06-15;936;2552;152085;92208;46.5;28.2
07;2021-06-16;1023;1854;153108;94062;46.8;28.8
07;2021-06-17;885;1949;153993;96011;47.1;29.4
07;2021-06-18;868;2282;154861;98293;47.4;30.1
07;2021-06-19;603;1452;155464;99745;47.6;30.5
07;2021-06-20;369;729;155833;100474;47.7;30.7
07;2021-06-21;516;2143;156349;102617;47.8;31.4
07;2021-06-22;655;2662;157004;105279;48.0;32.2
07;2021-06-23;680;1960;157684;107239;48.2;32.8
07;2021-06-24;646;1852;158330;109091;48.4;33.4
07;2021-06-25;701;2177;159031;111268;48.7;34.0
07;2021-06-26;362;1430;159393;112698;48.8;34.5
07;2021-06-27;285;1073;159678;113771;48.8;34.8
07;2021-06-28;506;2241;160184;116012;49.0;35.5
07;2021-06-29;540;2988;160724;119000;49.2;36.4
07;2021-06-30;822;2278;161546;121278;49.4;37.1
07;2021-07-01;776;1951;162322;123229;49.7;37.7
07;2021-07-02;880;2298;163202;125527;49.9;38.4
07;2021-07-03;421;1137;163623;126664;50.1;38.7
07;2021-07-04;211;852;163834;127516;50.1;39.0
07;2021-07-05;670;1685;164504;129201;50.3;39.5
07;2021-07-06;880;2630;165384;131831;50.6;40.3
07;2021-07-07;969;1951;166353;133782;50.9;40.9
07;2021-07-08;928;1959;167281;135741;51.2;41.5
07;2021-07-09;995;2262;168276;138003;51.5;42.2
07;2021-07-10;598;1100;168874;139103;51.7;42.6
07;2021-07-11;239;614;169113;139717;51.7;42.7
07;2021-07-12;807;1770;169920;141487;52.0;43.3
07;2021-07-13;1770;3173;171690;144660;52.5;44.3
07;2021-07-14;167;133;171857;144793;52.6;44.3
07;2021-07-15;1960;2468;173817;147261;53.2;45.1
07;2021-07-16;2057;1987;175874;149248;53.8;45.7
07;2021-07-17;1484;1250;177358;150498;54.3;46.0
07;2021-07-18;771;480;178129;150978;54.5;46.2
07;2021-07-19;1514;1689;179643;152667;55.0;46.7
07;2021-07-20;2518;2678;182161;155345;55.7;47.5
07;2021-07-21;1856;1917;184017;157262;56.3;48.1
07;2021-07-22;1918;1374;185935;158636;56.9;48.5
07;2021-07-23;2264;1688;188199;160324;57.6;49.0
07;2021-07-24;1642;1112;189841;161436;58.1;49.4
07;2021-07-25;34;22;189875;161458;58.1;49.4
07;2021-07-26;2199;1546;192074;163004;58.8;49.9
07;2021-07-27;3017;1915;195091;164919;59.7;50.5
07;2021-07-28;1643;1309;196734;166228;60.2;50.9
07;2021-07-29;2540;1274;199274;167502;61.0;51.2
07;2021-07-30;1356;1415;200630;168917;61.4;51.7
07;2021-07-31;1506;922;202136;169839;61.8;52.0
07;2021-08-01;74;26;202210;169865;61.9;52.0
07;2021-08-02;1516;1133;203726;170998;62.3;52.3
07;2021-08-03;2418;1911;206144;172909;63.1;52.9
07;2021-08-04;1947;1033;208091;173942;63.7;53.2
07;2021-08-05;1893;1296;209984;175238;64.2;53.6
07;2021-08-06;2033;1711;212017;176949;64.9;54.1
07;2021-08-07;998;556;213015;177505;65.2;54.3
07;2021-08-08;12;23;213027;177528;65.2;54.3
07;2021-08-09;1258;1382;214285;178910;65.6;54.7
07;2021-08-10;1599;2260;215884;181170;66.0;55.4
07;2021-08-11;1399;1600;217283;182770;66.5;55.9
07;2021-08-12;1105;1486;218388;184256;66.8;56.4
07;2021-08-13;1182;1790;219570;186046;67.2;56.9
07;2021-08-14;512;766;220082;186812;67.3;57.2
07;2021-08-15;9;28;220091;186840;67.3;57.2
07;2021-08-16;754;1328;220845;188168;67.6;57.6
07;2021-08-17;1339;2278;222184;190446;68.0;58.3
07;2021-08-18;880;1517;223064;191963;68.2;58.7
07;2021-08-19;1149;1697;224213;193660;68.6;59.2
07;2021-08-20;899;2086;225112;195746;68.9;59.9
07;2021-08-21;364;549;225476;196295;69.0;60.1
07;2021-08-22;7;23;225483;196318;69.0;60.1
07;2021-08-23;467;1307;225950;197625;69.1;60.5
07;2021-08-24;1125;2312;227075;199937;69.5;61.2
07;2021-08-25;692;1838;227767;201775;69.7;61.7
07;2021-08-26;690;2021;228457;203796;69.9;62.3
07;2021-08-27;784;1830;229241;205626;70.1;62.9
07;2021-08-28;338;608;229579;206234;70.2;63.1
07;2021-08-29;1;33;229580;206267;70.2;63.1
07;2021-08-30;429;1304;230009;207571;70.4;63.5
07;2021-08-31;1094;2203;231103;209774;70.7;64.2
07;2021-09-01;543;1346;231646;211120;70.9;64.6
07;2021-09-02;605;1384;232251;212504;71.1;65.0
07;2021-09-03;741;1775;232992;214279;71.3;65.6
07;2021-09-04;309;696;233301;214975;71.4;65.8
07;2021-09-05;26;28;233327;215003;71.4;65.8
07;2021-09-06;403;906;233730;215909;71.5;66.1
07;2021-09-07;524;1297;234254;217206;71.7;66.4
07;2021-09-08;445;1042;234699;218248;71.8;66.8
07;2021-09-09;479;858;235178;219106;71.9;67.0
07;2021-09-10;518;1245;235696;220351;72.1;67.4
07;2021-09-11;168;628;235864;220979;72.2;67.6
07;2021-09-12;0;7;235864;220986;72.2;67.6
07;2021-09-13;351;524;236215;221510;72.3;67.8
07;2021-09-14;536;886;236751;222396;72.4;68.0
07;2021-09-15;304;744;237055;223140;72.5;68.3
07;2021-09-16;430;568;237485;223708;72.7;68.4
07;2021-09-17;318;802;237803;224510;72.8;68.7
07;2021-09-18;100;454;237903;224964;72.8;68.8
07;2021-09-19;3;32;237906;224996;72.8;68.8
07;2021-09-20;239;365;238145;225361;72.9;68.9
07;2021-09-21;287;695;238432;226056;72.9;69.2
07;2021-09-22;172;726;238604;226782;73.0;69.4
07;2021-09-23;189;532;238793;227314;73.1;69.5
07;2021-09-24;277;838;239070;228152;73.1;69.8
07;2021-09-25;51;208;239121;228360;73.2;69.9
07;2021-09-26;6;17;239127;228377;73.2;69.9
07;2021-09-27;145;458;239272;228835;73.2;70.0
07;2021-09-28;178;522;239450;229357;73.3;70.2
07;2021-09-29;127;513;239577;229870;73.3;70.3
07;2021-09-30;174;451;239751;230321;73.3;70.5
07;2021-10-01;220;593;239971;230914;73.4;70.6
07;2021-10-02;76;137;240047;231051;73.4;70.7
07;2021-10-03;10;15;240057;231066;73.4;70.7
07;2021-10-04;161;366;240218;231432;73.5;70.8
07;2021-10-05;206;446;240424;231878;73.6;70.9
07;2021-10-06;161;330;240585;232208;73.6;71.0
07;2021-10-07;140;438;240725;232646;73.6;71.2
07;2021-10-08;207;428;240932;233074;73.7;71.3
07;2021-10-09;65;95;240997;233169;73.7;71.3
07;2021-10-10;0;1;240997;233170;73.7;71.3
07;2021-10-11;101;269;241098;233439;73.8;71.4
07;2021-10-12;180;400;241278;233839;73.8;71.5
08;2020-12-27;1;0;1;0;0.0;0.0
08;2020-12-28;0;0;1;0;0.0;0.0
08;2020-12-29;0;0;1;0;0.0;0.0
08;2020-12-30;0;0;1;0;0.0;0.0
08;2020-12-31;0;0;1;0;0.0;0.0
08;2021-01-01;0;0;1;0;0.0;0.0
08;2021-01-02;0;0;1;0;0.0;0.0
08;2021-01-03;2;0;3;0;0.0;0.0
08;2021-01-04;24;0;27;0;0.0;0.0
08;2021-01-05;1;0;28;0;0.0;0.0
08;2021-01-06;0;0;28;0;0.0;0.0
08;2021-01-07;188;0;216;0;0.1;0.0
08;2021-01-08;315;1;531;1;0.2;0.0
08;2021-01-09;115;0;646;1;0.2;0.0
08;2021-01-10;1;0;647;1;0.2;0.0
08;2021-01-11;66;0;713;1;0.3;0.0
08;2021-01-12;157;0;870;1;0.3;0.0
08;2021-01-13;480;1;1350;2;0.5;0.0
08;2021-01-14;538;9;1888;11;0.7;0.0
08;2021-01-15;288;2;2176;13;0.8;0.0
08;2021-01-16;107;0;2283;13;0.9;0.0
08;2021-01-17;2;0;2285;13;0.9;0.0
08;2021-01-18;371;2;2656;15;1.0;0.0
08;2021-01-19;873;2;3529;17;1.3;0.0
08;2021-01-20;909;4;4438;21;1.7;0.0
08;2021-01-21;743;1;5181;22;2.0;0.0
08;2021-01-22;678;1;5859;23;2.2;0.0
08;2021-01-23;237;0;6096;23;2.3;0.0
08;2021-01-24;0;0;6096;23;2.3;0.0
08;2021-01-25;209;0;6305;23;2.4;0.0
08;2021-01-26;303;2;6608;25;2.5;0.0
08;2021-01-27;410;1;7018;26;2.6;0.0
08;2021-01-28;565;183;7583;209;2.9;0.1
08;2021-01-29;588;182;8171;391;3.1;0.1
08;2021-01-30;222;63;8393;454;3.2;0.2
08;2021-01-31;0;0;8393;454;3.2;0.2
08;2021-02-01;80;46;8473;500;3.2;0.2
08;2021-02-02;192;172;8665;672;3.3;0.3
08;2021-02-03;140;169;8805;841;3.3;0.3
08;2021-02-04;309;287;9114;1128;3.4;0.4
08;2021-02-05;499;360;9613;1488;3.6;0.6
08;2021-02-06;149;75;9762;1563;3.7;0.6
08;2021-02-07;8;0;9770;1563;3.7;0.6
08;2021-02-08;40;172;9810;1735;3.7;0.7
08;2021-02-09;221;646;10031;2381;3.8;0.9
08;2021-02-10;334;639;10365;3020;3.9;1.1
08;2021-02-11;467;365;10832;3385;4.1;1.3
08;2021-02-12;676;386;11508;3771;4.3;1.4
08;2021-02-13;140;115;11648;3886;4.4;1.5
08;2021-02-14;3;60;11651;3946;4.4;1.5
08;2021-02-15;227;208;11878;4154;4.5;1.6
08;2021-02-16;130;374;12008;4528;4.5;1.7
08;2021-02-17;112;414;12120;4942;4.6;1.9
08;2021-02-18;215;518;12335;5460;4.6;2.1
08;2021-02-19;305;423;12640;5883;4.8;2.2
08;2021-02-20;7;206;12647;6089;4.8;2.3
08;2021-02-21;0;0;12647;6089;4.8;2.3
08;2021-02-22;131;180;12778;6269;4.8;2.4
08;2021-02-23;150;319;12928;6588;4.9;2.5
08;2021-02-24;163;388;13091;6976;4.9;2.6
08;2021-02-25;500;529;13591;7505;5.1;2.8
08;2021-02-26;603;626;14194;8131;5.3;3.1
08;2021-02-27;318;194;14512;8325;5.5;3.1
08;2021-02-28;19;1;14531;8326;5.5;3.1
08;2021-03-01;200;105;14731;8431;5.5;3.2
08;2021-03-02;654;281;15385;8712;5.8;3.3
08;2021-03-03;899;202;16284;8914;6.1;3.4
08;2021-03-04;735;335;17019;9249;6.4;3.5
08;2021-03-05;1021;543;18040;9792;6.8;3.7
08;2021-03-06;695;141;18735;9933;7.1;3.7
08;2021-03-07;75;2;18810;9935;7.1;3.7
08;2021-03-08;217;125;19027;10060;7.2;3.8
08;2021-03-09;688;156;19715;10216;7.4;3.8
08;2021-03-10;1038;124;20753;10340;7.8;3.9
08;2021-03-11;982;255;21735;10595;8.2;4.0
08;2021-03-12;1632;519;23367;11114;8.8;4.2
08;2021-03-13;798;125;24165;11239;9.1;4.2
08;2021-03-14;22;0;24187;11239;9.1;4.2
08;2021-03-15;291;73;24478;11312;9.2;4.3
08;2021-03-16;563;40;25041;11352;9.4;4.3
08;2021-03-17;804;66;25845;11418;9.7;4.3
08;2021-03-18;817;162;26662;11580;10.0;4.4
08;2021-03-19;1134;286;27796;11866;10.5;4.5
08;2021-03-20;511;20;28307;11886;10.7;4.5
08;2021-03-21;13;1;28320;11887;10.7;4.5
08;2021-03-22;367;45;28687;11932;10.8;4.5
08;2021-03-23;733;63;29420;11995;11.1;4.5
08;2021-03-24;1327;75;30747;12070;11.6;4.5
08;2021-03-25;1906;98;32653;12168;12.3;4.6
08;2021-03-26;2571;174;35224;12342;13.3;4.6
08;2021-03-27;898;125;36122;12467;13.6;4.7
08;2021-03-28;228;7;36350;12474;13.7;4.7
08;2021-03-29;261;184;36611;12658;13.8;4.8
08;2021-03-30;832;488;37443;13146;14.1;5.0
08;2021-03-31;852;534;38295;13680;14.4;5.2
08;2021-04-01;1687;453;39982;14133;15.1;5.3
08;2021-04-02;1497;523;41479;14656;15.6;5.5
08;2021-04-03;1329;205;42808;14861;16.1;5.6
08;2021-04-04;134;4;42942;14865;16.2;5.6
08;2021-04-05;17;0;42959;14865;16.2;5.6
08;2021-04-06;702;484;43661;15349;16.4;5.8
08;2021-04-07;909;705;44570;16054;16.8;6.0
08;2021-04-08;1745;523;46315;16577;17.4;6.2
08;2021-04-09;2347;730;48662;17307;18.3;6.5
08;2021-04-10;1445;229;50107;17536;18.9;6.6
08;2021-04-11;10;6;50117;17542;18.9;6.6
08;2021-04-12;671;218;50788;17760;19.1;6.7
08;2021-04-13;1309;613;52097;18373;19.6;6.9
08;2021-04-14;1280;867;53377;19240;20.1;7.2
08;2021-04-15;1606;810;54983;20050;20.7;7.6
08;2021-04-16;1873;884;56856;20934;21.4;7.9
08;2021-04-17;1112;403;57968;21337;21.8;8.0
08;2021-04-18;23;14;57991;21351;21.8;8.0
08;2021-04-19;1151;301;59142;21652;22.3;8.2
08;2021-04-20;1120;544;60262;22196;22.7;8.4
08;2021-04-21;1139;747;61401;22943;23.1;8.6
08;2021-04-22;1326;880;62727;23823;23.6;9.0
08;2021-04-23;1675;1174;64402;24997;24.3;9.4
08;2021-04-24;1325;647;65727;25644;24.8;9.7
08;2021-04-25;26;198;65753;25842;24.8;9.7
08;2021-04-26;1040;157;66793;25999;25.2;9.8
08;2021-04-27;1338;601;68131;26600;25.7;10.0
08;2021-04-28;1453;682;69584;27282;26.2;10.3
08;2021-04-29;1174;1316;70758;28598;26.6;10.8
08;2021-04-30;1769;1618;72527;30216;27.3;11.4
08;2021-05-01;1049;497;73576;30713;27.7;11.6
08;2021-05-02;627;183;74203;30896;27.9;11.6
08;2021-05-03;1172;376;75375;31272;28.4;11.8
08;2021-05-04;1328;876;76703;32148;28.9;12.1
08;2021-05-05;1567;1335;78270;33483;29.5;12.6
08;2021-05-06;1971;1664;80241;35147;30.2;13.2
08;2021-05-07;1860;2102;82101;37249;30.9;14.0
08;2021-05-08;922;768;83023;38017;31.3;14.3
08;2021-05-09;443;71;83466;38088;31.4;14.3
08;2021-05-10;1192;665;84658;38753;31.9;14.6
08;2021-05-11;1907;946;86565;39699;32.6;15.0
08;2021-05-12;1809;1239;88374;40938;33.3;15.4
08;2021-05-13;1306;620;89680;41558;33.8;15.7
08;2021-05-14;2535;1038;92215;42596;34.7;16.0
08;2021-05-15;1820;712;94035;43308;35.4;16.3
08;2021-05-16;820;102;94855;43410;35.7;16.3
08;2021-05-17;700;906;95555;44316;36.0;16.7
08;2021-05-18;1250;841;96805;45157;36.5;17.0
08;2021-05-19;1611;960;98416;46117;37.1;17.4
08;2021-05-20;2147;964;100563;47081;37.9;17.7
08;2021-05-21;2339;1274;102902;48355;38.8;18.2
08;2021-05-22;1817;763;104719;49118;39.4;18.5
08;2021-05-23;864;90;105583;49208;39.8;18.5
08;2021-05-24;716;106;106299;49314;40.0;18.6
08;2021-05-25;1456;669;107755;49983;40.6;18.8
08;2021-05-26;1529;1011;109284;50994;41.2;19.2
08;2021-05-27;2006;1146;111290;52140;41.9;19.6
08;2021-05-28;1973;1822;113263;53962;42.7;20.3
08;2021-05-29;1767;966;115030;54928;43.3;20.7
08;2021-05-30;836;102;115866;55030;43.6;20.7
08;2021-05-31;755;570;116621;55600;43.9;20.9
08;2021-06-01;1350;879;117971;56479;44.4;21.3
08;2021-06-02;1295;1194;119266;57673;44.9;21.7
08;2021-06-03;1386;1524;120652;59197;45.4;22.3
08;2021-06-04;1778;2420;122430;61617;46.1;23.2
08;2021-06-05;1176;1380;123606;62997;46.6;23.7
08;2021-06-06;907;107;124513;63104;46.9;23.8
08;2021-06-07;661;1174;125174;64278;47.1;24.2
08;2021-06-08;931;1496;126105;65774;47.5;24.8
08;2021-06-09;840;1391;126945;67165;47.8;25.3
08;2021-06-10;1719;1563;128664;68728;48.5;25.9
08;2021-06-11;1721;2211;130385;70939;49.1;26.7
08;2021-06-12;1417;1528;131802;72467;49.6;27.3
08;2021-06-13;385;598;132187;73065;49.8;27.5
08;2021-06-14;380;1304;132567;74369;49.9;28.0
08;2021-06-15;742;1548;133309;75917;50.2;28.6
08;2021-06-16;808;2054;134117;77971;50.5;29.4
08;2021-06-17;1285;1854;135402;79825;51.0;30.1
08;2021-06-18;1610;2594;137012;82419;51.6;31.0
08;2021-06-19;1324;1407;138336;83826;52.1;31.6
08;2021-06-20;117;423;138453;84249;52.1;31.7
08;2021-06-21;494;1395;138947;85644;52.3;32.3
08;2021-06-22;812;2023;139759;87667;52.6;33.0
08;2021-06-23;859;1672;140618;89339;53.0;33.6
08;2021-06-24;1038;1923;141656;91262;53.3;34.4
08;2021-06-25;1084;2735;142740;93997;53.8;35.4
08;2021-06-26;1010;1784;143750;95781;54.1;36.1
08;2021-06-27;351;643;144101;96424;54.3;36.3
08;2021-06-28;397;1323;144498;97747;54.4;36.8
08;2021-06-29;627;1472;145125;99219;54.7;37.4
08;2021-06-30;857;1689;145982;100908;55.0;38.0
08;2021-07-01;887;2194;146869;103102;55.3;38.8
08;2021-07-02;939;2645;147808;105747;55.7;39.8
08;2021-07-03;784;2145;148592;107892;56.0;40.6
08;2021-07-04;128;861;148720;108753;56.0;41.0
08;2021-07-05;104;1195;148824;109948;56.0;41.4
08;2021-07-06;425;1835;149249;111783;56.2;42.1
08;2021-07-07;364;1780;149613;113563;56.3;42.8
08;2021-07-08;716;2016;150329;115579;56.6;43.5
08;2021-07-09;732;2432;151061;118011;56.9;44.4
08;2021-07-10;652;2003;151713;120014;57.1;45.2
08;2021-07-11;238;725;151951;120739;57.2;45.5
08;2021-07-12;312;1192;152263;121931;57.3;45.9
08;2021-07-13;947;1788;153210;123719;57.7;46.6
08;2021-07-14;179;329;153389;124048;57.8;46.7
08;2021-07-15;759;2448;154148;126496;58.1;47.6
08;2021-07-16;1084;2408;155232;128904;58.5;48.5
08;2021-07-17;993;2108;156225;131012;58.8;49.3
08;2021-07-18;346;741;156571;131753;59.0;49.6
08;2021-07-19;459;918;157030;132671;59.1;50.0
08;2021-07-20;878;1435;157908;134106;59.5;50.5
08;2021-07-21;1237;1717;159145;135823;59.9;51.2
08;2021-07-22;1150;2167;160295;137990;60.4;52.0
08;2021-07-23;1584;2444;161879;140434;61.0;52.9
08;2021-07-24;1309;1924;163188;142358;61.5;53.6
08;2021-07-25;774;445;163962;142803;61.7;53.8
08;2021-07-26;1324;846;165286;143649;62.2;54.1
08;2021-07-27;2186;1408;167472;145057;63.1;54.6
08;2021-07-28;2413;1454;169885;146511;64.0;55.2
08;2021-07-29;2601;1347;172486;147858;65.0;55.7
08;2021-07-30;2601;1587;175087;149445;65.9;56.3
08;2021-07-31;1972;1075;177059;150520;66.7;56.7
08;2021-08-01;935;301;177994;150821;67.0;56.8
08;2021-08-02;1255;682;179249;151503;67.5;57.1
08;2021-08-03;1634;824;180883;152327;68.1;57.4
08;2021-08-04;1493;665;182376;152992;68.7;57.6
08;2021-08-05;1905;977;184281;153969;69.4;58.0
08;2021-08-06;2589;1099;186870;155068;70.4;58.4
08;2021-08-07;1673;1162;188543;156230;71.0;58.8
08;2021-08-08;585;374;189128;156604;71.2;59.0
08;2021-08-09;672;534;189800;157138;71.5;59.2
08;2021-08-10;879;750;190679;157888;71.8;59.5
08;2021-08-11;525;791;191204;158679;72.0;59.8
08;2021-08-12;1161;1080;192365;159759;72.4;60.2
08;2021-08-13;1157;1013;193522;160772;72.9;60.5
08;2021-08-14;587;913;194109;161685;73.1;60.9
08;2021-08-15;137;273;194246;161958;73.2;61.0
08;2021-08-16;218;1177;194464;163135;73.2;61.4
08;2021-08-17;514;1210;194978;164345;73.4;61.9
08;2021-08-18;281;1263;195259;165608;73.5;62.4
08;2021-08-19;606;1888;195865;167496;73.8;63.1
08;2021-08-20;685;2178;196550;169674;74.0;63.9
08;2021-08-21;273;1340;196823;171014;74.1;64.4
08;2021-08-22;104;900;196927;171914;74.2;64.7
08;2021-08-23;160;1448;197087;173362;74.2;65.3
08;2021-08-24;364;1752;197451;175114;74.4;65.9
08;2021-08-25;323;1248;197774;176362;74.5;66.4
08;2021-08-26;502;2064;198276;178426;74.7;67.2
08;2021-08-27;451;2324;198727;180750;74.8;68.1
08;2021-08-28;262;1289;198989;182039;74.9;68.6
08;2021-08-29;169;563;199158;182602;75.0;68.8
08;2021-08-30;302;1156;199460;183758;75.1;69.2
08;2021-08-31;360;1248;199820;185006;75.3;69.7
08;2021-09-01;417;1232;200237;186238;75.4;70.1
08;2021-09-02;466;1150;200703;187388;75.6;70.6
08;2021-09-03;464;1553;201167;188941;75.8;71.2
08;2021-09-04;349;1413;201516;190354;75.9;71.7
08;2021-09-05;106;173;201622;190527;75.9;71.8
08;2021-09-06;196;404;201818;190931;76.0;71.9
08;2021-09-07;205;488;202023;191419;76.1;72.1
08;2021-09-08;281;500;202304;191919;76.2;72.3
08;2021-09-09;344;590;202648;192509;76.3;72.5
08;2021-09-10;495;780;203143;193289;76.5;72.8
08;2021-09-11;383;732;203526;194021;76.6;73.1
08;2021-09-12;52;71;203578;194092;76.7;73.1
08;2021-09-13;385;174;203963;194266;76.8;73.2
08;2021-09-14;247;275;204210;194541;76.9;73.3
08;2021-09-15;219;318;204429;194859;77.0;73.4
08;2021-09-16;231;422;204660;195281;77.1;73.5
08;2021-09-17;322;501;204982;195782;77.2;73.7
08;2021-09-18;172;430;205154;196212;77.3;73.9
08;2021-09-19;29;90;205183;196302;77.3;73.9
08;2021-09-20;54;237;205237;196539;77.3;74.0
08;2021-09-21;123;277;205360;196816;77.3;74.1
08;2021-09-22;130;368;205490;197184;77.4;74.3
08;2021-09-23;173;412;205663;197596;77.5;74.4
08;2021-09-24;162;517;205825;198113;77.5;74.6
08;2021-09-25;121;415;205946;198528;77.6;74.8
08;2021-09-26;23;105;205969;198633;77.6;74.8
08;2021-09-27;49;211;206018;198844;77.6;74.9
08;2021-09-28;80;226;206098;199070;77.6;75.0
08;2021-09-29;116;339;206214;199409;77.7;75.1
08;2021-09-30;147;376;206361;199785;77.7;75.2
08;2021-10-01;163;466;206524;200251;77.8;75.4
08;2021-10-02;141;288;206665;200539;77.8;75.5
08;2021-10-03;24;67;206689;200606;77.8;75.5
08;2021-10-04;58;347;206747;200953;77.9;75.7
08;2021-10-05;79;172;206826;201125;77.9;75.7
08;2021-10-06;92;242;206918;201367;77.9;75.8
08;2021-10-07;105;196;207023;201563;78.0;75.9
08;2021-10-08;154;356;207177;201919;78.0;76.0
08;2021-10-09;136;331;207313;202250;78.1;76.2
08;2021-10-10;34;47;207347;202297;78.1;76.2
08;2021-10-11;58;83;207405;202380;78.1;76.2
08;2021-10-12;72;132;207477;202512;78.1;76.3
09;2020-12-27;0;0;0;0;0.0;0.0
09;2020-12-28;1;0;1;0;0.0;0.0
09;2020-12-29;0;0;1;0;0.0;0.0
09;2020-12-30;0;0;1;0;0.0;0.0
09;2020-12-31;0;0;1;0;0.0;0.0
09;2021-01-01;0;0;1;0;0.0;0.0
09;2021-01-02;0;0;1;0;0.0;0.0
09;2021-01-03;0;0;1;0;0.0;0.0
09;2021-01-04;2;1;3;1;0.0;0.0
09;2021-01-05;0;0;3;1;0.0;0.0
09;2021-01-06;3;0;6;1;0.0;0.0
09;2021-01-07;257;2;263;3;0.2;0.0
09;2021-01-08;228;0;491;3;0.3;0.0
09;2021-01-09;103;0;594;3;0.4;0.0
09;2021-01-10;60;0;654;3;0.4;0.0
09;2021-01-11;176;0;830;3;0.5;0.0
09;2021-01-12;303;0;1133;3;0.7;0.0
09;2021-01-13;196;0;1329;3;0.9;0.0
09;2021-01-14;432;7;1761;10;1.2;0.0
09;2021-01-15;223;1;1984;11;1.3;0.0
09;2021-01-16;192;3;2176;14;1.4;0.0
09;2021-01-17;123;0;2299;14;1.5;0.0
09;2021-01-18;263;2;2562;16;1.7;0.0
09;2021-01-19;255;1;2817;17;1.8;0.0
09;2021-01-20;346;2;3163;19;2.1;0.0
09;2021-01-21;330;1;3493;20;2.3;0.0
09;2021-01-22;328;1;3821;21;2.5;0.0
09;2021-01-23;237;0;4058;21;2.7;0.0
09;2021-01-24;85;1;4143;22;2.7;0.0
09;2021-01-25;208;12;4351;34;2.9;0.0
09;2021-01-26;629;25;4980;59;3.3;0.0
09;2021-01-27;472;49;5452;108;3.6;0.1
09;2021-01-28;286;205;5738;313;3.8;0.2
09;2021-01-29;251;129;5989;442;3.9;0.3
09;2021-01-30;143;55;6132;497;4.0;0.3
09;2021-01-31;56;10;6188;507;4.1;0.3
09;2021-02-01;81;142;6269;649;4.1;0.4
09;2021-02-02;58;295;6327;944;4.2;0.6
09;2021-02-03;87;204;6414;1148;4.2;0.8
09;2021-02-04;49;299;6463;1447;4.2;0.9
09;2021-02-05;90;154;6553;1601;4.3;1.1
09;2021-02-06;68;51;6621;1652;4.3;1.1
09;2021-02-07;6;71;6627;1723;4.3;1.1
09;2021-02-08;23;177;6650;1900;4.4;1.2
09;2021-02-09;55;290;6705;2190;4.4;1.4
09;2021-02-10;14;195;6719;2385;4.4;1.6
09;2021-02-11;6;219;6725;2604;4.4;1.7
09;2021-02-12;147;176;6872;2780;4.5;1.8
09;2021-02-13;8;144;6880;2924;4.5;1.9
09;2021-02-14;0;52;6880;2976;4.5;2.0
09;2021-02-15;76;133;6956;3109;4.6;2.0
09;2021-02-16;227;509;7183;3618;4.7;2.4
09;2021-02-17;83;387;7266;4005;4.8;2.6
09;2021-02-18;87;447;7353;4452;4.8;2.9
09;2021-02-19;63;284;7416;4736;4.9;3.1
09;2021-02-20;58;199;7474;4935;4.9;3.2
09;2021-02-21;0;51;7474;4986;4.9;3.3
09;2021-02-22;127;217;7601;5203;5.0;3.4
09;2021-02-23;161;145;7762;5348;5.1;3.5
09;2021-02-24;74;178;7836;5526;5.1;3.6
09;2021-02-25;211;169;8047;5695;5.3;3.7
09;2021-02-26;162;177;8209;5872;5.4;3.9
09;2021-02-27;65;71;8274;5943;5.4;3.9
09;2021-02-28;44;17;8318;5960;5.5;3.9
09;2021-03-01;248;95;8566;6055;5.6;4.0
09;2021-03-02;282;77;8848;6132;5.8;4.0
09;2021-03-03;252;132;9100;6264;6.0;4.1
09;2021-03-04;414;33;9514;6297;6.2;4.1
09;2021-03-05;331;65;9845;6362;6.5;4.2
09;2021-03-06;397;46;10242;6408;6.7;4.2
09;2021-03-07;124;4;10366;6412;6.8;4.2
09;2021-03-08;379;64;10745;6476;7.1;4.2
09;2021-03-09;437;144;11182;6620;7.3;4.3
09;2021-03-10;562;73;11744;6693;7.7;4.4
09;2021-03-11;695;79;12439;6772;8.2;4.4
09;2021-03-12;661;35;13100;6807;8.6;4.5
09;2021-03-13;384;3;13484;6810;8.8;4.5
09;2021-03-14;122;5;13606;6815;8.9;4.5
09;2021-03-15;465;50;14071;6865;9.2;4.5
09;2021-03-16;370;80;14441;6945;9.5;4.6
09;2021-03-17;399;71;14840;7016;9.7;4.6
09;2021-03-18;454;43;15294;7059;10.0;4.6
09;2021-03-19;526;56;15820;7115;10.4;4.7
09;2021-03-20;314;39;16134;7154;10.6;4.7
09;2021-03-21;105;0;16239;7154;10.7;4.7
09;2021-03-22;424;120;16663;7274;10.9;4.8
09;2021-03-23;566;174;17229;7448;11.3;4.9
09;2021-03-24;710;44;17939;7492;11.8;4.9
09;2021-03-25;869;139;18808;7631;12.3;5.0
09;2021-03-26;751;47;19559;7678;12.8;5.0
09;2021-03-27;620;70;20179;7748;13.2;5.1
09;2021-03-28;132;24;20311;7772;13.3;5.1
09;2021-03-29;498;279;20809;8051;13.7;5.3
09;2021-03-30;729;157;21538;8208;14.1;5.4
09;2021-03-31;803;182;22341;8390;14.7;5.5
09;2021-04-01;734;257;23075;8647;15.1;5.7
09;2021-04-02;692;268;23767;8915;15.6;5.8
09;2021-04-03;772;117;24539;9032;16.1;5.9
09;2021-04-04;122;57;24661;9089;16.2;6.0
09;2021-04-05;237;61;24898;9150;16.3;6.0
09;2021-04-06;1059;396;25957;9546;17.0;6.3
09;2021-04-07;1208;364;27165;9910;17.8;6.5
09;2021-04-08;1470;414;28635;10324;18.8;6.8
09;2021-04-09;1137;417;29772;10741;19.5;7.0
09;2021-04-10;1349;196;31121;10937;20.4;7.2
09;2021-04-11;173;102;31294;11039;20.5;7.2
09;2021-04-12;737;345;32031;11384;21.0;7.5
09;2021-04-13;1047;417;33078;11801;21.7;7.7
09;2021-04-14;1332;512;34410;12313;22.6;8.1
09;2021-04-15;1148;508;35558;12821;23.3;8.4
09;2021-04-16;1032;415;36590;13236;24.0;8.7
09;2021-04-17;1192;358;37782;13594;24.8;8.9
09;2021-04-18;102;96;37884;13690;24.9;9.0
09;2021-04-19;697;408;38581;14098;25.3;9.3
09;2021-04-20;766;531;39347;14629;25.8;9.6
09;2021-04-21;938;590;40285;15219;26.4;10.0
09;2021-04-22;666;609;40951;15828;26.9;10.4
09;2021-04-23;773;432;41724;16260;27.4;10.7
09;2021-04-24;741;670;42465;16930;27.9;11.1
09;2021-04-25;75;113;42540;17043;27.9;11.2
09;2021-04-26;382;533;42922;17576;28.2;11.5
09;2021-04-27;444;722;43366;18298;28.5;12.0
09;2021-04-28;806;795;44172;19093;29.0;12.5
09;2021-04-29;549;775;44721;19868;29.3;13.0
09;2021-04-30;622;724;45343;20592;29.8;13.5
09;2021-05-01;478;455;45821;21047;30.1;13.8
09;2021-05-02;52;100;45873;21147;30.1;13.9
09;2021-05-03;521;664;46394;21811;30.4;14.3
09;2021-05-04;554;1349;46948;23160;30.8;15.2
09;2021-05-05;822;1348;47770;24508;31.3;16.1
09;2021-05-06;848;1032;48618;25540;31.9;16.8
09;2021-05-07;978;822;49596;26362;32.5;17.3
09;2021-05-08;395;461;49991;26823;32.8;17.6
09;2021-05-09;265;85;50256;26908;33.0;17.7
09;2021-05-10;504;966;50760;27874;33.3;18.3
09;2021-05-11;741;1052;51501;28926;33.8;19.0
09;2021-05-12;1535;1405;53036;30331;34.8;19.9
09;2021-05-13;1383;425;54419;30756;35.7;20.2
09;2021-05-14;987;656;55406;31412;36.4;20.6
09;2021-05-15;1236;789;56642;32201;37.2;21.1
09;2021-05-16;296;48;56938;32249;37.4;21.2
09;2021-05-17;873;413;57811;32662;37.9;21.4
09;2021-05-18;1290;395;59101;33057;38.8;21.7
09;2021-05-19;1495;371;60596;33428;39.8;21.9
09;2021-05-20;1379;404;61975;33832;40.7;22.2
09;2021-05-21;1162;495;63137;34327;41.4;22.5
09;2021-05-22;1544;364;64681;34691;42.4;22.8
09;2021-05-23;272;24;64953;34715;42.6;22.8
09;2021-05-24;177;100;65130;34815;42.7;22.8
09;2021-05-25;998;500;66128;35315;43.4;23.2
09;2021-05-26;1285;448;67413;35763;44.2;23.5
09;2021-05-27;965;403;68378;36166;44.9;23.7
09;2021-05-28;958;513;69336;36679;45.5;24.1
09;2021-05-29;1794;601;71130;37280;46.7;24.5
09;2021-05-30;541;197;71671;37477;47.0;24.6
09;2021-05-31;717;593;72388;38070;47.5;25.0
09;2021-06-01;970;642;73358;38712;48.1;25.4
09;2021-06-02;1009;897;74367;39609;48.8;26.0
09;2021-06-03;809;681;75176;40290;49.3;26.4
09;2021-06-04;877;798;76053;41088;49.9;27.0
09;2021-06-05;1320;875;77373;41963;50.8;27.5
09;2021-06-06;304;108;77677;42071;51.0;27.6
09;2021-06-07;623;518;78300;42589;51.4;27.9
09;2021-06-08;821;488;79121;43077;51.9;28.3
09;2021-06-09;805;834;79926;43911;52.4;28.8
09;2021-06-10;642;534;80568;44445;52.9;29.2
09;2021-06-11;830;761;81398;45206;53.4;29.7
09;2021-06-12;635;808;82033;46014;53.8;30.2
09;2021-06-13;94;130;82127;46144;53.9;30.3
09;2021-06-14;628;708;82755;46852;54.3;30.7
09;2021-06-15;824;889;83579;47741;54.8;31.3
09;2021-06-16;627;1079;84206;48820;55.3;32.0
09;2021-06-17;779;852;84985;49672;55.8;32.6
09;2021-06-18;636;1150;85621;50822;56.2;33.3
09;2021-06-19;516;1580;86137;52402;56.5;34.4
09;2021-06-20;8;279;86145;52681;56.5;34.6
09;2021-06-21;473;698;86618;53379;56.8;35.0
09;2021-06-22;463;1066;87081;54445;57.1;35.7
09;2021-06-23;435;1224;87516;55669;57.4;36.5
09;2021-06-24;581;769;88097;56438;57.8;37.0
09;2021-06-25;410;1064;88507;57502;58.1;37.7
09;2021-06-26;443;1087;88950;58589;58.4;38.4
09;2021-06-27;2;275;88952;58864;58.4;38.6
09;2021-06-28;239;1047;89191;59911;58.5;39.3
09;2021-06-29;314;1229;89505;61140;58.7;40.1
09;2021-06-30;456;1492;89961;62632;59.0;41.1
09;2021-07-01;384;1434;90345;64066;59.3;42.0
09;2021-07-02;308;1162;90653;65228;59.5;42.8
09;2021-07-03;210;1617;90863;66845;59.6;43.9
09;2021-07-04;4;253;90867;67098;59.6;44.0
09;2021-07-05;188;713;91055;67811;59.7;44.5
09;2021-07-06;293;1222;91348;69033;59.9;45.3
09;2021-07-07;419;1399;91767;70432;60.2;46.2
09;2021-07-08;325;1058;92092;71490;60.4;46.9
09;2021-07-09;292;1153;92384;72643;60.6;47.7
09;2021-07-10;345;1725;92729;74368;60.8;48.8
09;2021-07-11;147;392;92876;74760;60.9;49.1
09;2021-07-12;187;1074;93063;75834;61.1;49.8
09;2021-07-13;641;1308;93704;77142;61.5;50.6
09;2021-07-14;490;220;94194;77362;61.8;50.8
09;2021-07-15;819;1166;95013;78528;62.3;51.5
09;2021-07-16;610;1191;95623;79719;62.7;52.3
09;2021-07-17;1015;1444;96638;81163;63.4;53.3
09;2021-07-18;302;221;96940;81384;63.6;53.4
09;2021-07-19;483;973;97423;82357;63.9;54.0
09;2021-07-20;830;1260;98253;83617;64.5;54.9
09;2021-07-21;1016;1165;99269;84782;65.1;55.6
09;2021-07-22;846;910;100115;85692;65.7;56.2
09;2021-07-23;724;912;100839;86604;66.2;56.8
09;2021-07-24;927;463;101766;87067;66.8;57.1
09;2021-07-25;560;134;102326;87201;67.1;57.2
09;2021-07-26;647;765;102973;87966;67.6;57.7
09;2021-07-27;1177;949;104150;88915;68.3;58.3
09;2021-07-28;1197;988;105347;89903;69.1;59.0
09;2021-07-29;1042;739;106389;90642;69.8;59.5
09;2021-07-30;779;623;107168;91265;70.3;59.9
09;2021-07-31;1379;419;108547;91684;71.2;60.2
09;2021-08-01;141;125;108688;91809;71.3;60.2
09;2021-08-02;614;478;109302;92287;71.7;60.6
09;2021-08-03;1254;767;110556;93054;72.5;61.1
09;2021-08-04;1400;654;111956;93708;73.5;61.5
09;2021-08-05;997;677;112953;94385;74.1;61.9
09;2021-08-06;1017;641;113970;95026;74.8;62.4
09;2021-08-07;825;430;114795;95456;75.3;62.6
09;2021-08-08;129;131;114924;95587;75.4;62.7
09;2021-08-09;690;650;115614;96237;75.9;63.1
09;2021-08-10;940;695;116554;96932;76.5;63.6
09;2021-08-11;896;866;117450;97798;77.1;64.2
09;2021-08-12;631;731;118081;98529;77.5;64.7
09;2021-08-13;465;645;118546;99174;77.8;65.1
09;2021-08-14;311;828;118857;100002;78.0;65.6
09;2021-08-15;67;138;118924;100140;78.0;65.7
09;2021-08-16;547;620;119471;100760;78.4;66.1
09;2021-08-17;674;777;120145;101537;78.8;66.6
09;2021-08-18;620;931;120765;102468;79.2;67.2
09;2021-08-19;432;722;121197;103190;79.5;67.7
09;2021-08-20;363;749;121560;103939;79.8;68.2
09;2021-08-21;343;1384;121903;105323;80.0;69.1
09;2021-08-22;67;168;121970;105491;80.0;69.2
09;2021-08-23;341;759;122311;106250;80.3;69.7
09;2021-08-24;407;955;122718;107205;80.5;70.3
09;2021-08-25;283;1003;123001;108208;80.7;71.0
09;2021-08-26;316;928;123317;109136;80.9;71.6
09;2021-08-27;226;740;123543;109876;81.1;72.1
09;2021-08-28;257;970;123800;110846;81.2;72.7
09;2021-08-29;15;144;123815;110990;81.2;72.8
09;2021-08-30;275;720;124090;111710;81.4;73.3
09;2021-08-31;314;1064;124404;112774;81.6;74.0
09;2021-09-01;361;770;124765;113544;81.9;74.5
09;2021-09-02;159;494;124924;114038;82.0;74.8
09;2021-09-03;223;743;125147;114781;82.1;75.3
09;2021-09-04;200;474;125347;115255;82.2;75.6
09;2021-09-05;25;80;125372;115335;82.3;75.7
09;2021-09-06;182;521;125554;115856;82.4;76.0
09;2021-09-07;157;548;125711;116404;82.5;76.4
09;2021-09-08;204;827;125915;117231;82.6;76.9
09;2021-09-09;160;434;126075;117665;82.7;77.2
09;2021-09-10;130;429;126205;118094;82.8;77.5
09;2021-09-11;175;400;126380;118494;82.9;77.8
09;2021-09-12;27;71;126407;118565;82.9;77.8
09;2021-09-13;129;418;126536;118983;83.0;78.1
09;2021-09-14;144;502;126680;119485;83.1;78.4
09;2021-09-15;188;603;126868;120088;83.2;78.8
09;2021-09-16;130;324;126998;120412;83.3;79.0
09;2021-09-17;146;405;127144;120817;83.4;79.3
09;2021-09-18;158;345;127302;121162;83.5;79.5
09;2021-09-19;2;0;127304;121162;83.5;79.5
09;2021-09-20;71;290;127375;121452;83.6;79.7
09;2021-09-21;101;205;127476;121657;83.6;79.8
09;2021-09-22;141;471;127617;122128;83.7;80.1
09;2021-09-23;71;164;127688;122292;83.8;80.2
09;2021-09-24;117;289;127805;122581;83.9;80.4
09;2021-09-25;62;195;127867;122776;83.9;80.6
09;2021-09-26;0;17;127867;122793;83.9;80.6
09;2021-09-27;82;327;127949;123120;84.0;80.8
09;2021-09-28;74;175;128023;123295;84.0;80.9
09;2021-09-29;97;235;128120;123530;84.1;81.1
09;2021-09-30;43;119;128163;123649;84.1;81.1
09;2021-10-01;82;125;128245;123774;84.2;81.2
09;2021-10-02;83;230;128328;124004;84.2;81.4
09;2021-10-03;2;8;128330;124012;84.2;81.4
09;2021-10-04;53;114;128383;124126;84.2;81.4
09;2021-10-05;70;125;128453;124251;84.3;81.5
09;2021-10-06;123;221;128576;124472;84.4;81.7
09;2021-10-07;60;165;128636;124637;84.4;81.8
09;2021-10-08;107;179;128743;124816;84.5;81.9
09;2021-10-09;54;132;128797;124948;84.5;82.0
09;2021-10-10;0;8;128797;124956;84.5;82.0
09;2021-10-11;69;107;128866;125063;84.6;82.1
09;2021-10-12;45;77;128911;125140;84.6;82.1
10;2020-12-27;0;0;0;0;0.0;0.0
10;2020-12-28;0;0;0;0;0.0;0.0
10;2020-12-29;0;0;0;0;0.0;0.0
10;2020-12-30;0;0;0;0;0.0;0.0
10;2020-12-31;0;0;0;0;0.0;0.0
10;2021-01-01;0;0;0;0;0.0;0.0
10;2021-01-02;1;0;1;0;0.0;0.0
10;2021-01-03;0;0;1;0;0.0;0.0
10;2021-01-04;0;0;1;0;0.0;0.0
10;2021-01-05;1;0;2;0;0.0;0.0
10;2021-01-06;0;0;2;0;0.0;0.0
10;2021-01-07;85;0;87;0;0.0;0.0
10;2021-01-08;255;0;342;0;0.1;0.0
10;2021-01-09;0;0;342;0;0.1;0.0
10;2021-01-10;1;0;343;0;0.1;0.0
10;2021-01-11;118;1;461;1;0.1;0.0
10;2021-01-12;195;4;656;5;0.2;0.0
10;2021-01-13;314;0;970;5;0.3;0.0
10;2021-01-14;392;10;1362;15;0.4;0.0
10;2021-01-15;359;3;1721;18;0.6;0.0
10;2021-01-16;56;0;1777;18;0.6;0.0
10;2021-01-17;1;0;1778;18;0.6;0.0
10;2021-01-18;702;4;2480;22;0.8;0.0
10;2021-01-19;1392;8;3872;30;1.2;0.0
10;2021-01-20;1084;9;4956;39;1.6;0.0
10;2021-01-21;1152;2;6108;41;2.0;0.0
10;2021-01-22;818;2;6926;43;2.2;0.0
10;2021-01-23;309;0;7235;43;2.3;0.0
10;2021-01-24;0;0;7235;43;2.3;0.0
10;2021-01-25;445;8;7680;51;2.5;0.0
10;2021-01-26;487;17;8167;68;2.6;0.0
10;2021-01-27;458;15;8625;83;2.8;0.0
10;2021-01-28;358;49;8983;132;2.9;0.0
10;2021-01-29;430;191;9413;323;3.0;0.1
10;2021-01-30;30;0;9443;323;3.0;0.1
10;2021-01-31;0;0;9443;323;3.0;0.1
10;2021-02-01;409;139;9852;462;3.2;0.1
10;2021-02-02;182;151;10034;613;3.2;0.2
10;2021-02-03;361;215;10395;828;3.4;0.3
10;2021-02-04;342;269;10737;1097;3.5;0.4
10;2021-02-05;328;322;11065;1419;3.6;0.5
10;2021-02-06;3;35;11068;1454;3.6;0.5
10;2021-02-07;0;0;11068;1454;3.6;0.5
10;2021-02-08;190;411;11258;1865;3.6;0.6
10;2021-02-09;485;586;11743;2451;3.8;0.8
10;2021-02-10;667;482;12410;2933;4.0;0.9
10;2021-02-11;781;596;13191;3529;4.3;1.1
10;2021-02-12;580;549;13771;4078;4.4;1.3
10;2021-02-13;37;120;13808;4198;4.5;1.4
10;2021-02-14;0;0;13808;4198;4.5;1.4
10;2021-02-15;143;442;13951;4640;4.5;1.5
10;2021-02-16;116;541;14067;5181;4.5;1.7
10;2021-02-17;129;603;14196;5784;4.6;1.9
10;2021-02-18;217;555;14413;6339;4.7;2.0
10;2021-02-19;188;473;14601;6812;4.7;2.2
10;2021-02-20;24;183;14625;6995;4.7;2.3
10;2021-02-21;0;0;14625;6995;4.7;2.3
10;2021-02-22;77;445;14702;7440;4.7;2.4
10;2021-02-23;76;557;14778;7997;4.8;2.6
10;2021-02-24;114;373;14892;8370;4.8;2.7
10;2021-02-25;322;373;15214;8743;4.9;2.8
10;2021-02-26;351;283;15565;9026;5.0;2.9
10;2021-02-27;275;129;15840;9155;5.1;3.0
10;2021-02-28;0;0;15840;9155;5.1;3.0
10;2021-03-01;257;332;16097;9487;5.2;3.1
10;2021-03-02;435;369;16532;9856;5.3;3.2
10;2021-03-03;454;583;16986;10439;5.5;3.4
10;2021-03-04;636;501;17622;10940;5.7;3.5
10;2021-03-05;677;254;18299;11194;5.9;3.6
10;2021-03-06;950;46;19249;11240;6.2;3.6
10;2021-03-07;769;7;20018;11247;6.5;3.6
10;2021-03-08;502;442;20520;11689;6.6;3.8
10;2021-03-09;673;435;21193;12124;6.8;3.9
10;2021-03-10;662;365;21855;12489;7.1;4.0
10;2021-03-11;1174;238;23029;12727;7.4;4.1
10;2021-03-12;1338;250;24367;12977;7.9;4.2
10;2021-03-13;891;39;25258;13016;8.2;4.2
10;2021-03-14;1381;17;26639;13033;8.6;4.2
10;2021-03-15;821;83;27460;13116;8.9;4.2
10;2021-03-16;688;64;28148;13180;9.1;4.3
10;2021-03-17;831;68;28979;13248;9.4;4.3
10;2021-03-18;886;83;29865;13331;9.6;4.3
10;2021-03-19;952;71;30817;13402;9.9;4.3
10;2021-03-20;552;19;31369;13421;10.1;4.3
10;2021-03-21;1849;43;33218;13464;10.7;4.3
10;2021-03-22;879;76;34097;13540;11.0;4.4
10;2021-03-23;1243;94;35340;13634;11.4;4.4
10;2021-03-24;1311;60;36651;13694;11.8;4.4
10;2021-03-25;1676;232;38327;13926;12.4;4.5
10;2021-03-26;1432;116;39759;14042;12.8;4.5
10;2021-03-27;762;80;40521;14122;13.1;4.6
10;2021-03-28;1221;31;41742;14153;13.5;4.6
10;2021-03-29;648;305;42390;14458;13.7;4.7
10;2021-03-30;927;376;43317;14834;14.0;4.8
10;2021-03-31;617;361;43934;15195;14.2;4.9
10;2021-04-01;883;688;44817;15883;14.5;5.1
10;2021-04-02;1069;589;45886;16472;14.8;5.3
10;2021-04-03;540;606;46426;17078;15.0;5.5
10;2021-04-04;1826;264;48252;17342;15.6;5.6
10;2021-04-05;1843;43;50095;17385;16.2;5.6
10;2021-04-06;514;651;50609;18036;16.3;5.8
10;2021-04-07;592;541;51201;18577;16.5;6.0
10;2021-04-08;1062;610;52263;19187;16.9;6.2
10;2021-04-09;1130;613;53393;19800;17.2;6.4
10;2021-04-10;1769;352;55162;20152;17.8;6.5
10;2021-04-11;55;1221;55217;21373;17.8;6.9
10;2021-04-12;1001;808;56218;22181;18.1;7.2
10;2021-04-13;1506;896;57724;23077;18.6;7.4
10;2021-04-14;827;603;58551;23680;18.9;7.6
10;2021-04-15;1454;899;60005;24579;19.4;7.9
10;2021-04-16;1109;697;61114;25276;19.7;8.2
10;2021-04-17;2391;363;63505;25639;20.5;8.3
10;2021-04-18;1422;1789;64927;27428;21.0;8.9
10;2021-04-19;837;833;65764;28261;21.2;9.1
10;2021-04-20;548;1037;66312;29298;21.4;9.5
10;2021-04-21;636;975;66948;30273;21.6;9.8
10;2021-04-22;932;963;67880;31236;21.9;10.1
10;2021-04-23;2172;779;70052;32015;22.6;10.3
10;2021-04-24;2296;380;72348;32395;23.3;10.5
10;2021-04-25;1991;1217;74339;33612;24.0;10.8
10;2021-04-26;773;623;75112;34235;24.2;11.0
10;2021-04-27;895;537;76007;34772;24.5;11.2
10;2021-04-28;873;407;76880;35179;24.8;11.4
10;2021-04-29;1433;674;78313;35853;25.3;11.6
10;2021-04-30;2172;771;80485;36624;26.0;11.8
10;2021-05-01;1988;2169;82473;38793;26.6;12.5
10;2021-05-02;1948;1898;84421;40691;27.2;13.1
10;2021-05-03;622;447;85043;41138;27.4;13.3
10;2021-05-04;1144;1248;86187;42386;27.8;13.7
10;2021-05-05;1753;1022;87940;43408;28.4;14.0
10;2021-05-06;2257;951;90197;44359;29.1;14.3
10;2021-05-07;2219;1141;92416;45500;29.8;14.7
10;2021-05-08;2270;860;94686;46360;30.6;15.0
10;2021-05-09;2004;100;96690;46460;31.2;15.0
10;2021-05-10;531;1094;97221;47554;31.4;15.3
10;2021-05-11;1052;1034;98273;48588;31.7;15.7
10;2021-05-12;2062;884;100335;49472;32.4;16.0
10;2021-05-13;2181;436;102516;49908;33.1;16.1
10;2021-05-14;2728;673;105244;50581;34.0;16.3
10;2021-05-15;2423;2053;107667;52634;34.7;17.0
10;2021-05-16;2080;1448;109747;54082;35.4;17.5
10;2021-05-17;1451;442;111198;54524;35.9;17.6
10;2021-05-18;2510;640;113708;55164;36.7;17.8
10;2021-05-19;1554;642;115262;55806;37.2;18.0
10;2021-05-20;1896;847;117158;56653;37.8;18.3
10;2021-05-21;2318;618;119476;57271;38.6;18.5
10;2021-05-22;2179;422;121655;57693;39.3;18.6
10;2021-05-23;1816;138;123471;57831;39.8;18.7
10;2021-05-24;1968;177;125439;58008;40.5;18.7
10;2021-05-25;2195;491;127634;58499;41.2;18.9
10;2021-05-26;1679;421;129313;58920;41.7;19.0
10;2021-05-27;1659;753;130972;59673;42.3;19.3
10;2021-05-28;1720;1186;132692;60859;42.8;19.6
10;2021-05-29;2170;643;134862;61502;43.5;19.8
10;2021-05-30;1029;136;135891;61638;43.8;19.9
10;2021-05-31;1039;750;136930;62388;44.2;20.1
10;2021-06-01;1135;887;138065;63275;44.6;20.4
10;2021-06-02;1035;720;139100;63995;44.9;20.6
10;2021-06-03;1473;1069;140573;65064;45.4;21.0
10;2021-06-04;1768;2598;142341;67662;45.9;21.8
10;2021-06-05;1518;2451;143859;70113;46.4;22.6
10;2021-06-06;1005;1874;144864;71987;46.7;23.2
10;2021-06-07;700;1112;145564;73099;47.0;23.6
10;2021-06-08;896;1172;146460;74271;47.3;24.0
10;2021-06-09;880;915;147340;75186;47.5;24.3
10;2021-06-10;678;1070;148018;76256;47.8;24.6
10;2021-06-11;1200;2209;149218;78465;48.1;25.3
10;2021-06-12;856;2389;150074;80854;48.4;26.1
10;2021-06-13;401;1834;150475;82688;48.6;26.7
10;2021-06-14;538;743;151013;83431;48.7;26.9
10;2021-06-15;741;2132;151754;85563;49.0;27.6
10;2021-06-16;741;1858;152495;87421;49.2;28.2
10;2021-06-17;851;2457;153346;89878;49.5;29.0
10;2021-06-18;1030;2473;154376;92351;49.8;29.8
10;2021-06-19;981;2595;155357;94946;50.1;30.6
10;2021-06-20;549;1597;155906;96543;50.3;31.2
10;2021-06-21;684;1045;156590;97588;50.5;31.5
10;2021-06-22;745;1526;157335;99114;50.8;32.0
10;2021-06-23;653;2406;157988;101520;51.0;32.8
10;2021-06-24;790;2617;158778;104137;51.2;33.6
10;2021-06-25;730;3047;159508;107184;51.5;34.6
10;2021-06-26;514;2746;160022;109930;51.6;35.5
10;2021-06-27;402;1940;160424;111870;51.8;36.1
10;2021-06-28;683;1784;161107;113654;52.0;36.7
10;2021-06-29;616;2698;161723;116352;52.2;37.5
10;2021-06-30;534;1524;162257;117876;52.4;38.0
10;2021-07-01;555;2172;162812;120048;52.5;38.7
10;2021-07-02;664;2726;163476;122774;52.8;39.6
10;2021-07-03;529;2600;164005;125374;52.9;40.5
10;2021-07-04;411;1726;164416;127100;53.1;41.0
10;2021-07-05;667;2224;165083;129324;53.3;41.7
10;2021-07-06;651;2188;165734;131512;53.5;42.4
10;2021-07-07;639;1703;166373;133215;53.7;43.0
10;2021-07-08;751;1459;167124;134674;53.9;43.5
10;2021-07-09;820;1949;167944;136623;54.2;44.1
10;2021-07-10;632;2096;168576;138719;54.4;44.8
10;2021-07-11;500;1384;169076;140103;54.6;45.2
10;2021-07-12;783;1624;169859;141727;54.8;45.7
10;2021-07-13;1126;1874;170985;143601;55.2;46.3
10;2021-07-14;1169;1054;172154;144655;55.6;46.7
10;2021-07-15;1477;1980;173631;146635;56.0;47.3
10;2021-07-16;1241;2276;174872;148911;56.4;48.1
10;2021-07-17;1287;1738;176159;150649;56.8;48.6
10;2021-07-18;942;1225;177101;151874;57.1;49.0
10;2021-07-19;1361;1622;178462;153496;57.6;49.5
10;2021-07-20;1685;1433;180147;154929;58.1;50.0
10;2021-07-21;1395;1485;181542;156414;58.6;50.5
10;2021-07-22;1941;1598;183483;158012;59.2;51.0
10;2021-07-23;1606;1544;185089;159556;59.7;51.5
10;2021-07-24;1389;1228;186478;160784;60.2;51.9
10;2021-07-25;1251;789;187729;161573;60.6;52.1
10;2021-07-26;1914;1318;189643;162891;61.2;52.6
10;2021-07-27;2139;1071;191782;163962;61.9;52.9
10;2021-07-28;2094;1018;193876;164980;62.6;53.2
10;2021-07-29;2444;1204;196320;166184;63.3;53.6
10;2021-07-30;2176;1311;198496;167495;64.1;54.0
10;2021-07-31;1680;938;200176;168433;64.6;54.3
10;2021-08-01;1236;570;201412;169003;65.0;54.5
10;2021-08-02;1463;1337;202875;170340;65.5;55.0
10;2021-08-03;1635;897;204510;171237;66.0;55.3
10;2021-08-04;1370;1068;205880;172305;66.4;55.6
10;2021-08-05;1654;1345;207534;173650;67.0;56.0
10;2021-08-06;1835;1333;209369;174983;67.6;56.5
10;2021-08-07;1156;1133;210525;176116;67.9;56.8
10;2021-08-08;660;751;211185;176867;68.1;57.1
10;2021-08-09;1311;1542;212496;178409;68.6;57.6
10;2021-08-10;1670;1353;214166;179762;69.1;58.0
10;2021-08-11;854;1108;215020;180870;69.4;58.4
10;2021-08-12;1055;1225;216075;182095;69.7;58.8
10;2021-08-13;739;1075;216814;183170;70.0;59.1
10;2021-08-14;587;1235;217401;184405;70.2;59.5
10;2021-08-15;317;781;217718;185186;70.3;59.8
10;2021-08-16;725;1618;218443;186804;70.5;60.3
10;2021-08-17;877;1776;219320;188580;70.8;60.9
10;2021-08-18;723;1620;220043;190200;71.0;61.4
10;2021-08-19;551;1571;220594;191771;71.2;61.9
10;2021-08-20;644;1733;221238;193504;71.4;62.4
10;2021-08-21;452;1419;221690;194923;71.5;62.9
10;2021-08-22;189;1061;221879;195984;71.6;63.2
10;2021-08-23;481;1562;222360;197546;71.8;63.7
10;2021-08-24;669;1771;223029;199317;72.0;64.3
10;2021-08-25;460;1381;223489;200698;72.1;64.8
10;2021-08-26;432;1486;223921;202184;72.3;65.2
10;2021-08-27;626;1588;224547;203772;72.5;65.8
10;2021-08-28;396;1333;224943;205105;72.6;66.2
10;2021-08-29;225;946;225168;206051;72.7;66.5
10;2021-08-30;433;1376;225601;207427;72.8;66.9
10;2021-08-31;470;1426;226071;208853;72.9;67.4
10;2021-09-01;298;1104;226369;209957;73.0;67.7
10;2021-09-02;273;972;226642;210929;73.1;68.1
10;2021-09-03;404;1062;227046;211991;73.3;68.4
10;2021-09-04;342;1014;227388;213005;73.4;68.7
10;2021-09-05;174;409;227562;213414;73.4;68.9
10;2021-09-06;272;595;227834;214009;73.5;69.1
10;2021-09-07;303;601;228137;214610;73.6;69.2
10;2021-09-08;255;607;228392;215217;73.7;69.4
10;2021-09-09;333;720;228725;215937;73.8;69.7
10;2021-09-10;433;762;229158;216699;73.9;69.9
10;2021-09-11;264;634;229422;217333;74.0;70.1
10;2021-09-12;93;210;229515;217543;74.1;70.2
10;2021-09-13;226;473;229741;218016;74.1;70.3
10;2021-09-14;249;597;229990;218613;74.2;70.5
10;2021-09-15;238;637;230228;219250;74.3;70.7
10;2021-09-16;281;598;230509;219848;74.4;70.9
10;2021-09-17;270;859;230779;220707;74.5;71.2
10;2021-09-18;197;610;230976;221317;74.5;71.4
10;2021-09-19;62;224;231038;221541;74.6;71.5
10;2021-09-20;138;627;231176;222168;74.6;71.7
10;2021-09-21;151;554;231327;222722;74.6;71.9
10;2021-09-22;132;305;231459;223027;74.7;72.0
10;2021-09-23;215;353;231674;223380;74.8;72.1
10;2021-09-24;211;547;231885;223927;74.8;72.3
10;2021-09-25;112;420;231997;224347;74.9;72.4
10;2021-09-26;58;215;232055;224562;74.9;72.5
10;2021-09-27;220;267;232275;224829;74.9;72.5
10;2021-09-28;204;362;232479;225191;75.0;72.7
10;2021-09-29;190;292;232669;225483;75.1;72.8
10;2021-09-30;156;220;232825;225703;75.1;72.8
10;2021-10-01;202;447;233027;226150;75.2;73.0
10;2021-10-02;145;285;233172;226435;75.2;73.1
10;2021-10-03;58;128;233230;226563;75.3;73.1
10;2021-10-04;98;194;233328;226757;75.3;73.2
10;2021-10-05;107;216;233435;226973;75.3;73.2
10;2021-10-06;136;226;233571;227199;75.4;73.3
10;2021-10-07;138;319;233709;227518;75.4;73.4
10;2021-10-08;184;286;233893;227804;75.5;73.5
10;2021-10-09;123;245;234016;228049;75.5;73.6
10;2021-10-10;53;87;234069;228136;75.5;73.6
10;2021-10-11;111;191;234180;228327;75.6;73.7
10;2021-10-12;110;189;234290;228516;75.6;73.7
11;2020-12-27;0;0;0;0;0.0;0.0
11;2020-12-28;1;0;1;0;0.0;0.0
11;2020-12-29;1;0;2;0;0.0;0.0
11;2020-12-30;0;0;2;0;0.0;0.0
11;2020-12-31;0;0;2;0;0.0;0.0
11;2021-01-01;0;0;2;0;0.0;0.0
11;2021-01-02;4;0;6;0;0.0;0.0
11;2021-01-03;0;0;6;0;0.0;0.0
11;2021-01-04;1;0;7;0;0.0;0.0
11;2021-01-05;95;1;102;1;0.0;0.0
11;2021-01-06;26;0;128;1;0.0;0.0
11;2021-01-07;119;0;247;1;0.1;0.0
11;2021-01-08;91;1;338;2;0.1;0.0
11;2021-01-09;86;0;424;2;0.1;0.0
11;2021-01-10;67;0;491;2;0.1;0.0
11;2021-01-11;136;0;627;2;0.2;0.0
11;2021-01-12;545;3;1172;5;0.3;0.0
11;2021-01-13;409;1;1581;6;0.4;0.0
11;2021-01-14;646;10;2227;16;0.6;0.0
11;2021-01-15;342;3;2569;19;0.7;0.0
11;2021-01-16;77;1;2646;20;0.7;0.0
11;2021-01-17;47;2;2693;22;0.7;0.0
11;2021-01-18;388;0;3081;22;0.8;0.0
11;2021-01-19;539;12;3620;34;1.0;0.0
11;2021-01-20;693;7;4313;41;1.2;0.0
11;2021-01-21;650;7;4963;48;1.3;0.0
11;2021-01-22;526;2;5489;50;1.5;0.0
11;2021-01-23;165;2;5654;52;1.5;0.0
11;2021-01-24;139;1;5793;53;1.6;0.0
11;2021-01-25;377;19;6170;72;1.7;0.0
11;2021-01-26;852;85;7022;157;1.9;0.0
11;2021-01-27;804;27;7826;184;2.1;0.0
11;2021-01-28;652;62;8478;246;2.3;0.1
11;2021-01-29;442;124;8920;370;2.4;0.1
11;2021-01-30;138;4;9058;374;2.4;0.1
11;2021-01-31;83;0;9141;374;2.5;0.1
11;2021-02-01;344;197;9485;571;2.5;0.2
11;2021-02-02;412;407;9897;978;2.7;0.3
11;2021-02-03;392;353;10289;1331;2.8;0.4
11;2021-02-04;376;499;10665;1830;2.9;0.5
11;2021-02-05;322;336;10987;2166;2.9;0.6
11;2021-02-06;211;65;11198;2231;3.0;0.6
11;2021-02-07;109;14;11307;2245;3.0;0.6
11;2021-02-08;317;160;11624;2405;3.1;0.6
11;2021-02-09;300;279;11924;2684;3.2;0.7
11;2021-02-10;344;446;12268;3130;3.3;0.8
11;2021-02-11;609;631;12877;3761;3.5;1.0
11;2021-02-12;407;380;13284;4141;3.6;1.1
11;2021-02-13;195;118;13479;4259;3.6;1.1
11;2021-02-14;73;26;13552;4285;3.6;1.1
11;2021-02-15;241;209;13793;4494;3.7;1.2
11;2021-02-16;264;509;14057;5003;3.8;1.3
11;2021-02-17;454;620;14511;5623;3.9;1.5
11;2021-02-18;456;571;14967;6194;4.0;1.7
11;2021-02-19;300;535;15267;6729;4.1;1.8
11;2021-02-20;148;75;15415;6804;4.1;1.8
11;2021-02-21;59;46;15474;6850;4.2;1.8
11;2021-02-22;124;328;15598;7178;4.2;1.9
11;2021-02-23;283;318;15881;7496;4.3;2.0
11;2021-02-24;252;366;16133;7862;4.3;2.1
11;2021-02-25;563;332;16696;8194;4.5;2.2
11;2021-02-26;524;315;17220;8509;4.6;2.3
11;2021-02-27;319;100;17539;8609;4.7;2.3
11;2021-02-28;95;24;17634;8633;4.7;2.3
11;2021-03-01;339;315;17973;8948;4.8;2.4
11;2021-03-02;563;390;18536;9338;5.0;2.5
11;2021-03-03;601;432;19137;9770;5.1;2.6
11;2021-03-04;1078;410;20215;10180;5.4;2.7
11;2021-03-05;1002;412;21217;10592;5.7;2.8
11;2021-03-06;1096;207;22313;10799;6.0;2.9
11;2021-03-07;658;33;22971;10832;6.2;2.9
11;2021-03-08;367;353;23338;11185;6.3;3.0
11;2021-03-09;997;401;24335;11586;6.5;3.1
11;2021-03-10;1175;545;25510;12131;6.8;3.3
11;2021-03-11;1572;450;27082;12581;7.3;3.4
11;2021-03-12;1457;444;28539;13025;7.7;3.5
11;2021-03-13;1160;240;29699;13265;8.0;3.6
11;2021-03-14;523;54;30222;13319;8.1;3.6
11;2021-03-15;651;241;30873;13560;8.3;3.6
11;2021-03-16;853;201;31726;13761;8.5;3.7
11;2021-03-17;907;221;32633;13982;8.8;3.8
11;2021-03-18;1172;287;33805;14269;9.1;3.8
11;2021-03-19;1372;248;35177;14517;9.4;3.9
11;2021-03-20;790;176;35967;14693;9.7;3.9
11;2021-03-21;225;68;36192;14761;9.7;4.0
11;2021-03-22;809;221;37001;14982;9.9;4.0
11;2021-03-23;1807;393;38808;15375;10.4;4.1
11;2021-03-24;1847;322;40655;15697;10.9;4.2
11;2021-03-25;2190;375;42845;16072;11.5;4.3
11;2021-03-26;2125;450;44970;16522;12.1;4.4
11;2021-03-27;1178;147;46148;16669;12.4;4.5
11;2021-03-28;265;44;46413;16713;12.5;4.5
11;2021-03-29;1182;224;47595;16937;12.8;4.5
11;2021-03-30;1995;329;49590;17266;13.3;4.6
11;2021-03-31;1614;386;51204;17652;13.7;4.7
11;2021-04-01;2145;430;53349;18082;14.3;4.9
11;2021-04-02;1642;429;54991;18511;14.8;5.0
11;2021-04-03;720;146;55711;18657;14.9;5.0
11;2021-04-04;198;76;55909;18733;15.0;5.0
11;2021-04-05;257;4;56166;18737;15.1;5.0
11;2021-04-06;1574;555;57740;19292;15.5;5.2
11;2021-04-07;1778;576;59518;19868;16.0;5.3
11;2021-04-08;1785;686;61303;20554;16.4;5.5
11;2021-04-09;2261;608;63564;21162;17.1;5.7
11;2021-04-10;1168;181;64732;21343;17.4;5.7
11;2021-04-11;551;106;65283;21449;17.5;5.8
11;2021-04-12;1615;545;66898;21994;17.9;5.9
11;2021-04-13;2262;890;69160;22884;18.6;6.1
11;2021-04-14;1661;1020;70821;23904;19.0;6.4
11;2021-04-15;1843;1134;72664;25038;19.5;6.7
11;2021-04-16;1838;851;74502;25889;20.0;6.9
11;2021-04-17;1772;564;76274;26453;20.5;7.1
11;2021-04-18;114;155;76388;26608;20.5;7.1
11;2021-04-19;1384;739;77772;27347;20.9;7.3
11;2021-04-20;1729;1284;79501;28631;21.3;7.7
11;2021-04-21;1780;1323;81281;29954;21.8;8.0
11;2021-04-22;1749;1326;83030;31280;22.3;8.4
11;2021-04-23;2014;1239;85044;32519;22.8;8.7
11;2021-04-24;1735;469;86779;32988;23.3;8.9
11;2021-04-25;659;183;87438;33171;23.5;8.9
11;2021-04-26;1380;839;88818;34010;23.8;9.1
11;2021-04-27;1839;1556;90657;35566;24.3;9.5
11;2021-04-28;2008;1470;92665;37036;24.9;9.9
11;2021-04-29;2247;1642;94912;38678;25.5;10.4
11;2021-04-30;2158;1427;97070;40105;26.0;10.8
11;2021-05-01;1338;345;98408;40450;26.4;10.9
11;2021-05-02;588;336;98996;40786;26.6;10.9
11;2021-05-03;1487;739;100483;41525;27.0;11.1
11;2021-05-04;1878;1431;102361;42956;27.5;11.5
11;2021-05-05;1895;1441;104256;44397;28.0;11.9
11;2021-05-06;2191;1475;106447;45872;28.6;12.3
11;2021-05-07;2105;1560;108552;47432;29.1;12.7
11;2021-05-08;898;728;109450;48160;29.4;12.9
11;2021-05-09;628;543;110078;48703;29.5;13.1
11;2021-05-10;1327;1652;111405;50355;29.9;13.5
11;2021-05-11;2041;1874;113446;52229;30.4;14.0
11;2021-05-12;1848;1653;115294;53882;30.9;14.5
11;2021-05-13;1405;414;116699;54296;31.3;14.6
11;2021-05-14;1718;1184;118417;55480;31.8;14.9
11;2021-05-15;1158;897;119575;56377;32.1;15.1
11;2021-05-16;808;164;120383;56541;32.3;15.2
11;2021-05-17;1470;1046;121853;57587;32.7;15.5
11;2021-05-18;1898;1192;123751;58779;33.2;15.8
11;2021-05-19;1846;1124;125597;59903;33.7;16.1
11;2021-05-20;1971;1091;127568;60994;34.2;16.4
11;2021-05-21;2276;1092;129844;62086;34.8;16.7
11;2021-05-22;1485;727;131329;62813;35.2;16.9
11;2021-05-23;768;72;132097;62885;35.4;16.9
11;2021-05-24;1411;224;133508;63109;35.8;16.9
11;2021-05-25;1811;1353;135319;64462;36.3;17.3
11;2021-05-26;1934;1299;137253;65761;36.8;17.6
11;2021-05-27;1989;1722;139242;67483;37.4;18.1
11;2021-05-28;1754;1901;140996;69384;37.8;18.6
11;2021-05-29;1428;1601;142424;70985;38.2;19.0
11;2021-05-30;486;395;142910;71380;38.3;19.2
11;2021-05-31;1261;1616;144171;72996;38.7;19.6
11;2021-06-01;1856;1904;146027;74900;39.2;20.1
11;2021-06-02;1761;2068;147788;76968;39.7;20.7
11;2021-06-03;2597;2409;150385;79377;40.3;21.3
11;2021-06-04;2147;2668;152532;82045;40.9;22.0
11;2021-06-05;1588;1903;154120;83948;41.4;22.5
11;2021-06-06;877;857;154997;84805;41.6;22.8
11;2021-06-07;1527;1709;156524;86514;42.0;23.2
11;2021-06-08;2042;1996;158566;88510;42.5;23.7
11;2021-06-09;1786;2184;160352;90694;43.0;24.3
11;2021-06-10;1806;2427;162158;93121;43.5;25.0
11;2021-06-11;1864;2495;164022;95616;44.0;25.7
11;2021-06-12;1455;1624;165477;97240;44.4;26.1
11;2021-06-13;713;723;166190;97963;44.6;26.3
11;2021-06-14;1032;1968;167222;99931;44.9;26.8
11;2021-06-15;1395;2685;168617;102616;45.2;27.5
11;2021-06-16;1335;2528;169952;105144;45.6;28.2
11;2021-06-17;1474;2522;171426;107666;46.0;28.9
11;2021-06-18;1518;2487;172944;110153;46.4;29.6
11;2021-06-19;1236;1410;174180;111563;46.7;29.9
11;2021-06-20;299;599;174479;112162;46.8;30.1
11;2021-06-21;838;2122;175317;114284;47.0;30.7
11;2021-06-22;1016;2606;176333;116890;47.3;31.4
11;2021-06-23;1095;2089;177428;118979;47.6;31.9
11;2021-06-24;909;2244;178337;121223;47.8;32.5
11;2021-06-25;993;2547;179330;123770;48.1;33.2
11;2021-06-26;773;1655;180103;125425;48.3;33.7
11;2021-06-27;210;688;180313;126113;48.4;33.8
11;2021-06-28;697;2297;181010;128410;48.6;34.5
11;2021-06-29;963;2603;181973;131013;48.8;35.2
11;2021-06-30;906;2520;182879;133533;49.1;35.8
11;2021-07-01;1004;1889;183883;135422;49.3;36.3
11;2021-07-02;966;2540;184849;137962;49.6;37.0
11;2021-07-03;729;1807;185578;139769;49.8;37.5
11;2021-07-04;340;1109;185918;140878;49.9;37.8
11;2021-07-05;695;2132;186613;143010;50.1;38.4
11;2021-07-06;972;2521;187585;145531;50.3;39.0
11;2021-07-07;945;2511;188530;148042;50.6;39.7
11;2021-07-08;1191;1911;189721;149953;50.9;40.2
11;2021-07-09;824;1796;190545;151749;51.1;40.7
11;2021-07-10;369;1302;190914;153051;51.2;41.1
11;2021-07-11;313;564;191227;153615;51.3;41.2
11;2021-07-12;505;2672;191732;156287;51.4;41.9
11;2021-07-13;1304;3064;193036;159351;51.8;42.8
11;2021-07-14;210;233;193246;159584;51.8;42.8
11;2021-07-15;1451;2961;194697;162545;52.2;43.6
11;2021-07-16;1876;2734;196573;165279;52.7;44.3
11;2021-07-17;1075;2166;197648;167445;53.0;44.9
11;2021-07-18;652;946;198300;168391;53.2;45.2
11;2021-07-19;1355;2089;199655;170480;53.6;45.7
11;2021-07-20;1998;2403;201653;172883;54.1;46.4
11;2021-07-21;2015;2441;203668;175324;54.6;47.0
11;2021-07-22;2414;1883;206082;177207;55.3;47.5
11;2021-07-23;2231;2282;208313;179489;55.9;48.2
11;2021-07-24;1274;1629;209587;181118;56.2;48.6
11;2021-07-25;749;693;210336;181811;56.4;48.8
11;2021-07-26;1667;1427;212003;183238;56.9;49.2
11;2021-07-27;2341;2000;214344;185238;57.5;49.7
11;2021-07-28;2480;1991;216824;187229;58.2;50.2
11;2021-07-29;2771;1795;219595;189024;58.9;50.7
11;2021-07-30;2575;1803;222170;190827;59.6;51.2
11;2021-07-31;2008;1143;224178;191970;60.1;51.5
11;2021-08-01;1011;482;225189;192452;60.4;51.6
11;2021-08-02;1929;1151;227118;193603;60.9;51.9
11;2021-08-03;2442;1602;229560;195205;61.6;52.4
11;2021-08-04;2560;1269;232120;196474;62.3;52.7
11;2021-08-05;2382;1334;234502;197808;62.9;53.1
11;2021-08-06;2252;1661;236754;199469;63.5;53.5
11;2021-08-07;1665;1172;238419;200641;64.0;53.8
11;2021-08-08;599;210;239018;200851;64.1;53.9
11;2021-08-09;1033;1434;240051;202285;64.4;54.3
11;2021-08-10;1747;1987;241798;204272;64.9;54.8
11;2021-08-11;1717;1689;243515;205961;65.3;55.3
11;2021-08-12;1716;1858;245231;207819;65.8;55.8
11;2021-08-13;1348;1655;246579;209474;66.2;56.2
11;2021-08-14;984;1596;247563;211070;66.4;56.6
11;2021-08-15;138;125;247701;211195;66.5;56.7
11;2021-08-16;731;1914;248432;213109;66.7;57.2
11;2021-08-17;1046;2391;249478;215500;66.9;57.8
11;2021-08-18;1108;2032;250586;217532;67.2;58.4
11;2021-08-19;1006;2291;251592;219823;67.5;59.0
11;2021-08-20;976;2291;252568;222114;67.8;59.6
11;2021-08-21;576;1838;253144;223952;67.9;60.1
11;2021-08-22;192;512;253336;224464;68.0;60.2
11;2021-08-23;522;1816;253858;226280;68.1;60.7
11;2021-08-24;799;2255;254657;228535;68.3;61.3
11;2021-08-25;796;2158;255453;230693;68.5;61.9
11;2021-08-26;759;2001;256212;232694;68.7;62.4
11;2021-08-27;701;2223;256913;234917;68.9;63.0
11;2021-08-28;436;1745;257349;236662;69.0;63.5
11;2021-08-29;143;514;257492;237176;69.1;63.6
11;2021-08-30;455;1322;257947;238498;69.2;64.0
11;2021-08-31;585;1865;258532;240363;69.4;64.5
11;2021-09-01;608;1714;259140;242077;69.5;65.0
11;2021-09-02;557;1556;259697;243633;69.7;65.4
11;2021-09-03;538;1549;260235;245182;69.8;65.8
11;2021-09-04;489;1483;260724;246665;70.0;66.2
11;2021-09-05;153;236;260877;246901;70.0;66.2
11;2021-09-06;299;673;261176;247574;70.1;66.4
11;2021-09-07;357;895;261533;248469;70.2;66.7
11;2021-09-08;478;1155;262011;249624;70.3;67.0
11;2021-09-09;394;862;262405;250486;70.4;67.2
11;2021-09-10;381;990;262786;251476;70.5;67.5
11;2021-09-11;378;985;263164;252461;70.6;67.7
11;2021-09-12;61;127;263225;252588;70.6;67.8
11;2021-09-13;238;731;263463;253319;70.7;68.0
11;2021-09-14;353;623;263816;253942;70.8;68.1
11;2021-09-15;359;972;264175;254914;70.9;68.4
11;2021-09-16;306;585;264481;255499;71.0;68.6
11;2021-09-17;313;682;264794;256181;71.0;68.7
11;2021-09-18;269;731;265063;256912;71.1;68.9
11;2021-09-19;59;123;265122;257035;71.1;69.0
11;2021-09-20;166;333;265288;257368;71.2;69.1
11;2021-09-21;290;417;265578;257785;71.3;69.2
11;2021-09-22;227;768;265805;258553;71.3;69.4
11;2021-09-23;179;398;265984;258951;71.4;69.5
11;2021-09-24;275;519;266259;259470;71.4;69.6
11;2021-09-25;236;674;266495;260144;71.5;69.8
11;2021-09-26;35;131;266530;260275;71.5;69.8
11;2021-09-27;105;385;266635;260660;71.5;69.9
11;2021-09-28;213;355;266848;261015;71.6;70.0
11;2021-09-29;221;537;267069;261552;71.7;70.2
11;2021-09-30;194;360;267263;261912;71.7;70.3
11;2021-10-01;226;389;267489;262301;71.8;70.4
11;2021-10-02;232;446;267721;262747;71.8;70.5
11;2021-10-03;2;1;267723;262748;71.8;70.5
11;2021-10-04;138;295;267861;263043;71.9;70.6
11;2021-10-05;177;321;268038;263364;71.9;70.7
11;2021-10-06;261;446;268299;263810;72.0;70.8
11;2021-10-07;166;290;268465;264100;72.0;70.9
11;2021-10-08;211;420;268676;264520;72.1;71.0
11;2021-10-09;147;365;268823;264885;72.1;71.1
11;2021-10-10;0;1;268823;264886;72.1;71.1
11;2021-10-11;129;249;268952;265135;72.2;71.1
11;2021-10-12;148;314;269100;265449;72.2;71.2
12;2020-12-27;0;0;0;0;0.0;0.0
12;2020-12-28;0;0;0;0;0.0;0.0
12;2020-12-29;0;0;0;0;0.0;0.0
12;2020-12-30;0;0;0;0;0.0;0.0
12;2020-12-31;0;0;0;0;0.0;0.0
12;2021-01-01;0;0;0;0;0.0;0.0
12;2021-01-02;0;0;0;0;0.0;0.0
12;2021-01-03;2;0;2;0;0.0;0.0
12;2021-01-04;1;0;3;0;0.0;0.0
12;2021-01-05;1;0;4;0;0.0;0.0
12;2021-01-06;12;0;16;0;0.0;0.0
12;2021-01-07;202;0;218;0;0.1;0.0
12;2021-01-08;65;0;283;0;0.1;0.0
12;2021-01-09;0;0;283;0;0.1;0.0
12;2021-01-10;1;0;284;0;0.1;0.0
12;2021-01-11;100;0;384;0;0.1;0.0
12;2021-01-12;361;2;745;2;0.3;0.0
12;2021-01-13;285;0;1030;2;0.4;0.0
12;2021-01-14;600;12;1630;14;0.6;0.0
12;2021-01-15;367;10;1997;24;0.7;0.0
12;2021-01-16;138;2;2135;26;0.8;0.0
12;2021-01-17;1;0;2136;26;0.8;0.0
12;2021-01-18;452;0;2588;26;0.9;0.0
12;2021-01-19;609;4;3197;30;1.1;0.0
12;2021-01-20;879;5;4076;35;1.5;0.0
12;2021-01-21;736;1;4812;36;1.7;0.0
12;2021-01-22;799;1;5611;37;2.0;0.0
12;2021-01-23;382;0;5993;37;2.2;0.0
12;2021-01-24;0;0;5993;37;2.2;0.0
12;2021-01-25;453;0;6446;37;2.3;0.0
12;2021-01-26;650;0;7096;37;2.5;0.0
12;2021-01-27;1887;40;8983;77;3.2;0.0
12;2021-01-28;1886;232;10869;309;3.9;0.1
12;2021-01-29;1331;46;12200;355;4.4;0.1
12;2021-01-30;359;2;12559;357;4.5;0.1
12;2021-01-31;0;0;12559;357;4.5;0.1
12;2021-02-01;335;89;12894;446;4.6;0.2
12;2021-02-02;459;241;13353;687;4.8;0.2
12;2021-02-03;458;168;13811;855;5.0;0.3
12;2021-02-04;459;526;14270;1381;5.1;0.5
12;2021-02-05;449;183;14719;1564;5.3;0.6
12;2021-02-06;220;66;14939;1630;5.4;0.6
12;2021-02-07;8;0;14947;1630;5.4;0.6
12;2021-02-08;104;313;15051;1943;5.4;0.7
12;2021-02-09;209;341;15260;2284;5.5;0.8
12;2021-02-10;468;475;15728;2759;5.7;1.0
12;2021-02-11;539;344;16267;3103;5.8;1.1
12;2021-02-12;570;345;16837;3448;6.0;1.2
12;2021-02-13;175;132;17012;3580;6.1;1.3
12;2021-02-14;1;0;17013;3580;6.1;1.3
12;2021-02-15;175;374;17188;3954;6.2;1.4
12;2021-02-16;171;509;17359;4463;6.2;1.6
12;2021-02-17;366;1431;17725;5894;6.4;2.1
12;2021-02-18;678;1662;18403;7556;6.6;2.7
12;2021-02-19;594;974;18997;8530;6.8;3.1
12;2021-02-20;103;392;19100;8922;6.9;3.2
12;2021-02-21;0;0;19100;8922;6.9;3.2
12;2021-02-22;150;398;19250;9320;6.9;3.3
12;2021-02-23;157;558;19407;9878;7.0;3.5
12;2021-02-24;156;685;19563;10563;7.0;3.8
12;2021-02-25;201;769;19764;11332;7.1;4.1
12;2021-02-26;320;650;20084;11982;7.2;4.3
12;2021-02-27;191;350;20275;12332;7.3;4.4
12;2021-02-28;13;0;20288;12332;7.3;4.4
12;2021-03-01;50;349;20338;12681;7.3;4.6
12;2021-03-02;190;507;20528;13188;7.4;4.7
12;2021-03-03;245;388;20773;13576;7.5;4.9
12;2021-03-04;278;363;21051;13939;7.6;5.0
12;2021-03-05;421;370;21472;14309;7.7;5.1
12;2021-03-06;793;129;22265;14438;8.0;5.2
12;2021-03-07;140;33;22405;14471;8.0;5.2
12;2021-03-08;234;208;22639;14679;8.1;5.3
12;2021-03-09;716;234;23355;14913;8.4;5.4
12;2021-03-10;785;744;24140;15657;8.7;5.6
12;2021-03-11;919;663;25059;16320;9.0;5.9
12;2021-03-12;1259;530;26318;16850;9.5;6.1
12;2021-03-13;896;140;27214;16990;9.8;6.1
12;2021-03-14;45;2;27259;16992;9.8;6.1
12;2021-03-15;559;157;27818;17149;10.0;6.2
12;2021-03-16;818;162;28636;17311;10.3;6.2
12;2021-03-17;1504;167;30140;17478;10.8;6.3
12;2021-03-18;997;255;31137;17733;11.2;6.4
12;2021-03-19;1383;283;32520;18016;11.7;6.5
12;2021-03-20;725;82;33245;18098;11.9;6.5
12;2021-03-21;264;10;33509;18108;12.0;6.5
12;2021-03-22;606;175;34115;18283;12.3;6.6
12;2021-03-23;1214;178;35329;18461;12.7;6.6
12;2021-03-24;1422;210;36751;18671;13.2;6.7
12;2021-03-25;1843;206;38594;18877;13.9;6.8
12;2021-03-26;1978;233;40572;19110;14.6;6.9
12;2021-03-27;981;68;41553;19178;14.9;6.9
12;2021-03-28;60;1;41613;19179;14.9;6.9
12;2021-03-29;963;85;42576;19264;15.3;6.9
12;2021-03-30;1737;125;44313;19389;15.9;7.0
12;2021-03-31;1460;107;45773;19496;16.4;7.0
12;2021-04-01;1957;167;47730;19663;17.1;7.1
12;2021-04-02;1614;346;49344;20009;17.7;7.2
12;2021-04-03;882;96;50226;20105;18.0;7.2
12;2021-04-04;1;0;50227;20105;18.0;7.2
12;2021-04-05;645;15;50872;20120;18.3;7.2
12;2021-04-06;1151;538;52023;20658;18.7;7.4
12;2021-04-07;1652;645;53675;21303;19.3;7.7
12;2021-04-08;2098;575;55773;21878;20.0;7.9
12;2021-04-09;2112;657;57885;22535;20.8;8.1
12;2021-04-10;1427;222;59312;22757;21.3;8.2
12;2021-04-11;120;1;59432;22758;21.4;8.2
12;2021-04-12;1836;506;61268;23264;22.0;8.4
12;2021-04-13;1907;780;63175;24044;22.7;8.6
12;2021-04-14;1832;1322;65007;25366;23.4;9.1
12;2021-04-15;1937;901;66944;26267;24.0;9.4
12;2021-04-16;1675;1205;68619;27472;24.7;9.9
12;2021-04-17;1553;568;70172;28040;25.2;10.1
12;2021-04-18;0;0;70172;28040;25.2;10.1
12;2021-04-19;1687;550;71859;28590;25.8;10.3
12;2021-04-20;1546;986;73405;29576;26.4;10.6
12;2021-04-21;1693;1183;75098;30759;27.0;11.1
12;2021-04-22;1690;1097;76788;31856;27.6;11.4
12;2021-04-23;1382;1335;78170;33191;28.1;11.9
12;2021-04-24;1450;720;79620;33911;28.6;12.2
12;2021-04-25;60;0;79680;33911;28.6;12.2
12;2021-04-26;1459;898;81139;34809;29.1;12.5
12;2021-04-27;1321;1281;82460;36090;29.6;13.0
12;2021-04-28;1113;1870;83573;37960;30.0;13.6
12;2021-04-29;1571;1911;85144;39871;30.6;14.3
12;2021-04-30;1815;1839;86959;41710;31.2;15.0
12;2021-05-01;1617;261;88576;41971;31.8;15.1
12;2021-05-02;9;0;88585;41971;31.8;15.1
12;2021-05-03;1713;1252;90298;43223;32.4;15.5
12;2021-05-04;1482;1396;91780;44619;33.0;16.0
12;2021-05-05;1296;1677;93076;46296;33.4;16.6
12;2021-05-06;1753;1379;94829;47675;34.1;17.1
12;2021-05-07;1483;1780;96312;49455;34.6;17.8
12;2021-05-08;1330;461;97642;49916;35.1;17.9
12;2021-05-09;13;34;97655;49950;35.1;17.9
12;2021-05-10;829;2217;98484;52167;35.4;18.7
12;2021-05-11;928;1851;99412;54018;35.7;19.4
12;2021-05-12;948;1820;100360;55838;36.1;20.1
12;2021-05-13;1587;811;101947;56649;36.6;20.4
12;2021-05-14;1235;1534;103182;58183;37.1;20.9
12;2021-05-15;1067;1115;104249;59298;37.5;21.3
12;2021-05-16;2;19;104251;59317;37.5;21.3
12;2021-05-17;1082;1810;105333;61127;37.8;22.0
12;2021-05-18;1427;1535;106760;62662;38.4;22.5
12;2021-05-19;1915;1330;108675;63992;39.0;23.0
12;2021-05-20;2118;876;110793;64868;39.8;23.3
12;2021-05-21;1821;1253;112614;66121;40.5;23.8
12;2021-05-22;1207;1016;113821;67137;40.9;24.1
12;2021-05-23;7;12;113828;67149;40.9;24.1
12;2021-05-24;1956;538;115784;67687;41.6;24.3
12;2021-05-25;1742;1159;117526;68846;42.2;24.7
12;2021-05-26;1998;780;119524;69626;42.9;25.0
12;2021-05-27;2165;744;121689;70370;43.7;25.3
12;2021-05-28;1927;1031;123616;71401;44.4;25.7
12;2021-05-29;1637;805;125253;72206;45.0;25.9
12;2021-05-30;9;43;125262;72249;45.0;26.0
12;2021-05-31;1699;817;126961;73066;45.6;26.2
12;2021-06-01;1887;1028;128848;74094;46.3;26.6
12;2021-06-02;1979;1051;130827;75145;47.0;27.0
12;2021-06-03;2123;831;132950;75976;47.8;27.3
12;2021-06-04;1967;1418;134917;77394;48.5;27.8
12;2021-06-05;1738;985;136655;78379;49.1;28.2
12;2021-06-06;6;6;136661;78385;49.1;28.2
12;2021-06-07;1092;1811;137753;80196;49.5;28.8
12;2021-06-08;1332;1201;139085;81397;50.0;29.2
12;2021-06-09;895;1294;139980;82691;50.3;29.7
12;2021-06-10;1022;920;141002;83611;50.7;30.0
12;2021-06-11;1204;2081;142206;85692;51.1;30.8
12;2021-06-12;1033;1322;143239;87014;51.5;31.3
12;2021-06-13;6;47;143245;87061;51.5;31.3
12;2021-06-14;662;1830;143907;88891;51.7;31.9
12;2021-06-15;745;1885;144652;90776;52.0;32.6
12;2021-06-16;820;1818;145472;92594;52.3;33.3
12;2021-06-17;678;995;146150;93589;52.5;33.6
12;2021-06-18;1134;1840;147284;95429;52.9;34.3
12;2021-06-19;914;1406;148198;96835;53.2;34.8
12;2021-06-20;4;10;148202;96845;53.2;34.8
12;2021-06-21;511;1737;148713;98582;53.4;35.4
12;2021-06-22;502;1474;149215;100056;53.6;35.9
12;2021-06-23;579;1306;149794;101362;53.8;36.4
12;2021-06-24;249;545;150043;101907;53.9;36.6
12;2021-06-25;876;1842;150919;103749;54.2;37.3
12;2021-06-26;673;1527;151592;105276;54.5;37.8
12;2021-06-27;1;9;151593;105285;54.5;37.8
12;2021-06-28;467;2454;152060;107739;54.6;38.7
12;2021-06-29;565;1958;152625;109697;54.8;39.4
12;2021-06-30;828;2132;153453;111829;55.1;40.2
12;2021-07-01;345;1086;153798;112915;55.3;40.6
12;2021-07-02;796;2629;154594;115544;55.5;41.5
12;2021-07-03;565;1872;155159;117416;55.7;42.2
12;2021-07-04;1;0;155160;117416;55.7;42.2
12;2021-07-05;440;2406;155600;119822;55.9;43.0
12;2021-07-06;640;2495;156240;122317;56.1;43.9
12;2021-07-07;688;2116;156928;124433;56.4;44.7
12;2021-07-08;295;913;157223;125346;56.5;45.0
12;2021-07-09;724;2589;157947;127935;56.7;46.0
12;2021-07-10;445;2077;158392;130012;56.9;46.7
12;2021-07-11;0;0;158392;130012;56.9;46.7
12;2021-07-12;587;2439;158979;132451;57.1;47.6
12;2021-07-13;840;2593;159819;135044;57.4;48.5
12;2021-07-14;44;25;159863;135069;57.4;48.5
12;2021-07-15;795;2107;160658;137176;57.7;49.3
12;2021-07-16;1247;2556;161905;139732;58.2;50.2
12;2021-07-17;790;2007;162695;141739;58.4;50.9
12;2021-07-18;25;11;162720;141750;58.5;50.9
12;2021-07-19;1319;2005;164039;143755;58.9;51.6
12;2021-07-20;1422;1475;165461;145230;59.4;52.2
12;2021-07-21;1022;941;166483;146171;59.8;52.5
12;2021-07-22;2236;1308;168719;147479;60.6;53.0
12;2021-07-23;1865;2064;170584;149543;61.3;53.7
12;2021-07-24;1604;1566;172188;151109;61.9;54.3
12;2021-07-25;97;28;172285;151137;61.9;54.3
12;2021-07-26;1930;1438;174215;152575;62.6;54.8
12;2021-07-27;2236;1011;176451;153586;63.4;55.2
12;2021-07-28;1715;675;178166;154261;64.0;55.4
12;2021-07-29;1189;807;179355;155068;64.4;55.7
12;2021-07-30;2507;1284;181862;156352;65.3;56.2
12;2021-07-31;1967;1005;183829;157357;66.0;56.5
12;2021-08-01;225;38;184054;157395;66.1;56.5
12;2021-08-02;1815;833;185869;158228;66.8;56.8
12;2021-08-03;1960;776;187829;159004;67.5;57.1
12;2021-08-04;1694;833;189523;159837;68.1;57.4
12;2021-08-05;1636;688;191159;160525;68.7;57.7
12;2021-08-06;1706;1314;192865;161839;69.3;58.1
12;2021-08-07;1448;744;194313;162583;69.8;58.4
12;2021-08-08;0;3;194313;162586;69.8;58.4
12;2021-08-09;1351;1415;195664;164001;70.3;58.9
12;2021-08-10;1343;1254;197007;165255;70.8;59.4
12;2021-08-11;820;1195;197827;166450;71.1;59.8
12;2021-08-12;737;1070;198564;167520;71.3;60.2
12;2021-08-13;1075;1335;199639;168855;71.7;60.7
12;2021-08-14;739;1354;200378;170209;72.0;61.1
12;2021-08-15;255;75;200633;170284;72.1;61.2
12;2021-08-16;670;1817;201303;172101;72.3;61.8
12;2021-08-17;905;1991;202208;174092;72.6;62.5
12;2021-08-18;448;1522;202656;175614;72.8;63.1
12;2021-08-19;641;1115;203297;176729;73.0;63.5
12;2021-08-20;797;1888;204094;178617;73.3;64.2
12;2021-08-21;473;1526;204567;180143;73.5;64.7
12;2021-08-22;93;27;204660;180170;73.5;64.7
12;2021-08-23;453;1921;205113;182091;73.7;65.4
12;2021-08-24;486;1918;205599;184009;73.9;66.1
12;2021-08-25;333;1579;205932;185588;74.0;66.7
12;2021-08-26;487;1607;206419;187195;74.2;67.2
12;2021-08-27;599;1699;207018;188894;74.4;67.9
12;2021-08-28;332;1553;207350;190447;74.5;68.4
12;2021-08-29;176;143;207526;190590;74.6;68.5
12;2021-08-30;563;1870;208089;192460;74.8;69.1
12;2021-08-31;419;1344;208508;193804;74.9;69.6
12;2021-09-01;425;923;208933;194727;75.1;70.0
12;2021-09-02;267;735;209200;195462;75.2;70.2
12;2021-09-03;490;1189;209690;196651;75.3;70.6
12;2021-09-04;432;1092;210122;197743;75.5;71.0
12;2021-09-05;52;192;210174;197935;75.5;71.1
12;2021-09-06;214;592;210388;198527;75.6;71.3
12;2021-09-07;270;482;210658;199009;75.7;71.5
12;2021-09-08;245;464;210903;199473;75.8;71.7
12;2021-09-09;174;394;211077;199867;75.8;71.8
12;2021-09-10;500;1005;211577;200872;76.0;72.2
12;2021-09-11;386;936;211963;201808;76.1;72.5
12;2021-09-12;17;102;211980;201910;76.2;72.5
12;2021-09-13;157;389;212137;202299;76.2;72.7
12;2021-09-14;281;350;212418;202649;76.3;72.8
12;2021-09-15;246;407;212664;203056;76.4;72.9
12;2021-09-16;387;412;213051;203468;76.5;73.1
12;2021-09-17;345;505;213396;203973;76.7;73.3
12;2021-09-18;242;687;213638;204660;76.7;73.5
12;2021-09-19;0;4;213638;204664;76.7;73.5
12;2021-09-20;107;432;213745;205096;76.8;73.7
12;2021-09-21;112;220;213857;205316;76.8;73.8
12;2021-09-22;132;578;213989;205894;76.9;74.0
12;2021-09-23;106;161;214095;206055;76.9;74.0
12;2021-09-24;216;535;214311;206590;77.0;74.2
12;2021-09-25;161;667;214472;207257;77.0;74.5
12;2021-09-26;0;1;214472;207258;77.0;74.5
12;2021-09-27;81;242;214553;207500;77.1;74.5
12;2021-09-28;96;252;214649;207752;77.1;74.6
12;2021-09-29;112;325;214761;208077;77.2;74.8
12;2021-09-30;51;124;214812;208201;77.2;74.8
12;2021-10-01;161;404;214973;208605;77.2;74.9
12;2021-10-02;182;478;215155;209083;77.3;75.1
12;2021-10-03;0;2;215155;209085;77.3;75.1
12;2021-10-04;84;169;215239;209254;77.3;75.2
12;2021-10-05;67;191;215306;209445;77.3;75.2
12;2021-10-06;117;266;215423;209711;77.4;75.3
12;2021-10-07;67;317;215490;210028;77.4;75.5
12;2021-10-08;153;402;215643;210430;77.5;75.6
12;2021-10-09;168;347;215811;210777;77.5;75.7
12;2021-10-10;1;0;215812;210777;77.5;75.7
12;2021-10-11;56;100;215868;210877;77.5;75.8
12;2021-10-12;40;113;215908;210990;77.6;75.8
13;2020-12-27;5;0;5;0;0.0;0.0
13;2020-12-28;6;0;11;0;0.0;0.0
13;2020-12-29;1;0;12;0;0.0;0.0
13;2020-12-30;3;0;15;0;0.0;0.0
13;2020-12-31;6;0;21;0;0.0;0.0
13;2021-01-01;4;1;25;1;0.0;0.0
13;2021-01-02;4;0;29;1;0.0;0.0
13;2021-01-03;11;3;40;4;0.0;0.0
13;2021-01-04;1;1;41;5;0.0;0.0
13;2021-01-05;80;1;121;6;0.0;0.0
13;2021-01-06;122;0;243;6;0.0;0.0
13;2021-01-07;174;1;417;7;0.0;0.0
13;2021-01-08;189;0;606;7;0.0;0.0
13;2021-01-09;13;0;619;7;0.0;0.0
13;2021-01-10;3;0;622;7;0.0;0.0
13;2021-01-11;482;2;1104;9;0.1;0.0
13;2021-01-12;813;2;1917;11;0.1;0.0
13;2021-01-13;1087;2;3004;13;0.1;0.0
13;2021-01-14;1589;30;4593;43;0.2;0.0
13;2021-01-15;1539;9;6132;52;0.3;0.0
13;2021-01-16;406;3;6538;55;0.3;0.0
13;2021-01-17;44;0;6582;55;0.3;0.0
13;2021-01-18;2389;10;8971;65;0.4;0.0
13;2021-01-19;7422;53;16393;118;0.8;0.0
13;2021-01-20;5585;32;21978;150;1.1;0.0
13;2021-01-21;5363;38;27341;188;1.3;0.0
13;2021-01-22;4008;26;31349;214;1.5;0.0
13;2021-01-23;1358;8;32707;222;1.6;0.0
13;2021-01-24;491;6;33198;228;1.6;0.0
13;2021-01-25;2342;31;35540;259;1.7;0.0
13;2021-01-26;2951;92;38491;351;1.9;0.0
13;2021-01-27;3121;126;41612;477;2.0;0.0
13;2021-01-28;3252;198;44864;675;2.2;0.0
13;2021-01-29;2513;138;47377;813;2.3;0.0
13;2021-01-30;1025;12;48402;825;2.4;0.0
13;2021-01-31;252;2;48654;827;2.4;0.0
13;2021-02-01;1864;291;50518;1118;2.5;0.1
13;2021-02-02;2260;614;52778;1732;2.6;0.1
13;2021-02-03;1869;580;54647;2312;2.7;0.1
13;2021-02-04;1907;929;56554;3241;2.8;0.2
13;2021-02-05;2629;1556;59183;4797;2.9;0.2
13;2021-02-06;857;312;60040;5109;3.0;0.3
13;2021-02-07;279;6;60319;5115;3.0;0.3
13;2021-02-08;1906;1543;62225;6658;3.1;0.3
13;2021-02-09;3321;4465;65546;11123;3.2;0.5
13;2021-02-10;3249;3419;68795;14542;3.4;0.7
13;2021-02-11;3584;3597;72379;18139;3.6;0.9
13;2021-02-12;2839;3148;75218;21287;3.7;1.0
13;2021-02-13;734;597;75952;21884;3.7;1.1
13;2021-02-14;73;378;76025;22262;3.7;1.1
13;2021-02-15;971;2026;76996;24288;3.8;1.2
13;2021-02-16;1396;2629;78392;26917;3.9;1.3
13;2021-02-17;1350;3002;79742;29919;3.9;1.5
13;2021-02-18;1904;2687;81646;32606;4.0;1.6
13;2021-02-19;1517;2183;83163;34789;4.1;1.7
13;2021-02-20;458;783;83621;35572;4.1;1.7
13;2021-02-21;33;284;83654;35856;4.1;1.8
13;2021-02-22;1023;2262;84677;38118;4.2;1.9
13;2021-02-23;1290;2678;85967;40796;4.2;2.0
13;2021-02-24;1520;2623;87487;43419;4.3;2.1
13;2021-02-25;2384;2151;89871;45570;4.4;2.2
13;2021-02-26;2459;2130;92330;47700;4.5;2.3
13;2021-02-27;983;750;93313;48450;4.6;2.4
13;2021-02-28;195;208;93508;48658;4.6;2.4
13;2021-03-01;1928;1538;95436;50196;4.7;2.5
13;2021-03-02;3012;2643;98448;52839;4.8;2.6
13;2021-03-03;3491;2584;101939;55423;5.0;2.7
13;2021-03-04;4208;3155;106147;58578;5.2;2.9
13;2021-03-05;4043;2799;110190;61377;5.4;3.0
13;2021-03-06;5304;841;115494;62218;5.7;3.1
13;2021-03-07;4296;384;119790;62602;5.9;3.1
13;2021-03-08;3930;2013;123720;64615;6.1;3.2
13;2021-03-09;5082;2294;128802;66909;6.3;3.3
13;2021-03-10;5179;2004;133981;68913;6.6;3.4
13;2021-03-11;7312;2166;141293;71079;6.9;3.5
13;2021-03-12;8335;2139;149628;73218;7.4;3.6
13;2021-03-13;6379;750;156007;73968;7.7;3.6
13;2021-03-14;2313;175;158320;74143;7.8;3.6
13;2021-03-15;6358;1334;164678;75477;8.1;3.7
13;2021-03-16;5078;1562;169756;77039;8.3;3.8
13;2021-03-17;5174;1436;174930;78475;8.6;3.9
13;2021-03-18;5816;1900;180746;80375;8.9;4.0
13;2021-03-19;6813;1625;187559;82000;9.2;4.0
13;2021-03-20;4045;708;191604;82708;9.4;4.1
13;2021-03-21;727;89;192331;82797;9.5;4.1
13;2021-03-22;7297;1573;199628;84370;9.8;4.1
13;2021-03-23;9133;1779;208761;86149;10.3;4.2
13;2021-03-24;8869;2207;217630;88356;10.7;4.3
13;2021-03-25;10917;2136;228547;90492;11.2;4.4
13;2021-03-26;10716;1941;239263;92433;11.8;4.5
13;2021-03-27;4869;843;244132;93276;12.0;4.6
13;2021-03-28;1120;83;245252;93359;12.1;4.6
13;2021-03-29;7579;2022;252831;95381;12.4;4.7
13;2021-03-30;12617;2557;265448;97938;13.0;4.8
13;2021-03-31;10810;3207;276258;101145;13.6;5.0
13;2021-04-01;12276;3126;288534;104271;14.2;5.1
13;2021-04-02;9791;3916;298325;108187;14.7;5.3
13;2021-04-03;4007;2819;302332;111006;14.9;5.5
13;2021-04-04;631;307;302963;111313;14.9;5.5
13;2021-04-05;3537;734;306500;112047;15.1;5.5
13;2021-04-06;8520;4272;315020;116319;15.5;5.7
13;2021-04-07;10077;4712;325097;121031;16.0;5.9
13;2021-04-08;10117;5489;335214;126520;16.5;6.2
13;2021-04-09;11281;5147;346495;131667;17.0;6.5
13;2021-04-10;7300;2107;353795;133774;17.4;6.6
13;2021-04-11;1380;535;355175;134309;17.5;6.6
13;2021-04-12;7984;4825;363159;139134;17.9;6.8
13;2021-04-13;9146;5529;372305;144663;18.3;7.1
13;2021-04-14;9535;5835;381840;150498;18.8;7.4
13;2021-04-15;9879;5980;391719;156478;19.3;7.7
13;2021-04-16;9968;5586;401687;162064;19.7;8.0
13;2021-04-17;4079;2028;405766;164092;19.9;8.1
13;2021-04-18;2527;1426;408293;165518;20.1;8.1
13;2021-04-19;6457;6419;414750;171937;20.4;8.5
13;2021-04-20;7403;7617;422153;179554;20.8;8.8
13;2021-04-21;7771;7393;429924;186947;21.1;9.2
13;2021-04-22;8461;7940;438385;194887;21.5;9.6
13;2021-04-23;8395;6848;446780;201735;22.0;9.9
13;2021-04-24;4624;3819;451404;205554;22.2;10.1
13;2021-04-25;877;528;452281;206082;22.2;10.1
13;2021-04-26;6167;7123;458448;213205;22.5;10.5
13;2021-04-27;7264;8044;465712;221249;22.9;10.9
13;2021-04-28;9453;7733;475165;228982;23.4;11.3
13;2021-04-29;11408;7636;486573;236618;23.9;11.6
13;2021-04-30;10918;7388;497491;244006;24.5;12.0
13;2021-05-01;5365;3799;502856;247805;24.7;12.2
13;2021-05-02;2101;750;504957;248555;24.8;12.2
13;2021-05-03;7295;7874;512252;256429;25.2;12.6
13;2021-05-04;8456;8523;520708;264952;25.6;13.0
13;2021-05-05;8226;8982;528934;273934;26.0;13.5
13;2021-05-06;10143;8600;539077;282534;26.5;13.9
13;2021-05-07;8852;10047;547929;292581;26.9;14.4
13;2021-05-08;4568;3938;552497;296519;27.2;14.6
13;2021-05-09;939;688;553436;297207;27.2;14.6
13;2021-05-10;7710;8772;561146;305979;27.6;15.0
13;2021-05-11;10979;9583;572125;315562;28.1;15.5
13;2021-05-12;12841;8735;584966;324297;28.8;15.9
13;2021-05-13;9508;3642;594474;327939;29.2;16.1
13;2021-05-14;13656;6455;608130;334394;29.9;16.4
13;2021-05-15;10196;4540;618326;338934;30.4;16.7
13;2021-05-16;3129;794;621455;339728;30.5;16.7
13;2021-05-17;10843;6813;632298;346541;31.1;17.0
13;2021-05-18;11924;6486;644222;353027;31.7;17.4
13;2021-05-19;12157;6361;656379;359388;32.3;17.7
13;2021-05-20;13444;6470;669823;365858;32.9;18.0
13;2021-05-21;12990;6784;682813;372642;33.6;18.3
13;2021-05-22;7514;3638;690327;376280;33.9;18.5
13;2021-05-23;862;638;691189;376918;34.0;18.5
13;2021-05-24;6761;2469;697950;379387;34.3;18.6
13;2021-05-25;9270;7595;707220;386982;34.8;19.0
13;2021-05-26;10144;7838;717364;394820;35.3;19.4
13;2021-05-27;10338;8422;727702;403242;35.8;19.8
13;2021-05-28;9005;9175;736707;412417;36.2;20.3
13;2021-05-29;7173;4625;743880;417042;36.6;20.5
13;2021-05-30;891;527;744771;417569;36.6;20.5
13;2021-05-31;8184;8032;752955;425601;37.0;20.9
13;2021-06-01;9579;9299;762534;434900;37.5;21.4
13;2021-06-02;10083;8786;772617;443686;38.0;21.8
13;2021-06-03;12295;9500;784912;453186;38.6;22.3
13;2021-06-04;12025;10047;796937;463233;39.2;22.8
13;2021-06-05;7821;5596;804758;468829;39.6;23.0
13;2021-06-06;1671;887;806429;469716;39.6;23.1
13;2021-06-07;6686;9883;813115;479599;40.0;23.6
13;2021-06-08;8317;9995;821432;489594;40.4;24.1
13;2021-06-09;8397;9742;829829;499336;40.8;24.5
13;2021-06-10;8953;9787;838782;509123;41.2;25.0
13;2021-06-11;8231;12714;847013;521837;41.6;25.6
13;2021-06-12;5778;6704;852791;528541;41.9;26.0
13;2021-06-13;950;1216;853741;529757;42.0;26.0
13;2021-06-14;5994;11143;859735;540900;42.3;26.6
13;2021-06-15;7284;11407;867019;552307;42.6;27.1
13;2021-06-16;7340;9868;874359;562175;43.0;27.6
13;2021-06-17;7444;10717;881803;572892;43.3;28.2
13;2021-06-18;7550;11076;889353;583968;43.7;28.7
13;2021-06-19;4617;7500;893970;591468;43.9;29.1
13;2021-06-20;1861;1045;895831;592513;44.0;29.1
13;2021-06-21;4462;12262;900293;604775;44.3;29.7
13;2021-06-22;4941;13877;905234;618652;44.5;30.4
13;2021-06-23;5148;13578;910382;632230;44.7;31.1
13;2021-06-24;5341;12855;915723;645085;45.0;31.7
13;2021-06-25;5243;14681;920966;659766;45.3;32.4
13;2021-06-26;3016;9681;923982;669447;45.4;32.9
13;2021-06-27;537;931;924519;670378;45.4;33.0
13;2021-06-28;3731;12564;928250;682942;45.6;33.6
13;2021-06-29;4500;12904;932750;695846;45.8;34.2
13;2021-06-30;4904;12698;937654;708544;46.1;34.8
13;2021-07-01;5580;11500;943234;720044;46.4;35.4
13;2021-07-02;5572;12398;948806;732442;46.6;36.0
13;2021-07-03;3504;9161;952310;741603;46.8;36.5
13;2021-07-04;476;867;952786;742470;46.8;36.5
13;2021-07-05;3872;11778;956658;754248;47.0;37.1
13;2021-07-06;5461;11681;962119;765929;47.3;37.6
13;2021-07-07;5822;10707;967941;776636;47.6;38.2
13;2021-07-08;6231;10329;974172;786965;47.9;38.7
13;2021-07-09;5933;11935;980105;798900;48.2;39.3
13;2021-07-10;3163;8637;983268;807537;48.3;39.7
13;2021-07-11;435;1012;983703;808549;48.4;39.7
13;2021-07-12;4493;10951;988196;819500;48.6;40.3
13;2021-07-13;8981;13187;997177;832687;49.0;40.9
13;2021-07-14;5610;4872;1002787;837559;49.3;41.2
13;2021-07-15;11438;12948;1014225;850507;49.9;41.8
13;2021-07-16;12195;12938;1026420;863445;50.5;42.4
13;2021-07-17;6584;8494;1033004;871939;50.8;42.9
13;2021-07-18;727;1062;1033731;873001;50.8;42.9
13;2021-07-19;9809;11153;1043540;884154;51.3;43.5
13;2021-07-20;12273;11664;1055813;895818;51.9;44.0
13;2021-07-21;12690;10363;1068503;906181;52.5;44.5
13;2021-07-22;14557;10469;1083060;916650;53.2;45.1
13;2021-07-23;14485;10982;1097545;927632;53.9;45.6
13;2021-07-24;8343;7980;1105888;935612;54.4;46.0
13;2021-07-25;1017;785;1106905;936397;54.4;46.0
13;2021-07-26;11649;9124;1118554;945521;55.0;46.5
13;2021-07-27;13609;9426;1132163;954947;55.6;46.9
13;2021-07-28;12341;8188;1144504;963135;56.3;47.3
13;2021-07-29;13765;8096;1158269;971231;56.9;47.7
13;2021-07-30;13715;8644;1171984;979875;57.6;48.2
13;2021-07-31;8678;5846;1180662;985721;58.0;48.5
13;2021-08-01;1107;730;1181769;986451;58.1;48.5
13;2021-08-02;10054;6733;1191823;993184;58.6;48.8
13;2021-08-03;11072;7301;1202895;1000485;59.1;49.2
13;2021-08-04;9429;6574;1212324;1007059;59.6;49.5
13;2021-08-05;9530;7584;1221854;1014643;60.1;49.9
13;2021-08-06;9198;9007;1231052;1023650;60.5;50.3
13;2021-08-07;5441;5586;1236493;1029236;60.8;50.6
13;2021-08-08;905;805;1237398;1030041;60.8;50.6
13;2021-08-09;8398;9079;1245796;1039120;61.2;51.1
13;2021-08-10;9149;8913;1254945;1048033;61.7;51.5
13;2021-08-11;7910;8545;1262855;1056578;62.1;51.9
13;2021-08-12;7791;9674;1270646;1066252;62.5;52.4
13;2021-08-13;6960;9192;1277606;1075444;62.8;52.9
13;2021-08-14;3690;6456;1281296;1081900;63.0;53.2
13;2021-08-15;485;731;1281781;1082631;63.0;53.2
13;2021-08-16;6579;11081;1288360;1093712;63.3;53.8
13;2021-08-17;6674;10617;1295034;1104329;63.7;54.3
13;2021-08-18;6343;10182;1301377;1114511;64.0;54.8
13;2021-08-19;6670;10617;1308047;1125128;64.3;55.3
13;2021-08-20;5832;11238;1313879;1136366;64.6;55.9
13;2021-08-21;2617;7568;1316496;1143934;64.7;56.2
13;2021-08-22;369;1090;1316865;1145024;64.7;56.3
13;2021-08-23;4977;11223;1321842;1156247;65.0;56.8
13;2021-08-24;5447;10920;1327289;1167167;65.2;57.4
13;2021-08-25;5213;10100;1332502;1177267;65.5;57.9
13;2021-08-26;5133;9784;1337635;1187051;65.7;58.3
13;2021-08-27;5092;10636;1342727;1197687;66.0;58.9
13;2021-08-28;2361;6461;1345088;1204148;66.1;59.2
13;2021-08-29;338;1139;1345426;1205287;66.1;59.2
13;2021-08-30;4244;9719;1349670;1215006;66.3;59.7
13;2021-08-31;4870;9914;1354540;1224920;66.6;60.2
13;2021-09-01;4722;8265;1359262;1233185;66.8;60.6
13;2021-09-02;4774;8004;1364036;1241189;67.0;61.0
13;2021-09-03;4275;8650;1368311;1249839;67.3;61.4
13;2021-09-04;2173;5408;1370484;1255247;67.4;61.7
13;2021-09-05;185;348;1370669;1255595;67.4;61.7
13;2021-09-06;3142;6034;1373811;1261629;67.5;62.0
13;2021-09-07;3220;6245;1377031;1267874;67.7;62.3
13;2021-09-08;3515;6352;1380546;1274226;67.9;62.6
13;2021-09-09;3167;5730;1383713;1279956;68.0;62.9
13;2021-09-10;3671;6748;1387384;1286704;68.2;63.2
13;2021-09-11;2292;5143;1389676;1291847;68.3;63.5
13;2021-09-12;232;294;1389908;1292141;68.3;63.5
13;2021-09-13;2504;4265;1392412;1296406;68.4;63.7
13;2021-09-14;3210;4614;1395622;1301020;68.6;63.9
13;2021-09-15;2882;5519;1398504;1306539;68.7;64.2
13;2021-09-16;2222;3903;1400726;1310442;68.8;64.4
13;2021-09-17;2334;4875;1403060;1315317;69.0;64.7
13;2021-09-18;1532;4250;1404592;1319567;69.0;64.9
13;2021-09-19;125;176;1404717;1319743;69.0;64.9
13;2021-09-20;1542;3306;1406259;1323049;69.1;65.0
13;2021-09-21;1475;2927;1407734;1325976;69.2;65.2
13;2021-09-22;1684;4543;1409418;1330519;69.3;65.4
13;2021-09-23;1648;3537;1411066;1334056;69.4;65.6
13;2021-09-24;1619;4273;1412685;1338329;69.4;65.8
13;2021-09-25;1229;3967;1413914;1342296;69.5;66.0
13;2021-09-26;87;258;1414001;1342554;69.5;66.0
13;2021-09-27;1252;3155;1415253;1345709;69.6;66.1
13;2021-09-28;1327;2637;1416580;1348346;69.6;66.3
13;2021-09-29;1601;3553;1418181;1351899;69.7;66.4
13;2021-09-30;1360;3202;1419541;1355101;69.8;66.6
13;2021-10-01;1561;3564;1421102;1358665;69.9;66.8
13;2021-10-02;1176;2815;1422278;1361480;69.9;66.9
13;2021-10-03;101;418;1422379;1361898;69.9;66.9
13;2021-10-04;622;1593;1423001;1363491;69.9;67.0
13;2021-10-05;1135;2459;1424136;1365950;70.0;67.1
13;2021-10-06;1257;3142;1425393;1369092;70.1;67.3
13;2021-10-07;1027;2498;1426420;1371590;70.1;67.4
13;2021-10-08;1361;3254;1427781;1374844;70.2;67.6
13;2021-10-09;916;2324;1428697;1377168;70.2;67.7
13;2021-10-10;81;120;1428778;1377288;70.2;67.7
13;2021-10-11;916;1707;1429694;1378995;70.3;67.8
13;2021-10-12;1113;1776;1430807;1380771;70.3;67.9
14;2020-12-27;0;0;0;0;0.0;0.0
14;2020-12-28;1;1;1;1;0.0;0.0
14;2020-12-29;1;0;2;1;0.0;0.0
14;2020-12-30;0;0;2;1;0.0;0.0
14;2020-12-31;3;0;5;1;0.0;0.0
14;2021-01-01;2;0;7;1;0.0;0.0
14;2021-01-02;1;0;8;1;0.0;0.0
14;2021-01-03;0;0;8;1;0.0;0.0
14;2021-01-04;10;0;18;1;0.0;0.0
14;2021-01-05;24;0;42;1;0.0;0.0
14;2021-01-06;352;0;394;1;0.1;0.0
14;2021-01-07;402;2;796;3;0.1;0.0
14;2021-01-08;631;5;1427;8;0.2;0.0
14;2021-01-09;127;0;1554;8;0.2;0.0
14;2021-01-10;41;0;1595;8;0.2;0.0
14;2021-01-11;674;5;2269;13;0.3;0.0
14;2021-01-12;954;7;3223;20;0.5;0.0
14;2021-01-13;850;1;4073;21;0.6;0.0
14;2021-01-14;2841;28;6914;49;1.0;0.0
14;2021-01-15;1899;22;8813;71;1.3;0.0
14;2021-01-16;271;3;9084;74;1.3;0.0
14;2021-01-17;145;7;9229;81;1.3;0.0
14;2021-01-18;1086;6;10315;87;1.5;0.0
14;2021-01-19;1155;3;11470;90;1.7;0.0
14;2021-01-20;1987;5;13457;95;1.9;0.0
14;2021-01-21;1817;7;15274;102;2.2;0.0
14;2021-01-22;1494;6;16768;108;2.4;0.0
14;2021-01-23;297;1;17065;109;2.5;0.0
14;2021-01-24;73;1;17138;110;2.5;0.0
14;2021-01-25;911;10;18049;120;2.6;0.0
14;2021-01-26;848;37;18897;157;2.7;0.0
14;2021-01-27;884;160;19781;317;2.9;0.0
14;2021-01-28;782;145;20563;462;3.0;0.1
14;2021-01-29;786;230;21349;692;3.1;0.1
14;2021-01-30;270;12;21619;704;3.1;0.1
14;2021-01-31;58;3;21677;707;3.1;0.1
14;2021-02-01;729;226;22406;933;3.2;0.1
14;2021-02-02;830;420;23236;1353;3.4;0.2
14;2021-02-03;761;387;23997;1740;3.5;0.3
14;2021-02-04;1170;2056;25167;3796;3.6;0.5
14;2021-02-05;1296;1315;26463;5111;3.8;0.7
14;2021-02-06;398;237;26861;5348;3.9;0.8
14;2021-02-07;180;72;27041;5420;3.9;0.8
14;2021-02-08;773;822;27814;6242;4.0;0.9
14;2021-02-09;723;1009;28537;7251;4.1;1.0
14;2021-02-10;825;1607;29362;8858;4.2;1.3
14;2021-02-11;1351;1430;30713;10288;4.4;1.5
14;2021-02-12;1383;1080;32096;11368;4.6;1.6
14;2021-02-13;308;186;32404;11554;4.7;1.7
14;2021-02-14;84;64;32488;11618;4.7;1.7
14;2021-02-15;443;1077;32931;12695;4.8;1.8
14;2021-02-16;679;976;33610;13671;4.9;2.0
14;2021-02-17;405;978;34015;14649;4.9;2.1
14;2021-02-18;707;884;34722;15533;5.0;2.2
14;2021-02-19;734;777;35456;16310;5.1;2.4
14;2021-02-20;91;268;35547;16578;5.1;2.4
14;2021-02-21;6;90;35553;16668;5.1;2.4
14;2021-02-22;432;1040;35985;17708;5.2;2.6
14;2021-02-23;487;920;36472;18628;5.3;2.7
14;2021-02-24;441;890;36913;19518;5.3;2.8
14;2021-02-25;1224;1177;38137;20695;5.5;3.0
14;2021-02-26;1576;1161;39713;21856;5.7;3.2
14;2021-02-27;507;269;40220;22125;5.8;3.2
14;2021-02-28;27;41;40247;22166;5.8;3.2
14;2021-03-01;522;929;40769;23095;5.9;3.3
14;2021-03-02;966;807;41735;23902;6.0;3.5
14;2021-03-03;1080;841;42815;24743;6.2;3.6
14;2021-03-04;1950;794;44765;25537;6.5;3.7
14;2021-03-05;2433;881;47198;26418;6.8;3.8
14;2021-03-06;3078;210;50276;26628;7.3;3.9
14;2021-03-07;1196;64;51472;26692;7.4;3.9
14;2021-03-08;1254;816;52726;27508;7.6;4.0
14;2021-03-09;1741;699;54467;28207;7.9;4.1
14;2021-03-10;1835;594;56302;28801;8.1;4.2
14;2021-03-11;2759;480;59061;29281;8.5;4.2
14;2021-03-12;4047;583;63108;29864;9.1;4.3
14;2021-03-13;1852;179;64960;30043;9.4;4.3
14;2021-03-14;31;39;64991;30082;9.4;4.4
14;2021-03-15;2006;143;66997;30225;9.7;4.4
14;2021-03-16;1401;279;68398;30504;9.9;4.4
14;2021-03-17;1154;197;69552;30701;10.1;4.4
14;2021-03-18;1481;305;71033;31006;10.3;4.5
14;2021-03-19;2608;272;73641;31278;10.7;4.5
14;2021-03-20;2660;43;76301;31321;11.0;4.5
14;2021-03-21;454;9;76755;31330;11.1;4.5
14;2021-03-22;1872;363;78627;31693;11.4;4.6
14;2021-03-23;2179;327;80806;32020;11.7;4.6
14;2021-03-24;2432;195;83238;32215;12.0;4.7
14;2021-03-25;3292;327;86530;32542;12.5;4.7
14;2021-03-26;4609;485;91139;33027;13.2;4.8
14;2021-03-27;2230;234;93369;33261;13.5;4.8
14;2021-03-28;36;1;93405;33262;13.5;4.8
14;2021-03-29;1614;487;95019;33749;13.7;4.9
14;2021-03-30;2722;519;97741;34268;14.1;5.0
14;2021-03-31;2326;931;100067;35199;14.5;5.1
14;2021-04-01;4177;1688;104244;36887;15.1;5.3
14;2021-04-02;3867;1275;108111;38162;15.6;5.5
14;2021-04-03;1126;1206;109237;39368;15.8;5.7
14;2021-04-04;25;483;109262;39851;15.8;5.8
14;2021-04-05;1218;325;110480;40176;16.0;5.8
14;2021-04-06;2383;1001;112863;41177;16.3;6.0
14;2021-04-07;2730;1037;115593;42214;16.7;6.1
14;2021-04-08;4303;1125;119896;43339;17.3;6.3
14;2021-04-09;6031;1193;125927;44532;18.2;6.4
14;2021-04-10;2896;444;128823;44976;18.6;6.5
14;2021-04-11;629;125;129452;45101;18.7;6.5
14;2021-04-12;2915;1589;132367;46690;19.1;6.8
14;2021-04-13;3471;1450;135838;48140;19.6;7.0
14;2021-04-14;3123;1175;138961;49315;20.1;7.1
14;2021-04-15;4398;1520;143359;50835;20.7;7.4
14;2021-04-16;4598;1569;147957;52404;21.4;7.6
14;2021-04-17;2312;1667;150269;54071;21.7;7.8
14;2021-04-18;539;328;150808;54399;21.8;7.9
14;2021-04-19;2760;1706;153568;56105;22.2;8.1
14;2021-04-20;3390;1836;156958;57941;22.7;8.4
14;2021-04-21;3015;1477;159973;59418;23.1;8.6
14;2021-04-22;4230;2095;164203;61513;23.7;8.9
14;2021-04-23;4651;2316;168854;63829;24.4;9.2
14;2021-04-24;1851;1757;170705;65586;24.7;9.5
14;2021-04-25;456;29;171161;65615;24.8;9.5
14;2021-04-26;3379;1572;174540;67187;25.2;9.7
14;2021-04-27;3502;2579;178042;69766;25.7;10.1
14;2021-04-28;3245;1899;181287;71665;26.2;10.4
14;2021-04-29;4544;2316;185831;73981;26.9;10.7
14;2021-04-30;5124;2653;190955;76634;27.6;11.1
14;2021-05-01;3554;204;194509;76838;28.1;11.1
14;2021-05-02;1238;56;195747;76894;28.3;11.1
14;2021-05-03;2482;2770;198229;79664;28.7;11.5
14;2021-05-04;3128;2913;201357;82577;29.1;11.9
14;2021-05-05;3687;2760;205044;85337;29.7;12.3
14;2021-05-06;4929;3490;209973;88827;30.4;12.8
14;2021-05-07;4870;3854;214843;92681;31.1;13.4
14;2021-05-08;2728;1265;217571;93946;31.5;13.6
14;2021-05-09;1914;671;219485;94617;31.7;13.7
14;2021-05-10;3637;3152;223122;97769;32.3;14.1
14;2021-05-11;4346;3610;227468;101379;32.9;14.7
14;2021-05-12;4052;3224;231520;104603;33.5;15.1
14;2021-05-13;4688;1132;236208;105735;34.2;15.3
14;2021-05-14;6674;2629;242882;108364;35.1;15.7
14;2021-05-15;5148;778;248030;109142;35.9;15.8
14;2021-05-16;2320;120;250350;109262;36.2;15.8
14;2021-05-17;2820;2261;253170;111523;36.6;16.1
14;2021-05-18;4089;2244;257259;113767;37.2;16.5
14;2021-05-19;3752;2022;261011;115789;37.7;16.7
14;2021-05-20;4482;2768;265493;118557;38.4;17.1
14;2021-05-21;4276;3528;269769;122085;39.0;17.7
14;2021-05-22;1669;865;271438;122950;39.3;17.8
14;2021-05-23;649;71;272087;123021;39.4;17.8
14;2021-05-24;2845;751;274932;123772;39.8;17.9
14;2021-05-25;3635;3387;278567;127159;40.3;18.4
14;2021-05-26;3438;2407;282005;129566;40.8;18.7
14;2021-05-27;4771;3241;286776;132807;41.5;19.2
14;2021-05-28;5090;3893;291866;136700;42.2;19.8
14;2021-05-29;2342;2458;294208;139158;42.5;20.1
14;2021-05-30;759;237;294967;139395;42.7;20.2
14;2021-05-31;4089;2967;299056;142362;43.3;20.6
14;2021-06-01;5738;3218;304794;145580;44.1;21.1
14;2021-06-02;5024;2862;309818;148442;44.8;21.5
14;2021-06-03;6658;4019;316476;152461;45.8;22.0
14;2021-06-04;6444;5142;322920;157603;46.7;22.8
14;2021-06-05;4359;1866;327279;159469;47.3;23.1
14;2021-06-06;2043;83;329322;159552;47.6;23.1
14;2021-06-07;4253;3452;333575;163004;48.2;23.6
14;2021-06-08;5234;3132;338809;166136;49.0;24.0
14;2021-06-09;4270;2967;343079;169103;49.6;24.5
14;2021-06-10;5080;2973;348159;172076;50.4;24.9
14;2021-06-11;4840;4887;352999;176963;51.1;25.6
14;2021-06-12;3677;4520;356676;181483;51.6;26.2
14;2021-06-13;848;1089;357524;182572;51.7;26.4
14;2021-06-14;2185;3792;359709;186364;52.0;27.0
14;2021-06-15;3315;3970;363024;190334;52.5;27.5
14;2021-06-16;3445;4556;366469;194890;53.0;28.2
14;2021-06-17;4230;5269;370699;200159;53.6;28.9
14;2021-06-18;3732;6121;374431;206280;54.2;29.8
14;2021-06-19;2591;2951;377022;209231;54.5;30.3
14;2021-06-20;581;1556;377603;210787;54.6;30.5
14;2021-06-21;2121;4359;379724;215146;54.9;31.1
14;2021-06-22;2582;5180;382306;220326;55.3;31.9
14;2021-06-23;2503;4348;384809;224674;55.7;32.5
14;2021-06-24;3450;5811;388259;230485;56.2;33.3
14;2021-06-25;2752;7277;391011;237762;56.5;34.4
14;2021-06-26;2177;4539;393188;242301;56.9;35.0
14;2021-06-27;440;1828;393628;244129;56.9;35.3
14;2021-06-28;1311;3970;394939;248099;57.1;35.9
14;2021-06-29;1789;5365;396728;253464;57.4;36.7
14;2021-06-30;2024;4618;398752;258082;57.7;37.3
14;2021-07-01;2931;5072;401683;263154;58.1;38.1
14;2021-07-02;2600;6669;404283;269823;58.5;39.0
14;2021-07-03;1430;2647;405713;272470;58.7;39.4
14;2021-07-04;422;713;406135;273183;58.7;39.5
14;2021-07-05;1191;4777;407326;277960;58.9;40.2
14;2021-07-06;2090;6002;409416;283962;59.2;41.1
14;2021-07-07;2257;4578;411673;288540;59.5;41.7
14;2021-07-08;2912;5527;414585;294067;60.0;42.5
14;2021-07-09;2771;6433;417356;300500;60.4;43.5
14;2021-07-10;2037;3203;419393;303703;60.7;43.9
14;2021-07-11;900;871;420293;304574;60.8;44.0
14;2021-07-12;1634;5904;421927;310478;61.0;44.9
14;2021-07-13;3081;7340;425008;317818;61.5;46.0
14;2021-07-14;2260;3065;427268;320883;61.8;46.4
14;2021-07-15;4172;7655;431440;328538;62.4;47.5
14;2021-07-16;4708;7696;436148;336234;63.1;48.6
14;2021-07-17;2114;4214;438262;340448;63.4;49.2
14;2021-07-18;821;1870;439083;342318;63.5;49.5
14;2021-07-19;2599;6128;441682;348446;63.9;50.4
14;2021-07-20;3247;7258;444929;355704;64.3;51.4
14;2021-07-21;4105;5847;449034;361551;64.9;52.3
14;2021-07-22;4852;6604;453886;368155;65.6;53.2
14;2021-07-23;5384;6770;459270;374925;66.4;54.2
14;2021-07-24;3084;3795;462354;378720;66.9;54.8
14;2021-07-25;1504;1249;463858;379969;67.1;55.0
14;2021-07-26;4682;4186;468540;384155;67.8;55.6
14;2021-07-27;5404;4364;473944;388519;68.5;56.2
14;2021-07-28;5117;3974;479061;392493;69.3;56.8
14;2021-07-29;6446;4887;485507;397380;70.2;57.5
14;2021-07-30;5842;5171;491349;402551;71.1;58.2
14;2021-07-31;2774;2513;494123;405064;71.5;58.6
14;2021-08-01;1895;934;496018;405998;71.7;58.7
14;2021-08-02;3948;4293;499966;410291;72.3;59.3
14;2021-08-03;4482;4173;504448;414464;73.0;59.9
14;2021-08-04;4650;3538;509098;418002;73.6;60.5
14;2021-08-05;4658;4039;513756;422041;74.3;61.0
14;2021-08-06;4431;4808;518187;426849;74.9;61.7
14;2021-08-07;2133;2295;520320;429144;75.3;62.1
14;2021-08-08;638;854;520958;429998;75.3;62.2
14;2021-08-09;2129;2877;523087;432875;75.7;62.6
14;2021-08-10;3663;4171;526750;437046;76.2;63.2
14;2021-08-11;3076;3456;529826;440502;76.6;63.7
14;2021-08-12;3481;4351;533307;444853;77.1;64.3
14;2021-08-13;2638;4139;535945;448992;77.5;64.9
14;2021-08-14;1423;2009;537368;451001;77.7;65.2
14;2021-08-15;389;1484;537757;452485;77.8;65.4
14;2021-08-16;1833;2785;539590;455270;78.0;65.8
14;2021-08-17;2263;4570;541853;459840;78.4;66.5
14;2021-08-18;2064;4528;543917;464368;78.7;67.2
14;2021-08-19;2336;5086;546253;469454;79.0;67.9
14;2021-08-20;2189;5403;548442;474857;79.3;68.7
14;2021-08-21;1016;2837;549458;477694;79.5;69.1
14;2021-08-22;170;1564;549628;479258;79.5;69.3
14;2021-08-23;1269;4170;550897;483428;79.7;69.9
14;2021-08-24;1347;4302;552244;487730;79.9;70.5
14;2021-08-25;1400;4398;553644;492128;80.1;71.2
14;2021-08-26;1433;5081;555077;497209;80.3;71.9
14;2021-08-27;1467;5289;556544;502498;80.5;72.7
14;2021-08-28;735;3005;557279;505503;80.6;73.1
14;2021-08-29;186;1015;557465;506518;80.6;73.3
14;2021-08-30;1016;3549;558481;510067;80.8;73.8
14;2021-08-31;1330;4642;559811;514709;81.0;74.4
14;2021-09-01;1069;3627;560880;518336;81.1;75.0
14;2021-09-02;864;3039;561744;521375;81.2;75.4
14;2021-09-03;1183;3862;562927;525237;81.4;76.0
14;2021-09-04;665;2225;563592;527462;81.5;76.3
14;2021-09-05;126;372;563718;527834;81.5;76.3
14;2021-09-06;468;1852;564186;529686;81.6;76.6
14;2021-09-07;499;1860;564685;531546;81.7;76.9
14;2021-09-08;681;2705;565366;534251;81.8;77.3
14;2021-09-09;595;1777;565961;536028;81.9;77.5
14;2021-09-10;771;2362;566732;538390;82.0;77.9
14;2021-09-11;522;1486;567254;539876;82.0;78.1
14;2021-09-12;67;240;567321;540116;82.0;78.1
14;2021-09-13;311;1154;567632;541270;82.1;78.3
14;2021-09-14;658;1262;568290;542532;82.2;78.5
14;2021-09-15;716;1997;569006;544529;82.3;78.8
14;2021-09-16;591;1339;569597;545868;82.4;78.9
14;2021-09-17;630;1454;570227;547322;82.5;79.2
14;2021-09-18;218;970;570445;548292;82.5;79.3
14;2021-09-19;40;137;570485;548429;82.5;79.3
14;2021-09-20;332;811;570817;549240;82.6;79.4
14;2021-09-21;542;847;571359;550087;82.6;79.6
14;2021-09-22;484;1754;571843;551841;82.7;79.8
14;2021-09-23;445;784;572288;552625;82.8;79.9
14;2021-09-24;405;1310;572693;553935;82.8;80.1
14;2021-09-25;191;690;572884;554625;82.9;80.2
14;2021-09-26;41;140;572925;554765;82.9;80.2
14;2021-09-27;276;710;573201;555475;82.9;80.3
14;2021-09-28;359;674;573560;556149;82.9;80.4
14;2021-09-29;307;919;573867;557068;83.0;80.6
14;2021-09-30;340;687;574207;557755;83.0;80.7
14;2021-10-01;449;831;574656;558586;83.1;80.8
14;2021-10-02;246;514;574902;559100;83.1;80.9
14;2021-10-03;37;61;574939;559161;83.1;80.9
14;2021-10-04;281;502;575220;559663;83.2;80.9
14;2021-10-05;272;447;575492;560110;83.2;81.0
14;2021-10-06;387;793;575879;560903;83.3;81.1
14;2021-10-07;224;408;576103;561311;83.3;81.2
14;2021-10-08;425;835;576528;562146;83.4;81.3
14;2021-10-09;186;339;576714;562485;83.4;81.3
14;2021-10-10;3;2;576717;562487;83.4;81.3
14;2021-10-11;179;461;576896;562948;83.4;81.4
14;2021-10-12;301;590;577197;563538;83.5;81.5
15;2020-12-27;2;0;2;0;0.0;0.0
15;2020-12-28;0;0;2;0;0.0;0.0
15;2020-12-29;0;0;2;0;0.0;0.0
15;2020-12-30;0;0;2;0;0.0;0.0
15;2020-12-31;0;0;2;0;0.0;0.0
15;2021-01-01;1;0;3;0;0.0;0.0
15;2021-01-02;0;0;3;0;0.0;0.0
15;2021-01-03;0;0;3;0;0.0;0.0
15;2021-01-04;0;0;3;0;0.0;0.0
15;2021-01-05;0;0;3;0;0.0;0.0
15;2021-01-06;0;0;3;0;0.0;0.0
15;2021-01-07;72;0;75;0;0.1;0.0
15;2021-01-08;110;2;185;2;0.1;0.0
15;2021-01-09;0;0;185;2;0.1;0.0
15;2021-01-10;2;0;187;2;0.1;0.0
15;2021-01-11;99;1;286;3;0.2;0.0
15;2021-01-12;94;0;380;3;0.3;0.0
15;2021-01-13;230;0;610;3;0.4;0.0
15;2021-01-14;313;5;923;8;0.6;0.0
15;2021-01-15;138;0;1061;8;0.7;0.0
15;2021-01-16;90;0;1151;8;0.8;0.0
15;2021-01-17;0;0;1151;8;0.8;0.0
15;2021-01-18;404;2;1555;10;1.1;0.0
15;2021-01-19;550;0;2105;10;1.5;0.0
15;2021-01-20;629;2;2734;12;1.9;0.0
15;2021-01-21;576;4;3310;16;2.3;0.0
15;2021-01-22;503;3;3813;19;2.7;0.0
15;2021-01-23;432;1;4245;20;3.0;0.0
15;2021-01-24;6;0;4251;20;3.0;0.0
15;2021-01-25;401;0;4652;20;3.3;0.0
15;2021-01-26;436;0;5088;20;3.6;0.0
15;2021-01-27;736;8;5824;28;4.1;0.0
15;2021-01-28;623;53;6447;81;4.5;0.1
15;2021-01-29;336;82;6783;163;4.7;0.1
15;2021-01-30;218;3;7001;166;4.9;0.1
15;2021-01-31;1;1;7002;167;4.9;0.1
15;2021-02-01;239;94;7241;261;5.1;0.2
15;2021-02-02;189;89;7430;350;5.2;0.2
15;2021-02-03;267;159;7697;509;5.4;0.4
15;2021-02-04;663;204;8360;713;5.9;0.5
15;2021-02-05;296;256;8656;969;6.1;0.7
15;2021-02-06;98;77;8754;1046;6.1;0.7
15;2021-02-07;0;0;8754;1046;6.1;0.7
15;2021-02-08;233;108;8987;1154;6.3;0.8
15;2021-02-09;206;119;9193;1273;6.4;0.9
15;2021-02-10;338;301;9531;1574;6.7;1.1
15;2021-02-11;118;239;9649;1813;6.8;1.3
15;2021-02-12;136;159;9785;1972;6.9;1.4
15;2021-02-13;92;77;9877;2049;6.9;1.4
15;2021-02-14;0;0;9877;2049;6.9;1.4
15;2021-02-15;64;215;9941;2264;7.0;1.6
15;2021-02-16;52;294;9993;2558;7.0;1.8
15;2021-02-17;134;474;10127;3032;7.1;2.1
15;2021-02-18;87;754;10214;3786;7.2;2.7
15;2021-02-19;90;429;10304;4215;7.2;3.0
15;2021-02-20;20;258;10324;4473;7.2;3.1
15;2021-02-21;0;0;10324;4473;7.2;3.1
15;2021-02-22;23;496;10347;4969;7.2;3.5
15;2021-02-23;180;457;10527;5426;7.4;3.8
15;2021-02-24;31;456;10558;5882;7.4;4.1
15;2021-02-25;228;1001;10786;6883;7.6;4.8
15;2021-02-26;186;475;10972;7358;7.7;5.2
15;2021-02-27;145;89;11117;7447;7.8;5.2
15;2021-02-28;1;0;11118;7447;7.8;5.2
15;2021-03-01;121;223;11239;7670;7.9;5.4
15;2021-03-02;251;307;11490;7977;8.0;5.6
15;2021-03-03;207;29;11697;8006;8.2;5.6
15;2021-03-04;246;248;11943;8254;8.4;5.8
15;2021-03-05;348;175;12291;8429;8.6;5.9
15;2021-03-06;680;11;12971;8440;9.1;5.9
15;2021-03-07;81;2;13052;8442;9.1;5.9
15;2021-03-08;93;107;13145;8549;9.2;6.0
15;2021-03-09;281;294;13426;8843;9.4;6.2
15;2021-03-10;417;180;13843;9023;9.7;6.3
15;2021-03-11;434;296;14277;9319;10.0;6.5
15;2021-03-12;525;96;14802;9415;10.4;6.6
15;2021-03-13;355;7;15157;9422;10.6;6.6
15;2021-03-14;18;0;15175;9422;10.6;6.6
15;2021-03-15;542;65;15717;9487;11.0;6.6
15;2021-03-16;328;22;16045;9509;11.2;6.7
15;2021-03-17;130;53;16175;9562;11.3;6.7
15;2021-03-18;250;96;16425;9658;11.5;6.8
15;2021-03-19;669;33;17094;9691;12.0;6.8
15;2021-03-20;148;38;17242;9729;12.1;6.8
15;2021-03-21;6;0;17248;9729;12.1;6.8
15;2021-03-22;574;82;17822;9811;12.5;6.9
15;2021-03-23;776;102;18598;9913;13.0;6.9
15;2021-03-24;936;36;19534;9949;13.7;7.0
15;2021-03-25;1282;33;20816;9982;14.6;7.0
15;2021-03-26;1010;63;21826;10045;15.3;7.0
15;2021-03-27;301;7;22127;10052;15.5;7.0
15;2021-03-28;20;0;22147;10052;15.5;7.0
15;2021-03-29;782;19;22929;10071;16.1;7.1
15;2021-03-30;1135;205;24064;10276;16.9;7.2
15;2021-03-31;941;28;25005;10304;17.5;7.2
15;2021-04-01;1233;65;26238;10369;18.4;7.3
15;2021-04-02;1141;62;27379;10431;19.2;7.3
15;2021-04-03;120;18;27499;10449;19.3;7.3
15;2021-04-04;0;0;27499;10449;19.3;7.3
15;2021-04-05;33;3;27532;10452;19.3;7.3
15;2021-04-06;834;87;28366;10539;19.9;7.4
15;2021-04-07;663;108;29029;10647;20.3;7.5
15;2021-04-08;1246;151;30275;10798;21.2;7.6
15;2021-04-09;1277;106;31552;10904;22.1;7.6
15;2021-04-10;364;21;31916;10925;22.3;7.6
15;2021-04-11;14;0;31930;10925;22.4;7.6
15;2021-04-12;644;461;32574;11386;22.8;8.0
15;2021-04-13;1124;324;33698;11710;23.6;8.2
15;2021-04-14;1038;199;34736;11909;24.3;8.3
15;2021-04-15;1183;314;35919;12223;25.2;8.6
15;2021-04-16;1038;555;36957;12778;25.9;8.9
15;2021-04-17;445;15;37402;12793;26.2;9.0
15;2021-04-18;0;10;37402;12803;26.2;9.0
15;2021-04-19;537;514;37939;13317;26.6;9.3
15;2021-04-20;847;616;38786;13933;27.2;9.8
15;2021-04-21;592;651;39378;14584;27.6;10.2
15;2021-04-22;728;777;40106;15361;28.1;10.8
15;2021-04-23;730;681;40836;16042;28.6;11.2
15;2021-04-24;363;123;41199;16165;28.8;11.3
15;2021-04-25;1;3;41200;16168;28.8;11.3
15;2021-04-26;325;632;41525;16800;29.1;11.8
15;2021-04-27;467;941;41992;17741;29.4;12.4
15;2021-04-28;383;789;42375;18530;29.7;13.0
15;2021-04-29;587;1014;42962;19544;30.1;13.7
15;2021-04-30;547;1077;43509;20621;30.5;14.4
15;2021-05-01;283;29;43792;20650;30.7;14.5
15;2021-05-02;0;0;43792;20650;30.7;14.5
15;2021-05-03;881;331;44673;20981;31.3;14.7
15;2021-05-04;801;857;45474;21838;31.8;15.3
15;2021-05-05;676;680;46150;22518;32.3;15.8
15;2021-05-06;826;967;46976;23485;32.9;16.4
15;2021-05-07;1154;906;48130;24391;33.7;17.1
15;2021-05-08;491;55;48621;24446;34.0;17.1
15;2021-05-09;24;9;48645;24455;34.1;17.1
15;2021-05-10;704;913;49349;25368;34.6;17.8
15;2021-05-11;1186;1186;50535;26554;35.4;18.6
15;2021-05-12;1147;837;51682;27391;36.2;19.2
15;2021-05-13;1165;440;52847;27831;37.0;19.5
15;2021-05-14;1503;583;54350;28414;38.1;19.9
15;2021-05-15;1410;418;55760;28832;39.0;20.2
15;2021-05-16;1;10;55761;28842;39.0;20.2
15;2021-05-17;999;605;56760;29447;39.7;20.6
15;2021-05-18;1221;970;57981;30417;40.6;21.3
15;2021-05-19;1020;459;59001;30876;41.3;21.6
15;2021-05-20;1239;782;60240;31658;42.2;22.2
15;2021-05-21;1348;749;61588;32407;43.1;22.7
15;2021-05-22;527;188;62115;32595;43.5;22.8
15;2021-05-23;2;11;62117;32606;43.5;22.8
15;2021-05-24;693;257;62810;32863;44.0;23.0
15;2021-05-25;1151;620;63961;33483;44.8;23.4
15;2021-05-26;1093;459;65054;33942;45.6;23.8
15;2021-05-27;1271;660;66325;34602;46.4;24.2
15;2021-05-28;1509;887;67834;35489;47.5;24.9
15;2021-05-29;984;361;68818;35850;48.2;25.1
15;2021-05-30;14;25;68832;35875;48.2;25.1
15;2021-05-31;1199;480;70031;36355;49.0;25.5
15;2021-06-01;1398;570;71429;36925;50.0;25.9
15;2021-06-02;863;418;72292;37343;50.6;26.1
15;2021-06-03;932;704;73224;38047;51.3;26.6
15;2021-06-04;1076;719;74300;38766;52.0;27.1
15;2021-06-05;651;264;74951;39030;52.5;27.3
15;2021-06-06;16;20;74967;39050;52.5;27.3
15;2021-06-07;797;351;75764;39401;53.1;27.6
15;2021-06-08;477;397;76241;39798;53.4;27.9
15;2021-06-09;376;377;76617;40175;53.6;28.1
15;2021-06-10;276;423;76893;40598;53.8;28.4
15;2021-06-11;660;1100;77553;41698;54.3;29.2
15;2021-06-12;377;467;77930;42165;54.6;29.5
15;2021-06-13;11;6;77941;42171;54.6;29.5
15;2021-06-14;542;977;78483;43148;55.0;30.2
15;2021-06-15;450;1164;78933;44312;55.3;31.0
15;2021-06-16;543;899;79476;45211;55.7;31.7
15;2021-06-17;292;934;79768;46145;55.9;32.3
15;2021-06-18;740;1205;80508;47350;56.4;33.2
15;2021-06-19;542;704;81050;48054;56.8;33.6
15;2021-06-20;11;1;81061;48055;56.8;33.6
15;2021-06-21;279;1042;81340;49097;57.0;34.4
15;2021-06-22;232;1480;81572;50577;57.1;35.4
15;2021-06-23;346;1445;81918;52022;57.4;36.4
15;2021-06-24;291;1094;82209;53116;57.6;37.2
15;2021-06-25;378;1641;82587;54757;57.8;38.3
15;2021-06-26;164;908;82751;55665;57.9;39.0
15;2021-06-27;0;0;82751;55665;57.9;39.0
15;2021-06-28;176;1228;82927;56893;58.1;39.8
15;2021-06-29;302;1264;83229;58157;58.3;40.7
15;2021-06-30;268;982;83497;59139;58.5;41.4
15;2021-07-01;380;1220;83877;60359;58.7;42.3
15;2021-07-02;410;1348;84287;61707;59.0;43.2
15;2021-07-03;252;707;84539;62414;59.2;43.7
15;2021-07-04;1;1;84540;62415;59.2;43.7
15;2021-07-05;248;1257;84788;63672;59.4;44.6
15;2021-07-06;275;1469;85063;65141;59.6;45.6
15;2021-07-07;255;1344;85318;66485;59.7;46.6
15;2021-07-08;489;1353;85807;67838;60.1;47.5
15;2021-07-09;488;1783;86295;69621;60.4;48.8
15;2021-07-10;215;862;86510;70483;60.6;49.4
15;2021-07-11;9;5;86519;70488;60.6;49.4
15;2021-07-12;278;1484;86797;71972;60.8;50.4
15;2021-07-13;587;1776;87384;73748;61.2;51.6
15;2021-07-14;16;130;87400;73878;61.2;51.7
15;2021-07-15;1132;729;88532;74607;62.0;52.2
15;2021-07-16;1139;1336;89671;75943;62.8;53.2
15;2021-07-17;819;953;90490;76896;63.4;53.8
15;2021-07-18;0;2;90490;76898;63.4;53.8
15;2021-07-19;1074;1270;91564;78168;64.1;54.7
15;2021-07-20;1612;570;93176;78738;65.2;55.1
15;2021-07-21;1189;603;94365;79341;66.1;55.6
15;2021-07-22;894;512;95259;79853;66.7;55.9
15;2021-07-23;1341;1065;96600;80918;67.6;56.7
15;2021-07-24;628;770;97228;81688;68.1;57.2
15;2021-07-25;1;24;97229;81712;68.1;57.2
15;2021-07-26;1247;594;98476;82306;69.0;57.6
15;2021-07-27;1691;576;100167;82882;70.1;58.0
15;2021-07-28;1238;584;101405;83466;71.0;58.4
15;2021-07-29;838;402;102243;83868;71.6;58.7
15;2021-07-30;1007;1131;103250;84999;72.3;59.5
15;2021-07-31;603;636;103853;85635;72.7;60.0
15;2021-08-01;21;12;103874;85647;72.7;60.0
15;2021-08-02;1143;543;105017;86190;73.5;60.4
15;2021-08-03;1162;383;106179;86573;74.3;60.6
15;2021-08-04;788;408;106967;86981;74.9;60.9
15;2021-08-05;383;284;107350;87265;75.2;61.1
15;2021-08-06;788;1236;108138;88501;75.7;62.0
15;2021-08-07;265;1160;108403;89661;75.9;62.8
15;2021-08-08;3;6;108406;89667;75.9;62.8
15;2021-08-09;511;1164;108917;90831;76.3;63.6
15;2021-08-10;435;725;109352;91556;76.6;64.1
15;2021-08-11;411;1007;109763;92563;76.9;64.8
15;2021-08-12;520;1182;110283;93745;77.2;65.6
15;2021-08-13;682;1137;110965;94882;77.7;66.4
15;2021-08-14;179;552;111144;95434;77.8;66.8
15;2021-08-15;17;9;111161;95443;77.8;66.8
15;2021-08-16;387;1134;111548;96577;78.1;67.6
15;2021-08-17;402;1140;111950;97717;78.4;68.4
15;2021-08-18;368;803;112318;98520;78.6;69.0
15;2021-08-19;300;878;112618;99398;78.9;69.6
15;2021-08-20;601;1215;113219;100613;79.3;70.5
15;2021-08-21;218;867;113437;101480;79.4;71.1
15;2021-08-22;12;26;113449;101506;79.4;71.1
15;2021-08-23;229;611;113678;102117;79.6;71.5
15;2021-08-24;245;590;113923;102707;79.8;71.9
15;2021-08-25;155;493;114078;103200;79.9;72.3
15;2021-08-26;136;363;114214;103563;80.0;72.5
15;2021-08-27;366;1337;114580;104900;80.2;73.5
15;2021-08-28;214;857;114794;105757;80.4;74.1
15;2021-08-29;7;13;114801;105770;80.4;74.1
15;2021-08-30;225;1056;115026;106826;80.5;74.8
15;2021-08-31;404;649;115430;107475;80.8;75.3
15;2021-09-01;182;402;115612;107877;81.0;75.5
15;2021-09-02;97;229;115709;108106;81.0;75.7
15;2021-09-03;202;889;115911;108995;81.2;76.3
15;2021-09-04;157;358;116068;109353;81.3;76.6
15;2021-09-05;0;2;116068;109355;81.3;76.6
15;2021-09-06;98;303;116166;109658;81.3;76.8
15;2021-09-07;100;197;116266;109855;81.4;76.9
15;2021-09-08;201;410;116467;110265;81.6;77.2
15;2021-09-09;100;314;116567;110579;81.6;77.4
15;2021-09-10;233;760;116800;111339;81.8;78.0
15;2021-09-11;95;290;116895;111629;81.9;78.2
15;2021-09-12;0;0;116895;111629;81.9;78.2
15;2021-09-13;102;265;116997;111894;81.9;78.4
15;2021-09-14;124;107;117121;112001;82.0;78.4
15;2021-09-15;69;247;117190;112248;82.1;78.6
15;2021-09-16;34;101;117224;112349;82.1;78.7
15;2021-09-17;266;605;117490;112954;82.3;79.1
15;2021-09-18;79;380;117569;113334;82.3;79.4
15;2021-09-19;0;0;117569;113334;82.3;79.4
15;2021-09-20;123;217;117692;113551;82.4;79.5
15;2021-09-21;41;107;117733;113658;82.4;79.6
15;2021-09-22;84;355;117817;114013;82.5;79.8
15;2021-09-23;37;109;117854;114122;82.5;79.9
15;2021-09-24;138;334;117992;114456;82.6;80.1
15;2021-09-25;42;217;118034;114673;82.7;80.3
15;2021-09-26;1;5;118035;114678;82.7;80.3
15;2021-09-27;88;133;118123;114811;82.7;80.4
15;2021-09-28;74;131;118197;114942;82.8;80.5
15;2021-09-29;69;191;118266;115133;82.8;80.6
15;2021-09-30;37;94;118303;115227;82.8;80.7
15;2021-10-01;117;216;118420;115443;82.9;80.8
15;2021-10-02;30;143;118450;115586;82.9;80.9
15;2021-10-03;0;2;118450;115588;82.9;80.9
15;2021-10-04;59;59;118509;115647;83.0;81.0
15;2021-10-05;35;51;118544;115698;83.0;81.0
15;2021-10-06;79;105;118623;115803;83.1;81.1
15;2021-10-07;46;91;118669;115894;83.1;81.2
15;2021-10-08;54;174;118723;116068;83.1;81.3
15;2021-10-09;54;107;118777;116175;83.2;81.3
15;2021-10-10;1;6;118778;116181;83.2;81.4
15;2021-10-11;50;163;118828;116344;83.2;81.5
15;2021-10-12;36;60;118864;116404;83.2;81.5
16;2020-12-27;0;0;0;0;0.0;0.0
16;2020-12-28;2;0;2;0;0.0;0.0
16;2020-12-29;0;0;2;0;0.0;0.0
16;2020-12-30;1;0;3;0;0.0;0.0
16;2020-12-31;0;0;3;0;0.0;0.0
16;2021-01-01;0;0;3;0;0.0;0.0
16;2021-01-02;0;0;3;0;0.0;0.0
16;2021-01-03;0;0;3;0;0.0;0.0
16;2021-01-04;1;0;4;0;0.0;0.0
16;2021-01-05;1;0;5;0;0.0;0.0
16;2021-01-06;88;0;93;0;0.0;0.0
16;2021-01-07;240;0;333;0;0.1;0.0
16;2021-01-08;465;2;798;2;0.2;0.0
16;2021-01-09;1;0;799;2;0.2;0.0
16;2021-01-10;1;0;800;2;0.2;0.0
16;2021-01-11;304;0;1104;2;0.3;0.0
16;2021-01-12;437;1;1541;3;0.4;0.0
16;2021-01-13;480;1;2021;4;0.6;0.0
16;2021-01-14;601;7;2622;11;0.8;0.0
16;2021-01-15;503;3;3125;14;0.9;0.0
16;2021-01-16;0;0;3125;14;0.9;0.0
16;2021-01-17;0;0;3125;14;0.9;0.0
16;2021-01-18;432;5;3557;19;1.0;0.0
16;2021-01-19;834;2;4391;21;1.3;0.0
16;2021-01-20;1188;3;5579;24;1.6;0.0
16;2021-01-21;1384;13;6963;37;2.0;0.0
16;2021-01-22;1115;3;8078;40;2.3;0.0
16;2021-01-23;183;2;8261;42;2.4;0.0
16;2021-01-24;0;0;8261;42;2.4;0.0
16;2021-01-25;641;3;8902;45;2.6;0.0
16;2021-01-26;1026;2;9928;47;2.9;0.0
16;2021-01-27;1406;105;11334;152;3.3;0.0
16;2021-01-28;1276;72;12610;224;3.6;0.1
16;2021-01-29;742;141;13352;365;3.8;0.1
16;2021-01-30;36;0;13388;365;3.8;0.1
16;2021-01-31;0;0;13388;365;3.8;0.1
16;2021-02-01;395;203;13783;568;4.0;0.2
16;2021-02-02;576;175;14359;743;4.1;0.2
16;2021-02-03;621;350;14980;1093;4.3;0.3
16;2021-02-04;465;269;15445;1362;4.4;0.4
16;2021-02-05;505;275;15950;1637;4.6;0.5
16;2021-02-06;4;80;15954;1717;4.6;0.5
16;2021-02-07;41;3;15995;1720;4.6;0.5
16;2021-02-08;357;217;16352;1937;4.7;0.6
16;2021-02-09;650;294;17002;2231;4.9;0.6
16;2021-02-10;694;677;17696;2908;5.1;0.8
16;2021-02-11;804;617;18500;3525;5.3;1.0
16;2021-02-12;622;835;19122;4360;5.5;1.3
16;2021-02-13;43;79;19165;4439;5.5;1.3
16;2021-02-14;2;7;19167;4446;5.5;1.3
16;2021-02-15;217;661;19384;5107;5.6;1.5
16;2021-02-16;375;952;19759;6059;5.7;1.7
16;2021-02-17;346;1306;20105;7365;5.8;2.1
16;2021-02-18;511;1249;20616;8614;5.9;2.5
16;2021-02-19;389;784;21005;9398;6.0;2.7
16;2021-02-20;2;8;21007;9406;6.0;2.7
16;2021-02-21;2;0;21009;9406;6.0;2.7
16;2021-02-22;136;529;21145;9935;6.1;2.9
16;2021-02-23;207;922;21352;10857;6.1;3.1
16;2021-02-24;277;894;21629;11751;6.2;3.4
16;2021-02-25;395;689;22024;12440;6.3;3.6
16;2021-02-26;479;501;22503;12941;6.5;3.7
16;2021-02-27;249;1;22752;12942;6.5;3.7
16;2021-02-28;5;5;22757;12947;6.5;3.7
16;2021-03-01;152;329;22909;13276;6.6;3.8
16;2021-03-02;271;671;23180;13947;6.7;4.0
16;2021-03-03;391;725;23571;14672;6.8;4.2
16;2021-03-04;804;571;24375;15243;7.0;4.4
16;2021-03-05;1143;545;25518;15788;7.3;4.5
16;2021-03-06;753;16;26271;15804;7.5;4.5
16;2021-03-07;94;18;26365;15822;7.6;4.5
16;2021-03-08;437;321;26802;16143;7.7;4.6
16;2021-03-09;774;699;27576;16842;7.9;4.8
16;2021-03-10;606;665;28182;17507;8.1;5.0
16;2021-03-11;1448;539;29630;18046;8.5;5.2
16;2021-03-12;1165;462;30795;18508;8.8;5.3
16;2021-03-13;765;15;31560;18523;9.1;5.3
16;2021-03-14;1;0;31561;18523;9.1;5.3
16;2021-03-15;462;186;32023;18709;9.2;5.4
16;2021-03-16;860;423;32883;19132;9.4;5.5
16;2021-03-17;591;284;33474;19416;9.6;5.6
16;2021-03-18;1033;283;34507;19699;9.9;5.7
16;2021-03-19;1103;248;35610;19947;10.2;5.7
16;2021-03-20;396;5;36006;19952;10.3;5.7
16;2021-03-21;9;0;36015;19952;10.3;5.7
16;2021-03-22;728;101;36743;20053;10.6;5.8
16;2021-03-23;1464;107;38207;20160;11.0;5.8
16;2021-03-24;1123;185;39330;20345;11.3;5.8
16;2021-03-25;2047;94;41377;20439;11.9;5.9
16;2021-03-26;1918;99;43295;20538;12.4;5.9
16;2021-03-27;432;22;43727;20560;12.6;5.9
16;2021-03-28;0;0;43727;20560;12.6;5.9
16;2021-03-29;923;60;44650;20620;12.8;5.9
16;2021-03-30;1882;179;46532;20799;13.4;6.0
16;2021-03-31;1513;135;48045;20934;13.8;6.0
16;2021-04-01;2009;402;50054;21336;14.4;6.1
16;2021-04-02;1442;381;51496;21717;14.8;6.2
16;2021-04-03;288;5;51784;21722;14.9;6.2
16;2021-04-04;1;0;51785;21722;14.9;6.2
16;2021-04-05;2;0;51787;21722;14.9;6.2
16;2021-04-06;2013;548;53800;22270;15.5;6.4
16;2021-04-07;1953;407;55753;22677;16.0;6.5
16;2021-04-08;2823;591;58576;23268;16.8;6.7
16;2021-04-09;2694;555;61270;23823;17.6;6.8
16;2021-04-10;1290;38;62560;23861;18.0;6.9
16;2021-04-11;2;0;62562;23861;18.0;6.9
16;2021-04-12;1430;316;63992;24177;18.4;6.9
16;2021-04-13;2124;842;66116;25019;19.0;7.2
16;2021-04-14;1951;634;68067;25653;19.5;7.4
16;2021-04-15;2102;985;70169;26638;20.2;7.7
16;2021-04-16;2043;789;72212;27427;20.7;7.9
16;2021-04-17;1507;93;73719;27520;21.2;7.9
16;2021-04-18;197;3;73916;27523;21.2;7.9
16;2021-04-19;1440;524;75356;28047;21.6;8.1
16;2021-04-20;2053;1234;77409;29281;22.2;8.4
16;2021-04-21;1776;752;79185;30033;22.7;8.6
16;2021-04-22;2290;1010;81475;31043;23.4;8.9
16;2021-04-23;2362;1174;83837;32217;24.1;9.3
16;2021-04-24;829;38;84666;32255;24.3;9.3
16;2021-04-25;117;6;84783;32261;24.4;9.3
16;2021-04-26;1400;810;86183;33071;24.8;9.5
16;2021-04-27;2055;1417;88238;34488;25.3;9.9
16;2021-04-28;1592;1127;89830;35615;25.8;10.2
16;2021-04-29;2250;1501;92080;37116;26.4;10.7
16;2021-04-30;2856;1344;94936;38460;27.3;11.0
16;2021-05-01;353;60;95289;38520;27.4;11.1
16;2021-05-02;155;13;95444;38533;27.4;11.1
16;2021-05-03;2611;538;98055;39071;28.2;11.2
16;2021-05-04;2057;2046;100112;41117;28.8;11.8
16;2021-05-05;1688;1832;101800;42949;29.2;12.3
16;2021-05-06;1886;2248;103686;45197;29.8;13.0
16;2021-05-07;3072;2123;106758;47320;30.7;13.6
16;2021-05-08;1197;468;107955;47788;31.0;13.7
16;2021-05-09;530;27;108485;47815;31.2;13.7
16;2021-05-10;1930;1624;110415;49439;31.7;14.2
16;2021-05-11;2354;1965;112769;51404;32.4;14.8
16;2021-05-12;1734;1799;114503;53203;32.9;15.3
16;2021-05-13;1461;355;115964;53558;33.3;15.4
16;2021-05-14;1989;1563;117953;55121;33.9;15.8
16;2021-05-15;596;895;118549;56016;34.0;16.1
16;2021-05-16;132;6;118681;56022;34.1;16.1
16;2021-05-17;1609;1286;120290;57308;34.5;16.5
16;2021-05-18;2756;1426;123046;58734;35.3;16.9
16;2021-05-19;2006;1241;125052;59975;35.9;17.2
16;2021-05-20;2832;1389;127884;61364;36.7;17.6
16;2021-05-21;2943;1396;130827;62760;37.6;18.0
16;2021-05-22;411;711;131238;63471;37.7;18.2
16;2021-05-23;210;11;131448;63482;37.8;18.2
16;2021-05-24;1262;234;132710;63716;38.1;18.3
16;2021-05-25;2759;1461;135469;65177;38.9;18.7
16;2021-05-26;1833;1186;137302;66363;39.4;19.1
16;2021-05-27;2416;1583;139718;67946;40.1;19.5
16;2021-05-28;2899;1565;142617;69511;41.0;20.0
16;2021-05-29;814;883;143431;70394;41.2;20.2
16;2021-05-30;1;4;143432;70398;41.2;20.2
16;2021-05-31;1984;1105;145416;71503;41.8;20.5
16;2021-06-01;2344;1713;147760;73216;42.4;21.0
16;2021-06-02;1820;1502;149580;74718;43.0;21.5
16;2021-06-03;2622;1761;152202;76479;43.7;22.0
16;2021-06-04;2833;2030;155035;78509;44.5;22.5
16;2021-06-05;1006;549;156041;79058;44.8;22.7
16;2021-06-06;161;29;156202;79087;44.9;22.7
16;2021-06-07;1991;1281;158193;80368;45.4;23.1
16;2021-06-08;2394;1999;160587;82367;46.1;23.7
16;2021-06-09;2528;1616;163115;83983;46.8;24.1
16;2021-06-10;2569;2003;165684;85986;47.6;24.7
16;2021-06-11;2152;2733;167836;88719;48.2;25.5
16;2021-06-12;1613;517;169449;89236;48.7;25.6
16;2021-06-13;260;72;169709;89308;48.7;25.6
16;2021-06-14;797;2798;170506;92106;49.0;26.5
16;2021-06-15;1866;2623;172372;94729;49.5;27.2
16;2021-06-16;1575;2083;173947;96812;50.0;27.8
16;2021-06-17;2040;2509;175987;99321;50.5;28.5
16;2021-06-18;2060;3217;178047;102538;51.1;29.4
16;2021-06-19;1351;1311;179398;103849;51.5;29.8
16;2021-06-20;243;28;179641;103877;51.6;29.8
16;2021-06-21;1411;2168;181052;106045;52.0;30.5
16;2021-06-22;1675;2943;182727;108988;52.5;31.3
16;2021-06-23;1562;2016;184289;111004;52.9;31.9
16;2021-06-24;1928;2167;186217;113171;53.5;32.5
16;2021-06-25;1983;2727;188200;115898;54.1;33.3
16;2021-06-26;1060;725;189260;116623;54.4;33.5
16;2021-06-27;132;25;189392;116648;54.4;33.5
16;2021-06-28;1164;1964;190556;118612;54.7;34.1
16;2021-06-29;1282;3365;191838;121977;55.1;35.0
16;2021-06-30;1337;2714;193175;124691;55.5;35.8
16;2021-07-01;1865;3156;195040;127847;56.0;36.7
16;2021-07-02;1422;3580;196462;131427;56.4;37.7
16;2021-07-03;696;1111;197158;132538;56.6;38.1
16;2021-07-04;3;15;197161;132553;56.6;38.1
16;2021-07-05;815;2298;197976;134851;56.9;38.7
16;2021-07-06;1278;3366;199254;138217;57.2;39.7
16;2021-07-07;871;2276;200125;140493;57.5;40.4
16;2021-07-08;1234;2736;201359;143229;57.8;41.1
16;2021-07-09;1113;3709;202472;146938;58.2;42.2
16;2021-07-10;338;1338;202810;148276;58.2;42.6
16;2021-07-11;2;13;202812;148289;58.2;42.6
16;2021-07-12;634;2436;203446;150725;58.4;43.3
16;2021-07-13;1385;3530;204831;154255;58.8;44.3
16;2021-07-14;797;877;205628;155132;59.1;44.6
16;2021-07-15;1250;3408;206878;158540;59.4;45.5
16;2021-07-16;1498;3383;208376;161923;59.8;46.5
16;2021-07-17;539;1188;208915;163111;60.0;46.8
16;2021-07-18;14;6;208929;163117;60.0;46.8
16;2021-07-19;618;2853;209547;165970;60.2;47.7
16;2021-07-20;1125;3288;210672;169258;60.5;48.6
16;2021-07-21;1117;2619;211789;171877;60.8;49.4
16;2021-07-22;1871;2862;213660;174739;61.4;50.2
16;2021-07-23;1552;3545;215212;178284;61.8;51.2
16;2021-07-24;639;1212;215851;179496;62.0;51.6
16;2021-07-25;11;11;215862;179507;62.0;51.6
16;2021-07-26;1529;2129;217391;181636;62.4;52.2
16;2021-07-27;1865;2819;219256;184455;63.0;53.0
16;2021-07-28;1864;2311;221120;186766;63.5;53.6
16;2021-07-29;2241;2477;223361;189243;64.2;54.4
16;2021-07-30;2355;3109;225716;192352;64.8;55.2
16;2021-07-31;960;1353;226676;193705;65.1;55.6
16;2021-08-01;192;22;226868;193727;65.2;55.6
16;2021-08-02;2121;1829;228989;195556;65.8;56.2
16;2021-08-03;2121;2328;231110;197884;66.4;56.8
16;2021-08-04;2122;1886;233232;199770;67.0;57.4
16;2021-08-05;2775;1655;236007;201425;67.8;57.9
16;2021-08-06;2512;2365;238519;203790;68.5;58.5
16;2021-08-07;828;559;239347;204349;68.7;58.7
16;2021-08-08;37;33;239384;204382;68.8;58.7
16;2021-08-09;2183;1061;241567;205443;69.4;59.0
16;2021-08-10;2886;1586;244453;207029;70.2;59.5
16;2021-08-11;2603;1232;247056;208261;71.0;59.8
16;2021-08-12;2012;1735;249068;209996;71.5;60.3
16;2021-08-13;2686;1467;251754;211463;72.3;60.7
16;2021-08-14;758;455;252512;211918;72.5;60.9
16;2021-08-15;29;4;252541;211922;72.5;60.9
16;2021-08-16;1339;1582;253880;213504;72.9;61.3
16;2021-08-17;1837;1628;255717;215132;73.4;61.8
16;2021-08-18;1591;1471;257308;216603;73.9;62.2
16;2021-08-19;1517;1777;258825;218380;74.3;62.7
16;2021-08-20;1601;1902;260426;220282;74.8;63.3
16;2021-08-21;564;827;260990;221109;75.0;63.5
16;2021-08-22;4;5;260994;221114;75.0;63.5
16;2021-08-23;993;2064;261987;223178;75.2;64.1
16;2021-08-24;1040;2376;263027;225554;75.5;64.8
16;2021-08-25;887;1781;263914;227335;75.8;65.3
16;2021-08-26;880;2531;264794;229866;76.1;66.0
16;2021-08-27;853;2408;265647;232274;76.3;66.7
16;2021-08-28;261;771;265908;233045;76.4;66.9
16;2021-08-29;2;15;265910;233060;76.4;66.9
16;2021-08-30;638;2373;266548;235433;76.6;67.6
16;2021-08-31;668;2545;267216;237978;76.7;68.3
16;2021-09-01;469;2354;267685;240332;76.9;69.0
16;2021-09-02;544;2078;268229;242410;77.0;69.6
16;2021-09-03;544;2543;268773;244953;77.2;70.4
16;2021-09-04;365;904;269138;245857;77.3;70.6
16;2021-09-05;6;29;269144;245886;77.3;70.6
16;2021-09-06;318;1457;269462;247343;77.4;71.0
16;2021-09-07;355;1673;269817;249016;77.5;71.5
16;2021-09-08;392;1989;270209;251005;77.6;72.1
16;2021-09-09;347;1497;270556;252502;77.7;72.5
16;2021-09-10;440;1767;270996;254269;77.8;73.0
16;2021-09-11;185;786;271181;255055;77.9;73.3
16;2021-09-12;6;21;271187;255076;77.9;73.3
16;2021-09-13;256;1066;271443;256142;78.0;73.6
16;2021-09-14;372;956;271815;257098;78.1;73.8
16;2021-09-15;349;1347;272164;258445;78.2;74.2
16;2021-09-16;303;887;272467;259332;78.3;74.5
16;2021-09-17;500;1376;272967;260708;78.4;74.9
16;2021-09-18;100;535;273067;261243;78.4;75.0
16;2021-09-19;0;9;273067;261252;78.4;75.0
16;2021-09-20;195;722;273262;261974;78.5;75.2
16;2021-09-21;184;674;273446;262648;78.5;75.4
16;2021-09-22;187;990;273633;263638;78.6;75.7
16;2021-09-23;170;559;273803;264197;78.6;75.9
16;2021-09-24;338;1049;274141;265246;78.7;76.2
16;2021-09-25;64;439;274205;265685;78.8;76.3
16;2021-09-26;1;6;274206;265691;78.8;76.3
16;2021-09-27;193;582;274399;266273;78.8;76.5
16;2021-09-28;145;536;274544;266809;78.9;76.6
16;2021-09-29;197;606;274741;267415;78.9;76.8
16;2021-09-30;115;482;274856;267897;78.9;76.9
16;2021-10-01;241;540;275097;268437;79.0;77.1
16;2021-10-02;81;324;275178;268761;79.0;77.2
16;2021-10-03;0;7;275178;268768;79.0;77.2
16;2021-10-04;117;356;275295;269124;79.1;77.3
16;2021-10-05;122;375;275417;269499;79.1;77.4
16;2021-10-06;182;510;275599;270009;79.2;77.5
16;2021-10-07;122;315;275721;270324;79.2;77.6
16;2021-10-08;232;673;275953;270997;79.3;77.8
16;2021-10-09;76;181;276029;271178;79.3;77.9
16;2021-10-10;1;10;276030;271188;79.3;77.9
16;2021-10-11;106;274;276136;271462;79.3;78.0
16;2021-10-12;95;221;276231;271683;79.3;78.0
17;2020-12-27;0;0;0;0;0.0;0.0
17;2020-12-28;0;0;0;0;0.0;0.0
17;2020-12-29;0;0;0;0;0.0;0.0
17;2020-12-30;1;0;1;0;0.0;0.0
17;2020-12-31;0;0;1;0;0.0;0.0
17;2021-01-01;1;0;2;0;0.0;0.0
17;2021-01-02;1;0;3;0;0.0;0.0
17;2021-01-03;0;0;3;0;0.0;0.0
17;2021-01-04;56;0;59;0;0.0;0.0
17;2021-01-05;98;0;157;0;0.0;0.0
17;2021-01-06;132;0;289;0;0.0;0.0
17;2021-01-07;484;1;773;1;0.1;0.0
17;2021-01-08;418;1;1191;2;0.2;0.0
17;2021-01-09;0;0;1191;2;0.2;0.0
17;2021-01-10;1;0;1192;2;0.2;0.0
17;2021-01-11;381;2;1573;4;0.2;0.0
17;2021-01-12;751;1;2324;5;0.4;0.0
17;2021-01-13;655;2;2979;7;0.5;0.0
17;2021-01-14;616;9;3595;16;0.6;0.0
17;2021-01-15;681;2;4276;18;0.7;0.0
17;2021-01-16;129;2;4405;20;0.7;0.0
17;2021-01-17;19;0;4424;20;0.7;0.0
17;2021-01-18;887;5;5311;25;0.8;0.0
17;2021-01-19;1909;17;7220;42;1.1;0.0
17;2021-01-20;2396;4;9616;46;1.5;0.0
17;2021-01-21;2500;6;12116;52;1.9;0.0
17;2021-01-22;1893;15;14009;67;2.2;0.0
17;2021-01-23;738;1;14747;68;2.3;0.0
17;2021-01-24;50;0;14797;68;2.3;0.0
17;2021-01-25;1383;5;16180;73;2.5;0.0
17;2021-01-26;2110;5;18290;78;2.8;0.0
17;2021-01-27;1676;33;19966;111;3.1;0.0
17;2021-01-28;2476;232;22442;343;3.5;0.1
17;2021-01-29;1740;222;24182;565;3.7;0.1
17;2021-01-30;528;5;24710;570;3.8;0.1
17;2021-01-31;37;2;24747;572;3.8;0.1
17;2021-02-01;741;210;25488;782;3.9;0.1
17;2021-02-02;1202;347;26690;1129;4.1;0.2
17;2021-02-03;1300;401;27990;1530;4.3;0.2
17;2021-02-04;1162;503;29152;2033;4.5;0.3
17;2021-02-05;603;757;29755;2790;4.6;0.4
17;2021-02-06;25;43;29780;2833;4.6;0.4
17;2021-02-07;31;13;29811;2846;4.6;0.4
17;2021-02-08;706;400;30517;3246;4.7;0.5
17;2021-02-09;1102;1316;31619;4562;4.9;0.7
17;2021-02-10;866;1288;32485;5850;5.0;0.9
17;2021-02-11;1241;1402;33726;7252;5.2;1.1
17;2021-02-12;774;966;34500;8218;5.3;1.3
17;2021-02-13;43;104;34543;8322;5.3;1.3
17;2021-02-14;1;10;34544;8332;5.3;1.3
17;2021-02-15;621;1221;35165;9553;5.4;1.5
17;2021-02-16;751;1827;35916;11380;5.6;1.8
17;2021-02-17;795;1357;36711;12737;5.7;2.0
17;2021-02-18;965;2185;37676;14922;5.8;2.3
17;2021-02-19;1069;1538;38745;16460;6.0;2.5
17;2021-02-20;105;311;38850;16771;6.0;2.6
17;2021-02-21;9;2;38859;16773;6.0;2.6
17;2021-02-22;648;1630;39507;18403;6.1;2.8
17;2021-02-23;782;1535;40289;19938;6.2;3.1
17;2021-02-24;1080;1586;41369;21524;6.4;3.3
17;2021-02-25;1087;1709;42456;23233;6.6;3.6
17;2021-02-26;1308;1296;43764;24529;6.8;3.8
17;2021-02-27;529;248;44293;24777;6.8;3.8
17;2021-02-28;19;9;44312;24786;6.8;3.8
17;2021-03-01;638;1042;44950;25828;6.9;4.0
17;2021-03-02;1095;870;46045;26698;7.1;4.1
17;2021-03-03;1617;795;47662;27493;7.4;4.2
17;2021-03-04;2426;1143;50088;28636;7.7;4.4
17;2021-03-05;2665;683;52753;29319;8.2;4.5
17;2021-03-06;1028;32;53781;29351;8.3;4.5
17;2021-03-07;183;47;53964;29398;8.3;4.5
17;2021-03-08;1019;835;54983;30233;8.5;4.7
17;2021-03-09;1745;621;56728;30854;8.8;4.8
17;2021-03-10;2048;648;58776;31502;9.1;4.9
17;2021-03-11;3228;999;62004;32501;9.6;5.0
17;2021-03-12;3356;630;65360;33131;10.1;5.1
17;2021-03-13;1203;13;66563;33144;10.3;5.1
17;2021-03-14;33;0;66596;33144;10.3;5.1
17;2021-03-15;1243;996;67839;34140;10.5;5.3
17;2021-03-16;892;536;68731;34676;10.6;5.4
17;2021-03-17;1460;707;70191;35383;10.8;5.5
17;2021-03-18;1683;766;71874;36149;11.1;5.6
17;2021-03-19;2096;549;73970;36698;11.4;5.7
17;2021-03-20;1086;59;75056;36757;11.6;5.7
17;2021-03-21;37;43;75093;36800;11.6;5.7
17;2021-03-22;1577;693;76670;37493;11.8;5.8
17;2021-03-23;2491;584;79161;38077;12.2;5.9
17;2021-03-24;3545;861;82706;38938;12.8;6.0
17;2021-03-25;4713;650;87419;39588;13.5;6.1
17;2021-03-26;4943;478;92362;40066;14.3;6.2
17;2021-03-27;1737;69;94099;40135;14.5;6.2
17;2021-03-28;369;45;94468;40180;14.6;6.2
17;2021-03-29;2361;569;96829;40749;15.0;6.3
17;2021-03-30;2654;990;99483;41739;15.4;6.5
17;2021-03-31;3843;912;103326;42651;16.0;6.6
17;2021-04-01;4013;1170;107339;43821;16.6;6.8
17;2021-04-02;3708;841;111047;44662;17.2;6.9
17;2021-04-03;1152;187;112199;44849;17.3;6.9
17;2021-04-04;501;6;112700;44855;17.4;6.9
17;2021-04-05;445;128;113145;44983;17.5;7.0
17;2021-04-06;3479;1032;116624;46015;18.0;7.1
17;2021-04-07;4131;1159;120755;47174;18.7;7.3
17;2021-04-08;4567;1482;125322;48656;19.4;7.5
17;2021-04-09;6498;846;131820;49502;20.4;7.7
17;2021-04-10;2582;72;134402;49574;20.8;7.7
17;2021-04-11;790;18;135192;49592;20.9;7.7
17;2021-04-12;2889;1624;138081;51216;21.3;7.9
17;2021-04-13;4152;1289;142233;52505;22.0;8.1
17;2021-04-14;4419;1214;146652;53719;22.7;8.3
17;2021-04-15;4601;1140;151253;54859;23.4;8.5
17;2021-04-16;4298;1155;155551;56014;24.0;8.7
17;2021-04-17;1682;384;157233;56398;24.3;8.7
17;2021-04-18;471;81;157704;56479;24.4;8.7
17;2021-04-19;2336;2063;160040;58542;24.7;9.0
17;2021-04-20;2927;2558;162967;61100;25.2;9.4
17;2021-04-21;2974;1942;165941;63042;25.6;9.7
17;2021-04-22;3121;2366;169062;65408;26.1;10.1
17;2021-04-23;2446;2731;171508;68139;26.5;10.5
17;2021-04-24;1669;929;173177;69068;26.8;10.7
17;2021-04-25;664;246;173841;69314;26.9;10.7
17;2021-04-26;2578;2627;176419;71941;27.3;11.1
17;2021-04-27;3151;2672;179570;74613;27.8;11.5
17;2021-04-28;3102;2940;182672;77553;28.2;12.0
17;2021-04-29;4149;2867;186821;80420;28.9;12.4
17;2021-04-30;4355;2640;191176;83060;29.5;12.8
17;2021-05-01;849;543;192025;83603;29.7;12.9
17;2021-05-02;553;839;192578;84442;29.8;13.0
17;2021-05-03;2546;2963;195124;87405;30.2;13.5
17;2021-05-04;2315;3726;197439;91131;30.5;14.1
17;2021-05-05;2907;3704;200346;94835;31.0;14.7
17;2021-05-06;4120;3405;204466;98240;31.6;15.2
17;2021-05-07;4359;3633;208825;101873;32.3;15.7
17;2021-05-08;1306;753;210131;102626;32.5;15.9
17;2021-05-09;1311;706;211442;103332;32.7;16.0
17;2021-05-10;2726;3694;214168;107026;33.1;16.5
17;2021-05-11;3500;3997;217668;111023;33.6;17.2
17;2021-05-12;3529;3813;221197;114836;34.2;17.7
17;2021-05-13;2542;693;223739;115529;34.6;17.9
17;2021-05-14;3031;2394;226770;117923;35.0;18.2
17;2021-05-15;2127;662;228897;118585;35.4;18.3
17;2021-05-16;1733;318;230630;118903;35.6;18.4
17;2021-05-17;4288;1999;234918;120902;36.3;18.7
17;2021-05-18;4746;1637;239664;122539;37.0;18.9
17;2021-05-19;5071;1281;244735;123820;37.8;19.1
17;2021-05-20;4940;1947;249675;125767;38.6;19.4
17;2021-05-21;4994;1955;254669;127722;39.4;19.7
17;2021-05-22;2390;532;257059;128254;39.7;19.8
17;2021-05-23;1900;128;258959;128382;40.0;19.8
17;2021-05-24;1426;210;260385;128592;40.2;19.9
17;2021-05-25;4031;1769;264416;130361;40.9;20.1
17;2021-05-26;4368;2040;268784;132401;41.5;20.5
17;2021-05-27;5211;2139;273995;134540;42.3;20.8
17;2021-05-28;4468;3437;278463;137977;43.0;21.3
17;2021-05-29;1559;1707;280022;139684;43.3;21.6
17;2021-05-30;857;410;280879;140094;43.4;21.7
17;2021-05-31;2947;3013;283826;143107;43.9;22.1
17;2021-06-01;4295;2927;288121;146034;44.5;22.6
17;2021-06-02;4203;3177;292324;149211;45.2;23.1
17;2021-06-03;5058;3167;297382;152378;46.0;23.5
17;2021-06-04;4513;3859;301895;156237;46.7;24.1
17;2021-06-05;1991;1603;303886;157840;47.0;24.4
17;2021-06-06;852;735;304738;158575;47.1;24.5
17;2021-06-07;3138;4345;307876;162920;47.6;25.2
17;2021-06-08;3790;4496;311666;167416;48.2;25.9
17;2021-06-09;4345;3055;316011;170471;48.8;26.3
17;2021-06-10;4927;2794;320938;173265;49.6;26.8
17;2021-06-11;4794;3693;325732;176958;50.3;27.3
17;2021-06-12;1813;1405;327545;178363;50.6;27.6
17;2021-06-13;612;415;328157;178778;50.7;27.6
17;2021-06-14;2834;4538;330991;183316;51.2;28.3
17;2021-06-15;3625;4382;334616;187698;51.7;29.0
17;2021-06-16;4127;3695;338743;191393;52.3;29.6
17;2021-06-17;4367;4125;343110;195518;53.0;30.2
17;2021-06-18;4059;4441;347169;199959;53.7;30.9
17;2021-06-19;1450;1988;348619;201947;53.9;31.2
17;2021-06-20;595;1036;349214;202983;54.0;31.4
17;2021-06-21;2559;4371;351773;207354;54.4;32.0
17;2021-06-22;3532;4452;355305;211806;54.9;32.7
17;2021-06-23;3795;3998;359100;215804;55.5;33.4
17;2021-06-24;3600;3959;362700;219763;56.1;34.0
17;2021-06-25;2718;4991;365418;224754;56.5;34.7
17;2021-06-26;905;2334;366323;227088;56.6;35.1
17;2021-06-27;397;1904;366720;228992;56.7;35.4
17;2021-06-28;1523;5416;368243;234408;56.9;36.2
17;2021-06-29;1684;5892;369927;240300;57.2;37.1
17;2021-06-30;2030;5548;371957;245848;57.5;38.0
17;2021-07-01;2267;5562;374224;251410;57.8;38.9
17;2021-07-02;2485;5983;376709;257393;58.2;39.8
17;2021-07-03;627;2544;377336;259937;58.3;40.2
17;2021-07-04;155;1250;377491;261187;58.3;40.4
17;2021-07-05;1887;5176;379378;266363;58.6;41.2
17;2021-07-06;2129;5600;381507;271963;59.0;42.0
17;2021-07-07;2406;5500;383913;277463;59.3;42.9
17;2021-07-08;2915;5446;386828;282909;59.8;43.7
17;2021-07-09;2526;6078;389354;288987;60.2;44.7
17;2021-07-10;826;2470;390180;291457;60.3;45.0
17;2021-07-11;379;906;390559;292363;60.4;45.2
17;2021-07-12;2002;5617;392561;297980;60.7;46.0
17;2021-07-13;2372;6720;394933;304700;61.0;47.1
17;2021-07-14;71;71;395004;304771;61.0;47.1
17;2021-07-15;2190;6862;397194;311633;61.4;48.2
17;2021-07-16;2777;6965;399971;318598;61.8;49.2
17;2021-07-17;1051;2274;401022;320872;62.0;49.6
17;2021-07-18;312;1036;401334;321908;62.0;49.7
17;2021-07-19;2634;5908;403968;327816;62.4;50.7
17;2021-07-20;3314;6317;407282;334133;62.9;51.6
17;2021-07-21;3802;6029;411084;340162;63.5;52.6
17;2021-07-22;4248;6269;415332;346431;64.2;53.5
17;2021-07-23;3903;6566;419235;352997;64.8;54.6
17;2021-07-24;2067;1403;421302;354400;65.1;54.8
17;2021-07-25;1040;417;422342;354817;65.3;54.8
17;2021-07-26;3735;5425;426077;360242;65.8;55.7
17;2021-07-27;4728;5442;430805;365684;66.6;56.5
17;2021-07-28;5215;5177;436020;370861;67.4;57.3
17;2021-07-29;5166;5343;441186;376204;68.2;58.1
17;2021-07-30;5512;5577;446698;381781;69.0;59.0
17;2021-07-31;2116;1215;448814;382996;69.4;59.2
17;2021-08-01;1095;359;449909;383355;69.5;59.2
17;2021-08-02;4621;4393;454530;387748;70.2;59.9
17;2021-08-03;5762;4165;460292;391913;71.1;60.6
17;2021-08-04;6202;3379;466494;395292;72.1;61.1
17;2021-08-05;6389;3150;472883;398442;73.1;61.6
17;2021-08-06;5888;3601;478771;402043;74.0;62.1
17;2021-08-07;1992;869;480763;402912;74.3;62.3
17;2021-08-08;978;219;481741;403131;74.4;62.3
17;2021-08-09;3923;3696;485664;406827;75.1;62.9
17;2021-08-10;5087;3488;490751;410315;75.8;63.4
17;2021-08-11;4919;3812;495670;414127;76.6;64.0
17;2021-08-12;4896;3959;500566;418086;77.4;64.6
17;2021-08-13;4521;4142;505087;422228;78.1;65.3
17;2021-08-14;1239;1383;506326;423611;78.2;65.5
17;2021-08-15;407;377;506733;423988;78.3;65.5
17;2021-08-16;2855;4065;509588;428053;78.8;66.2
17;2021-08-17;3051;4291;512639;432344;79.2;66.8
17;2021-08-18;2622;4555;515261;436899;79.6;67.5
17;2021-08-19;2733;4372;517994;441271;80.1;68.2
17;2021-08-20;2501;5025;520495;446296;80.4;69.0
17;2021-08-21;685;1355;521180;447651;80.5;69.2
17;2021-08-22;221;457;521401;448108;80.6;69.3
17;2021-08-23;1987;4956;523388;453064;80.9;70.0
17;2021-08-24;1941;5091;525329;458155;81.2;70.8
17;2021-08-25;1660;5506;526989;463661;81.4;71.7
17;2021-08-26;1603;5761;528592;469422;81.7;72.5
17;2021-08-27;1551;5954;530143;475376;81.9;73.5
17;2021-08-28;521;1455;530664;476831;82.0;73.7
17;2021-08-29;87;575;530751;477406;82.0;73.8
17;2021-08-30;1436;5049;532187;482455;82.2;74.6
17;2021-08-31;1327;5238;533514;487693;82.4;75.4
17;2021-09-01;1195;4758;534709;492451;82.6;76.1
17;2021-09-02;1139;4144;535848;496595;82.8;76.7
17;2021-09-03;1169;4918;537017;501513;83.0;77.5
17;2021-09-04;287;917;537304;502430;83.0;77.6
17;2021-09-05;55;103;537359;502533;83.0;77.7
17;2021-09-06;729;3207;538088;505740;83.2;78.2
17;2021-09-07;719;2636;538807;508376;83.3;78.6
17;2021-09-08;823;3591;539630;511967;83.4;79.1
17;2021-09-09;819;2402;540449;514369;83.5;79.5
17;2021-09-10;803;3330;541252;517699;83.6;80.0
17;2021-09-11;304;852;541556;518551;83.7;80.1
17;2021-09-12;10;13;541566;518564;83.7;80.1
17;2021-09-13;653;1933;542219;520497;83.8;80.4
17;2021-09-14;618;1631;542837;522128;83.9;80.7
17;2021-09-15;941;2376;543778;524504;84.0;81.1
17;2021-09-16;544;1453;544322;525957;84.1;81.3
17;2021-09-17;620;1921;544942;527878;84.2;81.6
17;2021-09-18;193;583;545135;528461;84.2;81.7
17;2021-09-19;13;6;545148;528467;84.2;81.7
17;2021-09-20;432;1226;545580;529693;84.3;81.9
17;2021-09-21;325;892;545905;530585;84.4;82.0
17;2021-09-22;419;1694;546324;532279;84.4;82.3
17;2021-09-23;357;971;546681;533250;84.5;82.4
17;2021-09-24;385;1821;547066;535071;84.5;82.7
17;2021-09-25;127;472;547193;535543;84.6;82.8
17;2021-09-26;0;16;547193;535559;84.6;82.8
17;2021-09-27;437;1177;547630;536736;84.6;82.9
17;2021-09-28;275;688;547905;537424;84.7;83.1
17;2021-09-29;453;1213;548358;538637;84.7;83.2
17;2021-09-30;372;715;548730;539352;84.8;83.4
17;2021-10-01;360;742;549090;540094;84.9;83.5
17;2021-10-02;108;310;549198;540404;84.9;83.5
17;2021-10-03;4;28;549202;540432;84.9;83.5
17;2021-10-04;366;860;549568;541292;84.9;83.7
17;2021-10-05;379;579;549947;541871;85.0;83.7
17;2021-10-06;424;1131;550371;543002;85.1;83.9
17;2021-10-07;275;556;550646;543558;85.1;84.0
17;2021-10-08;423;888;551069;544446;85.2;84.1
17;2021-10-09;155;317;551224;544763;85.2;84.2
17;2021-10-10;1;23;551225;544786;85.2;84.2
17;2021-10-11;386;563;551611;545349;85.2;84.3
17;2021-10-12;216;364;551827;545713;85.3;84.3
18;2020-12-27;0;0;0;0;0.0;0.0
18;2020-12-28;0;0;0;0;0.0;0.0
18;2020-12-29;0;0;0;0;0.0;0.0
18;2020-12-30;1;0;1;0;0.0;0.0
18;2020-12-31;0;0;1;0;0.0;0.0
18;2021-01-01;0;0;1;0;0.0;0.0
18;2021-01-02;0;0;1;0;0.0;0.0
18;2021-01-03;0;0;1;0;0.0;0.0
18;2021-01-04;3;0;4;0;0.0;0.0
18;2021-01-05;0;0;4;0;0.0;0.0
18;2021-01-06;1;0;5;0;0.0;0.0
18;2021-01-07;30;1;35;1;0.0;0.0
18;2021-01-08;65;0;100;1;0.0;0.0
18;2021-01-09;225;1;325;2;0.1;0.0
18;2021-01-10;146;0;471;2;0.2;0.0
18;2021-01-11;169;0;640;2;0.2;0.0
18;2021-01-12;371;0;1011;2;0.3;0.0
18;2021-01-13;270;2;1281;4;0.4;0.0
18;2021-01-14;269;2;1550;6;0.5;0.0
18;2021-01-15;332;2;1882;8;0.6;0.0
18;2021-01-16;288;3;2170;11;0.7;0.0
18;2021-01-17;1;0;2171;11;0.7;0.0
18;2021-01-18;291;0;2462;11;0.8;0.0
18;2021-01-19;1373;5;3835;16;1.3;0.0
18;2021-01-20;1239;2;5074;18;1.7;0.0
18;2021-01-21;965;0;6039;18;2.0;0.0
18;2021-01-22;780;2;6819;20;2.3;0.0
18;2021-01-23;249;2;7068;22;2.4;0.0
18;2021-01-24;0;0;7068;22;2.4;0.0
18;2021-01-25;509;1;7577;23;2.6;0.0
18;2021-01-26;395;1;7972;24;2.7;0.0
18;2021-01-27;390;2;8362;26;2.8;0.0
18;2021-01-28;566;8;8928;34;3.0;0.0
18;2021-01-29;490;73;9418;107;3.2;0.0
18;2021-01-30;431;159;9849;266;3.3;0.1
18;2021-01-31;82;116;9931;382;3.4;0.1
18;2021-02-01;328;139;10259;521;3.5;0.2
18;2021-02-02;507;240;10766;761;3.6;0.3
18;2021-02-03;398;204;11164;965;3.8;0.3
18;2021-02-04;630;228;11794;1193;4.0;0.4
18;2021-02-05;448;194;12242;1387;4.1;0.5
18;2021-02-06;283;100;12525;1487;4.2;0.5
18;2021-02-07;108;1;12633;1488;4.3;0.5
18;2021-02-08;268;230;12901;1718;4.4;0.6
18;2021-02-09;583;780;13484;2498;4.5;0.8
18;2021-02-10;741;695;14225;3193;4.8;1.1
18;2021-02-11;655;451;14880;3644;5.0;1.2
18;2021-02-12;502;330;15382;3974;5.2;1.3
18;2021-02-13;286;124;15668;4098;5.3;1.4
18;2021-02-14;364;98;16032;4196;5.4;1.4
18;2021-02-15;378;394;16410;4590;5.5;1.5
18;2021-02-16;399;402;16809;4992;5.7;1.7
18;2021-02-17;403;456;17212;5448;5.8;1.8
18;2021-02-18;344;537;17556;5985;5.9;2.0
18;2021-02-19;471;305;18027;6290;6.1;2.1
18;2021-02-20;721;241;18748;6531;6.3;2.2
18;2021-02-21;317;4;19065;6535;6.4;2.2
18;2021-02-22;218;369;19283;6904;6.5;2.3
18;2021-02-23;204;350;19487;7254;6.6;2.4
18;2021-02-24;241;273;19728;7527;6.7;2.5
18;2021-02-25;294;519;20022;8046;6.8;2.7
18;2021-02-26;583;236;20605;8282;7.0;2.8
18;2021-02-27;510;388;21115;8670;7.1;2.9
18;2021-02-28;7;68;21122;8738;7.1;2.9
18;2021-03-01;237;412;21359;9150;7.2;3.1
18;2021-03-02;284;519;21643;9669;7.3;3.3
18;2021-03-03;346;586;21989;10255;7.4;3.5
18;2021-03-04;475;571;22464;10826;7.6;3.7
18;2021-03-05;524;372;22988;11198;7.8;3.8
18;2021-03-06;1071;347;24059;11545;8.1;3.9
18;2021-03-07;7;140;24066;11685;8.1;3.9
18;2021-03-08;336;363;24402;12048;8.2;4.1
18;2021-03-09;410;367;24812;12415;8.4;4.2
18;2021-03-10;422;453;25234;12868;8.5;4.3
18;2021-03-11;518;426;25752;13294;8.7;4.5
18;2021-03-12;705;305;26457;13599;8.9;4.6
18;2021-03-13;1164;252;27621;13851;9.3;4.7
18;2021-03-14;301;215;27922;14066;9.4;4.7
18;2021-03-15;492;382;28414;14448;9.6;4.9
18;2021-03-16;392;314;28806;14762;9.7;5.0
18;2021-03-17;383;414;29189;15176;9.8;5.1
18;2021-03-18;512;230;29701;15406;10.0;5.2
18;2021-03-19;755;228;30456;15634;10.3;5.3
18;2021-03-20;986;623;31442;16257;10.6;5.5
18;2021-03-21;308;308;31750;16565;10.7;5.6
18;2021-03-22;602;299;32352;16864;10.9;5.7
18;2021-03-23;707;295;33059;17159;11.2;5.8
18;2021-03-24;1052;299;34111;17458;11.5;5.9
18;2021-03-25;1049;304;35160;17762;11.9;6.0
18;2021-03-26;1208;351;36368;18113;12.3;6.1
18;2021-03-27;1488;322;37856;18435;12.8;6.2
18;2021-03-28;215;0;38071;18435;12.8;6.2
18;2021-03-29;1101;201;39172;18636;13.2;6.3
18;2021-03-30;1084;305;40256;18941;13.6;6.4
18;2021-03-31;1305;256;41561;19197;14.0;6.5
18;2021-04-01;1375;350;42936;19547;14.5;6.6
18;2021-04-02;1229;312;44165;19859;14.9;6.7
18;2021-04-03;581;181;44746;20040;15.1;6.8
18;2021-04-04;71;5;44817;20045;15.1;6.8
18;2021-04-05;199;0;45016;20045;15.2;6.8
18;2021-04-06;1027;353;46043;20398;15.5;6.9
18;2021-04-07;1322;368;47365;20766;16.0;7.0
18;2021-04-08;1692;351;49057;21117;16.6;7.1
18;2021-04-09;1833;284;50890;21401;17.2;7.2
18;2021-04-10;2632;653;53522;22054;18.1;7.4
18;2021-04-11;1986;322;55508;22376;18.7;7.5
18;2021-04-12;1401;404;56909;22780;19.2;7.7
18;2021-04-13;1785;470;58694;23250;19.8;7.8
18;2021-04-14;1378;518;60072;23768;20.3;8.0
18;2021-04-15;1532;534;61604;24302;20.8;8.2
18;2021-04-16;1614;594;63218;24896;21.3;8.4
18;2021-04-17;1599;524;64817;25420;21.9;8.6
18;2021-04-18;377;232;65194;25652;22.0;8.7
18;2021-04-19;1317;595;66511;26247;22.4;8.9
18;2021-04-20;1445;716;67956;26963;22.9;9.1
18;2021-04-21;1270;910;69226;27873;23.4;9.4
18;2021-04-22;1403;705;70629;28578;23.8;9.6
18;2021-04-23;1387;738;72016;29316;24.3;9.9
18;2021-04-24;1355;1274;73371;30590;24.8;10.3
18;2021-04-25;287;217;73658;30807;24.9;10.4
18;2021-04-26;1205;957;74863;31764;25.3;10.7
18;2021-04-27;1544;766;76407;32530;25.8;11.0
18;2021-04-28;1358;879;77765;33409;26.2;11.3
18;2021-04-29;1851;736;79616;34145;26.9;11.5
18;2021-04-30;1569;999;81185;35144;27.4;11.9
18;2021-05-01;788;212;81973;35356;27.7;11.9
18;2021-05-02;806;61;82779;35417;27.9;11.9
18;2021-05-03;1627;1015;84406;36432;28.5;12.3
18;2021-05-04;1729;1287;86135;37719;29.1;12.7
18;2021-05-05;1735;1216;87870;38935;29.6;13.1
18;2021-05-06;2162;1368;90032;40303;30.4;13.6
18;2021-05-07;1234;1404;91266;41707;30.8;14.1
18;2021-05-08;994;1471;92260;43178;31.1;14.6
18;2021-05-09;500;2261;92760;45439;31.3;15.3
18;2021-05-10;1157;1508;93917;46947;31.7;15.8
18;2021-05-11;1696;1752;95613;48699;32.3;16.4
18;2021-05-12;1806;1497;97419;50196;32.9;16.9
18;2021-05-13;1061;370;98480;50566;33.2;17.1
18;2021-05-14;1345;942;99825;51508;33.7;17.4
18;2021-05-15;1809;1164;101634;52672;34.3;17.8
18;2021-05-16;537;581;102171;53253;34.5;18.0
18;2021-05-17;1245;1091;103416;54344;34.9;18.3
18;2021-05-18;2146;933;105562;55277;35.6;18.6
18;2021-05-19;2162;920;107724;56197;36.3;19.0
18;2021-05-20;2275;983;109999;57180;37.1;19.3
18;2021-05-21;1495;765;111494;57945;37.6;19.5
18;2021-05-22;1724;1075;113218;59020;38.2;19.9
18;2021-05-23;486;336;113704;59356;38.4;20.0
18;2021-05-24;461;293;114165;59649;38.5;20.1
18;2021-05-25;1841;1061;116006;60710;39.1;20.5
18;2021-05-26;2153;846;118159;61556;39.9;20.8
18;2021-05-27;2209;1231;120368;62787;40.6;21.2
18;2021-05-28;1712;1308;122080;64095;41.2;21.6
18;2021-05-29;2621;1663;124701;65758;42.1;22.2
18;2021-05-30;1482;504;126183;66262;42.6;22.4
18;2021-05-31;1786;693;127969;66955;43.2;22.6
18;2021-06-01;2039;947;130008;67902;43.9;22.9
18;2021-06-02;2010;1018;132018;68920;44.5;23.3
18;2021-06-03;2283;1202;134301;70122;45.3;23.7
18;2021-06-04;1912;1123;136213;71245;46.0;24.0
18;2021-06-05;2800;1450;139013;72695;46.9;24.5
18;2021-06-06;364;381;139377;73076;47.0;24.7
18;2021-06-07;1294;1232;140671;74308;47.5;25.1
18;2021-06-08;1490;1394;142161;75702;48.0;25.5
18;2021-06-09;1329;1068;143490;76770;48.4;25.9
18;2021-06-10;1631;1410;145121;78180;49.0;26.4
18;2021-06-11;1496;1404;146617;79584;49.5;26.8
18;2021-06-12;1245;2510;147862;82094;49.9;27.7
18;2021-06-13;126;263;147988;82357;49.9;27.8
18;2021-06-14;656;1828;148644;84185;50.1;28.4
18;2021-06-15;1093;1823;149737;86008;50.5;29.0
18;2021-06-16;1255;1441;150992;87449;50.9;29.5
18;2021-06-17;1205;1670;152197;89119;51.3;30.1
18;2021-06-18;1290;1667;153487;90786;51.8;30.6
18;2021-06-19;1564;1251;155051;92037;52.3;31.1
18;2021-06-20;246;159;155297;92196;52.4;31.1
18;2021-06-21;665;1601;155962;93797;52.6;31.6
18;2021-06-22;1068;1645;157030;95442;53.0;32.2
18;2021-06-23;944;1642;157974;97084;53.3;32.8
18;2021-06-24;1033;1062;159007;98146;53.6;33.1
18;2021-06-25;892;1746;159899;99892;53.9;33.7
18;2021-06-26;1097;1474;160996;101366;54.3;34.2
18;2021-06-27;31;372;161027;101738;54.3;34.3
18;2021-06-28;422;1922;161449;103660;54.5;35.0
18;2021-06-29;597;2379;162046;106039;54.7;35.8
18;2021-06-30;600;2543;162646;108582;54.9;36.6
18;2021-07-01;964;2157;163610;110739;55.2;37.4
18;2021-07-02;614;1685;164224;112424;55.4;37.9
18;2021-07-03;754;2574;164978;114998;55.7;38.8
18;2021-07-04;164;1032;165142;116030;55.7;39.1
18;2021-07-05;765;1877;165907;117907;56.0;39.8
18;2021-07-06;559;2301;166466;120208;56.2;40.6
18;2021-07-07;766;2115;167232;122323;56.4;41.3
18;2021-07-08;1031;1984;168263;124307;56.8;41.9
18;2021-07-09;703;2307;168966;126614;57.0;42.7
18;2021-07-10;781;3175;169747;129789;57.3;43.8
18;2021-07-11;84;668;169831;130457;57.3;44.0
18;2021-07-12;223;2253;170054;132710;57.4;44.8
18;2021-07-13;619;2904;170673;135614;57.6;45.8
18;2021-07-14;194;937;170867;136551;57.6;46.1
18;2021-07-15;1396;2816;172263;139367;58.1;47.0
18;2021-07-16;1185;2122;173448;141489;58.5;47.7
18;2021-07-17;1130;2472;174578;143961;58.9;48.6
18;2021-07-18;228;332;174806;144293;59.0;48.7
18;2021-07-19;1055;1657;175861;145950;59.3;49.2
18;2021-07-20;1625;2269;177486;148219;59.9;50.0
18;2021-07-21;1901;2062;179387;150281;60.5;50.7
18;2021-07-22;2211;1901;181598;152182;61.3;51.3
18;2021-07-23;1395;1613;182993;153795;61.7;51.9
18;2021-07-24;891;1534;183884;155329;62.0;52.4
18;2021-07-25;192;396;184076;155725;62.1;52.5
18;2021-07-26;1397;1502;185473;157227;62.6;53.0
18;2021-07-27;1824;1538;187297;158765;63.2;53.6
18;2021-07-28;2198;1797;189495;160562;63.9;54.2
18;2021-07-29;2140;1817;191635;162379;64.7;54.8
18;2021-07-30;1585;1344;193220;163723;65.2;55.2
18;2021-07-31;1237;1281;194457;165004;65.6;55.7
18;2021-08-01;90;34;194547;165038;65.6;55.7
18;2021-08-02;1410;765;195957;165803;66.1;55.9
18;2021-08-03;1719;1630;197676;167433;66.7;56.5
18;2021-08-04;2440;1102;200116;168535;67.5;56.9
18;2021-08-05;1529;1247;201645;169782;68.0;57.3
18;2021-08-06;1582;1142;203227;170924;68.6;57.7
18;2021-08-07;610;764;203837;171688;68.8;57.9
18;2021-08-08;49;60;203886;171748;68.8;57.9
18;2021-08-09;1105;874;204991;172622;69.2;58.2
18;2021-08-10;1208;1511;206199;174133;69.6;58.7
18;2021-08-11;1608;1510;207807;175643;70.1;59.3
18;2021-08-12;1554;1594;209361;177237;70.6;59.8
18;2021-08-13;1087;1172;210448;178409;71.0;60.2
18;2021-08-14;759;603;211207;179012;71.3;60.4
18;2021-08-15;35;17;211242;179029;71.3;60.4
18;2021-08-16;830;1201;212072;180230;71.5;60.8
18;2021-08-17;979;1999;213051;182229;71.9;61.5
18;2021-08-18;1158;1961;214209;184190;72.3;62.1
18;2021-08-19;1105;1612;215314;185802;72.6;62.7
18;2021-08-20;911;1758;216225;187560;72.9;63.3
18;2021-08-21;419;705;216644;188265;73.1;63.5
18;2021-08-22;22;73;216666;188338;73.1;63.5
18;2021-08-23;487;1680;217153;190018;73.3;64.1
18;2021-08-24;903;1494;218056;191512;73.6;64.6
18;2021-08-25;840;1864;218896;193376;73.9;65.2
18;2021-08-26;772;1532;219668;194908;74.1;65.8
18;2021-08-27;575;1994;220243;196902;74.3;66.4
18;2021-08-28;501;873;220744;197775;74.5;66.7
18;2021-08-29;92;176;220836;197951;74.5;66.8
18;2021-08-30;528;1409;221364;199360;74.7;67.3
18;2021-08-31;507;1397;221871;200757;74.9;67.7
18;2021-09-01;578;1509;222449;202266;75.0;68.2
18;2021-09-02;398;1108;222847;203374;75.2;68.6
18;2021-09-03;455;1141;223302;204515;75.3;69.0
18;2021-09-04;357;735;223659;205250;75.5;69.2
18;2021-09-05;29;56;223688;205306;75.5;69.3
18;2021-09-06;279;871;223967;206177;75.6;69.6
18;2021-09-07;280;828;224247;207005;75.7;69.8
18;2021-09-08;404;1032;224651;208037;75.8;70.2
18;2021-09-09;357;988;225008;209025;75.9;70.5
18;2021-09-10;414;933;225422;209958;76.1;70.8
18;2021-09-11;262;783;225684;210741;76.1;71.1
18;2021-09-12;8;19;225692;210760;76.1;71.1
18;2021-09-13;310;704;226002;211464;76.2;71.3
18;2021-09-14;283;774;226285;212238;76.3;71.6
18;2021-09-15;321;1053;226606;213291;76.5;72.0
18;2021-09-16;471;878;227077;214169;76.6;72.3
18;2021-09-17;337;737;227414;214906;76.7;72.5
18;2021-09-18;184;618;227598;215524;76.8;72.7
18;2021-09-19;6;4;227604;215528;76.8;72.7
18;2021-09-20;157;550;227761;216078;76.8;72.9
18;2021-09-21;112;424;227873;216502;76.9;73.0
18;2021-09-22;192;870;228065;217372;76.9;73.3
18;2021-09-23;249;466;228314;217838;77.0;73.5
18;2021-09-24;141;489;228455;218327;77.1;73.7
18;2021-09-25;159;690;228614;219017;77.1;73.9
18;2021-09-26;15;89;228629;219106;77.1;73.9
18;2021-09-27;109;315;228738;219421;77.2;74.0
18;2021-09-28;70;273;228808;219694;77.2;74.1
18;2021-09-29;68;281;228876;219975;77.2;74.2
18;2021-09-30;116;280;228992;220255;77.3;74.3
18;2021-10-01;144;289;229136;220544;77.3;74.4
18;2021-10-02;62;163;229198;220707;77.3;74.5
18;2021-10-03;6;10;229204;220717;77.3;74.5
18;2021-10-04;143;457;229347;221174;77.4;74.6
18;2021-10-05;161;336;229508;221510;77.4;74.7
18;2021-10-06;134;442;229642;221952;77.5;74.9
18;2021-10-07;99;372;229741;222324;77.5;75.0
18;2021-10-08;146;520;229887;222844;77.6;75.2
18;2021-10-09;119;314;230006;223158;77.6;75.3
18;2021-10-10;4;13;230010;223171;77.6;75.3
18;2021-10-11;156;199;230166;223370;77.7;75.4
18;2021-10-12;141;205;230307;223575;77.7;75.4
19;2020-12-27;0;0;0;0;0.0;0.0
19;2020-12-28;0;0;0;0;0.0;0.0
19;2020-12-29;1;0;1;0;0.0;0.0
19;2020-12-30;0;0;1;0;0.0;0.0
19;2020-12-31;0;0;1;0;0.0;0.0
19;2021-01-01;0;0;1;0;0.0;0.0
19;2021-01-02;0;0;1;0;0.0;0.0
19;2021-01-03;0;0;1;0;0.0;0.0
19;2021-01-04;0;0;1;0;0.0;0.0
19;2021-01-05;0;0;1;0;0.0;0.0
19;2021-01-06;0;0;1;0;0.0;0.0
19;2021-01-07;344;2;345;2;0.1;0.0
19;2021-01-08;248;1;593;3;0.2;0.0
19;2021-01-09;1;0;594;3;0.2;0.0
19;2021-01-10;1;0;595;3;0.2;0.0
19;2021-01-11;38;0;633;3;0.3;0.0
19;2021-01-12;416;2;1049;5;0.4;0.0
19;2021-01-13;429;11;1478;16;0.6;0.0
19;2021-01-14;475;1;1953;17;0.8;0.0
19;2021-01-15;226;18;2179;35;0.9;0.0
19;2021-01-16;0;0;2179;35;0.9;0.0
19;2021-01-17;1;0;2180;35;0.9;0.0
19;2021-01-18;251;2;2431;37;1.0;0.0
19;2021-01-19;521;0;2952;37;1.2;0.0
19;2021-01-20;921;9;3873;46;1.6;0.0
19;2021-01-21;507;5;4380;51;1.8;0.0
19;2021-01-22;1318;18;5698;69;2.4;0.0
19;2021-01-23;281;0;5979;69;2.5;0.0
19;2021-01-24;38;0;6017;69;2.5;0.0
19;2021-01-25;233;0;6250;69;2.6;0.0
19;2021-01-26;608;4;6858;73;2.9;0.0
19;2021-01-27;334;5;7192;78;3.0;0.0
19;2021-01-28;297;251;7489;329;3.1;0.1
19;2021-01-29;347;61;7836;390;3.3;0.2
19;2021-01-30;130;26;7966;416;3.3;0.2
19;2021-01-31;41;1;8007;417;3.3;0.2
19;2021-02-01;158;95;8165;512;3.4;0.2
19;2021-02-02;303;429;8468;941;3.5;0.4
19;2021-02-03;285;246;8753;1187;3.6;0.5
19;2021-02-04;255;375;9008;1562;3.7;0.6
19;2021-02-05;311;76;9319;1638;3.9;0.7
19;2021-02-06;215;2;9534;1640;4.0;0.7
19;2021-02-07;48;2;9582;1642;4.0;0.7
19;2021-02-08;177;150;9759;1792;4.1;0.7
19;2021-02-09;333;274;10092;2066;4.2;0.9
19;2021-02-10;517;296;10609;2362;4.4;1.0
19;2021-02-11;414;319;11023;2681;4.6;1.1
19;2021-02-12;799;1162;11822;3843;4.9;1.6
19;2021-02-13;352;187;12174;4030;5.1;1.7
19;2021-02-14;98;13;12272;4043;5.1;1.7
19;2021-02-15;200;243;12472;4286;5.2;1.8
19;2021-02-16;386;171;12858;4457;5.4;1.9
19;2021-02-17;306;468;13164;4925;5.5;2.0
19;2021-02-18;174;508;13338;5433;5.5;2.3
19;2021-02-19;469;299;13807;5732;5.7;2.4
19;2021-02-20;133;207;13940;5939;5.8;2.5
19;2021-02-21;20;40;13960;5979;5.8;2.5
19;2021-02-22;221;211;14181;6190;5.9;2.6
19;2021-02-23;268;345;14449;6535;6.0;2.7
19;2021-02-24;361;208;14810;6743;6.2;2.8
19;2021-02-25;519;382;15329;7125;6.4;3.0
19;2021-02-26;395;318;15724;7443;6.5;3.1
19;2021-02-27;348;162;16072;7605;6.7;3.2
19;2021-02-28;68;36;16140;7641;6.7;3.2
19;2021-03-01;266;221;16406;7862;6.8;3.3
19;2021-03-02;428;258;16834;8120;7.0;3.4
19;2021-03-03;692;340;17526;8460;7.3;3.5
19;2021-03-04;826;353;18352;8813;7.6;3.7
19;2021-03-05;891;737;19243;9550;8.0;4.0
19;2021-03-06;1072;216;20315;9766;8.5;4.1
19;2021-03-07;463;38;20778;9804;8.6;4.1
19;2021-03-08;640;166;21418;9970;8.9;4.1
19;2021-03-09;836;251;22254;10221;9.3;4.3
19;2021-03-10;1155;322;23409;10543;9.7;4.4
19;2021-03-11;1274;310;24683;10853;10.3;4.5
19;2021-03-12;1136;407;25819;11260;10.7;4.7
19;2021-03-13;1110;169;26929;11429;11.2;4.8
19;2021-03-14;161;85;27090;11514;11.3;4.8
19;2021-03-15;699;137;27789;11651;11.6;4.8
19;2021-03-16;688;304;28477;11955;11.8;5.0
19;2021-03-17;839;283;29316;12238;12.2;5.1
19;2021-03-18;767;283;30083;12521;12.5;5.2
19;2021-03-19;1014;488;31097;13009;12.9;5.4
19;2021-03-20;784;132;31881;13141;13.3;5.5
19;2021-03-21;128;4;32009;13145;13.3;5.5
19;2021-03-22;548;177;32557;13322;13.5;5.5
19;2021-03-23;1045;234;33602;13556;14.0;5.6
19;2021-03-24;1172;373;34774;13929;14.5;5.8
19;2021-03-25;1189;415;35963;14344;15.0;6.0
19;2021-03-26;1325;279;37288;14623;15.5;6.1
19;2021-03-27;854;191;38142;14814;15.9;6.2
19;2021-03-28;63;60;38205;14874;15.9;6.2
19;2021-03-29;612;177;38817;15051;16.2;6.3
19;2021-03-30;971;344;39788;15395;16.6;6.4
19;2021-03-31;1157;498;40945;15893;17.0;6.6
19;2021-04-01;1491;429;42436;16322;17.7;6.8
19;2021-04-02;1007;529;43443;16851;18.1;7.0
19;2021-04-03;597;285;44040;17136;18.3;7.1
19;2021-04-04;130;3;44170;17139;18.4;7.1
19;2021-04-05;40;76;44210;17215;18.4;7.2
19;2021-04-06;734;604;44944;17819;18.7;7.4
19;2021-04-07;976;732;45920;18551;19.1;7.7
19;2021-04-08;1116;1020;47036;19571;19.6;8.1
19;2021-04-09;1641;616;48677;20187;20.3;8.4
19;2021-04-10;946;560;49623;20747;20.6;8.6
19;2021-04-11;557;74;50180;20821;20.9;8.7
19;2021-04-12;681;524;50861;21345;21.2;8.9
19;2021-04-13;915;576;51776;21921;21.5;9.1
19;2021-04-14;1333;852;53109;22773;22.1;9.5
19;2021-04-15;1229;873;54338;23646;22.6;9.8
19;2021-04-16;1506;823;55844;24469;23.2;10.2
19;2021-04-17;761;480;56605;24949;23.6;10.4
19;2021-04-18;661;72;57266;25021;23.8;10.4
19;2021-04-19;730;440;57996;25461;24.1;10.6
19;2021-04-20;979;751;58975;26212;24.5;10.9
19;2021-04-21;1271;700;60246;26912;25.1;11.2
19;2021-04-22;1188;900;61434;27812;25.6;11.6
19;2021-04-23;1127;1021;62561;28833;26.0;12.0
19;2021-04-24;678;676;63239;29509;26.3;12.3
19;2021-04-25;675;70;63914;29579;26.6;12.3
19;2021-04-26;1056;332;64970;29911;27.0;12.4
19;2021-04-27;1027;569;65997;30480;27.5;12.7
19;2021-04-28;1553;557;67550;31037;28.1;12.9
19;2021-04-29;1453;1197;69003;32234;28.7;13.4
19;2021-04-30;1876;1062;70879;33296;29.5;13.9
19;2021-05-01;671;175;71550;33471;29.8;13.9
19;2021-05-02;551;152;72101;33623;30.0;14.0
19;2021-05-03;854;547;72955;34170;30.4;14.2
19;2021-05-04;1025;709;73980;34879;30.8;14.5
19;2021-05-05;1256;741;75236;35620;31.3;14.8
19;2021-05-06;1127;1200;76363;36820;31.8;15.3
19;2021-05-07;1663;1191;78026;38011;32.5;15.8
19;2021-05-08;712;206;78738;38217;32.8;15.9
19;2021-05-09;487;547;79225;38764;33.0;16.1
19;2021-05-10;1164;671;80389;39435;33.4;16.4
19;2021-05-11;1639;858;82028;40293;34.1;16.8
19;2021-05-12;1945;1322;83973;41615;34.9;17.3
19;2021-05-13;571;242;84544;41857;35.2;17.4
19;2021-05-14;1646;987;86190;42844;35.9;17.8
19;2021-05-15;1443;593;87633;43437;36.5;18.1
19;2021-05-16;350;82;87983;43519;36.6;18.1
19;2021-05-17;1498;559;89481;44078;37.2;18.3
19;2021-05-18;1669;500;91150;44578;37.9;18.5
19;2021-05-19;2009;829;93159;45407;38.8;18.9
19;2021-05-20;1722;892;94881;46299;39.5;19.3
19;2021-05-21;1964;814;96845;47113;40.3;19.6
19;2021-05-22;1271;651;98116;47764;40.8;19.9
19;2021-05-23;324;131;98440;47895;41.0;19.9
19;2021-05-24;139;46;98579;47941;41.0;19.9
19;2021-05-25;1503;492;100082;48433;41.6;20.2
19;2021-05-26;1924;666;102006;49099;42.4;20.4
19;2021-05-27;1786;837;103792;49936;43.2;20.8
19;2021-05-28;1937;991;105729;50927;44.0;21.2
19;2021-05-29;1375;705;107104;51632;44.6;21.5
19;2021-05-30;191;497;107295;52129;44.6;21.7
19;2021-05-31;1199;537;108494;52666;45.1;21.9
19;2021-06-01;1284;886;109778;53552;45.7;22.3
19;2021-06-02;1816;958;111594;54510;46.4;22.7
19;2021-06-03;1447;1255;113041;55765;47.0;23.2
19;2021-06-04;1848;1358;114889;57123;47.8;23.8
19;2021-06-05;1210;815;116099;57938;48.3;24.1
19;2021-06-06;87;648;116186;58586;48.3;24.4
19;2021-06-07;922;934;117108;59520;48.7;24.8
19;2021-06-08;1104;906;118212;60426;49.2;25.1
19;2021-06-09;1328;1463;119540;61889;49.7;25.8
19;2021-06-10;1283;1580;120823;63469;50.3;26.4
19;2021-06-11;1306;1921;122129;65390;50.8;27.2
19;2021-06-12;1356;1317;123485;66707;51.4;27.8
19;2021-06-13;542;424;124027;67131;51.6;27.9
19;2021-06-14;736;1016;124763;68147;51.9;28.4
19;2021-06-15;979;1143;125742;69290;52.3;28.8
19;2021-06-16;1222;1363;126964;70653;52.8;29.4
19;2021-06-17;868;1788;127832;72441;53.2;30.1
19;2021-06-18;1056;2135;128888;74576;53.6;31.0
19;2021-06-19;919;1302;129807;75878;54.0;31.6
19;2021-06-20;395;327;130202;76205;54.2;31.7
19;2021-06-21;500;1074;130702;77279;54.4;32.2
19;2021-06-22;698;1490;131400;78769;54.7;32.8
19;2021-06-23;744;1989;132144;80758;55.0;33.6
19;2021-06-24;687;1663;132831;82421;55.3;34.3
19;2021-06-25;562;2216;133393;84637;55.5;35.2
19;2021-06-26;474;1741;133867;86378;55.7;35.9
19;2021-06-27;289;446;134156;86824;55.8;36.1
19;2021-06-28;315;1499;134471;88323;56.0;36.7
19;2021-06-29;353;1893;134824;90216;56.1;37.5
19;2021-06-30;796;2152;135620;92368;56.4;38.4
19;2021-07-01;361;2322;135981;94690;56.6;39.4
19;2021-07-02;798;2316;136779;97006;56.9;40.4
19;2021-07-03;513;1744;137292;98750;57.1;41.1
19;2021-07-04;1;73;137293;98823;57.1;41.1
19;2021-07-05;600;1015;137893;99838;57.4;41.5
19;2021-07-06;504;1541;138397;101379;57.6;42.2
19;2021-07-07;706;2046;139103;103425;57.9;43.0
19;2021-07-08;770;2148;139873;105573;58.2;43.9
19;2021-07-09;716;2659;140589;108232;58.5;45.0
19;2021-07-10;586;1708;141175;109940;58.7;45.7
19;2021-07-11;45;212;141220;110152;58.8;45.8
19;2021-07-12;446;1487;141666;111639;58.9;46.5
19;2021-07-13;687;1828;142353;113467;59.2;47.2
19;2021-07-14;201;272;142554;113739;59.3;47.3
19;2021-07-15;870;2050;143424;115789;59.7;48.2
19;2021-07-16;1228;2445;144652;118234;60.2;49.2
19;2021-07-17;703;1718;145355;119952;60.5;49.9
19;2021-07-18;365;672;145720;120624;60.6;50.2
19;2021-07-19;968;1401;146688;122025;61.0;50.8
19;2021-07-20;967;1676;147655;123701;61.4;51.5
19;2021-07-21;1083;1711;148738;125412;61.9;52.2
19;2021-07-22;1392;1857;150130;127269;62.5;53.0
19;2021-07-23;1784;1996;151914;129265;63.2;53.8
19;2021-07-24;908;1753;152822;131018;63.6;54.5
19;2021-07-25;164;513;152986;131531;63.7;54.7
19;2021-07-26;911;911;153897;132442;64.0;55.1
19;2021-07-27;1424;1117;155321;133559;64.6;55.6
19;2021-07-28;2045;1224;157366;134783;65.5;56.1
19;2021-07-29;1623;1204;158989;135987;66.2;56.6
19;2021-07-30;1909;1027;160898;137014;66.9;57.0
19;2021-07-31;1129;1018;162027;138032;67.4;57.4
19;2021-08-01;347;372;162374;138404;67.6;57.6
19;2021-08-02;1195;810;163569;139214;68.1;57.9
19;2021-08-03;1453;1055;165022;140269;68.7;58.4
19;2021-08-04;1983;763;167005;141032;69.5;58.7
19;2021-08-05;1630;958;168635;141990;70.2;59.1
19;2021-08-06;1962;1219;170597;143209;71.0;59.6
19;2021-08-07;1335;1001;171932;144210;71.5;60.0
19;2021-08-08;187;234;172119;144444;71.6;60.1
19;2021-08-09;1009;784;173128;145228;72.0;60.4
19;2021-08-10;1280;1014;174408;146242;72.6;60.8
19;2021-08-11;1356;1006;175764;147248;73.1;61.3
19;2021-08-12;1016;1276;176780;148524;73.6;61.8
19;2021-08-13;1181;1275;177961;149799;74.0;62.3
19;2021-08-14;979;1165;178940;150964;74.5;62.8
19;2021-08-15;30;54;178970;151018;74.5;62.8
19;2021-08-16;592;1029;179562;152047;74.7;63.3
19;2021-08-17;633;1167;180195;153214;75.0;63.7
19;2021-08-18;656;979;180851;154193;75.2;64.2
19;2021-08-19;438;1258;181289;155451;75.4;64.7
19;2021-08-20;867;1927;182156;157378;75.8;65.5
19;2021-08-21;495;1376;182651;158754;76.0;66.1
19;2021-08-22;52;93;182703;158847;76.0;66.1
19;2021-08-23;226;1158;182929;160005;76.1;66.6
19;2021-08-24;538;1317;183467;161322;76.3;67.1
19;2021-08-25;649;1557;184116;162879;76.6;67.8
19;2021-08-26;477;1463;184593;164342;76.8;68.4
19;2021-08-27;501;1689;185094;166031;77.0;69.1
19;2021-08-28;360;1277;185454;167308;77.2;69.6
19;2021-08-29;60;182;185514;167490;77.2;69.7
19;2021-08-30;224;1089;185738;168579;77.3;70.1
19;2021-08-31;326;1352;186064;169931;77.4;70.7
19;2021-09-01;365;1433;186429;171364;77.6;71.3
19;2021-09-02;346;1193;186775;172557;77.7;71.8
19;2021-09-03;412;1423;187187;173980;77.9;72.4
19;2021-09-04;302;1361;187489;175341;78.0;73.0
19;2021-09-05;32;106;187521;175447;78.0;73.0
19;2021-09-06;197;630;187718;176077;78.1;73.3
19;2021-09-07;229;755;187947;176832;78.2;73.6
19;2021-09-08;287;741;188234;177573;78.3;73.9
19;2021-09-09;253;536;188487;178109;78.4;74.1
19;2021-09-10;252;708;188739;178817;78.5;74.4
19;2021-09-11;295;1055;189034;179872;78.7;74.8
19;2021-09-12;42;70;189076;179942;78.7;74.9
19;2021-09-13;106;245;189182;180187;78.7;75.0
19;2021-09-14;171;387;189353;180574;78.8;75.1
19;2021-09-15;245;670;189598;181244;78.9;75.4
19;2021-09-16;234;411;189832;181655;79.0;75.6
19;2021-09-17;255;531;190087;182186;79.1;75.8
19;2021-09-18;183;689;190270;182875;79.2;76.1
19;2021-09-19;17;34;190287;182909;79.2;76.1
19;2021-09-20;112;205;190399;183114;79.2;76.2
19;2021-09-21;143;295;190542;183409;79.3;76.3
19;2021-09-22;152;398;190694;183807;79.3;76.5
19;2021-09-23;87;300;190781;184107;79.4;76.6
19;2021-09-24;123;360;190904;184467;79.4;76.8
19;2021-09-25;140;568;191044;185035;79.5;77.0
19;2021-09-26;14;25;191058;185060;79.5;77.0
19;2021-09-27;43;215;191101;185275;79.5;77.1
19;2021-09-28;67;202;191168;185477;79.5;77.2
19;2021-09-29;82;341;191250;185818;79.6;77.3
19;2021-09-30;104;272;191354;186090;79.6;77.4
19;2021-10-01;115;233;191469;186323;79.7;77.5
19;2021-10-02;151;340;191620;186663;79.7;77.7
19;2021-10-03;9;11;191629;186674;79.7;77.7
19;2021-10-04;56;134;191685;186808;79.8;77.7
19;2021-10-05;100;187;191785;186995;79.8;77.8
19;2021-10-06;107;249;191892;187244;79.8;77.9
19;2021-10-07;65;242;191957;187486;79.9;78.0
19;2021-10-08;80;222;192037;187708;79.9;78.1
19;2021-10-09;146;276;192183;187984;80.0;78.2
19;2021-10-10;3;10;192186;187994;80.0;78.2
19;2021-10-11;55;164;192241;188158;80.0;78.3
19;2021-10-12;99;184;192340;188342;80.0;78.4
21;2020-12-27;4;0;4;0;0.0;0.0
21;2020-12-28;2;0;6;0;0.0;0.0
21;2020-12-29;19;0;25;0;0.0;0.0
21;2020-12-30;22;0;47;0;0.0;0.0
21;2020-12-31;0;0;47;0;0.0;0.0
21;2021-01-01;0;0;47;0;0.0;0.0
21;2021-01-02;1;0;48;0;0.0;0.0
21;2021-01-03;1;0;49;0;0.0;0.0
21;2021-01-04;23;0;72;0;0.0;0.0
21;2021-01-05;250;2;322;2;0.1;0.0
21;2021-01-06;300;0;622;2;0.1;0.0
21;2021-01-07;389;1;1011;3;0.2;0.0
21;2021-01-08;455;2;1466;5;0.3;0.0
21;2021-01-09;252;0;1718;5;0.3;0.0
21;2021-01-10;2;1;1720;6;0.3;0.0
21;2021-01-11;624;1;2344;7;0.4;0.0
21;2021-01-12;655;0;2999;7;0.6;0.0
21;2021-01-13;706;2;3705;9;0.7;0.0
21;2021-01-14;1190;10;4895;19;0.9;0.0
21;2021-01-15;719;5;5614;24;1.1;0.0
21;2021-01-16;162;1;5776;25;1.1;0.0
21;2021-01-17;5;0;5781;25;1.1;0.0
21;2021-01-18;1318;7;7099;32;1.3;0.0
21;2021-01-19;1370;5;8469;37;1.6;0.0
21;2021-01-20;1300;49;9769;86;1.8;0.0
21;2021-01-21;1543;8;11312;94;2.1;0.0
21;2021-01-22;1246;5;12558;99;2.4;0.0
21;2021-01-23;490;1;13048;100;2.4;0.0
21;2021-01-24;124;0;13172;100;2.5;0.0
21;2021-01-25;928;20;14100;120;2.6;0.0
21;2021-01-26;1546;147;15646;267;2.9;0.1
21;2021-01-27;2061;172;17707;439;3.3;0.1
21;2021-01-28;1460;240;19167;679;3.6;0.1
21;2021-01-29;1022;212;20189;891;3.8;0.2
21;2021-01-30;470;32;20659;923;3.9;0.2
21;2021-01-31;97;3;20756;926;3.9;0.2
21;2021-02-01;453;287;21209;1213;4.0;0.2
21;2021-02-02;456;442;21665;1655;4.1;0.3
21;2021-02-03;446;284;22111;1939;4.1;0.4
21;2021-02-04;417;541;22528;2480;4.2;0.5
21;2021-02-05;489;526;23017;3006;4.3;0.6
21;2021-02-06;162;228;23179;3234;4.3;0.6
21;2021-02-07;2;2;23181;3236;4.4;0.6
21;2021-02-08;433;390;23614;3626;4.4;0.7
21;2021-02-09;516;524;24130;4150;4.5;0.8
21;2021-02-10;461;584;24591;4734;4.6;0.9
21;2021-02-11;486;750;25077;5484;4.7;1.0
21;2021-02-12;356;936;25433;6420;4.8;1.2
21;2021-02-13;365;325;25798;6745;4.8;1.3
21;2021-02-14;239;149;26037;6894;4.9;1.3
21;2021-02-15;120;1406;26157;8300;4.9;1.6
21;2021-02-16;207;1567;26364;9867;4.9;1.9
21;2021-02-17;404;1989;26768;11856;5.0;2.2
21;2021-02-18;604;1353;27372;13209;5.1;2.5
21;2021-02-19;218;1136;27590;14345;5.2;2.7
21;2021-02-20;121;425;27711;14770;5.2;2.8
21;2021-02-21;1;83;27712;14853;5.2;2.8
21;2021-02-22;84;773;27796;15626;5.2;2.9
21;2021-02-23;169;1039;27965;16665;5.2;3.1
21;2021-02-24;226;745;28191;17410;5.3;3.3
21;2021-02-25;647;831;28838;18241;5.4;3.4
21;2021-02-26;926;720;29764;18961;5.6;3.6
21;2021-02-27;532;300;30296;19261;5.7;3.6
21;2021-02-28;24;133;30320;19394;5.7;3.6
21;2021-03-01;680;630;31000;20024;5.8;3.8
21;2021-03-02;1055;556;32055;20580;6.0;3.9
21;2021-03-03;1169;449;33224;21029;6.2;3.9
21;2021-03-04;1689;522;34913;21551;6.6;4.0
21;2021-03-05;2196;668;37109;22219;7.0;4.2
21;2021-03-06;1595;202;38704;22421;7.3;4.2
21;2021-03-07;4;16;38708;22437;7.3;4.2
21;2021-03-08;773;449;39481;22886;7.4;4.3
21;2021-03-09;1572;577;41053;23463;7.7;4.4
21;2021-03-10;1627;565;42680;24028;8.0;4.5
21;2021-03-11;2197;705;44877;24733;8.4;4.6
21;2021-03-12;2904;442;47781;25175;9.0;4.7
21;2021-03-13;1932;190;49713;25365;9.3;4.8
21;2021-03-14;38;48;49751;25413;9.3;4.8
21;2021-03-15;1416;87;51167;25500;9.6;4.8
21;2021-03-16;1883;159;53050;25659;10.0;4.8
21;2021-03-17;1810;119;54860;25778;10.3;4.8
21;2021-03-18;2128;272;56988;26050;10.7;4.9
21;2021-03-19;1964;151;58952;26201;11.1;4.9
21;2021-03-20;1228;39;60180;26240;11.3;4.9
21;2021-03-21;2;0;60182;26240;11.3;4.9
21;2021-03-22;1556;93;61738;26333;11.6;4.9
21;2021-03-23;2696;109;64434;26442;12.1;5.0
21;2021-03-24;2896;165;67330;26607;12.6;5.0
21;2021-03-25;3731;249;71061;26856;13.3;5.0
21;2021-03-26;3655;207;74716;27063;14.0;5.1
21;2021-03-27;1732;62;76448;27125;14.3;5.1
21;2021-03-28;200;38;76648;27163;14.4;5.1
21;2021-03-29;1788;522;78436;27685;14.7;5.2
21;2021-03-30;2347;810;80783;28495;15.2;5.3
21;2021-03-31;2718;656;83501;29151;15.7;5.5
21;2021-04-01;2694;725;86195;29876;16.2;5.6
21;2021-04-02;2249;749;88444;30625;16.6;5.7
21;2021-04-03;1018;282;89462;30907;16.8;5.8
21;2021-04-04;2;12;89464;30919;16.8;5.8
21;2021-04-05;9;0;89473;30919;16.8;5.8
21;2021-04-06;1359;1140;90832;32059;17.0;6.0
21;2021-04-07;1750;970;92582;33029;17.4;6.2
21;2021-04-08;3217;1151;95799;34180;18.0;6.4
21;2021-04-09;3482;1190;99281;35370;18.6;6.6
21;2021-04-10;1376;750;100657;36120;18.9;6.8
21;2021-04-11;145;4;100802;36124;18.9;6.8
21;2021-04-12;1118;1348;101920;37472;19.1;7.0
21;2021-04-13;1655;1787;103575;39259;19.4;7.4
21;2021-04-14;1485;1475;105060;40734;19.7;7.6
21;2021-04-15;1899;1594;106959;42328;20.1;7.9
21;2021-04-16;2322;1316;109281;43644;20.5;8.2
21;2021-04-17;1020;977;110301;44621;20.7;8.4
21;2021-04-18;15;4;110316;44625;20.7;8.4
21;2021-04-19;1110;1323;111426;45948;20.9;8.6
21;2021-04-20;1245;1837;112671;47785;21.1;9.0
21;2021-04-21;1096;1723;113767;49508;21.3;9.3
21;2021-04-22;1275;2219;115042;51727;21.6;9.7
21;2021-04-23;1984;1732;117026;53459;22.0;10.0
21;2021-04-24;1002;874;118028;54333;22.1;10.2
21;2021-04-25;9;169;118037;54502;22.2;10.2
21;2021-04-26;1013;1598;119050;56100;22.3;10.5
21;2021-04-27;1843;1943;120893;58043;22.7;10.9
21;2021-04-28;2231;2231;123124;60274;23.1;11.3
21;2021-04-29;3135;2272;126259;62546;23.7;11.7
21;2021-04-30;3563;1866;129822;64412;24.4;12.1
21;2021-05-01;962;227;130784;64639;24.5;12.1
21;2021-05-02;2;5;130786;64644;24.5;12.1
21;2021-05-03;2081;1351;132867;65995;24.9;12.4
21;2021-05-04;2577;1651;135444;67646;25.4;12.7
21;2021-05-05;2247;1692;137691;69338;25.8;13.0
21;2021-05-06;3015;2251;140706;71589;26.4;13.4
21;2021-05-07;2805;2181;143511;73770;26.9;13.8
21;2021-05-08;1067;272;144578;74042;27.1;13.9
21;2021-05-09;26;177;144604;74219;27.1;13.9
21;2021-05-10;3169;1730;147773;75949;27.7;14.3
21;2021-05-11;4923;2006;152696;77955;28.7;14.6
21;2021-05-12;4805;1750;157501;79705;29.6;15.0
21;2021-05-13;3845;369;161346;80074;30.3;15.0
21;2021-05-14;5197;1472;166543;81546;31.3;15.3
21;2021-05-15;3428;647;169971;82193;31.9;15.4
21;2021-05-16;49;4;170020;82197;31.9;15.4
21;2021-05-17;4128;1259;174148;83456;32.7;15.7
21;2021-05-18;4360;1504;178508;84960;33.5;15.9
21;2021-05-19;3470;1128;181978;86088;34.1;16.2
21;2021-05-20;3898;1361;185876;87449;34.9;16.4
21;2021-05-21;3628;2157;189504;89606;35.6;16.8
21;2021-05-22;1669;771;191173;90377;35.9;17.0
21;2021-05-23;4;17;191177;90394;35.9;17.0
21;2021-05-24;1815;266;192992;90660;36.2;17.0
21;2021-05-25;2648;1963;195640;92623;36.7;17.4
21;2021-05-26;2604;2000;198244;94623;37.2;17.8
21;2021-05-27;4014;2099;202258;96722;38.0;18.2
21;2021-05-28;3572;2822;205830;99544;38.6;18.7
21;2021-05-29;1932;1469;207762;101013;39.0;19.0
21;2021-05-30;98;13;207860;101026;39.0;19.0
21;2021-05-31;2501;1781;210361;102807;39.5;19.3
21;2021-06-01;3449;2254;213810;105061;40.1;19.7
21;2021-06-02;2617;1761;216427;106822;40.6;20.0
21;2021-06-03;3146;2077;219573;108899;41.2;20.4
21;2021-06-04;3286;2591;222859;111490;41.8;20.9
21;2021-06-05;2921;1653;225780;113143;42.4;21.2
21;2021-06-06;51;85;225831;113228;42.4;21.2
21;2021-06-07;4314;1347;230145;114575;43.2;21.5
21;2021-06-08;4935;2146;235080;116721;44.1;21.9
21;2021-06-09;4500;1631;239580;118352;45.0;22.2
21;2021-06-10;3933;2596;243513;120948;45.7;22.7
21;2021-06-11;4164;3109;247677;124057;46.5;23.3
21;2021-06-12;2199;1608;249876;125665;46.9;23.6
21;2021-06-13;29;11;249905;125676;46.9;23.6
21;2021-06-14;2198;2565;252103;128241;47.3;24.1
21;2021-06-15;2958;3092;255061;131333;47.9;24.6
21;2021-06-16;2850;2612;257911;133945;48.4;25.1
21;2021-06-17;3422;3042;261333;136987;49.0;25.7
21;2021-06-18;2424;3802;263757;140789;49.5;26.4
21;2021-06-19;2045;1865;265802;142654;49.9;26.8
21;2021-06-20;26;13;265828;142667;49.9;26.8
21;2021-06-21;1840;3407;267668;146074;50.2;27.4
21;2021-06-22;1885;5829;269553;151903;50.6;28.5
21;2021-06-23;2030;5011;271583;156914;51.0;29.4
21;2021-06-24;2367;4666;273950;161580;51.4;30.3
21;2021-06-25;1530;5895;275480;167475;51.7;31.4
21;2021-06-26;1441;3899;276921;171374;52.0;32.2
21;2021-06-27;18;125;276939;171499;52.0;32.2
21;2021-06-28;1397;4017;278336;175516;52.2;32.9
21;2021-06-29;1633;4174;279969;179690;52.5;33.7
21;2021-06-30;1568;3372;281537;183062;52.8;34.4
21;2021-07-01;1663;4147;283200;187209;53.1;35.1
21;2021-07-02;2179;4231;285379;191440;53.6;35.9
21;2021-07-03;1096;2101;286475;193541;53.8;36.3
21;2021-07-04;37;55;286512;193596;53.8;36.3
21;2021-07-05;1611;3628;288123;197224;54.1;37.0
21;2021-07-06;1349;3583;289472;200807;54.3;37.7
21;2021-07-07;1455;3240;290927;204047;54.6;38.3
21;2021-07-08;1884;4160;292811;208207;54.9;39.1
21;2021-07-09;2081;4350;294892;212557;55.3;39.9
21;2021-07-10;1089;2547;295981;215104;55.5;40.4
21;2021-07-11;21;74;296002;215178;55.5;40.4
21;2021-07-12;1656;3727;297658;218905;55.9;41.1
21;2021-07-13;2343;4889;300001;223794;56.3;42.0
21;2021-07-14;2874;2017;302875;225811;56.8;42.4
21;2021-07-15;3814;4551;306689;230362;57.6;43.2
21;2021-07-16;3889;5254;310578;235616;58.3;44.2
21;2021-07-17;2775;4170;313353;239786;58.8;45.0
21;2021-07-18;157;82;313510;239868;58.8;45.0
21;2021-07-19;2375;4624;315885;244492;59.3;45.9
21;2021-07-20;2760;5487;318645;249979;59.8;46.9
21;2021-07-21;2908;4787;321553;254766;60.3;47.8
21;2021-07-22;3026;4721;324579;259487;60.9;48.7
21;2021-07-23;4352;4896;328931;264383;61.7;49.6
21;2021-07-24;3034;3021;331965;267404;62.3;50.2
21;2021-07-25;68;40;332033;267444;62.3;50.2
21;2021-07-26;2663;3590;334696;271034;62.8;50.9
21;2021-07-27;3412;3772;338108;274806;63.4;51.6
21;2021-07-28;3574;3354;341682;278160;64.1;52.2
21;2021-07-29;4135;3366;345817;281526;64.9;52.8
21;2021-07-30;4622;3353;350439;284879;65.8;53.5
21;2021-07-31;3427;2378;353866;287257;66.4;53.9
21;2021-08-01;331;57;354197;287314;66.5;53.9
21;2021-08-02;2541;3168;356738;290482;66.9;54.5
21;2021-08-03;2624;2761;359362;293243;67.4;55.0
21;2021-08-04;2364;2487;361726;295730;67.9;55.5
21;2021-08-05;2219;3078;363945;298808;68.3;56.1
21;2021-08-06;2591;3312;366536;302120;68.8;56.7
21;2021-08-07;1905;2660;368441;304780;69.1;57.2
21;2021-08-08;75;70;368516;304850;69.2;57.2
21;2021-08-09;1651;2930;370167;307780;69.5;57.8
21;2021-08-10;1413;2715;371580;310495;69.7;58.3
21;2021-08-11;1666;2446;373246;312941;70.0;58.7
21;2021-08-12;1176;2419;374422;315360;70.3;59.2
21;2021-08-13;1524;2747;375946;318107;70.5;59.7
21;2021-08-14;860;2435;376806;320542;70.7;60.2
21;2021-08-15;51;64;376857;320606;70.7;60.2
21;2021-08-16;1400;2823;378257;323429;71.0;60.7
21;2021-08-17;1205;2775;379462;326204;71.2;61.2
21;2021-08-18;1029;2872;380491;329076;71.4;61.8
21;2021-08-19;957;3068;381448;332144;71.6;62.3
21;2021-08-20;1064;4192;382512;336336;71.8;63.1
21;2021-08-21;844;3143;383356;339479;71.9;63.7
21;2021-08-22;35;117;383391;339596;71.9;63.7
21;2021-08-23;938;3220;384329;342816;72.1;64.3
21;2021-08-24;987;2877;385316;345693;72.3;64.9
21;2021-08-25;870;2551;386186;348244;72.5;65.4
21;2021-08-26;728;2427;386914;350671;72.6;65.8
21;2021-08-27;1034;3398;387948;354069;72.8;66.4
21;2021-08-28;711;2757;388659;356826;72.9;67.0
21;2021-08-29;48;215;388707;357041;72.9;67.0
21;2021-08-30;790;2214;389497;359255;73.1;67.4
21;2021-08-31;944;1989;390441;361244;73.3;67.8
21;2021-09-01;625;1613;391066;362857;73.4;68.1
21;2021-09-02;549;1213;391615;364070;73.5;68.3
21;2021-09-03;787;1714;392402;365784;73.6;68.6
21;2021-09-04;752;1445;393154;367229;73.8;68.9
21;2021-09-05;69;79;393223;367308;73.8;68.9
21;2021-09-06;410;1243;393633;368551;73.9;69.2
21;2021-09-07;392;1033;394025;369584;73.9;69.4
21;2021-09-08;554;1285;394579;370869;74.0;69.6
21;2021-09-09;400;933;394979;371802;74.1;69.8
21;2021-09-10;669;1390;395648;373192;74.2;70.0
21;2021-09-11;473;1300;396121;374492;74.3;70.3
21;2021-09-12;20;34;396141;374526;74.3;70.3
21;2021-09-13;254;702;396395;375228;74.4;70.4
21;2021-09-14;474;955;396869;376183;74.5;70.6
21;2021-09-15;486;905;397355;377088;74.6;70.8
21;2021-09-16;342;759;397697;377847;74.6;70.9
21;2021-09-17;556;1057;398253;378904;74.7;71.1
21;2021-09-18;327;1007;398580;379911;74.8;71.3
21;2021-09-19;5;21;398585;379932;74.8;71.3
21;2021-09-20;253;620;398838;380552;74.8;71.4
21;2021-09-21;373;664;399211;381216;74.9;71.5
21;2021-09-22;335;905;399546;382121;75.0;71.7
21;2021-09-23;273;522;399819;382643;75.0;71.8
21;2021-09-24;359;806;400178;383449;75.1;72.0
21;2021-09-25;215;866;400393;384315;75.1;72.1
21;2021-09-26;6;21;400399;384336;75.1;72.1
21;2021-09-27;243;447;400642;384783;75.2;72.2
21;2021-09-28;210;489;400852;385272;75.2;72.3
21;2021-09-29;245;535;401097;385807;75.3;72.4
21;2021-09-30;290;404;401387;386211;75.3;72.5
21;2021-10-01;362;833;401749;387044;75.4;72.6
21;2021-10-02;223;574;401972;387618;75.4;72.7
21;2021-10-03;6;22;401978;387640;75.4;72.7
21;2021-10-04;196;330;402174;387970;75.5;72.8
21;2021-10-05;153;461;402327;388431;75.5;72.9
21;2021-10-06;240;508;402567;388939;75.5;73.0
21;2021-10-07;140;334;402707;389273;75.6;73.0
21;2021-10-08;384;737;403091;390010;75.6;73.2
21;2021-10-09;249;441;403340;390451;75.7;73.3
21;2021-10-10;4;14;403344;390465;75.7;73.3
21;2021-10-11;132;313;403476;390778;75.7;73.3
21;2021-10-12;158;439;403634;391217;75.7;73.4
22;2020-12-27;0;0;0;0;0.0;0.0
22;2020-12-28;0;0;0;0;0.0;0.0
22;2020-12-29;0;0;0;0;0.0;0.0
22;2020-12-30;0;0;0;0;0.0;0.0
22;2020-12-31;0;0;0;0;0.0;0.0
22;2021-01-01;0;0;0;0;0.0;0.0
22;2021-01-02;2;0;2;0;0.0;0.0
22;2021-01-03;0;0;2;0;0.0;0.0
22;2021-01-04;5;0;7;0;0.0;0.0
22;2021-01-05;61;0;68;0;0.0;0.0
22;2021-01-06;114;1;182;1;0.0;0.0
22;2021-01-07;67;0;249;1;0.0;0.0
22;2021-01-08;174;0;423;1;0.1;0.0
22;2021-01-09;1;0;424;1;0.1;0.0
22;2021-01-10;0;0;424;1;0.1;0.0
22;2021-01-11;234;3;658;4;0.1;0.0
22;2021-01-12;627;0;1285;4;0.2;0.0
22;2021-01-13;677;1;1962;5;0.3;0.0
22;2021-01-14;718;8;2680;13;0.4;0.0
22;2021-01-15;529;2;3209;15;0.5;0.0
22;2021-01-16;96;0;3305;15;0.6;0.0
22;2021-01-17;1;0;3306;15;0.6;0.0
22;2021-01-18;312;2;3618;17;0.6;0.0
22;2021-01-19;686;1;4304;18;0.7;0.0
22;2021-01-20;598;1;4902;19;0.8;0.0
22;2021-01-21;947;2;5849;21;1.0;0.0
22;2021-01-22;840;2;6689;23;1.1;0.0
22;2021-01-23;219;0;6908;23;1.2;0.0
22;2021-01-24;2;0;6910;23;1.2;0.0
22;2021-01-25;751;11;7661;34;1.3;0.0
22;2021-01-26;1018;59;8679;93;1.5;0.0
22;2021-01-27;3858;118;12537;211;2.1;0.0
22;2021-01-28;4511;89;17048;300;2.9;0.1
22;2021-01-29;1898;130;18946;430;3.2;0.1
22;2021-01-30;289;0;19235;430;3.2;0.1
22;2021-01-31;3;0;19238;430;3.2;0.1
22;2021-02-01;642;81;19880;511;3.3;0.1
22;2021-02-02;903;436;20783;947;3.5;0.2
22;2021-02-03;691;503;21474;1450;3.6;0.2
22;2021-02-04;964;639;22438;2089;3.8;0.4
22;2021-02-05;723;565;23161;2654;3.9;0.4
22;2021-02-06;256;2;23417;2656;3.9;0.4
22;2021-02-07;0;0;23417;2656;3.9;0.4
22;2021-02-08;531;134;23948;2790;4.0;0.5
22;2021-02-09;614;347;24562;3137;4.1;0.5
22;2021-02-10;425;201;24987;3338;4.2;0.6
22;2021-02-11;1085;325;26072;3663;4.4;0.6
22;2021-02-12;595;329;26667;3992;4.5;0.7
22;2021-02-13;319;78;26986;4070;4.5;0.7
22;2021-02-14;0;5;26986;4075;4.5;0.7
22;2021-02-15;672;430;27658;4505;4.6;0.8
22;2021-02-16;1042;702;28700;5207;4.8;0.9
22;2021-02-17;1203;2457;29903;7664;5.0;1.3
22;2021-02-18;2147;3009;32050;10673;5.4;1.8
22;2021-02-19;1637;1947;33687;12620;5.7;2.1
22;2021-02-20;480;214;34167;12834;5.7;2.2
22;2021-02-21;7;49;34174;12883;5.7;2.2
22;2021-02-22;401;718;34575;13601;5.8;2.3
22;2021-02-23;665;934;35240;14535;5.9;2.4
22;2021-02-24;695;947;35935;15482;6.0;2.6
22;2021-02-25;1200;1202;37135;16684;6.2;2.8
22;2021-02-26;1066;710;38201;17394;6.4;2.9
22;2021-02-27;564;285;38765;17679;6.5;3.0
22;2021-02-28;16;8;38781;17687;6.5;3.0
22;2021-03-01;960;524;39741;18211;6.7;3.1
22;2021-03-02;1208;879;40949;19090;6.9;3.2
22;2021-03-03;1325;864;42274;19954;7.1;3.3
22;2021-03-04;1602;935;43876;20889;7.4;3.5
22;2021-03-05;2109;808;45985;21697;7.7;3.6
22;2021-03-06;1114;302;47099;21999;7.9;3.7
22;2021-03-07;219;1;47318;22000;7.9;3.7
22;2021-03-08;1291;662;48609;22662;8.2;3.8
22;2021-03-09;1824;756;50433;23418;8.5;3.9
22;2021-03-10;1988;1006;52421;24424;8.8;4.1
22;2021-03-11;2375;1661;54796;26085;9.2;4.4
22;2021-03-12;3101;968;57897;27053;9.7;4.5
22;2021-03-13;1722;296;59619;27349;10.0;4.6
22;2021-03-14;245;25;59864;27374;10.0;4.6
22;2021-03-15;1620;570;61484;27944;10.3;4.7
22;2021-03-16;1603;858;63087;28802;10.6;4.8
22;2021-03-17;2651;708;65738;29510;11.0;4.9
22;2021-03-18;2553;1109;68291;30619;11.5;5.1
22;2021-03-19;3281;803;71572;31422;12.0;5.3
22;2021-03-20;2208;288;73780;31710;12.4;5.3
22;2021-03-21;16;0;73796;31710;12.4;5.3
22;2021-03-22;2363;367;76159;32077;12.8;5.4
22;2021-03-23;3142;787;79301;32864;13.3;5.5
22;2021-03-24;3485;692;82786;33556;13.9;5.6
22;2021-03-25;3961;610;86747;34166;14.6;5.7
22;2021-03-26;4003;491;90750;34657;15.2;5.8
22;2021-03-27;2092;183;92842;34840;15.6;5.8
22;2021-03-28;67;1;92909;34841;15.6;5.8
22;2021-03-29;2765;914;95674;35755;16.0;6.0
22;2021-03-30;3567;1159;99241;36914;16.6;6.2
22;2021-03-31;3673;1091;102914;38005;17.3;6.4
22;2021-04-01;4943;1135;107857;39140;18.1;6.6
22;2021-04-02;4391;1042;112248;40182;18.8;6.7
22;2021-04-03;1998;404;114246;40586;19.2;6.8
22;2021-04-04;37;0;114283;40586;19.2;6.8
22;2021-04-05;15;0;114298;40586;19.2;6.8
22;2021-04-06;3289;1143;117587;41729;19.7;7.0
22;2021-04-07;3429;1376;121016;43105;20.3;7.2
22;2021-04-08;4446;1327;125462;44432;21.0;7.5
22;2021-04-09;5183;1368;130645;45800;21.9;7.7
22;2021-04-10;2447;371;133092;46171;22.3;7.7
22;2021-04-11;485;10;133577;46181;22.4;7.7
22;2021-04-12;2988;1013;136565;47194;22.9;7.9
22;2021-04-13;3318;1520;139883;48714;23.5;8.2
22;2021-04-14;3166;2492;143049;51206;24.0;8.6
22;2021-04-15;3599;2437;146648;53643;24.6;9.0
22;2021-04-16;3633;2494;150281;56137;25.2;9.4
22;2021-04-17;1920;1794;152201;57931;25.5;9.7
22;2021-04-18;17;0;152218;57931;25.5;9.7
22;2021-04-19;3022;2151;155240;60082;26.0;10.1
22;2021-04-20;3310;2799;158550;62881;26.6;10.5
22;2021-04-21;3223;2741;161773;65622;27.1;11.0
22;2021-04-22;3593;3139;165366;68761;27.7;11.5
22;2021-04-23;3727;3177;169093;71938;28.4;12.1
22;2021-04-24;2005;1967;171098;73905;28.7;12.4
22;2021-04-25;17;0;171115;73905;28.7;12.4
22;2021-04-26;3213;2858;174328;76763;29.2;12.9
22;2021-04-27;3371;3146;177699;79909;29.8;13.4
22;2021-04-28;3488;3159;181187;83068;30.4;13.9
22;2021-04-29;4080;3277;185267;86345;31.1;14.5
22;2021-04-30;3905;3229;189172;89574;31.7;15.0
22;2021-05-01;60;69;189232;89643;31.7;15.0
22;2021-05-02;1237;59;190469;89702;31.9;15.0
22;2021-05-03;2029;2714;192498;92416;32.3;15.5
22;2021-05-04;2155;2899;194653;95315;32.6;16.0
22;2021-05-05;2049;3006;196702;98321;33.0;16.5
22;2021-05-06;2508;3498;199210;101819;33.4;17.1
22;2021-05-07;2829;3408;202039;105227;33.9;17.7
22;2021-05-08;45;121;202084;105348;33.9;17.7
22;2021-05-09;602;438;202686;105786;34.0;17.7
22;2021-05-10;4473;2733;207159;108519;34.7;18.2
22;2021-05-11;5106;2903;212265;111422;35.6;18.7
22;2021-05-12;6599;1025;218864;112447;36.7;18.9
22;2021-05-13;528;35;219392;112482;36.8;18.9
22;2021-05-14;6407;1089;225799;113571;37.9;19.0
22;2021-05-15;3988;429;229787;114000;38.5;19.1
22;2021-05-16;419;37;230206;114037;38.6;19.1
22;2021-05-17;5668;521;235874;114558;39.6;19.2
22;2021-05-18;6011;955;241885;115513;40.6;19.4
22;2021-05-19;6131;711;248016;116224;41.6;19.5
22;2021-05-20;6587;1375;254603;117599;42.7;19.7
22;2021-05-21;5899;1455;260502;119054;43.7;20.0
22;2021-05-22;4093;772;264595;119826;44.4;20.1
22;2021-05-23;407;17;265002;119843;44.4;20.1
22;2021-05-24;5315;226;270317;120069;45.3;20.1
22;2021-05-25;5638;1180;275955;121249;46.3;20.3
22;2021-05-26;4226;2811;280181;124060;47.0;20.8
22;2021-05-27;4504;3841;284685;127901;47.8;21.5
22;2021-05-28;4384;4436;289069;132337;48.5;22.2
22;2021-05-29;3046;1771;292115;134108;49.0;22.5
22;2021-05-30;19;7;292134;134115;49.0;22.5
22;2021-05-31;3653;3155;295787;137270;49.6;23.0
22;2021-06-01;3520;3690;299307;140960;50.2;23.6
22;2021-06-02;3085;3387;302392;144347;50.7;24.2
22;2021-06-03;3196;4099;305588;148446;51.3;24.9
22;2021-06-04;3371;4540;308959;152986;51.8;25.7
22;2021-06-05;3543;2027;312502;155013;52.4;26.0
22;2021-06-06;214;30;312716;155043;52.5;26.0
22;2021-06-07;3042;3256;315758;158299;53.0;26.6
22;2021-06-08;2798;3530;318556;161829;53.4;27.1
22;2021-06-09;2543;3506;321099;165335;53.9;27.7
22;2021-06-10;2516;4249;323615;169584;54.3;28.4
22;2021-06-11;2551;4227;326166;173811;54.7;29.2
22;2021-06-12;2411;1454;328577;175265;55.1;29.4
22;2021-06-13;134;1093;328711;176358;55.1;29.6
22;2021-06-14;2644;2470;331355;178828;55.6;30.0
22;2021-06-15;3095;2996;334450;181824;56.1;30.5
22;2021-06-16;3008;2812;337458;184636;56.6;31.0
22;2021-06-17;2560;3182;340018;187818;57.0;31.5
22;2021-06-18;3102;4116;343120;191934;57.6;32.2
22;2021-06-19;2984;1455;346104;193389;58.1;32.4
22;2021-06-20;157;8;346261;193397;58.1;32.4
22;2021-06-21;1783;5021;348044;198418;58.4;33.3
22;2021-06-22;2403;5554;350447;203972;58.8;34.2
22;2021-06-23;1285;6203;351732;210175;59.0;35.3
22;2021-06-24;2578;3912;354310;214087;59.4;35.9
22;2021-06-25;1568;6812;355878;220899;59.7;37.1
22;2021-06-26;783;3853;356661;224752;59.8;37.7
22;2021-06-27;4;511;356665;225263;59.8;37.8
22;2021-06-28;1051;5586;357716;230849;60.0;38.7
22;2021-06-29;1375;5954;359091;236803;60.2;39.7
22;2021-06-30;1129;5738;360220;242541;60.4;40.7
22;2021-07-01;1383;6037;361603;248578;60.7;41.7
22;2021-07-02;1708;6094;363311;254672;60.9;42.7
22;2021-07-03;1009;3819;364320;258491;61.1;43.4
22;2021-07-04;149;365;364469;258856;61.1;43.4
22;2021-07-05;1598;5804;366067;264660;61.4;44.4
22;2021-07-06;2312;5992;368379;270652;61.8;45.4
22;2021-07-07;2292;4933;370671;275585;62.2;46.2
22;2021-07-08;2503;5097;373174;280682;62.6;47.1
22;2021-07-09;2496;5386;375670;286068;63.0;48.0
22;2021-07-10;1808;3359;377478;289427;63.3;48.5
22;2021-07-11;484;75;377962;289502;63.4;48.6
22;2021-07-12;2334;4733;380296;294235;63.8;49.4
22;2021-07-13;3782;5055;384078;299290;64.4;50.2
22;2021-07-14;700;2490;384778;301780;64.5;50.6
22;2021-07-15;3871;4622;388649;306402;65.2;51.4
22;2021-07-16;3835;5293;392484;311695;65.8;52.3
22;2021-07-17;2558;3411;395042;315106;66.3;52.9
22;2021-07-18;570;88;395612;315194;66.4;52.9
22;2021-07-19;2773;4104;398385;319298;66.8;53.6
22;2021-07-20;3923;4133;402308;323431;67.5;54.3
22;2021-07-21;3999;3420;406307;326851;68.2;54.8
22;2021-07-22;4861;3707;411168;330558;69.0;55.4
22;2021-07-23;4452;4220;415620;334778;69.7;56.2
22;2021-07-24;2260;2616;417880;337394;70.1;56.6
22;2021-07-25;118;150;417998;337544;70.1;56.6
22;2021-07-26;3021;3921;421019;341465;70.6;57.3
22;2021-07-27;3728;4918;424747;346383;71.2;58.1
22;2021-07-28;3705;3662;428452;350045;71.9;58.7
22;2021-07-29;4294;3780;432746;353825;72.6;59.3
22;2021-07-30;4038;3978;436784;357803;73.3;60.0
22;2021-07-31;2402;2806;439186;360609;73.7;60.5
22;2021-08-01;118;150;439304;360759;73.7;60.5
22;2021-08-02;4670;2552;443974;363311;74.5;60.9
22;2021-08-03;4787;3427;448761;366738;75.3;61.5
22;2021-08-04;5774;2499;454535;369237;76.2;61.9
22;2021-08-05;4128;3804;458663;373041;76.9;62.6
22;2021-08-06;3654;3811;462317;376852;77.5;63.2
22;2021-08-07;2355;2269;464672;379121;77.9;63.6
22;2021-08-08;427;71;465099;379192;78.0;63.6
22;2021-08-09;2722;2708;467821;381900;78.5;64.1
22;2021-08-10;2735;3513;470556;385413;78.9;64.6
22;2021-08-11;2428;3114;472984;388527;79.3;65.2
22;2021-08-12;2215;3478;475199;392005;79.7;65.8
22;2021-08-13;1938;2972;477137;394977;80.0;66.3
22;2021-08-14;1342;1911;478479;396888;80.3;66.6
22;2021-08-15;87;199;478566;397087;80.3;66.6
22;2021-08-16;1470;3178;480036;400265;80.5;67.1
22;2021-08-17;1757;3459;481793;403724;80.8;67.7
22;2021-08-18;1406;3302;483199;407026;81.0;68.3
22;2021-08-19;1350;3609;484549;410635;81.3;68.9
22;2021-08-20;1462;3605;486011;414240;81.5;69.5
22;2021-08-21;814;2261;486825;416501;81.7;69.9
22;2021-08-22;151;308;486976;416809;81.7;69.9
22;2021-08-23;1967;3609;488943;420418;82.0;70.5
22;2021-08-24;1432;3246;490375;423664;82.3;71.1
22;2021-08-25;844;2507;491219;426171;82.4;71.5
22;2021-08-26;1055;4294;492274;430465;82.6;72.2
22;2021-08-27;1326;4602;493600;435067;82.8;73.0
22;2021-08-28;737;2517;494337;437584;82.9;73.4
22;2021-08-29;35;26;494372;437610;82.9;73.4
22;2021-08-30;925;2926;495297;440536;83.1;73.9
22;2021-08-31;968;3740;496265;444276;83.2;74.5
22;2021-09-01;971;3252;497236;447528;83.4;75.1
22;2021-09-02;839;2833;498075;450361;83.5;75.5
22;2021-09-03;943;2767;499018;453128;83.7;76.0
22;2021-09-04;783;2606;499801;455734;83.8;76.4
22;2021-09-05;97;28;499898;455762;83.8;76.4
22;2021-09-06;491;1862;500389;457624;83.9;76.8
22;2021-09-07;515;2014;500904;459638;84.0;77.1
22;2021-09-08;634;1879;501538;461517;84.1;77.4
22;2021-09-09;679;1924;502217;463441;84.2;77.7
22;2021-09-10;706;2122;502923;465563;84.4;78.1
22;2021-09-11;585;1693;503508;467256;84.5;78.4
22;2021-09-12;31;81;503539;467337;84.5;78.4
22;2021-09-13;486;2097;504025;469434;84.5;78.7
22;2021-09-14;592;1572;504617;471006;84.6;79.0
22;2021-09-15;462;1703;505079;472709;84.7;79.3
22;2021-09-16;551;1042;505630;473751;84.8;79.5
22;2021-09-17;626;1631;506256;475382;84.9;79.7
22;2021-09-18;283;2161;506539;477543;85.0;80.1
22;2021-09-19;1;8;506540;477551;85.0;80.1
22;2021-09-20;363;709;506903;478260;85.0;80.2
22;2021-09-21;363;956;507266;479216;85.1;80.4
22;2021-09-22;298;1160;507564;480376;85.1;80.6
22;2021-09-23;405;720;507969;481096;85.2;80.7
22;2021-09-24;362;1099;508331;482195;85.3;80.9
22;2021-09-25;219;1386;508550;483581;85.3;81.1
22;2021-09-26;12;70;508562;483651;85.3;81.1
22;2021-09-27;336;744;508898;484395;85.4;81.2
22;2021-09-28;203;576;509101;484971;85.4;81.3
22;2021-09-29;232;887;509333;485858;85.4;81.5
22;2021-09-30;271;740;509604;486598;85.5;81.6
22;2021-10-01;278;777;509882;487375;85.5;81.7
22;2021-10-02;332;915;510214;488290;85.6;81.9
22;2021-10-03;0;0;510214;488290;85.6;81.9
22;2021-10-04;118;426;510332;488716;85.6;82.0
22;2021-10-05;220;644;510552;489360;85.6;82.1
22;2021-10-06;225;369;510777;489729;85.7;82.1
22;2021-10-07;243;688;511020;490417;85.7;82.3
22;2021-10-08;319;775;511339;491192;85.8;82.4
22;2021-10-09;239;461;511578;491653;85.8;82.5
22;2021-10-10;4;8;511582;491661;85.8;82.5
22;2021-10-11;130;260;511712;491921;85.8;82.5
22;2021-10-12;82;151;511794;492072;85.8;82.5
23;2020-12-27;0;0;0;0;0.0;0.0
23;2020-12-28;2;0;2;0;0.0;0.0
23;2020-12-29;0;0;2;0;0.0;0.0
23;2020-12-30;0;0;2;0;0.0;0.0
23;2020-12-31;0;0;2;0;0.0;0.0
23;2021-01-01;0;0;2;0;0.0;0.0
23;2021-01-02;1;0;3;0;0.0;0.0
23;2021-01-03;1;1;4;1;0.0;0.0
23;2021-01-04;1;0;5;1;0.0;0.0
23;2021-01-05;3;0;8;1;0.0;0.0
23;2021-01-06;10;0;18;1;0.0;0.0
23;2021-01-07;116;1;134;2;0.1;0.0
23;2021-01-08;117;0;251;2;0.2;0.0
23;2021-01-09;36;0;287;2;0.2;0.0
23;2021-01-10;1;0;288;2;0.2;0.0
23;2021-01-11;176;2;464;4;0.4;0.0
23;2021-01-12;237;6;701;10;0.6;0.0
23;2021-01-13;310;0;1011;10;0.9;0.0
23;2021-01-14;293;5;1304;15;1.1;0.0
23;2021-01-15;334;5;1638;20;1.4;0.0
23;2021-01-16;163;1;1801;21;1.5;0.0
23;2021-01-17;0;0;1801;21;1.5;0.0
23;2021-01-18;342;3;2143;24;1.8;0.0
23;2021-01-19;498;2;2641;26;2.3;0.0
23;2021-01-20;363;1;3004;27;2.6;0.0
23;2021-01-21;700;1;3704;28;3.2;0.0
23;2021-01-22;481;0;4185;28;3.6;0.0
23;2021-01-23;368;1;4553;29;3.9;0.0
23;2021-01-24;0;0;4553;29;3.9;0.0
23;2021-01-25;382;17;4935;46;4.2;0.0
23;2021-01-26;301;5;5236;51;4.5;0.0
23;2021-01-27;227;3;5463;54;4.7;0.0
23;2021-01-28;232;45;5695;99;4.9;0.1
23;2021-01-29;304;104;5999;203;5.2;0.2
23;2021-01-30;100;28;6099;231;5.2;0.2
23;2021-01-31;2;33;6101;264;5.2;0.2
23;2021-02-01;148;105;6249;369;5.4;0.3
23;2021-02-02;157;123;6406;492;5.5;0.4
23;2021-02-03;105;207;6511;699;5.6;0.6
23;2021-02-04;77;263;6588;962;5.7;0.8
23;2021-02-05;117;312;6705;1274;5.8;1.1
23;2021-02-06;14;167;6719;1441;5.8;1.2
23;2021-02-07;1;0;6720;1441;5.8;1.2
23;2021-02-08;123;216;6843;1657;5.9;1.4
23;2021-02-09;89;298;6932;1955;6.0;1.7
23;2021-02-10;92;281;7024;2236;6.0;1.9
23;2021-02-11;246;588;7270;2824;6.3;2.4
23;2021-02-12;174;284;7444;3108;6.4;2.7
23;2021-02-13;8;191;7452;3299;6.4;2.8
23;2021-02-14;8;0;7460;3299;6.4;2.8
23;2021-02-15;157;366;7617;3665;6.6;3.2
23;2021-02-16;103;439;7720;4104;6.6;3.5
23;2021-02-17;65;490;7785;4594;6.7;4.0
23;2021-02-18;142;368;7927;4962;6.8;4.3
23;2021-02-19;109;254;8036;5216;6.9;4.5
23;2021-02-20;2;93;8038;5309;6.9;4.6
23;2021-02-21;0;0;8038;5309;6.9;4.6
23;2021-02-22;104;212;8142;5521;7.0;4.7
23;2021-02-23;108;218;8250;5739;7.1;4.9
23;2021-02-24;176;168;8426;5907;7.2;5.1
23;2021-02-25;184;110;8610;6017;7.4;5.2
23;2021-02-26;287;168;8897;6185;7.7;5.3
23;2021-02-27;112;11;9009;6196;7.7;5.3
23;2021-02-28;1;31;9010;6227;7.7;5.4
23;2021-03-01;88;201;9098;6428;7.8;5.5
23;2021-03-02;229;132;9327;6560;8.0;5.6
23;2021-03-03;133;90;9460;6650;8.1;5.7
23;2021-03-04;307;138;9767;6788;8.4;5.8
23;2021-03-05;517;111;10284;6899;8.8;5.9
23;2021-03-06;495;7;10779;6906;9.3;5.9
23;2021-03-07;313;3;11092;6909;9.5;5.9
23;2021-03-08;198;73;11290;6982;9.7;6.0
23;2021-03-09;421;103;11711;7085;10.1;6.1
23;2021-03-10;349;39;12060;7124;10.4;6.1
23;2021-03-11;324;48;12384;7172;10.7;6.2
23;2021-03-12;621;35;13005;7207;11.2;6.2
23;2021-03-13;288;12;13293;7219;11.4;6.2
23;2021-03-14;47;34;13340;7253;11.5;6.2
23;2021-03-15;220;125;13560;7378;11.7;6.3
23;2021-03-16;192;91;13752;7469;11.8;6.4
23;2021-03-17;131;101;13883;7570;11.9;6.5
23;2021-03-18;192;99;14075;7669;12.1;6.6
23;2021-03-19;208;123;14283;7792;12.3;6.7
23;2021-03-20;631;37;14914;7829;12.8;6.7
23;2021-03-21;128;0;15042;7829;12.9;6.7
23;2021-03-22;274;157;15316;7986;13.2;6.9
23;2021-03-23;504;104;15820;8090;13.6;7.0
23;2021-03-24;422;124;16242;8214;14.0;7.1
23;2021-03-25;821;190;17063;8404;14.7;7.2
23;2021-03-26;735;195;17798;8599;15.3;7.4
23;2021-03-27;507;50;18305;8649;15.7;7.4
23;2021-03-28;3;9;18308;8658;15.7;7.4
23;2021-03-29;358;111;18666;8769;16.1;7.5
23;2021-03-30;537;178;19203;8947;16.5;7.7
23;2021-03-31;411;175;19614;9122;16.9;7.8
23;2021-04-01;600;175;20214;9297;17.4;8.0
23;2021-04-02;498;299;20712;9596;17.8;8.3
23;2021-04-03;715;44;21427;9640;18.4;8.3
23;2021-04-04;4;0;21431;9640;18.4;8.3
23;2021-04-05;2;3;21433;9643;18.4;8.3
23;2021-04-06;382;293;21815;9936;18.8;8.5
23;2021-04-07;706;310;22521;10246;19.4;8.8
23;2021-04-08;805;239;23326;10485;20.1;9.0
23;2021-04-09;940;370;24266;10855;20.9;9.3
23;2021-04-10;1097;111;25363;10966;21.8;9.4
23;2021-04-11;21;2;25384;10968;21.8;9.4
23;2021-04-12;692;236;26076;11204;22.4;9.6
23;2021-04-13;670;303;26746;11507;23.0;9.9
23;2021-04-14;586;178;27332;11685;23.5;10.0
23;2021-04-15;929;186;28261;11871;24.3;10.2
23;2021-04-16;905;218;29166;12089;25.1;10.4
23;2021-04-17;996;555;30162;12644;25.9;10.9
23;2021-04-18;3;136;30165;12780;25.9;11.0
23;2021-04-19;613;297;30778;13077;26.5;11.2
23;2021-04-20;720;297;31498;13374;27.1;11.5
23;2021-04-21;733;397;32231;13771;27.7;11.8
23;2021-04-22;655;474;32886;14245;28.3;12.3
23;2021-04-23;596;347;33482;14592;28.8;12.6
23;2021-04-24;855;450;34337;15042;29.5;12.9
23;2021-04-25;0;0;34337;15042;29.5;12.9
23;2021-04-26;615;255;34952;15297;30.1;13.2
23;2021-04-27;675;429;35627;15726;30.6;13.5
23;2021-04-28;628;277;36255;16003;31.2;13.8
23;2021-04-29;883;379;37138;16382;31.9;14.1
23;2021-04-30;719;787;37857;17169;32.6;14.8
23;2021-05-01;1229;44;39086;17213;33.6;14.8
23;2021-05-02;14;0;39100;17213;33.6;14.8
23;2021-05-03;430;522;39530;17735;34.0;15.3
23;2021-05-04;617;513;40147;18248;34.5;15.7
23;2021-05-05;540;715;40687;18963;35.0;16.3
23;2021-05-06;728;702;41415;19665;35.6;16.9
23;2021-05-07;685;645;42100;20310;36.2;17.5
23;2021-05-08;1411;589;43511;20899;37.4;18.0
23;2021-05-09;4;1;43515;20900;37.4;18.0
23;2021-05-10;555;656;44070;21556;37.9;18.5
23;2021-05-11;560;765;44630;22321;38.4;19.2
23;2021-05-12;720;662;45350;22983;39.0;19.8
23;2021-05-13;538;56;45888;23039;39.5;19.8
23;2021-05-14;787;458;46675;23497;40.1;20.2
23;2021-05-15;995;235;47670;23732;41.0;20.4
23;2021-05-16;0;0;47670;23732;41.0;20.4
23;2021-05-17;566;448;48236;24180;41.5;20.8
23;2021-05-18;777;292;49013;24472;42.2;21.0
23;2021-05-19;1051;259;50064;24731;43.1;21.3
23;2021-05-20;838;314;50902;25045;43.8;21.5
23;2021-05-21;1108;311;52010;25356;44.7;21.8
23;2021-05-22;740;125;52750;25481;45.4;21.9
23;2021-05-23;3;20;52753;25501;45.4;21.9
23;2021-05-24;363;166;53116;25667;45.7;22.1
23;2021-05-25;908;336;54024;26003;46.5;22.4
23;2021-05-26;1077;227;55101;26230;47.4;22.6
23;2021-05-27;931;437;56032;26667;48.2;22.9
23;2021-05-28;781;744;56813;27411;48.9;23.6
23;2021-05-29;638;1102;57451;28513;49.4;24.5
23;2021-05-30;6;63;57457;28576;49.4;24.6
23;2021-05-31;433;541;57890;29117;49.8;25.0
23;2021-06-01;582;827;58472;29944;50.3;25.8
23;2021-06-02;624;520;59096;30464;50.8;26.2
23;2021-06-03;708;552;59804;31016;51.4;26.7
23;2021-06-04;778;614;60582;31630;52.1;27.2
23;2021-06-05;543;777;61125;32407;52.6;27.9
23;2021-06-06;0;0;61125;32407;52.6;27.9
23;2021-06-07;393;697;61518;33104;52.9;28.5
23;2021-06-08;323;776;61841;33880;53.2;29.1
23;2021-06-09;287;648;62128;34528;53.4;29.7
23;2021-06-10;374;692;62502;35220;53.8;30.3
23;2021-06-11;384;808;62886;36028;54.1;31.0
23;2021-06-12;376;1265;63262;37293;54.4;32.1
23;2021-06-13;13;5;63275;37298;54.4;32.1
23;2021-06-14;236;589;63511;37887;54.6;32.6
23;2021-06-15;229;861;63740;38748;54.8;33.3
23;2021-06-16;362;579;64102;39327;55.1;33.8
23;2021-06-17;339;810;64441;40137;55.4;34.5
23;2021-06-18;356;767;64797;40904;55.7;35.2
23;2021-06-19;493;1523;65290;42427;56.2;36.5
23;2021-06-20;2;11;65292;42438;56.2;36.5
23;2021-06-21;205;620;65497;43058;56.3;37.0
23;2021-06-22;216;687;65713;43745;56.5;37.6
23;2021-06-23;221;750;65934;44495;56.7;38.3
23;2021-06-24;200;606;66134;45101;56.9;38.8
23;2021-06-25;302;816;66436;45917;57.1;39.5
23;2021-06-26;221;999;66657;46916;57.3;40.4
23;2021-06-27;3;0;66660;46916;57.3;40.4
23;2021-06-28;115;690;66775;47606;57.4;40.9
23;2021-06-29;189;823;66964;48429;57.6;41.7
23;2021-06-30;169;944;67133;49373;57.7;42.5
23;2021-07-01;168;870;67301;50243;57.9;43.2
23;2021-07-02;192;1069;67493;51312;58.0;44.1
23;2021-07-03;250;979;67743;52291;58.3;45.0
23;2021-07-04;1;0;67744;52291;58.3;45.0
23;2021-07-05;160;804;67904;53095;58.4;45.7
23;2021-07-06;215;1043;68119;54138;58.6;46.6
23;2021-07-07;211;853;68330;54991;58.8;47.3
23;2021-07-08;254;740;68584;55731;59.0;47.9
23;2021-07-09;275;1012;68859;56743;59.2;48.8
23;2021-07-10;234;644;69093;57387;59.4;49.4
23;2021-07-11;0;0;69093;57387;59.4;49.4
23;2021-07-12;232;702;69325;58089;59.6;50.0
23;2021-07-13;471;917;69796;59006;60.0;50.7
23;2021-07-14;212;320;70008;59326;60.2;51.0
23;2021-07-15;483;810;70491;60136;60.6;51.7
23;2021-07-16;764;568;71255;60704;61.3;52.2
23;2021-07-17;220;478;71475;61182;61.5;52.6
23;2021-07-18;0;1;71475;61183;61.5;52.6
23;2021-07-19;704;630;72179;61813;62.1;53.2
23;2021-07-20;633;569;72812;62382;62.6;53.7
23;2021-07-21;702;636;73514;63018;63.2;54.2
23;2021-07-22;945;439;74459;63457;64.0;54.6
23;2021-07-23;840;508;75299;63965;64.8;55.0
23;2021-07-24;1013;439;76312;64404;65.6;55.4
23;2021-07-25;13;16;76325;64420;65.6;55.4
23;2021-07-26;788;563;77113;64983;66.3;55.9
23;2021-07-27;928;436;78041;65419;67.1;56.3
23;2021-07-28;877;411;78918;65830;67.9;56.6
23;2021-07-29;1049;400;79967;66230;68.8;57.0
23;2021-07-30;947;521;80914;66751;69.6;57.4
23;2021-07-31;1165;306;82079;67057;70.6;57.7
23;2021-08-01;19;8;82098;67065;70.6;57.7
23;2021-08-02;674;506;82772;67571;71.2;58.1
23;2021-08-03;768;458;83540;68029;71.9;58.5
23;2021-08-04;613;298;84153;68327;72.4;58.8
23;2021-08-05;692;365;84845;68692;73.0;59.1
23;2021-08-06;421;482;85266;69174;73.3;59.5
23;2021-08-07;299;188;85565;69362;73.6;59.7
23;2021-08-08;146;38;85711;69400;73.7;59.7
23;2021-08-09;492;492;86203;69892;74.1;60.1
23;2021-08-10;467;608;86670;70500;74.5;60.6
23;2021-08-11;428;487;87098;70987;74.9;61.1
23;2021-08-12;514;567;87612;71554;75.4;61.5
23;2021-08-13;420;578;88032;72132;75.7;62.0
23;2021-08-14;287;390;88319;72522;76.0;62.4
23;2021-08-15;27;9;88346;72531;76.0;62.4
23;2021-08-16;276;710;88622;73241;76.2;63.0
23;2021-08-17;277;732;88899;73973;76.5;63.6
23;2021-08-18;180;637;89079;74610;76.6;64.2
23;2021-08-19;257;726;89336;75336;76.8;64.8
23;2021-08-20;215;682;89551;76018;77.0;65.4
23;2021-08-21;140;500;89691;76518;77.1;65.8
23;2021-08-22;54;48;89745;76566;77.2;65.9
23;2021-08-23;149;816;89894;77382;77.3;66.6
23;2021-08-24;265;911;90159;78293;77.5;67.3
23;2021-08-25;187;791;90346;79084;77.7;68.0
23;2021-08-26;220;744;90566;79828;77.9;68.7
23;2021-08-27;213;639;90779;80467;78.1;69.2
23;2021-08-28;222;454;91001;80921;78.3;69.6
23;2021-08-29;15;88;91016;81009;78.3;69.7
23;2021-08-30;187;651;91203;81660;78.4;70.2
23;2021-08-31;229;663;91432;82323;78.6;70.8
23;2021-09-01;160;391;91592;82714;78.8;71.1
23;2021-09-02;119;306;91711;83020;78.9;71.4
23;2021-09-03;210;508;91921;83528;79.1;71.8
23;2021-09-04;178;793;92099;84321;79.2;72.5
23;2021-09-05;5;4;92104;84325;79.2;72.5
23;2021-09-06;133;379;92237;84704;79.3;72.9
23;2021-09-07;98;343;92335;85047;79.4;73.1
23;2021-09-08;121;357;92456;85404;79.5;73.5
23;2021-09-09;117;306;92573;85710;79.6;73.7
23;2021-09-10;150;312;92723;86022;79.7;74.0
23;2021-09-11;102;202;92825;86224;79.8;74.2
23;2021-09-12;5;7;92830;86231;79.8;74.2
23;2021-09-13;113;323;92943;86554;79.9;74.4
23;2021-09-14;113;288;93056;86842;80.0;74.7
23;2021-09-15;97;242;93153;87084;80.1;74.9
23;2021-09-16;127;153;93280;87237;80.2;75.0
23;2021-09-17;140;227;93420;87464;80.3;75.2
23;2021-09-18;44;224;93464;87688;80.4;75.4
23;2021-09-19;0;1;93464;87689;80.4;75.4
23;2021-09-20;59;217;93523;87906;80.4;75.6
23;2021-09-21;85;186;93608;88092;80.5;75.8
23;2021-09-22;71;260;93679;88352;80.6;76.0
23;2021-09-23;58;133;93737;88485;80.6;76.1
23;2021-09-24;64;234;93801;88719;80.7;76.3
23;2021-09-25;27;138;93828;88857;80.7;76.4
23;2021-09-26;0;1;93828;88858;80.7;76.4
23;2021-09-27;34;159;93862;89017;80.7;76.6
23;2021-09-28;34;133;93896;89150;80.8;76.7
23;2021-09-29;64;156;93960;89306;80.8;76.8
23;2021-09-30;43;64;94003;89370;80.8;76.9
23;2021-10-01;82;178;94085;89548;80.9;77.0
23;2021-10-02;22;97;94107;89645;80.9;77.1
23;2021-10-03;1;4;94108;89649;80.9;77.1
23;2021-10-04;42;93;94150;89742;81.0;77.2
23;2021-10-05;34;83;94184;89825;81.0;77.3
23;2021-10-06;56;97;94240;89922;81.1;77.3
23;2021-10-07;62;126;94302;90048;81.1;77.4
23;2021-10-08;52;191;94354;90239;81.2;77.6
23;2021-10-09;16;44;94370;90283;81.2;77.6
23;2021-10-10;0;0;94370;90283;81.2;77.6
23;2021-10-11;21;98;94391;90381;81.2;77.7
23;2021-10-12;51;85;94442;90466;81.2;77.8
24;2020-12-27;2;1;2;1;0.0;0.0
24;2020-12-28;1;0;3;1;0.0;0.0
24;2020-12-29;2;0;5;1;0.0;0.0
24;2020-12-30;1;0;6;1;0.0;0.0
24;2020-12-31;1;0;7;1;0.0;0.0
24;2021-01-01;2;1;9;2;0.0;0.0
24;2021-01-02;1;0;10;2;0.0;0.0
24;2021-01-03;1;0;11;2;0.0;0.0
24;2021-01-04;1;0;12;2;0.0;0.0
24;2021-01-05;1;0;13;2;0.0;0.0
24;2021-01-06;3;0;16;2;0.0;0.0
24;2021-01-07;190;0;206;2;0.1;0.0
24;2021-01-08;282;0;488;2;0.1;0.0
24;2021-01-09;185;13;673;15;0.2;0.0
24;2021-01-10;35;0;708;15;0.2;0.0
24;2021-01-11;269;0;977;15;0.2;0.0
24;2021-01-12;280;0;1257;15;0.3;0.0
24;2021-01-13;233;1;1490;16;0.4;0.0
24;2021-01-14;1024;31;2514;47;0.6;0.0
24;2021-01-15;607;6;3121;53;0.8;0.0
24;2021-01-16;88;0;3209;53;0.8;0.0
24;2021-01-17;2;1;3211;54;0.8;0.0
24;2021-01-18;300;1;3511;55;0.9;0.0
24;2021-01-19;467;1;3978;56;1.0;0.0
24;2021-01-20;557;3;4535;59;1.1;0.0
24;2021-01-21;646;6;5181;65;1.3;0.0
24;2021-01-22;517;1;5698;66;1.4;0.0
24;2021-01-23;154;1;5852;67;1.4;0.0
24;2021-01-24;4;1;5856;68;1.4;0.0
24;2021-01-25;443;1;6299;69;1.5;0.0
24;2021-01-26;638;65;6937;134;1.7;0.0
24;2021-01-27;1267;15;8204;149;2.0;0.0
24;2021-01-28;986;131;9190;280;2.3;0.1
24;2021-01-29;933;139;10123;419;2.5;0.1
24;2021-01-30;282;1;10405;420;2.5;0.1
24;2021-01-31;0;0;10405;420;2.5;0.1
24;2021-02-01;379;170;10784;590;2.6;0.1
24;2021-02-02;616;308;11400;898;2.8;0.2
24;2021-02-03;654;491;12054;1389;3.0;0.3
24;2021-02-04;977;392;13031;1781;3.2;0.4
24;2021-02-05;689;410;13720;2191;3.4;0.5
24;2021-02-06;141;36;13861;2227;3.4;0.5
24;2021-02-07;33;1;13894;2228;3.4;0.5
24;2021-02-08;310;237;14204;2465;3.5;0.6
24;2021-02-09;454;231;14658;2696;3.6;0.7
24;2021-02-10;378;112;15036;2808;3.7;0.7
24;2021-02-11;561;515;15597;3323;3.8;0.8
24;2021-02-12;498;390;16095;3713;3.9;0.9
24;2021-02-13;202;45;16297;3758;4.0;0.9
24;2021-02-14;89;0;16386;3758;4.0;0.9
24;2021-02-15;188;241;16574;3999;4.1;1.0
24;2021-02-16;336;520;16910;4519;4.1;1.1
24;2021-02-17;586;848;17496;5367;4.3;1.3
24;2021-02-18;446;734;17942;6101;4.4;1.5
24;2021-02-19;463;679;18405;6780;4.5;1.7
24;2021-02-20;164;140;18569;6920;4.5;1.7
24;2021-02-21;112;0;18681;6920;4.6;1.7
24;2021-02-22;427;527;19108;7447;4.7;1.8
24;2021-02-23;565;683;19673;8130;4.8;2.0
24;2021-02-24;539;831;20212;8961;4.9;2.2
24;2021-02-25;727;865;20939;9826;5.1;2.4
24;2021-02-26;978;973;21917;10799;5.4;2.6
24;2021-02-27;363;266;22280;11065;5.5;2.7
24;2021-02-28;25;4;22305;11069;5.5;2.7
24;2021-03-01;291;371;22596;11440;5.5;2.8
24;2021-03-02;541;420;23137;11860;5.7;2.9
24;2021-03-03;681;343;23818;12203;5.8;3.0
24;2021-03-04;914;506;24732;12709;6.1;3.1
24;2021-03-05;1067;570;25799;13279;6.3;3.3
24;2021-03-06;1125;145;26924;13424;6.6;3.3
24;2021-03-07;232;63;27156;13487;6.6;3.3
24;2021-03-08;529;256;27685;13743;6.8;3.4
24;2021-03-09;1175;443;28860;14186;7.1;3.5
24;2021-03-10;1142;452;30002;14638;7.3;3.6
24;2021-03-11;1610;470;31612;15108;7.7;3.7
24;2021-03-12;2059;444;33671;15552;8.2;3.8
24;2021-03-13;1348;204;35019;15756;8.6;3.9
24;2021-03-14;141;93;35160;15849;8.6;3.9
24;2021-03-15;953;172;36113;16021;8.8;3.9
24;2021-03-16;1144;234;37257;16255;9.1;4.0
24;2021-03-17;1217;292;38474;16547;9.4;4.1
24;2021-03-18;1055;561;39529;17108;9.7;4.2
24;2021-03-19;1250;543;40779;17651;10.0;4.3
24;2021-03-20;1054;150;41833;17801;10.2;4.4
24;2021-03-21;25;11;41858;17812;10.2;4.4
24;2021-03-22;1224;424;43082;18236;10.5;4.5
24;2021-03-23;1878;400;44960;18636;11.0;4.6
24;2021-03-24;1892;390;46852;19026;11.5;4.7
24;2021-03-25;1992;476;48844;19502;12.0;4.8
24;2021-03-26;2374;285;51218;19787;12.5;4.8
24;2021-03-27;1349;43;52567;19830;12.9;4.9
24;2021-03-28;63;9;52630;19839;12.9;4.9
24;2021-03-29;1673;329;54303;20168;13.3;4.9
24;2021-03-30;2410;403;56713;20571;13.9;5.0
24;2021-03-31;2187;317;58900;20888;14.4;5.1
24;2021-04-01;2195;315;61095;21203;15.0;5.2
24;2021-04-02;2072;396;63167;21599;15.5;5.3
24;2021-04-03;1376;123;64543;21722;15.8;5.3
24;2021-04-04;74;1;64617;21723;15.8;5.3
24;2021-04-05;948;61;65565;21784;16.1;5.3
24;2021-04-06;2355;704;67920;22488;16.6;5.5
24;2021-04-07;2716;696;70636;23184;17.3;5.7
24;2021-04-08;3001;965;73637;24149;18.0;5.9
24;2021-04-09;3486;1012;77123;25161;18.9;6.2
24;2021-04-10;2596;315;79719;25476;19.5;6.2
24;2021-04-11;1103;22;80822;25498;19.8;6.2
24;2021-04-12;2497;817;83319;26315;20.4;6.4
24;2021-04-13;2903;1208;86222;27523;21.1;6.7
24;2021-04-14;2939;1200;89161;28723;21.8;7.0
24;2021-04-15;2790;1104;91951;29827;22.5;7.3
24;2021-04-16;3266;977;95217;30804;23.3;7.5
24;2021-04-17;2272;503;97489;31307;23.9;7.7
24;2021-04-18;424;6;97913;31313;24.0;7.7
24;2021-04-19;1598;1013;99511;32326;24.4;7.9
24;2021-04-20;2268;1437;101779;33763;24.9;8.3
24;2021-04-21;2146;1445;103925;35208;25.4;8.6
24;2021-04-22;2061;1262;105986;36470;26.0;8.9
24;2021-04-23;1960;1340;107946;37810;26.4;9.3
24;2021-04-24;863;724;108809;38534;26.6;9.4
24;2021-04-25;54;4;108863;38538;26.7;9.4
24;2021-04-26;1295;1480;110158;40018;27.0;9.8
24;2021-04-27;1848;1881;112006;41899;27.4;10.3
24;2021-04-28;1507;1957;113513;43856;27.8;10.7
24;2021-04-29;1730;1894;115243;45750;28.2;11.2
24;2021-04-30;2271;1780;117514;47530;28.8;11.6
24;2021-05-01;2059;1072;119573;48602;29.3;11.9
24;2021-05-02;1924;217;121497;48819;29.8;12.0
24;2021-05-03;1475;1837;122972;50656;30.1;12.4
24;2021-05-04;2228;2307;125200;52963;30.7;13.0
24;2021-05-05;1891;2722;127091;55685;31.1;13.6
24;2021-05-06;1890;2800;128981;58485;31.6;14.3
24;2021-05-07;2263;2795;131244;61280;32.1;15.0
24;2021-05-08;1285;1154;132529;62434;32.5;15.3
24;2021-05-09;1169;903;133698;63337;32.7;15.5
24;2021-05-10;1097;2627;134795;65964;33.0;16.2
24;2021-05-11;2037;2798;136832;68762;33.5;16.8
24;2021-05-12;1924;2258;138756;71020;34.0;17.4
24;2021-05-13;1465;1217;140221;72237;34.3;17.7
24;2021-05-14;2378;1333;142599;73570;34.9;18.0
24;2021-05-15;2048;816;144647;74386;35.4;18.2
24;2021-05-16;1172;347;145819;74733;35.7;18.3
24;2021-05-17;2240;1255;148059;75988;36.3;18.6
24;2021-05-18;2485;1820;150544;77808;36.9;19.1
24;2021-05-19;2283;1377;152827;79185;37.4;19.4
24;2021-05-20;2376;1577;155203;80762;38.0;19.8
24;2021-05-21;2434;1415;157637;82177;38.6;20.1
24;2021-05-22;1719;409;159356;82586;39.0;20.2
24;2021-05-23;950;72;160306;82658;39.3;20.2
24;2021-05-24;1518;333;161824;82991;39.6;20.3
24;2021-05-25;2297;1386;164121;84377;40.2;20.7
24;2021-05-26;2148;1320;166269;85697;40.7;21.0
24;2021-05-27;1750;2193;168019;87890;41.1;21.5
24;2021-05-28;2144;2004;170163;89894;41.7;22.0
24;2021-05-29;1153;2084;171316;91978;41.9;22.5
24;2021-05-30;1418;171;172734;92149;42.3;22.6
24;2021-05-31;1740;1365;174474;93514;42.7;22.9
24;2021-06-01;2582;1978;177056;95492;43.4;23.4
24;2021-06-02;2654;1785;179710;97277;44.0;23.8
24;2021-06-03;2289;1464;181999;98741;44.6;24.2
24;2021-06-04;2378;1899;184377;100640;45.1;24.6
24;2021-06-05;2007;1415;186384;102055;45.6;25.0
24;2021-06-06;767;222;187151;102277;45.8;25.0
24;2021-06-07;1432;1497;188583;103774;46.2;25.4
24;2021-06-08;1677;1905;190260;105679;46.6;25.9
24;2021-06-09;1322;1596;191582;107275;46.9;26.3
24;2021-06-10;1579;1914;193161;109189;47.3;26.7
24;2021-06-11;1334;2080;194495;111269;47.6;27.2
24;2021-06-12;1117;2543;195612;113812;47.9;27.9
24;2021-06-13;1238;919;196850;114731;48.2;28.1
24;2021-06-14;1166;1857;198016;116588;48.5;28.5
24;2021-06-15;1488;2993;199504;119581;48.9;29.3
24;2021-06-16;1670;2733;201174;122314;49.3;30.0
24;2021-06-17;1544;2180;202718;124494;49.6;30.5
24;2021-06-18;1400;2861;204118;127355;50.0;31.2
24;2021-06-19;1273;1522;205391;128877;50.3;31.6
24;2021-06-20;514;501;205905;129378;50.4;31.7
24;2021-06-21;932;1833;206837;131211;50.6;32.1
24;2021-06-22;1451;2591;208288;133802;51.0;32.8
24;2021-06-23;1425;2419;209713;136221;51.4;33.4
24;2021-06-24;1137;1917;210850;138138;51.6;33.8
24;2021-06-25;968;2818;211818;140956;51.9;34.5
24;2021-06-26;866;2104;212684;143060;52.1;35.0
24;2021-06-27;402;979;213086;144039;52.2;35.3
24;2021-06-28;818;2482;213904;146521;52.4;35.9
24;2021-06-29;938;2867;214842;149388;52.6;36.6
24;2021-06-30;1111;2456;215953;151844;52.9;37.2
24;2021-07-01;1131;2303;217084;154147;53.2;37.7
24;2021-07-02;1096;2745;218180;156892;53.4;38.4
24;2021-07-03;811;1903;218991;158795;53.6;38.9
24;2021-07-04;411;1013;219402;159808;53.7;39.1
24;2021-07-05;793;2316;220195;162124;53.9;39.7
24;2021-07-06;879;3354;221074;165478;54.1;40.5
24;2021-07-07;1086;3041;222160;168519;54.4;41.3
24;2021-07-08;1339;2121;223499;170640;54.7;41.8
24;2021-07-09;1177;3216;224676;173856;55.0;42.6
24;2021-07-10;481;1964;225157;175820;55.1;43.1
24;2021-07-11;587;1190;225744;177010;55.3;43.3
24;2021-07-12;907;2516;226651;179526;55.5;44.0
24;2021-07-13;1323;3219;227974;182745;55.8;44.7
24;2021-07-14;619;1189;228593;183934;56.0;45.0
24;2021-07-15;1697;2777;230290;186711;56.4;45.7
24;2021-07-16;2149;2598;232439;189309;56.9;46.4
24;2021-07-17;1528;2239;233967;191548;57.3;46.9
24;2021-07-18;709;887;234676;192435;57.5;47.1
24;2021-07-19;1580;2187;236256;194622;57.9;47.7
24;2021-07-20;2017;2440;238273;197062;58.3;48.3
24;2021-07-21;1875;2330;240148;199392;58.8;48.8
24;2021-07-22;2351;2443;242499;201835;59.4;49.4
24;2021-07-23;2303;2623;244802;204458;59.9;50.1
24;2021-07-24;1807;1545;246609;206003;60.4;50.4
24;2021-07-25;816;875;247425;206878;60.6;50.7
24;2021-07-26;1572;2015;248997;208893;61.0;51.1
24;2021-07-27;2848;2289;251845;211182;61.7;51.7
24;2021-07-28;2765;1940;254610;213122;62.3;52.2
24;2021-07-29;3063;2240;257673;215362;63.1;52.7
24;2021-07-30;2466;1920;260139;217282;63.7;53.2
24;2021-07-31;1654;1570;261793;218852;64.1;53.6
24;2021-08-01;1117;658;262910;219510;64.4;53.7
24;2021-08-02;1946;1623;264856;221133;64.9;54.1
24;2021-08-03;2887;1908;267743;223041;65.6;54.6
24;2021-08-04;3077;1631;270820;224672;66.3;55.0
24;2021-08-05;3049;1441;273869;226113;67.1;55.4
24;2021-08-06;2537;1540;276406;227653;67.7;55.7
24;2021-08-07;1792;1120;278198;228773;68.1;56.0
24;2021-08-08;1108;687;279306;229460;68.4;56.2
24;2021-08-09;1740;1383;281046;230843;68.8;56.5
24;2021-08-10;2266;1786;283312;232629;69.4;57.0
24;2021-08-11;2279;1698;285591;234327;69.9;57.4
24;2021-08-12;1916;1956;287507;236283;70.4;57.9
24;2021-08-13;1530;1625;289037;237908;70.8;58.3
24;2021-08-14;1171;1242;290208;239150;71.1;58.6
24;2021-08-15;741;583;290949;239733;71.2;58.7
24;2021-08-16;1123;1706;292072;241439;71.5;59.1
24;2021-08-17;1632;2108;293704;243547;71.9;59.6
24;2021-08-18;1562;1925;295266;245472;72.3;60.1
24;2021-08-19;1127;2635;296393;248107;72.6;60.8
24;2021-08-20;1107;2429;297500;250536;72.8;61.3
24;2021-08-21;874;1634;298374;252170;73.1;61.7
24;2021-08-22;350;1101;298724;253271;73.1;62.0
24;2021-08-23;673;2036;299397;255307;73.3;62.5
24;2021-08-24;818;2395;300215;257702;73.5;63.1
24;2021-08-25;813;2323;301028;260025;73.7;63.7
24;2021-08-26;747;2840;301775;262865;73.9;64.4
24;2021-08-27;801;2765;302576;265630;74.1;65.0
24;2021-08-28;522;1909;303098;267539;74.2;65.5
24;2021-08-29;171;1029;303269;268568;74.3;65.8
24;2021-08-30;376;1951;303645;270519;74.4;66.2
24;2021-08-31;593;2429;304238;272948;74.5;66.8
24;2021-09-01;627;2378;304865;275326;74.6;67.4
24;2021-09-02;465;1779;305330;277105;74.8;67.9
24;2021-09-03;550;2046;305880;279151;74.9;68.4
24;2021-09-04;365;1938;306245;281089;75.0;68.8
24;2021-09-05;245;931;306490;282020;75.0;69.1
24;2021-09-06;345;1465;306835;283485;75.1;69.4
24;2021-09-07;478;1647;307313;285132;75.2;69.8
24;2021-09-08;400;1760;307713;286892;75.3;70.2
24;2021-09-09;335;1102;308048;287994;75.4;70.5
24;2021-09-10;387;1583;308435;289577;75.5;70.9
24;2021-09-11;317;1609;308752;291186;75.6;71.3
24;2021-09-12;92;374;308844;291560;75.6;71.4
24;2021-09-13;294;1014;309138;292574;75.7;71.6
24;2021-09-14;430;911;309568;293485;75.8;71.9
24;2021-09-15;412;1267;309980;294752;75.9;72.2
24;2021-09-16;249;890;310229;295642;76.0;72.4
24;2021-09-17;410;1037;310639;296679;76.1;72.6
24;2021-09-18;312;1111;310951;297790;76.1;72.9
24;2021-09-19;45;347;310996;298137;76.2;73.0
24;2021-09-20;154;577;311150;298714;76.2;73.1
24;2021-09-21;383;410;311533;299124;76.3;73.2
24;2021-09-22;226;697;311759;299821;76.3;73.4
24;2021-09-23;135;389;311894;300210;76.4;73.5
24;2021-09-24;249;812;312143;301022;76.4;73.7
24;2021-09-25;215;592;312358;301614;76.5;73.9
24;2021-09-26;32;106;312390;301720;76.5;73.9
24;2021-09-27;180;494;312570;302214;76.5;74.0
24;2021-09-28;209;328;312779;302542;76.6;74.1
24;2021-09-29;227;586;313006;303128;76.6;74.2
24;2021-09-30;253;439;313259;303567;76.7;74.3
24;2021-10-01;229;487;313488;304054;76.8;74.5
24;2021-10-02;195;483;313683;304537;76.8;74.6
24;2021-10-03;17;39;313700;304576;76.8;74.6
24;2021-10-04;112;288;313812;304864;76.8;74.6
24;2021-10-05;102;341;313914;305205;76.9;74.7
24;2021-10-06;200;439;314114;305644;76.9;74.8
24;2021-10-07;104;175;314218;305819;76.9;74.9
24;2021-10-08;186;440;314404;306259;77.0;75.0
24;2021-10-09;169;470;314573;306729;77.0;75.1
24;2021-10-10;14;31;314587;306760;77.0;75.1
24;2021-10-11;86;189;314673;306949;77.1;75.2
24;2021-10-12;127;392;314800;307341;77.1;75.3
25;2020-12-27;0;0;0;0;0.0;0.0
25;2020-12-28;1;0;1;0;0.0;0.0
25;2020-12-29;0;0;1;0;0.0;0.0
25;2020-12-30;0;0;1;0;0.0;0.0
25;2020-12-31;3;1;4;1;0.0;0.0
25;2021-01-01;0;0;4;1;0.0;0.0
25;2021-01-02;1;0;5;1;0.0;0.0
25;2021-01-03;0;0;5;1;0.0;0.0
25;2021-01-04;1;0;6;1;0.0;0.0
25;2021-01-05;1;0;7;1;0.0;0.0
25;2021-01-06;75;1;82;2;0.0;0.0
25;2021-01-07;235;1;317;3;0.1;0.0
25;2021-01-08;345;1;662;4;0.1;0.0
25;2021-01-09;102;0;764;4;0.1;0.0
25;2021-01-10;0;0;764;4;0.1;0.0
25;2021-01-11;503;6;1267;10;0.2;0.0
25;2021-01-12;682;2;1949;12;0.4;0.0
25;2021-01-13;627;11;2576;23;0.5;0.0
25;2021-01-14;896;19;3472;42;0.6;0.0
25;2021-01-15;787;9;4259;51;0.8;0.0
25;2021-01-16;206;1;4465;52;0.8;0.0
25;2021-01-17;112;0;4577;52;0.8;0.0
25;2021-01-18;1299;6;5876;58;1.1;0.0
25;2021-01-19;1416;5;7292;63;1.4;0.0
25;2021-01-20;1421;6;8713;69;1.6;0.0
25;2021-01-21;1843;4;10556;73;2.0;0.0
25;2021-01-22;1509;8;12065;81;2.2;0.0
25;2021-01-23;499;1;12564;82;2.3;0.0
25;2021-01-24;119;0;12683;82;2.4;0.0
25;2021-01-25;990;0;13673;82;2.5;0.0
25;2021-01-26;1490;42;15163;124;2.8;0.0
25;2021-01-27;1248;70;16411;194;3.0;0.0
25;2021-01-28;1090;75;17501;269;3.2;0.0
25;2021-01-29;906;234;18407;503;3.4;0.1
25;2021-01-30;293;91;18700;594;3.5;0.1
25;2021-01-31;2;0;18702;594;3.5;0.1
25;2021-02-01;613;222;19315;816;3.6;0.2
25;2021-02-02;674;415;19989;1231;3.7;0.2
25;2021-02-03;758;248;20747;1479;3.8;0.3
25;2021-02-04;716;444;21463;1923;4.0;0.4
25;2021-02-05;521;468;21984;2391;4.1;0.4
25;2021-02-06;197;156;22181;2547;4.1;0.5
25;2021-02-07;2;34;22183;2581;4.1;0.5
25;2021-02-08;612;508;22795;3089;4.2;0.6
25;2021-02-09;615;490;23410;3579;4.3;0.7
25;2021-02-10;818;503;24228;4082;4.5;0.8
25;2021-02-11;589;849;24817;4931;4.6;0.9
25;2021-02-12;413;550;25230;5481;4.7;1.0
25;2021-02-13;98;141;25328;5622;4.7;1.0
25;2021-02-14;0;0;25328;5622;4.7;1.0
25;2021-02-15;186;1033;25514;6655;4.7;1.2
25;2021-02-16;213;1454;25727;8109;4.8;1.5
25;2021-02-17;107;1336;25834;9445;4.8;1.8
25;2021-02-18;147;1428;25981;10873;4.8;2.0
25;2021-02-19;102;1269;26083;12142;4.8;2.3
25;2021-02-20;27;491;26110;12633;4.8;2.3
25;2021-02-21;1;143;26111;12776;4.8;2.4
25;2021-02-22;83;1061;26194;13837;4.9;2.6
25;2021-02-23;195;1076;26389;14913;4.9;2.8
25;2021-02-24;104;975;26493;15888;4.9;2.9
25;2021-02-25;522;1003;27015;16891;5.0;3.1
25;2021-02-26;607;981;27622;17872;5.1;3.3
25;2021-02-27;228;374;27850;18246;5.2;3.4
25;2021-02-28;6;1;27856;18247;5.2;3.4
25;2021-03-01;443;623;28299;18870;5.2;3.5
25;2021-03-02;653;833;28952;19703;5.4;3.7
25;2021-03-03;544;736;29496;20439;5.5;3.8
25;2021-03-04;1159;663;30655;21102;5.7;3.9
25;2021-03-05;1854;399;32509;21501;6.0;4.0
25;2021-03-06;1171;227;33680;21728;6.2;4.0
25;2021-03-07;9;9;33689;21737;6.2;4.0
25;2021-03-08;548;708;34237;22445;6.3;4.2
25;2021-03-09;1040;783;35277;23228;6.5;4.3
25;2021-03-10;1150;655;36427;23883;6.8;4.4
25;2021-03-11;1659;590;38086;24473;7.1;4.5
25;2021-03-12;1996;466;40082;24939;7.4;4.6
25;2021-03-13;1121;101;41203;25040;7.6;4.6
25;2021-03-14;35;0;41238;25040;7.6;4.6
25;2021-03-15;1125;148;42363;25188;7.9;4.7
25;2021-03-16;1288;127;43651;25315;8.1;4.7
25;2021-03-17;1413;144;45064;25459;8.4;4.7
25;2021-03-18;1526;86;46590;25545;8.6;4.7
25;2021-03-19;1595;132;48185;25677;8.9;4.8
25;2021-03-20;822;42;49007;25719;9.1;4.8
25;2021-03-21;24;0;49031;25719;9.1;4.8
25;2021-03-22;1486;88;50517;25807;9.4;4.8
25;2021-03-23;2161;164;52678;25971;9.8;4.8
25;2021-03-24;2418;100;55096;26071;10.2;4.8
25;2021-03-25;2837;201;57933;26272;10.7;4.9
25;2021-03-26;3160;183;61093;26455;11.3;4.9
25;2021-03-27;1112;91;62205;26546;11.5;4.9
25;2021-03-28;121;65;62326;26611;11.6;4.9
25;2021-03-29;1790;286;64116;26897;11.9;5.0
25;2021-03-30;2213;403;66329;27300;12.3;5.1
25;2021-03-31;2220;368;68549;27668;12.7;5.1
25;2021-04-01;2451;530;71000;28198;13.2;5.2
25;2021-04-02;2026;613;73026;28811;13.5;5.3
25;2021-04-03;447;110;73473;28921;13.6;5.4
25;2021-04-04;39;21;73512;28942;13.6;5.4
25;2021-04-05;145;4;73657;28946;13.7;5.4
25;2021-04-06;1937;691;75594;29637;14.0;5.5
25;2021-04-07;1878;857;77472;30494;14.4;5.7
25;2021-04-08;2435;832;79907;31326;14.8;5.8
25;2021-04-09;2597;998;82504;32324;15.3;6.0
25;2021-04-10;978;292;83482;32616;15.5;6.0
25;2021-04-11;105;28;83587;32644;15.5;6.1
25;2021-04-12;1556;968;85143;33612;15.8;6.2
25;2021-04-13;1988;1326;87131;34938;16.2;6.5
25;2021-04-14;1750;1221;88881;36159;16.5;6.7
25;2021-04-15;1997;1329;90878;37488;16.8;6.9
25;2021-04-16;2085;1009;92963;38497;17.2;7.1
25;2021-04-17;1104;417;94067;38914;17.4;7.2
25;2021-04-18;118;18;94185;38932;17.5;7.2
25;2021-04-19;1327;1246;95512;40178;17.7;7.4
25;2021-04-20;1615;1466;97127;41644;18.0;7.7
25;2021-04-21;1717;1636;98844;43280;18.3;8.0
25;2021-04-22;1855;1713;100699;44993;18.7;8.3
25;2021-04-23;1904;1771;102603;46764;19.0;8.7
25;2021-04-24;1278;705;103881;47469;19.3;8.8
25;2021-04-25;140;114;104021;47583;19.3;8.8
25;2021-04-26;1722;1686;105743;49269;19.6;9.1
25;2021-04-27;2804;1524;108547;50793;20.1;9.4
25;2021-04-28;2425;1563;110972;52356;20.6;9.7
25;2021-04-29;2648;1836;113620;54192;21.1;10.0
25;2021-04-30;3109;1581;116729;55773;21.6;10.3
25;2021-05-01;1789;333;118518;56106;22.0;10.4
25;2021-05-02;442;22;118960;56128;22.1;10.4
25;2021-05-03;2901;848;121861;56976;22.6;10.6
25;2021-05-04;2639;1884;124500;58860;23.1;10.9
25;2021-05-05;2597;1670;127097;60530;23.6;11.2
25;2021-05-06;2927;2170;130024;62700;24.1;11.6
25;2021-05-07;3063;2129;133087;64829;24.7;12.0
25;2021-05-08;1334;230;134421;65059;24.9;12.1
25;2021-05-09;244;87;134665;65146;25.0;12.1
25;2021-05-10;3129;1639;137794;66785;25.5;12.4
25;2021-05-11;3747;2042;141541;68827;26.2;12.8
25;2021-05-12;3688;1791;145229;70618;26.9;13.1
25;2021-05-13;3523;599;148752;71217;27.6;13.2
25;2021-05-14;4482;1307;153234;72524;28.4;13.4
25;2021-05-15;3282;710;156516;73234;29.0;13.6
25;2021-05-16;723;93;157239;73327;29.1;13.6
25;2021-05-17;4089;1099;161328;74426;29.9;13.8
25;2021-05-18;5205;1194;166533;75620;30.9;14.0
25;2021-05-19;5247;1135;171780;76755;31.8;14.2
25;2021-05-20;5134;1455;176914;78210;32.8;14.5
25;2021-05-21;5764;1983;182678;80193;33.9;14.9
25;2021-05-22;3174;722;185852;80915;34.5;15.0
25;2021-05-23;781;157;186633;81072;34.6;15.0
25;2021-05-24;1529;152;188162;81224;34.9;15.1
25;2021-05-25;3513;1651;191675;82875;35.5;15.4
25;2021-05-26;3974;1561;195649;84436;36.3;15.7
25;2021-05-27;4519;1897;200168;86333;37.1;16.0
25;2021-05-28;3994;2653;204162;88986;37.8;16.5
25;2021-05-29;2016;1021;206178;90007;38.2;16.7
25;2021-05-30;174;96;206352;90103;38.3;16.7
25;2021-05-31;2672;1708;209024;91811;38.7;17.0
25;2021-06-01;2729;2157;211753;93968;39.3;17.4
25;2021-06-02;2608;2251;214361;96219;39.7;17.8
25;2021-06-03;3274;2046;217635;98265;40.3;18.2
25;2021-06-04;3209;2411;220844;100676;40.9;18.7
25;2021-06-05;1491;1403;222335;102079;41.2;18.9
25;2021-06-06;987;259;223322;102338;41.4;19.0
25;2021-06-07;2782;2575;226104;104913;41.9;19.4
25;2021-06-08;2602;2761;228706;107674;42.4;20.0
25;2021-06-09;2382;2763;231088;110437;42.8;20.5
25;2021-06-10;2325;2654;233413;113091;43.3;21.0
25;2021-06-11;2709;3305;236122;116396;43.8;21.6
25;2021-06-12;1571;1861;237693;118257;44.1;21.9
25;2021-06-13;497;259;238190;118516;44.2;22.0
25;2021-06-14;1421;3753;239611;122269;44.4;22.7
25;2021-06-15;1643;3568;241254;125837;44.7;23.3
25;2021-06-16;1954;3273;243208;129110;45.1;23.9
25;2021-06-17;1474;3323;244682;132433;45.4;24.5
25;2021-06-18;2286;4297;246968;136730;45.8;25.3
25;2021-06-19;1350;1979;248318;138709;46.0;25.7
25;2021-06-20;59;239;248377;138948;46.0;25.8
25;2021-06-21;1139;4139;249516;143087;46.3;26.5
25;2021-06-22;1151;4673;250667;147760;46.5;27.4
25;2021-06-23;1404;4072;252071;151832;46.7;28.1
25;2021-06-24;1191;4085;253262;155917;46.9;28.9
25;2021-06-25;1640;5603;254902;161520;47.3;29.9
25;2021-06-26;626;3384;255528;164904;47.4;30.6
25;2021-06-27;451;877;255979;165781;47.5;30.7
25;2021-06-28;907;4476;256886;170257;47.6;31.6
25;2021-06-29;1130;5469;258016;175726;47.8;32.6
25;2021-06-30;1311;5371;259327;181097;48.1;33.6
25;2021-07-01;1706;5230;261033;186327;48.4;34.5
25;2021-07-02;1748;5061;262781;191388;48.7;35.5
25;2021-07-03;1042;2692;263823;194080;48.9;36.0
25;2021-07-04;409;722;264232;194802;49.0;36.1
25;2021-07-05;1299;2579;265531;197381;49.2;36.6
25;2021-07-06;1568;4748;267099;202129;49.5;37.5
25;2021-07-07;1597;4501;268696;206630;49.8;38.3
25;2021-07-08;1554;3932;270250;210562;50.1;39.0
25;2021-07-09;1796;4590;272046;215152;50.4;39.9
25;2021-07-10;781;2371;272827;217523;50.6;40.3
25;2021-07-11;127;307;272954;217830;50.6;40.4
25;2021-07-12;1404;3859;274358;221689;50.9;41.1
25;2021-07-13;2470;4770;276828;226459;51.3;42.0
25;2021-07-14;379;561;277207;227020;51.4;42.1
25;2021-07-15;2403;3658;279610;230678;51.8;42.8
25;2021-07-16;3485;3834;283095;234512;52.5;43.5
25;2021-07-17;2207;2040;285302;236552;52.9;43.9
25;2021-07-18;808;1300;286110;237852;53.0;44.1
25;2021-07-19;2543;4207;288653;242059;53.5;44.9
25;2021-07-20;3384;3714;292037;245773;54.1;45.6
25;2021-07-21;3300;3369;295337;249142;54.7;46.2
25;2021-07-22;3351;2985;298688;252127;55.4;46.7
25;2021-07-23;3566;3357;302254;255484;56.0;47.4
25;2021-07-24;1413;2270;303667;257754;56.3;47.8
25;2021-07-25;679;710;304346;258464;56.4;47.9
25;2021-07-26;3056;3012;307402;261476;57.0;48.5
25;2021-07-27;3835;2127;311237;263603;57.7;48.9
25;2021-07-28;3692;2120;314929;265723;58.4;49.3
25;2021-07-29;4321;2093;319250;267816;59.2;49.6
25;2021-07-30;4291;2490;323541;270306;60.0;50.1
25;2021-07-31;1821;1469;325362;271775;60.3;50.4
25;2021-08-01;1352;201;326714;271976;60.6;50.4
25;2021-08-02;2743;2214;329457;274190;61.1;50.8
25;2021-08-03;2839;2203;332296;276393;61.6;51.2
25;2021-08-04;2941;1429;335237;277822;62.1;51.5
25;2021-08-05;2206;1732;337443;279554;62.6;51.8
25;2021-08-06;2291;2349;339734;281903;63.0;52.3
25;2021-08-07;1294;1206;341028;283109;63.2;52.5
25;2021-08-08;325;477;341353;283586;63.3;52.6
25;2021-08-09;2025;2231;343378;285817;63.7;53.0
25;2021-08-10;1975;2524;345353;288341;64.0;53.5
25;2021-08-11;1831;2033;347184;290374;64.4;53.8
25;2021-08-12;2149;2503;349333;292877;64.8;54.3
25;2021-08-13;1712;2023;351045;294900;65.1;54.7
25;2021-08-14;970;1791;352015;296691;65.3;55.0
25;2021-08-15;9;45;352024;296736;65.3;55.0
25;2021-08-16;1262;3261;353286;299997;65.5;55.6
25;2021-08-17;1458;3285;354744;303282;65.8;56.2
25;2021-08-18;1236;2804;355980;306086;66.0;56.7
25;2021-08-19;987;2867;356967;308953;66.2;57.3
25;2021-08-20;1435;3694;358402;312647;66.4;58.0
25;2021-08-21;568;1782;358970;314429;66.5;58.3
25;2021-08-22;212;1273;359182;315702;66.6;58.5
25;2021-08-23;1116;3336;360298;319038;66.8;59.1
25;2021-08-24;1071;3234;361369;322272;67.0;59.7
25;2021-08-25;1018;3061;362387;325333;67.2;60.3
25;2021-08-26;1145;3007;363532;328340;67.4;60.9
25;2021-08-27;1206;3064;364738;331404;67.6;61.4
25;2021-08-28;588;1791;365326;333195;67.7;61.8
25;2021-08-29;162;513;365488;333708;67.8;61.9
25;2021-08-30;942;2787;366430;336495;67.9;62.4
25;2021-08-31;974;2304;367404;338799;68.1;62.8
25;2021-09-01;844;2221;368248;341020;68.3;63.2
25;2021-09-02;796;1666;369044;342686;68.4;63.5
25;2021-09-03;803;1887;369847;344573;68.6;63.9
25;2021-09-04;691;1358;370538;345931;68.7;64.1
25;2021-09-05;128;183;370666;346114;68.7;64.2
25;2021-09-06;632;1344;371298;347458;68.8;64.4
25;2021-09-07;490;1106;371788;348564;68.9;64.6
25;2021-09-08;623;1607;372411;350171;69.0;64.9
25;2021-09-09;426;989;372837;351160;69.1;65.1
25;2021-09-10;848;1626;373685;352786;69.3;65.4
25;2021-09-11;375;1034;374060;353820;69.3;65.6
25;2021-09-12;111;203;374171;354023;69.4;65.6
25;2021-09-13;727;962;374898;354985;69.5;65.8
25;2021-09-14;627;855;375525;355840;69.6;66.0
25;2021-09-15;759;1480;376284;357320;69.8;66.2
25;2021-09-16;501;829;376785;358149;69.8;66.4
25;2021-09-17;747;1339;377532;359488;70.0;66.6
25;2021-09-18;319;871;377851;360359;70.0;66.8
25;2021-09-19;78;166;377929;360525;70.1;66.8
25;2021-09-20;454;742;378383;361267;70.1;67.0
25;2021-09-21;205;592;378588;361859;70.2;67.1
25;2021-09-22;450;1192;379038;363051;70.3;67.3
25;2021-09-23;253;456;379291;363507;70.3;67.4
25;2021-09-24;491;1052;379782;364559;70.4;67.6
25;2021-09-25;282;896;380064;365455;70.5;67.7
25;2021-09-26;8;5;380072;365460;70.5;67.7
25;2021-09-27;293;586;380365;366046;70.5;67.9
25;2021-09-28;209;442;380574;366488;70.5;67.9
25;2021-09-29;459;822;381033;367310;70.6;68.1
25;2021-09-30;224;363;381257;367673;70.7;68.2
25;2021-10-01;425;888;381682;368561;70.8;68.3
25;2021-10-02;276;578;381958;369139;70.8;68.4
25;2021-10-03;9;6;381967;369145;70.8;68.4
25;2021-10-04;322;729;382289;369874;70.9;68.6
25;2021-10-05;115;366;382404;370240;70.9;68.6
25;2021-10-06;410;762;382814;371002;71.0;68.8
25;2021-10-07;127;278;382941;371280;71.0;68.8
25;2021-10-08;484;895;383425;372175;71.1;69.0
25;2021-10-09;293;511;383718;372686;71.1;69.1
25;2021-10-10;6;28;383724;372714;71.1;69.1
25;2021-10-11;265;595;383989;373309;71.2;69.2
25;2021-10-12;129;199;384118;373508;71.2;69.2
26;2020-12-27;0;0;0;0;0.0;0.0
26;2020-12-28;0;0;0;0;0.0;0.0
26;2020-12-29;0;0;0;0;0.0;0.0
26;2020-12-30;0;0;0;0;0.0;0.0
26;2020-12-31;0;0;0;0;0.0;0.0
26;2021-01-01;1;0;1;0;0.0;0.0
26;2021-01-02;0;0;1;0;0.0;0.0
26;2021-01-03;0;0;1;0;0.0;0.0
26;2021-01-04;0;0;1;0;0.0;0.0
26;2021-01-05;0;0;1;0;0.0;0.0
26;2021-01-06;0;0;1;0;0.0;0.0
26;2021-01-07;168;0;169;0;0.0;0.0
26;2021-01-08;126;0;295;0;0.1;0.0
26;2021-01-09;2;0;297;0;0.1;0.0
26;2021-01-10;0;0;297;0;0.1;0.0
26;2021-01-11;267;2;564;2;0.1;0.0
26;2021-01-12;177;1;741;3;0.1;0.0
26;2021-01-13;418;1;1159;4;0.2;0.0
26;2021-01-14;496;2;1655;6;0.3;0.0
26;2021-01-15;563;2;2218;8;0.4;0.0
26;2021-01-16;250;1;2468;9;0.5;0.0
26;2021-01-17;0;0;2468;9;0.5;0.0
26;2021-01-18;637;1;3105;10;0.6;0.0
26;2021-01-19;786;3;3891;13;0.7;0.0
26;2021-01-20;742;0;4633;13;0.9;0.0
26;2021-01-21;807;5;5440;18;1.0;0.0
26;2021-01-22;787;5;6227;23;1.2;0.0
26;2021-01-23;563;3;6790;26;1.3;0.0
26;2021-01-24;24;0;6814;26;1.3;0.0
26;2021-01-25;696;2;7510;28;1.4;0.0
26;2021-01-26;800;4;8310;32;1.6;0.0
26;2021-01-27;823;9;9133;41;1.8;0.0
26;2021-01-28;1332;169;10465;210;2.0;0.0
26;2021-01-29;971;67;11436;277;2.2;0.1
26;2021-01-30;606;5;12042;282;2.3;0.1
26;2021-01-31;24;0;12066;282;2.3;0.1
26;2021-02-01;708;189;12774;471;2.5;0.1
26;2021-02-02;1276;216;14050;687;2.7;0.1
26;2021-02-03;1265;279;15315;966;2.9;0.2
26;2021-02-04;985;459;16300;1425;3.1;0.3
26;2021-02-05;674;336;16974;1761;3.3;0.3
26;2021-02-06;407;238;17381;1999;3.3;0.4
26;2021-02-07;57;2;17438;2001;3.3;0.4
26;2021-02-08;545;416;17983;2417;3.5;0.5
26;2021-02-09;618;475;18601;2892;3.6;0.6
26;2021-02-10;665;341;19266;3233;3.7;0.6
26;2021-02-11;753;328;20019;3561;3.8;0.7
26;2021-02-12;591;447;20610;4008;4.0;0.8
26;2021-02-13;388;332;20998;4340;4.0;0.8
26;2021-02-14;36;0;21034;4340;4.0;0.8
26;2021-02-15;414;526;21448;4866;4.1;0.9
26;2021-02-16;294;550;21742;5416;4.2;1.0
26;2021-02-17;194;737;21936;6153;4.2;1.2
26;2021-02-18;337;890;22273;7043;4.3;1.4
26;2021-02-19;341;803;22614;7846;4.3;1.5
26;2021-02-20;95;487;22709;8333;4.4;1.6
26;2021-02-21;3;24;22712;8357;4.4;1.6
26;2021-02-22;144;707;22856;9064;4.4;1.7
26;2021-02-23;398;1002;23254;10066;4.5;1.9
26;2021-02-24;346;1225;23600;11291;4.5;2.2
26;2021-02-25;747;1073;24347;12364;4.7;2.4
26;2021-02-26;925;642;25272;13006;4.9;2.5
26;2021-02-27;278;508;25550;13514;4.9;2.6
26;2021-02-28;3;30;25553;13544;4.9;2.6
26;2021-03-01;459;661;26012;14205;5.0;2.7
26;2021-03-02;742;634;26754;14839;5.1;2.9
26;2021-03-03;733;683;27487;15522;5.3;3.0
26;2021-03-04;1045;584;28532;16106;5.5;3.1
26;2021-03-05;1710;533;30242;16639;5.8;3.2
26;2021-03-06;2773;505;33015;17144;6.3;3.3
26;2021-03-07;2989;226;36004;17370;6.9;3.3
26;2021-03-08;908;652;36912;18022;7.1;3.5
26;2021-03-09;1325;558;38237;18580;7.3;3.6
26;2021-03-10;1218;514;39455;19094;7.6;3.7
26;2021-03-11;1612;656;41067;19750;7.9;3.8
26;2021-03-12;2216;488;43283;20238;8.3;3.9
26;2021-03-13;1886;347;45169;20585;8.7;4.0
26;2021-03-14;68;38;45237;20623;8.7;4.0
26;2021-03-15;1653;252;46890;20875;9.0;4.0
26;2021-03-16;1232;520;48122;21395;9.2;4.1
26;2021-03-17;1369;307;49491;21702;9.5;4.2
26;2021-03-18;1587;285;51078;21987;9.8;4.2
26;2021-03-19;2445;354;53523;22341;10.3;4.3
26;2021-03-20;1290;152;54813;22493;10.5;4.3
26;2021-03-21;61;21;54874;22514;10.5;4.3
26;2021-03-22;1847;202;56721;22716;10.9;4.4
26;2021-03-23;2474;283;59195;22999;11.4;4.4
26;2021-03-24;2551;250;61746;23249;11.9;4.5
26;2021-03-25;3044;347;64790;23596;12.4;4.5
26;2021-03-26;3053;364;67843;23960;13.0;4.6
26;2021-03-27;1243;163;69086;24123;13.3;4.6
26;2021-03-28;94;7;69180;24130;13.3;4.6
26;2021-03-29;1908;409;71088;24539;13.7;4.7
26;2021-03-30;2384;553;73472;25092;14.1;4.8
26;2021-03-31;2229;587;75701;25679;14.5;4.9
26;2021-04-01;2279;786;77980;26465;15.0;5.1
26;2021-04-02;2213;996;80193;27461;15.4;5.3
26;2021-04-03;551;1204;80744;28665;15.5;5.5
26;2021-04-04;215;887;80959;29552;15.6;5.7
26;2021-04-05;557;52;81516;29604;15.7;5.7
26;2021-04-06;1486;833;83002;30437;15.9;5.8
26;2021-04-07;1793;900;84795;31337;16.3;6.0
26;2021-04-08;3008;942;87803;32279;16.9;6.2
26;2021-04-09;3415;1013;91218;33292;17.5;6.4
26;2021-04-10;1356;929;92574;34221;17.8;6.6
26;2021-04-11;88;35;92662;34256;17.8;6.6
26;2021-04-12;1713;1128;94375;35384;18.1;6.8
26;2021-04-13;2797;1459;97172;36843;18.7;7.1
26;2021-04-14;2204;1490;99376;38333;19.1;7.4
26;2021-04-15;2282;1602;101658;39935;19.5;7.7
26;2021-04-16;2272;1596;103930;41531;20.0;8.0
26;2021-04-17;1095;841;105025;42372;20.2;8.1
26;2021-04-18;36;52;105061;42424;20.2;8.1
26;2021-04-19;1547;1575;106608;43999;20.5;8.5
26;2021-04-20;1796;1732;108404;45731;20.8;8.8
26;2021-04-21;2012;1517;110416;47248;21.2;9.1
26;2021-04-22;2289;1606;112705;48854;21.7;9.4
26;2021-04-23;2012;1644;114717;50498;22.0;9.7
26;2021-04-24;1655;846;116372;51344;22.4;9.9
26;2021-04-25;629;97;117001;51441;22.5;9.9
26;2021-04-26;1377;1599;118378;53040;22.7;10.2
26;2021-04-27;1986;1686;120364;54726;23.1;10.5
26;2021-04-28;1865;1545;122229;56271;23.5;10.8
26;2021-04-29;2866;1898;125095;58169;24.0;11.2
26;2021-04-30;2626;1768;127721;59937;24.5;11.5
26;2021-05-01;1538;380;129259;60317;24.8;11.6
26;2021-05-02;1084;118;130343;60435;25.0;11.6
26;2021-05-03;2200;1791;132543;62226;25.5;12.0
26;2021-05-04;2614;2365;135157;64591;26.0;12.4
26;2021-05-05;2772;2202;137929;66793;26.5;12.8
26;2021-05-06;3322;2228;141251;69021;27.1;13.3
26;2021-05-07;2860;2262;144111;71283;27.7;13.7
26;2021-05-08;1960;622;146071;71905;28.1;13.8
26;2021-05-09;713;123;146784;72028;28.2;13.8
26;2021-05-10;3021;1831;149805;73859;28.8;14.2
26;2021-05-11;4445;2188;154250;76047;29.6;14.6
26;2021-05-12;4828;1696;159078;77743;30.6;14.9
26;2021-05-13;4363;617;163441;78360;31.4;15.1
26;2021-05-14;4640;1551;168081;79911;32.3;15.4
26;2021-05-15;4468;626;172549;80537;33.1;15.5
26;2021-05-16;3629;345;176178;80882;33.8;15.5
26;2021-05-17;3657;1487;179835;82369;34.5;15.8
26;2021-05-18;4474;1743;184309;84112;35.4;16.2
26;2021-05-19;4486;1450;188795;85562;36.3;16.4
26;2021-05-20;4684;1770;193479;87332;37.2;16.8
26;2021-05-21;4729;1804;198208;89136;38.1;17.1
26;2021-05-22;3189;690;201397;89826;38.7;17.3
26;2021-05-23;1597;183;202994;90009;39.0;17.3
26;2021-05-24;3788;743;206782;90752;39.7;17.4
26;2021-05-25;3591;2348;210373;93100;40.4;17.9
26;2021-05-26;4177;2272;214550;95372;41.2;18.3
26;2021-05-27;4211;2460;218761;97832;42.0;18.8
26;2021-05-28;3776;2769;222537;100601;42.7;19.3
26;2021-05-29;3087;1653;225624;102254;43.3;19.6
26;2021-05-30;320;70;225944;102324;43.4;19.7
26;2021-05-31;3082;1854;229026;104178;44.0;20.0
26;2021-06-01;3110;2309;232136;106487;44.6;20.5
26;2021-06-02;2869;2220;235005;108707;45.1;20.9
26;2021-06-03;2849;2491;237854;111198;45.7;21.4
26;2021-06-04;2667;2917;240521;114115;46.2;21.9
26;2021-06-05;1806;1694;242327;115809;46.6;22.2
26;2021-06-06;9;0;242336;115809;46.6;22.2
26;2021-06-07;2346;2431;244682;118240;47.0;22.7
26;2021-06-08;2453;2293;247135;120533;47.5;23.2
26;2021-06-09;2096;2390;249231;122923;47.9;23.6
26;2021-06-10;1980;2763;251211;125686;48.3;24.1
26;2021-06-11;1887;3272;253098;128958;48.6;24.8
26;2021-06-12;1219;1790;254317;130748;48.9;25.1
26;2021-06-13;97;214;254414;130962;48.9;25.2
26;2021-06-14;1415;3498;255829;134460;49.1;25.8
26;2021-06-15;1586;3964;257415;138424;49.4;26.6
26;2021-06-16;1784;3472;259199;141896;49.8;27.3
26;2021-06-17;1509;3167;260708;145063;50.1;27.9
26;2021-06-18;1797;4368;262505;149431;50.4;28.7
26;2021-06-19;934;3180;263439;152611;50.6;29.3
26;2021-06-20;263;876;263702;153487;50.7;29.5
26;2021-06-21;1005;4558;264707;158045;50.9;30.4
26;2021-06-22;1061;5119;265768;163164;51.1;31.3
26;2021-06-23;1168;5072;266936;168236;51.3;32.3
26;2021-06-24;1258;4544;268194;172780;51.5;33.2
26;2021-06-25;1014;5542;269208;178322;51.7;34.3
26;2021-06-26;662;3822;269870;182144;51.8;35.0
26;2021-06-27;299;1273;270169;183417;51.9;35.2
26;2021-06-28;778;4757;270947;188174;52.0;36.1
26;2021-06-29;1097;4956;272044;193130;52.3;37.1
26;2021-06-30;1411;4890;273455;198020;52.5;38.0
26;2021-07-01;1651;4389;275106;202409;52.8;38.9
26;2021-07-02;1333;5163;276439;207572;53.1;39.9
26;2021-07-03;769;3321;277208;210893;53.3;40.5
26;2021-07-04;331;633;277539;211526;53.3;40.6
26;2021-07-05;887;4673;278426;216199;53.5;41.5
26;2021-07-06;1266;4199;279692;220398;53.7;42.3
26;2021-07-07;1440;3797;281132;224195;54.0;43.1
26;2021-07-08;2387;3330;283519;227525;54.5;43.7
26;2021-07-09;1558;4789;285077;232314;54.8;44.6
26;2021-07-10;910;2913;285987;235227;54.9;45.2
26;2021-07-11;332;347;286319;235574;55.0;45.3
26;2021-07-12;1113;4218;287432;239792;55.2;46.1
26;2021-07-13;2301;4343;289733;244135;55.7;46.9
26;2021-07-14;1060;814;290793;244949;55.9;47.1
26;2021-07-15;3166;3659;293959;248608;56.5;47.8
26;2021-07-16;3000;3688;296959;252296;57.0;48.5
26;2021-07-17;1876;1814;298835;254110;57.4;48.8
26;2021-07-18;20;24;298855;254134;57.4;48.8
26;2021-07-19;2724;3265;301579;257399;57.9;49.4
26;2021-07-20;3706;3370;305285;260769;58.6;50.1
26;2021-07-21;3588;3087;308873;263856;59.3;50.7
26;2021-07-22;4119;2974;312992;266830;60.1;51.3
26;2021-07-23;3860;3402;316852;270232;60.9;51.9
26;2021-07-24;2344;1363;319196;271595;61.3;52.2
26;2021-07-25;608;97;319804;271692;61.4;52.2
26;2021-07-26;3429;2584;323233;274276;62.1;52.7
26;2021-07-27;4840;2621;328073;276897;63.0;53.2
26;2021-07-28;4534;2390;332607;279287;63.9;53.7
26;2021-07-29;3902;2900;336509;282187;64.6;54.2
26;2021-07-30;3484;2675;339993;284862;65.3;54.7
26;2021-07-31;1144;1010;341137;285872;65.5;54.9
26;2021-08-01;420;108;341557;285980;65.6;54.9
26;2021-08-02;2953;2364;344510;288344;66.2;55.4
26;2021-08-03;3299;2297;347809;290641;66.8;55.8
26;2021-08-04;3999;2016;351808;292657;67.6;56.2
26;2021-08-05;3154;2207;354962;294864;68.2;56.6
26;2021-08-06;3174;2639;358136;297503;68.8;57.2
26;2021-08-07;640;845;358776;298348;68.9;57.3
26;2021-08-08;29;13;358805;298361;68.9;57.3
26;2021-08-09;2191;3062;360996;301423;69.3;57.9
26;2021-08-10;2341;3049;363337;304472;69.8;58.5
26;2021-08-11;2078;2719;365415;307191;70.2;59.0
26;2021-08-12;1775;2586;367190;309777;70.5;59.5
26;2021-08-13;1742;2424;368932;312201;70.9;60.0
26;2021-08-14;272;872;369204;313073;70.9;60.1
26;2021-08-15;6;8;369210;313081;70.9;60.1
26;2021-08-16;1190;3291;370400;316372;71.2;60.8
26;2021-08-17;1523;3154;371923;319526;71.4;61.4
26;2021-08-18;1631;3376;373554;322902;71.8;62.0
26;2021-08-19;1552;3069;375106;325971;72.1;62.6
26;2021-08-20;1447;2980;376553;328951;72.3;63.2
26;2021-08-21;599;1090;377152;330041;72.5;63.4
26;2021-08-22;58;379;377210;330420;72.5;63.5
26;2021-08-23;1601;3621;378811;334041;72.8;64.2
26;2021-08-24;1748;3596;380559;337637;73.1;64.9
26;2021-08-25;1605;3660;382164;341297;73.4;65.6
26;2021-08-26;1494;3160;383658;344457;73.7;66.2
26;2021-08-27;1570;3607;385228;348064;74.0;66.9
26;2021-08-28;395;1104;385623;349168;74.1;67.1
26;2021-08-29;10;25;385633;349193;74.1;67.1
26;2021-08-30;1466;3385;387099;352578;74.4;67.7
26;2021-08-31;1286;3312;388385;355890;74.6;68.4
26;2021-09-01;1378;2599;389763;358489;74.9;68.9
26;2021-09-02;1116;1948;390879;360437;75.1;69.2
26;2021-09-03;1103;2520;391982;362957;75.3;69.7
26;2021-09-04;431;654;392413;363611;75.4;69.8
26;2021-09-05;25;18;392438;363629;75.4;69.9
26;2021-09-06;735;1445;393173;365074;75.5;70.1
26;2021-09-07;760;1417;393933;366491;75.7;70.4
26;2021-09-08;851;1665;394784;368156;75.8;70.7
26;2021-09-09;520;1322;395304;369478;75.9;71.0
26;2021-09-10;837;1750;396141;371228;76.1;71.3
26;2021-09-11;307;715;396448;371943;76.2;71.5
26;2021-09-12;0;5;396448;371948;76.2;71.5
26;2021-09-13;543;1292;396991;373240;76.3;71.7
26;2021-09-14;734;1280;397725;374520;76.4;71.9
26;2021-09-15;713;1831;398438;376351;76.5;72.3
26;2021-09-16;499;1007;398937;377358;76.6;72.5
26;2021-09-17;618;1732;399555;379090;76.8;72.8
26;2021-09-18;272;743;399827;379833;76.8;73.0
26;2021-09-19;3;13;399830;379846;76.8;73.0
26;2021-09-20;335;1095;400165;380941;76.9;73.2
26;2021-09-21;415;1013;400580;381954;77.0;73.4
26;2021-09-22;424;1519;401004;383473;77.0;73.7
26;2021-09-23;360;780;401364;384253;77.1;73.8
26;2021-09-24;442;1431;401806;385684;77.2;74.1
26;2021-09-25;180;598;401986;386282;77.2;74.2
26;2021-09-26;2;19;401988;386301;77.2;74.2
26;2021-09-27;312;811;402300;387112;77.3;74.4
26;2021-09-28;245;610;402545;387722;77.3;74.5
26;2021-09-29;385;1010;402930;388732;77.4;74.7
26;2021-09-30;226;517;403156;389249;77.4;74.8
26;2021-10-01;446;999;403602;390248;77.5;75.0
26;2021-10-02;189;340;403791;390588;77.6;75.0
26;2021-10-03;5;4;403796;390592;77.6;75.0
26;2021-10-04;320;631;404116;391223;77.6;75.2
26;2021-10-05;153;503;404269;391726;77.7;75.3
26;2021-10-06;385;798;404654;392524;77.7;75.4
26;2021-10-07;166;399;404820;392923;77.8;75.5
26;2021-10-08;376;843;405196;393766;77.8;75.6
26;2021-10-09;205;317;405401;394083;77.9;75.7
26;2021-10-10;1;17;405402;394100;77.9;75.7
26;2021-10-11;262;525;405664;394625;77.9;75.8
26;2021-10-12;170;327;405834;394952;78.0;75.9
27;2020-12-27;2;0;2;0;0.0;0.0
27;2020-12-28;1;0;3;0;0.0;0.0
27;2020-12-29;2;0;5;0;0.0;0.0
27;2020-12-30;0;0;5;0;0.0;0.0
27;2020-12-31;0;0;5;0;0.0;0.0
27;2021-01-01;0;0;5;0;0.0;0.0
27;2021-01-02;0;0;5;0;0.0;0.0
27;2021-01-03;2;0;7;0;0.0;0.0
27;2021-01-04;0;0;7;0;0.0;0.0
27;2021-01-05;15;0;22;0;0.0;0.0
27;2021-01-06;161;0;183;0;0.0;0.0
27;2021-01-07;373;1;556;1;0.1;0.0
27;2021-01-08;443;2;999;3;0.2;0.0
27;2021-01-09;72;1;1071;4;0.2;0.0
27;2021-01-10;100;0;1171;4;0.2;0.0
27;2021-01-11;383;0;1554;4;0.3;0.0
27;2021-01-12;409;2;1963;6;0.3;0.0
27;2021-01-13;840;3;2803;9;0.5;0.0
27;2021-01-14;1629;32;4432;41;0.7;0.0
27;2021-01-15;1224;6;5656;47;0.9;0.0
27;2021-01-16;332;2;5988;49;1.0;0.0
27;2021-01-17;205;0;6193;49;1.0;0.0
27;2021-01-18;800;3;6993;52;1.2;0.0
27;2021-01-19;772;3;7765;55;1.3;0.0
27;2021-01-20;871;1;8636;56;1.4;0.0
27;2021-01-21;654;4;9290;60;1.5;0.0
27;2021-01-22;778;5;10068;65;1.7;0.0
27;2021-01-23;350;0;10418;65;1.7;0.0
27;2021-01-24;169;6;10587;71;1.8;0.0
27;2021-01-25;635;15;11222;86;1.9;0.0
27;2021-01-26;462;17;11684;103;1.9;0.0
27;2021-01-27;506;104;12190;207;2.0;0.0
27;2021-01-28;517;294;12707;501;2.1;0.1
27;2021-01-29;509;108;13216;609;2.2;0.1
27;2021-01-30;242;29;13458;638;2.2;0.1
27;2021-01-31;27;24;13485;662;2.2;0.1
27;2021-02-01;348;194;13833;856;2.3;0.1
27;2021-02-02;308;280;14141;1136;2.4;0.2
27;2021-02-03;487;400;14628;1536;2.4;0.3
27;2021-02-04;717;884;15345;2420;2.6;0.4
27;2021-02-05;664;1141;16009;3561;2.7;0.6
27;2021-02-06;126;220;16135;3781;2.7;0.6
27;2021-02-07;25;42;16160;3823;2.7;0.6
27;2021-02-08;312;378;16472;4201;2.7;0.7
27;2021-02-09;341;554;16813;4755;2.8;0.8
27;2021-02-10;305;521;17118;5276;2.8;0.9
27;2021-02-11;318;453;17436;5729;2.9;1.0
27;2021-02-12;230;542;17666;6271;2.9;1.0
27;2021-02-13;151;133;17817;6404;3.0;1.1
27;2021-02-14;6;92;17823;6496;3.0;1.1
27;2021-02-15;389;598;18212;7094;3.0;1.2
27;2021-02-16;296;733;18508;7827;3.1;1.3
27;2021-02-17;247;635;18755;8462;3.1;1.4
27;2021-02-18;363;681;19118;9143;3.2;1.5
27;2021-02-19;218;689;19336;9832;3.2;1.6
27;2021-02-20;129;250;19465;10082;3.2;1.7
27;2021-02-21;12;136;19477;10218;3.2;1.7
27;2021-02-22;482;566;19959;10784;3.3;1.8
27;2021-02-23;496;622;20455;11406;3.4;1.9
27;2021-02-24;543;648;20998;12054;3.5;2.0
27;2021-02-25;848;759;21846;12813;3.6;2.1
27;2021-02-26;955;693;22801;13506;3.8;2.2
27;2021-02-27;408;162;23209;13668;3.9;2.3
27;2021-02-28;174;30;23383;13698;3.9;2.3
27;2021-03-01;488;442;23871;14140;4.0;2.4
27;2021-03-02;765;371;24636;14511;4.1;2.4
27;2021-03-03;853;363;25489;14874;4.2;2.5
27;2021-03-04;886;237;26375;15111;4.4;2.5
27;2021-03-05;1304;242;27679;15353;4.6;2.6
27;2021-03-06;1639;110;29318;15463;4.9;2.6
27;2021-03-07;620;18;29938;15481;5.0;2.6
27;2021-03-08;1204;304;31142;15785;5.2;2.6
27;2021-03-09;1828;270;32970;16055;5.5;2.7
27;2021-03-10;2115;352;35085;16407;5.8;2.7
27;2021-03-11;2162;233;37247;16640;6.2;2.8
27;2021-03-12;2817;204;40064;16844;6.7;2.8
27;2021-03-13;1919;129;41983;16973;7.0;2.8
27;2021-03-14;655;16;42638;16989;7.1;2.8
27;2021-03-15;1559;218;44197;17207;7.4;2.9
27;2021-03-16;1489;242;45686;17449;7.6;2.9
27;2021-03-17;1856;375;47542;17824;7.9;3.0
27;2021-03-18;1687;349;49229;18173;8.2;3.0
27;2021-03-19;1835;177;51064;18350;8.5;3.1
27;2021-03-20;905;43;51969;18393;8.7;3.1
27;2021-03-21;258;3;52227;18396;8.7;3.1
27;2021-03-22;1235;548;53462;18944;8.9;3.2
27;2021-03-23;1627;460;55089;19404;9.2;3.2
27;2021-03-24;1523;480;56612;19884;9.4;3.3
27;2021-03-25;2165;521;58777;20405;9.8;3.4
27;2021-03-26;2531;446;61308;20851;10.2;3.5
27;2021-03-27;1568;202;62876;21053;10.5;3.5
27;2021-03-28;1149;50;64025;21103;10.7;3.5
27;2021-03-29;1375;835;65400;21938;10.9;3.7
27;2021-03-30;1391;850;66791;22788;11.1;3.8
27;2021-03-31;1485;877;68276;23665;11.4;3.9
27;2021-04-01;1956;815;70232;24480;11.7;4.1
27;2021-04-02;1999;1187;72231;25667;12.0;4.3
27;2021-04-03;1563;741;73794;26408;12.3;4.4
27;2021-04-04;979;176;74773;26584;12.4;4.4
27;2021-04-05;283;7;75056;26591;12.5;4.4
27;2021-04-06;1413;1804;76469;28395;12.7;4.7
27;2021-04-07;1322;1746;77791;30141;13.0;5.0
27;2021-04-08;1685;1685;79476;31826;13.2;5.3
27;2021-04-09;2944;1569;82420;33395;13.7;5.6
27;2021-04-10;2033;988;84453;34383;14.1;5.7
27;2021-04-11;946;212;85399;34595;14.2;5.8
27;2021-04-12;2434;1518;87833;36113;14.6;6.0
27;2021-04-13;2393;1549;90226;37662;15.0;6.3
27;2021-04-14;2085;1632;92311;39294;15.4;6.5
27;2021-04-15;1874;1662;94185;40956;15.7;6.8
27;2021-04-16;2751;1118;96936;42074;16.1;7.0
27;2021-04-17;2168;498;99104;42572;16.5;7.1
27;2021-04-18;452;18;99556;42590;16.6;7.1
27;2021-04-19;1712;1175;101268;43765;16.9;7.3
27;2021-04-20;2388;1310;103656;45075;17.3;7.5
27;2021-04-21;2210;1083;105866;46158;17.6;7.7
27;2021-04-22;2180;1423;108046;47581;18.0;7.9
27;2021-04-23;2446;1183;110492;48764;18.4;8.1
27;2021-04-24;3260;1151;113752;49915;18.9;8.3
27;2021-04-25;1130;1052;114882;50967;19.1;8.5
27;2021-04-26;1925;1148;116807;52115;19.4;8.7
27;2021-04-27;2528;1094;119335;53209;19.9;8.9
27;2021-04-28;2395;1320;121730;54529;20.3;9.1
27;2021-04-29;2491;1476;124221;56005;20.7;9.3
27;2021-04-30;2371;1616;126592;57621;21.1;9.6
27;2021-05-01;2638;892;129230;58513;21.5;9.7
27;2021-05-02;1952;901;131182;59414;21.8;9.9
27;2021-05-03;3064;882;134246;60296;22.3;10.0
27;2021-05-04;2782;1652;137028;61948;22.8;10.3
27;2021-05-05;2816;1653;139844;63601;23.3;10.6
27;2021-05-06;3184;1298;143028;64899;23.8;10.8
27;2021-05-07;3322;2003;146350;66902;24.4;11.1
27;2021-05-08;2805;1332;149155;68234;24.8;11.4
27;2021-05-09;1698;298;150853;68532;25.1;11.4
27;2021-05-10;2950;2272;153803;70804;25.6;11.8
27;2021-05-11;3358;1759;157161;72563;26.2;12.1
27;2021-05-12;3464;1729;160625;74292;26.7;12.4
27;2021-05-13;1892;255;162517;74547;27.1;12.4
27;2021-05-14;3884;1790;166401;76337;27.7;12.7
27;2021-05-15;6601;953;173002;77290;28.8;12.9
27;2021-05-16;3668;438;176670;77728;29.4;12.9
27;2021-05-17;2774;1161;179444;78889;29.9;13.1
27;2021-05-18;3845;1296;183289;80185;30.5;13.3
27;2021-05-19;3967;1154;187256;81339;31.2;13.5
27;2021-05-20;3874;1174;191130;82513;31.8;13.7
27;2021-05-21;3968;1801;195098;84314;32.5;14.0
27;2021-05-22;4367;802;199465;85116;33.2;14.2
27;2021-05-23;799;173;200264;85289;33.3;14.2
27;2021-05-24;1489;342;201753;85631;33.6;14.3
27;2021-05-25;3510;1608;205263;87239;34.2;14.5
27;2021-05-26;3855;1740;209118;88979;34.8;14.8
27;2021-05-27;3789;1487;212907;90466;35.4;15.1
27;2021-05-28;3403;2634;216310;93100;36.0;15.5
27;2021-05-29;4822;2302;221132;95402;36.8;15.9
27;2021-05-30;1117;247;222249;95649;37.0;15.9
27;2021-05-31;3464;2275;225713;97924;37.6;16.3
27;2021-06-01;3813;2250;229526;100174;38.2;16.7
27;2021-06-02;3341;2183;232867;102357;38.8;17.0
27;2021-06-03;4430;2126;237297;104483;39.5;17.4
27;2021-06-04;3603;2978;240900;107461;40.1;17.9
27;2021-06-05;3207;3351;244107;110812;40.6;18.4
27;2021-06-06;2004;1005;246111;111817;41.0;18.6
27;2021-06-07;2570;2357;248681;114174;41.4;19.0
27;2021-06-08;3126;2379;251807;116553;41.9;19.4
27;2021-06-09;2305;2471;254112;119024;42.3;19.8
27;2021-06-10;2431;2041;256543;121065;42.7;20.2
27;2021-06-11;2889;3772;259432;124837;43.2;20.8
27;2021-06-12;1982;4191;261414;129028;43.5;21.5
27;2021-06-13;1083;2687;262497;131715;43.7;21.9
27;2021-06-14;1996;3113;264493;134828;44.0;22.4
27;2021-06-15;2689;3022;267182;137850;44.5;22.9
27;2021-06-16;2501;3261;269683;141111;44.9;23.5
27;2021-06-17;2298;3291;271981;144402;45.3;24.0
27;2021-06-18;2746;4420;274727;148822;45.7;24.8
27;2021-06-19;1863;3392;276590;152214;46.0;25.3
27;2021-06-20;607;710;277197;152924;46.1;25.5
27;2021-06-21;1703;3496;278900;156420;46.4;26.0
27;2021-06-22;2385;3719;281285;160139;46.8;26.7
27;2021-06-23;2073;3572;283358;163711;47.2;27.3
27;2021-06-24;2256;3413;285614;167124;47.5;27.8
27;2021-06-25;1936;4460;287550;171584;47.9;28.6
27;2021-06-26;884;5352;288434;176936;48.0;29.5
27;2021-06-27;377;1427;288811;178363;48.1;29.7
27;2021-06-28;1129;3405;289940;181768;48.3;30.3
27;2021-06-29;1703;4365;291643;186133;48.6;31.0
27;2021-06-30;2115;4096;293758;190229;48.9;31.7
27;2021-07-01;2224;3908;295982;194137;49.3;32.3
27;2021-07-02;1589;4620;297571;198757;49.5;33.1
27;2021-07-03;1309;4774;298880;203531;49.8;33.9
27;2021-07-04;504;1403;299384;204934;49.8;34.1
27;2021-07-05;1417;3529;300801;208463;50.1;34.7
27;2021-07-06;1366;4180;302167;212643;50.3;35.4
27;2021-07-07;1756;4905;303923;217548;50.6;36.2
27;2021-07-08;2089;4356;306012;221904;50.9;36.9
27;2021-07-09;1984;5287;307996;227191;51.3;37.8
27;2021-07-10;1167;4179;309163;231370;51.5;38.5
27;2021-07-11;426;1139;309589;232509;51.5;38.7
27;2021-07-12;1253;4373;310842;236882;51.7;39.4
27;2021-07-13;2759;5347;313601;242229;52.2;40.3
27;2021-07-14;1518;1753;315119;243982;52.5;40.6
27;2021-07-15;3033;5468;318152;249450;53.0;41.5
27;2021-07-16;3820;5290;321972;254740;53.6;42.4
27;2021-07-17;2732;3878;324704;258618;54.1;43.1
27;2021-07-18;553;1266;325257;259884;54.1;43.3
27;2021-07-19;3687;3791;328944;263675;54.8;43.9
27;2021-07-20;3460;3593;332404;267268;55.3;44.5
27;2021-07-21;4250;3901;336654;271169;56.0;45.1
27;2021-07-22;4750;3716;341404;274885;56.8;45.8
27;2021-07-23;3592;3400;344996;278285;57.4;46.3
27;2021-07-24;3114;2329;348110;280614;58.0;46.7
27;2021-07-25;493;545;348603;281159;58.0;46.8
27;2021-07-26;3072;3175;351675;284334;58.5;47.3
27;2021-07-27;3596;3104;355271;287438;59.1;47.9
27;2021-07-28;3592;3242;358863;290680;59.7;48.4
27;2021-07-29;4590;3511;363453;294191;60.5;49.0
27;2021-07-30;3817;3146;367270;297337;61.1;49.5
27;2021-07-31;3062;2586;370332;299923;61.7;49.9
27;2021-08-01;540;498;370872;300421;61.7;50.0
27;2021-08-02;3319;2584;374191;303005;62.3;50.4
27;2021-08-03;3427;2770;377618;305775;62.9;50.9
27;2021-08-04;3061;2333;380679;308108;63.4;51.3
27;2021-08-05;2676;2358;383355;310466;63.8;51.7
27;2021-08-06;3269;3244;386624;313710;64.4;52.2
27;2021-08-07;1801;2558;388425;316268;64.7;52.7
27;2021-08-08;218;197;388643;316465;64.7;52.7
27;2021-08-09;2210;2807;390853;319272;65.1;53.2
27;2021-08-10;2811;3514;393664;322786;65.5;53.7
27;2021-08-11;2637;3099;396301;325885;66.0;54.3
27;2021-08-12;2363;3905;398664;329790;66.4;54.9
27;2021-08-13;1745;2572;400409;332362;66.7;55.3
27;2021-08-14;1163;2889;401572;335251;66.9;55.8
27;2021-08-15;18;23;401590;335274;66.9;55.8
27;2021-08-16;1811;3816;403401;339090;67.2;56.5
27;2021-08-17;2046;3443;405447;342533;67.5;57.0
27;2021-08-18;1457;2986;406904;345519;67.7;57.5
27;2021-08-19;1711;3357;408615;348876;68.0;58.1
27;2021-08-20;1636;3440;410251;352316;68.3;58.7
27;2021-08-21;988;2842;411239;355158;68.5;59.1
27;2021-08-22;184;162;411423;355320;68.5;59.2
27;2021-08-23;1080;4008;412503;359328;68.7;59.8
27;2021-08-24;1440;3970;413943;363298;68.9;60.5
27;2021-08-25;1717;3414;415660;366712;69.2;61.0
27;2021-08-26;1157;2932;416817;369644;69.4;61.5
27;2021-08-27;1265;3223;418082;372867;69.6;62.1
27;2021-08-28;912;2870;418994;375737;69.8;62.6
27;2021-08-29;87;135;419081;375872;69.8;62.6
27;2021-08-30;905;3278;419986;379150;69.9;63.1
27;2021-08-31;1225;3083;421211;382233;70.1;63.6
27;2021-09-01;998;2922;422209;385155;70.3;64.1
27;2021-09-02;873;2187;423082;387342;70.4;64.5
27;2021-09-03;847;2170;423929;389512;70.6;64.8
27;2021-09-04;731;1957;424660;391469;70.7;65.2
27;2021-09-05;36;154;424696;391623;70.7;65.2
27;2021-09-06;538;1457;425234;393080;70.8;65.4
27;2021-09-07;698;2086;425932;395166;70.9;65.8
27;2021-09-08;771;2088;426703;397254;71.0;66.1
27;2021-09-09;683;1648;427386;398902;71.1;66.4
27;2021-09-10;902;1927;428288;400829;71.3;66.7
27;2021-09-11;609;1811;428897;402640;71.4;67.0
27;2021-09-12;42;171;428939;402811;71.4;67.1
27;2021-09-13;351;928;429290;403739;71.5;67.2
27;2021-09-14;595;1095;429885;404834;71.6;67.4
27;2021-09-15;556;1669;430441;406503;71.7;67.7
27;2021-09-16;599;1132;431040;407635;71.8;67.9
27;2021-09-17;790;1292;431830;408927;71.9;68.1
27;2021-09-18;364;1247;432194;410174;71.9;68.3
27;2021-09-19;56;161;432250;410335;72.0;68.3
27;2021-09-20;260;773;432510;411108;72.0;68.4
27;2021-09-21;428;964;432938;412072;72.1;68.6
27;2021-09-22;306;1030;433244;413102;72.1;68.8
27;2021-09-23;345;756;433589;413858;72.2;68.9
27;2021-09-24;578;1244;434167;415102;72.3;69.1
27;2021-09-25;291;1122;434458;416224;72.3;69.3
27;2021-09-26;4;12;434462;416236;72.3;69.3
27;2021-09-27;190;474;434652;416710;72.4;69.4
27;2021-09-28;313;725;434965;417435;72.4;69.5
27;2021-09-29;242;727;435207;418162;72.5;69.6
27;2021-09-30;162;521;435369;418683;72.5;69.7
27;2021-10-01;344;999;435713;419682;72.5;69.9
27;2021-10-02;364;797;436077;420479;72.6;70.0
27;2021-10-03;13;12;436090;420491;72.6;70.0
27;2021-10-04;178;374;436268;420865;72.6;70.1
27;2021-10-05;262;465;436530;421330;72.7;70.1
27;2021-10-06;280;693;436810;422023;72.7;70.3
27;2021-10-07;144;281;436954;422304;72.7;70.3
27;2021-10-08;329;822;437283;423126;72.8;70.4
27;2021-10-09;254;537;437537;423663;72.8;70.5
27;2021-10-10;12;35;437549;423698;72.8;70.5
27;2021-10-11;159;388;437708;424086;72.9;70.6
27;2021-10-12;250;473;437958;424559;72.9;70.7
28;2020-12-27;0;0;0;0;0.0;0.0
28;2020-12-28;0;0;0;0;0.0;0.0
28;2020-12-29;0;0;0;0;0.0;0.0
28;2020-12-30;0;0;0;0;0.0;0.0
28;2020-12-31;0;0;0;0;0.0;0.0
28;2021-01-01;1;0;1;0;0.0;0.0
28;2021-01-02;0;0;1;0;0.0;0.0
28;2021-01-03;0;0;1;0;0.0;0.0
28;2021-01-04;0;0;1;0;0.0;0.0
28;2021-01-05;5;0;6;0;0.0;0.0
28;2021-01-06;84;0;90;0;0.0;0.0
28;2021-01-07;102;0;192;0;0.0;0.0
28;2021-01-08;134;2;326;2;0.1;0.0
28;2021-01-09;79;0;405;2;0.1;0.0
28;2021-01-10;1;0;406;2;0.1;0.0
28;2021-01-11;204;0;610;2;0.1;0.0
28;2021-01-12;265;2;875;4;0.2;0.0
28;2021-01-13;398;3;1273;7;0.3;0.0
28;2021-01-14;451;6;1724;13;0.4;0.0
28;2021-01-15;374;3;2098;16;0.5;0.0
28;2021-01-16;206;2;2304;18;0.5;0.0
28;2021-01-17;21;0;2325;18;0.5;0.0
28;2021-01-18;373;2;2698;20;0.6;0.0
28;2021-01-19;503;4;3201;24;0.7;0.0
28;2021-01-20;636;1;3837;25;0.9;0.0
28;2021-01-21;796;3;4633;28;1.1;0.0
28;2021-01-22;478;1;5111;29;1.2;0.0
28;2021-01-23;353;0;5464;29;1.3;0.0
28;2021-01-24;1;0;5465;29;1.3;0.0
28;2021-01-25;456;4;5921;33;1.4;0.0
28;2021-01-26;717;9;6638;42;1.5;0.0
28;2021-01-27;1211;52;7849;94;1.8;0.0
28;2021-01-28;1587;95;9436;189;2.2;0.0
28;2021-01-29;896;99;10332;288;2.4;0.1
28;2021-01-30;249;53;10581;341;2.5;0.1
28;2021-01-31;2;22;10583;363;2.5;0.1
28;2021-02-01;325;121;10908;484;2.5;0.1
28;2021-02-02;368;239;11276;723;2.6;0.2
28;2021-02-03;473;258;11749;981;2.7;0.2
28;2021-02-04;526;279;12275;1260;2.9;0.3
28;2021-02-05;436;230;12711;1490;3.0;0.3
28;2021-02-06;201;129;12912;1619;3.0;0.4
28;2021-02-07;0;0;12912;1619;3.0;0.4
28;2021-02-08;331;250;13243;1869;3.1;0.4
28;2021-02-09;281;344;13524;2213;3.1;0.5
28;2021-02-10;443;399;13967;2612;3.3;0.6
28;2021-02-11;562;492;14529;3104;3.4;0.7
28;2021-02-12;453;431;14982;3535;3.5;0.8
28;2021-02-13;181;191;15163;3726;3.5;0.9
28;2021-02-14;0;2;15163;3728;3.5;0.9
28;2021-02-15;280;473;15443;4201;3.6;1.0
28;2021-02-16;396;710;15839;4911;3.7;1.1
28;2021-02-17;584;1153;16423;6064;3.8;1.4
28;2021-02-18;666;1408;17089;7472;4.0;1.7
28;2021-02-19;548;767;17637;8239;4.1;1.9
28;2021-02-20;114;145;17751;8384;4.1;2.0
28;2021-02-21;7;33;17758;8417;4.1;2.0
28;2021-02-22;223;521;17981;8938;4.2;2.1
28;2021-02-23;203;379;18184;9317;4.2;2.2
28;2021-02-24;244;474;18428;9791;4.3;2.3
28;2021-02-25;574;454;19002;10245;4.4;2.4
28;2021-02-26;764;378;19766;10623;4.6;2.5
28;2021-02-27;265;86;20031;10709;4.7;2.5
28;2021-02-28;23;17;20054;10726;4.7;2.5
28;2021-03-01;292;215;20346;10941;4.7;2.5
28;2021-03-02;396;293;20742;11234;4.8;2.6
28;2021-03-03;367;399;21109;11633;4.9;2.7
28;2021-03-04;720;494;21829;12127;5.1;2.8
28;2021-03-05;1319;419;23148;12546;5.4;2.9
28;2021-03-06;1999;95;25147;12641;5.9;2.9
28;2021-03-07;974;42;26121;12683;6.1;3.0
28;2021-03-08;398;308;26519;12991;6.2;3.0
28;2021-03-09;981;364;27500;13355;6.4;3.1
28;2021-03-10;1358;558;28858;13913;6.7;3.2
28;2021-03-11;1535;710;30393;14623;7.1;3.4
28;2021-03-12;2255;645;32648;15268;7.6;3.6
28;2021-03-13;1235;134;33883;15402;7.9;3.6
28;2021-03-14;519;18;34402;15420;8.0;3.6
28;2021-03-15;755;234;35157;15654;8.2;3.6
28;2021-03-16;716;224;35873;15878;8.4;3.7
28;2021-03-17;746;290;36619;16168;8.5;3.8
28;2021-03-18;1203;278;37822;16446;8.8;3.8
28;2021-03-19;1558;340;39380;16786;9.2;3.9
28;2021-03-20;639;21;40019;16807;9.3;3.9
28;2021-03-21;29;8;40048;16815;9.3;3.9
28;2021-03-22;766;325;40814;17140;9.5;4.0
28;2021-03-23;1027;193;41841;17333;9.7;4.0
28;2021-03-24;1315;281;43156;17614;10.0;4.1
28;2021-03-25;1796;291;44952;17905;10.5;4.2
28;2021-03-26;2084;348;47036;18253;11.0;4.3
28;2021-03-27;402;38;47438;18291;11.0;4.3
28;2021-03-28;12;0;47450;18291;11.0;4.3
28;2021-03-29;1139;358;48589;18649;11.3;4.3
28;2021-03-30;1711;255;50300;18904;11.7;4.4
28;2021-03-31;2017;482;52317;19386;12.2;4.5
28;2021-04-01;1796;591;54113;19977;12.6;4.7
28;2021-04-02;1583;1321;55696;21298;13.0;5.0
28;2021-04-03;607;1071;56303;22369;13.1;5.2
28;2021-04-04;33;302;56336;22671;13.1;5.3
28;2021-04-05;40;3;56376;22674;13.1;5.3
28;2021-04-06;1222;463;57598;23137;13.4;5.4
28;2021-04-07;1890;1008;59488;24145;13.9;5.6
28;2021-04-08;2086;1076;61574;25221;14.3;5.9
28;2021-04-09;3230;924;64804;26145;15.1;6.1
28;2021-04-10;1581;202;66385;26347;15.5;6.1
28;2021-04-11;141;451;66526;26798;15.5;6.2
28;2021-04-12;1672;567;68198;27365;15.9;6.4
28;2021-04-13;1875;673;70073;28038;16.3;6.5
28;2021-04-14;2771;906;72844;28944;17.0;6.7
28;2021-04-15;2557;1153;75401;30097;17.6;7.0
28;2021-04-16;2554;810;77955;30907;18.2;7.2
28;2021-04-17;2309;134;80264;31041;18.7;7.2
28;2021-04-18;45;8;80309;31049;18.7;7.2
28;2021-04-19;1576;651;81885;31700;19.1;7.4
28;2021-04-20;1836;598;83721;32298;19.5;7.5
28;2021-04-21;2680;965;86401;33263;20.1;7.7
28;2021-04-22;1783;1224;88184;34487;20.5;8.0
28;2021-04-23;2325;1109;90509;35596;21.1;8.3
28;2021-04-24;3656;143;94165;35739;21.9;8.3
28;2021-04-25;1012;38;95177;35777;22.2;8.3
28;2021-04-26;1331;930;96508;36707;22.5;8.5
28;2021-04-27;1436;1287;97944;37994;22.8;8.8
28;2021-04-28;2373;1834;100317;39828;23.4;9.3
28;2021-04-29;2130;1515;102447;41343;23.9;9.6
28;2021-04-30;2973;1231;105420;42574;24.5;9.9
28;2021-05-01;127;121;105547;42695;24.6;9.9
28;2021-05-02;2;65;105549;42760;24.6;10.0
28;2021-05-03;1048;1022;106597;43782;24.8;10.2
28;2021-05-04;1359;1673;107956;45455;25.1;10.6
28;2021-05-05;2830;1654;110786;47109;25.8;11.0
28;2021-05-06;2456;1474;113242;48583;26.4;11.3
28;2021-05-07;2311;1934;115553;50517;26.9;11.8
28;2021-05-08;1078;118;116631;50635;27.2;11.8
28;2021-05-09;105;610;116736;51245;27.2;11.9
28;2021-05-10;1308;1894;118044;53139;27.5;12.4
28;2021-05-11;2024;2344;120068;55483;28.0;12.9
28;2021-05-12;2620;3237;122688;58720;28.6;13.7
28;2021-05-13;289;452;122977;59172;28.6;13.8
28;2021-05-14;1900;1616;124877;60788;29.1;14.2
28;2021-05-15;1433;1673;126310;62461;29.4;14.5
28;2021-05-16;1986;131;128296;62592;29.9;14.6
28;2021-05-17;2874;1493;131170;64085;30.5;14.9
28;2021-05-18;3382;1381;134552;65466;31.3;15.2
28;2021-05-19;5089;1282;139641;66748;32.5;15.5
28;2021-05-20;4149;1231;143790;67979;33.5;15.8
28;2021-05-21;3464;1587;147254;69566;34.3;16.2
28;2021-05-22;729;1161;147983;70727;34.5;16.5
28;2021-05-23;1956;139;149939;70866;34.9;16.5
28;2021-05-24;1428;395;151367;71261;35.2;16.6
28;2021-05-25;1876;1408;153243;72669;35.7;16.9
28;2021-05-26;2765;1346;156008;74015;36.3;17.2
28;2021-05-27;2754;1235;158762;75250;37.0;17.5
28;2021-05-28;3080;1732;161842;76982;37.7;17.9
28;2021-05-29;1868;873;163710;77855;38.1;18.1
28;2021-05-30;16;47;163726;77902;38.1;18.1
28;2021-05-31;2014;937;165740;78839;38.6;18.4
28;2021-06-01;2133;1662;167873;80501;39.1;18.7
28;2021-06-02;2077;2457;169950;82958;39.6;19.3
28;2021-06-03;2498;1562;172448;84520;40.2;19.7
28;2021-06-04;2608;2358;175056;86878;40.8;20.2
28;2021-06-05;1909;2522;176965;89400;41.2;20.8
28;2021-06-06;1060;1046;178025;90446;41.5;21.1
28;2021-06-07;3575;1575;181600;92021;42.3;21.4
28;2021-06-08;3196;1520;184796;93541;43.0;21.8
28;2021-06-09;3675;2130;188471;95671;43.9;22.3
28;2021-06-10;3140;1262;191611;96933;44.6;22.6
28;2021-06-11;3790;2135;195401;99068;45.5;23.1
28;2021-06-12;1304;560;196705;99628;45.8;23.2
28;2021-06-13;385;108;197090;99736;45.9;23.2
28;2021-06-14;2207;1996;199297;101732;46.4;23.7
28;2021-06-15;2092;2224;201389;103956;46.9;24.2
28;2021-06-16;2508;3982;203897;107938;47.5;25.1
28;2021-06-17;1940;3135;205837;111073;47.9;25.9
28;2021-06-18;2487;3789;208324;114862;48.5;26.7
28;2021-06-19;776;1612;209100;116474;48.7;27.1
28;2021-06-20;23;24;209123;116498;48.7;27.1
28;2021-06-21;1682;1989;210805;118487;49.1;27.6
28;2021-06-22;1372;2109;212177;120596;49.4;28.1
28;2021-06-23;1782;3164;213959;123760;49.8;28.8
28;2021-06-24;734;929;214693;124689;50.0;29.0
28;2021-06-25;1888;3028;216581;127717;50.4;29.7
28;2021-06-26;310;2114;216891;129831;50.5;30.2
28;2021-06-27;588;1284;217479;131115;50.6;30.5
28;2021-06-28;1225;3655;218704;134770;50.9;31.4
28;2021-06-29;1342;3791;220046;138561;51.2;32.3
28;2021-06-30;1494;4261;221540;142822;51.6;33.3
28;2021-07-01;1277;3500;222817;146322;51.9;34.1
28;2021-07-02;1313;4651;224130;150973;52.2;35.2
28;2021-07-03;1131;2372;225261;153345;52.5;35.7
28;2021-07-04;145;1325;225406;154670;52.5;36.0
28;2021-07-05;1359;2512;226765;157182;52.8;36.6
28;2021-07-06;1508;2870;228273;160052;53.2;37.3
28;2021-07-07;1636;4143;229909;164195;53.5;38.2
28;2021-07-08;1467;3241;231376;167436;53.9;39.0
28;2021-07-09;1393;4520;232769;171956;54.2;40.0
28;2021-07-10;528;2206;233297;174162;54.3;40.6
28;2021-07-11;2;1;233299;174163;54.3;40.6
28;2021-07-12;1526;3929;234825;178092;54.7;41.5
28;2021-07-13;2261;4143;237086;182235;55.2;42.4
28;2021-07-14;1328;1395;238414;183630;55.5;42.8
28;2021-07-15;2985;3973;241399;187603;56.2;43.7
28;2021-07-16;2444;4752;243843;192355;56.8;44.8
28;2021-07-17;1263;2431;245106;194786;57.1;45.4
28;2021-07-18;368;945;245474;195731;57.2;45.6
28;2021-07-19;1806;4339;247280;200070;57.6;46.6
28;2021-07-20;2476;4091;249756;204161;58.2;47.5
28;2021-07-21;2959;4286;252715;208447;58.8;48.5
28;2021-07-22;3670;3432;256385;211879;59.7;49.3
28;2021-07-23;2959;3998;259344;215877;60.4;50.3
28;2021-07-24;1715;1484;261059;217361;60.8;50.6
28;2021-07-25;67;60;261126;217421;60.8;50.6
28;2021-07-26;2930;3387;264056;220808;61.5;51.4
28;2021-07-27;3885;2621;267941;223429;62.4;52.0
28;2021-07-28;3947;2745;271888;226174;63.3;52.7
28;2021-07-29;4466;2092;276354;228266;64.4;53.2
28;2021-07-30;3825;2848;280179;231114;65.2;53.8
28;2021-07-31;763;826;280942;231940;65.4;54.0
28;2021-08-01;378;65;281320;232005;65.5;54.0
28;2021-08-02;1793;1520;283113;233525;65.9;54.4
28;2021-08-03;2684;2168;285797;235693;66.6;54.9
28;2021-08-04;1932;2303;287729;237996;67.0;55.4
28;2021-08-05;1663;1731;289392;239727;67.4;55.8
28;2021-08-06;1618;1969;291010;241696;67.8;56.3
28;2021-08-07;798;1002;291808;242698;68.0;56.5
28;2021-08-08;22;33;291830;242731;68.0;56.5
28;2021-08-09;1388;1102;293218;243833;68.3;56.8
28;2021-08-10;1714;2027;294932;245860;68.7;57.3
28;2021-08-11;1273;1572;296205;247432;69.0;57.6
28;2021-08-12;1165;1881;297370;249313;69.2;58.1
28;2021-08-13;1321;1649;298691;250962;69.6;58.4
28;2021-08-14;659;844;299350;251806;69.7;58.6
28;2021-08-15;264;59;299614;251865;69.8;58.7
28;2021-08-16;862;2145;300476;254010;70.0;59.2
28;2021-08-17;1126;2798;301602;256808;70.2;59.8
28;2021-08-18;891;2412;302493;259220;70.4;60.4
28;2021-08-19;889;2616;303382;261836;70.6;61.0
28;2021-08-20;939;2753;304321;264589;70.9;61.6
28;2021-08-21;381;1001;304702;265590;71.0;61.8
28;2021-08-22;9;31;304711;265621;71.0;61.9
28;2021-08-23;1041;2149;305752;267770;71.2;62.4
28;2021-08-24;867;2582;306619;270352;71.4;63.0
28;2021-08-25;1075;2208;307694;272560;71.7;63.5
28;2021-08-26;701;1817;308395;274377;71.8;63.9
28;2021-08-27;749;2369;309144;276746;72.0;64.4
28;2021-08-28;524;1098;309668;277844;72.1;64.7
28;2021-08-29;7;23;309675;277867;72.1;64.7
28;2021-08-30;994;2164;310669;280031;72.3;65.2
28;2021-08-31;798;2186;311467;282217;72.5;65.7
28;2021-09-01;748;2433;312215;284650;72.7;66.3
28;2021-09-02;542;1958;312757;286608;72.8;66.7
28;2021-09-03;666;2365;313423;288973;73.0;67.3
28;2021-09-04;585;2503;314008;291476;73.1;67.9
28;2021-09-05;210;139;314218;291615;73.2;67.9
28;2021-09-06;405;1388;314623;293003;73.3;68.2
28;2021-09-07;352;1299;314975;294302;73.3;68.5
28;2021-09-08;544;1425;315519;295727;73.5;68.9
28;2021-09-09;319;982;315838;296709;73.5;69.1
28;2021-09-10;591;1417;316429;298126;73.7;69.4
28;2021-09-11;298;1257;316727;299383;73.8;69.7
28;2021-09-12;40;28;316767;299411;73.8;69.7
28;2021-09-13;312;735;317079;300146;73.8;69.9
28;2021-09-14;322;941;317401;301087;73.9;70.1
28;2021-09-15;526;1026;317927;302113;74.0;70.4
28;2021-09-16;252;689;318179;302802;74.1;70.5
28;2021-09-17;301;1046;318480;303848;74.2;70.8
28;2021-09-18;124;237;318604;304085;74.2;70.8
28;2021-09-19;7;17;318611;304102;74.2;70.8
28;2021-09-20;154;459;318765;304561;74.2;70.9
28;2021-09-21;394;935;319159;305496;74.3;71.1
28;2021-09-22;328;1067;319487;306563;74.4;71.4
28;2021-09-23;190;507;319677;307070;74.4;71.5
28;2021-09-24;255;969;319932;308039;74.5;71.7
28;2021-09-25;99;326;320031;308365;74.5;71.8
28;2021-09-26;21;34;320052;308399;74.5;71.8
28;2021-09-27;167;665;320219;309064;74.6;72.0
28;2021-09-28;172;440;320391;309504;74.6;72.1
28;2021-09-29;352;687;320743;310191;74.7;72.2
28;2021-09-30;234;451;320977;310642;74.7;72.3
28;2021-10-01;250;726;321227;311368;74.8;72.5
28;2021-10-02;76;151;321303;311519;74.8;72.5
28;2021-10-03;0;6;321303;311525;74.8;72.5
28;2021-10-04;132;255;321435;311780;74.9;72.6
28;2021-10-05;159;369;321594;312149;74.9;72.7
28;2021-10-06;198;608;321792;312757;74.9;72.8
28;2021-10-07;130;272;321922;313029;75.0;72.9
28;2021-10-08;254;464;322176;313493;75.0;73.0
28;2021-10-09;75;142;322251;313635;75.0;73.0
28;2021-10-10;10;12;322261;313647;75.0;73.0
28;2021-10-11;158;223;322419;313870;75.1;73.1
28;2021-10-12;183;378;322602;314248;75.1;73.2
29;2020-12-27;0;0;0;0;0.0;0.0
29;2020-12-28;1;1;1;1;0.0;0.0
29;2020-12-29;0;0;1;1;0.0;0.0
29;2020-12-30;0;0;1;1;0.0;0.0
29;2020-12-31;0;0;1;1;0.0;0.0
29;2021-01-01;3;0;4;1;0.0;0.0
29;2021-01-02;2;0;6;1;0.0;0.0
29;2021-01-03;1;0;7;1;0.0;0.0
29;2021-01-04;33;0;40;1;0.0;0.0
29;2021-01-05;32;0;72;1;0.0;0.0
29;2021-01-06;43;0;115;1;0.0;0.0
29;2021-01-07;139;0;254;1;0.0;0.0
29;2021-01-08;408;1;662;2;0.1;0.0
29;2021-01-09;2;0;664;2;0.1;0.0
29;2021-01-10;2;0;666;2;0.1;0.0
29;2021-01-11;668;0;1334;2;0.1;0.0
29;2021-01-12;1121;0;2455;2;0.3;0.0
29;2021-01-13;1101;2;3556;4;0.4;0.0
29;2021-01-14;895;4;4451;8;0.5;0.0
29;2021-01-15;1222;7;5673;15;0.6;0.0
29;2021-01-16;168;1;5841;16;0.6;0.0
29;2021-01-17;111;1;5952;17;0.7;0.0
29;2021-01-18;842;6;6794;23;0.7;0.0
29;2021-01-19;1314;3;8108;26;0.9;0.0
29;2021-01-20;2393;3;10501;29;1.2;0.0
29;2021-01-21;5661;16;16162;45;1.8;0.0
29;2021-01-22;3807;8;19969;53;2.2;0.0
29;2021-01-23;539;0;20508;53;2.3;0.0
29;2021-01-24;200;1;20708;54;2.3;0.0
29;2021-01-25;573;7;21281;61;2.3;0.0
29;2021-01-26;951;34;22232;95;2.5;0.0
29;2021-01-27;1286;53;23518;148;2.6;0.0
29;2021-01-28;803;137;24321;285;2.7;0.0
29;2021-01-29;781;205;25102;490;2.8;0.1
29;2021-01-30;282;4;25384;494;2.8;0.1
29;2021-01-31;80;5;25464;499;2.8;0.1
29;2021-02-01;429;448;25893;947;2.9;0.1
29;2021-02-02;879;825;26772;1772;3.0;0.2
29;2021-02-03;810;895;27582;2667;3.0;0.3
29;2021-02-04;870;644;28452;3311;3.1;0.4
29;2021-02-05;676;584;29128;3895;3.2;0.4
29;2021-02-06;249;104;29377;3999;3.2;0.4
29;2021-02-07;78;104;29455;4103;3.2;0.5
29;2021-02-08;384;445;29839;4548;3.3;0.5
29;2021-02-09;864;852;30703;5400;3.4;0.6
29;2021-02-10;1150;1017;31853;6417;3.5;0.7
29;2021-02-11;1802;4163;33655;10580;3.7;1.2
29;2021-02-12;2328;2502;35983;13082;4.0;1.4
29;2021-02-13;639;413;36622;13495;4.0;1.5
29;2021-02-14;12;228;36634;13723;4.0;1.5
29;2021-02-15;268;945;36902;14668;4.1;1.6
29;2021-02-16;887;1054;37789;15722;4.2;1.7
29;2021-02-17;800;852;38589;16574;4.3;1.8
29;2021-02-18;1530;844;40119;17418;4.4;1.9
29;2021-02-19;1417;1008;41536;18426;4.6;2.0
29;2021-02-20;204;366;41740;18792;4.6;2.1
29;2021-02-21;163;167;41903;18959;4.6;2.1
29;2021-02-22;773;560;42676;19519;4.7;2.2
29;2021-02-23;1270;904;43946;20423;4.8;2.3
29;2021-02-24;1472;826;45418;21249;5.0;2.3
29;2021-02-25;2511;909;47929;22158;5.3;2.4
29;2021-02-26;2678;717;50607;22875;5.6;2.5
29;2021-02-27;1285;280;51892;23155;5.7;2.6
29;2021-02-28;200;73;52092;23228;5.7;2.6
29;2021-03-01;947;480;53039;23708;5.9;2.6
29;2021-03-02;1817;798;54856;24506;6.1;2.7
29;2021-03-03;2094;1021;56950;25527;6.3;2.8
29;2021-03-04;2843;1557;59793;27084;6.6;3.0
29;2021-03-05;3539;1685;63332;28769;7.0;3.2
29;2021-03-06;2000;441;65332;29210;7.2;3.2
29;2021-03-07;412;83;65744;29293;7.3;3.2
29;2021-03-08;1273;594;67017;29887;7.4;3.3
29;2021-03-09;2603;977;69620;30864;7.7;3.4
29;2021-03-10;2426;872;72046;31736;7.9;3.5
29;2021-03-11;4520;1006;76566;32742;8.4;3.6
29;2021-03-12;5272;973;81838;33715;9.0;3.7
29;2021-03-13;2825;414;84663;34129;9.3;3.8
29;2021-03-14;367;3;85030;34132;9.4;3.8
29;2021-03-15;2050;272;87080;34404;9.6;3.8
29;2021-03-16;1825;748;88905;35152;9.8;3.9
29;2021-03-17;1862;716;90767;35868;10.0;4.0
29;2021-03-18;1868;1038;92635;36906;10.2;4.1
29;2021-03-19;3270;885;95905;37791;10.6;4.2
29;2021-03-20;1914;225;97819;38016;10.8;4.2
29;2021-03-21;132;11;97951;38027;10.8;4.2
29;2021-03-22;1647;559;99598;38586;11.0;4.3
29;2021-03-23;3443;1042;103041;39628;11.4;4.4
29;2021-03-24;3781;1025;106822;40653;11.8;4.5
29;2021-03-25;4822;1078;111644;41731;12.3;4.6
29;2021-03-26;5423;1172;117067;42903;12.9;4.7
29;2021-03-27;2429;335;119496;43238;13.2;4.8
29;2021-03-28;198;50;119694;43288;13.2;4.8
29;2021-03-29;2042;825;121736;44113;13.4;4.9
29;2021-03-30;3976;1334;125712;45447;13.9;5.0
29;2021-03-31;3937;1162;129649;46609;14.3;5.1
29;2021-04-01;5028;1154;134677;47763;14.9;5.3
29;2021-04-02;4765;1172;139442;48935;15.4;5.4
29;2021-04-03;2500;538;141942;49473;15.7;5.5
29;2021-04-04;146;33;142088;49506;15.7;5.5
29;2021-04-05;972;333;143060;49839;15.8;5.5
29;2021-04-06;3198;1246;146258;51085;16.1;5.6
29;2021-04-07;3653;944;149911;52029;16.5;5.7
29;2021-04-08;5285;2058;155196;54087;17.1;6.0
29;2021-04-09;6759;1570;161955;55657;17.9;6.1
29;2021-04-10;3504;714;165459;56371;18.3;6.2
29;2021-04-11;120;80;165579;56451;18.3;6.2
29;2021-04-12;3853;1486;169432;57937;18.7;6.4
29;2021-04-13;5865;1764;175297;59701;19.3;6.6
29;2021-04-14;4760;1746;180057;61447;19.9;6.8
29;2021-04-15;7174;1734;187231;63181;20.7;7.0
29;2021-04-16;6703;1358;193934;64539;21.4;7.1
29;2021-04-17;3830;971;197764;65510;21.8;7.2
29;2021-04-18;489;41;198253;65551;21.9;7.2
29;2021-04-19;3881;1466;202134;67017;22.3;7.4
29;2021-04-20;4397;2137;206531;69154;22.8;7.6
29;2021-04-21;4378;2199;210909;71353;23.3;7.9
29;2021-04-22;6638;2857;217547;74210;24.0;8.2
29;2021-04-23;6050;2210;223597;76420;24.7;8.4
29;2021-04-24;4008;1323;227605;77743;25.1;8.6
29;2021-04-25;435;172;228040;77915;25.2;8.6
29;2021-04-26;5260;1882;233300;79797;25.7;8.8
29;2021-04-27;5336;3198;238636;82995;26.3;9.2
29;2021-04-28;5359;2913;243995;85908;26.9;9.5
29;2021-04-29;6594;3353;250589;89261;27.6;9.8
29;2021-04-30;6265;3909;256854;93170;28.3;10.3
29;2021-05-01;1986;981;258840;94151;28.6;10.4
29;2021-05-02;1249;196;260089;94347;28.7;10.4
29;2021-05-03;4539;2293;264628;96640;29.2;10.7
29;2021-05-04;4107;3741;268735;100381;29.6;11.1
29;2021-05-05;4525;3413;273260;103794;30.1;11.4
29;2021-05-06;6239;3727;279499;107521;30.8;11.9
29;2021-05-07;5985;4624;285484;112145;31.5;12.4
29;2021-05-08;2097;564;287581;112709;31.7;12.4
29;2021-05-09;1731;141;289312;112850;31.9;12.4
29;2021-05-10;4767;3770;294079;116620;32.4;12.9
29;2021-05-11;4708;4999;298787;121619;33.0;13.4
29;2021-05-12;5023;4381;303810;126000;33.5;13.9
29;2021-05-13;3441;1500;307251;127500;33.9;14.1
29;2021-05-14;5649;4001;312900;131501;34.5;14.5
29;2021-05-15;4049;2312;316949;133813;35.0;14.8
29;2021-05-16;1588;294;318537;134107;35.1;14.8
29;2021-05-17;5562;3130;324099;137237;35.8;15.1
29;2021-05-18;5732;3097;329831;140334;36.4;15.5
29;2021-05-19;6214;2970;336045;143304;37.1;15.8
29;2021-05-20;7172;4568;343217;147872;37.9;16.3
29;2021-05-21;7210;3813;350427;151685;38.7;16.7
29;2021-05-22;5342;2128;355769;153813;39.2;17.0
29;2021-05-23;1631;65;357400;153878;39.4;17.0
29;2021-05-24;3485;534;360885;154412;39.8;17.0
29;2021-05-25;5835;3042;366720;157454;40.5;17.4
29;2021-05-26;5889;2996;372609;160450;41.1;17.7
29;2021-05-27;6825;3986;379434;164436;41.9;18.1
29;2021-05-28;6544;4448;385978;168884;42.6;18.6
29;2021-05-29;4382;2808;390360;171692;43.1;18.9
29;2021-05-30;1113;360;391473;172052;43.2;19.0
29;2021-05-31;6384;3458;397857;175510;43.9;19.4
29;2021-06-01;6603;4351;404460;179861;44.6;19.8
29;2021-06-02;6162;4132;410622;183993;45.3;20.3
29;2021-06-03;7689;4525;418311;188518;46.1;20.8
29;2021-06-04;6812;6164;425123;194682;46.9;21.5
29;2021-06-05;5350;3037;430473;197719;47.5;21.8
29;2021-06-06;1284;538;431757;198257;47.6;21.9
29;2021-06-07;4659;5564;436416;203821;48.1;22.5
29;2021-06-08;7172;5210;443588;209031;48.9;23.1
29;2021-06-09;6404;4753;449992;213784;49.6;23.6
29;2021-06-10;7775;5063;457767;218847;50.5;24.1
29;2021-06-11;8473;5875;466240;224722;51.4;24.8
29;2021-06-12;6562;2817;472802;227539;52.2;25.1
29;2021-06-13;2351;1372;475153;228911;52.4;25.3
29;2021-06-14;4034;6319;479187;235230;52.9;25.9
29;2021-06-15;5477;6181;484664;241411;53.5;26.6
29;2021-06-16;5570;5630;490234;247041;54.1;27.3
29;2021-06-17;6370;6319;496604;253360;54.8;27.9
29;2021-06-18;6116;7492;502720;260852;55.5;28.8
29;2021-06-19;4619;3527;507339;264379;56.0;29.2
29;2021-06-20;891;1452;508230;265831;56.1;29.3
29;2021-06-21;3761;6495;511991;272326;56.5;30.0
29;2021-06-22;4490;6425;516481;278751;57.0;30.7
29;2021-06-23;4673;6132;521154;284883;57.5;31.4
29;2021-06-24;4810;6746;525964;291629;58.0;32.2
29;2021-06-25;3599;7533;529563;299162;58.4;33.0
29;2021-06-26;2131;4093;531694;303255;58.7;33.5
29;2021-06-27;967;1631;532661;304886;58.8;33.6
29;2021-06-28;2844;6862;535505;311748;59.1;34.4
29;2021-06-29;2813;7731;538318;319479;59.4;35.2
29;2021-06-30;3048;7510;541366;326989;59.7;36.1
29;2021-07-01;3792;8426;545158;335415;60.1;37.0
29;2021-07-02;3608;9669;548766;345084;60.5;38.1
29;2021-07-03;2327;6053;551093;351137;60.8;38.7
29;2021-07-04;814;1771;551907;352908;60.9;38.9
29;2021-07-05;1914;7157;553821;360065;61.1;39.7
29;2021-07-06;1543;8006;555364;368071;61.3;40.6
29;2021-07-07;1707;7040;557071;375111;61.4;41.4
29;2021-07-08;2454;8208;559525;383319;61.7;42.3
29;2021-07-09;2627;9069;562152;392388;62.0;43.3
29;2021-07-10;1917;6104;564069;398492;62.2;44.0
29;2021-07-11;449;1064;564518;399556;62.3;44.1
29;2021-07-12;1982;8376;566500;407932;62.5;45.0
29;2021-07-13;2754;8665;569254;416597;62.8;46.0
29;2021-07-14;2086;3372;571340;419969;63.0;46.3
29;2021-07-15;3859;9734;575199;429703;63.4;47.4
29;2021-07-16;4621;9200;579820;438903;64.0;48.4
29;2021-07-17;3223;6117;583043;445020;64.3;49.1
29;2021-07-18;668;1079;583711;446099;64.4;49.2
29;2021-07-19;3157;7545;586868;453644;64.7;50.0
29;2021-07-20;3556;9434;590424;463078;65.1;51.1
29;2021-07-21;3664;7711;594088;470789;65.5;51.9
29;2021-07-22;3429;8538;597517;479327;65.9;52.9
29;2021-07-23;4066;10707;601583;490034;66.4;54.1
29;2021-07-24;2536;5957;604119;495991;66.6;54.7
29;2021-07-25;655;2359;604774;498350;66.7;55.0
29;2021-07-26;3400;7282;608174;505632;67.1;55.8
29;2021-07-27;3721;7111;611895;512743;67.5;56.6
29;2021-07-28;4208;6036;616103;518779;68.0;57.2
29;2021-07-29;5706;6365;621809;525144;68.6;57.9
29;2021-07-30;5473;6538;627282;531682;69.2;58.6
29;2021-07-31;2939;4932;630221;536614;69.5;59.2
29;2021-08-01;659;921;630880;537535;69.6;59.3
29;2021-08-02;4308;5221;635188;542756;70.1;59.9
29;2021-08-03;5491;4411;640679;547167;70.7;60.4
29;2021-08-04;5744;3610;646423;550777;71.3;60.8
29;2021-08-05;6655;4111;653078;554888;72.0;61.2
29;2021-08-06;6217;4336;659295;559224;72.7;61.7
29;2021-08-07;4294;2960;663589;562184;73.2;62.0
29;2021-08-08;854;754;664443;562938;73.3;62.1
29;2021-08-09;3084;4741;667527;567679;73.6;62.6
29;2021-08-10;4494;3865;672021;571544;74.1;63.0
29;2021-08-11;3975;3189;675996;574733;74.6;63.4
29;2021-08-12;4652;4501;680648;579234;75.1;63.9
29;2021-08-13;4239;3720;684887;582954;75.5;64.3
29;2021-08-14;2968;2845;687855;585799;75.9;64.6
29;2021-08-15;338;405;688193;586204;75.9;64.7
29;2021-08-16;3289;4375;691482;590579;76.3;65.1
29;2021-08-17;4411;3421;695893;594000;76.8;65.5
29;2021-08-18;3685;3620;699578;597620;77.2;65.9
29;2021-08-19;3916;4719;703494;602339;77.6;66.4
29;2021-08-20;3512;4600;707006;606939;78.0;67.0
29;2021-08-21;2277;3164;709283;610103;78.2;67.3
29;2021-08-22;218;415;709501;610518;78.3;67.3
29;2021-08-23;2505;4627;712006;615145;78.5;67.9
29;2021-08-24;2468;4954;714474;620099;78.8;68.4
29;2021-08-25;2170;4230;716644;624329;79.1;68.9
29;2021-08-26;2362;5341;719006;629670;79.3;69.5
29;2021-08-27;2067;5914;721073;635584;79.5;70.1
29;2021-08-28;1475;4001;722548;639585;79.7;70.6
29;2021-08-29;453;1318;723001;640903;79.8;70.7
29;2021-08-30;1458;4158;724459;645061;79.9;71.2
29;2021-08-31;1631;4405;726090;649466;80.1;71.6
29;2021-09-01;1345;3756;727435;653222;80.2;72.1
29;2021-09-02;1176;4059;728611;657281;80.4;72.5
29;2021-09-03;1442;4765;730053;662046;80.5;73.0
29;2021-09-04;1419;3775;731472;665821;80.7;73.4
29;2021-09-05;227;687;731699;666508;80.7;73.5
29;2021-09-06;741;3351;732440;669859;80.8;73.9
29;2021-09-07;931;3448;733371;673307;80.9;74.3
29;2021-09-08;913;3435;734284;676742;81.0;74.6
29;2021-09-09;965;3459;735249;680201;81.1;75.0
29;2021-09-10;1200;4375;736449;684576;81.2;75.5
29;2021-09-11;733;3452;737182;688028;81.3;75.9
29;2021-09-12;117;410;737299;688438;81.3;75.9
29;2021-09-13;840;3235;738139;691673;81.4;76.3
29;2021-09-14;730;3010;738869;694683;81.5;76.6
29;2021-09-15;717;3225;739586;697908;81.6;77.0
29;2021-09-16;842;2789;740428;700697;81.7;77.3
29;2021-09-17;932;3243;741360;703940;81.8;77.7
29;2021-09-18;598;3449;741958;707389;81.8;78.0
29;2021-09-19;85;443;742043;707832;81.9;78.1
29;2021-09-20;491;2169;742534;710001;81.9;78.3
29;2021-09-21;474;1917;743008;711918;82.0;78.5
29;2021-09-22;365;2241;743373;714159;82.0;78.8
29;2021-09-23;466;1755;743839;715914;82.1;79.0
29;2021-09-24;485;2230;744324;718144;82.1;79.2
29;2021-09-25;340;2734;744664;720878;82.1;79.5
29;2021-09-26;56;239;744720;721117;82.1;79.5
29;2021-09-27;328;1638;745048;722755;82.2;79.7
29;2021-09-28;264;1567;745312;724322;82.2;79.9
29;2021-09-29;399;1677;745711;725999;82.3;80.1
29;2021-09-30;321;1327;746032;727326;82.3;80.2
29;2021-10-01;460;1536;746492;728862;82.3;80.4
29;2021-10-02;359;1674;746851;730536;82.4;80.6
29;2021-10-03;7;30;746858;730566;82.4;80.6
29;2021-10-04;298;1318;747156;731884;82.4;80.7
29;2021-10-05;238;1066;747394;732950;82.4;80.9
29;2021-10-06;302;1176;747696;734126;82.5;81.0
29;2021-10-07;315;916;748011;735042;82.5;81.1
29;2021-10-08;444;1268;748455;736310;82.6;81.2
29;2021-10-09;336;998;748791;737308;82.6;81.3
29;2021-10-10;5;12;748796;737320;82.6;81.3
29;2021-10-11;293;917;749089;738237;82.6;81.4
29;2021-10-12;230;601;749319;738838;82.7;81.5
2A;2020-12-27;0;0;0;0;0.0;0.0
2A;2020-12-28;0;0;0;0;0.0;0.0
2A;2020-12-29;0;0;0;0;0.0;0.0
2A;2020-12-30;0;0;0;0;0.0;0.0
2A;2020-12-31;0;0;0;0;0.0;0.0
2A;2021-01-01;0;0;0;0;0.0;0.0
2A;2021-01-02;1;0;1;0;0.0;0.0
2A;2021-01-03;0;0;1;0;0.0;0.0
2A;2021-01-04;0;0;1;0;0.0;0.0
2A;2021-01-05;0;0;1;0;0.0;0.0
2A;2021-01-06;6;0;7;0;0.0;0.0
2A;2021-01-07;122;1;129;1;0.1;0.0
2A;2021-01-08;114;2;243;3;0.1;0.0
2A;2021-01-09;39;0;282;3;0.2;0.0
2A;2021-01-10;33;0;315;3;0.2;0.0
2A;2021-01-11;78;0;393;3;0.2;0.0
2A;2021-01-12;85;0;478;3;0.3;0.0
2A;2021-01-13;113;1;591;4;0.4;0.0
2A;2021-01-14;192;1;783;5;0.5;0.0
2A;2021-01-15;149;0;932;5;0.6;0.0
2A;2021-01-16;160;2;1092;7;0.7;0.0
2A;2021-01-17;86;1;1178;8;0.7;0.0
2A;2021-01-18;201;2;1379;10;0.8;0.0
2A;2021-01-19;488;5;1867;15;1.1;0.0
2A;2021-01-20;356;1;2223;16;1.4;0.0
2A;2021-01-21;453;1;2676;17;1.6;0.0
2A;2021-01-22;367;0;3043;17;1.9;0.0
2A;2021-01-23;183;0;3226;17;2.0;0.0
2A;2021-01-24;118;1;3344;18;2.1;0.0
2A;2021-01-25;215;0;3559;18;2.2;0.0
2A;2021-01-26;402;9;3961;27;2.4;0.0
2A;2021-01-27;325;7;4286;34;2.6;0.0
2A;2021-01-28;335;79;4621;113;2.8;0.1
2A;2021-01-29;342;63;4963;176;3.1;0.1
2A;2021-01-30;128;38;5091;214;3.1;0.1
2A;2021-01-31;92;12;5183;226;3.2;0.1
2A;2021-02-01;230;49;5413;275;3.3;0.2
2A;2021-02-02;288;118;5701;393;3.5;0.2
2A;2021-02-03;265;75;5966;468;3.7;0.3
2A;2021-02-04;256;123;6222;591;3.8;0.4
2A;2021-02-05;267;106;6489;697;4.0;0.4
2A;2021-02-06;121;60;6610;757;4.1;0.5
2A;2021-02-07;68;54;6678;811;4.1;0.5
2A;2021-02-08;92;210;6770;1021;4.2;0.6
2A;2021-02-09;128;302;6898;1323;4.2;0.8
2A;2021-02-10;167;237;7065;1560;4.3;1.0
2A;2021-02-11;299;363;7364;1923;4.5;1.2
2A;2021-02-12;345;302;7709;2225;4.7;1.4
2A;2021-02-13;225;60;7934;2285;4.9;1.4
2A;2021-02-14;135;79;8069;2364;5.0;1.5
2A;2021-02-15;198;182;8267;2546;5.1;1.6
2A;2021-02-16;384;320;8651;2866;5.3;1.8
2A;2021-02-17;298;168;8949;3034;5.5;1.9
2A;2021-02-18;340;199;9289;3233;5.7;2.0
2A;2021-02-19;145;298;9434;3531;5.8;2.2
2A;2021-02-20;243;138;9677;3669;6.0;2.3
2A;2021-02-21;58;54;9735;3723;6.0;2.3
2A;2021-02-22;77;215;9812;3938;6.0;2.4
2A;2021-02-23;122;289;9934;4227;6.1;2.6
2A;2021-02-24;82;297;10016;4524;6.2;2.8
2A;2021-02-25;104;265;10120;4789;6.2;2.9
2A;2021-02-26;123;272;10243;5061;6.3;3.1
2A;2021-02-27;308;70;10551;5131;6.5;3.2
2A;2021-02-28;69;66;10620;5197;6.5;3.2
2A;2021-03-01;117;152;10737;5349;6.6;3.3
2A;2021-03-02;199;265;10936;5614;6.7;3.5
2A;2021-03-03;249;258;11185;5872;6.9;3.6
2A;2021-03-04;508;227;11693;6099;7.2;3.8
2A;2021-03-05;973;291;12666;6390;7.8;3.9
2A;2021-03-06;1167;75;13833;6465;8.5;4.0
2A;2021-03-07;1021;48;14854;6513;9.1;4.0
2A;2021-03-08;933;93;15787;6606;9.7;4.1
2A;2021-03-09;938;153;16725;6759;10.3;4.2
2A;2021-03-10;634;141;17359;6900;10.7;4.2
2A;2021-03-11;723;281;18082;7181;11.1;4.4
2A;2021-03-12;562;318;18644;7499;11.5;4.6
2A;2021-03-13;613;199;19257;7698;11.9;4.7
2A;2021-03-14;312;126;19569;7824;12.0;4.8
2A;2021-03-15;377;204;19946;8028;12.3;4.9
2A;2021-03-16;498;371;20444;8399;12.6;5.2
2A;2021-03-17;703;278;21147;8677;13.0;5.3
2A;2021-03-18;447;304;21594;8981;13.3;5.5
2A;2021-03-19;489;160;22083;9141;13.6;5.6
2A;2021-03-20;1079;265;23162;9406;14.3;5.8
2A;2021-03-21;695;54;23857;9460;14.7;5.8
2A;2021-03-22;347;68;24204;9528;14.9;5.9
2A;2021-03-23;518;59;24722;9587;15.2;5.9
2A;2021-03-24;864;92;25586;9679;15.8;6.0
2A;2021-03-25;930;142;26516;9821;16.3;6.0
2A;2021-03-26;1080;166;27596;9987;17.0;6.1
2A;2021-03-27;1189;201;28785;10188;17.7;6.3
2A;2021-03-28;241;97;29026;10285;17.9;6.3
2A;2021-03-29;283;138;29309;10423;18.0;6.4
2A;2021-03-30;384;238;29693;10661;18.3;6.6
2A;2021-03-31;445;226;30138;10887;18.6;6.7
2A;2021-04-01;638;453;30776;11340;18.9;7.0
2A;2021-04-02;904;787;31680;12127;19.5;7.5
2A;2021-04-03;644;983;32324;13110;19.9;8.1
2A;2021-04-04;578;785;32902;13895;20.3;8.6
2A;2021-04-05;525;700;33427;14595;20.6;9.0
2A;2021-04-06;548;561;33975;15156;20.9;9.3
2A;2021-04-07;795;429;34770;15585;21.4;9.6
2A;2021-04-08;1047;358;35817;15943;22.1;9.8
2A;2021-04-09;935;399;36752;16342;22.6;10.1
2A;2021-04-10;1058;384;37810;16726;23.3;10.3
2A;2021-04-11;362;256;38172;16982;23.5;10.5
2A;2021-04-12;671;343;38843;17325;23.9;10.7
2A;2021-04-13;329;381;39172;17706;24.1;10.9
2A;2021-04-14;1045;591;40217;18297;24.8;11.3
2A;2021-04-15;1044;529;41261;18826;25.4;11.6
2A;2021-04-16;872;394;42133;19220;25.9;11.8
2A;2021-04-17;1369;938;43502;20158;26.8;12.4
2A;2021-04-18;981;949;44483;21107;27.4;13.0
2A;2021-04-19;270;343;44753;21450;27.6;13.2
2A;2021-04-20;354;344;45107;21794;27.8;13.4
2A;2021-04-21;729;736;45836;22530;28.2;13.9
2A;2021-04-22;897;649;46733;23179;28.8;14.3
2A;2021-04-23;986;779;47719;23958;29.4;14.8
2A;2021-04-24;1750;985;49469;24943;30.5;15.4
2A;2021-04-25;976;306;50445;25249;31.1;15.5
2A;2021-04-26;308;228;50753;25477;31.2;15.7
2A;2021-04-27;342;349;51095;25826;31.5;15.9
2A;2021-04-28;1676;426;52771;26252;32.5;16.2
2A;2021-04-29;1053;361;53824;26613;33.1;16.4
2A;2021-04-30;1131;1063;54955;27676;33.8;17.0
2A;2021-05-01;970;575;55925;28251;34.4;17.4
2A;2021-05-02;674;708;56599;28959;34.8;17.8
2A;2021-05-03;583;576;57182;29535;35.2;18.2
2A;2021-05-04;752;536;57934;30071;35.7;18.5
2A;2021-05-05;1011;985;58945;31056;36.3;19.1
2A;2021-05-06;904;911;59849;31967;36.8;19.7
2A;2021-05-07;1157;834;61006;32801;37.6;20.2
2A;2021-05-08;422;502;61428;33303;37.8;20.5
2A;2021-05-09;783;636;62211;33939;38.3;20.9
2A;2021-05-10;454;741;62665;34680;38.6;21.4
2A;2021-05-11;652;417;63317;35097;39.0;21.6
2A;2021-05-12;925;488;64242;35585;39.6;21.9
2A;2021-05-13;920;138;65162;35723;40.1;22.0
2A;2021-05-14;797;678;65959;36401;40.6;22.4
2A;2021-05-15;778;649;66737;37050;41.1;22.8
2A;2021-05-16;740;501;67477;37551;41.5;23.1
2A;2021-05-17;584;558;68061;38109;41.9;23.5
2A;2021-05-18;614;475;68675;38584;42.3;23.8
2A;2021-05-19;787;481;69462;39065;42.8;24.1
2A;2021-05-20;692;539;70154;39604;43.2;24.4
2A;2021-05-21;536;483;70690;40087;43.5;24.7
2A;2021-05-22;440;310;71130;40397;43.8;24.9
2A;2021-05-23;533;284;71663;40681;44.1;25.0
2A;2021-05-24;125;33;71788;40714;44.2;25.1
2A;2021-05-25;421;503;72209;41217;44.5;25.4
2A;2021-05-26;425;1166;72634;42383;44.7;26.1
2A;2021-05-27;435;1111;73069;43494;45.0;26.8
2A;2021-05-28;298;915;73367;44409;45.2;27.3
2A;2021-05-29;334;900;73701;45309;45.4;27.9
2A;2021-05-30;181;507;73882;45816;45.5;28.2
2A;2021-05-31;191;413;74073;46229;45.6;28.5
2A;2021-06-01;342;727;74415;46956;45.8;28.9
2A;2021-06-02;285;940;74700;47896;46.0;29.5
2A;2021-06-03;306;850;75006;48746;46.2;30.0
2A;2021-06-04;271;1091;75277;49837;46.3;30.7
2A;2021-06-05;319;1443;75596;51280;46.5;31.6
2A;2021-06-06;173;907;75769;52187;46.6;32.1
2A;2021-06-07;171;658;75940;52845;46.8;32.5
2A;2021-06-08;324;706;76264;53551;47.0;33.0
2A;2021-06-09;304;1320;76568;54871;47.1;33.8
2A;2021-06-10;329;857;76897;55728;47.3;34.3
2A;2021-06-11;277;1021;77174;56749;47.5;34.9
2A;2021-06-12;232;665;77406;57414;47.7;35.3
2A;2021-06-13;189;797;77595;58211;47.8;35.8
2A;2021-06-14;251;922;77846;59133;47.9;36.4
2A;2021-06-15;217;507;78063;59640;48.1;36.7
2A;2021-06-16;213;776;78276;60416;48.2;37.2
2A;2021-06-17;235;591;78511;61007;48.3;37.6
2A;2021-06-18;246;912;78757;61919;48.5;38.1
2A;2021-06-19;208;689;78965;62608;48.6;38.5
2A;2021-06-20;150;692;79115;63300;48.7;39.0
2A;2021-06-21;184;795;79299;64095;48.8;39.5
2A;2021-06-22;236;841;79535;64936;49.0;40.0
2A;2021-06-23;217;568;79752;65504;49.1;40.3
2A;2021-06-24;149;369;79901;65873;49.2;40.6
2A;2021-06-25;167;470;80068;66343;49.3;40.8
2A;2021-06-26;203;872;80271;67215;49.4;41.4
2A;2021-06-27;175;794;80446;68009;49.5;41.9
2A;2021-06-28;194;704;80640;68713;49.6;42.3
2A;2021-06-29;216;689;80856;69402;49.8;42.7
2A;2021-06-30;245;494;81101;69896;49.9;43.0
2A;2021-07-01;211;484;81312;70380;50.1;43.3
2A;2021-07-02;294;368;81606;70748;50.2;43.6
2A;2021-07-03;211;617;81817;71365;50.4;43.9
2A;2021-07-04;179;664;81996;72029;50.5;44.3
2A;2021-07-05;164;235;82160;72264;50.6;44.5
2A;2021-07-06;252;389;82412;72653;50.7;44.7
2A;2021-07-07;433;611;82845;73264;51.0;45.1
2A;2021-07-08;592;705;83437;73969;51.4;45.5
2A;2021-07-09;384;420;83821;74389;51.6;45.8
2A;2021-07-10;281;346;84102;74735;51.8;46.0
2A;2021-07-11;92;161;84194;74896;51.8;46.1
2A;2021-07-12;317;348;84511;75244;52.0;46.3
2A;2021-07-13;1178;535;85689;75779;52.8;46.7
2A;2021-07-14;1623;342;87312;76121;53.8;46.9
2A;2021-07-15;1436;836;88748;76957;54.6;47.4
2A;2021-07-16;1168;467;89916;77424;55.4;47.7
2A;2021-07-17;1096;348;91012;77772;56.0;47.9
2A;2021-07-18;635;136;91647;77908;56.4;48.0
2A;2021-07-19;918;430;92565;78338;57.0;48.2
2A;2021-07-20;1283;475;93848;78813;57.8;48.5
2A;2021-07-21;1426;725;95274;79538;58.7;49.0
2A;2021-07-22;1400;767;96674;80305;59.5;49.4
2A;2021-07-23;1439;463;98113;80768;60.4;49.7
2A;2021-07-24;896;290;99009;81058;61.0;49.9
2A;2021-07-25;451;81;99460;81139;61.2;50.0
2A;2021-07-26;1198;507;100658;81646;62.0;50.3
2A;2021-07-27;1297;520;101955;82166;62.8;50.6
2A;2021-07-28;1199;593;103154;82759;63.5;51.0
2A;2021-07-29;1230;656;104384;83415;64.3;51.4
2A;2021-07-30;961;610;105345;84025;64.9;51.7
2A;2021-07-31;548;340;105893;84365;65.2;51.9
2A;2021-08-01;570;124;106463;84489;65.5;52.0
2A;2021-08-02;451;494;106914;84983;65.8;52.3
2A;2021-08-03;814;881;107728;85864;66.3;52.9
2A;2021-08-04;724;1161;108452;87025;66.8;53.6
2A;2021-08-05;956;1348;109408;88373;67.4;54.4
2A;2021-08-06;390;815;109798;89188;67.6;54.9
2A;2021-08-07;352;888;110150;90076;67.8;55.5
2A;2021-08-08;78;185;110228;90261;67.9;55.6
2A;2021-08-09;663;1142;110891;91403;68.3;56.3
2A;2021-08-10;642;1209;111533;92612;68.7;57.0
2A;2021-08-11;593;1064;112126;93676;69.0;57.7
2A;2021-08-12;742;1491;112868;95167;69.5;58.6
2A;2021-08-13;486;1066;113354;96233;69.8;59.2
2A;2021-08-14;414;766;113768;96999;70.0;59.7
2A;2021-08-15;27;26;113795;97025;70.1;59.7
2A;2021-08-16;481;1292;114276;98317;70.4;60.5
2A;2021-08-17;940;1557;115216;99874;70.9;61.5
2A;2021-08-18;525;1123;115741;100997;71.3;62.2
2A;2021-08-19;431;1010;116172;102007;71.5;62.8
2A;2021-08-20;328;574;116500;102581;71.7;63.2
2A;2021-08-21;240;535;116740;103116;71.9;63.5
2A;2021-08-22;197;617;116937;103733;72.0;63.9
2A;2021-08-23;325;744;117262;104477;72.2;64.3
2A;2021-08-24;326;858;117588;105335;72.4;64.9
2A;2021-08-25;401;881;117989;106216;72.6;65.4
2A;2021-08-26;342;769;118331;106985;72.9;65.9
2A;2021-08-27;245;716;118576;107701;73.0;66.3
2A;2021-08-28;256;352;118832;108053;73.2;66.5
2A;2021-08-29;97;116;118929;108169;73.2;66.6
2A;2021-08-30;244;605;119173;108774;73.4;67.0
2A;2021-08-31;172;493;119345;109267;73.5;67.3
2A;2021-09-01;344;758;119689;110025;73.7;67.7
2A;2021-09-02;314;610;120003;110635;73.9;68.1
2A;2021-09-03;243;457;120246;111092;74.0;68.4
2A;2021-09-04;151;404;120397;111496;74.1;68.6
2A;2021-09-05;29;23;120426;111519;74.1;68.7
2A;2021-09-06;111;342;120537;111861;74.2;68.9
2A;2021-09-07;191;630;120728;112491;74.3;69.3
2A;2021-09-08;221;651;120949;113142;74.5;69.7
2A;2021-09-09;211;461;121160;113603;74.6;69.9
2A;2021-09-10;155;344;121315;113947;74.7;70.2
2A;2021-09-11;135;282;121450;114229;74.8;70.3
2A;2021-09-12;42;82;121492;114311;74.8;70.4
2A;2021-09-13;102;181;121594;114492;74.9;70.5
2A;2021-09-14;227;232;121821;114724;75.0;70.6
2A;2021-09-15;191;541;122012;115265;75.1;71.0
2A;2021-09-16;214;366;122226;115631;75.3;71.2
2A;2021-09-17;134;176;122360;115807;75.3;71.3
2A;2021-09-18;104;302;122464;116109;75.4;71.5
2A;2021-09-19;10;49;122474;116158;75.4;71.5
2A;2021-09-20;37;130;122511;116288;75.4;71.6
2A;2021-09-21;89;246;122600;116534;75.5;71.7
2A;2021-09-22;99;448;122699;116982;75.5;72.0
2A;2021-09-23;90;325;122789;117307;75.6;72.2
2A;2021-09-24;59;259;122848;117566;75.6;72.4
2A;2021-09-25;63;143;122911;117709;75.7;72.5
2A;2021-09-26;10;29;122921;117738;75.7;72.5
2A;2021-09-27;43;104;122964;117842;75.7;72.6
2A;2021-09-28;102;172;123066;118014;75.8;72.7
2A;2021-09-29;108;297;123174;118311;75.8;72.8
2A;2021-09-30;74;209;123248;118520;75.9;73.0
2A;2021-10-01;81;119;123329;118639;75.9;73.0
2A;2021-10-02;78;137;123407;118776;76.0;73.1
2A;2021-10-03;18;33;123425;118809;76.0;73.1
2A;2021-10-04;44;81;123469;118890;76.0;73.2
2A;2021-10-05;38;114;123507;119004;76.0;73.3
2A;2021-10-06;56;119;123563;119123;76.1;73.3
2A;2021-10-07;56;111;123619;119234;76.1;73.4
2A;2021-10-08;50;135;123669;119369;76.1;73.5
2A;2021-10-09;78;263;123747;119632;76.2;73.7
2A;2021-10-10;71;80;123818;119712;76.2;73.7
2A;2021-10-11;33;68;123851;119780;76.3;73.7
2A;2021-10-12;34;57;123885;119837;76.3;73.8
2B;2020-12-27;0;0;0;0;0.0;0.0
2B;2020-12-28;0;0;0;0;0.0;0.0
2B;2020-12-29;0;0;0;0;0.0;0.0
2B;2020-12-30;0;0;0;0;0.0;0.0
2B;2020-12-31;0;0;0;0;0.0;0.0
2B;2021-01-01;0;0;0;0;0.0;0.0
2B;2021-01-02;0;0;0;0;0.0;0.0
2B;2021-01-03;0;0;0;0;0.0;0.0
2B;2021-01-04;2;0;2;0;0.0;0.0
2B;2021-01-05;0;0;2;0;0.0;0.0
2B;2021-01-06;48;1;50;1;0.0;0.0
2B;2021-01-07;210;0;260;1;0.1;0.0
2B;2021-01-08;197;3;457;4;0.3;0.0
2B;2021-01-09;40;0;497;4;0.3;0.0
2B;2021-01-10;1;0;498;4;0.3;0.0
2B;2021-01-11;74;0;572;4;0.3;0.0
2B;2021-01-12;128;1;700;5;0.4;0.0
2B;2021-01-13;93;0;793;5;0.4;0.0
2B;2021-01-14;72;0;865;5;0.5;0.0
2B;2021-01-15;259;2;1124;7;0.6;0.0
2B;2021-01-16;44;0;1168;7;0.6;0.0
2B;2021-01-17;8;0;1176;7;0.6;0.0
2B;2021-01-18;271;1;1447;8;0.8;0.0
2B;2021-01-19;507;1;1954;9;1.1;0.0
2B;2021-01-20;462;3;2416;12;1.3;0.0
2B;2021-01-21;358;0;2774;12;1.5;0.0
2B;2021-01-22;382;1;3156;13;1.7;0.0
2B;2021-01-23;61;0;3217;13;1.8;0.0
2B;2021-01-24;29;0;3246;13;1.8;0.0
2B;2021-01-25;210;2;3456;15;1.9;0.0
2B;2021-01-26;392;1;3848;16;2.1;0.0
2B;2021-01-27;341;48;4189;64;2.3;0.0
2B;2021-01-28;365;146;4554;210;2.5;0.1
2B;2021-01-29;296;162;4850;372;2.7;0.2
2B;2021-01-30;80;33;4930;405;2.7;0.2
2B;2021-01-31;60;0;4990;405;2.7;0.2
2B;2021-02-01;233;94;5223;499;2.9;0.3
2B;2021-02-02;358;78;5581;577;3.1;0.3
2B;2021-02-03;520;91;6101;668;3.3;0.4
2B;2021-02-04;458;173;6559;841;3.6;0.5
2B;2021-02-05;395;95;6954;936;3.8;0.5
2B;2021-02-06;87;14;7041;950;3.9;0.5
2B;2021-02-07;60;0;7101;950;3.9;0.5
2B;2021-02-08;231;153;7332;1103;4.0;0.6
2B;2021-02-09;586;313;7918;1416;4.3;0.8
2B;2021-02-10;485;196;8403;1612;4.6;0.9
2B;2021-02-11;382;129;8785;1741;4.8;1.0
2B;2021-02-12;299;125;9084;1866;5.0;1.0
2B;2021-02-13;77;13;9161;1879;5.0;1.0
2B;2021-02-14;62;1;9223;1880;5.1;1.0
2B;2021-02-15;190;128;9413;2008;5.2;1.1
2B;2021-02-16;249;287;9662;2295;5.3;1.3
2B;2021-02-17;312;318;9974;2613;5.5;1.4
2B;2021-02-18;215;347;10189;2960;5.6;1.6
2B;2021-02-19;163;306;10352;3266;5.7;1.8
2B;2021-02-20;32;62;10384;3328;5.7;1.8
2B;2021-02-21;28;29;10412;3357;5.7;1.8
2B;2021-02-22;133;188;10545;3545;5.8;1.9
2B;2021-02-23;232;355;10777;3900;5.9;2.1
2B;2021-02-24;229;310;11006;4210;6.0;2.3
2B;2021-02-25;245;340;11251;4550;6.2;2.5
2B;2021-02-26;301;282;11552;4832;6.3;2.7
2B;2021-02-27;60;85;11612;4917;6.4;2.7
2B;2021-02-28;1;57;11613;4974;6.4;2.7
2B;2021-03-01;246;261;11859;5235;6.5;2.9
2B;2021-03-02;352;390;12211;5625;6.7;3.1
2B;2021-03-03;299;434;12510;6059;6.9;3.3
2B;2021-03-04;447;409;12957;6468;7.1;3.5
2B;2021-03-05;619;384;13576;6852;7.4;3.8
2B;2021-03-06;682;101;14258;6953;7.8;3.8
2B;2021-03-07;361;60;14619;7013;8.0;3.8
2B;2021-03-08;301;240;14920;7253;8.2;4.0
2B;2021-03-09;384;506;15304;7759;8.4;4.3
2B;2021-03-10;631;447;15935;8206;8.7;4.5
2B;2021-03-11;585;355;16520;8561;9.1;4.7
2B;2021-03-12;967;231;17487;8792;9.6;4.8
2B;2021-03-13;511;110;17998;8902;9.9;4.9
2B;2021-03-14;226;64;18224;8966;10.0;4.9
2B;2021-03-15;516;202;18740;9168;10.3;5.0
2B;2021-03-16;571;279;19311;9447;10.6;5.2
2B;2021-03-17;530;263;19841;9710;10.9;5.3
2B;2021-03-18;551;230;20392;9940;11.2;5.5
2B;2021-03-19;805;195;21197;10135;11.6;5.6
2B;2021-03-20;656;38;21853;10173;12.0;5.6
2B;2021-03-21;428;37;22281;10210;12.2;5.6
2B;2021-03-22;546;126;22827;10336;12.5;5.7
2B;2021-03-23;788;260;23615;10596;13.0;5.8
2B;2021-03-24;832;215;24447;10811;13.4;5.9
2B;2021-03-25;825;164;25272;10975;13.9;6.0
2B;2021-03-26;958;191;26230;11166;14.4;6.1
2B;2021-03-27;1092;40;27322;11206;15.0;6.1
2B;2021-03-28;830;126;28152;11332;15.4;6.2
2B;2021-03-29;745;181;28897;11513;15.9;6.3
2B;2021-03-30;971;333;29868;11846;16.4;6.5
2B;2021-03-31;981;266;30849;12112;16.9;6.6
2B;2021-04-01;1003;230;31852;12342;17.5;6.8
2B;2021-04-02;966;414;32818;12756;18.0;7.0
2B;2021-04-03;1247;154;34065;12910;18.7;7.1
2B;2021-04-04;197;61;34262;12971;18.8;7.1
2B;2021-04-05;109;113;34371;13084;18.9;7.2
2B;2021-04-06;1032;362;35403;13446;19.4;7.4
2B;2021-04-07;1231;431;36634;13877;20.1;7.6
2B;2021-04-08;1128;409;37762;14286;20.7;7.8
2B;2021-04-09;1166;568;38928;14854;21.4;8.1
2B;2021-04-10;1352;267;40280;15121;22.1;8.3
2B;2021-04-11;815;65;41095;15186;22.5;8.3
2B;2021-04-12;853;559;41948;15745;23.0;8.6
2B;2021-04-13;1063;632;43011;16377;23.6;9.0
2B;2021-04-14;1046;494;44057;16871;24.2;9.3
2B;2021-04-15;886;520;44943;17391;24.7;9.5
2B;2021-04-16;910;649;45853;18040;25.2;9.9
2B;2021-04-17;386;447;46239;18487;25.4;10.1
2B;2021-04-18;253;343;46492;18830;25.5;10.3
2B;2021-04-19;822;438;47314;19268;26.0;10.6
2B;2021-04-20;898;846;48212;20114;26.5;11.0
2B;2021-04-21;1055;610;49267;20724;27.0;11.4
2B;2021-04-22;937;734;50204;21458;27.5;11.8
2B;2021-04-23;662;630;50866;22088;27.9;12.1
2B;2021-04-24;288;772;51154;22860;28.1;12.5
2B;2021-04-25;285;477;51439;23337;28.2;12.8
2B;2021-04-26;708;921;52147;24258;28.6;13.3
2B;2021-04-27;966;876;53113;25134;29.1;13.8
2B;2021-04-28;918;865;54031;25999;29.6;14.3
2B;2021-04-29;925;873;54956;26872;30.2;14.7
2B;2021-04-30;1133;832;56089;27704;30.8;15.2
2B;2021-05-01;460;1116;56549;28820;31.0;15.8
2B;2021-05-02;335;245;56884;29065;31.2;15.9
2B;2021-05-03;1017;496;57901;29561;31.8;16.2
2B;2021-05-04;811;1154;58712;30715;32.2;16.9
2B;2021-05-05;800;1377;59512;32092;32.7;17.6
2B;2021-05-06;1285;905;60797;32997;33.4;18.1
2B;2021-05-07;1062;990;61859;33987;33.9;18.6
2B;2021-05-08;459;853;62318;34840;34.2;19.1
2B;2021-05-09;392;683;62710;35523;34.4;19.5
2B;2021-05-10;925;805;63635;36328;34.9;19.9
2B;2021-05-11;933;1163;64568;37491;35.4;20.6
2B;2021-05-12;859;893;65427;38384;35.9;21.1
2B;2021-05-13;1028;376;66455;38760;36.5;21.3
2B;2021-05-14;719;577;67174;39337;36.9;21.6
2B;2021-05-15;702;353;67876;39690;37.2;21.8
2B;2021-05-16;300;180;68176;39870;37.4;21.9
2B;2021-05-17;1004;406;69180;40276;38.0;22.1
2B;2021-05-18;990;382;70170;40658;38.5;22.3
2B;2021-05-19;773;416;70943;41074;38.9;22.5
2B;2021-05-20;668;359;71611;41433;39.3;22.7
2B;2021-05-21;707;502;72318;41935;39.7;23.0
2B;2021-05-22;576;392;72894;42327;40.0;23.2
2B;2021-05-23;170;46;73064;42373;40.1;23.2
2B;2021-05-24;40;115;73104;42488;40.1;23.3
2B;2021-05-25;548;354;73652;42842;40.4;23.5
2B;2021-05-26;545;787;74197;43629;40.7;23.9
2B;2021-05-27;407;1131;74604;44760;40.9;24.6
2B;2021-05-28;550;905;75154;45665;41.2;25.1
2B;2021-05-29;311;353;75465;46018;41.4;25.2
2B;2021-05-30;46;45;75511;46063;41.4;25.3
2B;2021-05-31;375;831;75886;46894;41.6;25.7
2B;2021-06-01;414;1037;76300;47931;41.9;26.3
2B;2021-06-02;363;988;76663;48919;42.1;26.8
2B;2021-06-03;498;806;77161;49725;42.3;27.3
2B;2021-06-04;343;1253;77504;50978;42.5;28.0
2B;2021-06-05;257;494;77761;51472;42.7;28.2
2B;2021-06-06;51;129;77812;51601;42.7;28.3
2B;2021-06-07;280;949;78092;52550;42.8;28.8
2B;2021-06-08;399;1167;78491;53717;43.1;29.5
2B;2021-06-09;519;1177;79010;54894;43.4;30.1
2B;2021-06-10;369;939;79379;55833;43.6;30.6
2B;2021-06-11;432;1275;79811;57108;43.8;31.3
2B;2021-06-12;152;545;79963;57653;43.9;31.6
2B;2021-06-13;27;59;79990;57712;43.9;31.7
2B;2021-06-14;195;1115;80185;58827;44.0;32.3
2B;2021-06-15;344;1217;80529;60044;44.2;32.9
2B;2021-06-16;383;935;80912;60979;44.4;33.5
2B;2021-06-17;402;1049;81314;62028;44.6;34.0
2B;2021-06-18;348;960;81662;62988;44.8;34.6
2B;2021-06-19;144;330;81806;63318;44.9;34.7
2B;2021-06-20;44;194;81850;63512;44.9;34.8
2B;2021-06-21;265;962;82115;64474;45.1;35.4
2B;2021-06-22;317;1115;82432;65589;45.2;36.0
2B;2021-06-23;209;871;82641;66460;45.3;36.5
2B;2021-06-24;337;758;82978;67218;45.5;36.9
2B;2021-06-25;210;1074;83188;68292;45.6;37.5
2B;2021-06-26;105;550;83293;68842;45.7;37.8
2B;2021-06-27;31;214;83324;69056;45.7;37.9
2B;2021-06-28;329;954;83653;70010;45.9;38.4
2B;2021-06-29;270;985;83923;70995;46.0;39.0
2B;2021-06-30;380;948;84303;71943;46.3;39.5
2B;2021-07-01;226;507;84529;72450;46.4;39.8
2B;2021-07-02;219;557;84748;73007;46.5;40.1
2B;2021-07-03;92;398;84840;73405;46.5;40.3
2B;2021-07-04;2;0;84842;73405;46.6;40.3
2B;2021-07-05;263;666;85105;74071;46.7;40.6
2B;2021-07-06;450;707;85555;74778;46.9;41.0
2B;2021-07-07;381;911;85936;75689;47.2;41.5
2B;2021-07-08;183;351;86119;76040;47.3;41.7
2B;2021-07-09;250;377;86369;76417;47.4;41.9
2B;2021-07-10;197;199;86566;76616;47.5;42.0
2B;2021-07-11;13;14;86579;76630;47.5;42.0
2B;2021-07-12;497;747;87076;77377;47.8;42.5
2B;2021-07-13;822;1021;87898;78398;48.2;43.0
2B;2021-07-14;344;100;88242;78498;48.4;43.1
2B;2021-07-15;1270;589;89512;79087;49.1;43.4
2B;2021-07-16;1120;564;90632;79651;49.7;43.7
2B;2021-07-17;710;318;91342;79969;50.1;43.9
2B;2021-07-18;179;49;91521;80018;50.2;43.9
2B;2021-07-19;857;708;92378;80726;50.7;44.3
2B;2021-07-20;1210;683;93588;81409;51.3;44.7
2B;2021-07-21;1396;726;94984;82135;52.1;45.1
2B;2021-07-22;1330;604;96314;82739;52.8;45.4
2B;2021-07-23;1330;503;97644;83242;53.6;45.7
2B;2021-07-24;534;315;98178;83557;53.9;45.8
2B;2021-07-25;203;71;98381;83628;54.0;45.9
2B;2021-07-26;913;634;99294;84262;54.5;46.2
2B;2021-07-27;1578;711;100872;84973;55.3;46.6
2B;2021-07-28;1177;633;102049;85606;56.0;47.0
2B;2021-07-29;1144;449;103193;86055;56.6;47.2
2B;2021-07-30;763;350;103956;86405;57.0;47.4
2B;2021-07-31;539;234;104495;86639;57.3;47.5
2B;2021-08-01;230;57;104725;86696;57.5;47.6
2B;2021-08-02;799;471;105524;87167;57.9;47.8
2B;2021-08-03;1138;786;106662;87953;58.5;48.3
2B;2021-08-04;810;454;107472;88407;59.0;48.5
2B;2021-08-05;1026;560;108498;88967;59.5;48.8
2B;2021-08-06;704;526;109202;89493;59.9;49.1
2B;2021-08-07;306;408;109508;89901;60.1;49.3
2B;2021-08-08;93;142;109601;90043;60.1;49.4
2B;2021-08-09;536;747;110137;90790;60.4;49.8
2B;2021-08-10;739;1133;110876;91923;60.8;50.4
2B;2021-08-11;753;902;111629;92825;61.2;50.9
2B;2021-08-12;692;1045;112321;93870;61.6;51.5
2B;2021-08-13;494;948;112815;94818;61.9;52.0
2B;2021-08-14;200;437;113015;95255;62.0;52.3
2B;2021-08-15;117;173;113132;95428;62.1;52.4
2B;2021-08-16;509;1063;113641;96491;62.4;52.9
2B;2021-08-17;587;1308;114228;97799;62.7;53.7
2B;2021-08-18;506;1193;114734;98992;63.0;54.3
2B;2021-08-19;434;900;115168;99892;63.2;54.8
2B;2021-08-20;369;813;115537;100705;63.4;55.3
2B;2021-08-21;158;474;115695;101179;63.5;55.5
2B;2021-08-22;79;208;115774;101387;63.5;55.6
2B;2021-08-23;376;945;116150;102332;63.7;56.1
2B;2021-08-24;498;1214;116648;103546;64.0;56.8
2B;2021-08-25;347;971;116995;104517;64.2;57.3
2B;2021-08-26;404;817;117399;105334;64.4;57.8
2B;2021-08-27;262;572;117661;105906;64.6;58.1
2B;2021-08-28;168;442;117829;106348;64.6;58.4
2B;2021-08-29;53;126;117882;106474;64.7;58.4
2B;2021-08-30;364;836;118246;107310;64.9;58.9
2B;2021-08-31;380;863;118626;108173;65.1;59.4
2B;2021-09-01;369;913;118995;109086;65.3;59.9
2B;2021-09-02;306;654;119301;109740;65.5;60.2
2B;2021-09-03;220;422;119521;110162;65.6;60.4
2B;2021-09-04;124;306;119645;110468;65.6;60.6
2B;2021-09-05;17;102;119662;110570;65.7;60.7
2B;2021-09-06;165;570;119827;111140;65.7;61.0
2B;2021-09-07;259;759;120086;111899;65.9;61.4
2B;2021-09-08;203;621;120289;112520;66.0;61.7
2B;2021-09-09;185;405;120474;112925;66.1;62.0
2B;2021-09-10;201;366;120675;113291;66.2;62.2
2B;2021-09-11;130;249;120805;113540;66.3;62.3
2B;2021-09-12;17;94;120822;113634;66.3;62.3
2B;2021-09-13;191;464;121013;114098;66.4;62.6
2B;2021-09-14;284;634;121297;114732;66.6;63.0
2B;2021-09-15;159;598;121456;115330;66.6;63.3
2B;2021-09-16;216;301;121672;115631;66.8;63.4
2B;2021-09-17;115;194;121787;115825;66.8;63.6
2B;2021-09-18;51;157;121838;115982;66.8;63.6
2B;2021-09-19;15;18;121853;116000;66.9;63.6
2B;2021-09-20;106;409;121959;116409;66.9;63.9
2B;2021-09-21;101;410;122060;116819;67.0;64.1
2B;2021-09-22;116;404;122176;117223;67.0;64.3
2B;2021-09-23;103;228;122279;117451;67.1;64.4
2B;2021-09-24;87;213;122366;117664;67.1;64.6
2B;2021-09-25;36;123;122402;117787;67.2;64.6
2B;2021-09-26;2;23;122404;117810;67.2;64.6
2B;2021-09-27;71;229;122475;118039;67.2;64.8
2B;2021-09-28;99;194;122574;118233;67.3;64.9
2B;2021-09-29;120;345;122694;118578;67.3;65.1
2B;2021-09-30;71;133;122765;118711;67.4;65.1
2B;2021-10-01;113;163;122878;118874;67.4;65.2
2B;2021-10-02;52;114;122930;118988;67.4;65.3
2B;2021-10-03;13;15;122943;119003;67.5;65.3
2B;2021-10-04;84;156;123027;119159;67.5;65.4
2B;2021-10-05;90;225;123117;119384;67.6;65.5
2B;2021-10-06;125;285;123242;119669;67.6;65.7
2B;2021-10-07;49;137;123291;119806;67.6;65.7
2B;2021-10-08;82;171;123373;119977;67.7;65.8
2B;2021-10-09;67;108;123440;120085;67.7;65.9
2B;2021-10-10;11;22;123451;120107;67.7;65.9
2B;2021-10-11;60;146;123511;120253;67.8;66.0
2B;2021-10-12;75;162;123586;120415;67.8;66.1
30;2020-12-27;3;0;3;0;0.0;0.0
30;2020-12-28;2;0;5;0;0.0;0.0
30;2020-12-29;0;0;5;0;0.0;0.0
30;2020-12-30;0;0;5;0;0.0;0.0
30;2020-12-31;0;0;5;0;0.0;0.0
30;2021-01-01;0;0;5;0;0.0;0.0
30;2021-01-02;0;0;5;0;0.0;0.0
30;2021-01-03;0;0;5;0;0.0;0.0
30;2021-01-04;0;0;5;0;0.0;0.0
30;2021-01-05;4;0;9;0;0.0;0.0
30;2021-01-06;128;0;137;0;0.0;0.0
30;2021-01-07;314;0;451;0;0.1;0.0
30;2021-01-08;532;2;983;2;0.1;0.0
30;2021-01-09;270;0;1253;2;0.2;0.0
30;2021-01-10;0;0;1253;2;0.2;0.0
30;2021-01-11;536;1;1789;3;0.2;0.0
30;2021-01-12;801;3;2590;6;0.3;0.0
30;2021-01-13;641;0;3231;6;0.4;0.0
30;2021-01-14;654;5;3885;11;0.5;0.0
30;2021-01-15;756;2;4641;13;0.6;0.0
30;2021-01-16;313;0;4954;13;0.7;0.0
30;2021-01-17;4;0;4958;13;0.7;0.0
30;2021-01-18;949;11;5907;24;0.8;0.0
30;2021-01-19;1735;6;7642;30;1.0;0.0
30;2021-01-20;1303;3;8945;33;1.2;0.0
30;2021-01-21;1230;3;10175;36;1.4;0.0
30;2021-01-22;1078;7;11253;43;1.5;0.0
30;2021-01-23;634;2;11887;45;1.6;0.0
30;2021-01-24;0;0;11887;45;1.6;0.0
30;2021-01-25;830;5;12717;50;1.7;0.0
30;2021-01-26;1060;17;13777;67;1.8;0.0
30;2021-01-27;983;110;14760;177;2.0;0.0
30;2021-01-28;714;272;15474;449;2.1;0.1
30;2021-01-29;671;440;16145;889;2.2;0.1
30;2021-01-30;473;285;16618;1174;2.2;0.2
30;2021-01-31;3;7;16621;1181;2.2;0.2
30;2021-02-01;816;441;17437;1622;2.3;0.2
30;2021-02-02;1875;683;19312;2305;2.6;0.3
30;2021-02-03;1185;486;20497;2791;2.7;0.4
30;2021-02-04;970;661;21467;3452;2.9;0.5
30;2021-02-05;599;762;22066;4214;2.9;0.6
30;2021-02-06;296;261;22362;4475;3.0;0.6
30;2021-02-07;3;9;22365;4484;3.0;0.6
30;2021-02-08;574;735;22939;5219;3.1;0.7
30;2021-02-09;986;1008;23925;6227;3.2;0.8
30;2021-02-10;985;1093;24910;7320;3.3;1.0
30;2021-02-11;929;1031;25839;8351;3.5;1.1
30;2021-02-12;619;997;26458;9348;3.5;1.2
30;2021-02-13;435;383;26893;9731;3.6;1.3
30;2021-02-14;3;23;26896;9754;3.6;1.3
30;2021-02-15;450;616;27346;10370;3.7;1.4
30;2021-02-16;460;847;27806;11217;3.7;1.5
30;2021-02-17;683;619;28489;11836;3.8;1.6
30;2021-02-18;797;526;29286;12362;3.9;1.7
30;2021-02-19;577;670;29863;13032;4.0;1.7
30;2021-02-20;224;228;30087;13260;4.0;1.8
30;2021-02-21;5;3;30092;13263;4.0;1.8
30;2021-02-22;502;764;30594;14027;4.1;1.9
30;2021-02-23;973;1467;31567;15494;4.2;2.1
30;2021-02-24;931;1196;32498;16690;4.3;2.2
30;2021-02-25;1211;893;33709;17583;4.5;2.3
30;2021-02-26;1336;599;35045;18182;4.7;2.4
30;2021-02-27;564;542;35609;18724;4.8;2.5
30;2021-02-28;6;7;35615;18731;4.8;2.5
30;2021-03-01;1343;830;36958;19561;4.9;2.6
30;2021-03-02;1716;915;38674;20476;5.2;2.7
30;2021-03-03;2311;769;40985;21245;5.5;2.8
30;2021-03-04;2638;879;43623;22124;5.8;3.0
30;2021-03-05;2765;622;46388;22746;6.2;3.0
30;2021-03-06;2998;370;49386;23116;6.6;3.1
30;2021-03-07;1862;50;51248;23166;6.8;3.1
30;2021-03-08;1556;789;52804;23955;7.1;3.2
30;2021-03-09;2277;873;55081;24828;7.4;3.3
30;2021-03-10;2360;663;57441;25491;7.7;3.4
30;2021-03-11;3053;709;60494;26200;8.1;3.5
30;2021-03-12;3114;404;63608;26604;8.5;3.6
30;2021-03-13;2227;298;65835;26902;8.8;3.6
30;2021-03-14;83;3;65918;26905;8.8;3.6
30;2021-03-15;1580;571;67498;27476;9.0;3.7
30;2021-03-16;1297;1072;68795;28548;9.2;3.8
30;2021-03-17;1456;650;70251;29198;9.4;3.9
30;2021-03-18;1648;716;71899;29914;9.6;4.0
30;2021-03-19;2250;553;74149;30467;9.9;4.1
30;2021-03-20;1400;149;75549;30616;10.1;4.1
30;2021-03-21;58;9;75607;30625;10.1;4.1
30;2021-03-22;2394;727;78001;31352;10.4;4.2
30;2021-03-23;3512;821;81513;32173;10.9;4.3
30;2021-03-24;3637;835;85150;33008;11.4;4.4
30;2021-03-25;4406;854;89556;33862;12.0;4.5
30;2021-03-26;4361;652;93917;34514;12.5;4.6
30;2021-03-27;1971;381;95888;34895;12.8;4.7
30;2021-03-28;35;29;95923;34924;12.8;4.7
30;2021-03-29;2816;1660;98739;36584;13.2;4.9
30;2021-03-30;3777;1890;102516;38474;13.7;5.1
30;2021-03-31;3505;1656;106021;40130;14.2;5.4
30;2021-04-01;4016;1473;110037;41603;14.7;5.6
30;2021-04-02;3605;1234;113642;42837;15.2;5.7
30;2021-04-03;1061;1230;114703;44067;15.3;5.9
30;2021-04-04;30;189;114733;44256;15.3;5.9
30;2021-04-05;765;292;115498;44548;15.4;6.0
30;2021-04-06;3045;1582;118543;46130;15.8;6.2
30;2021-04-07;2719;1634;121262;47764;16.2;6.4
30;2021-04-08;3922;1499;125184;49263;16.7;6.6
30;2021-04-09;4889;1529;130073;50792;17.4;6.8
30;2021-04-10;2426;1179;132499;51971;17.7;6.9
30;2021-04-11;951;60;133450;52031;17.8;7.0
30;2021-04-12;3142;1499;136592;53530;18.2;7.2
30;2021-04-13;4019;1942;140611;55472;18.8;7.4
30;2021-04-14;3387;1548;143998;57020;19.2;7.6
30;2021-04-15;3827;1476;147825;58496;19.8;7.8
30;2021-04-16;3704;1549;151529;60045;20.2;8.0
30;2021-04-17;1493;959;153022;61004;20.4;8.2
30;2021-04-18;961;67;153983;61071;20.6;8.2
30;2021-04-19;2447;2301;156430;63372;20.9;8.5
30;2021-04-20;2817;2837;159247;66209;21.3;8.8
30;2021-04-21;2599;2580;161846;68789;21.6;9.2
30;2021-04-22;3525;2323;165371;71112;22.1;9.5
30;2021-04-23;3580;2311;168951;73423;22.6;9.8
30;2021-04-24;1347;1231;170298;74654;22.8;10.0
30;2021-04-25;748;92;171046;74746;22.9;10.0
30;2021-04-26;2015;2392;173061;77138;23.1;10.3
30;2021-04-27;2952;2605;176013;79743;23.5;10.7
30;2021-04-28;2839;2495;178852;82238;23.9;11.0
30;2021-04-29;3621;2333;182473;84571;24.4;11.3
30;2021-04-30;3409;2032;185882;86603;24.8;11.6
30;2021-05-01;1746;604;187628;87207;25.1;11.7
30;2021-05-02;667;246;188295;87453;25.2;11.7
30;2021-05-03;3750;2512;192045;89965;25.7;12.0
30;2021-05-04;3976;3547;196021;93512;26.2;12.5
30;2021-05-05;3941;3126;199962;96638;26.7;12.9
30;2021-05-06;4202;3378;204164;100016;27.3;13.4
30;2021-05-07;4080;3071;208244;103087;27.8;13.8
30;2021-05-08;1606;723;209850;103810;28.0;13.9
30;2021-05-09;372;613;210222;104423;28.1;14.0
30;2021-05-10;2921;3121;213143;107544;28.5;14.4
30;2021-05-11;5388;3655;218531;111199;29.2;14.9
30;2021-05-12;5303;3219;223834;114418;29.9;15.3
30;2021-05-13;3230;1029;227064;115447;30.3;15.4
30;2021-05-14;4890;2461;231954;117908;31.0;15.8
30;2021-05-15;3407;1206;235361;119114;31.4;15.9
30;2021-05-16;398;338;235759;119452;31.5;16.0
30;2021-05-17;3793;3033;239552;122485;32.0;16.4
30;2021-05-18;4826;3036;244378;125521;32.7;16.8
30;2021-05-19;4774;2547;249152;128068;33.3;17.1
30;2021-05-20;5014;2576;254166;130644;34.0;17.5
30;2021-05-21;4884;2474;259050;133118;34.6;17.8
30;2021-05-22;3155;1286;262205;134404;35.0;18.0
30;2021-05-23;289;344;262494;134748;35.1;18.0
30;2021-05-24;785;766;263279;135514;35.2;18.1
30;2021-05-25;2654;3158;265933;138672;35.5;18.5
30;2021-05-26;2887;2572;268820;141244;35.9;18.9
30;2021-05-27;3757;2716;272577;143960;36.4;19.2
30;2021-05-28;3325;3263;275902;147223;36.9;19.7
30;2021-05-29;1687;1797;277589;149020;37.1;19.9
30;2021-05-30;360;584;277949;149604;37.1;20.0
30;2021-05-31;2830;2298;280779;151902;37.5;20.3
30;2021-06-01;3657;2796;284436;154698;38.0;20.7
30;2021-06-02;3320;2451;287756;157149;38.4;21.0
30;2021-06-03;4129;3358;291885;160507;39.0;21.4
30;2021-06-04;3896;3400;295781;163907;39.5;21.9
30;2021-06-05;1904;1313;297685;165220;39.8;22.1
30;2021-06-06;684;265;298369;165485;39.9;22.1
30;2021-06-07;4721;2527;303090;168012;40.5;22.4
30;2021-06-08;4830;3330;307920;171342;41.1;22.9
30;2021-06-09;4151;2992;312071;174334;41.7;23.3
30;2021-06-10;4613;3358;316684;177692;42.3;23.7
30;2021-06-11;4583;3811;321267;181503;42.9;24.2
30;2021-06-12;2485;1709;323752;183212;43.3;24.5
30;2021-06-13;493;344;324245;183556;43.3;24.5
30;2021-06-14;2470;4712;326715;188268;43.7;25.2
30;2021-06-15;3198;5312;329913;193580;44.1;25.9
30;2021-06-16;3107;4648;333020;198228;44.5;26.5
30;2021-06-17;3923;4377;336943;202605;45.0;27.1
30;2021-06-18;3714;4698;340657;207303;45.5;27.7
30;2021-06-19;1441;2004;342098;209307;45.7;28.0
30;2021-06-20;357;491;342455;209798;45.8;28.0
30;2021-06-21;2379;4911;344834;214709;46.1;28.7
30;2021-06-22;2365;5742;347199;220451;46.4;29.5
30;2021-06-23;2529;5344;349728;225795;46.7;30.2
30;2021-06-24;2336;4708;352064;230503;47.0;30.8
30;2021-06-25;2611;5603;354675;236106;47.4;31.5
30;2021-06-26;909;2940;355584;239046;47.5;31.9
30;2021-06-27;222;527;355806;239573;47.5;32.0
30;2021-06-28;1670;6024;357476;245597;47.8;32.8
30;2021-06-29;1837;6023;359313;251620;48.0;33.6
30;2021-06-30;2001;5255;361314;256875;48.3;34.3
30;2021-07-01;3107;4719;364421;261594;48.7;35.0
30;2021-07-02;2833;4626;367254;266220;49.1;35.6
30;2021-07-03;1154;3047;368408;269267;49.2;36.0
30;2021-07-04;116;393;368524;269660;49.2;36.0
30;2021-07-05;2026;4030;370550;273690;49.5;36.6
30;2021-07-06;2663;4975;373213;278665;49.9;37.2
30;2021-07-07;2538;4224;375751;282889;50.2;37.8
30;2021-07-08;2012;3418;377763;286307;50.5;38.3
30;2021-07-09;2410;5314;380173;291621;50.8;39.0
30;2021-07-10;1504;2159;381677;293780;51.0;39.3
30;2021-07-11;47;415;381724;294195;51.0;39.3
30;2021-07-12;2527;5154;384251;299349;51.3;40.0
30;2021-07-13;3300;6029;387551;305378;51.8;40.8
30;2021-07-14;502;550;388053;305928;51.8;40.9
30;2021-07-15;4127;5477;392180;311405;52.4;41.6
30;2021-07-16;5038;5729;397218;317134;53.1;42.4
30;2021-07-17;1706;2467;398924;319601;53.3;42.7
30;2021-07-18;146;602;399070;320203;53.3;42.8
30;2021-07-19;3374;6315;402444;326518;53.8;43.6
30;2021-07-20;4641;6524;407085;333042;54.4;44.5
30;2021-07-21;4063;5415;411148;338457;54.9;45.2
30;2021-07-22;4900;5745;416048;344202;55.6;46.0
30;2021-07-23;4998;5872;421046;350074;56.3;46.8
30;2021-07-24;2240;3257;423286;353331;56.6;47.2
30;2021-07-25;137;310;423423;353641;56.6;47.2
30;2021-07-26;4414;4134;427837;357775;57.2;47.8
30;2021-07-27;4856;4654;432693;362429;57.8;48.4
30;2021-07-28;4877;4025;437570;366454;58.5;49.0
30;2021-07-29;5929;4141;443499;370595;59.3;49.5
30;2021-07-30;5343;4396;448842;374991;60.0;50.1
30;2021-07-31;2655;1965;451497;376956;60.3;50.4
30;2021-08-01;735;311;452232;377267;60.4;50.4
30;2021-08-02;3686;4014;455918;381281;60.9;50.9
30;2021-08-03;4887;3957;460805;385238;61.6;51.5
30;2021-08-04;5285;3055;466090;388293;62.3;51.9
30;2021-08-05;4617;3797;470707;392090;62.9;52.4
30;2021-08-06;4333;4066;475040;396156;63.5;52.9
30;2021-08-07;1841;1954;476881;398110;63.7;53.2
30;2021-08-08;620;280;477501;398390;63.8;53.2
30;2021-08-09;3343;3762;480844;402152;64.2;53.7
30;2021-08-10;3926;4402;484770;406554;64.8;54.3
30;2021-08-11;3402;3481;488172;410035;65.2;54.8
30;2021-08-12;3763;4224;491935;414259;65.7;55.3
30;2021-08-13;3309;3341;495244;417600;66.2;55.8
30;2021-08-14;1134;2048;496378;419648;66.3;56.1
30;2021-08-15;270;176;496648;419824;66.4;56.1
30;2021-08-16;2201;4865;498849;424689;66.6;56.7
30;2021-08-17;2745;4199;501594;428888;67.0;57.3
30;2021-08-18;2845;3836;504439;432724;67.4;57.8
30;2021-08-19;2858;4318;507297;437042;67.8;58.4
30;2021-08-20;2609;4468;509906;441510;68.1;59.0
30;2021-08-21;1018;2888;510924;444398;68.3;59.4
30;2021-08-22;227;516;511151;444914;68.3;59.4
30;2021-08-23;1687;4476;512838;449390;68.5;60.0
30;2021-08-24;1955;4526;514793;453916;68.8;60.6
30;2021-08-25;1691;4345;516484;458261;69.0;61.2
30;2021-08-26;1852;4257;518336;462518;69.3;61.8
30;2021-08-27;1778;4358;520114;466876;69.5;62.4
30;2021-08-28;681;2476;520795;469352;69.6;62.7
30;2021-08-29;182;614;520977;469966;69.6;62.8
30;2021-08-30;1408;4247;522385;474213;69.8;63.4
30;2021-08-31;1341;4073;523726;478286;70.0;63.9
30;2021-09-01;1243;3445;524969;481731;70.1;64.4
30;2021-09-02;1399;3312;526368;485043;70.3;64.8
30;2021-09-03;1600;3754;527968;488797;70.5;65.3
30;2021-09-04;686;1808;528654;490605;70.6;65.5
30;2021-09-05;136;486;528790;491091;70.6;65.6
30;2021-09-06;746;2277;529536;493368;70.7;65.9
30;2021-09-07;703;2110;530239;495478;70.8;66.2
30;2021-09-08;869;2551;531108;498029;71.0;66.5
30;2021-09-09;911;2163;532019;500192;71.1;66.8
30;2021-09-10;941;2614;532960;502806;71.2;67.2
30;2021-09-11;553;1584;533513;504390;71.3;67.4
30;2021-09-12;95;224;533608;504614;71.3;67.4
30;2021-09-13;690;1602;534298;506216;71.4;67.6
30;2021-09-14;651;1522;534949;507738;71.5;67.8
30;2021-09-15;733;1838;535682;509576;71.6;68.1
30;2021-09-16;752;1477;536434;511053;71.7;68.3
30;2021-09-17;802;2030;537236;513083;71.8;68.6
30;2021-09-18;399;1011;537635;514094;71.8;68.7
30;2021-09-19;69;158;537704;514252;71.8;68.7
30;2021-09-20;396;1204;538100;515456;71.9;68.9
30;2021-09-21;451;1162;538551;516618;72.0;69.0
30;2021-09-22;482;1384;539033;518002;72.0;69.2
30;2021-09-23;625;1201;539658;519203;72.1;69.4
30;2021-09-24;559;1629;540217;520832;72.2;69.6
30;2021-09-25;324;857;540541;521689;72.2;69.7
30;2021-09-26;54;168;540595;521857;72.2;69.7
30;2021-09-27;380;893;540975;522750;72.3;69.8
30;2021-09-28;576;894;541551;523644;72.4;70.0
30;2021-09-29;456;1066;542007;524710;72.4;70.1
30;2021-09-30;405;912;542412;525622;72.5;70.2
30;2021-10-01;500;1000;542912;526622;72.5;70.4
30;2021-10-02;267;580;543179;527202;72.6;70.4
30;2021-10-03;25;47;543204;527249;72.6;70.4
30;2021-10-04;330;788;543534;528037;72.6;70.5
30;2021-10-05;310;660;543844;528697;72.7;70.6
30;2021-10-06;377;854;544221;529551;72.7;70.8
30;2021-10-07;378;840;544599;530391;72.8;70.9
30;2021-10-08;428;1054;545027;531445;72.8;71.0
30;2021-10-09;284;563;545311;532008;72.9;71.1
30;2021-10-10;5;34;545316;532042;72.9;71.1
30;2021-10-11;243;542;545559;532584;72.9;71.2
30;2021-10-12;361;707;545920;533291;72.9;71.3
31;2020-12-27;0;0;0;0;0.0;0.0
31;2020-12-28;2;0;2;0;0.0;0.0
31;2020-12-29;0;0;2;0;0.0;0.0
31;2020-12-30;0;0;2;0;0.0;0.0
31;2020-12-31;1;0;3;0;0.0;0.0
31;2021-01-01;4;0;7;0;0.0;0.0
31;2021-01-02;1;0;8;0;0.0;0.0
31;2021-01-03;2;0;10;0;0.0;0.0
31;2021-01-04;5;0;15;0;0.0;0.0
31;2021-01-05;50;0;65;0;0.0;0.0
31;2021-01-06;212;2;277;2;0.0;0.0
31;2021-01-07;284;1;561;3;0.0;0.0
31;2021-01-08;546;1;1107;4;0.1;0.0
31;2021-01-09;275;0;1382;4;0.1;0.0
31;2021-01-10;286;0;1668;4;0.1;0.0
31;2021-01-11;983;4;2651;8;0.2;0.0
31;2021-01-12;1192;1;3843;9;0.3;0.0
31;2021-01-13;1158;5;5001;14;0.4;0.0
31;2021-01-14;1179;20;6180;34;0.4;0.0
31;2021-01-15;1048;3;7228;37;0.5;0.0
31;2021-01-16;243;1;7471;38;0.5;0.0
31;2021-01-17;176;0;7647;38;0.5;0.0
31;2021-01-18;1616;6;9263;44;0.7;0.0
31;2021-01-19;2938;12;12201;56;0.9;0.0
31;2021-01-20;3683;15;15884;71;1.1;0.0
31;2021-01-21;2997;9;18881;80;1.3;0.0
31;2021-01-22;2275;7;21156;87;1.5;0.0
31;2021-01-23;728;2;21884;89;1.6;0.0
31;2021-01-24;212;1;22096;90;1.6;0.0
31;2021-01-25;1744;9;23840;99;1.7;0.0
31;2021-01-26;1839;64;25679;163;1.8;0.0
31;2021-01-27;1574;151;27253;314;1.9;0.0
31;2021-01-28;1385;299;28638;613;2.0;0.0
31;2021-01-29;1360;351;29998;964;2.1;0.1
31;2021-01-30;446;186;30444;1150;2.2;0.1
31;2021-01-31;61;209;30505;1359;2.2;0.1
31;2021-02-01;1183;735;31688;2094;2.3;0.1
31;2021-02-02;3056;809;34744;2903;2.5;0.2
31;2021-02-03;1922;788;36666;3691;2.6;0.3
31;2021-02-04;1814;846;38480;4537;2.7;0.3
31;2021-02-05;1343;579;39823;5116;2.8;0.4
31;2021-02-06;385;57;40208;5173;2.9;0.4
31;2021-02-07;37;42;40245;5215;2.9;0.4
31;2021-02-08;1116;666;41361;5881;3.0;0.4
31;2021-02-09;1679;1574;43040;7455;3.1;0.5
31;2021-02-10;1964;2475;45004;9930;3.2;0.7
31;2021-02-11;1813;1826;46817;11756;3.3;0.8
31;2021-02-12;1540;797;48357;12553;3.5;0.9
31;2021-02-13;504;228;48861;12781;3.5;0.9
31;2021-02-14;56;216;48917;12997;3.5;0.9
31;2021-02-15;445;1368;49362;14365;3.5;1.0
31;2021-02-16;463;1543;49825;15908;3.6;1.1
31;2021-02-17;473;1633;50298;17541;3.6;1.3
31;2021-02-18;477;1748;50775;19289;3.6;1.4
31;2021-02-19;393;1564;51168;20853;3.7;1.5
31;2021-02-20;69;529;51237;21382;3.7;1.5
31;2021-02-21;77;161;51314;21543;3.7;1.5
31;2021-02-22;434;1731;51748;23274;3.7;1.7
31;2021-02-23;863;3011;52611;26285;3.8;1.9
31;2021-02-24;652;2187;53263;28472;3.8;2.0
31;2021-02-25;1435;1847;54698;30319;3.9;2.2
31;2021-02-26;1711;1234;56409;31553;4.0;2.3
31;2021-02-27;638;404;57047;31957;4.1;2.3
31;2021-02-28;78;54;57125;32011;4.1;2.3
31;2021-03-01;875;1134;58000;33145;4.1;2.4
31;2021-03-02;1239;1667;59239;34812;4.2;2.5
31;2021-03-03;1357;1814;60596;36626;4.3;2.6
31;2021-03-04;2424;1508;63020;38134;4.5;2.7
31;2021-03-05;3053;1607;66073;39741;4.7;2.8
31;2021-03-06;2834;413;68907;40154;4.9;2.9
31;2021-03-07;5368;112;74275;40266;5.3;2.9
31;2021-03-08;1599;1097;75874;41363;5.4;3.0
31;2021-03-09;2792;1199;78666;42562;5.6;3.0
31;2021-03-10;2574;1104;81240;43666;5.8;3.1
31;2021-03-11;4382;1169;85622;44835;6.1;3.2
31;2021-03-12;5321;1212;90943;46047;6.5;3.3
31;2021-03-13;2839;510;93782;46557;6.7;3.3
31;2021-03-14;235;49;94017;46606;6.7;3.3
31;2021-03-15;2584;435;96601;47041;6.9;3.4
31;2021-03-16;1746;823;98347;47864;7.0;3.4
31;2021-03-17;1656;563;100003;48427;7.1;3.5
31;2021-03-18;1988;713;101991;49140;7.3;3.5
31;2021-03-19;3185;534;105176;49674;7.5;3.5
31;2021-03-20;1797;142;106973;49816;7.6;3.6
31;2021-03-21;211;35;107184;49851;7.7;3.6
31;2021-03-22;2580;375;109764;50226;7.8;3.6
31;2021-03-23;4057;328;113821;50554;8.1;3.6
31;2021-03-24;4357;299;118178;50853;8.4;3.6
31;2021-03-25;6042;536;124220;51389;8.9;3.7
31;2021-03-26;5466;525;129686;51914;9.3;3.7
31;2021-03-27;4351;214;134037;52128;9.6;3.7
31;2021-03-28;2291;48;136328;52176;9.7;3.7
31;2021-03-29;4206;435;140534;52611;10.0;3.8
31;2021-03-30;6594;560;147128;53171;10.5;3.8
31;2021-03-31;5650;394;152778;53565;10.9;3.8
31;2021-04-01;6968;568;159746;54133;11.4;3.9
31;2021-04-02;6102;596;165848;54729;11.8;3.9
31;2021-04-03;3927;159;169775;54888;12.1;3.9
31;2021-04-04;2060;116;171835;55004;12.3;3.9
31;2021-04-05;481;70;172316;55074;12.3;3.9
31;2021-04-06;4165;1159;176481;56233;12.6;4.0
31;2021-04-07;5988;991;182469;57224;13.0;4.1
31;2021-04-08;7570;1043;190039;58267;13.6;4.2
31;2021-04-09;8385;1261;198424;59528;14.2;4.2
31;2021-04-10;4717;549;203141;60077;14.5;4.3
31;2021-04-11;2069;140;205210;60217;14.6;4.3
31;2021-04-12;6001;1847;211211;62064;15.1;4.4
31;2021-04-13;8048;2042;219259;64106;15.7;4.6
31;2021-04-14;6655;1932;225914;66038;16.1;4.7
31;2021-04-15;7771;2254;233685;68292;16.7;4.9
31;2021-04-16;7177;2103;240862;70395;17.2;5.0
31;2021-04-17;4414;915;245276;71310;17.5;5.1
31;2021-04-18;2513;358;247789;71668;17.7;5.1
31;2021-04-19;5220;2035;253009;73703;18.1;5.3
31;2021-04-20;6074;2854;259083;76557;18.5;5.5
31;2021-04-21;5974;2803;265057;79360;18.9;5.7
31;2021-04-22;6379;3251;271436;82611;19.4;5.9
31;2021-04-23;6283;2566;277719;85177;19.8;6.1
31;2021-04-24;1616;3143;279335;88320;19.9;6.3
31;2021-04-25;688;2097;280023;90417;20.0;6.5
31;2021-04-26;3794;3229;283817;93646;20.3;6.7
31;2021-04-27;4517;3902;288334;97548;20.6;7.0
31;2021-04-28;4544;3561;292878;101109;20.9;7.2
31;2021-04-29;5183;4078;298061;105187;21.3;7.5
31;2021-04-30;5039;4148;303100;109335;21.6;7.8
31;2021-05-01;1487;3120;304587;112455;21.7;8.0
31;2021-05-02;1416;1979;306003;114434;21.8;8.2
31;2021-05-03;5658;2426;311661;116860;22.2;8.3
31;2021-05-04;4780;4750;316441;121610;22.6;8.7
31;2021-05-05;2994;5731;319435;127341;22.8;9.1
31;2021-05-06;3635;7386;323070;134727;23.1;9.6
31;2021-05-07;5258;7178;328328;141905;23.4;10.1
31;2021-05-08;3634;3103;331962;145008;23.7;10.4
31;2021-05-09;3760;2310;335722;147318;24.0;10.5
31;2021-05-10;5683;5482;341405;152800;24.4;10.9
31;2021-05-11;6605;6704;348010;159504;24.8;11.4
31;2021-05-12;6172;5939;354182;165443;25.3;11.8
31;2021-05-13;4642;2068;358824;167511;25.6;12.0
31;2021-05-14;6911;3982;365735;171493;26.1;12.2
31;2021-05-15;5145;1756;370880;173249;26.5;12.4
31;2021-05-16;3300;634;374180;173883;26.7;12.4
31;2021-05-17;5143;4151;379323;178034;27.1;12.7
31;2021-05-18;5589;4279;384912;182313;27.5;13.0
31;2021-05-19;5782;3763;390694;186076;27.9;13.3
31;2021-05-20;6473;4806;397167;190882;28.4;13.6
31;2021-05-21;5984;4605;403151;195487;28.8;14.0
31;2021-05-22;4082;1628;407233;197115;29.1;14.1
31;2021-05-23;3583;342;410816;197457;29.3;14.1
31;2021-05-24;3881;707;414697;198164;29.6;14.1
31;2021-05-25;6190;3613;420887;201777;30.0;14.4
31;2021-05-26;5608;4644;426495;206421;30.4;14.7
31;2021-05-27;4788;6193;431283;212614;30.8;15.2
31;2021-05-28;4116;6349;435399;218963;31.1;15.6
31;2021-05-29;1917;4032;437316;222995;31.2;15.9
31;2021-05-30;751;2362;438067;225357;31.3;16.1
31;2021-05-31;4397;5083;442464;230440;31.6;16.4
31;2021-06-01;5954;6565;448418;237005;32.0;16.9
31;2021-06-02;5803;6308;454221;243313;32.4;17.4
31;2021-06-03;7308;8139;461529;251452;32.9;17.9
31;2021-06-04;7541;7165;469070;258617;33.5;18.5
31;2021-06-05;9078;2778;478148;261395;34.1;18.7
31;2021-06-06;8106;1579;486254;262974;34.7;18.8
31;2021-06-07;7986;5473;494240;268447;35.3;19.2
31;2021-06-08;9105;6051;503345;274498;35.9;19.6
31;2021-06-09;8918;5558;512263;280056;36.6;20.0
31;2021-06-10;9781;6362;522044;286418;37.3;20.4
31;2021-06-11;10050;6638;532094;293056;38.0;20.9
31;2021-06-12;8788;3026;540882;296082;38.6;21.1
31;2021-06-13;8378;2018;549260;298100;39.2;21.3
31;2021-06-14;8429;6731;557689;304831;39.8;21.8
31;2021-06-15;9773;7445;567462;312276;40.5;22.3
31;2021-06-16;8735;5261;576197;317537;41.1;22.7
31;2021-06-17;8277;6609;584474;324146;41.7;23.1
31;2021-06-18;8551;7755;593025;331901;42.3;23.7
31;2021-06-19;7364;5442;600389;337343;42.9;24.1
31;2021-06-20;5572;3727;605961;341070;43.3;24.3
31;2021-06-21;5374;6918;611335;347988;43.6;24.8
31;2021-06-22;4986;8231;616321;356219;44.0;25.4
31;2021-06-23;5105;7284;621426;363503;44.4;25.9
31;2021-06-24;4634;8340;626060;371843;44.7;26.5
31;2021-06-25;5014;9313;631074;381156;45.0;27.2
31;2021-06-26;4282;6398;635356;387554;45.4;27.7
31;2021-06-27;3596;4106;638952;391660;45.6;28.0
31;2021-06-28;4098;6646;643050;398306;45.9;28.4
31;2021-06-29;3798;7563;646848;405869;46.2;29.0
31;2021-06-30;4280;7821;651128;413690;46.5;29.5
31;2021-07-01;4122;8471;655250;422161;46.8;30.1
31;2021-07-02;4113;9329;659363;431490;47.1;30.8
31;2021-07-03;4100;6113;663463;437603;47.4;31.2
31;2021-07-04;3205;4812;666668;442415;47.6;31.6
31;2021-07-05;4057;7094;670725;449509;47.9;32.1
31;2021-07-06;3889;8363;674614;457872;48.2;32.7
31;2021-07-07;3964;7962;678578;465834;48.4;33.3
31;2021-07-08;4054;8540;682632;474374;48.7;33.9
31;2021-07-09;4462;8800;687094;483174;49.0;34.5
31;2021-07-10;3918;5498;691012;488672;49.3;34.9
31;2021-07-11;3137;4138;694149;492810;49.5;35.2
31;2021-07-12;3825;8641;697974;501451;49.8;35.8
31;2021-07-13;6921;9446;704895;510897;50.3;36.5
31;2021-07-14;6167;3938;711062;514835;50.8;36.7
31;2021-07-15;8515;9451;719577;524286;51.4;37.4
31;2021-07-16;7775;9920;727352;534206;51.9;38.1
31;2021-07-17;8357;10558;735709;544764;52.5;38.9
31;2021-07-18;6620;9474;742329;554238;53.0;39.6
31;2021-07-19;4794;10778;747123;565016;53.3;40.3
31;2021-07-20;7160;11483;754283;576499;53.8;41.2
31;2021-07-21;7040;11532;761323;588031;54.3;42.0
31;2021-07-22;8165;11767;769488;599798;54.9;42.8
31;2021-07-23;7475;11818;776963;611616;55.5;43.7
31;2021-07-24;10310;10575;787273;622191;56.2;44.4
31;2021-07-25;7560;8803;794833;630994;56.7;45.0
31;2021-07-26;5514;9545;800347;640539;57.1;45.7
31;2021-07-27;7961;9199;808308;649738;57.7;46.4
31;2021-07-28;8677;8285;816985;658023;58.3;47.0
31;2021-07-29;8855;8054;825840;666077;58.9;47.5
31;2021-07-30;7673;7988;833513;674065;59.5;48.1
31;2021-07-31;6015;7394;839528;681459;59.9;48.6
31;2021-08-01;4431;4303;843959;685762;60.2;49.0
31;2021-08-02;5490;5419;849449;691181;60.6;49.3
31;2021-08-03;5896;5187;855345;696368;61.1;49.7
31;2021-08-04;5925;4808;861270;701176;61.5;50.1
31;2021-08-05;5585;7232;866855;708408;61.9;50.6
31;2021-08-06;5303;7344;872158;715752;62.3;51.1
31;2021-08-07;4596;6652;876754;722404;62.6;51.6
31;2021-08-08;3385;5579;880139;727983;62.8;52.0
31;2021-08-09;4396;7011;884535;734994;63.1;52.5
31;2021-08-10;4686;6286;889221;741280;63.5;52.9
31;2021-08-11;4527;5860;893748;747140;63.8;53.3
31;2021-08-12;4524;6759;898272;753899;64.1;53.8
31;2021-08-13;4174;6204;902446;760103;64.4;54.3
31;2021-08-14;3033;6462;905479;766565;64.6;54.7
31;2021-08-15;1309;4097;906788;770662;64.7;55.0
31;2021-08-16;3219;8118;910007;778780;65.0;55.6
31;2021-08-17;3435;7098;913442;785878;65.2;56.1
31;2021-08-18;3314;7008;916756;792886;65.4;56.6
31;2021-08-19;2987;6994;919743;799880;65.7;57.1
31;2021-08-20;3025;7396;922768;807276;65.9;57.6
31;2021-08-21;1980;6801;924748;814077;66.0;58.1
31;2021-08-22;1486;5638;926234;819715;66.1;58.5
31;2021-08-23;2385;7728;928619;827443;66.3;59.1
31;2021-08-24;2609;6174;931228;833617;66.5;59.5
31;2021-08-25;2413;5729;933641;839346;66.6;59.9
31;2021-08-26;2279;5801;935920;845147;66.8;60.3
31;2021-08-27;2363;6663;938283;851810;67.0;60.8
31;2021-08-28;1846;6790;940129;858600;67.1;61.3
31;2021-08-29;1282;5067;941411;863667;67.2;61.6
31;2021-08-30;2190;6586;943601;870253;67.4;62.1
31;2021-08-31;2257;5450;945858;875703;67.5;62.5
31;2021-09-01;1754;4656;947612;880359;67.6;62.8
31;2021-09-02;1770;4050;949382;884409;67.8;63.1
31;2021-09-03;1830;4714;951212;889123;67.9;63.5
31;2021-09-04;2006;5688;953218;894811;68.0;63.9
31;2021-09-05;1129;2172;954347;896983;68.1;64.0
31;2021-09-06;1365;3040;955712;900023;68.2;64.2
31;2021-09-07;1262;2866;956974;902889;68.3;64.4
31;2021-09-08;1424;3424;958398;906313;68.4;64.7
31;2021-09-09;1109;2563;959507;908876;68.5;64.9
31;2021-09-10;1677;3415;961184;912291;68.6;65.1
31;2021-09-11;1292;3775;962476;916066;68.7;65.4
31;2021-09-12;541;1683;963017;917749;68.7;65.5
31;2021-09-13;1014;1991;964031;919740;68.8;65.7
31;2021-09-14;1249;2012;965280;921752;68.9;65.8
31;2021-09-15;1087;2691;966367;924443;69.0;66.0
31;2021-09-16;899;1680;967266;926123;69.0;66.1
31;2021-09-17;1076;2508;968342;928631;69.1;66.3
31;2021-09-18;856;2798;969198;931429;69.2;66.5
31;2021-09-19;321;1241;969519;932670;69.2;66.6
31;2021-09-20;608;1597;970127;934267;69.2;66.7
31;2021-09-21;824;1561;970951;935828;69.3;66.8
31;2021-09-22;833;2060;971784;937888;69.4;66.9
31;2021-09-23;773;1548;972557;939436;69.4;67.1
31;2021-09-24;830;2008;973387;941444;69.5;67.2
31;2021-09-25;662;2534;974049;943978;69.5;67.4
31;2021-09-26;249;1127;974298;945105;69.5;67.5
31;2021-09-27;690;1509;974988;946614;69.6;67.6
31;2021-09-28;728;1350;975716;947964;69.6;67.7
31;2021-09-29;757;1666;976473;949630;69.7;67.8
31;2021-09-30;719;1245;977192;950875;69.8;67.9
31;2021-10-01;825;1852;978017;952727;69.8;68.0
31;2021-10-02;765;1761;978782;954488;69.9;68.1
31;2021-10-03;107;349;978889;954837;69.9;68.2
31;2021-10-04;390;692;979279;955529;69.9;68.2
31;2021-10-05;535;1318;979814;956847;69.9;68.3
31;2021-10-06;602;1192;980416;958039;70.0;68.4
31;2021-10-07;640;1389;981056;959428;70.0;68.5
31;2021-10-08;758;1186;981814;960614;70.1;68.6
31;2021-10-09;506;1274;982320;961888;70.1;68.7
31;2021-10-10;20;57;982340;961945;70.1;68.7
31;2021-10-11;364;507;982704;962452;70.1;68.7
31;2021-10-12;582;1053;983286;963505;70.2;68.8
32;2020-12-27;0;0;0;0;0.0;0.0
32;2020-12-28;0;0;0;0;0.0;0.0
32;2020-12-29;0;0;0;0;0.0;0.0
32;2020-12-30;0;0;0;0;0.0;0.0
32;2020-12-31;0;0;0;0;0.0;0.0
32;2021-01-01;0;0;0;0;0.0;0.0
32;2021-01-02;0;0;0;0;0.0;0.0
32;2021-01-03;1;0;1;0;0.0;0.0
32;2021-01-04;3;0;4;0;0.0;0.0
32;2021-01-05;2;0;6;0;0.0;0.0
32;2021-01-06;3;0;9;0;0.0;0.0
32;2021-01-07;155;0;164;0;0.1;0.0
32;2021-01-08;70;0;234;0;0.1;0.0
32;2021-01-09;5;0;239;0;0.1;0.0
32;2021-01-10;0;0;239;0;0.1;0.0
32;2021-01-11;11;0;250;0;0.1;0.0
32;2021-01-12;96;0;346;0;0.2;0.0
32;2021-01-13;325;1;671;1;0.4;0.0
32;2021-01-14;389;3;1060;4;0.6;0.0
32;2021-01-15;449;3;1509;7;0.8;0.0
32;2021-01-16;17;2;1526;9;0.8;0.0
32;2021-01-17;1;0;1527;9;0.8;0.0
32;2021-01-18;345;1;1872;10;1.0;0.0
32;2021-01-19;420;0;2292;10;1.2;0.0
32;2021-01-20;358;0;2650;10;1.4;0.0
32;2021-01-21;582;2;3232;12;1.7;0.0
32;2021-01-22;372;0;3604;12;1.9;0.0
32;2021-01-23;189;0;3793;12;2.0;0.0
32;2021-01-24;5;0;3798;12;2.0;0.0
32;2021-01-25;468;1;4266;13;2.2;0.0
32;2021-01-26;611;0;4877;13;2.6;0.0
32;2021-01-27;703;4;5580;17;2.9;0.0
32;2021-01-28;687;15;6267;32;3.3;0.0
32;2021-01-29;461;54;6728;86;3.5;0.0
32;2021-01-30;260;0;6988;86;3.7;0.0
32;2021-01-31;4;5;6992;91;3.7;0.0
32;2021-02-01;289;58;7281;149;3.8;0.1
32;2021-02-02;641;139;7922;288;4.2;0.2
32;2021-02-03;338;200;8260;488;4.3;0.3
32;2021-02-04;427;279;8687;767;4.6;0.4
32;2021-02-05;346;360;9033;1127;4.8;0.6
32;2021-02-06;148;0;9181;1127;4.8;0.6
32;2021-02-07;0;36;9181;1163;4.8;0.6
32;2021-02-08;278;121;9459;1284;5.0;0.7
32;2021-02-09;310;229;9769;1513;5.1;0.8
32;2021-02-10;272;254;10041;1767;5.3;0.9
32;2021-02-11;383;317;10424;2084;5.5;1.1
32;2021-02-12;298;280;10722;2364;5.6;1.2
32;2021-02-13;249;1;10971;2365;5.8;1.2
32;2021-02-14;0;28;10971;2393;5.8;1.3
32;2021-02-15;25;212;10996;2605;5.8;1.4
32;2021-02-16;395;368;11391;2973;6.0;1.6
32;2021-02-17;191;474;11582;3447;6.1;1.8
32;2021-02-18;333;493;11915;3940;6.3;2.1
32;2021-02-19;184;278;12099;4218;6.4;2.2
32;2021-02-20;1;120;12100;4338;6.4;2.3
32;2021-02-21;0;0;12100;4338;6.4;2.3
32;2021-02-22;158;385;12258;4723;6.5;2.5
32;2021-02-23;432;571;12690;5294;6.7;2.8
32;2021-02-24;276;381;12966;5675;6.8;3.0
32;2021-02-25;480;526;13446;6201;7.1;3.3
32;2021-02-26;444;384;13890;6585;7.3;3.5
32;2021-02-27;157;246;14047;6831;7.4;3.6
32;2021-02-28;4;0;14051;6831;7.4;3.6
32;2021-03-01;51;300;14102;7131;7.4;3.8
32;2021-03-02;414;449;14516;7580;7.6;4.0
32;2021-03-03;276;292;14792;7872;7.8;4.1
32;2021-03-04;541;340;15333;8212;8.1;4.3
32;2021-03-05;438;248;15771;8460;8.3;4.5
32;2021-03-06;520;173;16291;8633;8.6;4.5
32;2021-03-07;25;5;16316;8638;8.6;4.5
32;2021-03-08;234;295;16550;8933;8.7;4.7
32;2021-03-09;644;333;17194;9266;9.0;4.9
32;2021-03-10;482;329;17676;9595;9.3;5.0
32;2021-03-11;855;295;18531;9890;9.8;5.2
32;2021-03-12;881;344;19412;10234;10.2;5.4
32;2021-03-13;492;246;19904;10480;10.5;5.5
32;2021-03-14;1;0;19905;10480;10.5;5.5
32;2021-03-15;264;26;20169;10506;10.6;5.5
32;2021-03-16;314;310;20483;10816;10.8;5.7
32;2021-03-17;150;156;20633;10972;10.9;5.8
32;2021-03-18;375;308;21008;11280;11.1;5.9
32;2021-03-19;405;183;21413;11463;11.3;6.0
32;2021-03-20;136;33;21549;11496;11.3;6.0
32;2021-03-21;0;0;21549;11496;11.3;6.0
32;2021-03-22;340;170;21889;11666;11.5;6.1
32;2021-03-23;560;399;22449;12065;11.8;6.3
32;2021-03-24;643;271;23092;12336;12.2;6.5
32;2021-03-25;899;418;23991;12754;12.6;6.7
32;2021-03-26;657;294;24648;13048;13.0;6.9
32;2021-03-27;165;3;24813;13051;13.1;6.9
32;2021-03-28;1;1;24814;13052;13.1;6.9
32;2021-03-29;371;49;25185;13101;13.3;6.9
32;2021-03-30;766;290;25951;13391;13.7;7.0
32;2021-03-31;654;174;26605;13565;14.0;7.1
32;2021-04-01;1237;320;27842;13885;14.7;7.3
32;2021-04-02;575;167;28417;14052;15.0;7.4
32;2021-04-03;114;0;28531;14052;15.0;7.4
32;2021-04-04;0;0;28531;14052;15.0;7.4
32;2021-04-05;0;0;28531;14052;15.0;7.4
32;2021-04-06;2650;316;31181;14368;16.4;7.6
32;2021-04-07;1178;206;32359;14574;17.0;7.7
32;2021-04-08;1736;407;34095;14981;17.9;7.9
32;2021-04-09;883;218;34978;15199;18.4;8.0
32;2021-04-10;809;30;35787;15229;18.8;8.0
32;2021-04-11;14;0;35801;15229;18.8;8.0
32;2021-04-12;477;23;36278;15252;19.1;8.0
32;2021-04-13;2469;389;38747;15641;20.4;8.2
32;2021-04-14;1226;264;39973;15905;21.0;8.4
32;2021-04-15;1704;395;41677;16300;21.9;8.6
32;2021-04-16;638;283;42315;16583;22.3;8.7
32;2021-04-17;783;39;43098;16622;22.7;8.7
32;2021-04-18;13;1;43111;16623;22.7;8.7
32;2021-04-19;502;46;43613;16669;22.9;8.8
32;2021-04-20;2472;394;46085;17063;24.3;9.0
32;2021-04-21;1009;302;47094;17365;24.8;9.1
32;2021-04-22;1662;321;48756;17686;25.7;9.3
32;2021-04-23;549;159;49305;17845;25.9;9.4
32;2021-04-24;1392;58;50697;17903;26.7;9.4
32;2021-04-25;0;11;50697;17914;26.7;9.4
32;2021-04-26;387;359;51084;18273;26.9;9.6
32;2021-04-27;2551;559;53635;18832;28.2;9.9
32;2021-04-28;972;357;54607;19189;28.7;10.1
32;2021-04-29;1008;885;55615;20074;29.3;10.6
32;2021-04-30;453;363;56068;20437;29.5;10.8
32;2021-05-01;2607;98;58675;20535;30.9;10.8
32;2021-05-02;0;0;58675;20535;30.9;10.8
32;2021-05-03;170;321;58845;20856;31.0;11.0
32;2021-05-04;785;2497;59630;23353;31.4;12.3
32;2021-05-05;2360;1101;61990;24454;32.6;12.9
32;2021-05-06;516;1661;62506;26115;32.9;13.7
32;2021-05-07;2286;539;64792;26654;34.1;14.0
32;2021-05-08;70;516;64862;27170;34.1;14.3
32;2021-05-09;21;179;64883;27349;34.1;14.4
32;2021-05-10;1994;553;66877;27902;35.2;14.7
32;2021-05-11;651;2278;67528;30180;35.5;15.9
32;2021-05-12;2313;1137;69841;31317;36.8;16.5
32;2021-05-13;280;1417;70121;32734;36.9;17.2
32;2021-05-14;2223;328;72344;33062;38.1;17.4
32;2021-05-15;134;712;72478;33774;38.1;17.8
32;2021-05-16;2;0;72480;33774;38.1;17.8
32;2021-05-17;353;170;72833;33944;38.3;17.9
32;2021-05-18;1642;298;74475;34242;39.2;18.0
32;2021-05-19;2474;273;76949;34515;40.5;18.2
32;2021-05-20;2885;471;79834;34986;42.0;18.4
32;2021-05-21;2532;500;82366;35486;43.3;18.7
32;2021-05-22;334;110;82700;35596;43.5;18.7
32;2021-05-23;2;13;82702;35609;43.5;18.7
32;2021-05-24;3;0;82705;35609;43.5;18.7
32;2021-05-25;1982;374;84687;35983;44.6;18.9
32;2021-05-26;2547;557;87234;36540;45.9;19.2
32;2021-05-27;2876;626;90110;37166;47.4;19.6
32;2021-05-28;2308;767;92418;37933;48.6;20.0
32;2021-05-29;372;314;92790;38247;48.8;20.1
32;2021-05-30;4;6;92794;38253;48.8;20.1
32;2021-05-31;1413;626;94207;38879;49.6;20.5
32;2021-06-01;567;2889;94774;41768;49.9;22.0
32;2021-06-02;1580;1351;96354;43119;50.7;22.7
32;2021-06-03;395;2086;96749;45205;50.9;23.8
32;2021-06-04;1836;831;98585;46036;51.9;24.2
32;2021-06-05;206;1660;98791;47696;52.0;25.1
32;2021-06-06;8;14;98799;47710;52.0;25.1
32;2021-06-07;102;418;98901;48128;52.0;25.3
32;2021-06-08;663;2538;99564;50666;52.4;26.7
32;2021-06-09;1191;1056;100755;51722;53.0;27.2
32;2021-06-10;684;1225;101439;52947;53.4;27.9
32;2021-06-11;926;663;102365;53610;53.9;28.2
32;2021-06-12;150;2679;102515;56289;53.9;29.6
32;2021-06-13;1;1;102516;56290;53.9;29.6
32;2021-06-14;528;210;103044;56500;54.2;29.7
32;2021-06-15;1733;1027;104777;57527;55.1;30.3
32;2021-06-16;850;2778;105627;60305;55.6;31.7
32;2021-06-17;859;829;106486;61134;56.0;32.2
32;2021-06-18;315;2724;106801;63858;56.2;33.6
32;2021-06-19;914;437;107715;64295;56.7;33.8
32;2021-06-20;5;13;107720;64308;56.7;33.8
32;2021-06-21;67;1994;107787;66302;56.7;34.9
32;2021-06-22;1042;971;108829;67273;57.3;35.4
32;2021-06-23;517;2184;109346;69457;57.5;36.5
32;2021-06-24;528;517;109874;69974;57.8;36.8
32;2021-06-25;501;2360;110375;72334;58.1;38.1
32;2021-06-26;108;171;110483;72505;58.1;38.2
32;2021-06-27;2;5;110485;72510;58.1;38.2
32;2021-06-28;630;603;111115;73113;58.5;38.5
32;2021-06-29;800;1982;111915;75095;58.9;39.5
32;2021-06-30;757;2726;112672;77821;59.3;40.9
32;2021-07-01;538;2638;113210;80459;59.6;42.3
32;2021-07-02;641;2335;113851;82794;59.9;43.6
32;2021-07-03;481;506;114332;83300;60.2;43.8
32;2021-07-04;2;12;114334;83312;60.2;43.8
32;2021-07-05;76;390;114410;83702;60.2;44.0
32;2021-07-06;878;2083;115288;85785;60.7;45.1
32;2021-07-07;781;2757;116069;88542;61.1;46.6
32;2021-07-08;479;2268;116548;90810;61.3;47.8
32;2021-07-09;615;2226;117163;93036;61.7;49.0
32;2021-07-10;536;520;117699;93556;61.9;49.2
32;2021-07-11;0;5;117699;93561;61.9;49.2
32;2021-07-12;526;1244;118225;94805;62.2;49.9
32;2021-07-13;1695;1817;119920;96622;63.1;50.8
32;2021-07-14;492;36;120412;96658;63.4;50.9
32;2021-07-15;2096;892;122508;97550;64.5;51.3
32;2021-07-16;1170;1914;123678;99464;65.1;52.3
32;2021-07-17;78;128;123756;99592;65.1;52.4
32;2021-07-18;2;5;123758;99597;65.1;52.4
32;2021-07-19;1997;147;125755;99744;66.2;52.5
32;2021-07-20;2036;1272;127791;101016;67.2;53.2
32;2021-07-21;1614;1692;129405;102708;68.1;54.0
32;2021-07-22;1946;513;131351;103221;69.1;54.3
32;2021-07-23;1408;1731;132759;104952;69.9;55.2
32;2021-07-24;139;118;132898;105070;69.9;55.3
32;2021-07-25;34;10;132932;105080;69.9;55.3
32;2021-07-26;1071;1070;134003;106150;70.5;55.9
32;2021-07-27;1730;2100;135733;108250;71.4;57.0
32;2021-07-28;694;975;136427;109225;71.8;57.5
32;2021-07-29;1694;1609;138121;110834;72.7;58.3
32;2021-07-30;363;349;138484;111183;72.9;58.5
32;2021-07-31;186;350;138670;111533;73.0;58.7
32;2021-08-01;18;4;138688;111537;73.0;58.7
32;2021-08-02;82;76;138770;111613;73.0;58.7
32;2021-08-03;1173;1792;139943;113405;73.6;59.7
32;2021-08-04;634;652;140577;114057;74.0;60.0
32;2021-08-05;1105;1944;141682;116001;74.6;61.0
32;2021-08-06;563;495;142245;116496;74.9;61.3
32;2021-08-07;148;92;142393;116588;74.9;61.3
32;2021-08-08;1;0;142394;116588;74.9;61.3
32;2021-08-09;263;1826;142657;118414;75.1;62.3
32;2021-08-10;715;2078;143372;120492;75.4;63.4
32;2021-08-11;579;446;143951;120938;75.7;63.6
32;2021-08-12;931;2102;144882;123040;76.2;64.7
32;2021-08-13;178;249;145060;123289;76.3;64.9
32;2021-08-14;113;117;145173;123406;76.4;64.9
32;2021-08-15;13;21;145186;123427;76.4;64.9
32;2021-08-16;44;40;145230;123467;76.4;65.0
32;2021-08-17;573;2301;145803;125768;76.7;66.2
32;2021-08-18;312;559;146115;126327;76.9;66.5
32;2021-08-19;957;1410;147072;127737;77.4;67.2
32;2021-08-20;200;166;147272;127903;77.5;67.3
32;2021-08-21;150;193;147422;128096;77.6;67.4
32;2021-08-22;8;3;147430;128099;77.6;67.4
32;2021-08-23;45;101;147475;128200;77.6;67.5
32;2021-08-24;585;1449;148060;129649;77.9;68.2
32;2021-08-25;94;191;148154;129840;78.0;68.3
32;2021-08-26;321;2261;148475;132101;78.1;69.5
32;2021-08-27;276;553;148751;132654;78.3;69.8
32;2021-08-28;70;109;148821;132763;78.3;69.9
32;2021-08-29;1;8;148822;132771;78.3;69.9
32;2021-08-30;20;49;148842;132820;78.3;69.9
32;2021-08-31;195;1516;149037;134336;78.4;70.7
32;2021-09-01;674;784;149711;135120;78.8;71.1
32;2021-09-02;318;1579;150029;136699;78.9;71.9
32;2021-09-03;188;294;150217;136993;79.0;72.1
32;2021-09-04;49;90;150266;137083;79.1;72.1
32;2021-09-05;12;15;150278;137098;79.1;72.1
32;2021-09-06;38;72;150316;137170;79.1;72.2
32;2021-09-07;438;810;150754;137980;79.3;72.6
32;2021-09-08;255;483;151009;138463;79.5;72.9
32;2021-09-09;227;885;151236;139348;79.6;73.3
32;2021-09-10;203;195;151439;139543;79.7;73.4
32;2021-09-11;88;137;151527;139680;79.7;73.5
32;2021-09-12;7;11;151534;139691;79.7;73.5
32;2021-09-13;4;10;151538;139701;79.7;73.5
32;2021-09-14;324;573;151862;140274;79.9;73.8
32;2021-09-15;200;145;152062;140419;80.0;73.9
32;2021-09-16;184;216;152246;140635;80.1;74.0
32;2021-09-17;199;345;152445;140980;80.2;74.2
32;2021-09-18;40;62;152485;141042;80.2;74.2
32;2021-09-19;0;2;152485;141044;80.2;74.2
32;2021-09-20;4;18;152489;141062;80.2;74.2
32;2021-09-21;241;458;152730;141520;80.4;74.5
32;2021-09-22;233;547;152963;142067;80.5;74.8
32;2021-09-23;132;217;153095;142284;80.6;74.9
32;2021-09-24;101;288;153196;142572;80.6;75.0
32;2021-09-25;28;51;153224;142623;80.6;75.0
32;2021-09-26;3;5;153227;142628;80.6;75.1
32;2021-09-27;9;29;153236;142657;80.6;75.1
32;2021-09-28;113;515;153349;143172;80.7;75.3
32;2021-09-29;88;334;153437;143506;80.7;75.5
32;2021-09-30;170;201;153607;143707;80.8;75.6
32;2021-10-01;100;243;153707;143950;80.9;75.7
32;2021-10-02;28;103;153735;144053;80.9;75.8
32;2021-10-03;0;8;153735;144061;80.9;75.8
32;2021-10-04;7;13;153742;144074;80.9;75.8
32;2021-10-05;59;287;153801;144361;80.9;76.0
32;2021-10-06;41;260;153842;144621;81.0;76.1
32;2021-10-07;55;216;153897;144837;81.0;76.2
32;2021-10-08;65;257;153962;145094;81.0;76.3
32;2021-10-09;25;52;153987;145146;81.0;76.4
32;2021-10-10;0;0;153987;145146;81.0;76.4
32;2021-10-11;11;46;153998;145192;81.0;76.4
32;2021-10-12;60;187;154058;145379;81.1;76.5
33;2020-12-27;4;0;4;0;0.0;0.0
33;2020-12-28;4;0;8;0;0.0;0.0
33;2020-12-29;0;0;8;0;0.0;0.0
33;2020-12-30;0;0;8;0;0.0;0.0
33;2020-12-31;1;0;9;0;0.0;0.0
33;2021-01-01;0;0;9;0;0.0;0.0
33;2021-01-02;2;1;11;1;0.0;0.0
33;2021-01-03;2;1;13;2;0.0;0.0
33;2021-01-04;2;0;15;2;0.0;0.0
33;2021-01-05;2;0;17;2;0.0;0.0
33;2021-01-06;134;1;151;3;0.0;0.0
33;2021-01-07;1309;4;1460;7;0.1;0.0
33;2021-01-08;1200;3;2660;10;0.2;0.0
33;2021-01-09;298;1;2958;11;0.2;0.0
33;2021-01-10;229;0;3187;11;0.2;0.0
33;2021-01-11;628;0;3815;11;0.2;0.0
33;2021-01-12;1416;2;5231;13;0.3;0.0
33;2021-01-13;1313;9;6544;22;0.4;0.0
33;2021-01-14;1293;19;7837;41;0.5;0.0
33;2021-01-15;1610;14;9447;55;0.6;0.0
33;2021-01-16;568;10;10015;65;0.6;0.0
33;2021-01-17;406;4;10421;69;0.6;0.0
33;2021-01-18;1225;14;11646;83;0.7;0.0
33;2021-01-19;2937;12;14583;95;0.9;0.0
33;2021-01-20;3423;17;18006;112;1.1;0.0
33;2021-01-21;2863;9;20869;121;1.3;0.0
33;2021-01-22;2328;13;23197;134;1.4;0.0
33;2021-01-23;853;3;24050;137;1.5;0.0
33;2021-01-24;532;2;24582;139;1.5;0.0
33;2021-01-25;2172;63;26754;202;1.6;0.0
33;2021-01-26;2263;164;29017;366;1.8;0.0
33;2021-01-27;2263;209;31280;575;1.9;0.0
33;2021-01-28;2160;438;33440;1013;2.0;0.1
33;2021-01-29;1825;684;35265;1697;2.2;0.1
33;2021-01-30;707;172;35972;1869;2.2;0.1
33;2021-01-31;390;158;36362;2027;2.2;0.1
33;2021-02-01;1457;648;37819;2675;2.3;0.2
33;2021-02-02;2645;1112;40464;3787;2.5;0.2
33;2021-02-03;2942;874;43406;4661;2.7;0.3
33;2021-02-04;4032;1352;47438;6013;2.9;0.4
33;2021-02-05;2193;1172;49631;7185;3.0;0.4
33;2021-02-06;648;199;50279;7384;3.1;0.5
33;2021-02-07;219;229;50498;7613;3.1;0.5
33;2021-02-08;1265;756;51763;8369;3.2;0.5
33;2021-02-09;1327;1675;53090;10044;3.3;0.6
33;2021-02-10;1267;1747;54357;11791;3.3;0.7
33;2021-02-11;1305;1442;55662;13233;3.4;0.8
33;2021-02-12;1121;1250;56783;14483;3.5;0.9
33;2021-02-13;204;292;56987;14775;3.5;0.9
33;2021-02-14;47;245;57034;15020;3.5;0.9
33;2021-02-15;684;1718;57718;16738;3.5;1.0
33;2021-02-16;816;2053;58534;18791;3.6;1.2
33;2021-02-17;668;2048;59202;20839;3.6;1.3
33;2021-02-18;899;2242;60101;23081;3.7;1.4
33;2021-02-19;920;2014;61021;25095;3.7;1.5
33;2021-02-20;78;656;61099;25751;3.7;1.6
33;2021-02-21;37;460;61136;26211;3.7;1.6
33;2021-02-22;709;1885;61845;28096;3.8;1.7
33;2021-02-23;1235;2746;63080;30842;3.9;1.9
33;2021-02-24;1407;2523;64487;33365;3.9;2.0
33;2021-02-25;2840;3759;67327;37124;4.1;2.3
33;2021-02-26;4059;2334;71386;39458;4.4;2.4
33;2021-02-27;1361;722;72747;40180;4.5;2.5
33;2021-02-28;127;514;72874;40694;4.5;2.5
33;2021-03-01;1537;1856;74411;42550;4.6;2.6
33;2021-03-02;2326;1747;76737;44297;4.7;2.7
33;2021-03-03;2312;1709;79049;46006;4.8;2.8
33;2021-03-04;3937;1672;82986;47678;5.1;2.9
33;2021-03-05;5762;1745;88748;49423;5.4;3.0
33;2021-03-06;3416;566;92164;49989;5.6;3.1
33;2021-03-07;741;160;92905;50149;5.7;3.1
33;2021-03-08;2712;1153;95617;51302;5.9;3.1
33;2021-03-09;4404;1341;100021;52643;6.1;3.2
33;2021-03-10;5122;1244;105143;53887;6.4;3.3
33;2021-03-11;7546;1238;112689;55125;6.9;3.4
33;2021-03-12;10118;1180;122807;56305;7.5;3.4
33;2021-03-13;5155;219;127962;56524;7.8;3.5
33;2021-03-14;714;29;128676;56553;7.9;3.5
33;2021-03-15;4445;685;133121;57238;8.1;3.5
33;2021-03-16;3582;883;136703;58121;8.4;3.6
33;2021-03-17;3643;954;140346;59075;8.6;3.6
33;2021-03-18;4037;1417;144383;60492;8.8;3.7
33;2021-03-19;6272;1042;150655;61534;9.2;3.8
33;2021-03-20;3368;109;154023;61643;9.4;3.8
33;2021-03-21;462;30;154485;61673;9.5;3.8
33;2021-03-22;4901;456;159386;62129;9.8;3.8
33;2021-03-23;6324;612;165710;62741;10.1;3.8
33;2021-03-24;7076;530;172786;63271;10.6;3.9
33;2021-03-25;8843;662;181629;63933;11.1;3.9
33;2021-03-26;10040;864;191669;64797;11.7;4.0
33;2021-03-27;3619;84;195288;64881;12.0;4.0
33;2021-03-28;577;34;195865;64915;12.0;4.0
33;2021-03-29;6765;708;202630;65623;12.4;4.0
33;2021-03-30;8103;1050;210733;66673;12.9;4.1
33;2021-03-31;7577;1071;218310;67744;13.4;4.1
33;2021-04-01;8824;1204;227134;68948;13.9;4.2
33;2021-04-02;8411;1567;235545;70515;14.4;4.3
33;2021-04-03;2832;526;238377;71041;14.6;4.3
33;2021-04-04;218;160;238595;71201;14.6;4.4
33;2021-04-05;694;125;239289;71326;14.6;4.4
33;2021-04-06;6049;2689;245338;74015;15.0;4.5
33;2021-04-07;7422;2552;252760;76567;15.5;4.7
33;2021-04-08;10329;2790;263089;79357;16.1;4.9
33;2021-04-09;12686;3103;275775;82460;16.9;5.0
33;2021-04-10;5357;1395;281132;83855;17.2;5.1
33;2021-04-11;1002;353;282134;84208;17.3;5.2
33;2021-04-12;7426;3285;289560;87493;17.7;5.4
33;2021-04-13;9321;3500;298881;90993;18.3;5.6
33;2021-04-14;9040;3649;307921;94642;18.9;5.8
33;2021-04-15;10110;3890;318031;98532;19.5;6.0
33;2021-04-16;9718;4233;327749;102765;20.1;6.3
33;2021-04-17;4652;1662;332401;104427;20.3;6.4
33;2021-04-18;929;414;333330;104841;20.4;6.4
33;2021-04-19;5616;3844;338946;108685;20.8;6.7
33;2021-04-20;7294;4272;346240;112957;21.2;6.9
33;2021-04-21;6594;4355;352834;117312;21.6;7.2
33;2021-04-22;7350;4494;360184;121806;22.1;7.5
33;2021-04-23;7702;4836;367886;126642;22.5;7.8
33;2021-04-24;4500;1804;372386;128446;22.8;7.9
33;2021-04-25;1652;418;374038;128864;22.9;7.9
33;2021-04-26;5270;5090;379308;133954;23.2;8.2
33;2021-04-27;6579;5632;385887;139586;23.6;8.5
33;2021-04-28;6782;5583;392669;145169;24.0;8.9
33;2021-04-29;8425;6251;401094;151420;24.6;9.3
33;2021-04-30;8740;6134;409834;157554;25.1;9.6
33;2021-05-01;2902;516;412736;158070;25.3;9.7
33;2021-05-02;1835;348;414571;158418;25.4;9.7
33;2021-05-03;7018;5221;421589;163639;25.8;10.0
33;2021-05-04;6827;6673;428416;170312;26.2;10.4
33;2021-05-05;7140;7573;435556;177885;26.7;10.9
33;2021-05-06;8704;8245;444260;186130;27.2;11.4
33;2021-05-07;8610;8924;452870;195054;27.7;11.9
33;2021-05-08;3543;1600;456413;196654;27.9;12.0
33;2021-05-09;1118;969;457531;197623;28.0;12.1
33;2021-05-10;6874;7312;464405;204935;28.4;12.5
33;2021-05-11;8634;7882;473039;212817;29.0;13.0
33;2021-05-12;9175;6704;482214;219521;29.5;13.4
33;2021-05-13;5211;2114;487425;221635;29.8;13.6
33;2021-05-14;8129;5354;495554;226989;30.3;13.9
33;2021-05-15;5179;2866;500733;229855;30.7;14.1
33;2021-05-16;1842;803;502575;230658;30.8;14.1
33;2021-05-17;8861;5112;511436;235770;31.3;14.4
33;2021-05-18;10625;4890;522061;240660;32.0;14.7
33;2021-05-19;10900;4786;532961;245446;32.6;15.0
33;2021-05-20;10907;5588;543868;251034;33.3;15.4
33;2021-05-21;10915;6251;554783;257285;34.0;15.8
33;2021-05-22;5121;2751;559904;260036;34.3;15.9
33;2021-05-23;1751;385;561655;260421;34.4;15.9
33;2021-05-24;5412;1001;567067;261422;34.7;16.0
33;2021-05-25;9391;5783;576458;267205;35.3;16.4
33;2021-05-26;9675;6048;586133;273253;35.9;16.7
33;2021-05-27;10901;7725;597034;280978;36.6;17.2
33;2021-05-28;10062;9519;607096;290497;37.2;17.8
33;2021-05-29;5042;4117;612138;294614;37.5;18.0
33;2021-05-30;1703;667;613841;295281;37.6;18.1
33;2021-05-31;8550;6422;622391;301703;38.1;18.5
33;2021-06-01;11802;8722;634193;310425;38.8;19.0
33;2021-06-02;11711;8215;645904;318640;39.5;19.5
33;2021-06-03;12715;9209;658619;327849;40.3;20.1
33;2021-06-04;12933;10957;671552;338806;41.1;20.7
33;2021-06-05;5272;5063;676824;343869;41.4;21.1
33;2021-06-06;2526;1194;679350;345063;41.6;21.1
33;2021-06-07;9758;8503;689108;353566;42.2;21.6
33;2021-06-08;11938;9465;701046;363031;42.9;22.2
33;2021-06-09;11775;8533;712821;371564;43.6;22.7
33;2021-06-10;12951;8397;725772;379961;44.4;23.3
33;2021-06-11;12516;11171;738288;391132;45.2;23.9
33;2021-06-12;6185;4481;744473;395613;45.6;24.2
33;2021-06-13;2613;1283;747086;396896;45.7;24.3
33;2021-06-14;8580;10157;755666;407053;46.3;24.9
33;2021-06-15;12054;10272;767720;417325;47.0;25.5
33;2021-06-16;12058;8879;779778;426204;47.7;26.1
33;2021-06-17;13116;9622;792894;435826;48.5;26.7
33;2021-06-18;11797;11444;804691;447270;49.3;27.4
33;2021-06-19;5610;4821;810301;452091;49.6;27.7
33;2021-06-20;2946;1475;813247;453566;49.8;27.8
33;2021-06-21;7875;10166;821122;463732;50.3;28.4
33;2021-06-22;9065;11085;830187;474817;50.8;29.1
33;2021-06-23;8672;10847;838859;485664;51.4;29.7
33;2021-06-24;9744;9981;848603;495645;52.0;30.3
33;2021-06-25;8047;13716;856650;509361;52.4;31.2
33;2021-06-26;4345;5920;860995;515281;52.7;31.5
33;2021-06-27;2467;1959;863462;517240;52.9;31.7
33;2021-06-28;4871;12763;868333;530003;53.2;32.4
33;2021-06-29;6443;13656;874776;543659;53.6;33.3
33;2021-06-30;6681;13394;881457;557053;54.0;34.1
33;2021-07-01;8046;11809;889503;568862;54.5;34.8
33;2021-07-02;6843;15110;896346;583972;54.9;35.8
33;2021-07-03;3227;6785;899573;590757;55.1;36.2
33;2021-07-04;2065;2379;901638;593136;55.2;36.3
33;2021-07-05;4397;12907;906035;606043;55.5;37.1
33;2021-07-06;6142;14593;912177;620636;55.8;38.0
33;2021-07-07;6871;13053;919048;633689;56.3;38.8
33;2021-07-08;7966;12758;927014;646447;56.8;39.6
33;2021-07-09;6470;15111;933484;661558;57.1;40.5
33;2021-07-10;3114;7162;936598;668720;57.3;40.9
33;2021-07-11;1844;2303;938442;671023;57.5;41.1
33;2021-07-12;3951;14705;942393;685728;57.7;42.0
33;2021-07-13;7152;16107;949545;701835;58.1;43.0
33;2021-07-14;3689;5315;953234;707150;58.4;43.3
33;2021-07-15;7627;15982;960861;723132;58.8;44.3
33;2021-07-16;8589;15151;969450;738283;59.4;45.2
33;2021-07-17;3156;6433;972606;744716;59.5;45.6
33;2021-07-18;1702;3205;974308;747921;59.6;45.8
33;2021-07-19;5871;15095;980179;763016;60.0;46.7
33;2021-07-20;7432;16135;987611;779151;60.5;47.7
33;2021-07-21;8370;14543;995981;793694;61.0;48.6
33;2021-07-22;9365;15110;1005346;808804;61.5;49.5
33;2021-07-23;9666;16350;1015012;825154;62.1;50.5
33;2021-07-24;3838;7554;1018850;832708;62.4;51.0
33;2021-07-25;2093;2667;1020943;835375;62.5;51.1
33;2021-07-26;6966;13421;1027909;848796;62.9;52.0
33;2021-07-27;10091;13403;1038000;862199;63.5;52.8
33;2021-07-28;10931;11976;1048931;874175;64.2;53.5
33;2021-07-29;11673;11913;1060604;886088;64.9;54.2
33;2021-07-30;11400;12225;1072004;898313;65.6;55.0
33;2021-07-31;4761;5650;1076765;903963;65.9;55.3
33;2021-08-01;2484;1951;1079249;905914;66.1;55.5
33;2021-08-02;8419;9892;1087668;915806;66.6;56.1
33;2021-08-03;11560;9027;1099228;924833;67.3;56.6
33;2021-08-04;12287;7370;1111515;932203;68.0;57.1
33;2021-08-05;11936;8046;1123451;940249;68.8;57.6
33;2021-08-06;11231;9057;1134682;949306;69.5;58.1
33;2021-08-07;5929;4517;1140611;953823;69.8;58.4
33;2021-08-08;3186;1770;1143797;955593;70.0;58.5
33;2021-08-09;8661;8721;1152458;964314;70.6;59.0
33;2021-08-10;9374;8452;1161832;972766;71.1;59.6
33;2021-08-11;8115;7589;1169947;980355;71.6;60.0
33;2021-08-12;7980;8021;1177927;988376;72.1;60.5
33;2021-08-13;7848;7681;1185775;996057;72.6;61.0
33;2021-08-14;3526;4332;1189301;1000389;72.8;61.2
33;2021-08-15;1211;1881;1190512;1002270;72.9;61.4
33;2021-08-16;6429;8629;1196941;1010899;73.3;61.9
33;2021-08-17;6639;9070;1203580;1019969;73.7;62.4
33;2021-08-18;5631;8771;1209211;1028740;74.0;63.0
33;2021-08-19;5505;9120;1214716;1037860;74.4;63.5
33;2021-08-20;4962;9836;1219678;1047696;74.7;64.1
33;2021-08-21;2208;5037;1221886;1052733;74.8;64.4
33;2021-08-22;565;2366;1222451;1055099;74.8;64.6
33;2021-08-23;3922;10289;1226373;1065388;75.1;65.2
33;2021-08-24;4144;11094;1230517;1076482;75.3;65.9
33;2021-08-25;3725;10489;1234242;1086971;75.6;66.5
33;2021-08-26;3662;11057;1237904;1098028;75.8;67.2
33;2021-08-27;3829;12587;1241733;1110615;76.0;68.0
33;2021-08-28;1580;6639;1243313;1117254;76.1;68.4
33;2021-08-29;455;2426;1243768;1119680;76.1;68.5
33;2021-08-30;2377;10460;1246145;1130140;76.3;69.2
33;2021-08-31;3252;10862;1249397;1141002;76.5;69.9
33;2021-09-01;2868;8284;1252265;1149286;76.7;70.4
33;2021-09-02;2710;7786;1254975;1157072;76.8;70.8
33;2021-09-03;3118;9375;1258093;1166447;77.0;71.4
33;2021-09-04;1656;5793;1259749;1172240;77.1;71.8
33;2021-09-05;414;1459;1260163;1173699;77.1;71.9
33;2021-09-06;1624;6438;1261787;1180137;77.2;72.2
33;2021-09-07;2082;5717;1263869;1185854;77.4;72.6
33;2021-09-08;1769;5903;1265638;1191757;77.5;73.0
33;2021-09-09;1914;5652;1267552;1197409;77.6;73.3
33;2021-09-10;2096;6304;1269648;1203713;77.7;73.7
33;2021-09-11;1002;4232;1270650;1207945;77.8;74.0
33;2021-09-12;131;556;1270781;1208501;77.8;74.0
33;2021-09-13;1507;3615;1272288;1212116;77.9;74.2
33;2021-09-14;1566;3488;1273854;1215604;78.0;74.4
33;2021-09-15;1547;4446;1275401;1220050;78.1;74.7
33;2021-09-16;1484;3349;1276885;1223399;78.2;74.9
33;2021-09-17;1801;4517;1278686;1227916;78.3;75.2
33;2021-09-18;606;3052;1279292;1230968;78.3;75.4
33;2021-09-19;115;398;1279407;1231366;78.3;75.4
33;2021-09-20;1056;2158;1280463;1233524;78.4;75.5
33;2021-09-21;958;2452;1281421;1235976;78.4;75.7
33;2021-09-22;959;3446;1282380;1239422;78.5;75.9
33;2021-09-23;905;2306;1283285;1241728;78.6;76.0
33;2021-09-24;1290;3721;1284575;1245449;78.6;76.2
33;2021-09-25;515;2354;1285090;1247803;78.7;76.4
33;2021-09-26;64;333;1285154;1248136;78.7;76.4
33;2021-09-27;667;2014;1285821;1250150;78.7;76.5
33;2021-09-28;826;2150;1286647;1252300;78.8;76.7
33;2021-09-29;889;2211;1287536;1254511;78.8;76.8
33;2021-09-30;694;1686;1288230;1256197;78.9;76.9
33;2021-10-01;1058;2683;1289288;1258880;78.9;77.1
33;2021-10-02;557;1350;1289845;1260230;79.0;77.2
33;2021-10-03;10;45;1289855;1260275;79.0;77.2
33;2021-10-04;647;1399;1290502;1261674;79.0;77.2
33;2021-10-05;546;1424;1291048;1263098;79.0;77.3
33;2021-10-06;785;1685;1291833;1264783;79.1;77.4
33;2021-10-07;582;1477;1292415;1266260;79.1;77.5
33;2021-10-08;864;2112;1293279;1268372;79.2;77.7
33;2021-10-09;499;928;1293778;1269300;79.2;77.7
33;2021-10-10;5;42;1293783;1269342;79.2;77.7
33;2021-10-11;490;1184;1294273;1270526;79.2;77.8
33;2021-10-12;526;1134;1294799;1271660;79.3;77.9
34;2020-12-27;1;0;1;0;0.0;0.0
34;2020-12-28;3;0;4;0;0.0;0.0
34;2020-12-29;0;0;4;0;0.0;0.0
34;2020-12-30;0;0;4;0;0.0;0.0
34;2020-12-31;0;0;4;0;0.0;0.0
34;2021-01-01;1;0;5;0;0.0;0.0
34;2021-01-02;2;0;7;0;0.0;0.0
34;2021-01-03;0;0;7;0;0.0;0.0
34;2021-01-04;23;0;30;0;0.0;0.0
34;2021-01-05;108;2;138;2;0.0;0.0
34;2021-01-06;199;7;337;9;0.0;0.0
34;2021-01-07;364;0;701;9;0.1;0.0
34;2021-01-08;606;0;1307;9;0.1;0.0
34;2021-01-09;244;0;1551;9;0.1;0.0
34;2021-01-10;94;1;1645;10;0.1;0.0
34;2021-01-11;567;2;2212;12;0.2;0.0
34;2021-01-12;1009;1;3221;13;0.3;0.0
34;2021-01-13;1098;7;4319;20;0.4;0.0
34;2021-01-14;1955;14;6274;34;0.5;0.0
34;2021-01-15;1471;7;7745;41;0.7;0.0
34;2021-01-16;332;7;8077;48;0.7;0.0
34;2021-01-17;235;1;8312;49;0.7;0.0
34;2021-01-18;1125;5;9437;54;0.8;0.0
34;2021-01-19;1610;8;11047;62;0.9;0.0
34;2021-01-20;2091;23;13138;85;1.1;0.0
34;2021-01-21;4234;20;17372;105;1.5;0.0
34;2021-01-22;2556;10;19928;115;1.7;0.0
34;2021-01-23;600;2;20528;117;1.7;0.0
34;2021-01-24;3;0;20531;117;1.7;0.0
34;2021-01-25;1242;6;21773;123;1.9;0.0
34;2021-01-26;1461;20;23234;143;2.0;0.0
34;2021-01-27;1472;24;24706;167;2.1;0.0
34;2021-01-28;1393;124;26099;291;2.2;0.0
34;2021-01-29;1260;139;27359;430;2.3;0.0
34;2021-01-30;479;25;27838;455;2.4;0.0
34;2021-01-31;4;0;27842;455;2.4;0.0
34;2021-02-01;1028;248;28870;703;2.5;0.1
34;2021-02-02;1464;443;30334;1146;2.6;0.1
34;2021-02-03;2655;525;32989;1671;2.8;0.1
34;2021-02-04;2318;887;35307;2558;3.0;0.2
34;2021-02-05;1891;1175;37198;3733;3.2;0.3
34;2021-02-06;497;241;37695;3974;3.2;0.3
34;2021-02-07;34;108;37729;4082;3.2;0.3
34;2021-02-08;860;1060;38589;5142;3.3;0.4
34;2021-02-09;1035;1301;39624;6443;3.4;0.5
34;2021-02-10;1295;1504;40919;7947;3.5;0.7
34;2021-02-11;1794;2706;42713;10653;3.6;0.9
34;2021-02-12;1923;1645;44636;12298;3.8;1.0
34;2021-02-13;357;513;44993;12811;3.8;1.1
34;2021-02-14;22;286;45015;13097;3.8;1.1
34;2021-02-15;673;1203;45688;14300;3.9;1.2
34;2021-02-16;666;1523;46354;15823;3.9;1.3
34;2021-02-17;715;1519;47069;17342;4.0;1.5
34;2021-02-18;838;1490;47907;18832;4.1;1.6
34;2021-02-19;816;1225;48723;20057;4.1;1.7
34;2021-02-20;300;479;49023;20536;4.2;1.7
34;2021-02-21;64;18;49087;20554;4.2;1.7
34;2021-02-22;630;1296;49717;21850;4.2;1.9
34;2021-02-23;566;1479;50283;23329;4.3;2.0
34;2021-02-24;942;2332;51225;25661;4.4;2.2
34;2021-02-25;1608;2276;52833;27937;4.5;2.4
34;2021-02-26;1850;1632;54683;29569;4.6;2.5
34;2021-02-27;702;431;55385;30000;4.7;2.6
34;2021-02-28;86;64;55471;30064;4.7;2.6
34;2021-03-01;932;1162;56403;31226;4.8;2.7
34;2021-03-02;1592;1279;57995;32505;4.9;2.8
34;2021-03-03;1835;1407;59830;33912;5.1;2.9
34;2021-03-04;2868;1629;62698;35541;5.3;3.0
34;2021-03-05;3686;1544;66384;37085;5.6;3.2
34;2021-03-06;2640;208;69024;37293;5.9;3.2
34;2021-03-07;1242;78;70266;37371;6.0;3.2
34;2021-03-08;2781;1014;73047;38385;6.2;3.3
34;2021-03-09;4020;1458;77067;39843;6.6;3.4
34;2021-03-10;3992;1342;81059;41185;6.9;3.5
34;2021-03-11;5436;1317;86495;42502;7.4;3.6
34;2021-03-12;6491;941;92986;43443;7.9;3.7
34;2021-03-13;3138;182;96124;43625;8.2;3.7
34;2021-03-14;1003;56;97127;43681;8.3;3.7
34;2021-03-15;3308;574;100435;44255;8.5;3.8
34;2021-03-16;2912;674;103347;44929;8.8;3.8
34;2021-03-17;3305;747;106652;45676;9.1;3.9
34;2021-03-18;3450;948;110102;46624;9.4;4.0
34;2021-03-19;4692;808;114794;47432;9.8;4.0
34;2021-03-20;3148;71;117942;47503;10.0;4.0
34;2021-03-21;1997;63;119939;47566;10.2;4.0
34;2021-03-22;3683;475;123622;48041;10.5;4.1
34;2021-03-23;4961;544;128583;48585;10.9;4.1
34;2021-03-24;5221;655;133804;49240;11.4;4.2
34;2021-03-25;7197;732;141001;49972;12.0;4.2
34;2021-03-26;7169;583;148170;50555;12.6;4.3
34;2021-03-27;2374;87;150544;50642;12.8;4.3
34;2021-03-28;700;22;151244;50664;12.9;4.3
34;2021-03-29;4187;769;155431;51433;13.2;4.4
34;2021-03-30;5220;974;160651;52407;13.7;4.5
34;2021-03-31;5069;1219;165720;53626;14.1;4.6
34;2021-04-01;7030;1068;172750;54694;14.7;4.7
34;2021-04-02;5823;1201;178573;55895;15.2;4.8
34;2021-04-03;1137;88;179710;55983;15.3;4.8
34;2021-04-04;166;5;179876;55988;15.3;4.8
34;2021-04-05;433;26;180309;56014;15.3;4.8
34;2021-04-06;3136;2460;183445;58474;15.6;5.0
34;2021-04-07;3387;2648;186832;61122;15.9;5.2
34;2021-04-08;5251;2816;192083;63938;16.3;5.4
34;2021-04-09;8074;2510;200157;66448;17.0;5.6
34;2021-04-10;3164;1378;203321;67826;17.3;5.8
34;2021-04-11;1715;808;205036;68634;17.4;5.8
34;2021-04-12;4501;2539;209537;71173;17.8;6.1
34;2021-04-13;5240;3062;214777;74235;18.3;6.3
34;2021-04-14;5621;3253;220398;77488;18.7;6.6
34;2021-04-15;6997;3182;227395;80670;19.3;6.9
34;2021-04-16;6579;3177;233974;83847;19.9;7.1
34;2021-04-17;2378;2076;236352;85923;20.1;7.3
34;2021-04-18;988;1723;237340;87646;20.2;7.5
34;2021-04-19;3422;3123;240762;90769;20.5;7.7
34;2021-04-20;3768;3666;244530;94435;20.8;8.0
34;2021-04-21;4241;3732;248771;98167;21.2;8.3
34;2021-04-22;4490;4621;253261;102788;21.5;8.7
34;2021-04-23;5379;3537;258640;106325;22.0;9.0
34;2021-04-24;3164;1588;261804;107913;22.3;9.2
34;2021-04-25;1919;650;263723;108563;22.4;9.2
34;2021-04-26;4223;3482;267946;112045;22.8;9.5
34;2021-04-27;5128;4031;273074;116076;23.2;9.9
34;2021-04-28;5771;3558;278845;119634;23.7;10.2
34;2021-04-29;6421;3953;285266;123587;24.3;10.5
34;2021-04-30;7870;3301;293136;126888;24.9;10.8
34;2021-05-01;2405;508;295541;127396;25.1;10.8
34;2021-05-02;3260;329;298801;127725;25.4;10.9
34;2021-05-03;6577;2917;305378;130642;26.0;11.1
34;2021-05-04;7109;3818;312487;134460;26.6;11.4
34;2021-05-05;6498;4537;318985;138997;27.1;11.8
34;2021-05-06;6945;5220;325930;144217;27.7;12.3
34;2021-05-07;6928;5692;332858;149909;28.3;12.7
34;2021-05-08;3609;1174;336467;151083;28.6;12.8
34;2021-05-09;2178;1290;338645;152373;28.8;13.0
34;2021-05-10;5853;4809;344498;157182;29.3;13.4
34;2021-05-11;7411;5332;351909;162514;29.9;13.8
34;2021-05-12;7756;4470;359665;166984;30.6;14.2
34;2021-05-13;6128;786;365793;167770;31.1;14.3
34;2021-05-14;7491;3747;373284;171517;31.7;14.6
34;2021-05-15;4863;1686;378147;173203;32.2;14.7
34;2021-05-16;4949;460;383096;173663;32.6;14.8
34;2021-05-17;8693;1987;391789;175650;33.3;14.9
34;2021-05-18;9143;1980;400932;177630;34.1;15.1
34;2021-05-19;8625;1812;409557;179442;34.8;15.3
34;2021-05-20;8866;2520;418423;181962;35.6;15.5
34;2021-05-21;8784;3229;427207;185191;36.3;15.7
34;2021-05-22;5787;1155;432994;186346;36.8;15.8
34;2021-05-23;3883;549;436877;186895;37.1;15.9
34;2021-05-24;1898;853;438775;187748;37.3;16.0
34;2021-05-25;7142;3816;445917;191564;37.9;16.3
34;2021-05-26;8319;3040;454236;194604;38.6;16.5
34;2021-05-27;8317;4307;462553;198911;39.3;16.9
34;2021-05-28;8063;5456;470616;204367;40.0;17.4
34;2021-05-29;4006;3110;474622;207477;40.4;17.6
34;2021-05-30;1985;1389;476607;208866;40.5;17.8
34;2021-05-31;5878;5260;482485;214126;41.0;18.2
34;2021-06-01;6948;6111;489433;220237;41.6;18.7
34;2021-06-02;6136;5814;495569;226051;42.1;19.2
34;2021-06-03;7705;6487;503274;232538;42.8;19.8
34;2021-06-04;7651;7591;510925;240129;43.4;20.4
34;2021-06-05;4140;3680;515065;243809;43.8;20.7
34;2021-06-06;3266;1865;518331;245674;44.1;20.9
34;2021-06-07;4415;6766;522746;252440;44.4;21.5
34;2021-06-08;5854;6829;528600;259269;44.9;22.0
34;2021-06-09;5826;6845;534426;266114;45.4;22.6
34;2021-06-10;6323;6878;540749;272992;46.0;23.2
34;2021-06-11;5400;9279;546149;282271;46.4;24.0
34;2021-06-12;3166;4728;549315;286999;46.7;24.4
34;2021-06-13;1081;1908;550396;288907;46.8;24.6
34;2021-06-14;3443;7814;553839;296721;47.1;25.2
34;2021-06-15;3951;8793;557790;305514;47.4;26.0
34;2021-06-16;4620;7858;562410;313372;47.8;26.6
34;2021-06-17;4228;7954;566638;321326;48.2;27.3
34;2021-06-18;4351;9331;570989;330657;48.5;28.1
34;2021-06-19;2729;4406;573718;335063;48.8;28.5
34;2021-06-20;888;2873;574606;337936;48.9;28.7
34;2021-06-21;2181;8555;576787;346491;49.0;29.5
34;2021-06-22;2975;9405;579762;355896;49.3;30.3
34;2021-06-23;3528;8965;583290;364861;49.6;31.0
34;2021-06-24;3559;8676;586849;373537;49.9;31.8
34;2021-06-25;3378;10440;590227;383977;50.2;32.6
34;2021-06-26;1641;6191;591868;390168;50.3;33.2
34;2021-06-27;308;4268;592176;394436;50.3;33.5
34;2021-06-28;2266;9429;594442;403865;50.5;34.3
34;2021-06-29;2683;10298;597125;414163;50.8;35.2
34;2021-06-30;3356;9547;600481;423710;51.1;36.0
34;2021-07-01;3530;9449;604011;433159;51.4;36.8
34;2021-07-02;3434;9742;607445;442901;51.6;37.7
34;2021-07-03;1682;6158;609127;449059;51.8;38.2
34;2021-07-04;312;2763;609439;451822;51.8;38.4
34;2021-07-05;3234;7999;612673;459821;52.1;39.1
34;2021-07-06;3531;9176;616204;468997;52.4;39.9
34;2021-07-07;3273;8654;619477;477651;52.7;40.6
34;2021-07-08;4302;8877;623779;486528;53.0;41.4
34;2021-07-09;4010;9349;627789;495877;53.4;42.2
34;2021-07-10;2140;5717;629929;501594;53.6;42.6
34;2021-07-11;924;2576;630853;504170;53.6;42.9
34;2021-07-12;2929;8970;633782;513140;53.9;43.6
34;2021-07-13;4656;10048;638438;523188;54.3;44.5
34;2021-07-14;784;357;639222;523545;54.3;44.5
34;2021-07-15;5910;10400;645132;533945;54.9;45.4
34;2021-07-16;5859;10736;650991;544681;55.3;46.3
34;2021-07-17;4500;4420;655491;549101;55.7;46.7
34;2021-07-18;235;199;655726;549300;55.8;46.7
34;2021-07-19;5117;8334;660843;557634;56.2;47.4
34;2021-07-20;6896;8390;667739;566024;56.8;48.1
34;2021-07-21;7649;7832;675388;573856;57.4;48.8
34;2021-07-22;7443;8181;682831;582037;58.1;49.5
34;2021-07-23;7843;8167;690674;590204;58.7;50.2
34;2021-07-24;6151;3062;696825;593266;59.2;50.4
34;2021-07-25;3210;547;700035;593813;59.5;50.5
34;2021-07-26;6238;6434;706273;600247;60.0;51.0
34;2021-07-27;8755;6058;715028;606305;60.8;51.6
34;2021-07-28;9711;5932;724739;612237;61.6;52.1
34;2021-07-29;11326;6054;736065;618291;62.6;52.6
34;2021-07-30;9848;6544;745913;624835;63.4;53.1
34;2021-07-31;6445;2197;752358;627032;64.0;53.3
34;2021-08-01;3317;621;755675;627653;64.3;53.4
34;2021-08-02;7361;5070;763036;632723;64.9;53.8
34;2021-08-03;8143;5402;771179;638125;65.6;54.3
34;2021-08-04;8446;4569;779625;642694;66.3;54.6
34;2021-08-05;7136;5032;786761;647726;66.9;55.1
34;2021-08-06;6225;5235;792986;652961;67.4;55.5
34;2021-08-07;3110;2437;796096;655398;67.7;55.7
34;2021-08-08;202;204;796298;655602;67.7;55.7
34;2021-08-09;4781;6180;801079;661782;68.1;56.3
34;2021-08-10;5398;6485;806477;668267;68.6;56.8
34;2021-08-11;4832;6543;811309;674810;69.0;57.4
34;2021-08-12;4576;6201;815885;681011;69.4;57.9
34;2021-08-13;4111;5739;819996;686750;69.7;58.4
34;2021-08-14;1796;2881;821792;689631;69.9;58.6
34;2021-08-15;209;194;822001;689825;69.9;58.7
34;2021-08-16;2904;7551;824905;697376;70.1;59.3
34;2021-08-17;3595;8282;828500;705658;70.4;60.0
34;2021-08-18;3207;7564;831707;713222;70.7;60.6
34;2021-08-19;3269;7786;834976;721008;71.0;61.3
34;2021-08-20;2724;7722;837700;728730;71.2;62.0
34;2021-08-21;1400;3564;839100;732294;71.3;62.3
34;2021-08-22;163;308;839263;732602;71.4;62.3
34;2021-08-23;2330;8656;841593;741258;71.6;63.0
34;2021-08-24;2730;8962;844323;750220;71.8;63.8
34;2021-08-25;2346;8543;846669;758763;72.0;64.5
34;2021-08-26;2608;7889;849277;766652;72.2;65.2
34;2021-08-27;2197;7573;851474;774225;72.4;65.8
34;2021-08-28;1118;3561;852592;777786;72.5;66.1
34;2021-08-29;368;1357;852960;779143;72.5;66.2
34;2021-08-30;2054;6768;855014;785911;72.7;66.8
34;2021-08-31;2122;6583;857136;792494;72.9;67.4
34;2021-09-01;2062;5883;859198;798377;73.1;67.9
34;2021-09-02;1667;4089;860865;802466;73.2;68.2
34;2021-09-03;1776;4926;862641;807392;73.3;68.6
34;2021-09-04;1366;3090;864007;810482;73.5;68.9
34;2021-09-05;141;220;864148;810702;73.5;68.9
34;2021-09-06;1186;3172;865334;813874;73.6;69.2
34;2021-09-07;1370;3294;866704;817168;73.7;69.5
34;2021-09-08;1629;4073;868333;821241;73.8;69.8
34;2021-09-09;1193;3104;869526;824345;73.9;70.1
34;2021-09-10;1529;3301;871055;827646;74.1;70.4
34;2021-09-11;1285;1847;872340;829493;74.2;70.5
34;2021-09-12;91;81;872431;829574;74.2;70.5
34;2021-09-13;1004;2528;873435;832102;74.3;70.7
34;2021-09-14;1237;2272;874672;834374;74.4;70.9
34;2021-09-15;1486;2952;876158;837326;74.5;71.2
34;2021-09-16;884;1879;877042;839205;74.6;71.4
34;2021-09-17;1125;2416;878167;841621;74.7;71.6
34;2021-09-18;793;1763;878960;843384;74.7;71.7
34;2021-09-19;36;59;878996;843443;74.7;71.7
34;2021-09-20;614;1910;879610;845353;74.8;71.9
34;2021-09-21;610;1779;880220;847132;74.8;72.0
34;2021-09-22;832;2528;881052;849660;74.9;72.2
34;2021-09-23;667;1657;881719;851317;75.0;72.4
34;2021-09-24;842;2220;882561;853537;75.0;72.6
34;2021-09-25;492;1555;883053;855092;75.1;72.7
34;2021-09-26;51;142;883104;855234;75.1;72.7
34;2021-09-27;621;1478;883725;856712;75.1;72.8
34;2021-09-28;630;1128;884355;857840;75.2;72.9
34;2021-09-29;857;1811;885212;859651;75.3;73.1
34;2021-09-30;607;1349;885819;861000;75.3;73.2
34;2021-10-01;719;1501;886538;862501;75.4;73.3
34;2021-10-02;653;1389;887191;863890;75.4;73.5
34;2021-10-03;60;162;887251;864052;75.4;73.5
34;2021-10-04;597;1084;887848;865136;75.5;73.6
34;2021-10-05;531;1034;888379;866170;75.5;73.6
34;2021-10-06;840;1710;889219;867880;75.6;73.8
34;2021-10-07;551;1000;889770;868880;75.7;73.9
34;2021-10-08;846;1396;890616;870276;75.7;74.0
34;2021-10-09;580;1011;891196;871287;75.8;74.1
34;2021-10-10;66;73;891262;871360;75.8;74.1
34;2021-10-11;687;1058;891949;872418;75.8;74.2
34;2021-10-12;485;687;892434;873105;75.9;74.2
35;2020-12-27;0;0;0;0;0.0;0.0
35;2020-12-28;0;0;0;0;0.0;0.0
35;2020-12-29;2;0;2;0;0.0;0.0
35;2020-12-30;0;0;2;0;0.0;0.0
35;2020-12-31;3;0;5;0;0.0;0.0
35;2021-01-01;3;0;8;0;0.0;0.0
35;2021-01-02;1;0;9;0;0.0;0.0
35;2021-01-03;0;0;9;0;0.0;0.0
35;2021-01-04;10;0;19;0;0.0;0.0
35;2021-01-05;110;0;129;0;0.0;0.0
35;2021-01-06;175;0;304;0;0.0;0.0
35;2021-01-07;440;1;744;1;0.1;0.0
35;2021-01-08;513;1;1257;2;0.1;0.0
35;2021-01-09;31;0;1288;2;0.1;0.0
35;2021-01-10;2;0;1290;2;0.1;0.0
35;2021-01-11;538;0;1828;2;0.2;0.0
35;2021-01-12;886;3;2714;5;0.3;0.0
35;2021-01-13;971;4;3685;9;0.3;0.0
35;2021-01-14;1261;18;4946;27;0.5;0.0
35;2021-01-15;732;3;5678;30;0.5;0.0
35;2021-01-16;189;3;5867;33;0.5;0.0
35;2021-01-17;44;0;5911;33;0.5;0.0
35;2021-01-18;1222;2;7133;35;0.7;0.0
35;2021-01-19;5407;18;12540;53;1.2;0.0
35;2021-01-20;3238;10;15778;63;1.5;0.0
35;2021-01-21;3643;17;19421;80;1.8;0.0
35;2021-01-22;2087;10;21508;90;2.0;0.0
35;2021-01-23;421;1;21929;91;2.0;0.0
35;2021-01-24;51;0;21980;91;2.0;0.0
35;2021-01-25;918;17;22898;108;2.1;0.0
35;2021-01-26;1130;142;24028;250;2.2;0.0
35;2021-01-27;1029;125;25057;375;2.3;0.0
35;2021-01-28;916;298;25973;673;2.4;0.1
35;2021-01-29;725;290;26698;963;2.5;0.1
35;2021-01-30;140;19;26838;982;2.5;0.1
35;2021-01-31;0;0;26838;982;2.5;0.1
35;2021-02-01;673;333;27511;1315;2.5;0.1
35;2021-02-02;725;483;28236;1798;2.6;0.2
35;2021-02-03;662;506;28898;2304;2.7;0.2
35;2021-02-04;590;657;29488;2961;2.7;0.3
35;2021-02-05;624;563;30112;3524;2.8;0.3
35;2021-02-06;175;9;30287;3533;2.8;0.3
35;2021-02-07;1;0;30288;3533;2.8;0.3
35;2021-02-08;446;653;30734;4186;2.8;0.4
35;2021-02-09;1715;3559;32449;7745;3.0;0.7
35;2021-02-10;1370;2728;33819;10473;3.1;1.0
35;2021-02-11;1945;3237;35764;13710;3.3;1.3
35;2021-02-12;1663;1730;37427;15440;3.5;1.4
35;2021-02-13;58;254;37485;15694;3.5;1.5
35;2021-02-14;8;69;37493;15763;3.5;1.5
35;2021-02-15;771;1098;38264;16861;3.5;1.6
35;2021-02-16;920;1020;39184;17881;3.6;1.7
35;2021-02-17;895;1087;40079;18968;3.7;1.8
35;2021-02-18;1020;996;41099;19964;3.8;1.8
35;2021-02-19;1013;968;42112;20932;3.9;1.9
35;2021-02-20;143;49;42255;20981;3.9;1.9
35;2021-02-21;5;0;42260;20981;3.9;1.9
35;2021-02-22;776;831;43036;21812;4.0;2.0
35;2021-02-23;1288;868;44324;22680;4.1;2.1
35;2021-02-24;1404;815;45728;23495;4.2;2.2
35;2021-02-25;2249;790;47977;24285;4.4;2.2
35;2021-02-26;2599;736;50576;25021;4.7;2.3
35;2021-02-27;869;104;51445;25125;4.8;2.3
35;2021-02-28;10;1;51455;25126;4.8;2.3
35;2021-03-01;959;691;52414;25817;4.8;2.4
35;2021-03-02;1634;1995;54048;27812;5.0;2.6
35;2021-03-03;1914;972;55962;28784;5.2;2.7
35;2021-03-04;2917;1418;58879;30202;5.4;2.8
35;2021-03-05;3715;1352;62594;31554;5.8;2.9
35;2021-03-06;1337;87;63931;31641;5.9;2.9
35;2021-03-07;1;40;63932;31681;5.9;2.9
35;2021-03-08;1475;589;65407;32270;6.0;3.0
35;2021-03-09;3238;620;68645;32890;6.3;3.0
35;2021-03-10;2902;566;71547;33456;6.6;3.1
35;2021-03-11;4199;727;75746;34183;7.0;3.2
35;2021-03-12;6049;571;81795;34754;7.6;3.2
35;2021-03-13;2428;136;84223;34890;7.8;3.2
35;2021-03-14;18;25;84241;34915;7.8;3.2
35;2021-03-15;1966;676;86207;35591;8.0;3.3
35;2021-03-16;2505;734;88712;36325;8.2;3.4
35;2021-03-17;2397;603;91109;36928;8.4;3.4
35;2021-03-18;2335;599;93444;37527;8.6;3.5
35;2021-03-19;3547;514;96991;38041;9.0;3.5
35;2021-03-20;1543;114;98534;38155;9.1;3.5
35;2021-03-21;38;1;98572;38156;9.1;3.5
35;2021-03-22;1749;844;100321;39000;9.3;3.6
35;2021-03-23;3626;1187;103947;40187;9.6;3.7
35;2021-03-24;3730;993;107677;41180;10.0;3.8
35;2021-03-25;5328;1012;113005;42192;10.4;3.9
35;2021-03-26;5853;824;118858;43016;11.0;4.0
35;2021-03-27;1416;211;120274;43227;11.1;4.0
35;2021-03-28;4;0;120278;43227;11.1;4.0
35;2021-03-29;2778;912;123056;44139;11.4;4.1
35;2021-03-30;4292;1338;127348;45477;11.8;4.2
35;2021-03-31;3471;1349;130819;46826;12.1;4.3
35;2021-04-01;4250;1245;135069;48071;12.5;4.4
35;2021-04-02;4861;1215;139930;49286;12.9;4.6
35;2021-04-03;763;216;140693;49502;13.0;4.6
35;2021-04-04;6;0;140699;49502;13.0;4.6
35;2021-04-05;24;2;140723;49504;13.0;4.6
35;2021-04-06;3279;2032;144002;51536;13.3;4.8
35;2021-04-07;3966;1847;147968;53383;13.7;4.9
35;2021-04-08;5803;1597;153771;54980;14.2;5.1
35;2021-04-09;7430;1430;161201;56410;14.9;5.2
35;2021-04-10;1860;255;163061;56665;15.1;5.2
35;2021-04-11;35;23;163096;56688;15.1;5.2
35;2021-04-12;5137;1603;168233;58291;15.5;5.4
35;2021-04-13;7624;2793;175857;61084;16.3;5.6
35;2021-04-14;6314;2306;182171;63390;16.8;5.9
35;2021-04-15;7565;2189;189736;65579;17.5;6.1
35;2021-04-16;8081;1766;197817;67345;18.3;6.2
35;2021-04-17;1571;223;199388;67568;18.4;6.2
35;2021-04-18;10;4;199398;67572;18.4;6.2
35;2021-04-19;4819;1674;204217;69246;18.9;6.4
35;2021-04-20;5165;2648;209382;71894;19.4;6.6
35;2021-04-21;5134;2218;214516;74112;19.8;6.8
35;2021-04-22;6429;2334;220945;76446;20.4;7.1
35;2021-04-23;6821;2375;227766;78821;21.0;7.3
35;2021-04-24;1132;265;228898;79086;21.2;7.3
35;2021-04-25;8;16;228906;79102;21.2;7.3
35;2021-04-26;5099;2163;234005;81265;21.6;7.5
35;2021-04-27;6090;3213;240095;84478;22.2;7.8
35;2021-04-28;6173;2572;246268;87050;22.8;8.0
35;2021-04-29;7117;2769;253385;89819;23.4;8.3
35;2021-04-30;7564;2551;260949;92370;24.1;8.5
35;2021-05-01;618;239;261567;92609;24.2;8.6
35;2021-05-02;15;21;261582;92630;24.2;8.6
35;2021-05-03;5307;2335;266889;94965;24.7;8.8
35;2021-05-04;5067;5343;271956;100308;25.1;9.3
35;2021-05-05;4882;4451;276838;104759;25.6;9.7
35;2021-05-06;6176;5280;283014;110039;26.2;10.2
35;2021-05-07;5620;5251;288634;115290;26.7;10.7
35;2021-05-08;1719;136;290353;115426;26.8;10.7
35;2021-05-09;698;75;291051;115501;26.9;10.7
35;2021-05-10;3719;4955;294770;120456;27.2;11.1
35;2021-05-11;4774;5810;299544;126266;27.7;11.7
35;2021-05-12;5292;5501;304836;131767;28.2;12.2
35;2021-05-13;2699;1424;307535;133191;28.4;12.3
35;2021-05-14;5460;4334;312995;137525;28.9;12.7
35;2021-05-15;2929;718;315924;138243;29.2;12.8
35;2021-05-16;997;61;316921;138304;29.3;12.8
35;2021-05-17;4474;3882;321395;142186;29.7;13.1
35;2021-05-18;5838;4329;327233;146515;30.2;13.5
35;2021-05-19;5866;3633;333099;150148;30.8;13.9
35;2021-05-20;6448;4009;339547;154157;31.4;14.2
35;2021-05-21;6140;4770;345687;158927;31.9;14.7
35;2021-05-22;2118;739;347805;159666;32.1;14.8
35;2021-05-23;688;46;348493;159712;32.2;14.8
35;2021-05-24;3206;1298;351699;161010;32.5;14.9
35;2021-05-25;5541;4278;357240;165288;33.0;15.3
35;2021-05-26;5721;4165;362961;169453;33.5;15.7
35;2021-05-27;6527;4778;369488;174231;34.1;16.1
35;2021-05-28;6330;5573;375818;179804;34.7;16.6
35;2021-05-29;2873;1147;378691;180951;35.0;16.7
35;2021-05-30;878;39;379569;180990;35.1;16.7
35;2021-05-31;6309;4393;385878;185383;35.7;17.1
35;2021-06-01;7365;5124;393243;190507;36.3;17.6
35;2021-06-02;7219;3798;400462;194305;37.0;18.0
35;2021-06-03;8156;4999;408618;199304;37.8;18.4
35;2021-06-04;7274;7469;415892;206773;38.4;19.1
35;2021-06-05;4138;1588;420030;208361;38.8;19.3
35;2021-06-06;3053;147;423083;208508;39.1;19.3
35;2021-06-07;5782;5778;428865;214286;39.6;19.8
35;2021-06-08;7603;5956;436468;220242;40.3;20.4
35;2021-06-09;8461;4818;444929;225060;41.1;20.8
35;2021-06-10;9346;4752;454275;229812;42.0;21.2
35;2021-06-11;8632;7472;462907;237284;42.8;21.9
35;2021-06-12;4684;1209;467591;238493;43.2;22.0
35;2021-06-13;3386;227;470977;238720;43.5;22.1
35;2021-06-14;6231;6519;477208;245239;44.1;22.7
35;2021-06-15;7504;6966;484712;252205;44.8;23.3
35;2021-06-16;8323;5626;493035;257831;45.6;23.8
35;2021-06-17;8898;5913;501933;263744;46.4;24.4
35;2021-06-18;8717;8098;510650;271842;47.2;25.1
35;2021-06-19;1504;2510;512154;274352;47.3;25.4
35;2021-06-20;2953;883;515107;275235;47.6;25.4
35;2021-06-21;5930;6377;521037;281612;48.2;26.0
35;2021-06-22;6841;7500;527878;289112;48.8;26.7
35;2021-06-23;7254;6144;535132;295256;49.5;27.3
35;2021-06-24;8367;5925;543499;301181;50.2;27.8
35;2021-06-25;6627;8481;550126;309662;50.8;28.6
35;2021-06-26;1107;3077;551233;312739;50.9;28.9
35;2021-06-27;2635;1031;553868;313770;51.2;29.0
35;2021-06-28;4298;7761;558166;321531;51.6;29.7
35;2021-06-29;5089;7972;563255;329503;52.1;30.5
35;2021-06-30;5602;7897;568857;337400;52.6;31.2
35;2021-07-01;6588;7551;575445;344951;53.2;31.9
35;2021-07-02;5333;9862;580778;354813;53.7;32.8
35;2021-07-03;1083;2839;581861;357652;53.8;33.1
35;2021-07-04;2149;1554;584010;359206;54.0;33.2
35;2021-07-05;3735;8209;587745;367415;54.3;34.0
35;2021-07-06;4787;9478;592532;376893;54.8;34.8
35;2021-07-07;5060;8323;597592;385216;55.2;35.6
35;2021-07-08;5386;8490;602978;393706;55.7;36.4
35;2021-07-09;3907;11548;606885;405254;56.1;37.5
35;2021-07-10;892;3148;607777;408402;56.2;37.7
35;2021-07-11;1300;2355;609077;410757;56.3;38.0
35;2021-07-12;3121;9145;612198;419902;56.6;38.8
35;2021-07-13;3981;10749;616179;430651;56.9;39.8
35;2021-07-14;2154;4452;618333;435103;57.1;40.2
35;2021-07-15;4293;10181;622626;445284;57.5;41.2
35;2021-07-16;4802;11009;627428;456293;58.0;42.2
35;2021-07-17;1988;4064;629416;460357;58.2;42.5
35;2021-07-18;844;2571;630260;462928;58.2;42.8
35;2021-07-19;3251;8974;633511;471902;58.5;43.6
35;2021-07-20;4242;10592;637753;482494;58.9;44.6
35;2021-07-21;4372;9389;642125;491883;59.3;45.5
35;2021-07-22;4852;9657;646977;501540;59.8;46.3
35;2021-07-23;4564;11012;651541;512552;60.2;47.4
35;2021-07-24;1587;4267;653128;516819;60.4;47.8
35;2021-07-25;815;2846;653943;519665;60.4;48.0
35;2021-07-26;3893;8737;657836;528402;60.8;48.8
35;2021-07-27;5281;9658;663117;538060;61.3;49.7
35;2021-07-28;5317;8672;668434;546732;61.8;50.5
35;2021-07-29;6114;8342;674548;555074;62.3;51.3
35;2021-07-30;5904;9084;680452;564158;62.9;52.1
35;2021-07-31;2322;3655;682774;567813;63.1;52.5
35;2021-08-01;1526;2415;684300;570228;63.2;52.7
35;2021-08-02;4757;6949;689057;577177;63.7;53.3
35;2021-08-03;6712;7582;695769;584759;64.3;54.0
35;2021-08-04;6714;6594;702483;591353;64.9;54.7
35;2021-08-05;6685;6984;709168;598337;65.5;55.3
35;2021-08-06;6067;7322;715235;605659;66.1;56.0
35;2021-08-07;2109;3151;717344;608810;66.3;56.3
35;2021-08-08;1523;2257;718867;611067;66.4;56.5
35;2021-08-09;4617;5535;723484;616602;66.9;57.0
35;2021-08-10;6565;6381;730049;622983;67.5;57.6
35;2021-08-11;6474;5865;736523;628848;68.1;58.1
35;2021-08-12;7013;5586;743536;634434;68.7;58.6
35;2021-08-13;6697;5068;750233;639502;69.3;59.1
35;2021-08-14;3049;1985;753282;641487;69.6;59.3
35;2021-08-15;2471;1261;755753;642748;69.8;59.4
35;2021-08-16;4871;5296;760624;648044;70.3;59.9
35;2021-08-17;6408;6082;767032;654126;70.9;60.5
35;2021-08-18;6487;5633;773519;659759;71.5;61.0
35;2021-08-19;6302;5765;779821;665524;72.1;61.5
35;2021-08-20;5134;6349;784955;671873;72.5;62.1
35;2021-08-21;2384;2634;787339;674507;72.8;62.3
35;2021-08-22;1765;1797;789104;676304;72.9;62.5
35;2021-08-23;3105;6013;792209;682317;73.2;63.1
35;2021-08-24;3503;7221;795712;689538;73.5;63.7
35;2021-08-25;3314;6616;799026;696154;73.8;64.3
35;2021-08-26;2641;6895;801667;703049;74.1;65.0
35;2021-08-27;2784;7261;804451;710310;74.3;65.6
35;2021-08-28;1179;2954;805630;713264;74.5;65.9
35;2021-08-29;517;1760;806147;715024;74.5;66.1
35;2021-08-30;1978;5389;808125;720413;74.7;66.6
35;2021-08-31;2388;6360;810513;726773;74.9;67.2
35;2021-09-01;1924;5759;812437;732532;75.1;67.7
35;2021-09-02;1845;5752;814282;738284;75.3;68.2
35;2021-09-03;2032;6631;816314;744915;75.4;68.8
35;2021-09-04;1134;4009;817448;748924;75.5;69.2
35;2021-09-05;517;2007;817965;750931;75.6;69.4
35;2021-09-06;1138;4591;819103;755522;75.7;69.8
35;2021-09-07;1326;4868;820429;760390;75.8;70.3
35;2021-09-08;1335;5819;821764;766209;75.9;70.8
35;2021-09-09;1263;4845;823027;771054;76.1;71.3
35;2021-09-10;1587;5976;824614;777030;76.2;71.8
35;2021-09-11;625;3798;825239;780828;76.3;72.2
35;2021-09-12;285;2324;825524;783152;76.3;72.4
35;2021-09-13;1325;3835;826849;786987;76.4;72.7
35;2021-09-14;1383;3397;828232;790384;76.5;73.0
35;2021-09-15;1231;4596;829463;794980;76.7;73.5
35;2021-09-16;1130;2850;830593;797830;76.8;73.7
35;2021-09-17;1277;3896;831870;801726;76.9;74.1
35;2021-09-18;518;2877;832388;804603;76.9;74.4
35;2021-09-19;167;1020;832555;805623;76.9;74.5
35;2021-09-20;1152;2650;833707;808273;77.0;74.7
35;2021-09-21;666;1926;834373;810199;77.1;74.9
35;2021-09-22;857;3624;835230;813823;77.2;75.2
35;2021-09-23;565;1532;835795;815355;77.2;75.4
35;2021-09-24;972;3039;836767;818394;77.3;75.6
35;2021-09-25;421;1958;837188;820352;77.4;75.8
35;2021-09-26;16;164;837204;820516;77.4;75.8
35;2021-09-27;518;1626;837722;822142;77.4;76.0
35;2021-09-28;463;1185;838185;823327;77.5;76.1
35;2021-09-29;610;1981;838795;825308;77.5;76.3
35;2021-09-30;352;835;839147;826143;77.5;76.3
35;2021-10-01;808;2163;839955;828306;77.6;76.5
35;2021-10-02;359;1135;840314;829441;77.7;76.7
35;2021-10-03;2;12;840316;829453;77.7;76.7
35;2021-10-04;514;1011;840830;830464;77.7;76.7
35;2021-10-05;433;984;841263;831448;77.7;76.8
35;2021-10-06;604;1331;841867;832779;77.8;77.0
35;2021-10-07;379;979;842246;833758;77.8;77.1
35;2021-10-08;697;2073;842943;835831;77.9;77.2
35;2021-10-09;373;880;843316;836711;77.9;77.3
35;2021-10-10;0;4;843316;836715;77.9;77.3
35;2021-10-11;428;918;843744;837633;78.0;77.4
35;2021-10-12;400;735;844144;838368;78.0;77.5
36;2020-12-27;0;0;0;0;0.0;0.0
36;2020-12-28;0;0;0;0;0.0;0.0
36;2020-12-29;0;0;0;0;0.0;0.0
36;2020-12-30;0;0;0;0;0.0;0.0
36;2020-12-31;0;0;0;0;0.0;0.0
36;2021-01-01;0;0;0;0;0.0;0.0
36;2021-01-02;0;0;0;0;0.0;0.0
36;2021-01-03;0;0;0;0;0.0;0.0
36;2021-01-04;2;0;2;0;0.0;0.0
36;2021-01-05;0;0;2;0;0.0;0.0
36;2021-01-06;24;0;26;0;0.0;0.0
36;2021-01-07;51;0;77;0;0.0;0.0
36;2021-01-08;111;0;188;0;0.1;0.0
36;2021-01-09;84;0;272;0;0.1;0.0
36;2021-01-10;142;0;414;0;0.2;0.0
36;2021-01-11;240;1;654;1;0.3;0.0
36;2021-01-12;282;0;936;1;0.4;0.0
36;2021-01-13;198;1;1134;2;0.5;0.0
36;2021-01-14;506;4;1640;6;0.8;0.0
36;2021-01-15;179;1;1819;7;0.8;0.0
36;2021-01-16;24;1;1843;8;0.8;0.0
36;2021-01-17;19;1;1862;9;0.9;0.0
36;2021-01-18;612;5;2474;14;1.1;0.0
36;2021-01-19;1173;2;3647;16;1.7;0.0
36;2021-01-20;1102;4;4749;20;2.2;0.0
36;2021-01-21;721;1;5470;21;2.5;0.0
36;2021-01-22;858;2;6328;23;2.9;0.0
36;2021-01-23;294;0;6622;23;3.0;0.0
36;2021-01-24;185;1;6807;24;3.1;0.0
36;2021-01-25;640;5;7447;29;3.4;0.0
36;2021-01-26;609;1;8056;30;3.7;0.0
36;2021-01-27;853;20;8909;50;4.1;0.0
36;2021-01-28;478;44;9387;94;4.3;0.0
36;2021-01-29;572;96;9959;190;4.6;0.1
36;2021-01-30;288;71;10247;261;4.7;0.1
36;2021-01-31;115;130;10362;391;4.8;0.2
36;2021-02-01;379;100;10741;491;4.9;0.2
36;2021-02-02;410;175;11151;666;5.1;0.3
36;2021-02-03;473;264;11624;930;5.4;0.4
36;2021-02-04;275;272;11899;1202;5.5;0.6
36;2021-02-05;301;164;12200;1366;5.6;0.6
36;2021-02-06;1;0;12201;1366;5.6;0.6
36;2021-02-07;1;0;12202;1366;5.6;0.6
36;2021-02-08;280;258;12482;1624;5.7;0.7
36;2021-02-09;328;605;12810;2229;5.9;1.0
36;2021-02-10;489;656;13299;2885;6.1;1.3
36;2021-02-11;384;593;13683;3478;6.3;1.6
36;2021-02-12;303;459;13986;3937;6.4;1.8
36;2021-02-13;126;81;14112;4018;6.5;1.9
36;2021-02-14;22;43;14134;4061;6.5;1.9
36;2021-02-15;42;575;14176;4636;6.5;2.1
36;2021-02-16;107;412;14283;5048;6.6;2.3
36;2021-02-17;117;622;14400;5670;6.6;2.6
36;2021-02-18;161;614;14561;6284;6.7;2.9
36;2021-02-19;181;540;14742;6824;6.8;3.1
36;2021-02-20;86;239;14828;7063;6.8;3.3
36;2021-02-21;87;156;14915;7219;6.9;3.3
36;2021-02-22;162;512;15077;7731;6.9;3.6
36;2021-02-23;62;574;15139;8305;7.0;3.8
36;2021-02-24;110;680;15249;8985;7.0;4.1
36;2021-02-25;251;281;15500;9266;7.1;4.3
36;2021-02-26;339;468;15839;9734;7.3;4.5
36;2021-02-27;73;277;15912;10011;7.3;4.6
36;2021-02-28;13;97;15925;10108;7.3;4.7
36;2021-03-01;218;341;16143;10449;7.4;4.8
36;2021-03-02;352;367;16495;10816;7.6;5.0
36;2021-03-03;394;532;16889;11348;7.8;5.2
36;2021-03-04;662;358;17551;11706;8.1;5.4
36;2021-03-05;800;298;18351;12004;8.5;5.5
36;2021-03-06;410;18;18761;12022;8.6;5.5
36;2021-03-07;339;9;19100;12031;8.8;5.5
36;2021-03-08;251;316;19351;12347;8.9;5.7
36;2021-03-09;449;270;19800;12617;9.1;5.8
36;2021-03-10;724;409;20524;13026;9.5;6.0
36;2021-03-11;840;246;21364;13272;9.8;6.1
36;2021-03-12;1446;300;22810;13572;10.5;6.3
36;2021-03-13;576;129;23386;13701;10.8;6.3
36;2021-03-14;113;1;23499;13702;10.8;6.3
36;2021-03-15;648;158;24147;13860;11.1;6.4
36;2021-03-16;445;67;24592;13927;11.3;6.4
36;2021-03-17;766;92;25358;14019;11.7;6.5
36;2021-03-18;414;72;25772;14091;11.9;6.5
36;2021-03-19;737;40;26509;14131;12.2;6.5
36;2021-03-20;450;27;26959;14158;12.4;6.5
36;2021-03-21;0;0;26959;14158;12.4;6.5
36;2021-03-22;497;60;27456;14218;12.6;6.5
36;2021-03-23;777;60;28233;14278;13.0;6.6
36;2021-03-24;1089;78;29322;14356;13.5;6.6
36;2021-03-25;1339;90;30661;14446;14.1;6.7
36;2021-03-26;1418;158;32079;14604;14.8;6.7
36;2021-03-27;475;43;32554;14647;15.0;6.7
36;2021-03-28;68;57;32622;14704;15.0;6.8
36;2021-03-29;462;187;33084;14891;15.2;6.9
36;2021-03-30;583;263;33667;15154;15.5;7.0
36;2021-03-31;1262;172;34929;15326;16.1;7.1
36;2021-04-01;1086;432;36015;15758;16.6;7.3
36;2021-04-02;966;144;36981;15902;17.0;7.3
36;2021-04-03;282;195;37263;16097;17.2;7.4
36;2021-04-04;42;2;37305;16099;17.2;7.4
36;2021-04-05;15;46;37320;16145;17.2;7.4
36;2021-04-06;820;362;38140;16507;17.6;7.6
36;2021-04-07;1072;545;39212;17052;18.1;7.9
36;2021-04-08;1347;482;40559;17534;18.7;8.1
36;2021-04-09;1936;406;42495;17940;19.6;8.3
36;2021-04-10;591;243;43086;18183;19.8;8.4
36;2021-04-11;256;90;43342;18273;20.0;8.4
36;2021-04-12;848;561;44190;18834;20.4;8.7
36;2021-04-13;1140;519;45330;19353;20.9;8.9
36;2021-04-14;1582;866;46912;20219;21.6;9.3
36;2021-04-15;1654;474;48566;20693;22.4;9.5
36;2021-04-16;1485;470;50051;21163;23.1;9.7
36;2021-04-17;893;251;50944;21414;23.5;9.9
36;2021-04-18;383;7;51327;21421;23.6;9.9
36;2021-04-19;874;444;52201;21865;24.0;10.1
36;2021-04-20;1145;524;53346;22389;24.6;10.3
36;2021-04-21;1240;881;54586;23270;25.1;10.7
36;2021-04-22;1593;873;56179;24143;25.9;11.1
36;2021-04-23;1329;618;57508;24761;26.5;11.4
36;2021-04-24;677;380;58185;25141;26.8;11.6
36;2021-04-25;413;95;58598;25236;27.0;11.6
36;2021-04-26;1134;450;59732;25686;27.5;11.8
36;2021-04-27;1278;553;61010;26239;28.1;12.1
36;2021-04-28;1488;1065;62498;27304;28.8;12.6
36;2021-04-29;2016;715;64514;28019;29.7;12.9
36;2021-04-30;1553;458;66067;28477;30.4;13.1
36;2021-05-01;724;64;66791;28541;30.8;13.1
36;2021-05-02;498;64;67289;28605;31.0;13.2
36;2021-05-03;1293;320;68582;28925;31.6;13.3
36;2021-05-04;780;805;69362;29730;31.9;13.7
36;2021-05-05;1282;1306;70644;31036;32.5;14.3
36;2021-05-06;2137;797;72781;31833;33.5;14.7
36;2021-05-07;1469;771;74250;32604;34.2;15.0
36;2021-05-08;306;105;74556;32709;34.3;15.1
36;2021-05-09;174;343;74730;33052;34.4;15.2
36;2021-05-10;1216;818;75946;33870;35.0;15.6
36;2021-05-11;1725;1251;77671;35121;35.8;16.2
36;2021-05-12;1827;1486;79498;36607;36.6;16.9
36;2021-05-13;548;304;80046;36911;36.9;17.0
36;2021-05-14;701;1037;80747;37948;37.2;17.5
36;2021-05-15;635;592;81382;38540;37.5;17.7
36;2021-05-16;337;377;81719;38917;37.6;17.9
36;2021-05-17;615;944;82334;39861;37.9;18.4
36;2021-05-18;874;937;83208;40798;38.3;18.8
36;2021-05-19;1333;845;84541;41643;38.9;19.2
36;2021-05-20;1611;1209;86152;42852;39.7;19.7
36;2021-05-21;1106;1068;87258;43920;40.2;20.2
36;2021-05-22;678;342;87936;44262;40.5;20.4
36;2021-05-23;428;297;88364;44559;40.7;20.5
36;2021-05-24;506;469;88870;45028;40.9;20.7
36;2021-05-25;1045;686;89915;45714;41.4;21.1
36;2021-05-26;1472;1165;91387;46879;42.1;21.6
36;2021-05-27;1398;977;92785;47856;42.7;22.0
36;2021-05-28;921;1480;93706;49336;43.2;22.7
36;2021-05-29;700;507;94406;49843;43.5;23.0
36;2021-05-30;111;572;94517;50415;43.5;23.2
36;2021-05-31;1137;764;95654;51179;44.1;23.6
36;2021-06-01;1413;830;97067;52009;44.7;24.0
36;2021-06-02;2062;614;99129;52623;45.7;24.2
36;2021-06-03;1902;1201;101031;53824;46.5;24.8
36;2021-06-04;1772;1045;102803;54869;47.3;25.3
36;2021-06-05;693;658;103496;55527;47.7;25.6
36;2021-06-06;336;272;103832;55799;47.8;25.7
36;2021-06-07;983;808;104815;56607;48.3;26.1
36;2021-06-08;957;981;105772;57588;48.7;26.5
36;2021-06-09;1675;1071;107447;58659;49.5;27.0
36;2021-06-10;1530;1382;108977;60041;50.2;27.7
36;2021-06-11;1288;1499;110265;61540;50.8;28.3
36;2021-06-12;921;784;111186;62324;51.2;28.7
36;2021-06-13;343;269;111529;62593;51.4;28.8
36;2021-06-14;605;1269;112134;63862;51.6;29.4
36;2021-06-15;733;1215;112867;65077;52.0;30.0
36;2021-06-16;903;1519;113770;66596;52.4;30.7
36;2021-06-17;749;1904;114519;68500;52.7;31.5
36;2021-06-18;706;1879;115225;70379;53.1;32.4
36;2021-06-19;295;395;115520;70774;53.2;32.6
36;2021-06-20;235;327;115755;71101;53.3;32.7
36;2021-06-21;692;1449;116447;72550;53.6;33.4
36;2021-06-22;841;1552;117288;74102;54.0;34.1
36;2021-06-23;774;1791;118062;75893;54.4;35.0
36;2021-06-24;855;1522;118917;77415;54.8;35.7
36;2021-06-25;942;1221;119859;78636;55.2;36.2
36;2021-06-26;324;602;120183;79238;55.3;36.5
36;2021-06-27;105;267;120288;79505;55.4;36.6
36;2021-06-28;696;923;120984;80428;55.7;37.0
36;2021-06-29;688;1459;121672;81887;56.0;37.7
36;2021-06-30;836;2149;122508;84036;56.4;38.7
36;2021-07-01;353;1081;122861;85117;56.6;39.2
36;2021-07-02;749;1843;123610;86960;56.9;40.0
36;2021-07-03;465;885;124075;87845;57.1;40.5
36;2021-07-04;185;326;124260;88171;57.2;40.6
36;2021-07-05;493;1335;124753;89506;57.5;41.2
36;2021-07-06;491;1220;125244;90726;57.7;41.8
36;2021-07-07;586;1791;125830;92517;57.9;42.6
36;2021-07-08;549;1707;126379;94224;58.2;43.4
36;2021-07-09;786;1654;127165;95878;58.6;44.2
36;2021-07-10;469;1119;127634;96997;58.8;44.7
36;2021-07-11;257;154;127891;97151;58.9;44.7
36;2021-07-12;332;1628;128223;98779;59.1;45.5
36;2021-07-13;311;1936;128534;100715;59.2;46.4
36;2021-07-14;376;763;128910;101478;59.4;46.7
36;2021-07-15;917;2164;129827;103642;59.8;47.7
36;2021-07-16;628;1873;130455;105515;60.1;48.6
36;2021-07-17;400;859;130855;106374;60.3;49.0
36;2021-07-18;199;408;131054;106782;60.4;49.2
36;2021-07-19;552;1456;131606;108238;60.6;49.8
36;2021-07-20;776;1407;132382;109645;61.0;50.5
36;2021-07-21;713;1984;133095;111629;61.3;51.4
36;2021-07-22;1138;1686;134233;113315;61.8;52.2
36;2021-07-23;968;1746;135201;115061;62.3;53.0
36;2021-07-24;605;801;135806;115862;62.5;53.4
36;2021-07-25;148;404;135954;116266;62.6;53.5
36;2021-07-26;948;1086;136902;117352;63.0;54.0
36;2021-07-27;816;1355;137718;118707;63.4;54.7
36;2021-07-28;1385;1402;139103;120109;64.1;55.3
36;2021-07-29;1708;1310;140811;121419;64.8;55.9
36;2021-07-30;1445;1322;142256;122741;65.5;56.5
36;2021-07-31;933;537;143189;123278;65.9;56.8
36;2021-08-01;210;239;143399;123517;66.0;56.9
36;2021-08-02;1116;892;144515;124409;66.6;57.3
36;2021-08-03;1271;999;145786;125408;67.1;57.8
36;2021-08-04;1695;940;147481;126348;67.9;58.2
36;2021-08-05;1824;910;149305;127258;68.8;58.6
36;2021-08-06;1418;877;150723;128135;69.4;59.0
36;2021-08-07;541;527;151264;128662;69.7;59.3
36;2021-08-08;292;153;151556;128815;69.8;59.3
36;2021-08-09;818;846;152374;129661;70.2;59.7
36;2021-08-10;1067;1012;153441;130673;70.7;60.2
36;2021-08-11;1356;858;154797;131531;71.3;60.6
36;2021-08-12;1161;854;155958;132385;71.8;61.0
36;2021-08-13;1193;778;157151;133163;72.4;61.3
36;2021-08-14;426;836;157577;133999;72.6;61.7
36;2021-08-15;365;113;157942;134112;72.7;61.8
36;2021-08-16;606;954;158548;135066;73.0;62.2
36;2021-08-17;766;1002;159314;136068;73.4;62.7
36;2021-08-18;1039;1164;160353;137232;73.8;63.2
36;2021-08-19;840;1178;161193;138410;74.2;63.7
36;2021-08-20;488;1480;161681;139890;74.5;64.4
36;2021-08-21;309;468;161990;140358;74.6;64.6
36;2021-08-22;27;65;162017;140423;74.6;64.7
36;2021-08-23;551;1179;162568;141602;74.9;65.2
36;2021-08-24;589;1204;163157;142806;75.1;65.8
36;2021-08-25;466;1094;163623;143900;75.4;66.3
36;2021-08-26;666;1480;164289;145380;75.7;67.0
36;2021-08-27;529;1409;164818;146789;75.9;67.6
36;2021-08-28;368;580;165186;147369;76.1;67.9
36;2021-08-29;222;241;165408;147610;76.2;68.0
36;2021-08-30;246;726;165654;148336;76.3;68.3
36;2021-08-31;387;833;166041;149169;76.5;68.7
36;2021-09-01;388;1060;166429;150229;76.6;69.2
36;2021-09-02;324;910;166753;151139;76.8;69.6
36;2021-09-03;297;1362;167050;152501;76.9;70.2
36;2021-09-04;248;781;167298;153282;77.0;70.6
36;2021-09-05;119;327;167417;153609;77.1;70.7
36;2021-09-06;150;872;167567;154481;77.2;71.1
36;2021-09-07;192;690;167759;155171;77.3;71.5
36;2021-09-08;236;1121;167995;156292;77.4;72.0
36;2021-09-09;293;834;168288;157126;77.5;72.4
36;2021-09-10;270;951;168558;158077;77.6;72.8
36;2021-09-11;165;724;168723;158801;77.7;73.1
36;2021-09-12;82;190;168805;158991;77.7;73.2
36;2021-09-13;168;550;168973;159541;77.8;73.5
36;2021-09-14;170;439;169143;159980;77.9;73.7
36;2021-09-15;301;568;169444;160548;78.0;73.9
36;2021-09-16;251;670;169695;161218;78.2;74.2
36;2021-09-17;256;567;169951;161785;78.3;74.5
36;2021-09-18;123;427;170074;162212;78.3;74.7
36;2021-09-19;43;214;170117;162426;78.3;74.8
36;2021-09-20;131;325;170248;162751;78.4;75.0
36;2021-09-21;132;300;170380;163051;78.5;75.1
36;2021-09-22;118;674;170498;163725;78.5;75.4
36;2021-09-23;135;438;170633;164163;78.6;75.6
36;2021-09-24;128;497;170761;164660;78.6;75.8
36;2021-09-25;119;502;170880;165162;78.7;76.1
36;2021-09-26;15;318;170895;165480;78.7;76.2
36;2021-09-27;66;224;170961;165704;78.7;76.3
36;2021-09-28;69;233;171030;165937;78.8;76.4
36;2021-09-29;107;387;171137;166324;78.8;76.6
36;2021-09-30;110;252;171247;166576;78.9;76.7
36;2021-10-01;163;308;171410;166884;78.9;76.9
36;2021-10-02;43;183;171453;167067;79.0;76.9
36;2021-10-03;4;23;171457;167090;79.0;77.0
36;2021-10-04;54;195;171511;167285;79.0;77.0
36;2021-10-05;115;163;171626;167448;79.0;77.1
36;2021-10-06;99;293;171725;167741;79.1;77.3
36;2021-10-07;84;204;171809;167945;79.1;77.3
36;2021-10-08;130;269;171939;168214;79.2;77.5
36;2021-10-09;80;207;172019;168421;79.2;77.6
36;2021-10-10;4;11;172023;168432;79.2;77.6
36;2021-10-11;86;140;172109;168572;79.3;77.6
36;2021-10-12;78;94;172187;168666;79.3;77.7
37;2020-12-27;1;0;1;0;0.0;0.0
37;2020-12-28;17;0;18;0;0.0;0.0
37;2020-12-29;10;0;28;0;0.0;0.0
37;2020-12-30;0;0;28;0;0.0;0.0
37;2020-12-31;0;0;28;0;0.0;0.0
37;2021-01-01;0;0;28;0;0.0;0.0
37;2021-01-02;0;0;28;0;0.0;0.0
37;2021-01-03;2;0;30;0;0.0;0.0
37;2021-01-04;23;0;53;0;0.0;0.0
37;2021-01-05;47;0;100;0;0.0;0.0
37;2021-01-06;79;0;179;0;0.0;0.0
37;2021-01-07;116;1;295;1;0.0;0.0
37;2021-01-08;442;1;737;2;0.1;0.0
37;2021-01-09;80;2;817;4;0.1;0.0
37;2021-01-10;83;0;900;4;0.1;0.0
37;2021-01-11;281;0;1181;4;0.2;0.0
37;2021-01-12;658;5;1839;9;0.3;0.0
37;2021-01-13;561;1;2400;10;0.4;0.0
37;2021-01-14;526;4;2926;14;0.5;0.0
37;2021-01-15;628;1;3554;15;0.6;0.0
37;2021-01-16;304;2;3858;17;0.6;0.0
37;2021-01-17;263;1;4121;18;0.7;0.0
37;2021-01-18;733;9;4854;27;0.8;0.0
37;2021-01-19;1244;11;6098;38;1.0;0.0
37;2021-01-20;1039;5;7137;43;1.2;0.0
37;2021-01-21;858;1;7995;44;1.3;0.0
37;2021-01-22;767;2;8762;46;1.4;0.0
37;2021-01-23;173;0;8935;46;1.5;0.0
37;2021-01-24;2;0;8937;46;1.5;0.0
37;2021-01-25;543;17;9480;63;1.6;0.0
37;2021-01-26;1814;69;11294;132;1.9;0.0
37;2021-01-27;1523;77;12817;209;2.1;0.0
37;2021-01-28;1535;95;14352;304;2.4;0.1
37;2021-01-29;634;310;14986;614;2.5;0.1
37;2021-01-30;204;61;15190;675;2.5;0.1
37;2021-01-31;15;64;15205;739;2.5;0.1
37;2021-02-01;333;198;15538;937;2.6;0.2
37;2021-02-02;522;526;16060;1463;2.7;0.2
37;2021-02-03;659;349;16719;1812;2.8;0.3
37;2021-02-04;549;409;17268;2221;2.9;0.4
37;2021-02-05;468;443;17736;2664;2.9;0.4
37;2021-02-06;191;2;17927;2666;3.0;0.4
37;2021-02-07;21;1;17948;2667;3.0;0.4
37;2021-02-08;333;323;18281;2990;3.0;0.5
37;2021-02-09;627;709;18908;3699;3.1;0.6
37;2021-02-10;664;509;19572;4208;3.2;0.7
37;2021-02-11;613;562;20185;4770;3.3;0.8
37;2021-02-12;489;552;20674;5322;3.4;0.9
37;2021-02-13;157;204;20831;5526;3.4;0.9
37;2021-02-14;2;72;20833;5598;3.4;0.9
37;2021-02-15;427;480;21260;6078;3.5;1.0
37;2021-02-16;841;1444;22101;7522;3.7;1.2
37;2021-02-17;634;1371;22735;8893;3.8;1.5
37;2021-02-18;913;1417;23648;10310;3.9;1.7
37;2021-02-19;797;836;24445;11146;4.0;1.8
37;2021-02-20;245;209;24690;11355;4.1;1.9
37;2021-02-21;5;1;24695;11356;4.1;1.9
37;2021-02-22;335;581;25030;11937;4.1;2.0
37;2021-02-23;605;632;25635;12569;4.2;2.1
37;2021-02-24;573;623;26208;13192;4.3;2.2
37;2021-02-25;875;613;27083;13805;4.5;2.3
37;2021-02-26;1118;577;28201;14382;4.7;2.4
37;2021-02-27;585;188;28786;14570;4.8;2.4
37;2021-02-28;23;0;28809;14570;4.8;2.4
37;2021-03-01;603;361;29412;14931;4.9;2.5
37;2021-03-02;1090;544;30502;15475;5.0;2.6
37;2021-03-03;973;549;31475;16024;5.2;2.6
37;2021-03-04;1608;485;33083;16509;5.5;2.7
37;2021-03-05;2132;568;35215;17077;5.8;2.8
37;2021-03-06;1165;216;36380;17293;6.0;2.9
37;2021-03-07;472;68;36852;17361;6.1;2.9
37;2021-03-08;670;401;37522;17762;6.2;2.9
37;2021-03-09;1654;704;39176;18466;6.5;3.1
37;2021-03-10;1609;755;40785;19221;6.7;3.2
37;2021-03-11;2051;707;42836;19928;7.1;3.3
37;2021-03-12;3210;481;46046;20409;7.6;3.4
37;2021-03-13;1948;192;47994;20601;7.9;3.4
37;2021-03-14;206;4;48200;20605;8.0;3.4
37;2021-03-15;1071;252;49271;20857;8.1;3.4
37;2021-03-16;1050;535;50321;21392;8.3;3.5
37;2021-03-17;937;282;51258;21674;8.5;3.6
37;2021-03-18;1036;528;52294;22202;8.6;3.7
37;2021-03-19;2218;346;54512;22548;9.0;3.7
37;2021-03-20;1336;145;55848;22693;9.2;3.7
37;2021-03-21;205;4;56053;22697;9.3;3.7
37;2021-03-22;1288;243;57341;22940;9.5;3.8
37;2021-03-23;2257;573;59598;23513;9.8;3.9
37;2021-03-24;2245;469;61843;23982;10.2;4.0
37;2021-03-25;2985;449;64828;24431;10.7;4.0
37;2021-03-26;3525;413;68353;24844;11.3;4.1
37;2021-03-27;1176;129;69529;24973;11.5;4.1
37;2021-03-28;139;1;69668;24974;11.5;4.1
37;2021-03-29;1606;350;71274;25324;11.8;4.2
37;2021-03-30;2525;629;73799;25953;12.2;4.3
37;2021-03-31;2050;485;75849;26438;12.5;4.4
37;2021-04-01;2600;972;78449;27410;13.0;4.5
37;2021-04-02;2808;672;81257;28082;13.4;4.6
37;2021-04-03;818;226;82075;28308;13.6;4.7
37;2021-04-04;104;1;82179;28309;13.6;4.7
37;2021-04-05;4;0;82183;28309;13.6;4.7
37;2021-04-06;2243;785;84426;29094;13.9;4.8
37;2021-04-07;3173;881;87599;29975;14.5;5.0
37;2021-04-08;4045;972;91644;30947;15.1;5.1
37;2021-04-09;4544;960;96188;31907;15.9;5.3
37;2021-04-10;1330;438;97518;32345;16.1;5.3
37;2021-04-11;104;1;97622;32346;16.1;5.3
37;2021-04-12;2642;680;100264;33026;16.6;5.5
37;2021-04-13;4114;1167;104378;34193;17.2;5.6
37;2021-04-14;3043;896;107421;35089;17.7;5.8
37;2021-04-15;3757;1023;111178;36112;18.4;6.0
37;2021-04-16;4359;1231;115537;37343;19.1;6.2
37;2021-04-17;1147;228;116684;37571;19.3;6.2
37;2021-04-18;98;3;116782;37574;19.3;6.2
37;2021-04-19;2481;852;119263;38426;19.7;6.3
37;2021-04-20;3233;1340;122496;39766;20.2;6.6
37;2021-04-21;2928;1163;125424;40929;20.7;6.8
37;2021-04-22;3456;1405;128880;42334;21.3;7.0
37;2021-04-23;3694;1819;132574;44153;21.9;7.3
37;2021-04-24;1007;387;133581;44540;22.1;7.4
37;2021-04-25;46;2;133627;44542;22.1;7.4
37;2021-04-26;2971;1350;136598;45892;22.6;7.6
37;2021-04-27;4186;1817;140784;47709;23.3;7.9
37;2021-04-28;3466;1957;144250;49666;23.8;8.2
37;2021-04-29;4586;2028;148836;51694;24.6;8.5
37;2021-04-30;5056;1995;153892;53689;25.4;8.9
37;2021-05-01;638;214;154530;53903;25.5;8.9
37;2021-05-02;104;15;154634;53918;25.5;8.9
37;2021-05-03;2672;1960;157306;55878;26.0;9.2
37;2021-05-04;3731;2722;161037;58600;26.6;9.7
37;2021-05-05;3498;2091;164535;60691;27.2;10.0
37;2021-05-06;4992;1954;169527;62645;28.0;10.3
37;2021-05-07;4685;2887;174212;65532;28.8;10.8
37;2021-05-08;538;312;174750;65844;28.9;10.9
37;2021-05-09;63;41;174813;65885;28.9;10.9
37;2021-05-10;2161;3486;176974;69371;29.2;11.5
37;2021-05-11;3868;3882;180842;73253;29.9;12.1
37;2021-05-12;4041;2547;184883;75800;30.5;12.5
37;2021-05-13;1139;517;186022;76317;30.7;12.6
37;2021-05-14;4046;2680;190068;78997;31.4;13.0
37;2021-05-15;2322;744;192390;79741;31.8;13.2
37;2021-05-16;22;70;192412;79811;31.8;13.2
37;2021-05-17;2765;2046;195177;81857;32.2;13.5
37;2021-05-18;3876;2363;199053;84220;32.9;13.9
37;2021-05-19;3495;1808;202548;86028;33.5;14.2
37;2021-05-20;4751;1778;207299;87806;34.2;14.5
37;2021-05-21;4525;2572;211824;90378;35.0;14.9
37;2021-05-22;1078;752;212902;91130;35.2;15.1
37;2021-05-23;73;89;212975;91219;35.2;15.1
37;2021-05-24;513;107;213488;91326;35.3;15.1
37;2021-05-25;5123;2176;218611;93502;36.1;15.4
37;2021-05-26;4930;2101;223541;95603;36.9;15.8
37;2021-05-27;5983;2367;229524;97970;37.9;16.2
37;2021-05-28;6019;3268;235543;101238;38.9;16.7
37;2021-05-29;1520;1167;237063;102405;39.2;16.9
37;2021-05-30;55;160;237118;102565;39.2;16.9
37;2021-05-31;3647;2529;240765;105094;39.8;17.4
37;2021-06-01;5841;3624;246606;108718;40.7;18.0
37;2021-06-02;5079;2459;251685;111177;41.6;18.4
37;2021-06-03;6086;2884;257771;114061;42.6;18.8
37;2021-06-04;5510;4209;263281;118270;43.5;19.5
37;2021-06-05;1853;1306;265134;119576;43.8;19.8
37;2021-06-06;49;197;265183;119773;43.8;19.8
37;2021-06-07;3021;4168;268204;123941;44.3;20.5
37;2021-06-08;4201;4658;272405;128599;45.0;21.2
37;2021-06-09;3883;3573;276288;132172;45.6;21.8
37;2021-06-10;5271;3622;281559;135794;46.5;22.4
37;2021-06-11;4972;4839;286531;140633;47.3;23.2
37;2021-06-12;3552;1349;290083;141982;47.9;23.5
37;2021-06-13;15;164;290098;142146;47.9;23.5
37;2021-06-14;2666;4039;292764;146185;48.4;24.1
37;2021-06-15;3898;4780;296662;150965;49.0;24.9
37;2021-06-16;3261;3602;299923;154567;49.5;25.5
37;2021-06-17;4013;4497;303936;159064;50.2;26.3
37;2021-06-18;4704;5075;308640;164139;51.0;27.1
37;2021-06-19;2519;1101;311159;165240;51.4;27.3
37;2021-06-20;10;183;311169;165423;51.4;27.3
37;2021-06-21;2418;3827;313587;169250;51.8;28.0
37;2021-06-22;2968;5008;316555;174258;52.3;28.8
37;2021-06-23;2625;3644;319180;177902;52.7;29.4
37;2021-06-24;2873;3544;322053;181446;53.2;30.0
37;2021-06-25;3308;4882;325361;186328;53.7;30.8
37;2021-06-26;1238;3086;326599;189414;53.9;31.3
37;2021-06-27;23;142;326622;189556;54.0;31.3
37;2021-06-28;1703;4510;328325;194066;54.2;32.1
37;2021-06-29;1904;6225;330229;200291;54.5;33.1
37;2021-06-30;1870;4443;332099;204734;54.9;33.8
37;2021-07-01;2124;4795;334223;209529;55.2;34.6
37;2021-07-02;2681;5595;336904;215124;55.7;35.5
37;2021-07-03;944;2138;337848;217262;55.8;35.9
37;2021-07-04;5;105;337853;217367;55.8;35.9
37;2021-07-05;1709;5137;339562;222504;56.1;36.8
37;2021-07-06;2003;6760;341565;229264;56.4;37.9
37;2021-07-07;1944;5466;343509;234730;56.7;38.8
37;2021-07-08;2465;6662;345974;241392;57.1;39.9
37;2021-07-09;1986;7646;347960;249038;57.5;41.1
37;2021-07-10;1016;2619;348976;251657;57.6;41.6
37;2021-07-11;26;96;349002;251753;57.7;41.6
37;2021-07-12;1130;5984;350132;257737;57.8;42.6
37;2021-07-13;1614;7817;351746;265554;58.1;43.9
37;2021-07-14;525;408;352271;265962;58.2;43.9
37;2021-07-15;2625;7502;354896;273464;58.6;45.2
37;2021-07-16;2757;7804;357653;281268;59.1;46.5
37;2021-07-17;1202;2447;358855;283715;59.3;46.9
37;2021-07-18;50;53;358905;283768;59.3;46.9
37;2021-07-19;1652;6127;360557;289895;59.6;47.9
37;2021-07-20;2906;7065;363463;296960;60.0;49.1
37;2021-07-21;2981;5785;366444;302745;60.5;50.0
37;2021-07-22;4057;6533;370501;309278;61.2;51.1
37;2021-07-23;3808;7108;374309;316386;61.8;52.3
37;2021-07-24;1775;3308;376084;319694;62.1;52.8
37;2021-07-25;66;77;376150;319771;62.1;52.8
37;2021-07-26;3236;4322;379386;324093;62.7;53.5
37;2021-07-27;4429;4963;383815;329056;63.4;54.4
37;2021-07-28;4136;3664;387951;332720;64.1;55.0
37;2021-07-29;5086;4195;393037;336915;64.9;55.7
37;2021-07-30;5247;4939;398284;341854;65.8;56.5
37;2021-07-31;1921;1846;400205;343700;66.1;56.8
37;2021-08-01;31;52;400236;343752;66.1;56.8
37;2021-08-02;3293;3296;403529;347048;66.7;57.3
37;2021-08-03;5262;3146;408791;350194;67.5;57.8
37;2021-08-04;4559;1931;413350;352125;68.3;58.2
37;2021-08-05;4788;2599;418138;354724;69.1;58.6
37;2021-08-06;4852;3307;422990;358031;69.9;59.1
37;2021-08-07;1626;1125;424616;359156;70.1;59.3
37;2021-08-08;34;177;424650;359333;70.1;59.4
37;2021-08-09;2435;2258;427085;361591;70.5;59.7
37;2021-08-10;3027;2639;430112;364230;71.0;60.2
37;2021-08-11;2099;2108;432211;366338;71.4;60.5
37;2021-08-12;2613;2692;434824;369030;71.8;61.0
37;2021-08-13;2484;2777;437308;371807;72.2;61.4
37;2021-08-14;756;814;438064;372621;72.4;61.6
37;2021-08-15;12;57;438076;372678;72.4;61.6
37;2021-08-16;1466;3160;439542;375838;72.6;62.1
37;2021-08-17;1797;3974;441339;379812;72.9;62.7
37;2021-08-18;1399;3141;442738;382953;73.1;63.3
37;2021-08-19;1598;3842;444336;386795;73.4;63.9
37;2021-08-20;1598;4554;445934;391349;73.7;64.6
37;2021-08-21;610;1201;446544;392550;73.8;64.8
37;2021-08-22;3;31;446547;392581;73.8;64.8
37;2021-08-23;1291;3985;447838;396566;74.0;65.5
37;2021-08-24;1541;4852;449379;401418;74.2;66.3
37;2021-08-25;1055;4222;450434;405640;74.4;67.0
37;2021-08-26;1279;4513;451713;410153;74.6;67.8
37;2021-08-27;1456;5663;453169;415816;74.9;68.7
37;2021-08-28;408;1462;453577;417278;74.9;68.9
37;2021-08-29;1;18;453578;417296;74.9;68.9
37;2021-08-30;1076;3877;454654;421173;75.1;69.6
37;2021-08-31;1280;3713;455934;424886;75.3;70.2
37;2021-09-01;977;2493;456911;427379;75.5;70.6
37;2021-09-02;896;2529;457807;429908;75.6;71.0
37;2021-09-03;1046;3566;458853;433474;75.8;71.6
37;2021-09-04;667;1323;459520;434797;75.9;71.8
37;2021-09-05;1;28;459521;434825;75.9;71.8
37;2021-09-06;377;1091;459898;435916;76.0;72.0
37;2021-09-07;536;1299;460434;437215;76.1;72.2
37;2021-09-08;819;1870;461253;439085;76.2;72.5
37;2021-09-09;556;1272;461809;440357;76.3;72.7
37;2021-09-10;817;1610;462626;441967;76.4;73.0
37;2021-09-11;402;939;463028;442906;76.5;73.2
37;2021-09-12;15;15;463043;442921;76.5;73.2
37;2021-09-13;449;1057;463492;443978;76.6;73.3
37;2021-09-14;509;1089;464001;445067;76.6;73.5
37;2021-09-15;624;1478;464625;446545;76.7;73.8
37;2021-09-16;354;770;464979;447315;76.8;73.9
37;2021-09-17;636;1473;465615;448788;76.9;74.1
37;2021-09-18;306;841;465921;449629;77.0;74.3
37;2021-09-19;16;42;465937;449671;77.0;74.3
37;2021-09-20;271;681;466208;450352;77.0;74.4
37;2021-09-21;441;1324;466649;451676;77.1;74.6
37;2021-09-22;426;1289;467075;452965;77.2;74.8
37;2021-09-23;427;1047;467502;454012;77.2;75.0
37;2021-09-24;502;1406;468004;455418;77.3;75.2
37;2021-09-25;231;769;468235;456187;77.3;75.4
37;2021-09-26;1;22;468236;456209;77.3;75.4
37;2021-09-27;289;692;468525;456901;77.4;75.5
37;2021-09-28;396;661;468921;457562;77.5;75.6
37;2021-09-29;366;940;469287;458502;77.5;75.7
37;2021-09-30;372;496;469659;458998;77.6;75.8
37;2021-10-01;438;804;470097;459802;77.7;76.0
37;2021-10-02;223;561;470320;460363;77.7;76.0
37;2021-10-03;19;22;470339;460385;77.7;76.0
37;2021-10-04;259;521;470598;460906;77.7;76.1
37;2021-10-05;323;433;470921;461339;77.8;76.2
37;2021-10-06;371;699;471292;462038;77.9;76.3
37;2021-10-07;281;415;471573;462453;77.9;76.4
37;2021-10-08;391;644;471964;463097;78.0;76.5
37;2021-10-09;205;487;472169;463584;78.0;76.6
37;2021-10-10;3;7;472172;463591;78.0;76.6
37;2021-10-11;214;344;472386;463935;78.0;76.6
37;2021-10-12;236;460;472622;464395;78.1;76.7
38;2020-12-27;1;0;1;0;0.0;0.0
38;2020-12-28;1;0;2;0;0.0;0.0
38;2020-12-29;0;0;2;0;0.0;0.0
38;2020-12-30;2;0;4;0;0.0;0.0
38;2020-12-31;5;0;9;0;0.0;0.0
38;2021-01-01;4;0;13;0;0.0;0.0
38;2021-01-02;1;0;14;0;0.0;0.0
38;2021-01-03;3;0;17;0;0.0;0.0
38;2021-01-04;163;0;180;0;0.0;0.0
38;2021-01-05;258;1;438;1;0.0;0.0
38;2021-01-06;364;0;802;1;0.1;0.0
38;2021-01-07;636;1;1438;2;0.1;0.0
38;2021-01-08;695;0;2133;2;0.2;0.0
38;2021-01-09;30;0;2163;2;0.2;0.0
38;2021-01-10;2;0;2165;2;0.2;0.0
38;2021-01-11;801;2;2966;4;0.2;0.0
38;2021-01-12;1471;5;4437;9;0.4;0.0
38;2021-01-13;1084;5;5521;14;0.4;0.0
38;2021-01-14;1683;15;7204;29;0.6;0.0
38;2021-01-15;1675;9;8879;38;0.7;0.0
38;2021-01-16;307;2;9186;40;0.7;0.0
38;2021-01-17;3;0;9189;40;0.7;0.0
38;2021-01-18;1179;6;10368;46;0.8;0.0
38;2021-01-19;2241;6;12609;52;1.0;0.0
38;2021-01-20;1889;10;14498;62;1.1;0.0
38;2021-01-21;1644;14;16142;76;1.3;0.0
38;2021-01-22;1401;9;17543;85;1.4;0.0
38;2021-01-23;379;3;17922;88;1.4;0.0
38;2021-01-24;1;0;17923;88;1.4;0.0
38;2021-01-25;795;107;18718;195;1.5;0.0
38;2021-01-26;855;183;19573;378;1.5;0.0
38;2021-01-27;1093;278;20666;656;1.6;0.1
38;2021-01-28;1175;480;21841;1136;1.7;0.1
38;2021-01-29;954;376;22795;1512;1.8;0.1
38;2021-01-30;304;0;23099;1512;1.8;0.1
38;2021-01-31;0;0;23099;1512;1.8;0.1
38;2021-02-01;703;598;23802;2110;1.9;0.2
38;2021-02-02;964;954;24766;3064;2.0;0.2
38;2021-02-03;1230;700;25996;3764;2.1;0.3
38;2021-02-04;1278;971;27274;4735;2.2;0.4
38;2021-02-05;1400;845;28674;5580;2.3;0.4
38;2021-02-06;188;95;28862;5675;2.3;0.4
38;2021-02-07;3;48;28865;5723;2.3;0.5
38;2021-02-08;862;791;29727;6514;2.3;0.5
38;2021-02-09;1537;1309;31264;7823;2.5;0.6
38;2021-02-10;1581;1284;32845;9107;2.6;0.7
38;2021-02-11;1871;1156;34716;10263;2.7;0.8
38;2021-02-12;1509;1125;36225;11388;2.9;0.9
38;2021-02-13;467;191;36692;11579;2.9;0.9
38;2021-02-14;1;7;36693;11586;2.9;0.9
38;2021-02-15;976;940;37669;12526;3.0;1.0
38;2021-02-16;1379;975;39048;13501;3.1;1.1
38;2021-02-17;1376;1060;40424;14561;3.2;1.2
38;2021-02-18;1791;1062;42215;15623;3.3;1.2
38;2021-02-19;1256;869;43471;16492;3.4;1.3
38;2021-02-20;470;316;43941;16808;3.5;1.3
38;2021-02-21;1;1;43942;16809;3.5;1.3
38;2021-02-22;1075;903;45017;17712;3.6;1.4
38;2021-02-23;1542;951;46559;18663;3.7;1.5
38;2021-02-24;1741;1142;48300;19805;3.8;1.6
38;2021-02-25;2501;1058;50801;20863;4.0;1.6
38;2021-02-26;3312;999;54113;21862;4.3;1.7
38;2021-02-27;1511;442;55624;22304;4.4;1.8
38;2021-02-28;33;2;55657;22306;4.4;1.8
38;2021-03-01;2512;799;58169;23105;4.6;1.8
38;2021-03-02;4048;1069;62217;24174;4.9;1.9
38;2021-03-03;3367;1263;65584;25437;5.2;2.0
38;2021-03-04;4489;1403;70073;26840;5.5;2.1
38;2021-03-05;5233;1230;75306;28070;6.0;2.2
38;2021-03-06;3044;276;78350;28346;6.2;2.2
38;2021-03-07;115;2;78465;28348;6.2;2.2
38;2021-03-08;2440;910;80905;29258;6.4;2.3
38;2021-03-09;4030;1328;84935;30586;6.7;2.4
38;2021-03-10;3508;1102;88443;31688;7.0;2.5
38;2021-03-11;5142;1552;93585;33240;7.4;2.6
38;2021-03-12;7095;1202;100680;34442;8.0;2.7
38;2021-03-13;3772;236;104452;34678;8.3;2.7
38;2021-03-14;544;15;104996;34693;8.3;2.7
38;2021-03-15;2702;1020;107698;35713;8.5;2.8
38;2021-03-16;2081;1358;109779;37071;8.7;2.9
38;2021-03-17;2025;1214;111804;38285;8.8;3.0
38;2021-03-18;2641;1378;114445;39663;9.0;3.1
38;2021-03-19;4008;1076;118453;40739;9.4;3.2
38;2021-03-20;1826;252;120279;40991;9.5;3.2
38;2021-03-21;132;8;120411;40999;9.5;3.2
38;2021-03-22;2865;1011;123276;42010;9.7;3.3
38;2021-03-23;4780;1502;128056;43512;10.1;3.4
38;2021-03-24;3709;1587;131765;45099;10.4;3.6
38;2021-03-25;5791;1559;137556;46658;10.9;3.7
38;2021-03-26;6599;1757;144155;48415;11.4;3.8
38;2021-03-27;2513;765;146668;49180;11.6;3.9
38;2021-03-28;926;48;147594;49228;11.7;3.9
38;2021-03-29;2679;1852;150273;51080;11.9;4.0
38;2021-03-30;4564;2554;154837;53634;12.2;4.2
38;2021-03-31;3665;2233;158502;55867;12.5;4.4
38;2021-04-01;5137;2538;163639;58405;12.9;4.6
38;2021-04-02;3873;2539;167512;60944;13.2;4.8
38;2021-04-03;1418;945;168930;61889;13.4;4.9
38;2021-04-04;430;46;169360;61935;13.4;4.9
38;2021-04-05;2178;354;171538;62289;13.6;4.9
38;2021-04-06;4346;2411;175884;64700;13.9;5.1
38;2021-04-07;4415;2752;180299;67452;14.3;5.3
38;2021-04-08;5652;2680;185951;70132;14.7;5.5
38;2021-04-09;8563;2747;194514;72879;15.4;5.8
38;2021-04-10;3597;1499;198111;74378;15.7;5.9
38;2021-04-11;1049;112;199160;74490;15.7;5.9
38;2021-04-12;4203;2260;203363;76750;16.1;6.1
38;2021-04-13;6123;2480;209486;79230;16.6;6.3
38;2021-04-14;5117;2467;214603;81697;17.0;6.5
38;2021-04-15;6361;2776;220964;84473;17.5;6.7
38;2021-04-16;6213;2729;227177;87202;18.0;6.9
38;2021-04-17;2588;997;229765;88199;18.2;7.0
38;2021-04-18;1331;72;231096;88271;18.3;7.0
38;2021-04-19;3949;2842;235045;91113;18.6;7.2
38;2021-04-20;5425;2860;240470;93973;19.0;7.4
38;2021-04-21;4976;2712;245446;96685;19.4;7.6
38;2021-04-22;5790;2840;251236;99525;19.9;7.9
38;2021-04-23;6041;2829;257277;102354;20.3;8.1
38;2021-04-24;2665;1351;259942;103705;20.5;8.2
38;2021-04-25;805;592;260747;104297;20.6;8.2
38;2021-04-26;4487;2483;265234;106780;21.0;8.4
38;2021-04-27;6040;2741;271274;109521;21.4;8.7
38;2021-04-28;6197;2512;277471;112033;21.9;8.9
38;2021-04-29;8332;3079;285803;115112;22.6;9.1
38;2021-04-30;7673;4068;293476;119180;23.2;9.4
38;2021-05-01;1546;204;295022;119384;23.3;9.4
38;2021-05-02;847;74;295869;119458;23.4;9.4
38;2021-05-03;5299;3592;301168;123050;23.8;9.7
38;2021-05-04;6203;5091;307371;128141;24.3;10.1
38;2021-05-05;6067;4612;313438;132753;24.8;10.5
38;2021-05-06;6709;5339;320147;138092;25.3;10.9
38;2021-05-07;7284;6448;327431;144540;25.9;11.4
38;2021-05-08;3778;724;331209;145264;26.2;11.5
38;2021-05-09;2853;1932;334062;147196;26.4;11.6
38;2021-05-10;6157;5311;340219;152507;26.9;12.1
38;2021-05-11;8226;6028;348445;158535;27.5;12.5
38;2021-05-12;9045;4710;357490;163245;28.3;12.9
38;2021-05-13;6635;1417;364125;164662;28.8;13.0
38;2021-05-14;9566;3425;373691;168087;29.5;13.3
38;2021-05-15;6864;1452;380555;169539;30.1;13.4
38;2021-05-16;5473;650;386028;170189;30.5;13.5
38;2021-05-17;7671;3008;393699;173197;31.1;13.7
38;2021-05-18;8622;4035;402321;177232;31.8;14.0
38;2021-05-19;8158;3348;410479;180580;32.4;14.3
38;2021-05-20;8978;4496;419457;185076;33.2;14.6
38;2021-05-21;9960;4586;429417;189662;33.9;15.0
38;2021-05-22;7457;1908;436874;191570;34.5;15.1
38;2021-05-23;5589;580;442463;192150;35.0;15.2
38;2021-05-24;7502;1627;449965;193777;35.6;15.3
38;2021-05-25;9544;4852;459509;198629;36.3;15.7
38;2021-05-26;8126;4727;467635;203356;37.0;16.1
38;2021-05-27;9134;5664;476769;209020;37.7;16.5
38;2021-05-28;8786;6500;485555;215520;38.4;17.0
38;2021-05-29;5821;3256;491376;218776;38.8;17.3
38;2021-05-30;2695;1593;494071;220369;39.1;17.4
38;2021-05-31;8271;5136;502342;225505;39.7;17.8
38;2021-06-01;7964;6433;510306;231938;40.3;18.3
38;2021-06-02;7141;5624;517447;237562;40.9;18.8
38;2021-06-03;7393;6835;524840;244397;41.5;19.3
38;2021-06-04;8130;7615;532970;252012;42.1;19.9
38;2021-06-05;5794;3949;538764;255961;42.6;20.2
38;2021-06-06;2509;1463;541273;257424;42.8;20.4
38;2021-06-07;5554;6870;546827;264294;43.2;20.9
38;2021-06-08;5879;7529;552706;271823;43.7;21.5
38;2021-06-09;5047;6471;557753;278294;44.1;22.0
38;2021-06-10;5427;6791;563180;285085;44.5;22.5
38;2021-06-11;5888;7786;569068;292871;45.0;23.2
38;2021-06-12;3945;3259;573013;296130;45.3;23.4
38;2021-06-13;1256;1299;574269;297429;45.4;23.5
38;2021-06-14;3868;7663;578137;305092;45.7;24.1
38;2021-06-15;5233;8147;583370;313239;46.1;24.8
38;2021-06-16;5125;7408;588495;320647;46.5;25.3
38;2021-06-17;4523;7058;593018;327705;46.9;25.9
38;2021-06-18;6164;9232;599182;336937;47.4;26.6
38;2021-06-19;3596;4972;602778;341909;47.7;27.0
38;2021-06-20;1038;2901;603816;344810;47.7;27.3
38;2021-06-21;3748;8709;607564;353519;48.0;27.9
38;2021-06-22;3790;10107;611354;363626;48.3;28.7
38;2021-06-23;3156;9544;614510;373170;48.6;29.5
38;2021-06-24;3381;8589;617891;381759;48.8;30.2
38;2021-06-25;3786;11492;621677;393251;49.1;31.1
38;2021-06-26;2229;7851;623906;401102;49.3;31.7
38;2021-06-27;1098;4356;625004;405458;49.4;32.1
38;2021-06-28;2952;10304;627956;415762;49.6;32.9
38;2021-06-29;3785;10451;631741;426213;49.9;33.7
38;2021-06-30;4061;9944;635802;436157;50.3;34.5
38;2021-07-01;3548;9012;639350;445169;50.5;35.2
38;2021-07-02;3726;11617;643076;456786;50.8;36.1
38;2021-07-03;1739;8788;644815;465574;51.0;36.8
38;2021-07-04;1244;3209;646059;468783;51.1;37.1
38;2021-07-05;3058;10545;649117;479328;51.3;37.9
38;2021-07-06;3460;10234;652577;489562;51.6;38.7
38;2021-07-07;3569;9399;656146;498961;51.9;39.4
38;2021-07-08;3549;8226;659695;507187;52.2;40.1
38;2021-07-09;3897;10738;663592;517925;52.5;40.9
38;2021-07-10;2405;7808;665997;525733;52.6;41.6
38;2021-07-11;777;2030;666774;527763;52.7;41.7
38;2021-07-12;3483;10677;670257;538440;53.0;42.6
38;2021-07-13;6600;10934;676857;549374;53.5;43.4
38;2021-07-14;4670;3332;681527;552706;53.9;43.7
38;2021-07-15;8733;9668;690260;562374;54.6;44.5
38;2021-07-16;8759;10704;699019;573078;55.3;45.3
38;2021-07-17;4739;7485;703758;580563;55.6;45.9
38;2021-07-18;2570;2488;706328;583051;55.8;46.1
38;2021-07-19;5824;9223;712152;592274;56.3;46.8
38;2021-07-20;6289;8305;718441;600579;56.8;47.5
38;2021-07-21;7866;8028;726307;608607;57.4;48.1
38;2021-07-22;7598;6998;733905;615605;58.0;48.7
38;2021-07-23;8942;9047;742847;624652;58.7;49.4
38;2021-07-24;5576;5535;748423;630187;59.2;49.8
38;2021-07-25;2868;1656;751291;631843;59.4;49.9
38;2021-07-26;7869;7500;759160;639343;60.0;50.5
38;2021-07-27;7628;6275;766788;645618;60.6;51.0
38;2021-07-28;8621;5716;775409;651334;61.3;51.5
38;2021-07-29;7684;4685;783093;656019;61.9;51.9
38;2021-07-30;7810;6666;790903;662685;62.5;52.4
38;2021-07-31;4359;3606;795262;666291;62.9;52.7
38;2021-08-01;1298;1084;796560;667375;63.0;52.8
38;2021-08-02;3943;4453;800503;671828;63.3;53.1
38;2021-08-03;4591;4558;805094;676386;63.6;53.5
38;2021-08-04;4638;4357;809732;680743;64.0;53.8
38;2021-08-05;3740;4641;813472;685384;64.3;54.2
38;2021-08-06;4159;5949;817631;691333;64.6;54.7
38;2021-08-07;2319;3532;819950;694865;64.8;54.9
38;2021-08-08;791;2015;820741;696880;64.9;55.1
38;2021-08-09;3612;5577;824353;702457;65.2;55.5
38;2021-08-10;4930;6255;829283;708712;65.6;56.0
38;2021-08-11;3979;4666;833262;713378;65.9;56.4
38;2021-08-12;3403;4607;836665;717985;66.1;56.8
38;2021-08-13;4207;6033;840872;724018;66.5;57.2
38;2021-08-14;1785;4020;842657;728038;66.6;57.6
38;2021-08-15;538;1917;843195;729955;66.7;57.7
38;2021-08-16;2979;7924;846174;737879;66.9;58.3
38;2021-08-17;3445;5963;849619;743842;67.2;58.8
38;2021-08-18;2996;7140;852615;750982;67.4;59.4
38;2021-08-19;2614;4830;855229;755812;67.6;59.7
38;2021-08-20;2912;8430;858141;764242;67.8;60.4
38;2021-08-21;1206;5015;859347;769257;67.9;60.8
38;2021-08-22;511;1510;859858;770767;68.0;60.9
38;2021-08-23;2592;7626;862450;778393;68.2;61.5
38;2021-08-24;2570;5330;865020;783723;68.4;62.0
38;2021-08-25;2616;5876;867636;789599;68.6;62.4
38;2021-08-26;2281;4244;869917;793843;68.8;62.8
38;2021-08-27;2505;5932;872422;799775;69.0;63.2
38;2021-08-28;1425;3690;873847;803465;69.1;63.5
38;2021-08-29;377;1085;874224;804550;69.1;63.6
38;2021-08-30;2335;5677;876559;810227;69.3;64.1
38;2021-08-31;2224;4592;878783;814819;69.5;64.4
38;2021-09-01;2217;4054;881000;818873;69.6;64.7
38;2021-09-02;1671;3025;882671;821898;69.8;65.0
38;2021-09-03;2061;4584;884732;826482;69.9;65.3
38;2021-09-04;1153;2658;885885;829140;70.0;65.5
38;2021-09-05;390;664;886275;829804;70.1;65.6
38;2021-09-06;1198;2964;887473;832768;70.2;65.8
38;2021-09-07;1304;2880;888777;835648;70.3;66.1
38;2021-09-08;1731;3255;890508;838903;70.4;66.3
38;2021-09-09;1121;1970;891629;840873;70.5;66.5
38;2021-09-10;1597;3271;893226;844144;70.6;66.7
38;2021-09-11;1040;2268;894266;846412;70.7;66.9
38;2021-09-12;217;525;894483;846937;70.7;67.0
38;2021-09-13;918;2129;895401;849066;70.8;67.1
38;2021-09-14;918;1870;896319;850936;70.9;67.3
38;2021-09-15;1331;2762;897650;853698;71.0;67.5
38;2021-09-16;718;1558;898368;855256;71.0;67.6
38;2021-09-17;893;2501;899261;857757;71.1;67.8
38;2021-09-18;708;2221;899969;859978;71.1;68.0
38;2021-09-19;101;371;900070;860349;71.2;68.0
38;2021-09-20;632;1722;900702;862071;71.2;68.1
38;2021-09-21;496;1401;901198;863472;71.2;68.3
38;2021-09-22;688;2733;901886;866205;71.3;68.5
38;2021-09-23;447;1399;902333;867604;71.3;68.6
38;2021-09-24;772;2195;903105;869799;71.4;68.8
38;2021-09-25;493;1935;903598;871734;71.4;68.9
38;2021-09-26;94;378;903692;872112;71.4;68.9
38;2021-09-27;427;1228;904119;873340;71.5;69.0
38;2021-09-28;508;1116;904627;874456;71.5;69.1
38;2021-09-29;680;1906;905307;876362;71.6;69.3
38;2021-09-30;443;825;905750;877187;71.6;69.3
38;2021-10-01;609;1389;906359;878576;71.7;69.5
38;2021-10-02;481;1161;906840;879737;71.7;69.5
38;2021-10-03;94;193;906934;879930;71.7;69.6
38;2021-10-04;459;954;907393;880884;71.7;69.6
38;2021-10-05;408;870;907801;881754;71.8;69.7
38;2021-10-06;620;1250;908421;883004;71.8;69.8
38;2021-10-07;412;872;908833;883876;71.8;69.9
38;2021-10-08;661;1292;909494;885168;71.9;70.0
38;2021-10-09;502;868;909996;886036;71.9;70.0
38;2021-10-10;40;108;910036;886144;71.9;70.1
38;2021-10-11;376;788;910412;886932;72.0;70.1
38;2021-10-12;465;618;910877;887550;72.0;70.2
39;2020-12-27;0;0;0;0;0.0;0.0
39;2020-12-28;0;0;0;0;0.0;0.0
39;2020-12-29;0;0;0;0;0.0;0.0
39;2020-12-30;0;0;0;0;0.0;0.0
39;2020-12-31;0;0;0;0;0.0;0.0
39;2021-01-01;0;0;0;0;0.0;0.0
39;2021-01-02;0;0;0;0;0.0;0.0
39;2021-01-03;0;0;0;0;0.0;0.0
39;2021-01-04;3;0;3;0;0.0;0.0
39;2021-01-05;3;0;6;0;0.0;0.0
39;2021-01-06;57;3;63;3;0.0;0.0
39;2021-01-07;333;3;396;6;0.2;0.0
39;2021-01-08;657;2;1053;8;0.4;0.0
39;2021-01-09;169;0;1222;8;0.5;0.0
39;2021-01-10;1;0;1223;8;0.5;0.0
39;2021-01-11;474;1;1697;9;0.7;0.0
39;2021-01-12;431;1;2128;10;0.8;0.0
39;2021-01-13;408;2;2536;12;1.0;0.0
39;2021-01-14;574;4;3110;16;1.2;0.0
39;2021-01-15;471;2;3581;18;1.4;0.0
39;2021-01-16;141;1;3722;19;1.4;0.0
39;2021-01-17;0;1;3722;20;1.4;0.0
39;2021-01-18;924;7;4646;27;1.8;0.0
39;2021-01-19;1180;7;5826;34;2.3;0.0
39;2021-01-20;905;4;6731;38;2.6;0.0
39;2021-01-21;1179;2;7910;40;3.1;0.0
39;2021-01-22;985;3;8895;43;3.4;0.0
39;2021-01-23;383;1;9278;44;3.6;0.0
39;2021-01-24;0;0;9278;44;3.6;0.0
39;2021-01-25;642;2;9920;46;3.8;0.0
39;2021-01-26;1123;13;11043;59;4.3;0.0
39;2021-01-27;928;19;11971;78;4.6;0.0
39;2021-01-28;741;242;12712;320;4.9;0.1
39;2021-01-29;583;424;13295;744;5.2;0.3
39;2021-01-30;264;110;13559;854;5.3;0.3
39;2021-01-31;1;0;13560;854;5.3;0.3
39;2021-02-01;562;263;14122;1117;5.5;0.4
39;2021-02-02;754;321;14876;1438;5.8;0.6
39;2021-02-03;531;515;15407;1953;6.0;0.8
39;2021-02-04;556;462;15963;2415;6.2;0.9
39;2021-02-05;438;429;16401;2844;6.4;1.1
39;2021-02-06;265;111;16666;2955;6.5;1.1
39;2021-02-07;0;1;16666;2956;6.5;1.1
39;2021-02-08;321;374;16987;3330;6.6;1.3
39;2021-02-09;383;483;17370;3813;6.7;1.5
39;2021-02-10;253;336;17623;4149;6.8;1.6
39;2021-02-11;586;511;18209;4660;7.1;1.8
39;2021-02-12;385;417;18594;5077;7.2;2.0
39;2021-02-13;100;69;18694;5146;7.2;2.0
39;2021-02-14;0;0;18694;5146;7.2;2.0
39;2021-02-15;99;756;18793;5902;7.3;2.3
39;2021-02-16;99;910;18892;6812;7.3;2.6
39;2021-02-17;58;694;18950;7506;7.3;2.9
39;2021-02-18;109;864;19059;8370;7.4;3.2
39;2021-02-19;100;485;19159;8855;7.4;3.4
39;2021-02-20;18;364;19177;9219;7.4;3.6
39;2021-02-21;0;0;19177;9219;7.4;3.6
39;2021-02-22;100;729;19277;9948;7.5;3.9
39;2021-02-23;4;764;19281;10712;7.5;4.2
39;2021-02-24;125;869;19406;11581;7.5;4.5
39;2021-02-25;214;753;19620;12334;7.6;4.8
39;2021-02-26;218;470;19838;12804;7.7;5.0
39;2021-02-27;169;298;20007;13102;7.8;5.1
39;2021-02-28;1;0;20008;13102;7.8;5.1
39;2021-03-01;218;640;20226;13742;7.8;5.3
39;2021-03-02;329;826;20555;14568;8.0;5.6
39;2021-03-03;602;534;21157;15102;8.2;5.9
39;2021-03-04;658;486;21815;15588;8.5;6.0
39;2021-03-05;670;332;22485;15920;8.7;6.2
39;2021-03-06;775;250;23260;16170;9.0;6.3
39;2021-03-07;242;84;23502;16254;9.1;6.3
39;2021-03-08;285;449;23787;16703;9.2;6.5
39;2021-03-09;844;467;24631;17170;9.6;6.7
39;2021-03-10;985;343;25616;17513;9.9;6.8
39;2021-03-11;829;469;26445;17982;10.3;7.0
39;2021-03-12;805;293;27250;18275;10.6;7.1
39;2021-03-13;789;105;28039;18380;10.9;7.1
39;2021-03-14;35;10;28074;18390;10.9;7.1
39;2021-03-15;513;110;28587;18500;11.1;7.2
39;2021-03-16;555;69;29142;18569;11.3;7.2
39;2021-03-17;611;57;29753;18626;11.5;7.2
39;2021-03-18;600;73;30353;18699;11.8;7.3
39;2021-03-19;393;72;30746;18771;11.9;7.3
39;2021-03-20;312;12;31058;18783;12.0;7.3
39;2021-03-21;3;0;31061;18783;12.0;7.3
39;2021-03-22;755;118;31816;18901;12.3;7.3
39;2021-03-23;1129;46;32945;18947;12.8;7.3
39;2021-03-24;1179;102;34124;19049;13.2;7.4
39;2021-03-25;2042;135;36166;19184;14.0;7.4
39;2021-03-26;797;116;36963;19300;14.3;7.5
39;2021-03-27;345;7;37308;19307;14.5;7.5
39;2021-03-28;36;4;37344;19311;14.5;7.5
39;2021-03-29;1036;198;38380;19509;14.9;7.6
39;2021-03-30;1400;271;39780;19780;15.4;7.7
39;2021-03-31;658;531;40438;20311;15.7;7.9
39;2021-04-01;1310;319;41748;20630;16.2;8.0
39;2021-04-02;626;131;42374;20761;16.4;8.1
39;2021-04-03;180;8;42554;20769;16.5;8.1
39;2021-04-04;4;1;42558;20770;16.5;8.1
39;2021-04-05;1;0;42559;20770;16.5;8.1
39;2021-04-06;824;634;43383;21404;16.8;8.3
39;2021-04-07;1134;685;44517;22089;17.3;8.6
39;2021-04-08;1790;583;46307;22672;18.0;8.8
39;2021-04-09;1675;294;47982;22966;18.6;8.9
39;2021-04-10;348;188;48330;23154;18.7;9.0
39;2021-04-11;2;0;48332;23154;18.7;9.0
39;2021-04-12;680;400;49012;23554;19.0;9.1
39;2021-04-13;1200;583;50212;24137;19.5;9.4
39;2021-04-14;845;641;51057;24778;19.8;9.6
39;2021-04-15;1479;722;52536;25500;20.4;9.9
39;2021-04-16;1090;176;53626;25676;20.8;10.0
39;2021-04-17;197;61;53823;25737;20.9;10.0
39;2021-04-18;0;0;53823;25737;20.9;10.0
39;2021-04-19;523;699;54346;26436;21.1;10.3
39;2021-04-20;766;547;55112;26983;21.4;10.5
39;2021-04-21;1142;724;56254;27707;21.8;10.7
39;2021-04-22;1012;1132;57266;28839;22.2;11.2
39;2021-04-23;457;364;57723;29203;22.4;11.3
39;2021-04-24;275;149;57998;29352;22.5;11.4
39;2021-04-25;12;3;58010;29355;22.5;11.4
39;2021-04-26;568;1041;58578;30396;22.7;11.8
39;2021-04-27;788;984;59366;31380;23.0;12.2
39;2021-04-28;1720;419;61086;31799;23.7;12.3
39;2021-04-29;2570;976;63656;32775;24.7;12.7
39;2021-04-30;2473;394;66129;33169;25.6;12.9
39;2021-05-01;41;53;66170;33222;25.7;12.9
39;2021-05-02;0;0;66170;33222;25.7;12.9
39;2021-05-03;917;812;67087;34034;26.0;13.2
39;2021-05-04;948;1128;68035;35162;26.4;13.6
39;2021-05-05;1954;892;69989;36054;27.1;14.0
39;2021-05-06;2425;1349;72414;37403;28.1;14.5
39;2021-05-07;1286;576;73700;37979;28.6;14.7
39;2021-05-08;179;55;73879;38034;28.7;14.8
39;2021-05-09;10;8;73889;38042;28.7;14.8
39;2021-05-10;1762;852;75651;38894;29.3;15.1
39;2021-05-11;1774;1515;77425;40409;30.0;15.7
39;2021-05-12;1810;1500;79235;41909;30.7;16.3
39;2021-05-13;246;23;79481;41932;30.8;16.3
39;2021-05-14;2392;335;81873;42267;31.8;16.4
39;2021-05-15;1848;256;83721;42523;32.5;16.5
39;2021-05-16;0;0;83721;42523;32.5;16.5
39;2021-05-17;1986;726;85707;43249;33.2;16.8
39;2021-05-18;1690;1180;87397;44429;33.9;17.2
39;2021-05-19;2496;558;89893;44987;34.9;17.4
39;2021-05-20;2465;756;92358;45743;35.8;17.7
39;2021-05-21;1800;561;94158;46304;36.5;18.0
39;2021-05-22;322;218;94480;46522;36.6;18.0
39;2021-05-23;8;36;94488;46558;36.6;18.1
39;2021-05-24;8;28;94496;46586;36.6;18.1
39;2021-05-25;1725;1197;96221;47783;37.3;18.5
39;2021-05-26;1643;1377;97864;49160;38.0;19.1
39;2021-05-27;1485;1624;99349;50784;38.5;19.7
39;2021-05-28;856;1220;100205;52004;38.9;20.2
39;2021-05-29;261;276;100466;52280;39.0;20.3
39;2021-05-30;2;40;100468;52320;39.0;20.3
39;2021-05-31;1625;1245;102093;53565;39.6;20.8
39;2021-06-01;1893;1321;103986;54886;40.3;21.3
39;2021-06-02;1705;1167;105691;56053;41.0;21.7
39;2021-06-03;1326;1160;107017;57213;41.5;22.2
39;2021-06-04;940;1073;107957;58286;41.9;22.6
39;2021-06-05;766;516;108723;58802;42.2;22.8
39;2021-06-06;1;36;108724;58838;42.2;22.8
39;2021-06-07;2106;918;110830;59756;43.0;23.2
39;2021-06-08;2208;1155;113038;60911;43.8;23.6
39;2021-06-09;1733;1240;114771;62151;44.5;24.1
39;2021-06-10;1616;2080;116387;64231;45.1;24.9
39;2021-06-11;1568;1270;117955;65501;45.7;25.4
39;2021-06-12;1264;350;119219;65851;46.2;25.5
39;2021-06-13;11;18;119230;65869;46.2;25.5
39;2021-06-14;1335;1894;120565;67763;46.8;26.3
39;2021-06-15;1386;1259;121951;69022;47.3;26.8
39;2021-06-16;1171;1536;123122;70558;47.7;27.4
39;2021-06-17;1044;1718;124166;72276;48.2;28.0
39;2021-06-18;1638;1180;125804;73456;48.8;28.5
39;2021-06-19;249;411;126053;73867;48.9;28.6
39;2021-06-20;2;18;126055;73885;48.9;28.7
39;2021-06-21;351;2495;126406;76380;49.0;29.6
39;2021-06-22;815;2294;127221;78674;49.3;30.5
39;2021-06-23;1200;1301;128421;79975;49.8;31.0
39;2021-06-24;736;1044;129157;81019;50.1;31.4
39;2021-06-25;679;2961;129836;83980;50.4;32.6
39;2021-06-26;206;1564;130042;85544;50.4;33.2
39;2021-06-27;0;0;130042;85544;50.4;33.2
39;2021-06-28;305;2743;130347;88287;50.6;34.2
39;2021-06-29;497;2697;130844;90984;50.7;35.3
39;2021-06-30;895;2426;131739;93410;51.1;36.2
39;2021-07-01;645;1939;132384;95349;51.3;37.0
39;2021-07-02;1111;1406;133495;96755;51.8;37.5
39;2021-07-03;554;524;134049;97279;52.0;37.7
39;2021-07-04;2;1;134051;97280;52.0;37.7
39;2021-07-05;601;2589;134652;99869;52.2;38.7
39;2021-07-06;835;1887;135487;101756;52.5;39.5
39;2021-07-07;591;1389;136078;103145;52.8;40.0
39;2021-07-08;700;906;136778;104051;53.0;40.4
39;2021-07-09;1078;1585;137856;105636;53.5;41.0
39;2021-07-10;739;476;138595;106112;53.8;41.2
39;2021-07-11;28;8;138623;106120;53.8;41.2
39;2021-07-12;577;2599;139200;108719;54.0;42.2
39;2021-07-13;1638;2660;140838;111379;54.6;43.2
39;2021-07-14;17;21;140855;111400;54.6;43.2
39;2021-07-15;1906;1837;142761;113237;55.4;43.9
39;2021-07-16;3226;2053;145987;115290;56.6;44.7
39;2021-07-17;2225;1163;148212;116453;57.5;45.2
39;2021-07-18;164;52;148376;116505;57.5;45.2
39;2021-07-19;1399;2952;149775;119457;58.1;46.3
39;2021-07-20;1842;2813;151617;122270;58.8;47.4
39;2021-07-21;2587;2583;154204;124853;59.8;48.4
39;2021-07-22;1934;1845;156138;126698;60.6;49.1
39;2021-07-23;1814;1933;157952;128631;61.3;49.9
39;2021-07-24;1400;1428;159352;130059;61.8;50.4
39;2021-07-25;0;1;159352;130060;61.8;50.4
39;2021-07-26;1318;2001;160670;132061;62.3;51.2
39;2021-07-27;2343;1905;163013;133966;63.2;52.0
39;2021-07-28;2688;1475;165701;135441;64.3;52.5
39;2021-07-29;2200;1743;167901;137184;65.1;53.2
39;2021-07-30;2045;1466;169946;138650;65.9;53.8
39;2021-07-31;1367;657;171313;139307;66.4;54.0
39;2021-08-01;10;18;171323;139325;66.4;54.0
39;2021-08-02;1205;1401;172528;140726;66.9;54.6
39;2021-08-03;1920;1486;174448;142212;67.7;55.2
39;2021-08-04;1047;659;175495;142871;68.1;55.4
39;2021-08-05;1242;740;176737;143611;68.5;55.7
39;2021-08-06;1375;2289;178112;145900;69.1;56.6
39;2021-08-07;1069;1213;179181;147113;69.5;57.1
39;2021-08-08;26;10;179207;147123;69.5;57.1
39;2021-08-09;436;304;179643;147427;69.7;57.2
39;2021-08-10;1230;932;180873;148359;70.1;57.5
39;2021-08-11;893;1532;181766;149891;70.5;58.1
39;2021-08-12;1596;2171;183362;152062;71.1;59.0
39;2021-08-13;1334;2119;184696;154181;71.6;59.8
39;2021-08-14;361;1106;185057;155287;71.8;60.2
39;2021-08-15;1;1;185058;155288;71.8;60.2
39;2021-08-16;488;736;185546;156024;72.0;60.5
39;2021-08-17;574;1443;186120;157467;72.2;61.1
39;2021-08-18;862;1727;186982;159194;72.5;61.7
39;2021-08-19;906;1593;187888;160787;72.9;62.4
39;2021-08-20;640;2500;188528;163287;73.1;63.3
39;2021-08-21;467;1291;188995;164578;73.3;63.8
39;2021-08-22;7;11;189002;164589;73.3;63.8
39;2021-08-23;267;972;189269;165561;73.4;64.2
39;2021-08-24;456;1607;189725;167168;73.6;64.8
39;2021-08-25;631;1604;190356;168772;73.8;65.5
39;2021-08-26;718;1860;191074;170632;74.1;66.2
39;2021-08-27;405;2060;191479;172692;74.3;67.0
39;2021-08-28;325;1369;191804;174061;74.4;67.5
39;2021-08-29;0;1;191804;174062;74.4;67.5
39;2021-08-30;345;1009;192149;175071;74.5;67.9
39;2021-08-31;399;1006;192548;176077;74.7;68.3
39;2021-09-01;512;1425;193060;177502;74.9;68.8
39;2021-09-02;332;1369;193392;178871;75.0;69.4
39;2021-09-03;477;2248;193869;181119;75.2;70.2
39;2021-09-04;148;183;194017;181302;75.2;70.3
39;2021-09-05;0;1;194017;181303;75.2;70.3
39;2021-09-06;242;481;194259;181784;75.3;70.5
39;2021-09-07;228;253;194487;182037;75.4;70.6
39;2021-09-08;441;677;194928;182714;75.6;70.9
39;2021-09-09;438;843;195366;183557;75.8;71.2
39;2021-09-10;198;586;195564;184143;75.8;71.4
39;2021-09-11;282;817;195846;184960;76.0;71.7
39;2021-09-12;0;32;195846;184992;76.0;71.7
39;2021-09-13;143;150;195989;185142;76.0;71.8
39;2021-09-14;182;296;196171;185438;76.1;71.9
39;2021-09-15;267;585;196438;186023;76.2;72.1
39;2021-09-16;476;1053;196914;187076;76.4;72.6
39;2021-09-17;424;671;197338;187747;76.5;72.8
39;2021-09-18;96;237;197434;187984;76.6;72.9
39;2021-09-19;3;3;197437;187987;76.6;72.9
39;2021-09-20;70;128;197507;188115;76.6;73.0
39;2021-09-21;87;125;197594;188240;76.6;73.0
39;2021-09-22;269;778;197863;189018;76.7;73.3
39;2021-09-23;173;312;198036;189330;76.8;73.4
39;2021-09-24;206;584;198242;189914;76.9;73.7
39;2021-09-25;65;250;198307;190164;76.9;73.8
39;2021-09-26;0;0;198307;190164;76.9;73.8
39;2021-09-27;131;318;198438;190482;77.0;73.9
39;2021-09-28;55;139;198493;190621;77.0;73.9
39;2021-09-29;195;511;198688;191132;77.1;74.1
39;2021-09-30;201;448;198889;191580;77.1;74.3
39;2021-10-01;104;199;198993;191779;77.2;74.4
39;2021-10-02;97;227;199090;192006;77.2;74.5
39;2021-10-03;2;1;199092;192007;77.2;74.5
39;2021-10-04;40;131;199132;192138;77.2;74.5
39;2021-10-05;55;125;199187;192263;77.2;74.6
39;2021-10-06;183;347;199370;192610;77.3;74.7
39;2021-10-07;135;464;199505;193074;77.4;74.9
39;2021-10-08;222;493;199727;193567;77.5;75.1
39;2021-10-09;49;47;199776;193614;77.5;75.1
39;2021-10-10;0;1;199776;193615;77.5;75.1
39;2021-10-11;16;53;199792;193668;77.5;75.1
39;2021-10-12;82;91;199874;193759;77.5;75.1
40;2020-12-27;0;0;0;0;0.0;0.0
40;2020-12-28;0;0;0;0;0.0;0.0
40;2020-12-29;0;0;0;0;0.0;0.0
40;2020-12-30;0;0;0;0;0.0;0.0
40;2020-12-31;1;0;1;0;0.0;0.0
40;2021-01-01;0;0;1;0;0.0;0.0
40;2021-01-02;1;0;2;0;0.0;0.0
40;2021-01-03;0;0;2;0;0.0;0.0
40;2021-01-04;0;0;2;0;0.0;0.0
40;2021-01-05;0;0;2;0;0.0;0.0
40;2021-01-06;1;0;3;0;0.0;0.0
40;2021-01-07;212;0;215;0;0.1;0.0
40;2021-01-08;391;4;606;4;0.1;0.0
40;2021-01-09;0;0;606;4;0.1;0.0
40;2021-01-10;1;0;607;4;0.1;0.0
40;2021-01-11;111;0;718;4;0.2;0.0
40;2021-01-12;0;0;718;4;0.2;0.0
40;2021-01-13;681;6;1399;10;0.3;0.0
40;2021-01-14;901;9;2300;19;0.6;0.0
40;2021-01-15;811;4;3111;23;0.8;0.0
40;2021-01-16;157;0;3268;23;0.8;0.0
40;2021-01-17;1;1;3269;24;0.8;0.0
40;2021-01-18;406;0;3675;24;0.9;0.0
40;2021-01-19;1203;4;4878;28;1.2;0.0
40;2021-01-20;881;2;5759;30;1.4;0.0
40;2021-01-21;1265;6;7024;36;1.7;0.0
40;2021-01-22;811;2;7835;38;1.9;0.0
40;2021-01-23;289;0;8124;38;2.0;0.0
40;2021-01-24;2;0;8126;38;2.0;0.0
40;2021-01-25;394;2;8520;40;2.1;0.0
40;2021-01-26;802;6;9322;46;2.3;0.0
40;2021-01-27;1118;12;10440;58;2.5;0.0
40;2021-01-28;709;112;11149;170;2.7;0.0
40;2021-01-29;601;229;11750;399;2.9;0.1
40;2021-01-30;237;4;11987;403;2.9;0.1
40;2021-01-31;1;0;11988;403;2.9;0.1
40;2021-02-01;359;132;12347;535;3.0;0.1
40;2021-02-02;922;52;13269;587;3.2;0.1
40;2021-02-03;895;300;14164;887;3.4;0.2
40;2021-02-04;1059;602;15223;1489;3.7;0.4
40;2021-02-05;794;422;16017;1911;3.9;0.5
40;2021-02-06;382;84;16399;1995;4.0;0.5
40;2021-02-07;10;0;16409;1995;4.0;0.5
40;2021-02-08;375;121;16784;2116;4.1;0.5
40;2021-02-09;815;541;17599;2657;4.3;0.6
40;2021-02-10;749;469;18348;3126;4.5;0.8
40;2021-02-11;739;682;19087;3808;4.6;0.9
40;2021-02-12;627;641;19714;4449;4.8;1.1
40;2021-02-13;400;94;20114;4543;4.9;1.1
40;2021-02-14;0;0;20114;4543;4.9;1.1
40;2021-02-15;48;385;20162;4928;4.9;1.2
40;2021-02-16;284;600;20446;5528;5.0;1.3
40;2021-02-17;359;891;20805;6419;5.1;1.6
40;2021-02-18;383;694;21188;7113;5.1;1.7
40;2021-02-19;145;643;21333;7756;5.2;1.9
40;2021-02-20;39;94;21372;7850;5.2;1.9
40;2021-02-21;1;66;21373;7916;5.2;1.9
40;2021-02-22;53;561;21426;8477;5.2;2.1
40;2021-02-23;180;835;21606;9312;5.2;2.3
40;2021-02-24;283;684;21889;9996;5.3;2.4
40;2021-02-25;726;989;22615;10985;5.5;2.7
40;2021-02-26;656;632;23271;11617;5.6;2.8
40;2021-02-27;384;101;23655;11718;5.7;2.8
40;2021-02-28;2;0;23657;11718;5.7;2.8
40;2021-03-01;418;509;24075;12227;5.8;3.0
40;2021-03-02;733;1040;24808;13267;6.0;3.2
40;2021-03-03;934;910;25742;14177;6.2;3.4
40;2021-03-04;1326;827;27068;15004;6.6;3.6
40;2021-03-05;1233;742;28301;15746;6.9;3.8
40;2021-03-06;868;393;29169;16139;7.1;3.9
40;2021-03-07;93;10;29262;16149;7.1;3.9
40;2021-03-08;838;504;30100;16653;7.3;4.0
40;2021-03-09;1506;642;31606;17295;7.7;4.2
40;2021-03-10;1754;717;33360;18012;8.1;4.4
40;2021-03-11;1986;698;35346;18710;8.6;4.5
40;2021-03-12;2051;551;37397;19261;9.1;4.7
40;2021-03-13;972;255;38369;19516;9.3;4.7
40;2021-03-14;98;0;38467;19516;9.3;4.7
40;2021-03-15;924;88;39391;19604;9.6;4.8
40;2021-03-16;989;275;40380;19879;9.8;4.8
40;2021-03-17;1577;349;41957;20228;10.2;4.9
40;2021-03-18;1559;339;43516;20567;10.6;5.0
40;2021-03-19;1808;145;45324;20712;11.0;5.0
40;2021-03-20;706;15;46030;20727;11.2;5.0
40;2021-03-21;52;1;46082;20728;11.2;5.0
40;2021-03-22;1174;35;47256;20763;11.5;5.0
40;2021-03-23;2325;170;49581;20933;12.0;5.1
40;2021-03-24;2327;232;51908;21165;12.6;5.1
40;2021-03-25;2768;384;54676;21549;13.3;5.2
40;2021-03-26;3123;212;57799;21761;14.0;5.3
40;2021-03-27;923;49;58722;21810;14.3;5.3
40;2021-03-28;178;47;58900;21857;14.3;5.3
40;2021-03-29;1153;381;60053;22238;14.6;5.4
40;2021-03-30;2298;390;62351;22628;15.1;5.5
40;2021-03-31;1994;309;64345;22937;15.6;5.6
40;2021-04-01;2413;335;66758;23272;16.2;5.6
40;2021-04-02;2361;222;69119;23494;16.8;5.7
40;2021-04-03;741;122;69860;23616;17.0;5.7
40;2021-04-04;363;9;70223;23625;17.0;5.7
40;2021-04-05;523;40;70746;23665;17.2;5.7
40;2021-04-06;2095;809;72841;24474;17.7;5.9
40;2021-04-07;2664;876;75505;25350;18.3;6.2
40;2021-04-08;3063;901;78568;26251;19.1;6.4
40;2021-04-09;3826;612;82394;26863;20.0;6.5
40;2021-04-10;1600;343;83994;27206;20.4;6.6
40;2021-04-11;52;6;84046;27212;20.4;6.6
40;2021-04-12;2179;736;86225;27948;20.9;6.8
40;2021-04-13;2567;1092;88792;29040;21.6;7.0
40;2021-04-14;2571;1377;91363;30417;22.2;7.4
40;2021-04-15;2987;1516;94350;31933;22.9;7.8
40;2021-04-16;2878;1185;97228;33118;23.6;8.0
40;2021-04-17;1464;348;98692;33466;24.0;8.1
40;2021-04-18;57;24;98749;33490;24.0;8.1
40;2021-04-19;1056;1023;99805;34513;24.2;8.4
40;2021-04-20;1622;1745;101427;36258;24.6;8.8
40;2021-04-21;1777;1740;103204;37998;25.1;9.2
40;2021-04-22;2112;1776;105316;39774;25.6;9.7
40;2021-04-23;2163;1398;107479;41172;26.1;10.0
40;2021-04-24;1329;627;108808;41799;26.4;10.1
40;2021-04-25;37;57;108845;41856;26.4;10.2
40;2021-04-26;1251;1137;110096;42993;26.7;10.4
40;2021-04-27;1487;2033;111583;45026;27.1;10.9
40;2021-04-28;2052;1371;113635;46397;27.6;11.3
40;2021-04-29;2609;1901;116244;48298;28.2;11.7
40;2021-04-30;2700;1617;118944;49915;28.9;12.1
40;2021-05-01;1228;781;120172;50696;29.2;12.3
40;2021-05-02;143;323;120315;51019;29.2;12.4
40;2021-05-03;1857;1502;122172;52521;29.7;12.7
40;2021-05-04;1880;2467;124052;54988;30.1;13.3
40;2021-05-05;2187;2669;126239;57657;30.6;14.0
40;2021-05-06;2237;2867;128476;60524;31.2;14.7
40;2021-05-07;1901;3007;130377;63531;31.6;15.4
40;2021-05-08;675;469;131052;64000;31.8;15.5
40;2021-05-09;316;22;131368;64022;31.9;15.5
40;2021-05-10;1400;2057;132768;66079;32.2;16.0
40;2021-05-11;2196;2512;134964;68591;32.8;16.6
40;2021-05-12;2731;1945;137695;70536;33.4;17.1
40;2021-05-13;1984;515;139679;71051;33.9;17.2
40;2021-05-14;2324;1658;142003;72709;34.5;17.6
40;2021-05-15;1340;961;143343;73670;34.8;17.9
40;2021-05-16;434;24;143777;73694;34.9;17.9
40;2021-05-17;2119;1311;145896;75005;35.4;18.2
40;2021-05-18;2508;1416;148404;76421;36.0;18.5
40;2021-05-19;2954;1105;151358;77526;36.7;18.8
40;2021-05-20;3584;1163;154942;78689;37.6;19.1
40;2021-05-21;2925;1329;157867;80018;38.3;19.4
40;2021-05-22;1146;797;159013;80815;38.6;19.6
40;2021-05-23;631;29;159644;80844;38.8;19.6
40;2021-05-24;1212;332;160856;81176;39.0;19.7
40;2021-05-25;2168;1309;163024;82485;39.6;20.0
40;2021-05-26;2614;1563;165638;84048;40.2;20.4
40;2021-05-27;2733;2002;168371;86050;40.9;20.9
40;2021-05-28;2567;2275;170938;88325;41.5;21.4
40;2021-05-29;1558;1257;172496;89582;41.9;21.7
40;2021-05-30;4;52;172500;89634;41.9;21.8
40;2021-05-31;2567;1207;175067;90841;42.5;22.0
40;2021-06-01;3011;1770;178078;92611;43.2;22.5
40;2021-06-02;3170;1992;181248;94603;44.0;23.0
40;2021-06-03;3589;2330;184837;96933;44.9;23.5
40;2021-06-04;3015;2802;187852;99735;45.6;24.2
40;2021-06-05;1780;1395;189632;101130;46.0;24.5
40;2021-06-06;458;79;190090;101209;46.1;24.6
40;2021-06-07;2184;2024;192274;103233;46.7;25.1
40;2021-06-08;2954;2101;195228;105334;47.4;25.6
40;2021-06-09;3212;2266;198440;107600;48.2;26.1
40;2021-06-10;2994;2097;201434;109697;48.9;26.6
40;2021-06-11;3142;2799;204576;112496;49.7;27.3
40;2021-06-12;1963;1634;206539;114130;50.1;27.7
40;2021-06-13;645;162;207184;114292;50.3;27.7
40;2021-06-14;1457;2495;208641;116787;50.6;28.3
40;2021-06-15;2235;2818;210876;119605;51.2;29.0
40;2021-06-16;2608;2459;213484;122064;51.8;29.6
40;2021-06-17;2431;2439;215915;124503;52.4;30.2
40;2021-06-18;2326;2902;218241;127405;53.0;30.9
40;2021-06-19;1798;1229;220039;128634;53.4;31.2
40;2021-06-20;346;276;220385;128910;53.5;31.3
40;2021-06-21;1395;2318;221780;131228;53.8;31.9
40;2021-06-22;1690;2996;223470;134224;54.2;32.6
40;2021-06-23;1603;3343;225073;137567;54.6;33.4
40;2021-06-24;1733;2384;226806;139951;55.1;34.0
40;2021-06-25;1757;3264;228563;143215;55.5;34.8
40;2021-06-26;1328;1712;229891;144927;55.8;35.2
40;2021-06-27;262;354;230153;145281;55.9;35.3
40;2021-06-28;1334;2818;231487;148099;56.2;35.9
40;2021-06-29;1713;3392;233200;151491;56.6;36.8
40;2021-06-30;1775;3643;234975;155134;57.0;37.7
40;2021-07-01;1715;3954;236690;159088;57.5;38.6
40;2021-07-02;1560;3811;238250;162899;57.8;39.5
40;2021-07-03;676;1923;238926;164822;58.0;40.0
40;2021-07-04;219;483;239145;165305;58.0;40.1
40;2021-07-05;1477;3020;240622;168325;58.4;40.9
40;2021-07-06;1768;3613;242390;171938;58.8;41.7
40;2021-07-07;1973;3850;244363;175788;59.3;42.7
40;2021-07-08;2099;3409;246462;179197;59.8;43.5
40;2021-07-09;2108;3947;248570;183144;60.3;44.5
40;2021-07-10;1004;2155;249574;185299;60.6;45.0
40;2021-07-11;207;294;249781;185593;60.6;45.0
40;2021-07-12;1314;4047;251095;189640;60.9;46.0
40;2021-07-13;2428;4698;253523;194338;61.5;47.2
40;2021-07-14;2198;2061;255721;196399;62.1;47.7
40;2021-07-15;2842;4860;258563;201259;62.8;48.9
40;2021-07-16;3311;3944;261874;205203;63.6;49.8
40;2021-07-17;2110;2595;263984;207798;64.1;50.4
40;2021-07-18;472;542;264456;208340;64.2;50.6
40;2021-07-19;2565;3701;267021;212041;64.8;51.5
40;2021-07-20;3065;4052;270086;216093;65.6;52.5
40;2021-07-21;3203;3886;273289;219979;66.3;53.4
40;2021-07-22;3857;3934;277146;223913;67.3;54.4
40;2021-07-23;4092;4110;281238;228023;68.3;55.3
40;2021-07-24;2795;2113;284033;230136;68.9;55.9
40;2021-07-25;958;491;284991;230627;69.2;56.0
40;2021-07-26;2943;3076;287934;233703;69.9;56.7
40;2021-07-27;3526;3602;291460;237305;70.7;57.6
40;2021-07-28;3379;3398;294839;240703;71.6;58.4
40;2021-07-29;3546;3432;298385;244135;72.4;59.3
40;2021-07-30;3137;3405;301522;247540;73.2;60.1
40;2021-07-31;1781;1908;303303;249448;73.6;60.5
40;2021-08-01;342;287;303645;249735;73.7;60.6
40;2021-08-02;2004;2383;305649;252118;74.2;61.2
40;2021-08-03;2335;2697;307984;254815;74.8;61.9
40;2021-08-04;2094;2323;310078;257138;75.3;62.4
40;2021-08-05;1971;2669;312049;259807;75.7;63.1
40;2021-08-06;1886;3068;313935;262875;76.2;63.8
40;2021-08-07;1218;1746;315153;264621;76.5;64.2
40;2021-08-08;84;154;315237;264775;76.5;64.3
40;2021-08-09;1600;3124;316837;267899;76.9;65.0
40;2021-08-10;1429;3159;318266;271058;77.3;65.8
40;2021-08-11;1423;2844;319689;273902;77.6;66.5
40;2021-08-12;1277;3102;320966;277004;77.9;67.2
40;2021-08-13;1139;2980;322105;279984;78.2;68.0
40;2021-08-14;618;2033;322723;282017;78.3;68.5
40;2021-08-15;5;172;322728;282189;78.3;68.5
40;2021-08-16;1108;3382;323836;285571;78.6;69.3
40;2021-08-17;1161;3418;324997;288989;78.9;70.1
40;2021-08-18;989;3258;325986;292247;79.1;70.9
40;2021-08-19;855;2972;326841;295219;79.3;71.7
40;2021-08-20;811;3033;327652;298252;79.5;72.4
40;2021-08-21;523;1901;328175;300153;79.7;72.9
40;2021-08-22;71;464;328246;300617;79.7;73.0
40;2021-08-23;730;2818;328976;303435;79.9;73.7
40;2021-08-24;697;2540;329673;305975;80.0;74.3
40;2021-08-25;678;2002;330351;307977;80.2;74.8
40;2021-08-26;493;1674;330844;309651;80.3;75.2
40;2021-08-27;638;2468;331482;312119;80.5;75.8
40;2021-08-28;328;1215;331810;313334;80.5;76.1
40;2021-08-29;1;9;331811;313343;80.5;76.1
40;2021-08-30;600;2116;332411;315459;80.7;76.6
40;2021-08-31;470;1381;332881;316840;80.8;76.9
40;2021-09-01;451;1349;333332;318189;80.9;77.2
40;2021-09-02;404;1276;333736;319465;81.0;77.5
40;2021-09-03;445;1354;334181;320819;81.1;77.9
40;2021-09-04;369;1051;334550;321870;81.2;78.1
40;2021-09-05;4;10;334554;321880;81.2;78.1
40;2021-09-06;246;698;334800;322578;81.3;78.3
40;2021-09-07;294;774;335094;323352;81.3;78.5
40;2021-09-08;423;895;335517;324247;81.4;78.7
40;2021-09-09;264;718;335781;324965;81.5;78.9
40;2021-09-10;362;933;336143;325898;81.6;79.1
40;2021-09-11;248;755;336391;326653;81.7;79.3
40;2021-09-12;8;7;336399;326660;81.7;79.3
40;2021-09-13;470;596;336869;327256;81.8;79.4
40;2021-09-14;360;378;337229;327634;81.9;79.5
40;2021-09-15;444;896;337673;328530;82.0;79.7
40;2021-09-16;239;348;337912;328878;82.0;79.8
40;2021-09-17;368;788;338280;329666;82.1;80.0
40;2021-09-18;179;634;338459;330300;82.2;80.2
40;2021-09-19;0;9;338459;330309;82.2;80.2
40;2021-09-20;153;382;338612;330691;82.2;80.3
40;2021-09-21;150;287;338762;330978;82.2;80.3
40;2021-09-22;229;559;338991;331537;82.3;80.5
40;2021-09-23;165;298;339156;331835;82.3;80.5
40;2021-09-24;237;606;339393;332441;82.4;80.7
40;2021-09-25;134;427;339527;332868;82.4;80.8
40;2021-09-26;0;2;339527;332870;82.4;80.8
40;2021-09-27;86;224;339613;333094;82.4;80.9
40;2021-09-28;82;229;339695;333323;82.5;80.9
40;2021-09-29;206;585;339901;333908;82.5;81.0
40;2021-09-30;98;221;339999;334129;82.5;81.1
40;2021-10-01;225;437;340224;334566;82.6;81.2
40;2021-10-02;181;321;340405;334887;82.6;81.3
40;2021-10-03;0;2;340405;334889;82.6;81.3
40;2021-10-04;130;249;340535;335138;82.7;81.3
40;2021-10-05;79;205;340614;335343;82.7;81.4
40;2021-10-06;252;458;340866;335801;82.7;81.5
40;2021-10-07;97;196;340963;335997;82.8;81.6
40;2021-10-08;167;449;341130;336446;82.8;81.7
40;2021-10-09;140;212;341270;336658;82.8;81.7
40;2021-10-10;2;8;341272;336666;82.8;81.7
40;2021-10-11;68;255;341340;336921;82.9;81.8
40;2021-10-12;70;228;341410;337149;82.9;81.8
41;2020-12-27;0;0;0;0;0.0;0.0
41;2020-12-28;0;0;0;0;0.0;0.0
41;2020-12-29;0;0;0;0;0.0;0.0
41;2020-12-30;0;0;0;0;0.0;0.0
41;2020-12-31;0;0;0;0;0.0;0.0
41;2021-01-01;0;0;0;0;0.0;0.0
41;2021-01-02;2;0;2;0;0.0;0.0
41;2021-01-03;0;0;2;0;0.0;0.0
41;2021-01-04;0;0;2;0;0.0;0.0
41;2021-01-05;35;0;37;0;0.0;0.0
41;2021-01-06;71;0;108;0;0.0;0.0
41;2021-01-07;21;0;129;0;0.0;0.0
41;2021-01-08;1;0;130;0;0.0;0.0
41;2021-01-09;0;0;130;0;0.0;0.0
41;2021-01-10;0;0;130;0;0.0;0.0
41;2021-01-11;133;0;263;0;0.1;0.0
41;2021-01-12;321;1;584;1;0.2;0.0
41;2021-01-13;271;0;855;1;0.3;0.0
41;2021-01-14;284;2;1139;3;0.3;0.0
41;2021-01-15;215;1;1354;4;0.4;0.0
41;2021-01-16;0;0;1354;4;0.4;0.0
41;2021-01-17;0;0;1354;4;0.4;0.0
41;2021-01-18;397;2;1751;6;0.5;0.0
41;2021-01-19;857;2;2608;8;0.8;0.0
41;2021-01-20;1059;5;3667;13;1.1;0.0
41;2021-01-21;1568;9;5235;22;1.6;0.0
41;2021-01-22;840;1;6075;23;1.9;0.0
41;2021-01-23;92;0;6167;23;1.9;0.0
41;2021-01-24;0;0;6167;23;1.9;0.0
41;2021-01-25;421;1;6588;24;2.0;0.0
41;2021-01-26;473;4;7061;28;2.2;0.0
41;2021-01-27;441;2;7502;30;2.3;0.0
41;2021-01-28;604;56;8106;86;2.5;0.0
41;2021-01-29;260;30;8366;116;2.6;0.0
41;2021-01-30;0;0;8366;116;2.6;0.0
41;2021-01-31;0;0;8366;116;2.6;0.0
41;2021-02-01;349;148;8715;264;2.7;0.1
41;2021-02-02;470;230;9185;494;2.8;0.2
41;2021-02-03;342;203;9527;697;2.9;0.2
41;2021-02-04;559;154;10086;851;3.1;0.3
41;2021-02-05;329;188;10415;1039;3.2;0.3
41;2021-02-06;5;0;10420;1039;3.2;0.3
41;2021-02-07;2;0;10422;1039;3.2;0.3
41;2021-02-08;305;306;10727;1345;3.3;0.4
41;2021-02-09;599;454;11326;1799;3.5;0.5
41;2021-02-10;486;695;11812;2494;3.6;0.8
41;2021-02-11;1067;1159;12879;3653;3.9;1.1
41;2021-02-12;688;361;13567;4014;4.1;1.2
41;2021-02-13;9;5;13576;4019;4.1;1.2
41;2021-02-14;3;27;13579;4046;4.1;1.2
41;2021-02-15;314;306;13893;4352;4.2;1.3
41;2021-02-16;354;567;14247;4919;4.3;1.5
41;2021-02-17;317;457;14564;5376;4.4;1.6
41;2021-02-18;617;326;15181;5702;4.6;1.7
41;2021-02-19;456;337;15637;6039;4.8;1.8
41;2021-02-20;68;58;15705;6097;4.8;1.9
41;2021-02-21;0;0;15705;6097;4.8;1.9
41;2021-02-22;311;414;16016;6511;4.9;2.0
41;2021-02-23;454;346;16470;6857;5.0;2.1
41;2021-02-24;284;442;16754;7299;5.1;2.2
41;2021-02-25;675;461;17429;7760;5.3;2.4
41;2021-02-26;630;253;18059;8013;5.5;2.4
41;2021-02-27;161;4;18220;8017;5.6;2.4
41;2021-02-28;4;31;18224;8048;5.6;2.5
41;2021-03-01;311;315;18535;8363;5.7;2.6
41;2021-03-02;650;410;19185;8773;5.9;2.7
41;2021-03-03;496;411;19681;9184;6.0;2.8
41;2021-03-04;785;840;20466;10024;6.2;3.1
41;2021-03-05;840;675;21306;10699;6.5;3.3
41;2021-03-06;715;23;22021;10722;6.7;3.3
41;2021-03-07;498;20;22519;10742;6.9;3.3
41;2021-03-08;301;376;22820;11118;7.0;3.4
41;2021-03-09;1043;452;23863;11570;7.3;3.5
41;2021-03-10;721;457;24584;12027;7.5;3.7
41;2021-03-11;1184;686;25768;12713;7.9;3.9
41;2021-03-12;1115;415;26883;13128;8.2;4.0
41;2021-03-13;1224;20;28107;13148;8.6;4.0
41;2021-03-14;392;7;28499;13155;8.7;4.0
41;2021-03-15;798;353;29297;13508;8.9;4.1
41;2021-03-16;1061;412;30358;13920;9.3;4.2
41;2021-03-17;586;240;30944;14160;9.4;4.3
41;2021-03-18;926;399;31870;14559;9.7;4.4
41;2021-03-19;911;335;32781;14894;10.0;4.5
41;2021-03-20;543;22;33324;14916;10.2;4.5
41;2021-03-21;1;0;33325;14916;10.2;4.5
41;2021-03-22;810;275;34135;15191;10.4;4.6
41;2021-03-23;1309;495;35444;15686;10.8;4.8
41;2021-03-24;1231;367;36675;16053;11.2;4.9
41;2021-03-25;2026;439;38701;16492;11.8;5.0
41;2021-03-26;1655;327;40356;16819;12.3;5.1
41;2021-03-27;451;58;40807;16877;12.4;5.1
41;2021-03-28;1;0;40808;16877;12.4;5.1
41;2021-03-29;939;310;41747;17187;12.7;5.2
41;2021-03-30;1496;599;43243;17786;13.2;5.4
41;2021-03-31;1148;497;44391;18283;13.5;5.6
41;2021-04-01;2252;567;46643;18850;14.2;5.7
41;2021-04-02;1242;475;47885;19325;14.6;5.9
41;2021-04-03;321;6;48206;19331;14.7;5.9
41;2021-04-04;39;0;48245;19331;14.7;5.9
41;2021-04-05;140;2;48385;19333;14.8;5.9
41;2021-04-06;1301;626;49686;19959;15.2;6.1
41;2021-04-07;1852;710;51538;20669;15.7;6.3
41;2021-04-08;2294;920;53832;21589;16.4;6.6
41;2021-04-09;2568;613;56400;22202;17.2;6.8
41;2021-04-10;954;498;57354;22700;17.5;6.9
41;2021-04-11;279;376;57633;23076;17.6;7.0
41;2021-04-12;1689;659;59322;23735;18.1;7.2
41;2021-04-13;2259;988;61581;24723;18.8;7.5
41;2021-04-14;1794;554;63375;25277;19.3;7.7
41;2021-04-15;2384;980;65759;26257;20.1;8.0
41;2021-04-16;1929;628;67688;26885;20.6;8.2
41;2021-04-17;647;138;68335;27023;20.8;8.2
41;2021-04-18;5;0;68340;27023;20.8;8.2
41;2021-04-19;1260;745;69600;27768;21.2;8.5
41;2021-04-20;2004;1203;71604;28971;21.8;8.8
41;2021-04-21;1503;920;73107;29891;22.3;9.1
41;2021-04-22;2236;1604;75343;31495;23.0;9.6
41;2021-04-23;1736;1080;77079;32575;23.5;9.9
41;2021-04-24;1544;283;78623;32858;24.0;10.0
41;2021-04-25;1007;21;79630;32879;24.3;10.0
41;2021-04-26;1355;625;80985;33504;24.7;10.2
41;2021-04-27;2093;1041;83078;34545;25.3;10.5
41;2021-04-28;1563;865;84641;35410;25.8;10.8
41;2021-04-29;2210;1380;86851;36790;26.5;11.2
41;2021-04-30;1963;878;88814;37668;27.1;11.5
41;2021-05-01;189;12;89003;37680;27.1;11.5
41;2021-05-02;107;17;89110;37697;27.2;11.5
41;2021-05-03;1864;896;90974;38593;27.7;11.8
41;2021-05-04;2092;1543;93066;40136;28.4;12.2
41;2021-05-05;1882;1193;94948;41329;29.0;12.6
41;2021-05-06;2447;1695;97395;43024;29.7;13.1
41;2021-05-07;2016;1805;99411;44829;30.3;13.7
41;2021-05-08;202;154;99613;44983;30.4;13.7
41;2021-05-09;11;354;99624;45337;30.4;13.8
41;2021-05-10;1590;1558;101214;46895;30.9;14.3
41;2021-05-11;2085;2102;103299;48997;31.5;14.9
41;2021-05-12;1951;1678;105250;50675;32.1;15.5
41;2021-05-13;1485;949;106735;51624;32.6;15.7
41;2021-05-14;1576;1305;108311;52929;33.0;16.1
41;2021-05-15;206;295;108517;53224;33.1;16.2
41;2021-05-16;4;0;108521;53224;33.1;16.2
41;2021-05-17;2484;564;111005;53788;33.9;16.4
41;2021-05-18;3138;1032;114143;54820;34.8;16.7
41;2021-05-19;2553;675;116696;55495;35.6;16.9
41;2021-05-20;3349;1152;120045;56647;36.6;17.3
41;2021-05-21;2727;968;122772;57615;37.4;17.6
41;2021-05-22;396;237;123168;57852;37.6;17.6
41;2021-05-23;6;2;123174;57854;37.6;17.6
41;2021-05-24;2605;150;125779;58004;38.4;17.7
41;2021-05-25;2991;577;128770;58581;39.3;17.9
41;2021-05-26;3037;652;131807;59233;40.2;18.1
41;2021-05-27;3294;1111;135101;60344;41.2;18.4
41;2021-05-28;3144;979;138245;61323;42.2;18.7
41;2021-05-29;2073;429;140318;61752;42.8;18.8
41;2021-05-30;344;22;140662;61774;42.9;18.8
41;2021-05-31;1710;1505;142372;63279;43.4;19.3
41;2021-06-01;2263;2012;144635;65291;44.1;19.9
41;2021-06-02;1832;1289;146467;66580;44.7;20.3
41;2021-06-03;2597;1942;149064;68522;45.5;20.9
41;2021-06-04;2303;1967;151367;70489;46.2;21.5
41;2021-06-05;611;1583;151978;72072;46.4;22.0
41;2021-06-06;109;927;152087;72999;46.4;22.3
41;2021-06-07;1515;1530;153602;74529;46.9;22.7
41;2021-06-08;1712;2413;155314;76942;47.4;23.5
41;2021-06-09;1615;1641;156929;78583;47.9;24.0
41;2021-06-10;1917;1819;158846;80402;48.5;24.5
41;2021-06-11;1572;1794;160418;82196;48.9;25.1
41;2021-06-12;664;649;161082;82845;49.1;25.3
41;2021-06-13;13;77;161095;82922;49.1;25.3
41;2021-06-14;1269;1963;162364;84885;49.5;25.9
41;2021-06-15;1834;2761;164198;87646;50.1;26.7
41;2021-06-16;1724;2309;165922;89955;50.6;27.4
41;2021-06-17;1810;2574;167732;92529;51.2;28.2
41;2021-06-18;1662;2400;169394;94929;51.7;29.0
41;2021-06-19;412;531;169806;95460;51.8;29.1
41;2021-06-20;11;32;169817;95492;51.8;29.1
41;2021-06-21;1325;1779;171142;97271;52.2;29.7
41;2021-06-22;1619;2563;172761;99834;52.7;30.5
41;2021-06-23;1375;2046;174136;101880;53.1;31.1
41;2021-06-24;1483;2308;175619;104188;53.6;31.8
41;2021-06-25;1294;2617;176913;106805;54.0;32.6
41;2021-06-26;433;614;177346;107419;54.1;32.8
41;2021-06-27;1;4;177347;107423;54.1;32.8
41;2021-06-28;404;2696;177751;110119;54.2;33.6
41;2021-06-29;664;3442;178415;113561;54.4;34.6
41;2021-06-30;552;3068;178967;116629;54.6;35.6
41;2021-07-01;765;3106;179732;119735;54.8;36.5
41;2021-07-02;589;3501;180321;123236;55.0;37.6
41;2021-07-03;158;647;180479;123883;55.1;37.8
41;2021-07-04;2;2;180481;123885;55.1;37.8
41;2021-07-05;284;2818;180765;126703;55.1;38.6
41;2021-07-06;667;3634;181432;130337;55.3;39.8
41;2021-07-07;479;3137;181911;133474;55.5;40.7
41;2021-07-08;940;3366;182851;136840;55.8;41.7
41;2021-07-09;540;3641;183391;140481;55.9;42.9
41;2021-07-10;247;2088;183638;142569;56.0;43.5
41;2021-07-11;5;280;183643;142849;56.0;43.6
41;2021-07-12;861;2291;184504;145140;56.3;44.3
41;2021-07-13;1198;3285;185702;148425;56.6;45.3
41;2021-07-14;141;1080;185843;149505;56.7;45.6
41;2021-07-15;1333;3319;187176;152824;57.1;46.6
41;2021-07-16;1091;3389;188267;156213;57.4;47.6
41;2021-07-17;344;807;188611;157020;57.5;47.9
41;2021-07-18;24;32;188635;157052;57.5;47.9
41;2021-07-19;1191;2319;189826;159371;57.9;48.6
41;2021-07-20;1643;2744;191469;162115;58.4;49.5
41;2021-07-21;1709;2086;193178;164201;58.9;50.1
41;2021-07-22;2263;2300;195441;166501;59.6;50.8
41;2021-07-23;2104;2468;197545;168969;60.3;51.5
41;2021-07-24;329;842;197874;169811;60.4;51.8
41;2021-07-25;19;23;197893;169834;60.4;51.8
41;2021-07-26;1902;1679;199795;171513;60.9;52.3
41;2021-07-27;2534;2345;202329;173858;61.7;53.0
41;2021-07-28;2161;1831;204490;175689;62.4;53.6
41;2021-07-29;2345;2027;206835;177716;63.1;54.2
41;2021-07-30;2151;2084;208986;179800;63.7;54.8
41;2021-07-31;380;581;209366;180381;63.9;55.0
41;2021-08-01;21;7;209387;180388;63.9;55.0
41;2021-08-02;1550;1605;210937;181993;64.3;55.5
41;2021-08-03;2517;1857;213454;183850;65.1;56.1
41;2021-08-04;2302;1199;215756;185049;65.8;56.4
41;2021-08-05;3047;1266;218803;186315;66.7;56.8
41;2021-08-06;2214;1305;221017;187620;67.4;57.2
41;2021-08-07;511;347;221528;187967;67.6;57.3
41;2021-08-08;13;20;221541;187987;67.6;57.3
41;2021-08-09;1689;1357;223230;189344;68.1;57.8
41;2021-08-10;2563;1423;225793;190767;68.9;58.2
41;2021-08-11;1593;1440;227386;192207;69.4;58.6
41;2021-08-12;1942;1339;229328;193546;70.0;59.0
41;2021-08-13;1474;1697;230802;195243;70.4;59.6
41;2021-08-14;365;209;231167;195452;70.5;59.6
41;2021-08-15;0;16;231167;195468;70.5;59.6
41;2021-08-16;864;2069;232031;197537;70.8;60.3
41;2021-08-17;1498;1634;233529;199171;71.2;60.8
41;2021-08-18;1135;1971;234664;201142;71.6;61.4
41;2021-08-19;1312;1554;235976;202696;72.0;61.8
41;2021-08-20;915;2313;236891;205009;72.3;62.5
41;2021-08-21;120;227;237011;205236;72.3;62.6
41;2021-08-22;1;32;237012;205268;72.3;62.6
41;2021-08-23;694;2295;237706;207563;72.5;63.3
41;2021-08-24;1415;2313;239121;209876;72.9;64.0
41;2021-08-25;620;2200;239741;212076;73.1;64.7
41;2021-08-26;843;2821;240584;214897;73.4;65.6
41;2021-08-27;621;2763;241205;217660;73.6;66.4
41;2021-08-28;99;622;241304;218282;73.6;66.6
41;2021-08-29;46;24;241350;218306;73.6;66.6
41;2021-08-30;668;2114;242018;220420;73.8;67.2
41;2021-08-31;765;2556;242783;222976;74.1;68.0
41;2021-09-01;501;1711;243284;224687;74.2;68.5
41;2021-09-02;628;2011;243912;226698;74.4;69.2
41;2021-09-03;650;2101;244562;228799;74.6;69.8
41;2021-09-04;194;555;244756;229354;74.7;70.0
41;2021-09-05;3;0;244759;229354;74.7;70.0
41;2021-09-06;291;958;245050;230312;74.7;70.3
41;2021-09-07;415;1195;245465;231507;74.9;70.6
41;2021-09-08;314;1172;245779;232679;75.0;71.0
41;2021-09-09;295;1164;246074;233843;75.1;71.3
41;2021-09-10;381;1197;246455;235040;75.2;71.7
41;2021-09-11;85;366;246540;235406;75.2;71.8
41;2021-09-12;0;9;246540;235415;75.2;71.8
41;2021-09-13;200;646;246740;236061;75.3;72.0
41;2021-09-14;364;826;247104;236887;75.4;72.3
41;2021-09-15;279;1070;247383;237957;75.5;72.6
41;2021-09-16;237;833;247620;238790;75.5;72.8
41;2021-09-17;360;713;247980;239503;75.6;73.1
41;2021-09-18;78;169;248058;239672;75.7;73.1
41;2021-09-19;0;7;248058;239679;75.7;73.1
41;2021-09-20;177;514;248235;240193;75.7;73.3
41;2021-09-21;182;515;248417;240708;75.8;73.4
41;2021-09-22;268;802;248685;241510;75.9;73.7
41;2021-09-23;237;662;248922;242172;75.9;73.9
41;2021-09-24;313;630;249235;242802;76.0;74.1
41;2021-09-25;70;233;249305;243035;76.0;74.1
41;2021-09-26;0;3;249305;243038;76.0;74.1
41;2021-09-27;165;342;249470;243380;76.1;74.2
41;2021-09-28;156;421;249626;243801;76.1;74.4
41;2021-09-29;178;490;249804;244291;76.2;74.5
41;2021-09-30;112;337;249916;244628;76.2;74.6
41;2021-10-01;210;390;250126;245018;76.3;74.7
41;2021-10-02;80;140;250206;245158;76.3;74.8
41;2021-10-03;0;0;250206;245158;76.3;74.8
41;2021-10-04;106;264;250312;245422;76.4;74.9
41;2021-10-05;117;297;250429;245719;76.4;75.0
41;2021-10-06;224;412;250653;246131;76.5;75.1
41;2021-10-07;120;176;250773;246307;76.5;75.1
41;2021-10-08;198;510;250971;246817;76.6;75.3
41;2021-10-09;51;119;251022;246936;76.6;75.3
41;2021-10-10;0;18;251022;246954;76.6;75.3
41;2021-10-11;118;170;251140;247124;76.6;75.4
41;2021-10-12;67;167;251207;247291;76.6;75.4
42;2020-12-27;1;0;1;0;0.0;0.0
42;2020-12-28;0;0;1;0;0.0;0.0
42;2020-12-29;0;0;1;0;0.0;0.0
42;2020-12-30;0;0;1;0;0.0;0.0
42;2020-12-31;0;0;1;0;0.0;0.0
42;2021-01-01;0;0;1;0;0.0;0.0
42;2021-01-02;0;0;1;0;0.0;0.0
42;2021-01-03;0;0;1;0;0.0;0.0
42;2021-01-04;1;0;2;0;0.0;0.0
42;2021-01-05;1;0;3;0;0.0;0.0
42;2021-01-06;178;1;181;1;0.0;0.0
42;2021-01-07;256;0;437;1;0.1;0.0
42;2021-01-08;264;5;701;6;0.1;0.0
42;2021-01-09;136;0;837;6;0.1;0.0
42;2021-01-10;0;0;837;6;0.1;0.0
42;2021-01-11;293;2;1130;8;0.1;0.0
42;2021-01-12;412;1;1542;9;0.2;0.0
42;2021-01-13;527;2;2069;11;0.3;0.0
42;2021-01-14;775;4;2844;15;0.4;0.0
42;2021-01-15;707;4;3551;19;0.5;0.0
42;2021-01-16;298;2;3849;21;0.5;0.0
42;2021-01-17;219;0;4068;21;0.5;0.0
42;2021-01-18;968;1;5036;22;0.7;0.0
42;2021-01-19;1329;10;6365;32;0.8;0.0
42;2021-01-20;956;4;7321;36;1.0;0.0
42;2021-01-21;1023;6;8344;42;1.1;0.0
42;2021-01-22;992;7;9336;49;1.2;0.0
42;2021-01-23;401;0;9737;49;1.3;0.0
42;2021-01-24;359;0;10096;49;1.3;0.0
42;2021-01-25;1100;13;11196;62;1.5;0.0
42;2021-01-26;1750;21;12946;83;1.7;0.0
42;2021-01-27;1456;126;14402;209;1.9;0.0
42;2021-01-28;1667;146;16069;355;2.1;0.0
42;2021-01-29;946;120;17015;475;2.2;0.1
42;2021-01-30;257;110;17272;585;2.3;0.1
42;2021-01-31;258;2;17530;587;2.3;0.1
42;2021-02-01;738;63;18268;650;2.4;0.1
42;2021-02-02;1854;322;20122;972;2.6;0.1
42;2021-02-03;1518;492;21640;1464;2.8;0.2
42;2021-02-04;1279;616;22919;2080;3.0;0.3
42;2021-02-05;684;528;23603;2608;3.1;0.3
42;2021-02-06;304;151;23907;2759;3.1;0.4
42;2021-02-07;276;154;24183;2913;3.2;0.4
42;2021-02-08;506;615;24689;3528;3.2;0.5
42;2021-02-09;703;798;25392;4326;3.3;0.6
42;2021-02-10;742;689;26134;5015;3.4;0.7
42;2021-02-11;773;688;26907;5703;3.5;0.7
42;2021-02-12;675;754;27582;6457;3.6;0.8
42;2021-02-13;428;304;28010;6761;3.7;0.9
42;2021-02-14;186;221;28196;6982;3.7;0.9
42;2021-02-15;520;820;28716;7802;3.8;1.0
42;2021-02-16;490;1240;29206;9042;3.8;1.2
42;2021-02-17;518;1531;29724;10573;3.9;1.4
42;2021-02-18;757;1388;30481;11961;4.0;1.6
42;2021-02-19;768;1023;31249;12984;4.1;1.7
42;2021-02-20;248;424;31497;13408;4.1;1.8
42;2021-02-21;63;327;31560;13735;4.1;1.8
42;2021-02-22;574;961;32134;14696;4.2;1.9
42;2021-02-23;1211;1440;33345;16136;4.4;2.1
42;2021-02-24;1244;1221;34589;17357;4.5;2.3
42;2021-02-25;1667;1420;36256;18777;4.7;2.5
42;2021-02-26;1646;927;37902;19704;5.0;2.6
42;2021-02-27;580;297;38482;20001;5.0;2.6
42;2021-02-28;167;126;38649;20127;5.1;2.6
42;2021-03-01;807;847;39456;20974;5.2;2.7
42;2021-03-02;1275;822;40731;21796;5.3;2.9
42;2021-03-03;1368;811;42099;22607;5.5;3.0
42;2021-03-04;1705;729;43804;23336;5.7;3.1
42;2021-03-05;2623;679;46427;24015;6.1;3.1
42;2021-03-06;1934;276;48361;24291;6.3;3.2
42;2021-03-07;1491;97;49852;24388;6.5;3.2
42;2021-03-08;1405;518;51257;24906;6.7;3.3
42;2021-03-09;1983;464;53240;25370;7.0;3.3
42;2021-03-10;2053;514;55293;25884;7.2;3.4
42;2021-03-11;3048;641;58341;26525;7.6;3.5
42;2021-03-12;3008;837;61349;27362;8.0;3.6
42;2021-03-13;1479;374;62828;27736;8.2;3.6
42;2021-03-14;472;178;63300;27914;8.3;3.7
42;2021-03-15;1572;609;64872;28523;8.5;3.7
42;2021-03-16;1472;783;66344;29306;8.7;3.8
42;2021-03-17;1723;1085;68067;30391;8.9;4.0
42;2021-03-18;1803;1033;69870;31424;9.1;4.1
42;2021-03-19;2566;691;72436;32115;9.5;4.2
42;2021-03-20;1672;235;74108;32350;9.7;4.2
42;2021-03-21;526;102;74634;32452;9.8;4.2
42;2021-03-22;1426;747;76060;33199;9.9;4.3
42;2021-03-23;2507;875;78567;34074;10.3;4.5
42;2021-03-24;2783;797;81350;34871;10.6;4.6
42;2021-03-25;3720;944;85070;35815;11.1;4.7
42;2021-03-26;3759;793;88829;36608;11.6;4.8
42;2021-03-27;1806;454;90635;37062;11.9;4.8
42;2021-03-28;1039;217;91674;37279;12.0;4.9
42;2021-03-29;2064;933;93738;38212;12.3;5.0
42;2021-03-30;3146;880;96884;39092;12.7;5.1
42;2021-03-31;2444;1084;99328;40176;13.0;5.3
42;2021-04-01;3391;1059;102719;41235;13.4;5.4
42;2021-04-02;2849;1236;105568;42471;13.8;5.6
42;2021-04-03;1418;612;106986;43083;14.0;5.6
42;2021-04-04;1403;397;108389;43480;14.2;5.7
42;2021-04-05;1901;304;110290;43784;14.4;5.7
42;2021-04-06;2292;1420;112582;45204;14.7;5.9
42;2021-04-07;2761;1845;115343;47049;15.1;6.2
42;2021-04-08;4025;1606;119368;48655;15.6;6.4
42;2021-04-09;5135;1569;124503;50224;16.3;6.6
42;2021-04-10;2591;777;127094;51001;16.6;6.7
42;2021-04-11;1957;434;129051;51435;16.9;6.7
42;2021-04-12;3699;1555;132750;52990;17.4;6.9
42;2021-04-13;4659;1816;137409;54806;18.0;7.2
42;2021-04-14;4308;1913;141717;56719;18.5;7.4
42;2021-04-15;4809;1849;146526;58568;19.2;7.7
42;2021-04-16;4621;1899;151147;60467;19.8;7.9
42;2021-04-17;2982;1079;154129;61546;20.2;8.0
42;2021-04-18;1887;417;156016;61963;20.4;8.1
42;2021-04-19;3090;1544;159106;63507;20.8;8.3
42;2021-04-20;3468;1962;162574;65469;21.3;8.6
42;2021-04-21;3479;1754;166053;67223;21.7;8.8
42;2021-04-22;3768;1959;169821;69182;22.2;9.0
42;2021-04-23;3842;2025;173663;71207;22.7;9.3
42;2021-04-24;2363;1520;176026;72727;23.0;9.5
42;2021-04-25;1658;949;177684;73676;23.2;9.6
42;2021-04-26;3280;1740;180964;75416;23.7;9.9
42;2021-04-27;3253;2217;184217;77633;24.1;10.2
42;2021-04-28;3463;2629;187680;80262;24.5;10.5
42;2021-04-29;3768;2822;191448;83084;25.0;10.9
42;2021-04-30;3360;3037;194808;86121;25.5;11.3
42;2021-05-01;2968;1055;197776;87176;25.9;11.4
42;2021-05-02;1934;1264;199710;88440;26.1;11.6
42;2021-05-03;2868;2771;202578;91211;26.5;11.9
42;2021-05-04;3416;3136;205994;94347;26.9;12.3
42;2021-05-05;3328;3405;209322;97752;27.4;12.8
42;2021-05-06;3888;3776;213210;101528;27.9;13.3
42;2021-05-07;3732;4044;216942;105572;28.4;13.8
42;2021-05-08;3164;1075;220106;106647;28.8;13.9
42;2021-05-09;1505;2213;221611;108860;29.0;14.2
42;2021-05-10;3250;3831;224861;112691;29.4;14.7
42;2021-05-11;5574;3917;230435;116608;30.1;15.2
42;2021-05-12;5339;3571;235774;120179;30.8;15.7
42;2021-05-13;5450;1152;241224;121331;31.5;15.9
42;2021-05-14;5237;2928;246461;124259;32.2;16.2
42;2021-05-15;4880;2127;251341;126386;32.9;16.5
42;2021-05-16;2873;1036;254214;127422;33.2;16.7
42;2021-05-17;5885;2840;260099;130262;34.0;17.0
42;2021-05-18;6251;2983;266350;133245;34.8;17.4
42;2021-05-19;6523;2752;272873;135997;35.7;17.8
42;2021-05-20;7103;2898;279976;138895;36.6;18.2
42;2021-05-21;6351;3276;286327;142171;37.4;18.6
42;2021-05-22;5834;2134;292161;144305;38.2;18.9
42;2021-05-23;2832;874;294993;145179;38.6;19.0
42;2021-05-24;5246;1434;300239;146613;39.3;19.2
42;2021-05-25;5152;3941;305391;150554;39.9;19.7
42;2021-05-26;5160;3459;310551;154013;40.6;20.1
42;2021-05-27;5366;3639;315917;157652;41.3;20.6
42;2021-05-28;5044;4208;320961;161860;42.0;21.2
42;2021-05-29;4340;2988;325301;164848;42.5;21.6
42;2021-05-30;1983;1210;327284;166058;42.8;21.7
42;2021-05-31;4241;3424;331525;169482;43.4;22.2
42;2021-06-01;4592;3570;336117;173052;44.0;22.6
42;2021-06-02;4481;3017;340598;176069;44.5;23.0
42;2021-06-03;4930;3844;345528;179913;45.2;23.5
42;2021-06-04;4766;4218;350294;184131;45.8;24.1
42;2021-06-05;3689;2427;353983;186558;46.3;24.4
42;2021-06-06;1445;1295;355428;187853;46.5;24.6
42;2021-06-07;3992;3377;359420;191230;47.0;25.0
42;2021-06-08;3466;3248;362886;194478;47.5;25.4
42;2021-06-09;2964;3206;365850;197684;47.8;25.8
42;2021-06-10;3242;2934;369092;200618;48.3;26.2
42;2021-06-11;3585;4118;372677;204736;48.7;26.8
42;2021-06-12;2863;2882;375540;207618;49.1;27.1
42;2021-06-13;944;1278;376484;208896;49.2;27.3
42;2021-06-14;2313;4062;378797;212958;49.5;27.8
42;2021-06-15;2830;4070;381627;217028;49.9;28.4
42;2021-06-16;2919;3552;384546;220580;50.3;28.8
42;2021-06-17;2635;3738;387181;224318;50.6;29.3
42;2021-06-18;3093;5146;390274;229464;51.0;30.0
42;2021-06-19;2845;4243;393119;233707;51.4;30.6
42;2021-06-20;857;1844;393976;235551;51.5;30.8
42;2021-06-21;1909;6277;395885;241828;51.8;31.6
42;2021-06-22;1875;5891;397760;247719;52.0;32.4
42;2021-06-23;1845;5321;399605;253040;52.3;33.1
42;2021-06-24;1785;4683;401390;257723;52.5;33.7
42;2021-06-25;2036;6952;403426;264675;52.8;34.6
42;2021-06-26;1408;5818;404834;270493;52.9;35.4
42;2021-06-27;756;2858;405590;273351;53.0;35.7
42;2021-06-28;1746;7063;407336;280414;53.3;36.7
42;2021-06-29;1526;6566;408862;286980;53.5;37.5
42;2021-06-30;1969;5766;410831;292746;53.7;38.3
42;2021-07-01;1779;5120;412610;297866;54.0;39.0
42;2021-07-02;2048;6740;414658;304606;54.2;39.8
42;2021-07-03;1760;5979;416418;310585;54.5;40.6
42;2021-07-04;853;2514;417271;313099;54.6;40.9
42;2021-07-05;1716;6289;418987;319388;54.8;41.8
42;2021-07-06;2106;5576;421093;324964;55.1;42.5
42;2021-07-07;2338;4657;423431;329621;55.4;43.1
42;2021-07-08;2272;3958;425703;333579;55.7;43.6
42;2021-07-09;2416;6096;428119;339675;56.0;44.4
42;2021-07-10;1693;5581;429812;345256;56.2;45.1
42;2021-07-11;921;2304;430733;347560;56.3;45.4
42;2021-07-12;1776;6290;432509;353850;56.6;46.3
42;2021-07-13;3610;6290;436119;360140;57.0;47.1
42;2021-07-14;4480;2055;440599;362195;57.6;47.4
42;2021-07-15;4558;5630;445157;367825;58.2;48.1
42;2021-07-16;4442;6198;449599;374023;58.8;48.9
42;2021-07-17;3219;4710;452818;378733;59.2;49.5
42;2021-07-18;1838;1743;454656;380476;59.5;49.8
42;2021-07-19;3806;5073;458462;385549;60.0;50.4
42;2021-07-20;4719;4821;463181;390370;60.6;51.0
42;2021-07-21;5176;4720;468357;395090;61.2;51.7
42;2021-07-22;5501;3939;473858;399029;62.0;52.2
42;2021-07-23;5500;5120;479358;404149;62.7;52.8
42;2021-07-24;4038;3834;483396;407983;63.2;53.3
42;2021-07-25;1656;1391;485052;409374;63.4;53.5
42;2021-07-26;4731;4314;489783;413688;64.0;54.1
42;2021-07-27;5333;3958;495116;417646;64.7;54.6
42;2021-07-28;5782;3676;500898;421322;65.5;55.1
42;2021-07-29;5678;3435;506576;424757;66.2;55.5
42;2021-07-30;5141;3776;511717;428533;66.9;56.0
42;2021-07-31;4765;3057;516482;431590;67.5;56.4
42;2021-08-01;2498;1318;518980;432908;67.9;56.6
42;2021-08-02;4367;3106;523347;436014;68.4;57.0
42;2021-08-03;3826;3285;527173;439299;68.9;57.4
42;2021-08-04;3473;3225;530646;442524;69.4;57.9
42;2021-08-05;3402;3315;534048;445839;69.8;58.3
42;2021-08-06;3640;3995;537688;449834;70.3;58.8
42;2021-08-07;3022;3067;540710;452901;70.7;59.2
42;2021-08-08;1200;1717;541910;454618;70.9;59.4
42;2021-08-09;2808;3860;544718;458478;71.2;60.0
42;2021-08-10;3275;3909;547993;462387;71.7;60.5
42;2021-08-11;2593;3521;550586;465908;72.0;60.9
42;2021-08-12;2518;3569;553104;469477;72.3;61.4
42;2021-08-13;2334;3908;555438;473385;72.6;61.9
42;2021-08-14;1652;3269;557090;476654;72.8;62.3
42;2021-08-15;600;1027;557690;477681;72.9;62.5
42;2021-08-16;2077;4572;559767;482253;73.2;63.1
42;2021-08-17;2246;4175;562013;486428;73.5;63.6
42;2021-08-18;2053;4146;564066;490574;73.8;64.1
42;2021-08-19;1931;3369;565997;493943;74.0;64.6
42;2021-08-20;2270;4612;568267;498555;74.3;65.2
42;2021-08-21;1083;3866;569350;502421;74.5;65.7
42;2021-08-22;501;2020;569851;504441;74.5;66.0
42;2021-08-23;1625;4668;571476;509109;74.7;66.6
42;2021-08-24;1748;4044;573224;513153;75.0;67.1
42;2021-08-25;1748;3900;574972;517053;75.2;67.6
42;2021-08-26;1445;3048;576417;520101;75.4;68.0
42;2021-08-27;1776;4564;578193;524665;75.6;68.6
42;2021-08-28;1311;3707;579504;528372;75.8;69.1
42;2021-08-29;377;1428;579881;529800;75.8;69.3
42;2021-08-30;1285;3345;581166;533145;76.0;69.7
42;2021-08-31;1238;2713;582404;535858;76.2;70.1
42;2021-09-01;1253;2811;583657;538669;76.3;70.4
42;2021-09-02;1322;2613;584979;541282;76.5;70.8
42;2021-09-03;1573;2940;586552;544222;76.7;71.2
42;2021-09-04;1046;2816;587598;547038;76.8;71.5
42;2021-09-05;381;742;587979;547780;76.9;71.6
42;2021-09-06;763;1781;588742;549561;77.0;71.9
42;2021-09-07;824;1582;589566;551143;77.1;72.1
42;2021-09-08;918;1919;590484;553062;77.2;72.3
42;2021-09-09;658;1463;591142;554525;77.3;72.5
42;2021-09-10;928;1984;592070;556509;77.4;72.8
42;2021-09-11;728;2307;592798;558816;77.5;73.1
42;2021-09-12;163;518;592961;559334;77.5;73.1
42;2021-09-13;552;1161;593513;560495;77.6;73.3
42;2021-09-14;773;1362;594286;561857;77.7;73.5
42;2021-09-15;704;1569;594990;563426;77.8;73.7
42;2021-09-16;526;824;595516;564250;77.9;73.8
42;2021-09-17;736;1637;596252;565887;78.0;74.0
42;2021-09-18;577;1799;596829;567686;78.0;74.2
42;2021-09-19;100;367;596929;568053;78.1;74.3
42;2021-09-20;399;850;597328;568903;78.1;74.4
42;2021-09-21;343;738;597671;569641;78.2;74.5
42;2021-09-22;473;1382;598144;571023;78.2;74.7
42;2021-09-23;372;907;598516;571930;78.3;74.8
42;2021-09-24;471;1563;598987;573493;78.3;75.0
42;2021-09-25;388;1274;599375;574767;78.4;75.2
42;2021-09-26;61;289;599436;575056;78.4;75.2
42;2021-09-27;331;792;599767;575848;78.4;75.3
42;2021-09-28;342;707;600109;576555;78.5;75.4
42;2021-09-29;405;957;600514;577512;78.5;75.5
42;2021-09-30;359;689;600873;578201;78.6;75.6
42;2021-10-01;487;1018;601360;579219;78.6;75.7
42;2021-10-02;378;781;601738;580000;78.7;75.8
42;2021-10-03;90;176;601828;580176;78.7;75.9
42;2021-10-04;269;524;602097;580700;78.7;75.9
42;2021-10-05;286;465;602383;581165;78.8;76.0
42;2021-10-06;412;798;602795;581963;78.8;76.1
42;2021-10-07;287;574;603082;582537;78.9;76.2
42;2021-10-08;405;839;603487;583376;78.9;76.3
42;2021-10-09;381;669;603868;584045;79.0;76.4
42;2021-10-10;89;113;603957;584158;79.0;76.4
42;2021-10-11;262;441;604219;584599;79.0;76.4
42;2021-10-12;200;354;604419;584953;79.0;76.5
43;2020-12-27;0;0;0;0;0.0;0.0
43;2020-12-28;0;0;0;0;0.0;0.0
43;2020-12-29;0;0;0;0;0.0;0.0
43;2020-12-30;0;0;0;0;0.0;0.0
43;2020-12-31;0;0;0;0;0.0;0.0
43;2021-01-01;0;0;0;0;0.0;0.0
43;2021-01-02;0;0;0;0;0.0;0.0
43;2021-01-03;0;0;0;0;0.0;0.0
43;2021-01-04;2;0;2;0;0.0;0.0
43;2021-01-05;0;0;2;0;0.0;0.0
43;2021-01-06;0;0;2;0;0.0;0.0
43;2021-01-07;167;0;169;0;0.1;0.0
43;2021-01-08;151;1;320;1;0.1;0.0
43;2021-01-09;0;0;320;1;0.1;0.0
43;2021-01-10;0;0;320;1;0.1;0.0
43;2021-01-11;137;0;457;1;0.2;0.0
43;2021-01-12;244;1;701;2;0.3;0.0
43;2021-01-13;244;2;945;4;0.4;0.0
43;2021-01-14;294;2;1239;6;0.5;0.0
43;2021-01-15;303;2;1542;8;0.7;0.0
43;2021-01-16;32;0;1574;8;0.7;0.0
43;2021-01-17;0;0;1574;8;0.7;0.0
43;2021-01-18;760;6;2334;14;1.0;0.0
43;2021-01-19;776;5;3110;19;1.4;0.0
43;2021-01-20;519;2;3629;21;1.6;0.0
43;2021-01-21;447;2;4076;23;1.8;0.0
43;2021-01-22;467;7;4543;30;2.0;0.0
43;2021-01-23;1;0;4544;30;2.0;0.0
43;2021-01-24;2;0;4546;30;2.0;0.0
43;2021-01-25;539;0;5085;30;2.2;0.0
43;2021-01-26;614;6;5699;36;2.5;0.0
43;2021-01-27;740;0;6439;36;2.8;0.0
43;2021-01-28;747;31;7186;67;3.2;0.0
43;2021-01-29;722;84;7908;151;3.5;0.1
43;2021-01-30;109;0;8017;151;3.5;0.1
43;2021-01-31;0;0;8017;151;3.5;0.1
43;2021-02-01;403;101;8420;252;3.7;0.1
43;2021-02-02;717;151;9137;403;4.0;0.2
43;2021-02-03;690;44;9827;447;4.3;0.2
43;2021-02-04;525;170;10352;617;4.6;0.3
43;2021-02-05;544;170;10896;787;4.8;0.3
43;2021-02-06;167;19;11063;806;4.9;0.4
43;2021-02-07;0;0;11063;806;4.9;0.4
43;2021-02-08;411;304;11474;1110;5.1;0.5
43;2021-02-09;368;432;11842;1542;5.2;0.7
43;2021-02-10;401;361;12243;1903;5.4;0.8
43;2021-02-11;388;396;12631;2299;5.6;1.0
43;2021-02-12;425;201;13056;2500;5.8;1.1
43;2021-02-13;570;42;13626;2542;6.0;1.1
43;2021-02-14;0;0;13626;2542;6.0;1.1
43;2021-02-15;69;477;13695;3019;6.0;1.3
43;2021-02-16;41;372;13736;3391;6.1;1.5
43;2021-02-17;87;483;13823;3874;6.1;1.7
43;2021-02-18;147;379;13970;4253;6.2;1.9
43;2021-02-19;279;513;14249;4766;6.3;2.1
43;2021-02-20;22;4;14271;4770;6.3;2.1
43;2021-02-21;0;0;14271;4770;6.3;2.1
43;2021-02-22;16;500;14287;5270;6.3;2.3
43;2021-02-23;202;800;14489;6070;6.4;2.7
43;2021-02-24;147;730;14636;6800;6.5;3.0
43;2021-02-25;228;694;14864;7494;6.6;3.3
43;2021-02-26;222;673;15086;8167;6.6;3.6
43;2021-02-27;139;76;15225;8243;6.7;3.6
43;2021-02-28;1;0;15226;8243;6.7;3.6
43;2021-03-01;208;480;15434;8723;6.8;3.8
43;2021-03-02;342;579;15776;9302;7.0;4.1
43;2021-03-03;338;588;16114;9890;7.1;4.4
43;2021-03-04;551;466;16665;10356;7.3;4.6
43;2021-03-05;566;456;17231;10812;7.6;4.8
43;2021-03-06;489;182;17720;10994;7.8;4.8
43;2021-03-07;12;0;17732;10994;7.8;4.8
43;2021-03-08;447;447;18179;11441;8.0;5.0
43;2021-03-09;621;361;18800;11802;8.3;5.2
43;2021-03-10;674;505;19474;12307;8.6;5.4
43;2021-03-11;955;447;20429;12754;9.0;5.6
43;2021-03-12;944;431;21373;13185;9.4;5.8
43;2021-03-13;792;117;22165;13302;9.8;5.9
43;2021-03-14;2;1;22167;13303;9.8;5.9
43;2021-03-15;706;147;22873;13450;10.1;5.9
43;2021-03-16;847;289;23720;13739;10.5;6.1
43;2021-03-17;638;140;24358;13879;10.7;6.1
43;2021-03-18;676;142;25034;14021;11.0;6.2
43;2021-03-19;839;110;25873;14131;11.4;6.2
43;2021-03-20;450;61;26323;14192;11.6;6.3
43;2021-03-21;0;0;26323;14192;11.6;6.3
43;2021-03-22;742;41;27065;14233;11.9;6.3
43;2021-03-23;872;49;27937;14282;12.3;6.3
43;2021-03-24;1174;97;29111;14379;12.8;6.3
43;2021-03-25;1594;162;30705;14541;13.5;6.4
43;2021-03-26;1609;192;32314;14733;14.2;6.5
43;2021-03-27;1449;80;33763;14813;14.9;6.5
43;2021-03-28;420;20;34183;14833;15.1;6.5
43;2021-03-29;1096;171;35279;15004;15.5;6.6
43;2021-03-30;1314;245;36593;15249;16.1;6.7
43;2021-03-31;1306;267;37899;15516;16.7;6.8
43;2021-04-01;1347;344;39246;15860;17.3;7.0
43;2021-04-02;1052;357;40298;16217;17.8;7.1
43;2021-04-03;340;199;40638;16416;17.9;7.2
43;2021-04-04;0;0;40638;16416;17.9;7.2
43;2021-04-05;3;0;40641;16416;17.9;7.2
43;2021-04-06;687;608;41328;17024;18.2;7.5
43;2021-04-07;868;578;42196;17602;18.6;7.8
43;2021-04-08;1086;463;43282;18065;19.1;8.0
43;2021-04-09;1147;663;44429;18728;19.6;8.3
43;2021-04-10;626;265;45055;18993;19.9;8.4
43;2021-04-11;0;0;45055;18993;19.9;8.4
43;2021-04-12;681;650;45736;19643;20.2;8.7
43;2021-04-13;917;727;46653;20370;20.6;9.0
43;2021-04-14;723;672;47376;21042;20.9;9.3
43;2021-04-15;959;702;48335;21744;21.3;9.6
43;2021-04-16;1008;694;49343;22438;21.7;9.9
43;2021-04-17;423;305;49766;22743;21.9;10.0
43;2021-04-18;3;5;49769;22748;21.9;10.0
43;2021-04-19;628;568;50397;23316;22.2;10.3
43;2021-04-20;839;677;51236;23993;22.6;10.6
43;2021-04-21;320;988;51556;24981;22.7;11.0
43;2021-04-22;680;1017;52236;25998;23.0;11.5
43;2021-04-23;401;1103;52637;27101;23.2;11.9
43;2021-04-24;347;1041;52984;28142;23.4;12.4
43;2021-04-25;23;403;53007;28545;23.4;12.6
43;2021-04-26;385;965;53392;29510;23.5;13.0
43;2021-04-27;825;989;54217;30499;23.9;13.4
43;2021-04-28;794;1110;55011;31609;24.2;13.9
43;2021-04-29;1236;1141;56247;32750;24.8;14.4
43;2021-04-30;1199;1070;57446;33820;25.3;14.9
43;2021-05-01;400;27;57846;33847;25.5;14.9
43;2021-05-02;1;0;57847;33847;25.5;14.9
43;2021-05-03;1218;409;59065;34256;26.0;15.1
43;2021-05-04;1237;958;60302;35214;26.6;15.5
43;2021-05-05;1144;849;61446;36063;27.1;15.9
43;2021-05-06;1405;941;62851;37004;27.7;16.3
43;2021-05-07;1089;1173;63940;38177;28.2;16.8
43;2021-05-08;521;136;64461;38313;28.4;16.9
43;2021-05-09;0;2;64461;38315;28.4;16.9
43;2021-05-10;1084;725;65545;39040;28.9;17.2
43;2021-05-11;1553;1010;67098;40050;29.6;17.7
43;2021-05-12;1482;810;68580;40860;30.2;18.0
43;2021-05-13;936;378;69516;41238;30.6;18.2
43;2021-05-14;2204;1111;71720;42349;31.6;18.7
43;2021-05-15;1271;315;72991;42664;32.2;18.8
43;2021-05-16;272;47;73263;42711;32.3;18.8
43;2021-05-17;1625;631;74888;43342;33.0;19.1
43;2021-05-18;1966;676;76854;44018;33.9;19.4
43;2021-05-19;2065;576;78919;44594;34.8;19.7
43;2021-05-20;2338;805;81257;45399;35.8;20.0
43;2021-05-21;2385;709;83642;46108;36.9;20.3
43;2021-05-22;1208;342;84850;46450;37.4;20.5
43;2021-05-23;1;0;84851;46450;37.4;20.5
43;2021-05-24;382;99;85233;46549;37.6;20.5
43;2021-05-25;1407;654;86640;47203;38.2;20.8
43;2021-05-26;1347;559;87987;47762;38.8;21.0
43;2021-05-27;1388;713;89375;48475;39.4;21.4
43;2021-05-28;1348;735;90723;49210;40.0;21.7
43;2021-05-29;1135;604;91858;49814;40.5;22.0
43;2021-05-30;149;17;92007;49831;40.5;22.0
43;2021-05-31;1207;442;93214;50273;41.1;22.2
43;2021-06-01;1281;986;94495;51259;41.6;22.6
43;2021-06-02;1086;700;95581;51959;42.1;22.9
43;2021-06-03;1192;857;96773;52816;42.6;23.3
43;2021-06-04;1351;860;98124;53676;43.2;23.7
43;2021-06-05;823;454;98947;54130;43.6;23.9
43;2021-06-06;10;5;98957;54135;43.6;23.9
43;2021-06-07;748;518;99705;54653;43.9;24.1
43;2021-06-08;664;706;100369;55359;44.2;24.4
43;2021-06-09;538;760;100907;56119;44.5;24.7
43;2021-06-10;807;1120;101714;57239;44.8;25.2
43;2021-06-11;761;1348;102475;58587;45.2;25.8
43;2021-06-12;914;514;103389;59101;45.6;26.0
43;2021-06-13;3;27;103392;59128;45.6;26.1
43;2021-06-14;446;1087;103838;60215;45.8;26.5
43;2021-06-15;629;1195;104467;61410;46.0;27.1
43;2021-06-16;549;974;105016;62384;46.3;27.5
43;2021-06-17;601;1502;105617;63886;46.5;28.2
43;2021-06-18;898;1464;106515;65350;46.9;28.8
43;2021-06-19;447;781;106962;66131;47.1;29.1
43;2021-06-20;0;12;106962;66143;47.1;29.2
43;2021-06-21;424;1307;107386;67450;47.3;29.7
43;2021-06-22;533;1959;107919;69409;47.6;30.6
43;2021-06-23;343;1742;108262;71151;47.7;31.4
43;2021-06-24;511;1494;108773;72645;47.9;32.0
43;2021-06-25;597;2345;109370;74990;48.2;33.0
43;2021-06-26;505;1245;109875;76235;48.4;33.6
43;2021-06-27;10;20;109885;76255;48.4;33.6
43;2021-06-28;341;1784;110226;78039;48.6;34.4
43;2021-06-29;525;2382;110751;80421;48.8;35.4
43;2021-06-30;460;2276;111211;82697;49.0;36.4
43;2021-07-01;473;1910;111684;84607;49.2;37.3
43;2021-07-02;500;1964;112184;86571;49.4;38.2
43;2021-07-03;258;1108;112442;87679;49.6;38.6
43;2021-07-04;1;0;112443;87679;49.6;38.6
43;2021-07-05;526;1202;112969;88881;49.8;39.2
43;2021-07-06;633;1681;113602;90562;50.1;39.9
43;2021-07-07;524;1423;114126;91985;50.3;40.5
43;2021-07-08;837;1417;114963;93402;50.7;41.2
43;2021-07-09;549;1500;115512;94902;50.9;41.8
43;2021-07-10;401;1337;115913;96239;51.1;42.4
43;2021-07-11;23;99;115936;96338;51.1;42.5
43;2021-07-12;604;1685;116540;98023;51.4;43.2
43;2021-07-13;1186;1849;117726;99872;51.9;44.0
43;2021-07-14;848;161;118574;100033;52.3;44.1
43;2021-07-15;1932;1843;120506;101876;53.1;44.9
43;2021-07-16;1752;1616;122258;103492;53.9;45.6
43;2021-07-17;1544;1202;123802;104694;54.6;46.1
43;2021-07-18;4;19;123806;104713;54.6;46.1
43;2021-07-19;1441;1258;125247;105971;55.2;46.7
43;2021-07-20;1895;1451;127142;107422;56.0;47.3
43;2021-07-21;1854;1113;128996;108535;56.9;47.8
43;2021-07-22;2110;1333;131106;109868;57.8;48.4
43;2021-07-23;1619;1325;132725;111193;58.5;49.0
43;2021-07-24;576;1000;133301;112193;58.7;49.4
43;2021-07-25;0;1;133301;112194;58.7;49.4
43;2021-07-26;1643;1072;134944;113266;59.5;49.9
43;2021-07-27;2284;1228;137228;114494;60.5;50.5
43;2021-07-28;1954;1093;139182;115587;61.3;50.9
43;2021-07-29;1986;1019;141168;116606;62.2;51.4
43;2021-07-30;1867;1339;143035;117945;63.0;52.0
43;2021-07-31;706;611;143741;118556;63.3;52.3
43;2021-08-01;13;21;143754;118577;63.4;52.3
43;2021-08-02;1534;970;145288;119547;64.0;52.7
43;2021-08-03;1405;1170;146693;120717;64.7;53.2
43;2021-08-04;1263;1109;147956;121826;65.2;53.7
43;2021-08-05;1254;1285;149210;123111;65.8;54.3
43;2021-08-06;1129;1466;150339;124577;66.3;54.9
43;2021-08-07;758;759;151097;125336;66.6;55.2
43;2021-08-08;5;0;151102;125336;66.6;55.2
43;2021-08-09;822;1636;151924;126972;67.0;56.0
43;2021-08-10;1023;1585;152947;128557;67.4;56.7
43;2021-08-11;680;1340;153627;129897;67.7;57.2
43;2021-08-12;875;1605;154502;131502;68.1;58.0
43;2021-08-13;681;1179;155183;132681;68.4;58.5
43;2021-08-14;364;557;155547;133238;68.6;58.7
43;2021-08-15;5;9;155552;133247;68.6;58.7
43;2021-08-16;686;1675;156238;134922;68.9;59.5
43;2021-08-17;712;1511;156950;136433;69.2;60.1
43;2021-08-18;558;1513;157508;137946;69.4;60.8
43;2021-08-19;641;1614;158149;139560;69.7;61.5
43;2021-08-20;518;1597;158667;141157;69.9;62.2
43;2021-08-21;239;555;158906;141712;70.0;62.5
43;2021-08-22;7;7;158913;141719;70.0;62.5
43;2021-08-23;500;1588;159413;143307;70.3;63.2
43;2021-08-24;518;1398;159931;144705;70.5;63.8
43;2021-08-25;522;1298;160453;146003;70.7;64.3
43;2021-08-26;475;1138;160928;147141;70.9;64.8
43;2021-08-27;529;1360;161457;148501;71.2;65.4
43;2021-08-28;178;499;161635;149000;71.2;65.7
43;2021-08-29;0;1;161635;149001;71.2;65.7
43;2021-08-30;500;1041;162135;150042;71.5;66.1
43;2021-08-31;382;834;162517;150876;71.6;66.5
43;2021-09-01;309;884;162826;151760;71.8;66.9
43;2021-09-02;311;870;163137;152630;71.9;67.3
43;2021-09-03;503;914;163640;153544;72.1;67.7
43;2021-09-04;319;545;163959;154089;72.3;67.9
43;2021-09-05;39;9;163998;154098;72.3;67.9
43;2021-09-06;250;679;164248;154777;72.4;68.2
43;2021-09-07;237;614;164485;155391;72.5;68.5
43;2021-09-08;207;694;164692;156085;72.6;68.8
43;2021-09-09;268;640;164960;156725;72.7;69.1
43;2021-09-10;329;609;165289;157334;72.8;69.3
43;2021-09-11;267;402;165556;157736;73.0;69.5
43;2021-09-12;0;4;165556;157740;73.0;69.5
43;2021-09-13;148;375;165704;158115;73.0;69.7
43;2021-09-14;213;332;165917;158447;73.1;69.8
43;2021-09-15;224;499;166141;158946;73.2;70.1
43;2021-09-16;197;356;166338;159302;73.3;70.2
43;2021-09-17;234;530;166572;159832;73.4;70.4
43;2021-09-18;157;350;166729;160182;73.5;70.6
43;2021-09-19;2;4;166731;160186;73.5;70.6
43;2021-09-20;102;306;166833;160492;73.5;70.7
43;2021-09-21;152;321;166985;160813;73.6;70.9
43;2021-09-22;124;393;167109;161206;73.6;71.0
43;2021-09-23;71;292;167180;161498;73.7;71.2
43;2021-09-24;170;488;167350;161986;73.8;71.4
43;2021-09-25;101;296;167451;162282;73.8;71.5
43;2021-09-26;0;0;167451;162282;73.8;71.5
43;2021-09-27;152;341;167603;162623;73.9;71.7
43;2021-09-28;388;220;167991;162843;74.0;71.8
43;2021-09-29;145;302;168136;163145;74.1;71.9
43;2021-09-30;79;181;168215;163326;74.1;72.0
43;2021-10-01;139;321;168354;163647;74.2;72.1
43;2021-10-02;102;244;168456;163891;74.2;72.2
43;2021-10-03;3;7;168459;163898;74.2;72.2
43;2021-10-04;113;176;168572;164074;74.3;72.3
43;2021-10-05;108;181;168680;164255;74.3;72.4
43;2021-10-06;121;224;168801;164479;74.4;72.5
43;2021-10-07;54;146;168855;164625;74.4;72.6
43;2021-10-08;168;313;169023;164938;74.5;72.7
43;2021-10-09;101;210;169124;165148;74.5;72.8
43;2021-10-10;1;1;169125;165149;74.5;72.8
43;2021-10-11;106;128;169231;165277;74.6;72.8
43;2021-10-12;106;187;169337;165464;74.6;72.9
44;2020-12-27;1;0;1;0;0.0;0.0
44;2020-12-28;3;0;4;0;0.0;0.0
44;2020-12-29;1;0;5;0;0.0;0.0
44;2020-12-30;2;0;7;0;0.0;0.0
44;2020-12-31;1;0;8;0;0.0;0.0
44;2021-01-01;2;1;10;1;0.0;0.0
44;2021-01-02;0;0;10;1;0.0;0.0
44;2021-01-03;4;0;14;1;0.0;0.0
44;2021-01-04;0;0;14;1;0.0;0.0
44;2021-01-05;2;0;16;1;0.0;0.0
44;2021-01-06;20;1;36;2;0.0;0.0
44;2021-01-07;187;0;223;2;0.0;0.0
44;2021-01-08;528;0;751;2;0.1;0.0
44;2021-01-09;473;0;1224;2;0.1;0.0
44;2021-01-10;456;1;1680;3;0.1;0.0
44;2021-01-11;800;1;2480;4;0.2;0.0
44;2021-01-12;910;3;3390;7;0.2;0.0
44;2021-01-13;1086;1;4476;8;0.3;0.0
44;2021-01-14;1116;6;5592;14;0.4;0.0
44;2021-01-15;998;5;6590;19;0.5;0.0
44;2021-01-16;336;3;6926;22;0.5;0.0
44;2021-01-17;328;1;7254;23;0.5;0.0
44;2021-01-18;856;3;8110;26;0.6;0.0
44;2021-01-19;2625;10;10735;36;0.7;0.0
44;2021-01-20;2746;6;13481;42;0.9;0.0
44;2021-01-21;4538;12;18019;54;1.3;0.0
44;2021-01-22;2431;8;20450;62;1.4;0.0
44;2021-01-23;767;1;21217;63;1.5;0.0
44;2021-01-24;120;0;21337;63;1.5;0.0
44;2021-01-25;841;9;22178;72;1.5;0.0
44;2021-01-26;2563;20;24741;92;1.7;0.0
44;2021-01-27;2103;71;26844;163;1.9;0.0
44;2021-01-28;3732;203;30576;366;2.1;0.0
44;2021-01-29;2370;488;32946;854;2.3;0.1
44;2021-01-30;628;211;33574;1065;2.3;0.1
44;2021-01-31;14;210;33588;1275;2.3;0.1
44;2021-02-01;594;544;34182;1819;2.4;0.1
44;2021-02-02;879;757;35061;2576;2.4;0.2
44;2021-02-03;888;889;35949;3465;2.5;0.2
44;2021-02-04;938;724;36887;4189;2.6;0.3
44;2021-02-05;897;636;37784;4825;2.6;0.3
44;2021-02-06;471;270;38255;5095;2.7;0.4
44;2021-02-07;72;203;38327;5298;2.7;0.4
44;2021-02-08;522;460;38849;5758;2.7;0.4
44;2021-02-09;993;1253;39842;7011;2.8;0.5
44;2021-02-10;1144;1307;40986;8318;2.9;0.6
44;2021-02-11;2292;3075;43278;11393;3.0;0.8
44;2021-02-12;1662;1776;44940;13169;3.1;0.9
44;2021-02-13;433;506;45373;13675;3.2;1.0
44;2021-02-14;10;176;45383;13851;3.2;1.0
44;2021-02-15;505;1097;45888;14948;3.2;1.0
44;2021-02-16;1440;2558;47328;17506;3.3;1.2
44;2021-02-17;1106;2167;48434;19673;3.4;1.4
44;2021-02-18;1959;3717;50393;23390;3.5;1.6
44;2021-02-19;1580;2532;51973;25922;3.6;1.8
44;2021-02-20;409;642;52382;26564;3.6;1.8
44;2021-02-21;6;177;52388;26741;3.6;1.9
44;2021-02-22;717;834;53105;27575;3.7;1.9
44;2021-02-23;1248;1126;54353;28701;3.8;2.0
44;2021-02-24;1238;1099;55591;29800;3.9;2.1
44;2021-02-25;2446;1086;58037;30886;4.0;2.1
44;2021-02-26;2291;962;60328;31848;4.2;2.2
44;2021-02-27;975;451;61303;32299;4.3;2.2
44;2021-02-28;7;32;61310;32331;4.3;2.2
44;2021-03-01;988;563;62298;32894;4.3;2.3
44;2021-03-02;1814;1059;64112;33953;4.5;2.4
44;2021-03-03;1859;1137;65971;35090;4.6;2.4
44;2021-03-04;2882;1588;68853;36678;4.8;2.6
44;2021-03-05;3481;1338;72334;38016;5.0;2.6
44;2021-03-06;2507;497;74841;38513;5.2;2.7
44;2021-03-07;988;90;75829;38603;5.3;2.7
44;2021-03-08;1783;624;77612;39227;5.4;2.7
44;2021-03-09;3352;1150;80964;40377;5.6;2.8
44;2021-03-10;3079;1120;84043;41497;5.8;2.9
44;2021-03-11;4439;1794;88482;43291;6.2;3.0
44;2021-03-12;5893;1321;94375;44612;6.6;3.1
44;2021-03-13;3629;305;98004;44917;6.8;3.1
44;2021-03-14;431;64;98435;44981;6.8;3.1
44;2021-03-15;2687;378;101122;45359;7.0;3.2
44;2021-03-16;2149;631;103271;45990;7.2;3.2
44;2021-03-17;1960;682;105231;46672;7.3;3.2
44;2021-03-18;2168;641;107399;47313;7.5;3.3
44;2021-03-19;3784;371;111183;47684;7.7;3.3
44;2021-03-20;3213;302;114396;47986;8.0;3.3
44;2021-03-21;914;22;115310;48008;8.0;3.3
44;2021-03-22;2460;445;117770;48453;8.2;3.4
44;2021-03-23;3960;708;121730;49161;8.5;3.4
44;2021-03-24;4303;636;126033;49797;8.8;3.5
44;2021-03-25;5636;946;131669;50743;9.2;3.5
44;2021-03-26;6510;772;138179;51515;9.6;3.6
44;2021-03-27;3216;436;141395;51951;9.8;3.6
44;2021-03-28;1244;45;142639;51996;9.9;3.6
44;2021-03-29;3120;792;145759;52788;10.1;3.7
44;2021-03-30;5138;1121;150897;53909;10.5;3.8
44;2021-03-31;4612;1317;155509;55226;10.8;3.8
44;2021-04-01;6140;1023;161649;56249;11.2;3.9
44;2021-04-02;5795;965;167444;57214;11.7;4.0
44;2021-04-03;2434;655;169878;57869;11.8;4.0
44;2021-04-04;667;23;170545;57892;11.9;4.0
44;2021-04-05;692;288;171237;58180;11.9;4.0
44;2021-04-06;4216;1390;175453;59570;12.2;4.1
44;2021-04-07;5076;1654;180529;61224;12.6;4.3
44;2021-04-08;7182;1678;187711;62902;13.1;4.4
44;2021-04-09;10066;1834;197777;64736;13.8;4.5
44;2021-04-10;4563;1460;202340;66196;14.1;4.6
44;2021-04-11;2148;431;204488;66627;14.2;4.6
44;2021-04-12;5464;1594;209952;68221;14.6;4.7
44;2021-04-13;6728;2265;216680;70486;15.1;4.9
44;2021-04-14;5911;2242;222591;72728;15.5;5.1
44;2021-04-15;6709;2223;229300;74951;16.0;5.2
44;2021-04-16;7785;2055;237085;77006;16.5;5.4
44;2021-04-17;4300;1391;241385;78397;16.8;5.5
44;2021-04-18;2253;822;243638;79219;17.0;5.5
44;2021-04-19;5042;1912;248680;81131;17.3;5.6
44;2021-04-20;6282;2649;254962;83780;17.7;5.8
44;2021-04-21;6006;2794;260968;86574;18.2;6.0
44;2021-04-22;6958;2518;267926;89092;18.6;6.2
44;2021-04-23;7335;3190;275261;92282;19.2;6.4
44;2021-04-24;3971;2057;279232;94339;19.4;6.6
44;2021-04-25;2076;1060;281308;95399;19.6;6.6
44;2021-04-26;5648;2765;286956;98164;20.0;6.8
44;2021-04-27;7415;4105;294371;102269;20.5;7.1
44;2021-04-28;7608;3793;301979;106062;21.0;7.4
44;2021-04-29;8964;4286;310943;110348;21.6;7.7
44;2021-04-30;9570;4714;320513;115062;22.3;8.0
44;2021-05-01;2848;928;323361;115990;22.5;8.1
44;2021-05-02;1903;618;325264;116608;22.6;8.1
44;2021-05-03;5548;4084;330812;120692;23.0;8.4
44;2021-05-04;6326;5136;337138;125828;23.5;8.8
44;2021-05-05;6071;4635;343209;130463;23.9;9.1
44;2021-05-06;7255;4884;350464;135347;24.4;9.4
44;2021-05-07;7451;5726;357915;141073;24.9;9.8
44;2021-05-08;2583;1269;360498;142342;25.1;9.9
44;2021-05-09;1801;1812;362299;144154;25.2;10.0
44;2021-05-10;6573;5778;368872;149932;25.7;10.4
44;2021-05-11;7787;6280;376659;156212;26.2;10.9
44;2021-05-12;8195;5723;384854;161935;26.8;11.3
44;2021-05-13;5304;1194;390158;163129;27.1;11.4
44;2021-05-14;7587;3974;397745;167103;27.7;11.6
44;2021-05-15;5008;2234;402753;169337;28.0;11.8
44;2021-05-16;2791;741;405544;170078;28.2;11.8
44;2021-05-17;6743;5148;412287;175226;28.7;12.2
44;2021-05-18;7962;5235;420249;180461;29.2;12.6
44;2021-05-19;8165;4283;428414;184744;29.8;12.9
44;2021-05-20;8367;4650;436781;189394;30.4;13.2
44;2021-05-21;8845;5217;445626;194611;31.0;13.5
44;2021-05-22;5097;2232;450723;196843;31.4;13.7
44;2021-05-23;1759;825;452482;197668;31.5;13.8
44;2021-05-24;4884;1616;457366;199284;31.8;13.9
44;2021-05-25;7740;5552;465106;204836;32.4;14.3
44;2021-05-26;8181;5044;473287;209880;32.9;14.6
44;2021-05-27;9659;5358;482946;215238;33.6;15.0
44;2021-05-28;9182;6912;492128;222150;34.2;15.5
44;2021-05-29;5883;3333;498011;225483;34.7;15.7
44;2021-05-30;1775;705;499786;226188;34.8;15.7
44;2021-05-31;8059;6183;507845;232371;35.3;16.2
44;2021-06-01;9905;6571;517750;238942;36.0;16.6
44;2021-06-02;9534;5701;527284;244643;36.7;17.0
44;2021-06-03;10853;5888;538137;250531;37.4;17.4
44;2021-06-04;9959;8075;548096;258606;38.1;18.0
44;2021-06-05;5780;4344;553876;262950;38.5;18.3
44;2021-06-06;2361;1130;556237;264080;38.7;18.4
44;2021-06-07;9549;6936;565786;271016;39.4;18.9
44;2021-06-08;10907;7509;576693;278525;40.1;19.4
44;2021-06-09;10552;6329;587245;284854;40.9;19.8
44;2021-06-10;11424;6043;598669;290897;41.7;20.2
44;2021-06-11;11959;8647;610628;299544;42.5;20.8
44;2021-06-12;7761;4096;618389;303640;43.0;21.1
44;2021-06-13;2792;1004;621181;304644;43.2;21.2
44;2021-06-14;8761;8414;629942;313058;43.8;21.8
44;2021-06-15;11706;8259;641648;321317;44.6;22.4
44;2021-06-16;10976;7661;652624;328978;45.4;22.9
44;2021-06-17;11726;8685;664350;337663;46.2;23.5
44;2021-06-18;10900;10116;675250;347779;47.0;24.2
44;2021-06-19;5883;4324;681133;352103;47.4;24.5
44;2021-06-20;2535;1339;683668;353442;47.6;24.6
44;2021-06-21;7349;10015;691017;363457;48.1;25.3
44;2021-06-22;8469;10627;699486;374084;48.7;26.0
44;2021-06-23;8554;9139;708040;383223;49.3;26.7
44;2021-06-24;9122;8569;717162;391792;49.9;27.3
44;2021-06-25;7643;10817;724805;402609;50.4;28.0
44;2021-06-26;2958;6470;727763;409079;50.6;28.5
44;2021-06-27;816;2403;728579;411482;50.7;28.6
44;2021-06-28;5229;10056;733808;421538;51.1;29.3
44;2021-06-29;6179;12086;739987;433624;51.5;30.2
44;2021-06-30;6183;10448;746170;444072;51.9;30.9
44;2021-07-01;6930;10483;753100;454555;52.4;31.6
44;2021-07-02;6693;12551;759793;467106;52.9;32.5
44;2021-07-03;2584;7004;762377;474110;53.0;33.0
44;2021-07-04;995;2235;763372;476345;53.1;33.1
44;2021-07-05;5315;11872;768687;488217;53.5;34.0
44;2021-07-06;6058;12599;774745;500816;53.9;34.8
44;2021-07-07;6513;11101;781258;511917;54.4;35.6
44;2021-07-08;7391;11959;788649;523876;54.9;36.5
44;2021-07-09;6259;14253;794908;538129;55.3;37.4
44;2021-07-10;2446;7007;797354;545136;55.5;37.9
44;2021-07-11;731;2262;798085;547398;55.5;38.1
44;2021-07-12;4395;14053;802480;561451;55.8;39.1
44;2021-07-13;5767;14850;808247;576301;56.2;40.1
44;2021-07-14;3688;5810;811935;582111;56.5;40.5
44;2021-07-15;7228;14291;819163;596402;57.0;41.5
44;2021-07-16;8234;14994;827397;611396;57.6;42.5
44;2021-07-17;3371;7578;830768;618974;57.8;43.1
44;2021-07-18;1433;2548;832201;621522;57.9;43.2
44;2021-07-19;4870;14697;837071;636219;58.2;44.3
44;2021-07-20;6034;15672;843105;651891;58.7;45.4
44;2021-07-21;5843;13987;848948;665878;59.1;46.3
44;2021-07-22;6722;13750;855670;679628;59.5;47.3
44;2021-07-23;6160;15636;861830;695264;60.0;48.4
44;2021-07-24;2856;8718;864686;703982;60.2;49.0
44;2021-07-25;945;3088;865631;707070;60.2;49.2
44;2021-07-26;6082;12686;871713;719756;60.7;50.1
44;2021-07-27;9714;12191;881427;731947;61.3;50.9
44;2021-07-28;9261;10846;890688;742793;62.0;51.7
44;2021-07-29;10287;10848;900975;753641;62.7;52.4
44;2021-07-30;9183;10927;910158;764568;63.3;53.2
44;2021-07-31;4791;5652;914949;770220;63.7;53.6
44;2021-08-01;2575;1409;917524;771629;63.8;53.7
44;2021-08-02;6632;9477;924156;781106;64.3;54.4
44;2021-08-03;8467;8537;932623;789643;64.9;54.9
44;2021-08-04;9128;6987;941751;796630;65.5;55.4
44;2021-08-05;11570;7524;953321;804154;66.3;56.0
44;2021-08-06;9700;8202;963021;812356;67.0;56.5
44;2021-08-07;4610;3704;967631;816060;67.3;56.8
44;2021-08-08;2540;1727;970171;817787;67.5;56.9
44;2021-08-09;8907;7980;979078;825767;68.1;57.5
44;2021-08-10;10272;7625;989350;833392;68.8;58.0
44;2021-08-11;10424;6789;999774;840181;69.6;58.5
44;2021-08-12;10421;7347;1010195;847528;70.3;59.0
44;2021-08-13;8467;6167;1018662;853695;70.9;59.4
44;2021-08-14;3233;3222;1021895;856917;71.1;59.6
44;2021-08-15;716;933;1022611;857850;71.2;59.7
44;2021-08-16;5854;8307;1028465;866157;71.6;60.3
44;2021-08-17;5607;8179;1034072;874336;72.0;60.8
44;2021-08-18;4824;7621;1038896;881957;72.3;61.4
44;2021-08-19;4976;8351;1043872;890308;72.6;62.0
44;2021-08-20;4505;8922;1048377;899230;72.9;62.6
44;2021-08-21;1960;4612;1050337;903842;73.1;62.9
44;2021-08-22;712;2441;1051049;906283;73.1;63.1
44;2021-08-23;3678;9434;1054727;915717;73.4;63.7
44;2021-08-24;3644;8699;1058371;924416;73.6;64.3
44;2021-08-25;3147;8587;1061518;933003;73.9;64.9
44;2021-08-26;2969;10339;1064487;943342;74.1;65.6
44;2021-08-27;3084;10452;1067571;953794;74.3;66.4
44;2021-08-28;1386;5849;1068957;959643;74.4;66.8
44;2021-08-29;565;2706;1069522;962349;74.4;67.0
44;2021-08-30;2667;10874;1072189;973223;74.6;67.7
44;2021-08-31;2827;10971;1075016;984194;74.8;68.5
44;2021-09-01;2733;9512;1077749;993706;75.0;69.1
44;2021-09-02;2295;8289;1080044;1001995;75.2;69.7
44;2021-09-03;2174;9700;1082218;1011695;75.3;70.4
44;2021-09-04;1455;5827;1083673;1017522;75.4;70.8
44;2021-09-05;442;1318;1084115;1018840;75.4;70.9
44;2021-09-06;1659;6053;1085774;1024893;75.6;71.3
44;2021-09-07;1488;5206;1087262;1030099;75.7;71.7
44;2021-09-08;1915;6052;1089177;1036151;75.8;72.1
44;2021-09-09;1520;4536;1090697;1040687;75.9;72.4
44;2021-09-10;1846;5891;1092543;1046578;76.0;72.8
44;2021-09-11;1090;3940;1093633;1050518;76.1;73.1
44;2021-09-12;238;813;1093871;1051331;76.1;73.2
44;2021-09-13;1204;3573;1095075;1054904;76.2;73.4
44;2021-09-14;1124;3299;1096199;1058203;76.3;73.6
44;2021-09-15;1452;4489;1097651;1062692;76.4;73.9
44;2021-09-16;993;2381;1098644;1065073;76.4;74.1
44;2021-09-17;1264;3851;1099908;1068924;76.5;74.4
44;2021-09-18;779;3131;1100687;1072055;76.6;74.6
44;2021-09-19;217;703;1100904;1072758;76.6;74.6
44;2021-09-20;925;2206;1101829;1074964;76.7;74.8
44;2021-09-21;752;1869;1102581;1076833;76.7;74.9
44;2021-09-22;940;3547;1103521;1080380;76.8;75.2
44;2021-09-23;832;1933;1104353;1082313;76.8;75.3
44;2021-09-24;1106;3000;1105459;1085313;76.9;75.5
44;2021-09-25;499;2292;1105958;1087605;77.0;75.7
44;2021-09-26;185;487;1106143;1088092;77.0;75.7
44;2021-09-27;770;1788;1106913;1089880;77.0;75.8
44;2021-09-28;659;1679;1107572;1091559;77.1;76.0
44;2021-09-29;965;2509;1108537;1094068;77.1;76.1
44;2021-09-30;724;1519;1109261;1095587;77.2;76.2
44;2021-10-01;919;2275;1110180;1097862;77.2;76.4
44;2021-10-02;476;1321;1110656;1099183;77.3;76.5
44;2021-10-03;219;362;1110875;1099545;77.3;76.5
44;2021-10-04;504;963;1111379;1100508;77.3;76.6
44;2021-10-05;463;967;1111842;1101475;77.4;76.6
44;2021-10-06;718;1530;1112560;1103005;77.4;76.8
44;2021-10-07;582;1071;1113142;1104076;77.5;76.8
44;2021-10-08;849;1552;1113991;1105628;77.5;76.9
44;2021-10-09;415;961;1114406;1106589;77.5;77.0
44;2021-10-10;110;228;1114516;1106817;77.6;77.0
44;2021-10-11;522;998;1115038;1107815;77.6;77.1
44;2021-10-12;469;830;1115507;1108645;77.6;77.1
45;2020-12-27;0;0;0;0;0.0;0.0
45;2020-12-28;1;0;1;0;0.0;0.0
45;2020-12-29;0;0;1;0;0.0;0.0
45;2020-12-30;0;0;1;0;0.0;0.0
45;2020-12-31;1;0;2;0;0.0;0.0
45;2021-01-01;0;0;2;0;0.0;0.0
45;2021-01-02;0;0;2;0;0.0;0.0
45;2021-01-03;0;0;2;0;0.0;0.0
45;2021-01-04;0;0;2;0;0.0;0.0
45;2021-01-05;76;0;78;0;0.0;0.0
45;2021-01-06;68;0;146;0;0.0;0.0
45;2021-01-07;216;1;362;1;0.1;0.0
45;2021-01-08;199;1;561;2;0.1;0.0
45;2021-01-09;42;0;603;2;0.1;0.0
45;2021-01-10;23;0;626;2;0.1;0.0
45;2021-01-11;254;0;880;2;0.1;0.0
45;2021-01-12;680;3;1560;5;0.2;0.0
45;2021-01-13;496;2;2056;7;0.3;0.0
45;2021-01-14;494;40;2550;47;0.4;0.0
45;2021-01-15;391;3;2941;50;0.4;0.0
45;2021-01-16;39;1;2980;51;0.4;0.0
45;2021-01-17;24;0;3004;51;0.4;0.0
45;2021-01-18;816;2;3820;53;0.6;0.0
45;2021-01-19;1197;8;5017;61;0.7;0.0
45;2021-01-20;2119;13;7136;74;1.0;0.0
45;2021-01-21;2521;7;9657;81;1.4;0.0
45;2021-01-22;1408;7;11065;88;1.6;0.0
45;2021-01-23;124;0;11189;88;1.6;0.0
45;2021-01-24;39;0;11228;88;1.6;0.0
45;2021-01-25;557;3;11785;91;1.7;0.0
45;2021-01-26;870;19;12655;110;1.9;0.0
45;2021-01-27;650;45;13305;155;1.9;0.0
45;2021-01-28;881;212;14186;367;2.1;0.1
45;2021-01-29;578;124;14764;491;2.2;0.1
45;2021-01-30;40;41;14804;532;2.2;0.1
45;2021-01-31;37;23;14841;555;2.2;0.1
45;2021-02-01;461;205;15302;760;2.2;0.1
45;2021-02-02;761;467;16063;1227;2.4;0.2
45;2021-02-03;773;479;16836;1706;2.5;0.2
45;2021-02-04;715;274;17551;1980;2.6;0.3
45;2021-02-05;418;152;17969;2132;2.6;0.3
45;2021-02-06;39;29;18008;2161;2.6;0.3
45;2021-02-07;7;31;18015;2192;2.6;0.3
45;2021-02-08;455;194;18470;2386;2.7;0.3
45;2021-02-09;1006;411;19476;2797;2.9;0.4
45;2021-02-10;1280;811;20756;3608;3.0;0.5
45;2021-02-11;1385;1527;22141;5135;3.2;0.8
45;2021-02-12;1052;1140;23193;6275;3.4;0.9
45;2021-02-13;85;158;23278;6433;3.4;0.9
45;2021-02-14;40;11;23318;6444;3.4;0.9
45;2021-02-15;524;607;23842;7051;3.5;1.0
45;2021-02-16;758;933;24600;7984;3.6;1.2
45;2021-02-17;642;1046;25242;9030;3.7;1.3
45;2021-02-18;842;849;26084;9879;3.8;1.4
45;2021-02-19;827;761;26911;10640;3.9;1.6
45;2021-02-20;59;94;26970;10734;3.9;1.6
45;2021-02-21;17;44;26987;10778;4.0;1.6
45;2021-02-22;409;632;27396;11410;4.0;1.7
45;2021-02-23;816;790;28212;12200;4.1;1.8
45;2021-02-24;655;917;28867;13117;4.2;1.9
45;2021-02-25;963;781;29830;13898;4.4;2.0
45;2021-02-26;1044;684;30874;14582;4.5;2.1
45;2021-02-27;291;52;31165;14634;4.6;2.1
45;2021-02-28;28;5;31193;14639;4.6;2.1
45;2021-03-01;536;336;31729;14975;4.6;2.2
45;2021-03-02;668;726;32397;15701;4.7;2.3
45;2021-03-03;981;898;33378;16599;4.9;2.4
45;2021-03-04;1108;995;34486;17594;5.1;2.6
45;2021-03-05;1444;875;35930;18469;5.3;2.7
45;2021-03-06;2021;141;37951;18610;5.6;2.7
45;2021-03-07;143;59;38094;18669;5.6;2.7
45;2021-03-08;753;849;38847;19518;5.7;2.9
45;2021-03-09;1256;720;40103;20238;5.9;3.0
45;2021-03-10;1591;906;41694;21144;6.1;3.1
45;2021-03-11;1722;758;43416;21902;6.4;3.2
45;2021-03-12;2072;615;45488;22517;6.7;3.3
45;2021-03-13;988;48;46476;22565;6.8;3.3
45;2021-03-14;24;43;46500;22608;6.8;3.3
45;2021-03-15;810;597;47310;23205;6.9;3.4
45;2021-03-16;942;839;48252;24044;7.1;3.5
45;2021-03-17;1054;689;49306;24733;7.2;3.6
45;2021-03-18;997;585;50303;25318;7.4;3.7
45;2021-03-19;1619;431;51922;25749;7.6;3.8
45;2021-03-20;498;82;52420;25831;7.7;3.8
45;2021-03-21;20;35;52440;25866;7.7;3.8
45;2021-03-22;914;533;53354;26399;7.8;3.9
45;2021-03-23;1985;731;55339;27130;8.1;4.0
45;2021-03-24;1896;556;57235;27686;8.4;4.1
45;2021-03-25;2983;458;60218;28144;8.8;4.1
45;2021-03-26;3390;489;63608;28633;9.3;4.2
45;2021-03-27;1796;126;65404;28759;9.6;4.2
45;2021-03-28;89;40;65493;28799;9.6;4.2
45;2021-03-29;1531;543;67024;29342;9.8;4.3
45;2021-03-30;2785;791;69809;30133;10.2;4.4
45;2021-03-31;2135;586;71944;30719;10.5;4.5
45;2021-04-01;2968;569;74912;31288;11.0;4.6
45;2021-04-02;2827;522;77739;31810;11.4;4.7
45;2021-04-03;810;73;78549;31883;11.5;4.7
45;2021-04-04;113;33;78662;31916;11.5;4.7
45;2021-04-05;15;2;78677;31918;11.5;4.7
45;2021-04-06;1735;798;80412;32716;11.8;4.8
45;2021-04-07;1775;1118;82187;33834;12.0;5.0
45;2021-04-08;2772;1024;84959;34858;12.4;5.1
45;2021-04-09;3676;650;88635;35508;13.0;5.2
45;2021-04-10;2323;120;90958;35628;13.3;5.2
45;2021-04-11;153;25;91111;35653;13.3;5.2
45;2021-04-12;2606;679;93717;36332;13.7;5.3
45;2021-04-13;3848;1096;97565;37428;14.3;5.5
45;2021-04-14;2929;1225;100494;38653;14.7;5.7
45;2021-04-15;3518;1044;104012;39697;15.2;5.8
45;2021-04-16;3775;693;107787;40390;15.8;5.9
45;2021-04-17;1614;116;109401;40506;16.0;5.9
45;2021-04-18;200;43;109601;40549;16.0;5.9
45;2021-04-19;1938;946;111539;41495;16.3;6.1
45;2021-04-20;3074;1701;114613;43196;16.8;6.3
45;2021-04-21;2726;1310;117339;44506;17.2;6.5
45;2021-04-22;3420;1845;120759;46351;17.7;6.8
45;2021-04-23;3278;1788;124037;48139;18.2;7.0
45;2021-04-24;2023;870;126060;49009;18.5;7.2
45;2021-04-25;291;87;126351;49096;18.5;7.2
45;2021-04-26;2229;1166;128580;50262;18.8;7.4
45;2021-04-27;3351;2354;131931;52616;19.3;7.7
45;2021-04-28;2801;1947;134732;54563;19.7;8.0
45;2021-04-29;3854;2346;138586;56909;20.3;8.3
45;2021-04-30;4391;1816;142977;58725;20.9;8.6
45;2021-05-01;451;62;143428;58787;21.0;8.6
45;2021-05-02;627;122;144055;58909;21.1;8.6
45;2021-05-03;2821;994;146876;59903;21.5;8.8
45;2021-05-04;3157;2351;150033;62254;22.0;9.1
45;2021-05-05;2715;2164;152748;64418;22.4;9.4
45;2021-05-06;3330;2543;156078;66961;22.9;9.8
45;2021-05-07;2871;3199;158949;70160;23.3;10.3
45;2021-05-08;613;251;159562;70411;23.4;10.3
45;2021-05-09;1498;133;161060;70544;23.6;10.3
45;2021-05-10;4139;2982;165199;73526;24.2;10.8
45;2021-05-11;5030;2975;170229;76501;24.9;11.2
45;2021-05-12;6078;2786;176307;79287;25.8;11.6
45;2021-05-13;2449;598;178756;79885;26.2;11.7
45;2021-05-14;4965;1633;183721;81518;26.9;11.9
45;2021-05-15;4066;618;187787;82136;27.5;12.0
45;2021-05-16;289;33;188076;82169;27.5;12.0
45;2021-05-17;3359;1539;191435;83708;28.0;12.3
45;2021-05-18;5117;1682;196552;85390;28.8;12.5
45;2021-05-19;4494;2064;201046;87454;29.4;12.8
45;2021-05-20;5267;2141;206313;89595;30.2;13.1
45;2021-05-21;5141;2226;211454;91821;31.0;13.4
45;2021-05-22;3042;632;214496;92453;31.4;13.5
45;2021-05-23;15;94;214511;92547;31.4;13.6
45;2021-05-24;2826;216;217337;92763;31.8;13.6
45;2021-05-25;4961;3034;222298;95797;32.6;14.0
45;2021-05-26;5106;2338;227404;98135;33.3;14.4
45;2021-05-27;5306;3237;232710;101372;34.1;14.8
45;2021-05-28;5665;3593;238375;104965;34.9;15.4
45;2021-05-29;3671;1290;242046;106255;35.4;15.6
45;2021-05-30;33;182;242079;106437;35.4;15.6
45;2021-05-31;4331;2520;246410;108957;36.1;16.0
45;2021-06-01;6090;3007;252500;111964;37.0;16.4
45;2021-06-02;4937;3108;257437;115072;37.7;16.9
45;2021-06-03;5615;3207;263052;118279;38.5;17.3
45;2021-06-04;5895;3186;268947;121465;39.4;17.8
45;2021-06-05;2035;1338;270982;122803;39.7;18.0
45;2021-06-06;88;198;271070;123001;39.7;18.0
45;2021-06-07;4081;2724;275151;125725;40.3;18.4
45;2021-06-08;4646;4080;279797;129805;41.0;19.0
45;2021-06-09;4356;3345;284153;133150;41.6;19.5
45;2021-06-10;4646;2687;288799;135837;42.3;19.9
45;2021-06-11;4121;3669;292920;139506;42.9;20.4
45;2021-06-12;2440;1507;295360;141013;43.3;20.6
45;2021-06-13;21;424;295381;141437;43.3;20.7
45;2021-06-14;3142;4157;298523;145594;43.7;21.3
45;2021-06-15;3388;4325;301911;149919;44.2;22.0
45;2021-06-16;3908;3457;305819;153376;44.8;22.5
45;2021-06-17;3522;3538;309341;156914;45.3;23.0
45;2021-06-18;3799;5028;313140;161942;45.9;23.7
45;2021-06-19;2393;1761;315533;163703;46.2;24.0
45;2021-06-20;48;142;315581;163845;46.2;24.0
45;2021-06-21;2164;5851;317745;169696;46.5;24.8
45;2021-06-22;2417;6530;320162;176226;46.9;25.8
45;2021-06-23;2282;5600;322444;181826;47.2;26.6
45;2021-06-24;2137;3531;324581;185357;47.5;27.1
45;2021-06-25;2444;6446;327025;191803;47.9;28.1
45;2021-06-26;1948;3094;328973;194897;48.2;28.5
45;2021-06-27;53;138;329026;195035;48.2;28.6
45;2021-06-28;2083;4835;331109;199870;48.5;29.3
45;2021-06-29;2847;6817;333956;206687;48.9;30.3
45;2021-06-30;2888;5854;336844;212541;49.3;31.1
45;2021-07-01;2398;5039;339242;217580;49.7;31.9
45;2021-07-02;2378;6284;341620;223864;50.0;32.8
45;2021-07-03;754;2540;342374;226404;50.1;33.2
45;2021-07-04;6;12;342380;226416;50.1;33.2
45;2021-07-05;2143;4992;344523;231408;50.5;33.9
45;2021-07-06;2806;6776;347329;238184;50.9;34.9
45;2021-07-07;2447;6064;349776;244248;51.2;35.8
45;2021-07-08;2827;5377;352603;249625;51.6;36.6
45;2021-07-09;2158;6986;354761;256611;51.9;37.6
45;2021-07-10;1552;3862;356313;260473;52.2;38.1
45;2021-07-11;24;31;356337;260504;52.2;38.1
45;2021-07-12;1591;5996;357928;266500;52.4;39.0
45;2021-07-13;3042;8236;360970;274736;52.9;40.2
45;2021-07-14;1480;1520;362450;276256;53.1;40.5
45;2021-07-15;3734;7291;366184;283547;53.6;41.5
45;2021-07-16;3255;7447;369439;290994;54.1;42.6
45;2021-07-17;1285;2332;370724;293326;54.3;43.0
45;2021-07-18;15;19;370739;293345;54.3;43.0
45;2021-07-19;1870;5936;372609;299281;54.6;43.8
45;2021-07-20;4756;6904;377365;306185;55.3;44.8
45;2021-07-21;5176;5480;382541;311665;56.0;45.6
45;2021-07-22;6179;4904;388720;316569;56.9;46.4
45;2021-07-23;4260;5481;392980;322050;57.5;47.2
45;2021-07-24;1864;2825;394844;324875;57.8;47.6
45;2021-07-25;5;14;394849;324889;57.8;47.6
45;2021-07-26;2913;4985;397762;329874;58.2;48.3
45;2021-07-27;5464;5084;403226;334958;59.0;49.1
45;2021-07-28;4989;4181;408215;339139;59.8;49.7
45;2021-07-29;5280;3257;413495;342396;60.6;50.1
45;2021-07-30;4762;4708;418257;347104;61.2;50.8
45;2021-07-31;849;1950;419106;349054;61.4;51.1
45;2021-08-01;2;4;419108;349058;61.4;51.1
45;2021-08-02;3639;3245;422747;352303;61.9;51.6
45;2021-08-03;4878;3011;427625;355314;62.6;52.0
45;2021-08-04;3744;2235;431369;357549;63.2;52.4
45;2021-08-05;3327;2641;434696;360190;63.7;52.7
45;2021-08-06;3747;3271;438443;363461;64.2;53.2
45;2021-08-07;1680;1050;440123;364511;64.5;53.4
45;2021-08-08;9;18;440132;364529;64.5;53.4
45;2021-08-09;2627;3015;442759;367544;64.8;53.8
45;2021-08-10;3517;3808;446276;371352;65.4;54.4
45;2021-08-11;2701;3721;448977;375073;65.7;54.9
45;2021-08-12;2093;3430;451070;378503;66.1;55.4
45;2021-08-13;1743;4224;452813;382727;66.3;56.0
45;2021-08-14;681;956;453494;383683;66.4;56.2
45;2021-08-15;62;31;453556;383714;66.4;56.2
45;2021-08-16;1159;2319;454715;386033;66.6;56.5
45;2021-08-17;1858;3448;456573;389481;66.9;57.0
45;2021-08-18;1782;4050;458355;393531;67.1;57.6
45;2021-08-19;1445;4268;459800;397799;67.3;58.3
45;2021-08-20;1424;3681;461224;401480;67.5;58.8
45;2021-08-21;905;1154;462129;402634;67.7;59.0
45;2021-08-22;4;8;462133;402642;67.7;59.0
45;2021-08-23;1333;4245;463466;406887;67.9;59.6
45;2021-08-24;1736;4522;465202;411409;68.1;60.2
45;2021-08-25;1585;3726;466787;415135;68.4;60.8
45;2021-08-26;1010;3450;467797;418585;68.5;61.3
45;2021-08-27;1431;4982;469228;423567;68.7;62.0
45;2021-08-28;878;2029;470106;425596;68.8;62.3
45;2021-08-29;100;38;470206;425634;68.9;62.3
45;2021-08-30;1222;4040;471428;429674;69.0;62.9
45;2021-08-31;1077;4391;472505;434065;69.2;63.6
45;2021-09-01;1105;3384;473610;437449;69.4;64.1
45;2021-09-02;925;3116;474535;440565;69.5;64.5
45;2021-09-03;1090;3595;475625;444160;69.6;65.0
45;2021-09-04;495;1261;476120;445421;69.7;65.2
45;2021-09-05;1;16;476121;445437;69.7;65.2
45;2021-09-06;885;2361;477006;447798;69.9;65.6
45;2021-09-07;712;1725;477718;449523;70.0;65.8
45;2021-09-08;859;2218;478577;451741;70.1;66.2
45;2021-09-09;799;1443;479376;453184;70.2;66.4
45;2021-09-10;787;1607;480163;454791;70.3;66.6
45;2021-09-11;442;1520;480605;456311;70.4;66.8
45;2021-09-12;372;161;480977;456472;70.4;66.8
45;2021-09-13;441;972;481418;457444;70.5;67.0
45;2021-09-14;758;1439;482176;458883;70.6;67.2
45;2021-09-15;800;1829;482976;460712;70.7;67.5
45;2021-09-16;803;962;483779;461674;70.8;67.6
45;2021-09-17;766;1655;484545;463329;71.0;67.8
45;2021-09-18;483;991;485028;464320;71.0;68.0
45;2021-09-19;2;29;485030;464349;71.0;68.0
45;2021-09-20;412;979;485442;465328;71.1;68.1
45;2021-09-21;448;749;485890;466077;71.2;68.3
45;2021-09-22;440;1702;486330;467779;71.2;68.5
45;2021-09-23;528;840;486858;468619;71.3;68.6
45;2021-09-24;579;1375;487437;469994;71.4;68.8
45;2021-09-25;351;783;487788;470777;71.4;68.9
45;2021-09-26;2;11;487790;470788;71.4;68.9
45;2021-09-27;435;757;488225;471545;71.5;69.1
45;2021-09-28;451;754;488676;472299;71.6;69.2
45;2021-09-29;477;967;489153;473266;71.6;69.3
45;2021-09-30;357;823;489510;474089;71.7;69.4
45;2021-10-01;317;768;489827;474857;71.7;69.5
45;2021-10-02;293;546;490120;475403;71.8;69.6
45;2021-10-03;98;369;490218;475772;71.8;69.7
45;2021-10-04;219;341;490437;476113;71.8;69.7
45;2021-10-05;347;655;490784;476768;71.9;69.8
45;2021-10-06;436;720;491220;477488;71.9;69.9
45;2021-10-07;282;760;491502;478248;72.0;70.0
45;2021-10-08;342;667;491844;478915;72.0;70.1
45;2021-10-09;418;721;492262;479636;72.1;70.2
45;2021-10-10;4;7;492266;479643;72.1;70.2
45;2021-10-11;200;412;492466;480055;72.1;70.3
45;2021-10-12;341;532;492807;480587;72.2;70.4
46;2020-12-27;4;0;4;0;0.0;0.0
46;2020-12-28;0;0;4;0;0.0;0.0
46;2020-12-29;0;0;4;0;0.0;0.0
46;2020-12-30;0;0;4;0;0.0;0.0
46;2020-12-31;0;0;4;0;0.0;0.0
46;2021-01-01;0;0;4;0;0.0;0.0
46;2021-01-02;0;0;4;0;0.0;0.0
46;2021-01-03;1;0;5;0;0.0;0.0
46;2021-01-04;0;0;5;0;0.0;0.0
46;2021-01-05;0;0;5;0;0.0;0.0
46;2021-01-06;3;0;8;0;0.0;0.0
46;2021-01-07;135;1;143;1;0.1;0.0
46;2021-01-08;181;0;324;1;0.2;0.0
46;2021-01-09;1;0;325;1;0.2;0.0
46;2021-01-10;2;0;327;1;0.2;0.0
46;2021-01-11;118;0;445;1;0.3;0.0
46;2021-01-12;141;0;586;1;0.3;0.0
46;2021-01-13;235;2;821;3;0.5;0.0
46;2021-01-14;244;3;1065;6;0.6;0.0
46;2021-01-15;306;2;1371;8;0.8;0.0
46;2021-01-16;18;0;1389;8;0.8;0.0
46;2021-01-17;0;0;1389;8;0.8;0.0
46;2021-01-18;276;3;1665;11;1.0;0.0
46;2021-01-19;390;1;2055;12;1.2;0.0
46;2021-01-20;939;3;2994;15;1.7;0.0
46;2021-01-21;997;1;3991;16;2.3;0.0
46;2021-01-22;391;2;4382;18;2.5;0.0
46;2021-01-23;0;0;4382;18;2.5;0.0
46;2021-01-24;0;0;4382;18;2.5;0.0
46;2021-01-25;204;2;4586;20;2.6;0.0
46;2021-01-26;264;1;4850;21;2.8;0.0
46;2021-01-27;276;0;5126;21;3.0;0.0
46;2021-01-28;279;43;5405;64;3.1;0.0
46;2021-01-29;233;91;5638;155;3.3;0.1
46;2021-01-30;1;0;5639;155;3.3;0.1
46;2021-01-31;1;0;5640;155;3.3;0.1
46;2021-02-01;234;173;5874;328;3.4;0.2
46;2021-02-02;210;238;6084;566;3.5;0.3
46;2021-02-03;227;97;6311;663;3.6;0.4
46;2021-02-04;372;86;6683;749;3.9;0.4
46;2021-02-05;226;177;6909;926;4.0;0.5
46;2021-02-06;9;0;6918;926;4.0;0.5
46;2021-02-07;43;0;6961;926;4.0;0.5
46;2021-02-08;197;156;7158;1082;4.1;0.6
46;2021-02-09;271;225;7429;1307;4.3;0.8
46;2021-02-10;280;546;7709;1853;4.5;1.1
46;2021-02-11;655;557;8364;2410;4.8;1.4
46;2021-02-12;324;342;8688;2752;5.0;1.6
46;2021-02-13;2;0;8690;2752;5.0;1.6
46;2021-02-14;0;62;8690;2814;5.0;1.6
46;2021-02-15;195;293;8885;3107;5.1;1.8
46;2021-02-16;217;284;9102;3391;5.3;2.0
46;2021-02-17;201;328;9303;3719;5.4;2.1
46;2021-02-18;337;267;9640;3986;5.6;2.3
46;2021-02-19;277;234;9917;4220;5.7;2.4
46;2021-02-20;0;0;9917;4220;5.7;2.4
46;2021-02-21;1;0;9918;4220;5.7;2.4
46;2021-02-22;131;193;10049;4413;5.8;2.5
46;2021-02-23;225;169;10274;4582;5.9;2.6
46;2021-02-24;179;324;10453;4906;6.0;2.8
46;2021-02-25;248;341;10701;5247;6.2;3.0
46;2021-02-26;403;344;11104;5591;6.4;3.2
46;2021-02-27;120;1;11224;5592;6.5;3.2
46;2021-02-28;0;3;11224;5595;6.5;3.2
46;2021-03-01;169;181;11393;5776;6.6;3.3
46;2021-03-02;406;233;11799;6009;6.8;3.5
46;2021-03-03;460;331;12259;6340;7.1;3.7
46;2021-03-04;607;456;12866;6796;7.4;3.9
46;2021-03-05;808;365;13674;7161;7.9;4.1
46;2021-03-06;476;17;14150;7178;8.2;4.1
46;2021-03-07;101;19;14251;7197;8.2;4.2
46;2021-03-08;348;249;14599;7446;8.4;4.3
46;2021-03-09;746;271;15345;7717;8.9;4.5
46;2021-03-10;686;248;16031;7965;9.3;4.6
46;2021-03-11;851;257;16882;8222;9.7;4.7
46;2021-03-12;927;228;17809;8450;10.3;4.9
46;2021-03-13;512;4;18321;8454;10.6;4.9
46;2021-03-14;1;0;18322;8454;10.6;4.9
46;2021-03-15;505;166;18827;8620;10.9;5.0
46;2021-03-16;752;174;19579;8794;11.3;5.1
46;2021-03-17;674;207;20253;9001;11.7;5.2
46;2021-03-18;758;216;21011;9217;12.1;5.3
46;2021-03-19;811;153;21822;9370;12.6;5.4
46;2021-03-20;294;5;22116;9375;12.8;5.4
46;2021-03-21;2;0;22118;9375;12.8;5.4
46;2021-03-22;555;241;22673;9616;13.1;5.6
46;2021-03-23;702;212;23375;9828;13.5;5.7
46;2021-03-24;673;240;24048;10068;13.9;5.8
46;2021-03-25;1135;187;25183;10255;14.5;5.9
46;2021-03-26;1023;342;26206;10597;15.1;6.1
46;2021-03-27;420;73;26626;10670;15.4;6.2
46;2021-03-28;127;1;26753;10671;15.4;6.2
46;2021-03-29;733;253;27486;10924;15.9;6.3
46;2021-03-30;767;365;28253;11289;16.3;6.5
46;2021-03-31;865;421;29118;11710;16.8;6.8
46;2021-04-01;1172;351;30290;12061;17.5;7.0
46;2021-04-02;922;396;31212;12457;18.0;7.2
46;2021-04-03;167;166;31379;12623;18.1;7.3
46;2021-04-04;0;71;31379;12694;18.1;7.3
46;2021-04-05;3;0;31382;12694;18.1;7.3
46;2021-04-06;544;517;31926;13211;18.4;7.6
46;2021-04-07;784;647;32710;13858;18.9;8.0
46;2021-04-08;960;542;33670;14400;19.4;8.3
46;2021-04-09;1018;506;34688;14906;20.0;8.6
46;2021-04-10;506;211;35194;15117;20.3;8.7
46;2021-04-11;232;1;35426;15118;20.5;8.7
46;2021-04-12;845;547;36271;15665;20.9;9.0
46;2021-04-13;1186;721;37457;16386;21.6;9.5
46;2021-04-14;1533;615;38990;17001;22.5;9.8
46;2021-04-15;1504;665;40494;17666;23.4;10.2
46;2021-04-16;1584;566;42078;18232;24.3;10.5
46;2021-04-17;995;137;43073;18369;24.9;10.6
46;2021-04-18;517;10;43590;18379;25.2;10.6
46;2021-04-19;1070;573;44660;18952;25.8;10.9
46;2021-04-20;1229;734;45889;19686;26.5;11.4
46;2021-04-21;1230;714;47119;20400;27.2;11.8
46;2021-04-22;1391;730;48510;21130;28.0;12.2
46;2021-04-23;1132;733;49642;21863;28.7;12.6
46;2021-04-24;472;19;50114;21882;28.9;12.6
46;2021-04-25;351;11;50465;21893;29.1;12.6
46;2021-04-26;852;730;51317;22623;29.6;13.1
46;2021-04-27;1221;668;52538;23291;30.3;13.5
46;2021-04-28;1289;669;53827;23960;31.1;13.8
46;2021-04-29;1417;527;55244;24487;31.9;14.1
46;2021-04-30;1438;569;56682;25056;32.7;14.5
46;2021-05-01;697;74;57379;25130;33.1;14.5
46;2021-05-02;346;4;57725;25134;33.3;14.5
46;2021-05-03;853;570;58578;25704;33.8;14.8
46;2021-05-04;1037;1063;59615;26767;34.4;15.5
46;2021-05-05;1374;789;60989;27556;35.2;15.9
46;2021-05-06;1377;743;62366;28299;36.0;16.3
46;2021-05-07;1396;791;63762;29090;36.8;16.8
46;2021-05-08;280;412;64042;29502;37.0;17.0
46;2021-05-09;23;225;64065;29727;37.0;17.2
46;2021-05-10;515;1137;64580;30864;37.3;17.8
46;2021-05-11;1031;1256;65611;32120;37.9;18.5
46;2021-05-12;993;1564;66604;33684;38.5;19.5
46;2021-05-13;598;143;67202;33827;38.8;19.5
46;2021-05-14;958;1097;68160;34924;39.4;20.2
46;2021-05-15;254;654;68414;35578;39.5;20.5
46;2021-05-16;77;297;68491;35875;39.6;20.7
46;2021-05-17;652;960;69143;36835;39.9;21.3
46;2021-05-18;1402;1024;70545;37859;40.7;21.9
46;2021-05-19;1305;904;71850;38763;41.5;22.4
46;2021-05-20;1453;813;73303;39576;42.3;22.9
46;2021-05-21;997;1158;74300;40734;42.9;23.5
46;2021-05-22;146;369;74446;41103;43.0;23.7
46;2021-05-23;451;26;74897;41129;43.3;23.8
46;2021-05-24;411;113;75308;41242;43.5;23.8
46;2021-05-25;960;1333;76268;42575;44.0;24.6
46;2021-05-26;1237;1149;77505;43724;44.8;25.2
46;2021-05-27;1432;1195;78937;44919;45.6;25.9
46;2021-05-28;1428;1211;80365;46130;46.4;26.6
46;2021-05-29;1049;397;81414;46527;47.0;26.9
46;2021-05-30;409;39;81823;46566;47.3;26.9
46;2021-05-31;968;976;82791;47542;47.8;27.5
46;2021-06-01;1277;999;84068;48541;48.5;28.0
46;2021-06-02;1319;1116;85387;49657;49.3;28.7
46;2021-06-03;1415;1012;86802;50669;50.1;29.3
46;2021-06-04;1330;977;88132;51646;50.9;29.8
46;2021-06-05;381;414;88513;52060;51.1;30.1
46;2021-06-06;209;96;88722;52156;51.2;30.1
46;2021-06-07;814;617;89536;52773;51.7;30.5
46;2021-06-08;1020;896;90556;53669;52.3;31.0
46;2021-06-09;1505;974;92061;54643;53.2;31.6
46;2021-06-10;981;852;93042;55495;53.7;32.0
46;2021-06-11;969;1322;94011;56817;54.3;32.8
46;2021-06-12;459;549;94470;57366;54.6;33.1
46;2021-06-13;27;86;94497;57452;54.6;33.2
46;2021-06-14;593;1138;95090;58590;54.9;33.8
46;2021-06-15;751;1246;95841;59836;55.3;34.6
46;2021-06-16;1002;1113;96843;60949;55.9;35.2
46;2021-06-17;527;897;97370;61846;56.2;35.7
46;2021-06-18;656;1253;98026;63099;56.6;36.4
46;2021-06-19;457;313;98483;63412;56.9;36.6
46;2021-06-20;39;161;98522;63573;56.9;36.7
46;2021-06-21;429;946;98951;64519;57.1;37.3
46;2021-06-22;350;1177;99301;65696;57.3;37.9
46;2021-06-23;519;1074;99820;66770;57.6;38.6
46;2021-06-24;251;820;100071;67590;57.8;39.0
46;2021-06-25;491;1118;100562;68708;58.1;39.7
46;2021-06-26;398;553;100960;69261;58.3;40.0
46;2021-06-27;3;4;100963;69265;58.3;40.0
46;2021-06-28;315;1341;101278;70606;58.5;40.8
46;2021-06-29;375;1680;101653;72286;58.7;41.7
46;2021-06-30;509;1577;102162;73863;59.0;42.7
46;2021-07-01;487;1153;102649;75016;59.3;43.3
46;2021-07-02;455;1087;103104;76103;59.5;43.9
46;2021-07-03;120;454;103224;76557;59.6;44.2
46;2021-07-04;57;127;103281;76684;59.6;44.3
46;2021-07-05;347;1186;103628;77870;59.8;45.0
46;2021-07-06;449;1457;104077;79327;60.1;45.8
46;2021-07-07;583;1728;104660;81055;60.4;46.8
46;2021-07-08;340;1164;105000;82219;60.6;47.5
46;2021-07-09;395;1706;105395;83925;60.9;48.5
46;2021-07-10;285;1039;105680;84964;61.0;49.1
46;2021-07-11;15;375;105695;85339;61.0;49.3
46;2021-07-12;248;1259;105943;86598;61.2;50.0
46;2021-07-13;626;1670;106569;88268;61.5;51.0
46;2021-07-14;73;144;106642;88412;61.6;51.1
46;2021-07-15;917;1464;107559;89876;62.1;51.9
46;2021-07-16;766;1394;108325;91270;62.6;52.7
46;2021-07-17;364;539;108689;91809;62.8;53.0
46;2021-07-18;2;0;108691;91809;62.8;53.0
46;2021-07-19;729;1188;109420;92997;63.2;53.7
46;2021-07-20;983;1438;110403;94435;63.8;54.5
46;2021-07-21;1001;1379;111404;95814;64.3;55.3
46;2021-07-22;1404;1118;112808;96932;65.1;56.0
46;2021-07-23;768;1322;113576;98254;65.6;56.7
46;2021-07-24;957;665;114533;98919;66.1;57.1
46;2021-07-25;136;17;114669;98936;66.2;57.1
46;2021-07-26;881;878;115550;99814;66.7;57.6
46;2021-07-27;1220;978;116770;100792;67.4;58.2
46;2021-07-28;1284;1114;118054;101906;68.2;58.8
46;2021-07-29;1580;849;119634;102755;69.1;59.3
46;2021-07-30;1933;956;121567;103711;70.2;59.9
46;2021-07-31;958;662;122525;104373;70.8;60.3
46;2021-08-01;12;3;122537;104376;70.8;60.3
46;2021-08-02;974;591;123511;104967;71.3;60.6
46;2021-08-03;1365;679;124876;105646;72.1;61.0
46;2021-08-04;1735;586;126611;106232;73.1;61.3
46;2021-08-05;1382;842;127993;107074;73.9;61.8
46;2021-08-06;1422;848;129415;107922;74.7;62.3
46;2021-08-07;707;544;130122;108466;75.1;62.6
46;2021-08-08;152;66;130274;108532;75.2;62.7
46;2021-08-09;1018;694;131292;109226;75.8;63.1
46;2021-08-10;1206;892;132498;110118;76.5;63.6
46;2021-08-11;1260;1064;133758;111182;77.2;64.2
46;2021-08-12;990;800;134748;111982;77.8;64.7
46;2021-08-13;953;1005;135701;112987;78.4;65.2
46;2021-08-14;588;774;136289;113761;78.7;65.7
46;2021-08-15;8;27;136297;113788;78.7;65.7
46;2021-08-16;795;811;137092;114599;79.2;66.2
46;2021-08-17;889;1288;137981;115887;79.7;66.9
46;2021-08-18;769;1051;138750;116938;80.1;67.5
46;2021-08-19;673;1362;139423;118300;80.5;68.3
46;2021-08-20;520;1557;139943;119857;80.8;69.2
46;2021-08-21;378;649;140321;120506;81.0;69.6
46;2021-08-22;2;31;140323;120537;81.0;69.6
46;2021-08-23;424;1204;140747;121741;81.3;70.3
46;2021-08-24;554;1338;141301;123079;81.6;71.1
46;2021-08-25;530;1398;141831;124477;81.9;71.9
46;2021-08-26;392;1095;142223;125572;82.1;72.5
46;2021-08-27;436;1912;142659;127484;82.4;73.6
46;2021-08-28;272;652;142931;128136;82.5;74.0
46;2021-08-29;5;11;142936;128147;82.5;74.0
46;2021-08-30;295;1112;143231;129259;82.7;74.6
46;2021-08-31;340;1239;143571;130498;82.9;75.4
46;2021-09-01;393;1083;143964;131581;83.1;76.0
46;2021-09-02;271;963;144235;132544;83.3;76.5
46;2021-09-03;322;1155;144557;133699;83.5;77.2
46;2021-09-04;188;635;144745;134334;83.6;77.6
46;2021-09-05;8;15;144753;134349;83.6;77.6
46;2021-09-06;219;655;144972;135004;83.7;78.0
46;2021-09-07;252;683;145224;135687;83.9;78.4
46;2021-09-08;277;798;145501;136485;84.0;78.8
46;2021-09-09;201;530;145702;137015;84.1;79.1
46;2021-09-10;277;851;145979;137866;84.3;79.6
46;2021-09-11;151;354;146130;138220;84.4;79.8
46;2021-09-12;8;22;146138;138242;84.4;79.8
46;2021-09-13;179;503;146317;138745;84.5;80.1
46;2021-09-14;266;403;146583;139148;84.6;80.4
46;2021-09-15;257;677;146840;139825;84.8;80.7
46;2021-09-16;132;265;146972;140090;84.9;80.9
46;2021-09-17;234;555;147206;140645;85.0;81.2
46;2021-09-18;101;364;147307;141009;85.1;81.4
46;2021-09-19;3;9;147310;141018;85.1;81.4
46;2021-09-20;70;350;147380;141368;85.1;81.6
46;2021-09-21;70;237;147450;141605;85.1;81.8
46;2021-09-22;128;482;147578;142087;85.2;82.1
46;2021-09-23;83;226;147661;142313;85.3;82.2
46;2021-09-24;76;400;147737;142713;85.3;82.4
46;2021-09-25;69;221;147806;142934;85.4;82.5
46;2021-09-26;3;8;147809;142942;85.4;82.5
46;2021-09-27;76;229;147885;143171;85.4;82.7
46;2021-09-28;48;225;147933;143396;85.4;82.8
46;2021-09-29;84;291;148017;143687;85.5;83.0
46;2021-09-30;63;146;148080;143833;85.5;83.1
46;2021-10-01;101;296;148181;144129;85.6;83.2
46;2021-10-02;80;191;148261;144320;85.6;83.3
46;2021-10-03;0;0;148261;144320;85.6;83.3
46;2021-10-04;63;188;148324;144508;85.7;83.5
46;2021-10-05;66;220;148390;144728;85.7;83.6
46;2021-10-06;72;219;148462;144947;85.7;83.7
46;2021-10-07;61;177;148523;145124;85.8;83.8
46;2021-10-08;123;266;148646;145390;85.8;84.0
46;2021-10-09;71;139;148717;145529;85.9;84.0
46;2021-10-10;4;7;148721;145536;85.9;84.0
46;2021-10-11;57;132;148778;145668;85.9;84.1
46;2021-10-12;40;71;148818;145739;85.9;84.2
47;2020-12-27;0;0;0;0;0.0;0.0
47;2020-12-28;0;0;0;0;0.0;0.0
47;2020-12-29;0;0;0;0;0.0;0.0
47;2020-12-30;0;0;0;0;0.0;0.0
47;2020-12-31;0;0;0;0;0.0;0.0
47;2021-01-01;4;0;4;0;0.0;0.0
47;2021-01-02;0;0;4;0;0.0;0.0
47;2021-01-03;0;0;4;0;0.0;0.0
47;2021-01-04;0;0;4;0;0.0;0.0
47;2021-01-05;1;0;5;0;0.0;0.0
47;2021-01-06;0;0;5;0;0.0;0.0
47;2021-01-07;71;1;76;1;0.0;0.0
47;2021-01-08;314;0;390;1;0.1;0.0
47;2021-01-09;113;0;503;1;0.2;0.0
47;2021-01-10;0;0;503;1;0.2;0.0
47;2021-01-11;249;1;752;2;0.2;0.0
47;2021-01-12;327;0;1079;2;0.3;0.0
47;2021-01-13;349;0;1428;2;0.4;0.0
47;2021-01-14;370;4;1798;6;0.5;0.0
47;2021-01-15;287;2;2085;8;0.6;0.0
47;2021-01-16;176;4;2261;12;0.7;0.0
47;2021-01-17;0;0;2261;12;0.7;0.0
47;2021-01-18;487;2;2748;14;0.8;0.0
47;2021-01-19;468;3;3216;17;1.0;0.0
47;2021-01-20;518;1;3734;18;1.1;0.0
47;2021-01-21;586;1;4320;19;1.3;0.0
47;2021-01-22;471;1;4791;20;1.5;0.0
47;2021-01-23;390;0;5181;20;1.6;0.0
47;2021-01-24;0;0;5181;20;1.6;0.0
47;2021-01-25;434;0;5615;20;1.7;0.0
47;2021-01-26;792;7;6407;27;1.9;0.0
47;2021-01-27;731;1;7138;28;2.2;0.0
47;2021-01-28;575;67;7713;95;2.3;0.0
47;2021-01-29;461;170;8174;265;2.5;0.1
47;2021-01-30;301;39;8475;304;2.6;0.1
47;2021-01-31;0;0;8475;304;2.6;0.1
47;2021-02-01;372;117;8847;421;2.7;0.1
47;2021-02-02;759;316;9606;737;2.9;0.2
47;2021-02-03;426;163;10032;900;3.0;0.3
47;2021-02-04;370;317;10402;1217;3.1;0.4
47;2021-02-05;300;309;10702;1526;3.2;0.5
47;2021-02-06;296;99;10998;1625;3.3;0.5
47;2021-02-07;0;0;10998;1625;3.3;0.5
47;2021-02-08;183;285;11181;1910;3.4;0.6
47;2021-02-09;232;258;11413;2168;3.5;0.7
47;2021-02-10;254;245;11667;2413;3.5;0.7
47;2021-02-11;356;378;12023;2791;3.6;0.8
47;2021-02-12;243;412;12266;3203;3.7;1.0
47;2021-02-13;226;111;12492;3314;3.8;1.0
47;2021-02-14;0;0;12492;3314;3.8;1.0
47;2021-02-15;194;381;12686;3695;3.8;1.1
47;2021-02-16;303;588;12989;4283;3.9;1.3
47;2021-02-17;326;455;13315;4738;4.0;1.4
47;2021-02-18;201;597;13516;5335;4.1;1.6
47;2021-02-19;193;365;13709;5700;4.2;1.7
47;2021-02-20;117;268;13826;5968;4.2;1.8
47;2021-02-21;0;0;13826;5968;4.2;1.8
47;2021-02-22;75;406;13901;6374;4.2;1.9
47;2021-02-23;149;651;14050;7025;4.3;2.1
47;2021-02-24;261;564;14311;7589;4.3;2.3
47;2021-02-25;304;412;14615;8001;4.4;2.4
47;2021-02-26;467;323;15082;8324;4.6;2.5
47;2021-02-27;324;213;15406;8537;4.7;2.6
47;2021-02-28;0;0;15406;8537;4.7;2.6
47;2021-03-01;124;398;15530;8935;4.7;2.7
47;2021-03-02;199;366;15729;9301;4.8;2.8
47;2021-03-03;244;350;15973;9651;4.8;2.9
47;2021-03-04;593;333;16566;9984;5.0;3.0
47;2021-03-05;845;287;17411;10271;5.3;3.1
47;2021-03-06;506;193;17917;10464;5.4;3.2
47;2021-03-07;331;6;18248;10470;5.5;3.2
47;2021-03-08;459;227;18707;10697;5.7;3.2
47;2021-03-09;508;494;19215;11191;5.8;3.4
47;2021-03-10;666;301;19881;11492;6.0;3.5
47;2021-03-11;940;383;20821;11875;6.3;3.6
47;2021-03-12;1373;301;22194;12176;6.7;3.7
47;2021-03-13;950;110;23144;12286;7.0;3.7
47;2021-03-14;51;0;23195;12286;7.0;3.7
47;2021-03-15;593;163;23788;12449;7.2;3.8
47;2021-03-16;750;177;24538;12626;7.4;3.8
47;2021-03-17;861;213;25399;12839;7.7;3.9
47;2021-03-18;917;177;26316;13016;8.0;3.9
47;2021-03-19;1272;129;27588;13145;8.4;4.0
47;2021-03-20;1088;60;28676;13205;8.7;4.0
47;2021-03-21;344;1;29020;13206;8.8;4.0
47;2021-03-22;1009;96;30029;13302;9.1;4.0
47;2021-03-23;1146;149;31175;13451;9.4;4.1
47;2021-03-24;1214;133;32389;13584;9.8;4.1
47;2021-03-25;1567;156;33956;13740;10.3;4.2
47;2021-03-26;1882;202;35838;13942;10.8;4.2
47;2021-03-27;980;131;36818;14073;11.1;4.3
47;2021-03-28;699;6;37517;14079;11.4;4.3
47;2021-03-29;1511;82;39028;14161;11.8;4.3
47;2021-03-30;1645;128;40673;14289;12.3;4.3
47;2021-03-31;1605;157;42278;14446;12.8;4.4
47;2021-04-01;1682;270;43960;14716;13.3;4.5
47;2021-04-02;1932;457;45892;15173;13.9;4.6
47;2021-04-03;1202;184;47094;15357;14.3;4.6
47;2021-04-04;475;13;47569;15370;14.4;4.7
47;2021-04-05;1297;61;48866;15431;14.8;4.7
47;2021-04-06;1386;390;50252;15821;15.2;4.8
47;2021-04-07;1698;598;51950;16419;15.7;5.0
47;2021-04-08;1835;480;53785;16899;16.3;5.1
47;2021-04-09;2085;547;55870;17446;16.9;5.3
47;2021-04-10;1565;326;57435;17772;17.4;5.4
47;2021-04-11;530;9;57965;17781;17.5;5.4
47;2021-04-12;1438;619;59403;18400;18.0;5.6
47;2021-04-13;1813;765;61216;19165;18.5;5.8
47;2021-04-14;1750;722;62966;19887;19.1;6.0
47;2021-04-15;2012;849;64978;20736;19.7;6.3
47;2021-04-16;1768;898;66746;21634;20.2;6.5
47;2021-04-17;1471;969;68217;22603;20.7;6.8
47;2021-04-18;23;0;68240;22603;20.7;6.8
47;2021-04-19;1331;932;69571;23535;21.1;7.1
47;2021-04-20;1625;910;71196;24445;21.6;7.4
47;2021-04-21;1623;775;72819;25220;22.0;7.6
47;2021-04-22;1880;1059;74699;26279;22.6;8.0
47;2021-04-23;1729;1077;76428;27356;23.1;8.3
47;2021-04-24;1549;807;77977;28163;23.6;8.5
47;2021-04-25;242;345;78219;28508;23.7;8.6
47;2021-04-26;1491;1366;79710;29874;24.1;9.0
47;2021-04-27;1921;1476;81631;31350;24.7;9.5
47;2021-04-28;2090;1595;83721;32945;25.3;10.0
47;2021-04-29;2532;1514;86253;34459;26.1;10.4
47;2021-04-30;2044;1780;88297;36239;26.7;11.0
47;2021-05-01;2263;986;90560;37225;27.4;11.3
47;2021-05-02;21;358;90581;37583;27.4;11.4
47;2021-05-03;1596;1422;92177;39005;27.9;11.8
47;2021-05-04;1645;1732;93822;40737;28.4;12.3
47;2021-05-05;1926;1643;95748;42380;29.0;12.8
47;2021-05-06;2105;1509;97853;43889;29.6;13.3
47;2021-05-07;2001;1623;99854;45512;30.2;13.8
47;2021-05-08;2097;464;101951;45976;30.9;13.9
47;2021-05-09;24;359;101975;46335;30.9;14.0
47;2021-05-10;1202;1672;103177;48007;31.2;14.5
47;2021-05-11;2172;1987;105349;49994;31.9;15.1
47;2021-05-12;2624;1451;107973;51445;32.7;15.6
47;2021-05-13;2380;656;110353;52101;33.4;15.8
47;2021-05-14;2061;859;112414;52960;34.0;16.0
47;2021-05-15;1934;865;114348;53825;34.6;16.3
47;2021-05-16;367;9;114715;53834;34.7;16.3
47;2021-05-17;1884;1124;116599;54958;35.3;16.6
47;2021-05-18;2359;1140;118958;56098;36.0;17.0
47;2021-05-19;2344;759;121302;56857;36.7;17.2
47;2021-05-20;2589;972;123891;57829;37.5;17.5
47;2021-05-21;1538;1134;125429;58963;38.0;17.8
47;2021-05-22;2369;839;127798;59802;38.7;18.1
47;2021-05-23;25;186;127823;59988;38.7;18.2
47;2021-05-24;1549;237;129372;60225;39.2;18.2
47;2021-05-25;1481;1318;130853;61543;39.6;18.6
47;2021-05-26;1599;1091;132452;62634;40.1;19.0
47;2021-05-27;1944;1269;134396;63903;40.7;19.3
47;2021-05-28;1459;1537;135855;65440;41.1;19.8
47;2021-05-29;1153;1124;137008;66564;41.5;20.2
47;2021-05-30;12;45;137020;66609;41.5;20.2
47;2021-05-31;1868;1424;138888;68033;42.0;20.6
47;2021-06-01;1921;1344;140809;69377;42.6;21.0
47;2021-06-02;2100;1332;142909;70709;43.3;21.4
47;2021-06-03;2486;1613;145395;72322;44.0;21.9
47;2021-06-04;1965;2118;147360;74440;44.6;22.5
47;2021-06-05;1640;1475;149000;75915;45.1;23.0
47;2021-06-06;211;70;149211;75985;45.2;23.0
47;2021-06-07;1659;2238;150870;78223;45.7;23.7
47;2021-06-08;1629;1904;152499;80127;46.2;24.3
47;2021-06-09;1824;2124;154323;82251;46.7;24.9
47;2021-06-10;2377;1620;156700;83871;47.4;25.4
47;2021-06-11;1826;2101;158526;85972;48.0;26.0
47;2021-06-12;1351;2102;159877;88074;48.4;26.7
47;2021-06-13;4;10;159881;88084;48.4;26.7
47;2021-06-14;1281;2444;161162;90528;48.8;27.4
47;2021-06-15;1464;2033;162626;92561;49.2;28.0
47;2021-06-16;1203;2189;163829;94750;49.6;28.7
47;2021-06-17;1657;1524;165486;96274;50.1;29.1
47;2021-06-18;1439;2496;166925;98770;50.5;29.9
47;2021-06-19;1542;2453;168467;101223;51.0;30.6
47;2021-06-20;5;33;168472;101256;51.0;30.7
47;2021-06-21;1136;2513;169608;103769;51.3;31.4
47;2021-06-22;762;2507;170370;106276;51.6;32.2
47;2021-06-23;999;2015;171369;108291;51.9;32.8
47;2021-06-24;1211;1936;172580;110227;52.2;33.4
47;2021-06-25;1006;2608;173586;112835;52.5;34.2
47;2021-06-26;986;2789;174572;115624;52.8;35.0
47;2021-06-27;16;349;174588;115973;52.9;35.1
47;2021-06-28;875;2407;175463;118380;53.1;35.8
47;2021-06-29;797;2313;176260;120693;53.4;36.5
47;2021-06-30;730;2303;176990;122996;53.6;37.2
47;2021-07-01;923;2107;177913;125103;53.9;37.9
47;2021-07-02;885;2274;178798;127377;54.1;38.6
47;2021-07-03;726;3042;179524;130419;54.3;39.5
47;2021-07-04;34;12;179558;130431;54.4;39.5
47;2021-07-05;978;2147;180536;132578;54.7;40.1
47;2021-07-06;1007;1957;181543;134535;55.0;40.7
47;2021-07-07;1298;2064;182841;136599;55.4;41.4
47;2021-07-08;1143;2193;183984;138792;55.7;42.0
47;2021-07-09;1047;2405;185031;141197;56.0;42.7
47;2021-07-10;951;2131;185982;143328;56.3;43.4
47;2021-07-11;1;6;185983;143334;56.3;43.4
47;2021-07-12;556;2580;186539;145914;56.5;44.2
47;2021-07-13;1094;2585;187633;148499;56.8;45.0
47;2021-07-14;1165;1577;188798;150076;57.2;45.4
47;2021-07-15;1717;3135;190515;153211;57.7;46.4
47;2021-07-16;1722;2677;192237;155888;58.2;47.2
47;2021-07-17;1201;2458;193438;158346;58.6;47.9
47;2021-07-18;36;188;193474;158534;58.6;48.0
47;2021-07-19;1113;2561;194587;161095;58.9;48.8
47;2021-07-20;1638;2341;196225;163436;59.4;49.5
47;2021-07-21;2192;2240;198417;165676;60.1;50.2
47;2021-07-22;2157;2298;200574;167974;60.7;50.8
47;2021-07-23;2124;2251;202698;170225;61.4;51.5
47;2021-07-24;1114;1915;203812;172140;61.7;52.1
47;2021-07-25;20;1;203832;172141;61.7;52.1
47;2021-07-26;1236;1946;205068;174087;62.1;52.7
47;2021-07-27;2123;1633;207191;175720;62.7;53.2
47;2021-07-28;1880;1606;209071;177326;63.3;53.7
47;2021-07-29;2340;1605;211411;178931;64.0;54.2
47;2021-07-30;1865;1627;213276;180558;64.6;54.7
47;2021-07-31;1486;1668;214762;182226;65.0;55.2
47;2021-08-01;18;8;214780;182234;65.0;55.2
47;2021-08-02;2053;1219;216833;183453;65.6;55.5
47;2021-08-03;2159;1106;218992;184559;66.3;55.9
47;2021-08-04;2192;1528;221184;186087;67.0;56.3
47;2021-08-05;2408;1447;223592;187534;67.7;56.8
47;2021-08-06;1999;1841;225591;189375;68.3;57.3
47;2021-08-07;1628;1418;227219;190793;68.8;57.8
47;2021-08-08;24;22;227243;190815;68.8;57.8
47;2021-08-09;1883;1214;229126;192029;69.4;58.1
47;2021-08-10;1920;1298;231046;193327;69.9;58.5
47;2021-08-11;1804;1401;232850;194728;70.5;58.9
47;2021-08-12;2059;1340;234909;196068;71.1;59.4
47;2021-08-13;1424;1668;236333;197736;71.5;59.9
47;2021-08-14;1349;1443;237682;199179;72.0;60.3
47;2021-08-15;11;18;237693;199197;72.0;60.3
47;2021-08-16;1436;1445;239129;200642;72.4;60.7
47;2021-08-17;1124;1684;240253;202326;72.7;61.2
47;2021-08-18;1181;1714;241434;204040;73.1;61.8
47;2021-08-19;1039;1813;242473;205853;73.4;62.3
47;2021-08-20;972;1708;243445;207561;73.7;62.8
47;2021-08-21;829;1277;244274;208838;73.9;63.2
47;2021-08-22;19;31;244293;208869;74.0;63.2
47;2021-08-23;615;1827;244908;210696;74.1;63.8
47;2021-08-24;811;1622;245719;212318;74.4;64.3
47;2021-08-25;811;1787;246530;214105;74.6;64.8
47;2021-08-26;741;2080;247271;216185;74.9;65.4
47;2021-08-27;700;1979;247971;218164;75.1;66.0
47;2021-08-28;568;1670;248539;219834;75.2;66.5
47;2021-08-29;2;16;248541;219850;75.2;66.6
47;2021-08-30;459;1908;249000;221758;75.4;67.1
47;2021-08-31;583;1793;249583;223551;75.6;67.7
47;2021-09-01;422;1956;250005;225507;75.7;68.3
47;2021-09-02;436;1945;250441;227452;75.8;68.9
47;2021-09-03;504;1845;250945;229297;76.0;69.4
47;2021-09-04;479;1743;251424;231040;76.1;69.9
47;2021-09-05;12;35;251436;231075;76.1;70.0
47;2021-09-06;343;1251;251779;232326;76.2;70.3
47;2021-09-07;478;1114;252257;233440;76.4;70.7
47;2021-09-08;419;1484;252676;234924;76.5;71.1
47;2021-09-09;423;1098;253099;236022;76.6;71.4
47;2021-09-10;472;1163;253571;237185;76.8;71.8
47;2021-09-11;438;1373;254009;238558;76.9;72.2
47;2021-09-12;5;6;254014;238564;76.9;72.2
47;2021-09-13;255;731;254269;239295;77.0;72.4
47;2021-09-14;402;797;254671;240092;77.1;72.7
47;2021-09-15;342;940;255013;241032;77.2;73.0
47;2021-09-16;324;560;255337;241592;77.3;73.1
47;2021-09-17;398;646;255735;242238;77.4;73.3
47;2021-09-18;263;956;255998;243194;77.5;73.6
47;2021-09-19;4;4;256002;243198;77.5;73.6
47;2021-09-20;166;470;256168;243668;77.5;73.8
47;2021-09-21;285;455;256453;244123;77.6;73.9
47;2021-09-22;214;616;256667;244739;77.7;74.1
47;2021-09-23;209;378;256876;245117;77.8;74.2
47;2021-09-24;283;614;257159;245731;77.8;74.4
47;2021-09-25;215;628;257374;246359;77.9;74.6
47;2021-09-26;6;6;257380;246365;77.9;74.6
47;2021-09-27;112;377;257492;246742;77.9;74.7
47;2021-09-28;127;374;257619;247116;78.0;74.8
47;2021-09-29;148;473;257767;247589;78.0;75.0
47;2021-09-30;160;356;257927;247945;78.1;75.1
47;2021-10-01;182;519;258109;248464;78.1;75.2
47;2021-10-02;195;486;258304;248950;78.2;75.4
47;2021-10-03;0;5;258304;248955;78.2;75.4
47;2021-10-04;132;362;258436;249317;78.2;75.5
47;2021-10-05;110;307;258546;249624;78.3;75.6
47;2021-10-06;228;459;258774;250083;78.3;75.7
47;2021-10-07;155;367;258929;250450;78.4;75.8
47;2021-10-08;171;413;259100;250863;78.4;75.9
47;2021-10-09;237;376;259337;251239;78.5;76.1
47;2021-10-10;0;3;259337;251242;78.5;76.1
47;2021-10-11;139;207;259476;251449;78.5;76.1
47;2021-10-12;133;286;259609;251735;78.6;76.2
48;2020-12-27;0;0;0;0;0.0;0.0
48;2020-12-28;0;0;0;0;0.0;0.0
48;2020-12-29;0;0;0;0;0.0;0.0
48;2020-12-30;0;0;0;0;0.0;0.0
48;2020-12-31;0;0;0;0;0.0;0.0
48;2021-01-01;0;0;0;0;0.0;0.0
48;2021-01-02;0;0;0;0;0.0;0.0
48;2021-01-03;0;0;0;0;0.0;0.0
48;2021-01-04;0;0;0;0;0.0;0.0
48;2021-01-05;0;0;0;0;0.0;0.0
48;2021-01-06;0;0;0;0;0.0;0.0
48;2021-01-07;56;0;56;0;0.1;0.0
48;2021-01-08;88;1;144;1;0.2;0.0
48;2021-01-09;1;0;145;1;0.2;0.0
48;2021-01-10;0;0;145;1;0.2;0.0
48;2021-01-11;13;0;158;1;0.2;0.0
48;2021-01-12;20;1;178;2;0.2;0.0
48;2021-01-13;104;0;282;2;0.4;0.0
48;2021-01-14;90;1;372;3;0.5;0.0
48;2021-01-15;63;0;435;3;0.6;0.0
48;2021-01-16;0;0;435;3;0.6;0.0
48;2021-01-17;0;0;435;3;0.6;0.0
48;2021-01-18;117;0;552;3;0.7;0.0
48;2021-01-19;345;2;897;5;1.2;0.0
48;2021-01-20;364;0;1261;5;1.7;0.0
48;2021-01-21;466;1;1727;6;2.3;0.0
48;2021-01-22;269;0;1996;6;2.6;0.0
48;2021-01-23;36;0;2032;6;2.7;0.0
48;2021-01-24;0;0;2032;6;2.7;0.0
48;2021-01-25;109;2;2141;8;2.8;0.0
48;2021-01-26;261;0;2402;8;3.1;0.0
48;2021-01-27;257;2;2659;10;3.5;0.0
48;2021-01-28;273;11;2932;21;3.8;0.0
48;2021-01-29;175;60;3107;81;4.1;0.1
48;2021-01-30;1;7;3108;88;4.1;0.1
48;2021-01-31;0;6;3108;94;4.1;0.1
48;2021-02-01;100;48;3208;142;4.2;0.2
48;2021-02-02;195;36;3403;178;4.5;0.2
48;2021-02-03;177;82;3580;260;4.7;0.3
48;2021-02-04;234;14;3814;274;5.0;0.4
48;2021-02-05;145;37;3959;311;5.2;0.4
48;2021-02-06;34;1;3993;312;5.2;0.4
48;2021-02-07;0;0;3993;312;5.2;0.4
48;2021-02-08;50;60;4043;372;5.3;0.5
48;2021-02-09;66;167;4109;539;5.4;0.7
48;2021-02-10;64;303;4173;842;5.5;1.1
48;2021-02-11;165;407;4338;1249;5.7;1.6
48;2021-02-12;120;155;4458;1404;5.8;1.8
48;2021-02-13;8;55;4466;1459;5.9;1.9
48;2021-02-14;0;0;4466;1459;5.9;1.9
48;2021-02-15;51;106;4517;1565;5.9;2.1
48;2021-02-16;43;173;4560;1738;6.0;2.3
48;2021-02-17;35;284;4595;2022;6.0;2.7
48;2021-02-18;252;113;4847;2135;6.4;2.8
48;2021-02-19;60;183;4907;2318;6.4;3.0
48;2021-02-20;0;1;4907;2319;6.4;3.0
48;2021-02-21;0;14;4907;2333;6.4;3.1
48;2021-02-22;24;129;4931;2462;6.5;3.2
48;2021-02-23;74;221;5005;2683;6.6;3.5
48;2021-02-24;68;265;5073;2948;6.6;3.9
48;2021-02-25;148;263;5221;3211;6.8;4.2
48;2021-02-26;51;229;5272;3440;6.9;4.5
48;2021-02-27;28;1;5300;3441;6.9;4.5
48;2021-02-28;3;14;5303;3455;7.0;4.5
48;2021-03-01;102;97;5405;3552;7.1;4.7
48;2021-03-02;199;87;5604;3639;7.3;4.8
48;2021-03-03;152;109;5756;3748;7.5;4.9
48;2021-03-04;195;184;5951;3932;7.8;5.2
48;2021-03-05;136;141;6087;4073;8.0;5.3
48;2021-03-06;180;53;6267;4126;8.2;5.4
48;2021-03-07;75;2;6342;4128;8.3;5.4
48;2021-03-08;352;148;6694;4276;8.8;5.6
48;2021-03-09;377;106;7071;4382;9.3;5.7
48;2021-03-10;263;61;7334;4443;9.6;5.8
48;2021-03-11;334;91;7668;4534;10.1;5.9
48;2021-03-12;256;153;7924;4687;10.4;6.1
48;2021-03-13;301;5;8225;4692;10.8;6.2
48;2021-03-14;8;0;8233;4692;10.8;6.2
48;2021-03-15;174;64;8407;4756;11.0;6.2
48;2021-03-16;167;66;8574;4822;11.2;6.3
48;2021-03-17;156;110;8730;4932;11.4;6.5
48;2021-03-18;191;104;8921;5036;11.7;6.6
48;2021-03-19;116;96;9037;5132;11.8;6.7
48;2021-03-20;101;0;9138;5132;12.0;6.7
48;2021-03-21;0;0;9138;5132;12.0;6.7
48;2021-03-22;160;21;9298;5153;12.2;6.8
48;2021-03-23;329;103;9627;5256;12.6;6.9
48;2021-03-24;284;100;9911;5356;13.0;7.0
48;2021-03-25;757;123;10668;5479;14.0;7.2
48;2021-03-26;269;62;10937;5541;14.3;7.3
48;2021-03-27;104;1;11041;5542;14.5;7.3
48;2021-03-28;80;21;11121;5563;14.6;7.3
48;2021-03-29;305;81;11426;5644;15.0;7.4
48;2021-03-30;365;132;11791;5776;15.5;7.6
48;2021-03-31;448;88;12239;5864;16.0;7.7
48;2021-04-01;732;73;12971;5937;17.0;7.8
48;2021-04-02;487;136;13458;6073;17.6;8.0
48;2021-04-03;140;83;13598;6156;17.8;8.1
48;2021-04-04;0;0;13598;6156;17.8;8.1
48;2021-04-05;43;1;13641;6157;17.9;8.1
48;2021-04-06;465;160;14106;6317;18.5;8.3
48;2021-04-07;465;142;14571;6459;19.1;8.5
48;2021-04-08;620;188;15191;6647;19.9;8.7
48;2021-04-09;446;123;15637;6770;20.5;8.9
48;2021-04-10;95;60;15732;6830;20.6;9.0
48;2021-04-11;2;0;15734;6830;20.6;9.0
48;2021-04-12;364;71;16098;6901;21.1;9.0
48;2021-04-13;361;93;16459;6994;21.6;9.2
48;2021-04-14;624;187;17083;7181;22.4;9.4
48;2021-04-15;701;363;17784;7544;23.3;9.9
48;2021-04-16;538;229;18322;7773;24.0;10.2
48;2021-04-17;89;73;18411;7846;24.1;10.3
48;2021-04-18;0;0;18411;7846;24.1;10.3
48;2021-04-19;196;106;18607;7952;24.4;10.4
48;2021-04-20;216;182;18823;8134;24.7;10.7
48;2021-04-21;284;207;19107;8341;25.0;10.9
48;2021-04-22;306;482;19413;8823;25.4;11.6
48;2021-04-23;255;242;19668;9065;25.8;11.9
48;2021-04-24;97;95;19765;9160;25.9;12.0
48;2021-04-25;1;9;19766;9169;25.9;12.0
48;2021-04-26;87;211;19853;9380;26.0;12.3
48;2021-04-27;172;292;20025;9672;26.2;12.7
48;2021-04-28;149;415;20174;10087;26.4;13.2
48;2021-04-29;203;490;20377;10577;26.7;13.9
48;2021-04-30;172;226;20549;10803;26.9;14.2
48;2021-05-01;0;0;20549;10803;26.9;14.2
48;2021-05-02;0;0;20549;10803;26.9;14.2
48;2021-05-03;106;386;20655;11189;27.1;14.7
48;2021-05-04;227;421;20882;11610;27.4;15.2
48;2021-05-05;84;486;20966;12096;27.5;15.9
48;2021-05-06;775;642;21741;12738;28.5;16.7
48;2021-05-07;96;503;21837;13241;28.6;17.4
48;2021-05-08;309;43;22146;13284;29.0;17.4
48;2021-05-09;285;9;22431;13293;29.4;17.4
48;2021-05-10;55;325;22486;13618;29.5;17.9
48;2021-05-11;221;290;22707;13908;29.8;18.2
48;2021-05-12;249;313;22956;14221;30.1;18.6
48;2021-05-13;472;158;23428;14379;30.7;18.8
48;2021-05-14;244;222;23672;14601;31.0;19.1
48;2021-05-15;84;46;23756;14647;31.1;19.2
48;2021-05-16;1;6;23757;14653;31.1;19.2
48;2021-05-17;474;267;24231;14920;31.8;19.6
48;2021-05-18;263;229;24494;15149;32.1;19.9
48;2021-05-19;207;277;24701;15426;32.4;20.2
48;2021-05-20;318;256;25019;15682;32.8;20.6
48;2021-05-21;174;267;25193;15949;33.0;20.9
48;2021-05-22;25;50;25218;15999;33.1;21.0
48;2021-05-23;0;6;25218;16005;33.1;21.0
48;2021-05-24;0;14;25218;16019;33.1;21.0
48;2021-05-25;181;267;25399;16286;33.3;21.3
48;2021-05-26;416;298;25815;16584;33.8;21.7
48;2021-05-27;1178;380;26993;16964;35.4;22.2
48;2021-05-28;315;350;27308;17314;35.8;22.7
48;2021-05-29;79;50;27387;17364;35.9;22.8
48;2021-05-30;0;1;27387;17365;35.9;22.8
48;2021-05-31;624;263;28011;17628;36.7;23.1
48;2021-06-01;272;305;28283;17933;37.1;23.5
48;2021-06-02;407;424;28690;18357;37.6;24.1
48;2021-06-03;629;431;29319;18788;38.4;24.6
48;2021-06-04;291;283;29610;19071;38.8;25.0
48;2021-06-05;121;77;29731;19148;39.0;25.1
48;2021-06-06;1;1;29732;19149;39.0;25.1
48;2021-06-07;440;161;30172;19310;39.6;25.3
48;2021-06-08;616;309;30788;19619;40.4;25.7
48;2021-06-09;379;190;31167;19809;40.9;26.0
48;2021-06-10;1003;242;32170;20051;42.2;26.3
48;2021-06-11;371;161;32541;20212;42.7;26.5
48;2021-06-12;74;57;32615;20269;42.8;26.6
48;2021-06-13;0;2;32615;20271;42.8;26.6
48;2021-06-14;124;115;32739;20386;42.9;26.7
48;2021-06-15;407;386;33146;20772;43.4;27.2
48;2021-06-16;260;144;33406;20916;43.8;27.4
48;2021-06-17;486;575;33892;21491;44.4;28.2
48;2021-06-18;254;315;34146;21806;44.8;28.6
48;2021-06-19;35;291;34181;22097;44.8;29.0
48;2021-06-20;123;224;34304;22321;45.0;29.3
48;2021-06-21;125;134;34429;22455;45.1;29.4
48;2021-06-22;258;335;34687;22790;45.5;29.9
48;2021-06-23;111;545;34798;23335;45.6;30.6
48;2021-06-24;364;610;35162;23945;46.1;31.4
48;2021-06-25;154;276;35316;24221;46.3;31.8
48;2021-06-26;15;45;35331;24266;46.3;31.8
48;2021-06-27;1;1;35332;24267;46.3;31.8
48;2021-06-28;81;177;35413;24444;46.4;32.0
48;2021-06-29;297;415;35710;24859;46.8;32.6
48;2021-06-30;98;465;35808;25324;46.9;33.2
48;2021-07-01;194;669;36002;25993;47.2;34.1
48;2021-07-02;148;369;36150;26362;47.4;34.6
48;2021-07-03;42;89;36192;26451;47.4;34.7
48;2021-07-04;7;0;36199;26451;47.5;34.7
48;2021-07-05;40;117;36239;26568;47.5;34.8
48;2021-07-06;277;598;36516;27166;47.9;35.6
48;2021-07-07;201;489;36717;27655;48.1;36.3
48;2021-07-08;223;1189;36940;28844;48.4;37.8
48;2021-07-09;159;553;37099;29397;48.6;38.5
48;2021-07-10;95;147;37194;29544;48.8;38.7
48;2021-07-11;0;4;37194;29548;48.8;38.7
48;2021-07-12;139;672;37333;30220;48.9;39.6
48;2021-07-13;211;430;37544;30650;49.2;40.2
48;2021-07-14;179;145;37723;30795;49.4;40.4
48;2021-07-15;187;459;37910;31254;49.7;41.0
48;2021-07-16;234;315;38144;31569;50.0;41.4
48;2021-07-17;129;118;38273;31687;50.2;41.5
48;2021-07-18;4;5;38277;31692;50.2;41.5
48;2021-07-19;105;306;38382;31998;50.3;41.9
48;2021-07-20;677;993;39059;32991;51.2;43.2
48;2021-07-21;68;371;39127;33362;51.3;43.7
48;2021-07-22;777;1125;39904;34487;52.3;45.2
48;2021-07-23;367;439;40271;34926;52.8;45.8
48;2021-07-24;509;170;40780;35096;53.5;46.0
48;2021-07-25;138;46;40918;35142;53.6;46.1
48;2021-07-26;101;199;41019;35341;53.8;46.3
48;2021-07-27;1195;644;42214;35985;55.3;47.2
48;2021-07-28;177;316;42391;36301;55.6;47.6
48;2021-07-29;716;646;43107;36947;56.5;48.4
48;2021-07-30;200;292;43307;37239;56.8;48.8
48;2021-07-31;339;178;43646;37417;57.2;49.0
48;2021-08-01;18;55;43664;37472;57.2;49.1
48;2021-08-02;228;164;43892;37636;57.5;49.3
48;2021-08-03;925;575;44817;38211;58.7;50.1
48;2021-08-04;328;220;45145;38431;59.2;50.4
48;2021-08-05;674;475;45819;38906;60.1;51.0
48;2021-08-06;442;275;46261;39181;60.6;51.4
48;2021-08-07;249;125;46510;39306;61.0;51.5
48;2021-08-08;2;5;46512;39311;61.0;51.5
48;2021-08-09;170;141;46682;39452;61.2;51.7
48;2021-08-10;726;555;47408;40007;62.1;52.4
48;2021-08-11;295;238;47703;40245;62.5;52.8
48;2021-08-12;419;414;48122;40659;63.1;53.3
48;2021-08-13;229;212;48351;40871;63.4;53.6
48;2021-08-14;137;165;48488;41036;63.6;53.8
48;2021-08-15;131;81;48619;41117;63.7;53.9
48;2021-08-16;121;192;48740;41309;63.9;54.2
48;2021-08-17;364;1188;49104;42497;64.4;55.7
48;2021-08-18;211;201;49315;42698;64.6;56.0
48;2021-08-19;240;325;49555;43023;65.0;56.4
48;2021-08-20;215;284;49770;43307;65.2;56.8
48;2021-08-21;85;232;49855;43539;65.4;57.1
48;2021-08-22;0;0;49855;43539;65.4;57.1
48;2021-08-23;65;153;49920;43692;65.4;57.3
48;2021-08-24;308;953;50228;44645;65.8;58.5
48;2021-08-25;156;351;50384;44996;66.0;59.0
48;2021-08-26;180;499;50564;45495;66.3;59.6
48;2021-08-27;153;338;50717;45833;66.5;60.1
48;2021-08-28;127;303;50844;46136;66.6;60.5
48;2021-08-29;0;1;50844;46137;66.6;60.5
48;2021-08-30;54;143;50898;46280;66.7;60.7
48;2021-08-31;257;1051;51155;47331;67.1;62.0
48;2021-09-01;124;334;51279;47665;67.2;62.5
48;2021-09-02;131;388;51410;48053;67.4;63.0
48;2021-09-03;138;297;51548;48350;67.6;63.4
48;2021-09-04;121;208;51669;48558;67.7;63.7
48;2021-09-05;3;25;51672;48583;67.7;63.7
48;2021-09-06;34;178;51706;48761;67.8;63.9
48;2021-09-07;160;347;51866;49108;68.0;64.4
48;2021-09-08;96;181;51962;49289;68.1;64.6
48;2021-09-09;96;235;52058;49524;68.2;64.9
48;2021-09-10;128;263;52186;49787;68.4;65.3
48;2021-09-11;89;195;52275;49982;68.5;65.5
48;2021-09-12;1;2;52276;49984;68.5;65.5
48;2021-09-13;78;66;52354;50050;68.6;65.6
48;2021-09-14;205;259;52559;50309;68.9;65.9
48;2021-09-15;68;164;52627;50473;69.0;66.2
48;2021-09-16;122;220;52749;50693;69.1;66.5
48;2021-09-17;101;183;52850;50876;69.3;66.7
48;2021-09-18;33;90;52883;50966;69.3;66.8
48;2021-09-19;0;0;52883;50966;69.3;66.8
48;2021-09-20;30;88;52913;51054;69.4;66.9
48;2021-09-21;64;183;52977;51237;69.4;67.2
48;2021-09-22;49;151;53026;51388;69.5;67.4
48;2021-09-23;28;100;53054;51488;69.5;67.5
48;2021-09-24;43;118;53097;51606;69.6;67.6
48;2021-09-25;27;78;53124;51684;69.6;67.8
48;2021-09-26;1;0;53125;51684;69.6;67.8
48;2021-09-27;11;43;53136;51727;69.7;67.8
48;2021-09-28;66;155;53202;51882;69.7;68.0
48;2021-09-29;51;133;53253;52015;69.8;68.2
48;2021-09-30;42;87;53295;52102;69.9;68.3
48;2021-10-01;56;141;53351;52243;69.9;68.5
48;2021-10-02;33;51;53384;52294;70.0;68.5
48;2021-10-03;0;1;53384;52295;70.0;68.6
48;2021-10-04;19;62;53403;52357;70.0;68.6
48;2021-10-05;48;151;53451;52508;70.1;68.8
48;2021-10-06;65;94;53516;52602;70.2;69.0
48;2021-10-07;33;112;53549;52714;70.2;69.1
48;2021-10-08;37;113;53586;52827;70.2;69.2
48;2021-10-09;14;55;53600;52882;70.3;69.3
48;2021-10-10;0;1;53600;52883;70.3;69.3
48;2021-10-11;6;25;53606;52908;70.3;69.4
48;2021-10-12;38;94;53644;53002;70.3;69.5
49;2020-12-27;0;0;0;0;0.0;0.0
49;2020-12-28;2;0;2;0;0.0;0.0
49;2020-12-29;0;0;2;0;0.0;0.0
49;2020-12-30;0;0;2;0;0.0;0.0
49;2020-12-31;0;0;2;0;0.0;0.0
49;2021-01-01;2;0;4;0;0.0;0.0
49;2021-01-02;1;1;5;1;0.0;0.0
49;2021-01-03;0;0;5;1;0.0;0.0
49;2021-01-04;10;0;15;1;0.0;0.0
49;2021-01-05;92;0;107;1;0.0;0.0
49;2021-01-06;233;0;340;1;0.0;0.0
49;2021-01-07;367;1;707;2;0.1;0.0
49;2021-01-08;328;1;1035;3;0.1;0.0
49;2021-01-09;118;0;1153;3;0.1;0.0
49;2021-01-10;114;0;1267;3;0.2;0.0
49;2021-01-11;287;0;1554;3;0.2;0.0
49;2021-01-12;623;0;2177;3;0.3;0.0
49;2021-01-13;602;2;2779;5;0.3;0.0
49;2021-01-14;590;7;3369;12;0.4;0.0
49;2021-01-15;764;1;4133;13;0.5;0.0
49;2021-01-16;148;0;4281;13;0.5;0.0
49;2021-01-17;111;2;4392;15;0.5;0.0
49;2021-01-18;691;0;5083;15;0.6;0.0
49;2021-01-19;1204;8;6287;23;0.8;0.0
49;2021-01-20;1511;7;7798;30;1.0;0.0
49;2021-01-21;1943;14;9741;44;1.2;0.0
49;2021-01-22;1305;6;11046;50;1.4;0.0
49;2021-01-23;263;1;11309;51;1.4;0.0
49;2021-01-24;1;0;11310;51;1.4;0.0
49;2021-01-25;552;5;11862;56;1.5;0.0
49;2021-01-26;989;75;12851;131;1.6;0.0
49;2021-01-27;1860;50;14711;181;1.8;0.0
49;2021-01-28;2877;91;17588;272;2.2;0.0
49;2021-01-29;1588;92;19176;364;2.4;0.0
49;2021-01-30;300;46;19476;410;2.4;0.1
49;2021-01-31;62;51;19538;461;2.4;0.1
49;2021-02-01;661;163;20199;624;2.5;0.1
49;2021-02-02;744;384;20943;1008;2.6;0.1
49;2021-02-03;677;382;21620;1390;2.6;0.2
49;2021-02-04;758;445;22378;1835;2.7;0.2
49;2021-02-05;708;590;23086;2425;2.8;0.3
49;2021-02-06;228;111;23314;2536;2.9;0.3
49;2021-02-07;59;84;23373;2620;2.9;0.3
49;2021-02-08;548;480;23921;3100;2.9;0.4
49;2021-02-09;716;648;24637;3748;3.0;0.5
49;2021-02-10;807;950;25444;4698;3.1;0.6
49;2021-02-11;1028;1409;26472;6107;3.2;0.7
49;2021-02-12;869;960;27341;7067;3.4;0.9
49;2021-02-13;266;120;27607;7187;3.4;0.9
49;2021-02-14;9;106;27616;7293;3.4;0.9
49;2021-02-15;730;664;28346;7957;3.5;1.0
49;2021-02-16;1106;1121;29452;9078;3.6;1.1
49;2021-02-17;1160;1872;30612;10950;3.8;1.3
49;2021-02-18;1811;2438;32423;13388;4.0;1.6
49;2021-02-19;1397;1108;33820;14496;4.1;1.8
49;2021-02-20;232;381;34052;14877;4.2;1.8
49;2021-02-21;0;64;34052;14941;4.2;1.8
49;2021-02-22;647;573;34699;15514;4.3;1.9
49;2021-02-23;734;857;35433;16371;4.3;2.0
49;2021-02-24;824;641;36257;17012;4.4;2.1
49;2021-02-25;1208;809;37465;17821;4.6;2.2
49;2021-02-26;1678;848;39143;18669;4.8;2.3
49;2021-02-27;435;282;39578;18951;4.9;2.3
49;2021-02-28;49;38;39627;18989;4.9;2.3
49;2021-03-01;768;587;40395;19576;5.0;2.4
49;2021-03-02;1082;701;41477;20277;5.1;2.5
49;2021-03-03;1559;676;43036;20953;5.3;2.6
49;2021-03-04;1769;942;44805;21895;5.5;2.7
49;2021-03-05;2215;700;47020;22595;5.8;2.8
49;2021-03-06;717;190;47737;22785;5.9;2.8
49;2021-03-07;627;13;48364;22798;5.9;2.8
49;2021-03-08;1398;717;49762;23515;6.1;2.9
49;2021-03-09;2052;744;51814;24259;6.4;3.0
49;2021-03-10;2529;874;54343;25133;6.7;3.1
49;2021-03-11;3195;1476;57538;26609;7.1;3.3
49;2021-03-12;3765;1025;61303;27634;7.5;3.4
49;2021-03-13;1501;218;62804;27852;7.7;3.4
49;2021-03-14;6;0;62810;27852;7.7;3.4
49;2021-03-15;2083;536;64893;28388;8.0;3.5
49;2021-03-16;1732;965;66625;29353;8.2;3.6
49;2021-03-17;1810;681;68435;30034;8.4;3.7
49;2021-03-18;2205;736;70640;30770;8.7;3.8
49;2021-03-19;3333;567;73973;31337;9.1;3.8
49;2021-03-20;1743;211;75716;31548;9.3;3.9
49;2021-03-21;499;22;76215;31570;9.3;3.9
49;2021-03-22;2248;554;78463;32124;9.6;3.9
49;2021-03-23;3406;688;81869;32812;10.0;4.0
49;2021-03-24;3603;507;85472;33319;10.5;4.1
49;2021-03-25;4224;653;89696;33972;11.0;4.2
49;2021-03-26;4886;513;94582;34485;11.6;4.2
49;2021-03-27;1675;104;96257;34589;11.8;4.2
49;2021-03-28;400;28;96657;34617;11.8;4.2
49;2021-03-29;2371;613;99028;35230;12.1;4.3
49;2021-03-30;3267;947;102295;36177;12.5;4.4
49;2021-03-31;2980;754;105275;36931;12.9;4.5
49;2021-04-01;4117;877;109392;37808;13.4;4.6
49;2021-04-02;4297;964;113689;38772;13.9;4.8
49;2021-04-03;971;193;114660;38965;14.1;4.8
49;2021-04-04;315;3;114975;38968;14.1;4.8
49;2021-04-05;944;23;115919;38991;14.2;4.8
49;2021-04-06;2329;1327;118248;40318;14.5;4.9
49;2021-04-07;3309;1372;121557;41690;14.9;5.1
49;2021-04-08;5185;1435;126742;43125;15.5;5.3
49;2021-04-09;6207;1443;132949;44568;16.3;5.5
49;2021-04-10;2065;502;135014;45070;16.5;5.5
49;2021-04-11;390;9;135404;45079;16.6;5.5
49;2021-04-12;4073;1583;139477;46662;17.1;5.7
49;2021-04-13;5380;1921;144857;48583;17.8;6.0
49;2021-04-14;4542;1882;149399;50465;18.3;6.2
49;2021-04-15;5382;1895;154781;52360;19.0;6.4
49;2021-04-16;5761;2145;160542;54505;19.7;6.7
49;2021-04-17;3335;855;163877;55360;20.1;6.8
49;2021-04-18;381;476;164258;55836;20.1;6.8
49;2021-04-19;3710;2061;167968;57897;20.6;7.1
49;2021-04-20;4371;2112;172339;60009;21.1;7.4
49;2021-04-21;3955;2209;176294;62218;21.6;7.6
49;2021-04-22;4837;2115;181131;64333;22.2;7.9
49;2021-04-23;4814;2339;185945;66672;22.8;8.2
49;2021-04-24;2938;1159;188883;67831;23.2;8.3
49;2021-04-25;40;282;188923;68113;23.2;8.3
49;2021-04-26;3744;2113;192667;70226;23.6;8.6
49;2021-04-27;4472;2512;197139;72738;24.2;8.9
49;2021-04-28;4615;2501;201754;75239;24.7;9.2
49;2021-04-29;5206;3027;206960;78266;25.4;9.6
49;2021-04-30;5558;3217;212518;81483;26.0;10.0
49;2021-05-01;2365;667;214883;82150;26.3;10.1
49;2021-05-02;5;40;214888;82190;26.3;10.1
49;2021-05-03;5012;2407;219900;84597;27.0;10.4
49;2021-05-04;4972;3047;224872;87644;27.6;10.7
49;2021-05-05;4789;3008;229661;90652;28.1;11.1
49;2021-05-06;5328;3099;234989;93751;28.8;11.5
49;2021-05-07;4281;5031;239270;98782;29.3;12.1
49;2021-05-08;3577;440;242847;99222;29.8;12.2
49;2021-05-09;10;41;242857;99263;29.8;12.2
49;2021-05-10;4829;4282;247686;103545;30.4;12.7
49;2021-05-11;5397;5092;253083;108637;31.0;13.3
49;2021-05-12;4800;4595;257883;113232;31.6;13.9
49;2021-05-13;4778;691;262661;113923;32.2;14.0
49;2021-05-14;5170;3271;267831;117194;32.8;14.4
49;2021-05-15;4157;1806;271988;119000;33.3;14.6
49;2021-05-16;2786;119;274774;119119;33.7;14.6
49;2021-05-17;4835;3692;279609;122811;34.3;15.1
49;2021-05-18;5472;3769;285081;126580;34.9;15.5
49;2021-05-19;5916;3228;290997;129808;35.7;15.9
49;2021-05-20;6807;2966;297804;132774;36.5;16.3
49;2021-05-21;6450;3746;304254;136520;37.3;16.7
49;2021-05-22;5183;1199;309437;137719;37.9;16.9
49;2021-05-23;1;12;309438;137731;37.9;16.9
49;2021-05-24;4212;448;313650;138179;38.4;16.9
49;2021-05-25;6326;3308;319976;141487;39.2;17.3
49;2021-05-26;6273;2665;326249;144152;40.0;17.7
49;2021-05-27;7114;2728;333363;146880;40.9;18.0
49;2021-05-28;6875;4028;340238;150908;41.7;18.5
49;2021-05-29;5023;1901;345261;152809;42.3;18.7
49;2021-05-30;21;14;345282;152823;42.3;18.7
49;2021-05-31;6036;3221;351318;156044;43.1;19.1
49;2021-06-01;6592;3991;357910;160035;43.9;19.6
49;2021-06-02;5794;3742;363704;163777;44.6;20.1
49;2021-06-03;6602;3421;370306;167198;45.4;20.5
49;2021-06-04;6470;4867;376776;172065;46.2;21.1
49;2021-06-05;4385;2698;381161;174763;46.7;21.4
49;2021-06-06;39;50;381200;174813;46.7;21.4
49;2021-06-07;4634;4761;385834;179574;47.3;22.0
49;2021-06-08;5185;5106;391019;184680;47.9;22.6
49;2021-06-09;5325;4505;396344;189185;48.6;23.2
49;2021-06-10;6005;3785;402349;192970;49.3;23.7
49;2021-06-11;4872;6041;407221;199011;49.9;24.4
49;2021-06-12;4097;3203;411318;202214;50.4;24.8
49;2021-06-13;20;989;411338;203203;50.4;24.9
49;2021-06-14;3410;6016;414748;209219;50.8;25.6
49;2021-06-15;4241;6396;418989;215615;51.4;26.4
49;2021-06-16;4150;5682;423139;221297;51.9;27.1
49;2021-06-17;5069;5078;428208;226375;52.5;27.7
49;2021-06-18;4134;6888;432342;233263;53.0;28.6
49;2021-06-19;3525;3974;435867;237237;53.4;29.1
49;2021-06-20;33;25;435900;237262;53.4;29.1
49;2021-06-21;2828;6512;438728;243774;53.8;29.9
49;2021-06-22;3208;7009;441936;250783;54.2;30.7
49;2021-06-23;3253;6313;445189;257096;54.6;31.5
49;2021-06-24;4317;4979;449506;262075;55.1;32.1
49;2021-06-25;3325;7448;452831;269523;55.5;33.0
49;2021-06-26;2570;4626;455401;274149;55.8;33.6
49;2021-06-27;15;1544;455416;275693;55.8;33.8
49;2021-06-28;2234;7184;457650;282877;56.1;34.7
49;2021-06-29;3028;7272;460678;290149;56.5;35.6
49;2021-06-30;2824;6805;463502;296954;56.8;36.4
49;2021-07-01;3393;6274;466895;303228;57.2;37.2
49;2021-07-02;3063;8067;469958;311295;57.6;38.2
49;2021-07-03;2007;5486;471965;316781;57.8;38.8
49;2021-07-04;7;53;471972;316834;57.8;38.8
49;2021-07-05;1738;7078;473710;323912;58.1;39.7
49;2021-07-06;1894;7551;475604;331463;58.3;40.6
49;2021-07-07;2100;6625;477704;338088;58.6;41.4
49;2021-07-08;2689;6357;480393;344445;58.9;42.2
49;2021-07-09;2361;8251;482754;352696;59.2;43.2
49;2021-07-10;1802;5345;484556;358041;59.4;43.9
49;2021-07-11;12;35;484568;358076;59.4;43.9
49;2021-07-12;1947;7713;486515;365789;59.6;44.8
49;2021-07-13;2572;8304;489087;374093;59.9;45.9
49;2021-07-14;2893;3375;491980;377468;60.3;46.3
49;2021-07-15;3165;7554;495145;385022;60.7;47.2
49;2021-07-16;3396;8299;498541;393321;61.1;48.2
49;2021-07-17;2103;5481;500644;398802;61.4;48.9
49;2021-07-18;3751;583;504395;399385;61.8;49.0
49;2021-07-19;2667;7452;507062;406837;62.1;49.9
49;2021-07-20;3588;7484;510650;414321;62.6;50.8
49;2021-07-21;4228;6464;514878;420785;63.1;51.6
49;2021-07-22;4815;5867;519693;426652;63.7;52.3
49;2021-07-23;5111;6630;524804;433282;64.3;53.1
49;2021-07-24;3690;5004;528494;438286;64.8;53.7
49;2021-07-25;67;33;528561;438319;64.8;53.7
49;2021-07-26;4517;5903;533078;444222;65.3;54.4
49;2021-07-27;5753;5446;538831;449668;66.0;55.1
49;2021-07-28;6019;4361;544850;454029;66.8;55.6
49;2021-07-29;6702;4158;551552;458187;67.6;56.2
49;2021-07-30;6173;4792;557725;462979;68.4;56.7
49;2021-07-31;3959;3422;561684;466401;68.8;57.2
49;2021-08-01;21;22;561705;466423;68.8;57.2
49;2021-08-02;4271;4659;565976;471082;69.4;57.7
49;2021-08-03;5434;3804;571410;474886;70.0;58.2
49;2021-08-04;5276;3722;576686;478608;70.7;58.7
49;2021-08-05;5307;3289;581993;481897;71.3;59.1
49;2021-08-06;5718;4284;587711;486181;72.0;59.6
49;2021-08-07;3926;3044;591637;489225;72.5;60.0
49;2021-08-08;24;36;591661;489261;72.5;60.0
49;2021-08-09;3501;4682;595162;493943;72.9;60.5
49;2021-08-10;4251;3903;599413;497846;73.5;61.0
49;2021-08-11;4007;3654;603420;501500;74.0;61.5
49;2021-08-12;2665;3055;606085;504555;74.3;61.8
49;2021-08-13;3926;4270;610011;508825;74.8;62.4
49;2021-08-14;2279;3149;612290;511974;75.0;62.8
49;2021-08-15;30;26;612320;512000;75.1;62.8
49;2021-08-16;2831;5061;615151;517061;75.4;63.4
49;2021-08-17;3275;4911;618426;521972;75.8;64.0
49;2021-08-18;2977;4114;621403;526086;76.2;64.5
49;2021-08-19;1549;3663;622952;529749;76.4;64.9
49;2021-08-20;2733;5773;625685;535522;76.7;65.6
49;2021-08-21;1400;4150;627085;539672;76.9;66.1
49;2021-08-22;6;41;627091;539713;76.9;66.2
49;2021-08-23;2257;5627;629348;545340;77.1;66.8
49;2021-08-24;2747;5787;632095;551127;77.5;67.5
49;2021-08-25;2330;5431;634425;556558;77.8;68.2
49;2021-08-26;1717;4827;636142;561385;78.0;68.8
49;2021-08-27;2455;6813;638597;568198;78.3;69.6
49;2021-08-28;906;4302;639503;572500;78.4;70.2
49;2021-08-29;5;94;639508;572594;78.4;70.2
49;2021-08-30;1154;4256;640662;576850;78.5;70.7
49;2021-08-31;2249;5915;642911;582765;78.8;71.4
49;2021-09-01;1684;4296;644595;587061;79.0;72.0
49;2021-09-02;1064;2620;645659;589681;79.1;72.3
49;2021-09-03;1461;3952;647120;593633;79.3;72.8
49;2021-09-04;1211;3451;648331;597084;79.5;73.2
49;2021-09-05;5;5;648336;597089;79.5;73.2
49;2021-09-06;1098;2623;649434;599712;79.6;73.5
49;2021-09-07;1191;2538;650625;602250;79.7;73.8
49;2021-09-08;989;3069;651614;605319;79.9;74.2
49;2021-09-09;772;1608;652386;606927;80.0;74.4
49;2021-09-10;973;2839;653359;609766;80.1;74.7
49;2021-09-11;725;2524;654084;612290;80.2;75.0
49;2021-09-12;12;7;654096;612297;80.2;75.0
49;2021-09-13;746;2087;654842;614384;80.3;75.3
49;2021-09-14;644;1709;655486;616093;80.3;75.5
49;2021-09-15;622;2229;656108;618322;80.4;75.8
49;2021-09-16;524;1288;656632;619610;80.5;75.9
49;2021-09-17;931;2518;657563;622128;80.6;76.3
49;2021-09-18;542;2005;658105;624133;80.7;76.5
49;2021-09-19;2;8;658107;624141;80.7;76.5
49;2021-09-20;522;1246;658629;625387;80.7;76.7
49;2021-09-21;432;1598;659061;626985;80.8;76.8
49;2021-09-22;336;1996;659397;628981;80.8;77.1
49;2021-09-23;328;1169;659725;630150;80.9;77.2
49;2021-09-24;566;2242;660291;632392;80.9;77.5
49;2021-09-25;197;1014;660488;633406;81.0;77.6
49;2021-09-26;0;0;660488;633406;81.0;77.6
49;2021-09-27;384;1374;660872;634780;81.0;77.8
49;2021-09-28;413;1061;661285;635841;81.1;77.9
49;2021-09-29;378;1242;661663;637083;81.1;78.1
49;2021-09-30;319;708;661982;637791;81.1;78.2
49;2021-10-01;545;1505;662527;639296;81.2;78.4
49;2021-10-02;354;1134;662881;640430;81.2;78.5
49;2021-10-03;4;13;662885;640443;81.2;78.5
49;2021-10-04;314;759;663199;641202;81.3;78.6
49;2021-10-05;188;553;663387;641755;81.3;78.7
49;2021-10-06;405;751;663792;642506;81.4;78.7
49;2021-10-07;221;410;664013;642916;81.4;78.8
49;2021-10-08;562;1263;664575;644179;81.5;79.0
49;2021-10-09;262;649;664837;644828;81.5;79.0
49;2021-10-10;3;2;664840;644830;81.5;79.0
49;2021-10-11;308;711;665148;645541;81.5;79.1
49;2021-10-12;240;318;665388;645859;81.6;79.2
50;2020-12-27;0;0;0;0;0.0;0.0
50;2020-12-28;0;0;0;0;0.0;0.0
50;2020-12-29;1;0;1;0;0.0;0.0
50;2020-12-30;0;0;1;0;0.0;0.0
50;2020-12-31;0;0;1;0;0.0;0.0
50;2021-01-01;0;0;1;0;0.0;0.0
50;2021-01-02;0;0;1;0;0.0;0.0
50;2021-01-03;0;0;1;0;0.0;0.0
50;2021-01-04;1;0;2;0;0.0;0.0
50;2021-01-05;0;0;2;0;0.0;0.0
50;2021-01-06;126;0;128;0;0.0;0.0
50;2021-01-07;324;0;452;0;0.1;0.0
50;2021-01-08;436;2;888;2;0.2;0.0
50;2021-01-09;236;0;1124;2;0.2;0.0
50;2021-01-10;23;0;1147;2;0.2;0.0
50;2021-01-11;391;1;1538;3;0.3;0.0
50;2021-01-12;599;0;2137;3;0.4;0.0
50;2021-01-13;695;5;2832;8;0.6;0.0
50;2021-01-14;1051;11;3883;19;0.8;0.0
50;2021-01-15;710;4;4593;23;0.9;0.0
50;2021-01-16;215;3;4808;26;1.0;0.0
50;2021-01-17;1;0;4809;26;1.0;0.0
50;2021-01-18;620;2;5429;28;1.1;0.0
50;2021-01-19;902;9;6331;37;1.3;0.0
50;2021-01-20;964;1;7295;38;1.5;0.0
50;2021-01-21;917;4;8212;42;1.7;0.0
50;2021-01-22;716;4;8928;46;1.8;0.0
50;2021-01-23;668;4;9596;50;2.0;0.0
50;2021-01-24;882;3;10478;53;2.1;0.0
50;2021-01-25;2708;16;13186;69;2.7;0.0
50;2021-01-26;1336;16;14522;85;3.0;0.0
50;2021-01-27;769;56;15291;141;3.1;0.0
50;2021-01-28;716;170;16007;311;3.3;0.1
50;2021-01-29;581;307;16588;618;3.4;0.1
50;2021-01-30;382;164;16970;782;3.5;0.2
50;2021-01-31;0;0;16970;782;3.5;0.2
50;2021-02-01;451;224;17421;1006;3.6;0.2
50;2021-02-02;417;235;17838;1241;3.6;0.3
50;2021-02-03;391;375;18229;1616;3.7;0.3
50;2021-02-04;486;448;18715;2064;3.8;0.4
50;2021-02-05;426;448;19141;2512;3.9;0.5
50;2021-02-06;179;114;19320;2626;3.9;0.5
50;2021-02-07;0;0;19320;2626;3.9;0.5
50;2021-02-08;254;505;19574;3131;4.0;0.6
50;2021-02-09;246;640;19820;3771;4.0;0.8
50;2021-02-10;571;557;20391;4328;4.2;0.9
50;2021-02-11;436;915;20827;5243;4.2;1.1
50;2021-02-12;330;671;21157;5914;4.3;1.2
50;2021-02-13;306;487;21463;6401;4.4;1.3
50;2021-02-14;186;826;21649;7227;4.4;1.5
50;2021-02-15;664;2030;22313;9257;4.5;1.9
50;2021-02-16;747;1615;23060;10872;4.7;2.2
50;2021-02-17;632;823;23692;11695;4.8;2.4
50;2021-02-18;569;809;24261;12504;4.9;2.5
50;2021-02-19;631;519;24892;13023;5.1;2.7
50;2021-02-20;423;191;25315;13214;5.2;2.7
50;2021-02-21;85;29;25400;13243;5.2;2.7
50;2021-02-22;291;720;25691;13963;5.2;2.8
50;2021-02-23;503;565;26194;14528;5.3;3.0
50;2021-02-24;624;571;26818;15099;5.5;3.1
50;2021-02-25;780;594;27598;15693;5.6;3.2
50;2021-02-26;998;398;28596;16091;5.8;3.3
50;2021-02-27;887;115;29483;16206;6.0;3.3
50;2021-02-28;111;0;29594;16206;6.0;3.3
50;2021-03-01;488;557;30082;16763;6.1;3.4
50;2021-03-02;651;521;30733;17284;6.3;3.5
50;2021-03-03;798;457;31531;17741;6.4;3.6
50;2021-03-04;1247;340;32778;18081;6.7;3.7
50;2021-03-05;1553;354;34331;18435;7.0;3.8
50;2021-03-06;1321;161;35652;18596;7.3;3.8
50;2021-03-07;550;42;36202;18638;7.4;3.8
50;2021-03-08;1026;625;37228;19263;7.6;3.9
50;2021-03-09;1557;587;38785;19850;7.9;4.0
50;2021-03-10;1607;323;40392;20173;8.2;4.1
50;2021-03-11;2352;362;42744;20535;8.7;4.2
50;2021-03-12;2863;252;45607;20787;9.3;4.2
50;2021-03-13;1995;141;47602;20928;9.7;4.3
50;2021-03-14;280;43;47882;20971;9.8;4.3
50;2021-03-15;1378;301;49260;21272;10.0;4.3
50;2021-03-16;1341;285;50601;21557;10.3;4.4
50;2021-03-17;1296;416;51897;21973;10.6;4.5
50;2021-03-18;1162;435;53059;22408;10.8;4.6
50;2021-03-19;1733;595;54792;23003;11.2;4.7
50;2021-03-20;1688;234;56480;23237;11.5;4.7
50;2021-03-21;794;12;57274;23249;11.7;4.7
50;2021-03-22;1508;342;58782;23591;12.0;4.8
50;2021-03-23;2078;403;60860;23994;12.4;4.9
50;2021-03-24;2281;558;63141;24552;12.9;5.0
50;2021-03-25;2813;476;65954;25028;13.4;5.1
50;2021-03-26;3205;480;69159;25508;14.1;5.2
50;2021-03-27;1824;379;70983;25887;14.5;5.3
50;2021-03-28;403;20;71386;25907;14.5;5.3
50;2021-03-29;2139;723;73525;26630;15.0;5.4
50;2021-03-30;2283;648;75808;27278;15.4;5.6
50;2021-03-31;2479;576;78287;27854;16.0;5.7
50;2021-04-01;3104;876;81391;28730;16.6;5.9
50;2021-04-02;2960;935;84351;29665;17.2;6.0
50;2021-04-03;1245;686;85596;30351;17.4;6.2
50;2021-04-04;320;135;85916;30486;17.5;6.2
50;2021-04-05;400;28;86316;30514;17.6;6.2
50;2021-04-06;2127;1226;88443;31740;18.0;6.5
50;2021-04-07;2558;1185;91001;32925;18.5;6.7
50;2021-04-08;3597;1215;94598;34140;19.3;7.0
50;2021-04-09;3936;1304;98534;35444;20.1;7.2
50;2021-04-10;2534;878;101068;36322;20.6;7.4
50;2021-04-11;411;146;101479;36468;20.7;7.4
50;2021-04-12;2438;1381;103917;37849;21.2;7.7
50;2021-04-13;2679;1523;106596;39372;21.7;8.0
50;2021-04-14;2608;1360;109204;40732;22.3;8.3
50;2021-04-15;3161;1120;112365;41852;22.9;8.5
50;2021-04-16;3363;1105;115728;42957;23.6;8.8
50;2021-04-17;2397;1188;118125;44145;24.1;9.0
50;2021-04-18;425;666;118550;44811;24.2;9.1
50;2021-04-19;1996;1473;120546;46284;24.6;9.4
50;2021-04-20;2273;1593;122819;47877;25.0;9.8
50;2021-04-21;2548;1764;125367;49641;25.6;10.1
50;2021-04-22;3078;1829;128445;51470;26.2;10.5
50;2021-04-23;2757;1924;131202;53394;26.7;10.9
50;2021-04-24;1900;1439;133102;54833;27.1;11.2
50;2021-04-25;470;273;133572;55106;27.2;11.2
50;2021-04-26;2119;1891;135691;56997;27.7;11.6
50;2021-04-27;2412;2005;138103;59002;28.1;12.0
50;2021-04-28;2708;1977;140811;60979;28.7;12.4
50;2021-04-29;3285;2053;144096;63032;29.4;12.8
50;2021-04-30;2999;1937;147095;64969;30.0;13.2
50;2021-05-01;1015;597;148110;65566;30.2;13.4
50;2021-05-02;522;448;148632;66014;30.3;13.5
50;2021-05-03;1771;1806;150403;67820;30.7;13.8
50;2021-05-04;1771;2332;152174;70152;31.0;14.3
50;2021-05-05;1659;2955;153833;73107;31.4;14.9
50;2021-05-06;2530;2590;156363;75697;31.9;15.4
50;2021-05-07;2150;2861;158513;78558;32.3;16.0
50;2021-05-08;1170;796;159683;79354;32.5;16.2
50;2021-05-09;624;362;160307;79716;32.7;16.2
50;2021-05-10;1705;2604;162012;82320;33.0;16.8
50;2021-05-11;2542;2848;164554;85168;33.5;17.4
50;2021-05-12;3179;2440;167733;87608;34.2;17.9
50;2021-05-13;3382;612;171115;88220;34.9;18.0
50;2021-05-14;3568;2279;174683;90499;35.6;18.4
50;2021-05-15;4001;1875;178684;92374;36.4;18.8
50;2021-05-16;947;267;179631;92641;36.6;18.9
50;2021-05-17;2140;1879;181771;94520;37.0;19.3
50;2021-05-18;2523;1620;184294;96140;37.6;19.6
50;2021-05-19;2503;1448;186797;97588;38.1;19.9
50;2021-05-20;3261;1624;190058;99212;38.7;20.2
50;2021-05-21;3156;1912;193214;101124;39.4;20.6
50;2021-05-22;2651;1328;195865;102452;39.9;20.9
50;2021-05-23;603;284;196468;102736;40.0;20.9
50;2021-05-24;1527;489;197995;103225;40.4;21.0
50;2021-05-25;2448;1671;200443;104896;40.9;21.4
50;2021-05-26;3002;1461;203445;106357;41.5;21.7
50;2021-05-27;3036;1972;206481;108329;42.1;22.1
50;2021-05-28;2941;2126;209422;110455;42.7;22.5
50;2021-05-29;2760;1404;212182;111859;43.2;22.8
50;2021-05-30;812;327;212994;112186;43.4;22.9
50;2021-05-31;2651;1817;215645;114003;43.9;23.2
50;2021-06-01;3333;2069;218978;116072;44.6;23.7
50;2021-06-02;3259;1785;222237;117857;45.3;24.0
50;2021-06-03;3914;2060;226151;119917;46.1;24.4
50;2021-06-04;3822;2886;229973;122803;46.9;25.0
50;2021-06-05;2958;1847;232931;124650;47.5;25.4
50;2021-06-06;813;442;233744;125092;47.6;25.5
50;2021-06-07;3512;2082;237256;127174;48.4;25.9
50;2021-06-08;4073;2228;241329;129402;49.2;26.4
50;2021-06-09;4253;1998;245582;131400;50.1;26.8
50;2021-06-10;4193;2118;249775;133518;50.9;27.2
50;2021-06-11;4223;2712;253998;136230;51.8;27.8
50;2021-06-12;3738;1613;257736;137843;52.5;28.1
50;2021-06-13;1143;451;258879;138294;52.8;28.2
50;2021-06-14;2693;2967;261572;141261;53.3;28.8
50;2021-06-15;3016;2602;264588;143863;53.9;29.3
50;2021-06-16;3097;1976;267685;145839;54.6;29.7
50;2021-06-17;2798;2486;270483;148325;55.1;30.2
50;2021-06-18;3239;3055;273722;151380;55.8;30.9
50;2021-06-19;3176;1927;276898;153307;56.4;31.2
50;2021-06-20;731;710;277629;154017;56.6;31.4
50;2021-06-21;1819;3133;279448;157150;57.0;32.0
50;2021-06-22;2064;3393;281512;160543;57.4;32.7
50;2021-06-23;1871;3875;283383;164418;57.8;33.5
50;2021-06-24;1711;4008;285094;168426;58.1;34.3
50;2021-06-25;2134;4009;287228;172435;58.5;35.1
50;2021-06-26;2147;3695;289375;176130;59.0;35.9
50;2021-06-27;615;895;289990;177025;59.1;36.1
50;2021-06-28;1927;3349;291917;180374;59.5;36.8
50;2021-06-29;1881;3409;293798;183783;59.9;37.5
50;2021-06-30;2179;3411;295977;187194;60.3;38.2
50;2021-07-01;1944;3287;297921;190481;60.7;38.8
50;2021-07-02;1898;3935;299819;194416;61.1;39.6
50;2021-07-03;1448;3447;301267;197863;61.4;40.3
50;2021-07-04;445;1066;301712;198929;61.5;40.5
50;2021-07-05;1262;3412;302974;202341;61.7;41.2
50;2021-07-06;1573;3896;304547;206237;62.1;42.0
50;2021-07-07;1804;3617;306351;209854;62.4;42.8
50;2021-07-08;1374;4101;307725;213955;62.7;43.6
50;2021-07-09;1394;4572;309119;218527;63.0;44.5
50;2021-07-10;1023;3599;310142;222126;63.2;45.3
50;2021-07-11;373;1018;310515;223144;63.3;45.5
50;2021-07-12;1317;4625;311832;227769;63.6;46.4
50;2021-07-13;1624;4857;313456;232626;63.9;47.4
50;2021-07-14;1476;2359;314932;234985;64.2;47.9
50;2021-07-15;1688;5056;316620;240041;64.5;48.9
50;2021-07-16;2992;5244;319612;245285;65.1;50.0
50;2021-07-17;2149;3733;321761;249018;65.6;50.8
50;2021-07-18;402;1092;322163;250110;65.7;51.0
50;2021-07-19;1571;5186;323734;255296;66.0;52.0
50;2021-07-20;1924;5407;325658;260703;66.4;53.1
50;2021-07-21;1802;5259;327460;265962;66.7;54.2
50;2021-07-22;1947;5004;329407;270966;67.1;55.2
50;2021-07-23;2072;5385;331479;276351;67.6;56.3
50;2021-07-24;1311;3836;332790;280187;67.8;57.1
50;2021-07-25;274;1037;333064;281224;67.9;57.3
50;2021-07-26;2290;3487;335354;284711;68.3;58.0
50;2021-07-27;2899;3347;338253;288058;68.9;58.7
50;2021-07-28;2998;3689;341251;291747;69.5;59.5
50;2021-07-29;3581;3233;344832;294980;70.3;60.1
50;2021-07-30;3075;3009;347907;297989;70.9;60.7
50;2021-07-31;2406;2672;350313;300661;71.4;61.3
50;2021-08-01;484;686;350797;301347;71.5;61.4
50;2021-08-02;2475;2741;353272;304088;72.0;62.0
50;2021-08-03;3404;2470;356676;306558;72.7;62.5
50;2021-08-04;3602;2323;360278;308881;73.4;63.0
50;2021-08-05;3189;2159;363467;311040;74.1;63.4
50;2021-08-06;3658;2800;367125;313840;74.8;64.0
50;2021-08-07;2462;2156;369587;315996;75.3;64.4
50;2021-08-08;511;712;370098;316708;75.4;64.5
50;2021-08-09;2493;2135;372591;318843;75.9;65.0
50;2021-08-10;2987;1989;375578;320832;76.5;65.4
50;2021-08-11;2852;2018;378430;322850;77.1;65.8
50;2021-08-12;2596;2439;381026;325289;77.7;66.3
50;2021-08-13;2506;1979;383532;327268;78.2;66.7
50;2021-08-14;1811;1748;385343;329016;78.5;67.1
50;2021-08-15;399;334;385742;329350;78.6;67.1
50;2021-08-16;1721;2228;387463;331578;79.0;67.6
50;2021-08-17;1973;2704;389436;334282;79.4;68.1
50;2021-08-18;1846;2389;391282;336671;79.7;68.6
50;2021-08-19;1710;2579;392992;339250;80.1;69.1
50;2021-08-20;1621;2739;394613;341989;80.4;69.7
50;2021-08-21;1016;2727;395629;344716;80.6;70.3
50;2021-08-22;384;519;396013;345235;80.7;70.4
50;2021-08-23;1138;2906;397151;348141;80.9;71.0
50;2021-08-24;1246;3222;398397;351363;81.2;71.6
50;2021-08-25;1107;2649;399504;354012;81.4;72.1
50;2021-08-26;866;3156;400370;357168;81.6;72.8
50;2021-08-27;937;3181;401307;360349;81.8;73.4
50;2021-08-28;795;2887;402102;363236;81.9;74.0
50;2021-08-29;283;575;402385;363811;82.0;74.1
50;2021-08-30;773;2875;403158;366686;82.2;74.7
50;2021-08-31;822;2928;403980;369614;82.3;75.3
50;2021-09-01;707;2659;404687;372273;82.5;75.9
50;2021-09-02;532;2220;405219;374493;82.6;76.3
50;2021-09-03;702;2541;405921;377034;82.7;76.8
50;2021-09-04;620;2852;406541;379886;82.9;77.4
50;2021-09-05;194;669;406735;380555;82.9;77.6
50;2021-09-06;435;1898;407170;382453;83.0;77.9
50;2021-09-07;330;1473;407500;383926;83.0;78.2
50;2021-09-08;502;1934;408002;385860;83.2;78.6
50;2021-09-09;419;1274;408421;387134;83.2;78.9
50;2021-09-10;530;1689;408951;388823;83.3;79.2
50;2021-09-11;365;2179;409316;391002;83.4;79.7
50;2021-09-12;71;369;409387;391371;83.4;79.8
50;2021-09-13;414;1022;409801;392393;83.5;80.0
50;2021-09-14;416;939;410217;393332;83.6;80.2
50;2021-09-15;419;1087;410636;394419;83.7;80.4
50;2021-09-16;465;748;411101;395167;83.8;80.5
50;2021-09-17;462;1032;411563;396199;83.9;80.7
50;2021-09-18;314;1467;411877;397666;83.9;81.0
50;2021-09-19;46;276;411923;397942;84.0;81.1
50;2021-09-20;384;589;412307;398531;84.0;81.2
50;2021-09-21;432;625;412739;399156;84.1;81.3
50;2021-09-22;216;867;412955;400023;84.2;81.5
50;2021-09-23;272;452;413227;400475;84.2;81.6
50;2021-09-24;253;819;413480;401294;84.3;81.8
50;2021-09-25;213;934;413693;402228;84.3;82.0
50;2021-09-26;20;181;413713;402409;84.3;82.0
50;2021-09-27;110;392;413823;402801;84.3;82.1
50;2021-09-28;160;385;413983;403186;84.4;82.2
50;2021-09-29;156;526;414139;403712;84.4;82.3
50;2021-09-30;165;424;414304;404136;84.4;82.4
50;2021-10-01;206;592;414510;404728;84.5;82.5
50;2021-10-02;224;540;414734;405268;84.5;82.6
50;2021-10-03;2;5;414736;405273;84.5;82.6
50;2021-10-04;180;484;414916;405757;84.6;82.7
50;2021-10-05;135;399;415051;406156;84.6;82.8
50;2021-10-06;191;490;415242;406646;84.6;82.9
50;2021-10-07;112;362;415354;407008;84.7;82.9
50;2021-10-08;212;499;415566;407507;84.7;83.1
50;2021-10-09;218;515;415784;408022;84.7;83.2
50;2021-10-10;0;0;415784;408022;84.7;83.2
50;2021-10-11;99;232;415883;408254;84.8;83.2
50;2021-10-12;135;346;416018;408600;84.8;83.3
51;2020-12-27;0;0;0;0;0.0;0.0
51;2020-12-28;0;0;0;0;0.0;0.0
51;2020-12-29;0;0;0;0;0.0;0.0
51;2020-12-30;0;0;0;0;0.0;0.0
51;2020-12-31;1;0;1;0;0.0;0.0
51;2021-01-01;0;0;1;0;0.0;0.0
51;2021-01-02;0;0;1;0;0.0;0.0
51;2021-01-03;0;0;1;0;0.0;0.0
51;2021-01-04;1;0;2;0;0.0;0.0
51;2021-01-05;1;0;3;0;0.0;0.0
51;2021-01-06;6;0;9;0;0.0;0.0
51;2021-01-07;262;1;271;1;0.0;0.0
51;2021-01-08;508;1;779;2;0.1;0.0
51;2021-01-09;91;1;870;3;0.2;0.0
51;2021-01-10;0;0;870;3;0.2;0.0
51;2021-01-11;546;2;1416;5;0.3;0.0
51;2021-01-12;1542;5;2958;10;0.5;0.0
51;2021-01-13;1289;7;4247;17;0.8;0.0
51;2021-01-14;1475;7;5722;24;1.0;0.0
51;2021-01-15;607;4;6329;28;1.1;0.0
51;2021-01-16;177;1;6506;29;1.2;0.0
51;2021-01-17;102;0;6608;29;1.2;0.0
51;2021-01-18;845;4;7453;33;1.3;0.0
51;2021-01-19;997;5;8450;38;1.5;0.0
51;2021-01-20;955;11;9405;49;1.7;0.0
51;2021-01-21;790;3;10195;52;1.8;0.0
51;2021-01-22;394;2;10589;54;1.9;0.0
51;2021-01-23;294;0;10883;54;1.9;0.0
51;2021-01-24;130;1;11013;55;2.0;0.0
51;2021-01-25;712;3;11725;58;2.1;0.0
51;2021-01-26;779;5;12504;63;2.2;0.0
51;2021-01-27;656;4;13160;67;2.3;0.0
51;2021-01-28;646;68;13806;135;2.4;0.0
51;2021-01-29;474;142;14280;277;2.5;0.0
51;2021-01-30;126;5;14406;282;2.6;0.1
51;2021-01-31;83;0;14489;282;2.6;0.1
51;2021-02-01;275;58;14764;340;2.6;0.1
51;2021-02-02;738;723;15502;1063;2.7;0.2
51;2021-02-03;642;472;16144;1535;2.9;0.3
51;2021-02-04;968;816;17112;2351;3.0;0.4
51;2021-02-05;972;513;18084;2864;3.2;0.5
51;2021-02-06;30;147;18114;3011;3.2;0.5
51;2021-02-07;0;18;18114;3029;3.2;0.5
51;2021-02-08;115;412;18229;3441;3.2;0.6
51;2021-02-09;221;470;18450;3911;3.3;0.7
51;2021-02-10;220;637;18670;4548;3.3;0.8
51;2021-02-11;302;530;18972;5078;3.4;0.9
51;2021-02-12;341;564;19313;5642;3.4;1.0
51;2021-02-13;8;115;19321;5757;3.4;1.0
51;2021-02-14;8;171;19329;5928;3.4;1.1
51;2021-02-15;266;848;19595;6776;3.5;1.2
51;2021-02-16;402;969;19997;7745;3.5;1.4
51;2021-02-17;367;877;20364;8622;3.6;1.5
51;2021-02-18;437;593;20801;9215;3.7;1.6
51;2021-02-19;528;424;21329;9639;3.8;1.7
51;2021-02-20;205;293;21534;9932;3.8;1.8
51;2021-02-21;10;101;21544;10033;3.8;1.8
51;2021-02-22;195;689;21739;10722;3.9;1.9
51;2021-02-23;262;1099;22001;11821;3.9;2.1
51;2021-02-24;414;689;22415;12510;4.0;2.2
51;2021-02-25;1049;887;23464;13397;4.2;2.4
51;2021-02-26;1228;668;24692;14065;4.4;2.5
51;2021-02-27;590;124;25282;14189;4.5;2.5
51;2021-02-28;7;71;25289;14260;4.5;2.5
51;2021-03-01;768;314;26057;14574;4.6;2.6
51;2021-03-02;1128;467;27185;15041;4.8;2.7
51;2021-03-03;1195;467;28380;15508;5.0;2.8
51;2021-03-04;1061;701;29441;16209;5.2;2.9
51;2021-03-05;1562;674;31003;16883;5.5;3.0
51;2021-03-06;1434;60;32437;16943;5.8;3.0
51;2021-03-07;251;6;32688;16949;5.8;3.0
51;2021-03-08;992;101;33680;17050;6.0;3.0
51;2021-03-09;1665;195;35345;17245;6.3;3.1
51;2021-03-10;1999;114;37344;17359;6.6;3.1
51;2021-03-11;2371;175;39715;17534;7.0;3.1
51;2021-03-12;3255;167;42970;17701;7.6;3.1
51;2021-03-13;2550;54;45520;17755;8.1;3.1
51;2021-03-14;190;5;45710;17760;8.1;3.1
51;2021-03-15;1580;151;47290;17911;8.4;3.2
51;2021-03-16;1478;186;48768;18097;8.6;3.2
51;2021-03-17;1497;211;50265;18308;8.9;3.2
51;2021-03-18;1615;288;51880;18596;9.2;3.3
51;2021-03-19;2311;303;54191;18899;9.6;3.4
51;2021-03-20;1661;220;55852;19119;9.9;3.4
51;2021-03-21;133;5;55985;19124;9.9;3.4
51;2021-03-22;1416;126;57401;19250;10.2;3.4
51;2021-03-23;2469;170;59870;19420;10.6;3.4
51;2021-03-24;2846;138;62716;19558;11.1;3.5
51;2021-03-25;3254;339;65970;19897;11.7;3.5
51;2021-03-26;3411;511;69381;20408;12.3;3.6
51;2021-03-27;1842;253;71223;20661;12.6;3.7
51;2021-03-28;213;3;71436;20664;12.7;3.7
51;2021-03-29;991;641;72427;21305;12.8;3.8
51;2021-03-30;1748;862;74175;22167;13.2;3.9
51;2021-03-31;1739;761;75914;22928;13.5;4.1
51;2021-04-01;2280;463;78194;23391;13.9;4.1
51;2021-04-02;2425;645;80619;24036;14.3;4.3
51;2021-04-03;1301;413;81920;24449;14.5;4.3
51;2021-04-04;106;2;82026;24451;14.5;4.3
51;2021-04-05;72;141;82098;24592;14.6;4.4
51;2021-04-06;763;1233;82861;25825;14.7;4.6
51;2021-04-07;1312;1412;84173;27237;14.9;4.8
51;2021-04-08;2208;1783;86381;29020;15.3;5.1
51;2021-04-09;2863;1737;89244;30757;15.8;5.5
51;2021-04-10;2219;503;91463;31260;16.2;5.5
51;2021-04-11;105;85;91568;31345;16.2;5.6
51;2021-04-12;1450;1343;93018;32688;16.5;5.8
51;2021-04-13;1936;1682;94954;34370;16.8;6.1
51;2021-04-14;2460;1560;97414;35930;17.3;6.4
51;2021-04-15;2855;1675;100269;37605;17.8;6.7
51;2021-04-16;3214;1609;103483;39214;18.4;7.0
51;2021-04-17;1966;776;105449;39990;18.7;7.1
51;2021-04-18;296;114;105745;40104;18.8;7.1
51;2021-04-19;1561;1162;107306;41266;19.0;7.3
51;2021-04-20;1791;1665;109097;42931;19.3;7.6
51;2021-04-21;2002;1745;111099;44676;19.7;7.9
51;2021-04-22;2407;1666;113506;46342;20.1;8.2
51;2021-04-23;2982;1831;116488;48173;20.7;8.5
51;2021-04-24;1749;955;118237;49128;21.0;8.7
51;2021-04-25;123;161;118360;49289;21.0;8.7
51;2021-04-26;1851;761;120211;50050;21.3;8.9
51;2021-04-27;2442;1237;122653;51287;21.8;9.1
51;2021-04-28;2552;1315;125205;52602;22.2;9.3
51;2021-04-29;2676;1464;127881;54066;22.7;9.6
51;2021-04-30;2975;1679;130856;55745;23.2;9.9
51;2021-05-01;1453;412;132309;56157;23.5;10.0
51;2021-05-02;107;99;132416;56256;23.5;10.0
51;2021-05-03;2484;766;134900;57022;23.9;10.1
51;2021-05-04;2788;1358;137688;58380;24.4;10.4
51;2021-05-05;2860;1642;140548;60022;24.9;10.6
51;2021-05-06;5344;1956;145892;61978;25.9;11.0
51;2021-05-07;3705;1940;149597;63918;26.5;11.3
51;2021-05-08;2862;820;152459;64738;27.0;11.5
51;2021-05-09;212;92;152671;64830;27.1;11.5
51;2021-05-10;3214;1869;155885;66699;27.6;11.8
51;2021-05-11;3643;2042;159528;68741;28.3;12.2
51;2021-05-12;4182;2237;163710;70978;29.0;12.6
51;2021-05-13;1777;505;165487;71483;29.4;12.7
51;2021-05-14;5401;1744;170888;73227;30.3;13.0
51;2021-05-15;4227;1355;175115;74582;31.1;13.2
51;2021-05-16;284;47;175399;74629;31.1;13.2
51;2021-05-17;3131;1524;178530;76153;31.7;13.5
51;2021-05-18;3918;1767;182448;77920;32.4;13.8
51;2021-05-19;4031;1724;186479;79644;33.1;14.1
51;2021-05-20;4649;1969;191128;81613;33.9;14.5
51;2021-05-21;3597;2473;194725;84086;34.5;14.9
51;2021-05-22;2075;1549;196800;85635;34.9;15.2
51;2021-05-23;308;210;197108;85845;35.0;15.2
51;2021-05-24;2018;720;199126;86565;35.3;15.4
51;2021-05-25;3130;1829;202256;88394;35.9;15.7
51;2021-05-26;3297;1711;205553;90105;36.5;16.0
51;2021-05-27;3267;2062;208820;92167;37.0;16.3
51;2021-05-28;3605;2823;212425;94990;37.7;16.8
51;2021-05-29;2401;1995;214826;96985;38.1;17.2
51;2021-05-30;401;133;215227;97118;38.2;17.2
51;2021-05-31;3348;1784;218575;98902;38.8;17.5
51;2021-06-01;3854;2334;222429;101236;39.5;18.0
51;2021-06-02;6096;2332;228525;103568;40.5;18.4
51;2021-06-03;3580;2427;232105;105995;41.2;18.8
51;2021-06-04;6346;2943;238451;108938;42.3;19.3
51;2021-06-05;2597;1822;241048;110760;42.8;19.6
51;2021-06-06;172;157;241220;110917;42.8;19.7
51;2021-06-07;4302;2166;245522;113083;43.5;20.1
51;2021-06-08;3925;2533;249447;115616;44.2;20.5
51;2021-06-09;4016;2750;253463;118366;45.0;21.0
51;2021-06-10;3208;2491;256671;120857;45.5;21.4
51;2021-06-11;3358;3429;260029;124286;46.1;22.0
51;2021-06-12;2165;2170;262194;126456;46.5;22.4
51;2021-06-13;191;149;262385;126605;46.5;22.5
51;2021-06-14;1627;3331;264012;129936;46.8;23.0
51;2021-06-15;3189;3577;267201;133513;47.4;23.7
51;2021-06-16;2208;3685;269409;137198;47.8;24.3
51;2021-06-17;2609;5402;272018;142600;48.2;25.3
51;2021-06-18;2355;5212;274373;147812;48.7;26.2
51;2021-06-19;1683;4425;276056;152237;49.0;27.0
51;2021-06-20;184;228;276240;152465;49.0;27.0
51;2021-06-21;1231;4440;277471;156905;49.2;27.8
51;2021-06-22;1558;4044;279029;160949;49.5;28.5
51;2021-06-23;3670;4239;282699;165188;50.1;29.3
51;2021-06-24;2246;3226;284945;168414;50.5;29.9
51;2021-06-25;1905;6526;286850;174940;50.9;31.0
51;2021-06-26;1203;5065;288053;180005;51.1;31.9
51;2021-06-27;103;336;288156;180341;51.1;32.0
51;2021-06-28;1401;4413;289557;184754;51.4;32.8
51;2021-06-29;1174;4463;290731;189217;51.6;33.6
51;2021-06-30;1686;6045;292417;195262;51.9;34.6
51;2021-07-01;1978;3765;294395;199027;52.2;35.3
51;2021-07-02;1838;6887;296233;205914;52.5;36.5
51;2021-07-03;1003;3198;297236;209112;52.7;37.1
51;2021-07-04;171;254;297407;209366;52.7;37.1
51;2021-07-05;770;5529;298177;214895;52.9;38.1
51;2021-07-06;1246;4781;299423;219676;53.1;39.0
51;2021-07-07;1617;4935;301040;224611;53.4;39.8
51;2021-07-08;2067;3431;303107;228042;53.8;40.4
51;2021-07-09;1854;5056;304961;233098;54.1;41.3
51;2021-07-10;1238;3204;306199;236302;54.3;41.9
51;2021-07-11;190;281;306389;236583;54.3;42.0
51;2021-07-12;996;4379;307385;240962;54.5;42.7
51;2021-07-13;1480;4775;308865;245737;54.8;43.6
51;2021-07-14;1071;1691;309936;247428;55.0;43.9
51;2021-07-15;2938;4915;312874;252343;55.5;44.8
51;2021-07-16;2365;5275;315239;257618;55.9;45.7
51;2021-07-17;1821;3481;317060;261099;56.2;46.3
51;2021-07-18;163;331;317223;261430;56.3;46.4
51;2021-07-19;1892;3978;319115;265408;56.6;47.1
51;2021-07-20;2585;5143;321700;270551;57.1;48.0
51;2021-07-21;3611;4069;325311;274620;57.7;48.7
51;2021-07-22;4412;3758;329723;278378;58.5;49.4
51;2021-07-23;3640;4381;333363;282759;59.1;50.2
51;2021-07-24;2086;2726;335449;285485;59.5;50.6
51;2021-07-25;356;258;335805;285743;59.6;50.7
51;2021-07-26;3113;2808;338918;288551;60.1;51.2
51;2021-07-27;5864;3277;344782;291828;61.2;51.8
51;2021-07-28;4139;4320;348921;296148;61.9;52.5
51;2021-07-29;4701;2722;353622;298870;62.7;53.0
51;2021-07-30;3628;3163;357250;302033;63.4;53.6
51;2021-07-31;2526;2132;359776;304165;63.8;53.9
51;2021-08-01;375;236;360151;304401;63.9;54.0
51;2021-08-02;3287;2310;363438;306711;64.5;54.4
51;2021-08-03;3775;1913;367213;308624;65.1;54.7
51;2021-08-04;4450;2126;371663;310750;65.9;55.1
51;2021-08-05;2655;1536;374318;312286;66.4;55.4
51;2021-08-06;3044;2552;377362;314838;66.9;55.8
51;2021-08-07;2161;1700;379523;316538;67.3;56.1
51;2021-08-08;368;208;379891;316746;67.4;56.2
51;2021-08-09;2604;1852;382495;318598;67.8;56.5
51;2021-08-10;2372;1984;384867;320582;68.3;56.9
51;2021-08-11;2917;2341;387784;322923;68.8;57.3
51;2021-08-12;1754;1958;389538;324881;69.1;57.6
51;2021-08-13;2066;2670;391604;327551;69.5;58.1
51;2021-08-14;1583;2027;393187;329578;69.7;58.5
51;2021-08-15;149;150;393336;329728;69.8;58.5
51;2021-08-16;1356;3016;394692;332744;70.0;59.0
51;2021-08-17;1560;3283;396252;336027;70.3;59.6
51;2021-08-18;1899;3693;398151;339720;70.6;60.3
51;2021-08-19;1409;2548;399560;342268;70.9;60.7
51;2021-08-20;1708;3974;401268;346242;71.2;61.4
51;2021-08-21;988;2497;402256;348739;71.3;61.9
51;2021-08-22;101;343;402357;349082;71.4;61.9
51;2021-08-23;1111;3607;403468;352689;71.6;62.6
51;2021-08-24;1174;3644;404642;356333;71.8;63.2
51;2021-08-25;1321;4488;405963;360821;72.0;64.0
51;2021-08-26;1058;2547;407021;363368;72.2;64.4
51;2021-08-27;1214;4178;408235;367546;72.4;65.2
51;2021-08-28;655;2632;408890;370178;72.5;65.7
51;2021-08-29;84;360;408974;370538;72.5;65.7
51;2021-08-30;1332;4788;410306;375326;72.8;66.6
51;2021-08-31;778;2916;411084;378242;72.9;67.1
51;2021-09-01;738;3216;411822;381458;73.0;67.7
51;2021-09-02;800;2048;412622;383506;73.2;68.0
51;2021-09-03;905;2628;413527;386134;73.3;68.5
51;2021-09-04;622;2706;414149;388840;73.5;69.0
51;2021-09-05;122;194;414271;389034;73.5;69.0
51;2021-09-06;436;1509;414707;390543;73.6;69.3
51;2021-09-07;519;1256;415226;391799;73.6;69.5
51;2021-09-08;627;1925;415853;393724;73.8;69.8
51;2021-09-09;466;1190;416319;394914;73.8;70.0
51;2021-09-10;672;1787;416991;396701;74.0;70.4
51;2021-09-11;562;1828;417553;398529;74.1;70.7
51;2021-09-12;19;79;417572;398608;74.1;70.7
51;2021-09-13;427;851;417999;399459;74.1;70.8
51;2021-09-14;594;873;418593;400332;74.2;71.0
51;2021-09-15;494;1425;419087;401757;74.3;71.3
51;2021-09-16;307;657;419394;402414;74.4;71.4
51;2021-09-17;552;1129;419946;403543;74.5;71.6
51;2021-09-18;470;1421;420416;404964;74.6;71.8
51;2021-09-19;14;64;420430;405028;74.6;71.8
51;2021-09-20;281;539;420711;405567;74.6;71.9
51;2021-09-21;256;490;420967;406057;74.7;72.0
51;2021-09-22;318;1353;421285;407410;74.7;72.3
51;2021-09-23;195;602;421480;408012;74.8;72.4
51;2021-09-24;366;978;421846;408990;74.8;72.5
51;2021-09-25;283;984;422129;409974;74.9;72.7
51;2021-09-26;7;129;422136;410103;74.9;72.7
51;2021-09-27;259;446;422395;410549;74.9;72.8
51;2021-09-28;298;363;422693;410912;75.0;72.9
51;2021-09-29;348;775;423041;411687;75.0;73.0
51;2021-09-30;263;415;423304;412102;75.1;73.1
51;2021-10-01;355;717;423659;412819;75.1;73.2
51;2021-10-02;371;761;424030;413580;75.2;73.4
51;2021-10-03;0;1;424030;413581;75.2;73.4
51;2021-10-04;180;445;424210;414026;75.2;73.4
51;2021-10-05;205;432;424415;414458;75.3;73.5
51;2021-10-06;314;553;424729;415011;75.3;73.6
51;2021-10-07;163;368;424892;415379;75.4;73.7
51;2021-10-08;313;590;425205;415969;75.4;73.8
51;2021-10-09;321;603;425526;416572;75.5;73.9
51;2021-10-10;2;2;425528;416574;75.5;73.9
51;2021-10-11;168;299;425696;416873;75.5;73.9
51;2021-10-12;156;371;425852;417244;75.5;74.0
52;2020-12-27;0;0;0;0;0.0;0.0
52;2020-12-28;1;0;1;0;0.0;0.0
52;2020-12-29;0;0;1;0;0.0;0.0
52;2020-12-30;0;0;1;0;0.0;0.0
52;2020-12-31;0;0;1;0;0.0;0.0
52;2021-01-01;0;0;1;0;0.0;0.0
52;2021-01-02;1;0;2;0;0.0;0.0
52;2021-01-03;0;0;2;0;0.0;0.0
52;2021-01-04;0;0;2;0;0.0;0.0
52;2021-01-05;0;0;2;0;0.0;0.0
52;2021-01-06;2;0;4;0;0.0;0.0
52;2021-01-07;0;0;4;0;0.0;0.0
52;2021-01-08;200;1;204;1;0.1;0.0
52;2021-01-09;93;0;297;1;0.2;0.0
52;2021-01-10;0;0;297;1;0.2;0.0
52;2021-01-11;207;0;504;1;0.3;0.0
52;2021-01-12;171;0;675;1;0.4;0.0
52;2021-01-13;563;3;1238;4;0.7;0.0
52;2021-01-14;677;11;1915;15;1.1;0.0
52;2021-01-15;411;1;2326;16;1.4;0.0
52;2021-01-16;16;1;2342;17;1.4;0.0
52;2021-01-17;0;0;2342;17;1.4;0.0
52;2021-01-18;427;0;2769;17;1.6;0.0
52;2021-01-19;440;1;3209;18;1.9;0.0
52;2021-01-20;422;0;3631;18;2.1;0.0
52;2021-01-21;423;2;4054;20;2.4;0.0
52;2021-01-22;320;2;4374;22;2.6;0.0
52;2021-01-23;73;2;4447;24;2.6;0.0
52;2021-01-24;0;0;4447;24;2.6;0.0
52;2021-01-25;236;0;4683;24;2.8;0.0
52;2021-01-26;308;0;4991;24;2.9;0.0
52;2021-01-27;238;1;5229;25;3.1;0.0
52;2021-01-28;174;4;5403;29;3.2;0.0
52;2021-01-29;74;122;5477;151;3.2;0.1
52;2021-01-30;91;95;5568;246;3.3;0.1
52;2021-01-31;0;0;5568;246;3.3;0.1
52;2021-02-01;117;189;5685;435;3.4;0.3
52;2021-02-02;61;176;5746;611;3.4;0.4
52;2021-02-03;89;410;5835;1021;3.4;0.6
52;2021-02-04;231;592;6066;1613;3.6;1.0
52;2021-02-05;113;505;6179;2118;3.7;1.3
52;2021-02-06;22;0;6201;2118;3.7;1.3
52;2021-02-07;0;1;6201;2119;3.7;1.3
52;2021-02-08;34;208;6235;2327;3.7;1.4
52;2021-02-09;47;216;6282;2543;3.7;1.5
52;2021-02-10;88;189;6370;2732;3.8;1.6
52;2021-02-11;129;148;6499;2880;3.8;1.7
52;2021-02-12;187;128;6686;3008;4.0;1.8
52;2021-02-13;5;1;6691;3009;4.0;1.8
52;2021-02-14;0;16;6691;3025;4.0;1.8
52;2021-02-15;79;277;6770;3302;4.0;2.0
52;2021-02-16;50;358;6820;3660;4.0;2.2
52;2021-02-17;38;313;6858;3973;4.1;2.3
52;2021-02-18;82;279;6940;4252;4.1;2.5
52;2021-02-19;50;192;6990;4444;4.1;2.6
52;2021-02-20;14;106;7004;4550;4.1;2.7
52;2021-02-21;0;0;7004;4550;4.1;2.7
52;2021-02-22;42;382;7046;4932;4.2;2.9
52;2021-02-23;56;278;7102;5210;4.2;3.1
52;2021-02-24;81;246;7183;5456;4.2;3.2
52;2021-02-25;161;238;7344;5694;4.3;3.4
52;2021-02-26;296;182;7640;5876;4.5;3.5
52;2021-02-27;149;49;7789;5925;4.6;3.5
52;2021-02-28;0;0;7789;5925;4.6;3.5
52;2021-03-01;162;14;7951;5939;4.7;3.5
52;2021-03-02;244;52;8195;5991;4.8;3.5
52;2021-03-03;356;38;8551;6029;5.1;3.6
52;2021-03-04;381;58;8932;6087;5.3;3.6
52;2021-03-05;531;54;9463;6141;5.6;3.6
52;2021-03-06;409;36;9872;6177;5.8;3.6
52;2021-03-07;0;0;9872;6177;5.8;3.6
52;2021-03-08;398;112;10270;6289;6.1;3.7
52;2021-03-09;549;111;10819;6400;6.4;3.8
52;2021-03-10;308;109;11127;6509;6.6;3.8
52;2021-03-11;587;36;11714;6545;6.9;3.9
52;2021-03-12;600;70;12314;6615;7.3;3.9
52;2021-03-13;494;11;12808;6626;7.6;3.9
52;2021-03-14;15;3;12823;6629;7.6;3.9
52;2021-03-15;318;28;13141;6657;7.8;3.9
52;2021-03-16;203;16;13344;6673;7.9;3.9
52;2021-03-17;369;16;13713;6689;8.1;4.0
52;2021-03-18;442;12;14155;6701;8.4;4.0
52;2021-03-19;453;55;14608;6756;8.6;4.0
52;2021-03-20;259;12;14867;6768;8.8;4.0
52;2021-03-21;15;1;14882;6769;8.8;4.0
52;2021-03-22;375;49;15257;6818;9.0;4.0
52;2021-03-23;686;142;15943;6960;9.4;4.1
52;2021-03-24;771;74;16714;7034;9.9;4.2
52;2021-03-25;1144;89;17858;7123;10.6;4.2
52;2021-03-26;1037;139;18895;7262;11.2;4.3
52;2021-03-27;477;77;19372;7339;11.4;4.3
52;2021-03-28;53;0;19425;7339;11.5;4.3
52;2021-03-29;507;185;19932;7524;11.8;4.4
52;2021-03-30;868;342;20800;7866;12.3;4.6
52;2021-03-31;956;293;21756;8159;12.9;4.8
52;2021-04-01;1145;183;22901;8342;13.5;4.9
52;2021-04-02;958;111;23859;8453;14.1;5.0
52;2021-04-03;462;3;24321;8456;14.4;5.0
52;2021-04-04;1;1;24322;8457;14.4;5.0
52;2021-04-05;1;0;24323;8457;14.4;5.0
52;2021-04-06;434;296;24757;8753;14.6;5.2
52;2021-04-07;506;451;25263;9204;14.9;5.4
52;2021-04-08;860;212;26123;9416;15.4;5.6
52;2021-04-09;1059;131;27182;9547;16.1;5.6
52;2021-04-10;850;102;28032;9649;16.6;5.7
52;2021-04-11;96;1;28128;9650;16.6;5.7
52;2021-04-12;933;282;29061;9932;17.2;5.9
52;2021-04-13;1251;381;30312;10313;17.9;6.1
52;2021-04-14;1345;459;31657;10772;18.7;6.4
52;2021-04-15;1505;443;33162;11215;19.6;6.6
52;2021-04-16;1569;368;34731;11583;20.5;6.8
52;2021-04-17;1312;137;36043;11720;21.3;6.9
52;2021-04-18;510;29;36553;11749;21.6;6.9
52;2021-04-19;697;612;37250;12361;22.0;7.3
52;2021-04-20;1079;679;38329;13040;22.6;7.7
52;2021-04-21;1058;675;39387;13715;23.3;8.1
52;2021-04-22;1468;736;40855;14451;24.1;8.5
52;2021-04-23;1250;671;42105;15122;24.9;8.9
52;2021-04-24;477;293;42582;15415;25.2;9.1
52;2021-04-25;3;77;42585;15492;25.2;9.2
52;2021-04-26;631;565;43216;16057;25.5;9.5
52;2021-04-27;932;672;44148;16729;26.1;9.9
52;2021-04-28;1444;570;45592;17299;26.9;10.2
52;2021-04-29;1452;583;47044;17882;27.8;10.6
52;2021-04-30;1316;618;48360;18500;28.6;10.9
52;2021-05-01;8;232;48368;18732;28.6;11.1
52;2021-05-02;0;1;48368;18733;28.6;11.1
52;2021-05-03;1159;630;49527;19363;29.3;11.4
52;2021-05-04;1445;723;50972;20086;30.1;11.9
52;2021-05-05;1767;648;52739;20734;31.2;12.3
52;2021-05-06;1963;537;54702;21271;32.3;12.6
52;2021-05-07;1441;1170;56143;22441;33.2;13.3
52;2021-05-08;587;318;56730;22759;33.5;13.4
52;2021-05-09;1;47;56731;22806;33.5;13.5
52;2021-05-10;792;1101;57523;23907;34.0;14.1
52;2021-05-11;868;1391;58391;25298;34.5;14.9
52;2021-05-12;1206;1382;59597;26680;35.2;15.8
52;2021-05-13;67;184;59664;26864;35.3;15.9
52;2021-05-14;1185;1366;60849;28230;36.0;16.7
52;2021-05-15;492;929;61341;29159;36.2;17.2
52;2021-05-16;8;43;61349;29202;36.2;17.3
52;2021-05-17;1141;705;62490;29907;36.9;17.7
52;2021-05-18;1218;677;63708;30584;37.6;18.1
52;2021-05-19;1541;415;65249;30999;38.6;18.3
52;2021-05-20;1546;422;66795;31421;39.5;18.6
52;2021-05-21;1625;611;68420;32032;40.4;18.9
52;2021-05-22;1089;210;69509;32242;41.1;19.0
52;2021-05-23;1;0;69510;32242;41.1;19.0
52;2021-05-24;405;33;69915;32275;41.3;19.1
52;2021-05-25;1352;385;71267;32660;42.1;19.3
52;2021-05-26;1476;672;72743;33332;43.0;19.7
52;2021-05-27;1564;787;74307;34119;43.9;20.2
52;2021-05-28;1494;673;75801;34792;44.8;20.6
52;2021-05-29;695;834;76496;35626;45.2;21.0
52;2021-05-30;16;551;76512;36177;45.2;21.4
52;2021-05-31;825;829;77337;37006;45.7;21.9
52;2021-06-01;956;816;78293;37822;46.3;22.3
52;2021-06-02;896;754;79189;38576;46.8;22.8
52;2021-06-03;825;825;80014;39401;47.3;23.3
52;2021-06-04;883;1340;80897;40741;47.8;24.1
52;2021-06-05;581;637;81478;41378;48.1;24.4
52;2021-06-06;27;55;81505;41433;48.2;24.5
52;2021-06-07;359;931;81864;42364;48.4;25.0
52;2021-06-08;556;1471;82420;43835;48.7;25.9
52;2021-06-09;611;1474;83031;45309;49.1;26.8
52;2021-06-10;794;1159;83825;46468;49.5;27.5
52;2021-06-11;830;1348;84655;47816;50.0;28.3
52;2021-06-12;423;586;85078;48402;50.3;28.6
52;2021-06-13;2;6;85080;48408;50.3;28.6
52;2021-06-14;170;1413;85250;49821;50.4;29.4
52;2021-06-15;221;1807;85471;51628;50.5;30.5
52;2021-06-16;351;1996;85822;53624;50.7;31.7
52;2021-06-17;265;1156;86087;54780;50.9;32.4
52;2021-06-18;308;1553;86395;56333;51.0;33.3
52;2021-06-19;502;690;86897;57023;51.3;33.7
52;2021-06-20;1;17;86898;57040;51.3;33.7
52;2021-06-21;523;898;87421;57938;51.7;34.2
52;2021-06-22;503;1047;87924;58985;51.9;34.9
52;2021-06-23;563;1041;88487;60026;52.3;35.5
52;2021-06-24;610;715;89097;60741;52.6;35.9
52;2021-06-25;661;1314;89758;62055;53.0;36.7
52;2021-06-26;264;722;90022;62777;53.2;37.1
52;2021-06-27;1;8;90023;62785;53.2;37.1
52;2021-06-28;184;1442;90207;64227;53.3;37.9
52;2021-06-29;163;1414;90370;65641;53.4;38.8
52;2021-06-30;221;1468;90591;67109;53.5;39.7
52;2021-07-01;320;1020;90911;68129;53.7;40.3
52;2021-07-02;430;1454;91341;69583;54.0;41.1
52;2021-07-03;302;1148;91643;70731;54.1;41.8
52;2021-07-04;0;11;91643;70742;54.1;41.8
52;2021-07-05;175;1448;91818;72190;54.2;42.7
52;2021-07-06;284;1449;92102;73639;54.4;43.5
52;2021-07-07;309;1163;92411;74802;54.6;44.2
52;2021-07-08;473;1166;92884;75968;54.9;44.9
52;2021-07-09;288;1620;93172;77588;55.0;45.8
52;2021-07-10;155;822;93327;78410;55.1;46.3
52;2021-07-11;13;12;93340;78422;55.1;46.3
52;2021-07-12;299;1467;93639;79889;55.3;47.2
52;2021-07-13;590;1369;94229;81258;55.7;48.0
52;2021-07-14;437;153;94666;81411;55.9;48.1
52;2021-07-15;614;1428;95280;82839;56.3;48.9
52;2021-07-16;899;1339;96179;84178;56.8;49.7
52;2021-07-17;530;343;96709;84521;57.1;49.9
52;2021-07-18;3;12;96712;84533;57.1;49.9
52;2021-07-19;691;987;97403;85520;57.5;50.5
52;2021-07-20;1110;831;98513;86351;58.2;51.0
52;2021-07-21;1161;738;99674;87089;58.9;51.5
52;2021-07-22;1447;869;101121;87958;59.7;52.0
52;2021-07-23;1399;956;102520;88914;60.6;52.5
52;2021-07-24;873;487;103393;89401;61.1;52.8
52;2021-07-25;22;21;103415;89422;61.1;52.8
52;2021-07-26;1010;614;104425;90036;61.7;53.2
52;2021-07-27;1342;657;105767;90693;62.5;53.6
52;2021-07-28;1382;644;107149;91337;63.3;54.0
52;2021-07-29;1263;622;108412;91959;64.1;54.3
52;2021-07-30;1365;713;109777;92672;64.9;54.8
52;2021-07-31;873;549;110650;93221;65.4;55.1
52;2021-08-01;1;14;110651;93235;65.4;55.1
52;2021-08-02;1185;561;111836;93796;66.1;55.4
52;2021-08-03;1363;540;113199;94336;66.9;55.7
52;2021-08-04;1157;579;114356;94915;67.6;56.1
52;2021-08-05;1026;574;115382;95489;68.2;56.4
52;2021-08-06;1057;698;116439;96187;68.8;56.8
52;2021-08-07;519;422;116958;96609;69.1;57.1
52;2021-08-08;0;6;116958;96615;69.1;57.1
52;2021-08-09;469;871;117427;97486;69.4;57.6
52;2021-08-10;717;748;118144;98234;69.8;58.0
52;2021-08-11;535;837;118679;99071;70.1;58.5
52;2021-08-12;623;750;119302;99821;70.5;59.0
52;2021-08-13;420;1029;119722;100850;70.7;59.6
52;2021-08-14;421;360;120143;101210;71.0;59.8
52;2021-08-15;13;13;120156;101223;71.0;59.8
52;2021-08-16;327;934;120483;102157;71.2;60.4
52;2021-08-17;416;911;120899;103068;71.4;60.9
52;2021-08-18;489;944;121388;104012;71.7;61.5
52;2021-08-19;461;836;121849;104848;72.0;61.9
52;2021-08-20;384;1210;122233;106058;72.2;62.7
52;2021-08-21;394;605;122627;106663;72.5;63.0
52;2021-08-22;5;11;122632;106674;72.5;63.0
52;2021-08-23;431;1058;123063;107732;72.7;63.7
52;2021-08-24;307;1077;123370;108809;72.9;64.3
52;2021-08-25;254;1061;123624;109870;73.0;64.9
52;2021-08-26;303;914;123927;110784;73.2;65.5
52;2021-08-27;429;1276;124356;112060;73.5;66.2
52;2021-08-28;243;495;124599;112555;73.6;66.5
52;2021-08-29;3;25;124602;112580;73.6;66.5
52;2021-08-30;204;977;124806;113557;73.7;67.1
52;2021-08-31;205;1034;125011;114591;73.9;67.7
52;2021-09-01;183;1040;125194;115631;74.0;68.3
52;2021-09-02;194;698;125388;116329;74.1;68.7
52;2021-09-03;243;857;125631;117186;74.2;69.2
52;2021-09-04;189;527;125820;117713;74.3;69.5
52;2021-09-05;2;13;125822;117726;74.3;69.6
52;2021-09-06;126;511;125948;118237;74.4;69.9
52;2021-09-07;163;420;126111;118657;74.5;70.1
52;2021-09-08;143;571;126254;119228;74.6;70.4
52;2021-09-09;139;362;126393;119590;74.7;70.7
52;2021-09-10;256;640;126649;120230;74.8;71.0
52;2021-09-11;151;292;126800;120522;74.9;71.2
52;2021-09-12;2;9;126802;120531;74.9;71.2
52;2021-09-13;176;494;126978;121025;75.0;71.5
52;2021-09-14;146;325;127124;121350;75.1;71.7
52;2021-09-15;150;448;127274;121798;75.2;72.0
52;2021-09-16;136;309;127410;122107;75.3;72.1
52;2021-09-17;232;543;127642;122650;75.4;72.5
52;2021-09-18;134;243;127776;122893;75.5;72.6
52;2021-09-19;4;18;127780;122911;75.5;72.6
52;2021-09-20;106;355;127886;123266;75.6;72.8
52;2021-09-21;95;208;127981;123474;75.6;73.0
52;2021-09-22;107;319;128088;123793;75.7;73.1
52;2021-09-23;138;207;128226;124000;75.8;73.3
52;2021-09-24;128;284;128354;124284;75.8;73.4
52;2021-09-25;93;250;128447;124534;75.9;73.6
52;2021-09-26;0;0;128447;124534;75.9;73.6
52;2021-09-27;116;181;128563;124715;76.0;73.7
52;2021-09-28;120;144;128683;124859;76.0;73.8
52;2021-09-29;93;207;128776;125066;76.1;73.9
52;2021-09-30;117;125;128893;125191;76.2;74.0
52;2021-10-01;117;226;129010;125417;76.2;74.1
52;2021-10-02;63;150;129073;125567;76.3;74.2
52;2021-10-03;0;6;129073;125573;76.3;74.2
52;2021-10-04;83;179;129156;125752;76.3;74.3
52;2021-10-05;57;133;129213;125885;76.3;74.4
52;2021-10-06;120;171;129333;126056;76.4;74.5
52;2021-10-07;54;101;129387;126157;76.4;74.5
52;2021-10-08;112;225;129499;126382;76.5;74.7
52;2021-10-09;66;132;129565;126514;76.6;74.7
52;2021-10-10;0;1;129565;126515;76.6;74.8
52;2021-10-11;43;164;129608;126679;76.6;74.8
52;2021-10-12;65;117;129673;126796;76.6;74.9
53;2020-12-27;0;0;0;0;0.0;0.0
53;2020-12-28;0;0;0;0;0.0;0.0
53;2020-12-29;0;0;0;0;0.0;0.0
53;2020-12-30;0;0;0;0;0.0;0.0
53;2020-12-31;0;0;0;0;0.0;0.0
53;2021-01-01;0;0;0;0;0.0;0.0
53;2021-01-02;3;1;3;1;0.0;0.0
53;2021-01-03;0;0;3;1;0.0;0.0
53;2021-01-04;1;0;4;1;0.0;0.0
53;2021-01-05;0;0;4;1;0.0;0.0
53;2021-01-06;0;0;4;1;0.0;0.0
53;2021-01-07;102;0;106;1;0.0;0.0
53;2021-01-08;284;1;390;2;0.1;0.0
53;2021-01-09;134;1;524;3;0.2;0.0
53;2021-01-10;15;0;539;3;0.2;0.0
53;2021-01-11;176;1;715;4;0.2;0.0
53;2021-01-12;456;1;1171;5;0.4;0.0
53;2021-01-13;254;0;1425;5;0.5;0.0
53;2021-01-14;290;7;1715;12;0.6;0.0
53;2021-01-15;343;4;2058;16;0.7;0.0
53;2021-01-16;60;0;2118;16;0.7;0.0
53;2021-01-17;25;2;2143;18;0.7;0.0
53;2021-01-18;364;0;2507;18;0.8;0.0
53;2021-01-19;594;0;3101;18;1.0;0.0
53;2021-01-20;742;0;3843;18;1.3;0.0
53;2021-01-21;772;3;4615;21;1.5;0.0
53;2021-01-22;703;10;5318;31;1.7;0.0
53;2021-01-23;160;1;5478;32;1.8;0.0
53;2021-01-24;6;0;5484;32;1.8;0.0
53;2021-01-25;550;0;6034;32;2.0;0.0
53;2021-01-26;1199;7;7233;39;2.4;0.0
53;2021-01-27;696;6;7929;45;2.6;0.0
53;2021-01-28;737;97;8666;142;2.8;0.0
53;2021-01-29;422;187;9088;329;3.0;0.1
53;2021-01-30;130;0;9218;329;3.0;0.1
53;2021-01-31;0;0;9218;329;3.0;0.1
53;2021-02-01;298;149;9516;478;3.1;0.2
53;2021-02-02;309;232;9825;710;3.2;0.2
53;2021-02-03;228;377;10053;1087;3.3;0.4
53;2021-02-04;184;332;10237;1419;3.4;0.5
53;2021-02-05;234;303;10471;1722;3.4;0.6
53;2021-02-06;153;23;10624;1745;3.5;0.6
53;2021-02-07;0;0;10624;1745;3.5;0.6
53;2021-02-08;168;106;10792;1851;3.5;0.6
53;2021-02-09;369;216;11161;2067;3.7;0.7
53;2021-02-10;266;433;11427;2500;3.7;0.8
53;2021-02-11;433;491;11860;2991;3.9;1.0
53;2021-02-12;318;572;12178;3563;4.0;1.2
53;2021-02-13;96;66;12274;3629;4.0;1.2
53;2021-02-14;0;99;12274;3728;4.0;1.2
53;2021-02-15;239;431;12513;4159;4.1;1.4
53;2021-02-16;527;840;13040;4999;4.3;1.6
53;2021-02-17;391;614;13431;5613;4.4;1.8
53;2021-02-18;547;579;13978;6192;4.6;2.0
53;2021-02-19;895;429;14873;6621;4.9;2.2
53;2021-02-20;139;113;15012;6734;4.9;2.2
53;2021-02-21;1;20;15013;6754;4.9;2.2
53;2021-02-22;161;584;15174;7338;5.0;2.4
53;2021-02-23;59;655;15233;7993;5.0;2.6
53;2021-02-24;137;517;15370;8510;5.0;2.8
53;2021-02-25;457;360;15827;8870;5.2;2.9
53;2021-02-26;437;262;16264;9132;5.3;3.0
53;2021-02-27;86;115;16350;9247;5.4;3.0
53;2021-02-28;0;0;16350;9247;5.4;3.0
53;2021-03-01;231;278;16581;9525;5.4;3.1
53;2021-03-02;246;255;16827;9780;5.5;3.2
53;2021-03-03;321;392;17148;10172;5.6;3.3
53;2021-03-04;859;347;18007;10519;5.9;3.4
53;2021-03-05;660;281;18667;10800;6.1;3.5
53;2021-03-06;447;212;19114;11012;6.3;3.6
53;2021-03-07;276;5;19390;11017;6.3;3.6
53;2021-03-08;375;181;19765;11198;6.5;3.7
53;2021-03-09;878;248;20643;11446;6.8;3.7
53;2021-03-10;807;111;21450;11557;7.0;3.8
53;2021-03-11;1247;229;22697;11786;7.4;3.9
53;2021-03-12;1603;149;24300;11935;8.0;3.9
53;2021-03-13;824;15;25124;11950;8.2;3.9
53;2021-03-14;1;0;25125;11950;8.2;3.9
53;2021-03-15;1001;300;26126;12250;8.6;4.0
53;2021-03-16;1035;332;27161;12582;8.9;4.1
53;2021-03-17;687;261;27848;12843;9.1;4.2
53;2021-03-18;972;345;28820;13188;9.4;4.3
53;2021-03-19;1346;600;30166;13788;9.9;4.5
53;2021-03-20;592;17;30758;13805;10.1;4.5
53;2021-03-21;3;1;30761;13806;10.1;4.5
53;2021-03-22;1213;159;31974;13965;10.5;4.6
53;2021-03-23;1699;72;33673;14037;11.0;4.6
53;2021-03-24;1323;118;34996;14155;11.5;4.6
53;2021-03-25;2323;246;37319;14401;12.2;4.7
53;2021-03-26;1882;153;39201;14554;12.8;4.8
53;2021-03-27;339;3;39540;14557;12.9;4.8
53;2021-03-28;2;0;39542;14557;12.9;4.8
53;2021-03-29;1474;213;41016;14770;13.4;4.8
53;2021-03-30;1944;205;42960;14975;14.1;4.9
53;2021-03-31;1791;225;44751;15200;14.7;5.0
53;2021-04-01;1948;675;46699;15875;15.3;5.2
53;2021-04-02;2075;229;48774;16104;16.0;5.3
53;2021-04-03;414;2;49188;16106;16.1;5.3
53;2021-04-04;11;0;49199;16106;16.1;5.3
53;2021-04-05;9;15;49208;16121;16.1;5.3
53;2021-04-06;1305;507;50513;16628;16.5;5.4
53;2021-04-07;1172;927;51685;17555;16.9;5.7
53;2021-04-08;1663;1010;53348;18565;17.5;6.1
53;2021-04-09;1959;408;55307;18973;18.1;6.2
53;2021-04-10;543;13;55850;18986;18.3;6.2
53;2021-04-11;13;0;55863;18986;18.3;6.2
53;2021-04-12;694;1069;56557;20055;18.5;6.6
53;2021-04-13;1470;1110;58027;21165;19.0;6.9
53;2021-04-14;1021;738;59048;21903;19.3;7.2
53;2021-04-15;1156;1109;60204;23012;19.7;7.5
53;2021-04-16;1271;816;61475;23828;20.1;7.8
53;2021-04-17;279;274;61754;24102;20.2;7.9
53;2021-04-18;0;0;61754;24102;20.2;7.9
53;2021-04-19;681;1068;62435;25170;20.4;8.2
53;2021-04-20;936;1453;63371;26623;20.8;8.7
53;2021-04-21;852;1013;64223;27636;21.0;9.1
53;2021-04-22;1045;1617;65268;29253;21.4;9.6
53;2021-04-23;1329;1055;66597;30308;21.8;9.9
53;2021-04-24;68;7;66665;30315;21.8;9.9
53;2021-04-25;6;39;66671;30354;21.8;9.9
53;2021-04-26;368;1238;67039;31592;22.0;10.3
53;2021-04-27;723;1975;67762;33567;22.2;11.0
53;2021-04-28;977;1393;68739;34960;22.5;11.4
53;2021-04-29;1052;1715;69791;36675;22.9;12.0
53;2021-04-30;1366;1316;71157;37991;23.3;12.4
53;2021-05-01;36;51;71193;38042;23.3;12.5
53;2021-05-02;0;0;71193;38042;23.3;12.5
53;2021-05-03;1570;709;72763;38751;23.8;12.7
53;2021-05-04;1303;1441;74066;40192;24.3;13.2
53;2021-05-05;1611;827;75677;41019;24.8;13.4
53;2021-05-06;1390;1404;77067;42423;25.2;13.9
53;2021-05-07;1537;1306;78604;43729;25.7;14.3
53;2021-05-08;939;36;79543;43765;26.0;14.3
53;2021-05-09;11;2;79554;43767;26.1;14.3
53;2021-05-10;2414;815;81968;44582;26.8;14.6
53;2021-05-11;3097;1286;85065;45868;27.9;15.0
53;2021-05-12;2751;1094;87816;46962;28.8;15.4
53;2021-05-13;350;27;88166;46989;28.9;15.4
53;2021-05-14;2021;678;90187;47667;29.5;15.6
53;2021-05-15;1058;63;91245;47730;29.9;15.6
53;2021-05-16;3;0;91248;47730;29.9;15.6
53;2021-05-17;1701;1196;92949;48926;30.4;16.0
53;2021-05-18;1880;1551;94829;50477;31.1;16.5
53;2021-05-19;2302;748;97131;51225;31.8;16.8
53;2021-05-20;3216;867;100347;52092;32.9;17.1
53;2021-05-21;2798;829;103145;52921;33.8;17.3
53;2021-05-22;21;60;103166;52981;33.8;17.4
53;2021-05-23;1;0;103167;52981;33.8;17.4
53;2021-05-24;8;6;103175;52987;33.8;17.4
53;2021-05-25;1820;803;104995;53790;34.4;17.6
53;2021-05-26;1853;908;106848;54698;35.0;17.9
53;2021-05-27;3072;1080;109920;55778;36.0;18.3
53;2021-05-28;2562;884;112482;56662;36.8;18.6
53;2021-05-29;846;244;113328;56906;37.1;18.6
53;2021-05-30;18;6;113346;56912;37.1;18.6
53;2021-05-31;2565;802;115911;57714;38.0;18.9
53;2021-06-01;3489;1257;119400;58971;39.1;19.3
53;2021-06-02;3183;526;122583;59497;40.1;19.5
53;2021-06-03;4198;789;126781;60286;41.5;19.7
53;2021-06-04;3179;1265;129960;61551;42.6;20.2
53;2021-06-05;137;245;130097;61796;42.6;20.2
53;2021-06-06;1;4;130098;61800;42.6;20.2
53;2021-06-07;2629;922;132727;62722;43.5;20.5
53;2021-06-08;3588;1130;136315;63852;44.6;20.9
53;2021-06-09;2455;944;138770;64796;45.4;21.2
53;2021-06-10;3521;848;142291;65644;46.6;21.5
53;2021-06-11;2964;1213;145255;66857;47.6;21.9
53;2021-06-12;108;138;145363;66995;47.6;21.9
53;2021-06-13;10;2;145373;66997;47.6;21.9
53;2021-06-14;1600;1789;146973;68786;48.1;22.5
53;2021-06-15;1898;2265;148871;71051;48.8;23.3
53;2021-06-16;1828;1733;150699;72784;49.4;23.8
53;2021-06-17;3011;1651;153710;74435;50.3;24.4
53;2021-06-18;2705;1808;156415;76243;51.2;25.0
53;2021-06-19;761;1165;157176;77408;51.5;25.3
53;2021-06-20;3;479;157179;77887;51.5;25.5
53;2021-06-21;918;2525;158097;80412;51.8;26.3
53;2021-06-22;1299;3452;159396;83864;52.2;27.5
53;2021-06-23;1362;2892;160758;86756;52.6;28.4
53;2021-06-24;1802;2033;162560;88789;53.2;29.1
53;2021-06-25;1785;2045;164345;90834;53.8;29.7
53;2021-06-26;977;351;165322;91185;54.1;29.9
53;2021-06-27;8;8;165330;91193;54.1;29.9
53;2021-06-28;662;2899;165992;94092;54.4;30.8
53;2021-06-29;858;3648;166850;97740;54.6;32.0
53;2021-06-30;749;1518;167599;99258;54.9;32.5
53;2021-07-01;1507;2630;169106;101888;55.4;33.4
53;2021-07-02;1530;2026;170636;103914;55.9;34.0
53;2021-07-03;858;574;171494;104488;56.2;34.2
53;2021-07-04;0;4;171494;104492;56.2;34.2
53;2021-07-05;542;2058;172036;106550;56.3;34.9
53;2021-07-06;859;3615;172895;110165;56.6;36.1
53;2021-07-07;1025;2652;173920;112817;57.0;36.9
53;2021-07-08;1314;3116;175234;115933;57.4;38.0
53;2021-07-09;1131;3399;176365;119332;57.8;39.1
53;2021-07-10;422;1001;176787;120333;57.9;39.4
53;2021-07-11;12;20;176799;120353;57.9;39.4
53;2021-07-12;503;3707;177302;124060;58.1;40.6
53;2021-07-13;894;4763;178196;128823;58.4;42.2
53;2021-07-14;104;284;178300;129107;58.4;42.3
53;2021-07-15;1112;4346;179412;133453;58.8;43.7
53;2021-07-16;1248;3847;180660;137300;59.2;45.0
53;2021-07-17;1318;300;181978;137600;59.6;45.1
53;2021-07-18;27;20;182005;137620;59.6;45.1
53;2021-07-19;734;3426;182739;141046;59.8;46.2
53;2021-07-20;985;4123;183724;145169;60.2;47.5
53;2021-07-21;686;3274;184410;148443;60.4;48.6
53;2021-07-22;1513;3525;185923;151968;60.9;49.8
53;2021-07-23;1603;3761;187526;155729;61.4;51.0
53;2021-07-24;956;280;188482;156009;61.7;51.1
53;2021-07-25;60;24;188542;156033;61.7;51.1
53;2021-07-26;1727;1941;190269;157974;62.3;51.7
53;2021-07-27;2356;2824;192625;160798;63.1;52.7
53;2021-07-28;2145;2813;194770;163611;63.8;53.6
53;2021-07-29;2491;2546;197261;166157;64.6;54.4
53;2021-07-30;1828;2647;199089;168804;65.2;55.3
53;2021-07-31;626;232;199715;169036;65.4;55.4
53;2021-08-01;37;25;199752;169061;65.4;55.4
53;2021-08-02;2083;1733;201835;170794;66.1;55.9
53;2021-08-03;2417;1905;204252;172699;66.9;56.6
53;2021-08-04;2476;1863;206728;174562;67.7;57.2
53;2021-08-05;2870;1542;209598;176104;68.6;57.7
53;2021-08-06;2517;1720;212115;177824;69.5;58.2
53;2021-08-07;483;272;212598;178096;69.6;58.3
53;2021-08-08;6;19;212604;178115;69.6;58.3
53;2021-08-09;1839;1650;214443;179765;70.2;58.9
53;2021-08-10;2325;1748;216768;181513;71.0;59.4
53;2021-08-11;1680;867;218448;182380;71.5;59.7
53;2021-08-12;2007;984;220455;183364;72.2;60.0
53;2021-08-13;2039;1315;222494;184679;72.9;60.5
53;2021-08-14;66;63;222560;184742;72.9;60.5
53;2021-08-15;1;2;222561;184744;72.9;60.5
53;2021-08-16;1337;1596;223898;186340;73.3;61.0
53;2021-08-17;1548;1657;225446;187997;73.8;61.6
53;2021-08-18;1515;1600;226961;189597;74.3;62.1
53;2021-08-19;1375;1973;228336;191570;74.8;62.7
53;2021-08-20;1099;2082;229435;193652;75.1;63.4
53;2021-08-21;189;341;229624;193993;75.2;63.5
53;2021-08-22;0;0;229624;193993;75.2;63.5
53;2021-08-23;843;1915;230467;195908;75.5;64.2
53;2021-08-24;903;2117;231370;198025;75.8;64.8
53;2021-08-25;916;2273;232286;200298;76.1;65.6
53;2021-08-26;666;2614;232952;202912;76.3;66.4
53;2021-08-27;754;2645;233706;205557;76.5;67.3
53;2021-08-28;48;133;233754;205690;76.5;67.4
53;2021-08-29;12;31;233766;205721;76.6;67.4
53;2021-08-30;620;2085;234386;207806;76.8;68.1
53;2021-08-31;762;2859;235148;210665;77.0;69.0
53;2021-09-01;342;1544;235490;212209;77.1;69.5
53;2021-09-02;443;1703;235933;213912;77.3;70.1
53;2021-09-03;449;2338;236382;216250;77.4;70.8
53;2021-09-04;115;188;236497;216438;77.4;70.9
53;2021-09-05;1;12;236498;216450;77.4;70.9
53;2021-09-06;299;1468;236797;217918;77.5;71.4
53;2021-09-07;288;1782;237085;219700;77.6;71.9
53;2021-09-08;421;2006;237506;221706;77.8;72.6
53;2021-09-09;237;1351;237743;223057;77.9;73.0
53;2021-09-10;383;1838;238126;224895;78.0;73.6
53;2021-09-11;39;86;238165;224981;78.0;73.7
53;2021-09-12;0;1;238165;224982;78.0;73.7
53;2021-09-13;231;974;238396;225956;78.1;74.0
53;2021-09-14;243;841;238639;226797;78.1;74.3
53;2021-09-15;334;1071;238973;227868;78.3;74.6
53;2021-09-16;305;380;239278;228248;78.4;74.7
53;2021-09-17;430;1057;239708;229305;78.5;75.1
53;2021-09-18;44;70;239752;229375;78.5;75.1
53;2021-09-19;8;14;239760;229389;78.5;75.1
53;2021-09-20;123;382;239883;229771;78.6;75.2
53;2021-09-21;250;651;240133;230422;78.6;75.5
53;2021-09-22;193;665;240326;231087;78.7;75.7
53;2021-09-23;132;395;240458;231482;78.7;75.8
53;2021-09-24;197;639;240655;232121;78.8;76.0
53;2021-09-25;27;50;240682;232171;78.8;76.0
53;2021-09-26;0;0;240682;232171;78.8;76.0
53;2021-09-27;160;374;240842;232545;78.9;76.2
53;2021-09-28;163;281;241005;232826;78.9;76.2
53;2021-09-29;159;488;241164;233314;79.0;76.4
53;2021-09-30;87;213;241251;233527;79.0;76.5
53;2021-10-01;267;621;241518;234148;79.1;76.7
53;2021-10-02;28;52;241546;234200;79.1;76.7
53;2021-10-03;3;7;241549;234207;79.1;76.7
53;2021-10-04;132;277;241681;234484;79.1;76.8
53;2021-10-05;109;210;241790;234694;79.2;76.9
53;2021-10-06;187;345;241977;235039;79.2;77.0
53;2021-10-07;82;287;242059;235326;79.3;77.1
53;2021-10-08;243;537;242302;235863;79.3;77.2
53;2021-10-09;14;27;242316;235890;79.4;77.2
53;2021-10-10;0;0;242316;235890;79.4;77.2
53;2021-10-11;108;159;242424;236049;79.4;77.3
53;2021-10-12;94;227;242518;236276;79.4;77.4
54;2020-12-27;0;0;0;0;0.0;0.0
54;2020-12-28;1;0;1;0;0.0;0.0
54;2020-12-29;0;0;1;0;0.0;0.0
54;2020-12-30;1;0;2;0;0.0;0.0
54;2020-12-31;10;0;12;0;0.0;0.0
54;2021-01-01;0;0;12;0;0.0;0.0
54;2021-01-02;0;0;12;0;0.0;0.0
54;2021-01-03;2;0;14;0;0.0;0.0
54;2021-01-04;163;0;177;0;0.0;0.0
54;2021-01-05;396;2;573;2;0.1;0.0
54;2021-01-06;650;1;1223;3;0.2;0.0
54;2021-01-07;816;2;2039;5;0.3;0.0
54;2021-01-08;706;3;2745;8;0.4;0.0
54;2021-01-09;81;0;2826;8;0.4;0.0
54;2021-01-10;78;0;2904;8;0.4;0.0
54;2021-01-11;974;3;3878;11;0.5;0.0
54;2021-01-12;1182;1;5060;12;0.7;0.0
54;2021-01-13;2428;9;7488;21;1.0;0.0
54;2021-01-14;3401;28;10889;49;1.5;0.0
54;2021-01-15;2718;19;13607;68;1.9;0.0
54;2021-01-16;815;4;14422;72;2.0;0.0
54;2021-01-17;209;0;14631;72;2.0;0.0
54;2021-01-18;1558;7;16189;79;2.2;0.0
54;2021-01-19;1707;2;17896;81;2.5;0.0
54;2021-01-20;1525;5;19421;86;2.7;0.0
54;2021-01-21;1373;5;20794;91;2.8;0.0
54;2021-01-22;1093;8;21887;99;3.0;0.0
54;2021-01-23;477;1;22364;100;3.1;0.0
54;2021-01-24;66;0;22430;100;3.1;0.0
54;2021-01-25;946;35;23376;135;3.2;0.0
54;2021-01-26;142;5;23518;140;3.2;0.0
54;2021-01-27;12;166;23530;306;3.2;0.0
54;2021-01-28;32;229;23562;535;3.2;0.1
54;2021-01-29;19;275;23581;810;3.2;0.1
54;2021-01-30;7;1;23588;811;3.2;0.1
54;2021-01-31;1;0;23589;811;3.2;0.1
54;2021-02-01;13;784;23602;1595;3.2;0.2
54;2021-02-02;25;966;23627;2561;3.2;0.4
54;2021-02-03;364;1530;23991;4091;3.3;0.6
54;2021-02-04;739;2454;24730;6545;3.4;0.9
54;2021-02-05;799;1888;25529;8433;3.5;1.2
54;2021-02-06;204;333;25733;8766;3.5;1.2
54;2021-02-07;4;124;25737;8890;3.5;1.2
54;2021-02-08;117;994;25854;9884;3.5;1.4
54;2021-02-09;306;1067;26160;10951;3.6;1.5
54;2021-02-10;386;795;26546;11746;3.6;1.6
54;2021-02-11;294;813;26840;12559;3.7;1.7
54;2021-02-12;446;1292;27286;13851;3.7;1.9
54;2021-02-13;148;236;27434;14087;3.8;1.9
54;2021-02-14;9;11;27443;14098;3.8;1.9
54;2021-02-15;428;1128;27871;15226;3.8;2.1
54;2021-02-16;401;1222;28272;16448;3.9;2.3
54;2021-02-17;518;956;28790;17404;3.9;2.4
54;2021-02-18;595;780;29385;18184;4.0;2.5
54;2021-02-19;519;777;29904;18961;4.1;2.6
54;2021-02-20;34;282;29938;19243;4.1;2.6
54;2021-02-21;3;24;29941;19267;4.1;2.6
54;2021-02-22;483;598;30424;19865;4.2;2.7
54;2021-02-23;679;560;31103;20425;4.3;2.8
54;2021-02-24;728;354;31831;20779;4.4;2.8
54;2021-02-25;1474;724;33305;21503;4.6;2.9
54;2021-02-26;1776;791;35081;22294;4.8;3.1
54;2021-02-27;698;111;35779;22405;4.9;3.1
54;2021-02-28;11;28;35790;22433;4.9;3.1
54;2021-03-01;625;218;36415;22651;5.0;3.1
54;2021-03-02;1455;151;37870;22802;5.2;3.1
54;2021-03-03;1736;63;39606;22865;5.4;3.1
54;2021-03-04;2013;103;41619;22968;5.7;3.1
54;2021-03-05;2797;146;44416;23114;6.1;3.2
54;2021-03-06;4023;119;48439;23233;6.6;3.2
54;2021-03-07;2625;72;51064;23305;7.0;3.2
54;2021-03-08;1338;68;52402;23373;7.2;3.2
54;2021-03-09;2625;106;55027;23479;7.5;3.2
54;2021-03-10;3184;114;58211;23593;8.0;3.2
54;2021-03-11;3376;104;61587;23697;8.4;3.2
54;2021-03-12;4937;200;66524;23897;9.1;3.3
54;2021-03-13;4197;134;70721;24031;9.7;3.3
54;2021-03-14;543;40;71264;24071;9.8;3.3
54;2021-03-15;1719;105;72983;24176;10.0;3.3
54;2021-03-16;1730;159;74713;24335;10.2;3.3
54;2021-03-17;2080;138;76793;24473;10.5;3.4
54;2021-03-18;2063;168;78856;24641;10.8;3.4
54;2021-03-19;3318;268;82174;24909;11.3;3.4
54;2021-03-20;2309;79;84483;24988;11.6;3.4
54;2021-03-21;294;14;84777;25002;11.6;3.4
54;2021-03-22;1034;308;85811;25310;11.7;3.5
54;2021-03-23;1938;456;87749;25766;12.0;3.5
54;2021-03-24;2194;698;89943;26464;12.3;3.6
54;2021-03-25;3172;722;93115;27186;12.7;3.7
54;2021-03-26;3512;806;96627;27992;13.2;3.8
54;2021-03-27;2420;277;99047;28269;13.6;3.9
54;2021-03-28;280;7;99327;28276;13.6;3.9
54;2021-03-29;1668;358;100995;28634;13.8;3.9
54;2021-03-30;2558;903;103553;29537;14.2;4.0
54;2021-03-31;2599;1134;106152;30671;14.5;4.2
54;2021-04-01;3237;1272;109389;31943;15.0;4.4
54;2021-04-02;2962;1679;112351;33622;15.4;4.6
54;2021-04-03;1264;1310;113615;34932;15.6;4.8
54;2021-04-04;137;421;113752;35353;15.6;4.8
54;2021-04-05;144;574;113896;35927;15.6;4.9
54;2021-04-06;1265;1648;115161;37575;15.8;5.1
54;2021-04-07;923;2246;116084;39821;15.9;5.5
54;2021-04-08;2325;2443;118409;42264;16.2;5.8
54;2021-04-09;4114;3133;122523;45397;16.8;6.2
54;2021-04-10;3207;1677;125730;47074;17.2;6.4
54;2021-04-11;206;1001;125936;48075;17.2;6.6
54;2021-04-12;2198;1529;128134;49604;17.5;6.8
54;2021-04-13;3001;1981;131135;51585;18.0;7.1
54;2021-04-14;3259;1871;134394;53456;18.4;7.3
54;2021-04-15;2876;2303;137270;55759;18.8;7.6
54;2021-04-16;3141;2603;140411;58362;19.2;8.0
54;2021-04-17;3475;1488;143886;59850;19.7;8.2
54;2021-04-18;64;245;143950;60095;19.7;8.2
54;2021-04-19;2464;1090;146414;61185;20.0;8.4
54;2021-04-20;3011;1256;149425;62441;20.5;8.5
54;2021-04-21;4401;1643;153826;64084;21.1;8.8
54;2021-04-22;3723;2393;157549;66477;21.6;9.1
54;2021-04-23;3868;2091;161417;68568;22.1;9.4
54;2021-04-24;2347;1040;163764;69608;22.4;9.5
54;2021-04-25;284;277;164048;69885;22.5;9.6
54;2021-04-26;2306;1273;166354;71158;22.8;9.7
54;2021-04-27;3288;1442;169642;72600;23.2;9.9
54;2021-04-28;2974;1961;172616;74561;23.6;10.2
54;2021-04-29;3795;2089;176411;76650;24.2;10.5
54;2021-04-30;4493;1981;180904;78631;24.8;10.8
54;2021-05-01;2265;808;183169;79439;25.1;10.9
54;2021-05-02;229;68;183398;79507;25.1;10.9
54;2021-05-03;3097;949;186495;80456;25.5;11.0
54;2021-05-04;3514;1459;190009;81915;26.0;11.2
54;2021-05-05;4892;1420;194901;83335;26.7;11.4
54;2021-05-06;4434;2803;199335;86138;27.3;11.8
54;2021-05-07;4823;3418;204158;89556;28.0;12.3
54;2021-05-08;2030;644;206188;90200;28.2;12.3
54;2021-05-09;375;136;206563;90336;28.3;12.4
54;2021-05-10;3207;2242;209770;92578;28.7;12.7
54;2021-05-11;5492;2939;215262;95517;29.5;13.1
54;2021-05-12;4146;3390;219408;98907;30.0;13.5
54;2021-05-13;2648;492;222056;99399;30.4;13.6
54;2021-05-14;6883;2003;228939;101402;31.3;13.9
54;2021-05-15;5484;1324;234423;102726;32.1;14.1
54;2021-05-16;944;108;235367;102834;32.2;14.1
54;2021-05-17;3799;830;239166;103664;32.7;14.2
54;2021-05-18;3288;1104;242454;104768;33.2;14.3
54;2021-05-19;3464;1515;245918;106283;33.7;14.6
54;2021-05-20;4538;1621;250456;107904;34.3;14.8
54;2021-05-21;6753;2522;257209;110426;35.2;15.1
54;2021-05-22;5662;1377;262871;111803;36.0;15.3
54;2021-05-23;504;55;263375;111858;36.1;15.3
54;2021-05-24;1444;343;264819;112201;36.3;15.4
54;2021-05-25;4200;1544;269019;113745;36.8;15.6
54;2021-05-26;3535;2218;272554;115963;37.3;15.9
54;2021-05-27;4179;2434;276733;118397;37.9;16.2
54;2021-05-28;4990;3573;281723;121970;38.6;16.7
54;2021-05-29;3844;3999;285567;125969;39.1;17.2
54;2021-05-30;127;83;285694;126052;39.1;17.3
54;2021-05-31;2940;3066;288634;129118;39.5;17.7
54;2021-06-01;2622;4194;291256;133312;39.9;18.3
54;2021-06-02;2167;4097;293423;137409;40.2;18.8
54;2021-06-03;3145;5655;296568;143064;40.6;19.6
54;2021-06-04;5103;5492;301671;148556;41.3;20.3
54;2021-06-05;2342;3283;304013;151839;41.6;20.8
54;2021-06-06;72;236;304085;152075;41.6;20.8
54;2021-06-07;3706;2937;307791;155012;42.1;21.2
54;2021-06-08;4544;4275;312335;159287;42.8;21.8
54;2021-06-09;6004;3318;318339;162605;43.6;22.3
54;2021-06-10;5296;4452;323635;167057;44.3;22.9
54;2021-06-11;5023;4923;328658;171980;45.0;23.5
54;2021-06-12;4242;3233;332900;175213;45.6;24.0
54;2021-06-13;54;210;332954;175423;45.6;24.0
54;2021-06-14;2334;3595;335288;179018;45.9;24.5
54;2021-06-15;2830;4730;338118;183748;46.3;25.2
54;2021-06-16;3491;5658;341609;189406;46.8;25.9
54;2021-06-17;3138;5222;344747;194628;47.2;26.6
54;2021-06-18;4157;6242;348904;200870;47.8;27.5
54;2021-06-19;2648;3129;351552;203999;48.1;27.9
54;2021-06-20;101;339;351653;204338;48.1;28.0
54;2021-06-21;2556;4772;354209;209110;48.5;28.6
54;2021-06-22;2047;6223;356256;215333;48.8;29.5
54;2021-06-23;2245;5596;358501;220929;49.1;30.2
54;2021-06-24;2090;3455;360591;224384;49.4;30.7
54;2021-06-25;2196;7061;362787;231445;49.7;31.7
54;2021-06-26;2383;5674;365170;237119;50.0;32.5
54;2021-06-27;134;608;365304;237727;50.0;32.5
54;2021-06-28;1959;4357;367263;242084;50.3;33.1
54;2021-06-29;1941;5205;369204;247289;50.5;33.9
54;2021-06-30;1983;5123;371187;252412;50.8;34.6
54;2021-07-01;2143;5983;373330;258395;51.1;35.4
54;2021-07-02;2815;7563;376145;265958;51.5;36.4
54;2021-07-03;2837;4098;378982;270056;51.9;37.0
54;2021-07-04;196;499;379178;270555;51.9;37.0
54;2021-07-05;1668;4251;380846;274806;52.1;37.6
54;2021-07-06;2000;5080;382846;279886;52.4;38.3
54;2021-07-07;1906;4845;384752;284731;52.7;39.0
54;2021-07-08;1679;4114;386431;288845;52.9;39.5
54;2021-07-09;3204;6026;389635;294871;53.3;40.4
54;2021-07-10;2547;4376;392182;299247;53.7;41.0
54;2021-07-11;9;103;392191;299350;53.7;41.0
54;2021-07-12;2100;4698;394291;304048;54.0;41.6
54;2021-07-13;2619;4974;396910;309022;54.3;42.3
54;2021-07-14;1535;1506;398445;310528;54.6;42.5
54;2021-07-15;3172;4836;401617;315364;55.0;43.2
54;2021-07-16;4666;6224;406283;321588;55.6;44.0
54;2021-07-17;4005;4773;410288;326361;56.2;44.7
54;2021-07-18;1804;1688;412092;328049;56.4;44.9
54;2021-07-19;2591;4046;414683;332095;56.8;45.5
54;2021-07-20;2910;4814;417593;336909;57.2;46.1
54;2021-07-21;3132;6335;420725;343244;57.6;47.0
54;2021-07-22;3283;5735;424008;348979;58.1;47.8
54;2021-07-23;3982;6989;427990;355968;58.6;48.7
54;2021-07-24;2945;5334;430935;361302;59.0;49.5
54;2021-07-25;71;50;431006;361352;59.0;49.5
54;2021-07-26;2981;4179;433987;365531;59.4;50.0
54;2021-07-27;3717;4008;437704;369539;59.9;50.6
54;2021-07-28;5211;3879;442915;373418;60.6;51.1
54;2021-07-29;5157;3208;448072;376626;61.3;51.6
54;2021-07-30;5133;5003;453205;381629;62.0;52.2
54;2021-07-31;4538;3232;457743;384861;62.7;52.7
54;2021-08-01;257;73;458000;384934;62.7;52.7
54;2021-08-02;3098;3704;461098;388638;63.1;53.2
54;2021-08-03;4109;2921;465207;391559;63.7;53.6
54;2021-08-04;4428;2707;469635;394266;64.3;54.0
54;2021-08-05;4624;2434;474259;396700;64.9;54.3
54;2021-08-06;5456;3995;479715;400695;65.7;54.9
54;2021-08-07;3676;2829;483391;403524;66.2;55.2
54;2021-08-08;248;114;483639;403638;66.2;55.3
54;2021-08-09;2980;2694;486619;406332;66.6;55.6
54;2021-08-10;2564;3769;489183;410101;67.0;56.1
54;2021-08-11;2335;2565;491518;412666;67.3;56.5
54;2021-08-12;2192;3009;493710;415675;67.6;56.9
54;2021-08-13;2633;4449;496343;420124;68.0;57.5
54;2021-08-14;1436;2077;497779;422201;68.2;57.8
54;2021-08-15;31;43;497810;422244;68.2;57.8
54;2021-08-16;1864;3432;499674;425676;68.4;58.3
54;2021-08-17;1950;3312;501624;428988;68.7;58.7
54;2021-08-18;1500;4107;503124;433095;68.9;59.3
54;2021-08-19;1258;2790;504382;435885;69.1;59.7
54;2021-08-20;1876;4932;506258;440817;69.3;60.4
54;2021-08-21;1471;4016;507729;444833;69.5;60.9
54;2021-08-22;63;28;507792;444861;69.5;60.9
54;2021-08-23;1224;3860;509016;448721;69.7;61.4
54;2021-08-24;1141;3157;510157;451878;69.8;61.9
54;2021-08-25;1427;4382;511584;456260;70.0;62.5
54;2021-08-26;1006;3111;512590;459371;70.2;62.9
54;2021-08-27;1530;5326;514120;464697;70.4;63.6
54;2021-08-28;1148;4283;515268;468980;70.5;64.2
54;2021-08-29;17;50;515285;469030;70.5;64.2
54;2021-08-30;1216;4124;516501;473154;70.7;64.8
54;2021-08-31;1069;4462;517570;477616;70.9;65.4
54;2021-09-01;1109;3400;518679;481016;71.0;65.9
54;2021-09-02;730;1982;519409;482998;71.1;66.1
54;2021-09-03;985;2976;520394;485974;71.2;66.5
54;2021-09-04;1177;3160;521571;489134;71.4;67.0
54;2021-09-05;27;22;521598;489156;71.4;67.0
54;2021-09-06;498;1354;522096;490510;71.5;67.2
54;2021-09-07;605;1464;522701;491974;71.6;67.4
54;2021-09-08;636;1687;523337;493661;71.7;67.6
54;2021-09-09;945;1753;524282;495414;71.8;67.8
54;2021-09-10;1018;2388;525300;497802;71.9;68.2
54;2021-09-11;746;2556;526046;500358;72.0;68.5
54;2021-09-12;93;116;526139;500474;72.0;68.5
54;2021-09-13;651;943;526790;501417;72.1;68.6
54;2021-09-14;623;977;527413;502394;72.2;68.8
54;2021-09-15;635;1746;528048;504140;72.3;69.0
54;2021-09-16;642;714;528690;504854;72.4;69.1
54;2021-09-17;887;1533;529577;506387;72.5;69.3
54;2021-09-18;490;1437;530067;507824;72.6;69.5
54;2021-09-19;29;38;530096;507862;72.6;69.5
54;2021-09-20;375;658;530471;508520;72.6;69.6
54;2021-09-21;446;939;530917;509459;72.7;69.8
54;2021-09-22;406;1120;531323;510579;72.7;69.9
54;2021-09-23;326;845;531649;511424;72.8;70.0
54;2021-09-24;520;1179;532169;512603;72.9;70.2
54;2021-09-25;341;1077;532510;513680;72.9;70.3
54;2021-09-26;9;30;532519;513710;72.9;70.3
54;2021-09-27;232;677;532751;514387;72.9;70.4
54;2021-09-28;342;631;533093;515018;73.0;70.5
54;2021-09-29;391;805;533484;515823;73.0;70.6
54;2021-09-30;229;466;533713;516289;73.1;70.7
54;2021-10-01;481;1011;534194;517300;73.1;70.8
54;2021-10-02;392;959;534586;518259;73.2;71.0
54;2021-10-03;2;10;534588;518269;73.2;71.0
54;2021-10-04;201;528;534789;518797;73.2;71.0
54;2021-10-05;297;943;535086;519740;73.3;71.2
54;2021-10-06;369;807;535455;520547;73.3;71.3
54;2021-10-07;269;686;535724;521233;73.3;71.4
54;2021-10-08;411;971;536135;522204;73.4;71.5
54;2021-10-09;415;732;536550;522936;73.5;71.6
54;2021-10-10;9;18;536559;522954;73.5;71.6
54;2021-10-11;260;431;536819;523385;73.5;71.7
54;2021-10-12;222;614;537041;523999;73.5;71.7
55;2020-12-27;0;0;0;0;0.0;0.0
55;2020-12-28;2;0;2;0;0.0;0.0
55;2020-12-29;0;0;2;0;0.0;0.0
55;2020-12-30;0;0;2;0;0.0;0.0
55;2020-12-31;0;0;2;0;0.0;0.0
55;2021-01-01;0;0;2;0;0.0;0.0
55;2021-01-02;0;0;2;0;0.0;0.0
55;2021-01-03;0;0;2;0;0.0;0.0
55;2021-01-04;1;0;3;0;0.0;0.0
55;2021-01-05;0;0;3;0;0.0;0.0
55;2021-01-06;0;0;3;0;0.0;0.0
55;2021-01-07;122;0;125;0;0.1;0.0
55;2021-01-08;127;0;252;0;0.1;0.0
55;2021-01-09;52;0;304;0;0.2;0.0
55;2021-01-10;0;0;304;0;0.2;0.0
55;2021-01-11;128;1;432;1;0.2;0.0
55;2021-01-12;119;0;551;1;0.3;0.0
55;2021-01-13;134;0;685;1;0.4;0.0
55;2021-01-14;645;8;1330;9;0.7;0.0
55;2021-01-15;237;0;1567;9;0.9;0.0
55;2021-01-16;64;0;1631;9;0.9;0.0
55;2021-01-17;1;0;1632;9;0.9;0.0
55;2021-01-18;414;1;2046;10;1.1;0.0
55;2021-01-19;352;3;2398;13;1.3;0.0
55;2021-01-20;456;2;2854;15;1.6;0.0
55;2021-01-21;430;0;3284;15;1.8;0.0
55;2021-01-22;390;0;3674;15;2.0;0.0
55;2021-01-23;49;0;3723;15;2.0;0.0
55;2021-01-24;0;0;3723;15;2.0;0.0
55;2021-01-25;436;0;4159;15;2.3;0.0
55;2021-01-26;431;0;4590;15;2.5;0.0
55;2021-01-27;424;0;5014;15;2.8;0.0
55;2021-01-28;486;97;5500;112;3.0;0.1
55;2021-01-29;159;54;5659;166;3.1;0.1
55;2021-01-30;92;28;5751;194;3.2;0.1
55;2021-01-31;0;0;5751;194;3.2;0.1
55;2021-02-01;153;176;5904;370;3.3;0.2
55;2021-02-02;159;147;6063;517;3.3;0.3
55;2021-02-03;53;156;6116;673;3.4;0.4
55;2021-02-04;236;399;6352;1072;3.5;0.6
55;2021-02-05;174;140;6526;1212;3.6;0.7
55;2021-02-06;62;56;6588;1268;3.6;0.7
55;2021-02-07;2;53;6590;1321;3.6;0.7
55;2021-02-08;0;18;6590;1339;3.6;0.7
55;2021-02-09;92;116;6682;1455;3.7;0.8
55;2021-02-10;65;23;6747;1478;3.7;0.8
55;2021-02-11;175;98;6922;1576;3.8;0.9
55;2021-02-12;95;28;7017;1604;3.9;0.9
55;2021-02-13;0;0;7017;1604;3.9;0.9
55;2021-02-14;0;0;7017;1604;3.9;0.9
55;2021-02-15;15;417;7032;2021;3.9;1.1
55;2021-02-16;143;394;7175;2415;4.0;1.3
55;2021-02-17;26;489;7201;2904;4.0;1.6
55;2021-02-18;20;341;7221;3245;4.0;1.8
55;2021-02-19;125;287;7346;3532;4.0;1.9
55;2021-02-20;11;0;7357;3532;4.1;1.9
55;2021-02-21;0;0;7357;3532;4.1;1.9
55;2021-02-22;55;458;7412;3990;4.1;2.2
55;2021-02-23;85;439;7497;4429;4.1;2.4
55;2021-02-24;72;415;7569;4844;4.2;2.7
55;2021-02-25;270;684;7839;5528;4.3;3.0
55;2021-02-26;324;236;8163;5764;4.5;3.2
55;2021-02-27;125;87;8288;5851;4.6;3.2
55;2021-02-28;2;8;8290;5859;4.6;3.2
55;2021-03-01;77;141;8367;6000;4.6;3.3
55;2021-03-02;125;170;8492;6170;4.7;3.4
55;2021-03-03;198;3;8690;6173;4.8;3.4
55;2021-03-04;238;43;8928;6216;4.9;3.4
55;2021-03-05;362;47;9290;6263;5.1;3.4
55;2021-03-06;224;6;9514;6269;5.2;3.5
55;2021-03-07;74;5;9588;6274;5.3;3.5
55;2021-03-08;329;52;9917;6326;5.5;3.5
55;2021-03-09;635;50;10552;6376;5.8;3.5
55;2021-03-10;397;26;10949;6402;6.0;3.5
55;2021-03-11;597;147;11546;6549;6.4;3.6
55;2021-03-12;816;94;12362;6643;6.8;3.7
55;2021-03-13;522;13;12884;6656;7.1;3.7
55;2021-03-14;14;0;12898;6656;7.1;3.7
55;2021-03-15;393;24;13291;6680;7.3;3.7
55;2021-03-16;568;111;13859;6791;7.6;3.7
55;2021-03-17;683;22;14542;6813;8.0;3.8
55;2021-03-18;323;23;14865;6836;8.2;3.8
55;2021-03-19;471;60;15336;6896;8.4;3.8
55;2021-03-20;254;16;15590;6912;8.6;3.8
55;2021-03-21;1;1;15591;6913;8.6;3.8
55;2021-03-22;474;21;16065;6934;8.8;3.8
55;2021-03-23;973;66;17038;7000;9.4;3.9
55;2021-03-24;802;43;17840;7043;9.8;3.9
55;2021-03-25;1097;83;18937;7126;10.4;3.9
55;2021-03-26;602;37;19539;7163;10.8;3.9
55;2021-03-27;256;23;19795;7186;10.9;4.0
55;2021-03-28;0;0;19795;7186;10.9;4.0
55;2021-03-29;944;41;20739;7227;11.4;4.0
55;2021-03-30;1425;75;22164;7302;12.2;4.0
55;2021-03-31;1483;73;23647;7375;13.0;4.1
55;2021-04-01;1207;131;24854;7506;13.7;4.1
55;2021-04-02;902;75;25756;7581;14.2;4.2
55;2021-04-03;93;12;25849;7593;14.2;4.2
55;2021-04-04;2;0;25851;7593;14.2;4.2
55;2021-04-05;6;12;25857;7605;14.2;4.2
55;2021-04-06;933;276;26790;7881;14.7;4.3
55;2021-04-07;993;240;27783;8121;15.3;4.5
55;2021-04-08;1649;421;29432;8542;16.2;4.7
55;2021-04-09;1431;263;30863;8805;17.0;4.8
55;2021-04-10;243;175;31106;8980;17.1;4.9
55;2021-04-11;452;23;31558;9003;17.4;5.0
55;2021-04-12;855;330;32413;9333;17.8;5.1
55;2021-04-13;1355;530;33768;9863;18.6;5.4
55;2021-04-14;1372;728;35140;10591;19.3;5.8
55;2021-04-15;1637;461;36777;11052;20.2;6.1
55;2021-04-16;704;379;37481;11431;20.6;6.3
55;2021-04-17;677;32;38158;11463;21.0;6.3
55;2021-04-18;38;19;38196;11482;21.0;6.3
55;2021-04-19;961;348;39157;11830;21.6;6.5
55;2021-04-20;1173;776;40330;12606;22.2;6.9
55;2021-04-21;990;641;41320;13247;22.7;7.3
55;2021-04-22;1099;683;42419;13930;23.4;7.7
55;2021-04-23;1424;600;43843;14530;24.1;8.0
55;2021-04-24;313;124;44156;14654;24.3;8.1
55;2021-04-25;384;51;44540;14705;24.5;8.1
55;2021-04-26;478;815;45018;15520;24.8;8.5
55;2021-04-27;570;996;45588;16516;25.1;9.1
55;2021-04-28;931;815;46519;17331;25.6;9.5
55;2021-04-29;1118;859;47637;18190;26.2;10.0
55;2021-04-30;1280;624;48917;18814;26.9;10.4
55;2021-05-01;153;132;49070;18946;27.0;10.4
55;2021-05-02;2;3;49072;18949;27.0;10.4
55;2021-05-03;1209;630;50281;19579;27.7;10.8
55;2021-05-04;683;1180;50964;20759;28.1;11.4
55;2021-05-05;656;1074;51620;21833;28.4;12.0
55;2021-05-06;1350;1163;52970;22996;29.2;12.7
55;2021-05-07;1433;556;54403;23552;30.0;13.0
55;2021-05-08;156;77;54559;23629;30.0;13.0
55;2021-05-09;62;523;54621;24152;30.1;13.3
55;2021-05-10;860;1030;55481;25182;30.5;13.9
55;2021-05-11;1072;1380;56553;26562;31.1;14.6
55;2021-05-12;1031;1765;57584;28327;31.7;15.6
55;2021-05-13;99;75;57683;28402;31.8;15.6
55;2021-05-14;352;556;58035;28958;32.0;15.9
55;2021-05-15;291;492;58326;29450;32.1;16.2
55;2021-05-16;3;10;58329;29460;32.1;16.2
55;2021-05-17;1028;841;59357;30301;32.7;16.7
55;2021-05-18;1567;893;60924;31194;33.5;17.2
55;2021-05-19;1809;777;62733;31971;34.5;17.6
55;2021-05-20;2215;730;64948;32701;35.8;18.0
55;2021-05-21;2010;800;66958;33501;36.9;18.4
55;2021-05-22;198;167;67156;33668;37.0;18.5
55;2021-05-23;23;120;67179;33788;37.0;18.6
55;2021-05-24;0;0;67179;33788;37.0;18.6
55;2021-05-25;1347;653;68526;34441;37.7;19.0
55;2021-05-26;1675;1018;70201;35459;38.6;19.5
55;2021-05-27;1322;983;71523;36442;39.4;20.1
55;2021-05-28;1521;930;73044;37372;40.2;20.6
55;2021-05-29;1403;698;74447;38070;41.0;21.0
55;2021-05-30;15;205;74462;38275;41.0;21.1
55;2021-05-31;1048;1130;75510;39405;41.6;21.7
55;2021-06-01;919;955;76429;40360;42.1;22.2
55;2021-06-02;1162;983;77591;41343;42.7;22.8
55;2021-06-03;703;545;78294;41888;43.1;23.1
55;2021-06-04;1388;1100;79682;42988;43.9;23.7
55;2021-06-05;1366;278;81048;43266;44.6;23.8
55;2021-06-06;0;2;81048;43268;44.6;23.8
55;2021-06-07;791;714;81839;43982;45.1;24.2
55;2021-06-08;700;1073;82539;45055;45.4;24.8
55;2021-06-09;852;872;83391;45927;45.9;25.3
55;2021-06-10;378;275;83769;46202;46.1;25.4
55;2021-06-11;528;1287;84297;47489;46.4;26.1
55;2021-06-12;761;519;85058;48008;46.8;26.4
55;2021-06-13;265;33;85323;48041;47.0;26.4
55;2021-06-14;391;1362;85714;49403;47.2;27.2
55;2021-06-15;574;1212;86288;50615;47.5;27.9
55;2021-06-16;735;832;87023;51447;47.9;28.3
55;2021-06-17;425;858;87448;52305;48.1;28.8
55;2021-06-18;667;1474;88115;53779;48.5;29.6
55;2021-06-19;593;456;88708;54235;48.8;29.9
55;2021-06-20;0;0;88708;54235;48.8;29.9
55;2021-06-21;441;1023;89149;55258;49.1;30.4
55;2021-06-22;335;1011;89484;56269;49.3;31.0
55;2021-06-23;626;1210;90110;57479;49.6;31.6
55;2021-06-24;164;433;90274;57912;49.7;31.9
55;2021-06-25;642;1227;90916;59139;50.1;32.6
55;2021-06-26;418;341;91334;59480;50.3;32.7
55;2021-06-27;1;2;91335;59482;50.3;32.7
55;2021-06-28;149;1379;91484;60861;50.4;33.5
55;2021-06-29;201;1288;91685;62149;50.5;34.2
55;2021-06-30;272;1930;91957;64079;50.6;35.3
55;2021-07-01;388;1977;92345;66056;50.8;36.4
55;2021-07-02;392;1719;92737;67775;51.1;37.3
55;2021-07-03;107;262;92844;68037;51.1;37.5
55;2021-07-04;12;19;92856;68056;51.1;37.5
55;2021-07-05;222;1508;93078;69564;51.2;38.3
55;2021-07-06;327;900;93405;70464;51.4;38.8
55;2021-07-07;389;1801;93794;72265;51.6;39.8
55;2021-07-08;535;1594;94329;73859;51.9;40.7
55;2021-07-09;457;1478;94786;75337;52.2;41.5
55;2021-07-10;356;1112;95142;76449;52.4;42.1
55;2021-07-11;0;9;95142;76458;52.4;42.1
55;2021-07-12;608;1166;95750;77624;52.7;42.7
55;2021-07-13;599;1487;96349;79111;53.0;43.6
55;2021-07-14;1;13;96350;79124;53.0;43.6
55;2021-07-15;782;1646;97132;80770;53.5;44.5
55;2021-07-16;1255;1810;98387;82580;54.2;45.5
55;2021-07-17;1284;822;99671;83402;54.9;45.9
55;2021-07-18;1;2;99672;83404;54.9;45.9
55;2021-07-19;597;785;100269;84189;55.2;46.3
55;2021-07-20;1001;1024;101270;85213;55.8;46.9
55;2021-07-21;1482;1371;102752;86584;56.6;47.7
55;2021-07-22;1174;568;103926;87152;57.2;48.0
55;2021-07-23;1113;1356;105039;88508;57.8;48.7
55;2021-07-24;819;762;105858;89270;58.3;49.1
55;2021-07-25;120;229;105978;89499;58.3;49.3
55;2021-07-26;668;444;106646;89943;58.7;49.5
55;2021-07-27;1166;479;107812;90422;59.4;49.8
55;2021-07-28;1039;1066;108851;91488;59.9;50.4
55;2021-07-29;670;446;109521;91934;60.3;50.6
55;2021-07-30;1272;966;110793;92900;61.0;51.1
55;2021-07-31;714;613;111507;93513;61.4;51.5
55;2021-08-01;9;5;111516;93518;61.4;51.5
55;2021-08-02;820;443;112336;93961;61.8;51.7
55;2021-08-03;791;418;113127;94379;62.3;52.0
55;2021-08-04;1248;951;114375;95330;63.0;52.5
55;2021-08-05;1055;324;115430;95654;63.5;52.7
55;2021-08-06;819;1096;116249;96750;64.0;53.3
55;2021-08-07;596;336;116845;97086;64.3;53.4
55;2021-08-08;0;0;116845;97086;64.3;53.4
55;2021-08-09;402;306;117247;97392;64.5;53.6
55;2021-08-10;447;776;117694;98168;64.8;54.0
55;2021-08-11;596;640;118290;98808;65.1;54.4
55;2021-08-12;327;489;118617;99297;65.3;54.7
55;2021-08-13;439;1110;119056;100407;65.5;55.3
55;2021-08-14;144;190;119200;100597;65.6;55.4
55;2021-08-15;11;5;119211;100602;65.6;55.4
55;2021-08-16;246;739;119457;101341;65.8;55.8
55;2021-08-17;259;289;119716;101630;65.9;56.0
55;2021-08-18;576;1241;120292;102871;66.2;56.6
55;2021-08-19;451;960;120743;103831;66.5;57.2
55;2021-08-20;623;1012;121366;104843;66.8;57.7
55;2021-08-21;292;772;121658;105615;67.0;58.1
55;2021-08-22;8;6;121666;105621;67.0;58.1
55;2021-08-23;357;612;122023;106233;67.2;58.5
55;2021-08-24;338;833;122361;107066;67.4;58.9
55;2021-08-25;678;1173;123039;108239;67.7;59.6
55;2021-08-26;473;1253;123512;109492;68.0;60.3
55;2021-08-27;336;1247;123848;110739;68.2;61.0
55;2021-08-28;389;578;124237;111317;68.4;61.3
55;2021-08-29;217;59;124454;111376;68.5;61.3
55;2021-08-30;175;670;124629;112046;68.6;61.7
55;2021-08-31;288;802;124917;112848;68.8;62.1
55;2021-09-01;702;1213;125619;114061;69.2;62.8
55;2021-09-02;273;820;125892;114881;69.3;63.2
55;2021-09-03;489;1046;126381;115927;69.6;63.8
55;2021-09-04;290;576;126671;116503;69.7;64.1
55;2021-09-05;18;91;126689;116594;69.7;64.2
55;2021-09-06;61;122;126750;116716;69.8;64.3
55;2021-09-07;284;402;127034;117118;69.9;64.5
55;2021-09-08;275;275;127309;117393;70.1;64.6
55;2021-09-09;200;544;127509;117937;70.2;64.9
55;2021-09-10;253;420;127762;118357;70.3;65.2
55;2021-09-11;101;281;127863;118638;70.4;65.3
55;2021-09-12;1;2;127864;118640;70.4;65.3
55;2021-09-13;103;328;127967;118968;70.5;65.5
55;2021-09-14;278;174;128245;119142;70.6;65.6
55;2021-09-15;308;638;128553;119780;70.8;65.9
55;2021-09-16;120;181;128673;119961;70.8;66.0
55;2021-09-17;89;123;128762;120084;70.9;66.1
55;2021-09-18;142;391;128904;120475;71.0;66.3
55;2021-09-19;1;59;128905;120534;71.0;66.4
55;2021-09-20;83;192;128988;120726;71.0;66.5
55;2021-09-21;100;332;129088;121058;71.1;66.6
55;2021-09-22;109;396;129197;121454;71.1;66.9
55;2021-09-23;95;427;129292;121881;71.2;67.1
55;2021-09-24;88;369;129380;122250;71.2;67.3
55;2021-09-25;57;160;129437;122410;71.3;67.4
55;2021-09-26;0;34;129437;122444;71.3;67.4
55;2021-09-27;48;129;129485;122573;71.3;67.5
55;2021-09-28;51;124;129536;122697;71.3;67.5
55;2021-09-29;157;861;129693;123558;71.4;68.0
55;2021-09-30;58;331;129751;123889;71.4;68.2
55;2021-10-01;57;274;129808;124163;71.5;68.4
55;2021-10-02;91;372;129899;124535;71.5;68.6
55;2021-10-03;0;59;129899;124594;71.5;68.6
55;2021-10-04;108;391;130007;124985;71.6;68.8
55;2021-10-05;71;259;130078;125244;71.6;69.0
55;2021-10-06;101;378;130179;125622;71.7;69.2
55;2021-10-07;57;152;130236;125774;71.7;69.2
55;2021-10-08;61;143;130297;125917;71.7;69.3
55;2021-10-09;54;240;130351;126157;71.8;69.5
55;2021-10-10;20;194;130371;126351;71.8;69.6
55;2021-10-11;68;173;130439;126524;71.8;69.7
55;2021-10-12;76;366;130515;126890;71.9;69.9
56;2020-12-27;0;0;0;0;0.0;0.0
56;2020-12-28;1;0;1;0;0.0;0.0
56;2020-12-29;0;0;1;0;0.0;0.0
56;2020-12-30;0;0;1;0;0.0;0.0
56;2020-12-31;0;0;1;0;0.0;0.0
56;2021-01-01;0;0;1;0;0.0;0.0
56;2021-01-02;1;0;2;0;0.0;0.0
56;2021-01-03;2;2;4;2;0.0;0.0
56;2021-01-04;2;1;6;3;0.0;0.0
56;2021-01-05;1;0;7;3;0.0;0.0
56;2021-01-06;2;0;9;3;0.0;0.0
56;2021-01-07;198;0;207;3;0.0;0.0
56;2021-01-08;119;0;326;3;0.0;0.0
56;2021-01-09;1;0;327;3;0.0;0.0
56;2021-01-10;1;0;328;3;0.0;0.0
56;2021-01-11;242;0;570;3;0.1;0.0
56;2021-01-12;755;15;1325;18;0.2;0.0
56;2021-01-13;638;1;1963;19;0.3;0.0
56;2021-01-14;970;19;2933;38;0.4;0.0
56;2021-01-15;844;5;3777;43;0.5;0.0
56;2021-01-16;235;3;4012;46;0.5;0.0
56;2021-01-17;27;0;4039;46;0.5;0.0
56;2021-01-18;1007;1;5046;47;0.7;0.0
56;2021-01-19;866;24;5912;71;0.8;0.0
56;2021-01-20;885;1;6797;72;0.9;0.0
56;2021-01-21;1450;16;8247;88;1.1;0.0
56;2021-01-22;1183;4;9430;92;1.2;0.0
56;2021-01-23;319;3;9749;95;1.3;0.0
56;2021-01-24;6;0;9755;95;1.3;0.0
56;2021-01-25;830;4;10585;99;1.4;0.0
56;2021-01-26;1034;4;11619;103;1.5;0.0
56;2021-01-27;1082;62;12701;165;1.7;0.0
56;2021-01-28;975;123;13676;288;1.8;0.0
56;2021-01-29;875;107;14551;395;1.9;0.1
56;2021-01-30;139;19;14690;414;1.9;0.1
56;2021-01-31;0;0;14690;414;1.9;0.1
56;2021-02-01;480;155;15170;569;2.0;0.1
56;2021-02-02;941;258;16111;827;2.1;0.1
56;2021-02-03;1025;270;17136;1097;2.3;0.1
56;2021-02-04;4705;360;21841;1457;2.9;0.2
56;2021-02-05;3596;436;25437;1893;3.4;0.3
56;2021-02-06;551;171;25988;2064;3.4;0.3
56;2021-02-07;136;26;26124;2090;3.5;0.3
56;2021-02-08;297;291;26421;2381;3.5;0.3
56;2021-02-09;795;506;27216;2887;3.6;0.4
56;2021-02-10;864;700;28080;3587;3.7;0.5
56;2021-02-11;973;1081;29053;4668;3.8;0.6
56;2021-02-12;1153;645;30206;5313;4.0;0.7
56;2021-02-13;220;103;30426;5416;4.0;0.7
56;2021-02-14;6;46;30432;5462;4.0;0.7
56;2021-02-15;622;1087;31054;6549;4.1;0.9
56;2021-02-16;1219;735;32273;7284;4.3;1.0
56;2021-02-17;1189;959;33462;8243;4.4;1.1
56;2021-02-18;1351;882;34813;9125;4.6;1.2
56;2021-02-19;1323;916;36136;10041;4.8;1.3
56;2021-02-20;365;259;36501;10300;4.8;1.4
56;2021-02-21;2;0;36503;10300;4.8;1.4
56;2021-02-22;376;704;36879;11004;4.9;1.5
56;2021-02-23;742;951;37621;11955;5.0;1.6
56;2021-02-24;918;1187;38539;13142;5.1;1.7
56;2021-02-25;2032;4258;40571;17400;5.4;2.3
56;2021-02-26;2356;2255;42927;19655;5.7;2.6
56;2021-02-27;748;447;43675;20102;5.8;2.7
56;2021-02-28;15;114;43690;20216;5.8;2.7
56;2021-03-01;649;559;44339;20775;5.9;2.7
56;2021-03-02;981;789;45320;21564;6.0;2.9
56;2021-03-03;1150;910;46470;22474;6.2;3.0
56;2021-03-04;1965;1039;48435;23513;6.4;3.1
56;2021-03-05;2584;1436;51019;24949;6.8;3.3
56;2021-03-06;1209;223;52228;25172;6.9;3.3
56;2021-03-07;282;24;52510;25196;6.9;3.3
56;2021-03-08;1141;395;53651;25591;7.1;3.4
56;2021-03-09;2043;633;55694;26224;7.4;3.5
56;2021-03-10;2000;939;57694;27163;7.6;3.6
56;2021-03-11;3252;744;60946;27907;8.1;3.7
56;2021-03-12;4209;834;65155;28741;8.6;3.8
56;2021-03-13;1884;151;67039;28892;8.9;3.8
56;2021-03-14;195;4;67234;28896;8.9;3.8
56;2021-03-15;1286;531;68520;29427;9.1;3.9
56;2021-03-16;1088;1029;69608;30456;9.2;4.0
56;2021-03-17;1371;778;70979;31234;9.4;4.1
56;2021-03-18;2001;1863;72980;33097;9.7;4.4
56;2021-03-19;2947;1398;75927;34495;10.0;4.6
56;2021-03-20;1492;207;77419;34702;10.2;4.6
56;2021-03-21;209;22;77628;34724;10.3;4.6
56;2021-03-22;1612;407;79240;35131;10.5;4.6
56;2021-03-23;2810;687;82050;35818;10.9;4.7
56;2021-03-24;3450;527;85500;36345;11.3;4.8
56;2021-03-25;4238;731;89738;37076;11.9;4.9
56;2021-03-26;5092;774;94830;37850;12.6;5.0
56;2021-03-27;1502;296;96332;38146;12.7;5.0
56;2021-03-28;264;11;96596;38157;12.8;5.1
56;2021-03-29;2236;507;98832;38664;13.1;5.1
56;2021-03-30;3519;787;102351;39451;13.5;5.2
56;2021-03-31;3115;723;105466;40174;14.0;5.3
56;2021-04-01;4079;827;109545;41001;14.5;5.4
56;2021-04-02;3925;954;113470;41955;15.0;5.6
56;2021-04-03;1186;270;114656;42225;15.2;5.6
56;2021-04-04;233;4;114889;42229;15.2;5.6
56;2021-04-05;244;8;115133;42237;15.2;5.6
56;2021-04-06;2828;1238;117961;43475;15.6;5.8
56;2021-04-07;4023;1196;121984;44671;16.1;5.9
56;2021-04-08;5296;1170;127280;45841;16.8;6.1
56;2021-04-09;7396;1290;134676;47131;17.8;6.2
56;2021-04-10;2576;430;137252;47561;18.2;6.3
56;2021-04-11;194;101;137446;47662;18.2;6.3
56;2021-04-12;3932;838;141378;48500;18.7;6.4
56;2021-04-13;5965;1268;147343;49768;19.5;6.6
56;2021-04-14;5168;1434;152511;51202;20.2;6.8
56;2021-04-15;7153;1779;159664;52981;21.1;7.0
56;2021-04-16;7842;2020;167506;55001;22.2;7.3
56;2021-04-17;3130;649;170636;55650;22.6;7.4
56;2021-04-18;528;110;171164;55760;22.7;7.4
56;2021-04-19;3719;1264;174883;57024;23.1;7.5
56;2021-04-20;4107;1981;178990;59005;23.7;7.8
56;2021-04-21;4059;2327;183049;61332;24.2;8.1
56;2021-04-22;5173;1928;188222;63260;24.9;8.4
56;2021-04-23;5172;2424;193394;65684;25.6;8.7
56;2021-04-24;2899;648;196293;66332;26.0;8.8
56;2021-04-25;465;149;196758;66481;26.0;8.8
56;2021-04-26;4710;1672;201468;68153;26.7;9.0
56;2021-04-27;5097;2554;206565;70707;27.3;9.4
56;2021-04-28;4966;2250;211531;72957;28.0;9.7
56;2021-04-29;5842;2944;217373;75901;28.8;10.0
56;2021-04-30;6246;2804;223619;78705;29.6;10.4
56;2021-05-01;2490;365;226109;79070;29.9;10.5
56;2021-05-02;307;254;226416;79324;30.0;10.5
56;2021-05-03;3863;2069;230279;81393;30.5;10.8
56;2021-05-04;4379;3911;234658;85304;31.1;11.3
56;2021-05-05;3522;3879;238180;89183;31.5;11.8
56;2021-05-06;4377;5447;242557;94630;32.1;12.5
56;2021-05-07;4267;5015;246824;99645;32.7;13.2
56;2021-05-08;1645;324;248469;99969;32.9;13.2
56;2021-05-09;494;227;248963;100196;33.0;13.3
56;2021-05-10;3751;3809;252714;104005;33.4;13.8
56;2021-05-11;4169;5053;256883;109058;34.0;14.4
56;2021-05-12;4342;4776;261225;113834;34.6;15.1
56;2021-05-13;2397;1014;263622;114848;34.9;15.2
56;2021-05-14;4227;4362;267849;119210;35.5;15.8
56;2021-05-15;2488;1895;270337;121105;35.8;16.0
56;2021-05-16;237;488;270574;121593;35.8;16.1
56;2021-05-17;2513;3668;273087;125261;36.1;16.6
56;2021-05-18;3522;4102;276609;129363;36.6;17.1
56;2021-05-19;3527;3398;280136;132761;37.1;17.6
56;2021-05-20;3805;4819;283941;137580;37.6;18.2
56;2021-05-21;3748;5228;287689;142808;38.1;18.9
56;2021-05-22;1696;2207;289385;145015;38.3;19.2
56;2021-05-23;284;197;289669;145212;38.3;19.2
56;2021-05-24;2058;497;291727;145709;38.6;19.3
56;2021-05-25;3141;4471;294868;150180;39.0;19.9
56;2021-05-26;3735;3938;298603;154118;39.5;20.4
56;2021-05-27;4362;4868;302965;158986;40.1;21.0
56;2021-05-28;4640;5960;307605;164946;40.7;21.8
56;2021-05-29;1886;1635;309491;166581;41.0;22.0
56;2021-05-30;318;67;309809;166648;41.0;22.1
56;2021-05-31;4502;3222;314311;169870;41.6;22.5
56;2021-06-01;5664;3387;319975;173257;42.3;22.9
56;2021-06-02;5631;2953;325606;176210;43.1;23.3
56;2021-06-03;6189;3304;331795;179514;43.9;23.8
56;2021-06-04;5814;4413;337609;183927;44.7;24.3
56;2021-06-05;4346;2385;341955;186312;45.3;24.7
56;2021-06-06;496;615;342451;186927;45.3;24.7
56;2021-06-07;5101;3172;347552;190099;46.0;25.2
56;2021-06-08;6070;3375;353622;193474;46.8;25.6
56;2021-06-09;6431;2815;360053;196289;47.7;26.0
56;2021-06-10;7479;2874;367532;199163;48.6;26.4
56;2021-06-11;6768;3867;374300;203030;49.5;26.9
56;2021-06-12;5103;2064;379403;205094;50.2;27.1
56;2021-06-13;1978;439;381381;205533;50.5;27.2
56;2021-06-14;3313;4595;384694;210128;50.9;27.8
56;2021-06-15;4201;4898;388895;215026;51.5;28.5
56;2021-06-16;4497;4504;393392;219530;52.1;29.1
56;2021-06-17;4257;4752;397649;224282;52.6;29.7
56;2021-06-18;4513;5973;402162;230255;53.2;30.5
56;2021-06-19;3832;2144;405994;232399;53.7;30.8
56;2021-06-20;1503;340;407497;232739;53.9;30.8
56;2021-06-21;3306;4462;410803;237201;54.4;31.4
56;2021-06-22;3483;5441;414286;242642;54.8;32.1
56;2021-06-23;3763;5061;418049;247703;55.3;32.8
56;2021-06-24;3478;5320;421527;253023;55.8;33.5
56;2021-06-25;3884;6281;425411;259304;56.3;34.3
56;2021-06-26;3202;2916;428613;262220;56.7;34.7
56;2021-06-27;305;163;428918;262383;56.8;34.7
56;2021-06-28;1575;3982;430493;266365;57.0;35.3
56;2021-06-29;2433;5770;432926;272135;57.3;36.0
56;2021-06-30;2499;5561;435425;277696;57.6;36.8
56;2021-07-01;2735;4960;438160;282656;58.0;37.4
56;2021-07-02;2671;6205;440831;288861;58.3;38.2
56;2021-07-03;2203;2684;443034;291545;58.6;38.6
56;2021-07-04;778;811;443812;292356;58.7;38.7
56;2021-07-05;1872;5442;445684;297798;59.0;39.4
56;2021-07-06;2190;5933;447874;303731;59.3;40.2
56;2021-07-07;2844;5642;450718;309373;59.7;40.9
56;2021-07-08;3086;6036;453804;315409;60.1;41.7
56;2021-07-09;2213;7098;456017;322507;60.4;42.7
56;2021-07-10;1126;3004;457143;325511;60.5;43.1
56;2021-07-11;256;344;457399;325855;60.5;43.1
56;2021-07-12;2181;6605;459580;332460;60.8;44.0
56;2021-07-13;3259;7467;462839;339927;61.3;45.0
56;2021-07-14;1785;2591;464624;342518;61.5;45.3
56;2021-07-15;3819;7069;468443;349587;62.0;46.3
56;2021-07-16;4076;8096;472519;357683;62.5;47.3
56;2021-07-17;2320;3525;474839;361208;62.8;47.8
56;2021-07-18;256;478;475095;361686;62.9;47.9
56;2021-07-19;2869;6359;477964;368045;63.3;48.7
56;2021-07-20;3722;7913;481686;375958;63.8;49.8
56;2021-07-21;3096;7519;484782;383477;64.2;50.8
56;2021-07-22;4391;8035;489173;391512;64.7;51.8
56;2021-07-23;4389;8412;493562;399924;65.3;52.9
56;2021-07-24;1687;4602;495249;404526;65.5;53.5
56;2021-07-25;551;1916;495800;406442;65.6;53.8
56;2021-07-26;3680;5461;499480;411903;66.1;54.5
56;2021-07-27;5375;6201;504855;418104;66.8;55.3
56;2021-07-28;4687;5465;509542;423569;67.4;56.1
56;2021-07-29;5378;5628;514920;429197;68.2;56.8
56;2021-07-30;5383;5864;520303;435061;68.9;57.6
56;2021-07-31;2158;2693;522461;437754;69.1;57.9
56;2021-08-01;1255;977;523716;438731;69.3;58.1
56;2021-08-02;4537;4600;528253;443331;69.9;58.7
56;2021-08-03;6387;4962;534640;448293;70.8;59.3
56;2021-08-04;5952;4363;540592;452656;71.5;59.9
56;2021-08-05;6097;4605;546689;457261;72.4;60.5
56;2021-08-06;5855;4926;552544;462187;73.1;61.2
56;2021-08-07;2859;2228;555403;464415;73.5;61.5
56;2021-08-08;1830;566;557233;464981;73.8;61.5
56;2021-08-09;3936;4267;561169;469248;74.3;62.1
56;2021-08-10;4928;4612;566097;473860;74.9;62.7
56;2021-08-11;4565;4138;570662;477998;75.5;63.3
56;2021-08-12;4488;4549;575150;482547;76.1;63.9
56;2021-08-13;4214;4814;579364;487361;76.7;64.5
56;2021-08-14;1793;2136;581157;489497;76.9;64.8
56;2021-08-15;348;485;581505;489982;77.0;64.8
56;2021-08-16;3066;4522;584571;494504;77.4;65.4
56;2021-08-17;3761;5055;588332;499559;77.9;66.1
56;2021-08-18;3740;4609;592072;504168;78.4;66.7
56;2021-08-19;3069;4992;595141;509160;78.8;67.4
56;2021-08-20;2905;5260;598046;514420;79.2;68.1
56;2021-08-21;1159;2399;599205;516819;79.3;68.4
56;2021-08-22;129;503;599334;517322;79.3;68.5
56;2021-08-23;1928;4969;601262;522291;79.6;69.1
56;2021-08-24;1924;5513;603186;527804;79.8;69.9
56;2021-08-25;1710;5056;604896;532860;80.1;70.5
56;2021-08-26;1409;5326;606305;538186;80.2;71.2
56;2021-08-27;1757;5878;608062;544064;80.5;72.0
56;2021-08-28;605;2802;608667;546866;80.6;72.4
56;2021-08-29;79;476;608746;547342;80.6;72.4
56;2021-08-30;1381;4627;610127;551969;80.8;73.1
56;2021-08-31;1473;4648;611600;556617;80.9;73.7
56;2021-09-01;1321;3927;612921;560544;81.1;74.2
56;2021-09-02;1086;3711;614007;564255;81.3;74.7
56;2021-09-03;1103;4240;615110;568495;81.4;75.2
56;2021-09-04;766;2340;615876;570835;81.5;75.6
56;2021-09-05;128;365;616004;571200;81.5;75.6
56;2021-09-06;884;3115;616888;574315;81.6;76.0
56;2021-09-07;820;3001;617708;577316;81.8;76.4
56;2021-09-08;967;3234;618675;580550;81.9;76.8
56;2021-09-09;800;2669;619475;583219;82.0;77.2
56;2021-09-10;942;3160;620417;586379;82.1;77.6
56;2021-09-11;474;2017;620891;588396;82.2;77.9
56;2021-09-12;34;167;620925;588563;82.2;77.9
56;2021-09-13;765;2071;621690;590634;82.3;78.2
56;2021-09-14;700;1870;622390;592504;82.4;78.4
56;2021-09-15;714;2499;623104;595003;82.5;78.7
56;2021-09-16;710;1591;623814;596594;82.6;79.0
56;2021-09-17;761;2148;624575;598742;82.7;79.2
56;2021-09-18;305;1706;624880;600448;82.7;79.5
56;2021-09-19;32;112;624912;600560;82.7;79.5
56;2021-09-20;426;1287;625338;601847;82.8;79.7
56;2021-09-21;502;1164;625840;603011;82.8;79.8
56;2021-09-22;463;1704;626303;604715;82.9;80.0
56;2021-09-23;543;1049;626846;605764;83.0;80.2
56;2021-09-24;581;1613;627427;607377;83.0;80.4
56;2021-09-25;256;1029;627683;608406;83.1;80.5
56;2021-09-26;12;79;627695;608485;83.1;80.5
56;2021-09-27;475;1000;628170;609485;83.1;80.7
56;2021-09-28;436;958;628606;610443;83.2;80.8
56;2021-09-29;386;1168;628992;611611;83.2;80.9
56;2021-09-30;333;606;629325;612217;83.3;81.0
56;2021-10-01;514;1256;629839;613473;83.4;81.2
56;2021-10-02;161;403;630000;613876;83.4;81.2
56;2021-10-03;5;77;630005;613953;83.4;81.3
56;2021-10-04;295;762;630300;614715;83.4;81.4
56;2021-10-05;239;619;630539;615334;83.5;81.4
56;2021-10-06;404;945;630943;616279;83.5;81.6
56;2021-10-07;308;879;631251;617158;83.5;81.7
56;2021-10-08;426;910;631677;618068;83.6;81.8
56;2021-10-09;152;383;631829;618451;83.6;81.9
56;2021-10-10;9;56;631838;618507;83.6;81.9
56;2021-10-11;281;619;632119;619126;83.7;81.9
56;2021-10-12;262;663;632381;619789;83.7;82.0
57;2020-12-27;2;0;2;0;0.0;0.0
57;2020-12-28;0;0;2;0;0.0;0.0
57;2020-12-29;3;0;5;0;0.0;0.0
57;2020-12-30;1;0;6;0;0.0;0.0
57;2020-12-31;0;0;6;0;0.0;0.0
57;2021-01-01;1;1;7;1;0.0;0.0
57;2021-01-02;3;0;10;1;0.0;0.0
57;2021-01-03;0;0;10;1;0.0;0.0
57;2021-01-04;17;0;27;1;0.0;0.0
57;2021-01-05;199;0;226;1;0.0;0.0
57;2021-01-06;226;1;452;2;0.0;0.0
57;2021-01-07;586;2;1038;4;0.1;0.0
57;2021-01-08;509;2;1547;6;0.1;0.0
57;2021-01-09;203;0;1750;6;0.2;0.0
57;2021-01-10;109;1;1859;7;0.2;0.0
57;2021-01-11;470;1;2329;8;0.2;0.0
57;2021-01-12;612;7;2941;15;0.3;0.0
57;2021-01-13;696;2;3637;17;0.4;0.0
57;2021-01-14;708;6;4345;23;0.4;0.0
57;2021-01-15;636;5;4981;28;0.5;0.0
57;2021-01-16;452;1;5433;29;0.5;0.0
57;2021-01-17;493;1;5926;30;0.6;0.0
57;2021-01-18;2717;23;8643;53;0.8;0.0
57;2021-01-19;2567;22;11210;75;1.1;0.0
57;2021-01-20;2771;23;13981;98;1.3;0.0
57;2021-01-21;1803;9;15784;107;1.5;0.0
57;2021-01-22;1325;8;17109;115;1.7;0.0
57;2021-01-23;543;15;17652;130;1.7;0.0
57;2021-01-24;1;0;17653;130;1.7;0.0
57;2021-01-25;869;186;18522;316;1.8;0.0
57;2021-01-26;1112;214;19634;530;1.9;0.1
57;2021-01-27;1070;183;20704;713;2.0;0.1
57;2021-01-28;1041;296;21745;1009;2.1;0.1
57;2021-01-29;983;392;22728;1401;2.2;0.1
57;2021-01-30;440;93;23168;1494;2.2;0.1
57;2021-01-31;11;27;23179;1521;2.2;0.1
57;2021-02-01;828;351;24007;1872;2.3;0.2
57;2021-02-02;989;363;24996;2235;2.4;0.2
57;2021-02-03;987;318;25983;2553;2.5;0.2
57;2021-02-04;1138;803;27121;3356;2.6;0.3
57;2021-02-05;929;354;28050;3710;2.7;0.4
57;2021-02-06;482;347;28532;4057;2.8;0.4
57;2021-02-07;103;336;28635;4393;2.8;0.4
57;2021-02-08;1258;1548;29893;5941;2.9;0.6
57;2021-02-09;1763;1676;31656;7617;3.1;0.7
57;2021-02-10;1711;2075;33367;9692;3.2;0.9
57;2021-02-11;1488;1326;34855;11018;3.4;1.1
57;2021-02-12;1227;677;36082;11695;3.5;1.1
57;2021-02-13;1152;179;37234;11874;3.6;1.1
57;2021-02-14;1211;28;38445;11902;3.7;1.1
57;2021-02-15;766;858;39211;12760;3.8;1.2
57;2021-02-16;1076;798;40287;13558;3.9;1.3
57;2021-02-17;1008;962;41295;14520;4.0;1.4
57;2021-02-18;976;1157;42271;15677;4.1;1.5
57;2021-02-19;956;934;43227;16611;4.2;1.6
57;2021-02-20;1172;614;44399;17225;4.3;1.7
57;2021-02-21;323;13;44722;17238;4.3;1.7
57;2021-02-22;1230;912;45952;18150;4.4;1.8
57;2021-02-23;2234;1087;48186;19237;4.7;1.9
57;2021-02-24;2287;1004;50473;20241;4.9;2.0
57;2021-02-25;3297;1128;53770;21369;5.2;2.1
57;2021-02-26;3593;962;57363;22331;5.5;2.2
57;2021-02-27;3698;543;61061;22874;5.9;2.2
57;2021-02-28;1897;62;62958;22936;6.1;2.2
57;2021-03-01;2083;1344;65041;24280;6.3;2.3
57;2021-03-02;2870;1613;67911;25893;6.6;2.5
57;2021-03-03;2835;1617;70746;27510;6.8;2.7
57;2021-03-04;3288;1302;74034;28812;7.1;2.8
57;2021-03-05;4460;1258;78494;30070;7.6;2.9
57;2021-03-06;7266;798;85760;30868;8.3;3.0
57;2021-03-07;6070;286;91830;31154;8.9;3.0
57;2021-03-08;2300;1018;94130;32172;9.1;3.1
57;2021-03-09;3410;1314;97540;33486;9.4;3.2
57;2021-03-10;3593;980;101133;34466;9.8;3.3
57;2021-03-11;4051;1266;105184;35732;10.2;3.4
57;2021-03-12;5137;1224;110321;36956;10.7;3.6
57;2021-03-13;6293;997;116614;37953;11.3;3.7
57;2021-03-14;2425;431;119039;38384;11.5;3.7
57;2021-03-15;2966;887;122005;39271;11.8;3.8
57;2021-03-16;3062;1305;125067;40576;12.1;3.9
57;2021-03-17;3053;1158;128120;41734;12.4;4.0
57;2021-03-18;3403;1086;131523;42820;12.7;4.1
57;2021-03-19;4626;1064;136149;43884;13.1;4.2
57;2021-03-20;4703;1040;140852;44924;13.6;4.3
57;2021-03-21;1896;257;142748;45181;13.8;4.4
57;2021-03-22;2479;1501;145227;46682;14.0;4.5
57;2021-03-23;3442;2369;148669;49051;14.4;4.7
57;2021-03-24;3898;2169;152567;51220;14.7;4.9
57;2021-03-25;4743;2613;157310;53833;15.2;5.2
57;2021-03-26;4841;2283;162151;56116;15.7;5.4
57;2021-03-27;3710;3168;165861;59284;16.0;5.7
57;2021-03-28;1398;1849;167259;61133;16.1;5.9
57;2021-03-29;1932;2207;169191;63340;16.3;6.1
57;2021-03-30;3303;2527;172494;65867;16.7;6.4
57;2021-03-31;2826;2337;175320;68204;16.9;6.6
57;2021-04-01;3223;3190;178543;71394;17.2;6.9
57;2021-04-02;2392;2598;180935;73992;17.5;7.1
57;2021-04-03;2565;2668;183500;76660;17.7;7.4
57;2021-04-04;596;970;184096;77630;17.8;7.5
57;2021-04-05;1922;676;186018;78306;18.0;7.6
57;2021-04-06;2453;2860;188471;81166;18.2;7.8
57;2021-04-07;3816;3130;192287;84296;18.6;8.1
57;2021-04-08;5613;2932;197900;87228;19.1;8.4
57;2021-04-09;5014;2774;202914;90002;19.6;8.7
57;2021-04-10;2353;3654;205267;93656;19.8;9.0
57;2021-04-11;1099;1892;206366;95548;19.9;9.2
57;2021-04-12;1795;2761;208161;98309;20.1;9.5
57;2021-04-13;1976;3034;210137;101343;20.3;9.8
57;2021-04-14;1922;2995;212059;104338;20.5;10.1
57;2021-04-15;2364;3434;214423;107772;20.7;10.4
57;2021-04-16;2700;3299;217123;111071;21.0;10.7
57;2021-04-17;2474;3184;219597;114255;21.2;11.0
57;2021-04-18;1241;1774;220838;116029;21.3;11.2
57;2021-04-19;2142;2260;222980;118289;21.5;11.4
57;2021-04-20;2513;2787;225493;121076;21.8;11.7
57;2021-04-21;2568;2382;228061;123458;22.0;11.9
57;2021-04-22;3209;2253;231270;125711;22.3;12.1
57;2021-04-23;4060;2586;235330;128297;22.7;12.4
57;2021-04-24;3396;2564;238726;130861;23.0;12.6
57;2021-04-25;757;1127;239483;131988;23.1;12.7
57;2021-04-26;2972;2003;242455;133991;23.4;12.9
57;2021-04-27;3898;2385;246353;136376;23.8;13.2
57;2021-04-28;4213;2596;250566;138972;24.2;13.4
57;2021-04-29;5261;3465;255827;142437;24.7;13.8
57;2021-04-30;4729;3555;260556;145992;25.2;14.1
57;2021-05-01;2356;1687;262912;147679;25.4;14.3
57;2021-05-02;790;915;263702;148594;25.5;14.3
57;2021-05-03;3561;2995;267263;151589;25.8;14.6
57;2021-05-04;4871;3176;272134;154765;26.3;14.9
57;2021-05-05;6123;3171;278257;157936;26.9;15.2
57;2021-05-06;5990;3282;284247;161218;27.4;15.6
57;2021-05-07;6852;3449;291099;164667;28.1;15.9
57;2021-05-08;4051;1605;295150;166272;28.5;16.1
57;2021-05-09;2048;1114;297198;167386;28.7;16.2
57;2021-05-10;5129;3067;302327;170453;29.2;16.5
57;2021-05-11;7453;2850;309780;173303;29.9;16.7
57;2021-05-12;7843;3248;317623;176551;30.7;17.0
57;2021-05-13;4509;915;322132;177466;31.1;17.1
57;2021-05-14;7840;2633;329972;180099;31.9;17.4
57;2021-05-15;5965;2047;335937;182146;32.4;17.6
57;2021-05-16;3307;578;339244;182724;32.7;17.6
57;2021-05-17;3867;2064;343111;184788;33.1;17.8
57;2021-05-18;6292;2104;349403;186892;33.7;18.0
57;2021-05-19;7018;2326;356421;189218;34.4;18.3
57;2021-05-20;6046;2180;362467;191398;35.0;18.5
57;2021-05-21;7563;2925;370030;194323;35.7;18.8
57;2021-05-22;4895;2171;374925;196494;36.2;19.0
57;2021-05-23;1964;430;376889;196924;36.4;19.0
57;2021-05-24;3027;1060;379916;197984;36.7;19.1
57;2021-05-25;5571;2806;385487;200790;37.2;19.4
57;2021-05-26;6375;3178;391862;203968;37.8;19.7
57;2021-05-27;5794;3124;397656;207092;38.4;20.0
57;2021-05-28;7024;4739;404680;211831;39.1;20.4
57;2021-05-29;5220;4245;409900;216076;39.6;20.9
57;2021-05-30;1968;1743;411868;217819;39.8;21.0
57;2021-05-31;4315;3340;416183;221159;40.2;21.4
57;2021-06-01;5934;3718;422117;224877;40.8;21.7
57;2021-06-02;6340;3907;428457;228784;41.4;22.1
57;2021-06-03;6209;3702;434666;232486;42.0;22.4
57;2021-06-04;7569;4992;442235;237478;42.7;22.9
57;2021-06-05;4764;4032;446999;241510;43.2;23.3
57;2021-06-06;1992;890;448991;242400;43.3;23.4
57;2021-06-07;4315;4034;453306;246434;43.8;23.8
57;2021-06-08;6721;4314;460027;250748;44.4;24.2
57;2021-06-09;6876;4156;466903;254904;45.1;24.6
57;2021-06-10;6218;4597;473121;259501;45.7;25.1
57;2021-06-11;5360;5366;478481;264867;46.2;25.6
57;2021-06-12;5741;4452;484222;269319;46.7;26.0
57;2021-06-13;1500;1142;485722;270461;46.9;26.1
57;2021-06-14;3381;4698;489103;275159;47.2;26.6
57;2021-06-15;3815;6024;492918;281183;47.6;27.1
57;2021-06-16;4400;6597;497318;287780;48.0;27.8
57;2021-06-17;4201;6073;501519;293853;48.4;28.4
57;2021-06-18;4273;7308;505792;301161;48.8;29.1
57;2021-06-19;4158;6292;509950;307453;49.2;29.7
57;2021-06-20;986;1665;510936;309118;49.3;29.8
57;2021-06-21;2065;5966;513001;315084;49.5;30.4
57;2021-06-22;2644;7987;515645;323071;49.8;31.2
57;2021-06-23;3071;8385;518716;331456;50.1;32.0
57;2021-06-24;2457;5288;521173;336744;50.3;32.5
57;2021-06-25;2856;7825;524029;344569;50.6;33.3
57;2021-06-26;2872;7258;526901;351827;50.9;34.0
57;2021-06-27;752;2985;527653;354812;50.9;34.3
57;2021-06-28;1591;5079;529244;359891;51.1;34.7
57;2021-06-29;2081;6832;531325;366723;51.3;35.4
57;2021-06-30;3068;7321;534393;374044;51.6;36.1
57;2021-07-01;2707;5957;537100;380001;51.9;36.7
57;2021-07-02;2697;8073;539797;388074;52.1;37.5
57;2021-07-03;3238;6528;543035;394602;52.4;38.1
57;2021-07-04;942;2467;543977;397069;52.5;38.3
57;2021-07-05;1713;4608;545690;401677;52.7;38.8
57;2021-07-06;2425;6480;548115;408157;52.9;39.4
57;2021-07-07;2732;7088;550847;415245;53.2;40.1
57;2021-07-08;2495;5876;553342;421121;53.4;40.7
57;2021-07-09;3424;8415;556766;429536;53.7;41.5
57;2021-07-10;3096;6943;559862;436479;54.0;42.1
57;2021-07-11;854;2233;560716;438712;54.1;42.4
57;2021-07-12;2441;6433;563157;445145;54.4;43.0
57;2021-07-13;4415;7507;567572;452652;54.8;43.7
57;2021-07-14;2823;3843;570395;456495;55.1;44.1
57;2021-07-15;3962;7789;574357;464284;55.4;44.8
57;2021-07-16;5643;9831;580000;474115;56.0;45.8
57;2021-07-17;5823;7287;585823;481402;56.6;46.5
57;2021-07-18;1491;2660;587314;484062;56.7;46.7
57;2021-07-19;2375;6201;589689;490263;56.9;47.3
57;2021-07-20;4333;6915;594022;497178;57.3;48.0
57;2021-07-21;5304;6909;599326;504087;57.9;48.7
57;2021-07-22;5982;5958;605308;510045;58.4;49.2
57;2021-07-23;7016;6407;612324;516452;59.1;49.9
57;2021-07-24;4536;7037;616860;523489;59.6;50.5
57;2021-07-25;1334;1770;618194;525259;59.7;50.7
57;2021-07-26;3724;4496;621918;529755;60.0;51.1
57;2021-07-27;6867;4954;628785;534709;60.7;51.6
57;2021-07-28;7489;4566;636274;539275;61.4;52.1
57;2021-07-29;7636;4603;643910;543878;62.2;52.5
57;2021-07-30;6874;4900;650784;548778;62.8;53.0
57;2021-07-31;5707;5025;656491;553803;63.4;53.5
57;2021-08-01;2027;1116;658518;554919;63.6;53.6
57;2021-08-02;3543;3182;662061;558101;63.9;53.9
57;2021-08-03;5805;4284;667866;562385;64.5;54.3
57;2021-08-04;5229;3463;673095;565848;65.0;54.6
57;2021-08-05;5377;3786;678472;569634;65.5;55.0
57;2021-08-06;5624;4855;684096;574489;66.0;55.5
57;2021-08-07;4586;5169;688682;579658;66.5;56.0
57;2021-08-08;1480;1507;690162;581165;66.6;56.1
57;2021-08-09;2625;3177;692787;584342;66.9;56.4
57;2021-08-10;3520;3788;696307;588130;67.2;56.8
57;2021-08-11;3724;4024;700031;592154;67.6;57.2
57;2021-08-12;3161;5217;703192;597371;67.9;57.7
57;2021-08-13;3497;4733;706689;602104;68.2;58.1
57;2021-08-14;2165;5186;708854;607290;68.4;58.6
57;2021-08-15;529;1093;709383;608383;68.5;58.7
57;2021-08-16;1790;3569;711173;611952;68.7;59.1
57;2021-08-17;2380;5355;713553;617307;68.9;59.6
57;2021-08-18;2473;5375;716026;622682;69.1;60.1
57;2021-08-19;2214;5486;718240;628168;69.3;60.6
57;2021-08-20;2058;6034;720298;634202;69.5;61.2
57;2021-08-21;1874;5395;722172;639597;69.7;61.7
57;2021-08-22;454;1530;722626;641127;69.8;61.9
57;2021-08-23;1144;3719;723770;644846;69.9;62.3
57;2021-08-24;1817;5614;725587;650460;70.0;62.8
57;2021-08-25;1619;5318;727206;655778;70.2;63.3
57;2021-08-26;1609;4674;728815;660452;70.4;63.8
57;2021-08-27;1770;5897;730585;666349;70.5;64.3
57;2021-08-28;2014;5386;732599;671735;70.7;64.8
57;2021-08-29;342;1090;732941;672825;70.8;65.0
57;2021-08-30;1033;3210;733974;676035;70.9;65.3
57;2021-08-31;1553;4295;735527;680330;71.0;65.7
57;2021-09-01;1460;3844;736987;684174;71.1;66.0
57;2021-09-02;1179;3107;738166;687281;71.3;66.3
57;2021-09-03;1569;3956;739735;691237;71.4;66.7
57;2021-09-04;1685;3743;741420;694980;71.6;67.1
57;2021-09-05;383;847;741803;695827;71.6;67.2
57;2021-09-06;773;1771;742576;697598;71.7;67.3
57;2021-09-07;706;1856;743282;699454;71.8;67.5
57;2021-09-08;932;2507;744214;701961;71.8;67.8
57;2021-09-09;613;1970;744827;703931;71.9;68.0
57;2021-09-10;1083;2471;745910;706402;72.0;68.2
57;2021-09-11;1182;2976;747092;709378;72.1;68.5
57;2021-09-12;248;490;747340;709868;72.1;68.5
57;2021-09-13;589;1350;747929;711218;72.2;68.7
57;2021-09-14;780;1703;748709;712921;72.3;68.8
57;2021-09-15;771;1994;749480;714915;72.4;69.0
57;2021-09-16;714;1229;750194;716144;72.4;69.1
57;2021-09-17;1115;1789;751309;717933;72.5;69.3
57;2021-09-18;808;2586;752117;720519;72.6;69.6
57;2021-09-19;120;346;752237;720865;72.6;69.6
57;2021-09-20;410;867;752647;721732;72.7;69.7
57;2021-09-21;507;827;753154;722559;72.7;69.8
57;2021-09-22;492;1307;753646;723866;72.8;69.9
57;2021-09-23;466;1215;754112;725081;72.8;70.0
57;2021-09-24;741;1435;754853;726516;72.9;70.1
57;2021-09-25;503;1999;755356;728515;72.9;70.3
57;2021-09-26;121;326;755477;728841;72.9;70.4
57;2021-09-27;440;845;755917;729686;73.0;70.4
57;2021-09-28;314;598;756231;730284;73.0;70.5
57;2021-09-29;557;1111;756788;731395;73.1;70.6
57;2021-09-30;289;615;757077;732010;73.1;70.7
57;2021-10-01;521;1328;757598;733338;73.1;70.8
57;2021-10-02;662;1562;758260;734900;73.2;70.9
57;2021-10-03;121;232;758381;735132;73.2;71.0
57;2021-10-04;363;617;758744;735749;73.2;71.0
57;2021-10-05;284;576;759028;736325;73.3;71.1
57;2021-10-06;456;770;759484;737095;73.3;71.2
57;2021-10-07;314;627;759798;737722;73.3;71.2
57;2021-10-08;503;1036;760301;738758;73.4;71.3
57;2021-10-09;607;1151;760908;739909;73.5;71.4
57;2021-10-10;101;121;761009;740030;73.5;71.4
57;2021-10-11;340;611;761349;740641;73.5;71.5
57;2021-10-12;299;460;761648;741101;73.5;71.5
58;2020-12-27;0;0;0;0;0.0;0.0
58;2020-12-28;0;0;0;0;0.0;0.0
58;2020-12-29;1;0;1;0;0.0;0.0
58;2020-12-30;0;0;1;0;0.0;0.0
58;2020-12-31;0;0;1;0;0.0;0.0
58;2021-01-01;0;0;1;0;0.0;0.0
58;2021-01-02;0;0;1;0;0.0;0.0
58;2021-01-03;1;0;2;0;0.0;0.0
58;2021-01-04;0;0;2;0;0.0;0.0
58;2021-01-05;2;0;4;0;0.0;0.0
58;2021-01-06;145;0;149;0;0.1;0.0
58;2021-01-07;241;0;390;0;0.2;0.0
58;2021-01-08;63;0;453;0;0.2;0.0
58;2021-01-09;1;0;454;0;0.2;0.0
58;2021-01-10;0;0;454;0;0.2;0.0
58;2021-01-11;55;0;509;0;0.3;0.0
58;2021-01-12;260;0;769;0;0.4;0.0
58;2021-01-13;412;4;1181;4;0.6;0.0
58;2021-01-14;292;2;1473;6;0.7;0.0
58;2021-01-15;143;0;1616;6;0.8;0.0
58;2021-01-16;10;1;1626;7;0.8;0.0
58;2021-01-17;0;0;1626;7;0.8;0.0
58;2021-01-18;414;1;2040;8;1.0;0.0
58;2021-01-19;987;3;3027;11;1.5;0.0
58;2021-01-20;1208;2;4235;13;2.1;0.0
58;2021-01-21;962;5;5197;18;2.6;0.0
58;2021-01-22;779;3;5976;21;3.0;0.0
58;2021-01-23;253;0;6229;21;3.1;0.0
58;2021-01-24;2;0;6231;21;3.1;0.0
58;2021-01-25;439;1;6670;22;3.3;0.0
58;2021-01-26;650;4;7320;26;3.7;0.0
58;2021-01-27;604;44;7924;70;4.0;0.0
58;2021-01-28;758;66;8682;136;4.3;0.1
58;2021-01-29;838;7;9520;143;4.8;0.1
58;2021-01-30;281;0;9801;143;4.9;0.1
58;2021-01-31;10;0;9811;143;4.9;0.1
58;2021-02-01;200;73;10011;216;5.0;0.1
58;2021-02-02;566;83;10577;299;5.3;0.1
58;2021-02-03;279;147;10856;446;5.4;0.2
58;2021-02-04;284;93;11140;539;5.6;0.3
58;2021-02-05;184;93;11324;632;5.7;0.3
58;2021-02-06;89;0;11413;632;5.7;0.3
58;2021-02-07;0;0;11413;632;5.7;0.3
58;2021-02-08;306;72;11719;704;5.9;0.4
58;2021-02-09;503;315;12222;1019;6.1;0.5
58;2021-02-10;350;380;12572;1399;6.3;0.7
58;2021-02-11;286;381;12858;1780;6.4;0.9
58;2021-02-12;243;204;13101;1984;6.6;1.0
58;2021-02-13;84;29;13185;2013;6.6;1.0
58;2021-02-14;0;3;13185;2016;6.6;1.0
58;2021-02-15;114;526;13299;2542;6.7;1.3
58;2021-02-16;208;937;13507;3479;6.8;1.7
58;2021-02-17;221;760;13728;4239;6.9;2.1
58;2021-02-18;186;787;13914;5026;7.0;2.5
58;2021-02-19;238;722;14152;5748;7.1;2.9
58;2021-02-20;62;228;14214;5976;7.1;3.0
58;2021-02-21;0;30;14214;6006;7.1;3.0
58;2021-02-22;78;403;14292;6409;7.2;3.2
58;2021-02-23;49;617;14341;7026;7.2;3.5
58;2021-02-24;39;628;14380;7654;7.2;3.8
58;2021-02-25;252;702;14632;8356;7.3;4.2
58;2021-02-26;246;621;14878;8977;7.5;4.5
58;2021-02-27;104;189;14982;9166;7.5;4.6
58;2021-02-28;11;8;14993;9174;7.5;4.6
58;2021-03-01;145;246;15138;9420;7.6;4.7
58;2021-03-02;416;642;15554;10062;7.8;5.0
58;2021-03-03;523;295;16077;10357;8.1;5.2
58;2021-03-04;725;279;16802;10636;8.4;5.3
58;2021-03-05;866;205;17668;10841;8.9;5.4
58;2021-03-06;577;87;18245;10928;9.1;5.5
58;2021-03-07;63;12;18308;10940;9.2;5.5
58;2021-03-08;156;300;18464;11240;9.3;5.6
58;2021-03-09;546;548;19010;11788;9.5;5.9
58;2021-03-10;841;245;19851;12033;9.9;6.0
58;2021-03-11;858;277;20709;12310;10.4;6.2
58;2021-03-12;862;201;21571;12511;10.8;6.3
58;2021-03-13;506;67;22077;12578;11.1;6.3
58;2021-03-14;34;1;22111;12579;11.1;6.3
58;2021-03-15;530;119;22641;12698;11.3;6.4
58;2021-03-16;725;224;23366;12922;11.7;6.5
58;2021-03-17;755;198;24121;13120;12.1;6.6
58;2021-03-18;584;180;24705;13300;12.4;6.7
58;2021-03-19;540;108;25245;13408;12.6;6.7
58;2021-03-20;322;64;25567;13472;12.8;6.7
58;2021-03-21;17;1;25584;13473;12.8;6.8
58;2021-03-22;797;26;26381;13499;13.2;6.8
58;2021-03-23;1636;44;28017;13543;14.0;6.8
58;2021-03-24;1371;82;29388;13625;14.7;6.8
58;2021-03-25;1840;49;31228;13674;15.6;6.9
58;2021-03-26;1414;57;32642;13731;16.4;6.9
58;2021-03-27;358;8;33000;13739;16.5;6.9
58;2021-03-28;20;0;33020;13739;16.5;6.9
58;2021-03-29;636;154;33656;13893;16.9;7.0
58;2021-03-30;1187;259;34843;14152;17.5;7.1
58;2021-03-31;1116;396;35959;14548;18.0;7.3
58;2021-04-01;1547;407;37506;14955;18.8;7.5
58;2021-04-02;1463;369;38969;15324;19.5;7.7
58;2021-04-03;568;152;39537;15476;19.8;7.8
58;2021-04-04;1;1;39538;15477;19.8;7.8
58;2021-04-05;48;0;39586;15477;19.8;7.8
58;2021-04-06;823;347;40409;15824;20.2;7.9
58;2021-04-07;697;552;41106;16376;20.6;8.2
58;2021-04-08;1493;427;42599;16803;21.3;8.4
58;2021-04-09;1775;487;44374;17290;22.2;8.7
58;2021-04-10;650;202;45024;17492;22.6;8.8
58;2021-04-11;17;3;45041;17495;22.6;8.8
58;2021-04-12;1116;504;46157;17999;23.1;9.0
58;2021-04-13;1435;630;47592;18629;23.8;9.3
58;2021-04-14;1359;700;48951;19329;24.5;9.7
58;2021-04-15;1441;613;50392;19942;25.2;10.0
58;2021-04-16;1734;516;52126;20458;26.1;10.2
58;2021-04-17;721;234;52847;20692;26.5;10.4
58;2021-04-18;20;7;52867;20699;26.5;10.4
58;2021-04-19;530;606;53397;21305;26.8;10.7
58;2021-04-20;487;1120;53884;22425;27.0;11.2
58;2021-04-21;628;970;54512;23395;27.3;11.7
58;2021-04-22;768;1525;55280;24920;27.7;12.5
58;2021-04-23;919;787;56199;25707;28.2;12.9
58;2021-04-24;211;208;56410;25915;28.3;13.0
58;2021-04-25;109;9;56519;25924;28.3;13.0
58;2021-04-26;761;247;57280;26171;28.7;13.1
58;2021-04-27;1499;1120;58779;27291;29.4;13.7
58;2021-04-28;1536;1054;60315;28345;30.2;14.2
58;2021-04-29;1444;1048;61759;29393;30.9;14.7
58;2021-04-30;1258;943;63017;30336;31.6;15.2
58;2021-05-01;6;17;63023;30353;31.6;15.2
58;2021-05-02;4;2;63027;30355;31.6;15.2
58;2021-05-03;1042;407;64069;30762;32.1;15.4
58;2021-05-04;1073;1347;65142;32109;32.6;16.1
58;2021-05-05;955;1095;66097;33204;33.1;16.6
58;2021-05-06;1363;1061;67460;34265;33.8;17.2
58;2021-05-07;1111;1092;68571;35357;34.4;17.7
58;2021-05-08;59;60;68630;35417;34.4;17.7
58;2021-05-09;7;21;68637;35438;34.4;17.8
58;2021-05-10;875;992;69512;36430;34.8;18.3
58;2021-05-11;1184;1985;70696;38415;35.4;19.2
58;2021-05-12;1660;1558;72356;39973;36.3;20.0
58;2021-05-13;49;183;72405;40156;36.3;20.1
58;2021-05-14;2311;908;74716;41064;37.4;20.6
58;2021-05-15;1726;456;76442;41520;38.3;20.8
58;2021-05-16;118;33;76560;41553;38.4;20.8
58;2021-05-17;793;611;77353;42164;38.8;21.1
58;2021-05-18;1333;1182;78686;43346;39.4;21.7
58;2021-05-19;1738;548;80424;43894;40.3;22.0
58;2021-05-20;1701;674;82125;44568;41.1;22.3
58;2021-05-21;854;730;82979;45298;41.6;22.7
58;2021-05-22;304;240;83283;45538;41.7;22.8
58;2021-05-23;2;21;83285;45559;41.7;22.8
58;2021-05-24;21;42;83306;45601;41.7;22.8
58;2021-05-25;1386;1156;84692;46757;42.4;23.4
58;2021-05-26;845;839;85537;47596;42.9;23.8
58;2021-05-27;753;943;86290;48539;43.2;24.3
58;2021-05-28;429;909;86719;49448;43.4;24.8
58;2021-05-29;151;212;86870;49660;43.5;24.9
58;2021-05-30;21;19;86891;49679;43.5;24.9
58;2021-05-31;757;398;87648;50077;43.9;25.1
58;2021-06-01;1372;1656;89020;51733;44.6;25.9
58;2021-06-02;1467;1048;90487;52781;45.3;26.4
58;2021-06-03;1024;958;91511;53739;45.8;26.9
58;2021-06-04;842;909;92353;54648;46.3;27.4
58;2021-06-05;272;263;92625;54911;46.4;27.5
58;2021-06-06;26;50;92651;54961;46.4;27.5
58;2021-06-07;712;793;93363;55754;46.8;27.9
58;2021-06-08;1321;1758;94684;57512;47.4;28.8
58;2021-06-09;1417;1008;96101;58520;48.1;29.3
58;2021-06-10;1106;982;97207;59502;48.7;29.8
58;2021-06-11;1023;907;98230;60409;49.2;30.3
58;2021-06-12;1056;415;99286;60824;49.7;30.5
58;2021-06-13;36;33;99322;60857;49.8;30.5
58;2021-06-14;516;1016;99838;61873;50.0;31.0
58;2021-06-15;1592;1757;101430;63630;50.8;31.9
58;2021-06-16;1806;994;103236;64624;51.7;32.4
58;2021-06-17;2023;1109;105259;65733;52.7;32.9
58;2021-06-18;986;1061;106245;66794;53.2;33.5
58;2021-06-19;581;320;106826;67114;53.5;33.6
58;2021-06-20;9;2;106835;67116;53.5;33.6
58;2021-06-21;472;553;107307;67669;53.8;33.9
58;2021-06-22;1028;1965;108335;69634;54.3;34.9
58;2021-06-23;1477;1511;109812;71145;55.0;35.6
58;2021-06-24;729;1024;110541;72169;55.4;36.2
58;2021-06-25;824;1719;111365;73888;55.8;37.0
58;2021-06-26;554;1228;111919;75116;56.1;37.6
58;2021-06-27;18;26;111937;75142;56.1;37.6
58;2021-06-28;463;987;112400;76129;56.3;38.1
58;2021-06-29;623;2161;113023;78290;56.6;39.2
58;2021-06-30;999;1625;114022;79915;57.1;40.0
58;2021-07-01;760;1674;114782;81589;57.5;40.9
58;2021-07-02;444;851;115226;82440;57.7;41.3
58;2021-07-03;249;512;115475;82952;57.9;41.6
58;2021-07-04;12;30;115487;82982;57.9;41.6
58;2021-07-05;510;768;115997;83750;58.1;42.0
58;2021-07-06;695;2121;116692;85871;58.5;43.0
58;2021-07-07;388;955;117080;86826;58.7;43.5
58;2021-07-08;399;1019;117479;87845;58.9;44.0
58;2021-07-09;709;1422;118188;89267;59.2;44.7
58;2021-07-10;261;412;118449;89679;59.3;44.9
58;2021-07-11;175;53;118624;89732;59.4;45.0
58;2021-07-12;197;968;118821;90700;59.5;45.4
58;2021-07-13;933;2503;119754;93203;60.0;46.7
58;2021-07-14;27;60;119781;93263;60.0;46.7
58;2021-07-15;1135;1936;120916;95199;60.6;47.7
58;2021-07-16;1411;1446;122327;96645;61.3;48.4
58;2021-07-17;463;289;122790;96934;61.5;48.6
58;2021-07-18;102;21;122892;96955;61.6;48.6
58;2021-07-19;1655;987;124547;97942;62.4;49.1
58;2021-07-20;1408;2455;125955;100397;63.1;50.3
58;2021-07-21;1178;2010;127133;102407;63.7;51.3
58;2021-07-22;1143;1670;128276;104077;64.3;52.1
58;2021-07-23;1268;1446;129544;105523;64.9;52.9
58;2021-07-24;1000;1272;130544;106795;65.4;53.5
58;2021-07-25;89;40;130633;106835;65.4;53.5
58;2021-07-26;980;860;131613;107695;65.9;54.0
58;2021-07-27;1566;2569;133179;110264;66.7;55.2
58;2021-07-28;1570;1974;134749;112238;67.5;56.2
58;2021-07-29;1581;1629;136330;113867;68.3;57.0
58;2021-07-30;1466;1427;137796;115294;69.0;57.8
58;2021-07-31;568;525;138364;115819;69.3;58.0
58;2021-08-01;35;13;138399;115832;69.3;58.0
58;2021-08-02;1589;863;139988;116695;70.1;58.5
58;2021-08-03;2051;1781;142039;118476;71.2;59.4
58;2021-08-04;1307;1185;143346;119661;71.8;60.0
58;2021-08-05;1621;1175;144967;120836;72.6;60.5
58;2021-08-06;1360;1032;146327;121868;73.3;61.1
58;2021-08-07;318;401;146645;122269;73.5;61.3
58;2021-08-08;30;58;146675;122327;73.5;61.3
58;2021-08-09;1083;1388;147758;123715;74.0;62.0
58;2021-08-10;1779;1388;149537;125103;74.9;62.7
58;2021-08-11;1134;780;150671;125883;75.5;63.1
58;2021-08-12;1067;1109;151738;126992;76.0;63.6
58;2021-08-13;930;955;152668;127947;76.5;64.1
58;2021-08-14;232;317;152900;128264;76.6;64.3
58;2021-08-15;14;27;152914;128291;76.6;64.3
58;2021-08-16;311;1402;153225;129693;76.8;65.0
58;2021-08-17;805;1337;154030;131030;77.2;65.6
58;2021-08-18;767;1171;154797;132201;77.6;66.2
58;2021-08-19;731;1342;155528;133543;77.9;66.9
58;2021-08-20;708;1298;156236;134841;78.3;67.6
58;2021-08-21;254;476;156490;135317;78.4;67.8
58;2021-08-22;9;86;156499;135403;78.4;67.8
58;2021-08-23;418;816;156917;136219;78.6;68.2
58;2021-08-24;513;1481;157430;137700;78.9;69.0
58;2021-08-25;436;1542;157866;139242;79.1;69.8
58;2021-08-26;553;1731;158419;140973;79.4;70.6
58;2021-08-27;494;1565;158913;142538;79.6;71.4
58;2021-08-28;244;640;159157;143178;79.7;71.7
58;2021-08-29;9;42;159166;143220;79.7;71.8
58;2021-08-30;356;783;159522;144003;79.9;72.1
58;2021-08-31;493;1530;160015;145533;80.2;72.9
58;2021-09-01;428;1494;160443;147027;80.4;73.7
58;2021-09-02;291;1238;160734;148265;80.5;74.3
58;2021-09-03;364;1323;161098;149588;80.7;74.9
58;2021-09-04;206;637;161304;150225;80.8;75.3
58;2021-09-05;3;27;161307;150252;80.8;75.3
58;2021-09-06;117;395;161424;150647;80.9;75.5
58;2021-09-07;320;808;161744;151455;81.0;75.9
58;2021-09-08;240;1036;161984;152491;81.2;76.4
58;2021-09-09;248;472;162232;152963;81.3;76.6
58;2021-09-10;260;679;162492;153642;81.4;77.0
58;2021-09-11;128;440;162620;154082;81.5;77.2
58;2021-09-12;5;6;162625;154088;81.5;77.2
58;2021-09-13;207;439;162832;154527;81.6;77.4
58;2021-09-14;290;664;163122;155191;81.7;77.8
58;2021-09-15;189;573;163311;155764;81.8;78.0
58;2021-09-16;205;451;163516;156215;81.9;78.3
58;2021-09-17;197;376;163713;156591;82.0;78.5
58;2021-09-18;118;362;163831;156953;82.1;78.6
58;2021-09-19;5;4;163836;156957;82.1;78.6
58;2021-09-20;174;230;164010;157187;82.2;78.8
58;2021-09-21;139;421;164149;157608;82.2;79.0
58;2021-09-22;159;535;164308;158143;82.3;79.2
58;2021-09-23;135;288;164443;158431;82.4;79.4
58;2021-09-24;113;391;164556;158822;82.4;79.6
58;2021-09-25;93;374;164649;159196;82.5;79.8
58;2021-09-26;6;13;164655;159209;82.5;79.8
58;2021-09-27;91;232;164746;159441;82.5;79.9
58;2021-09-28;126;330;164872;159771;82.6;80.0
58;2021-09-29;99;346;164971;160117;82.7;80.2
58;2021-09-30;67;217;165038;160334;82.7;80.3
58;2021-10-01;89;220;165127;160554;82.7;80.4
58;2021-10-02;85;220;165212;160774;82.8;80.5
58;2021-10-03;0;6;165212;160780;82.8;80.6
58;2021-10-04;61;203;165273;160983;82.8;80.7
58;2021-10-05;134;324;165407;161307;82.9;80.8
58;2021-10-06;65;310;165472;161617;82.9;81.0
58;2021-10-07;90;161;165562;161778;82.9;81.1
58;2021-10-08;102;225;165664;162003;83.0;81.2
58;2021-10-09;59;139;165723;162142;83.0;81.2
58;2021-10-10;3;8;165726;162150;83.0;81.2
58;2021-10-11;57;160;165783;162310;83.1;81.3
58;2021-10-12;107;212;165890;162522;83.1;81.4
59;2020-12-27;1;0;1;0;0.0;0.0
59;2020-12-28;27;0;28;0;0.0;0.0
59;2020-12-29;0;0;28;0;0.0;0.0
59;2020-12-30;0;0;28;0;0.0;0.0
59;2020-12-31;2;0;30;0;0.0;0.0
59;2021-01-01;3;0;33;0;0.0;0.0
59;2021-01-02;4;2;37;2;0.0;0.0
59;2021-01-03;4;0;41;2;0.0;0.0
59;2021-01-04;79;0;120;2;0.0;0.0
59;2021-01-05;217;0;337;2;0.0;0.0
59;2021-01-06;428;2;765;4;0.0;0.0
59;2021-01-07;1314;1;2079;5;0.1;0.0
59;2021-01-08;1262;10;3341;15;0.1;0.0
59;2021-01-09;608;3;3949;18;0.2;0.0
59;2021-01-10;431;1;4380;19;0.2;0.0
59;2021-01-11;1845;7;6225;26;0.2;0.0
59;2021-01-12;2487;2;8712;28;0.3;0.0
59;2021-01-13;2369;3;11081;31;0.4;0.0
59;2021-01-14;2757;28;13838;59;0.5;0.0
59;2021-01-15;2275;17;16113;76;0.6;0.0
59;2021-01-16;771;3;16884;79;0.7;0.0
59;2021-01-17;560;4;17444;83;0.7;0.0
59;2021-01-18;3511;15;20955;98;0.8;0.0
59;2021-01-19;4760;12;25715;110;1.0;0.0
59;2021-01-20;4135;13;29850;123;1.2;0.0
59;2021-01-21;4731;42;34581;165;1.3;0.0
59;2021-01-22;4026;13;38607;178;1.5;0.0
59;2021-01-23;1217;3;39824;181;1.5;0.0
59;2021-01-24;170;0;39994;181;1.5;0.0
59;2021-01-25;2730;60;42724;241;1.7;0.0
59;2021-01-26;2825;140;45549;381;1.8;0.0
59;2021-01-27;1736;307;47285;688;1.8;0.0
59;2021-01-28;3399;763;50684;1451;2.0;0.1
59;2021-01-29;2544;798;53228;2249;2.1;0.1
59;2021-01-30;288;174;53516;2423;2.1;0.1
59;2021-01-31;24;0;53540;2423;2.1;0.1
59;2021-02-01;79;863;53619;3286;2.1;0.1
59;2021-02-02;691;1464;54310;4750;2.1;0.2
59;2021-02-03;3756;1461;58066;6211;2.2;0.2
59;2021-02-04;2968;1736;61034;7947;2.4;0.3
59;2021-02-05;1071;1408;62105;9355;2.4;0.4
59;2021-02-06;208;354;62313;9709;2.4;0.4
59;2021-02-07;268;49;62581;9758;2.4;0.4
59;2021-02-08;684;1609;63265;11367;2.4;0.4
59;2021-02-09;1016;1840;64281;13207;2.5;0.5
59;2021-02-10;975;1626;65256;14833;2.5;0.6
59;2021-02-11;1349;1809;66605;16642;2.6;0.6
59;2021-02-12;1416;1645;68021;18287;2.6;0.7
59;2021-02-13;208;740;68229;19027;2.6;0.7
59;2021-02-14;14;42;68243;19069;2.6;0.7
59;2021-02-15;1397;3097;69640;22166;2.7;0.9
59;2021-02-16;1438;3757;71078;25923;2.7;1.0
59;2021-02-17;1624;3813;72702;29736;2.8;1.1
59;2021-02-18;3107;5183;75809;34919;2.9;1.3
59;2021-02-19;3208;3620;79017;38539;3.1;1.5
59;2021-02-20;1413;1584;80430;40123;3.1;1.5
59;2021-02-21;241;263;80671;40386;3.1;1.6
59;2021-02-22;1431;2565;82102;42951;3.2;1.7
59;2021-02-23;2658;2869;84760;45820;3.3;1.8
59;2021-02-24;4107;4072;88867;49892;3.4;1.9
59;2021-02-25;6921;3732;95788;53624;3.7;2.1
59;2021-02-26;6498;1896;102286;55520;4.0;2.1
59;2021-02-27;3095;194;105381;55714;4.1;2.2
59;2021-02-28;208;60;105589;55774;4.1;2.2
59;2021-03-01;3692;672;109281;56446;4.2;2.2
59;2021-03-02;4795;577;114076;57023;4.4;2.2
59;2021-03-03;5749;1020;119825;58043;4.6;2.2
59;2021-03-04;7086;966;126911;59009;4.9;2.3
59;2021-03-05;7838;1015;134749;60024;5.2;2.3
59;2021-03-06;11563;565;146312;60589;5.7;2.3
59;2021-03-07;7586;360;153898;60949;5.9;2.4
59;2021-03-08;4498;1122;158396;62071;6.1;2.4
59;2021-03-09;6578;1455;164974;63526;6.4;2.5
59;2021-03-10;7027;1218;172001;64744;6.6;2.5
59;2021-03-11;9475;1910;181476;66654;7.0;2.6
59;2021-03-12;12157;1585;193633;68239;7.5;2.6
59;2021-03-13;16558;1130;210191;69369;8.1;2.7
59;2021-03-14;6964;345;217155;69714;8.4;2.7
59;2021-03-15;5613;1513;222768;71227;8.6;2.8
59;2021-03-16;3740;1335;226508;72562;8.7;2.8
59;2021-03-17;3856;2106;230364;74668;8.9;2.9
59;2021-03-18;3957;2517;234321;77185;9.1;3.0
59;2021-03-19;7744;1843;242065;79028;9.3;3.1
59;2021-03-20;16022;1299;258087;80327;10.0;3.1
59;2021-03-21;6319;458;264406;80785;10.2;3.1
59;2021-03-22;5449;1784;269855;82569;10.4;3.2
59;2021-03-23;7774;2838;277629;85407;10.7;3.3
59;2021-03-24;6860;2994;284489;88401;11.0;3.4
59;2021-03-25;10534;2589;295023;90990;11.4;3.5
59;2021-03-26;12252;2863;307275;93853;11.9;3.6
59;2021-03-27;15275;1170;322550;95023;12.5;3.7
59;2021-03-28;7985;367;330535;95390;12.8;3.7
59;2021-03-29;5494;3214;336029;98604;13.0;3.8
59;2021-03-30;7540;3765;343569;102369;13.3;4.0
59;2021-03-31;6156;4122;349725;106491;13.5;4.1
59;2021-04-01;7494;4932;357219;111423;13.8;4.3
59;2021-04-02;7645;5533;364864;116956;14.1;4.5
59;2021-04-03;13019;4316;377883;121272;14.6;4.7
59;2021-04-04;5348;2192;383231;123464;14.8;4.8
59;2021-04-05;6021;1543;389252;125007;15.0;4.8
59;2021-04-06;5404;4506;394656;129513;15.2;5.0
59;2021-04-07;7624;5458;402280;134971;15.5;5.2
59;2021-04-08;10393;5785;412673;140756;15.9;5.4
59;2021-04-09;13422;5958;426095;146714;16.5;5.7
59;2021-04-10;11478;6158;437573;152872;16.9;5.9
59;2021-04-11;4636;3570;442209;156442;17.1;6.0
59;2021-04-12;6304;4354;448513;160796;17.3;6.2
59;2021-04-13;8934;4810;457447;165606;17.7;6.4
59;2021-04-14;8789;4357;466236;169963;18.0;6.6
59;2021-04-15;10306;4862;476542;174825;18.4;6.8
59;2021-04-16;10880;5508;487422;180333;18.8;7.0
59;2021-04-17;7296;9086;494718;189419;19.1;7.3
59;2021-04-18;3234;4175;497952;193594;19.2;7.5
59;2021-04-19;5044;4303;502996;197897;19.4;7.6
59;2021-04-20;6898;4226;509894;202123;19.7;7.8
59;2021-04-21;6271;4438;516165;206561;19.9;8.0
59;2021-04-22;8612;5526;524777;212087;20.3;8.2
59;2021-04-23;8457;5709;533234;217796;20.6;8.4
59;2021-04-24;5537;8066;538771;225862;20.8;8.7
59;2021-04-25;3242;6081;542013;231943;20.9;9.0
59;2021-04-26;6493;3801;548506;235744;21.2;9.1
59;2021-04-27;8367;5209;556873;240953;21.5;9.3
59;2021-04-28;8766;6586;565639;247539;21.8;9.6
59;2021-04-29;9418;8588;575057;256127;22.2;9.9
59;2021-04-30;10608;8563;585665;264690;22.6;10.2
59;2021-05-01;11998;7611;597663;272301;23.1;10.5
59;2021-05-02;8642;6001;606305;278302;23.4;10.7
59;2021-05-03;9554;5073;615859;283375;23.8;10.9
59;2021-05-04;11427;6019;627286;289394;24.2;11.2
59;2021-05-05;10294;6229;637580;295623;24.6;11.4
59;2021-05-06;11198;8467;648778;304090;25.1;11.7
59;2021-05-07;13297;9636;662075;313726;25.6;12.1
59;2021-05-08;14742;4181;676817;317907;26.1;12.3
59;2021-05-09;11492;3336;688309;321243;26.6;12.4
59;2021-05-10;12746;6660;701055;327903;27.1;12.7
59;2021-05-11;15112;8336;716167;336239;27.7;13.0
59;2021-05-12;16626;8653;732793;344892;28.3;13.3
59;2021-05-13;18441;3462;751234;348354;29.0;13.5
59;2021-05-14;15783;6971;767017;355325;29.6;13.7
59;2021-05-15;23444;5295;790461;360620;30.5;13.9
59;2021-05-16;21176;2416;811637;363036;31.3;14.0
59;2021-05-17;15066;5273;826703;368309;31.9;14.2
59;2021-05-18;16925;5677;843628;373986;32.6;14.4
59;2021-05-19;18319;5114;861947;379100;33.3;14.6
59;2021-05-20;17934;6997;879881;386097;34.0;14.9
59;2021-05-21;18370;8286;898251;394383;34.7;15.2
59;2021-05-22;23812;5687;922063;400070;35.6;15.5
59;2021-05-23;17921;2276;939984;402346;36.3;15.5
59;2021-05-24;16691;2145;956675;404491;37.0;15.6
59;2021-05-25;14990;6674;971665;411165;37.5;15.9
59;2021-05-26;15892;7046;987557;418211;38.1;16.2
59;2021-05-27;16151;9176;1003708;427387;38.8;16.5
59;2021-05-28;15884;11474;1019592;438861;39.4;17.0
59;2021-05-29;14370;8713;1033962;447574;39.9;17.3
59;2021-05-30;8406;1840;1042368;449414;40.3;17.4
59;2021-05-31;14203;7978;1056571;457392;40.8;17.7
59;2021-06-01;15085;10422;1071656;467814;41.4;18.1
59;2021-06-02;14769;9933;1086425;477747;42.0;18.5
59;2021-06-03;15630;12139;1102055;489886;42.6;18.9
59;2021-06-04;15608;13478;1117663;503364;43.2;19.4
59;2021-06-05;14979;9347;1132642;512711;43.7;19.8
59;2021-06-06;8826;3205;1141468;515916;44.1;19.9
59;2021-06-07;10527;9435;1151995;525351;44.5;20.3
59;2021-06-08;11760;11090;1163755;536441;45.0;20.7
59;2021-06-09;10759;11913;1174514;548354;45.4;21.2
59;2021-06-10;11503;12330;1186017;560684;45.8;21.7
59;2021-06-11;10973;15995;1196990;576679;46.2;22.3
59;2021-06-12;11069;13685;1208059;590364;46.7;22.8
59;2021-06-13;6344;7029;1214403;597393;46.9;23.1
59;2021-06-14;6506;12692;1220909;610085;47.2;23.6
59;2021-06-15;8231;15956;1229140;626041;47.5;24.2
59;2021-06-16;9205;13552;1238345;639593;47.8;24.7
59;2021-06-17;9187;15659;1247532;655252;48.2;25.3
59;2021-06-18;9081;20067;1256613;675319;48.5;26.1
59;2021-06-19;8952;17491;1265565;692810;48.9;26.8
59;2021-06-20;4900;10189;1270465;702999;49.1;27.2
59;2021-06-21;5279;15974;1275744;718973;49.3;27.8
59;2021-06-22;6336;18688;1282080;737661;49.5;28.5
59;2021-06-23;6168;19084;1288248;756745;49.8;29.2
59;2021-06-24;7339;20539;1295587;777284;50.0;30.0
59;2021-06-25;6508;21196;1302095;798480;50.3;30.8
59;2021-06-26;6489;23751;1308584;822231;50.5;31.8
59;2021-06-27;4752;17079;1313336;839310;50.7;32.4
59;2021-06-28;5004;19823;1318340;859133;50.9;33.2
59;2021-06-29;5549;20383;1323889;879516;51.1;34.0
59;2021-06-30;6132;20098;1330021;899614;51.4;34.7
59;2021-07-01;6772;20842;1336793;920456;51.6;35.6
59;2021-07-02;6837;23241;1343630;943697;51.9;36.5
59;2021-07-03;5562;24607;1349192;968304;52.1;37.4
59;2021-07-04;4416;15976;1353608;984280;52.3;38.0
59;2021-07-05;5672;17486;1359280;1001766;52.5;38.7
59;2021-07-06;6610;18800;1365890;1020566;52.8;39.4
59;2021-07-07;6939;17452;1372829;1038018;53.0;40.1
59;2021-07-08;8026;17697;1380855;1055715;53.3;40.8
59;2021-07-09;7705;20304;1388560;1076019;53.6;41.6
59;2021-07-10;7450;18539;1396010;1094558;53.9;42.3
59;2021-07-11;4448;10233;1400458;1104791;54.1;42.7
59;2021-07-12;5919;18048;1406377;1122839;54.3;43.4
59;2021-07-13;9910;20757;1416287;1143596;54.7;44.2
59;2021-07-14;9782;8456;1426069;1152052;55.1;44.5
59;2021-07-15;11638;20410;1437707;1172462;55.5;45.3
59;2021-07-16;13216;20514;1450923;1192976;56.0;46.1
59;2021-07-17;12400;17476;1463323;1210452;56.5;46.8
59;2021-07-18;7962;8684;1471285;1219136;56.8;47.1
59;2021-07-19;10404;16456;1481689;1235592;57.2;47.7
59;2021-07-20;13409;17127;1495098;1252719;57.7;48.4
59;2021-07-21;14526;15605;1509624;1268324;58.3;49.0
59;2021-07-22;17064;15226;1526688;1283550;59.0;49.6
59;2021-07-23;15728;15844;1542416;1299394;59.6;50.2
59;2021-07-24;16355;12313;1558771;1311707;60.2;50.7
59;2021-07-25;11916;7340;1570687;1319047;60.7;50.9
59;2021-07-26;13041;12625;1583728;1331672;61.2;51.4
59;2021-07-27;16229;11972;1599957;1343644;61.8;51.9
59;2021-07-28;17457;11680;1617414;1355324;62.5;52.3
59;2021-07-29;17422;11683;1634836;1367007;63.1;52.8
59;2021-07-30;15923;11621;1650759;1378628;63.8;53.2
59;2021-07-31;14022;9210;1664781;1387838;64.3;53.6
59;2021-08-01;9959;4575;1674740;1392413;64.7;53.8
59;2021-08-02;12214;10035;1686954;1402448;65.2;54.2
59;2021-08-03;13454;10061;1700408;1412509;65.7;54.6
59;2021-08-04;11240;8292;1711648;1420801;66.1;54.9
59;2021-08-05;12723;9795;1724371;1430596;66.6;55.3
59;2021-08-06;12562;11047;1736933;1441643;67.1;55.7
59;2021-08-07;9739;9300;1746672;1450943;67.5;56.0
59;2021-08-08;6960;5269;1753632;1456212;67.7;56.2
59;2021-08-09;8411;10831;1762043;1467043;68.1;56.7
59;2021-08-10;10405;10757;1772448;1477800;68.5;57.1
59;2021-08-11;8676;9323;1781124;1487123;68.8;57.4
59;2021-08-12;9004;12077;1790128;1499200;69.1;57.9
59;2021-08-13;8639;11753;1798767;1510953;69.5;58.4
59;2021-08-14;5953;10394;1804720;1521347;69.7;58.8
59;2021-08-15;3377;4666;1808097;1526013;69.8;58.9
59;2021-08-16;5878;13867;1813975;1539880;70.1;59.5
59;2021-08-17;6991;12765;1820966;1552645;70.3;60.0
59;2021-08-18;5956;11469;1826922;1564114;70.6;60.4
59;2021-08-19;6355;13875;1833277;1577989;70.8;61.0
59;2021-08-20;5837;14588;1839114;1592577;71.0;61.5
59;2021-08-21;4188;10295;1843302;1602872;71.2;61.9
59;2021-08-22;2852;7651;1846154;1610523;71.3;62.2
59;2021-08-23;4785;15732;1850939;1626255;71.5;62.8
59;2021-08-24;5302;15194;1856241;1641449;71.7;63.4
59;2021-08-25;4665;13086;1860906;1654535;71.9;63.9
59;2021-08-26;5211;14349;1866117;1668884;72.1;64.5
59;2021-08-27;5008;15432;1871125;1684316;72.3;65.1
59;2021-08-28;3808;12372;1874933;1696688;72.4;65.5
59;2021-08-29;1946;8435;1876879;1705123;72.5;65.9
59;2021-08-30;3895;12670;1880774;1717793;72.6;66.3
59;2021-08-31;3831;12396;1884605;1730189;72.8;66.8
59;2021-09-01;3315;9770;1887920;1739959;72.9;67.2
59;2021-09-02;3215;9908;1891135;1749867;73.0;67.6
59;2021-09-03;3830;10907;1894965;1760774;73.2;68.0
59;2021-09-04;3398;9395;1898363;1770169;73.3;68.4
59;2021-09-05;1242;3454;1899605;1773623;73.4;68.5
59;2021-09-06;2158;6203;1901763;1779826;73.5;68.7
59;2021-09-07;2262;6031;1904025;1785857;73.5;69.0
59;2021-09-08;2592;6548;1906617;1792405;73.6;69.2
59;2021-09-09;2445;5732;1909062;1798137;73.7;69.5
59;2021-09-10;3325;6792;1912387;1804929;73.9;69.7
59;2021-09-11;2600;7022;1914987;1811951;74.0;70.0
59;2021-09-12;914;2785;1915901;1814736;74.0;70.1
59;2021-09-13;1955;4262;1917856;1818998;74.1;70.3
59;2021-09-14;2340;4273;1920196;1823271;74.2;70.4
59;2021-09-15;2276;5364;1922472;1828635;74.3;70.6
59;2021-09-16;2183;4260;1924655;1832895;74.3;70.8
59;2021-09-17;2927;5457;1927582;1838352;74.5;71.0
59;2021-09-18;1787;5919;1929369;1844271;74.5;71.2
59;2021-09-19;384;1302;1929753;1845573;74.5;71.3
59;2021-09-20;1360;3301;1931113;1848874;74.6;71.4
59;2021-09-21;1338;2939;1932451;1851813;74.6;71.5
59;2021-09-22;1409;4740;1933860;1856553;74.7;71.7
59;2021-09-23;1518;2823;1935378;1859376;74.8;71.8
59;2021-09-24;1902;4241;1937280;1863617;74.8;72.0
59;2021-09-25;1157;4021;1938437;1867638;74.9;72.1
59;2021-09-26;314;1209;1938751;1868847;74.9;72.2
59;2021-09-27;1089;2535;1939840;1871382;74.9;72.3
59;2021-09-28;1076;2196;1940916;1873578;75.0;72.4
59;2021-09-29;1289;2959;1942205;1876537;75.0;72.5
59;2021-09-30;1240;2262;1943445;1878799;75.1;72.6
59;2021-10-01;1678;3390;1945123;1882189;75.1;72.7
59;2021-10-02;1465;3256;1946588;1885445;75.2;72.8
59;2021-10-03;263;631;1946851;1886076;75.2;72.8
59;2021-10-04;1077;1981;1947928;1888057;75.2;72.9
59;2021-10-05;1143;2168;1949071;1890225;75.3;73.0
59;2021-10-06;1259;2498;1950330;1892723;75.3;73.1
59;2021-10-07;970;1777;1951300;1894500;75.4;73.2
59;2021-10-08;1679;3300;1952979;1897800;75.4;73.3
59;2021-10-09;1307;2303;1954286;1900103;75.5;73.4
59;2021-10-10;284;450;1954570;1900553;75.5;73.4
59;2021-10-11;1032;1620;1955602;1902173;75.5;73.5
59;2021-10-12;1047;1667;1956649;1903840;75.6;73.5
60;2020-12-27;0;0;0;0;0.0;0.0
60;2020-12-28;0;0;0;0;0.0;0.0
60;2020-12-29;1;0;1;0;0.0;0.0
60;2020-12-30;1;0;2;0;0.0;0.0
60;2020-12-31;0;0;2;0;0.0;0.0
60;2021-01-01;0;0;2;0;0.0;0.0
60;2021-01-02;5;0;7;0;0.0;0.0
60;2021-01-03;1;0;8;0;0.0;0.0
60;2021-01-04;1;0;9;0;0.0;0.0
60;2021-01-05;37;0;46;0;0.0;0.0
60;2021-01-06;188;4;234;4;0.0;0.0
60;2021-01-07;235;4;469;8;0.1;0.0
60;2021-01-08;380;4;849;12;0.1;0.0
60;2021-01-09;3;0;852;12;0.1;0.0
60;2021-01-10;60;0;912;12;0.1;0.0
60;2021-01-11;345;5;1257;17;0.2;0.0
60;2021-01-12;537;5;1794;22;0.2;0.0
60;2021-01-13;475;5;2269;27;0.3;0.0
60;2021-01-14;509;7;2778;34;0.3;0.0
60;2021-01-15;704;10;3482;44;0.4;0.0
60;2021-01-16;124;1;3606;45;0.4;0.0
60;2021-01-17;32;0;3638;45;0.4;0.0
60;2021-01-18;861;9;4499;54;0.5;0.0
60;2021-01-19;1207;14;5706;68;0.7;0.0
60;2021-01-20;1721;15;7427;83;0.9;0.0
60;2021-01-21;2267;14;9694;97;1.2;0.0
60;2021-01-22;1548;23;11242;120;1.4;0.0
60;2021-01-23;499;4;11741;124;1.4;0.0
60;2021-01-24;61;1;11802;125;1.4;0.0
60;2021-01-25;898;15;12700;140;1.5;0.0
60;2021-01-26;951;17;13651;157;1.7;0.0
60;2021-01-27;646;8;14297;165;1.7;0.0
60;2021-01-28;396;168;14693;333;1.8;0.0
60;2021-01-29;77;106;14770;439;1.8;0.1
60;2021-01-30;0;1;14770;440;1.8;0.1
60;2021-01-31;22;61;14792;501;1.8;0.1
60;2021-02-01;41;105;14833;606;1.8;0.1
60;2021-02-02;26;159;14859;765;1.8;0.1
60;2021-02-03;165;238;15024;1003;1.8;0.1
60;2021-02-04;170;339;15194;1342;1.8;0.2
60;2021-02-05;314;471;15508;1813;1.9;0.2
60;2021-02-06;65;79;15573;1892;1.9;0.2
60;2021-02-07;31;32;15604;1924;1.9;0.2
60;2021-02-08;330;516;15934;2440;1.9;0.3
60;2021-02-09;321;468;16255;2908;2.0;0.4
60;2021-02-10;557;994;16812;3902;2.0;0.5
60;2021-02-11;942;1132;17754;5034;2.2;0.6
60;2021-02-12;920;860;18674;5894;2.3;0.7
60;2021-02-13;91;309;18765;6203;2.3;0.8
60;2021-02-14;25;87;18790;6290;2.3;0.8
60;2021-02-15;614;805;19404;7095;2.4;0.9
60;2021-02-16;580;921;19984;8016;2.4;1.0
60;2021-02-17;632;934;20616;8950;2.5;1.1
60;2021-02-18;684;826;21300;9776;2.6;1.2
60;2021-02-19;641;763;21941;10539;2.7;1.3
60;2021-02-20;104;187;22045;10726;2.7;1.3
60;2021-02-21;23;121;22068;10847;2.7;1.3
60;2021-02-22;461;871;22529;11718;2.7;1.4
60;2021-02-23;535;784;23064;12502;2.8;1.5
60;2021-02-24;794;555;23858;13057;2.9;1.6
60;2021-02-25;1095;313;24953;13370;3.0;1.6
60;2021-02-26;1298;199;26251;13569;3.2;1.6
60;2021-02-27;669;35;26920;13604;3.3;1.6
60;2021-02-28;7;10;26927;13614;3.3;1.7
60;2021-03-01;895;50;27822;13664;3.4;1.7
60;2021-03-02;1012;169;28834;13833;3.5;1.7
60;2021-03-03;1322;459;30156;14292;3.7;1.7
60;2021-03-04;1727;528;31883;14820;3.9;1.8
60;2021-03-05;1823;304;33706;15124;4.1;1.8
60;2021-03-06;1919;151;35625;15275;4.3;1.9
60;2021-03-07;885;40;36510;15315;4.4;1.9
60;2021-03-08;980;319;37490;15634;4.5;1.9
60;2021-03-09;1643;364;39133;15998;4.7;1.9
60;2021-03-10;1938;436;41071;16434;5.0;2.0
60;2021-03-11;2325;390;43396;16824;5.3;2.0
60;2021-03-12;2596;554;45992;17378;5.6;2.1
60;2021-03-13;3839;218;49831;17596;6.0;2.1
60;2021-03-14;1782;65;51613;17661;6.3;2.1
60;2021-03-15;2091;507;53704;18168;6.5;2.2
60;2021-03-16;1584;633;55288;18801;6.7;2.3
60;2021-03-17;1658;626;56946;19427;6.9;2.4
60;2021-03-18;1760;742;58706;20169;7.1;2.4
60;2021-03-19;2591;534;61297;20703;7.4;2.5
60;2021-03-20;3241;202;64538;20905;7.8;2.5
60;2021-03-21;2124;99;66662;21004;8.1;2.5
60;2021-03-22;2132;720;68794;21724;8.3;2.6
60;2021-03-23;3309;732;72103;22456;8.7;2.7
60;2021-03-24;3070;881;75173;23337;9.1;2.8
60;2021-03-25;3848;863;79021;24200;9.6;2.9
60;2021-03-26;4217;883;83238;25083;10.1;3.0
60;2021-03-27;4141;330;87379;25413;10.6;3.1
60;2021-03-28;2450;87;89829;25500;10.9;3.1
60;2021-03-29;2612;1091;92441;26591;11.2;3.2
60;2021-03-30;3286;1081;95727;27672;11.6;3.4
60;2021-03-31;2668;1152;98395;28824;11.9;3.5
60;2021-04-01;2562;1105;100957;29929;12.2;3.6
60;2021-04-02;3310;1115;104267;31044;12.6;3.8
60;2021-04-03;3172;1019;107439;32063;13.0;3.9
60;2021-04-04;874;488;108313;32551;13.1;3.9
60;2021-04-05;458;85;108771;32636;13.2;4.0
60;2021-04-06;1969;1627;110740;34263;13.4;4.2
60;2021-04-07;1984;1757;112724;36020;13.7;4.4
60;2021-04-08;2610;1503;115334;37523;14.0;4.5
60;2021-04-09;2999;1532;118333;39055;14.3;4.7
60;2021-04-10;2927;1594;121260;40649;14.7;4.9
60;2021-04-11;1045;1002;122305;41651;14.8;5.0
60;2021-04-12;2045;1726;124350;43377;15.1;5.3
60;2021-04-13;2750;1790;127100;45167;15.4;5.5
60;2021-04-14;3143;1830;130243;46997;15.8;5.7
60;2021-04-15;3562;1902;133805;48899;16.2;5.9
60;2021-04-16;3288;1962;137093;50861;16.6;6.2
60;2021-04-17;2848;2178;139941;53039;17.0;6.4
60;2021-04-18;573;1834;140514;54873;17.0;6.7
60;2021-04-19;1743;2218;142257;57091;17.2;6.9
60;2021-04-20;2129;2681;144386;59772;17.5;7.2
60;2021-04-21;2653;2212;147039;61984;17.8;7.5
60;2021-04-22;2628;2514;149667;64498;18.1;7.8
60;2021-04-23;2651;2507;152318;67005;18.5;8.1
60;2021-04-24;2470;3461;154788;70466;18.8;8.5
60;2021-04-25;1159;1965;155947;72431;18.9;8.8
60;2021-04-26;1890;2537;157837;74968;19.1;9.1
60;2021-04-27;2311;2852;160148;77820;19.4;9.4
60;2021-04-28;3061;2403;163209;80223;19.8;9.7
60;2021-04-29;3153;2629;166362;82852;20.2;10.0
60;2021-04-30;3459;2969;169821;85821;20.6;10.4
60;2021-05-01;2353;1127;172174;86948;20.9;10.5
60;2021-05-02;2147;847;174321;87795;21.1;10.6
60;2021-05-03;2955;1861;177276;89656;21.5;10.9
60;2021-05-04;3016;2361;180292;92017;21.9;11.2
60;2021-05-05;3260;2812;183552;94829;22.2;11.5
60;2021-05-06;3649;2486;187201;97315;22.7;11.8
60;2021-05-07;3986;2528;191187;99843;23.2;12.1
60;2021-05-08;3582;973;194769;100816;23.6;12.2
60;2021-05-09;3458;959;198227;101775;24.0;12.3
60;2021-05-10;2392;2295;200619;104070;24.3;12.6
60;2021-05-11;3672;2472;204291;106542;24.8;12.9
60;2021-05-12;4717;2558;209008;109100;25.3;13.2
60;2021-05-13;5292;1131;214300;110231;26.0;13.4
60;2021-05-14;5602;1813;219902;112044;26.7;13.6
60;2021-05-15;6172;1721;226074;113765;27.4;13.8
60;2021-05-16;4858;690;230932;114455;28.0;13.9
60;2021-05-17;3715;1673;234647;116128;28.4;14.1
60;2021-05-18;4045;2078;238692;118206;28.9;14.3
60;2021-05-19;5097;1858;243789;120064;29.5;14.6
60;2021-05-20;5460;1813;249249;121877;30.2;14.8
60;2021-05-21;5969;1974;255218;123851;30.9;15.0
60;2021-05-22;5354;1982;260572;125833;31.6;15.3
60;2021-05-23;4263;658;264835;126491;32.1;15.3
60;2021-05-24;2950;534;267785;127025;32.5;15.4
60;2021-05-25;4136;2005;271921;129030;33.0;15.6
60;2021-05-26;4466;1833;276387;130863;33.5;15.9
60;2021-05-27;4611;1998;280998;132861;34.1;16.1
60;2021-05-28;4626;2508;285624;135369;34.6;16.4
60;2021-05-29;4612;2275;290236;137644;35.2;16.7
60;2021-05-30;1086;348;291322;137992;35.3;16.7
60;2021-05-31;3832;2085;295154;140077;35.8;17.0
60;2021-06-01;4445;2854;299599;142931;36.3;17.3
60;2021-06-02;3916;2451;303515;145382;36.8;17.6
60;2021-06-03;3904;2382;307419;147764;37.3;17.9
60;2021-06-04;4652;2910;312071;150674;37.8;18.3
60;2021-06-05;4302;3419;316373;154093;38.3;18.7
60;2021-06-06;2159;795;318532;154888;38.6;18.8
60;2021-06-07;2778;2763;321310;157651;38.9;19.1
60;2021-06-08;3802;3012;325112;160663;39.4;19.5
60;2021-06-09;3249;3402;328361;164065;39.8;19.9
60;2021-06-10;3454;3368;331815;167433;40.2;20.3
60;2021-06-11;3881;4194;335696;171627;40.7;20.8
60;2021-06-12;3780;4282;339476;175909;41.1;21.3
60;2021-06-13;1154;2225;340630;178134;41.3;21.6
60;2021-06-14;1911;3307;342541;181441;41.5;22.0
60;2021-06-15;3015;4165;345556;185606;41.9;22.5
60;2021-06-16;3250;4489;348806;190095;42.3;23.0
60;2021-06-17;2978;4784;351784;194879;42.6;23.6
60;2021-06-18;2982;4606;354766;199485;43.0;24.2
60;2021-06-19;3144;4728;357910;204213;43.4;24.8
60;2021-06-20;1431;1936;359341;206149;43.6;25.0
60;2021-06-21;1408;4042;360749;210191;43.7;25.5
60;2021-06-22;1758;5293;362507;215484;43.9;26.1
60;2021-06-23;1860;5237;364367;220721;44.2;26.8
60;2021-06-24;1803;5601;366170;226322;44.4;27.4
60;2021-06-25;1906;5730;368076;232052;44.6;28.1
60;2021-06-26;1860;6973;369936;239025;44.8;29.0
60;2021-06-27;713;2593;370649;241618;44.9;29.3
60;2021-06-28;1781;4142;372430;245760;45.1;29.8
60;2021-06-29;2010;5467;374440;251227;45.4;30.4
60;2021-06-30;2296;5360;376736;256587;45.7;31.1
60;2021-07-01;1888;4919;378624;261506;45.9;31.7
60;2021-07-02;2370;5878;380994;267384;46.2;32.4
60;2021-07-03;2400;6160;383394;273544;46.5;33.2
60;2021-07-04;792;2724;384186;276268;46.6;33.5
60;2021-07-05;1659;4406;385845;280674;46.8;34.0
60;2021-07-06;2146;4501;387991;285175;47.0;34.6
60;2021-07-07;2174;5119;390165;290294;47.3;35.2
60;2021-07-08;2672;4692;392837;294986;47.6;35.8
60;2021-07-09;2640;5568;395477;300554;47.9;36.4
60;2021-07-10;2579;5875;398056;306429;48.2;37.1
60;2021-07-11;1212;1942;399268;308371;48.4;37.4
60;2021-07-12;1447;4737;400715;313108;48.6;37.9
60;2021-07-13;2912;5019;403627;318127;48.9;38.6
60;2021-07-14;2584;1411;406211;319538;49.2;38.7
60;2021-07-15;3430;4873;409641;324411;49.6;39.3
60;2021-07-16;3698;5242;413339;329653;50.1;40.0
60;2021-07-17;4079;5135;417418;334788;50.6;40.6
60;2021-07-18;2186;2131;419604;336919;50.9;40.8
60;2021-07-19;2542;3892;422146;340811;51.2;41.3
60;2021-07-20;4197;4904;426343;345715;51.7;41.9
60;2021-07-21;4352;4287;430695;350002;52.2;42.4
60;2021-07-22;4627;4337;435322;354339;52.8;42.9
60;2021-07-23;4980;4902;440302;359241;53.4;43.5
60;2021-07-24;4314;4675;444616;363916;53.9;44.1
60;2021-07-25;2604;1831;447220;365747;54.2;44.3
60;2021-07-26;3377;3757;450597;369504;54.6;44.8
60;2021-07-27;4437;4634;455034;374138;55.2;45.3
60;2021-07-28;4554;3771;459588;377909;55.7;45.8
60;2021-07-29;4901;3714;464489;381623;56.3;46.3
60;2021-07-30;5026;4263;469515;385886;56.9;46.8
60;2021-07-31;4063;3969;473578;389855;57.4;47.3
60;2021-08-01;1684;862;475262;390717;57.6;47.4
60;2021-08-02;3198;2755;478460;393472;58.0;47.7
60;2021-08-03;3605;2894;482065;396366;58.4;48.0
60;2021-08-04;3316;2801;485381;399167;58.8;48.4
60;2021-08-05;3032;2261;488413;401428;59.2;48.7
60;2021-08-06;3830;3057;492243;404485;59.7;49.0
60;2021-08-07;3370;3078;495613;407563;60.1;49.4
60;2021-08-08;1534;911;497147;408474;60.3;49.5
60;2021-08-09;2206;2874;499353;411348;60.5;49.9
60;2021-08-10;3276;3313;502629;414661;60.9;50.3
60;2021-08-11;2788;3239;505417;417900;61.3;50.6
60;2021-08-12;2355;2665;507772;420565;61.5;51.0
60;2021-08-13;2751;2999;510523;423564;61.9;51.3
60;2021-08-14;2542;2735;513065;426299;62.2;51.7
60;2021-08-15;1362;553;514427;426852;62.3;51.7
60;2021-08-16;2040;3774;516467;430626;62.6;52.2
60;2021-08-17;2346;3820;518813;434446;62.9;52.7
60;2021-08-18;1943;3284;520756;437730;63.1;53.1
60;2021-08-19;1647;3075;522403;440805;63.3;53.4
60;2021-08-20;1866;3999;524269;444804;63.5;53.9
60;2021-08-21;1612;3492;525881;448296;63.7;54.3
60;2021-08-22;576;1339;526457;449635;63.8;54.5
60;2021-08-23;1104;3223;527561;452858;63.9;54.9
60;2021-08-24;1371;4496;528932;457354;64.1;55.4
60;2021-08-25;1431;3586;530363;460940;64.3;55.9
60;2021-08-26;1432;3459;531795;464399;64.5;56.3
60;2021-08-27;1436;4174;533231;468573;64.6;56.8
60;2021-08-28;1379;4479;534610;473052;64.8;57.3
60;2021-08-29;550;2041;535160;475093;64.9;57.6
60;2021-08-30;1231;2964;536391;478057;65.0;57.9
60;2021-08-31;1644;3799;538035;481856;65.2;58.4
60;2021-09-01;1237;2664;539272;484520;65.4;58.7
60;2021-09-02;1058;2568;540330;487088;65.5;59.0
60;2021-09-03;1024;2975;541354;490063;65.6;59.4
60;2021-09-04;1521;3605;542875;493668;65.8;59.8
60;2021-09-05;367;1331;543242;494999;65.8;60.0
60;2021-09-06;798;2382;544040;497381;65.9;60.3
60;2021-09-07;839;2776;544879;500157;66.0;60.6
60;2021-09-08;887;2708;545766;502865;66.1;60.9
60;2021-09-09;685;2157;546451;505022;66.2;61.2
60;2021-09-10;1052;2770;547503;507792;66.4;61.5
60;2021-09-11;1062;3332;548565;511124;66.5;61.9
60;2021-09-12;308;1108;548873;512232;66.5;62.1
60;2021-09-13;611;1720;549484;513952;66.6;62.3
60;2021-09-14;760;1496;550244;515448;66.7;62.5
60;2021-09-15;570;1243;550814;516691;66.8;62.6
60;2021-09-16;918;1327;551732;518018;66.9;62.8
60;2021-09-17;717;1465;552449;519483;67.0;63.0
60;2021-09-18;819;2609;553268;522092;67.1;63.3
60;2021-09-19;191;497;553459;522589;67.1;63.3
60;2021-09-20;458;1099;553917;523688;67.1;63.5
60;2021-09-21;499;984;554416;524672;67.2;63.6
60;2021-09-22;442;1306;554858;525978;67.2;63.7
60;2021-09-23;627;900;555485;526878;67.3;63.9
60;2021-09-24;489;1195;555974;528073;67.4;64.0
60;2021-09-25;493;1876;556467;529949;67.4;64.2
60;2021-09-26;78;294;556545;530243;67.5;64.3
60;2021-09-27;335;765;556880;531008;67.5;64.4
60;2021-09-28;320;883;557200;531891;67.5;64.5
60;2021-09-29;407;1048;557607;532939;67.6;64.6
60;2021-09-30;367;736;557974;533675;67.6;64.7
60;2021-10-01;411;1036;558385;534711;67.7;64.8
60;2021-10-02;588;1466;558973;536177;67.7;65.0
60;2021-10-03;80;305;559053;536482;67.8;65.0
60;2021-10-04;358;680;559411;537162;67.8;65.1
60;2021-10-05;264;533;559675;537695;67.8;65.2
60;2021-10-06;360;761;560035;538456;67.9;65.3
60;2021-10-07;184;556;560219;539012;67.9;65.3
60;2021-10-08;431;789;560650;539801;68.0;65.4
60;2021-10-09;597;1272;561247;541073;68.0;65.6
60;2021-10-10;49;188;561296;541261;68.0;65.6
60;2021-10-11;282;515;561578;541776;68.1;65.7
60;2021-10-12;218;470;561796;542246;68.1;65.7
61;2020-12-27;0;0;0;0;0.0;0.0
61;2020-12-28;0;0;0;0;0.0;0.0
61;2020-12-29;0;0;0;0;0.0;0.0
61;2020-12-30;0;0;0;0;0.0;0.0
61;2020-12-31;0;0;0;0;0.0;0.0
61;2021-01-01;2;0;2;0;0.0;0.0
61;2021-01-02;1;0;3;0;0.0;0.0
61;2021-01-03;0;0;3;0;0.0;0.0
61;2021-01-04;1;0;4;0;0.0;0.0
61;2021-01-05;3;0;7;0;0.0;0.0
61;2021-01-06;77;0;84;0;0.0;0.0
61;2021-01-07;175;2;259;2;0.1;0.0
61;2021-01-08;405;1;664;3;0.2;0.0
61;2021-01-09;165;1;829;4;0.3;0.0
61;2021-01-10;49;0;878;4;0.3;0.0
61;2021-01-11;396;1;1274;5;0.5;0.0
61;2021-01-12;681;3;1955;8;0.7;0.0
61;2021-01-13;740;2;2695;10;1.0;0.0
61;2021-01-14;530;9;3225;19;1.2;0.0
61;2021-01-15;537;4;3762;23;1.4;0.0
61;2021-01-16;289;1;4051;24;1.5;0.0
61;2021-01-17;891;12;4942;36;1.8;0.0
61;2021-01-18;1914;3;6856;39;2.5;0.0
61;2021-01-19;1327;5;8183;44;3.0;0.0
61;2021-01-20;685;0;8868;44;3.2;0.0
61;2021-01-21;848;1;9716;45;3.5;0.0
61;2021-01-22;764;1;10480;46;3.8;0.0
61;2021-01-23;257;2;10737;48;3.9;0.0
61;2021-01-24;229;2;10966;50;4.0;0.0
61;2021-01-25;578;1;11544;51;4.2;0.0
61;2021-01-26;568;2;12112;53;4.4;0.0
61;2021-01-27;572;14;12684;67;4.6;0.0
61;2021-01-28;466;53;13150;120;4.7;0.0
61;2021-01-29;479;204;13629;324;4.9;0.1
61;2021-01-30;212;3;13841;327;5.0;0.1
61;2021-01-31;109;3;13950;330;5.0;0.1
61;2021-02-01;430;190;14380;520;5.2;0.2
61;2021-02-02;389;424;14769;944;5.3;0.3
61;2021-02-03;412;491;15181;1435;5.5;0.5
61;2021-02-04;390;338;15571;1773;5.6;0.6
61;2021-02-05;536;361;16107;2134;5.8;0.8
61;2021-02-06;206;93;16313;2227;5.9;0.8
61;2021-02-07;45;199;16358;2426;5.9;0.9
61;2021-02-08;541;1405;16899;3831;6.1;1.4
61;2021-02-09;404;810;17303;4641;6.2;1.7
61;2021-02-10;280;560;17583;5201;6.3;1.9
61;2021-02-11;432;558;18015;5759;6.5;2.1
61;2021-02-12;401;736;18416;6495;6.7;2.3
61;2021-02-13;133;431;18549;6926;6.7;2.5
61;2021-02-14;3;315;18552;7241;6.7;2.6
61;2021-02-15;169;841;18721;8082;6.8;2.9
61;2021-02-16;203;679;18924;8761;6.8;3.2
61;2021-02-17;44;638;18968;9399;6.9;3.4
61;2021-02-18;161;524;19129;9923;6.9;3.6
61;2021-02-19;101;391;19230;10314;6.9;3.7
61;2021-02-20;40;236;19270;10550;7.0;3.8
61;2021-02-21;2;155;19272;10705;7.0;3.9
61;2021-02-22;88;566;19360;11271;7.0;4.1
61;2021-02-23;102;494;19462;11765;7.0;4.2
61;2021-02-24;173;570;19635;12335;7.1;4.5
61;2021-02-25;265;445;19900;12780;7.2;4.6
61;2021-02-26;266;465;20166;13245;7.3;4.8
61;2021-02-27;110;228;20276;13473;7.3;4.9
61;2021-02-28;4;122;20280;13595;7.3;4.9
61;2021-03-01;215;611;20495;14206;7.4;5.1
61;2021-03-02;148;700;20643;14906;7.5;5.4
61;2021-03-03;143;448;20786;15354;7.5;5.5
61;2021-03-04;429;444;21215;15798;7.7;5.7
61;2021-03-05;703;302;21918;16100;7.9;5.8
61;2021-03-06;436;232;22354;16332;8.1;5.9
61;2021-03-07;155;2;22509;16334;8.1;5.9
61;2021-03-08;295;314;22804;16648;8.2;6.0
61;2021-03-09;622;186;23426;16834;8.5;6.1
61;2021-03-10;672;189;24098;17023;8.7;6.1
61;2021-03-11;1120;131;25218;17154;9.1;6.2
61;2021-03-12;1467;105;26685;17259;9.6;6.2
61;2021-03-13;775;56;27460;17315;9.9;6.3
61;2021-03-14;226;6;27686;17321;10.0;6.3
61;2021-03-15;814;37;28500;17358;10.3;6.3
61;2021-03-16;723;23;29223;17381;10.6;6.3
61;2021-03-17;761;12;29984;17393;10.8;6.3
61;2021-03-18;858;29;30842;17422;11.1;6.3
61;2021-03-19;1026;51;31868;17473;11.5;6.3
61;2021-03-20;478;17;32346;17490;11.7;6.3
61;2021-03-21;72;3;32418;17493;11.7;6.3
61;2021-03-22;797;94;33215;17587;12.0;6.4
61;2021-03-23;920;41;34135;17628;12.3;6.4
61;2021-03-24;1373;70;35508;17698;12.8;6.4
61;2021-03-25;1876;69;37384;17767;13.5;6.4
61;2021-03-26;1800;47;39184;17814;14.2;6.4
61;2021-03-27;1083;19;40267;17833;14.5;6.4
61;2021-03-28;359;9;40626;17842;14.7;6.4
61;2021-03-29;1273;184;41899;18026;15.1;6.5
61;2021-03-30;1470;102;43369;18128;15.7;6.5
61;2021-03-31;1687;54;45056;18182;16.3;6.6
61;2021-04-01;2051;233;47107;18415;17.0;6.7
61;2021-04-02;1519;435;48626;18850;17.6;6.8
61;2021-04-03;640;290;49266;19140;17.8;6.9
61;2021-04-04;193;1;49459;19141;17.9;6.9
61;2021-04-05;534;8;49993;19149;18.1;6.9
61;2021-04-06;1350;621;51343;19770;18.5;7.1
61;2021-04-07;1695;663;53038;20433;19.2;7.4
61;2021-04-08;2266;837;55304;21270;20.0;7.7
61;2021-04-09;2133;837;57437;22107;20.7;8.0
61;2021-04-10;1534;489;58971;22596;21.3;8.2
61;2021-04-11;238;202;59209;22798;21.4;8.2
61;2021-04-12;1284;737;60493;23535;21.8;8.5
61;2021-04-13;1742;707;62235;24242;22.5;8.8
61;2021-04-14;1734;788;63969;25030;23.1;9.0
61;2021-04-15;2268;789;66237;25819;23.9;9.3
61;2021-04-16;2227;691;68464;26510;24.7;9.6
61;2021-04-17;1483;321;69947;26831;25.3;9.7
61;2021-04-18;538;99;70485;26930;25.5;9.7
61;2021-04-19;936;750;71421;27680;25.8;10.0
61;2021-04-20;1523;786;72944;28466;26.3;10.3
61;2021-04-21;1351;1041;74295;29507;26.8;10.7
61;2021-04-22;1292;1222;75587;30729;27.3;11.1
61;2021-04-23;1213;1154;76800;31883;27.7;11.5
61;2021-04-24;1437;823;78237;32706;28.3;11.8
61;2021-04-25;361;333;78598;33039;28.4;11.9
61;2021-04-26;671;1146;79269;34185;28.6;12.3
61;2021-04-27;1465;1146;80734;35331;29.2;12.8
61;2021-04-28;1386;1392;82120;36723;29.7;13.3
61;2021-04-29;1246;1861;83366;38584;30.1;13.9
61;2021-04-30;1719;1177;85085;39761;30.7;14.4
61;2021-05-01;789;324;85874;40085;31.0;14.5
61;2021-05-02;439;227;86313;40312;31.2;14.6
61;2021-05-03;843;1251;87156;41563;31.5;15.0
61;2021-05-04;1323;1753;88479;43316;32.0;15.6
61;2021-05-05;1008;2032;89487;45348;32.3;16.4
61;2021-05-06;1772;2215;91259;47563;33.0;17.2
61;2021-05-07;1376;1974;92635;49537;33.5;17.9
61;2021-05-08;929;473;93564;50010;33.8;18.1
61;2021-05-09;395;293;93959;50303;33.9;18.2
61;2021-05-10;987;1756;94946;52059;34.3;18.8
61;2021-05-11;1377;1516;96323;53575;34.8;19.3
61;2021-05-12;1869;1594;98192;55169;35.5;19.9
61;2021-05-13;889;491;99081;55660;35.8;20.1
61;2021-05-14;1851;1191;100932;56851;36.5;20.5
61;2021-05-15;2111;1121;103043;57972;37.2;20.9
61;2021-05-16;984;300;104027;58272;37.6;21.0
61;2021-05-17;1312;914;105339;59186;38.0;21.4
61;2021-05-18;2422;894;107761;60080;38.9;21.7
61;2021-05-19;2400;804;110161;60884;39.8;22.0
61;2021-05-20;2212;819;112373;61703;40.6;22.3
61;2021-05-21;2149;861;114522;62564;41.4;22.6
61;2021-05-22;1780;718;116302;63282;42.0;22.9
61;2021-05-23;714;54;117016;63336;42.3;22.9
61;2021-05-24;914;112;117930;63448;42.6;22.9
61;2021-05-25;1991;921;119921;64369;43.3;23.2
61;2021-05-26;2046;932;121967;65301;44.0;23.6
61;2021-05-27;2041;1094;124008;66395;44.8;24.0
61;2021-05-28;2052;1378;126060;67773;45.5;24.5
61;2021-05-29;1466;557;127526;68330;46.1;24.7
61;2021-05-30;450;44;127976;68374;46.2;24.7
61;2021-05-31;1559;938;129535;69312;46.8;25.0
61;2021-06-01;1875;1389;131410;70701;47.5;25.5
61;2021-06-02;1676;1137;133086;71838;48.1;25.9
61;2021-06-03;2250;1110;135336;72948;48.9;26.3
61;2021-06-04;1897;1346;137233;74294;49.6;26.8
61;2021-06-05;1669;1240;138902;75534;50.2;27.3
61;2021-06-06;318;230;139220;75764;50.3;27.4
61;2021-06-07;2189;867;141409;76631;51.1;27.7
61;2021-06-08;1847;1570;143256;78201;51.7;28.2
61;2021-06-09;1975;1185;145231;79386;52.4;28.7
61;2021-06-10;1974;1192;147205;80578;53.2;29.1
61;2021-06-11;1822;1581;149027;82159;53.8;29.7
61;2021-06-12;1424;999;150451;83158;54.3;30.0
61;2021-06-13;340;377;150791;83535;54.5;30.2
61;2021-06-14;1107;1188;151898;84723;54.9;30.6
61;2021-06-15;1214;1694;153112;86417;55.3;31.2
61;2021-06-16;1114;1363;154226;87780;55.7;31.7
61;2021-06-17;1020;1731;155246;89511;56.1;32.3
61;2021-06-18;1523;1671;156769;91182;56.6;32.9
61;2021-06-19;1245;1302;158014;92484;57.1;33.4
61;2021-06-20;289;345;158303;92829;57.2;33.5
61;2021-06-21;807;1629;159110;94458;57.5;34.1
61;2021-06-22;1024;1683;160134;96141;57.8;34.7
61;2021-06-23;967;2436;161101;98577;58.2;35.6
61;2021-06-24;650;1361;161751;99938;58.4;36.1
61;2021-06-25;839;2167;162590;102105;58.7;36.9
61;2021-06-26;620;1955;163210;104060;58.9;37.6
61;2021-06-27;139;799;163349;104859;59.0;37.9
61;2021-06-28;478;2247;163827;107106;59.2;38.7
61;2021-06-29;699;2858;164526;109964;59.4;39.7
61;2021-06-30;771;2463;165297;112427;59.7;40.6
61;2021-07-01;633;1699;165930;114126;59.9;41.2
61;2021-07-02;842;2496;166772;116622;60.2;42.1
61;2021-07-03;417;1910;167189;118532;60.4;42.8
61;2021-07-04;75;638;167264;119170;60.4;43.0
61;2021-07-05;682;1774;167946;120944;60.7;43.7
61;2021-07-06;991;2794;168937;123738;61.0;44.7
61;2021-07-07;734;2360;169671;126098;61.3;45.5
61;2021-07-08;840;1944;170511;128042;61.6;46.2
61;2021-07-09;723;2375;171234;130417;61.8;47.1
61;2021-07-10;463;1767;171697;132184;62.0;47.7
61;2021-07-11;244;489;171941;132673;62.1;47.9
61;2021-07-12;438;2290;172379;134963;62.3;48.7
61;2021-07-13;643;2488;173022;137451;62.5;49.6
61;2021-07-14;150;334;173172;137785;62.5;49.8
61;2021-07-15;815;2814;173987;140599;62.8;50.8
61;2021-07-16;967;2572;174954;143171;63.2;51.7
61;2021-07-17;708;2232;175662;145403;63.4;52.5
61;2021-07-18;339;368;176001;145771;63.6;52.6
61;2021-07-19;934;2403;176935;148174;63.9;53.5
61;2021-07-20;1327;2356;178262;150530;64.4;54.4
61;2021-07-21;1503;2181;179765;152711;64.9;55.1
61;2021-07-22;1750;2188;181515;154899;65.6;55.9
61;2021-07-23;1793;2306;183308;157205;66.2;56.8
61;2021-07-24;1457;2008;184765;159213;66.7;57.5
61;2021-07-25;323;393;185088;159606;66.8;57.6
61;2021-07-26;1252;1933;186340;161539;67.3;58.3
61;2021-07-27;2420;1583;188760;163122;68.2;58.9
61;2021-07-28;2457;1355;191217;164477;69.1;59.4
61;2021-07-29;2563;1577;193780;166054;70.0;60.0
61;2021-07-30;2396;1393;196176;167447;70.8;60.5
61;2021-07-31;1282;1301;197458;168748;71.3;60.9
61;2021-08-01;504;259;197962;169007;71.5;61.0
61;2021-08-02;1913;1123;199875;170130;72.2;61.4
61;2021-08-03;2452;915;202327;171045;73.1;61.8
61;2021-08-04;2344;781;204671;171826;73.9;62.1
61;2021-08-05;1901;992;206572;172818;74.6;62.4
61;2021-08-06;2164;1163;208736;173981;75.4;62.8
61;2021-08-07;1422;799;210158;174780;75.9;63.1
61;2021-08-08;447;263;210605;175043;76.1;63.2
61;2021-08-09;1310;1112;211915;176155;76.5;63.6
61;2021-08-10;1315;1107;213230;177262;77.0;64.0
61;2021-08-11;1117;1257;214347;178519;77.4;64.5
61;2021-08-12;1038;1321;215385;179840;77.8;64.9
61;2021-08-13;879;1610;216264;181450;78.1;65.5
61;2021-08-14;717;864;216981;182314;78.4;65.8
61;2021-08-15;94;183;217075;182497;78.4;65.9
61;2021-08-16;913;1541;217988;184038;78.7;66.5
61;2021-08-17;1153;1701;219141;185739;79.1;67.1
61;2021-08-18;811;1479;219952;187218;79.4;67.6
61;2021-08-19;745;1570;220697;188788;79.7;68.2
61;2021-08-20;800;2131;221497;190919;80.0;68.9
61;2021-08-21;492;1345;221989;192264;80.2;69.4
61;2021-08-22;137;447;222126;192711;80.2;69.6
61;2021-08-23;415;1702;222541;194413;80.4;70.2
61;2021-08-24;528;1899;223069;196312;80.6;70.9
61;2021-08-25;412;1735;223481;198047;80.7;71.5
61;2021-08-26;429;1598;223910;199645;80.9;72.1
61;2021-08-27;515;1889;224425;201534;81.0;72.8
61;2021-08-28;286;1365;224711;202899;81.2;73.3
61;2021-08-29;50;417;224761;203316;81.2;73.4
61;2021-08-30;400;1618;225161;204934;81.3;74.0
61;2021-08-31;505;1672;225666;206606;81.5;74.6
61;2021-09-01;454;1312;226120;207918;81.7;75.1
61;2021-09-02;421;1097;226541;209015;81.8;75.5
61;2021-09-03;476;1296;227017;210311;82.0;76.0
61;2021-09-04;348;1254;227365;211565;82.1;76.4
61;2021-09-05;76;181;227441;211746;82.1;76.5
61;2021-09-06;286;973;227727;212719;82.2;76.8
61;2021-09-07;362;1391;228089;214110;82.4;77.3
61;2021-09-08;274;1193;228363;215303;82.5;77.8
61;2021-09-09;295;886;228658;216189;82.6;78.1
61;2021-09-10;366;889;229024;217078;82.7;78.4
61;2021-09-11;270;1021;229294;218099;82.8;78.8
61;2021-09-12;37;109;229331;218208;82.8;78.8
61;2021-09-13;208;526;229539;218734;82.9;79.0
61;2021-09-14;197;362;229736;219096;83.0;79.1
61;2021-09-15;258;595;229994;219691;83.1;79.3
61;2021-09-16;221;269;230215;219960;83.1;79.4
61;2021-09-17;241;533;230456;220493;83.2;79.6
61;2021-09-18;217;611;230673;221104;83.3;79.8
61;2021-09-19;1;0;230674;221104;83.3;79.8
61;2021-09-20;179;267;230853;221371;83.4;79.9
61;2021-09-21;236;187;231089;221558;83.5;80.0
61;2021-09-22;158;692;231247;222250;83.5;80.3
61;2021-09-23;163;228;231410;222478;83.6;80.3
61;2021-09-24;135;378;231545;222856;83.6;80.5
61;2021-09-25;171;596;231716;223452;83.7;80.7
61;2021-09-26;9;16;231725;223468;83.7;80.7
61;2021-09-27;124;293;231849;223761;83.7;80.8
61;2021-09-28;95;248;231944;224009;83.8;80.9
61;2021-09-29;105;216;232049;224225;83.8;81.0
61;2021-09-30;204;237;232253;224462;83.9;81.1
61;2021-10-01;87;265;232340;224727;83.9;81.2
61;2021-10-02;197;565;232537;225292;84.0;81.4
61;2021-10-03;1;8;232538;225300;84.0;81.4
61;2021-10-04;108;287;232646;225587;84.0;81.5
61;2021-10-05;112;289;232758;225876;84.1;81.6
61;2021-10-06;155;320;232913;226196;84.1;81.7
61;2021-10-07;140;259;233053;226455;84.2;81.8
61;2021-10-08;156;243;233209;226698;84.2;81.9
61;2021-10-09;89;168;233298;226866;84.3;81.9
61;2021-10-10;1;2;233299;226868;84.3;81.9
61;2021-10-11;140;386;233439;227254;84.3;82.1
61;2021-10-12;68;184;233507;227438;84.3;82.1
62;2020-12-27;2;0;2;0;0.0;0.0
62;2020-12-28;1;0;3;0;0.0;0.0
62;2020-12-29;0;0;3;0;0.0;0.0
62;2020-12-30;0;0;3;0;0.0;0.0
62;2020-12-31;0;0;3;0;0.0;0.0
62;2021-01-01;0;0;3;0;0.0;0.0
62;2021-01-02;3;2;6;2;0.0;0.0
62;2021-01-03;0;0;6;2;0.0;0.0
62;2021-01-04;3;0;9;2;0.0;0.0
62;2021-01-05;47;0;56;2;0.0;0.0
62;2021-01-06;123;0;179;2;0.0;0.0
62;2021-01-07;352;0;531;2;0.0;0.0
62;2021-01-08;713;9;1244;11;0.1;0.0
62;2021-01-09;164;1;1408;12;0.1;0.0
62;2021-01-10;84;0;1492;12;0.1;0.0
62;2021-01-11;557;3;2049;15;0.1;0.0
62;2021-01-12;1260;6;3309;21;0.2;0.0
62;2021-01-13;1139;17;4448;38;0.3;0.0
62;2021-01-14;1386;9;5834;47;0.4;0.0
62;2021-01-15;1300;13;7134;60;0.5;0.0
62;2021-01-16;309;3;7443;63;0.5;0.0
62;2021-01-17;107;1;7550;64;0.5;0.0
62;2021-01-18;1667;10;9217;74;0.6;0.0
62;2021-01-19;2104;6;11321;80;0.8;0.0
62;2021-01-20;2056;7;13377;87;0.9;0.0
62;2021-01-21;2244;10;15621;97;1.1;0.0
62;2021-01-22;1835;7;17456;104;1.2;0.0
62;2021-01-23;512;1;17968;105;1.2;0.0
62;2021-01-24;0;0;17968;105;1.2;0.0
62;2021-01-25;1286;8;19254;113;1.3;0.0
62;2021-01-26;1546;21;20800;134;1.4;0.0
62;2021-01-27;1518;179;22318;313;1.5;0.0
62;2021-01-28;4183;403;26501;716;1.8;0.0
62;2021-01-29;2048;340;28549;1056;2.0;0.1
62;2021-01-30;159;151;28708;1207;2.0;0.1
62;2021-01-31;22;3;28730;1210;2.0;0.1
62;2021-02-01;46;355;28776;1565;2.0;0.1
62;2021-02-02;59;785;28835;2350;2.0;0.2
62;2021-02-03;44;627;28879;2977;2.0;0.2
62;2021-02-04;81;801;28960;3778;2.0;0.3
62;2021-02-05;80;748;29040;4526;2.0;0.3
62;2021-02-06;32;199;29072;4725;2.0;0.3
62;2021-02-07;236;31;29308;4756;2.0;0.3
62;2021-02-08;133;841;29441;5597;2.0;0.4
62;2021-02-09;227;1093;29668;6690;2.0;0.5
62;2021-02-10;385;1165;30053;7855;2.1;0.5
62;2021-02-11;726;996;30779;8851;2.1;0.6
62;2021-02-12;968;778;31747;9629;2.2;0.7
62;2021-02-13;162;266;31909;9895;2.2;0.7
62;2021-02-14;0;0;31909;9895;2.2;0.7
62;2021-02-15;665;1265;32574;11160;2.2;0.8
62;2021-02-16;923;1775;33497;12935;2.3;0.9
62;2021-02-17;1082;2069;34579;15004;2.4;1.0
62;2021-02-18;2228;3772;36807;18776;2.5;1.3
62;2021-02-19;2312;2548;39119;21324;2.7;1.5
62;2021-02-20;616;480;39735;21804;2.7;1.5
62;2021-02-21;88;50;39823;21854;2.7;1.5
62;2021-02-22;849;963;40672;22817;2.8;1.6
62;2021-02-23;1419;1212;42091;24029;2.9;1.7
62;2021-02-24;1547;656;43638;24685;3.0;1.7
62;2021-02-25;3169;425;46807;25110;3.2;1.7
62;2021-02-26;2912;355;49719;25465;3.4;1.8
62;2021-02-27;1829;99;51548;25564;3.5;1.8
62;2021-02-28;52;42;51600;25606;3.6;1.8
62;2021-03-01;1322;125;52922;25731;3.6;1.8
62;2021-03-02;3155;189;56077;25920;3.9;1.8
62;2021-03-03;3274;141;59351;26061;4.1;1.8
62;2021-03-04;3810;229;63161;26290;4.3;1.8
62;2021-03-05;4647;250;67808;26540;4.7;1.8
62;2021-03-06;9620;292;77428;26832;5.3;1.8
62;2021-03-07;8074;247;85502;27079;5.9;1.9
62;2021-03-08;2196;272;87698;27351;6.0;1.9
62;2021-03-09;3810;398;91508;27749;6.3;1.9
62;2021-03-10;4233;630;95741;28379;6.6;2.0
62;2021-03-11;5993;1551;101734;29930;7.0;2.1
62;2021-03-12;6638;1445;108372;31375;7.5;2.2
62;2021-03-13;14724;834;123096;32209;8.5;2.2
62;2021-03-14;9583;444;132679;32653;9.1;2.2
62;2021-03-15;3761;1026;136440;33679;9.4;2.3
62;2021-03-16;2736;864;139176;34543;9.6;2.4
62;2021-03-17;2804;744;141980;35287;9.8;2.4
62;2021-03-18;2726;956;144706;36243;10.0;2.5
62;2021-03-19;4784;941;149490;37184;10.3;2.6
62;2021-03-20;11066;635;160556;37819;11.1;2.6
62;2021-03-21;9447;384;170003;38203;11.7;2.6
62;2021-03-22;2944;1120;172947;39323;11.9;2.7
62;2021-03-23;4997;1504;177944;40827;12.2;2.8
62;2021-03-24;4696;1392;182640;42219;12.6;2.9
62;2021-03-25;6554;1494;189194;43713;13.0;3.0
62;2021-03-26;7048;1517;196242;45230;13.5;3.1
62;2021-03-27;12593;768;208835;45998;14.4;3.2
62;2021-03-28;6940;291;215775;46289;14.9;3.2
62;2021-03-29;3470;1219;219245;47508;15.1;3.3
62;2021-03-30;4549;2223;223794;49731;15.4;3.4
62;2021-03-31;4225;2489;228019;52220;15.7;3.6
62;2021-04-01;4977;2775;232996;54995;16.0;3.8
62;2021-04-02;5067;3245;238063;58240;16.4;4.0
62;2021-04-03;8207;3373;246270;61613;17.0;4.2
62;2021-04-04;4582;1946;250852;63559;17.3;4.4
62;2021-04-05;944;468;251796;64027;17.3;4.4
62;2021-04-06;4122;3022;255918;67049;17.6;4.6
62;2021-04-07;5071;3539;260989;70588;18.0;4.9
62;2021-04-08;6492;4016;267481;74604;18.4;5.1
62;2021-04-09;7629;3496;275110;78100;18.9;5.4
62;2021-04-10;6637;8091;281747;86191;19.4;5.9
62;2021-04-11;2804;6904;284551;93095;19.6;6.4
62;2021-04-12;3419;2389;287970;95484;19.8;6.6
62;2021-04-13;6171;3174;294141;98658;20.2;6.8
62;2021-04-14;5306;3073;299447;101731;20.6;7.0
62;2021-04-15;5733;3018;305180;104749;21.0;7.2
62;2021-04-16;5418;3216;310598;107965;21.4;7.4
62;2021-04-17;4355;7378;314953;115343;21.7;7.9
62;2021-04-18;1957;6859;316910;122202;21.8;8.4
62;2021-04-19;2777;1939;319687;124141;22.0;8.5
62;2021-04-20;4148;3900;323835;128041;22.3;8.8
62;2021-04-21;3746;3989;327581;132030;22.5;9.1
62;2021-04-22;3948;5194;331529;137224;22.8;9.4
62;2021-04-23;4064;5333;335593;142557;23.1;9.8
62;2021-04-24;4401;6738;339994;149295;23.4;10.3
62;2021-04-25;1911;3504;341905;152799;23.5;10.5
62;2021-04-26;2224;2436;344129;155235;23.7;10.7
62;2021-04-27;4408;3773;348537;159008;24.0;10.9
62;2021-04-28;4591;4422;353128;163430;24.3;11.2
62;2021-04-29;4787;5909;357915;169339;24.6;11.7
62;2021-04-30;5215;5742;363130;175081;25.0;12.1
62;2021-05-01;5725;3482;368855;178563;25.4;12.3
62;2021-05-02;7826;3163;376681;181726;25.9;12.5
62;2021-05-03;4510;2352;381191;184078;26.2;12.7
62;2021-05-04;5398;4992;386589;189070;26.6;13.0
62;2021-05-05;4736;4843;391325;193913;26.9;13.3
62;2021-05-06;5619;4955;396944;198868;27.3;13.7
62;2021-05-07;7691;4691;404635;203559;27.9;14.0
62;2021-05-08;10659;2352;415294;205911;28.6;14.2
62;2021-05-09;8625;1642;423919;207553;29.2;14.3
62;2021-05-10;4867;4032;428786;211585;29.5;14.6
62;2021-05-11;6414;5060;435200;216645;30.0;14.9
62;2021-05-12;8624;4609;443824;221254;30.6;15.2
62;2021-05-13;9999;1492;453823;222746;31.2;15.3
62;2021-05-14;11880;3414;465703;226160;32.1;15.6
62;2021-05-15;19780;3303;485483;229463;33.4;15.8
62;2021-05-16;16399;1424;501882;230887;34.5;15.9
62;2021-05-17;8180;2660;510062;233547;35.1;16.1
62;2021-05-18;9325;3133;519387;236680;35.8;16.3
62;2021-05-19;8614;2934;528001;239614;36.3;16.5
62;2021-05-20;8341;3843;536342;243457;36.9;16.8
62;2021-05-21;9397;4223;545739;247680;37.6;17.0
62;2021-05-22;17874;3538;563613;251218;38.8;17.3
62;2021-05-23;12373;1164;575986;252382;39.6;17.4
62;2021-05-24;3911;587;579897;252969;39.9;17.4
62;2021-05-25;7221;4098;587118;257067;40.4;17.7
62;2021-05-26;6782;4913;593900;261980;40.9;18.0
62;2021-05-27;6382;5693;600282;267673;41.3;18.4
62;2021-05-28;6518;6772;606800;274445;41.8;18.9
62;2021-05-29;10849;5547;617649;279992;42.5;19.3
62;2021-05-30;4036;985;621685;280977;42.8;19.3
62;2021-05-31;4794;3970;626479;284947;43.1;19.6
62;2021-06-01;6520;6534;632999;291481;43.6;20.1
62;2021-06-02;7444;5820;640443;297301;44.1;20.5
62;2021-06-03;7854;5898;648297;303199;44.6;20.9
62;2021-06-04;7903;6264;656200;309463;45.2;21.3
62;2021-06-05;8274;6238;664474;315701;45.7;21.7
62;2021-06-06;3128;1292;667602;316993;46.0;21.8
62;2021-06-07;4625;3772;672227;320765;46.3;22.1
62;2021-06-08;6207;5911;678434;326676;46.7;22.5
62;2021-06-09;5498;4768;683932;331444;47.1;22.8
62;2021-06-10;5207;5889;689139;337333;47.4;23.2
62;2021-06-11;6208;8876;695347;346209;47.9;23.8
62;2021-06-12;5936;8647;701283;354856;48.3;24.4
62;2021-06-13;3225;3803;704508;358659;48.5;24.7
62;2021-06-14;2610;6781;707118;365440;48.7;25.2
62;2021-06-15;4675;8540;711793;373980;49.0;25.7
62;2021-06-16;5082;7431;716875;381411;49.3;26.3
62;2021-06-17;5235;8045;722110;389456;49.7;26.8
62;2021-06-18;4825;10494;726935;399950;50.0;27.5
62;2021-06-19;5793;13442;732728;413392;50.4;28.5
62;2021-06-20;2101;4369;734829;417761;50.6;28.8
62;2021-06-21;2976;8928;737805;426689;50.8;29.4
62;2021-06-22;3431;10170;741236;436859;51.0;30.1
62;2021-06-23;3388;10324;744624;447183;51.3;30.8
62;2021-06-24;3346;11786;747970;458969;51.5;31.6
62;2021-06-25;3724;15768;751694;474737;51.7;32.7
62;2021-06-26;3549;18426;755243;493163;52.0;33.9
62;2021-06-27;1121;9814;756364;502977;52.1;34.6
62;2021-06-28;1923;8870;758287;511847;52.2;35.2
62;2021-06-29;2974;11463;761261;523310;52.4;36.0
62;2021-06-30;4142;10816;765403;534126;52.7;36.8
62;2021-07-01;4483;10486;769886;544612;53.0;37.5
62;2021-07-02;4161;11985;774047;556597;53.3;38.3
62;2021-07-03;2996;18053;777043;574650;53.5;39.6
62;2021-07-04;1451;9196;778494;583846;53.6;40.2
62;2021-07-05;2416;6917;780910;590763;53.8;40.7
62;2021-07-06;3821;10016;784731;600779;54.0;41.4
62;2021-07-07;3917;8918;788648;609697;54.3;42.0
62;2021-07-08;5248;9089;793896;618786;54.6;42.6
62;2021-07-09;4472;10849;798368;629635;55.0;43.3
62;2021-07-10;4976;11891;803344;641526;55.3;44.2
62;2021-07-11;1337;2091;804681;643617;55.4;44.3
62;2021-07-12;2327;7135;807008;650752;55.5;44.8
62;2021-07-13;5175;12161;812183;662913;55.9;45.6
62;2021-07-14;3634;3164;815817;666077;56.2;45.8
62;2021-07-15;7587;11501;823404;677578;56.7;46.6
62;2021-07-16;7625;11046;831029;688624;57.2;47.4
62;2021-07-17;9719;10335;840748;698959;57.9;48.1
62;2021-07-18;2712;3458;843460;702417;58.1;48.3
62;2021-07-19;6013;7026;849473;709443;58.5;48.8
62;2021-07-20;7935;10725;857408;720168;59.0;49.6
62;2021-07-21;9776;9413;867184;729581;59.7;50.2
62;2021-07-22;9800;9026;876984;738607;60.4;50.8
62;2021-07-23;10630;8412;887614;747019;61.1;51.4
62;2021-07-24;9664;10321;897278;757340;61.8;52.1
62;2021-07-25;5549;1877;902827;759217;62.1;52.3
62;2021-07-26;6239;5390;909066;764607;62.6;52.6
62;2021-07-27;9851;8130;918917;772737;63.3;53.2
62;2021-07-28;10405;7489;929322;780226;64.0;53.7
62;2021-07-29;12005;7662;941327;787888;64.8;54.2
62;2021-07-30;9092;6295;950419;794183;65.4;54.7
62;2021-07-31;6639;4026;957058;798209;65.9;54.9
62;2021-08-01;2342;1103;959400;799312;66.0;55.0
62;2021-08-02;6866;4760;966266;804072;66.5;55.3
62;2021-08-03;8629;7476;974895;811548;67.1;55.9
62;2021-08-04;9491;5485;984386;817033;67.8;56.2
62;2021-08-05;8376;5635;992762;822668;68.3;56.6
62;2021-08-06;7322;5935;1000084;828603;68.8;57.0
62;2021-08-07;5493;4959;1005577;833562;69.2;57.4
62;2021-08-08;1877;1301;1007454;834863;69.3;57.5
62;2021-08-09;5262;5033;1012716;839896;69.7;57.8
62;2021-08-10;6222;7360;1018938;847256;70.1;58.3
62;2021-08-11;5415;7383;1024353;854639;70.5;58.8
62;2021-08-12;6009;7004;1030362;861643;70.9;59.3
62;2021-08-13;4522;6061;1034884;867704;71.2;59.7
62;2021-08-14;3838;6868;1038722;874572;71.5;60.2
62;2021-08-15;1141;1212;1039863;875784;71.6;60.3
62;2021-08-16;3188;5867;1043051;881651;71.8;60.7
62;2021-08-17;4172;7348;1047223;888999;72.1;61.2
62;2021-08-18;4362;7244;1051585;896243;72.4;61.7
62;2021-08-19;4392;8581;1055977;904824;72.7;62.3
62;2021-08-20;3447;8464;1059424;913288;72.9;62.9
62;2021-08-21;2458;9766;1061882;923054;73.1;63.5
62;2021-08-22;392;2817;1062274;925871;73.1;63.7
62;2021-08-23;2748;7830;1065022;933701;73.3;64.3
62;2021-08-24;3840;10409;1068862;944110;73.6;65.0
62;2021-08-25;3510;9196;1072372;953306;73.8;65.6
62;2021-08-26;3193;9774;1075565;963080;74.0;66.3
62;2021-08-27;2599;8826;1078164;971906;74.2;66.9
62;2021-08-28;2043;7997;1080207;979903;74.4;67.5
62;2021-08-29;864;2253;1081071;982156;74.4;67.6
62;2021-08-30;2049;7289;1083120;989445;74.6;68.1
62;2021-08-31;2142;7829;1085262;997274;74.7;68.6
62;2021-09-01;1848;5812;1087110;1003086;74.8;69.0
62;2021-09-02;1853;6449;1088963;1009535;75.0;69.5
62;2021-09-03;2071;6898;1091034;1016433;75.1;70.0
62;2021-09-04;2123;6276;1093157;1022709;75.2;70.4
62;2021-09-05;319;1198;1093476;1023907;75.3;70.5
62;2021-09-06;1032;3360;1094508;1027267;75.3;70.7
62;2021-09-07;1246;3858;1095754;1031125;75.4;71.0
62;2021-09-08;1290;4174;1097044;1035299;75.5;71.3
62;2021-09-09;1276;4263;1098320;1039562;75.6;71.6
62;2021-09-10;1593;4403;1099913;1043965;75.7;71.9
62;2021-09-11;1276;3953;1101189;1047918;75.8;72.1
62;2021-09-12;202;495;1101391;1048413;75.8;72.2
62;2021-09-13;782;2235;1102173;1050648;75.9;72.3
62;2021-09-14;1283;3381;1103456;1054029;76.0;72.6
62;2021-09-15;1343;4221;1104799;1058250;76.0;72.8
62;2021-09-16;1383;2919;1106182;1061169;76.1;73.0
62;2021-09-17;1335;2418;1107517;1063587;76.2;73.2
62;2021-09-18;1089;2883;1108606;1066470;76.3;73.4
62;2021-09-19;138;448;1108744;1066918;76.3;73.4
62;2021-09-20;616;1482;1109360;1068400;76.4;73.5
62;2021-09-21;901;2423;1110261;1070823;76.4;73.7
62;2021-09-22;789;2673;1111050;1073496;76.5;73.9
62;2021-09-23;729;1839;1111779;1075335;76.5;74.0
62;2021-09-24;812;1985;1112591;1077320;76.6;74.2
62;2021-09-25;717;2670;1113308;1079990;76.6;74.3
62;2021-09-26;73;373;1113381;1080363;76.6;74.4
62;2021-09-27;318;1055;1113699;1081418;76.7;74.4
62;2021-09-28;584;1704;1114283;1083122;76.7;74.6
62;2021-09-29;759;1902;1115042;1085024;76.8;74.7
62;2021-09-30;448;1006;1115490;1086030;76.8;74.8
62;2021-10-01;701;1663;1116191;1087693;76.8;74.9
62;2021-10-02;699;1497;1116890;1089190;76.9;75.0
62;2021-10-03;81;236;1116971;1089426;76.9;75.0
62;2021-10-04;375;790;1117346;1090216;76.9;75.0
62;2021-10-05;603;1453;1117949;1091669;77.0;75.1
62;2021-10-06;563;1244;1118512;1092913;77.0;75.2
62;2021-10-07;478;1255;1118990;1094168;77.0;75.3
62;2021-10-08;745;1589;1119735;1095757;77.1;75.4
62;2021-10-09;621;1392;1120356;1097149;77.1;75.5
62;2021-10-10;64;199;1120420;1097348;77.1;75.5
62;2021-10-11;339;653;1120759;1098001;77.1;75.6
62;2021-10-12;465;1341;1121224;1099342;77.2;75.7
63;2020-12-27;0;0;0;0;0.0;0.0
63;2020-12-28;1;0;1;0;0.0;0.0
63;2020-12-29;0;0;1;0;0.0;0.0
63;2020-12-30;0;0;1;0;0.0;0.0
63;2020-12-31;0;0;1;0;0.0;0.0
63;2021-01-01;1;0;2;0;0.0;0.0
63;2021-01-02;0;0;2;0;0.0;0.0
63;2021-01-03;1;0;3;0;0.0;0.0
63;2021-01-04;0;0;3;0;0.0;0.0
63;2021-01-05;1;0;4;0;0.0;0.0
63;2021-01-06;4;1;8;1;0.0;0.0
63;2021-01-07;310;1;318;2;0.0;0.0
63;2021-01-08;217;6;535;8;0.1;0.0
63;2021-01-09;91;0;626;8;0.1;0.0
63;2021-01-10;82;0;708;8;0.1;0.0
63;2021-01-11;432;4;1140;12;0.2;0.0
63;2021-01-12;661;1;1801;13;0.3;0.0
63;2021-01-13;873;8;2674;21;0.4;0.0
63;2021-01-14;547;10;3221;31;0.5;0.0
63;2021-01-15;432;5;3653;36;0.6;0.0
63;2021-01-16;157;0;3810;36;0.6;0.0
63;2021-01-17;133;0;3943;36;0.6;0.0
63;2021-01-18;634;3;4577;39;0.7;0.0
63;2021-01-19;868;2;5445;41;0.8;0.0
63;2021-01-20;1069;12;6514;53;1.0;0.0
63;2021-01-21;1018;3;7532;56;1.1;0.0
63;2021-01-22;970;3;8502;59;1.3;0.0
63;2021-01-23;192;0;8694;59;1.3;0.0
63;2021-01-24;165;2;8859;61;1.3;0.0
63;2021-01-25;829;4;9688;65;1.5;0.0
63;2021-01-26;974;2;10662;67;1.6;0.0
63;2021-01-27;1003;5;11665;72;1.8;0.0
63;2021-01-28;1323;69;12988;141;2.0;0.0
63;2021-01-29;1066;66;14054;207;2.1;0.0
63;2021-01-30;68;0;14122;207;2.1;0.0
63;2021-01-31;6;0;14128;207;2.1;0.0
63;2021-02-01;575;180;14703;387;2.2;0.1
63;2021-02-02;886;235;15589;622;2.4;0.1
63;2021-02-03;1475;287;17064;909;2.6;0.1
63;2021-02-04;2119;521;19183;1430;2.9;0.2
63;2021-02-05;1144;272;20327;1702;3.1;0.3
63;2021-02-06;116;0;20443;1702;3.1;0.3
63;2021-02-07;9;1;20452;1703;3.1;0.3
63;2021-02-08;538;405;20990;2108;3.2;0.3
63;2021-02-09;671;433;21661;2541;3.3;0.4
63;2021-02-10;609;602;22270;3143;3.4;0.5
63;2021-02-11;751;473;23021;3616;3.5;0.5
63;2021-02-12;820;808;23841;4424;3.6;0.7
63;2021-02-13;82;1;23923;4425;3.6;0.7
63;2021-02-14;0;65;23923;4490;3.6;0.7
63;2021-02-15;202;782;24125;5272;3.7;0.8
63;2021-02-16;409;1136;24534;6408;3.7;1.0
63;2021-02-17;359;876;24893;7284;3.8;1.1
63;2021-02-18;608;824;25501;8108;3.9;1.2
63;2021-02-19;449;970;25950;9078;3.9;1.4
63;2021-02-20;35;32;25985;9110;3.9;1.4
63;2021-02-21;2;17;25987;9127;3.9;1.4
63;2021-02-22;292;928;26279;10055;4.0;1.5
63;2021-02-23;580;1134;26859;11189;4.1;1.7
63;2021-02-24;696;1415;27555;12604;4.2;1.9
63;2021-02-25;1603;1665;29158;14269;4.4;2.2
63;2021-02-26;1623;1364;30781;15633;4.7;2.4
63;2021-02-27;641;72;31422;15705;4.8;2.4
63;2021-02-28;4;178;31426;15883;4.8;2.4
63;2021-03-01;586;518;32012;16401;4.8;2.5
63;2021-03-02;907;803;32919;17204;5.0;2.6
63;2021-03-03;1036;727;33955;17931;5.1;2.7
63;2021-03-04;1754;502;35709;18433;5.4;2.8
63;2021-03-05;2612;701;38321;19134;5.8;2.9
63;2021-03-06;1551;55;39872;19189;6.0;2.9
63;2021-03-07;512;21;40384;19210;6.1;2.9
63;2021-03-08;967;648;41351;19858;6.3;3.0
63;2021-03-09;1539;1065;42890;20923;6.5;3.2
63;2021-03-10;1655;618;44545;21541;6.7;3.3
63;2021-03-11;3056;898;47601;22439;7.2;3.4
63;2021-03-12;3514;396;51115;22835;7.7;3.5
63;2021-03-13;2049;86;53164;22921;8.1;3.5
63;2021-03-14;61;22;53225;22943;8.1;3.5
63;2021-03-15;1773;374;54998;23317;8.3;3.5
63;2021-03-16;1747;416;56745;23733;8.6;3.6
63;2021-03-17;1642;692;58387;24425;8.8;3.7
63;2021-03-18;1945;753;60332;25178;9.1;3.8
63;2021-03-19;2741;498;63073;25676;9.6;3.9
63;2021-03-20;1122;72;64195;25748;9.7;3.9
63;2021-03-21;50;45;64245;25793;9.7;3.9
63;2021-03-22;1984;261;66229;26054;10.0;3.9
63;2021-03-23;2885;348;69114;26402;10.5;4.0
63;2021-03-24;3224;352;72338;26754;11.0;4.1
63;2021-03-25;4598;398;76936;27152;11.7;4.1
63;2021-03-26;4692;577;81628;27729;12.4;4.2
63;2021-03-27;2457;235;84085;27964;12.7;4.2
63;2021-03-28;1047;83;85132;28047;12.9;4.2
63;2021-03-29;2480;525;87612;28572;13.3;4.3
63;2021-03-30;3283;632;90895;29204;13.8;4.4
63;2021-03-31;2968;761;93863;29965;14.2;4.5
63;2021-04-01;3845;543;97708;30508;14.8;4.6
63;2021-04-02;3484;712;101192;31220;15.3;4.7
63;2021-04-03;1174;181;102366;31401;15.5;4.8
63;2021-04-04;877;29;103243;31430;15.6;4.8
63;2021-04-05;801;86;104044;31516;15.8;4.8
63;2021-04-06;2482;943;106526;32459;16.1;4.9
63;2021-04-07;3208;875;109734;33334;16.6;5.0
63;2021-04-08;4720;1230;114454;34564;17.3;5.2
63;2021-04-09;5314;1012;119768;35576;18.1;5.4
63;2021-04-10;2221;481;121989;36057;18.5;5.5
63;2021-04-11;835;41;122824;36098;18.6;5.5
63;2021-04-12;1591;1315;124415;37413;18.8;5.7
63;2021-04-13;1986;1968;126401;39381;19.1;6.0
63;2021-04-14;2631;1440;129032;40821;19.5;6.2
63;2021-04-15;3809;1548;132841;42369;20.1;6.4
63;2021-04-16;2840;2167;135681;44536;20.6;6.7
63;2021-04-17;1233;673;136914;45209;20.7;6.8
63;2021-04-18;803;67;137717;45276;20.9;6.9
63;2021-04-19;1657;2107;139374;47383;21.1;7.2
63;2021-04-20;1702;2302;141076;49685;21.4;7.5
63;2021-04-21;1514;2414;142590;52099;21.6;7.9
63;2021-04-22;1916;2269;144506;54368;21.9;8.2
63;2021-04-23;2019;3115;146525;57483;22.2;8.7
63;2021-04-24;1192;1128;147717;58611;22.4;8.9
63;2021-04-25;554;412;148271;59023;22.5;8.9
63;2021-04-26;1438;2242;149709;61265;22.7;9.3
63;2021-04-27;2326;2616;152035;63881;23.0;9.7
63;2021-04-28;2346;3172;154381;67053;23.4;10.2
63;2021-04-29;2882;2841;157263;69894;23.8;10.6
63;2021-04-30;2862;2823;160125;72717;24.3;11.0
63;2021-05-01;1127;1052;161252;73769;24.4;11.2
63;2021-05-02;897;640;162149;74409;24.6;11.3
63;2021-05-03;2685;2252;164834;76661;25.0;11.6
63;2021-05-04;2878;2699;167712;79360;25.4;12.0
63;2021-05-05;2938;3126;170650;82486;25.8;12.5
63;2021-05-06;3673;3060;174323;85546;26.4;13.0
63;2021-05-07;4032;3546;178355;89092;27.0;13.5
63;2021-05-08;2002;655;180357;89747;27.3;13.6
63;2021-05-09;1802;608;182159;90355;27.6;13.7
63;2021-05-10;4194;2765;186353;93120;28.2;14.1
63;2021-05-11;5339;2769;191692;95889;29.0;14.5
63;2021-05-12;5274;2914;196966;98803;29.8;15.0
63;2021-05-13;4136;700;201102;99503;30.5;15.1
63;2021-05-14;4772;1514;205874;101017;31.2;15.3
63;2021-05-15;3727;986;209601;102003;31.7;15.4
63;2021-05-16;3521;448;213122;102451;32.3;15.5
63;2021-05-17;3902;1992;217024;104443;32.9;15.8
63;2021-05-18;5124;1615;222148;106058;33.6;16.1
63;2021-05-19;5229;1629;227377;107687;34.4;16.3
63;2021-05-20;6806;2092;234183;109779;35.5;16.6
63;2021-05-21;6256;2334;240439;112113;36.4;17.0
63;2021-05-22;3352;848;243791;112961;36.9;17.1
63;2021-05-23;2388;245;246179;113206;37.3;17.1
63;2021-05-24;2643;581;248822;113787;37.7;17.2
63;2021-05-25;4270;2646;253092;116433;38.3;17.6
63;2021-05-26;5452;2422;258544;118855;39.2;18.0
63;2021-05-27;6502;2801;265046;121656;40.1;18.4
63;2021-05-28;5422;3906;270468;125562;41.0;19.0
63;2021-05-29;3361;1503;273829;127065;41.5;19.2
63;2021-05-30;1579;217;275408;127282;41.7;19.3
63;2021-05-31;4157;2288;279565;129570;42.3;19.6
63;2021-06-01;3805;2962;283370;132532;42.9;20.1
63;2021-06-02;3886;2535;287256;135067;43.5;20.5
63;2021-06-03;4902;3142;292158;138209;44.3;20.9
63;2021-06-04;5100;3624;297258;141833;45.0;21.5
63;2021-06-05;2816;1746;300074;143579;45.4;21.7
63;2021-06-06;1309;698;301383;144277;45.6;21.9
63;2021-06-07;3163;2519;304546;146796;46.1;22.2
63;2021-06-08;2882;2755;307428;149551;46.6;22.7
63;2021-06-09;3025;2271;310453;151822;47.0;23.0
63;2021-06-10;3226;2691;313679;154513;47.5;23.4
63;2021-06-11;3099;4047;316778;158560;48.0;24.0
63;2021-06-12;1640;1969;318418;160529;48.2;24.3
63;2021-06-13;482;1098;318900;161627;48.3;24.5
63;2021-06-14;1824;3472;320724;165099;48.6;25.0
63;2021-06-15;2210;3480;322934;168579;48.9;25.5
63;2021-06-16;2576;3315;325510;171894;49.3;26.0
63;2021-06-17;2398;4316;327908;176210;49.7;26.7
63;2021-06-18;2480;5827;330388;182037;50.0;27.6
63;2021-06-19;1643;2835;332031;184872;50.3;28.0
63;2021-06-20;678;2441;332709;187313;50.4;28.4
63;2021-06-21;1272;5389;333981;192702;50.6;29.2
63;2021-06-22;1233;5539;335214;198241;50.8;30.0
63;2021-06-23;1531;4766;336745;203007;51.0;30.7
63;2021-06-24;1925;5383;338670;208390;51.3;31.6
63;2021-06-25;1751;5899;340421;214289;51.6;32.5
63;2021-06-26;1073;3352;341494;217641;51.7;33.0
63;2021-06-27;712;3487;342206;221128;51.8;33.5
63;2021-06-28;1136;5663;343342;226791;52.0;34.3
63;2021-06-29;1226;5160;344568;231951;52.2;35.1
63;2021-06-30;1606;5294;346174;237245;52.4;35.9
63;2021-07-01;1928;8069;348102;245314;52.7;37.2
63;2021-07-02;2061;6540;350163;251854;53.0;38.1
63;2021-07-03;965;2929;351128;254783;53.2;38.6
63;2021-07-04;1066;1885;352194;256668;53.3;38.9
63;2021-07-05;1540;6280;353734;262948;53.6;39.8
63;2021-07-06;1609;4808;355343;267756;53.8;40.6
63;2021-07-07;1973;4089;357316;271845;54.1;41.2
63;2021-07-08;2205;4587;359521;276432;54.5;41.9
63;2021-07-09;1911;5720;361432;282152;54.7;42.7
63;2021-07-10;1534;3415;362966;285567;55.0;43.3
63;2021-07-11;910;1538;363876;287105;55.1;43.5
63;2021-07-12;1597;8702;365473;295807;55.4;44.8
63;2021-07-13;3598;6134;369071;301941;55.9;45.7
63;2021-07-14;3618;1790;372689;303731;56.4;46.0
63;2021-07-15;4415;5036;377104;308767;57.1;46.8
63;2021-07-16;4693;5788;381797;314555;57.8;47.6
63;2021-07-17;3012;2473;384809;317028;58.3;48.0
63;2021-07-18;2825;1091;387634;318119;58.7;48.2
63;2021-07-19;4002;4848;391636;322967;59.3;48.9
63;2021-07-20;4737;5460;396373;328427;60.0;49.7
63;2021-07-21;4789;3979;401162;332406;60.8;50.3
63;2021-07-22;5509;4402;406671;336808;61.6;51.0
63;2021-07-23;5161;4652;411832;341460;62.4;51.7
63;2021-07-24;3679;1952;415511;343412;62.9;52.0
63;2021-07-25;3065;1438;418576;344850;63.4;52.2
63;2021-07-26;4040;3230;422616;348080;64.0;52.7
63;2021-07-27;3933;3165;426549;351245;64.6;53.2
63;2021-07-28;3851;2716;430400;353961;65.2;53.6
63;2021-07-29;4453;3159;434853;357120;65.9;54.1
63;2021-07-30;3807;3575;438660;360695;66.4;54.6
63;2021-07-31;2161;1721;440821;362416;66.8;54.9
63;2021-08-01;1197;837;442018;363253;66.9;55.0
63;2021-08-02;2226;3067;444244;366320;67.3;55.5
63;2021-08-03;2728;3255;446972;369575;67.7;56.0
63;2021-08-04;2808;3245;449780;372820;68.1;56.5
63;2021-08-05;2444;3481;452224;376301;68.5;57.0
63;2021-08-06;2352;4152;454576;380453;68.9;57.6
63;2021-08-07;1305;2808;455881;383261;69.0;58.0
63;2021-08-08;324;1205;456205;384466;69.1;58.2
63;2021-08-09;1849;4210;458054;388676;69.4;58.9
63;2021-08-10;2218;3994;460272;392670;69.7;59.5
63;2021-08-11;2100;3628;462372;396298;70.0;60.0
63;2021-08-12;1855;4620;464227;400918;70.3;60.7
63;2021-08-13;1677;4009;465904;404927;70.6;61.3
63;2021-08-14;841;3239;466745;408166;70.7;61.8
63;2021-08-15;184;1451;466929;409617;70.7;62.0
63;2021-08-16;1171;4396;468100;414013;70.9;62.7
63;2021-08-17;1601;4052;469701;418065;71.1;63.3
63;2021-08-18;1452;3305;471153;421370;71.4;63.8
63;2021-08-19;1322;3443;472475;424813;71.6;64.3
63;2021-08-20;1386;3711;473861;428524;71.8;64.9
63;2021-08-21;674;2166;474535;430690;71.9;65.2
63;2021-08-22;212;1092;474747;431782;71.9;65.4
63;2021-08-23;1075;3591;475822;435373;72.1;65.9
63;2021-08-24;1090;2990;476912;438363;72.2;66.4
63;2021-08-25;1005;2787;477917;441150;72.4;66.8
63;2021-08-26;1130;2707;479047;443857;72.6;67.2
63;2021-08-27;1149;3161;480196;447018;72.7;67.7
63;2021-08-28;698;1709;480894;448727;72.8;68.0
63;2021-08-29;107;577;481001;449304;72.9;68.1
63;2021-08-30;789;2399;481790;451703;73.0;68.4
63;2021-08-31;992;2472;482782;454175;73.1;68.8
63;2021-09-01;919;1867;483701;456042;73.3;69.1
63;2021-09-02;820;1769;484521;457811;73.4;69.3
63;2021-09-03;905;2262;485426;460073;73.5;69.7
63;2021-09-04;709;1411;486135;461484;73.6;69.9
63;2021-09-05;80;258;486215;461742;73.6;69.9
63;2021-09-06;559;1144;486774;462886;73.7;70.1
63;2021-09-07;660;1343;487434;464229;73.8;70.3
63;2021-09-08;705;1456;488139;465685;73.9;70.5
63;2021-09-09;595;1163;488734;466848;74.0;70.7
63;2021-09-10;732;1645;489466;468493;74.1;71.0
63;2021-09-11;459;998;489925;469491;74.2;71.1
63;2021-09-12;50;144;489975;469635;74.2;71.1
63;2021-09-13;456;930;490431;470565;74.3;71.3
63;2021-09-14;530;814;490961;471379;74.4;71.4
63;2021-09-15;580;1288;491541;472667;74.4;71.6
63;2021-09-16;476;872;492017;473539;74.5;71.7
63;2021-09-17;474;1261;492491;474800;74.6;71.9
63;2021-09-18;317;992;492808;475792;74.6;72.1
63;2021-09-19;44;97;492852;475889;74.6;72.1
63;2021-09-20;365;707;493217;476596;74.7;72.2
63;2021-09-21;411;662;493628;477258;74.8;72.3
63;2021-09-22;400;1113;494028;478371;74.8;72.5
63;2021-09-23;299;665;494327;479036;74.9;72.6
63;2021-09-24;484;1181;494811;480217;74.9;72.7
63;2021-09-25;253;816;495064;481033;75.0;72.9
63;2021-09-26;26;100;495090;481133;75.0;72.9
63;2021-09-27;317;643;495407;481776;75.0;73.0
63;2021-09-28;292;617;495699;482393;75.1;73.1
63;2021-09-29;304;734;496003;483127;75.1;73.2
63;2021-09-30;295;657;496298;483784;75.2;73.3
63;2021-10-01;472;856;496770;484640;75.2;73.4
63;2021-10-02;273;558;497043;485198;75.3;73.5
63;2021-10-03;37;69;497080;485267;75.3;73.5
63;2021-10-04;208;401;497288;485668;75.3;73.6
63;2021-10-05;259;454;497547;486122;75.4;73.6
63;2021-10-06;331;602;497878;486724;75.4;73.7
63;2021-10-07;244;460;498122;487184;75.4;73.8
63;2021-10-08;408;711;498530;487895;75.5;73.9
63;2021-10-09;239;417;498769;488312;75.5;74.0
63;2021-10-10;36;57;498805;488369;75.5;74.0
63;2021-10-11;206;430;499011;488799;75.6;74.0
63;2021-10-12;188;379;499199;489178;75.6;74.1
64;2020-12-27;1;0;1;0;0.0;0.0
64;2020-12-28;2;0;3;0;0.0;0.0
64;2020-12-29;0;0;3;0;0.0;0.0
64;2020-12-30;1;0;4;0;0.0;0.0
64;2020-12-31;0;0;4;0;0.0;0.0
64;2021-01-01;1;0;5;0;0.0;0.0
64;2021-01-02;0;0;5;0;0.0;0.0
64;2021-01-03;0;0;5;0;0.0;0.0
64;2021-01-04;29;0;34;0;0.0;0.0
64;2021-01-05;25;0;59;0;0.0;0.0
64;2021-01-06;189;0;248;0;0.0;0.0
64;2021-01-07;842;1;1090;1;0.2;0.0
64;2021-01-08;880;3;1970;4;0.3;0.0
64;2021-01-09;55;0;2025;4;0.3;0.0
64;2021-01-10;2;0;2027;4;0.3;0.0
64;2021-01-11;543;0;2570;4;0.4;0.0
64;2021-01-12;760;4;3330;8;0.5;0.0
64;2021-01-13;866;3;4196;11;0.6;0.0
64;2021-01-14;1046;6;5242;17;0.8;0.0
64;2021-01-15;929;5;6171;22;0.9;0.0
64;2021-01-16;70;0;6241;22;0.9;0.0
64;2021-01-17;8;2;6249;24;0.9;0.0
64;2021-01-18;942;8;7191;32;1.1;0.0
64;2021-01-19;1448;4;8639;36;1.3;0.0
64;2021-01-20;1618;3;10257;39;1.5;0.0
64;2021-01-21;2603;2;12860;41;1.9;0.0
64;2021-01-22;1651;4;14511;45;2.1;0.0
64;2021-01-23;525;1;15036;46;2.2;0.0
64;2021-01-24;89;0;15125;46;2.2;0.0
64;2021-01-25;974;9;16099;55;2.4;0.0
64;2021-01-26;1358;22;17457;77;2.6;0.0
64;2021-01-27;1241;119;18698;196;2.7;0.0
64;2021-01-28;1652;631;20350;827;3.0;0.1
64;2021-01-29;975;651;21325;1478;3.1;0.2
64;2021-01-30;469;59;21794;1537;3.2;0.2
64;2021-01-31;93;0;21887;1537;3.2;0.2
64;2021-02-01;675;311;22562;1848;3.3;0.3
64;2021-02-02;1134;554;23696;2402;3.5;0.4
64;2021-02-03;1044;646;24740;3048;3.6;0.4
64;2021-02-04;1028;535;25768;3583;3.8;0.5
64;2021-02-05;869;456;26637;4039;3.9;0.6
64;2021-02-06;501;32;27138;4071;4.0;0.6
64;2021-02-07;131;5;27269;4076;4.0;0.6
64;2021-02-08;769;311;28038;4387;4.1;0.6
64;2021-02-09;949;714;28987;5101;4.2;0.7
64;2021-02-10;916;790;29903;5891;4.4;0.9
64;2021-02-11;1199;1508;31102;7399;4.6;1.1
64;2021-02-12;1076;1064;32178;8463;4.7;1.2
64;2021-02-13;223;314;32401;8777;4.7;1.3
64;2021-02-14;38;48;32439;8825;4.7;1.3
64;2021-02-15;223;1132;32662;9957;4.8;1.5
64;2021-02-16;261;1405;32923;11362;4.8;1.7
64;2021-02-17;291;1244;33214;12606;4.9;1.8
64;2021-02-18;509;1714;33723;14320;4.9;2.1
64;2021-02-19;413;1287;34136;15607;5.0;2.3
64;2021-02-20;119;435;34255;16042;5.0;2.3
64;2021-02-21;20;83;34275;16125;5.0;2.4
64;2021-02-22;479;985;34754;17110;5.1;2.5
64;2021-02-23;722;1145;35476;18255;5.2;2.7
64;2021-02-24;731;1014;36207;19269;5.3;2.8
64;2021-02-25;1094;955;37301;20224;5.5;3.0
64;2021-02-26;1216;915;38517;21139;5.6;3.1
64;2021-02-27;864;405;39381;21544;5.8;3.2
64;2021-02-28;42;82;39423;21626;5.8;3.2
64;2021-03-01;767;799;40190;22425;5.9;3.3
64;2021-03-02;1077;918;41267;23343;6.0;3.4
64;2021-03-03;1252;1000;42519;24343;6.2;3.6
64;2021-03-04;1883;1184;44402;25527;6.5;3.7
64;2021-03-05;2199;1078;46601;26605;6.8;3.9
64;2021-03-06;1543;518;48144;27123;7.0;4.0
64;2021-03-07;595;113;48739;27236;7.1;4.0
64;2021-03-08;1534;765;50273;28001;7.4;4.1
64;2021-03-09;2070;849;52343;28850;7.7;4.2
64;2021-03-10;2083;765;54426;29615;8.0;4.3
64;2021-03-11;2976;1078;57402;30693;8.4;4.5
64;2021-03-12;3489;608;60891;31301;8.9;4.6
64;2021-03-13;2258;171;63149;31472;9.2;4.6
64;2021-03-14;233;15;63382;31487;9.3;4.6
64;2021-03-15;2337;234;65719;31721;9.6;4.6
64;2021-03-16;2002;269;67721;31990;9.9;4.7
64;2021-03-17;2071;241;69792;32231;10.2;4.7
64;2021-03-18;2463;209;72255;32440;10.6;4.7
64;2021-03-19;3014;288;75269;32728;11.0;4.8
64;2021-03-20;2470;95;77739;32823;11.4;4.8
64;2021-03-21;1282;27;79021;32850;11.6;4.8
64;2021-03-22;2588;556;81609;33406;11.9;4.9
64;2021-03-23;3197;650;84806;34056;12.4;5.0
64;2021-03-24;3564;708;88370;34764;12.9;5.1
64;2021-03-25;4350;806;92720;35570;13.6;5.2
64;2021-03-26;4429;711;97149;36281;14.2;5.3
64;2021-03-27;2974;437;100123;36718;14.7;5.4
64;2021-03-28;521;56;100644;36774;14.7;5.4
64;2021-03-29;3028;891;103672;37665;15.2;5.5
64;2021-03-30;4135;874;107807;38539;15.8;5.6
64;2021-03-31;3594;796;111401;39335;16.3;5.8
64;2021-04-01;4787;944;116188;40279;17.0;5.9
64;2021-04-02;4444;747;120632;41026;17.7;6.0
64;2021-04-03;2061;588;122693;41614;18.0;6.1
64;2021-04-04;310;50;123003;41664;18.0;6.1
64;2021-04-05;1689;144;124692;41808;18.3;6.1
64;2021-04-06;3647;1395;128339;43203;18.8;6.3
64;2021-04-07;3946;1518;132285;44721;19.4;6.5
64;2021-04-08;5192;1602;137477;46323;20.1;6.8
64;2021-04-09;5899;1648;143376;47971;21.0;7.0
64;2021-04-10;3222;1055;146598;49026;21.5;7.2
64;2021-04-11;448;253;147046;49279;21.5;7.2
64;2021-04-12;4047;1869;151093;51148;22.1;7.5
64;2021-04-13;4466;2171;155559;53319;22.8;7.8
64;2021-04-14;4090;2144;159649;55463;23.4;8.1
64;2021-04-15;4394;2300;164043;57763;24.0;8.5
64;2021-04-16;4300;2261;168343;60024;24.6;8.8
64;2021-04-17;2479;1504;170822;61528;25.0;9.0
64;2021-04-18;1096;1181;171918;62709;25.2;9.2
64;2021-04-19;2735;2450;174653;65159;25.6;9.5
64;2021-04-20;3208;2434;177861;67593;26.0;9.9
64;2021-04-21;3225;2567;181086;70160;26.5;10.3
64;2021-04-22;3389;2787;184475;72947;27.0;10.7
64;2021-04-23;3435;2617;187910;75564;27.5;11.1
64;2021-04-24;2068;1591;189978;77155;27.8;11.3
64;2021-04-25;290;237;190268;77392;27.9;11.3
64;2021-04-26;2661;2656;192929;80048;28.2;11.7
64;2021-04-27;3060;3137;195989;83185;28.7;12.2
64;2021-04-28;3604;3065;199593;86250;29.2;12.6
64;2021-04-29;4650;3465;204243;89715;29.9;13.1
64;2021-04-30;4085;3616;208328;93331;30.5;13.7
64;2021-05-01;1486;1032;209814;94363;30.7;13.8
64;2021-05-02;446;325;210260;94688;30.8;13.9
64;2021-05-03;2910;3528;213170;98216;31.2;14.4
64;2021-05-04;3646;4002;216816;102218;31.7;15.0
64;2021-05-05;3358;4011;220174;106229;32.2;15.5
64;2021-05-06;4109;3992;224283;110221;32.8;16.1
64;2021-05-07;3922;4195;228205;114416;33.4;16.7
64;2021-05-08;2623;1236;230828;115652;33.8;16.9
64;2021-05-09;722;305;231550;115957;33.9;17.0
64;2021-05-10;2862;4238;234412;120195;34.3;17.6
64;2021-05-11;4183;4150;238595;124345;34.9;18.2
64;2021-05-12;4489;3945;243084;128290;35.6;18.8
64;2021-05-13;3198;887;246282;129177;36.0;18.9
64;2021-05-14;5153;3150;251435;132327;36.8;19.4
64;2021-05-15;3526;1865;254961;134192;37.3;19.6
64;2021-05-16;498;225;255459;134417;37.4;19.7
64;2021-05-17;4191;2390;259650;136807;38.0;20.0
64;2021-05-18;5164;2305;264814;139112;38.8;20.4
64;2021-05-19;4980;2165;269794;141277;39.5;20.7
64;2021-05-20;5567;2158;275361;143435;40.3;21.0
64;2021-05-21;5268;2249;280629;145684;41.1;21.3
64;2021-05-22;3581;1508;284210;147192;41.6;21.5
64;2021-05-23;431;206;284641;147398;41.7;21.6
64;2021-05-24;2996;1232;287637;148630;42.1;21.8
64;2021-05-25;4332;2851;291969;151481;42.7;22.2
64;2021-05-26;4359;2716;296328;154197;43.4;22.6
64;2021-05-27;5283;3156;301611;157353;44.1;23.0
64;2021-05-28;4620;3439;306231;160792;44.8;23.5
64;2021-05-29;2810;2114;309041;162906;45.2;23.8
64;2021-05-30;439;203;309480;163109;45.3;23.9
64;2021-05-31;3890;3662;313370;166771;45.9;24.4
64;2021-06-01;5335;3571;318705;170342;46.7;24.9
64;2021-06-02;4931;3176;323636;173518;47.4;25.4
64;2021-06-03;6365;3263;330001;176781;48.3;25.9
64;2021-06-04;5150;4558;335151;181339;49.1;26.5
64;2021-06-05;3482;2524;338633;183863;49.6;26.9
64;2021-06-06;2014;330;340647;184193;49.9;27.0
64;2021-06-07;4128;4333;344775;188526;50.5;27.6
64;2021-06-08;5151;4126;349926;192652;51.2;28.2
64;2021-06-09;5151;3660;355077;196312;52.0;28.7
64;2021-06-10;6181;3145;361258;199457;52.9;29.2
64;2021-06-11;5586;4879;366844;204336;53.7;29.9
64;2021-06-12;3950;2336;370794;206672;54.3;30.3
64;2021-06-13;1555;394;372349;207066;54.5;30.3
64;2021-06-14;3669;4793;376018;211859;55.0;31.0
64;2021-06-15;4572;4708;380590;216567;55.7;31.7
64;2021-06-16;4470;4664;385060;221231;56.4;32.4
64;2021-06-17;3641;4306;388701;225537;56.9;33.0
64;2021-06-18;4421;5170;393122;230707;57.5;33.8
64;2021-06-19;2984;3282;396106;233989;58.0;34.3
64;2021-06-20;881;539;396987;234528;58.1;34.3
64;2021-06-21;2314;5125;399301;239653;58.4;35.1
64;2021-06-22;2555;5726;401856;245379;58.8;35.9
64;2021-06-23;3104;5481;404960;250860;59.3;36.7
64;2021-06-24;2719;3810;407679;254670;59.7;37.3
64;2021-06-25;2900;6436;410579;261106;60.1;38.2
64;2021-06-26;1798;3835;412377;264941;60.4;38.8
64;2021-06-27;493;713;412870;265654;60.4;38.9
64;2021-06-28;1935;6070;414805;271724;60.7;39.8
64;2021-06-29;1967;6265;416772;277989;61.0;40.7
64;2021-06-30;2255;6000;419027;283989;61.3;41.6
64;2021-07-01;2406;5342;421433;289331;61.7;42.4
64;2021-07-02;2307;6406;423740;295737;62.0;43.3
64;2021-07-03;1263;3783;425003;299520;62.2;43.8
64;2021-07-04;411;847;425414;300367;62.3;44.0
64;2021-07-05;1376;5405;426790;305772;62.5;44.8
64;2021-07-06;1994;6151;428784;311923;62.8;45.7
64;2021-07-07;2062;5750;430846;317673;63.1;46.5
64;2021-07-08;1804;4397;432650;322070;63.3;47.1
64;2021-07-09;1825;6536;434475;328606;63.6;48.1
64;2021-07-10;1171;3881;435646;332487;63.8;48.7
64;2021-07-11;253;860;435899;333347;63.8;48.8
64;2021-07-12;1501;6086;437400;339433;64.0;49.7
64;2021-07-13;2366;7248;439766;346681;64.4;50.7
64;2021-07-14;2368;3407;442134;350088;64.7;51.2
64;2021-07-15;2105;5480;444239;355568;65.0;52.0
64;2021-07-16;2848;6777;447087;362345;65.4;53.0
64;2021-07-17;2338;4586;449425;366931;65.8;53.7
64;2021-07-18;716;2051;450141;368982;65.9;54.0
64;2021-07-19;2348;6122;452489;375104;66.2;54.9
64;2021-07-20;3130;6560;455619;381664;66.7;55.9
64;2021-07-21;3345;6046;458964;387710;67.2;56.8
64;2021-07-22;3808;5718;462772;393428;67.7;57.6
64;2021-07-23;3724;5620;466496;399048;68.3;58.4
64;2021-07-24;2553;4431;469049;403479;68.7;59.1
64;2021-07-25;754;1062;469803;404541;68.8;59.2
64;2021-07-26;3085;5131;472888;409672;69.2;60.0
64;2021-07-27;4260;5146;477148;414818;69.8;60.7
64;2021-07-28;4315;4599;481463;419417;70.5;61.4
64;2021-07-29;5518;3904;486981;423321;71.3;62.0
64;2021-07-30;5146;4234;492127;427555;72.0;62.6
64;2021-07-31;3171;3346;495298;430901;72.5;63.1
64;2021-08-01;1145;589;496443;431490;72.7;63.2
64;2021-08-02;4369;2631;500812;434121;73.3;63.5
64;2021-08-03;4557;3176;505369;437297;74.0;64.0
64;2021-08-04;4132;3000;509501;440297;74.6;64.4
64;2021-08-05;4037;2614;513538;442911;75.2;64.8
64;2021-08-06;3843;3338;517381;446249;75.7;65.3
64;2021-08-07;2481;2701;519862;448950;76.1;65.7
64;2021-08-08;492;609;520354;449559;76.2;65.8
64;2021-08-09;2739;3201;523093;452760;76.6;66.3
64;2021-08-10;3354;3436;526447;456196;77.1;66.8
64;2021-08-11;3068;3264;529515;459460;77.5;67.3
64;2021-08-12;3191;3307;532706;462767;78.0;67.7
64;2021-08-13;2575;3660;535281;466427;78.4;68.3
64;2021-08-14;1633;2684;536914;469111;78.6;68.7
64;2021-08-15;208;691;537122;469802;78.6;68.8
64;2021-08-16;2102;3236;539224;473038;78.9;69.2
64;2021-08-17;2299;3709;541523;476747;79.3;69.8
64;2021-08-18;2044;3521;543567;480268;79.6;70.3
64;2021-08-19;1938;3525;545505;483793;79.8;70.8
64;2021-08-20;1578;3975;547083;487768;80.1;71.4
64;2021-08-21;975;2882;548058;490650;80.2;71.8
64;2021-08-22;160;895;548218;491545;80.2;72.0
64;2021-08-23;1269;3238;549487;494783;80.4;72.4
64;2021-08-24;1378;4596;550865;499379;80.6;73.1
64;2021-08-25;1260;3747;552125;503126;80.8;73.6
64;2021-08-26;1111;3532;553236;506658;81.0;74.2
64;2021-08-27;1189;4230;554425;510888;81.2;74.8
64;2021-08-28;735;2496;555160;513384;81.3;75.1
64;2021-08-29;90;533;555250;513917;81.3;75.2
64;2021-08-30;989;3518;556239;517435;81.4;75.7
64;2021-08-31;990;3761;557229;521196;81.6;76.3
64;2021-09-01;932;2912;558161;524108;81.7;76.7
64;2021-09-02;900;2814;559061;526922;81.8;77.1
64;2021-09-03;874;2746;559935;529668;82.0;77.5
64;2021-09-04;698;2055;560633;531723;82.1;77.8
64;2021-09-05;74;206;560707;531929;82.1;77.9
64;2021-09-06;533;2130;561240;534059;82.2;78.2
64;2021-09-07;717;1937;561957;535996;82.3;78.5
64;2021-09-08;737;2539;562694;538535;82.4;78.8
64;2021-09-09;482;1720;563176;540255;82.4;79.1
64;2021-09-10;744;2057;563920;542312;82.5;79.4
64;2021-09-11;594;1973;564514;544285;82.6;79.7
64;2021-09-12;60;167;564574;544452;82.6;79.7
64;2021-09-13;441;1405;565015;545857;82.7;79.9
64;2021-09-14;489;1088;565504;546945;82.8;80.1
64;2021-09-15;689;1747;566193;548692;82.9;80.3
64;2021-09-16;486;844;566679;549536;82.9;80.4
64;2021-09-17;565;1353;567244;550889;83.0;80.6
64;2021-09-18;332;1258;567576;552147;83.1;80.8
64;2021-09-19;18;42;567594;552189;83.1;80.8
64;2021-09-20;248;481;567842;552670;83.1;80.9
64;2021-09-21;433;953;568275;553623;83.2;81.0
64;2021-09-22;380;1426;568655;555049;83.2;81.2
64;2021-09-23;278;730;568933;555779;83.3;81.4
64;2021-09-24;398;986;569331;556765;83.3;81.5
64;2021-09-25;298;1033;569629;557798;83.4;81.6
64;2021-09-26;0;4;569629;557802;83.4;81.6
64;2021-09-27;234;567;569863;558369;83.4;81.7
64;2021-09-28;260;671;570123;559040;83.5;81.8
64;2021-09-29;341;984;570464;560024;83.5;82.0
64;2021-09-30;257;440;570721;560464;83.5;82.0
64;2021-10-01;308;727;571029;561191;83.6;82.1
64;2021-10-02;214;566;571243;561757;83.6;82.2
64;2021-10-03;0;2;571243;561759;83.6;82.2
64;2021-10-04;239;425;571482;562184;83.7;82.3
64;2021-10-05;314;634;571796;562818;83.7;82.4
64;2021-10-06;406;910;572202;563728;83.8;82.5
64;2021-10-07;203;501;572405;564229;83.8;82.6
64;2021-10-08;315;706;572720;564935;83.8;82.7
64;2021-10-09;247;403;572967;565338;83.9;82.8
64;2021-10-10;0;8;572967;565346;83.9;82.8
64;2021-10-11;141;256;573108;565602;83.9;82.8
64;2021-10-12;263;611;573371;566213;83.9;82.9
65;2020-12-27;0;0;0;0;0.0;0.0
65;2020-12-28;1;1;1;1;0.0;0.0
65;2020-12-29;0;0;1;1;0.0;0.0
65;2020-12-30;0;0;1;1;0.0;0.0
65;2020-12-31;0;0;1;1;0.0;0.0
65;2021-01-01;1;1;2;2;0.0;0.0
65;2021-01-02;0;0;2;2;0.0;0.0
65;2021-01-03;0;0;2;2;0.0;0.0
65;2021-01-04;0;0;2;2;0.0;0.0
65;2021-01-05;1;0;3;2;0.0;0.0
65;2021-01-06;3;0;6;2;0.0;0.0
65;2021-01-07;168;0;174;2;0.1;0.0
65;2021-01-08;253;1;427;3;0.2;0.0
65;2021-01-09;177;2;604;5;0.3;0.0
65;2021-01-10;1;0;605;5;0.3;0.0
65;2021-01-11;275;3;880;8;0.4;0.0
65;2021-01-12;271;1;1151;9;0.5;0.0
65;2021-01-13;587;1;1738;10;0.8;0.0
65;2021-01-14;581;9;2319;19;1.0;0.0
65;2021-01-15;527;2;2846;21;1.3;0.0
65;2021-01-16;221;2;3067;23;1.4;0.0
65;2021-01-17;0;0;3067;23;1.4;0.0
65;2021-01-18;554;5;3621;28;1.6;0.0
65;2021-01-19;571;2;4192;30;1.8;0.0
65;2021-01-20;585;6;4777;36;2.1;0.0
65;2021-01-21;585;0;5362;36;2.4;0.0
65;2021-01-22;598;2;5960;38;2.6;0.0
65;2021-01-23;174;1;6134;39;2.7;0.0
65;2021-01-24;3;1;6137;40;2.7;0.0
65;2021-01-25;551;4;6688;44;2.9;0.0
65;2021-01-26;883;2;7571;46;3.3;0.0
65;2021-01-27;592;14;8163;60;3.6;0.0
65;2021-01-28;509;71;8672;131;3.8;0.1
65;2021-01-29;426;138;9098;269;4.0;0.1
65;2021-01-30;182;74;9280;343;4.1;0.2
65;2021-01-31;15;0;9295;343;4.1;0.2
65;2021-02-01;351;100;9646;443;4.3;0.2
65;2021-02-02;432;190;10078;633;4.4;0.3
65;2021-02-03;463;245;10541;878;4.6;0.4
65;2021-02-04;310;330;10851;1208;4.8;0.5
65;2021-02-05;284;362;11135;1570;4.9;0.7
65;2021-02-06;99;99;11234;1669;5.0;0.7
65;2021-02-07;10;0;11244;1669;5.0;0.7
65;2021-02-08;426;221;11670;1890;5.1;0.8
65;2021-02-09;272;379;11942;2269;5.3;1.0
65;2021-02-10;298;269;12240;2538;5.4;1.1
65;2021-02-11;320;275;12560;2813;5.5;1.2
65;2021-02-12;277;229;12837;3042;5.7;1.3
65;2021-02-13;126;97;12963;3139;5.7;1.4
65;2021-02-14;3;16;12966;3155;5.7;1.4
65;2021-02-15;203;412;13169;3567;5.8;1.6
65;2021-02-16;489;578;13658;4145;6.0;1.8
65;2021-02-17;231;500;13889;4645;6.1;2.0
65;2021-02-18;284;581;14173;5226;6.2;2.3
65;2021-02-19;156;478;14329;5704;6.3;2.5
65;2021-02-20;53;158;14382;5862;6.3;2.6
65;2021-02-21;3;48;14385;5910;6.3;2.6
65;2021-02-22;167;539;14552;6449;6.4;2.8
65;2021-02-23;249;527;14801;6976;6.5;3.1
65;2021-02-24;231;639;15032;7615;6.6;3.4
65;2021-02-25;215;183;15247;7798;6.7;3.4
65;2021-02-26;349;772;15596;8570;6.9;3.8
65;2021-02-27;109;204;15705;8774;6.9;3.9
65;2021-02-28;1;0;15706;8774;6.9;3.9
65;2021-03-01;379;373;16085;9147;7.1;4.0
65;2021-03-02;455;364;16540;9511;7.3;4.2
65;2021-03-03;381;390;16921;9901;7.5;4.4
65;2021-03-04;696;332;17617;10233;7.8;4.5
65;2021-03-05;679;286;18296;10519;8.1;4.6
65;2021-03-06;1187;89;19483;10608;8.6;4.7
65;2021-03-07;257;12;19740;10620;8.7;4.7
65;2021-03-08;412;345;20152;10965;8.9;4.8
65;2021-03-09;670;339;20822;11304;9.2;5.0
65;2021-03-10;624;371;21446;11675;9.5;5.1
65;2021-03-11;778;362;22224;12037;9.8;5.3
65;2021-03-12;1060;192;23284;12229;10.3;5.4
65;2021-03-13;356;93;23640;12322;10.4;5.4
65;2021-03-14;3;30;23643;12352;10.4;5.4
65;2021-03-15;816;188;24459;12540;10.8;5.5
65;2021-03-16;694;221;25153;12761;11.1;5.6
65;2021-03-17;712;209;25865;12970;11.4;5.7
65;2021-03-18;537;236;26402;13206;11.6;5.8
65;2021-03-19;878;164;27280;13370;12.0;5.9
65;2021-03-20;245;46;27525;13416;12.1;5.9
65;2021-03-21;12;2;27537;13418;12.1;5.9
65;2021-03-22;734;154;28271;13572;12.5;6.0
65;2021-03-23;838;369;29109;13941;12.8;6.1
65;2021-03-24;868;254;29977;14195;13.2;6.3
65;2021-03-25;1253;191;31230;14386;13.8;6.3
65;2021-03-26;1225;148;32455;14534;14.3;6.4
65;2021-03-27;1357;95;33812;14629;14.9;6.4
65;2021-03-28;1;2;33813;14631;14.9;6.4
65;2021-03-29;1490;362;35303;14993;15.6;6.6
65;2021-03-30;1357;407;36660;15400;16.2;6.8
65;2021-03-31;1208;372;37868;15772;16.7;7.0
65;2021-04-01;1509;399;39377;16171;17.4;7.1
65;2021-04-02;1685;289;41062;16460;18.1;7.3
65;2021-04-03;247;45;41309;16505;18.2;7.3
65;2021-04-04;4;2;41313;16507;18.2;7.3
65;2021-04-05;159;44;41472;16551;18.3;7.3
65;2021-04-06;1294;494;42766;17045;18.9;7.5
65;2021-04-07;1958;461;44724;17506;19.7;7.7
65;2021-04-08;1644;421;46368;17927;20.4;7.9
65;2021-04-09;1643;472;48011;18399;21.2;8.1
65;2021-04-10;1592;153;49603;18552;21.9;8.2
65;2021-04-11;3;0;49606;18552;21.9;8.2
65;2021-04-12;1352;737;50958;19289;22.5;8.5
65;2021-04-13;1584;596;52542;19885;23.2;8.8
65;2021-04-14;1905;745;54447;20630;24.0;9.1
65;2021-04-15;1701;677;56148;21307;24.8;9.4
65;2021-04-16;1824;530;57972;21837;25.6;9.6
65;2021-04-17;2156;133;60128;21970;26.5;9.7
65;2021-04-18;7;27;60135;21997;26.5;9.7
65;2021-04-19;1337;776;61472;22773;27.1;10.0
65;2021-04-20;1530;711;63002;23484;27.8;10.4
65;2021-04-21;1052;1049;64054;24533;28.2;10.8
65;2021-04-22;1647;729;65701;25262;29.0;11.1
65;2021-04-23;1160;1149;66861;26411;29.5;11.6
65;2021-04-24;1265;612;68126;27023;30.0;11.9
65;2021-04-25;31;15;68157;27038;30.0;11.9
65;2021-04-26;1610;1299;69767;28337;30.8;12.5
65;2021-04-27;1423;1342;71190;29679;31.4;13.1
65;2021-04-28;1731;1026;72921;30705;32.1;13.5
65;2021-04-29;1959;1038;74880;31743;33.0;14.0
65;2021-04-30;1782;926;76662;32669;33.8;14.4
65;2021-05-01;1574;233;78236;32902;34.5;14.5
65;2021-05-02;671;25;78907;32927;34.8;14.5
65;2021-05-03;1280;1620;80187;34547;35.3;15.2
65;2021-05-04;1537;1245;81724;35792;36.0;15.8
65;2021-05-05;1374;1648;83098;37440;36.6;16.5
65;2021-05-06;1558;1177;84656;38617;37.3;17.0
65;2021-05-07;1275;1571;85931;40188;37.9;17.7
65;2021-05-08;1647;443;87578;40631;38.6;17.9
65;2021-05-09;0;88;87578;40719;38.6;18.0
65;2021-05-10;953;1883;88531;42602;39.0;18.8
65;2021-05-11;1061;1808;89592;44410;39.5;19.6
65;2021-05-12;1236;1637;90828;46047;40.0;20.3
65;2021-05-13;1345;171;92173;46218;40.6;20.4
65;2021-05-14;1575;1094;93748;47312;41.3;20.9
65;2021-05-15;1402;509;95150;47821;41.9;21.1
65;2021-05-16;1444;70;96594;47891;42.6;21.1
65;2021-05-17;1036;1614;97630;49505;43.0;21.8
65;2021-05-18;1612;1207;99242;50712;43.7;22.4
65;2021-05-19;1684;1010;100926;51722;44.5;22.8
65;2021-05-20;1845;1054;102771;52776;45.3;23.3
65;2021-05-21;1790;1230;104561;54006;46.1;23.8
65;2021-05-22;1287;639;105848;54645;46.7;24.1
65;2021-05-23;689;32;106537;54677;47.0;24.1
65;2021-05-24;703;77;107240;54754;47.3;24.1
65;2021-05-25;1359;1547;108599;56301;47.9;24.8
65;2021-05-26;1471;1354;110070;57655;48.5;25.4
65;2021-05-27;1622;1464;111692;59119;49.2;26.1
65;2021-05-28;1598;1673;113290;60792;49.9;26.8
65;2021-05-29;1188;1515;114478;62307;50.5;27.5
65;2021-05-30;7;10;114485;62317;50.5;27.5
65;2021-05-31;1323;1298;115808;63615;51.1;28.0
65;2021-06-01;1832;937;117640;64552;51.9;28.5
65;2021-06-02;1574;950;119214;65502;52.6;28.9
65;2021-06-03;1343;1105;120557;66607;53.1;29.4
65;2021-06-04;1790;1560;122347;68167;53.9;30.1
65;2021-06-05;432;1240;122779;69407;54.1;30.6
65;2021-06-06;3;13;122782;69420;54.1;30.6
65;2021-06-07;675;1984;123457;71404;54.4;31.5
65;2021-06-08;956;1534;124413;72938;54.8;32.2
65;2021-06-09;828;1548;125241;74486;55.2;32.8
65;2021-06-10;739;1155;125980;75641;55.5;33.3
65;2021-06-11;909;1802;126889;77443;55.9;34.1
65;2021-06-12;150;640;127039;78083;56.0;34.4
65;2021-06-13;5;7;127044;78090;56.0;34.4
65;2021-06-14;501;2421;127545;80511;56.2;35.5
65;2021-06-15;942;1802;128487;82313;56.6;36.3
65;2021-06-16;1064;1365;129551;83678;57.1;36.9
65;2021-06-17;814;1046;130365;84724;57.5;37.3
65;2021-06-18;1019;1633;131384;86357;57.9;38.1
65;2021-06-19;690;1689;132074;88046;58.2;38.8
65;2021-06-20;2;2;132076;88048;58.2;38.8
65;2021-06-21;735;1941;132811;89989;58.5;39.7
65;2021-06-22;1045;1479;133856;91468;59.0;40.3
65;2021-06-23;1063;1234;134919;92702;59.5;40.9
65;2021-06-24;975;1143;135894;93845;59.9;41.4
65;2021-06-25;831;1968;136725;95813;60.3;42.2
65;2021-06-26;168;1658;136893;97471;60.3;43.0
65;2021-06-27;15;1100;136908;98571;60.4;43.5
65;2021-06-28;444;2301;137352;100872;60.6;44.5
65;2021-06-29;683;1921;138035;102793;60.9;45.3
65;2021-06-30;934;1678;138969;104471;61.3;46.1
65;2021-07-01;605;749;139574;105220;61.5;46.4
65;2021-07-02;1166;1732;140740;106952;62.0;47.1
65;2021-07-03;197;1915;140937;108867;62.1;48.0
65;2021-07-04;416;186;141353;109053;62.3;48.1
65;2021-07-05;641;1992;141994;111045;62.6;49.0
65;2021-07-06;897;2127;142891;113172;63.0;49.9
65;2021-07-07;978;1516;143869;114688;63.4;50.6
65;2021-07-08;328;664;144197;115352;63.6;50.9
65;2021-07-09;550;1594;144747;116946;63.8;51.6
65;2021-07-10;304;956;145051;117902;63.9;52.0
65;2021-07-11;0;0;145051;117902;63.9;52.0
65;2021-07-12;480;2220;145531;120122;64.2;53.0
65;2021-07-13;700;2148;146231;122270;64.5;53.9
65;2021-07-14;214;52;146445;122322;64.6;53.9
65;2021-07-15;1098;1664;147543;123986;65.0;54.7
65;2021-07-16;1186;1884;148729;125870;65.6;55.5
65;2021-07-17;431;541;149160;126411;65.8;55.7
65;2021-07-18;22;11;149182;126422;65.8;55.7
65;2021-07-19;635;1494;149817;127916;66.0;56.4
65;2021-07-20;1447;1704;151264;129620;66.7;57.1
65;2021-07-21;1420;1663;152684;131283;67.3;57.9
65;2021-07-22;2198;1291;154882;132574;68.3;58.4
65;2021-07-23;1623;1791;156505;134365;69.0;59.2
65;2021-07-24;1041;649;157546;135014;69.5;59.5
65;2021-07-25;24;21;157570;135035;69.5;59.5
65;2021-07-26;1142;1246;158712;136281;70.0;60.1
65;2021-07-27;1793;1954;160505;138235;70.8;60.9
65;2021-07-28;1603;1323;162108;139558;71.5;61.5
65;2021-07-29;2899;1139;165007;140697;72.7;62.0
65;2021-07-30;2449;1399;167456;142096;73.8;62.6
65;2021-07-31;2305;356;169761;142452;74.8;62.8
65;2021-08-01;14;16;169775;142468;74.8;62.8
65;2021-08-02;994;835;170769;143303;75.3;63.2
65;2021-08-03;2103;1071;172872;144374;76.2;63.6
65;2021-08-04;1803;642;174675;145016;77.0;63.9
65;2021-08-05;1821;833;176496;145849;77.8;64.3
65;2021-08-06;1666;975;178162;146824;78.5;64.7
65;2021-08-07;730;487;178892;147311;78.9;64.9
65;2021-08-08;2;9;178894;147320;78.9;64.9
65;2021-08-09;705;944;179599;148264;79.2;65.4
65;2021-08-10;1195;1544;180794;149808;79.7;66.0
65;2021-08-11;731;1265;181525;151073;80.0;66.6
65;2021-08-12;777;1085;182302;152158;80.4;67.1
65;2021-08-13;428;1011;182730;153169;80.6;67.5
65;2021-08-14;602;567;183332;153736;80.8;67.8
65;2021-08-15;8;19;183340;153755;80.8;67.8
65;2021-08-16;405;1538;183745;155293;81.0;68.5
65;2021-08-17;738;2178;184483;157471;81.3;69.4
65;2021-08-18;605;1545;185088;159016;81.6;70.1
65;2021-08-19;731;1319;185819;160335;81.9;70.7
65;2021-08-20;459;1336;186278;161671;82.1;71.3
65;2021-08-21;44;105;186322;161776;82.1;71.3
65;2021-08-22;11;13;186333;161789;82.1;71.3
65;2021-08-23;273;1681;186606;163470;82.3;72.1
65;2021-08-24;551;2445;187157;165915;82.5;73.1
65;2021-08-25;418;1959;187575;167874;82.7;74.0
65;2021-08-26;468;2308;188043;170182;82.9;75.0
65;2021-08-27;447;1949;188490;172131;83.1;75.9
65;2021-08-28;163;195;188653;172326;83.2;76.0
65;2021-08-29;9;18;188662;172344;83.2;76.0
65;2021-08-30;260;1029;188922;173373;83.3;76.4
65;2021-08-31;467;1506;189389;174879;83.5;77.1
65;2021-09-01;459;1077;189848;175956;83.7;77.6
65;2021-09-02;374;883;190222;176839;83.9;78.0
65;2021-09-03;453;1107;190675;177946;84.1;78.4
65;2021-09-04;166;847;190841;178793;84.1;78.8
65;2021-09-05;19;15;190860;178808;84.1;78.8
65;2021-09-06;278;499;191138;179307;84.3;79.0
65;2021-09-07;325;809;191463;180116;84.4;79.4
65;2021-09-08;356;762;191819;180878;84.6;79.7
65;2021-09-09;286;579;192105;181457;84.7;80.0
65;2021-09-10;385;719;192490;182176;84.9;80.3
65;2021-09-11;54;129;192544;182305;84.9;80.4
65;2021-09-12;1;2;192545;182307;84.9;80.4
65;2021-09-13;210;307;192755;182614;85.0;80.5
65;2021-09-14;191;364;192946;182978;85.1;80.7
65;2021-09-15;250;639;193196;183617;85.2;80.9
65;2021-09-16;140;214;193336;183831;85.2;81.0
65;2021-09-17;280;525;193616;184356;85.4;81.3
65;2021-09-18;98;269;193714;184625;85.4;81.4
65;2021-09-19;2;13;193716;184638;85.4;81.4
65;2021-09-20;110;234;193826;184872;85.4;81.5
65;2021-09-21;110;258;193936;185130;85.5;81.6
65;2021-09-22;153;680;194089;185810;85.6;81.9
65;2021-09-23;65;158;194154;185968;85.6;82.0
65;2021-09-24;170;556;194324;186524;85.7;82.2
65;2021-09-25;73;218;194397;186742;85.7;82.3
65;2021-09-26;3;0;194400;186742;85.7;82.3
65;2021-09-27;62;263;194462;187005;85.7;82.4
65;2021-09-28;85;280;194547;187285;85.8;82.6
65;2021-09-29;131;419;194678;187704;85.8;82.7
65;2021-09-30;44;124;194722;187828;85.8;82.8
65;2021-10-01;166;399;194888;188227;85.9;83.0
65;2021-10-02;19;66;194907;188293;85.9;83.0
65;2021-10-03;0;7;194907;188300;85.9;83.0
65;2021-10-04;121;269;195028;188569;86.0;83.1
65;2021-10-05;63;179;195091;188748;86.0;83.2
65;2021-10-06;174;346;195265;189094;86.1;83.4
65;2021-10-07;73;177;195338;189271;86.1;83.4
65;2021-10-08;179;406;195517;189677;86.2;83.6
65;2021-10-09;17;23;195534;189700;86.2;83.6
65;2021-10-10;0;6;195534;189706;86.2;83.6
65;2021-10-11;100;205;195634;189911;86.2;83.7
65;2021-10-12;32;107;195666;190018;86.3;83.8
66;2020-12-27;0;0;0;0;0.0;0.0
66;2020-12-28;2;0;2;0;0.0;0.0
66;2020-12-29;0;0;2;0;0.0;0.0
66;2020-12-30;0;0;2;0;0.0;0.0
66;2020-12-31;1;0;3;0;0.0;0.0
66;2021-01-01;3;0;6;0;0.0;0.0
66;2021-01-02;0;0;6;0;0.0;0.0
66;2021-01-03;0;0;6;0;0.0;0.0
66;2021-01-04;30;0;36;0;0.0;0.0
66;2021-01-05;135;0;171;0;0.0;0.0
66;2021-01-06;194;0;365;0;0.1;0.0
66;2021-01-07;182;0;547;0;0.1;0.0
66;2021-01-08;212;0;759;0;0.2;0.0
66;2021-01-09;233;0;992;0;0.2;0.0
66;2021-01-10;11;0;1003;0;0.2;0.0
66;2021-01-11;404;2;1407;2;0.3;0.0
66;2021-01-12;588;2;1995;4;0.4;0.0
66;2021-01-13;877;9;2872;13;0.6;0.0
66;2021-01-14;892;12;3764;25;0.8;0.0
66;2021-01-15;588;2;4352;27;0.9;0.0
66;2021-01-16;106;3;4458;30;0.9;0.0
66;2021-01-17;46;1;4504;31;0.9;0.0
66;2021-01-18;654;3;5158;34;1.1;0.0
66;2021-01-19;720;3;5878;37;1.2;0.0
66;2021-01-20;1169;4;7047;41;1.5;0.0
66;2021-01-21;2398;7;9445;48;2.0;0.0
66;2021-01-22;1438;10;10883;58;2.3;0.0
66;2021-01-23;399;4;11282;62;2.4;0.0
66;2021-01-24;225;9;11507;71;2.4;0.0
66;2021-01-25;739;40;12246;111;2.6;0.0
66;2021-01-26;787;66;13033;177;2.7;0.0
66;2021-01-27;867;104;13900;281;2.9;0.1
66;2021-01-28;878;130;14778;411;3.1;0.1
66;2021-01-29;820;129;15598;540;3.3;0.1
66;2021-01-30;481;68;16079;608;3.4;0.1
66;2021-01-31;202;27;16281;635;3.4;0.1
66;2021-02-01;562;188;16843;823;3.5;0.2
66;2021-02-02;622;289;17465;1112;3.6;0.2
66;2021-02-03;734;628;18199;1740;3.8;0.4
66;2021-02-04;688;620;18887;2360;3.9;0.5
66;2021-02-05;778;414;19665;2774;4.1;0.6
66;2021-02-06;420;147;20085;2921;4.2;0.6
66;2021-02-07;170;140;20255;3061;4.2;0.6
66;2021-02-08;502;391;20757;3452;4.3;0.7
66;2021-02-09;533;400;21290;3852;4.4;0.8
66;2021-02-10;621;769;21911;4621;4.6;1.0
66;2021-02-11;1104;1569;23015;6190;4.8;1.3
66;2021-02-12;1122;1202;24137;7392;5.0;1.5
66;2021-02-13;367;302;24504;7694;5.1;1.6
66;2021-02-14;111;196;24615;7890;5.1;1.6
66;2021-02-15;425;694;25040;8584;5.2;1.8
66;2021-02-16;304;785;25344;9369;5.3;2.0
66;2021-02-17;377;697;25721;10066;5.4;2.1
66;2021-02-18;366;769;26087;10835;5.4;2.3
66;2021-02-19;400;703;26487;11538;5.5;2.4
66;2021-02-20;184;408;26671;11946;5.6;2.5
66;2021-02-21;41;169;26712;12115;5.6;2.5
66;2021-02-22;415;638;27127;12753;5.7;2.7
66;2021-02-23;509;664;27636;13417;5.8;2.8
66;2021-02-24;347;754;27983;14171;5.8;3.0
66;2021-02-25;717;712;28700;14883;6.0;3.1
66;2021-02-26;954;746;29654;15629;6.2;3.3
66;2021-02-27;363;428;30017;16057;6.3;3.4
66;2021-02-28;59;172;30076;16229;6.3;3.4
66;2021-03-01;378;650;30454;16879;6.4;3.5
66;2021-03-02;336;658;30790;17537;6.4;3.7
66;2021-03-03;531;645;31321;18182;6.5;3.8
66;2021-03-04;991;1060;32312;19242;6.7;4.0
66;2021-03-05;1528;799;33840;20041;7.1;4.2
66;2021-03-06;1147;347;34987;20388;7.3;4.3
66;2021-03-07;1098;100;36085;20488;7.5;4.3
66;2021-03-08;696;545;36781;21033;7.7;4.4
66;2021-03-09;1228;597;38009;21630;7.9;4.5
66;2021-03-10;1303;505;39312;22135;8.2;4.6
66;2021-03-11;1474;592;40786;22727;8.5;4.7
66;2021-03-12;2396;580;43182;23307;9.0;4.9
66;2021-03-13;1081;308;44263;23615;9.2;4.9
66;2021-03-14;192;84;44455;23699;9.3;4.9
66;2021-03-15;1109;395;45564;24094;9.5;5.0
66;2021-03-16;953;259;46517;24353;9.7;5.1
66;2021-03-17;866;398;47383;24751;9.9;5.2
66;2021-03-18;970;346;48353;25097;10.1;5.2
66;2021-03-19;1293;322;49646;25419;10.4;5.3
66;2021-03-20;837;125;50483;25544;10.5;5.3
66;2021-03-21;186;45;50669;25589;10.6;5.3
66;2021-03-22;1115;397;51784;25986;10.8;5.4
66;2021-03-23;1756;389;53540;26375;11.2;5.5
66;2021-03-24;1797;521;55337;26896;11.6;5.6
66;2021-03-25;2537;474;57874;27370;12.1;5.7
66;2021-03-26;2577;370;60451;27740;12.6;5.8
66;2021-03-27;1211;303;61662;28043;12.9;5.9
66;2021-03-28;321;3;61983;28046;12.9;5.9
66;2021-03-29;1831;262;63814;28308;13.3;5.9
66;2021-03-30;2241;176;66055;28484;13.8;5.9
66;2021-03-31;1987;252;68042;28736;14.2;6.0
66;2021-04-01;2674;305;70716;29041;14.8;6.1
66;2021-04-02;2421;261;73137;29302;15.3;6.1
66;2021-04-03;1148;335;74285;29637;15.5;6.2
66;2021-04-04;107;125;74392;29762;15.5;6.2
66;2021-04-05;197;144;74589;29906;15.6;6.2
66;2021-04-06;1334;650;75923;30556;15.9;6.4
66;2021-04-07;1399;598;77322;31154;16.1;6.5
66;2021-04-08;2070;550;79392;31704;16.6;6.6
66;2021-04-09;3507;691;82899;32395;17.3;6.8
66;2021-04-10;2308;527;85207;32922;17.8;6.9
66;2021-04-11;1202;171;86409;33093;18.0;6.9
66;2021-04-12;2703;1026;89112;34119;18.6;7.1
66;2021-04-13;3609;1064;92721;35183;19.4;7.3
66;2021-04-14;3292;926;96013;36109;20.0;7.5
66;2021-04-15;3557;1054;99570;37163;20.8;7.8
66;2021-04-16;3592;1039;103162;38202;21.5;8.0
66;2021-04-17;2263;593;105425;38795;22.0;8.1
66;2021-04-18;1445;132;106870;38927;22.3;8.1
66;2021-04-19;2256;1125;109126;40052;22.8;8.4
66;2021-04-20;2373;1079;111499;41131;23.3;8.6
66;2021-04-21;2871;1181;114370;42312;23.9;8.8
66;2021-04-22;2662;1236;117032;43548;24.4;9.1
66;2021-04-23;2379;1236;119411;44784;24.9;9.3
66;2021-04-24;2743;882;122154;45666;25.5;9.5
66;2021-04-25;1206;267;123360;45933;25.8;9.6
66;2021-04-26;1998;1254;125358;47187;26.2;9.9
66;2021-04-27;2748;1311;128106;48498;26.7;10.1
66;2021-04-28;2420;1658;130526;50156;27.2;10.5
66;2021-04-29;2704;2133;133230;52289;27.8;10.9
66;2021-04-30;3053;1559;136283;53848;28.5;11.2
66;2021-05-01;2000;470;138283;54318;28.9;11.3
66;2021-05-02;1529;264;139812;54582;29.2;11.4
66;2021-05-03;2940;1112;142752;55694;29.8;11.6
66;2021-05-04;3169;1343;145921;57037;30.5;11.9
66;2021-05-05;3055;1549;148976;58586;31.1;12.2
66;2021-05-06;3755;2092;152731;60678;31.9;12.7
66;2021-05-07;2967;3080;155698;63758;32.5;13.3
66;2021-05-08;1730;1170;157428;64928;32.9;13.6
66;2021-05-09;886;1369;158314;66297;33.1;13.8
66;2021-05-10;1802;2970;160116;69267;33.4;14.5
66;2021-05-11;2741;3129;162857;72396;34.0;15.1
66;2021-05-12;2432;2569;165289;74965;34.5;15.7
66;2021-05-13;2259;1386;167548;76351;35.0;15.9
66;2021-05-14;2770;2119;170318;78470;35.6;16.4
66;2021-05-15;2326;1576;172644;80046;36.0;16.7
66;2021-05-16;2286;1246;174930;81292;36.5;17.0
66;2021-05-17;2051;1825;176981;83117;36.9;17.4
66;2021-05-18;3237;1808;180218;84925;37.6;17.7
66;2021-05-19;2876;1340;183094;86265;38.2;18.0
66;2021-05-20;4372;1445;187466;87710;39.1;18.3
66;2021-05-21;3268;1463;190734;89173;39.8;18.6
66;2021-05-22;3066;779;193800;89952;40.5;18.8
66;2021-05-23;1509;236;195309;90188;40.8;18.8
66;2021-05-24;1953;427;197262;90615;41.2;18.9
66;2021-05-25;2795;1689;200057;92304;41.8;19.3
66;2021-05-26;2778;1492;202835;93796;42.3;19.6
66;2021-05-27;3384;2248;206219;96044;43.1;20.1
66;2021-05-28;2683;3049;208902;99093;43.6;20.7
66;2021-05-29;2145;1520;211047;100613;44.1;21.0
66;2021-05-30;786;988;211833;101601;44.2;21.2
66;2021-05-31;2124;1774;213957;103375;44.7;21.6
66;2021-06-01;2636;2005;216593;105380;45.2;22.0
66;2021-06-02;2806;2338;219399;107718;45.8;22.5
66;2021-06-03;2488;2967;221887;110685;46.3;23.1
66;2021-06-04;1958;3355;223845;114040;46.7;23.8
66;2021-06-05;1409;2601;225254;116641;47.0;24.4
66;2021-06-06;294;1228;225548;117869;47.1;24.6
66;2021-06-07;1335;2957;226883;120826;47.4;25.2
66;2021-06-08;1736;3020;228619;123846;47.7;25.9
66;2021-06-09;2065;2787;230684;126633;48.2;26.4
66;2021-06-10;2085;2964;232769;129597;48.6;27.1
66;2021-06-11;2098;3859;234867;133456;49.0;27.9
66;2021-06-12;871;2411;235738;135867;49.2;28.4
66;2021-06-13;516;1333;236254;137200;49.3;28.6
66;2021-06-14;1360;3497;237614;140697;49.6;29.4
66;2021-06-15;2131;3573;239745;144270;50.1;30.1
66;2021-06-16;1792;3569;241537;147839;50.4;30.9
66;2021-06-17;2441;3608;243978;151447;50.9;31.6
66;2021-06-18;2225;3824;246203;155271;51.4;32.4
66;2021-06-19;1542;2320;247745;157591;51.7;32.9
66;2021-06-20;998;1267;248743;158858;51.9;33.2
66;2021-06-21;1163;2879;249906;161737;52.2;33.8
66;2021-06-22;1510;3762;251416;165499;52.5;34.6
66;2021-06-23;1325;3027;252741;168526;52.8;35.2
66;2021-06-24;1527;3227;254268;171753;53.1;35.9
66;2021-06-25;1404;3536;255672;175289;53.4;36.6
66;2021-06-26;962;2680;256634;177969;53.6;37.2
66;2021-06-27;677;1557;257311;179526;53.7;37.5
66;2021-06-28;980;2975;258291;182501;53.9;38.1
66;2021-06-29;1148;3797;259439;186298;54.2;38.9
66;2021-06-30;1278;3306;260717;189604;54.4;39.6
66;2021-07-01;1453;4047;262170;193651;54.7;40.4
66;2021-07-02;1349;3603;263519;197254;55.0;41.2
66;2021-07-03;1152;3899;264671;201153;55.3;42.0
66;2021-07-04;715;1790;265386;202943;55.4;42.4
66;2021-07-05;1293;3005;266679;205948;55.7;43.0
66;2021-07-06;1458;3785;268137;209733;56.0;43.8
66;2021-07-07;1430;3248;269567;212981;56.3;44.5
66;2021-07-08;1386;3384;270953;216365;56.6;45.2
66;2021-07-09;1450;3465;272403;219830;56.9;45.9
66;2021-07-10;1005;2403;273408;222233;57.1;46.4
66;2021-07-11;540;1540;273948;223773;57.2;46.7
66;2021-07-12;1021;3645;274969;227418;57.4;47.5
66;2021-07-13;2223;4263;277192;231681;57.9;48.4
66;2021-07-14;1953;1243;279145;232924;58.3;48.6
66;2021-07-15;2801;3111;281946;236035;58.9;49.3
66;2021-07-16;3410;3214;285356;239249;59.6;49.9
66;2021-07-17;2123;2033;287479;241282;60.0;50.4
66;2021-07-18;1197;1063;288676;242345;60.3;50.6
66;2021-07-19;2794;3083;291470;245428;60.8;51.2
66;2021-07-20;3654;2887;295124;248315;61.6;51.8
66;2021-07-21;3962;2955;299086;251270;62.4;52.5
66;2021-07-22;3917;2821;303003;254091;63.3;53.0
66;2021-07-23;3914;3033;306917;257124;64.1;53.7
66;2021-07-24;2584;1923;309501;259047;64.6;54.1
66;2021-07-25;2020;1241;311521;260288;65.0;54.3
66;2021-07-26;2865;2629;314386;262917;65.6;54.9
66;2021-07-27;3231;2889;317617;265806;66.3;55.5
66;2021-07-28;3355;2583;320972;268389;67.0;56.0
66;2021-07-29;3864;2536;324836;270925;67.8;56.6
66;2021-07-30;4233;2476;329069;273401;68.7;57.1
66;2021-07-31;2231;1716;331300;275117;69.2;57.4
66;2021-08-01;1821;900;333121;276017;69.5;57.6
66;2021-08-02;2391;1919;335512;277936;70.0;58.0
66;2021-08-03;2623;2075;338135;280011;70.6;58.5
66;2021-08-04;2646;1996;340781;282007;71.1;58.9
66;2021-08-05;2444;2439;343225;284446;71.7;59.4
66;2021-08-06;2339;2648;345564;287094;72.1;59.9
66;2021-08-07;1506;2099;347070;289193;72.5;60.4
66;2021-08-08;613;1458;347683;290651;72.6;60.7
66;2021-08-09;1356;2800;349039;293451;72.9;61.3
66;2021-08-10;1648;3075;350687;296526;73.2;61.9
66;2021-08-11;1628;3021;352315;299547;73.6;62.5
66;2021-08-12;1678;2991;353993;302538;73.9;63.2
66;2021-08-13;1473;2984;355466;305522;74.2;63.8
66;2021-08-14;658;2508;356124;308030;74.3;64.3
66;2021-08-15;136;1629;356260;309659;74.4;64.6
66;2021-08-16;1281;2594;357541;312253;74.6;65.2
66;2021-08-17;1496;2980;359037;315233;75.0;65.8
66;2021-08-18;1348;3073;360385;318306;75.2;66.5
66;2021-08-19;1113;2925;361498;321231;75.5;67.1
66;2021-08-20;1019;3324;362517;324555;75.7;67.8
66;2021-08-21;594;2014;363111;326569;75.8;68.2
66;2021-08-22;233;1352;363344;327921;75.9;68.5
66;2021-08-23;1158;2764;364502;330685;76.1;69.0
66;2021-08-24;1064;2952;365566;333637;76.3;69.7
66;2021-08-25;914;2301;366480;335938;76.5;70.1
66;2021-08-26;960;2186;367440;338124;76.7;70.6
66;2021-08-27;917;2366;368357;340490;76.9;71.1
66;2021-08-28;514;1137;368871;341627;77.0;71.3
66;2021-08-29;245;333;369116;341960;77.1;71.4
66;2021-08-30;838;2542;369954;344502;77.2;71.9
66;2021-08-31;835;2656;370789;347158;77.4;72.5
66;2021-09-01;734;1925;371523;349083;77.6;72.9
66;2021-09-02;671;1518;372194;350601;77.7;73.2
66;2021-09-03;717;1747;372911;352348;77.9;73.6
66;2021-09-04;722;1602;373633;353950;78.0;73.9
66;2021-09-05;205;261;373838;354211;78.0;73.9
66;2021-09-06;431;1338;374269;355549;78.1;74.2
66;2021-09-07;378;1177;374647;356726;78.2;74.5
66;2021-09-08;558;1309;375205;358035;78.3;74.7
66;2021-09-09;467;1107;375672;359142;78.4;75.0
66;2021-09-10;495;1159;376167;360301;78.5;75.2
66;2021-09-11;516;1172;376683;361473;78.6;75.5
66;2021-09-12;94;135;376777;361608;78.7;75.5
66;2021-09-13;339;1029;377116;362637;78.7;75.7
66;2021-09-14;385;904;377501;363541;78.8;75.9
66;2021-09-15;477;958;377978;364499;78.9;76.1
66;2021-09-16;390;795;378368;365294;79.0;76.3
66;2021-09-17;340;770;378708;366064;79.1;76.4
66;2021-09-18;358;1099;379066;367163;79.1;76.7
66;2021-09-19;77;241;379143;367404;79.2;76.7
66;2021-09-20;291;672;379434;368076;79.2;76.8
66;2021-09-21;308;585;379742;368661;79.3;77.0
66;2021-09-22;316;792;380058;369453;79.3;77.1
66;2021-09-23;236;508;380294;369961;79.4;77.2
66;2021-09-24;360;772;380654;370733;79.5;77.4
66;2021-09-25;217;941;380871;371674;79.5;77.6
66;2021-09-26;63;213;380934;371887;79.5;77.6
66;2021-09-27;186;498;381120;372385;79.6;77.7
66;2021-09-28;246;545;381366;372930;79.6;77.9
66;2021-09-29;232;576;381598;373506;79.7;78.0
66;2021-09-30;335;454;381933;373960;79.7;78.1
66;2021-10-01;293;519;382226;374479;79.8;78.2
66;2021-10-02;277;620;382503;375099;79.9;78.3
66;2021-10-03;81;125;382584;375224;79.9;78.3
66;2021-10-04;223;373;382807;375597;79.9;78.4
66;2021-10-05;241;444;383048;376041;80.0;78.5
66;2021-10-06;192;378;383240;376419;80.0;78.6
66;2021-10-07;234;458;383474;376877;80.1;78.7
66;2021-10-08;278;554;383752;377431;80.1;78.8
66;2021-10-09;313;538;384065;377969;80.2;78.9
66;2021-10-10;4;12;384069;377981;80.2;78.9
66;2021-10-11;197;395;384266;378376;80.2;79.0
66;2021-10-12;221;341;384487;378717;80.3;79.1
67;2020-12-27;18;1;18;1;0.0;0.0
67;2020-12-28;4;0;22;1;0.0;0.0
67;2020-12-29;2;0;24;1;0.0;0.0
67;2020-12-30;0;0;24;1;0.0;0.0
67;2020-12-31;1;0;25;1;0.0;0.0
67;2021-01-01;6;1;31;2;0.0;0.0
67;2021-01-02;1;0;32;2;0.0;0.0
67;2021-01-03;1;0;33;2;0.0;0.0
67;2021-01-04;43;0;76;2;0.0;0.0
67;2021-01-05;167;7;243;9;0.0;0.0
67;2021-01-06;121;0;364;9;0.0;0.0
67;2021-01-07;235;1;599;10;0.1;0.0
67;2021-01-08;235;1;834;11;0.1;0.0
67;2021-01-09;113;1;947;12;0.1;0.0
67;2021-01-10;67;0;1014;12;0.1;0.0
67;2021-01-11;184;1;1198;13;0.1;0.0
67;2021-01-12;511;2;1709;15;0.2;0.0
67;2021-01-13;660;4;2369;19;0.2;0.0
67;2021-01-14;1096;14;3465;33;0.3;0.0
67;2021-01-15;942;8;4407;41;0.4;0.0
67;2021-01-16;199;4;4606;45;0.4;0.0
67;2021-01-17;101;2;4707;47;0.4;0.0
67;2021-01-18;903;4;5610;51;0.5;0.0
67;2021-01-19;1423;5;7033;56;0.6;0.0
67;2021-01-20;1855;14;8888;70;0.8;0.0
67;2021-01-21;2218;12;11106;82;1.0;0.0
67;2021-01-22;1995;10;13101;92;1.2;0.0
67;2021-01-23;814;6;13915;98;1.2;0.0
67;2021-01-24;380;1;14295;99;1.3;0.0
67;2021-01-25;526;31;14821;130;1.3;0.0
67;2021-01-26;164;110;14985;240;1.3;0.0
67;2021-01-27;1404;141;16389;381;1.4;0.0
67;2021-01-28;3060;233;19449;614;1.7;0.1
67;2021-01-29;2034;168;21483;782;1.9;0.1
67;2021-01-30;1098;82;22581;864;2.0;0.1
67;2021-01-31;1163;32;23744;896;2.1;0.1
67;2021-02-01;3398;253;27142;1149;2.4;0.1
67;2021-02-02;2695;429;29837;1578;2.6;0.1
67;2021-02-03;1578;401;31415;1979;2.8;0.2
67;2021-02-04;1197;755;32612;2734;2.9;0.2
67;2021-02-05;1195;638;33807;3372;3.0;0.3
67;2021-02-06;799;151;34606;3523;3.1;0.3
67;2021-02-07;292;44;34898;3567;3.1;0.3
67;2021-02-08;839;448;35737;4015;3.2;0.4
67;2021-02-09;963;730;36700;4745;3.2;0.4
67;2021-02-10;934;795;37634;5540;3.3;0.5
67;2021-02-11;1152;1130;38786;6670;3.4;0.6
67;2021-02-12;1245;780;40031;7450;3.5;0.7
67;2021-02-13;767;280;40798;7730;3.6;0.7
67;2021-02-14;244;94;41042;7824;3.6;0.7
67;2021-02-15;782;840;41824;8664;3.7;0.8
67;2021-02-16;932;1140;42756;9804;3.8;0.9
67;2021-02-17;786;1186;43542;10990;3.8;1.0
67;2021-02-18;1402;2568;44944;13558;4.0;1.2
67;2021-02-19;1376;2103;46320;15661;4.1;1.4
67;2021-02-20;634;898;46954;16559;4.1;1.5
67;2021-02-21;209;1195;47163;17754;4.2;1.6
67;2021-02-22;1401;2170;48564;19924;4.3;1.8
67;2021-02-23;1461;1561;50025;21485;4.4;1.9
67;2021-02-24;1439;1054;51464;22539;4.5;2.0
67;2021-02-25;1619;1474;53083;24013;4.7;2.1
67;2021-02-26;2227;1412;55310;25425;4.9;2.2
67;2021-02-27;1260;784;56570;26209;5.0;2.3
67;2021-02-28;148;365;56718;26574;5.0;2.3
67;2021-03-01;640;998;57358;27572;5.1;2.4
67;2021-03-02;898;1202;58256;28774;5.1;2.5
67;2021-03-03;1412;1279;59668;30053;5.3;2.7
67;2021-03-04;1963;1064;61631;31117;5.4;2.7
67;2021-03-05;3258;1110;64889;32227;5.7;2.8
67;2021-03-06;2337;775;67226;33002;5.9;2.9
67;2021-03-07;468;283;67694;33285;6.0;2.9
67;2021-03-08;1188;792;68882;34077;6.1;3.0
67;2021-03-09;2227;906;71109;34983;6.3;3.1
67;2021-03-10;2456;1191;73565;36174;6.5;3.2
67;2021-03-11;3208;1368;76773;37542;6.8;3.3
67;2021-03-12;5264;1391;82037;38933;7.2;3.4
67;2021-03-13;3998;902;86035;39835;7.6;3.5
67;2021-03-14;483;390;86518;40225;7.6;3.6
67;2021-03-15;2192;1162;88710;41387;7.8;3.7
67;2021-03-16;1552;1238;90262;42625;8.0;3.8
67;2021-03-17;2072;925;92334;43550;8.2;3.8
67;2021-03-18;2391;740;94725;44290;8.4;3.9
67;2021-03-19;3673;757;98398;45047;8.7;4.0
67;2021-03-20;3064;514;101462;45561;9.0;4.0
67;2021-03-21;338;17;101800;45578;9.0;4.0
67;2021-03-22;2332;781;104132;46359;9.2;4.1
67;2021-03-23;3403;779;107535;47138;9.5;4.2
67;2021-03-24;3911;812;111446;47950;9.8;4.2
67;2021-03-25;5315;543;116761;48493;10.3;4.3
67;2021-03-26;6870;484;123631;48977;10.9;4.3
67;2021-03-27;3927;348;127558;49325;11.3;4.4
67;2021-03-28;580;101;128138;49426;11.3;4.4
67;2021-03-29;3824;430;131962;49856;11.7;4.4
67;2021-03-30;4848;677;136810;50533;12.1;4.5
67;2021-03-31;4849;709;141659;51242;12.5;4.5
67;2021-04-01;5149;932;146808;52174;13.0;4.6
67;2021-04-02;1009;177;147817;52351;13.1;4.6
67;2021-04-03;1689;286;149506;52637;13.2;4.6
67;2021-04-04;328;6;149834;52643;13.2;4.6
67;2021-04-05;371;5;150205;52648;13.3;4.6
67;2021-04-06;3483;1189;153688;53837;13.6;4.8
67;2021-04-07;4533;1287;158221;55124;14.0;4.9
67;2021-04-08;5664;1414;163885;56538;14.5;5.0
67;2021-04-09;7111;1360;170996;57898;15.1;5.1
67;2021-04-10;4334;902;175330;58800;15.5;5.2
67;2021-04-11;857;428;176187;59228;15.6;5.2
67;2021-04-12;3886;1414;180073;60642;15.9;5.4
67;2021-04-13;4890;1583;184963;62225;16.3;5.5
67;2021-04-14;5297;1916;190260;64141;16.8;5.7
67;2021-04-15;6083;2112;196343;66253;17.3;5.8
67;2021-04-16;7836;2436;204179;68689;18.0;6.1
67;2021-04-17;4010;1582;208189;70271;18.4;6.2
67;2021-04-18;1111;646;209300;70917;18.5;6.3
67;2021-04-19;3630;2147;212930;73064;18.8;6.5
67;2021-04-20;4257;1930;217187;74994;19.2;6.6
67;2021-04-21;4071;2516;221258;77510;19.5;6.8
67;2021-04-22;4478;2926;225736;80436;19.9;7.1
67;2021-04-23;5257;3014;230993;83450;20.4;7.4
67;2021-04-24;3101;2023;234094;85473;20.7;7.5
67;2021-04-25;1027;452;235121;85925;20.8;7.6
67;2021-04-26;3190;2618;238311;88543;21.0;7.8
67;2021-04-27;4023;2928;242334;91471;21.4;8.1
67;2021-04-28;4255;3438;246589;94909;21.8;8.4
67;2021-04-29;5125;3518;251714;98427;22.2;8.7
67;2021-04-30;7183;2496;258897;100923;22.9;8.9
67;2021-05-01;2685;793;261582;101716;23.1;9.0
67;2021-05-02;2181;682;263763;102398;23.3;9.0
67;2021-05-03;5561;2619;269324;105017;23.8;9.3
67;2021-05-04;5854;3616;275178;108633;24.3;9.6
67;2021-05-05;5221;4206;280399;112839;24.8;10.0
67;2021-05-06;6714;4928;287113;117767;25.3;10.4
67;2021-05-07;6436;6931;293549;124698;25.9;11.0
67;2021-05-08;3575;1023;297124;125721;26.2;11.1
67;2021-05-09;3366;594;300490;126315;26.5;11.2
67;2021-05-10;4698;4532;305188;130847;26.9;11.6
67;2021-05-11;5649;4932;310837;135779;27.4;12.0
67;2021-05-12;6597;4847;317434;140626;28.0;12.4
67;2021-05-13;7310;1674;324744;142300;28.7;12.6
67;2021-05-14;8880;5358;333624;147658;29.5;13.0
67;2021-05-15;8198;3657;341822;151315;30.2;13.4
67;2021-05-16;6176;969;347998;152284;30.7;13.4
67;2021-05-17;5689;3884;353687;156168;31.2;13.8
67;2021-05-18;6896;3976;360583;160144;31.8;14.1
67;2021-05-19;7376;4167;367959;164311;32.5;14.5
67;2021-05-20;8681;4233;376640;168544;33.3;14.9
67;2021-05-21;8156;5859;384796;174403;34.0;15.4
67;2021-05-22;5933;3420;390729;177823;34.5;15.7
67;2021-05-23;2656;593;393385;178416;34.7;15.8
67;2021-05-24;4415;865;397800;179281;35.1;15.8
67;2021-05-25;5412;4767;403212;184048;35.6;16.2
67;2021-05-26;6063;4876;409275;188924;36.1;16.7
67;2021-05-27;7310;4900;416585;193824;36.8;17.1
67;2021-05-28;7965;6503;424550;200327;37.5;17.7
67;2021-05-29;6646;3871;431196;204198;38.1;18.0
67;2021-05-30;1147;809;432343;205007;38.2;18.1
67;2021-05-31;6405;4058;438748;209065;38.7;18.5
67;2021-06-01;7327;4407;446075;213472;39.4;18.8
67;2021-06-02;8066;4182;454141;217654;40.1;19.2
67;2021-06-03;8841;4866;462982;222520;40.9;19.6
67;2021-06-04;8594;6140;471576;228660;41.6;20.2
67;2021-06-05;6548;3983;478124;232643;42.2;20.5
67;2021-06-06;3468;875;481592;233518;42.5;20.6
67;2021-06-07;7407;4259;488999;237777;43.2;21.0
67;2021-06-08;8616;4931;497615;242708;43.9;21.4
67;2021-06-09;9258;4794;506873;247502;44.8;21.9
67;2021-06-10;9770;5021;516643;252523;45.6;22.3
67;2021-06-11;8065;8324;524708;260847;46.3;23.0
67;2021-06-12;6789;5203;531497;266050;46.9;23.5
67;2021-06-13;3105;1044;534602;267094;47.2;23.6
67;2021-06-14;5504;6460;540106;273554;47.7;24.2
67;2021-06-15;6688;6753;546794;280307;48.3;24.7
67;2021-06-16;6950;6698;553744;287005;48.9;25.3
67;2021-06-17;7275;9044;561019;296049;49.5;26.1
67;2021-06-18;7600;8506;568619;304555;50.2;26.9
67;2021-06-19;6386;5960;575005;310515;50.8;27.4
67;2021-06-20;1446;1411;576451;311926;50.9;27.5
67;2021-06-21;4266;6775;580717;318701;51.3;28.1
67;2021-06-22;4241;9093;584958;327794;51.6;28.9
67;2021-06-23;5292;8184;590250;335978;52.1;29.7
67;2021-06-24;4521;9101;594771;345079;52.5;30.5
67;2021-06-25;5334;9951;600105;355030;53.0;31.3
67;2021-06-26;3463;9104;603568;364134;53.3;32.2
67;2021-06-27;1023;3523;604591;367657;53.4;32.5
67;2021-06-28;2845;8722;607436;376379;53.6;33.2
67;2021-06-29;2898;8612;610334;384991;53.9;34.0
67;2021-06-30;3382;8742;613716;393733;54.2;34.8
67;2021-07-01;3668;8428;617384;402161;54.5;35.5
67;2021-07-02;3736;10938;621120;413099;54.8;36.5
67;2021-07-03;2981;7742;624101;420841;55.1;37.2
67;2021-07-04;764;1869;624865;422710;55.2;37.3
67;2021-07-05;2626;8250;627491;430960;55.4;38.1
67;2021-07-06;3110;8441;630601;439401;55.7;38.8
67;2021-07-07;3926;8742;634527;448143;56.0;39.6
67;2021-07-08;4204;7786;638731;455929;56.4;40.3
67;2021-07-09;3767;11369;642498;467298;56.7;41.3
67;2021-07-10;2859;8205;645357;475503;57.0;42.0
67;2021-07-11;945;1995;646302;477498;57.1;42.2
67;2021-07-12;2479;9725;648781;487223;57.3;43.0
67;2021-07-13;4122;9890;652903;497113;57.6;43.9
67;2021-07-14;3493;4408;656396;501521;58.0;44.3
67;2021-07-15;5142;12230;661538;513751;58.4;45.4
67;2021-07-16;4867;12293;666405;526044;58.8;46.4
67;2021-07-17;3734;8824;670139;534868;59.2;47.2
67;2021-07-18;1465;2550;671604;537418;59.3;47.4
67;2021-07-19;4649;9745;676253;547163;59.7;48.3
67;2021-07-20;5774;9824;682027;556987;60.2;49.2
67;2021-07-21;5869;10649;687896;567636;60.7;50.1
67;2021-07-22;6439;10227;694335;577863;61.3;51.0
67;2021-07-23;7395;11191;701730;589054;62.0;52.0
67;2021-07-24;5422;7581;707152;596635;62.4;52.7
67;2021-07-25;2317;1972;709469;598607;62.6;52.9
67;2021-07-26;5003;7250;714472;605857;63.1;53.5
67;2021-07-27;6623;7330;721095;613187;63.7;54.1
67;2021-07-28;7542;7210;728637;620397;64.3;54.8
67;2021-07-29;8394;6437;737031;626834;65.1;55.3
67;2021-07-30;8667;7312;745698;634146;65.8;56.0
67;2021-07-31;5113;4878;750811;639024;66.3;56.4
67;2021-08-01;2486;1434;753297;640458;66.5;56.5
67;2021-08-02;6422;5094;759719;645552;67.1;57.0
67;2021-08-03;7322;4718;767041;650270;67.7;57.4
67;2021-08-04;6909;4604;773950;654874;68.3;57.8
67;2021-08-05;5753;4232;779703;659106;68.8;58.2
67;2021-08-06;6333;5427;786036;664533;69.4;58.7
67;2021-08-07;4693;4279;790729;668812;69.8;59.1
67;2021-08-08;1311;1440;792040;670252;69.9;59.2
67;2021-08-09;3144;4479;795184;674731;70.2;59.6
67;2021-08-10;3255;4782;798439;679513;70.5;60.0
67;2021-08-11;3434;4677;801873;684190;70.8;60.4
67;2021-08-12;3146;4887;805019;689077;71.1;60.8
67;2021-08-13;3209;5385;808228;694462;71.4;61.3
67;2021-08-14;2198;5086;810426;699548;71.6;61.8
67;2021-08-15;713;1605;811139;701153;71.6;61.9
67;2021-08-16;2095;5242;813234;706395;71.8;62.4
67;2021-08-17;2108;5278;815342;711673;72.0;62.8
67;2021-08-18;2385;6345;817727;718018;72.2;63.4
67;2021-08-19;1903;6153;819630;724171;72.4;63.9
67;2021-08-20;2362;7459;821992;731630;72.6;64.6
67;2021-08-21;1531;5572;823523;737202;72.7;65.1
67;2021-08-22;390;2051;823913;739253;72.7;65.3
67;2021-08-23;1946;6851;825859;746104;72.9;65.9
67;2021-08-24;1999;6613;827858;752717;73.1;66.5
67;2021-08-25;2127;7217;829985;759934;73.3;67.1
67;2021-08-26;1856;5553;831841;765487;73.4;67.6
67;2021-08-27;2221;7057;834062;772544;73.6;68.2
67;2021-08-28;1707;6109;835769;778653;73.8;68.7
67;2021-08-29;439;1600;836208;780253;73.8;68.9
67;2021-08-30;1423;4273;837631;784526;74.0;69.3
67;2021-08-31;1448;3954;839079;788480;74.1;69.6
67;2021-09-01;1880;4058;840959;792538;74.2;70.0
67;2021-09-02;1087;2718;842046;795256;74.3;70.2
67;2021-09-03;1564;3921;843610;799177;74.5;70.6
67;2021-09-04;1483;3773;845093;802950;74.6;70.9
67;2021-09-05;259;842;845352;803792;74.6;71.0
67;2021-09-06;976;1936;846328;805728;74.7;71.1
67;2021-09-07;900;1848;847228;807576;74.8;71.3
67;2021-09-08;1210;2471;848438;810047;74.9;71.5
67;2021-09-09;1124;1794;849562;811841;75.0;71.7
67;2021-09-10;1439;2369;851001;814210;75.1;71.9
67;2021-09-11;1065;2756;852066;816966;75.2;72.1
67;2021-09-12;253;522;852319;817488;75.3;72.2
67;2021-09-13;752;1447;853071;818935;75.3;72.3
67;2021-09-14;952;1475;854023;820410;75.4;72.4
67;2021-09-15;1021;2107;855044;822517;75.5;72.6
67;2021-09-16;757;1306;855801;823823;75.6;72.7
67;2021-09-17;972;2230;856773;826053;75.6;72.9
67;2021-09-18;809;2423;857582;828476;75.7;73.1
67;2021-09-19;104;411;857686;828887;75.7;73.2
67;2021-09-20;604;1132;858290;830019;75.8;73.3
67;2021-09-21;492;1066;858782;831085;75.8;73.4
67;2021-09-22;669;1951;859451;833036;75.9;73.6
67;2021-09-23;567;942;860018;833978;75.9;73.6
67;2021-09-24;688;1674;860706;835652;76.0;73.8
67;2021-09-25;602;1868;861308;837520;76.0;73.9
67;2021-09-26;73;327;861381;837847;76.1;74.0
67;2021-09-27;399;950;861780;838797;76.1;74.1
67;2021-09-28;404;861;862184;839658;76.1;74.1
67;2021-09-29;619;1361;862803;841019;76.2;74.3
67;2021-09-30;423;932;863226;841951;76.2;74.3
67;2021-10-01;662;1439;863888;843390;76.3;74.5
67;2021-10-02;625;1288;864513;844678;76.3;74.6
67;2021-10-03;95;221;864608;844899;76.3;74.6
67;2021-10-04;314;677;864922;845576;76.4;74.7
67;2021-10-05;324;751;865246;846327;76.4;74.7
67;2021-10-06;578;1130;865824;847457;76.4;74.8
67;2021-10-07;445;770;866269;848227;76.5;74.9
67;2021-10-08;630;1269;866899;849496;76.5;75.0
67;2021-10-09;505;1019;867404;850515;76.6;75.1
67;2021-10-10;79;111;867483;850626;76.6;75.1
67;2021-10-11;326;605;867809;851231;76.6;75.2
67;2021-10-12;353;600;868162;851831;76.7;75.2
68;2020-12-27;0;0;0;0;0.0;0.0
68;2020-12-28;0;0;0;0;0.0;0.0
68;2020-12-29;0;0;0;0;0.0;0.0
68;2020-12-30;2;0;2;0;0.0;0.0
68;2020-12-31;0;0;2;0;0.0;0.0
68;2021-01-01;0;0;2;0;0.0;0.0
68;2021-01-02;0;0;2;0;0.0;0.0
68;2021-01-03;1;0;3;0;0.0;0.0
68;2021-01-04;2;1;5;1;0.0;0.0
68;2021-01-05;11;0;16;1;0.0;0.0
68;2021-01-06;245;1;261;2;0.0;0.0
68;2021-01-07;75;0;336;2;0.0;0.0
68;2021-01-08;118;1;454;3;0.1;0.0
68;2021-01-09;20;0;474;3;0.1;0.0
68;2021-01-10;1;0;475;3;0.1;0.0
68;2021-01-11;82;0;557;3;0.1;0.0
68;2021-01-12;388;1;945;4;0.1;0.0
68;2021-01-13;704;3;1649;7;0.2;0.0
68;2021-01-14;372;2;2021;9;0.3;0.0
68;2021-01-15;204;1;2225;10;0.3;0.0
68;2021-01-16;1;0;2226;10;0.3;0.0
68;2021-01-17;0;0;2226;10;0.3;0.0
68;2021-01-18;379;5;2605;15;0.3;0.0
68;2021-01-19;559;5;3164;20;0.4;0.0
68;2021-01-20;707;10;3871;30;0.5;0.0
68;2021-01-21;1395;14;5266;44;0.7;0.0
68;2021-01-22;1498;15;6764;59;0.9;0.0
68;2021-01-23;215;3;6979;62;0.9;0.0
68;2021-01-24;699;2;7678;64;1.0;0.0
68;2021-01-25;1390;45;9068;109;1.2;0.0
68;2021-01-26;1555;80;10623;189;1.4;0.0
68;2021-01-27;2779;160;13402;349;1.8;0.0
68;2021-01-28;2358;62;15760;411;2.1;0.1
68;2021-01-29;1509;119;17269;530;2.3;0.1
68;2021-01-30;165;3;17434;533;2.3;0.1
68;2021-01-31;0;0;17434;533;2.3;0.1
68;2021-02-01;737;118;18171;651;2.4;0.1
68;2021-02-02;870;305;19041;956;2.5;0.1
68;2021-02-03;1001;616;20042;1572;2.6;0.2
68;2021-02-04;1001;323;21043;1895;2.8;0.2
68;2021-02-05;948;234;21991;2129;2.9;0.3
68;2021-02-06;140;2;22131;2131;2.9;0.3
68;2021-02-07;2;16;22133;2147;2.9;0.3
68;2021-02-08;893;24;23026;2171;3.0;0.3
68;2021-02-09;1357;47;24383;2218;3.2;0.3
68;2021-02-10;1453;65;25836;2283;3.4;0.3
68;2021-02-11;1486;469;27322;2752;3.6;0.4
68;2021-02-12;1551;446;28873;3198;3.8;0.4
68;2021-02-13;131;1;29004;3199;3.8;0.4
68;2021-02-14;58;232;29062;3431;3.8;0.4
68;2021-02-15;662;1087;29724;4518;3.9;0.6
68;2021-02-16;865;1370;30589;5888;4.0;0.8
68;2021-02-17;1288;2130;31877;8018;4.2;1.1
68;2021-02-18;1668;2067;33545;10085;4.4;1.3
68;2021-02-19;988;1370;34533;11455;4.5;1.5
68;2021-02-20;93;125;34626;11580;4.5;1.5
68;2021-02-21;1;40;34627;11620;4.5;1.5
68;2021-02-22;447;796;35074;12416;4.6;1.6
68;2021-02-23;639;1062;35713;13478;4.7;1.8
68;2021-02-24;854;1158;36567;14636;4.8;1.9
68;2021-02-25;1208;1250;37775;15886;4.9;2.1
68;2021-02-26;1199;990;38974;16876;5.1;2.2
68;2021-02-27;550;178;39524;17054;5.2;2.2
68;2021-02-28;12;1;39536;17055;5.2;2.2
68;2021-03-01;942;768;40478;17823;5.3;2.3
68;2021-03-02;1215;928;41693;18751;5.5;2.5
68;2021-03-03;1593;973;43286;19724;5.7;2.6
68;2021-03-04;1995;1052;45281;20776;5.9;2.7
68;2021-03-05;2355;1053;47636;21829;6.2;2.9
68;2021-03-06;2288;254;49924;22083;6.5;2.9
68;2021-03-07;838;108;50762;22191;6.7;2.9
68;2021-03-08;1476;978;52238;23169;6.8;3.0
68;2021-03-09;1698;1332;53936;24501;7.1;3.2
68;2021-03-10;1966;1805;55902;26306;7.3;3.4
68;2021-03-11;2637;1914;58539;28220;7.7;3.7
68;2021-03-12;2631;1425;61170;29645;8.0;3.9
68;2021-03-13;3342;264;64512;29909;8.5;3.9
68;2021-03-14;1541;68;66053;29977;8.7;3.9
68;2021-03-15;1797;624;67850;30601;8.9;4.0
68;2021-03-16;1998;603;69848;31204;9.2;4.1
68;2021-03-17;1958;736;71806;31940;9.4;4.2
68;2021-03-18;2220;951;74026;32891;9.7;4.3
68;2021-03-19;3084;741;77110;33632;10.1;4.4
68;2021-03-20;974;125;78084;33757;10.2;4.4
68;2021-03-21;68;2;78152;33759;10.2;4.4
68;2021-03-22;1964;598;80116;34357;10.5;4.5
68;2021-03-23;2861;621;82977;34978;10.9;4.6
68;2021-03-24;3177;819;86154;35797;11.3;4.7
68;2021-03-25;3501;795;89655;36592;11.7;4.8
68;2021-03-26;3894;738;93549;37330;12.3;4.9
68;2021-03-27;1101;169;94650;37499;12.4;4.9
68;2021-03-28;56;3;94706;37502;12.4;4.9
68;2021-03-29;2260;1368;96966;38870;12.7;5.1
68;2021-03-30;2933;1305;99899;40175;13.1;5.3
68;2021-03-31;2643;1368;102542;41543;13.4;5.4
68;2021-04-01;2748;1553;105290;43096;13.8;5.6
68;2021-04-02;244;88;105534;43184;13.8;5.7
68;2021-04-03;241;124;105775;43308;13.9;5.7
68;2021-04-04;6;0;105781;43308;13.9;5.7
68;2021-04-05;49;4;105830;43312;13.9;5.7
68;2021-04-06;1793;1327;107623;44639;14.1;5.8
68;2021-04-07;2585;1542;110208;46181;14.4;6.1
68;2021-04-08;3234;1509;113442;47690;14.9;6.2
68;2021-04-09;4200;1537;117642;49227;15.4;6.5
68;2021-04-10;1203;1974;118845;51201;15.6;6.7
68;2021-04-11;126;1317;118971;52518;15.6;6.9
68;2021-04-12;2666;1639;121637;54157;15.9;7.1
68;2021-04-13;2760;2113;124397;56270;16.3;7.4
68;2021-04-14;3606;2272;128003;58542;16.8;7.7
68;2021-04-15;4055;2167;132058;60709;17.3;8.0
68;2021-04-16;3942;2085;136000;62794;17.8;8.2
68;2021-04-17;1075;444;137075;63238;18.0;8.3
68;2021-04-18;85;9;137160;63247;18.0;8.3
68;2021-04-19;2358;1834;139518;65081;18.3;8.5
68;2021-04-20;2442;2330;141960;67411;18.6;8.8
68;2021-04-21;2829;2478;144789;69889;19.0;9.2
68;2021-04-22;3287;1974;148076;71863;19.4;9.4
68;2021-04-23;3412;2077;151488;73940;19.8;9.7
68;2021-04-24;842;489;152330;74429;20.0;9.8
68;2021-04-25;214;20;152544;74449;20.0;9.8
68;2021-04-26;2328;2107;154872;76556;20.3;10.0
68;2021-04-27;2599;2217;157471;78773;20.6;10.3
68;2021-04-28;3572;1767;161043;80540;21.1;10.6
68;2021-04-29;4164;1751;165207;82291;21.6;10.8
68;2021-04-30;4834;1376;170041;83667;22.3;11.0
68;2021-05-01;948;121;170989;83788;22.4;11.0
68;2021-05-02;732;70;171721;83858;22.5;11.0
68;2021-05-03;3620;1820;175341;85678;23.0;11.2
68;2021-05-04;3937;2363;179278;88041;23.5;11.5
68;2021-05-05;3632;3249;182910;91290;24.0;12.0
68;2021-05-06;4804;2864;187714;94154;24.6;12.3
68;2021-05-07;4518;2909;192232;97063;25.2;12.7
68;2021-05-08;1672;210;193904;97273;25.4;12.7
68;2021-05-09;1075;107;194979;97380;25.5;12.8
68;2021-05-10;3160;3721;198139;101101;26.0;13.2
68;2021-05-11;4715;3623;202854;104724;26.6;13.7
68;2021-05-12;5785;3295;208639;108019;27.3;14.2
68;2021-05-13;4766;840;213405;108859;28.0;14.3
68;2021-05-14;5959;2134;219364;110993;28.7;14.5
68;2021-05-15;3558;910;222922;111903;29.2;14.7
68;2021-05-16;670;119;223592;112022;29.3;14.7
68;2021-05-17;4449;2499;228041;114521;29.9;15.0
68;2021-05-18;6139;2307;234180;116828;30.7;15.3
68;2021-05-19;5867;2883;240047;119711;31.5;15.7
68;2021-05-20;5929;2413;245976;122124;32.2;16.0
68;2021-05-21;5778;2870;251754;124994;33.0;16.4
68;2021-05-22;2576;927;254330;125921;33.3;16.5
68;2021-05-23;15;16;254345;125937;33.3;16.5
68;2021-05-24;2304;970;256649;126907;33.6;16.6
68;2021-05-25;4343;3436;260992;130343;34.2;17.1
68;2021-05-26;4884;3384;265876;133727;34.8;17.5
68;2021-05-27;5400;3408;271276;137135;35.5;18.0
68;2021-05-28;5623;3729;276899;140864;36.3;18.5
68;2021-05-29;1540;1186;278439;142050;36.5;18.6
68;2021-05-30;41;46;278480;142096;36.5;18.6
68;2021-05-31;5158;2363;283638;144459;37.2;18.9
68;2021-06-01;5989;2799;289627;147258;37.9;19.3
68;2021-06-02;4886;3006;294513;150264;38.6;19.7
68;2021-06-03;5938;3099;300451;153363;39.4;20.1
68;2021-06-04;4896;3306;305347;156669;40.0;20.5
68;2021-06-05;781;1169;306128;157838;40.1;20.7
68;2021-06-06;69;114;306197;157952;40.1;20.7
68;2021-06-07;4753;3036;310950;160988;40.7;21.1
68;2021-06-08;4934;3556;315884;164544;41.4;21.6
68;2021-06-09;4994;3448;320878;167992;42.0;22.0
68;2021-06-10;5200;3145;326078;171137;42.7;22.4
68;2021-06-11;5055;4150;331133;175287;43.4;23.0
68;2021-06-12;3036;1771;334169;177058;43.8;23.2
68;2021-06-13;514;682;334683;177740;43.9;23.3
68;2021-06-14;2516;4390;337199;182130;44.2;23.9
68;2021-06-15;3112;4724;340311;186854;44.6;24.5
68;2021-06-16;3387;4442;343698;191296;45.0;25.1
68;2021-06-17;2359;4458;346057;195754;45.3;25.6
68;2021-06-18;3357;5172;349414;200926;45.8;26.3
68;2021-06-19;2253;2170;351667;203096;46.1;26.6
68;2021-06-20;258;891;351925;203987;46.1;26.7
68;2021-06-21;2059;5148;353984;209135;46.4;27.4
68;2021-06-22;1900;5174;355884;214309;46.6;28.1
68;2021-06-23;2319;5740;358203;220049;46.9;28.8
68;2021-06-24;2154;4897;360357;224946;47.2;29.5
68;2021-06-25;2287;6660;362644;231606;47.5;30.3
68;2021-06-26;1303;2608;363947;234214;47.7;30.7
68;2021-06-27;151;880;364098;235094;47.7;30.8
68;2021-06-28;1601;6444;365699;241538;47.9;31.6
68;2021-06-29;1539;6632;367238;248170;48.1;32.5
68;2021-06-30;1797;6554;369035;254724;48.4;33.4
68;2021-07-01;2105;5351;371140;260075;48.6;34.1
68;2021-07-02;2098;6482;373238;266557;48.9;34.9
68;2021-07-03;989;1934;374227;268491;49.0;35.2
68;2021-07-04;242;200;374469;268691;49.1;35.2
68;2021-07-05;1456;5513;375925;274204;49.3;35.9
68;2021-07-06;2001;5884;377926;280088;49.5;36.7
68;2021-07-07;2455;4974;380381;285062;49.8;37.4
68;2021-07-08;2434;4750;382815;289812;50.2;38.0
68;2021-07-09;2091;7364;384906;297176;50.4;38.9
68;2021-07-10;1028;2003;385934;299179;50.6;39.2
68;2021-07-11;147;156;386081;299335;50.6;39.2
68;2021-07-12;1646;6771;387727;306106;50.8;40.1
68;2021-07-13;2909;6550;390636;312656;51.2;41.0
68;2021-07-14;1840;984;392476;313640;51.4;41.1
68;2021-07-15;3188;6655;395664;320295;51.8;42.0
68;2021-07-16;3817;6762;399481;327057;52.3;42.9
68;2021-07-17;3361;2302;402842;329359;52.8;43.2
68;2021-07-18;1054;230;403896;329589;52.9;43.2
68;2021-07-19;3050;6081;406946;335670;53.3;44.0
68;2021-07-20;4002;5677;410948;341347;53.8;44.7
68;2021-07-21;4339;5831;415287;347178;54.4;45.5
68;2021-07-22;4188;4848;419475;352026;55.0;46.1
68;2021-07-23;5041;5761;424516;357787;55.6;46.9
68;2021-07-24;3349;2134;427865;359921;56.1;47.2
68;2021-07-25;825;537;428690;360458;56.2;47.2
68;2021-07-26;4835;4450;433525;364908;56.8;47.8
68;2021-07-27;6363;3756;439888;368664;57.6;48.3
68;2021-07-28;6848;3883;446736;372547;58.5;48.8
68;2021-07-29;6398;3428;453134;375975;59.4;49.3
68;2021-07-30;6342;4378;459476;380353;60.2;49.8
68;2021-07-31;3917;1427;463393;381780;60.7;50.0
68;2021-08-01;1651;494;465044;382274;60.9;50.1
68;2021-08-02;4606;3151;469650;385425;61.5;50.5
68;2021-08-03;3550;2453;473200;387878;62.0;50.8
68;2021-08-04;3135;2689;476335;390567;62.4;51.2
68;2021-08-05;2753;2641;479088;393208;62.8;51.5
68;2021-08-06;3995;4327;483083;397535;63.3;52.1
68;2021-08-07;1227;1305;484310;398840;63.5;52.3
68;2021-08-08;364;813;484674;399653;63.5;52.4
68;2021-08-09;2575;3683;487249;403336;63.8;52.8
68;2021-08-10;2217;2784;489466;406120;64.1;53.2
68;2021-08-11;1896;2728;491362;408848;64.4;53.6
68;2021-08-12;1752;2666;493114;411514;64.6;53.9
68;2021-08-13;2716;4759;495830;416273;65.0;54.5
68;2021-08-14;715;1444;496545;417717;65.1;54.7
68;2021-08-15;45;445;496590;418162;65.1;54.8
68;2021-08-16;2004;5062;498594;423224;65.3;55.5
68;2021-08-17;1803;4848;500397;428072;65.6;56.1
68;2021-08-18;1182;3697;501579;431769;65.7;56.6
68;2021-08-19;1367;3741;502946;435510;65.9;57.1
68;2021-08-20;2229;6065;505175;441575;66.2;57.9
68;2021-08-21;492;1382;505667;442957;66.3;58.0
68;2021-08-22;116;457;505783;443414;66.3;58.1
68;2021-08-23;1191;5425;506974;448839;66.4;58.8
68;2021-08-24;1407;5954;508381;454793;66.6;59.6
68;2021-08-25;1661;3752;510042;458545;66.8;60.1
68;2021-08-26;1991;4505;512033;463050;67.1;60.7
68;2021-08-27;1850;6281;513883;469331;67.3;61.5
68;2021-08-28;422;1070;514305;470401;67.4;61.6
68;2021-08-29;36;418;514341;470819;67.4;61.7
68;2021-08-30;1350;4519;515691;475338;67.6;62.3
68;2021-08-31;1304;4113;516995;479451;67.7;62.8
68;2021-09-01;890;2141;517885;481592;67.9;63.1
68;2021-09-02;878;1769;518763;483361;68.0;63.3
68;2021-09-03;1306;4321;520069;487682;68.1;63.9
68;2021-09-04;495;870;520564;488552;68.2;64.0
68;2021-09-05;209;120;520773;488672;68.2;64.0
68;2021-09-06;697;2137;521470;490809;68.3;64.3
68;2021-09-07;607;1262;522077;492071;68.4;64.5
68;2021-09-08;618;1330;522695;493401;68.5;64.6
68;2021-09-09;900;1241;523595;494642;68.6;64.8
68;2021-09-10;1485;3026;525080;497668;68.8;65.2
68;2021-09-11;470;619;525550;498287;68.9;65.3
68;2021-09-12;73;53;525623;498340;68.9;65.3
68;2021-09-13;815;1184;526438;499524;69.0;65.5
68;2021-09-14;975;1346;527413;500870;69.1;65.6
68;2021-09-15;694;1585;528107;502455;69.2;65.8
68;2021-09-16;631;1079;528738;503534;69.3;66.0
68;2021-09-17;986;2331;529724;505865;69.4;66.3
68;2021-09-18;444;765;530168;506630;69.5;66.4
68;2021-09-19;16;48;530184;506678;69.5;66.4
68;2021-09-20;552;966;530736;507644;69.5;66.5
68;2021-09-21;585;1327;531321;508971;69.6;66.7
68;2021-09-22;633;1155;531954;510126;69.7;66.8
68;2021-09-23;367;680;532321;510806;69.7;66.9
68;2021-09-24;646;1607;532967;512413;69.8;67.1
68;2021-09-25;276;668;533243;513081;69.9;67.2
68;2021-09-26;19;56;533262;513137;69.9;67.2
68;2021-09-27;339;688;533601;513825;69.9;67.3
68;2021-09-28;337;546;533938;514371;70.0;67.4
68;2021-09-29;538;877;534476;515248;70.0;67.5
68;2021-09-30;387;790;534863;516038;70.1;67.6
68;2021-10-01;505;1541;535368;517579;70.1;67.8
68;2021-10-02;267;571;535635;518150;70.2;67.9
68;2021-10-03;38;91;535673;518241;70.2;67.9
68;2021-10-04;213;424;535886;518665;70.2;68.0
68;2021-10-05;290;561;536176;519226;70.3;68.0
68;2021-10-06;383;876;536559;520102;70.3;68.1
68;2021-10-07;389;594;536948;520696;70.4;68.2
68;2021-10-08;694;1622;537642;522318;70.4;68.4
68;2021-10-09;307;614;537949;522932;70.5;68.5
68;2021-10-10;29;45;537978;522977;70.5;68.5
68;2021-10-11;235;463;538213;523440;70.5;68.6
68;2021-10-12;239;479;538452;523919;70.6;68.6
69;2020-12-27;5;1;5;1;0.0;0.0
69;2020-12-28;13;3;18;4;0.0;0.0
69;2020-12-29;5;0;23;4;0.0;0.0
69;2020-12-30;6;1;29;5;0.0;0.0
69;2020-12-31;12;4;41;9;0.0;0.0
69;2021-01-01;2;0;43;9;0.0;0.0
69;2021-01-02;2;1;45;10;0.0;0.0
69;2021-01-03;3;2;48;12;0.0;0.0
69;2021-01-04;13;0;61;12;0.0;0.0
69;2021-01-05;218;9;279;21;0.0;0.0
69;2021-01-06;518;5;797;26;0.0;0.0
69;2021-01-07;813;5;1610;31;0.1;0.0
69;2021-01-08;829;1;2439;32;0.1;0.0
69;2021-01-09;42;3;2481;35;0.1;0.0
69;2021-01-10;3;1;2484;36;0.1;0.0
69;2021-01-11;1135;2;3619;38;0.2;0.0
69;2021-01-12;1399;10;5018;48;0.3;0.0
69;2021-01-13;1395;6;6413;54;0.3;0.0
69;2021-01-14;2286;27;8699;81;0.5;0.0
69;2021-01-15;1829;8;10528;89;0.6;0.0
69;2021-01-16;930;4;11458;93;0.6;0.0
69;2021-01-17;260;3;11718;96;0.6;0.0
69;2021-01-18;1695;19;13413;115;0.7;0.0
69;2021-01-19;3513;37;16926;152;0.9;0.0
69;2021-01-20;4457;34;21383;186;1.1;0.0
69;2021-01-21;4078;43;25461;229;1.4;0.0
69;2021-01-22;3184;30;28645;259;1.5;0.0
69;2021-01-23;1287;6;29932;265;1.6;0.0
69;2021-01-24;103;1;30035;266;1.6;0.0
69;2021-01-25;2245;45;32280;311;1.7;0.0
69;2021-01-26;2564;92;34844;403;1.9;0.0
69;2021-01-27;2360;176;37204;579;2.0;0.0
69;2021-01-28;2238;374;39442;953;2.1;0.1
69;2021-01-29;2111;291;41553;1244;2.2;0.1
69;2021-01-30;889;3;42442;1247;2.3;0.1
69;2021-01-31;65;0;42507;1247;2.3;0.1
69;2021-02-01;1112;401;43619;1648;2.3;0.1
69;2021-02-02;1560;425;45179;2073;2.4;0.1
69;2021-02-03;1444;537;46623;2610;2.5;0.1
69;2021-02-04;1797;954;48420;3564;2.6;0.2
69;2021-02-05;821;823;49241;4387;2.6;0.2
69;2021-02-06;370;53;49611;4440;2.6;0.2
69;2021-02-07;0;0;49611;4440;2.6;0.2
69;2021-02-08;1132;1075;50743;5515;2.7;0.3
69;2021-02-09;2052;2117;52795;7632;2.8;0.4
69;2021-02-10;1855;2657;54650;10289;2.9;0.5
69;2021-02-11;1860;3296;56510;13585;3.0;0.7
69;2021-02-12;1906;2101;58416;15686;3.1;0.8
69;2021-02-13;460;788;58876;16474;3.1;0.9
69;2021-02-14;89;39;58965;16513;3.1;0.9
69;2021-02-15;1016;1764;59981;18277;3.2;1.0
69;2021-02-16;984;2438;60965;20715;3.2;1.1
69;2021-02-17;1026;2390;61991;23105;3.3;1.2
69;2021-02-18;967;2302;62958;25407;3.4;1.4
69;2021-02-19;890;1873;63848;27280;3.4;1.5
69;2021-02-20;321;911;64169;28191;3.4;1.5
69;2021-02-21;53;70;64222;28261;3.4;1.5
69;2021-02-22;609;2100;64831;30361;3.5;1.6
69;2021-02-23;741;2221;65572;32582;3.5;1.7
69;2021-02-24;973;2251;66545;34833;3.5;1.9
69;2021-02-25;2214;2689;68759;37522;3.7;2.0
69;2021-02-26;2772;1932;71531;39454;3.8;2.1
69;2021-02-27;925;576;72456;40030;3.9;2.1
69;2021-02-28;148;104;72604;40134;3.9;2.1
69;2021-03-01;2171;914;74775;41048;4.0;2.2
69;2021-03-02;3299;1430;78074;42478;4.2;2.3
69;2021-03-03;3671;1246;81745;43724;4.4;2.3
69;2021-03-04;4887;1319;86632;45043;4.6;2.4
69;2021-03-05;5874;1280;92506;46323;4.9;2.5
69;2021-03-06;3417;434;95923;46757;5.1;2.5
69;2021-03-07;640;44;96563;46801;5.1;2.5
69;2021-03-08;2962;1134;99525;47935;5.3;2.6
69;2021-03-09;4607;1282;104132;49217;5.6;2.6
69;2021-03-10;5074;1071;109206;50288;5.8;2.7
69;2021-03-11;6603;1082;115809;51370;6.2;2.7
69;2021-03-12;8857;1252;124666;52622;6.6;2.8
69;2021-03-13;4928;257;129594;52879;6.9;2.8
69;2021-03-14;2741;158;132335;53037;7.1;2.8
69;2021-03-15;4804;742;137139;53779;7.3;2.9
69;2021-03-16;3820;677;140959;54456;7.5;2.9
69;2021-03-17;3953;906;144912;55362;7.7;3.0
69;2021-03-18;4965;1636;149877;56998;8.0;3.0
69;2021-03-19;6685;1087;156562;58085;8.3;3.1
69;2021-03-20;3593;287;160155;58372;8.5;3.1
69;2021-03-21;1975;104;162130;58476;8.6;3.1
69;2021-03-22;4550;830;166680;59306;8.9;3.2
69;2021-03-23;7364;852;174044;60158;9.3;3.2
69;2021-03-24;6456;1025;180500;61183;9.6;3.3
69;2021-03-25;8595;1144;189095;62327;10.1;3.3
69;2021-03-26;8813;1273;197908;63600;10.5;3.4
69;2021-03-27;3157;802;201065;64402;10.7;3.4
69;2021-03-28;2219;192;203284;64594;10.8;3.4
69;2021-03-29;4095;2198;207379;66792;11.1;3.6
69;2021-03-30;7640;2573;215019;69365;11.5;3.7
69;2021-03-31;6356;3201;221375;72566;11.8;3.9
69;2021-04-01;8463;2763;229838;75329;12.3;4.0
69;2021-04-02;8315;3150;238153;78479;12.7;4.2
69;2021-04-03;5424;2174;243577;80653;13.0;4.3
69;2021-04-04;6610;556;250187;81209;13.3;4.3
69;2021-04-05;6192;823;256379;82032;13.7;4.4
69;2021-04-06;5114;3498;261493;85530;13.9;4.6
69;2021-04-07;5168;3910;266661;89440;14.2;4.8
69;2021-04-08;6430;4060;273091;93500;14.6;5.0
69;2021-04-09;9165;3802;282256;97302;15.0;5.2
69;2021-04-10;3055;2512;285311;99814;15.2;5.3
69;2021-04-11;2035;1904;287346;101718;15.3;5.4
69;2021-04-12;5474;3592;292820;105310;15.6;5.6
69;2021-04-13;7068;4135;299888;109445;16.0;5.8
69;2021-04-14;6718;4170;306606;113615;16.3;6.1
69;2021-04-15;7943;4617;314549;118232;16.8;6.3
69;2021-04-16;7868;4520;322417;122752;17.2;6.5
69;2021-04-17;5036;2319;327453;125071;17.5;6.7
69;2021-04-18;1715;1796;329168;126867;17.5;6.8
69;2021-04-19;7020;3782;336188;130649;17.9;7.0
69;2021-04-20;6485;4779;342673;135428;18.3;7.2
69;2021-04-21;5691;4428;348364;139856;18.6;7.5
69;2021-04-22;6427;5458;354791;145314;18.9;7.7
69;2021-04-23;6737;4918;361528;150232;19.3;8.0
69;2021-04-24;3160;2037;364688;152269;19.4;8.1
69;2021-04-25;2120;1548;366808;153817;19.6;8.2
69;2021-04-26;4495;3887;371303;157704;19.8;8.4
69;2021-04-27;6516;5336;377819;163040;20.1;8.7
69;2021-04-28;6272;4875;384091;167915;20.5;9.0
69;2021-04-29;6706;5408;390797;173323;20.8;9.2
69;2021-04-30;6931;6193;397728;179516;21.2;9.6
69;2021-05-01;3301;646;401029;180162;21.4;9.6
69;2021-05-02;1628;5885;402657;186047;21.5;9.9
69;2021-05-03;5860;8256;408517;194303;21.8;10.4
69;2021-05-04;7608;8181;416125;202484;22.2;10.8
69;2021-05-05;11210;5666;427335;208150;22.8;11.1
69;2021-05-06;12470;6310;439805;214460;23.4;11.4
69;2021-05-07;11685;7173;451490;221633;24.1;11.8
69;2021-05-08;4303;1658;455793;223291;24.3;11.9
69;2021-05-09;6634;2684;462427;225975;24.6;12.0
69;2021-05-10;6935;6076;469362;232051;25.0;12.4
69;2021-05-11;9829;7048;479191;239099;25.5;12.7
69;2021-05-12;12450;6813;491641;245912;26.2;13.1
69;2021-05-13;10838;2562;502479;248474;26.8;13.2
69;2021-05-14;12599;5217;515078;253691;27.5;13.5
69;2021-05-15;9136;2591;524214;256282;27.9;13.7
69;2021-05-16;8403;1876;532617;258158;28.4;13.8
69;2021-05-17;11306;5652;543923;263810;29.0;14.1
69;2021-05-18;13226;6401;557149;270211;29.7;14.4
69;2021-05-19;13696;5888;570845;276099;30.4;14.7
69;2021-05-20;11387;6087;582232;282186;31.0;15.0
69;2021-05-21;11036;6559;593268;288745;31.6;15.4
69;2021-05-22;5574;2577;598842;291322;31.9;15.5
69;2021-05-23;4573;1543;603415;292865;32.2;15.6
69;2021-05-24;8420;1864;611835;294729;32.6;15.7
69;2021-05-25;9742;6179;621577;300908;33.1;16.0
69;2021-05-26;10282;6110;631859;307018;33.7;16.4
69;2021-05-27;10429;6788;642288;313806;34.2;16.7
69;2021-05-28;11609;8754;653897;322560;34.9;17.2
69;2021-05-29;7387;6047;661284;328607;35.2;17.5
69;2021-05-30;7387;3169;668671;331776;35.6;17.7
69;2021-05-31;10955;6381;679626;338157;36.2;18.0
69;2021-06-01;12844;7520;692470;345677;36.9;18.4
69;2021-06-02;14887;6724;707357;352401;37.7;18.8
69;2021-06-03;16641;7432;723998;359833;38.6;19.2
69;2021-06-04;16199;8565;740197;368398;39.5;19.6
69;2021-06-05;10105;3420;750302;371818;40.0;19.8
69;2021-06-06;7488;1720;757790;373538;40.4;19.9
69;2021-06-07;12815;7028;770605;380566;41.1;20.3
69;2021-06-08;16308;8282;786913;388848;41.9;20.7
69;2021-06-09;15212;7361;802125;396209;42.8;21.1
69;2021-06-10;16277;7337;818402;403546;43.6;21.5
69;2021-06-11;16635;9691;835037;413237;44.5;22.0
69;2021-06-12;8529;4188;843566;417425;45.0;22.3
69;2021-06-13;5620;2146;849186;419571;45.3;22.4
69;2021-06-14;8574;9085;857760;428656;45.7;22.8
69;2021-06-15;10932;11015;868692;439671;46.3;23.4
69;2021-06-16;11332;12322;880024;451993;46.9;24.1
69;2021-06-17;11454;13260;891478;465253;47.5;24.8
69;2021-06-18;12043;14775;903521;480028;48.2;25.6
69;2021-06-19;6813;8355;910334;488383;48.5;26.0
69;2021-06-20;5274;4768;915608;493151;48.8;26.3
69;2021-06-21;6537;12119;922145;505270;49.2;26.9
69;2021-06-22;7211;13836;929356;519106;49.5;27.7
69;2021-06-23;8347;13028;937703;532134;50.0;28.4
69;2021-06-24;9293;13745;946996;545879;50.5;29.1
69;2021-06-25;7079;16311;954075;562190;50.9;30.0
69;2021-06-26;3871;9073;957946;571263;51.1;30.5
69;2021-06-27;3291;7420;961237;578683;51.2;30.8
69;2021-06-28;4551;14893;965788;593576;51.5;31.6
69;2021-06-29;5367;15669;971155;609245;51.8;32.5
69;2021-06-30;6387;14452;977542;623697;52.1;33.2
69;2021-07-01;9054;11980;986596;635677;52.6;33.9
69;2021-07-02;10688;14130;997284;649807;53.2;34.6
69;2021-07-03;5994;7771;1003278;657578;53.5;35.1
69;2021-07-04;4126;5551;1007404;663129;53.7;35.3
69;2021-07-05;6229;13021;1013633;676150;54.0;36.0
69;2021-07-06;5914;14280;1019547;690430;54.3;36.8
69;2021-07-07;7318;13563;1026865;703993;54.7;37.5
69;2021-07-08;7587;13409;1034452;717402;55.1;38.2
69;2021-07-09;7583;16480;1042035;733882;55.5;39.1
69;2021-07-10;3124;10312;1045159;744194;55.7;39.7
69;2021-07-11;4331;5830;1049490;750024;55.9;40.0
69;2021-07-12;4212;16969;1053702;766993;56.2;40.9
69;2021-07-13;6451;20719;1060153;787712;56.5;42.0
69;2021-07-14;5054;8482;1065207;796194;56.8;42.4
69;2021-07-15;7498;22584;1072705;818778;57.2;43.6
69;2021-07-16;9963;20119;1082668;838897;57.7;44.7
69;2021-07-17;4882;12239;1087550;851136;58.0;45.4
69;2021-07-18;3411;8894;1090961;860030;58.2;45.8
69;2021-07-19;7071;16463;1098032;876493;58.5;46.7
69;2021-07-20;9581;19308;1107613;895801;59.0;47.7
69;2021-07-21;9387;17424;1117000;913225;59.5;48.7
69;2021-07-22;11472;16402;1128472;929627;60.2;49.6
69;2021-07-23;11140;17688;1139612;947315;60.7;50.5
69;2021-07-24;5706;11048;1145318;958363;61.0;51.1
69;2021-07-25;4706;6630;1150024;964993;61.3;51.4
69;2021-07-26;8927;12952;1158951;977945;61.8;52.1
69;2021-07-27;12939;12097;1171890;990042;62.5;52.8
69;2021-07-28;12092;12158;1183982;1002200;63.1;53.4
69;2021-07-29;14762;12263;1198744;1014463;63.9;54.1
69;2021-07-30;14417;12246;1213161;1026709;64.7;54.7
69;2021-07-31;8270;7255;1221431;1033964;65.1;55.1
69;2021-08-01;5187;5881;1226618;1039845;65.4;55.4
69;2021-08-02;13272;9640;1239890;1049485;66.1;55.9
69;2021-08-03;13290;8990;1253180;1058475;66.8;56.4
69;2021-08-04;14352;8141;1267532;1066616;67.6;56.9
69;2021-08-05;11531;7540;1279063;1074156;68.2;57.3
69;2021-08-06;10608;7798;1289671;1081954;68.7;57.7
69;2021-08-07;5006;4811;1294677;1086765;69.0;57.9
69;2021-08-08;4371;3565;1299048;1090330;69.2;58.1
69;2021-08-09;7779;9219;1306827;1099549;69.7;58.6
69;2021-08-10;8088;7041;1314915;1106590;70.1;59.0
69;2021-08-11;7899;8113;1322814;1114703;70.5;59.4
69;2021-08-12;7316;7334;1330130;1122037;70.9;59.8
69;2021-08-13;6747;8361;1336877;1130398;71.3;60.3
69;2021-08-14;4512;5210;1341389;1135608;71.5;60.5
69;2021-08-15;2490;2522;1343879;1138130;71.6;60.7
69;2021-08-16;5936;8882;1349815;1147012;71.9;61.1
69;2021-08-17;6418;8275;1356233;1155287;72.3;61.6
69;2021-08-18;6251;9473;1362484;1164760;72.6;62.1
69;2021-08-19;6336;9335;1368820;1174095;73.0;62.6
69;2021-08-20;6188;8846;1375008;1182941;73.3;63.1
69;2021-08-21;2862;3958;1377870;1186899;73.4;63.3
69;2021-08-22;1965;2420;1379835;1189319;73.5;63.4
69;2021-08-23;3947;12384;1383782;1201703;73.8;64.1
69;2021-08-24;5190;13644;1388972;1215347;74.0;64.8
69;2021-08-25;4554;12910;1393526;1228257;74.3;65.5
69;2021-08-26;4561;11736;1398087;1239993;74.5;66.1
69;2021-08-27;4308;14451;1402395;1254444;74.8;66.9
69;2021-08-28;1966;8635;1404361;1263079;74.9;67.3
69;2021-08-29;1339;6527;1405700;1269606;74.9;67.7
69;2021-08-30;3259;11734;1408959;1281340;75.1;68.3
69;2021-08-31;4199;9998;1413158;1291338;75.3;68.8
69;2021-09-01;5047;9452;1418205;1300790;75.6;69.3
69;2021-09-02;4441;8373;1422646;1309163;75.8;69.8
69;2021-09-03;4418;10434;1427064;1319597;76.1;70.3
69;2021-09-04;2985;8538;1430049;1328135;76.2;70.8
69;2021-09-05;1433;3618;1431482;1331753;76.3;71.0
69;2021-09-06;2369;6130;1433851;1337883;76.4;71.3
69;2021-09-07;2388;6053;1436239;1343936;76.6;71.6
69;2021-09-08;2689;6822;1438928;1350758;76.7;72.0
69;2021-09-09;2401;5810;1441329;1356568;76.8;72.3
69;2021-09-10;2653;6655;1443982;1363223;77.0;72.7
69;2021-09-11;1735;5063;1445717;1368286;77.1;72.9
69;2021-09-12;516;2225;1446233;1370511;77.1;73.1
69;2021-09-13;1689;4553;1447922;1375064;77.2;73.3
69;2021-09-14;1805;4218;1449727;1379282;77.3;73.5
69;2021-09-15;1862;5052;1451589;1384334;77.4;73.8
69;2021-09-16;1519;3493;1453108;1387827;77.5;74.0
69;2021-09-17;1794;4888;1454902;1392715;77.6;74.2
69;2021-09-18;1113;4090;1456015;1396805;77.6;74.5
69;2021-09-19;479;1523;1456494;1398328;77.6;74.5
69;2021-09-20;988;2993;1457482;1401321;77.7;74.7
69;2021-09-21;977;3514;1458459;1404835;77.7;74.9
69;2021-09-22;1146;4071;1459605;1408906;77.8;75.1
69;2021-09-23;907;3071;1460512;1411977;77.9;75.3
69;2021-09-24;1245;4186;1461757;1416163;77.9;75.5
69;2021-09-25;724;2737;1462481;1418900;78.0;75.6
69;2021-09-26;296;1212;1462777;1420112;78.0;75.7
69;2021-09-27;664;2044;1463441;1422156;78.0;75.8
69;2021-09-28;924;2107;1464365;1424263;78.1;75.9
69;2021-09-29;1145;3295;1465510;1427558;78.1;76.1
69;2021-09-30;938;2363;1466448;1429921;78.2;76.2
69;2021-10-01;1515;3544;1467963;1433465;78.2;76.4
69;2021-10-02;946;2268;1468909;1435733;78.3;76.5
69;2021-10-03;316;648;1469225;1436381;78.3;76.6
69;2021-10-04;779;2018;1470004;1438399;78.4;76.7
69;2021-10-05;774;1832;1470778;1440231;78.4;76.8
69;2021-10-06;1089;2412;1471867;1442643;78.5;76.9
69;2021-10-07;869;1792;1472736;1444435;78.5;77.0
69;2021-10-08;1250;3020;1473986;1447455;78.6;77.2
69;2021-10-09;732;1557;1474718;1449012;78.6;77.2
69;2021-10-10;54;412;1474772;1449424;78.6;77.3
69;2021-10-11;568;1769;1475340;1451193;78.6;77.4
69;2021-10-12;811;1312;1476151;1452505;78.7;77.4
70;2020-12-27;0;0;0;0;0.0;0.0
70;2020-12-28;0;0;0;0;0.0;0.0
70;2020-12-29;0;0;0;0;0.0;0.0
70;2020-12-30;0;0;0;0;0.0;0.0
70;2020-12-31;0;0;0;0;0.0;0.0
70;2021-01-01;0;0;0;0;0.0;0.0
70;2021-01-02;0;0;0;0;0.0;0.0
70;2021-01-03;0;0;0;0;0.0;0.0
70;2021-01-04;0;0;0;0;0.0;0.0
70;2021-01-05;1;1;1;1;0.0;0.0
70;2021-01-06;24;0;25;1;0.0;0.0
70;2021-01-07;121;0;146;1;0.1;0.0
70;2021-01-08;22;0;168;1;0.1;0.0
70;2021-01-09;0;0;168;1;0.1;0.0
70;2021-01-10;0;0;168;1;0.1;0.0
70;2021-01-11;148;1;316;2;0.1;0.0
70;2021-01-12;201;1;517;3;0.2;0.0
70;2021-01-13;172;2;689;5;0.3;0.0
70;2021-01-14;148;6;837;11;0.4;0.0
70;2021-01-15;153;1;990;12;0.4;0.0
70;2021-01-16;65;0;1055;12;0.5;0.0
70;2021-01-17;0;0;1055;12;0.5;0.0
70;2021-01-18;398;0;1453;12;0.6;0.0
70;2021-01-19;503;2;1956;14;0.8;0.0
70;2021-01-20;494;2;2450;16;1.1;0.0
70;2021-01-21;675;3;3125;19;1.3;0.0
70;2021-01-22;458;3;3583;22;1.5;0.0
70;2021-01-23;261;2;3844;24;1.6;0.0
70;2021-01-24;4;0;3848;24;1.7;0.0
70;2021-01-25;369;1;4217;25;1.8;0.0
70;2021-01-26;335;1;4552;26;2.0;0.0
70;2021-01-27;331;12;4883;38;2.1;0.0
70;2021-01-28;366;36;5249;74;2.3;0.0
70;2021-01-29;329;52;5578;126;2.4;0.1
70;2021-01-30;228;1;5806;127;2.5;0.1
70;2021-01-31;0;0;5806;127;2.5;0.1
70;2021-02-01;262;52;6068;179;2.6;0.1
70;2021-02-02;272;98;6340;277;2.7;0.1
70;2021-02-03;250;61;6590;338;2.8;0.1
70;2021-02-04;265;125;6855;463;2.9;0.2
70;2021-02-05;254;75;7109;538;3.0;0.2
70;2021-02-06;209;38;7318;576;3.1;0.2
70;2021-02-07;0;0;7318;576;3.1;0.2
70;2021-02-08;179;234;7497;810;3.2;0.3
70;2021-02-09;206;229;7703;1039;3.3;0.4
70;2021-02-10;196;305;7899;1344;3.4;0.6
70;2021-02-11;351;338;8250;1682;3.5;0.7
70;2021-02-12;239;492;8489;2174;3.6;0.9
70;2021-02-13;75;210;8564;2384;3.7;1.0
70;2021-02-14;0;29;8564;2413;3.7;1.0
70;2021-02-15;70;339;8634;2752;3.7;1.2
70;2021-02-16;113;362;8747;3114;3.8;1.3
70;2021-02-17;165;302;8912;3416;3.8;1.5
70;2021-02-18;205;257;9117;3673;3.9;1.6
70;2021-02-19;197;204;9314;3877;4.0;1.7
70;2021-02-20;192;69;9506;3946;4.1;1.7
70;2021-02-21;1;0;9507;3946;4.1;1.7
70;2021-02-22;106;238;9613;4184;4.1;1.8
70;2021-02-23;125;261;9738;4445;4.2;1.9
70;2021-02-24;132;234;9870;4679;4.2;2.0
70;2021-02-25;315;259;10185;4938;4.4;2.1
70;2021-02-26;395;151;10580;5089;4.5;2.2
70;2021-02-27;147;202;10727;5291;4.6;2.3
70;2021-02-28;0;0;10727;5291;4.6;2.3
70;2021-03-01;248;243;10975;5534;4.7;2.4
70;2021-03-02;487;278;11462;5812;4.9;2.5
70;2021-03-03;468;260;11930;6072;5.1;2.6
70;2021-03-04;693;278;12623;6350;5.4;2.7
70;2021-03-05;767;262;13390;6612;5.7;2.8
70;2021-03-06;539;118;13929;6730;6.0;2.9
70;2021-03-07;216;23;14145;6753;6.1;2.9
70;2021-03-08;554;214;14699;6967;6.3;3.0
70;2021-03-09;864;176;15563;7143;6.7;3.1
70;2021-03-10;659;179;16222;7322;7.0;3.1
70;2021-03-11;698;256;16920;7578;7.3;3.2
70;2021-03-12;985;181;17905;7759;7.7;3.3
70;2021-03-13;582;125;18487;7884;7.9;3.4
70;2021-03-14;20;1;18507;7885;7.9;3.4
70;2021-03-15;774;112;19281;7997;8.3;3.4
70;2021-03-16;655;99;19936;8096;8.5;3.5
70;2021-03-17;595;183;20531;8279;8.8;3.6
70;2021-03-18;633;141;21164;8420;9.1;3.6
70;2021-03-19;1019;143;22183;8563;9.5;3.7
70;2021-03-20;641;186;22824;8749;9.8;3.8
70;2021-03-21;9;0;22833;8749;9.8;3.8
70;2021-03-22;757;101;23590;8850;10.1;3.8
70;2021-03-23;1310;165;24900;9015;10.7;3.9
70;2021-03-24;1270;111;26170;9126;11.2;3.9
70;2021-03-25;1247;201;27417;9327;11.8;4.0
70;2021-03-26;1485;304;28902;9631;12.4;4.1
70;2021-03-27;956;129;29858;9760;12.8;4.2
70;2021-03-28;0;10;29858;9770;12.8;4.2
70;2021-03-29;721;417;30579;10187;13.1;4.4
70;2021-03-30;1093;317;31672;10504;13.6;4.5
70;2021-03-31;878;318;32550;10822;14.0;4.6
70;2021-04-01;1153;429;33703;11251;14.5;4.8
70;2021-04-02;1310;348;35013;11599;15.0;5.0
70;2021-04-03;639;323;35652;11922;15.3;5.1
70;2021-04-04;11;1;35663;11923;15.3;5.1
70;2021-04-05;4;2;35667;11925;15.3;5.1
70;2021-04-06;831;558;36498;12483;15.7;5.4
70;2021-04-07;858;590;37356;13073;16.0;5.6
70;2021-04-08;1319;567;38675;13640;16.6;5.8
70;2021-04-09;1402;542;40077;14182;17.2;6.1
70;2021-04-10;859;346;40936;14528;17.6;6.2
70;2021-04-11;23;1;40959;14529;17.6;6.2
70;2021-04-12;696;662;41655;15191;17.9;6.5
70;2021-04-13;921;770;42576;15961;18.3;6.8
70;2021-04-14;816;579;43392;16540;18.6;7.1
70;2021-04-15;1079;608;44471;17148;19.1;7.4
70;2021-04-16;1242;554;45713;17702;19.6;7.6
70;2021-04-17;688;469;46401;18171;19.9;7.8
70;2021-04-18;62;4;46463;18175;19.9;7.8
70;2021-04-19;540;810;47003;18985;20.2;8.1
70;2021-04-20;663;852;47666;19837;20.4;8.5
70;2021-04-21;483;932;48149;20769;20.6;8.9
70;2021-04-22;775;802;48924;21571;21.0;9.3
70;2021-04-23;875;743;49799;22314;21.4;9.6
70;2021-04-24;432;642;50231;22956;21.5;9.8
70;2021-04-25;11;0;50242;22956;21.5;9.8
70;2021-04-26;923;605;51165;23561;21.9;10.1
70;2021-04-27;1208;756;52373;24317;22.5;10.4
70;2021-04-28;889;811;53262;25128;22.8;10.8
70;2021-04-29;1342;935;54604;26063;23.4;11.2
70;2021-04-30;1533;876;56137;26939;24.1;11.6
70;2021-05-01;1694;121;57831;27060;24.8;11.6
70;2021-05-02;2;0;57833;27060;24.8;11.6
70;2021-05-03;1189;582;59022;27642;25.3;11.9
70;2021-05-04;1353;758;60375;28400;25.9;12.2
70;2021-05-05;1188;880;61563;29280;26.4;12.6
70;2021-05-06;1845;1271;63408;30551;27.2;13.1
70;2021-05-07;2127;1247;65535;31798;28.1;13.6
70;2021-05-08;1342;194;66877;31992;28.7;13.7
70;2021-05-09;9;58;66886;32050;28.7;13.7
70;2021-05-10;961;947;67847;32997;29.1;14.2
70;2021-05-11;1240;1080;69087;34077;29.6;14.6
70;2021-05-12;1175;866;70262;34943;30.1;15.0
70;2021-05-13;1544;147;71806;35090;30.8;15.0
70;2021-05-14;2062;757;73868;35847;31.7;15.4
70;2021-05-15;2656;531;76524;36378;32.8;15.6
70;2021-05-16;999;72;77523;36450;33.2;15.6
70;2021-05-17;1237;386;78760;36836;33.8;15.8
70;2021-05-18;1296;591;80056;37427;34.3;16.0
70;2021-05-19;1476;480;81532;37907;35.0;16.3
70;2021-05-20;1779;632;83311;38539;35.7;16.5
70;2021-05-21;1692;823;85003;39362;36.5;16.9
70;2021-05-22;1219;666;86222;40028;37.0;17.2
70;2021-05-23;8;14;86230;40042;37.0;17.2
70;2021-05-24;227;28;86457;40070;37.1;17.2
70;2021-05-25;837;926;87294;40996;37.4;17.6
70;2021-05-26;1048;946;88342;41942;37.9;18.0
70;2021-05-27;1263;998;89605;42940;38.4;18.4
70;2021-05-28;1546;1161;91151;44101;39.1;18.9
70;2021-05-29;1370;588;92521;44689;39.7;19.2
70;2021-05-30;1;8;92522;44697;39.7;19.2
70;2021-05-31;969;679;93491;45376;40.1;19.5
70;2021-06-01;1213;848;94704;46224;40.6;19.8
70;2021-06-02;1265;680;95969;46904;41.2;20.1
70;2021-06-03;1429;837;97398;47741;41.8;20.5
70;2021-06-04;1335;1111;98733;48852;42.3;20.9
70;2021-06-05;1024;663;99757;49515;42.8;21.2
70;2021-06-06;599;79;100356;49594;43.0;21.3
70;2021-06-07;941;848;101297;50442;43.4;21.6
70;2021-06-08;1216;1187;102513;51629;44.0;22.1
70;2021-06-09;1156;987;103669;52616;44.5;22.6
70;2021-06-10;1567;831;105236;53447;45.1;22.9
70;2021-06-11;1586;1959;106822;55406;45.8;23.8
70;2021-06-12;829;1970;107651;57376;46.2;24.6
70;2021-06-13;143;15;107794;57391;46.2;24.6
70;2021-06-14;559;1243;108353;58634;46.5;25.1
70;2021-06-15;451;1506;108804;60140;46.7;25.8
70;2021-06-16;798;1391;109602;61531;47.0;26.4
70;2021-06-17;1154;2098;110756;63629;47.5;27.3
70;2021-06-18;995;2254;111751;65883;47.9;28.3
70;2021-06-19;1092;1639;112843;67522;48.4;29.0
70;2021-06-20;1;3;112844;67525;48.4;29.0
70;2021-06-21;691;1453;113535;68978;48.7;29.6
70;2021-06-22;655;1513;114190;70491;49.0;30.2
70;2021-06-23;662;1569;114852;72060;49.3;30.9
70;2021-06-24;877;2049;115729;74109;49.6;31.8
70;2021-06-25;681;2649;116410;76758;49.9;32.9
70;2021-06-26;943;2136;117353;78894;50.3;33.8
70;2021-06-27;141;763;117494;79657;50.4;34.2
70;2021-06-28;335;1353;117829;81010;50.5;34.7
70;2021-06-29;411;1611;118240;82621;50.7;35.4
70;2021-06-30;390;1633;118630;84254;50.9;36.1
70;2021-07-01;642;1751;119272;86005;51.1;36.9
70;2021-07-02;815;1578;120087;87583;51.5;37.6
70;2021-07-03;841;1084;120928;88667;51.9;38.0
70;2021-07-04;29;70;120957;88737;51.9;38.1
70;2021-07-05;610;1037;121567;89774;52.1;38.5
70;2021-07-06;681;1274;122248;91048;52.4;39.0
70;2021-07-07;508;1425;122756;92473;52.6;39.7
70;2021-07-08;817;1574;123573;94047;53.0;40.3
70;2021-07-09;873;1662;124446;95709;53.4;41.0
70;2021-07-10;831;1033;125277;96742;53.7;41.5
70;2021-07-11;7;20;125284;96762;53.7;41.5
70;2021-07-12;432;1391;125716;98153;53.9;42.1
70;2021-07-13;907;1868;126623;100021;54.3;42.9
70;2021-07-14;33;6;126656;100027;54.3;42.9
70;2021-07-15;1382;1694;128038;101721;54.9;43.6
70;2021-07-16;1632;2061;129670;103782;55.6;44.5
70;2021-07-17;1501;1454;131171;105236;56.2;45.1
70;2021-07-18;1145;641;132316;105877;56.7;45.4
70;2021-07-19;883;976;133199;106853;57.1;45.8
70;2021-07-20;1349;1352;134548;108205;57.7;46.4
70;2021-07-21;1286;1402;135834;109607;58.2;47.0
70;2021-07-22;1867;1827;137701;111434;59.0;47.8
70;2021-07-23;1826;2491;139527;113925;59.8;48.9
70;2021-07-24;1364;1806;140891;115731;60.4;49.6
70;2021-07-25;27;3;140918;115734;60.4;49.6
70;2021-07-26;1055;975;141973;116709;60.9;50.0
70;2021-07-27;1398;976;143371;117685;61.5;50.5
70;2021-07-28;1404;1162;144775;118847;62.1;51.0
70;2021-07-29;1873;1387;146648;120234;62.9;51.6
70;2021-07-30;1975;1348;148623;121582;63.7;52.1
70;2021-07-31;1751;1166;150374;122748;64.5;52.6
70;2021-08-01;2;4;150376;122752;64.5;52.6
70;2021-08-02;776;736;151152;123488;64.8;53.0
70;2021-08-03;1296;1039;152448;124527;65.4;53.4
70;2021-08-04;1210;922;153658;125449;65.9;53.8
70;2021-08-05;1657;1191;155315;126640;66.6;54.3
70;2021-08-06;1795;1336;157110;127976;67.4;54.9
70;2021-08-07;1192;1032;158302;129008;67.9;55.3
70;2021-08-08;35;28;158337;129036;67.9;55.3
70;2021-08-09;533;704;158870;129740;68.1;55.6
70;2021-08-10;898;1129;159768;130869;68.5;56.1
70;2021-08-11;808;722;160576;131591;68.9;56.4
70;2021-08-12;906;1272;161482;132863;69.2;57.0
70;2021-08-13;1040;1621;162522;134484;69.7;57.7
70;2021-08-14;771;977;163293;135461;70.0;58.1
70;2021-08-15;36;28;163329;135489;70.0;58.1
70;2021-08-16;545;910;163874;136399;70.3;58.5
70;2021-08-17;680;1194;164554;137593;70.6;59.0
70;2021-08-18;535;939;165089;138532;70.8;59.4
70;2021-08-19;565;1385;165654;139917;71.0;60.0
70;2021-08-20;510;1900;166164;141817;71.3;60.8
70;2021-08-21;447;1163;166611;142980;71.4;61.3
70;2021-08-22;2;6;166613;142986;71.4;61.3
70;2021-08-23;282;879;166895;143865;71.6;61.7
70;2021-08-24;386;1373;167281;145238;71.7;62.3
70;2021-08-25;354;1344;167635;146582;71.9;62.9
70;2021-08-26;439;1560;168074;148142;72.1;63.5
70;2021-08-27;392;2127;168466;150269;72.2;64.4
70;2021-08-28;367;1706;168833;151975;72.4;65.2
70;2021-08-29;12;6;168845;151981;72.4;65.2
70;2021-08-30;298;831;169143;152812;72.5;65.5
70;2021-08-31;360;1121;169503;153933;72.7;66.0
70;2021-09-01;316;987;169819;154920;72.8;66.4
70;2021-09-02;305;1107;170124;156027;73.0;66.9
70;2021-09-03;280;1067;170404;157094;73.1;67.4
70;2021-09-04;455;1117;170859;158211;73.3;67.8
70;2021-09-05;21;22;170880;158233;73.3;67.9
70;2021-09-06;168;602;171048;158835;73.4;68.1
70;2021-09-07;186;746;171234;159581;73.4;68.4
70;2021-09-08;193;778;171427;160359;73.5;68.8
70;2021-09-09;182;734;171609;161093;73.6;69.1
70;2021-09-10;256;798;171865;161891;73.7;69.4
70;2021-09-11;297;891;172162;162782;73.8;69.8
70;2021-09-12;7;30;172169;162812;73.8;69.8
70;2021-09-13;155;354;172324;163166;73.9;70.0
70;2021-09-14;318;423;172642;163589;74.0;70.2
70;2021-09-15;171;533;172813;164122;74.1;70.4
70;2021-09-16;251;392;173064;164514;74.2;70.5
70;2021-09-17;195;457;173259;164971;74.3;70.7
70;2021-09-18;177;459;173436;165430;74.4;70.9
70;2021-09-19;3;14;173439;165444;74.4;70.9
70;2021-09-20;82;215;173521;165659;74.4;71.0
70;2021-09-21;163;280;173684;165939;74.5;71.2
70;2021-09-22;114;384;173798;166323;74.5;71.3
70;2021-09-23;66;229;173864;166552;74.6;71.4
70;2021-09-24;196;389;174060;166941;74.6;71.6
70;2021-09-25;139;504;174199;167445;74.7;71.8
70;2021-09-26;0;1;174199;167446;74.7;71.8
70;2021-09-27;51;201;174250;167647;74.7;71.9
70;2021-09-28;77;195;174327;167842;74.8;72.0
70;2021-09-29;91;240;174418;168082;74.8;72.1
70;2021-09-30;81;158;174499;168240;74.8;72.1
70;2021-10-01;122;250;174621;168490;74.9;72.3
70;2021-10-02;115;326;174736;168816;74.9;72.4
70;2021-10-03;1;1;174737;168817;74.9;72.4
70;2021-10-04;73;169;174810;168986;75.0;72.5
70;2021-10-05;82;289;174892;169275;75.0;72.6
70;2021-10-06;129;213;175021;169488;75.1;72.7
70;2021-10-07;99;225;175120;169713;75.1;72.8
70;2021-10-08;113;222;175233;169935;75.1;72.9
70;2021-10-09;137;302;175370;170237;75.2;73.0
70;2021-10-10;1;5;175371;170242;75.2;73.0
70;2021-10-11;50;109;175421;170351;75.2;73.1
70;2021-10-12;53;122;175474;170473;75.2;73.1
71;2020-12-27;0;0;0;0;0.0;0.0
71;2020-12-28;1;0;1;0;0.0;0.0
71;2020-12-29;0;0;1;0;0.0;0.0
71;2020-12-30;0;0;1;0;0.0;0.0
71;2020-12-31;0;0;1;0;0.0;0.0
71;2021-01-01;1;0;2;0;0.0;0.0
71;2021-01-02;0;0;2;0;0.0;0.0
71;2021-01-03;2;1;4;1;0.0;0.0
71;2021-01-04;1;0;5;1;0.0;0.0
71;2021-01-05;13;0;18;1;0.0;0.0
71;2021-01-06;72;0;90;1;0.0;0.0
71;2021-01-07;67;2;157;3;0.0;0.0
71;2021-01-08;146;0;303;3;0.1;0.0
71;2021-01-09;117;0;420;3;0.1;0.0
71;2021-01-10;1;0;421;3;0.1;0.0
71;2021-01-11;245;1;666;4;0.1;0.0
71;2021-01-12;845;1;1511;5;0.3;0.0
71;2021-01-13;564;2;2075;7;0.4;0.0
71;2021-01-14;591;12;2666;19;0.5;0.0
71;2021-01-15;665;2;3331;21;0.6;0.0
71;2021-01-16;10;0;3341;21;0.6;0.0
71;2021-01-17;0;0;3341;21;0.6;0.0
71;2021-01-18;1095;8;4436;29;0.8;0.0
71;2021-01-19;1694;7;6130;36;1.1;0.0
71;2021-01-20;1517;7;7647;43;1.4;0.0
71;2021-01-21;2062;20;9709;63;1.8;0.0
71;2021-01-22;1414;6;11123;69;2.0;0.0
71;2021-01-23;816;6;11939;75;2.2;0.0
71;2021-01-24;1;1;11940;76;2.2;0.0
71;2021-01-25;1065;6;13005;82;2.4;0.0
71;2021-01-26;1505;29;14510;111;2.6;0.0
71;2021-01-27;1249;34;15759;145;2.9;0.0
71;2021-01-28;1082;99;16841;244;3.1;0.0
71;2021-01-29;1015;142;17856;386;3.3;0.1
71;2021-01-30;604;2;18460;388;3.4;0.1
71;2021-01-31;1;15;18461;403;3.4;0.1
71;2021-02-01;752;238;19213;641;3.5;0.1
71;2021-02-02;754;356;19967;997;3.6;0.2
71;2021-02-03;817;422;20784;1419;3.8;0.3
71;2021-02-04;784;573;21568;1992;3.9;0.4
71;2021-02-05;704;522;22272;2514;4.1;0.5
71;2021-02-06;539;10;22811;2524;4.2;0.5
71;2021-02-07;4;50;22815;2574;4.2;0.5
71;2021-02-08;603;696;23418;3270;4.3;0.6
71;2021-02-09;371;1009;23789;4279;4.3;0.8
71;2021-02-10;412;991;24201;5270;4.4;1.0
71;2021-02-11;477;1181;24678;6451;4.5;1.2
71;2021-02-12;535;1037;25213;7488;4.6;1.4
71;2021-02-13;124;500;25337;7988;4.6;1.5
71;2021-02-14;2;7;25339;7995;4.6;1.5
71;2021-02-15;322;908;25661;8903;4.7;1.6
71;2021-02-16;445;1353;26106;10256;4.8;1.9
71;2021-02-17;428;1128;26534;11384;4.8;2.1
71;2021-02-18;548;930;27082;12314;4.9;2.2
71;2021-02-19;571;844;27653;13158;5.0;2.4
71;2021-02-20;224;382;27877;13540;5.1;2.5
71;2021-02-21;4;13;27881;13553;5.1;2.5
71;2021-02-22;238;871;28119;14424;5.1;2.6
71;2021-02-23;452;929;28571;15353;5.2;2.8
71;2021-02-24;446;719;29017;16072;5.3;2.9
71;2021-02-25;533;724;29550;16796;5.4;3.1
71;2021-02-26;832;539;30382;17335;5.5;3.2
71;2021-02-27;456;335;30838;17670;5.6;3.2
71;2021-02-28;54;14;30892;17684;5.6;3.2
71;2021-03-01;1188;683;32080;18367;5.9;3.4
71;2021-03-02;1573;650;33653;19017;6.1;3.5
71;2021-03-03;1818;774;35471;19791;6.5;3.6
71;2021-03-04;2002;827;37473;20618;6.8;3.8
71;2021-03-05;2286;699;39759;21317;7.3;3.9
71;2021-03-06;754;66;40513;21383;7.4;3.9
71;2021-03-07;40;21;40553;21404;7.4;3.9
71;2021-03-08;1454;789;42007;22193;7.7;4.1
71;2021-03-09;2162;536;44169;22729;8.1;4.1
71;2021-03-10;2173;482;46342;23211;8.5;4.2
71;2021-03-11;2630;677;48972;23888;8.9;4.4
71;2021-03-12;2603;632;51575;24520;9.4;4.5
71;2021-03-13;995;102;52570;24622;9.6;4.5
71;2021-03-14;36;0;52606;24622;9.6;4.5
71;2021-03-15;1797;501;54403;25123;9.9;4.6
71;2021-03-16;1821;204;56224;25327;10.3;4.6
71;2021-03-17;2135;257;58359;25584;10.7;4.7
71;2021-03-18;1954;441;60313;26025;11.0;4.8
71;2021-03-19;2370;342;62683;26367;11.4;4.8
71;2021-03-20;1084;42;63767;26409;11.6;4.8
71;2021-03-21;17;5;63784;26414;11.6;4.8
71;2021-03-22;2575;385;66359;26799;12.1;4.9
71;2021-03-23;3347;509;69706;27308;12.7;5.0
71;2021-03-24;3349;473;73055;27781;13.3;5.1
71;2021-03-25;4029;606;77084;28387;14.1;5.2
71;2021-03-26;4057;347;81141;28734;14.8;5.2
71;2021-03-27;997;107;82138;28841;15.0;5.3
71;2021-03-28;57;8;82195;28849;15.0;5.3
71;2021-03-29;2408;1176;84603;30025;15.4;5.5
71;2021-03-30;2948;1359;87551;31384;16.0;5.7
71;2021-03-31;2546;1533;90097;32917;16.4;6.0
71;2021-04-01;2718;1305;92815;34222;16.9;6.2
71;2021-04-02;2501;1423;95316;35645;17.4;6.5
71;2021-04-03;268;34;95584;35679;17.4;6.5
71;2021-04-04;6;0;95590;35679;17.4;6.5
71;2021-04-05;61;2;95651;35681;17.5;6.5
71;2021-04-06;2257;1882;97908;37563;17.9;6.9
71;2021-04-07;2387;1797;100295;39360;18.3;7.2
71;2021-04-08;3283;1813;103578;41173;18.9;7.5
71;2021-04-09;4040;1678;107618;42851;19.6;7.8
71;2021-04-10;769;49;108387;42900;19.8;7.8
71;2021-04-11;97;4;108484;42904;19.8;7.8
71;2021-04-12;2352;1705;110836;44609;20.2;8.1
71;2021-04-13;2583;1894;113419;46503;20.7;8.5
71;2021-04-14;2375;1929;115794;48432;21.1;8.8
71;2021-04-15;2779;1696;118573;50128;21.6;9.2
71;2021-04-16;2628;1647;121201;51775;22.1;9.5
71;2021-04-17;952;347;122153;52122;22.3;9.5
71;2021-04-18;106;6;122259;52128;22.3;9.5
71;2021-04-19;1758;2573;124017;54701;22.6;10.0
71;2021-04-20;2220;2604;126237;57305;23.0;10.5
71;2021-04-21;2123;2594;128360;59899;23.4;10.9
71;2021-04-22;2512;2450;130872;62349;23.9;11.4
71;2021-04-23;2922;2271;133794;64620;24.4;11.8
71;2021-04-24;517;52;134311;64672;24.5;11.8
71;2021-04-25;26;0;134337;64672;24.5;11.8
71;2021-04-26;2565;2140;136902;66812;25.0;12.2
71;2021-04-27;2990;2274;139892;69086;25.5;12.6
71;2021-04-28;3073;2129;142965;71215;26.1;13.0
71;2021-04-29;3780;2234;146745;73449;26.8;13.4
71;2021-04-30;3926;1730;150671;75179;27.5;13.7
71;2021-05-01;39;53;150710;75232;27.5;13.7
71;2021-05-02;23;18;150733;75250;27.5;13.7
71;2021-05-03;4290;1385;155023;76635;28.3;14.0
71;2021-05-04;2955;2360;157978;78995;28.8;14.4
71;2021-05-05;3426;2088;161404;81083;29.5;14.8
71;2021-05-06;3467;2373;164871;83456;30.1;15.2
71;2021-05-07;3678;2813;168549;86269;30.8;15.7
71;2021-05-08;179;183;168728;86452;30.8;15.8
71;2021-05-09;44;47;168772;86499;30.8;15.8
71;2021-05-10;3696;2293;172468;88792;31.5;16.2
71;2021-05-11;4663;2361;177131;91153;32.3;16.6
71;2021-05-12;3978;2602;181109;93755;33.1;17.1
71;2021-05-13;1576;155;182685;93910;33.3;17.1
71;2021-05-14;3766;2197;186451;96107;34.0;17.5
71;2021-05-15;243;331;186694;96438;34.1;17.6
71;2021-05-16;2;0;186696;96438;34.1;17.6
71;2021-05-17;3864;1887;190560;98325;34.8;17.9
71;2021-05-18;3498;2429;194058;100754;35.4;18.4
71;2021-05-19;3719;2279;197777;103033;36.1;18.8
71;2021-05-20;4184;2300;201961;105333;36.9;19.2
71;2021-05-21;3721;2567;205682;107900;37.5;19.7
71;2021-05-22;169;304;205851;108204;37.6;19.8
71;2021-05-23;14;55;205865;108259;37.6;19.8
71;2021-05-24;21;96;205886;108355;37.6;19.8
71;2021-05-25;2689;3004;208575;111359;38.1;20.3
71;2021-05-26;2972;2434;211547;113793;38.6;20.8
71;2021-05-27;3387;2589;214934;116382;39.2;21.2
71;2021-05-28;2919;3160;217853;119542;39.8;21.8
71;2021-05-29;482;659;218335;120201;39.9;21.9
71;2021-05-30;76;58;218411;120259;39.9;22.0
71;2021-05-31;2774;3455;221185;123714;40.4;22.6
71;2021-06-01;3671;3543;224856;127257;41.0;23.2
71;2021-06-02;3997;2635;228853;129892;41.8;23.7
71;2021-06-03;4435;2524;233288;132416;42.6;24.2
71;2021-06-04;3716;3715;237004;136131;43.3;24.8
71;2021-06-05;684;647;237688;136778;43.4;25.0
71;2021-06-06;57;91;237745;136869;43.4;25.0
71;2021-06-07;3281;4151;241026;141020;44.0;25.7
71;2021-06-08;3894;4010;244920;145030;44.7;26.5
71;2021-06-09;4695;2753;249615;147783;45.6;27.0
71;2021-06-10;5265;2748;254880;150531;46.5;27.5
71;2021-06-11;4435;3723;259315;154254;47.3;28.2
71;2021-06-12;715;595;260030;154849;47.5;28.3
71;2021-06-13;104;187;260134;155036;47.5;28.3
71;2021-06-14;3510;3786;263644;158822;48.1;29.0
71;2021-06-15;4205;3555;267849;162377;48.9;29.6
71;2021-06-16;4595;2731;272444;165108;49.7;30.1
71;2021-06-17;4267;3001;276711;168109;50.5;30.7
71;2021-06-18;4325;3770;281036;171879;51.3;31.4
71;2021-06-19;1269;654;282305;172533;51.5;31.5
71;2021-06-20;37;27;282342;172560;51.5;31.5
71;2021-06-21;2271;4277;284613;176837;52.0;32.3
71;2021-06-22;2689;4356;287302;181193;52.4;33.1
71;2021-06-23;3061;3421;290363;184614;53.0;33.7
71;2021-06-24;3328;3023;293691;187637;53.6;34.3
71;2021-06-25;2652;4473;296343;192110;54.1;35.1
71;2021-06-26;372;551;296715;192661;54.2;35.2
71;2021-06-27;29;67;296744;192728;54.2;35.2
71;2021-06-28;1535;4624;298279;197352;54.4;36.0
71;2021-06-29;1992;4823;300271;202175;54.8;36.9
71;2021-06-30;2503;3937;302774;206112;55.3;37.6
71;2021-07-01;2826;3899;305600;210011;55.8;38.3
71;2021-07-02;3032;3987;308632;213998;56.3;39.1
71;2021-07-03;319;712;308951;214710;56.4;39.2
71;2021-07-04;28;132;308979;214842;56.4;39.2
71;2021-07-05;2474;4322;311453;219164;56.9;40.0
71;2021-07-06;2462;4562;313915;223726;57.3;40.8
71;2021-07-07;2983;3724;316898;227450;57.8;41.5
71;2021-07-08;2766;4111;319664;231561;58.4;42.3
71;2021-07-09;2383;5023;322047;236584;58.8;43.2
71;2021-07-10;212;656;322259;237240;58.8;43.3
71;2021-07-11;15;65;322274;237305;58.8;43.3
71;2021-07-12;1911;5304;324185;242609;59.2;44.3
71;2021-07-13;2537;5863;326722;248472;59.6;45.4
71;2021-07-14;950;401;327672;248873;59.8;45.4
71;2021-07-15;3024;5734;330696;254607;60.4;46.5
71;2021-07-16;3294;6010;333990;260617;61.0;47.6
71;2021-07-17;505;781;334495;261398;61.1;47.7
71;2021-07-18;89;93;334584;261491;61.1;47.7
71;2021-07-19;2865;5553;337449;267044;61.6;48.7
71;2021-07-20;3367;5914;340816;272958;62.2;49.8
71;2021-07-21;3413;5472;344229;278430;62.8;50.8
71;2021-07-22;3945;5334;348174;283764;63.6;51.8
71;2021-07-23;3233;6002;351407;289766;64.1;52.9
71;2021-07-24;715;601;352122;290367;64.3;53.0
71;2021-07-25;148;82;352270;290449;64.3;53.0
71;2021-07-26;3597;4892;355867;295341;65.0;53.9
71;2021-07-27;4089;5123;359956;300464;65.7;54.8
71;2021-07-28;4248;4813;364204;305277;66.5;55.7
71;2021-07-29;4213;4645;368417;309922;67.3;56.6
71;2021-07-30;4241;4926;372658;314848;68.0;57.5
71;2021-07-31;722;723;373380;315571;68.2;57.6
71;2021-08-01;108;35;373488;315606;68.2;57.6
71;2021-08-02;3967;3760;377455;319366;68.9;58.3
71;2021-08-03;4408;3823;381863;323189;69.7;59.0
71;2021-08-04;4391;2986;386254;326175;70.5;59.5
71;2021-08-05;4189;3271;390443;329446;71.3;60.1
71;2021-08-06;3702;4015;394145;333461;71.9;60.9
71;2021-08-07;495;329;394640;333790;72.0;60.9
71;2021-08-08;51;65;394691;333855;72.0;60.9
71;2021-08-09;3045;3410;397736;337265;72.6;61.6
71;2021-08-10;3074;3389;400810;340654;73.2;62.2
71;2021-08-11;3186;3082;403996;343736;73.7;62.7
71;2021-08-12;3016;3106;407012;346842;74.3;63.3
71;2021-08-13;2691;3334;409703;350176;74.8;63.9
71;2021-08-14;282;518;409985;350694;74.8;64.0
71;2021-08-15;49;110;410034;350804;74.8;64.0
71;2021-08-16;1709;3528;411743;354332;75.2;64.7
71;2021-08-17;1739;3433;413482;357765;75.5;65.3
71;2021-08-18;1453;3160;414935;360925;75.7;65.9
71;2021-08-19;1277;3117;416212;364042;76.0;66.5
71;2021-08-20;1290;3699;417502;367741;76.2;67.1
71;2021-08-21;148;413;417650;368154;76.2;67.2
71;2021-08-22;41;99;417691;368253;76.2;67.2
71;2021-08-23;1427;4543;419118;372796;76.5;68.1
71;2021-08-24;1335;3804;420453;376600;76.7;68.7
71;2021-08-25;950;3773;421403;380373;76.9;69.4
71;2021-08-26;958;3393;422361;383766;77.1;70.1
71;2021-08-27;1151;4462;423512;388228;77.3;70.9
71;2021-08-28;195;413;423707;388641;77.3;70.9
71;2021-08-29;29;106;423736;388747;77.3;71.0
71;2021-08-30;1250;3879;424986;392626;77.6;71.7
71;2021-08-31;1022;3480;426008;396106;77.8;72.3
71;2021-09-01;933;3271;426941;399377;77.9;72.9
71;2021-09-02;602;2837;427543;402214;78.0;73.4
71;2021-09-03;836;3680;428379;405894;78.2;74.1
71;2021-09-04;267;530;428646;406424;78.2;74.2
71;2021-09-05;23;52;428669;406476;78.2;74.2
71;2021-09-06;638;2377;429307;408853;78.4;74.6
71;2021-09-07;517;1712;429824;410565;78.5;74.9
71;2021-09-08;720;2188;430544;412753;78.6;75.3
71;2021-09-09;456;1274;431000;414027;78.7;75.6
71;2021-09-10;819;2147;431819;416174;78.8;76.0
71;2021-09-11;199;266;432018;416440;78.9;76.0
71;2021-09-12;19;37;432037;416477;78.9;76.0
71;2021-09-13;643;1283;432680;417760;79.0;76.3
71;2021-09-14;487;1076;433167;418836;79.1;76.5
71;2021-09-15;603;1497;433770;420333;79.2;76.7
71;2021-09-16;447;823;434217;421156;79.3;76.9
71;2021-09-17;534;1437;434751;422593;79.4;77.1
71;2021-09-18;144;262;434895;422855;79.4;77.2
71;2021-09-19;9;28;434904;422883;79.4;77.2
71;2021-09-20;488;925;435392;423808;79.5;77.4
71;2021-09-21;294;711;435686;424519;79.5;77.5
71;2021-09-22;341;1377;436027;425896;79.6;77.7
71;2021-09-23;306;578;436333;426474;79.6;77.8
71;2021-09-24;367;1029;436700;427503;79.7;78.0
71;2021-09-25;71;176;436771;427679;79.7;78.1
71;2021-09-26;11;35;436782;427714;79.7;78.1
71;2021-09-27;287;757;437069;428471;79.8;78.2
71;2021-09-28;288;477;437357;428948;79.8;78.3
71;2021-09-29;332;740;437689;429688;79.9;78.4
71;2021-09-30;208;500;437897;430188;79.9;78.5
71;2021-10-01;332;893;438229;431081;80.0;78.7
71;2021-10-02;108;226;438337;431307;80.0;78.7
71;2021-10-03;3;7;438340;431314;80.0;78.7
71;2021-10-04;252;555;438592;431869;80.1;78.8
71;2021-10-05;195;392;438787;432261;80.1;78.9
71;2021-10-06;380;657;439167;432918;80.2;79.0
71;2021-10-07;147;348;439314;433266;80.2;79.1
71;2021-10-08;321;647;439635;433913;80.3;79.2
71;2021-10-09;59;163;439694;434076;80.3;79.2
71;2021-10-10;5;17;439699;434093;80.3;79.2
71;2021-10-11;253;517;439952;434610;80.3;79.3
71;2021-10-12;201;415;440153;435025;80.3;79.4
72;2020-12-27;0;0;0;0;0.0;0.0
72;2020-12-28;0;0;0;0;0.0;0.0
72;2020-12-29;0;0;0;0;0.0;0.0
72;2020-12-30;0;0;0;0;0.0;0.0
72;2020-12-31;0;0;0;0;0.0;0.0
72;2021-01-01;2;0;2;0;0.0;0.0
72;2021-01-02;0;0;2;0;0.0;0.0
72;2021-01-03;0;0;2;0;0.0;0.0
72;2021-01-04;0;0;2;0;0.0;0.0
72;2021-01-05;14;0;16;0;0.0;0.0
72;2021-01-06;27;0;43;0;0.0;0.0
72;2021-01-07;110;1;153;1;0.0;0.0
72;2021-01-08;232;1;385;2;0.1;0.0
72;2021-01-09;36;0;421;2;0.1;0.0
72;2021-01-10;0;0;421;2;0.1;0.0
72;2021-01-11;485;1;906;3;0.2;0.0
72;2021-01-12;614;1;1520;4;0.3;0.0
72;2021-01-13;500;1;2020;5;0.4;0.0
72;2021-01-14;644;3;2664;8;0.5;0.0
72;2021-01-15;478;1;3142;9;0.6;0.0
72;2021-01-16;94;0;3236;9;0.6;0.0
72;2021-01-17;0;0;3236;9;0.6;0.0
72;2021-01-18;294;1;3530;10;0.6;0.0
72;2021-01-19;779;4;4309;14;0.8;0.0
72;2021-01-20;1539;6;5848;20;1.0;0.0
72;2021-01-21;1778;6;7626;26;1.4;0.0
72;2021-01-22;1149;6;8775;32;1.6;0.0
72;2021-01-23;32;0;8807;32;1.6;0.0
72;2021-01-24;0;0;8807;32;1.6;0.0
72;2021-01-25;503;7;9310;39;1.7;0.0
72;2021-01-26;1166;21;10476;60;1.9;0.0
72;2021-01-27;883;22;11359;82;2.0;0.0
72;2021-01-28;776;67;12135;149;2.2;0.0
72;2021-01-29;712;68;12847;217;2.3;0.0
72;2021-01-30;58;0;12905;217;2.3;0.0
72;2021-01-31;1;0;12906;217;2.3;0.0
72;2021-02-01;499;228;13405;445;2.4;0.1
72;2021-02-02;506;294;13911;739;2.5;0.1
72;2021-02-03;487;230;14398;969;2.6;0.2
72;2021-02-04;477;341;14875;1310;2.7;0.2
72;2021-02-05;514;407;15389;1717;2.7;0.3
72;2021-02-06;83;14;15472;1731;2.8;0.3
72;2021-02-07;19;3;15491;1734;2.8;0.3
72;2021-02-08;310;401;15801;2135;2.8;0.4
72;2021-02-09;488;530;16289;2665;2.9;0.5
72;2021-02-10;567;929;16856;3594;3.0;0.6
72;2021-02-11;860;1343;17716;4937;3.2;0.9
72;2021-02-12;851;594;18567;5531;3.3;1.0
72;2021-02-13;111;38;18678;5569;3.3;1.0
72;2021-02-14;1;22;18679;5591;3.3;1.0
72;2021-02-15;220;502;18899;6093;3.4;1.1
72;2021-02-16;503;1027;19402;7120;3.5;1.3
72;2021-02-17;463;715;19865;7835;3.5;1.4
72;2021-02-18;595;635;20460;8470;3.7;1.5
72;2021-02-19;521;598;20981;9068;3.7;1.6
72;2021-02-20;81;57;21062;9125;3.8;1.6
72;2021-02-21;0;0;21062;9125;3.8;1.6
72;2021-02-22;329;578;21391;9703;3.8;1.7
72;2021-02-23;569;531;21960;10234;3.9;1.8
72;2021-02-24;435;472;22395;10706;4.0;1.9
72;2021-02-25;922;564;23317;11270;4.2;2.0
72;2021-02-26;600;512;23917;11782;4.3;2.1
72;2021-02-27;322;67;24239;11849;4.3;2.1
72;2021-02-28;15;17;24254;11866;4.3;2.1
72;2021-03-01;379;480;24633;12346;4.4;2.2
72;2021-03-02;503;605;25136;12951;4.5;2.3
72;2021-03-03;733;656;25869;13607;4.6;2.4
72;2021-03-04;742;787;26611;14394;4.8;2.6
72;2021-03-05;935;772;27546;15166;4.9;2.7
72;2021-03-06;761;136;28307;15302;5.1;2.7
72;2021-03-07;448;26;28755;15328;5.1;2.7
72;2021-03-08;561;446;29316;15774;5.2;2.8
72;2021-03-09;1045;644;30361;16418;5.4;2.9
72;2021-03-10;1134;662;31495;17080;5.6;3.0
72;2021-03-11;1610;498;33105;17578;5.9;3.1
72;2021-03-12;1364;519;34469;18097;6.2;3.2
72;2021-03-13;983;120;35452;18217;6.3;3.3
72;2021-03-14;14;10;35466;18227;6.3;3.3
72;2021-03-15;1159;225;36625;18452;6.5;3.3
72;2021-03-16;1052;191;37677;18643;6.7;3.3
72;2021-03-17;1035;263;38712;18906;6.9;3.4
72;2021-03-18;1089;371;39801;19277;7.1;3.4
72;2021-03-19;1275;292;41076;19569;7.3;3.5
72;2021-03-20;488;93;41564;19662;7.4;3.5
72;2021-03-21;19;0;41583;19662;7.4;3.5
72;2021-03-22;1347;345;42930;20007;7.7;3.6
72;2021-03-23;1724;486;44654;20493;8.0;3.7
72;2021-03-24;1842;307;46496;20800;8.3;3.7
72;2021-03-25;2448;468;48944;21268;8.7;3.8
72;2021-03-26;2336;374;51280;21642;9.2;3.9
72;2021-03-27;616;31;51896;21673;9.3;3.9
72;2021-03-28;22;0;51918;21673;9.3;3.9
72;2021-03-29;1616;383;53534;22056;9.6;3.9
72;2021-03-30;2496;390;56030;22446;10.0;4.0
72;2021-03-31;2145;374;58175;22820;10.4;4.1
72;2021-04-01;2850;354;61025;23174;10.9;4.1
72;2021-04-02;2247;405;63272;23579;11.3;4.2
72;2021-04-03;291;39;63563;23618;11.3;4.2
72;2021-04-04;16;5;63579;23623;11.3;4.2
72;2021-04-05;51;49;63630;23672;11.4;4.2
72;2021-04-06;1759;471;65389;24143;11.7;4.3
72;2021-04-07;2577;603;67966;24746;12.1;4.4
72;2021-04-08;2721;785;70687;25531;12.6;4.6
72;2021-04-09;3863;591;74550;26122;13.3;4.7
72;2021-04-10;1112;54;75662;26176;13.5;4.7
72;2021-04-11;8;1;75670;26177;13.5;4.7
72;2021-04-12;1846;906;77516;27083;13.8;4.8
72;2021-04-13;2373;1082;79889;28165;14.3;5.0
72;2021-04-14;2250;1099;82139;29264;14.7;5.2
72;2021-04-15;2420;1120;84559;30384;15.1;5.4
72;2021-04-16;2563;970;87122;31354;15.6;5.6
72;2021-04-17;707;145;87829;31499;15.7;5.6
72;2021-04-18;57;2;87886;31501;15.7;5.6
72;2021-04-19;1396;1098;89282;32599;15.9;5.8
72;2021-04-20;2996;1309;92278;33908;16.5;6.1
72;2021-04-21;2515;1567;94793;35475;16.9;6.3
72;2021-04-22;2814;1794;97607;37269;17.4;6.7
72;2021-04-23;3213;1461;100820;38730;18.0;6.9
72;2021-04-24;1400;270;102220;39000;18.2;7.0
72;2021-04-25;881;18;103101;39018;18.4;7.0
72;2021-04-26;3513;1482;106614;40500;19.0;7.2
72;2021-04-27;4088;1867;110702;42367;19.8;7.6
72;2021-04-28;3835;1880;114537;44247;20.4;7.9
72;2021-04-29;4161;1821;118698;46068;21.2;8.2
72;2021-04-30;3615;1714;122313;47782;21.8;8.5
72;2021-05-01;1641;227;123954;48009;22.1;8.6
72;2021-05-02;1533;161;125487;48170;22.4;8.6
72;2021-05-03;3456;1155;128943;49325;23.0;8.8
72;2021-05-04;4013;1807;132956;51132;23.7;9.1
72;2021-05-05;3866;2182;136822;53314;24.4;9.5
72;2021-05-06;3596;1947;140418;55261;25.1;9.9
72;2021-05-07;3544;2149;143962;57410;25.7;10.2
72;2021-05-08;1900;155;145862;57565;26.0;10.3
72;2021-05-09;2080;213;147942;57778;26.4;10.3
72;2021-05-10;3769;1527;151711;59305;27.1;10.6
72;2021-05-11;4596;1997;156307;61302;27.9;10.9
72;2021-05-12;4080;1819;160387;63121;28.6;11.3
72;2021-05-13;3031;273;163418;63394;29.2;11.3
72;2021-05-14;3663;1399;167081;64793;29.8;11.6
72;2021-05-15;3117;365;170198;65158;30.4;11.6
72;2021-05-16;2500;152;172698;65310;30.8;11.7
72;2021-05-17;3724;1289;176422;66599;31.5;11.9
72;2021-05-18;4330;1690;180752;68289;32.3;12.2
72;2021-05-19;3973;1513;184725;69802;33.0;12.5
72;2021-05-20;4261;1455;188986;71257;33.7;12.7
72;2021-05-21;3788;1392;192774;72649;34.4;13.0
72;2021-05-22;2561;506;195335;73155;34.9;13.1
72;2021-05-23;1391;163;196726;73318;35.1;13.1
72;2021-05-24;2353;295;199079;73613;35.5;13.1
72;2021-05-25;4076;1412;203155;75025;36.3;13.4
72;2021-05-26;4096;1414;207251;76439;37.0;13.6
72;2021-05-27;4345;2049;211596;78488;37.8;14.0
72;2021-05-28;4105;2017;215701;80505;38.5;14.4
72;2021-05-29;2668;811;218369;81316;39.0;14.5
72;2021-05-30;1142;871;219511;82187;39.2;14.7
72;2021-05-31;3121;2331;222632;84518;39.7;15.1
72;2021-06-01;3570;2670;226202;87188;40.4;15.6
72;2021-06-02;3611;2785;229813;89973;41.0;16.1
72;2021-06-03;4242;2996;234055;92969;41.8;16.6
72;2021-06-04;3891;2752;237946;95721;42.5;17.1
72;2021-06-05;1440;2567;239386;98288;42.7;17.5
72;2021-06-06;911;1541;240297;99829;42.9;17.8
72;2021-06-07;1744;3424;242041;103253;43.2;18.4
72;2021-06-08;2930;3835;244971;107088;43.7;19.1
72;2021-06-09;2646;3371;247617;110459;44.2;19.7
72;2021-06-10;2825;3319;250442;113778;44.7;20.3
72;2021-06-11;2840;3775;253282;117553;45.2;21.0
72;2021-06-12;1242;2603;254524;120156;45.4;21.4
72;2021-06-13;388;1860;254912;122016;45.5;21.8
72;2021-06-14;1336;4127;256248;126143;45.7;22.5
72;2021-06-15;2751;3516;258999;129659;46.2;23.1
72;2021-06-16;2428;3581;261427;133240;46.7;23.8
72;2021-06-17;2318;3877;263745;137117;47.1;24.5
72;2021-06-18;2310;4317;266055;141434;47.5;25.2
72;2021-06-19;1128;2763;267183;144197;47.7;25.7
72;2021-06-20;339;2055;267522;146252;47.8;26.1
72;2021-06-21;1564;4034;269086;150286;48.0;26.8
72;2021-06-22;1715;4993;270801;155279;48.3;27.7
72;2021-06-23;2008;4223;272809;159502;48.7;28.5
72;2021-06-24;2233;4013;275042;163515;49.1;29.2
72;2021-06-25;1774;4836;276816;168351;49.4;30.1
72;2021-06-26;1190;2876;278006;171227;49.6;30.6
72;2021-06-27;392;2111;278398;173338;49.7;30.9
72;2021-06-28;1439;4292;279837;177630;50.0;31.7
72;2021-06-29;1770;4741;281607;182371;50.3;32.6
72;2021-06-30;1980;4169;283587;186540;50.6;33.3
72;2021-07-01;1954;4417;285541;190957;51.0;34.1
72;2021-07-02;1853;4714;287394;195671;51.3;34.9
72;2021-07-03;1292;3124;288686;198795;51.5;35.5
72;2021-07-04;579;1948;289265;200743;51.6;35.8
72;2021-07-05;1193;4164;290458;204907;51.8;36.6
72;2021-07-06;1458;5160;291916;210067;52.1;37.5
72;2021-07-07;1582;4609;293498;214676;52.4;38.3
72;2021-07-08;1648;4326;295146;219002;52.7;39.1
72;2021-07-09;2107;4603;297253;223605;53.1;39.9
72;2021-07-10;1589;2691;298842;226296;53.3;40.4
72;2021-07-11;947;1587;299789;227883;53.5;40.7
72;2021-07-12;1592;3757;301381;231640;53.8;41.3
72;2021-07-13;2091;4774;303472;236414;54.2;42.2
72;2021-07-14;1325;2365;304797;238779;54.4;42.6
72;2021-07-15;3485;3422;308282;242201;55.0;43.2
72;2021-07-16;3175;4124;311457;246325;55.6;44.0
72;2021-07-17;2646;1760;314103;248085;56.1;44.3
72;2021-07-18;1710;824;315813;248909;56.4;44.4
72;2021-07-19;2919;3507;318732;252416;56.9;45.1
72;2021-07-20;3040;4284;321772;256700;57.4;45.8
72;2021-07-21;2884;3589;324656;260289;58.0;46.5
72;2021-07-22;3772;2918;328428;263207;58.6;47.0
72;2021-07-23;3478;3792;331906;266999;59.2;47.7
72;2021-07-24;2820;1462;334726;268461;59.7;47.9
72;2021-07-25;1453;1081;336179;269542;60.0;48.1
72;2021-07-26;2726;2918;338905;272460;60.5;48.6
72;2021-07-27;3859;3822;342764;276282;61.2;49.3
72;2021-07-28;3571;3122;346335;279404;61.8;49.9
72;2021-07-29;3572;2712;349907;282116;62.5;50.4
72;2021-07-30;3788;3385;353695;285501;63.1;51.0
72;2021-07-31;2546;1750;356241;287251;63.6;51.3
72;2021-08-01;1835;432;358076;287683;63.9;51.4
72;2021-08-02;3215;2285;361291;289968;64.5;51.8
72;2021-08-03;3236;3297;364527;293265;65.1;52.3
72;2021-08-04;3769;2554;368296;295819;65.7;52.8
72;2021-08-05;3770;2460;372066;298279;66.4;53.2
72;2021-08-06;3342;2695;375408;300974;67.0;53.7
72;2021-08-07;2347;1613;377755;302587;67.4;54.0
72;2021-08-08;1623;701;379378;303288;67.7;54.1
72;2021-08-09;2699;2670;382077;305958;68.2;54.6
72;2021-08-10;2915;2748;384992;308706;68.7;55.1
72;2021-08-11;2368;2204;387360;310910;69.1;55.5
72;2021-08-12;2381;2597;389741;313507;69.6;56.0
72;2021-08-13;2158;2295;391899;315802;70.0;56.4
72;2021-08-14;1167;1546;393066;317348;70.2;56.6
72;2021-08-15;623;614;393689;317962;70.3;56.8
72;2021-08-16;1649;2372;395338;320334;70.6;57.2
72;2021-08-17;1717;2889;397055;323223;70.9;57.7
72;2021-08-18;1709;2872;398764;326095;71.2;58.2
72;2021-08-19;1245;2914;400009;329009;71.4;58.7
72;2021-08-20;1656;3170;401665;332179;71.7;59.3
72;2021-08-21;699;2031;402364;334210;71.8;59.7
72;2021-08-22;261;1150;402625;335360;71.9;59.9
72;2021-08-23;1738;3422;404363;338782;72.2;60.5
72;2021-08-24;1532;4122;405895;342904;72.5;61.2
72;2021-08-25;1601;3453;407496;346357;72.7;61.8
72;2021-08-26;1264;4443;408760;350800;73.0;62.6
72;2021-08-27;1192;4113;409952;354913;73.2;63.4
72;2021-08-28;881;2656;410833;357569;73.3;63.8
72;2021-08-29;357;1683;411190;359252;73.4;64.1
72;2021-08-30;1130;3407;412320;362659;73.6;64.7
72;2021-08-31;1219;3911;413539;366570;73.8;65.4
72;2021-09-01;1070;3162;414609;369732;74.0;66.0
72;2021-09-02;901;3231;415510;372963;74.2;66.6
72;2021-09-03;928;3064;416438;376027;74.3;67.1
72;2021-09-04;702;2554;417140;378581;74.5;67.6
72;2021-09-05;256;1498;417396;380079;74.5;67.8
72;2021-09-06;585;2506;417981;382585;74.6;68.3
72;2021-09-07;507;2582;418488;385167;74.7;68.8
72;2021-09-08;617;2889;419105;388056;74.8;69.3
72;2021-09-09;396;1770;419501;389826;74.9;69.6
72;2021-09-10;625;2395;420126;392221;75.0;70.0
72;2021-09-11;402;2636;420528;394857;75.1;70.5
72;2021-09-12;170;923;420698;395780;75.1;70.6
72;2021-09-13;368;1302;421066;397082;75.2;70.9
72;2021-09-14;488;1225;421554;398307;75.2;71.1
72;2021-09-15;615;1994;422169;400301;75.4;71.5
72;2021-09-16;335;832;422504;401133;75.4;71.6
72;2021-09-17;443;1423;422947;402556;75.5;71.9
72;2021-09-18;355;1520;423302;404076;75.6;72.1
72;2021-09-19;89;359;423391;404435;75.6;72.2
72;2021-09-20;350;793;423741;405228;75.6;72.3
72;2021-09-21;318;787;424059;406015;75.7;72.5
72;2021-09-22;442;1526;424501;407541;75.8;72.7
72;2021-09-23;396;630;424897;408171;75.8;72.9
72;2021-09-24;601;1006;425498;409177;76.0;73.0
72;2021-09-25;259;1004;425757;410181;76.0;73.2
72;2021-09-26;73;215;425830;410396;76.0;73.3
72;2021-09-27;210;640;426040;411036;76.0;73.4
72;2021-09-28;206;427;426246;411463;76.1;73.4
72;2021-09-29;360;1013;426606;412476;76.1;73.6
72;2021-09-30;164;331;426770;412807;76.2;73.7
72;2021-10-01;288;707;427058;413514;76.2;73.8
72;2021-10-02;311;581;427369;414095;76.3;73.9
72;2021-10-03;91;161;427460;414256;76.3;73.9
72;2021-10-04;178;410;427638;414666;76.3;74.0
72;2021-10-05;268;331;427906;414997;76.4;74.1
72;2021-10-06;257;560;428163;415557;76.4;74.2
72;2021-10-07;220;353;428383;415910;76.5;74.2
72;2021-10-08;328;648;428711;416558;76.5;74.4
72;2021-10-09;217;436;428928;416994;76.6;74.4
72;2021-10-10;84;117;429012;417111;76.6;74.5
72;2021-10-11;173;259;429185;417370;76.6;74.5
72;2021-10-12;211;361;429396;417731;76.6;74.6
73;2020-12-27;1;1;1;1;0.0;0.0
73;2020-12-28;1;0;2;1;0.0;0.0
73;2020-12-29;0;0;2;1;0.0;0.0
73;2020-12-30;0;0;2;1;0.0;0.0
73;2020-12-31;0;0;2;1;0.0;0.0
73;2021-01-01;0;0;2;1;0.0;0.0
73;2021-01-02;0;0;2;1;0.0;0.0
73;2021-01-03;0;0;2;1;0.0;0.0
73;2021-01-04;1;0;3;1;0.0;0.0
73;2021-01-05;0;0;3;1;0.0;0.0
73;2021-01-06;1;0;4;1;0.0;0.0
73;2021-01-07;30;0;34;1;0.0;0.0
73;2021-01-08;81;0;115;1;0.0;0.0
73;2021-01-09;0;0;115;1;0.0;0.0
73;2021-01-10;0;0;115;1;0.0;0.0
73;2021-01-11;101;1;216;2;0.0;0.0
73;2021-01-12;303;1;519;3;0.1;0.0
73;2021-01-13;363;1;882;4;0.2;0.0
73;2021-01-14;516;3;1398;7;0.3;0.0
73;2021-01-15;617;1;2015;8;0.5;0.0
73;2021-01-16;128;2;2143;10;0.5;0.0
73;2021-01-17;0;0;2143;10;0.5;0.0
73;2021-01-18;624;0;2767;10;0.6;0.0
73;2021-01-19;1240;4;4007;14;0.9;0.0
73;2021-01-20;950;2;4957;16;1.1;0.0
73;2021-01-21;984;5;5941;21;1.4;0.0
73;2021-01-22;947;0;6888;21;1.6;0.0
73;2021-01-23;389;0;7277;21;1.7;0.0
73;2021-01-24;0;0;7277;21;1.7;0.0
73;2021-01-25;656;6;7933;27;1.8;0.0
73;2021-01-26;761;2;8694;29;2.0;0.0
73;2021-01-27;1107;6;9801;35;2.3;0.0
73;2021-01-28;961;5;10762;40;2.5;0.0
73;2021-01-29;684;7;11446;47;2.6;0.0
73;2021-01-30;345;3;11791;50;2.7;0.0
73;2021-01-31;0;0;11791;50;2.7;0.0
73;2021-02-01;606;42;12397;92;2.9;0.0
73;2021-02-02;752;336;13149;428;3.0;0.1
73;2021-02-03;648;353;13797;781;3.2;0.2
73;2021-02-04;626;236;14423;1017;3.3;0.2
73;2021-02-05;680;408;15103;1425;3.5;0.3
73;2021-02-06;263;39;15366;1464;3.6;0.3
73;2021-02-07;1;0;15367;1464;3.6;0.3
73;2021-02-08;524;253;15891;1717;3.7;0.4
73;2021-02-09;793;454;16684;2171;3.9;0.5
73;2021-02-10;901;395;17585;2566;4.1;0.6
73;2021-02-11;963;718;18548;3284;4.3;0.8
73;2021-02-12;811;512;19359;3796;4.5;0.9
73;2021-02-13;263;59;19622;3855;4.5;0.9
73;2021-02-14;1;0;19623;3855;4.5;0.9
73;2021-02-15;346;528;19969;4383;4.6;1.0
73;2021-02-16;454;764;20423;5147;4.7;1.2
73;2021-02-17;451;966;20874;6113;4.8;1.4
73;2021-02-18;467;559;21341;6672;4.9;1.5
73;2021-02-19;445;640;21786;7312;5.0;1.7
73;2021-02-20;70;249;21856;7561;5.1;1.7
73;2021-02-21;0;0;21856;7561;5.1;1.7
73;2021-02-22;240;443;22096;8004;5.1;1.9
73;2021-02-23;327;523;22423;8527;5.2;2.0
73;2021-02-24;487;748;22910;9275;5.3;2.1
73;2021-02-25;504;515;23414;9790;5.4;2.3
73;2021-02-26;730;569;24144;10359;5.6;2.4
73;2021-02-27;330;237;24474;10596;5.7;2.4
73;2021-02-28;2;1;24476;10597;5.7;2.4
73;2021-03-01;557;509;25033;11106;5.8;2.6
73;2021-03-02;667;902;25700;12008;5.9;2.8
73;2021-03-03;643;1197;26343;13205;6.1;3.1
73;2021-03-04;1040;905;27383;14110;6.3;3.3
73;2021-03-05;1240;614;28623;14724;6.6;3.4
73;2021-03-06;1091;336;29714;15060;6.9;3.5
73;2021-03-07;455;94;30169;15154;7.0;3.5
73;2021-03-08;609;430;30778;15584;7.1;3.6
73;2021-03-09;985;543;31763;16127;7.3;3.7
73;2021-03-10;1035;874;32798;17001;7.6;3.9
73;2021-03-11;1559;663;34357;17664;7.9;4.1
73;2021-03-12;2018;539;36375;18203;8.4;4.2
73;2021-03-13;1180;206;37555;18409;8.7;4.3
73;2021-03-14;66;3;37621;18412;8.7;4.3
73;2021-03-15;1185;400;38806;18812;9.0;4.3
73;2021-03-16;795;400;39601;19212;9.2;4.4
73;2021-03-17;877;481;40478;19693;9.4;4.6
73;2021-03-18;1352;260;41830;19953;9.7;4.6
73;2021-03-19;1767;396;43597;20349;10.1;4.7
73;2021-03-20;888;131;44485;20480;10.3;4.7
73;2021-03-21;123;3;44608;20483;10.3;4.7
73;2021-03-22;1184;403;45792;20886;10.6;4.8
73;2021-03-23;1448;244;47240;21130;10.9;4.9
73;2021-03-24;1597;346;48837;21476;11.3;5.0
73;2021-03-25;2064;389;50901;21865;11.8;5.1
73;2021-03-26;2472;368;53373;22233;12.3;5.1
73;2021-03-27;885;148;54258;22381;12.5;5.2
73;2021-03-28;312;16;54570;22397;12.6;5.2
73;2021-03-29;1508;241;56078;22638;13.0;5.2
73;2021-03-30;2087;487;58165;23125;13.4;5.3
73;2021-03-31;2089;407;60254;23532;13.9;5.4
73;2021-04-01;2087;339;62341;23871;14.4;5.5
73;2021-04-02;2362;236;64703;24107;15.0;5.6
73;2021-04-03;848;147;65551;24254;15.2;5.6
73;2021-04-04;188;18;65739;24272;15.2;5.6
73;2021-04-05;212;26;65951;24298;15.2;5.6
73;2021-04-06;1506;513;67457;24811;15.6;5.7
73;2021-04-07;1947;654;69404;25465;16.0;5.9
73;2021-04-08;2492;827;71896;26292;16.6;6.1
73;2021-04-09;3059;532;74955;26824;17.3;6.2
73;2021-04-10;1134;322;76089;27146;17.6;6.3
73;2021-04-11;164;10;76253;27156;17.6;6.3
73;2021-04-12;1696;988;77949;28144;18.0;6.5
73;2021-04-13;1895;1131;79844;29275;18.5;6.8
73;2021-04-14;2012;1093;81856;30368;18.9;7.0
73;2021-04-15;2416;1192;84272;31560;19.5;7.3
73;2021-04-16;1893;936;86165;32496;19.9;7.5
73;2021-04-17;1173;561;87338;33057;20.2;7.6
73;2021-04-18;155;76;87493;33133;20.2;7.7
73;2021-04-19;1383;1066;88876;34199;20.5;7.9
73;2021-04-20;1790;1327;90666;35526;21.0;8.2
73;2021-04-21;1576;1305;92242;36831;21.3;8.5
73;2021-04-22;1812;1226;94054;38057;21.7;8.8
73;2021-04-23;1897;1254;95951;39311;22.2;9.1
73;2021-04-24;980;679;96931;39990;22.4;9.2
73;2021-04-25;79;97;97010;40087;22.4;9.3
73;2021-04-26;1164;1320;98174;41407;22.7;9.6
73;2021-04-27;1440;1475;99614;42882;23.0;9.9
73;2021-04-28;1731;1461;101345;44343;23.4;10.3
73;2021-04-29;2413;1565;103758;45908;24.0;10.6
73;2021-04-30;2396;1445;106154;47353;24.5;10.9
73;2021-05-01;1068;310;107222;47663;24.8;11.0
73;2021-05-02;34;165;107256;47828;24.8;11.1
73;2021-05-03;1392;1595;108648;49423;25.1;11.4
73;2021-05-04;1712;1835;110360;51258;25.5;11.9
73;2021-05-05;1974;1690;112334;52948;26.0;12.2
73;2021-05-06;2431;1698;114765;54646;26.5;12.6
73;2021-05-07;2259;1849;117024;56495;27.1;13.1
73;2021-05-08;1838;377;118862;56872;27.5;13.1
73;2021-05-09;127;127;118989;56999;27.5;13.2
73;2021-05-10;1608;1892;120597;58891;27.9;13.6
73;2021-05-11;2378;2368;122975;61259;28.4;14.2
73;2021-05-12;3555;2098;126530;63357;29.3;14.6
73;2021-05-13;1554;276;128084;63633;29.6;14.7
73;2021-05-14;1588;1493;129672;65126;30.0;15.1
73;2021-05-15;1447;943;131119;66069;30.3;15.3
73;2021-05-16;131;62;131250;66131;30.3;15.3
73;2021-05-17;1711;1953;132961;68084;30.7;15.7
73;2021-05-18;2495;1736;135456;69820;31.3;16.1
73;2021-05-19;2538;1622;137994;71442;31.9;16.5
73;2021-05-20;3162;1502;141156;72944;32.6;16.9
73;2021-05-21;2473;1850;143629;74794;33.2;17.3
73;2021-05-22;1989;923;145618;75717;33.7;17.5
73;2021-05-23;212;14;145830;75731;33.7;17.5
73;2021-05-24;2563;327;148393;76058;34.3;17.6
73;2021-05-25;2139;1741;150532;77799;34.8;18.0
73;2021-05-26;2342;2000;152874;79799;35.3;18.4
73;2021-05-27;3081;1715;155955;81514;36.1;18.8
73;2021-05-28;2918;2376;158873;83890;36.7;19.4
73;2021-05-29;2316;1322;161189;85212;37.3;19.7
73;2021-05-30;188;14;161377;85226;37.3;19.7
73;2021-05-31;2410;1632;163787;86858;37.9;20.1
73;2021-06-01;3178;1792;166965;88650;38.6;20.5
73;2021-06-02;3108;1459;170073;90109;39.3;20.8
73;2021-06-03;4422;1741;174495;91850;40.3;21.2
73;2021-06-04;4276;2184;178771;94034;41.3;21.7
73;2021-06-05;3165;1282;181936;95316;42.1;22.0
73;2021-06-06;1881;299;183817;95615;42.5;22.1
73;2021-06-07;2759;2149;186576;97764;43.1;22.6
73;2021-06-08;2685;1873;189261;99637;43.8;23.0
73;2021-06-09;2365;1790;191626;101427;44.3;23.4
73;2021-06-10;2005;1648;193631;103075;44.8;23.8
73;2021-06-11;2192;2441;195823;105516;45.3;24.4
73;2021-06-12;2245;1333;198068;106849;45.8;24.7
73;2021-06-13;44;82;198112;106931;45.8;24.7
73;2021-06-14;1347;2927;199459;109858;46.1;25.4
73;2021-06-15;1592;2755;201051;112613;46.5;26.0
73;2021-06-16;1466;2566;202517;115179;46.8;26.6
73;2021-06-17;947;1727;203464;116906;47.0;27.0
73;2021-06-18;1883;2932;205347;119838;47.5;27.7
73;2021-06-19;1424;1986;206771;121824;47.8;28.2
73;2021-06-20;448;307;207219;122131;47.9;28.2
73;2021-06-21;1111;2938;208330;125069;48.2;28.9
73;2021-06-22;1090;2870;209420;127939;48.4;29.6
73;2021-06-23;1086;3137;210506;131076;48.7;30.3
73;2021-06-24;883;1794;211389;132870;48.9;30.7
73;2021-06-25;1324;2796;212713;135666;49.2;31.4
73;2021-06-26;966;2399;213679;138065;49.4;31.9
73;2021-06-27;329;550;214008;138615;49.5;32.0
73;2021-06-28;971;3557;214979;142172;49.7;32.9
73;2021-06-29;1076;3340;216055;145512;49.9;33.6
73;2021-06-30;1239;3117;217294;148629;50.2;34.4
73;2021-07-01;1191;2363;218485;150992;50.5;34.9
73;2021-07-02;1203;3617;219688;154609;50.8;35.7
73;2021-07-03;961;2793;220649;157402;51.0;36.4
73;2021-07-04;301;619;220950;158021;51.1;36.5
73;2021-07-05;1157;3681;222107;161702;51.3;37.4
73;2021-07-06;1251;2952;223358;164654;51.6;38.1
73;2021-07-07;1443;2948;224801;167602;52.0;38.7
73;2021-07-08;1373;2297;226174;169899;52.3;39.3
73;2021-07-09;1431;4026;227605;173925;52.6;40.2
73;2021-07-10;891;3012;228496;176937;52.8;40.9
73;2021-07-11;561;1470;229057;178407;53.0;41.2
73;2021-07-12;1059;4196;230116;182603;53.2;42.2
73;2021-07-13;1729;4225;231845;186828;53.6;43.2
73;2021-07-14;1843;1920;233688;188748;54.0;43.6
73;2021-07-15;2747;3797;236435;192545;54.7;44.5
73;2021-07-16;2416;4016;238851;196561;55.2;45.4
73;2021-07-17;1515;2607;240366;199168;55.6;46.0
73;2021-07-18;1176;1218;241542;200386;55.8;46.3
73;2021-07-19;2449;3251;243991;203637;56.4;47.1
73;2021-07-20;3366;2856;247357;206493;57.2;47.7
73;2021-07-21;3382;2790;250739;209283;58.0;48.4
73;2021-07-22;2733;2216;253472;211499;58.6;48.9
73;2021-07-23;3417;2902;256889;214401;59.4;49.6
73;2021-07-24;2059;2280;258948;216681;59.9;50.1
73;2021-07-25;625;797;259573;217478;60.0;50.3
73;2021-07-26;2632;2496;262205;219974;60.6;50.9
73;2021-07-27;3813;2273;266018;222247;61.5;51.4
73;2021-07-28;3535;2097;269553;224344;62.3;51.9
73;2021-07-29;3980;2154;273533;226498;63.2;52.4
73;2021-07-30;3565;2477;277098;228975;64.1;52.9
73;2021-07-31;2477;1594;279575;230569;64.6;53.3
73;2021-08-01;834;620;280409;231189;64.8;53.4
73;2021-08-02;3104;2105;283513;233294;65.5;53.9
73;2021-08-03;3494;2000;287007;235294;66.4;54.4
73;2021-08-04;3299;2025;290306;237319;67.1;54.9
73;2021-08-05;2875;2233;293181;239552;67.8;55.4
73;2021-08-06;2509;2382;295690;241934;68.4;55.9
73;2021-08-07;1416;1482;297106;243416;68.7;56.3
73;2021-08-08;434;619;297540;244035;68.8;56.4
73;2021-08-09;1785;2396;299325;246431;69.2;57.0
73;2021-08-10;1897;2490;301222;248921;69.6;57.5
73;2021-08-11;1848;2535;303070;251456;70.1;58.1
73;2021-08-12;1682;2502;304752;253958;70.5;58.7
73;2021-08-13;1461;2842;306213;256800;70.8;59.4
73;2021-08-14;990;1534;307203;258334;71.0;59.7
73;2021-08-15;92;161;307295;258495;71.0;59.8
73;2021-08-16;952;1392;308247;259887;71.3;60.1
73;2021-08-17;964;1960;309211;261847;71.5;60.5
73;2021-08-18;1038;2841;310249;264688;71.7;61.2
73;2021-08-19;1045;3055;311294;267743;72.0;61.9
73;2021-08-20;852;3146;312146;270889;72.2;62.6
73;2021-08-21;463;1837;312609;272726;72.3;63.1
73;2021-08-22;268;936;312877;273662;72.3;63.3
73;2021-08-23;677;2970;313554;276632;72.5;64.0
73;2021-08-24;899;3160;314453;279792;72.7;64.7
73;2021-08-25;712;2907;315165;282699;72.9;65.4
73;2021-08-26;691;2424;315856;285123;73.0;65.9
73;2021-08-27;791;2748;316647;287871;73.2;66.6
73;2021-08-28;457;1749;317104;289620;73.3;67.0
73;2021-08-29;303;1018;317407;290638;73.4;67.2
73;2021-08-30;820;2569;318227;293207;73.6;67.8
73;2021-08-31;819;2359;319046;295566;73.8;68.3
73;2021-09-01;748;2098;319794;297664;73.9;68.8
73;2021-09-02;619;1762;320413;299426;74.1;69.2
73;2021-09-03;697;2025;321110;301451;74.2;69.7
73;2021-09-04;531;1371;321641;302822;74.4;70.0
73;2021-09-05;227;703;321868;303525;74.4;70.2
73;2021-09-06;351;1076;322219;304601;74.5;70.4
73;2021-09-07;414;875;322633;305476;74.6;70.6
73;2021-09-08;491;1016;323124;306492;74.7;70.9
73;2021-09-09;467;1020;323591;307512;74.8;71.1
73;2021-09-10;578;1269;324169;308781;74.9;71.4
73;2021-09-11;354;1002;324523;309783;75.0;71.6
73;2021-09-12;96;154;324619;309937;75.0;71.7
73;2021-09-13;343;715;324962;310652;75.1;71.8
73;2021-09-14;412;621;325374;311273;75.2;72.0
73;2021-09-15;427;815;325801;312088;75.3;72.2
73;2021-09-16;332;646;326133;312734;75.4;72.3
73;2021-09-17;377;870;326510;313604;75.5;72.5
73;2021-09-18;260;630;326770;314234;75.5;72.6
73;2021-09-19;46;205;326816;314439;75.6;72.7
73;2021-09-20;163;632;326979;315071;75.6;72.8
73;2021-09-21;298;538;327277;315609;75.7;73.0
73;2021-09-22;275;774;327552;316383;75.7;73.1
73;2021-09-23;282;477;327834;316860;75.8;73.3
73;2021-09-24;292;857;328126;317717;75.9;73.5
73;2021-09-25;189;724;328315;318441;75.9;73.6
73;2021-09-26;73;210;328388;318651;75.9;73.7
73;2021-09-27;243;498;328631;319149;76.0;73.8
73;2021-09-28;185;340;328816;319489;76.0;73.9
73;2021-09-29;220;675;329036;320164;76.1;74.0
73;2021-09-30;193;365;329229;320529;76.1;74.1
73;2021-10-01;211;564;329440;321093;76.2;74.2
73;2021-10-02;197;482;329637;321575;76.2;74.3
73;2021-10-03;8;11;329645;321586;76.2;74.3
73;2021-10-04;213;363;329858;321949;76.3;74.4
73;2021-10-05;166;312;330024;322261;76.3;74.5
73;2021-10-06;315;508;330339;322769;76.4;74.6
73;2021-10-07;161;301;330500;323070;76.4;74.7
73;2021-10-08;254;536;330754;323606;76.5;74.8
73;2021-10-09;158;347;330912;323953;76.5;74.9
73;2021-10-10;3;6;330915;323959;76.5;74.9
73;2021-10-11;191;315;331106;324274;76.5;75.0
73;2021-10-12;130;181;331236;324455;76.6;75.0
74;2020-12-27;10;6;10;6;0.0;0.0
74;2020-12-28;10;1;20;7;0.0;0.0
74;2020-12-29;0;0;20;7;0.0;0.0
74;2020-12-30;5;2;25;9;0.0;0.0
74;2020-12-31;1;0;26;9;0.0;0.0
74;2021-01-01;1;0;27;9;0.0;0.0
74;2021-01-02;1;1;28;10;0.0;0.0
74;2021-01-03;0;0;28;10;0.0;0.0
74;2021-01-04;4;3;32;13;0.0;0.0
74;2021-01-05;4;1;36;14;0.0;0.0
74;2021-01-06;48;2;84;16;0.0;0.0
74;2021-01-07;220;1;304;17;0.0;0.0
74;2021-01-08;296;2;600;19;0.1;0.0
74;2021-01-09;79;0;679;19;0.1;0.0
74;2021-01-10;74;0;753;19;0.1;0.0
74;2021-01-11;375;1;1128;20;0.1;0.0
74;2021-01-12;408;3;1536;23;0.2;0.0
74;2021-01-13;396;0;1932;23;0.2;0.0
74;2021-01-14;482;5;2414;28;0.3;0.0
74;2021-01-15;645;4;3059;32;0.4;0.0
74;2021-01-16;254;1;3313;33;0.4;0.0
74;2021-01-17;136;2;3449;35;0.4;0.0
74;2021-01-18;527;3;3976;38;0.5;0.0
74;2021-01-19;814;3;4790;41;0.6;0.0
74;2021-01-20;1282;4;6072;45;0.7;0.0
74;2021-01-21;1570;3;7642;48;0.9;0.0
74;2021-01-22;1242;7;8884;55;1.1;0.0
74;2021-01-23;345;1;9229;56;1.1;0.0
74;2021-01-24;94;2;9323;58;1.1;0.0
74;2021-01-25;801;3;10124;61;1.2;0.0
74;2021-01-26;1372;26;11496;87;1.4;0.0
74;2021-01-27;1084;17;12580;104;1.5;0.0
74;2021-01-28;1003;42;13583;146;1.6;0.0
74;2021-01-29;883;43;14466;189;1.7;0.0
74;2021-01-30;305;1;14771;190;1.8;0.0
74;2021-01-31;87;1;14858;191;1.8;0.0
74;2021-02-01;632;45;15490;236;1.9;0.0
74;2021-02-02;645;154;16135;390;1.9;0.0
74;2021-02-03;606;121;16741;511;2.0;0.1
74;2021-02-04;617;136;17358;647;2.1;0.1
74;2021-02-05;557;224;17915;871;2.2;0.1
74;2021-02-06;276;136;18191;1007;2.2;0.1
74;2021-02-07;93;123;18284;1130;2.2;0.1
74;2021-02-08;620;349;18904;1479;2.3;0.2
74;2021-02-09;541;534;19445;2013;2.3;0.2
74;2021-02-10;692;518;20137;2531;2.4;0.3
74;2021-02-11;1084;1016;21221;3547;2.6;0.4
74;2021-02-12;917;617;22138;4164;2.7;0.5
74;2021-02-13;407;240;22545;4404;2.7;0.5
74;2021-02-14;320;112;22865;4516;2.8;0.5
74;2021-02-15;281;847;23146;5363;2.8;0.6
74;2021-02-16;492;1064;23638;6427;2.9;0.8
74;2021-02-17;530;1103;24168;7530;2.9;0.9
74;2021-02-18;473;987;24641;8517;3.0;1.0
74;2021-02-19;620;656;25261;9173;3.0;1.1
74;2021-02-20;114;187;25375;9360;3.1;1.1
74;2021-02-21;48;61;25423;9421;3.1;1.1
74;2021-02-22;320;787;25743;10208;3.1;1.2
74;2021-02-23;307;821;26050;11029;3.1;1.3
74;2021-02-24;242;680;26292;11709;3.2;1.4
74;2021-02-25;524;752;26816;12461;3.2;1.5
74;2021-02-26;972;702;27788;13163;3.4;1.6
74;2021-02-27;254;181;28042;13344;3.4;1.6
74;2021-02-28;125;71;28167;13415;3.4;1.6
74;2021-03-01;724;638;28891;14053;3.5;1.7
74;2021-03-02;1094;691;29985;14744;3.6;1.8
74;2021-03-03;1026;643;31011;15387;3.7;1.9
74;2021-03-04;1613;1028;32624;16415;3.9;2.0
74;2021-03-05;2095;898;34719;17313;4.2;2.1
74;2021-03-06;1762;339;36481;17652;4.4;2.1
74;2021-03-07;1388;109;37869;17761;4.6;2.1
74;2021-03-08;1198;961;39067;18722;4.7;2.3
74;2021-03-09;1958;677;41025;19399;5.0;2.3
74;2021-03-10;1749;923;42774;20322;5.2;2.5
74;2021-03-11;2451;738;45225;21060;5.5;2.5
74;2021-03-12;3246;1038;48471;22098;5.9;2.7
74;2021-03-13;2004;282;50475;22380;6.1;2.7
74;2021-03-14;609;105;51084;22485;6.2;2.7
74;2021-03-15;2129;571;53213;23056;6.4;2.8
74;2021-03-16;1965;423;55178;23479;6.7;2.8
74;2021-03-17;1975;325;57153;23804;6.9;2.9
74;2021-03-18;2137;296;59290;24100;7.2;2.9
74;2021-03-19;2637;305;61927;24405;7.5;2.9
74;2021-03-20;1375;105;63302;24510;7.6;3.0
74;2021-03-21;290;33;63592;24543;7.7;3.0
74;2021-03-22;2055;339;65647;24882;7.9;3.0
74;2021-03-23;2723;347;68370;25229;8.3;3.0
74;2021-03-24;2947;316;71317;25545;8.6;3.1
74;2021-03-25;3875;318;75192;25863;9.1;3.1
74;2021-03-26;4096;397;79288;26260;9.6;3.2
74;2021-03-27;1941;265;81229;26525;9.8;3.2
74;2021-03-28;437;78;81666;26603;9.9;3.2
74;2021-03-29;3035;728;84701;27331;10.2;3.3
74;2021-03-30;3543;785;88244;28116;10.7;3.4
74;2021-03-31;3144;747;91388;28863;11.0;3.5
74;2021-04-01;4235;911;95623;29774;11.5;3.6
74;2021-04-02;3711;807;99334;30581;12.0;3.7
74;2021-04-03;1697;547;101031;31128;12.2;3.8
74;2021-04-04;236;122;101267;31250;12.2;3.8
74;2021-04-05;433;17;101700;31267;12.3;3.8
74;2021-04-06;2622;1224;104322;32491;12.6;3.9
74;2021-04-07;3195;1267;107517;33758;13.0;4.1
74;2021-04-08;3864;1199;111381;34957;13.4;4.2
74;2021-04-09;4111;1200;115492;36157;13.9;4.4
74;2021-04-10;1944;1038;117436;37195;14.2;4.5
74;2021-04-11;253;184;117689;37379;14.2;4.5
74;2021-04-12;2724;1788;120413;39167;14.5;4.7
74;2021-04-13;3123;2117;123536;41284;14.9;5.0
74;2021-04-14;2903;1983;126439;43267;15.3;5.2
74;2021-04-15;3463;1928;129902;45195;15.7;5.5
74;2021-04-16;3386;1796;133288;46991;16.1;5.7
74;2021-04-17;1936;1041;135224;48032;16.3;5.8
74;2021-04-18;218;211;135442;48243;16.3;5.8
74;2021-04-19;2101;2108;137543;50351;16.6;6.1
74;2021-04-20;3068;2431;140611;52782;17.0;6.4
74;2021-04-21;2465;2382;143076;55164;17.3;6.7
74;2021-04-22;2630;2345;145706;57509;17.6;6.9
74;2021-04-23;2573;2260;148279;59769;17.9;7.2
74;2021-04-24;1485;1548;149764;61317;18.1;7.4
74;2021-04-25;229;150;149993;61467;18.1;7.4
74;2021-04-26;2396;2472;152389;63939;18.4;7.7
74;2021-04-27;3272;2919;155661;66858;18.8;8.1
74;2021-04-28;3465;2648;159126;69506;19.2;8.4
74;2021-04-29;3908;2701;163034;72207;19.7;8.7
74;2021-04-30;4076;2233;167110;74440;20.2;9.0
74;2021-05-01;2121;400;169231;74840;20.4;9.0
74;2021-05-02;206;239;169437;75079;20.5;9.1
74;2021-05-03;2597;3032;172034;78111;20.8;9.4
74;2021-05-04;3216;3118;175250;81229;21.2;9.8
74;2021-05-05;3392;3021;178642;84250;21.6;10.2
74;2021-05-06;3859;2639;182501;86889;22.0;10.5
74;2021-05-07;3595;3559;186096;90448;22.5;10.9
74;2021-05-08;1145;827;187241;91275;22.6;11.0
74;2021-05-09;195;247;187436;91522;22.6;11.0
74;2021-05-10;3466;3150;190902;94672;23.0;11.4
74;2021-05-11;4317;3425;195219;98097;23.6;11.8
74;2021-05-12;5306;2969;200525;101066;24.2;12.2
74;2021-05-13;2357;950;202882;102016;24.5;12.3
74;2021-05-14;5956;2407;208838;104423;25.2;12.6
74;2021-05-15;4514;1852;213352;106275;25.8;12.8
74;2021-05-16;3012;338;216364;106613;26.1;12.9
74;2021-05-17;5397;2890;221761;109503;26.8;13.2
74;2021-05-18;6792;2818;228553;112321;27.6;13.6
74;2021-05-19;6234;2296;234787;114617;28.3;13.8
74;2021-05-20;6643;2558;241430;117175;29.1;14.1
74;2021-05-21;6526;2994;247956;120169;29.9;14.5
74;2021-05-22;5293;1569;253249;121738;30.6;14.7
74;2021-05-23;2052;282;255301;122020;30.8;14.7
74;2021-05-24;2363;660;257664;122680;31.1;14.8
74;2021-05-25;5072;3334;262736;126014;31.7;15.2
74;2021-05-26;5255;2563;267991;128577;32.4;15.5
74;2021-05-27;6002;2975;273993;131552;33.1;15.9
74;2021-05-28;5656;3586;279649;135138;33.8;16.3
74;2021-05-29;3799;2156;283448;137294;34.2;16.6
74;2021-05-30;489;309;283937;137603;34.3;16.6
74;2021-05-31;5069;3549;289006;141152;34.9;17.0
74;2021-06-01;4931;3730;293937;144882;35.5;17.5
74;2021-06-02;5269;3207;299206;148089;36.1;17.9
74;2021-06-03;6890;3252;306096;151341;37.0;18.3
74;2021-06-04;6911;4432;313007;155773;37.8;18.8
74;2021-06-05;4610;2707;317617;158480;38.3;19.1
74;2021-06-06;124;112;317741;158592;38.4;19.1
74;2021-06-07;5032;4146;322773;162738;39.0;19.6
74;2021-06-08;5025;3951;327798;166689;39.6;20.1
74;2021-06-09;5081;3483;332879;170172;40.2;20.5
74;2021-06-10;5124;2879;338003;173051;40.8;20.9
74;2021-06-11;5214;3814;343217;176865;41.4;21.4
74;2021-06-12;3567;2378;346784;179243;41.9;21.6
74;2021-06-13;120;89;346904;179332;41.9;21.6
74;2021-06-14;3594;4482;350498;183814;42.3;22.2
74;2021-06-15;3671;3899;354169;187713;42.8;22.7
74;2021-06-16;4827;3126;358996;190839;43.3;23.0
74;2021-06-17;3816;2957;362812;193796;43.8;23.4
74;2021-06-18;4114;4669;366926;198465;44.3;24.0
74;2021-06-19;2993;3101;369919;201566;44.7;24.3
74;2021-06-20;125;97;370044;201663;44.7;24.3
74;2021-06-21;2382;5419;372426;207082;45.0;25.0
74;2021-06-22;2493;5313;374919;212395;45.3;25.6
74;2021-06-23;2974;4619;377893;217014;45.6;26.2
74;2021-06-24;2865;4627;380758;221641;46.0;26.8
74;2021-06-25;2930;6768;383688;228409;46.3;27.6
74;2021-06-26;1705;5400;385393;233809;46.5;28.2
74;2021-06-27;66;1664;385459;235473;46.5;28.4
74;2021-06-28;1915;7219;387374;242692;46.8;29.3
74;2021-06-29;2299;7422;389673;250114;47.0;30.2
74;2021-06-30;2747;6545;392420;256659;47.4;31.0
74;2021-07-01;3529;5426;395949;262085;47.8;31.6
74;2021-07-02;3120;6640;399069;268725;48.2;32.4
74;2021-07-03;1698;5084;400767;273809;48.4;33.1
74;2021-07-04;81;1022;400848;274831;48.4;33.2
74;2021-07-05;2078;6829;402926;281660;48.6;34.0
74;2021-07-06;2799;6491;405725;288151;49.0;34.8
74;2021-07-07;3094;5446;408819;293597;49.4;35.4
74;2021-07-08;3867;4924;412686;298521;49.8;36.0
74;2021-07-09;2671;6978;415357;305499;50.1;36.9
74;2021-07-10;1623;5132;416980;310631;50.3;37.5
74;2021-07-11;76;142;417056;310773;50.3;37.5
74;2021-07-12;2098;7899;419154;318672;50.6;38.5
74;2021-07-13;3967;7586;423121;326258;51.1;39.4
74;2021-07-14;1968;2238;425089;328496;51.3;39.7
74;2021-07-15;3593;6876;428682;335372;51.7;40.5
74;2021-07-16;4243;7741;432925;343113;52.3;41.4
74;2021-07-17;3004;5334;435929;348447;52.6;42.1
74;2021-07-18;156;155;436085;348602;52.6;42.1
74;2021-07-19;4295;7352;440380;355954;53.2;43.0
74;2021-07-20;5872;6469;446252;362423;53.9;43.7
74;2021-07-21;5668;6675;451920;369098;54.6;44.6
74;2021-07-22;4773;5323;456693;374421;55.1;45.2
74;2021-07-23;6227;6996;462920;381417;55.9;46.0
74;2021-07-24;3157;4316;466077;385733;56.3;46.6
74;2021-07-25;181;172;466258;385905;56.3;46.6
74;2021-07-26;5618;6135;471876;392040;57.0;47.3
74;2021-07-27;6852;5177;478728;397217;57.8;47.9
74;2021-07-28;6660;5102;485388;402319;58.6;48.6
74;2021-07-29;5280;3931;490668;406250;59.2;49.0
74;2021-07-30;6715;5505;497383;411755;60.0;49.7
74;2021-07-31;4379;3123;501762;414878;60.6;50.1
74;2021-08-01;184;149;501946;415027;60.6;50.1
74;2021-08-02;6273;4410;508219;419437;61.3;50.6
74;2021-08-03;6038;3860;514257;423297;62.1;51.1
74;2021-08-04;6325;3508;520582;426805;62.8;51.5
74;2021-08-05;4935;3270;525517;430075;63.4;51.9
74;2021-08-06;5069;4183;530586;434258;64.0;52.4
74;2021-08-07;3213;2899;533799;437157;64.4;52.8
74;2021-08-08;154;134;533953;437291;64.5;52.8
74;2021-08-09;4975;4829;538928;442120;65.1;53.4
74;2021-08-10;4992;4688;543920;446808;65.7;53.9
74;2021-08-11;4447;4892;548367;451700;66.2;54.5
74;2021-08-12;3626;3608;551993;455308;66.6;55.0
74;2021-08-13;3837;4625;555830;459933;67.1;55.5
74;2021-08-14;2184;3342;558014;463275;67.4;55.9
74;2021-08-15;66;103;558080;463378;67.4;55.9
74;2021-08-16;3913;5880;561993;469258;67.8;56.6
74;2021-08-17;3136;5486;565129;474744;68.2;57.3
74;2021-08-18;3092;5462;568221;480206;68.6;58.0
74;2021-08-19;2357;3897;570578;484103;68.9;58.4
74;2021-08-20;2638;5698;573216;489801;69.2;59.1
74;2021-08-21;1239;4273;574455;494074;69.3;59.6
74;2021-08-22;56;137;574511;494211;69.4;59.7
74;2021-08-23;2198;6698;576709;500909;69.6;60.5
74;2021-08-24;2219;5939;578928;506848;69.9;61.2
74;2021-08-25;1978;6296;580906;513144;70.1;61.9
74;2021-08-26;1564;3788;582470;516932;70.3;62.4
74;2021-08-27;1940;5512;584410;522444;70.5;63.1
74;2021-08-28;925;4042;585335;526486;70.7;63.6
74;2021-08-29;67;188;585402;526674;70.7;63.6
74;2021-08-30;1873;5354;587275;532028;70.9;64.2
74;2021-08-31;1682;4968;588957;536996;71.1;64.8
74;2021-09-01;1984;3879;590941;540875;71.3;65.3
74;2021-09-02;1225;2813;592166;543688;71.5;65.6
74;2021-09-03;1552;3836;593718;547524;71.7;66.1
74;2021-09-04;1158;2748;594876;550272;71.8;66.4
74;2021-09-05;49;92;594925;550364;71.8;66.4
74;2021-09-06;1332;3032;596257;553396;72.0;66.8
74;2021-09-07;1030;2745;597287;556141;72.1;67.1
74;2021-09-08;1311;2869;598598;559010;72.3;67.5
74;2021-09-09;1222;1936;599820;560946;72.4;67.7
74;2021-09-10;1124;2755;600944;563701;72.5;68.0
74;2021-09-11;766;2214;601710;565915;72.6;68.3
74;2021-09-12;40;74;601750;565989;72.6;68.3
74;2021-09-13;983;2069;602733;568058;72.8;68.6
74;2021-09-14;1090;1973;603823;570031;72.9;68.8
74;2021-09-15;1067;2274;604890;572305;73.0;69.1
74;2021-09-16;752;1031;605642;573336;73.1;69.2
74;2021-09-17;840;1848;606482;575184;73.2;69.4
74;2021-09-18;608;1671;607090;576855;73.3;69.6
74;2021-09-19;3;9;607093;576864;73.3;69.6
74;2021-09-20;811;1885;607904;578749;73.4;69.9
74;2021-09-21;640;1372;608544;580121;73.5;70.0
74;2021-09-22;618;2103;609162;582224;73.5;70.3
74;2021-09-23;638;998;609800;583222;73.6;70.4
74;2021-09-24;725;1970;610525;585192;73.7;70.6
74;2021-09-25;461;1622;610986;586814;73.8;70.8
74;2021-09-26;1;2;610987;586816;73.8;70.8
74;2021-09-27;574;1776;611561;588592;73.8;71.1
74;2021-09-28;398;962;611959;589554;73.9;71.2
74;2021-09-29;547;1564;612506;591118;73.9;71.4
74;2021-09-30;389;1060;612895;592178;74.0;71.5
74;2021-10-01;600;1120;613495;593298;74.1;71.6
74;2021-10-02;434;816;613929;594114;74.1;71.7
74;2021-10-03;5;11;613934;594125;74.1;71.7
74;2021-10-04;531;1110;614465;595235;74.2;71.9
74;2021-10-05;366;1089;614831;596324;74.2;72.0
74;2021-10-06;448;989;615279;597313;74.3;72.1
74;2021-10-07;301;630;615580;597943;74.3;72.2
74;2021-10-08;560;1158;616140;599101;74.4;72.3
74;2021-10-09;408;771;616548;599872;74.4;72.4
74;2021-10-10;5;15;616553;599887;74.4;72.4
74;2021-10-11;382;818;616935;600705;74.5;72.5
74;2021-10-12;341;793;617276;601498;74.5;72.6
75;2020-12-27;77;11;77;11;0.0;0.0
75;2020-12-28;67;2;144;13;0.0;0.0
75;2020-12-29;34;3;178;16;0.0;0.0
75;2020-12-30;89;1;267;17;0.0;0.0
75;2020-12-31;48;4;315;21;0.0;0.0
75;2021-01-01;63;11;378;32;0.0;0.0
75;2021-01-02;67;4;445;36;0.0;0.0
75;2021-01-03;110;6;555;42;0.0;0.0
75;2021-01-04;323;11;878;53;0.0;0.0
75;2021-01-05;883;16;1761;69;0.1;0.0
75;2021-01-06;1372;23;3133;92;0.1;0.0
75;2021-01-07;2072;23;5205;115;0.2;0.0
75;2021-01-08;2881;33;8086;148;0.4;0.0
75;2021-01-09;1099;3;9185;151;0.4;0.0
75;2021-01-10;1100;4;10285;155;0.5;0.0
75;2021-01-11;3120;69;13405;224;0.6;0.0
75;2021-01-12;3494;64;16899;288;0.8;0.0
75;2021-01-13;3575;58;20474;346;1.0;0.0
75;2021-01-14;3803;104;24277;450;1.1;0.0
75;2021-01-15;3341;68;27618;518;1.3;0.0
75;2021-01-16;1148;27;28766;545;1.3;0.0
75;2021-01-17;564;19;29330;564;1.4;0.0
75;2021-01-18;3296;84;32626;648;1.5;0.0
75;2021-01-19;3881;61;36507;709;1.7;0.0
75;2021-01-20;4443;81;40950;790;1.9;0.0
75;2021-01-21;4953;103;45903;893;2.1;0.0
75;2021-01-22;4610;100;50513;993;2.4;0.0
75;2021-01-23;1771;16;52284;1009;2.4;0.0
75;2021-01-24;763;12;53047;1021;2.5;0.0
75;2021-01-25;1743;37;54790;1058;2.6;0.0
75;2021-01-26;2564;100;57354;1158;2.7;0.1
75;2021-01-27;3176;184;60530;1342;2.8;0.1
75;2021-01-28;4791;260;65321;1602;3.0;0.1
75;2021-01-29;4066;276;69387;1878;3.2;0.1
75;2021-01-30;1361;36;70748;1914;3.3;0.1
75;2021-01-31;227;3;70975;1917;3.3;0.1
75;2021-02-01;1637;383;72612;2300;3.4;0.1
75;2021-02-02;2155;653;74767;2953;3.5;0.1
75;2021-02-03;1899;692;76666;3645;3.6;0.2
75;2021-02-04;2155;1131;78821;4776;3.7;0.2
75;2021-02-05;2228;873;81049;5649;3.8;0.3
75;2021-02-06;1143;111;82192;5760;3.8;0.3
75;2021-02-07;179;9;82371;5769;3.8;0.3
75;2021-02-08;1270;1466;83641;7235;3.9;0.3
75;2021-02-09;1803;2388;85444;9623;4.0;0.4
75;2021-02-10;2430;2394;87874;12017;4.1;0.6
75;2021-02-11;2952;6306;90826;18323;4.2;0.9
75;2021-02-12;3143;2411;93969;20734;4.4;1.0
75;2021-02-13;864;1040;94833;21774;4.4;1.0
75;2021-02-14;214;47;95047;21821;4.4;1.0
75;2021-02-15;1011;2443;96058;24264;4.5;1.1
75;2021-02-16;1471;6482;97529;30746;4.5;1.4
75;2021-02-17;1348;3217;98877;33963;4.6;1.6
75;2021-02-18;1778;5815;100655;39778;4.7;1.9
75;2021-02-19;2234;4135;102889;43913;4.8;2.0
75;2021-02-20;485;1675;103374;45588;4.8;2.1
75;2021-02-21;201;167;103575;45755;4.8;2.1
75;2021-02-22;1230;1925;104805;47680;4.9;2.2
75;2021-02-23;1474;2718;106279;50398;4.9;2.3
75;2021-02-24;1703;2336;107982;52734;5.0;2.5
75;2021-02-25;2800;5306;110782;58040;5.2;2.7
75;2021-02-26;3387;2730;114169;60770;5.3;2.8
75;2021-02-27;1411;946;115580;61716;5.4;2.9
75;2021-02-28;331;147;115911;61863;5.4;2.9
75;2021-03-01;2614;1701;118525;63564;5.5;3.0
75;2021-03-02;4201;2241;122726;65805;5.7;3.1
75;2021-03-03;5449;2383;128175;68188;6.0;3.2
75;2021-03-04;8066;2655;136241;70843;6.3;3.3
75;2021-03-05;10589;2816;146830;73659;6.8;3.4
75;2021-03-06;11091;1141;157921;74800;7.4;3.5
75;2021-03-07;9513;1563;167434;76363;7.8;3.6
75;2021-03-08;5929;1619;173363;77982;8.1;3.6
75;2021-03-09;7547;2183;180910;80165;8.4;3.7
75;2021-03-10;7526;2190;188436;82355;8.8;3.8
75;2021-03-11;10370;2612;198806;84967;9.3;4.0
75;2021-03-12;12080;2640;210886;87607;9.8;4.1
75;2021-03-13;8564;819;219450;88426;10.2;4.1
75;2021-03-14;4180;272;223630;88698;10.4;4.1
75;2021-03-15;7484;1016;231114;89714;10.8;4.2
75;2021-03-16;5169;728;236283;90442;11.0;4.2
75;2021-03-17;5438;871;241721;91313;11.3;4.3
75;2021-03-18;6631;914;248352;92227;11.6;4.3
75;2021-03-19;9774;1049;258126;93276;12.0;4.3
75;2021-03-20;5945;626;264071;93902;12.3;4.4
75;2021-03-21;1596;437;265667;94339;12.4;4.4
75;2021-03-22;8668;1064;274335;95403;12.8;4.4
75;2021-03-23;10977;1314;285312;96717;13.3;4.5
75;2021-03-24;11022;1384;296334;98101;13.8;4.6
75;2021-03-25;14225;1611;310559;99712;14.5;4.6
75;2021-03-26;13996;1763;324555;101475;15.1;4.7
75;2021-03-27;7293;799;331848;102274;15.4;4.8
75;2021-03-28;1791;166;333639;102440;15.5;4.8
75;2021-03-29;7985;2238;341624;104678;15.9;4.9
75;2021-03-30;10949;3296;352573;107974;16.4;5.0
75;2021-03-31;9756;3657;362329;111631;16.9;5.2
75;2021-04-01;10722;5257;373051;116888;17.4;5.4
75;2021-04-02;9068;5633;382119;122521;17.8;5.7
75;2021-04-03;4129;4913;386248;127434;18.0;5.9
75;2021-04-04;1424;1502;387672;128936;18.0;6.0
75;2021-04-05;2263;1443;389935;130379;18.2;6.1
75;2021-04-06;6931;4347;396866;134726;18.5;6.3
75;2021-04-07;8110;4461;404976;139187;18.9;6.5
75;2021-04-08;11096;4230;416072;143417;19.4;6.7
75;2021-04-09;12222;4674;428294;148091;19.9;6.9
75;2021-04-10;5851;4294;434145;152385;20.2;7.1
75;2021-04-11;1952;1807;436097;154192;20.3;7.2
75;2021-04-12;7492;3822;443589;158014;20.6;7.4
75;2021-04-13;8577;6880;452166;164894;21.0;7.7
75;2021-04-14;8309;5263;460475;170157;21.4;7.9
75;2021-04-15;8937;6177;469412;176334;21.9;8.2
75;2021-04-16;9399;6151;478811;182485;22.3;8.5
75;2021-04-17;4822;3655;483633;186140;22.5;8.7
75;2021-04-18;1674;885;485307;187025;22.6;8.7
75;2021-04-19;5595;4981;490902;192006;22.9;8.9
75;2021-04-20;6475;5991;497377;197997;23.2;9.2
75;2021-04-21;6882;5602;504259;203599;23.5;9.5
75;2021-04-22;7550;5942;511809;209541;23.8;9.8
75;2021-04-23;8704;6509;520513;216050;24.2;10.1
75;2021-04-24;6185;3368;526698;219418;24.5;10.2
75;2021-04-25;2974;770;529672;220188;24.7;10.2
75;2021-04-26;7033;4736;536705;224924;25.0;10.5
75;2021-04-27;10601;6452;547306;231376;25.5;10.8
75;2021-04-28;12207;6053;559513;237429;26.0;11.1
75;2021-04-29;13764;6379;573277;243808;26.7;11.3
75;2021-04-30;13669;6217;586946;250025;27.3;11.6
75;2021-05-01;5081;1337;592027;251362;27.6;11.7
75;2021-05-02;2392;806;594419;252168;27.7;11.7
75;2021-05-03;10298;13515;604717;265683;28.1;12.4
75;2021-05-04;11200;8101;615917;273784;28.7;12.7
75;2021-05-05;13567;6735;629484;280519;29.3;13.1
75;2021-05-06;14010;8217;643494;288736;30.0;13.4
75;2021-05-07;13989;8602;657483;297338;30.6;13.8
75;2021-05-08;10087;5524;667570;302862;31.1;14.1
75;2021-05-09;3821;3194;671391;306056;31.3;14.2
75;2021-05-10;14302;6732;685693;312788;31.9;14.6
75;2021-05-11;16853;8414;702546;321202;32.7;15.0
75;2021-05-12;17967;8165;720513;329367;33.5;15.3
75;2021-05-13;13649;2495;734162;331862;34.2;15.4
75;2021-05-14;18398;5134;752560;336996;35.0;15.7
75;2021-05-15;12326;2660;764886;339656;35.6;15.8
75;2021-05-16;3862;760;768748;340416;35.8;15.8
75;2021-05-17;16013;4650;784761;345066;36.5;16.1
75;2021-05-18;19162;5324;803923;350390;37.4;16.3
75;2021-05-19;20733;10700;824656;361090;38.4;16.8
75;2021-05-20;21587;8663;846243;369753;39.4;17.2
75;2021-05-21;21033;6553;867276;376306;40.4;17.5
75;2021-05-22;15911;3300;883187;379606;41.1;17.7
75;2021-05-23;5639;1335;888826;380941;41.4;17.7
75;2021-05-24;15637;2559;904463;383500;42.1;17.9
75;2021-05-25;18038;9565;922501;393065;42.9;18.3
75;2021-05-26;18891;8203;941392;401268;43.8;18.7
75;2021-05-27;20148;9793;961540;411061;44.8;19.1
75;2021-05-28;19339;10842;980879;421903;45.7;19.6
75;2021-05-29;16115;5838;996994;427741;46.4;19.9
75;2021-05-30;7039;2157;1004033;429898;46.7;20.0
75;2021-05-31;18095;9438;1022128;439336;47.6;20.5
75;2021-06-01;18699;12980;1040827;452316;48.4;21.1
75;2021-06-02;18122;10301;1058949;462617;49.3;21.5
75;2021-06-03;20256;11956;1079205;474573;50.2;22.1
75;2021-06-04;18120;12843;1097325;487416;51.1;22.7
75;2021-06-05;11992;9614;1109317;497030;51.6;23.1
75;2021-06-06;6728;3163;1116045;500193;52.0;23.3
75;2021-06-07;13894;11827;1129939;512020;52.6;23.8
75;2021-06-08;14805;13966;1144744;525986;53.3;24.5
75;2021-06-09;16509;15235;1161253;541221;54.1;25.2
75;2021-06-10;18367;26292;1179620;567513;54.9;26.4
75;2021-06-11;15312;16458;1194932;583971;55.6;27.2
75;2021-06-12;13285;10004;1208217;593975;56.2;27.6
75;2021-06-13;6279;3794;1214496;597769;56.5;27.8
75;2021-06-14;11827;15397;1226323;613166;57.1;28.5
75;2021-06-15;12729;19550;1239052;632716;57.7;29.5
75;2021-06-16;12213;17241;1251265;649957;58.2;30.3
75;2021-06-17;12661;17677;1263926;667634;58.8;31.1
75;2021-06-18;11277;22608;1275203;690242;59.4;32.1
75;2021-06-19;7533;11821;1282736;702063;59.7;32.7
75;2021-06-20;2821;5477;1285557;707540;59.8;32.9
75;2021-06-21;8515;16331;1294072;723871;60.2;33.7
75;2021-06-22;8810;21793;1302882;745664;60.6;34.7
75;2021-06-23;10309;21431;1313191;767095;61.1;35.7
75;2021-06-24;11320;20640;1324511;787735;61.7;36.7
75;2021-06-25;9876;24686;1334387;812421;62.1;37.8
75;2021-06-26;7937;15420;1342324;827841;62.5;38.5
75;2021-06-27;2701;6325;1345025;834166;62.6;38.8
75;2021-06-28;8480;20155;1353505;854321;63.0;39.8
75;2021-06-29;9348;23831;1362853;878152;63.4;40.9
75;2021-06-30;10217;23624;1373070;901776;63.9;42.0
75;2021-07-01;11438;23516;1384508;925292;64.4;43.1
75;2021-07-02;10894;24771;1395402;950063;65.0;44.2
75;2021-07-03;7818;19806;1403220;969869;65.3;45.1
75;2021-07-04;3909;9556;1407129;979425;65.5;45.6
75;2021-07-05;9350;21583;1416479;1001008;65.9;46.6
75;2021-07-06;10173;24010;1426652;1025018;66.4;47.7
75;2021-07-07;10168;25091;1436820;1050109;66.9;48.9
75;2021-07-08;10673;25025;1447493;1075134;67.4;50.0
75;2021-07-09;10869;24039;1458362;1099173;67.9;51.2
75;2021-07-10;7954;18500;1466316;1117673;68.3;52.0
75;2021-07-11;4350;8528;1470666;1126201;68.5;52.4
75;2021-07-12;9863;23091;1480529;1149292;68.9;53.5
75;2021-07-13;14396;24813;1494925;1174105;69.6;54.7
75;2021-07-14;8353;9728;1503278;1183833;70.0;55.1
75;2021-07-15;15584;25666;1518862;1209499;70.7;56.3
75;2021-07-16;15827;22159;1534689;1231658;71.4;57.3
75;2021-07-17;12196;16911;1546885;1248569;72.0;58.1
75;2021-07-18;6268;6843;1553153;1255412;72.3;58.4
75;2021-07-19;14405;21302;1567558;1276714;73.0;59.4
75;2021-07-20;16074;21903;1583632;1298617;73.7;60.4
75;2021-07-21;15715;20711;1599347;1319328;74.4;61.4
75;2021-07-22;17154;20101;1616501;1339429;75.2;62.3
75;2021-07-23;17168;19110;1633669;1358539;76.0;63.2
75;2021-07-24;11199;14081;1644868;1372620;76.6;63.9
75;2021-07-25;5006;5071;1649874;1377691;76.8;64.1
75;2021-07-26;15183;16876;1665057;1394567;77.5;64.9
75;2021-07-27;18157;16672;1683214;1411239;78.4;65.7
75;2021-07-28;17154;15497;1700368;1426736;79.2;66.4
75;2021-07-29;16775;15098;1717143;1441834;79.9;67.1
75;2021-07-30;16873;14354;1734016;1456188;80.7;67.8
75;2021-07-31;9348;9868;1743364;1466056;81.2;68.2
75;2021-08-01;3728;3256;1747092;1469312;81.3;68.4
75;2021-08-02;10975;11988;1758067;1481300;81.8;69.0
75;2021-08-03;11138;10841;1769205;1492141;82.4;69.5
75;2021-08-04;9733;9483;1778938;1501624;82.8;69.9
75;2021-08-05;8726;9556;1787664;1511180;83.2;70.3
75;2021-08-06;8260;9994;1795924;1521174;83.6;70.8
75;2021-08-07;5714;7159;1801638;1528333;83.9;71.1
75;2021-08-08;1969;3282;1803607;1531615;84.0;71.3
75;2021-08-09;8614;11481;1812221;1543096;84.4;71.8
75;2021-08-10;9304;11591;1821525;1554687;84.8;72.4
75;2021-08-11;7795;10146;1829320;1564833;85.2;72.8
75;2021-08-12;6945;10599;1836265;1575432;85.5;73.3
75;2021-08-13;6262;8869;1842527;1584301;85.8;73.7
75;2021-08-14;4121;7200;1846648;1591501;86.0;74.1
75;2021-08-15;1032;1938;1847680;1593439;86.0;74.2
75;2021-08-16;6146;14033;1853826;1607472;86.3;74.8
75;2021-08-17;5821;13609;1859647;1621081;86.6;75.5
75;2021-08-18;5084;12011;1864731;1633092;86.8;76.0
75;2021-08-19;4777;12689;1869508;1645781;87.0;76.6
75;2021-08-20;4569;11792;1874077;1657573;87.2;77.2
75;2021-08-21;3193;8814;1877270;1666387;87.4;77.6
75;2021-08-22;998;3163;1878268;1669550;87.4;77.7
75;2021-08-23;4929;15307;1883197;1684857;87.7;78.4
75;2021-08-24;4813;14539;1888010;1699396;87.9;79.1
75;2021-08-25;4541;12335;1892551;1711731;88.1;79.7
75;2021-08-26;4094;10281;1896645;1722012;88.3;80.2
75;2021-08-27;4485;11685;1901130;1733697;88.5;80.7
75;2021-08-28;3074;8306;1904204;1742003;88.6;81.1
75;2021-08-29;755;2020;1904959;1744023;88.7;81.2
75;2021-08-30;4532;14027;1909491;1758050;88.9;81.8
75;2021-08-31;4429;12789;1913920;1770839;89.1;82.4
75;2021-09-01;4117;9851;1918037;1780690;89.3;82.9
75;2021-09-02;3333;7867;1921370;1788557;89.4;83.3
75;2021-09-03;3757;8706;1925127;1797263;89.6;83.7
75;2021-09-04;3594;7870;1928721;1805133;89.8;84.0
75;2021-09-05;709;1365;1929430;1806498;89.8;84.1
75;2021-09-06;2626;6565;1932056;1813063;89.9;84.4
75;2021-09-07;2415;6010;1934471;1819073;90.0;84.7
75;2021-09-08;2632;6032;1937103;1825105;90.2;85.0
75;2021-09-09;2480;5307;1939583;1830412;90.3;85.2
75;2021-09-10;2809;6200;1942392;1836612;90.4;85.5
75;2021-09-11;2445;6205;1944837;1842817;90.5;85.8
75;2021-09-12;510;1008;1945347;1843825;90.6;85.8
75;2021-09-13;2337;4918;1947684;1848743;90.7;86.1
75;2021-09-14;2303;4035;1949987;1852778;90.8;86.2
75;2021-09-15;2340;4655;1952327;1857433;90.9;86.5
75;2021-09-16;1900;3716;1954227;1861149;91.0;86.6
75;2021-09-17;2557;4766;1956784;1865915;91.1;86.9
75;2021-09-18;1576;4681;1958360;1870596;91.2;87.1
75;2021-09-19;289;739;1958649;1871335;91.2;87.1
75;2021-09-20;1729;3651;1960378;1874986;91.3;87.3
75;2021-09-21;1638;3205;1962016;1878191;91.3;87.4
75;2021-09-22;1587;3966;1963603;1882157;91.4;87.6
75;2021-09-23;1424;2850;1965027;1885007;91.5;87.7
75;2021-09-24;1800;4035;1966827;1889042;91.6;87.9
75;2021-09-25;1262;4352;1968089;1893394;91.6;88.1
75;2021-09-26;281;530;1968370;1893924;91.6;88.2
75;2021-09-27;1310;3017;1969680;1896941;91.7;88.3
75;2021-09-28;1405;2474;1971085;1899415;91.8;88.4
75;2021-09-29;1379;2876;1972464;1902291;91.8;88.5
75;2021-09-30;1265;2517;1973729;1904808;91.9;88.7
75;2021-10-01;1519;2681;1975248;1907489;91.9;88.8
75;2021-10-02;1415;2757;1976663;1910246;92.0;88.9
75;2021-10-03;223;424;1976886;1910670;92.0;88.9
75;2021-10-04;1351;2511;1978237;1913181;92.1;89.1
75;2021-10-05;1087;2167;1979324;1915348;92.1;89.2
75;2021-10-06;1214;2415;1980538;1917763;92.2;89.3
75;2021-10-07;1127;2068;1981665;1919831;92.2;89.4
75;2021-10-08;1486;3058;1983151;1922889;92.3;89.5
75;2021-10-09;1297;2242;1984448;1925131;92.4;89.6
75;2021-10-10;239;361;1984687;1925492;92.4;89.6
75;2021-10-11;1247;2214;1985934;1927706;92.4;89.7
75;2021-10-12;1202;2098;1987136;1929804;92.5;89.8
76;2020-12-27;0;0;0;0;0.0;0.0
76;2020-12-28;1;1;1;1;0.0;0.0
76;2020-12-29;0;0;1;1;0.0;0.0
76;2020-12-30;0;0;1;1;0.0;0.0
76;2020-12-31;0;0;1;1;0.0;0.0
76;2021-01-01;0;0;1;1;0.0;0.0
76;2021-01-02;0;0;1;1;0.0;0.0
76;2021-01-03;0;0;1;1;0.0;0.0
76;2021-01-04;17;0;18;1;0.0;0.0
76;2021-01-05;138;0;156;1;0.0;0.0
76;2021-01-06;682;2;838;3;0.1;0.0
76;2021-01-07;1354;7;2192;10;0.2;0.0
76;2021-01-08;1537;2;3729;12;0.3;0.0
76;2021-01-09;736;2;4465;14;0.4;0.0
76;2021-01-10;492;2;4957;16;0.4;0.0
76;2021-01-11;1358;3;6315;19;0.5;0.0
76;2021-01-12;1358;3;7673;22;0.6;0.0
76;2021-01-13;1187;5;8860;27;0.7;0.0
76;2021-01-14;2178;24;11038;51;0.9;0.0
76;2021-01-15;1910;9;12948;60;1.0;0.0
76;2021-01-16;991;8;13939;68;1.1;0.0
76;2021-01-17;2898;23;16837;91;1.4;0.0
76;2021-01-18;4395;19;21232;110;1.7;0.0
76;2021-01-19;3021;11;24253;121;1.9;0.0
76;2021-01-20;2072;10;26325;131;2.1;0.0
76;2021-01-21;1773;4;28098;135;2.3;0.0
76;2021-01-22;1705;4;29803;139;2.4;0.0
76;2021-01-23;450;4;30253;143;2.4;0.0
76;2021-01-24;100;0;30353;143;2.4;0.0
76;2021-01-25;1476;139;31829;282;2.6;0.0
76;2021-01-26;1394;335;33223;617;2.7;0.0
76;2021-01-27;1341;433;34564;1050;2.8;0.1
76;2021-01-28;1286;385;35850;1435;2.9;0.1
76;2021-01-29;1155;458;37005;1893;3.0;0.2
76;2021-01-30;283;302;37288;2195;3.0;0.2
76;2021-01-31;4;98;37292;2293;3.0;0.2
76;2021-02-01;842;808;38134;3101;3.1;0.2
76;2021-02-02;1056;1017;39190;4118;3.2;0.3
76;2021-02-03;921;996;40111;5114;3.2;0.4
76;2021-02-04;976;1454;41087;6568;3.3;0.5
76;2021-02-05;975;1105;42062;7673;3.4;0.6
76;2021-02-06;264;878;42326;8551;3.4;0.7
76;2021-02-07;468;1654;42794;10205;3.4;0.8
76;2021-02-08;1924;3729;44718;13934;3.6;1.1
76;2021-02-09;1753;2990;46471;16924;3.7;1.4
76;2021-02-10;1488;1809;47959;18733;3.9;1.5
76;2021-02-11;1680;1529;49639;20262;4.0;1.6
76;2021-02-12;1706;1573;51345;21835;4.1;1.8
76;2021-02-13;230;337;51575;22172;4.1;1.8
76;2021-02-14;9;82;51584;22254;4.1;1.8
76;2021-02-15;552;1713;52136;23967;4.2;1.9
76;2021-02-16;742;1642;52878;25609;4.3;2.1
76;2021-02-17;626;1448;53504;27057;4.3;2.2
76;2021-02-18;780;1392;54284;28449;4.4;2.3
76;2021-02-19;870;1341;55154;29790;4.4;2.4
76;2021-02-20;270;287;55424;30077;4.5;2.4
76;2021-02-21;0;0;55424;30077;4.5;2.4
76;2021-02-22;371;1306;55795;31383;4.5;2.5
76;2021-02-23;576;1238;56371;32621;4.5;2.6
76;2021-02-24;601;1198;56972;33819;4.6;2.7
76;2021-02-25;1665;1265;58637;35084;4.7;2.8
76;2021-02-26;2171;1057;60808;36141;4.9;2.9
76;2021-02-27;1109;276;61917;36417;5.0;2.9
76;2021-02-28;27;196;61944;36613;5.0;2.9
76;2021-03-01;830;2087;62774;38700;5.0;3.1
76;2021-03-02;1382;1719;64156;40419;5.2;3.2
76;2021-03-03;1942;1392;66098;41811;5.3;3.4
76;2021-03-04;2819;1119;68917;42930;5.5;3.5
76;2021-03-05;4183;826;73100;43756;5.9;3.5
76;2021-03-06;3366;172;76466;43928;6.1;3.5
76;2021-03-07;1257;36;77723;43964;6.2;3.5
76;2021-03-08;2102;1262;79825;45226;6.4;3.6
76;2021-03-09;3575;1174;83400;46400;6.7;3.7
76;2021-03-10;3595;1073;86995;47473;7.0;3.8
76;2021-03-11;5635;952;92630;48425;7.4;3.9
76;2021-03-12;6830;620;99460;49045;8.0;3.9
76;2021-03-13;4646;158;104106;49203;8.4;4.0
76;2021-03-14;1068;28;105174;49231;8.5;4.0
76;2021-03-15;2919;245;108093;49476;8.7;4.0
76;2021-03-16;2557;404;110650;49880;8.9;4.0
76;2021-03-17;2696;319;113346;50199;9.1;4.0
76;2021-03-18;3003;318;116349;50517;9.4;4.1
76;2021-03-19;4397;441;120746;50958;9.7;4.1
76;2021-03-20;3974;301;124720;51259;10.0;4.1
76;2021-03-21;838;18;125558;51277;10.1;4.1
76;2021-03-22;3992;356;129550;51633;10.4;4.2
76;2021-03-23;5710;369;135260;52002;10.9;4.2
76;2021-03-24;5701;404;140961;52406;11.3;4.2
76;2021-03-25;7505;582;148466;52988;11.9;4.3
76;2021-03-26;8722;605;157188;53593;12.6;4.3
76;2021-03-27;4809;397;161997;53990;13.0;4.3
76;2021-03-28;1021;32;163018;54022;13.1;4.3
76;2021-03-29;5388;835;168406;54857;13.5;4.4
76;2021-03-30;6587;1068;174993;55925;14.1;4.5
76;2021-03-31;6462;1284;181455;57209;14.6;4.6
76;2021-04-01;6784;2046;188239;59255;15.1;4.8
76;2021-04-02;6485;2689;194724;61944;15.7;5.0
76;2021-04-03;2442;1083;197166;63027;15.9;5.1
76;2021-04-04;265;11;197431;63038;15.9;5.1
76;2021-04-05;869;379;198300;63417;15.9;5.1
76;2021-04-06;3557;2798;201857;66215;16.2;5.3
76;2021-04-07;4415;2412;206272;68627;16.6;5.5
76;2021-04-08;5841;2788;212113;71415;17.1;5.7
76;2021-04-09;8803;3084;220916;74499;17.8;6.0
76;2021-04-10;4876;1429;225792;75928;18.2;6.1
76;2021-04-11;814;535;226606;76463;18.2;6.1
76;2021-04-12;4726;2860;231332;79323;18.6;6.4
76;2021-04-13;5926;2874;237258;82197;19.1;6.6
76;2021-04-14;4803;3136;242061;85333;19.5;6.9
76;2021-04-15;5562;3363;247623;88696;19.9;7.1
76;2021-04-16;7356;3448;254979;92144;20.5;7.4
76;2021-04-17;4387;1436;259366;93580;20.9;7.5
76;2021-04-18;339;141;259705;93721;20.9;7.5
76;2021-04-19;3478;3779;263183;97500;21.2;7.8
76;2021-04-20;4344;4285;267527;101785;21.5;8.2
76;2021-04-21;4192;4697;271719;106482;21.8;8.6
76;2021-04-22;4564;5443;276283;111925;22.2;9.0
76;2021-04-23;5444;5981;281727;117906;22.7;9.5
76;2021-04-24;4165;2197;285892;120103;23.0;9.7
76;2021-04-25;895;269;286787;120372;23.1;9.7
76;2021-04-26;4484;4480;291271;124852;23.4;10.0
76;2021-04-27;5000;5010;296271;129862;23.8;10.4
76;2021-04-28;5348;4179;301619;134041;24.3;10.8
76;2021-04-29;6926;4177;308545;138218;24.8;11.1
76;2021-04-30;8219;4659;316764;142877;25.5;11.5
76;2021-05-01;4828;1017;321592;143894;25.9;11.6
76;2021-05-02;1842;265;323434;144159;26.0;11.6
76;2021-05-03;4703;3314;328137;147473;26.4;11.9
76;2021-05-04;4822;4563;332959;152036;26.8;12.2
76;2021-05-05;4783;5182;337742;157218;27.2;12.6
76;2021-05-06;5924;5590;343666;162808;27.6;13.1
76;2021-05-07;6137;6771;349803;169579;28.1;13.6
76;2021-05-08;5056;917;354859;170496;28.5;13.7
76;2021-05-09;2541;235;357400;170731;28.7;13.7
76;2021-05-10;4947;5069;362347;175800;29.1;14.1
76;2021-05-11;6519;5690;368866;181490;29.7;14.6
76;2021-05-12;6263;5085;375129;186575;30.2;15.0
76;2021-05-13;8842;1284;383971;187859;30.9;15.1
76;2021-05-14;10415;4664;394386;192523;31.7;15.5
76;2021-05-15;9119;2458;403505;194981;32.4;15.7
76;2021-05-16;6236;479;409741;195460;32.9;15.7
76;2021-05-17;7226;3279;416967;198739;33.5;16.0
76;2021-05-18;8304;2817;425271;201556;34.2;16.2
76;2021-05-19;8402;3200;433673;204756;34.9;16.5
76;2021-05-20;9650;3428;443323;208184;35.6;16.7
76;2021-05-21;8369;4097;451692;212281;36.3;17.1
76;2021-05-22;7163;2365;458855;214646;36.9;17.3
76;2021-05-23;6388;416;465243;215062;37.4;17.3
76;2021-05-24;6864;1529;472107;216591;38.0;17.4
76;2021-05-25;8024;4091;480131;220682;38.6;17.7
76;2021-05-26;7571;3611;487702;224293;39.2;18.0
76;2021-05-27;8340;4709;496042;229002;39.9;18.4
76;2021-05-28;8231;6572;504273;235574;40.5;18.9
76;2021-05-29;6225;3516;510498;239090;41.0;19.2
76;2021-05-30;3149;431;513647;239521;41.3;19.3
76;2021-05-31;8168;3973;521815;243494;42.0;19.6
76;2021-06-01;9209;5035;531024;248529;42.7;20.0
76;2021-06-02;7930;4447;538954;252976;43.3;20.3
76;2021-06-03;9540;5409;548494;258385;44.1;20.8
76;2021-06-04;9242;6699;557736;265084;44.8;21.3
76;2021-06-05;6285;3816;564021;268900;45.3;21.6
76;2021-06-06;2556;650;566577;269550;45.6;21.7
76;2021-06-07;6978;5455;573555;275005;46.1;22.1
76;2021-06-08;8661;6290;582216;281295;46.8;22.6
76;2021-06-09;7210;6083;589426;287378;47.4;23.1
76;2021-06-10;8000;6564;597426;293942;48.0;23.6
76;2021-06-11;7575;8240;605001;302182;48.6;24.3
76;2021-06-12;7166;5879;612167;308061;49.2;24.8
76;2021-06-13;2962;1295;615129;309356;49.5;24.9
76;2021-06-14;6487;6735;621616;316091;50.0;25.4
76;2021-06-15;6301;7479;627917;323570;50.5;26.0
76;2021-06-16;6651;7485;634568;331055;51.0;26.6
76;2021-06-17;7011;7759;641579;338814;51.6;27.2
76;2021-06-18;7687;9232;649266;348046;52.2;28.0
76;2021-06-19;5988;6260;655254;354306;52.7;28.5
76;2021-06-20;2809;1818;658063;356124;52.9;28.6
76;2021-06-21;5589;8176;663652;364300;53.4;29.3
76;2021-06-22;4923;9881;668575;374181;53.8;30.1
76;2021-06-23;4728;9435;673303;383616;54.1;30.8
76;2021-06-24;4796;9922;678099;393538;54.5;31.6
76;2021-06-25;5218;11584;683317;405122;54.9;32.6
76;2021-06-26;3454;7878;686771;413000;55.2;33.2
76;2021-06-27;1367;5162;688138;418162;55.3;33.6
76;2021-06-28;3612;9950;691750;428112;55.6;34.4
76;2021-06-29;3873;10227;695623;438339;55.9;35.2
76;2021-06-30;4267;9838;699890;448177;56.3;36.0
76;2021-07-01;4596;9909;704486;458086;56.6;36.8
76;2021-07-02;4368;12014;708854;470100;57.0;37.8
76;2021-07-03;3583;8450;712437;478550;57.3;38.5
76;2021-07-04;1487;5305;713924;483855;57.4;38.9
76;2021-07-05;3956;9332;717880;493187;57.7;39.7
76;2021-07-06;4055;10075;721935;503262;58.0;40.5
76;2021-07-07;4011;9327;725946;512589;58.4;41.2
76;2021-07-08;4465;9463;730411;522052;58.7;42.0
76;2021-07-09;4364;12413;734775;534465;59.1;43.0
76;2021-07-10;3138;8556;737913;543021;59.3;43.7
76;2021-07-11;1777;2821;739690;545842;59.5;43.9
76;2021-07-12;3155;11156;742845;556998;59.7;44.8
76;2021-07-13;4933;12264;747778;569262;60.1;45.8
76;2021-07-14;4803;5548;752581;574810;60.5;46.2
76;2021-07-15;5911;11790;758492;586600;61.0;47.2
76;2021-07-16;6720;12019;765212;598619;61.5;48.1
76;2021-07-17;5277;8709;770489;607328;61.9;48.8
76;2021-07-18;2257;3357;772746;610685;62.1;49.1
76;2021-07-19;5160;11155;777906;621840;62.5;50.0
76;2021-07-20;6276;11628;784182;633468;63.0;50.9
76;2021-07-21;6342;10571;790524;644039;63.6;51.8
76;2021-07-22;8240;9655;798764;653694;64.2;52.6
76;2021-07-23;7643;12003;806407;665697;64.8;53.5
76;2021-07-24;4992;7717;811399;673414;65.2;54.1
76;2021-07-25;2873;3138;814272;676552;65.5;54.4
76;2021-07-26;5432;10149;819704;686701;65.9;55.2
76;2021-07-27;8338;9557;828042;696258;66.6;56.0
76;2021-07-28;8270;7825;836312;704083;67.2;56.6
76;2021-07-29;9591;6991;845903;711074;68.0;57.2
76;2021-07-30;8011;7849;853914;718923;68.7;57.8
76;2021-07-31;6614;5333;860528;724256;69.2;58.2
76;2021-08-01;3863;2087;864391;726343;69.5;58.4
76;2021-08-02;6563;7101;870954;733444;70.0;59.0
76;2021-08-03;7972;6362;878926;739806;70.7;59.5
76;2021-08-04;7258;5847;886184;745653;71.2;60.0
76;2021-08-05;8100;5732;894284;751385;71.9;60.4
76;2021-08-06;6811;6875;901095;758260;72.4;61.0
76;2021-08-07;4792;4386;905887;762646;72.8;61.3
76;2021-08-08;2409;2158;908296;764804;73.0;61.5
76;2021-08-09;5638;6740;913934;771544;73.5;62.0
76;2021-08-10;6351;6557;920285;778101;74.0;62.6
76;2021-08-11;6452;5497;926737;783598;74.5;63.0
76;2021-08-12;6046;6063;932783;789661;75.0;63.5
76;2021-08-13;5059;6212;937842;795873;75.4;64.0
76;2021-08-14;3840;4599;941682;800472;75.7;64.4
76;2021-08-15;1579;2356;943261;802828;75.8;64.5
76;2021-08-16;3667;6719;946928;809547;76.1;65.1
76;2021-08-17;3919;6946;950847;816493;76.4;65.6
76;2021-08-18;3747;6738;954594;823231;76.7;66.2
76;2021-08-19;3390;7172;957984;830403;77.0;66.8
76;2021-08-20;3434;7831;961418;838234;77.3;67.4
76;2021-08-21;1825;4221;963243;842455;77.4;67.7
76;2021-08-22;871;3295;964114;845750;77.5;68.0
76;2021-08-23;2625;7761;966739;853511;77.7;68.6
76;2021-08-24;2824;7591;969563;861102;78.0;69.2
76;2021-08-25;2631;7079;972194;868181;78.2;69.8
76;2021-08-26;2074;5800;974268;873981;78.3;70.3
76;2021-08-27;2702;7952;976970;881933;78.5;70.9
76;2021-08-28;2137;6064;979107;887997;78.7;71.4
76;2021-08-29;698;3014;979805;891011;78.8;71.6
76;2021-08-30;2167;7348;981972;898359;79.0;72.2
76;2021-08-31;1944;7139;983916;905498;79.1;72.8
76;2021-09-01;1729;6410;985645;911908;79.2;73.3
76;2021-09-02;1306;4504;986951;916412;79.4;73.7
76;2021-09-03;1593;6603;988544;923015;79.5;74.2
76;2021-09-04;1618;5990;990162;929005;79.6;74.7
76;2021-09-05;636;1820;990798;930825;79.7;74.8
76;2021-09-06;1345;4372;992143;935197;79.8;75.2
76;2021-09-07;1169;3721;993312;938918;79.9;75.5
76;2021-09-08;1277;4458;994589;943376;80.0;75.8
76;2021-09-09;1095;2918;995684;946294;80.1;76.1
76;2021-09-10;1702;4032;997386;950326;80.2;76.4
76;2021-09-11;1167;3202;998553;953528;80.3;76.7
76;2021-09-12;286;828;998839;954356;80.3;76.7
76;2021-09-13;827;2192;999666;956548;80.4;76.9
76;2021-09-14;1379;2623;1001045;959171;80.5;77.1
76;2021-09-15;1173;3269;1002218;962440;80.6;77.4
76;2021-09-16;1272;1959;1003490;964399;80.7;77.5
76;2021-09-17;1412;2902;1004902;967301;80.8;77.8
76;2021-09-18;735;2512;1005637;969813;80.9;78.0
76;2021-09-19;197;777;1005834;970590;80.9;78.0
76;2021-09-20;845;1811;1006679;972401;80.9;78.2
76;2021-09-21;766;1597;1007445;973998;81.0;78.3
76;2021-09-22;676;2297;1008121;976295;81.1;78.5
76;2021-09-23;754;1169;1008875;977464;81.1;78.6
76;2021-09-24;1063;2043;1009938;979507;81.2;78.8
76;2021-09-25;574;2130;1010512;981637;81.2;78.9
76;2021-09-26;125;416;1010637;982053;81.3;79.0
76;2021-09-27;627;1347;1011264;983400;81.3;79.1
76;2021-09-28;504;1126;1011768;984526;81.3;79.2
76;2021-09-29;786;1589;1012554;986115;81.4;79.3
76;2021-09-30;425;884;1012979;986999;81.4;79.4
76;2021-10-01;856;1704;1013835;988703;81.5;79.5
76;2021-10-02;585;1312;1014420;990015;81.6;79.6
76;2021-10-03;129;386;1014549;990401;81.6;79.6
76;2021-10-04;599;1143;1015148;991544;81.6;79.7
76;2021-10-05;482;1020;1015630;992564;81.7;79.8
76;2021-10-06;459;898;1016089;993462;81.7;79.9
76;2021-10-07;386;842;1016475;994304;81.7;79.9
76;2021-10-08;905;1924;1017380;996228;81.8;80.1
76;2021-10-09;587;1003;1017967;997231;81.8;80.2
76;2021-10-10;71;77;1018038;997308;81.8;80.2
76;2021-10-11;487;1057;1018525;998365;81.9;80.3
76;2021-10-12;495;886;1019020;999251;81.9;80.3
77;2020-12-27;1;0;1;0;0.0;0.0
77;2020-12-28;2;0;3;0;0.0;0.0
77;2020-12-29;0;0;3;0;0.0;0.0
77;2020-12-30;0;0;3;0;0.0;0.0
77;2020-12-31;0;0;3;0;0.0;0.0
77;2021-01-01;4;0;7;0;0.0;0.0
77;2021-01-02;2;2;9;2;0.0;0.0
77;2021-01-03;0;0;9;2;0.0;0.0
77;2021-01-04;7;0;16;2;0.0;0.0
77;2021-01-05;200;0;216;2;0.0;0.0
77;2021-01-06;237;2;453;4;0.0;0.0
77;2021-01-07;522;4;975;8;0.1;0.0
77;2021-01-08;621;1;1596;9;0.1;0.0
77;2021-01-09;273;1;1869;10;0.1;0.0
77;2021-01-10;235;2;2104;12;0.1;0.0
77;2021-01-11;782;4;2886;16;0.2;0.0
77;2021-01-12;884;1;3770;17;0.3;0.0
77;2021-01-13;941;3;4711;20;0.3;0.0
77;2021-01-14;849;7;5560;27;0.4;0.0
77;2021-01-15;859;11;6419;38;0.5;0.0
77;2021-01-16;168;1;6587;39;0.5;0.0
77;2021-01-17;132;2;6719;41;0.5;0.0
77;2021-01-18;1196;5;7915;46;0.6;0.0
77;2021-01-19;1722;24;9637;70;0.7;0.0
77;2021-01-20;2541;13;12178;83;0.9;0.0
77;2021-01-21;2062;30;14240;113;1.0;0.0
77;2021-01-22;1148;8;15388;121;1.1;0.0
77;2021-01-23;348;0;15736;121;1.1;0.0
77;2021-01-24;45;0;15781;121;1.1;0.0
77;2021-01-25;940;25;16721;146;1.2;0.0
77;2021-01-26;1715;27;18436;173;1.3;0.0
77;2021-01-27;1364;29;19800;202;1.4;0.0
77;2021-01-28;1698;94;21498;296;1.5;0.0
77;2021-01-29;1289;148;22787;444;1.6;0.0
77;2021-01-30;211;2;22998;446;1.6;0.0
77;2021-01-31;1;0;22999;446;1.6;0.0
77;2021-02-01;570;211;23569;657;1.7;0.0
77;2021-02-02;872;266;24441;923;1.7;0.1
77;2021-02-03;794;524;25235;1447;1.8;0.1
77;2021-02-04;789;808;26024;2255;1.8;0.2
77;2021-02-05;858;849;26882;3104;1.9;0.2
77;2021-02-06;165;101;27047;3205;1.9;0.2
77;2021-02-07;17;93;27064;3298;1.9;0.2
77;2021-02-08;498;938;27562;4236;1.9;0.3
77;2021-02-09;590;1465;28152;5701;2.0;0.4
77;2021-02-10;1030;1838;29182;7539;2.0;0.5
77;2021-02-11;1059;1655;30241;9194;2.1;0.6
77;2021-02-12;1098;1173;31339;10367;2.2;0.7
77;2021-02-13;189;177;31528;10544;2.2;0.7
77;2021-02-14;12;56;31540;10600;2.2;0.7
77;2021-02-15;555;1023;32095;11623;2.3;0.8
77;2021-02-16;598;1532;32693;13155;2.3;0.9
77;2021-02-17;515;1186;33208;14341;2.3;1.0
77;2021-02-18;839;1616;34047;15957;2.4;1.1
77;2021-02-19;778;1102;34825;17059;2.4;1.2
77;2021-02-20;55;176;34880;17235;2.5;1.2
77;2021-02-21;7;31;34887;17266;2.5;1.2
77;2021-02-22;303;770;35190;18036;2.5;1.3
77;2021-02-23;360;1126;35550;19162;2.5;1.3
77;2021-02-24;513;896;36063;20058;2.5;1.4
77;2021-02-25;793;964;36856;21022;2.6;1.5
77;2021-02-26;840;838;37696;21860;2.6;1.5
77;2021-02-27;459;170;38155;22030;2.7;1.5
77;2021-02-28;33;5;38188;22035;2.7;1.5
77;2021-03-01;680;715;38868;22750;2.7;1.6
77;2021-03-02;1091;1025;39959;23775;2.8;1.7
77;2021-03-03;1958;1193;41917;24968;2.9;1.8
77;2021-03-04;2794;1146;44711;26114;3.1;1.8
77;2021-03-05;3374;1059;48085;27173;3.4;1.9
77;2021-03-06;4827;276;52912;27449;3.7;1.9
77;2021-03-07;3195;118;56107;27567;3.9;1.9
77;2021-03-08;1230;507;57337;28074;4.0;2.0
77;2021-03-09;2508;642;59845;28716;4.2;2.0
77;2021-03-10;2397;584;62242;29300;4.4;2.1
77;2021-03-11;3503;795;65745;30095;4.6;2.1
77;2021-03-12;3890;697;69635;30792;4.9;2.2
77;2021-03-13;4478;213;74113;31005;5.2;2.2
77;2021-03-14;2154;125;76267;31130;5.4;2.2
77;2021-03-15;2511;281;78778;31411;5.5;2.2
77;2021-03-16;2444;381;81222;31792;5.7;2.2
77;2021-03-17;2554;438;83776;32230;5.9;2.3
77;2021-03-18;3010;404;86786;32634;6.1;2.3
77;2021-03-19;3357;440;90143;33074;6.3;2.3
77;2021-03-20;1967;79;92110;33153;6.5;2.3
77;2021-03-21;243;14;92353;33167;6.5;2.3
77;2021-03-22;3019;408;95372;33575;6.7;2.4
77;2021-03-23;4520;537;99892;34112;7.0;2.4
77;2021-03-24;4156;623;104048;34735;7.3;2.4
77;2021-03-25;5907;414;109955;35149;7.7;2.5
77;2021-03-26;6267;455;116222;35604;8.2;2.5
77;2021-03-27;3323;127;119545;35731;8.4;2.5
77;2021-03-28;1730;50;121275;35781;8.5;2.5
77;2021-03-29;2654;691;123929;36472;8.7;2.6
77;2021-03-30;3995;1194;127924;37666;9.0;2.6
77;2021-03-31;3758;1231;131682;38897;9.2;2.7
77;2021-04-01;4141;1842;135823;40739;9.5;2.9
77;2021-04-02;3992;2022;139815;42761;9.8;3.0
77;2021-04-03;1743;2282;141558;45043;9.9;3.2
77;2021-04-04;420;1427;141978;46470;10.0;3.3
77;2021-04-05;161;163;142139;46633;10.0;3.3
77;2021-04-06;2723;1931;144862;48564;10.2;3.4
77;2021-04-07;3320;2090;148182;50654;10.4;3.6
77;2021-04-08;4532;2373;152714;53027;10.7;3.7
77;2021-04-09;4854;2097;157568;55124;11.1;3.9
77;2021-04-10;3074;2757;160642;57881;11.3;4.1
77;2021-04-11;586;721;161228;58602;11.3;4.1
77;2021-04-12;2230;1828;163458;60430;11.5;4.2
77;2021-04-13;3359;2645;166817;63075;11.7;4.4
77;2021-04-14;2519;2656;169336;65731;11.9;4.6
77;2021-04-15;3319;3123;172655;68854;12.1;4.8
77;2021-04-16;3575;2725;176230;71579;12.4;5.0
77;2021-04-17;1386;479;177616;72058;12.5;5.1
77;2021-04-18;150;11;177766;72069;12.5;5.1
77;2021-04-19;2083;2514;179849;74583;12.6;5.2
77;2021-04-20;2572;3384;182421;77967;12.8;5.5
77;2021-04-21;2195;3480;184616;81447;13.0;5.7
77;2021-04-22;3002;3865;187618;85312;13.2;6.0
77;2021-04-23;3531;3640;191149;88952;13.4;6.2
77;2021-04-24;4899;2519;196048;91471;13.8;6.4
77;2021-04-25;4078;1248;200126;92719;14.1;6.5
77;2021-04-26;3224;2045;203350;94764;14.3;6.7
77;2021-04-27;3996;2520;207346;97284;14.6;6.8
77;2021-04-28;4067;2621;211413;99905;14.9;7.0
77;2021-04-29;4480;3085;215893;102990;15.2;7.2
77;2021-04-30;4911;3346;220804;106336;15.5;7.5
77;2021-05-01;2466;600;223270;106936;15.7;7.5
77;2021-05-02;3141;278;226411;107214;15.9;7.5
77;2021-05-03;5991;2082;232402;109296;16.3;7.7
77;2021-05-04;6437;2995;238839;112291;16.8;7.9
77;2021-05-05;6018;3028;244857;115319;17.2;8.1
77;2021-05-06;6886;3599;251743;118918;17.7;8.4
77;2021-05-07;8204;3273;259947;122191;18.3;8.6
77;2021-05-08;5718;816;265665;123007;18.7;8.6
77;2021-05-09;4904;484;270569;123491;19.0;8.7
77;2021-05-10;8087;2330;278656;125821;19.6;8.8
77;2021-05-11;9576;2921;288232;128742;20.2;9.0
77;2021-05-12;8977;2284;297209;131026;20.9;9.2
77;2021-05-13;9302;884;306511;131910;21.5;9.3
77;2021-05-14;10437;1673;316948;133583;22.3;9.4
77;2021-05-15;8991;1248;325939;134831;22.9;9.5
77;2021-05-16;5152;470;331091;135301;23.3;9.5
77;2021-05-17;10371;1481;341462;136782;24.0;9.6
77;2021-05-18;11786;1806;353248;138588;24.8;9.7
77;2021-05-19;10918;1606;364166;140194;25.6;9.8
77;2021-05-20;12215;2157;376381;142351;26.4;10.0
77;2021-05-21;11652;2696;388033;145047;27.3;10.2
77;2021-05-22;9817;1741;397850;146788;27.9;10.3
77;2021-05-23;6978;818;404828;147606;28.4;10.4
77;2021-05-24;6762;779;411590;148385;28.9;10.4
77;2021-05-25;8315;2817;419905;151202;29.5;10.6
77;2021-05-26;7561;2980;427466;154182;30.0;10.8
77;2021-05-27;7552;3968;435018;158150;30.6;11.1
77;2021-05-28;7634;4010;442652;162160;31.1;11.4
77;2021-05-29;7353;2332;450005;164492;31.6;11.6
77;2021-05-30;4355;891;454360;165383;31.9;11.6
77;2021-05-31;8382;3836;462742;169219;32.5;11.9
77;2021-06-01;9645;4383;472387;173602;33.2;12.2
77;2021-06-02;9006;3931;481393;177533;33.8;12.5
77;2021-06-03;9001;5281;490394;182814;34.4;12.8
77;2021-06-04;9114;5495;499508;188309;35.1;13.2
77;2021-06-05;6660;4992;506168;193301;35.6;13.6
77;2021-06-06;4909;3210;511077;196511;35.9;13.8
77;2021-06-07;6421;4540;517498;201051;36.4;14.1
77;2021-06-08;5726;5228;523224;206279;36.8;14.5
77;2021-06-09;5059;4964;528283;211243;37.1;14.8
77;2021-06-10;5014;5459;533297;216702;37.5;15.2
77;2021-06-11;5752;6028;539049;222730;37.9;15.6
77;2021-06-12;6544;4752;545593;227482;38.3;16.0
77;2021-06-13;3507;3053;549100;230535;38.6;16.2
77;2021-06-14;3220;7933;552320;238468;38.8;16.8
77;2021-06-15;4127;8484;556447;246952;39.1;17.3
77;2021-06-16;4803;8378;561250;255330;39.4;17.9
77;2021-06-17;4467;9029;565717;264359;39.7;18.6
77;2021-06-18;4364;9790;570081;274149;40.0;19.3
77;2021-06-19;5306;6931;575387;281080;40.4;19.7
77;2021-06-20;2096;3801;577483;284881;40.6;20.0
77;2021-06-21;3228;9577;580711;294458;40.8;20.7
77;2021-06-22;3665;11377;584376;305835;41.0;21.5
77;2021-06-23;3443;10052;587819;315887;41.3;22.2
77;2021-06-24;3359;10923;591178;326810;41.5;23.0
77;2021-06-25;3623;10800;594801;337610;41.8;23.7
77;2021-06-26;4085;10070;598886;347680;42.1;24.4
77;2021-06-27;2124;6430;601010;354110;42.2;24.9
77;2021-06-28;2797;10831;603807;364941;42.4;25.6
77;2021-06-29;3415;12532;607222;377473;42.7;26.5
77;2021-06-30;3291;11452;610513;388925;42.9;27.3
77;2021-07-01;3296;11657;613809;400582;43.1;28.1
77;2021-07-02;3464;12256;617273;412838;43.4;29.0
77;2021-07-03;3182;10803;620455;423641;43.6;29.8
77;2021-07-04;1996;6491;622451;430132;43.7;30.2
77;2021-07-05;3584;9541;626035;439673;44.0;30.9
77;2021-07-06;3736;9530;629771;449203;44.2;31.6
77;2021-07-07;4051;8952;633822;458155;44.5;32.2
77;2021-07-08;3934;8760;637756;466915;44.8;32.8
77;2021-07-09;4712;10343;642468;477258;45.1;33.5
77;2021-07-10;4043;9842;646511;487100;45.4;34.2
77;2021-07-11;3090;5093;649601;492193;45.6;34.6
77;2021-07-12;3285;10870;652886;503063;45.9;35.3
77;2021-07-13;6163;12042;659049;515105;46.3;36.2
77;2021-07-14;3602;6448;662651;521553;46.5;36.6
77;2021-07-15;7189;11980;669840;533533;47.1;37.5
77;2021-07-16;7824;9893;677664;543426;47.6;38.2
77;2021-07-17;5792;9466;683456;552892;48.0;38.8
77;2021-07-18;4138;5330;687594;558222;48.3;39.2
77;2021-07-19;7517;8955;695111;567177;48.8;39.8
77;2021-07-20;9671;8047;704782;575224;49.5;40.4
77;2021-07-21;9523;7483;714305;582707;50.2;40.9
77;2021-07-22;10561;7559;724866;590266;50.9;41.5
77;2021-07-23;9877;8207;734743;598473;51.6;42.0
77;2021-07-24;7215;7879;741958;606352;52.1;42.6
77;2021-07-25;5897;4038;747855;610390;52.5;42.9
77;2021-07-26;9209;5971;757064;616361;53.2;43.3
77;2021-07-27;10953;6048;768017;622409;53.9;43.7
77;2021-07-28;9491;6429;777508;628838;54.6;44.2
77;2021-07-29;9537;5520;787045;634358;55.3;44.6
77;2021-07-30;9745;6370;796790;640728;56.0;45.0
77;2021-07-31;7264;6633;804054;647361;56.5;45.5
77;2021-08-01;2954;1216;807008;648577;56.7;45.6
77;2021-08-02;7134;5733;814142;654310;57.2;46.0
77;2021-08-03;5855;4527;819997;658837;57.6;46.3
77;2021-08-04;4740;4389;824737;663226;57.9;46.6
77;2021-08-05;3259;2973;827996;666199;58.2;46.8
77;2021-08-06;5979;5264;833975;671463;58.6;47.2
77;2021-08-07;5296;6795;839271;678258;59.0;47.6
77;2021-08-08;1977;1863;841248;680121;59.1;47.8
77;2021-08-09;5091;6584;846339;686705;59.5;48.2
77;2021-08-10;2713;3581;849052;690286;59.6;48.5
77;2021-08-11;3144;6241;852196;696527;59.9;48.9
77;2021-08-12;2281;3577;854477;700104;60.0;49.2
77;2021-08-13;2736;4896;857213;705000;60.2;49.5
77;2021-08-14;2959;7332;860172;712332;60.4;50.0
77;2021-08-15;789;773;860961;713105;60.5;50.1
77;2021-08-16;2478;6985;863439;720090;60.7;50.6
77;2021-08-17;2896;7215;866335;727305;60.9;51.1
77;2021-08-18;2686;6564;869021;733869;61.0;51.5
77;2021-08-19;2653;5105;871674;738974;61.2;51.9
77;2021-08-20;2711;5687;874385;744661;61.4;52.3
77;2021-08-21;2717;7339;877102;752000;61.6;52.8
77;2021-08-22;1735;5344;878837;757344;61.7;53.2
77;2021-08-23;2516;9620;881353;766964;61.9;53.9
77;2021-08-24;3069;9244;884422;776208;62.1;54.5
77;2021-08-25;2565;6541;886987;782749;62.3;55.0
77;2021-08-26;2559;6255;889546;789004;62.5;55.4
77;2021-08-27;2780;6995;892326;795999;62.7;55.9
77;2021-08-28;1974;7253;894300;803252;62.8;56.4
77;2021-08-29;1484;5151;895784;808403;62.9;56.8
77;2021-08-30;2526;8049;898310;816452;63.1;57.4
77;2021-08-31;2851;5600;901161;822052;63.3;57.7
77;2021-09-01;2302;3520;903463;825572;63.5;58.0
77;2021-09-02;1612;2812;905075;828384;63.6;58.2
77;2021-09-03;2137;4138;907212;832522;63.7;58.5
77;2021-09-04;2421;5583;909633;838105;63.9;58.9
77;2021-09-05;902;1371;910535;839476;64.0;59.0
77;2021-09-06;1067;1890;911602;841366;64.0;59.1
77;2021-09-07;845;2020;912447;843386;64.1;59.2
77;2021-09-08;1715;3072;914162;846458;64.2;59.5
77;2021-09-09;985;1842;915147;848300;64.3;59.6
77;2021-09-10;1194;2203;916341;850503;64.4;59.7
77;2021-09-11;2049;5403;918390;855906;64.5;60.1
77;2021-09-12;523;1353;918913;857259;64.5;60.2
77;2021-09-13;882;1723;919795;858982;64.6;60.3
77;2021-09-14;1026;1630;920821;860612;64.7;60.5
77;2021-09-15;1182;2529;922003;863141;64.8;60.6
77;2021-09-16;960;1498;922963;864639;64.8;60.7
77;2021-09-17;1157;2023;924120;866662;64.9;60.9
77;2021-09-18;1304;3581;925424;870243;65.0;61.1
77;2021-09-19;232;1182;925656;871425;65.0;61.2
77;2021-09-20;826;1625;926482;873050;65.1;61.3
77;2021-09-21;797;1503;927279;874553;65.1;61.4
77;2021-09-22;751;2486;928030;877039;65.2;61.6
77;2021-09-23;569;1509;928599;878548;65.2;61.7
77;2021-09-24;827;1950;929426;880498;65.3;61.8
77;2021-09-25;1002;3956;930428;884454;65.4;62.1
77;2021-09-26;205;758;930633;885212;65.4;62.2
77;2021-09-27;648;1312;931281;886524;65.4;62.3
77;2021-09-28;773;845;932054;887369;65.5;62.3
77;2021-09-29;936;1974;932990;889343;65.5;62.5
77;2021-09-30;587;937;933577;890280;65.6;62.5
77;2021-10-01;625;1025;934202;891305;65.6;62.6
77;2021-10-02;948;2104;935150;893409;65.7;62.8
77;2021-10-03;129;470;935279;893879;65.7;62.8
77;2021-10-04;412;720;935691;894599;65.7;62.8
77;2021-10-05;332;731;936023;895330;65.8;62.9
77;2021-10-06;536;1283;936559;896613;65.8;63.0
77;2021-10-07;387;723;936946;897336;65.8;63.0
77;2021-10-08;636;1219;937582;898555;65.9;63.1
77;2021-10-09;842;1986;938424;900541;65.9;63.3
77;2021-10-10;33;55;938457;900596;65.9;63.3
77;2021-10-11;563;851;939020;901447;66.0;63.3
77;2021-10-12;491;877;939511;902324;66.0;63.4
78;2020-12-27;2;0;2;0;0.0;0.0
78;2020-12-28;1;1;3;1;0.0;0.0
78;2020-12-29;0;0;3;1;0.0;0.0
78;2020-12-30;1;0;4;1;0.0;0.0
78;2020-12-31;15;0;19;1;0.0;0.0
78;2021-01-01;1;0;20;1;0.0;0.0
78;2021-01-02;1;0;21;1;0.0;0.0
78;2021-01-03;3;1;24;2;0.0;0.0
78;2021-01-04;145;3;169;5;0.0;0.0
78;2021-01-05;175;1;344;6;0.0;0.0
78;2021-01-06;208;4;552;10;0.0;0.0
78;2021-01-07;469;2;1021;12;0.1;0.0
78;2021-01-08;651;5;1672;17;0.1;0.0
78;2021-01-09;22;0;1694;17;0.1;0.0
78;2021-01-10;2;0;1696;17;0.1;0.0
78;2021-01-11;791;4;2487;21;0.2;0.0
78;2021-01-12;945;5;3432;26;0.2;0.0
78;2021-01-13;741;10;4173;36;0.3;0.0
78;2021-01-14;812;10;4985;46;0.3;0.0
78;2021-01-15;849;11;5834;57;0.4;0.0
78;2021-01-16;32;1;5866;58;0.4;0.0
78;2021-01-17;0;0;5866;58;0.4;0.0
78;2021-01-18;1384;21;7250;79;0.5;0.0
78;2021-01-19;1841;28;9091;107;0.6;0.0
78;2021-01-20;1651;19;10742;126;0.7;0.0
78;2021-01-21;3258;18;14000;144;1.0;0.0
78;2021-01-22;2216;20;16216;164;1.1;0.0
78;2021-01-23;280;0;16496;164;1.1;0.0
78;2021-01-24;5;0;16501;164;1.1;0.0
78;2021-01-25;957;31;17458;195;1.2;0.0
78;2021-01-26;1560;22;19018;217;1.3;0.0
78;2021-01-27;2063;52;21081;269;1.5;0.0
78;2021-01-28;2439;112;23520;381;1.6;0.0
78;2021-01-29;1492;64;25012;445;1.7;0.0
78;2021-01-30;210;2;25222;447;1.7;0.0
78;2021-01-31;3;0;25225;447;1.7;0.0
78;2021-02-01;788;224;26013;671;1.8;0.0
78;2021-02-02;967;346;26980;1017;1.9;0.1
78;2021-02-03;977;240;27957;1257;1.9;0.1
78;2021-02-04;1117;446;29074;1703;2.0;0.1
78;2021-02-05;1191;504;30265;2207;2.1;0.2
78;2021-02-06;200;46;30465;2253;2.1;0.2
78;2021-02-07;139;14;30604;2267;2.1;0.2
78;2021-02-08;763;606;31367;2873;2.2;0.2
78;2021-02-09;1121;945;32488;3818;2.2;0.3
78;2021-02-10;1245;1179;33733;4997;2.3;0.3
78;2021-02-11;1820;1894;35553;6891;2.5;0.5
78;2021-02-12;1820;1388;37373;8279;2.6;0.6
78;2021-02-13;173;76;37546;8355;2.6;0.6
78;2021-02-14;27;26;37573;8381;2.6;0.6
78;2021-02-15;448;1432;38021;9813;2.6;0.7
78;2021-02-16;628;1562;38649;11375;2.7;0.8
78;2021-02-17;588;2221;39237;13596;2.7;0.9
78;2021-02-18;997;2278;40234;15874;2.8;1.1
78;2021-02-19;821;1722;41055;17596;2.8;1.2
78;2021-02-20;148;125;41203;17721;2.8;1.2
78;2021-02-21;0;12;41203;17733;2.8;1.2
78;2021-02-22;502;1060;41705;18793;2.9;1.3
78;2021-02-23;540;1126;42245;19919;2.9;1.4
78;2021-02-24;620;1245;42865;21164;3.0;1.5
78;2021-02-25;867;1154;43732;22318;3.0;1.5
78;2021-02-26;1131;1241;44863;23559;3.1;1.6
78;2021-02-27;740;151;45603;23710;3.1;1.6
78;2021-02-28;68;18;45671;23728;3.2;1.6
78;2021-03-01;966;908;46637;24636;3.2;1.7
78;2021-03-02;1727;1059;48364;25695;3.3;1.8
78;2021-03-03;1967;1243;50331;26938;3.5;1.9
78;2021-03-04;2952;1604;53283;28542;3.7;2.0
78;2021-03-05;3259;1674;56542;30216;3.9;2.1
78;2021-03-06;6244;326;62786;30542;4.3;2.1
78;2021-03-07;3444;108;66230;30650;4.6;2.1
78;2021-03-08;1462;764;67692;31414;4.7;2.2
78;2021-03-09;2944;917;70636;32331;4.9;2.2
78;2021-03-10;3081;1128;73717;33459;5.1;2.3
78;2021-03-11;4179;1321;77896;34780;5.4;2.4
78;2021-03-12;5372;1368;83268;36148;5.7;2.5
78;2021-03-13;4657;210;87925;36358;6.1;2.5
78;2021-03-14;1038;42;88963;36400;6.1;2.5
78;2021-03-15;3621;272;92584;36672;6.4;2.5
78;2021-03-16;2567;579;95151;37251;6.6;2.6
78;2021-03-17;2970;449;98121;37700;6.8;2.6
78;2021-03-18;3780;460;101901;38160;7.0;2.6
78;2021-03-19;5317;502;107218;38662;7.4;2.7
78;2021-03-20;2260;133;109478;38795;7.6;2.7
78;2021-03-21;167;7;109645;38802;7.6;2.7
78;2021-03-22;3530;384;113175;39186;7.8;2.7
78;2021-03-23;5231;554;118406;39740;8.2;2.7
78;2021-03-24;4891;562;123297;40302;8.5;2.8
78;2021-03-25;6940;581;130237;40883;9.0;2.8
78;2021-03-26;6944;730;137181;41613;9.5;2.9
78;2021-03-27;3746;204;140927;41817;9.7;2.9
78;2021-03-28;1918;56;142845;41873;9.9;2.9
78;2021-03-29;3863;769;146708;42642;10.1;2.9
78;2021-03-30;5526;1063;152234;43705;10.5;3.0
78;2021-03-31;5334;1307;157568;45012;10.9;3.1
78;2021-04-01;5590;2377;163158;47389;11.3;3.3
78;2021-04-02;5194;2637;168352;50026;11.6;3.5
78;2021-04-03;2197;2568;170549;52594;11.8;3.6
78;2021-04-04;174;14;170723;52608;11.8;3.6
78;2021-04-05;199;20;170922;52628;11.8;3.6
78;2021-04-06;3617;2311;174539;54939;12.0;3.8
78;2021-04-07;4357;2595;178896;57534;12.3;4.0
78;2021-04-08;5523;2679;184419;60213;12.7;4.2
78;2021-04-09;6907;2462;191326;62675;13.2;4.3
78;2021-04-10;3995;1912;195321;64587;13.5;4.5
78;2021-04-11;374;607;195695;65194;13.5;4.5
78;2021-04-12;3530;2370;199225;67564;13.8;4.7
78;2021-04-13;5461;2515;204686;70079;14.1;4.8
78;2021-04-14;4957;3404;209643;73483;14.5;5.1
78;2021-04-15;4616;3860;214259;77343;14.8;5.3
78;2021-04-16;5626;4036;219885;81379;15.2;5.6
78;2021-04-17;3610;720;223495;82099;15.4;5.7
78;2021-04-18;272;42;223767;82141;15.4;5.7
78;2021-04-19;3246;2817;227013;84958;15.7;5.9
78;2021-04-20;4709;3691;231722;88649;16.0;6.1
78;2021-04-21;4533;3511;236255;92160;16.3;6.4
78;2021-04-22;4567;4700;240822;96860;16.6;6.7
78;2021-04-23;5059;4435;245881;101295;17.0;7.0
78;2021-04-24;4865;2631;250746;103926;17.3;7.2
78;2021-04-25;3049;1732;253795;105658;17.5;7.3
78;2021-04-26;4768;3326;258563;108984;17.8;7.5
78;2021-04-27;5474;4320;264037;113304;18.2;7.8
78;2021-04-28;5649;4796;269686;118100;18.6;8.2
78;2021-04-29;6263;4086;275949;122186;19.0;8.4
78;2021-04-30;7207;4466;283156;126652;19.5;8.7
78;2021-05-01;612;255;283768;126907;19.6;8.8
78;2021-05-02;2009;166;285777;127073;19.7;8.8
78;2021-05-03;7465;1289;293242;128362;20.2;8.9
78;2021-05-04;6077;3984;299319;132346;20.7;9.1
78;2021-05-05;7296;4565;306615;136911;21.2;9.5
78;2021-05-06;6480;5179;313095;142090;21.6;9.8
78;2021-05-07;8309;5144;321404;147234;22.2;10.2
78;2021-05-08;2916;1454;324320;148688;22.4;10.3
78;2021-05-09;2820;356;327140;149044;22.6;10.3
78;2021-05-10;7344;4457;334484;153501;23.1;10.6
78;2021-05-11;8143;5423;342627;158924;23.7;11.0
78;2021-05-12;8729;3918;351356;162842;24.3;11.2
78;2021-05-13;6628;603;357984;163445;24.7;11.3
78;2021-05-14;10216;2217;368200;165662;25.4;11.4
78;2021-05-15;4934;2362;373134;168024;25.8;11.6
78;2021-05-16;3697;792;376831;168816;26.0;11.7
78;2021-05-17;8741;1348;385572;170164;26.6;11.7
78;2021-05-18;9886;1894;395458;172058;27.3;11.9
78;2021-05-19;11652;1711;407110;173769;28.1;12.0
78;2021-05-20;11596;2265;418706;176034;28.9;12.2
78;2021-05-21;12121;2630;430827;178664;29.7;12.3
78;2021-05-22;6538;1364;437365;180028;30.2;12.4
78;2021-05-23;3125;390;440490;180418;30.4;12.5
78;2021-05-24;3521;417;444011;180835;30.7;12.5
78;2021-05-25;9984;2509;453995;183344;31.3;12.7
78;2021-05-26;10159;3781;464154;187125;32.0;12.9
78;2021-05-27;10948;4645;475102;191770;32.8;13.2
78;2021-05-28;11405;6030;486507;197800;33.6;13.7
78;2021-05-29;4228;3385;490735;201185;33.9;13.9
78;2021-05-30;135;348;490870;201533;33.9;13.9
78;2021-05-31;7967;5360;498837;206893;34.4;14.3
78;2021-06-01;10023;6525;508860;213418;35.1;14.7
78;2021-06-02;8582;6204;517442;219622;35.7;15.2
78;2021-06-03;9892;6478;527334;226100;36.4;15.6
78;2021-06-04;9794;8145;537128;234245;37.1;16.2
78;2021-06-05;5519;6133;542647;240378;37.5;16.6
78;2021-06-06;2150;2010;544797;242388;37.6;16.7
78;2021-06-07;8113;6519;552910;248907;38.2;17.2
78;2021-06-08;8064;7322;560974;256229;38.7;17.7
78;2021-06-09;7325;6733;568299;262962;39.2;18.2
78;2021-06-10;7105;7106;575404;270068;39.7;18.6
78;2021-06-11;7584;8186;582988;278254;40.2;19.2
78;2021-06-12;6372;2920;589360;281174;40.7;19.4
78;2021-06-13;946;2458;590306;283632;40.7;19.6
78;2021-06-14;3415;9808;593721;293440;41.0;20.3
78;2021-06-15;5794;8287;599515;301727;41.4;20.8
78;2021-06-16;5430;8626;604945;310353;41.8;21.4
78;2021-06-17;5482;8537;610427;318890;42.1;22.0
78;2021-06-18;6103;9801;616530;328691;42.6;22.7
78;2021-06-19;5219;4820;621749;333511;42.9;23.0
78;2021-06-20;625;2838;622374;336349;43.0;23.2
78;2021-06-21;4092;9470;626466;345819;43.2;23.9
78;2021-06-22;3349;10317;629815;356136;43.5;24.6
78;2021-06-23;3839;10394;633654;366530;43.7;25.3
78;2021-06-24;3795;9977;637449;376507;44.0;26.0
78;2021-06-25;3995;13149;641444;389656;44.3;26.9
78;2021-06-26;4209;7951;645653;397607;44.6;27.4
78;2021-06-27;1041;2540;646694;400147;44.6;27.6
78;2021-06-28;3288;10900;649982;411047;44.9;28.4
78;2021-06-29;3535;11247;653517;422294;45.1;29.2
78;2021-06-30;4110;13225;657627;435519;45.4;30.1
78;2021-07-01;4106;12701;661733;448220;45.7;30.9
78;2021-07-02;4260;13938;665993;462158;46.0;31.9
78;2021-07-03;3159;8621;669152;470779;46.2;32.5
78;2021-07-04;778;1742;669930;472521;46.2;32.6
78;2021-07-05;3384;9694;673314;482215;46.5;33.3
78;2021-07-06;3525;12044;676839;494259;46.7;34.1
78;2021-07-07;3824;11606;680663;505865;47.0;34.9
78;2021-07-08;3927;11678;684590;517543;47.3;35.7
78;2021-07-09;4759;12743;689349;530286;47.6;36.6
78;2021-07-10;2626;6613;691975;536899;47.8;37.1
78;2021-07-11;748;2047;692723;538946;47.8;37.2
78;2021-07-12;3038;11745;695761;550691;48.0;38.0
78;2021-07-13;5351;11974;701112;562665;48.4;38.8
78;2021-07-14;2533;4989;703645;567654;48.6;39.2
78;2021-07-15;5662;11954;709307;579608;49.0;40.0
78;2021-07-16;7320;10787;716627;590395;49.5;40.8
78;2021-07-17;4725;4898;721352;595293;49.8;41.1
78;2021-07-18;1158;471;722510;595764;49.9;41.1
78;2021-07-19;3879;10350;726389;606114;50.1;41.8
78;2021-07-20;5616;9926;732005;616040;50.5;42.5
78;2021-07-21;5905;9859;737910;625899;50.9;43.2
78;2021-07-22;5972;9296;743882;635195;51.4;43.8
78;2021-07-23;6258;9230;750140;644425;51.8;44.5
78;2021-07-24;2937;4973;753077;649398;52.0;44.8
78;2021-07-25;987;376;754064;649774;52.1;44.9
78;2021-07-26;4868;6986;758932;656760;52.4;45.3
78;2021-07-27;7600;6915;766532;663675;52.9;45.8
78;2021-07-28;6976;5933;773508;669608;53.4;46.2
78;2021-07-29;7902;6008;781410;675616;53.9;46.6
78;2021-07-30;7740;7052;789150;682668;54.5;47.1
78;2021-07-31;2653;2734;791803;685402;54.7;47.3
78;2021-08-01;109;72;791912;685474;54.7;47.3
78;2021-08-02;2446;2131;794358;687605;54.8;47.5
78;2021-08-03;4270;4255;798628;691860;55.1;47.8
78;2021-08-04;4467;2809;803095;694669;55.4;48.0
78;2021-08-05;3887;3172;806982;697841;55.7;48.2
78;2021-08-06;3979;3719;810961;701560;56.0;48.4
78;2021-08-07;2819;3442;813780;705002;56.2;48.7
78;2021-08-08;483;343;814263;705345;56.2;48.7
78;2021-08-09;1880;1662;816143;707007;56.3;48.8
78;2021-08-10;3420;3983;819563;710990;56.6;49.1
78;2021-08-11;3053;3383;822616;714373;56.8;49.3
78;2021-08-12;2794;3535;825410;717908;57.0;49.6
78;2021-08-13;2867;3187;828277;721095;57.2;49.8
78;2021-08-14;2301;2978;830578;724073;57.3;50.0
78;2021-08-15;315;373;830893;724446;57.4;50.0
78;2021-08-16;942;2342;831835;726788;57.4;50.2
78;2021-08-17;2795;4422;834630;731210;57.6;50.5
78;2021-08-18;2476;3820;837106;735030;57.8;50.7
78;2021-08-19;2240;3583;839346;738613;57.9;51.0
78;2021-08-20;2101;4000;841447;742613;58.1;51.3
78;2021-08-21;1885;3587;843332;746200;58.2;51.5
78;2021-08-22;87;147;843419;746347;58.2;51.5
78;2021-08-23;2162;4248;845581;750595;58.4;51.8
78;2021-08-24;3630;6973;849211;757568;58.6;52.3
78;2021-08-25;3296;6593;852507;764161;58.8;52.8
78;2021-08-26;2980;7237;855487;771398;59.1;53.3
78;2021-08-27;2865;7370;858352;778768;59.3;53.8
78;2021-08-28;2443;5278;860795;784046;59.4;54.1
78;2021-08-29;369;351;861164;784397;59.4;54.1
78;2021-08-30;2859;4976;864023;789373;59.6;54.5
78;2021-08-31;3451;5676;867474;795049;59.9;54.9
78;2021-09-01;2829;4931;870303;799980;60.1;55.2
78;2021-09-02;2102;4010;872405;803990;60.2;55.5
78;2021-09-03;2261;4279;874666;808269;60.4;55.8
78;2021-09-04;2487;3951;877153;812220;60.6;56.1
78;2021-09-05;292;375;877445;812595;60.6;56.1
78;2021-09-06;1318;2497;878763;815092;60.7;56.3
78;2021-09-07;1363;2942;880126;818034;60.8;56.5
78;2021-09-08;1686;3308;881812;821342;60.9;56.7
78;2021-09-09;1094;2750;882906;824092;60.9;56.9
78;2021-09-10;1386;3014;884292;827106;61.0;57.1
78;2021-09-11;2054;3746;886346;830852;61.2;57.4
78;2021-09-12;73;139;886419;830991;61.2;57.4
78;2021-09-13;788;2020;887207;833011;61.2;57.5
78;2021-09-14;1072;2819;888279;835830;61.3;57.7
78;2021-09-15;1225;3532;889504;839362;61.4;57.9
78;2021-09-16;852;2090;890356;841452;61.5;58.1
78;2021-09-17;1186;2839;891542;844291;61.5;58.3
78;2021-09-18;1393;4073;892935;848364;61.6;58.6
78;2021-09-19;145;409;893080;848773;61.7;58.6
78;2021-09-20;671;1711;893751;850484;61.7;58.7
78;2021-09-21;823;1978;894574;852462;61.8;58.8
78;2021-09-22;957;3515;895531;855977;61.8;59.1
78;2021-09-23;885;1640;896416;857617;61.9;59.2
78;2021-09-24;1010;2386;897426;860003;62.0;59.4
78;2021-09-25;1055;3919;898481;863922;62.0;59.6
78;2021-09-26;59;155;898540;864077;62.0;59.6
78;2021-09-27;683;1507;899223;865584;62.1;59.8
78;2021-09-28;830;1498;900053;867082;62.1;59.9
78;2021-09-29;1009;2163;901062;869245;62.2;60.0
78;2021-09-30;560;928;901622;870173;62.2;60.1
78;2021-10-01;931;1822;902553;871995;62.3;60.2
78;2021-10-02;1246;2468;903799;874463;62.4;60.4
78;2021-10-03;54;70;903853;874533;62.4;60.4
78;2021-10-04;487;938;904340;875471;62.4;60.4
78;2021-10-05;436;732;904776;876203;62.5;60.5
78;2021-10-06;805;1566;905581;877769;62.5;60.6
78;2021-10-07;393;784;905974;878553;62.5;60.6
78;2021-10-08;896;1739;906870;880292;62.6;60.8
78;2021-10-09;974;1842;907844;882134;62.7;60.9
78;2021-10-10;101;115;907945;882249;62.7;60.9
78;2021-10-11;452;1003;908397;883252;62.7;61.0
78;2021-10-12;405;636;908802;883888;62.7;61.0
79;2020-12-27;0;0;0;0;0.0;0.0
79;2020-12-28;4;0;4;0;0.0;0.0
79;2020-12-29;0;0;4;0;0.0;0.0
79;2020-12-30;0;0;4;0;0.0;0.0
79;2020-12-31;0;0;4;0;0.0;0.0
79;2021-01-01;0;0;4;0;0.0;0.0
79;2021-01-02;0;0;4;0;0.0;0.0
79;2021-01-03;0;0;4;0;0.0;0.0
79;2021-01-04;1;0;5;0;0.0;0.0
79;2021-01-05;0;0;5;0;0.0;0.0
79;2021-01-06;0;0;5;0;0.0;0.0
79;2021-01-07;158;0;163;0;0.0;0.0
79;2021-01-08;165;0;328;0;0.1;0.0
79;2021-01-09;100;1;428;1;0.1;0.0
79;2021-01-10;3;0;431;1;0.1;0.0
79;2021-01-11;184;1;615;2;0.2;0.0
79;2021-01-12;245;1;860;3;0.2;0.0
79;2021-01-13;258;0;1118;3;0.3;0.0
79;2021-01-14;506;9;1624;12;0.4;0.0
79;2021-01-15;618;7;2242;19;0.6;0.0
79;2021-01-16;66;0;2308;19;0.6;0.0
79;2021-01-17;0;0;2308;19;0.6;0.0
79;2021-01-18;478;2;2786;21;0.7;0.0
79;2021-01-19;1361;3;4147;24;1.1;0.0
79;2021-01-20;1678;2;5825;26;1.6;0.0
79;2021-01-21;1999;8;7824;34;2.1;0.0
79;2021-01-22;875;5;8699;39;2.3;0.0
79;2021-01-23;65;0;8764;39;2.4;0.0
79;2021-01-24;0;0;8764;39;2.4;0.0
79;2021-01-25;646;7;9410;46;2.5;0.0
79;2021-01-26;593;14;10003;60;2.7;0.0
79;2021-01-27;740;84;10743;144;2.9;0.0
79;2021-01-28;733;152;11476;296;3.1;0.1
79;2021-01-29;495;88;11971;384;3.2;0.1
79;2021-01-30;0;0;11971;384;3.2;0.1
79;2021-01-31;0;0;11971;384;3.2;0.1
79;2021-02-01;207;111;12178;495;3.3;0.1
79;2021-02-02;334;74;12512;569;3.4;0.2
79;2021-02-03;391;60;12903;629;3.5;0.2
79;2021-02-04;326;109;13229;738;3.6;0.2
79;2021-02-05;360;275;13589;1013;3.6;0.3
79;2021-02-06;6;1;13595;1014;3.6;0.3
79;2021-02-07;22;0;13617;1014;3.7;0.3
79;2021-02-08;283;167;13900;1181;3.7;0.3
79;2021-02-09;457;785;14357;1966;3.9;0.5
79;2021-02-10;619;1199;14976;3165;4.0;0.8
79;2021-02-11;777;1237;15753;4402;4.2;1.2
79;2021-02-12;471;767;16224;5169;4.4;1.4
79;2021-02-13;53;74;16277;5243;4.4;1.4
79;2021-02-14;0;0;16277;5243;4.4;1.4
79;2021-02-15;186;503;16463;5746;4.4;1.5
79;2021-02-16;333;731;16796;6477;4.5;1.7
79;2021-02-17;248;877;17044;7354;4.6;2.0
79;2021-02-18;353;945;17397;8299;4.7;2.2
79;2021-02-19;268;560;17665;8859;4.7;2.4
79;2021-02-20;5;22;17670;8881;4.7;2.4
79;2021-02-21;1;0;17671;8881;4.7;2.4
79;2021-02-22;137;462;17808;9343;4.8;2.5
79;2021-02-23;247;567;18055;9910;4.8;2.7
79;2021-02-24;246;544;18301;10454;4.9;2.8
79;2021-02-25;520;470;18821;10924;5.1;2.9
79;2021-02-26;599;399;19420;11323;5.2;3.0
79;2021-02-27;408;7;19828;11330;5.3;3.0
79;2021-02-28;35;0;19863;11330;5.3;3.0
79;2021-03-01;89;362;19952;11692;5.4;3.1
79;2021-03-02;302;508;20254;12200;5.4;3.3
79;2021-03-03;662;545;20916;12745;5.6;3.4
79;2021-03-04;904;572;21820;13317;5.9;3.6
79;2021-03-05;1218;449;23038;13766;6.2;3.7
79;2021-03-06;611;8;23649;13774;6.3;3.7
79;2021-03-07;77;1;23726;13775;6.4;3.7
79;2021-03-08;345;310;24071;14085;6.5;3.8
79;2021-03-09;842;342;24913;14427;6.7;3.9
79;2021-03-10;1146;405;26059;14832;7.0;4.0
79;2021-03-11;1641;328;27700;15160;7.4;4.1
79;2021-03-12;1721;122;29421;15282;7.9;4.1
79;2021-03-13;1135;13;30556;15295;8.2;4.1
79;2021-03-14;50;0;30606;15295;8.2;4.1
79;2021-03-15;497;158;31103;15453;8.3;4.1
79;2021-03-16;735;148;31838;15601;8.5;4.2
79;2021-03-17;578;109;32416;15710;8.7;4.2
79;2021-03-18;553;203;32969;15913;8.8;4.3
79;2021-03-19;661;261;33630;16174;9.0;4.3
79;2021-03-20;1007;15;34637;16189;9.3;4.3
79;2021-03-21;3;0;34640;16189;9.3;4.3
79;2021-03-22;957;210;35597;16399;9.6;4.4
79;2021-03-23;1595;172;37192;16571;10.0;4.4
79;2021-03-24;1831;167;39023;16738;10.5;4.5
79;2021-03-25;2499;195;41522;16933;11.1;4.5
79;2021-03-26;2406;138;43928;17071;11.8;4.6
79;2021-03-27;768;18;44696;17089;12.0;4.6
79;2021-03-28;1;0;44697;17089;12.0;4.6
79;2021-03-29;2148;117;46845;17206;12.6;4.6
79;2021-03-30;2817;67;49662;17273;13.3;4.6
79;2021-03-31;2777;381;52439;17654;14.1;4.7
79;2021-04-01;2698;387;55137;18041;14.8;4.8
79;2021-04-02;2823;397;57960;18438;15.6;4.9
79;2021-04-03;634;55;58594;18493;15.7;5.0
79;2021-04-04;3;0;58597;18493;15.7;5.0
79;2021-04-05;381;5;58978;18498;15.8;5.0
79;2021-04-06;1792;587;60770;19085;16.3;5.1
79;2021-04-07;3112;738;63882;19823;17.1;5.3
79;2021-04-08;2632;704;66514;20527;17.9;5.5
79;2021-04-09;3737;549;70251;21076;18.9;5.7
79;2021-04-10;1466;388;71717;21464;19.2;5.8
79;2021-04-11;4;0;71721;21464;19.2;5.8
79;2021-04-12;1753;355;73474;21819;19.7;5.9
79;2021-04-13;2174;756;75648;22575;20.3;6.1
79;2021-04-14;2480;681;78128;23256;21.0;6.2
79;2021-04-15;2216;670;80344;23926;21.6;6.4
79;2021-04-16;1413;446;81757;24372;21.9;6.5
79;2021-04-17;581;354;82338;24726;22.1;6.6
79;2021-04-18;1;14;82339;24740;22.1;6.6
79;2021-04-19;1088;842;83427;25582;22.4;6.9
79;2021-04-20;1506;1229;84933;26811;22.8;7.2
79;2021-04-21;1419;1440;86352;28251;23.2;7.6
79;2021-04-22;1572;1089;87924;29340;23.6;7.9
79;2021-04-23;1316;1192;89240;30532;23.9;8.2
79;2021-04-24;653;463;89893;30995;24.1;8.3
79;2021-04-25;1;0;89894;30995;24.1;8.3
79;2021-04-26;1343;1813;91237;32808;24.5;8.8
79;2021-04-27;1898;2352;93135;35160;25.0;9.4
79;2021-04-28;1458;2867;94593;38027;25.4;10.2
79;2021-04-29;2103;2254;96696;40281;25.9;10.8
79;2021-04-30;2115;2463;98811;42744;26.5;11.5
79;2021-05-01;521;381;99332;43125;26.7;11.6
79;2021-05-02;1;11;99333;43136;26.7;11.6
79;2021-05-03;1182;1293;100515;44429;27.0;11.9
79;2021-05-04;1732;2333;102247;46762;27.4;12.5
79;2021-05-05;1694;2482;103941;49244;27.9;13.2
79;2021-05-06;2326;2223;106267;51467;28.5;13.8
79;2021-05-07;2105;2803;108372;54270;29.1;14.6
79;2021-05-08;198;506;108570;54776;29.1;14.7
79;2021-05-09;0;0;108570;54776;29.1;14.7
79;2021-05-10;1582;1787;110152;56563;29.6;15.2
79;2021-05-11;2309;1653;112461;58216;30.2;15.6
79;2021-05-12;2000;2683;114461;60899;30.7;16.3
79;2021-05-13;640;290;115101;61189;30.9;16.4
79;2021-05-14;2100;675;117201;61864;31.5;16.6
79;2021-05-15;1399;499;118600;62363;31.8;16.7
79;2021-05-16;1;22;118601;62385;31.8;16.7
79;2021-05-17;1873;1087;120474;63472;32.3;17.0
79;2021-05-18;2971;1272;123445;64744;33.1;17.4
79;2021-05-19;2899;969;126344;65713;33.9;17.6
79;2021-05-20;3106;1248;129450;66961;34.7;18.0
79;2021-05-21;2768;1066;132218;68027;35.5;18.3
79;2021-05-22;1084;261;133302;68288;35.8;18.3
79;2021-05-23;1;0;133303;68288;35.8;18.3
79;2021-05-24;161;20;133464;68308;35.8;18.3
79;2021-05-25;3198;991;136662;69299;36.7;18.6
79;2021-05-26;3312;854;139974;70153;37.6;18.8
79;2021-05-27;3589;1719;143563;71872;38.5;19.3
79;2021-05-28;3331;1825;146894;73697;39.4;19.8
79;2021-05-29;1072;450;147966;74147;39.7;19.9
79;2021-05-30;3;1;147969;74148;39.7;19.9
79;2021-05-31;2382;735;150351;74883;40.3;20.1
79;2021-06-01;3021;1577;153372;76460;41.2;20.5
79;2021-06-02;4066;1165;157438;77625;42.3;20.8
79;2021-06-03;4089;1758;161527;79383;43.3;21.3
79;2021-06-04;4141;2037;165668;81420;44.5;21.9
79;2021-06-05;2801;760;168469;82180;45.2;22.1
79;2021-06-06;696;39;169165;82219;45.4;22.1
79;2021-06-07;2805;1414;171970;83633;46.2;22.4
79;2021-06-08;2982;2070;174952;85703;47.0;23.0
79;2021-06-09;3631;1937;178583;87640;47.9;23.5
79;2021-06-10;3020;1971;181603;89611;48.7;24.0
79;2021-06-11;3767;2316;185370;91927;49.7;24.7
79;2021-06-12;1707;612;187077;92539;50.2;24.8
79;2021-06-13;213;24;187290;92563;50.3;24.8
79;2021-06-14;1247;1690;188537;94253;50.6;25.3
79;2021-06-15;1883;2362;190420;96615;51.1;25.9
79;2021-06-16;2204;2247;192624;98862;51.7;26.5
79;2021-06-17;2237;2620;194861;101482;52.3;27.2
79;2021-06-18;2413;2324;197274;103806;52.9;27.9
79;2021-06-19;1246;580;198520;104386;53.3;28.0
79;2021-06-20;3;2;198523;104388;53.3;28.0
79;2021-06-21;1233;2282;199756;106670;53.6;28.6
79;2021-06-22;1547;2877;201303;109547;54.0;29.4
79;2021-06-23;1770;2550;203073;112097;54.5;30.1
79;2021-06-24;2105;2002;205178;114099;55.1;30.6
79;2021-06-25;1488;2840;206666;116939;55.5;31.4
79;2021-06-26;870;808;207536;117747;55.7;31.6
79;2021-06-27;13;6;207549;117753;55.7;31.6
79;2021-06-28;1056;2620;208605;120373;56.0;32.3
79;2021-06-29;1473;3552;210078;123925;56.4;33.3
79;2021-06-30;1354;3447;211432;127372;56.7;34.2
79;2021-07-01;1202;3786;212634;131158;57.1;35.2
79;2021-07-02;1487;3346;214121;134504;57.5;36.1
79;2021-07-03;399;1504;214520;136008;57.6;36.5
79;2021-07-04;2;9;214522;136017;57.6;36.5
79;2021-07-05;754;2119;215276;138136;57.8;37.1
79;2021-07-06;947;3666;216223;141802;58.0;38.1
79;2021-07-07;1332;4308;217555;146110;58.4;39.2
79;2021-07-08;1107;4042;218662;150152;58.7;40.3
79;2021-07-09;836;3718;219498;153870;58.9;41.3
79;2021-07-10;514;1315;220012;155185;59.0;41.6
79;2021-07-11;3;12;220015;155197;59.0;41.6
79;2021-07-12;545;3696;220560;158893;59.2;42.6
79;2021-07-13;999;5187;221559;164080;59.5;44.0
79;2021-07-14;134;874;221693;164954;59.5;44.3
79;2021-07-15;1235;4684;222928;169638;59.8;45.5
79;2021-07-16;1333;4365;224261;174003;60.2;46.7
79;2021-07-17;576;2425;224837;176428;60.3;47.3
79;2021-07-18;44;498;224881;176926;60.4;47.5
79;2021-07-19;737;3316;225618;180242;60.5;48.4
79;2021-07-20;1230;3947;226848;184189;60.9;49.4
79;2021-07-21;1177;4198;228025;188387;61.2;50.6
79;2021-07-22;1354;3975;229379;192362;61.6;51.6
79;2021-07-23;1349;4556;230728;196918;61.9;52.8
79;2021-07-24;865;1499;231593;198417;62.2;53.2
79;2021-07-25;55;327;231648;198744;62.2;53.3
79;2021-07-26;1372;2599;233020;201343;62.5;54.0
79;2021-07-27;2084;2996;235104;204339;63.1;54.8
79;2021-07-28;2497;2495;237601;206834;63.8;55.5
79;2021-07-29;3010;2862;240611;209696;64.6;56.3
79;2021-07-30;2138;2815;242749;212511;65.1;57.0
79;2021-07-31;888;1157;243637;213668;65.4;57.3
79;2021-08-01;5;3;243642;213671;65.4;57.3
79;2021-08-02;1796;1545;245438;215216;65.9;57.8
79;2021-08-03;2823;2052;248261;217268;66.6;58.3
79;2021-08-04;2985;1744;251246;219012;67.4;58.8
79;2021-08-05;2900;2214;254146;221226;68.2;59.4
79;2021-08-06;2529;1636;256675;222862;68.9;59.8
79;2021-08-07;872;813;257547;223675;69.1;60.0
79;2021-08-08;4;3;257551;223678;69.1;60.0
79;2021-08-09;2495;1086;260046;224764;69.8;60.3
79;2021-08-10;2977;1549;263023;226313;70.6;60.7
79;2021-08-11;2587;1662;265610;227975;71.3;61.2
79;2021-08-12;2767;1431;268377;229406;72.0;61.6
79;2021-08-13;2875;1059;271252;230465;72.8;61.8
79;2021-08-14;518;391;271770;230856;72.9;62.0
79;2021-08-15;8;5;271778;230861;72.9;62.0
79;2021-08-16;1766;1196;273544;232057;73.4;62.3
79;2021-08-17;2103;1591;275647;233648;74.0;62.7
79;2021-08-18;1922;1915;277569;235563;74.5;63.2
79;2021-08-19;1617;1709;279186;237272;74.9;63.7
79;2021-08-20;1513;2162;280699;239434;75.3;64.3
79;2021-08-21;243;543;280942;239977;75.4;64.4
79;2021-08-22;1;21;280943;239998;75.4;64.4
79;2021-08-23;864;2176;281807;242174;75.6;65.0
79;2021-08-24;1072;2484;282879;244658;75.9;65.7
79;2021-08-25;1051;2760;283930;247418;76.2;66.4
79;2021-08-26;1017;2330;284947;249748;76.5;67.0
79;2021-08-27;611;2059;285558;251807;76.6;67.6
79;2021-08-28;299;841;285857;252648;76.7;67.8
79;2021-08-29;7;5;285864;252653;76.7;67.8
79;2021-08-30;554;2342;286418;254995;76.9;68.4
79;2021-08-31;633;2505;287051;257500;77.0;69.1
79;2021-09-01;650;2615;287701;260115;77.2;69.8
79;2021-09-02;762;2414;288463;262529;77.4;70.5
79;2021-09-03;637;2689;289100;265218;77.6;71.2
79;2021-09-04;266;700;289366;265918;77.7;71.4
79;2021-09-05;13;17;289379;265935;77.7;71.4
79;2021-09-06;330;1792;289709;267727;77.7;71.8
79;2021-09-07;347;2018;290056;269745;77.8;72.4
79;2021-09-08;542;2120;290598;271865;78.0;73.0
79;2021-09-09;318;1636;290916;273501;78.1;73.4
79;2021-09-10;422;2065;291338;275566;78.2;74.0
79;2021-09-11;162;836;291500;276402;78.2;74.2
79;2021-09-12;0;0;291500;276402;78.2;74.2
79;2021-09-13;363;1060;291863;277462;78.3;74.5
79;2021-09-14;383;1184;292246;278646;78.4;74.8
79;2021-09-15;475;1432;292721;280078;78.6;75.2
79;2021-09-16;464;1095;293185;281173;78.7;75.5
79;2021-09-17;445;1406;293630;282579;78.8;75.8
79;2021-09-18;141;567;293771;283146;78.8;76.0
79;2021-09-19;1;4;293772;283150;78.8;76.0
79;2021-09-20;190;553;293962;283703;78.9;76.1
79;2021-09-21;351;720;294313;284423;79.0;76.3
79;2021-09-22;209;1102;294522;285525;79.0;76.6
79;2021-09-23;412;566;294934;286091;79.1;76.8
79;2021-09-24;243;1348;295177;287439;79.2;77.1
79;2021-09-25;75;325;295252;287764;79.2;77.2
79;2021-09-26;0;1;295252;287765;79.2;77.2
79;2021-09-27;205;527;295457;288292;79.3;77.4
79;2021-09-28;130;409;295587;288701;79.3;77.5
79;2021-09-29;325;743;295912;289444;79.4;77.7
79;2021-09-30;154;279;296066;289723;79.5;77.8
79;2021-10-01;248;541;296314;290264;79.5;77.9
79;2021-10-02;127;248;296441;290512;79.6;78.0
79;2021-10-03;0;0;296441;290512;79.6;78.0
79;2021-10-04;157;332;296598;290844;79.6;78.1
79;2021-10-05;115;260;296713;291104;79.6;78.1
79;2021-10-06;144;336;296857;291440;79.7;78.2
79;2021-10-07;92;223;296949;291663;79.7;78.3
79;2021-10-08;222;549;297171;292212;79.8;78.4
79;2021-10-09;89;151;297260;292363;79.8;78.5
79;2021-10-10;1;3;297261;292366;79.8;78.5
79;2021-10-11;123;281;297384;292647;79.8;78.5
79;2021-10-12;147;345;297531;292992;79.8;78.6
80;2020-12-27;0;0;0;0;0.0;0.0
80;2020-12-28;0;0;0;0;0.0;0.0
80;2020-12-29;11;0;11;0;0.0;0.0
80;2020-12-30;0;0;11;0;0.0;0.0
80;2020-12-31;0;0;11;0;0.0;0.0
80;2021-01-01;0;0;11;0;0.0;0.0
80;2021-01-02;1;0;12;0;0.0;0.0
80;2021-01-03;1;0;13;0;0.0;0.0
80;2021-01-04;0;0;13;0;0.0;0.0
80;2021-01-05;1;0;14;0;0.0;0.0
80;2021-01-06;30;0;44;0;0.0;0.0
80;2021-01-07;276;2;320;2;0.1;0.0
80;2021-01-08;330;1;650;3;0.1;0.0
80;2021-01-09;108;0;758;3;0.1;0.0
80;2021-01-10;21;0;779;3;0.1;0.0
80;2021-01-11;276;0;1055;3;0.2;0.0
80;2021-01-12;430;1;1485;4;0.3;0.0
80;2021-01-13;514;4;1999;8;0.4;0.0
80;2021-01-14;454;4;2453;12;0.4;0.0
80;2021-01-15;331;1;2784;13;0.5;0.0
80;2021-01-16;103;1;2887;14;0.5;0.0
80;2021-01-17;102;1;2989;15;0.5;0.0
80;2021-01-18;412;2;3401;17;0.6;0.0
80;2021-01-19;963;17;4364;34;0.8;0.0
80;2021-01-20;1086;11;5450;45;1.0;0.0
80;2021-01-21;1013;9;6463;54;1.1;0.0
80;2021-01-22;1114;5;7577;59;1.3;0.0
80;2021-01-23;907;18;8484;77;1.5;0.0
80;2021-01-24;823;10;9307;87;1.6;0.0
80;2021-01-25;1544;21;10851;108;1.9;0.0
80;2021-01-26;1480;12;12331;120;2.2;0.0
80;2021-01-27;822;26;13153;146;2.3;0.0
80;2021-01-28;622;172;13775;318;2.4;0.1
80;2021-01-29;637;216;14412;534;2.5;0.1
80;2021-01-30;87;59;14499;593;2.5;0.1
80;2021-01-31;0;0;14499;593;2.5;0.1
80;2021-02-01;26;254;14525;847;2.5;0.1
80;2021-02-02;21;441;14546;1288;2.6;0.2
80;2021-02-03;28;542;14574;1830;2.6;0.3
80;2021-02-04;278;358;14852;2188;2.6;0.4
80;2021-02-05;347;213;15199;2401;2.7;0.4
80;2021-02-06;168;69;15367;2470;2.7;0.4
80;2021-02-07;1;0;15368;2470;2.7;0.4
80;2021-02-08;424;241;15792;2711;2.8;0.5
80;2021-02-09;686;245;16478;2956;2.9;0.5
80;2021-02-10;607;496;17085;3452;3.0;0.6
80;2021-02-11;862;353;17947;3805;3.1;0.7
80;2021-02-12;947;318;18894;4123;3.3;0.7
80;2021-02-13;197;428;19091;4551;3.4;0.8
80;2021-02-14;78;571;19169;5122;3.4;0.9
80;2021-02-15;606;1015;19775;6137;3.5;1.1
80;2021-02-16;688;1133;20463;7270;3.6;1.3
80;2021-02-17;484;1169;20947;8439;3.7;1.5
80;2021-02-18;571;1138;21518;9577;3.8;1.7
80;2021-02-19;502;853;22020;10430;3.9;1.8
80;2021-02-20;22;510;22042;10940;3.9;1.9
80;2021-02-21;47;46;22089;10986;3.9;1.9
80;2021-02-22;146;573;22235;11559;3.9;2.0
80;2021-02-23;471;688;22706;12247;4.0;2.1
80;2021-02-24;431;678;23137;12925;4.1;2.3
80;2021-02-25;814;534;23951;13459;4.2;2.4
80;2021-02-26;1063;522;25014;13981;4.4;2.5
80;2021-02-27;475;71;25489;14052;4.5;2.5
80;2021-02-28;49;24;25538;14076;4.5;2.5
80;2021-03-01;729;68;26267;14144;4.6;2.5
80;2021-03-02;1014;93;27281;14237;4.8;2.5
80;2021-03-03;981;56;28262;14293;5.0;2.5
80;2021-03-04;1389;239;29651;14532;5.2;2.6
80;2021-03-05;1874;335;31525;14867;5.5;2.6
80;2021-03-06;2916;338;34441;15205;6.0;2.7
80;2021-03-07;1842;85;36283;15290;6.4;2.7
80;2021-03-08;714;608;36997;15898;6.5;2.8
80;2021-03-09;1310;910;38307;16808;6.7;2.9
80;2021-03-10;1724;756;40031;17564;7.0;3.1
80;2021-03-11;1909;827;41940;18391;7.4;3.2
80;2021-03-12;3140;752;45080;19143;7.9;3.4
80;2021-03-13;4006;221;49086;19364;8.6;3.4
80;2021-03-14;350;14;49436;19378;8.7;3.4
80;2021-03-15;1014;249;50450;19627;8.9;3.4
80;2021-03-16;883;346;51333;19973;9.0;3.5
80;2021-03-17;665;279;51998;20252;9.1;3.6
80;2021-03-18;1002;297;53000;20549;9.3;3.6
80;2021-03-19;1738;385;54738;20934;9.6;3.7
80;2021-03-20;3821;117;58559;21051;10.3;3.7
80;2021-03-21;486;31;59045;21082;10.4;3.7
80;2021-03-22;902;291;59947;21373;10.5;3.8
80;2021-03-23;1713;418;61660;21791;10.8;3.8
80;2021-03-24;1755;468;63415;22259;11.1;3.9
80;2021-03-25;2714;453;66129;22712;11.6;4.0
80;2021-03-26;3105;424;69234;23136;12.2;4.1
80;2021-03-27;2237;232;71471;23368;12.5;4.1
80;2021-03-28;676;95;72147;23463;12.7;4.1
80;2021-03-29;1979;754;74126;24217;13.0;4.3
80;2021-03-30;1968;874;76094;25091;13.4;4.4
80;2021-03-31;1495;986;77589;26077;13.6;4.6
80;2021-04-01;1950;1490;79539;27567;14.0;4.8
80;2021-04-02;2811;1578;82350;29145;14.5;5.1
80;2021-04-03;3048;863;85398;30008;15.0;5.3
80;2021-04-04;134;8;85532;30016;15.0;5.3
80;2021-04-05;684;201;86216;30217;15.1;5.3
80;2021-04-06;1280;968;87496;31185;15.4;5.5
80;2021-04-07;1624;1202;89120;32387;15.6;5.7
80;2021-04-08;2154;845;91274;33232;16.0;5.8
80;2021-04-09;3533;1359;94807;34591;16.6;6.1
80;2021-04-10;2737;1952;97544;36543;17.1;6.4
80;2021-04-11;187;177;97731;36720;17.2;6.4
80;2021-04-12;1814;491;99545;37211;17.5;6.5
80;2021-04-13;2385;1037;101930;38248;17.9;6.7
80;2021-04-14;2769;1167;104699;39415;18.4;6.9
80;2021-04-15;3731;882;108430;40297;19.0;7.1
80;2021-04-16;3337;878;111767;41175;19.6;7.2
80;2021-04-17;1653;2299;113420;43474;19.9;7.6
80;2021-04-18;372;390;113792;43864;20.0;7.7
80;2021-04-19;951;772;114743;44636;20.1;7.8
80;2021-04-20;1613;823;116356;45459;20.4;8.0
80;2021-04-21;1612;999;117968;46458;20.7;8.2
80;2021-04-22;2167;1253;120135;47711;21.1;8.4
80;2021-04-23;2640;1252;122775;48963;21.5;8.6
80;2021-04-24;1357;1193;124132;50156;21.8;8.8
80;2021-04-25;209;531;124341;50687;21.8;8.9
80;2021-04-26;1295;1445;125636;52132;22.1;9.1
80;2021-04-27;2025;1398;127661;53530;22.4;9.4
80;2021-04-28;2199;1396;129860;54926;22.8;9.6
80;2021-04-29;3219;1888;133079;56814;23.4;10.0
80;2021-04-30;3081;2857;136160;59671;23.9;10.5
80;2021-05-01;987;660;137147;60331;24.1;10.6
80;2021-05-02;371;54;137518;60385;24.1;10.6
80;2021-05-03;2720;1188;140238;61573;24.6;10.8
80;2021-05-04;2494;1708;142732;63281;25.1;11.1
80;2021-05-05;3366;1899;146098;65180;25.6;11.4
80;2021-05-06;3168;2558;149266;67738;26.2;11.9
80;2021-05-07;3454;2699;152720;70437;26.8;12.4
80;2021-05-08;2784;927;155504;71364;27.3;12.5
80;2021-05-09;1407;269;156911;71633;27.5;12.6
80;2021-05-10;1880;1832;158791;73465;27.9;12.9
80;2021-05-11;3274;1806;162065;75271;28.4;13.2
80;2021-05-12;4703;1576;166768;76847;29.3;13.5
80;2021-05-13;3837;367;170605;77214;29.9;13.6
80;2021-05-14;5186;1406;175791;78620;30.9;13.8
80;2021-05-15;5917;1054;181708;79674;31.9;14.0
80;2021-05-16;2678;315;184386;79989;32.4;14.0
80;2021-05-17;2371;819;186757;80808;32.8;14.2
80;2021-05-18;3945;853;190702;81661;33.5;14.3
80;2021-05-19;4018;944;194720;82605;34.2;14.5
80;2021-05-20;4568;1221;199288;83826;35.0;14.7
80;2021-05-21;4890;1670;204178;85496;35.8;15.0
80;2021-05-22;5030;1159;209208;86655;36.7;15.2
80;2021-05-23;1783;242;210991;86897;37.0;15.3
80;2021-05-24;1469;160;212460;87057;37.3;15.3
80;2021-05-25;2622;1138;215082;88195;37.7;15.5
80;2021-05-26;4249;1708;219331;89903;38.5;15.8
80;2021-05-27;3977;2471;223308;92374;39.2;16.2
80;2021-05-28;3865;2978;227173;95352;39.9;16.7
80;2021-05-29;3697;1631;230870;96983;40.5;17.0
80;2021-05-30;1182;198;232052;97181;40.7;17.1
80;2021-05-31;2604;1372;234656;98553;41.2;17.3
80;2021-06-01;4031;2437;238687;100990;41.9;17.7
80;2021-06-02;3334;2009;242021;102999;42.5;18.1
80;2021-06-03;4264;2933;246285;105932;43.2;18.6
80;2021-06-04;4796;3086;251081;109018;44.1;19.1
80;2021-06-05;3554;2073;254635;111091;44.7;19.5
80;2021-06-06;803;211;255438;111302;44.8;19.5
80;2021-06-07;1750;1945;257188;113247;45.1;19.9
80;2021-06-08;2743;2561;259931;115808;45.6;20.3
80;2021-06-09;3012;2735;262943;118543;46.1;20.8
80;2021-06-10;3162;3171;266105;121714;46.7;21.4
80;2021-06-11;3216;3901;269321;125615;47.3;22.0
80;2021-06-12;3042;2329;272363;127944;47.8;22.5
80;2021-06-13;474;404;272837;128348;47.9;22.5
80;2021-06-14;1263;2852;274100;131200;48.1;23.0
80;2021-06-15;2315;3421;276415;134621;48.5;23.6
80;2021-06-16;1563;4212;277978;138833;48.8;24.4
80;2021-06-17;2359;3625;280337;142458;49.2;25.0
80;2021-06-18;2552;3907;282889;146365;49.6;25.7
80;2021-06-19;2986;4342;285875;150707;50.2;26.5
80;2021-06-20;203;1077;286078;151784;50.2;26.6
80;2021-06-21;1015;2620;287093;154404;50.4;27.1
80;2021-06-22;1149;3930;288242;158334;50.6;27.8
80;2021-06-23;1850;5291;290092;163625;50.9;28.7
80;2021-06-24;1695;4685;291787;168310;51.2;29.5
80;2021-06-25;1374;6126;293161;174436;51.5;30.6
80;2021-06-26;1934;6183;295095;180619;51.8;31.7
80;2021-06-27;333;2031;295428;182650;51.9;32.1
80;2021-06-28;903;3170;296331;185820;52.0;32.6
80;2021-06-29;1919;4624;298250;190444;52.3;33.4
80;2021-06-30;1245;4785;299495;195229;52.6;34.3
80;2021-07-01;1593;5000;301088;200229;52.8;35.1
80;2021-07-02;1856;5986;302944;206215;53.2;36.2
80;2021-07-03;1293;5265;304237;211480;53.4;37.1
80;2021-07-04;692;1471;304929;212951;53.5;37.4
80;2021-07-05;879;2963;305808;215914;53.7;37.9
80;2021-07-06;1852;3990;307660;219904;54.0;38.6
80;2021-07-07;1561;4506;309221;224410;54.3;39.4
80;2021-07-08;2082;5003;311303;229413;54.6;40.3
80;2021-07-09;2596;5473;313899;234886;55.1;41.2
80;2021-07-10;1617;4017;315516;238903;55.4;41.9
80;2021-07-11;406;805;315922;239708;55.4;42.1
80;2021-07-12;871;3379;316793;243087;55.6;42.7
80;2021-07-13;2087;5088;318880;248175;56.0;43.6
80;2021-07-14;2801;1749;321681;249924;56.5;43.9
80;2021-07-15;2792;5297;324473;255221;56.9;44.8
80;2021-07-16;3877;5893;328350;261114;57.6;45.8
80;2021-07-17;3368;4461;331718;265575;58.2;46.6
80;2021-07-18;874;896;332592;266471;58.4;46.8
80;2021-07-19;2158;2886;334750;269357;58.8;47.3
80;2021-07-20;3321;4903;338071;274260;59.3;48.1
80;2021-07-21;3497;4497;341568;278757;59.9;48.9
80;2021-07-22;4362;4572;345930;283329;60.7;49.7
80;2021-07-23;5399;4830;351329;288159;61.7;50.6
80;2021-07-24;4367;4346;355696;292505;62.4;51.3
80;2021-07-25;1185;650;356881;293155;62.6;51.5
80;2021-07-26;2681;2340;359562;295495;63.1;51.9
80;2021-07-27;4373;3706;363935;299201;63.9;52.5
80;2021-07-28;5101;2803;369036;302004;64.8;53.0
80;2021-07-29;4991;3231;374027;305235;65.6;53.6
80;2021-07-30;5024;3641;379051;308876;66.5;54.2
80;2021-07-31;4156;2927;383207;311803;67.3;54.7
80;2021-08-01;1288;363;384495;312166;67.5;54.8
80;2021-08-02;2059;1739;386554;313905;67.8;55.1
80;2021-08-03;3716;2363;390270;316268;68.5;55.5
80;2021-08-04;3367;2491;393637;318759;69.1;55.9
80;2021-08-05;3137;2579;396774;321338;69.6;56.4
80;2021-08-06;3248;2878;400022;324216;70.2;56.9
80;2021-08-07;2426;2670;402448;326886;70.6;57.4
80;2021-08-08;621;686;403069;327572;70.7;57.5
80;2021-08-09;1382;2078;404451;329650;71.0;57.9
80;2021-08-10;2353;2848;406804;332498;71.4;58.4
80;2021-08-11;1946;2383;408750;334881;71.7;58.8
80;2021-08-12;2236;2661;410986;337542;72.1;59.2
80;2021-08-13;1883;3154;412869;340696;72.5;59.8
80;2021-08-14;1411;2113;414280;342809;72.7;60.2
80;2021-08-15;318;663;414598;343472;72.8;60.3
80;2021-08-16;897;2419;415495;345891;72.9;60.7
80;2021-08-17;1709;3505;417204;349396;73.2;61.3
80;2021-08-18;1234;3714;418438;353110;73.4;62.0
80;2021-08-19;1569;3821;420007;356931;73.7;62.6
80;2021-08-20;1264;4434;421271;361365;73.9;63.4
80;2021-08-21;1078;2687;422349;364052;74.1;63.9
80;2021-08-22;145;680;422494;364732;74.2;64.0
80;2021-08-23;583;3000;423077;367732;74.3;64.5
80;2021-08-24;1092;4371;424169;372103;74.4;65.3
80;2021-08-25;973;3677;425142;375780;74.6;66.0
80;2021-08-26;956;3819;426098;379599;74.8;66.6
80;2021-08-27;1014;4458;427112;384057;75.0;67.4
80;2021-08-28;723;3347;427835;387404;75.1;68.0
80;2021-08-29;199;555;428034;387959;75.1;68.1
80;2021-08-30;500;2280;428534;390239;75.2;68.5
80;2021-08-31;750;3111;429284;393350;75.3;69.0
80;2021-09-01;675;2316;429959;395666;75.5;69.4
80;2021-09-02;527;2077;430486;397743;75.6;69.8
80;2021-09-03;761;2804;431247;400547;75.7;70.3
80;2021-09-04;958;2598;432205;403145;75.9;70.8
80;2021-09-05;166;341;432371;403486;75.9;70.8
80;2021-09-06;420;1305;432791;404791;76.0;71.0
80;2021-09-07;491;1581;433282;406372;76.0;71.3
80;2021-09-08;495;1549;433777;407921;76.1;71.6
80;2021-09-09;532;1515;434309;409436;76.2;71.9
80;2021-09-10;620;1704;434929;411140;76.3;72.2
80;2021-09-11;520;1959;435449;413099;76.4;72.5
80;2021-09-12;78;303;435527;413402;76.4;72.6
80;2021-09-13;312;784;435839;414186;76.5;72.7
80;2021-09-14;642;1085;436481;415271;76.6;72.9
80;2021-09-15;357;1089;436838;416360;76.7;73.1
80;2021-09-16;476;1029;437314;417389;76.8;73.3
80;2021-09-17;506;1237;437820;418626;76.8;73.5
80;2021-09-18;348;1278;438168;419904;76.9;73.7
80;2021-09-19;19;169;438187;420073;76.9;73.7
80;2021-09-20;327;445;438514;420518;77.0;73.8
80;2021-09-21;296;615;438810;421133;77.0;73.9
80;2021-09-22;284;709;439094;421842;77.1;74.0
80;2021-09-23;303;506;439397;422348;77.1;74.1
80;2021-09-24;371;897;439768;423245;77.2;74.3
80;2021-09-25;283;1133;440051;424378;77.2;74.5
80;2021-09-26;20;109;440071;424487;77.2;74.5
80;2021-09-27;190;536;440261;425023;77.3;74.6
80;2021-09-28;148;382;440409;425405;77.3;74.7
80;2021-09-29;257;511;440666;425916;77.3;74.8
80;2021-09-30;199;329;440865;426245;77.4;74.8
80;2021-10-01;306;721;441171;426966;77.4;74.9
80;2021-10-02;335;892;441506;427858;77.5;75.1
80;2021-10-03;18;64;441524;427922;77.5;75.1
80;2021-10-04;136;320;441660;428242;77.5;75.2
80;2021-10-05;166;460;441826;428702;77.5;75.2
80;2021-10-06;259;445;442085;429147;77.6;75.3
80;2021-10-07;195;427;442280;429574;77.6;75.4
80;2021-10-08;252;689;442532;430263;77.7;75.5
80;2021-10-09;283;479;442815;430742;77.7;75.6
80;2021-10-10;26;34;442841;430776;77.7;75.6
80;2021-10-11;153;223;442994;430999;77.7;75.6
80;2021-10-12;182;418;443176;431417;77.8;75.7
81;2020-12-27;1;0;1;0;0.0;0.0
81;2020-12-28;0;0;1;0;0.0;0.0
81;2020-12-29;0;0;1;0;0.0;0.0
81;2020-12-30;1;0;2;0;0.0;0.0
81;2020-12-31;1;0;3;0;0.0;0.0
81;2021-01-01;0;0;3;0;0.0;0.0
81;2021-01-02;0;0;3;0;0.0;0.0
81;2021-01-03;0;0;3;0;0.0;0.0
81;2021-01-04;1;0;4;0;0.0;0.0
81;2021-01-05;0;0;4;0;0.0;0.0
81;2021-01-06;5;0;9;0;0.0;0.0
81;2021-01-07;265;0;274;0;0.1;0.0
81;2021-01-08;312;1;586;1;0.2;0.0
81;2021-01-09;74;1;660;2;0.2;0.0
81;2021-01-10;1;0;661;2;0.2;0.0
81;2021-01-11;133;0;794;2;0.2;0.0
81;2021-01-12;167;0;961;2;0.2;0.0
81;2021-01-13;234;1;1195;3;0.3;0.0
81;2021-01-14;963;7;2158;10;0.6;0.0
81;2021-01-15;523;3;2681;13;0.7;0.0
81;2021-01-16;71;1;2752;14;0.7;0.0
81;2021-01-17;0;0;2752;14;0.7;0.0
81;2021-01-18;581;3;3333;17;0.9;0.0
81;2021-01-19;662;4;3995;21;1.0;0.0
81;2021-01-20;754;2;4749;23;1.2;0.0
81;2021-01-21;1184;16;5933;39;1.5;0.0
81;2021-01-22;857;3;6790;42;1.8;0.0
81;2021-01-23;221;2;7011;44;1.8;0.0
81;2021-01-24;102;0;7113;44;1.8;0.0
81;2021-01-25;570;6;7683;50;2.0;0.0
81;2021-01-26;634;6;8317;56;2.1;0.0
81;2021-01-27;552;3;8869;59;2.3;0.0
81;2021-01-28;700;209;9569;268;2.5;0.1
81;2021-01-29;303;184;9872;452;2.5;0.1
81;2021-01-30;203;37;10075;489;2.6;0.1
81;2021-01-31;104;1;10179;490;2.6;0.1
81;2021-02-01;321;130;10500;620;2.7;0.2
81;2021-02-02;445;143;10945;763;2.8;0.2
81;2021-02-03;476;220;11421;983;2.9;0.3
81;2021-02-04;1449;725;12870;1708;3.3;0.4
81;2021-02-05;870;316;13740;2024;3.5;0.5
81;2021-02-06;274;18;14014;2042;3.6;0.5
81;2021-02-07;103;0;14117;2042;3.6;0.5
81;2021-02-08;275;219;14392;2261;3.7;0.6
81;2021-02-09;420;217;14812;2478;3.8;0.6
81;2021-02-10;371;286;15183;2764;3.9;0.7
81;2021-02-11;651;397;15834;3161;4.1;0.8
81;2021-02-12;581;544;16415;3705;4.2;1.0
81;2021-02-13;188;156;16603;3861;4.3;1.0
81;2021-02-14;100;1;16703;3862;4.3;1.0
81;2021-02-15;234;483;16937;4345;4.4;1.1
81;2021-02-16;282;617;17219;4962;4.4;1.3
81;2021-02-17;241;521;17460;5483;4.5;1.4
81;2021-02-18;483;671;17943;6154;4.6;1.6
81;2021-02-19;572;415;18515;6569;4.8;1.7
81;2021-02-20;322;282;18837;6851;4.9;1.8
81;2021-02-21;23;80;18860;6931;4.9;1.8
81;2021-02-22;233;535;19093;7466;4.9;1.9
81;2021-02-23;169;591;19262;8057;5.0;2.1
81;2021-02-24;291;629;19553;8686;5.0;2.2
81;2021-02-25;720;1054;20273;9740;5.2;2.5
81;2021-02-26;911;957;21184;10697;5.5;2.8
81;2021-02-27;275;242;21459;10939;5.5;2.8
81;2021-02-28;21;88;21480;11027;5.5;2.8
81;2021-03-01;208;410;21688;11437;5.6;2.9
81;2021-03-02;364;544;22052;11981;5.7;3.1
81;2021-03-03;462;422;22514;12403;5.8;3.2
81;2021-03-04;1061;460;23575;12863;6.1;3.3
81;2021-03-05;1406;397;24981;13260;6.4;3.4
81;2021-03-06;982;171;25963;13431;6.7;3.5
81;2021-03-07;154;102;26117;13533;6.7;3.5
81;2021-03-08;466;362;26583;13895;6.9;3.6
81;2021-03-09;816;373;27399;14268;7.1;3.7
81;2021-03-10;898;396;28297;14664;7.3;3.8
81;2021-03-11;1352;360;29649;15024;7.6;3.9
81;2021-03-12;1691;308;31340;15332;8.1;4.0
81;2021-03-13;1031;189;32371;15521;8.3;4.0
81;2021-03-14;66;82;32437;15603;8.4;4.0
81;2021-03-15;1093;225;33530;15828;8.6;4.1
81;2021-03-16;724;230;34254;16058;8.8;4.1
81;2021-03-17;893;280;35147;16338;9.1;4.2
81;2021-03-18;970;579;36117;16917;9.3;4.4
81;2021-03-19;1271;460;37388;17377;9.6;4.5
81;2021-03-20;677;285;38065;17662;9.8;4.6
81;2021-03-21;139;22;38204;17684;9.8;4.6
81;2021-03-22;932;279;39136;17963;10.1;4.6
81;2021-03-23;1420;224;40556;18187;10.5;4.7
81;2021-03-24;1606;267;42162;18454;10.9;4.8
81;2021-03-25;2028;327;44190;18781;11.4;4.8
81;2021-03-26;2100;289;46290;19070;11.9;4.9
81;2021-03-27;1092;38;47382;19108;12.2;4.9
81;2021-03-28;734;41;48116;19149;12.4;4.9
81;2021-03-29;2866;196;50982;19345;13.1;5.0
81;2021-03-30;3055;218;54037;19563;13.9;5.0
81;2021-03-31;2691;302;56728;19865;14.6;5.1
81;2021-04-01;3315;570;60043;20435;15.5;5.3
81;2021-04-02;2615;376;62658;20811;16.2;5.4
81;2021-04-03;1147;306;63805;21117;16.4;5.4
81;2021-04-04;1403;25;65208;21142;16.8;5.5
81;2021-04-05;718;21;65926;21163;17.0;5.5
81;2021-04-06;1599;520;67525;21683;17.4;5.6
81;2021-04-07;1817;585;69342;22268;17.9;5.7
81;2021-04-08;2619;828;71961;23096;18.6;6.0
81;2021-04-09;3052;479;75013;23575;19.3;6.1
81;2021-04-10;1475;519;76488;24094;19.7;6.2
81;2021-04-11;1299;71;77787;24165;20.1;6.2
81;2021-04-12;1220;685;79007;24850;20.4;6.4
81;2021-04-13;2528;795;81535;25645;21.0;6.6
81;2021-04-14;2506;836;84041;26481;21.7;6.8
81;2021-04-15;3099;1204;87140;27685;22.5;7.1
81;2021-04-16;2823;1097;89963;28782;23.2;7.4
81;2021-04-17;1145;300;91108;29082;23.5;7.5
81;2021-04-18;519;146;91627;29228;23.6;7.5
81;2021-04-19;913;824;92540;30052;23.9;7.7
81;2021-04-20;2270;1170;94810;31222;24.4;8.0
81;2021-04-21;2224;1007;97034;32229;25.0;8.3
81;2021-04-22;2816;1065;99850;33294;25.7;8.6
81;2021-04-23;2886;975;102736;34269;26.5;8.8
81;2021-04-24;1326;742;104062;35011;26.8;9.0
81;2021-04-25;454;716;104516;35727;26.9;9.2
81;2021-04-26;1061;2424;105577;38151;27.2;9.8
81;2021-04-27;1595;2362;107172;40513;27.6;10.4
81;2021-04-28;1427;2400;108599;42913;28.0;11.1
81;2021-04-29;1818;2749;110417;45662;28.5;11.8
81;2021-04-30;2013;2354;112430;48016;29.0;12.4
81;2021-05-01;362;686;112792;48702;29.1;12.6
81;2021-05-02;291;1379;113083;50081;29.2;12.9
81;2021-05-03;1115;1170;114198;51251;29.4;13.2
81;2021-05-04;2620;1912;116818;53163;30.1;13.7
81;2021-05-05;2016;1936;118834;55099;30.6;14.2
81;2021-05-06;2748;3458;121582;58557;31.3;15.1
81;2021-05-07;2128;2882;123710;61439;31.9;15.8
81;2021-05-08;962;878;124672;62317;32.1;16.1
81;2021-05-09;534;1350;125206;63667;32.3;16.4
81;2021-05-10;823;1600;126029;65267;32.5;16.8
81;2021-05-11;1661;2576;127690;67843;32.9;17.5
81;2021-05-12;1640;2464;129330;70307;33.3;18.1
81;2021-05-13;1216;564;130546;70871;33.7;18.3
81;2021-05-14;1890;1725;132436;72596;34.1;18.7
81;2021-05-15;1511;622;133947;73218;34.5;18.9
81;2021-05-16;1368;417;135315;73635;34.9;19.0
81;2021-05-17;1167;864;136482;74499;35.2;19.2
81;2021-05-18;1702;1429;138184;75928;35.6;19.6
81;2021-05-19;2641;1244;140825;77172;36.3;19.9
81;2021-05-20;2968;1351;143793;78523;37.1;20.2
81;2021-05-21;2739;1118;146532;79641;37.8;20.5
81;2021-05-22;2814;523;149346;80164;38.5;20.7
81;2021-05-23;1178;74;150524;80238;38.8;20.7
81;2021-05-24;837;83;151361;80321;39.0;20.7
81;2021-05-25;2490;1104;153851;81425;39.7;21.0
81;2021-05-26;1891;801;155742;82226;40.2;21.2
81;2021-05-27;2555;1547;158297;83773;40.8;21.6
81;2021-05-28;2566;1663;160863;85436;41.5;22.0
81;2021-05-29;1400;544;162263;85980;41.8;22.2
81;2021-05-30;935;219;163198;86199;42.1;22.2
81;2021-05-31;1183;1340;164381;87539;42.4;22.6
81;2021-06-01;1779;2695;166160;90234;42.8;23.3
81;2021-06-02;2006;2447;168166;92681;43.4;23.9
81;2021-06-03;2003;2532;170169;95213;43.9;24.5
81;2021-06-04;1844;2946;172013;98159;44.3;25.3
81;2021-06-05;1757;1307;173770;99466;44.8;25.6
81;2021-06-06;370;366;174140;99832;44.9;25.7
81;2021-06-07;1209;1540;175349;101372;45.2;26.1
81;2021-06-08;2369;2386;177718;103758;45.8;26.7
81;2021-06-09;2438;1868;180156;105626;46.4;27.2
81;2021-06-10;1278;1563;181434;107189;46.8;27.6
81;2021-06-11;2657;2200;184091;109389;47.5;28.2
81;2021-06-12;1659;1039;185750;110428;47.9;28.5
81;2021-06-13;444;476;186194;110904;48.0;28.6
81;2021-06-14;771;1418;186965;112322;48.2;29.0
81;2021-06-15;1677;3501;188642;115823;48.6;29.9
81;2021-06-16;1269;3013;189911;118836;49.0;30.6
81;2021-06-17;1344;2525;191255;121361;49.3;31.3
81;2021-06-18;1836;2770;193091;124131;49.8;32.0
81;2021-06-19;824;951;193915;125082;50.0;32.2
81;2021-06-20;405;536;194320;125618;50.1;32.4
81;2021-06-21;425;1039;194745;126657;50.2;32.7
81;2021-06-22;1061;2568;195806;129225;50.5;33.3
81;2021-06-23;1142;2159;196948;131384;50.8;33.9
81;2021-06-24;1115;1939;198063;133323;51.1;34.4
81;2021-06-25;1238;2866;199301;136189;51.4;35.1
81;2021-06-26;721;1713;200022;137902;51.6;35.6
81;2021-06-27;526;1646;200548;139548;51.7;36.0
81;2021-06-28;476;1540;201024;141088;51.8;36.4
81;2021-06-29;1079;2635;202103;143723;52.1;37.1
81;2021-06-30;1043;3153;203146;146876;52.4;37.9
81;2021-07-01;1101;2627;204247;149503;52.7;38.5
81;2021-07-02;1070;2860;205317;152363;52.9;39.3
81;2021-07-03;732;2829;206049;155192;53.1;40.0
81;2021-07-04;268;1010;206317;156202;53.2;40.3
81;2021-07-05;702;1626;207019;157828;53.4;40.7
81;2021-07-06;975;3176;207994;161004;53.6;41.5
81;2021-07-07;1059;2442;209053;163446;53.9;42.1
81;2021-07-08;1030;2236;210083;165682;54.2;42.7
81;2021-07-09;1147;2704;211230;168386;54.5;43.4
81;2021-07-10;806;1523;212036;169909;54.7;43.8
81;2021-07-11;436;1012;212472;170921;54.8;44.1
81;2021-07-12;785;1725;213257;172646;55.0;44.5
81;2021-07-13;2081;3144;215338;175790;55.5;45.3
81;2021-07-14;1443;1573;216781;177363;55.9;45.7
81;2021-07-15;2545;2765;219326;180128;56.5;46.4
81;2021-07-16;2032;3030;221358;183158;57.1;47.2
81;2021-07-17;1218;2454;222576;185612;57.4;47.9
81;2021-07-18;672;1131;223248;186743;57.6;48.1
81;2021-07-19;1256;1733;224504;188476;57.9;48.6
81;2021-07-20;3064;2807;227568;191283;58.7;49.3
81;2021-07-21;3488;2347;231056;193630;59.6;49.9
81;2021-07-22;3557;2096;234613;195726;60.5;50.5
81;2021-07-23;3172;3249;237785;198975;61.3;51.3
81;2021-07-24;2519;1723;240304;200698;62.0;51.7
81;2021-07-25;1684;711;241988;201409;62.4;51.9
81;2021-07-26;2014;1547;244002;202956;62.9;52.3
81;2021-07-27;3619;2545;247621;205501;63.8;53.0
81;2021-07-28;3052;2210;250673;207711;64.6;53.5
81;2021-07-29;3354;1782;254027;209493;65.5;54.0
81;2021-07-30;2828;2260;256855;211753;66.2;54.6
81;2021-07-31;1947;1015;258802;212768;66.7;54.9
81;2021-08-01;835;639;259637;213407;66.9;55.0
81;2021-08-02;1082;989;260719;214396;67.2;55.3
81;2021-08-03;2362;2116;263081;216512;67.8;55.8
81;2021-08-04;2031;1535;265112;218047;68.3;56.2
81;2021-08-05;1544;1877;266656;219924;68.7;56.7
81;2021-08-06;1725;1970;268381;221894;69.2;57.2
81;2021-08-07;985;1042;269366;222936;69.4;57.5
81;2021-08-08;437;708;269803;223644;69.6;57.7
81;2021-08-09;805;659;270608;224303;69.8;57.8
81;2021-08-10;1610;2757;272218;227060;70.2;58.5
81;2021-08-11;1110;2410;273328;229470;70.5;59.2
81;2021-08-12;1063;2249;274391;231719;70.7;59.7
81;2021-08-13;873;2473;275264;234192;71.0;60.4
81;2021-08-14;501;1873;275765;236065;71.1;60.9
81;2021-08-15;141;1100;275906;237165;71.1;61.1
81;2021-08-16;631;1816;276537;238981;71.3;61.6
81;2021-08-17;1347;3101;277884;242082;71.6;62.4
81;2021-08-18;1067;2360;278951;244442;71.9;63.0
81;2021-08-19;941;2267;279892;246709;72.2;63.6
81;2021-08-20;928;2354;280820;249063;72.4;64.2
81;2021-08-21;471;1538;281291;250601;72.5;64.6
81;2021-08-22;184;931;281475;251532;72.6;64.8
81;2021-08-23;487;1260;281962;252792;72.7;65.2
81;2021-08-24;852;2543;282814;255335;72.9;65.8
81;2021-08-25;718;2054;283532;257389;73.1;66.4
81;2021-08-26;855;2110;284387;259499;73.3;66.9
81;2021-08-27;853;2185;285240;261684;73.5;67.5
81;2021-08-28;484;1417;285724;263101;73.7;67.8
81;2021-08-29;163;832;285887;263933;73.7;68.0
81;2021-08-30;419;1183;286306;265116;73.8;68.3
81;2021-08-31;832;2020;287138;267136;74.0;68.9
81;2021-09-01;658;1232;287796;268368;74.2;69.2
81;2021-09-02;574;1077;288370;269445;74.3;69.5
81;2021-09-03;581;1272;288951;270717;74.5;69.8
81;2021-09-04;496;864;289447;271581;74.6;70.0
81;2021-09-05;97;222;289544;271803;74.6;70.1
81;2021-09-06;279;463;289823;272266;74.7;70.2
81;2021-09-07;387;1092;290210;273358;74.8;70.5
81;2021-09-08;438;1069;290648;274427;74.9;70.7
81;2021-09-09;367;809;291015;275236;75.0;71.0
81;2021-09-10;394;962;291409;276198;75.1;71.2
81;2021-09-11;407;853;291816;277051;75.2;71.4
81;2021-09-12;79;216;291895;277267;75.3;71.5
81;2021-09-13;231;461;292126;277728;75.3;71.6
81;2021-09-14;504;730;292630;278458;75.4;71.8
81;2021-09-15;452;765;293082;279223;75.6;72.0
81;2021-09-16;336;548;293418;279771;75.6;72.1
81;2021-09-17;412;841;293830;280612;75.7;72.3
81;2021-09-18;260;697;294090;281309;75.8;72.5
81;2021-09-19;52;164;294142;281473;75.8;72.6
81;2021-09-20;112;323;294254;281796;75.9;72.6
81;2021-09-21;265;596;294519;282392;75.9;72.8
81;2021-09-22;213;664;294732;283056;76.0;73.0
81;2021-09-23;163;662;294895;283718;76.0;73.1
81;2021-09-24;308;705;295203;284423;76.1;73.3
81;2021-09-25;173;674;295376;285097;76.1;73.5
81;2021-09-26;36;116;295412;285213;76.2;73.5
81;2021-09-27;136;272;295548;285485;76.2;73.6
81;2021-09-28;185;362;295733;285847;76.2;73.7
81;2021-09-29;248;517;295981;286364;76.3;73.8
81;2021-09-30;143;292;296124;286656;76.3;73.9
81;2021-10-01;244;426;296368;287082;76.4;74.0
81;2021-10-02;181;415;296549;287497;76.5;74.1
81;2021-10-03;44;105;296593;287602;76.5;74.1
81;2021-10-04;88;209;296681;287811;76.5;74.2
81;2021-10-05;135;320;296816;288131;76.5;74.3
81;2021-10-06;208;470;297024;288601;76.6;74.4
81;2021-10-07;139;305;297163;288906;76.6;74.5
81;2021-10-08;193;499;297356;289405;76.7;74.6
81;2021-10-09;150;320;297506;289725;76.7;74.7
81;2021-10-10;52;69;297558;289794;76.7;74.7
81;2021-10-11;107;181;297665;289975;76.7;74.8
81;2021-10-12;135;249;297800;290224;76.8;74.8
82;2020-12-27;1;0;1;0;0.0;0.0
82;2020-12-28;2;0;3;0;0.0;0.0
82;2020-12-29;0;0;3;0;0.0;0.0
82;2020-12-30;0;0;3;0;0.0;0.0
82;2020-12-31;0;0;3;0;0.0;0.0
82;2021-01-01;0;0;3;0;0.0;0.0
82;2021-01-02;0;0;3;0;0.0;0.0
82;2021-01-03;0;0;3;0;0.0;0.0
82;2021-01-04;0;0;3;0;0.0;0.0
82;2021-01-05;86;0;89;0;0.0;0.0
82;2021-01-06;1;0;90;0;0.0;0.0
82;2021-01-07;75;0;165;0;0.1;0.0
82;2021-01-08;46;0;211;0;0.1;0.0
82;2021-01-09;77;0;288;0;0.1;0.0
82;2021-01-10;0;0;288;0;0.1;0.0
82;2021-01-11;94;0;382;0;0.1;0.0
82;2021-01-12;285;0;667;0;0.3;0.0
82;2021-01-13;336;1;1003;1;0.4;0.0
82;2021-01-14;443;5;1446;6;0.6;0.0
82;2021-01-15;612;3;2058;9;0.8;0.0
82;2021-01-16;230;3;2288;12;0.9;0.0
82;2021-01-17;89;0;2377;12;0.9;0.0
82;2021-01-18;432;0;2809;12;1.1;0.0
82;2021-01-19;482;1;3291;13;1.3;0.0
82;2021-01-20;663;4;3954;17;1.5;0.0
82;2021-01-21;447;2;4401;19;1.7;0.0
82;2021-01-22;483;2;4884;21;1.9;0.0
82;2021-01-23;151;0;5035;21;1.9;0.0
82;2021-01-24;0;0;5035;21;1.9;0.0
82;2021-01-25;375;0;5410;21;2.1;0.0
82;2021-01-26;468;0;5878;21;2.2;0.0
82;2021-01-27;520;1;6398;22;2.4;0.0
82;2021-01-28;587;35;6985;57;2.7;0.0
82;2021-01-29;405;108;7390;165;2.8;0.1
82;2021-01-30;44;22;7434;187;2.8;0.1
82;2021-01-31;2;0;7436;187;2.8;0.1
82;2021-02-01;292;55;7728;242;2.9;0.1
82;2021-02-02;344;102;8072;344;3.1;0.1
82;2021-02-03;462;66;8534;410;3.2;0.2
82;2021-02-04;768;216;9302;626;3.5;0.2
82;2021-02-05;480;145;9782;771;3.7;0.3
82;2021-02-06;93;39;9875;810;3.8;0.3
82;2021-02-07;29;79;9904;889;3.8;0.3
82;2021-02-08;151;225;10055;1114;3.8;0.4
82;2021-02-09;238;397;10293;1511;3.9;0.6
82;2021-02-10;271;599;10564;2110;4.0;0.8
82;2021-02-11;225;400;10789;2510;4.1;1.0
82;2021-02-12;190;608;10979;3118;4.2;1.2
82;2021-02-13;60;117;11039;3235;4.2;1.2
82;2021-02-14;5;80;11044;3315;4.2;1.3
82;2021-02-15;216;304;11260;3619;4.3;1.4
82;2021-02-16;280;391;11540;4010;4.4;1.5
82;2021-02-17;359;522;11899;4532;4.5;1.7
82;2021-02-18;508;506;12407;5038;4.7;1.9
82;2021-02-19;492;542;12899;5580;4.9;2.1
82;2021-02-20;78;139;12977;5719;4.9;2.2
82;2021-02-21;0;0;12977;5719;4.9;2.2
82;2021-02-22;200;407;13177;6126;5.0;2.3
82;2021-02-23;277;469;13454;6595;5.1;2.5
82;2021-02-24;285;456;13739;7051;5.2;2.7
82;2021-02-25;637;510;14376;7561;5.5;2.9
82;2021-02-26;648;398;15024;7959;5.7;3.0
82;2021-02-27;214;75;15238;8034;5.8;3.1
82;2021-02-28;30;7;15268;8041;5.8;3.1
82;2021-03-01;291;230;15559;8271;5.9;3.1
82;2021-03-02;495;405;16054;8676;6.1;3.3
82;2021-03-03;440;387;16494;9063;6.3;3.5
82;2021-03-04;600;301;17094;9364;6.5;3.6
82;2021-03-05;680;382;17774;9746;6.8;3.7
82;2021-03-06;693;47;18467;9793;7.0;3.7
82;2021-03-07;302;4;18769;9797;7.1;3.7
82;2021-03-08;603;154;19372;9951;7.4;3.8
82;2021-03-09;582;256;19954;10207;7.6;3.9
82;2021-03-10;779;248;20733;10455;7.9;4.0
82;2021-03-11;977;286;21710;10741;8.3;4.1
82;2021-03-12;992;105;22702;10846;8.6;4.1
82;2021-03-13;564;54;23266;10900;8.9;4.2
82;2021-03-14;61;5;23327;10905;8.9;4.2
82;2021-03-15;485;326;23812;11231;9.1;4.3
82;2021-03-16;197;332;24009;11563;9.1;4.4
82;2021-03-17;191;294;24200;11857;9.2;4.5
82;2021-03-18;279;350;24479;12207;9.3;4.6
82;2021-03-19;531;312;25010;12519;9.5;4.8
82;2021-03-20;251;58;25261;12577;9.6;4.8
82;2021-03-21;23;0;25284;12577;9.6;4.8
82;2021-03-22;406;323;25690;12900;9.8;4.9
82;2021-03-23;601;314;26291;13214;10.0;5.0
82;2021-03-24;621;332;26912;13546;10.2;5.2
82;2021-03-25;928;246;27840;13792;10.6;5.3
82;2021-03-26;1216;272;29056;14064;11.1;5.4
82;2021-03-27;479;79;29535;14143;11.2;5.4
82;2021-03-28;136;2;29671;14145;11.3;5.4
82;2021-03-29;925;379;30596;14524;11.7;5.5
82;2021-03-30;1188;280;31784;14804;12.1;5.6
82;2021-03-31;1018;263;32802;15067;12.5;5.7
82;2021-04-01;1070;199;33872;15266;12.9;5.8
82;2021-04-02;1213;286;35085;15552;13.4;5.9
82;2021-04-03;715;132;35800;15684;13.6;6.0
82;2021-04-04;276;14;36076;15698;13.7;6.0
82;2021-04-05;388;20;36464;15718;13.9;6.0
82;2021-04-06;953;512;37417;16230;14.2;6.2
82;2021-04-07;1016;498;38433;16728;14.6;6.4
82;2021-04-08;1454;418;39887;17146;15.2;6.5
82;2021-04-09;1656;474;41543;17620;15.8;6.7
82;2021-04-10;1716;103;43259;17723;16.5;6.7
82;2021-04-11;560;20;43819;17743;16.7;6.8
82;2021-04-12;1348;294;45167;18037;17.2;6.9
82;2021-04-13;1626;275;46793;18312;17.8;7.0
82;2021-04-14;1412;302;48205;18614;18.4;7.1
82;2021-04-15;1781;325;49986;18939;19.0;7.2
82;2021-04-16;1542;336;51528;19275;19.6;7.3
82;2021-04-17;1243;71;52771;19346;20.1;7.4
82;2021-04-18;560;15;53331;19361;20.3;7.4
82;2021-04-19;958;360;54289;19721;20.7;7.5
82;2021-04-20;1267;403;55556;20124;21.2;7.7
82;2021-04-21;1217;374;56773;20498;21.6;7.8
82;2021-04-22;1452;295;58225;20793;22.2;7.9
82;2021-04-23;1076;683;59301;21476;22.6;8.2
82;2021-04-24;1188;265;60489;21741;23.0;8.3
82;2021-04-25;736;49;61225;21790;23.3;8.3
82;2021-04-26;748;810;61973;22600;23.6;8.6
82;2021-04-27;905;925;62878;23525;23.9;9.0
82;2021-04-28;921;898;63799;24423;24.3;9.3
82;2021-04-29;1107;912;64906;25335;24.7;9.6
82;2021-04-30;1042;891;65948;26226;25.1;10.0
82;2021-05-01;1143;258;67091;26484;25.5;10.1
82;2021-05-02;697;145;67788;26629;25.8;10.1
82;2021-05-03;410;1217;68198;27846;26.0;10.6
82;2021-05-04;862;1170;69060;29016;26.3;11.0
82;2021-05-05;568;1176;69628;30192;26.5;11.5
82;2021-05-06;848;1420;70476;31612;26.8;12.0
82;2021-05-07;734;1459;71210;33071;27.1;12.6
82;2021-05-08;934;520;72144;33591;27.5;12.8
82;2021-05-09;753;578;72897;34169;27.8;13.0
82;2021-05-10;850;1366;73747;35535;28.1;13.5
82;2021-05-11;1157;1348;74904;36883;28.5;14.0
82;2021-05-12;1015;1345;75919;38228;28.9;14.6
82;2021-05-13;1454;432;77373;38660;29.5;14.7
82;2021-05-14;1690;1240;79063;39900;30.1;15.2
82;2021-05-15;1934;697;80997;40597;30.8;15.5
82;2021-05-16;558;114;81555;40711;31.1;15.5
82;2021-05-17;1090;1173;82645;41884;31.5;15.9
82;2021-05-18;1465;1190;84110;43074;32.0;16.4
82;2021-05-19;1272;974;85382;44048;32.5;16.8
82;2021-05-20;1408;1160;86790;45208;33.0;17.2
82;2021-05-21;1411;1219;88201;46427;33.6;17.7
82;2021-05-22;2067;631;90268;47058;34.4;17.9
82;2021-05-23;705;117;90973;47175;34.6;18.0
82;2021-05-24;1441;265;92414;47440;35.2;18.1
82;2021-05-25;1444;963;93858;48403;35.7;18.4
82;2021-05-26;1411;919;95269;49322;36.3;18.8
82;2021-05-27;1460;1025;96729;50347;36.8;19.2
82;2021-05-28;1540;1146;98269;51493;37.4;19.6
82;2021-05-29;1496;545;99765;52038;38.0;19.8
82;2021-05-30;402;101;100167;52139;38.1;19.9
82;2021-05-31;1490;991;101657;53130;38.7;20.2
82;2021-06-01;1750;1052;103407;54182;39.4;20.6
82;2021-06-02;1477;1007;104884;55189;39.9;21.0
82;2021-06-03;1489;1184;106373;56373;40.5;21.5
82;2021-06-04;2250;1306;108623;57679;41.4;22.0
82;2021-06-05;2267;987;110890;58666;42.2;22.3
82;2021-06-06;329;133;111219;58799;42.4;22.4
82;2021-06-07;957;1275;112176;60074;42.7;22.9
82;2021-06-08;1445;1138;113621;61212;43.3;23.3
82;2021-06-09;1707;1142;115328;62354;43.9;23.7
82;2021-06-10;1441;1208;116769;63562;44.5;24.2
82;2021-06-11;1922;1128;118691;64690;45.2;24.6
82;2021-06-12;2392;1395;121083;66085;46.1;25.2
82;2021-06-13;379;113;121462;66198;46.3;25.2
82;2021-06-14;1213;1082;122675;67280;46.7;25.6
82;2021-06-15;1462;1245;124137;68525;47.3;26.1
82;2021-06-16;1749;1168;125886;69693;47.9;26.5
82;2021-06-17;1219;1472;127105;71165;48.4;27.1
82;2021-06-18;1469;1439;128574;72604;49.0;27.6
82;2021-06-19;2269;981;130843;73585;49.8;28.0
82;2021-06-20;269;173;131112;73758;49.9;28.1
82;2021-06-21;484;1361;131596;75119;50.1;28.6
82;2021-06-22;893;1710;132489;76829;50.4;29.3
82;2021-06-23;1238;1587;133727;78416;50.9;29.9
82;2021-06-24;756;1904;134483;80320;51.2;30.6
82;2021-06-25;739;1936;135222;82256;51.5;31.3
82;2021-06-26;1239;2146;136461;84402;52.0;32.1
82;2021-06-27;195;440;136656;84842;52.0;32.3
82;2021-06-28;329;1411;136985;86253;52.2;32.8
82;2021-06-29;518;1842;137503;88095;52.4;33.5
82;2021-06-30;947;1912;138450;90007;52.7;34.3
82;2021-07-01;658;1633;139108;91640;53.0;34.9
82;2021-07-02;931;2295;140039;93935;53.3;35.8
82;2021-07-03;858;2340;140897;96275;53.7;36.7
82;2021-07-04;120;439;141017;96714;53.7;36.8
82;2021-07-05;445;1561;141462;98275;53.9;37.4
82;2021-07-06;513;1867;141975;100142;54.1;38.1
82;2021-07-07;793;1775;142768;101917;54.4;38.8
82;2021-07-08;504;1504;143272;103421;54.6;39.4
82;2021-07-09;781;2155;144053;105576;54.9;40.2
82;2021-07-10;706;2218;144759;107794;55.1;41.0
82;2021-07-11;39;380;144798;108174;55.1;41.2
82;2021-07-12;578;1884;145376;110058;55.4;41.9
82;2021-07-13;714;2003;146090;112061;55.6;42.7
82;2021-07-14;617;741;146707;112802;55.9;43.0
82;2021-07-15;859;1751;147566;114553;56.2;43.6
82;2021-07-16;1436;2638;149002;117191;56.7;44.6
82;2021-07-17;560;2182;149562;119373;57.0;45.5
82;2021-07-18;14;41;149576;119414;57.0;45.5
82;2021-07-19;736;2072;150312;121486;57.2;46.3
82;2021-07-20;920;1883;151232;123369;57.6;47.0
82;2021-07-21;1289;1762;152521;125131;58.1;47.6
82;2021-07-22;1083;1766;153604;126897;58.5;48.3
82;2021-07-23;1056;2990;154660;129887;58.9;49.5
82;2021-07-24;1102;1490;155762;131377;59.3;50.0
82;2021-07-25;303;74;156065;131451;59.4;50.1
82;2021-07-26;950;1896;157015;133347;59.8;50.8
82;2021-07-27;1324;1641;158339;134988;60.3;51.4
82;2021-07-28;1469;1499;159808;136487;60.9;52.0
82;2021-07-29;1331;1534;161139;138021;61.4;52.6
82;2021-07-30;1537;2477;162676;140498;61.9;53.5
82;2021-07-31;459;296;163135;140794;62.1;53.6
82;2021-08-01;273;50;163408;140844;62.2;53.6
82;2021-08-02;1271;879;164679;141723;62.7;54.0
82;2021-08-03;1435;832;166114;142555;63.3;54.3
82;2021-08-04;1363;1029;167477;143584;63.8;54.7
82;2021-08-05;1491;601;168968;144185;64.3;54.9
82;2021-08-06;996;648;169964;144833;64.7;55.1
82;2021-08-07;923;1197;170887;146030;65.1;55.6
82;2021-08-08;157;65;171044;146095;65.1;55.6
82;2021-08-09;1071;899;172115;146994;65.5;56.0
82;2021-08-10;1289;916;173404;147910;66.0;56.3
82;2021-08-11;1264;1123;174668;149033;66.5;56.7
82;2021-08-12;1473;946;176141;149979;67.1;57.1
82;2021-08-13;1413;997;177554;150976;67.6;57.5
82;2021-08-14;314;486;177868;151462;67.7;57.7
82;2021-08-15;61;38;177929;151500;67.8;57.7
82;2021-08-16;781;1459;178710;152959;68.0;58.2
82;2021-08-17;1064;1235;179774;154194;68.5;58.7
82;2021-08-18;616;848;180390;155042;68.7;59.0
82;2021-08-19;1012;1146;181402;156188;69.1;59.5
82;2021-08-20;1034;1907;182436;158095;69.5;60.2
82;2021-08-21;495;991;182931;159086;69.7;60.6
82;2021-08-22;21;55;182952;159141;69.7;60.6
82;2021-08-23;745;1292;183697;160433;69.9;61.1
82;2021-08-24;863;1117;184560;161550;70.3;61.5
82;2021-08-25;849;1538;185409;163088;70.6;62.1
82;2021-08-26;598;1108;186007;164196;70.8;62.5
82;2021-08-27;898;1685;186905;165881;71.2;63.2
82;2021-08-28;211;616;187116;166497;71.3;63.4
82;2021-08-29;44;49;187160;166546;71.3;63.4
82;2021-08-30;430;1015;187590;167561;71.4;63.8
82;2021-08-31;339;1004;187929;168565;71.6;64.2
82;2021-09-01;721;1356;188650;169921;71.8;64.7
82;2021-09-02;406;1235;189056;171156;72.0;65.2
82;2021-09-03;500;1738;189556;172894;72.2;65.8
82;2021-09-04;426;691;189982;173585;72.3;66.1
82;2021-09-05;6;23;189988;173608;72.3;66.1
82;2021-09-06;374;1141;190362;174749;72.5;66.5
82;2021-09-07;209;880;190571;175629;72.6;66.9
82;2021-09-08;495;1169;191066;176798;72.8;67.3
82;2021-09-09;249;930;191315;177728;72.8;67.7
82;2021-09-10;487;1249;191802;178977;73.0;68.2
82;2021-09-11;212;475;192014;179452;73.1;68.3
82;2021-09-12;12;29;192026;179481;73.1;68.3
82;2021-09-13;298;851;192324;180332;73.2;68.7
82;2021-09-14;210;802;192534;181134;73.3;69.0
82;2021-09-15;307;1166;192841;182300;73.4;69.4
82;2021-09-16;221;496;193062;182796;73.5;69.6
82;2021-09-17;188;495;193250;183291;73.6;69.8
82;2021-09-18;326;1082;193576;184373;73.7;70.2
82;2021-09-19;1;14;193577;184387;73.7;70.2
82;2021-09-20;141;416;193718;184803;73.8;70.4
82;2021-09-21;94;382;193812;185185;73.8;70.5
82;2021-09-22;137;455;193949;185640;73.9;70.7
82;2021-09-23;112;383;194061;186023;73.9;70.8
82;2021-09-24;211;600;194272;186623;74.0;71.1
82;2021-09-25;231;658;194503;187281;74.1;71.3
82;2021-09-26;5;10;194508;187291;74.1;71.3
82;2021-09-27;100;453;194608;187744;74.1;71.5
82;2021-09-28;90;229;194698;187973;74.1;71.6
82;2021-09-29;231;479;194929;188452;74.2;71.8
82;2021-09-30;111;250;195040;188702;74.3;71.9
82;2021-10-01;197;372;195237;189074;74.3;72.0
82;2021-10-02;133;273;195370;189347;74.4;72.1
82;2021-10-03;4;1;195374;189348;74.4;72.1
82;2021-10-04;120;415;195494;189763;74.4;72.3
82;2021-10-05;129;274;195623;190037;74.5;72.4
82;2021-10-06;167;343;195790;190380;74.6;72.5
82;2021-10-07;62;124;195852;190504;74.6;72.5
82;2021-10-08;291;386;196143;190890;74.7;72.7
82;2021-10-09;122;247;196265;191137;74.7;72.8
82;2021-10-10;2;14;196267;191151;74.7;72.8
82;2021-10-11;93;226;196360;191377;74.8;72.9
82;2021-10-12;87;140;196447;191517;74.8;72.9
83;2020-12-27;2;0;2;0;0.0;0.0
83;2020-12-28;0;0;2;0;0.0;0.0
83;2020-12-29;2;0;4;0;0.0;0.0
83;2020-12-30;3;0;7;0;0.0;0.0
83;2020-12-31;0;0;7;0;0.0;0.0
83;2021-01-01;1;0;8;0;0.0;0.0
83;2021-01-02;0;0;8;0;0.0;0.0
83;2021-01-03;1;0;9;0;0.0;0.0
83;2021-01-04;1;0;10;0;0.0;0.0
83;2021-01-05;4;1;14;1;0.0;0.0
83;2021-01-06;69;0;83;1;0.0;0.0
83;2021-01-07;324;0;407;1;0.0;0.0
83;2021-01-08;421;1;828;2;0.1;0.0
83;2021-01-09;48;0;876;2;0.1;0.0
83;2021-01-10;1;0;877;2;0.1;0.0
83;2021-01-11;475;0;1352;2;0.1;0.0
83;2021-01-12;1015;5;2367;7;0.2;0.0
83;2021-01-13;963;8;3330;15;0.3;0.0
83;2021-01-14;848;9;4178;24;0.4;0.0
83;2021-01-15;714;3;4892;27;0.5;0.0
83;2021-01-16;42;1;4934;28;0.5;0.0
83;2021-01-17;1;0;4935;28;0.5;0.0
83;2021-01-18;1227;4;6162;32;0.6;0.0
83;2021-01-19;2021;8;8183;40;0.8;0.0
83;2021-01-20;1660;9;9843;49;0.9;0.0
83;2021-01-21;2101;8;11944;57;1.1;0.0
83;2021-01-22;1663;8;13607;65;1.3;0.0
83;2021-01-23;246;2;13853;67;1.3;0.0
83;2021-01-24;21;1;13874;68;1.3;0.0
83;2021-01-25;1556;7;15430;75;1.4;0.0
83;2021-01-26;1758;15;17188;90;1.6;0.0
83;2021-01-27;2155;87;19343;177;1.8;0.0
83;2021-01-28;5100;392;24443;569;2.3;0.1
83;2021-01-29;2949;355;27392;924;2.6;0.1
83;2021-01-30;237;47;27629;971;2.6;0.1
83;2021-01-31;46;0;27675;971;2.6;0.1
83;2021-02-01;1283;413;28958;1384;2.7;0.1
83;2021-02-02;1441;720;30399;2104;2.8;0.2
83;2021-02-03;1527;635;31926;2739;3.0;0.3
83;2021-02-04;1485;743;33411;3482;3.1;0.3
83;2021-02-05;1227;681;34638;4163;3.2;0.4
83;2021-02-06;24;15;34662;4178;3.2;0.4
83;2021-02-07;2;0;34664;4178;3.2;0.4
83;2021-02-08;1090;622;35754;4800;3.3;0.4
83;2021-02-09;1325;911;37079;5711;3.5;0.5
83;2021-02-10;1538;803;38617;6514;3.6;0.6
83;2021-02-11;1612;1028;40229;7542;3.7;0.7
83;2021-02-12;1352;825;41581;8367;3.9;0.8
83;2021-02-13;55;26;41636;8393;3.9;0.8
83;2021-02-14;0;0;41636;8393;3.9;0.8
83;2021-02-15;677;1050;42313;9443;3.9;0.9
83;2021-02-16;543;1371;42856;10814;4.0;1.0
83;2021-02-17;805;1831;43661;12645;4.1;1.2
83;2021-02-18;1630;3872;45291;16517;4.2;1.5
83;2021-02-19;1482;2331;46773;18848;4.4;1.8
83;2021-02-20;63;169;46836;19017;4.4;1.8
83;2021-02-21;25;36;46861;19053;4.4;1.8
83;2021-02-22;507;1748;47368;20801;4.4;1.9
83;2021-02-23;673;1441;48041;22242;4.5;2.1
83;2021-02-24;726;1484;48767;23726;4.5;2.2
83;2021-02-25;1252;1410;50019;25136;4.7;2.3
83;2021-02-26;1297;1255;51316;26391;4.8;2.5
83;2021-02-27;552;56;51868;26447;4.8;2.5
83;2021-02-28;10;15;51878;26462;4.8;2.5
83;2021-03-01;808;1239;52686;27701;4.9;2.6
83;2021-03-02;992;1310;53678;29011;5.0;2.7
83;2021-03-03;1440;1528;55118;30539;5.1;2.8
83;2021-03-04;1895;1392;57013;31931;5.3;3.0
83;2021-03-05;2221;1242;59234;33173;5.5;3.1
83;2021-03-06;3010;121;62244;33294;5.8;3.1
83;2021-03-07;2227;49;64471;33343;6.0;3.1
83;2021-03-08;851;1320;65322;34663;6.1;3.2
83;2021-03-09;1938;1230;67260;35893;6.3;3.3
83;2021-03-10;2382;1374;69642;37267;6.5;3.5
83;2021-03-11;3677;2216;73319;39483;6.8;3.7
83;2021-03-12;3662;1519;76981;41002;7.2;3.8
83;2021-03-13;4614;186;81595;41188;7.6;3.8
83;2021-03-14;2341;62;83936;41250;7.8;3.8
83;2021-03-15;3339;676;87275;41926;8.1;3.9
83;2021-03-16;2603;701;89878;42627;8.4;4.0
83;2021-03-17;2846;790;92724;43417;8.6;4.0
83;2021-03-18;3551;797;96275;44214;9.0;4.1
83;2021-03-19;4175;594;100450;44808;9.4;4.2
83;2021-03-20;3476;77;103926;44885;9.7;4.2
83;2021-03-21;2011;32;105937;44917;9.9;4.2
83;2021-03-22;3965;898;109902;45815;10.2;4.3
83;2021-03-23;4751;601;114653;46416;10.7;4.3
83;2021-03-24;5048;731;119701;47147;11.1;4.4
83;2021-03-25;6536;863;126237;48010;11.8;4.5
83;2021-03-26;7176;763;133413;48773;12.4;4.5
83;2021-03-27;3969;390;137382;49163;12.8;4.6
83;2021-03-28;2183;35;139565;49198;13.0;4.6
83;2021-03-29;4557;777;144122;49975;13.4;4.7
83;2021-03-30;5969;962;150091;50937;14.0;4.7
83;2021-03-31;5553;1084;155644;52021;14.5;4.8
83;2021-04-01;5980;1272;161624;53293;15.1;5.0
83;2021-04-02;5763;1078;167387;54371;15.6;5.1
83;2021-04-03;1800;636;169187;55007;15.8;5.1
83;2021-04-04;854;348;170041;55355;15.8;5.2
83;2021-04-05;190;67;170231;55422;15.9;5.2
83;2021-04-06;4733;1412;174964;56834;16.3;5.3
83;2021-04-07;5832;1666;180796;58500;16.8;5.4
83;2021-04-08;7893;2016;188689;60516;17.6;5.6
83;2021-04-09;7599;2213;196288;62729;18.3;5.8
83;2021-04-10;2948;2656;199236;65385;18.6;6.1
83;2021-04-11;1716;2143;200952;67528;18.7;6.3
83;2021-04-12;4951;2885;205903;70413;19.2;6.6
83;2021-04-13;5408;3007;211311;73420;19.7;6.8
83;2021-04-14;5897;2954;217208;76374;20.2;7.1
83;2021-04-15;6776;3045;223984;79419;20.9;7.4
83;2021-04-16;6127;3530;230111;82949;21.4;7.7
83;2021-04-17;3511;2194;233622;85143;21.8;7.9
83;2021-04-18;2179;1301;235801;86444;22.0;8.1
83;2021-04-19;4113;3909;239914;90353;22.3;8.4
83;2021-04-20;4360;3875;244274;94228;22.7;8.8
83;2021-04-21;4300;4157;248574;98385;23.1;9.2
83;2021-04-22;5009;4309;253583;102694;23.6;9.6
83;2021-04-23;4529;4572;258112;107266;24.0;10.0
83;2021-04-24;2629;2721;260741;109987;24.3;10.2
83;2021-04-25;1925;1572;262666;111559;24.5;10.4
83;2021-04-26;3568;3856;266234;115415;24.8;10.7
83;2021-04-27;4140;4560;270374;119975;25.2;11.2
83;2021-04-28;4314;4382;274688;124357;25.6;11.6
83;2021-04-29;5823;5139;280511;129496;26.1;12.1
83;2021-04-30;5786;4316;286297;133812;26.7;12.5
83;2021-05-01;1693;431;287990;134243;26.8;12.5
83;2021-05-02;1237;760;289227;135003;26.9;12.6
83;2021-05-03;3751;4287;292978;139290;27.3;13.0
83;2021-05-04;3345;5104;296323;144394;27.6;13.4
83;2021-05-05;3644;4977;299967;149371;27.9;13.9
83;2021-05-06;4678;4966;304645;154337;28.4;14.4
83;2021-05-07;4166;5315;308811;159652;28.8;14.9
83;2021-05-08;2764;1017;311575;160669;29.0;15.0
83;2021-05-09;2151;1237;313726;161906;29.2;15.1
83;2021-05-10;3201;5428;316927;167334;29.5;15.6
83;2021-05-11;5126;5691;322053;173025;30.0;16.1
83;2021-05-12;6293;4847;328346;177872;30.6;16.6
83;2021-05-13;6582;1345;334928;179217;31.2;16.7
83;2021-05-14;7422;4117;342350;183334;31.9;17.1
83;2021-05-15;7751;2210;350101;185544;32.6;17.3
83;2021-05-16;6624;1247;356725;186791;33.2;17.4
83;2021-05-17;4894;4211;361619;191002;33.7;17.8
83;2021-05-18;5533;3865;367152;194867;34.2;18.1
83;2021-05-19;6207;3410;373359;198277;34.8;18.5
83;2021-05-20;6753;3807;380112;202084;35.4;18.8
83;2021-05-21;7904;3870;388016;205954;36.1;19.2
83;2021-05-22;6087;1720;394103;207674;36.7;19.3
83;2021-05-23;4682;713;398785;208387;37.1;19.4
83;2021-05-24;5809;973;404594;209360;37.7;19.5
83;2021-05-25;5510;4757;410104;214117;38.2;19.9
83;2021-05-26;4858;4447;414962;218564;38.6;20.4
83;2021-05-27;5069;5259;420031;223823;39.1;20.8
83;2021-05-28;4504;5760;424535;229583;39.5;21.4
83;2021-05-29;2706;4271;427241;233854;39.8;21.8
83;2021-05-30;1256;1373;428497;235227;39.9;21.9
83;2021-05-31;5486;4765;433983;239992;40.4;22.3
83;2021-06-01;5732;5308;439715;245300;40.9;22.8
83;2021-06-02;5262;4585;444977;249885;41.4;23.3
83;2021-06-03;5744;5134;450721;255019;42.0;23.7
83;2021-06-04;5444;6042;456165;261061;42.5;24.3
83;2021-06-05;3919;3198;460084;264259;42.8;24.6
83;2021-06-06;1933;1383;462017;265642;43.0;24.7
83;2021-06-07;3912;5093;465929;270735;43.4;25.2
83;2021-06-08;4175;4821;470104;275556;43.8;25.7
83;2021-06-09;4007;4704;474111;280260;44.2;26.1
83;2021-06-10;3999;4264;478110;284524;44.5;26.5
83;2021-06-11;3659;5451;481769;289975;44.9;27.0
83;2021-06-12;2913;2985;484682;292960;45.1;27.3
83;2021-06-13;995;1390;485677;294350;45.2;27.4
83;2021-06-14;2854;5656;488531;300006;45.5;27.9
83;2021-06-15;3166;4861;491697;304867;45.8;28.4
83;2021-06-16;2963;4504;494660;309371;46.1;28.8
83;2021-06-17;2785;5291;497445;314662;46.3;29.3
83;2021-06-18;3160;5965;500605;320627;46.6;29.9
83;2021-06-19;2323;4100;502928;324727;46.8;30.2
83;2021-06-20;676;1889;503604;326616;46.9;30.4
83;2021-06-21;2109;7585;505713;334201;47.1;31.1
83;2021-06-22;2103;7167;507816;341368;47.3;31.8
83;2021-06-23;1935;6929;509751;348297;47.5;32.4
83;2021-06-24;1962;7367;511713;355664;47.7;33.1
83;2021-06-25;2111;8395;513824;364059;47.8;33.9
83;2021-06-26;1462;6808;515286;370867;48.0;34.5
83;2021-06-27;692;3184;515978;374051;48.0;34.8
83;2021-06-28;1570;7882;517548;381933;48.2;35.6
83;2021-06-29;1907;7809;519455;389742;48.4;36.3
83;2021-06-30;2240;7274;521695;397016;48.6;37.0
83;2021-07-01;2562;6567;524257;403583;48.8;37.6
83;2021-07-02;2265;7798;526522;411381;49.0;38.3
83;2021-07-03;1509;5685;528031;417066;49.2;38.8
83;2021-07-04;572;2752;528603;419818;49.2;39.1
83;2021-07-05;1925;7532;530528;427350;49.4;39.8
83;2021-07-06;2571;5941;533099;433291;49.6;40.3
83;2021-07-07;2686;4667;535785;437958;49.9;40.8
83;2021-07-08;3246;4477;539031;442435;50.2;41.2
83;2021-07-09;3045;6965;542076;449400;50.5;41.8
83;2021-07-10;1579;4929;543655;454329;50.6;42.3
83;2021-07-11;1009;1766;544664;456095;50.7;42.5
83;2021-07-12;2142;7689;546806;463784;50.9;43.2
83;2021-07-13;4042;7097;550848;470881;51.3;43.9
83;2021-07-14;2094;1322;552942;472203;51.5;44.0
83;2021-07-15;4580;6844;557522;479047;51.9;44.6
83;2021-07-16;5274;7123;562796;486170;52.4;45.3
83;2021-07-17;3650;5002;566446;491172;52.7;45.7
83;2021-07-18;1604;1311;568050;492483;52.9;45.9
83;2021-07-19;3954;6320;572004;498803;53.3;46.5
83;2021-07-20;5986;6197;577990;505000;53.8;47.0
83;2021-07-21;6031;5215;584021;510215;54.4;47.5
83;2021-07-22;7118;5545;591139;515760;55.0;48.0
83;2021-07-23;7098;5921;598237;521681;55.7;48.6
83;2021-07-24;4650;4567;602887;526248;56.1;49.0
83;2021-07-25;1329;737;604216;526985;56.3;49.1
83;2021-07-26;5546;4939;609762;531924;56.8;49.5
83;2021-07-27;6833;4906;616595;536830;57.4;50.0
83;2021-07-28;6601;4427;623196;541257;58.0;50.4
83;2021-07-29;7500;4862;630696;546119;58.7;50.9
83;2021-07-30;6969;4763;637665;550882;59.4;51.3
83;2021-07-31;4667;3218;642332;554100;59.8;51.6
83;2021-08-01;1066;849;643398;554949;59.9;51.7
83;2021-08-02;5771;3711;649169;558660;60.5;52.0
83;2021-08-03;6387;3998;655556;562658;61.0;52.4
83;2021-08-04;5915;3715;661471;566373;61.6;52.7
83;2021-08-05;6184;4091;667655;570464;62.2;53.1
83;2021-08-06;6162;4917;673817;575381;62.7;53.6
83;2021-08-07;3751;3557;677568;578938;63.1;53.9
83;2021-08-08;1064;823;678632;579761;63.2;54.0
83;2021-08-09;4718;4647;683350;584408;63.6;54.4
83;2021-08-10;5236;5147;688586;589555;64.1;54.9
83;2021-08-11;4593;5068;693179;594623;64.6;55.4
83;2021-08-12;4929;5569;698108;600192;65.0;55.9
83;2021-08-13;4938;5741;703046;605933;65.5;56.4
83;2021-08-14;3223;3892;706269;609825;65.8;56.8
83;2021-08-15;208;392;706477;610217;65.8;56.8
83;2021-08-16;3632;5482;710109;615699;66.1;57.3
83;2021-08-17;3577;5272;713686;620971;66.5;57.8
83;2021-08-18;3608;5004;717294;625975;66.8;58.3
83;2021-08-19;4180;6261;721474;632236;67.2;58.9
83;2021-08-20;3644;6516;725118;638752;67.5;59.5
83;2021-08-21;2348;4490;727466;643242;67.7;59.9
83;2021-08-22;635;1033;728101;644275;67.8;60.0
83;2021-08-23;2506;5787;730607;650062;68.0;60.5
83;2021-08-24;2924;5922;733531;655984;68.3;61.1
83;2021-08-25;2585;5294;736116;661278;68.6;61.6
83;2021-08-26;2799;5845;738915;667123;68.8;62.1
83;2021-08-27;2918;5925;741833;673048;69.1;62.7
83;2021-08-28;1934;4539;743767;677587;69.3;63.1
83;2021-08-29;476;1161;744243;678748;69.3;63.2
83;2021-08-30;2383;4883;746626;683631;69.5;63.7
83;2021-08-31;2510;5296;749136;688927;69.8;64.2
83;2021-09-01;2549;4593;751685;693520;70.0;64.6
83;2021-09-02;2485;4427;754170;697947;70.2;65.0
83;2021-09-03;2336;4647;756506;702594;70.4;65.4
83;2021-09-04;1946;4376;758452;706970;70.6;65.8
83;2021-09-05;568;415;759020;707385;70.7;65.9
83;2021-09-06;1658;3336;760678;710721;70.8;66.2
83;2021-09-07;1669;3167;762347;713888;71.0;66.5
83;2021-09-08;1936;3337;764283;717225;71.2;66.8
83;2021-09-09;1493;3300;765776;720525;71.3;67.1
83;2021-09-10;1778;3617;767554;724142;71.5;67.4
83;2021-09-11;1372;3631;768926;727773;71.6;67.8
83;2021-09-12;204;458;769130;728231;71.6;67.8
83;2021-09-13;1226;2516;770356;730747;71.7;68.1
83;2021-09-14;1327;2496;771683;733243;71.9;68.3
83;2021-09-15;1369;2538;773052;735781;72.0;68.5
83;2021-09-16;1042;2176;774094;737957;72.1;68.7
83;2021-09-17;1037;2525;775131;740482;72.2;69.0
83;2021-09-18;1023;3001;776154;743483;72.3;69.2
83;2021-09-19;97;399;776251;743882;72.3;69.3
83;2021-09-20;678;2034;776929;745916;72.4;69.5
83;2021-09-21;718;1810;777647;747726;72.4;69.6
83;2021-09-22;763;2494;778410;750220;72.5;69.9
83;2021-09-23;716;2112;779126;752332;72.6;70.1
83;2021-09-24;721;2197;779847;754529;72.6;70.3
83;2021-09-25;741;2666;780588;757195;72.7;70.5
83;2021-09-26;70;449;780658;757644;72.7;70.6
83;2021-09-27;593;1730;781251;759374;72.8;70.7
83;2021-09-28;542;1503;781793;760877;72.8;70.9
83;2021-09-29;715;1879;782508;762756;72.9;71.0
83;2021-09-30;635;1505;783143;764261;72.9;71.2
83;2021-10-01;746;1533;783889;765794;73.0;71.3
83;2021-10-02;688;1621;784577;767415;73.1;71.5
83;2021-10-03;108;254;784685;767669;73.1;71.5
83;2021-10-04;482;889;785167;768558;73.1;71.6
83;2021-10-05;588;1114;785755;769672;73.2;71.7
83;2021-10-06;741;1552;786496;771224;73.2;71.8
83;2021-10-07;520;1051;787016;772275;73.3;71.9
83;2021-10-08;725;1330;787741;773605;73.4;72.0
83;2021-10-09;514;983;788255;774588;73.4;72.1
83;2021-10-10;16;39;788271;774627;73.4;72.1
83;2021-10-11;629;1124;788900;775751;73.5;72.2
83;2021-10-12;480;778;789380;776529;73.5;72.3
84;2020-12-27;1;1;1;1;0.0;0.0
84;2020-12-28;1;1;2;2;0.0;0.0
84;2020-12-29;3;1;5;3;0.0;0.0
84;2020-12-30;2;0;7;3;0.0;0.0
84;2020-12-31;2;0;9;3;0.0;0.0
84;2021-01-01;0;0;9;3;0.0;0.0
84;2021-01-02;0;0;9;3;0.0;0.0
84;2021-01-03;0;0;9;3;0.0;0.0
84;2021-01-04;0;0;9;3;0.0;0.0
84;2021-01-05;0;0;9;3;0.0;0.0
84;2021-01-06;0;0;9;3;0.0;0.0
84;2021-01-07;69;0;78;3;0.0;0.0
84;2021-01-08;84;0;162;3;0.0;0.0
84;2021-01-09;31;1;193;4;0.0;0.0
84;2021-01-10;0;0;193;4;0.0;0.0
84;2021-01-11;219;0;412;4;0.1;0.0
84;2021-01-12;624;2;1036;6;0.2;0.0
84;2021-01-13;359;1;1395;7;0.2;0.0
84;2021-01-14;960;16;2355;23;0.4;0.0
84;2021-01-15;619;11;2974;34;0.5;0.0
84;2021-01-16;167;1;3141;35;0.6;0.0
84;2021-01-17;29;1;3170;36;0.6;0.0
84;2021-01-18;697;3;3867;39;0.7;0.0
84;2021-01-19;881;6;4748;45;0.8;0.0
84;2021-01-20;1023;6;5771;51;1.0;0.0
84;2021-01-21;1050;6;6821;57;1.2;0.0
84;2021-01-22;1135;2;7956;59;1.4;0.0
84;2021-01-23;250;0;8206;59;1.5;0.0
84;2021-01-24;3;0;8209;59;1.5;0.0
84;2021-01-25;809;4;9018;63;1.6;0.0
84;2021-01-26;940;7;9958;70;1.8;0.0
84;2021-01-27;1072;4;11030;74;2.0;0.0
84;2021-01-28;1622;19;12652;93;2.3;0.0
84;2021-01-29;1202;63;13854;156;2.5;0.0
84;2021-01-30;171;21;14025;177;2.5;0.0
84;2021-01-31;7;0;14032;177;2.5;0.0
84;2021-02-01;662;146;14694;323;2.6;0.1
84;2021-02-02;789;268;15483;591;2.8;0.1
84;2021-02-03;762;243;16245;834;2.9;0.1
84;2021-02-04;913;400;17158;1234;3.1;0.2
84;2021-02-05;728;416;17886;1650;3.2;0.3
84;2021-02-06;127;49;18013;1699;3.2;0.3
84;2021-02-07;1;0;18014;1699;3.2;0.3
84;2021-02-08;569;274;18583;1973;3.3;0.4
84;2021-02-09;694;720;19277;2693;3.4;0.5
84;2021-02-10;560;565;19837;3258;3.5;0.6
84;2021-02-11;549;590;20386;3848;3.6;0.7
84;2021-02-12;562;680;20948;4528;3.7;0.8
84;2021-02-13;48;170;20996;4698;3.7;0.8
84;2021-02-14;3;0;20999;4698;3.7;0.8
84;2021-02-15;207;887;21206;5585;3.8;1.0
84;2021-02-16;223;823;21429;6408;3.8;1.1
84;2021-02-17;448;778;21877;7186;3.9;1.3
84;2021-02-18;557;1102;22434;8288;4.0;1.5
84;2021-02-19;739;1184;23173;9472;4.1;1.7
84;2021-02-20;68;153;23241;9625;4.1;1.7
84;2021-02-21;6;37;23247;9662;4.1;1.7
84;2021-02-22;369;744;23616;10406;4.2;1.9
84;2021-02-23;272;704;23888;11110;4.3;2.0
84;2021-02-24;395;736;24283;11846;4.3;2.1
84;2021-02-25;713;862;24996;12708;4.5;2.3
84;2021-02-26;823;682;25819;13390;4.6;2.4
84;2021-02-27;133;125;25952;13515;4.6;2.4
84;2021-02-28;18;0;25970;13515;4.6;2.4
84;2021-03-01;459;667;26429;14182;4.7;2.5
84;2021-03-02;634;809;27063;14991;4.8;2.7
84;2021-03-03;820;949;27883;15940;5.0;2.8
84;2021-03-04;1100;695;28983;16635;5.2;3.0
84;2021-03-05;1313;527;30296;17162;5.4;3.1
84;2021-03-06;1459;68;31755;17230;5.7;3.1
84;2021-03-07;481;17;32236;17247;5.7;3.1
84;2021-03-08;813;612;33049;17859;5.9;3.2
84;2021-03-09;1390;785;34439;18644;6.1;3.3
84;2021-03-10;1474;674;35913;19318;6.4;3.4
84;2021-03-11;1983;649;37896;19967;6.8;3.6
84;2021-03-12;2083;638;39979;20605;7.1;3.7
84;2021-03-13;747;37;40726;20642;7.3;3.7
84;2021-03-14;247;53;40973;20695;7.3;3.7
84;2021-03-15;1073;311;42046;21006;7.5;3.7
84;2021-03-16;1180;328;43226;21334;7.7;3.8
84;2021-03-17;1147;445;44373;21779;7.9;3.9
84;2021-03-18;1460;398;45833;22177;8.2;4.0
84;2021-03-19;2179;465;48012;22642;8.6;4.0
84;2021-03-20;841;28;48853;22670;8.7;4.0
84;2021-03-21;151;11;49004;22681;8.7;4.0
84;2021-03-22;1162;468;50166;23149;8.9;4.1
84;2021-03-23;1916;440;52082;23589;9.3;4.2
84;2021-03-24;2177;405;54259;23994;9.7;4.3
84;2021-03-25;3656;406;57915;24400;10.3;4.3
84;2021-03-26;3319;489;61234;24889;10.9;4.4
84;2021-03-27;915;60;62149;24949;11.1;4.4
84;2021-03-28;74;3;62223;24952;11.1;4.4
84;2021-03-29;1717;537;63940;25489;11.4;4.5
84;2021-03-30;2674;692;66614;26181;11.9;4.7
84;2021-03-31;2405;651;69019;26832;12.3;4.8
84;2021-04-01;3021;587;72040;27419;12.8;4.9
84;2021-04-02;2452;538;74492;27957;13.3;5.0
84;2021-04-03;512;29;75004;27986;13.4;5.0
84;2021-04-04;15;2;75019;27988;13.4;5.0
84;2021-04-05;814;105;75833;28093;13.5;5.0
84;2021-04-06;2147;850;77980;28943;13.9;5.2
84;2021-04-07;2406;871;80386;29814;14.3;5.3
84;2021-04-08;3653;1052;84039;30866;15.0;5.5
84;2021-04-09;4116;958;88155;31824;15.7;5.7
84;2021-04-10;1310;135;89465;31959;15.9;5.7
84;2021-04-11;37;12;89502;31971;16.0;5.7
84;2021-04-12;2095;814;91597;32785;16.3;5.8
84;2021-04-13;2940;1374;94537;34159;16.9;6.1
84;2021-04-14;2811;1363;97348;35522;17.4;6.3
84;2021-04-15;3271;1426;100619;36948;17.9;6.6
84;2021-04-16;3432;1556;104051;38504;18.5;6.9
84;2021-04-17;1666;201;105717;38705;18.8;6.9
84;2021-04-18;38;1;105755;38706;18.9;6.9
84;2021-04-19;2507;927;108262;39633;19.3;7.1
84;2021-04-20;2628;1535;110890;41168;19.8;7.3
84;2021-04-21;2651;1491;113541;42659;20.2;7.6
84;2021-04-22;3014;1744;116555;44403;20.8;7.9
84;2021-04-23;3042;1911;119597;46314;21.3;8.3
84;2021-04-24;1530;289;121127;46603;21.6;8.3
84;2021-04-25;27;2;121154;46605;21.6;8.3
84;2021-04-26;2198;1377;123352;47982;22.0;8.6
84;2021-04-27;2557;1987;125909;49969;22.4;8.9
84;2021-04-28;2818;1856;128727;51825;22.9;9.2
84;2021-04-29;3420;2057;132147;53882;23.6;9.6
84;2021-04-30;3134;2436;135281;56318;24.1;10.0
84;2021-05-01;457;259;135738;56577;24.2;10.1
84;2021-05-02;2;0;135740;56577;24.2;10.1
84;2021-05-03;2161;1634;137901;58211;24.6;10.4
84;2021-05-04;2488;2546;140389;60757;25.0;10.8
84;2021-05-05;2354;2230;142743;62987;25.4;11.2
84;2021-05-06;3223;2264;145966;65251;26.0;11.6
84;2021-05-07;2766;2565;148732;67816;26.5;12.1
84;2021-05-08;1158;527;149890;68343;26.7;12.2
84;2021-05-09;8;53;149898;68396;26.7;12.2
84;2021-05-10;2159;2467;152057;70863;27.1;12.6
84;2021-05-11;2905;3160;154962;74023;27.6;13.2
84;2021-05-12;2849;2923;157811;76946;28.1;13.7
84;2021-05-13;2160;849;159971;77795;28.5;13.9
84;2021-05-14;2728;2039;162699;79834;29.0;14.2
84;2021-05-15;2001;987;164700;80821;29.4;14.4
84;2021-05-16;1340;188;166040;81009;29.6;14.4
84;2021-05-17;2226;2157;168266;83166;30.0;14.8
84;2021-05-18;2904;2116;171170;85282;30.5;15.2
84;2021-05-19;3230;1666;174400;86948;31.1;15.5
84;2021-05-20;3698;2209;178098;89157;31.7;15.9
84;2021-05-21;3471;2335;181569;91492;32.4;16.3
84;2021-05-22;1582;684;183151;92176;32.6;16.4
84;2021-05-23;6;9;183157;92185;32.6;16.4
84;2021-05-24;1840;426;184997;92611;33.0;16.5
84;2021-05-25;2983;2191;187980;94802;33.5;16.9
84;2021-05-26;3075;2089;191055;96891;34.1;17.3
84;2021-05-27;3857;2320;194912;99211;34.7;17.7
84;2021-05-28;3180;3309;198092;102520;35.3;18.3
84;2021-05-29;1093;1653;199185;104173;35.5;18.6
84;2021-05-30;10;85;199195;104258;35.5;18.6
84;2021-05-31;2191;2642;201386;106900;35.9;19.1
84;2021-06-01;3141;3159;204527;110059;36.5;19.6
84;2021-06-02;3170;2631;207697;112690;37.0;20.1
84;2021-06-03;4115;3001;211812;115691;37.8;20.6
84;2021-06-04;3614;3036;215426;118727;38.4;21.2
84;2021-06-05;1781;1501;217207;120228;38.7;21.4
84;2021-06-06;984;208;218191;120436;38.9;21.5
84;2021-06-07;2451;2760;220642;123196;39.3;22.0
84;2021-06-08;3317;3056;223959;126252;39.9;22.5
84;2021-06-09;3033;2689;226992;128941;40.5;23.0
84;2021-06-10;3512;2798;230504;131739;41.1;23.5
84;2021-06-11;3031;3069;233535;134808;41.6;24.0
84;2021-06-12;1965;1313;235500;136121;42.0;24.3
84;2021-06-13;413;213;235913;136334;42.1;24.3
84;2021-06-14;1930;3155;237843;139489;42.4;24.9
84;2021-06-15;2573;3454;240416;142943;42.9;25.5
84;2021-06-16;2527;2963;242943;145906;43.3;26.0
84;2021-06-17;2994;3481;245937;149387;43.8;26.6
84;2021-06-18;2424;3555;248361;152942;44.3;27.3
84;2021-06-19;1287;1552;249648;154494;44.5;27.5
84;2021-06-20;546;354;250194;154848;44.6;27.6
84;2021-06-21;1570;3135;251764;157983;44.9;28.2
84;2021-06-22;2163;4011;253927;161994;45.3;28.9
84;2021-06-23;2117;3310;256044;165304;45.6;29.5
84;2021-06-24;2201;3483;258245;168787;46.0;30.1
84;2021-06-25;1836;3889;260081;172676;46.4;30.8
84;2021-06-26;1133;1818;261214;174494;46.6;31.1
84;2021-06-27;297;345;261511;174839;46.6;31.2
84;2021-06-28;1207;3224;262718;178063;46.8;31.7
84;2021-06-29;1477;4051;264195;182114;47.1;32.5
84;2021-06-30;1716;3969;265911;186083;47.4;33.2
84;2021-07-01;1819;3957;267730;190040;47.7;33.9
84;2021-07-02;1764;3900;269494;193940;48.0;34.6
84;2021-07-03;1102;2030;270596;195970;48.2;34.9
84;2021-07-04;395;417;270991;196387;48.3;35.0
84;2021-07-05;1550;3540;272541;199927;48.6;35.6
84;2021-07-06;1638;4165;274179;204092;48.9;36.4
84;2021-07-07;1676;3103;275855;207195;49.2;36.9
84;2021-07-08;2158;3743;278013;210938;49.6;37.6
84;2021-07-09;1874;3970;279887;214908;49.9;38.3
84;2021-07-10;1253;2162;281140;217070;50.1;38.7
84;2021-07-11;354;300;281494;217370;50.2;38.7
84;2021-07-12;1409;3836;282903;221206;50.4;39.4
84;2021-07-13;2334;5010;285237;226216;50.8;40.3
84;2021-07-14;1885;1249;287122;227465;51.2;40.5
84;2021-07-15;2708;4561;289830;232026;51.7;41.4
84;2021-07-16;2778;4605;292608;236631;52.2;42.2
84;2021-07-17;1588;2449;294196;239080;52.4;42.6
84;2021-07-18;1017;552;295213;239632;52.6;42.7
84;2021-07-19;2416;3746;297629;243378;53.1;43.4
84;2021-07-20;2954;4169;300583;247547;53.6;44.1
84;2021-07-21;3187;3654;303770;251201;54.1;44.8
84;2021-07-22;3777;3791;307547;254992;54.8;45.5
84;2021-07-23;3520;3681;311067;258673;55.4;46.1
84;2021-07-24;1470;2249;312537;260922;55.7;46.5
84;2021-07-25;1033;513;313570;261435;55.9;46.6
84;2021-07-26;2725;3040;316295;264475;56.4;47.1
84;2021-07-27;3443;3569;319738;268044;57.0;47.8
84;2021-07-28;3867;3308;323605;271352;57.7;48.4
84;2021-07-29;4224;3162;327829;274514;58.4;48.9
84;2021-07-30;4027;3330;331856;277844;59.2;49.5
84;2021-07-31;2000;1694;333856;279538;59.5;49.8
84;2021-08-01;819;437;334675;279975;59.7;49.9
84;2021-08-02;2993;2696;337668;282671;60.2;50.4
84;2021-08-03;4108;2797;341776;285468;60.9;50.9
84;2021-08-04;3918;2614;345694;288082;61.6;51.4
84;2021-08-05;3888;2590;349582;290672;62.3;51.8
84;2021-08-06;3694;2867;353276;293539;63.0;52.3
84;2021-08-07;2078;1746;355354;295285;63.3;52.6
84;2021-08-08;386;735;355740;296020;63.4;52.8
84;2021-08-09;2940;2604;358680;298624;63.9;53.2
84;2021-08-10;3749;2957;362429;301581;64.6;53.8
84;2021-08-11;3269;2677;365698;304258;65.2;54.2
84;2021-08-12;3173;2976;368871;307234;65.8;54.8
84;2021-08-13;2924;2702;371795;309936;66.3;55.2
84;2021-08-14;1736;1747;373531;311683;66.6;55.6
84;2021-08-15;314;227;373845;311910;66.6;55.6
84;2021-08-16;2452;3086;376297;314996;67.1;56.1
84;2021-08-17;2737;3260;379034;318256;67.6;56.7
84;2021-08-18;2420;2801;381454;321057;68.0;57.2
84;2021-08-19;2280;3120;383734;324177;68.4;57.8
84;2021-08-20;2214;3308;385948;327485;68.8;58.4
84;2021-08-21;1228;1886;387176;329371;69.0;58.7
84;2021-08-22;167;738;387343;330109;69.0;58.8
84;2021-08-23;1777;3298;389120;333407;69.4;59.4
84;2021-08-24;1925;3468;391045;336875;69.7;60.0
84;2021-08-25;1845;3352;392890;340227;70.0;60.6
84;2021-08-26;1640;3628;394530;343855;70.3;61.3
84;2021-08-27;1631;3815;396161;347670;70.6;62.0
84;2021-08-28;921;2181;397082;349851;70.8;62.4
84;2021-08-29;174;607;397256;350458;70.8;62.5
84;2021-08-30;1391;3227;398647;353685;71.1;63.0
84;2021-08-31;1366;4079;400013;357764;71.3;63.8
84;2021-09-01;1251;3460;401264;361224;71.5;64.4
84;2021-09-02;1210;2949;402474;364173;71.7;64.9
84;2021-09-03;1282;3364;403756;367537;72.0;65.5
84;2021-09-04;779;2103;404535;369640;72.1;65.9
84;2021-09-05;127;467;404662;370107;72.1;66.0
84;2021-09-06;816;2229;405478;372336;72.3;66.4
84;2021-09-07;1027;2421;406505;374757;72.5;66.8
84;2021-09-08;912;2680;407417;377437;72.6;67.3
84;2021-09-09;889;2064;408306;379501;72.8;67.6
84;2021-09-10;942;2583;409248;382084;73.0;68.1
84;2021-09-11;591;1797;409839;383881;73.1;68.4
84;2021-09-12;117;301;409956;384182;73.1;68.5
84;2021-09-13;703;1517;410659;385699;73.2;68.8
84;2021-09-14;828;1500;411487;387199;73.3;69.0
84;2021-09-15;825;1934;412312;389133;73.5;69.4
84;2021-09-16;610;1338;412922;390471;73.6;69.6
84;2021-09-17;617;1613;413539;392084;73.7;69.9
84;2021-09-18;516;1498;414055;393582;73.8;70.2
84;2021-09-19;46;177;414101;393759;73.8;70.2
84;2021-09-20;328;891;414429;394650;73.9;70.3
84;2021-09-21;364;1114;414793;395764;73.9;70.5
84;2021-09-22;419;1589;415212;397353;74.0;70.8
84;2021-09-23;398;1116;415610;398469;74.1;71.0
84;2021-09-24;396;1250;416006;399719;74.2;71.3
84;2021-09-25;323;1246;416329;400965;74.2;71.5
84;2021-09-26;53;142;416382;401107;74.2;71.5
84;2021-09-27;313;787;416695;401894;74.3;71.6
84;2021-09-28;310;756;417005;402650;74.3;71.8
84;2021-09-29;350;1221;417355;403871;74.4;72.0
84;2021-09-30;374;919;417729;404790;74.5;72.2
84;2021-10-01;440;852;418169;405642;74.5;72.3
84;2021-10-02;247;753;418416;406395;74.6;72.4
84;2021-10-03;37;94;418453;406489;74.6;72.5
84;2021-10-04;297;549;418750;407038;74.6;72.6
84;2021-10-05;332;525;419082;407563;74.7;72.6
84;2021-10-06;345;823;419427;408386;74.8;72.8
84;2021-10-07;357;663;419784;409049;74.8;72.9
84;2021-10-08;415;775;420199;409824;74.9;73.1
84;2021-10-09;225;634;420424;410458;74.9;73.2
84;2021-10-10;28;86;420452;410544;74.9;73.2
84;2021-10-11;252;382;420704;410926;75.0;73.2
84;2021-10-12;302;414;421006;411340;75.0;73.3
85;2020-12-27;1;0;1;0;0.0;0.0
85;2020-12-28;0;0;1;0;0.0;0.0
85;2020-12-29;0;0;1;0;0.0;0.0
85;2020-12-30;0;0;1;0;0.0;0.0
85;2020-12-31;0;0;1;0;0.0;0.0
85;2021-01-01;0;0;1;0;0.0;0.0
85;2021-01-02;0;0;1;0;0.0;0.0
85;2021-01-03;1;0;2;0;0.0;0.0
85;2021-01-04;26;0;28;0;0.0;0.0
85;2021-01-05;62;0;90;0;0.0;0.0
85;2021-01-06;107;1;197;1;0.0;0.0
85;2021-01-07;203;0;400;1;0.1;0.0
85;2021-01-08;293;2;693;3;0.1;0.0
85;2021-01-09;288;1;981;4;0.1;0.0
85;2021-01-10;59;0;1040;4;0.2;0.0
85;2021-01-11;453;0;1493;4;0.2;0.0
85;2021-01-12;584;2;2077;6;0.3;0.0
85;2021-01-13;545;2;2622;8;0.4;0.0
85;2021-01-14;685;5;3307;13;0.5;0.0
85;2021-01-15;439;3;3746;16;0.5;0.0
85;2021-01-16;263;3;4009;19;0.6;0.0
85;2021-01-17;37;0;4046;19;0.6;0.0
85;2021-01-18;999;3;5045;22;0.7;0.0
85;2021-01-19;1429;17;6474;39;0.9;0.0
85;2021-01-20;1891;5;8365;44;1.2;0.0
85;2021-01-21;3222;13;11587;57;1.7;0.0
85;2021-01-22;1700;22;13287;79;1.9;0.0
85;2021-01-23;466;1;13753;80;2.0;0.0
85;2021-01-24;50;0;13803;80;2.0;0.0
85;2021-01-25;577;1;14380;81;2.1;0.0
85;2021-01-26;878;34;15258;115;2.2;0.0
85;2021-01-27;1809;34;17067;149;2.5;0.0
85;2021-01-28;1637;45;18704;194;2.7;0.0
85;2021-01-29;875;64;19579;258;2.9;0.0
85;2021-01-30;149;5;19728;263;2.9;0.0
85;2021-01-31;2;45;19730;308;2.9;0.0
85;2021-02-01;484;103;20214;411;3.0;0.1
85;2021-02-02;535;174;20749;585;3.0;0.1
85;2021-02-03;415;259;21164;844;3.1;0.1
85;2021-02-04;623;266;21787;1110;3.2;0.2
85;2021-02-05;624;264;22411;1374;3.3;0.2
85;2021-02-06;157;244;22568;1618;3.3;0.2
85;2021-02-07;1;0;22569;1618;3.3;0.2
85;2021-02-08;390;650;22959;2268;3.4;0.3
85;2021-02-09;663;1059;23622;3327;3.5;0.5
85;2021-02-10;583;1126;24205;4453;3.5;0.7
85;2021-02-11;1524;3040;25729;7493;3.8;1.1
85;2021-02-12;1015;1264;26744;8757;3.9;1.3
85;2021-02-13;251;501;26995;9258;4.0;1.4
85;2021-02-14;2;131;26997;9389;4.0;1.4
85;2021-02-15;336;807;27333;10196;4.0;1.5
85;2021-02-16;569;1180;27902;11376;4.1;1.7
85;2021-02-17;784;1577;28686;12953;4.2;1.9
85;2021-02-18;1277;1940;29963;14893;4.4;2.2
85;2021-02-19;956;1208;30919;16101;4.5;2.4
85;2021-02-20;174;260;31093;16361;4.6;2.4
85;2021-02-21;1;11;31094;16372;4.6;2.4
85;2021-02-22;815;886;31909;17258;4.7;2.5
85;2021-02-23;826;490;32735;17748;4.8;2.6
85;2021-02-24;757;312;33492;18060;4.9;2.6
85;2021-02-25;1336;401;34828;18461;5.1;2.7
85;2021-02-26;1229;332;36057;18793;5.3;2.8
85;2021-02-27;402;103;36459;18896;5.3;2.8
85;2021-02-28;7;1;36466;18897;5.3;2.8
85;2021-03-01;766;428;37232;19325;5.4;2.8
85;2021-03-02;1100;793;38332;20118;5.6;2.9
85;2021-03-03;844;516;39176;20634;5.7;3.0
85;2021-03-04;1577;1177;40753;21811;6.0;3.2
85;2021-03-05;1741;852;42494;22663;6.2;3.3
85;2021-03-06;1227;133;43721;22796;6.4;3.3
85;2021-03-07;333;36;44054;22832;6.4;3.3
85;2021-03-08;1741;466;45795;23298;6.7;3.4
85;2021-03-09;2239;582;48034;23880;7.0;3.5
85;2021-03-10;1862;652;49896;24532;7.3;3.6
85;2021-03-11;3118;1102;53014;25634;7.8;3.8
85;2021-03-12;2730;873;55744;26507;8.2;3.9
85;2021-03-13;1372;167;57116;26674;8.4;3.9
85;2021-03-14;182;3;57298;26677;8.4;3.9
85;2021-03-15;1919;519;59217;27196;8.7;4.0
85;2021-03-16;1631;523;60848;27719;8.9;4.1
85;2021-03-17;980;528;61828;28247;9.0;4.1
85;2021-03-18;1905;459;63733;28706;9.3;4.2
85;2021-03-19;2198;375;65931;29081;9.7;4.3
85;2021-03-20;1069;179;67000;29260;9.8;4.3
85;2021-03-21;272;5;67272;29265;9.8;4.3
85;2021-03-22;1764;562;69036;29827;10.1;4.4
85;2021-03-23;2420;741;71456;30568;10.5;4.5
85;2021-03-24;2206;532;73662;31100;10.8;4.6
85;2021-03-25;3649;602;77311;31702;11.3;4.6
85;2021-03-26;3357;655;80668;32357;11.8;4.7
85;2021-03-27;1729;124;82397;32481;12.1;4.8
85;2021-03-28;540;6;82937;32487;12.1;4.8
85;2021-03-29;2414;765;85351;33252;12.5;4.9
85;2021-03-30;2866;1028;88217;34280;12.9;5.0
85;2021-03-31;2199;680;90416;34960;13.2;5.1
85;2021-04-01;3880;922;94296;35882;13.8;5.3
85;2021-04-02;2711;1113;97007;36995;14.2;5.4
85;2021-04-03;1411;323;98418;37318;14.4;5.5
85;2021-04-04;324;29;98742;37347;14.5;5.5
85;2021-04-05;104;174;98846;37521;14.5;5.5
85;2021-04-06;2196;1599;101042;39120;14.8;5.7
85;2021-04-07;3093;1197;104135;40317;15.2;5.9
85;2021-04-08;4544;1612;108679;41929;15.9;6.1
85;2021-04-09;4604;1237;113283;43166;16.6;6.3
85;2021-04-10;1866;401;115149;43567;16.9;6.4
85;2021-04-11;27;10;115176;43577;16.9;6.4
85;2021-04-12;4284;1496;119460;45073;17.5;6.6
85;2021-04-13;4837;1885;124297;46958;18.2;6.9
85;2021-04-14;3960;1016;128257;47974;18.8;7.0
85;2021-04-15;5516;1745;133773;49719;19.6;7.3
85;2021-04-16;5241;1547;139014;51266;20.3;7.5
85;2021-04-17;1382;436;140396;51702;20.6;7.6
85;2021-04-18;351;12;140747;51714;20.6;7.6
85;2021-04-19;3368;1705;144115;53419;21.1;7.8
85;2021-04-20;3694;1930;147809;55349;21.6;8.1
85;2021-04-21;2693;1694;150502;57043;22.0;8.3
85;2021-04-22;3805;2238;154307;59281;22.6;8.7
85;2021-04-23;3903;2096;158210;61377;23.2;9.0
85;2021-04-24;1663;1535;159873;62912;23.4;9.2
85;2021-04-25;981;565;160854;63477;23.5;9.3
85;2021-04-26;3589;2357;164443;65834;24.1;9.6
85;2021-04-27;4392;2169;168835;68003;24.7;10.0
85;2021-04-28;5747;1262;174582;69265;25.6;10.1
85;2021-04-29;5635;2010;180217;71275;26.4;10.4
85;2021-04-30;5573;1678;185790;72953;27.2;10.7
85;2021-05-01;1736;638;187526;73591;27.4;10.8
85;2021-05-02;873;471;188399;74062;27.6;10.8
85;2021-05-03;3494;2389;191893;76451;28.1;11.2
85;2021-05-04;3487;3088;195380;79539;28.6;11.6
85;2021-05-05;4532;2170;199912;81709;29.3;12.0
85;2021-05-06;4922;2605;204834;84314;30.0;12.3
85;2021-05-07;3933;3861;208767;88175;30.6;12.9
85;2021-05-08;2246;232;211013;88407;30.9;12.9
85;2021-05-09;1507;183;212520;88590;31.1;13.0
85;2021-05-10;3209;4925;215729;93515;31.6;13.7
85;2021-05-11;4027;4973;219756;98488;32.2;14.4
85;2021-05-12;5019;3936;224775;102424;32.9;15.0
85;2021-05-13;5144;614;229919;103038;33.7;15.1
85;2021-05-14;4356;3167;234275;106205;34.3;15.5
85;2021-05-15;2325;776;236600;106981;34.6;15.7
85;2021-05-16;2212;162;238812;107143;35.0;15.7
85;2021-05-17;4145;3375;242957;110518;35.6;16.2
85;2021-05-18;5215;2854;248172;113372;36.3;16.6
85;2021-05-19;6493;1771;254665;115143;37.3;16.9
85;2021-05-20;6773;2177;261438;117320;38.3;17.2
85;2021-05-21;5497;2742;266935;120062;39.1;17.6
85;2021-05-22;2584;754;269519;120816;39.5;17.7
85;2021-05-23;1329;161;270848;120977;39.6;17.7
85;2021-05-24;4572;436;275420;121413;40.3;17.8
85;2021-05-25;4516;3569;279936;124982;41.0;18.3
85;2021-05-26;4945;2680;284881;127662;41.7;18.7
85;2021-05-27;4959;3695;289840;131357;42.4;19.2
85;2021-05-28;5252;4064;295092;135421;43.2;19.8
85;2021-05-29;3962;1533;299054;136954;43.8;20.0
85;2021-05-30;1291;126;300345;137080;44.0;20.1
85;2021-05-31;4689;3382;305034;140462;44.6;20.6
85;2021-06-01;5405;3400;310439;143862;45.4;21.1
85;2021-06-02;5554;2522;315993;146384;46.3;21.4
85;2021-06-03;5915;3235;321908;149619;47.1;21.9
85;2021-06-04;5837;3823;327745;153442;48.0;22.5
85;2021-06-05;2848;1939;330593;155381;48.4;22.7
85;2021-06-06;1511;804;332104;156185;48.6;22.9
85;2021-06-07;3236;4860;335340;161045;49.1;23.6
85;2021-06-08;4090;4529;339430;165574;49.7;24.2
85;2021-06-09;4844;3516;344274;169090;50.4;24.8
85;2021-06-10;5199;3703;349473;172793;51.2;25.3
85;2021-06-11;4506;4664;353979;177457;51.8;26.0
85;2021-06-12;1491;1800;355470;179257;52.0;26.2
85;2021-06-13;1219;672;356689;179929;52.2;26.3
85;2021-06-14;2682;5094;359371;185023;52.6;27.1
85;2021-06-15;3715;4935;363086;189958;53.1;27.8
85;2021-06-16;4083;3908;367169;193866;53.7;28.4
85;2021-06-17;3939;3902;371108;197768;54.3;28.9
85;2021-06-18;3625;5686;374733;203454;54.9;29.8
85;2021-06-19;1213;2030;375946;205484;55.0;30.1
85;2021-06-20;140;520;376086;206004;55.0;30.2
85;2021-06-21;2375;5811;378461;211815;55.4;31.0
85;2021-06-22;2849;5733;381310;217548;55.8;31.8
85;2021-06-23;3390;4499;384700;222047;56.3;32.5
85;2021-06-24;3642;4562;388342;226609;56.8;33.2
85;2021-06-25;2289;6181;390631;232790;57.2;34.1
85;2021-06-26;791;3757;391422;236547;57.3;34.6
85;2021-06-27;125;1369;391547;237916;57.3;34.8
85;2021-06-28;1186;6713;392733;244629;57.5;35.8
85;2021-06-29;1757;6876;394490;251505;57.7;36.8
85;2021-06-30;2212;6208;396702;257713;58.1;37.7
85;2021-07-01;2842;6056;399544;263769;58.5;38.6
85;2021-07-02;2268;7015;401812;270784;58.8;39.6
85;2021-07-03;618;3165;402430;273949;58.9;40.1
85;2021-07-04;145;1086;402575;275035;58.9;40.3
85;2021-07-05;1064;6649;403639;281684;59.1;41.2
85;2021-07-06;1582;6455;405221;288139;59.3;42.2
85;2021-07-07;1649;5864;406870;294003;59.6;43.0
85;2021-07-08;2165;5440;409035;299443;59.9;43.8
85;2021-07-09;1646;7096;410681;306539;60.1;44.9
85;2021-07-10;566;2835;411247;309374;60.2;45.3
85;2021-07-11;529;1287;411776;310661;60.3;45.5
85;2021-07-12;1408;7046;413184;317707;60.5;46.5
85;2021-07-13;2059;7388;415243;325095;60.8;47.6
85;2021-07-14;1451;2047;416694;327142;61.0;47.9
85;2021-07-15;2681;6943;419375;334085;61.4;48.9
85;2021-07-16;3432;6835;422807;340920;61.9;49.9
85;2021-07-17;1565;2153;424372;343073;62.1;50.2
85;2021-07-18;1150;1154;425522;344227;62.3;50.4
85;2021-07-19;3559;6229;429081;350456;62.8;51.3
85;2021-07-20;4300;6214;433381;356670;63.4;52.2
85;2021-07-21;3996;6199;437377;362869;64.0;53.1
85;2021-07-22;3908;6189;441285;369058;64.6;54.0
85;2021-07-23;4534;6707;445819;375765;65.3;55.0
85;2021-07-24;1045;2296;446864;378061;65.4;55.3
85;2021-07-25;491;303;447355;378364;65.5;55.4
85;2021-07-26;4514;5362;451869;383726;66.1;56.2
85;2021-07-27;5321;5396;457190;389122;66.9;57.0
85;2021-07-28;4962;4972;462152;394094;67.6;57.7
85;2021-07-29;5879;4736;468031;398830;68.5;58.4
85;2021-07-30;6028;4953;474059;403783;69.4;59.1
85;2021-07-31;1226;1577;475285;405360;69.6;59.3
85;2021-08-01;470;195;475755;405555;69.6;59.4
85;2021-08-02;4950;3954;480705;409509;70.4;59.9
85;2021-08-03;6523;3355;487228;412864;71.3;60.4
85;2021-08-04;6631;3426;493859;416290;72.3;60.9
85;2021-08-05;6200;3604;500059;419894;73.2;61.5
85;2021-08-06;5810;4515;505869;424409;74.0;62.1
85;2021-08-07;1505;1179;507374;425588;74.3;62.3
85;2021-08-08;332;232;507706;425820;74.3;62.3
85;2021-08-09;4154;3276;511860;429096;74.9;62.8
85;2021-08-10;4830;3420;516690;432516;75.6;63.3
85;2021-08-11;4673;4218;521363;436734;76.3;63.9
85;2021-08-12;4473;4298;525836;441032;77.0;64.6
85;2021-08-13;3898;3648;529734;444680;77.5;65.1
85;2021-08-14;1028;1088;530762;445768;77.7;65.2
85;2021-08-15;160;237;530922;446005;77.7;65.3
85;2021-08-16;2843;4775;533765;450780;78.1;66.0
85;2021-08-17;2977;4359;536742;455139;78.6;66.6
85;2021-08-18;3155;4107;539897;459246;79.0;67.2
85;2021-08-19;2730;4279;542627;463525;79.4;67.8
85;2021-08-20;2481;5229;545108;468754;79.8;68.6
85;2021-08-21;703;1398;545811;470152;79.9;68.8
85;2021-08-22;344;1019;546155;471171;79.9;69.0
85;2021-08-23;1873;5373;548028;476544;80.2;69.8
85;2021-08-24;1825;4873;549853;481417;80.5;70.5
85;2021-08-25;1648;4834;551501;486251;80.7;71.2
85;2021-08-26;1542;4765;553043;491016;81.0;71.9
85;2021-08-27;1703;5519;554746;496535;81.2;72.7
85;2021-08-28;573;1348;555319;497883;81.3;72.9
85;2021-08-29;128;989;555447;498872;81.3;73.0
85;2021-08-30;1121;4911;556568;503783;81.5;73.7
85;2021-08-31;1132;5361;557700;509144;81.6;74.5
85;2021-09-01;1138;4992;558838;514136;81.8;75.3
85;2021-09-02;993;4146;559831;518282;81.9;75.9
85;2021-09-03;1246;4232;561077;522514;82.1;76.5
85;2021-09-04;370;1294;561447;523808;82.2;76.7
85;2021-09-05;42;168;561489;523976;82.2;76.7
85;2021-09-06;851;3389;562340;527365;82.3;77.2
85;2021-09-07;843;2867;563183;530232;82.4;77.6
85;2021-09-08;870;3377;564053;533609;82.6;78.1
85;2021-09-09;651;2541;564704;536150;82.7;78.5
85;2021-09-10;793;3305;565497;539455;82.8;79.0
85;2021-09-11;243;1303;565740;540758;82.8;79.2
85;2021-09-12;17;35;565757;540793;82.8;79.2
85;2021-09-13;547;2121;566304;542914;82.9;79.5
85;2021-09-14;550;1631;566854;544545;83.0;79.7
85;2021-09-15;610;2529;567464;547074;83.1;80.1
85;2021-09-16;400;1363;567864;548437;83.1;80.3
85;2021-09-17;738;2387;568602;550824;83.2;80.6
85;2021-09-18;190;918;568792;551742;83.3;80.8
85;2021-09-19;5;22;568797;551764;83.3;80.8
85;2021-09-20;353;1355;569150;553119;83.3;81.0
85;2021-09-21;431;1069;569581;554188;83.4;81.1
85;2021-09-22;434;1904;570015;556092;83.4;81.4
85;2021-09-23;810;983;570825;557075;83.6;81.5
85;2021-09-24;591;1929;571416;559004;83.6;81.8
85;2021-09-25;153;882;571569;559886;83.7;82.0
85;2021-09-26;0;12;571569;559898;83.7;82.0
85;2021-09-27;364;929;571933;560827;83.7;82.1
85;2021-09-28;231;565;572164;561392;83.7;82.2
85;2021-09-29;396;1288;572560;562680;83.8;82.4
85;2021-09-30;366;801;572926;563481;83.9;82.5
85;2021-10-01;423;921;573349;564402;83.9;82.6
85;2021-10-02;179;508;573528;564910;83.9;82.7
85;2021-10-03;4;12;573532;564922;83.9;82.7
85;2021-10-04;200;685;573732;565607;84.0;82.8
85;2021-10-05;294;429;574026;566036;84.0;82.9
85;2021-10-06;359;866;574385;566902;84.1;83.0
85;2021-10-07;238;392;574623;567294;84.1;83.0
85;2021-10-08;338;1018;574961;568312;84.2;83.2
85;2021-10-09;105;309;575066;568621;84.2;83.2
85;2021-10-10;14;8;575080;568629;84.2;83.2
85;2021-10-11;204;479;575284;569108;84.2;83.3
85;2021-10-12;165;330;575449;569438;84.2;83.4
86;2020-12-27;0;0;0;0;0.0;0.0
86;2020-12-28;2;0;2;0;0.0;0.0
86;2020-12-29;1;0;3;0;0.0;0.0
86;2020-12-30;0;0;3;0;0.0;0.0
86;2020-12-31;0;0;3;0;0.0;0.0
86;2021-01-01;0;0;3;0;0.0;0.0
86;2021-01-02;1;0;4;0;0.0;0.0
86;2021-01-03;2;0;6;0;0.0;0.0
86;2021-01-04;0;0;6;0;0.0;0.0
86;2021-01-05;1;0;7;0;0.0;0.0
86;2021-01-06;178;1;185;1;0.0;0.0
86;2021-01-07;672;0;857;1;0.2;0.0
86;2021-01-08;609;3;1466;4;0.3;0.0
86;2021-01-09;0;0;1466;4;0.3;0.0
86;2021-01-10;173;0;1639;4;0.4;0.0
86;2021-01-11;305;0;1944;4;0.4;0.0
86;2021-01-12;460;1;2404;5;0.5;0.0
86;2021-01-13;337;1;2741;6;0.6;0.0
86;2021-01-14;552;1;3293;7;0.8;0.0
86;2021-01-15;544;3;3837;10;0.9;0.0
86;2021-01-16;2;0;3839;10;0.9;0.0
86;2021-01-17;0;0;3839;10;0.9;0.0
86;2021-01-18;564;0;4403;10;1.0;0.0
86;2021-01-19;1918;1;6321;11;1.4;0.0
86;2021-01-20;1464;27;7785;38;1.8;0.0
86;2021-01-21;1291;2;9076;40;2.1;0.0
86;2021-01-22;836;0;9912;40;2.3;0.0
86;2021-01-23;314;2;10226;42;2.3;0.0
86;2021-01-24;0;0;10226;42;2.3;0.0
86;2021-01-25;587;109;10813;151;2.5;0.0
86;2021-01-26;751;124;11564;275;2.6;0.1
86;2021-01-27;765;156;12329;431;2.8;0.1
86;2021-01-28;1055;426;13384;857;3.1;0.2
86;2021-01-29;880;217;14264;1074;3.3;0.2
86;2021-01-30;276;103;14540;1177;3.3;0.3
86;2021-01-31;57;157;14597;1334;3.3;0.3
86;2021-02-01;434;209;15031;1543;3.4;0.4
86;2021-02-02;573;385;15604;1928;3.6;0.4
86;2021-02-03;525;224;16129;2152;3.7;0.5
86;2021-02-04;479;366;16608;2518;3.8;0.6
86;2021-02-05;437;739;17045;3257;3.9;0.7
86;2021-02-06;148;204;17193;3461;3.9;0.8
86;2021-02-07;120;8;17313;3469;4.0;0.8
86;2021-02-08;362;327;17675;3796;4.0;0.9
86;2021-02-09;755;1121;18430;4917;4.2;1.1
86;2021-02-10;972;939;19402;5856;4.4;1.3
86;2021-02-11;1009;977;20411;6833;4.7;1.6
86;2021-02-12;746;381;21157;7214;4.8;1.6
86;2021-02-13;193;96;21350;7310;4.9;1.7
86;2021-02-14;1;34;21351;7344;4.9;1.7
86;2021-02-15;243;507;21594;7851;4.9;1.8
86;2021-02-16;384;865;21978;8716;5.0;2.0
86;2021-02-17;453;894;22431;9610;5.1;2.2
86;2021-02-18;422;871;22853;10481;5.2;2.4
86;2021-02-19;602;640;23455;11121;5.4;2.5
86;2021-02-20;115;176;23570;11297;5.4;2.6
86;2021-02-21;1;0;23571;11297;5.4;2.6
86;2021-02-22;241;426;23812;11723;5.4;2.7
86;2021-02-23;369;603;24181;12326;5.5;2.8
86;2021-02-24;410;584;24591;12910;5.6;3.0
86;2021-02-25;903;668;25494;13578;5.8;3.1
86;2021-02-26;1029;538;26523;14116;6.1;3.2
86;2021-02-27;460;151;26983;14267;6.2;3.3
86;2021-02-28;3;2;26986;14269;6.2;3.3
86;2021-03-01;232;526;27218;14795;6.2;3.4
86;2021-03-02;1142;853;28360;15648;6.5;3.6
86;2021-03-03;794;632;29154;16280;6.7;3.7
86;2021-03-04;1496;632;30650;16912;7.0;3.9
86;2021-03-05;1577;315;32227;17227;7.4;3.9
86;2021-03-06;995;169;33222;17396;7.6;4.0
86;2021-03-07;371;32;33593;17428;7.7;4.0
86;2021-03-08;473;542;34066;17970;7.8;4.1
86;2021-03-09;1368;533;35434;18503;8.1;4.2
86;2021-03-10;949;612;36383;19115;8.3;4.4
86;2021-03-11;1798;481;38181;19596;8.7;4.5
86;2021-03-12;2208;443;40389;20039;9.2;4.6
86;2021-03-13;1444;103;41833;20142;9.6;4.6
86;2021-03-14;133;16;41966;20158;9.6;4.6
86;2021-03-15;784;160;42750;20318;9.8;4.6
86;2021-03-16;847;206;43597;20524;10.0;4.7
86;2021-03-17;786;207;44383;20731;10.1;4.7
86;2021-03-18;1005;104;45388;20835;10.4;4.8
86;2021-03-19;2145;330;47533;21165;10.9;4.8
86;2021-03-20;592;133;48125;21298;11.0;4.9
86;2021-03-21;10;0;48135;21298;11.0;4.9
86;2021-03-22;852;278;48987;21576;11.2;4.9
86;2021-03-23;2017;331;51004;21907;11.7;5.0
86;2021-03-24;1557;291;52561;22198;12.0;5.1
86;2021-03-25;2489;357;55050;22555;12.6;5.2
86;2021-03-26;3044;364;58094;22919;13.3;5.2
86;2021-03-27;733;143;58827;23062;13.4;5.3
86;2021-03-28;5;128;58832;23190;13.5;5.3
86;2021-03-29;1260;391;60092;23581;13.7;5.4
86;2021-03-30;2406;827;62498;24408;14.3;5.6
86;2021-03-31;1511;630;64009;25038;14.6;5.7
86;2021-04-01;2246;949;66255;25987;15.1;5.9
86;2021-04-02;1902;560;68157;26547;15.6;6.1
86;2021-04-03;826;327;68983;26874;15.8;6.1
86;2021-04-04;83;110;69066;26984;15.8;6.2
86;2021-04-05;314;5;69380;26989;15.9;6.2
86;2021-04-06;1531;963;70911;27952;16.2;6.4
86;2021-04-07;1633;630;72544;28582;16.6;6.5
86;2021-04-08;2569;764;75113;29346;17.2;6.7
86;2021-04-09;3250;657;78363;30003;17.9;6.9
86;2021-04-10;1662;196;80025;30199;18.3;6.9
86;2021-04-11;442;11;80467;30210;18.4;6.9
86;2021-04-12;820;766;81287;30976;18.6;7.1
86;2021-04-13;2454;941;83741;31917;19.1;7.3
86;2021-04-14;1870;883;85611;32800;19.6;7.5
86;2021-04-15;2276;732;87887;33532;20.1;7.7
86;2021-04-16;2471;1232;90358;34764;20.7;7.9
86;2021-04-17;1040;264;91398;35028;20.9;8.0
86;2021-04-18;119;4;91517;35032;20.9;8.0
86;2021-04-19;745;799;92262;35831;21.1;8.2
86;2021-04-20;2301;1508;94563;37339;21.6;8.5
86;2021-04-21;2108;1128;96671;38467;22.1;8.8
86;2021-04-22;2329;1447;99000;39914;22.6;9.1
86;2021-04-23;2392;1579;101392;41493;23.2;9.5
86;2021-04-24;1299;512;102691;42005;23.5;9.6
86;2021-04-25;825;28;103516;42033;23.7;9.6
86;2021-04-26;2079;895;105595;42928;24.1;9.8
86;2021-04-27;3155;1672;108750;44600;24.9;10.2
86;2021-04-28;3002;1522;111752;46122;25.5;10.5
86;2021-04-29;3558;1835;115310;47957;26.4;11.0
86;2021-04-30;2969;1488;118279;49445;27.0;11.3
86;2021-05-01;1580;200;119859;49645;27.4;11.4
86;2021-05-02;1279;45;121138;49690;27.7;11.4
86;2021-05-03;2563;1009;123701;50699;28.3;11.6
86;2021-05-04;3508;1903;127209;52602;29.1;12.0
86;2021-05-05;3989;1488;131198;54090;30.0;12.4
86;2021-05-06;4289;1658;135487;55748;31.0;12.7
86;2021-05-07;4043;1830;139530;57578;31.9;13.2
86;2021-05-08;1976;399;141506;57977;32.4;13.3
86;2021-05-09;1642;203;143148;58180;32.7;13.3
86;2021-05-10;1958;1176;145106;59356;33.2;13.6
86;2021-05-11;3603;2688;148709;62044;34.0;14.2
86;2021-05-12;2252;1649;150961;63693;34.5;14.6
86;2021-05-13;1687;299;152648;63992;34.9;14.6
86;2021-05-14;2097;789;154745;64781;35.4;14.8
86;2021-05-15;1466;503;156211;65284;35.7;14.9
86;2021-05-16;778;164;156989;65448;35.9;15.0
86;2021-05-17;3218;1060;160207;66508;36.6;15.2
86;2021-05-18;4305;1665;164512;68173;37.6;15.6
86;2021-05-19;3587;1438;168099;69611;38.4;15.9
86;2021-05-20;4370;1625;172469;71236;39.4;16.3
86;2021-05-21;3438;1772;175907;73008;40.2;16.7
86;2021-05-22;2076;665;177983;73673;40.7;16.8
86;2021-05-23;1437;183;179420;73856;41.0;16.9
86;2021-05-24;1845;204;181265;74060;41.4;16.9
86;2021-05-25;2851;1640;184116;75700;42.1;17.3
86;2021-05-26;2725;1530;186841;77230;42.7;17.7
86;2021-05-27;3546;1851;190387;79081;43.5;18.1
86;2021-05-28;2164;2539;192551;81620;44.0;18.7
86;2021-05-29;1527;1286;194078;82906;44.4;19.0
86;2021-05-30;934;133;195012;83039;44.6;19.0
86;2021-05-31;1922;1820;196934;84859;45.0;19.4
86;2021-06-01;2665;2588;199599;87447;45.6;20.0
86;2021-06-02;2306;2664;201905;90111;46.2;20.6
86;2021-06-03;3337;2413;205242;92524;46.9;21.2
86;2021-06-04;2237;2860;207479;95384;47.4;21.8
86;2021-06-05;1503;1582;208982;96966;47.8;22.2
86;2021-06-06;820;900;209802;97866;48.0;22.4
86;2021-06-07;1119;2464;210921;100330;48.2;22.9
86;2021-06-08;1990;3697;212911;104027;48.7;23.8
86;2021-06-09;1901;3319;214812;107346;49.1;24.5
86;2021-06-10;2349;3239;217161;110585;49.6;25.3
86;2021-06-11;1517;2796;218678;113381;50.0;25.9
86;2021-06-12;746;2244;219424;115625;50.2;26.4
86;2021-06-13;214;1477;219638;117102;50.2;26.8
86;2021-06-14;1158;2902;220796;120004;50.5;27.4
86;2021-06-15;1690;4260;222486;124264;50.9;28.4
86;2021-06-16;1808;3136;224294;127400;51.3;29.1
86;2021-06-17;1777;4445;226071;131845;51.7;30.1
86;2021-06-18;1882;4586;227953;136431;52.1;31.2
86;2021-06-19;636;2097;228589;138528;52.3;31.7
86;2021-06-20;172;1319;228761;139847;52.3;32.0
86;2021-06-21;1105;2236;229866;142083;52.6;32.5
86;2021-06-22;1298;3459;231164;145542;52.8;33.3
86;2021-06-23;1364;2403;232528;147945;53.2;33.8
86;2021-06-24;1590;2725;234118;150670;53.5;34.4
86;2021-06-25;1192;3546;235310;154216;53.8;35.3
86;2021-06-26;391;2651;235701;156867;53.9;35.9
86;2021-06-27;138;1633;235839;158500;53.9;36.2
86;2021-06-28;270;3338;236109;161838;54.0;37.0
86;2021-06-29;858;4604;236967;166442;54.2;38.1
86;2021-06-30;1051;2974;238018;169416;54.4;38.7
86;2021-07-01;1549;3004;239567;172420;54.8;39.4
86;2021-07-02;1111;3643;240678;176063;55.0;40.3
86;2021-07-03;517;2393;241195;178456;55.1;40.8
86;2021-07-04;115;1346;241310;179802;55.2;41.1
86;2021-07-05;472;2833;241782;182635;55.3;41.8
86;2021-07-06;988;4108;242770;186743;55.5;42.7
86;2021-07-07;1260;2627;244030;189370;55.8;43.3
86;2021-07-08;1618;3149;245648;192519;56.2;44.0
86;2021-07-09;1746;3083;247394;195602;56.6;44.7
86;2021-07-10;1304;1954;248698;197556;56.9;45.2
86;2021-07-11;482;839;249180;198395;57.0;45.4
86;2021-07-12;848;2403;250028;200798;57.2;45.9
86;2021-07-13;1780;3369;251808;204167;57.6;46.7
86;2021-07-14;785;1232;252593;205399;57.7;47.0
86;2021-07-15;1882;3292;254475;208691;58.2;47.7
86;2021-07-16;1671;2663;256146;211354;58.6;48.3
86;2021-07-17;1351;1600;257497;212954;58.9;48.7
86;2021-07-18;381;908;257878;213862;59.0;48.9
86;2021-07-19;1377;1887;259255;215749;59.3;49.3
86;2021-07-20;2352;2736;261607;218485;59.8;50.0
86;2021-07-21;2305;2165;263912;220650;60.3;50.4
86;2021-07-22;2903;2801;266815;223451;61.0;51.1
86;2021-07-23;2466;2166;269281;225617;61.6;51.6
86;2021-07-24;1546;1226;270827;226843;61.9;51.9
86;2021-07-25;718;322;271545;227165;62.1;51.9
86;2021-07-26;1588;2103;273133;229268;62.4;52.4
86;2021-07-27;3558;2757;276691;232025;63.3;53.0
86;2021-07-28;3284;2141;279975;234166;64.0;53.5
86;2021-07-29;3266;2547;283241;236713;64.8;54.1
86;2021-07-30;2247;2379;285488;239092;65.3;54.7
86;2021-07-31;1429;1059;286917;240151;65.6;54.9
86;2021-08-01;651;338;287568;240489;65.7;55.0
86;2021-08-02;1944;1679;289512;242168;66.2;55.4
86;2021-08-03;3290;1992;292802;244160;66.9;55.8
86;2021-08-04;2739;1789;295541;245949;67.6;56.2
86;2021-08-05;3572;2057;299113;248006;68.4;56.7
86;2021-08-06;2420;1764;301533;249770;68.9;57.1
86;2021-08-07;1576;997;303109;250767;69.3;57.3
86;2021-08-08;958;553;304067;251320;69.5;57.5
86;2021-08-09;1885;1305;305952;252625;69.9;57.8
86;2021-08-10;2683;1779;308635;254404;70.6;58.2
86;2021-08-11;2366;1436;311001;255840;71.1;58.5
86;2021-08-12;2486;1834;313487;257674;71.7;58.9
86;2021-08-13;1838;1488;315325;259162;72.1;59.3
86;2021-08-14;1331;1153;316656;260315;72.4;59.5
86;2021-08-15;562;623;317218;260938;72.5;59.7
86;2021-08-16;1143;1788;318361;262726;72.8;60.1
86;2021-08-17;1559;2215;319920;264941;73.1;60.6
86;2021-08-18;1266;1861;321186;266802;73.4;61.0
86;2021-08-19;1501;2634;322687;269436;73.8;61.6
86;2021-08-20;1257;2609;323944;272045;74.1;62.2
86;2021-08-21;889;2008;324833;274053;74.3;62.7
86;2021-08-22;350;721;325183;274774;74.3;62.8
86;2021-08-23;724;1824;325907;276598;74.5;63.2
86;2021-08-24;1081;2752;326988;279350;74.8;63.9
86;2021-08-25;935;2064;327923;281414;75.0;64.3
86;2021-08-26;920;2813;328843;284227;75.2;65.0
86;2021-08-27;862;2174;329705;286401;75.4;65.5
86;2021-08-28;557;1775;330262;288176;75.5;65.9
86;2021-08-29;114;828;330376;289004;75.5;66.1
86;2021-08-30;686;2101;331062;291105;75.7;66.6
86;2021-08-31;960;3156;332022;294261;75.9;67.3
86;2021-09-01;571;2583;332593;296844;76.0;67.9
86;2021-09-02;757;2610;333350;299454;76.2;68.5
86;2021-09-03;758;2251;334108;301705;76.4;69.0
86;2021-09-04;366;2127;334474;303832;76.5;69.5
86;2021-09-05;27;909;334501;304741;76.5;69.7
86;2021-09-06;359;1571;334860;306312;76.6;70.0
86;2021-09-07;510;1995;335370;308307;76.7;70.5
86;2021-09-08;566;2112;335936;310419;76.8;71.0
86;2021-09-09;577;1785;336513;312204;76.9;71.4
86;2021-09-10;525;1819;337038;314023;77.1;71.8
86;2021-09-11;359;1832;337397;315855;77.1;72.2
86;2021-09-12;102;764;337499;316619;77.2;72.4
86;2021-09-13;324;984;337823;317603;77.2;72.6
86;2021-09-14;410;1359;338233;318962;77.3;72.9
86;2021-09-15;474;1556;338707;320518;77.4;73.3
86;2021-09-16;437;1011;339144;321529;77.5;73.5
86;2021-09-17;491;1061;339635;322590;77.6;73.8
86;2021-09-18;294;1271;339929;323861;77.7;74.0
86;2021-09-19;85;415;340014;324276;77.7;74.1
86;2021-09-20;223;641;340237;324917;77.8;74.3
86;2021-09-21;266;826;340503;325743;77.8;74.5
86;2021-09-22;337;1185;340840;326928;77.9;74.7
86;2021-09-23;354;581;341194;327509;78.0;74.9
86;2021-09-24;309;841;341503;328350;78.1;75.1
86;2021-09-25;289;1063;341792;329413;78.1;75.3
86;2021-09-26;45;166;341837;329579;78.2;75.3
86;2021-09-27;160;359;341997;329938;78.2;75.4
86;2021-09-28;239;368;342236;330306;78.2;75.5
86;2021-09-29;229;686;342465;330992;78.3;75.7
86;2021-09-30;255;496;342720;331488;78.4;75.8
86;2021-10-01;258;524;342978;332012;78.4;75.9
86;2021-10-02;279;578;343257;332590;78.5;76.0
86;2021-10-03;19;73;343276;332663;78.5;76.1
86;2021-10-04;97;319;343373;332982;78.5;76.1
86;2021-10-05;130;275;343503;333257;78.5;76.2
86;2021-10-06;183;451;343686;333708;78.6;76.3
86;2021-10-07;188;449;343874;334157;78.6;76.4
86;2021-10-08;202;483;344076;334640;78.7;76.5
86;2021-10-09;230;450;344306;335090;78.7;76.6
86;2021-10-10;2;5;344308;335095;78.7;76.6
86;2021-10-11;145;302;344453;335397;78.8;76.7
86;2021-10-12;112;305;344565;335702;78.8;76.7
87;2020-12-27;0;0;0;0;0.0;0.0
87;2020-12-28;3;2;3;2;0.0;0.0
87;2020-12-29;0;0;3;2;0.0;0.0
87;2020-12-30;0;0;3;2;0.0;0.0
87;2020-12-31;0;0;3;2;0.0;0.0
87;2021-01-01;0;0;3;2;0.0;0.0
87;2021-01-02;0;0;3;2;0.0;0.0
87;2021-01-03;0;0;3;2;0.0;0.0
87;2021-01-04;2;1;5;3;0.0;0.0
87;2021-01-05;1;0;6;3;0.0;0.0
87;2021-01-06;10;0;16;3;0.0;0.0
87;2021-01-07;301;1;317;4;0.1;0.0
87;2021-01-08;407;0;724;4;0.2;0.0
87;2021-01-09;65;0;789;4;0.2;0.0
87;2021-01-10;35;0;824;4;0.2;0.0
87;2021-01-11;424;0;1248;4;0.3;0.0
87;2021-01-12;654;0;1902;4;0.5;0.0
87;2021-01-13;660;3;2562;7;0.7;0.0
87;2021-01-14;517;11;3079;18;0.8;0.0
87;2021-01-15;534;3;3613;21;1.0;0.0
87;2021-01-16;204;1;3817;22;1.0;0.0
87;2021-01-17;1;0;3818;22;1.0;0.0
87;2021-01-18;645;6;4463;28;1.2;0.0
87;2021-01-19;657;1;5120;29;1.4;0.0
87;2021-01-20;674;4;5794;33;1.6;0.0
87;2021-01-21;717;2;6511;35;1.8;0.0
87;2021-01-22;757;4;7268;39;2.0;0.0
87;2021-01-23;287;1;7555;40;2.0;0.0
87;2021-01-24;1;0;7556;40;2.0;0.0
87;2021-01-25;620;10;8176;50;2.2;0.0
87;2021-01-26;570;52;8746;102;2.4;0.0
87;2021-01-27;572;40;9318;142;2.5;0.0
87;2021-01-28;856;110;10174;252;2.7;0.1
87;2021-01-29;741;273;10915;525;2.9;0.1
87;2021-01-30;325;72;11240;597;3.0;0.2
87;2021-01-31;34;71;11274;668;3.0;0.2
87;2021-02-01;413;309;11687;977;3.2;0.3
87;2021-02-02;452;482;12139;1459;3.3;0.4
87;2021-02-03;540;420;12679;1879;3.4;0.5
87;2021-02-04;613;595;13292;2474;3.6;0.7
87;2021-02-05;344;382;13636;2856;3.7;0.8
87;2021-02-06;55;156;13691;3012;3.7;0.8
87;2021-02-07;20;0;13711;3012;3.7;0.8
87;2021-02-08;246;444;13957;3456;3.8;0.9
87;2021-02-09;219;541;14176;3997;3.8;1.1
87;2021-02-10;262;623;14438;4620;3.9;1.2
87;2021-02-11;286;539;14724;5159;4.0;1.4
87;2021-02-12;287;556;15011;5715;4.0;1.5
87;2021-02-13;25;170;15036;5885;4.1;1.6
87;2021-02-14;0;3;15036;5888;4.1;1.6
87;2021-02-15;237;388;15273;6276;4.1;1.7
87;2021-02-16;332;330;15605;6606;4.2;1.8
87;2021-02-17;329;379;15934;6985;4.3;1.9
87;2021-02-18;478;646;16412;7631;4.4;2.1
87;2021-02-19;406;481;16818;8112;4.5;2.2
87;2021-02-20;124;195;16942;8307;4.6;2.2
87;2021-02-21;2;9;16944;8316;4.6;2.2
87;2021-02-22;440;576;17384;8892;4.7;2.4
87;2021-02-23;557;636;17941;9528;4.8;2.6
87;2021-02-24;451;598;18392;10126;5.0;2.7
87;2021-02-25;790;709;19182;10835;5.2;2.9
87;2021-02-26;842;480;20024;11315;5.4;3.1
87;2021-02-27;405;212;20429;11527;5.5;3.1
87;2021-02-28;3;0;20432;11527;5.5;3.1
87;2021-03-01;518;370;20950;11897;5.7;3.2
87;2021-03-02;1031;392;21981;12289;5.9;3.3
87;2021-03-03;1174;353;23155;12642;6.2;3.4
87;2021-03-04;1406;341;24561;12983;6.6;3.5
87;2021-03-05;1770;287;26331;13270;7.1;3.6
87;2021-03-06;1049;42;27380;13312;7.4;3.6
87;2021-03-07;257;6;27637;13318;7.5;3.6
87;2021-03-08;863;247;28500;13565;7.7;3.7
87;2021-03-09;1287;236;29787;13801;8.0;3.7
87;2021-03-10;1299;237;31086;14038;8.4;3.8
87;2021-03-11;1755;257;32841;14295;8.9;3.9
87;2021-03-12;2129;293;34970;14588;9.4;3.9
87;2021-03-13;1309;22;36279;14610;9.8;3.9
87;2021-03-14;80;1;36359;14611;9.8;3.9
87;2021-03-15;987;358;37346;14969;10.1;4.0
87;2021-03-16;1060;244;38406;15213;10.4;4.1
87;2021-03-17;1070;221;39476;15434;10.6;4.2
87;2021-03-18;1186;349;40662;15783;11.0;4.3
87;2021-03-19;1684;283;42346;16066;11.4;4.3
87;2021-03-20;926;92;43272;16158;11.7;4.4
87;2021-03-21;32;0;43304;16158;11.7;4.4
87;2021-03-22;1048;384;44352;16542;12.0;4.5
87;2021-03-23;1386;432;45738;16974;12.3;4.6
87;2021-03-24;1508;367;47246;17341;12.7;4.7
87;2021-03-25;2500;399;49746;17740;13.4;4.8
87;2021-03-26;2532;460;52278;18200;14.1;4.9
87;2021-03-27;891;126;53169;18326;14.3;4.9
87;2021-03-28;270;18;53439;18344;14.4;4.9
87;2021-03-29;1119;418;54558;18762;14.7;5.1
87;2021-03-30;1907;669;56465;19431;15.2;5.2
87;2021-03-31;1660;697;58125;20128;15.7;5.4
87;2021-04-01;2237;574;60362;20702;16.3;5.6
87;2021-04-02;1843;636;62205;21338;16.8;5.8
87;2021-04-03;455;266;62660;21604;16.9;5.8
87;2021-04-04;2;0;62662;21604;16.9;5.8
87;2021-04-05;82;1;62744;21605;16.9;5.8
87;2021-04-06;1005;911;63749;22516;17.2;6.1
87;2021-04-07;1487;927;65236;23443;17.6;6.3
87;2021-04-08;1785;1034;67021;24477;18.1;6.6
87;2021-04-09;2647;743;69668;25220;18.8;6.8
87;2021-04-10;1189;307;70857;25527;19.1;6.9
87;2021-04-11;69;1;70926;25528;19.1;6.9
87;2021-04-12;1619;830;72545;26358;19.6;7.1
87;2021-04-13;2288;1065;74833;27423;20.2;7.4
87;2021-04-14;2530;1192;77363;28615;20.9;7.7
87;2021-04-15;2223;1078;79586;29693;21.5;8.0
87;2021-04-16;2735;1071;82321;30764;22.2;8.3
87;2021-04-17;731;389;83052;31153;22.4;8.4
87;2021-04-18;111;141;83163;31294;22.4;8.4
87;2021-04-19;1662;839;84825;32133;22.9;8.7
87;2021-04-20;2084;885;86909;33018;23.4;8.9
87;2021-04-21;2295;996;89204;34014;24.1;9.2
87;2021-04-22;2564;1167;91768;35181;24.8;9.5
87;2021-04-23;1997;1184;93765;36365;25.3;9.8
87;2021-04-24;824;621;94589;36986;25.5;10.0
87;2021-04-25;66;103;94655;37089;25.5;10.0
87;2021-04-26;1356;916;96011;38005;25.9;10.3
87;2021-04-27;2398;1206;98409;39211;26.5;10.6
87;2021-04-28;3867;1445;102276;40656;27.6;11.0
87;2021-04-29;3078;1845;105354;42501;28.4;11.5
87;2021-04-30;3172;1363;108526;43864;29.3;11.8
87;2021-05-01;614;61;109140;43925;29.4;11.8
87;2021-05-02;361;5;109501;43930;29.5;11.8
87;2021-05-03;2323;940;111824;44870;30.2;12.1
87;2021-05-04;2902;1074;114726;45944;30.9;12.4
87;2021-05-05;2989;1511;117715;47455;31.7;12.8
87;2021-05-06;2531;1725;120246;49180;32.4;13.3
87;2021-05-07;2945;1725;123191;50905;33.2;13.7
87;2021-05-08;772;295;123963;51200;33.4;13.8
87;2021-05-09;18;133;123981;51333;33.4;13.8
87;2021-05-10;1938;1602;125919;52935;34.0;14.3
87;2021-05-11;2465;1908;128384;54843;34.6;14.8
87;2021-05-12;2623;2066;131007;56909;35.3;15.3
87;2021-05-13;1085;293;132092;57202;35.6;15.4
87;2021-05-14;2245;1775;134337;58977;36.2;15.9
87;2021-05-15;950;409;135287;59386;36.5;16.0
87;2021-05-16;141;73;135428;59459;36.5;16.0
87;2021-05-17;1628;1762;137056;61221;37.0;16.5
87;2021-05-18;2632;1821;139688;63042;37.7;17.0
87;2021-05-19;2821;1553;142509;64595;38.4;17.4
87;2021-05-20;3302;1724;145811;66319;39.3;17.9
87;2021-05-21;2764;1843;148575;68162;40.1;18.4
87;2021-05-22;1457;629;150032;68791;40.5;18.6
87;2021-05-23;211;92;150243;68883;40.5;18.6
87;2021-05-24;1055;143;151298;69026;40.8;18.6
87;2021-05-25;2117;1811;153415;70837;41.4;19.1
87;2021-05-26;3219;2478;156634;73315;42.2;19.8
87;2021-05-27;3022;2357;159656;75672;43.1;20.4
87;2021-05-28;2675;2522;162331;78194;43.8;21.1
87;2021-05-29;1061;1313;163392;79507;44.1;21.4
87;2021-05-30;258;60;163650;79567;44.1;21.5
87;2021-05-31;2287;1361;165937;80928;44.8;21.8
87;2021-06-01;2547;1865;168484;82793;45.4;22.3
87;2021-06-02;2525;1857;171009;84650;46.1;22.8
87;2021-06-03;3213;2529;174222;87179;47.0;23.5
87;2021-06-04;2838;2063;177060;89242;47.8;24.1
87;2021-06-05;1310;574;178370;89816;48.1;24.2
87;2021-06-06;261;95;178631;89911;48.2;24.2
87;2021-06-07;2098;1900;180729;91811;48.7;24.8
87;2021-06-08;2958;2603;183687;94414;49.5;25.5
87;2021-06-09;2303;2812;185990;97226;50.2;26.2
87;2021-06-10;2974;2552;188964;99778;51.0;26.9
87;2021-06-11;2363;3075;191327;102853;51.6;27.7
87;2021-06-12;1219;1103;192546;103956;51.9;28.0
87;2021-06-13;294;485;192840;104441;52.0;28.2
87;2021-06-14;980;2729;193820;107170;52.3;28.9
87;2021-06-15;1362;3318;195182;110488;52.6;29.8
87;2021-06-16;1650;3424;196832;113912;53.1;30.7
87;2021-06-17;2438;2314;199270;116226;53.7;31.3
87;2021-06-18;1791;3019;201061;119245;54.2;32.2
87;2021-06-19;1047;1177;202108;120422;54.5;32.5
87;2021-06-20;205;206;202313;120628;54.6;32.5
87;2021-06-21;1040;2647;203353;123275;54.8;33.2
87;2021-06-22;1029;2880;204382;126155;55.1;34.0
87;2021-06-23;1256;3082;205638;129237;55.5;34.9
87;2021-06-24;1616;2561;207254;131798;55.9;35.5
87;2021-06-25;1448;2710;208702;134508;56.3;36.3
87;2021-06-26;529;1201;209231;135709;56.4;36.6
87;2021-06-27;26;212;209257;135921;56.4;36.7
87;2021-06-28;717;2575;209974;138496;56.6;37.4
87;2021-06-29;1156;3417;211130;141913;56.9;38.3
87;2021-06-30;1125;2652;212255;144565;57.2;39.0
87;2021-07-01;1482;2552;213737;147117;57.6;39.7
87;2021-07-02;1204;3463;214941;150580;58.0;40.6
87;2021-07-03;415;1512;215356;152092;58.1;41.0
87;2021-07-04;24;384;215380;152476;58.1;41.1
87;2021-07-05;685;2393;216065;154869;58.3;41.8
87;2021-07-06;582;3220;216647;158089;58.4;42.6
87;2021-07-07;862;3344;217509;161433;58.7;43.5
87;2021-07-08;1119;3671;218628;165104;59.0;44.5
87;2021-07-09;1113;3702;219741;168806;59.3;45.5
87;2021-07-10;290;1360;220031;170166;59.3;45.9
87;2021-07-11;49;284;220080;170450;59.4;46.0
87;2021-07-12;559;3192;220639;173642;59.5;46.8
87;2021-07-13;833;3513;221472;177155;59.7;47.8
87;2021-07-14;517;538;221989;177693;59.9;47.9
87;2021-07-15;1361;3463;223350;181156;60.2;48.9
87;2021-07-16;1731;3597;225081;184753;60.7;49.8
87;2021-07-17;655;1373;225736;186126;60.9;50.2
87;2021-07-18;81;285;225817;186411;60.9;50.3
87;2021-07-19;1434;3400;227251;189811;61.3;51.2
87;2021-07-20;1805;3591;229056;193402;61.8;52.2
87;2021-07-21;1451;3153;230507;196555;62.2;53.0
87;2021-07-22;1877;3251;232384;199806;62.7;53.9
87;2021-07-23;1875;3172;234259;202978;63.2;54.7
87;2021-07-24;816;1284;235075;204262;63.4;55.1
87;2021-07-25;106;241;235181;204503;63.4;55.2
87;2021-07-26;1541;2329;236722;206832;63.8;55.8
87;2021-07-27;2556;2063;239278;208895;64.5;56.3
87;2021-07-28;2390;2007;241668;210902;65.2;56.9
87;2021-07-29;3011;2000;244679;212902;66.0;57.4
87;2021-07-30;2543;2077;247222;214979;66.7;58.0
87;2021-07-31;1103;837;248325;215816;67.0;58.2
87;2021-08-01;283;151;248608;215967;67.1;58.2
87;2021-08-02;2119;1520;250727;217487;67.6;58.7
87;2021-08-03;2496;1331;253223;218818;68.3;59.0
87;2021-08-04;2314;1063;255537;219881;68.9;59.3
87;2021-08-05;2528;1414;258065;221295;69.6;59.7
87;2021-08-06;2144;1659;260209;222954;70.2;60.1
87;2021-08-07;1110;783;261319;223737;70.5;60.3
87;2021-08-08;208;125;261527;223862;70.5;60.4
87;2021-08-09;1818;1526;263345;225388;71.0;60.8
87;2021-08-10;2201;1533;265546;226921;71.6;61.2
87;2021-08-11;1912;1273;267458;228194;72.1;61.5
87;2021-08-12;2106;1481;269564;229675;72.7;61.9
87;2021-08-13;1724;1621;271288;231296;73.2;62.4
87;2021-08-14;672;733;271960;232029;73.3;62.6
87;2021-08-15;72;104;272032;232133;73.4;62.6
87;2021-08-16;1505;1739;273537;233872;73.8;63.1
87;2021-08-17;1354;1669;274891;235541;74.1;63.5
87;2021-08-18;1246;1998;276137;237539;74.5;64.1
87;2021-08-19;1223;1798;277360;239337;74.8;64.6
87;2021-08-20;917;2207;278277;241544;75.1;65.1
87;2021-08-21;318;966;278595;242510;75.1;65.4
87;2021-08-22;92;235;278687;242745;75.2;65.5
87;2021-08-23;746;2393;279433;245138;75.4;66.1
87;2021-08-24;765;2135;280198;247273;75.6;66.7
87;2021-08-25;710;2062;280908;249335;75.8;67.2
87;2021-08-26;860;2156;281768;251491;76.0;67.8
87;2021-08-27;790;2668;282558;254159;76.2;68.5
87;2021-08-28;332;1301;282890;255460;76.3;68.9
87;2021-08-29;65;244;282955;255704;76.3;69.0
87;2021-08-30;472;2198;283427;257902;76.4;69.6
87;2021-08-31;608;1902;284035;259804;76.6;70.1
87;2021-09-01;750;2351;284785;262155;76.8;70.7
87;2021-09-02;557;2137;285342;264292;77.0;71.3
87;2021-09-03;650;2150;285992;266442;77.1;71.9
87;2021-09-04;277;1065;286269;267507;77.2;72.1
87;2021-09-05;9;6;286278;267513;77.2;72.1
87;2021-09-06;396;1601;286674;269114;77.3;72.6
87;2021-09-07;386;1241;287060;270355;77.4;72.9
87;2021-09-08;460;1467;287520;271822;77.5;73.3
87;2021-09-09;326;965;287846;272787;77.6;73.6
87;2021-09-10;466;1378;288312;274165;77.8;73.9
87;2021-09-11;320;894;288632;275059;77.8;74.2
87;2021-09-12;3;13;288635;275072;77.8;74.2
87;2021-09-13;313;764;288948;275836;77.9;74.4
87;2021-09-14;287;619;289235;276455;78.0;74.6
87;2021-09-15;368;964;289603;277419;78.1;74.8
87;2021-09-16;348;789;289951;278208;78.2;75.0
87;2021-09-17;408;885;290359;279093;78.3;75.3
87;2021-09-18;286;728;290645;279821;78.4;75.5
87;2021-09-19;4;14;290649;279835;78.4;75.5
87;2021-09-20;204;465;290853;280300;78.4;75.6
87;2021-09-21;262;508;291115;280808;78.5;75.7
87;2021-09-22;235;758;291350;281566;78.6;75.9
87;2021-09-23;218;529;291568;282095;78.6;76.1
87;2021-09-24;293;740;291861;282835;78.7;76.3
87;2021-09-25;167;511;292028;283346;78.8;76.4
87;2021-09-26;2;5;292030;283351;78.8;76.4
87;2021-09-27;195;402;292225;283753;78.8;76.5
87;2021-09-28;204;322;292429;284075;78.9;76.6
87;2021-09-29;173;400;292602;284475;78.9;76.7
87;2021-09-30;140;268;292742;284743;79.0;76.8
87;2021-10-01;205;513;292947;285256;79.0;76.9
87;2021-10-02;156;399;293103;285655;79.1;77.0
87;2021-10-03;3;3;293106;285658;79.1;77.0
87;2021-10-04;157;290;293263;285948;79.1;77.1
87;2021-10-05;112;212;293375;286160;79.1;77.2
87;2021-10-06;197;413;293572;286573;79.2;77.3
87;2021-10-07;110;259;293682;286832;79.2;77.4
87;2021-10-08;228;476;293910;287308;79.3;77.5
87;2021-10-09;177;356;294087;287664;79.3;77.6
87;2021-10-10;4;4;294091;287668;79.3;77.6
87;2021-10-11;135;267;294226;287935;79.4;77.7
87;2021-10-12;105;215;294331;288150;79.4;77.7
88;2020-12-27;0;0;0;0;0.0;0.0
88;2020-12-28;0;0;0;0;0.0;0.0
88;2020-12-29;0;0;0;0;0.0;0.0
88;2020-12-30;0;0;0;0;0.0;0.0
88;2020-12-31;0;0;0;0;0.0;0.0
88;2021-01-01;2;0;2;0;0.0;0.0
88;2021-01-02;0;0;2;0;0.0;0.0
88;2021-01-03;0;0;2;0;0.0;0.0
88;2021-01-04;0;0;2;0;0.0;0.0
88;2021-01-05;1;0;3;0;0.0;0.0
88;2021-01-06;3;0;6;0;0.0;0.0
88;2021-01-07;71;1;77;1;0.0;0.0
88;2021-01-08;189;2;266;3;0.1;0.0
88;2021-01-09;190;3;456;6;0.1;0.0
88;2021-01-10;0;0;456;6;0.1;0.0
88;2021-01-11;227;0;683;6;0.2;0.0
88;2021-01-12;422;0;1105;6;0.3;0.0
88;2021-01-13;491;2;1596;8;0.4;0.0
88;2021-01-14;347;3;1943;11;0.5;0.0
88;2021-01-15;380;3;2323;14;0.6;0.0
88;2021-01-16;62;0;2385;14;0.7;0.0
88;2021-01-17;1;0;2386;14;0.7;0.0
88;2021-01-18;461;0;2847;14;0.8;0.0
88;2021-01-19;451;0;3298;14;0.9;0.0
88;2021-01-20;462;1;3760;15;1.0;0.0
88;2021-01-21;1547;6;5307;21;1.5;0.0
88;2021-01-22;1182;2;6489;23;1.8;0.0
88;2021-01-23;285;0;6774;23;1.9;0.0
88;2021-01-24;298;2;7072;25;2.0;0.0
88;2021-01-25;937;4;8009;29;2.2;0.0
88;2021-01-26;388;5;8397;34;2.3;0.0
88;2021-01-27;4;0;8401;34;2.3;0.0
88;2021-01-28;162;38;8563;72;2.4;0.0
88;2021-01-29;527;160;9090;232;2.5;0.1
88;2021-01-30;288;128;9378;360;2.6;0.1
88;2021-01-31;0;0;9378;360;2.6;0.1
88;2021-02-01;406;281;9784;641;2.7;0.2
88;2021-02-02;333;363;10117;1004;2.8;0.3
88;2021-02-03;437;241;10554;1245;2.9;0.3
88;2021-02-04;315;229;10869;1474;3.0;0.4
88;2021-02-05;457;252;11326;1726;3.2;0.5
88;2021-02-06;110;56;11436;1782;3.2;0.5
88;2021-02-07;0;0;11436;1782;3.2;0.5
88;2021-02-08;360;203;11796;1985;3.3;0.6
88;2021-02-09;291;288;12087;2273;3.4;0.6
88;2021-02-10;416;344;12503;2617;3.5;0.7
88;2021-02-11;850;1094;13353;3711;3.7;1.0
88;2021-02-12;939;707;14292;4418;4.0;1.2
88;2021-02-13;162;211;14454;4629;4.0;1.3
88;2021-02-14;81;216;14535;4845;4.0;1.3
88;2021-02-15;639;1076;15174;5921;4.2;1.6
88;2021-02-16;472;723;15646;6644;4.4;1.8
88;2021-02-17;455;437;16101;7081;4.5;2.0
88;2021-02-18;516;385;16617;7466;4.6;2.1
88;2021-02-19;536;462;17153;7928;4.8;2.2
88;2021-02-20;156;101;17309;8029;4.8;2.2
88;2021-02-21;1;25;17310;8054;4.8;2.2
88;2021-02-22;425;342;17735;8396;4.9;2.3
88;2021-02-23;403;233;18138;8629;5.0;2.4
88;2021-02-24;505;210;18643;8839;5.2;2.5
88;2021-02-25;674;286;19317;9125;5.4;2.5
88;2021-02-26;863;277;20180;9402;5.6;2.6
88;2021-02-27;269;34;20449;9436;5.7;2.6
88;2021-02-28;30;1;20479;9437;5.7;2.6
88;2021-03-01;358;463;20837;9900;5.8;2.8
88;2021-03-02;431;498;21268;10398;5.9;2.9
88;2021-03-03;650;466;21918;10864;6.1;3.0
88;2021-03-04;1045;768;22963;11632;6.4;3.2
88;2021-03-05;933;706;23896;12338;6.6;3.4
88;2021-03-06;1873;119;25769;12457;7.2;3.5
88;2021-03-07;1060;82;26829;12539;7.5;3.5
88;2021-03-08;726;692;27555;13231;7.7;3.7
88;2021-03-09;1095;541;28650;13772;8.0;3.8
88;2021-03-10;1083;498;29733;14270;8.3;4.0
88;2021-03-11;1441;404;31174;14674;8.7;4.1
88;2021-03-12;1309;490;32483;15164;9.0;4.2
88;2021-03-13;1210;131;33693;15295;9.4;4.3
88;2021-03-14;166;5;33859;15300;9.4;4.3
88;2021-03-15;928;447;34787;15747;9.7;4.4
88;2021-03-16;1023;345;35810;16092;10.0;4.5
88;2021-03-17;905;425;36715;16517;10.2;4.6
88;2021-03-18;1303;405;38018;16922;10.6;4.7
88;2021-03-19;1466;508;39484;17430;11.0;4.8
88;2021-03-20;1319;57;40803;17487;11.3;4.9
88;2021-03-21;37;0;40840;17487;11.4;4.9
88;2021-03-22;1233;546;42073;18033;11.7;5.0
88;2021-03-23;1780;448;43853;18481;12.2;5.1
88;2021-03-24;1877;474;45730;18955;12.7;5.3
88;2021-03-25;2497;497;48227;19452;13.4;5.4
88;2021-03-26;2480;463;50707;19915;14.1;5.5
88;2021-03-27;884;301;51591;20216;14.3;5.6
88;2021-03-28;61;4;51652;20220;14.4;5.6
88;2021-03-29;1305;449;52957;20669;14.7;5.7
88;2021-03-30;2062;395;55019;21064;15.3;5.9
88;2021-03-31;1619;578;56638;21642;15.8;6.0
88;2021-04-01;2117;721;58755;22363;16.3;6.2
88;2021-04-02;2812;648;61567;23011;17.1;6.4
88;2021-04-03;745;215;62312;23226;17.3;6.5
88;2021-04-04;16;1;62328;23227;17.3;6.5
88;2021-04-05;23;2;62351;23229;17.3;6.5
88;2021-04-06;1140;680;63491;23909;17.7;6.7
88;2021-04-07;1601;715;65092;24624;18.1;6.8
88;2021-04-08;1857;792;66949;25416;18.6;7.1
88;2021-04-09;3079;744;70028;26160;19.5;7.3
88;2021-04-10;724;650;70752;26810;19.7;7.5
88;2021-04-11;33;1;70785;26811;19.7;7.5
88;2021-04-12;1537;989;72322;27800;20.1;7.7
88;2021-04-13;2035;1092;74357;28892;20.7;8.0
88;2021-04-14;1910;952;76267;29844;21.2;8.3
88;2021-04-15;1967;1246;78234;31090;21.8;8.6
88;2021-04-16;2109;1050;80343;32140;22.3;8.9
88;2021-04-17;1430;766;81773;32906;22.7;9.2
88;2021-04-18;268;23;82041;32929;22.8;9.2
88;2021-04-19;1172;1239;83213;34168;23.1;9.5
88;2021-04-20;1190;1398;84403;35566;23.5;9.9
88;2021-04-21;1503;1300;85906;36866;23.9;10.3
88;2021-04-22;1900;1637;87806;38503;24.4;10.7
88;2021-04-23;1825;2047;89631;40550;24.9;11.3
88;2021-04-24;1184;788;90815;41338;25.3;11.5
88;2021-04-25;34;2;90849;41340;25.3;11.5
88;2021-04-26;1182;1176;92031;42516;25.6;11.8
88;2021-04-27;1277;1737;93308;44253;26.0;12.3
88;2021-04-28;1634;1498;94942;45751;26.4;12.7
88;2021-04-29;2082;1468;97024;47219;27.0;13.1
88;2021-04-30;2450;1634;99474;48853;27.7;13.6
88;2021-05-01;2008;290;101482;49143;28.2;13.7
88;2021-05-02;1301;120;102783;49263;28.6;13.7
88;2021-05-03;1559;1218;104342;50481;29.0;14.0
88;2021-05-04;1444;1469;105786;51950;29.4;14.4
88;2021-05-05;2426;1599;108212;53549;30.1;14.9
88;2021-05-06;3211;1214;111423;54763;31.0;15.2
88;2021-05-07;2938;1359;114361;56122;31.8;15.6
88;2021-05-08;1532;470;115893;56592;32.2;15.7
88;2021-05-09;1734;163;117627;56755;32.7;15.8
88;2021-05-10;1763;1571;119390;58326;33.2;16.2
88;2021-05-11;2655;1914;122045;60240;33.9;16.8
88;2021-05-12;2532;1853;124577;62093;34.7;17.3
88;2021-05-13;3258;683;127835;62776;35.6;17.5
88;2021-05-14;2500;1545;130335;64321;36.3;17.9
88;2021-05-15;1624;744;131959;65065;36.7;18.1
88;2021-05-16;1332;104;133291;65169;37.1;18.1
88;2021-05-17;1987;946;135278;66115;37.6;18.4
88;2021-05-18;2255;1117;137533;67232;38.3;18.7
88;2021-05-19;2721;1150;140254;68382;39.0;19.0
88;2021-05-20;3348;1239;143602;69621;39.9;19.4
88;2021-05-21;2875;1151;146477;70772;40.7;19.7
88;2021-05-22;1431;713;147908;71485;41.1;19.9
88;2021-05-23;558;74;148466;71559;41.3;19.9
88;2021-05-24;1675;435;150141;71994;41.8;20.0
88;2021-05-25;1646;1175;151787;73169;42.2;20.4
88;2021-05-26;2368;1140;154155;74309;42.9;20.7
88;2021-05-27;2200;1363;156355;75672;43.5;21.0
88;2021-05-28;1891;1988;158246;77660;44.0;21.6
88;2021-05-29;1230;1755;159476;79415;44.4;22.1
88;2021-05-30;587;418;160063;79833;44.5;22.2
88;2021-05-31;1327;1852;161390;81685;44.9;22.7
88;2021-06-01;1720;1986;163110;83671;45.4;23.3
88;2021-06-02;2076;1871;165186;85542;45.9;23.8
88;2021-06-03;2738;1622;167924;87164;46.7;24.2
88;2021-06-04;2042;1935;169966;89099;47.3;24.8
88;2021-06-05;1531;1139;171497;90238;47.7;25.1
88;2021-06-06;692;156;172189;90394;47.9;25.1
88;2021-06-07;1290;1710;173479;92104;48.3;25.6
88;2021-06-08;1666;1935;175145;94039;48.7;26.2
88;2021-06-09;1619;1911;176764;95950;49.2;26.7
88;2021-06-10;1781;2049;178545;97999;49.7;27.3
88;2021-06-11;1549;2218;180094;100217;50.1;27.9
88;2021-06-12;669;1657;180763;101874;50.3;28.3
88;2021-06-13;464;377;181227;102251;50.4;28.4
88;2021-06-14;1030;2251;182257;104502;50.7;29.1
88;2021-06-15;1928;2458;184185;106960;51.2;29.8
88;2021-06-16;1486;2873;185671;109833;51.6;30.5
88;2021-06-17;1601;2733;187272;112566;52.1;31.3
88;2021-06-18;1355;2461;188627;115027;52.5;32.0
88;2021-06-19;701;1090;189328;116117;52.7;32.3
88;2021-06-20;78;79;189406;116196;52.7;32.3
88;2021-06-21;672;2579;190078;118775;52.9;33.0
88;2021-06-22;869;3433;190947;122208;53.1;34.0
88;2021-06-23;1144;2877;192091;125085;53.4;34.8
88;2021-06-24;702;2604;192793;127689;53.6;35.5
88;2021-06-25;1436;3180;194229;130869;54.0;36.4
88;2021-06-26;903;2073;195132;132942;54.3;37.0
88;2021-06-27;543;635;195675;133577;54.4;37.2
88;2021-06-28;758;2515;196433;136092;54.6;37.9
88;2021-06-29;960;3353;197393;139445;54.9;38.8
88;2021-06-30;1137;3116;198530;142561;55.2;39.7
88;2021-07-01;1056;2686;199586;145247;55.5;40.4
88;2021-07-02;992;3150;200578;148397;55.8;41.3
88;2021-07-03;692;1699;201270;150096;56.0;41.7
88;2021-07-04;258;815;201528;150911;56.1;42.0
88;2021-07-05;993;2021;202521;152932;56.3;42.5
88;2021-07-06;1022;2416;203543;155348;56.6;43.2
88;2021-07-07;1177;2586;204720;157934;56.9;43.9
88;2021-07-08;1082;2063;205802;159997;57.2;44.5
88;2021-07-09;1583;2708;207385;162705;57.7;45.3
88;2021-07-10;721;1820;208106;164525;57.9;45.8
88;2021-07-11;468;696;208574;165221;58.0;46.0
88;2021-07-12;1056;2520;209630;167741;58.3;46.7
88;2021-07-13;1313;2655;210943;170396;58.7;47.4
88;2021-07-14;1207;802;212150;171198;59.0;47.6
88;2021-07-15;1744;3312;213894;174510;59.5;48.5
88;2021-07-16;1469;2964;215363;177474;59.9;49.4
88;2021-07-17;802;1587;216165;179061;60.1;49.8
88;2021-07-18;180;679;216345;179740;60.2;50.0
88;2021-07-19;1563;2232;217908;181972;60.6;50.6
88;2021-07-20;2144;2385;220052;184357;61.2;51.3
88;2021-07-21;1939;2218;221991;186575;61.7;51.9
88;2021-07-22;1699;2108;223690;188683;62.2;52.5
88;2021-07-23;2508;2784;226198;191467;62.9;53.3
88;2021-07-24;1059;1187;227257;192654;63.2;53.6
88;2021-07-25;432;608;227689;193262;63.3;53.8
88;2021-07-26;1715;2076;229404;195338;63.8;54.3
88;2021-07-27;2351;2061;231755;197399;64.5;54.9
88;2021-07-28;2210;2250;233965;199649;65.1;55.5
88;2021-07-29;3033;1636;236998;201285;65.9;56.0
88;2021-07-30;2272;2297;239270;203582;66.6;56.6
88;2021-07-31;1105;1037;240375;204619;66.9;56.9
88;2021-08-01;450;461;240825;205080;67.0;57.0
88;2021-08-02;2376;1770;243201;206850;67.6;57.5
88;2021-08-03;2875;1592;246076;208442;68.4;58.0
88;2021-08-04;2520;1529;248596;209971;69.1;58.4
88;2021-08-05;1994;1378;250590;211349;69.7;58.8
88;2021-08-06;2948;2010;253538;213359;70.5;59.3
88;2021-08-07;1176;912;254714;214271;70.8;59.6
88;2021-08-08;751;319;255465;214590;71.1;59.7
88;2021-08-09;1551;1650;257016;216240;71.5;60.1
88;2021-08-10;1941;2041;258957;218281;72.0;60.7
88;2021-08-11;1871;1759;260828;220040;72.5;61.2
88;2021-08-12;1670;1349;262498;221389;73.0;61.6
88;2021-08-13;1952;2137;264450;223526;73.6;62.2
88;2021-08-14;580;912;265030;224438;73.7;62.4
88;2021-08-15;337;520;265367;224958;73.8;62.6
88;2021-08-16;1149;1988;266516;226946;74.1;63.1
88;2021-08-17;1267;2058;267783;229004;74.5;63.7
88;2021-08-18;1209;1925;268992;230929;74.8;64.2
88;2021-08-19;1042;1582;270034;232511;75.1;64.7
88;2021-08-20;1020;2330;271054;234841;75.4;65.3
88;2021-08-21;405;1144;271459;235985;75.5;65.6
88;2021-08-22;100;479;271559;236464;75.5;65.8
88;2021-08-23;734;1640;272293;238104;75.7;66.2
88;2021-08-24;918;1973;273211;240077;76.0;66.8
88;2021-08-25;891;2459;274102;242536;76.2;67.5
88;2021-08-26;868;2049;274970;244585;76.5;68.0
88;2021-08-27;844;2711;275814;247296;76.7;68.8
88;2021-08-28;491;1351;276305;248647;76.9;69.2
88;2021-08-29;130;693;276435;249340;76.9;69.4
88;2021-08-30;698;2342;277133;251682;77.1;70.0
88;2021-08-31;782;2330;277915;254012;77.3;70.7
88;2021-09-01;686;1991;278601;256003;77.5;71.2
88;2021-09-02;666;1603;279267;257606;77.7;71.7
88;2021-09-03;728;2106;279995;259712;77.9;72.2
88;2021-09-04;429;1104;280424;260816;78.0;72.5
88;2021-09-05;188;370;280612;261186;78.1;72.6
88;2021-09-06;505;1208;281117;262394;78.2;73.0
88;2021-09-07;566;1225;281683;263619;78.3;73.3
88;2021-09-08;459;1330;282142;264949;78.5;73.7
88;2021-09-09;540;769;282682;265718;78.6;73.9
88;2021-09-10;592;1342;283274;267060;78.8;74.3
88;2021-09-11;349;781;283623;267841;78.9;74.5
88;2021-09-12;71;125;283694;267966;78.9;74.5
88;2021-09-13;429;701;284123;268667;79.0;74.7
88;2021-09-14;555;722;284678;269389;79.2;74.9
88;2021-09-15;428;970;285106;270359;79.3;75.2
88;2021-09-16;255;536;285361;270895;79.4;75.3
88;2021-09-17;434;1026;285795;271921;79.5;75.6
88;2021-09-18;237;680;286032;272601;79.6;75.8
88;2021-09-19;52;164;286084;272765;79.6;75.9
88;2021-09-20;222;565;286306;273330;79.6;76.0
88;2021-09-21;208;598;286514;273928;79.7;76.2
88;2021-09-22;206;780;286720;274708;79.8;76.4
88;2021-09-23;287;626;287007;275334;79.8;76.6
88;2021-09-24;280;802;287287;276136;79.9;76.8
88;2021-09-25;131;564;287418;276700;79.9;77.0
88;2021-09-26;18;159;287436;276859;79.9;77.0
88;2021-09-27;165;457;287601;277316;80.0;77.1
88;2021-09-28;175;523;287776;277839;80.0;77.3
88;2021-09-29;174;504;287950;278343;80.1;77.4
88;2021-09-30;127;459;288077;278802;80.1;77.5
88;2021-10-01;207;672;288284;279474;80.2;77.7
88;2021-10-02;129;359;288413;279833;80.2;77.8
88;2021-10-03;22;80;288435;279913;80.2;77.9
88;2021-10-04;137;467;288572;280380;80.3;78.0
88;2021-10-05;178;581;288750;280961;80.3;78.1
88;2021-10-06;198;398;288948;281359;80.4;78.3
88;2021-10-07;61;209;289009;281568;80.4;78.3
88;2021-10-08;266;630;289275;282198;80.5;78.5
88;2021-10-09;118;241;289393;282439;80.5;78.6
88;2021-10-10;19;46;289412;282485;80.5;78.6
88;2021-10-11;88;225;289500;282710;80.5;78.6
88;2021-10-12;148;258;289648;282968;80.6;78.7
89;2020-12-27;0;0;0;0;0.0;0.0
89;2020-12-28;2;1;2;1;0.0;0.0
89;2020-12-29;0;0;2;1;0.0;0.0
89;2020-12-30;0;0;2;1;0.0;0.0
89;2020-12-31;0;0;2;1;0.0;0.0
89;2021-01-01;0;0;2;1;0.0;0.0
89;2021-01-02;0;0;2;1;0.0;0.0
89;2021-01-03;0;0;2;1;0.0;0.0
89;2021-01-04;0;0;2;1;0.0;0.0
89;2021-01-05;0;0;2;1;0.0;0.0
89;2021-01-06;48;0;50;1;0.0;0.0
89;2021-01-07;201;0;251;1;0.1;0.0
89;2021-01-08;48;0;299;1;0.1;0.0
89;2021-01-09;1;0;300;1;0.1;0.0
89;2021-01-10;0;0;300;1;0.1;0.0
89;2021-01-11;221;0;521;1;0.2;0.0
89;2021-01-12;349;0;870;1;0.3;0.0
89;2021-01-13;535;3;1405;4;0.4;0.0
89;2021-01-14;711;8;2116;12;0.6;0.0
89;2021-01-15;278;2;2394;14;0.7;0.0
89;2021-01-16;90;4;2484;18;0.7;0.0
89;2021-01-17;0;0;2484;18;0.7;0.0
89;2021-01-18;503;1;2987;19;0.9;0.0
89;2021-01-19;841;4;3828;23;1.2;0.0
89;2021-01-20;762;0;4590;23;1.4;0.0
89;2021-01-21;939;4;5529;27;1.7;0.0
89;2021-01-22;1020;1;6549;28;2.0;0.0
89;2021-01-23;200;0;6749;28;2.0;0.0
89;2021-01-24;107;1;6856;29;2.1;0.0
89;2021-01-25;483;4;7339;33;2.2;0.0
89;2021-01-26;582;14;7921;47;2.4;0.0
89;2021-01-27;473;38;8394;85;2.5;0.0
89;2021-01-28;551;127;8945;212;2.7;0.1
89;2021-01-29;959;43;9904;255;3.0;0.1
89;2021-01-30;184;67;10088;322;3.0;0.1
89;2021-01-31;24;2;10112;324;3.0;0.1
89;2021-02-01;255;152;10367;476;3.1;0.1
89;2021-02-02;283;333;10650;809;3.2;0.2
89;2021-02-03;292;344;10942;1153;3.3;0.3
89;2021-02-04;434;593;11376;1746;3.4;0.5
89;2021-02-05;387;204;11763;1950;3.5;0.6
89;2021-02-06;77;66;11840;2016;3.6;0.6
89;2021-02-07;0;0;11840;2016;3.6;0.6
89;2021-02-08;287;188;12127;2204;3.7;0.7
89;2021-02-09;284;441;12411;2645;3.7;0.8
89;2021-02-10;396;313;12807;2958;3.9;0.9
89;2021-02-11;332;548;13139;3506;4.0;1.1
89;2021-02-12;434;599;13573;4105;4.1;1.2
89;2021-02-13;51;130;13624;4235;4.1;1.3
89;2021-02-14;21;116;13645;4351;4.1;1.3
89;2021-02-15;217;403;13862;4754;4.2;1.4
89;2021-02-16;134;534;13996;5288;4.2;1.6
89;2021-02-17;263;438;14259;5726;4.3;1.7
89;2021-02-18;225;544;14484;6270;4.4;1.9
89;2021-02-19;246;652;14730;6922;4.4;2.1
89;2021-02-20;33;140;14763;7062;4.4;2.1
89;2021-02-21;0;10;14763;7072;4.4;2.1
89;2021-02-22;233;451;14996;7523;4.5;2.3
89;2021-02-23;170;490;15166;8013;4.6;2.4
89;2021-02-24;344;389;15510;8402;4.7;2.5
89;2021-02-25;370;464;15880;8866;4.8;2.7
89;2021-02-26;385;338;16265;9204;4.9;2.8
89;2021-02-27;138;82;16403;9286;4.9;2.8
89;2021-02-28;6;13;16409;9299;4.9;2.8
89;2021-03-01;541;237;16950;9536;5.1;2.9
89;2021-03-02;755;356;17705;9892;5.3;3.0
89;2021-03-03;647;277;18352;10169;5.5;3.1
89;2021-03-04;633;380;18985;10549;5.7;3.2
89;2021-03-05;728;506;19713;11055;5.9;3.3
89;2021-03-06;549;135;20262;11190;6.1;3.4
89;2021-03-07;288;40;20550;11230;6.2;3.4
89;2021-03-08;560;330;21110;11560;6.4;3.5
89;2021-03-09;1003;278;22113;11838;6.7;3.6
89;2021-03-10;984;257;23097;12095;7.0;3.6
89;2021-03-11;1077;304;24174;12399;7.3;3.7
89;2021-03-12;1280;338;25454;12737;7.7;3.8
89;2021-03-13;637;45;26091;12782;7.9;3.8
89;2021-03-14;1;0;26092;12782;7.9;3.8
89;2021-03-15;816;317;26908;13099;8.1;3.9
89;2021-03-16;948;229;27856;13328;8.4;4.0
89;2021-03-17;920;273;28776;13601;8.7;4.1
89;2021-03-18;885;258;29661;13859;8.9;4.2
89;2021-03-19;1149;197;30810;14056;9.3;4.2
89;2021-03-20;844;33;31654;14089;9.5;4.2
89;2021-03-21;173;6;31827;14095;9.6;4.2
89;2021-03-22;1044;227;32871;14322;9.9;4.3
89;2021-03-23;1744;263;34615;14585;10.4;4.4
89;2021-03-24;1968;333;36583;14918;11.0;4.5
89;2021-03-25;1821;175;38404;15093;11.6;4.5
89;2021-03-26;2628;190;41032;15283;12.4;4.6
89;2021-03-27;1775;52;42807;15335;12.9;4.6
89;2021-03-28;32;3;42839;15338;12.9;4.6
89;2021-03-29;965;579;43804;15917;13.2;4.8
89;2021-03-30;1156;574;44960;16491;13.5;5.0
89;2021-03-31;2004;474;46964;16965;14.1;5.1
89;2021-04-01;2120;463;49084;17428;14.8;5.2
89;2021-04-02;2140;450;51224;17878;15.4;5.4
89;2021-04-03;1004;243;52228;18121;15.7;5.5
89;2021-04-04;16;1;52244;18122;15.7;5.5
89;2021-04-05;92;4;52336;18126;15.8;5.5
89;2021-04-06;1034;758;53370;18884;16.1;5.7
89;2021-04-07;1027;806;54397;19690;16.4;5.9
89;2021-04-08;1731;728;56128;20418;16.9;6.1
89;2021-04-09;2164;773;58292;21191;17.6;6.4
89;2021-04-10;891;180;59183;21371;17.8;6.4
89;2021-04-11;38;51;59221;21422;17.8;6.5
89;2021-04-12;1010;795;60231;22217;18.1;6.7
89;2021-04-13;1356;1082;61587;23299;18.5;7.0
89;2021-04-14;1214;1040;62801;24339;18.9;7.3
89;2021-04-15;1412;948;64213;25287;19.3;7.6
89;2021-04-16;1330;941;65543;26228;19.7;7.9
89;2021-04-17;1070;456;66613;26684;20.1;8.0
89;2021-04-18;27;154;66640;26838;20.1;8.1
89;2021-04-19;748;1040;67388;27878;20.3;8.4
89;2021-04-20;1016;1535;68404;29413;20.6;8.9
89;2021-04-21;814;1107;69218;30520;20.8;9.2
89;2021-04-22;1107;1169;70325;31689;21.2;9.5
89;2021-04-23;1820;1966;72145;33655;21.7;10.1
89;2021-04-24;1173;1175;73318;34830;22.1;10.5
89;2021-04-25;139;6;73457;34836;22.1;10.5
89;2021-04-26;1503;778;74960;35614;22.6;10.7
89;2021-04-27;1733;1054;76693;36668;23.1;11.0
89;2021-04-28;1599;1856;78292;38524;23.6;11.6
89;2021-04-29;1970;1932;80262;40456;24.2;12.2
89;2021-04-30;1803;1770;82065;42226;24.7;12.7
89;2021-05-01;846;722;82911;42948;25.0;12.9
89;2021-05-02;134;31;83045;42979;25.0;12.9
89;2021-05-03;1606;766;84651;43745;25.5;13.2
89;2021-05-04;1617;1131;86268;44876;26.0;13.5
89;2021-05-05;2319;1267;88587;46143;26.7;13.9
89;2021-05-06;2411;1381;90998;47524;27.4;14.3
89;2021-05-07;2718;1318;93716;48842;28.2;14.7
89;2021-05-08;1786;535;95502;49377;28.8;14.9
89;2021-05-09;196;19;95698;49396;28.8;14.9
89;2021-05-10;1202;963;96900;50359;29.2;15.2
89;2021-05-11;2491;1466;99391;51825;29.9;15.6
89;2021-05-12;2060;1217;101451;53042;30.5;16.0
89;2021-05-13;415;332;101866;53374;30.7;16.1
89;2021-05-14;1880;1095;103746;54469;31.2;16.4
89;2021-05-15;2247;394;105993;54863;31.9;16.5
89;2021-05-16;10;35;106003;54898;31.9;16.5
89;2021-05-17;2091;638;108094;55536;32.5;16.7
89;2021-05-18;2324;832;110418;56368;33.2;17.0
89;2021-05-19;2860;882;113278;57250;34.1;17.2
89;2021-05-20;2927;886;116205;58136;35.0;17.5
89;2021-05-21;2481;879;118686;59015;35.7;17.8
89;2021-05-22;1431;572;120117;59587;36.2;17.9
89;2021-05-23;108;10;120225;59597;36.2;17.9
89;2021-05-24;288;226;120513;59823;36.3;18.0
89;2021-05-25;1558;982;122071;60805;36.8;18.3
89;2021-05-26;1815;1024;123886;61829;37.3;18.6
89;2021-05-27;2117;1358;126003;63187;37.9;19.0
89;2021-05-28;2143;1422;128146;64609;38.6;19.5
89;2021-05-29;541;658;128687;65267;38.7;19.7
89;2021-05-30;25;22;128712;65289;38.8;19.7
89;2021-05-31;1248;972;129960;66261;39.1;20.0
89;2021-06-01;1505;981;131465;67242;39.6;20.2
89;2021-06-02;1946;1279;133411;68521;40.2;20.6
89;2021-06-03;2432;1523;135843;70044;40.9;21.1
89;2021-06-04;2140;1888;137983;71932;41.5;21.7
89;2021-06-05;1185;1224;139168;73156;41.9;22.0
89;2021-06-06;24;37;139192;73193;41.9;22.0
89;2021-06-07;2107;1452;141299;74645;42.5;22.5
89;2021-06-08;2196;1452;143495;76097;43.2;22.9
89;2021-06-09;2326;1510;145821;77607;43.9;23.4
89;2021-06-10;2794;1600;148615;79207;44.8;23.9
89;2021-06-11;1951;1750;150566;80957;45.3;24.4
89;2021-06-12;1103;759;151669;81716;45.7;24.6
89;2021-06-13;156;423;151825;82139;45.7;24.7
89;2021-06-14;1313;1825;153138;83964;46.1;25.3
89;2021-06-15;1404;2010;154542;85974;46.5;25.9
89;2021-06-16;1129;2582;155671;88556;46.9;26.7
89;2021-06-17;1434;2335;157105;90891;47.3;27.4
89;2021-06-18;1624;2878;158729;93769;47.8;28.2
89;2021-06-19;686;1660;159415;95429;48.0;28.7
89;2021-06-20;55;127;159470;95556;48.0;28.8
89;2021-06-21;758;1528;160228;97084;48.2;29.2
89;2021-06-22;1049;2679;161277;99763;48.6;30.0
89;2021-06-23;1157;1800;162434;101563;48.9;30.6
89;2021-06-24;1078;1498;163512;103061;49.2;31.0
89;2021-06-25;1008;2425;164520;105486;49.5;31.8
89;2021-06-26;560;2482;165080;107968;49.7;32.5
89;2021-06-27;14;28;165094;107996;49.7;32.5
89;2021-06-28;1033;2495;166127;110491;50.0;33.3
89;2021-06-29;691;2403;166818;112894;50.2;34.0
89;2021-06-30;1083;3181;167901;116075;50.6;35.0
89;2021-07-01;1026;2989;168927;119064;50.9;35.9
89;2021-07-02;1109;2753;170036;121817;51.2;36.7
89;2021-07-03;554;1575;170590;123392;51.4;37.2
89;2021-07-04;11;36;170601;123428;51.4;37.2
89;2021-07-05;1296;1839;171897;125267;51.8;37.7
89;2021-07-06;1057;2312;172954;127579;52.1;38.4
89;2021-07-07;682;1787;173636;129366;52.3;39.0
89;2021-07-08;805;1873;174441;131239;52.5;39.5
89;2021-07-09;1146;2606;175587;133845;52.9;40.3
89;2021-07-10;719;816;176306;134661;53.1;40.5
89;2021-07-11;26;39;176332;134700;53.1;40.6
89;2021-07-12;1427;1900;177759;136600;53.5;41.1
89;2021-07-13;2145;2746;179904;139346;54.2;42.0
89;2021-07-14;322;326;180226;139672;54.3;42.1
89;2021-07-15;2253;3156;182479;142828;54.9;43.0
89;2021-07-16;2391;2865;184870;145693;55.7;43.9
89;2021-07-17;1235;1229;186105;146922;56.0;44.2
89;2021-07-18;277;97;186382;147019;56.1;44.3
89;2021-07-19;1566;2812;187948;149831;56.6;45.1
89;2021-07-20;1929;3283;189877;153114;57.2;46.1
89;2021-07-21;2081;2725;191958;155839;57.8;46.9
89;2021-07-22;2481;2994;194439;158833;58.5;47.8
89;2021-07-23;2474;3105;196913;161938;59.3;48.8
89;2021-07-24;1241;1247;198154;163185;59.7;49.1
89;2021-07-25;69;185;198223;163370;59.7;49.2
89;2021-07-26;1719;2322;199942;165692;60.2;49.9
89;2021-07-27;2345;1911;202287;167603;60.9;50.5
89;2021-07-28;2538;1339;204825;168942;61.7;50.9
89;2021-07-29;2525;1620;207350;170562;62.4;51.4
89;2021-07-30;2679;1627;210029;172189;63.2;51.8
89;2021-07-31;1121;1073;211150;173262;63.6;52.2
89;2021-08-01;69;33;211219;173295;63.6;52.2
89;2021-08-02;1805;1289;213024;174584;64.1;52.6
89;2021-08-03;2502;1255;215526;175839;64.9;52.9
89;2021-08-04;1556;1641;217082;177480;65.4;53.4
89;2021-08-05;1576;1693;218658;179173;65.8;54.0
89;2021-08-06;2219;1651;220877;180824;66.5;54.4
89;2021-08-07;931;1098;221808;181922;66.8;54.8
89;2021-08-08;56;48;221864;181970;66.8;54.8
89;2021-08-09;1119;1175;222983;183145;67.1;55.1
89;2021-08-10;1832;1816;224815;184961;67.7;55.7
89;2021-08-11;1593;1585;226408;186546;68.2;56.2
89;2021-08-12;1452;1393;227860;187939;68.6;56.6
89;2021-08-13;1352;1955;229212;189894;69.0;57.2
89;2021-08-14;529;1024;229741;190918;69.2;57.5
89;2021-08-15;20;43;229761;190961;69.2;57.5
89;2021-08-16;1034;1969;230795;192930;69.5;58.1
89;2021-08-17;862;1573;231657;194503;69.8;58.6
89;2021-08-18;643;1898;232300;196401;69.9;59.1
89;2021-08-19;695;1389;232995;197790;70.2;59.6
89;2021-08-20;1155;2266;234150;200056;70.5;60.2
89;2021-08-21;297;1003;234447;201059;70.6;60.5
89;2021-08-22;32;34;234479;201093;70.6;60.6
89;2021-08-23;835;2252;235314;203345;70.9;61.2
89;2021-08-24;869;2366;236183;205711;71.1;61.9
89;2021-08-25;595;1429;236778;207140;71.3;62.4
89;2021-08-26;617;2053;237395;209193;71.5;63.0
89;2021-08-27;874;2265;238269;211458;71.7;63.7
89;2021-08-28;380;1303;238649;212761;71.9;64.1
89;2021-08-29;30;70;238679;212831;71.9;64.1
89;2021-08-30;664;2210;239343;215041;72.1;64.8
89;2021-08-31;610;1578;239953;216619;72.3;65.2
89;2021-09-01;613;1299;240566;217918;72.4;65.6
89;2021-09-02;466;1326;241032;219244;72.6;66.0
89;2021-09-03;635;1908;241667;221152;72.8;66.6
89;2021-09-04;513;947;242180;222099;72.9;66.9
89;2021-09-05;21;11;242201;222110;72.9;66.9
89;2021-09-06;467;1545;242668;223655;73.1;67.3
89;2021-09-07;399;914;243067;224569;73.2;67.6
89;2021-09-08;377;857;243444;225426;73.3;67.9
89;2021-09-09;282;832;243726;226258;73.4;68.1
89;2021-09-10;474;1382;244200;227640;73.5;68.5
89;2021-09-11;271;763;244471;228403;73.6;68.8
89;2021-09-12;11;38;244482;228441;73.6;68.8
89;2021-09-13;386;1069;244868;229510;73.7;69.1
89;2021-09-14;372;660;245240;230170;73.8;69.3
89;2021-09-15;238;699;245478;230869;73.9;69.5
89;2021-09-16;248;571;245726;231440;74.0;69.7
89;2021-09-17;497;1118;246223;232558;74.1;70.0
89;2021-09-18;179;744;246402;233302;74.2;70.3
89;2021-09-19;5;18;246407;233320;74.2;70.3
89;2021-09-20;248;726;246655;234046;74.3;70.5
89;2021-09-21;297;480;246952;234526;74.4;70.6
89;2021-09-22;198;578;247150;235104;74.4;70.8
89;2021-09-23;232;474;247382;235578;74.5;70.9
89;2021-09-24;303;871;247685;236449;74.6;71.2
89;2021-09-25;108;465;247793;236914;74.6;71.3
89;2021-09-26;3;19;247796;236933;74.6;71.3
89;2021-09-27;195;506;247991;237439;74.7;71.5
89;2021-09-28;240;410;248231;237849;74.7;71.6
89;2021-09-29;185;422;248416;238271;74.8;71.7
89;2021-09-30;168;620;248584;238891;74.9;71.9
89;2021-10-01;253;659;248837;239550;74.9;72.1
89;2021-10-02;120;479;248957;240029;75.0;72.3
89;2021-10-03;8;8;248965;240037;75.0;72.3
89;2021-10-04;121;545;249086;240582;75.0;72.4
89;2021-10-05;138;573;249224;241155;75.0;72.6
89;2021-10-06;228;590;249452;241745;75.1;72.8
89;2021-10-07;88;338;249540;242083;75.1;72.9
89;2021-10-08;234;730;249774;242813;75.2;73.1
89;2021-10-09;111;280;249885;243093;75.2;73.2
89;2021-10-10;0;11;249885;243104;75.2;73.2
89;2021-10-11;125;318;250010;243422;75.3;73.3
89;2021-10-12;100;268;250110;243690;75.3;73.4
90;2020-12-27;0;0;0;0;0.0;0.0
90;2020-12-28;0;0;0;0;0.0;0.0
90;2020-12-29;0;0;0;0;0.0;0.0
90;2020-12-30;1;0;1;0;0.0;0.0
90;2020-12-31;0;0;1;0;0.0;0.0
90;2021-01-01;0;0;1;0;0.0;0.0
90;2021-01-02;1;0;2;0;0.0;0.0
90;2021-01-03;0;0;2;0;0.0;0.0
90;2021-01-04;2;0;4;0;0.0;0.0
90;2021-01-05;0;0;4;0;0.0;0.0
90;2021-01-06;0;0;4;0;0.0;0.0
90;2021-01-07;1;0;5;0;0.0;0.0
90;2021-01-08;170;0;175;0;0.1;0.0
90;2021-01-09;46;0;221;0;0.2;0.0
90;2021-01-10;0;0;221;0;0.2;0.0
90;2021-01-11;200;0;421;0;0.3;0.0
90;2021-01-12;431;1;852;1;0.6;0.0
90;2021-01-13;467;2;1319;3;0.9;0.0
90;2021-01-14;414;2;1733;5;1.2;0.0
90;2021-01-15;404;9;2137;14;1.5;0.0
90;2021-01-16;111;2;2248;16;1.6;0.0
90;2021-01-17;1;0;2249;16;1.6;0.0
90;2021-01-18;365;2;2614;18;1.9;0.0
90;2021-01-19;462;6;3076;24;2.2;0.0
90;2021-01-20;393;2;3469;26;2.5;0.0
90;2021-01-21;351;1;3820;27;2.7;0.0
90;2021-01-22;345;2;4165;29;3.0;0.0
90;2021-01-23;98;0;4263;29;3.0;0.0
90;2021-01-24;0;0;4263;29;3.0;0.0
90;2021-01-25;322;3;4585;32;3.3;0.0
90;2021-01-26;224;0;4809;32;3.4;0.0
90;2021-01-27;254;0;5063;32;3.6;0.0
90;2021-01-28;328;33;5391;65;3.8;0.0
90;2021-01-29;291;163;5682;228;4.1;0.2
90;2021-01-30;175;45;5857;273;4.2;0.2
90;2021-01-31;118;0;5975;273;4.3;0.2
90;2021-02-01;275;116;6250;389;4.5;0.3
90;2021-02-02;290;163;6540;552;4.7;0.4
90;2021-02-03;256;368;6796;920;4.8;0.7
90;2021-02-04;257;306;7053;1226;5.0;0.9
90;2021-02-05;266;271;7319;1497;5.2;1.1
90;2021-02-06;90;68;7409;1565;5.3;1.1
90;2021-02-07;0;0;7409;1565;5.3;1.1
90;2021-02-08;170;217;7579;1782;5.4;1.3
90;2021-02-09;139;166;7718;1948;5.5;1.4
90;2021-02-10;182;32;7900;1980;5.6;1.4
90;2021-02-11;229;109;8129;2089;5.8;1.5
90;2021-02-12;126;239;8255;2328;5.9;1.7
90;2021-02-13;96;46;8351;2374;6.0;1.7
90;2021-02-14;0;0;8351;2374;6.0;1.7
90;2021-02-15;113;280;8464;2654;6.0;1.9
90;2021-02-16;92;275;8556;2929;6.1;2.1
90;2021-02-17;178;204;8734;3133;6.2;2.2
90;2021-02-18;128;242;8862;3375;6.3;2.4
90;2021-02-19;64;271;8926;3646;6.4;2.6
90;2021-02-20;40;72;8966;3718;6.4;2.7
90;2021-02-21;0;0;8966;3718;6.4;2.7
90;2021-02-22;77;334;9043;4052;6.5;2.9
90;2021-02-23;40;258;9083;4310;6.5;3.1
90;2021-02-24;109;290;9192;4600;6.6;3.3
90;2021-02-25;89;314;9281;4914;6.6;3.5
90;2021-02-26;89;393;9370;5307;6.7;3.8
90;2021-02-27;140;175;9510;5482;6.8;3.9
90;2021-02-28;8;113;9518;5595;6.8;4.0
90;2021-03-01;211;231;9729;5826;6.9;4.2
90;2021-03-02;178;284;9907;6110;7.1;4.4
90;2021-03-03;239;355;10146;6465;7.2;4.6
90;2021-03-04;260;278;10406;6743;7.4;4.8
90;2021-03-05;359;271;10765;7014;7.7;5.0
90;2021-03-06;291;104;11056;7118;7.9;5.1
90;2021-03-07;18;1;11074;7119;7.9;5.1
90;2021-03-08;246;249;11320;7368;8.1;5.3
90;2021-03-09;430;167;11750;7535;8.4;5.4
90;2021-03-10;348;197;12098;7732;8.6;5.5
90;2021-03-11;347;120;12445;7852;8.9;5.6
90;2021-03-12;519;130;12964;7982;9.3;5.7
90;2021-03-13;539;49;13503;8031;9.6;5.7
90;2021-03-14;21;0;13524;8031;9.7;5.7
90;2021-03-15;388;118;13912;8149;9.9;5.8
90;2021-03-16;401;102;14313;8251;10.2;5.9
90;2021-03-17;323;76;14636;8327;10.4;5.9
90;2021-03-18;349;84;14985;8411;10.7;6.0
90;2021-03-19;468;79;15453;8490;11.0;6.1
90;2021-03-20;427;48;15880;8538;11.3;6.1
90;2021-03-21;7;1;15887;8539;11.3;6.1
90;2021-03-22;399;31;16286;8570;11.6;6.1
90;2021-03-23;740;79;17026;8649;12.1;6.2
90;2021-03-24;817;47;17843;8696;12.7;6.2
90;2021-03-25;949;79;18792;8775;13.4;6.3
90;2021-03-26;1226;62;20018;8837;14.3;6.3
90;2021-03-27;439;34;20457;8871;14.6;6.3
90;2021-03-28;34;0;20491;8871;14.6;6.3
90;2021-03-29;712;144;21203;9015;15.1;6.4
90;2021-03-30;675;156;21878;9171;15.6;6.5
90;2021-03-31;728;87;22606;9258;16.1;6.6
90;2021-04-01;602;123;23208;9381;16.6;6.7
90;2021-04-02;657;98;23865;9479;17.0;6.8
90;2021-04-03;370;41;24235;9520;17.3;6.8
90;2021-04-04;1;0;24236;9520;17.3;6.8
90;2021-04-05;0;0;24236;9520;17.3;6.8
90;2021-04-06;528;252;24764;9772;17.7;7.0
90;2021-04-07;485;268;25249;10040;18.0;7.2
90;2021-04-08;510;246;25759;10286;18.4;7.3
90;2021-04-09;751;268;26510;10554;18.9;7.5
90;2021-04-10;224;9;26734;10563;19.1;7.5
90;2021-04-11;7;0;26741;10563;19.1;7.5
90;2021-04-12;557;482;27298;11045;19.5;7.9
90;2021-04-13;632;531;27930;11576;19.9;8.3
90;2021-04-14;525;354;28455;11930;20.3;8.5
90;2021-04-15;905;293;29360;12223;20.9;8.7
90;2021-04-16;370;406;29730;12629;21.2;9.0
90;2021-04-17;189;129;29919;12758;21.3;9.1
90;2021-04-18;21;0;29940;12758;21.4;9.1
90;2021-04-19;435;573;30375;13331;21.7;9.5
90;2021-04-20;493;620;30868;13951;22.0;10.0
90;2021-04-21;353;498;31221;14449;22.3;10.3
90;2021-04-22;569;602;31790;15051;22.7;10.7
90;2021-04-23;504;743;32294;15794;23.0;11.3
90;2021-04-24;305;202;32599;15996;23.3;11.4
90;2021-04-25;1;0;32600;15996;23.3;11.4
90;2021-04-26;509;751;33109;16747;23.6;11.9
90;2021-04-27;640;683;33749;17430;24.1;12.4
90;2021-04-28;765;448;34514;17878;24.6;12.8
90;2021-04-29;1003;455;35517;18333;25.3;13.1
90;2021-04-30;1120;460;36637;18793;26.1;13.4
90;2021-05-01;60;42;36697;18835;26.2;13.4
90;2021-05-02;4;0;36701;18835;26.2;13.4
90;2021-05-03;903;286;37604;19121;26.8;13.6
90;2021-05-04;784;638;38388;19759;27.4;14.1
90;2021-05-05;891;504;39279;20263;28.0;14.5
90;2021-05-06;851;626;40130;20889;28.6;14.9
90;2021-05-07;440;507;40570;21396;28.9;15.3
90;2021-05-08;26;27;40596;21423;29.0;15.3
90;2021-05-09;5;33;40601;21456;29.0;15.3
90;2021-05-10;506;585;41107;22041;29.3;15.7
90;2021-05-11;778;638;41885;22679;29.9;16.2
90;2021-05-12;531;598;42416;23277;30.3;16.6
90;2021-05-13;1113;265;43529;23542;31.1;16.8
90;2021-05-14;865;403;44394;23945;31.7;17.1
90;2021-05-15;14;125;44408;24070;31.7;17.2
90;2021-05-16;2;7;44410;24077;31.7;17.2
90;2021-05-17;792;290;45202;24367;32.3;17.4
90;2021-05-18;1024;472;46226;24839;33.0;17.7
90;2021-05-19;1264;384;47490;25223;33.9;18.0
90;2021-05-20;1201;270;48691;25493;34.7;18.2
90;2021-05-21;1265;436;49956;25929;35.6;18.5
90;2021-05-22;9;131;49965;26060;35.7;18.6
90;2021-05-23;4;0;49969;26060;35.7;18.6
90;2021-05-24;368;265;50337;26325;35.9;18.8
90;2021-05-25;635;791;50972;27116;36.4;19.3
90;2021-05-26;630;569;51602;27685;36.8;19.8
90;2021-05-27;962;383;52564;28068;37.5;20.0
90;2021-05-28;668;827;53232;28895;38.0;20.6
90;2021-05-29;93;296;53325;29191;38.0;20.8
90;2021-05-30;4;1;53329;29192;38.1;20.8
90;2021-05-31;808;713;54137;29905;38.6;21.3
90;2021-06-01;969;739;55106;30644;39.3;21.9
90;2021-06-02;760;676;55866;31320;39.9;22.3
90;2021-06-03;758;744;56624;32064;40.4;22.9
90;2021-06-04;833;972;57457;33036;41.0;23.6
90;2021-06-05;54;427;57511;33463;41.0;23.9
90;2021-06-06;1;16;57512;33479;41.0;23.9
90;2021-06-07;1265;1081;58777;34560;41.9;24.7
90;2021-06-08;1482;939;60259;35499;43.0;25.3
90;2021-06-09;964;659;61223;36158;43.7;25.8
90;2021-06-10;627;498;61850;36656;44.1;26.2
90;2021-06-11;787;1126;62637;37782;44.7;27.0
90;2021-06-12;806;297;63443;38079;45.3;27.2
90;2021-06-13;10;12;63453;38091;45.3;27.2
90;2021-06-14;264;972;63717;39063;45.5;27.9
90;2021-06-15;566;882;64283;39945;45.9;28.5
90;2021-06-16;509;548;64792;40493;46.2;28.9
90;2021-06-17;443;638;65235;41131;46.5;29.3
90;2021-06-18;623;997;65858;42128;47.0;30.1
90;2021-06-19;450;171;66308;42299;47.3;30.2
90;2021-06-20;0;28;66308;42327;47.3;30.2
90;2021-06-21;256;1176;66564;43503;47.5;31.0
90;2021-06-22;384;950;66948;44453;47.8;31.7
90;2021-06-23;415;633;67363;45086;48.1;32.2
90;2021-06-24;319;602;67682;45688;48.3;32.6
90;2021-06-25;431;1270;68113;46958;48.6;33.5
90;2021-06-26;420;560;68533;47518;48.9;33.9
90;2021-06-27;2;6;68535;47524;48.9;33.9
90;2021-06-28;381;1298;68916;48822;49.2;34.8
90;2021-06-29;305;1305;69221;50127;49.4;35.8
90;2021-06-30;485;1227;69706;51354;49.7;36.6
90;2021-07-01;355;920;70061;52274;50.0;37.3
90;2021-07-02;506;1205;70567;53479;50.4;38.2
90;2021-07-03;53;129;70620;53608;50.4;38.3
90;2021-07-04;0;21;70620;53629;50.4;38.3
90;2021-07-05;400;1014;71020;54643;50.7;39.0
90;2021-07-06;514;970;71534;55613;51.0;39.7
90;2021-07-07;381;998;71915;56611;51.3;40.4
90;2021-07-08;304;607;72219;57218;51.5;40.8
90;2021-07-09;439;950;72658;58168;51.8;41.5
90;2021-07-10;32;91;72690;58259;51.9;41.6
90;2021-07-11;7;17;72697;58276;51.9;41.6
90;2021-07-12;246;1075;72943;59351;52.0;42.3
90;2021-07-13;476;1162;73419;60513;52.4;43.2
90;2021-07-14;4;9;73423;60522;52.4;43.2
90;2021-07-15;789;1455;74212;61977;53.0;44.2
90;2021-07-16;826;1681;75038;63658;53.5;45.4
90;2021-07-17;484;955;75522;64613;53.9;46.1
90;2021-07-18;4;2;75526;64615;53.9;46.1
90;2021-07-19;1186;1460;76712;66075;54.7;47.1
90;2021-07-20;1339;1135;78051;67210;55.7;48.0
90;2021-07-21;1395;983;79446;68193;56.7;48.7
90;2021-07-22;1127;697;80573;68890;57.5;49.2
90;2021-07-23;968;1020;81541;69910;58.2;49.9
90;2021-07-24;121;66;81662;69976;58.3;49.9
90;2021-07-25;2;1;81664;69977;58.3;49.9
90;2021-07-26;1074;801;82738;70778;59.0;50.5
90;2021-07-27;1081;746;83819;71524;59.8;51.0
90;2021-07-28;825;712;84644;72236;60.4;51.5
90;2021-07-29;843;441;85487;72677;61.0;51.9
90;2021-07-30;786;506;86273;73183;61.6;52.2
90;2021-07-31;484;313;86757;73496;61.9;52.4
90;2021-08-01;0;3;86757;73499;61.9;52.4
90;2021-08-02;850;510;87607;74009;62.5;52.8
90;2021-08-03;929;494;88536;74503;63.2;53.2
90;2021-08-04;1067;460;89603;74963;63.9;53.5
90;2021-08-05;521;223;90124;75186;64.3;53.6
90;2021-08-06;649;388;90773;75574;64.8;53.9
90;2021-08-07;37;63;90810;75637;64.8;54.0
90;2021-08-08;18;3;90828;75640;64.8;54.0
90;2021-08-09;730;947;91558;76587;65.3;54.6
90;2021-08-10;536;1152;92094;77739;65.7;55.5
90;2021-08-11;537;948;92631;78687;66.1;56.1
90;2021-08-12;449;820;93080;79507;66.4;56.7
90;2021-08-13;545;898;93625;80405;66.8;57.4
90;2021-08-14;30;98;93655;80503;66.8;57.4
90;2021-08-15;2;7;93657;80510;66.8;57.4
90;2021-08-16;451;632;94108;81142;67.2;57.9
90;2021-08-17;347;1167;94455;82309;67.4;58.7
90;2021-08-18;275;881;94730;83190;67.6;59.4
90;2021-08-19;248;627;94978;83817;67.8;59.8
90;2021-08-20;361;771;95339;84588;68.0;60.4
90;2021-08-21;32;71;95371;84659;68.1;60.4
90;2021-08-22;0;7;95371;84666;68.1;60.4
90;2021-08-23;320;489;95691;85155;68.3;60.8
90;2021-08-24;337;959;96028;86114;68.5;61.4
90;2021-08-25;254;915;96282;87029;68.7;62.1
90;2021-08-26;247;675;96529;87704;68.9;62.6
90;2021-08-27;279;737;96808;88441;69.1;63.1
90;2021-08-28;21;64;96829;88505;69.1;63.2
90;2021-08-29;3;6;96832;88511;69.1;63.2
90;2021-08-30;328;629;97160;89140;69.3;63.6
90;2021-08-31;281;1010;97441;90150;69.5;64.3
90;2021-09-01;268;677;97709;90827;69.7;64.8
90;2021-09-02;159;385;97868;91212;69.8;65.1
90;2021-09-03;222;517;98090;91729;70.0;65.5
90;2021-09-04;55;139;98145;91868;70.0;65.6
90;2021-09-05;10;23;98155;91891;70.0;65.6
90;2021-09-06;135;722;98290;92613;70.1;66.1
90;2021-09-07;220;570;98510;93183;70.3;66.5
90;2021-09-08;224;575;98734;93758;70.5;66.9
90;2021-09-09;189;257;98923;94015;70.6;67.1
90;2021-09-10;192;471;99115;94486;70.7;67.4
90;2021-09-11;12;4;99127;94490;70.7;67.4
90;2021-09-12;0;7;99127;94497;70.7;67.4
90;2021-09-13;211;371;99338;94868;70.9;67.7
90;2021-09-14;161;337;99499;95205;71.0;67.9
90;2021-09-15;187;392;99686;95597;71.1;68.2
90;2021-09-16;154;239;99840;95836;71.2;68.4
90;2021-09-17;185;340;100025;96176;71.4;68.6
90;2021-09-18;17;24;100042;96200;71.4;68.6
90;2021-09-19;7;4;100049;96204;71.4;68.6
90;2021-09-20;153;250;100202;96454;71.5;68.8
90;2021-09-21;105;248;100307;96702;71.6;69.0
90;2021-09-22;105;353;100412;97055;71.6;69.3
90;2021-09-23;80;138;100492;97193;71.7;69.4
90;2021-09-24;102;285;100594;97478;71.8;69.6
90;2021-09-25;16;31;100610;97509;71.8;69.6
90;2021-09-26;0;7;100610;97516;71.8;69.6
90;2021-09-27;93;199;100703;97715;71.9;69.7
90;2021-09-28;90;140;100793;97855;71.9;69.8
90;2021-09-29;79;236;100872;98091;72.0;70.0
90;2021-09-30;61;131;100933;98222;72.0;70.1
90;2021-10-01;112;232;101045;98454;72.1;70.3
90;2021-10-02;10;28;101055;98482;72.1;70.3
90;2021-10-03;0;11;101055;98493;72.1;70.3
90;2021-10-04;140;209;101195;98702;72.2;70.4
90;2021-10-05;44;133;101239;98835;72.2;70.5
90;2021-10-06;91;186;101330;99021;72.3;70.7
90;2021-10-07;58;135;101388;99156;72.3;70.8
90;2021-10-08;112;239;101500;99395;72.4;70.9
90;2021-10-09;11;20;101511;99415;72.4;70.9
90;2021-10-10;0;4;101511;99419;72.4;70.9
90;2021-10-11;79;120;101590;99539;72.5;71.0
90;2021-10-12;68;118;101658;99657;72.5;71.1
91;2020-12-27;0;0;0;0;0.0;0.0
91;2020-12-28;0;0;0;0;0.0;0.0
91;2020-12-29;1;0;1;0;0.0;0.0
91;2020-12-30;1;0;2;0;0.0;0.0
91;2020-12-31;0;0;2;0;0.0;0.0
91;2021-01-01;5;0;7;0;0.0;0.0
91;2021-01-02;0;0;7;0;0.0;0.0
91;2021-01-03;0;0;7;0;0.0;0.0
91;2021-01-04;1;0;8;0;0.0;0.0
91;2021-01-05;71;0;79;0;0.0;0.0
91;2021-01-06;189;2;268;2;0.0;0.0
91;2021-01-07;522;7;790;9;0.1;0.0
91;2021-01-08;394;1;1184;10;0.1;0.0
91;2021-01-09;89;3;1273;13;0.1;0.0
91;2021-01-10;1;0;1274;13;0.1;0.0
91;2021-01-11;595;2;1869;15;0.1;0.0
91;2021-01-12;899;8;2768;23;0.2;0.0
91;2021-01-13;703;8;3471;31;0.3;0.0
91;2021-01-14;721;12;4192;43;0.3;0.0
91;2021-01-15;570;4;4762;47;0.4;0.0
91;2021-01-16;316;7;5078;54;0.4;0.0
91;2021-01-17;118;2;5196;56;0.4;0.0
91;2021-01-18;991;3;6187;59;0.5;0.0
91;2021-01-19;1877;31;8064;90;0.6;0.0
91;2021-01-20;2377;42;10441;132;0.8;0.0
91;2021-01-21;2109;24;12550;156;1.0;0.0
91;2021-01-22;1863;11;14413;167;1.1;0.0
91;2021-01-23;413;1;14826;168;1.1;0.0
91;2021-01-24;53;0;14879;168;1.1;0.0
91;2021-01-25;1049;4;15928;172;1.2;0.0
91;2021-01-26;1576;54;17504;226;1.3;0.0
91;2021-01-27;2423;128;19927;354;1.5;0.0
91;2021-01-28;1988;230;21915;584;1.7;0.0
91;2021-01-29;1746;70;23661;654;1.8;0.0
91;2021-01-30;422;9;24083;663;1.8;0.1
91;2021-01-31;54;0;24137;663;1.8;0.1
91;2021-02-01;965;219;25102;882;1.9;0.1
91;2021-02-02;859;365;25961;1247;2.0;0.1
91;2021-02-03;938;570;26899;1817;2.0;0.1
91;2021-02-04;885;279;27784;2096;2.1;0.2
91;2021-02-05;1037;359;28821;2455;2.2;0.2
91;2021-02-06;341;92;29162;2547;2.2;0.2
91;2021-02-07;14;1;29176;2548;2.2;0.2
91;2021-02-08;904;606;30080;3154;2.3;0.2
91;2021-02-09;963;861;31043;4015;2.4;0.3
91;2021-02-10;1065;995;32108;5010;2.4;0.4
91;2021-02-11;1123;1020;33231;6030;2.5;0.5
91;2021-02-12;1064;839;34295;6869;2.6;0.5
91;2021-02-13;332;359;34627;7228;2.6;0.5
91;2021-02-14;18;113;34645;7341;2.6;0.6
91;2021-02-15;371;1252;35016;8593;2.7;0.7
91;2021-02-16;555;1745;35571;10338;2.7;0.8
91;2021-02-17;814;2682;36385;13020;2.8;1.0
91;2021-02-18;944;2017;37329;15037;2.8;1.1
91;2021-02-19;874;1380;38203;16417;2.9;1.2
91;2021-02-20;168;357;38371;16774;2.9;1.3
91;2021-02-21;13;49;38384;16823;2.9;1.3
91;2021-02-22;335;1196;38719;18019;2.9;1.4
91;2021-02-23;398;1068;39117;19087;3.0;1.4
91;2021-02-24;475;1055;39592;20142;3.0;1.5
91;2021-02-25;736;1020;40328;21162;3.1;1.6
91;2021-02-26;1096;1059;41424;22221;3.1;1.7
91;2021-02-27;613;329;42037;22550;3.2;1.7
91;2021-02-28;65;66;42102;22616;3.2;1.7
91;2021-03-01;933;1074;43035;23690;3.3;1.8
91;2021-03-02;1261;1091;44296;24781;3.4;1.9
91;2021-03-03;1467;1281;45763;26062;3.5;2.0
91;2021-03-04;2435;1138;48198;27200;3.7;2.1
91;2021-03-05;3358;1185;51556;28385;3.9;2.2
91;2021-03-06;4913;477;56469;28862;4.3;2.2
91;2021-03-07;3208;123;59677;28985;4.5;2.2
91;2021-03-08;1474;1068;61151;30053;4.6;2.3
91;2021-03-09;2625;1002;63776;31055;4.8;2.4
91;2021-03-10;2626;1054;66402;32109;5.0;2.4
91;2021-03-11;3785;1146;70187;33255;5.3;2.5
91;2021-03-12;4793;1064;74980;34319;5.7;2.6
91;2021-03-13;5258;359;80238;34678;6.1;2.6
91;2021-03-14;305;29;80543;34707;6.1;2.6
91;2021-03-15;2987;447;83530;35154;6.3;2.7
91;2021-03-16;2617;393;86147;35547;6.5;2.7
91;2021-03-17;2227;356;88374;35903;6.7;2.7
91;2021-03-18;2393;418;90767;36321;6.9;2.8
91;2021-03-19;4093;389;94860;36710;7.2;2.8
91;2021-03-20;3608;191;98468;36901;7.5;2.8
91;2021-03-21;138;30;98606;36931;7.5;2.8
91;2021-03-22;3150;609;101756;37540;7.7;2.8
91;2021-03-23;4139;706;105895;38246;8.0;2.9
91;2021-03-24;3937;509;109832;38755;8.3;2.9
91;2021-03-25;5060;539;114892;39294;8.7;3.0
91;2021-03-26;5550;560;120442;39854;9.1;3.0
91;2021-03-27;4982;352;125424;40206;9.5;3.0
91;2021-03-28;282;59;125706;40265;9.5;3.1
91;2021-03-29;3304;1046;129010;41311;9.8;3.1
91;2021-03-30;4426;1239;133436;42550;10.1;3.2
91;2021-03-31;3370;1349;136806;43899;10.4;3.3
91;2021-04-01;3739;1693;140545;45592;10.7;3.5
91;2021-04-02;3887;2321;144432;47913;10.9;3.6
91;2021-04-03;1874;2877;146306;50790;11.1;3.8
91;2021-04-04;647;1320;146953;52110;11.1;3.9
91;2021-04-05;562;135;147515;52245;11.2;4.0
91;2021-04-06;3403;1795;150918;54040;11.4;4.1
91;2021-04-07;3420;1946;154338;55986;11.7;4.2
91;2021-04-08;4664;2179;159002;58165;12.1;4.4
91;2021-04-09;5348;2170;164350;60335;12.5;4.6
91;2021-04-10;2734;2824;167084;63159;12.7;4.8
91;2021-04-11;191;141;167275;63300;12.7;4.8
91;2021-04-12;2854;2283;170129;65583;12.9;5.0
91;2021-04-13;3758;2657;173887;68240;13.2;5.2
91;2021-04-14;3707;2332;177594;70572;13.5;5.3
91;2021-04-15;4477;2527;182071;73099;13.8;5.5
91;2021-04-16;4548;2816;186619;75915;14.1;5.8
91;2021-04-17;2983;2084;189602;77999;14.4;5.9
91;2021-04-18;269;73;189871;78072;14.4;5.9
91;2021-04-19;2306;2743;192177;80815;14.6;6.1
91;2021-04-20;3178;2990;195355;83805;14.8;6.4
91;2021-04-21;2990;2904;198345;86709;15.0;6.6
91;2021-04-22;3171;3370;201516;90079;15.3;6.8
91;2021-04-23;3717;3361;205233;93440;15.6;7.1
91;2021-04-24;3480;3736;208713;97176;15.8;7.4
91;2021-04-25;2619;647;211332;97823;16.0;7.4
91;2021-04-26;3486;2812;214818;100635;16.3;7.6
91;2021-04-27;4486;2929;219304;103564;16.6;7.8
91;2021-04-28;4569;2709;223873;106273;17.0;8.1
91;2021-04-29;5746;3069;229619;109342;17.4;8.3
91;2021-04-30;5385;2857;235004;112199;17.8;8.5
91;2021-05-01;3517;528;238521;112727;18.1;8.5
91;2021-05-02;628;134;239149;112861;18.1;8.6
91;2021-05-03;5202;2292;244351;115153;18.5;8.7
91;2021-05-04;5589;3181;249940;118334;18.9;9.0
91;2021-05-05;4852;2878;254792;121212;19.3;9.2
91;2021-05-06;5245;3381;260037;124593;19.7;9.4
91;2021-05-07;6122;3751;266159;128344;20.2;9.7
91;2021-05-08;6519;968;272678;129312;20.7;9.8
91;2021-05-09;4804;570;277482;129882;21.0;9.8
91;2021-05-10;5902;3011;283384;132893;21.5;10.1
91;2021-05-11;6826;3835;290210;136728;22.0;10.4
91;2021-05-12;5895;3443;296105;140171;22.4;10.6
91;2021-05-13;4825;1083;300930;141254;22.8;10.7
91;2021-05-14;6549;2396;307479;143650;23.3;10.9
91;2021-05-15;7793;1931;315272;145581;23.9;11.0
91;2021-05-16;4584;373;319856;145954;24.2;11.1
91;2021-05-17;6952;1706;326808;147660;24.8;11.2
91;2021-05-18;8120;1743;334928;149403;25.4;11.3
91;2021-05-19;7098;1697;342026;151100;25.9;11.5
91;2021-05-20;8201;2143;350227;153243;26.5;11.6
91;2021-05-21;8146;2580;358373;155823;27.2;11.8
91;2021-05-22;7660;1538;366033;157361;27.7;11.9
91;2021-05-23;4792;535;370825;157896;28.1;12.0
91;2021-05-24;5014;597;375839;158493;28.5;12.0
91;2021-05-25;7621;2655;383460;161148;29.1;12.2
91;2021-05-26;6874;2946;390334;164094;29.6;12.4
91;2021-05-27;7972;3448;398306;167542;30.2;12.7
91;2021-05-28;7534;4326;405840;171868;30.8;13.0
91;2021-05-29;9301;3508;415141;175376;31.5;13.3
91;2021-05-30;5948;964;421089;176340;31.9;13.4
91;2021-05-31;6738;3698;427827;180038;32.4;13.6
91;2021-06-01;7788;4781;435615;184819;33.0;14.0
91;2021-06-02;7454;3961;443069;188780;33.6;14.3
91;2021-06-03;7859;4780;450928;193560;34.2;14.7
91;2021-06-04;7194;5724;458122;199284;34.7;15.1
91;2021-06-05;6385;5821;464507;205105;35.2;15.5
91;2021-06-06;4087;2512;468594;207617;35.5;15.7
91;2021-06-07;5878;5481;474472;213098;36.0;16.2
91;2021-06-08;7039;5796;481511;218894;36.5;16.6
91;2021-06-09;6469;5145;487980;224039;37.0;17.0
91;2021-06-10;7177;5779;495157;229818;37.5;17.4
91;2021-06-11;6546;7111;501703;236929;38.0;18.0
91;2021-06-12;6219;7368;507922;244297;38.5;18.5
91;2021-06-13;2846;2316;510768;246613;38.7;18.7
91;2021-06-14;4225;7198;514993;253811;39.0;19.2
91;2021-06-15;5575;7262;520568;261073;39.5;19.8
91;2021-06-16;5297;6446;525865;267519;39.9;20.3
91;2021-06-17;6251;7131;532116;274650;40.3;20.8
91;2021-06-18;4629;8740;536745;283390;40.7;21.5
91;2021-06-19;4190;7156;540935;290546;41.0;22.0
91;2021-06-20;1007;4212;541942;294758;41.1;22.3
91;2021-06-21;3232;7237;545174;301995;41.3;22.9
91;2021-06-22;4157;9229;549331;311224;41.6;23.6
91;2021-06-23;4315;7962;553646;319186;42.0;24.2
91;2021-06-24;4912;8483;558558;327669;42.3;24.8
91;2021-06-25;3477;9166;562035;336835;42.6;25.5
91;2021-06-26;2989;8034;565024;344869;42.8;26.1
91;2021-06-27;550;2996;565574;347865;42.9;26.4
91;2021-06-28;3129;8237;568703;356102;43.1;27.0
91;2021-06-29;3588;9634;572291;365736;43.4;27.7
91;2021-06-30;3953;8701;576244;374437;43.7;28.4
91;2021-07-01;4103;8873;580347;383310;44.0;29.1
91;2021-07-02;3775;9320;584122;392630;44.3;29.8
91;2021-07-03;2881;9789;587003;402419;44.5;30.5
91;2021-07-04;852;4726;587855;407145;44.6;30.9
91;2021-07-05;2662;7258;590517;414403;44.8;31.4
91;2021-07-06;3758;9431;594275;423834;45.0;32.1
91;2021-07-07;3806;8592;598081;432426;45.3;32.8
91;2021-07-08;4358;8992;602439;441418;45.7;33.5
91;2021-07-09;3968;9953;606407;451371;46.0;34.2
91;2021-07-10;3397;10236;609804;461607;46.2;35.0
91;2021-07-11;987;4804;610791;466411;46.3;35.4
91;2021-07-12;2804;8887;613595;475298;46.5;36.0
91;2021-07-13;4467;10393;618062;485691;46.8;36.8
91;2021-07-14;2304;3586;620366;489277;47.0;37.1
91;2021-07-15;4537;9824;624903;499101;47.4;37.8
91;2021-07-16;6287;9769;631190;508870;47.8;38.6
91;2021-07-17;5751;9069;636941;517939;48.3;39.3
91;2021-07-18;3402;3686;640343;521625;48.5;39.5
91;2021-07-19;3777;7538;644120;529163;48.8;40.1
91;2021-07-20;6074;9310;650194;538473;49.3;40.8
91;2021-07-21;6252;7740;656446;546213;49.8;41.4
91;2021-07-22;6497;8401;662943;554614;50.2;42.0
91;2021-07-23;6926;8288;669869;562902;50.8;42.7
91;2021-07-24;5012;6481;674881;569383;51.2;43.2
91;2021-07-25;3267;1408;678148;570791;51.4;43.3
91;2021-07-26;4935;6592;683083;577383;51.8;43.8
91;2021-07-27;7567;7084;690650;584467;52.3;44.3
91;2021-07-28;7365;5924;698015;590391;52.9;44.7
91;2021-07-29;7400;5916;705415;596307;53.5;45.2
91;2021-07-30;6914;5783;712329;602090;54.0;45.6
91;2021-07-31;4910;4790;717239;606880;54.4;46.0
91;2021-08-01;2659;1340;719898;608220;54.6;46.1
91;2021-08-02;4869;4237;724767;612457;54.9;46.4
91;2021-08-03;6202;4696;730969;617153;55.4;46.8
91;2021-08-04;5701;4143;736670;621296;55.8;47.1
91;2021-08-05;5607;4272;742277;625568;56.3;47.4
91;2021-08-06;5711;5630;747988;631198;56.7;47.8
91;2021-08-07;3084;2420;751072;633618;56.9;48.0
91;2021-08-08;622;1102;751694;634720;57.0;48.1
91;2021-08-09;3848;3978;755542;638698;57.3;48.4
91;2021-08-10;4650;4555;760192;643253;57.6;48.8
91;2021-08-11;4151;4487;764343;647740;57.9;49.1
91;2021-08-12;4091;4785;768434;652525;58.2;49.5
91;2021-08-13;4301;4866;772735;657391;58.6;49.8
91;2021-08-14;2246;2402;774981;659793;58.7;50.0
91;2021-08-15;95;171;775076;659964;58.7;50.0
91;2021-08-16;3106;4664;778182;664628;59.0;50.4
91;2021-08-17;3654;5822;781836;670450;59.3;50.8
91;2021-08-18;3029;5797;784865;676247;59.5;51.3
91;2021-08-19;3481;5775;788346;682022;59.8;51.7
91;2021-08-20;3220;6958;791566;688980;60.0;52.2
91;2021-08-21;2464;3355;794030;692335;60.2;52.5
91;2021-08-22;738;1297;794768;693632;60.2;52.6
91;2021-08-23;2429;5311;797197;698943;60.4;53.0
91;2021-08-24;2987;6963;800184;705906;60.6;53.5
91;2021-08-25;3437;6723;803621;712629;60.9;54.0
91;2021-08-26;2749;5954;806370;718583;61.1;54.5
91;2021-08-27;2836;7504;809206;726087;61.3;55.0
91;2021-08-28;2390;4836;811596;730923;61.5;55.4
91;2021-08-29;1782;2800;813378;733723;61.6;55.6
91;2021-08-30;1805;5547;815183;739270;61.8;56.0
91;2021-08-31;2258;5916;817441;745186;62.0;56.5
91;2021-09-01;2507;4378;819948;749564;62.1;56.8
91;2021-09-02;1960;3568;821908;753132;62.3;57.1
91;2021-09-03;2201;4652;824109;757784;62.5;57.4
91;2021-09-04;2089;4095;826198;761879;62.6;57.7
91;2021-09-05;748;880;826946;762759;62.7;57.8
91;2021-09-06;1712;2991;828658;765750;62.8;58.0
91;2021-09-07;1570;2793;830228;768543;62.9;58.2
91;2021-09-08;1796;3082;832024;771625;63.1;58.5
91;2021-09-09;1317;2815;833341;774440;63.2;58.7
91;2021-09-10;1810;3554;835151;777994;63.3;59.0
91;2021-09-11;1751;4286;836902;782280;63.4;59.3
91;2021-09-12;627;945;837529;783225;63.5;59.4
91;2021-09-13;1299;2293;838828;785518;63.6;59.5
91;2021-09-14;1830;2656;840658;788174;63.7;59.7
91;2021-09-15;1663;3286;842321;791460;63.8;60.0
91;2021-09-16;1499;2386;843820;793846;64.0;60.2
91;2021-09-17;1445;3000;845265;796846;64.1;60.4
91;2021-09-18;1388;3669;846653;800515;64.2;60.7
91;2021-09-19;460;1149;847113;801664;64.2;60.8
91;2021-09-20;772;1598;847885;803262;64.3;60.9
91;2021-09-21;928;1751;848813;805013;64.3;61.0
91;2021-09-22;926;2641;849739;807654;64.4;61.2
91;2021-09-23;928;1734;850667;809388;64.5;61.3
91;2021-09-24;896;2201;851563;811589;64.5;61.5
91;2021-09-25;1052;3484;852615;815073;64.6;61.8
91;2021-09-26;217;822;852832;815895;64.6;61.8
91;2021-09-27;729;1570;853561;817465;64.7;62.0
91;2021-09-28;900;1443;854461;818908;64.8;62.1
91;2021-09-29;1014;2226;855475;821134;64.8;62.2
91;2021-09-30;662;1131;856137;822265;64.9;62.3
91;2021-10-01;966;1876;857103;824141;65.0;62.5
91;2021-10-02;1106;2392;858209;826533;65.0;62.6
91;2021-10-03;266;613;858475;827146;65.1;62.7
91;2021-10-04;619;1167;859094;828313;65.1;62.8
91;2021-10-05;593;1116;859687;829429;65.2;62.9
91;2021-10-06;778;1925;860465;831354;65.2;63.0
91;2021-10-07;572;1128;861037;832482;65.3;63.1
91;2021-10-08;787;1752;861824;834234;65.3;63.2
91;2021-10-09;1081;1994;862905;836228;65.4;63.4
91;2021-10-10;281;516;863186;836744;65.4;63.4
91;2021-10-11;581;1147;863767;837891;65.5;63.5
91;2021-10-12;521;1175;864288;839066;65.5;63.6
92;2020-12-27;47;5;47;5;0.0;0.0
92;2020-12-28;30;1;77;6;0.0;0.0
92;2020-12-29;66;2;143;8;0.0;0.0
92;2020-12-30;55;5;198;13;0.0;0.0
92;2020-12-31;14;1;212;14;0.0;0.0
92;2021-01-01;40;3;252;17;0.0;0.0
92;2021-01-02;17;0;269;17;0.0;0.0
92;2021-01-03;19;1;288;18;0.0;0.0
92;2021-01-04;80;5;368;23;0.0;0.0
92;2021-01-05;237;4;605;27;0.0;0.0
92;2021-01-06;421;4;1026;31;0.1;0.0
92;2021-01-07;674;9;1700;40;0.1;0.0
92;2021-01-08;851;4;2551;44;0.2;0.0
92;2021-01-09;130;6;2681;50;0.2;0.0
92;2021-01-10;53;2;2734;52;0.2;0.0
92;2021-01-11;853;12;3587;64;0.2;0.0
92;2021-01-12;1309;13;4896;77;0.3;0.0
92;2021-01-13;1254;17;6150;94;0.4;0.0
92;2021-01-14;1246;32;7396;126;0.5;0.0
92;2021-01-15;986;11;8382;137;0.5;0.0
92;2021-01-16;187;4;8569;141;0.5;0.0
92;2021-01-17;35;2;8604;143;0.5;0.0
92;2021-01-18;1557;34;10161;177;0.6;0.0
92;2021-01-19;1578;31;11739;208;0.7;0.0
92;2021-01-20;1826;20;13565;228;0.8;0.0
92;2021-01-21;3455;36;17020;264;1.1;0.0
92;2021-01-22;2629;47;19649;311;1.2;0.0
92;2021-01-23;154;9;19803;320;1.2;0.0
92;2021-01-24;36;3;19839;323;1.2;0.0
92;2021-01-25;863;20;20702;343;1.3;0.0
92;2021-01-26;1220;14;21922;357;1.4;0.0
92;2021-01-27;2226;108;24148;465;1.5;0.0
92;2021-01-28;4201;208;28349;673;1.8;0.0
92;2021-01-29;2721;267;31070;940;1.9;0.1
92;2021-01-30;327;18;31397;958;1.9;0.1
92;2021-01-31;36;6;31433;964;1.9;0.1
92;2021-02-01;878;324;32311;1288;2.0;0.1
92;2021-02-02;1073;355;33384;1643;2.1;0.1
92;2021-02-03;1006;447;34390;2090;2.1;0.1
92;2021-02-04;1058;548;35448;2638;2.2;0.2
92;2021-02-05;1336;503;36784;3141;2.3;0.2
92;2021-02-06;128;24;36912;3165;2.3;0.2
92;2021-02-07;24;19;36936;3184;2.3;0.2
92;2021-02-08;589;733;37525;3917;2.3;0.2
92;2021-02-09;1074;1305;38599;5222;2.4;0.3
92;2021-02-10;1094;1313;39693;6535;2.5;0.4
92;2021-02-11;1521;1941;41214;8476;2.6;0.5
92;2021-02-12;1427;1486;42641;9962;2.6;0.6
92;2021-02-13;80;68;42721;10030;2.6;0.6
92;2021-02-14;31;6;42752;10036;2.6;0.6
92;2021-02-15;584;1653;43336;11689;2.7;0.7
92;2021-02-16;793;2047;44129;13736;2.7;0.9
92;2021-02-17;630;1760;44759;15496;2.8;1.0
92;2021-02-18;1583;3654;46342;19150;2.9;1.2
92;2021-02-19;1736;2665;48078;21815;3.0;1.4
92;2021-02-20;150;400;48228;22215;3.0;1.4
92;2021-02-21;51;55;48279;22270;3.0;1.4
92;2021-02-22;506;1214;48785;23484;3.0;1.5
92;2021-02-23;746;1364;49531;24848;3.1;1.5
92;2021-02-24;621;1291;50152;26139;3.1;1.6
92;2021-02-25;937;1797;51089;27936;3.2;1.7
92;2021-02-26;1469;1372;52558;29308;3.3;1.8
92;2021-02-27;507;190;53065;29498;3.3;1.8
92;2021-02-28;75;58;53140;29556;3.3;1.8
92;2021-03-01;1107;1058;54247;30614;3.4;1.9
92;2021-03-02;1989;1384;56236;31998;3.5;2.0
92;2021-03-03;2812;1110;59048;33108;3.7;2.1
92;2021-03-04;3606;1543;62654;34651;3.9;2.1
92;2021-03-05;4986;1746;67640;36397;4.2;2.3
92;2021-03-06;5727;350;73367;36747;4.5;2.3
92;2021-03-07;2908;242;76275;36989;4.7;2.3
92;2021-03-08;2430;833;78705;37822;4.9;2.3
92;2021-03-09;3449;1049;82154;38871;5.1;2.4
92;2021-03-10;3953;971;86107;39842;5.3;2.5
92;2021-03-11;5028;1431;91135;41273;5.6;2.6
92;2021-03-12;6780;1589;97915;42862;6.1;2.7
92;2021-03-13;5163;256;103078;43118;6.4;2.7
92;2021-03-14;1747;81;104825;43199;6.5;2.7
92;2021-03-15;3811;624;108636;43823;6.7;2.7
92;2021-03-16;3702;615;112338;44438;7.0;2.8
92;2021-03-17;3881;440;116219;44878;7.2;2.8
92;2021-03-18;4151;769;120370;45647;7.5;2.8
92;2021-03-19;5936;763;126306;46410;7.8;2.9
92;2021-03-20;2544;84;128850;46494;8.0;2.9
92;2021-03-21;156;33;129006;46527;8.0;2.9
92;2021-03-22;4120;494;133126;47021;8.2;2.9
92;2021-03-23;6112;896;139238;47917;8.6;3.0
92;2021-03-24;6386;677;145624;48594;9.0;3.0
92;2021-03-25;8446;675;154070;49269;9.5;3.1
92;2021-03-26;8363;914;162433;50183;10.1;3.1
92;2021-03-27;2838;286;165271;50469;10.2;3.1
92;2021-03-28;543;40;165814;50509;10.3;3.1
92;2021-03-29;4673;1076;170487;51585;10.6;3.2
92;2021-03-30;6396;1570;176883;53155;11.0;3.3
92;2021-03-31;5556;2275;182439;55430;11.3;3.4
92;2021-04-01;6280;3701;188719;59131;11.7;3.7
92;2021-04-02;5639;3448;194358;62579;12.0;3.9
92;2021-04-03;878;1425;195236;64004;12.1;4.0
92;2021-04-04;493;1065;195729;65069;12.1;4.0
92;2021-04-05;819;163;196548;65232;12.2;4.0
92;2021-04-06;3666;1975;200214;67207;12.4;4.2
92;2021-04-07;5005;2899;205219;70106;12.7;4.3
92;2021-04-08;5994;3206;211213;73312;13.1;4.5
92;2021-04-09;8039;3090;219252;76402;13.6;4.7
92;2021-04-10;2647;1305;221899;77707;13.8;4.8
92;2021-04-11;171;810;222070;78517;13.8;4.9
92;2021-04-12;3690;2529;225760;81046;14.0;5.0
92;2021-04-13;4389;4444;230149;85490;14.3;5.3
92;2021-04-14;4878;4053;235027;89543;14.6;5.5
92;2021-04-15;5305;3968;240332;93511;14.9;5.8
92;2021-04-16;5082;3876;245414;97387;15.2;6.0
92;2021-04-17;1807;1198;247221;98585;15.3;6.1
92;2021-04-18;351;97;247572;98682;15.3;6.1
92;2021-04-19;2821;2848;250393;101530;15.5;6.3
92;2021-04-20;4200;3764;254593;105294;15.8;6.5
92;2021-04-21;4620;4527;259213;109821;16.1;6.8
92;2021-04-22;4664;5135;263877;114956;16.4;7.1
92;2021-04-23;5262;4738;269139;119694;16.7;7.4
92;2021-04-24;4944;1919;274083;121613;17.0;7.5
92;2021-04-25;1798;153;275881;121766;17.1;7.5
92;2021-04-26;4004;3630;279885;125396;17.3;7.8
92;2021-04-27;6048;5276;285933;130672;17.7;8.1
92;2021-04-28;7385;4519;293318;135191;18.2;8.4
92;2021-04-29;7995;4806;301313;139997;18.7;8.7
92;2021-04-30;8847;4865;310160;144862;19.2;9.0
92;2021-05-01;1203;413;311363;145275;19.3;9.0
92;2021-05-02;670;141;312033;145416;19.3;9.0
92;2021-05-03;6792;3894;318825;149310;19.8;9.3
92;2021-05-04;10435;4381;329260;153691;20.4;9.5
92;2021-05-05;10078;5260;339338;158951;21.0;9.8
92;2021-05-06;11428;4912;350766;163863;21.7;10.2
92;2021-05-07;9867;5310;360633;169173;22.3;10.5
92;2021-05-08;7215;1925;367848;171098;22.8;10.6
92;2021-05-09;3787;602;371635;171700;23.0;10.6
92;2021-05-10;9547;4008;381182;175708;23.6;10.9
92;2021-05-11;13980;5698;395162;181406;24.5;11.2
92;2021-05-12;14287;4585;409449;185991;25.4;11.5
92;2021-05-13;9168;911;418617;186902;25.9;11.6
92;2021-05-14;12030;2313;430647;189215;26.7;11.7
92;2021-05-15;8393;1230;439040;190445;27.2;11.8
92;2021-05-16;4144;453;443184;190898;27.5;11.8
92;2021-05-17;10650;2216;453834;193114;28.1;12.0
92;2021-05-18;16410;3122;470244;196236;29.1;12.2
92;2021-05-19;16047;3718;486291;199954;30.1;12.4
92;2021-05-20;16840;3985;503131;203939;31.2;12.6
92;2021-05-21;14071;3622;517202;207561;32.0;12.9
92;2021-05-22;8318;1515;525520;209076;32.6;13.0
92;2021-05-23;4083;454;529603;209530;32.8;13.0
92;2021-05-24;6121;856;535724;210386;33.2;13.0
92;2021-05-25;13114;4566;548838;214952;34.0;13.3
92;2021-05-26;11926;5038;560764;219990;34.7;13.6
92;2021-05-27;12736;6328;573500;226318;35.5;14.0
92;2021-05-28;11234;6290;584734;232608;36.2;14.4
92;2021-05-29;5453;2304;590187;234912;36.6;14.6
92;2021-05-30;2252;389;592439;235301;36.7;14.6
92;2021-05-31;12049;5299;604488;240600;37.5;14.9
92;2021-06-01;12635;7639;617123;248239;38.2;15.4
92;2021-06-02;14381;7207;631504;255446;39.1;15.8
92;2021-06-03;14599;8032;646103;263478;40.0;16.3
92;2021-06-04;12237;8226;658340;271704;40.8;16.8
92;2021-06-05;7383;6232;665723;277936;41.3;17.2
92;2021-06-06;3597;1675;669320;279611;41.5;17.3
92;2021-06-07;11435;7637;680755;287248;42.2;17.8
92;2021-06-08;12766;9606;693521;296854;43.0;18.4
92;2021-06-09;11663;9474;705184;306328;43.7;19.0
92;2021-06-10;11968;10570;717152;316898;44.4;19.6
92;2021-06-11;8156;11038;725308;327936;44.9;20.3
92;2021-06-12;6364;5093;731672;333029;45.3;20.6
92;2021-06-13;3971;2720;735643;335749;45.6;20.8
92;2021-06-14;5213;11171;740856;346920;45.9;21.5
92;2021-06-15;6540;13129;747396;360049;46.3;22.3
92;2021-06-16;6954;12993;754350;373042;46.7;23.1
92;2021-06-17;7429;14003;761779;387045;47.2;24.0
92;2021-06-18;6907;14387;768686;401432;47.6;24.9
92;2021-06-19;3969;9107;772655;410539;47.9;25.4
92;2021-06-20;1968;5606;774623;416145;48.0;25.8
92;2021-06-21;4841;12276;779464;428421;48.3;26.5
92;2021-06-22;5880;17540;785344;445961;48.7;27.6
92;2021-06-23;5486;15993;790830;461954;49.0;28.6
92;2021-06-24;6211;15119;797041;477073;49.4;29.6
92;2021-06-25;5121;16098;802162;493171;49.7;30.6
92;2021-06-26;4071;10454;806233;503625;50.0;31.2
92;2021-06-27;1858;6046;808091;509671;50.1;31.6
92;2021-06-28;3674;12048;811765;521719;50.3;32.3
92;2021-06-29;4679;18154;816444;539873;50.6;33.5
92;2021-06-30;4455;16226;820899;556099;50.9;34.5
92;2021-07-01;5525;16306;826424;572405;51.2;35.5
92;2021-07-02;4943;15286;831367;587691;51.5;36.4
92;2021-07-03;3308;10185;834675;597876;51.7;37.0
92;2021-07-04;1125;4208;835800;602084;51.8;37.3
92;2021-07-05;4826;12332;840626;614416;52.1;38.1
92;2021-07-06;5290;15814;845916;630230;52.4;39.1
92;2021-07-07;4269;11463;850185;641693;52.7;39.8
92;2021-07-08;5409;14638;855594;656331;53.0;40.7
92;2021-07-09;5899;14205;861493;670536;53.4;41.6
92;2021-07-10;4378;8458;865871;678994;53.7;42.1
92;2021-07-11;1487;2617;867358;681611;53.7;42.2
92;2021-07-12;4420;14645;871778;696256;54.0;43.1
92;2021-07-13;7881;17460;879659;713716;54.5;44.2
92;2021-07-14;5115;5746;884774;719462;54.8;44.6
92;2021-07-15;9570;16256;894344;735718;55.4;45.6
92;2021-07-16;9067;14190;903411;749908;56.0;46.5
92;2021-07-17;6583;7605;909994;757513;56.4;46.9
92;2021-07-18;1842;2482;911836;759995;56.5;47.1
92;2021-07-19;6481;13204;918317;773199;56.9;47.9
92;2021-07-20;10096;14114;928413;787313;57.5;48.8
92;2021-07-21;10472;12124;938885;799437;58.2;49.5
92;2021-07-22;12060;12997;950945;812434;58.9;50.3
92;2021-07-23;11594;11360;962539;823794;59.6;51.0
92;2021-07-24;6733;6272;969272;830066;60.1;51.4
92;2021-07-25;2778;2329;972050;832395;60.2;51.6
92;2021-07-26;9491;9180;981541;841575;60.8;52.1
92;2021-07-27;11525;9624;993066;851199;61.5;52.7
92;2021-07-28;12947;8209;1006013;859408;62.3;53.3
92;2021-07-29;10457;8640;1016470;868048;63.0;53.8
92;2021-07-30;9129;8359;1025599;876407;63.6;54.3
92;2021-07-31;5703;4825;1031302;881232;63.9;54.6
92;2021-08-01;2220;1301;1033522;882533;64.0;54.7
92;2021-08-02;4800;4939;1038322;887472;64.3;55.0
92;2021-08-03;5145;6150;1043467;893622;64.7;55.4
92;2021-08-04;4779;4875;1048246;898497;65.0;55.7
92;2021-08-05;4532;5694;1052778;904191;65.2;56.0
92;2021-08-06;4553;5974;1057331;910165;65.5;56.4
92;2021-08-07;2840;4183;1060171;914348;65.7;56.7
92;2021-08-08;964;1082;1061135;915430;65.8;56.7
92;2021-08-09;3212;4255;1064347;919685;66.0;57.0
92;2021-08-10;3838;5613;1068185;925298;66.2;57.3
92;2021-08-11;3239;4436;1071424;929734;66.4;57.6
92;2021-08-12;3397;5602;1074821;935336;66.6;58.0
92;2021-08-13;3000;5148;1077821;940484;66.8;58.3
92;2021-08-14;1887;3931;1079708;944415;66.9;58.5
92;2021-08-15;593;840;1080301;945255;66.9;58.6
92;2021-08-16;2407;5326;1082708;950581;67.1;58.9
92;2021-08-17;2638;6993;1085346;957574;67.3;59.3
92;2021-08-18;2432;5256;1087778;962830;67.4;59.7
92;2021-08-19;2529;5745;1090307;968575;67.6;60.0
92;2021-08-20;2286;5199;1092593;973774;67.7;60.3
92;2021-08-21;1396;4224;1093989;977998;67.8;60.6
92;2021-08-22;427;1599;1094416;979597;67.8;60.7
92;2021-08-23;2496;6602;1096912;986199;68.0;61.1
92;2021-08-24;3156;8351;1100068;994550;68.2;61.6
92;2021-08-25;2865;7585;1102933;1002135;68.3;62.1
92;2021-08-26;3020;7579;1105953;1009714;68.5;62.6
92;2021-08-27;3105;7017;1109058;1016731;68.7;63.0
92;2021-08-28;1625;4517;1110683;1021248;68.8;63.3
92;2021-08-29;346;789;1111029;1022037;68.8;63.3
92;2021-08-30;2257;4704;1113286;1026741;69.0;63.6
92;2021-08-31;3097;6629;1116383;1033370;69.2;64.0
92;2021-09-01;3372;6891;1119755;1040261;69.4;64.5
92;2021-09-02;2668;6049;1122423;1046310;69.6;64.8
92;2021-09-03;2706;5787;1125129;1052097;69.7;65.2
92;2021-09-04;2356;4775;1127485;1056872;69.9;65.5
92;2021-09-05;447;924;1127932;1057796;69.9;65.5
92;2021-09-06;1337;2989;1129269;1060785;70.0;65.7
92;2021-09-07;1720;3329;1130989;1064114;70.1;65.9
92;2021-09-08;2186;3617;1133175;1067731;70.2;66.2
92;2021-09-09;1244;2617;1134419;1070348;70.3;66.3
92;2021-09-10;1801;3386;1136220;1073734;70.4;66.5
92;2021-09-11;1610;2714;1137830;1076448;70.5;66.7
92;2021-09-12;213;433;1138043;1076881;70.5;66.7
92;2021-09-13;1127;2225;1139170;1079106;70.6;66.9
92;2021-09-14;1241;2405;1140411;1081511;70.7;67.0
92;2021-09-15;1599;3632;1142010;1085143;70.8;67.2
92;2021-09-16;1092;2168;1143102;1087311;70.8;67.4
92;2021-09-17;1442;3101;1144544;1090412;70.9;67.6
92;2021-09-18;984;2236;1145528;1092648;71.0;67.7
92;2021-09-19;128;290;1145656;1092938;71.0;67.7
92;2021-09-20;783;1835;1146439;1094773;71.0;67.8
92;2021-09-21;789;1872;1147228;1096645;71.1;68.0
92;2021-09-22;1078;3817;1148306;1100462;71.2;68.2
92;2021-09-23;739;1824;1149045;1102286;71.2;68.3
92;2021-09-24;1094;2854;1150139;1105140;71.3;68.5
92;2021-09-25;620;2213;1150759;1107353;71.3;68.6
92;2021-09-26;95;249;1150854;1107602;71.3;68.6
92;2021-09-27;770;1631;1151624;1109233;71.4;68.7
92;2021-09-28;788;1573;1152412;1110806;71.4;68.8
92;2021-09-29;1136;2835;1153548;1113641;71.5;69.0
92;2021-09-30;853;1333;1154401;1114974;71.5;69.1
92;2021-10-01;1128;2099;1155529;1117073;71.6;69.2
92;2021-10-02;798;1805;1156327;1118878;71.7;69.3
92;2021-10-03;89;205;1156416;1119083;71.7;69.3
92;2021-10-04;703;1313;1157119;1120396;71.7;69.4
92;2021-10-05;731;1317;1157850;1121713;71.7;69.5
92;2021-10-06;1056;1988;1158906;1123701;71.8;69.6
92;2021-10-07;541;936;1159447;1124637;71.8;69.7
92;2021-10-08;1107;1857;1160554;1126494;71.9;69.8
92;2021-10-09;707;1364;1161261;1127858;72.0;69.9
92;2021-10-10;101;126;1161362;1127984;72.0;69.9
92;2021-10-11;660;975;1162022;1128959;72.0;70.0
92;2021-10-12;811;1156;1162833;1130115;72.1;70.0
93;2020-12-27;12;3;12;3;0.0;0.0
93;2020-12-28;6;2;18;5;0.0;0.0
93;2020-12-29;2;0;20;5;0.0;0.0
93;2020-12-30;44;1;64;6;0.0;0.0
93;2020-12-31;11;0;75;6;0.0;0.0
93;2021-01-01;5;0;80;6;0.0;0.0
93;2021-01-02;1;0;81;6;0.0;0.0
93;2021-01-03;4;0;85;6;0.0;0.0
93;2021-01-04;3;1;88;7;0.0;0.0
93;2021-01-05;67;3;155;10;0.0;0.0
93;2021-01-06;179;0;334;10;0.0;0.0
93;2021-01-07;381;3;715;13;0.0;0.0
93;2021-01-08;634;2;1349;15;0.1;0.0
93;2021-01-09;21;0;1370;15;0.1;0.0
93;2021-01-10;2;0;1372;15;0.1;0.0
93;2021-01-11;505;5;1877;20;0.1;0.0
93;2021-01-12;753;7;2630;27;0.2;0.0
93;2021-01-13;752;7;3382;34;0.2;0.0
93;2021-01-14;690;18;4072;52;0.2;0.0
93;2021-01-15;515;4;4587;56;0.3;0.0
93;2021-01-16;138;3;4725;59;0.3;0.0
93;2021-01-17;6;1;4731;60;0.3;0.0
93;2021-01-18;1197;13;5928;73;0.4;0.0
93;2021-01-19;1614;20;7542;93;0.5;0.0
93;2021-01-20;1557;20;9099;113;0.5;0.0
93;2021-01-21;1922;38;11021;151;0.7;0.0
93;2021-01-22;1391;18;12412;169;0.7;0.0
93;2021-01-23;713;8;13125;177;0.8;0.0
93;2021-01-24;0;0;13125;177;0.8;0.0
93;2021-01-25;1209;14;14334;191;0.9;0.0
93;2021-01-26;1297;35;15631;226;0.9;0.0
93;2021-01-27;2158;76;17789;302;1.1;0.0
93;2021-01-28;2268;213;20057;515;1.2;0.0
93;2021-01-29;1625;233;21682;748;1.3;0.0
93;2021-01-30;928;48;22610;796;1.4;0.0
93;2021-01-31;10;8;22620;804;1.4;0.0
93;2021-02-01;1186;175;23806;979;1.4;0.1
93;2021-02-02;1175;306;24981;1285;1.5;0.1
93;2021-02-03;1231;398;26212;1683;1.6;0.1
93;2021-02-04;926;566;27138;2249;1.6;0.1
93;2021-02-05;800;433;27938;2682;1.7;0.2
93;2021-02-06;694;73;28632;2755;1.7;0.2
93;2021-02-07;6;0;28638;2755;1.7;0.2
93;2021-02-08;915;645;29553;3400;1.8;0.2
93;2021-02-09;852;603;30405;4003;1.8;0.2
93;2021-02-10;883;677;31288;4680;1.9;0.3
93;2021-02-11;1244;839;32532;5519;1.9;0.3
93;2021-02-12;1041;641;33573;6160;2.0;0.4
93;2021-02-13;395;267;33968;6427;2.0;0.4
93;2021-02-14;13;59;33981;6486;2.0;0.4
93;2021-02-15;414;1261;34395;7747;2.1;0.5
93;2021-02-16;552;1232;34947;8979;2.1;0.5
93;2021-02-17;541;1751;35488;10730;2.1;0.6
93;2021-02-18;1136;1870;36624;12600;2.2;0.8
93;2021-02-19;994;1542;37618;14142;2.3;0.8
93;2021-02-20;304;665;37922;14807;2.3;0.9
93;2021-02-21;10;24;37932;14831;2.3;0.9
93;2021-02-22;602;1288;38534;16119;2.3;1.0
93;2021-02-23;560;1122;39094;17241;2.3;1.0
93;2021-02-24;646;1218;39740;18459;2.4;1.1
93;2021-02-25;901;1075;40641;19534;2.4;1.2
93;2021-02-26;1121;980;41762;20514;2.5;1.2
93;2021-02-27;543;623;42305;21137;2.5;1.3
93;2021-02-28;88;57;42393;21194;2.5;1.3
93;2021-03-01;1083;1073;43476;22267;2.6;1.3
93;2021-03-02;1448;1152;44924;23419;2.7;1.4
93;2021-03-03;1749;1198;46673;24617;2.8;1.5
93;2021-03-04;2718;1146;49391;25763;3.0;1.5
93;2021-03-05;3820;917;53211;26680;3.2;1.6
93;2021-03-06;5051;593;58262;27273;3.5;1.6
93;2021-03-07;4300;255;62562;27528;3.7;1.6
93;2021-03-08;2037;1277;64599;28805;3.9;1.7
93;2021-03-09;2915;984;67514;29789;4.0;1.8
93;2021-03-10;2862;1131;70376;30920;4.2;1.9
93;2021-03-11;3575;1284;73951;32204;4.4;1.9
93;2021-03-12;4124;1321;78075;33525;4.7;2.0
93;2021-03-13;4290;654;82365;34179;4.9;2.0
93;2021-03-14;884;80;83249;34259;5.0;2.1
93;2021-03-15;3556;703;86805;34962;5.2;2.1
93;2021-03-16;3157;627;89962;35589;5.4;2.1
93;2021-03-17;2656;607;92618;36196;5.5;2.2
93;2021-03-18;3318;739;95936;36935;5.7;2.2
93;2021-03-19;3768;667;99704;37602;6.0;2.3
93;2021-03-20;3460;309;103164;37911;6.2;2.3
93;2021-03-21;814;273;103978;38184;6.2;2.3
93;2021-03-22;3852;636;107830;38820;6.5;2.3
93;2021-03-23;4766;825;112596;39645;6.7;2.4
93;2021-03-24;4114;701;116710;40346;7.0;2.4
93;2021-03-25;5587;883;122297;41229;7.3;2.5
93;2021-03-26;5547;913;127844;42142;7.7;2.5
93;2021-03-27;4283;329;132127;42471;7.9;2.5
93;2021-03-28;613;44;132740;42515;7.9;2.5
93;2021-03-29;3851;977;136591;43492;8.2;2.6
93;2021-03-30;4726;1283;141317;44775;8.5;2.7
93;2021-03-31;3914;1265;145231;46040;8.7;2.8
93;2021-04-01;4055;3159;149286;49199;8.9;2.9
93;2021-04-02;3224;3572;152510;52771;9.1;3.2
93;2021-04-03;2517;2271;155027;55042;9.3;3.3
93;2021-04-04;765;166;155792;55208;9.3;3.3
93;2021-04-05;708;92;156500;55300;9.4;3.3
93;2021-04-06;4564;2370;161064;57670;9.6;3.5
93;2021-04-07;4905;2111;165969;59781;9.9;3.6
93;2021-04-08;5816;2705;171785;62486;10.3;3.7
93;2021-04-09;6097;3212;177882;65698;10.7;3.9
93;2021-04-10;4201;2500;182083;68198;10.9;4.1
93;2021-04-11;575;437;182658;68635;10.9;4.1
93;2021-04-12;4100;2929;186758;71564;11.2;4.3
93;2021-04-13;4606;3673;191364;75237;11.5;4.5
93;2021-04-14;4367;2493;195731;77730;11.7;4.7
93;2021-04-15;4560;3051;200291;80781;12.0;4.8
93;2021-04-16;4442;3008;204733;83789;12.3;5.0
93;2021-04-17;3517;2508;208250;86297;12.5;5.2
93;2021-04-18;289;434;208539;86731;12.5;5.2
93;2021-04-19;3775;2879;212314;89610;12.7;5.4
93;2021-04-20;4308;3284;216622;92894;13.0;5.6
93;2021-04-21;4145;2788;220767;95682;13.2;5.7
93;2021-04-22;4513;4033;225280;99715;13.5;6.0
93;2021-04-23;5628;3264;230908;102979;13.8;6.2
93;2021-04-24;5921;3338;236829;106317;14.2;6.4
93;2021-04-25;1733;599;238562;106916;14.3;6.4
93;2021-04-26;4864;3100;243426;110016;14.6;6.6
93;2021-04-27;6454;3637;249880;113653;15.0;6.8
93;2021-04-28;6071;3444;255951;117097;15.3;7.0
93;2021-04-29;7299;3258;263250;120355;15.8;7.2
93;2021-04-30;8267;3135;271517;123490;16.3;7.4
93;2021-05-01;4948;1198;276465;124688;16.6;7.5
93;2021-05-02;419;649;276884;125337;16.6;7.5
93;2021-05-03;8175;5134;285059;130471;17.1;7.8
93;2021-05-04;7824;5412;292883;135883;17.5;8.1
93;2021-05-05;7578;4818;300461;140701;18.0;8.4
93;2021-05-06;8252;4790;308713;145491;18.5;8.7
93;2021-05-07;7016;5439;315729;150930;18.9;9.0
93;2021-05-08;8363;2399;324092;153329;19.4;9.2
93;2021-05-09;6124;1372;330216;154701;19.8;9.3
93;2021-05-10;8259;4084;338475;158785;20.3;9.5
93;2021-05-11;9308;4814;347783;163599;20.8;9.8
93;2021-05-12;9194;3660;356977;167259;21.4;10.0
93;2021-05-13;8302;1654;365279;168913;21.9;10.1
93;2021-05-14;10421;3533;375700;172446;22.5;10.3
93;2021-05-15;11125;3011;386825;175457;23.2;10.5
93;2021-05-16;5558;728;392383;176185;23.5;10.5
93;2021-05-17;11903;2269;404286;178454;24.2;10.7
93;2021-05-18;14100;2388;418386;180842;25.1;10.8
93;2021-05-19;11433;2945;429819;183787;25.7;11.0
93;2021-05-20;12624;3487;442443;187274;26.5;11.2
93;2021-05-21;13015;2888;455458;190162;27.3;11.4
93;2021-05-22;12376;2202;467834;192364;28.0;11.5
93;2021-05-23;8478;1109;476312;193473;28.5;11.6
93;2021-05-24;11210;1944;487522;195417;29.2;11.7
93;2021-05-25;12292;4320;499814;199737;29.9;12.0
93;2021-05-26;11079;3758;510893;203495;30.6;12.2
93;2021-05-27;12708;3897;523601;207392;31.4;12.4
93;2021-05-28;12654;5261;536255;212653;32.1;12.7
93;2021-05-29;11395;4269;547650;216922;32.8;13.0
93;2021-05-30;8209;1380;555859;218302;33.3;13.1
93;2021-05-31;9180;5177;565039;223479;33.8;13.4
93;2021-06-01;11406;6280;576445;229759;34.5;13.8
93;2021-06-02;10720;5198;587165;234957;35.2;14.1
93;2021-06-03;10821;5518;597986;240475;35.8;14.4
93;2021-06-04;10598;7799;608584;248274;36.4;14.9
93;2021-06-05;9022;7361;617606;255635;37.0;15.3
93;2021-06-06;8403;1746;626009;257381;37.5;15.4
93;2021-06-07;10070;7516;636079;264897;38.1;15.9
93;2021-06-08;10367;7379;646446;272276;38.7;16.3
93;2021-06-09;10243;7296;656689;279572;39.3;16.7
93;2021-06-10;9010;8196;665699;287768;39.9;17.2
93;2021-06-11;8823;8818;674522;296586;40.4;17.8
93;2021-06-12;9862;6662;684384;303248;41.0;18.2
93;2021-06-13;7169;2132;691553;305380;41.4;18.3
93;2021-06-14;5401;9735;696954;315115;41.7;18.9
93;2021-06-15;6237;9664;703191;324779;42.1;19.4
93;2021-06-16;6649;9061;709840;333840;42.5;20.0
93;2021-06-17;5756;8473;715596;342313;42.8;20.5
93;2021-06-18;7226;11123;722822;353436;43.3;21.2
93;2021-06-19;7076;11101;729898;364537;43.7;21.8
93;2021-06-20;4945;6878;734843;371415;44.0;22.2
93;2021-06-21;4072;10729;738915;382144;44.2;22.9
93;2021-06-22;4696;11314;743611;393458;44.5;23.6
93;2021-06-23;4538;10597;748149;404055;44.8;24.2
93;2021-06-24;4200;10297;752349;414352;45.0;24.8
93;2021-06-25;5187;13052;757536;427404;45.4;25.6
93;2021-06-26;5300;13927;762836;441331;45.7;26.4
93;2021-06-27;3285;7105;766121;448436;45.9;26.9
93;2021-06-28;3700;12507;769821;460943;46.1;27.6
93;2021-06-29;4017;12355;773838;473298;46.3;28.3
93;2021-06-30;4145;11303;777983;484601;46.6;29.0
93;2021-07-01;6084;11162;784067;495763;46.9;29.7
93;2021-07-02;5810;12381;789877;508144;47.3;30.4
93;2021-07-03;5550;13464;795427;521608;47.6;31.2
93;2021-07-04;3078;7885;798505;529493;47.8;31.7
93;2021-07-05;4595;10848;803100;540341;48.1;32.4
93;2021-07-06;4867;11761;807967;552102;48.4;33.1
93;2021-07-07;5233;11417;813200;563519;48.7;33.7
93;2021-07-08;5064;10273;818264;573792;49.0;34.4
93;2021-07-09;5927;13037;824191;586829;49.3;35.1
93;2021-07-10;5921;14293;830112;601122;49.7;36.0
93;2021-07-11;3688;9093;833800;610215;49.9;36.5
93;2021-07-12;5608;12079;839408;622294;50.3;37.3
93;2021-07-13;11147;13312;850555;635606;50.9;38.1
93;2021-07-14;10676;6803;861231;642409;51.6;38.5
93;2021-07-15;12559;14140;873790;656549;52.3;39.3
93;2021-07-16;13244;13697;887034;670246;53.1;40.1
93;2021-07-17;11420;13919;898454;684165;53.8;41.0
93;2021-07-18;7401;8960;905855;693125;54.2;41.5
93;2021-07-19;9639;10931;915494;704056;54.8;42.2
93;2021-07-20;12669;10693;928163;714749;55.6;42.8
93;2021-07-21;14410;10956;942573;725705;56.4;43.5
93;2021-07-22;14181;9483;956754;735188;57.3;44.0
93;2021-07-23;14624;10664;971378;745852;58.2;44.7
93;2021-07-24;13924;10654;985302;756506;59.0;45.3
93;2021-07-25;9037;6364;994339;762870;59.5;45.7
93;2021-07-26;12797;7800;1007136;770670;60.3;46.1
93;2021-07-27;15186;7468;1022322;778138;61.2;46.6
93;2021-07-28;15032;8311;1037354;786449;62.1;47.1
93;2021-07-29;13606;7082;1050960;793531;62.9;47.5
93;2021-07-30;14193;7879;1065153;801410;63.8;48.0
93;2021-07-31;12255;7723;1077408;809133;64.5;48.4
93;2021-08-01;7776;4614;1085184;813747;65.0;48.7
93;2021-08-02;13236;5781;1098420;819528;65.8;49.1
93;2021-08-03;8433;6871;1106853;826399;66.3;49.5
93;2021-08-04;8178;8010;1115031;834409;66.8;50.0
93;2021-08-05;6300;6865;1121331;841274;67.1;50.4
93;2021-08-06;7372;8339;1128703;849613;67.6;50.9
93;2021-08-07;7480;9058;1136183;858671;68.0;51.4
93;2021-08-08;4603;5560;1140786;864231;68.3;51.7
93;2021-08-09;7628;8088;1148414;872319;68.8;52.2
93;2021-08-10;7485;8853;1155899;881172;69.2;52.8
93;2021-08-11;7682;9696;1163581;890868;69.7;53.3
93;2021-08-12;6637;9044;1170218;899912;70.1;53.9
93;2021-08-13;6844;9032;1177062;908944;70.5;54.4
93;2021-08-14;7394;10509;1184456;919453;70.9;55.1
93;2021-08-15;2967;3625;1187423;923078;71.1;55.3
93;2021-08-16;6582;11222;1194005;934300;71.5;55.9
93;2021-08-17;6365;10919;1200370;945219;71.9;56.6
93;2021-08-18;5726;11214;1206096;956433;72.2;57.3
93;2021-08-19;5030;9674;1211126;966107;72.5;57.8
93;2021-08-20;5322;11235;1216448;977342;72.8;58.5
93;2021-08-21;4557;11947;1221005;989289;73.1;59.2
93;2021-08-22;2264;7051;1223269;996340;73.2;59.7
93;2021-08-23;4579;9336;1227848;1005676;73.5;60.2
93;2021-08-24;4542;8436;1232390;1014112;73.8;60.7
93;2021-08-25;4317;8610;1236707;1022722;74.0;61.2
93;2021-08-26;3783;7109;1240490;1029831;74.3;61.7
93;2021-08-27;4104;8549;1244594;1038380;74.5;62.2
93;2021-08-28;3991;9593;1248585;1047973;74.8;62.7
93;2021-08-29;1820;4807;1250405;1052780;74.9;63.0
93;2021-08-30;3188;7540;1253593;1060320;75.1;63.5
93;2021-08-31;3123;7660;1256716;1067980;75.2;63.9
93;2021-09-01;5127;7507;1261843;1075487;75.6;64.4
93;2021-09-02;3859;5787;1265702;1081274;75.8;64.7
93;2021-09-03;2996;7045;1268698;1088319;76.0;65.2
93;2021-09-04;3472;8775;1272170;1097094;76.2;65.7
93;2021-09-05;1305;3623;1273475;1100717;76.2;65.9
93;2021-09-06;2028;5081;1275503;1105798;76.4;66.2
93;2021-09-07;1891;4637;1277394;1110435;76.5;66.5
93;2021-09-08;2332;5342;1279726;1115777;76.6;66.8
93;2021-09-09;2057;4608;1281783;1120385;76.7;67.1
93;2021-09-10;2858;5446;1284641;1125831;76.9;67.4
93;2021-09-11;2434;6867;1287075;1132698;77.1;67.8
93;2021-09-12;878;2819;1287953;1135517;77.1;68.0
93;2021-09-13;1976;4548;1289929;1140065;77.2;68.3
93;2021-09-14;1946;4058;1291875;1144123;77.4;68.5
93;2021-09-15;1928;4282;1293803;1148405;77.5;68.8
93;2021-09-16;1627;3047;1295430;1151452;77.6;68.9
93;2021-09-17;2002;4562;1297432;1156014;77.7;69.2
93;2021-09-18;1663;5570;1299095;1161584;77.8;69.5
93;2021-09-19;538;2106;1299633;1163690;77.8;69.7
93;2021-09-20;1349;2926;1300982;1166616;77.9;69.9
93;2021-09-21;1034;2491;1302016;1169107;78.0;70.0
93;2021-09-22;1487;3936;1303503;1173043;78.0;70.2
93;2021-09-23;1049;2432;1304552;1175475;78.1;70.4
93;2021-09-24;1352;3437;1305904;1178912;78.2;70.6
93;2021-09-25;1114;4526;1307018;1183438;78.3;70.9
93;2021-09-26;433;1679;1307451;1185117;78.3;71.0
93;2021-09-27;893;2227;1308344;1187344;78.3;71.1
93;2021-09-28;864;2030;1309208;1189374;78.4;71.2
93;2021-09-29;1228;3256;1310436;1192630;78.5;71.4
93;2021-09-30;895;2354;1311331;1194984;78.5;71.5
93;2021-10-01;1131;2744;1312462;1197728;78.6;71.7
93;2021-10-02;1153;2783;1313615;1200511;78.7;71.9
93;2021-10-03;302;831;1313917;1201342;78.7;71.9
93;2021-10-04;882;2202;1314799;1203544;78.7;72.1
93;2021-10-05;767;2059;1315566;1205603;78.8;72.2
93;2021-10-06;1048;2338;1316614;1207941;78.8;72.3
93;2021-10-07;868;2357;1317482;1210298;78.9;72.5
93;2021-10-08;1067;2582;1318549;1212880;78.9;72.6
93;2021-10-09;1312;2793;1319861;1215673;79.0;72.8
93;2021-10-10;313;988;1320174;1216661;79.0;72.8
93;2021-10-11;696;1970;1320870;1218631;79.1;73.0
93;2021-10-12;650;1988;1321520;1220619;79.1;73.1
94;2020-12-27;8;0;8;0;0.0;0.0
94;2020-12-28;11;1;19;1;0.0;0.0
94;2020-12-29;0;0;19;1;0.0;0.0
94;2020-12-30;1;0;20;1;0.0;0.0
94;2020-12-31;7;2;27;3;0.0;0.0
94;2021-01-01;5;0;32;3;0.0;0.0
94;2021-01-02;0;0;32;3;0.0;0.0
94;2021-01-03;3;1;35;4;0.0;0.0
94;2021-01-04;39;2;74;6;0.0;0.0
94;2021-01-05;233;2;307;8;0.0;0.0
94;2021-01-06;333;5;640;13;0.0;0.0
94;2021-01-07;694;11;1334;24;0.1;0.0
94;2021-01-08;925;11;2259;35;0.2;0.0
94;2021-01-09;47;0;2306;35;0.2;0.0
94;2021-01-10;18;0;2324;35;0.2;0.0
94;2021-01-11;1015;13;3339;48;0.2;0.0
94;2021-01-12;1343;26;4682;74;0.3;0.0
94;2021-01-13;1408;26;6090;100;0.4;0.0
94;2021-01-14;1544;31;7634;131;0.5;0.0
94;2021-01-15;1222;25;8856;156;0.6;0.0
94;2021-01-16;197;1;9053;157;0.6;0.0
94;2021-01-17;100;2;9153;159;0.7;0.0
94;2021-01-18;1501;29;10654;188;0.8;0.0
94;2021-01-19;1952;30;12606;218;0.9;0.0
94;2021-01-20;2190;28;14796;246;1.1;0.0
94;2021-01-21;3032;23;17828;269;1.3;0.0
94;2021-01-22;2193;30;20021;299;1.4;0.0
94;2021-01-23;735;4;20756;303;1.5;0.0
94;2021-01-24;286;0;21042;303;1.5;0.0
94;2021-01-25;1474;27;22516;330;1.6;0.0
94;2021-01-26;1581;29;24097;359;1.7;0.0
94;2021-01-27;1848;56;25945;415;1.8;0.0
94;2021-01-28;1558;141;27503;556;2.0;0.0
94;2021-01-29;1380;150;28883;706;2.1;0.1
94;2021-01-30;581;4;29464;710;2.1;0.1
94;2021-01-31;123;9;29587;719;2.1;0.1
94;2021-02-01;931;153;30518;872;2.2;0.1
94;2021-02-02;854;253;31372;1125;2.2;0.1
94;2021-02-03;763;368;32135;1493;2.3;0.1
94;2021-02-04;901;430;33036;1923;2.3;0.1
94;2021-02-05;875;574;33911;2497;2.4;0.2
94;2021-02-06;408;75;34319;2572;2.4;0.2
94;2021-02-07;123;1;34442;2573;2.4;0.2
94;2021-02-08;637;550;35079;3123;2.5;0.2
94;2021-02-09;1036;986;36115;4109;2.6;0.3
94;2021-02-10;1103;1364;37218;5473;2.6;0.4
94;2021-02-11;1430;1558;38648;7031;2.7;0.5
94;2021-02-12;1395;1657;40043;8688;2.8;0.6
94;2021-02-13;300;262;40343;8950;2.9;0.6
94;2021-02-14;30;72;40373;9022;2.9;0.6
94;2021-02-15;755;1768;41128;10790;2.9;0.8
94;2021-02-16;702;2745;41830;13535;3.0;1.0
94;2021-02-17;719;1593;42549;15128;3.0;1.1
94;2021-02-18;798;1704;43347;16832;3.1;1.2
94;2021-02-19;968;1463;44315;18295;3.2;1.3
94;2021-02-20;133;922;44448;19217;3.2;1.4
94;2021-02-21;21;184;44469;19401;3.2;1.4
94;2021-02-22;525;1350;44994;20751;3.2;1.5
94;2021-02-23;624;1278;45618;22029;3.2;1.6
94;2021-02-24;694;928;46312;22957;3.3;1.6
94;2021-02-25;1073;1568;47385;24525;3.4;1.7
94;2021-02-26;1322;1077;48707;25602;3.5;1.8
94;2021-02-27;518;557;49225;26159;3.5;1.9
94;2021-02-28;91;84;49316;26243;3.5;1.9
94;2021-03-01;887;950;50203;27193;3.6;1.9
94;2021-03-02;1567;1005;51770;28198;3.7;2.0
94;2021-03-03;1952;1029;53722;29227;3.8;2.1
94;2021-03-04;2858;1210;56580;30437;4.0;2.2
94;2021-03-05;3839;1375;60419;31812;4.3;2.3
94;2021-03-06;4823;607;65242;32419;4.6;2.3
94;2021-03-07;3689;583;68931;33002;4.9;2.3
94;2021-03-08;1919;821;70850;33823;5.0;2.4
94;2021-03-09;2561;955;73411;34778;5.2;2.5
94;2021-03-10;3201;1066;76612;35844;5.4;2.5
94;2021-03-11;3840;968;80452;36812;5.7;2.6
94;2021-03-12;4586;849;85038;37661;6.0;2.7
94;2021-03-13;4132;415;89170;38076;6.3;2.7
94;2021-03-14;2115;163;91285;38239;6.5;2.7
94;2021-03-15;3172;810;94457;39049;6.7;2.8
94;2021-03-16;2776;458;97233;39507;6.9;2.8
94;2021-03-17;2863;477;100096;39984;7.1;2.8
94;2021-03-18;3267;457;103363;40441;7.4;2.9
94;2021-03-19;4273;736;107636;41177;7.7;2.9
94;2021-03-20;3692;306;111328;41483;7.9;3.0
94;2021-03-21;1465;397;112793;41880;8.0;3.0
94;2021-03-22;3221;687;116014;42567;8.3;3.0
94;2021-03-23;4515;756;120529;43323;8.6;3.1
94;2021-03-24;4627;648;125156;43971;8.9;3.1
94;2021-03-25;6321;710;131477;44681;9.4;3.2
94;2021-03-26;6091;858;137568;45539;9.8;3.2
94;2021-03-27;4471;287;142039;45826;10.1;3.3
94;2021-03-28;1891;119;143930;45945;10.2;3.3
94;2021-03-29;4129;1253;148059;47198;10.5;3.4
94;2021-03-30;5298;1371;153357;48569;10.9;3.5
94;2021-03-31;4913;1844;158270;50413;11.3;3.6
94;2021-04-01;5834;2344;164104;52757;11.7;3.8
94;2021-04-02;5246;2344;169350;55101;12.0;3.9
94;2021-04-03;3087;2540;172437;57641;12.3;4.1
94;2021-04-04;1051;781;173488;58422;12.3;4.2
94;2021-04-05;837;163;174325;58585;12.4;4.2
94;2021-04-06;3582;2617;177907;61202;12.7;4.4
94;2021-04-07;3865;2283;181772;63485;12.9;4.5
94;2021-04-08;4630;2089;186402;65574;13.3;4.7
94;2021-04-09;5367;2504;191769;68078;13.6;4.8
94;2021-04-10;2957;3014;194726;71092;13.8;5.1
94;2021-04-11;1267;1771;195993;72863;13.9;5.2
94;2021-04-12;3441;2302;199434;75165;14.2;5.3
94;2021-04-13;4314;3440;203748;78605;14.5;5.6
94;2021-04-14;3904;2713;207652;81318;14.8;5.8
94;2021-04-15;4453;3015;212105;84333;15.1;6.0
94;2021-04-16;4710;2861;216815;87194;15.4;6.2
94;2021-04-17;2463;2778;219278;89972;15.6;6.4
94;2021-04-18;919;1249;220197;91221;15.7;6.5
94;2021-04-19;2977;2459;223174;93680;15.9;6.7
94;2021-04-20;3275;2723;226449;96403;16.1;6.9
94;2021-04-21;3221;3179;229670;99582;16.3;7.1
94;2021-04-22;3912;3658;233582;103240;16.6;7.3
94;2021-04-23;4121;4012;237703;107252;16.9;7.6
94;2021-04-24;4265;3417;241968;110669;17.2;7.9
94;2021-04-25;2408;1517;244376;112186;17.4;8.0
94;2021-04-26;4011;3291;248387;115477;17.7;8.2
94;2021-04-27;5098;3396;253485;118873;18.0;8.5
94;2021-04-28;4832;3655;258317;122528;18.4;8.7
94;2021-04-29;6414;3831;264731;126359;18.8;9.0
94;2021-04-30;6487;3965;271218;130324;19.3;9.3
94;2021-05-01;4057;1069;275275;131393;19.6;9.3
94;2021-05-02;3049;1478;278324;132871;19.8;9.5
94;2021-05-03;5734;5345;284058;138216;20.2;9.8
94;2021-05-04;6098;3587;290156;141803;20.6;10.1
94;2021-05-05;6183;3437;296339;145240;21.1;10.3
94;2021-05-06;7163;3545;303502;148785;21.6;10.6
94;2021-05-07;6673;4130;310175;152915;22.1;10.9
94;2021-05-08;4907;2563;315082;155478;22.4;11.1
94;2021-05-09;4226;2257;319308;157735;22.7;11.2
94;2021-05-10;7713;3135;327021;160870;23.3;11.4
94;2021-05-11;8970;3945;335991;164815;23.9;11.7
94;2021-05-12;9575;3612;345566;168427;24.6;12.0
94;2021-05-13;8675;1368;354241;169795;25.2;12.1
94;2021-05-14;9866;3315;364107;173110;25.9;12.3
94;2021-05-15;8941;2163;373048;175273;26.5;12.5
94;2021-05-16;5068;912;378116;176185;26.9;12.5
94;2021-05-17;10835;2257;388951;178442;27.7;12.7
94;2021-05-18;11296;2453;400247;180895;28.5;12.9
94;2021-05-19;11675;3601;411922;184496;29.3;13.1
94;2021-05-20;12156;4363;424078;188859;30.2;13.4
94;2021-05-21;11874;3166;435952;192025;31.0;13.7
94;2021-05-22;10283;1972;446235;193997;31.7;13.8
94;2021-05-23;4998;712;451233;194709;32.1;13.8
94;2021-05-24;9669;1349;460902;196058;32.8;13.9
94;2021-05-25;10000;4272;470902;200330;33.5;14.2
94;2021-05-26;10294;3313;481196;203643;34.2;14.5
94;2021-05-27;10863;4589;492059;208232;35.0;14.8
94;2021-05-28;10442;4953;502501;213185;35.7;15.2
94;2021-05-29;9868;3459;512369;216644;36.4;15.4
94;2021-05-30;4785;931;517154;217575;36.8;15.5
94;2021-05-31;9989;4240;527143;221815;37.5;15.8
94;2021-06-01;10307;5101;537450;226916;38.2;16.1
94;2021-06-02;9354;4588;546804;231504;38.9;16.5
94;2021-06-03;9561;5607;556365;237111;39.6;16.9
94;2021-06-04;10403;6541;566768;243652;40.3;17.3
94;2021-06-05;9182;6249;575950;249901;41.0;17.8
94;2021-06-06;3984;1849;579934;251750;41.2;17.9
94;2021-06-07;8664;5978;588598;257728;41.9;18.3
94;2021-06-08;8997;7521;597595;265249;42.5;18.9
94;2021-06-09;8954;8166;606549;273415;43.1;19.4
94;2021-06-10;8801;10973;615350;284388;43.8;20.2
94;2021-06-11;7850;8400;623200;292788;44.3;20.8
94;2021-06-12;10259;6855;633459;299643;45.1;21.3
94;2021-06-13;3469;3263;636928;302906;45.3;21.5
94;2021-06-14;6960;8204;643888;311110;45.8;22.1
94;2021-06-15;7735;8822;651623;319932;46.3;22.8
94;2021-06-16;7245;8271;658868;328203;46.9;23.3
94;2021-06-17;6698;9067;665566;337270;47.3;24.0
94;2021-06-18;6575;11960;672141;349230;47.8;24.8
94;2021-06-19;6002;9587;678143;358817;48.2;25.5
94;2021-06-20;1887;4008;680030;362825;48.4;25.8
94;2021-06-21;4528;11189;684558;374014;48.7;26.6
94;2021-06-22;4843;10811;689401;384825;49.0;27.4
94;2021-06-23;4180;11151;693581;395976;49.3;28.2
94;2021-06-24;4970;10336;698551;406312;49.7;28.9
94;2021-06-25;4285;13734;702836;420046;50.0;29.9
94;2021-06-26;3139;12007;705975;432053;50.2;30.7
94;2021-06-27;1059;4998;707034;437051;50.3;31.1
94;2021-06-28;3494;12076;710528;449127;50.5;31.9
94;2021-06-29;4053;12175;714581;461302;50.8;32.8
94;2021-06-30;4364;11649;718945;472951;51.1;33.6
94;2021-07-01;5673;11118;724618;484069;51.5;34.4
94;2021-07-02;5327;12196;729945;496265;51.9;35.3
94;2021-07-03;3710;11799;733655;508064;52.2;36.1
94;2021-07-04;1518;5092;735173;513156;52.3;36.5
94;2021-07-05;4494;11429;739667;524585;52.6;37.3
94;2021-07-06;4620;10893;744287;535478;52.9;38.1
94;2021-07-07;5045;11083;749332;546561;53.3;38.9
94;2021-07-08;5111;10032;754443;556593;53.7;39.6
94;2021-07-09;6108;11876;760551;568469;54.1;40.4
94;2021-07-10;4122;11358;764673;579827;54.4;41.2
94;2021-07-11;1555;4719;766228;584546;54.5;41.6
94;2021-07-12;4337;11966;770565;596512;54.8;42.4
94;2021-07-13;6490;12051;777055;608563;55.3;43.3
94;2021-07-14;4291;5297;781346;613860;55.6;43.7
94;2021-07-15;7320;12370;788666;626230;56.1;44.5
94;2021-07-16;7849;11326;796515;637556;56.6;45.3
94;2021-07-17;6106;11327;802621;648883;57.1;46.1
94;2021-07-18;2629;4024;805250;652907;57.3;46.4
94;2021-07-19;6915;10448;812165;663355;57.8;47.2
94;2021-07-20;8571;10385;820736;673740;58.4;47.9
94;2021-07-21;8804;9587;829540;683327;59.0;48.6
94;2021-07-22;9794;9432;839334;692759;59.7;49.3
94;2021-07-23;9433;9415;848767;702174;60.4;49.9
94;2021-07-24;7216;8885;855983;711059;60.9;50.6
94;2021-07-25;2191;2743;858174;713802;61.0;50.8
94;2021-07-26;7971;8046;866145;721848;61.6;51.3
94;2021-07-27;8621;7007;874766;728855;62.2;51.8
94;2021-07-28;8812;6325;883578;735180;62.8;52.3
94;2021-07-29;9059;6377;892637;741557;63.5;52.7
94;2021-07-30;8207;6600;900844;748157;64.1;53.2
94;2021-07-31;7215;6313;908059;754470;64.6;53.7
94;2021-08-01;3203;1783;911262;756253;64.8;53.8
94;2021-08-02;6669;5471;917931;761724;65.3;54.2
94;2021-08-03;6377;5212;924308;766936;65.7;54.5
94;2021-08-04;6324;5132;930632;772068;66.2;54.9
94;2021-08-05;5863;5473;936495;777541;66.6;55.3
94;2021-08-06;5815;5848;942310;783389;67.0;55.7
94;2021-08-07;4253;4483;946563;787872;67.3;56.0
94;2021-08-08;1371;1718;947934;789590;67.4;56.2
94;2021-08-09;4898;6531;952832;796121;67.8;56.6
94;2021-08-10;5406;6311;958238;802432;68.2;57.1
94;2021-08-11;4307;5725;962545;808157;68.5;57.5
94;2021-08-12;4426;6506;966971;814663;68.8;57.9
94;2021-08-13;3788;5756;970759;820419;69.0;58.3
94;2021-08-14;2904;5736;973663;826155;69.2;58.8
94;2021-08-15;458;736;974121;826891;69.3;58.8
94;2021-08-16;3507;8283;977628;835174;69.5;59.4
94;2021-08-17;3377;8129;981005;843303;69.8;60.0
94;2021-08-18;3273;8613;984278;851916;70.0;60.6
94;2021-08-19;3337;6911;987615;858827;70.2;61.1
94;2021-08-20;3392;7754;991007;866581;70.5;61.6
94;2021-08-21;2568;7151;993575;873732;70.7;62.1
94;2021-08-22;897;2737;994472;876469;70.7;62.3
94;2021-08-23;2848;8451;997320;884920;70.9;62.9
94;2021-08-24;3150;7516;1000470;892436;71.2;63.5
94;2021-08-25;2747;6747;1003217;899183;71.4;64.0
94;2021-08-26;2595;6146;1005812;905329;71.5;64.4
94;2021-08-27;2651;6572;1008463;911901;71.7;64.9
94;2021-08-28;2578;6494;1011041;918395;71.9;65.3
94;2021-08-29;868;2348;1011909;920743;72.0;65.5
94;2021-08-30;2839;7731;1014748;928474;72.2;66.0
94;2021-08-31;2606;7202;1017354;935676;72.4;66.5
94;2021-09-01;2519;5670;1019873;941346;72.5;67.0
94;2021-09-02;1980;4631;1021853;945977;72.7;67.3
94;2021-09-03;2105;5179;1023958;951156;72.8;67.6
94;2021-09-04;2397;5143;1026355;956299;73.0;68.0
94;2021-09-05;706;1130;1027061;957429;73.0;68.1
94;2021-09-06;1574;3446;1028635;960875;73.2;68.3
94;2021-09-07;1512;3182;1030147;964057;73.3;68.6
94;2021-09-08;1486;3292;1031633;967349;73.4;68.8
94;2021-09-09;1276;2861;1032909;970210;73.5;69.0
94;2021-09-10;1617;3408;1034526;973618;73.6;69.2
94;2021-09-11;1772;4248;1036298;977866;73.7;69.5
94;2021-09-12;420;1105;1036718;978971;73.7;69.6
94;2021-09-13;1055;2273;1037773;981244;73.8;69.8
94;2021-09-14;1334;2599;1039107;983843;73.9;70.0
94;2021-09-15;1309;3111;1040416;986954;74.0;70.2
94;2021-09-16;1039;2182;1041455;989136;74.1;70.3
94;2021-09-17;1173;2689;1042628;991825;74.2;70.5
94;2021-09-18;1110;3691;1043738;995516;74.2;70.8
94;2021-09-19;295;1039;1044033;996555;74.3;70.9
94;2021-09-20;784;1967;1044817;998522;74.3;71.0
94;2021-09-21;1002;1788;1045819;1000310;74.4;71.1
94;2021-09-22;951;2367;1046770;1002677;74.4;71.3
94;2021-09-23;773;1699;1047543;1004376;74.5;71.4
94;2021-09-24;994;1979;1048537;1006355;74.6;71.6
94;2021-09-25;965;3064;1049502;1009419;74.6;71.8
94;2021-09-26;270;700;1049772;1010119;74.7;71.8
94;2021-09-27;680;1469;1050452;1011588;74.7;71.9
94;2021-09-28;661;1424;1051113;1013012;74.8;72.0
94;2021-09-29;851;1591;1051964;1014603;74.8;72.2
94;2021-09-30;994;1262;1052958;1015865;74.9;72.3
94;2021-10-01;1078;1801;1054036;1017666;75.0;72.4
94;2021-10-02;978;2166;1055014;1019832;75.0;72.5
94;2021-10-03;249;608;1055263;1020440;75.1;72.6
94;2021-10-04;586;1097;1055849;1021537;75.1;72.7
94;2021-10-05;651;1094;1056500;1022631;75.1;72.7
94;2021-10-06;686;1307;1057186;1023938;75.2;72.8
94;2021-10-07;639;1007;1057825;1024945;75.2;72.9
94;2021-10-08;913;1395;1058738;1026340;75.3;73.0
94;2021-10-09;812;1598;1059550;1027938;75.4;73.1
94;2021-10-10;238;409;1059788;1028347;75.4;73.1
94;2021-10-11;516;853;1060304;1029200;75.4;73.2
94;2021-10-12;659;1214;1060963;1030414;75.5;73.3
95;2020-12-27;3;0;3;0;0.0;0.0
95;2020-12-28;6;0;9;0;0.0;0.0
95;2020-12-29;0;0;9;0;0.0;0.0
95;2020-12-30;0;0;9;0;0.0;0.0
95;2020-12-31;2;0;11;0;0.0;0.0
95;2021-01-01;0;0;11;0;0.0;0.0
95;2021-01-02;13;0;24;0;0.0;0.0
95;2021-01-03;1;0;25;0;0.0;0.0
95;2021-01-04;50;0;75;0;0.0;0.0
95;2021-01-05;319;0;394;0;0.0;0.0
95;2021-01-06;191;0;585;0;0.0;0.0
95;2021-01-07;130;1;715;1;0.1;0.0
95;2021-01-08;279;2;994;3;0.1;0.0
95;2021-01-09;251;0;1245;3;0.1;0.0
95;2021-01-10;384;3;1629;6;0.1;0.0
95;2021-01-11;492;3;2121;9;0.2;0.0
95;2021-01-12;864;3;2985;12;0.2;0.0
95;2021-01-13;782;12;3767;24;0.3;0.0
95;2021-01-14;886;13;4653;37;0.4;0.0
95;2021-01-15;758;6;5411;43;0.4;0.0
95;2021-01-16;298;4;5709;47;0.5;0.0
95;2021-01-17;225;2;5934;49;0.5;0.0
95;2021-01-18;1338;7;7272;56;0.6;0.0
95;2021-01-19;1579;9;8851;65;0.7;0.0
95;2021-01-20;2039;6;10890;71;0.9;0.0
95;2021-01-21;1856;7;12746;78;1.0;0.0
95;2021-01-22;1326;7;14072;85;1.1;0.0
95;2021-01-23;648;0;14720;85;1.2;0.0
95;2021-01-24;182;0;14902;85;1.2;0.0
95;2021-01-25;796;37;15698;122;1.3;0.0
95;2021-01-26;989;163;16687;285;1.3;0.0
95;2021-01-27;1251;192;17938;477;1.4;0.0
95;2021-01-28;1720;37;19658;514;1.6;0.0
95;2021-01-29;1251;210;20909;724;1.7;0.1
95;2021-01-30;478;6;21387;730;1.7;0.1
95;2021-01-31;212;2;21599;732;1.7;0.1
95;2021-02-01;566;273;22165;1005;1.8;0.1
95;2021-02-02;528;270;22693;1275;1.8;0.1
95;2021-02-03;614;519;23307;1794;1.9;0.1
95;2021-02-04;1068;369;24375;2163;2.0;0.2
95;2021-02-05;734;306;25109;2469;2.0;0.2
95;2021-02-06;338;255;25447;2724;2.0;0.2
95;2021-02-07;142;407;25589;3131;2.0;0.3
95;2021-02-08;765;342;26354;3473;2.1;0.3
95;2021-02-09;1136;1101;27490;4574;2.2;0.4
95;2021-02-10;1262;1420;28752;5994;2.3;0.5
95;2021-02-11;1388;1149;30140;7143;2.4;0.6
95;2021-02-12;1031;986;31171;8129;2.5;0.7
95;2021-02-13;330;319;31501;8448;2.5;0.7
95;2021-02-14;43;186;31544;8634;2.5;0.7
95;2021-02-15;430;1061;31974;9695;2.6;0.8
95;2021-02-16;493;916;32467;10611;2.6;0.8
95;2021-02-17;654;1134;33121;11745;2.7;0.9
95;2021-02-18;725;1696;33846;13441;2.7;1.1
95;2021-02-19;783;1305;34629;14746;2.8;1.2
95;2021-02-20;306;492;34935;15238;2.8;1.2
95;2021-02-21;165;313;35100;15551;2.8;1.2
95;2021-02-22;327;1023;35427;16574;2.8;1.3
95;2021-02-23;368;727;35795;17301;2.9;1.4
95;2021-02-24;310;881;36105;18182;2.9;1.5
95;2021-02-25;729;1142;36834;19324;3.0;1.5
95;2021-02-26;991;887;37825;20211;3.0;1.6
95;2021-02-27;365;434;38190;20645;3.1;1.7
95;2021-02-28;61;235;38251;20880;3.1;1.7
95;2021-03-01;773;593;39024;21473;3.1;1.7
95;2021-03-02;1321;861;40345;22334;3.2;1.8
95;2021-03-03;1600;989;41945;23323;3.4;1.9
95;2021-03-04;3196;1225;45141;24548;3.6;2.0
95;2021-03-05;3647;1111;48788;25659;3.9;2.1
95;2021-03-06;4005;515;52793;26174;4.2;2.1
95;2021-03-07;4221;344;57014;26518;4.6;2.1
95;2021-03-08;1541;877;58555;27395;4.7;2.2
95;2021-03-09;2622;516;61177;27911;4.9;2.2
95;2021-03-10;2344;863;63521;28774;5.1;2.3
95;2021-03-11;3141;1172;66662;29946;5.3;2.4
95;2021-03-12;3519;821;70181;30767;5.6;2.5
95;2021-03-13;3515;435;73696;31202;5.9;2.5
95;2021-03-14;1981;315;75677;31517;6.1;2.5
95;2021-03-15;2371;330;78048;31847;6.3;2.6
95;2021-03-16;1575;427;79623;32274;6.4;2.6
95;2021-03-17;2103;427;81726;32701;6.5;2.6
95;2021-03-18;2800;384;84526;33085;6.8;2.7
95;2021-03-19;3474;375;88000;33460;7.0;2.7
95;2021-03-20;2593;211;90593;33671;7.3;2.7
95;2021-03-21;1205;257;91798;33928;7.4;2.7
95;2021-03-22;2936;374;94734;34302;7.6;2.7
95;2021-03-23;3439;473;98173;34775;7.9;2.8
95;2021-03-24;3946;531;102119;35306;8.2;2.8
95;2021-03-25;5861;672;107980;35978;8.6;2.9
95;2021-03-26;5429;704;113409;36682;9.1;2.9
95;2021-03-27;3748;231;117157;36913;9.4;3.0
95;2021-03-28;1536;129;118693;37042;9.5;3.0
95;2021-03-29;2894;581;121587;37623;9.7;3.0
95;2021-03-30;3887;1266;125474;38889;10.1;3.1
95;2021-03-31;3657;1693;129131;40582;10.3;3.3
95;2021-04-01;5483;2297;134614;42879;10.8;3.4
95;2021-04-02;3560;2777;138174;45656;11.1;3.7
95;2021-04-03;2096;2495;140270;48151;11.2;3.9
95;2021-04-04;1249;1213;141519;49364;11.3;4.0
95;2021-04-05;596;64;142115;49428;11.4;4.0
95;2021-04-06;1859;1545;143974;50973;11.5;4.1
95;2021-04-07;4953;2213;148927;53186;11.9;4.3
95;2021-04-08;4896;2482;153823;55668;12.3;4.5
95;2021-04-09;5434;2351;159257;58019;12.8;4.6
95;2021-04-10;3709;1443;162966;59462;13.1;4.8
95;2021-04-11;1567;1045;164533;60507;13.2;4.8
95;2021-04-12;3254;1630;167787;62137;13.4;5.0
95;2021-04-13;3141;1700;170928;63837;13.7;5.1
95;2021-04-14;2751;2005;173679;65842;13.9;5.3
95;2021-04-15;3901;3364;177580;69206;14.2;5.5
95;2021-04-16;4064;3044;181644;72250;14.6;5.8
95;2021-04-17;2376;1760;184020;74010;14.7;5.9
95;2021-04-18;1511;1028;185531;75038;14.9;6.0
95;2021-04-19;2570;2376;188101;77414;15.1;6.2
95;2021-04-20;2121;2460;190222;79874;15.2;6.4
95;2021-04-21;3931;2640;194153;82514;15.6;6.6
95;2021-04-22;3413;4639;197566;87153;15.8;7.0
95;2021-04-23;2765;3564;200331;90717;16.0;7.3
95;2021-04-24;3571;2597;203902;93314;16.3;7.5
95;2021-04-25;1959;1554;205861;94868;16.5;7.6
95;2021-04-26;2753;2713;208614;97581;16.7;7.8
95;2021-04-27;3852;2185;212466;99766;17.0;8.0
95;2021-04-28;3890;2677;216356;102443;17.3;8.2
95;2021-04-29;6142;4563;222498;107006;17.8;8.6
95;2021-04-30;6904;2951;229402;109957;18.4;8.8
95;2021-05-01;2371;923;231773;110880;18.6;8.9
95;2021-05-02;2446;1507;234219;112387;18.8;9.0
95;2021-05-03;5128;1939;239347;114326;19.2;9.2
95;2021-05-04;6351;2737;245698;117063;19.7;9.4
95;2021-05-05;5146;3811;250844;120874;20.1;9.7
95;2021-05-06;8206;4938;259050;125812;20.8;10.1
95;2021-05-07;5778;4760;264828;130572;21.2;10.5
95;2021-05-08;5742;1536;270570;132108;21.7;10.6
95;2021-05-09;2831;1596;273401;133704;21.9;10.7
95;2021-05-10;9972;3203;283373;136907;22.7;11.0
95;2021-05-11;8450;3470;291823;140377;23.4;11.2
95;2021-05-12;9465;3228;301288;143605;24.1;11.5
95;2021-05-13;7953;1204;309241;144809;24.8;11.6
95;2021-05-14;7014;1911;316255;146720;25.3;11.8
95;2021-05-15;4513;1071;320768;147791;25.7;11.8
95;2021-05-16;4825;848;325593;148639;26.1;11.9
95;2021-05-17;7738;1354;333331;149993;26.7;12.0
95;2021-05-18;9468;1861;342799;151854;27.5;12.2
95;2021-05-19;9243;2503;352042;154357;28.2;12.4
95;2021-05-20;12586;2447;364628;156804;29.2;12.6
95;2021-05-21;10172;2541;374800;159345;30.0;12.8
95;2021-05-22;9395;1575;384195;160920;30.8;12.9
95;2021-05-23;4145;965;388340;161885;31.1;13.0
95;2021-05-24;2396;535;390736;162420;31.3;13.0
95;2021-05-25;7212;2082;397948;164502;31.9;13.2
95;2021-05-26;8851;3125;406799;167627;32.6;13.4
95;2021-05-27;10361;4440;417160;172067;33.4;13.8
95;2021-05-28;7682;4419;424842;176486;34.0;14.1
95;2021-05-29;5264;2761;430106;179247;34.5;14.4
95;2021-05-30;3732;1710;433838;180957;34.8;14.5
95;2021-05-31;6424;3330;440262;184287;35.3;14.8
95;2021-06-01;8783;3811;449045;188098;36.0;15.1
95;2021-06-02;8729;4750;457774;192848;36.7;15.4
95;2021-06-03;8524;6564;466298;199412;37.4;16.0
95;2021-06-04;8882;4406;475180;203818;38.1;16.3
95;2021-06-05;8335;3747;483515;207565;38.7;16.6
95;2021-06-06;4836;1626;488351;209191;39.1;16.8
95;2021-06-07;6059;4547;494410;213738;39.6;17.1
95;2021-06-08;6550;5514;500960;219252;40.1;17.6
95;2021-06-09;6254;6478;507214;225730;40.6;18.1
95;2021-06-10;6429;6817;513643;232547;41.1;18.6
95;2021-06-11;7222;6444;520865;238991;41.7;19.1
95;2021-06-12;6002;4374;526867;243365;42.2;19.5
95;2021-06-13;2083;3289;528950;246654;42.4;19.8
95;2021-06-14;5372;5995;534322;252649;42.8;20.2
95;2021-06-15;5740;8074;540062;260723;43.3;20.9
95;2021-06-16;5491;7538;545553;268261;43.7;21.5
95;2021-06-17;6599;8165;552152;276426;44.2;22.1
95;2021-06-18;5822;7862;557974;284288;44.7;22.8
95;2021-06-19;4965;8927;562939;293215;45.1;23.5
95;2021-06-20;1426;3316;564365;296531;45.2;23.8
95;2021-06-21;3534;7715;567899;304246;45.5;24.4
95;2021-06-22;5066;9055;572965;313301;45.9;25.1
95;2021-06-23;4774;10877;577739;324178;46.3;26.0
95;2021-06-24;4941;10724;582680;334902;46.7;26.8
95;2021-06-25;4878;10357;587558;345259;47.1;27.7
95;2021-06-26;4320;8477;591878;353736;47.4;28.3
95;2021-06-27;1032;3995;592910;357731;47.5;28.7
95;2021-06-28;2742;9488;595652;367219;47.7;29.4
95;2021-06-29;2537;8788;598189;376007;47.9;30.1
95;2021-06-30;3952;9996;602141;386003;48.2;30.9
95;2021-07-01;4863;11166;607004;397169;48.6;31.8
95;2021-07-02;4260;10546;611264;407715;49.0;32.7
95;2021-07-03;3525;9155;614789;416870;49.2;33.4
95;2021-07-04;1279;3400;616068;420270;49.4;33.7
95;2021-07-05;2358;4375;618426;424645;49.5;34.0
95;2021-07-06;2772;7753;621198;432398;49.8;34.6
95;2021-07-07;3961;9620;625159;442018;50.1;35.4
95;2021-07-08;5313;9820;630472;451838;50.5;36.2
95;2021-07-09;4552;10079;635024;461917;50.9;37.0
95;2021-07-10;3400;7391;638424;469308;51.1;37.6
95;2021-07-11;1526;3603;639950;472911;51.3;37.9
95;2021-07-12;2990;9692;642940;482603;51.5;38.7
95;2021-07-13;5054;10073;647994;492676;51.9;39.5
95;2021-07-14;4428;5743;652422;498419;52.3;39.9
95;2021-07-15;7402;12370;659824;510789;52.9;40.9
95;2021-07-16;7985;12007;667809;522796;53.5;41.9
95;2021-07-17;5053;7822;672862;530618;53.9;42.5
95;2021-07-18;3482;2914;676344;533532;54.2;42.7
95;2021-07-19;4832;6869;681176;540401;54.6;43.3
95;2021-07-20;6960;8386;688136;548787;55.1;44.0
95;2021-07-21;9257;9452;697393;558239;55.9;44.7
95;2021-07-22;10149;9729;707542;567968;56.7;45.5
95;2021-07-23;10918;10207;718460;578175;57.6;46.3
95;2021-07-24;5259;6237;723719;584412;58.0;46.8
95;2021-07-25;2251;2284;725970;586696;58.2;47.0
95;2021-07-26;4522;4026;730492;590722;58.5;47.3
95;2021-07-27;8502;7045;738994;597767;59.2;47.9
95;2021-07-28;9717;7564;748711;605331;60.0;48.5
95;2021-07-29;8430;5475;757141;610806;60.7;48.9
95;2021-07-30;8516;7776;765657;618582;61.3;49.6
95;2021-07-31;4237;4104;769894;622686;61.7;49.9
95;2021-08-01;2337;1375;772231;624061;61.9;50.0
95;2021-08-02;4160;3918;776391;627979;62.2;50.3
95;2021-08-03;6154;5540;782545;633519;62.7;50.7
95;2021-08-04;6511;6088;789056;639607;63.2;51.2
95;2021-08-05;6868;5732;795924;645339;63.8;51.7
95;2021-08-06;6514;7066;802438;652405;64.3;52.3
95;2021-08-07;2843;3038;805281;655443;64.5;52.5
95;2021-08-08;1370;1888;806651;657331;64.6;52.7
95;2021-08-09;3927;5038;810578;662369;64.9;53.1
95;2021-08-10;5276;5844;815854;668213;65.4;53.5
95;2021-08-11;5370;6563;821224;674776;65.8;54.1
95;2021-08-12;5227;6365;826451;681141;66.2;54.6
95;2021-08-13;3914;5477;830365;686618;66.5;55.0
95;2021-08-14;3570;3323;833935;689941;66.8;55.3
95;2021-08-15;284;361;834219;690302;66.8;55.3
95;2021-08-16;2860;6055;837079;696357;67.1;55.8
95;2021-08-17;3622;7265;840701;703622;67.3;56.4
95;2021-08-18;4276;8074;844977;711696;67.7;57.0
95;2021-08-19;3798;6595;848775;718291;68.0;57.5
95;2021-08-20;3793;7930;852568;726221;68.3;58.2
95;2021-08-21;2717;4304;855285;730525;68.5;58.5
95;2021-08-22;858;2399;856143;732924;68.6;58.7
95;2021-08-23;2469;5652;858612;738576;68.8;59.2
95;2021-08-24;2967;6472;861579;745048;69.0;59.7
95;2021-08-25;3774;8294;865353;753342;69.3;60.3
95;2021-08-26;3166;7534;868519;760876;69.6;61.0
95;2021-08-27;3517;8722;872036;769598;69.9;61.6
95;2021-08-28;2802;5496;874838;775094;70.1;62.1
95;2021-08-29;638;1712;875476;776806;70.1;62.2
95;2021-08-30;2762;6100;878238;782906;70.4;62.7
95;2021-08-31;2820;6310;881058;789216;70.6;63.2
95;2021-09-01;2737;6040;883795;795256;70.8;63.7
95;2021-09-02;1691;4227;885486;799483;70.9;64.0
95;2021-09-03;2219;5359;887705;804842;71.1;64.5
95;2021-09-04;2526;5627;890231;810469;71.3;64.9
95;2021-09-05;421;628;890652;811097;71.3;65.0
95;2021-09-06;1236;3139;891888;814236;71.4;65.2
95;2021-09-07;1396;3143;893284;817379;71.6;65.5
95;2021-09-08;1664;3890;894948;821269;71.7;65.8
95;2021-09-09;1300;3246;896248;824515;71.8;66.0
95;2021-09-10;1573;3517;897821;828032;71.9;66.3
95;2021-09-11;1541;3565;899362;831597;72.0;66.6
95;2021-09-12;321;697;899683;832294;72.1;66.7
95;2021-09-13;879;2206;900562;834500;72.1;66.8
95;2021-09-14;1152;2273;901714;836773;72.2;67.0
95;2021-09-15;1391;3573;903105;840346;72.3;67.3
95;2021-09-16;913;1888;904018;842234;72.4;67.5
95;2021-09-17;1256;2882;905274;845116;72.5;67.7
95;2021-09-18;1277;4204;906551;849320;72.6;68.0
95;2021-09-19;237;584;906788;849904;72.6;68.1
95;2021-09-20;622;1415;907410;851319;72.7;68.2
95;2021-09-21;827;1806;908237;853125;72.8;68.3
95;2021-09-22;936;3081;909173;856206;72.8;68.6
95;2021-09-23;746;1195;909919;857401;72.9;68.7
95;2021-09-24;771;2047;910690;859448;73.0;68.8
95;2021-09-25;1012;3802;911702;863250;73.0;69.2
95;2021-09-26;136;411;911838;863661;73.0;69.2
95;2021-09-27;683;1195;912521;864856;73.1;69.3
95;2021-09-28;767;1410;913288;866266;73.2;69.4
95;2021-09-29;810;1903;914098;868169;73.2;69.5
95;2021-09-30;799;1131;914897;869300;73.3;69.6
95;2021-10-01;758;1405;915655;870705;73.3;69.7
95;2021-10-02;1219;2488;916874;873193;73.4;69.9
95;2021-10-03;132;262;917006;873455;73.5;70.0
95;2021-10-04;402;710;917408;874165;73.5;70.0
95;2021-10-05;595;1218;918003;875383;73.5;70.1
95;2021-10-06;715;1286;918718;876669;73.6;70.2
95;2021-10-07;499;813;919217;877482;73.6;70.3
95;2021-10-08;758;1406;919975;878888;73.7;70.4
95;2021-10-09;1011;1731;920986;880619;73.8;70.5
95;2021-10-10;140;250;921126;880869;73.8;70.6
95;2021-10-11;374;574;921500;881443;73.8;70.6
95;2021-10-12;521;846;922021;882289;73.9;70.7
971;2020-12-27;0;0;0;0;0.0;0.0
971;2020-12-28;0;0;0;0;0.0;0.0
971;2020-12-29;0;0;0;0;0.0;0.0
971;2020-12-30;0;0;0;0;0.0;0.0
971;2020-12-31;0;0;0;0;0.0;0.0
971;2021-01-01;1;0;1;0;0.0;0.0
971;2021-01-02;0;0;1;0;0.0;0.0
971;2021-01-03;0;0;1;0;0.0;0.0
971;2021-01-04;1;0;2;0;0.0;0.0
971;2021-01-05;0;0;2;0;0.0;0.0
971;2021-01-06;1;0;3;0;0.0;0.0
971;2021-01-07;0;0;3;0;0.0;0.0
971;2021-01-08;59;1;62;1;0.0;0.0
971;2021-01-09;20;0;82;1;0.0;0.0
971;2021-01-10;0;0;82;1;0.0;0.0
971;2021-01-11;61;0;143;1;0.0;0.0
971;2021-01-12;46;0;189;1;0.1;0.0
971;2021-01-13;47;1;236;2;0.1;0.0
971;2021-01-14;63;0;299;2;0.1;0.0
971;2021-01-15;77;2;376;4;0.1;0.0
971;2021-01-16;0;0;376;4;0.1;0.0
971;2021-01-17;0;0;376;4;0.1;0.0
971;2021-01-18;82;2;458;6;0.1;0.0
971;2021-01-19;148;0;606;6;0.2;0.0
971;2021-01-20;134;0;740;6;0.2;0.0
971;2021-01-21;156;1;896;7;0.2;0.0
971;2021-01-22;135;0;1031;7;0.3;0.0
971;2021-01-23;1;0;1032;7;0.3;0.0
971;2021-01-24;0;0;1032;7;0.3;0.0
971;2021-01-25;204;3;1236;10;0.3;0.0
971;2021-01-26;218;4;1454;14;0.4;0.0
971;2021-01-27;237;2;1691;16;0.4;0.0
971;2021-01-28;242;6;1933;22;0.5;0.0
971;2021-01-29;200;3;2133;25;0.6;0.0
971;2021-01-30;25;1;2158;26;0.6;0.0
971;2021-01-31;1;0;2159;26;0.6;0.0
971;2021-02-01;231;5;2390;31;0.6;0.0
971;2021-02-02;247;27;2637;58;0.7;0.0
971;2021-02-03;228;4;2865;62;0.8;0.0
971;2021-02-04;307;26;3172;88;0.8;0.0
971;2021-02-05;289;36;3461;124;0.9;0.0
971;2021-02-06;49;1;3510;125;0.9;0.0
971;2021-02-07;0;0;3510;125;0.9;0.0
971;2021-02-08;261;23;3771;148;1.0;0.0
971;2021-02-09;323;29;4094;177;1.1;0.0
971;2021-02-10;256;31;4350;208;1.2;0.1
971;2021-02-11;302;113;4652;321;1.2;0.1
971;2021-02-12;291;31;4943;352;1.3;0.1
971;2021-02-13;51;7;4994;359;1.3;0.1
971;2021-02-14;19;36;5013;395;1.3;0.1
971;2021-02-15;85;45;5098;440;1.4;0.1
971;2021-02-16;16;1;5114;441;1.4;0.1
971;2021-02-17;17;1;5131;442;1.4;0.1
971;2021-02-18;256;19;5387;461;1.4;0.1
971;2021-02-19;250;22;5637;483;1.5;0.1
971;2021-02-20;49;0;5686;483;1.5;0.1
971;2021-02-21;2;0;5688;483;1.5;0.1
971;2021-02-22;197;69;5885;552;1.6;0.1
971;2021-02-23;206;78;6091;630;1.6;0.2
971;2021-02-24;347;127;6438;757;1.7;0.2
971;2021-02-25;385;80;6823;837;1.8;0.2
971;2021-02-26;236;86;7059;923;1.9;0.2
971;2021-02-27;65;0;7124;923;1.9;0.2
971;2021-02-28;1;0;7125;923;1.9;0.2
971;2021-03-01;179;87;7304;1010;1.9;0.3
971;2021-03-02;278;131;7582;1141;2.0;0.3
971;2021-03-03;244;122;7826;1263;2.1;0.3
971;2021-03-04;336;87;8162;1350;2.2;0.4
971;2021-03-05;377;150;8539;1500;2.3;0.4
971;2021-03-06;598;16;9137;1516;2.4;0.4
971;2021-03-07;2;0;9139;1516;2.4;0.4
971;2021-03-08;331;149;9470;1665;2.5;0.4
971;2021-03-09;392;164;9862;1829;2.6;0.5
971;2021-03-10;437;168;10299;1997;2.7;0.5
971;2021-03-11;122;46;10421;2043;2.8;0.5
971;2021-03-12;504;235;10925;2278;2.9;0.6
971;2021-03-13;139;4;11064;2282;2.9;0.6
971;2021-03-14;14;23;11078;2305;2.9;0.6
971;2021-03-15;424;49;11502;2354;3.1;0.6
971;2021-03-16;492;88;11994;2442;3.2;0.6
971;2021-03-17;471;79;12465;2521;3.3;0.7
971;2021-03-18;590;88;13055;2609;3.5;0.7
971;2021-03-19;583;98;13638;2707;3.6;0.7
971;2021-03-20;177;21;13815;2728;3.7;0.7
971;2021-03-21;8;0;13823;2728;3.7;0.7
971;2021-03-22;361;92;14184;2820;3.8;0.7
971;2021-03-23;541;160;14725;2980;3.9;0.8
971;2021-03-24;475;111;15200;3091;4.0;0.8
971;2021-03-25;758;186;15958;3277;4.2;0.9
971;2021-03-26;644;124;16602;3401;4.4;0.9
971;2021-03-27;296;40;16898;3441;4.5;0.9
971;2021-03-28;24;2;16922;3443;4.5;0.9
971;2021-03-29;385;85;17307;3528;4.6;0.9
971;2021-03-30;627;170;17934;3698;4.8;1.0
971;2021-03-31;545;134;18479;3832;4.9;1.0
971;2021-04-01;663;200;19142;4032;5.1;1.1
971;2021-04-02;41;37;19183;4069;5.1;1.1
971;2021-04-03;63;6;19246;4075;5.1;1.1
971;2021-04-04;4;19;19250;4094;5.1;1.1
971;2021-04-05;13;0;19263;4094;5.1;1.1
971;2021-04-06;489;200;19752;4294;5.2;1.1
971;2021-04-07;581;124;20333;4418;5.4;1.2
971;2021-04-08;527;164;20860;4582;5.5;1.2
971;2021-04-09;486;213;21346;4795;5.7;1.3
971;2021-04-10;101;5;21447;4800;5.7;1.3
971;2021-04-11;8;12;21455;4812;5.7;1.3
971;2021-04-12;307;266;21762;5078;5.8;1.3
971;2021-04-13;556;328;22318;5406;5.9;1.4
971;2021-04-14;448;232;22766;5638;6.0;1.5
971;2021-04-15;553;314;23319;5952;6.2;1.6
971;2021-04-16;563;275;23882;6227;6.3;1.7
971;2021-04-17;216;5;24098;6232;6.4;1.7
971;2021-04-18;6;14;24104;6246;6.4;1.7
971;2021-04-19;405;244;24509;6490;6.5;1.7
971;2021-04-20;726;348;25235;6838;6.7;1.8
971;2021-04-21;627;322;25862;7160;6.9;1.9
971;2021-04-22;819;341;26681;7501;7.1;2.0
971;2021-04-23;845;252;27526;7753;7.3;2.1
971;2021-04-24;390;82;27916;7835;7.4;2.1
971;2021-04-25;601;65;28517;7900;7.6;2.1
971;2021-04-26;982;232;29499;8132;7.8;2.2
971;2021-04-27;721;238;30220;8370;8.0;2.2
971;2021-04-28;865;273;31085;8643;8.2;2.3
971;2021-04-29;1203;218;32288;8861;8.6;2.4
971;2021-04-30;1269;197;33557;9058;8.9;2.4
971;2021-05-01;608;44;34165;9102;9.1;2.4
971;2021-05-02;357;20;34522;9122;9.2;2.4
971;2021-05-03;925;194;35447;9316;9.4;2.5
971;2021-05-04;962;212;36409;9528;9.7;2.5
971;2021-05-05;1022;252;37431;9780;9.9;2.6
971;2021-05-06;1146;179;38577;9959;10.2;2.6
971;2021-05-07;1266;274;39843;10233;10.6;2.7
971;2021-05-08;323;40;40166;10273;10.7;2.7
971;2021-05-09;183;11;40349;10284;10.7;2.7
971;2021-05-10;852;221;41201;10505;10.9;2.8
971;2021-05-11;965;314;42166;10819;11.2;2.9
971;2021-05-12;911;325;43077;11144;11.4;3.0
971;2021-05-13;212;78;43289;11222;11.5;3.0
971;2021-05-14;861;274;44150;11496;11.7;3.1
971;2021-05-15;486;15;44636;11511;11.8;3.1
971;2021-05-16;182;36;44818;11547;11.9;3.1
971;2021-05-17;721;276;45539;11823;12.1;3.1
971;2021-05-18;743;389;46282;12212;12.3;3.2
971;2021-05-19;705;529;46987;12741;12.5;3.4
971;2021-05-20;811;378;47798;13119;12.7;3.5
971;2021-05-21;827;405;48625;13524;12.9;3.6
971;2021-05-22;507;214;49132;13738;13.0;3.6
971;2021-05-23;199;114;49331;13852;13.1;3.7
971;2021-05-24;201;173;49532;14025;13.1;3.7
971;2021-05-25;551;660;50083;14685;13.3;3.9
971;2021-05-26;596;491;50679;15176;13.4;4.0
971;2021-05-27;133;179;50812;15355;13.5;4.1
971;2021-05-28;520;525;51332;15880;13.6;4.2
971;2021-05-29;238;140;51570;16020;13.7;4.3
971;2021-05-30;75;112;51645;16132;13.7;4.3
971;2021-05-31;452;535;52097;16667;13.8;4.4
971;2021-06-01;595;706;52692;17373;14.0;4.6
971;2021-06-02;576;705;53268;18078;14.1;4.8
971;2021-06-03;509;558;53777;18636;14.3;4.9
971;2021-06-04;834;799;54611;19435;14.5;5.2
971;2021-06-05;317;644;54928;20079;14.6;5.3
971;2021-06-06;139;528;55067;20607;14.6;5.5
971;2021-06-07;420;781;55487;21388;14.7;5.7
971;2021-06-08;485;886;55972;22274;14.9;5.9
971;2021-06-09;503;857;56475;23131;15.0;6.1
971;2021-06-10;538;848;57013;23979;15.1;6.4
971;2021-06-11;474;1233;57487;25212;15.3;6.7
971;2021-06-12;303;659;57790;25871;15.3;6.9
971;2021-06-13;126;312;57916;26183;15.4;6.9
971;2021-06-14;371;3678;58287;29861;15.5;7.9
971;2021-06-15;483;1981;58770;31842;15.6;8.4
971;2021-06-16;479;1431;59249;33273;15.7;8.8
971;2021-06-17;432;1009;59681;34282;15.8;9.1
971;2021-06-18;483;1020;60164;35302;16.0;9.4
971;2021-06-19;313;508;60477;35810;16.0;9.5
971;2021-06-20;111;231;60588;36041;16.1;9.6
971;2021-06-21;348;674;60936;36715;16.2;9.7
971;2021-06-22;333;870;61269;37585;16.3;10.0
971;2021-06-23;371;892;61640;38477;16.4;10.2
971;2021-06-24;417;731;62057;39208;16.5;10.4
971;2021-06-25;456;759;62513;39967;16.6;10.6
971;2021-06-26;301;512;62814;40479;16.7;10.7
971;2021-06-27;116;148;62930;40627;16.7;10.8
971;2021-06-28;304;682;63234;41309;16.8;11.0
971;2021-06-29;388;780;63622;42089;16.9;11.2
971;2021-06-30;441;926;64063;43015;17.0;11.4
971;2021-07-01;364;649;64427;43664;17.1;11.6
971;2021-07-02;434;693;64861;44357;17.2;11.8
971;2021-07-03;277;467;65138;44824;17.3;11.9
971;2021-07-04;112;238;65250;45062;17.3;12.0
971;2021-07-05;331;504;65581;45566;17.4;12.1
971;2021-07-06;388;769;65969;46335;17.5;12.3
971;2021-07-07;378;844;66347;47179;17.6;12.5
971;2021-07-08;416;791;66763;47970;17.7;12.7
971;2021-07-09;437;796;67200;48766;17.8;12.9
971;2021-07-10;245;295;67445;49061;17.9;13.0
971;2021-07-11;169;137;67614;49198;17.9;13.1
971;2021-07-12;477;603;68091;49801;18.1;13.2
971;2021-07-13;883;1001;68974;50802;18.3;13.5
971;2021-07-14;476;283;69450;51085;18.4;13.6
971;2021-07-15;885;842;70335;51927;18.7;13.8
971;2021-07-16;1095;1041;71430;52968;19.0;14.1
971;2021-07-17;647;445;72077;53413;19.1;14.2
971;2021-07-18;401;221;72478;53634;19.2;14.2
971;2021-07-19;579;579;73057;54213;19.4;14.4
971;2021-07-20;841;736;73898;54949;19.6;14.6
971;2021-07-21;767;501;74665;55450;19.8;14.7
971;2021-07-22;988;877;75653;56327;20.1;14.9
971;2021-07-23;1034;758;76687;57085;20.3;15.1
971;2021-07-24;426;387;77113;57472;20.5;15.2
971;2021-07-25;247;262;77360;57734;20.5;15.3
971;2021-07-26;636;566;77996;58300;20.7;15.5
971;2021-07-27;884;590;78880;58890;20.9;15.6
971;2021-07-28;797;655;79677;59545;21.1;15.8
971;2021-07-29;971;674;80648;60219;21.4;16.0
971;2021-07-30;1320;755;81968;60974;21.7;16.2
971;2021-07-31;557;412;82525;61386;21.9;16.3
971;2021-08-01;315;251;82840;61637;22.0;16.4
971;2021-08-02;765;422;83605;62059;22.2;16.5
971;2021-08-03;764;677;84369;62736;22.4;16.6
971;2021-08-04;694;675;85063;63411;22.6;16.8
971;2021-08-05;699;595;85762;64006;22.8;17.0
971;2021-08-06;933;644;86695;64650;23.0;17.2
971;2021-08-07;453;392;87148;65042;23.1;17.3
971;2021-08-08;279;313;87427;65355;23.2;17.3
971;2021-08-09;592;585;88019;65940;23.4;17.5
971;2021-08-10;762;797;88781;66737;23.6;17.7
971;2021-08-11;925;793;89706;67530;23.8;17.9
971;2021-08-12;1025;804;90731;68334;24.1;18.1
971;2021-08-13;980;444;91711;68778;24.3;18.2
971;2021-08-14;634;702;92345;69480;24.5;18.4
971;2021-08-15;437;413;92782;69893;24.6;18.5
971;2021-08-16;823;742;93605;70635;24.8;18.7
971;2021-08-17;908;871;94513;71506;25.1;19.0
971;2021-08-18;1277;977;95790;72483;25.4;19.2
971;2021-08-19;1349;928;97139;73411;25.8;19.5
971;2021-08-20;1534;1050;98673;74461;26.2;19.8
971;2021-08-21;732;518;99405;74979;26.4;19.9
971;2021-08-22;366;272;99771;75251;26.5;20.0
971;2021-08-23;876;630;100647;75881;26.7;20.1
971;2021-08-24;1293;795;101940;76676;27.0;20.3
971;2021-08-25;1392;801;103332;77477;27.4;20.6
971;2021-08-26;1404;775;104736;78252;27.8;20.8
971;2021-08-27;1506;1100;106242;79352;28.2;21.1
971;2021-08-28;939;580;107181;79932;28.4;21.2
971;2021-08-29;222;241;107403;80173;28.5;21.3
971;2021-08-30;932;720;108335;80893;28.7;21.5
971;2021-08-31;1255;863;109590;81756;29.1;21.7
971;2021-09-01;1128;879;110718;82635;29.4;21.9
971;2021-09-02;1074;852;111792;83487;29.7;22.2
971;2021-09-03;988;1098;112780;84585;29.9;22.4
971;2021-09-04;543;624;113323;85209;30.1;22.6
971;2021-09-05;129;238;113452;85447;30.1;22.7
971;2021-09-06;612;665;114064;86112;30.3;22.8
971;2021-09-07;637;699;114701;86811;30.4;23.0
971;2021-09-08;705;1003;115406;87814;30.6;23.3
971;2021-09-09;641;1070;116047;88884;30.8;23.6
971;2021-09-10;742;1288;116789;90172;31.0;23.9
971;2021-09-11;399;685;117188;90857;31.1;24.1
971;2021-09-12;86;357;117274;91214;31.1;24.2
971;2021-09-13;377;619;117651;91833;31.2;24.4
971;2021-09-14;550;1104;118201;92937;31.4;24.7
971;2021-09-15;553;1166;118754;94103;31.5;25.0
971;2021-09-16;454;1084;119208;95187;31.6;25.3
971;2021-09-17;565;1480;119773;96667;31.8;25.6
971;2021-09-18;279;1021;120052;97688;31.9;25.9
971;2021-09-19;92;336;120144;98024;31.9;26.0
971;2021-09-20;237;966;120381;98990;31.9;26.3
971;2021-09-21;284;1191;120665;100181;32.0;26.6
971;2021-09-22;380;1196;121045;101377;32.1;26.9
971;2021-09-23;369;1222;121414;102599;32.2;27.2
971;2021-09-24;452;1282;121866;103881;32.3;27.6
971;2021-09-25;233;777;122099;104658;32.4;27.8
971;2021-09-26;73;228;122172;104886;32.4;27.8
971;2021-09-27;248;665;122420;105551;32.5;28.0
971;2021-09-28;262;835;122682;106386;32.6;28.2
971;2021-09-29;312;890;122994;107276;32.6;28.5
971;2021-09-30;347;759;123341;108035;32.7;28.7
971;2021-10-01;384;863;123725;108898;32.8;28.9
971;2021-10-02;268;541;123993;109439;32.9;29.0
971;2021-10-03;71;167;124064;109606;32.9;29.1
971;2021-10-04;223;443;124287;110049;33.0;29.2
971;2021-10-05;336;610;124623;110659;33.1;29.4
971;2021-10-06;330;629;124953;111288;33.2;29.5
971;2021-10-07;363;575;125316;111863;33.3;29.7
971;2021-10-08;426;778;125742;112641;33.4;29.9
971;2021-10-09;316;449;126058;113090;33.4;30.0
971;2021-10-10;68;148;126126;113238;33.5;30.0
971;2021-10-11;244;358;126370;113596;33.5;30.1
971;2021-10-12;275;484;126645;114080;33.6;30.3
972;2020-12-27;0;0;0;0;0.0;0.0
972;2020-12-28;0;0;0;0;0.0;0.0
972;2020-12-29;0;0;0;0;0.0;0.0
972;2020-12-30;0;0;0;0;0.0;0.0
972;2020-12-31;0;0;0;0;0.0;0.0
972;2021-01-01;0;0;0;0;0.0;0.0
972;2021-01-02;0;0;0;0;0.0;0.0
972;2021-01-03;0;0;0;0;0.0;0.0
972;2021-01-04;0;0;0;0;0.0;0.0
972;2021-01-05;0;0;0;0;0.0;0.0
972;2021-01-06;5;0;5;0;0.0;0.0
972;2021-01-07;31;0;36;0;0.0;0.0
972;2021-01-08;90;1;126;1;0.0;0.0
972;2021-01-09;20;0;146;1;0.0;0.0
972;2021-01-10;0;0;146;1;0.0;0.0
972;2021-01-11;122;0;268;1;0.1;0.0
972;2021-01-12;79;0;347;1;0.1;0.0
972;2021-01-13;65;0;412;1;0.1;0.0
972;2021-01-14;88;1;500;2;0.1;0.0
972;2021-01-15;171;7;671;9;0.2;0.0
972;2021-01-16;51;0;722;9;0.2;0.0
972;2021-01-17;0;0;722;9;0.2;0.0
972;2021-01-18;158;0;880;9;0.2;0.0
972;2021-01-19;168;1;1048;10;0.3;0.0
972;2021-01-20;170;0;1218;10;0.3;0.0
972;2021-01-21;181;2;1399;12;0.4;0.0
972;2021-01-22;173;0;1572;12;0.4;0.0
972;2021-01-23;58;0;1630;12;0.5;0.0
972;2021-01-24;0;0;1630;12;0.5;0.0
972;2021-01-25;161;1;1791;13;0.5;0.0
972;2021-01-26;138;1;1929;14;0.5;0.0
972;2021-01-27;163;5;2092;19;0.6;0.0
972;2021-01-28;152;12;2244;31;0.6;0.0
972;2021-01-29;143;41;2387;72;0.7;0.0
972;2021-01-30;96;16;2483;88;0.7;0.0
972;2021-01-31;0;0;2483;88;0.7;0.0
972;2021-02-01;119;73;2602;161;0.7;0.0
972;2021-02-02;184;94;2786;255;0.8;0.1
972;2021-02-03;132;76;2918;331;0.8;0.1
972;2021-02-04;160;70;3078;401;0.9;0.1
972;2021-02-05;123;93;3201;494;0.9;0.1
972;2021-02-06;63;26;3264;520;0.9;0.1
972;2021-02-07;1;0;3265;520;0.9;0.1
972;2021-02-08;137;79;3402;599;0.9;0.2
972;2021-02-09;177;77;3579;676;1.0;0.2
972;2021-02-10;153;90;3732;766;1.0;0.2
972;2021-02-11;149;101;3881;867;1.1;0.2
972;2021-02-12;152;131;4033;998;1.1;0.3
972;2021-02-13;47;37;4080;1035;1.1;0.3
972;2021-02-14;0;0;4080;1035;1.1;0.3
972;2021-02-15;51;67;4131;1102;1.2;0.3
972;2021-02-16;0;1;4131;1103;1.2;0.3
972;2021-02-17;1;3;4132;1106;1.2;0.3
972;2021-02-18;69;127;4201;1233;1.2;0.3
972;2021-02-19;69;129;4270;1362;1.2;0.4
972;2021-02-20;48;68;4318;1430;1.2;0.4
972;2021-02-21;0;0;4318;1430;1.2;0.4
972;2021-02-22;102;60;4420;1490;1.2;0.4
972;2021-02-23;113;235;4533;1725;1.3;0.5
972;2021-02-24;106;220;4639;1945;1.3;0.5
972;2021-02-25;93;150;4732;2095;1.3;0.6
972;2021-02-26;132;168;4864;2263;1.4;0.6
972;2021-02-27;69;52;4933;2315;1.4;0.6
972;2021-02-28;0;0;4933;2315;1.4;0.6
972;2021-03-01;138;143;5071;2458;1.4;0.7
972;2021-03-02;158;79;5229;2537;1.5;0.7
972;2021-03-03;179;145;5408;2682;1.5;0.7
972;2021-03-04;152;135;5560;2817;1.5;0.8
972;2021-03-05;236;128;5796;2945;1.6;0.8
972;2021-03-06;119;58;5915;3003;1.6;0.8
972;2021-03-07;100;3;6015;3006;1.7;0.8
972;2021-03-08;196;134;6211;3140;1.7;0.9
972;2021-03-09;283;101;6494;3241;1.8;0.9
972;2021-03-10;322;136;6816;3377;1.9;0.9
972;2021-03-11;337;81;7153;3458;2.0;1.0
972;2021-03-12;413;57;7566;3515;2.1;1.0
972;2021-03-13;155;21;7721;3536;2.2;1.0
972;2021-03-14;4;1;7725;3537;2.2;1.0
972;2021-03-15;277;91;8002;3628;2.2;1.0
972;2021-03-16;305;56;8307;3684;2.3;1.0
972;2021-03-17;388;48;8695;3732;2.4;1.0
972;2021-03-18;437;46;9132;3778;2.5;1.1
972;2021-03-19;402;63;9534;3841;2.7;1.1
972;2021-03-20;149;48;9683;3889;2.7;1.1
972;2021-03-21;25;1;9708;3890;2.7;1.1
972;2021-03-22;361;117;10069;4007;2.8;1.1
972;2021-03-23;404;124;10473;4131;2.9;1.2
972;2021-03-24;429;107;10902;4238;3.0;1.2
972;2021-03-25;492;105;11394;4343;3.2;1.2
972;2021-03-26;634;106;12028;4449;3.4;1.2
972;2021-03-27;154;71;12182;4520;3.4;1.3
972;2021-03-28;81;2;12263;4522;3.4;1.3
972;2021-03-29;423;166;12686;4688;3.5;1.3
972;2021-03-30;469;244;13155;4932;3.7;1.4
972;2021-03-31;1151;193;14306;5125;4.0;1.4
972;2021-04-01;955;174;15261;5299;4.3;1.5
972;2021-04-02;896;16;16157;5315;4.5;1.5
972;2021-04-03;789;58;16946;5373;4.7;1.5
972;2021-04-04;751;15;17697;5388;4.9;1.5
972;2021-04-05;828;44;18525;5432;5.2;1.5
972;2021-04-06;885;136;19410;5568;5.4;1.6
972;2021-04-07;1437;332;20847;5900;5.8;1.6
972;2021-04-08;1307;272;22154;6172;6.2;1.7
972;2021-04-09;1239;316;23393;6488;6.5;1.8
972;2021-04-10;838;165;24231;6653;6.8;1.9
972;2021-04-11;620;15;24851;6668;6.9;1.9
972;2021-04-12;869;318;25720;6986;7.2;1.9
972;2021-04-13;880;330;26600;7316;7.4;2.0
972;2021-04-14;959;324;27559;7640;7.7;2.1
972;2021-04-15;960;303;28519;7943;7.9;2.2
972;2021-04-16;997;301;29516;8244;8.2;2.3
972;2021-04-17;529;161;30045;8405;8.4;2.3
972;2021-04-18;339;56;30384;8461;8.5;2.4
972;2021-04-19;668;342;31052;8803;8.7;2.5
972;2021-04-20;865;309;31917;9112;8.9;2.5
972;2021-04-21;1002;354;32919;9466;9.2;2.6
972;2021-04-22;605;312;33524;9778;9.3;2.7
972;2021-04-23;614;465;34138;10243;9.5;2.9
972;2021-04-24;364;197;34502;10440;9.6;2.9
972;2021-04-25;168;200;34670;10640;9.7;3.0
972;2021-04-26;516;541;35186;11181;9.8;3.1
972;2021-04-27;568;607;35754;11788;10.0;3.3
972;2021-04-28;448;691;36202;12479;10.1;3.5
972;2021-04-29;654;643;36856;13122;10.3;3.7
972;2021-04-30;771;686;37627;13808;10.5;3.8
972;2021-05-01;244;246;37871;14054;10.6;3.9
972;2021-05-02;227;513;38098;14567;10.6;4.1
972;2021-05-03;569;770;38667;15337;10.8;4.3
972;2021-05-04;525;678;39192;16015;10.9;4.5
972;2021-05-05;548;896;39740;16911;11.1;4.7
972;2021-05-06;546;785;40286;17696;11.2;4.9
972;2021-05-07;629;1015;40915;18711;11.4;5.2
972;2021-05-08;225;526;41140;19237;11.5;5.4
972;2021-05-09;172;506;41312;19743;11.5;5.5
972;2021-05-10;519;856;41831;20599;11.7;5.7
972;2021-05-11;477;870;42308;21469;11.8;6.0
972;2021-05-12;560;910;42868;22379;11.9;6.2
972;2021-05-13;275;532;43143;22911;12.0;6.4
972;2021-05-14;388;748;43531;23659;12.1;6.6
972;2021-05-15;233;578;43764;24237;12.2;6.8
972;2021-05-16;155;442;43919;24679;12.2;6.9
972;2021-05-17;475;754;44394;25433;12.4;7.1
972;2021-05-18;445;678;44839;26111;12.5;7.3
972;2021-05-19;453;744;45292;26855;12.6;7.5
972;2021-05-20;594;500;45886;27355;12.8;7.6
972;2021-05-21;544;683;46430;28038;12.9;7.8
972;2021-05-22;186;359;46616;28397;13.0;7.9
972;2021-05-23;111;182;46727;28579;13.0;8.0
972;2021-05-24;134;241;46861;28820;13.1;8.0
972;2021-05-25;350;697;47211;29517;13.2;8.2
972;2021-05-26;381;712;47592;30229;13.3;8.4
972;2021-05-27;271;647;47863;30876;13.3;8.6
972;2021-05-28;280;815;48143;31691;13.4;8.8
972;2021-05-29;154;513;48297;32204;13.5;9.0
972;2021-05-30;17;33;48314;32237;13.5;9.0
972;2021-05-31;346;680;48660;32917;13.6;9.2
972;2021-06-01;299;543;48959;33460;13.6;9.3
972;2021-06-02;325;575;49284;34035;13.7;9.5
972;2021-06-03;247;424;49531;34459;13.8;9.6
972;2021-06-04;350;642;49881;35101;13.9;9.8
972;2021-06-05;260;371;50141;35472;14.0;9.9
972;2021-06-06;25;32;50166;35504;14.0;9.9
972;2021-06-07;260;735;50426;36239;14.1;10.1
972;2021-06-08;255;585;50681;36824;14.1;10.3
972;2021-06-09;303;697;50984;37521;14.2;10.5
972;2021-06-10;308;451;51292;37972;14.3;10.6
972;2021-06-11;358;533;51650;38505;14.4;10.7
972;2021-06-12;232;320;51882;38825;14.5;10.8
972;2021-06-13;32;29;51914;38854;14.5;10.8
972;2021-06-14;367;548;52281;39402;14.6;11.0
972;2021-06-15;409;486;52690;39888;14.7;11.1
972;2021-06-16;436;435;53126;40323;14.8;11.2
972;2021-06-17;354;573;53480;40896;14.9;11.4
972;2021-06-18;458;537;53938;41433;15.0;11.5
972;2021-06-19;225;196;54163;41629;15.1;11.6
972;2021-06-20;25;17;54188;41646;15.1;11.6
972;2021-06-21;332;579;54520;42225;15.2;11.8
972;2021-06-22;297;463;54817;42688;15.3;11.9
972;2021-06-23;421;562;55238;43250;15.4;12.1
972;2021-06-24;330;437;55568;43687;15.5;12.2
972;2021-06-25;313;387;55881;44074;15.6;12.3
972;2021-06-26;222;201;56103;44275;15.6;12.3
972;2021-06-27;16;23;56119;44298;15.6;12.3
972;2021-06-28;336;425;56455;44723;15.7;12.5
972;2021-06-29;329;430;56784;45153;15.8;12.6
972;2021-06-30;440;421;57224;45574;16.0;12.7
972;2021-07-01;351;394;57575;45968;16.0;12.8
972;2021-07-02;124;201;57699;46169;16.1;12.9
972;2021-07-03;100;118;57799;46287;16.1;12.9
972;2021-07-04;24;36;57823;46323;16.1;12.9
972;2021-07-05;494;580;58317;46903;16.3;13.1
972;2021-07-06;488;429;58805;47332;16.4;13.2
972;2021-07-07;613;496;59418;47828;16.6;13.3
972;2021-07-08;492;422;59910;48250;16.7;13.4
972;2021-07-09;629;583;60539;48833;16.9;13.6
972;2021-07-10;405;309;60944;49142;17.0;13.7
972;2021-07-11;52;38;60996;49180;17.0;13.7
972;2021-07-12;847;697;61843;49877;17.2;13.9
972;2021-07-13;1475;707;63318;50584;17.6;14.1
972;2021-07-14;133;65;63451;50649;17.7;14.1
972;2021-07-15;1603;680;65054;51329;18.1;14.3
972;2021-07-16;1632;663;66686;51992;18.6;14.5
972;2021-07-17;1094;367;67780;52359;18.9;14.6
972;2021-07-18;56;39;67836;52398;18.9;14.6
972;2021-07-19;1148;654;68984;53052;19.2;14.8
972;2021-07-20;1130;579;70114;53631;19.5;14.9
972;2021-07-21;1089;604;71203;54235;19.8;15.1
972;2021-07-22;906;519;72109;54754;20.1;15.3
972;2021-07-23;969;484;73078;55238;20.4;15.4
972;2021-07-24;506;224;73584;55462;20.5;15.5
972;2021-07-25;50;63;73634;55525;20.5;15.5
972;2021-07-26;685;525;74319;56050;20.7;15.6
972;2021-07-27;1029;515;75348;56565;21.0;15.8
972;2021-07-28;645;562;75993;57127;21.2;15.9
972;2021-07-29;842;548;76835;57675;21.4;16.1
972;2021-07-30;904;615;77739;58290;21.7;16.2
972;2021-07-31;561;275;78300;58565;21.8;16.3
972;2021-08-01;83;33;78383;58598;21.8;16.3
972;2021-08-02;813;815;79196;59413;22.1;16.6
972;2021-08-03;730;743;79926;60156;22.3;16.8
972;2021-08-04;788;572;80714;60728;22.5;16.9
972;2021-08-05;915;590;81629;61318;22.8;17.1
972;2021-08-06;1196;895;82825;62213;23.1;17.3
972;2021-08-07;667;571;83492;62784;23.3;17.5
972;2021-08-08;85;83;83577;62867;23.3;17.5
972;2021-08-09;1130;1064;84707;63931;23.6;17.8
972;2021-08-10;1199;1041;85906;64972;23.9;18.1
972;2021-08-11;1235;921;87141;65893;24.3;18.4
972;2021-08-12;1451;930;88592;66823;24.7;18.6
972;2021-08-13;1317;645;89909;67468;25.1;18.8
972;2021-08-14;850;322;90759;67790;25.3;18.9
972;2021-08-15;70;55;90829;67845;25.3;18.9
972;2021-08-16;1282;1047;92111;68892;25.7;19.2
972;2021-08-17;1177;1187;93288;70079;26.0;19.5
972;2021-08-18;1238;1174;94526;71253;26.3;19.9
972;2021-08-19;1286;892;95812;72145;26.7;20.1
972;2021-08-20;1329;893;97141;73038;27.1;20.4
972;2021-08-21;758;626;97899;73664;27.3;20.5
972;2021-08-22;47;82;97946;73746;27.3;20.6
972;2021-08-23;1182;859;99128;74605;27.6;20.8
972;2021-08-24;1379;880;100507;75485;28.0;21.0
972;2021-08-25;1079;769;101586;76254;28.3;21.3
972;2021-08-26;1279;807;102865;77061;28.7;21.5
972;2021-08-27;1286;1077;104151;78138;29.0;21.8
972;2021-08-28;779;756;104930;78894;29.2;22.0
972;2021-08-29;100;64;105030;78958;29.3;22.0
972;2021-08-30;1141;1111;106171;80069;29.6;22.3
972;2021-08-31;907;1099;107078;81168;29.8;22.6
972;2021-09-01;812;1118;107890;82286;30.1;22.9
972;2021-09-02;879;1189;108769;83475;30.3;23.3
972;2021-09-03;772;1279;109541;84754;30.5;23.6
972;2021-09-04;615;887;110156;85641;30.7;23.9
972;2021-09-05;145;128;110301;85769;30.7;23.9
972;2021-09-06;600;1026;110901;86795;30.9;24.2
972;2021-09-07;636;935;111537;87730;31.1;24.5
972;2021-09-08;593;1128;112130;88858;31.3;24.8
972;2021-09-09;521;1064;112651;89922;31.4;25.1
972;2021-09-10;588;1297;113239;91219;31.6;25.4
972;2021-09-11;490;893;113729;92112;31.7;25.7
972;2021-09-12;109;106;113838;92218;31.7;25.7
972;2021-09-13;488;1084;114326;93302;31.9;26.0
972;2021-09-14;485;1085;114811;94387;32.0;26.3
972;2021-09-15;392;1089;115203;95476;32.1;26.6
972;2021-09-16;386;1069;115589;96545;32.2;26.9
972;2021-09-17;594;1274;116183;97819;32.4;27.3
972;2021-09-18;437;931;116620;98750;32.5;27.5
972;2021-09-19;43;121;116663;98871;32.5;27.6
972;2021-09-20;376;921;117039;99792;32.6;27.8
972;2021-09-21;431;990;117470;100782;32.7;28.1
972;2021-09-22;362;856;117832;101638;32.8;28.3
972;2021-09-23;406;826;118238;102464;33.0;28.6
972;2021-09-24;459;979;118697;103443;33.1;28.8
972;2021-09-25;333;835;119030;104278;33.2;29.1
972;2021-09-26;30;183;119060;104461;33.2;29.1
972;2021-09-27;303;666;119363;105127;33.3;29.3
972;2021-09-28;409;670;119772;105797;33.4;29.5
972;2021-09-29;364;645;120136;106442;33.5;29.7
972;2021-09-30;475;666;120611;107108;33.6;29.9
972;2021-10-01;539;754;121150;107862;33.8;30.1
972;2021-10-02;369;610;121519;108472;33.9;30.2
972;2021-10-03;40;79;121559;108551;33.9;30.3
972;2021-10-04;367;456;121926;109007;34.0;30.4
972;2021-10-05;368;542;122294;109549;34.1;30.5
972;2021-10-06;391;511;122685;110060;34.2;30.7
972;2021-10-07;395;496;123080;110556;34.3;30.8
972;2021-10-08;515;624;123595;111180;34.5;31.0
972;2021-10-09;406;519;124001;111699;34.6;31.1
972;2021-10-10;34;66;124035;111765;34.6;31.2
972;2021-10-11;449;464;124484;112229;34.7;31.3
972;2021-10-12;355;405;124839;112634;34.8;31.4
973;2020-12-27;0;0;0;0;0.0;0.0
973;2020-12-28;0;0;0;0;0.0;0.0
973;2020-12-29;0;0;0;0;0.0;0.0
973;2020-12-30;0;0;0;0;0.0;0.0
973;2020-12-31;0;0;0;0;0.0;0.0
973;2021-01-01;0;0;0;0;0.0;0.0
973;2021-01-02;1;1;1;1;0.0;0.0
973;2021-01-03;0;0;1;1;0.0;0.0
973;2021-01-04;0;0;1;1;0.0;0.0
973;2021-01-05;0;0;1;1;0.0;0.0
973;2021-01-06;0;0;1;1;0.0;0.0
973;2021-01-07;0;0;1;1;0.0;0.0
973;2021-01-08;0;0;1;1;0.0;0.0
973;2021-01-09;0;0;1;1;0.0;0.0
973;2021-01-10;0;0;1;1;0.0;0.0
973;2021-01-11;0;0;1;1;0.0;0.0
973;2021-01-12;0;0;1;1;0.0;0.0
973;2021-01-13;30;0;31;1;0.0;0.0
973;2021-01-14;46;0;77;1;0.0;0.0
973;2021-01-15;35;0;112;1;0.0;0.0
973;2021-01-16;18;1;130;2;0.0;0.0
973;2021-01-17;0;0;130;2;0.0;0.0
973;2021-01-18;63;0;193;2;0.1;0.0
973;2021-01-19;151;1;344;3;0.1;0.0
973;2021-01-20;134;0;478;3;0.2;0.0
973;2021-01-21;118;0;596;3;0.2;0.0
973;2021-01-22;76;0;672;3;0.2;0.0
973;2021-01-23;0;0;672;3;0.2;0.0
973;2021-01-24;0;0;672;3;0.2;0.0
973;2021-01-25;56;0;728;3;0.3;0.0
973;2021-01-26;100;2;828;5;0.3;0.0
973;2021-01-27;109;1;937;6;0.3;0.0
973;2021-01-28;96;3;1033;9;0.4;0.0
973;2021-01-29;104;3;1137;12;0.4;0.0
973;2021-01-30;0;0;1137;12;0.4;0.0
973;2021-01-31;0;0;1137;12;0.4;0.0
973;2021-02-01;54;0;1191;12;0.4;0.0
973;2021-02-02;122;5;1313;17;0.5;0.0
973;2021-02-03;119;7;1432;24;0.5;0.0
973;2021-02-04;79;25;1511;49;0.5;0.0
973;2021-02-05;66;8;1577;57;0.5;0.0
973;2021-02-06;0;0;1577;57;0.5;0.0
973;2021-02-07;0;0;1577;57;0.5;0.0
973;2021-02-08;52;12;1629;69;0.6;0.0
973;2021-02-09;92;39;1721;108;0.6;0.0
973;2021-02-10;101;41;1822;149;0.6;0.1
973;2021-02-11;105;93;1927;242;0.7;0.1
973;2021-02-12;89;63;2016;305;0.7;0.1
973;2021-02-13;0;0;2016;305;0.7;0.1
973;2021-02-14;0;0;2016;305;0.7;0.1
973;2021-02-15;27;65;2043;370;0.7;0.1
973;2021-02-16;123;52;2166;422;0.7;0.1
973;2021-02-17;145;119;2311;541;0.8;0.2
973;2021-02-18;103;139;2414;680;0.8;0.2
973;2021-02-19;122;72;2536;752;0.9;0.3
973;2021-02-20;0;0;2536;752;0.9;0.3
973;2021-02-21;0;0;2536;752;0.9;0.3
973;2021-02-22;78;48;2614;800;0.9;0.3
973;2021-02-23;158;103;2772;903;1.0;0.3
973;2021-02-24;189;124;2961;1027;1.0;0.4
973;2021-02-25;259;92;3220;1119;1.1;0.4
973;2021-02-26;264;71;3484;1190;1.2;0.4
973;2021-02-27;121;2;3605;1192;1.2;0.4
973;2021-02-28;0;0;3605;1192;1.2;0.4
973;2021-03-01;182;88;3787;1280;1.3;0.4
973;2021-03-02;257;107;4044;1387;1.4;0.5
973;2021-03-03;256;131;4300;1518;1.5;0.5
973;2021-03-04;281;87;4581;1605;1.6;0.6
973;2021-03-05;274;48;4855;1653;1.7;0.6
973;2021-03-06;118;2;4973;1655;1.7;0.6
973;2021-03-07;0;0;4973;1655;1.7;0.6
973;2021-03-08;188;42;5161;1697;1.8;0.6
973;2021-03-09;353;93;5514;1790;1.9;0.6
973;2021-03-10;360;120;5874;1910;2.0;0.7
973;2021-03-11;271;113;6145;2023;2.1;0.7
973;2021-03-12;288;96;6433;2119;2.2;0.7
973;2021-03-13;112;4;6545;2123;2.3;0.7
973;2021-03-14;0;0;6545;2123;2.3;0.7
973;2021-03-15;181;27;6726;2150;2.3;0.7
973;2021-03-16;243;142;6969;2292;2.4;0.8
973;2021-03-17;274;129;7243;2421;2.5;0.8
973;2021-03-18;249;157;7492;2578;2.6;0.9
973;2021-03-19;283;129;7775;2707;2.7;0.9
973;2021-03-20;260;22;8035;2729;2.8;0.9
973;2021-03-21;119;4;8154;2733;2.8;0.9
973;2021-03-22;219;109;8373;2842;2.9;1.0
973;2021-03-23;276;195;8649;3037;3.0;1.0
973;2021-03-24;236;214;8885;3251;3.1;1.1
973;2021-03-25;167;180;9052;3431;3.1;1.2
973;2021-03-26;189;307;9241;3738;3.2;1.3
973;2021-03-27;58;94;9299;3832;3.2;1.3
973;2021-03-28;0;0;9299;3832;3.2;1.3
973;2021-03-29;175;249;9474;4081;3.3;1.4
973;2021-03-30;446;239;9920;4320;3.4;1.5
973;2021-03-31;318;293;10238;4613;3.5;1.6
973;2021-04-01;446;263;10684;4876;3.7;1.7
973;2021-04-02;309;283;10993;5159;3.8;1.8
973;2021-04-03;159;126;11152;5285;3.8;1.8
973;2021-04-04;0;0;11152;5285;3.8;1.8
973;2021-04-05;118;15;11270;5300;3.9;1.8
973;2021-04-06;441;337;11711;5637;4.0;1.9
973;2021-04-07;502;345;12213;5982;4.2;2.1
973;2021-04-08;513;270;12726;6252;4.4;2.2
973;2021-04-09;498;227;13224;6479;4.5;2.2
973;2021-04-10;147;91;13371;6570;4.6;2.3
973;2021-04-11;2;0;13373;6570;4.6;2.3
973;2021-04-12;551;269;13924;6839;4.8;2.4
973;2021-04-13;673;245;14597;7084;5.0;2.4
973;2021-04-14;721;316;15318;7400;5.3;2.5
973;2021-04-15;776;248;16094;7648;5.5;2.6
973;2021-04-16;761;306;16855;7954;5.8;2.7
973;2021-04-17;499;138;17354;8092;6.0;2.8
973;2021-04-18;499;47;17853;8139;6.1;2.8
973;2021-04-19;715;254;18568;8393;6.4;2.9
973;2021-04-20;607;280;19175;8673;6.6;3.0
973;2021-04-21;873;251;20048;8924;6.9;3.1
973;2021-04-22;727;233;20775;9157;7.1;3.2
973;2021-04-23;705;234;21480;9391;7.4;3.2
973;2021-04-24;524;99;22004;9490;7.6;3.3
973;2021-04-25;611;50;22615;9540;7.8;3.3
973;2021-04-26;779;233;23394;9773;8.0;3.4
973;2021-04-27;817;349;24211;10122;8.3;3.5
973;2021-04-28;746;332;24957;10454;8.6;3.6
973;2021-04-29;666;287;25623;10741;8.8;3.7
973;2021-04-30;711;261;26334;11002;9.1;3.8
973;2021-05-01;211;29;26545;11031;9.1;3.8
973;2021-05-02;602;86;27147;11117;9.3;3.8
973;2021-05-03;554;395;27701;11512;9.5;4.0
973;2021-05-04;666;327;28367;11839;9.8;4.1
973;2021-05-05;700;457;29067;12296;10.0;4.2
973;2021-05-06;695;479;29762;12775;10.2;4.4
973;2021-05-07;594;474;30356;13249;10.4;4.6
973;2021-05-08;343;60;30699;13309;10.6;4.6
973;2021-05-09;262;72;30961;13381;10.7;4.6
973;2021-05-10;440;612;31401;13993;10.8;4.8
973;2021-05-11;399;497;31800;14490;10.9;5.0
973;2021-05-12;514;647;32314;15137;11.1;5.2
973;2021-05-13;333;99;32647;15236;11.2;5.2
973;2021-05-14;485;555;33132;15791;11.4;5.4
973;2021-05-15;257;348;33389;16139;11.5;5.6
973;2021-05-16;207;210;33596;16349;11.6;5.6
973;2021-05-17;447;599;34043;16948;11.7;5.8
973;2021-05-18;564;568;34607;17516;11.9;6.0
973;2021-05-19;534;552;35141;18068;12.1;6.2
973;2021-05-20;643;451;35784;18519;12.3;6.4
973;2021-05-21;505;609;36289;19128;12.5;6.6
973;2021-05-22;167;500;36456;19628;12.5;6.8
973;2021-05-23;271;475;36727;20103;12.6;6.9
973;2021-05-24;562;249;37289;20352;12.8;7.0
973;2021-05-25;501;745;37790;21097;13.0;7.3
973;2021-05-26;453;684;38243;21781;13.2;7.5
973;2021-05-27;712;528;38955;22309;13.4;7.7
973;2021-05-28;579;554;39534;22863;13.6;7.9
973;2021-05-29;257;360;39791;23223;13.7;8.0
973;2021-05-30;151;399;39942;23622;13.7;8.1
973;2021-05-31;356;573;40298;24195;13.9;8.3
973;2021-06-01;421;467;40719;24662;14.0;8.5
973;2021-06-02;566;554;41285;25216;14.2;8.7
973;2021-06-03;525;470;41810;25686;14.4;8.8
973;2021-06-04;601;496;42411;26182;14.6;9.0
973;2021-06-05;273;292;42684;26474;14.7;9.1
973;2021-06-06;211;301;42895;26775;14.8;9.2
973;2021-06-07;488;452;43383;27227;14.9;9.4
973;2021-06-08;544;315;43927;27542;15.1;9.5
973;2021-06-09;530;390;44457;27932;15.3;9.6
973;2021-06-10;360;290;44817;28222;15.4;9.7
973;2021-06-11;436;466;45253;28688;15.6;9.9
973;2021-06-12;170;283;45423;28971;15.6;10.0
973;2021-06-13;215;269;45638;29240;15.7;10.1
973;2021-06-14;384;549;46022;29789;15.8;10.2
973;2021-06-15;377;445;46399;30234;16.0;10.4
973;2021-06-16;491;459;46890;30693;16.1;10.6
973;2021-06-17;442;578;47332;31271;16.3;10.8
973;2021-06-18;390;562;47722;31833;16.4;11.0
973;2021-06-19;235;260;47957;32093;16.5;11.0
973;2021-06-20;126;270;48083;32363;16.5;11.1
973;2021-06-21;335;601;48418;32964;16.7;11.3
973;2021-06-22;376;462;48794;33426;16.8;11.5
973;2021-06-23;343;539;49137;33965;16.9;11.7
973;2021-06-24;446;500;49583;34465;17.1;11.9
973;2021-06-25;445;559;50028;35024;17.2;12.0
973;2021-06-26;172;320;50200;35344;17.3;12.2
973;2021-06-27;121;170;50321;35514;17.3;12.2
973;2021-06-28;314;593;50635;36107;17.4;12.4
973;2021-06-29;376;506;51011;36613;17.5;12.6
973;2021-06-30;410;680;51421;37293;17.7;12.8
973;2021-07-01;431;399;51852;37692;17.8;13.0
973;2021-07-02;511;524;52363;38216;18.0;13.1
973;2021-07-03;210;275;52573;38491;18.1;13.2
973;2021-07-04;86;243;52659;38734;18.1;13.3
973;2021-07-05;361;546;53020;39280;18.2;13.5
973;2021-07-06;373;474;53393;39754;18.4;13.7
973;2021-07-07;374;415;53767;40169;18.5;13.8
973;2021-07-08;316;328;54083;40497;18.6;13.9
973;2021-07-09;392;434;54475;40931;18.7;14.1
973;2021-07-10;168;278;54643;41209;18.8;14.2
973;2021-07-11;102;163;54745;41372;18.8;14.2
973;2021-07-12;403;497;55148;41869;19.0;14.4
973;2021-07-13;682;558;55830;42427;19.2;14.6
973;2021-07-14;394;161;56224;42588;19.3;14.7
973;2021-07-15;658;528;56882;43116;19.6;14.8
973;2021-07-16;602;485;57484;43601;19.8;15.0
973;2021-07-17;345;285;57829;43886;19.9;15.1
973;2021-07-18;251;124;58080;44010;20.0;15.1
973;2021-07-19;524;459;58604;44469;20.2;15.3
973;2021-07-20;585;494;59189;44963;20.4;15.5
973;2021-07-21;725;397;59914;45360;20.6;15.6
973;2021-07-22;660;452;60574;45812;20.8;15.8
973;2021-07-23;608;370;61182;46182;21.0;15.9
973;2021-07-24;326;241;61508;46423;21.2;16.0
973;2021-07-25;166;111;61674;46534;21.2;16.0
973;2021-07-26;446;345;62120;46879;21.4;16.1
973;2021-07-27;554;358;62674;47237;21.6;16.2
973;2021-07-28;468;370;63142;47607;21.7;16.4
973;2021-07-29;536;431;63678;48038;21.9;16.5
973;2021-07-30;541;408;64219;48446;22.1;16.7
973;2021-07-31;203;163;64422;48609;22.2;16.7
973;2021-08-01;139;132;64561;48741;22.2;16.8
973;2021-08-02;398;432;64959;49173;22.3;16.9
973;2021-08-03;432;402;65391;49575;22.5;17.1
973;2021-08-04;308;373;65699;49948;22.6;17.2
973;2021-08-05;343;363;66042;50311;22.7;17.3
973;2021-08-06;365;524;66407;50835;22.8;17.5
973;2021-08-07;164;266;66571;51101;22.9;17.6
973;2021-08-08;123;177;66694;51278;22.9;17.6
973;2021-08-09;332;473;67026;51751;23.1;17.8
973;2021-08-10;363;516;67389;52267;23.2;18.0
973;2021-08-11;584;519;67973;52786;23.4;18.2
973;2021-08-12;551;584;68524;53370;23.6;18.4
973;2021-08-13;367;234;68891;53604;23.7;18.4
973;2021-08-14;253;401;69144;54005;23.8;18.6
973;2021-08-15;122;138;69266;54143;23.8;18.6
973;2021-08-16;307;473;69573;54616;23.9;18.8
973;2021-08-17;372;401;69945;55017;24.1;18.9
973;2021-08-18;369;446;70314;55463;24.2;19.1
973;2021-08-19;331;483;70645;55946;24.3;19.2
973;2021-08-20;313;400;70958;56346;24.4;19.4
973;2021-08-21;161;257;71119;56603;24.5;19.5
973;2021-08-22;115;183;71234;56786;24.5;19.5
973;2021-08-23;286;384;71520;57170;24.6;19.7
973;2021-08-24;313;465;71833;57635;24.7;19.8
973;2021-08-25;295;350;72128;57985;24.8;19.9
973;2021-08-26;320;404;72448;58389;24.9;20.1
973;2021-08-27;365;426;72813;58815;25.0;20.2
973;2021-08-28;143;266;72956;59081;25.1;20.3
973;2021-08-29;87;187;73043;59268;25.1;20.4
973;2021-08-30;219;337;73262;59605;25.2;20.5
973;2021-08-31;299;370;73561;59975;25.3;20.6
973;2021-09-01;255;392;73816;60367;25.4;20.8
973;2021-09-02;298;385;74114;60752;25.5;20.9
973;2021-09-03;279;341;74393;61093;25.6;21.0
973;2021-09-04;147;197;74540;61290;25.6;21.1
973;2021-09-05;72;88;74612;61378;25.7;21.1
973;2021-09-06;179;232;74791;61610;25.7;21.2
973;2021-09-07;209;256;75000;61866;25.8;21.3
973;2021-09-08;220;397;75220;62263;25.9;21.4
973;2021-09-09;225;290;75445;62553;26.0;21.5
973;2021-09-10;228;314;75673;62867;26.0;21.6
973;2021-09-11;125;292;75798;63159;26.1;21.7
973;2021-09-12;59;95;75857;63254;26.1;21.8
973;2021-09-13;220;226;76077;63480;26.2;21.8
973;2021-09-14;265;296;76342;63776;26.3;21.9
973;2021-09-15;345;331;76687;64107;26.4;22.1
973;2021-09-16;265;240;76952;64347;26.5;22.1
973;2021-09-17;215;242;77167;64589;26.5;22.2
973;2021-09-18;114;244;77281;64833;26.6;22.3
973;2021-09-19;55;150;77336;64983;26.6;22.4
973;2021-09-20;147;186;77483;65169;26.7;22.4
973;2021-09-21;193;203;77676;65372;26.7;22.5
973;2021-09-22;186;350;77862;65722;26.8;22.6
973;2021-09-23;246;240;78108;65962;26.9;22.7
973;2021-09-24;257;307;78365;66269;27.0;22.8
973;2021-09-25;113;257;78478;66526;27.0;22.9
973;2021-09-26;39;94;78517;66620;27.0;22.9
973;2021-09-27;158;167;78675;66787;27.1;23.0
973;2021-09-28;159;205;78834;66992;27.1;23.0
973;2021-09-29;204;237;79038;67229;27.2;23.1
973;2021-09-30;291;304;79329;67533;27.3;23.2
973;2021-10-01;200;219;79529;67752;27.4;23.3
973;2021-10-02;104;169;79633;67921;27.4;23.4
973;2021-10-03;60;92;79693;68013;27.4;23.4
973;2021-10-04;193;208;79886;68221;27.5;23.5
973;2021-10-05;174;177;80060;68398;27.5;23.5
973;2021-10-06;198;205;80258;68603;27.6;23.6
973;2021-10-07;212;173;80470;68776;27.7;23.7
973;2021-10-08;226;201;80696;68977;27.8;23.7
973;2021-10-09;107;152;80803;69129;27.8;23.8
973;2021-10-10;46;73;80849;69202;27.8;23.8
973;2021-10-11;155;176;81004;69378;27.9;23.9
973;2021-10-12;164;174;81168;69552;27.9;23.9
974;2020-12-27;0;0;0;0;0.0;0.0
974;2020-12-28;0;0;0;0;0.0;0.0
974;2020-12-29;0;0;0;0;0.0;0.0
974;2020-12-30;0;0;0;0;0.0;0.0
974;2020-12-31;0;0;0;0;0.0;0.0
974;2021-01-01;1;0;1;0;0.0;0.0
974;2021-01-02;0;0;1;0;0.0;0.0
974;2021-01-03;0;0;1;0;0.0;0.0
974;2021-01-04;0;0;1;0;0.0;0.0
974;2021-01-05;2;0;3;0;0.0;0.0
974;2021-01-06;0;0;3;0;0.0;0.0
974;2021-01-07;0;0;3;0;0.0;0.0
974;2021-01-08;0;0;3;0;0.0;0.0
974;2021-01-09;1;0;4;0;0.0;0.0
974;2021-01-10;0;0;4;0;0.0;0.0
974;2021-01-11;0;0;4;0;0.0;0.0
974;2021-01-12;0;0;4;0;0.0;0.0
974;2021-01-13;0;0;4;0;0.0;0.0
974;2021-01-14;0;0;4;0;0.0;0.0
974;2021-01-15;335;0;339;0;0.0;0.0
974;2021-01-16;28;0;367;0;0.0;0.0
974;2021-01-17;0;0;367;0;0.0;0.0
974;2021-01-18;49;1;416;1;0.0;0.0
974;2021-01-19;395;0;811;1;0.1;0.0
974;2021-01-20;485;1;1296;2;0.2;0.0
974;2021-01-21;614;2;1910;4;0.2;0.0
974;2021-01-22;414;1;2324;5;0.3;0.0
974;2021-01-23;75;0;2399;5;0.3;0.0
974;2021-01-24;0;0;2399;5;0.3;0.0
974;2021-01-25;274;2;2673;7;0.3;0.0
974;2021-01-26;428;0;3101;7;0.4;0.0
974;2021-01-27;316;0;3417;7;0.4;0.0
974;2021-01-28;409;1;3826;8;0.4;0.0
974;2021-01-29;422;3;4248;11;0.5;0.0
974;2021-01-30;421;1;4669;12;0.5;0.0
974;2021-01-31;0;0;4669;12;0.5;0.0
974;2021-02-01;373;4;5042;16;0.6;0.0
974;2021-02-02;503;3;5545;19;0.6;0.0
974;2021-02-03;602;14;6147;33;0.7;0.0
974;2021-02-04;629;21;6776;54;0.8;0.0
974;2021-02-05;564;97;7340;151;0.9;0.0
974;2021-02-06;501;6;7841;157;0.9;0.0
974;2021-02-07;0;8;7841;165;0.9;0.0
974;2021-02-08;470;34;8311;199;1.0;0.0
974;2021-02-09;787;93;9098;292;1.1;0.0
974;2021-02-10;820;87;9918;379;1.2;0.0
974;2021-02-11;795;89;10713;468;1.2;0.1
974;2021-02-12;638;95;11351;563;1.3;0.1
974;2021-02-13;655;76;12006;639;1.4;0.1
974;2021-02-14;1;0;12007;639;1.4;0.1
974;2021-02-15;526;129;12533;768;1.5;0.1
974;2021-02-16;651;533;13184;1301;1.5;0.2
974;2021-02-17;593;327;13777;1628;1.6;0.2
974;2021-02-18;495;409;14272;2037;1.7;0.2
974;2021-02-19;497;318;14769;2355;1.7;0.3
974;2021-02-20;577;116;15346;2471;1.8;0.3
974;2021-02-21;0;0;15346;2471;1.8;0.3
974;2021-02-22;403;237;15749;2708;1.8;0.3
974;2021-02-23;608;241;16357;2949;1.9;0.3
974;2021-02-24;583;254;16940;3203;2.0;0.4
974;2021-02-25;649;296;17589;3499;2.0;0.4
974;2021-02-26;485;468;18074;3967;2.1;0.5
974;2021-02-27;384;466;18458;4433;2.1;0.5
974;2021-02-28;0;0;18458;4433;2.1;0.5
974;2021-03-01;293;384;18751;4817;2.2;0.6
974;2021-03-02;487;500;19238;5317;2.2;0.6
974;2021-03-03;758;537;19996;5854;2.3;0.7
974;2021-03-04;778;492;20774;6346;2.4;0.7
974;2021-03-05;729;519;21503;6865;2.5;0.8
974;2021-03-06;814;526;22317;7391;2.6;0.9
974;2021-03-07;0;0;22317;7391;2.6;0.9
974;2021-03-08;435;554;22752;7945;2.6;0.9
974;2021-03-09;671;771;23423;8716;2.7;1.0
974;2021-03-10;644;837;24067;9553;2.8;1.1
974;2021-03-11;700;626;24767;10179;2.9;1.2
974;2021-03-12;732;656;25499;10835;3.0;1.3
974;2021-03-13;669;599;26168;11434;3.0;1.3
974;2021-03-14;2;0;26170;11434;3.0;1.3
974;2021-03-15;508;491;26678;11925;3.1;1.4
974;2021-03-16;681;693;27359;12618;3.2;1.5
974;2021-03-17;847;522;28206;13140;3.3;1.5
974;2021-03-18;1022;503;29228;13643;3.4;1.6
974;2021-03-19;786;528;30014;14171;3.5;1.6
974;2021-03-20;578;593;30592;14764;3.6;1.7
974;2021-03-21;0;0;30592;14764;3.6;1.7
974;2021-03-22;566;467;31158;15231;3.6;1.8
974;2021-03-23;780;635;31938;15866;3.7;1.8
974;2021-03-24;790;640;32728;16506;3.8;1.9
974;2021-03-25;934;539;33662;17045;3.9;2.0
974;2021-03-26;923;452;34585;17497;4.0;2.0
974;2021-03-27;781;335;35366;17832;4.1;2.1
974;2021-03-28;1;0;35367;17832;4.1;2.1
974;2021-03-29;960;272;36327;18104;4.2;2.1
974;2021-03-30;883;495;37210;18599;4.3;2.2
974;2021-03-31;736;657;37946;19256;4.4;2.2
974;2021-04-01;718;706;38664;19962;4.5;2.3
974;2021-04-02;688;756;39352;20718;4.6;2.4
974;2021-04-03;699;700;40051;21418;4.7;2.5
974;2021-04-04;0;0;40051;21418;4.7;2.5
974;2021-04-05;0;0;40051;21418;4.7;2.5
974;2021-04-06;796;634;40847;22052;4.7;2.6
974;2021-04-07;1367;783;42214;22835;4.9;2.7
974;2021-04-08;1792;772;44006;23607;5.1;2.7
974;2021-04-09;1508;777;45514;24384;5.3;2.8
974;2021-04-10;1137;650;46651;25034;5.4;2.9
974;2021-04-11;2;0;46653;25034;5.4;2.9
974;2021-04-12;1238;548;47891;25582;5.6;3.0
974;2021-04-13;1439;751;49330;26333;5.7;3.1
974;2021-04-14;2066;771;51396;27104;6.0;3.2
974;2021-04-15;2510;957;53906;28061;6.3;3.3
974;2021-04-16;1936;786;55842;28847;6.5;3.4
974;2021-04-17;1290;604;57132;29451;6.6;3.4
974;2021-04-18;0;0;57132;29451;6.6;3.4
974;2021-04-19;1374;564;58506;30015;6.8;3.5
974;2021-04-20;1651;805;60157;30820;7.0;3.6
974;2021-04-21;2124;626;62281;31446;7.2;3.7
974;2021-04-22;2952;822;65233;32268;7.6;3.8
974;2021-04-23;2311;822;67544;33090;7.9;3.8
974;2021-04-24;1111;805;68655;33895;8.0;3.9
974;2021-04-25;3;0;68658;33895;8.0;3.9
974;2021-04-26;1172;911;69830;34806;8.1;4.0
974;2021-04-27;1687;1029;71517;35835;8.3;4.2
974;2021-04-28;2901;752;74418;36587;8.7;4.3
974;2021-04-29;3947;819;78365;37406;9.1;4.3
974;2021-04-30;3450;912;81815;38318;9.5;4.5
974;2021-05-01;2106;231;83921;38549;9.8;4.5
974;2021-05-02;1;0;83922;38549;9.8;4.5
974;2021-05-03;1865;576;85787;39125;10.0;4.5
974;2021-05-04;2127;1093;87914;40218;10.2;4.7
974;2021-05-05;3119;1648;91033;41866;10.6;4.9
974;2021-05-06;4001;1590;95034;43456;11.1;5.1
974;2021-05-07;3228;1525;98262;44981;11.4;5.2
974;2021-05-08;1578;506;99840;45487;11.6;5.3
974;2021-05-09;2;1;99842;45488;11.6;5.3
974;2021-05-10;2412;1001;102254;46489;11.9;5.4
974;2021-05-11;3650;1640;105904;48129;12.3;5.6
974;2021-05-12;4721;2403;110625;50532;12.9;5.9
974;2021-05-13;3553;600;114178;51132;13.3;5.9
974;2021-05-14;5276;2521;119454;53653;13.9;6.2
974;2021-05-15;3157;1537;122611;55190;14.3;6.4
974;2021-05-16;17;19;122628;55209;14.3;6.4
974;2021-05-17;2995;1498;125623;56707;14.6;6.6
974;2021-05-18;3765;1803;129388;58510;15.0;6.8
974;2021-05-19;4687;2435;134075;60945;15.6;7.1
974;2021-05-20;5139;2853;139214;63798;16.2;7.4
974;2021-05-21;4996;2630;144210;66428;16.8;7.7
974;2021-05-22;3372;1256;147582;67684;17.2;7.9
974;2021-05-23;6;3;147588;67687;17.2;7.9
974;2021-05-24;3644;1078;151232;68765;17.6;8.0
974;2021-05-25;4248;1923;155480;70688;18.1;8.2
974;2021-05-26;4985;2993;160465;73681;18.7;8.6
974;2021-05-27;4620;4101;165085;77782;19.2;9.0
974;2021-05-28;4384;3837;169469;81619;19.7;9.5
974;2021-05-29;2554;2457;172023;84076;20.0;9.8
974;2021-05-30;8;14;172031;84090;20.0;9.8
974;2021-05-31;2347;2251;174378;86341;20.3;10.0
974;2021-06-01;3301;2762;177679;89103;20.7;10.4
974;2021-06-02;3968;3366;181647;92469;21.1;10.8
974;2021-06-03;4042;3653;185689;96122;21.6;11.2
974;2021-06-04;3849;3758;189538;99880;22.0;11.6
974;2021-06-05;2213;1931;191751;101811;22.3;11.8
974;2021-06-06;1074;135;192825;101946;22.4;11.9
974;2021-06-07;2012;2526;194837;104472;22.7;12.1
974;2021-06-08;2558;3339;197395;107811;23.0;12.5
974;2021-06-09;2982;4839;200377;112650;23.3;13.1
974;2021-06-10;3411;4466;203788;117116;23.7;13.6
974;2021-06-11;2840;4623;206628;121739;24.0;14.2
974;2021-06-12;1726;3379;208354;125118;24.2;14.5
974;2021-06-13;1324;246;209678;125364;24.4;14.6
974;2021-06-14;1489;3181;211167;128545;24.6;14.9
974;2021-06-15;2060;3617;213227;132162;24.8;15.4
974;2021-06-16;2748;4664;215975;136826;25.1;15.9
974;2021-06-17;2522;4896;218497;141722;25.4;16.5
974;2021-06-18;2597;4890;221094;146612;25.7;17.0
974;2021-06-19;1300;3516;222394;150128;25.9;17.5
974;2021-06-20;633;289;223027;150417;25.9;17.5
974;2021-06-21;1265;3235;224292;153652;26.1;17.9
974;2021-06-22;1618;3760;225910;157412;26.3;18.3
974;2021-06-23;2258;4994;228168;162406;26.5;18.9
974;2021-06-24;2280;4069;230448;166475;26.8;19.4
974;2021-06-25;2188;4107;232636;170582;27.1;19.8
974;2021-06-26;1401;2712;234037;173294;27.2;20.2
974;2021-06-27;664;268;234701;173562;27.3;20.2
974;2021-06-28;1307;2480;236008;176042;27.4;20.5
974;2021-06-29;1755;2846;237763;178888;27.6;20.8
974;2021-06-30;2561;3843;240324;182731;27.9;21.2
974;2021-07-01;2699;3826;243023;186557;28.3;21.7
974;2021-07-02;2511;3708;245534;190265;28.6;22.1
974;2021-07-03;1613;2457;247147;192722;28.7;22.4
974;2021-07-04;881;1039;248028;193761;28.8;22.5
974;2021-07-05;1698;2223;249726;195984;29.0;22.8
974;2021-07-06;2569;2545;252295;198529;29.3;23.1
974;2021-07-07;2665;3135;254960;201664;29.6;23.5
974;2021-07-08;2418;3173;257378;204837;29.9;23.8
974;2021-07-09;2761;3429;260139;208266;30.3;24.2
974;2021-07-10;1618;2192;261757;210458;30.4;24.5
974;2021-07-11;729;1017;262486;211475;30.5;24.6
974;2021-07-12;1745;2605;264231;214080;30.7;24.9
974;2021-07-13;4433;3348;268664;217428;31.2;25.3
974;2021-07-14;3300;608;271964;218036;31.6;25.4
974;2021-07-15;5556;4024;277520;222060;32.3;25.8
974;2021-07-16;6239;3301;283759;225361;33.0;26.2
974;2021-07-17;4374;1912;288133;227273;33.5;26.4
974;2021-07-18;2673;765;290806;228038;33.8;26.5
974;2021-07-19;4650;2031;295456;230069;34.4;26.8
974;2021-07-20;6231;2431;301687;232500;35.1;27.0
974;2021-07-21;6745;2863;308432;235363;35.9;27.4
974;2021-07-22;7141;2826;315573;238189;36.7;27.7
974;2021-07-23;6641;2982;322214;241171;37.5;28.0
974;2021-07-24;3800;2066;326014;243237;37.9;28.3
974;2021-07-25;2522;754;328536;243991;38.2;28.4
974;2021-07-26;4372;2099;332908;246090;38.7;28.6
974;2021-07-27;5442;2562;338350;248652;39.3;28.9
974;2021-07-28;5395;2909;343745;251561;40.0;29.3
974;2021-07-29;5742;2813;349487;254374;40.6;29.6
974;2021-07-30;5877;2582;355364;256956;41.3;29.9
974;2021-07-31;3936;1649;359300;258605;41.8;30.1
974;2021-08-01;1907;716;361207;259321;42.0;30.2
974;2021-08-02;3435;1869;364642;261190;42.4;30.4
974;2021-08-03;4300;4075;368942;265265;42.9;30.8
974;2021-08-04;4878;4232;373820;269497;43.5;31.3
974;2021-08-05;4446;4667;378266;274164;44.0;31.9
974;2021-08-06;4082;5104;382348;279268;44.5;32.5
974;2021-08-07;2748;4042;385096;283310;44.8;32.9
974;2021-08-08;1481;2265;386577;285575;45.0;33.2
974;2021-08-09;2573;4525;389150;290100;45.3;33.7
974;2021-08-10;3790;4964;392940;295064;45.7;34.3
974;2021-08-11;4644;5449;397584;300513;46.2;34.9
974;2021-08-12;4714;5917;402298;306430;46.8;35.6
974;2021-08-13;4458;5828;406756;312258;47.3;36.3
974;2021-08-14;2608;4329;409364;316587;47.6;36.8
974;2021-08-15;1573;2175;410937;318762;47.8;37.1
974;2021-08-16;2345;4181;413282;322943;48.1;37.6
974;2021-08-17;3187;4525;416469;327468;48.4;38.1
974;2021-08-18;3347;5900;419816;333368;48.8;38.8
974;2021-08-19;3311;4908;423127;338276;49.2;39.3
974;2021-08-20;3441;5274;426568;343550;49.6;39.9
974;2021-08-21;1832;4615;428400;348165;49.8;40.5
974;2021-08-22;1019;1944;429419;350109;49.9;40.7
974;2021-08-23;1815;3328;431234;353437;50.1;41.1
974;2021-08-24;2461;3774;433695;357211;50.4;41.5
974;2021-08-25;2908;5217;436603;362428;50.8;42.1
974;2021-08-26;2669;3870;439272;366298;51.1;42.6
974;2021-08-27;2780;4011;442052;370309;51.4;43.1
974;2021-08-28;1865;3884;443917;374193;51.6;43.5
974;2021-08-29;760;1574;444677;375767;51.7;43.7
974;2021-08-30;1565;2528;446242;378295;51.9;44.0
974;2021-08-31;1866;3333;448108;381628;52.1;44.4
974;2021-09-01;2407;4874;450515;386502;52.4;44.9
974;2021-09-02;2257;4280;452772;390782;52.7;45.4
974;2021-09-03;2339;4472;455111;395254;52.9;46.0
974;2021-09-04;1586;3890;456697;399144;53.1;46.4
974;2021-09-05;607;1309;457304;400453;53.2;46.6
974;2021-09-06;1215;2499;458519;402952;53.3;46.9
974;2021-09-07;1365;3110;459884;406062;53.5;47.2
974;2021-09-08;2120;3884;462004;409946;53.7;47.7
974;2021-09-09;1801;3329;463805;413275;53.9;48.1
974;2021-09-10;1931;3722;465736;416997;54.2;48.5
974;2021-09-11;1535;2469;467271;419466;54.3;48.8
974;2021-09-12;391;960;467662;420426;54.4;48.9
974;2021-09-13;1085;1847;468747;422273;54.5;49.1
974;2021-09-14;1515;2329;470262;424602;54.7;49.4
974;2021-09-15;1825;3031;472087;427633;54.9;49.7
974;2021-09-16;1402;2782;473489;430415;55.1;50.1
974;2021-09-17;1500;3064;474989;433479;55.2;50.4
974;2021-09-18;1203;1955;476192;435434;55.4;50.6
974;2021-09-19;291;716;476483;436150;55.4;50.7
974;2021-09-20;721;1632;477204;437782;55.5;50.9
974;2021-09-21;835;1816;478039;439598;55.6;51.1
974;2021-09-22;1255;2516;479294;442114;55.7;51.4
974;2021-09-23;846;2119;480140;444233;55.8;51.7
974;2021-09-24;1099;2475;481239;446708;56.0;51.9
974;2021-09-25;767;1879;482006;448587;56.0;52.2
974;2021-09-26;160;518;482166;449105;56.1;52.2
974;2021-09-27;607;1071;482773;450176;56.1;52.3
974;2021-09-28;850;1536;483623;451712;56.2;52.5
974;2021-09-29;1200;2329;484823;454041;56.4;52.8
974;2021-09-30;998;1753;485821;455794;56.5;53.0
974;2021-10-01;1278;1989;487099;457783;56.6;53.2
974;2021-10-02;946;1469;488045;459252;56.8;53.4
974;2021-10-03;265;387;488310;459639;56.8;53.4
974;2021-10-04;722;1150;489032;460789;56.9;53.6
974;2021-10-05;961;1345;489993;462134;57.0;53.7
974;2021-10-06;1196;1914;491189;464048;57.1;54.0
974;2021-10-07;991;1478;492180;465526;57.2;54.1
974;2021-10-08;1144;1807;493324;467333;57.4;54.3
974;2021-10-09;904;1326;494228;468659;57.5;54.5
974;2021-10-10;210;238;494438;468897;57.5;54.5
974;2021-10-11;1034;945;495472;469842;57.6;54.6
974;2021-10-12;1110;974;496582;470816;57.7;54.7
976;2020-12-27;0;0;0;0;0.0;0.0
976;2020-12-28;0;0;0;0;0.0;0.0
976;2020-12-29;0;0;0;0;0.0;0.0
976;2020-12-30;0;0;0;0;0.0;0.0
976;2020-12-31;0;0;0;0;0.0;0.0
976;2021-01-01;0;0;0;0;0.0;0.0
976;2021-01-02;0;0;0;0;0.0;0.0
976;2021-01-03;0;0;0;0;0.0;0.0
976;2021-01-04;0;0;0;0;0.0;0.0
976;2021-01-05;0;0;0;0;0.0;0.0
976;2021-01-06;0;0;0;0;0.0;0.0
976;2021-01-07;0;0;0;0;0.0;0.0
976;2021-01-08;0;0;0;0;0.0;0.0
976;2021-01-09;0;0;0;0;0.0;0.0
976;2021-01-10;0;0;0;0;0.0;0.0
976;2021-01-11;9;0;9;0;0.0;0.0
976;2021-01-12;0;0;9;0;0.0;0.0
976;2021-01-13;0;0;9;0;0.0;0.0
976;2021-01-14;0;0;9;0;0.0;0.0
976;2021-01-15;1;0;10;0;0.0;0.0
976;2021-01-16;1;0;11;0;0.0;0.0
976;2021-01-17;0;0;11;0;0.0;0.0
976;2021-01-18;1;0;12;0;0.0;0.0
976;2021-01-19;0;0;12;0;0.0;0.0
976;2021-01-20;0;0;12;0;0.0;0.0
976;2021-01-21;1;1;13;1;0.0;0.0
976;2021-01-22;0;0;13;1;0.0;0.0
976;2021-01-23;1;0;14;1;0.0;0.0
976;2021-01-24;0;0;14;1;0.0;0.0
976;2021-01-25;144;3;158;4;0.1;0.0
976;2021-01-26;167;3;325;7;0.1;0.0
976;2021-01-27;250;4;575;11;0.2;0.0
976;2021-01-28;104;9;679;20;0.2;0.0
976;2021-01-29;233;5;912;25;0.3;0.0
976;2021-01-30;286;11;1198;36;0.4;0.0
976;2021-01-31;1;0;1199;36;0.4;0.0
976;2021-02-01;161;2;1360;38;0.5;0.0
976;2021-02-02;328;11;1688;49;0.6;0.0
976;2021-02-03;227;4;1915;53;0.7;0.0
976;2021-02-04;215;10;2130;63;0.8;0.0
976;2021-02-05;213;1;2343;64;0.8;0.0
976;2021-02-06;83;10;2426;74;0.9;0.0
976;2021-02-07;0;0;2426;74;0.9;0.0
976;2021-02-08;82;4;2508;78;0.9;0.0
976;2021-02-09;194;2;2702;80;1.0;0.0
976;2021-02-10;187;5;2889;85;1.0;0.0
976;2021-02-11;236;5;3125;90;1.1;0.0
976;2021-02-12;288;7;3413;97;1.2;0.0
976;2021-02-13;56;0;3469;97;1.2;0.0
976;2021-02-14;2;0;3471;97;1.2;0.0
976;2021-02-15;358;11;3829;108;1.4;0.0
976;2021-02-16;266;10;4095;118;1.5;0.0
976;2021-02-17;167;9;4262;127;1.5;0.0
976;2021-02-18;217;16;4479;143;1.6;0.1
976;2021-02-19;237;24;4716;167;1.7;0.1
976;2021-02-20;138;9;4854;176;1.7;0.1
976;2021-02-21;0;0;4854;176;1.7;0.1
976;2021-02-22;130;121;4984;297;1.8;0.1
976;2021-02-23;185;156;5169;453;1.8;0.2
976;2021-02-24;176;146;5345;599;1.9;0.2
976;2021-02-25;227;278;5572;877;2.0;0.3
976;2021-02-26;242;247;5814;1124;2.1;0.4
976;2021-02-27;0;0;5814;1124;2.1;0.4
976;2021-02-28;0;0;5814;1124;2.1;0.4
976;2021-03-01;146;258;5960;1382;2.1;0.5
976;2021-03-02;228;260;6188;1642;2.2;0.6
976;2021-03-03;202;190;6390;1832;2.3;0.7
976;2021-03-04;205;145;6595;1977;2.4;0.7
976;2021-03-05;225;118;6820;2095;2.4;0.7
976;2021-03-06;1;0;6821;2095;2.4;0.7
976;2021-03-07;1;0;6822;2095;2.4;0.7
976;2021-03-08;189;112;7011;2207;2.5;0.8
976;2021-03-09;390;164;7401;2371;2.6;0.8
976;2021-03-10;179;178;7580;2549;2.7;0.9
976;2021-03-11;167;209;7747;2758;2.8;1.0
976;2021-03-12;237;294;7984;3052;2.9;1.1
976;2021-03-13;3;1;7987;3053;2.9;1.1
976;2021-03-14;0;0;7987;3053;2.9;1.1
976;2021-03-15;157;295;8144;3348;2.9;1.2
976;2021-03-16;238;227;8382;3575;3.0;1.3
976;2021-03-17;264;147;8646;3722;3.1;1.3
976;2021-03-18;174;235;8820;3957;3.2;1.4
976;2021-03-19;174;298;8994;4255;3.2;1.5
976;2021-03-20;0;0;8994;4255;3.2;1.5
976;2021-03-21;0;0;8994;4255;3.2;1.5
976;2021-03-22;97;136;9091;4391;3.3;1.6
976;2021-03-23;136;239;9227;4630;3.3;1.7
976;2021-03-24;160;147;9387;4777;3.4;1.7
976;2021-03-25;184;206;9571;4983;3.4;1.8
976;2021-03-26;160;212;9731;5195;3.5;1.9
976;2021-03-27;18;0;9749;5195;3.5;1.9
976;2021-03-28;1;0;9750;5195;3.5;1.9
976;2021-03-29;0;2;9750;5197;3.5;1.9
976;2021-03-30;272;337;10022;5534;3.6;2.0
976;2021-03-31;225;124;10247;5658;3.7;2.0
976;2021-04-01;246;105;10493;5763;3.8;2.1
976;2021-04-02;286;263;10779;6026;3.9;2.2
976;2021-04-03;905;310;11684;6336;4.2;2.3
976;2021-04-04;2;0;11686;6336;4.2;2.3
976;2021-04-05;1;0;11687;6336;4.2;2.3
976;2021-04-06;161;277;11848;6613;4.2;2.4
976;2021-04-07;236;267;12084;6880;4.3;2.5
976;2021-04-08;283;140;12367;7020;4.4;2.5
976;2021-04-09;248;172;12615;7192;4.5;2.6
976;2021-04-10;181;114;12796;7306;4.6;2.6
976;2021-04-11;7;0;12803;7306;4.6;2.6
976;2021-04-12;0;19;12803;7325;4.6;2.6
976;2021-04-13;395;346;13198;7671;4.7;2.7
976;2021-04-14;239;206;13437;7877;4.8;2.8
976;2021-04-15;209;117;13646;7994;4.9;2.9
976;2021-04-16;215;127;13861;8121;5.0;2.9
976;2021-04-17;225;130;14086;8251;5.0;3.0
976;2021-04-18;1;0;14087;8251;5.0;3.0
976;2021-04-19;7;1;14094;8252;5.0;3.0
976;2021-04-20;367;222;14461;8474;5.2;3.0
976;2021-04-21;412;151;14873;8625;5.3;3.1
976;2021-04-22;410;151;15283;8776;5.5;3.1
976;2021-04-23;366;166;15649;8942;5.6;3.2
976;2021-04-24;414;130;16063;9072;5.7;3.2
976;2021-04-25;3;0;16066;9072;5.7;3.2
976;2021-04-26;55;8;16121;9080;5.8;3.2
976;2021-04-27;350;292;16471;9372;5.9;3.4
976;2021-04-28;355;514;16826;9886;6.0;3.5
976;2021-04-29;559;344;17385;10230;6.2;3.7
976;2021-04-30;408;239;17793;10469;6.4;3.7
976;2021-05-01;672;288;18465;10757;6.6;3.8
976;2021-05-02;0;0;18465;10757;6.6;3.8
976;2021-05-03;140;6;18605;10763;6.7;3.9
976;2021-05-04;355;426;18960;11189;6.8;4.0
976;2021-05-05;447;318;19407;11507;6.9;4.1
976;2021-05-06;320;203;19727;11710;7.1;4.2
976;2021-05-07;341;133;20068;11843;7.2;4.2
976;2021-05-08;309;142;20377;11985;7.3;4.3
976;2021-05-09;0;0;20377;11985;7.3;4.3
976;2021-05-10;9;9;20386;11994;7.3;4.3
976;2021-05-11;363;493;20749;12487;7.4;4.5
976;2021-05-12;334;310;21083;12797;7.5;4.6
976;2021-05-13;126;96;21209;12893;7.6;4.6
976;2021-05-14;0;0;21209;12893;7.6;4.6
976;2021-05-15;485;282;21694;13175;7.8;4.7
976;2021-05-16;1;0;21695;13175;7.8;4.7
976;2021-05-17;124;51;21819;13226;7.8;4.7
976;2021-05-18;518;430;22337;13656;8.0;4.9
976;2021-05-19;651;663;22988;14319;8.2;5.1
976;2021-05-20;1056;499;24044;14818;8.6;5.3
976;2021-05-21;1045;313;25089;15131;9.0;5.4
976;2021-05-22;1241;298;26330;15429;9.4;5.5
976;2021-05-23;0;0;26330;15429;9.4;5.5
976;2021-05-24;1;0;26331;15429;9.4;5.5
976;2021-05-25;890;622;27221;16051;9.7;5.7
976;2021-05-26;1033;843;28254;16894;10.1;6.0
976;2021-05-27;1322;512;29576;17406;10.6;6.2
976;2021-05-28;956;375;30532;17781;10.9;6.4
976;2021-05-29;1130;392;31662;18173;11.3;6.5
976;2021-05-30;1;1;31663;18174;11.3;6.5
976;2021-05-31;107;6;31770;18180;11.4;6.5
976;2021-06-01;1149;653;32919;18833;11.8;6.7
976;2021-06-02;1244;532;34163;19365;12.2;6.9
976;2021-06-03;813;355;34976;19720;12.5;7.1
976;2021-06-04;1000;325;35976;20045;12.9;7.2
976;2021-06-05;680;299;36656;20344;13.1;7.3
976;2021-06-06;1;0;36657;20344;13.1;7.3
976;2021-06-07;93;12;36750;20356;13.1;7.3
976;2021-06-08;952;442;37702;20798;13.5;7.4
976;2021-06-09;969;550;38671;21348;13.8;7.6
976;2021-06-10;704;232;39375;21580;14.1;7.7
976;2021-06-11;850;365;40225;21945;14.4;7.9
976;2021-06-12;583;275;40808;22220;14.6;8.0
976;2021-06-13;2;0;40810;22220;14.6;8.0
976;2021-06-14;187;112;40997;22332;14.7;8.0
976;2021-06-15;413;838;41410;23170;14.8;8.3
976;2021-06-16;891;1440;42301;24610;15.1;8.8
976;2021-06-17;799;661;43100;25271;15.4;9.0
976;2021-06-18;705;620;43805;25891;15.7;9.3
976;2021-06-19;537;645;44342;26536;15.9;9.5
976;2021-06-20;1;0;44343;26536;15.9;9.5
976;2021-06-21;127;132;44470;26668;15.9;9.5
976;2021-06-22;429;1150;44899;27818;16.1;10.0
976;2021-06-23;695;1186;45594;29004;16.3;10.4
976;2021-06-24;480;544;46074;29548;16.5;10.6
976;2021-06-25;542;479;46616;30027;16.7;10.7
976;2021-06-26;386;692;47002;30719;16.8;11.0
976;2021-06-27;1;0;47003;30719;16.8;11.0
976;2021-06-28;109;191;47112;30910;16.9;11.1
976;2021-06-29;746;973;47858;31883;17.1;11.4
976;2021-06-30;714;948;48572;32831;17.4;11.7
976;2021-07-01;591;547;49163;33378;17.6;11.9
976;2021-07-02;451;432;49614;33810;17.8;12.1
976;2021-07-03;443;422;50057;34232;17.9;12.2
976;2021-07-04;2;0;50059;34232;17.9;12.2
976;2021-07-05;121;223;50180;34455;18.0;12.3
976;2021-07-06;498;865;50678;35320;18.1;12.6
976;2021-07-07;771;1014;51449;36334;18.4;13.0
976;2021-07-08;834;636;52283;36970;18.7;13.2
976;2021-07-09;786;519;53069;37489;19.0;13.4
976;2021-07-10;441;319;53510;37808;19.1;13.5
976;2021-07-11;0;0;53510;37808;19.1;13.5
976;2021-07-12;164;170;53674;37978;19.2;13.6
976;2021-07-13;847;1000;54521;38978;19.5;13.9
976;2021-07-14;1;5;54522;38983;19.5;13.9
976;2021-07-15;1221;812;55743;39795;19.9;14.2
976;2021-07-16;1291;656;57034;40451;20.4;14.5
976;2021-07-17;1033;377;58067;40828;20.8;14.6
976;2021-07-18;0;0;58067;40828;20.8;14.6
976;2021-07-19;206;134;58273;40962;20.9;14.7
976;2021-07-20;1155;877;59428;41839;21.3;15.0
976;2021-07-21;34;29;59462;41868;21.3;15.0
976;2021-07-22;1123;666;60585;42534;21.7;15.2
976;2021-07-23;1206;545;61791;43079;22.1;15.4
976;2021-07-24;855;440;62646;43519;22.4;15.6
976;2021-07-25;2;0;62648;43519;22.4;15.6
976;2021-07-26;180;37;62828;43556;22.5;15.6
976;2021-07-27;1139;827;63967;44383;22.9;15.9
976;2021-07-28;1043;634;65010;45017;23.3;16.1
976;2021-07-29;1234;566;66244;45583;23.7;16.3
976;2021-07-30;1218;412;67462;45995;24.1;16.5
976;2021-07-31;760;277;68222;46272;24.4;16.6
976;2021-08-01;5;3;68227;46275;24.4;16.6
976;2021-08-02;344;174;68571;46449;24.5;16.6
976;2021-08-03;1505;935;70076;47384;25.1;17.0
976;2021-08-04;1829;808;71905;48192;25.7;17.2
976;2021-08-05;1462;504;73367;48696;26.3;17.4
976;2021-08-06;1691;509;75058;49205;26.9;17.6
976;2021-08-07;912;358;75970;49563;27.2;17.7
976;2021-08-08;7;1;75977;49564;27.2;17.7
976;2021-08-09;529;236;76506;49800;27.4;17.8
976;2021-08-10;1641;1380;78147;51180;28.0;18.3
976;2021-08-11;2044;1239;80191;52419;28.7;18.8
976;2021-08-12;1712;621;81903;53040;29.3;19.0
976;2021-08-13;1573;536;83476;53576;29.9;19.2
976;2021-08-14;833;457;84309;54033;30.2;19.3
976;2021-08-15;0;0;84309;54033;30.2;19.3
976;2021-08-16;568;291;84877;54324;30.4;19.4
976;2021-08-17;1828;1301;86705;55625;31.0;19.9
976;2021-08-18;2233;1227;88938;56852;31.8;20.3
976;2021-08-19;1981;555;90919;57407;32.5;20.5
976;2021-08-20;1810;552;92729;57959;33.2;20.7
976;2021-08-21;1059;522;93788;58481;33.6;20.9
976;2021-08-22;15;0;93803;58481;33.6;20.9
976;2021-08-23;577;271;94380;58752;33.8;21.0
976;2021-08-24;1064;1009;95444;59761;34.2;21.4
976;2021-08-25;1084;1293;96528;61054;34.5;21.8
976;2021-08-26;912;574;97440;61628;34.9;22.1
976;2021-08-27;740;565;98180;62193;35.1;22.3
976;2021-08-28;472;857;98652;63050;35.3;22.6
976;2021-08-29;0;12;98652;63062;35.3;22.6
976;2021-08-30;161;253;98813;63315;35.4;22.7
976;2021-08-31;655;1160;99468;64475;35.6;23.1
976;2021-09-01;821;1392;100289;65867;35.9;23.6
976;2021-09-02;849;903;101138;66770;36.2;23.9
976;2021-09-03;911;1287;102049;68057;36.5;24.4
976;2021-09-04;433;1000;102482;69057;36.7;24.7
976;2021-09-05;0;1;102482;69058;36.7;24.7
976;2021-09-06;445;397;102927;69455;36.8;24.9
976;2021-09-07;742;699;103669;70154;37.1;25.1
976;2021-09-08;1111;1262;104780;71416;37.5;25.6
976;2021-09-09;889;1009;105669;72425;37.8;25.9
976;2021-09-10;1227;1081;106896;73506;38.2;26.3
976;2021-09-11;535;1033;107431;74539;38.4;26.7
976;2021-09-12;1;32;107432;74571;38.4;26.7
976;2021-09-13;707;616;108139;75187;38.7;26.9
976;2021-09-14;1101;718;109240;75905;39.1;27.2
976;2021-09-15;1688;1185;110928;77090;39.7;27.6
976;2021-09-16;1745;894;112673;77984;40.3;27.9
976;2021-09-17;1844;1062;114517;79046;41.0;28.3
976;2021-09-18;971;781;115488;79827;41.3;28.6
976;2021-09-19;2;52;115490;79879;41.3;28.6
976;2021-09-20;1020;543;116510;80422;41.7;28.8
976;2021-09-21;1655;772;118165;81194;42.3;29.1
976;2021-09-22;1444;965;119609;82159;42.8;29.4
976;2021-09-23;1021;879;120630;83038;43.2;29.7
976;2021-09-24;1086;1011;121716;84049;43.6;30.1
976;2021-09-25;489;479;122205;84528;43.7;30.2
976;2021-09-26;0;21;122205;84549;43.7;30.3
976;2021-09-27;691;423;122896;84972;44.0;30.4
976;2021-09-28;1166;924;124062;85896;44.4;30.7
976;2021-09-29;1331;1059;125393;86955;44.9;31.1
976;2021-09-30;996;688;126389;87643;45.2;31.4
976;2021-10-01;1261;1368;127650;89011;45.7;31.8
976;2021-10-02;456;649;128106;89660;45.8;32.1
976;2021-10-03;0;0;128106;89660;45.8;32.1
976;2021-10-04;744;618;128850;90278;46.1;32.3
976;2021-10-05;780;967;129630;91245;46.4;32.6
976;2021-10-06;1204;1405;130834;92650;46.8;33.2
976;2021-10-07;804;1125;131638;93775;47.1;33.6
976;2021-10-08;1259;1391;132897;95166;47.6;34.1
976;2021-10-09;463;855;133360;96021;47.7;34.4
976;2021-10-10;0;0;133360;96021;47.7;34.4
976;2021-10-11;1042;709;134402;96730;48.1;34.6
976;2021-10-12;1348;1474;135750;98204;48.6;35.1
977;2020-12-27;0;0;0;0;0.0;0.0
977;2020-12-28;0;0;0;0;0.0;0.0
977;2020-12-29;0;0;0;0;0.0;0.0
977;2020-12-30;0;0;0;0;0.0;0.0
977;2020-12-31;0;0;0;0;0.0;0.0
977;2021-01-01;0;0;0;0;0.0;0.0
977;2021-01-02;0;0;0;0;0.0;0.0
977;2021-01-03;0;0;0;0;0.0;0.0
977;2021-01-04;0;0;0;0;0.0;0.0
977;2021-01-05;0;0;0;0;0.0;0.0
977;2021-01-06;0;0;0;0;0.0;0.0
977;2021-01-07;0;0;0;0;0.0;0.0
977;2021-01-08;0;0;0;0;0.0;0.0
977;2021-01-09;0;0;0;0;0.0;0.0
977;2021-01-10;0;0;0;0;0.0;0.0
977;2021-01-11;0;0;0;0;0.0;0.0
977;2021-01-12;0;0;0;0;0.0;0.0
977;2021-01-13;0;0;0;0;0.0;0.0
977;2021-01-14;0;0;0;0;0.0;0.0
977;2021-01-15;0;0;0;0;0.0;0.0
977;2021-01-16;0;0;0;0;0.0;0.0
977;2021-01-17;0;0;0;0;0.0;0.0
977;2021-01-18;1;0;1;0;0.0;0.0
977;2021-01-19;0;0;1;0;0.0;0.0
977;2021-01-20;0;0;1;0;0.0;0.0
977;2021-01-21;12;0;13;0;0.1;0.0
977;2021-01-22;12;0;25;0;0.3;0.0
977;2021-01-23;0;0;25;0;0.3;0.0
977;2021-01-24;0;0;25;0;0.3;0.0
977;2021-01-25;0;0;25;0;0.3;0.0
977;2021-01-26;0;0;25;0;0.3;0.0
977;2021-01-27;12;0;37;0;0.4;0.0
977;2021-01-28;1;0;38;0;0.4;0.0
977;2021-01-29;6;0;44;0;0.4;0.0
977;2021-01-30;0;0;44;0;0.4;0.0
977;2021-01-31;0;0;44;0;0.4;0.0
977;2021-02-01;0;0;44;0;0.4;0.0
977;2021-02-02;0;0;44;0;0.4;0.0
977;2021-02-03;11;0;55;0;0.6;0.0
977;2021-02-04;12;0;67;0;0.7;0.0
977;2021-02-05;11;0;78;0;0.8;0.0
977;2021-02-06;0;0;78;0;0.8;0.0
977;2021-02-07;0;0;78;0;0.8;0.0
977;2021-02-08;0;0;78;0;0.8;0.0
977;2021-02-09;14;0;92;0;0.9;0.0
977;2021-02-10;0;0;92;0;0.9;0.0
977;2021-02-11;18;0;110;0;1.1;0.0
977;2021-02-12;46;0;156;0;1.6;0.0
977;2021-02-13;0;0;156;0;1.6;0.0
977;2021-02-14;0;0;156;0;1.6;0.0
977;2021-02-15;0;0;156;0;1.6;0.0
977;2021-02-16;0;0;156;0;1.6;0.0
977;2021-02-17;0;0;156;0;1.6;0.0
977;2021-02-18;19;0;175;0;1.8;0.0
977;2021-02-19;35;0;210;0;2.1;0.0
977;2021-02-20;0;0;210;0;2.1;0.0
977;2021-02-21;0;0;210;0;2.1;0.0
977;2021-02-22;0;0;210;0;2.1;0.0
977;2021-02-23;0;21;210;21;2.1;0.2
977;2021-02-24;0;0;210;21;2.1;0.2
977;2021-02-25;15;9;225;30;2.3;0.3
977;2021-02-26;33;18;258;48;2.6;0.5
977;2021-02-27;0;0;258;48;2.6;0.5
977;2021-02-28;0;0;258;48;2.6;0.5
977;2021-03-01;0;0;258;48;2.6;0.5
977;2021-03-02;19;11;277;59;2.8;0.6
977;2021-03-03;0;0;277;59;2.8;0.6
977;2021-03-04;16;12;293;71;2.9;0.7
977;2021-03-05;35;18;328;89;3.3;0.9
977;2021-03-06;0;0;328;89;3.3;0.9
977;2021-03-07;0;0;328;89;3.3;0.9
977;2021-03-08;0;0;328;89;3.3;0.9
977;2021-03-09;1;0;329;89;3.3;0.9
977;2021-03-10;0;0;329;89;3.3;0.9
977;2021-03-11;20;30;349;119;3.5;1.2
977;2021-03-12;62;42;411;161;4.1;1.6
977;2021-03-13;0;0;411;161;4.1;1.6
977;2021-03-14;0;0;411;161;4.1;1.6
977;2021-03-15;0;0;411;161;4.1;1.6
977;2021-03-16;30;10;441;171;4.4;1.7
977;2021-03-17;0;0;441;171;4.4;1.7
977;2021-03-18;30;16;471;187;4.7;1.9
977;2021-03-19;58;28;529;215;5.3;2.2
977;2021-03-20;0;0;529;215;5.3;2.2
977;2021-03-21;0;0;529;215;5.3;2.2
977;2021-03-22;0;0;529;215;5.3;2.2
977;2021-03-23;0;0;529;215;5.3;2.2
977;2021-03-24;0;0;529;215;5.3;2.2
977;2021-03-25;65;17;594;232;6.0;2.3
977;2021-03-26;73;26;667;258;6.7;2.6
977;2021-03-27;0;0;667;258;6.7;2.6
977;2021-03-28;0;0;667;258;6.7;2.6
977;2021-03-29;0;0;667;258;6.7;2.6
977;2021-03-30;39;17;706;275;7.1;2.8
977;2021-03-31;26;15;732;290;7.3;2.9
977;2021-04-01;25;32;757;322;7.6;3.2
977;2021-04-02;0;0;757;322;7.6;3.2
977;2021-04-03;0;0;757;322;7.6;3.2
977;2021-04-04;0;0;757;322;7.6;3.2
977;2021-04-05;9;0;766;322;7.7;3.2
977;2021-04-06;0;0;766;322;7.7;3.2
977;2021-04-07;0;0;766;322;7.7;3.2
977;2021-04-08;57;46;823;368;8.3;3.7
977;2021-04-09;58;32;881;400;8.8;4.0
977;2021-04-10;0;0;881;400;8.8;4.0
977;2021-04-11;0;0;881;400;8.8;4.0
977;2021-04-12;0;0;881;400;8.8;4.0
977;2021-04-13;0;0;881;400;8.8;4.0
977;2021-04-14;5;5;886;405;8.9;4.1
977;2021-04-15;57;70;943;475;9.5;4.8
977;2021-04-16;89;35;1032;510;10.4;5.1
977;2021-04-17;0;1;1032;511;10.4;5.1
977;2021-04-18;0;0;1032;511;10.4;5.1
977;2021-04-19;1;0;1033;511;10.4;5.1
977;2021-04-20;335;62;1368;573;13.7;5.8
977;2021-04-21;337;30;1705;603;17.1;6.1
977;2021-04-22;284;48;1989;651;20.0;6.5
977;2021-04-23;260;43;2249;694;22.6;7.0
977;2021-04-24;231;1;2480;695;24.9;7.0
977;2021-04-25;0;0;2480;695;24.9;7.0
977;2021-04-26;284;20;2764;715;27.7;7.2
977;2021-04-27;224;68;2988;783;30.0;7.9
977;2021-04-28;192;26;3180;809;31.9;8.1
977;2021-04-29;170;23;3350;832;33.6;8.4
977;2021-04-30;171;17;3521;849;35.3;8.5
977;2021-05-01;202;12;3723;861;37.4;8.6
977;2021-05-02;0;0;3723;861;37.4;8.6
977;2021-05-03;135;9;3858;870;38.7;8.7
977;2021-05-04;161;54;4019;924;40.3;9.3
977;2021-05-05;221;28;4240;952;42.6;9.6
977;2021-05-06;175;33;4415;985;44.3;9.9
977;2021-05-07;149;32;4564;1017;45.8;10.2
977;2021-05-08;1;0;4565;1017;45.8;10.2
977;2021-05-09;0;0;4565;1017;45.8;10.2
977;2021-05-10;0;0;4565;1017;45.8;10.2
977;2021-05-11;3;41;4568;1058;45.9;10.6
977;2021-05-12;6;36;4574;1094;45.9;11.0
977;2021-05-13;0;0;4574;1094;45.9;11.0
977;2021-05-14;28;98;4602;1192;46.2;12.0
977;2021-05-15;0;0;4602;1192;46.2;12.0
977;2021-05-16;1;0;4603;1192;46.2;12.0
977;2021-05-17;1;14;4604;1206;46.2;12.1
977;2021-05-18;17;32;4621;1238;46.4;12.4
977;2021-05-19;1;2;4622;1240;46.4;12.4
977;2021-05-20;0;8;4622;1248;46.4;12.5
977;2021-05-21;12;31;4634;1279;46.5;12.8
977;2021-05-22;0;0;4634;1279;46.5;12.8
977;2021-05-23;0;0;4634;1279;46.5;12.8
977;2021-05-24;0;0;4634;1279;46.5;12.8
977;2021-05-25;50;331;4684;1610;47.0;16.2
977;2021-05-26;54;360;4738;1970;47.6;19.8
977;2021-05-27;34;317;4772;2287;47.9;23.0
977;2021-05-28;27;256;4799;2543;48.2;25.5
977;2021-05-29;35;375;4834;2918;48.5;29.3
977;2021-05-30;1;0;4835;2918;48.5;29.3
977;2021-05-31;45;216;4880;3134;49.0;31.5
977;2021-06-01;48;227;4928;3361;49.5;33.7
977;2021-06-02;69;273;4997;3634;50.2;36.5
977;2021-06-03;43;252;5040;3886;50.6;39.0
977;2021-06-04;82;270;5122;4156;51.4;41.7
977;2021-06-05;1;0;5123;4156;51.4;41.7
977;2021-06-06;0;0;5123;4156;51.4;41.7
977;2021-06-07;1;1;5124;4157;51.4;41.7
977;2021-06-08;8;2;5132;4159;51.5;41.8
977;2021-06-09;0;3;5132;4162;51.5;41.8
977;2021-06-10;8;4;5140;4166;51.6;41.8
977;2021-06-11;4;8;5144;4174;51.6;41.9
977;2021-06-12;15;59;5159;4233;51.8;42.5
977;2021-06-13;0;0;5159;4233;51.8;42.5
977;2021-06-14;0;0;5159;4233;51.8;42.5
977;2021-06-15;0;1;5159;4234;51.8;42.5
977;2021-06-16;0;0;5159;4234;51.8;42.5
977;2021-06-17;2;6;5161;4240;51.8;42.6
977;2021-06-18;0;2;5161;4242;51.8;42.6
977;2021-06-19;25;49;5186;4291;52.1;43.1
977;2021-06-20;0;0;5186;4291;52.1;43.1
977;2021-06-21;1;2;5187;4293;52.1;43.1
977;2021-06-22;9;0;5196;4293;52.2;43.1
977;2021-06-23;15;9;5211;4302;52.3;43.2
977;2021-06-24;10;5;5221;4307;52.4;43.2
977;2021-06-25;0;0;5221;4307;52.4;43.2
977;2021-06-26;25;45;5246;4352;52.7;43.7
977;2021-06-27;0;0;5246;4352;52.7;43.7
977;2021-06-28;0;0;5246;4352;52.7;43.7
977;2021-06-29;0;0;5246;4352;52.7;43.7
977;2021-06-30;0;0;5246;4352;52.7;43.7
977;2021-07-01;28;36;5274;4388;52.9;44.1
977;2021-07-02;26;31;5300;4419;53.2;44.4
977;2021-07-03;30;215;5330;4634;53.5;46.5
977;2021-07-04;0;0;5330;4634;53.5;46.5
977;2021-07-05;4;8;5334;4642;53.5;46.6
977;2021-07-06;0;0;5334;4642;53.5;46.6
977;2021-07-07;8;0;5342;4642;53.6;46.6
977;2021-07-08;33;23;5375;4665;54.0;46.8
977;2021-07-09;23;31;5398;4696;54.2;47.1
977;2021-07-10;33;45;5431;4741;54.5;47.6
977;2021-07-11;0;0;5431;4741;54.5;47.6
977;2021-07-12;0;1;5431;4742;54.5;47.6
977;2021-07-13;10;10;5441;4752;54.6;47.7
977;2021-07-14;0;0;5441;4752;54.6;47.7
977;2021-07-15;1;11;5442;4763;54.6;47.8
977;2021-07-16;44;51;5486;4814;55.1;48.3
977;2021-07-17;34;39;5520;4853;55.4;48.7
977;2021-07-18;1;0;5521;4853;55.4;48.7
977;2021-07-19;3;2;5524;4855;55.5;48.7
977;2021-07-20;3;1;5527;4856;55.5;48.8
977;2021-07-21;33;16;5560;4872;55.8;48.9
977;2021-07-22;36;33;5596;4905;56.2;49.2
977;2021-07-23;32;31;5628;4936;56.5;49.6
977;2021-07-24;42;25;5670;4961;56.9;49.8
977;2021-07-25;0;0;5670;4961;56.9;49.8
977;2021-07-26;13;10;5683;4971;57.1;49.9
977;2021-07-27;0;10;5683;4981;57.1;50.0
977;2021-07-28;31;14;5714;4995;57.4;50.1
977;2021-07-29;33;32;5747;5027;57.7;50.5
977;2021-07-30;31;28;5778;5055;58.0;50.7
977;2021-07-31;53;24;5831;5079;58.5;51.0
977;2021-08-01;0;0;5831;5079;58.5;51.0
977;2021-08-02;11;1;5842;5080;58.6;51.0
977;2021-08-03;0;0;5842;5080;58.6;51.0
977;2021-08-04;40;14;5882;5094;59.1;51.1
977;2021-08-05;28;30;5910;5124;59.3;51.4
977;2021-08-06;35;35;5945;5159;59.7;51.8
977;2021-08-07;56;25;6001;5184;60.2;52.0
977;2021-08-08;0;0;6001;5184;60.2;52.0
977;2021-08-09;7;5;6008;5189;60.3;52.1
977;2021-08-10;15;9;6023;5198;60.5;52.2
977;2021-08-11;36;18;6059;5216;60.8;52.4
977;2021-08-12;24;30;6083;5246;61.1;52.7
977;2021-08-13;32;14;6115;5260;61.4;52.8
977;2021-08-14;20;26;6135;5286;61.6;53.1
977;2021-08-15;0;0;6135;5286;61.6;53.1
977;2021-08-16;14;29;6149;5315;61.7;53.4
977;2021-08-17;15;8;6164;5323;61.9;53.4
977;2021-08-18;25;28;6189;5351;62.1;53.7
977;2021-08-19;31;36;6220;5387;62.4;54.1
977;2021-08-20;27;41;6247;5428;62.7;54.5
977;2021-08-21;35;41;6282;5469;63.1;54.9
977;2021-08-22;6;0;6288;5469;63.1;54.9
977;2021-08-23;3;11;6291;5480;63.2;55.0
977;2021-08-24;8;3;6299;5483;63.2;55.0
977;2021-08-25;20;37;6319;5520;63.4;55.4
977;2021-08-26;27;41;6346;5561;63.7;55.8
977;2021-08-27;27;35;6373;5596;64.0;56.2
977;2021-08-28;27;56;6400;5652;64.3;56.7
977;2021-08-29;0;0;6400;5652;64.3;56.7
977;2021-08-30;1;4;6401;5656;64.3;56.8
977;2021-08-31;1;2;6402;5658;64.3;56.8
977;2021-09-01;10;25;6412;5683;64.4;57.1
977;2021-09-02;22;32;6434;5715;64.6;57.4
977;2021-09-03;26;24;6460;5739;64.9;57.6
977;2021-09-04;37;44;6497;5783;65.2;58.1
977;2021-09-05;0;0;6497;5783;65.2;58.1
977;2021-09-06;4;16;6501;5799;65.3;58.2
977;2021-09-07;1;4;6502;5803;65.3;58.3
977;2021-09-08;12;11;6514;5814;65.4;58.4
977;2021-09-09;20;31;6534;5845;65.6;58.7
977;2021-09-10;7;31;6541;5876;65.7;59.0
977;2021-09-11;36;29;6577;5905;66.0;59.3
977;2021-09-12;0;6;6577;5911;66.0;59.3
977;2021-09-13;4;3;6581;5914;66.1;59.4
977;2021-09-14;1;0;6582;5914;66.1;59.4
977;2021-09-15;12;26;6594;5940;66.2;59.6
977;2021-09-16;15;31;6609;5971;66.3;59.9
977;2021-09-17;10;33;6619;6004;66.4;60.3
977;2021-09-18;20;39;6639;6043;66.6;60.7
977;2021-09-19;0;0;6639;6043;66.6;60.7
977;2021-09-20;0;2;6639;6045;66.6;60.7
977;2021-09-21;0;1;6639;6046;66.6;60.7
977;2021-09-22;10;11;6649;6057;66.8;60.8
977;2021-09-23;7;30;6656;6087;66.8;61.1
977;2021-09-24;0;0;6656;6087;66.8;61.1
977;2021-09-25;11;49;6667;6136;66.9;61.6
977;2021-09-26;0;0;6667;6136;66.9;61.6
977;2021-09-27;0;0;6667;6136;66.9;61.6
977;2021-09-28;0;1;6667;6137;66.9;61.6
977;2021-09-29;5;15;6672;6152;67.0;61.8
977;2021-09-30;18;19;6690;6171;67.2;62.0
977;2021-10-01;0;3;6690;6174;67.2;62.0
977;2021-10-02;10;39;6700;6213;67.3;62.4
977;2021-10-03;0;0;6700;6213;67.3;62.4
977;2021-10-04;0;0;6700;6213;67.3;62.4
977;2021-10-05;0;0;6700;6213;67.3;62.4
977;2021-10-06;15;23;6715;6236;67.4;62.6
977;2021-10-07;25;31;6740;6267;67.7;62.9
977;2021-10-08;3;2;6743;6269;67.7;62.9
977;2021-10-09;5;16;6748;6285;67.7;63.1
977;2021-10-10;0;0;6748;6285;67.7;63.1
977;2021-10-11;0;1;6748;6286;67.7;63.1
977;2021-10-12;0;0;6748;6286;67.7;63.1
978;2020-12-27;0;0;0;0;0.0;0.0
978;2020-12-28;0;0;0;0;0.0;0.0
978;2020-12-29;0;0;0;0;0.0;0.0
978;2020-12-30;0;0;0;0;0.0;0.0
978;2020-12-31;0;0;0;0;0.0;0.0
978;2021-01-01;0;0;0;0;0.0;0.0
978;2021-01-02;0;0;0;0;0.0;0.0
978;2021-01-03;0;0;0;0;0.0;0.0
978;2021-01-04;0;0;0;0;0.0;0.0
978;2021-01-05;0;0;0;0;0.0;0.0
978;2021-01-06;0;0;0;0;0.0;0.0
978;2021-01-07;0;0;0;0;0.0;0.0
978;2021-01-08;0;0;0;0;0.0;0.0
978;2021-01-09;0;0;0;0;0.0;0.0
978;2021-01-10;0;0;0;0;0.0;0.0
978;2021-01-11;0;0;0;0;0.0;0.0
978;2021-01-12;0;0;0;0;0.0;0.0
978;2021-01-13;10;0;10;0;0.0;0.0
978;2021-01-14;12;1;22;1;0.1;0.0
978;2021-01-15;10;0;32;1;0.1;0.0
978;2021-01-16;0;0;32;1;0.1;0.0
978;2021-01-17;0;0;32;1;0.1;0.0
978;2021-01-18;0;0;32;1;0.1;0.0
978;2021-01-19;12;0;44;1;0.1;0.0
978;2021-01-20;13;0;57;1;0.2;0.0
978;2021-01-21;6;0;63;1;0.2;0.0
978;2021-01-22;0;0;63;1;0.2;0.0
978;2021-01-23;0;0;63;1;0.2;0.0
978;2021-01-24;0;0;63;1;0.2;0.0
978;2021-01-25;0;0;63;1;0.2;0.0
978;2021-01-26;9;0;72;1;0.2;0.0
978;2021-01-27;10;0;82;1;0.2;0.0
978;2021-01-28;6;1;88;2;0.2;0.0
978;2021-01-29;0;0;88;2;0.2;0.0
978;2021-01-30;0;0;88;2;0.2;0.0
978;2021-01-31;0;0;88;2;0.2;0.0
978;2021-02-01;1;0;89;2;0.3;0.0
978;2021-02-02;39;0;128;2;0.4;0.0
978;2021-02-03;11;0;139;2;0.4;0.0
978;2021-02-04;32;0;171;2;0.5;0.0
978;2021-02-05;6;0;177;2;0.5;0.0
978;2021-02-06;0;0;177;2;0.5;0.0
978;2021-02-07;0;0;177;2;0.5;0.0
978;2021-02-08;0;0;177;2;0.5;0.0
978;2021-02-09;38;0;215;2;0.6;0.0
978;2021-02-10;27;1;242;3;0.7;0.0
978;2021-02-11;0;0;242;3;0.7;0.0
978;2021-02-12;36;0;278;3;0.8;0.0
978;2021-02-13;0;0;278;3;0.8;0.0
978;2021-02-14;0;0;278;3;0.8;0.0
978;2021-02-15;50;1;328;4;0.9;0.0
978;2021-02-16;0;0;328;4;0.9;0.0
978;2021-02-17;0;0;328;4;0.9;0.0
978;2021-02-18;28;0;356;4;1.0;0.0
978;2021-02-19;44;0;400;4;1.1;0.0
978;2021-02-20;0;0;400;4;1.1;0.0
978;2021-02-21;0;0;400;4;1.1;0.0
978;2021-02-22;45;4;445;8;1.3;0.0
978;2021-02-23;41;29;486;37;1.4;0.1
978;2021-02-24;36;1;522;38;1.5;0.1
978;2021-02-25;55;36;577;74;1.6;0.2
978;2021-02-26;39;5;616;79;1.7;0.2
978;2021-02-27;0;0;616;79;1.7;0.2
978;2021-02-28;0;0;616;79;1.7;0.2
978;2021-03-01;50;5;666;84;1.9;0.2
978;2021-03-02;7;27;673;111;1.9;0.3
978;2021-03-03;53;29;726;140;2.1;0.4
978;2021-03-04;31;26;757;166;2.1;0.5
978;2021-03-05;46;10;803;176;2.3;0.5
978;2021-03-06;0;0;803;176;2.3;0.5
978;2021-03-07;0;0;803;176;2.3;0.5
978;2021-03-08;32;7;835;183;2.4;0.5
978;2021-03-09;21;27;856;210;2.4;0.6
978;2021-03-10;35;28;891;238;2.5;0.7
978;2021-03-11;2;0;893;238;2.5;0.7
978;2021-03-12;53;22;946;260;2.7;0.7
978;2021-03-13;13;0;959;260;2.7;0.7
978;2021-03-14;0;0;959;260;2.7;0.7
978;2021-03-15;31;41;990;301;2.8;0.9
978;2021-03-16;73;6;1063;307;3.0;0.9
978;2021-03-17;67;13;1130;320;3.2;0.9
978;2021-03-18;82;39;1212;359;3.4;1.0
978;2021-03-19;32;50;1244;409;3.5;1.2
978;2021-03-20;0;0;1244;409;3.5;1.2
978;2021-03-21;0;0;1244;409;3.5;1.2
978;2021-03-22;35;45;1279;454;3.6;1.3
978;2021-03-23;30;43;1309;497;3.7;1.4
978;2021-03-24;38;42;1347;539;3.8;1.5
978;2021-03-25;97;34;1444;573;4.1;1.6
978;2021-03-26;45;33;1489;606;4.2;1.7
978;2021-03-27;94;3;1583;609;4.5;1.7
978;2021-03-28;0;0;1583;609;4.5;1.7
978;2021-03-29;69;48;1652;657;4.7;1.9
978;2021-03-30;99;25;1751;682;5.0;1.9
978;2021-03-31;91;49;1842;731;5.2;2.1
978;2021-04-01;57;48;1899;779;5.4;2.2
978;2021-04-02;0;0;1899;779;5.4;2.2
978;2021-04-03;1;0;1900;779;5.4;2.2
978;2021-04-04;0;0;1900;779;5.4;2.2
978;2021-04-05;2;0;1902;779;5.4;2.2
978;2021-04-06;49;63;1951;842;5.5;2.4
978;2021-04-07;93;33;2044;875;5.8;2.5
978;2021-04-08;122;7;2166;882;6.1;2.5
978;2021-04-09;91;40;2257;922;6.4;2.6
978;2021-04-10;170;13;2427;935;6.9;2.6
978;2021-04-11;0;0;2427;935;6.9;2.6
978;2021-04-12;42;75;2469;1010;7.0;2.9
978;2021-04-13;49;71;2518;1081;7.1;3.1
978;2021-04-14;82;45;2600;1126;7.4;3.2
978;2021-04-15;92;22;2692;1148;7.6;3.2
978;2021-04-16;77;43;2769;1191;7.8;3.4
978;2021-04-17;165;5;2934;1196;8.3;3.4
978;2021-04-18;0;0;2934;1196;8.3;3.4
978;2021-04-19;52;67;2986;1263;8.5;3.6
978;2021-04-20;83;27;3069;1290;8.7;3.7
978;2021-04-21;91;28;3160;1318;8.9;3.7
978;2021-04-22;101;20;3261;1338;9.2;3.8
978;2021-04-23;45;66;3306;1404;9.4;4.0
978;2021-04-24;99;78;3405;1482;9.6;4.2
978;2021-04-25;0;0;3405;1482;9.6;4.2
978;2021-04-26;29;91;3434;1573;9.7;4.5
978;2021-04-27;59;63;3493;1636;9.9;4.6
978;2021-04-28;93;40;3586;1676;10.1;4.7
978;2021-04-29;89;31;3675;1707;10.4;4.8
978;2021-04-30;103;14;3778;1721;10.7;4.9
978;2021-05-01;0;8;3778;1729;10.7;4.9
978;2021-05-02;0;0;3778;1729;10.7;4.9
978;2021-05-03;25;99;3803;1828;10.8;5.2
978;2021-05-04;159;102;3962;1930;11.2;5.5
978;2021-05-05;142;59;4104;1989;11.6;5.6
978;2021-05-06;199;49;4303;2038;12.2;5.8
978;2021-05-07;127;71;4430;2109;12.5;6.0
978;2021-05-08;69;122;4499;2231;12.7;6.3
978;2021-05-09;0;0;4499;2231;12.7;6.3
978;2021-05-10;124;100;4623;2331;13.1;6.6
978;2021-05-11;132;72;4755;2403;13.5;6.8
978;2021-05-12;155;78;4910;2481;13.9;7.0
978;2021-05-13;83;6;4993;2487;14.1;7.0
978;2021-05-14;130;62;5123;2549;14.5;7.2
978;2021-05-15;86;4;5209;2553;14.7;7.2
978;2021-05-16;0;0;5209;2553;14.7;7.2
978;2021-05-17;146;115;5355;2668;15.2;7.6
978;2021-05-18;151;94;5506;2762;15.6;7.8
978;2021-05-19;84;69;5590;2831;15.8;8.0
978;2021-05-20;104;26;5694;2857;16.1;8.1
978;2021-05-21;98;52;5792;2909;16.4;8.2
978;2021-05-22;99;11;5891;2920;16.7;8.3
978;2021-05-23;0;0;5891;2920;16.7;8.3
978;2021-05-24;33;7;5924;2927;16.8;8.3
978;2021-05-25;119;78;6043;3005;17.1;8.5
978;2021-05-26;108;49;6151;3054;17.4;8.6
978;2021-05-27;112;42;6263;3096;17.7;8.8
978;2021-05-28;33;1;6296;3097;17.8;8.8
978;2021-05-29;60;213;6356;3310;18.0;9.4
978;2021-05-30;0;0;6356;3310;18.0;9.4
978;2021-05-31;111;63;6467;3373;18.3;9.5
978;2021-06-01;116;62;6583;3435;18.6;9.7
978;2021-06-02;131;33;6714;3468;19.0;9.8
978;2021-06-03;101;38;6815;3506;19.3;9.9
978;2021-06-04;128;70;6943;3576;19.6;10.1
978;2021-06-05;83;21;7026;3597;19.9;10.2
978;2021-06-06;0;0;7026;3597;19.9;10.2
978;2021-06-07;96;96;7122;3693;20.2;10.5
978;2021-06-08;82;89;7204;3782;20.4;10.7
978;2021-06-09;99;73;7303;3855;20.7;10.9
978;2021-06-10;112;63;7415;3918;21.0;11.1
978;2021-06-11;116;106;7531;4024;21.3;11.4
978;2021-06-12;57;30;7588;4054;21.5;11.5
978;2021-06-13;0;0;7588;4054;21.5;11.5
978;2021-06-14;105;127;7693;4181;21.8;11.8
978;2021-06-15;88;120;7781;4301;22.0;12.2
978;2021-06-16;105;148;7886;4449;22.3;12.6
978;2021-06-17;85;72;7971;4521;22.6;12.8
978;2021-06-18;67;98;8038;4619;22.7;13.1
978;2021-06-19;65;79;8103;4698;22.9;13.3
978;2021-06-20;0;0;8103;4698;22.9;13.3
978;2021-06-21;78;150;8181;4848;23.2;13.7
978;2021-06-22;71;103;8252;4951;23.4;14.0
978;2021-06-23;68;115;8320;5066;23.5;14.3
978;2021-06-24;43;75;8363;5141;23.7;14.5
978;2021-06-25;64;100;8427;5241;23.8;14.8
978;2021-06-26;35;61;8462;5302;23.9;15.0
978;2021-06-27;0;0;8462;5302;23.9;15.0
978;2021-06-28;73;131;8535;5433;24.2;15.4
978;2021-06-29;62;104;8597;5537;24.3;15.7
978;2021-06-30;56;110;8653;5647;24.5;16.0
978;2021-07-01;42;87;8695;5734;24.6;16.2
978;2021-07-02;52;90;8747;5824;24.8;16.5
978;2021-07-03;40;90;8787;5914;24.9;16.7
978;2021-07-04;0;1;8787;5915;24.9;16.7
978;2021-07-05;67;93;8854;6008;25.1;17.0
978;2021-07-06;55;74;8909;6082;25.2;17.2
978;2021-07-07;55;123;8964;6205;25.4;17.6
978;2021-07-08;54;107;9018;6312;25.5;17.9
978;2021-07-09;45;92;9063;6404;25.6;18.1
978;2021-07-10;38;85;9101;6489;25.8;18.4
978;2021-07-11;0;4;9101;6493;25.8;18.4
978;2021-07-12;71;130;9172;6623;26.0;18.7
978;2021-07-13;146;162;9318;6785;26.4;19.2
978;2021-07-14;3;0;9321;6785;26.4;19.2
978;2021-07-15;161;195;9482;6980;26.8;19.8
978;2021-07-16;113;113;9595;7093;27.2;20.1
978;2021-07-17;52;100;9647;7193;27.3;20.4
978;2021-07-18;0;0;9647;7193;27.3;20.4
978;2021-07-19;99;133;9746;7326;27.6;20.7
978;2021-07-20;80;74;9826;7400;27.8;20.9
978;2021-07-21;63;50;9889;7450;28.0;21.1
978;2021-07-22;97;114;9986;7564;28.3;21.4
978;2021-07-23;67;98;10053;7662;28.5;21.7
978;2021-07-24;20;35;10073;7697;28.5;21.8
978;2021-07-25;0;0;10073;7697;28.5;21.8
978;2021-07-26;100;116;10173;7813;28.8;22.1
978;2021-07-27;72;144;10245;7957;29.0;22.5
978;2021-07-28;72;126;10317;8083;29.2;22.9
978;2021-07-29;80;98;10397;8181;29.4;23.2
978;2021-07-30;82;115;10479;8296;29.7;23.5
978;2021-07-31;49;68;10528;8364;29.8;23.7
978;2021-08-01;0;0;10528;8364;29.8;23.7
978;2021-08-02;65;95;10593;8459;30.0;23.9
978;2021-08-03;60;94;10653;8553;30.1;24.2
978;2021-08-04;64;55;10717;8608;30.3;24.4
978;2021-08-05;48;70;10765;8678;30.5;24.6
978;2021-08-06;73;127;10838;8805;30.7;24.9
978;2021-08-07;44;46;10882;8851;30.8;25.0
978;2021-08-08;0;0;10882;8851;30.8;25.0
978;2021-08-09;138;150;11020;9001;31.2;25.5
978;2021-08-10;81;93;11101;9094;31.4;25.7
978;2021-08-11;106;99;11207;9193;31.7;26.0
978;2021-08-12;99;99;11306;9292;32.0;26.3
978;2021-08-13;132;75;11438;9367;32.4;26.5
978;2021-08-14;74;100;11512;9467;32.6;26.8
978;2021-08-15;0;0;11512;9467;32.6;26.8
978;2021-08-16;45;72;11557;9539;32.7;27.0
978;2021-08-17;33;33;11590;9572;32.8;27.1
978;2021-08-18;35;55;11625;9627;32.9;27.2
978;2021-08-19;34;26;11659;9653;33.0;27.3
978;2021-08-20;46;61;11705;9714;33.1;27.5
978;2021-08-21;0;0;11705;9714;33.1;27.5
978;2021-08-22;0;0;11705;9714;33.1;27.5
978;2021-08-23;51;87;11756;9801;33.3;27.7
978;2021-08-24;31;53;11787;9854;33.4;27.9
978;2021-08-25;26;51;11813;9905;33.4;28.0
978;2021-08-26;31;26;11844;9931;33.5;28.1
978;2021-08-27;47;88;11891;10019;33.7;28.4
978;2021-08-28;3;0;11894;10019;33.7;28.4
978;2021-08-29;0;0;11894;10019;33.7;28.4
978;2021-08-30;39;113;11933;10132;33.8;28.7
978;2021-08-31;46;80;11979;10212;33.9;28.9
978;2021-09-01;31;84;12010;10296;34.0;29.1
978;2021-09-02;39;70;12049;10366;34.1;29.3
978;2021-09-03;16;94;12065;10460;34.1;29.6
978;2021-09-04;0;0;12065;10460;34.1;29.6
978;2021-09-05;0;0;12065;10460;34.1;29.6
978;2021-09-06;32;77;12097;10537;34.2;29.8
978;2021-09-07;37;45;12134;10582;34.3;29.9
978;2021-09-08;21;42;12155;10624;34.4;30.1
978;2021-09-09;21;51;12176;10675;34.5;30.2
978;2021-09-10;43;75;12219;10750;34.6;30.4
978;2021-09-11;1;0;12220;10750;34.6;30.4
978;2021-09-12;5;1;12225;10751;34.6;30.4
978;2021-09-13;34;53;12259;10804;34.7;30.6
978;2021-09-14;23;27;12282;10831;34.8;30.7
978;2021-09-15;25;43;12307;10874;34.8;30.8
978;2021-09-16;8;33;12315;10907;34.9;30.9
978;2021-09-17;13;45;12328;10952;34.9;31.0
978;2021-09-18;0;0;12328;10952;34.9;31.0
978;2021-09-19;0;0;12328;10952;34.9;31.0
978;2021-09-20;10;35;12338;10987;34.9;31.1
978;2021-09-21;15;37;12353;11024;35.0;31.2
978;2021-09-22;13;34;12366;11058;35.0;31.3
978;2021-09-23;26;41;12392;11099;35.1;31.4
978;2021-09-24;19;27;12411;11126;35.1;31.5
978;2021-09-25;0;1;12411;11127;35.1;31.5
978;2021-09-26;0;0;12411;11127;35.1;31.5
978;2021-09-27;11;31;12422;11158;35.2;31.6
978;2021-09-28;19;25;12441;11183;35.2;31.6
978;2021-09-29;20;25;12461;11208;35.3;31.7
978;2021-09-30;23;23;12484;11231;35.3;31.8
978;2021-10-01;25;37;12509;11268;35.4;31.9
978;2021-10-02;0;0;12509;11268;35.4;31.9
978;2021-10-03;0;0;12509;11268;35.4;31.9
978;2021-10-04;22;27;12531;11295;35.5;32.0
978;2021-10-05;15;16;12546;11311;35.5;32.0
978;2021-10-06;12;16;12558;11327;35.5;32.1
978;2021-10-07;11;15;12569;11342;35.6;32.1
978;2021-10-08;16;15;12585;11357;35.6;32.1
978;2021-10-09;0;0;12585;11357;35.6;32.1
978;2021-10-10;0;0;12585;11357;35.6;32.1
978;2021-10-11;25;22;12610;11379;35.7;32.2
978;2021-10-12;21;27;12631;11406;35.7;32.3
