dep;jour;n_dose1;n_complet;n_cum_dose1;n_cum_complet;couv_dose1;couv_complet
01;2020-12-27;1;0;1;0;0.0;0.0
01;2020-12-28;0;0;1;0;0.0;0.0
01;2020-12-29;0;0;1;0;0.0;0.0
01;2020-12-30;0;0;1;0;0.0;0.0
01;2020-12-31;0;0;1;0;0.0;0.0
01;2021-01-01;1;0;2;0;0.0;0.0
01;2021-01-02;0;0;2;0;0.0;0.0
01;2021-01-03;0;0;2;0;0.0;0.0
01;2021-01-04;2;0;4;0;0.0;0.0
01;2021-01-05;2;0;6;0;0.0;0.0
01;2021-01-06;1;0;7;0;0.0;0.0
01;2021-01-07;67;0;74;0;0.0;0.0
01;2021-01-08;159;0;233;0;0.0;0.0
01;2021-01-09;2;1;235;1;0.0;0.0
01;2021-01-10;0;0;235;1;0.0;0.0
01;2021-01-11;148;0;383;1;0.1;0.0
01;2021-01-12;317;2;700;3;0.1;0.0
01;2021-01-13;444;1;1144;4;0.2;0.0
01;2021-01-14;529;3;1673;7;0.3;0.0
01;2021-01-15;397;3;2070;10;0.3;0.0
01;2021-01-16;202;0;2272;10;0.3;0.0
01;2021-01-17;128;0;2400;10;0.4;0.0
01;2021-01-18;378;1;2778;11;0.4;0.0
01;2021-01-19;1040;1;3818;12;0.6;0.0
01;2021-01-20;1261;2;5079;14;0.8;0.0
01;2021-01-21;1098;4;6177;18;0.9;0.0
01;2021-01-22;645;0;6822;18;1.0;0.0
01;2021-01-23;222;0;7044;18;1.1;0.0
01;2021-01-24;71;1;7115;19;1.1;0.0
01;2021-01-25;484;1;7599;20;1.2;0.0
01;2021-01-26;740;3;8339;23;1.3;0.0
01;2021-01-27;518;5;8857;28;1.3;0.0
01;2021-01-28;682;54;9539;82;1.5;0.0
01;2021-01-29;637;101;10176;183;1.5;0.0
01;2021-01-30;236;15;10412;198;1.6;0.0
01;2021-01-31;62;0;10474;198;1.6;0.0
01;2021-02-01;457;73;10931;271;1.7;0.0
01;2021-02-02;514;184;11445;455;1.7;0.1
01;2021-02-03;374;298;11819;753;1.8;0.1
01;2021-02-04;478;418;12297;1171;1.9;0.2
01;2021-02-05;441;280;12738;1451;1.9;0.2
01;2021-02-06;260;141;12998;1592;2.0;0.2
01;2021-02-07;2;113;13000;1705;2.0;0.3
01;2021-02-08;505;405;13505;2110;2.1;0.3
01;2021-02-09;774;859;14279;2969;2.2;0.5
01;2021-02-10;951;717;15230;3686;2.3;0.6
01;2021-02-11;791;772;16021;4458;2.4;0.7
01;2021-02-12;639;552;16660;5010;2.5;0.8
01;2021-02-13;161;149;16821;5159;2.6;0.8
01;2021-02-14;0;9;16821;5168;2.6;0.8
01;2021-02-15;437;447;17258;5615;2.6;0.9
01;2021-02-16;656;413;17914;6028;2.7;0.9
01;2021-02-17;519;247;18433;6275;2.8;1.0
01;2021-02-18;589;567;19022;6842;2.9;1.0
01;2021-02-19;578;246;19600;7088;3.0;1.1
01;2021-02-20;201;154;19801;7242;3.0;1.1
01;2021-02-21;0;1;19801;7243;3.0;1.1
01;2021-02-22;428;554;20229;7797;3.1;1.2
01;2021-02-23;482;524;20711;8321;3.2;1.3
01;2021-02-24;434;465;21145;8786;3.2;1.3
01;2021-02-25;824;609;21969;9395;3.3;1.4
01;2021-02-26;873;546;22842;9941;3.5;1.5
01;2021-02-27;480;119;23322;10060;3.6;1.5
01;2021-02-28;20;3;23342;10063;3.6;1.5
01;2021-03-01;629;456;23971;10519;3.6;1.6
01;2021-03-02;962;556;24933;11075;3.8;1.7
01;2021-03-03;936;661;25869;11736;3.9;1.8
01;2021-03-04;1198;640;27067;12376;4.1;1.9
01;2021-03-05;1354;496;28421;12872;4.3;2.0
01;2021-03-06;781;101;29202;12973;4.4;2.0
01;2021-03-07;43;1;29245;12974;4.5;2.0
01;2021-03-08;668;625;29913;13599;4.6;2.1
01;2021-03-09;1336;606;31249;14205;4.8;2.2
01;2021-03-10;1161;555;32410;14760;4.9;2.2
01;2021-03-11;1684;642;34094;15402;5.2;2.3
01;2021-03-12;2004;636;36098;16038;5.5;2.4
01;2021-03-13;1499;94;37597;16132;5.7;2.5
01;2021-03-14;132;59;37729;16191;5.7;2.5
01;2021-03-15;1157;406;38886;16597;5.9;2.5
01;2021-03-16;1011;561;39897;17158;6.1;2.6
01;2021-03-17;839;345;40736;17503;6.2;2.7
01;2021-03-18;1293;468;42029;17971;6.4;2.7
01;2021-03-19;1746;538;43775;18509;6.7;2.8
01;2021-03-20;1445;133;45220;18642;6.9;2.8
01;2021-03-21;97;11;45317;18653;6.9;2.8
01;2021-03-22;1575;493;46892;19146;7.1;2.9
01;2021-03-23;2196;643;49088;19789;7.5;3.0
01;2021-03-24;1616;414;50704;20203;7.7;3.1
01;2021-03-25;2909;634;53613;20837;8.2;3.2
01;2021-03-26;2870;614;56483;21451;8.6;3.3
01;2021-03-27;1308;157;57791;21608;8.8;3.3
01;2021-03-28;22;1;57813;21609;8.8;3.3
01;2021-03-29;1930;544;59743;22153;9.1;3.4
01;2021-03-30;2513;759;62256;22912;9.5;3.5
01;2021-03-31;1868;628;64124;23540;9.8;3.6
01;2021-04-01;2569;856;66693;24396;10.2;3.7
01;2021-04-02;2815;717;69508;25113;10.6;3.8
01;2021-04-03;1256;129;70764;25242;10.8;3.8
01;2021-04-04;2;0;70766;25242;10.8;3.8
01;2021-04-05;1260;60;72026;25302;11.0;3.9
01;2021-04-06;2820;789;74846;26091;11.4;4.0
01;2021-04-07;2739;707;77585;26798;11.8;4.1
01;2021-04-08;3241;995;80826;27793;12.3;4.2
01;2021-04-09;3987;1333;84813;29126;12.9;4.4
01;2021-04-10;1824;301;86637;29427;13.2;4.5
01;2021-04-11;44;22;86681;29449;13.2;4.5
01;2021-04-12;2714;1220;89395;30669;13.6;4.7
01;2021-04-13;2940;1319;92335;31988;14.1;4.9
01;2021-04-14;3124;1077;95459;33065;14.5;5.0
01;2021-04-15;3073;1476;98532;34541;15.0;5.3
01;2021-04-16;2861;1574;101393;36115;15.4;5.5
01;2021-04-17;1654;681;103047;36796;15.7;5.6
01;2021-04-18;13;0;103060;36796;15.7;5.6
01;2021-04-19;2038;1517;105098;38313;16.0;5.8
01;2021-04-20;2663;1569;107761;39882;16.4;6.1
01;2021-04-21;2686;1345;110447;41227;16.8;6.3
01;2021-04-22;2835;1528;113282;42755;17.2;6.5
01;2021-04-23;2763;1530;116045;44285;17.7;6.7
01;2021-04-24;1447;649;117492;44934;17.9;6.8
01;2021-04-25;9;0;117501;44934;17.9;6.8
01;2021-04-26;1970;1727;119471;46661;18.2;7.1
01;2021-04-27;2573;1554;122044;48215;18.6;7.3
01;2021-04-28;2498;1572;124542;49787;19.0;7.6
01;2021-04-29;2717;1772;127259;51559;19.4;7.8
01;2021-04-30;2983;2251;130242;53810;19.8;8.2
01;2021-05-01;1472;858;131714;54668;20.0;8.3
01;2021-05-02;546;75;132260;54743;20.1;8.3
01;2021-05-03;2293;2479;134553;57222;20.5;8.7
01;2021-05-04;2541;2654;137094;59876;20.9;9.1
01;2021-05-05;2529;2500;139623;62376;21.3;9.5
01;2021-05-06;2995;2530;142618;64906;21.7;9.9
01;2021-05-07;3218;2782;145836;67688;22.2;10.3
01;2021-05-08;1645;923;147481;68611;22.4;10.4
01;2021-05-09;1023;160;148504;68771;22.6;10.5
01;2021-05-10;2501;3072;151005;71843;23.0;10.9
01;2021-05-11;3581;3062;154586;74905;23.5;11.4
01;2021-05-12;3650;3000;158236;77905;24.1;11.9
01;2021-05-13;4085;1500;162321;79405;24.7;12.1
01;2021-05-14;4270;2344;166591;81749;25.4;12.4
01;2021-05-15;3156;1433;169747;83182;25.8;12.7
01;2021-05-16;1413;151;171160;83333;26.1;12.7
01;2021-05-17;3445;2468;174605;85801;26.6;13.1
01;2021-05-18;4075;1963;178680;87764;27.2;13.4
01;2021-05-19;3973;1905;182653;89669;27.8;13.6
01;2021-05-20;4529;2013;187182;91682;28.5;14.0
01;2021-05-21;4617;2199;191799;93881;29.2;14.3
01;2021-05-22;3369;956;195168;94837;29.7;14.4
01;2021-05-23;834;82;196002;94919;29.8;14.4
01;2021-05-24;2765;499;198767;95418;30.3;14.5
01;2021-05-25;3559;2431;202326;97849;30.8;14.9
01;2021-05-26;3571;2253;205897;100102;31.3;15.2
01;2021-05-27;3852;2099;209749;102201;31.9;15.6
01;2021-05-28;3664;2638;213413;104839;32.5;16.0
01;2021-05-29;3060;1303;216473;106142;33.0;16.2
01;2021-05-30;613;88;217086;106230;33.0;16.2
01;2021-05-31;2404;2517;219490;108747;33.4;16.6
01;2021-06-01;2767;2588;222257;111335;33.8;16.9
01;2021-06-02;2881;2202;225138;113537;34.3;17.3
01;2021-06-03;3363;2435;228501;115972;34.8;17.7
01;2021-06-04;4500;3358;233001;119330;35.5;18.2
01;2021-06-05;3252;1724;236253;121054;36.0;18.4
01;2021-06-06;670;78;236923;121132;36.1;18.4
01;2021-06-07;3389;2873;240312;124005;36.6;18.9
01;2021-06-08;3649;2709;243961;126714;37.1;19.3
01;2021-06-09;2948;2637;246909;129351;37.6;19.7
01;2021-06-10;2765;2041;249674;131392;38.0;20.0
01;2021-06-11;3070;3368;252744;134760;38.5;20.5
01;2021-06-12;2404;2198;255148;136958;38.8;20.8
01;2021-06-13;200;479;255348;137437;38.9;20.9
01;2021-06-14;2122;3166;257470;140603;39.2;21.4
01;2021-06-15;2004;3361;259474;143964;39.5;21.9
01;2021-06-16;2179;3287;261653;147251;39.8;22.4
01;2021-06-17;1957;3171;263610;150422;40.1;22.9
01;2021-06-18;2647;4163;266257;154585;40.5;23.5
01;2021-06-19;1727;2555;267984;157140;40.8;23.9
01;2021-06-20;159;497;268143;157637;40.8;24.0
01;2021-06-21;1800;3705;269943;161342;41.1;24.6
01;2021-06-22;1548;3997;271491;165339;41.3;25.2
01;2021-06-23;1585;3754;273076;169093;41.6;25.7
01;2021-06-24;1471;3566;274547;172659;41.8;26.3
01;2021-06-25;1889;4563;276436;177222;42.1;27.0
01;2021-06-26;1210;2946;277646;180168;42.3;27.4
01;2021-06-27;170;339;277816;180507;42.3;27.5
01;2021-06-28;1382;4024;279198;184531;42.5;28.1
01;2021-06-29;1411;3851;280609;188382;42.7;28.7
01;2021-06-30;1375;4157;281984;192539;42.9;29.3
01;2021-07-01;1431;4091;283415;196630;43.1;29.9
01;2021-07-02;1587;4987;285002;201617;43.4;30.7
01;2021-07-03;858;3375;285860;204992;43.5;31.2
01;2021-07-04;105;499;285965;205491;43.5;31.3
01;2021-07-05;1486;4085;287451;209576;43.8;31.9
01;2021-07-06;1105;4278;288556;213854;43.9;32.6
01;2021-07-07;1755;3699;290311;217553;44.2;33.1
01;2021-07-08;1471;3673;291782;221226;44.4;33.7
01;2021-07-09;1885;4363;293667;225589;44.7;34.3
01;2021-07-10;1119;3437;294786;229026;44.9;34.9
01;2021-07-11;105;418;294891;229444;44.9;34.9
01;2021-07-12;1419;3840;296310;233284;45.1;35.5
01;2021-07-13;2055;4118;298365;237402;45.4;36.1
01;2021-07-14;146;180;298511;237582;45.4;36.2
01;2021-07-15;3087;4192;301598;241774;45.9;36.8
01;2021-07-16;3743;4838;305341;246612;46.5;37.5
01;2021-07-17;2202;3048;307543;249660;46.8;38.0
01;2021-07-18;289;551;307832;250211;46.9;38.1
01;2021-07-19;2911;3870;310743;254081;47.3;38.7
01;2021-07-20;3290;3686;314033;257767;47.8;39.2
01;2021-07-21;3931;3561;317964;261328;48.4;39.8
01;2021-07-22;4214;3491;322178;264819;49.0;40.3
01;2021-07-23;3935;4212;326113;269031;49.6;41.0
01;2021-07-24;2728;2715;328841;271746;50.1;41.4
01;2021-07-25;59;59;328900;271805;50.1;41.4
01;2021-07-26;3337;3246;332237;275051;50.6;41.9
01;2021-07-27;4086;2786;336323;277837;51.2;42.3
01;2021-07-28;3976;2648;340299;280485;51.8;42.7
01;2021-07-29;4691;2432;344990;282917;52.5;43.1
01;2021-07-30;4448;3432;349438;286349;53.2;43.6
01;2021-07-31;3625;1774;353063;288123;53.7;43.9
01;2021-08-01;390;76;353453;288199;53.8;43.9
01;2021-08-02;3042;2446;356495;290645;54.3;44.2
01;2021-08-03;3045;2452;359540;293097;54.7;44.6
01;2021-08-04;2532;1730;362072;294827;55.1;44.9
01;2021-08-05;2234;2364;364306;297191;55.5;45.2
01;2021-08-06;2735;3112;367041;300303;55.9;45.7
01;2021-08-07;2043;1835;369084;302138;56.2;46.0
01;2021-08-08;244;257;369328;302395;56.2;46.0
01;2021-08-09;1122;2636;370450;305031;56.4;46.4
01;2021-08-10;1432;2413;371882;307444;56.6;46.8
01;2021-08-11;1459;2594;373341;310038;56.8;47.2
01;2021-08-12;1589;2812;374930;312850;57.1;47.6
01;2021-08-13;1796;2711;376726;315561;57.3;48.0
01;2021-08-14;1379;2232;378105;317793;57.6;48.4
01;2021-08-15;11;21;378116;317814;57.6;48.4
01;2021-08-16;973;3009;379089;320823;57.7;48.8
01;2021-08-17;1345;2754;380434;323577;57.9;49.3
01;2021-08-18;1248;2901;381682;326478;58.1;49.7
01;2021-08-19;1281;2416;382963;328894;58.3;50.1
01;2021-08-20;1449;3943;384412;332837;58.5;50.7
01;2021-08-21;881;2843;385293;335680;58.6;51.1
01;2021-08-22;17;19;385310;335699;58.7;51.1
02;2020-12-27;0;0;0;0;0.0;0.0
02;2020-12-28;0;0;0;0;0.0;0.0
02;2020-12-29;0;0;0;0;0.0;0.0
02;2020-12-30;0;0;0;0;0.0;0.0
02;2020-12-31;0;0;0;0;0.0;0.0
02;2021-01-01;0;0;0;0;0.0;0.0
02;2021-01-02;0;0;0;0;0.0;0.0
02;2021-01-03;0;0;0;0;0.0;0.0
02;2021-01-04;0;0;0;0;0.0;0.0
02;2021-01-05;0;0;0;0;0.0;0.0
02;2021-01-06;22;0;22;0;0.0;0.0
02;2021-01-07;261;2;283;2;0.1;0.0
02;2021-01-08;489;3;772;5;0.1;0.0
02;2021-01-09;74;0;846;5;0.2;0.0
02;2021-01-10;49;0;895;5;0.2;0.0
02;2021-01-11;267;0;1162;5;0.2;0.0
02;2021-01-12;355;1;1517;6;0.3;0.0
02;2021-01-13;468;4;1985;10;0.4;0.0
02;2021-01-14;651;11;2636;21;0.5;0.0
02;2021-01-15;630;7;3266;28;0.6;0.0
02;2021-01-16;333;4;3599;32;0.7;0.0
02;2021-01-17;62;0;3661;32;0.7;0.0
02;2021-01-18;811;5;4472;37;0.9;0.0
02;2021-01-19;942;5;5414;42;1.0;0.0
02;2021-01-20;1430;5;6844;47;1.3;0.0
02;2021-01-21;2600;6;9444;53;1.8;0.0
02;2021-01-22;1419;5;10863;58;2.1;0.0
02;2021-01-23;291;1;11154;59;2.1;0.0
02;2021-01-24;67;0;11221;59;2.1;0.0
02;2021-01-25;432;10;11653;69;2.2;0.0
02;2021-01-26;704;16;12357;85;2.3;0.0
02;2021-01-27;161;2;12518;87;2.4;0.0
02;2021-01-28;69;247;12587;334;2.4;0.1
02;2021-01-29;119;419;12706;753;2.4;0.1
02;2021-01-30;4;14;12710;767;2.4;0.1
02;2021-01-31;0;10;12710;777;2.4;0.1
02;2021-02-01;11;212;12721;989;2.4;0.2
02;2021-02-02;45;331;12766;1320;2.4;0.3
02;2021-02-03;124;337;12890;1657;2.5;0.3
02;2021-02-04;226;359;13116;2016;2.5;0.4
02;2021-02-05;178;418;13294;2434;2.5;0.5
02;2021-02-06;66;175;13360;2609;2.5;0.5
02;2021-02-07;9;0;13369;2609;2.5;0.5
02;2021-02-08;305;435;13674;3044;2.6;0.6
02;2021-02-09;322;680;13996;3724;2.7;0.7
02;2021-02-10;485;1045;14481;4769;2.8;0.9
02;2021-02-11;938;1907;15419;6676;2.9;1.3
02;2021-02-12;885;1120;16304;7796;3.1;1.5
02;2021-02-13;290;129;16594;7925;3.2;1.5
02;2021-02-14;1;5;16595;7930;3.2;1.5
02;2021-02-15;344;682;16939;8612;3.2;1.6
02;2021-02-16;413;568;17352;9180;3.3;1.7
02;2021-02-17;498;632;17850;9812;3.4;1.9
02;2021-02-18;507;444;18357;10256;3.5;1.9
02;2021-02-19;444;573;18801;10829;3.6;2.1
02;2021-02-20;372;233;19173;11062;3.6;2.1
02;2021-02-21;39;17;19212;11079;3.7;2.1
02;2021-02-22;377;317;19589;11396;3.7;2.2
02;2021-02-23;432;362;20021;11758;3.8;2.2
02;2021-02-24;600;146;20621;11904;3.9;2.3
02;2021-02-25;869;136;21490;12040;4.1;2.3
02;2021-02-26;808;73;22298;12113;4.2;2.3
02;2021-02-27;445;14;22743;12127;4.3;2.3
02;2021-02-28;55;2;22798;12129;4.3;2.3
02;2021-03-01;638;24;23436;12153;4.5;2.3
02;2021-03-02;1032;125;24468;12278;4.7;2.3
02;2021-03-03;754;205;25222;12483;4.8;2.4
02;2021-03-04;1162;676;26384;13159;5.0;2.5
02;2021-03-05;1049;508;27433;13667;5.2;2.6
02;2021-03-06;2138;100;29571;13767;5.6;2.6
02;2021-03-07;1504;47;31075;13814;5.9;2.6
02;2021-03-08;572;367;31647;14181;6.0;2.7
02;2021-03-09;998;403;32645;14584;6.2;2.8
02;2021-03-10;894;475;33539;15059;6.4;2.9
02;2021-03-11;1293;391;34832;15450;6.6;2.9
02;2021-03-12;1705;417;36537;15867;6.9;3.0
02;2021-03-13;2592;237;39129;16104;7.4;3.1
02;2021-03-14;1457;43;40586;16147;7.7;3.1
02;2021-03-15;612;458;41198;16605;7.8;3.2
02;2021-03-16;863;400;42061;17005;8.0;3.2
02;2021-03-17;759;453;42820;17458;8.1;3.3
02;2021-03-18;608;619;43428;18077;8.3;3.4
02;2021-03-19;1172;301;44600;18378;8.5;3.5
02;2021-03-20;2430;158;47030;18536;8.9;3.5
02;2021-03-21;1488;80;48518;18616;9.2;3.5
02;2021-03-22;762;500;49280;19116;9.4;3.6
02;2021-03-23;1194;552;50474;19668;9.6;3.7
02;2021-03-24;1582;500;52056;20168;9.9;3.8
02;2021-03-25;1694;598;53750;20766;10.2;3.9
02;2021-03-26;2411;491;56161;21257;10.7;4.0
02;2021-03-27;2494;130;58655;21387;11.2;4.1
02;2021-03-28;638;14;59293;21401;11.3;4.1
02;2021-03-29;1038;862;60331;22263;11.5;4.2
02;2021-03-30;1554;842;61885;23105;11.8;4.4
02;2021-03-31;1299;717;63184;23822;12.0;4.5
02;2021-04-01;1291;860;64475;24682;12.3;4.7
02;2021-04-02;1184;1232;65659;25914;12.5;4.9
02;2021-04-03;2647;852;68306;26766;13.0;5.1
02;2021-04-04;727;239;69033;27005;13.1;5.1
02;2021-04-05;1509;132;70542;27137;13.4;5.2
02;2021-04-06;1541;855;72083;27992;13.7;5.3
02;2021-04-07;1870;777;73953;28769;14.1;5.5
02;2021-04-08;1918;1106;75871;29875;14.4;5.7
02;2021-04-09;2434;1087;78305;30962;14.9;5.9
02;2021-04-10;2430;1211;80735;32173;15.3;6.1
02;2021-04-11;476;416;81211;32589;15.4;6.2
02;2021-04-12;1824;630;83035;33219;15.8;6.3
02;2021-04-13;1601;926;84636;34145;16.1;6.5
02;2021-04-14;2584;969;87220;35114;16.6;6.7
02;2021-04-15;2497;774;89717;35888;17.1;6.8
02;2021-04-16;2439;1127;92156;37015;17.5;7.0
02;2021-04-17;1890;2146;94046;39161;17.9;7.4
02;2021-04-18;270;814;94316;39975;17.9;7.6
02;2021-04-19;1158;633;95474;40608;18.1;7.7
02;2021-04-20;1677;763;97151;41371;18.5;7.9
02;2021-04-21;1549;993;98700;42364;18.8;8.1
02;2021-04-22;1748;704;100448;43068;19.1;8.2
02;2021-04-23;1930;1415;102378;44483;19.5;8.5
02;2021-04-24;1714;1640;104092;46123;19.8;8.8
02;2021-04-25;462;235;104554;46358;19.9;8.8
02;2021-04-26;1339;563;105893;46921;20.1;8.9
02;2021-04-27;1627;1097;107520;48018;20.4;9.1
02;2021-04-28;1592;1438;109112;49456;20.7;9.4
02;2021-04-29;1885;1179;110997;50635;21.1;9.6
02;2021-04-30;2716;1658;113713;52293;21.6;9.9
02;2021-05-01;1989;1228;115702;53521;22.0;10.2
02;2021-05-02;1982;416;117684;53937;22.4;10.3
02;2021-05-03;2225;984;119909;54921;22.8;10.4
02;2021-05-04;1524;1318;121433;56239;23.1;10.7
02;2021-05-05;2330;1843;123763;58082;23.5;11.0
02;2021-05-06;2123;1737;125886;59819;23.9;11.4
02;2021-05-07;2358;2178;128244;61997;24.4;11.8
02;2021-05-08;2920;949;131164;62946;24.9;12.0
02;2021-05-09;1822;423;132986;63369;25.3;12.0
02;2021-05-10;2374;1481;135360;64850;25.7;12.3
02;2021-05-11;2878;1575;138238;66425;26.3;12.6
02;2021-05-12;2674;1626;140912;68051;26.8;12.9
02;2021-05-13;2991;1041;143903;69092;27.4;13.1
02;2021-05-14;3380;1206;147283;70298;28.0;13.4
02;2021-05-15;4374;1091;151657;71389;28.8;13.6
02;2021-05-16;2798;212;154455;71601;29.4;13.6
02;2021-05-17;2147;665;156602;72266;29.8;13.7
02;2021-05-18;2634;975;159236;73241;30.3;13.9
02;2021-05-19;2852;999;162088;74240;30.8;14.1
02;2021-05-20;3552;1232;165640;75472;31.5;14.3
02;2021-05-21;3819;1069;169459;76541;32.2;14.6
02;2021-05-22;5848;968;175307;77509;33.3;14.7
02;2021-05-23;2659;238;177966;77747;33.8;14.8
02;2021-05-24;3542;542;181508;78289;34.5;14.9
02;2021-05-25;2260;1164;183768;79453;34.9;15.1
02;2021-05-26;3081;1497;186849;80950;35.5;15.4
02;2021-05-27;3650;1489;190499;82439;36.2;15.7
02;2021-05-28;3514;1585;194013;84024;36.9;16.0
02;2021-05-29;4081;1574;198094;85598;37.7;16.3
02;2021-05-30;1449;187;199543;85785;37.9;16.3
02;2021-05-31;2577;1194;202120;86979;38.4;16.5
02;2021-06-01;2867;1871;204987;88850;39.0;16.9
02;2021-06-02;3161;1649;208148;90499;39.6;17.2
02;2021-06-03;2857;1836;211005;92335;40.1;17.6
02;2021-06-04;3142;2060;214147;94395;40.7;17.9
02;2021-06-05;3440;1733;217587;96128;41.4;18.3
02;2021-06-06;1738;258;219325;96386;41.7;18.3
02;2021-06-07;1613;1500;220938;97886;42.0;18.6
02;2021-06-08;2063;1850;223001;99736;42.4;19.0
02;2021-06-09;2058;1650;225059;101386;42.8;19.3
02;2021-06-10;2013;1834;227072;103220;43.2;19.6
02;2021-06-11;2195;3069;229267;106289;43.6;20.2
02;2021-06-12;2312;2595;231579;108884;44.0;20.7
02;2021-06-13;684;1387;232263;110271;44.2;21.0
02;2021-06-14;1047;2393;233310;112664;44.4;21.4
02;2021-06-15;1519;2463;234829;115127;44.6;21.9
02;2021-06-16;1534;2749;236363;117876;44.9;22.4
02;2021-06-17;1782;2861;238145;120737;45.3;23.0
02;2021-06-18;2312;3571;240457;124308;45.7;23.6
02;2021-06-19;1841;3820;242298;128128;46.1;24.4
02;2021-06-20;644;1522;242942;129650;46.2;24.6
02;2021-06-21;807;3196;243749;132846;46.3;25.3
02;2021-06-22;1155;3668;244904;136514;46.6;26.0
02;2021-06-23;1226;3589;246130;140103;46.8;26.6
02;2021-06-24;1327;3149;247457;143252;47.0;27.2
02;2021-06-25;1400;4547;248857;147799;47.3;28.1
02;2021-06-26;1346;4227;250203;152026;47.6;28.9
02;2021-06-27;599;2333;250802;154359;47.7;29.3
02;2021-06-28;878;3021;251680;157380;47.8;29.9
02;2021-06-29;919;2927;252599;160307;48.0;30.5
02;2021-06-30;1510;3162;254109;163469;48.3;31.1
02;2021-07-01;1196;3590;255305;167059;48.5;31.8
02;2021-07-02;1360;5138;256665;172197;48.8;32.7
02;2021-07-03;997;5989;257662;178186;49.0;33.9
02;2021-07-04;509;2367;258171;180553;49.1;34.3
02;2021-07-05;661;3938;258832;184491;49.2;35.1
02;2021-07-06;671;3047;259503;187538;49.3;35.7
02;2021-07-07;1320;3726;260823;191264;49.6;36.4
02;2021-07-08;1394;3874;262217;195138;49.8;37.1
02;2021-07-09;1281;4218;263498;199356;50.1;37.9
02;2021-07-10;1330;4608;264828;203964;50.3;38.8
02;2021-07-11;481;1964;265309;205928;50.4;39.1
02;2021-07-12;1416;3727;266725;209655;50.7;39.9
02;2021-07-13;2067;3658;268792;213313;51.1;40.5
02;2021-07-14;1756;1597;270548;214910;51.4;40.9
02;2021-07-15;2723;3555;273271;218465;51.9;41.5
02;2021-07-16;3164;4221;276435;222686;52.5;42.3
02;2021-07-17;3560;4225;279995;226911;53.2;43.1
02;2021-07-18;2038;1614;282033;228525;53.6;43.4
02;2021-07-19;3440;3036;285473;231561;54.3;44.0
02;2021-07-20;3499;3300;288972;234861;54.9;44.6
02;2021-07-21;3905;2948;292877;237809;55.7;45.2
02;2021-07-22;3317;2807;296194;240616;56.3;45.7
02;2021-07-23;3188;3560;299382;244176;56.9;46.4
02;2021-07-24;4446;3723;303828;247899;57.8;47.1
02;2021-07-25;2188;1085;306016;248984;58.2;47.3
02;2021-07-26;3876;2247;309892;251231;58.9;47.8
02;2021-07-27;3648;2149;313540;253380;59.6;48.2
02;2021-07-28;3277;2097;316817;255477;60.2;48.6
02;2021-07-29;2577;2217;319394;257694;60.7;49.0
02;2021-07-30;3306;2307;322700;260001;61.3;49.4
02;2021-07-31;4174;2272;326874;262273;62.1;49.9
02;2021-08-01;1470;689;328344;262962;62.4;50.0
02;2021-08-02;2031;1603;330375;264565;62.8;50.3
02;2021-08-03;2522;1901;332897;266466;63.3;50.7
02;2021-08-04;2548;1697;335445;268163;63.8;51.0
02;2021-08-05;1842;2268;337287;270431;64.1;51.4
02;2021-08-06;2085;2745;339372;273176;64.5;51.9
02;2021-08-07;2511;2776;341883;275952;65.0;52.5
02;2021-08-08;1025;1569;342908;277521;65.2;52.8
02;2021-08-09;1893;2741;344801;280262;65.5;53.3
02;2021-08-10;1758;2457;346559;282719;65.9;53.7
02;2021-08-11;1475;2107;348034;284826;66.2;54.1
02;2021-08-12;1198;2329;349232;287155;66.4;54.6
02;2021-08-13;1609;2904;350841;290059;66.7;55.1
02;2021-08-14;1646;3687;352487;293746;67.0;55.8
02;2021-08-15;161;571;352648;294317;67.0;55.9
02;2021-08-16;1268;3756;353916;298073;67.3;56.7
02;2021-08-17;1410;2832;355326;300905;67.5;57.2
02;2021-08-18;1573;3175;356899;304080;67.8;57.8
02;2021-08-19;1127;3212;358026;307292;68.1;58.4
02;2021-08-20;1181;2918;359207;310210;68.3;59.0
02;2021-08-21;1434;4079;360641;314289;68.6;59.7
02;2021-08-22;403;1651;361044;315940;68.6;60.1
03;2020-12-27;0;0;0;0;0.0;0.0
03;2020-12-28;0;0;0;0;0.0;0.0
03;2020-12-29;0;0;0;0;0.0;0.0
03;2020-12-30;1;0;1;0;0.0;0.0
03;2020-12-31;0;0;1;0;0.0;0.0
03;2021-01-01;0;0;1;0;0.0;0.0
03;2021-01-02;0;0;1;0;0.0;0.0
03;2021-01-03;0;0;1;0;0.0;0.0
03;2021-01-04;0;0;1;0;0.0;0.0
03;2021-01-05;0;0;1;0;0.0;0.0
03;2021-01-06;10;0;11;0;0.0;0.0
03;2021-01-07;61;0;72;0;0.0;0.0
03;2021-01-08;146;1;218;1;0.1;0.0
03;2021-01-09;122;0;340;1;0.1;0.0
03;2021-01-10;6;0;346;1;0.1;0.0
03;2021-01-11;412;1;758;2;0.2;0.0
03;2021-01-12;631;0;1389;2;0.4;0.0
03;2021-01-13;669;2;2058;4;0.6;0.0
03;2021-01-14;861;4;2919;8;0.9;0.0
03;2021-01-15;387;3;3306;11;1.0;0.0
03;2021-01-16;278;0;3584;11;1.1;0.0
03;2021-01-17;42;0;3626;11;1.1;0.0
03;2021-01-18;878;0;4504;11;1.4;0.0
03;2021-01-19;1149;1;5653;12;1.7;0.0
03;2021-01-20;1291;4;6944;16;2.1;0.0
03;2021-01-21;1201;5;8145;21;2.5;0.0
03;2021-01-22;1116;4;9261;25;2.8;0.0
03;2021-01-23;466;0;9727;25;2.9;0.0
03;2021-01-24;0;0;9727;25;2.9;0.0
03;2021-01-25;186;0;9913;25;3.0;0.0
03;2021-01-26;679;14;10592;39;3.2;0.0
03;2021-01-27;695;11;11287;50;3.4;0.0
03;2021-01-28;1020;47;12307;97;3.7;0.0
03;2021-01-29;856;81;13163;178;4.0;0.1
03;2021-01-30;600;2;13763;180;4.2;0.1
03;2021-01-31;0;0;13763;180;4.2;0.1
03;2021-02-01;160;76;13923;256;4.2;0.1
03;2021-02-02;767;269;14690;525;4.4;0.2
03;2021-02-03;1056;493;15746;1018;4.8;0.3
03;2021-02-04;1548;634;17294;1652;5.2;0.5
03;2021-02-05;947;317;18241;1969;5.5;0.6
03;2021-02-06;152;13;18393;1982;5.6;0.6
03;2021-02-07;5;0;18398;1982;5.6;0.6
03;2021-02-08;128;56;18526;2038;5.6;0.6
03;2021-02-09;612;447;19138;2485;5.8;0.8
03;2021-02-10;485;344;19623;2829;5.9;0.9
03;2021-02-11;1026;583;20649;3412;6.2;1.0
03;2021-02-12;1075;548;21724;3960;6.6;1.2
03;2021-02-13;126;167;21850;4127;6.6;1.2
03;2021-02-14;0;1;21850;4128;6.6;1.2
03;2021-02-15;309;862;22159;4990;6.7;1.5
03;2021-02-16;547;1171;22706;6161;6.9;1.9
03;2021-02-17;453;1361;23159;7522;7.0;2.3
03;2021-02-18;368;1273;23527;8795;7.1;2.7
03;2021-02-19;496;795;24023;9590;7.3;2.9
03;2021-02-20;128;183;24151;9773;7.3;2.9
03;2021-02-21;2;1;24153;9774;7.3;3.0
03;2021-02-22;159;204;24312;9978;7.3;3.0
03;2021-02-23;721;951;25033;10929;7.6;3.3
03;2021-02-24;609;1021;25642;11950;7.7;3.6
03;2021-02-25;1089;1834;26731;13784;8.1;4.2
03;2021-02-26;821;1376;27552;15160;8.3;4.6
03;2021-02-27;96;258;27648;15418;8.3;4.7
03;2021-02-28;0;15;27648;15433;8.3;4.7
03;2021-03-01;178;240;27826;15673;8.4;4.7
03;2021-03-02;818;660;28644;16333;8.6;4.9
03;2021-03-03;894;449;29538;16782;8.9;5.1
03;2021-03-04;1533;586;31071;17368;9.4;5.2
03;2021-03-05;1120;734;32191;18102;9.7;5.5
03;2021-03-06;915;113;33106;18215;10.0;5.5
03;2021-03-07;2;0;33108;18215;10.0;5.5
03;2021-03-08;239;244;33347;18459;10.1;5.6
03;2021-03-09;1016;439;34363;18898;10.4;5.7
03;2021-03-10;941;550;35304;19448;10.7;5.9
03;2021-03-11;1677;653;36981;20101;11.2;6.1
03;2021-03-12;1302;868;38283;20969;11.6;6.3
03;2021-03-13;863;112;39146;21081;11.8;6.4
03;2021-03-14;2;9;39148;21090;11.8;6.4
03;2021-03-15;250;200;39398;21290;11.9;6.4
03;2021-03-16;650;403;40048;21693;12.1;6.5
03;2021-03-17;1302;445;41350;22138;12.5;6.7
03;2021-03-18;1720;393;43070;22531;13.0;6.8
03;2021-03-19;1729;360;44799;22891;13.5;6.9
03;2021-03-20;301;25;45100;22916;13.6;6.9
03;2021-03-21;1;0;45101;22916;13.6;6.9
03;2021-03-22;222;396;45323;23312;13.7;7.0
03;2021-03-23;1355;354;46678;23666;14.1;7.1
03;2021-03-24;1822;351;48500;24017;14.6;7.2
03;2021-03-25;2366;564;50866;24581;15.4;7.4
03;2021-03-26;2236;443;53102;25024;16.0;7.6
03;2021-03-27;817;21;53919;25045;16.3;7.6
03;2021-03-28;1;39;53920;25084;16.3;7.6
03;2021-03-29;659;176;54579;25260;16.5;7.6
03;2021-03-30;1907;448;56486;25708;17.0;7.8
03;2021-03-31;1014;986;57500;26694;17.4;8.1
03;2021-04-01;1338;1095;58838;27789;17.8;8.4
03;2021-04-02;1705;613;60543;28402;18.3;8.6
03;2021-04-03;366;97;60909;28499;18.4;8.6
03;2021-04-04;3;0;60912;28499;18.4;8.6
03;2021-04-05;18;14;60930;28513;18.4;8.6
03;2021-04-06;1072;410;62002;28923;18.7;8.7
03;2021-04-07;1562;522;63564;29445;19.2;8.9
03;2021-04-08;2121;481;65685;29926;19.8;9.0
03;2021-04-09;2057;1161;67742;31087;20.4;9.4
03;2021-04-10;1013;73;68755;31160;20.8;9.4
03;2021-04-11;478;9;69233;31169;20.9;9.4
03;2021-04-12;985;226;70218;31395;21.2;9.5
03;2021-04-13;1873;984;72091;32379;21.8;9.8
03;2021-04-14;2337;1219;74428;33598;22.5;10.1
03;2021-04-15;2621;1400;77049;34998;23.3;10.6
03;2021-04-16;2835;1174;79884;36172;24.1;10.9
03;2021-04-17;1082;439;80966;36611;24.4;11.1
03;2021-04-18;0;0;80966;36611;24.4;11.1
03;2021-04-19;1191;589;82157;37200;24.8;11.2
03;2021-04-20;1749;1276;83906;38476;25.3;11.6
03;2021-04-21;1122;1295;85028;39771;25.7;12.0
03;2021-04-22;1673;993;86701;40764;26.2;12.3
03;2021-04-23;2478;1262;89179;42026;26.9;12.7
03;2021-04-24;1301;920;90480;42946;27.3;13.0
03;2021-04-25;350;16;90830;42962;27.4;13.0
03;2021-04-26;1331;464;92161;43426;27.8;13.1
03;2021-04-27;1767;1524;93928;44950;28.4;13.6
03;2021-04-28;1930;1120;95858;46070;28.9;13.9
03;2021-04-29;2372;1244;98230;47314;29.6;14.3
03;2021-04-30;1931;806;100161;48120;30.2;14.5
03;2021-05-01;437;491;100598;48611;30.4;14.7
03;2021-05-02;2;1;100600;48612;30.4;14.7
03;2021-05-03;1911;771;102511;49383;30.9;14.9
03;2021-05-04;2843;1631;105354;51014;31.8;15.4
03;2021-05-05;2603;1320;107957;52334;32.6;15.8
03;2021-05-06;3095;2010;111052;54344;33.5;16.4
03;2021-05-07;4727;1791;115779;56135;34.9;16.9
03;2021-05-08;661;380;116440;56515;35.1;17.1
03;2021-05-09;49;511;116489;57026;35.2;17.2
03;2021-05-10;1891;1463;118380;58489;35.7;17.7
03;2021-05-11;3899;1838;122279;60327;36.9;18.2
03;2021-05-12;2970;1522;125249;61849;37.8;18.7
03;2021-05-13;4381;407;129630;62256;39.1;18.8
03;2021-05-14;3655;1695;133285;63951;40.2;19.3
03;2021-05-15;1942;491;135227;64442;40.8;19.5
03;2021-05-16;517;57;135744;64499;41.0;19.5
03;2021-05-17;1276;863;137020;65362;41.4;19.7
03;2021-05-18;3071;1502;140091;66864;42.3;20.2
03;2021-05-19;2622;967;142713;67831;43.1;20.5
03;2021-05-20;3331;1138;146044;68969;44.1;20.8
03;2021-05-21;4195;1286;150239;70255;45.3;21.2
03;2021-05-22;2012;360;152251;70615;46.0;21.3
03;2021-05-23;641;73;152892;70688;46.1;21.3
03;2021-05-24;2655;216;155547;70904;46.9;21.4
03;2021-05-25;3071;1690;158618;72594;47.9;21.9
03;2021-05-26;2337;1044;160955;73638;48.6;22.2
03;2021-05-27;2946;1126;163901;74764;49.5;22.6
03;2021-05-28;3844;2279;167745;77043;50.6;23.3
03;2021-05-29;1748;600;169493;77643;51.2;23.4
03;2021-05-30;242;23;169735;77666;51.2;23.4
03;2021-05-31;694;572;170429;78238;51.4;23.6
03;2021-06-01;2303;2345;172732;80583;52.1;24.3
03;2021-06-02;1534;1749;174266;82332;52.6;24.9
03;2021-06-03;2059;2753;176325;85085;53.2;25.7
03;2021-06-04;1699;2505;178024;87590;53.7;26.4
03;2021-06-05;1076;1141;179100;88731;54.1;26.8
03;2021-06-06;59;7;179159;88738;54.1;26.8
03;2021-06-07;784;1814;179943;90552;54.3;27.3
03;2021-06-08;1457;2555;181400;93107;54.8;28.1
03;2021-06-09;1267;1875;182667;94982;55.1;28.7
03;2021-06-10;1380;2123;184047;97105;55.6;29.3
03;2021-06-11;1504;3449;185551;100554;56.0;30.3
03;2021-06-12;831;823;186382;101377;56.3;30.6
03;2021-06-13;20;10;186402;101387;56.3;30.6
03;2021-06-14;381;2177;186783;103564;56.4;31.3
03;2021-06-15;1316;3835;188099;107399;56.8;32.4
03;2021-06-16;788;2887;188887;110286;57.0;33.3
03;2021-06-17;1083;3332;189970;113618;57.3;34.3
03;2021-06-18;1114;3980;191084;117598;57.7;35.5
03;2021-06-19;642;1617;191726;119215;57.9;36.0
03;2021-06-20;20;8;191746;119223;57.9;36.0
03;2021-06-21;462;2636;192208;121859;58.0;36.8
03;2021-06-22;1026;4004;193234;125863;58.3;38.0
03;2021-06-23;716;3284;193950;129147;58.5;39.0
03;2021-06-24;984;3863;194934;133010;58.8;40.1
03;2021-06-25;1017;3892;195951;136902;59.1;41.3
03;2021-06-26;513;2040;196464;138942;59.3;41.9
03;2021-06-27;65;486;196529;139428;59.3;42.1
03;2021-06-28;638;2099;197167;141527;59.5;42.7
03;2021-06-29;1027;3330;198194;144857;59.8;43.7
03;2021-06-30;832;3118;199026;147975;60.1;44.7
03;2021-07-01;985;2937;200011;150912;60.4;45.5
03;2021-07-02;920;4095;200931;155007;60.6;46.8
03;2021-07-03;487;1884;201418;156891;60.8;47.4
03;2021-07-04;19;332;201437;157223;60.8;47.5
03;2021-07-05;817;2379;202254;159602;61.0;48.2
03;2021-07-06;1170;3460;203424;163062;61.4;49.2
03;2021-07-07;805;2616;204229;165678;61.6;50.0
03;2021-07-08;1058;3040;205287;168718;62.0;50.9
03;2021-07-09;1471;3624;206758;172342;62.4;52.0
03;2021-07-10;510;1926;207268;174268;62.6;52.6
03;2021-07-11;61;492;207329;174760;62.6;52.7
03;2021-07-12;931;1150;208260;175910;62.9;53.1
03;2021-07-13;2613;3155;210873;179065;63.6;54.0
03;2021-07-14;195;24;211068;179089;63.7;54.1
03;2021-07-15;2613;2455;213681;181544;64.5;54.8
03;2021-07-16;2736;2275;216417;183819;65.3;55.5
03;2021-07-17;1030;1626;217447;185445;65.6;56.0
03;2021-07-18;31;6;217478;185451;65.6;56.0
03;2021-07-19;2392;1276;219870;186727;66.4;56.4
03;2021-07-20;3074;3034;222944;189761;67.3;57.3
03;2021-07-21;3210;1432;226154;191193;68.3;57.7
03;2021-07-22;2851;1885;229005;193078;69.1;58.3
03;2021-07-23;3201;1299;232206;194377;70.1;58.7
03;2021-07-24;588;581;232794;194958;70.3;58.8
03;2021-07-25;17;5;232811;194963;70.3;58.8
03;2021-07-26;2038;1583;234849;196546;70.9;59.3
03;2021-07-27;3313;2224;238162;198770;71.9;60.0
03;2021-07-28;2708;1115;240870;199885;72.7;60.3
03;2021-07-29;2490;1660;243360;201545;73.5;60.8
03;2021-07-30;2118;1445;245478;202990;74.1;61.3
03;2021-07-31;962;892;246440;203882;74.4;61.5
03;2021-08-01;13;20;246453;203902;74.4;61.5
03;2021-08-02;1661;1605;248114;205507;74.9;62.0
03;2021-08-03;2213;2780;250327;208287;75.6;62.9
03;2021-08-04;2186;886;252513;209173;76.2;63.1
03;2021-08-05;1255;1937;253768;211110;76.6;63.7
03;2021-08-06;1279;1026;255047;212136;77.0;64.0
03;2021-08-07;606;491;255653;212627;77.2;64.2
03;2021-08-08;65;29;255718;212656;77.2;64.2
03;2021-08-09;598;1305;256316;213961;77.4;64.6
03;2021-08-10;1659;3466;257975;217427;77.9;65.6
03;2021-08-11;1332;2529;259307;219956;78.3;66.4
03;2021-08-12;1132;3513;260439;223469;78.6;67.4
03;2021-08-13;681;1050;261120;224519;78.8;67.8
03;2021-08-14;380;567;261500;225086;78.9;67.9
03;2021-08-15;9;61;261509;225147;78.9;68.0
03;2021-08-16;713;2693;262222;227840;79.1;68.8
03;2021-08-17;1079;3218;263301;231058;79.5;69.7
03;2021-08-18;1153;2152;264454;233210;79.8;70.4
03;2021-08-19;1004;3046;265458;236256;80.1;71.3
03;2021-08-20;718;1136;266176;237392;80.3;71.7
03;2021-08-21;419;721;266595;238113;80.5;71.9
03;2021-08-22;5;6;266600;238119;80.5;71.9
04;2020-12-27;0;0;0;0;0.0;0.0
04;2020-12-28;1;0;1;0;0.0;0.0
04;2020-12-29;0;0;1;0;0.0;0.0
04;2020-12-30;0;0;1;0;0.0;0.0
04;2020-12-31;0;0;1;0;0.0;0.0
04;2021-01-01;0;0;1;0;0.0;0.0
04;2021-01-02;0;0;1;0;0.0;0.0
04;2021-01-03;0;0;1;0;0.0;0.0
04;2021-01-04;0;0;1;0;0.0;0.0
04;2021-01-05;4;0;5;0;0.0;0.0
04;2021-01-06;0;0;5;0;0.0;0.0
04;2021-01-07;61;0;66;0;0.0;0.0
04;2021-01-08;88;0;154;0;0.1;0.0
04;2021-01-09;57;0;211;0;0.1;0.0
04;2021-01-10;0;0;211;0;0.1;0.0
04;2021-01-11;77;0;288;0;0.2;0.0
04;2021-01-12;419;1;707;1;0.4;0.0
04;2021-01-13;245;1;952;2;0.6;0.0
04;2021-01-14;90;2;1042;4;0.6;0.0
04;2021-01-15;165;4;1207;8;0.7;0.0
04;2021-01-16;105;2;1312;10;0.8;0.0
04;2021-01-17;14;0;1326;10;0.8;0.0
04;2021-01-18;236;9;1562;19;0.9;0.0
04;2021-01-19;468;4;2030;23;1.2;0.0
04;2021-01-20;573;9;2603;32;1.6;0.0
04;2021-01-21;614;6;3217;38;1.9;0.0
04;2021-01-22;638;1;3855;39;2.3;0.0
04;2021-01-23;111;0;3966;39;2.4;0.0
04;2021-01-24;0;0;3966;39;2.4;0.0
04;2021-01-25;240;0;4206;39;2.5;0.0
04;2021-01-26;656;1;4862;40;2.9;0.0
04;2021-01-27;480;0;5342;40;3.2;0.0
04;2021-01-28;665;22;6007;62;3.6;0.0
04;2021-01-29;367;41;6374;103;3.9;0.1
04;2021-01-30;65;41;6439;144;3.9;0.1
04;2021-01-31;1;5;6440;149;3.9;0.1
04;2021-02-01;264;149;6704;298;4.1;0.2
04;2021-02-02;560;226;7264;524;4.4;0.3
04;2021-02-03;368;161;7632;685;4.6;0.4
04;2021-02-04;356;53;7988;738;4.8;0.4
04;2021-02-05;379;221;8367;959;5.1;0.6
04;2021-02-06;50;93;8417;1052;5.1;0.6
04;2021-02-07;2;22;8419;1074;5.1;0.7
04;2021-02-08;163;71;8582;1145;5.2;0.7
04;2021-02-09;193;143;8775;1288;5.3;0.8
04;2021-02-10;252;171;9027;1459;5.5;0.9
04;2021-02-11;364;291;9391;1750;5.7;1.1
04;2021-02-12;293;317;9684;2067;5.9;1.3
04;2021-02-13;26;94;9710;2161;5.9;1.3
04;2021-02-14;0;0;9710;2161;5.9;1.3
04;2021-02-15;31;164;9741;2325;5.9;1.4
04;2021-02-16;80;519;9821;2844;5.9;1.7
04;2021-02-17;67;433;9888;3277;6.0;2.0
04;2021-02-18;45;614;9933;3891;6.0;2.4
04;2021-02-19;52;377;9985;4268;6.0;2.6
04;2021-02-20;5;71;9990;4339;6.0;2.6
04;2021-02-21;0;0;9990;4339;6.0;2.6
04;2021-02-22;7;298;9997;4637;6.1;2.8
04;2021-02-23;19;595;10016;5232;6.1;3.2
04;2021-02-24;38;431;10054;5663;6.1;3.4
04;2021-02-25;72;378;10126;6041;6.1;3.7
04;2021-02-26;215;332;10341;6373;6.3;3.9
04;2021-02-27;179;75;10520;6448;6.4;3.9
04;2021-02-28;1;0;10521;6448;6.4;3.9
04;2021-03-01;18;74;10539;6522;6.4;3.9
04;2021-03-02;135;41;10674;6563;6.5;4.0
04;2021-03-03;375;644;11049;7207;6.7;4.4
04;2021-03-04;208;491;11257;7698;6.8;4.7
04;2021-03-05;236;360;11493;8058;7.0;4.9
04;2021-03-06;912;75;12405;8133;7.5;4.9
04;2021-03-07;498;23;12903;8156;7.8;4.9
04;2021-03-08;45;83;12948;8239;7.8;5.0
04;2021-03-09;215;257;13163;8496;8.0;5.1
04;2021-03-10;400;373;13563;8869;8.2;5.4
04;2021-03-11;495;341;14058;9210;8.5;5.6
04;2021-03-12;699;205;14757;9415;8.9;5.7
04;2021-03-13;1087;61;15844;9476;9.6;5.7
04;2021-03-14;460;3;16304;9479;9.9;5.7
04;2021-03-15;93;14;16397;9493;9.9;5.7
04;2021-03-16;74;9;16471;9502;10.0;5.8
04;2021-03-17;532;80;17003;9582;10.3;5.8
04;2021-03-18;815;24;17818;9606;10.8;5.8
04;2021-03-19;724;32;18542;9638;11.2;5.8
04;2021-03-20;159;3;18701;9641;11.3;5.8
04;2021-03-21;0;0;18701;9641;11.3;5.8
04;2021-03-22;105;13;18806;9654;11.4;5.8
04;2021-03-23;244;7;19050;9661;11.5;5.8
04;2021-03-24;1023;52;20073;9713;12.2;5.9
04;2021-03-25;1326;45;21399;9758;13.0;5.9
04;2021-03-26;1449;66;22848;9824;13.8;5.9
04;2021-03-27;266;19;23114;9843;14.0;6.0
04;2021-03-28;2;0;23116;9843;14.0;6.0
04;2021-03-29;681;13;23797;9856;14.4;6.0
04;2021-03-30;1085;147;24882;10003;15.1;6.1
04;2021-03-31;1327;106;26209;10109;15.9;6.1
04;2021-04-01;1132;128;27341;10237;16.6;6.2
04;2021-04-02;1184;110;28525;10347;17.3;6.3
04;2021-04-03;250;20;28775;10367;17.4;6.3
04;2021-04-04;1;0;28776;10367;17.4;6.3
04;2021-04-05;35;1;28811;10368;17.4;6.3
04;2021-04-06;928;147;29739;10515;18.0;6.4
04;2021-04-07;882;435;30621;10950;18.5;6.6
04;2021-04-08;926;698;31547;11648;19.1;7.1
04;2021-04-09;678;420;32225;12068;19.5;7.3
04;2021-04-10;231;192;32456;12260;19.6;7.4
04;2021-04-11;153;65;32609;12325;19.7;7.5
04;2021-04-12;594;100;33203;12425;20.1;7.5
04;2021-04-13;1190;239;34393;12664;20.8;7.7
04;2021-04-14;993;499;35386;13163;21.4;8.0
04;2021-04-15;921;672;36307;13835;22.0;8.4
04;2021-04-16;819;457;37126;14292;22.5;8.7
04;2021-04-17;211;69;37337;14361;22.6;8.7
04;2021-04-18;0;13;37337;14374;22.6;8.7
04;2021-04-19;338;290;37675;14664;22.8;8.9
04;2021-04-20;1005;445;38680;15109;23.4;9.1
04;2021-04-21;656;747;39336;15856;23.8;9.6
04;2021-04-22;759;854;40095;16710;24.3;10.1
04;2021-04-23;695;536;40790;17246;24.7;10.4
04;2021-04-24;165;65;40955;17311;24.8;10.5
04;2021-04-25;0;0;40955;17311;24.8;10.5
04;2021-04-26;171;611;41126;17922;24.9;10.8
04;2021-04-27;395;967;41521;18889;25.1;11.4
04;2021-04-28;432;1089;41953;19978;25.4;12.1
04;2021-04-29;687;1126;42640;21104;25.8;12.8
04;2021-04-30;436;849;43076;21953;26.1;13.3
04;2021-05-01;104;22;43180;21975;26.1;13.3
04;2021-05-02;8;131;43188;22106;26.1;13.4
04;2021-05-03;151;552;43339;22658;26.2;13.7
04;2021-05-04;564;839;43903;23497;26.6;14.2
04;2021-05-05;514;930;44417;24427;26.9;14.8
04;2021-05-06;1162;591;45579;25018;27.6;15.1
04;2021-05-07;657;763;46236;25781;28.0;15.6
04;2021-05-08;48;98;46284;25879;28.0;15.7
04;2021-05-09;0;0;46284;25879;28.0;15.7
04;2021-05-10;466;296;46750;26175;28.3;15.8
04;2021-05-11;1202;908;47952;27083;29.0;16.4
04;2021-05-12;1389;739;49341;27822;29.9;16.8
04;2021-05-13;378;131;49719;27953;30.1;16.9
04;2021-05-14;440;295;50159;28248;30.4;17.1
04;2021-05-15;99;163;50258;28411;30.4;17.2
04;2021-05-16;4;6;50262;28417;30.4;17.2
04;2021-05-17;154;298;50416;28715;30.5;17.4
04;2021-05-18;392;976;50808;29691;30.8;18.0
04;2021-05-19;773;690;51581;30381;31.2;18.4
04;2021-05-20;1258;551;52839;30932;32.0;18.7
04;2021-05-21;852;787;53691;31719;32.5;19.2
04;2021-05-22;105;146;53796;31865;32.6;19.3
04;2021-05-23;1;1;53797;31866;32.6;19.3
04;2021-05-24;2;36;53799;31902;32.6;19.3
04;2021-05-25;868;596;54667;32498;33.1;19.7
04;2021-05-26;1048;788;55715;33286;33.7;20.1
04;2021-05-27;1357;632;57072;33918;34.5;20.5
04;2021-05-28;1119;658;58191;34576;35.2;20.9
04;2021-05-29;90;398;58281;34974;35.3;21.2
04;2021-05-30;3;1;58284;34975;35.3;21.2
04;2021-05-31;421;417;58705;35392;35.5;21.4
04;2021-06-01;642;637;59347;36029;35.9;21.8
04;2021-06-02;872;1063;60219;37092;36.5;22.5
04;2021-06-03;1196;854;61415;37946;37.2;23.0
04;2021-06-04;977;780;62392;38726;37.8;23.4
04;2021-06-05;142;201;62534;38927;37.9;23.6
04;2021-06-06;7;13;62541;38940;37.9;23.6
04;2021-06-07;564;318;63105;39258;38.2;23.8
04;2021-06-08;843;595;63948;39853;38.7;24.1
04;2021-06-09;1149;689;65097;40542;39.4;24.5
04;2021-06-10;1147;587;66244;41129;40.1;24.9
04;2021-06-11;945;611;67189;41740;40.7;25.3
04;2021-06-12;212;148;67401;41888;40.8;25.4
04;2021-06-13;1;1;67402;41889;40.8;25.4
04;2021-06-14;478;304;67880;42193;41.1;25.5
04;2021-06-15;645;1002;68525;43195;41.5;26.1
04;2021-06-16;1021;787;69546;43982;42.1;26.6
04;2021-06-17;1001;961;70547;44943;42.7;27.2
04;2021-06-18;765;884;71312;45827;43.2;27.7
04;2021-06-19;40;85;71352;45912;43.2;27.8
04;2021-06-20;7;9;71359;45921;43.2;27.8
04;2021-06-21;306;615;71665;46536;43.4;28.2
04;2021-06-22;361;1308;72026;47844;43.6;29.0
04;2021-06-23;475;1313;72501;49157;43.9;29.8
04;2021-06-24;852;819;73353;49976;44.4;30.3
04;2021-06-25;462;638;73815;50614;44.7;30.6
04;2021-06-26;56;129;73871;50743;44.7;30.7
04;2021-06-27;4;4;73875;50747;44.7;30.7
04;2021-06-28;159;341;74034;51088;44.8;30.9
04;2021-06-29;371;837;74405;51925;45.0;31.4
04;2021-06-30;542;1121;74947;53046;45.4;32.1
04;2021-07-01;579;1218;75526;54264;45.7;32.8
04;2021-07-02;557;1089;76083;55353;46.1;33.5
04;2021-07-03;65;162;76148;55515;46.1;33.6
04;2021-07-04;6;6;76154;55521;46.1;33.6
04;2021-07-05;106;297;76260;55818;46.2;33.8
04;2021-07-06;505;1383;76765;57201;46.5;34.6
04;2021-07-07;495;1342;77260;58543;46.8;35.4
04;2021-07-08;724;1360;77984;59903;47.2;36.3
04;2021-07-09;581;1063;78565;60966;47.6;36.9
04;2021-07-10;92;177;78657;61143;47.6;37.0
04;2021-07-11;0;21;78657;61164;47.6;37.0
04;2021-07-12;127;651;78784;61815;47.7;37.4
04;2021-07-13;880;1542;79664;63357;48.2;38.4
04;2021-07-14;26;43;79690;63400;48.2;38.4
04;2021-07-15;1218;1733;80908;65133;49.0;39.4
04;2021-07-16;1081;1117;81989;66250;49.6;40.1
04;2021-07-17;445;233;82434;66483;49.9;40.2
04;2021-07-18;114;18;82548;66501;50.0;40.3
04;2021-07-19;484;654;83032;67155;50.3;40.7
04;2021-07-20;1312;1463;84344;68618;51.1;41.5
04;2021-07-21;1124;1165;85468;69783;51.7;42.2
04;2021-07-22;1501;1368;86969;71151;52.6;43.1
04;2021-07-23;1148;1142;88117;72293;53.3;43.8
04;2021-07-24;684;213;88801;72506;53.8;43.9
04;2021-07-25;42;20;88843;72526;53.8;43.9
04;2021-07-26;442;638;89285;73164;54.0;44.3
04;2021-07-27;1367;1045;90652;74209;54.9;44.9
04;2021-07-28;1071;1036;91723;75245;55.5;45.5
04;2021-07-29;1551;1299;93274;76544;56.5;46.3
04;2021-07-30;1244;925;94518;77469;57.2;46.9
04;2021-07-31;252;176;94770;77645;57.4;47.0
04;2021-08-01;48;19;94818;77664;57.4;47.0
04;2021-08-02;136;111;94954;77775;57.5;47.1
04;2021-08-03;1340;1114;96294;78889;58.3;47.8
04;2021-08-04;1171;860;97465;79749;59.0;48.3
04;2021-08-05;1186;735;98651;80484;59.7;48.7
04;2021-08-06;516;396;99167;80880;60.0;49.0
04;2021-08-07;159;162;99326;81042;60.1;49.1
04;2021-08-08;25;12;99351;81054;60.1;49.1
04;2021-08-09;104;121;99455;81175;60.2;49.1
04;2021-08-10;653;976;100108;82151;60.6;49.7
04;2021-08-11;1148;1025;101256;83176;61.3;50.3
04;2021-08-12;1120;1292;102376;84468;62.0;51.1
04;2021-08-13;439;381;102815;84849;62.2;51.4
04;2021-08-14;99;71;102914;84920;62.3;51.4
04;2021-08-15;0;0;102914;84920;62.3;51.4
04;2021-08-16;103;136;103017;85056;62.4;51.5
04;2021-08-17;491;1015;103508;86071;62.7;52.1
04;2021-08-18;717;1321;104225;87392;63.1;52.9
04;2021-08-19;738;1404;104963;88796;63.5;53.8
04;2021-08-20;744;1362;105707;90158;64.0;54.6
04;2021-08-21;65;110;105772;90268;64.0;54.6
04;2021-08-22;15;45;105787;90313;64.0;54.7
05;2020-12-27;0;0;0;0;0.0;0.0
05;2020-12-28;1;0;1;0;0.0;0.0
05;2020-12-29;1;0;2;0;0.0;0.0
05;2020-12-30;2;0;4;0;0.0;0.0
05;2020-12-31;0;0;4;0;0.0;0.0
05;2021-01-01;2;0;6;0;0.0;0.0
05;2021-01-02;2;0;8;0;0.0;0.0
05;2021-01-03;1;0;9;0;0.0;0.0
05;2021-01-04;2;0;11;0;0.0;0.0
05;2021-01-05;0;0;11;0;0.0;0.0
05;2021-01-06;21;0;32;0;0.0;0.0
05;2021-01-07;128;0;160;0;0.1;0.0
05;2021-01-08;146;0;306;0;0.2;0.0
05;2021-01-09;11;0;317;0;0.2;0.0
05;2021-01-10;0;0;317;0;0.2;0.0
05;2021-01-11;44;0;361;0;0.3;0.0
05;2021-01-12;105;0;466;0;0.3;0.0
05;2021-01-13;140;0;606;0;0.4;0.0
05;2021-01-14;167;0;773;0;0.5;0.0
05;2021-01-15;128;1;901;1;0.6;0.0
05;2021-01-16;14;0;915;1;0.6;0.0
05;2021-01-17;0;0;915;1;0.6;0.0
05;2021-01-18;226;1;1141;2;0.8;0.0
05;2021-01-19;228;0;1369;2;1.0;0.0
05;2021-01-20;213;0;1582;2;1.1;0.0
05;2021-01-21;255;0;1837;2;1.3;0.0
05;2021-01-22;195;1;2032;3;1.4;0.0
05;2021-01-23;112;0;2144;3;1.5;0.0
05;2021-01-24;0;0;2144;3;1.5;0.0
05;2021-01-25;316;0;2460;3;1.7;0.0
05;2021-01-26;486;0;2946;3;2.1;0.0
05;2021-01-27;389;4;3335;7;2.4;0.0
05;2021-01-28;363;56;3698;63;2.6;0.0
05;2021-01-29;363;113;4061;176;2.9;0.1
05;2021-01-30;97;9;4158;185;2.9;0.1
05;2021-01-31;4;0;4162;185;2.9;0.1
05;2021-02-01;176;21;4338;206;3.1;0.1
05;2021-02-02;186;122;4524;328;3.2;0.2
05;2021-02-03;207;65;4731;393;3.3;0.3
05;2021-02-04;197;126;4928;519;3.5;0.4
05;2021-02-05;183;111;5111;630;3.6;0.4
05;2021-02-06;76;24;5187;654;3.7;0.5
05;2021-02-07;0;5;5187;659;3.7;0.5
05;2021-02-08;84;124;5271;783;3.7;0.6
05;2021-02-09;97;118;5368;901;3.8;0.6
05;2021-02-10;81;178;5449;1079;3.8;0.8
05;2021-02-11;87;138;5536;1217;3.9;0.9
05;2021-02-12;84;150;5620;1367;4.0;1.0
05;2021-02-13;75;32;5695;1399;4.0;1.0
05;2021-02-14;0;0;5695;1399;4.0;1.0
05;2021-02-15;97;190;5792;1589;4.1;1.1
05;2021-02-16;111;286;5903;1875;4.2;1.3
05;2021-02-17;136;231;6039;2106;4.3;1.5
05;2021-02-18;155;300;6194;2406;4.4;1.7
05;2021-02-19;158;323;6352;2729;4.5;1.9
05;2021-02-20;31;87;6383;2816;4.5;2.0
05;2021-02-21;0;0;6383;2816;4.5;2.0
05;2021-02-22;70;245;6453;3061;4.6;2.2
05;2021-02-23;18;239;6471;3300;4.6;2.3
05;2021-02-24;20;196;6491;3496;4.6;2.5
05;2021-02-25;56;177;6547;3673;4.6;2.6
05;2021-02-26;145;215;6692;3888;4.7;2.7
05;2021-02-27;65;171;6757;4059;4.8;2.9
05;2021-02-28;11;0;6768;4059;4.8;2.9
05;2021-03-01;93;169;6861;4228;4.8;3.0
05;2021-03-02;92;198;6953;4426;4.9;3.1
05;2021-03-03;112;232;7065;4658;5.0;3.3
05;2021-03-04;242;166;7307;4824;5.2;3.4
05;2021-03-05;578;193;7885;5017;5.6;3.5
05;2021-03-06;668;58;8553;5075;6.0;3.6
05;2021-03-07;515;19;9068;5094;6.4;3.6
05;2021-03-08;556;137;9624;5231;6.8;3.7
05;2021-03-09;520;161;10144;5392;7.2;3.8
05;2021-03-10;497;143;10641;5535;7.5;3.9
05;2021-03-11;376;139;11017;5674;7.8;4.0
05;2021-03-12;435;91;11452;5765;8.1;4.1
05;2021-03-13;796;94;12248;5859;8.6;4.1
05;2021-03-14;670;9;12918;5868;9.1;4.1
05;2021-03-15;354;124;13272;5992;9.4;4.2
05;2021-03-16;148;143;13420;6135;9.5;4.3
05;2021-03-17;262;121;13682;6256;9.7;4.4
05;2021-03-18;364;35;14046;6291;9.9;4.4
05;2021-03-19;450;59;14496;6350;10.2;4.5
05;2021-03-20;167;32;14663;6382;10.3;4.5
05;2021-03-21;1;0;14664;6382;10.3;4.5
05;2021-03-22;716;34;15380;6416;10.8;4.5
05;2021-03-23;804;13;16184;6429;11.4;4.5
05;2021-03-24;790;76;16974;6505;12.0;4.6
05;2021-03-25;901;58;17875;6563;12.6;4.6
05;2021-03-26;1023;48;18898;6611;13.3;4.7
05;2021-03-27;467;34;19365;6645;13.7;4.7
05;2021-03-28;10;0;19375;6645;13.7;4.7
05;2021-03-29;905;63;20280;6708;14.3;4.7
05;2021-03-30;1142;77;21422;6785;15.1;4.8
05;2021-03-31;823;254;22245;7039;15.7;5.0
05;2021-04-01;900;243;23145;7282;16.3;5.1
05;2021-04-02;665;379;23810;7661;16.8;5.4
05;2021-04-03;550;183;24360;7844;17.2;5.5
05;2021-04-04;350;63;24710;7907;17.4;5.6
05;2021-04-05;158;12;24868;7919;17.5;5.6
05;2021-04-06;646;276;25514;8195;18.0;5.8
05;2021-04-07;773;323;26287;8518;18.5;6.0
05;2021-04-08;734;337;27021;8855;19.1;6.2
05;2021-04-09;882;410;27903;9265;19.7;6.5
05;2021-04-10;713;388;28616;9653;20.2;6.8
05;2021-04-11;191;174;28807;9827;20.3;6.9
05;2021-04-12;732;262;29539;10089;20.8;7.1
05;2021-04-13;921;242;30460;10331;21.5;7.3
05;2021-04-14;667;327;31127;10658;22.0;7.5
05;2021-04-15;768;399;31895;11057;22.5;7.8
05;2021-04-16;731;411;32626;11468;23.0;8.1
05;2021-04-17;671;240;33297;11708;23.5;8.3
05;2021-04-18;305;23;33602;11731;23.7;8.3
05;2021-04-19;363;538;33965;12269;24.0;8.7
05;2021-04-20;482;630;34447;12899;24.3;9.1
05;2021-04-21;494;631;34941;13530;24.6;9.5
05;2021-04-22;385;549;35326;14079;24.9;9.9
05;2021-04-23;523;657;35849;14736;25.3;10.4
05;2021-04-24;347;383;36196;15119;25.5;10.7
05;2021-04-25;288;23;36484;15142;25.7;10.7
05;2021-04-26;367;706;36851;15848;26.0;11.2
05;2021-04-27;657;749;37508;16597;26.5;11.7
05;2021-04-28;468;721;37976;17318;26.8;12.2
05;2021-04-29;703;748;38679;18066;27.3;12.7
05;2021-04-30;509;755;39188;18821;27.6;13.3
05;2021-05-01;138;110;39326;18931;27.7;13.4
05;2021-05-02;266;115;39592;19046;27.9;13.4
05;2021-05-03;457;494;40049;19540;28.3;13.8
05;2021-05-04;384;503;40433;20043;28.5;14.1
05;2021-05-05;462;671;40895;20714;28.8;14.6
05;2021-05-06;648;723;41543;21437;29.3;15.1
05;2021-05-07;596;803;42139;22240;29.7;15.7
05;2021-05-08;481;175;42620;22415;30.1;15.8
05;2021-05-09;208;57;42828;22472;30.2;15.9
05;2021-05-10;499;696;43327;23168;30.6;16.3
05;2021-05-11;669;915;43996;24083;31.0;17.0
05;2021-05-12;648;733;44644;24816;31.5;17.5
05;2021-05-13;960;116;45604;24932;32.2;17.6
05;2021-05-14;826;494;46430;25426;32.8;17.9
05;2021-05-15;1043;354;47473;25780;33.5;18.2
05;2021-05-16;235;52;47708;25832;33.7;18.2
05;2021-05-17;484;430;48192;26262;34.0;18.5
05;2021-05-18;518;419;48710;26681;34.4;18.8
05;2021-05-19;724;458;49434;27139;34.9;19.1
05;2021-05-20;747;434;50181;27573;35.4;19.5
05;2021-05-21;705;511;50886;28084;35.9;19.8
05;2021-05-22;606;239;51492;28323;36.3;20.0
05;2021-05-23;277;59;51769;28382;36.5;20.0
05;2021-05-24;509;157;52278;28539;36.9;20.1
05;2021-05-25;515;482;52793;29021;37.2;20.5
05;2021-05-26;696;362;53489;29383;37.7;20.7
05;2021-05-27;799;571;54288;29954;38.3;21.1
05;2021-05-28;666;648;54954;30602;38.8;21.6
05;2021-05-29;566;544;55520;31146;39.2;22.0
05;2021-05-30;212;82;55732;31228;39.3;22.0
05;2021-05-31;575;496;56307;31724;39.7;22.4
05;2021-06-01;589;585;56896;32309;40.1;22.8
05;2021-06-02;685;703;57581;33012;40.6;23.3
05;2021-06-03;716;652;58297;33664;41.1;23.7
05;2021-06-04;1018;820;59315;34484;41.8;24.3
05;2021-06-05;807;508;60122;34992;42.4;24.7
05;2021-06-06;200;88;60322;35080;42.6;24.7
05;2021-06-07;605;834;60927;35914;43.0;25.3
05;2021-06-08;700;658;61627;36572;43.5;25.8
05;2021-06-09;648;782;62275;37354;43.9;26.4
05;2021-06-10;543;718;62818;38072;44.3;26.9
05;2021-06-11;766;723;63584;38795;44.9;27.4
05;2021-06-12;593;484;64177;39279;45.3;27.7
05;2021-06-13;112;91;64289;39370;45.4;27.8
05;2021-06-14;403;668;64692;40038;45.6;28.2
05;2021-06-15;543;911;65235;40949;46.0;28.9
05;2021-06-16;433;670;65668;41619;46.3;29.4
05;2021-06-17;360;806;66028;42425;46.6;29.9
05;2021-06-18;396;724;66424;43149;46.9;30.4
05;2021-06-19;421;571;66845;43720;47.2;30.8
05;2021-06-20;64;77;66909;43797;47.2;30.9
05;2021-06-21;319;641;67228;44438;47.4;31.3
05;2021-06-22;356;829;67584;45267;47.7;31.9
05;2021-06-23;354;764;67938;46031;47.9;32.5
05;2021-06-24;388;1023;68326;47054;48.2;33.2
05;2021-06-25;229;894;68555;47948;48.4;33.8
05;2021-06-26;291;1074;68846;49022;48.6;34.6
05;2021-06-27;128;170;68974;49192;48.7;34.7
05;2021-06-28;254;793;69228;49985;48.8;35.3
05;2021-06-29;250;785;69478;50770;49.0;35.8
05;2021-06-30;329;790;69807;51560;49.2;36.4
05;2021-07-01;382;791;70189;52351;49.5;36.9
05;2021-07-02;370;870;70559;53221;49.8;37.5
05;2021-07-03;305;740;70864;53961;50.0;38.1
05;2021-07-04;180;177;71044;54138;50.1;38.2
05;2021-07-05;264;781;71308;54919;50.3;38.7
05;2021-07-06;336;859;71644;55778;50.5;39.3
05;2021-07-07;401;782;72045;56560;50.8;39.9
05;2021-07-08;431;848;72476;57408;51.1;40.5
05;2021-07-09;422;995;72898;58403;51.4;41.2
05;2021-07-10;314;729;73212;59132;51.6;41.7
05;2021-07-11;176;119;73388;59251;51.8;41.8
05;2021-07-12;415;1013;73803;60264;52.1;42.5
05;2021-07-13;483;870;74286;61134;52.4;43.1
05;2021-07-14;839;299;75125;61433;53.0;43.3
05;2021-07-15;709;993;75834;62426;53.5;44.0
05;2021-07-16;1028;1458;76862;63884;54.2;45.1
05;2021-07-17;674;1306;77536;65190;54.7;46.0
05;2021-07-18;284;128;77820;65318;54.9;46.1
05;2021-07-19;572;791;78392;66109;55.3;46.6
05;2021-07-20;761;800;79153;66909;55.8;47.2
05;2021-07-21;881;841;80034;67750;56.5;47.8
05;2021-07-22;814;869;80848;68619;57.0;48.4
05;2021-07-23;1443;1237;82291;69856;58.1;49.3
05;2021-07-24;861;833;83152;70689;58.7;49.9
05;2021-07-25;305;160;83457;70849;58.9;50.0
05;2021-07-26;776;562;84233;71411;59.4;50.4
05;2021-07-27;1259;751;85492;72162;60.3;50.9
05;2021-07-28;1522;714;87014;72876;61.4;51.4
05;2021-07-29;1345;724;88359;73600;62.3;51.9
05;2021-07-30;958;594;89317;74194;63.0;52.3
05;2021-07-31;780;522;90097;74716;63.6;52.7
05;2021-08-01;192;178;90289;74894;63.7;52.8
05;2021-08-02;827;545;91116;75439;64.3;53.2
05;2021-08-03;826;606;91942;76045;64.9;53.6
05;2021-08-04;987;753;92929;76798;65.6;54.2
05;2021-08-05;978;723;93907;77521;66.2;54.7
05;2021-08-06;862;793;94769;78314;66.9;55.2
05;2021-08-07;626;641;95395;78955;67.3;55.7
05;2021-08-08;196;268;95591;79223;67.4;55.9
05;2021-08-09;771;849;96362;80072;68.0;56.5
05;2021-08-10;648;694;97010;80766;68.4;57.0
05;2021-08-11;742;852;97752;81618;69.0;57.6
05;2021-08-12;787;781;98539;82399;69.5;58.1
05;2021-08-13;625;893;99164;83292;70.0;58.8
05;2021-08-14;408;782;99572;84074;70.2;59.3
05;2021-08-15;188;223;99760;84297;70.4;59.5
05;2021-08-16;487;1083;100247;85380;70.7;60.2
05;2021-08-17;431;883;100678;86263;71.0;60.9
05;2021-08-18;431;971;101109;87234;71.3;61.5
05;2021-08-19;498;961;101607;88195;71.7;62.2
05;2021-08-20;469;1112;102076;89307;72.0;63.0
05;2021-08-21;353;843;102429;90150;72.3;63.6
05;2021-08-22;115;251;102544;90401;72.3;63.8
06;2020-12-27;11;0;11;0;0.0;0.0
06;2020-12-28;19;0;30;0;0.0;0.0
06;2020-12-29;9;0;39;0;0.0;0.0
06;2020-12-30;8;0;47;0;0.0;0.0
06;2020-12-31;29;0;76;0;0.0;0.0
06;2021-01-01;19;0;95;0;0.0;0.0
06;2021-01-02;6;0;101;0;0.0;0.0
06;2021-01-03;6;0;107;0;0.0;0.0
06;2021-01-04;151;1;258;1;0.0;0.0
06;2021-01-05;181;1;439;2;0.0;0.0
06;2021-01-06;235;0;674;2;0.1;0.0
06;2021-01-07;509;0;1183;2;0.1;0.0
06;2021-01-08;687;2;1870;4;0.2;0.0
06;2021-01-09;391;2;2261;6;0.2;0.0
06;2021-01-10;77;0;2338;6;0.2;0.0
06;2021-01-11;1149;0;3487;6;0.3;0.0
06;2021-01-12;2236;5;5723;11;0.5;0.0
06;2021-01-13;1738;7;7461;18;0.7;0.0
06;2021-01-14;2148;17;9609;35;0.9;0.0
06;2021-01-15;1874;5;11483;40;1.1;0.0
06;2021-01-16;985;4;12468;44;1.2;0.0
06;2021-01-17;238;0;12706;44;1.2;0.0
06;2021-01-18;2478;8;15184;52;1.4;0.0
06;2021-01-19;2756;9;17940;61;1.7;0.0
06;2021-01-20;3351;9;21291;70;2.0;0.0
06;2021-01-21;3029;24;24320;94;2.3;0.0
06;2021-01-22;2946;14;27266;108;2.5;0.0
06;2021-01-23;1302;3;28568;111;2.6;0.0
06;2021-01-24;32;0;28600;111;2.6;0.0
06;2021-01-25;2076;15;30676;126;2.8;0.0
06;2021-01-26;3391;39;34067;165;3.2;0.0
06;2021-01-27;2561;102;36628;267;3.4;0.0
06;2021-01-28;2814;202;39442;469;3.7;0.0
06;2021-01-29;2503;310;41945;779;3.9;0.1
06;2021-01-30;669;43;42614;822;3.9;0.1
06;2021-01-31;4;1;42618;823;3.9;0.1
06;2021-02-01;1027;478;43645;1301;4.0;0.1
06;2021-02-02;1502;412;45147;1713;4.2;0.2
06;2021-02-03;330;136;45477;1849;4.2;0.2
06;2021-02-04;715;893;46192;2742;4.3;0.3
06;2021-02-05;1013;1108;47205;3850;4.4;0.4
06;2021-02-06;159;461;47364;4311;4.4;0.4
06;2021-02-07;9;48;47373;4359;4.4;0.4
06;2021-02-08;537;1088;47910;5447;4.4;0.5
06;2021-02-09;320;737;48230;6184;4.5;0.6
06;2021-02-10;375;665;48605;6849;4.5;0.6
06;2021-02-11;474;1069;49079;7918;4.5;0.7
06;2021-02-12;655;1312;49734;9230;4.6;0.9
06;2021-02-13;205;522;49939;9752;4.6;0.9
06;2021-02-14;13;2;49952;9754;4.6;0.9
06;2021-02-15;467;1277;50419;11031;4.7;1.0
06;2021-02-16;869;2005;51288;13036;4.8;1.2
06;2021-02-17;831;2130;52119;15166;4.8;1.4
06;2021-02-18;1808;2687;53927;17853;5.0;1.7
06;2021-02-19;1765;2149;55692;20002;5.2;1.9
06;2021-02-20;284;526;55976;20528;5.2;1.9
06;2021-02-21;23;55;55999;20583;5.2;1.9
06;2021-02-22;1081;1620;57080;22203;5.3;2.1
06;2021-02-23;1752;1552;58832;23755;5.5;2.2
06;2021-02-24;2117;1295;60949;25050;5.6;2.3
06;2021-02-25;3848;1679;64797;26729;6.0;2.5
06;2021-02-26;3393;1609;68190;28338;6.3;2.6
06;2021-02-27;1431;330;69621;28668;6.4;2.7
06;2021-02-28;90;24;69711;28692;6.5;2.7
06;2021-03-01;2414;826;72125;29518;6.7;2.7
06;2021-03-02;2455;993;74580;30511;6.9;2.8
06;2021-03-03;2851;569;77431;31080;7.2;2.9
06;2021-03-04;4623;622;82054;31702;7.6;2.9
06;2021-03-05;3905;1026;85959;32728;8.0;3.0
06;2021-03-06;11940;354;97899;33082;9.1;3.1
06;2021-03-07;10198;306;108097;33388;10.0;3.1
06;2021-03-08;4151;1198;112248;34586;10.4;3.2
06;2021-03-09;4993;931;117241;35517;10.9;3.3
06;2021-03-10;4709;845;121950;36362;11.3;3.4
06;2021-03-11;6725;898;128675;37260;11.9;3.5
06;2021-03-12;6872;1010;135547;38270;12.6;3.5
06;2021-03-13;11237;351;146784;38621;13.6;3.6
06;2021-03-14;506;48;147290;38669;13.6;3.6
06;2021-03-15;4829;767;152119;39436;14.1;3.7
06;2021-03-16;3763;1055;155882;40491;14.4;3.8
06;2021-03-17;6198;1887;162080;42378;15.0;3.9
06;2021-03-18;5122;1824;167202;44202;15.5;4.1
06;2021-03-19;6819;2026;174021;46228;16.1;4.3
06;2021-03-20;2373;561;176394;46789;16.3;4.3
06;2021-03-21;407;23;176801;46812;16.4;4.3
06;2021-03-22;3973;704;180774;47516;16.7;4.4
06;2021-03-23;5981;1219;186755;48735;17.3;4.5
06;2021-03-24;4218;3327;190973;52062;17.7;4.8
06;2021-03-25;5861;3247;196834;55309;18.2;5.1
06;2021-03-26;6356;1990;203190;57299;18.8;5.3
06;2021-03-27;2036;368;205226;57667;19.0;5.3
06;2021-03-28;210;3;205436;57670;19.0;5.3
06;2021-03-29;3201;2094;208637;59764;19.3;5.5
06;2021-03-30;5192;2537;213829;62301;19.8;5.8
06;2021-03-31;8041;1654;221870;63955;20.6;5.9
06;2021-04-01;7635;2468;229505;66423;21.3;6.2
06;2021-04-02;7233;2709;236738;69132;21.9;6.4
06;2021-04-03;2718;1370;239456;70502;22.2;6.5
06;2021-04-04;300;548;239756;71050;22.2;6.6
06;2021-04-05;1404;692;241160;71742;22.3;6.6
06;2021-04-06;6659;3310;247819;75052;23.0;7.0
06;2021-04-07;6217;3889;254036;78941;23.5;7.3
06;2021-04-08;5739;5655;259775;84596;24.1;7.8
06;2021-04-09;9375;5845;269150;90441;24.9;8.4
06;2021-04-10;2397;2784;271547;93225;25.2;8.6
06;2021-04-11;186;58;271733;93283;25.2;8.6
06;2021-04-12;4380;3532;276113;96815;25.6;9.0
06;2021-04-13;6368;5132;282481;101947;26.2;9.4
06;2021-04-14;5459;4491;287940;106438;26.7;9.9
06;2021-04-15;5547;4383;293487;110821;27.2;10.3
06;2021-04-16;7077;5191;300564;116012;27.8;10.7
06;2021-04-17;2780;3053;303344;119065;28.1;11.0
06;2021-04-18;265;223;303609;119288;28.1;11.1
06;2021-04-19;5480;4044;309089;123332;28.6;11.4
06;2021-04-20;5654;4866;314743;128198;29.2;11.9
06;2021-04-21;8318;4153;323061;132351;29.9;12.3
06;2021-04-22;8570;4188;331631;136539;30.7;12.6
06;2021-04-23;8797;4243;340428;140782;31.5;13.0
06;2021-04-24;2353;1493;342781;142275;31.8;13.2
06;2021-04-25;121;29;342902;142304;31.8;13.2
06;2021-04-26;4146;2310;347048;144614;32.2;13.4
06;2021-04-27;4583;4036;351631;148650;32.6;13.8
06;2021-04-28;4151;4570;355782;153220;33.0;14.2
06;2021-04-29;6079;5453;361861;158673;33.5;14.7
06;2021-04-30;6766;5158;368627;163831;34.2;15.2
06;2021-05-01;4159;827;372786;164658;34.5;15.3
06;2021-05-02;490;158;373276;164816;34.6;15.3
06;2021-05-03;6906;3537;380182;168353;35.2;15.6
06;2021-05-04;5746;5380;385928;173733;35.8;16.1
06;2021-05-05;4542;3914;390470;177647;36.2;16.5
06;2021-05-06;5227;4734;395697;182381;36.7;16.9
06;2021-05-07;5649;5677;401346;188058;37.2;17.4
06;2021-05-08;4863;1315;406209;189373;37.6;17.5
06;2021-05-09;197;308;406406;189681;37.7;17.6
06;2021-05-10;4819;5048;411225;194729;38.1;18.0
06;2021-05-11;4933;5561;416158;200290;38.6;18.6
06;2021-05-12;9090;4885;425248;205175;39.4;19.0
06;2021-05-13;9258;2119;434506;207294;40.3;19.2
06;2021-05-14;10838;3357;445344;210651;41.3;19.5
06;2021-05-15;9277;2204;454621;212855;42.1;19.7
06;2021-05-16;1501;286;456122;213141;42.3;19.7
06;2021-05-17;7495;3750;463617;216891;43.0;20.1
06;2021-05-18;9729;3206;473346;220097;43.9;20.4
06;2021-05-19;7691;2979;481037;223076;44.6;20.7
06;2021-05-20;7924;3660;488961;226736;45.3;21.0
06;2021-05-21;8795;3924;497756;230660;46.1;21.4
06;2021-05-22;3030;1328;500786;231988;46.4;21.5
06;2021-05-23;131;629;500917;232617;46.4;21.6
06;2021-05-24;3189;998;504106;233615;46.7;21.6
06;2021-05-25;4757;4936;508863;238551;47.1;22.1
06;2021-05-26;5677;6614;514540;245165;47.7;22.7
06;2021-05-27;5570;6275;520110;251440;48.2;23.3
06;2021-05-28;4983;7284;525093;258724;48.6;24.0
06;2021-05-29;1641;2933;526734;261657;48.8;24.2
06;2021-05-30;258;1122;526992;262779;48.8;24.3
06;2021-05-31;4410;5128;531402;267907;49.2;24.8
06;2021-06-01;5720;7416;537122;275323;49.8;25.5
06;2021-06-02;3312;8553;540434;283876;50.1;26.3
06;2021-06-03;4545;8307;544979;292183;50.5;27.1
06;2021-06-04;5488;7742;550467;299925;51.0;27.8
06;2021-06-05;2462;3350;552929;303275;51.2;28.1
06;2021-06-06;178;236;553107;303511;51.2;28.1
06;2021-06-07;4141;5590;557248;309101;51.6;28.6
06;2021-06-08;4471;5202;561719;314303;52.0;29.1
06;2021-06-09;4107;7368;565826;321671;52.4;29.8
06;2021-06-10;4778;6864;570604;328535;52.9;30.4
06;2021-06-11;3904;8366;574508;336901;53.2;31.2
06;2021-06-12;1742;3746;576250;340647;53.4;31.6
06;2021-06-13;147;440;576397;341087;53.4;31.6
06;2021-06-14;2725;8599;579122;349686;53.7;32.4
06;2021-06-15;3255;9486;582377;359172;54.0;33.3
06;2021-06-16;3501;7003;585878;366175;54.3;33.9
06;2021-06-17;3670;7188;589548;373363;54.6;34.6
06;2021-06-18;2627;5931;592175;379294;54.9;35.1
06;2021-06-19;1308;1681;593483;380975;55.0;35.3
06;2021-06-20;209;347;593692;381322;55.0;35.3
06;2021-06-21;1715;6301;595407;387623;55.2;35.9
06;2021-06-22;2355;7369;597762;394992;55.4;36.6
06;2021-06-23;2079;6549;599841;401541;55.6;37.2
06;2021-06-24;3467;8969;603308;410510;55.9;38.0
06;2021-06-25;2292;9612;605600;420122;56.1;38.9
06;2021-06-26;892;2286;606492;422408;56.2;39.1
06;2021-06-27;379;1187;606871;423595;56.2;39.2
06;2021-06-28;2480;8140;609351;431735;56.5;40.0
06;2021-06-29;2380;7722;611731;439457;56.7;40.7
06;2021-06-30;1513;7693;613244;447150;56.8;41.4
06;2021-07-01;3426;7482;616670;454632;57.1;42.1
06;2021-07-02;4195;8261;620865;462893;57.5;42.9
06;2021-07-03;1239;4307;622104;467200;57.6;43.3
06;2021-07-04;317;303;622421;467503;57.7;43.3
06;2021-07-05;3609;5136;626030;472639;58.0;43.8
06;2021-07-06;1934;5830;627964;478469;58.2;44.3
06;2021-07-07;3448;5978;631412;484447;58.5;44.9
06;2021-07-08;3478;6317;634890;490764;58.8;45.5
06;2021-07-09;4002;6225;638892;496989;59.2;46.0
06;2021-07-10;1756;2332;640648;499321;59.4;46.3
06;2021-07-11;330;322;640978;499643;59.4;46.3
06;2021-07-12;3872;7152;644850;506795;59.7;47.0
06;2021-07-13;5842;9009;650692;515804;60.3;47.8
06;2021-07-14;975;431;651667;516235;60.4;47.8
06;2021-07-15;6441;8030;658108;524265;61.0;48.6
06;2021-07-16;7602;9011;665710;533276;61.7;49.4
06;2021-07-17;3133;5467;668843;538743;62.0;49.9
06;2021-07-18;1073;5330;669916;544073;62.1;50.4
06;2021-07-19;5856;8033;675772;552106;62.6;51.1
06;2021-07-20;7364;10250;683136;562356;63.3;52.1
06;2021-07-21;8073;8700;691209;571056;64.0;52.9
06;2021-07-22;10216;7857;701425;578913;65.0;53.6
06;2021-07-23;9243;6890;710668;585803;65.8;54.3
06;2021-07-24;3216;3221;713884;589024;66.1;54.6
06;2021-07-25;987;475;714871;589499;66.2;54.6
06;2021-07-26;7347;6874;722218;596373;66.9;55.3
06;2021-07-27;9040;5554;731258;601927;67.7;55.8
06;2021-07-28;7289;5394;738547;607321;68.4;56.3
06;2021-07-29;8652;5756;747199;613077;69.2;56.8
06;2021-07-30;7994;5493;755193;618570;70.0;57.3
06;2021-07-31;3600;3066;758793;621636;70.3;57.6
06;2021-08-01;728;430;759521;622066;70.4;57.6
06;2021-08-02;5727;4576;765248;626642;70.9;58.1
06;2021-08-03;6120;5441;771368;632083;71.5;58.6
06;2021-08-04;5367;3494;776735;635577;72.0;58.9
06;2021-08-05;6012;4431;782747;640008;72.5;59.3
06;2021-08-06;5534;6088;788281;646096;73.0;59.9
06;2021-08-07;2236;2462;790517;648558;73.2;60.1
06;2021-08-08;554;630;791071;649188;73.3;60.1
06;2021-08-09;4276;5994;795347;655182;73.7;60.7
06;2021-08-10;5056;6824;800403;662006;74.2;61.3
06;2021-08-11;4067;6163;804470;668169;74.5;61.9
06;2021-08-12;4270;6685;808740;674854;74.9;62.5
06;2021-08-13;3420;6378;812160;681232;75.2;63.1
06;2021-08-14;1449;2273;813609;683505;75.4;63.3
06;2021-08-15;389;632;813998;684137;75.4;63.4
06;2021-08-16;2950;6852;816948;690989;75.7;64.0
06;2021-08-17;3613;7733;820561;698722;76.0;64.7
06;2021-08-18;2842;6369;823403;705091;76.3;65.3
06;2021-08-19;3760;8046;827163;713137;76.6;66.1
06;2021-08-20;3049;6426;830212;719563;76.9;66.7
06;2021-08-21;1674;3541;831886;723104;77.1;67.0
06;2021-08-22;344;687;832230;723791;77.1;67.1
07;2020-12-27;0;0;0;0;0.0;0.0
07;2020-12-28;0;0;0;0;0.0;0.0
07;2020-12-29;0;0;0;0;0.0;0.0
07;2020-12-30;0;0;0;0;0.0;0.0
07;2020-12-31;0;0;0;0;0.0;0.0
07;2021-01-01;7;0;7;0;0.0;0.0
07;2021-01-02;0;0;7;0;0.0;0.0
07;2021-01-03;0;0;7;0;0.0;0.0
07;2021-01-04;0;0;7;0;0.0;0.0
07;2021-01-05;0;0;7;0;0.0;0.0
07;2021-01-06;31;0;38;0;0.0;0.0
07;2021-01-07;130;1;168;1;0.1;0.0
07;2021-01-08;45;1;213;2;0.1;0.0
07;2021-01-09;17;0;230;2;0.1;0.0
07;2021-01-10;0;0;230;2;0.1;0.0
07;2021-01-11;157;1;387;3;0.1;0.0
07;2021-01-12;309;0;696;3;0.2;0.0
07;2021-01-13;305;1;1001;4;0.3;0.0
07;2021-01-14;478;0;1479;4;0.5;0.0
07;2021-01-15;188;0;1667;4;0.5;0.0
07;2021-01-16;17;0;1684;4;0.5;0.0
07;2021-01-17;2;0;1686;4;0.5;0.0
07;2021-01-18;363;2;2049;6;0.6;0.0
07;2021-01-19;830;2;2879;8;0.9;0.0
07;2021-01-20;597;2;3476;10;1.1;0.0
07;2021-01-21;452;3;3928;13;1.2;0.0
07;2021-01-22;291;0;4219;13;1.3;0.0
07;2021-01-23;107;0;4326;13;1.3;0.0
07;2021-01-24;0;0;4326;13;1.3;0.0
07;2021-01-25;164;0;4490;13;1.4;0.0
07;2021-01-26;491;3;4981;16;1.5;0.0
07;2021-01-27;555;7;5536;23;1.7;0.0
07;2021-01-28;1206;100;6742;123;2.1;0.0
07;2021-01-29;707;18;7449;141;2.3;0.0
07;2021-01-30;213;4;7662;145;2.3;0.0
07;2021-01-31;7;0;7669;145;2.3;0.0
07;2021-02-01;267;33;7936;178;2.4;0.1
07;2021-02-02;664;241;8600;419;2.6;0.1
07;2021-02-03;1045;222;9645;641;3.0;0.2
07;2021-02-04;720;262;10365;903;3.2;0.3
07;2021-02-05;484;256;10849;1159;3.3;0.4
07;2021-02-06;98;3;10947;1162;3.3;0.4
07;2021-02-07;12;1;10959;1163;3.4;0.4
07;2021-02-08;239;179;11198;1342;3.4;0.4
07;2021-02-09;488;326;11686;1668;3.6;0.5
07;2021-02-10;538;397;12224;2065;3.7;0.6
07;2021-02-11;400;282;12624;2347;3.9;0.7
07;2021-02-12;268;160;12892;2507;3.9;0.8
07;2021-02-13;69;20;12961;2527;4.0;0.8
07;2021-02-14;0;0;12961;2527;4.0;0.8
07;2021-02-15;270;132;13231;2659;4.0;0.8
07;2021-02-16;347;365;13578;3024;4.2;0.9
07;2021-02-17;466;335;14044;3359;4.3;1.0
07;2021-02-18;562;768;14606;4127;4.5;1.3
07;2021-02-19;456;509;15062;4636;4.6;1.4
07;2021-02-20;109;69;15171;4705;4.6;1.4
07;2021-02-21;15;0;15186;4705;4.6;1.4
07;2021-02-22;424;217;15610;4922;4.8;1.5
07;2021-02-23;646;620;16256;5542;5.0;1.7
07;2021-02-24;928;706;17184;6248;5.3;1.9
07;2021-02-25;710;538;17894;6786;5.5;2.1
07;2021-02-26;845;295;18739;7081;5.7;2.2
07;2021-02-27;190;145;18929;7226;5.8;2.2
07;2021-02-28;1;0;18930;7226;5.8;2.2
07;2021-03-01;438;216;19368;7442;5.9;2.3
07;2021-03-02;655;565;20023;8007;6.1;2.4
07;2021-03-03;691;537;20714;8544;6.3;2.6
07;2021-03-04;1098;359;21812;8903;6.7;2.7
07;2021-03-05;1084;375;22896;9278;7.0;2.8
07;2021-03-06;1124;99;24020;9377;7.3;2.9
07;2021-03-07;718;21;24738;9398;7.6;2.9
07;2021-03-08;352;319;25090;9717;7.7;3.0
07;2021-03-09;1088;433;26178;10150;8.0;3.1
07;2021-03-10;867;516;27045;10666;8.3;3.3
07;2021-03-11;1373;468;28418;11134;8.7;3.4
07;2021-03-12;1617;565;30035;11699;9.2;3.6
07;2021-03-13;679;102;30714;11801;9.4;3.6
07;2021-03-14;4;0;30718;11801;9.4;3.6
07;2021-03-15;526;292;31244;12093;9.6;3.7
07;2021-03-16;1207;482;32451;12575;9.9;3.8
07;2021-03-17;1187;783;33638;13358;10.3;4.1
07;2021-03-18;1219;417;34857;13775;10.7;4.2
07;2021-03-19;1268;424;36125;14199;11.1;4.3
07;2021-03-20;467;109;36592;14308;11.2;4.4
07;2021-03-21;3;2;36595;14310;11.2;4.4
07;2021-03-22;791;538;37386;14848;11.4;4.5
07;2021-03-23;1514;722;38900;15570;11.9;4.8
07;2021-03-24;1275;664;40175;16234;12.3;5.0
07;2021-03-25;1852;516;42027;16750;12.9;5.1
07;2021-03-26;1834;441;43861;17191;13.4;5.3
07;2021-03-27;385;101;44246;17292;13.5;5.3
07;2021-03-28;6;1;44252;17293;13.5;5.3
07;2021-03-29;788;358;45040;17651;13.8;5.4
07;2021-03-30;1526;512;46566;18163;14.2;5.6
07;2021-03-31;1656;505;48222;18668;14.8;5.7
07;2021-04-01;1585;660;49807;19328;15.2;5.9
07;2021-04-02;1523;439;51330;19767;15.7;6.0
07;2021-04-03;230;106;51560;19873;15.8;6.1
07;2021-04-04;3;1;51563;19874;15.8;6.1
07;2021-04-05;0;66;51563;19940;15.8;6.1
07;2021-04-06;1161;758;52724;20698;16.1;6.3
07;2021-04-07;1317;897;54041;21595;16.5;6.6
07;2021-04-08;1969;1179;56010;22774;17.1;7.0
07;2021-04-09;2425;567;58435;23341;17.9;7.1
07;2021-04-10;807;162;59242;23503;18.1;7.2
07;2021-04-11;339;13;59581;23516;18.2;7.2
07;2021-04-12;1282;593;60863;24109;18.6;7.4
07;2021-04-13;1768;1336;62631;25445;19.2;7.8
07;2021-04-14;1675;986;64306;26431;19.7;8.1
07;2021-04-15;1442;842;65748;27273;20.1;8.3
07;2021-04-16;1506;908;67254;28181;20.6;8.6
07;2021-04-17;870;215;68124;28396;20.8;8.7
07;2021-04-18;700;37;68824;28433;21.1;8.7
07;2021-04-19;1161;572;69985;29005;21.4;8.9
07;2021-04-20;1441;1317;71426;30322;21.9;9.3
07;2021-04-21;1719;918;73145;31240;22.4;9.6
07;2021-04-22;1817;964;74962;32204;22.9;9.9
07;2021-04-23;1411;973;76373;33177;23.4;10.1
07;2021-04-24;960;251;77333;33428;23.7;10.2
07;2021-04-25;717;68;78050;33496;23.9;10.2
07;2021-04-26;1138;681;79188;34177;24.2;10.5
07;2021-04-27;1395;1565;80583;35742;24.7;10.9
07;2021-04-28;1636;1759;82219;37501;25.2;11.5
07;2021-04-29;1939;1535;84158;39036;25.7;11.9
07;2021-04-30;1660;1483;85818;40519;26.3;12.4
07;2021-05-01;960;116;86778;40635;26.5;12.4
07;2021-05-02;845;156;87623;40791;26.8;12.5
07;2021-05-03;1280;435;88903;41226;27.2;12.6
07;2021-05-04;2170;1562;91073;42788;27.9;13.1
07;2021-05-05;1745;1386;92818;44174;28.4;13.5
07;2021-05-06;2104;1586;94922;45760;29.0;14.0
07;2021-05-07;1595;1556;96517;47316;29.5;14.5
07;2021-05-08;1226;405;97743;47721;29.9;14.6
07;2021-05-09;1030;327;98773;48048;30.2;14.7
07;2021-05-10;1405;1175;100178;49223;30.6;15.1
07;2021-05-11;2472;1699;102650;50922;31.4;15.6
07;2021-05-12;2163;1277;104813;52199;32.1;16.0
07;2021-05-13;1712;272;106525;52471;32.6;16.1
07;2021-05-14;1734;1000;108259;53471;33.1;16.4
07;2021-05-15;1627;500;109886;53971;33.6;16.5
07;2021-05-16;1444;213;111330;54184;34.1;16.6
07;2021-05-17;1772;859;113102;55043;34.6;16.8
07;2021-05-18;2296;1304;115398;56347;35.3;17.2
07;2021-05-19;2375;997;117773;57344;36.0;17.5
07;2021-05-20;2165;1311;119938;58655;36.7;17.9
07;2021-05-21;1758;1314;121696;59969;37.2;18.3
07;2021-05-22;936;544;122632;60513;37.5;18.5
07;2021-05-23;857;157;123489;60670;37.8;18.6
07;2021-05-24;1650;339;125139;61009;38.3;18.7
07;2021-05-25;2187;1478;127326;62487;39.0;19.1
07;2021-05-26;1528;1380;128854;63867;39.4;19.5
07;2021-05-27;2020;1410;130874;65277;40.0;20.0
07;2021-05-28;1769;2081;132643;67358;40.6;20.6
07;2021-05-29;943;684;133586;68042;40.9;20.8
07;2021-05-30;622;570;134208;68612;41.1;21.0
07;2021-05-31;1133;1286;135341;69898;41.4;21.4
07;2021-06-01;2153;2006;137494;71904;42.1;22.0
07;2021-06-02;1531;1653;139025;73557;42.5;22.5
07;2021-06-03;1712;1257;140737;74814;43.1;22.9
07;2021-06-04;1675;1596;142412;76410;43.6;23.4
07;2021-06-05;987;955;143399;77365;43.9;23.7
07;2021-06-06;598;623;143997;77988;44.1;23.9
07;2021-06-07;961;1195;144958;79183;44.3;24.2
07;2021-06-08;1548;1771;146506;80954;44.8;24.8
07;2021-06-09;1030;1422;147536;82376;45.1;25.2
07;2021-06-10;789;1391;148325;83767;45.4;25.6
07;2021-06-11;1154;2034;149479;85801;45.7;26.2
07;2021-06-12;643;1217;150122;87018;45.9;26.6
07;2021-06-13;395;444;150517;87462;46.0;26.8
07;2021-06-14;566;1962;151083;89424;46.2;27.4
07;2021-06-15;936;2553;152019;91977;46.5;28.1
07;2021-06-16;1023;1853;153042;93830;46.8;28.7
07;2021-06-17;886;1951;153928;95781;47.1;29.3
07;2021-06-18;872;2285;154800;98066;47.4;30.0
07;2021-06-19;606;1455;155406;99521;47.5;30.4
07;2021-06-20;369;727;155775;100248;47.7;30.7
07;2021-06-21;516;2144;156291;102392;47.8;31.3
07;2021-06-22;655;2663;156946;105055;48.0;32.1
07;2021-06-23;680;1960;157626;107015;48.2;32.7
07;2021-06-24;646;1852;158272;108867;48.4;33.3
07;2021-06-25;701;2177;158973;111044;48.6;34.0
07;2021-06-26;360;1429;159333;112473;48.7;34.4
07;2021-06-27;285;1073;159618;113546;48.8;34.7
07;2021-06-28;505;2242;160123;115788;49.0;35.4
07;2021-06-29;540;2987;160663;118775;49.2;36.3
07;2021-06-30;822;2290;161485;121065;49.4;37.0
07;2021-07-01;773;1978;162258;123043;49.6;37.6
07;2021-07-02;882;2303;163140;125346;49.9;38.3
07;2021-07-03;421;1139;163561;126485;50.0;38.7
07;2021-07-04;211;852;163772;127337;50.1;39.0
07;2021-07-05;670;1685;164442;129022;50.3;39.5
07;2021-07-06;878;2633;165320;131655;50.6;40.3
07;2021-07-07;968;1946;166288;133601;50.9;40.9
07;2021-07-08;928;1972;167216;135573;51.2;41.5
07;2021-07-09;996;2262;168212;137835;51.5;42.2
07;2021-07-10;598;1101;168810;138936;51.6;42.5
07;2021-07-11;239;615;169049;139551;51.7;42.7
07;2021-07-12;807;1769;169856;141320;52.0;43.2
07;2021-07-13;1768;3175;171624;144495;52.5;44.2
07;2021-07-14;167;134;171791;144629;52.6;44.2
07;2021-07-15;1956;2459;173747;147088;53.2;45.0
07;2021-07-16;2053;1985;175800;149073;53.8;45.6
07;2021-07-17;1484;1252;177284;150325;54.2;46.0
07;2021-07-18;771;482;178055;150807;54.5;46.1
07;2021-07-19;1515;1705;179570;152512;54.9;46.7
07;2021-07-20;2520;2675;182090;155187;55.7;47.5
07;2021-07-21;1853;1914;183943;157101;56.3;48.1
07;2021-07-22;1916;1372;185859;158473;56.9;48.5
07;2021-07-23;2258;1684;188117;160157;57.6;49.0
07;2021-07-24;1637;1106;189754;161263;58.1;49.3
07;2021-07-25;33;21;189787;161284;58.1;49.3
07;2021-07-26;2191;1541;191978;162825;58.7;49.8
07;2021-07-27;2989;1909;194967;164734;59.6;50.4
07;2021-07-28;1636;1302;196603;166036;60.1;50.8
07;2021-07-29;2529;1272;199132;167308;60.9;51.2
07;2021-07-30;1347;1415;200479;168723;61.3;51.6
07;2021-07-31;1494;923;201973;169646;61.8;51.9
07;2021-08-01;73;26;202046;169672;61.8;51.9
07;2021-08-02;1457;1136;203503;170808;62.3;52.3
07;2021-08-03;2399;1907;205902;172715;63.0;52.8
07;2021-08-04;1932;1029;207834;173744;63.6;53.2
07;2021-08-05;1874;1287;209708;175031;64.2;53.5
07;2021-08-06;2019;1709;211727;176740;64.8;54.1
07;2021-08-07;991;553;212718;177293;65.1;54.2
07;2021-08-08;7;23;212725;177316;65.1;54.2
07;2021-08-09;1252;1376;213977;178692;65.5;54.7
07;2021-08-10;1590;2258;215567;180950;65.9;55.4
07;2021-08-11;1396;1606;216963;182556;66.4;55.8
07;2021-08-12;1093;1479;218056;184035;66.7;56.3
07;2021-08-13;1165;1783;219221;185818;67.1;56.8
07;2021-08-14;505;767;219726;186585;67.2;57.1
07;2021-08-15;9;28;219735;186613;67.2;57.1
07;2021-08-16;748;1324;220483;187937;67.5;57.5
07;2021-08-17;1311;2261;221794;190198;67.9;58.2
07;2021-08-18;863;1513;222657;191711;68.1;58.6
07;2021-08-19;1136;1690;223793;193401;68.5;59.2
07;2021-08-20;884;2077;224677;195478;68.7;59.8
07;2021-08-21;358;546;225035;196024;68.8;60.0
07;2021-08-22;7;23;225042;196047;68.8;60.0
08;2020-12-27;1;0;1;0;0.0;0.0
08;2020-12-28;0;0;1;0;0.0;0.0
08;2020-12-29;0;0;1;0;0.0;0.0
08;2020-12-30;0;0;1;0;0.0;0.0
08;2020-12-31;0;0;1;0;0.0;0.0
08;2021-01-01;0;0;1;0;0.0;0.0
08;2021-01-02;0;0;1;0;0.0;0.0
08;2021-01-03;2;0;3;0;0.0;0.0
08;2021-01-04;24;0;27;0;0.0;0.0
08;2021-01-05;1;0;28;0;0.0;0.0
08;2021-01-06;0;0;28;0;0.0;0.0
08;2021-01-07;188;0;216;0;0.1;0.0
08;2021-01-08;314;0;530;0;0.2;0.0
08;2021-01-09;113;0;643;0;0.2;0.0
08;2021-01-10;1;0;644;0;0.2;0.0
08;2021-01-11;67;0;711;0;0.3;0.0
08;2021-01-12;157;0;868;0;0.3;0.0
08;2021-01-13;480;1;1348;1;0.5;0.0
08;2021-01-14;536;9;1884;10;0.7;0.0
08;2021-01-15;287;2;2171;12;0.8;0.0
08;2021-01-16;106;0;2277;12;0.9;0.0
08;2021-01-17;2;0;2279;12;0.9;0.0
08;2021-01-18;371;2;2650;14;1.0;0.0
08;2021-01-19;872;1;3522;15;1.3;0.0
08;2021-01-20;910;4;4432;19;1.7;0.0
08;2021-01-21;743;1;5175;20;1.9;0.0
08;2021-01-22;678;1;5853;21;2.2;0.0
08;2021-01-23;237;0;6090;21;2.3;0.0
08;2021-01-24;0;0;6090;21;2.3;0.0
08;2021-01-25;207;0;6297;21;2.4;0.0
08;2021-01-26;302;1;6599;22;2.5;0.0
08;2021-01-27;410;1;7009;23;2.6;0.0
08;2021-01-28;565;182;7574;205;2.9;0.1
08;2021-01-29;587;181;8161;386;3.1;0.1
08;2021-01-30;222;63;8383;449;3.2;0.2
08;2021-01-31;0;0;8383;449;3.2;0.2
08;2021-02-01;80;46;8463;495;3.2;0.2
08;2021-02-02;192;173;8655;668;3.3;0.3
08;2021-02-03;141;170;8796;838;3.3;0.3
08;2021-02-04;309;287;9105;1125;3.4;0.4
08;2021-02-05;499;360;9604;1485;3.6;0.6
08;2021-02-06;149;75;9753;1560;3.7;0.6
08;2021-02-07;8;0;9761;1560;3.7;0.6
08;2021-02-08;40;173;9801;1733;3.7;0.7
08;2021-02-09;220;646;10021;2379;3.8;0.9
08;2021-02-10;334;641;10355;3020;3.9;1.1
08;2021-02-11;464;364;10819;3384;4.1;1.3
08;2021-02-12;676;388;11495;3772;4.3;1.4
08;2021-02-13;140;117;11635;3889;4.4;1.5
08;2021-02-14;3;60;11638;3949;4.4;1.5
08;2021-02-15;227;209;11865;4158;4.5;1.6
08;2021-02-16;130;375;11995;4533;4.5;1.7
08;2021-02-17;112;417;12107;4950;4.6;1.9
08;2021-02-18;215;518;12322;5468;4.6;2.1
08;2021-02-19;305;425;12627;5893;4.8;2.2
08;2021-02-20;7;208;12634;6101;4.8;2.3
08;2021-02-21;0;0;12634;6101;4.8;2.3
08;2021-02-22;132;179;12766;6280;4.8;2.4
08;2021-02-23;150;319;12916;6599;4.9;2.5
08;2021-02-24;163;388;13079;6987;4.9;2.6
08;2021-02-25;500;526;13579;7513;5.1;2.8
08;2021-02-26;603;628;14182;8141;5.3;3.1
08;2021-02-27;318;191;14500;8332;5.5;3.1
08;2021-02-28;19;1;14519;8333;5.5;3.1
08;2021-03-01;200;105;14719;8438;5.5;3.2
08;2021-03-02;654;279;15373;8717;5.8;3.3
08;2021-03-03;897;201;16270;8918;6.1;3.4
08;2021-03-04;734;333;17004;9251;6.4;3.5
08;2021-03-05;1022;541;18026;9792;6.8;3.7
08;2021-03-06;694;139;18720;9931;7.1;3.7
08;2021-03-07;75;1;18795;9932;7.1;3.7
08;2021-03-08;217;123;19012;10055;7.2;3.8
08;2021-03-09;686;136;19698;10191;7.4;3.8
08;2021-03-10;1037;120;20735;10311;7.8;3.9
08;2021-03-11;981;251;21716;10562;8.2;4.0
08;2021-03-12;1631;517;23347;11079;8.8;4.2
08;2021-03-13;795;123;24142;11202;9.1;4.2
08;2021-03-14;22;0;24164;11202;9.1;4.2
08;2021-03-15;291;73;24455;11275;9.2;4.2
08;2021-03-16;563;38;25018;11313;9.4;4.3
08;2021-03-17;802;62;25820;11375;9.7;4.3
08;2021-03-18;816;156;26636;11531;10.0;4.3
08;2021-03-19;1135;284;27771;11815;10.5;4.4
08;2021-03-20;508;17;28279;11832;10.6;4.5
08;2021-03-21;13;1;28292;11833;10.7;4.5
08;2021-03-22;367;44;28659;11877;10.8;4.5
08;2021-03-23;733;63;29392;11940;11.1;4.5
08;2021-03-24;1327;70;30719;12010;11.6;4.5
08;2021-03-25;1905;93;32624;12103;12.3;4.6
08;2021-03-26;2565;172;35189;12275;13.3;4.6
08;2021-03-27;898;124;36087;12399;13.6;4.7
08;2021-03-28;228;6;36315;12405;13.7;4.7
08;2021-03-29;260;183;36575;12588;13.8;4.7
08;2021-03-30;832;486;37407;13074;14.1;4.9
08;2021-03-31;852;532;38259;13606;14.4;5.1
08;2021-04-01;1684;447;39943;14053;15.0;5.3
08;2021-04-02;1499;517;41442;14570;15.6;5.5
08;2021-04-03;1329;202;42771;14772;16.1;5.6
08;2021-04-04;134;4;42905;14776;16.2;5.6
08;2021-04-05;17;0;42922;14776;16.2;5.6
08;2021-04-06;702;482;43624;15258;16.4;5.7
08;2021-04-07;910;703;44534;15961;16.8;6.0
08;2021-04-08;1742;520;46276;16481;17.4;6.2
08;2021-04-09;2348;724;48624;17205;18.3;6.5
08;2021-04-10;1449;224;50073;17429;18.9;6.6
08;2021-04-11;10;6;50083;17435;18.9;6.6
08;2021-04-12;671;226;50754;17661;19.1;6.7
08;2021-04-13;1307;616;52061;18277;19.6;6.9
08;2021-04-14;1281;868;53342;19145;20.1;7.2
08;2021-04-15;1606;802;54948;19947;20.7;7.5
08;2021-04-16;1873;880;56821;20827;21.4;7.8
08;2021-04-17;1111;401;57932;21228;21.8;8.0
08;2021-04-18;23;14;57955;21242;21.8;8.0
08;2021-04-19;1150;298;59105;21540;22.3;8.1
08;2021-04-20;1120;541;60225;22081;22.7;8.3
08;2021-04-21;1139;742;61364;22823;23.1;8.6
08;2021-04-22;1327;880;62691;23703;23.6;8.9
08;2021-04-23;1675;1172;64366;24875;24.2;9.4
08;2021-04-24;1324;647;65690;25522;24.7;9.6
08;2021-04-25;26;198;65716;25720;24.7;9.7
08;2021-04-26;1040;153;66756;25873;25.1;9.7
08;2021-04-27;1338;603;68094;26476;25.6;10.0
08;2021-04-28;1453;680;69547;27156;26.2;10.2
08;2021-04-29;1173;1314;70720;28470;26.6;10.7
08;2021-04-30;1769;1615;72489;30085;27.3;11.3
08;2021-05-01;1049;494;73538;30579;27.7;11.5
08;2021-05-02;627;182;74165;30761;27.9;11.6
08;2021-05-03;1169;373;75334;31134;28.4;11.7
08;2021-05-04;1328;871;76662;32005;28.9;12.1
08;2021-05-05;1567;1332;78229;33337;29.5;12.6
08;2021-05-06;1971;1660;80200;34997;30.2;13.2
08;2021-05-07;1860;2100;82060;37097;30.9;14.0
08;2021-05-08;923;767;82983;37864;31.3;14.3
08;2021-05-09;443;71;83426;37935;31.4;14.3
08;2021-05-10;1191;666;84617;38601;31.9;14.5
08;2021-05-11;1909;944;86526;39545;32.6;14.9
08;2021-05-12;1810;1240;88336;40785;33.3;15.4
08;2021-05-13;1306;621;89642;41406;33.8;15.6
08;2021-05-14;2535;1035;92177;42441;34.7;16.0
08;2021-05-15;1821;714;93998;43155;35.4;16.3
08;2021-05-16;820;102;94818;43257;35.7;16.3
08;2021-05-17;700;905;95518;44162;36.0;16.6
08;2021-05-18;1251;841;96769;45003;36.4;16.9
08;2021-05-19;1610;961;98379;45964;37.0;17.3
08;2021-05-20;2146;962;100525;46926;37.9;17.7
08;2021-05-21;2338;1274;102863;48200;38.7;18.2
08;2021-05-22;1818;763;104681;48963;39.4;18.4
08;2021-05-23;864;90;105545;49053;39.7;18.5
08;2021-05-24;714;103;106259;49156;40.0;18.5
08;2021-05-25;1456;671;107715;49827;40.6;18.8
08;2021-05-26;1527;1011;109242;50838;41.1;19.1
08;2021-05-27;2007;1146;111249;51984;41.9;19.6
08;2021-05-28;1973;1821;113222;53805;42.6;20.3
08;2021-05-29;1769;969;114991;54774;43.3;20.6
08;2021-05-30;836;102;115827;54876;43.6;20.7
08;2021-05-31;755;573;116582;55449;43.9;20.9
08;2021-06-01;1351;882;117933;56331;44.4;21.2
08;2021-06-02;1296;1196;119229;57527;44.9;21.7
08;2021-06-03;1385;1525;120614;59052;45.4;22.2
08;2021-06-04;1777;2425;122391;61477;46.1;23.2
08;2021-06-05;1177;1379;123568;62856;46.5;23.7
08;2021-06-06;907;107;124475;62963;46.9;23.7
08;2021-06-07;661;1174;125136;64137;47.1;24.2
08;2021-06-08;931;1495;126067;65632;47.5;24.7
08;2021-06-09;841;1392;126908;67024;47.8;25.2
08;2021-06-10;1718;1554;128626;68578;48.4;25.8
08;2021-06-11;1721;2211;130347;70789;49.1;26.7
08;2021-06-12;1418;1527;131765;72316;49.6;27.2
08;2021-06-13;386;598;132151;72914;49.8;27.5
08;2021-06-14;380;1304;132531;74218;49.9;28.0
08;2021-06-15;740;1551;133271;75769;50.2;28.5
08;2021-06-16;807;2056;134078;77825;50.5;29.3
08;2021-06-17;1285;1854;135363;79679;51.0;30.0
08;2021-06-18;1609;2595;136972;82274;51.6;31.0
08;2021-06-19;1324;1407;138296;83681;52.1;31.5
08;2021-06-20;117;423;138413;84104;52.1;31.7
08;2021-06-21;494;1397;138907;85501;52.3;32.2
08;2021-06-22;809;2022;139716;87523;52.6;33.0
08;2021-06-23;859;1672;140575;89195;52.9;33.6
08;2021-06-24;1037;1924;141612;91119;53.3;34.3
08;2021-06-25;1084;2735;142696;93854;53.7;35.3
08;2021-06-26;1011;1781;143707;95635;54.1;36.0
08;2021-06-27;351;644;144058;96279;54.3;36.3
08;2021-06-28;397;1322;144455;97601;54.4;36.8
08;2021-06-29;628;1472;145083;99073;54.6;37.3
08;2021-06-30;856;1691;145939;100764;55.0;37.9
08;2021-07-01;885;2194;146824;102958;55.3;38.8
08;2021-07-02;939;2642;147763;105600;55.6;39.8
08;2021-07-03;784;2142;148547;107742;55.9;40.6
08;2021-07-04;128;861;148675;108603;56.0;40.9
08;2021-07-05;104;1195;148779;109798;56.0;41.4
08;2021-07-06;425;1834;149204;111632;56.2;42.0
08;2021-07-07;365;1782;149569;113414;56.3;42.7
08;2021-07-08;716;2014;150285;115428;56.6;43.5
08;2021-07-09;733;2436;151018;117864;56.9;44.4
08;2021-07-10;652;1998;151670;119862;57.1;45.1
08;2021-07-11;238;725;151908;120587;57.2;45.4
08;2021-07-12;311;1193;152219;121780;57.3;45.9
08;2021-07-13;945;1788;153164;123568;57.7;46.5
08;2021-07-14;177;329;153341;123897;57.7;46.7
08;2021-07-15;760;2450;154101;126347;58.0;47.6
08;2021-07-16;1082;2405;155183;128752;58.4;48.5
08;2021-07-17;992;2107;156175;130859;58.8;49.3
08;2021-07-18;346;740;156521;131599;58.9;49.6
08;2021-07-19;457;920;156978;132519;59.1;49.9
08;2021-07-20;878;1435;157856;133954;59.4;50.4
08;2021-07-21;1234;1720;159090;135674;59.9;51.1
08;2021-07-22;1147;2169;160237;137843;60.3;51.9
08;2021-07-23;1584;2446;161821;140289;60.9;52.8
08;2021-07-24;1309;1924;163130;142213;61.4;53.6
08;2021-07-25;774;444;163904;142657;61.7;53.7
08;2021-07-26;1317;846;165221;143503;62.2;54.0
08;2021-07-27;2183;1408;167404;144911;63.0;54.6
08;2021-07-28;2411;1453;169815;146364;64.0;55.1
08;2021-07-29;2601;1348;172416;147712;64.9;55.6
08;2021-07-30;2597;1586;175013;149298;65.9;56.2
08;2021-07-31;1968;1073;176981;150371;66.7;56.6
08;2021-08-01;935;299;177916;150670;67.0;56.7
08;2021-08-02;1251;683;179167;151353;67.5;57.0
08;2021-08-03;1629;821;180796;152174;68.1;57.3
08;2021-08-04;1489;661;182285;152835;68.6;57.6
08;2021-08-05;1892;966;184177;153801;69.4;57.9
08;2021-08-06;2576;1095;186753;154896;70.3;58.3
08;2021-08-07;1669;1160;188422;156056;71.0;58.8
08;2021-08-08;582;375;189004;156431;71.2;58.9
08;2021-08-09;672;534;189676;156965;71.4;59.1
08;2021-08-10;875;749;190551;157714;71.8;59.4
08;2021-08-11;521;790;191072;158504;72.0;59.7
08;2021-08-12;1147;1074;192219;159578;72.4;60.1
08;2021-08-13;1142;1016;193361;160594;72.8;60.5
08;2021-08-14;587;913;193948;161507;73.0;60.8
08;2021-08-15;137;274;194085;161781;73.1;60.9
08;2021-08-16;219;1178;194304;162959;73.2;61.4
08;2021-08-17;513;1197;194817;164156;73.4;61.8
08;2021-08-18;278;1264;195095;165420;73.5;62.3
08;2021-08-19;603;1887;195698;167307;73.7;63.0
08;2021-08-20;676;2165;196374;169472;74.0;63.8
08;2021-08-21;273;1338;196647;170810;74.1;64.3
08;2021-08-22;105;894;196752;171704;74.1;64.7
09;2020-12-27;0;0;0;0;0.0;0.0
09;2020-12-28;1;0;1;0;0.0;0.0
09;2020-12-29;0;0;1;0;0.0;0.0
09;2020-12-30;0;0;1;0;0.0;0.0
09;2020-12-31;0;0;1;0;0.0;0.0
09;2021-01-01;0;0;1;0;0.0;0.0
09;2021-01-02;0;0;1;0;0.0;0.0
09;2021-01-03;0;0;1;0;0.0;0.0
09;2021-01-04;2;1;3;1;0.0;0.0
09;2021-01-05;0;0;3;1;0.0;0.0
09;2021-01-06;3;0;6;1;0.0;0.0
09;2021-01-07;257;2;263;3;0.2;0.0
09;2021-01-08;228;0;491;3;0.3;0.0
09;2021-01-09;103;0;594;3;0.4;0.0
09;2021-01-10;59;0;653;3;0.4;0.0
09;2021-01-11;175;0;828;3;0.5;0.0
09;2021-01-12;304;0;1132;3;0.7;0.0
09;2021-01-13;196;0;1328;3;0.9;0.0
09;2021-01-14;432;8;1760;11;1.2;0.0
09;2021-01-15;223;1;1983;12;1.3;0.0
09;2021-01-16;194;2;2177;14;1.4;0.0
09;2021-01-17;123;0;2300;14;1.5;0.0
09;2021-01-18;267;1;2567;15;1.7;0.0
09;2021-01-19;258;1;2825;16;1.9;0.0
09;2021-01-20;346;1;3171;17;2.1;0.0
09;2021-01-21;333;1;3504;18;2.3;0.0
09;2021-01-22;331;1;3835;19;2.5;0.0
09;2021-01-23;237;0;4072;19;2.7;0.0
09;2021-01-24;85;1;4157;20;2.7;0.0
09;2021-01-25;204;12;4361;32;2.9;0.0
09;2021-01-26;634;25;4995;57;3.3;0.0
09;2021-01-27;472;49;5467;106;3.6;0.1
09;2021-01-28;285;205;5752;311;3.8;0.2
09;2021-01-29;250;129;6002;440;3.9;0.3
09;2021-01-30;143;55;6145;495;4.0;0.3
09;2021-01-31;56;10;6201;505;4.1;0.3
09;2021-02-01;82;142;6283;647;4.1;0.4
09;2021-02-02;57;295;6340;942;4.2;0.6
09;2021-02-03;87;206;6427;1148;4.2;0.8
09;2021-02-04;49;299;6476;1447;4.2;0.9
09;2021-02-05;89;156;6565;1603;4.3;1.1
09;2021-02-06;68;49;6633;1652;4.4;1.1
09;2021-02-07;6;71;6639;1723;4.4;1.1
09;2021-02-08;22;177;6661;1900;4.4;1.2
09;2021-02-09;54;289;6715;2189;4.4;1.4
09;2021-02-10;15;196;6730;2385;4.4;1.6
09;2021-02-11;6;220;6736;2605;4.4;1.7
09;2021-02-12;149;176;6885;2781;4.5;1.8
09;2021-02-13;7;144;6892;2925;4.5;1.9
09;2021-02-14;0;52;6892;2977;4.5;2.0
09;2021-02-15;75;134;6967;3111;4.6;2.0
09;2021-02-16;227;509;7194;3620;4.7;2.4
09;2021-02-17;83;388;7277;4008;4.8;2.6
09;2021-02-18;87;450;7364;4458;4.8;2.9
09;2021-02-19;65;285;7429;4743;4.9;3.1
09;2021-02-20;59;200;7488;4943;4.9;3.2
09;2021-02-21;0;51;7488;4994;4.9;3.3
09;2021-02-22;127;217;7615;5211;5.0;3.4
09;2021-02-23;161;145;7776;5356;5.1;3.5
09;2021-02-24;74;178;7850;5534;5.2;3.6
09;2021-02-25;211;169;8061;5703;5.3;3.7
09;2021-02-26;162;175;8223;5878;5.4;3.9
09;2021-02-27;65;71;8288;5949;5.4;3.9
09;2021-02-28;44;17;8332;5966;5.5;3.9
09;2021-03-01;247;97;8579;6063;5.6;4.0
09;2021-03-02;284;77;8863;6140;5.8;4.0
09;2021-03-03;252;131;9115;6271;6.0;4.1
09;2021-03-04;413;32;9528;6303;6.3;4.1
09;2021-03-05;331;64;9859;6367;6.5;4.2
09;2021-03-06;397;46;10256;6413;6.7;4.2
09;2021-03-07;124;4;10380;6417;6.8;4.2
09;2021-03-08;380;64;10760;6481;7.1;4.3
09;2021-03-09;437;140;11197;6621;7.3;4.3
09;2021-03-10;560;71;11757;6692;7.7;4.4
09;2021-03-11;695;79;12452;6771;8.2;4.4
09;2021-03-12;659;32;13111;6803;8.6;4.5
09;2021-03-13;385;3;13496;6806;8.9;4.5
09;2021-03-14;120;3;13616;6809;8.9;4.5
09;2021-03-15;467;49;14083;6858;9.2;4.5
09;2021-03-16;370;80;14453;6938;9.5;4.6
09;2021-03-17;399;72;14852;7010;9.7;4.6
09;2021-03-18;454;43;15306;7053;10.0;4.6
09;2021-03-19;525;56;15831;7109;10.4;4.7
09;2021-03-20;313;39;16144;7148;10.6;4.7
09;2021-03-21;105;0;16249;7148;10.7;4.7
09;2021-03-22;424;119;16673;7267;10.9;4.8
09;2021-03-23;566;173;17239;7440;11.3;4.9
09;2021-03-24;711;42;17950;7482;11.8;4.9
09;2021-03-25;869;138;18819;7620;12.3;5.0
09;2021-03-26;751;45;19570;7665;12.8;5.0
09;2021-03-27;622;70;20192;7735;13.2;5.1
09;2021-03-28;132;24;20324;7759;13.3;5.1
09;2021-03-29;498;279;20822;8038;13.7;5.3
09;2021-03-30;729;155;21551;8193;14.1;5.4
09;2021-03-31;802;181;22353;8374;14.7;5.5
09;2021-04-01;734;255;23087;8629;15.1;5.7
09;2021-04-02;693;266;23780;8895;15.6;5.8
09;2021-04-03;771;117;24551;9012;16.1;5.9
09;2021-04-04;122;57;24673;9069;16.2;6.0
09;2021-04-05;237;60;24910;9129;16.3;6.0
09;2021-04-06;1057;394;25967;9523;17.0;6.2
09;2021-04-07;1209;358;27176;9881;17.8;6.5
09;2021-04-08;1469;405;28645;10286;18.8;6.7
09;2021-04-09;1138;414;29783;10700;19.5;7.0
09;2021-04-10;1349;195;31132;10895;20.4;7.1
09;2021-04-11;173;102;31305;10997;20.5;7.2
09;2021-04-12;737;345;32042;11342;21.0;7.4
09;2021-04-13;1047;411;33089;11753;21.7;7.7
09;2021-04-14;1332;510;34421;12263;22.6;8.0
09;2021-04-15;1148;506;35569;12769;23.3;8.4
09;2021-04-16;1032;415;36601;13184;24.0;8.7
09;2021-04-17;1194;355;37795;13539;24.8;8.9
09;2021-04-18;102;96;37897;13635;24.9;8.9
09;2021-04-19;697;405;38594;14040;25.3;9.2
09;2021-04-20;766;532;39360;14572;25.8;9.6
09;2021-04-21;940;590;40300;15162;26.4;9.9
09;2021-04-22;667;607;40967;15769;26.9;10.3
09;2021-04-23;773;430;41740;16199;27.4;10.6
09;2021-04-24;741;670;42481;16869;27.9;11.1
09;2021-04-25;75;113;42556;16982;27.9;11.1
09;2021-04-26;382;533;42938;17515;28.2;11.5
09;2021-04-27;443;720;43381;18235;28.5;12.0
09;2021-04-28;806;795;44187;19030;29.0;12.5
09;2021-04-29;550;775;44737;19805;29.4;13.0
09;2021-04-30;621;724;45358;20529;29.8;13.5
09;2021-05-01;478;455;45836;20984;30.1;13.8
09;2021-05-02;51;100;45887;21084;30.1;13.8
09;2021-05-03;522;663;46409;21747;30.5;14.3
09;2021-05-04;555;1348;46964;23095;30.8;15.2
09;2021-05-05;822;1347;47786;24442;31.4;16.0
09;2021-05-06;849;1033;48635;25475;31.9;16.7
09;2021-05-07;977;823;49612;26298;32.6;17.3
09;2021-05-08;395;461;50007;26759;32.8;17.6
09;2021-05-09;264;84;50271;26843;33.0;17.6
09;2021-05-10;504;966;50775;27809;33.3;18.2
09;2021-05-11;742;1052;51517;28861;33.8;18.9
09;2021-05-12;1535;1404;53052;30265;34.8;19.9
09;2021-05-13;1383;425;54435;30690;35.7;20.1
09;2021-05-14;986;654;55421;31344;36.4;20.6
09;2021-05-15;1236;790;56657;32134;37.2;21.1
09;2021-05-16;296;48;56953;32182;37.4;21.1
09;2021-05-17;874;413;57827;32595;37.9;21.4
09;2021-05-18;1291;394;59118;32989;38.8;21.6
09;2021-05-19;1495;370;60613;33359;39.8;21.9
09;2021-05-20;1379;406;61992;33765;40.7;22.2
09;2021-05-21;1164;496;63156;34261;41.4;22.5
09;2021-05-22;1546;364;64702;34625;42.5;22.7
09;2021-05-23;273;25;64975;34650;42.6;22.7
09;2021-05-24;177;100;65152;34750;42.8;22.8
09;2021-05-25;998;500;66150;35250;43.4;23.1
09;2021-05-26;1285;446;67435;35696;44.2;23.4
09;2021-05-27;966;403;68401;36099;44.9;23.7
09;2021-05-28;958;513;69359;36612;45.5;24.0
09;2021-05-29;1797;601;71156;37213;46.7;24.4
09;2021-05-30;541;197;71697;37410;47.0;24.5
09;2021-05-31;717;593;72414;38003;47.5;24.9
09;2021-06-01;969;642;73383;38645;48.2;25.4
09;2021-06-02;1008;897;74391;39542;48.8;25.9
09;2021-06-03;810;682;75201;40224;49.3;26.4
09;2021-06-04;877;799;76078;41023;49.9;26.9
09;2021-06-05;1320;874;77398;41897;50.8;27.5
09;2021-06-06;304;108;77702;42005;51.0;27.6
09;2021-06-07;623;517;78325;42522;51.4;27.9
09;2021-06-08;823;490;79148;43012;51.9;28.2
09;2021-06-09;808;834;79956;43846;52.5;28.8
09;2021-06-10;641;534;80597;44380;52.9;29.1
09;2021-06-11;831;762;81428;45142;53.4;29.6
09;2021-06-12;636;807;82064;45949;53.8;30.2
09;2021-06-13;94;130;82158;46079;53.9;30.2
09;2021-06-14;629;708;82787;46787;54.3;30.7
09;2021-06-15;824;890;83611;47677;54.9;31.3
09;2021-06-16;627;1078;84238;48755;55.3;32.0
09;2021-06-17;780;854;85018;49609;55.8;32.6
09;2021-06-18;635;1151;85653;50760;56.2;33.3
09;2021-06-19;517;1579;86170;52339;56.5;34.3
09;2021-06-20;8;279;86178;52618;56.5;34.5
09;2021-06-21;474;699;86652;53317;56.9;35.0
09;2021-06-22;463;1066;87115;54383;57.2;35.7
09;2021-06-23;435;1224;87550;55607;57.4;36.5
09;2021-06-24;581;772;88131;56379;57.8;37.0
09;2021-06-25;411;1062;88542;57441;58.1;37.7
09;2021-06-26;443;1087;88985;58528;58.4;38.4
09;2021-06-27;2;275;88987;58803;58.4;38.6
09;2021-06-28;239;1048;89226;59851;58.5;39.3
09;2021-06-29;313;1230;89539;61081;58.8;40.1
09;2021-06-30;457;1491;89996;62572;59.1;41.1
09;2021-07-01;384;1430;90380;64002;59.3;42.0
09;2021-07-02;308;1161;90688;65163;59.5;42.8
09;2021-07-03;210;1619;90898;66782;59.6;43.8
09;2021-07-04;4;254;90902;67036;59.6;44.0
09;2021-07-05;189;714;91091;67750;59.8;44.5
09;2021-07-06;293;1223;91384;68973;60.0;45.3
09;2021-07-07;419;1397;91803;70370;60.2;46.2
09;2021-07-08;325;1059;92128;71429;60.5;46.9
09;2021-07-09;292;1154;92420;72583;60.6;47.6
09;2021-07-10;345;1726;92765;74309;60.9;48.8
09;2021-07-11;147;392;92912;74701;61.0;49.0
09;2021-07-12;187;1074;93099;75775;61.1;49.7
09;2021-07-13;642;1305;93741;77080;61.5;50.6
09;2021-07-14;489;219;94230;77299;61.8;50.7
09;2021-07-15;820;1167;95050;78466;62.4;51.5
09;2021-07-16;610;1191;95660;79657;62.8;52.3
09;2021-07-17;1016;1444;96676;81101;63.4;53.2
09;2021-07-18;301;221;96977;81322;63.6;53.4
09;2021-07-19;483;968;97460;82290;64.0;54.0
09;2021-07-20;830;1259;98290;83549;64.5;54.8
09;2021-07-21;1016;1168;99306;84717;65.2;55.6
09;2021-07-22;846;906;100152;85623;65.7;56.2
09;2021-07-23;724;909;100876;86532;66.2;56.8
09;2021-07-24;928;463;101804;86995;66.8;57.1
09;2021-07-25;559;134;102363;87129;67.2;57.2
09;2021-07-26;646;767;103009;87896;67.6;57.7
09;2021-07-27;1178;945;104187;88841;68.4;58.3
09;2021-07-28;1191;983;105378;89824;69.1;58.9
09;2021-07-29;1033;735;106411;90559;69.8;59.4
09;2021-07-30;778;620;107189;91179;70.3;59.8
09;2021-07-31;1375;415;108564;91594;71.2;60.1
09;2021-08-01;141;125;108705;91719;71.3;60.2
09;2021-08-02;612;479;109317;92198;71.7;60.5
09;2021-08-03;1252;765;110569;92963;72.6;61.0
09;2021-08-04;1396;654;111965;93617;73.5;61.4
09;2021-08-05;997;674;112962;94291;74.1;61.9
09;2021-08-06;1014;638;113976;94929;74.8;62.3
09;2021-08-07;821;428;114797;95357;75.3;62.6
09;2021-08-08;125;129;114922;95486;75.4;62.7
09;2021-08-09;690;649;115612;96135;75.9;63.1
09;2021-08-10;931;693;116543;96828;76.5;63.5
09;2021-08-11;894;870;117437;97698;77.1;64.1
09;2021-08-12;631;729;118068;98427;77.5;64.6
09;2021-08-13;460;645;118528;99072;77.8;65.0
09;2021-08-14;312;828;118840;99900;78.0;65.6
09;2021-08-15;67;138;118907;100038;78.0;65.6
09;2021-08-16;545;619;119452;100657;78.4;66.0
09;2021-08-17;673;775;120125;101432;78.8;66.6
09;2021-08-18;619;930;120744;102362;79.2;67.2
09;2021-08-19;432;720;121176;103082;79.5;67.6
09;2021-08-20;363;748;121539;103830;79.8;68.1
09;2021-08-21;344;1376;121883;105206;80.0;69.0
09;2021-08-22;67;168;121950;105374;80.0;69.1
10;2020-12-27;0;0;0;0;0.0;0.0
10;2020-12-28;0;0;0;0;0.0;0.0
10;2020-12-29;0;0;0;0;0.0;0.0
10;2020-12-30;0;0;0;0;0.0;0.0
10;2020-12-31;0;0;0;0;0.0;0.0
10;2021-01-01;0;0;0;0;0.0;0.0
10;2021-01-02;1;0;1;0;0.0;0.0
10;2021-01-03;0;0;1;0;0.0;0.0
10;2021-01-04;0;0;1;0;0.0;0.0
10;2021-01-05;1;0;2;0;0.0;0.0
10;2021-01-06;0;0;2;0;0.0;0.0
10;2021-01-07;84;0;86;0;0.0;0.0
10;2021-01-08;255;0;341;0;0.1;0.0
10;2021-01-09;0;0;341;0;0.1;0.0
10;2021-01-10;0;0;341;0;0.1;0.0
10;2021-01-11;117;0;458;0;0.1;0.0
10;2021-01-12;191;0;649;0;0.2;0.0
10;2021-01-13;313;0;962;0;0.3;0.0
10;2021-01-14;391;7;1353;7;0.4;0.0
10;2021-01-15;359;3;1712;10;0.6;0.0
10;2021-01-16;56;0;1768;10;0.6;0.0
10;2021-01-17;0;0;1768;10;0.6;0.0
10;2021-01-18;700;2;2468;12;0.8;0.0
10;2021-01-19;1380;3;3848;15;1.2;0.0
10;2021-01-20;1079;9;4927;24;1.6;0.0
10;2021-01-21;1151;2;6078;26;2.0;0.0
10;2021-01-22;819;2;6897;28;2.2;0.0
10;2021-01-23;309;0;7206;28;2.3;0.0
10;2021-01-24;0;0;7206;28;2.3;0.0
10;2021-01-25;445;9;7651;37;2.5;0.0
10;2021-01-26;487;17;8138;54;2.6;0.0
10;2021-01-27;459;15;8597;69;2.8;0.0
10;2021-01-28;357;48;8954;117;2.9;0.0
10;2021-01-29;430;192;9384;309;3.0;0.1
10;2021-01-30;30;0;9414;309;3.0;0.1
10;2021-01-31;0;0;9414;309;3.0;0.1
10;2021-02-01;404;140;9818;449;3.2;0.1
10;2021-02-02;182;152;10000;601;3.2;0.2
10;2021-02-03;361;215;10361;816;3.3;0.3
10;2021-02-04;342;269;10703;1085;3.5;0.4
10;2021-02-05;327;320;11030;1405;3.6;0.5
10;2021-02-06;3;35;11033;1440;3.6;0.5
10;2021-02-07;0;0;11033;1440;3.6;0.5
10;2021-02-08;190;411;11223;1851;3.6;0.6
10;2021-02-09;482;585;11705;2436;3.8;0.8
10;2021-02-10;666;479;12371;2915;4.0;0.9
10;2021-02-11;781;597;13152;3512;4.2;1.1
10;2021-02-12;580;551;13732;4063;4.4;1.3
10;2021-02-13;36;120;13768;4183;4.4;1.3
10;2021-02-14;0;0;13768;4183;4.4;1.3
10;2021-02-15;142;444;13910;4627;4.5;1.5
10;2021-02-16;116;545;14026;5172;4.5;1.7
10;2021-02-17;129;605;14155;5777;4.6;1.9
10;2021-02-18;216;557;14371;6334;4.6;2.0
10;2021-02-19;187;472;14558;6806;4.7;2.2
10;2021-02-20;24;183;14582;6989;4.7;2.3
10;2021-02-21;0;0;14582;6989;4.7;2.3
10;2021-02-22;77;447;14659;7436;4.7;2.4
10;2021-02-23;76;559;14735;7995;4.8;2.6
10;2021-02-24;113;374;14848;8369;4.8;2.7
10;2021-02-25;324;375;15172;8744;4.9;2.8
10;2021-02-26;351;283;15523;9027;5.0;2.9
10;2021-02-27;275;129;15798;9156;5.1;3.0
10;2021-02-28;0;0;15798;9156;5.1;3.0
10;2021-03-01;257;333;16055;9489;5.2;3.1
10;2021-03-02;434;370;16489;9859;5.3;3.2
10;2021-03-03;453;580;16942;10439;5.5;3.4
10;2021-03-04;636;500;17578;10939;5.7;3.5
10;2021-03-05;677;254;18255;11193;5.9;3.6
10;2021-03-06;948;41;19203;11234;6.2;3.6
10;2021-03-07;769;6;19972;11240;6.4;3.6
10;2021-03-08;502;442;20474;11682;6.6;3.8
10;2021-03-09;673;436;21147;12118;6.8;3.9
10;2021-03-10;660;364;21807;12482;7.0;4.0
10;2021-03-11;1174;235;22981;12717;7.4;4.1
10;2021-03-12;1338;246;24319;12963;7.8;4.2
10;2021-03-13;891;37;25210;13000;8.1;4.2
10;2021-03-14;1381;16;26591;13016;8.6;4.2
10;2021-03-15;821;80;27412;13096;8.8;4.2
10;2021-03-16;688;64;28100;13160;9.1;4.2
10;2021-03-17;831;67;28931;13227;9.3;4.3
10;2021-03-18;885;80;29816;13307;9.6;4.3
10;2021-03-19;950;69;30766;13376;9.9;4.3
10;2021-03-20;552;18;31318;13394;10.1;4.3
10;2021-03-21;1849;40;33167;13434;10.7;4.3
10;2021-03-22;879;72;34046;13506;11.0;4.4
10;2021-03-23;1245;90;35291;13596;11.4;4.4
10;2021-03-24;1311;59;36602;13655;11.8;4.4
10;2021-03-25;1676;228;38278;13883;12.4;4.5
10;2021-03-26;1431;115;39709;13998;12.8;4.5
10;2021-03-27;762;79;40471;14077;13.1;4.5
10;2021-03-28;1221;29;41692;14106;13.5;4.6
10;2021-03-29;648;306;42340;14412;13.7;4.7
10;2021-03-30;927;375;43267;14787;14.0;4.8
10;2021-03-31;617;360;43884;15147;14.2;4.9
10;2021-04-01;884;684;44768;15831;14.4;5.1
10;2021-04-02;1069;590;45837;16421;14.8;5.3
10;2021-04-03;540;605;46377;17026;15.0;5.5
10;2021-04-04;1826;259;48203;17285;15.6;5.6
10;2021-04-05;1843;42;50046;17327;16.1;5.6
10;2021-04-06;514;651;50560;17978;16.3;5.8
10;2021-04-07;589;539;51149;18517;16.5;6.0
10;2021-04-08;1057;608;52206;19125;16.8;6.2
10;2021-04-09;1130;611;53336;19736;17.2;6.4
10;2021-04-10;1770;349;55106;20085;17.8;6.5
10;2021-04-11;55;1221;55161;21306;17.8;6.9
10;2021-04-12;1003;807;56164;22113;18.1;7.1
10;2021-04-13;1506;892;57670;23005;18.6;7.4
10;2021-04-14;820;600;58490;23605;18.9;7.6
10;2021-04-15;1451;889;59941;24494;19.3;7.9
10;2021-04-16;1109;696;61050;25190;19.7;8.1
10;2021-04-17;2391;360;63441;25550;20.5;8.2
10;2021-04-18;1421;1786;64862;27336;20.9;8.8
10;2021-04-19;838;833;65700;28169;21.2;9.1
10;2021-04-20;545;1035;66245;29204;21.4;9.4
10;2021-04-21;636;974;66881;30178;21.6;9.7
10;2021-04-22;932;963;67813;31141;21.9;10.0
10;2021-04-23;2173;776;69986;31917;22.6;10.3
10;2021-04-24;2296;375;72282;32292;23.3;10.4
10;2021-04-25;1989;1214;74271;33506;24.0;10.8
10;2021-04-26;773;620;75044;34126;24.2;11.0
10;2021-04-27;895;535;75939;34661;24.5;11.2
10;2021-04-28;873;404;76812;35065;24.8;11.3
10;2021-04-29;1433;673;78245;35738;25.2;11.5
10;2021-04-30;2173;768;80418;36506;25.9;11.8
10;2021-05-01;1988;2166;82406;38672;26.6;12.5
10;2021-05-02;1948;1893;84354;40565;27.2;13.1
10;2021-05-03;622;447;84976;41012;27.4;13.2
10;2021-05-04;1145;1248;86121;42260;27.8;13.6
10;2021-05-05;1754;1021;87875;43281;28.4;14.0
10;2021-05-06;2257;945;90132;44226;29.1;14.3
10;2021-05-07;2217;1140;92349;45366;29.8;14.6
10;2021-05-08;2272;859;94621;46225;30.5;14.9
10;2021-05-09;2005;100;96626;46325;31.2;14.9
10;2021-05-10;530;1093;97156;47418;31.4;15.3
10;2021-05-11;1051;1026;98207;48444;31.7;15.6
10;2021-05-12;2061;881;100268;49325;32.4;15.9
10;2021-05-13;2182;433;102450;49758;33.1;16.1
10;2021-05-14;2729;671;105179;50429;33.9;16.3
10;2021-05-15;2426;2044;107605;52473;34.7;16.9
10;2021-05-16;2081;1449;109686;53922;35.4;17.4
10;2021-05-17;1451;444;111137;54366;35.9;17.5
10;2021-05-18;2511;640;113648;55006;36.7;17.7
10;2021-05-19;1553;642;115201;55648;37.2;18.0
10;2021-05-20;1891;847;117092;56495;37.8;18.2
10;2021-05-21;2318;618;119410;57113;38.5;18.4
10;2021-05-22;2180;422;121590;57535;39.2;18.6
10;2021-05-23;1817;140;123407;57675;39.8;18.6
10;2021-05-24;1968;179;125375;57854;40.5;18.7
10;2021-05-25;2195;492;127570;58346;41.2;18.8
10;2021-05-26;1677;421;129247;58767;41.7;19.0
10;2021-05-27;1660;755;130907;59522;42.2;19.2
10;2021-05-28;1719;1185;132626;60707;42.8;19.6
10;2021-05-29;2170;642;134796;61349;43.5;19.8
10;2021-05-30;1029;135;135825;61484;43.8;19.8
10;2021-05-31;1039;750;136864;62234;44.2;20.1
10;2021-06-01;1134;886;137998;63120;44.5;20.4
10;2021-06-02;1032;719;139030;63839;44.9;20.6
10;2021-06-03;1473;1071;140503;64910;45.3;20.9
10;2021-06-04;1768;2601;142271;67511;45.9;21.8
10;2021-06-05;1519;2456;143790;69967;46.4;22.6
10;2021-06-06;1005;1875;144795;71842;46.7;23.2
10;2021-06-07;698;1112;145493;72954;46.9;23.5
10;2021-06-08;896;1169;146389;74123;47.2;23.9
10;2021-06-09;877;913;147266;75036;47.5;24.2
10;2021-06-10;677;1071;147943;76107;47.7;24.6
10;2021-06-11;1199;2210;149142;78317;48.1;25.3
10;2021-06-12;855;2388;149997;80705;48.4;26.0
10;2021-06-13;401;1835;150398;82540;48.5;26.6
10;2021-06-14;534;742;150932;83282;48.7;26.9
10;2021-06-15;740;2132;151672;85414;48.9;27.6
10;2021-06-16;740;1860;152412;87274;49.2;28.2
10;2021-06-17;848;2458;153260;89732;49.5;29.0
10;2021-06-18;1031;2473;154291;92205;49.8;29.8
10;2021-06-19;981;2594;155272;94799;50.1;30.6
10;2021-06-20;549;1599;155821;96398;50.3;31.1
10;2021-06-21;682;1045;156503;97443;50.5;31.4
10;2021-06-22;744;1524;157247;98967;50.7;31.9
10;2021-06-23;649;2408;157896;101375;50.9;32.7
10;2021-06-24;783;2618;158679;103993;51.2;33.6
10;2021-06-25;731;3043;159410;107036;51.4;34.5
10;2021-06-26;513;2744;159923;109780;51.6;35.4
10;2021-06-27;403;1939;160326;111719;51.7;36.0
10;2021-06-28;685;1787;161011;113506;52.0;36.6
10;2021-06-29;617;2693;161628;116199;52.2;37.5
10;2021-06-30;535;1524;162163;117723;52.3;38.0
10;2021-07-01;551;2171;162714;119894;52.5;38.7
10;2021-07-02;668;2727;163382;122621;52.7;39.6
10;2021-07-03;529;2600;163911;125221;52.9;40.4
10;2021-07-04;411;1725;164322;126946;53.0;41.0
10;2021-07-05;666;2222;164988;129168;53.2;41.7
10;2021-07-06;652;2189;165640;131357;53.4;42.4
10;2021-07-07;633;1700;166273;133057;53.7;42.9
10;2021-07-08;748;1458;167021;134515;53.9;43.4
10;2021-07-09;815;1946;167836;136461;54.2;44.0
10;2021-07-10;633;2096;168469;138557;54.4;44.7
10;2021-07-11;500;1382;168969;139939;54.5;45.2
10;2021-07-12;780;1623;169749;141562;54.8;45.7
10;2021-07-13;1125;1874;170874;143436;55.1;46.3
10;2021-07-14;1170;1056;172044;144492;55.5;46.6
10;2021-07-15;1473;1979;173517;146471;56.0;47.3
10;2021-07-16;1240;2272;174757;148743;56.4;48.0
10;2021-07-17;1287;1739;176044;150482;56.8;48.6
10;2021-07-18;942;1226;176986;151708;57.1;49.0
10;2021-07-19;1360;1620;178346;153328;57.5;49.5
10;2021-07-20;1686;1432;180032;154760;58.1;49.9
10;2021-07-21;1394;1485;181426;156245;58.5;50.4
10;2021-07-22;1934;1598;183360;157843;59.2;50.9
10;2021-07-23;1594;1543;184954;159386;59.7;51.4
10;2021-07-24;1390;1226;186344;160612;60.1;51.8
10;2021-07-25;1251;787;187595;161399;60.5;52.1
10;2021-07-26;1912;1318;189507;162717;61.1;52.5
10;2021-07-27;2120;1088;191627;163805;61.8;52.9
10;2021-07-28;2093;1016;193720;164821;62.5;53.2
10;2021-07-29;2436;1201;196156;166022;63.3;53.6
10;2021-07-30;2157;1310;198313;167332;64.0;54.0
10;2021-07-31;1675;934;199988;168266;64.5;54.3
10;2021-08-01;1234;573;201222;168839;64.9;54.5
10;2021-08-02;1333;1337;202555;170176;65.4;54.9
10;2021-08-03;1558;895;204113;171071;65.9;55.2
10;2021-08-04;1312;1065;205425;172136;66.3;55.5
10;2021-08-05;1624;1342;207049;173478;66.8;56.0
10;2021-08-06;1798;1329;208847;174807;67.4;56.4
10;2021-08-07;1150;1131;209997;175938;67.8;56.8
10;2021-08-08;658;750;210655;176688;68.0;57.0
10;2021-08-09;1302;1542;211957;178230;68.4;57.5
10;2021-08-10;1620;1347;213577;179577;68.9;57.9
10;2021-08-11;822;1106;214399;180683;69.2;58.3
10;2021-08-12;1022;1224;215421;181907;69.5;58.7
10;2021-08-13;729;1075;216150;182982;69.7;59.0
10;2021-08-14;571;1236;216721;184218;69.9;59.4
10;2021-08-15;301;778;217022;184996;70.0;59.7
10;2021-08-16;699;1617;217721;186613;70.3;60.2
10;2021-08-17;861;1772;218582;188385;70.5;60.8
10;2021-08-18;688;1612;219270;189997;70.8;61.3
10;2021-08-19;538;1567;219808;191564;70.9;61.8
10;2021-08-20;602;1741;220410;193305;71.1;62.4
10;2021-08-21;419;1432;220829;194737;71.3;62.8
10;2021-08-22;187;1059;221016;195796;71.3;63.2
11;2020-12-27;0;0;0;0;0.0;0.0
11;2020-12-28;1;0;1;0;0.0;0.0
11;2020-12-29;1;0;2;0;0.0;0.0
11;2020-12-30;0;0;2;0;0.0;0.0
11;2020-12-31;0;0;2;0;0.0;0.0
11;2021-01-01;0;0;2;0;0.0;0.0
11;2021-01-02;5;0;7;0;0.0;0.0
11;2021-01-03;0;0;7;0;0.0;0.0
11;2021-01-04;1;0;8;0;0.0;0.0
11;2021-01-05;94;0;102;0;0.0;0.0
11;2021-01-06;25;0;127;0;0.0;0.0
11;2021-01-07;119;0;246;0;0.1;0.0
11;2021-01-08;90;1;336;1;0.1;0.0
11;2021-01-09;86;0;422;1;0.1;0.0
11;2021-01-10;67;0;489;1;0.1;0.0
11;2021-01-11;136;0;625;1;0.2;0.0
11;2021-01-12;545;3;1170;4;0.3;0.0
11;2021-01-13;410;1;1580;5;0.4;0.0
11;2021-01-14;644;8;2224;13;0.6;0.0
11;2021-01-15;343;4;2567;17;0.7;0.0
11;2021-01-16;77;1;2644;18;0.7;0.0
11;2021-01-17;47;1;2691;19;0.7;0.0
11;2021-01-18;388;0;3079;19;0.8;0.0
11;2021-01-19;528;4;3607;23;1.0;0.0
11;2021-01-20;693;6;4300;29;1.2;0.0
11;2021-01-21;647;4;4947;33;1.3;0.0
11;2021-01-22;524;2;5471;35;1.5;0.0
11;2021-01-23;159;0;5630;35;1.5;0.0
11;2021-01-24;139;0;5769;35;1.5;0.0
11;2021-01-25;375;20;6144;55;1.6;0.0
11;2021-01-26;845;85;6989;140;1.9;0.0
11;2021-01-27;798;24;7787;164;2.1;0.0
11;2021-01-28;647;61;8434;225;2.3;0.1
11;2021-01-29;439;123;8873;348;2.4;0.1
11;2021-01-30;134;1;9007;349;2.4;0.1
11;2021-01-31;82;0;9089;349;2.4;0.1
11;2021-02-01;344;195;9433;544;2.5;0.1
11;2021-02-02;412;407;9845;951;2.6;0.3
11;2021-02-03;389;350;10234;1301;2.7;0.3
11;2021-02-04;374;497;10608;1798;2.8;0.5
11;2021-02-05;317;338;10925;2136;2.9;0.6
11;2021-02-06;207;62;11132;2198;3.0;0.6
11;2021-02-07;108;13;11240;2211;3.0;0.6
11;2021-02-08;316;159;11556;2370;3.1;0.6
11;2021-02-09;300;280;11856;2650;3.2;0.7
11;2021-02-10;339;445;12195;3095;3.3;0.8
11;2021-02-11;610;632;12805;3727;3.4;1.0
11;2021-02-12;402;378;13207;4105;3.5;1.1
11;2021-02-13;193;120;13400;4225;3.6;1.1
11;2021-02-14;72;27;13472;4252;3.6;1.1
11;2021-02-15;239;209;13711;4461;3.7;1.2
11;2021-02-16;265;513;13976;4974;3.7;1.3
11;2021-02-17;453;620;14429;5594;3.9;1.5
11;2021-02-18;457;574;14886;6168;4.0;1.7
11;2021-02-19;300;536;15186;6704;4.1;1.8
11;2021-02-20;147;75;15333;6779;4.1;1.8
11;2021-02-21;58;45;15391;6824;4.1;1.8
11;2021-02-22;125;332;15516;7156;4.2;1.9
11;2021-02-23;283;322;15799;7478;4.2;2.0
11;2021-02-24;251;368;16050;7846;4.3;2.1
11;2021-02-25;562;326;16612;8172;4.5;2.2
11;2021-02-26;523;318;17135;8490;4.6;2.3
11;2021-02-27;318;98;17453;8588;4.7;2.3
11;2021-02-28;95;24;17548;8612;4.7;2.3
11;2021-03-01;339;318;17887;8930;4.8;2.4
11;2021-03-02;562;393;18449;9323;5.0;2.5
11;2021-03-03;599;434;19048;9757;5.1;2.6
11;2021-03-04;1077;410;20125;10167;5.4;2.7
11;2021-03-05;1003;409;21128;10576;5.7;2.8
11;2021-03-06;1093;206;22221;10782;6.0;2.9
11;2021-03-07;658;35;22879;10817;6.1;2.9
11;2021-03-08;370;353;23249;11170;6.2;3.0
11;2021-03-09;997;399;24246;11569;6.5;3.1
11;2021-03-10;1174;546;25420;12115;6.8;3.3
11;2021-03-11;1572;446;26992;12561;7.2;3.4
11;2021-03-12;1455;443;28447;13004;7.6;3.5
11;2021-03-13;1159;240;29606;13244;7.9;3.6
11;2021-03-14;523;55;30129;13299;8.1;3.6
11;2021-03-15;651;242;30780;13541;8.3;3.6
11;2021-03-16;853;200;31633;13741;8.5;3.7
11;2021-03-17;906;220;32539;13961;8.7;3.7
11;2021-03-18;1172;283;33711;14244;9.0;3.8
11;2021-03-19;1371;247;35082;14491;9.4;3.9
11;2021-03-20;790;176;35872;14667;9.6;3.9
11;2021-03-21;225;65;36097;14732;9.7;4.0
11;2021-03-22;808;217;36905;14949;9.9;4.0
11;2021-03-23;1806;392;38711;15341;10.4;4.1
11;2021-03-24;1846;320;40557;15661;10.9;4.2
11;2021-03-25;2189;375;42746;16036;11.5;4.3
11;2021-03-26;2125;446;44871;16482;12.0;4.4
11;2021-03-27;1178;146;46049;16628;12.4;4.5
11;2021-03-28;265;43;46314;16671;12.4;4.5
11;2021-03-29;1181;223;47495;16894;12.7;4.5
11;2021-03-30;1993;323;49488;17217;13.3;4.6
11;2021-03-31;1614;383;51102;17600;13.7;4.7
11;2021-04-01;2146;424;53248;18024;14.3;4.8
11;2021-04-02;1643;430;54891;18454;14.7;5.0
11;2021-04-03;720;144;55611;18598;14.9;5.0
11;2021-04-04;198;74;55809;18672;15.0;5.0
11;2021-04-05;257;4;56066;18676;15.0;5.0
11;2021-04-06;1575;553;57641;19229;15.5;5.2
11;2021-04-07;1777;574;59418;19803;15.9;5.3
11;2021-04-08;1785;683;61203;20486;16.4;5.5
11;2021-04-09;2262;602;63465;21088;17.0;5.7
11;2021-04-10;1169;179;64634;21267;17.3;5.7
11;2021-04-11;549;107;65183;21374;17.5;5.7
11;2021-04-12;1614;536;66797;21910;17.9;5.9
11;2021-04-13;2259;885;69056;22795;18.5;6.1
11;2021-04-14;1661;1020;70717;23815;19.0;6.4
11;2021-04-15;1843;1131;72560;24946;19.5;6.7
11;2021-04-16;1836;848;74396;25794;20.0;6.9
11;2021-04-17;1773;564;76169;26358;20.4;7.1
11;2021-04-18;114;155;76283;26513;20.5;7.1
11;2021-04-19;1384;737;77667;27250;20.8;7.3
11;2021-04-20;1729;1284;79396;28534;21.3;7.7
11;2021-04-21;1780;1324;81176;29858;21.8;8.0
11;2021-04-22;1749;1322;82925;31180;22.2;8.4
11;2021-04-23;2012;1233;84937;32413;22.8;8.7
11;2021-04-24;1735;468;86672;32881;23.3;8.8
11;2021-04-25;658;180;87330;33061;23.4;8.9
11;2021-04-26;1377;838;88707;33899;23.8;9.1
11;2021-04-27;1835;1549;90542;35448;24.3;9.5
11;2021-04-28;2009;1472;92551;36920;24.8;9.9
11;2021-04-29;2248;1634;94799;38554;25.4;10.3
11;2021-04-30;2158;1428;96957;39982;26.0;10.7
11;2021-05-01;1338;342;98295;40324;26.4;10.8
11;2021-05-02;588;336;98883;40660;26.5;10.9
11;2021-05-03;1487;739;100370;41399;26.9;11.1
11;2021-05-04;1879;1430;102249;42829;27.4;11.5
11;2021-05-05;1893;1438;104142;44267;27.9;11.9
11;2021-05-06;2192;1474;106334;45741;28.5;12.3
11;2021-05-07;2104;1556;108438;47297;29.1;12.7
11;2021-05-08;896;727;109334;48024;29.3;12.9
11;2021-05-09;628;543;109962;48567;29.5;13.0
11;2021-05-10;1328;1651;111290;50218;29.9;13.5
11;2021-05-11;2040;1868;113330;52086;30.4;14.0
11;2021-05-12;1849;1655;115179;53741;30.9;14.4
11;2021-05-13;1406;414;116585;54155;31.3;14.5
11;2021-05-14;1713;1183;118298;55338;31.7;14.8
11;2021-05-15;1157;900;119455;56238;32.1;15.1
11;2021-05-16;808;164;120263;56402;32.3;15.1
11;2021-05-17;1470;1048;121733;57450;32.7;15.4
11;2021-05-18;1898;1197;123631;58647;33.2;15.7
11;2021-05-19;1847;1121;125478;59768;33.7;16.0
11;2021-05-20;1969;1090;127447;60858;34.2;16.3
11;2021-05-21;2275;1090;129722;61948;34.8;16.6
11;2021-05-22;1484;727;131206;62675;35.2;16.8
11;2021-05-23;768;70;131974;62745;35.4;16.8
11;2021-05-24;1411;226;133385;62971;35.8;16.9
11;2021-05-25;1811;1354;135196;64325;36.3;17.3
11;2021-05-26;1933;1303;137129;65628;36.8;17.6
11;2021-05-27;1984;1719;139113;67347;37.3;18.1
11;2021-05-28;1760;1898;140873;69245;37.8;18.6
11;2021-05-29;1428;1599;142301;70844;38.2;19.0
11;2021-05-30;486;395;142787;71239;38.3;19.1
11;2021-05-31;1261;1619;144048;72858;38.6;19.5
11;2021-06-01;1856;1905;145904;74763;39.1;20.1
11;2021-06-02;1761;2075;147665;76838;39.6;20.6
11;2021-06-03;2599;2414;150264;79252;40.3;21.3
11;2021-06-04;2145;2674;152409;81926;40.9;22.0
11;2021-06-05;1589;1904;153998;83830;41.3;22.5
11;2021-06-06;877;860;154875;84690;41.6;22.7
11;2021-06-07;1527;1713;156402;86403;42.0;23.2
11;2021-06-08;2039;1997;158441;88400;42.5;23.7
11;2021-06-09;1789;2188;160230;90588;43.0;24.3
11;2021-06-10;1806;2427;162036;93015;43.5;25.0
11;2021-06-11;1864;2495;163900;95510;44.0;25.6
11;2021-06-12;1457;1622;165357;97132;44.4;26.1
11;2021-06-13;712;723;166069;97855;44.6;26.3
11;2021-06-14;1033;1969;167102;99824;44.8;26.8
11;2021-06-15;1395;2685;168497;102509;45.2;27.5
11;2021-06-16;1338;2529;169835;105038;45.6;28.2
11;2021-06-17;1473;2540;171308;107578;46.0;28.9
11;2021-06-18;1520;2490;172828;110068;46.4;29.5
11;2021-06-19;1237;1410;174065;111478;46.7;29.9
11;2021-06-20;299;599;174364;112077;46.8;30.1
11;2021-06-21;839;2121;175203;114198;47.0;30.6
11;2021-06-22;1016;2608;176219;116806;47.3;31.3
11;2021-06-23;1097;2088;177316;118894;47.6;31.9
11;2021-06-24;907;2246;178223;121140;47.8;32.5
11;2021-06-25;991;2545;179214;123685;48.1;33.2
11;2021-06-26;776;1656;179990;125341;48.3;33.6
11;2021-06-27;210;688;180200;126029;48.3;33.8
11;2021-06-28;697;2300;180897;128329;48.5;34.4
11;2021-06-29;963;2600;181860;130929;48.8;35.1
11;2021-06-30;906;2522;182766;133451;49.0;35.8
11;2021-07-01;1003;1888;183769;135339;49.3;36.3
11;2021-07-02;967;2543;184736;137882;49.6;37.0
11;2021-07-03;728;1805;185464;139687;49.8;37.5
11;2021-07-04;339;1108;185803;140795;49.9;37.8
11;2021-07-05;695;2133;186498;142928;50.0;38.3
11;2021-07-06;972;2518;187470;145446;50.3;39.0
11;2021-07-07;946;2511;188416;147957;50.6;39.7
11;2021-07-08;1191;1913;189607;149870;50.9;40.2
11;2021-07-09;823;1793;190430;151663;51.1;40.7
11;2021-07-10;369;1302;190799;152965;51.2;41.0
11;2021-07-11;313;564;191112;153529;51.3;41.2
11;2021-07-12;503;2670;191615;156199;51.4;41.9
11;2021-07-13;1304;3069;192919;159268;51.8;42.7
11;2021-07-14;211;235;193130;159503;51.8;42.8
11;2021-07-15;1446;2966;194576;162469;52.2;43.6
11;2021-07-16;1874;2735;196450;165204;52.7;44.3
11;2021-07-17;1076;2166;197526;167370;53.0;44.9
11;2021-07-18;652;944;198178;168314;53.2;45.2
11;2021-07-19;1348;2092;199526;170406;53.5;45.7
11;2021-07-20;1992;2407;201518;172813;54.1;46.4
11;2021-07-21;2014;2438;203532;175251;54.6;47.0
11;2021-07-22;2402;1884;205934;177135;55.3;47.5
11;2021-07-23;2226;2277;208160;179412;55.9;48.1
11;2021-07-24;1274;1622;209434;181034;56.2;48.6
11;2021-07-25;750;693;210184;181727;56.4;48.8
11;2021-07-26;1662;1421;211846;183148;56.8;49.1
11;2021-07-27;2322;1995;214168;185143;57.5;49.7
11;2021-07-28;2469;1985;216637;187128;58.1;50.2
11;2021-07-29;2754;1792;219391;188920;58.9;50.7
11;2021-07-30;2568;1797;221959;190717;59.6;51.2
11;2021-07-31;2001;1126;223960;191843;60.1;51.5
11;2021-08-01;1011;481;224971;192324;60.4;51.6
11;2021-08-02;1915;1151;226886;193475;60.9;51.9
11;2021-08-03;2423;1594;229309;195069;61.5;52.3
11;2021-08-04;2540;1259;231849;196328;62.2;52.7
11;2021-08-05;2365;1335;234214;197663;62.8;53.0
11;2021-08-06;2247;1655;236461;199318;63.4;53.5
11;2021-08-07;1656;1164;238117;200482;63.9;53.8
11;2021-08-08;595;203;238712;200685;64.0;53.8
11;2021-08-09;1028;1432;239740;202117;64.3;54.2
11;2021-08-10;1737;1990;241477;204107;64.8;54.8
11;2021-08-11;1708;1689;243185;205796;65.2;55.2
11;2021-08-12;1675;1849;244860;207645;65.7;55.7
11;2021-08-13;1344;1657;246204;209302;66.1;56.2
11;2021-08-14;978;1591;247182;210893;66.3;56.6
11;2021-08-15;137;124;247319;211017;66.4;56.6
11;2021-08-16;712;1909;248031;212926;66.5;57.1
11;2021-08-17;1044;2392;249075;215318;66.8;57.8
11;2021-08-18;1102;2028;250177;217346;67.1;58.3
11;2021-08-19;988;2286;251165;219632;67.4;58.9
11;2021-08-20;961;2288;252126;221920;67.6;59.5
11;2021-08-21;570;1836;252696;223756;67.8;60.0
11;2021-08-22;182;507;252878;224263;67.8;60.2
12;2020-12-27;0;0;0;0;0.0;0.0
12;2020-12-28;0;0;0;0;0.0;0.0
12;2020-12-29;0;0;0;0;0.0;0.0
12;2020-12-30;0;0;0;0;0.0;0.0
12;2020-12-31;0;0;0;0;0.0;0.0
12;2021-01-01;0;0;0;0;0.0;0.0
12;2021-01-02;0;0;0;0;0.0;0.0
12;2021-01-03;0;0;0;0;0.0;0.0
12;2021-01-04;1;0;1;0;0.0;0.0
12;2021-01-05;1;0;2;0;0.0;0.0
12;2021-01-06;12;0;14;0;0.0;0.0
12;2021-01-07;202;0;216;0;0.1;0.0
12;2021-01-08;65;0;281;0;0.1;0.0
12;2021-01-09;0;0;281;0;0.1;0.0
12;2021-01-10;1;0;282;0;0.1;0.0
12;2021-01-11;99;0;381;0;0.1;0.0
12;2021-01-12;360;1;741;1;0.3;0.0
12;2021-01-13;285;0;1026;1;0.4;0.0
12;2021-01-14;600;12;1626;13;0.6;0.0
12;2021-01-15;366;10;1992;23;0.7;0.0
12;2021-01-16;138;2;2130;25;0.8;0.0
12;2021-01-17;0;0;2130;25;0.8;0.0
12;2021-01-18;453;0;2583;25;0.9;0.0
12;2021-01-19;605;3;3188;28;1.1;0.0
12;2021-01-20;878;2;4066;30;1.5;0.0
12;2021-01-21;735;0;4801;30;1.7;0.0
12;2021-01-22;798;1;5599;31;2.0;0.0
12;2021-01-23;382;0;5981;31;2.1;0.0
12;2021-01-24;0;0;5981;31;2.1;0.0
12;2021-01-25;453;0;6434;31;2.3;0.0
12;2021-01-26;650;0;7084;31;2.5;0.0
12;2021-01-27;1883;24;8967;55;3.2;0.0
12;2021-01-28;1884;214;10851;269;3.9;0.1
12;2021-01-29;1332;46;12183;315;4.4;0.1
12;2021-01-30;359;2;12542;317;4.5;0.1
12;2021-01-31;0;0;12542;317;4.5;0.1
12;2021-02-01;333;89;12875;406;4.6;0.1
12;2021-02-02;457;244;13332;650;4.8;0.2
12;2021-02-03;457;166;13789;816;5.0;0.3
12;2021-02-04;458;525;14247;1341;5.1;0.5
12;2021-02-05;449;183;14696;1524;5.3;0.5
12;2021-02-06;219;68;14915;1592;5.4;0.6
12;2021-02-07;8;0;14923;1592;5.4;0.6
12;2021-02-08;105;316;15028;1908;5.4;0.7
12;2021-02-09;208;341;15236;2249;5.5;0.8
12;2021-02-10;464;473;15700;2722;5.6;1.0
12;2021-02-11;539;347;16239;3069;5.8;1.1
12;2021-02-12;570;345;16809;3414;6.0;1.2
12;2021-02-13;175;133;16984;3547;6.1;1.3
12;2021-02-14;1;0;16985;3547;6.1;1.3
12;2021-02-15;175;376;17160;3923;6.2;1.4
12;2021-02-16;171;511;17331;4434;6.2;1.6
12;2021-02-17;365;1435;17696;5869;6.4;2.1
12;2021-02-18;676;1661;18372;7530;6.6;2.7
12;2021-02-19;593;974;18965;8504;6.8;3.1
12;2021-02-20;103;395;19068;8899;6.9;3.2
12;2021-02-21;0;0;19068;8899;6.9;3.2
12;2021-02-22;150;403;19218;9302;6.9;3.3
12;2021-02-23;157;557;19375;9859;7.0;3.5
12;2021-02-24;157;688;19532;10547;7.0;3.8
12;2021-02-25;201;770;19733;11317;7.1;4.1
12;2021-02-26;320;651;20053;11968;7.2;4.3
12;2021-02-27;190;350;20243;12318;7.3;4.4
12;2021-02-28;13;0;20256;12318;7.3;4.4
12;2021-03-01;51;349;20307;12667;7.3;4.6
12;2021-03-02;190;507;20497;13174;7.4;4.7
12;2021-03-03;244;388;20741;13562;7.5;4.9
12;2021-03-04;278;362;21019;13924;7.6;5.0
12;2021-03-05;421;368;21440;14292;7.7;5.1
12;2021-03-06;793;131;22233;14423;8.0;5.2
12;2021-03-07;140;32;22373;14455;8.0;5.2
12;2021-03-08;234;206;22607;14661;8.1;5.3
12;2021-03-09;716;235;23323;14896;8.4;5.4
12;2021-03-10;782;739;24105;15635;8.7;5.6
12;2021-03-11;918;660;25023;16295;9.0;5.9
12;2021-03-12;1258;527;26281;16822;9.4;6.0
12;2021-03-13;896;138;27177;16960;9.8;6.1
12;2021-03-14;45;2;27222;16962;9.8;6.1
12;2021-03-15;559;156;27781;17118;10.0;6.1
12;2021-03-16;818;162;28599;17280;10.3;6.2
12;2021-03-17;1504;165;30103;17445;10.8;6.3
12;2021-03-18;996;251;31099;17696;11.2;6.4
12;2021-03-19;1383;279;32482;17975;11.7;6.5
12;2021-03-20;724;79;33206;18054;11.9;6.5
12;2021-03-21;264;10;33470;18064;12.0;6.5
12;2021-03-22;606;174;34076;18238;12.2;6.6
12;2021-03-23;1214;174;35290;18412;12.7;6.6
12;2021-03-24;1421;204;36711;18616;13.2;6.7
12;2021-03-25;1846;204;38557;18820;13.9;6.8
12;2021-03-26;1978;227;40535;19047;14.6;6.8
12;2021-03-27;981;67;41516;19114;14.9;6.9
12;2021-03-28;60;1;41576;19115;14.9;6.9
12;2021-03-29;962;84;42538;19199;15.3;6.9
12;2021-03-30;1736;122;44274;19321;15.9;6.9
12;2021-03-31;1461;107;45735;19428;16.4;7.0
12;2021-04-01;1958;161;47693;19589;17.1;7.0
12;2021-04-02;1615;344;49308;19933;17.7;7.2
12;2021-04-03;882;95;50190;20028;18.0;7.2
12;2021-04-04;1;0;50191;20028;18.0;7.2
12;2021-04-05;645;11;50836;20039;18.3;7.2
12;2021-04-06;1154;536;51990;20575;18.7;7.4
12;2021-04-07;1650;637;53640;21212;19.3;7.6
12;2021-04-08;2098;565;55738;21777;20.0;7.8
12;2021-04-09;2112;647;57850;22424;20.8;8.1
12;2021-04-10;1427;219;59277;22643;21.3;8.1
12;2021-04-11;120;1;59397;22644;21.3;8.1
12;2021-04-12;1837;503;61234;23147;22.0;8.3
12;2021-04-13;1907;779;63141;23926;22.7;8.6
12;2021-04-14;1831;1319;64972;25245;23.3;9.1
12;2021-04-15;1937;898;66909;26143;24.0;9.4
12;2021-04-16;1675;1205;68584;27348;24.6;9.8
12;2021-04-17;1554;567;70138;27915;25.2;10.0
12;2021-04-18;0;0;70138;27915;25.2;10.0
12;2021-04-19;1687;548;71825;28463;25.8;10.2
12;2021-04-20;1545;984;73370;29447;26.4;10.6
12;2021-04-21;1693;1181;75063;30628;27.0;11.0
12;2021-04-22;1690;1095;76753;31723;27.6;11.4
12;2021-04-23;1383;1333;78136;33056;28.1;11.9
12;2021-04-24;1451;720;79587;33776;28.6;12.1
12;2021-04-25;60;0;79647;33776;28.6;12.1
12;2021-04-26;1461;899;81108;34675;29.1;12.5
12;2021-04-27;1320;1280;82428;35955;29.6;12.9
12;2021-04-28;1113;1869;83541;37824;30.0;13.6
12;2021-04-29;1571;1912;85112;39736;30.6;14.3
12;2021-04-30;1812;1836;86924;41572;31.2;14.9
12;2021-05-01;1616;260;88540;41832;31.8;15.0
12;2021-05-02;8;0;88548;41832;31.8;15.0
12;2021-05-03;1713;1248;90261;43080;32.4;15.5
12;2021-05-04;1482;1392;91743;44472;33.0;16.0
12;2021-05-05;1292;1673;93035;46145;33.4;16.6
12;2021-05-06;1752;1376;94787;47521;34.1;17.1
12;2021-05-07;1482;1776;96269;49297;34.6;17.7
12;2021-05-08;1330;461;97599;49758;35.1;17.9
12;2021-05-09;13;34;97612;49792;35.1;17.9
12;2021-05-10;828;2216;98440;52008;35.4;18.7
12;2021-05-11;930;1853;99370;53861;35.7;19.3
12;2021-05-12;950;1821;100320;55682;36.0;20.0
12;2021-05-13;1587;809;101907;56491;36.6;20.3
12;2021-05-14;1236;1533;103143;58024;37.1;20.8
12;2021-05-15;1068;1114;104211;59138;37.4;21.2
12;2021-05-16;2;19;104213;59157;37.4;21.3
12;2021-05-17;1082;1810;105295;60967;37.8;21.9
12;2021-05-18;1426;1533;106721;62500;38.3;22.5
12;2021-05-19;1915;1330;108636;63830;39.0;22.9
12;2021-05-20;2118;875;110754;64705;39.8;23.2
12;2021-05-21;1821;1252;112575;65957;40.4;23.7
12;2021-05-22;1206;1014;113781;66971;40.9;24.1
12;2021-05-23;7;12;113788;66983;40.9;24.1
12;2021-05-24;1956;538;115744;67521;41.6;24.3
12;2021-05-25;1743;1160;117487;68681;42.2;24.7
12;2021-05-26;1998;777;119485;69458;42.9;25.0
12;2021-05-27;2164;744;121649;70202;43.7;25.2
12;2021-05-28;1928;1031;123577;71233;44.4;25.6
12;2021-05-29;1637;805;125214;72038;45.0;25.9
12;2021-05-30;9;43;125223;72081;45.0;25.9
12;2021-05-31;1699;816;126922;72897;45.6;26.2
12;2021-06-01;1889;1028;128811;73925;46.3;26.6
12;2021-06-02;1980;1053;130791;74978;47.0;26.9
12;2021-06-03;2121;830;132912;75808;47.7;27.2
12;2021-06-04;1967;1418;134879;77226;48.5;27.7
12;2021-06-05;1739;985;136618;78211;49.1;28.1
12;2021-06-06;5;6;136623;78217;49.1;28.1
12;2021-06-07;1090;1805;137713;80022;49.5;28.7
12;2021-06-08;1333;1201;139046;81223;50.0;29.2
12;2021-06-09;896;1291;139942;82514;50.3;29.6
12;2021-06-10;1021;918;140963;83432;50.6;30.0
12;2021-06-11;1204;2080;142167;85512;51.1;30.7
12;2021-06-12;1033;1321;143200;86833;51.4;31.2
12;2021-06-13;6;47;143206;86880;51.4;31.2
12;2021-06-14;662;1828;143868;88708;51.7;31.9
12;2021-06-15;745;1882;144613;90590;52.0;32.5
12;2021-06-16;821;1817;145434;92407;52.2;33.2
12;2021-06-17;678;995;146112;93402;52.5;33.6
12;2021-06-18;1134;1839;147246;95241;52.9;34.2
12;2021-06-19;914;1406;148160;96647;53.2;34.7
12;2021-06-20;4;10;148164;96657;53.2;34.7
12;2021-06-21;510;1738;148674;98395;53.4;35.3
12;2021-06-22;503;1474;149177;99869;53.6;35.9
12;2021-06-23;578;1306;149755;101175;53.8;36.3
12;2021-06-24;249;545;150004;101720;53.9;36.5
12;2021-06-25;874;1839;150878;103559;54.2;37.2
12;2021-06-26;673;1527;151551;105086;54.4;37.8
12;2021-06-27;1;9;151552;105095;54.4;37.8
12;2021-06-28;468;2452;152020;107547;54.6;38.6
12;2021-06-29;565;1957;152585;109504;54.8;39.3
12;2021-06-30;830;2133;153415;111637;55.1;40.1
12;2021-07-01;343;1086;153758;112723;55.2;40.5
12;2021-07-02;795;2626;154553;115349;55.5;41.4
12;2021-07-03;565;1873;155118;117222;55.7;42.1
12;2021-07-04;1;0;155119;117222;55.7;42.1
12;2021-07-05;440;2409;155559;119631;55.9;43.0
12;2021-07-06;640;2497;156199;122128;56.1;43.9
12;2021-07-07;687;2118;156886;124246;56.4;44.6
12;2021-07-08;293;912;157179;125158;56.5;45.0
12;2021-07-09;724;2589;157903;127747;56.7;45.9
12;2021-07-10;444;2076;158347;129823;56.9;46.6
12;2021-07-11;0;0;158347;129823;56.9;46.6
12;2021-07-12;582;2436;158929;132259;57.1;47.5
12;2021-07-13;840;2588;159769;134847;57.4;48.4
12;2021-07-14;44;25;159813;134872;57.4;48.5
12;2021-07-15;791;2108;160604;136980;57.7;49.2
12;2021-07-16;1247;2554;161851;139534;58.1;50.1
12;2021-07-17;790;2007;162641;141541;58.4;50.8
12;2021-07-18;24;11;162665;141552;58.4;50.9
12;2021-07-19;1319;2007;163984;143559;58.9;51.6
12;2021-07-20;1422;1471;165406;145030;59.4;52.1
12;2021-07-21;1017;938;166423;145968;59.8;52.4
12;2021-07-22;2228;1308;168651;147276;60.6;52.9
12;2021-07-23;1863;2067;170514;149343;61.3;53.7
12;2021-07-24;1602;1565;172116;150908;61.8;54.2
12;2021-07-25;97;28;172213;150936;61.9;54.2
12;2021-07-26;1924;1436;174137;152372;62.6;54.7
12;2021-07-27;2235;1005;176372;153377;63.4;55.1
12;2021-07-28;1707;674;178079;154051;64.0;55.3
12;2021-07-29;1175;803;179254;154854;64.4;55.6
12;2021-07-30;2499;1283;181753;156137;65.3;56.1
12;2021-07-31;1960;1003;183713;157140;66.0;56.5
12;2021-08-01;224;38;183937;157178;66.1;56.5
12;2021-08-02;1808;837;185745;158015;66.7;56.8
12;2021-08-03;1948;774;187693;158789;67.4;57.0
12;2021-08-04;1681;830;189374;159619;68.0;57.3
12;2021-08-05;1626;682;191000;160301;68.6;57.6
12;2021-08-06;1696;1310;192696;161611;69.2;58.1
12;2021-08-07;1436;740;194132;162351;69.7;58.3
12;2021-08-08;0;3;194132;162354;69.7;58.3
12;2021-08-09;1341;1417;195473;163771;70.2;58.8
12;2021-08-10;1338;1254;196811;165025;70.7;59.3
12;2021-08-11;814;1195;197625;166220;71.0;59.7
12;2021-08-12;730;1070;198355;167290;71.3;60.1
12;2021-08-13;1051;1337;199406;168627;71.6;60.6
12;2021-08-14;732;1354;200138;169981;71.9;61.1
12;2021-08-15;254;73;200392;170054;72.0;61.1
12;2021-08-16;665;1810;201057;171864;72.2;61.7
12;2021-08-17;902;1990;201959;173854;72.6;62.5
12;2021-08-18;450;1520;202409;175374;72.7;63.0
12;2021-08-19;632;1114;203041;176488;72.9;63.4
12;2021-08-20;791;1885;203832;178373;73.2;64.1
12;2021-08-21;471;1523;204303;179896;73.4;64.6
12;2021-08-22;92;27;204395;179923;73.4;64.6
13;2020-12-27;3;0;3;0;0.0;0.0
13;2020-12-28;3;0;6;0;0.0;0.0
13;2020-12-29;0;0;6;0;0.0;0.0
13;2020-12-30;0;0;6;0;0.0;0.0
13;2020-12-31;5;0;11;0;0.0;0.0
13;2021-01-01;3;0;14;0;0.0;0.0
13;2021-01-02;4;0;18;0;0.0;0.0
13;2021-01-03;8;0;26;0;0.0;0.0
13;2021-01-04;0;0;26;0;0.0;0.0
13;2021-01-05;78;1;104;1;0.0;0.0
13;2021-01-06;122;0;226;1;0.0;0.0
13;2021-01-07;174;1;400;2;0.0;0.0
13;2021-01-08;188;0;588;2;0.0;0.0
13;2021-01-09;12;0;600;2;0.0;0.0
13;2021-01-10;3;0;603;2;0.0;0.0
13;2021-01-11;480;1;1083;3;0.1;0.0
13;2021-01-12;814;1;1897;4;0.1;0.0
13;2021-01-13;1085;1;2982;5;0.1;0.0
13;2021-01-14;1568;17;4550;22;0.2;0.0
13;2021-01-15;1534;7;6084;29;0.3;0.0
13;2021-01-16;408;2;6492;31;0.3;0.0
13;2021-01-17;43;0;6535;31;0.3;0.0
13;2021-01-18;2383;9;8918;40;0.4;0.0
13;2021-01-19;7408;33;16326;73;0.8;0.0
13;2021-01-20;5559;16;21885;89;1.1;0.0
13;2021-01-21;5356;26;27241;115;1.3;0.0
13;2021-01-22;3997;20;31238;135;1.5;0.0
13;2021-01-23;1336;6;32574;141;1.6;0.0
13;2021-01-24;490;4;33064;145;1.6;0.0
13;2021-01-25;2338;28;35402;173;1.7;0.0
13;2021-01-26;2951;91;38353;264;1.9;0.0
13;2021-01-27;3118;123;41471;387;2.0;0.0
13;2021-01-28;3246;193;44717;580;2.2;0.0
13;2021-01-29;2509;130;47226;710;2.3;0.0
13;2021-01-30;1025;11;48251;721;2.4;0.0
13;2021-01-31;249;0;48500;721;2.4;0.0
13;2021-02-01;1859;296;50359;1017;2.5;0.0
13;2021-02-02;2254;617;52613;1634;2.6;0.1
13;2021-02-03;1863;580;54476;2214;2.7;0.1
13;2021-02-04;1902;930;56378;3144;2.8;0.2
13;2021-02-05;2626;1558;59004;4702;2.9;0.2
13;2021-02-06;851;310;59855;5012;2.9;0.2
13;2021-02-07;277;6;60132;5018;3.0;0.2
13;2021-02-08;1898;1544;62030;6562;3.0;0.3
13;2021-02-09;3311;4440;65341;11002;3.2;0.5
13;2021-02-10;3224;3426;68565;14428;3.4;0.7
13;2021-02-11;3577;3585;72142;18013;3.5;0.9
13;2021-02-12;2826;3154;74968;21167;3.7;1.0
13;2021-02-13;733;597;75701;21764;3.7;1.1
13;2021-02-14;72;378;75773;22142;3.7;1.1
13;2021-02-15;966;2031;76739;24173;3.8;1.2
13;2021-02-16;1391;2638;78130;26811;3.8;1.3
13;2021-02-17;1345;3003;79475;29814;3.9;1.5
13;2021-02-18;1901;2692;81376;32506;4.0;1.6
13;2021-02-19;1514;2183;82890;34689;4.1;1.7
13;2021-02-20;458;791;83348;35480;4.1;1.7
13;2021-02-21;33;286;83381;35766;4.1;1.8
13;2021-02-22;1020;2263;84401;38029;4.1;1.9
13;2021-02-23;1282;2678;85683;40707;4.2;2.0
13;2021-02-24;1506;2631;87189;43338;4.3;2.1
13;2021-02-25;2382;2152;89571;45490;4.4;2.2
13;2021-02-26;2457;2120;92028;47610;4.5;2.3
13;2021-02-27;982;750;93010;48360;4.6;2.4
13;2021-02-28;193;205;93203;48565;4.6;2.4
13;2021-03-01;1919;1529;95122;50094;4.7;2.5
13;2021-03-02;3006;2627;98128;52721;4.8;2.6
13;2021-03-03;3487;2580;101615;55301;5.0;2.7
13;2021-03-04;4195;3138;105810;58439;5.2;2.9
13;2021-03-05;4044;2793;109854;61232;5.4;3.0
13;2021-03-06;5299;834;115153;62066;5.7;3.1
13;2021-03-07;4293;373;119446;62439;5.9;3.1
13;2021-03-08;3923;1999;123369;64438;6.1;3.2
13;2021-03-09;5071;2277;128440;66715;6.3;3.3
13;2021-03-10;5180;1989;133620;68704;6.6;3.4
13;2021-03-11;7302;2136;140922;70840;6.9;3.5
13;2021-03-12;8327;2108;149249;72948;7.3;3.6
13;2021-03-13;6375;728;155624;73676;7.6;3.6
13;2021-03-14;2312;166;157936;73842;7.8;3.6
13;2021-03-15;6356;1307;164292;75149;8.1;3.7
13;2021-03-16;5076;1535;169368;76684;8.3;3.8
13;2021-03-17;5174;1412;174542;78096;8.6;3.8
13;2021-03-18;5817;1879;180359;79975;8.9;3.9
13;2021-03-19;6806;1610;187165;81585;9.2;4.0
13;2021-03-20;4037;699;191202;82284;9.4;4.0
13;2021-03-21;724;84;191926;82368;9.4;4.0
13;2021-03-22;7299;1556;199225;83924;9.8;4.1
13;2021-03-23;9125;1748;208350;85672;10.2;4.2
13;2021-03-24;8856;2184;217206;87856;10.7;4.3
13;2021-03-25;10914;2109;228120;89965;11.2;4.4
13;2021-03-26;10709;1913;238829;91878;11.7;4.5
13;2021-03-27;4866;826;243695;92704;12.0;4.6
13;2021-03-28;1119;81;244814;92785;12.0;4.6
13;2021-03-29;7575;1997;252389;94782;12.4;4.7
13;2021-03-30;12611;2518;265000;97300;13.0;4.8
13;2021-03-31;10816;3160;275816;100460;13.6;4.9
13;2021-04-01;12265;3054;288081;103514;14.2;5.1
13;2021-04-02;9789;3891;297870;107405;14.6;5.3
13;2021-04-03;4008;2807;301878;110212;14.8;5.4
13;2021-04-04;630;305;302508;110517;14.9;5.4
13;2021-04-05;3530;728;306038;111245;15.0;5.5
13;2021-04-06;8517;4252;314555;115497;15.5;5.7
13;2021-04-07;10079;4686;324634;120183;16.0;5.9
13;2021-04-08;10111;5460;334745;125643;16.5;6.2
13;2021-04-09;11266;5110;346011;130753;17.0;6.4
13;2021-04-10;7301;2093;353312;132846;17.4;6.5
13;2021-04-11;1379;533;354691;133379;17.4;6.6
13;2021-04-12;7984;4790;362675;138169;17.8;6.8
13;2021-04-13;9140;5496;371815;143665;18.3;7.1
13;2021-04-14;9534;5816;381349;149481;18.7;7.3
13;2021-04-15;9875;5962;391224;155443;19.2;7.6
13;2021-04-16;9969;5565;401193;161008;19.7;7.9
13;2021-04-17;4081;2021;405274;163029;19.9;8.0
13;2021-04-18;2523;1423;407797;164452;20.0;8.1
13;2021-04-19;6453;6408;414250;170860;20.4;8.4
13;2021-04-20;7404;7596;421654;178456;20.7;8.8
13;2021-04-21;7777;7377;429431;185833;21.1;9.1
13;2021-04-22;8466;7930;437897;193763;21.5;9.5
13;2021-04-23;8379;6798;446276;200561;21.9;9.9
13;2021-04-24;4622;3819;450898;204380;22.2;10.0
13;2021-04-25;874;524;451772;204904;22.2;10.1
13;2021-04-26;6170;7117;457942;212021;22.5;10.4
13;2021-04-27;7262;8033;465204;220054;22.9;10.8
13;2021-04-28;9451;7713;474655;227767;23.3;11.2
13;2021-04-29;11405;7605;486060;235372;23.9;11.6
13;2021-04-30;10925;7379;496985;242751;24.4;11.9
13;2021-05-01;5368;3794;502353;246545;24.7;12.1
13;2021-05-02;2098;747;504451;247292;24.8;12.2
13;2021-05-03;7300;7859;511751;255151;25.2;12.5
13;2021-05-04;8453;8518;520204;263669;25.6;13.0
13;2021-05-05;8227;8971;528431;272640;26.0;13.4
13;2021-05-06;10142;8589;538573;281229;26.5;13.8
13;2021-05-07;8852;10039;547425;291268;26.9;14.3
13;2021-05-08;4572;3928;551997;295196;27.1;14.5
13;2021-05-09;936;684;552933;295880;27.2;14.5
13;2021-05-10;7715;8766;560648;304646;27.6;15.0
13;2021-05-11;10976;9578;571624;314224;28.1;15.4
13;2021-05-12;12840;8722;584464;322946;28.7;15.9
13;2021-05-13;9511;3636;593975;326582;29.2;16.1
13;2021-05-14;13659;6448;607634;333030;29.9;16.4
13;2021-05-15;10201;4530;617835;337560;30.4;16.6
13;2021-05-16;3125;790;620960;338350;30.5;16.6
13;2021-05-17;10845;6813;631805;345163;31.1;17.0
13;2021-05-18;11918;6472;643723;351635;31.6;17.3
13;2021-05-19;12157;6349;655880;357984;32.2;17.6
13;2021-05-20;13450;6461;669330;364445;32.9;17.9
13;2021-05-21;12997;6777;682327;371222;33.5;18.2
13;2021-05-22;7513;3632;689840;374854;33.9;18.4
13;2021-05-23;863;640;690703;375494;34.0;18.5
13;2021-05-24;6766;2475;697469;377969;34.3;18.6
13;2021-05-25;9273;7603;706742;385572;34.7;19.0
13;2021-05-26;10139;7840;716881;393412;35.2;19.3
13;2021-05-27;10349;8425;727230;401837;35.7;19.8
13;2021-05-28;8998;9174;736228;411011;36.2;20.2
13;2021-05-29;7177;4627;743405;415638;36.5;20.4
13;2021-05-30;891;527;744296;416165;36.6;20.5
13;2021-05-31;8192;8035;752488;424200;37.0;20.9
13;2021-06-01;9590;9306;762078;433506;37.5;21.3
13;2021-06-02;10087;8798;772165;442304;38.0;21.7
13;2021-06-03;12293;9493;784458;451797;38.6;22.2
13;2021-06-04;12034;10043;796492;461840;39.1;22.7
13;2021-06-05;7828;5578;804320;467418;39.5;23.0
13;2021-06-06;1671;883;805991;468301;39.6;23.0
13;2021-06-07;6685;9885;812676;478186;39.9;23.5
13;2021-06-08;8312;9992;820988;488178;40.4;24.0
13;2021-06-09;8398;9742;829386;497920;40.8;24.5
13;2021-06-10;8940;9772;838326;507692;41.2;25.0
13;2021-06-11;8235;12709;846561;520401;41.6;25.6
13;2021-06-12;5789;6707;852350;527108;41.9;25.9
13;2021-06-13;952;1215;853302;528323;41.9;26.0
13;2021-06-14;6005;11142;859307;539465;42.2;26.5
13;2021-06-15;7291;11403;866598;550868;42.6;27.1
13;2021-06-16;7343;9880;873941;560748;43.0;27.6
13;2021-06-17;7440;10709;881381;571457;43.3;28.1
13;2021-06-18;7537;11079;888918;582536;43.7;28.6
13;2021-06-19;4616;7497;893534;590033;43.9;29.0
13;2021-06-20;955;1045;894489;591078;44.0;29.1
13;2021-06-21;4469;12267;898958;603345;44.2;29.7
13;2021-06-22;4940;13875;903898;617220;44.4;30.3
13;2021-06-23;5146;13568;909044;630788;44.7;31.0
13;2021-06-24;5336;12851;914380;643639;44.9;31.6
13;2021-06-25;5259;14680;919639;658319;45.2;32.4
13;2021-06-26;3021;9681;922660;668000;45.4;32.8
13;2021-06-27;535;931;923195;668931;45.4;32.9
13;2021-06-28;3732;12555;926927;681486;45.6;33.5
13;2021-06-29;4493;12905;931420;694391;45.8;34.1
13;2021-06-30;4899;12691;936319;707082;46.0;34.8
13;2021-07-01;5539;11486;941858;718568;46.3;35.3
13;2021-07-02;5575;12402;947433;730970;46.6;35.9
13;2021-07-03;3502;9162;950935;740132;46.7;36.4
13;2021-07-04;475;867;951410;740999;46.8;36.4
13;2021-07-05;3867;11779;955277;752778;47.0;37.0
13;2021-07-06;5462;11680;960739;764458;47.2;37.6
13;2021-07-07;5820;10699;966559;775157;47.5;38.1
13;2021-07-08;6225;10318;972784;785475;47.8;38.6
13;2021-07-09;5934;11917;978718;797392;48.1;39.2
13;2021-07-10;3167;8637;981885;806029;48.3;39.6
13;2021-07-11;436;1011;982321;807040;48.3;39.7
13;2021-07-12;4487;10963;986808;818003;48.5;40.2
13;2021-07-13;8965;13161;995773;831164;48.9;40.9
13;2021-07-14;5608;4850;1001381;836014;49.2;41.1
13;2021-07-15;11420;12935;1012801;848949;49.8;41.7
13;2021-07-16;12190;12903;1024991;861852;50.4;42.4
13;2021-07-17;6581;8480;1031572;870332;50.7;42.8
13;2021-07-18;726;1060;1032298;871392;50.7;42.8
13;2021-07-19;9798;11137;1042096;882529;51.2;43.4
13;2021-07-20;12249;11638;1054345;894167;51.8;44.0
13;2021-07-21;12655;10314;1067000;904481;52.4;44.5
13;2021-07-22;14524;10407;1081524;914888;53.2;45.0
13;2021-07-23;14437;10921;1095961;925809;53.9;45.5
13;2021-07-24;8326;7970;1104287;933779;54.3;45.9
13;2021-07-25;1011;787;1105298;934566;54.3;45.9
13;2021-07-26;11622;9078;1116920;943644;54.9;46.4
13;2021-07-27;13540;9349;1130460;952993;55.6;46.8
13;2021-07-28;12288;8159;1142748;961152;56.2;47.2
13;2021-07-29;13780;8109;1156528;969261;56.8;47.6
13;2021-07-30;13652;8611;1170180;977872;57.5;48.1
13;2021-07-31;8673;5826;1178853;983698;57.9;48.4
13;2021-08-01;1102;720;1179955;984418;58.0;48.4
13;2021-08-02;9951;6663;1189906;991081;58.5;48.7
13;2021-08-03;10987;7249;1200893;998330;59.0;49.1
13;2021-08-04;9352;6523;1210245;1004853;59.5;49.4
13;2021-08-05;9362;7499;1219607;1012352;59.9;49.8
13;2021-08-06;9073;8978;1228680;1021330;60.4;50.2
13;2021-08-07;5389;5534;1234069;1026864;60.7;50.5
13;2021-08-08;892;793;1234961;1027657;60.7;50.5
13;2021-08-09;8242;9022;1243203;1036679;61.1;51.0
13;2021-08-10;8943;8852;1252146;1045531;61.5;51.4
13;2021-08-11;7723;8484;1259869;1054015;61.9;51.8
13;2021-08-12;7576;9604;1267445;1063619;62.3;52.3
13;2021-08-13;6806;9125;1274251;1072744;62.6;52.7
13;2021-08-14;3670;6427;1277921;1079171;62.8;53.0
13;2021-08-15;472;730;1278393;1079901;62.8;53.1
13;2021-08-16;6383;11007;1284776;1090908;63.2;53.6
13;2021-08-17;6600;10557;1291376;1101465;63.5;54.1
13;2021-08-18;6264;10124;1297640;1111589;63.8;54.6
13;2021-08-19;6612;10526;1304252;1122115;64.1;55.2
13;2021-08-20;5711;11161;1309963;1133276;64.4;55.7
13;2021-08-21;2562;7513;1312525;1140789;64.5;56.1
13;2021-08-22;344;1076;1312869;1141865;64.5;56.1
14;2020-12-27;0;0;0;0;0.0;0.0
14;2020-12-28;1;1;1;1;0.0;0.0
14;2020-12-29;0;0;1;1;0.0;0.0
14;2020-12-30;0;0;1;1;0.0;0.0
14;2020-12-31;3;0;4;1;0.0;0.0
14;2021-01-01;1;0;5;1;0.0;0.0
14;2021-01-02;1;0;6;1;0.0;0.0
14;2021-01-03;0;0;6;1;0.0;0.0
14;2021-01-04;10;0;16;1;0.0;0.0
14;2021-01-05;24;0;40;1;0.0;0.0
14;2021-01-06;349;0;389;1;0.1;0.0
14;2021-01-07;400;2;789;3;0.1;0.0
14;2021-01-08;626;2;1415;5;0.2;0.0
14;2021-01-09;127;0;1542;5;0.2;0.0
14;2021-01-10;41;0;1583;5;0.2;0.0
14;2021-01-11;667;1;2250;6;0.3;0.0
14;2021-01-12;947;2;3197;8;0.5;0.0
14;2021-01-13;850;1;4047;9;0.6;0.0
14;2021-01-14;2826;17;6873;26;1.0;0.0
14;2021-01-15;1893;20;8766;46;1.3;0.0
14;2021-01-16;271;2;9037;48;1.3;0.0
14;2021-01-17;145;7;9182;55;1.3;0.0
14;2021-01-18;1085;4;10267;59;1.5;0.0
14;2021-01-19;1151;2;11418;61;1.7;0.0
14;2021-01-20;1987;4;13405;65;1.9;0.0
14;2021-01-21;1813;6;15218;71;2.2;0.0
14;2021-01-22;1492;5;16710;76;2.4;0.0
14;2021-01-23;297;1;17007;77;2.5;0.0
14;2021-01-24;72;0;17079;77;2.5;0.0
14;2021-01-25;911;10;17990;87;2.6;0.0
14;2021-01-26;848;37;18838;124;2.7;0.0
14;2021-01-27;882;158;19720;282;2.9;0.0
14;2021-01-28;782;143;20502;425;3.0;0.1
14;2021-01-29;782;227;21284;652;3.1;0.1
14;2021-01-30;269;12;21553;664;3.1;0.1
14;2021-01-31;58;3;21611;667;3.1;0.1
14;2021-02-01;727;229;22338;896;3.2;0.1
14;2021-02-02;826;423;23164;1319;3.4;0.2
14;2021-02-03;751;388;23915;1707;3.5;0.2
14;2021-02-04;1170;2061;25085;3768;3.6;0.5
14;2021-02-05;1294;1315;26379;5083;3.8;0.7
14;2021-02-06;394;240;26773;5323;3.9;0.8
14;2021-02-07;179;72;26952;5395;3.9;0.8
14;2021-02-08;774;825;27726;6220;4.0;0.9
14;2021-02-09;721;1009;28447;7229;4.1;1.0
14;2021-02-10;824;1609;29271;8838;4.2;1.3
14;2021-02-11;1352;1430;30623;10268;4.4;1.5
14;2021-02-12;1380;1082;32003;11350;4.6;1.6
14;2021-02-13;308;187;32311;11537;4.7;1.7
14;2021-02-14;84;65;32395;11602;4.7;1.7
14;2021-02-15;442;1083;32837;12685;4.7;1.8
14;2021-02-16;679;978;33516;13663;4.8;2.0
14;2021-02-17;405;981;33921;14644;4.9;2.1
14;2021-02-18;706;884;34627;15528;5.0;2.2
14;2021-02-19;733;782;35360;16310;5.1;2.4
14;2021-02-20;88;271;35448;16581;5.1;2.4
14;2021-02-21;6;90;35454;16671;5.1;2.4
14;2021-02-22;431;1045;35885;17716;5.2;2.6
14;2021-02-23;486;921;36371;18637;5.3;2.7
14;2021-02-24;439;893;36810;19530;5.3;2.8
14;2021-02-25;1223;1177;38033;20707;5.5;3.0
14;2021-02-26;1576;1167;39609;21874;5.7;3.2
14;2021-02-27;507;268;40116;22142;5.8;3.2
14;2021-02-28;27;41;40143;22183;5.8;3.2
14;2021-03-01;521;927;40664;23110;5.9;3.3
14;2021-03-02;967;809;41631;23919;6.0;3.5
14;2021-03-03;1079;837;42710;24756;6.2;3.6
14;2021-03-04;1947;791;44657;25547;6.5;3.7
14;2021-03-05;2429;873;47086;26420;6.8;3.8
14;2021-03-06;3075;205;50161;26625;7.3;3.9
14;2021-03-07;1196;63;51357;26688;7.4;3.9
14;2021-03-08;1249;813;52606;27501;7.6;4.0
14;2021-03-09;1741;698;54347;28199;7.9;4.1
14;2021-03-10;1835;591;56182;28790;8.1;4.2
14;2021-03-11;2757;475;58939;29265;8.5;4.2
14;2021-03-12;4045;571;62984;29836;9.1;4.3
14;2021-03-13;1853;176;64837;30012;9.4;4.3
14;2021-03-14;31;39;64868;30051;9.4;4.3
14;2021-03-15;2005;141;66873;30192;9.7;4.4
14;2021-03-16;1402;277;68275;30469;9.9;4.4
14;2021-03-17;1155;196;69430;30665;10.0;4.4
14;2021-03-18;1479;306;70909;30971;10.3;4.5
14;2021-03-19;2608;268;73517;31239;10.6;4.5
14;2021-03-20;2657;40;76174;31279;11.0;4.5
14;2021-03-21;454;8;76628;31287;11.1;4.5
14;2021-03-22;1873;361;78501;31648;11.4;4.6
14;2021-03-23;2176;323;80677;31971;11.7;4.6
14;2021-03-24;2432;194;83109;32165;12.0;4.7
14;2021-03-25;3291;321;86400;32486;12.5;4.7
14;2021-03-26;4607;474;91007;32960;13.2;4.8
14;2021-03-27;2231;230;93238;33190;13.5;4.8
14;2021-03-28;36;1;93274;33191;13.5;4.8
14;2021-03-29;1613;482;94887;33673;13.7;4.9
14;2021-03-30;2722;516;97609;34189;14.1;4.9
14;2021-03-31;2324;922;99933;35111;14.5;5.1
14;2021-04-01;4174;1680;104107;36791;15.1;5.3
14;2021-04-02;3867;1271;107974;38062;15.6;5.5
14;2021-04-03;1128;1203;109102;39265;15.8;5.7
14;2021-04-04;25;482;109127;39747;15.8;5.7
14;2021-04-05;1219;324;110346;40071;16.0;5.8
14;2021-04-06;2383;996;112729;41067;16.3;5.9
14;2021-04-07;2729;1034;115458;42101;16.7;6.1
14;2021-04-08;4300;1120;119758;43221;17.3;6.3
14;2021-04-09;6030;1183;125788;44404;18.2;6.4
14;2021-04-10;2895;435;128683;44839;18.6;6.5
14;2021-04-11;628;121;129311;44960;18.7;6.5
14;2021-04-12;2915;1585;132226;46545;19.1;6.7
14;2021-04-13;3471;1448;135697;47993;19.6;6.9
14;2021-04-14;3121;1169;138818;49162;20.1;7.1
14;2021-04-15;4399;1513;143217;50675;20.7;7.3
14;2021-04-16;4600;1563;147817;52238;21.4;7.6
14;2021-04-17;2313;1666;150130;53904;21.7;7.8
14;2021-04-18;539;327;150669;54231;21.8;7.8
14;2021-04-19;2758;1708;153427;55939;22.2;8.1
14;2021-04-20;3390;1834;156817;57773;22.7;8.4
14;2021-04-21;3012;1473;159829;59246;23.1;8.6
14;2021-04-22;4227;2087;164056;61333;23.7;8.9
14;2021-04-23;4647;2297;168703;63630;24.4;9.2
14;2021-04-24;1852;1756;170555;65386;24.7;9.5
14;2021-04-25;456;28;171011;65414;24.7;9.5
14;2021-04-26;3378;1570;174389;66984;25.2;9.7
14;2021-04-27;3504;2575;177893;69559;25.7;10.1
14;2021-04-28;3244;1896;181137;71455;26.2;10.3
14;2021-04-29;4545;2309;185682;73764;26.9;10.7
14;2021-04-30;5123;2644;190805;76408;27.6;11.1
14;2021-05-01;3554;196;194359;76604;28.1;11.1
14;2021-05-02;1237;55;195596;76659;28.3;11.1
14;2021-05-03;2484;2771;198080;79430;28.6;11.5
14;2021-05-04;3127;2915;201207;82345;29.1;11.9
14;2021-05-05;3687;2756;204894;85101;29.6;12.3
14;2021-05-06;4931;3489;209825;88590;30.3;12.8
14;2021-05-07;4866;3853;214691;92443;31.0;13.4
14;2021-05-08;2728;1264;217419;93707;31.4;13.6
14;2021-05-09;1915;668;219334;94375;31.7;13.6
14;2021-05-10;3635;3151;222969;97526;32.2;14.1
14;2021-05-11;4348;3608;227317;101134;32.9;14.6
14;2021-05-12;4050;3219;231367;104353;33.5;15.1
14;2021-05-13;4691;1132;236058;105485;34.1;15.3
14;2021-05-14;6675;2631;242733;108116;35.1;15.6
14;2021-05-15;5144;778;247877;108894;35.8;15.7
14;2021-05-16;2319;121;250196;109015;36.2;15.8
14;2021-05-17;2821;2263;253017;111278;36.6;16.1
14;2021-05-18;4090;2243;257107;113521;37.2;16.4
14;2021-05-19;3753;2019;260860;115540;37.7;16.7
14;2021-05-20;4480;2768;265340;118308;38.4;17.1
14;2021-05-21;4274;3529;269614;121837;39.0;17.6
14;2021-05-22;1670;866;271284;122703;39.2;17.7
14;2021-05-23;649;71;271933;122774;39.3;17.8
14;2021-05-24;2845;750;274778;123524;39.7;17.9
14;2021-05-25;3634;3387;278412;126911;40.3;18.4
14;2021-05-26;3435;2407;281847;129318;40.8;18.7
14;2021-05-27;4770;3241;286617;132559;41.5;19.2
14;2021-05-28;5093;3892;291710;136451;42.2;19.7
14;2021-05-29;2341;2457;294051;138908;42.5;20.1
14;2021-05-30;761;239;294812;139147;42.6;20.1
14;2021-05-31;4093;2967;298905;142114;43.2;20.6
14;2021-06-01;5741;3218;304646;145332;44.1;21.0
14;2021-06-02;5029;2858;309675;148190;44.8;21.4
14;2021-06-03;6661;4018;316336;152208;45.7;22.0
14;2021-06-04;6444;5136;322780;157344;46.7;22.8
14;2021-06-05;4357;1865;327137;159209;47.3;23.0
14;2021-06-06;2041;83;329178;159292;47.6;23.0
14;2021-06-07;4250;3451;333428;162743;48.2;23.5
14;2021-06-08;5238;3131;338666;165874;49.0;24.0
14;2021-06-09;4274;2969;342940;168843;49.6;24.4
14;2021-06-10;5081;2973;348021;171816;50.3;24.8
14;2021-06-11;4843;4889;352864;176705;51.0;25.6
14;2021-06-12;3680;4513;356544;181218;51.6;26.2
14;2021-06-13;849;1090;357393;182308;51.7;26.4
14;2021-06-14;2186;3793;359579;186101;52.0;26.9
14;2021-06-15;3315;3973;362894;190074;52.5;27.5
14;2021-06-16;3448;4557;366342;194631;53.0;28.1
14;2021-06-17;4235;5270;370577;199901;53.6;28.9
14;2021-06-18;3734;6121;374311;206022;54.1;29.8
14;2021-06-19;2591;2953;376902;208975;54.5;30.2
14;2021-06-20;579;1556;377481;210531;54.6;30.4
14;2021-06-21;2123;4360;379604;214891;54.9;31.1
14;2021-06-22;2584;5180;382188;220071;55.3;31.8
14;2021-06-23;2501;4348;384689;224419;55.6;32.5
14;2021-06-24;3451;5808;388140;230227;56.1;33.3
14;2021-06-25;2749;7275;390889;237502;56.5;34.3
14;2021-06-26;2176;4540;393065;242042;56.8;35.0
14;2021-06-27;440;1829;393505;243871;56.9;35.3
14;2021-06-28;1312;3972;394817;247843;57.1;35.8
14;2021-06-29;1788;5367;396605;253210;57.4;36.6
14;2021-06-30;2022;4619;398627;257829;57.7;37.3
14;2021-07-01;2932;5068;401559;262897;58.1;38.0
14;2021-07-02;2599;6668;404158;269565;58.5;39.0
14;2021-07-03;1429;2646;405587;272211;58.7;39.4
14;2021-07-04;421;713;406008;272924;58.7;39.5
14;2021-07-05;1191;4778;407199;277702;58.9;40.2
14;2021-07-06;2093;6003;409292;283705;59.2;41.0
14;2021-07-07;2258;4576;411550;288281;59.5;41.7
14;2021-07-08;2909;5525;414459;293806;59.9;42.5
14;2021-07-09;2768;6434;417227;300240;60.3;43.4
14;2021-07-10;2040;3201;419267;303441;60.6;43.9
14;2021-07-11;900;872;420167;304313;60.8;44.0
14;2021-07-12;1635;5900;421802;310213;61.0;44.9
14;2021-07-13;3078;7339;424880;317552;61.4;45.9
14;2021-07-14;2258;3060;427138;320612;61.8;46.4
14;2021-07-15;4165;7659;431303;328271;62.4;47.5
14;2021-07-16;4704;7694;436007;335965;63.1;48.6
14;2021-07-17;2115;4208;438122;340173;63.4;49.2
14;2021-07-18;821;1868;438943;342041;63.5;49.5
14;2021-07-19;2590;6124;441533;348165;63.9;50.4
14;2021-07-20;3242;7255;444775;355420;64.3;51.4
14;2021-07-21;4100;5845;448875;361265;64.9;52.2
14;2021-07-22;4835;6603;453710;367868;65.6;53.2
14;2021-07-23;5376;6771;459086;374639;66.4;54.2
14;2021-07-24;3080;3795;462166;378434;66.8;54.7
14;2021-07-25;1504;1246;463670;379680;67.1;54.9
14;2021-07-26;4673;4190;468343;383870;67.7;55.5
14;2021-07-27;5382;4365;473725;388235;68.5;56.1
14;2021-07-28;5101;3973;478826;392208;69.2;56.7
14;2021-07-29;6417;4879;485243;397087;70.2;57.4
14;2021-07-30;5811;5166;491054;402253;71.0;58.2
14;2021-07-31;2764;2506;493818;404759;71.4;58.5
14;2021-08-01;1887;934;495705;405693;71.7;58.7
14;2021-08-02;3884;4293;499589;409986;72.3;59.3
14;2021-08-03;4451;4165;504040;414151;72.9;59.9
14;2021-08-04;4521;3541;508561;417692;73.5;60.4
14;2021-08-05;4629;4031;513190;421723;74.2;61.0
14;2021-08-06;4413;4807;517603;426530;74.9;61.7
14;2021-08-07;2126;2298;519729;428828;75.2;62.0
14;2021-08-08;635;853;520364;429681;75.3;62.1
14;2021-08-09;2124;2879;522488;432560;75.6;62.6
14;2021-08-10;3648;4172;526136;436732;76.1;63.2
14;2021-08-11;3055;3458;529191;440190;76.5;63.7
14;2021-08-12;3465;4342;532656;444532;77.0;64.3
14;2021-08-13;2622;4129;535278;448661;77.4;64.9
14;2021-08-14;1408;2002;536686;450663;77.6;65.2
14;2021-08-15;390;1482;537076;452145;77.7;65.4
14;2021-08-16;1822;2774;538898;454919;77.9;65.8
14;2021-08-17;2257;4563;541155;459482;78.3;66.5
14;2021-08-18;2056;4522;543211;464004;78.6;67.1
14;2021-08-19;2320;5077;545531;469081;78.9;67.8
14;2021-08-20;2175;5398;547706;474479;79.2;68.6
14;2021-08-21;1009;2828;548715;477307;79.4;69.0
14;2021-08-22;169;1564;548884;478871;79.4;69.3
15;2020-12-27;2;0;2;0;0.0;0.0
15;2020-12-28;0;0;2;0;0.0;0.0
15;2020-12-29;0;0;2;0;0.0;0.0
15;2020-12-30;0;0;2;0;0.0;0.0
15;2020-12-31;0;0;2;0;0.0;0.0
15;2021-01-01;1;0;3;0;0.0;0.0
15;2021-01-02;0;0;3;0;0.0;0.0
15;2021-01-03;0;0;3;0;0.0;0.0
15;2021-01-04;0;0;3;0;0.0;0.0
15;2021-01-05;0;0;3;0;0.0;0.0
15;2021-01-06;0;0;3;0;0.0;0.0
15;2021-01-07;72;0;75;0;0.1;0.0
15;2021-01-08;110;0;185;0;0.1;0.0
15;2021-01-09;0;0;185;0;0.1;0.0
15;2021-01-10;2;0;187;0;0.1;0.0
15;2021-01-11;99;0;286;0;0.2;0.0
15;2021-01-12;94;0;380;0;0.3;0.0
15;2021-01-13;230;0;610;0;0.4;0.0
15;2021-01-14;309;1;919;1;0.6;0.0
15;2021-01-15;138;0;1057;1;0.7;0.0
15;2021-01-16;90;0;1147;1;0.8;0.0
15;2021-01-17;0;0;1147;1;0.8;0.0
15;2021-01-18;404;2;1551;3;1.1;0.0
15;2021-01-19;550;0;2101;3;1.5;0.0
15;2021-01-20;627;1;2728;4;1.9;0.0
15;2021-01-21;577;4;3305;8;2.3;0.0
15;2021-01-22;503;2;3808;10;2.7;0.0
15;2021-01-23;432;1;4240;11;3.0;0.0
15;2021-01-24;6;0;4246;11;3.0;0.0
15;2021-01-25;400;0;4646;11;3.3;0.0
15;2021-01-26;437;0;5083;11;3.6;0.0
15;2021-01-27;735;7;5818;18;4.1;0.0
15;2021-01-28;624;53;6442;71;4.5;0.0
15;2021-01-29;334;82;6776;153;4.7;0.1
15;2021-01-30;218;3;6994;156;4.9;0.1
15;2021-01-31;1;1;6995;157;4.9;0.1
15;2021-02-01;238;89;7233;246;5.1;0.2
15;2021-02-02;188;91;7421;337;5.2;0.2
15;2021-02-03;266;159;7687;496;5.4;0.3
15;2021-02-04;663;205;8350;701;5.8;0.5
15;2021-02-05;297;256;8647;957;6.1;0.7
15;2021-02-06;98;76;8745;1033;6.1;0.7
15;2021-02-07;0;0;8745;1033;6.1;0.7
15;2021-02-08;233;107;8978;1140;6.3;0.8
15;2021-02-09;205;119;9183;1259;6.4;0.9
15;2021-02-10;338;300;9521;1559;6.7;1.1
15;2021-02-11;117;239;9638;1798;6.7;1.3
15;2021-02-12;136;160;9774;1958;6.8;1.4
15;2021-02-13;92;78;9866;2036;6.9;1.4
15;2021-02-14;0;0;9866;2036;6.9;1.4
15;2021-02-15;63;215;9929;2251;7.0;1.6
15;2021-02-16;52;295;9981;2546;7.0;1.8
15;2021-02-17;134;474;10115;3020;7.1;2.1
15;2021-02-18;87;749;10202;3769;7.1;2.6
15;2021-02-19;90;429;10292;4198;7.2;2.9
15;2021-02-20;20;259;10312;4457;7.2;3.1
15;2021-02-21;0;0;10312;4457;7.2;3.1
15;2021-02-22;23;497;10335;4954;7.2;3.5
15;2021-02-23;180;457;10515;5411;7.4;3.8
15;2021-02-24;31;456;10546;5867;7.4;4.1
15;2021-02-25;228;1002;10774;6869;7.5;4.8
15;2021-02-26;186;476;10960;7345;7.7;5.1
15;2021-02-27;145;88;11105;7433;7.8;5.2
15;2021-02-28;1;0;11106;7433;7.8;5.2
15;2021-03-01;121;222;11227;7655;7.9;5.4
15;2021-03-02;250;307;11477;7962;8.0;5.6
15;2021-03-03;207;29;11684;7991;8.2;5.6
15;2021-03-04;246;248;11930;8239;8.4;5.8
15;2021-03-05;348;174;12278;8413;8.6;5.9
15;2021-03-06;680;11;12958;8424;9.1;5.9
15;2021-03-07;81;2;13039;8426;9.1;5.9
15;2021-03-08;93;107;13132;8533;9.2;6.0
15;2021-03-09;281;294;13413;8827;9.4;6.2
15;2021-03-10;416;178;13829;9005;9.7;6.3
15;2021-03-11;434;296;14263;9301;10.0;6.5
15;2021-03-12;525;96;14788;9397;10.4;6.6
15;2021-03-13;355;7;15143;9404;10.6;6.6
15;2021-03-14;18;0;15161;9404;10.6;6.6
15;2021-03-15;542;64;15703;9468;11.0;6.6
15;2021-03-16;328;21;16031;9489;11.2;6.6
15;2021-03-17;130;53;16161;9542;11.3;6.7
15;2021-03-18;250;96;16411;9638;11.5;6.7
15;2021-03-19;669;32;17080;9670;12.0;6.8
15;2021-03-20;148;36;17228;9706;12.1;6.8
15;2021-03-21;6;0;17234;9706;12.1;6.8
15;2021-03-22;575;79;17809;9785;12.5;6.9
15;2021-03-23;775;97;18584;9882;13.0;6.9
15;2021-03-24;937;35;19521;9917;13.7;6.9
15;2021-03-25;1282;33;20803;9950;14.6;7.0
15;2021-03-26;1009;61;21812;10011;15.3;7.0
15;2021-03-27;301;6;22113;10017;15.5;7.0
15;2021-03-28;20;0;22133;10017;15.5;7.0
15;2021-03-29;781;18;22914;10035;16.0;7.0
15;2021-03-30;1134;201;24048;10236;16.8;7.2
15;2021-03-31;941;23;24989;10259;17.5;7.2
15;2021-04-01;1233;60;26222;10319;18.4;7.2
15;2021-04-02;1142;61;27364;10380;19.2;7.3
15;2021-04-03;120;18;27484;10398;19.2;7.3
15;2021-04-04;0;0;27484;10398;19.2;7.3
15;2021-04-05;33;1;27517;10399;19.3;7.3
15;2021-04-06;834;86;28351;10485;19.9;7.3
15;2021-04-07;663;105;29014;10590;20.3;7.4
15;2021-04-08;1247;148;30261;10738;21.2;7.5
15;2021-04-09;1277;100;31538;10838;22.1;7.6
15;2021-04-10;364;19;31902;10857;22.3;7.6
15;2021-04-11;14;0;31916;10857;22.3;7.6
15;2021-04-12;644;458;32560;11315;22.8;7.9
15;2021-04-13;1124;322;33684;11637;23.6;8.1
15;2021-04-14;1038;200;34722;11837;24.3;8.3
15;2021-04-15;1183;309;35905;12146;25.1;8.5
15;2021-04-16;1038;555;36943;12701;25.9;8.9
15;2021-04-17;445;13;37388;12714;26.2;8.9
15;2021-04-18;0;10;37388;12724;26.2;8.9
15;2021-04-19;539;514;37927;13238;26.6;9.3
15;2021-04-20;847;614;38774;13852;27.2;9.7
15;2021-04-21;594;651;39368;14503;27.6;10.2
15;2021-04-22;728;776;40096;15279;28.1;10.7
15;2021-04-23;731;681;40827;15960;28.6;11.2
15;2021-04-24;363;123;41190;16083;28.8;11.3
15;2021-04-25;1;3;41191;16086;28.8;11.3
15;2021-04-26;325;632;41516;16718;29.1;11.7
15;2021-04-27;469;939;41985;17657;29.4;12.4
15;2021-04-28;383;788;42368;18445;29.7;12.9
15;2021-04-29;586;1012;42954;19457;30.1;13.6
15;2021-04-30;547;1078;43501;20535;30.5;14.4
15;2021-05-01;283;30;43784;20565;30.7;14.4
15;2021-05-02;0;0;43784;20565;30.7;14.4
15;2021-05-03;881;331;44665;20896;31.3;14.6
15;2021-05-04;802;857;45467;21753;31.8;15.2
15;2021-05-05;676;680;46143;22433;32.3;15.7
15;2021-05-06;826;967;46969;23400;32.9;16.4
15;2021-05-07;1154;906;48123;24306;33.7;17.0
15;2021-05-08;491;55;48614;24361;34.0;17.1
15;2021-05-09;24;9;48638;24370;34.1;17.1
15;2021-05-10;705;912;49343;25282;34.6;17.7
15;2021-05-11;1185;1185;50528;26467;35.4;18.5
15;2021-05-12;1147;837;51675;27304;36.2;19.1
15;2021-05-13;1165;440;52840;27744;37.0;19.4
15;2021-05-14;1504;583;54344;28327;38.1;19.8
15;2021-05-15;1410;417;55754;28744;39.0;20.1
15;2021-05-16;1;10;55755;28754;39.0;20.1
15;2021-05-17;999;606;56754;29360;39.7;20.6
15;2021-05-18;1222;972;57976;30332;40.6;21.2
15;2021-05-19;1020;460;58996;30792;41.3;21.6
15;2021-05-20;1239;780;60235;31572;42.2;22.1
15;2021-05-21;1349;748;61584;32320;43.1;22.6
15;2021-05-22;527;189;62111;32509;43.5;22.8
15;2021-05-23;2;11;62113;32520;43.5;22.8
15;2021-05-24;693;257;62806;32777;44.0;23.0
15;2021-05-25;1151;620;63957;33397;44.8;23.4
15;2021-05-26;1095;460;65052;33857;45.6;23.7
15;2021-05-27;1270;660;66322;34517;46.4;24.2
15;2021-05-28;1509;887;67831;35404;47.5;24.8
15;2021-05-29;984;361;68815;35765;48.2;25.0
15;2021-05-30;14;25;68829;35790;48.2;25.1
15;2021-05-31;1201;480;70030;36270;49.0;25.4
15;2021-06-01;1400;571;71430;36841;50.0;25.8
15;2021-06-02;865;419;72295;37260;50.6;26.1
15;2021-06-03;932;708;73227;37968;51.3;26.6
15;2021-06-04;1076;719;74303;38687;52.0;27.1
15;2021-06-05;651;264;74954;38951;52.5;27.3
15;2021-06-06;16;20;74970;38971;52.5;27.3
15;2021-06-07;797;350;75767;39321;53.1;27.5
15;2021-06-08;477;396;76244;39717;53.4;27.8
15;2021-06-09;377;377;76621;40094;53.7;28.1
15;2021-06-10;275;423;76896;40517;53.8;28.4
15;2021-06-11;661;1100;77557;41617;54.3;29.1
15;2021-06-12;377;467;77934;42084;54.6;29.5
15;2021-06-13;11;6;77945;42090;54.6;29.5
15;2021-06-14;542;976;78487;43066;55.0;30.2
15;2021-06-15;450;1164;78937;44230;55.3;31.0
15;2021-06-16;543;899;79480;45129;55.7;31.6
15;2021-06-17;290;935;79770;46064;55.9;32.3
15;2021-06-18;741;1205;80511;47269;56.4;33.1
15;2021-06-19;543;705;81054;47974;56.8;33.6
15;2021-06-20;11;1;81065;47975;56.8;33.6
15;2021-06-21;281;1042;81346;49017;57.0;34.3
15;2021-06-22;232;1479;81578;50496;57.1;35.4
15;2021-06-23;346;1446;81924;51942;57.4;36.4
15;2021-06-24;292;1093;82216;53035;57.6;37.1
15;2021-06-25;379;1642;82595;54677;57.8;38.3
15;2021-06-26;165;908;82760;55585;58.0;38.9
15;2021-06-27;0;0;82760;55585;58.0;38.9
15;2021-06-28;176;1227;82936;56812;58.1;39.8
15;2021-06-29;302;1265;83238;58077;58.3;40.7
15;2021-06-30;268;982;83506;59059;58.5;41.4
15;2021-07-01;381;1220;83887;60279;58.7;42.2
15;2021-07-02;410;1349;84297;61628;59.0;43.2
15;2021-07-03;251;707;84548;62335;59.2;43.6
15;2021-07-04;1;1;84549;62336;59.2;43.6
15;2021-07-05;248;1258;84797;63594;59.4;44.5
15;2021-07-06;274;1468;85071;65062;59.6;45.6
15;2021-07-07;256;1344;85327;66406;59.7;46.5
15;2021-07-08;489;1353;85816;67759;60.1;47.4
15;2021-07-09;487;1786;86303;69545;60.4;48.7
15;2021-07-10;215;865;86518;70410;60.6;49.3
15;2021-07-11;9;5;86527;70415;60.6;49.3
15;2021-07-12;275;1485;86802;71900;60.8;50.3
15;2021-07-13;587;1767;87389;73667;61.2;51.6
15;2021-07-14;10;131;87399;73798;61.2;51.7
15;2021-07-15;1132;729;88531;74527;62.0;52.2
15;2021-07-16;1138;1337;89669;75864;62.8;53.1
15;2021-07-17;820;953;90489;76817;63.4;53.8
15;2021-07-18;0;3;90489;76820;63.4;53.8
15;2021-07-19;1074;1271;91563;78091;64.1;54.7
15;2021-07-20;1613;568;93176;78659;65.2;55.1
15;2021-07-21;1186;604;94362;79263;66.1;55.5
15;2021-07-22;894;513;95256;79776;66.7;55.9
15;2021-07-23;1339;1063;96595;80839;67.6;56.6
15;2021-07-24;626;770;97221;81609;68.1;57.1
15;2021-07-25;1;24;97222;81633;68.1;57.2
15;2021-07-26;1245;597;98467;82230;68.9;57.6
15;2021-07-27;1687;570;100154;82800;70.1;58.0
15;2021-07-28;1237;586;101391;83386;71.0;58.4
15;2021-07-29;835;400;102226;83786;71.6;58.7
15;2021-07-30;1007;1131;103233;84917;72.3;59.5
15;2021-07-31;603;638;103836;85555;72.7;59.9
15;2021-08-01;21;12;103857;85567;72.7;59.9
15;2021-08-02;1143;543;105000;86110;73.5;60.3
15;2021-08-03;1156;383;106156;86493;74.3;60.6
15;2021-08-04;787;409;106943;86902;74.9;60.9
15;2021-08-05;383;284;107326;87186;75.2;61.0
15;2021-08-06;788;1239;108114;88425;75.7;61.9
15;2021-08-07;263;1164;108377;89589;75.9;62.7
15;2021-08-08;3;6;108380;89595;75.9;62.7
15;2021-08-09;512;1166;108892;90761;76.2;63.6
15;2021-08-10;432;726;109324;91487;76.6;64.1
15;2021-08-11;411;1009;109735;92496;76.8;64.8
15;2021-08-12;521;1181;110256;93677;77.2;65.6
15;2021-08-13;680;1135;110936;94812;77.7;66.4
15;2021-08-14;178;552;111114;95364;77.8;66.8
15;2021-08-15;14;9;111128;95373;77.8;66.8
15;2021-08-16;387;1133;111515;96506;78.1;67.6
15;2021-08-17;398;1140;111913;97646;78.4;68.4
15;2021-08-18;368;802;112281;98448;78.6;68.9
15;2021-08-19;292;877;112573;99325;78.8;69.5
15;2021-08-20;600;1208;113173;100533;79.2;70.4
15;2021-08-21;215;865;113388;101398;79.4;71.0
15;2021-08-22;12;26;113400;101424;79.4;71.0
16;2020-12-27;0;0;0;0;0.0;0.0
16;2020-12-28;2;0;2;0;0.0;0.0
16;2020-12-29;0;0;2;0;0.0;0.0
16;2020-12-30;0;0;2;0;0.0;0.0
16;2020-12-31;0;0;2;0;0.0;0.0
16;2021-01-01;0;0;2;0;0.0;0.0
16;2021-01-02;0;0;2;0;0.0;0.0
16;2021-01-03;0;0;2;0;0.0;0.0
16;2021-01-04;1;0;3;0;0.0;0.0
16;2021-01-05;1;0;4;0;0.0;0.0
16;2021-01-06;88;0;92;0;0.0;0.0
16;2021-01-07;239;0;331;0;0.1;0.0
16;2021-01-08;465;2;796;2;0.2;0.0
16;2021-01-09;1;0;797;2;0.2;0.0
16;2021-01-10;1;0;798;2;0.2;0.0
16;2021-01-11;304;0;1102;2;0.3;0.0
16;2021-01-12;437;1;1539;3;0.4;0.0
16;2021-01-13;480;0;2019;3;0.6;0.0
16;2021-01-14;600;6;2619;9;0.8;0.0
16;2021-01-15;504;4;3123;13;0.9;0.0
16;2021-01-16;0;0;3123;13;0.9;0.0
16;2021-01-17;0;0;3123;13;0.9;0.0
16;2021-01-18;430;5;3553;18;1.0;0.0
16;2021-01-19;833;2;4386;20;1.3;0.0
16;2021-01-20;1184;2;5570;22;1.6;0.0
16;2021-01-21;1354;3;6924;25;2.0;0.0
16;2021-01-22;1114;0;8038;25;2.3;0.0
16;2021-01-23;183;0;8221;25;2.4;0.0
16;2021-01-24;0;0;8221;25;2.4;0.0
16;2021-01-25;641;2;8862;27;2.5;0.0
16;2021-01-26;1025;0;9887;27;2.8;0.0
16;2021-01-27;1405;105;11292;132;3.2;0.0
16;2021-01-28;1260;60;12552;192;3.6;0.1
16;2021-01-29;743;140;13295;332;3.8;0.1
16;2021-01-30;36;0;13331;332;3.8;0.1
16;2021-01-31;0;0;13331;332;3.8;0.1
16;2021-02-01;394;203;13725;535;3.9;0.2
16;2021-02-02;576;174;14301;709;4.1;0.2
16;2021-02-03;621;352;14922;1061;4.3;0.3
16;2021-02-04;464;271;15386;1332;4.4;0.4
16;2021-02-05;505;277;15891;1609;4.6;0.5
16;2021-02-06;3;80;15894;1689;4.6;0.5
16;2021-02-07;41;3;15935;1692;4.6;0.5
16;2021-02-08;355;220;16290;1912;4.7;0.5
16;2021-02-09;649;294;16939;2206;4.9;0.6
16;2021-02-10;693;680;17632;2886;5.1;0.8
16;2021-02-11;798;613;18430;3499;5.3;1.0
16;2021-02-12;623;833;19053;4332;5.5;1.2
16;2021-02-13;42;78;19095;4410;5.5;1.3
16;2021-02-14;2;7;19097;4417;5.5;1.3
16;2021-02-15;216;667;19313;5084;5.5;1.5
16;2021-02-16;374;957;19687;6041;5.7;1.7
16;2021-02-17;348;1309;20035;7350;5.8;2.1
16;2021-02-18;510;1254;20545;8604;5.9;2.5
16;2021-02-19;389;794;20934;9398;6.0;2.7
16;2021-02-20;2;8;20936;9406;6.0;2.7
16;2021-02-21;0;0;20936;9406;6.0;2.7
16;2021-02-22;135;539;21071;9945;6.1;2.9
16;2021-02-23;205;925;21276;10870;6.1;3.1
16;2021-02-24;274;897;21550;11767;6.2;3.4
16;2021-02-25;395;690;21945;12457;6.3;3.6
16;2021-02-26;478;500;22423;12957;6.4;3.7
16;2021-02-27;249;1;22672;12958;6.5;3.7
16;2021-02-28;5;5;22677;12963;6.5;3.7
16;2021-03-01;152;328;22829;13291;6.6;3.8
16;2021-03-02;272;670;23101;13961;6.6;4.0
16;2021-03-03;391;727;23492;14688;6.7;4.2
16;2021-03-04;805;571;24297;15259;7.0;4.4
16;2021-03-05;1142;542;25439;15801;7.3;4.5
16;2021-03-06;751;13;26190;15814;7.5;4.5
16;2021-03-07;94;18;26284;15832;7.5;4.5
16;2021-03-08;437;319;26721;16151;7.7;4.6
16;2021-03-09;774;699;27495;16850;7.9;4.8
16;2021-03-10;606;668;28101;17518;8.1;5.0
16;2021-03-11;1446;532;29547;18050;8.5;5.2
16;2021-03-12;1164;460;30711;18510;8.8;5.3
16;2021-03-13;765;14;31476;18524;9.0;5.3
16;2021-03-14;1;0;31477;18524;9.0;5.3
16;2021-03-15;461;184;31938;18708;9.2;5.4
16;2021-03-16;859;421;32797;19129;9.4;5.5
16;2021-03-17;590;286;33387;19415;9.6;5.6
16;2021-03-18;1032;283;34419;19698;9.9;5.7
16;2021-03-19;1101;248;35520;19946;10.2;5.7
16;2021-03-20;396;5;35916;19951;10.3;5.7
16;2021-03-21;9;0;35925;19951;10.3;5.7
16;2021-03-22;727;100;36652;20051;10.5;5.8
16;2021-03-23;1463;104;38115;20155;10.9;5.8
16;2021-03-24;1120;185;39235;20340;11.3;5.8
16;2021-03-25;2047;91;41282;20431;11.9;5.9
16;2021-03-26;1916;98;43198;20529;12.4;5.9
16;2021-03-27;433;22;43631;20551;12.5;5.9
16;2021-03-28;0;0;43631;20551;12.5;5.9
16;2021-03-29;925;60;44556;20611;12.8;5.9
16;2021-03-30;1883;179;46439;20790;13.3;6.0
16;2021-03-31;1514;134;47953;20924;13.8;6.0
16;2021-04-01;2009;401;49962;21325;14.3;6.1
16;2021-04-02;1442;379;51404;21704;14.8;6.2
16;2021-04-03;288;5;51692;21709;14.8;6.2
16;2021-04-04;1;0;51693;21709;14.8;6.2
16;2021-04-05;2;0;51695;21709;14.8;6.2
16;2021-04-06;2013;544;53708;22253;15.4;6.4
16;2021-04-07;1953;403;55661;22656;16.0;6.5
16;2021-04-08;2824;589;58485;23245;16.8;6.7
16;2021-04-09;2694;554;61179;23799;17.6;6.8
16;2021-04-10;1290;37;62469;23836;17.9;6.8
16;2021-04-11;2;0;62471;23836;17.9;6.8
16;2021-04-12;1431;315;63902;24151;18.4;6.9
16;2021-04-13;2125;841;66027;24992;19.0;7.2
16;2021-04-14;1952;633;67979;25625;19.5;7.4
16;2021-04-15;2102;984;70081;26609;20.1;7.6
16;2021-04-16;2040;788;72121;27397;20.7;7.9
16;2021-04-17;1507;87;73628;27484;21.1;7.9
16;2021-04-18;197;3;73825;27487;21.2;7.9
16;2021-04-19;1440;525;75265;28012;21.6;8.0
16;2021-04-20;2054;1232;77319;29244;22.2;8.4
16;2021-04-21;1777;741;79096;29985;22.7;8.6
16;2021-04-22;2292;1007;81388;30992;23.4;8.9
16;2021-04-23;2363;1172;83751;32164;24.1;9.2
16;2021-04-24;829;38;84580;32202;24.3;9.2
16;2021-04-25;117;8;84697;32210;24.3;9.3
16;2021-04-26;1401;806;86098;33016;24.7;9.5
16;2021-04-27;2057;1418;88155;34434;25.3;9.9
16;2021-04-28;1590;1129;89745;35563;25.8;10.2
16;2021-04-29;2249;1498;91994;37061;26.4;10.6
16;2021-04-30;2856;1342;94850;38403;27.2;11.0
16;2021-05-01;353;60;95203;38463;27.3;11.0
16;2021-05-02;155;13;95358;38476;27.4;11.1
16;2021-05-03;2610;537;97968;39013;28.1;11.2
16;2021-05-04;2061;2046;100029;41059;28.7;11.8
16;2021-05-05;1688;1832;101717;42891;29.2;12.3
16;2021-05-06;1888;2245;103605;45136;29.8;13.0
16;2021-05-07;3071;2124;106676;47260;30.6;13.6
16;2021-05-08;1198;468;107874;47728;31.0;13.7
16;2021-05-09;530;26;108404;47754;31.1;13.7
16;2021-05-10;1931;1625;110335;49379;31.7;14.2
16;2021-05-11;2354;1962;112689;51341;32.4;14.7
16;2021-05-12;1732;1798;114421;53139;32.9;15.3
16;2021-05-13;1461;355;115882;53494;33.3;15.4
16;2021-05-14;1989;1562;117871;55056;33.9;15.8
16;2021-05-15;596;896;118467;55952;34.0;16.1
16;2021-05-16;132;6;118599;55958;34.1;16.1
16;2021-05-17;1608;1286;120207;57244;34.5;16.4
16;2021-05-18;2758;1426;122965;58670;35.3;16.9
16;2021-05-19;2006;1238;124971;59908;35.9;17.2
16;2021-05-20;2834;1388;127805;61296;36.7;17.6
16;2021-05-21;2945;1399;130750;62695;37.6;18.0
16;2021-05-22;412;711;131162;63406;37.7;18.2
16;2021-05-23;210;11;131372;63417;37.7;18.2
16;2021-05-24;1262;235;132634;63652;38.1;18.3
16;2021-05-25;2762;1460;135396;65112;38.9;18.7
16;2021-05-26;1834;1188;137230;66300;39.4;19.0
16;2021-05-27;2418;1582;139648;67882;40.1;19.5
16;2021-05-28;2897;1570;142545;69452;40.9;19.9
16;2021-05-29;814;883;143359;70335;41.2;20.2
16;2021-05-30;1;4;143360;70339;41.2;20.2
16;2021-05-31;1984;1104;145344;71443;41.7;20.5
16;2021-06-01;2344;1715;147688;73158;42.4;21.0
16;2021-06-02;1822;1504;149510;74662;42.9;21.4
16;2021-06-03;2622;1762;152132;76424;43.7;21.9
16;2021-06-04;2834;2032;154966;78456;44.5;22.5
16;2021-06-05;1006;549;155972;79005;44.8;22.7
16;2021-06-06;160;28;156132;79033;44.8;22.7
16;2021-06-07;1991;1282;158123;80315;45.4;23.1
16;2021-06-08;2396;1998;160519;82313;46.1;23.6
16;2021-06-09;2529;1615;163048;83928;46.8;24.1
16;2021-06-10;2571;2004;165619;85932;47.6;24.7
16;2021-06-11;2152;2736;167771;88668;48.2;25.5
16;2021-06-12;1614;517;169385;89185;48.6;25.6
16;2021-06-13;261;72;169646;89257;48.7;25.6
16;2021-06-14;796;2797;170442;92054;49.0;26.4
16;2021-06-15;1865;2624;172307;94678;49.5;27.2
16;2021-06-16;1577;2087;173884;96765;49.9;27.8
16;2021-06-17;2041;2510;175925;99275;50.5;28.5
16;2021-06-18;2062;3220;177987;102495;51.1;29.4
16;2021-06-19;1352;1312;179339;103807;51.5;29.8
16;2021-06-20;243;28;179582;103835;51.6;29.8
16;2021-06-21;1411;2172;180993;106007;52.0;30.4
16;2021-06-22;1673;2942;182666;108949;52.5;31.3
16;2021-06-23;1566;2020;184232;110969;52.9;31.9
16;2021-06-24;1926;2168;186158;113137;53.5;32.5
16;2021-06-25;1984;2726;188142;115863;54.0;33.3
16;2021-06-26;1061;724;189203;116587;54.3;33.5
16;2021-06-27;132;25;189335;116612;54.4;33.5
16;2021-06-28;1164;1965;190499;118577;54.7;34.1
16;2021-06-29;1282;3358;191781;121935;55.1;35.0
16;2021-06-30;1337;2713;193118;124648;55.5;35.8
16;2021-07-01;1862;3158;194980;127806;56.0;36.7
16;2021-07-02;1425;3581;196405;131387;56.4;37.7
16;2021-07-03;695;1111;197100;132498;56.6;38.1
16;2021-07-04;3;15;197103;132513;56.6;38.1
16;2021-07-05;815;2297;197918;134810;56.8;38.7
16;2021-07-06;1278;3367;199196;138177;57.2;39.7
16;2021-07-07;867;2275;200063;140452;57.5;40.3
16;2021-07-08;1234;2737;201297;143189;57.8;41.1
16;2021-07-09;1111;3712;202408;146901;58.1;42.2
16;2021-07-10;338;1338;202746;148239;58.2;42.6
16;2021-07-11;2;13;202748;148252;58.2;42.6
16;2021-07-12;634;2442;203382;150694;58.4;43.3
16;2021-07-13;1389;3531;204771;154225;58.8;44.3
16;2021-07-14;799;877;205570;155102;59.0;44.5
16;2021-07-15;1248;3410;206818;158512;59.4;45.5
16;2021-07-16;1495;3384;208313;161896;59.8;46.5
16;2021-07-17;537;1188;208850;163084;60.0;46.8
16;2021-07-18;14;6;208864;163090;60.0;46.8
16;2021-07-19;617;2856;209481;165946;60.2;47.7
16;2021-07-20;1122;3290;210603;169236;60.5;48.6
16;2021-07-21;1118;2620;211721;171856;60.8;49.4
16;2021-07-22;1870;2865;213591;174721;61.3;50.2
16;2021-07-23;1542;3545;215133;178266;61.8;51.2
16;2021-07-24;638;1212;215771;179478;62.0;51.5
16;2021-07-25;11;11;215782;179489;62.0;51.6
16;2021-07-26;1527;2128;217309;181617;62.4;52.2
16;2021-07-27;1862;2820;219171;184437;62.9;53.0
16;2021-07-28;1858;2321;221029;186758;63.5;53.6
16;2021-07-29;2237;2475;223266;189233;64.1;54.3
16;2021-07-30;2347;3112;225613;192345;64.8;55.2
16;2021-07-31;957;1354;226570;193699;65.1;55.6
16;2021-08-01;188;22;226758;193721;65.1;55.6
16;2021-08-02;2116;1828;228874;195549;65.7;56.2
16;2021-08-03;2109;2341;230983;197890;66.3;56.8
16;2021-08-04;2111;1888;233094;199778;66.9;57.4
16;2021-08-05;2754;1655;235848;201433;67.7;57.9
16;2021-08-06;2504;2363;238352;203796;68.5;58.5
16;2021-08-07;829;559;239181;204355;68.7;58.7
16;2021-08-08;34;37;239215;204392;68.7;58.7
16;2021-08-09;2176;1061;241391;205453;69.3;59.0
16;2021-08-10;2884;1586;244275;207039;70.2;59.5
16;2021-08-11;2594;1234;246869;208273;70.9;59.8
16;2021-08-12;1993;1736;248862;210009;71.5;60.3
16;2021-08-13;2662;1463;251524;211472;72.2;60.7
16;2021-08-14;752;452;252276;211924;72.5;60.9
16;2021-08-15;27;4;252303;211928;72.5;60.9
16;2021-08-16;1333;1582;253636;213510;72.8;61.3
16;2021-08-17;1815;1621;255451;215131;73.4;61.8
16;2021-08-18;1585;1467;257036;216598;73.8;62.2
16;2021-08-19;1510;1774;258546;218372;74.3;62.7
16;2021-08-20;1598;1898;260144;220270;74.7;63.3
16;2021-08-21;556;826;260700;221096;74.9;63.5
16;2021-08-22;4;5;260704;221101;74.9;63.5
17;2020-12-27;0;0;0;0;0.0;0.0
17;2020-12-28;0;0;0;0;0.0;0.0
17;2020-12-29;0;0;0;0;0.0;0.0
17;2020-12-30;1;0;1;0;0.0;0.0
17;2020-12-31;0;0;1;0;0.0;0.0
17;2021-01-01;1;0;2;0;0.0;0.0
17;2021-01-02;1;0;3;0;0.0;0.0
17;2021-01-03;0;0;3;0;0.0;0.0
17;2021-01-04;56;0;59;0;0.0;0.0
17;2021-01-05;98;0;157;0;0.0;0.0
17;2021-01-06;132;0;289;0;0.0;0.0
17;2021-01-07;485;1;774;1;0.1;0.0
17;2021-01-08;418;0;1192;1;0.2;0.0
17;2021-01-09;0;0;1192;1;0.2;0.0
17;2021-01-10;1;0;1193;1;0.2;0.0
17;2021-01-11;380;1;1573;2;0.2;0.0
17;2021-01-12;746;1;2319;3;0.4;0.0
17;2021-01-13;653;2;2972;5;0.5;0.0
17;2021-01-14;617;9;3589;14;0.6;0.0
17;2021-01-15;680;1;4269;15;0.7;0.0
17;2021-01-16;128;2;4397;17;0.7;0.0
17;2021-01-17;19;0;4416;17;0.7;0.0
17;2021-01-18;887;2;5303;19;0.8;0.0
17;2021-01-19;1910;3;7213;22;1.1;0.0
17;2021-01-20;2394;2;9607;24;1.5;0.0
17;2021-01-21;2498;2;12105;26;1.9;0.0
17;2021-01-22;1883;7;13988;33;2.2;0.0
17;2021-01-23;738;1;14726;34;2.3;0.0
17;2021-01-24;48;0;14774;34;2.3;0.0
17;2021-01-25;1383;5;16157;39;2.5;0.0
17;2021-01-26;2110;3;18267;42;2.8;0.0
17;2021-01-27;1674;33;19941;75;3.1;0.0
17;2021-01-28;2475;230;22416;305;3.5;0.0
17;2021-01-29;1739;221;24155;526;3.7;0.1
17;2021-01-30;528;5;24683;531;3.8;0.1
17;2021-01-31;37;2;24720;533;3.8;0.1
17;2021-02-01;740;210;25460;743;3.9;0.1
17;2021-02-02;1202;348;26662;1091;4.1;0.2
17;2021-02-03;1296;403;27958;1494;4.3;0.2
17;2021-02-04;1159;502;29117;1996;4.5;0.3
17;2021-02-05;603;757;29720;2753;4.6;0.4
17;2021-02-06;22;42;29742;2795;4.6;0.4
17;2021-02-07;31;13;29773;2808;4.6;0.4
17;2021-02-08;706;404;30479;3212;4.7;0.5
17;2021-02-09;1101;1318;31580;4530;4.9;0.7
17;2021-02-10;863;1286;32443;5816;5.0;0.9
17;2021-02-11;1241;1400;33684;7216;5.2;1.1
17;2021-02-12;771;968;34455;8184;5.3;1.3
17;2021-02-13;43;104;34498;8288;5.3;1.3
17;2021-02-14;1;10;34499;8298;5.3;1.3
17;2021-02-15;620;1225;35119;9523;5.4;1.5
17;2021-02-16;749;1831;35868;11354;5.5;1.8
17;2021-02-17;795;1360;36663;12714;5.7;2.0
17;2021-02-18;967;2185;37630;14899;5.8;2.3
17;2021-02-19;1067;1543;38697;16442;6.0;2.5
17;2021-02-20;104;310;38801;16752;6.0;2.6
17;2021-02-21;9;2;38810;16754;6.0;2.6
17;2021-02-22;646;1630;39456;18384;6.1;2.8
17;2021-02-23;781;1535;40237;19919;6.2;3.1
17;2021-02-24;1079;1588;41316;21507;6.4;3.3
17;2021-02-25;1085;1709;42401;23216;6.6;3.6
17;2021-02-26;1307;1296;43708;24512;6.8;3.8
17;2021-02-27;527;247;44235;24759;6.8;3.8
17;2021-02-28;19;9;44254;24768;6.8;3.8
17;2021-03-01;634;1042;44888;25810;6.9;4.0
17;2021-03-02;1094;871;45982;26681;7.1;4.1
17;2021-03-03;1619;799;47601;27480;7.4;4.2
17;2021-03-04;2427;1142;50028;28622;7.7;4.4
17;2021-03-05;2661;680;52689;29302;8.1;4.5
17;2021-03-06;1029;27;53718;29329;8.3;4.5
17;2021-03-07;183;47;53901;29376;8.3;4.5
17;2021-03-08;1014;833;54915;30209;8.5;4.7
17;2021-03-09;1746;615;56661;30824;8.8;4.8
17;2021-03-10;2047;642;58708;31466;9.1;4.9
17;2021-03-11;3226;999;61934;32465;9.6;5.0
17;2021-03-12;3354;624;65288;33089;10.1;5.1
17;2021-03-13;1201;12;66489;33101;10.3;5.1
17;2021-03-14;32;0;66521;33101;10.3;5.1
17;2021-03-15;1241;994;67762;34095;10.5;5.3
17;2021-03-16;893;537;68655;34632;10.6;5.4
17;2021-03-17;1459;704;70114;35336;10.8;5.5
17;2021-03-18;1683;764;71797;36100;11.1;5.6
17;2021-03-19;2096;546;73893;36646;11.4;5.7
17;2021-03-20;1083;56;74976;36702;11.6;5.7
17;2021-03-21;37;43;75013;36745;11.6;5.7
17;2021-03-22;1578;690;76591;37435;11.8;5.8
17;2021-03-23;2492;582;79083;38017;12.2;5.9
17;2021-03-24;3544;856;82627;38873;12.8;6.0
17;2021-03-25;4712;643;87339;39516;13.5;6.1
17;2021-03-26;4943;474;92282;39990;14.3;6.2
17;2021-03-27;1737;69;94019;40059;14.5;6.2
17;2021-03-28;369;45;94388;40104;14.6;6.2
17;2021-03-29;2361;566;96749;40670;15.0;6.3
17;2021-03-30;2655;988;99404;41658;15.4;6.4
17;2021-03-31;3842;904;103246;42562;16.0;6.6
17;2021-04-01;4013;1161;107259;43723;16.6;6.8
17;2021-04-02;3706;834;110965;44557;17.1;6.9
17;2021-04-03;1152;187;112117;44744;17.3;6.9
17;2021-04-04;501;6;112618;44750;17.4;6.9
17;2021-04-05;444;128;113062;44878;17.5;6.9
17;2021-04-06;3480;1027;116542;45905;18.0;7.1
17;2021-04-07;4130;1154;120672;47059;18.6;7.3
17;2021-04-08;4569;1474;125241;48533;19.4;7.5
17;2021-04-09;6493;839;131734;49372;20.4;7.6
17;2021-04-10;2583;66;134317;49438;20.8;7.6
17;2021-04-11;788;16;135105;49454;20.9;7.6
17;2021-04-12;2888;1620;137993;51074;21.3;7.9
17;2021-04-13;4151;1288;142144;52362;22.0;8.1
17;2021-04-14;4420;1205;146564;53567;22.7;8.3
17;2021-04-15;4600;1137;151164;54704;23.4;8.5
17;2021-04-16;4297;1154;155461;55858;24.0;8.6
17;2021-04-17;1682;382;157143;56240;24.3;8.7
17;2021-04-18;472;81;157615;56321;24.4;8.7
17;2021-04-19;2340;2062;159955;58383;24.7;9.0
17;2021-04-20;2926;2553;162881;60936;25.2;9.4
17;2021-04-21;2973;1941;165854;62877;25.6;9.7
17;2021-04-22;3121;2359;168975;65236;26.1;10.1
17;2021-04-23;2446;2728;171421;67964;26.5;10.5
17;2021-04-24;1669;925;173090;68889;26.7;10.6
17;2021-04-25;665;246;173755;69135;26.9;10.7
17;2021-04-26;2578;2627;176333;71762;27.3;11.1
17;2021-04-27;3153;2673;179486;74435;27.7;11.5
17;2021-04-28;3101;2942;182587;77377;28.2;12.0
17;2021-04-29;4148;2863;186735;80240;28.9;12.4
17;2021-04-30;4355;2637;191090;82877;29.5;12.8
17;2021-05-01;848;542;191938;83419;29.7;12.9
17;2021-05-02;553;840;192491;84259;29.7;13.0
17;2021-05-03;2543;2958;195034;87217;30.1;13.5
17;2021-05-04;2318;3729;197352;90946;30.5;14.1
17;2021-05-05;2909;3702;200261;94648;30.9;14.6
17;2021-05-06;4122;3407;204383;98055;31.6;15.2
17;2021-05-07;4355;3631;208738;101686;32.3;15.7
17;2021-05-08;1306;754;210044;102440;32.5;15.8
17;2021-05-09;1309;705;211353;103145;32.7;15.9
17;2021-05-10;2726;3692;214079;106837;33.1;16.5
17;2021-05-11;3501;3998;217580;110835;33.6;17.1
17;2021-05-12;3531;3812;221111;114647;34.2;17.7
17;2021-05-13;2546;693;223657;115340;34.6;17.8
17;2021-05-14;3032;2396;226689;117736;35.0;18.2
17;2021-05-15;2128;663;228817;118399;35.4;18.3
17;2021-05-16;1735;317;230552;118716;35.6;18.3
17;2021-05-17;4289;2000;234841;120716;36.3;18.7
17;2021-05-18;4746;1637;239587;122353;37.0;18.9
17;2021-05-19;5067;1275;244654;123628;37.8;19.1
17;2021-05-20;4944;1950;249598;125578;38.6;19.4
17;2021-05-21;4999;1959;254597;127537;39.3;19.7
17;2021-05-22;2393;533;256990;128070;39.7;19.8
17;2021-05-23;1899;128;258889;128198;40.0;19.8
17;2021-05-24;1426;208;260315;128406;40.2;19.8
17;2021-05-25;4030;1770;264345;130176;40.9;20.1
17;2021-05-26;4367;2042;268712;132218;41.5;20.4
17;2021-05-27;5216;2139;273928;134357;42.3;20.8
17;2021-05-28;4468;3437;278396;137794;43.0;21.3
17;2021-05-29;1560;1707;279956;139501;43.3;21.6
17;2021-05-30;857;410;280813;139911;43.4;21.6
17;2021-05-31;2945;3013;283758;142924;43.9;22.1
17;2021-06-01;4296;2926;288054;145850;44.5;22.5
17;2021-06-02;4201;3176;292255;149026;45.2;23.0
17;2021-06-03;5056;3167;297311;152193;45.9;23.5
17;2021-06-04;4515;3854;301826;156047;46.6;24.1
17;2021-06-05;1991;1603;303817;157650;47.0;24.4
17;2021-06-06;851;733;304668;158383;47.1;24.5
17;2021-06-07;3139;4347;307807;162730;47.6;25.1
17;2021-06-08;3790;4497;311597;167227;48.2;25.8
17;2021-06-09;4346;3054;315943;170281;48.8;26.3
17;2021-06-10;4929;2793;320872;173074;49.6;26.7
17;2021-06-11;4792;3688;325664;176762;50.3;27.3
17;2021-06-12;1812;1404;327476;178166;50.6;27.5
17;2021-06-13;610;414;328086;178580;50.7;27.6
17;2021-06-14;2834;4536;330920;183116;51.1;28.3
17;2021-06-15;3623;4380;334543;187496;51.7;29.0
17;2021-06-16;4133;3690;338676;191186;52.3;29.5
17;2021-06-17;4367;4124;343043;195310;53.0;30.2
17;2021-06-18;4054;4437;347097;199747;53.6;30.9
17;2021-06-19;1448;1989;348545;201736;53.9;31.2
17;2021-06-20;595;1035;349140;202771;54.0;31.3
17;2021-06-21;2563;4373;351703;207144;54.4;32.0
17;2021-06-22;3528;4450;355231;211594;54.9;32.7
17;2021-06-23;3796;3991;359027;215585;55.5;33.3
17;2021-06-24;3598;3958;362625;219543;56.0;33.9
17;2021-06-25;2718;4985;365343;224528;56.5;34.7
17;2021-06-26;906;2335;366249;226863;56.6;35.1
17;2021-06-27;395;1903;366644;228766;56.7;35.4
17;2021-06-28;1523;5417;368167;234183;56.9;36.2
17;2021-06-29;1684;5890;369851;240073;57.2;37.1
17;2021-06-30;2030;5549;371881;245622;57.5;38.0
17;2021-07-01;2264;5557;374145;251179;57.8;38.8
17;2021-07-02;2486;5986;376631;257165;58.2;39.7
17;2021-07-03;627;2546;377258;259711;58.3;40.1
17;2021-07-04;155;1249;377413;260960;58.3;40.3
17;2021-07-05;1890;5180;379303;266140;58.6;41.1
17;2021-07-06;2132;5600;381435;271740;58.9;42.0
17;2021-07-07;2407;5497;383842;277237;59.3;42.8
17;2021-07-08;2913;5439;386755;282676;59.8;43.7
17;2021-07-09;2523;6079;389278;288755;60.2;44.6
17;2021-07-10;828;2473;390106;291228;60.3;45.0
17;2021-07-11;380;907;390486;292135;60.3;45.1
17;2021-07-12;2006;5620;392492;297755;60.7;46.0
17;2021-07-13;2371;6716;394863;304471;61.0;47.1
17;2021-07-14;71;71;394934;304542;61.0;47.1
17;2021-07-15;2192;6857;397126;311399;61.4;48.1
17;2021-07-16;2773;6972;399899;318371;61.8;49.2
17;2021-07-17;1007;2274;400906;320645;62.0;49.6
17;2021-07-18;313;1038;401219;321683;62.0;49.7
17;2021-07-19;2635;5906;403854;327589;62.4;50.6
17;2021-07-20;3313;6317;407167;333906;62.9;51.6
17;2021-07-21;3796;6029;410963;339935;63.5;52.5
17;2021-07-22;4243;6278;415206;346213;64.2;53.5
17;2021-07-23;3826;6569;419032;352782;64.8;54.5
17;2021-07-24;2070;1402;421102;354184;65.1;54.7
17;2021-07-25;1043;415;422145;354599;65.2;54.8
17;2021-07-26;3683;5433;425828;360032;65.8;55.6
17;2021-07-27;4716;5442;430544;365474;66.5;56.5
17;2021-07-28;5208;5178;435752;370652;67.3;57.3
17;2021-07-29;5148;5344;440900;375996;68.1;58.1
17;2021-07-30;5484;5575;446384;381571;69.0;59.0
17;2021-07-31;2109;1211;448493;382782;69.3;59.2
17;2021-08-01;1089;356;449582;383138;69.5;59.2
17;2021-08-02;4592;4391;454174;387529;70.2;59.9
17;2021-08-03;5709;4160;459883;391689;71.1;60.5
17;2021-08-04;6168;3371;466051;395060;72.0;61.1
17;2021-08-05;6348;3152;472399;398212;73.0;61.5
17;2021-08-06;5859;3606;478258;401818;73.9;62.1
17;2021-08-07;1968;864;480226;402682;74.2;62.2
17;2021-08-08;970;219;481196;402901;74.4;62.3
17;2021-08-09;3900;3696;485096;406597;75.0;62.8
17;2021-08-10;5056;3490;490152;410087;75.7;63.4
17;2021-08-11;4891;3808;495043;413895;76.5;64.0
17;2021-08-12;4856;3954;499899;417849;77.3;64.6
17;2021-08-13;4493;4135;504392;421984;77.9;65.2
17;2021-08-14;1228;1381;505620;423365;78.1;65.4
17;2021-08-15;404;375;506024;423740;78.2;65.5
17;2021-08-16;2815;4060;508839;427800;78.6;66.1
17;2021-08-17;3037;4279;511876;432079;79.1;66.8
17;2021-08-18;2615;4544;514491;436623;79.5;67.5
17;2021-08-19;2704;4378;517195;441001;79.9;68.2
17;2021-08-20;2464;5015;519659;446016;80.3;68.9
17;2021-08-21;680;1353;520339;447369;80.4;69.1
17;2021-08-22;216;457;520555;447826;80.4;69.2
18;2020-12-27;0;0;0;0;0.0;0.0
18;2020-12-28;0;0;0;0;0.0;0.0
18;2020-12-29;0;0;0;0;0.0;0.0
18;2020-12-30;1;0;1;0;0.0;0.0
18;2020-12-31;0;0;1;0;0.0;0.0
18;2021-01-01;0;0;1;0;0.0;0.0
18;2021-01-02;0;0;1;0;0.0;0.0
18;2021-01-03;0;0;1;0;0.0;0.0
18;2021-01-04;3;0;4;0;0.0;0.0
18;2021-01-05;0;0;4;0;0.0;0.0
18;2021-01-06;1;0;5;0;0.0;0.0
18;2021-01-07;30;1;35;1;0.0;0.0
18;2021-01-08;65;0;100;1;0.0;0.0
18;2021-01-09;225;0;325;1;0.1;0.0
18;2021-01-10;146;0;471;1;0.2;0.0
18;2021-01-11;170;1;641;2;0.2;0.0
18;2021-01-12;372;0;1013;2;0.3;0.0
18;2021-01-13;270;2;1283;4;0.4;0.0
18;2021-01-14;269;2;1552;6;0.5;0.0
18;2021-01-15;332;2;1884;8;0.6;0.0
18;2021-01-16;288;3;2172;11;0.7;0.0
18;2021-01-17;1;0;2173;11;0.7;0.0
18;2021-01-18;290;0;2463;11;0.8;0.0
18;2021-01-19;1374;4;3837;15;1.3;0.0
18;2021-01-20;1239;2;5076;17;1.7;0.0
18;2021-01-21;963;0;6039;17;2.0;0.0
18;2021-01-22;780;2;6819;19;2.3;0.0
18;2021-01-23;249;2;7068;21;2.4;0.0
18;2021-01-24;0;0;7068;21;2.4;0.0
18;2021-01-25;509;0;7577;21;2.6;0.0
18;2021-01-26;395;1;7972;22;2.7;0.0
18;2021-01-27;390;2;8362;24;2.8;0.0
18;2021-01-28;566;8;8928;32;3.0;0.0
18;2021-01-29;492;72;9420;104;3.2;0.0
18;2021-01-30;433;166;9853;270;3.3;0.1
18;2021-01-31;82;121;9935;391;3.4;0.1
18;2021-02-01;328;142;10263;533;3.5;0.2
18;2021-02-02;507;244;10770;777;3.6;0.3
18;2021-02-03;398;204;11168;981;3.8;0.3
18;2021-02-04;630;226;11798;1207;4.0;0.4
18;2021-02-05;449;194;12247;1401;4.1;0.5
18;2021-02-06;283;103;12530;1504;4.2;0.5
18;2021-02-07;108;1;12638;1505;4.3;0.5
18;2021-02-08;268;230;12906;1735;4.4;0.6
18;2021-02-09;583;781;13489;2516;4.6;0.8
18;2021-02-10;740;698;14229;3214;4.8;1.1
18;2021-02-11;655;451;14884;3665;5.0;1.2
18;2021-02-12;502;326;15386;3991;5.2;1.3
18;2021-02-13;286;124;15672;4115;5.3;1.4
18;2021-02-14;364;98;16036;4213;5.4;1.4
18;2021-02-15;379;395;16415;4608;5.5;1.6
18;2021-02-16;399;401;16814;5009;5.7;1.7
18;2021-02-17;403;458;17217;5467;5.8;1.8
18;2021-02-18;344;539;17561;6006;5.9;2.0
18;2021-02-19;471;303;18032;6309;6.1;2.1
18;2021-02-20;721;240;18753;6549;6.3;2.2
18;2021-02-21;316;2;19069;6551;6.4;2.2
18;2021-02-22;217;372;19286;6923;6.5;2.3
18;2021-02-23;204;351;19490;7274;6.6;2.5
18;2021-02-24;240;271;19730;7545;6.7;2.5
18;2021-02-25;293;520;20023;8065;6.8;2.7
18;2021-02-26;582;235;20605;8300;7.0;2.8
18;2021-02-27;510;389;21115;8689;7.1;2.9
18;2021-02-28;7;68;21122;8757;7.1;3.0
18;2021-03-01;236;415;21358;9172;7.2;3.1
18;2021-03-02;284;520;21642;9692;7.3;3.3
18;2021-03-03;346;586;21988;10278;7.4;3.5
18;2021-03-04;475;571;22463;10849;7.6;3.7
18;2021-03-05;524;374;22987;11223;7.8;3.8
18;2021-03-06;1071;344;24058;11567;8.1;3.9
18;2021-03-07;7;140;24065;11707;8.1;3.9
18;2021-03-08;335;362;24400;12069;8.2;4.1
18;2021-03-09;409;369;24809;12438;8.4;4.2
18;2021-03-10;423;454;25232;12892;8.5;4.3
18;2021-03-11;518;422;25750;13314;8.7;4.5
18;2021-03-12;704;304;26454;13618;8.9;4.6
18;2021-03-13;1163;252;27617;13870;9.3;4.7
18;2021-03-14;301;214;27918;14084;9.4;4.8
18;2021-03-15;491;381;28409;14465;9.6;4.9
18;2021-03-16;392;315;28801;14780;9.7;5.0
18;2021-03-17;383;416;29184;15196;9.8;5.1
18;2021-03-18;512;230;29696;15426;10.0;5.2
18;2021-03-19;756;226;30452;15652;10.3;5.3
18;2021-03-20;986;620;31438;16272;10.6;5.5
18;2021-03-21;308;308;31746;16580;10.7;5.6
18;2021-03-22;602;297;32348;16877;10.9;5.7
18;2021-03-23;706;294;33054;17171;11.2;5.8
18;2021-03-24;1052;298;34106;17469;11.5;5.9
18;2021-03-25;1049;298;35155;17767;11.9;6.0
18;2021-03-26;1210;348;36365;18115;12.3;6.1
18;2021-03-27;1489;320;37854;18435;12.8;6.2
18;2021-03-28;215;0;38069;18435;12.8;6.2
18;2021-03-29;1101;196;39170;18631;13.2;6.3
18;2021-03-30;1084;305;40254;18936;13.6;6.4
18;2021-03-31;1305;254;41559;19190;14.0;6.5
18;2021-04-01;1376;345;42935;19535;14.5;6.6
18;2021-04-02;1229;310;44164;19845;14.9;6.7
18;2021-04-03;581;181;44745;20026;15.1;6.8
18;2021-04-04;71;5;44816;20031;15.1;6.8
18;2021-04-05;199;0;45015;20031;15.2;6.8
18;2021-04-06;1026;349;46041;20380;15.5;6.9
18;2021-04-07;1322;363;47363;20743;16.0;7.0
18;2021-04-08;1692;344;49055;21087;16.6;7.1
18;2021-04-09;1833;283;50888;21370;17.2;7.2
18;2021-04-10;2633;651;53521;22021;18.1;7.4
18;2021-04-11;1985;314;55506;22335;18.7;7.5
18;2021-04-12;1402;398;56908;22733;19.2;7.7
18;2021-04-13;1784;469;58692;23202;19.8;7.8
18;2021-04-14;1378;518;60070;23720;20.3;8.0
18;2021-04-15;1532;530;61602;24250;20.8;8.2
18;2021-04-16;1614;591;63216;24841;21.3;8.4
18;2021-04-17;1599;520;64815;25361;21.9;8.6
18;2021-04-18;377;232;65192;25593;22.0;8.6
18;2021-04-19;1316;592;66508;26185;22.4;8.8
18;2021-04-20;1445;710;67953;26895;22.9;9.1
18;2021-04-21;1272;909;69225;27804;23.4;9.4
18;2021-04-22;1403;702;70628;28506;23.8;9.6
18;2021-04-23;1386;734;72014;29240;24.3;9.9
18;2021-04-24;1355;1269;73369;30509;24.8;10.3
18;2021-04-25;288;217;73657;30726;24.9;10.4
18;2021-04-26;1205;951;74862;31677;25.3;10.7
18;2021-04-27;1545;764;76407;32441;25.8;10.9
18;2021-04-28;1357;875;77764;33316;26.2;11.2
18;2021-04-29;1850;735;79614;34051;26.9;11.5
18;2021-04-30;1570;996;81184;35047;27.4;11.8
18;2021-05-01;788;211;81972;35258;27.7;11.9
18;2021-05-02;806;60;82778;35318;27.9;11.9
18;2021-05-03;1627;1006;84405;36324;28.5;12.3
18;2021-05-04;1730;1284;86135;37608;29.1;12.7
18;2021-05-05;1735;1214;87870;38822;29.6;13.1
18;2021-05-06;2163;1364;90033;40186;30.4;13.6
18;2021-05-07;1233;1402;91266;41588;30.8;14.0
18;2021-05-08;994;1466;92260;43054;31.1;14.5
18;2021-05-09;501;2260;92761;45314;31.3;15.3
18;2021-05-10;1158;1509;93919;46823;31.7;15.8
18;2021-05-11;1696;1751;95615;48574;32.3;16.4
18;2021-05-12;1808;1492;97423;50066;32.9;16.9
18;2021-05-13;1061;370;98484;50436;33.2;17.0
18;2021-05-14;1347;946;99831;51382;33.7;17.3
18;2021-05-15;1810;1163;101641;52545;34.3;17.7
18;2021-05-16;538;582;102179;53127;34.5;17.9
18;2021-05-17;1245;1091;103424;54218;34.9;18.3
18;2021-05-18;2148;934;105572;55152;35.6;18.6
18;2021-05-19;2162;918;107734;56070;36.3;18.9
18;2021-05-20;2278;984;110012;57054;37.1;19.2
18;2021-05-21;1497;763;111509;57817;37.6;19.5
18;2021-05-22;1724;1074;113233;58891;38.2;19.9
18;2021-05-23;485;336;113718;59227;38.4;20.0
18;2021-05-24;462;292;114180;59519;38.5;20.1
18;2021-05-25;1844;1064;116024;60583;39.1;20.4
18;2021-05-26;2152;844;118176;61427;39.9;20.7
18;2021-05-27;2208;1231;120384;62658;40.6;21.1
18;2021-05-28;1713;1305;122097;63963;41.2;21.6
18;2021-05-29;2620;1660;124717;65623;42.1;22.1
18;2021-05-30;1484;505;126201;66128;42.6;22.3
18;2021-05-31;1786;694;127987;66822;43.2;22.5
18;2021-06-01;2040;949;130027;67771;43.9;22.9
18;2021-06-02;2009;1022;132036;68793;44.5;23.2
18;2021-06-03;2283;1197;134319;69990;45.3;23.6
18;2021-06-04;1909;1124;136228;71114;46.0;24.0
18;2021-06-05;2803;1449;139031;72563;46.9;24.5
18;2021-06-06;365;381;139396;72944;47.0;24.6
18;2021-06-07;1296;1233;140692;74177;47.5;25.0
18;2021-06-08;1491;1395;142183;75572;48.0;25.5
18;2021-06-09;1328;1067;143511;76639;48.4;25.9
18;2021-06-10;1631;1406;145142;78045;49.0;26.3
18;2021-06-11;1496;1405;146638;79450;49.5;26.8
18;2021-06-12;1244;2512;147882;81962;49.9;27.7
18;2021-06-13;126;262;148008;82224;49.9;27.7
18;2021-06-14;657;1827;148665;84051;50.2;28.4
18;2021-06-15;1093;1822;149758;85873;50.5;29.0
18;2021-06-16;1256;1441;151014;87314;50.9;29.5
18;2021-06-17;1205;1670;152219;88984;51.4;30.0
18;2021-06-18;1292;1666;153511;90650;51.8;30.6
18;2021-06-19;1564;1251;155075;91901;52.3;31.0
18;2021-06-20;246;159;155321;92060;52.4;31.1
18;2021-06-21;665;1601;155986;93661;52.6;31.6
18;2021-06-22;1069;1644;157055;95305;53.0;32.2
18;2021-06-23;944;1641;157999;96946;53.3;32.7
18;2021-06-24;1033;1062;159032;98008;53.7;33.1
18;2021-06-25;893;1744;159925;99752;54.0;33.7
18;2021-06-26;1098;1472;161023;101224;54.3;34.2
18;2021-06-27;30;372;161053;101596;54.3;34.3
18;2021-06-28;421;1924;161474;103520;54.5;34.9
18;2021-06-29;595;2380;162069;105900;54.7;35.7
18;2021-06-30;601;2544;162670;108444;54.9;36.6
18;2021-07-01;961;2156;163631;110600;55.2;37.3
18;2021-07-02;615;1685;164246;112285;55.4;37.9
18;2021-07-03;755;2576;165001;114861;55.7;38.8
18;2021-07-04;164;1033;165165;115894;55.7;39.1
18;2021-07-05;764;1878;165929;117772;56.0;39.7
18;2021-07-06;560;2302;166489;120074;56.2;40.5
18;2021-07-07;767;2115;167256;122189;56.4;41.2
18;2021-07-08;1031;1984;168287;124173;56.8;41.9
18;2021-07-09;704;2307;168991;126480;57.0;42.7
18;2021-07-10;781;3175;169772;129655;57.3;43.7
18;2021-07-11;81;665;169853;130320;57.3;44.0
18;2021-07-12;223;2251;170076;132571;57.4;44.7
18;2021-07-13;619;2907;170695;135478;57.6;45.7
18;2021-07-14;194;937;170889;136415;57.7;46.0
18;2021-07-15;1394;2816;172283;139231;58.1;47.0
18;2021-07-16;1183;2122;173466;141353;58.5;47.7
18;2021-07-17;1129;2474;174595;143827;58.9;48.5
18;2021-07-18;229;332;174824;144159;59.0;48.6
18;2021-07-19;1056;1659;175880;145818;59.3;49.2
18;2021-07-20;1624;2270;177504;148088;59.9;50.0
18;2021-07-21;1902;2060;179406;150148;60.5;50.7
18;2021-07-22;2214;1893;181620;152041;61.3;51.3
18;2021-07-23;1396;1614;183016;153655;61.7;51.8
18;2021-07-24;886;1534;183902;155189;62.0;52.4
18;2021-07-25;189;398;184091;155587;62.1;52.5
18;2021-07-26;1398;1508;185489;157095;62.6;53.0
18;2021-07-27;1823;1539;187312;158634;63.2;53.5
18;2021-07-28;2196;1797;189508;160431;63.9;54.1
18;2021-07-29;2140;1818;191648;162249;64.7;54.7
18;2021-07-30;1580;1344;193228;163593;65.2;55.2
18;2021-07-31;1234;1282;194462;164875;65.6;55.6
18;2021-08-01;90;34;194552;164909;65.6;55.6
18;2021-08-02;1404;765;195956;165674;66.1;55.9
18;2021-08-03;1710;1622;197666;167296;66.7;56.4
18;2021-08-04;2412;1098;200078;168394;67.5;56.8
18;2021-08-05;1520;1243;201598;169637;68.0;57.2
18;2021-08-06;1576;1142;203174;170779;68.5;57.6
18;2021-08-07;608;762;203782;171541;68.8;57.9
18;2021-08-08;48;60;203830;171601;68.8;57.9
18;2021-08-09;1102;873;204932;172474;69.1;58.2
18;2021-08-10;1204;1509;206136;173983;69.5;58.7
18;2021-08-11;1603;1501;207739;175484;70.1;59.2
18;2021-08-12;1548;1594;209287;177078;70.6;59.7
18;2021-08-13;1082;1167;210369;178245;71.0;60.1
18;2021-08-14;757;601;211126;178846;71.2;60.3
18;2021-08-15;35;17;211161;178863;71.2;60.3
18;2021-08-16;825;1200;211986;180063;71.5;60.7
18;2021-08-17;978;1995;212964;182058;71.8;61.4
18;2021-08-18;1152;1956;214116;184014;72.2;62.1
18;2021-08-19;1088;1609;215204;185623;72.6;62.6
18;2021-08-20;909;1755;216113;187378;72.9;63.2
18;2021-08-21;420;702;216533;188080;73.1;63.5
18;2021-08-22;21;73;216554;188153;73.1;63.5
19;2020-12-27;0;0;0;0;0.0;0.0
19;2020-12-28;0;0;0;0;0.0;0.0
19;2020-12-29;1;0;1;0;0.0;0.0
19;2020-12-30;0;0;1;0;0.0;0.0
19;2020-12-31;0;0;1;0;0.0;0.0
19;2021-01-01;0;0;1;0;0.0;0.0
19;2021-01-02;0;0;1;0;0.0;0.0
19;2021-01-03;0;0;1;0;0.0;0.0
19;2021-01-04;0;0;1;0;0.0;0.0
19;2021-01-05;0;0;1;0;0.0;0.0
19;2021-01-06;0;0;1;0;0.0;0.0
19;2021-01-07;343;1;344;1;0.1;0.0
19;2021-01-08;247;1;591;2;0.2;0.0
19;2021-01-09;1;0;592;2;0.2;0.0
19;2021-01-10;1;0;593;2;0.2;0.0
19;2021-01-11;38;0;631;2;0.3;0.0
19;2021-01-12;415;1;1046;3;0.4;0.0
19;2021-01-13;424;2;1470;5;0.6;0.0
19;2021-01-14;475;1;1945;6;0.8;0.0
19;2021-01-15;225;0;2170;6;0.9;0.0
19;2021-01-16;0;0;2170;6;0.9;0.0
19;2021-01-17;1;0;2171;6;0.9;0.0
19;2021-01-18;251;1;2422;7;1.0;0.0
19;2021-01-19;519;0;2941;7;1.2;0.0
19;2021-01-20;922;4;3863;11;1.6;0.0
19;2021-01-21;506;3;4369;14;1.8;0.0
19;2021-01-22;1317;4;5686;18;2.4;0.0
19;2021-01-23;281;0;5967;18;2.5;0.0
19;2021-01-24;36;0;6003;18;2.5;0.0
19;2021-01-25;233;0;6236;18;2.6;0.0
19;2021-01-26;607;4;6843;22;2.8;0.0
19;2021-01-27;334;3;7177;25;3.0;0.0
19;2021-01-28;297;251;7474;276;3.1;0.1
19;2021-01-29;347;60;7821;336;3.3;0.1
19;2021-01-30;130;24;7951;360;3.3;0.1
19;2021-01-31;41;0;7992;360;3.3;0.1
19;2021-02-01;158;95;8150;455;3.4;0.2
19;2021-02-02;303;429;8453;884;3.5;0.4
19;2021-02-03;284;244;8737;1128;3.6;0.5
19;2021-02-04;255;375;8992;1503;3.7;0.6
19;2021-02-05;310;76;9302;1579;3.9;0.7
19;2021-02-06;211;2;9513;1581;4.0;0.7
19;2021-02-07;48;2;9561;1583;4.0;0.7
19;2021-02-08;177;150;9738;1733;4.1;0.7
19;2021-02-09;333;275;10071;2008;4.2;0.8
19;2021-02-10;517;295;10588;2303;4.4;1.0
19;2021-02-11;412;321;11000;2624;4.6;1.1
19;2021-02-12;797;1166;11797;3790;4.9;1.6
19;2021-02-13;352;184;12149;3974;5.1;1.7
19;2021-02-14;98;13;12247;3987;5.1;1.7
19;2021-02-15;200;246;12447;4233;5.2;1.8
19;2021-02-16;386;172;12833;4405;5.3;1.8
19;2021-02-17;306;469;13139;4874;5.5;2.0
19;2021-02-18;174;510;13313;5384;5.5;2.2
19;2021-02-19;469;301;13782;5685;5.7;2.4
19;2021-02-20;133;209;13915;5894;5.8;2.5
19;2021-02-21;20;40;13935;5934;5.8;2.5
19;2021-02-22;220;210;14155;6144;5.9;2.6
19;2021-02-23;268;345;14423;6489;6.0;2.7
19;2021-02-24;361;209;14784;6698;6.2;2.8
19;2021-02-25;519;383;15303;7081;6.4;2.9
19;2021-02-26;395;318;15698;7399;6.5;3.1
19;2021-02-27;348;162;16046;7561;6.7;3.1
19;2021-02-28;68;36;16114;7597;6.7;3.2
19;2021-03-01;266;221;16380;7818;6.8;3.3
19;2021-03-02;428;259;16808;8077;7.0;3.4
19;2021-03-03;691;337;17499;8414;7.3;3.5
19;2021-03-04;826;352;18325;8766;7.6;3.6
19;2021-03-05;891;735;19216;9501;8.0;4.0
19;2021-03-06;1072;216;20288;9717;8.4;4.0
19;2021-03-07;463;37;20751;9754;8.6;4.1
19;2021-03-08;638;163;21389;9917;8.9;4.1
19;2021-03-09;836;246;22225;10163;9.2;4.2
19;2021-03-10;1155;320;23380;10483;9.7;4.4
19;2021-03-11;1274;308;24654;10791;10.3;4.5
19;2021-03-12;1137;405;25791;11196;10.7;4.7
19;2021-03-13;1111;168;26902;11364;11.2;4.7
19;2021-03-14;160;84;27062;11448;11.3;4.8
19;2021-03-15;699;137;27761;11585;11.6;4.8
19;2021-03-16;688;303;28449;11888;11.8;4.9
19;2021-03-17;839;280;29288;12168;12.2;5.1
19;2021-03-18;767;283;30055;12451;12.5;5.2
19;2021-03-19;1014;488;31069;12939;12.9;5.4
19;2021-03-20;782;131;31851;13070;13.3;5.4
19;2021-03-21;128;4;31979;13074;13.3;5.4
19;2021-03-22;548;176;32527;13250;13.5;5.5
19;2021-03-23;1044;232;33571;13482;14.0;5.6
19;2021-03-24;1171;373;34742;13855;14.5;5.8
19;2021-03-25;1189;415;35931;14270;15.0;5.9
19;2021-03-26;1323;277;37254;14547;15.5;6.1
19;2021-03-27;854;188;38108;14735;15.9;6.1
19;2021-03-28;63;60;38171;14795;15.9;6.2
19;2021-03-29;612;177;38783;14972;16.1;6.2
19;2021-03-30;971;344;39754;15316;16.5;6.4
19;2021-03-31;1157;498;40911;15814;17.0;6.6
19;2021-04-01;1491;427;42402;16241;17.6;6.8
19;2021-04-02;1007;525;43409;16766;18.1;7.0
19;2021-04-03;597;283;44006;17049;18.3;7.1
19;2021-04-04;130;3;44136;17052;18.4;7.1
19;2021-04-05;40;75;44176;17127;18.4;7.1
19;2021-04-06;735;603;44911;17730;18.7;7.4
19;2021-04-07;978;732;45889;18462;19.1;7.7
19;2021-04-08;1116;1018;47005;19480;19.6;8.1
19;2021-04-09;1642;612;48647;20092;20.2;8.4
19;2021-04-10;946;557;49593;20649;20.6;8.6
19;2021-04-11;558;74;50151;20723;20.9;8.6
19;2021-04-12;681;521;50832;21244;21.2;8.8
19;2021-04-13;915;578;51747;21822;21.5;9.1
19;2021-04-14;1334;843;53081;22665;22.1;9.4
19;2021-04-15;1229;873;54310;23538;22.6;9.8
19;2021-04-16;1505;820;55815;24358;23.2;10.1
19;2021-04-17;761;478;56576;24836;23.5;10.3
19;2021-04-18;661;69;57237;24905;23.8;10.4
19;2021-04-19;730;439;57967;25344;24.1;10.5
19;2021-04-20;979;748;58946;26092;24.5;10.9
19;2021-04-21;1271;700;60217;26792;25.1;11.1
19;2021-04-22;1190;898;61407;27690;25.6;11.5
19;2021-04-23;1128;1021;62535;28711;26.0;11.9
19;2021-04-24;679;675;63214;29386;26.3;12.2
19;2021-04-25;675;69;63889;29455;26.6;12.3
19;2021-04-26;1056;331;64945;29786;27.0;12.4
19;2021-04-27;1028;569;65973;30355;27.5;12.6
19;2021-04-28;1553;554;67526;30909;28.1;12.9
19;2021-04-29;1453;1195;68979;32104;28.7;13.4
19;2021-04-30;1877;1059;70856;33163;29.5;13.8
19;2021-05-01;670;169;71526;33332;29.8;13.9
19;2021-05-02;550;152;72076;33484;30.0;13.9
19;2021-05-03;854;547;72930;34031;30.3;14.2
19;2021-05-04;1025;708;73955;34739;30.8;14.5
19;2021-05-05;1255;741;75210;35480;31.3;14.8
19;2021-05-06;1127;1198;76337;36678;31.8;15.3
19;2021-05-07;1664;1191;78001;37869;32.5;15.8
19;2021-05-08;712;207;78713;38076;32.8;15.8
19;2021-05-09;487;545;79200;38621;33.0;16.1
19;2021-05-10;1164;670;80364;39291;33.4;16.3
19;2021-05-11;1640;859;82004;40150;34.1;16.7
19;2021-05-12;1945;1318;83949;41468;34.9;17.3
19;2021-05-13;571;242;84520;41710;35.2;17.4
19;2021-05-14;1646;987;86166;42697;35.9;17.8
19;2021-05-15;1443;591;87609;43288;36.5;18.0
19;2021-05-16;350;82;87959;43370;36.6;18.0
19;2021-05-17;1498;559;89457;43929;37.2;18.3
19;2021-05-18;1671;498;91128;44427;37.9;18.5
19;2021-05-19;2009;832;93137;45259;38.8;18.8
19;2021-05-20;1722;889;94859;46148;39.5;19.2
19;2021-05-21;1964;815;96823;46963;40.3;19.5
19;2021-05-22;1272;652;98095;47615;40.8;19.8
19;2021-05-23;324;131;98419;47746;41.0;19.9
19;2021-05-24;139;46;98558;47792;41.0;19.9
19;2021-05-25;1503;492;100061;48284;41.6;20.1
19;2021-05-26;1926;667;101987;48951;42.4;20.4
19;2021-05-27;1787;833;103774;49784;43.2;20.7
19;2021-05-28;1937;990;105711;50774;44.0;21.1
19;2021-05-29;1375;705;107086;51479;44.6;21.4
19;2021-05-30;191;497;107277;51976;44.6;21.6
19;2021-05-31;1199;537;108476;52513;45.1;21.8
19;2021-06-01;1283;886;109759;53399;45.7;22.2
19;2021-06-02;1817;958;111576;54357;46.4;22.6
19;2021-06-03;1447;1252;113023;55609;47.0;23.1
19;2021-06-04;1848;1357;114871;56966;47.8;23.7
19;2021-06-05;1210;814;116081;57780;48.3;24.0
19;2021-06-06;87;649;116168;58429;48.3;24.3
19;2021-06-07;922;934;117090;59363;48.7;24.7
19;2021-06-08;1104;907;118194;60270;49.2;25.1
19;2021-06-09;1329;1463;119523;61733;49.7;25.7
19;2021-06-10;1284;1581;120807;63314;50.3;26.3
19;2021-06-11;1315;1917;122122;65231;50.8;27.1
19;2021-06-12;1357;1317;123479;66548;51.4;27.7
19;2021-06-13;543;423;124022;66971;51.6;27.9
19;2021-06-14;736;1017;124758;67988;51.9;28.3
19;2021-06-15;979;1144;125737;69132;52.3;28.8
19;2021-06-16;1223;1363;126960;70495;52.8;29.3
19;2021-06-17;869;1792;127829;72287;53.2;30.1
19;2021-06-18;1057;2136;128886;74423;53.6;31.0
19;2021-06-19;919;1302;129805;75725;54.0;31.5
19;2021-06-20;395;327;130200;76052;54.2;31.6
19;2021-06-21;500;1075;130700;77127;54.4;32.1
19;2021-06-22;698;1490;131398;78617;54.7;32.7
19;2021-06-23;743;1985;132141;80602;55.0;33.5
19;2021-06-24;687;1663;132828;82265;55.3;34.2
19;2021-06-25;562;2216;133390;84481;55.5;35.2
19;2021-06-26;471;1739;133861;86220;55.7;35.9
19;2021-06-27;289;444;134150;86664;55.8;36.1
19;2021-06-28;315;1500;134465;88164;55.9;36.7
19;2021-06-29;354;1892;134819;90056;56.1;37.5
19;2021-06-30;795;2152;135614;92208;56.4;38.4
19;2021-07-01;361;2320;135975;94528;56.6;39.3
19;2021-07-02;781;2318;136756;96846;56.9;40.3
19;2021-07-03;513;1739;137269;98585;57.1;41.0
19;2021-07-04;1;73;137270;98658;57.1;41.1
19;2021-07-05;600;1015;137870;99673;57.4;41.5
19;2021-07-06;506;1541;138376;101214;57.6;42.1
19;2021-07-07;705;2045;139081;103259;57.9;43.0
19;2021-07-08;768;2148;139849;105407;58.2;43.9
19;2021-07-09;716;2660;140565;108067;58.5;45.0
19;2021-07-10;587;1709;141152;109776;58.7;45.7
19;2021-07-11;45;212;141197;109988;58.7;45.8
19;2021-07-12;447;1488;141644;111476;58.9;46.4
19;2021-07-13;680;1827;142324;113303;59.2;47.1
19;2021-07-14;202;273;142526;113576;59.3;47.3
19;2021-07-15;871;2050;143397;115626;59.7;48.1
19;2021-07-16;1229;2445;144626;118071;60.2;49.1
19;2021-07-17;702;1718;145328;119789;60.5;49.8
19;2021-07-18;363;672;145691;120461;60.6;50.1
19;2021-07-19;968;1405;146659;121866;61.0;50.7
19;2021-07-20;967;1675;147626;123541;61.4;51.4
19;2021-07-21;1082;1713;148708;125254;61.9;52.1
19;2021-07-22;1390;1855;150098;127109;62.5;52.9
19;2021-07-23;1780;1991;151878;129100;63.2;53.7
19;2021-07-24;907;1752;152785;130852;63.6;54.4
19;2021-07-25;163;513;152948;131365;63.6;54.7
19;2021-07-26;910;909;153858;132274;64.0;55.0
19;2021-07-27;1421;1115;155279;133389;64.6;55.5
19;2021-07-28;2041;1225;157320;134614;65.5;56.0
19;2021-07-29;1616;1203;158936;135817;66.1;56.5
19;2021-07-30;1901;1020;160837;136837;66.9;56.9
19;2021-07-31;1127;1016;161964;137853;67.4;57.4
19;2021-08-01;347;373;162311;138226;67.5;57.5
19;2021-08-02;1135;805;163446;139031;68.0;57.8
19;2021-08-03;1446;1050;164892;140081;68.6;58.3
19;2021-08-04;1973;761;166865;140842;69.4;58.6
19;2021-08-05;1620;950;168485;141792;70.1;59.0
19;2021-08-06;1959;1213;170444;143005;70.9;59.5
19;2021-08-07;1327;994;171771;143999;71.5;59.9
19;2021-08-08;184;232;171955;144231;71.5;60.0
19;2021-08-09;999;786;172954;145017;72.0;60.3
19;2021-08-10;1278;1008;174232;146025;72.5;60.8
19;2021-08-11;1346;1004;175578;147029;73.1;61.2
19;2021-08-12;1016;1278;176594;148307;73.5;61.7
19;2021-08-13;1168;1277;177762;149584;74.0;62.2
19;2021-08-14;974;1160;178736;150744;74.4;62.7
19;2021-08-15;30;54;178766;150798;74.4;62.7
19;2021-08-16;586;1026;179352;151824;74.6;63.2
19;2021-08-17;616;1166;179968;152990;74.9;63.7
19;2021-08-18;626;980;180594;153970;75.1;64.1
19;2021-08-19;435;1259;181029;155229;75.3;64.6
19;2021-08-20;852;1927;181881;157156;75.7;65.4
19;2021-08-21;486;1371;182367;158527;75.9;66.0
19;2021-08-22;50;91;182417;158618;75.9;66.0
21;2020-12-27;4;0;4;0;0.0;0.0
21;2020-12-28;2;0;6;0;0.0;0.0
21;2020-12-29;19;0;25;0;0.0;0.0
21;2020-12-30;22;0;47;0;0.0;0.0
21;2020-12-31;0;0;47;0;0.0;0.0
21;2021-01-01;0;0;47;0;0.0;0.0
21;2021-01-02;1;0;48;0;0.0;0.0
21;2021-01-03;1;0;49;0;0.0;0.0
21;2021-01-04;22;0;71;0;0.0;0.0
21;2021-01-05;250;2;321;2;0.1;0.0
21;2021-01-06;300;0;621;2;0.1;0.0
21;2021-01-07;387;0;1008;2;0.2;0.0
21;2021-01-08;455;2;1463;4;0.3;0.0
21;2021-01-09;252;0;1715;4;0.3;0.0
21;2021-01-10;1;0;1716;4;0.3;0.0
21;2021-01-11;624;1;2340;5;0.4;0.0
21;2021-01-12;655;0;2995;5;0.6;0.0
21;2021-01-13;703;2;3698;7;0.7;0.0
21;2021-01-14;1188;6;4886;13;0.9;0.0
21;2021-01-15;716;5;5602;18;1.1;0.0
21;2021-01-16;162;0;5764;18;1.1;0.0
21;2021-01-17;5;0;5769;18;1.1;0.0
21;2021-01-18;1317;5;7086;23;1.3;0.0
21;2021-01-19;1366;2;8452;25;1.6;0.0
21;2021-01-20;1296;45;9748;70;1.8;0.0
21;2021-01-21;1540;3;11288;73;2.1;0.0
21;2021-01-22;1244;5;12532;78;2.4;0.0
21;2021-01-23;487;0;13019;78;2.4;0.0
21;2021-01-24;122;0;13141;78;2.5;0.0
21;2021-01-25;925;18;14066;96;2.6;0.0
21;2021-01-26;1542;146;15608;242;2.9;0.0
21;2021-01-27;2044;156;17652;398;3.3;0.1
21;2021-01-28;1450;227;19102;625;3.6;0.1
21;2021-01-29;1023;212;20125;837;3.8;0.2
21;2021-01-30;469;31;20594;868;3.9;0.2
21;2021-01-31;97;3;20691;871;3.9;0.2
21;2021-02-01;452;287;21143;1158;4.0;0.2
21;2021-02-02;455;442;21598;1600;4.1;0.3
21;2021-02-03;442;282;22040;1882;4.1;0.4
21;2021-02-04;417;546;22457;2428;4.2;0.5
21;2021-02-05;489;524;22946;2952;4.3;0.6
21;2021-02-06;154;223;23100;3175;4.3;0.6
21;2021-02-07;2;2;23102;3177;4.3;0.6
21;2021-02-08;433;391;23535;3568;4.4;0.7
21;2021-02-09;514;522;24049;4090;4.5;0.8
21;2021-02-10;461;583;24510;4673;4.6;0.9
21;2021-02-11;484;753;24994;5426;4.7;1.0
21;2021-02-12;356;939;25350;6365;4.8;1.2
21;2021-02-13;360;321;25710;6686;4.8;1.3
21;2021-02-14;240;149;25950;6835;4.9;1.3
21;2021-02-15;120;1410;26070;8245;4.9;1.5
21;2021-02-16;206;1571;26276;9816;4.9;1.8
21;2021-02-17;398;1985;26674;11801;5.0;2.2
21;2021-02-18;603;1355;27277;13156;5.1;2.5
21;2021-02-19;216;1138;27493;14294;5.2;2.7
21;2021-02-20;122;429;27615;14723;5.2;2.8
21;2021-02-21;1;83;27616;14806;5.2;2.8
21;2021-02-22;83;776;27699;15582;5.2;2.9
21;2021-02-23;169;1042;27868;16624;5.2;3.1
21;2021-02-24;226;745;28094;17369;5.3;3.3
21;2021-02-25;646;830;28740;18199;5.4;3.4
21;2021-02-26;926;718;29666;18917;5.6;3.5
21;2021-02-27;535;302;30201;19219;5.7;3.6
21;2021-02-28;24;135;30225;19354;5.7;3.6
21;2021-03-01;679;630;30904;19984;5.8;3.8
21;2021-03-02;1055;554;31959;20538;6.0;3.9
21;2021-03-03;1164;440;33123;20978;6.2;3.9
21;2021-03-04;1683;518;34806;21496;6.5;4.0
21;2021-03-05;2197;661;37003;22157;6.9;4.2
21;2021-03-06;1592;195;38595;22352;7.2;4.2
21;2021-03-07;4;16;38599;22368;7.2;4.2
21;2021-03-08;772;447;39371;22815;7.4;4.3
21;2021-03-09;1570;569;40941;23384;7.7;4.4
21;2021-03-10;1626;562;42567;23946;8.0;4.5
21;2021-03-11;2193;693;44760;24639;8.4;4.6
21;2021-03-12;2903;436;47663;25075;8.9;4.7
21;2021-03-13;1932;187;49595;25262;9.3;4.7
21;2021-03-14;38;49;49633;25311;9.3;4.7
21;2021-03-15;1413;85;51046;25396;9.6;4.8
21;2021-03-16;1879;152;52925;25548;9.9;4.8
21;2021-03-17;1808;112;54733;25660;10.3;4.8
21;2021-03-18;2124;265;56857;25925;10.7;4.9
21;2021-03-19;1963;145;58820;26070;11.0;4.9
21;2021-03-20;1228;38;60048;26108;11.3;4.9
21;2021-03-21;2;0;60050;26108;11.3;4.9
21;2021-03-22;1556;90;61606;26198;11.6;4.9
21;2021-03-23;2695;102;64301;26300;12.1;4.9
21;2021-03-24;2890;160;67191;26460;12.6;5.0
21;2021-03-25;3731;240;70922;26700;13.3;5.0
21;2021-03-26;3656;204;74578;26904;14.0;5.0
21;2021-03-27;1731;59;76309;26963;14.3;5.1
21;2021-03-28;200;37;76509;27000;14.4;5.1
21;2021-03-29;1789;517;78298;27517;14.7;5.2
21;2021-03-30;2348;806;80646;28323;15.1;5.3
21;2021-03-31;2718;652;83364;28975;15.6;5.4
21;2021-04-01;2689;719;86053;29694;16.1;5.6
21;2021-04-02;2247;740;88300;30434;16.6;5.7
21;2021-04-03;1018;279;89318;30713;16.8;5.8
21;2021-04-04;2;12;89320;30725;16.8;5.8
21;2021-04-05;9;0;89329;30725;16.8;5.8
21;2021-04-06;1360;1136;90689;31861;17.0;6.0
21;2021-04-07;1750;970;92439;32831;17.3;6.2
21;2021-04-08;3215;1141;95654;33972;18.0;6.4
21;2021-04-09;3481;1189;99135;35161;18.6;6.6
21;2021-04-10;1377;742;100512;35903;18.9;6.7
21;2021-04-11;145;3;100657;35906;18.9;6.7
21;2021-04-12;1116;1348;101773;37254;19.1;7.0
21;2021-04-13;1655;1783;103428;39037;19.4;7.3
21;2021-04-14;1483;1470;104911;40507;19.7;7.6
21;2021-04-15;1904;1594;106815;42101;20.0;7.9
21;2021-04-16;2322;1315;109137;43416;20.5;8.1
21;2021-04-17;1018;970;110155;44386;20.7;8.3
21;2021-04-18;15;4;110170;44390;20.7;8.3
21;2021-04-19;1110;1323;111280;45713;20.9;8.6
21;2021-04-20;1240;1833;112520;47546;21.1;8.9
21;2021-04-21;1095;1721;113615;49267;21.3;9.2
21;2021-04-22;1275;2214;114890;51481;21.6;9.7
21;2021-04-23;1983;1725;116873;53206;21.9;10.0
21;2021-04-24;1002;872;117875;54078;22.1;10.1
21;2021-04-25;9;168;117884;54246;22.1;10.2
21;2021-04-26;1013;1598;118897;55844;22.3;10.5
21;2021-04-27;1839;1941;120736;57785;22.7;10.8
21;2021-04-28;2231;2225;122967;60010;23.1;11.3
21;2021-04-29;3137;2268;126104;62278;23.7;11.7
21;2021-04-30;3559;1865;129663;64143;24.3;12.0
21;2021-05-01;962;227;130625;64370;24.5;12.1
21;2021-05-02;2;5;130627;64375;24.5;12.1
21;2021-05-03;2081;1350;132708;65725;24.9;12.3
21;2021-05-04;2577;1651;135285;67376;25.4;12.6
21;2021-05-05;2248;1691;137533;69067;25.8;13.0
21;2021-05-06;3014;2243;140547;71310;26.4;13.4
21;2021-05-07;2805;2185;143352;73495;26.9;13.8
21;2021-05-08;1068;270;144420;73765;27.1;13.8
21;2021-05-09;26;177;144446;73942;27.1;13.9
21;2021-05-10;3170;1732;147616;75674;27.7;14.2
21;2021-05-11;4917;2009;152533;77683;28.6;14.6
21;2021-05-12;4804;1749;157337;79432;29.5;14.9
21;2021-05-13;3846;364;161183;79796;30.2;15.0
21;2021-05-14;5201;1471;166384;81267;31.2;15.3
21;2021-05-15;3429;650;169813;81917;31.9;15.4
21;2021-05-16;49;4;169862;81921;31.9;15.4
21;2021-05-17;4130;1260;173992;83181;32.7;15.6
21;2021-05-18;4360;1505;178352;84686;33.5;15.9
21;2021-05-19;3471;1132;181823;85818;34.1;16.1
21;2021-05-20;3899;1358;185722;87176;34.9;16.4
21;2021-05-21;3625;2156;189347;89332;35.5;16.8
21;2021-05-22;1669;769;191016;90101;35.8;16.9
21;2021-05-23;4;17;191020;90118;35.8;16.9
21;2021-05-24;1817;266;192837;90384;36.2;17.0
21;2021-05-25;2648;1968;195485;92352;36.7;17.3
21;2021-05-26;2604;1998;198089;94350;37.2;17.7
21;2021-05-27;4014;2111;202103;96461;37.9;18.1
21;2021-05-28;3572;2832;205675;99293;38.6;18.6
21;2021-05-29;1929;1467;207604;100760;39.0;18.9
21;2021-05-30;98;13;207702;100773;39.0;18.9
21;2021-05-31;2502;1783;210204;102556;39.4;19.2
21;2021-06-01;3455;2259;213659;104815;40.1;19.7
21;2021-06-02;2618;1765;216277;106580;40.6;20.0
21;2021-06-03;3147;2080;219424;108660;41.2;20.4
21;2021-06-04;3282;2590;222706;111250;41.8;20.9
21;2021-06-05;2924;1653;225630;112903;42.3;21.2
21;2021-06-06;51;85;225681;112988;42.4;21.2
21;2021-06-07;4315;1352;229996;114340;43.2;21.5
21;2021-06-08;4941;2144;234937;116484;44.1;21.9
21;2021-06-09;4502;1627;239439;118111;44.9;22.2
21;2021-06-10;3933;2599;243372;120710;45.7;22.7
21;2021-06-11;4167;3111;247539;123821;46.5;23.2
21;2021-06-12;2198;1608;249737;125429;46.9;23.5
21;2021-06-13;29;11;249766;125440;46.9;23.5
21;2021-06-14;2199;2568;251965;128008;47.3;24.0
21;2021-06-15;2962;3096;254927;131104;47.8;24.6
21;2021-06-16;2854;2614;257781;133718;48.4;25.1
21;2021-06-17;3421;3045;261202;136763;49.0;25.7
21;2021-06-18;2426;3801;263628;140564;49.5;26.4
21;2021-06-19;2044;1864;265672;142428;49.9;26.7
21;2021-06-20;26;13;265698;142441;49.9;26.7
21;2021-06-21;1843;3413;267541;145854;50.2;27.4
21;2021-06-22;1880;5832;269421;151686;50.6;28.5
21;2021-06-23;2027;5013;271448;156699;50.9;29.4
21;2021-06-24;2365;4665;273813;161364;51.4;30.3
21;2021-06-25;1530;5899;275343;167263;51.7;31.4
21;2021-06-26;1441;3901;276784;171164;51.9;32.1
21;2021-06-27;18;125;276802;171289;51.9;32.1
21;2021-06-28;1398;4019;278200;175308;52.2;32.9
21;2021-06-29;1636;4180;279836;179488;52.5;33.7
21;2021-06-30;1568;3376;281404;182864;52.8;34.3
21;2021-07-01;1664;4149;283068;187013;53.1;35.1
21;2021-07-02;2176;4229;285244;191242;53.5;35.9
21;2021-07-03;1093;2101;286337;193343;53.7;36.3
21;2021-07-04;37;55;286374;193398;53.7;36.3
21;2021-07-05;1608;3627;287982;197025;54.0;37.0
21;2021-07-06;1347;3587;289329;200612;54.3;37.6
21;2021-07-07;1455;3242;290784;203854;54.6;38.3
21;2021-07-08;1879;4158;292663;208012;54.9;39.0
21;2021-07-09;2084;4353;294747;212365;55.3;39.9
21;2021-07-10;1089;2544;295836;214909;55.5;40.3
21;2021-07-11;21;74;295857;214983;55.5;40.3
21;2021-07-12;1655;3726;297512;218709;55.8;41.0
21;2021-07-13;2342;4897;299854;223606;56.3;42.0
21;2021-07-14;2873;2015;302727;225621;56.8;42.3
21;2021-07-15;3812;4559;306539;230180;57.5;43.2
21;2021-07-16;3882;5253;310421;235433;58.3;44.2
21;2021-07-17;2773;4169;313194;239602;58.8;45.0
21;2021-07-18;157;82;313351;239684;58.8;45.0
21;2021-07-19;2378;4625;315729;244309;59.2;45.8
21;2021-07-20;2757;5491;318486;249800;59.8;46.9
21;2021-07-21;2904;4790;321390;254590;60.3;47.8
21;2021-07-22;3015;4723;324405;259313;60.9;48.7
21;2021-07-23;4348;4890;328753;264203;61.7;49.6
21;2021-07-24;3037;3015;331790;267218;62.3;50.1
21;2021-07-25;68;40;331858;267258;62.3;50.2
21;2021-07-26;2662;3590;334520;270848;62.8;50.8
21;2021-07-27;3404;3778;337924;274626;63.4;51.5
21;2021-07-28;3564;3347;341488;277973;64.1;52.2
21;2021-07-29;4118;3371;345606;281344;64.9;52.8
21;2021-07-30;4594;3344;350200;284688;65.7;53.4
21;2021-07-31;3416;2364;353616;287052;66.4;53.9
21;2021-08-01;328;57;353944;287109;66.4;53.9
21;2021-08-02;2524;3161;356468;290270;66.9;54.5
21;2021-08-03;2602;2766;359070;293036;67.4;55.0
21;2021-08-04;2352;2481;361422;295517;67.8;55.5
21;2021-08-05;2193;3082;363615;298599;68.2;56.0
21;2021-08-06;2563;3298;366178;301897;68.7;56.7
21;2021-08-07;1887;2651;368065;304548;69.1;57.2
21;2021-08-08;74;68;368139;304616;69.1;57.2
21;2021-08-09;1627;2927;369766;307543;69.4;57.7
21;2021-08-10;1396;2712;371162;310255;69.7;58.2
21;2021-08-11;1647;2444;372809;312699;70.0;58.7
21;2021-08-12;1140;2420;373949;315119;70.2;59.1
21;2021-08-13;1484;2739;375433;317858;70.5;59.6
21;2021-08-14;837;2429;376270;320287;70.6;60.1
21;2021-08-15;51;63;376321;320350;70.6;60.1
21;2021-08-16;1388;2820;377709;323170;70.9;60.6
21;2021-08-17;1192;2772;378901;325942;71.1;61.2
21;2021-08-18;1017;2868;379918;328810;71.3;61.7
21;2021-08-19;945;3064;380863;331874;71.5;62.3
21;2021-08-20;1041;4175;381904;336049;71.7;63.1
21;2021-08-21;826;3137;382730;339186;71.8;63.7
21;2021-08-22;30;116;382760;339302;71.8;63.7
22;2020-12-27;0;0;0;0;0.0;0.0
22;2020-12-28;0;0;0;0;0.0;0.0
22;2020-12-29;0;0;0;0;0.0;0.0
22;2020-12-30;0;0;0;0;0.0;0.0
22;2020-12-31;0;0;0;0;0.0;0.0
22;2021-01-01;0;0;0;0;0.0;0.0
22;2021-01-02;2;0;2;0;0.0;0.0
22;2021-01-03;0;0;2;0;0.0;0.0
22;2021-01-04;5;0;7;0;0.0;0.0
22;2021-01-05;61;0;68;0;0.0;0.0
22;2021-01-06;114;1;182;1;0.0;0.0
22;2021-01-07;67;0;249;1;0.0;0.0
22;2021-01-08;174;0;423;1;0.1;0.0
22;2021-01-09;1;0;424;1;0.1;0.0
22;2021-01-10;0;0;424;1;0.1;0.0
22;2021-01-11;234;3;658;4;0.1;0.0
22;2021-01-12;627;0;1285;4;0.2;0.0
22;2021-01-13;676;1;1961;5;0.3;0.0
22;2021-01-14;716;8;2677;13;0.4;0.0
22;2021-01-15;529;2;3206;15;0.5;0.0
22;2021-01-16;96;0;3302;15;0.6;0.0
22;2021-01-17;1;0;3303;15;0.6;0.0
22;2021-01-18;311;1;3614;16;0.6;0.0
22;2021-01-19;687;1;4301;17;0.7;0.0
22;2021-01-20;598;0;4899;17;0.8;0.0
22;2021-01-21;947;1;5846;18;1.0;0.0
22;2021-01-22;839;2;6685;20;1.1;0.0
22;2021-01-23;219;0;6904;20;1.2;0.0
22;2021-01-24;1;0;6905;20;1.2;0.0
22;2021-01-25;748;10;7653;30;1.3;0.0
22;2021-01-26;1016;59;8669;89;1.5;0.0
22;2021-01-27;3858;111;12527;200;2.1;0.0
22;2021-01-28;4512;84;17039;284;2.9;0.0
22;2021-01-29;1898;129;18937;413;3.2;0.1
22;2021-01-30;287;0;19224;413;3.2;0.1
22;2021-01-31;3;0;19227;413;3.2;0.1
22;2021-02-01;641;81;19868;494;3.3;0.1
22;2021-02-02;903;436;20771;930;3.5;0.2
22;2021-02-03;690;504;21461;1434;3.6;0.2
22;2021-02-04;965;636;22426;2070;3.8;0.3
22;2021-02-05;721;563;23147;2633;3.9;0.4
22;2021-02-06;250;0;23397;2633;3.9;0.4
22;2021-02-07;0;0;23397;2633;3.9;0.4
22;2021-02-08;531;133;23928;2766;4.0;0.5
22;2021-02-09;614;344;24542;3110;4.1;0.5
22;2021-02-10;425;201;24967;3311;4.2;0.6
22;2021-02-11;1086;325;26053;3636;4.4;0.6
22;2021-02-12;594;329;26647;3965;4.5;0.7
22;2021-02-13;319;78;26966;4043;4.5;0.7
22;2021-02-14;0;5;26966;4048;4.5;0.7
22;2021-02-15;672;428;27638;4476;4.6;0.8
22;2021-02-16;1042;704;28680;5180;4.8;0.9
22;2021-02-17;1202;2462;29882;7642;5.0;1.3
22;2021-02-18;2141;3008;32023;10650;5.4;1.8
22;2021-02-19;1636;1946;33659;12596;5.6;2.1
22;2021-02-20;479;214;34138;12810;5.7;2.1
22;2021-02-21;5;49;34143;12859;5.7;2.2
22;2021-02-22;403;721;34546;13580;5.8;2.3
22;2021-02-23;664;932;35210;14512;5.9;2.4
22;2021-02-24;695;944;35905;15456;6.0;2.6
22;2021-02-25;1201;1207;37106;16663;6.2;2.8
22;2021-02-26;1066;711;38172;17374;6.4;2.9
22;2021-02-27;564;286;38736;17660;6.5;3.0
22;2021-02-28;16;8;38752;17668;6.5;3.0
22;2021-03-01;958;525;39710;18193;6.7;3.1
22;2021-03-02;1205;878;40915;19071;6.9;3.2
22;2021-03-03;1325;861;42240;19932;7.1;3.3
22;2021-03-04;1600;930;43840;20862;7.4;3.5
22;2021-03-05;2107;808;45947;21670;7.7;3.6
22;2021-03-06;1113;298;47060;21968;7.9;3.7
22;2021-03-07;219;1;47279;21969;7.9;3.7
22;2021-03-08;1291;659;48570;22628;8.1;3.8
22;2021-03-09;1824;753;50394;23381;8.5;3.9
22;2021-03-10;1988;1004;52382;24385;8.8;4.1
22;2021-03-11;2373;1654;54755;26039;9.2;4.4
22;2021-03-12;3102;961;57857;27000;9.7;4.5
22;2021-03-13;1716;294;59573;27294;10.0;4.6
22;2021-03-14;245;23;59818;27317;10.0;4.6
22;2021-03-15;1619;566;61437;27883;10.3;4.7
22;2021-03-16;1601;854;63038;28737;10.6;4.8
22;2021-03-17;2649;704;65687;29441;11.0;4.9
22;2021-03-18;2553;1112;68240;30553;11.4;5.1
22;2021-03-19;3282;799;71522;31352;12.0;5.3
22;2021-03-20;2208;285;73730;31637;12.4;5.3
22;2021-03-21;16;0;73746;31637;12.4;5.3
22;2021-03-22;2364;364;76110;32001;12.8;5.4
22;2021-03-23;3143;785;79253;32786;13.3;5.5
22;2021-03-24;3485;685;82738;33471;13.9;5.6
22;2021-03-25;3962;606;86700;34077;14.5;5.7
22;2021-03-26;4003;484;90703;34561;15.2;5.8
22;2021-03-27;2088;180;92791;34741;15.6;5.8
22;2021-03-28;67;1;92858;34742;15.6;5.8
22;2021-03-29;2766;910;95624;35652;16.0;6.0
22;2021-03-30;3567;1155;99191;36807;16.6;6.2
22;2021-03-31;3675;1088;102866;37895;17.3;6.4
22;2021-04-01;4942;1127;107808;39022;18.1;6.5
22;2021-04-02;4392;1038;112200;40060;18.8;6.7
22;2021-04-03;1997;403;114197;40463;19.2;6.8
22;2021-04-04;37;0;114234;40463;19.2;6.8
22;2021-04-05;15;0;114249;40463;19.2;6.8
22;2021-04-06;3289;1139;117538;41602;19.7;7.0
22;2021-04-07;3429;1366;120967;42968;20.3;7.2
22;2021-04-08;4448;1322;125415;44290;21.0;7.4
22;2021-04-09;5184;1356;130599;45646;21.9;7.7
22;2021-04-10;2445;365;133044;46011;22.3;7.7
22;2021-04-11;485;10;133529;46021;22.4;7.7
22;2021-04-12;2986;1003;136515;47024;22.9;7.9
22;2021-04-13;3321;1517;139836;48541;23.5;8.1
22;2021-04-14;3168;2489;143004;51030;24.0;8.6
22;2021-04-15;3599;2436;146603;53466;24.6;9.0
22;2021-04-16;3632;2488;150235;55954;25.2;9.4
22;2021-04-17;1918;1787;152153;57741;25.5;9.7
22;2021-04-18;17;0;152170;57741;25.5;9.7
22;2021-04-19;3021;2149;155191;59890;26.0;10.0
22;2021-04-20;3308;2794;158499;62684;26.6;10.5
22;2021-04-21;3224;2731;161723;65415;27.1;11.0
22;2021-04-22;3592;3132;165315;68547;27.7;11.5
22;2021-04-23;3729;3173;169044;71720;28.4;12.0
22;2021-04-24;2004;1962;171048;73682;28.7;12.4
22;2021-04-25;17;0;171065;73682;28.7;12.4
22;2021-04-26;3212;2853;174277;76535;29.2;12.8
22;2021-04-27;3372;3143;177649;79678;29.8;13.4
22;2021-04-28;3490;3153;181139;82831;30.4;13.9
22;2021-04-29;4081;3271;185220;86102;31.1;14.4
22;2021-04-30;3905;3228;189125;89330;31.7;15.0
22;2021-05-01;60;69;189185;89399;31.7;15.0
22;2021-05-02;1237;60;190422;89459;31.9;15.0
22;2021-05-03;2032;2710;192454;92169;32.3;15.5
22;2021-05-04;2155;2900;194609;95069;32.6;15.9
22;2021-05-05;2052;3007;196661;98076;33.0;16.5
22;2021-05-06;2509;3496;199170;101572;33.4;17.0
22;2021-05-07;2831;3409;202001;104981;33.9;17.6
22;2021-05-08;45;121;202046;105102;33.9;17.6
22;2021-05-09;600;436;202646;105538;34.0;17.7
22;2021-05-10;4473;2730;207119;108268;34.7;18.2
22;2021-05-11;5104;2903;212223;111171;35.6;18.6
22;2021-05-12;6598;1023;218821;112194;36.7;18.8
22;2021-05-13;528;35;219349;112229;36.8;18.8
22;2021-05-14;6408;1086;225757;113315;37.9;19.0
22;2021-05-15;3987;428;229744;113743;38.5;19.1
22;2021-05-16;419;36;230163;113779;38.6;19.1
22;2021-05-17;5669;518;235832;114297;39.6;19.2
22;2021-05-18;6010;949;241842;115246;40.6;19.3
22;2021-05-19;6131;708;247973;115954;41.6;19.4
22;2021-05-20;6586;1375;254559;117329;42.7;19.7
22;2021-05-21;5897;1460;260456;118789;43.7;19.9
22;2021-05-22;4091;773;264547;119562;44.4;20.1
22;2021-05-23;407;16;264954;119578;44.4;20.1
22;2021-05-24;5310;222;270264;119800;45.3;20.1
22;2021-05-25;5637;1179;275901;120979;46.3;20.3
22;2021-05-26;4222;2811;280123;123790;47.0;20.8
22;2021-05-27;4506;3840;284629;127630;47.7;21.4
22;2021-05-28;4384;4438;289013;132068;48.5;22.2
22;2021-05-29;3045;1770;292058;133838;49.0;22.4
22;2021-05-30;19;7;292077;133845;49.0;22.5
22;2021-05-31;3655;3155;295732;137000;49.6;23.0
22;2021-06-01;3521;3691;299253;140691;50.2;23.6
22;2021-06-02;3085;3386;302338;144077;50.7;24.2
22;2021-06-03;3197;4101;305535;148178;51.2;24.9
22;2021-06-04;3372;4546;308907;152724;51.8;25.6
22;2021-06-05;3542;2026;312449;154750;52.4;26.0
22;2021-06-06;214;30;312663;154780;52.4;26.0
22;2021-06-07;3043;3256;315706;158036;53.0;26.5
22;2021-06-08;2797;3530;318503;161566;53.4;27.1
22;2021-06-09;2542;3508;321045;165074;53.8;27.7
22;2021-06-10;2517;4252;323562;169326;54.3;28.4
22;2021-06-11;2552;4229;326114;173555;54.7;29.1
22;2021-06-12;2413;1455;328527;175010;55.1;29.4
22;2021-06-13;133;1093;328660;176103;55.1;29.5
22;2021-06-14;2641;2468;331301;178571;55.6;30.0
22;2021-06-15;3096;2999;334397;181570;56.1;30.5
22;2021-06-16;3007;2813;337404;184383;56.6;30.9
22;2021-06-17;2565;3181;339969;187564;57.0;31.5
22;2021-06-18;3099;4114;343068;191678;57.5;32.2
22;2021-06-19;2985;1454;346053;193132;58.0;32.4
22;2021-06-20;155;8;346208;193140;58.1;32.4
22;2021-06-21;1779;5021;347987;198161;58.4;33.2
22;2021-06-22;2401;5554;350388;203715;58.8;34.2
22;2021-06-23;1282;6205;351670;209920;59.0;35.2
22;2021-06-24;2576;3914;354246;213834;59.4;35.9
22;2021-06-25;1564;6814;355810;220648;59.7;37.0
22;2021-06-26;784;3856;356594;224504;59.8;37.7
22;2021-06-27;4;512;356598;225016;59.8;37.7
22;2021-06-28;1051;5585;357649;230601;60.0;38.7
22;2021-06-29;1375;5956;359024;236557;60.2;39.7
22;2021-06-30;1128;5739;360152;242296;60.4;40.6
22;2021-07-01;1375;6039;361527;248335;60.6;41.7
22;2021-07-02;1707;6091;363234;254426;60.9;42.7
22;2021-07-03;1005;3819;364239;258245;61.1;43.3
22;2021-07-04;149;364;364388;258609;61.1;43.4
22;2021-07-05;1589;5802;365977;264411;61.4;44.4
22;2021-07-06;2308;5996;368285;270407;61.8;45.4
22;2021-07-07;2286;4931;370571;275338;62.2;46.2
22;2021-07-08;2501;5096;373072;280434;62.6;47.0
22;2021-07-09;2495;5381;375567;285815;63.0;47.9
22;2021-07-10;1809;3356;377376;289171;63.3;48.5
22;2021-07-11;484;72;377860;289243;63.4;48.5
22;2021-07-12;2318;4735;380178;293978;63.8;49.3
22;2021-07-13;3776;5054;383954;299032;64.4;50.2
22;2021-07-14;698;2496;384652;301528;64.5;50.6
22;2021-07-15;3850;4621;388502;306149;65.2;51.4
22;2021-07-16;3820;5290;392322;311439;65.8;52.2
22;2021-07-17;2549;3413;394871;314852;66.2;52.8
22;2021-07-18;567;87;395438;314939;66.3;52.8
22;2021-07-19;2753;4107;398191;319046;66.8;53.5
22;2021-07-20;3884;4134;402075;323180;67.4;54.2
22;2021-07-21;3972;3410;406047;326590;68.1;54.8
22;2021-07-22;4834;3703;410881;330293;68.9;55.4
22;2021-07-23;4428;4219;415309;334512;69.7;56.1
22;2021-07-24;2247;2614;417556;337126;70.0;56.5
22;2021-07-25;118;150;417674;337276;70.1;56.6
22;2021-07-26;3009;3921;420683;341197;70.6;57.2
22;2021-07-27;3685;4917;424368;346114;71.2;58.1
22;2021-07-28;3669;3651;428037;349765;71.8;58.7
22;2021-07-29;4256;3779;432293;353544;72.5;59.3
22;2021-07-30;4009;3975;436302;357519;73.2;60.0
22;2021-07-31;2376;2802;438678;360321;73.6;60.4
22;2021-08-01;114;152;438792;360473;73.6;60.5
22;2021-08-02;4613;2537;443405;363010;74.4;60.9
22;2021-08-03;4745;3424;448150;366434;75.2;61.5
22;2021-08-04;5720;2492;453870;368926;76.1;61.9
22;2021-08-05;4092;3802;457962;372728;76.8;62.5
22;2021-08-06;3624;3813;461586;376541;77.4;63.2
22;2021-08-07;2322;2264;463908;378805;77.8;63.5
22;2021-08-08;420;70;464328;378875;77.9;63.5
22;2021-08-09;2701;2701;467029;381576;78.3;64.0
22;2021-08-10;2692;3505;469721;385081;78.8;64.6
22;2021-08-11;2384;3117;472105;388198;79.2;65.1
22;2021-08-12;2148;3477;474253;391675;79.5;65.7
22;2021-08-13;1866;2974;476119;394649;79.9;66.2
22;2021-08-14;1317;1912;477436;396561;80.1;66.5
22;2021-08-15;85;198;477521;396759;80.1;66.5
22;2021-08-16;1464;3179;478985;399938;80.3;67.1
22;2021-08-17;1729;3456;480714;403394;80.6;67.7
22;2021-08-18;1399;3306;482113;406700;80.9;68.2
22;2021-08-19;1302;3608;483415;410308;81.1;68.8
22;2021-08-20;1430;3592;484845;413900;81.3;69.4
22;2021-08-21;794;2253;485639;416153;81.5;69.8
22;2021-08-22;148;308;485787;416461;81.5;69.9
23;2020-12-27;0;0;0;0;0.0;0.0
23;2020-12-28;1;0;1;0;0.0;0.0
23;2020-12-29;0;0;1;0;0.0;0.0
23;2020-12-30;0;0;1;0;0.0;0.0
23;2020-12-31;0;0;1;0;0.0;0.0
23;2021-01-01;0;0;1;0;0.0;0.0
23;2021-01-02;1;0;2;0;0.0;0.0
23;2021-01-03;0;0;2;0;0.0;0.0
23;2021-01-04;1;0;3;0;0.0;0.0
23;2021-01-05;3;0;6;0;0.0;0.0
23;2021-01-06;10;0;16;0;0.0;0.0
23;2021-01-07;116;1;132;1;0.1;0.0
23;2021-01-08;117;0;249;1;0.2;0.0
23;2021-01-09;36;0;285;1;0.2;0.0
23;2021-01-10;1;0;286;1;0.2;0.0
23;2021-01-11;176;1;462;2;0.4;0.0
23;2021-01-12;234;3;696;5;0.6;0.0
23;2021-01-13;308;0;1004;5;0.9;0.0
23;2021-01-14;292;5;1296;10;1.1;0.0
23;2021-01-15;334;5;1630;15;1.4;0.0
23;2021-01-16;163;1;1793;16;1.5;0.0
23;2021-01-17;0;0;1793;16;1.5;0.0
23;2021-01-18;342;3;2135;19;1.8;0.0
23;2021-01-19;497;2;2632;21;2.3;0.0
23;2021-01-20;362;1;2994;22;2.6;0.0
23;2021-01-21;697;1;3691;23;3.2;0.0
23;2021-01-22;478;0;4169;23;3.6;0.0
23;2021-01-23;368;1;4537;24;3.9;0.0
23;2021-01-24;0;0;4537;24;3.9;0.0
23;2021-01-25;382;17;4919;41;4.2;0.0
23;2021-01-26;301;5;5220;46;4.5;0.0
23;2021-01-27;228;3;5448;49;4.7;0.0
23;2021-01-28;232;46;5680;95;4.9;0.1
23;2021-01-29;303;103;5983;198;5.1;0.2
23;2021-01-30;100;28;6083;226;5.2;0.2
23;2021-01-31;2;34;6085;260;5.2;0.2
23;2021-02-01;148;107;6233;367;5.4;0.3
23;2021-02-02;157;122;6390;489;5.5;0.4
23;2021-02-03;105;208;6495;697;5.6;0.6
23;2021-02-04;78;265;6573;962;5.7;0.8
23;2021-02-05;117;313;6690;1275;5.8;1.1
23;2021-02-06;14;168;6704;1443;5.8;1.2
23;2021-02-07;1;0;6705;1443;5.8;1.2
23;2021-02-08;125;218;6830;1661;5.9;1.4
23;2021-02-09;85;295;6915;1956;5.9;1.7
23;2021-02-10;91;281;7006;2237;6.0;1.9
23;2021-02-11;244;587;7250;2824;6.2;2.4
23;2021-02-12;174;284;7424;3108;6.4;2.7
23;2021-02-13;8;191;7432;3299;6.4;2.8
23;2021-02-14;8;0;7440;3299;6.4;2.8
23;2021-02-15;157;367;7597;3666;6.5;3.2
23;2021-02-16;103;442;7700;4108;6.6;3.5
23;2021-02-17;65;493;7765;4601;6.7;4.0
23;2021-02-18;142;370;7907;4971;6.8;4.3
23;2021-02-19;109;253;8016;5224;6.9;4.5
23;2021-02-20;2;93;8018;5317;6.9;4.6
23;2021-02-21;0;0;8018;5317;6.9;4.6
23;2021-02-22;104;212;8122;5529;7.0;4.8
23;2021-02-23;109;220;8231;5749;7.1;4.9
23;2021-02-24;176;168;8407;5917;7.2;5.1
23;2021-02-25;183;109;8590;6026;7.4;5.2
23;2021-02-26;287;168;8877;6194;7.6;5.3
23;2021-02-27;112;11;8989;6205;7.7;5.3
23;2021-02-28;1;31;8990;6236;7.7;5.4
23;2021-03-01;88;201;9078;6437;7.8;5.5
23;2021-03-02;229;132;9307;6569;8.0;5.6
23;2021-03-03;133;90;9440;6659;8.1;5.7
23;2021-03-04;307;138;9747;6797;8.4;5.8
23;2021-03-05;517;111;10264;6908;8.8;5.9
23;2021-03-06;494;7;10758;6915;9.3;5.9
23;2021-03-07;313;3;11071;6918;9.5;5.9
23;2021-03-08;197;73;11268;6991;9.7;6.0
23;2021-03-09;421;102;11689;7093;10.1;6.1
23;2021-03-10;348;39;12037;7132;10.4;6.1
23;2021-03-11;325;47;12362;7179;10.6;6.2
23;2021-03-12;618;33;12980;7212;11.2;6.2
23;2021-03-13;287;12;13267;7224;11.4;6.2
23;2021-03-14;47;34;13314;7258;11.5;6.2
23;2021-03-15;220;126;13534;7384;11.6;6.4
23;2021-03-16;192;90;13726;7474;11.8;6.4
23;2021-03-17;131;101;13857;7575;11.9;6.5
23;2021-03-18;193;98;14050;7673;12.1;6.6
23;2021-03-19;205;121;14255;7794;12.3;6.7
23;2021-03-20;631;37;14886;7831;12.8;6.7
23;2021-03-21;128;0;15014;7831;12.9;6.7
23;2021-03-22;274;157;15288;7988;13.1;6.9
23;2021-03-23;504;106;15792;8094;13.6;7.0
23;2021-03-24;423;124;16215;8218;13.9;7.1
23;2021-03-25;819;188;17034;8406;14.7;7.2
23;2021-03-26;735;195;17769;8601;15.3;7.4
23;2021-03-27;505;48;18274;8649;15.7;7.4
23;2021-03-28;3;9;18277;8658;15.7;7.4
23;2021-03-29;358;111;18635;8769;16.0;7.5
23;2021-03-30;537;177;19172;8946;16.5;7.7
23;2021-03-31;411;175;19583;9121;16.8;7.8
23;2021-04-01;600;170;20183;9291;17.4;8.0
23;2021-04-02;498;298;20681;9589;17.8;8.2
23;2021-04-03;715;44;21396;9633;18.4;8.3
23;2021-04-04;4;0;21400;9633;18.4;8.3
23;2021-04-05;2;3;21402;9636;18.4;8.3
23;2021-04-06;382;294;21784;9930;18.7;8.5
23;2021-04-07;706;308;22490;10238;19.3;8.8
23;2021-04-08;803;235;23293;10473;20.0;9.0
23;2021-04-09;939;367;24232;10840;20.8;9.3
23;2021-04-10;1097;110;25329;10950;21.8;9.4
23;2021-04-11;21;2;25350;10952;21.8;9.4
23;2021-04-12;692;235;26042;11187;22.4;9.6
23;2021-04-13;669;302;26711;11489;23.0;9.9
23;2021-04-14;586;178;27297;11667;23.5;10.0
23;2021-04-15;930;184;28227;11851;24.3;10.2
23;2021-04-16;902;208;29129;12059;25.1;10.4
23;2021-04-17;994;551;30123;12610;25.9;10.8
23;2021-04-18;3;136;30126;12746;25.9;11.0
23;2021-04-19;612;297;30738;13043;26.4;11.2
23;2021-04-20;721;291;31459;13334;27.1;11.5
23;2021-04-21;733;396;32192;13730;27.7;11.8
23;2021-04-22;657;475;32849;14205;28.3;12.2
23;2021-04-23;594;343;33443;14548;28.8;12.5
23;2021-04-24;855;448;34298;14996;29.5;12.9
23;2021-04-25;0;0;34298;14996;29.5;12.9
23;2021-04-26;615;252;34913;15248;30.0;13.1
23;2021-04-27;675;427;35588;15675;30.6;13.5
23;2021-04-28;628;277;36216;15952;31.1;13.7
23;2021-04-29;883;380;37099;16332;31.9;14.0
23;2021-04-30;719;787;37818;17119;32.5;14.7
23;2021-05-01;1228;41;39046;17160;33.6;14.8
23;2021-05-02;14;0;39060;17160;33.6;14.8
23;2021-05-03;431;520;39491;17680;34.0;15.2
23;2021-05-04;617;512;40108;18192;34.5;15.6
23;2021-05-05;538;711;40646;18903;35.0;16.3
23;2021-05-06;727;701;41373;19604;35.6;16.9
23;2021-05-07;683;642;42056;20246;36.2;17.4
23;2021-05-08;1409;587;43465;20833;37.4;17.9
23;2021-05-09;3;0;43468;20833;37.4;17.9
23;2021-05-10;555;656;44023;21489;37.9;18.5
23;2021-05-11;561;764;44584;22253;38.3;19.1
23;2021-05-12;719;661;45303;22914;39.0;19.7
23;2021-05-13;537;56;45840;22970;39.4;19.8
23;2021-05-14;788;459;46628;23429;40.1;20.2
23;2021-05-15;994;234;47622;23663;41.0;20.4
23;2021-05-16;0;0;47622;23663;41.0;20.4
23;2021-05-17;568;448;48190;24111;41.4;20.7
23;2021-05-18;777;292;48967;24403;42.1;21.0
23;2021-05-19;1050;258;50017;24661;43.0;21.2
23;2021-05-20;837;316;50854;24977;43.7;21.5
23;2021-05-21;1105;311;51959;25288;44.7;21.7
23;2021-05-22;739;125;52698;25413;45.3;21.9
23;2021-05-23;3;20;52701;25433;45.3;21.9
23;2021-05-24;362;165;53063;25598;45.6;22.0
23;2021-05-25;905;336;53968;25934;46.4;22.3
23;2021-05-26;1077;227;55045;26161;47.3;22.5
23;2021-05-27;932;435;55977;26596;48.1;22.9
23;2021-05-28;781;743;56758;27339;48.8;23.5
23;2021-05-29;638;1100;57396;28439;49.4;24.5
23;2021-05-30;6;63;57402;28502;49.4;24.5
23;2021-05-31;433;540;57835;29042;49.7;25.0
23;2021-06-01;582;828;58417;29870;50.2;25.7
23;2021-06-02;624;521;59041;30391;50.8;26.1
23;2021-06-03;707;550;59748;30941;51.4;26.6
23;2021-06-04;779;614;60527;31555;52.1;27.1
23;2021-06-05;545;777;61072;32332;52.5;27.8
23;2021-06-06;0;0;61072;32332;52.5;27.8
23;2021-06-07;393;697;61465;33029;52.9;28.4
23;2021-06-08;322;776;61787;33805;53.1;29.1
23;2021-06-09;286;649;62073;34454;53.4;29.6
23;2021-06-10;373;692;62446;35146;53.7;30.2
23;2021-06-11;381;808;62827;35954;54.0;30.9
23;2021-06-12;378;1265;63205;37219;54.4;32.0
23;2021-06-13;13;5;63218;37224;54.4;32.0
23;2021-06-14;235;590;63453;37814;54.6;32.5
23;2021-06-15;230;861;63683;38675;54.8;33.3
23;2021-06-16;362;581;64045;39256;55.1;33.8
23;2021-06-17;339;810;64384;40066;55.4;34.5
23;2021-06-18;356;767;64740;40833;55.7;35.1
23;2021-06-19;490;1522;65230;42355;56.1;36.4
23;2021-06-20;2;11;65232;42366;56.1;36.4
23;2021-06-21;205;620;65437;42986;56.3;37.0
23;2021-06-22;216;686;65653;43672;56.5;37.6
23;2021-06-23;221;750;65874;44422;56.7;38.2
23;2021-06-24;199;606;66073;45028;56.8;38.7
23;2021-06-25;303;816;66376;45844;57.1;39.4
23;2021-06-26;222;999;66598;46843;57.3;40.3
23;2021-06-27;3;0;66601;46843;57.3;40.3
23;2021-06-28;115;693;66716;47536;57.4;40.9
23;2021-06-29;189;823;66905;48359;57.5;41.6
23;2021-06-30;168;944;67073;49303;57.7;42.4
23;2021-07-01;168;870;67241;50173;57.8;43.2
23;2021-07-02;192;1070;67433;51243;58.0;44.1
23;2021-07-03;250;979;67683;52222;58.2;44.9
23;2021-07-04;1;0;67684;52222;58.2;44.9
23;2021-07-05;159;805;67843;53027;58.3;45.6
23;2021-07-06;213;1043;68056;54070;58.5;46.5
23;2021-07-07;210;853;68266;54923;58.7;47.2
23;2021-07-08;254;739;68520;55662;58.9;47.9
23;2021-07-09;274;1012;68794;56674;59.2;48.7
23;2021-07-10;234;644;69028;57318;59.4;49.3
23;2021-07-11;0;0;69028;57318;59.4;49.3
23;2021-07-12;232;702;69260;58020;59.6;49.9
23;2021-07-13;471;917;69731;58937;60.0;50.7
23;2021-07-14;212;320;69943;59257;60.2;51.0
23;2021-07-15;478;811;70421;60068;60.6;51.7
23;2021-07-16;765;569;71186;60637;61.2;52.2
23;2021-07-17;220;478;71406;61115;61.4;52.6
23;2021-07-18;0;1;71406;61116;61.4;52.6
23;2021-07-19;703;630;72109;61746;62.0;53.1
23;2021-07-20;633;567;72742;62313;62.6;53.6
23;2021-07-21;701;635;73443;62948;63.2;54.1
23;2021-07-22;943;437;74386;63385;64.0;54.5
23;2021-07-23;841;505;75227;63890;64.7;54.9
23;2021-07-24;1008;440;76235;64330;65.6;55.3
23;2021-07-25;11;16;76246;64346;65.6;55.3
23;2021-07-26;787;567;77033;64913;66.3;55.8
23;2021-07-27;926;436;77959;65349;67.0;56.2
23;2021-07-28;876;415;78835;65764;67.8;56.6
23;2021-07-29;1045;401;79880;66165;68.7;56.9
23;2021-07-30;941;523;80821;66688;69.5;57.4
23;2021-07-31;1163;306;81984;66994;70.5;57.6
23;2021-08-01;18;8;82002;67002;70.5;57.6
23;2021-08-02;663;506;82665;67508;71.1;58.1
23;2021-08-03;734;460;83399;67968;71.7;58.5
23;2021-08-04;607;297;84006;68265;72.3;58.7
23;2021-08-05;684;365;84690;68630;72.8;59.0
23;2021-08-06;416;484;85106;69114;73.2;59.4
23;2021-08-07;290;189;85396;69303;73.4;59.6
23;2021-08-08;143;38;85539;69341;73.6;59.6
23;2021-08-09;490;492;86029;69833;74.0;60.1
23;2021-08-10;439;610;86468;70443;74.4;60.6
23;2021-08-11;426;488;86894;70931;74.7;61.0
23;2021-08-12;510;568;87404;71499;75.2;61.5
23;2021-08-13;414;576;87818;72075;75.5;62.0
23;2021-08-14;287;390;88105;72465;75.8;62.3
23;2021-08-15;27;9;88132;72474;75.8;62.3
23;2021-08-16;270;713;88402;73187;76.0;62.9
23;2021-08-17;276;728;88678;73915;76.3;63.6
23;2021-08-18;178;636;88856;74551;76.4;64.1
23;2021-08-19;257;726;89113;75277;76.6;64.7
23;2021-08-20;209;682;89322;75959;76.8;65.3
23;2021-08-21;130;499;89452;76458;76.9;65.8
23;2021-08-22;53;48;89505;76506;77.0;65.8
24;2020-12-27;0;0;0;0;0.0;0.0
24;2020-12-28;1;0;1;0;0.0;0.0
24;2020-12-29;2;0;3;0;0.0;0.0
24;2020-12-30;1;0;4;0;0.0;0.0
24;2020-12-31;1;0;5;0;0.0;0.0
24;2021-01-01;0;0;5;0;0.0;0.0
24;2021-01-02;0;0;5;0;0.0;0.0
24;2021-01-03;0;0;5;0;0.0;0.0
24;2021-01-04;1;0;6;0;0.0;0.0
24;2021-01-05;1;0;7;0;0.0;0.0
24;2021-01-06;0;0;7;0;0.0;0.0
24;2021-01-07;190;0;197;0;0.0;0.0
24;2021-01-08;281;0;478;0;0.1;0.0
24;2021-01-09;185;0;663;0;0.2;0.0
24;2021-01-10;35;0;698;0;0.2;0.0
24;2021-01-11;269;0;967;0;0.2;0.0
24;2021-01-12;281;0;1248;0;0.3;0.0
24;2021-01-13;233;1;1481;1;0.4;0.0
24;2021-01-14;1013;15;2494;16;0.6;0.0
24;2021-01-15;605;6;3099;22;0.8;0.0
24;2021-01-16;87;0;3186;22;0.8;0.0
24;2021-01-17;2;1;3188;23;0.8;0.0
24;2021-01-18;300;0;3488;23;0.9;0.0
24;2021-01-19;467;1;3955;24;1.0;0.0
24;2021-01-20;553;0;4508;24;1.1;0.0
24;2021-01-21;645;5;5153;29;1.3;0.0
24;2021-01-22;514;1;5667;30;1.4;0.0
24;2021-01-23;151;1;5818;31;1.4;0.0
24;2021-01-24;2;0;5820;31;1.4;0.0
24;2021-01-25;441;0;6261;31;1.5;0.0
24;2021-01-26;637;66;6898;97;1.7;0.0
24;2021-01-27;1265;12;8163;109;2.0;0.0
24;2021-01-28;983;129;9146;238;2.2;0.1
24;2021-01-29;932;140;10078;378;2.5;0.1
24;2021-01-30;282;1;10360;379;2.5;0.1
24;2021-01-31;0;0;10360;379;2.5;0.1
24;2021-02-01;377;173;10737;552;2.6;0.1
24;2021-02-02;615;313;11352;865;2.8;0.2
24;2021-02-03;652;491;12004;1356;2.9;0.3
24;2021-02-04;977;392;12981;1748;3.2;0.4
24;2021-02-05;688;433;13669;2181;3.3;0.5
24;2021-02-06;140;35;13809;2216;3.4;0.5
24;2021-02-07;33;1;13842;2217;3.4;0.5
24;2021-02-08;309;236;14151;2453;3.5;0.6
24;2021-02-09;452;230;14603;2683;3.6;0.7
24;2021-02-10;374;110;14977;2793;3.7;0.7
24;2021-02-11;561;514;15538;3307;3.8;0.8
24;2021-02-12;495;392;16033;3699;3.9;0.9
24;2021-02-13;202;45;16235;3744;4.0;0.9
24;2021-02-14;89;0;16324;3744;4.0;0.9
24;2021-02-15;187;241;16511;3985;4.0;1.0
24;2021-02-16;335;522;16846;4507;4.1;1.1
24;2021-02-17;582;848;17428;5355;4.3;1.3
24;2021-02-18;443;733;17871;6088;4.4;1.5
24;2021-02-19;462;678;18333;6766;4.5;1.7
24;2021-02-20;163;141;18496;6907;4.5;1.7
24;2021-02-21;109;0;18605;6907;4.6;1.7
24;2021-02-22;426;529;19031;7436;4.7;1.8
24;2021-02-23;562;684;19593;8120;4.8;2.0
24;2021-02-24;538;832;20131;8952;4.9;2.2
24;2021-02-25;727;867;20858;9819;5.1;2.4
24;2021-02-26;976;973;21834;10792;5.3;2.6
24;2021-02-27;363;265;22197;11057;5.4;2.7
24;2021-02-28;25;4;22222;11061;5.4;2.7
24;2021-03-01;292;369;22514;11430;5.5;2.8
24;2021-03-02;539;417;23053;11847;5.6;2.9
24;2021-03-03;680;342;23733;12189;5.8;3.0
24;2021-03-04;915;508;24648;12697;6.0;3.1
24;2021-03-05;1065;567;25713;13264;6.3;3.2
24;2021-03-06;1126;142;26839;13406;6.6;3.3
24;2021-03-07;232;63;27071;13469;6.6;3.3
24;2021-03-08;531;258;27602;13727;6.8;3.4
24;2021-03-09;1173;443;28775;14170;7.0;3.5
24;2021-03-10;1142;453;29917;14623;7.3;3.6
24;2021-03-11;1604;463;31521;15086;7.7;3.7
24;2021-03-12;2050;443;33571;15529;8.2;3.8
24;2021-03-13;1345;201;34916;15730;8.5;3.9
24;2021-03-14;141;93;35057;15823;8.6;3.9
24;2021-03-15;953;170;36010;15993;8.8;3.9
24;2021-03-16;1144;232;37154;16225;9.1;4.0
24;2021-03-17;1216;288;38370;16513;9.4;4.0
24;2021-03-18;1055;558;39425;17071;9.7;4.2
24;2021-03-19;1252;539;40677;17610;10.0;4.3
24;2021-03-20;1055;150;41732;17760;10.2;4.3
24;2021-03-21;25;11;41757;17771;10.2;4.4
24;2021-03-22;1224;423;42981;18194;10.5;4.5
24;2021-03-23;1881;399;44862;18593;11.0;4.6
24;2021-03-24;1889;387;46751;18980;11.4;4.6
24;2021-03-25;1990;469;48741;19449;11.9;4.8
24;2021-03-26;2375;285;51116;19734;12.5;4.8
24;2021-03-27;1350;41;52466;19775;12.8;4.8
24;2021-03-28;63;9;52529;19784;12.9;4.8
24;2021-03-29;1673;326;54202;20110;13.3;4.9
24;2021-03-30;2408;396;56610;20506;13.9;5.0
24;2021-03-31;2181;311;58791;20817;14.4;5.1
24;2021-04-01;2194;311;60985;21128;14.9;5.2
24;2021-04-02;2072;394;63057;21522;15.4;5.3
24;2021-04-03;1376;122;64433;21644;15.8;5.3
24;2021-04-04;74;1;64507;21645;15.8;5.3
24;2021-04-05;947;58;65454;21703;16.0;5.3
24;2021-04-06;2353;702;67807;22405;16.6;5.5
24;2021-04-07;2717;692;70524;23097;17.3;5.7
24;2021-04-08;3007;965;73531;24062;18.0;5.9
24;2021-04-09;3487;1006;77018;25068;18.9;6.1
24;2021-04-10;2594;312;79612;25380;19.5;6.2
24;2021-04-11;1102;20;80714;25400;19.8;6.2
24;2021-04-12;2498;816;83212;26216;20.4;6.4
24;2021-04-13;2902;1204;86114;27420;21.1;6.7
24;2021-04-14;2939;1193;89053;28613;21.8;7.0
24;2021-04-15;2792;1102;91845;29715;22.5;7.3
24;2021-04-16;3266;973;95111;30688;23.3;7.5
24;2021-04-17;2272;501;97383;31189;23.8;7.6
24;2021-04-18;424;6;97807;31195;23.9;7.6
24;2021-04-19;1599;1011;99406;32206;24.3;7.9
24;2021-04-20;2267;1430;101673;33636;24.9;8.2
24;2021-04-21;2146;1442;103819;35078;25.4;8.6
24;2021-04-22;2061;1258;105880;36336;25.9;8.9
24;2021-04-23;1958;1333;107838;37669;26.4;9.2
24;2021-04-24;863;725;108701;38394;26.6;9.4
24;2021-04-25;54;4;108755;38398;26.6;9.4
24;2021-04-26;1296;1480;110051;39878;26.9;9.8
24;2021-04-27;1852;1880;111903;41758;27.4;10.2
24;2021-04-28;1505;1956;113408;43714;27.8;10.7
24;2021-04-29;1728;1891;115136;45605;28.2;11.2
24;2021-04-30;2270;1777;117406;47382;28.7;11.6
24;2021-05-01;2056;1067;119462;48449;29.3;11.9
24;2021-05-02;1924;215;121386;48664;29.7;11.9
24;2021-05-03;1474;1834;122860;50498;30.1;12.4
24;2021-05-04;2227;2303;125087;52801;30.6;12.9
24;2021-05-05;1890;2721;126977;55522;31.1;13.6
24;2021-05-06;1889;2796;128866;58318;31.6;14.3
24;2021-05-07;2264;2790;131130;61108;32.1;15.0
24;2021-05-08;1285;1152;132415;62260;32.4;15.2
24;2021-05-09;1166;901;133581;63161;32.7;15.5
24;2021-05-10;1095;2628;134676;65789;33.0;16.1
24;2021-05-11;2040;2800;136716;68589;33.5;16.8
24;2021-05-12;1924;2255;138640;70844;33.9;17.3
24;2021-05-13;1465;1215;140105;72059;34.3;17.6
24;2021-05-14;2378;1332;142483;73391;34.9;18.0
24;2021-05-15;2047;816;144530;74207;35.4;18.2
24;2021-05-16;1171;347;145701;74554;35.7;18.3
24;2021-05-17;2242;1254;147943;75808;36.2;18.6
24;2021-05-18;2482;1820;150425;77628;36.8;19.0
24;2021-05-19;2284;1376;152709;79004;37.4;19.3
24;2021-05-20;2373;1578;155082;80582;38.0;19.7
24;2021-05-21;2433;1414;157515;81996;38.6;20.1
24;2021-05-22;1719;407;159234;82403;39.0;20.2
24;2021-05-23;952;72;160186;82475;39.2;20.2
24;2021-05-24;1516;334;161702;82809;39.6;20.3
24;2021-05-25;2297;1385;163999;84194;40.2;20.6
24;2021-05-26;2149;1318;166148;85512;40.7;20.9
24;2021-05-27;1748;2195;167896;87707;41.1;21.5
24;2021-05-28;2145;2006;170041;89713;41.6;22.0
24;2021-05-29;1153;2091;171194;91804;41.9;22.5
24;2021-05-30;1418;171;172612;91975;42.3;22.5
24;2021-05-31;1743;1365;174355;93340;42.7;22.9
24;2021-06-01;2583;1978;176938;95318;43.3;23.3
24;2021-06-02;2653;1786;179591;97104;44.0;23.8
24;2021-06-03;2290;1465;181881;98569;44.5;24.1
24;2021-06-04;2381;1898;184262;100467;45.1;24.6
24;2021-06-05;2007;1417;186269;101884;45.6;24.9
24;2021-06-06;767;223;187036;102107;45.8;25.0
24;2021-06-07;1432;1496;188468;103603;46.1;25.4
24;2021-06-08;1678;1908;190146;105511;46.6;25.8
24;2021-06-09;1323;1597;191469;107108;46.9;26.2
24;2021-06-10;1575;1911;193044;109019;47.3;26.7
24;2021-06-11;1335;2082;194379;111101;47.6;27.2
24;2021-06-12;1123;2545;195502;113646;47.9;27.8
24;2021-06-13;1238;921;196740;114567;48.2;28.1
24;2021-06-14;1165;1858;197905;116425;48.5;28.5
24;2021-06-15;1486;2992;199391;119417;48.8;29.2
24;2021-06-16;1670;2732;201061;122149;49.2;29.9
24;2021-06-17;1544;2182;202605;124331;49.6;30.4
24;2021-06-18;1400;2864;204005;127195;50.0;31.1
24;2021-06-19;1275;1522;205280;128717;50.3;31.5
24;2021-06-20;514;501;205794;129218;50.4;31.6
24;2021-06-21;931;1836;206725;131054;50.6;32.1
24;2021-06-22;1453;2593;208178;133647;51.0;32.7
24;2021-06-23;1427;2420;209605;136067;51.3;33.3
24;2021-06-24;1138;1915;210743;137982;51.6;33.8
24;2021-06-25;968;2818;211711;140800;51.8;34.5
24;2021-06-26;864;2106;212575;142906;52.1;35.0
24;2021-06-27;402;978;212977;143884;52.2;35.2
24;2021-06-28;818;2483;213795;146367;52.4;35.8
24;2021-06-29;941;2869;214736;149236;52.6;36.5
24;2021-06-30;1112;2460;215848;151696;52.9;37.1
24;2021-07-01;1132;2300;216980;153996;53.1;37.7
24;2021-07-02;1097;2743;218077;156739;53.4;38.4
24;2021-07-03;811;1902;218888;158641;53.6;38.8
24;2021-07-04;410;1013;219298;159654;53.7;39.1
24;2021-07-05;792;2315;220090;161969;53.9;39.7
24;2021-07-06;880;3357;220970;165326;54.1;40.5
24;2021-07-07;1084;3041;222054;168367;54.4;41.2
24;2021-07-08;1342;2120;223396;170487;54.7;41.7
24;2021-07-09;1178;3220;224574;173707;55.0;42.5
24;2021-07-10;480;1963;225054;175670;55.1;43.0
24;2021-07-11;587;1189;225641;176859;55.3;43.3
24;2021-07-12;904;2519;226545;179378;55.5;43.9
24;2021-07-13;1323;3214;227868;182592;55.8;44.7
24;2021-07-14;614;1188;228482;183780;55.9;45.0
24;2021-07-15;1692;2777;230174;186557;56.4;45.7
24;2021-07-16;2148;2598;232322;189155;56.9;46.3
24;2021-07-17;1524;2235;233846;191390;57.3;46.9
24;2021-07-18;707;884;234553;192274;57.4;47.1
24;2021-07-19;1575;2187;236128;194461;57.8;47.6
24;2021-07-20;2016;2438;238144;196899;58.3;48.2
24;2021-07-21;1874;2327;240018;199226;58.8;48.8
24;2021-07-22;2345;2442;242363;201668;59.3;49.4
24;2021-07-23;2301;2622;244664;204290;59.9;50.0
24;2021-07-24;1807;1543;246471;205833;60.4;50.4
24;2021-07-25;816;872;247287;206705;60.6;50.6
24;2021-07-26;1571;2018;248858;208723;60.9;51.1
24;2021-07-27;2835;2286;251693;211009;61.6;51.7
24;2021-07-28;2729;1937;254422;212946;62.3;52.1
24;2021-07-29;3049;2232;257471;215178;63.0;52.7
24;2021-07-30;2462;1918;259933;217096;63.6;53.2
24;2021-07-31;1644;1560;261577;218656;64.1;53.5
24;2021-08-01;1112;653;262689;219309;64.3;53.7
24;2021-08-02;1939;1624;264628;220933;64.8;54.1
24;2021-08-03;2876;1913;267504;222846;65.5;54.6
24;2021-08-04;3074;1624;270578;224470;66.3;55.0
24;2021-08-05;3022;1436;273600;225906;67.0;55.3
24;2021-08-06;2531;1533;276131;227439;67.6;55.7
24;2021-08-07;1787;1119;277918;228558;68.1;56.0
24;2021-08-08;1098;677;279016;229235;68.3;56.1
24;2021-08-09;1723;1385;280739;230620;68.7;56.5
24;2021-08-10;2261;1779;283000;232399;69.3;56.9
24;2021-08-11;2264;1693;285264;234092;69.9;57.3
24;2021-08-12;1906;1959;287170;236051;70.3;57.8
24;2021-08-13;1529;1624;288699;237675;70.7;58.2
24;2021-08-14;1165;1243;289864;238918;71.0;58.5
24;2021-08-15;739;579;290603;239497;71.2;58.6
24;2021-08-16;1112;1704;291715;241201;71.4;59.1
24;2021-08-17;1626;2106;293341;243307;71.8;59.6
24;2021-08-18;1558;1916;294899;245223;72.2;60.0
24;2021-08-19;1111;2634;296010;247857;72.5;60.7
24;2021-08-20;1084;2425;297094;250282;72.7;61.3
24;2021-08-21;864;1628;297958;251910;73.0;61.7
24;2021-08-22;341;1091;298299;253001;73.0;62.0
25;2020-12-27;0;0;0;0;0.0;0.0
25;2020-12-28;1;0;1;0;0.0;0.0
25;2020-12-29;0;0;1;0;0.0;0.0
25;2020-12-30;0;0;1;0;0.0;0.0
25;2020-12-31;2;0;3;0;0.0;0.0
25;2021-01-01;0;0;3;0;0.0;0.0
25;2021-01-02;1;0;4;0;0.0;0.0
25;2021-01-03;0;0;4;0;0.0;0.0
25;2021-01-04;0;0;4;0;0.0;0.0
25;2021-01-05;1;0;5;0;0.0;0.0
25;2021-01-06;75;1;80;1;0.0;0.0
25;2021-01-07;236;1;316;2;0.1;0.0
25;2021-01-08;345;1;661;3;0.1;0.0
25;2021-01-09;102;0;763;3;0.1;0.0
25;2021-01-10;0;0;763;3;0.1;0.0
25;2021-01-11;502;5;1265;8;0.2;0.0
25;2021-01-12;682;2;1947;10;0.4;0.0
25;2021-01-13;626;9;2573;19;0.5;0.0
25;2021-01-14;897;17;3470;36;0.6;0.0
25;2021-01-15;785;8;4255;44;0.8;0.0
25;2021-01-16;206;1;4461;45;0.8;0.0
25;2021-01-17;112;0;4573;45;0.8;0.0
25;2021-01-18;1296;7;5869;52;1.1;0.0
25;2021-01-19;1411;5;7280;57;1.3;0.0
25;2021-01-20;1420;4;8700;61;1.6;0.0
25;2021-01-21;1840;3;10540;64;2.0;0.0
25;2021-01-22;1506;4;12046;68;2.2;0.0
25;2021-01-23;499;1;12545;69;2.3;0.0
25;2021-01-24;119;0;12664;69;2.3;0.0
25;2021-01-25;991;0;13655;69;2.5;0.0
25;2021-01-26;1488;42;15143;111;2.8;0.0
25;2021-01-27;1249;70;16392;181;3.0;0.0
25;2021-01-28;1090;76;17482;257;3.2;0.0
25;2021-01-29;905;232;18387;489;3.4;0.1
25;2021-01-30;293;92;18680;581;3.5;0.1
25;2021-01-31;2;0;18682;581;3.5;0.1
25;2021-02-01;612;221;19294;802;3.6;0.1
25;2021-02-02;674;414;19968;1216;3.7;0.2
25;2021-02-03;759;249;20727;1465;3.8;0.3
25;2021-02-04;715;446;21442;1911;4.0;0.4
25;2021-02-05;519;469;21961;2380;4.1;0.4
25;2021-02-06;198;157;22159;2537;4.1;0.5
25;2021-02-07;2;34;22161;2571;4.1;0.5
25;2021-02-08;613;509;22774;3080;4.2;0.6
25;2021-02-09;615;491;23389;3571;4.3;0.7
25;2021-02-10;817;490;24206;4061;4.5;0.8
25;2021-02-11;587;854;24793;4915;4.6;0.9
25;2021-02-12;413;549;25206;5464;4.7;1.0
25;2021-02-13;97;141;25303;5605;4.7;1.0
25;2021-02-14;0;0;25303;5605;4.7;1.0
25;2021-02-15;187;1039;25490;6644;4.7;1.2
25;2021-02-16;214;1454;25704;8098;4.8;1.5
25;2021-02-17;109;1340;25813;9438;4.8;1.7
25;2021-02-18;147;1434;25960;10872;4.8;2.0
25;2021-02-19;102;1268;26062;12140;4.8;2.3
25;2021-02-20;26;492;26088;12632;4.8;2.3
25;2021-02-21;1;143;26089;12775;4.8;2.4
25;2021-02-22;83;1065;26172;13840;4.9;2.6
25;2021-02-23;195;1081;26367;14921;4.9;2.8
25;2021-02-24;104;975;26471;15896;4.9;2.9
25;2021-02-25;522;1006;26993;16902;5.0;3.1
25;2021-02-26;607;981;27600;17883;5.1;3.3
25;2021-02-27;228;373;27828;18256;5.2;3.4
25;2021-02-28;5;1;27833;18257;5.2;3.4
25;2021-03-01;443;621;28276;18878;5.2;3.5
25;2021-03-02;653;837;28929;19715;5.4;3.7
25;2021-03-03;541;735;29470;20450;5.5;3.8
25;2021-03-04;1157;659;30627;21109;5.7;3.9
25;2021-03-05;1853;388;32480;21497;6.0;4.0
25;2021-03-06;1170;227;33650;21724;6.2;4.0
25;2021-03-07;9;8;33659;21732;6.2;4.0
25;2021-03-08;548;709;34207;22441;6.3;4.2
25;2021-03-09;1040;780;35247;23221;6.5;4.3
25;2021-03-10;1151;654;36398;23875;6.7;4.4
25;2021-03-11;1658;582;38056;24457;7.1;4.5
25;2021-03-12;1996;454;40052;24911;7.4;4.6
25;2021-03-13;1119;99;41171;25010;7.6;4.6
25;2021-03-14;35;1;41206;25011;7.6;4.6
25;2021-03-15;1126;140;42332;25151;7.8;4.7
25;2021-03-16;1286;119;43618;25270;8.1;4.7
25;2021-03-17;1414;136;45032;25406;8.3;4.7
25;2021-03-18;1527;82;46559;25488;8.6;4.7
25;2021-03-19;1595;127;48154;25615;8.9;4.7
25;2021-03-20;822;41;48976;25656;9.1;4.8
25;2021-03-21;24;0;49000;25656;9.1;4.8
25;2021-03-22;1485;85;50485;25741;9.4;4.8
25;2021-03-23;2162;142;52647;25883;9.8;4.8
25;2021-03-24;2419;93;55066;25976;10.2;4.8
25;2021-03-25;2837;189;57903;26165;10.7;4.9
25;2021-03-26;3159;177;61062;26342;11.3;4.9
25;2021-03-27;1110;86;62172;26428;11.5;4.9
25;2021-03-28;121;64;62293;26492;11.5;4.9
25;2021-03-29;1788;279;64081;26771;11.9;5.0
25;2021-03-30;2213;394;66294;27165;12.3;5.0
25;2021-03-31;2221;359;68515;27524;12.7;5.1
25;2021-04-01;2450;521;70965;28045;13.2;5.2
25;2021-04-02;2027;602;72992;28647;13.5;5.3
25;2021-04-03;447;110;73439;28757;13.6;5.3
25;2021-04-04;39;21;73478;28778;13.6;5.3
25;2021-04-05;145;4;73623;28782;13.6;5.3
25;2021-04-06;1937;685;75560;29467;14.0;5.5
25;2021-04-07;1878;852;77438;30319;14.4;5.6
25;2021-04-08;2434;824;79872;31143;14.8;5.8
25;2021-04-09;2597;995;82469;32138;15.3;6.0
25;2021-04-10;978;290;83447;32428;15.5;6.0
25;2021-04-11;105;28;83552;32456;15.5;6.0
25;2021-04-12;1558;966;85110;33422;15.8;6.2
25;2021-04-13;1988;1316;87098;34738;16.1;6.4
25;2021-04-14;1750;1217;88848;35955;16.5;6.7
25;2021-04-15;1999;1328;90847;37283;16.8;6.9
25;2021-04-16;2085;1001;92932;38284;17.2;7.1
25;2021-04-17;1105;414;94037;38698;17.4;7.2
25;2021-04-18;118;18;94155;38716;17.5;7.2
25;2021-04-19;1327;1245;95482;39961;17.7;7.4
25;2021-04-20;1615;1461;97097;41422;18.0;7.7
25;2021-04-21;1716;1629;98813;43051;18.3;8.0
25;2021-04-22;1859;1710;100672;44761;18.7;8.3
25;2021-04-23;1902;1766;102574;46527;19.0;8.6
25;2021-04-24;1281;705;103855;47232;19.3;8.8
25;2021-04-25;140;114;103995;47346;19.3;8.8
25;2021-04-26;1721;1685;105716;49031;19.6;9.1
25;2021-04-27;2804;1524;108520;50555;20.1;9.4
25;2021-04-28;2425;1557;110945;52112;20.6;9.7
25;2021-04-29;2649;1834;113594;53946;21.1;10.0
25;2021-04-30;3106;1579;116700;55525;21.6;10.3
25;2021-05-01;1789;334;118489;55859;22.0;10.4
25;2021-05-02;442;22;118931;55881;22.0;10.4
25;2021-05-03;2902;841;121833;56722;22.6;10.5
25;2021-05-04;2641;1883;124474;58605;23.1;10.9
25;2021-05-05;2598;1664;127072;60269;23.6;11.2
25;2021-05-06;2927;2167;129999;62436;24.1;11.6
25;2021-05-07;3063;2126;133062;64562;24.7;12.0
25;2021-05-08;1334;229;134396;64791;24.9;12.0
25;2021-05-09;244;87;134640;64878;25.0;12.0
25;2021-05-10;3130;1640;137770;66518;25.5;12.3
25;2021-05-11;3749;2041;141519;68559;26.2;12.7
25;2021-05-12;3688;1792;145207;70351;26.9;13.0
25;2021-05-13;3521;598;148728;70949;27.6;13.2
25;2021-05-14;4484;1307;153212;72256;28.4;13.4
25;2021-05-15;3281;709;156493;72965;29.0;13.5
25;2021-05-16;723;92;157216;73057;29.1;13.5
25;2021-05-17;4090;1092;161306;74149;29.9;13.7
25;2021-05-18;5205;1187;166511;75336;30.9;14.0
25;2021-05-19;5245;1131;171756;76467;31.8;14.2
25;2021-05-20;5134;1453;176890;77920;32.8;14.4
25;2021-05-21;5764;1978;182654;79898;33.9;14.8
25;2021-05-22;3177;722;185831;80620;34.4;14.9
25;2021-05-23;781;156;186612;80776;34.6;15.0
25;2021-05-24;1528;152;188140;80928;34.9;15.0
25;2021-05-25;3514;1647;191654;82575;35.5;15.3
25;2021-05-26;3976;1555;195630;84130;36.3;15.6
25;2021-05-27;4518;1901;200148;86031;37.1;15.9
25;2021-05-28;3994;2650;204142;88681;37.8;16.4
25;2021-05-29;2015;1022;206157;89703;38.2;16.6
25;2021-05-30;175;96;206332;89799;38.2;16.6
25;2021-05-31;2673;1712;209005;91511;38.7;17.0
25;2021-06-01;2729;2158;211734;93669;39.3;17.4
25;2021-06-02;2609;2249;214343;95918;39.7;17.8
25;2021-06-03;3274;2043;217617;97961;40.3;18.2
25;2021-06-04;3210;2409;220827;100370;40.9;18.6
25;2021-06-05;1491;1399;222318;101769;41.2;18.9
25;2021-06-06;986;259;223304;102028;41.4;18.9
25;2021-06-07;2785;2574;226089;104602;41.9;19.4
25;2021-06-08;2604;2760;228693;107362;42.4;19.9
25;2021-06-09;2382;2763;231075;110125;42.8;20.4
25;2021-06-10;2322;2655;233397;112780;43.3;20.9
25;2021-06-11;2712;3309;236109;116089;43.8;21.5
25;2021-06-12;1572;1860;237681;117949;44.1;21.9
25;2021-06-13;496;257;238177;118206;44.2;21.9
25;2021-06-14;1422;3757;239599;121963;44.4;22.6
25;2021-06-15;1642;3568;241241;125531;44.7;23.3
25;2021-06-16;1954;3270;243195;128801;45.1;23.9
25;2021-06-17;1474;3324;244669;132125;45.4;24.5
25;2021-06-18;2288;4296;246957;136421;45.8;25.3
25;2021-06-19;1350;1977;248307;138398;46.0;25.7
25;2021-06-20;57;239;248364;138637;46.0;25.7
25;2021-06-21;1140;4139;249504;142776;46.3;26.5
25;2021-06-22;1149;4676;250653;147452;46.5;27.3
25;2021-06-23;1406;4074;252059;151526;46.7;28.1
25;2021-06-24;1193;4082;253252;155608;46.9;28.8
25;2021-06-25;1641;5606;254893;161214;47.3;29.9
25;2021-06-26;626;3383;255519;164597;47.4;30.5
25;2021-06-27;451;879;255970;165476;47.5;30.7
25;2021-06-28;907;4473;256877;169949;47.6;31.5
25;2021-06-29;1132;5471;258009;175420;47.8;32.5
25;2021-06-30;1312;5369;259321;180789;48.1;33.5
25;2021-07-01;1707;5230;261028;186019;48.4;34.5
25;2021-07-02;1751;5060;262779;191079;48.7;35.4
25;2021-07-03;1041;2695;263820;193774;48.9;35.9
25;2021-07-04;409;722;264229;194496;49.0;36.1
25;2021-07-05;1300;2579;265529;197075;49.2;36.5
25;2021-07-06;1571;4748;267100;201823;49.5;37.4
25;2021-07-07;1595;4506;268695;206329;49.8;38.2
25;2021-07-08;1551;3929;270246;210258;50.1;39.0
25;2021-07-09;1797;4583;272043;214841;50.4;39.8
25;2021-07-10;781;2372;272824;217213;50.6;40.3
25;2021-07-11;126;306;272950;217519;50.6;40.3
25;2021-07-12;1398;3860;274348;221379;50.9;41.0
25;2021-07-13;2473;4771;276821;226150;51.3;41.9
25;2021-07-14;378;561;277199;226711;51.4;42.0
25;2021-07-15;2403;3655;279602;230366;51.8;42.7
25;2021-07-16;3483;3834;283085;234200;52.5;43.4
25;2021-07-17;2207;2035;285292;236235;52.9;43.8
25;2021-07-18;807;1299;286099;237534;53.0;44.0
25;2021-07-19;2543;4205;288642;241739;53.5;44.8
25;2021-07-20;3380;3708;292022;245447;54.1;45.5
25;2021-07-21;3300;3367;295322;248814;54.7;46.1
25;2021-07-22;3328;2975;298650;251789;55.4;46.7
25;2021-07-23;3563;3352;302213;255141;56.0;47.3
25;2021-07-24;1410;2271;303623;257412;56.3;47.7
25;2021-07-25;675;707;304298;258119;56.4;47.8
25;2021-07-26;3048;3016;307346;261135;57.0;48.4
25;2021-07-27;3825;2121;311171;263256;57.7;48.8
25;2021-07-28;3675;2111;314846;265367;58.4;49.2
25;2021-07-29;4309;2086;319155;267453;59.2;49.6
25;2021-07-30;4247;2481;323402;269934;60.0;50.0
25;2021-07-31;1817;1466;325219;271400;60.3;50.3
25;2021-08-01;1346;197;326565;271597;60.5;50.3
25;2021-08-02;2709;2215;329274;273812;61.0;50.8
25;2021-08-03;2814;2201;332088;276013;61.6;51.2
25;2021-08-04;2920;1422;335008;277435;62.1;51.4
25;2021-08-05;2191;1726;337199;279161;62.5;51.7
25;2021-08-06;2276;2344;339475;281505;62.9;52.2
25;2021-08-07;1289;1199;340764;282704;63.2;52.4
25;2021-08-08;319;475;341083;283179;63.2;52.5
25;2021-08-09;2017;2226;343100;285405;63.6;52.9
25;2021-08-10;1947;2513;345047;287918;64.0;53.4
25;2021-08-11;1826;2026;346873;289944;64.3;53.7
25;2021-08-12;2134;2490;349007;292434;64.7;54.2
25;2021-08-13;1675;2016;350682;294450;65.0;54.6
25;2021-08-14;952;1781;351634;296231;65.2;54.9
25;2021-08-15;9;45;351643;296276;65.2;54.9
25;2021-08-16;1241;3252;352884;299528;65.4;55.5
25;2021-08-17;1432;3282;354316;302810;65.7;56.1
25;2021-08-18;1228;2800;355544;305610;65.9;56.7
25;2021-08-19;980;2865;356524;308475;66.1;57.2
25;2021-08-20;1413;3687;357937;312162;66.4;57.9
25;2021-08-21;548;1769;358485;313931;66.5;58.2
25;2021-08-22;213;1268;358698;315199;66.5;58.4
26;2020-12-27;0;0;0;0;0.0;0.0
26;2020-12-28;0;0;0;0;0.0;0.0
26;2020-12-29;0;0;0;0;0.0;0.0
26;2020-12-30;0;0;0;0;0.0;0.0
26;2020-12-31;0;0;0;0;0.0;0.0
26;2021-01-01;0;0;0;0;0.0;0.0
26;2021-01-02;0;0;0;0;0.0;0.0
26;2021-01-03;0;0;0;0;0.0;0.0
26;2021-01-04;0;0;0;0;0.0;0.0
26;2021-01-05;0;0;0;0;0.0;0.0
26;2021-01-06;0;0;0;0;0.0;0.0
26;2021-01-07;168;0;168;0;0.0;0.0
26;2021-01-08;125;0;293;0;0.1;0.0
26;2021-01-09;2;0;295;0;0.1;0.0
26;2021-01-10;0;0;295;0;0.1;0.0
26;2021-01-11;266;1;561;1;0.1;0.0
26;2021-01-12;176;1;737;2;0.1;0.0
26;2021-01-13;417;1;1154;3;0.2;0.0
26;2021-01-14;487;0;1641;3;0.3;0.0
26;2021-01-15;562;1;2203;4;0.4;0.0
26;2021-01-16;250;1;2453;5;0.5;0.0
26;2021-01-17;0;0;2453;5;0.5;0.0
26;2021-01-18;637;1;3090;6;0.6;0.0
26;2021-01-19;785;3;3875;9;0.7;0.0
26;2021-01-20;742;0;4617;9;0.9;0.0
26;2021-01-21;806;5;5423;14;1.0;0.0
26;2021-01-22;787;4;6210;18;1.2;0.0
26;2021-01-23;563;2;6773;20;1.3;0.0
26;2021-01-24;24;0;6797;20;1.3;0.0
26;2021-01-25;697;2;7494;22;1.4;0.0
26;2021-01-26;801;4;8295;26;1.6;0.0
26;2021-01-27;822;9;9117;35;1.8;0.0
26;2021-01-28;1328;169;10445;204;2.0;0.0
26;2021-01-29;970;66;11415;270;2.2;0.1
26;2021-01-30;606;5;12021;275;2.3;0.1
26;2021-01-31;24;0;12045;275;2.3;0.1
26;2021-02-01;709;188;12754;463;2.5;0.1
26;2021-02-02;1274;212;14028;675;2.7;0.1
26;2021-02-03;1236;258;15264;933;2.9;0.2
26;2021-02-04;985;452;16249;1385;3.1;0.3
26;2021-02-05;672;335;16921;1720;3.3;0.3
26;2021-02-06;408;241;17329;1961;3.3;0.4
26;2021-02-07;57;2;17386;1963;3.3;0.4
26;2021-02-08;544;417;17930;2380;3.4;0.5
26;2021-02-09;616;476;18546;2856;3.6;0.5
26;2021-02-10;665;340;19211;3196;3.7;0.6
26;2021-02-11;753;330;19964;3526;3.8;0.7
26;2021-02-12;590;452;20554;3978;3.9;0.8
26;2021-02-13;388;336;20942;4314;4.0;0.8
26;2021-02-14;36;0;20978;4314;4.0;0.8
26;2021-02-15;414;530;21392;4844;4.1;0.9
26;2021-02-16;294;555;21686;5399;4.2;1.0
26;2021-02-17;196;740;21882;6139;4.2;1.2
26;2021-02-18;337;898;22219;7037;4.3;1.4
26;2021-02-19;341;808;22560;7845;4.3;1.5
26;2021-02-20;95;490;22655;8335;4.4;1.6
26;2021-02-21;3;24;22658;8359;4.4;1.6
26;2021-02-22;144;718;22802;9077;4.4;1.7
26;2021-02-23;397;999;23199;10076;4.5;1.9
26;2021-02-24;344;1223;23543;11299;4.5;2.2
26;2021-02-25;735;1073;24278;12372;4.7;2.4
26;2021-02-26;926;642;25204;13014;4.8;2.5
26;2021-02-27;279;511;25483;13525;4.9;2.6
26;2021-02-28;3;30;25486;13555;4.9;2.6
26;2021-03-01;458;660;25944;14215;5.0;2.7
26;2021-03-02;741;633;26685;14848;5.1;2.9
26;2021-03-03;730;687;27415;15535;5.3;3.0
26;2021-03-04;1044;583;28459;16118;5.5;3.1
26;2021-03-05;1710;521;30169;16639;5.8;3.2
26;2021-03-06;2772;499;32941;17138;6.3;3.3
26;2021-03-07;2990;214;35931;17352;6.9;3.3
26;2021-03-08;910;653;36841;18005;7.1;3.5
26;2021-03-09;1325;559;38166;18564;7.3;3.6
26;2021-03-10;1219;515;39385;19079;7.6;3.7
26;2021-03-11;1608;654;40993;19733;7.9;3.8
26;2021-03-12;2216;478;43209;20211;8.3;3.9
26;2021-03-13;1886;345;45095;20556;8.7;3.9
26;2021-03-14;69;39;45164;20595;8.7;4.0
26;2021-03-15;1652;251;46816;20846;9.0;4.0
26;2021-03-16;1232;514;48048;21360;9.2;4.1
26;2021-03-17;1369;307;49417;21667;9.5;4.2
26;2021-03-18;1587;283;51004;21950;9.8;4.2
26;2021-03-19;2444;347;53448;22297;10.3;4.3
26;2021-03-20;1289;150;54737;22447;10.5;4.3
26;2021-03-21;61;20;54798;22467;10.5;4.3
26;2021-03-22;1845;194;56643;22661;10.9;4.4
26;2021-03-23;2474;275;59117;22936;11.4;4.4
26;2021-03-24;2551;243;61668;23179;11.8;4.5
26;2021-03-25;3042;340;64710;23519;12.4;4.5
26;2021-03-26;3050;354;67760;23873;13.0;4.6
26;2021-03-27;1245;158;69005;24031;13.3;4.6
26;2021-03-28;94;7;69099;24038;13.3;4.6
26;2021-03-29;1908;407;71007;24445;13.6;4.7
26;2021-03-30;2382;547;73389;24992;14.1;4.8
26;2021-03-31;2229;580;75618;25572;14.5;4.9
26;2021-04-01;2276;782;77894;26354;15.0;5.1
26;2021-04-02;2214;992;80108;27346;15.4;5.3
26;2021-04-03;552;1202;80660;28548;15.5;5.5
26;2021-04-04;215;888;80875;29436;15.5;5.7
26;2021-04-05;555;53;81430;29489;15.6;5.7
26;2021-04-06;1486;834;82916;30323;15.9;5.8
26;2021-04-07;1792;900;84708;31223;16.3;6.0
26;2021-04-08;3004;930;87712;32153;16.8;6.2
26;2021-04-09;3416;1003;91128;33156;17.5;6.4
26;2021-04-10;1356;920;92484;34076;17.8;6.5
26;2021-04-11;89;35;92573;34111;17.8;6.6
26;2021-04-12;1714;1128;94287;35239;18.1;6.8
26;2021-04-13;2796;1456;97083;36695;18.6;7.0
26;2021-04-14;2206;1479;99289;38174;19.1;7.3
26;2021-04-15;2275;1587;101564;39761;19.5;7.6
26;2021-04-16;2270;1592;103834;41353;19.9;7.9
26;2021-04-17;1096;840;104930;42193;20.2;8.1
26;2021-04-18;35;52;104965;42245;20.2;8.1
26;2021-04-19;1547;1573;106512;43818;20.5;8.4
26;2021-04-20;1799;1731;108311;45549;20.8;8.8
26;2021-04-21;2011;1510;110322;47059;21.2;9.0
26;2021-04-22;2290;1605;112612;48664;21.6;9.3
26;2021-04-23;2009;1637;114621;50301;22.0;9.7
26;2021-04-24;1655;844;116276;51145;22.3;9.8
26;2021-04-25;629;94;116905;51239;22.5;9.8
26;2021-04-26;1377;1601;118282;52840;22.7;10.2
26;2021-04-27;1986;1687;120268;54527;23.1;10.5
26;2021-04-28;1867;1543;122135;56070;23.5;10.8
26;2021-04-29;2866;1892;125001;57962;24.0;11.1
26;2021-04-30;2626;1764;127627;59726;24.5;11.5
26;2021-05-01;1538;381;129165;60107;24.8;11.5
26;2021-05-02;1086;118;130251;60225;25.0;11.6
26;2021-05-03;2201;1788;132452;62013;25.4;11.9
26;2021-05-04;2614;2352;135066;64365;25.9;12.4
26;2021-05-05;2772;2199;137838;66564;26.5;12.8
26;2021-05-06;3321;2218;141159;68782;27.1;13.2
26;2021-05-07;2859;2260;144018;71042;27.7;13.6
26;2021-05-08;1957;621;145975;71663;28.0;13.8
26;2021-05-09;713;123;146688;71786;28.2;13.8
26;2021-05-10;3022;1823;149710;73609;28.8;14.1
26;2021-05-11;4443;2189;154153;75798;29.6;14.6
26;2021-05-12;4826;1691;158979;77489;30.5;14.9
26;2021-05-13;4364;613;163343;78102;31.4;15.0
26;2021-05-14;4644;1549;167987;79651;32.3;15.3
26;2021-05-15;4468;625;172455;80276;33.1;15.4
26;2021-05-16;3631;344;176086;80620;33.8;15.5
26;2021-05-17;3657;1481;179743;82101;34.5;15.8
26;2021-05-18;4476;1742;184219;83843;35.4;16.1
26;2021-05-19;4485;1449;188704;85292;36.3;16.4
26;2021-05-20;4685;1754;193389;87046;37.2;16.7
26;2021-05-21;4728;1799;198117;88845;38.1;17.1
26;2021-05-22;3189;687;201306;89532;38.7;17.2
26;2021-05-23;1598;183;202904;89715;39.0;17.2
26;2021-05-24;3789;744;206693;90459;39.7;17.4
26;2021-05-25;3592;2338;210285;92797;40.4;17.8
26;2021-05-26;4180;2272;214465;95069;41.2;18.3
26;2021-05-27;4216;2464;218681;97533;42.0;18.7
26;2021-05-28;3777;2770;222458;100303;42.7;19.3
26;2021-05-29;3087;1653;225545;101956;43.3;19.6
26;2021-05-30;322;71;225867;102027;43.4;19.6
26;2021-05-31;3081;1851;228948;103878;44.0;20.0
26;2021-06-01;3108;2307;232056;106185;44.6;20.4
26;2021-06-02;2870;2214;234926;108399;45.1;20.8
26;2021-06-03;2851;2493;237777;110892;45.7;21.3
26;2021-06-04;2660;2904;240437;113796;46.2;21.9
26;2021-06-05;1804;1694;242241;115490;46.5;22.2
26;2021-06-06;9;0;242250;115490;46.5;22.2
26;2021-06-07;2347;2426;244597;117916;47.0;22.7
26;2021-06-08;2455;2293;247052;120209;47.5;23.1
26;2021-06-09;2094;2387;249146;122596;47.9;23.6
26;2021-06-10;1976;2761;251122;125357;48.2;24.1
26;2021-06-11;1895;3272;253017;128629;48.6;24.7
26;2021-06-12;1218;1791;254235;130420;48.8;25.1
26;2021-06-13;96;214;254331;130634;48.9;25.1
26;2021-06-14;1416;3498;255747;134132;49.1;25.8
26;2021-06-15;1584;3963;257331;138095;49.4;26.5
26;2021-06-16;1786;3464;259117;141559;49.8;27.2
26;2021-06-17;1509;3166;260626;144725;50.1;27.8
26;2021-06-18;1796;4368;262422;149093;50.4;28.6
26;2021-06-19;932;3180;263354;152273;50.6;29.3
26;2021-06-20;264;875;263618;153148;50.6;29.4
26;2021-06-21;1006;4549;264624;157697;50.8;30.3
26;2021-06-22;1062;5120;265686;162817;51.0;31.3
26;2021-06-23;1167;5073;266853;167890;51.3;32.3
26;2021-06-24;1260;4539;268113;172429;51.5;33.1
26;2021-06-25;1017;5541;269130;177970;51.7;34.2
26;2021-06-26;662;3821;269792;181791;51.8;34.9
26;2021-06-27;300;1273;270092;183064;51.9;35.2
26;2021-06-28;778;4755;270870;187819;52.0;36.1
26;2021-06-29;1099;4961;271969;192780;52.2;37.0
26;2021-06-30;1412;4890;273381;197670;52.5;38.0
26;2021-07-01;1651;4393;275032;202063;52.8;38.8
26;2021-07-02;1334;5162;276366;207225;53.1;39.8
26;2021-07-03;770;3323;277136;210548;53.2;40.4
26;2021-07-04;333;633;277469;211181;53.3;40.6
26;2021-07-05;889;4677;278358;215858;53.5;41.5
26;2021-07-06;1268;4202;279626;220060;53.7;42.3
26;2021-07-07;1442;3795;281068;223855;54.0;43.0
26;2021-07-08;2385;3330;283453;227185;54.5;43.6
26;2021-07-09;1558;4791;285011;231976;54.8;44.6
26;2021-07-10;910;2915;285921;234891;54.9;45.1
26;2021-07-11;334;350;286255;235241;55.0;45.2
26;2021-07-12;1114;4218;287369;239459;55.2;46.0
26;2021-07-13;2299;4338;289668;243797;55.6;46.8
26;2021-07-14;1058;813;290726;244610;55.8;47.0
26;2021-07-15;3167;3651;293893;248261;56.5;47.7
26;2021-07-16;2999;3691;296892;251952;57.0;48.4
26;2021-07-17;1877;1813;298769;253765;57.4;48.7
26;2021-07-18;20;24;298789;253789;57.4;48.8
26;2021-07-19;2722;3263;301511;257052;57.9;49.4
26;2021-07-20;3704;3367;305215;260419;58.6;50.0
26;2021-07-21;3587;3091;308802;263510;59.3;50.6
26;2021-07-22;4119;2960;312921;266470;60.1;51.2
26;2021-07-23;3856;3395;316777;269865;60.9;51.8
26;2021-07-24;2342;1357;319119;271222;61.3;52.1
26;2021-07-25;608;93;319727;271315;61.4;52.1
26;2021-07-26;3424;2577;323151;273892;62.1;52.6
26;2021-07-27;4816;2620;327967;276512;63.0;53.1
26;2021-07-28;4523;2378;332490;278890;63.9;53.6
26;2021-07-29;3891;2886;336381;281776;64.6;54.1
26;2021-07-30;3472;2665;339853;284441;65.3;54.6
26;2021-07-31;1143;1008;340996;285449;65.5;54.8
26;2021-08-01;412;108;341408;285557;65.6;54.9
26;2021-08-02;2937;2354;344345;287911;66.1;55.3
26;2021-08-03;3287;2290;347632;290201;66.8;55.7
26;2021-08-04;3971;2007;351603;292208;67.5;56.1
26;2021-08-05;3131;2194;354734;294402;68.1;56.6
26;2021-08-06;3124;2633;357858;297035;68.7;57.1
26;2021-08-07;639;843;358497;297878;68.9;57.2
26;2021-08-08;28;13;358525;297891;68.9;57.2
26;2021-08-09;2179;3056;360704;300947;69.3;57.8
26;2021-08-10;2328;3039;363032;303986;69.7;58.4
26;2021-08-11;2061;2714;365093;306700;70.1;58.9
26;2021-08-12;1771;2581;366864;309281;70.5;59.4
26;2021-08-13;1659;2412;368523;311693;70.8;59.9
26;2021-08-14;270;869;368793;312562;70.8;60.0
26;2021-08-15;6;8;368799;312570;70.8;60.0
26;2021-08-16;1178;3288;369977;315858;71.1;60.7
26;2021-08-17;1507;3146;371484;319004;71.4;61.3
26;2021-08-18;1618;3372;373102;322376;71.7;61.9
26;2021-08-19;1546;3056;374648;325432;72.0;62.5
26;2021-08-20;1408;2973;376056;328405;72.2;63.1
26;2021-08-21;592;1087;376648;329492;72.4;63.3
26;2021-08-22;62;379;376710;329871;72.4;63.4
27;2020-12-27;1;0;1;0;0.0;0.0
27;2020-12-28;0;0;1;0;0.0;0.0
27;2020-12-29;1;0;2;0;0.0;0.0
27;2020-12-30;0;0;2;0;0.0;0.0
27;2020-12-31;0;0;2;0;0.0;0.0
27;2021-01-01;0;0;2;0;0.0;0.0
27;2021-01-02;0;0;2;0;0.0;0.0
27;2021-01-03;2;0;4;0;0.0;0.0
27;2021-01-04;0;0;4;0;0.0;0.0
27;2021-01-05;15;0;19;0;0.0;0.0
27;2021-01-06;161;0;180;0;0.0;0.0
27;2021-01-07;372;1;552;1;0.1;0.0
27;2021-01-08;442;0;994;1;0.2;0.0
27;2021-01-09;72;1;1066;2;0.2;0.0
27;2021-01-10;101;0;1167;2;0.2;0.0
27;2021-01-11;383;0;1550;2;0.3;0.0
27;2021-01-12;409;2;1959;4;0.3;0.0
27;2021-01-13;839;1;2798;5;0.5;0.0
27;2021-01-14;1627;26;4425;31;0.7;0.0
27;2021-01-15;1220;5;5645;36;0.9;0.0
27;2021-01-16;333;2;5978;38;1.0;0.0
27;2021-01-17;205;0;6183;38;1.0;0.0
27;2021-01-18;798;2;6981;40;1.2;0.0
27;2021-01-19;773;3;7754;43;1.3;0.0
27;2021-01-20;871;0;8625;43;1.4;0.0
27;2021-01-21;655;1;9280;44;1.5;0.0
27;2021-01-22;779;4;10059;48;1.7;0.0
27;2021-01-23;350;0;10409;48;1.7;0.0
27;2021-01-24;169;6;10578;54;1.8;0.0
27;2021-01-25;635;15;11213;69;1.9;0.0
27;2021-01-26;462;17;11675;86;1.9;0.0
27;2021-01-27;506;105;12181;191;2.0;0.0
27;2021-01-28;517;296;12698;487;2.1;0.1
27;2021-01-29;509;109;13207;596;2.2;0.1
27;2021-01-30;242;30;13449;626;2.2;0.1
27;2021-01-31;27;24;13476;650;2.2;0.1
27;2021-02-01;349;195;13825;845;2.3;0.1
27;2021-02-02;307;281;14132;1126;2.4;0.2
27;2021-02-03;488;401;14620;1527;2.4;0.3
27;2021-02-04;719;890;15339;2417;2.6;0.4
27;2021-02-05;662;1153;16001;3570;2.7;0.6
27;2021-02-06;125;223;16126;3793;2.7;0.6
27;2021-02-07;25;42;16151;3835;2.7;0.6
27;2021-02-08;310;378;16461;4213;2.7;0.7
27;2021-02-09;342;556;16803;4769;2.8;0.8
27;2021-02-10;303;524;17106;5293;2.8;0.9
27;2021-02-11;318;456;17424;5749;2.9;1.0
27;2021-02-12;229;545;17653;6294;2.9;1.0
27;2021-02-13;151;133;17804;6427;3.0;1.1
27;2021-02-14;6;93;17810;6520;3.0;1.1
27;2021-02-15;389;597;18199;7117;3.0;1.2
27;2021-02-16;295;737;18494;7854;3.1;1.3
27;2021-02-17;247;641;18741;8495;3.1;1.4
27;2021-02-18;363;685;19104;9180;3.2;1.5
27;2021-02-19;218;690;19322;9870;3.2;1.6
27;2021-02-20;129;251;19451;10121;3.2;1.7
27;2021-02-21;12;139;19463;10260;3.2;1.7
27;2021-02-22;482;568;19945;10828;3.3;1.8
27;2021-02-23;495;626;20440;11454;3.4;1.9
27;2021-02-24;543;650;20983;12104;3.5;2.0
27;2021-02-25;844;758;21827;12862;3.6;2.1
27;2021-02-26;953;692;22780;13554;3.8;2.3
27;2021-02-27;406;160;23186;13714;3.9;2.3
27;2021-02-28;173;31;23359;13745;3.9;2.3
27;2021-03-01;487;443;23846;14188;4.0;2.4
27;2021-03-02;765;367;24611;14555;4.1;2.4
27;2021-03-03;852;365;25463;14920;4.2;2.5
27;2021-03-04;885;234;26348;15154;4.4;2.5
27;2021-03-05;1304;237;27652;15391;4.6;2.6
27;2021-03-06;1637;108;29289;15499;4.9;2.6
27;2021-03-07;620;16;29909;15515;5.0;2.6
27;2021-03-08;1204;304;31113;15819;5.2;2.6
27;2021-03-09;1826;263;32939;16082;5.5;2.7
27;2021-03-10;2116;347;35055;16429;5.8;2.7
27;2021-03-11;2149;223;37204;16652;6.2;2.8
27;2021-03-12;2818;199;40022;16851;6.7;2.8
27;2021-03-13;1919;123;41941;16974;7.0;2.8
27;2021-03-14;655;14;42596;16988;7.1;2.8
27;2021-03-15;1553;214;44149;17202;7.3;2.9
27;2021-03-16;1486;238;45635;17440;7.6;2.9
27;2021-03-17;1852;342;47487;17782;7.9;3.0
27;2021-03-18;1687;344;49174;18126;8.2;3.0
27;2021-03-19;1832;170;51006;18296;8.5;3.0
27;2021-03-20;903;40;51909;18336;8.6;3.1
27;2021-03-21;258;3;52167;18339;8.7;3.1
27;2021-03-22;1234;544;53401;18883;8.9;3.1
27;2021-03-23;1626;461;55027;19344;9.2;3.2
27;2021-03-24;1523;477;56550;19821;9.4;3.3
27;2021-03-25;2163;507;58713;20328;9.8;3.4
27;2021-03-26;2529;444;61242;20772;10.2;3.5
27;2021-03-27;1568;200;62810;20972;10.5;3.5
27;2021-03-28;1149;49;63959;21021;10.6;3.5
27;2021-03-29;1376;834;65335;21855;10.9;3.6
27;2021-03-30;1393;847;66728;22702;11.1;3.8
27;2021-03-31;1487;876;68215;23578;11.4;3.9
27;2021-04-01;1954;810;70169;24388;11.7;4.1
27;2021-04-02;2001;1184;72170;25572;12.0;4.3
27;2021-04-03;1562;739;73732;26311;12.3;4.4
27;2021-04-04;976;175;74708;26486;12.4;4.4
27;2021-04-05;282;6;74990;26492;12.5;4.4
27;2021-04-06;1414;1805;76404;28297;12.7;4.7
27;2021-04-07;1323;1747;77727;30044;12.9;5.0
27;2021-04-08;1683;1678;79410;31722;13.2;5.3
27;2021-04-09;2947;1561;82357;33283;13.7;5.5
27;2021-04-10;2032;982;84389;34265;14.0;5.7
27;2021-04-11;946;211;85335;34476;14.2;5.7
27;2021-04-12;2435;1512;87770;35988;14.6;6.0
27;2021-04-13;2393;1549;90163;37537;15.0;6.2
27;2021-04-14;2087;1628;92250;39165;15.4;6.5
27;2021-04-15;1876;1662;94126;40827;15.7;6.8
27;2021-04-16;2752;1115;96878;41942;16.1;7.0
27;2021-04-17;2169;495;99047;42437;16.5;7.1
27;2021-04-18;453;16;99500;42453;16.6;7.1
27;2021-04-19;1713;1174;101213;43627;16.8;7.3
27;2021-04-20;2386;1303;103599;44930;17.2;7.5
27;2021-04-21;2209;1079;105808;46009;17.6;7.7
27;2021-04-22;2178;1412;107986;47421;18.0;7.9
27;2021-04-23;2448;1177;110434;48598;18.4;8.1
27;2021-04-24;3258;1143;113692;49741;18.9;8.3
27;2021-04-25;1130;1052;114822;50793;19.1;8.5
27;2021-04-26;1924;1145;116746;51938;19.4;8.6
27;2021-04-27;2527;1091;119273;53029;19.9;8.8
27;2021-04-28;2393;1313;121666;54342;20.3;9.0
27;2021-04-29;2492;1474;124158;55816;20.7;9.3
27;2021-04-30;2371;1613;126529;57429;21.1;9.6
27;2021-05-01;2637;888;129166;58317;21.5;9.7
27;2021-05-02;1953;897;131119;59214;21.8;9.9
27;2021-05-03;3064;882;134183;60096;22.3;10.0
27;2021-05-04;2782;1648;136965;61744;22.8;10.3
27;2021-05-05;2817;1651;139782;63395;23.3;10.6
27;2021-05-06;3184;1293;142966;64688;23.8;10.8
27;2021-05-07;3325;2002;146291;66690;24.4;11.1
27;2021-05-08;2802;1331;149093;68021;24.8;11.3
27;2021-05-09;1696;298;150789;68319;25.1;11.4
27;2021-05-10;2951;2271;153740;70590;25.6;11.8
27;2021-05-11;3356;1759;157096;72349;26.2;12.0
27;2021-05-12;3462;1728;160558;74077;26.7;12.3
27;2021-05-13;1892;254;162450;74331;27.0;12.4
27;2021-05-14;3882;1789;166332;76120;27.7;12.7
27;2021-05-15;6603;955;172935;77075;28.8;12.8
27;2021-05-16;3668;436;176603;77511;29.4;12.9
27;2021-05-17;2776;1160;179379;78671;29.9;13.1
27;2021-05-18;3845;1291;183224;79962;30.5;13.3
27;2021-05-19;3967;1153;187191;81115;31.2;13.5
27;2021-05-20;3874;1167;191065;82282;31.8;13.7
27;2021-05-21;3968;1802;195033;84084;32.5;14.0
27;2021-05-22;4369;802;199402;84886;33.2;14.1
27;2021-05-23;800;173;200202;85059;33.3;14.2
27;2021-05-24;1490;341;201692;85400;33.6;14.2
27;2021-05-25;3513;1608;205205;87008;34.2;14.5
27;2021-05-26;3857;1739;209062;88747;34.8;14.8
27;2021-05-27;3787;1488;212849;90235;35.4;15.0
27;2021-05-28;3399;2630;216248;92865;36.0;15.5
27;2021-05-29;4824;2299;221072;95164;36.8;15.8
27;2021-05-30;1118;248;222190;95412;37.0;15.9
27;2021-05-31;3464;2275;225654;97687;37.6;16.3
27;2021-06-01;3815;2246;229469;99933;38.2;16.6
27;2021-06-02;3341;2184;232810;102117;38.8;17.0
27;2021-06-03;4429;2126;237239;104243;39.5;17.4
27;2021-06-04;3602;2973;240841;107216;40.1;17.8
27;2021-06-05;3211;3349;244052;110565;40.6;18.4
27;2021-06-06;2004;1007;246056;111572;41.0;18.6
27;2021-06-07;2568;2358;248624;113930;41.4;19.0
27;2021-06-08;3125;2377;251749;116307;41.9;19.4
27;2021-06-09;2304;2469;254053;118776;42.3;19.8
27;2021-06-10;2431;2039;256484;120815;42.7;20.1
27;2021-06-11;2889;3772;259373;124587;43.2;20.7
27;2021-06-12;1983;4190;261356;128777;43.5;21.4
27;2021-06-13;1083;2686;262439;131463;43.7;21.9
27;2021-06-14;1995;3115;264434;134578;44.0;22.4
27;2021-06-15;2687;3021;267121;137599;44.5;22.9
27;2021-06-16;2503;3262;269624;140861;44.9;23.4
27;2021-06-17;2295;3284;271919;144145;45.3;24.0
27;2021-06-18;2746;4420;274665;148565;45.7;24.7
27;2021-06-19;1863;3392;276528;151957;46.0;25.3
27;2021-06-20;608;711;277136;152668;46.1;25.4
27;2021-06-21;1703;3492;278839;156160;46.4;26.0
27;2021-06-22;2384;3719;281223;159879;46.8;26.6
27;2021-06-23;2075;3568;283298;163447;47.2;27.2
27;2021-06-24;2256;3412;285554;166859;47.5;27.8
27;2021-06-25;1935;4458;287489;171317;47.9;28.5
27;2021-06-26;884;5354;288373;176671;48.0;29.4
27;2021-06-27;377;1427;288750;178098;48.1;29.6
27;2021-06-28;1128;3404;289878;181502;48.3;30.2
27;2021-06-29;1702;4367;291580;185869;48.5;30.9
27;2021-06-30;2117;4093;293697;189962;48.9;31.6
27;2021-07-01;2226;3907;295923;193869;49.3;32.3
27;2021-07-02;1586;4617;297509;198486;49.5;33.0
27;2021-07-03;1308;4774;298817;203260;49.7;33.8
27;2021-07-04;503;1401;299320;204661;49.8;34.1
27;2021-07-05;1418;3531;300738;208192;50.1;34.7
27;2021-07-06;1369;4180;302107;212372;50.3;35.4
27;2021-07-07;1759;4901;303866;217273;50.6;36.2
27;2021-07-08;2089;4348;305955;221621;50.9;36.9
27;2021-07-09;1985;5285;307940;226906;51.3;37.8
27;2021-07-10;1167;4176;309107;231082;51.5;38.5
27;2021-07-11;425;1140;309532;232222;51.5;38.7
27;2021-07-12;1252;4375;310784;236597;51.7;39.4
27;2021-07-13;2759;5351;313543;241948;52.2;40.3
27;2021-07-14;1517;1751;315060;243699;52.4;40.6
27;2021-07-15;3030;5466;318090;249165;53.0;41.5
27;2021-07-16;3820;5287;321910;254452;53.6;42.4
27;2021-07-17;2733;3879;324643;258331;54.0;43.0
27;2021-07-18;551;1265;325194;259596;54.1;43.2
27;2021-07-19;3687;3790;328881;263386;54.8;43.8
27;2021-07-20;3448;3585;332329;266971;55.3;44.4
27;2021-07-21;4249;3898;336578;270869;56.0;45.1
27;2021-07-22;4747;3706;341325;274575;56.8;45.7
27;2021-07-23;3586;3399;344911;277974;57.4;46.3
27;2021-07-24;3112;2329;348023;280303;57.9;46.7
27;2021-07-25;492;544;348515;280847;58.0;46.8
27;2021-07-26;3062;3179;351577;284026;58.5;47.3
27;2021-07-27;3586;3102;355163;287128;59.1;47.8
27;2021-07-28;3576;3242;358739;290370;59.7;48.3
27;2021-07-29;4582;3504;363321;293874;60.5;48.9
27;2021-07-30;3805;3143;367126;297017;61.1;49.4
27;2021-07-31;3049;2576;370175;299593;61.6;49.9
27;2021-08-01;536;498;370711;300091;61.7;50.0
27;2021-08-02;3310;2580;374021;302671;62.3;50.4
27;2021-08-03;3412;2777;377433;305448;62.8;50.8
27;2021-08-04;3016;2330;380449;307778;63.3;51.2
27;2021-08-05;2663;2356;383112;310134;63.8;51.6
27;2021-08-06;3246;3247;386358;313381;64.3;52.2
27;2021-08-07;1790;2552;388148;315933;64.6;52.6
27;2021-08-08;219;196;388367;316129;64.7;52.6
27;2021-08-09;2204;2809;390571;318938;65.0;53.1
27;2021-08-10;2807;3501;393378;322439;65.5;53.7
27;2021-08-11;2620;3097;395998;325536;65.9;54.2
27;2021-08-12;2349;3903;398347;329439;66.3;54.8
27;2021-08-13;1729;2558;400076;331997;66.6;55.3
27;2021-08-14;1159;2889;401235;334886;66.8;55.8
27;2021-08-15;16;22;401251;334908;66.8;55.8
27;2021-08-16;1806;3805;403057;338713;67.1;56.4
27;2021-08-17;2038;3435;405095;342148;67.4;57.0
27;2021-08-18;1451;2978;406546;345126;67.7;57.5
27;2021-08-19;1706;3353;408252;348479;68.0;58.0
27;2021-08-20;1627;3436;409879;351915;68.2;58.6
27;2021-08-21;983;2845;410862;354760;68.4;59.1
27;2021-08-22;179;149;411041;354909;68.4;59.1
28;2020-12-27;0;0;0;0;0.0;0.0
28;2020-12-28;0;0;0;0;0.0;0.0
28;2020-12-29;0;0;0;0;0.0;0.0
28;2020-12-30;0;0;0;0;0.0;0.0
28;2020-12-31;0;0;0;0;0.0;0.0
28;2021-01-01;1;0;1;0;0.0;0.0
28;2021-01-02;0;0;1;0;0.0;0.0
28;2021-01-03;0;0;1;0;0.0;0.0
28;2021-01-04;0;0;1;0;0.0;0.0
28;2021-01-05;5;0;6;0;0.0;0.0
28;2021-01-06;84;0;90;0;0.0;0.0
28;2021-01-07;102;0;192;0;0.0;0.0
28;2021-01-08;134;2;326;2;0.1;0.0
28;2021-01-09;78;0;404;2;0.1;0.0
28;2021-01-10;1;0;405;2;0.1;0.0
28;2021-01-11;204;0;609;2;0.1;0.0
28;2021-01-12;265;2;874;4;0.2;0.0
28;2021-01-13;397;3;1271;7;0.3;0.0
28;2021-01-14;449;5;1720;12;0.4;0.0
28;2021-01-15;374;3;2094;15;0.5;0.0
28;2021-01-16;206;2;2300;17;0.5;0.0
28;2021-01-17;21;0;2321;17;0.5;0.0
28;2021-01-18;372;2;2693;19;0.6;0.0
28;2021-01-19;503;4;3196;23;0.7;0.0
28;2021-01-20;636;1;3832;24;0.9;0.0
28;2021-01-21;796;3;4628;27;1.1;0.0
28;2021-01-22;478;1;5106;28;1.2;0.0
28;2021-01-23;354;0;5460;28;1.3;0.0
28;2021-01-24;1;0;5461;28;1.3;0.0
28;2021-01-25;456;4;5917;32;1.4;0.0
28;2021-01-26;718;4;6635;36;1.5;0.0
28;2021-01-27;1213;50;7848;86;1.8;0.0
28;2021-01-28;1587;93;9435;179;2.2;0.0
28;2021-01-29;896;98;10331;277;2.4;0.1
28;2021-01-30;248;54;10579;331;2.5;0.1
28;2021-01-31;2;22;10581;353;2.5;0.1
28;2021-02-01;324;122;10905;475;2.5;0.1
28;2021-02-02;368;239;11273;714;2.6;0.2
28;2021-02-03;473;259;11746;973;2.7;0.2
28;2021-02-04;525;278;12271;1251;2.9;0.3
28;2021-02-05;436;226;12707;1477;3.0;0.3
28;2021-02-06;200;129;12907;1606;3.0;0.4
28;2021-02-07;0;0;12907;1606;3.0;0.4
28;2021-02-08;331;250;13238;1856;3.1;0.4
28;2021-02-09;281;347;13519;2203;3.1;0.5
28;2021-02-10;442;400;13961;2603;3.3;0.6
28;2021-02-11;562;490;14523;3093;3.4;0.7
28;2021-02-12;453;433;14976;3526;3.5;0.8
28;2021-02-13;181;191;15157;3717;3.5;0.9
28;2021-02-14;0;2;15157;3719;3.5;0.9
28;2021-02-15;280;474;15437;4193;3.6;1.0
28;2021-02-16;394;709;15831;4902;3.7;1.1
28;2021-02-17;585;1158;16416;6060;3.8;1.4
28;2021-02-18;665;1401;17081;7461;4.0;1.7
28;2021-02-19;546;765;17627;8226;4.1;1.9
28;2021-02-20;114;145;17741;8371;4.1;1.9
28;2021-02-21;7;33;17748;8404;4.1;2.0
28;2021-02-22;223;521;17971;8925;4.2;2.1
28;2021-02-23;203;379;18174;9304;4.2;2.2
28;2021-02-24;244;479;18418;9783;4.3;2.3
28;2021-02-25;574;452;18992;10235;4.4;2.4
28;2021-02-26;764;377;19756;10612;4.6;2.5
28;2021-02-27;265;86;20021;10698;4.7;2.5
28;2021-02-28;23;17;20044;10715;4.7;2.5
28;2021-03-01;291;216;20335;10931;4.7;2.5
28;2021-03-02;397;277;20732;11208;4.8;2.6
28;2021-03-03;369;400;21101;11608;4.9;2.7
28;2021-03-04;719;488;21820;12096;5.1;2.8
28;2021-03-05;1319;420;23139;12516;5.4;2.9
28;2021-03-06;1998;85;25137;12601;5.9;2.9
28;2021-03-07;974;29;26111;12630;6.1;2.9
28;2021-03-08;398;309;26509;12939;6.2;3.0
28;2021-03-09;980;360;27489;13299;6.4;3.1
28;2021-03-10;1357;545;28846;13844;6.7;3.2
28;2021-03-11;1535;703;30381;14547;7.1;3.4
28;2021-03-12;2258;643;32639;15190;7.6;3.5
28;2021-03-13;1235;132;33874;15322;7.9;3.6
28;2021-03-14;518;18;34392;15340;8.0;3.6
28;2021-03-15;756;231;35148;15571;8.2;3.6
28;2021-03-16;716;224;35864;15795;8.4;3.7
28;2021-03-17;746;288;36610;16083;8.5;3.7
28;2021-03-18;1201;277;37811;16360;8.8;3.8
28;2021-03-19;1557;333;39368;16693;9.2;3.9
28;2021-03-20;639;21;40007;16714;9.3;3.9
28;2021-03-21;28;7;40035;16721;9.3;3.9
28;2021-03-22;767;322;40802;17043;9.5;4.0
28;2021-03-23;1027;194;41829;17237;9.7;4.0
28;2021-03-24;1312;277;43141;17514;10.0;4.1
28;2021-03-25;1797;290;44938;17804;10.5;4.1
28;2021-03-26;2083;344;47021;18148;10.9;4.2
28;2021-03-27;402;38;47423;18186;11.0;4.2
28;2021-03-28;12;0;47435;18186;11.0;4.2
28;2021-03-29;1140;353;48575;18539;11.3;4.3
28;2021-03-30;1712;249;50287;18788;11.7;4.4
28;2021-03-31;2017;483;52304;19271;12.2;4.5
28;2021-04-01;1796;586;54100;19857;12.6;4.6
28;2021-04-02;1585;1320;55685;21177;13.0;4.9
28;2021-04-03;607;1072;56292;22249;13.1;5.2
28;2021-04-04;33;302;56325;22551;13.1;5.3
28;2021-04-05;40;3;56365;22554;13.1;5.3
28;2021-04-06;1226;461;57591;23015;13.4;5.4
28;2021-04-07;1890;1005;59481;24020;13.9;5.6
28;2021-04-08;2086;1071;61567;25091;14.3;5.8
28;2021-04-09;3236;920;64803;26011;15.1;6.1
28;2021-04-10;1582;196;66385;26207;15.5;6.1
28;2021-04-11;141;451;66526;26658;15.5;6.2
28;2021-04-12;1674;560;68200;27218;15.9;6.3
28;2021-04-13;1875;671;70075;27889;16.3;6.5
28;2021-04-14;2771;901;72846;28790;17.0;6.7
28;2021-04-15;2554;1138;75400;29928;17.6;7.0
28;2021-04-16;2553;805;77953;30733;18.2;7.2
28;2021-04-17;2309;132;80262;30865;18.7;7.2
28;2021-04-18;45;8;80307;30873;18.7;7.2
28;2021-04-19;1577;648;81884;31521;19.1;7.3
28;2021-04-20;1841;597;83725;32118;19.5;7.5
28;2021-04-21;2679;962;86404;33080;20.1;7.7
28;2021-04-22;1782;1217;88186;34297;20.5;8.0
28;2021-04-23;2324;1102;90510;35399;21.1;8.2
28;2021-04-24;3657;135;94167;35534;21.9;8.3
28;2021-04-25;1012;37;95179;35571;22.2;8.3
28;2021-04-26;1331;925;96510;36496;22.5;8.5
28;2021-04-27;1435;1281;97945;37777;22.8;8.8
28;2021-04-28;2375;1828;100320;39605;23.4;9.2
28;2021-04-29;2129;1502;102449;41107;23.9;9.6
28;2021-04-30;2973;1224;105422;42331;24.5;9.9
28;2021-05-01;127;120;105549;42451;24.6;9.9
28;2021-05-02;2;65;105551;42516;24.6;9.9
28;2021-05-03;1046;1020;106597;43536;24.8;10.1
28;2021-05-04;1360;1669;107957;45205;25.1;10.5
28;2021-05-05;2830;1649;110787;46854;25.8;10.9
28;2021-05-06;2456;1475;113243;48329;26.4;11.3
28;2021-05-07;2310;1933;115553;50262;26.9;11.7
28;2021-05-08;1077;116;116630;50378;27.2;11.7
28;2021-05-09;105;610;116735;50988;27.2;11.9
28;2021-05-10;1307;1893;118042;52881;27.5;12.3
28;2021-05-11;2028;2345;120070;55226;28.0;12.9
28;2021-05-12;2620;3231;122690;58457;28.6;13.6
28;2021-05-13;290;451;122980;58908;28.6;13.7
28;2021-05-14;1898;1619;124878;60527;29.1;14.1
28;2021-05-15;1436;1674;126314;62201;29.4;14.5
28;2021-05-16;1987;130;128301;62331;29.9;14.5
28;2021-05-17;2875;1495;131176;63826;30.5;14.9
28;2021-05-18;3382;1383;134558;65209;31.3;15.2
28;2021-05-19;5092;1282;139650;66491;32.5;15.5
28;2021-05-20;4149;1230;143799;67721;33.5;15.8
28;2021-05-21;3465;1587;147264;69308;34.3;16.1
28;2021-05-22;728;1162;147992;70470;34.5;16.4
28;2021-05-23;1957;137;149949;70607;34.9;16.4
28;2021-05-24;1429;395;151378;71002;35.3;16.5
28;2021-05-25;1877;1407;153255;72409;35.7;16.9
28;2021-05-26;2765;1346;156020;73755;36.3;17.2
28;2021-05-27;2755;1232;158775;74987;37.0;17.5
28;2021-05-28;3081;1735;161856;76722;37.7;17.9
28;2021-05-29;1869;874;163725;77596;38.1;18.1
28;2021-05-30;16;47;163741;77643;38.1;18.1
28;2021-05-31;2014;937;165755;78580;38.6;18.3
28;2021-06-01;2134;1663;167889;80243;39.1;18.7
28;2021-06-02;2077;2458;169966;82701;39.6;19.3
28;2021-06-03;2497;1563;172463;84264;40.2;19.6
28;2021-06-04;2609;2358;175072;86622;40.8;20.2
28;2021-06-05;1909;2529;176981;89151;41.2;20.8
28;2021-06-06;1059;1043;178040;90194;41.5;21.0
28;2021-06-07;3577;1573;181617;91767;42.3;21.4
28;2021-06-08;3195;1517;184812;93284;43.0;21.7
28;2021-06-09;3676;2130;188488;95414;43.9;22.2
28;2021-06-10;3142;1263;191630;96677;44.6;22.5
28;2021-06-11;3794;2132;195424;98809;45.5;23.0
28;2021-06-12;1304;560;196728;99369;45.8;23.1
28;2021-06-13;385;108;197113;99477;45.9;23.2
28;2021-06-14;2208;1998;199321;101475;46.4;23.6
28;2021-06-15;2092;2224;201413;103699;46.9;24.1
28;2021-06-16;2510;3982;203923;107681;47.5;25.1
28;2021-06-17;1925;3135;205848;110816;47.9;25.8
28;2021-06-18;2471;3787;208319;114603;48.5;26.7
28;2021-06-19;776;1612;209095;116215;48.7;27.1
28;2021-06-20;23;24;209118;116239;48.7;27.1
28;2021-06-21;1684;1990;210802;118229;49.1;27.5
28;2021-06-22;1369;2107;212171;120336;49.4;28.0
28;2021-06-23;1782;3164;213953;123500;49.8;28.8
28;2021-06-24;733;930;214686;124430;50.0;29.0
28;2021-06-25;1891;3028;216577;127458;50.4;29.7
28;2021-06-26;309;2115;216886;129573;50.5;30.2
28;2021-06-27;588;1284;217474;130857;50.6;30.5
28;2021-06-28;1226;3654;218700;134511;50.9;31.3
28;2021-06-29;1342;3798;220042;138309;51.2;32.2
28;2021-06-30;1492;4259;221534;142568;51.6;33.2
28;2021-07-01;1278;3501;222812;146069;51.9;34.0
28;2021-07-02;1313;4654;224125;150723;52.2;35.1
28;2021-07-03;1132;2369;225257;153092;52.5;35.7
28;2021-07-04;146;1325;225403;154417;52.5;36.0
28;2021-07-05;1362;2511;226765;156928;52.8;36.5
28;2021-07-06;1509;2869;228274;159797;53.2;37.2
28;2021-07-07;1637;4144;229911;163941;53.5;38.2
28;2021-07-08;1469;3238;231380;167179;53.9;38.9
28;2021-07-09;1392;4521;232772;171700;54.2;40.0
28;2021-07-10;527;2209;233299;173909;54.3;40.5
28;2021-07-11;1;1;233300;173910;54.3;40.5
28;2021-07-12;1528;3930;234828;177840;54.7;41.4
28;2021-07-13;2263;4141;237091;181981;55.2;42.4
28;2021-07-14;1329;1396;238420;183377;55.5;42.7
28;2021-07-15;2985;3977;241405;187354;56.2;43.6
28;2021-07-16;2442;4754;243847;192108;56.8;44.7
28;2021-07-17;1264;2431;245111;194539;57.1;45.3
28;2021-07-18;372;944;245483;195483;57.2;45.5
28;2021-07-19;1805;4343;247288;199826;57.6;46.5
28;2021-07-20;2471;4088;249759;203914;58.2;47.5
28;2021-07-21;2965;4283;252724;208197;58.9;48.5
28;2021-07-22;3662;3428;256386;211625;59.7;49.3
28;2021-07-23;2956;4002;259342;215627;60.4;50.2
28;2021-07-24;1693;1473;261035;217100;60.8;50.6
28;2021-07-25;68;60;261103;217160;60.8;50.6
28;2021-07-26;2931;3385;264034;220545;61.5;51.4
28;2021-07-27;3883;2621;267917;223166;62.4;52.0
28;2021-07-28;3946;2737;271863;225903;63.3;52.6
28;2021-07-29;4455;2082;276318;227985;64.3;53.1
28;2021-07-30;3798;2842;280116;230827;65.2;53.8
28;2021-07-31;761;824;280877;231651;65.4;53.9
28;2021-08-01;377;64;281254;231715;65.5;54.0
28;2021-08-02;1785;1518;283039;233233;65.9;54.3
28;2021-08-03;2678;2162;285717;235395;66.5;54.8
28;2021-08-04;1928;2298;287645;237693;67.0;55.4
28;2021-08-05;1655;1728;289300;239421;67.4;55.8
28;2021-08-06;1610;1964;290910;241385;67.7;56.2
28;2021-08-07;796;1000;291706;242385;67.9;56.4
28;2021-08-08;21;33;291727;242418;67.9;56.5
28;2021-08-09;1380;1088;293107;243506;68.3;56.7
28;2021-08-10;1701;2027;294808;245533;68.7;57.2
28;2021-08-11;1268;1571;296076;247104;68.9;57.5
28;2021-08-12;1160;1883;297236;248987;69.2;58.0
28;2021-08-13;1288;1643;298524;250630;69.5;58.4
28;2021-08-14;655;841;299179;251471;69.7;58.6
28;2021-08-15;263;58;299442;251529;69.7;58.6
28;2021-08-16;857;2142;300299;253671;69.9;59.1
28;2021-08-17;1118;2795;301417;256466;70.2;59.7
28;2021-08-18;877;2409;302294;258875;70.4;60.3
28;2021-08-19;881;2612;303175;261487;70.6;60.9
28;2021-08-20;919;2747;304094;264234;70.8;61.5
28;2021-08-21;375;996;304469;265230;70.9;61.8
28;2021-08-22;8;31;304477;265261;70.9;61.8
29;2020-12-27;0;0;0;0;0.0;0.0
29;2020-12-28;0;0;0;0;0.0;0.0
29;2020-12-29;0;0;0;0;0.0;0.0
29;2020-12-30;0;0;0;0;0.0;0.0
29;2020-12-31;0;0;0;0;0.0;0.0
29;2021-01-01;2;0;2;0;0.0;0.0
29;2021-01-02;0;0;2;0;0.0;0.0
29;2021-01-03;1;0;3;0;0.0;0.0
29;2021-01-04;32;0;35;0;0.0;0.0
29;2021-01-05;31;0;66;0;0.0;0.0
29;2021-01-06;43;0;109;0;0.0;0.0
29;2021-01-07;137;0;246;0;0.0;0.0
29;2021-01-08;408;0;654;0;0.1;0.0
29;2021-01-09;2;0;656;0;0.1;0.0
29;2021-01-10;2;0;658;0;0.1;0.0
29;2021-01-11;667;0;1325;0;0.1;0.0
29;2021-01-12;1120;0;2445;0;0.3;0.0
29;2021-01-13;1098;2;3543;2;0.4;0.0
29;2021-01-14;894;4;4437;6;0.5;0.0
29;2021-01-15;1221;7;5658;13;0.6;0.0
29;2021-01-16;168;1;5826;14;0.6;0.0
29;2021-01-17;112;1;5938;15;0.7;0.0
29;2021-01-18;839;3;6777;18;0.7;0.0
29;2021-01-19;1286;0;8063;18;0.9;0.0
29;2021-01-20;2393;2;10456;20;1.2;0.0
29;2021-01-21;5648;6;16104;26;1.8;0.0
29;2021-01-22;3761;5;19865;31;2.2;0.0
29;2021-01-23;537;0;20402;31;2.3;0.0
29;2021-01-24;200;1;20602;32;2.3;0.0
29;2021-01-25;575;7;21177;39;2.3;0.0
29;2021-01-26;951;34;22128;73;2.4;0.0
29;2021-01-27;1286;54;23414;127;2.6;0.0
29;2021-01-28;802;137;24216;264;2.7;0.0
29;2021-01-29;778;205;24994;469;2.8;0.1
29;2021-01-30;281;4;25275;473;2.8;0.1
29;2021-01-31;80;5;25355;478;2.8;0.1
29;2021-02-01;429;448;25784;926;2.8;0.1
29;2021-02-02;877;824;26661;1750;2.9;0.2
29;2021-02-03;811;894;27472;2644;3.0;0.3
29;2021-02-04;867;642;28339;3286;3.1;0.4
29;2021-02-05;675;585;29014;3871;3.2;0.4
29;2021-02-06;247;102;29261;3973;3.2;0.4
29;2021-02-07;78;105;29339;4078;3.2;0.4
29;2021-02-08;383;446;29722;4524;3.3;0.5
29;2021-02-09;863;853;30585;5377;3.4;0.6
29;2021-02-10;1150;1019;31735;6396;3.5;0.7
29;2021-02-11;1796;4163;33531;10559;3.7;1.2
29;2021-02-12;2323;2504;35854;13063;4.0;1.4
29;2021-02-13;638;413;36492;13476;4.0;1.5
29;2021-02-14;12;229;36504;13705;4.0;1.5
29;2021-02-15;266;948;36770;14653;4.1;1.6
29;2021-02-16;886;1060;37656;15713;4.2;1.7
29;2021-02-17;801;855;38457;16568;4.2;1.8
29;2021-02-18;1530;847;39987;17415;4.4;1.9
29;2021-02-19;1413;1003;41400;18418;4.6;2.0
29;2021-02-20;204;367;41604;18785;4.6;2.1
29;2021-02-21;162;169;41766;18954;4.6;2.1
29;2021-02-22;773;564;42539;19518;4.7;2.2
29;2021-02-23;1271;912;43810;20430;4.8;2.3
29;2021-02-24;1470;827;45280;21257;5.0;2.3
29;2021-02-25;2509;902;47789;22159;5.3;2.4
29;2021-02-26;2677;715;50466;22874;5.6;2.5
29;2021-02-27;1284;282;51750;23156;5.7;2.6
29;2021-02-28;200;72;51950;23228;5.7;2.6
29;2021-03-01;945;483;52895;23711;5.8;2.6
29;2021-03-02;1817;800;54712;24511;6.0;2.7
29;2021-03-03;2093;1017;56805;25528;6.3;2.8
29;2021-03-04;2843;1555;59648;27083;6.6;3.0
29;2021-03-05;3540;1683;63188;28766;7.0;3.2
29;2021-03-06;2000;439;65188;29205;7.2;3.2
29;2021-03-07;412;83;65600;29288;7.2;3.2
29;2021-03-08;1274;594;66874;29882;7.4;3.3
29;2021-03-09;2605;977;69479;30859;7.7;3.4
29;2021-03-10;2427;873;71906;31732;7.9;3.5
29;2021-03-11;4519;1000;76425;32732;8.4;3.6
29;2021-03-12;5271;968;81696;33700;9.0;3.7
29;2021-03-13;2823;408;84519;34108;9.3;3.8
29;2021-03-14;365;3;84884;34111;9.4;3.8
29;2021-03-15;2049;270;86933;34381;9.6;3.8
29;2021-03-16;1822;742;88755;35123;9.8;3.9
29;2021-03-17;1860;716;90615;35839;10.0;4.0
29;2021-03-18;1865;1038;92480;36877;10.2;4.1
29;2021-03-19;3266;881;95746;37758;10.6;4.2
29;2021-03-20;1914;222;97660;37980;10.8;4.2
29;2021-03-21;132;11;97792;37991;10.8;4.2
29;2021-03-22;1647;557;99439;38548;11.0;4.3
29;2021-03-23;3441;1036;102880;39584;11.3;4.4
29;2021-03-24;3781;1025;106661;40609;11.8;4.5
29;2021-03-25;4816;1071;111477;41680;12.3;4.6
29;2021-03-26;5422;1170;116899;42850;12.9;4.7
29;2021-03-27;2429;332;119328;43182;13.2;4.8
29;2021-03-28;198;50;119526;43232;13.2;4.8
29;2021-03-29;2040;824;121566;44056;13.4;4.9
29;2021-03-30;3974;1328;125540;45384;13.8;5.0
29;2021-03-31;3937;1154;129477;46538;14.3;5.1
29;2021-04-01;5024;1145;134501;47683;14.8;5.3
29;2021-04-02;4767;1169;139268;48852;15.4;5.4
29;2021-04-03;2500;538;141768;49390;15.6;5.4
29;2021-04-04;146;33;141914;49423;15.7;5.5
29;2021-04-05;972;332;142886;49755;15.8;5.5
29;2021-04-06;3198;1238;146084;50993;16.1;5.6
29;2021-04-07;3653;940;149737;51933;16.5;5.7
29;2021-04-08;5287;2057;155024;53990;17.1;6.0
29;2021-04-09;6750;1564;161774;55554;17.8;6.1
29;2021-04-10;3498;706;165272;56260;18.2;6.2
29;2021-04-11;120;80;165392;56340;18.2;6.2
29;2021-04-12;3853;1481;169245;57821;18.7;6.4
29;2021-04-13;5862;1759;175107;59580;19.3;6.6
29;2021-04-14;4761;1741;179868;61321;19.8;6.8
29;2021-04-15;7172;1728;187040;63049;20.6;7.0
29;2021-04-16;6704;1355;193744;64404;21.4;7.1
29;2021-04-17;3828;969;197572;65373;21.8;7.2
29;2021-04-18;489;40;198061;65413;21.8;7.2
29;2021-04-19;3881;1464;201942;66877;22.3;7.4
29;2021-04-20;4397;2136;206339;69013;22.8;7.6
29;2021-04-21;4375;2196;210714;71209;23.2;7.9
29;2021-04-22;6645;2855;217359;74064;24.0;8.2
29;2021-04-23;6046;2196;223405;76260;24.6;8.4
29;2021-04-24;4007;1318;227412;77578;25.1;8.6
29;2021-04-25;433;169;227845;77747;25.1;8.6
29;2021-04-26;5262;1882;233107;79629;25.7;8.8
29;2021-04-27;5332;3198;238439;82827;26.3;9.1
29;2021-04-28;5355;2900;243794;85727;26.9;9.5
29;2021-04-29;6591;3348;250385;89075;27.6;9.8
29;2021-04-30;6266;3912;256651;92987;28.3;10.3
29;2021-05-01;1985;978;258636;93965;28.5;10.4
29;2021-05-02;1249;195;259885;94160;28.7;10.4
29;2021-05-03;4542;2291;264427;96451;29.2;10.6
29;2021-05-04;4109;3740;268536;100191;29.6;11.1
29;2021-05-05;4517;3412;273053;103603;30.1;11.4
29;2021-05-06;6237;3717;279290;107320;30.8;11.8
29;2021-05-07;5984;4622;285274;111942;31.5;12.3
29;2021-05-08;2094;564;287368;112506;31.7;12.4
29;2021-05-09;1726;137;289094;112643;31.9;12.4
29;2021-05-10;4761;3769;293855;116412;32.4;12.8
29;2021-05-11;4712;5000;298567;121412;32.9;13.4
29;2021-05-12;5027;4384;303594;125796;33.5;13.9
29;2021-05-13;3442;1502;307036;127298;33.9;14.0
29;2021-05-14;5650;4006;312686;131304;34.5;14.5
29;2021-05-15;4048;2317;316734;133621;34.9;14.7
29;2021-05-16;1588;294;318322;133915;35.1;14.8
29;2021-05-17;5564;3133;323886;137048;35.7;15.1
29;2021-05-18;5733;3099;329619;140147;36.4;15.5
29;2021-05-19;6208;2973;335827;143120;37.0;15.8
29;2021-05-20;7176;4572;343003;147692;37.8;16.3
29;2021-05-21;7216;3815;350219;151507;38.6;16.7
29;2021-05-22;5341;2130;355560;153637;39.2;16.9
29;2021-05-23;1631;65;357191;153702;39.4;17.0
29;2021-05-24;3485;535;360676;154237;39.8;17.0
29;2021-05-25;5834;3041;366510;157278;40.4;17.3
29;2021-05-26;5894;2995;372404;160273;41.1;17.7
29;2021-05-27;6826;3987;379230;164260;41.8;18.1
29;2021-05-28;6548;4450;385778;168710;42.6;18.6
29;2021-05-29;4382;2806;390160;171516;43.0;18.9
29;2021-05-30;1115;360;391275;171876;43.2;19.0
29;2021-05-31;6384;3457;397659;175333;43.9;19.3
29;2021-06-01;6603;4352;404262;179685;44.6;19.8
29;2021-06-02;6166;4134;410428;183819;45.3;20.3
29;2021-06-03;7696;4528;418124;188347;46.1;20.8
29;2021-06-04;6814;6166;424938;194513;46.9;21.5
29;2021-06-05;5350;3036;430288;197549;47.5;21.8
29;2021-06-06;1285;538;431573;198087;47.6;21.9
29;2021-06-07;4660;5564;436233;203651;48.1;22.5
29;2021-06-08;7175;5211;443408;208862;48.9;23.0
29;2021-06-09;6409;4753;449817;213615;49.6;23.6
29;2021-06-10;7775;5067;457592;218682;50.5;24.1
29;2021-06-11;8479;5876;466071;224558;51.4;24.8
29;2021-06-12;6568;2811;472639;227369;52.1;25.1
29;2021-06-13;2352;1372;474991;228741;52.4;25.2
29;2021-06-14;4033;6323;479024;235064;52.8;25.9
29;2021-06-15;5477;6190;484501;241254;53.4;26.6
29;2021-06-16;5571;5632;490072;246886;54.1;27.2
29;2021-06-17;6362;6310;496434;253196;54.8;27.9
29;2021-06-18;6116;7487;502550;260683;55.4;28.8
29;2021-06-19;4624;3527;507174;264210;55.9;29.1
29;2021-06-20;892;1453;508066;265663;56.0;29.3
29;2021-06-21;3760;6497;511826;272160;56.5;30.0
29;2021-06-22;4488;6428;516314;278588;57.0;30.7
29;2021-06-23;4673;6130;520987;284718;57.5;31.4
29;2021-06-24;4808;6748;525795;291466;58.0;32.2
29;2021-06-25;3599;7532;529394;298998;58.4;33.0
29;2021-06-26;2129;4094;531523;303092;58.6;33.4
29;2021-06-27;968;1631;532491;304723;58.7;33.6
29;2021-06-28;2842;6863;535333;311586;59.1;34.4
29;2021-06-29;2811;7732;538144;319318;59.4;35.2
29;2021-06-30;3044;7508;541188;326826;59.7;36.1
29;2021-07-01;3787;8420;544975;335246;60.1;37.0
29;2021-07-02;3606;9671;548581;344917;60.5;38.0
29;2021-07-03;2329;6056;550910;350973;60.8;38.7
29;2021-07-04;816;1771;551726;352744;60.9;38.9
29;2021-07-05;1913;7159;553639;359903;61.1;39.7
29;2021-07-06;1537;8011;555176;367914;61.2;40.6
29;2021-07-07;1705;7042;556881;374956;61.4;41.4
29;2021-07-08;2451;8211;559332;383167;61.7;42.3
29;2021-07-09;2630;9073;561962;392240;62.0;43.3
29;2021-07-10;1919;6107;563881;398347;62.2;43.9
29;2021-07-11;449;1063;564330;399410;62.3;44.1
29;2021-07-12;1977;8377;566307;407787;62.5;45.0
29;2021-07-13;2750;8665;569057;416452;62.8;45.9
29;2021-07-14;2078;3367;571135;419819;63.0;46.3
29;2021-07-15;3844;9725;574979;429544;63.4;47.4
29;2021-07-16;4603;9196;579582;438740;63.9;48.4
29;2021-07-17;3221;6117;582803;444857;64.3;49.1
29;2021-07-18;666;1078;583469;445935;64.4;49.2
29;2021-07-19;3151;7549;586620;453484;64.7;50.0
29;2021-07-20;3544;9440;590164;462924;65.1;51.1
29;2021-07-21;3643;7727;593807;470651;65.5;51.9
29;2021-07-22;3408;8539;597215;479190;65.9;52.9
29;2021-07-23;4044;10709;601259;489899;66.3;54.0
29;2021-07-24;2530;5958;603789;495857;66.6;54.7
29;2021-07-25;653;2360;604442;498217;66.7;55.0
29;2021-07-26;3377;7286;607819;505503;67.0;55.8
29;2021-07-27;3703;7116;611522;512619;67.5;56.5
29;2021-07-28;4188;6034;615710;518653;67.9;57.2
29;2021-07-29;5660;6361;621370;525014;68.5;57.9
29;2021-07-30;5419;6532;626789;531546;69.1;58.6
29;2021-07-31;2921;4935;629710;536481;69.5;59.2
29;2021-08-01;652;922;630362;537403;69.5;59.3
29;2021-08-02;4270;5220;634632;542623;70.0;59.9
29;2021-08-03;5468;4408;640100;547031;70.6;60.3
29;2021-08-04;5700;3603;645800;550634;71.2;60.7
29;2021-08-05;6613;4108;652413;554742;72.0;61.2
29;2021-08-06;6148;4334;658561;559076;72.6;61.7
29;2021-08-07;4275;2949;662836;562025;73.1;62.0
29;2021-08-08;842;754;663678;562779;73.2;62.1
29;2021-08-09;3064;4742;666742;567521;73.5;62.6
29;2021-08-10;4467;3864;671209;571385;74.0;63.0
29;2021-08-11;3946;3183;675155;574568;74.5;63.4
29;2021-08-12;4623;4494;679778;579062;75.0;63.9
29;2021-08-13;4137;3716;683915;582778;75.4;64.3
29;2021-08-14;2953;2838;686868;585616;75.8;64.6
29;2021-08-15;337;403;687205;586019;75.8;64.6
29;2021-08-16;3276;4375;690481;590394;76.2;65.1
29;2021-08-17;4394;3414;694875;593808;76.7;65.5
29;2021-08-18;3655;3616;698530;597424;77.1;65.9
29;2021-08-19;3900;4714;702430;602138;77.5;66.4
29;2021-08-20;3484;4600;705914;606738;77.9;66.9
29;2021-08-21;2266;3164;708180;609902;78.1;67.3
29;2021-08-22;208;416;708388;610318;78.1;67.3
2A;2020-12-27;0;0;0;0;0.0;0.0
2A;2020-12-28;0;0;0;0;0.0;0.0
2A;2020-12-29;0;0;0;0;0.0;0.0
2A;2020-12-30;0;0;0;0;0.0;0.0
2A;2020-12-31;0;0;0;0;0.0;0.0
2A;2021-01-01;0;0;0;0;0.0;0.0
2A;2021-01-02;1;0;1;0;0.0;0.0
2A;2021-01-03;0;0;1;0;0.0;0.0
2A;2021-01-04;0;0;1;0;0.0;0.0
2A;2021-01-05;0;0;1;0;0.0;0.0
2A;2021-01-06;6;0;7;0;0.0;0.0
2A;2021-01-07;122;1;129;1;0.1;0.0
2A;2021-01-08;113;0;242;1;0.1;0.0
2A;2021-01-09;39;0;281;1;0.2;0.0
2A;2021-01-10;33;0;314;1;0.2;0.0
2A;2021-01-11;76;0;390;1;0.2;0.0
2A;2021-01-12;85;0;475;1;0.3;0.0
2A;2021-01-13;111;0;586;1;0.4;0.0
2A;2021-01-14;191;1;777;2;0.5;0.0
2A;2021-01-15;149;0;926;2;0.6;0.0
2A;2021-01-16;157;1;1083;3;0.7;0.0
2A;2021-01-17;85;1;1168;4;0.7;0.0
2A;2021-01-18;200;2;1368;6;0.8;0.0
2A;2021-01-19;487;0;1855;6;1.1;0.0
2A;2021-01-20;353;0;2208;6;1.4;0.0
2A;2021-01-21;453;1;2661;7;1.6;0.0
2A;2021-01-22;367;0;3028;7;1.9;0.0
2A;2021-01-23;183;0;3211;7;2.0;0.0
2A;2021-01-24;118;1;3329;8;2.0;0.0
2A;2021-01-25;213;0;3542;8;2.2;0.0
2A;2021-01-26;402;7;3944;15;2.4;0.0
2A;2021-01-27;324;5;4268;20;2.6;0.0
2A;2021-01-28;335;80;4603;100;2.8;0.1
2A;2021-01-29;341;63;4944;163;3.0;0.1
2A;2021-01-30;127;40;5071;203;3.1;0.1
2A;2021-01-31;92;12;5163;215;3.2;0.1
2A;2021-02-01;230;51;5393;266;3.3;0.2
2A;2021-02-02;288;117;5681;383;3.5;0.2
2A;2021-02-03;265;75;5946;458;3.7;0.3
2A;2021-02-04;256;121;6202;579;3.8;0.4
2A;2021-02-05;267;105;6469;684;4.0;0.4
2A;2021-02-06;121;59;6590;743;4.1;0.5
2A;2021-02-07;68;56;6658;799;4.1;0.5
2A;2021-02-08;91;209;6749;1008;4.2;0.6
2A;2021-02-09;128;302;6877;1310;4.2;0.8
2A;2021-02-10;161;235;7038;1545;4.3;1.0
2A;2021-02-11;297;366;7335;1911;4.5;1.2
2A;2021-02-12;345;303;7680;2214;4.7;1.4
2A;2021-02-13;225;59;7905;2273;4.9;1.4
2A;2021-02-14;133;77;8038;2350;4.9;1.4
2A;2021-02-15;191;182;8229;2532;5.1;1.6
2A;2021-02-16;385;320;8614;2852;5.3;1.8
2A;2021-02-17;287;167;8901;3019;5.5;1.9
2A;2021-02-18;340;198;9241;3217;5.7;2.0
2A;2021-02-19;145;300;9386;3517;5.8;2.2
2A;2021-02-20;243;138;9629;3655;5.9;2.3
2A;2021-02-21;58;54;9687;3709;6.0;2.3
2A;2021-02-22;77;215;9764;3924;6.0;2.4
2A;2021-02-23;122;290;9886;4214;6.1;2.6
2A;2021-02-24;82;297;9968;4511;6.1;2.8
2A;2021-02-25;105;265;10073;4776;6.2;2.9
2A;2021-02-26;123;273;10196;5049;6.3;3.1
2A;2021-02-27;308;69;10504;5118;6.5;3.2
2A;2021-02-28;69;66;10573;5184;6.5;3.2
2A;2021-03-01;116;152;10689;5336;6.6;3.3
2A;2021-03-02;197;264;10886;5600;6.7;3.4
2A;2021-03-03;242;256;11128;5856;6.9;3.6
2A;2021-03-04;508;227;11636;6083;7.2;3.7
2A;2021-03-05;972;289;12608;6372;7.8;3.9
2A;2021-03-06;1166;75;13774;6447;8.5;4.0
2A;2021-03-07;1019;47;14793;6494;9.1;4.0
2A;2021-03-08;931;88;15724;6582;9.7;4.1
2A;2021-03-09;937;151;16661;6733;10.3;4.1
2A;2021-03-10;629;138;17290;6871;10.6;4.2
2A;2021-03-11;723;282;18013;7153;11.1;4.4
2A;2021-03-12;561;318;18574;7471;11.4;4.6
2A;2021-03-13;613;198;19187;7669;11.8;4.7
2A;2021-03-14;312;126;19499;7795;12.0;4.8
2A;2021-03-15;376;203;19875;7998;12.2;4.9
2A;2021-03-16;498;370;20373;8368;12.5;5.2
2A;2021-03-17;699;275;21072;8643;13.0;5.3
2A;2021-03-18;447;305;21519;8948;13.2;5.5
2A;2021-03-19;488;158;22007;9106;13.5;5.6
2A;2021-03-20;1079;261;23086;9367;14.2;5.8
2A;2021-03-21;695;53;23781;9420;14.6;5.8
2A;2021-03-22;347;67;24128;9487;14.9;5.8
2A;2021-03-23;518;58;24646;9545;15.2;5.9
2A;2021-03-24;862;91;25508;9636;15.7;5.9
2A;2021-03-25;930;143;26438;9779;16.3;6.0
2A;2021-03-26;1079;164;27517;9943;16.9;6.1
2A;2021-03-27;1189;200;28706;10143;17.7;6.2
2A;2021-03-28;241;98;28947;10241;17.8;6.3
2A;2021-03-29;283;138;29230;10379;18.0;6.4
2A;2021-03-30;383;237;29613;10616;18.2;6.5
2A;2021-03-31;446;227;30059;10843;18.5;6.7
2A;2021-04-01;638;453;30697;11296;18.9;7.0
2A;2021-04-02;904;786;31601;12082;19.5;7.4
2A;2021-04-03;646;983;32247;13065;19.9;8.0
2A;2021-04-04;579;784;32826;13849;20.2;8.5
2A;2021-04-05;525;698;33351;14547;20.5;9.0
2A;2021-04-06;549;557;33900;15104;20.9;9.3
2A;2021-04-07;789;427;34689;15531;21.4;9.6
2A;2021-04-08;1049;358;35738;15889;22.0;9.8
2A;2021-04-09;935;395;36673;16284;22.6;10.0
2A;2021-04-10;1059;381;37732;16665;23.2;10.3
2A;2021-04-11;362;256;38094;16921;23.5;10.4
2A;2021-04-12;669;342;38763;17263;23.9;10.6
2A;2021-04-13;328;380;39091;17643;24.1;10.9
2A;2021-04-14;1047;588;40138;18231;24.7;11.2
2A;2021-04-15;1044;523;41182;18754;25.4;11.5
2A;2021-04-16;871;395;42053;19149;25.9;11.8
2A;2021-04-17;1368;938;43421;20087;26.7;12.4
2A;2021-04-18;982;947;44403;21034;27.3;13.0
2A;2021-04-19;270;343;44673;21377;27.5;13.2
2A;2021-04-20;354;344;45027;21721;27.7;13.4
2A;2021-04-21;729;734;45756;22455;28.2;13.8
2A;2021-04-22;896;648;46652;23103;28.7;14.2
2A;2021-04-23;987;776;47639;23879;29.3;14.7
2A;2021-04-24;1751;984;49390;24863;30.4;15.3
2A;2021-04-25;975;305;50365;25168;31.0;15.5
2A;2021-04-26;308;226;50673;25394;31.2;15.6
2A;2021-04-27;344;349;51017;25743;31.4;15.8
2A;2021-04-28;1675;424;52692;26167;32.4;16.1
2A;2021-04-29;1054;359;53746;26526;33.1;16.3
2A;2021-04-30;1130;1060;54876;27586;33.8;17.0
2A;2021-05-01;971;575;55847;28161;34.4;17.3
2A;2021-05-02;675;707;56522;28868;34.8;17.8
2A;2021-05-03;583;576;57105;29444;35.2;18.1
2A;2021-05-04;751;535;57856;29979;35.6;18.5
2A;2021-05-05;1008;984;58864;30963;36.2;19.1
2A;2021-05-06;905;912;59769;31875;36.8;19.6
2A;2021-05-07;1156;836;60925;32711;37.5;20.1
2A;2021-05-08;422;499;61347;33210;37.8;20.4
2A;2021-05-09;783;638;62130;33848;38.3;20.8
2A;2021-05-10;453;740;62583;34588;38.5;21.3
2A;2021-05-11;652;415;63235;35003;38.9;21.6
2A;2021-05-12;920;486;64155;35489;39.5;21.9
2A;2021-05-13;919;139;65074;35628;40.1;21.9
2A;2021-05-14;798;682;65872;36310;40.6;22.4
2A;2021-05-15;781;648;66653;36958;41.0;22.8
2A;2021-05-16;737;500;67390;37458;41.5;23.1
2A;2021-05-17;583;562;67973;38020;41.8;23.4
2A;2021-05-18;615;476;68588;38496;42.2;23.7
2A;2021-05-19;787;481;69375;38977;42.7;24.0
2A;2021-05-20;692;540;70067;39517;43.1;24.3
2A;2021-05-21;535;483;70602;40000;43.5;24.6
2A;2021-05-22;441;309;71043;40309;43.7;24.8
2A;2021-05-23;533;284;71576;40593;44.1;25.0
2A;2021-05-24;125;33;71701;40626;44.1;25.0
2A;2021-05-25;416;504;72117;41130;44.4;25.3
2A;2021-05-26;426;1165;72543;42295;44.7;26.0
2A;2021-05-27;435;1111;72978;43406;44.9;26.7
2A;2021-05-28;298;916;73276;44322;45.1;27.3
2A;2021-05-29;335;900;73611;45222;45.3;27.8
2A;2021-05-30;182;507;73793;45729;45.4;28.2
2A;2021-05-31;190;413;73983;46142;45.6;28.4
2A;2021-06-01;342;729;74325;46871;45.8;28.9
2A;2021-06-02;284;940;74609;47811;45.9;29.4
2A;2021-06-03;306;851;74915;48662;46.1;30.0
2A;2021-06-04;271;1092;75186;49754;46.3;30.6
2A;2021-06-05;319;1442;75505;51196;46.5;31.5
2A;2021-06-06;173;908;75678;52104;46.6;32.1
2A;2021-06-07;170;661;75848;52765;46.7;32.5
2A;2021-06-08;323;707;76171;53472;46.9;32.9
2A;2021-06-09;297;1318;76468;54790;47.1;33.7
2A;2021-06-10;329;857;76797;55647;47.3;34.3
2A;2021-06-11;278;1021;77075;56668;47.5;34.9
2A;2021-06-12;231;665;77306;57333;47.6;35.3
2A;2021-06-13;189;797;77495;58130;47.7;35.8
2A;2021-06-14;251;921;77746;59051;47.9;36.4
2A;2021-06-15;217;507;77963;59558;48.0;36.7
2A;2021-06-16;212;776;78175;60334;48.1;37.1
2A;2021-06-17;233;592;78408;60926;48.3;37.5
2A;2021-06-18;244;914;78652;61840;48.4;38.1
2A;2021-06-19;207;690;78859;62530;48.6;38.5
2A;2021-06-20;150;692;79009;63222;48.6;38.9
2A;2021-06-21;181;791;79190;64013;48.8;39.4
2A;2021-06-22;235;842;79425;64855;48.9;39.9
2A;2021-06-23;217;569;79642;65424;49.0;40.3
2A;2021-06-24;149;369;79791;65793;49.1;40.5
2A;2021-06-25;167;472;79958;66265;49.2;40.8
2A;2021-06-26;203;873;80161;67138;49.4;41.3
2A;2021-06-27;174;794;80335;67932;49.5;41.8
2A;2021-06-28;194;704;80529;68636;49.6;42.3
2A;2021-06-29;215;689;80744;69325;49.7;42.7
2A;2021-06-30;242;493;80986;69818;49.9;43.0
2A;2021-07-01;211;486;81197;70304;50.0;43.3
2A;2021-07-02;293;370;81490;70674;50.2;43.5
2A;2021-07-03;211;617;81701;71291;50.3;43.9
2A;2021-07-04;178;664;81879;71955;50.4;44.3
2A;2021-07-05;163;235;82042;72190;50.5;44.4
2A;2021-07-06;250;391;82292;72581;50.7;44.7
2A;2021-07-07;431;611;82723;73192;50.9;45.1
2A;2021-07-08;592;704;83315;73896;51.3;45.5
2A;2021-07-09;379;421;83694;74317;51.5;45.8
2A;2021-07-10;281;346;83975;74663;51.7;46.0
2A;2021-07-11;91;162;84066;74825;51.8;46.1
2A;2021-07-12;312;349;84378;75174;52.0;46.3
2A;2021-07-13;1178;534;85556;75708;52.7;46.6
2A;2021-07-14;1622;340;87178;76048;53.7;46.8
2A;2021-07-15;1435;835;88613;76883;54.6;47.3
2A;2021-07-16;1167;467;89780;77350;55.3;47.6
2A;2021-07-17;1096;344;90876;77694;56.0;47.8
2A;2021-07-18;635;135;91511;77829;56.3;47.9
2A;2021-07-19;913;431;92424;78260;56.9;48.2
2A;2021-07-20;1281;474;93705;78734;57.7;48.5
2A;2021-07-21;1427;724;95132;79458;58.6;48.9
2A;2021-07-22;1397;768;96529;80226;59.4;49.4
2A;2021-07-23;1436;465;97965;80691;60.3;49.7
2A;2021-07-24;891;290;98856;80981;60.9;49.9
2A;2021-07-25;448;73;99304;81054;61.1;49.9
2A;2021-07-26;1197;506;100501;81560;61.9;50.2
2A;2021-07-27;1277;517;101778;82077;62.7;50.5
2A;2021-07-28;1196;586;102974;82663;63.4;50.9
2A;2021-07-29;1215;653;104189;83316;64.1;51.3
2A;2021-07-30;943;606;105132;83922;64.7;51.7
2A;2021-07-31;537;339;105669;84261;65.1;51.9
2A;2021-08-01;561;122;106230;84383;65.4;52.0
2A;2021-08-02;448;494;106678;84877;65.7;52.3
2A;2021-08-03;801;884;107479;85761;66.2;52.8
2A;2021-08-04;722;1161;108201;86922;66.6;53.5
2A;2021-08-05;901;1347;109102;88269;67.2;54.3
2A;2021-08-06;384;810;109486;89079;67.4;54.8
2A;2021-08-07;350;890;109836;89969;67.6;55.4
2A;2021-08-08;79;185;109915;90154;67.7;55.5
2A;2021-08-09;647;1138;110562;91292;68.1;56.2
2A;2021-08-10;634;1207;111196;92499;68.5;57.0
2A;2021-08-11;586;1059;111782;93558;68.8;57.6
2A;2021-08-12;734;1482;112516;95040;69.3;58.5
2A;2021-08-13;467;1062;112983;96102;69.6;59.2
2A;2021-08-14;407;764;113390;96866;69.8;59.6
2A;2021-08-15;21;26;113411;96892;69.8;59.7
2A;2021-08-16;478;1292;113889;98184;70.1;60.5
2A;2021-08-17;928;1555;114817;99739;70.7;61.4
2A;2021-08-18;522;1121;115339;100860;71.0;62.1
2A;2021-08-19;428;1008;115767;101868;71.3;62.7
2A;2021-08-20;317;570;116084;102438;71.5;63.1
2A;2021-08-21;227;535;116311;102973;71.6;63.4
2A;2021-08-22;193;618;116504;103591;71.7;63.8
2B;2020-12-27;0;0;0;0;0.0;0.0
2B;2020-12-28;0;0;0;0;0.0;0.0
2B;2020-12-29;0;0;0;0;0.0;0.0
2B;2020-12-30;0;0;0;0;0.0;0.0
2B;2020-12-31;0;0;0;0;0.0;0.0
2B;2021-01-01;0;0;0;0;0.0;0.0
2B;2021-01-02;0;0;0;0;0.0;0.0
2B;2021-01-03;0;0;0;0;0.0;0.0
2B;2021-01-04;2;0;2;0;0.0;0.0
2B;2021-01-05;0;0;2;0;0.0;0.0
2B;2021-01-06;48;1;50;1;0.0;0.0
2B;2021-01-07;210;0;260;1;0.1;0.0
2B;2021-01-08;196;2;456;3;0.3;0.0
2B;2021-01-09;39;0;495;3;0.3;0.0
2B;2021-01-10;1;0;496;3;0.3;0.0
2B;2021-01-11;75;0;571;3;0.3;0.0
2B;2021-01-12;128;1;699;4;0.4;0.0
2B;2021-01-13;93;0;792;4;0.4;0.0
2B;2021-01-14;72;0;864;4;0.5;0.0
2B;2021-01-15;258;0;1122;4;0.6;0.0
2B;2021-01-16;43;0;1165;4;0.6;0.0
2B;2021-01-17;8;0;1173;4;0.6;0.0
2B;2021-01-18;271;0;1444;4;0.8;0.0
2B;2021-01-19;501;0;1945;4;1.1;0.0
2B;2021-01-20;462;2;2407;6;1.3;0.0
2B;2021-01-21;358;0;2765;6;1.5;0.0
2B;2021-01-22;373;0;3138;6;1.7;0.0
2B;2021-01-23;61;0;3199;6;1.8;0.0
2B;2021-01-24;29;0;3228;6;1.8;0.0
2B;2021-01-25;210;2;3438;8;1.9;0.0
2B;2021-01-26;390;1;3828;9;2.1;0.0
2B;2021-01-27;342;48;4170;57;2.3;0.0
2B;2021-01-28;365;148;4535;205;2.5;0.1
2B;2021-01-29;292;163;4827;368;2.6;0.2
2B;2021-01-30;80;33;4907;401;2.7;0.2
2B;2021-01-31;60;0;4967;401;2.7;0.2
2B;2021-02-01;231;93;5198;494;2.9;0.3
2B;2021-02-02;357;78;5555;572;3.0;0.3
2B;2021-02-03;520;91;6075;663;3.3;0.4
2B;2021-02-04;458;174;6533;837;3.6;0.5
2B;2021-02-05;393;95;6926;932;3.8;0.5
2B;2021-02-06;87;14;7013;946;3.8;0.5
2B;2021-02-07;60;0;7073;946;3.9;0.5
2B;2021-02-08;230;156;7303;1102;4.0;0.6
2B;2021-02-09;586;313;7889;1415;4.3;0.8
2B;2021-02-10;485;196;8374;1611;4.6;0.9
2B;2021-02-11;382;128;8756;1739;4.8;1.0
2B;2021-02-12;298;124;9054;1863;5.0;1.0
2B;2021-02-13;77;13;9131;1876;5.0;1.0
2B;2021-02-14;62;1;9193;1877;5.0;1.0
2B;2021-02-15;190;128;9383;2005;5.1;1.1
2B;2021-02-16;252;286;9635;2291;5.3;1.3
2B;2021-02-17;312;317;9947;2608;5.5;1.4
2B;2021-02-18;215;347;10162;2955;5.6;1.6
2B;2021-02-19;164;308;10326;3263;5.7;1.8
2B;2021-02-20;32;63;10358;3326;5.7;1.8
2B;2021-02-21;27;29;10385;3355;5.7;1.8
2B;2021-02-22;133;189;10518;3544;5.8;1.9
2B;2021-02-23;231;356;10749;3900;5.9;2.1
2B;2021-02-24;228;310;10977;4210;6.0;2.3
2B;2021-02-25;245;340;11222;4550;6.2;2.5
2B;2021-02-26;298;280;11520;4830;6.3;2.7
2B;2021-02-27;60;84;11580;4914;6.4;2.7
2B;2021-02-28;1;57;11581;4971;6.4;2.7
2B;2021-03-01;246;261;11827;5232;6.5;2.9
2B;2021-03-02;352;389;12179;5621;6.7;3.1
2B;2021-03-03;299;436;12478;6057;6.8;3.3
2B;2021-03-04;447;410;12925;6467;7.1;3.5
2B;2021-03-05;619;385;13544;6852;7.4;3.8
2B;2021-03-06;682;100;14226;6952;7.8;3.8
2B;2021-03-07;361;59;14587;7011;8.0;3.8
2B;2021-03-08;301;240;14888;7251;8.2;4.0
2B;2021-03-09;383;506;15271;7757;8.4;4.3
2B;2021-03-10;630;448;15901;8205;8.7;4.5
2B;2021-03-11;584;355;16485;8560;9.0;4.7
2B;2021-03-12;966;227;17451;8787;9.6;4.8
2B;2021-03-13;511;110;17962;8897;9.9;4.9
2B;2021-03-14;226;62;18188;8959;10.0;4.9
2B;2021-03-15;515;200;18703;9159;10.3;5.0
2B;2021-03-16;570;278;19273;9437;10.6;5.2
2B;2021-03-17;529;262;19802;9699;10.9;5.3
2B;2021-03-18;551;231;20353;9930;11.2;5.4
2B;2021-03-19;805;195;21158;10125;11.6;5.6
2B;2021-03-20;656;37;21814;10162;12.0;5.6
2B;2021-03-21;429;36;22243;10198;12.2;5.6
2B;2021-03-22;546;125;22789;10323;12.5;5.7
2B;2021-03-23;789;259;23578;10582;12.9;5.8
2B;2021-03-24;832;214;24410;10796;13.4;5.9
2B;2021-03-25;824;164;25234;10960;13.8;6.0
2B;2021-03-26;958;192;26192;11152;14.4;6.1
2B;2021-03-27;1089;37;27281;11189;15.0;6.1
2B;2021-03-28;830;123;28111;11312;15.4;6.2
2B;2021-03-29;745;180;28856;11492;15.8;6.3
2B;2021-03-30;970;330;29826;11822;16.4;6.5
2B;2021-03-31;981;267;30807;12089;16.9;6.6
2B;2021-04-01;1002;230;31809;12319;17.5;6.8
2B;2021-04-02;966;414;32775;12733;18.0;7.0
2B;2021-04-03;1247;153;34022;12886;18.7;7.1
2B;2021-04-04;197;60;34219;12946;18.8;7.1
2B;2021-04-05;109;113;34328;13059;18.8;7.2
2B;2021-04-06;1033;362;35361;13421;19.4;7.4
2B;2021-04-07;1230;429;36591;13850;20.1;7.6
2B;2021-04-08;1128;409;37719;14259;20.7;7.8
2B;2021-04-09;1168;569;38887;14828;21.3;8.1
2B;2021-04-10;1353;267;40240;15095;22.1;8.3
2B;2021-04-11;815;65;41055;15160;22.5;8.3
2B;2021-04-12;852;560;41907;15720;23.0;8.6
2B;2021-04-13;1063;631;42970;16351;23.6;9.0
2B;2021-04-14;1047;494;44017;16845;24.2;9.2
2B;2021-04-15;886;519;44903;17364;24.6;9.5
2B;2021-04-16;910;649;45813;18013;25.1;9.9
2B;2021-04-17;386;447;46199;18460;25.3;10.1
2B;2021-04-18;253;342;46452;18802;25.5;10.3
2B;2021-04-19;822;437;47274;19239;25.9;10.6
2B;2021-04-20;899;848;48173;20087;26.4;11.0
2B;2021-04-21;1055;609;49228;20696;27.0;11.4
2B;2021-04-22;938;731;50166;21427;27.5;11.8
2B;2021-04-23;661;630;50827;22057;27.9;12.1
2B;2021-04-24;288;772;51115;22829;28.0;12.5
2B;2021-04-25;285;477;51400;23306;28.2;12.8
2B;2021-04-26;708;920;52108;24226;28.6;13.3
2B;2021-04-27;965;875;53073;25101;29.1;13.8
2B;2021-04-28;918;862;53991;25963;29.6;14.2
2B;2021-04-29;923;868;54914;26831;30.1;14.7
2B;2021-04-30;1132;832;56046;27663;30.8;15.2
2B;2021-05-01;459;1115;56505;28778;31.0;15.8
2B;2021-05-02;335;245;56840;29023;31.2;15.9
2B;2021-05-03;1019;495;57859;29518;31.7;16.2
2B;2021-05-04;809;1151;58668;30669;32.2;16.8
2B;2021-05-05;801;1375;59469;32044;32.6;17.6
2B;2021-05-06;1288;905;60757;32949;33.3;18.1
2B;2021-05-07;1062;988;61819;33937;33.9;18.6
2B;2021-05-08;459;856;62278;34793;34.2;19.1
2B;2021-05-09;394;684;62672;35477;34.4;19.5
2B;2021-05-10;925;801;63597;36278;34.9;19.9
2B;2021-05-11;932;1162;64529;37440;35.4;20.5
2B;2021-05-12;861;892;65390;38332;35.9;21.0
2B;2021-05-13;1028;377;66418;38709;36.4;21.2
2B;2021-05-14;718;579;67136;39288;36.8;21.6
2B;2021-05-15;702;353;67838;39641;37.2;21.7
2B;2021-05-16;300;180;68138;39821;37.4;21.8
2B;2021-05-17;1003;406;69141;40227;37.9;22.1
2B;2021-05-18;991;383;70132;40610;38.5;22.3
2B;2021-05-19;771;417;70903;41027;38.9;22.5
2B;2021-05-20;672;359;71575;41386;39.3;22.7
2B;2021-05-21;705;502;72280;41888;39.7;23.0
2B;2021-05-22;574;392;72854;42280;40.0;23.2
2B;2021-05-23;169;46;73023;42326;40.1;23.2
2B;2021-05-24;40;115;73063;42441;40.1;23.3
2B;2021-05-25;549;353;73612;42794;40.4;23.5
2B;2021-05-26;544;788;74156;43582;40.7;23.9
2B;2021-05-27;407;1131;74563;44713;40.9;24.5
2B;2021-05-28;554;906;75117;45619;41.2;25.0
2B;2021-05-29;312;353;75429;45972;41.4;25.2
2B;2021-05-30;46;45;75475;46017;41.4;25.2
2B;2021-05-31;376;832;75851;46849;41.6;25.7
2B;2021-06-01;414;1038;76265;47887;41.8;26.3
2B;2021-06-02;364;990;76629;48877;42.0;26.8
2B;2021-06-03;498;808;77127;49685;42.3;27.3
2B;2021-06-04;343;1255;77470;50940;42.5;27.9
2B;2021-06-05;257;494;77727;51434;42.6;28.2
2B;2021-06-06;51;129;77778;51563;42.7;28.3
2B;2021-06-07;282;948;78060;52511;42.8;28.8
2B;2021-06-08;399;1170;78459;53681;43.0;29.5
2B;2021-06-09;518;1177;78977;54858;43.3;30.1
2B;2021-06-10;367;939;79344;55797;43.5;30.6
2B;2021-06-11;432;1274;79776;57071;43.8;31.3
2B;2021-06-12;151;545;79927;57616;43.9;31.6
2B;2021-06-13;27;59;79954;57675;43.9;31.6
2B;2021-06-14;195;1116;80149;58791;44.0;32.3
2B;2021-06-15;345;1219;80494;60010;44.2;32.9
2B;2021-06-16;381;936;80875;60946;44.4;33.4
2B;2021-06-17;399;1047;81274;61993;44.6;34.0
2B;2021-06-18;347;960;81621;62953;44.8;34.5
2B;2021-06-19;142;328;81763;63281;44.9;34.7
2B;2021-06-20;44;194;81807;63475;44.9;34.8
2B;2021-06-21;265;962;82072;64437;45.0;35.4
2B;2021-06-22;316;1115;82388;65552;45.2;36.0
2B;2021-06-23;209;872;82597;66424;45.3;36.4
2B;2021-06-24;337;757;82934;67181;45.5;36.9
2B;2021-06-25;212;1076;83146;68257;45.6;37.5
2B;2021-06-26;105;550;83251;68807;45.7;37.8
2B;2021-06-27;32;215;83283;69022;45.7;37.9
2B;2021-06-28;328;954;83611;69976;45.9;38.4
2B;2021-06-29;270;987;83881;70963;46.0;38.9
2B;2021-06-30;380;950;84261;71913;46.2;39.5
2B;2021-07-01;225;509;84486;72422;46.4;39.7
2B;2021-07-02;216;557;84702;72979;46.5;40.0
2B;2021-07-03;91;397;84793;73376;46.5;40.3
2B;2021-07-04;2;0;84795;73376;46.5;40.3
2B;2021-07-05;265;665;85060;74041;46.7;40.6
2B;2021-07-06;450;707;85510;74748;46.9;41.0
2B;2021-07-07;377;908;85887;75656;47.1;41.5
2B;2021-07-08;183;348;86070;76004;47.2;41.7
2B;2021-07-09;248;374;86318;76378;47.4;41.9
2B;2021-07-10;196;198;86514;76576;47.5;42.0
2B;2021-07-11;13;14;86527;76590;47.5;42.0
2B;2021-07-12;494;746;87021;77336;47.7;42.4
2B;2021-07-13;822;1015;87843;78351;48.2;43.0
2B;2021-07-14;343;99;88186;78450;48.4;43.0
2B;2021-07-15;1267;581;89453;79031;49.1;43.4
2B;2021-07-16;1118;564;90571;79595;49.7;43.7
2B;2021-07-17;711;318;91282;79913;50.1;43.8
2B;2021-07-18;179;46;91461;79959;50.2;43.9
2B;2021-07-19;852;707;92313;80666;50.6;44.3
2B;2021-07-20;1211;683;93524;81349;51.3;44.6
2B;2021-07-21;1394;725;94918;82074;52.1;45.0
2B;2021-07-22;1326;604;96244;82678;52.8;45.4
2B;2021-07-23;1322;496;97566;83174;53.5;45.6
2B;2021-07-24;535;315;98101;83489;53.8;45.8
2B;2021-07-25;203;71;98304;83560;53.9;45.8
2B;2021-07-26;911;632;99215;84192;54.4;46.2
2B;2021-07-27;1571;704;100786;84896;55.3;46.6
2B;2021-07-28;1162;624;101948;85520;55.9;46.9
2B;2021-07-29;1135;447;103083;85967;56.6;47.2
2B;2021-07-30;758;344;103841;86311;57.0;47.4
2B;2021-07-31;536;232;104377;86543;57.3;47.5
2B;2021-08-01;230;57;104607;86600;57.4;47.5
2B;2021-08-02;791;466;105398;87066;57.8;47.8
2B;2021-08-03;1120;779;106518;87845;58.4;48.2
2B;2021-08-04;799;449;107317;88294;58.9;48.4
2B;2021-08-05;1010;553;108327;88847;59.4;48.7
2B;2021-08-06;697;521;109024;89368;59.8;49.0
2B;2021-08-07;302;406;109326;89774;60.0;49.3
2B;2021-08-08;93;142;109419;89916;60.0;49.3
2B;2021-08-09;531;743;109950;90659;60.3;49.7
2B;2021-08-10;736;1133;110686;91792;60.7;50.4
2B;2021-08-11;747;892;111433;92684;61.1;50.9
2B;2021-08-12;687;1047;112120;93731;61.5;51.4
2B;2021-08-13;484;947;112604;94678;61.8;51.9
2B;2021-08-14;196;439;112800;95117;61.9;52.2
2B;2021-08-15;115;173;112915;95290;62.0;52.3
2B;2021-08-16;506;1062;113421;96352;62.2;52.9
2B;2021-08-17;579;1304;114000;97656;62.5;53.6
2B;2021-08-18;507;1193;114507;98849;62.8;54.2
2B;2021-08-19;418;896;114925;99745;63.1;54.7
2B;2021-08-20;351;807;115276;100552;63.2;55.2
2B;2021-08-21;153;470;115429;101022;63.3;55.4
2B;2021-08-22;78;208;115507;101230;63.4;55.5
30;2020-12-27;1;0;1;0;0.0;0.0
30;2020-12-28;0;0;1;0;0.0;0.0
30;2020-12-29;0;0;1;0;0.0;0.0
30;2020-12-30;0;0;1;0;0.0;0.0
30;2020-12-31;0;0;1;0;0.0;0.0
30;2021-01-01;0;0;1;0;0.0;0.0
30;2021-01-02;0;0;1;0;0.0;0.0
30;2021-01-03;0;0;1;0;0.0;0.0
30;2021-01-04;1;0;2;0;0.0;0.0
30;2021-01-05;3;0;5;0;0.0;0.0
30;2021-01-06;128;0;133;0;0.0;0.0
30;2021-01-07;312;0;445;0;0.1;0.0
30;2021-01-08;531;0;976;0;0.1;0.0
30;2021-01-09;270;0;1246;0;0.2;0.0
30;2021-01-10;0;0;1246;0;0.2;0.0
30;2021-01-11;537;1;1783;1;0.2;0.0
30;2021-01-12;798;3;2581;4;0.3;0.0
30;2021-01-13;640;0;3221;4;0.4;0.0
30;2021-01-14;652;5;3873;9;0.5;0.0
30;2021-01-15;756;2;4629;11;0.6;0.0
30;2021-01-16;313;0;4942;11;0.7;0.0
30;2021-01-17;3;0;4945;11;0.7;0.0
30;2021-01-18;940;5;5885;16;0.8;0.0
30;2021-01-19;1735;7;7620;23;1.0;0.0
30;2021-01-20;1303;2;8923;25;1.2;0.0
30;2021-01-21;1226;2;10149;27;1.4;0.0
30;2021-01-22;1074;5;11223;32;1.5;0.0
30;2021-01-23;634;2;11857;34;1.6;0.0
30;2021-01-24;0;0;11857;34;1.6;0.0
30;2021-01-25;831;4;12688;38;1.7;0.0
30;2021-01-26;1056;15;13744;53;1.8;0.0
30;2021-01-27;982;111;14726;164;2.0;0.0
30;2021-01-28;712;273;15438;437;2.1;0.1
30;2021-01-29;668;445;16106;882;2.2;0.1
30;2021-01-30;472;287;16578;1169;2.2;0.2
30;2021-01-31;3;7;16581;1176;2.2;0.2
30;2021-02-01;813;436;17394;1612;2.3;0.2
30;2021-02-02;1875;680;19269;2292;2.6;0.3
30;2021-02-03;1183;486;20452;2778;2.7;0.4
30;2021-02-04;968;662;21420;3440;2.9;0.5
30;2021-02-05;599;761;22019;4201;2.9;0.6
30;2021-02-06;293;262;22312;4463;3.0;0.6
30;2021-02-07;2;8;22314;4471;3.0;0.6
30;2021-02-08;574;740;22888;5211;3.1;0.7
30;2021-02-09;981;1007;23869;6218;3.2;0.8
30;2021-02-10;986;1097;24855;7315;3.3;1.0
30;2021-02-11;927;1033;25782;8348;3.4;1.1
30;2021-02-12;617;994;26399;9342;3.5;1.2
30;2021-02-13;436;388;26835;9730;3.6;1.3
30;2021-02-14;1;21;26836;9751;3.6;1.3
30;2021-02-15;449;621;27285;10372;3.6;1.4
30;2021-02-16;460;848;27745;11220;3.7;1.5
30;2021-02-17;682;622;28427;11842;3.8;1.6
30;2021-02-18;796;528;29223;12370;3.9;1.7
30;2021-02-19;574;672;29797;13042;4.0;1.7
30;2021-02-20;223;227;30020;13269;4.0;1.8
30;2021-02-21;5;3;30025;13272;4.0;1.8
30;2021-02-22;501;761;30526;14033;4.1;1.9
30;2021-02-23;974;1466;31500;15499;4.2;2.1
30;2021-02-24;926;1192;32426;16691;4.3;2.2
30;2021-02-25;1208;893;33634;17584;4.5;2.3
30;2021-02-26;1337;600;34971;18184;4.7;2.4
30;2021-02-27;564;546;35535;18730;4.7;2.5
30;2021-02-28;2;7;35537;18737;4.7;2.5
30;2021-03-01;1340;830;36877;19567;4.9;2.6
30;2021-03-02;1712;909;38589;20476;5.2;2.7
30;2021-03-03;2309;761;40898;21237;5.5;2.8
30;2021-03-04;2638;872;43536;22109;5.8;3.0
30;2021-03-05;2762;618;46298;22727;6.2;3.0
30;2021-03-06;2997;363;49295;23090;6.6;3.1
30;2021-03-07;1860;44;51155;23134;6.8;3.1
30;2021-03-08;1551;787;52706;23921;7.0;3.2
30;2021-03-09;2275;870;54981;24791;7.3;3.3
30;2021-03-10;2355;654;57336;25445;7.7;3.4
30;2021-03-11;3055;695;60391;26140;8.1;3.5
30;2021-03-12;3113;387;63504;26527;8.5;3.5
30;2021-03-13;2227;295;65731;26822;8.8;3.6
30;2021-03-14;83;3;65814;26825;8.8;3.6
30;2021-03-15;1578;568;67392;27393;9.0;3.7
30;2021-03-16;1299;1071;68691;28464;9.2;3.8
30;2021-03-17;1456;648;70147;29112;9.4;3.9
30;2021-03-18;1648;715;71795;29827;9.6;4.0
30;2021-03-19;2249;548;74044;30375;9.9;4.1
30;2021-03-20;1400;144;75444;30519;10.1;4.1
30;2021-03-21;57;8;75501;30527;10.1;4.1
30;2021-03-22;2397;721;77898;31248;10.4;4.2
30;2021-03-23;3511;803;81409;32051;10.9;4.3
30;2021-03-24;3636;815;85045;32866;11.4;4.4
30;2021-03-25;4405;848;89450;33714;12.0;4.5
30;2021-03-26;4362;638;93812;34352;12.5;4.6
30;2021-03-27;1970;378;95782;34730;12.8;4.6
30;2021-03-28;35;29;95817;34759;12.8;4.6
30;2021-03-29;2813;1650;98630;36409;13.2;4.9
30;2021-03-30;3776;1878;102406;38287;13.7;5.1
30;2021-03-31;3507;1650;105913;39937;14.2;5.3
30;2021-04-01;4015;1463;109928;41400;14.7;5.5
30;2021-04-02;3604;1230;113532;42630;15.2;5.7
30;2021-04-03;1061;1227;114593;43857;15.3;5.9
30;2021-04-04;29;188;114622;44045;15.3;5.9
30;2021-04-05;766;287;115388;44332;15.4;5.9
30;2021-04-06;3043;1577;118431;45909;15.8;6.1
30;2021-04-07;2719;1630;121150;47539;16.2;6.4
30;2021-04-08;3920;1486;125070;49025;16.7;6.6
30;2021-04-09;4889;1517;129959;50542;17.4;6.8
30;2021-04-10;2426;1176;132385;51718;17.7;6.9
30;2021-04-11;950;59;133335;51777;17.8;6.9
30;2021-04-12;3147;1489;136482;53266;18.2;7.1
30;2021-04-13;4018;1936;140500;55202;18.8;7.4
30;2021-04-14;3386;1540;143886;56742;19.2;7.6
30;2021-04-15;3830;1465;147716;58207;19.7;7.8
30;2021-04-16;3703;1533;151419;59740;20.2;8.0
30;2021-04-17;1493;956;152912;60696;20.4;8.1
30;2021-04-18;961;66;153873;60762;20.6;8.1
30;2021-04-19;2450;2299;156323;63061;20.9;8.4
30;2021-04-20;2815;2830;159138;65891;21.3;8.8
30;2021-04-21;2602;2567;161740;68458;21.6;9.1
30;2021-04-22;3524;2315;165264;70773;22.1;9.5
30;2021-04-23;3579;2306;168843;73079;22.6;9.8
30;2021-04-24;1347;1231;170190;74310;22.7;9.9
30;2021-04-25;748;90;170938;74400;22.8;9.9
30;2021-04-26;2019;2391;172957;76791;23.1;10.3
30;2021-04-27;2951;2605;175908;79396;23.5;10.6
30;2021-04-28;2837;2484;178745;81880;23.9;10.9
30;2021-04-29;3618;2322;182363;84202;24.4;11.2
30;2021-04-30;3408;2027;185771;86229;24.8;11.5
30;2021-05-01;1749;605;187520;86834;25.1;11.6
30;2021-05-02;664;245;188184;87079;25.1;11.6
30;2021-05-03;3758;2504;191942;89583;25.6;12.0
30;2021-05-04;3983;3531;195925;93114;26.2;12.4
30;2021-05-05;3945;3130;199870;96244;26.7;12.9
30;2021-05-06;4201;3362;204071;99606;27.3;13.3
30;2021-05-07;4079;3064;208150;102670;27.8;13.7
30;2021-05-08;1605;720;209755;103390;28.0;13.8
30;2021-05-09;372;613;210127;104003;28.1;13.9
30;2021-05-10;2921;3119;213048;107122;28.5;14.3
30;2021-05-11;5387;3652;218435;110774;29.2;14.8
30;2021-05-12;5301;3221;223736;113995;29.9;15.2
30;2021-05-13;3231;1026;226967;115021;30.3;15.4
30;2021-05-14;4891;2463;231858;117484;31.0;15.7
30;2021-05-15;3409;1206;235267;118690;31.4;15.9
30;2021-05-16;397;339;235664;119029;31.5;15.9
30;2021-05-17;3798;3037;239462;122066;32.0;16.3
30;2021-05-18;4828;3036;244290;125102;32.6;16.7
30;2021-05-19;4775;2548;249065;127650;33.3;17.1
30;2021-05-20;5015;2581;254080;130231;33.9;17.4
30;2021-05-21;4888;2471;258968;132702;34.6;17.7
30;2021-05-22;3158;1293;262126;133995;35.0;17.9
30;2021-05-23;288;344;262414;134339;35.1;17.9
30;2021-05-24;785;767;263199;135106;35.2;18.1
30;2021-05-25;2656;3161;265855;138267;35.5;18.5
30;2021-05-26;2889;2566;268744;140833;35.9;18.8
30;2021-05-27;3760;2717;272504;143550;36.4;19.2
30;2021-05-28;3327;3278;275831;146828;36.9;19.6
30;2021-05-29;1687;1800;277518;148628;37.1;19.9
30;2021-05-30;360;584;277878;149212;37.1;19.9
30;2021-05-31;2829;2299;280707;151511;37.5;20.2
30;2021-06-01;3659;2797;284366;154308;38.0;20.6
30;2021-06-02;3318;2455;287684;156763;38.4;20.9
30;2021-06-03;4134;3354;291818;160117;39.0;21.4
30;2021-06-04;3904;3401;295722;163518;39.5;21.8
30;2021-06-05;1907;1312;297629;164830;39.8;22.0
30;2021-06-06;684;264;298313;165094;39.9;22.1
30;2021-06-07;4724;2527;303037;167621;40.5;22.4
30;2021-06-08;4832;3327;307869;170948;41.1;22.8
30;2021-06-09;4153;2988;312022;173936;41.7;23.2
30;2021-06-10;4609;3355;316631;177291;42.3;23.7
30;2021-06-11;4584;3813;321215;181104;42.9;24.2
30;2021-06-12;2484;1709;323699;182813;43.2;24.4
30;2021-06-13;494;341;324193;183154;43.3;24.5
30;2021-06-14;2471;4710;326664;187864;43.6;25.1
30;2021-06-15;3201;5305;329865;193169;44.1;25.8
30;2021-06-16;3109;4646;332974;197815;44.5;26.4
30;2021-06-17;3924;4372;336898;202187;45.0;27.0
30;2021-06-18;3714;4695;340612;206882;45.5;27.6
30;2021-06-19;1441;2005;342053;208887;45.7;27.9
30;2021-06-20;358;490;342411;209377;45.7;28.0
30;2021-06-21;2378;4907;344789;214284;46.1;28.6
30;2021-06-22;2364;5742;347153;220026;46.4;29.4
30;2021-06-23;2526;5342;349679;225368;46.7;30.1
30;2021-06-24;2338;4706;352017;230074;47.0;30.7
30;2021-06-25;2610;5606;354627;235680;47.4;31.5
30;2021-06-26;910;2940;355537;238620;47.5;31.9
30;2021-06-27;222;527;355759;239147;47.5;32.0
30;2021-06-28;1668;6028;357427;245175;47.8;32.8
30;2021-06-29;1837;6024;359264;251199;48.0;33.6
30;2021-06-30;2001;5258;361265;256457;48.3;34.3
30;2021-07-01;2987;4721;364252;261178;48.7;34.9
30;2021-07-02;2835;4620;367087;265798;49.0;35.5
30;2021-07-03;1153;3047;368240;268845;49.2;35.9
30;2021-07-04;115;393;368355;269238;49.2;36.0
30;2021-07-05;2026;4027;370381;273265;49.5;36.5
30;2021-07-06;2663;4973;373044;278238;49.8;37.2
30;2021-07-07;2538;4220;375582;282458;50.2;37.7
30;2021-07-08;2016;3423;377598;285881;50.4;38.2
30;2021-07-09;2407;5316;380005;291197;50.8;38.9
30;2021-07-10;1501;2156;381506;293353;51.0;39.2
30;2021-07-11;47;415;381553;293768;51.0;39.2
30;2021-07-12;2526;5151;384079;298919;51.3;39.9
30;2021-07-13;3295;6029;387374;304948;51.8;40.7
30;2021-07-14;500;548;387874;305496;51.8;40.8
30;2021-07-15;4132;5474;392006;310970;52.4;41.5
30;2021-07-16;4979;5718;396985;316688;53.0;42.3
30;2021-07-17;1704;2467;398689;319155;53.3;42.6
30;2021-07-18;146;601;398835;319756;53.3;42.7
30;2021-07-19;3371;6304;402206;326060;53.7;43.6
30;2021-07-20;4640;6510;406846;332570;54.4;44.4
30;2021-07-21;4050;5409;410896;337979;54.9;45.2
30;2021-07-22;4893;5735;415789;343714;55.6;45.9
30;2021-07-23;4982;5859;420771;349573;56.2;46.7
30;2021-07-24;2236;3264;423007;352837;56.5;47.1
30;2021-07-25;136;310;423143;353147;56.5;47.2
30;2021-07-26;4403;4123;427546;357270;57.1;47.7
30;2021-07-27;4847;4645;432393;361915;57.8;48.4
30;2021-07-28;4861;4012;437254;365927;58.4;48.9
30;2021-07-29;5903;4126;443157;370053;59.2;49.4
30;2021-07-30;5322;4385;448479;374438;59.9;50.0
30;2021-07-31;2637;1961;451116;376399;60.3;50.3
30;2021-08-01;724;309;451840;376708;60.4;50.3
30;2021-08-02;3638;4009;455478;380717;60.9;50.9
30;2021-08-03;4834;3941;460312;384658;61.5;51.4
30;2021-08-04;5232;3064;465544;387722;62.2;51.8
30;2021-08-05;4591;3768;470135;391490;62.8;52.3
30;2021-08-06;4234;4065;474369;395555;63.4;52.8
30;2021-08-07;1829;1946;476198;397501;63.6;53.1
30;2021-08-08;615;277;476813;397778;63.7;53.1
30;2021-08-09;3299;3745;480112;401523;64.1;53.6
30;2021-08-10;3898;4390;484010;405913;64.7;54.2
30;2021-08-11;3367;3481;487377;409394;65.1;54.7
30;2021-08-12;3747;4218;491124;413612;65.6;55.3
30;2021-08-13;3288;3326;494412;416938;66.1;55.7
30;2021-08-14;1110;2040;495522;418978;66.2;56.0
30;2021-08-15;260;171;495782;419149;66.2;56.0
30;2021-08-16;2158;4857;497940;424006;66.5;56.6
30;2021-08-17;2682;4176;500622;428182;66.9;57.2
30;2021-08-18;2787;3808;503409;431990;67.3;57.7
30;2021-08-19;2837;4309;506246;436299;67.6;58.3
30;2021-08-20;2582;4445;508828;440744;68.0;58.9
30;2021-08-21;995;2870;509823;443614;68.1;59.3
30;2021-08-22;216;507;510039;444121;68.1;59.3
31;2020-12-27;0;0;0;0;0.0;0.0
31;2020-12-28;1;0;1;0;0.0;0.0
31;2020-12-29;0;0;1;0;0.0;0.0
31;2020-12-30;0;0;1;0;0.0;0.0
31;2020-12-31;1;0;2;0;0.0;0.0
31;2021-01-01;4;0;6;0;0.0;0.0
31;2021-01-02;0;0;6;0;0.0;0.0
31;2021-01-03;2;0;8;0;0.0;0.0
31;2021-01-04;3;0;11;0;0.0;0.0
31;2021-01-05;50;0;61;0;0.0;0.0
31;2021-01-06;211;1;272;1;0.0;0.0
31;2021-01-07;284;1;556;2;0.0;0.0
31;2021-01-08;545;1;1101;3;0.1;0.0
31;2021-01-09;275;0;1376;3;0.1;0.0
31;2021-01-10;287;0;1663;3;0.1;0.0
31;2021-01-11;982;3;2645;6;0.2;0.0
31;2021-01-12;1192;0;3837;6;0.3;0.0
31;2021-01-13;1157;3;4994;9;0.4;0.0
31;2021-01-14;1177;18;6171;27;0.4;0.0
31;2021-01-15;1046;3;7217;30;0.5;0.0
31;2021-01-16;243;1;7460;31;0.5;0.0
31;2021-01-17;176;0;7636;31;0.5;0.0
31;2021-01-18;1613;5;9249;36;0.7;0.0
31;2021-01-19;2934;10;12183;46;0.9;0.0
31;2021-01-20;3665;12;15848;58;1.1;0.0
31;2021-01-21;2991;6;18839;64;1.3;0.0
31;2021-01-22;2271;5;21110;69;1.5;0.0
31;2021-01-23;728;1;21838;70;1.6;0.0
31;2021-01-24;212;1;22050;71;1.6;0.0
31;2021-01-25;1744;9;23794;80;1.7;0.0
31;2021-01-26;1838;64;25632;144;1.8;0.0
31;2021-01-27;1575;154;27207;298;1.9;0.0
31;2021-01-28;1385;301;28592;599;2.0;0.0
31;2021-01-29;1358;349;29950;948;2.1;0.1
31;2021-01-30;446;186;30396;1134;2.2;0.1
31;2021-01-31;61;209;30457;1343;2.2;0.1
31;2021-02-01;1157;732;31614;2075;2.3;0.1
31;2021-02-02;3035;804;34649;2879;2.5;0.2
31;2021-02-03;1917;778;36566;3657;2.6;0.3
31;2021-02-04;1808;844;38374;4501;2.7;0.3
31;2021-02-05;1339;576;39713;5077;2.8;0.4
31;2021-02-06;381;55;40094;5132;2.9;0.4
31;2021-02-07;37;41;40131;5173;2.9;0.4
31;2021-02-08;1115;669;41246;5842;2.9;0.4
31;2021-02-09;1677;1573;42923;7415;3.1;0.5
31;2021-02-10;1960;2476;44883;9891;3.2;0.7
31;2021-02-11;1814;1825;46697;11716;3.3;0.8
31;2021-02-12;1540;796;48237;12512;3.4;0.9
31;2021-02-13;504;228;48741;12740;3.5;0.9
31;2021-02-14;56;216;48797;12956;3.5;0.9
31;2021-02-15;442;1373;49239;14329;3.5;1.0
31;2021-02-16;464;1550;49703;15879;3.5;1.1
31;2021-02-17;471;1624;50174;17503;3.6;1.2
31;2021-02-18;477;1757;50651;19260;3.6;1.4
31;2021-02-19;393;1570;51044;20830;3.6;1.5
31;2021-02-20;69;530;51113;21360;3.6;1.5
31;2021-02-21;77;161;51190;21521;3.7;1.5
31;2021-02-22;433;1756;51623;23277;3.7;1.7
31;2021-02-23;865;3012;52488;26289;3.7;1.9
31;2021-02-24;653;2189;53141;28478;3.8;2.0
31;2021-02-25;1432;1843;54573;30321;3.9;2.2
31;2021-02-26;1711;1234;56284;31555;4.0;2.3
31;2021-02-27;638;403;56922;31958;4.1;2.3
31;2021-02-28;78;54;57000;32012;4.1;2.3
31;2021-03-01;873;1137;57873;33149;4.1;2.4
31;2021-03-02;1239;1668;59112;34817;4.2;2.5
31;2021-03-03;1355;1812;60467;36629;4.3;2.6
31;2021-03-04;2422;1507;62889;38136;4.5;2.7
31;2021-03-05;3053;1606;65942;39742;4.7;2.8
31;2021-03-06;2835;411;68777;40153;4.9;2.9
31;2021-03-07;5368;108;74145;40261;5.3;2.9
31;2021-03-08;1598;1096;75743;41357;5.4;3.0
31;2021-03-09;2791;1191;78534;42548;5.6;3.0
31;2021-03-10;2574;1099;81108;43647;5.8;3.1
31;2021-03-11;4380;1170;85488;44817;6.1;3.2
31;2021-03-12;5317;1196;90805;46013;6.5;3.3
31;2021-03-13;2836;507;93641;46520;6.7;3.3
31;2021-03-14;235;49;93876;46569;6.7;3.3
31;2021-03-15;2583;431;96459;47000;6.9;3.4
31;2021-03-16;1744;817;98203;47817;7.0;3.4
31;2021-03-17;1657;560;99860;48377;7.1;3.5
31;2021-03-18;1988;711;101848;49088;7.3;3.5
31;2021-03-19;3185;527;105033;49615;7.5;3.5
31;2021-03-20;1794;140;106827;49755;7.6;3.6
31;2021-03-21;210;35;107037;49790;7.6;3.6
31;2021-03-22;2577;372;109614;50162;7.8;3.6
31;2021-03-23;4054;320;113668;50482;8.1;3.6
31;2021-03-24;4355;293;118023;50775;8.4;3.6
31;2021-03-25;6039;524;124062;51299;8.9;3.7
31;2021-03-26;5464;516;129526;51815;9.2;3.7
31;2021-03-27;4350;210;133876;52025;9.6;3.7
31;2021-03-28;2291;49;136167;52074;9.7;3.7
31;2021-03-29;4206;430;140373;52504;10.0;3.7
31;2021-03-30;6594;553;146967;53057;10.5;3.8
31;2021-03-31;5648;381;152615;53438;10.9;3.8
31;2021-04-01;6962;555;159577;53993;11.4;3.9
31;2021-04-02;6101;588;165678;54581;11.8;3.9
31;2021-04-03;3927;154;169605;54735;12.1;3.9
31;2021-04-04;2059;111;171664;54846;12.3;3.9
31;2021-04-05;481;70;172145;54916;12.3;3.9
31;2021-04-06;4164;1151;176309;56067;12.6;4.0
31;2021-04-07;5986;981;182295;57048;13.0;4.1
31;2021-04-08;7567;1034;189862;58082;13.6;4.1
31;2021-04-09;8386;1256;198248;59338;14.2;4.2
31;2021-04-10;4718;543;202966;59881;14.5;4.3
31;2021-04-11;2067;140;205033;60021;14.6;4.3
31;2021-04-12;5998;1837;211031;61858;15.1;4.4
31;2021-04-13;8030;2022;219061;63880;15.6;4.6
31;2021-04-14;6650;1923;225711;65803;16.1;4.7
31;2021-04-15;7770;2239;233481;68042;16.7;4.9
31;2021-04-16;7181;2092;240662;70134;17.2;5.0
31;2021-04-17;4412;907;245074;71041;17.5;5.1
31;2021-04-18;2512;355;247586;71396;17.7;5.1
31;2021-04-19;5221;2028;252807;73424;18.0;5.2
31;2021-04-20;6071;2848;258878;76272;18.5;5.4
31;2021-04-21;5975;2799;264853;79071;18.9;5.6
31;2021-04-22;6380;3240;271233;82311;19.4;5.9
31;2021-04-23;6280;2579;277513;84890;19.8;6.1
31;2021-04-24;1614;3140;279127;88030;19.9;6.3
31;2021-04-25;687;2094;279814;90124;20.0;6.4
31;2021-04-26;3793;3224;283607;93348;20.2;6.7
31;2021-04-27;4516;3900;288123;97248;20.6;6.9
31;2021-04-28;4545;3574;292668;100822;20.9;7.2
31;2021-04-29;5184;4068;297852;104890;21.3;7.5
31;2021-04-30;5036;4135;302888;109025;21.6;7.8
31;2021-05-01;1488;3120;304376;112145;21.7;8.0
31;2021-05-02;1415;1981;305791;114126;21.8;8.1
31;2021-05-03;5655;2425;311446;116551;22.2;8.3
31;2021-05-04;4780;4741;316226;121292;22.6;8.7
31;2021-05-05;2995;5720;319221;127012;22.8;9.1
31;2021-05-06;3637;7384;322858;134396;23.0;9.6
31;2021-05-07;5257;7178;328115;141574;23.4;10.1
31;2021-05-08;3632;3104;331747;144678;23.7;10.3
31;2021-05-09;3760;2310;335507;146988;23.9;10.5
31;2021-05-10;5686;5481;341193;152469;24.4;10.9
31;2021-05-11;6650;6702;347843;159171;24.8;11.4
31;2021-05-12;6170;5920;354013;165091;25.3;11.8
31;2021-05-13;4643;2063;358656;167154;25.6;11.9
31;2021-05-14;6911;3984;365567;171138;26.1;12.2
31;2021-05-15;5144;1755;370711;172893;26.5;12.3
31;2021-05-16;3299;633;374010;173526;26.7;12.4
31;2021-05-17;5143;4151;379153;177677;27.1;12.7
31;2021-05-18;5589;4273;384742;181950;27.5;13.0
31;2021-05-19;5781;3764;390523;185714;27.9;13.3
31;2021-05-20;6475;4805;396998;190519;28.3;13.6
31;2021-05-21;5983;4610;402981;195129;28.8;13.9
31;2021-05-22;4084;1629;407065;196758;29.1;14.0
31;2021-05-23;3584;342;410649;197100;29.3;14.1
31;2021-05-24;3880;706;414529;197806;29.6;14.1
31;2021-05-25;6189;3611;420718;201417;30.0;14.4
31;2021-05-26;5609;4642;426327;206059;30.4;14.7
31;2021-05-27;4787;6199;431114;212258;30.8;15.2
31;2021-05-28;4115;6350;435229;218608;31.1;15.6
31;2021-05-29;1918;4030;437147;222638;31.2;15.9
31;2021-05-30;751;2362;437898;225000;31.3;16.1
31;2021-05-31;4397;5088;442295;230088;31.6;16.4
31;2021-06-01;5956;6565;448251;236653;32.0;16.9
31;2021-06-02;5801;6312;454052;242965;32.4;17.3
31;2021-06-03;7309;8145;461361;251110;32.9;17.9
31;2021-06-04;7542;7165;468903;258275;33.5;18.4
31;2021-06-05;9078;2775;477981;261050;34.1;18.6
31;2021-06-06;8113;1580;486094;262630;34.7;18.7
31;2021-06-07;7989;5471;494083;268101;35.3;19.1
31;2021-06-08;9106;6051;503189;274152;35.9;19.6
31;2021-06-09;8921;5552;512110;279704;36.6;20.0
31;2021-06-10;9783;6364;521893;286068;37.3;20.4
31;2021-06-11;10047;6640;531940;292708;38.0;20.9
31;2021-06-12;8792;3019;540732;295727;38.6;21.1
31;2021-06-13;8374;2016;549106;297743;39.2;21.3
31;2021-06-14;8432;6733;557538;304476;39.8;21.7
31;2021-06-15;9778;7441;567316;311917;40.5;22.3
31;2021-06-16;8734;5257;576050;317174;41.1;22.6
31;2021-06-17;8274;6608;584324;323782;41.7;23.1
31;2021-06-18;8552;7753;592876;331535;42.3;23.7
31;2021-06-19;7364;5437;600240;336972;42.8;24.1
31;2021-06-20;5571;3726;605811;340698;43.2;24.3
31;2021-06-21;5376;6918;611187;347616;43.6;24.8
31;2021-06-22;4985;8220;616172;355836;44.0;25.4
31;2021-06-23;5109;7277;621281;363113;44.3;25.9
31;2021-06-24;4634;8321;625915;371434;44.7;26.5
31;2021-06-25;5017;9310;630932;380744;45.0;27.2
31;2021-06-26;4284;6400;635216;387144;45.3;27.6
31;2021-06-27;3597;4105;638813;391249;45.6;27.9
31;2021-06-28;4100;6648;642913;397897;45.9;28.4
31;2021-06-29;3800;7569;646713;405466;46.2;28.9
31;2021-06-30;4278;7807;650991;413273;46.5;29.5
31;2021-07-01;4090;8469;655081;421742;46.8;30.1
31;2021-07-02;4109;9324;659190;431066;47.1;30.8
31;2021-07-03;4097;6111;663287;437177;47.3;31.2
31;2021-07-04;3204;4810;666491;441987;47.6;31.5
31;2021-07-05;4055;7097;670546;449084;47.9;32.1
31;2021-07-06;3889;8368;674435;457452;48.1;32.7
31;2021-07-07;3966;7964;678401;465416;48.4;33.2
31;2021-07-08;4046;8538;682447;473954;48.7;33.8
31;2021-07-09;4461;8795;686908;482749;49.0;34.5
31;2021-07-10;3917;5495;690825;488244;49.3;34.9
31;2021-07-11;3138;4124;693963;492368;49.5;35.1
31;2021-07-12;3820;8627;697783;500995;49.8;35.8
31;2021-07-13;6919;9433;704702;510428;50.3;36.4
31;2021-07-14;6162;3921;710864;514349;50.7;36.7
31;2021-07-15;8512;9433;719376;523782;51.3;37.4
31;2021-07-16;7769;9906;727145;533688;51.9;38.1
31;2021-07-17;8360;10540;735505;544228;52.5;38.8
31;2021-07-18;6624;9464;742129;553692;53.0;39.5
31;2021-07-19;4788;10770;746917;564462;53.3;40.3
31;2021-07-20;7155;11469;754072;575931;53.8;41.1
31;2021-07-21;7025;11522;761097;587453;54.3;41.9
31;2021-07-22;8154;11752;769251;599205;54.9;42.8
31;2021-07-23;7459;11809;776710;611014;55.4;43.6
31;2021-07-24;10297;10539;787007;621553;56.2;44.4
31;2021-07-25;7559;8787;794566;630340;56.7;45.0
31;2021-07-26;5516;9530;800082;639870;57.1;45.7
31;2021-07-27;7948;9186;808030;649056;57.7;46.3
31;2021-07-28;8664;8259;816694;657315;58.3;46.9
31;2021-07-29;8826;8027;825520;665342;58.9;47.5
31;2021-07-30;7646;7980;833166;673322;59.5;48.1
31;2021-07-31;5993;7389;839159;680711;59.9;48.6
31;2021-08-01;4406;4293;843565;685004;60.2;48.9
31;2021-08-02;5457;5413;849022;690417;60.6;49.3
31;2021-08-03;5841;5184;854863;695601;61.0;49.7
31;2021-08-04;5864;4795;860727;700396;61.4;50.0
31;2021-08-05;5544;7219;866271;707615;61.8;50.5
31;2021-08-06;5259;7325;871530;714940;62.2;51.0
31;2021-08-07;4571;6640;876101;721580;62.5;51.5
31;2021-08-08;3366;5565;879467;727145;62.8;51.9
31;2021-08-09;4370;7012;883837;734157;63.1;52.4
31;2021-08-10;4631;6274;888468;740431;63.4;52.9
31;2021-08-11;4509;5853;892977;746284;63.7;53.3
31;2021-08-12;4495;6742;897472;753026;64.1;53.8
31;2021-08-13;4110;6181;901582;759207;64.4;54.2
31;2021-08-14;3027;6451;904609;765658;64.6;54.7
31;2021-08-15;1288;4094;905897;769752;64.7;54.9
31;2021-08-16;3199;8111;909096;777863;64.9;55.5
31;2021-08-17;3401;7086;912497;784949;65.1;56.0
31;2021-08-18;3294;6995;915791;791944;65.4;56.5
31;2021-08-19;2943;6972;918734;798916;65.6;57.0
31;2021-08-20;2916;7369;921650;806285;65.8;57.6
31;2021-08-21;1963;6781;923613;813066;65.9;58.0
31;2021-08-22;1465;5618;925078;818684;66.0;58.4
32;2020-12-27;0;0;0;0;0.0;0.0
32;2020-12-28;0;0;0;0;0.0;0.0
32;2020-12-29;0;0;0;0;0.0;0.0
32;2020-12-30;0;0;0;0;0.0;0.0
32;2020-12-31;0;0;0;0;0.0;0.0
32;2021-01-01;0;0;0;0;0.0;0.0
32;2021-01-02;0;0;0;0;0.0;0.0
32;2021-01-03;0;0;0;0;0.0;0.0
32;2021-01-04;3;0;3;0;0.0;0.0
32;2021-01-05;1;0;4;0;0.0;0.0
32;2021-01-06;2;0;6;0;0.0;0.0
32;2021-01-07;155;0;161;0;0.1;0.0
32;2021-01-08;70;0;231;0;0.1;0.0
32;2021-01-09;5;0;236;0;0.1;0.0
32;2021-01-10;1;0;237;0;0.1;0.0
32;2021-01-11;11;0;248;0;0.1;0.0
32;2021-01-12;96;0;344;0;0.2;0.0
32;2021-01-13;325;0;669;0;0.4;0.0
32;2021-01-14;378;3;1047;3;0.6;0.0
32;2021-01-15;448;1;1495;4;0.8;0.0
32;2021-01-16;16;2;1511;6;0.8;0.0
32;2021-01-17;1;0;1512;6;0.8;0.0
32;2021-01-18;345;1;1857;7;1.0;0.0
32;2021-01-19;418;0;2275;7;1.2;0.0
32;2021-01-20;358;0;2633;7;1.4;0.0
32;2021-01-21;582;0;3215;7;1.7;0.0
32;2021-01-22;372;0;3587;7;1.9;0.0
32;2021-01-23;180;0;3767;7;2.0;0.0
32;2021-01-24;5;0;3772;7;2.0;0.0
32;2021-01-25;468;1;4240;8;2.2;0.0
32;2021-01-26;608;0;4848;8;2.6;0.0
32;2021-01-27;701;4;5549;12;2.9;0.0
32;2021-01-28;687;15;6236;27;3.3;0.0
32;2021-01-29;460;53;6696;80;3.5;0.0
32;2021-01-30;260;0;6956;80;3.7;0.0
32;2021-01-31;4;5;6960;85;3.7;0.0
32;2021-02-01;288;58;7248;143;3.8;0.1
32;2021-02-02;638;139;7886;282;4.1;0.1
32;2021-02-03;338;200;8224;482;4.3;0.3
32;2021-02-04;426;279;8650;761;4.6;0.4
32;2021-02-05;348;360;8998;1121;4.7;0.6
32;2021-02-06;147;0;9145;1121;4.8;0.6
32;2021-02-07;0;36;9145;1157;4.8;0.6
32;2021-02-08;278;122;9423;1279;5.0;0.7
32;2021-02-09;309;229;9732;1508;5.1;0.8
32;2021-02-10;271;254;10003;1762;5.3;0.9
32;2021-02-11;382;317;10385;2079;5.5;1.1
32;2021-02-12;297;280;10682;2359;5.6;1.2
32;2021-02-13;249;1;10931;2360;5.8;1.2
32;2021-02-14;0;28;10931;2388;5.8;1.3
32;2021-02-15;25;212;10956;2600;5.8;1.4
32;2021-02-16;393;367;11349;2967;6.0;1.6
32;2021-02-17;191;474;11540;3441;6.1;1.8
32;2021-02-18;331;494;11871;3935;6.2;2.1
32;2021-02-19;184;278;12055;4213;6.3;2.2
32;2021-02-20;1;120;12056;4333;6.3;2.3
32;2021-02-21;0;0;12056;4333;6.3;2.3
32;2021-02-22;158;385;12214;4718;6.4;2.5
32;2021-02-23;431;566;12645;5284;6.7;2.8
32;2021-02-24;277;381;12922;5665;6.8;3.0
32;2021-02-25;481;518;13403;6183;7.1;3.3
32;2021-02-26;444;385;13847;6568;7.3;3.5
32;2021-02-27;157;246;14004;6814;7.4;3.6
32;2021-02-28;4;0;14008;6814;7.4;3.6
32;2021-03-01;51;300;14059;7114;7.4;3.7
32;2021-03-02;414;446;14473;7560;7.6;4.0
32;2021-03-03;276;292;14749;7852;7.8;4.1
32;2021-03-04;540;337;15289;8189;8.0;4.3
32;2021-03-05;437;249;15726;8438;8.3;4.4
32;2021-03-06;522;167;16248;8605;8.5;4.5
32;2021-03-07;25;5;16273;8610;8.6;4.5
32;2021-03-08;234;291;16507;8901;8.7;4.7
32;2021-03-09;643;329;17150;9230;9.0;4.9
32;2021-03-10;482;329;17632;9559;9.3;5.0
32;2021-03-11;854;293;18486;9852;9.7;5.2
32;2021-03-12;882;340;19368;10192;10.2;5.4
32;2021-03-13;492;248;19860;10440;10.5;5.5
32;2021-03-14;1;0;19861;10440;10.5;5.5
32;2021-03-15;267;26;20128;10466;10.6;5.5
32;2021-03-16;314;307;20442;10773;10.8;5.7
32;2021-03-17;150;156;20592;10929;10.8;5.8
32;2021-03-18;375;308;20967;11237;11.0;5.9
32;2021-03-19;404;182;21371;11419;11.2;6.0
32;2021-03-20;136;33;21507;11452;11.3;6.0
32;2021-03-21;0;0;21507;11452;11.3;6.0
32;2021-03-22;340;170;21847;11622;11.5;6.1
32;2021-03-23;560;399;22407;12021;11.8;6.3
32;2021-03-24;643;270;23050;12291;12.1;6.5
32;2021-03-25;899;416;23949;12707;12.6;6.7
32;2021-03-26;657;294;24606;13001;12.9;6.8
32;2021-03-27;165;3;24771;13004;13.0;6.8
32;2021-03-28;1;1;24772;13005;13.0;6.8
32;2021-03-29;371;48;25143;13053;13.2;6.9
32;2021-03-30;766;290;25909;13343;13.6;7.0
32;2021-03-31;654;173;26563;13516;14.0;7.1
32;2021-04-01;1238;321;27801;13837;14.6;7.3
32;2021-04-02;575;167;28376;14004;14.9;7.4
32;2021-04-03;114;0;28490;14004;15.0;7.4
32;2021-04-04;0;0;28490;14004;15.0;7.4
32;2021-04-05;0;0;28490;14004;15.0;7.4
32;2021-04-06;2646;311;31136;14315;16.4;7.5
32;2021-04-07;1178;204;32314;14519;17.0;7.6
32;2021-04-08;1737;406;34051;14925;17.9;7.9
32;2021-04-09;883;218;34934;15143;18.4;8.0
32;2021-04-10;808;29;35742;15172;18.8;8.0
32;2021-04-11;14;0;35756;15172;18.8;8.0
32;2021-04-12;477;23;36233;15195;19.1;8.0
32;2021-04-13;2469;385;38702;15580;20.4;8.2
32;2021-04-14;1227;263;39929;15843;21.0;8.3
32;2021-04-15;1704;392;41633;16235;21.9;8.5
32;2021-04-16;638;282;42271;16517;22.2;8.7
32;2021-04-17;781;38;43052;16555;22.7;8.7
32;2021-04-18;13;1;43065;16556;22.7;8.7
32;2021-04-19;502;46;43567;16602;22.9;8.7
32;2021-04-20;2472;390;46039;16992;24.2;8.9
32;2021-04-21;1010;302;47049;17294;24.8;9.1
32;2021-04-22;1662;321;48711;17615;25.6;9.3
32;2021-04-23;549;159;49260;17774;25.9;9.4
32;2021-04-24;1392;55;50652;17829;26.7;9.4
32;2021-04-25;0;11;50652;17840;26.7;9.4
32;2021-04-26;387;359;51039;18199;26.9;9.6
32;2021-04-27;2552;553;53591;18752;28.2;9.9
32;2021-04-28;971;356;54562;19108;28.7;10.1
32;2021-04-29;1009;885;55571;19993;29.2;10.5
32;2021-04-30;453;361;56024;20354;29.5;10.7
32;2021-05-01;2606;96;58630;20450;30.9;10.8
32;2021-05-02;0;0;58630;20450;30.9;10.8
32;2021-05-03;171;321;58801;20771;30.9;10.9
32;2021-05-04;792;2496;59593;23267;31.4;12.2
32;2021-05-05;2360;1098;61953;24365;32.6;12.8
32;2021-05-06;516;1660;62469;26025;32.9;13.7
32;2021-05-07;2286;538;64755;26563;34.1;14.0
32;2021-05-08;71;516;64826;27079;34.1;14.2
32;2021-05-09;21;179;64847;27258;34.1;14.3
32;2021-05-10;1993;551;66840;27809;35.2;14.6
32;2021-05-11;651;2276;67491;30085;35.5;15.8
32;2021-05-12;2313;1139;69804;31224;36.7;16.4
32;2021-05-13;281;1415;70085;32639;36.9;17.2
32;2021-05-14;2222;327;72307;32966;38.0;17.3
32;2021-05-15;134;712;72441;33678;38.1;17.7
32;2021-05-16;2;0;72443;33678;38.1;17.7
32;2021-05-17;353;170;72796;33848;38.3;17.8
32;2021-05-18;1642;297;74438;34145;39.2;18.0
32;2021-05-19;2474;274;76912;34419;40.5;18.1
32;2021-05-20;2887;471;79799;34890;42.0;18.4
32;2021-05-21;2535;501;82334;35391;43.3;18.6
32;2021-05-22;335;111;82669;35502;43.5;18.7
32;2021-05-23;2;13;82671;35515;43.5;18.7
32;2021-05-24;3;0;82674;35515;43.5;18.7
32;2021-05-25;1983;374;84657;35889;44.5;18.9
32;2021-05-26;2548;556;87205;36445;45.9;19.2
32;2021-05-27;2877;627;90082;37072;47.4;19.5
32;2021-05-28;2310;766;92392;37838;48.6;19.9
32;2021-05-29;372;312;92764;38150;48.8;20.1
32;2021-05-30;4;6;92768;38156;48.8;20.1
32;2021-05-31;1414;625;94182;38781;49.6;20.4
32;2021-06-01;565;2888;94747;41669;49.9;21.9
32;2021-06-02;1579;1354;96326;43023;50.7;22.6
32;2021-06-03;396;2086;96722;45109;50.9;23.7
32;2021-06-04;1837;830;98559;45939;51.9;24.2
32;2021-06-05;206;1661;98765;47600;52.0;25.0
32;2021-06-06;8;14;98773;47614;52.0;25.1
32;2021-06-07;103;418;98876;48032;52.0;25.3
32;2021-06-08;663;2541;99539;50573;52.4;26.6
32;2021-06-09;1191;1054;100730;51627;53.0;27.2
32;2021-06-10;685;1225;101415;52852;53.4;27.8
32;2021-06-11;927;663;102342;53515;53.9;28.2
32;2021-06-12;150;2680;102492;56195;53.9;29.6
32;2021-06-13;1;1;102493;56196;53.9;29.6
32;2021-06-14;529;210;103022;56406;54.2;29.7
32;2021-06-15;1735;1027;104757;57433;55.1;30.2
32;2021-06-16;850;2777;105607;60210;55.6;31.7
32;2021-06-17;860;830;106467;61040;56.0;32.1
32;2021-06-18;315;2724;106782;63764;56.2;33.6
32;2021-06-19;914;436;107696;64200;56.7;33.8
32;2021-06-20;5;13;107701;64213;56.7;33.8
32;2021-06-21;67;1994;107768;66207;56.7;34.8
32;2021-06-22;1043;969;108811;67176;57.3;35.3
32;2021-06-23;516;2183;109327;69359;57.5;36.5
32;2021-06-24;526;518;109853;69877;57.8;36.8
32;2021-06-25;501;2359;110354;72236;58.1;38.0
32;2021-06-26;108;171;110462;72407;58.1;38.1
32;2021-06-27;2;5;110464;72412;58.1;38.1
32;2021-06-28;629;601;111093;73013;58.5;38.4
32;2021-06-29;800;1984;111893;74997;58.9;39.5
32;2021-06-30;757;2725;112650;77722;59.3;40.9
32;2021-07-01;540;2640;113190;80362;59.6;42.3
32;2021-07-02;641;2335;113831;82697;59.9;43.5
32;2021-07-03;484;508;114315;83205;60.2;43.8
32;2021-07-04;1;12;114316;83217;60.2;43.8
32;2021-07-05;76;391;114392;83608;60.2;44.0
32;2021-07-06;880;2080;115272;85688;60.7;45.1
32;2021-07-07;780;2756;116052;88444;61.1;46.5
32;2021-07-08;478;2266;116530;90710;61.3;47.7
32;2021-07-09;615;2226;117145;92936;61.6;48.9
32;2021-07-10;537;521;117682;93457;61.9;49.2
32;2021-07-11;0;5;117682;93462;61.9;49.2
32;2021-07-12;526;1243;118208;94705;62.2;49.8
32;2021-07-13;1694;1815;119902;96520;63.1;50.8
32;2021-07-14;491;33;120393;96553;63.4;50.8
32;2021-07-15;2093;888;122486;97441;64.5;51.3
32;2021-07-16;1169;1911;123655;99352;65.1;52.3
32;2021-07-17;78;129;123733;99481;65.1;52.3
32;2021-07-18;2;5;123735;99486;65.1;52.4
32;2021-07-19;1994;146;125729;99632;66.2;52.4
32;2021-07-20;2036;1267;127765;100899;67.2;53.1
32;2021-07-21;1610;1688;129375;102587;68.1;54.0
32;2021-07-22;1947;506;131322;103093;69.1;54.2
32;2021-07-23;1402;1728;132724;104821;69.8;55.2
32;2021-07-24;139;118;132863;104939;69.9;55.2
32;2021-07-25;34;10;132897;104949;69.9;55.2
32;2021-07-26;1068;1071;133965;106020;70.5;55.8
32;2021-07-27;1722;2095;135687;108115;71.4;56.9
32;2021-07-28;690;975;136377;109090;71.8;57.4
32;2021-07-29;1686;1599;138063;110689;72.6;58.2
32;2021-07-30;363;349;138426;111038;72.8;58.4
32;2021-07-31;185;351;138611;111389;72.9;58.6
32;2021-08-01;18;4;138629;111393;72.9;58.6
32;2021-08-02;80;76;138709;111469;73.0;58.7
32;2021-08-03;1177;1790;139886;113259;73.6;59.6
32;2021-08-04;630;654;140516;113913;73.9;59.9
32;2021-08-05;1100;1936;141616;115849;74.5;61.0
32;2021-08-06;560;494;142176;116343;74.8;61.2
32;2021-08-07;148;93;142324;116436;74.9;61.3
32;2021-08-08;0;0;142324;116436;74.9;61.3
32;2021-08-09;260;1824;142584;118260;75.0;62.2
32;2021-08-10;713;2081;143297;120341;75.4;63.3
32;2021-08-11;576;446;143873;120787;75.7;63.6
32;2021-08-12;932;2101;144805;122888;76.2;64.7
32;2021-08-13;177;251;144982;123139;76.3;64.8
32;2021-08-14;111;118;145093;123257;76.3;64.9
32;2021-08-15;12;21;145105;123278;76.4;64.9
32;2021-08-16;41;39;145146;123317;76.4;64.9
32;2021-08-17;573;2300;145719;125617;76.7;66.1
32;2021-08-18;309;558;146028;126175;76.8;66.4
32;2021-08-19;951;1407;146979;127582;77.3;67.1
32;2021-08-20;152;165;147131;127747;77.4;67.2
32;2021-08-21;149;189;147280;127936;77.5;67.3
32;2021-08-22;8;3;147288;127939;77.5;67.3
33;2020-12-27;2;0;2;0;0.0;0.0
33;2020-12-28;3;0;5;0;0.0;0.0
33;2020-12-29;0;0;5;0;0.0;0.0
33;2020-12-30;0;0;5;0;0.0;0.0
33;2020-12-31;0;0;5;0;0.0;0.0
33;2021-01-01;0;0;5;0;0.0;0.0
33;2021-01-02;1;0;6;0;0.0;0.0
33;2021-01-03;0;0;6;0;0.0;0.0
33;2021-01-04;2;0;8;0;0.0;0.0
33;2021-01-05;2;0;10;0;0.0;0.0
33;2021-01-06;134;0;144;0;0.0;0.0
33;2021-01-07;1308;1;1452;1;0.1;0.0
33;2021-01-08;1199;3;2651;4;0.2;0.0
33;2021-01-09;297;1;2948;5;0.2;0.0
33;2021-01-10;229;0;3177;5;0.2;0.0
33;2021-01-11;627;0;3804;5;0.2;0.0
33;2021-01-12;1417;2;5221;7;0.3;0.0
33;2021-01-13;1313;8;6534;15;0.4;0.0
33;2021-01-14;1283;13;7817;28;0.5;0.0
33;2021-01-15;1607;11;9424;39;0.6;0.0
33;2021-01-16;566;8;9990;47;0.6;0.0
33;2021-01-17;406;4;10396;51;0.6;0.0
33;2021-01-18;1222;11;11618;62;0.7;0.0
33;2021-01-19;2922;4;14540;66;0.9;0.0
33;2021-01-20;3398;9;17938;75;1.1;0.0
33;2021-01-21;2856;5;20794;80;1.3;0.0
33;2021-01-22;2322;8;23116;88;1.4;0.0
33;2021-01-23;850;2;23966;90;1.5;0.0
33;2021-01-24;529;2;24495;92;1.5;0.0
33;2021-01-25;2170;61;26665;153;1.6;0.0
33;2021-01-26;2239;163;28904;316;1.8;0.0
33;2021-01-27;2252;208;31156;524;1.9;0.0
33;2021-01-28;2155;440;33311;964;2.0;0.1
33;2021-01-29;1819;691;35130;1655;2.2;0.1
33;2021-01-30;704;173;35834;1828;2.2;0.1
33;2021-01-31;388;156;36222;1984;2.2;0.1
33;2021-02-01;1456;648;37678;2632;2.3;0.2
33;2021-02-02;2643;1108;40321;3740;2.5;0.2
33;2021-02-03;2912;868;43233;4608;2.6;0.3
33;2021-02-04;4030;1353;47263;5961;2.9;0.4
33;2021-02-05;2188;1165;49451;7126;3.0;0.4
33;2021-02-06;643;201;50094;7327;3.1;0.4
33;2021-02-07;218;231;50312;7558;3.1;0.5
33;2021-02-08;1263;757;51575;8315;3.2;0.5
33;2021-02-09;1324;1688;52899;10003;3.2;0.6
33;2021-02-10;1263;1749;54162;11752;3.3;0.7
33;2021-02-11;1301;1445;55463;13197;3.4;0.8
33;2021-02-12;1115;1258;56578;14455;3.5;0.9
33;2021-02-13;203;294;56781;14749;3.5;0.9
33;2021-02-14;47;246;56828;14995;3.5;0.9
33;2021-02-15;685;1724;57513;16719;3.5;1.0
33;2021-02-16;812;2048;58325;18767;3.6;1.1
33;2021-02-17;666;2046;58991;20813;3.6;1.3
33;2021-02-18;898;2259;59889;23072;3.7;1.4
33;2021-02-19;915;2018;60804;25090;3.7;1.5
33;2021-02-20;77;658;60881;25748;3.7;1.6
33;2021-02-21;37;463;60918;26211;3.7;1.6
33;2021-02-22;705;1892;61623;28103;3.8;1.7
33;2021-02-23;1236;2746;62859;30849;3.8;1.9
33;2021-02-24;1395;2527;64254;33376;3.9;2.0
33;2021-02-25;2829;3762;67083;37138;4.1;2.3
33;2021-02-26;4054;2334;71137;39472;4.4;2.4
33;2021-02-27;1359;726;72496;40198;4.4;2.5
33;2021-02-28;126;519;72622;40717;4.4;2.5
33;2021-03-01;1533;1856;74155;42573;4.5;2.6
33;2021-03-02;2323;1746;76478;44319;4.7;2.7
33;2021-03-03;2305;1703;78783;46022;4.8;2.8
33;2021-03-04;3933;1670;82716;47692;5.1;2.9
33;2021-03-05;5757;1739;88473;49431;5.4;3.0
33;2021-03-06;3413;560;91886;49991;5.6;3.1
33;2021-03-07;741;160;92627;50151;5.7;3.1
33;2021-03-08;2712;1156;95339;51307;5.8;3.1
33;2021-03-09;4400;1342;99739;52649;6.1;3.2
33;2021-03-10;5119;1235;104858;53884;6.4;3.3
33;2021-03-11;7540;1234;112398;55118;6.9;3.4
33;2021-03-12;10116;1164;122514;56282;7.5;3.4
33;2021-03-13;5152;214;127666;56496;7.8;3.5
33;2021-03-14;714;26;128380;56522;7.9;3.5
33;2021-03-15;4439;683;132819;57205;8.1;3.5
33;2021-03-16;3582;876;136401;58081;8.4;3.6
33;2021-03-17;3637;941;140038;59022;8.6;3.6
33;2021-03-18;4038;1412;144076;60434;8.8;3.7
33;2021-03-19;6270;1029;150346;61463;9.2;3.8
33;2021-03-20;3368;102;153714;61565;9.4;3.8
33;2021-03-21;460;29;154174;61594;9.4;3.8
33;2021-03-22;4900;450;159074;62044;9.7;3.8
33;2021-03-23;6321;605;165395;62649;10.1;3.8
33;2021-03-24;7075;524;172470;63173;10.6;3.9
33;2021-03-25;8838;657;181308;63830;11.1;3.9
33;2021-03-26;10038;853;191346;64683;11.7;4.0
33;2021-03-27;3618;83;194964;64766;11.9;4.0
33;2021-03-28;577;33;195541;64799;12.0;4.0
33;2021-03-29;6769;703;202310;65502;12.4;4.0
33;2021-03-30;8100;1040;210410;66542;12.9;4.1
33;2021-03-31;7578;1067;217988;67609;13.3;4.1
33;2021-04-01;8818;1194;226806;68803;13.9;4.2
33;2021-04-02;8402;1555;235208;70358;14.4;4.3
33;2021-04-03;2832;523;238040;70881;14.6;4.3
33;2021-04-04;218;160;238258;71041;14.6;4.3
33;2021-04-05;690;122;238948;71163;14.6;4.4
33;2021-04-06;6048;2701;244996;73864;15.0;4.5
33;2021-04-07;7420;2570;252416;76434;15.5;4.7
33;2021-04-08;10321;2780;262737;79214;16.1;4.8
33;2021-04-09;12685;3096;275422;82310;16.9;5.0
33;2021-04-10;5354;1391;280776;83701;17.2;5.1
33;2021-04-11;1002;354;281778;84055;17.3;5.1
33;2021-04-12;7424;3279;289202;87334;17.7;5.3
33;2021-04-13;9315;3478;298517;90812;18.3;5.6
33;2021-04-14;9039;3641;307556;94453;18.8;5.8
33;2021-04-15;10108;3875;317664;98328;19.4;6.0
33;2021-04-16;9719;4225;327383;102553;20.0;6.3
33;2021-04-17;4654;1660;332037;104213;20.3;6.4
33;2021-04-18;929;413;332966;104626;20.4;6.4
33;2021-04-19;5615;3845;338581;108471;20.7;6.6
33;2021-04-20;7293;4263;345874;112734;21.2;6.9
33;2021-04-21;6596;4354;352470;117088;21.6;7.2
33;2021-04-22;7345;4476;359815;121564;22.0;7.4
33;2021-04-23;7705;4816;367520;126380;22.5;7.7
33;2021-04-24;4500;1801;372020;128181;22.8;7.8
33;2021-04-25;1651;418;373671;128599;22.9;7.9
33;2021-04-26;5263;5086;378934;133685;23.2;8.2
33;2021-04-27;6577;5625;385511;139310;23.6;8.5
33;2021-04-28;6780;5564;392291;144874;24.0;8.9
33;2021-04-29;8421;6242;400712;151116;24.5;9.3
33;2021-04-30;8737;6128;409449;157244;25.1;9.6
33;2021-05-01;2901;514;412350;157758;25.2;9.7
33;2021-05-02;1834;345;414184;158103;25.4;9.7
33;2021-05-03;7017;5221;421201;163324;25.8;10.0
33;2021-05-04;6829;6668;428030;169992;26.2;10.4
33;2021-05-05;7141;7570;435171;177562;26.6;10.9
33;2021-05-06;8705;8244;443876;185806;27.2;11.4
33;2021-05-07;8608;8915;452484;194721;27.7;11.9
33;2021-05-08;3541;1604;456025;196325;27.9;12.0
33;2021-05-09;1117;969;457142;197294;28.0;12.1
33;2021-05-10;6875;7318;464017;204612;28.4;12.5
33;2021-05-11;8636;7833;472653;212445;28.9;13.0
33;2021-05-12;9173;6697;481826;219142;29.5;13.4
33;2021-05-13;5209;2110;487035;221252;29.8;13.5
33;2021-05-14;8130;5358;495165;226610;30.3;13.9
33;2021-05-15;5180;2875;500345;229485;30.6;14.0
33;2021-05-16;1842;804;502187;230289;30.7;14.1
33;2021-05-17;8858;5109;511045;235398;31.3;14.4
33;2021-05-18;10622;4888;521667;240286;31.9;14.7
33;2021-05-19;10905;4794;532572;245080;32.6;15.0
33;2021-05-20;10910;5595;543482;250675;33.3;15.3
33;2021-05-21;10918;6257;554400;256932;33.9;15.7
33;2021-05-22;5122;2755;559522;259687;34.3;15.9
33;2021-05-23;1748;384;561270;260071;34.4;15.9
33;2021-05-24;5412;998;566682;261069;34.7;16.0
33;2021-05-25;9387;5771;576069;266840;35.3;16.3
33;2021-05-26;9678;6040;585747;272880;35.9;16.7
33;2021-05-27;10907;7738;596654;280618;36.5;17.2
33;2021-05-28;10065;9530;606719;290148;37.1;17.8
33;2021-05-29;5042;4116;611761;294264;37.5;18.0
33;2021-05-30;1702;667;613463;294931;37.6;18.1
33;2021-05-31;8558;6430;622021;301361;38.1;18.4
33;2021-06-01;11807;8727;633828;310088;38.8;19.0
33;2021-06-02;11711;8227;645539;318315;39.5;19.5
33;2021-06-03;12713;9202;658252;327517;40.3;20.1
33;2021-06-04;12936;10959;671188;338476;41.1;20.7
33;2021-06-05;5278;5066;676466;343542;41.4;21.0
33;2021-06-06;2526;1192;678992;344734;41.6;21.1
33;2021-06-07;9759;8500;688751;353234;42.2;21.6
33;2021-06-08;11935;9462;700686;362696;42.9;22.2
33;2021-06-09;11775;8537;712461;371233;43.6;22.7
33;2021-06-10;12953;8388;725414;379621;44.4;23.2
33;2021-06-11;12521;11172;737935;390793;45.2;23.9
33;2021-06-12;6188;4477;744123;395270;45.6;24.2
33;2021-06-13;2614;1283;746737;396553;45.7;24.3
33;2021-06-14;8582;10154;755319;406707;46.2;24.9
33;2021-06-15;12057;10278;767376;416985;47.0;25.5
33;2021-06-16;12054;8870;779430;425855;47.7;26.1
33;2021-06-17;13109;9614;792539;435469;48.5;26.7
33;2021-06-18;11793;11439;804332;446908;49.2;27.4
33;2021-06-19;5611;4815;809943;451723;49.6;27.7
33;2021-06-20;2946;1474;812889;453197;49.8;27.7
33;2021-06-21;7875;10164;820764;463361;50.2;28.4
33;2021-06-22;9060;11090;829824;474451;50.8;29.0
33;2021-06-23;8659;10849;838483;485300;51.3;29.7
33;2021-06-24;9746;9981;848229;495281;51.9;30.3
33;2021-06-25;8042;13717;856271;508998;52.4;31.2
33;2021-06-26;4341;5920;860612;514918;52.7;31.5
33;2021-06-27;2468;1961;863080;516879;52.8;31.6
33;2021-06-28;4873;12769;867953;529648;53.1;32.4
33;2021-06-29;6443;13648;874396;543296;53.5;33.3
33;2021-06-30;6681;13399;881077;556695;53.9;34.1
33;2021-07-01;8045;11816;889122;568511;54.4;34.8
33;2021-07-02;6847;15112;895969;583623;54.9;35.7
33;2021-07-03;3220;6783;899189;590406;55.0;36.1
33;2021-07-04;2066;2380;901255;592786;55.2;36.3
33;2021-07-05;4398;12914;905653;605700;55.4;37.1
33;2021-07-06;6147;14597;911800;620297;55.8;38.0
33;2021-07-07;6885;13054;918685;633351;56.2;38.8
33;2021-07-08;7961;12745;926646;646096;56.7;39.6
33;2021-07-09;6466;15108;933112;661204;57.1;40.5
33;2021-07-10;3112;7161;936224;668365;57.3;40.9
33;2021-07-11;1844;2297;938068;670662;57.4;41.1
33;2021-07-12;3941;14700;942009;685362;57.7;42.0
33;2021-07-13;7148;16102;949157;701464;58.1;42.9
33;2021-07-14;3686;5316;952843;706780;58.3;43.3
33;2021-07-15;7613;15972;960456;722752;58.8;44.2
33;2021-07-16;8570;15143;969026;737895;59.3;45.2
33;2021-07-17;3117;6432;972143;744327;59.5;45.6
33;2021-07-18;1694;3205;973837;747532;59.6;45.8
33;2021-07-19;5835;15102;979672;762634;60.0;46.7
33;2021-07-20;7404;16132;987076;778766;60.4;47.7
33;2021-07-21;8350;14536;995426;793302;60.9;48.6
33;2021-07-22;9347;15112;1004773;808414;61.5;49.5
33;2021-07-23;9621;16361;1014394;824775;62.1;50.5
33;2021-07-24;3814;7554;1018208;832329;62.3;51.0
33;2021-07-25;2084;2662;1020292;834991;62.5;51.1
33;2021-07-26;6917;13427;1027209;848418;62.9;51.9
33;2021-07-27;10005;13403;1037214;861821;63.5;52.8
33;2021-07-28;10885;11969;1048099;873790;64.2;53.5
33;2021-07-29;11617;11907;1059716;885697;64.9;54.2
33;2021-07-30;11334;12217;1071050;897914;65.6;55.0
33;2021-07-31;4724;5650;1075774;903564;65.9;55.3
33;2021-08-01;2472;1950;1078246;905514;66.0;55.4
33;2021-08-02;8306;9885;1086552;915399;66.5;56.0
33;2021-08-03;11430;9013;1097982;924412;67.2;56.6
33;2021-08-04;11824;7344;1109806;931756;67.9;57.0
33;2021-08-05;11828;8014;1121634;939770;68.7;57.5
33;2021-08-06;11134;9049;1132768;948819;69.3;58.1
33;2021-08-07;5881;4504;1138649;953323;69.7;58.4
33;2021-08-08;3188;1816;1141837;955139;69.9;58.5
33;2021-08-09;8588;8719;1150425;963858;70.4;59.0
33;2021-08-10;9298;8418;1159723;972276;71.0;59.5
33;2021-08-11;8057;7565;1167780;979841;71.5;60.0
33;2021-08-12;7929;8006;1175709;987847;72.0;60.5
33;2021-08-13;7740;7661;1183449;995508;72.5;60.9
33;2021-08-14;3476;4320;1186925;999828;72.7;61.2
33;2021-08-15;1196;1876;1188121;1001704;72.7;61.3
33;2021-08-16;6394;8632;1194515;1010336;73.1;61.9
33;2021-08-17;6574;9051;1201089;1019387;73.5;62.4
33;2021-08-18;5562;8763;1206651;1028150;73.9;62.9
33;2021-08-19;5459;9101;1212110;1037251;74.2;63.5
33;2021-08-20;4873;9794;1216983;1047045;74.5;64.1
33;2021-08-21;2180;5024;1219163;1052069;74.6;64.4
33;2021-08-22;561;2366;1219724;1054435;74.7;64.6
34;2020-12-27;1;0;1;0;0.0;0.0
34;2020-12-28;1;0;2;0;0.0;0.0
34;2020-12-29;0;0;2;0;0.0;0.0
34;2020-12-30;0;0;2;0;0.0;0.0
34;2020-12-31;0;0;2;0;0.0;0.0
34;2021-01-01;1;0;3;0;0.0;0.0
34;2021-01-02;2;0;5;0;0.0;0.0
34;2021-01-03;0;0;5;0;0.0;0.0
34;2021-01-04;21;0;26;0;0.0;0.0
34;2021-01-05;106;2;132;2;0.0;0.0
34;2021-01-06;198;1;330;3;0.0;0.0
34;2021-01-07;364;0;694;3;0.1;0.0
34;2021-01-08;606;0;1300;3;0.1;0.0
34;2021-01-09;244;0;1544;3;0.1;0.0
34;2021-01-10;95;1;1639;4;0.1;0.0
34;2021-01-11;567;2;2206;6;0.2;0.0
34;2021-01-12;1007;1;3213;7;0.3;0.0
34;2021-01-13;1098;6;4311;13;0.4;0.0
34;2021-01-14;1957;13;6268;26;0.5;0.0
34;2021-01-15;1469;5;7737;31;0.7;0.0
34;2021-01-16;331;7;8068;38;0.7;0.0
34;2021-01-17;233;1;8301;39;0.7;0.0
34;2021-01-18;1125;4;9426;43;0.8;0.0
34;2021-01-19;1610;7;11036;50;0.9;0.0
34;2021-01-20;2073;9;13109;59;1.1;0.0
34;2021-01-21;4231;10;17340;69;1.5;0.0
34;2021-01-22;2549;8;19889;77;1.7;0.0
34;2021-01-23;599;2;20488;79;1.7;0.0
34;2021-01-24;2;0;20490;79;1.7;0.0
34;2021-01-25;1242;5;21732;84;1.8;0.0
34;2021-01-26;1458;21;23190;105;2.0;0.0
34;2021-01-27;1467;23;24657;128;2.1;0.0
34;2021-01-28;1392;125;26049;253;2.2;0.0
34;2021-01-29;1258;137;27307;390;2.3;0.0
34;2021-01-30;479;25;27786;415;2.4;0.0
34;2021-01-31;4;0;27790;415;2.4;0.0
34;2021-02-01;1028;250;28818;665;2.5;0.1
34;2021-02-02;1458;444;30276;1109;2.6;0.1
34;2021-02-03;2655;526;32931;1635;2.8;0.1
34;2021-02-04;2309;886;35240;2521;3.0;0.2
34;2021-02-05;1889;1183;37129;3704;3.2;0.3
34;2021-02-06;492;237;37621;3941;3.2;0.3
34;2021-02-07;31;107;37652;4048;3.2;0.3
34;2021-02-08;860;1065;38512;5113;3.3;0.4
34;2021-02-09;1032;1311;39544;6424;3.4;0.5
34;2021-02-10;1294;1506;40838;7930;3.5;0.7
34;2021-02-11;1791;2712;42629;10642;3.6;0.9
34;2021-02-12;1921;1647;44550;12289;3.8;1.0
34;2021-02-13;356;513;44906;12802;3.8;1.1
34;2021-02-14;21;286;44927;13088;3.8;1.1
34;2021-02-15;673;1211;45600;14299;3.9;1.2
34;2021-02-16;665;1532;46265;15831;3.9;1.3
34;2021-02-17;711;1526;46976;17357;4.0;1.5
34;2021-02-18;835;1493;47811;18850;4.1;1.6
34;2021-02-19;815;1229;48626;20079;4.1;1.7
34;2021-02-20;301;483;48927;20562;4.2;1.7
34;2021-02-21;64;18;48991;20580;4.2;1.7
34;2021-02-22;630;1304;49621;21884;4.2;1.9
34;2021-02-23;562;1480;50183;23364;4.3;2.0
34;2021-02-24;938;2339;51121;25703;4.3;2.2
34;2021-02-25;1606;2280;52727;27983;4.5;2.4
34;2021-02-26;1850;1628;54577;29611;4.6;2.5
34;2021-02-27;701;434;55278;30045;4.7;2.6
34;2021-02-28;86;64;55364;30109;4.7;2.6
34;2021-03-01;928;1163;56292;31272;4.8;2.7
34;2021-03-02;1588;1281;57880;32553;4.9;2.8
34;2021-03-03;1833;1412;59713;33965;5.1;2.9
34;2021-03-04;2864;1626;62577;35591;5.3;3.0
34;2021-03-05;3686;1543;66263;37134;5.6;3.2
34;2021-03-06;2643;205;68906;37339;5.9;3.2
34;2021-03-07;1243;78;70149;37417;6.0;3.2
34;2021-03-08;2780;1014;72929;38431;6.2;3.3
34;2021-03-09;4015;1453;76944;39884;6.5;3.4
34;2021-03-10;3992;1337;80936;41221;6.9;3.5
34;2021-03-11;5435;1304;86371;42525;7.3;3.6
34;2021-03-12;6493;926;92864;43451;7.9;3.7
34;2021-03-13;3136;179;96000;43630;8.2;3.7
34;2021-03-14;1002;54;97002;43684;8.2;3.7
34;2021-03-15;3301;566;100303;44250;8.5;3.8
34;2021-03-16;2913;664;103216;44914;8.8;3.8
34;2021-03-17;3303;735;106519;45649;9.1;3.9
34;2021-03-18;3447;917;109966;46566;9.3;4.0
34;2021-03-19;4690;793;114656;47359;9.7;4.0
34;2021-03-20;3145;61;117801;47420;10.0;4.0
34;2021-03-21;1993;60;119794;47480;10.2;4.0
34;2021-03-22;3682;467;123476;47947;10.5;4.1
34;2021-03-23;4961;540;128437;48487;10.9;4.1
34;2021-03-24;5217;648;133654;49135;11.4;4.2
34;2021-03-25;7197;720;140851;49855;12.0;4.2
34;2021-03-26;7169;573;148020;50428;12.6;4.3
34;2021-03-27;2372;82;150392;50510;12.8;4.3
34;2021-03-28;699;18;151091;50528;12.8;4.3
34;2021-03-29;4184;761;155275;51289;13.2;4.4
34;2021-03-30;5219;970;160494;52259;13.6;4.4
34;2021-03-31;5066;1199;165560;53458;14.1;4.5
34;2021-04-01;7033;1037;172593;54495;14.7;4.6
34;2021-04-02;5822;1186;178415;55681;15.2;4.7
34;2021-04-03;1138;87;179553;55768;15.3;4.7
34;2021-04-04;166;5;179719;55773;15.3;4.7
34;2021-04-05;432;26;180151;55799;15.3;4.7
34;2021-04-06;3134;2457;183285;58256;15.6;5.0
34;2021-04-07;3384;2644;186669;60900;15.9;5.2
34;2021-04-08;5251;2817;191920;63717;16.3;5.4
34;2021-04-09;8073;2492;199993;66209;17.0;5.6
34;2021-04-10;3166;1370;203159;67579;17.3;5.7
34;2021-04-11;1715;808;204874;68387;17.4;5.8
34;2021-04-12;4486;2525;209360;70912;17.8;6.0
34;2021-04-13;5238;3062;214598;73974;18.2;6.3
34;2021-04-14;5618;3234;220216;77208;18.7;6.6
34;2021-04-15;6996;3168;227212;80376;19.3;6.8
34;2021-04-16;6575;3166;233787;83542;19.9;7.1
34;2021-04-17;2375;2069;236162;85611;20.1;7.3
34;2021-04-18;988;1722;237150;87333;20.2;7.4
34;2021-04-19;3421;3126;240571;90459;20.5;7.7
34;2021-04-20;3764;3668;244335;94127;20.8;8.0
34;2021-04-21;4244;3727;248579;97854;21.1;8.3
34;2021-04-22;4485;4614;253064;102468;21.5;8.7
34;2021-04-23;5372;3531;258436;105999;22.0;9.0
34;2021-04-24;3164;1583;261600;107582;22.2;9.1
34;2021-04-25;1919;647;263519;108229;22.4;9.2
34;2021-04-26;4223;3479;267742;111708;22.8;9.5
34;2021-04-27;5127;4023;272869;115731;23.2;9.8
34;2021-04-28;5766;3551;278635;119282;23.7;10.1
34;2021-04-29;6419;3945;285054;123227;24.2;10.5
34;2021-04-30;7871;3298;292925;126525;24.9;10.8
34;2021-05-01;2403;501;295328;127026;25.1;10.8
34;2021-05-02;3260;324;298588;127350;25.4;10.8
34;2021-05-03;6574;2900;305162;130250;25.9;11.1
34;2021-05-04;7110;3803;312272;134053;26.6;11.4
34;2021-05-05;6499;4532;318771;138585;27.1;11.8
34;2021-05-06;6944;5214;325715;143799;27.7;12.2
34;2021-05-07;6927;5684;332642;149483;28.3;12.7
34;2021-05-08;3607;1169;336249;150652;28.6;12.8
34;2021-05-09;2178;1287;338427;151939;28.8;12.9
34;2021-05-10;5860;4809;344287;156748;29.3;13.3
34;2021-05-11;7414;5332;351701;162080;29.9;13.8
34;2021-05-12;7752;4465;359453;166545;30.6;14.2
34;2021-05-13;6121;780;365574;167325;31.1;14.2
34;2021-05-14;7488;3734;373062;171059;31.7;14.5
34;2021-05-15;4865;1691;377927;172750;32.1;14.7
34;2021-05-16;4952;459;382879;173209;32.6;14.7
34;2021-05-17;8692;1984;391571;175193;33.3;14.9
34;2021-05-18;9142;1971;400713;177164;34.1;15.1
34;2021-05-19;8629;1809;409342;178973;34.8;15.2
34;2021-05-20;8867;2508;418209;181481;35.6;15.4
34;2021-05-21;8785;3226;426994;184707;36.3;15.7
34;2021-05-22;5788;1153;432782;185860;36.8;15.8
34;2021-05-23;3883;548;436665;186408;37.1;15.8
34;2021-05-24;1897;853;438562;187261;37.3;15.9
34;2021-05-25;7140;3815;445702;191076;37.9;16.2
34;2021-05-26;8323;3034;454025;194110;38.6;16.5
34;2021-05-27;8317;4303;462342;198413;39.3;16.9
34;2021-05-28;8051;5448;470393;203861;40.0;17.3
34;2021-05-29;4008;3110;474401;206971;40.3;17.6
34;2021-05-30;1987;1391;476388;208362;40.5;17.7
34;2021-05-31;5879;5260;482267;213622;41.0;18.2
34;2021-06-01;6954;6118;489221;219740;41.6;18.7
34;2021-06-02;6134;5814;495355;225554;42.1;19.2
34;2021-06-03;7712;6495;503067;232049;42.8;19.7
34;2021-06-04;7657;7591;510724;239640;43.4;20.4
34;2021-06-05;4140;3676;514864;243316;43.8;20.7
34;2021-06-06;3270;1866;518134;245182;44.1;20.8
34;2021-06-07;4419;6766;522553;251948;44.4;21.4
34;2021-06-08;5860;6825;528413;258773;44.9;22.0
34;2021-06-09;5826;6837;534239;265610;45.4;22.6
34;2021-06-10;6319;6872;540558;272482;46.0;23.2
34;2021-06-11;5399;9278;545957;281760;46.4;24.0
34;2021-06-12;3169;4726;549126;286486;46.7;24.4
34;2021-06-13;1080;1908;550206;288394;46.8;24.5
34;2021-06-14;3446;7818;553652;296212;47.1;25.2
34;2021-06-15;3953;8795;557605;305007;47.4;25.9
34;2021-06-16;4613;7851;562218;312858;47.8;26.6
34;2021-06-17;4222;7957;566440;320815;48.2;27.3
34;2021-06-18;4346;9331;570786;330146;48.5;28.1
34;2021-06-19;2736;4405;573522;334551;48.8;28.4
34;2021-06-20;890;2873;574412;337424;48.8;28.7
34;2021-06-21;2176;8560;576588;345984;49.0;29.4
34;2021-06-22;2971;9411;579559;355395;49.3;30.2
34;2021-06-23;3521;8974;583080;364369;49.6;31.0
34;2021-06-24;3554;8682;586634;373051;49.9;31.7
34;2021-06-25;3369;10435;590003;383486;50.2;32.6
34;2021-06-26;1643;6189;591646;389675;50.3;33.1
34;2021-06-27;308;4271;591954;393946;50.3;33.5
34;2021-06-28;2265;9434;594219;403380;50.5;34.3
34;2021-06-29;2686;10298;596905;413678;50.8;35.2
34;2021-06-30;3353;9553;600258;423231;51.0;36.0
34;2021-07-01;3517;9440;603775;432671;51.3;36.8
34;2021-07-02;3402;9745;607177;442416;51.6;37.6
34;2021-07-03;1678;6160;608855;448576;51.8;38.1
34;2021-07-04;312;2763;609167;451339;51.8;38.4
34;2021-07-05;3222;7998;612389;459337;52.1;39.1
34;2021-07-06;3522;9182;615911;468519;52.4;39.8
34;2021-07-07;3250;8642;619161;477161;52.6;40.6
34;2021-07-08;4270;8861;623431;486022;53.0;41.3
34;2021-07-09;3989;9339;627420;495361;53.3;42.1
34;2021-07-10;2139;5719;629559;501080;53.5;42.6
34;2021-07-11;923;2578;630482;503658;53.6;42.8
34;2021-07-12;2875;8968;633357;512626;53.9;43.6
34;2021-07-13;4563;10040;637920;522666;54.2;44.4
34;2021-07-14;743;351;638663;523017;54.3;44.5
34;2021-07-15;5891;10385;644554;533402;54.8;45.4
34;2021-07-16;5762;10721;650316;544123;55.3;46.3
34;2021-07-17;4465;4408;654781;548531;55.7;46.6
34;2021-07-18;233;199;655014;548730;55.7;46.7
34;2021-07-19;5105;8321;660119;557051;56.1;47.4
34;2021-07-20;6885;8377;667004;565428;56.7;48.1
34;2021-07-21;7642;7801;674646;573229;57.4;48.7
34;2021-07-22;7420;8159;682066;581388;58.0;49.4
34;2021-07-23;7781;8142;689847;589530;58.7;50.1
34;2021-07-24;6008;3041;695855;592571;59.2;50.4
34;2021-07-25;3210;536;699065;593107;59.4;50.4
34;2021-07-26;6218;6426;705283;599533;60.0;51.0
34;2021-07-27;8379;6017;713662;605550;60.7;51.5
34;2021-07-28;9215;5881;722877;611431;61.5;52.0
34;2021-07-29;11274;6013;734151;617444;62.4;52.5
34;2021-07-30;9754;6499;743905;623943;63.2;53.0
34;2021-07-31;6402;2170;750307;626113;63.8;53.2
34;2021-08-01;3270;606;753577;626719;64.1;53.3
34;2021-08-02;7287;5028;760864;631747;64.7;53.7
34;2021-08-03;8071;5370;768935;637117;65.4;54.2
34;2021-08-04;8262;4536;777197;641653;66.1;54.6
34;2021-08-05;7062;4989;784259;646642;66.7;55.0
34;2021-08-06;5844;5201;790103;651843;67.2;55.4
34;2021-08-07;3073;2422;793176;654265;67.4;55.6
34;2021-08-08;196;204;793372;654469;67.5;55.6
34;2021-08-09;4719;6148;798091;660617;67.9;56.2
34;2021-08-10;5335;6459;803426;667076;68.3;56.7
34;2021-08-11;4806;6525;808232;673601;68.7;57.3
34;2021-08-12;4530;6182;812762;679783;69.1;57.8
34;2021-08-13;4054;5710;816816;685493;69.4;58.3
34;2021-08-14;1787;2878;818603;688371;69.6;58.5
34;2021-08-15;195;186;818798;688557;69.6;58.5
34;2021-08-16;2839;7533;821637;696090;69.9;59.2
34;2021-08-17;3517;8254;825154;704344;70.2;59.9
34;2021-08-18;3159;7536;828313;711880;70.4;60.5
34;2021-08-19;3228;7757;831541;719637;70.7;61.2
34;2021-08-20;2689;7691;834230;727328;70.9;61.8
34;2021-08-21;1358;3541;835588;730869;71.0;62.1
34;2021-08-22;150;300;835738;731169;71.1;62.2
35;2020-12-27;0;0;0;0;0.0;0.0
35;2020-12-28;0;0;0;0;0.0;0.0
35;2020-12-29;2;0;2;0;0.0;0.0
35;2020-12-30;0;0;2;0;0.0;0.0
35;2020-12-31;1;0;3;0;0.0;0.0
35;2021-01-01;3;0;6;0;0.0;0.0
35;2021-01-02;1;0;7;0;0.0;0.0
35;2021-01-03;0;0;7;0;0.0;0.0
35;2021-01-04;10;0;17;0;0.0;0.0
35;2021-01-05;110;0;127;0;0.0;0.0
35;2021-01-06;175;0;302;0;0.0;0.0
35;2021-01-07;440;1;742;1;0.1;0.0
35;2021-01-08;512;1;1254;2;0.1;0.0
35;2021-01-09;31;0;1285;2;0.1;0.0
35;2021-01-10;2;0;1287;2;0.1;0.0
35;2021-01-11;538;0;1825;2;0.2;0.0
35;2021-01-12;886;2;2711;4;0.3;0.0
35;2021-01-13;967;1;3678;5;0.3;0.0
35;2021-01-14;1262;19;4940;24;0.5;0.0
35;2021-01-15;728;2;5668;26;0.5;0.0
35;2021-01-16;188;2;5856;28;0.5;0.0
35;2021-01-17;43;0;5899;28;0.5;0.0
35;2021-01-18;1222;2;7121;30;0.7;0.0
35;2021-01-19;5406;14;12527;44;1.2;0.0
35;2021-01-20;3234;8;15761;52;1.5;0.0
35;2021-01-21;3635;5;19396;57;1.8;0.0
35;2021-01-22;2089;10;21485;67;2.0;0.0
35;2021-01-23;421;1;21906;68;2.0;0.0
35;2021-01-24;50;0;21956;68;2.0;0.0
35;2021-01-25;916;17;22872;85;2.1;0.0
35;2021-01-26;1129;140;24001;225;2.2;0.0
35;2021-01-27;1031;125;25032;350;2.3;0.0
35;2021-01-28;915;298;25947;648;2.4;0.1
35;2021-01-29;724;292;26671;940;2.5;0.1
35;2021-01-30;139;20;26810;960;2.5;0.1
35;2021-01-31;0;0;26810;960;2.5;0.1
35;2021-02-01;670;335;27480;1295;2.5;0.1
35;2021-02-02;726;486;28206;1781;2.6;0.2
35;2021-02-03;661;506;28867;2287;2.7;0.2
35;2021-02-04;589;656;29456;2943;2.7;0.3
35;2021-02-05;624;564;30080;3507;2.8;0.3
35;2021-02-06;171;5;30251;3512;2.8;0.3
35;2021-02-07;1;0;30252;3512;2.8;0.3
35;2021-02-08;446;657;30698;4169;2.8;0.4
35;2021-02-09;1715;3555;32413;7724;3.0;0.7
35;2021-02-10;1366;2726;33779;10450;3.1;1.0
35;2021-02-11;1946;3233;35725;13683;3.3;1.3
35;2021-02-12;1662;1737;37387;15420;3.5;1.4
35;2021-02-13;58;254;37445;15674;3.5;1.4
35;2021-02-14;7;68;37452;15742;3.5;1.5
35;2021-02-15;771;1101;38223;16843;3.5;1.6
35;2021-02-16;920;1023;39143;17866;3.6;1.7
35;2021-02-17;891;1092;40034;18958;3.7;1.8
35;2021-02-18;1014;999;41048;19957;3.8;1.8
35;2021-02-19;1011;969;42059;20926;3.9;1.9
35;2021-02-20;143;49;42202;20975;3.9;1.9
35;2021-02-21;5;0;42207;20975;3.9;1.9
35;2021-02-22;777;830;42984;21805;4.0;2.0
35;2021-02-23;1288;867;44272;22672;4.1;2.1
35;2021-02-24;1403;817;45675;23489;4.2;2.2
35;2021-02-25;2247;787;47922;24276;4.4;2.2
35;2021-02-26;2601;735;50523;25011;4.7;2.3
35;2021-02-27;869;103;51392;25114;4.7;2.3
35;2021-02-28;9;0;51401;25114;4.8;2.3
35;2021-03-01;960;694;52361;25808;4.8;2.4
35;2021-03-02;1634;1994;53995;27802;5.0;2.6
35;2021-03-03;1911;970;55906;28772;5.2;2.7
35;2021-03-04;2918;1415;58824;30187;5.4;2.8
35;2021-03-05;3713;1346;62537;31533;5.8;2.9
35;2021-03-06;1340;89;63877;31622;5.9;2.9
35;2021-03-07;1;40;63878;31662;5.9;2.9
35;2021-03-08;1471;584;65349;32246;6.0;3.0
35;2021-03-09;3233;607;68582;32853;6.3;3.0
35;2021-03-10;2904;563;71486;33416;6.6;3.1
35;2021-03-11;4198;718;75684;34134;7.0;3.2
35;2021-03-12;6047;602;81731;34736;7.6;3.2
35;2021-03-13;2426;133;84157;34869;7.8;3.2
35;2021-03-14;18;25;84175;34894;7.8;3.2
35;2021-03-15;1964;669;86139;35563;8.0;3.3
35;2021-03-16;2503;731;88642;36294;8.2;3.4
35;2021-03-17;2394;607;91036;36901;8.4;3.4
35;2021-03-18;2333;596;93369;37497;8.6;3.5
35;2021-03-19;3544;510;96913;38007;9.0;3.5
35;2021-03-20;1537;112;98450;38119;9.1;3.5
35;2021-03-21;38;1;98488;38120;9.1;3.5
35;2021-03-22;1750;842;100238;38962;9.3;3.6
35;2021-03-23;3625;1185;103863;40147;9.6;3.7
35;2021-03-24;3730;994;107593;41141;9.9;3.8
35;2021-03-25;5330;999;112923;42140;10.4;3.9
35;2021-03-26;5848;817;118771;42957;11.0;4.0
35;2021-03-27;1416;212;120187;43169;11.1;4.0
35;2021-03-28;4;0;120191;43169;11.1;4.0
35;2021-03-29;2780;909;122971;44078;11.4;4.1
35;2021-03-30;4290;1330;127261;45408;11.8;4.2
35;2021-03-31;3468;1339;130729;46747;12.1;4.3
35;2021-04-01;4250;1239;134979;47986;12.5;4.4
35;2021-04-02;4865;1209;139844;49195;12.9;4.5
35;2021-04-03;763;214;140607;49409;13.0;4.6
35;2021-04-04;5;0;140612;49409;13.0;4.6
35;2021-04-05;20;1;140632;49410;13.0;4.6
35;2021-04-06;3279;2036;143911;51446;13.3;4.8
35;2021-04-07;3963;1845;147874;53291;13.7;4.9
35;2021-04-08;5804;1592;153678;54883;14.2;5.1
35;2021-04-09;7426;1416;161104;56299;14.9;5.2
35;2021-04-10;1861;252;162965;56551;15.1;5.2
35;2021-04-11;35;23;163000;56574;15.1;5.2
35;2021-04-12;5136;1599;168136;58173;15.5;5.4
35;2021-04-13;7615;2785;175751;60958;16.2;5.6
35;2021-04-14;6316;2298;182067;63256;16.8;5.8
35;2021-04-15;7567;2176;189634;65432;17.5;6.0
35;2021-04-16;8080;1761;197714;67193;18.3;6.2
35;2021-04-17;1571;222;199285;67415;18.4;6.2
35;2021-04-18;10;4;199295;67419;18.4;6.2
35;2021-04-19;4818;1673;204113;69092;18.9;6.4
35;2021-04-20;5163;2640;209276;71732;19.3;6.6
35;2021-04-21;5129;2206;214405;73938;19.8;6.8
35;2021-04-22;6426;2326;220831;76264;20.4;7.0
35;2021-04-23;6822;2362;227653;78626;21.0;7.3
35;2021-04-24;1131;262;228784;78888;21.1;7.3
35;2021-04-25;8;16;228792;78904;21.1;7.3
35;2021-04-26;5102;2156;233894;81060;21.6;7.5
35;2021-04-27;6086;3207;239980;84267;22.2;7.8
35;2021-04-28;6173;2565;246153;86832;22.7;8.0
35;2021-04-29;7114;2758;253267;89590;23.4;8.3
35;2021-04-30;7561;2542;260828;92132;24.1;8.5
35;2021-05-01;618;239;261446;92371;24.2;8.5
35;2021-05-02;15;21;261461;92392;24.2;8.5
35;2021-05-03;5307;2332;266768;94724;24.7;8.8
35;2021-05-04;5074;5338;271842;100062;25.1;9.2
35;2021-05-05;4882;4448;276724;104510;25.6;9.7
35;2021-05-06;6173;5276;282897;109786;26.1;10.1
35;2021-05-07;5620;5257;288517;115043;26.7;10.6
35;2021-05-08;1720;135;290237;115178;26.8;10.6
35;2021-05-09;698;75;290935;115253;26.9;10.7
35;2021-05-10;3724;4959;294659;120212;27.2;11.1
35;2021-05-11;4778;5811;299437;126023;27.7;11.6
35;2021-05-12;5288;5499;304725;131522;28.2;12.2
35;2021-05-13;2700;1427;307425;132949;28.4;12.3
35;2021-05-14;5458;4286;312883;137235;28.9;12.7
35;2021-05-15;2930;717;315813;137952;29.2;12.7
35;2021-05-16;999;61;316812;138013;29.3;12.8
35;2021-05-17;4475;3885;321287;141898;29.7;13.1
35;2021-05-18;5837;4327;327124;146225;30.2;13.5
35;2021-05-19;5867;3632;332991;149857;30.8;13.8
35;2021-05-20;6447;4015;339438;153872;31.4;14.2
35;2021-05-21;6138;4769;345576;158641;31.9;14.7
35;2021-05-22;2116;739;347692;159380;32.1;14.7
35;2021-05-23;688;46;348380;159426;32.2;14.7
35;2021-05-24;3206;1298;351586;160724;32.5;14.9
35;2021-05-25;5543;4277;357129;165001;33.0;15.2
35;2021-05-26;5726;4168;362855;169169;33.5;15.6
35;2021-05-27;6526;4784;369381;173953;34.1;16.1
35;2021-05-28;6333;5580;375714;179533;34.7;16.6
35;2021-05-29;2875;1149;378589;180682;35.0;16.7
35;2021-05-30;877;39;379466;180721;35.1;16.7
35;2021-05-31;6310;4392;385776;185113;35.7;17.1
35;2021-06-01;7365;5122;393141;190235;36.3;17.6
35;2021-06-02;7223;3798;400364;194033;37.0;17.9
35;2021-06-03;8155;4996;408519;199029;37.8;18.4
35;2021-06-04;7276;7462;415795;206491;38.4;19.1
35;2021-06-05;4138;1583;419933;208074;38.8;19.2
35;2021-06-06;3055;147;422988;208221;39.1;19.2
35;2021-06-07;5781;5777;428769;213998;39.6;19.8
35;2021-06-08;7599;5955;436368;219953;40.3;20.3
35;2021-06-09;8462;4820;444830;224773;41.1;20.8
35;2021-06-10;9345;4750;454175;229523;42.0;21.2
35;2021-06-11;8637;7478;462812;237001;42.8;21.9
35;2021-06-12;4687;1208;467499;238209;43.2;22.0
35;2021-06-13;3386;225;470885;238434;43.5;22.0
35;2021-06-14;6233;6519;477118;244953;44.1;22.6
35;2021-06-15;7506;6965;484624;251918;44.8;23.3
35;2021-06-16;8318;5626;492942;257544;45.6;23.8
35;2021-06-17;8891;5904;501833;263448;46.4;24.3
35;2021-06-18;8718;8104;510551;271552;47.2;25.1
35;2021-06-19;1502;2510;512053;274062;47.3;25.3
35;2021-06-20;2955;883;515008;274945;47.6;25.4
35;2021-06-21;5934;6380;520942;281325;48.1;26.0
35;2021-06-22;6839;7498;527781;288823;48.8;26.7
35;2021-06-23;7254;6146;535035;294969;49.4;27.3
35;2021-06-24;8367;5925;543402;300894;50.2;27.8
35;2021-06-25;6630;8479;550032;309373;50.8;28.6
35;2021-06-26;1106;3075;551138;312448;50.9;28.9
35;2021-06-27;2637;1030;553775;313478;51.2;29.0
35;2021-06-28;4296;7760;558071;321238;51.6;29.7
35;2021-06-29;5091;7974;563162;329212;52.0;30.4
35;2021-06-30;5602;7895;568764;337107;52.6;31.2
35;2021-07-01;6577;7548;575341;344655;53.2;31.9
35;2021-07-02;5332;9860;580673;354515;53.7;32.8
35;2021-07-03;1081;2840;581754;357355;53.8;33.0
35;2021-07-04;2149;1554;583903;358909;54.0;33.2
35;2021-07-05;3733;8207;587636;367116;54.3;33.9
35;2021-07-06;4788;9472;592424;376588;54.7;34.8
35;2021-07-07;5050;8323;597474;384911;55.2;35.6
35;2021-07-08;5379;8487;602853;393398;55.7;36.4
35;2021-07-09;3904;11545;606757;404943;56.1;37.4
35;2021-07-10;890;3148;607647;408091;56.2;37.7
35;2021-07-11;1301;2357;608948;410448;56.3;37.9
35;2021-07-12;3112;9146;612060;419594;56.6;38.8
35;2021-07-13;3971;10752;616031;430346;56.9;39.8
35;2021-07-14;2149;4450;618180;434796;57.1;40.2
35;2021-07-15;4285;10183;622465;444979;57.5;41.1
35;2021-07-16;4794;11011;627259;455990;58.0;42.1
35;2021-07-17;1982;4068;629241;460058;58.2;42.5
35;2021-07-18;844;2569;630085;462627;58.2;42.8
35;2021-07-19;3241;8978;633326;471605;58.5;43.6
35;2021-07-20;4222;10594;637548;482199;58.9;44.6
35;2021-07-21;4333;9388;641881;491587;59.3;45.4
35;2021-07-22;4832;9664;646713;501251;59.8;46.3
35;2021-07-23;4544;11017;651257;512268;60.2;47.3
35;2021-07-24;1584;4268;652841;516536;60.3;47.7
35;2021-07-25;814;2846;653655;519382;60.4;48.0
35;2021-07-26;3872;8743;657527;528125;60.8;48.8
35;2021-07-27;5240;9659;662767;537784;61.2;49.7
35;2021-07-28;5291;8676;668058;546460;61.7;50.5
35;2021-07-29;6074;8341;674132;554801;62.3;51.3
35;2021-07-30;5866;9087;679998;563888;62.8;52.1
35;2021-07-31;2296;3658;682294;567546;63.1;52.4
35;2021-08-01;1518;2415;683812;569961;63.2;52.7
35;2021-08-02;4694;6956;688506;576917;63.6;53.3
35;2021-08-03;6649;7590;695155;584507;64.2;54.0
35;2021-08-04;6632;6592;701787;591099;64.9;54.6
35;2021-08-05;6608;6982;708395;598081;65.5;55.3
35;2021-08-06;5979;7307;714374;605388;66.0;55.9
35;2021-08-07;2094;3152;716468;608540;66.2;56.2
35;2021-08-08;1520;2252;717988;610792;66.4;56.4
35;2021-08-09;4582;5531;722570;616323;66.8;57.0
35;2021-08-10;6527;6361;729097;622684;67.4;57.5
35;2021-08-11;6430;5855;735527;628539;68.0;58.1
35;2021-08-12;6947;5570;742474;634109;68.6;58.6
35;2021-08-13;6580;5047;749054;639156;69.2;59.1
35;2021-08-14;3032;1978;752086;641134;69.5;59.3
35;2021-08-15;2464;1251;754550;642385;69.7;59.4
35;2021-08-16;4831;5279;759381;647664;70.2;59.9
35;2021-08-17;6337;6058;765718;653722;70.8;60.4
35;2021-08-18;6440;5613;772158;659335;71.4;60.9
35;2021-08-19;6240;5737;778398;665072;71.9;61.5
35;2021-08-20;5089;6327;783487;671399;72.4;62.0
35;2021-08-21;2362;2613;785849;674012;72.6;62.3
35;2021-08-22;1759;1779;787608;675791;72.8;62.5
36;2020-12-27;0;0;0;0;0.0;0.0
36;2020-12-28;0;0;0;0;0.0;0.0
36;2020-12-29;0;0;0;0;0.0;0.0
36;2020-12-30;0;0;0;0;0.0;0.0
36;2020-12-31;0;0;0;0;0.0;0.0
36;2021-01-01;0;0;0;0;0.0;0.0
36;2021-01-02;0;0;0;0;0.0;0.0
36;2021-01-03;0;0;0;0;0.0;0.0
36;2021-01-04;2;0;2;0;0.0;0.0
36;2021-01-05;0;0;2;0;0.0;0.0
36;2021-01-06;24;0;26;0;0.0;0.0
36;2021-01-07;51;0;77;0;0.0;0.0
36;2021-01-08;111;0;188;0;0.1;0.0
36;2021-01-09;83;0;271;0;0.1;0.0
36;2021-01-10;142;0;413;0;0.2;0.0
36;2021-01-11;239;1;652;1;0.3;0.0
36;2021-01-12;282;0;934;1;0.4;0.0
36;2021-01-13;198;1;1132;2;0.5;0.0
36;2021-01-14;505;4;1637;6;0.8;0.0
36;2021-01-15;179;1;1816;7;0.8;0.0
36;2021-01-16;24;1;1840;8;0.8;0.0
36;2021-01-17;19;2;1859;10;0.9;0.0
36;2021-01-18;613;4;2472;14;1.1;0.0
36;2021-01-19;1175;2;3647;16;1.7;0.0
36;2021-01-20;1102;3;4749;19;2.2;0.0
36;2021-01-21;721;0;5470;19;2.5;0.0
36;2021-01-22;857;2;6327;21;2.9;0.0
36;2021-01-23;295;0;6622;21;3.0;0.0
36;2021-01-24;185;1;6807;22;3.1;0.0
36;2021-01-25;640;4;7447;26;3.4;0.0
36;2021-01-26;610;1;8057;27;3.7;0.0
36;2021-01-27;848;19;8905;46;4.1;0.0
36;2021-01-28;477;44;9382;90;4.3;0.0
36;2021-01-29;573;97;9955;187;4.6;0.1
36;2021-01-30;288;72;10243;259;4.7;0.1
36;2021-01-31;115;135;10358;394;4.8;0.2
36;2021-02-01;378;100;10736;494;4.9;0.2
36;2021-02-02;410;174;11146;668;5.1;0.3
36;2021-02-03;473;265;11619;933;5.4;0.4
36;2021-02-04;275;275;11894;1208;5.5;0.6
36;2021-02-05;302;164;12196;1372;5.6;0.6
36;2021-02-06;1;0;12197;1372;5.6;0.6
36;2021-02-07;1;0;12198;1372;5.6;0.6
36;2021-02-08;280;259;12478;1631;5.7;0.8
36;2021-02-09;328;606;12806;2237;5.9;1.0
36;2021-02-10;490;655;13296;2892;6.1;1.3
36;2021-02-11;384;596;13680;3488;6.3;1.6
36;2021-02-12;303;461;13983;3949;6.4;1.8
36;2021-02-13;126;83;14109;4032;6.5;1.9
36;2021-02-14;22;44;14131;4076;6.5;1.9
36;2021-02-15;42;575;14173;4651;6.5;2.1
36;2021-02-16;107;418;14280;5069;6.6;2.3
36;2021-02-17;117;623;14397;5692;6.6;2.6
36;2021-02-18;161;616;14558;6308;6.7;2.9
36;2021-02-19;181;541;14739;6849;6.8;3.2
36;2021-02-20;86;239;14825;7088;6.8;3.3
36;2021-02-21;87;157;14912;7245;6.9;3.3
36;2021-02-22;162;508;15074;7753;6.9;3.6
36;2021-02-23;62;575;15136;8328;7.0;3.8
36;2021-02-24;112;681;15248;9009;7.0;4.1
36;2021-02-25;251;283;15499;9292;7.1;4.3
36;2021-02-26;339;471;15838;9763;7.3;4.5
36;2021-02-27;73;277;15911;10040;7.3;4.6
36;2021-02-28;13;97;15924;10137;7.3;4.7
36;2021-03-01;218;343;16142;10480;7.4;4.8
36;2021-03-02;352;365;16494;10845;7.6;5.0
36;2021-03-03;394;532;16888;11377;7.8;5.2
36;2021-03-04;662;356;17550;11733;8.1;5.4
36;2021-03-05;799;297;18349;12030;8.5;5.5
36;2021-03-06;410;17;18759;12047;8.6;5.5
36;2021-03-07;339;7;19098;12054;8.8;5.6
36;2021-03-08;251;315;19349;12369;8.9;5.7
36;2021-03-09;449;269;19798;12638;9.1;5.8
36;2021-03-10;724;410;20522;13048;9.5;6.0
36;2021-03-11;838;245;21360;13293;9.8;6.1
36;2021-03-12;1446;297;22806;13590;10.5;6.3
36;2021-03-13;575;129;23381;13719;10.8;6.3
36;2021-03-14;113;1;23494;13720;10.8;6.3
36;2021-03-15;648;158;24142;13878;11.1;6.4
36;2021-03-16;447;67;24589;13945;11.3;6.4
36;2021-03-17;765;91;25354;14036;11.7;6.5
36;2021-03-18;414;72;25768;14108;11.9;6.5
36;2021-03-19;738;40;26506;14148;12.2;6.5
36;2021-03-20;451;27;26957;14175;12.4;6.5
36;2021-03-21;0;0;26957;14175;12.4;6.5
36;2021-03-22;497;58;27454;14233;12.6;6.6
36;2021-03-23;777;57;28231;14290;13.0;6.6
36;2021-03-24;1089;76;29320;14366;13.5;6.6
36;2021-03-25;1337;88;30657;14454;14.1;6.7
36;2021-03-26;1419;158;32076;14612;14.8;6.7
36;2021-03-27;475;43;32551;14655;15.0;6.7
36;2021-03-28;68;57;32619;14712;15.0;6.8
36;2021-03-29;461;185;33080;14897;15.2;6.9
36;2021-03-30;582;264;33662;15161;15.5;7.0
36;2021-03-31;1263;171;34925;15332;16.1;7.1
36;2021-04-01;1085;431;36010;15763;16.6;7.3
36;2021-04-02;965;140;36975;15903;17.0;7.3
36;2021-04-03;282;183;37257;16086;17.2;7.4
36;2021-04-04;42;2;37299;16088;17.2;7.4
36;2021-04-05;15;46;37314;16134;17.2;7.4
36;2021-04-06;821;362;38135;16496;17.6;7.6
36;2021-04-07;1073;540;39208;17036;18.1;7.8
36;2021-04-08;1347;479;40555;17515;18.7;8.1
36;2021-04-09;1939;405;42494;17920;19.6;8.3
36;2021-04-10;591;243;43085;18163;19.8;8.4
36;2021-04-11;256;90;43341;18253;20.0;8.4
36;2021-04-12;848;561;44189;18814;20.4;8.7
36;2021-04-13;1140;517;45329;19331;20.9;8.9
36;2021-04-14;1582;863;46911;20194;21.6;9.3
36;2021-04-15;1654;471;48565;20665;22.4;9.5
36;2021-04-16;1488;466;50053;21131;23.1;9.7
36;2021-04-17;893;250;50946;21381;23.5;9.8
36;2021-04-18;383;7;51329;21388;23.6;9.8
36;2021-04-19;874;445;52203;21833;24.0;10.1
36;2021-04-20;1145;522;53348;22355;24.6;10.3
36;2021-04-21;1240;877;54588;23232;25.1;10.7
36;2021-04-22;1592;870;56180;24102;25.9;11.1
36;2021-04-23;1327;617;57507;24719;26.5;11.4
36;2021-04-24;678;380;58185;25099;26.8;11.6
36;2021-04-25;413;95;58598;25194;27.0;11.6
36;2021-04-26;1134;450;59732;25644;27.5;11.8
36;2021-04-27;1280;555;61012;26199;28.1;12.1
36;2021-04-28;1488;1062;62500;27261;28.8;12.6
36;2021-04-29;2016;709;64516;27970;29.7;12.9
36;2021-04-30;1553;457;66069;28427;30.4;13.1
36;2021-05-01;724;64;66793;28491;30.8;13.1
36;2021-05-02;498;63;67291;28554;31.0;13.2
36;2021-05-03;1292;314;68583;28868;31.6;13.3
36;2021-05-04;780;807;69363;29675;31.9;13.7
36;2021-05-05;1283;1306;70646;30981;32.5;14.3
36;2021-05-06;2138;795;72784;31776;33.5;14.6
36;2021-05-07;1469;768;74253;32544;34.2;15.0
36;2021-05-08;306;104;74559;32648;34.3;15.0
36;2021-05-09;175;343;74734;32991;34.4;15.2
36;2021-05-10;1216;816;75950;33807;35.0;15.6
36;2021-05-11;1725;1250;77675;35057;35.8;16.1
36;2021-05-12;1826;1485;79501;36542;36.6;16.8
36;2021-05-13;548;306;80049;36848;36.9;17.0
36;2021-05-14;701;1039;80750;37887;37.2;17.4
36;2021-05-15;635;591;81385;38478;37.5;17.7
36;2021-05-16;337;377;81722;38855;37.6;17.9
36;2021-05-17;615;943;82337;39798;37.9;18.3
36;2021-05-18;874;938;83211;40736;38.3;18.8
36;2021-05-19;1333;844;84544;41580;38.9;19.1
36;2021-05-20;1612;1210;86156;42790;39.7;19.7
36;2021-05-21;1107;1069;87263;43859;40.2;20.2
36;2021-05-22;678;342;87941;44201;40.5;20.4
36;2021-05-23;428;296;88369;44497;40.7;20.5
36;2021-05-24;505;469;88874;44966;40.9;20.7
36;2021-05-25;1045;685;89919;45651;41.4;21.0
36;2021-05-26;1473;1166;91392;46817;42.1;21.6
36;2021-05-27;1397;977;92789;47794;42.7;22.0
36;2021-05-28;921;1482;93710;49276;43.2;22.7
36;2021-05-29;700;507;94410;49783;43.5;22.9
36;2021-05-30;111;573;94521;50356;43.5;23.2
36;2021-05-31;1137;763;95658;51119;44.1;23.5
36;2021-06-01;1412;827;97070;51946;44.7;23.9
36;2021-06-02;2061;613;99131;52559;45.7;24.2
36;2021-06-03;1902;1199;101033;53758;46.5;24.8
36;2021-06-04;1774;1046;102807;54804;47.3;25.2
36;2021-06-05;692;658;103499;55462;47.7;25.5
36;2021-06-06;336;273;103835;55735;47.8;25.7
36;2021-06-07;983;808;104818;56543;48.3;26.0
36;2021-06-08;959;981;105777;57524;48.7;26.5
36;2021-06-09;1674;1070;107451;58594;49.5;27.0
36;2021-06-10;1532;1379;108983;59973;50.2;27.6
36;2021-06-11;1289;1500;110272;61473;50.8;28.3
36;2021-06-12;920;783;111192;62256;51.2;28.7
36;2021-06-13;343;269;111535;62525;51.4;28.8
36;2021-06-14;606;1269;112141;63794;51.6;29.4
36;2021-06-15;734;1215;112875;65009;52.0;29.9
36;2021-06-16;902;1519;113777;66528;52.4;30.6
36;2021-06-17;750;1905;114527;68433;52.7;31.5
36;2021-06-18;706;1881;115233;70314;53.1;32.4
36;2021-06-19;295;395;115528;70709;53.2;32.6
36;2021-06-20;235;327;115763;71036;53.3;32.7
36;2021-06-21;686;1449;116449;72485;53.6;33.4
36;2021-06-22;840;1551;117289;74036;54.0;34.1
36;2021-06-23;773;1792;118062;75828;54.4;34.9
36;2021-06-24;855;1525;118917;77353;54.8;35.6
36;2021-06-25;942;1222;119859;78575;55.2;36.2
36;2021-06-26;325;602;120184;79177;55.3;36.5
36;2021-06-27;105;267;120289;79444;55.4;36.6
36;2021-06-28;697;925;120986;80369;55.7;37.0
36;2021-06-29;688;1459;121674;81828;56.0;37.7
36;2021-06-30;837;2150;122511;83978;56.4;38.7
36;2021-07-01;351;1081;122862;85059;56.6;39.2
36;2021-07-02;746;1846;123608;86905;56.9;40.0
36;2021-07-03;466;885;124074;87790;57.1;40.4
36;2021-07-04;185;325;124259;88115;57.2;40.6
36;2021-07-05;495;1335;124754;89450;57.5;41.2
36;2021-07-06;491;1221;125245;90671;57.7;41.8
36;2021-07-07;586;1793;125831;92464;57.9;42.6
36;2021-07-08;548;1706;126379;94170;58.2;43.4
36;2021-07-09;786;1655;127165;95825;58.6;44.1
36;2021-07-10;470;1119;127635;96944;58.8;44.6
36;2021-07-11;257;154;127892;97098;58.9;44.7
36;2021-07-12;332;1628;128224;98726;59.1;45.5
36;2021-07-13;311;1936;128535;100662;59.2;46.4
36;2021-07-14;376;763;128911;101425;59.4;46.7
36;2021-07-15;915;2166;129826;103591;59.8;47.7
36;2021-07-16;627;1874;130453;105465;60.1;48.6
36;2021-07-17;399;859;130852;106324;60.3;49.0
36;2021-07-18;198;408;131050;106732;60.4;49.2
36;2021-07-19;551;1458;131601;108190;60.6;49.8
36;2021-07-20;776;1410;132377;109600;61.0;50.5
36;2021-07-21;710;1984;133087;111584;61.3;51.4
36;2021-07-22;1139;1686;134226;113270;61.8;52.2
36;2021-07-23;968;1746;135194;115016;62.3;53.0
36;2021-07-24;607;804;135801;115820;62.5;53.3
36;2021-07-25;148;404;135949;116224;62.6;53.5
36;2021-07-26;949;1085;136898;117309;63.0;54.0
36;2021-07-27;810;1354;137708;118663;63.4;54.6
36;2021-07-28;1384;1398;139092;120061;64.1;55.3
36;2021-07-29;1706;1313;140798;121374;64.8;55.9
36;2021-07-30;1444;1324;142242;122698;65.5;56.5
36;2021-07-31;931;535;143173;123233;65.9;56.8
36;2021-08-01;207;240;143380;123473;66.0;56.9
36;2021-08-02;1112;891;144492;124364;66.5;57.3
36;2021-08-03;1271;993;145763;125357;67.1;57.7
36;2021-08-04;1689;938;147452;126295;67.9;58.2
36;2021-08-05;1815;905;149267;127200;68.7;58.6
36;2021-08-06;1411;871;150678;128071;69.4;59.0
36;2021-08-07;538;523;151216;128594;69.6;59.2
36;2021-08-08;292;154;151508;128748;69.8;59.3
36;2021-08-09;817;844;152325;129592;70.2;59.7
36;2021-08-10;1064;1013;153389;130605;70.6;60.1
36;2021-08-11;1346;856;154735;131461;71.3;60.5
36;2021-08-12;1153;852;155888;132313;71.8;60.9
36;2021-08-13;1180;777;157068;133090;72.3;61.3
36;2021-08-14;424;836;157492;133926;72.5;61.7
36;2021-08-15;363;113;157855;134039;72.7;61.7
36;2021-08-16;605;955;158460;134994;73.0;62.2
36;2021-08-17;766;1001;159226;135995;73.3;62.6
36;2021-08-18;1035;1162;160261;137157;73.8;63.2
36;2021-08-19;760;1176;161021;138333;74.2;63.7
36;2021-08-20;448;1471;161469;139804;74.4;64.4
36;2021-08-21;304;461;161773;140265;74.5;64.6
36;2021-08-22;27;64;161800;140329;74.5;64.6
37;2020-12-27;0;0;0;0;0.0;0.0
37;2020-12-28;17;0;17;0;0.0;0.0
37;2020-12-29;10;0;27;0;0.0;0.0
37;2020-12-30;0;0;27;0;0.0;0.0
37;2020-12-31;0;0;27;0;0.0;0.0
37;2021-01-01;0;0;27;0;0.0;0.0
37;2021-01-02;0;0;27;0;0.0;0.0
37;2021-01-03;0;0;27;0;0.0;0.0
37;2021-01-04;21;0;48;0;0.0;0.0
37;2021-01-05;47;0;95;0;0.0;0.0
37;2021-01-06;79;0;174;0;0.0;0.0
37;2021-01-07;115;0;289;0;0.0;0.0
37;2021-01-08;442;1;731;1;0.1;0.0
37;2021-01-09;79;0;810;1;0.1;0.0
37;2021-01-10;83;0;893;1;0.1;0.0
37;2021-01-11;280;0;1173;1;0.2;0.0
37;2021-01-12;659;4;1832;5;0.3;0.0
37;2021-01-13;560;1;2392;6;0.4;0.0
37;2021-01-14;522;3;2914;9;0.5;0.0
37;2021-01-15;628;1;3542;10;0.6;0.0
37;2021-01-16;304;2;3846;12;0.6;0.0
37;2021-01-17;262;1;4108;13;0.7;0.0
37;2021-01-18;734;8;4842;21;0.8;0.0
37;2021-01-19;1244;10;6086;31;1.0;0.0
37;2021-01-20;1038;3;7124;34;1.2;0.0
37;2021-01-21;856;1;7980;35;1.3;0.0
37;2021-01-22;767;2;8747;37;1.4;0.0
37;2021-01-23;173;0;8920;37;1.5;0.0
37;2021-01-24;0;0;8920;37;1.5;0.0
37;2021-01-25;538;13;9458;50;1.6;0.0
37;2021-01-26;1814;65;11272;115;1.9;0.0
37;2021-01-27;1523;76;12795;191;2.1;0.0
37;2021-01-28;1530;95;14325;286;2.4;0.0
37;2021-01-29;633;309;14958;595;2.5;0.1
37;2021-01-30;202;62;15160;657;2.5;0.1
37;2021-01-31;15;64;15175;721;2.5;0.1
37;2021-02-01;332;198;15507;919;2.6;0.2
37;2021-02-02;523;527;16030;1446;2.6;0.2
37;2021-02-03;660;351;16690;1797;2.8;0.3
37;2021-02-04;546;409;17236;2206;2.8;0.4
37;2021-02-05;465;443;17701;2649;2.9;0.4
37;2021-02-06;189;2;17890;2651;3.0;0.4
37;2021-02-07;20;1;17910;2652;3.0;0.4
37;2021-02-08;331;322;18241;2974;3.0;0.5
37;2021-02-09;625;710;18866;3684;3.1;0.6
37;2021-02-10;662;510;19528;4194;3.2;0.7
37;2021-02-11;612;562;20140;4756;3.3;0.8
37;2021-02-12;489;554;20629;5310;3.4;0.9
37;2021-02-13;155;206;20784;5516;3.4;0.9
37;2021-02-14;1;71;20785;5587;3.4;0.9
37;2021-02-15;425;479;21210;6066;3.5;1.0
37;2021-02-16;841;1448;22051;7514;3.6;1.2
37;2021-02-17;635;1371;22686;8885;3.7;1.5
37;2021-02-18;910;1414;23596;10299;3.9;1.7
37;2021-02-19;795;839;24391;11138;4.0;1.8
37;2021-02-20;245;210;24636;11348;4.1;1.9
37;2021-02-21;5;1;24641;11349;4.1;1.9
37;2021-02-22;336;580;24977;11929;4.1;2.0
37;2021-02-23;605;632;25582;12561;4.2;2.1
37;2021-02-24;572;620;26154;13181;4.3;2.2
37;2021-02-25;875;614;27029;13795;4.5;2.3
37;2021-02-26;1115;581;28144;14376;4.6;2.4
37;2021-02-27;584;189;28728;14565;4.7;2.4
37;2021-02-28;23;0;28751;14565;4.7;2.4
37;2021-03-01;603;361;29354;14926;4.8;2.5
37;2021-03-02;1090;546;30444;15472;5.0;2.6
37;2021-03-03;971;548;31415;16020;5.2;2.6
37;2021-03-04;1605;479;33020;16499;5.5;2.7
37;2021-03-05;2129;561;35149;17060;5.8;2.8
37;2021-03-06;1165;213;36314;17273;6.0;2.9
37;2021-03-07;472;66;36786;17339;6.1;2.9
37;2021-03-08;666;400;37452;17739;6.2;2.9
37;2021-03-09;1652;702;39104;18441;6.5;3.0
37;2021-03-10;1607;748;40711;19189;6.7;3.2
37;2021-03-11;2048;698;42759;19887;7.1;3.3
37;2021-03-12;3207;475;45966;20362;7.6;3.4
37;2021-03-13;1948;192;47914;20554;7.9;3.4
37;2021-03-14;206;4;48120;20558;7.9;3.4
37;2021-03-15;1069;250;49189;20808;8.1;3.4
37;2021-03-16;1048;530;50237;21338;8.3;3.5
37;2021-03-17;934;280;51171;21618;8.5;3.6
37;2021-03-18;1033;524;52204;22142;8.6;3.7
37;2021-03-19;2218;338;54422;22480;9.0;3.7
37;2021-03-20;1332;141;55754;22621;9.2;3.7
37;2021-03-21;204;4;55958;22625;9.2;3.7
37;2021-03-22;1287;242;57245;22867;9.5;3.8
37;2021-03-23;2256;569;59501;23436;9.8;3.9
37;2021-03-24;2246;463;61747;23899;10.2;3.9
37;2021-03-25;2981;444;64728;24343;10.7;4.0
37;2021-03-26;3524;409;68252;24752;11.3;4.1
37;2021-03-27;1175;127;69427;24879;11.5;4.1
37;2021-03-28;139;1;69566;24880;11.5;4.1
37;2021-03-29;1604;347;71170;25227;11.8;4.2
37;2021-03-30;2524;622;73694;25849;12.2;4.3
37;2021-03-31;2046;484;75740;26333;12.5;4.3
37;2021-04-01;2600;968;78340;27301;12.9;4.5
37;2021-04-02;2812;668;81152;27969;13.4;4.6
37;2021-04-03;817;223;81969;28192;13.5;4.7
37;2021-04-04;104;1;82073;28193;13.6;4.7
37;2021-04-05;3;0;82076;28193;13.6;4.7
37;2021-04-06;2239;778;84315;28971;13.9;4.8
37;2021-04-07;3171;863;87486;29834;14.5;4.9
37;2021-04-08;4042;967;91528;30801;15.1;5.1
37;2021-04-09;4543;946;96071;31747;15.9;5.2
37;2021-04-10;1328;433;97399;32180;16.1;5.3
37;2021-04-11;104;1;97503;32181;16.1;5.3
37;2021-04-12;2642;675;100145;32856;16.5;5.4
37;2021-04-13;4112;1159;104257;34015;17.2;5.6
37;2021-04-14;3044;895;107301;34910;17.7;5.8
37;2021-04-15;3758;1019;111059;35929;18.3;5.9
37;2021-04-16;4359;1224;115418;37153;19.1;6.1
37;2021-04-17;1147;222;116565;37375;19.3;6.2
37;2021-04-18;97;3;116662;37378;19.3;6.2
37;2021-04-19;2482;849;119144;38227;19.7;6.3
37;2021-04-20;3234;1337;122378;39564;20.2;6.5
37;2021-04-21;2930;1157;125308;40721;20.7;6.7
37;2021-04-22;3456;1401;128764;42122;21.3;7.0
37;2021-04-23;3691;1812;132455;43934;21.9;7.3
37;2021-04-24;1007;387;133462;44321;22.0;7.3
37;2021-04-25;45;2;133507;44323;22.1;7.3
37;2021-04-26;2969;1346;136476;45669;22.5;7.5
37;2021-04-27;4184;1817;140660;47486;23.2;7.8
37;2021-04-28;3462;1946;144122;49432;23.8;8.2
37;2021-04-29;4583;2021;148705;51453;24.6;8.5
37;2021-04-30;5056;1989;153761;53442;25.4;8.8
37;2021-05-01;637;212;154398;53654;25.5;8.9
37;2021-05-02;104;15;154502;53669;25.5;8.9
37;2021-05-03;2670;1955;157172;55624;26.0;9.2
37;2021-05-04;3732;2721;160904;58345;26.6;9.6
37;2021-05-05;3499;2087;164403;60432;27.2;10.0
37;2021-05-06;4994;1944;169397;62376;28.0;10.3
37;2021-05-07;4686;2884;174083;65260;28.8;10.8
37;2021-05-08;538;312;174621;65572;28.8;10.8
37;2021-05-09;63;41;174684;65613;28.9;10.8
37;2021-05-10;2160;3487;176844;69100;29.2;11.4
37;2021-05-11;3866;3882;180710;72982;29.9;12.1
37;2021-05-12;4039;2548;184749;75530;30.5;12.5
37;2021-05-13;1137;515;185886;76045;30.7;12.6
37;2021-05-14;4045;2683;189931;78728;31.4;13.0
37;2021-05-15;2323;744;192254;79472;31.8;13.1
37;2021-05-16;22;71;192276;79543;31.8;13.1
37;2021-05-17;2764;2054;195040;81597;32.2;13.5
37;2021-05-18;3874;2362;198914;83959;32.9;13.9
37;2021-05-19;3494;1806;202408;85765;33.4;14.2
37;2021-05-20;4752;1777;207160;87542;34.2;14.5
37;2021-05-21;4526;2572;211686;90114;35.0;14.9
37;2021-05-22;1077;751;212763;90865;35.1;15.0
37;2021-05-23;73;89;212836;90954;35.2;15.0
37;2021-05-24;513;106;213349;91060;35.2;15.0
37;2021-05-25;5124;2178;218473;93238;36.1;15.4
37;2021-05-26;4929;2099;223402;95337;36.9;15.7
37;2021-05-27;5986;2370;229388;97707;37.9;16.1
37;2021-05-28;6023;3266;235411;100973;38.9;16.7
37;2021-05-29;1521;1167;236932;102140;39.1;16.9
37;2021-05-30;55;160;236987;102300;39.1;16.9
37;2021-05-31;3647;2529;240634;104829;39.7;17.3
37;2021-06-01;5846;3622;246480;108451;40.7;17.9
37;2021-06-02;5078;2456;251558;110907;41.6;18.3
37;2021-06-03;6087;2881;257645;113788;42.6;18.8
37;2021-06-04;5511;4205;263156;117993;43.5;19.5
37;2021-06-05;1855;1305;265011;119298;43.8;19.7
37;2021-06-06;49;197;265060;119495;43.8;19.7
37;2021-06-07;3022;4166;268082;123661;44.3;20.4
37;2021-06-08;4200;4656;272282;128317;45.0;21.2
37;2021-06-09;3883;3570;276165;131887;45.6;21.8
37;2021-06-10;5268;3621;281433;135508;46.5;22.4
37;2021-06-11;4977;4839;286410;140347;47.3;23.2
37;2021-06-12;3553;1349;289963;141696;47.9;23.4
37;2021-06-13;15;164;289978;141860;47.9;23.4
37;2021-06-14;2667;4039;292645;145899;48.3;24.1
37;2021-06-15;3900;4781;296545;150680;49.0;24.9
37;2021-06-16;3257;3603;299802;154283;49.5;25.5
37;2021-06-17;4010;4495;303812;158778;50.2;26.2
37;2021-06-18;4705;5069;308517;163847;51.0;27.1
37;2021-06-19;2520;1102;311037;164949;51.4;27.2
37;2021-06-20;9;183;311046;165132;51.4;27.3
37;2021-06-21;2419;3826;313465;168958;51.8;27.9
37;2021-06-22;2969;5008;316434;173966;52.3;28.7
37;2021-06-23;2628;3647;319062;177613;52.7;29.3
37;2021-06-24;2864;3546;321926;181159;53.2;29.9
37;2021-06-25;3309;4883;325235;186042;53.7;30.7
37;2021-06-26;1240;3086;326475;189128;53.9;31.2
37;2021-06-27;23;142;326498;189270;53.9;31.3
37;2021-06-28;1702;4511;328200;193781;54.2;32.0
37;2021-06-29;1903;6223;330103;200004;54.5;33.0
37;2021-06-30;1871;4441;331974;204445;54.8;33.8
37;2021-07-01;2127;4792;334101;209237;55.2;34.6
37;2021-07-02;2679;5594;336780;214831;55.6;35.5
37;2021-07-03;945;2138;337725;216969;55.8;35.8
37;2021-07-04;4;104;337729;217073;55.8;35.9
37;2021-07-05;1706;5143;339435;222216;56.1;36.7
37;2021-07-06;2003;6762;341438;228978;56.4;37.8
37;2021-07-07;1945;5460;343383;234438;56.7;38.7
37;2021-07-08;2462;6662;345845;241100;57.1;39.8
37;2021-07-09;1985;7638;347830;248738;57.5;41.1
37;2021-07-10;1013;2615;348843;251353;57.6;41.5
37;2021-07-11;26;96;348869;251449;57.6;41.5
37;2021-07-12;1132;5987;350001;257436;57.8;42.5
37;2021-07-13;1615;7823;351616;265259;58.1;43.8
37;2021-07-14;524;406;352140;265665;58.2;43.9
37;2021-07-15;2623;7499;354763;273164;58.6;45.1
37;2021-07-16;2757;7802;357520;280966;59.1;46.4
37;2021-07-17;1202;2446;358722;283412;59.3;46.8
37;2021-07-18;50;53;358772;283465;59.3;46.8
37;2021-07-19;1647;6130;360419;289595;59.5;47.8
37;2021-07-20;2908;7069;363327;296664;60.0;49.0
37;2021-07-21;2982;5785;366309;302449;60.5;50.0
37;2021-07-22;4052;6537;370361;308986;61.2;51.0
37;2021-07-23;3806;7105;374167;316091;61.8;52.2
37;2021-07-24;1774;3308;375941;319399;62.1;52.8
37;2021-07-25;65;77;376006;319476;62.1;52.8
37;2021-07-26;3238;4321;379244;323797;62.6;53.5
37;2021-07-27;4425;4958;383669;328755;63.4;54.3
37;2021-07-28;4129;3661;387798;332416;64.1;54.9
37;2021-07-29;5078;4191;392876;336607;64.9;55.6
37;2021-07-30;5229;4927;398105;341534;65.8;56.4
37;2021-07-31;1915;1844;400020;343378;66.1;56.7
37;2021-08-01;31;52;400051;343430;66.1;56.7
37;2021-08-02;3278;3284;403329;346714;66.6;57.3
37;2021-08-03;5251;3138;408580;349852;67.5;57.8
37;2021-08-04;4539;1924;413119;351776;68.2;58.1
37;2021-08-05;4770;2597;417889;354373;69.0;58.5
37;2021-08-06;4829;3302;422718;357675;69.8;59.1
37;2021-08-07;1623;1118;424341;358793;70.1;59.3
37;2021-08-08;33;174;424374;358967;70.1;59.3
37;2021-08-09;2420;2252;426794;361219;70.5;59.7
37;2021-08-10;3021;2633;429815;363852;71.0;60.1
37;2021-08-11;2094;2103;431909;365955;71.3;60.5
37;2021-08-12;2611;2682;434520;368637;71.8;60.9
37;2021-08-13;2452;2765;436972;371402;72.2;61.4
37;2021-08-14;751;811;437723;372213;72.3;61.5
37;2021-08-15;12;57;437735;372270;72.3;61.5
37;2021-08-16;1455;3155;439190;375425;72.5;62.0
37;2021-08-17;1786;3969;440976;379394;72.8;62.7
37;2021-08-18;1389;3135;442365;382529;73.1;63.2
37;2021-08-19;1587;3835;443952;386364;73.3;63.8
37;2021-08-20;1542;4528;445494;390892;73.6;64.6
37;2021-08-21;607;1199;446101;392091;73.7;64.8
37;2021-08-22;3;31;446104;392122;73.7;64.8
38;2020-12-27;1;0;1;0;0.0;0.0
38;2020-12-28;1;0;2;0;0.0;0.0
38;2020-12-29;0;0;2;0;0.0;0.0
38;2020-12-30;2;0;4;0;0.0;0.0
38;2020-12-31;5;0;9;0;0.0;0.0
38;2021-01-01;2;0;11;0;0.0;0.0
38;2021-01-02;1;0;12;0;0.0;0.0
38;2021-01-03;2;0;14;0;0.0;0.0
38;2021-01-04;162;0;176;0;0.0;0.0
38;2021-01-05;258;1;434;1;0.0;0.0
38;2021-01-06;364;0;798;1;0.1;0.0
38;2021-01-07;636;1;1434;2;0.1;0.0
38;2021-01-08;695;0;2129;2;0.2;0.0
38;2021-01-09;30;0;2159;2;0.2;0.0
38;2021-01-10;1;0;2160;2;0.2;0.0
38;2021-01-11;801;2;2961;4;0.2;0.0
38;2021-01-12;1470;4;4431;8;0.4;0.0
38;2021-01-13;1083;5;5514;13;0.4;0.0
38;2021-01-14;1681;15;7195;28;0.6;0.0
38;2021-01-15;1674;7;8869;35;0.7;0.0
38;2021-01-16;307;2;9176;37;0.7;0.0
38;2021-01-17;3;0;9179;37;0.7;0.0
38;2021-01-18;1177;4;10356;41;0.8;0.0
38;2021-01-19;2238;6;12594;47;1.0;0.0
38;2021-01-20;1882;4;14476;51;1.1;0.0
38;2021-01-21;1637;6;16113;57;1.3;0.0
38;2021-01-22;1400;9;17513;66;1.4;0.0
38;2021-01-23;379;3;17892;69;1.4;0.0
38;2021-01-24;1;0;17893;69;1.4;0.0
38;2021-01-25;790;107;18683;176;1.5;0.0
38;2021-01-26;855;182;19538;358;1.5;0.0
38;2021-01-27;1090;278;20628;636;1.6;0.1
38;2021-01-28;1172;476;21800;1112;1.7;0.1
38;2021-01-29;952;378;22752;1490;1.8;0.1
38;2021-01-30;304;0;23056;1490;1.8;0.1
38;2021-01-31;0;0;23056;1490;1.8;0.1
38;2021-02-01;701;599;23757;2089;1.9;0.2
38;2021-02-02;966;962;24723;3051;2.0;0.2
38;2021-02-03;1229;695;25952;3746;2.1;0.3
38;2021-02-04;1278;971;27230;4717;2.2;0.4
38;2021-02-05;1400;844;28630;5561;2.3;0.4
38;2021-02-06;187;95;28817;5656;2.3;0.4
38;2021-02-07;3;48;28820;5704;2.3;0.5
38;2021-02-08;861;792;29681;6496;2.3;0.5
38;2021-02-09;1538;1311;31219;7807;2.5;0.6
38;2021-02-10;1580;1285;32799;9092;2.6;0.7
38;2021-02-11;1870;1160;34669;10252;2.7;0.8
38;2021-02-12;1509;1124;36178;11376;2.9;0.9
38;2021-02-13;466;189;36644;11565;2.9;0.9
38;2021-02-14;1;7;36645;11572;2.9;0.9
38;2021-02-15;977;943;37622;12515;3.0;1.0
38;2021-02-16;1378;974;39000;13489;3.1;1.1
38;2021-02-17;1373;1065;40373;14554;3.2;1.2
38;2021-02-18;1789;1066;42162;15620;3.3;1.2
38;2021-02-19;1256;868;43418;16488;3.4;1.3
38;2021-02-20;469;311;43887;16799;3.5;1.3
38;2021-02-21;0;0;43887;16799;3.5;1.3
38;2021-02-22;1073;901;44960;17700;3.6;1.4
38;2021-02-23;1540;950;46500;18650;3.7;1.5
38;2021-02-24;1731;1132;48231;19782;3.8;1.6
38;2021-02-25;2497;1052;50728;20834;4.0;1.6
38;2021-02-26;3309;979;54037;21813;4.3;1.7
38;2021-02-27;1510;435;55547;22248;4.4;1.8
38;2021-02-28;33;2;55580;22250;4.4;1.8
38;2021-03-01;2508;782;58088;23032;4.6;1.8
38;2021-03-02;4047;1057;62135;24089;4.9;1.9
38;2021-03-03;3368;1242;65503;25331;5.2;2.0
38;2021-03-04;4485;1387;69988;26718;5.5;2.1
38;2021-03-05;5230;1202;75218;27920;5.9;2.2
38;2021-03-06;3042;271;78260;28191;6.2;2.2
38;2021-03-07;115;2;78375;28193;6.2;2.2
38;2021-03-08;2440;905;80815;29098;6.4;2.3
38;2021-03-09;4025;1307;84840;30405;6.7;2.4
38;2021-03-10;3503;1087;88343;31492;7.0;2.5
38;2021-03-11;5140;1517;93483;33009;7.4;2.6
38;2021-03-12;7091;1166;100574;34175;8.0;2.7
38;2021-03-13;3770;217;104344;34392;8.2;2.7
38;2021-03-14;544;14;104888;34406;8.3;2.7
38;2021-03-15;2700;1011;107588;35417;8.5;2.8
38;2021-03-16;2082;1360;109670;36777;8.7;2.9
38;2021-03-17;2027;1209;111697;37986;8.8;3.0
38;2021-03-18;2642;1362;114339;39348;9.0;3.1
38;2021-03-19;4010;1063;118349;40411;9.4;3.2
38;2021-03-20;1823;246;120172;40657;9.5;3.2
38;2021-03-21;130;8;120302;40665;9.5;3.2
38;2021-03-22;2867;1002;123169;41667;9.7;3.3
38;2021-03-23;4781;1487;127950;43154;10.1;3.4
38;2021-03-24;3711;1580;131661;44734;10.4;3.5
38;2021-03-25;5790;1536;137451;46270;10.9;3.7
38;2021-03-26;6600;1737;144051;48007;11.4;3.8
38;2021-03-27;2512;761;146563;48768;11.6;3.9
38;2021-03-28;926;45;147489;48813;11.7;3.9
38;2021-03-29;2678;1846;150167;50659;11.9;4.0
38;2021-03-30;4566;2537;154733;53196;12.2;4.2
38;2021-03-31;3662;2223;158395;55419;12.5;4.4
38;2021-04-01;5131;2516;163526;57935;12.9;4.6
38;2021-04-02;3872;2527;167398;60462;13.2;4.8
38;2021-04-03;1418;941;168816;61403;13.3;4.9
38;2021-04-04;430;45;169246;61448;13.4;4.9
38;2021-04-05;2174;345;171420;61793;13.6;4.9
38;2021-04-06;4346;2395;175766;64188;13.9;5.1
38;2021-04-07;4416;2736;180182;66924;14.2;5.3
38;2021-04-08;5649;2663;185831;69587;14.7;5.5
38;2021-04-09;8559;2729;194390;72316;15.4;5.7
38;2021-04-10;3600;1477;197990;73793;15.7;5.8
38;2021-04-11;1048;100;199038;73893;15.7;5.8
38;2021-04-12;4196;2253;203234;76146;16.1;6.0
38;2021-04-13;6122;2469;209356;78615;16.6;6.2
38;2021-04-14;5119;2460;214475;81075;17.0;6.4
38;2021-04-15;6363;2763;220838;83838;17.5;6.6
38;2021-04-16;6215;2728;227053;86566;17.9;6.8
38;2021-04-17;2587;995;229640;87561;18.2;6.9
38;2021-04-18;1333;72;230973;87633;18.3;6.9
38;2021-04-19;3945;2836;234918;90469;18.6;7.2
38;2021-04-20;5421;2852;240339;93321;19.0;7.4
38;2021-04-21;4980;2707;245319;96028;19.4;7.6
38;2021-04-22;5782;2834;251101;98862;19.9;7.8
38;2021-04-23;6037;2817;257138;101679;20.3;8.0
38;2021-04-24;2665;1348;259803;103027;20.5;8.1
38;2021-04-25;803;590;260606;103617;20.6;8.2
38;2021-04-26;4486;2471;265092;106088;21.0;8.4
38;2021-04-27;6043;2735;271135;108823;21.4;8.6
38;2021-04-28;6194;2507;277329;111330;21.9;8.8
38;2021-04-29;8329;3072;285658;114402;22.6;9.0
38;2021-04-30;7672;4056;293330;118458;23.2;9.4
38;2021-05-01;1541;198;294871;118656;23.3;9.4
38;2021-05-02;845;72;295716;118728;23.4;9.4
38;2021-05-03;5299;3592;301015;122320;23.8;9.7
38;2021-05-04;6194;5077;307209;127397;24.3;10.1
38;2021-05-05;6066;4610;313275;132007;24.8;10.4
38;2021-05-06;6714;5323;319989;137330;25.3;10.9
38;2021-05-07;7277;6441;327266;143771;25.9;11.4
38;2021-05-08;3767;717;331033;144488;26.2;11.4
38;2021-05-09;2850;1928;333883;146416;26.4;11.6
38;2021-05-10;6151;5305;340034;151721;26.9;12.0
38;2021-05-11;8223;6027;348257;157748;27.5;12.5
38;2021-05-12;9049;4705;357306;162453;28.2;12.8
38;2021-05-13;6635;1415;363941;163868;28.8;13.0
38;2021-05-14;9564;3421;373505;167289;29.5;13.2
38;2021-05-15;6862;1456;380367;168745;30.1;13.3
38;2021-05-16;5474;652;385841;169397;30.5;13.4
38;2021-05-17;7669;3006;393510;172403;31.1;13.6
38;2021-05-18;8623;4037;402133;176440;31.8;13.9
38;2021-05-19;8157;3345;410290;179785;32.4;14.2
38;2021-05-20;8974;4495;419264;184280;33.1;14.6
38;2021-05-21;9959;4584;429223;188864;33.9;14.9
38;2021-05-22;7452;1908;436675;190772;34.5;15.1
38;2021-05-23;5585;577;442260;191349;35.0;15.1
38;2021-05-24;7500;1621;449760;192970;35.6;15.3
38;2021-05-25;9544;4853;459304;197823;36.3;15.6
38;2021-05-26;8115;4725;467419;202548;37.0;16.0
38;2021-05-27;9131;5658;476550;208206;37.7;16.5
38;2021-05-28;8787;6506;485337;214712;38.4;17.0
38;2021-05-29;5820;3262;491157;217974;38.8;17.2
38;2021-05-30;2690;1594;493847;219568;39.0;17.4
38;2021-05-31;8272;5136;502119;224704;39.7;17.8
38;2021-06-01;7964;6438;510083;231142;40.3;18.3
38;2021-06-02;7141;5624;517224;236766;40.9;18.7
38;2021-06-03;7392;6838;524616;243604;41.5;19.3
38;2021-06-04;8123;7612;532739;251216;42.1;19.9
38;2021-06-05;5794;3947;538533;255163;42.6;20.2
38;2021-06-06;2508;1462;541041;256625;42.8;20.3
38;2021-06-07;5553;6875;546594;263500;43.2;20.8
38;2021-06-08;5874;7534;552468;271034;43.7;21.4
38;2021-06-09;5049;6470;557517;277504;44.1;21.9
38;2021-06-10;5426;6793;562943;284297;44.5;22.5
38;2021-06-11;5885;7788;568828;292085;45.0;23.1
38;2021-06-12;3948;3259;572776;295344;45.3;23.3
38;2021-06-13;1256;1297;574032;296641;45.4;23.5
38;2021-06-14;3871;7667;577903;304308;45.7;24.1
38;2021-06-15;5238;8148;583141;312456;46.1;24.7
38;2021-06-16;5124;7408;588265;319864;46.5;25.3
38;2021-06-17;4522;7059;592787;326923;46.9;25.8
38;2021-06-18;6169;9230;598956;336153;47.3;26.6
38;2021-06-19;3596;4968;602552;341121;47.6;27.0
38;2021-06-20;1037;2901;603589;344022;47.7;27.2
38;2021-06-21;3748;8707;607337;352729;48.0;27.9
38;2021-06-22;3792;10106;611129;362835;48.3;28.7
38;2021-06-23;3154;9547;614283;372382;48.6;29.4
38;2021-06-24;3381;8587;617664;380969;48.8;30.1
38;2021-06-25;3782;11493;621446;392462;49.1;31.0
38;2021-06-26;2229;7852;623675;400314;49.3;31.6
38;2021-06-27;1097;4357;624772;404671;49.4;32.0
38;2021-06-28;2949;10302;627721;414973;49.6;32.8
38;2021-06-29;3787;10444;631508;425417;49.9;33.6
38;2021-06-30;4058;9938;635566;435355;50.2;34.4
38;2021-07-01;3535;9013;639101;444368;50.5;35.1
38;2021-07-02;3725;11614;642826;455982;50.8;36.0
38;2021-07-03;1736;8787;644562;464769;51.0;36.7
38;2021-07-04;1243;3205;645805;467974;51.1;37.0
38;2021-07-05;3059;10546;648864;478520;51.3;37.8
38;2021-07-06;3422;10238;652286;488758;51.6;38.6
38;2021-07-07;3529;9395;655815;498153;51.8;39.4
38;2021-07-08;3494;8225;659309;506378;52.1;40.0
38;2021-07-09;3892;10742;663201;517120;52.4;40.9
38;2021-07-10;2403;7803;665604;524923;52.6;41.5
38;2021-07-11;778;2026;666382;526949;52.7;41.7
38;2021-07-12;3471;10675;669853;537624;53.0;42.5
38;2021-07-13;6589;10927;676442;548551;53.5;43.4
38;2021-07-14;4665;3334;681107;551885;53.8;43.6
38;2021-07-15;8726;9667;689833;561552;54.5;44.4
38;2021-07-16;8745;10694;698578;572246;55.2;45.2
38;2021-07-17;4733;7475;703311;579721;55.6;45.8
38;2021-07-18;2573;2491;705884;582212;55.8;46.0
38;2021-07-19;5816;9213;711700;591425;56.3;46.8
38;2021-07-20;6269;8302;717969;599727;56.8;47.4
38;2021-07-21;7852;8019;725821;607746;57.4;48.0
38;2021-07-22;7590;6992;733411;614738;58.0;48.6
38;2021-07-23;8924;9034;742335;623772;58.7;49.3
38;2021-07-24;5564;5529;747899;629301;59.1;49.7
38;2021-07-25;2854;1650;750753;630951;59.3;49.9
38;2021-07-26;7856;7496;758609;638447;60.0;50.5
38;2021-07-27;7600;6263;766209;644710;60.6;51.0
38;2021-07-28;8588;5700;774797;650410;61.2;51.4
38;2021-07-29;7638;4682;782435;655092;61.9;51.8
38;2021-07-30;7692;6643;790127;661735;62.5;52.3
38;2021-07-31;4308;3597;794435;665332;62.8;52.6
38;2021-08-01;1280;1082;795715;666414;62.9;52.7
38;2021-08-02;3888;4446;799603;670860;63.2;53.0
38;2021-08-03;4529;4549;804132;675409;63.6;53.4
38;2021-08-04;4578;4347;808710;679756;63.9;53.7
38;2021-08-05;3672;4636;812382;684392;64.2;54.1
38;2021-08-06;4082;5942;816464;690334;64.5;54.6
38;2021-08-07;2273;3528;818737;693862;64.7;54.9
38;2021-08-08;775;2015;819512;695877;64.8;55.0
38;2021-08-09;3577;5568;823089;701445;65.1;55.5
38;2021-08-10;4820;6244;827909;707689;65.4;55.9
38;2021-08-11;3905;4652;831814;712341;65.8;56.3
38;2021-08-12;3343;4598;835157;716939;66.0;56.7
38;2021-08-13;4077;6024;839234;722963;66.3;57.2
38;2021-08-14;1728;4012;840962;726975;66.5;57.5
38;2021-08-15;526;1917;841488;728892;66.5;57.6
38;2021-08-16;2941;7914;844429;736806;66.8;58.2
38;2021-08-17;3389;5944;847818;742750;67.0;58.7
38;2021-08-18;2942;7132;850760;749882;67.3;59.3
38;2021-08-19;2540;4811;853300;754693;67.5;59.7
38;2021-08-20;2838;8401;856138;763094;67.7;60.3
38;2021-08-21;1167;5005;857305;768099;67.8;60.7
38;2021-08-22;490;1499;857795;769598;67.8;60.8
39;2020-12-27;0;0;0;0;0.0;0.0
39;2020-12-28;0;0;0;0;0.0;0.0
39;2020-12-29;0;0;0;0;0.0;0.0
39;2020-12-30;0;0;0;0;0.0;0.0
39;2020-12-31;0;0;0;0;0.0;0.0
39;2021-01-01;0;0;0;0;0.0;0.0
39;2021-01-02;0;0;0;0;0.0;0.0
39;2021-01-03;0;0;0;0;0.0;0.0
39;2021-01-04;3;0;3;0;0.0;0.0
39;2021-01-05;3;0;6;0;0.0;0.0
39;2021-01-06;57;3;63;3;0.0;0.0
39;2021-01-07;332;2;395;5;0.2;0.0
39;2021-01-08;657;2;1052;7;0.4;0.0
39;2021-01-09;169;0;1221;7;0.5;0.0
39;2021-01-10;1;0;1222;7;0.5;0.0
39;2021-01-11;476;1;1698;8;0.7;0.0
39;2021-01-12;431;1;2129;9;0.8;0.0
39;2021-01-13;408;2;2537;11;1.0;0.0
39;2021-01-14;574;3;3111;14;1.2;0.0
39;2021-01-15;470;1;3581;15;1.4;0.0
39;2021-01-16;141;1;3722;16;1.4;0.0
39;2021-01-17;0;1;3722;17;1.4;0.0
39;2021-01-18;924;7;4646;24;1.8;0.0
39;2021-01-19;1181;7;5827;31;2.3;0.0
39;2021-01-20;906;4;6733;35;2.6;0.0
39;2021-01-21;1178;2;7911;37;3.1;0.0
39;2021-01-22;985;2;8896;39;3.5;0.0
39;2021-01-23;383;1;9279;40;3.6;0.0
39;2021-01-24;0;0;9279;40;3.6;0.0
39;2021-01-25;642;2;9921;42;3.8;0.0
39;2021-01-26;1120;12;11041;54;4.3;0.0
39;2021-01-27;925;17;11966;71;4.6;0.0
39;2021-01-28;740;244;12706;315;4.9;0.1
39;2021-01-29;582;422;13288;737;5.2;0.3
39;2021-01-30;265;109;13553;846;5.3;0.3
39;2021-01-31;1;0;13554;846;5.3;0.3
39;2021-02-01;562;262;14116;1108;5.5;0.4
39;2021-02-02;753;322;14869;1430;5.8;0.6
39;2021-02-03;531;516;15400;1946;6.0;0.8
39;2021-02-04;554;461;15954;2407;6.2;0.9
39;2021-02-05;439;431;16393;2838;6.4;1.1
39;2021-02-06;265;110;16658;2948;6.5;1.1
39;2021-02-07;0;1;16658;2949;6.5;1.1
39;2021-02-08;321;372;16979;3321;6.6;1.3
39;2021-02-09;383;485;17362;3806;6.7;1.5
39;2021-02-10;252;337;17614;4143;6.8;1.6
39;2021-02-11;586;513;18200;4656;7.1;1.8
39;2021-02-12;386;417;18586;5073;7.2;2.0
39;2021-02-13;99;69;18685;5142;7.2;2.0
39;2021-02-14;0;0;18685;5142;7.2;2.0
39;2021-02-15;99;755;18784;5897;7.3;2.3
39;2021-02-16;99;911;18883;6808;7.3;2.6
39;2021-02-17;58;694;18941;7502;7.3;2.9
39;2021-02-18;109;856;19050;8358;7.4;3.2
39;2021-02-19;100;485;19150;8843;7.4;3.4
39;2021-02-20;18;364;19168;9207;7.4;3.6
39;2021-02-21;0;0;19168;9207;7.4;3.6
39;2021-02-22;100;730;19268;9937;7.5;3.9
39;2021-02-23;4;764;19272;10701;7.5;4.2
39;2021-02-24;125;873;19397;11574;7.5;4.5
39;2021-02-25;214;748;19611;12322;7.6;4.8
39;2021-02-26;218;468;19829;12790;7.7;5.0
39;2021-02-27;169;298;19998;13088;7.8;5.1
39;2021-02-28;1;0;19999;13088;7.8;5.1
39;2021-03-01;218;639;20217;13727;7.8;5.3
39;2021-03-02;329;827;20546;14554;8.0;5.6
39;2021-03-03;601;530;21147;15084;8.2;5.8
39;2021-03-04;658;475;21805;15559;8.5;6.0
39;2021-03-05;670;330;22475;15889;8.7;6.2
39;2021-03-06;777;248;23252;16137;9.0;6.3
39;2021-03-07;242;83;23494;16220;9.1;6.3
39;2021-03-08;286;445;23780;16665;9.2;6.5
39;2021-03-09;843;460;24623;17125;9.5;6.6
39;2021-03-10;985;338;25608;17463;9.9;6.8
39;2021-03-11;829;462;26437;17925;10.3;7.0
39;2021-03-12;806;291;27243;18216;10.6;7.1
39;2021-03-13;788;103;28031;18319;10.9;7.1
39;2021-03-14;35;10;28066;18329;10.9;7.1
39;2021-03-15;512;102;28578;18431;11.1;7.1
39;2021-03-16;555;69;29133;18500;11.3;7.2
39;2021-03-17;612;56;29745;18556;11.5;7.2
39;2021-03-18;597;72;30342;18628;11.8;7.2
39;2021-03-19;393;72;30735;18700;11.9;7.3
39;2021-03-20;311;10;31046;18710;12.0;7.3
39;2021-03-21;3;0;31049;18710;12.0;7.3
39;2021-03-22;754;117;31803;18827;12.3;7.3
39;2021-03-23;1130;44;32933;18871;12.8;7.3
39;2021-03-24;1178;97;34111;18968;13.2;7.4
39;2021-03-25;2042;127;36153;19095;14.0;7.4
39;2021-03-26;798;114;36951;19209;14.3;7.4
39;2021-03-27;345;6;37296;19215;14.5;7.5
39;2021-03-28;36;4;37332;19219;14.5;7.5
39;2021-03-29;1036;195;38368;19414;14.9;7.5
39;2021-03-30;1400;267;39768;19681;15.4;7.6
39;2021-03-31;657;526;40425;20207;15.7;7.8
39;2021-04-01;1310;316;41735;20523;16.2;8.0
39;2021-04-02;626;131;42361;20654;16.4;8.0
39;2021-04-03;180;7;42541;20661;16.5;8.0
39;2021-04-04;4;1;42545;20662;16.5;8.0
39;2021-04-05;1;0;42546;20662;16.5;8.0
39;2021-04-06;824;632;43370;21294;16.8;8.3
39;2021-04-07;1131;678;44501;21972;17.3;8.5
39;2021-04-08;1790;581;46291;22553;18.0;8.7
39;2021-04-09;1676;291;47967;22844;18.6;8.9
39;2021-04-10;346;183;48313;23027;18.7;8.9
39;2021-04-11;2;0;48315;23027;18.7;8.9
39;2021-04-12;680;397;48995;23424;19.0;9.1
39;2021-04-13;1200;582;50195;24006;19.5;9.3
39;2021-04-14;845;639;51040;24645;19.8;9.6
39;2021-04-15;1481;716;52521;25361;20.4;9.8
39;2021-04-16;1090;175;53611;25536;20.8;9.9
39;2021-04-17;197;60;53808;25596;20.9;9.9
39;2021-04-18;0;0;53808;25596;20.9;9.9
39;2021-04-19;524;699;54332;26295;21.1;10.2
39;2021-04-20;766;545;55098;26840;21.4;10.4
39;2021-04-21;1142;721;56240;27561;21.8;10.7
39;2021-04-22;1012;1132;57252;28693;22.2;11.1
39;2021-04-23;457;358;57709;29051;22.4;11.3
39;2021-04-24;276;149;57985;29200;22.5;11.3
39;2021-04-25;12;2;57997;29202;22.5;11.3
39;2021-04-26;568;1040;58565;30242;22.7;11.7
39;2021-04-27;788;982;59353;31224;23.0;12.1
39;2021-04-28;1719;417;61072;31641;23.7;12.3
39;2021-04-29;2571;973;63643;32614;24.7;12.6
39;2021-04-30;2473;393;66116;33007;25.6;12.8
39;2021-05-01;41;53;66157;33060;25.7;12.8
39;2021-05-02;0;0;66157;33060;25.7;12.8
39;2021-05-03;917;806;67074;33866;26.0;13.1
39;2021-05-04;949;1128;68023;34994;26.4;13.6
39;2021-05-05;1953;888;69976;35882;27.1;13.9
39;2021-05-06;2424;1343;72400;37225;28.1;14.4
39;2021-05-07;1286;575;73686;37800;28.6;14.7
39;2021-05-08;179;55;73865;37855;28.6;14.7
39;2021-05-09;10;8;73875;37863;28.7;14.7
39;2021-05-10;1761;849;75636;38712;29.3;15.0
39;2021-05-11;1775;1514;77411;40226;30.0;15.6
39;2021-05-12;1809;1495;79220;41721;30.7;16.2
39;2021-05-13;246;23;79466;41744;30.8;16.2
39;2021-05-14;2392;334;81858;42078;31.7;16.3
39;2021-05-15;1848;257;83706;42335;32.5;16.4
39;2021-05-16;0;0;83706;42335;32.5;16.4
39;2021-05-17;1988;726;85694;43061;33.2;16.7
39;2021-05-18;1692;1183;87386;44244;33.9;17.2
39;2021-05-19;2496;557;89882;44801;34.9;17.4
39;2021-05-20;2465;756;92347;45557;35.8;17.7
39;2021-05-21;1800;564;94147;46121;36.5;17.9
39;2021-05-22;322;219;94469;46340;36.6;18.0
39;2021-05-23;7;36;94476;46376;36.6;18.0
39;2021-05-24;8;28;94484;46404;36.6;18.0
39;2021-05-25;1726;1205;96210;47609;37.3;18.5
39;2021-05-26;1643;1379;97853;48988;37.9;19.0
39;2021-05-27;1486;1623;99339;50611;38.5;19.6
39;2021-05-28;856;1219;100195;51830;38.9;20.1
39;2021-05-29;261;276;100456;52106;39.0;20.2
39;2021-05-30;2;40;100458;52146;39.0;20.2
39;2021-05-31;1626;1247;102084;53393;39.6;20.7
39;2021-06-01;1895;1319;103979;54712;40.3;21.2
39;2021-06-02;1706;1174;105685;55886;41.0;21.7
39;2021-06-03;1326;1160;107011;57046;41.5;22.1
39;2021-06-04;941;1070;107952;58116;41.9;22.5
39;2021-06-05;766;516;108718;58632;42.2;22.7
39;2021-06-06;1;36;108719;58668;42.2;22.8
39;2021-06-07;2106;915;110825;59583;43.0;23.1
39;2021-06-08;2211;1155;113036;60738;43.8;23.6
39;2021-06-09;1732;1244;114768;61982;44.5;24.0
39;2021-06-10;1617;2082;116385;64064;45.1;24.8
39;2021-06-11;1568;1271;117953;65335;45.7;25.3
39;2021-06-12;1263;348;119216;65683;46.2;25.5
39;2021-06-13;11;18;119227;65701;46.2;25.5
39;2021-06-14;1337;1895;120564;67596;46.8;26.2
39;2021-06-15;1388;1257;121952;68853;47.3;26.7
39;2021-06-16;1171;1539;123123;70392;47.8;27.3
39;2021-06-17;1043;1716;124166;72108;48.2;28.0
39;2021-06-18;1637;1178;125803;73286;48.8;28.4
39;2021-06-19;249;412;126052;73698;48.9;28.6
39;2021-06-20;2;18;126054;73716;48.9;28.6
39;2021-06-21;351;2494;126405;76210;49.0;29.6
39;2021-06-22;814;2293;127219;78503;49.3;30.4
39;2021-06-23;1199;1301;128418;79804;49.8;30.9
39;2021-06-24;736;1048;129154;80852;50.1;31.4
39;2021-06-25;680;2962;129834;83814;50.4;32.5
39;2021-06-26;205;1564;130039;85378;50.4;33.1
39;2021-06-27;0;0;130039;85378;50.4;33.1
39;2021-06-28;304;2745;130343;88123;50.6;34.2
39;2021-06-29;498;2697;130841;90820;50.7;35.2
39;2021-06-30;898;2422;131739;93242;51.1;36.2
39;2021-07-01;644;1938;132383;95180;51.3;36.9
39;2021-07-02;1111;1406;133494;96586;51.8;37.5
39;2021-07-03;553;524;134047;97110;52.0;37.7
39;2021-07-04;1;2;134048;97112;52.0;37.7
39;2021-07-05;602;2589;134650;99701;52.2;38.7
39;2021-07-06;837;1887;135487;101588;52.5;39.4
39;2021-07-07;589;1389;136076;102977;52.8;39.9
39;2021-07-08;697;906;136773;103883;53.0;40.3
39;2021-07-09;1080;1585;137853;105468;53.5;40.9
39;2021-07-10;738;476;138591;105944;53.7;41.1
39;2021-07-11;28;8;138619;105952;53.8;41.1
39;2021-07-12;573;2596;139192;108548;54.0;42.1
39;2021-07-13;1635;2657;140827;111205;54.6;43.1
39;2021-07-14;16;21;140843;111226;54.6;43.1
39;2021-07-15;1903;1837;142746;113063;55.4;43.8
39;2021-07-16;3227;2041;145973;115104;56.6;44.6
39;2021-07-17;2226;1161;148199;116265;57.5;45.1
39;2021-07-18;164;52;148363;116317;57.5;45.1
39;2021-07-19;1401;2957;149764;119274;58.1;46.3
39;2021-07-20;1842;2812;151606;122086;58.8;47.3
39;2021-07-21;2587;2579;154193;124665;59.8;48.3
39;2021-07-22;1934;1840;156127;126505;60.5;49.1
39;2021-07-23;1810;1926;157937;128431;61.3;49.8
39;2021-07-24;1399;1427;159336;129858;61.8;50.4
39;2021-07-25;0;1;159336;129859;61.8;50.4
39;2021-07-26;1319;1997;160655;131856;62.3;51.1
39;2021-07-27;2336;1900;162991;133756;63.2;51.9
39;2021-07-28;2683;1474;165674;135230;64.3;52.4
39;2021-07-29;2194;1739;167868;136969;65.1;53.1
39;2021-07-30;2038;1464;169906;138433;65.9;53.7
39;2021-07-31;1363;655;171269;139088;66.4;53.9
39;2021-08-01;10;18;171279;139106;66.4;53.9
39;2021-08-02;1202;1401;172481;140507;66.9;54.5
39;2021-08-03;1911;1489;174392;141996;67.6;55.1
39;2021-08-04;1042;660;175434;142656;68.0;55.3
39;2021-08-05;1233;731;176667;143387;68.5;55.6
39;2021-08-06;1376;2290;178043;145677;69.0;56.5
39;2021-08-07;1060;1212;179103;146889;69.5;57.0
39;2021-08-08;26;10;179129;146899;69.5;57.0
39;2021-08-09;435;302;179564;147201;69.6;57.1
39;2021-08-10;1227;929;180791;148130;70.1;57.4
39;2021-08-11;894;1530;181685;149660;70.5;58.0
39;2021-08-12;1584;2167;183269;151827;71.1;58.9
39;2021-08-13;1324;2117;184593;153944;71.6;59.7
39;2021-08-14;356;1104;184949;155048;71.7;60.1
39;2021-08-15;0;1;184949;155049;71.7;60.1
39;2021-08-16;486;735;185435;155784;71.9;60.4
39;2021-08-17;569;1437;186004;157221;72.1;61.0
39;2021-08-18;858;1726;186862;158947;72.5;61.6
39;2021-08-19;901;1586;187763;160533;72.8;62.3
39;2021-08-20;637;2500;188400;163033;73.1;63.2
39;2021-08-21;468;1288;188868;164321;73.2;63.7
39;2021-08-22;6;11;188874;164332;73.2;63.7
40;2020-12-27;0;0;0;0;0.0;0.0
40;2020-12-28;0;0;0;0;0.0;0.0
40;2020-12-29;0;0;0;0;0.0;0.0
40;2020-12-30;0;0;0;0;0.0;0.0
40;2020-12-31;1;0;1;0;0.0;0.0
40;2021-01-01;0;0;1;0;0.0;0.0
40;2021-01-02;0;0;1;0;0.0;0.0
40;2021-01-03;0;0;1;0;0.0;0.0
40;2021-01-04;0;0;1;0;0.0;0.0
40;2021-01-05;0;0;1;0;0.0;0.0
40;2021-01-06;1;0;2;0;0.0;0.0
40;2021-01-07;212;0;214;0;0.1;0.0
40;2021-01-08;392;2;606;2;0.1;0.0
40;2021-01-09;0;0;606;2;0.1;0.0
40;2021-01-10;1;0;607;2;0.1;0.0
40;2021-01-11;111;0;718;2;0.2;0.0
40;2021-01-12;0;0;718;2;0.2;0.0
40;2021-01-13;681;1;1399;3;0.3;0.0
40;2021-01-14;901;5;2300;8;0.6;0.0
40;2021-01-15;811;3;3111;11;0.8;0.0
40;2021-01-16;157;0;3268;11;0.8;0.0
40;2021-01-17;1;1;3269;12;0.8;0.0
40;2021-01-18;402;0;3671;12;0.9;0.0
40;2021-01-19;1204;3;4875;15;1.2;0.0
40;2021-01-20;879;2;5754;17;1.4;0.0
40;2021-01-21;1266;5;7020;22;1.7;0.0
40;2021-01-22;809;2;7829;24;1.9;0.0
40;2021-01-23;288;0;8117;24;2.0;0.0
40;2021-01-24;2;0;8119;24;2.0;0.0
40;2021-01-25;393;2;8512;26;2.1;0.0
40;2021-01-26;803;6;9315;32;2.3;0.0
40;2021-01-27;1118;12;10433;44;2.5;0.0
40;2021-01-28;707;112;11140;156;2.7;0.0
40;2021-01-29;600;228;11740;384;2.8;0.1
40;2021-01-30;235;3;11975;387;2.9;0.1
40;2021-01-31;1;0;11976;387;2.9;0.1
40;2021-02-01;358;131;12334;518;3.0;0.1
40;2021-02-02;923;52;13257;570;3.2;0.1
40;2021-02-03;894;298;14151;868;3.4;0.2
40;2021-02-04;1059;601;15210;1469;3.7;0.4
40;2021-02-05;793;421;16003;1890;3.9;0.5
40;2021-02-06;380;84;16383;1974;4.0;0.5
40;2021-02-07;10;0;16393;1974;4.0;0.5
40;2021-02-08;372;121;16765;2095;4.1;0.5
40;2021-02-09;809;541;17574;2636;4.3;0.6
40;2021-02-10;749;470;18323;3106;4.4;0.8
40;2021-02-11;739;682;19062;3788;4.6;0.9
40;2021-02-12;628;642;19690;4430;4.8;1.1
40;2021-02-13;400;95;20090;4525;4.9;1.1
40;2021-02-14;0;0;20090;4525;4.9;1.1
40;2021-02-15;48;386;20138;4911;4.9;1.2
40;2021-02-16;285;599;20423;5510;5.0;1.3
40;2021-02-17;360;893;20783;6403;5.0;1.6
40;2021-02-18;382;695;21165;7098;5.1;1.7
40;2021-02-19;144;643;21309;7741;5.2;1.9
40;2021-02-20;39;95;21348;7836;5.2;1.9
40;2021-02-21;1;66;21349;7902;5.2;1.9
40;2021-02-22;53;563;21402;8465;5.2;2.1
40;2021-02-23;179;835;21581;9300;5.2;2.3
40;2021-02-24;283;686;21864;9986;5.3;2.4
40;2021-02-25;727;991;22591;10977;5.5;2.7
40;2021-02-26;655;635;23246;11612;5.6;2.8
40;2021-02-27;384;101;23630;11713;5.7;2.8
40;2021-02-28;2;0;23632;11713;5.7;2.8
40;2021-03-01;418;507;24050;12220;5.8;3.0
40;2021-03-02;734;1041;24784;13261;6.0;3.2
40;2021-03-03;934;909;25718;14170;6.2;3.4
40;2021-03-04;1319;823;27037;14993;6.6;3.6
40;2021-03-05;1231;741;28268;15734;6.9;3.8
40;2021-03-06;866;391;29134;16125;7.1;3.9
40;2021-03-07;92;9;29226;16134;7.1;3.9
40;2021-03-08;838;501;30064;16635;7.3;4.0
40;2021-03-09;1505;643;31569;17278;7.7;4.2
40;2021-03-10;1749;710;33318;17988;8.1;4.4
40;2021-03-11;1985;694;35303;18682;8.6;4.5
40;2021-03-12;2049;548;37352;19230;9.1;4.7
40;2021-03-13;973;255;38325;19485;9.3;4.7
40;2021-03-14;98;0;38423;19485;9.3;4.7
40;2021-03-15;924;88;39347;19573;9.6;4.8
40;2021-03-16;986;271;40333;19844;9.8;4.8
40;2021-03-17;1576;346;41909;20190;10.2;4.9
40;2021-03-18;1560;338;43469;20528;10.6;5.0
40;2021-03-19;1808;144;45277;20672;11.0;5.0
40;2021-03-20;706;14;45983;20686;11.2;5.0
40;2021-03-21;52;1;46035;20687;11.2;5.0
40;2021-03-22;1174;35;47209;20722;11.5;5.0
40;2021-03-23;2324;167;49533;20889;12.0;5.1
40;2021-03-24;2325;231;51858;21120;12.6;5.1
40;2021-03-25;2767;379;54625;21499;13.3;5.2
40;2021-03-26;3121;209;57746;21708;14.0;5.3
40;2021-03-27;923;47;58669;21755;14.2;5.3
40;2021-03-28;178;47;58847;21802;14.3;5.3
40;2021-03-29;1153;381;60000;22183;14.6;5.4
40;2021-03-30;2298;389;62298;22572;15.1;5.5
40;2021-03-31;1999;302;64297;22874;15.6;5.6
40;2021-04-01;2410;330;66707;23204;16.2;5.6
40;2021-04-02;2362;218;69069;23422;16.8;5.7
40;2021-04-03;743;120;69812;23542;16.9;5.7
40;2021-04-04;362;8;70174;23550;17.0;5.7
40;2021-04-05;523;40;70697;23590;17.2;5.7
40;2021-04-06;2096;809;72793;24399;17.7;5.9
40;2021-04-07;2665;873;75458;25272;18.3;6.1
40;2021-04-08;3061;896;78519;26168;19.1;6.4
40;2021-04-09;3826;604;82345;26772;20.0;6.5
40;2021-04-10;1598;341;83943;27113;20.4;6.6
40;2021-04-11;51;6;83994;27119;20.4;6.6
40;2021-04-12;2177;734;86171;27853;20.9;6.8
40;2021-04-13;2568;1089;88739;28942;21.5;7.0
40;2021-04-14;2571;1375;91310;30317;22.2;7.4
40;2021-04-15;2986;1505;94296;31822;22.9;7.7
40;2021-04-16;2877;1185;97173;33007;23.6;8.0
40;2021-04-17;1464;348;98637;33355;23.9;8.1
40;2021-04-18;57;24;98694;33379;24.0;8.1
40;2021-04-19;1058;1021;99752;34400;24.2;8.3
40;2021-04-20;1621;1743;101373;36143;24.6;8.8
40;2021-04-21;1777;1738;103150;37881;25.0;9.2
40;2021-04-22;2113;1775;105263;39656;25.6;9.6
40;2021-04-23;2162;1398;107425;41054;26.1;10.0
40;2021-04-24;1327;620;108752;41674;26.4;10.1
40;2021-04-25;37;57;108789;41731;26.4;10.1
40;2021-04-26;1251;1136;110040;42867;26.7;10.4
40;2021-04-27;1487;2033;111527;44900;27.1;10.9
40;2021-04-28;2051;1370;113578;46270;27.6;11.2
40;2021-04-29;2608;1898;116186;48168;28.2;11.7
40;2021-04-30;2699;1616;118885;49784;28.9;12.1
40;2021-05-01;1229;783;120114;50567;29.2;12.3
40;2021-05-02;143;322;120257;50889;29.2;12.4
40;2021-05-03;1857;1500;122114;52389;29.6;12.7
40;2021-05-04;1883;2466;123997;54855;30.1;13.3
40;2021-05-05;2188;2668;126185;57523;30.6;14.0
40;2021-05-06;2237;2865;128422;60388;31.2;14.7
40;2021-05-07;1904;3004;130326;63392;31.6;15.4
40;2021-05-08;675;468;131001;63860;31.8;15.5
40;2021-05-09;316;21;131317;63881;31.9;15.5
40;2021-05-10;1399;2055;132716;65936;32.2;16.0
40;2021-05-11;2197;2510;134913;68446;32.7;16.6
40;2021-05-12;2731;1944;137644;70390;33.4;17.1
40;2021-05-13;1984;514;139628;70904;33.9;17.2
40;2021-05-14;2325;1658;141953;72562;34.5;17.6
40;2021-05-15;1340;963;143293;73525;34.8;17.8
40;2021-05-16;434;24;143727;73549;34.9;17.9
40;2021-05-17;2120;1313;145847;74862;35.4;18.2
40;2021-05-18;2509;1416;148356;76278;36.0;18.5
40;2021-05-19;2957;1107;151313;77385;36.7;18.8
40;2021-05-20;3585;1163;154898;78548;37.6;19.1
40;2021-05-21;2925;1331;157823;79879;38.3;19.4
40;2021-05-22;1146;796;158969;80675;38.6;19.6
40;2021-05-23;631;29;159600;80704;38.7;19.6
40;2021-05-24;1212;332;160812;81036;39.0;19.7
40;2021-05-25;2168;1307;162980;82343;39.6;20.0
40;2021-05-26;2615;1562;165595;83905;40.2;20.4
40;2021-05-27;2733;2011;168328;85916;40.9;20.9
40;2021-05-28;2569;2275;170897;88191;41.5;21.4
40;2021-05-29;1558;1256;172455;89447;41.9;21.7
40;2021-05-30;3;52;172458;89499;41.9;21.7
40;2021-05-31;2566;1209;175024;90708;42.5;22.0
40;2021-06-01;3011;1771;178035;92479;43.2;22.4
40;2021-06-02;3173;1990;181208;94469;44.0;22.9
40;2021-06-03;3592;2337;184800;96806;44.9;23.5
40;2021-06-04;3016;2805;187816;99611;45.6;24.2
40;2021-06-05;1779;1396;189595;101007;46.0;24.5
40;2021-06-06;459;79;190054;101086;46.1;24.5
40;2021-06-07;2184;2026;192238;103112;46.7;25.0
40;2021-06-08;2954;2102;195192;105214;47.4;25.5
40;2021-06-09;3215;2268;198407;107482;48.2;26.1
40;2021-06-10;2995;2097;201402;109579;48.9;26.6
40;2021-06-11;3140;2798;204542;112377;49.6;27.3
40;2021-06-12;1964;1637;206506;114014;50.1;27.7
40;2021-06-13;644;161;207150;114175;50.3;27.7
40;2021-06-14;1458;2499;208608;116674;50.6;28.3
40;2021-06-15;2237;2821;210845;119495;51.2;29.0
40;2021-06-16;2607;2456;213452;121951;51.8;29.6
40;2021-06-17;2432;2436;215884;124387;52.4;30.2
40;2021-06-18;2325;2905;218209;127292;53.0;30.9
40;2021-06-19;1798;1231;220007;128523;53.4;31.2
40;2021-06-20;344;275;220351;128798;53.5;31.3
40;2021-06-21;1394;2320;221745;131118;53.8;31.8
40;2021-06-22;1687;2996;223432;134114;54.2;32.6
40;2021-06-23;1606;3345;225038;137459;54.6;33.4
40;2021-06-24;1735;2386;226773;139845;55.0;33.9
40;2021-06-25;1760;3264;228533;143109;55.5;34.7
40;2021-06-26;1328;1713;229861;144822;55.8;35.2
40;2021-06-27;263;354;230124;145176;55.9;35.2
40;2021-06-28;1334;2820;231458;147996;56.2;35.9
40;2021-06-29;1710;3389;233168;151385;56.6;36.7
40;2021-06-30;1776;3642;234944;155027;57.0;37.6
40;2021-07-01;1713;3952;236657;158979;57.4;38.6
40;2021-07-02;1559;3809;238216;162788;57.8;39.5
40;2021-07-03;678;1922;238894;164710;58.0;40.0
40;2021-07-04;219;483;239113;165193;58.0;40.1
40;2021-07-05;1473;3022;240586;168215;58.4;40.8
40;2021-07-06;1767;3613;242353;171828;58.8;41.7
40;2021-07-07;1974;3844;244327;175672;59.3;42.6
40;2021-07-08;2102;3408;246429;179080;59.8;43.5
40;2021-07-09;2108;3948;248537;183028;60.3;44.4
40;2021-07-10;1005;2158;249542;185186;60.6;45.0
40;2021-07-11;207;294;249749;185480;60.6;45.0
40;2021-07-12;1312;4044;251061;189524;60.9;46.0
40;2021-07-13;2427;4698;253488;194222;61.5;47.1
40;2021-07-14;2196;2056;255684;196278;62.1;47.6
40;2021-07-15;2843;4859;258527;201137;62.8;48.8
40;2021-07-16;3314;3945;261841;205082;63.6;49.8
40;2021-07-17;2110;2594;263951;207676;64.1;50.4
40;2021-07-18;471;542;264422;208218;64.2;50.5
40;2021-07-19;2566;3701;266988;211919;64.8;51.4
40;2021-07-20;3054;4053;270042;215972;65.5;52.4
40;2021-07-21;3201;3882;273243;219854;66.3;53.4
40;2021-07-22;3850;3926;277093;223780;67.3;54.3
40;2021-07-23;4087;4109;281180;227889;68.3;55.3
40;2021-07-24;2791;2106;283971;229995;68.9;55.8
40;2021-07-25;953;488;284924;230483;69.2;55.9
40;2021-07-26;2936;3082;287860;233565;69.9;56.7
40;2021-07-27;3511;3604;291371;237169;70.7;57.6
40;2021-07-28;3374;3395;294745;240564;71.5;58.4
40;2021-07-29;3527;3430;298272;243994;72.4;59.2
40;2021-07-30;3119;3401;301391;247395;73.2;60.1
40;2021-07-31;1776;1909;303167;249304;73.6;60.5
40;2021-08-01;343;286;303510;249590;73.7;60.6
40;2021-08-02;1986;2381;305496;251971;74.2;61.2
40;2021-08-03;2320;2692;307816;254663;74.7;61.8
40;2021-08-04;2084;2316;309900;256979;75.2;62.4
40;2021-08-05;1959;2667;311859;259646;75.7;63.0
40;2021-08-06;1867;3066;313726;262712;76.2;63.8
40;2021-08-07;1216;1744;314942;264456;76.4;64.2
40;2021-08-08;83;154;315025;264610;76.5;64.2
40;2021-08-09;1597;3126;316622;267736;76.9;65.0
40;2021-08-10;1420;3164;318042;270900;77.2;65.8
40;2021-08-11;1411;2846;319453;273746;77.5;66.4
40;2021-08-12;1270;3100;320723;276846;77.8;67.2
40;2021-08-13;1129;2976;321852;279822;78.1;67.9
40;2021-08-14;617;2037;322469;281859;78.3;68.4
40;2021-08-15;5;172;322474;282031;78.3;68.5
40;2021-08-16;1103;3387;323577;285418;78.5;69.3
40;2021-08-17;1152;3418;324729;288836;78.8;70.1
40;2021-08-18;980;3259;325709;292095;79.1;70.9
40;2021-08-19;847;2970;326556;295065;79.3;71.6
40;2021-08-20;790;3025;327346;298090;79.5;72.4
40;2021-08-21;523;1897;327869;299987;79.6;72.8
40;2021-08-22;72;463;327941;300450;79.6;72.9
41;2020-12-27;0;0;0;0;0.0;0.0
41;2020-12-28;0;0;0;0;0.0;0.0
41;2020-12-29;0;0;0;0;0.0;0.0
41;2020-12-30;0;0;0;0;0.0;0.0
41;2020-12-31;0;0;0;0;0.0;0.0
41;2021-01-01;0;0;0;0;0.0;0.0
41;2021-01-02;2;0;2;0;0.0;0.0
41;2021-01-03;0;0;2;0;0.0;0.0
41;2021-01-04;0;0;2;0;0.0;0.0
41;2021-01-05;35;0;37;0;0.0;0.0
41;2021-01-06;72;0;109;0;0.0;0.0
41;2021-01-07;21;0;130;0;0.0;0.0
41;2021-01-08;1;0;131;0;0.0;0.0
41;2021-01-09;0;0;131;0;0.0;0.0
41;2021-01-10;0;0;131;0;0.0;0.0
41;2021-01-11;133;0;264;0;0.1;0.0
41;2021-01-12;321;1;585;1;0.2;0.0
41;2021-01-13;271;0;856;1;0.3;0.0
41;2021-01-14;283;1;1139;2;0.3;0.0
41;2021-01-15;215;1;1354;3;0.4;0.0
41;2021-01-16;0;0;1354;3;0.4;0.0
41;2021-01-17;0;0;1354;3;0.4;0.0
41;2021-01-18;397;2;1751;5;0.5;0.0
41;2021-01-19;857;0;2608;5;0.8;0.0
41;2021-01-20;1056;3;3664;8;1.1;0.0
41;2021-01-21;1567;7;5231;15;1.6;0.0
41;2021-01-22;836;0;6067;15;1.9;0.0
41;2021-01-23;92;0;6159;15;1.9;0.0
41;2021-01-24;0;0;6159;15;1.9;0.0
41;2021-01-25;421;1;6580;16;2.0;0.0
41;2021-01-26;473;2;7053;18;2.2;0.0
41;2021-01-27;441;2;7494;20;2.3;0.0
41;2021-01-28;604;56;8098;76;2.5;0.0
41;2021-01-29;260;30;8358;106;2.5;0.0
41;2021-01-30;0;0;8358;106;2.5;0.0
41;2021-01-31;0;0;8358;106;2.5;0.0
41;2021-02-01;349;147;8707;253;2.7;0.1
41;2021-02-02;471;231;9178;484;2.8;0.1
41;2021-02-03;341;202;9519;686;2.9;0.2
41;2021-02-04;559;155;10078;841;3.1;0.3
41;2021-02-05;329;192;10407;1033;3.2;0.3
41;2021-02-06;4;0;10411;1033;3.2;0.3
41;2021-02-07;2;0;10413;1033;3.2;0.3
41;2021-02-08;306;308;10719;1341;3.3;0.4
41;2021-02-09;599;454;11318;1795;3.5;0.5
41;2021-02-10;486;692;11804;2487;3.6;0.8
41;2021-02-11;1066;1157;12870;3644;3.9;1.1
41;2021-02-12;688;357;13558;4001;4.1;1.2
41;2021-02-13;9;5;13567;4006;4.1;1.2
41;2021-02-14;2;27;13569;4033;4.1;1.2
41;2021-02-15;314;307;13883;4340;4.2;1.3
41;2021-02-16;354;566;14237;4906;4.3;1.5
41;2021-02-17;317;458;14554;5364;4.4;1.6
41;2021-02-18;617;324;15171;5688;4.6;1.7
41;2021-02-19;456;337;15627;6025;4.8;1.8
41;2021-02-20;69;58;15696;6083;4.8;1.9
41;2021-02-21;0;0;15696;6083;4.8;1.9
41;2021-02-22;310;414;16006;6497;4.9;2.0
41;2021-02-23;454;348;16460;6845;5.0;2.1
41;2021-02-24;281;442;16741;7287;5.1;2.2
41;2021-02-25;674;459;17415;7746;5.3;2.4
41;2021-02-26;630;252;18045;7998;5.5;2.4
41;2021-02-27;161;4;18206;8002;5.6;2.4
41;2021-02-28;4;31;18210;8033;5.6;2.5
41;2021-03-01;310;311;18520;8344;5.6;2.5
41;2021-03-02;648;411;19168;8755;5.8;2.7
41;2021-03-03;497;410;19665;9165;6.0;2.8
41;2021-03-04;784;835;20449;10000;6.2;3.1
41;2021-03-05;840;673;21289;10673;6.5;3.3
41;2021-03-06;715;22;22004;10695;6.7;3.3
41;2021-03-07;498;17;22502;10712;6.9;3.3
41;2021-03-08;299;376;22801;11088;7.0;3.4
41;2021-03-09;1042;453;23843;11541;7.3;3.5
41;2021-03-10;721;455;24564;11996;7.5;3.7
41;2021-03-11;1182;682;25746;12678;7.9;3.9
41;2021-03-12;1115;411;26861;13089;8.2;4.0
41;2021-03-13;1222;16;28083;13105;8.6;4.0
41;2021-03-14;392;3;28475;13108;8.7;4.0
41;2021-03-15;797;352;29272;13460;8.9;4.1
41;2021-03-16;1061;410;30333;13870;9.3;4.2
41;2021-03-17;587;240;30920;14110;9.4;4.3
41;2021-03-18;926;401;31846;14511;9.7;4.4
41;2021-03-19;911;332;32757;14843;10.0;4.5
41;2021-03-20;541;18;33298;14861;10.2;4.5
41;2021-03-21;1;0;33299;14861;10.2;4.5
41;2021-03-22;809;272;34108;15133;10.4;4.6
41;2021-03-23;1309;491;35417;15624;10.8;4.8
41;2021-03-24;1231;366;36648;15990;11.2;4.9
41;2021-03-25;2026;437;38674;16427;11.8;5.0
41;2021-03-26;1655;324;40329;16751;12.3;5.1
41;2021-03-27;452;57;40781;16808;12.4;5.1
41;2021-03-28;1;0;40782;16808;12.4;5.1
41;2021-03-29;938;308;41720;17116;12.7;5.2
41;2021-03-30;1496;598;43216;17714;13.2;5.4
41;2021-03-31;1147;493;44363;18207;13.5;5.6
41;2021-04-01;2252;562;46615;18769;14.2;5.7
41;2021-04-02;1242;475;47857;19244;14.6;5.9
41;2021-04-03;321;5;48178;19249;14.7;5.9
41;2021-04-04;39;0;48217;19249;14.7;5.9
41;2021-04-05;140;2;48357;19251;14.8;5.9
41;2021-04-06;1302;627;49659;19878;15.1;6.1
41;2021-04-07;1851;704;51510;20582;15.7;6.3
41;2021-04-08;2294;919;53804;21501;16.4;6.6
41;2021-04-09;2568;611;56372;22112;17.2;6.7
41;2021-04-10;954;497;57326;22609;17.5;6.9
41;2021-04-11;279;376;57605;22985;17.6;7.0
41;2021-04-12;1688;653;59293;23638;18.1;7.2
41;2021-04-13;2262;983;61555;24621;18.8;7.5
41;2021-04-14;1793;549;63348;25170;19.3;7.7
41;2021-04-15;2385;974;65733;26144;20.1;8.0
41;2021-04-16;1931;624;67664;26768;20.6;8.2
41;2021-04-17;647;136;68311;26904;20.8;8.2
41;2021-04-18;5;0;68316;26904;20.8;8.2
41;2021-04-19;1262;743;69578;27647;21.2;8.4
41;2021-04-20;2004;1203;71582;28850;21.8;8.8
41;2021-04-21;1504;918;73086;29768;22.3;9.1
41;2021-04-22;2236;1599;75322;31367;23.0;9.6
41;2021-04-23;1736;1080;77058;32447;23.5;9.9
41;2021-04-24;1544;281;78602;32728;24.0;10.0
41;2021-04-25;1007;19;79609;32747;24.3;10.0
41;2021-04-26;1357;625;80966;33372;24.7;10.2
41;2021-04-27;2094;1040;83060;34412;25.3;10.5
41;2021-04-28;1561;860;84621;35272;25.8;10.8
41;2021-04-29;2211;1375;86832;36647;26.5;11.2
41;2021-04-30;1962;869;88794;37516;27.1;11.4
41;2021-05-01;189;12;88983;37528;27.1;11.4
41;2021-05-02;107;17;89090;37545;27.2;11.5
41;2021-05-03;1866;892;90956;38437;27.7;11.7
41;2021-05-04;2095;1545;93051;39982;28.4;12.2
41;2021-05-05;1881;1192;94932;41174;29.0;12.6
41;2021-05-06;2448;1697;97380;42871;29.7;13.1
41;2021-05-07;2018;1801;99398;44672;30.3;13.6
41;2021-05-08;203;154;99601;44826;30.4;13.7
41;2021-05-09;11;354;99612;45180;30.4;13.8
41;2021-05-10;1590;1556;101202;46736;30.9;14.3
41;2021-05-11;2087;2101;103289;48837;31.5;14.9
41;2021-05-12;1952;1676;105241;50513;32.1;15.4
41;2021-05-13;1486;947;106727;51460;32.6;15.7
41;2021-05-14;1577;1303;108304;52763;33.0;16.1
41;2021-05-15;206;294;108510;53057;33.1;16.2
41;2021-05-16;4;0;108514;53057;33.1;16.2
41;2021-05-17;2483;563;110997;53620;33.9;16.4
41;2021-05-18;3137;1031;114134;54651;34.8;16.7
41;2021-05-19;2554;675;116688;55326;35.6;16.9
41;2021-05-20;3349;1154;120037;56480;36.6;17.2
41;2021-05-21;2727;967;122764;57447;37.4;17.5
41;2021-05-22;397;237;123161;57684;37.6;17.6
41;2021-05-23;6;2;123167;57686;37.6;17.6
41;2021-05-24;2605;148;125772;57834;38.4;17.6
41;2021-05-25;2990;577;128762;58411;39.3;17.8
41;2021-05-26;3037;647;131799;59058;40.2;18.0
41;2021-05-27;3296;1111;135095;60169;41.2;18.4
41;2021-05-28;3143;980;138238;61149;42.2;18.7
41;2021-05-29;2074;429;140312;61578;42.8;18.8
41;2021-05-30;344;22;140656;61600;42.9;18.8
41;2021-05-31;1711;1506;142367;63106;43.4;19.2
41;2021-06-01;2262;2013;144629;65119;44.1;19.9
41;2021-06-02;1832;1290;146461;66409;44.7;20.3
41;2021-06-03;2598;1943;149059;68352;45.5;20.8
41;2021-06-04;2306;1964;151365;70316;46.2;21.4
41;2021-06-05;611;1583;151976;71899;46.4;21.9
41;2021-06-06;108;927;152084;72826;46.4;22.2
41;2021-06-07;1516;1532;153600;74358;46.9;22.7
41;2021-06-08;1713;2414;155313;76772;47.4;23.4
41;2021-06-09;1615;1643;156928;78415;47.9;23.9
41;2021-06-10;1917;1816;158845;80231;48.5;24.5
41;2021-06-11;1572;1795;160417;82026;48.9;25.0
41;2021-06-12;663;649;161080;82675;49.1;25.2
41;2021-06-13;12;77;161092;82752;49.1;25.2
41;2021-06-14;1269;1964;162361;84716;49.5;25.8
41;2021-06-15;1835;2762;164196;87478;50.1;26.7
41;2021-06-16;1725;2310;165921;89788;50.6;27.4
41;2021-06-17;1811;2576;167732;92364;51.2;28.2
41;2021-06-18;1665;2401;169397;94765;51.7;28.9
41;2021-06-19;412;532;169809;95297;51.8;29.1
41;2021-06-20;11;32;169820;95329;51.8;29.1
41;2021-06-21;1325;1781;171145;97110;52.2;29.6
41;2021-06-22;1618;2564;172763;99674;52.7;30.4
41;2021-06-23;1375;2045;174138;101719;53.1;31.0
41;2021-06-24;1483;2309;175621;104028;53.6;31.7
41;2021-06-25;1294;2618;176915;106646;54.0;32.5
41;2021-06-26;435;614;177350;107260;54.1;32.7
41;2021-06-27;1;4;177351;107264;54.1;32.7
41;2021-06-28;404;2697;177755;109961;54.2;33.5
41;2021-06-29;666;3440;178421;113401;54.4;34.6
41;2021-06-30;552;3068;178973;116469;54.6;35.5
41;2021-07-01;767;3107;179740;119576;54.8;36.5
41;2021-07-02;590;3499;180330;123075;55.0;37.5
41;2021-07-03;158;647;180488;123722;55.1;37.7
41;2021-07-04;1;2;180489;123724;55.1;37.7
41;2021-07-05;287;2819;180776;126543;55.1;38.6
41;2021-07-06;666;3635;181442;130178;55.3;39.7
41;2021-07-07;479;3139;181921;133317;55.5;40.7
41;2021-07-08;942;3369;182863;136686;55.8;41.7
41;2021-07-09;540;3641;183403;140327;55.9;42.8
41;2021-07-10;247;2088;183650;142415;56.0;43.4
41;2021-07-11;5;281;183655;142696;56.0;43.5
41;2021-07-12;860;2290;184515;144986;56.3;44.2
41;2021-07-13;1198;3288;185713;148274;56.6;45.2
41;2021-07-14;140;1080;185853;149354;56.7;45.6
41;2021-07-15;1334;3322;187187;152676;57.1;46.6
41;2021-07-16;1091;3391;188278;156067;57.4;47.6
41;2021-07-17;342;807;188620;156874;57.5;47.9
41;2021-07-18;24;32;188644;156906;57.5;47.9
41;2021-07-19;1189;2319;189833;159225;57.9;48.6
41;2021-07-20;1639;2745;191472;161970;58.4;49.4
41;2021-07-21;1707;2083;193179;164053;58.9;50.0
41;2021-07-22;2261;2302;195440;166355;59.6;50.7
41;2021-07-23;2098;2469;197538;168824;60.3;51.5
41;2021-07-24;328;840;197866;169664;60.4;51.8
41;2021-07-25;18;23;197884;169687;60.4;51.8
41;2021-07-26;1898;1684;199782;171371;60.9;52.3
41;2021-07-27;2532;2342;202314;173713;61.7;53.0
41;2021-07-28;2161;1829;204475;175542;62.4;53.5
41;2021-07-29;2342;2024;206817;177566;63.1;54.2
41;2021-07-30;2152;2086;208969;179652;63.7;54.8
41;2021-07-31;378;579;209347;180231;63.9;55.0
41;2021-08-01;18;7;209365;180238;63.9;55.0
41;2021-08-02;1544;1607;210909;181845;64.3;55.5
41;2021-08-03;2507;1860;213416;183705;65.1;56.0
41;2021-08-04;2292;1198;215708;184903;65.8;56.4
41;2021-08-05;3030;1257;218738;186160;66.7;56.8
41;2021-08-06;2206;1301;220944;187461;67.4;57.2
41;2021-08-07;508;346;221452;187807;67.5;57.3
41;2021-08-08;13;20;221465;187827;67.6;57.3
41;2021-08-09;1685;1355;223150;189182;68.1;57.7
41;2021-08-10;2560;1417;225710;190599;68.8;58.1
41;2021-08-11;1591;1436;227301;192035;69.3;58.6
41;2021-08-12;1935;1331;229236;193366;69.9;59.0
41;2021-08-13;1452;1692;230688;195058;70.4;59.5
41;2021-08-14;362;204;231050;195262;70.5;59.6
41;2021-08-15;0;16;231050;195278;70.5;59.6
41;2021-08-16;865;2067;231915;197345;70.7;60.2
41;2021-08-17;1498;1634;233413;198979;71.2;60.7
41;2021-08-18;1131;1967;234544;200946;71.5;61.3
41;2021-08-19;1306;1550;235850;202496;71.9;61.8
41;2021-08-20;915;2307;236765;204803;72.2;62.5
41;2021-08-21;120;227;236885;205030;72.3;62.5
41;2021-08-22;1;32;236886;205062;72.3;62.6
42;2020-12-27;2;0;2;0;0.0;0.0
42;2020-12-28;0;0;2;0;0.0;0.0
42;2020-12-29;0;0;2;0;0.0;0.0
42;2020-12-30;0;0;2;0;0.0;0.0
42;2020-12-31;0;0;2;0;0.0;0.0
42;2021-01-01;0;0;2;0;0.0;0.0
42;2021-01-02;0;0;2;0;0.0;0.0
42;2021-01-03;0;0;2;0;0.0;0.0
42;2021-01-04;1;0;3;0;0.0;0.0
42;2021-01-05;1;0;4;0;0.0;0.0
42;2021-01-06;178;1;182;1;0.0;0.0
42;2021-01-07;256;0;438;1;0.1;0.0
42;2021-01-08;264;1;702;2;0.1;0.0
42;2021-01-09;136;0;838;2;0.1;0.0
42;2021-01-10;0;0;838;2;0.1;0.0
42;2021-01-11;293;2;1131;4;0.1;0.0
42;2021-01-12;412;1;1543;5;0.2;0.0
42;2021-01-13;527;2;2070;7;0.3;0.0
42;2021-01-14;773;4;2843;11;0.4;0.0
42;2021-01-15;703;4;3546;15;0.5;0.0
42;2021-01-16;298;2;3844;17;0.5;0.0
42;2021-01-17;219;0;4063;17;0.5;0.0
42;2021-01-18;969;1;5032;18;0.7;0.0
42;2021-01-19;1328;11;6360;29;0.8;0.0
42;2021-01-20;956;4;7316;33;1.0;0.0
42;2021-01-21;1020;6;8336;39;1.1;0.0
42;2021-01-22;992;6;9328;45;1.2;0.0
42;2021-01-23;401;0;9729;45;1.3;0.0
42;2021-01-24;358;0;10087;45;1.3;0.0
42;2021-01-25;1099;13;11186;58;1.5;0.0
42;2021-01-26;1746;19;12932;77;1.7;0.0
42;2021-01-27;1457;123;14389;200;1.9;0.0
42;2021-01-28;1666;143;16055;343;2.1;0.0
42;2021-01-29;946;118;17001;461;2.2;0.1
42;2021-01-30;257;113;17258;574;2.3;0.1
42;2021-01-31;258;2;17516;576;2.3;0.1
42;2021-02-01;736;62;18252;638;2.4;0.1
42;2021-02-02;1805;298;20057;936;2.6;0.1
42;2021-02-03;1517;488;21574;1424;2.8;0.2
42;2021-02-04;1282;615;22856;2039;3.0;0.3
42;2021-02-05;684;527;23540;2566;3.1;0.3
42;2021-02-06;303;149;23843;2715;3.1;0.4
42;2021-02-07;275;153;24118;2868;3.2;0.4
42;2021-02-08;508;620;24626;3488;3.2;0.5
42;2021-02-09;703;803;25329;4291;3.3;0.6
42;2021-02-10;740;691;26069;4982;3.4;0.7
42;2021-02-11;771;681;26840;5663;3.5;0.7
42;2021-02-12;675;753;27515;6416;3.6;0.8
42;2021-02-13;427;305;27942;6721;3.7;0.9
42;2021-02-14;186;228;28128;6949;3.7;0.9
42;2021-02-15;521;820;28649;7769;3.7;1.0
42;2021-02-16;489;1248;29138;9017;3.8;1.2
42;2021-02-17;517;1534;29655;10551;3.9;1.4
42;2021-02-18;754;1387;30409;11938;4.0;1.6
42;2021-02-19;767;1021;31176;12959;4.1;1.7
42;2021-02-20;248;412;31424;13371;4.1;1.7
42;2021-02-21;63;328;31487;13699;4.1;1.8
42;2021-02-22;575;967;32062;14666;4.2;1.9
42;2021-02-23;1206;1430;33268;16096;4.4;2.1
42;2021-02-24;1244;1221;34512;17317;4.5;2.3
42;2021-02-25;1666;1418;36178;18735;4.7;2.4
42;2021-02-26;1646;930;37824;19665;4.9;2.6
42;2021-02-27;580;295;38404;19960;5.0;2.6
42;2021-02-28;166;127;38570;20087;5.0;2.6
42;2021-03-01;807;847;39377;20934;5.1;2.7
42;2021-03-02;1275;814;40652;21748;5.3;2.8
42;2021-03-03;1366;804;42018;22552;5.5;2.9
42;2021-03-04;1705;716;43723;23268;5.7;3.0
42;2021-03-05;2626;668;46349;23936;6.1;3.1
42;2021-03-06;1932;264;48281;24200;6.3;3.2
42;2021-03-07;1492;92;49773;24292;6.5;3.2
42;2021-03-08;1405;511;51178;24803;6.7;3.2
42;2021-03-09;1984;457;53162;25260;7.0;3.3
42;2021-03-10;2053;499;55215;25759;7.2;3.4
42;2021-03-11;3048;612;58263;26371;7.6;3.4
42;2021-03-12;3007;826;61270;27197;8.0;3.6
42;2021-03-13;1479;364;62749;27561;8.2;3.6
42;2021-03-14;472;177;63221;27738;8.3;3.6
42;2021-03-15;1571;597;64792;28335;8.5;3.7
42;2021-03-16;1473;779;66265;29114;8.7;3.8
42;2021-03-17;1718;1078;67983;30192;8.9;3.9
42;2021-03-18;1804;1030;69787;31222;9.1;4.1
42;2021-03-19;2566;675;72353;31897;9.5;4.2
42;2021-03-20;1672;231;74025;32128;9.7;4.2
42;2021-03-21;526;97;74551;32225;9.7;4.2
42;2021-03-22;1427;737;75978;32962;9.9;4.3
42;2021-03-23;2505;862;78483;33824;10.3;4.4
42;2021-03-24;2783;786;81266;34610;10.6;4.5
42;2021-03-25;3720;934;84986;35544;11.1;4.6
42;2021-03-26;3760;788;88746;36332;11.6;4.8
42;2021-03-27;1806;448;90552;36780;11.8;4.8
42;2021-03-28;1040;214;91592;36994;12.0;4.8
42;2021-03-29;2062;923;93654;37917;12.2;5.0
42;2021-03-30;3144;865;96798;38782;12.7;5.1
42;2021-03-31;2442;1068;99240;39850;13.0;5.2
42;2021-04-01;3392;1047;102632;40897;13.4;5.3
42;2021-04-02;2849;1225;105481;42122;13.8;5.5
42;2021-04-03;1418;607;106899;42729;14.0;5.6
42;2021-04-04;1404;395;108303;43124;14.2;5.6
42;2021-04-05;1900;296;110203;43420;14.4;5.7
42;2021-04-06;2292;1410;112495;44830;14.7;5.9
42;2021-04-07;2760;1829;115255;46659;15.1;6.1
42;2021-04-08;4022;1593;119277;48252;15.6;6.3
42;2021-04-09;5134;1545;124411;49797;16.3;6.5
42;2021-04-10;2591;760;127002;50557;16.6;6.6
42;2021-04-11;1955;424;128957;50981;16.9;6.7
42;2021-04-12;3699;1547;132656;52528;17.3;6.9
42;2021-04-13;4659;1809;137315;54337;18.0;7.1
42;2021-04-14;4312;1897;141627;56234;18.5;7.4
42;2021-04-15;4809;1820;146436;58054;19.1;7.6
42;2021-04-16;4618;1884;151054;59938;19.8;7.8
42;2021-04-17;2982;1074;154036;61012;20.1;8.0
42;2021-04-18;1884;414;155920;61426;20.4;8.0
42;2021-04-19;3089;1536;159009;62962;20.8;8.2
42;2021-04-20;3467;1951;162476;64913;21.2;8.5
42;2021-04-21;3476;1747;165952;66660;21.7;8.7
42;2021-04-22;3769;1946;169721;68606;22.2;9.0
42;2021-04-23;3837;2011;173558;70617;22.7;9.2
42;2021-04-24;2363;1519;175921;72136;23.0;9.4
42;2021-04-25;1659;943;177580;73079;23.2;9.6
42;2021-04-26;3276;1731;180856;74810;23.6;9.8
42;2021-04-27;3257;2210;184113;77020;24.1;10.1
42;2021-04-28;3464;2619;187577;79639;24.5;10.4
42;2021-04-29;3770;2804;191347;82443;25.0;10.8
42;2021-04-30;3361;3033;194708;85476;25.5;11.2
42;2021-05-01;2969;1049;197677;86525;25.8;11.3
42;2021-05-02;1935;1260;199612;87785;26.1;11.5
42;2021-05-03;2869;2768;202481;90553;26.5;11.8
42;2021-05-04;3418;3130;205899;93683;26.9;12.3
42;2021-05-05;3326;3398;209225;97081;27.4;12.7
42;2021-05-06;3888;3770;213113;100851;27.9;13.2
42;2021-05-07;3730;4033;216843;104884;28.4;13.7
42;2021-05-08;3165;1069;220008;105953;28.8;13.9
42;2021-05-09;1505;2212;221513;108165;29.0;14.1
42;2021-05-10;3250;3831;224763;111996;29.4;14.6
42;2021-05-11;5576;3913;230339;115909;30.1;15.2
42;2021-05-12;5343;3568;235682;119477;30.8;15.6
42;2021-05-13;5454;1143;241136;120620;31.5;15.8
42;2021-05-14;5241;2926;246377;123546;32.2;16.2
42;2021-05-15;4881;2122;251258;125668;32.9;16.4
42;2021-05-16;2873;1036;254131;126704;33.2;16.6
42;2021-05-17;5888;2840;260019;129544;34.0;16.9
42;2021-05-18;6251;2979;266270;132523;34.8;17.3
42;2021-05-19;6525;2750;272795;135273;35.7;17.7
42;2021-05-20;7106;2897;279901;138170;36.6;18.1
42;2021-05-21;6352;3270;286253;141440;37.4;18.5
42;2021-05-22;5835;2127;292088;143567;38.2;18.8
42;2021-05-23;2835;873;294923;144440;38.6;18.9
42;2021-05-24;5252;1429;300175;145869;39.3;19.1
42;2021-05-25;5155;3945;305330;149814;39.9;19.6
42;2021-05-26;5160;3459;310490;153273;40.6;20.0
42;2021-05-27;5368;3634;315858;156907;41.3;20.5
42;2021-05-28;5040;4207;320898;161114;42.0;21.1
42;2021-05-29;4343;2985;325241;164099;42.5;21.5
42;2021-05-30;1981;1211;327222;165310;42.8;21.6
42;2021-05-31;4242;3427;331464;168737;43.3;22.1
42;2021-06-01;4593;3570;336057;172307;43.9;22.5
42;2021-06-02;4478;3017;340535;175324;44.5;22.9
42;2021-06-03;4928;3840;345463;179164;45.2;23.4
42;2021-06-04;4767;4221;350230;183385;45.8;24.0
42;2021-06-05;3688;2425;353918;185810;46.3;24.3
42;2021-06-06;1445;1293;355363;187103;46.5;24.5
42;2021-06-07;3992;3374;359355;190477;47.0;24.9
42;2021-06-08;3464;3246;362819;193723;47.4;25.3
42;2021-06-09;2963;3202;365782;196925;47.8;25.8
42;2021-06-10;3242;2936;369024;199861;48.3;26.1
42;2021-06-11;3588;4118;372612;203979;48.7;26.7
42;2021-06-12;2863;2881;375475;206860;49.1;27.0
42;2021-06-13;943;1278;376418;208138;49.2;27.2
42;2021-06-14;2313;4062;378731;212200;49.5;27.7
42;2021-06-15;2831;4072;381562;216272;49.9;28.3
42;2021-06-16;2924;3551;384486;219823;50.3;28.7
42;2021-06-17;2638;3741;387124;223564;50.6;29.2
42;2021-06-18;3092;5147;390216;228711;51.0;29.9
42;2021-06-19;2848;4242;393064;232953;51.4;30.5
42;2021-06-20;857;1843;393921;234796;51.5;30.7
42;2021-06-21;1907;6277;395828;241073;51.8;31.5
42;2021-06-22;1875;5892;397703;246965;52.0;32.3
42;2021-06-23;1842;5322;399545;252287;52.2;33.0
42;2021-06-24;1786;4683;401331;256970;52.5;33.6
42;2021-06-25;2039;6951;403370;263921;52.7;34.5
42;2021-06-26;1409;5819;404779;269740;52.9;35.3
42;2021-06-27;757;2854;405536;272594;53.0;35.6
42;2021-06-28;1744;7057;407280;279651;53.3;36.6
42;2021-06-29;1528;6564;408808;286215;53.5;37.4
42;2021-06-30;1967;5764;410775;291979;53.7;38.2
42;2021-07-01;1779;5121;412554;297100;53.9;38.8
42;2021-07-02;2049;6747;414603;303847;54.2;39.7
42;2021-07-03;1761;5976;416364;309823;54.4;40.5
42;2021-07-04;854;2514;417218;312337;54.6;40.8
42;2021-07-05;1716;6286;418934;318623;54.8;41.7
42;2021-07-06;2104;5574;421038;324197;55.1;42.4
42;2021-07-07;2335;4658;423373;328855;55.4;43.0
42;2021-07-08;2273;3960;425646;332815;55.7;43.5
42;2021-07-09;2416;6099;428062;338914;56.0;44.3
42;2021-07-10;1694;5583;429756;344497;56.2;45.0
42;2021-07-11;921;2302;430677;346799;56.3;45.3
42;2021-07-12;1776;6291;432453;353090;56.5;46.2
42;2021-07-13;3608;6280;436061;359370;57.0;47.0
42;2021-07-14;4477;2049;440538;361419;57.6;47.3
42;2021-07-15;4558;5623;445096;367042;58.2;48.0
42;2021-07-16;4443;6192;449539;373234;58.8;48.8
42;2021-07-17;3220;4702;452759;377936;59.2;49.4
42;2021-07-18;1840;1742;454599;379678;59.4;49.6
42;2021-07-19;3800;5076;458399;384754;59.9;50.3
42;2021-07-20;4716;4863;463115;389617;60.6;50.9
42;2021-07-21;5171;4714;468286;394331;61.2;51.6
42;2021-07-22;5492;3935;473778;398266;62.0;52.1
42;2021-07-23;5473;5110;479251;403376;62.7;52.7
42;2021-07-24;4031;3826;483282;407202;63.2;53.2
42;2021-07-25;1654;1385;484936;408587;63.4;53.4
42;2021-07-26;4725;4327;489661;412914;64.0;54.0
42;2021-07-27;5323;3957;494984;416871;64.7;54.5
42;2021-07-28;5772;3670;500756;420541;65.5;55.0
42;2021-07-29;5662;3430;506418;423971;66.2;55.4
42;2021-07-30;5109;3764;511527;427735;66.9;55.9
42;2021-07-31;4735;3050;516262;430785;67.5;56.3
42;2021-08-01;2493;1310;518755;432095;67.8;56.5
42;2021-08-02;4317;3105;523072;435200;68.4;56.9
42;2021-08-03;3795;3267;526867;438467;68.9;57.3
42;2021-08-04;3442;3219;530309;441686;69.3;57.8
42;2021-08-05;3382;3314;533691;445000;69.8;58.2
42;2021-08-06;3596;3985;537287;448985;70.3;58.7
42;2021-08-07;2999;3057;540286;452042;70.6;59.1
42;2021-08-08;1184;1711;541470;453753;70.8;59.3
42;2021-08-09;2784;3843;544254;457596;71.2;59.8
42;2021-08-10;3246;3897;547500;461493;71.6;60.3
42;2021-08-11;2576;3513;550076;465006;71.9;60.8
42;2021-08-12;2503;3556;552579;468562;72.3;61.3
42;2021-08-13;2307;3891;554886;472453;72.6;61.8
42;2021-08-14;1635;3260;556521;475713;72.8;62.2
42;2021-08-15;595;1024;557116;476737;72.9;62.3
42;2021-08-16;2058;4558;559174;481295;73.1;62.9
42;2021-08-17;2233;4155;561407;485450;73.4;63.5
42;2021-08-18;2031;4137;563438;489587;73.7;64.0
42;2021-08-19;1920;3361;565358;492948;73.9;64.5
42;2021-08-20;2257;4576;567615;497524;74.2;65.1
42;2021-08-21;1077;3849;568692;501373;74.4;65.6
42;2021-08-22;492;2008;569184;503381;74.4;65.8
43;2020-12-27;0;0;0;0;0.0;0.0
43;2020-12-28;0;0;0;0;0.0;0.0
43;2020-12-29;0;0;0;0;0.0;0.0
43;2020-12-30;0;0;0;0;0.0;0.0
43;2020-12-31;0;0;0;0;0.0;0.0
43;2021-01-01;0;0;0;0;0.0;0.0
43;2021-01-02;0;0;0;0;0.0;0.0
43;2021-01-03;0;0;0;0;0.0;0.0
43;2021-01-04;2;0;2;0;0.0;0.0
43;2021-01-05;0;0;2;0;0.0;0.0
43;2021-01-06;0;0;2;0;0.0;0.0
43;2021-01-07;167;0;169;0;0.1;0.0
43;2021-01-08;151;1;320;1;0.1;0.0
43;2021-01-09;0;0;320;1;0.1;0.0
43;2021-01-10;0;0;320;1;0.1;0.0
43;2021-01-11;137;0;457;1;0.2;0.0
43;2021-01-12;244;1;701;2;0.3;0.0
43;2021-01-13;244;2;945;4;0.4;0.0
43;2021-01-14;294;2;1239;6;0.5;0.0
43;2021-01-15;303;2;1542;8;0.7;0.0
43;2021-01-16;32;0;1574;8;0.7;0.0
43;2021-01-17;0;0;1574;8;0.7;0.0
43;2021-01-18;760;5;2334;13;1.0;0.0
43;2021-01-19;776;6;3110;19;1.4;0.0
43;2021-01-20;519;0;3629;19;1.6;0.0
43;2021-01-21;446;2;4075;21;1.8;0.0
43;2021-01-22;465;7;4540;28;2.0;0.0
43;2021-01-23;1;0;4541;28;2.0;0.0
43;2021-01-24;1;0;4542;28;2.0;0.0
43;2021-01-25;539;0;5081;28;2.2;0.0
43;2021-01-26;615;5;5696;33;2.5;0.0
43;2021-01-27;740;0;6436;33;2.8;0.0
43;2021-01-28;747;32;7183;65;3.2;0.0
43;2021-01-29;719;84;7902;149;3.5;0.1
43;2021-01-30;109;0;8011;149;3.5;0.1
43;2021-01-31;0;0;8011;149;3.5;0.1
43;2021-02-01;404;101;8415;250;3.7;0.1
43;2021-02-02;716;151;9131;401;4.0;0.2
43;2021-02-03;690;43;9821;444;4.3;0.2
43;2021-02-04;523;170;10344;614;4.6;0.3
43;2021-02-05;544;172;10888;786;4.8;0.3
43;2021-02-06;165;19;11053;805;4.9;0.4
43;2021-02-07;0;0;11053;805;4.9;0.4
43;2021-02-08;411;304;11464;1109;5.1;0.5
43;2021-02-09;369;432;11833;1541;5.2;0.7
43;2021-02-10;400;362;12233;1903;5.4;0.8
43;2021-02-11;388;396;12621;2299;5.6;1.0
43;2021-02-12;425;202;13046;2501;5.7;1.1
43;2021-02-13;570;42;13616;2543;6.0;1.1
43;2021-02-14;0;0;13616;2543;6.0;1.1
43;2021-02-15;68;479;13684;3022;6.0;1.3
43;2021-02-16;41;373;13725;3395;6.0;1.5
43;2021-02-17;87;486;13812;3881;6.1;1.7
43;2021-02-18;147;379;13959;4260;6.2;1.9
43;2021-02-19;278;514;14237;4774;6.3;2.1
43;2021-02-20;22;4;14259;4778;6.3;2.1
43;2021-02-21;0;0;14259;4778;6.3;2.1
43;2021-02-22;16;501;14275;5279;6.3;2.3
43;2021-02-23;201;799;14476;6078;6.4;2.7
43;2021-02-24;147;725;14623;6803;6.4;3.0
43;2021-02-25;227;695;14850;7498;6.5;3.3
43;2021-02-26;222;671;15072;8169;6.6;3.6
43;2021-02-27;138;75;15210;8244;6.7;3.6
43;2021-02-28;1;0;15211;8244;6.7;3.6
43;2021-03-01;210;479;15421;8723;6.8;3.8
43;2021-03-02;342;580;15763;9303;6.9;4.1
43;2021-03-03;339;588;16102;9891;7.1;4.4
43;2021-03-04;551;462;16653;10353;7.3;4.6
43;2021-03-05;566;451;17219;10804;7.6;4.8
43;2021-03-06;489;179;17708;10983;7.8;4.8
43;2021-03-07;12;0;17720;10983;7.8;4.8
43;2021-03-08;446;445;18166;11428;8.0;5.0
43;2021-03-09;621;356;18787;11784;8.3;5.2
43;2021-03-10;674;500;19461;12284;8.6;5.4
43;2021-03-11;953;442;20414;12726;9.0;5.6
43;2021-03-12;945;427;21359;13153;9.4;5.8
43;2021-03-13;792;116;22151;13269;9.8;5.8
43;2021-03-14;2;0;22153;13269;9.8;5.8
43;2021-03-15;706;142;22859;13411;10.1;5.9
43;2021-03-16;848;283;23707;13694;10.4;6.0
43;2021-03-17;638;136;24345;13830;10.7;6.1
43;2021-03-18;675;137;25020;13967;11.0;6.2
43;2021-03-19;839;108;25859;14075;11.4;6.2
43;2021-03-20;450;60;26309;14135;11.6;6.2
43;2021-03-21;0;0;26309;14135;11.6;6.2
43;2021-03-22;744;40;27053;14175;11.9;6.2
43;2021-03-23;872;45;27925;14220;12.3;6.3
43;2021-03-24;1174;80;29099;14300;12.8;6.3
43;2021-03-25;1594;150;30693;14450;13.5;6.4
43;2021-03-26;1609;186;32302;14636;14.2;6.5
43;2021-03-27;1449;74;33751;14710;14.9;6.5
43;2021-03-28;420;20;34171;14730;15.1;6.5
43;2021-03-29;1095;171;35266;14901;15.5;6.6
43;2021-03-30;1313;239;36579;15140;16.1;6.7
43;2021-03-31;1305;261;37884;15401;16.7;6.8
43;2021-04-01;1346;341;39230;15742;17.3;6.9
43;2021-04-02;1052;352;40282;16094;17.8;7.1
43;2021-04-03;339;198;40621;16292;17.9;7.2
43;2021-04-04;0;0;40621;16292;17.9;7.2
43;2021-04-05;3;0;40624;16292;17.9;7.2
43;2021-04-06;688;603;41312;16895;18.2;7.4
43;2021-04-07;868;575;42180;17470;18.6;7.7
43;2021-04-08;1086;463;43266;17933;19.1;7.9
43;2021-04-09;1148;659;44414;18592;19.6;8.2
43;2021-04-10;626;262;45040;18854;19.9;8.3
43;2021-04-11;0;0;45040;18854;19.9;8.3
43;2021-04-12;682;652;45722;19506;20.2;8.6
43;2021-04-13;917;725;46639;20231;20.6;8.9
43;2021-04-14;725;667;47364;20898;20.9;9.2
43;2021-04-15;959;699;48323;21597;21.3;9.5
43;2021-04-16;1008;691;49331;22288;21.7;9.8
43;2021-04-17;423;302;49754;22590;21.9;10.0
43;2021-04-18;3;5;49757;22595;21.9;10.0
43;2021-04-19;629;568;50386;23163;22.2;10.2
43;2021-04-20;840;673;51226;23836;22.6;10.5
43;2021-04-21;320;988;51546;24824;22.7;10.9
43;2021-04-22;680;1015;52226;25839;23.0;11.4
43;2021-04-23;401;1101;52627;26940;23.2;11.9
43;2021-04-24;347;1040;52974;27980;23.3;12.3
43;2021-04-25;23;403;52997;28383;23.4;12.5
43;2021-04-26;386;965;53383;29348;23.5;12.9
43;2021-04-27;825;987;54208;30335;23.9;13.4
43;2021-04-28;794;1107;55002;31442;24.2;13.9
43;2021-04-29;1238;1140;56240;32582;24.8;14.4
43;2021-04-30;1199;1067;57439;33649;25.3;14.8
43;2021-05-01;400;25;57839;33674;25.5;14.8
43;2021-05-02;1;0;57840;33674;25.5;14.8
43;2021-05-03;1218;407;59058;34081;26.0;15.0
43;2021-05-04;1236;953;60294;35034;26.6;15.4
43;2021-05-05;1144;848;61438;35882;27.1;15.8
43;2021-05-06;1404;937;62842;36819;27.7;16.2
43;2021-05-07;1088;1174;63930;37993;28.2;16.7
43;2021-05-08;519;136;64449;38129;28.4;16.8
43;2021-05-09;0;2;64449;38131;28.4;16.8
43;2021-05-10;1085;723;65534;38854;28.9;17.1
43;2021-05-11;1554;1008;67088;39862;29.6;17.6
43;2021-05-12;1481;808;68569;40670;30.2;17.9
43;2021-05-13;936;379;69505;41049;30.6;18.1
43;2021-05-14;2204;1108;71709;42157;31.6;18.6
43;2021-05-15;1271;317;72980;42474;32.2;18.7
43;2021-05-16;272;47;73252;42521;32.3;18.7
43;2021-05-17;1625;629;74877;43150;33.0;19.0
43;2021-05-18;1966;673;76843;43823;33.9;19.3
43;2021-05-19;2065;573;78908;44396;34.8;19.6
43;2021-05-20;2338;805;81246;45201;35.8;19.9
43;2021-05-21;2385;706;83631;45907;36.9;20.2
43;2021-05-22;1209;340;84840;46247;37.4;20.4
43;2021-05-23;1;0;84841;46247;37.4;20.4
43;2021-05-24;382;99;85223;46346;37.6;20.4
43;2021-05-25;1408;653;86631;46999;38.2;20.7
43;2021-05-26;1349;558;87980;47557;38.8;21.0
43;2021-05-27;1389;711;89369;48268;39.4;21.3
43;2021-05-28;1348;734;90717;49002;40.0;21.6
43;2021-05-29;1135;604;91852;49606;40.5;21.9
43;2021-05-30;149;17;92001;49623;40.5;21.9
43;2021-05-31;1208;442;93209;50065;41.1;22.1
43;2021-06-01;1279;985;94488;51050;41.6;22.5
43;2021-06-02;1086;700;95574;51750;42.1;22.8
43;2021-06-03;1193;856;96767;52606;42.6;23.2
43;2021-06-04;1350;858;98117;53464;43.2;23.6
43;2021-06-05;824;452;98941;53916;43.6;23.8
43;2021-06-06;10;5;98951;53921;43.6;23.8
43;2021-06-07;748;518;99699;54439;43.9;24.0
43;2021-06-08;664;704;100363;55143;44.2;24.3
43;2021-06-09;539;760;100902;55903;44.5;24.6
43;2021-06-10;808;1120;101710;57023;44.8;25.1
43;2021-06-11;759;1347;102469;58370;45.2;25.7
43;2021-06-12;914;513;103383;58883;45.6;26.0
43;2021-06-13;3;27;103386;58910;45.6;26.0
43;2021-06-14;446;1089;103832;59999;45.8;26.4
43;2021-06-15;630;1196;104462;61195;46.0;27.0
43;2021-06-16;549;975;105011;62170;46.3;27.4
43;2021-06-17;602;1503;105613;63673;46.5;28.1
43;2021-06-18;900;1464;106513;65137;46.9;28.7
43;2021-06-19;448;782;106961;65919;47.1;29.1
43;2021-06-20;0;12;106961;65931;47.1;29.1
43;2021-06-21;423;1306;107384;67237;47.3;29.6
43;2021-06-22;533;1960;107917;69197;47.6;30.5
43;2021-06-23;343;1743;108260;70940;47.7;31.3
43;2021-06-24;512;1494;108772;72434;47.9;31.9
43;2021-06-25;596;2346;109368;74780;48.2;33.0
43;2021-06-26;505;1245;109873;76025;48.4;33.5
43;2021-06-27;10;20;109883;76045;48.4;33.5
43;2021-06-28;341;1785;110224;77830;48.6;34.3
43;2021-06-29;524;2382;110748;80212;48.8;35.4
43;2021-06-30;460;2275;111208;82487;49.0;36.4
43;2021-07-01;472;1910;111680;84397;49.2;37.2
43;2021-07-02;499;1964;112179;86361;49.4;38.1
43;2021-07-03;258;1108;112437;87469;49.6;38.5
43;2021-07-04;1;0;112438;87469;49.6;38.5
43;2021-07-05;526;1199;112964;88668;49.8;39.1
43;2021-07-06;633;1678;113597;90346;50.1;39.8
43;2021-07-07;524;1420;114121;91766;50.3;40.4
43;2021-07-08;838;1418;114959;93184;50.7;41.1
43;2021-07-09;550;1499;115509;94683;50.9;41.7
43;2021-07-10;401;1337;115910;96020;51.1;42.3
43;2021-07-11;23;99;115933;96119;51.1;42.4
43;2021-07-12;602;1685;116535;97804;51.4;43.1
43;2021-07-13;1187;1849;117722;99653;51.9;43.9
43;2021-07-14;847;159;118569;99812;52.3;44.0
43;2021-07-15;1933;1839;120502;101651;53.1;44.8
43;2021-07-16;1751;1617;122253;103268;53.9;45.5
43;2021-07-17;1544;1198;123797;104466;54.6;46.0
43;2021-07-18;4;19;123801;104485;54.6;46.0
43;2021-07-19;1439;1260;125240;105745;55.2;46.6
43;2021-07-20;1894;1450;127134;107195;56.0;47.2
43;2021-07-21;1848;1110;128982;108305;56.8;47.7
43;2021-07-22;2110;1329;131092;109634;57.8;48.3
43;2021-07-23;1616;1324;132708;110958;58.5;48.9
43;2021-07-24;577;996;133285;111954;58.7;49.3
43;2021-07-25;0;1;133285;111955;58.7;49.3
43;2021-07-26;1640;1068;134925;113023;59.5;49.8
43;2021-07-27;2276;1221;137201;114244;60.5;50.3
43;2021-07-28;1951;1089;139152;115333;61.3;50.8
43;2021-07-29;1981;1017;141133;116350;62.2;51.3
43;2021-07-30;1866;1339;142999;117689;63.0;51.9
43;2021-07-31;704;610;143703;118299;63.3;52.1
43;2021-08-01;13;20;143716;118319;63.3;52.1
43;2021-08-02;1530;967;145246;119286;64.0;52.6
43;2021-08-03;1397;1166;146643;120452;64.6;53.1
43;2021-08-04;1259;1109;147902;121561;65.2;53.6
43;2021-08-05;1251;1288;149153;122849;65.7;54.1
43;2021-08-06;1126;1468;150279;124317;66.2;54.8
43;2021-08-07;494;749;150773;125066;66.4;55.1
43;2021-08-08;4;0;150777;125066;66.5;55.1
43;2021-08-09;817;1633;151594;126699;66.8;55.8
43;2021-08-10;1018;1587;152612;128286;67.3;56.5
43;2021-08-11;678;1340;153290;129626;67.6;57.1
43;2021-08-12;871;1600;154161;131226;67.9;57.8
43;2021-08-13;630;1174;154791;132400;68.2;58.4
43;2021-08-14;332;541;155123;132941;68.4;58.6
43;2021-08-15;3;9;155126;132950;68.4;58.6
43;2021-08-16;680;1673;155806;134623;68.7;59.3
43;2021-08-17;711;1499;156517;136122;69.0;60.0
43;2021-08-18;556;1511;157073;137633;69.2;60.7
43;2021-08-19;642;1609;157715;139242;69.5;61.4
43;2021-08-20;516;1592;158231;140834;69.7;62.1
43;2021-08-21;229;549;158460;141383;69.8;62.3
43;2021-08-22;6;7;158466;141390;69.8;62.3
44;2020-12-27;1;0;1;0;0.0;0.0
44;2020-12-28;1;0;2;0;0.0;0.0
44;2020-12-29;0;0;2;0;0.0;0.0
44;2020-12-30;1;0;3;0;0.0;0.0
44;2020-12-31;0;0;3;0;0.0;0.0
44;2021-01-01;0;0;3;0;0.0;0.0
44;2021-01-02;0;0;3;0;0.0;0.0
44;2021-01-03;3;0;6;0;0.0;0.0
44;2021-01-04;0;0;6;0;0.0;0.0
44;2021-01-05;1;0;7;0;0.0;0.0
44;2021-01-06;20;1;27;1;0.0;0.0
44;2021-01-07;187;0;214;1;0.0;0.0
44;2021-01-08;528;0;742;1;0.1;0.0
44;2021-01-09;473;0;1215;1;0.1;0.0
44;2021-01-10;455;1;1670;2;0.1;0.0
44;2021-01-11;802;1;2472;3;0.2;0.0
44;2021-01-12;906;1;3378;4;0.2;0.0
44;2021-01-13;1087;1;4465;5;0.3;0.0
44;2021-01-14;1115;7;5580;12;0.4;0.0
44;2021-01-15;988;1;6568;13;0.5;0.0
44;2021-01-16;335;2;6903;15;0.5;0.0
44;2021-01-17;328;1;7231;16;0.5;0.0
44;2021-01-18;856;3;8087;19;0.6;0.0
44;2021-01-19;2616;4;10703;23;0.7;0.0
44;2021-01-20;2740;5;13443;28;0.9;0.0
44;2021-01-21;4533;8;17976;36;1.3;0.0
44;2021-01-22;2416;6;20392;42;1.4;0.0
44;2021-01-23;765;1;21157;43;1.5;0.0
44;2021-01-24;119;0;21276;43;1.5;0.0
44;2021-01-25;830;0;22106;43;1.5;0.0
44;2021-01-26;2563;19;24669;62;1.7;0.0
44;2021-01-27;2096;63;26765;125;1.9;0.0
44;2021-01-28;3733;193;30498;318;2.1;0.0
44;2021-01-29;2370;493;32868;811;2.3;0.1
44;2021-01-30;628;214;33496;1025;2.3;0.1
44;2021-01-31;14;213;33510;1238;2.3;0.1
44;2021-02-01;591;544;34101;1782;2.4;0.1
44;2021-02-02;878;760;34979;2542;2.4;0.2
44;2021-02-03;890;896;35869;3438;2.5;0.2
44;2021-02-04;937;724;36806;4162;2.6;0.3
44;2021-02-05;894;627;37700;4789;2.6;0.3
44;2021-02-06;467;268;38167;5057;2.7;0.4
44;2021-02-07;72;207;38239;5264;2.7;0.4
44;2021-02-08;521;459;38760;5723;2.7;0.4
44;2021-02-09;991;1255;39751;6978;2.8;0.5
44;2021-02-10;1142;1314;40893;8292;2.8;0.6
44;2021-02-11;2289;3045;43182;11337;3.0;0.8
44;2021-02-12;1663;1758;44845;13095;3.1;0.9
44;2021-02-13;433;515;45278;13610;3.2;0.9
44;2021-02-14;10;180;45288;13790;3.2;1.0
44;2021-02-15;505;1102;45793;14892;3.2;1.0
44;2021-02-16;1440;2565;47233;17457;3.3;1.2
44;2021-02-17;1104;2174;48337;19631;3.4;1.4
44;2021-02-18;1958;3723;50295;23354;3.5;1.6
44;2021-02-19;1579;2539;51874;25893;3.6;1.8
44;2021-02-20;409;644;52283;26537;3.6;1.8
44;2021-02-21;6;177;52289;26714;3.6;1.9
44;2021-02-22;717;836;53006;27550;3.7;1.9
44;2021-02-23;1246;1129;54252;28679;3.8;2.0
44;2021-02-24;1239;1096;55491;29775;3.9;2.1
44;2021-02-25;2442;1086;57933;30861;4.0;2.1
44;2021-02-26;2290;963;60223;31824;4.2;2.2
44;2021-02-27;976;453;61199;32277;4.3;2.2
44;2021-02-28;6;32;61205;32309;4.3;2.2
44;2021-03-01;991;562;62196;32871;4.3;2.3
44;2021-03-02;1802;1053;63998;33924;4.5;2.4
44;2021-03-03;1859;1136;65857;35060;4.6;2.4
44;2021-03-04;2881;1581;68738;36641;4.8;2.5
44;2021-03-05;3479;1333;72217;37974;5.0;2.6
44;2021-03-06;2508;496;74725;38470;5.2;2.7
44;2021-03-07;988;89;75713;38559;5.3;2.7
44;2021-03-08;1785;612;77498;39171;5.4;2.7
44;2021-03-09;3352;1152;80850;40323;5.6;2.8
44;2021-03-10;3079;1117;83929;41440;5.8;2.9
44;2021-03-11;4439;1792;88368;43232;6.1;3.0
44;2021-03-12;5891;1309;94259;44541;6.6;3.1
44;2021-03-13;3632;300;97891;44841;6.8;3.1
44;2021-03-14;431;63;98322;44904;6.8;3.1
44;2021-03-15;2687;372;101009;45276;7.0;3.2
44;2021-03-16;2149;630;103158;45906;7.2;3.2
44;2021-03-17;1966;678;105124;46584;7.3;3.2
44;2021-03-18;2168;640;107292;47224;7.5;3.3
44;2021-03-19;3785;367;111077;47591;7.7;3.3
44;2021-03-20;3211;292;114288;47883;8.0;3.3
44;2021-03-21;913;19;115201;47902;8.0;3.3
44;2021-03-22;2463;443;117664;48345;8.2;3.4
44;2021-03-23;3960;703;121624;49048;8.5;3.4
44;2021-03-24;4302;632;125926;49680;8.8;3.5
44;2021-03-25;5625;928;131551;50608;9.2;3.5
44;2021-03-26;6504;762;138055;51370;9.6;3.6
44;2021-03-27;3215;427;141270;51797;9.8;3.6
44;2021-03-28;1244;40;142514;51837;9.9;3.6
44;2021-03-29;3121;791;145635;52628;10.1;3.7
44;2021-03-30;5137;1116;150772;53744;10.5;3.7
44;2021-03-31;4613;1310;155385;55054;10.8;3.8
44;2021-04-01;6137;1009;161522;56063;11.2;3.9
44;2021-04-02;5795;956;167317;57019;11.6;4.0
44;2021-04-03;2435;652;169752;57671;11.8;4.0
44;2021-04-04;665;21;170417;57692;11.9;4.0
44;2021-04-05;692;286;171109;57978;11.9;4.0
44;2021-04-06;4209;1376;175318;59354;12.2;4.1
44;2021-04-07;5077;1654;180395;61008;12.6;4.2
44;2021-04-08;7179;1664;187574;62672;13.1;4.4
44;2021-04-09;10063;1813;197637;64485;13.8;4.5
44;2021-04-10;4563;1452;202200;65937;14.1;4.6
44;2021-04-11;2149;428;204349;66365;14.2;4.6
44;2021-04-12;5465;1588;209814;67953;14.6;4.7
44;2021-04-13;6730;2258;216544;70211;15.1;4.9
44;2021-04-14;5911;2230;222455;72441;15.5;5.0
44;2021-04-15;6701;2211;229156;74652;15.9;5.2
44;2021-04-16;7785;2041;236941;76693;16.5;5.3
44;2021-04-17;4301;1383;241242;78076;16.8;5.4
44;2021-04-18;2254;817;243496;78893;16.9;5.5
44;2021-04-19;5044;1909;248540;80802;17.3;5.6
44;2021-04-20;6281;2649;254821;83451;17.7;5.8
44;2021-04-21;6006;2786;260827;86237;18.1;6.0
44;2021-04-22;6960;2516;267787;88753;18.6;6.2
44;2021-04-23;7332;3172;275119;91925;19.1;6.4
44;2021-04-24;3971;2050;279090;93975;19.4;6.5
44;2021-04-25;2076;1058;281166;95033;19.6;6.6
44;2021-04-26;5649;2762;286815;97795;20.0;6.8
44;2021-04-27;7419;4108;294234;101903;20.5;7.1
44;2021-04-28;7608;3785;301842;105688;21.0;7.4
44;2021-04-29;8964;4278;310806;109966;21.6;7.7
44;2021-04-30;9568;4699;320374;114665;22.3;8.0
44;2021-05-01;2849;925;323223;115590;22.5;8.0
44;2021-05-02;1901;618;325124;116208;22.6;8.1
44;2021-05-03;5548;4076;330672;120284;23.0;8.4
44;2021-05-04;6330;5141;337002;125425;23.4;8.7
44;2021-05-05;6073;4626;343075;130051;23.9;9.0
44;2021-05-06;7256;4884;350331;134935;24.4;9.4
44;2021-05-07;7452;5719;357783;140654;24.9;9.8
44;2021-05-08;2583;1266;360366;141920;25.1;9.9
44;2021-05-09;1801;1815;362167;143735;25.2;10.0
44;2021-05-10;6573;5776;368740;149511;25.7;10.4
44;2021-05-11;7787;6267;376527;155778;26.2;10.8
44;2021-05-12;8193;5724;384720;161502;26.8;11.2
44;2021-05-13;5302;1189;390022;162691;27.1;11.3
44;2021-05-14;7586;3976;397608;166667;27.7;11.6
44;2021-05-15;5008;2234;402616;168901;28.0;11.8
44;2021-05-16;2795;741;405411;169642;28.2;11.8
44;2021-05-17;6745;5153;412156;174795;28.7;12.2
44;2021-05-18;7968;5240;420124;180035;29.2;12.5
44;2021-05-19;8168;4289;428292;184324;29.8;12.8
44;2021-05-20;8365;4650;436657;188974;30.4;13.1
44;2021-05-21;8835;5217;445492;194191;31.0;13.5
44;2021-05-22;5099;2234;450591;196425;31.4;13.7
44;2021-05-23;1759;824;452350;197249;31.5;13.7
44;2021-05-24;4887;1620;457237;198869;31.8;13.8
44;2021-05-25;7741;5547;464978;204416;32.4;14.2
44;2021-05-26;8183;5044;473161;209460;32.9;14.6
44;2021-05-27;9658;5357;482819;214817;33.6;14.9
44;2021-05-28;9187;6917;492006;221734;34.2;15.4
44;2021-05-29;5885;3335;497891;225069;34.6;15.7
44;2021-05-30;1775;705;499666;225774;34.8;15.7
44;2021-05-31;8061;6190;507727;231964;35.3;16.1
44;2021-06-01;9906;6560;517633;238524;36.0;16.6
44;2021-06-02;9527;5696;527160;244220;36.7;17.0
44;2021-06-03;10858;5885;538018;250105;37.4;17.4
44;2021-06-04;9963;8076;547981;258181;38.1;18.0
44;2021-06-05;5781;4344;553762;262525;38.5;18.3
44;2021-06-06;2363;1130;556125;263655;38.7;18.3
44;2021-06-07;9554;6938;565679;270593;39.4;18.8
44;2021-06-08;10913;7500;576592;278093;40.1;19.4
44;2021-06-09;10555;6326;587147;284419;40.9;19.8
44;2021-06-10;11423;6038;598570;290457;41.7;20.2
44;2021-06-11;11957;8644;610527;299101;42.5;20.8
44;2021-06-12;7766;4093;618293;303194;43.0;21.1
44;2021-06-13;2793;1008;621086;304202;43.2;21.2
44;2021-06-14;8766;8408;629852;312610;43.8;21.8
44;2021-06-15;11704;8252;641556;320862;44.6;22.3
44;2021-06-16;10979;7654;652535;328516;45.4;22.9
44;2021-06-17;11733;8680;664268;337196;46.2;23.5
44;2021-06-18;10899;10109;675167;347305;47.0;24.2
44;2021-06-19;5882;4325;681049;351630;47.4;24.5
44;2021-06-20;2533;1336;683582;352966;47.6;24.6
44;2021-06-21;7352;10012;690934;362978;48.1;25.3
44;2021-06-22;8467;10628;699401;373606;48.7;26.0
44;2021-06-23;8557;9131;707958;382737;49.3;26.6
44;2021-06-24;9125;8568;717083;391305;49.9;27.2
44;2021-06-25;7648;10816;724731;402121;50.4;28.0
44;2021-06-26;2961;6471;727692;408592;50.6;28.4
44;2021-06-27;815;2404;728507;410996;50.7;28.6
44;2021-06-28;5229;10058;733736;421054;51.1;29.3
44;2021-06-29;6184;12087;739920;433141;51.5;30.1
44;2021-06-30;6180;10452;746100;443593;51.9;30.9
44;2021-07-01;6930;10489;753030;454082;52.4;31.6
44;2021-07-02;6692;12553;759722;466635;52.9;32.5
44;2021-07-03;2583;7002;762305;473637;53.0;33.0
44;2021-07-04;994;2236;763299;475873;53.1;33.1
44;2021-07-05;5312;11869;768611;487742;53.5;33.9
44;2021-07-06;6058;12599;774669;500341;53.9;34.8
44;2021-07-07;6491;11098;781160;511439;54.4;35.6
44;2021-07-08;7383;11961;788543;523400;54.9;36.4
44;2021-07-09;6243;14255;794786;537655;55.3;37.4
44;2021-07-10;2438;7008;797224;544663;55.5;37.9
44;2021-07-11;730;2262;797954;546925;55.5;38.1
44;2021-07-12;4360;14051;802314;560976;55.8;39.0
44;2021-07-13;5727;14852;808041;575828;56.2;40.1
44;2021-07-14;3639;5808;811680;581636;56.5;40.5
44;2021-07-15;7196;14283;818876;595919;57.0;41.5
44;2021-07-16;8127;14989;827003;610908;57.5;42.5
44;2021-07-17;3369;7578;830372;618486;57.8;43.0
44;2021-07-18;1432;2547;831804;621033;57.9;43.2
44;2021-07-19;4685;14696;836489;635729;58.2;44.2
44;2021-07-20;5991;15674;842480;651403;58.6;45.3
44;2021-07-21;5820;13991;848300;665394;59.0;46.3
44;2021-07-22;6710;13755;855010;679149;59.5;47.3
44;2021-07-23;6148;15644;861158;694793;59.9;48.3
44;2021-07-24;2842;8728;864000;703521;60.1;49.0
44;2021-07-25;939;3089;864939;706610;60.2;49.2
44;2021-07-26;6055;12702;870994;719312;60.6;50.1
44;2021-07-27;9664;12192;880658;731504;61.3;50.9
44;2021-07-28;9219;10848;889877;742352;61.9;51.7
44;2021-07-29;10231;10842;900108;753194;62.6;52.4
44;2021-07-30;9125;10926;909233;764120;63.3;53.2
44;2021-07-31;4747;5647;913980;769767;63.6;53.6
44;2021-08-01;2544;1410;916524;771177;63.8;53.7
44;2021-08-02;6283;9478;922807;780655;64.2;54.3
44;2021-08-03;8335;8546;931142;789201;64.8;54.9
44;2021-08-04;9026;6985;940168;796186;65.4;55.4
44;2021-08-05;11441;7517;951609;803703;66.2;55.9
44;2021-08-06;9607;8204;961216;811907;66.9;56.5
44;2021-08-07;4538;3694;965754;815601;67.2;56.8
44;2021-08-08;2522;1726;968276;817327;67.4;56.9
44;2021-08-09;8830;7974;977106;825301;68.0;57.4
44;2021-08-10;10189;7605;987295;832906;68.7;58.0
44;2021-08-11;10327;6772;997622;839678;69.4;58.4
44;2021-08-12;10291;7335;1007913;847013;70.1;58.9
44;2021-08-13;8285;6138;1016198;853151;70.7;59.4
44;2021-08-14;3186;3220;1019384;856371;70.9;59.6
44;2021-08-15;708;927;1020092;857298;71.0;59.7
44;2021-08-16;5820;8284;1025912;865582;71.4;60.2
44;2021-08-17;5560;8177;1031472;873759;71.8;60.8
44;2021-08-18;4791;7610;1036263;881369;72.1;61.3
44;2021-08-19;4918;8335;1041181;889704;72.4;61.9
44;2021-08-20;4444;8894;1045625;898598;72.8;62.5
44;2021-08-21;1938;4612;1047563;903210;72.9;62.8
44;2021-08-22;691;2439;1048254;905649;72.9;63.0
45;2020-12-27;0;0;0;0;0.0;0.0
45;2020-12-28;1;0;1;0;0.0;0.0
45;2020-12-29;0;0;1;0;0.0;0.0
45;2020-12-30;0;0;1;0;0.0;0.0
45;2020-12-31;1;0;2;0;0.0;0.0
45;2021-01-01;0;0;2;0;0.0;0.0
45;2021-01-02;0;0;2;0;0.0;0.0
45;2021-01-03;0;0;2;0;0.0;0.0
45;2021-01-04;0;0;2;0;0.0;0.0
45;2021-01-05;76;0;78;0;0.0;0.0
45;2021-01-06;68;0;146;0;0.0;0.0
45;2021-01-07;188;0;334;0;0.0;0.0
45;2021-01-08;199;1;533;1;0.1;0.0
45;2021-01-09;42;0;575;1;0.1;0.0
45;2021-01-10;23;0;598;1;0.1;0.0
45;2021-01-11;254;0;852;1;0.1;0.0
45;2021-01-12;680;3;1532;4;0.2;0.0
45;2021-01-13;496;2;2028;6;0.3;0.0
45;2021-01-14;485;38;2513;44;0.4;0.0
45;2021-01-15;391;3;2904;47;0.4;0.0
45;2021-01-16;39;0;2943;47;0.4;0.0
45;2021-01-17;24;0;2967;47;0.4;0.0
45;2021-01-18;814;1;3781;48;0.6;0.0
45;2021-01-19;1196;6;4977;54;0.7;0.0
45;2021-01-20;2114;8;7091;62;1.0;0.0
45;2021-01-21;2523;6;9614;68;1.4;0.0
45;2021-01-22;1409;3;11023;71;1.6;0.0
45;2021-01-23;124;0;11147;71;1.6;0.0
45;2021-01-24;39;0;11186;71;1.6;0.0
45;2021-01-25;557;3;11743;74;1.7;0.0
45;2021-01-26;870;18;12613;92;1.8;0.0
45;2021-01-27;650;45;13263;137;1.9;0.0
45;2021-01-28;882;215;14145;352;2.1;0.1
45;2021-01-29;578;127;14723;479;2.2;0.1
45;2021-01-30;40;41;14763;520;2.2;0.1
45;2021-01-31;37;23;14800;543;2.2;0.1
45;2021-02-01;462;208;15262;751;2.2;0.1
45;2021-02-02;759;468;16021;1219;2.3;0.2
45;2021-02-03;773;481;16794;1700;2.5;0.2
45;2021-02-04;701;268;17495;1968;2.6;0.3
45;2021-02-05;417;151;17912;2119;2.6;0.3
45;2021-02-06;36;28;17948;2147;2.6;0.3
45;2021-02-07;7;31;17955;2178;2.6;0.3
45;2021-02-08;455;194;18410;2372;2.7;0.3
45;2021-02-09;1006;410;19416;2782;2.8;0.4
45;2021-02-10;1279;805;20695;3587;3.0;0.5
45;2021-02-11;1385;1525;22080;5112;3.2;0.7
45;2021-02-12;1052;1142;23132;6254;3.4;0.9
45;2021-02-13;85;158;23217;6412;3.4;0.9
45;2021-02-14;39;11;23256;6423;3.4;0.9
45;2021-02-15;523;609;23779;7032;3.5;1.0
45;2021-02-16;756;941;24535;7973;3.6;1.2
45;2021-02-17;641;1047;25176;9020;3.7;1.3
45;2021-02-18;841;853;26017;9873;3.8;1.4
45;2021-02-19;828;765;26845;10638;3.9;1.6
45;2021-02-20;59;94;26904;10732;3.9;1.6
45;2021-02-21;17;46;26921;10778;3.9;1.6
45;2021-02-22;407;631;27328;11409;4.0;1.7
45;2021-02-23;815;790;28143;12199;4.1;1.8
45;2021-02-24;650;916;28793;13115;4.2;1.9
45;2021-02-25;962;780;29755;13895;4.4;2.0
45;2021-02-26;1044;687;30799;14582;4.5;2.1
45;2021-02-27;290;52;31089;14634;4.6;2.1
45;2021-02-28;28;5;31117;14639;4.6;2.1
45;2021-03-01;533;336;31650;14975;4.6;2.2
45;2021-03-02;671;725;32321;15700;4.7;2.3
45;2021-03-03;982;897;33303;16597;4.9;2.4
45;2021-03-04;1108;988;34411;17585;5.0;2.6
45;2021-03-05;1444;865;35855;18450;5.3;2.7
45;2021-03-06;2020;132;37875;18582;5.5;2.7
45;2021-03-07;143;59;38018;18641;5.6;2.7
45;2021-03-08;752;848;38770;19489;5.7;2.9
45;2021-03-09;1256;722;40026;20211;5.9;3.0
45;2021-03-10;1593;903;41619;21114;6.1;3.1
45;2021-03-11;1720;753;43339;21867;6.3;3.2
45;2021-03-12;2074;611;45413;22478;6.7;3.3
45;2021-03-13;988;47;46401;22525;6.8;3.3
45;2021-03-14;24;43;46425;22568;6.8;3.3
45;2021-03-15;810;598;47235;23166;6.9;3.4
45;2021-03-16;943;837;48178;24003;7.1;3.5
45;2021-03-17;1051;688;49229;24691;7.2;3.6
45;2021-03-18;997;583;50226;25274;7.4;3.7
45;2021-03-19;1619;430;51845;25704;7.6;3.8
45;2021-03-20;498;82;52343;25786;7.7;3.8
45;2021-03-21;20;35;52363;25821;7.7;3.8
45;2021-03-22;914;531;53277;26352;7.8;3.9
45;2021-03-23;1984;720;55261;27072;8.1;4.0
45;2021-03-24;1898;551;57159;27623;8.4;4.0
45;2021-03-25;2983;453;60142;28076;8.8;4.1
45;2021-03-26;3389;482;63531;28558;9.3;4.2
45;2021-03-27;1796;123;65327;28681;9.6;4.2
45;2021-03-28;89;40;65416;28721;9.6;4.2
45;2021-03-29;1529;538;66945;29259;9.8;4.3
45;2021-03-30;2784;785;69729;30044;10.2;4.4
45;2021-03-31;2134;577;71863;30621;10.5;4.5
45;2021-04-01;2973;567;74836;31188;11.0;4.6
45;2021-04-02;2826;513;77662;31701;11.4;4.6
45;2021-04-03;810;73;78472;31774;11.5;4.7
45;2021-04-04;113;33;78585;31807;11.5;4.7
45;2021-04-05;14;2;78599;31809;11.5;4.7
45;2021-04-06;1736;792;80335;32601;11.8;4.8
45;2021-04-07;1775;1113;82110;33714;12.0;4.9
45;2021-04-08;2773;1020;84883;34734;12.4;5.1
45;2021-04-09;3675;645;88558;35379;13.0;5.2
45;2021-04-10;2322;108;90880;35487;13.3;5.2
45;2021-04-11;153;24;91033;35511;13.3;5.2
45;2021-04-12;2606;667;93639;36178;13.7;5.3
45;2021-04-13;3847;1085;97486;37263;14.3;5.5
45;2021-04-14;2930;1217;100416;38480;14.7;5.6
45;2021-04-15;3520;1037;103936;39517;15.2;5.8
45;2021-04-16;3775;685;107711;40202;15.8;5.9
45;2021-04-17;1613;113;109324;40315;16.0;5.9
45;2021-04-18;200;42;109524;40357;16.0;5.9
45;2021-04-19;1937;947;111461;41304;16.3;6.0
45;2021-04-20;3076;1699;114537;43003;16.8;6.3
45;2021-04-21;2722;1305;117259;44308;17.2;6.5
45;2021-04-22;3423;1841;120682;46149;17.7;6.8
45;2021-04-23;3278;1785;123960;47934;18.2;7.0
45;2021-04-24;2023;868;125983;48802;18.4;7.1
45;2021-04-25;291;86;126274;48888;18.5;7.2
45;2021-04-26;2229;1166;128503;50054;18.8;7.3
45;2021-04-27;3352;2352;131855;52406;19.3;7.7
45;2021-04-28;2802;1948;134657;54354;19.7;8.0
45;2021-04-29;3838;2339;138495;56693;20.3;8.3
45;2021-04-30;4390;1811;142885;58504;20.9;8.6
45;2021-05-01;451;61;143336;58565;21.0;8.6
45;2021-05-02;627;122;143963;58687;21.1;8.6
45;2021-05-03;2821;992;146784;59679;21.5;8.7
45;2021-05-04;3160;2347;149944;62026;22.0;9.1
45;2021-05-05;2714;2163;152658;64189;22.4;9.4
45;2021-05-06;3331;2541;155989;66730;22.8;9.8
45;2021-05-07;2872;3199;158861;69929;23.3;10.2
45;2021-05-08;611;248;159472;70177;23.4;10.3
45;2021-05-09;1498;127;160970;70304;23.6;10.3
45;2021-05-10;4140;2975;165110;73279;24.2;10.7
45;2021-05-11;5030;2971;170140;76250;24.9;11.2
45;2021-05-12;6077;2780;176217;79030;25.8;11.6
45;2021-05-13;2450;597;178667;79627;26.2;11.7
45;2021-05-14;4968;1634;183635;81261;26.9;11.9
45;2021-05-15;4066;613;187701;81874;27.5;12.0
45;2021-05-16;289;33;187990;81907;27.5;12.0
45;2021-05-17;3358;1540;191348;83447;28.0;12.2
45;2021-05-18;5118;1681;196466;85128;28.8;12.5
45;2021-05-19;4494;2062;200960;87190;29.4;12.8
45;2021-05-20;5265;2138;206225;89328;30.2;13.1
45;2021-05-21;5145;2228;211370;91556;31.0;13.4
45;2021-05-22;3041;632;214411;92188;31.4;13.5
45;2021-05-23;15;94;214426;92282;31.4;13.5
45;2021-05-24;2827;209;217253;92491;31.8;13.5
45;2021-05-25;4962;3034;222215;95525;32.5;14.0
45;2021-05-26;5114;2334;227329;97859;33.3;14.3
45;2021-05-27;5310;3238;232639;101097;34.1;14.8
45;2021-05-28;5662;3592;238301;104689;34.9;15.3
45;2021-05-29;3671;1290;241972;105979;35.4;15.5
45;2021-05-30;33;182;242005;106161;35.4;15.5
45;2021-05-31;4328;2520;246333;108681;36.1;15.9
45;2021-06-01;6091;3002;252424;111683;37.0;16.4
45;2021-06-02;4944;3105;257368;114788;37.7;16.8
45;2021-06-03;5620;3206;262988;117994;38.5;17.3
45;2021-06-04;5897;3188;268885;121182;39.4;17.7
45;2021-06-05;2033;1337;270918;122519;39.7;17.9
45;2021-06-06;88;198;271006;122717;39.7;18.0
45;2021-06-07;4081;2723;275087;125440;40.3;18.4
45;2021-06-08;4644;4078;279731;129518;41.0;19.0
45;2021-06-09;4356;3342;284087;132860;41.6;19.5
45;2021-06-10;4645;2685;288732;135545;42.3;19.8
45;2021-06-11;4117;3665;292849;139210;42.9;20.4
45;2021-06-12;2440;1508;295289;140718;43.2;20.6
45;2021-06-13;21;424;295310;141142;43.2;20.7
45;2021-06-14;3140;4152;298450;145294;43.7;21.3
45;2021-06-15;3388;4329;301838;149623;44.2;21.9
45;2021-06-16;3902;3456;305740;153079;44.8;22.4
45;2021-06-17;3525;3540;309265;156619;45.3;22.9
45;2021-06-18;3803;5031;313068;161650;45.8;23.7
45;2021-06-19;2395;1761;315463;163411;46.2;23.9
45;2021-06-20;48;142;315511;163553;46.2;24.0
45;2021-06-21;2163;5849;317674;169402;46.5;24.8
45;2021-06-22;2420;6529;320094;175931;46.9;25.8
45;2021-06-23;2284;5603;322378;181534;47.2;26.6
45;2021-06-24;2135;3532;324513;185066;47.5;27.1
45;2021-06-25;2444;6446;326957;191512;47.9;28.0
45;2021-06-26;1947;3094;328904;194606;48.2;28.5
45;2021-06-27;53;138;328957;194744;48.2;28.5
45;2021-06-28;2078;4832;331035;199576;48.5;29.2
45;2021-06-29;2837;6814;333872;206390;48.9;30.2
45;2021-06-30;2888;5850;336760;212240;49.3;31.1
45;2021-07-01;2398;5036;339158;217276;49.7;31.8
45;2021-07-02;2367;6285;341525;223561;50.0;32.7
45;2021-07-03;755;2540;342280;226101;50.1;33.1
45;2021-07-04;6;12;342286;226113;50.1;33.1
45;2021-07-05;2141;4989;344427;231102;50.4;33.8
45;2021-07-06;2805;6778;347232;237880;50.8;34.8
45;2021-07-07;2447;6059;349679;243939;51.2;35.7
45;2021-07-08;2824;5382;352503;249321;51.6;36.5
45;2021-07-09;2146;6986;354649;256307;51.9;37.5
45;2021-07-10;1544;3860;356193;260167;52.2;38.1
45;2021-07-11;24;31;356217;260198;52.2;38.1
45;2021-07-12;1590;5998;357807;266196;52.4;39.0
45;2021-07-13;2999;8233;360806;274429;52.8;40.2
45;2021-07-14;1474;1517;362280;275946;53.1;40.4
45;2021-07-15;3732;7290;366012;283236;53.6;41.5
45;2021-07-16;3256;7443;369268;290679;54.1;42.6
45;2021-07-17;1285;2332;370553;293011;54.3;42.9
45;2021-07-18;15;19;370568;293030;54.3;42.9
45;2021-07-19;1866;5943;372434;298973;54.5;43.8
45;2021-07-20;4723;6906;377157;305879;55.2;44.8
45;2021-07-21;5169;5474;382326;311353;56.0;45.6
45;2021-07-22;6175;4903;388501;316256;56.9;46.3
45;2021-07-23;4251;5483;392752;321739;57.5;47.1
45;2021-07-24;1856;2822;394608;324561;57.8;47.5
45;2021-07-25;5;14;394613;324575;57.8;47.5
45;2021-07-26;2906;4984;397519;329559;58.2;48.3
45;2021-07-27;5451;5075;402970;334634;59.0;49.0
45;2021-07-28;4984;4170;407954;338804;59.7;49.6
45;2021-07-29;5267;3249;413221;342053;60.5;50.1
45;2021-07-30;4736;4702;417957;346755;61.2;50.8
45;2021-07-31;847;1950;418804;348705;61.3;51.1
45;2021-08-01;1;4;418805;348709;61.3;51.1
45;2021-08-02;3594;3234;422399;351943;61.9;51.5
45;2021-08-03;4860;3014;427259;354957;62.6;52.0
45;2021-08-04;3720;2229;430979;357186;63.1;52.3
45;2021-08-05;3291;2635;434270;359821;63.6;52.7
45;2021-08-06;3738;3261;438008;363082;64.1;53.2
45;2021-08-07;1677;1044;439685;364126;64.4;53.3
45;2021-08-08;6;18;439691;364144;64.4;53.3
45;2021-08-09;2586;3011;442277;367155;64.8;53.8
45;2021-08-10;3493;3796;445770;370951;65.3;54.3
45;2021-08-11;2692;3713;448462;374664;65.7;54.9
45;2021-08-12;2088;3440;450550;378104;66.0;55.4
45;2021-08-13;1735;4218;452285;382322;66.2;56.0
45;2021-08-14;675;953;452960;383275;66.3;56.1
45;2021-08-15;58;30;453018;383305;66.3;56.1
45;2021-08-16;1144;2314;454162;385619;66.5;56.5
45;2021-08-17;1852;3438;456014;389057;66.8;57.0
45;2021-08-18;1771;4037;457785;393094;67.0;57.6
45;2021-08-19;1432;4265;459217;397359;67.2;58.2
45;2021-08-20;1388;3672;460605;401031;67.4;58.7
45;2021-08-21;895;1144;461500;402175;67.6;58.9
45;2021-08-22;4;8;461504;402183;67.6;58.9
46;2020-12-27;4;0;4;0;0.0;0.0
46;2020-12-28;0;0;4;0;0.0;0.0
46;2020-12-29;0;0;4;0;0.0;0.0
46;2020-12-30;0;0;4;0;0.0;0.0
46;2020-12-31;0;0;4;0;0.0;0.0
46;2021-01-01;0;0;4;0;0.0;0.0
46;2021-01-02;0;0;4;0;0.0;0.0
46;2021-01-03;1;0;5;0;0.0;0.0
46;2021-01-04;0;0;5;0;0.0;0.0
46;2021-01-05;0;0;5;0;0.0;0.0
46;2021-01-06;3;0;8;0;0.0;0.0
46;2021-01-07;135;0;143;0;0.1;0.0
46;2021-01-08;181;0;324;0;0.2;0.0
46;2021-01-09;1;0;325;0;0.2;0.0
46;2021-01-10;2;0;327;0;0.2;0.0
46;2021-01-11;118;0;445;0;0.3;0.0
46;2021-01-12;140;0;585;0;0.3;0.0
46;2021-01-13;234;0;819;0;0.5;0.0
46;2021-01-14;239;2;1058;2;0.6;0.0
46;2021-01-15;304;2;1362;4;0.8;0.0
46;2021-01-16;18;0;1380;4;0.8;0.0
46;2021-01-17;0;0;1380;4;0.8;0.0
46;2021-01-18;274;2;1654;6;1.0;0.0
46;2021-01-19;389;0;2043;6;1.2;0.0
46;2021-01-20;936;2;2979;8;1.7;0.0
46;2021-01-21;996;0;3975;8;2.3;0.0
46;2021-01-22;390;2;4365;10;2.5;0.0
46;2021-01-23;0;0;4365;10;2.5;0.0
46;2021-01-24;0;0;4365;10;2.5;0.0
46;2021-01-25;203;1;4568;11;2.6;0.0
46;2021-01-26;262;1;4830;12;2.8;0.0
46;2021-01-27;276;0;5106;12;2.9;0.0
46;2021-01-28;278;43;5384;55;3.1;0.0
46;2021-01-29;233;93;5617;148;3.2;0.1
46;2021-01-30;1;0;5618;148;3.2;0.1
46;2021-01-31;1;0;5619;148;3.2;0.1
46;2021-02-01;234;174;5853;322;3.4;0.2
46;2021-02-02;209;238;6062;560;3.5;0.3
46;2021-02-03;224;97;6286;657;3.6;0.4
46;2021-02-04;372;86;6658;743;3.8;0.4
46;2021-02-05;226;179;6884;922;4.0;0.5
46;2021-02-06;9;0;6893;922;4.0;0.5
46;2021-02-07;43;0;6936;922;4.0;0.5
46;2021-02-08;197;156;7133;1078;4.1;0.6
46;2021-02-09;271;229;7404;1307;4.3;0.8
46;2021-02-10;279;545;7683;1852;4.4;1.1
46;2021-02-11;655;559;8338;2411;4.8;1.4
46;2021-02-12;321;341;8659;2752;5.0;1.6
46;2021-02-13;2;0;8661;2752;5.0;1.6
46;2021-02-14;0;62;8661;2814;5.0;1.6
46;2021-02-15;195;293;8856;3107;5.1;1.8
46;2021-02-16;217;282;9073;3389;5.2;2.0
46;2021-02-17;200;328;9273;3717;5.4;2.1
46;2021-02-18;336;267;9609;3984;5.5;2.3
46;2021-02-19;277;234;9886;4218;5.7;2.4
46;2021-02-20;0;0;9886;4218;5.7;2.4
46;2021-02-21;1;0;9887;4218;5.7;2.4
46;2021-02-22;132;193;10019;4411;5.8;2.5
46;2021-02-23;225;168;10244;4579;5.9;2.6
46;2021-02-24;179;325;10423;4904;6.0;2.8
46;2021-02-25;247;342;10670;5246;6.2;3.0
46;2021-02-26;401;346;11071;5592;6.4;3.2
46;2021-02-27;120;1;11191;5593;6.5;3.2
46;2021-02-28;0;3;11191;5596;6.5;3.2
46;2021-03-01;169;180;11360;5776;6.6;3.3
46;2021-03-02;406;233;11766;6009;6.8;3.5
46;2021-03-03;458;331;12224;6340;7.1;3.7
46;2021-03-04;607;455;12831;6795;7.4;3.9
46;2021-03-05;809;365;13640;7160;7.9;4.1
46;2021-03-06;476;17;14116;7177;8.2;4.1
46;2021-03-07;101;19;14217;7196;8.2;4.2
46;2021-03-08;348;249;14565;7445;8.4;4.3
46;2021-03-09;745;271;15310;7716;8.8;4.5
46;2021-03-10;686;248;15996;7964;9.2;4.6
46;2021-03-11;851;254;16847;8218;9.7;4.7
46;2021-03-12;927;228;17774;8446;10.3;4.9
46;2021-03-13;512;3;18286;8449;10.6;4.9
46;2021-03-14;0;0;18286;8449;10.6;4.9
46;2021-03-15;505;166;18791;8615;10.9;5.0
46;2021-03-16;752;175;19543;8790;11.3;5.1
46;2021-03-17;671;203;20214;8993;11.7;5.2
46;2021-03-18;747;216;20961;9209;12.1;5.3
46;2021-03-19;810;149;21771;9358;12.6;5.4
46;2021-03-20;292;3;22063;9361;12.7;5.4
46;2021-03-21;2;0;22065;9361;12.7;5.4
46;2021-03-22;555;241;22620;9602;13.1;5.5
46;2021-03-23;702;213;23322;9815;13.5;5.7
46;2021-03-24;674;240;23996;10055;13.9;5.8
46;2021-03-25;1133;183;25129;10238;14.5;5.9
46;2021-03-26;1025;341;26154;10579;15.1;6.1
46;2021-03-27;420;72;26574;10651;15.3;6.2
46;2021-03-28;127;1;26701;10652;15.4;6.2
46;2021-03-29;733;254;27434;10906;15.8;6.3
46;2021-03-30;767;365;28201;11271;16.3;6.5
46;2021-03-31;865;421;29066;11692;16.8;6.8
46;2021-04-01;1169;344;30235;12036;17.5;7.0
46;2021-04-02;924;394;31159;12430;18.0;7.2
46;2021-04-03;167;166;31326;12596;18.1;7.3
46;2021-04-04;0;71;31326;12667;18.1;7.3
46;2021-04-05;3;0;31329;12667;18.1;7.3
46;2021-04-06;545;519;31874;13186;18.4;7.6
46;2021-04-07;784;647;32658;13833;18.9;8.0
46;2021-04-08;962;542;33620;14375;19.4;8.3
46;2021-04-09;1018;505;34638;14880;20.0;8.6
46;2021-04-10;502;208;35140;15088;20.3;8.7
46;2021-04-11;232;1;35372;15089;20.4;8.7
46;2021-04-12;845;546;36217;15635;20.9;9.0
46;2021-04-13;1187;718;37404;16353;21.6;9.4
46;2021-04-14;1535;614;38939;16967;22.5;9.8
46;2021-04-15;1500;664;40439;17631;23.4;10.2
46;2021-04-16;1585;567;42024;18198;24.3;10.5
46;2021-04-17;993;134;43017;18332;24.8;10.6
46;2021-04-18;516;8;43533;18340;25.1;10.6
46;2021-04-19;1070;573;44603;18913;25.8;10.9
46;2021-04-20;1224;725;45827;19638;26.5;11.3
46;2021-04-21;1230;713;47057;20351;27.2;11.8
46;2021-04-22;1391;729;48448;21080;28.0;12.2
46;2021-04-23;1132;731;49580;21811;28.6;12.6
46;2021-04-24;472;19;50052;21830;28.9;12.6
46;2021-04-25;351;11;50403;21841;29.1;12.6
46;2021-04-26;851;731;51254;22572;29.6;13.0
46;2021-04-27;1221;665;52475;23237;30.3;13.4
46;2021-04-28;1289;668;53764;23905;31.0;13.8
46;2021-04-29;1416;525;55180;24430;31.9;14.1
46;2021-04-30;1438;565;56618;24995;32.7;14.4
46;2021-05-01;697;73;57315;25068;33.1;14.5
46;2021-05-02;346;4;57661;25072;33.3;14.5
46;2021-05-03;852;569;58513;25641;33.8;14.8
46;2021-05-04;1037;1061;59550;26702;34.4;15.4
46;2021-05-05;1375;787;60925;27489;35.2;15.9
46;2021-05-06;1377;742;62302;28231;36.0;16.3
46;2021-05-07;1397;792;63699;29023;36.8;16.8
46;2021-05-08;281;411;63980;29434;36.9;17.0
46;2021-05-09;23;225;64003;29659;37.0;17.1
46;2021-05-10;517;1140;64520;30799;37.3;17.8
46;2021-05-11;1034;1258;65554;32057;37.9;18.5
46;2021-05-12;994;1563;66548;33620;38.4;19.4
46;2021-05-13;600;144;67148;33764;38.8;19.5
46;2021-05-14;960;1097;68108;34861;39.3;20.1
46;2021-05-15;255;654;68363;35515;39.5;20.5
46;2021-05-16;78;297;68441;35812;39.5;20.7
46;2021-05-17;653;957;69094;36769;39.9;21.2
46;2021-05-18;1404;1023;70498;37792;40.7;21.8
46;2021-05-19;1306;904;71804;38696;41.5;22.3
46;2021-05-20;1453;813;73257;39509;42.3;22.8
46;2021-05-21;996;1160;74253;40669;42.9;23.5
46;2021-05-22;147;369;74400;41038;43.0;23.7
46;2021-05-23;450;25;74850;41063;43.2;23.7
46;2021-05-24;411;113;75261;41176;43.5;23.8
46;2021-05-25;961;1332;76222;42508;44.0;24.5
46;2021-05-26;1237;1150;77459;43658;44.7;25.2
46;2021-05-27;1432;1194;78891;44852;45.6;25.9
46;2021-05-28;1430;1211;80321;46063;46.4;26.6
46;2021-05-29;1052;399;81373;46462;47.0;26.8
46;2021-05-30;408;39;81781;46501;47.2;26.9
46;2021-05-31;970;976;82751;47477;47.8;27.4
46;2021-06-01;1277;998;84028;48475;48.5;28.0
46;2021-06-02;1317;1117;85345;49592;49.3;28.6
46;2021-06-03;1417;1011;86762;50603;50.1;29.2
46;2021-06-04;1333;977;88095;51580;50.9;29.8
46;2021-06-05;381;414;88476;51994;51.1;30.0
46;2021-06-06;207;95;88683;52089;51.2;30.1
46;2021-06-07;814;617;89497;52706;51.7;30.4
46;2021-06-08;1020;895;90517;53601;52.3;31.0
46;2021-06-09;1504;974;92021;54575;53.1;31.5
46;2021-06-10;982;852;93003;55427;53.7;32.0
46;2021-06-11;970;1322;93973;56749;54.3;32.8
46;2021-06-12;459;549;94432;57298;54.5;33.1
46;2021-06-13;27;86;94459;57384;54.5;33.1
46;2021-06-14;593;1137;95052;58521;54.9;33.8
46;2021-06-15;751;1248;95803;59769;55.3;34.5
46;2021-06-16;999;1113;96802;60882;55.9;35.2
46;2021-06-17;527;896;97329;61778;56.2;35.7
46;2021-06-18;658;1255;97987;63033;56.6;36.4
46;2021-06-19;457;313;98444;63346;56.8;36.6
46;2021-06-20;39;161;98483;63507;56.9;36.7
46;2021-06-21;428;945;98911;64452;57.1;37.2
46;2021-06-22;350;1178;99261;65630;57.3;37.9
46;2021-06-23;520;1075;99781;66705;57.6;38.5
46;2021-06-24;250;822;100031;67527;57.8;39.0
46;2021-06-25;491;1117;100522;68644;58.0;39.6
46;2021-06-26;397;552;100919;69196;58.3;40.0
46;2021-06-27;3;4;100922;69200;58.3;40.0
46;2021-06-28;313;1338;101235;70538;58.5;40.7
46;2021-06-29;378;1682;101613;72220;58.7;41.7
46;2021-06-30;512;1578;102125;73798;59.0;42.6
46;2021-07-01;308;1153;102433;74951;59.2;43.3
46;2021-07-02;468;1085;102901;76036;59.4;43.9
46;2021-07-03;124;455;103025;76491;59.5;44.2
46;2021-07-04;58;127;103083;76618;59.5;44.2
46;2021-07-05;346;1188;103429;77806;59.7;44.9
46;2021-07-06;369;1458;103798;79264;59.9;45.8
46;2021-07-07;582;1720;104380;80984;60.3;46.8
46;2021-07-08;339;1165;104719;82149;60.5;47.4
46;2021-07-09;396;1706;105115;83855;60.7;48.4
46;2021-07-10;286;1040;105401;84895;60.9;49.0
46;2021-07-11;15;375;105416;85270;60.9;49.2
46;2021-07-12;248;1261;105664;86531;61.0;50.0
46;2021-07-13;626;1673;106290;88204;61.4;50.9
46;2021-07-14;67;144;106357;88348;61.4;51.0
46;2021-07-15;914;1467;107271;89815;61.9;51.9
46;2021-07-16;767;1397;108038;91212;62.4;52.7
46;2021-07-17;362;538;108400;91750;62.6;53.0
46;2021-07-18;2;0;108402;91750;62.6;53.0
46;2021-07-19;672;1186;109074;92936;63.0;53.7
46;2021-07-20;981;1430;110055;94366;63.6;54.5
46;2021-07-21;1004;1382;111059;95748;64.1;55.3
46;2021-07-22;1401;1116;112460;96864;64.9;55.9
46;2021-07-23;765;1323;113225;98187;65.4;56.7
46;2021-07-24;954;664;114179;98851;65.9;57.1
46;2021-07-25;135;17;114314;98868;66.0;57.1
46;2021-07-26;879;879;115193;99747;66.5;57.6
46;2021-07-27;1215;979;116408;100726;67.2;58.2
46;2021-07-28;1280;1110;117688;101836;68.0;58.8
46;2021-07-29;1554;849;119242;102685;68.9;59.3
46;2021-07-30;1898;953;121140;103638;70.0;59.8
46;2021-07-31;942;655;122082;104293;70.5;60.2
46;2021-08-01;11;3;122093;104296;70.5;60.2
46;2021-08-02;964;584;123057;104880;71.1;60.6
46;2021-08-03;1346;677;124403;105557;71.8;61.0
46;2021-08-04;1735;606;126138;106163;72.8;61.3
46;2021-08-05;1376;842;127514;107005;73.6;61.8
46;2021-08-06;1398;845;128912;107850;74.4;62.3
46;2021-08-07;704;542;129616;108392;74.9;62.6
46;2021-08-08;94;66;129710;108458;74.9;62.6
46;2021-08-09;1015;694;130725;109152;75.5;63.0
46;2021-08-10;1190;891;131915;110043;76.2;63.5
46;2021-08-11;1240;1069;133155;111112;76.9;64.2
46;2021-08-12;988;798;134143;111910;77.5;64.6
46;2021-08-13;939;997;135082;112907;78.0;65.2
46;2021-08-14;583;774;135665;113681;78.3;65.6
46;2021-08-15;8;27;135673;113708;78.3;65.7
46;2021-08-16;791;803;136464;114511;78.8;66.1
46;2021-08-17;880;1286;137344;115797;79.3;66.9
46;2021-08-18;770;1049;138114;116846;79.8;67.5
46;2021-08-19;664;1359;138778;118205;80.1;68.3
46;2021-08-20;519;1552;139297;119757;80.4;69.2
46;2021-08-21;374;648;139671;120405;80.7;69.5
46;2021-08-22;2;31;139673;120436;80.7;69.5
47;2020-12-27;0;0;0;0;0.0;0.0
47;2020-12-28;0;0;0;0;0.0;0.0
47;2020-12-29;0;0;0;0;0.0;0.0
47;2020-12-30;0;0;0;0;0.0;0.0
47;2020-12-31;0;0;0;0;0.0;0.0
47;2021-01-01;4;0;4;0;0.0;0.0
47;2021-01-02;0;0;4;0;0.0;0.0
47;2021-01-03;0;0;4;0;0.0;0.0
47;2021-01-04;0;0;4;0;0.0;0.0
47;2021-01-05;0;0;4;0;0.0;0.0
47;2021-01-06;0;0;4;0;0.0;0.0
47;2021-01-07;71;1;75;1;0.0;0.0
47;2021-01-08;314;0;389;1;0.1;0.0
47;2021-01-09;113;0;502;1;0.2;0.0
47;2021-01-10;0;0;502;1;0.2;0.0
47;2021-01-11;249;0;751;1;0.2;0.0
47;2021-01-12;327;0;1078;1;0.3;0.0
47;2021-01-13;349;0;1427;1;0.4;0.0
47;2021-01-14;364;4;1791;5;0.5;0.0
47;2021-01-15;287;1;2078;6;0.6;0.0
47;2021-01-16;176;4;2254;10;0.7;0.0
47;2021-01-17;0;0;2254;10;0.7;0.0
47;2021-01-18;485;1;2739;11;0.8;0.0
47;2021-01-19;469;2;3208;13;1.0;0.0
47;2021-01-20;513;0;3721;13;1.1;0.0
47;2021-01-21;585;0;4306;13;1.3;0.0
47;2021-01-22;470;0;4776;13;1.4;0.0
47;2021-01-23;390;1;5166;14;1.6;0.0
47;2021-01-24;0;0;5166;14;1.6;0.0
47;2021-01-25;426;0;5592;14;1.7;0.0
47;2021-01-26;789;4;6381;18;1.9;0.0
47;2021-01-27;732;0;7113;18;2.2;0.0
47;2021-01-28;575;66;7688;84;2.3;0.0
47;2021-01-29;461;170;8149;254;2.5;0.1
47;2021-01-30;301;39;8450;293;2.6;0.1
47;2021-01-31;0;0;8450;293;2.6;0.1
47;2021-02-01;374;116;8824;409;2.7;0.1
47;2021-02-02;759;319;9583;728;2.9;0.2
47;2021-02-03;425;163;10008;891;3.0;0.3
47;2021-02-04;370;317;10378;1208;3.1;0.4
47;2021-02-05;300;311;10678;1519;3.2;0.5
47;2021-02-06;296;99;10974;1618;3.3;0.5
47;2021-02-07;0;0;10974;1618;3.3;0.5
47;2021-02-08;184;285;11158;1903;3.4;0.6
47;2021-02-09;231;259;11389;2162;3.4;0.7
47;2021-02-10;254;247;11643;2409;3.5;0.7
47;2021-02-11;356;379;11999;2788;3.6;0.8
47;2021-02-12;243;413;12242;3201;3.7;1.0
47;2021-02-13;226;111;12468;3312;3.8;1.0
47;2021-02-14;0;0;12468;3312;3.8;1.0
47;2021-02-15;194;384;12662;3696;3.8;1.1
47;2021-02-16;303;588;12965;4284;3.9;1.3
47;2021-02-17;326;456;13291;4740;4.0;1.4
47;2021-02-18;200;600;13491;5340;4.1;1.6
47;2021-02-19;194;365;13685;5705;4.1;1.7
47;2021-02-20;117;269;13802;5974;4.2;1.8
47;2021-02-21;0;0;13802;5974;4.2;1.8
47;2021-02-22;75;407;13877;6381;4.2;1.9
47;2021-02-23;151;648;14028;7029;4.2;2.1
47;2021-02-24;261;561;14289;7590;4.3;2.3
47;2021-02-25;304;413;14593;8003;4.4;2.4
47;2021-02-26;468;321;15061;8324;4.6;2.5
47;2021-02-27;324;213;15385;8537;4.7;2.6
47;2021-02-28;0;0;15385;8537;4.7;2.6
47;2021-03-01;124;397;15509;8934;4.7;2.7
47;2021-03-02;200;366;15709;9300;4.8;2.8
47;2021-03-03;244;350;15953;9650;4.8;2.9
47;2021-03-04;591;332;16544;9982;5.0;3.0
47;2021-03-05;844;288;17388;10270;5.3;3.1
47;2021-03-06;507;193;17895;10463;5.4;3.2
47;2021-03-07;331;6;18226;10469;5.5;3.2
47;2021-03-08;458;227;18684;10696;5.7;3.2
47;2021-03-09;508;492;19192;11188;5.8;3.4
47;2021-03-10;666;300;19858;11488;6.0;3.5
47;2021-03-11;938;380;20796;11868;6.3;3.6
47;2021-03-12;1370;298;22166;12166;6.7;3.7
47;2021-03-13;950;109;23116;12275;7.0;3.7
47;2021-03-14;51;0;23167;12275;7.0;3.7
47;2021-03-15;592;162;23759;12437;7.2;3.8
47;2021-03-16;750;177;24509;12614;7.4;3.8
47;2021-03-17;860;209;25369;12823;7.7;3.9
47;2021-03-18;917;178;26286;13001;8.0;3.9
47;2021-03-19;1271;126;27557;13127;8.3;4.0
47;2021-03-20;1086;58;28643;13185;8.7;4.0
47;2021-03-21;344;1;28987;13186;8.8;4.0
47;2021-03-22;1012;95;29999;13281;9.1;4.0
47;2021-03-23;1146;148;31145;13429;9.4;4.1
47;2021-03-24;1212;130;32357;13559;9.8;4.1
47;2021-03-25;1566;150;33923;13709;10.3;4.2
47;2021-03-26;1882;199;35805;13908;10.8;4.2
47;2021-03-27;980;129;36785;14037;11.1;4.2
47;2021-03-28;699;4;37484;14041;11.3;4.3
47;2021-03-29;1512;80;38996;14121;11.8;4.3
47;2021-03-30;1643;127;40639;14248;12.3;4.3
47;2021-03-31;1605;152;42244;14400;12.8;4.4
47;2021-04-01;1682;267;43926;14667;13.3;4.4
47;2021-04-02;1934;457;45860;15124;13.9;4.6
47;2021-04-03;1202;180;47062;15304;14.2;4.6
47;2021-04-04;475;13;47537;15317;14.4;4.6
47;2021-04-05;1296;57;48833;15374;14.8;4.7
47;2021-04-06;1386;387;50219;15761;15.2;4.8
47;2021-04-07;1694;591;51913;16352;15.7;5.0
47;2021-04-08;1834;478;53747;16830;16.3;5.1
47;2021-04-09;2083;544;55830;17374;16.9;5.3
47;2021-04-10;1564;326;57394;17700;17.4;5.4
47;2021-04-11;530;9;57924;17709;17.5;5.4
47;2021-04-12;1437;610;59361;18319;18.0;5.5
47;2021-04-13;1817;763;61178;19082;18.5;5.8
47;2021-04-14;1749;720;62927;19802;19.0;6.0
47;2021-04-15;2012;845;64939;20647;19.7;6.3
47;2021-04-16;1767;894;66706;21541;20.2;6.5
47;2021-04-17;1472;970;68178;22511;20.6;6.8
47;2021-04-18;23;0;68201;22511;20.6;6.8
47;2021-04-19;1332;931;69533;23442;21.0;7.1
47;2021-04-20;1626;905;71159;24347;21.5;7.4
47;2021-04-21;1626;772;72785;25119;22.0;7.6
47;2021-04-22;1872;1060;74657;26179;22.6;7.9
47;2021-04-23;1726;1072;76383;27251;23.1;8.2
47;2021-04-24;1549;803;77932;28054;23.6;8.5
47;2021-04-25;242;345;78174;28399;23.7;8.6
47;2021-04-26;1488;1363;79662;29762;24.1;9.0
47;2021-04-27;1922;1473;81584;31235;24.7;9.5
47;2021-04-28;2090;1590;83674;32825;25.3;9.9
47;2021-04-29;2533;1512;86207;34337;26.1;10.4
47;2021-04-30;2044;1780;88251;36117;26.7;10.9
47;2021-05-01;2262;983;90513;37100;27.4;11.2
47;2021-05-02;21;357;90534;37457;27.4;11.3
47;2021-05-03;1596;1418;92130;38875;27.9;11.8
47;2021-05-04;1647;1729;93777;40604;28.4;12.3
47;2021-05-05;1927;1643;95704;42247;29.0;12.8
47;2021-05-06;2106;1509;97810;43756;29.6;13.2
47;2021-05-07;2001;1623;99811;45379;30.2;13.7
47;2021-05-08;2097;463;101908;45842;30.8;13.9
47;2021-05-09;24;360;101932;46202;30.9;14.0
47;2021-05-10;1202;1670;103134;47872;31.2;14.5
47;2021-05-11;2174;1993;105308;49865;31.9;15.1
47;2021-05-12;2626;1452;107934;51317;32.7;15.5
47;2021-05-13;2381;657;110315;51974;33.4;15.7
47;2021-05-14;2062;859;112377;52833;34.0;16.0
47;2021-05-15;1935;862;114312;53695;34.6;16.3
47;2021-05-16;367;9;114679;53704;34.7;16.3
47;2021-05-17;1885;1123;116564;54827;35.3;16.6
47;2021-05-18;2358;1140;118922;55967;36.0;16.9
47;2021-05-19;2344;760;121266;56727;36.7;17.2
47;2021-05-20;2587;968;123853;57695;37.5;17.5
47;2021-05-21;1538;1134;125391;58829;38.0;17.8
47;2021-05-22;2368;835;127759;59664;38.7;18.1
47;2021-05-23;25;185;127784;59849;38.7;18.1
47;2021-05-24;1549;236;129333;60085;39.2;18.2
47;2021-05-25;1484;1319;130817;61404;39.6;18.6
47;2021-05-26;1599;1088;132416;62492;40.1;18.9
47;2021-05-27;1944;1268;134360;63760;40.7;19.3
47;2021-05-28;1457;1536;135817;65296;41.1;19.8
47;2021-05-29;1152;1126;136969;66422;41.5;20.1
47;2021-05-30;12;45;136981;66467;41.5;20.1
47;2021-05-31;1867;1422;138848;67889;42.0;20.6
47;2021-06-01;1922;1341;140770;69230;42.6;21.0
47;2021-06-02;2101;1333;142871;70563;43.3;21.4
47;2021-06-03;2486;1612;145357;72175;44.0;21.8
47;2021-06-04;1966;2114;147323;74289;44.6;22.5
47;2021-06-05;1638;1475;148961;75764;45.1;22.9
47;2021-06-06;212;70;149173;75834;45.2;23.0
47;2021-06-07;1663;2244;150836;78078;45.7;23.6
47;2021-06-08;1630;1905;152466;79983;46.2;24.2
47;2021-06-09;1823;2127;154289;82110;46.7;24.9
47;2021-06-10;2375;1617;156664;83727;47.4;25.3
47;2021-06-11;1829;2101;158493;85828;48.0;26.0
47;2021-06-12;1352;2103;159845;87931;48.4;26.6
47;2021-06-13;4;10;159849;87941;48.4;26.6
47;2021-06-14;1281;2447;161130;90388;48.8;27.4
47;2021-06-15;1465;2034;162595;92422;49.2;28.0
47;2021-06-16;1207;2187;163802;94609;49.6;28.6
47;2021-06-17;1657;1524;165459;96133;50.1;29.1
47;2021-06-18;1439;2497;166898;98630;50.5;29.9
47;2021-06-19;1539;2456;168437;101086;51.0;30.6
47;2021-06-20;4;33;168441;101119;51.0;30.6
47;2021-06-21;1136;2514;169577;103633;51.3;31.4
47;2021-06-22;758;2504;170335;106137;51.6;32.1
47;2021-06-23;998;2015;171333;108152;51.9;32.7
47;2021-06-24;1212;1935;172545;110087;52.2;33.3
47;2021-06-25;1005;2609;173550;112696;52.5;34.1
47;2021-06-26;988;2789;174538;115485;52.8;35.0
47;2021-06-27;16;349;174554;115834;52.8;35.1
47;2021-06-28;875;2406;175429;118240;53.1;35.8
47;2021-06-29;798;2318;176227;120558;53.3;36.5
47;2021-06-30;730;2307;176957;122865;53.6;37.2
47;2021-07-01;920;2107;177877;124972;53.8;37.8
47;2021-07-02;885;2276;178762;127248;54.1;38.5
47;2021-07-03;728;3042;179490;130290;54.3;39.4
47;2021-07-04;34;12;179524;130302;54.3;39.4
47;2021-07-05;981;2146;180505;132448;54.6;40.1
47;2021-07-06;1007;1957;181512;134405;54.9;40.7
47;2021-07-07;1300;2063;182812;136468;55.3;41.3
47;2021-07-08;1144;2194;183956;138662;55.7;42.0
47;2021-07-09;1050;2408;185006;141070;56.0;42.7
47;2021-07-10;954;2131;185960;143201;56.3;43.4
47;2021-07-11;1;6;185961;143207;56.3;43.4
47;2021-07-12;558;2581;186519;145788;56.5;44.1
47;2021-07-13;1095;2590;187614;148378;56.8;44.9
47;2021-07-14;1165;1578;188779;149956;57.1;45.4
47;2021-07-15;1717;3139;190496;153095;57.7;46.3
47;2021-07-16;1721;2680;192217;155775;58.2;47.2
47;2021-07-17;1200;2459;193417;158234;58.6;47.9
47;2021-07-18;36;188;193453;158422;58.6;48.0
47;2021-07-19;1114;2563;194567;160985;58.9;48.7
47;2021-07-20;1638;2341;196205;163326;59.4;49.4
47;2021-07-21;2190;2239;198395;165565;60.1;50.1
47;2021-07-22;2156;2299;200551;167864;60.7;50.8
47;2021-07-23;2114;2251;202665;170115;61.4;51.5
47;2021-07-24;1113;1912;203778;172027;61.7;52.1
47;2021-07-25;20;1;203798;172028;61.7;52.1
47;2021-07-26;1230;1941;205028;173969;62.1;52.7
47;2021-07-27;2110;1633;207138;175602;62.7;53.2
47;2021-07-28;1875;1595;209013;177197;63.3;53.6
47;2021-07-29;2316;1601;211329;178798;64.0;54.1
47;2021-07-30;1861;1623;213190;180421;64.5;54.6
47;2021-07-31;1480;1668;214670;182089;65.0;55.1
47;2021-08-01;17;8;214687;182097;65.0;55.1
47;2021-08-02;2021;1220;216708;183317;65.6;55.5
47;2021-08-03;2143;1104;218851;184421;66.3;55.8
47;2021-08-04;2168;1521;221019;185942;66.9;56.3
47;2021-08-05;2396;1442;223415;187384;67.6;56.7
47;2021-08-06;1997;1838;225412;189222;68.2;57.3
47;2021-08-07;1600;1415;227012;190637;68.7;57.7
47;2021-08-08;24;22;227036;190659;68.7;57.7
47;2021-08-09;1871;1209;228907;191868;69.3;58.1
47;2021-08-10;1905;1295;230812;193163;69.9;58.5
47;2021-08-11;1796;1400;232608;194563;70.4;58.9
47;2021-08-12;2043;1341;234651;195904;71.0;59.3
47;2021-08-13;1414;1661;236065;197565;71.5;59.8
47;2021-08-14;1340;1442;237405;199007;71.9;60.2
47;2021-08-15;10;18;237415;199025;71.9;60.2
47;2021-08-16;1434;1449;238849;200474;72.3;60.7
47;2021-08-17;1120;1693;239969;202167;72.6;61.2
47;2021-08-18;1169;1709;241138;203876;73.0;61.7
47;2021-08-19;1034;1808;242172;205684;73.3;62.3
47;2021-08-20;961;1703;243133;207387;73.6;62.8
47;2021-08-21;811;1274;243944;208661;73.8;63.2
47;2021-08-22;7;23;243951;208684;73.8;63.2
48;2020-12-27;0;0;0;0;0.0;0.0
48;2020-12-28;0;0;0;0;0.0;0.0
48;2020-12-29;0;0;0;0;0.0;0.0
48;2020-12-30;0;0;0;0;0.0;0.0
48;2020-12-31;0;0;0;0;0.0;0.0
48;2021-01-01;0;0;0;0;0.0;0.0
48;2021-01-02;0;0;0;0;0.0;0.0
48;2021-01-03;0;0;0;0;0.0;0.0
48;2021-01-04;0;0;0;0;0.0;0.0
48;2021-01-05;0;0;0;0;0.0;0.0
48;2021-01-06;0;0;0;0;0.0;0.0
48;2021-01-07;56;0;56;0;0.1;0.0
48;2021-01-08;87;0;143;0;0.2;0.0
48;2021-01-09;1;0;144;0;0.2;0.0
48;2021-01-10;0;0;144;0;0.2;0.0
48;2021-01-11;13;0;157;0;0.2;0.0
48;2021-01-12;19;1;176;1;0.2;0.0
48;2021-01-13;104;0;280;1;0.4;0.0
48;2021-01-14;90;1;370;2;0.5;0.0
48;2021-01-15;63;0;433;2;0.6;0.0
48;2021-01-16;0;0;433;2;0.6;0.0
48;2021-01-17;0;0;433;2;0.6;0.0
48;2021-01-18;117;0;550;2;0.7;0.0
48;2021-01-19;345;0;895;2;1.2;0.0
48;2021-01-20;364;0;1259;2;1.7;0.0
48;2021-01-21;465;0;1724;2;2.3;0.0
48;2021-01-22;269;0;1993;2;2.6;0.0
48;2021-01-23;36;0;2029;2;2.7;0.0
48;2021-01-24;0;0;2029;2;2.7;0.0
48;2021-01-25;109;2;2138;4;2.8;0.0
48;2021-01-26;261;0;2399;4;3.1;0.0
48;2021-01-27;257;2;2656;6;3.5;0.0
48;2021-01-28;270;10;2926;16;3.8;0.0
48;2021-01-29;175;60;3101;76;4.1;0.1
48;2021-01-30;1;7;3102;83;4.1;0.1
48;2021-01-31;0;6;3102;89;4.1;0.1
48;2021-02-01;98;47;3200;136;4.2;0.2
48;2021-02-02;191;36;3391;172;4.4;0.2
48;2021-02-03;177;82;3568;254;4.7;0.3
48;2021-02-04;234;14;3802;268;5.0;0.4
48;2021-02-05;144;36;3946;304;5.2;0.4
48;2021-02-06;34;0;3980;304;5.2;0.4
48;2021-02-07;0;0;3980;304;5.2;0.4
48;2021-02-08;50;61;4030;365;5.3;0.5
48;2021-02-09;66;167;4096;532;5.4;0.7
48;2021-02-10;65;303;4161;835;5.5;1.1
48;2021-02-11;165;407;4326;1242;5.7;1.6
48;2021-02-12;120;155;4446;1397;5.8;1.8
48;2021-02-13;8;55;4454;1452;5.8;1.9
48;2021-02-14;0;0;4454;1452;5.8;1.9
48;2021-02-15;51;106;4505;1558;5.9;2.0
48;2021-02-16;43;173;4548;1731;6.0;2.3
48;2021-02-17;35;284;4583;2015;6.0;2.6
48;2021-02-18;252;107;4835;2122;6.3;2.8
48;2021-02-19;60;183;4895;2305;6.4;3.0
48;2021-02-20;0;1;4895;2306;6.4;3.0
48;2021-02-21;0;14;4895;2320;6.4;3.0
48;2021-02-22;24;129;4919;2449;6.4;3.2
48;2021-02-23;74;222;4993;2671;6.5;3.5
48;2021-02-24;68;265;5061;2936;6.6;3.8
48;2021-02-25;148;263;5209;3199;6.8;4.2
48;2021-02-26;51;229;5260;3428;6.9;4.5
48;2021-02-27;28;1;5288;3429;6.9;4.5
48;2021-02-28;3;14;5291;3443;6.9;4.5
48;2021-03-01;102;96;5393;3539;7.1;4.6
48;2021-03-02;199;87;5592;3626;7.3;4.8
48;2021-03-03;155;110;5747;3736;7.5;4.9
48;2021-03-04;194;183;5941;3919;7.8;5.1
48;2021-03-05;136;141;6077;4060;8.0;5.3
48;2021-03-06;180;53;6257;4113;8.2;5.4
48;2021-03-07;75;2;6332;4115;8.3;5.4
48;2021-03-08;352;122;6684;4237;8.8;5.6
48;2021-03-09;377;87;7061;4324;9.3;5.7
48;2021-03-10;263;61;7324;4385;9.6;5.7
48;2021-03-11;334;90;7658;4475;10.0;5.9
48;2021-03-12;255;154;7913;4629;10.4;6.1
48;2021-03-13;301;5;8214;4634;10.8;6.1
48;2021-03-14;8;0;8222;4634;10.8;6.1
48;2021-03-15;174;63;8396;4697;11.0;6.2
48;2021-03-16;166;66;8562;4763;11.2;6.2
48;2021-03-17;156;110;8718;4873;11.4;6.4
48;2021-03-18;190;104;8908;4977;11.7;6.5
48;2021-03-19;116;96;9024;5073;11.8;6.6
48;2021-03-20;101;0;9125;5073;12.0;6.6
48;2021-03-21;0;0;9125;5073;12.0;6.6
48;2021-03-22;160;22;9285;5095;12.2;6.7
48;2021-03-23;329;103;9614;5198;12.6;6.8
48;2021-03-24;284;99;9898;5297;13.0;6.9
48;2021-03-25;757;119;10655;5416;14.0;7.1
48;2021-03-26;269;60;10924;5476;14.3;7.2
48;2021-03-27;104;1;11028;5477;14.5;7.2
48;2021-03-28;80;20;11108;5497;14.6;7.2
48;2021-03-29;304;80;11412;5577;15.0;7.3
48;2021-03-30;363;130;11775;5707;15.4;7.5
48;2021-03-31;448;86;12223;5793;16.0;7.6
48;2021-04-01;729;71;12952;5864;17.0;7.7
48;2021-04-02;487;131;13439;5995;17.6;7.9
48;2021-04-03;140;83;13579;6078;17.8;8.0
48;2021-04-04;0;0;13579;6078;17.8;8.0
48;2021-04-05;43;1;13622;6079;17.9;8.0
48;2021-04-06;465;160;14087;6239;18.5;8.2
48;2021-04-07;465;140;14552;6379;19.1;8.4
48;2021-04-08;620;187;15172;6566;19.9;8.6
48;2021-04-09;446;120;15618;6686;20.5;8.8
48;2021-04-10;95;60;15713;6746;20.6;8.8
48;2021-04-11;2;0;15715;6746;20.6;8.8
48;2021-04-12;364;71;16079;6817;21.1;8.9
48;2021-04-13;361;92;16440;6909;21.6;9.1
48;2021-04-14;624;186;17064;7095;22.4;9.3
48;2021-04-15;699;357;17763;7452;23.3;9.8
48;2021-04-16;538;226;18301;7678;24.0;10.1
48;2021-04-17;89;71;18390;7749;24.1;10.2
48;2021-04-18;0;0;18390;7749;24.1;10.2
48;2021-04-19;197;106;18587;7855;24.4;10.3
48;2021-04-20;216;181;18803;8036;24.6;10.5
48;2021-04-21;284;208;19087;8244;25.0;10.8
48;2021-04-22;307;480;19394;8724;25.4;11.4
48;2021-04-23;255;241;19649;8965;25.8;11.8
48;2021-04-24;97;94;19746;9059;25.9;11.9
48;2021-04-25;1;9;19747;9068;25.9;11.9
48;2021-04-26;87;209;19834;9277;26.0;12.2
48;2021-04-27;172;292;20006;9569;26.2;12.5
48;2021-04-28;149;414;20155;9983;26.4;13.1
48;2021-04-29;204;490;20359;10473;26.7;13.7
48;2021-04-30;172;226;20531;10699;26.9;14.0
48;2021-05-01;0;0;20531;10699;26.9;14.0
48;2021-05-02;0;0;20531;10699;26.9;14.0
48;2021-05-03;106;386;20637;11085;27.1;14.5
48;2021-05-04;227;421;20864;11506;27.3;15.1
48;2021-05-05;84;485;20948;11991;27.5;15.7
48;2021-05-06;754;639;21702;12630;28.4;16.6
48;2021-05-07;96;504;21798;13134;28.6;17.2
48;2021-05-08;309;43;22107;13177;29.0;17.3
48;2021-05-09;285;9;22392;13186;29.4;17.3
48;2021-05-10;55;325;22447;13511;29.4;17.7
48;2021-05-11;221;292;22668;13803;29.7;18.1
48;2021-05-12;249;312;22917;14115;30.0;18.5
48;2021-05-13;472;157;23389;14272;30.7;18.7
48;2021-05-14;244;222;23633;14494;31.0;19.0
48;2021-05-15;84;47;23717;14541;31.1;19.1
48;2021-05-16;1;8;23718;14549;31.1;19.1
48;2021-05-17;474;267;24192;14816;31.7;19.4
48;2021-05-18;264;229;24456;15045;32.1;19.7
48;2021-05-19;207;278;24663;15323;32.3;20.1
48;2021-05-20;320;256;24983;15579;32.7;20.4
48;2021-05-21;172;267;25155;15846;33.0;20.8
48;2021-05-22;25;50;25180;15896;33.0;20.8
48;2021-05-23;0;6;25180;15902;33.0;20.8
48;2021-05-24;0;14;25180;15916;33.0;20.9
48;2021-05-25;180;266;25360;16182;33.2;21.2
48;2021-05-26;416;298;25776;16480;33.8;21.6
48;2021-05-27;1176;377;26952;16857;35.3;22.1
48;2021-05-28;316;350;27268;17207;35.7;22.6
48;2021-05-29;79;50;27347;17257;35.8;22.6
48;2021-05-30;0;1;27347;17258;35.8;22.6
48;2021-05-31;625;263;27972;17521;36.7;23.0
48;2021-06-01;272;305;28244;17826;37.0;23.4
48;2021-06-02;407;424;28651;18250;37.6;23.9
48;2021-06-03;629;430;29280;18680;38.4;24.5
48;2021-06-04;291;282;29571;18962;38.8;24.9
48;2021-06-05;121;77;29692;19039;38.9;25.0
48;2021-06-06;1;1;29693;19040;38.9;25.0
48;2021-06-07;440;161;30133;19201;39.5;25.2
48;2021-06-08;614;307;30747;19508;40.3;25.6
48;2021-06-09;379;189;31126;19697;40.8;25.8
48;2021-06-10;1002;239;32128;19936;42.1;26.1
48;2021-06-11;372;160;32500;20096;42.6;26.3
48;2021-06-12;74;56;32574;20152;42.7;26.4
48;2021-06-13;0;2;32574;20154;42.7;26.4
48;2021-06-14;124;115;32698;20269;42.9;26.6
48;2021-06-15;407;385;33105;20654;43.4;27.1
48;2021-06-16;260;144;33365;20798;43.7;27.3
48;2021-06-17;486;575;33851;21373;44.4;28.0
48;2021-06-18;254;314;34105;21687;44.7;28.4
48;2021-06-19;35;291;34140;21978;44.8;28.8
48;2021-06-20;123;224;34263;22202;44.9;29.1
48;2021-06-21;124;132;34387;22334;45.1;29.3
48;2021-06-22;258;334;34645;22668;45.4;29.7
48;2021-06-23;111;546;34756;23214;45.6;30.4
48;2021-06-24;364;608;35120;23822;46.0;31.2
48;2021-06-25;154;276;35274;24098;46.2;31.6
48;2021-06-26;15;45;35289;24143;46.3;31.6
48;2021-06-27;1;1;35290;24144;46.3;31.6
48;2021-06-28;81;177;35371;24321;46.4;31.9
48;2021-06-29;297;413;35668;24734;46.8;32.4
48;2021-06-30;97;465;35765;25199;46.9;33.0
48;2021-07-01;194;666;35959;25865;47.1;33.9
48;2021-07-02;148;369;36107;26234;47.3;34.4
48;2021-07-03;41;89;36148;26323;47.4;34.5
48;2021-07-04;7;0;36155;26323;47.4;34.5
48;2021-07-05;40;115;36195;26438;47.4;34.7
48;2021-07-06;277;597;36472;27035;47.8;35.4
48;2021-07-07;201;486;36673;27521;48.1;36.1
48;2021-07-08;224;1191;36897;28712;48.4;37.6
48;2021-07-09;156;552;37053;29264;48.6;38.4
48;2021-07-10;95;148;37148;29412;48.7;38.6
48;2021-07-11;0;4;37148;29416;48.7;38.6
48;2021-07-12;140;673;37288;30089;48.9;39.4
48;2021-07-13;212;431;37500;30520;49.2;40.0
48;2021-07-14;178;144;37678;30664;49.4;40.2
48;2021-07-15;187;458;37865;31122;49.6;40.8
48;2021-07-16;234;315;38099;31437;49.9;41.2
48;2021-07-17;129;118;38228;31555;50.1;41.4
48;2021-07-18;4;5;38232;31560;50.1;41.4
48;2021-07-19;105;305;38337;31865;50.3;41.8
48;2021-07-20;658;992;38995;32857;51.1;43.1
48;2021-07-21;68;371;39063;33228;51.2;43.6
48;2021-07-22;779;1124;39842;34352;52.2;45.0
48;2021-07-23;364;437;40206;34789;52.7;45.6
48;2021-07-24;506;170;40712;34959;53.4;45.8
48;2021-07-25;137;46;40849;35005;53.5;45.9
48;2021-07-26;100;198;40949;35203;53.7;46.1
48;2021-07-27;1194;642;42143;35845;55.2;47.0
48;2021-07-28;176;316;42319;36161;55.5;47.4
48;2021-07-29;709;640;43028;36801;56.4;48.2
48;2021-07-30;199;293;43227;37094;56.7;48.6
48;2021-07-31;337;180;43564;37274;57.1;48.9
48;2021-08-01;18;55;43582;37329;57.1;48.9
48;2021-08-02;226;162;43808;37491;57.4;49.1
48;2021-08-03;894;567;44702;38058;58.6;49.9
48;2021-08-04;325;219;45027;38277;59.0;50.2
48;2021-08-05;673;467;45700;38744;59.9;50.8
48;2021-08-06;435;273;46135;39017;60.5;51.1
48;2021-08-07;249;123;46384;39140;60.8;51.3
48;2021-08-08;1;5;46385;39145;60.8;51.3
48;2021-08-09;170;140;46555;39285;61.0;51.5
48;2021-08-10;722;552;47277;39837;62.0;52.2
48;2021-08-11;296;237;47573;40074;62.4;52.5
48;2021-08-12;417;409;47990;40483;62.9;53.1
48;2021-08-13;218;209;48208;40692;63.2;53.3
48;2021-08-14;135;163;48343;40855;63.4;53.6
48;2021-08-15;131;81;48474;40936;63.5;53.7
48;2021-08-16;121;191;48595;41127;63.7;53.9
48;2021-08-17;369;1188;48964;42315;64.2;55.5
48;2021-08-18;209;200;49173;42515;64.5;55.7
48;2021-08-19;240;322;49413;42837;64.8;56.2
48;2021-08-20;213;285;49626;43122;65.1;56.5
48;2021-08-21;85;233;49711;43355;65.2;56.8
48;2021-08-22;0;0;49711;43355;65.2;56.8
49;2020-12-27;0;0;0;0;0.0;0.0
49;2020-12-28;2;0;2;0;0.0;0.0
49;2020-12-29;0;0;2;0;0.0;0.0
49;2020-12-30;0;0;2;0;0.0;0.0
49;2020-12-31;0;0;2;0;0.0;0.0
49;2021-01-01;2;0;4;0;0.0;0.0
49;2021-01-02;1;1;5;1;0.0;0.0
49;2021-01-03;0;0;5;1;0.0;0.0
49;2021-01-04;10;0;15;1;0.0;0.0
49;2021-01-05;92;0;107;1;0.0;0.0
49;2021-01-06;232;0;339;1;0.0;0.0
49;2021-01-07;366;0;705;1;0.1;0.0
49;2021-01-08;329;1;1034;2;0.1;0.0
49;2021-01-09;118;0;1152;2;0.1;0.0
49;2021-01-10;114;0;1266;2;0.2;0.0
49;2021-01-11;287;0;1553;2;0.2;0.0
49;2021-01-12;623;0;2176;2;0.3;0.0
49;2021-01-13;602;2;2778;4;0.3;0.0
49;2021-01-14;590;6;3368;10;0.4;0.0
49;2021-01-15;775;1;4143;11;0.5;0.0
49;2021-01-16;147;0;4290;11;0.5;0.0
49;2021-01-17;111;2;4401;13;0.5;0.0
49;2021-01-18;691;0;5092;13;0.6;0.0
49;2021-01-19;1204;1;6296;14;0.8;0.0
49;2021-01-20;1510;3;7806;17;1.0;0.0
49;2021-01-21;1940;4;9746;21;1.2;0.0
49;2021-01-22;1319;5;11065;26;1.4;0.0
49;2021-01-23;263;1;11328;27;1.4;0.0
49;2021-01-24;0;0;11328;27;1.4;0.0
49;2021-01-25;552;5;11880;32;1.5;0.0
49;2021-01-26;987;75;12867;107;1.6;0.0
49;2021-01-27;1854;37;14721;144;1.8;0.0
49;2021-01-28;2876;88;17597;232;2.2;0.0
49;2021-01-29;1589;93;19186;325;2.4;0.0
49;2021-01-30;300;47;19486;372;2.4;0.0
49;2021-01-31;62;51;19548;423;2.4;0.1
49;2021-02-01;661;164;20209;587;2.5;0.1
49;2021-02-02;743;386;20952;973;2.6;0.1
49;2021-02-03;675;379;21627;1352;2.7;0.2
49;2021-02-04;758;446;22385;1798;2.7;0.2
49;2021-02-05;707;598;23092;2396;2.8;0.3
49;2021-02-06;229;111;23321;2507;2.9;0.3
49;2021-02-07;59;84;23380;2591;2.9;0.3
49;2021-02-08;549;480;23929;3071;2.9;0.4
49;2021-02-09;713;647;24642;3718;3.0;0.5
49;2021-02-10;806;953;25448;4671;3.1;0.6
49;2021-02-11;1028;1409;26476;6080;3.2;0.7
49;2021-02-12;870;978;27346;7058;3.4;0.9
49;2021-02-13;266;118;27612;7176;3.4;0.9
49;2021-02-14;9;106;27621;7282;3.4;0.9
49;2021-02-15;731;663;28352;7945;3.5;1.0
49;2021-02-16;1106;1125;29458;9070;3.6;1.1
49;2021-02-17;1159;1870;30617;10940;3.8;1.3
49;2021-02-18;1811;2439;32428;13379;4.0;1.6
49;2021-02-19;1395;1110;33823;14489;4.1;1.8
49;2021-02-20;233;383;34056;14872;4.2;1.8
49;2021-02-21;0;64;34056;14936;4.2;1.8
49;2021-02-22;646;576;34702;15512;4.3;1.9
49;2021-02-23;735;860;35437;16372;4.3;2.0
49;2021-02-24;822;643;36259;17015;4.4;2.1
49;2021-02-25;1208;813;37467;17828;4.6;2.2
49;2021-02-26;1678;848;39145;18676;4.8;2.3
49;2021-02-27;435;282;39580;18958;4.9;2.3
49;2021-02-28;49;39;39629;18997;4.9;2.3
49;2021-03-01;766;585;40395;19582;5.0;2.4
49;2021-03-02;1083;701;41478;20283;5.1;2.5
49;2021-03-03;1559;673;43037;20956;5.3;2.6
49;2021-03-04;1767;936;44804;21892;5.5;2.7
49;2021-03-05;2212;694;47016;22586;5.8;2.8
49;2021-03-06;716;188;47732;22774;5.9;2.8
49;2021-03-07;627;12;48359;22786;5.9;2.8
49;2021-03-08;1396;717;49755;23503;6.1;2.9
49;2021-03-09;2051;740;51806;24243;6.3;3.0
49;2021-03-10;2528;863;54334;25106;6.7;3.1
49;2021-03-11;3195;1471;57529;26577;7.1;3.3
49;2021-03-12;3766;1003;61295;27580;7.5;3.4
49;2021-03-13;1501;219;62796;27799;7.7;3.4
49;2021-03-14;6;0;62802;27799;7.7;3.4
49;2021-03-15;2084;535;64886;28334;8.0;3.5
49;2021-03-16;1732;963;66618;29297;8.2;3.6
49;2021-03-17;1811;674;68429;29971;8.4;3.7
49;2021-03-18;2203;730;70632;30701;8.7;3.8
49;2021-03-19;3332;561;73964;31262;9.1;3.8
49;2021-03-20;1743;206;75707;31468;9.3;3.9
49;2021-03-21;499;23;76206;31491;9.3;3.9
49;2021-03-22;2247;547;78453;32038;9.6;3.9
49;2021-03-23;3405;678;81858;32716;10.0;4.0
49;2021-03-24;3602;499;85460;33215;10.5;4.1
49;2021-03-25;4226;649;89686;33864;11.0;4.2
49;2021-03-26;4884;505;94570;34369;11.6;4.2
49;2021-03-27;1674;99;96244;34468;11.8;4.2
49;2021-03-28;400;30;96644;34498;11.8;4.2
49;2021-03-29;2372;612;99016;35110;12.1;4.3
49;2021-03-30;3268;939;102284;36049;12.5;4.4
49;2021-03-31;2980;751;105264;36800;12.9;4.5
49;2021-04-01;4121;868;109385;37668;13.4;4.6
49;2021-04-02;4295;947;113680;38615;13.9;4.7
49;2021-04-03;971;194;114651;38809;14.1;4.8
49;2021-04-04;315;3;114966;38812;14.1;4.8
49;2021-04-05;942;21;115908;38833;14.2;4.8
49;2021-04-06;2331;1324;118239;40157;14.5;4.9
49;2021-04-07;3308;1363;121547;41520;14.9;5.1
49;2021-04-08;5182;1412;126729;42932;15.5;5.3
49;2021-04-09;6207;1430;132936;44362;16.3;5.4
49;2021-04-10;2068;499;135004;44861;16.5;5.5
49;2021-04-11;390;8;135394;44869;16.6;5.5
49;2021-04-12;4073;1571;139467;46440;17.1;5.7
49;2021-04-13;5380;1912;144847;48352;17.8;5.9
49;2021-04-14;4541;1875;149388;50227;18.3;6.2
49;2021-04-15;5379;1885;154767;52112;19.0;6.4
49;2021-04-16;5759;2138;160526;54250;19.7;6.6
49;2021-04-17;3336;849;163862;55099;20.1;6.8
49;2021-04-18;381;477;164243;55576;20.1;6.8
49;2021-04-19;3710;2055;167953;57631;20.6;7.1
49;2021-04-20;4375;2112;172328;59743;21.1;7.3
49;2021-04-21;3954;2209;176282;61952;21.6;7.6
49;2021-04-22;4834;2105;181116;64057;22.2;7.9
49;2021-04-23;4812;2332;185928;66389;22.8;8.1
49;2021-04-24;2939;1157;188867;67546;23.1;8.3
49;2021-04-25;40;282;188907;67828;23.2;8.3
49;2021-04-26;3741;2113;192648;69941;23.6;8.6
49;2021-04-27;4473;2507;197121;72448;24.2;8.9
49;2021-04-28;4617;2496;201738;74944;24.7;9.2
49;2021-04-29;5207;3018;206945;77962;25.4;9.6
49;2021-04-30;5556;3203;212501;81165;26.0;9.9
49;2021-05-01;2363;666;214864;81831;26.3;10.0
49;2021-05-02;5;40;214869;81871;26.3;10.0
49;2021-05-03;5011;2408;219880;84279;27.0;10.3
49;2021-05-04;4971;3044;224851;87323;27.6;10.7
49;2021-05-05;4786;3003;229637;90326;28.1;11.1
49;2021-05-06;5330;3080;234967;93406;28.8;11.4
49;2021-05-07;4282;5031;239249;98437;29.3;12.1
49;2021-05-08;3576;437;242825;98874;29.8;12.1
49;2021-05-09;10;41;242835;98915;29.8;12.1
49;2021-05-10;4831;4278;247666;103193;30.4;12.6
49;2021-05-11;5396;5088;253062;108281;31.0;13.3
49;2021-05-12;4802;4596;257864;112877;31.6;13.8
49;2021-05-13;4779;689;262643;113566;32.2;13.9
49;2021-05-14;5173;3272;267816;116838;32.8;14.3
49;2021-05-15;4155;1807;271971;118645;33.3;14.5
49;2021-05-16;2788;119;274759;118764;33.7;14.6
49;2021-05-17;4834;3692;279593;122456;34.3;15.0
49;2021-05-18;5473;3773;285066;126229;34.9;15.5
49;2021-05-19;5917;3233;290983;129462;35.7;15.9
49;2021-05-20;6807;2964;297790;132426;36.5;16.2
49;2021-05-21;6453;3742;304243;136168;37.3;16.7
49;2021-05-22;5186;1193;309429;137361;37.9;16.8
49;2021-05-23;1;12;309430;137373;37.9;16.8
49;2021-05-24;4217;449;313647;137822;38.4;16.9
49;2021-05-25;6331;3307;319978;141129;39.2;17.3
49;2021-05-26;6273;2668;326251;143797;40.0;17.6
49;2021-05-27;7110;2724;333361;146521;40.9;18.0
49;2021-05-28;6875;4021;340236;150542;41.7;18.5
49;2021-05-29;5024;1898;345260;152440;42.3;18.7
49;2021-05-30;20;13;345280;152453;42.3;18.7
49;2021-05-31;6038;3223;351318;155676;43.1;19.1
49;2021-06-01;6588;3987;357906;159663;43.9;19.6
49;2021-06-02;5793;3744;363699;163407;44.6;20.0
49;2021-06-03;6605;3424;370304;166831;45.4;20.4
49;2021-06-04;6470;4865;376774;171696;46.2;21.0
49;2021-06-05;4386;2696;381160;174392;46.7;21.4
49;2021-06-06;37;52;381197;174444;46.7;21.4
49;2021-06-07;4632;4761;385829;179205;47.3;22.0
49;2021-06-08;5185;5103;391014;184308;47.9;22.6
49;2021-06-09;5319;4502;396333;188810;48.6;23.1
49;2021-06-10;5999;3782;402332;192592;49.3;23.6
49;2021-06-11;4867;6036;407199;198628;49.9;24.3
49;2021-06-12;4102;3201;411301;201829;50.4;24.7
49;2021-06-13;19;989;411320;202818;50.4;24.9
49;2021-06-14;3409;6017;414729;208835;50.8;25.6
49;2021-06-15;4243;6399;418972;215234;51.4;26.4
49;2021-06-16;4150;5681;423122;220915;51.9;27.1
49;2021-06-17;5068;5076;428190;225991;52.5;27.7
49;2021-06-18;4130;6889;432320;232880;53.0;28.5
49;2021-06-19;3525;3974;435845;236854;53.4;29.0
49;2021-06-20;30;23;435875;236877;53.4;29.0
49;2021-06-21;2829;6512;438704;243389;53.8;29.8
49;2021-06-22;3201;7008;441905;250397;54.2;30.7
49;2021-06-23;3253;6317;445158;256714;54.6;31.5
49;2021-06-24;4311;4978;449469;261692;55.1;32.1
49;2021-06-25;3318;7450;452787;269142;55.5;33.0
49;2021-06-26;2569;4627;455356;273769;55.8;33.6
49;2021-06-27;15;1544;455371;275313;55.8;33.7
49;2021-06-28;2232;7187;457603;282500;56.1;34.6
49;2021-06-29;3025;7273;460628;289773;56.5;35.5
49;2021-06-30;2821;6807;463449;296580;56.8;36.4
49;2021-07-01;3083;6273;466532;302853;57.2;37.1
49;2021-07-02;2924;8071;469456;310924;57.5;38.1
49;2021-07-03;1994;5484;471450;316408;57.8;38.8
49;2021-07-04;7;53;471457;316461;57.8;38.8
49;2021-07-05;1662;7079;473119;323540;58.0;39.7
49;2021-07-06;1889;7553;475008;331093;58.2;40.6
49;2021-07-07;2061;6626;477069;337719;58.5;41.4
49;2021-07-08;2549;6355;479618;344074;58.8;42.2
49;2021-07-09;2305;8251;481923;352325;59.1;43.2
49;2021-07-10;1785;5343;483708;357668;59.3;43.8
49;2021-07-11;11;35;483719;357703;59.3;43.8
49;2021-07-12;1930;7717;485649;365420;59.5;44.8
49;2021-07-13;2565;8311;488214;373731;59.8;45.8
49;2021-07-14;2884;3375;491098;377106;60.2;46.2
49;2021-07-15;3127;7556;494225;384662;60.6;47.1
49;2021-07-16;3365;8300;497590;392962;61.0;48.2
49;2021-07-17;2079;5482;499669;398444;61.2;48.8
49;2021-07-18;3744;581;503413;399025;61.7;48.9
49;2021-07-19;2570;7451;505983;406476;62.0;49.8
49;2021-07-20;3451;7479;509434;413955;62.4;50.7
49;2021-07-21;4158;6462;513592;420417;62.9;51.5
49;2021-07-22;4672;5856;518264;426273;63.5;52.2
49;2021-07-23;4980;6625;523244;432898;64.1;53.1
49;2021-07-24;3599;4998;526843;437896;64.6;53.7
49;2021-07-25;37;32;526880;437928;64.6;53.7
49;2021-07-26;4184;5898;531064;443826;65.1;54.4
49;2021-07-27;5575;5447;536639;449273;65.8;55.1
49;2021-07-28;5950;4358;542589;453631;66.5;55.6
49;2021-07-29;6557;4146;549146;457777;67.3;56.1
49;2021-07-30;6033;4786;555179;462563;68.0;56.7
49;2021-07-31;3943;3419;559122;465982;68.5;57.1
49;2021-08-01;18;22;559140;466004;68.5;57.1
49;2021-08-02;4251;4649;563391;470653;69.1;57.7
49;2021-08-03;5421;3805;568812;474458;69.7;58.2
49;2021-08-04;5207;3707;574019;478165;70.4;58.6
49;2021-08-05;5224;3290;579243;481455;71.0;59.0
49;2021-08-06;5682;4270;584925;485725;71.7;59.5
49;2021-08-07;3903;3038;588828;488763;72.2;59.9
49;2021-08-08;23;36;588851;488799;72.2;59.9
49;2021-08-09;3429;4669;592280;493468;72.6;60.5
49;2021-08-10;4170;3889;596450;497357;73.1;61.0
49;2021-08-11;3915;3643;600365;501000;73.6;61.4
49;2021-08-12;2626;3046;602991;504046;73.9;61.8
49;2021-08-13;3807;4256;606798;508302;74.4;62.3
49;2021-08-14;2267;3146;609065;511448;74.7;62.7
49;2021-08-15;29;26;609094;511474;74.7;62.7
49;2021-08-16;2715;5058;611809;516532;75.0;63.3
49;2021-08-17;3260;4906;615069;521438;75.4;63.9
49;2021-08-18;2965;4108;618034;525546;75.8;64.4
49;2021-08-19;1530;3651;619564;529197;75.9;64.9
49;2021-08-20;2709;5768;622273;534965;76.3;65.6
49;2021-08-21;1366;4143;623639;539108;76.4;66.1
49;2021-08-22;6;41;623645;539149;76.4;66.1
50;2020-12-27;0;0;0;0;0.0;0.0
50;2020-12-28;0;0;0;0;0.0;0.0
50;2020-12-29;1;0;1;0;0.0;0.0
50;2020-12-30;0;0;1;0;0.0;0.0
50;2020-12-31;0;0;1;0;0.0;0.0
50;2021-01-01;0;0;1;0;0.0;0.0
50;2021-01-02;0;0;1;0;0.0;0.0
50;2021-01-03;0;0;1;0;0.0;0.0
50;2021-01-04;1;0;2;0;0.0;0.0
50;2021-01-05;0;0;2;0;0.0;0.0
50;2021-01-06;126;0;128;0;0.0;0.0
50;2021-01-07;323;0;451;0;0.1;0.0
50;2021-01-08;436;2;887;2;0.2;0.0
50;2021-01-09;236;0;1123;2;0.2;0.0
50;2021-01-10;23;0;1146;2;0.2;0.0
50;2021-01-11;391;1;1537;3;0.3;0.0
50;2021-01-12;600;0;2137;3;0.4;0.0
50;2021-01-13;694;4;2831;7;0.6;0.0
50;2021-01-14;1046;5;3877;12;0.8;0.0
50;2021-01-15;709;2;4586;14;0.9;0.0
50;2021-01-16;215;3;4801;17;1.0;0.0
50;2021-01-17;1;0;4802;17;1.0;0.0
50;2021-01-18;619;1;5421;18;1.1;0.0
50;2021-01-19;895;3;6316;21;1.3;0.0
50;2021-01-20;965;1;7281;22;1.5;0.0
50;2021-01-21;917;4;8198;26;1.7;0.0
50;2021-01-22;713;2;8911;28;1.8;0.0
50;2021-01-23;667;4;9578;32;2.0;0.0
50;2021-01-24;880;3;10458;35;2.1;0.0
50;2021-01-25;2709;10;13167;45;2.7;0.0
50;2021-01-26;1336;14;14503;59;3.0;0.0
50;2021-01-27;766;56;15269;115;3.1;0.0
50;2021-01-28;718;170;15987;285;3.3;0.1
50;2021-01-29;581;306;16568;591;3.4;0.1
50;2021-01-30;381;165;16949;756;3.5;0.2
50;2021-01-31;0;0;16949;756;3.5;0.2
50;2021-02-01;449;225;17398;981;3.5;0.2
50;2021-02-02;416;236;17814;1217;3.6;0.2
50;2021-02-03;390;378;18204;1595;3.7;0.3
50;2021-02-04;485;451;18689;2046;3.8;0.4
50;2021-02-05;422;449;19111;2495;3.9;0.5
50;2021-02-06;179;114;19290;2609;3.9;0.5
50;2021-02-07;0;0;19290;2609;3.9;0.5
50;2021-02-08;255;509;19545;3118;4.0;0.6
50;2021-02-09;246;642;19791;3760;4.0;0.8
50;2021-02-10;570;557;20361;4317;4.1;0.9
50;2021-02-11;438;915;20799;5232;4.2;1.1
50;2021-02-12;329;672;21128;5904;4.3;1.2
50;2021-02-13;306;489;21434;6393;4.4;1.3
50;2021-02-14;185;826;21619;7219;4.4;1.5
50;2021-02-15;663;2032;22282;9251;4.5;1.9
50;2021-02-16;746;1621;23028;10872;4.7;2.2
50;2021-02-17;632;825;23660;11697;4.8;2.4
50;2021-02-18;569;810;24229;12507;4.9;2.5
50;2021-02-19;630;521;24859;13028;5.1;2.7
50;2021-02-20;423;193;25282;13221;5.2;2.7
50;2021-02-21;85;29;25367;13250;5.2;2.7
50;2021-02-22;291;725;25658;13975;5.2;2.8
50;2021-02-23;502;565;26160;14540;5.3;3.0
50;2021-02-24;624;571;26784;15111;5.5;3.1
50;2021-02-25;778;591;27562;15702;5.6;3.2
50;2021-02-26;999;400;28561;16102;5.8;3.3
50;2021-02-27;887;114;29448;16216;6.0;3.3
50;2021-02-28;111;0;29559;16216;6.0;3.3
50;2021-03-01;488;559;30047;16775;6.1;3.4
50;2021-03-02;651;521;30698;17296;6.3;3.5
50;2021-03-03;797;457;31495;17753;6.4;3.6
50;2021-03-04;1248;342;32743;18095;6.7;3.7
50;2021-03-05;1553;352;34296;18447;7.0;3.8
50;2021-03-06;1319;159;35615;18606;7.3;3.8
50;2021-03-07;550;42;36165;18648;7.4;3.8
50;2021-03-08;1024;623;37189;19271;7.6;3.9
50;2021-03-09;1556;579;38745;19850;7.9;4.0
50;2021-03-10;1608;322;40353;20172;8.2;4.1
50;2021-03-11;2352;358;42705;20530;8.7;4.2
50;2021-03-12;2866;249;45571;20779;9.3;4.2
50;2021-03-13;1993;138;47564;20917;9.7;4.3
50;2021-03-14;279;41;47843;20958;9.8;4.3
50;2021-03-15;1377;297;49220;21255;10.0;4.3
50;2021-03-16;1340;284;50560;21539;10.3;4.4
50;2021-03-17;1295;412;51855;21951;10.6;4.5
50;2021-03-18;1162;427;53017;22378;10.8;4.6
50;2021-03-19;1733;591;54750;22969;11.2;4.7
50;2021-03-20;1685;229;56435;23198;11.5;4.7
50;2021-03-21;794;12;57229;23210;11.7;4.7
50;2021-03-22;1508;336;58737;23546;12.0;4.8
50;2021-03-23;2075;399;60812;23945;12.4;4.9
50;2021-03-24;2281;556;63093;24501;12.9;5.0
50;2021-03-25;2812;471;65905;24972;13.4;5.1
50;2021-03-26;3205;473;69110;25445;14.1;5.2
50;2021-03-27;1823;374;70933;25819;14.5;5.3
50;2021-03-28;403;19;71336;25838;14.5;5.3
50;2021-03-29;2139;722;73475;26560;15.0;5.4
50;2021-03-30;2283;649;75758;27209;15.4;5.5
50;2021-03-31;2478;570;78236;27779;15.9;5.7
50;2021-04-01;3105;867;81341;28646;16.6;5.8
50;2021-04-02;2961;944;84302;29590;17.2;6.0
50;2021-04-03;1245;687;85547;30277;17.4;6.2
50;2021-04-04;321;136;85868;30413;17.5;6.2
50;2021-04-05;400;27;86268;30440;17.6;6.2
50;2021-04-06;2130;1225;88398;31665;18.0;6.5
50;2021-04-07;2559;1185;90957;32850;18.5;6.7
50;2021-04-08;3598;1226;94555;34076;19.3;6.9
50;2021-04-09;3936;1303;98491;35379;20.1;7.2
50;2021-04-10;2534;879;101025;36258;20.6;7.4
50;2021-04-11;411;145;101436;36403;20.7;7.4
50;2021-04-12;2438;1383;103874;37786;21.2;7.7
50;2021-04-13;2678;1539;106552;39325;21.7;8.0
50;2021-04-14;2608;1355;109160;40680;22.2;8.3
50;2021-04-15;3162;1119;112322;41799;22.9;8.5
50;2021-04-16;3365;1103;115687;42902;23.6;8.7
50;2021-04-17;2400;1186;118087;44088;24.1;9.0
50;2021-04-18;425;664;118512;44752;24.2;9.1
50;2021-04-19;1997;1476;120509;46228;24.6;9.4
50;2021-04-20;2276;1590;122785;47818;25.0;9.7
50;2021-04-21;2552;1762;125337;49580;25.5;10.1
50;2021-04-22;3079;1827;128416;51407;26.2;10.5
50;2021-04-23;2757;1919;131173;53326;26.7;10.9
50;2021-04-24;1899;1436;133072;54762;27.1;11.2
50;2021-04-25;470;274;133542;55036;27.2;11.2
50;2021-04-26;2119;1889;135661;56925;27.6;11.6
50;2021-04-27;2413;2002;138074;58927;28.1;12.0
50;2021-04-28;2707;1976;140781;60903;28.7;12.4
50;2021-04-29;3285;2044;144066;62947;29.4;12.8
50;2021-04-30;3000;1931;147066;64878;30.0;13.2
50;2021-05-01;1015;595;148081;65473;30.2;13.3
50;2021-05-02;523;448;148604;65921;30.3;13.4
50;2021-05-03;1769;1805;150373;67726;30.6;13.8
50;2021-05-04;1772;2332;152145;70058;31.0;14.3
50;2021-05-05;1661;2955;153806;73013;31.3;14.9
50;2021-05-06;2530;2585;156336;75598;31.9;15.4
50;2021-05-07;2150;2861;158486;78459;32.3;16.0
50;2021-05-08;1170;791;159656;79250;32.5;16.2
50;2021-05-09;624;362;160280;79612;32.7;16.2
50;2021-05-10;1705;2606;161985;82218;33.0;16.8
50;2021-05-11;2543;2848;164528;85066;33.5;17.3
50;2021-05-12;3181;2438;167709;87504;34.2;17.8
50;2021-05-13;3382;610;171091;88114;34.9;18.0
50;2021-05-14;3572;2279;174663;90393;35.6;18.4
50;2021-05-15;4001;1873;178664;92266;36.4;18.8
50;2021-05-16;947;267;179611;92533;36.6;18.9
50;2021-05-17;2139;1878;181750;94411;37.0;19.2
50;2021-05-18;2523;1621;184273;96032;37.6;19.6
50;2021-05-19;2503;1445;186776;97477;38.1;19.9
50;2021-05-20;3261;1623;190037;99100;38.7;20.2
50;2021-05-21;3158;1914;193195;101014;39.4;20.6
50;2021-05-22;2651;1329;195846;102343;39.9;20.9
50;2021-05-23;603;284;196449;102627;40.0;20.9
50;2021-05-24;1527;490;197976;103117;40.3;21.0
50;2021-05-25;2450;1674;200426;104791;40.8;21.4
50;2021-05-26;3000;1453;203426;106244;41.5;21.7
50;2021-05-27;3035;1976;206461;108220;42.1;22.1
50;2021-05-28;2946;2122;209407;110342;42.7;22.5
50;2021-05-29;2760;1404;212167;111746;43.2;22.8
50;2021-05-30;812;324;212979;112070;43.4;22.8
50;2021-05-31;2652;1818;215631;113888;43.9;23.2
50;2021-06-01;3332;2065;218963;115953;44.6;23.6
50;2021-06-02;3259;1789;222222;117742;45.3;24.0
50;2021-06-03;3915;2063;226137;119805;46.1;24.4
50;2021-06-04;3823;2884;229960;122689;46.9;25.0
50;2021-06-05;2960;1847;232920;124536;47.5;25.4
50;2021-06-06;813;443;233733;124979;47.6;25.5
50;2021-06-07;3513;2083;237246;127062;48.4;25.9
50;2021-06-08;4072;2225;241318;129287;49.2;26.3
50;2021-06-09;4254;1991;245572;131278;50.0;26.8
50;2021-06-10;4196;2119;249768;133397;50.9;27.2
50;2021-06-11;4226;2712;253994;136109;51.8;27.7
50;2021-06-12;3736;1609;257730;137718;52.5;28.1
50;2021-06-13;1143;451;258873;138169;52.8;28.2
50;2021-06-14;2691;2966;261564;141135;53.3;28.8
50;2021-06-15;3020;2601;264584;143736;53.9;29.3
50;2021-06-16;3096;1976;267680;145712;54.6;29.7
50;2021-06-17;2796;2487;270476;148199;55.1;30.2
50;2021-06-18;3240;3049;273716;151248;55.8;30.8
50;2021-06-19;3179;1925;276895;153173;56.4;31.2
50;2021-06-20;731;710;277626;153883;56.6;31.4
50;2021-06-21;1819;3133;279445;157016;57.0;32.0
50;2021-06-22;2064;3393;281509;160409;57.4;32.7
50;2021-06-23;1872;3874;283381;164283;57.8;33.5
50;2021-06-24;1712;4011;285093;168294;58.1;34.3
50;2021-06-25;2135;4007;287228;172301;58.5;35.1
50;2021-06-26;2145;3697;289373;175998;59.0;35.9
50;2021-06-27;615;895;289988;176893;59.1;36.1
50;2021-06-28;1926;3348;291914;180241;59.5;36.7
50;2021-06-29;1881;3405;293795;183646;59.9;37.4
50;2021-06-30;2181;3408;295976;187054;60.3;38.1
50;2021-07-01;1945;3284;297921;190338;60.7;38.8
50;2021-07-02;1899;3931;299820;194269;61.1;39.6
50;2021-07-03;1446;3446;301266;197715;61.4;40.3
50;2021-07-04;445;1066;301711;198781;61.5;40.5
50;2021-07-05;1263;3410;302974;202191;61.7;41.2
50;2021-07-06;1575;3891;304549;206082;62.1;42.0
50;2021-07-07;1803;3619;306352;209701;62.4;42.7
50;2021-07-08;1377;4105;307729;213806;62.7;43.6
50;2021-07-09;1394;4573;309123;218379;63.0;44.5
50;2021-07-10;1025;3600;310148;221979;63.2;45.2
50;2021-07-11;372;1019;310520;222998;63.3;45.4
50;2021-07-12;1315;4630;311835;227628;63.6;46.4
50;2021-07-13;1626;4865;313461;232493;63.9;47.4
50;2021-07-14;1475;2355;314936;234848;64.2;47.9
50;2021-07-15;1682;5054;316618;239902;64.5;48.9
50;2021-07-16;2988;5242;319606;245144;65.1;50.0
50;2021-07-17;2145;3730;321751;248874;65.6;50.7
50;2021-07-18;403;1092;322154;249966;65.7;50.9
50;2021-07-19;1570;5184;323724;255150;66.0;52.0
50;2021-07-20;1927;5415;325651;260565;66.4;53.1
50;2021-07-21;1796;5261;327447;265826;66.7;54.2
50;2021-07-22;1939;5006;329386;270832;67.1;55.2
50;2021-07-23;2066;5387;331452;276219;67.6;56.3
50;2021-07-24;1308;3839;332760;280058;67.8;57.1
50;2021-07-25;271;1038;333031;281096;67.9;57.3
50;2021-07-26;2283;3497;335314;284593;68.3;58.0
50;2021-07-27;2889;3354;338203;287947;68.9;58.7
50;2021-07-28;2979;3692;341182;291639;69.5;59.4
50;2021-07-29;3558;3235;344740;294874;70.3;60.1
50;2021-07-30;3058;3011;347798;297885;70.9;60.7
50;2021-07-31;2384;2671;350182;300556;71.4;61.3
50;2021-08-01;480;684;350662;301240;71.5;61.4
50;2021-08-02;2444;2747;353106;303987;72.0;62.0
50;2021-08-03;3376;2470;356482;306457;72.7;62.5
50;2021-08-04;3579;2329;360061;308786;73.4;62.9
50;2021-08-05;3151;2158;363212;310944;74.0;63.4
50;2021-08-06;3615;2803;366827;313747;74.8;63.9
50;2021-08-07;2431;2163;369258;315910;75.3;64.4
50;2021-08-08;510;714;369768;316624;75.4;64.5
50;2021-08-09;2475;2133;372243;318757;75.9;65.0
50;2021-08-10;2935;1987;375178;320744;76.5;65.4
50;2021-08-11;2815;2018;377993;322762;77.0;65.8
50;2021-08-12;2560;2442;380553;325204;77.6;66.3
50;2021-08-13;2446;1984;382999;327188;78.1;66.7
50;2021-08-14;1803;1745;384802;328933;78.4;67.0
50;2021-08-15;399;334;385201;329267;78.5;67.1
50;2021-08-16;1680;2230;386881;331497;78.8;67.6
50;2021-08-17;1943;2670;388824;334167;79.2;68.1
50;2021-08-18;1808;2364;390632;336531;79.6;68.6
50;2021-08-19;1671;2554;392303;339085;80.0;69.1
50;2021-08-20;1593;2736;393896;341821;80.3;69.7
50;2021-08-21;1007;2724;394903;344545;80.5;70.2
50;2021-08-22;384;517;395287;345062;80.6;70.3
51;2020-12-27;0;0;0;0;0.0;0.0
51;2020-12-28;0;0;0;0;0.0;0.0
51;2020-12-29;0;0;0;0;0.0;0.0
51;2020-12-30;0;0;0;0;0.0;0.0
51;2020-12-31;1;0;1;0;0.0;0.0
51;2021-01-01;0;0;1;0;0.0;0.0
51;2021-01-02;0;0;1;0;0.0;0.0
51;2021-01-03;0;0;1;0;0.0;0.0
51;2021-01-04;1;0;2;0;0.0;0.0
51;2021-01-05;1;0;3;0;0.0;0.0
51;2021-01-06;6;0;9;0;0.0;0.0
51;2021-01-07;262;1;271;1;0.0;0.0
51;2021-01-08;507;1;778;2;0.1;0.0
51;2021-01-09;91;0;869;2;0.2;0.0
51;2021-01-10;0;0;869;2;0.2;0.0
51;2021-01-11;545;2;1414;4;0.3;0.0
51;2021-01-12;1538;4;2952;8;0.5;0.0
51;2021-01-13;1289;5;4241;13;0.8;0.0
51;2021-01-14;1473;6;5714;19;1.0;0.0
51;2021-01-15;607;3;6321;22;1.1;0.0
51;2021-01-16;177;1;6498;23;1.2;0.0
51;2021-01-17;102;0;6600;23;1.2;0.0
51;2021-01-18;845;3;7445;26;1.3;0.0
51;2021-01-19;998;4;8443;30;1.5;0.0
51;2021-01-20;943;9;9386;39;1.7;0.0
51;2021-01-21;790;3;10176;42;1.8;0.0
51;2021-01-22;391;2;10567;44;1.9;0.0
51;2021-01-23;294;0;10861;44;1.9;0.0
51;2021-01-24;130;1;10991;45;1.9;0.0
51;2021-01-25;712;3;11703;48;2.1;0.0
51;2021-01-26;779;5;12482;53;2.2;0.0
51;2021-01-27;656;4;13138;57;2.3;0.0
51;2021-01-28;646;70;13784;127;2.4;0.0
51;2021-01-29;474;142;14258;269;2.5;0.0
51;2021-01-30;126;5;14384;274;2.6;0.0
51;2021-01-31;83;0;14467;274;2.6;0.0
51;2021-02-01;275;58;14742;332;2.6;0.1
51;2021-02-02;738;722;15480;1054;2.7;0.2
51;2021-02-03;642;470;16122;1524;2.9;0.3
51;2021-02-04;968;822;17090;2346;3.0;0.4
51;2021-02-05;973;515;18063;2861;3.2;0.5
51;2021-02-06;30;149;18093;3010;3.2;0.5
51;2021-02-07;0;18;18093;3028;3.2;0.5
51;2021-02-08;115;413;18208;3441;3.2;0.6
51;2021-02-09;222;472;18430;3913;3.3;0.7
51;2021-02-10;219;639;18649;4552;3.3;0.8
51;2021-02-11;299;529;18948;5081;3.4;0.9
51;2021-02-12;341;564;19289;5645;3.4;1.0
51;2021-02-13;8;116;19297;5761;3.4;1.0
51;2021-02-14;8;170;19305;5931;3.4;1.1
51;2021-02-15;266;850;19571;6781;3.5;1.2
51;2021-02-16;401;971;19972;7752;3.5;1.4
51;2021-02-17;367;879;20339;8631;3.6;1.5
51;2021-02-18;437;595;20776;9226;3.7;1.6
51;2021-02-19;530;424;21306;9650;3.8;1.7
51;2021-02-20;205;296;21511;9946;3.8;1.8
51;2021-02-21;10;101;21521;10047;3.8;1.8
51;2021-02-22;195;688;21716;10735;3.9;1.9
51;2021-02-23;262;1096;21978;11831;3.9;2.1
51;2021-02-24;413;692;22391;12523;4.0;2.2
51;2021-02-25;1050;889;23441;13412;4.2;2.4
51;2021-02-26;1226;666;24667;14078;4.4;2.5
51;2021-02-27;590;124;25257;14202;4.5;2.5
51;2021-02-28;7;71;25264;14273;4.5;2.5
51;2021-03-01;766;311;26030;14584;4.6;2.6
51;2021-03-02;1127;452;27157;15036;4.8;2.7
51;2021-03-03;1193;466;28350;15502;5.0;2.7
51;2021-03-04;1060;702;29410;16204;5.2;2.9
51;2021-03-05;1559;672;30969;16876;5.5;3.0
51;2021-03-06;1433;59;32402;16935;5.7;3.0
51;2021-03-07;250;6;32652;16941;5.8;3.0
51;2021-03-08;992;100;33644;17041;6.0;3.0
51;2021-03-09;1664;189;35308;17230;6.3;3.1
51;2021-03-10;1994;106;37302;17336;6.6;3.1
51;2021-03-11;2370;169;39672;17505;7.0;3.1
51;2021-03-12;3250;159;42922;17664;7.6;3.1
51;2021-03-13;2550;51;45472;17715;8.1;3.1
51;2021-03-14;190;5;45662;17720;8.1;3.1
51;2021-03-15;1578;148;47240;17868;8.4;3.2
51;2021-03-16;1479;185;48719;18053;8.6;3.2
51;2021-03-17;1497;207;50216;18260;8.9;3.2
51;2021-03-18;1614;284;51830;18544;9.2;3.3
51;2021-03-19;2310;302;54140;18846;9.6;3.3
51;2021-03-20;1662;214;55802;19060;9.9;3.4
51;2021-03-21;133;4;55935;19064;9.9;3.4
51;2021-03-22;1417;121;57352;19185;10.2;3.4
51;2021-03-23;2467;165;59819;19350;10.6;3.4
51;2021-03-24;2842;132;62661;19482;11.1;3.5
51;2021-03-25;3254;336;65915;19818;11.7;3.5
51;2021-03-26;3412;505;69327;20323;12.3;3.6
51;2021-03-27;1843;253;71170;20576;12.6;3.6
51;2021-03-28;213;3;71383;20579;12.7;3.6
51;2021-03-29;991;639;72374;21218;12.8;3.8
51;2021-03-30;1749;857;74123;22075;13.1;3.9
51;2021-03-31;1738;760;75861;22835;13.5;4.1
51;2021-04-01;2282;447;78143;23282;13.9;4.1
51;2021-04-02;2425;641;80568;23923;14.3;4.2
51;2021-04-03;1304;410;81872;24333;14.5;4.3
51;2021-04-04;106;2;81978;24335;14.5;4.3
51;2021-04-05;72;141;82050;24476;14.6;4.3
51;2021-04-06;764;1234;82814;25710;14.7;4.6
51;2021-04-07;1312;1412;84126;27122;14.9;4.8
51;2021-04-08;2206;1772;86332;28894;15.3;5.1
51;2021-04-09;2863;1733;89195;30627;15.8;5.4
51;2021-04-10;2218;499;91413;31126;16.2;5.5
51;2021-04-11;105;85;91518;31211;16.2;5.5
51;2021-04-12;1450;1344;92968;32555;16.5;5.8
51;2021-04-13;1936;1683;94904;34238;16.8;6.1
51;2021-04-14;2459;1554;97363;35792;17.3;6.3
51;2021-04-15;2855;1670;100218;37462;17.8;6.6
51;2021-04-16;3215;1600;103433;39062;18.3;6.9
51;2021-04-17;1965;774;105398;39836;18.7;7.1
51;2021-04-18;296;113;105694;39949;18.7;7.1
51;2021-04-19;1561;1162;107255;41111;19.0;7.3
51;2021-04-20;1794;1666;109049;42777;19.3;7.6
51;2021-04-21;2005;1742;111054;44519;19.7;7.9
51;2021-04-22;2385;1654;113439;46173;20.1;8.2
51;2021-04-23;2981;1827;116420;48000;20.6;8.5
51;2021-04-24;1750;952;118170;48952;21.0;8.7
51;2021-04-25;123;161;118293;49113;21.0;8.7
51;2021-04-26;1851;758;120144;49871;21.3;8.8
51;2021-04-27;2442;1234;122586;51105;21.7;9.1
51;2021-04-28;2551;1310;125137;52415;22.2;9.3
51;2021-04-29;2674;1460;127811;53875;22.7;9.6
51;2021-04-30;2976;1677;130787;55552;23.2;9.9
51;2021-05-01;1454;413;132241;55965;23.5;9.9
51;2021-05-02;107;99;132348;56064;23.5;9.9
51;2021-05-03;2485;764;134833;56828;23.9;10.1
51;2021-05-04;2788;1352;137621;58180;24.4;10.3
51;2021-05-05;2859;1638;140480;59818;24.9;10.6
51;2021-05-06;5344;1948;145824;61766;25.9;11.0
51;2021-05-07;3704;1937;149528;63703;26.5;11.3
51;2021-05-08;2861;820;152389;64523;27.0;11.4
51;2021-05-09;211;92;152600;64615;27.1;11.5
51;2021-05-10;3215;1864;155815;66479;27.6;11.8
51;2021-05-11;3640;2042;159455;68521;28.3;12.2
51;2021-05-12;4184;2239;163639;70760;29.0;12.6
51;2021-05-13;1776;502;165415;71262;29.3;12.6
51;2021-05-14;5402;1749;170817;73011;30.3;12.9
51;2021-05-15;4228;1355;175045;74366;31.0;13.2
51;2021-05-16;284;46;175329;74412;31.1;13.2
51;2021-05-17;3132;1527;178461;75939;31.7;13.5
51;2021-05-18;3917;1772;182378;77711;32.3;13.8
51;2021-05-19;4031;1733;186409;79444;33.1;14.1
51;2021-05-20;4651;1968;191060;81412;33.9;14.4
51;2021-05-21;3596;2483;194656;83895;34.5;14.9
51;2021-05-22;2076;1548;196732;85443;34.9;15.2
51;2021-05-23;308;210;197040;85653;34.9;15.2
51;2021-05-24;2019;719;199059;86372;35.3;15.3
51;2021-05-25;3130;1829;202189;88201;35.9;15.6
51;2021-05-26;3297;1713;205486;89914;36.4;15.9
51;2021-05-27;3269;2064;208755;91978;37.0;16.3
51;2021-05-28;3605;2827;212360;94805;37.7;16.8
51;2021-05-29;2402;1997;214762;96802;38.1;17.2
51;2021-05-30;401;133;215163;96935;38.2;17.2
51;2021-05-31;3350;1785;218513;98720;38.8;17.5
51;2021-06-01;3855;2336;222368;101056;39.4;17.9
51;2021-06-02;6098;2328;228466;103384;40.5;18.3
51;2021-06-03;3581;2430;232047;105814;41.2;18.8
51;2021-06-04;6346;2946;238393;108760;42.3;19.3
51;2021-06-05;2599;1820;240992;110580;42.7;19.6
51;2021-06-06;172;157;241164;110737;42.8;19.6
51;2021-06-07;4303;2166;245467;112903;43.5;20.0
51;2021-06-08;3925;2536;249392;115439;44.2;20.5
51;2021-06-09;4018;2749;253410;118188;44.9;21.0
51;2021-06-10;3206;2487;256616;120675;45.5;21.4
51;2021-06-11;3358;3429;259974;124104;46.1;22.0
51;2021-06-12;2166;2172;262140;126276;46.5;22.4
51;2021-06-13;191;149;262331;126425;46.5;22.4
51;2021-06-14;1627;3335;263958;129760;46.8;23.0
51;2021-06-15;3190;3576;267148;133336;47.4;23.6
51;2021-06-16;2208;3685;269356;137021;47.8;24.3
51;2021-06-17;2609;5406;271965;142427;48.2;25.3
51;2021-06-18;2357;5212;274322;147639;48.7;26.2
51;2021-06-19;1683;4427;276005;152066;49.0;27.0
51;2021-06-20;184;228;276189;152294;49.0;27.0
51;2021-06-21;1230;4441;277419;156735;49.2;27.8
51;2021-06-22;1557;4043;278976;160778;49.5;28.5
51;2021-06-23;3668;4238;282644;165016;50.1;29.3
51;2021-06-24;2247;3227;284891;168243;50.5;29.8
51;2021-06-25;1906;6525;286797;174768;50.9;31.0
51;2021-06-26;1204;5068;288001;179836;51.1;31.9
51;2021-06-27;103;336;288104;180172;51.1;32.0
51;2021-06-28;1400;4414;289504;184586;51.3;32.7
51;2021-06-29;1172;4463;290676;189049;51.6;33.5
51;2021-06-30;1687;6043;292363;195092;51.9;34.6
51;2021-07-01;1977;3768;294340;198860;52.2;35.3
51;2021-07-02;1836;6891;296176;205751;52.5;36.5
51;2021-07-03;1003;3198;297179;208949;52.7;37.1
51;2021-07-04;171;254;297350;209203;52.7;37.1
51;2021-07-05;766;5528;298116;214731;52.9;38.1
51;2021-07-06;1247;4783;299363;219514;53.1;38.9
51;2021-07-07;1613;4939;300976;224453;53.4;39.8
51;2021-07-08;2069;3432;303045;227885;53.7;40.4
51;2021-07-09;1853;5058;304898;232943;54.1;41.3
51;2021-07-10;1232;3209;306130;236152;54.3;41.9
51;2021-07-11;190;280;306320;236432;54.3;41.9
51;2021-07-12;994;4378;307314;240810;54.5;42.7
51;2021-07-13;1476;4771;308790;245581;54.8;43.6
51;2021-07-14;1070;1688;309860;247269;55.0;43.9
51;2021-07-15;2931;4912;312791;252181;55.5;44.7
51;2021-07-16;2359;5279;315150;257460;55.9;45.7
51;2021-07-17;1819;3486;316969;260946;56.2;46.3
51;2021-07-18;163;329;317132;261275;56.2;46.3
51;2021-07-19;1893;3975;319025;265250;56.6;47.0
51;2021-07-20;2582;5143;321607;270393;57.0;48.0
51;2021-07-21;3610;4064;325217;274457;57.7;48.7
51;2021-07-22;4407;3757;329624;278214;58.5;49.3
51;2021-07-23;3635;4388;333259;282602;59.1;50.1
51;2021-07-24;2082;2722;335341;285324;59.5;50.6
51;2021-07-25;351;259;335692;285583;59.5;50.7
51;2021-07-26;3112;2812;338804;288395;60.1;51.1
51;2021-07-27;5834;3272;344638;291667;61.1;51.7
51;2021-07-28;4129;4318;348767;295985;61.9;52.5
51;2021-07-29;4681;2717;353448;298702;62.7;53.0
51;2021-07-30;3608;3153;357056;301855;63.3;53.5
51;2021-07-31;2517;2128;359573;303983;63.8;53.9
51;2021-08-01;375;235;359948;304218;63.8;54.0
51;2021-08-02;3265;2312;363213;306530;64.4;54.4
51;2021-08-03;3763;1915;366976;308445;65.1;54.7
51;2021-08-04;4435;2124;371411;310569;65.9;55.1
51;2021-08-05;2632;1536;374043;312105;66.3;55.4
51;2021-08-06;3032;2551;377075;314656;66.9;55.8
51;2021-08-07;2154;1694;379229;316350;67.3;56.1
51;2021-08-08;364;208;379593;316558;67.3;56.1
51;2021-08-09;2501;1846;382094;318404;67.8;56.5
51;2021-08-10;2361;1982;384455;320386;68.2;56.8
51;2021-08-11;2907;2327;387362;322713;68.7;57.2
51;2021-08-12;1743;1943;389105;324656;69.0;57.6
51;2021-08-13;2026;2661;391131;327317;69.4;58.1
51;2021-08-14;1578;2036;392709;329353;69.7;58.4
51;2021-08-15;146;146;392855;329499;69.7;58.4
51;2021-08-16;1347;3017;394202;332516;69.9;59.0
51;2021-08-17;1534;3274;395736;335790;70.2;59.6
51;2021-08-18;1889;3677;397625;339467;70.5;60.2
51;2021-08-19;1395;2539;399020;342006;70.8;60.7
51;2021-08-20;1693;3958;400713;345964;71.1;61.4
51;2021-08-21;982;2494;401695;348458;71.2;61.8
51;2021-08-22;101;341;401796;348799;71.3;61.9
52;2020-12-27;0;0;0;0;0.0;0.0
52;2020-12-28;0;0;0;0;0.0;0.0
52;2020-12-29;0;0;0;0;0.0;0.0
52;2020-12-30;0;0;0;0;0.0;0.0
52;2020-12-31;0;0;0;0;0.0;0.0
52;2021-01-01;0;0;0;0;0.0;0.0
52;2021-01-02;0;0;0;0;0.0;0.0
52;2021-01-03;0;0;0;0;0.0;0.0
52;2021-01-04;0;0;0;0;0.0;0.0
52;2021-01-05;0;0;0;0;0.0;0.0
52;2021-01-06;2;0;2;0;0.0;0.0
52;2021-01-07;0;0;2;0;0.0;0.0
52;2021-01-08;201;1;203;1;0.1;0.0
52;2021-01-09;93;0;296;1;0.2;0.0
52;2021-01-10;0;0;296;1;0.2;0.0
52;2021-01-11;207;0;503;1;0.3;0.0
52;2021-01-12;171;0;674;1;0.4;0.0
52;2021-01-13;562;2;1236;3;0.7;0.0
52;2021-01-14;677;9;1913;12;1.1;0.0
52;2021-01-15;411;1;2324;13;1.4;0.0
52;2021-01-16;16;1;2340;14;1.4;0.0
52;2021-01-17;0;0;2340;14;1.4;0.0
52;2021-01-18;427;0;2767;14;1.6;0.0
52;2021-01-19;439;0;3206;14;1.9;0.0
52;2021-01-20;420;0;3626;14;2.1;0.0
52;2021-01-21;424;1;4050;15;2.4;0.0
52;2021-01-22;321;2;4371;17;2.6;0.0
52;2021-01-23;72;1;4443;18;2.6;0.0
52;2021-01-24;0;0;4443;18;2.6;0.0
52;2021-01-25;235;0;4678;18;2.8;0.0
52;2021-01-26;307;0;4985;18;2.9;0.0
52;2021-01-27;237;1;5222;19;3.1;0.0
52;2021-01-28;174;4;5396;23;3.2;0.0
52;2021-01-29;74;124;5470;147;3.2;0.1
52;2021-01-30;91;95;5561;242;3.3;0.1
52;2021-01-31;0;0;5561;242;3.3;0.1
52;2021-02-01;117;191;5678;433;3.4;0.3
52;2021-02-02;61;176;5739;609;3.4;0.4
52;2021-02-03;90;416;5829;1025;3.4;0.6
52;2021-02-04;231;594;6060;1619;3.6;1.0
52;2021-02-05;113;504;6173;2123;3.6;1.3
52;2021-02-06;22;0;6195;2123;3.7;1.3
52;2021-02-07;0;1;6195;2124;3.7;1.3
52;2021-02-08;34;207;6229;2331;3.7;1.4
52;2021-02-09;47;216;6276;2547;3.7;1.5
52;2021-02-10;88;191;6364;2738;3.8;1.6
52;2021-02-11;129;147;6493;2885;3.8;1.7
52;2021-02-12;188;130;6681;3015;3.9;1.8
52;2021-02-13;5;1;6686;3016;4.0;1.8
52;2021-02-14;0;16;6686;3032;4.0;1.8
52;2021-02-15;79;279;6765;3311;4.0;2.0
52;2021-02-16;50;357;6815;3668;4.0;2.2
52;2021-02-17;37;314;6852;3982;4.0;2.4
52;2021-02-18;82;281;6934;4263;4.1;2.5
52;2021-02-19;51;193;6985;4456;4.1;2.6
52;2021-02-20;14;110;6999;4566;4.1;2.7
52;2021-02-21;0;0;6999;4566;4.1;2.7
52;2021-02-22;42;384;7041;4950;4.2;2.9
52;2021-02-23;56;278;7097;5228;4.2;3.1
52;2021-02-24;81;246;7178;5474;4.2;3.2
52;2021-02-25;161;237;7339;5711;4.3;3.4
52;2021-02-26;296;182;7635;5893;4.5;3.5
52;2021-02-27;149;49;7784;5942;4.6;3.5
52;2021-02-28;0;0;7784;5942;4.6;3.5
52;2021-03-01;163;14;7947;5956;4.7;3.5
52;2021-03-02;198;50;8145;6006;4.8;3.5
52;2021-03-03;356;36;8501;6042;5.0;3.6
52;2021-03-04;378;58;8879;6100;5.2;3.6
52;2021-03-05;531;52;9410;6152;5.6;3.6
52;2021-03-06;409;35;9819;6187;5.8;3.7
52;2021-03-07;0;0;9819;6187;5.8;3.7
52;2021-03-08;398;111;10217;6298;6.0;3.7
52;2021-03-09;549;108;10766;6406;6.4;3.8
52;2021-03-10;308;109;11074;6515;6.5;3.8
52;2021-03-11;587;35;11661;6550;6.9;3.9
52;2021-03-12;584;67;12245;6617;7.2;3.9
52;2021-03-13;492;9;12737;6626;7.5;3.9
52;2021-03-14;15;3;12752;6629;7.5;3.9
52;2021-03-15;316;27;13068;6656;7.7;3.9
52;2021-03-16;203;15;13271;6671;7.8;3.9
52;2021-03-17;364;13;13635;6684;8.1;3.9
52;2021-03-18;442;9;14077;6693;8.3;4.0
52;2021-03-19;452;54;14529;6747;8.6;4.0
52;2021-03-20;259;12;14788;6759;8.7;4.0
52;2021-03-21;15;1;14803;6760;8.7;4.0
52;2021-03-22;375;49;15178;6809;9.0;4.0
52;2021-03-23;685;89;15863;6898;9.4;4.1
52;2021-03-24;771;70;16634;6968;9.8;4.1
52;2021-03-25;1141;86;17775;7054;10.5;4.2
52;2021-03-26;1036;139;18811;7193;11.1;4.2
52;2021-03-27;477;75;19288;7268;11.4;4.3
52;2021-03-28;53;0;19341;7268;11.4;4.3
52;2021-03-29;506;184;19847;7452;11.7;4.4
52;2021-03-30;870;294;20717;7746;12.2;4.6
52;2021-03-31;956;292;21673;8038;12.8;4.7
52;2021-04-01;1146;182;22819;8220;13.5;4.9
52;2021-04-02;958;105;23777;8325;14.0;4.9
52;2021-04-03;460;3;24237;8328;14.3;4.9
52;2021-04-04;1;1;24238;8329;14.3;4.9
52;2021-04-05;1;0;24239;8329;14.3;4.9
52;2021-04-06;432;295;24671;8624;14.6;5.1
52;2021-04-07;503;451;25174;9075;14.9;5.4
52;2021-04-08;860;211;26034;9286;15.4;5.5
52;2021-04-09;1059;130;27093;9416;16.0;5.6
52;2021-04-10;852;102;27945;9518;16.5;5.6
52;2021-04-11;96;1;28041;9519;16.6;5.6
52;2021-04-12;933;277;28974;9796;17.1;5.8
52;2021-04-13;1251;378;30225;10174;17.9;6.0
52;2021-04-14;1345;456;31570;10630;18.7;6.3
52;2021-04-15;1508;438;33078;11068;19.5;6.5
52;2021-04-16;1574;365;34652;11433;20.5;6.8
52;2021-04-17;1309;131;35961;11564;21.2;6.8
52;2021-04-18;510;29;36471;11593;21.5;6.8
52;2021-04-19;697;611;37168;12204;22.0;7.2
52;2021-04-20;1080;676;38248;12880;22.6;7.6
52;2021-04-21;1060;676;39308;13556;23.2;8.0
52;2021-04-22;1468;733;40776;14289;24.1;8.4
52;2021-04-23;1253;666;42029;14955;24.8;8.8
52;2021-04-24;477;293;42506;15248;25.1;9.0
52;2021-04-25;3;77;42509;15325;25.1;9.1
52;2021-04-26;631;561;43140;15886;25.5;9.4
52;2021-04-27;933;671;44073;16557;26.0;9.8
52;2021-04-28;1441;562;45514;17119;26.9;10.1
52;2021-04-29;1451;580;46965;17699;27.7;10.5
52;2021-04-30;1316;611;48281;18310;28.5;10.8
52;2021-05-01;8;232;48289;18542;28.5;11.0
52;2021-05-02;0;1;48289;18543;28.5;11.0
52;2021-05-03;1160;628;49449;19171;29.2;11.3
52;2021-05-04;1445;721;50894;19892;30.1;11.8
52;2021-05-05;1768;646;52662;20538;31.1;12.1
52;2021-05-06;1962;534;54624;21072;32.3;12.5
52;2021-05-07;1442;1172;56066;22244;33.1;13.1
52;2021-05-08;589;318;56655;22562;33.5;13.3
52;2021-05-09;1;47;56656;22609;33.5;13.4
52;2021-05-10;791;1101;57447;23710;33.9;14.0
52;2021-05-11;868;1395;58315;25105;34.5;14.8
52;2021-05-12;1208;1382;59523;26487;35.2;15.6
52;2021-05-13;67;184;59590;26671;35.2;15.8
52;2021-05-14;1185;1364;60775;28035;35.9;16.6
52;2021-05-15;491;929;61266;28964;36.2;17.1
52;2021-05-16;8;43;61274;29007;36.2;17.1
52;2021-05-17;1144;704;62418;29711;36.9;17.6
52;2021-05-18;1217;675;63635;30386;37.6;18.0
52;2021-05-19;1543;415;65178;30801;38.5;18.2
52;2021-05-20;1546;421;66724;31222;39.4;18.4
52;2021-05-21;1625;614;68349;31836;40.4;18.8
52;2021-05-22;1089;209;69438;32045;41.0;18.9
52;2021-05-23;1;0;69439;32045;41.0;18.9
52;2021-05-24;405;33;69844;32078;41.3;19.0
52;2021-05-25;1351;384;71195;32462;42.1;19.2
52;2021-05-26;1479;672;72674;33134;42.9;19.6
52;2021-05-27;1566;788;74240;33922;43.9;20.0
52;2021-05-28;1492;671;75732;34593;44.7;20.4
52;2021-05-29;696;834;76428;35427;45.2;20.9
52;2021-05-30;16;550;76444;35977;45.2;21.3
52;2021-05-31;824;830;77268;36807;45.7;21.7
52;2021-06-01;957;817;78225;37624;46.2;22.2
52;2021-06-02;895;754;79120;38378;46.7;22.7
52;2021-06-03;825;825;79945;39203;47.2;23.2
52;2021-06-04;884;1341;80829;40544;47.8;24.0
52;2021-06-05;581;638;81410;41182;48.1;24.3
52;2021-06-06;27;55;81437;41237;48.1;24.4
52;2021-06-07;359;931;81796;42168;48.3;24.9
52;2021-06-08;556;1469;82352;43637;48.7;25.8
52;2021-06-09;612;1474;82964;45111;49.0;26.7
52;2021-06-10;793;1159;83757;46270;49.5;27.3
52;2021-06-11;830;1349;84587;47619;50.0;28.1
52;2021-06-12;422;586;85009;48205;50.2;28.5
52;2021-06-13;1;6;85010;48211;50.2;28.5
52;2021-06-14;171;1413;85181;49624;50.3;29.3
52;2021-06-15;221;1810;85402;51434;50.5;30.4
52;2021-06-16;354;1995;85756;53429;50.7;31.6
52;2021-06-17;265;1156;86021;54585;50.8;32.3
52;2021-06-18;308;1553;86329;56138;51.0;33.2
52;2021-06-19;502;690;86831;56828;51.3;33.6
52;2021-06-20;1;17;86832;56845;51.3;33.6
52;2021-06-21;524;897;87356;57742;51.6;34.1
52;2021-06-22;503;1049;87859;58791;51.9;34.7
52;2021-06-23;562;1043;88421;59834;52.2;35.4
52;2021-06-24;609;718;89030;60552;52.6;35.8
52;2021-06-25;661;1313;89691;61865;53.0;36.6
52;2021-06-26;264;721;89955;62586;53.1;37.0
52;2021-06-27;1;8;89956;62594;53.1;37.0
52;2021-06-28;185;1443;90141;64037;53.3;37.8
52;2021-06-29;164;1414;90305;65451;53.4;38.7
52;2021-06-30;219;1468;90524;66919;53.5;39.5
52;2021-07-01;320;1021;90844;67940;53.7;40.1
52;2021-07-02;430;1455;91274;69395;53.9;41.0
52;2021-07-03;302;1147;91576;70542;54.1;41.7
52;2021-07-04;0;11;91576;70553;54.1;41.7
52;2021-07-05;173;1449;91749;72002;54.2;42.5
52;2021-07-06;284;1449;92033;73451;54.4;43.4
52;2021-07-07;309;1165;92342;74616;54.6;44.1
52;2021-07-08;472;1164;92814;75780;54.8;44.8
52;2021-07-09;288;1619;93102;77399;55.0;45.7
52;2021-07-10;155;822;93257;78221;55.1;46.2
52;2021-07-11;13;12;93270;78233;55.1;46.2
52;2021-07-12;283;1466;93553;79699;55.3;47.1
52;2021-07-13;590;1370;94143;81069;55.6;47.9
52;2021-07-14;437;152;94580;81221;55.9;48.0
52;2021-07-15;614;1428;95194;82649;56.2;48.8
52;2021-07-16;899;1338;96093;83987;56.8;49.6
52;2021-07-17;530;342;96623;84329;57.1;49.8
52;2021-07-18;3;12;96626;84341;57.1;49.8
52;2021-07-19;687;984;97313;85325;57.5;50.4
52;2021-07-20;1109;832;98422;86157;58.2;50.9
52;2021-07-21;1158;737;99580;86894;58.8;51.3
52;2021-07-22;1441;865;101021;87759;59.7;51.9
52;2021-07-23;1393;958;102414;88717;60.5;52.4
52;2021-07-24;873;486;103287;89203;61.0;52.7
52;2021-07-25;22;21;103309;89224;61.0;52.7
52;2021-07-26;1001;614;104310;89838;61.6;53.1
52;2021-07-27;1336;654;105646;90492;62.4;53.5
52;2021-07-28;1378;640;107024;91132;63.2;53.8
52;2021-07-29;1251;621;108275;91753;64.0;54.2
52;2021-07-30;1353;707;109628;92460;64.8;54.6
52;2021-07-31;872;547;110500;93007;65.3;55.0
52;2021-08-01;1;14;110501;93021;65.3;55.0
52;2021-08-02;1171;562;111672;93583;66.0;55.3
52;2021-08-03;1348;534;113020;94117;66.8;55.6
52;2021-08-04;1139;580;114159;94697;67.4;56.0
52;2021-08-05;1011;576;115170;95273;68.0;56.3
52;2021-08-06;1049;700;116219;95973;68.7;56.7
52;2021-08-07;517;420;116736;96393;69.0;57.0
52;2021-08-08;0;6;116736;96399;69.0;57.0
52;2021-08-09;459;871;117195;97270;69.2;57.5
52;2021-08-10;707;749;117902;98019;69.7;57.9
52;2021-08-11;524;836;118426;98855;70.0;58.4
52;2021-08-12;614;749;119040;99604;70.3;58.9
52;2021-08-13;404;1026;119444;100630;70.6;59.5
52;2021-08-14;417;359;119861;100989;70.8;59.7
52;2021-08-15;8;13;119869;101002;70.8;59.7
52;2021-08-16;325;938;120194;101940;71.0;60.2
52;2021-08-17;400;912;120594;102852;71.3;60.8
52;2021-08-18;474;944;121068;103796;71.5;61.3
52;2021-08-19;454;835;121522;104631;71.8;61.8
52;2021-08-20;384;1208;121906;105839;72.0;62.5
52;2021-08-21;394;603;122300;106442;72.3;62.9
52;2021-08-22;2;11;122302;106453;72.3;62.9
53;2020-12-27;0;0;0;0;0.0;0.0
53;2020-12-28;0;0;0;0;0.0;0.0
53;2020-12-29;0;0;0;0;0.0;0.0
53;2020-12-30;0;0;0;0;0.0;0.0
53;2020-12-31;0;0;0;0;0.0;0.0
53;2021-01-01;0;0;0;0;0.0;0.0
53;2021-01-02;0;0;0;0;0.0;0.0
53;2021-01-03;0;0;0;0;0.0;0.0
53;2021-01-04;1;0;1;0;0.0;0.0
53;2021-01-05;0;0;1;0;0.0;0.0
53;2021-01-06;0;0;1;0;0.0;0.0
53;2021-01-07;102;0;103;0;0.0;0.0
53;2021-01-08;284;1;387;1;0.1;0.0
53;2021-01-09;134;1;521;2;0.2;0.0
53;2021-01-10;15;0;536;2;0.2;0.0
53;2021-01-11;176;0;712;2;0.2;0.0
53;2021-01-12;454;1;1166;3;0.4;0.0
53;2021-01-13;253;0;1419;3;0.5;0.0
53;2021-01-14;290;7;1709;10;0.6;0.0
53;2021-01-15;343;4;2052;14;0.7;0.0
53;2021-01-16;61;0;2113;14;0.7;0.0
53;2021-01-17;24;1;2137;15;0.7;0.0
53;2021-01-18;364;0;2501;15;0.8;0.0
53;2021-01-19;594;0;3095;15;1.0;0.0
53;2021-01-20;742;0;3837;15;1.3;0.0
53;2021-01-21;769;2;4606;17;1.5;0.0
53;2021-01-22;705;2;5311;19;1.7;0.0
53;2021-01-23;160;1;5471;20;1.8;0.0
53;2021-01-24;6;0;5477;20;1.8;0.0
53;2021-01-25;550;0;6027;20;2.0;0.0
53;2021-01-26;1198;6;7225;26;2.4;0.0
53;2021-01-27;696;6;7921;32;2.6;0.0
53;2021-01-28;737;95;8658;127;2.8;0.0
53;2021-01-29;422;187;9080;314;3.0;0.1
53;2021-01-30;128;0;9208;314;3.0;0.1
53;2021-01-31;0;0;9208;314;3.0;0.1
53;2021-02-01;298;149;9506;463;3.1;0.2
53;2021-02-02;309;231;9815;694;3.2;0.2
53;2021-02-03;227;377;10042;1071;3.3;0.4
53;2021-02-04;184;332;10226;1403;3.3;0.5
53;2021-02-05;234;303;10460;1706;3.4;0.6
53;2021-02-06;153;23;10613;1729;3.5;0.6
53;2021-02-07;0;0;10613;1729;3.5;0.6
53;2021-02-08;168;107;10781;1836;3.5;0.6
53;2021-02-09;369;215;11150;2051;3.7;0.7
53;2021-02-10;266;435;11416;2486;3.7;0.8
53;2021-02-11;432;492;11848;2978;3.9;1.0
53;2021-02-12;318;575;12166;3553;4.0;1.2
53;2021-02-13;96;66;12262;3619;4.0;1.2
53;2021-02-14;0;99;12262;3718;4.0;1.2
53;2021-02-15;239;430;12501;4148;4.1;1.4
53;2021-02-16;528;842;13029;4990;4.3;1.6
53;2021-02-17;391;616;13420;5606;4.4;1.8
53;2021-02-18;546;578;13966;6184;4.6;2.0
53;2021-02-19;895;425;14861;6609;4.9;2.2
53;2021-02-20;139;113;15000;6722;4.9;2.2
53;2021-02-21;1;20;15001;6742;4.9;2.2
53;2021-02-22;161;584;15162;7326;5.0;2.4
53;2021-02-23;59;657;15221;7983;5.0;2.6
53;2021-02-24;137;517;15358;8500;5.0;2.8
53;2021-02-25;457;359;15815;8859;5.2;2.9
53;2021-02-26;439;263;16254;9122;5.3;3.0
53;2021-02-27;86;115;16340;9237;5.4;3.0
53;2021-02-28;0;0;16340;9237;5.4;3.0
53;2021-03-01;230;281;16570;9518;5.4;3.1
53;2021-03-02;246;255;16816;9773;5.5;3.2
53;2021-03-03;320;393;17136;10166;5.6;3.3
53;2021-03-04;859;340;17995;10506;5.9;3.4
53;2021-03-05;659;280;18654;10786;6.1;3.5
53;2021-03-06;447;213;19101;10999;6.3;3.6
53;2021-03-07;276;5;19377;11004;6.3;3.6
53;2021-03-08;375;181;19752;11185;6.5;3.7
53;2021-03-09;878;246;20630;11431;6.8;3.7
53;2021-03-10;807;109;21437;11540;7.0;3.8
53;2021-03-11;1247;226;22684;11766;7.4;3.9
53;2021-03-12;1603;146;24287;11912;8.0;3.9
53;2021-03-13;824;12;25111;11924;8.2;3.9
53;2021-03-14;1;0;25112;11924;8.2;3.9
53;2021-03-15;1002;299;26114;12223;8.6;4.0
53;2021-03-16;1035;329;27149;12552;8.9;4.1
53;2021-03-17;685;259;27834;12811;9.1;4.2
53;2021-03-18;972;342;28806;13153;9.4;4.3
53;2021-03-19;1344;599;30150;13752;9.9;4.5
53;2021-03-20;592;16;30742;13768;10.1;4.5
53;2021-03-21;2;0;30744;13768;10.1;4.5
53;2021-03-22;1212;156;31956;13924;10.5;4.6
53;2021-03-23;1698;70;33654;13994;11.0;4.6
53;2021-03-24;1323;117;34977;14111;11.5;4.6
53;2021-03-25;2323;230;37300;14341;12.2;4.7
53;2021-03-26;1882;150;39182;14491;12.8;4.7
53;2021-03-27;339;4;39521;14495;12.9;4.7
53;2021-03-28;2;0;39523;14495;12.9;4.7
53;2021-03-29;1474;212;40997;14707;13.4;4.8
53;2021-03-30;1944;201;42941;14908;14.1;4.9
53;2021-03-31;1791;222;44732;15130;14.6;5.0
53;2021-04-01;1947;674;46679;15804;15.3;5.2
53;2021-04-02;2076;224;48755;16028;16.0;5.2
53;2021-04-03;414;1;49169;16029;16.1;5.2
53;2021-04-04;10;0;49179;16029;16.1;5.2
53;2021-04-05;9;15;49188;16044;16.1;5.3
53;2021-04-06;1304;500;50492;16544;16.5;5.4
53;2021-04-07;1176;925;51668;17469;16.9;5.7
53;2021-04-08;1663;1006;53331;18475;17.5;6.1
53;2021-04-09;1958;403;55289;18878;18.1;6.2
53;2021-04-10;543;13;55832;18891;18.3;6.2
53;2021-04-11;12;0;55844;18891;18.3;6.2
53;2021-04-12;695;1067;56539;19958;18.5;6.5
53;2021-04-13;1470;1108;58009;21066;19.0;6.9
53;2021-04-14;1023;735;59032;21801;19.3;7.1
53;2021-04-15;1158;1107;60190;22908;19.7;7.5
53;2021-04-16;1272;815;61462;23723;20.1;7.8
53;2021-04-17;281;274;61743;23997;20.2;7.9
53;2021-04-18;0;0;61743;23997;20.2;7.9
53;2021-04-19;679;1068;62422;25065;20.4;8.2
53;2021-04-20;936;1450;63358;26515;20.7;8.7
53;2021-04-21;850;1012;64208;27527;21.0;9.0
53;2021-04-22;1046;1613;65254;29140;21.4;9.5
53;2021-04-23;1329;1056;66583;30196;21.8;9.9
53;2021-04-24;68;7;66651;30203;21.8;9.9
53;2021-04-25;6;39;66657;30242;21.8;9.9
53;2021-04-26;368;1238;67025;31480;21.9;10.3
53;2021-04-27;724;1972;67749;33452;22.2;11.0
53;2021-04-28;977;1393;68726;34845;22.5;11.4
53;2021-04-29;1051;1713;69777;36558;22.9;12.0
53;2021-04-30;1367;1312;71144;37870;23.3;12.4
53;2021-05-01;36;50;71180;37920;23.3;12.4
53;2021-05-02;0;0;71180;37920;23.3;12.4
53;2021-05-03;1570;706;72750;38626;23.8;12.6
53;2021-05-04;1304;1443;74054;40069;24.3;13.1
53;2021-05-05;1611;826;75665;40895;24.8;13.4
53;2021-05-06;1391;1397;77056;42292;25.2;13.8
53;2021-05-07;1538;1304;78594;43596;25.7;14.3
53;2021-05-08;939;36;79533;43632;26.0;14.3
53;2021-05-09;11;2;79544;43634;26.0;14.3
53;2021-05-10;2416;815;81960;44449;26.8;14.6
53;2021-05-11;3096;1286;85056;45735;27.9;15.0
53;2021-05-12;2750;1091;87806;46826;28.8;15.3
53;2021-05-13;350;28;88156;46854;28.9;15.3
53;2021-05-14;2020;678;90176;47532;29.5;15.6
53;2021-05-15;1058;64;91234;47596;29.9;15.6
53;2021-05-16;3;0;91237;47596;29.9;15.6
53;2021-05-17;1701;1196;92938;48792;30.4;16.0
53;2021-05-18;1881;1548;94819;50340;31.1;16.5
53;2021-05-19;2303;743;97122;51083;31.8;16.7
53;2021-05-20;3217;865;100339;51948;32.9;17.0
53;2021-05-21;2798;828;103137;52776;33.8;17.3
53;2021-05-22;21;60;103158;52836;33.8;17.3
53;2021-05-23;0;0;103158;52836;33.8;17.3
53;2021-05-24;8;6;103166;52842;33.8;17.3
53;2021-05-25;1819;803;104985;53645;34.4;17.6
53;2021-05-26;1852;905;106837;54550;35.0;17.9
53;2021-05-27;3072;1077;109909;55627;36.0;18.2
53;2021-05-28;2562;877;112471;56504;36.8;18.5
53;2021-05-29;846;244;113317;56748;37.1;18.6
53;2021-05-30;18;6;113335;56754;37.1;18.6
53;2021-05-31;2564;803;115899;57557;38.0;18.8
53;2021-06-01;3491;1259;119390;58816;39.1;19.3
53;2021-06-02;3184;526;122574;59342;40.1;19.4
53;2021-06-03;4197;786;126771;60128;41.5;19.7
53;2021-06-04;3180;1265;129951;61393;42.6;20.1
53;2021-06-05;137;245;130088;61638;42.6;20.2
53;2021-06-06;1;4;130089;61642;42.6;20.2
53;2021-06-07;2629;923;132718;62565;43.5;20.5
53;2021-06-08;3589;1130;136307;63695;44.6;20.9
53;2021-06-09;2453;940;138760;64635;45.4;21.2
53;2021-06-10;3521;849;142281;65484;46.6;21.4
53;2021-06-11;2966;1213;145247;66697;47.6;21.8
53;2021-06-12;108;138;145355;66835;47.6;21.9
53;2021-06-13;10;2;145365;66837;47.6;21.9
53;2021-06-14;1600;1790;146965;68627;48.1;22.5
53;2021-06-15;1899;2262;148864;70889;48.7;23.2
53;2021-06-16;1826;1730;150690;72619;49.3;23.8
53;2021-06-17;3013;1649;153703;74268;50.3;24.3
53;2021-06-18;2702;1809;156405;76077;51.2;24.9
53;2021-06-19;762;1166;157167;77243;51.5;25.3
53;2021-06-20;3;479;157170;77722;51.5;25.5
53;2021-06-21;919;2526;158089;80248;51.8;26.3
53;2021-06-22;1299;3453;159388;83701;52.2;27.4
53;2021-06-23;1362;2892;160750;86593;52.6;28.4
53;2021-06-24;1803;2033;162553;88626;53.2;29.0
53;2021-06-25;1784;2044;164337;90670;53.8;29.7
53;2021-06-26;977;350;165314;91020;54.1;29.8
53;2021-06-27;8;8;165322;91028;54.1;29.8
53;2021-06-28;662;2899;165984;93927;54.4;30.8
53;2021-06-29;858;3649;166842;97576;54.6;32.0
53;2021-06-30;748;1518;167590;99094;54.9;32.5
53;2021-07-01;1506;2633;169096;101727;55.4;33.3
53;2021-07-02;1530;2024;170626;103751;55.9;34.0
53;2021-07-03;857;572;171483;104323;56.2;34.2
53;2021-07-04;0;4;171483;104327;56.2;34.2
53;2021-07-05;542;2060;172025;106387;56.3;34.8
53;2021-07-06;861;3616;172886;110003;56.6;36.0
53;2021-07-07;1025;2653;173911;112656;57.0;36.9
53;2021-07-08;1313;3117;175224;115773;57.4;37.9
53;2021-07-09;1132;3396;176356;119169;57.8;39.0
53;2021-07-10;422;1000;176778;120169;57.9;39.4
53;2021-07-11;12;20;176790;120189;57.9;39.4
53;2021-07-12;503;3709;177293;123898;58.1;40.6
53;2021-07-13;893;4763;178186;128661;58.4;42.1
53;2021-07-14;104;284;178290;128945;58.4;42.2
53;2021-07-15;1111;4349;179401;133294;58.7;43.7
53;2021-07-16;1247;3849;180648;137143;59.2;44.9
53;2021-07-17;1316;299;181964;137442;59.6;45.0
53;2021-07-18;27;20;181991;137462;59.6;45.0
53;2021-07-19;733;3429;182724;140891;59.8;46.1
53;2021-07-20;979;4127;183703;145018;60.2;47.5
53;2021-07-21;684;3274;184387;148292;60.4;48.6
53;2021-07-22;1512;3524;185899;151816;60.9;49.7
53;2021-07-23;1604;3762;187503;155578;61.4;50.9
53;2021-07-24;956;281;188459;155859;61.7;51.0
53;2021-07-25;60;25;188519;155884;61.7;51.0
53;2021-07-26;1725;1942;190244;157826;62.3;51.7
53;2021-07-27;2353;2829;192597;160655;63.1;52.6
53;2021-07-28;2140;2819;194737;163474;63.8;53.5
53;2021-07-29;2490;2546;197227;166020;64.6;54.4
53;2021-07-30;1823;2650;199050;168670;65.2;55.2
53;2021-07-31;626;232;199676;168902;65.4;55.3
53;2021-08-01;37;25;199713;168927;65.4;55.3
53;2021-08-02;2078;1730;201791;170657;66.1;55.9
53;2021-08-03;2406;1905;204197;172562;66.9;56.5
53;2021-08-04;2472;1857;206669;174419;67.7;57.1
53;2021-08-05;2859;1537;209528;175956;68.6;57.6
53;2021-08-06;2509;1713;212037;177669;69.4;58.2
53;2021-08-07;479;270;212516;177939;69.6;58.3
53;2021-08-08;6;19;212522;177958;69.6;58.3
53;2021-08-09;1837;1647;214359;179605;70.2;58.8
53;2021-08-10;2316;1747;216675;181352;71.0;59.4
53;2021-08-11;1678;860;218353;182212;71.5;59.7
53;2021-08-12;1998;981;220351;183193;72.2;60.0
53;2021-08-13;2035;1300;222386;184493;72.8;60.4
53;2021-08-14;66;63;222452;184556;72.8;60.4
53;2021-08-15;1;2;222453;184558;72.8;60.4
53;2021-08-16;1327;1596;223780;186154;73.3;61.0
53;2021-08-17;1546;1652;225326;187806;73.8;61.5
53;2021-08-18;1516;1598;226842;189404;74.3;62.0
53;2021-08-19;1372;1970;228214;191374;74.7;62.7
53;2021-08-20;1092;2078;229306;193452;75.1;63.4
53;2021-08-21;187;343;229493;193795;75.2;63.5
53;2021-08-22;0;0;229493;193795;75.2;63.5
54;2020-12-27;0;0;0;0;0.0;0.0
54;2020-12-28;1;0;1;0;0.0;0.0
54;2020-12-29;0;0;1;0;0.0;0.0
54;2020-12-30;0;0;1;0;0.0;0.0
54;2020-12-31;10;0;11;0;0.0;0.0
54;2021-01-01;0;0;11;0;0.0;0.0
54;2021-01-02;0;0;11;0;0.0;0.0
54;2021-01-03;1;0;12;0;0.0;0.0
54;2021-01-04;163;0;175;0;0.0;0.0
54;2021-01-05;395;0;570;0;0.1;0.0
54;2021-01-06;650;1;1220;1;0.2;0.0
54;2021-01-07;817;2;2037;3;0.3;0.0
54;2021-01-08;706;3;2743;6;0.4;0.0
54;2021-01-09;81;0;2824;6;0.4;0.0
54;2021-01-10;78;0;2902;6;0.4;0.0
54;2021-01-11;974;3;3876;9;0.5;0.0
54;2021-01-12;1180;1;5056;10;0.7;0.0
54;2021-01-13;2424;8;7480;18;1.0;0.0
54;2021-01-14;3400;30;10880;48;1.5;0.0
54;2021-01-15;2719;14;13599;62;1.9;0.0
54;2021-01-16;815;3;14414;65;2.0;0.0
54;2021-01-17;210;0;14624;65;2.0;0.0
54;2021-01-18;1556;6;16180;71;2.2;0.0
54;2021-01-19;1705;0;17885;71;2.4;0.0
54;2021-01-20;1524;4;19409;75;2.7;0.0
54;2021-01-21;1371;4;20780;79;2.8;0.0
54;2021-01-22;1092;8;21872;87;3.0;0.0
54;2021-01-23;478;1;22350;88;3.1;0.0
54;2021-01-24;66;0;22416;88;3.1;0.0
54;2021-01-25;940;30;23356;118;3.2;0.0
54;2021-01-26;142;5;23498;123;3.2;0.0
54;2021-01-27;12;172;23510;295;3.2;0.0
54;2021-01-28;32;232;23542;527;3.2;0.1
54;2021-01-29;18;278;23560;805;3.2;0.1
54;2021-01-30;6;0;23566;805;3.2;0.1
54;2021-01-31;1;0;23567;805;3.2;0.1
54;2021-02-01;13;786;23580;1591;3.2;0.2
54;2021-02-02;23;970;23603;2561;3.2;0.4
54;2021-02-03;364;1530;23967;4091;3.3;0.6
54;2021-02-04;737;2452;24704;6543;3.4;0.9
54;2021-02-05;797;1893;25501;8436;3.5;1.2
54;2021-02-06;204;338;25705;8774;3.5;1.2
54;2021-02-07;4;126;25709;8900;3.5;1.2
54;2021-02-08;117;998;25826;9898;3.5;1.4
54;2021-02-09;305;1071;26131;10969;3.6;1.5
54;2021-02-10;385;797;26516;11766;3.6;1.6
54;2021-02-11;294;819;26810;12585;3.7;1.7
54;2021-02-12;449;1299;27259;13884;3.7;1.9
54;2021-02-13;148;236;27407;14120;3.8;1.9
54;2021-02-14;9;11;27416;14131;3.8;1.9
54;2021-02-15;434;1135;27850;15266;3.8;2.1
54;2021-02-16;401;1224;28251;16490;3.9;2.3
54;2021-02-17;518;957;28769;17447;3.9;2.4
54;2021-02-18;594;781;29363;18228;4.0;2.5
54;2021-02-19;520;778;29883;19006;4.1;2.6
54;2021-02-20;33;284;29916;19290;4.1;2.6
54;2021-02-21;3;25;29919;19315;4.1;2.6
54;2021-02-22;484;603;30403;19918;4.2;2.7
54;2021-02-23;679;558;31082;20476;4.3;2.8
54;2021-02-24;728;355;31810;20831;4.4;2.9
54;2021-02-25;1475;722;33285;21553;4.6;3.0
54;2021-02-26;1772;789;35057;22342;4.8;3.1
54;2021-02-27;698;110;35755;22452;4.9;3.1
54;2021-02-28;11;28;35766;22480;4.9;3.1
54;2021-03-01;651;219;36417;22699;5.0;3.1
54;2021-03-02;1505;145;37922;22844;5.2;3.1
54;2021-03-03;1763;61;39685;22905;5.4;3.1
54;2021-03-04;2028;98;41713;23003;5.7;3.1
54;2021-03-05;2796;143;44509;23146;6.1;3.2
54;2021-03-06;4046;112;48555;23258;6.6;3.2
54;2021-03-07;2626;69;51181;23327;7.0;3.2
54;2021-03-08;1336;66;52517;23393;7.2;3.2
54;2021-03-09;2646;103;55163;23496;7.6;3.2
54;2021-03-10;3195;110;58358;23606;8.0;3.2
54;2021-03-11;3393;101;61751;23707;8.5;3.2
54;2021-03-12;4979;183;66730;23890;9.1;3.3
54;2021-03-13;4205;124;70935;24014;9.7;3.3
54;2021-03-14;543;39;71478;24053;9.8;3.3
54;2021-03-15;1719;103;73197;24156;10.0;3.3
54;2021-03-16;1734;176;74931;24332;10.3;3.3
54;2021-03-17;2082;151;77013;24483;10.5;3.4
54;2021-03-18;2060;170;79073;24653;10.8;3.4
54;2021-03-19;3319;271;82392;24924;11.3;3.4
54;2021-03-20;2311;76;84703;25000;11.6;3.4
54;2021-03-21;295;15;84998;25015;11.6;3.4
54;2021-03-22;1034;334;86032;25349;11.8;3.5
54;2021-03-23;1936;524;87968;25873;12.0;3.5
54;2021-03-24;2194;714;90162;26587;12.3;3.6
54;2021-03-25;3177;729;93339;27316;12.8;3.7
54;2021-03-26;3517;822;96856;28138;13.3;3.9
54;2021-03-27;2419;287;99275;28425;13.6;3.9
54;2021-03-28;278;5;99553;28430;13.6;3.9
54;2021-03-29;1669;387;101222;28817;13.9;3.9
54;2021-03-30;2557;981;103779;29798;14.2;4.1
54;2021-03-31;2598;1155;106377;30953;14.6;4.2
54;2021-04-01;3234;1282;109611;32235;15.0;4.4
54;2021-04-02;2967;1686;112578;33921;15.4;4.6
54;2021-04-03;1264;1312;113842;35233;15.6;4.8
54;2021-04-04;137;422;113979;35655;15.6;4.9
54;2021-04-05;145;575;114124;36230;15.6;5.0
54;2021-04-06;1268;1668;115392;37898;15.8;5.2
54;2021-04-07;925;2267;116317;40165;15.9;5.5
54;2021-04-08;2326;2446;118643;42611;16.2;5.8
54;2021-04-09;4126;3157;122769;45768;16.8;6.3
54;2021-04-10;3210;1679;125979;47447;17.2;6.5
54;2021-04-11;206;1001;126185;48448;17.3;6.6
54;2021-04-12;2195;1537;128380;49985;17.6;6.8
54;2021-04-13;3002;1978;131382;51963;18.0;7.1
54;2021-04-14;3261;1871;134643;53834;18.4;7.4
54;2021-04-15;2877;2295;137520;56129;18.8;7.7
54;2021-04-16;3140;2602;140660;58731;19.3;8.0
54;2021-04-17;3473;1491;144133;60222;19.7;8.2
54;2021-04-18;64;245;144197;60467;19.7;8.3
54;2021-04-19;2462;1081;146659;61548;20.1;8.4
54;2021-04-20;3012;1250;149671;62798;20.5;8.6
54;2021-04-21;4402;1634;154073;64432;21.1;8.8
54;2021-04-22;3721;2386;157794;66818;21.6;9.1
54;2021-04-23;3866;2075;161660;68893;22.1;9.4
54;2021-04-24;2345;1037;164005;69930;22.5;9.6
54;2021-04-25;283;276;164288;70206;22.5;9.6
54;2021-04-26;2305;1272;166593;71478;22.8;9.8
54;2021-04-27;3288;1437;169881;72915;23.3;10.0
54;2021-04-28;2977;1955;172858;74870;23.7;10.3
54;2021-04-29;3793;2083;176651;76953;24.2;10.5
54;2021-04-30;4491;1976;181142;78929;24.8;10.8
54;2021-05-01;2263;804;183405;79733;25.1;10.9
54;2021-05-02;229;68;183634;79801;25.1;10.9
54;2021-05-03;3094;943;186728;80744;25.6;11.1
54;2021-05-04;3516;1447;190244;82191;26.0;11.3
54;2021-05-05;4896;1411;195140;83602;26.7;11.4
54;2021-05-06;4437;2800;199577;86402;27.3;11.8
54;2021-05-07;4825;3414;204402;89816;28.0;12.3
54;2021-05-08;2030;645;206432;90461;28.3;12.4
54;2021-05-09;375;136;206807;90597;28.3;12.4
54;2021-05-10;3206;2240;210013;92837;28.8;12.7
54;2021-05-11;5492;2936;215505;95773;29.5;13.1
54;2021-05-12;4145;3388;219650;99161;30.1;13.6
54;2021-05-13;2646;490;222296;99651;30.4;13.6
54;2021-05-14;6884;1994;229180;101645;31.4;13.9
54;2021-05-15;5481;1315;234661;102960;32.1;14.1
54;2021-05-16;946;109;235607;103069;32.3;14.1
54;2021-05-17;3795;825;239402;103894;32.8;14.2
54;2021-05-18;3288;1102;242690;104996;33.2;14.4
54;2021-05-19;3467;1513;246157;106509;33.7;14.6
54;2021-05-20;4538;1623;250695;108132;34.3;14.8
54;2021-05-21;6747;2512;257442;110644;35.2;15.1
54;2021-05-22;5656;1365;263098;112009;36.0;15.3
54;2021-05-23;504;54;263602;112063;36.1;15.3
54;2021-05-24;1444;342;265046;112405;36.3;15.4
54;2021-05-25;4188;1541;269234;113946;36.9;15.6
54;2021-05-26;3535;2219;272769;116165;37.3;15.9
54;2021-05-27;4182;2439;276951;118604;37.9;16.2
54;2021-05-28;4971;3565;281922;122169;38.6;16.7
54;2021-05-29;3849;3989;285771;126158;39.1;17.3
54;2021-05-30;127;83;285898;126241;39.1;17.3
54;2021-05-31;2939;3069;288837;129310;39.5;17.7
54;2021-06-01;2620;4204;291457;133514;39.9;18.3
54;2021-06-02;2165;4087;293622;137601;40.2;18.8
54;2021-06-03;3146;5661;296768;143262;40.6;19.6
54;2021-06-04;5098;5484;301866;148746;41.3;20.4
54;2021-06-05;2342;3286;304208;152032;41.6;20.8
54;2021-06-06;70;236;304278;152268;41.7;20.8
54;2021-06-07;3706;2933;307984;155201;42.2;21.2
54;2021-06-08;4541;4271;312525;159472;42.8;21.8
54;2021-06-09;6000;3315;318525;162787;43.6;22.3
54;2021-06-10;5300;4441;323825;167228;44.3;22.9
54;2021-06-11;5016;4913;328841;172141;45.0;23.6
54;2021-06-12;4241;3229;333082;175370;45.6;24.0
54;2021-06-13;54;210;333136;175580;45.6;24.0
54;2021-06-14;2330;3593;335466;179173;45.9;24.5
54;2021-06-15;2826;4736;338292;183909;46.3;25.2
54;2021-06-16;3486;5652;341778;189561;46.8;26.0
54;2021-06-17;3137;5220;344915;194781;47.2;26.7
54;2021-06-18;4156;6240;349071;201021;47.8;27.5
54;2021-06-19;2645;3123;351716;204144;48.2;27.9
54;2021-06-20;101;339;351817;204483;48.2;28.0
54;2021-06-21;2555;4763;354372;209246;48.5;28.6
54;2021-06-22;2042;6226;356414;215472;48.8;29.5
54;2021-06-23;2244;5592;358658;221064;49.1;30.3
54;2021-06-24;2091;3458;360749;224522;49.4;30.7
54;2021-06-25;2199;7056;362948;231578;49.7;31.7
54;2021-06-26;2382;5671;365330;237249;50.0;32.5
54;2021-06-27;133;607;365463;237856;50.0;32.6
54;2021-06-28;1958;4350;367421;242206;50.3;33.2
54;2021-06-29;1937;5207;369358;247413;50.6;33.9
54;2021-06-30;1983;5120;371341;252533;50.8;34.6
54;2021-07-01;2135;5982;373476;258515;51.1;35.4
54;2021-07-02;2818;7557;376294;266072;51.5;36.4
54;2021-07-03;2833;4095;379127;270167;51.9;37.0
54;2021-07-04;195;498;379322;270665;51.9;37.1
54;2021-07-05;1671;4252;380993;274917;52.2;37.6
54;2021-07-06;2004;5074;382997;279991;52.4;38.3
54;2021-07-07;1901;4837;384898;284828;52.7;39.0
54;2021-07-08;1679;4112;386577;288940;52.9;39.6
54;2021-07-09;3203;6019;389780;294959;53.4;40.4
54;2021-07-10;2542;4370;392322;299329;53.7;41.0
54;2021-07-11;9;103;392331;299432;53.7;41.0
54;2021-07-12;2097;4685;394428;304117;54.0;41.6
54;2021-07-13;2618;4971;397046;309088;54.4;42.3
54;2021-07-14;1534;1504;398580;310592;54.6;42.5
54;2021-07-15;3176;4837;401756;315429;55.0;43.2
54;2021-07-16;4665;6228;406421;321657;55.6;44.0
54;2021-07-17;4000;4767;410421;326424;56.2;44.7
54;2021-07-18;1803;1680;412224;328104;56.4;44.9
54;2021-07-19;2579;4037;414803;332141;56.8;45.5
54;2021-07-20;2900;4812;417703;336953;57.2;46.1
54;2021-07-21;3126;6334;420829;343287;57.6;47.0
54;2021-07-22;3263;5735;424092;349022;58.1;47.8
54;2021-07-23;3970;7011;428062;356033;58.6;48.7
54;2021-07-24;2936;5323;430998;361356;59.0;49.5
54;2021-07-25;70;50;431068;361406;59.0;49.5
54;2021-07-26;2965;4177;434033;365583;59.4;50.1
54;2021-07-27;3697;4012;437730;369595;59.9;50.6
54;2021-07-28;5174;3852;442904;373447;60.6;51.1
54;2021-07-29;5115;3210;448019;376657;61.3;51.6
54;2021-07-30;5099;4992;453118;381649;62.0;52.3
54;2021-07-31;4493;3224;457611;384873;62.7;52.7
54;2021-08-01;256;74;457867;384947;62.7;52.7
54;2021-08-02;3039;3707;460906;388654;63.1;53.2
54;2021-08-03;4052;2929;464958;391583;63.7;53.6
54;2021-08-04;4334;2689;469292;394272;64.3;54.0
54;2021-08-05;4549;2424;473841;396696;64.9;54.3
54;2021-08-06;5369;3996;479210;400692;65.6;54.9
54;2021-08-07;3624;2823;482834;403515;66.1;55.2
54;2021-08-08;247;114;483081;403629;66.1;55.3
54;2021-08-09;2889;2689;485970;406318;66.5;55.6
54;2021-08-10;2506;3766;488476;410084;66.9;56.1
54;2021-08-11;2313;2566;490789;412650;67.2;56.5
54;2021-08-12;2149;3008;492938;415658;67.5;56.9
54;2021-08-13;2584;4442;495522;420100;67.8;57.5
54;2021-08-14;1409;2069;496931;422169;68.0;57.8
54;2021-08-15;30;43;496961;422212;68.0;57.8
54;2021-08-16;1825;3425;498786;425637;68.3;58.3
54;2021-08-17;1928;3310;500714;428947;68.6;58.7
54;2021-08-18;1456;4088;502170;433035;68.8;59.3
54;2021-08-19;1198;2785;503368;435820;68.9;59.7
54;2021-08-20;1839;4913;505207;440733;69.2;60.3
54;2021-08-21;1422;4009;506629;444742;69.4;60.9
54;2021-08-22;53;25;506682;444767;69.4;60.9
55;2020-12-27;0;0;0;0;0.0;0.0
55;2020-12-28;0;0;0;0;0.0;0.0
55;2020-12-29;0;0;0;0;0.0;0.0
55;2020-12-30;0;0;0;0;0.0;0.0
55;2020-12-31;0;0;0;0;0.0;0.0
55;2021-01-01;0;0;0;0;0.0;0.0
55;2021-01-02;0;0;0;0;0.0;0.0
55;2021-01-03;0;0;0;0;0.0;0.0
55;2021-01-04;1;0;1;0;0.0;0.0
55;2021-01-05;0;0;1;0;0.0;0.0
55;2021-01-06;0;0;1;0;0.0;0.0
55;2021-01-07;122;0;123;0;0.1;0.0
55;2021-01-08;127;0;250;0;0.1;0.0
55;2021-01-09;52;0;302;0;0.2;0.0
55;2021-01-10;0;0;302;0;0.2;0.0
55;2021-01-11;128;1;430;1;0.2;0.0
55;2021-01-12;119;0;549;1;0.3;0.0
55;2021-01-13;135;0;684;1;0.4;0.0
55;2021-01-14;643;6;1327;7;0.7;0.0
55;2021-01-15;237;0;1564;7;0.9;0.0
55;2021-01-16;62;0;1626;7;0.9;0.0
55;2021-01-17;1;0;1627;7;0.9;0.0
55;2021-01-18;413;1;2040;8;1.1;0.0
55;2021-01-19;352;3;2392;11;1.3;0.0
55;2021-01-20;453;2;2845;13;1.6;0.0
55;2021-01-21;430;0;3275;13;1.8;0.0
55;2021-01-22;391;0;3666;13;2.0;0.0
55;2021-01-23;49;0;3715;13;2.0;0.0
55;2021-01-24;0;0;3715;13;2.0;0.0
55;2021-01-25;436;0;4151;13;2.3;0.0
55;2021-01-26;431;0;4582;13;2.5;0.0
55;2021-01-27;424;0;5006;13;2.8;0.0
55;2021-01-28;485;100;5491;113;3.0;0.1
55;2021-01-29;159;54;5650;167;3.1;0.1
55;2021-01-30;92;28;5742;195;3.2;0.1
55;2021-01-31;0;0;5742;195;3.2;0.1
55;2021-02-01;153;177;5895;372;3.2;0.2
55;2021-02-02;159;148;6054;520;3.3;0.3
55;2021-02-03;53;160;6107;680;3.4;0.4
55;2021-02-04;234;398;6341;1078;3.5;0.6
55;2021-02-05;174;139;6515;1217;3.6;0.7
55;2021-02-06;62;56;6577;1273;3.6;0.7
55;2021-02-07;2;53;6579;1326;3.6;0.7
55;2021-02-08;0;18;6579;1344;3.6;0.7
55;2021-02-09;92;117;6671;1461;3.7;0.8
55;2021-02-10;65;22;6736;1483;3.7;0.8
55;2021-02-11;175;98;6911;1581;3.8;0.9
55;2021-02-12;94;28;7005;1609;3.9;0.9
55;2021-02-13;0;0;7005;1609;3.9;0.9
55;2021-02-14;0;0;7005;1609;3.9;0.9
55;2021-02-15;15;418;7020;2027;3.9;1.1
55;2021-02-16;143;396;7163;2423;3.9;1.3
55;2021-02-17;26;491;7189;2914;4.0;1.6
55;2021-02-18;20;344;7209;3258;4.0;1.8
55;2021-02-19;124;289;7333;3547;4.0;2.0
55;2021-02-20;11;0;7344;3547;4.0;2.0
55;2021-02-21;0;0;7344;3547;4.0;2.0
55;2021-02-22;55;457;7399;4004;4.1;2.2
55;2021-02-23;85;441;7484;4445;4.1;2.4
55;2021-02-24;72;415;7556;4860;4.2;2.7
55;2021-02-25;270;682;7826;5542;4.3;3.1
55;2021-02-26;324;235;8150;5777;4.5;3.2
55;2021-02-27;125;87;8275;5864;4.6;3.2
55;2021-02-28;2;8;8277;5872;4.6;3.2
55;2021-03-01;77;141;8354;6013;4.6;3.3
55;2021-03-02;124;170;8478;6183;4.7;3.4
55;2021-03-03;198;3;8676;6186;4.8;3.4
55;2021-03-04;238;43;8914;6229;4.9;3.4
55;2021-03-05;362;46;9276;6275;5.1;3.5
55;2021-03-06;223;6;9499;6281;5.2;3.5
55;2021-03-07;69;1;9568;6282;5.3;3.5
55;2021-03-08;327;49;9895;6331;5.4;3.5
55;2021-03-09;635;50;10530;6381;5.8;3.5
55;2021-03-10;396;24;10926;6405;6.0;3.5
55;2021-03-11;597;143;11523;6548;6.3;3.6
55;2021-03-12;815;93;12338;6641;6.8;3.7
55;2021-03-13;523;12;12861;6653;7.1;3.7
55;2021-03-14;14;0;12875;6653;7.1;3.7
55;2021-03-15;393;24;13268;6677;7.3;3.7
55;2021-03-16;568;110;13836;6787;7.6;3.7
55;2021-03-17;683;20;14519;6807;8.0;3.7
55;2021-03-18;323;23;14842;6830;8.2;3.8
55;2021-03-19;471;59;15313;6889;8.4;3.8
55;2021-03-20;253;15;15566;6904;8.6;3.8
55;2021-03-21;1;1;15567;6905;8.6;3.8
55;2021-03-22;473;20;16040;6925;8.8;3.8
55;2021-03-23;972;64;17012;6989;9.4;3.8
55;2021-03-24;802;40;17814;7029;9.8;3.9
55;2021-03-25;1097;80;18911;7109;10.4;3.9
55;2021-03-26;602;35;19513;7144;10.7;3.9
55;2021-03-27;255;23;19768;7167;10.9;3.9
55;2021-03-28;0;0;19768;7167;10.9;3.9
55;2021-03-29;943;39;20711;7206;11.4;4.0
55;2021-03-30;1423;72;22134;7278;12.2;4.0
55;2021-03-31;1482;69;23616;7347;13.0;4.0
55;2021-04-01;1205;127;24821;7474;13.7;4.1
55;2021-04-02;902;75;25723;7549;14.2;4.2
55;2021-04-03;93;12;25816;7561;14.2;4.2
55;2021-04-04;2;0;25818;7561;14.2;4.2
55;2021-04-05;6;12;25824;7573;14.2;4.2
55;2021-04-06;933;275;26757;7848;14.7;4.3
55;2021-04-07;993;237;27750;8085;15.3;4.5
55;2021-04-08;1648;421;29398;8506;16.2;4.7
55;2021-04-09;1429;262;30827;8768;17.0;4.8
55;2021-04-10;242;174;31069;8942;17.1;4.9
55;2021-04-11;452;21;31521;8963;17.4;4.9
55;2021-04-12;855;329;32376;9292;17.8;5.1
55;2021-04-13;1355;530;33731;9822;18.6;5.4
55;2021-04-14;1372;728;35103;10550;19.3;5.8
55;2021-04-15;1636;459;36739;11009;20.2;6.1
55;2021-04-16;705;378;37444;11387;20.6;6.3
55;2021-04-17;677;30;38121;11417;21.0;6.3
55;2021-04-18;38;18;38159;11435;21.0;6.3
55;2021-04-19;961;347;39120;11782;21.5;6.5
55;2021-04-20;1173;775;40293;12557;22.2;6.9
55;2021-04-21;990;640;41283;13197;22.7;7.3
55;2021-04-22;1099;679;42382;13876;23.3;7.6
55;2021-04-23;1424;595;43806;14471;24.1;8.0
55;2021-04-24;313;124;44119;14595;24.3;8.0
55;2021-04-25;384;51;44503;14646;24.5;8.1
55;2021-04-26;478;816;44981;15462;24.8;8.5
55;2021-04-27;570;995;45551;16457;25.1;9.1
55;2021-04-28;931;816;46482;17273;25.6;9.5
55;2021-04-29;1118;857;47600;18130;26.2;10.0
55;2021-04-30;1280;622;48880;18752;26.9;10.3
55;2021-05-01;153;132;49033;18884;27.0;10.4
55;2021-05-02;2;3;49035;18887;27.0;10.4
55;2021-05-03;1208;629;50243;19516;27.7;10.7
55;2021-05-04;683;1177;50926;20693;28.0;11.4
55;2021-05-05;658;1074;51584;21767;28.4;12.0
55;2021-05-06;1347;1160;52931;22927;29.1;12.6
55;2021-05-07;1433;555;54364;23482;29.9;12.9
55;2021-05-08;156;77;54520;23559;30.0;13.0
55;2021-05-09;62;523;54582;24082;30.0;13.3
55;2021-05-10;860;1031;55442;25113;30.5;13.8
55;2021-05-11;1070;1379;56512;26492;31.1;14.6
55;2021-05-12;1031;1766;57543;28258;31.7;15.6
55;2021-05-13;99;75;57642;28333;31.7;15.6
55;2021-05-14;352;558;57994;28891;31.9;15.9
55;2021-05-15;292;492;58286;29383;32.1;16.2
55;2021-05-16;3;10;58289;29393;32.1;16.2
55;2021-05-17;1028;841;59317;30234;32.7;16.6
55;2021-05-18;1568;892;60885;31126;33.5;17.1
55;2021-05-19;1810;782;62695;31908;34.5;17.6
55;2021-05-20;2215;731;64910;32639;35.7;18.0
55;2021-05-21;2011;802;66921;33441;36.8;18.4
55;2021-05-22;198;166;67119;33607;37.0;18.5
55;2021-05-23;23;120;67142;33727;37.0;18.6
55;2021-05-24;0;0;67142;33727;37.0;18.6
55;2021-05-25;1347;652;68489;34379;37.7;18.9
55;2021-05-26;1674;1018;70163;35397;38.6;19.5
55;2021-05-27;1320;981;71483;36378;39.4;20.0
55;2021-05-28;1521;931;73004;37309;40.2;20.5
55;2021-05-29;1402;697;74406;38006;41.0;20.9
55;2021-05-30;15;206;74421;38212;41.0;21.0
55;2021-05-31;1049;1130;75470;39342;41.5;21.7
55;2021-06-01;918;957;76388;40299;42.1;22.2
55;2021-06-02;1162;985;77550;41284;42.7;22.7
55;2021-06-03;703;545;78253;41829;43.1;23.0
55;2021-06-04;1390;1100;79643;42929;43.8;23.6
55;2021-06-05;1366;277;81009;43206;44.6;23.8
55;2021-06-06;0;2;81009;43208;44.6;23.8
55;2021-06-07;790;714;81799;43922;45.0;24.2
55;2021-06-08;698;1075;82497;44997;45.4;24.8
55;2021-06-09;851;871;83348;45868;45.9;25.3
55;2021-06-10;379;275;83727;46143;46.1;25.4
55;2021-06-11;528;1287;84255;47430;46.4;26.1
55;2021-06-12;761;519;85016;47949;46.8;26.4
55;2021-06-13;265;33;85281;47982;47.0;26.4
55;2021-06-14;389;1363;85670;49345;47.2;27.2
55;2021-06-15;574;1212;86244;50557;47.5;27.8
55;2021-06-16;734;831;86978;51388;47.9;28.3
55;2021-06-17;425;859;87403;52247;48.1;28.8
55;2021-06-18;668;1475;88071;53722;48.5;29.6
55;2021-06-19;593;457;88664;54179;48.8;29.8
55;2021-06-20;0;0;88664;54179;48.8;29.8
55;2021-06-21;437;1023;89101;55202;49.1;30.4
55;2021-06-22;335;1014;89436;56216;49.2;30.9
55;2021-06-23;626;1213;90062;57429;49.6;31.6
55;2021-06-24;163;433;90225;57862;49.7;31.9
55;2021-06-25;642;1226;90867;59088;50.0;32.5
55;2021-06-26;418;339;91285;59427;50.3;32.7
55;2021-06-27;1;2;91286;59429;50.3;32.7
55;2021-06-28;149;1380;91435;60809;50.3;33.5
55;2021-06-29;202;1289;91637;62098;50.4;34.2
55;2021-06-30;271;1932;91908;64030;50.6;35.3
55;2021-07-01;387;1978;92295;66008;50.8;36.3
55;2021-07-02;391;1719;92686;67727;51.0;37.3
55;2021-07-03;108;262;92794;67989;51.1;37.4
55;2021-07-04;12;19;92806;68008;51.1;37.4
55;2021-07-05;222;1508;93028;69516;51.2;38.3
55;2021-07-06;326;899;93354;70415;51.4;38.8
55;2021-07-07;388;1802;93742;72217;51.6;39.8
55;2021-07-08;535;1594;94277;73811;51.9;40.6
55;2021-07-09;455;1479;94732;75290;52.2;41.4
55;2021-07-10;356;1111;95088;76401;52.3;42.1
55;2021-07-11;0;9;95088;76410;52.3;42.1
55;2021-07-12;608;1166;95696;77576;52.7;42.7
55;2021-07-13;599;1486;96295;79062;53.0;43.5
55;2021-07-14;0;13;96295;79075;53.0;43.5
55;2021-07-15;782;1647;97077;80722;53.4;44.4
55;2021-07-16;1254;1811;98331;82533;54.1;45.4
55;2021-07-17;1282;822;99613;83355;54.8;45.9
55;2021-07-18;1;2;99614;83357;54.8;45.9
55;2021-07-19;597;785;100211;84142;55.2;46.3
55;2021-07-20;996;1026;101207;85168;55.7;46.9
55;2021-07-21;1479;1370;102686;86538;56.5;47.6
55;2021-07-22;1169;568;103855;87106;57.2;48.0
55;2021-07-23;1107;1352;104962;88458;57.8;48.7
55;2021-07-24;817;762;105779;89220;58.2;49.1
55;2021-07-25;119;229;105898;89449;58.3;49.2
55;2021-07-26;668;443;106566;89892;58.7;49.5
55;2021-07-27;1156;477;107722;90369;59.3;49.8
55;2021-07-28;1037;1067;108759;91436;59.9;50.3
55;2021-07-29;669;449;109428;91885;60.2;50.6
55;2021-07-30;1268;964;110696;92849;60.9;51.1
55;2021-07-31;708;614;111404;93463;61.3;51.5
55;2021-08-01;8;5;111412;93468;61.3;51.5
55;2021-08-02;611;444;112023;93912;61.7;51.7
55;2021-08-03;638;420;112661;94332;62.0;51.9
55;2021-08-04;1244;954;113905;95286;62.7;52.5
55;2021-08-05;999;320;114904;95606;63.3;52.6
55;2021-08-06;811;1096;115715;96702;63.7;53.2
55;2021-08-07;595;335;116310;97037;64.0;53.4
55;2021-08-08;0;0;116310;97037;64.0;53.4
55;2021-08-09;398;306;116708;97343;64.3;53.6
55;2021-08-10;432;775;117140;98118;64.5;54.0
55;2021-08-11;590;643;117730;98761;64.8;54.4
55;2021-08-12;322;488;118052;99249;65.0;54.6
55;2021-08-13;426;1108;118478;100357;65.2;55.3
55;2021-08-14;135;191;118613;100548;65.3;55.4
55;2021-08-15;11;5;118624;100553;65.3;55.4
55;2021-08-16;245;739;118869;101292;65.4;55.8
55;2021-08-17;253;291;119122;101583;65.6;55.9
55;2021-08-18;539;1241;119661;102824;65.9;56.6
55;2021-08-19;449;959;120110;103783;66.1;57.1
55;2021-08-20;559;1011;120669;104794;66.4;57.7
55;2021-08-21;292;770;120961;105564;66.6;58.1
55;2021-08-22;8;6;120969;105570;66.6;58.1
56;2020-12-27;0;0;0;0;0.0;0.0
56;2020-12-28;1;0;1;0;0.0;0.0
56;2020-12-29;0;0;1;0;0.0;0.0
56;2020-12-30;0;0;1;0;0.0;0.0
56;2020-12-31;0;0;1;0;0.0;0.0
56;2021-01-01;0;0;1;0;0.0;0.0
56;2021-01-02;1;0;2;0;0.0;0.0
56;2021-01-03;0;0;2;0;0.0;0.0
56;2021-01-04;1;0;3;0;0.0;0.0
56;2021-01-05;1;0;4;0;0.0;0.0
56;2021-01-06;2;0;6;0;0.0;0.0
56;2021-01-07;198;0;204;0;0.0;0.0
56;2021-01-08;119;0;323;0;0.0;0.0
56;2021-01-09;1;0;324;0;0.0;0.0
56;2021-01-10;1;0;325;0;0.0;0.0
56;2021-01-11;242;0;567;0;0.1;0.0
56;2021-01-12;754;0;1321;0;0.2;0.0
56;2021-01-13;638;1;1959;1;0.3;0.0
56;2021-01-14;969;2;2928;3;0.4;0.0
56;2021-01-15;843;5;3771;8;0.5;0.0
56;2021-01-16;234;3;4005;11;0.5;0.0
56;2021-01-17;27;0;4032;11;0.5;0.0
56;2021-01-18;1004;1;5036;12;0.7;0.0
56;2021-01-19;851;1;5887;13;0.8;0.0
56;2021-01-20;884;1;6771;14;0.9;0.0
56;2021-01-21;1461;2;8232;16;1.1;0.0
56;2021-01-22;1181;3;9413;19;1.2;0.0
56;2021-01-23;319;2;9732;21;1.3;0.0
56;2021-01-24;6;0;9738;21;1.3;0.0
56;2021-01-25;826;0;10564;21;1.4;0.0
56;2021-01-26;1038;4;11602;25;1.5;0.0
56;2021-01-27;1082;62;12684;87;1.7;0.0
56;2021-01-28;975;123;13659;210;1.8;0.0
56;2021-01-29;873;107;14532;317;1.9;0.0
56;2021-01-30;139;19;14671;336;1.9;0.0
56;2021-01-31;0;0;14671;336;1.9;0.0
56;2021-02-01;479;155;15150;491;2.0;0.1
56;2021-02-02;942;257;16092;748;2.1;0.1
56;2021-02-03;1023;270;17115;1018;2.3;0.1
56;2021-02-04;4698;352;21813;1370;2.9;0.2
56;2021-02-05;3592;431;25405;1801;3.4;0.2
56;2021-02-06;549;171;25954;1972;3.4;0.3
56;2021-02-07;136;26;26090;1998;3.5;0.3
56;2021-02-08;296;290;26386;2288;3.5;0.3
56;2021-02-09;795;507;27181;2795;3.6;0.4
56;2021-02-10;865;701;28046;3496;3.7;0.5
56;2021-02-11;972;1077;29018;4573;3.8;0.6
56;2021-02-12;1151;641;30169;5214;4.0;0.7
56;2021-02-13;220;104;30389;5318;4.0;0.7
56;2021-02-14;6;46;30395;5364;4.0;0.7
56;2021-02-15;622;1089;31017;6453;4.1;0.9
56;2021-02-16;1220;737;32237;7190;4.3;1.0
56;2021-02-17;1189;959;33426;8149;4.4;1.1
56;2021-02-18;1352;882;34778;9031;4.6;1.2
56;2021-02-19;1322;914;36100;9945;4.8;1.3
56;2021-02-20;365;261;36465;10206;4.8;1.4
56;2021-02-21;0;0;36465;10206;4.8;1.4
56;2021-02-22;374;696;36839;10902;4.9;1.4
56;2021-02-23;740;961;37579;11863;5.0;1.6
56;2021-02-24;915;1184;38494;13047;5.1;1.7
56;2021-02-25;2030;4260;40524;17307;5.4;2.3
56;2021-02-26;2356;2263;42880;19570;5.7;2.6
56;2021-02-27;745;447;43625;20017;5.8;2.6
56;2021-02-28;15;114;43640;20131;5.8;2.7
56;2021-03-01;647;561;44287;20692;5.9;2.7
56;2021-03-02;979;789;45266;21481;6.0;2.8
56;2021-03-03;1150;915;46416;22396;6.1;3.0
56;2021-03-04;1966;1039;48382;23435;6.4;3.1
56;2021-03-05;2582;1432;50964;24867;6.7;3.3
56;2021-03-06;1208;218;52172;25085;6.9;3.3
56;2021-03-07;282;24;52454;25109;6.9;3.3
56;2021-03-08;1140;390;53594;25499;7.1;3.4
56;2021-03-09;2041;632;55635;26131;7.4;3.5
56;2021-03-10;2001;937;57636;27068;7.6;3.6
56;2021-03-11;3253;740;60889;27808;8.1;3.7
56;2021-03-12;4208;827;65097;28635;8.6;3.8
56;2021-03-13;1882;148;66979;28783;8.9;3.8
56;2021-03-14;195;2;67174;28785;8.9;3.8
56;2021-03-15;1283;529;68457;29314;9.1;3.9
56;2021-03-16;1089;1030;69546;30344;9.2;4.0
56;2021-03-17;1360;773;70906;31117;9.4;4.1
56;2021-03-18;1998;1873;72904;32990;9.6;4.4
56;2021-03-19;2939;1400;75843;34390;10.0;4.6
56;2021-03-20;1493;207;77336;34597;10.2;4.6
56;2021-03-21;208;22;77544;34619;10.3;4.6
56;2021-03-22;1610;405;79154;35024;10.5;4.6
56;2021-03-23;2806;685;81960;35709;10.8;4.7
56;2021-03-24;3450;526;85410;36235;11.3;4.8
56;2021-03-25;4237;723;89647;36958;11.9;4.9
56;2021-03-26;5090;782;94737;37740;12.5;5.0
56;2021-03-27;1500;294;96237;38034;12.7;5.0
56;2021-03-28;264;11;96501;38045;12.8;5.0
56;2021-03-29;2234;503;98735;38548;13.1;5.1
56;2021-03-30;3519;784;102254;39332;13.5;5.2
56;2021-03-31;3116;718;105370;40050;13.9;5.3
56;2021-04-01;4071;818;109441;40868;14.5;5.4
56;2021-04-02;3927;941;113368;41809;15.0;5.5
56;2021-04-03;1186;270;114554;42079;15.2;5.6
56;2021-04-04;232;3;114786;42082;15.2;5.6
56;2021-04-05;244;8;115030;42090;15.2;5.6
56;2021-04-06;2824;1233;117854;43323;15.6;5.7
56;2021-04-07;4023;1191;121877;44514;16.1;5.9
56;2021-04-08;5296;1162;127173;45676;16.8;6.0
56;2021-04-09;7389;1283;134562;46959;17.8;6.2
56;2021-04-10;2577;426;137139;47385;18.2;6.3
56;2021-04-11;193;101;137332;47486;18.2;6.3
56;2021-04-12;3933;836;141265;48322;18.7;6.4
56;2021-04-13;5966;1264;147231;49586;19.5;6.6
56;2021-04-14;5167;1431;152398;51017;20.2;6.8
56;2021-04-15;7153;1772;159551;52789;21.1;7.0
56;2021-04-16;7843;2012;167394;54801;22.2;7.3
56;2021-04-17;3132;647;170526;55448;22.6;7.3
56;2021-04-18;528;107;171054;55555;22.6;7.4
56;2021-04-19;3719;1261;174773;56816;23.1;7.5
56;2021-04-20;4107;1978;178880;58794;23.7;7.8
56;2021-04-21;4061;2323;182941;61117;24.2;8.1
56;2021-04-22;5174;1926;188115;63043;24.9;8.3
56;2021-04-23;5166;2414;193281;65457;25.6;8.7
56;2021-04-24;2899;647;196180;66104;26.0;8.7
56;2021-04-25;465;150;196645;66254;26.0;8.8
56;2021-04-26;4706;1669;201351;67923;26.6;9.0
56;2021-04-27;5098;2551;206449;70474;27.3;9.3
56;2021-04-28;4968;2244;211417;72718;28.0;9.6
56;2021-04-29;5842;2939;217259;75657;28.8;10.0
56;2021-04-30;6245;2809;223504;78466;29.6;10.4
56;2021-05-01;2488;362;225992;78828;29.9;10.4
56;2021-05-02;307;254;226299;79082;30.0;10.5
56;2021-05-03;3866;2070;230165;81152;30.5;10.7
56;2021-05-04;4382;3906;234547;85058;31.0;11.3
56;2021-05-05;3522;3876;238069;88934;31.5;11.8
56;2021-05-06;4376;5441;242445;94375;32.1;12.5
56;2021-05-07;4268;5012;246713;99387;32.7;13.2
56;2021-05-08;1644;319;248357;99706;32.9;13.2
56;2021-05-09;495;227;248852;99933;32.9;13.2
56;2021-05-10;3750;3812;252602;103745;33.4;13.7
56;2021-05-11;4170;5052;256772;108797;34.0;14.4
56;2021-05-12;4343;4775;261115;113572;34.6;15.0
56;2021-05-13;2397;1012;263512;114584;34.9;15.2
56;2021-05-14;4228;4362;267740;118946;35.4;15.7
56;2021-05-15;2487;1894;270227;120840;35.8;16.0
56;2021-05-16;237;488;270464;121328;35.8;16.1
56;2021-05-17;2512;3668;272976;124996;36.1;16.5
56;2021-05-18;3520;4084;276496;129080;36.6;17.1
56;2021-05-19;3528;3391;280024;132471;37.1;17.5
56;2021-05-20;3803;4819;283827;137290;37.6;18.2
56;2021-05-21;3745;5232;287572;142522;38.1;18.9
56;2021-05-22;1698;2208;289270;144730;38.3;19.2
56;2021-05-23;284;197;289554;144927;38.3;19.2
56;2021-05-24;2058;498;291612;145425;38.6;19.2
56;2021-05-25;3139;4469;294751;149894;39.0;19.8
56;2021-05-26;3736;3900;298487;153794;39.5;20.4
56;2021-05-27;4360;4870;302847;158664;40.1;21.0
56;2021-05-28;4635;5961;307482;164625;40.7;21.8
56;2021-05-29;1887;1635;309369;166260;40.9;22.0
56;2021-05-30;318;67;309687;166327;41.0;22.0
56;2021-05-31;4502;3223;314189;169550;41.6;22.4
56;2021-06-01;5665;3386;319854;172936;42.3;22.9
56;2021-06-02;5637;2955;325491;175891;43.1;23.3
56;2021-06-03;6188;3309;331679;179200;43.9;23.7
56;2021-06-04;5814;4410;337493;183610;44.7;24.3
56;2021-06-05;4346;2385;341839;185995;45.2;24.6
56;2021-06-06;496;616;342335;186611;45.3;24.7
56;2021-06-07;5106;3171;347441;189782;46.0;25.1
56;2021-06-08;6069;3378;353510;193160;46.8;25.6
56;2021-06-09;6434;2813;359944;195973;47.6;25.9
56;2021-06-10;7479;2873;367423;198846;48.6;26.3
56;2021-06-11;6765;3871;374188;202717;49.5;26.8
56;2021-06-12;5102;2064;379290;204781;50.2;27.1
56;2021-06-13;1980;439;381270;205220;50.5;27.2
56;2021-06-14;3311;4594;384581;209814;50.9;27.8
56;2021-06-15;4204;4901;388785;214715;51.5;28.4
56;2021-06-16;4497;4503;393282;219218;52.1;29.0
56;2021-06-17;4256;4754;397538;223972;52.6;29.6
56;2021-06-18;4517;5975;402055;229947;53.2;30.4
56;2021-06-19;3837;2144;405892;232091;53.7;30.7
56;2021-06-20;1504;340;407396;232431;53.9;30.8
56;2021-06-21;3309;4462;410705;236893;54.4;31.4
56;2021-06-22;3485;5445;414190;242338;54.8;32.1
56;2021-06-23;3762;5062;417952;247400;55.3;32.7
56;2021-06-24;3477;5319;421429;252719;55.8;33.4
56;2021-06-25;3883;6279;425312;258998;56.3;34.3
56;2021-06-26;3203;2915;428515;261913;56.7;34.7
56;2021-06-27;305;162;428820;262075;56.8;34.7
56;2021-06-28;1576;3981;430396;266056;57.0;35.2
56;2021-06-29;2436;5773;432832;271829;57.3;36.0
56;2021-06-30;2495;5557;435327;277386;57.6;36.7
56;2021-07-01;2734;4958;438061;282344;58.0;37.4
56;2021-07-02;2657;6206;440718;288550;58.3;38.2
56;2021-07-03;2205;2684;442923;291234;58.6;38.5
56;2021-07-04;779;811;443702;292045;58.7;38.7
56;2021-07-05;1872;5445;445574;297490;59.0;39.4
56;2021-07-06;2188;5937;447762;303427;59.3;40.2
56;2021-07-07;2845;5644;450607;309071;59.6;40.9
56;2021-07-08;3080;6038;453687;315109;60.0;41.7
56;2021-07-09;2218;7100;455905;322209;60.3;42.6
56;2021-07-10;1127;3003;457032;325212;60.5;43.0
56;2021-07-11;256;344;457288;325556;60.5;43.1
56;2021-07-12;2177;6606;459465;332162;60.8;44.0
56;2021-07-13;3254;7467;462719;339629;61.2;45.0
56;2021-07-14;1784;2590;464503;342219;61.5;45.3
56;2021-07-15;3820;7066;468323;349285;62.0;46.2
56;2021-07-16;4075;8095;472398;357380;62.5;47.3
56;2021-07-17;2319;3519;474717;360899;62.8;47.8
56;2021-07-18;254;478;474971;361377;62.9;47.8
56;2021-07-19;2865;6356;477836;367733;63.2;48.7
56;2021-07-20;3719;7920;481555;375653;63.7;49.7
56;2021-07-21;3089;7521;484644;383174;64.1;50.7
56;2021-07-22;4384;8026;489028;391200;64.7;51.8
56;2021-07-23;4380;8410;493408;399610;65.3;52.9
56;2021-07-24;1686;4600;495094;404210;65.5;53.5
56;2021-07-25;550;1920;495644;406130;65.6;53.8
56;2021-07-26;3661;5466;499305;411596;66.1;54.5
56;2021-07-27;5360;6202;504665;417798;66.8;55.3
56;2021-07-28;4677;5463;509342;423261;67.4;56.0
56;2021-07-29;5371;5630;514713;428891;68.1;56.8
56;2021-07-30;5372;5852;520085;434743;68.8;57.5
56;2021-07-31;2147;2693;522232;437436;69.1;57.9
56;2021-08-01;1155;977;523387;438413;69.3;58.0
56;2021-08-02;4495;4601;527882;443014;69.9;58.6
56;2021-08-03;6359;4958;534241;447972;70.7;59.3
56;2021-08-04;5933;4353;540174;452325;71.5;59.9
56;2021-08-05;6064;4605;546238;456930;72.3;60.5
56;2021-08-06;5770;4910;552008;461840;73.1;61.1
56;2021-08-07;2839;2225;554847;464065;73.4;61.4
56;2021-08-08;1814;561;556661;464626;73.7;61.5
56;2021-08-09;3898;4265;560559;468891;74.2;62.1
56;2021-08-10;4917;4609;565476;473500;74.8;62.7
56;2021-08-11;4541;4139;570017;477639;75.4;63.2
56;2021-08-12;4462;4535;574479;482174;76.0;63.8
56;2021-08-13;4191;4804;578670;486978;76.6;64.5
56;2021-08-14;1770;2133;580440;489111;76.8;64.7
56;2021-08-15;349;485;580789;489596;76.9;64.8
56;2021-08-16;3051;4516;583840;494112;77.3;65.4
56;2021-08-17;3738;5048;587578;499160;77.8;66.1
56;2021-08-18;3724;4597;591302;503757;78.3;66.7
56;2021-08-19;3045;4983;594347;508740;78.7;67.3
56;2021-08-20;2876;5256;597223;513996;79.0;68.0
56;2021-08-21;1144;2396;598367;516392;79.2;68.3
56;2021-08-22;123;503;598490;516895;79.2;68.4
57;2020-12-27;2;0;2;0;0.0;0.0
57;2020-12-28;0;0;2;0;0.0;0.0
57;2020-12-29;1;0;3;0;0.0;0.0
57;2020-12-30;1;0;4;0;0.0;0.0
57;2020-12-31;0;0;4;0;0.0;0.0
57;2021-01-01;0;0;4;0;0.0;0.0
57;2021-01-02;3;0;7;0;0.0;0.0
57;2021-01-03;0;0;7;0;0.0;0.0
57;2021-01-04;16;0;23;0;0.0;0.0
57;2021-01-05;199;0;222;0;0.0;0.0
57;2021-01-06;226;1;448;1;0.0;0.0
57;2021-01-07;584;2;1032;3;0.1;0.0
57;2021-01-08;509;2;1541;5;0.1;0.0
57;2021-01-09;202;0;1743;5;0.2;0.0
57;2021-01-10;108;1;1851;6;0.2;0.0
57;2021-01-11;470;1;2321;7;0.2;0.0
57;2021-01-12;613;5;2934;12;0.3;0.0
57;2021-01-13;695;2;3629;14;0.4;0.0
57;2021-01-14;707;6;4336;20;0.4;0.0
57;2021-01-15;636;4;4972;24;0.5;0.0
57;2021-01-16;452;1;5424;25;0.5;0.0
57;2021-01-17;493;1;5917;26;0.6;0.0
57;2021-01-18;2707;20;8624;46;0.8;0.0
57;2021-01-19;2568;19;11192;65;1.1;0.0
57;2021-01-20;2762;17;13954;82;1.3;0.0
57;2021-01-21;1793;5;15747;87;1.5;0.0
57;2021-01-22;1324;7;17071;94;1.6;0.0
57;2021-01-23;543;16;17614;110;1.7;0.0
57;2021-01-24;1;0;17615;110;1.7;0.0
57;2021-01-25;870;186;18485;296;1.8;0.0
57;2021-01-26;1112;214;19597;510;1.9;0.0
57;2021-01-27;1069;183;20666;693;2.0;0.1
57;2021-01-28;1040;298;21706;991;2.1;0.1
57;2021-01-29;982;397;22688;1388;2.2;0.1
57;2021-01-30;440;94;23128;1482;2.2;0.1
57;2021-01-31;11;27;23139;1509;2.2;0.1
57;2021-02-01;826;351;23965;1860;2.3;0.2
57;2021-02-02;989;363;24954;2223;2.4;0.2
57;2021-02-03;986;321;25940;2544;2.5;0.2
57;2021-02-04;1138;808;27078;3352;2.6;0.3
57;2021-02-05;930;356;28008;3708;2.7;0.4
57;2021-02-06;481;348;28489;4056;2.8;0.4
57;2021-02-07;103;335;28592;4391;2.8;0.4
57;2021-02-08;1256;1557;29848;5948;2.9;0.6
57;2021-02-09;1762;1676;31610;7624;3.1;0.7
57;2021-02-10;1712;2074;33322;9698;3.2;0.9
57;2021-02-11;1486;1330;34808;11028;3.4;1.1
57;2021-02-12;1227;678;36035;11706;3.5;1.1
57;2021-02-13;1152;178;37187;11884;3.6;1.1
57;2021-02-14;1210;28;38397;11912;3.7;1.1
57;2021-02-15;766;861;39163;12773;3.8;1.2
57;2021-02-16;1072;798;40235;13571;3.9;1.3
57;2021-02-17;1009;960;41244;14531;4.0;1.4
57;2021-02-18;974;1160;42218;15691;4.1;1.5
57;2021-02-19;956;937;43174;16628;4.2;1.6
57;2021-02-20;1173;616;44347;17244;4.3;1.7
57;2021-02-21;323;13;44670;17257;4.3;1.7
57;2021-02-22;1230;913;45900;18170;4.4;1.8
57;2021-02-23;2235;1088;48135;19258;4.6;1.9
57;2021-02-24;2268;1005;50403;20263;4.9;2.0
57;2021-02-25;3298;1121;53701;21384;5.2;2.1
57;2021-02-26;3577;958;57278;22342;5.5;2.2
57;2021-02-27;3689;538;60967;22880;5.9;2.2
57;2021-02-28;1896;60;62863;22940;6.1;2.2
57;2021-03-01;2050;1346;64913;24286;6.3;2.3
57;2021-03-02;2855;1604;67768;25890;6.5;2.5
57;2021-03-03;2804;1617;70572;27507;6.8;2.7
57;2021-03-04;3273;1305;73845;28812;7.1;2.8
57;2021-03-05;4457;1250;78302;30062;7.6;2.9
57;2021-03-06;7243;795;85545;30857;8.3;3.0
57;2021-03-07;6071;278;91616;31135;8.8;3.0
57;2021-03-08;2298;1011;93914;32146;9.1;3.1
57;2021-03-09;3386;1305;97300;33451;9.4;3.2
57;2021-03-10;3580;975;100880;34426;9.7;3.3
57;2021-03-11;4035;1255;104915;35681;10.1;3.4
57;2021-03-12;5106;1217;110021;36898;10.6;3.6
57;2021-03-13;6283;990;116304;37888;11.2;3.7
57;2021-03-14;2424;428;118728;38316;11.5;3.7
57;2021-03-15;2960;880;121688;39196;11.7;3.8
57;2021-03-16;3062;1283;124750;40479;12.0;3.9
57;2021-03-17;3051;1142;127801;41621;12.3;4.0
57;2021-03-18;3400;1079;131201;42700;12.7;4.1
57;2021-03-19;4624;1042;135825;43742;13.1;4.2
57;2021-03-20;4699;1029;140524;44771;13.6;4.3
57;2021-03-21;1895;256;142419;45027;13.7;4.3
57;2021-03-22;2480;1475;144899;46502;14.0;4.5
57;2021-03-23;3441;2342;148340;48844;14.3;4.7
57;2021-03-24;3896;2150;152236;50994;14.7;4.9
57;2021-03-25;4738;2596;156974;53590;15.2;5.2
57;2021-03-26;4841;2259;161815;55849;15.6;5.4
57;2021-03-27;3710;3156;165525;59005;16.0;5.7
57;2021-03-28;1400;1849;166925;60854;16.1;5.9
57;2021-03-29;1935;2172;168860;63026;16.3;6.1
57;2021-03-30;3300;2488;172160;65514;16.6;6.3
57;2021-03-31;2822;2307;174982;67821;16.9;6.5
57;2021-04-01;3223;3169;178205;70990;17.2;6.9
57;2021-04-02;2392;2582;180597;73572;17.4;7.1
57;2021-04-03;2567;2666;183164;76238;17.7;7.4
57;2021-04-04;593;970;183757;77208;17.7;7.5
57;2021-04-05;1922;669;185679;77877;17.9;7.5
57;2021-04-06;2452;2832;188131;80709;18.2;7.8
57;2021-04-07;3810;3088;191941;83797;18.5;8.1
57;2021-04-08;5612;2907;197553;86704;19.1;8.4
57;2021-04-09;5009;2727;202562;89431;19.6;8.6
57;2021-04-10;2353;3640;204915;93071;19.8;9.0
57;2021-04-11;1099;1892;206014;94963;19.9;9.2
57;2021-04-12;1791;2754;207805;97717;20.1;9.4
57;2021-04-13;1976;3031;209781;100748;20.3;9.7
57;2021-04-14;1919;2994;211700;103742;20.4;10.0
57;2021-04-15;2367;3431;214067;107173;20.7;10.3
57;2021-04-16;2701;3292;216768;110465;20.9;10.7
57;2021-04-17;2473;3183;219241;113648;21.2;11.0
57;2021-04-18;1244;1775;220485;115423;21.3;11.1
57;2021-04-19;2141;2260;222626;117683;21.5;11.4
57;2021-04-20;2514;2785;225140;120468;21.7;11.6
57;2021-04-21;2569;2379;227709;122847;22.0;11.9
57;2021-04-22;3207;2252;230916;125099;22.3;12.1
57;2021-04-23;4055;2580;234971;127679;22.7;12.3
57;2021-04-24;3394;2563;238365;130242;23.0;12.6
57;2021-04-25;757;1127;239122;131369;23.1;12.7
57;2021-04-26;2970;1997;242092;133366;23.4;12.9
57;2021-04-27;3899;2375;245991;135741;23.7;13.1
57;2021-04-28;4211;2592;250202;138333;24.2;13.4
57;2021-04-29;5259;3454;255461;141787;24.7;13.7
57;2021-04-30;4729;3550;260190;145337;25.1;14.0
57;2021-05-01;2351;1685;262541;147022;25.3;14.2
57;2021-05-02;790;913;263331;147935;25.4;14.3
57;2021-05-03;3564;2995;266895;150930;25.8;14.6
57;2021-05-04;4871;3166;271766;154096;26.2;14.9
57;2021-05-05;6123;3172;277889;157268;26.8;15.2
57;2021-05-06;5990;3286;283879;160554;27.4;15.5
57;2021-05-07;6852;3444;290731;163998;28.1;15.8
57;2021-05-08;4052;1607;294783;165605;28.5;16.0
57;2021-05-09;2048;1114;296831;166719;28.7;16.1
57;2021-05-10;5128;3070;301959;169789;29.2;16.4
57;2021-05-11;7449;2852;309408;172641;29.9;16.7
57;2021-05-12;7848;3246;317256;175887;30.6;17.0
57;2021-05-13;4509;913;321765;176800;31.1;17.1
57;2021-05-14;7836;2632;329601;179432;31.8;17.3
57;2021-05-15;5965;2053;335566;181485;32.4;17.5
57;2021-05-16;3309;577;338875;182062;32.7;17.6
57;2021-05-17;3866;2067;342741;184129;33.1;17.8
57;2021-05-18;6289;2104;349030;186233;33.7;18.0
57;2021-05-19;7019;2329;356049;188562;34.4;18.2
57;2021-05-20;6050;2184;362099;190746;35.0;18.4
57;2021-05-21;7563;2919;369662;193665;35.7;18.7
57;2021-05-22;4894;2169;374556;195834;36.2;18.9
57;2021-05-23;1964;432;376520;196266;36.3;18.9
57;2021-05-24;3031;1066;379551;197332;36.6;19.0
57;2021-05-25;5576;2804;385127;200136;37.2;19.3
57;2021-05-26;6376;3182;391503;203318;37.8;19.6
57;2021-05-27;5794;3121;397297;206439;38.4;19.9
57;2021-05-28;7025;4752;404322;211191;39.0;20.4
57;2021-05-29;5223;4251;409545;215442;39.5;20.8
57;2021-05-30;1967;1741;411512;217183;39.7;21.0
57;2021-05-31;4319;3339;415831;220522;40.1;21.3
57;2021-06-01;5935;3714;421766;224236;40.7;21.6
57;2021-06-02;6338;3906;428104;228142;41.3;22.0
57;2021-06-03;6214;3702;434318;231844;41.9;22.4
57;2021-06-04;7569;4992;441887;236836;42.7;22.9
57;2021-06-05;4769;4033;446656;240869;43.1;23.3
57;2021-06-06;1994;889;448650;241758;43.3;23.3
57;2021-06-07;4324;4037;452974;245795;43.7;23.7
57;2021-06-08;6714;4314;459688;250109;44.4;24.1
57;2021-06-09;6884;4155;466572;254264;45.0;24.5
57;2021-06-10;6220;4590;472792;258854;45.6;25.0
57;2021-06-11;5367;5365;478159;264219;46.2;25.5
57;2021-06-12;5743;4453;483902;268672;46.7;25.9
57;2021-06-13;1500;1141;485402;269813;46.9;26.0
57;2021-06-14;3382;4706;488784;274519;47.2;26.5
57;2021-06-15;3815;6019;492599;280538;47.6;27.1
57;2021-06-16;4400;6593;496999;287131;48.0;27.7
57;2021-06-17;4198;6084;501197;293215;48.4;28.3
57;2021-06-18;4275;7307;505472;300522;48.8;29.0
57;2021-06-19;4155;6292;509627;306814;49.2;29.6
57;2021-06-20;987;1667;510614;308481;49.3;29.8
57;2021-06-21;2066;5969;512680;314450;49.5;30.4
57;2021-06-22;2637;7985;515317;322435;49.7;31.1
57;2021-06-23;3075;8386;518392;330821;50.0;31.9
57;2021-06-24;2456;5292;520848;336113;50.3;32.4
57;2021-06-25;2855;7830;523703;343943;50.6;33.2
57;2021-06-26;2870;7259;526573;351202;50.8;33.9
57;2021-06-27;754;2986;527327;354188;50.9;34.2
57;2021-06-28;1590;5076;528917;359264;51.1;34.7
57;2021-06-29;2086;6831;531003;366095;51.3;35.3
57;2021-06-30;3066;7321;534069;373416;51.6;36.0
57;2021-07-01;2692;5956;536761;379372;51.8;36.6
57;2021-07-02;2688;8078;539449;387450;52.1;37.4
57;2021-07-03;3239;6524;542688;393974;52.4;38.0
57;2021-07-04;946;2468;543634;396442;52.5;38.3
57;2021-07-05;1704;4607;545338;401049;52.6;38.7
57;2021-07-06;2419;6479;547757;407528;52.9;39.3
57;2021-07-07;2724;7087;550481;414615;53.1;40.0
57;2021-07-08;2489;5875;552970;420490;53.4;40.6
57;2021-07-09;3424;8414;556394;428904;53.7;41.4
57;2021-07-10;3094;6937;559488;435841;54.0;42.1
57;2021-07-11;854;2231;560342;438072;54.1;42.3
57;2021-07-12;2416;6428;562758;444500;54.3;42.9
57;2021-07-13;4409;7500;567167;452000;54.8;43.6
57;2021-07-14;2823;3841;569990;455841;55.0;44.0
57;2021-07-15;3953;7786;573943;463627;55.4;44.8
57;2021-07-16;5638;9826;579581;473453;56.0;45.7
57;2021-07-17;5823;7287;585404;480740;56.5;46.4
57;2021-07-18;1487;2660;586891;483400;56.7;46.7
57;2021-07-19;2359;6206;589250;489606;56.9;47.3
57;2021-07-20;4325;6911;593575;496517;57.3;47.9
57;2021-07-21;5294;6899;598869;503416;57.8;48.6
57;2021-07-22;5947;5958;604816;509374;58.4;49.2
57;2021-07-23;7013;6386;611829;515760;59.1;49.8
57;2021-07-24;4531;7035;616360;522795;59.5;50.5
57;2021-07-25;1336;1769;617696;524564;59.6;50.6
57;2021-07-26;3710;4494;621406;529058;60.0;51.1
57;2021-07-27;6855;4928;628261;533986;60.7;51.5
57;2021-07-28;7467;4548;635728;538534;61.4;52.0
57;2021-07-29;7603;4581;643331;543115;62.1;52.4
57;2021-07-30;6854;4886;650185;548001;62.8;52.9
57;2021-07-31;5696;5015;655881;553016;63.3;53.4
57;2021-08-01;2022;1113;657903;554129;63.5;53.5
57;2021-08-02;3500;3185;661403;557314;63.9;53.8
57;2021-08-03;5466;4279;666869;561593;64.4;54.2
57;2021-08-04;5197;3467;672066;565060;64.9;54.5
57;2021-08-05;5348;3765;677414;568825;65.4;54.9
57;2021-08-06;5576;4840;682990;573665;65.9;55.4
57;2021-08-07;4540;5145;687530;578810;66.4;55.9
57;2021-08-08;1469;1501;688999;580311;66.5;56.0
57;2021-08-09;2605;3165;691604;583476;66.8;56.3
57;2021-08-10;3490;3785;695094;587261;67.1;56.7
57;2021-08-11;3689;4017;698783;591278;67.5;57.1
57;2021-08-12;3131;5212;701914;596490;67.8;57.6
57;2021-08-13;3454;4720;705368;601210;68.1;58.0
57;2021-08-14;2148;5183;707516;606393;68.3;58.5
57;2021-08-15;528;1090;708044;607483;68.4;58.6
57;2021-08-16;1777;3559;709821;611042;68.5;59.0
57;2021-08-17;2357;5347;712178;616389;68.8;59.5
57;2021-08-18;2428;5366;714606;621755;69.0;60.0
57;2021-08-19;2197;5472;716803;627227;69.2;60.6
57;2021-08-20;2034;6008;718837;633235;69.4;61.1
57;2021-08-21;1850;5365;720687;638600;69.6;61.6
57;2021-08-22;449;1527;721136;640127;69.6;61.8
58;2020-12-27;0;0;0;0;0.0;0.0
58;2020-12-28;0;0;0;0;0.0;0.0
58;2020-12-29;1;0;1;0;0.0;0.0
58;2020-12-30;0;0;1;0;0.0;0.0
58;2020-12-31;0;0;1;0;0.0;0.0
58;2021-01-01;0;0;1;0;0.0;0.0
58;2021-01-02;0;0;1;0;0.0;0.0
58;2021-01-03;1;0;2;0;0.0;0.0
58;2021-01-04;0;0;2;0;0.0;0.0
58;2021-01-05;2;0;4;0;0.0;0.0
58;2021-01-06;145;0;149;0;0.1;0.0
58;2021-01-07;241;0;390;0;0.2;0.0
58;2021-01-08;63;0;453;0;0.2;0.0
58;2021-01-09;1;0;454;0;0.2;0.0
58;2021-01-10;0;0;454;0;0.2;0.0
58;2021-01-11;54;0;508;0;0.3;0.0
58;2021-01-12;258;0;766;0;0.4;0.0
58;2021-01-13;405;0;1171;0;0.6;0.0
58;2021-01-14;291;1;1462;1;0.7;0.0
58;2021-01-15;141;0;1603;1;0.8;0.0
58;2021-01-16;10;1;1613;2;0.8;0.0
58;2021-01-17;0;0;1613;2;0.8;0.0
58;2021-01-18;413;1;2026;3;1.0;0.0
58;2021-01-19;986;2;3012;5;1.5;0.0
58;2021-01-20;1206;2;4218;7;2.1;0.0
58;2021-01-21;962;4;5180;11;2.6;0.0
58;2021-01-22;779;3;5959;14;3.0;0.0
58;2021-01-23;251;0;6210;14;3.1;0.0
58;2021-01-24;2;0;6212;14;3.1;0.0
58;2021-01-25;439;0;6651;14;3.3;0.0
58;2021-01-26;650;4;7301;18;3.7;0.0
58;2021-01-27;604;44;7905;62;4.0;0.0
58;2021-01-28;756;66;8661;128;4.3;0.1
58;2021-01-29;837;7;9498;135;4.8;0.1
58;2021-01-30;281;0;9779;135;4.9;0.1
58;2021-01-31;10;0;9789;135;4.9;0.1
58;2021-02-01;200;71;9989;206;5.0;0.1
58;2021-02-02;565;84;10554;290;5.3;0.1
58;2021-02-03;279;147;10833;437;5.4;0.2
58;2021-02-04;285;93;11118;530;5.6;0.3
58;2021-02-05;184;93;11302;623;5.7;0.3
58;2021-02-06;89;0;11391;623;5.7;0.3
58;2021-02-07;0;0;11391;623;5.7;0.3
58;2021-02-08;306;72;11697;695;5.9;0.3
58;2021-02-09;503;313;12200;1008;6.1;0.5
58;2021-02-10;349;381;12549;1389;6.3;0.7
58;2021-02-11;287;380;12836;1769;6.4;0.9
58;2021-02-12;243;204;13079;1973;6.6;1.0
58;2021-02-13;83;29;13162;2002;6.6;1.0
58;2021-02-14;0;3;13162;2005;6.6;1.0
58;2021-02-15;114;529;13276;2534;6.7;1.3
58;2021-02-16;209;939;13485;3473;6.8;1.7
58;2021-02-17;221;767;13706;4240;6.9;2.1
58;2021-02-18;187;790;13893;5030;7.0;2.5
58;2021-02-19;241;724;14134;5754;7.1;2.9
58;2021-02-20;62;228;14196;5982;7.1;3.0
58;2021-02-21;0;30;14196;6012;7.1;3.0
58;2021-02-22;78;404;14274;6416;7.2;3.2
58;2021-02-23;49;621;14323;7037;7.2;3.5
58;2021-02-24;39;629;14362;7666;7.2;3.8
58;2021-02-25;252;703;14614;8369;7.3;4.2
58;2021-02-26;246;622;14860;8991;7.4;4.5
58;2021-02-27;104;189;14964;9180;7.5;4.6
58;2021-02-28;11;8;14975;9188;7.5;4.6
58;2021-03-01;145;246;15120;9434;7.6;4.7
58;2021-03-02;416;641;15536;10075;7.8;5.0
58;2021-03-03;523;293;16059;10368;8.0;5.2
58;2021-03-04;723;277;16782;10645;8.4;5.3
58;2021-03-05;867;206;17649;10851;8.8;5.4
58;2021-03-06;574;87;18223;10938;9.1;5.5
58;2021-03-07;63;12;18286;10950;9.2;5.5
58;2021-03-08;154;299;18440;11249;9.2;5.6
58;2021-03-09;544;549;18984;11798;9.5;5.9
58;2021-03-10;838;241;19822;12039;9.9;6.0
58;2021-03-11;857;271;20679;12310;10.4;6.2
58;2021-03-12;862;200;21541;12510;10.8;6.3
58;2021-03-13;506;67;22047;12577;11.0;6.3
58;2021-03-14;34;0;22081;12577;11.1;6.3
58;2021-03-15;528;110;22609;12687;11.3;6.4
58;2021-03-16;726;222;23335;12909;11.7;6.5
58;2021-03-17;756;195;24091;13104;12.1;6.6
58;2021-03-18;583;179;24674;13283;12.4;6.7
58;2021-03-19;537;104;25211;13387;12.6;6.7
58;2021-03-20;322;64;25533;13451;12.8;6.7
58;2021-03-21;17;0;25550;13451;12.8;6.7
58;2021-03-22;794;25;26344;13476;13.2;6.8
58;2021-03-23;1636;44;27980;13520;14.0;6.8
58;2021-03-24;1366;74;29346;13594;14.7;6.8
58;2021-03-25;1840;44;31186;13638;15.6;6.8
58;2021-03-26;1415;54;32601;13692;16.3;6.9
58;2021-03-27;358;6;32959;13698;16.5;6.9
58;2021-03-28;20;0;32979;13698;16.5;6.9
58;2021-03-29;639;157;33618;13855;16.8;6.9
58;2021-03-30;1186;255;34804;14110;17.4;7.1
58;2021-03-31;1116;397;35920;14507;18.0;7.3
58;2021-04-01;1547;402;37467;14909;18.8;7.5
58;2021-04-02;1464;368;38931;15277;19.5;7.7
58;2021-04-03;567;150;39498;15427;19.8;7.7
58;2021-04-04;1;1;39499;15428;19.8;7.7
58;2021-04-05;47;0;39546;15428;19.8;7.7
58;2021-04-06;822;344;40368;15772;20.2;7.9
58;2021-04-07;695;551;41063;16323;20.6;8.2
58;2021-04-08;1493;426;42556;16749;21.3;8.4
58;2021-04-09;1774;484;44330;17233;22.2;8.6
58;2021-04-10;652;200;44982;17433;22.5;8.7
58;2021-04-11;17;3;44999;17436;22.5;8.7
58;2021-04-12;1117;502;46116;17938;23.1;9.0
58;2021-04-13;1436;628;47552;18566;23.8;9.3
58;2021-04-14;1339;676;48891;19242;24.5;9.6
58;2021-04-15;1434;602;50325;19844;25.2;9.9
58;2021-04-16;1734;513;52059;20357;26.1;10.2
58;2021-04-17;721;232;52780;20589;26.4;10.3
58;2021-04-18;20;7;52800;20596;26.5;10.3
58;2021-04-19;532;605;53332;21201;26.7;10.6
58;2021-04-20;486;1120;53818;22321;27.0;11.2
58;2021-04-21;626;967;54444;23288;27.3;11.7
58;2021-04-22;767;1524;55211;24812;27.7;12.4
58;2021-04-23;919;785;56130;25597;28.1;12.8
58;2021-04-24;211;205;56341;25802;28.2;12.9
58;2021-04-25;109;9;56450;25811;28.3;12.9
58;2021-04-26;762;248;57212;26059;28.7;13.1
58;2021-04-27;1499;1113;58711;27172;29.4;13.6
58;2021-04-28;1535;1052;60246;28224;30.2;14.1
58;2021-04-29;1442;1042;61688;29266;30.9;14.7
58;2021-04-30;1257;939;62945;30205;31.5;15.1
58;2021-05-01;6;17;62951;30222;31.5;15.1
58;2021-05-02;4;2;62955;30224;31.5;15.1
58;2021-05-03;1043;404;63998;30628;32.1;15.3
58;2021-05-04;1075;1348;65073;31976;32.6;16.0
58;2021-05-05;952;1091;66025;33067;33.1;16.6
58;2021-05-06;1363;1059;67388;34126;33.8;17.1
58;2021-05-07;1110;1090;68498;35216;34.3;17.6
58;2021-05-08;59;60;68557;35276;34.3;17.7
58;2021-05-09;7;21;68564;35297;34.4;17.7
58;2021-05-10;875;993;69439;36290;34.8;18.2
58;2021-05-11;1186;1983;70625;38273;35.4;19.2
58;2021-05-12;1662;1556;72287;39829;36.2;20.0
58;2021-05-13;49;181;72336;40010;36.2;20.0
58;2021-05-14;2311;909;74647;40919;37.4;20.5
58;2021-05-15;1725;457;76372;41376;38.3;20.7
58;2021-05-16;118;31;76490;41407;38.3;20.7
58;2021-05-17;792;610;77282;42017;38.7;21.1
58;2021-05-18;1332;1182;78614;43199;39.4;21.6
58;2021-05-19;1737;549;80351;43748;40.3;21.9
58;2021-05-20;1701;671;82052;44419;41.1;22.3
58;2021-05-21;854;728;82906;45147;41.5;22.6
58;2021-05-22;304;240;83210;45387;41.7;22.7
58;2021-05-23;2;21;83212;45408;41.7;22.7
58;2021-05-24;21;42;83233;45450;41.7;22.8
58;2021-05-25;1389;1152;84622;46602;42.4;23.3
58;2021-05-26;844;841;85466;47443;42.8;23.8
58;2021-05-27;753;944;86219;48387;43.2;24.2
58;2021-05-28;430;912;86649;49299;43.4;24.7
58;2021-05-29;151;212;86800;49511;43.5;24.8
58;2021-05-30;21;19;86821;49530;43.5;24.8
58;2021-05-31;757;399;87578;49929;43.9;25.0
58;2021-06-01;1373;1658;88951;51587;44.6;25.8
58;2021-06-02;1463;1047;90414;52634;45.3;26.4
58;2021-06-03;1026;960;91440;53594;45.8;26.9
58;2021-06-04;843;915;92283;54509;46.2;27.3
58;2021-06-05;272;263;92555;54772;46.4;27.4
58;2021-06-06;24;49;92579;54821;46.4;27.5
58;2021-06-07;712;793;93291;55614;46.7;27.9
58;2021-06-08;1324;1758;94615;57372;47.4;28.7
58;2021-06-09;1419;1008;96034;58380;48.1;29.2
58;2021-06-10;1108;981;97142;59361;48.7;29.7
58;2021-06-11;1031;906;98173;60267;49.2;30.2
58;2021-06-12;1055;415;99228;60682;49.7;30.4
58;2021-06-13;36;33;99264;60715;49.7;30.4
58;2021-06-14;516;1016;99780;61731;50.0;30.9
58;2021-06-15;1594;1757;101374;63488;50.8;31.8
58;2021-06-16;1806;993;103180;64481;51.7;32.3
58;2021-06-17;2024;1110;105204;65591;52.7;32.9
58;2021-06-18;987;1063;106191;66654;53.2;33.4
58;2021-06-19;581;319;106772;66973;53.5;33.6
58;2021-06-20;9;2;106781;66975;53.5;33.6
58;2021-06-21;472;551;107253;67526;53.7;33.8
58;2021-06-22;1028;1967;108281;69493;54.3;34.8
58;2021-06-23;1479;1512;109760;71005;55.0;35.6
58;2021-06-24;728;1025;110488;72030;55.4;36.1
58;2021-06-25;825;1718;111313;73748;55.8;36.9
58;2021-06-26;554;1229;111867;74977;56.0;37.6
58;2021-06-27;18;26;111885;75003;56.1;37.6
58;2021-06-28;463;987;112348;75990;56.3;38.1
58;2021-06-29;623;2161;112971;78151;56.6;39.2
58;2021-06-30;998;1625;113969;79776;57.1;40.0
58;2021-07-01;760;1674;114729;81450;57.5;40.8
58;2021-07-02;444;850;115173;82300;57.7;41.2
58;2021-07-03;249;512;115422;82812;57.8;41.5
58;2021-07-04;12;30;115434;82842;57.8;41.5
58;2021-07-05;510;770;115944;83612;58.1;41.9
58;2021-07-06;695;2121;116639;85733;58.4;43.0
58;2021-07-07;388;955;117027;86688;58.6;43.4
58;2021-07-08;399;1020;117426;87708;58.8;43.9
58;2021-07-09;709;1416;118135;89124;59.2;44.7
58;2021-07-10;260;413;118395;89537;59.3;44.9
58;2021-07-11;175;55;118570;89592;59.4;44.9
58;2021-07-12;198;968;118768;90560;59.5;45.4
58;2021-07-13;932;2501;119700;93061;60.0;46.6
58;2021-07-14;27;62;119727;93123;60.0;46.7
58;2021-07-15;1136;1938;120863;95061;60.6;47.6
58;2021-07-16;1411;1447;122274;96508;61.3;48.4
58;2021-07-17;463;288;122737;96796;61.5;48.5
58;2021-07-18;102;21;122839;96817;61.5;48.5
58;2021-07-19;1647;988;124486;97805;62.4;49.0
58;2021-07-20;1406;2457;125892;100262;63.1;50.2
58;2021-07-21;1176;2009;127068;102271;63.7;51.2
58;2021-07-22;1139;1669;128207;103940;64.2;52.1
58;2021-07-23;1259;1445;129466;105385;64.9;52.8
58;2021-07-24;999;1273;130465;106658;65.4;53.4
58;2021-07-25;89;39;130554;106697;65.4;53.5
58;2021-07-26;981;860;131535;107557;65.9;53.9
58;2021-07-27;1563;2582;133098;110139;66.7;55.2
58;2021-07-28;1573;1972;134671;112111;67.5;56.2
58;2021-07-29;1575;1622;136246;113733;68.3;57.0
58;2021-07-30;1463;1428;137709;115161;69.0;57.7
58;2021-07-31;562;527;138271;115688;69.3;58.0
58;2021-08-01;34;13;138305;115701;69.3;58.0
58;2021-08-02;1583;863;139888;116564;70.1;58.4
58;2021-08-03;2042;1782;141930;118346;71.1;59.3
58;2021-08-04;1304;1184;143234;119530;71.8;59.9
58;2021-08-05;1619;1181;144853;120711;72.6;60.5
58;2021-08-06;1355;1030;146208;121741;73.3;61.0
58;2021-08-07;311;401;146519;122142;73.4;61.2
58;2021-08-08;30;58;146549;122200;73.4;61.2
58;2021-08-09;1075;1386;147624;123586;74.0;61.9
58;2021-08-10;1778;1388;149402;124974;74.9;62.6
58;2021-08-11;1127;780;150529;125754;75.4;63.0
58;2021-08-12;1062;1110;151591;126864;75.9;63.6
58;2021-08-13;881;952;152472;127816;76.4;64.0
58;2021-08-14;231;315;152703;128131;76.5;64.2
58;2021-08-15;13;27;152716;128158;76.5;64.2
58;2021-08-16;308;1403;153024;129561;76.7;64.9
58;2021-08-17;796;1335;153820;130896;77.1;65.6
58;2021-08-18;763;1171;154583;132067;77.4;66.2
58;2021-08-19;720;1341;155303;133408;77.8;66.8
58;2021-08-20;694;1293;155997;134701;78.2;67.5
58;2021-08-21;246;475;156243;135176;78.3;67.7
58;2021-08-22;9;86;156252;135262;78.3;67.8
59;2020-12-27;1;0;1;0;0.0;0.0
59;2020-12-28;27;0;28;0;0.0;0.0
59;2020-12-29;0;0;28;0;0.0;0.0
59;2020-12-30;0;0;28;0;0.0;0.0
59;2020-12-31;1;0;29;0;0.0;0.0
59;2021-01-01;3;0;32;0;0.0;0.0
59;2021-01-02;1;0;33;0;0.0;0.0
59;2021-01-03;2;0;35;0;0.0;0.0
59;2021-01-04;79;0;114;0;0.0;0.0
59;2021-01-05;217;0;331;0;0.0;0.0
59;2021-01-06;430;2;761;2;0.0;0.0
59;2021-01-07;1313;0;2074;2;0.1;0.0
59;2021-01-08;1262;4;3336;6;0.1;0.0
59;2021-01-09;609;3;3945;9;0.2;0.0
59;2021-01-10;427;0;4372;9;0.2;0.0
59;2021-01-11;1846;5;6218;14;0.2;0.0
59;2021-01-12;2470;2;8688;16;0.3;0.0
59;2021-01-13;2367;4;11055;20;0.4;0.0
59;2021-01-14;2757;22;13812;42;0.5;0.0
59;2021-01-15;2274;16;16086;58;0.6;0.0
59;2021-01-16;770;1;16856;59;0.7;0.0
59;2021-01-17;560;1;17416;60;0.7;0.0
59;2021-01-18;3509;15;20925;75;0.8;0.0
59;2021-01-19;4753;10;25678;85;1.0;0.0
59;2021-01-20;4133;12;29811;97;1.2;0.0
59;2021-01-21;4730;40;34541;137;1.3;0.0
59;2021-01-22;4022;11;38563;148;1.5;0.0
59;2021-01-23;1214;3;39777;151;1.5;0.0
59;2021-01-24;168;0;39945;151;1.5;0.0
59;2021-01-25;2729;58;42674;209;1.6;0.0
59;2021-01-26;2803;137;45477;346;1.8;0.0
59;2021-01-27;1736;308;47213;654;1.8;0.0
59;2021-01-28;3397;764;50610;1418;2.0;0.1
59;2021-01-29;2541;796;53151;2214;2.1;0.1
59;2021-01-30;288;175;53439;2389;2.1;0.1
59;2021-01-31;24;0;53463;2389;2.1;0.1
59;2021-02-01;78;863;53541;3252;2.1;0.1
59;2021-02-02;684;1431;54225;4683;2.1;0.2
59;2021-02-03;3748;1437;57973;6120;2.2;0.2
59;2021-02-04;2958;1743;60931;7863;2.4;0.3
59;2021-02-05;1050;1408;61981;9271;2.4;0.4
59;2021-02-06;206;355;62187;9626;2.4;0.4
59;2021-02-07;268;49;62455;9675;2.4;0.4
59;2021-02-08;683;1622;63138;11297;2.4;0.4
59;2021-02-09;1011;1844;64149;13141;2.5;0.5
59;2021-02-10;974;1634;65123;14775;2.5;0.6
59;2021-02-11;1346;1815;66469;16590;2.6;0.6
59;2021-02-12;1413;1646;67882;18236;2.6;0.7
59;2021-02-13;207;746;68089;18982;2.6;0.7
59;2021-02-14;13;42;68102;19024;2.6;0.7
59;2021-02-15;1393;3113;69495;22137;2.7;0.9
59;2021-02-16;1434;3768;70929;25905;2.7;1.0
59;2021-02-17;1618;3823;72547;29728;2.8;1.1
59;2021-02-18;3105;5193;75652;34921;2.9;1.3
59;2021-02-19;3210;3621;78862;38542;3.0;1.5
59;2021-02-20;1414;1590;80276;40132;3.1;1.6
59;2021-02-21;242;263;80518;40395;3.1;1.6
59;2021-02-22;1431;2581;81949;42976;3.2;1.7
59;2021-02-23;2659;2865;84608;45841;3.3;1.8
59;2021-02-24;4105;4063;88713;49904;3.4;1.9
59;2021-02-25;6916;3728;95629;53632;3.7;2.1
59;2021-02-26;6494;1899;102123;55531;3.9;2.1
59;2021-02-27;3095;189;105218;55720;4.1;2.2
59;2021-02-28;208;59;105426;55779;4.1;2.2
59;2021-03-01;3692;668;109118;56447;4.2;2.2
59;2021-03-02;4794;572;113912;57019;4.4;2.2
59;2021-03-03;5747;1002;119659;58021;4.6;2.2
59;2021-03-04;7083;946;126742;58967;4.9;2.3
59;2021-03-05;7831;981;134573;59948;5.2;2.3
59;2021-03-06;11558;528;146131;60476;5.6;2.3
59;2021-03-07;7586;349;153717;60825;5.9;2.3
59;2021-03-08;4496;1094;158213;61919;6.1;2.4
59;2021-03-09;6584;1422;164797;63341;6.4;2.4
59;2021-03-10;7024;1198;171821;64539;6.6;2.5
59;2021-03-11;9471;1871;181292;66410;7.0;2.6
59;2021-03-12;12151;1548;193443;67958;7.5;2.6
59;2021-03-13;16554;1085;209997;69043;8.1;2.7
59;2021-03-14;6961;320;216958;69363;8.4;2.7
59;2021-03-15;5614;1508;222572;70871;8.6;2.7
59;2021-03-16;3739;1327;226311;72198;8.7;2.8
59;2021-03-17;3855;2100;230166;74298;8.9;2.9
59;2021-03-18;3957;2494;234123;76792;9.0;3.0
59;2021-03-19;7740;1832;241863;78624;9.3;3.0
59;2021-03-20;16024;1271;257887;79895;10.0;3.1
59;2021-03-21;6315;440;264202;80335;10.2;3.1
59;2021-03-22;5446;1772;269648;82107;10.4;3.2
59;2021-03-23;7768;2817;277416;84924;10.7;3.3
59;2021-03-24;6861;2966;284277;87890;11.0;3.4
59;2021-03-25;10532;2550;294809;90440;11.4;3.5
59;2021-03-26;12248;2838;307057;93278;11.9;3.6
59;2021-03-27;15276;1135;322333;94413;12.5;3.6
59;2021-03-28;7983;354;330316;94767;12.8;3.7
59;2021-03-29;5494;3201;335810;97968;13.0;3.8
59;2021-03-30;7540;3752;343350;101720;13.3;3.9
59;2021-03-31;6153;4103;349503;105823;13.5;4.1
59;2021-04-01;7488;4917;356991;110740;13.8;4.3
59;2021-04-02;7647;5525;364638;116265;14.1;4.5
59;2021-04-03;13015;4298;377653;120563;14.6;4.7
59;2021-04-04;5347;2182;383000;122745;14.8;4.7
59;2021-04-05;6012;1536;389012;124281;15.0;4.8
59;2021-04-06;5403;4494;394415;128775;15.2;5.0
59;2021-04-07;7625;5437;402040;134212;15.5;5.2
59;2021-04-08;10390;5764;412430;139976;15.9;5.4
59;2021-04-09;13419;5933;425849;145909;16.4;5.6
59;2021-04-10;11477;6141;437326;152050;16.9;5.9
59;2021-04-11;4635;3564;441961;155614;17.1;6.0
59;2021-04-12;6307;4350;448268;159964;17.3;6.2
59;2021-04-13;8934;4794;457202;164758;17.7;6.4
59;2021-04-14;8788;4342;465990;169100;18.0;6.5
59;2021-04-15;10308;4845;476298;173945;18.4;6.7
59;2021-04-16;10881;5503;487179;179448;18.8;6.9
59;2021-04-17;7299;9077;494478;188525;19.1;7.3
59;2021-04-18;3231;4170;497709;192695;19.2;7.4
59;2021-04-19;5046;4302;502755;196997;19.4;7.6
59;2021-04-20;6895;4213;509650;201210;19.7;7.8
59;2021-04-21;6274;4432;515924;205642;19.9;7.9
59;2021-04-22;8610;5511;524534;211153;20.3;8.2
59;2021-04-23;8455;5688;532989;216841;20.6;8.4
59;2021-04-24;5539;8066;538528;224907;20.8;8.7
59;2021-04-25;3243;6081;541771;230988;20.9;8.9
59;2021-04-26;6493;3796;548264;234784;21.2;9.1
59;2021-04-27;8359;5199;556623;239983;21.5;9.3
59;2021-04-28;8772;6582;565395;246565;21.8;9.5
59;2021-04-29;9411;8576;574806;255141;22.2;9.9
59;2021-04-30;10603;8550;585409;263691;22.6;10.2
59;2021-05-01;11998;7592;597407;271283;23.1;10.5
59;2021-05-02;8645;5989;606052;277272;23.4;10.7
59;2021-05-03;9555;5068;615607;282340;23.8;10.9
59;2021-05-04;11426;6012;627033;288352;24.2;11.1
59;2021-05-05;10294;6219;637327;294571;24.6;11.4
59;2021-05-06;11195;8462;648522;303033;25.0;11.7
59;2021-05-07;13297;9629;661819;312662;25.6;12.1
59;2021-05-08;14744;4162;676563;316824;26.1;12.2
59;2021-05-09;11491;3339;688054;320163;26.6;12.4
59;2021-05-10;12744;6648;700798;326811;27.1;12.6
59;2021-05-11;15113;8345;715911;335156;27.7;12.9
59;2021-05-12;16630;8647;732541;343803;28.3;13.3
59;2021-05-13;18441;3455;750982;347258;29.0;13.4
59;2021-05-14;15781;6976;766763;354234;29.6;13.7
59;2021-05-15;23446;5299;790209;359533;30.5;13.9
59;2021-05-16;21183;2413;811392;361946;31.3;14.0
59;2021-05-17;15074;5275;826466;367221;31.9;14.2
59;2021-05-18;16926;5676;843392;372897;32.6;14.4
59;2021-05-19;18320;5107;861712;378004;33.3;14.6
59;2021-05-20;17931;7018;879643;385022;34.0;14.9
59;2021-05-21;18370;8302;898013;393324;34.7;15.2
59;2021-05-22;23815;5693;921828;399017;35.6;15.4
59;2021-05-23;17922;2270;939750;401287;36.3;15.5
59;2021-05-24;16688;2132;956438;403419;36.9;15.6
59;2021-05-25;14991;6679;971429;410098;37.5;15.8
59;2021-05-26;15892;7050;987321;417148;38.1;16.1
59;2021-05-27;16147;9179;1003468;426327;38.8;16.5
59;2021-05-28;15887;11474;1019355;437801;39.4;16.9
59;2021-05-29;14371;8724;1033726;446525;39.9;17.2
59;2021-05-30;8406;1844;1042132;448369;40.3;17.3
59;2021-05-31;14209;7983;1056341;456352;40.8;17.6
59;2021-06-01;15093;10426;1071434;466778;41.4;18.0
59;2021-06-02;14765;9945;1086199;476723;42.0;18.4
59;2021-06-03;15628;12145;1101827;488868;42.6;18.9
59;2021-06-04;15607;13499;1117434;502367;43.2;19.4
59;2021-06-05;14982;9342;1132416;511709;43.7;19.8
59;2021-06-06;8831;3206;1141247;514915;44.1;19.9
59;2021-06-07;10526;9444;1151773;524359;44.5;20.3
59;2021-06-08;11763;11098;1163536;535457;44.9;20.7
59;2021-06-09;10765;11919;1174301;547376;45.4;21.1
59;2021-06-10;11497;12345;1185798;559721;45.8;21.6
59;2021-06-11;10976;16016;1196774;575737;46.2;22.2
59;2021-06-12;11077;13683;1207851;589420;46.7;22.8
59;2021-06-13;6341;7032;1214192;596452;46.9;23.0
59;2021-06-14;6507;12700;1220699;609152;47.1;23.5
59;2021-06-15;8239;15956;1228938;625108;47.5;24.1
59;2021-06-16;9203;13555;1238141;638663;47.8;24.7
59;2021-06-17;9188;15662;1247329;654325;48.2;25.3
59;2021-06-18;9081;20058;1256410;674383;48.5;26.0
59;2021-06-19;8955;17491;1265365;691874;48.9;26.7
59;2021-06-20;4900;10190;1270265;702064;49.1;27.1
59;2021-06-21;5278;15970;1275543;718034;49.3;27.7
59;2021-06-22;6332;18686;1281875;736720;49.5;28.5
59;2021-06-23;6167;19088;1288042;755808;49.8;29.2
59;2021-06-24;7335;20538;1295377;776346;50.0;30.0
59;2021-06-25;6507;21208;1301884;797554;50.3;30.8
59;2021-06-26;6487;23755;1308371;821309;50.5;31.7
59;2021-06-27;4756;17079;1313127;838388;50.7;32.4
59;2021-06-28;5002;19830;1318129;858218;50.9;33.1
59;2021-06-29;5553;20375;1323682;878593;51.1;33.9
59;2021-06-30;6134;20101;1329816;898694;51.4;34.7
59;2021-07-01;6786;20841;1336602;919535;51.6;35.5
59;2021-07-02;6837;23248;1343439;942783;51.9;36.4
59;2021-07-03;5560;24620;1348999;967403;52.1;37.4
59;2021-07-04;4415;15978;1353414;983381;52.3;38.0
59;2021-07-05;5665;17491;1359079;1000872;52.5;38.7
59;2021-07-06;6599;18808;1365678;1019680;52.7;39.4
59;2021-07-07;6943;17462;1372621;1037142;53.0;40.1
59;2021-07-08;8022;17704;1380643;1054846;53.3;40.7
59;2021-07-09;7702;20305;1388345;1075151;53.6;41.5
59;2021-07-10;7443;18537;1395788;1093688;53.9;42.2
59;2021-07-11;4454;10229;1400242;1103917;54.1;42.6
59;2021-07-12;5906;18042;1406148;1121959;54.3;43.3
59;2021-07-13;9900;20762;1416048;1142721;54.7;44.1
59;2021-07-14;9782;8460;1425830;1151181;55.1;44.5
59;2021-07-15;11630;20421;1437460;1171602;55.5;45.3
59;2021-07-16;13212;20513;1450672;1192115;56.0;46.0
59;2021-07-17;12386;17464;1463058;1209579;56.5;46.7
59;2021-07-18;7953;8679;1471011;1218258;56.8;47.1
59;2021-07-19;10387;16452;1481398;1234710;57.2;47.7
59;2021-07-20;13393;17123;1494791;1251833;57.7;48.4
59;2021-07-21;14509;15590;1509300;1267423;58.3;49.0
59;2021-07-22;17042;15205;1526342;1282628;59.0;49.5
59;2021-07-23;15704;15834;1542046;1298462;59.6;50.2
59;2021-07-24;16336;12287;1558382;1310749;60.2;50.6
59;2021-07-25;11906;7323;1570288;1318072;60.7;50.9
59;2021-07-26;13020;12611;1583308;1330683;61.2;51.4
59;2021-07-27;16171;11961;1599479;1342644;61.8;51.9
59;2021-07-28;17406;11651;1616885;1354295;62.5;52.3
59;2021-07-29;17363;11665;1634248;1365960;63.1;52.8
59;2021-07-30;15881;11596;1650129;1377556;63.7;53.2
59;2021-07-31;13957;9175;1664086;1386731;64.3;53.6
59;2021-08-01;9931;4534;1674017;1391265;64.7;53.7
59;2021-08-02;12071;10007;1686088;1401272;65.1;54.1
59;2021-08-03;13350;10042;1699438;1411314;65.6;54.5
59;2021-08-04;11173;8276;1710611;1419590;66.1;54.8
59;2021-08-05;12651;9784;1723262;1429374;66.6;55.2
59;2021-08-06;12463;11032;1735725;1440406;67.0;55.6
59;2021-08-07;9691;9298;1745416;1449704;67.4;56.0
59;2021-08-08;6927;5245;1752343;1454949;67.7;56.2
59;2021-08-09;8369;10804;1760712;1465753;68.0;56.6
59;2021-08-10;10346;10769;1771058;1476522;68.4;57.0
59;2021-08-11;8626;9303;1779684;1485825;68.7;57.4
59;2021-08-12;8961;12044;1788645;1497869;69.1;57.9
59;2021-08-13;8428;11716;1797073;1509585;69.4;58.3
59;2021-08-14;5921;10370;1802994;1519955;69.6;58.7
59;2021-08-15;3361;4657;1806355;1524612;69.8;58.9
59;2021-08-16;5834;13839;1812189;1538451;70.0;59.4
59;2021-08-17;6908;12746;1819097;1551197;70.3;59.9
59;2021-08-18;5852;11434;1824949;1562631;70.5;60.4
59;2021-08-19;6274;13807;1831223;1576438;70.7;60.9
59;2021-08-20;5755;14522;1836978;1590960;71.0;61.5
59;2021-08-21;4107;10234;1841085;1601194;71.1;61.8
59;2021-08-22;2819;7617;1843904;1608811;71.2;62.1
60;2020-12-27;0;0;0;0;0.0;0.0
60;2020-12-28;0;0;0;0;0.0;0.0
60;2020-12-29;1;0;1;0;0.0;0.0
60;2020-12-30;0;0;1;0;0.0;0.0
60;2020-12-31;0;0;1;0;0.0;0.0
60;2021-01-01;0;0;1;0;0.0;0.0
60;2021-01-02;5;0;6;0;0.0;0.0
60;2021-01-03;1;0;7;0;0.0;0.0
60;2021-01-04;1;0;8;0;0.0;0.0
60;2021-01-05;37;0;45;0;0.0;0.0
60;2021-01-06;188;4;233;4;0.0;0.0
60;2021-01-07;236;4;469;8;0.1;0.0
60;2021-01-08;380;3;849;11;0.1;0.0
60;2021-01-09;3;0;852;11;0.1;0.0
60;2021-01-10;60;0;912;11;0.1;0.0
60;2021-01-11;342;2;1254;13;0.2;0.0
60;2021-01-12;535;2;1789;15;0.2;0.0
60;2021-01-13;476;5;2265;20;0.3;0.0
60;2021-01-14;507;6;2772;26;0.3;0.0
60;2021-01-15;701;6;3473;32;0.4;0.0
60;2021-01-16;124;1;3597;33;0.4;0.0
60;2021-01-17;32;0;3629;33;0.4;0.0
60;2021-01-18;859;5;4488;38;0.5;0.0
60;2021-01-19;1200;10;5688;48;0.7;0.0
60;2021-01-20;1698;13;7386;61;0.9;0.0
60;2021-01-21;2259;10;9645;71;1.2;0.0
60;2021-01-22;1543;14;11188;85;1.4;0.0
60;2021-01-23;499;4;11687;89;1.4;0.0
60;2021-01-24;61;1;11748;90;1.4;0.0
60;2021-01-25;897;14;12645;104;1.5;0.0
60;2021-01-26;950;14;13595;118;1.6;0.0
60;2021-01-27;646;8;14241;126;1.7;0.0
60;2021-01-28;395;168;14636;294;1.8;0.0
60;2021-01-29;77;106;14713;400;1.8;0.0
60;2021-01-30;0;1;14713;401;1.8;0.0
60;2021-01-31;22;61;14735;462;1.8;0.1
60;2021-02-01;38;108;14773;570;1.8;0.1
60;2021-02-02;26;159;14799;729;1.8;0.1
60;2021-02-03;162;237;14961;966;1.8;0.1
60;2021-02-04;170;340;15131;1306;1.8;0.2
60;2021-02-05;314;476;15445;1782;1.9;0.2
60;2021-02-06;63;79;15508;1861;1.9;0.2
60;2021-02-07;31;32;15539;1893;1.9;0.2
60;2021-02-08;328;516;15867;2409;1.9;0.3
60;2021-02-09;319;468;16186;2877;2.0;0.3
60;2021-02-10;553;995;16739;3872;2.0;0.5
60;2021-02-11;937;1130;17676;5002;2.1;0.6
60;2021-02-12;913;857;18589;5859;2.3;0.7
60;2021-02-13;90;309;18679;6168;2.3;0.7
60;2021-02-14;24;91;18703;6259;2.3;0.8
60;2021-02-15;613;808;19316;7067;2.3;0.9
60;2021-02-16;580;926;19896;7993;2.4;1.0
60;2021-02-17;633;932;20529;8925;2.5;1.1
60;2021-02-18;684;827;21213;9752;2.6;1.2
60;2021-02-19;641;765;21854;10517;2.6;1.3
60;2021-02-20;104;190;21958;10707;2.7;1.3
60;2021-02-21;22;121;21980;10828;2.7;1.3
60;2021-02-22;461;874;22441;11702;2.7;1.4
60;2021-02-23;533;789;22974;12491;2.8;1.5
60;2021-02-24;794;554;23768;13045;2.9;1.6
60;2021-02-25;1095;310;24863;13355;3.0;1.6
60;2021-02-26;1298;191;26161;13546;3.2;1.6
60;2021-02-27;666;36;26827;13582;3.3;1.6
60;2021-02-28;7;10;26834;13592;3.3;1.6
60;2021-03-01;894;49;27728;13641;3.4;1.7
60;2021-03-02;1013;167;28741;13808;3.5;1.7
60;2021-03-03;1321;451;30062;14259;3.6;1.7
60;2021-03-04;1725;520;31787;14779;3.9;1.8
60;2021-03-05;1820;289;33607;15068;4.1;1.8
60;2021-03-06;1918;139;35525;15207;4.3;1.8
60;2021-03-07;886;32;36411;15239;4.4;1.8
60;2021-03-08;978;317;37389;15556;4.5;1.9
60;2021-03-09;1642;359;39031;15915;4.7;1.9
60;2021-03-10;1938;433;40969;16348;5.0;2.0
60;2021-03-11;2324;384;43293;16732;5.2;2.0
60;2021-03-12;2593;543;45886;17275;5.6;2.1
60;2021-03-13;3838;212;49724;17487;6.0;2.1
60;2021-03-14;1779;58;51503;17545;6.2;2.1
60;2021-03-15;2091;503;53594;18048;6.5;2.2
60;2021-03-16;1583;625;55177;18673;6.7;2.3
60;2021-03-17;1658;619;56835;19292;6.9;2.3
60;2021-03-18;1759;739;58594;20031;7.1;2.4
60;2021-03-19;2591;530;61185;20561;7.4;2.5
60;2021-03-20;3241;193;64426;20754;7.8;2.5
60;2021-03-21;2125;99;66551;20853;8.1;2.5
60;2021-03-22;2133;713;68684;21566;8.3;2.6
60;2021-03-23;3306;728;71990;22294;8.7;2.7
60;2021-03-24;3069;877;75059;23171;9.1;2.8
60;2021-03-25;3849;852;78908;24023;9.6;2.9
60;2021-03-26;4216;876;83124;24899;10.1;3.0
60;2021-03-27;4141;316;87265;25215;10.6;3.1
60;2021-03-28;2448;81;89713;25296;10.9;3.1
60;2021-03-29;2609;1088;92322;26384;11.2;3.2
60;2021-03-30;3285;1077;95607;27461;11.6;3.3
60;2021-03-31;2669;1148;98276;28609;11.9;3.5
60;2021-04-01;2562;1107;100838;29716;12.2;3.6
60;2021-04-02;3307;1104;104145;30820;12.6;3.7
60;2021-04-03;3170;1014;107315;31834;13.0;3.9
60;2021-04-04;875;484;108190;32318;13.1;3.9
60;2021-04-05;458;82;108648;32400;13.2;3.9
60;2021-04-06;1965;1626;110613;34026;13.4;4.1
60;2021-04-07;1984;1751;112597;35777;13.6;4.3
60;2021-04-08;2612;1495;115209;37272;14.0;4.5
60;2021-04-09;2998;1521;118207;38793;14.3;4.7
60;2021-04-10;2928;1587;121135;40380;14.7;4.9
60;2021-04-11;1049;1000;122184;41380;14.8;5.0
60;2021-04-12;2045;1722;124229;43102;15.1;5.2
60;2021-04-13;2748;1783;126977;44885;15.4;5.4
60;2021-04-14;3132;1817;130109;46702;15.8;5.7
60;2021-04-15;3560;1894;133669;48596;16.2;5.9
60;2021-04-16;3289;1950;136958;50546;16.6;6.1
60;2021-04-17;2848;2172;139806;52718;16.9;6.4
60;2021-04-18;573;1834;140379;54552;17.0;6.6
60;2021-04-19;1742;2214;142121;56766;17.2;6.9
60;2021-04-20;2128;2678;144249;59444;17.5;7.2
60;2021-04-21;2653;2207;146902;61651;17.8;7.5
60;2021-04-22;2630;2511;149532;64162;18.1;7.8
60;2021-04-23;2649;2502;152181;66664;18.4;8.1
60;2021-04-24;2471;3457;154652;70121;18.7;8.5
60;2021-04-25;1161;1964;155813;72085;18.9;8.7
60;2021-04-26;1890;2529;157703;74614;19.1;9.0
60;2021-04-27;2310;2847;160013;77461;19.4;9.4
60;2021-04-28;3061;2399;163074;79860;19.8;9.7
60;2021-04-29;3153;2628;166227;82488;20.1;10.0
60;2021-04-30;3459;2968;169686;85456;20.6;10.4
60;2021-05-01;2355;1123;172041;86579;20.9;10.5
60;2021-05-02;2148;843;174189;87422;21.1;10.6
60;2021-05-03;2955;1854;177144;89276;21.5;10.8
60;2021-05-04;3018;2359;180162;91635;21.8;11.1
60;2021-05-05;3259;2808;183421;94443;22.2;11.4
60;2021-05-06;3649;2482;187070;96925;22.7;11.7
60;2021-05-07;3985;2524;191055;99449;23.2;12.1
60;2021-05-08;3583;975;194638;100424;23.6;12.2
60;2021-05-09;3460;954;198098;101378;24.0;12.3
60;2021-05-10;2391;2294;200489;103672;24.3;12.6
60;2021-05-11;3667;2472;204156;106144;24.7;12.9
60;2021-05-12;4718;2551;208874;108695;25.3;13.2
60;2021-05-13;5292;1128;214166;109823;26.0;13.3
60;2021-05-14;5605;1812;219771;111635;26.6;13.5
60;2021-05-15;6173;1716;225944;113351;27.4;13.7
60;2021-05-16;4861;691;230805;114042;28.0;13.8
60;2021-05-17;3716;1677;234521;115719;28.4;14.0
60;2021-05-18;4048;2081;238569;117800;28.9;14.3
60;2021-05-19;5097;1854;243666;119654;29.5;14.5
60;2021-05-20;5458;1797;249124;121451;30.2;14.7
60;2021-05-21;5974;1979;255098;123430;30.9;15.0
60;2021-05-22;5356;1982;260454;125412;31.6;15.2
60;2021-05-23;4267;657;264721;126069;32.1;15.3
60;2021-05-24;2951;534;267672;126603;32.4;15.3
60;2021-05-25;4138;2002;271810;128605;32.9;15.6
60;2021-05-26;4465;1835;276275;130440;33.5;15.8
60;2021-05-27;4613;1997;280888;132437;34.0;16.1
60;2021-05-28;4627;2510;285515;134947;34.6;16.4
60;2021-05-29;4612;2274;290127;137221;35.2;16.6
60;2021-05-30;1086;349;291213;137570;35.3;16.7
60;2021-05-31;3830;2081;295043;139651;35.8;16.9
60;2021-06-01;4443;2854;299486;142505;36.3;17.3
60;2021-06-02;3913;2451;303399;144956;36.8;17.6
60;2021-06-03;3906;2379;307305;147335;37.2;17.9
60;2021-06-04;4654;2906;311959;150241;37.8;18.2
60;2021-06-05;4303;3422;316262;153663;38.3;18.6
60;2021-06-06;2157;795;318419;154458;38.6;18.7
60;2021-06-07;2777;2759;321196;157217;38.9;19.1
60;2021-06-08;3802;3011;324998;160228;39.4;19.4
60;2021-06-09;3244;3400;328242;163628;39.8;19.8
60;2021-06-10;3456;3368;331698;166996;40.2;20.2
60;2021-06-11;3881;4197;335579;171193;40.7;20.7
60;2021-06-12;3779;4278;339358;175471;41.1;21.3
60;2021-06-13;1156;2225;340514;177696;41.3;21.5
60;2021-06-14;1908;3305;342422;181001;41.5;21.9
60;2021-06-15;3014;4165;345436;185166;41.9;22.4
60;2021-06-16;3252;4489;348688;189655;42.3;23.0
60;2021-06-17;2977;4786;351665;194441;42.6;23.6
60;2021-06-18;2985;4604;354650;199045;43.0;24.1
60;2021-06-19;3144;4730;357794;203775;43.4;24.7
60;2021-06-20;1430;1934;359224;205709;43.5;24.9
60;2021-06-21;1408;4041;360632;209750;43.7;25.4
60;2021-06-22;1760;5292;362392;215042;43.9;26.1
60;2021-06-23;1862;5241;364254;220283;44.1;26.7
60;2021-06-24;1804;5605;366058;225888;44.4;27.4
60;2021-06-25;1903;5730;367961;231618;44.6;28.1
60;2021-06-26;1857;6980;369818;238598;44.8;28.9
60;2021-06-27;715;2594;370533;241192;44.9;29.2
60;2021-06-28;1781;4141;372314;245333;45.1;29.7
60;2021-06-29;2014;5467;374328;250800;45.4;30.4
60;2021-06-30;2298;5359;376626;256159;45.6;31.0
60;2021-07-01;1890;4916;378516;261075;45.9;31.6
60;2021-07-02;2368;5882;380884;266957;46.2;32.4
60;2021-07-03;2402;6166;383286;273123;46.5;33.1
60;2021-07-04;792;2726;384078;275849;46.6;33.4
60;2021-07-05;1657;4400;385735;280249;46.8;34.0
60;2021-07-06;2145;4500;387880;284749;47.0;34.5
60;2021-07-07;2171;5121;390051;289870;47.3;35.1
60;2021-07-08;2673;4693;392724;294563;47.6;35.7
60;2021-07-09;2641;5559;395365;300122;47.9;36.4
60;2021-07-10;2581;5874;397946;305996;48.2;37.1
60;2021-07-11;1214;1943;399160;307939;48.4;37.3
60;2021-07-12;1445;4739;400605;312678;48.6;37.9
60;2021-07-13;2911;5020;403516;317698;48.9;38.5
60;2021-07-14;2579;1408;406095;319106;49.2;38.7
60;2021-07-15;3428;4870;409523;323976;49.6;39.3
60;2021-07-16;3696;5244;413219;329220;50.1;39.9
60;2021-07-17;4080;5136;417299;334356;50.6;40.5
60;2021-07-18;2185;2128;419484;336484;50.8;40.8
60;2021-07-19;2538;3896;422022;340380;51.1;41.3
60;2021-07-20;4188;4903;426210;345283;51.7;41.8
60;2021-07-21;4346;4274;430556;349557;52.2;42.4
60;2021-07-22;4622;4330;435178;353887;52.7;42.9
60;2021-07-23;4977;4898;440155;358785;53.3;43.5
60;2021-07-24;4309;4667;444464;363452;53.9;44.1
60;2021-07-25;2600;1825;447064;365277;54.2;44.3
60;2021-07-26;3372;3760;450436;369037;54.6;44.7
60;2021-07-27;4421;4635;454857;373672;55.1;45.3
60;2021-07-28;4538;3766;459395;377438;55.7;45.7
60;2021-07-29;4891;3707;464286;381145;56.3;46.2
60;2021-07-30;5010;4258;469296;385403;56.9;46.7
60;2021-07-31;4051;3961;473347;389364;57.4;47.2
60;2021-08-01;1682;861;475029;390225;57.6;47.3
60;2021-08-02;3162;2749;478191;392974;58.0;47.6
60;2021-08-03;3574;2892;481765;395866;58.4;48.0
60;2021-08-04;3292;2794;485057;398660;58.8;48.3
60;2021-08-05;3017;2255;488074;400915;59.2;48.6
60;2021-08-06;3818;3059;491892;403974;59.6;49.0
60;2021-08-07;3361;3072;495253;407046;60.0;49.3
60;2021-08-08;1533;904;496786;407950;60.2;49.4
60;2021-08-09;2193;2867;498979;410817;60.5;49.8
60;2021-08-10;3258;3303;502237;414120;60.9;50.2
60;2021-08-11;2779;3228;505016;417348;61.2;50.6
60;2021-08-12;2349;2657;507365;420005;61.5;50.9
60;2021-08-13;2738;2996;510103;423001;61.8;51.3
60;2021-08-14;2537;2724;512640;425725;62.1;51.6
60;2021-08-15;1358;547;513998;426272;62.3;51.7
60;2021-08-16;2036;3772;516034;430044;62.5;52.1
60;2021-08-17;2338;3816;518372;433860;62.8;52.6
60;2021-08-18;1933;3284;520305;437144;63.1;53.0
60;2021-08-19;1633;3087;521938;440231;63.3;53.4
60;2021-08-20;1836;3986;523774;444217;63.5;53.8
60;2021-08-21;1593;3474;525367;447691;63.7;54.3
60;2021-08-22;564;1330;525931;449021;63.7;54.4
61;2020-12-27;0;0;0;0;0.0;0.0
61;2020-12-28;0;0;0;0;0.0;0.0
61;2020-12-29;0;0;0;0;0.0;0.0
61;2020-12-30;0;0;0;0;0.0;0.0
61;2020-12-31;0;0;0;0;0.0;0.0
61;2021-01-01;1;0;1;0;0.0;0.0
61;2021-01-02;1;0;2;0;0.0;0.0
61;2021-01-03;0;0;2;0;0.0;0.0
61;2021-01-04;1;0;3;0;0.0;0.0
61;2021-01-05;3;0;6;0;0.0;0.0
61;2021-01-06;76;0;82;0;0.0;0.0
61;2021-01-07;175;2;257;2;0.1;0.0
61;2021-01-08;406;1;663;3;0.2;0.0
61;2021-01-09;165;1;828;4;0.3;0.0
61;2021-01-10;49;0;877;4;0.3;0.0
61;2021-01-11;396;1;1273;5;0.5;0.0
61;2021-01-12;680;2;1953;7;0.7;0.0
61;2021-01-13;739;1;2692;8;1.0;0.0
61;2021-01-14;530;8;3222;16;1.2;0.0
61;2021-01-15;537;4;3759;20;1.4;0.0
61;2021-01-16;289;1;4048;21;1.5;0.0
61;2021-01-17;844;7;4892;28;1.8;0.0
61;2021-01-18;1913;3;6805;31;2.5;0.0
61;2021-01-19;1323;4;8128;35;2.9;0.0
61;2021-01-20;683;0;8811;35;3.2;0.0
61;2021-01-21;844;1;9655;36;3.5;0.0
61;2021-01-22;764;1;10419;37;3.8;0.0
61;2021-01-23;257;2;10676;39;3.9;0.0
61;2021-01-24;228;0;10904;39;3.9;0.0
61;2021-01-25;578;1;11482;40;4.1;0.0
61;2021-01-26;558;0;12040;40;4.3;0.0
61;2021-01-27;569;14;12609;54;4.6;0.0
61;2021-01-28;464;53;13073;107;4.7;0.0
61;2021-01-29;479;204;13552;311;4.9;0.1
61;2021-01-30;212;3;13764;314;5.0;0.1
61;2021-01-31;106;0;13870;314;5.0;0.1
61;2021-02-01;430;190;14300;504;5.2;0.2
61;2021-02-02;387;424;14687;928;5.3;0.3
61;2021-02-03;412;490;15099;1418;5.5;0.5
61;2021-02-04;390;338;15489;1756;5.6;0.6
61;2021-02-05;538;361;16027;2117;5.8;0.8
61;2021-02-06;200;91;16227;2208;5.9;0.8
61;2021-02-07;45;199;16272;2407;5.9;0.9
61;2021-02-08;540;1408;16812;3815;6.1;1.4
61;2021-02-09;405;810;17217;4625;6.2;1.7
61;2021-02-10;277;559;17494;5184;6.3;1.9
61;2021-02-11;432;562;17926;5746;6.5;2.1
61;2021-02-12;402;736;18328;6482;6.6;2.3
61;2021-02-13;132;431;18460;6913;6.7;2.5
61;2021-02-14;2;314;18462;7227;6.7;2.6
61;2021-02-15;171;846;18633;8073;6.7;2.9
61;2021-02-16;203;681;18836;8754;6.8;3.2
61;2021-02-17;44;639;18880;9393;6.8;3.4
61;2021-02-18;161;526;19041;9919;6.9;3.6
61;2021-02-19;101;391;19142;10310;6.9;3.7
61;2021-02-20;40;238;19182;10548;6.9;3.8
61;2021-02-21;2;155;19184;10703;6.9;3.9
61;2021-02-22;88;566;19272;11269;7.0;4.1
61;2021-02-23;111;495;19383;11764;7.0;4.2
61;2021-02-24;173;572;19556;12336;7.1;4.5
61;2021-02-25;265;446;19821;12782;7.2;4.6
61;2021-02-26;266;465;20087;13247;7.3;4.8
61;2021-02-27;109;227;20196;13474;7.3;4.9
61;2021-02-28;4;121;20200;13595;7.3;4.9
61;2021-03-01;217;612;20417;14207;7.4;5.1
61;2021-03-02;148;700;20565;14907;7.4;5.4
61;2021-03-03;142;448;20707;15355;7.5;5.5
61;2021-03-04;431;446;21138;15801;7.6;5.7
61;2021-03-05;701;297;21839;16098;7.9;5.8
61;2021-03-06;436;231;22275;16329;8.0;5.9
61;2021-03-07;155;2;22430;16331;8.1;5.9
61;2021-03-08;298;314;22728;16645;8.2;6.0
61;2021-03-09;622;185;23350;16830;8.4;6.1
61;2021-03-10;672;186;24022;17016;8.7;6.1
61;2021-03-11;1121;129;25143;17145;9.1;6.2
61;2021-03-12;1467;102;26610;17247;9.6;6.2
61;2021-03-13;775;53;27385;17300;9.9;6.2
61;2021-03-14;226;5;27611;17305;10.0;6.2
61;2021-03-15;814;35;28425;17340;10.3;6.3
61;2021-03-16;720;22;29145;17362;10.5;6.3
61;2021-03-17;761;13;29906;17375;10.8;6.3
61;2021-03-18;858;26;30764;17401;11.1;6.3
61;2021-03-19;1027;49;31791;17450;11.5;6.3
61;2021-03-20;471;14;32262;17464;11.7;6.3
61;2021-03-21;71;2;32333;17466;11.7;6.3
61;2021-03-22;796;89;33129;17555;12.0;6.3
61;2021-03-23;920;39;34049;17594;12.3;6.4
61;2021-03-24;1372;67;35421;17661;12.8;6.4
61;2021-03-25;1876;64;37297;17725;13.5;6.4
61;2021-03-26;1798;41;39095;17766;14.1;6.4
61;2021-03-27;1083;18;40178;17784;14.5;6.4
61;2021-03-28;359;9;40537;17793;14.6;6.4
61;2021-03-29;1271;182;41808;17975;15.1;6.5
61;2021-03-30;1471;96;43279;18071;15.6;6.5
61;2021-03-31;1686;51;44965;18122;16.2;6.5
61;2021-04-01;2051;226;47016;18348;17.0;6.6
61;2021-04-02;1518;432;48534;18780;17.5;6.8
61;2021-04-03;638;288;49172;19068;17.8;6.9
61;2021-04-04;193;1;49365;19069;17.8;6.9
61;2021-04-05;532;8;49897;19077;18.0;6.9
61;2021-04-06;1354;620;51251;19697;18.5;7.1
61;2021-04-07;1698;662;52949;20359;19.1;7.4
61;2021-04-08;2268;827;55217;21186;19.9;7.7
61;2021-04-09;2138;837;57355;22023;20.7;8.0
61;2021-04-10;1534;488;58889;22511;21.3;8.1
61;2021-04-11;238;199;59127;22710;21.4;8.2
61;2021-04-12;1289;736;60416;23446;21.8;8.5
61;2021-04-13;1741;705;62157;24151;22.4;8.7
61;2021-04-14;1733;786;63890;24937;23.1;9.0
61;2021-04-15;2268;781;66158;25718;23.9;9.3
61;2021-04-16;2223;685;68381;26403;24.7;9.5
61;2021-04-17;1487;324;69868;26727;25.2;9.7
61;2021-04-18;538;99;70406;26826;25.4;9.7
61;2021-04-19;938;746;71344;27572;25.8;10.0
61;2021-04-20;1523;786;72867;28358;26.3;10.2
61;2021-04-21;1352;1040;74219;29398;26.8;10.6
61;2021-04-22;1293;1220;75512;30618;27.3;11.1
61;2021-04-23;1218;1152;76730;31770;27.7;11.5
61;2021-04-24;1437;816;78167;32586;28.2;11.8
61;2021-04-25;361;333;78528;32919;28.4;11.9
61;2021-04-26;670;1144;79198;34063;28.6;12.3
61;2021-04-27;1464;1144;80662;35207;29.1;12.7
61;2021-04-28;1387;1390;82049;36597;29.6;13.2
61;2021-04-29;1248;1861;83297;38458;30.1;13.9
61;2021-04-30;1721;1170;85018;39628;30.7;14.3
61;2021-05-01;788;320;85806;39948;31.0;14.4
61;2021-05-02;438;225;86244;40173;31.1;14.5
61;2021-05-03;843;1249;87087;41422;31.5;15.0
61;2021-05-04;1326;1754;88413;43176;31.9;15.6
61;2021-05-05;1010;2029;89423;45205;32.3;16.3
61;2021-05-06;1771;2211;91194;47416;32.9;17.1
61;2021-05-07;1376;1968;92570;49384;33.4;17.8
61;2021-05-08;929;471;93499;49855;33.8;18.0
61;2021-05-09;394;292;93893;50147;33.9;18.1
61;2021-05-10;988;1755;94881;51902;34.3;18.7
61;2021-05-11;1375;1516;96256;53418;34.8;19.3
61;2021-05-12;1868;1591;98124;55009;35.4;19.9
61;2021-05-13;889;489;99013;55498;35.8;20.0
61;2021-05-14;1851;1192;100864;56690;36.4;20.5
61;2021-05-15;2103;1118;102967;57808;37.2;20.9
61;2021-05-16;984;300;103951;58108;37.5;21.0
61;2021-05-17;1312;914;105263;59022;38.0;21.3
61;2021-05-18;2423;891;107686;59913;38.9;21.6
61;2021-05-19;2401;802;110087;60715;39.8;21.9
61;2021-05-20;2214;815;112301;61530;40.6;22.2
61;2021-05-21;2149;860;114450;62390;41.3;22.5
61;2021-05-22;1778;717;116228;63107;42.0;22.8
61;2021-05-23;714;53;116942;63160;42.2;22.8
61;2021-05-24;913;110;117855;63270;42.6;22.8
61;2021-05-25;1992;923;119847;64193;43.3;23.2
61;2021-05-26;2043;930;121890;65123;44.0;23.5
61;2021-05-27;2040;1095;123930;66218;44.8;23.9
61;2021-05-28;2052;1380;125982;67598;45.5;24.4
61;2021-05-29;1464;554;127446;68152;46.0;24.6
61;2021-05-30;450;44;127896;68196;46.2;24.6
61;2021-05-31;1560;937;129456;69133;46.8;25.0
61;2021-06-01;1877;1388;131333;70521;47.4;25.5
61;2021-06-02;1675;1136;133008;71657;48.0;25.9
61;2021-06-03;2249;1111;135257;72768;48.8;26.3
61;2021-06-04;1894;1344;137151;74112;49.5;26.8
61;2021-06-05;1668;1240;138819;75352;50.1;27.2
61;2021-06-06;318;230;139137;75582;50.2;27.3
61;2021-06-07;2188;869;141325;76451;51.0;27.6
61;2021-06-08;1847;1569;143172;78020;51.7;28.2
61;2021-06-09;1974;1185;145146;79205;52.4;28.6
61;2021-06-10;1973;1192;147119;80397;53.1;29.0
61;2021-06-11;1821;1581;148940;81978;53.8;29.6
61;2021-06-12;1423;998;150363;82976;54.3;30.0
61;2021-06-13;340;377;150703;83353;54.4;30.1
61;2021-06-14;1106;1189;151809;84542;54.8;30.5
61;2021-06-15;1212;1695;153021;86237;55.3;31.1
61;2021-06-16;1113;1364;154134;87601;55.7;31.6
61;2021-06-17;1019;1729;155153;89330;56.0;32.3
61;2021-06-18;1521;1668;156674;90998;56.6;32.9
61;2021-06-19;1244;1303;157918;92301;57.0;33.3
61;2021-06-20;289;345;158207;92646;57.1;33.5
61;2021-06-21;808;1630;159015;94276;57.4;34.0
61;2021-06-22;1023;1683;160038;95959;57.8;34.7
61;2021-06-23;968;2438;161006;98397;58.1;35.5
61;2021-06-24;650;1359;161656;99756;58.4;36.0
61;2021-06-25;839;2168;162495;101924;58.7;36.8
61;2021-06-26;624;1953;163119;103877;58.9;37.5
61;2021-06-27;139;799;163258;104676;59.0;37.8
61;2021-06-28;478;2248;163736;106924;59.1;38.6
61;2021-06-29;699;2858;164435;109782;59.4;39.6
61;2021-06-30;771;2463;165206;112245;59.7;40.5
61;2021-07-01;633;1695;165839;113940;59.9;41.1
61;2021-07-02;842;2497;166681;116437;60.2;42.0
61;2021-07-03;416;1912;167097;118349;60.3;42.7
61;2021-07-04;75;637;167172;118986;60.4;43.0
61;2021-07-05;684;1774;167856;120760;60.6;43.6
61;2021-07-06;990;2796;168846;123556;61.0;44.6
61;2021-07-07;734;2362;169580;125918;61.2;45.5
61;2021-07-08;840;1945;170420;127863;61.5;46.2
61;2021-07-09;723;2375;171143;130238;61.8;47.0
61;2021-07-10;464;1771;171607;132009;62.0;47.7
61;2021-07-11;244;489;171851;132498;62.1;47.8
61;2021-07-12;436;2291;172287;134789;62.2;48.7
61;2021-07-13;644;2489;172931;137278;62.5;49.6
61;2021-07-14;149;334;173080;137612;62.5;49.7
61;2021-07-15;812;2813;173892;140425;62.8;50.7
61;2021-07-16;967;2574;174859;142999;63.1;51.6
61;2021-07-17;704;2231;175563;145230;63.4;52.4
61;2021-07-18;339;368;175902;145598;63.5;52.6
61;2021-07-19;935;2402;176837;148000;63.9;53.4
61;2021-07-20;1320;2357;178157;150357;64.3;54.3
61;2021-07-21;1501;2182;179658;152539;64.9;55.1
61;2021-07-22;1752;2188;181410;154727;65.5;55.9
61;2021-07-23;1791;2305;183201;157032;66.2;56.7
61;2021-07-24;1454;2004;184655;159036;66.7;57.4
61;2021-07-25;324;394;184979;159430;66.8;57.6
61;2021-07-26;1248;1932;186227;161362;67.3;58.3
61;2021-07-27;2416;1585;188643;162947;68.1;58.8
61;2021-07-28;2453;1354;191096;164301;69.0;59.3
61;2021-07-29;2554;1573;193650;165874;69.9;59.9
61;2021-07-30;2387;1392;196037;167266;70.8;60.4
61;2021-07-31;1281;1298;197318;168564;71.3;60.9
61;2021-08-01;498;260;197816;168824;71.4;61.0
61;2021-08-02;1899;1118;199715;169942;72.1;61.4
61;2021-08-03;2444;911;202159;170853;73.0;61.7
61;2021-08-04;2336;781;204495;171634;73.9;62.0
61;2021-08-05;1892;988;206387;172622;74.5;62.3
61;2021-08-06;2145;1161;208532;173783;75.3;62.8
61;2021-08-07;1415;797;209947;174580;75.8;63.0
61;2021-08-08;444;263;210391;174843;76.0;63.1
61;2021-08-09;1298;1109;211689;175952;76.4;63.5
61;2021-08-10;1315;1106;213004;177058;76.9;63.9
61;2021-08-11;1116;1255;214120;178313;77.3;64.4
61;2021-08-12;1023;1321;215143;179634;77.7;64.9
61;2021-08-13;866;1605;216009;181239;78.0;65.5
61;2021-08-14;712;857;216721;182096;78.3;65.8
61;2021-08-15;93;184;216814;182280;78.3;65.8
61;2021-08-16;909;1539;217723;183819;78.6;66.4
61;2021-08-17;1144;1694;218867;185513;79.0;67.0
61;2021-08-18;806;1477;219673;186990;79.3;67.5
61;2021-08-19;734;1567;220407;188557;79.6;68.1
61;2021-08-20;781;2124;221188;190681;79.9;68.9
61;2021-08-21;490;1339;221678;192020;80.1;69.3
61;2021-08-22;135;445;221813;192465;80.1;69.5
62;2020-12-27;2;0;2;0;0.0;0.0
62;2020-12-28;2;0;4;0;0.0;0.0
62;2020-12-29;0;0;4;0;0.0;0.0
62;2020-12-30;0;0;4;0;0.0;0.0
62;2020-12-31;0;0;4;0;0.0;0.0
62;2021-01-01;0;0;4;0;0.0;0.0
62;2021-01-02;0;0;4;0;0.0;0.0
62;2021-01-03;0;0;4;0;0.0;0.0
62;2021-01-04;2;0;6;0;0.0;0.0
62;2021-01-05;47;0;53;0;0.0;0.0
62;2021-01-06;123;0;176;0;0.0;0.0
62;2021-01-07;351;0;527;0;0.0;0.0
62;2021-01-08;712;6;1239;6;0.1;0.0
62;2021-01-09;164;1;1403;7;0.1;0.0
62;2021-01-10;84;0;1487;7;0.1;0.0
62;2021-01-11;555;1;2042;8;0.1;0.0
62;2021-01-12;1249;3;3291;11;0.2;0.0
62;2021-01-13;1138;6;4429;17;0.3;0.0
62;2021-01-14;1387;8;5816;25;0.4;0.0
62;2021-01-15;1295;8;7111;33;0.5;0.0
62;2021-01-16;308;3;7419;36;0.5;0.0
62;2021-01-17;107;1;7526;37;0.5;0.0
62;2021-01-18;1666;10;9192;47;0.6;0.0
62;2021-01-19;2103;5;11295;52;0.8;0.0
62;2021-01-20;2055;6;13350;58;0.9;0.0
62;2021-01-21;2230;5;15580;63;1.1;0.0
62;2021-01-22;1834;9;17414;72;1.2;0.0
62;2021-01-23;512;1;17926;73;1.2;0.0
62;2021-01-24;0;0;17926;73;1.2;0.0
62;2021-01-25;1282;7;19208;80;1.3;0.0
62;2021-01-26;1542;15;20750;95;1.4;0.0
62;2021-01-27;1499;174;22249;269;1.5;0.0
62;2021-01-28;4155;382;26404;651;1.8;0.0
62;2021-01-29;2025;333;28429;984;2.0;0.1
62;2021-01-30;159;151;28588;1135;2.0;0.1
62;2021-01-31;22;3;28610;1138;2.0;0.1
62;2021-02-01;46;357;28656;1495;2.0;0.1
62;2021-02-02;59;787;28715;2282;2.0;0.2
62;2021-02-03;44;629;28759;2911;2.0;0.2
62;2021-02-04;81;813;28840;3724;2.0;0.3
62;2021-02-05;80;751;28920;4475;2.0;0.3
62;2021-02-06;27;193;28947;4668;2.0;0.3
62;2021-02-07;237;28;29184;4696;2.0;0.3
62;2021-02-08;130;844;29314;5540;2.0;0.4
62;2021-02-09;226;1096;29540;6636;2.0;0.5
62;2021-02-10;385;1172;29925;7808;2.1;0.5
62;2021-02-11;724;1005;30649;8813;2.1;0.6
62;2021-02-12;966;778;31615;9591;2.2;0.7
62;2021-02-13;159;269;31774;9860;2.2;0.7
62;2021-02-14;0;0;31774;9860;2.2;0.7
62;2021-02-15;666;1272;32440;11132;2.2;0.8
62;2021-02-16;921;1785;33361;12917;2.3;0.9
62;2021-02-17;1074;2115;34435;15032;2.4;1.0
62;2021-02-18;2217;3795;36652;18827;2.5;1.3
62;2021-02-19;2308;2544;38960;21371;2.7;1.5
62;2021-02-20;615;477;39575;21848;2.7;1.5
62;2021-02-21;87;50;39662;21898;2.7;1.5
62;2021-02-22;847;968;40509;22866;2.8;1.6
62;2021-02-23;1419;1217;41928;24083;2.9;1.7
62;2021-02-24;1546;648;43474;24731;3.0;1.7
62;2021-02-25;3169;417;46643;25148;3.2;1.7
62;2021-02-26;2910;345;49553;25493;3.4;1.8
62;2021-02-27;1830;99;51383;25592;3.5;1.8
62;2021-02-28;52;42;51435;25634;3.5;1.8
62;2021-03-01;1321;121;52756;25755;3.6;1.8
62;2021-03-02;3156;178;55912;25933;3.8;1.8
62;2021-03-03;3270;127;59182;26060;4.1;1.8
62;2021-03-04;3808;214;62990;26274;4.3;1.8
62;2021-03-05;4644;229;67634;26503;4.7;1.8
62;2021-03-06;9621;260;77255;26763;5.3;1.8
62;2021-03-07;8075;224;85330;26987;5.9;1.9
62;2021-03-08;2195;263;87525;27250;6.0;1.9
62;2021-03-09;3808;384;91333;27634;6.3;1.9
62;2021-03-10;4232;615;95565;28249;6.6;1.9
62;2021-03-11;5995;1538;101560;29787;7.0;2.1
62;2021-03-12;6635;1424;108195;31211;7.4;2.1
62;2021-03-13;14720;813;122915;32024;8.5;2.2
62;2021-03-14;9584;401;132499;32425;9.1;2.2
62;2021-03-15;3764;1021;136263;33446;9.4;2.3
62;2021-03-16;2735;860;138998;34306;9.6;2.4
62;2021-03-17;2804;734;141802;35040;9.8;2.4
62;2021-03-18;2725;946;144527;35986;9.9;2.5
62;2021-03-19;4780;928;149307;36914;10.3;2.5
62;2021-03-20;11064;611;160371;37525;11.0;2.6
62;2021-03-21;9448;366;169819;37891;11.7;2.6
62;2021-03-22;2941;1106;172760;38997;11.9;2.7
62;2021-03-23;4995;1500;177755;40497;12.2;2.8
62;2021-03-24;4693;1404;182448;41901;12.6;2.9
62;2021-03-25;6555;1475;189003;43376;13.0;3.0
62;2021-03-26;7053;1501;196056;44877;13.5;3.1
62;2021-03-27;12591;743;208647;45620;14.4;3.1
62;2021-03-28;6937;283;215584;45903;14.8;3.2
62;2021-03-29;3472;1214;219056;47117;15.1;3.2
62;2021-03-30;4548;2213;223604;49330;15.4;3.4
62;2021-03-31;4223;2480;227827;51810;15.7;3.6
62;2021-04-01;4975;2772;232802;54582;16.0;3.8
62;2021-04-02;5067;3238;237869;57820;16.4;4.0
62;2021-04-03;8210;3352;246079;61172;16.9;4.2
62;2021-04-04;4581;1932;250660;63104;17.3;4.3
62;2021-04-05;944;466;251604;63570;17.3;4.4
62;2021-04-06;4122;3002;255726;66572;17.6;4.6
62;2021-04-07;5060;3514;260786;70086;18.0;4.8
62;2021-04-08;6486;3996;267272;74082;18.4;5.1
62;2021-04-09;7625;3476;274897;77558;18.9;5.3
62;2021-04-10;6633;8076;281530;85634;19.4;5.9
62;2021-04-11;2809;6906;284339;92540;19.6;6.4
62;2021-04-12;3423;2382;287762;94922;19.8;6.5
62;2021-04-13;6171;3166;293933;98088;20.2;6.8
62;2021-04-14;5306;3068;299239;101156;20.6;7.0
62;2021-04-15;5737;2985;304976;104141;21.0;7.2
62;2021-04-16;5418;3195;310394;107336;21.4;7.4
62;2021-04-17;4358;7360;314752;114696;21.7;7.9
62;2021-04-18;1955;6851;316707;121547;21.8;8.4
62;2021-04-19;2779;1928;319486;123475;22.0;8.5
62;2021-04-20;4150;3888;323636;127363;22.3;8.8
62;2021-04-21;3747;3984;327383;131347;22.5;9.0
62;2021-04-22;3947;5194;331330;136541;22.8;9.4
62;2021-04-23;4057;5313;335387;141854;23.1;9.8
62;2021-04-24;4404;6733;339791;148587;23.4;10.2
62;2021-04-25;1911;3502;341702;152089;23.5;10.5
62;2021-04-26;2224;2431;343926;154520;23.7;10.6
62;2021-04-27;4412;3713;348338;158233;24.0;10.9
62;2021-04-28;4587;4379;352925;162612;24.3;11.2
62;2021-04-29;4790;5897;357715;168509;24.6;11.6
62;2021-04-30;5213;5720;362928;174229;25.0;12.0
62;2021-05-01;5727;3471;368655;177700;25.4;12.2
62;2021-05-02;7825;3152;376480;180852;25.9;12.4
62;2021-05-03;4508;2346;380988;183198;26.2;12.6
62;2021-05-04;5397;4981;386385;188179;26.6;13.0
62;2021-05-05;4733;4839;391118;193018;26.9;13.3
62;2021-05-06;5620;4950;396738;197968;27.3;13.6
62;2021-05-07;7683;4683;404421;202651;27.8;13.9
62;2021-05-08;10648;2322;415069;204973;28.6;14.1
62;2021-05-09;8627;1636;423696;206609;29.2;14.2
62;2021-05-10;4867;4025;428563;210634;29.5;14.5
62;2021-05-11;6415;5051;434978;215685;29.9;14.8
62;2021-05-12;8623;4607;443601;220292;30.5;15.2
62;2021-05-13;9998;1491;453599;221783;31.2;15.3
62;2021-05-14;11882;3407;465481;225190;32.0;15.5
62;2021-05-15;19785;3290;485266;228480;33.4;15.7
62;2021-05-16;16396;1414;501662;229894;34.5;15.8
62;2021-05-17;8180;2663;509842;232557;35.1;16.0
62;2021-05-18;9328;3134;519170;235691;35.7;16.2
62;2021-05-19;8616;2927;527786;238618;36.3;16.4
62;2021-05-20;8342;3850;536128;242468;36.9;16.7
62;2021-05-21;9397;4225;545525;246693;37.6;17.0
62;2021-05-22;17874;3539;563399;250232;38.8;17.2
62;2021-05-23;12378;1159;575777;251391;39.6;17.3
62;2021-05-24;3910;584;579687;251975;39.9;17.3
62;2021-05-25;7223;4088;586910;256063;40.4;17.6
62;2021-05-26;6779;4915;593689;260978;40.9;18.0
62;2021-05-27;6384;5695;600073;266673;41.3;18.4
62;2021-05-28;6521;6769;606594;273442;41.8;18.8
62;2021-05-29;10852;5551;617446;278993;42.5;19.2
62;2021-05-30;4037;983;621483;279976;42.8;19.3
62;2021-05-31;4795;3976;626278;283952;43.1;19.5
62;2021-06-01;6521;6537;632799;290489;43.6;20.0
62;2021-06-02;7439;5819;640238;296308;44.1;20.4
62;2021-06-03;7858;5896;648096;302204;44.6;20.8
62;2021-06-04;7906;6260;656002;308464;45.2;21.2
62;2021-06-05;8273;6236;664275;314700;45.7;21.7
62;2021-06-06;3129;1290;667404;315990;45.9;21.8
62;2021-06-07;4621;3770;672025;319760;46.3;22.0
62;2021-06-08;6207;5904;678232;325664;46.7;22.4
62;2021-06-09;5495;4769;683727;330433;47.1;22.7
62;2021-06-10;5206;5882;688933;336315;47.4;23.1
62;2021-06-11;6212;8875;695145;345190;47.8;23.8
62;2021-06-12;5935;8647;701080;353837;48.3;24.4
62;2021-06-13;3229;3801;704309;357638;48.5;24.6
62;2021-06-14;2608;6776;706917;364414;48.7;25.1
62;2021-06-15;4674;8545;711591;372959;49.0;25.7
62;2021-06-16;5084;7431;716675;380390;49.3;26.2
62;2021-06-17;5235;8041;721910;388431;49.7;26.7
62;2021-06-18;4823;10490;726733;398921;50.0;27.5
62;2021-06-19;5799;13444;732532;412365;50.4;28.4
62;2021-06-20;2100;4370;734632;416735;50.6;28.7
62;2021-06-21;2971;8933;737603;425668;50.8;29.3
62;2021-06-22;3429;10177;741032;435845;51.0;30.0
62;2021-06-23;3388;10322;744420;446167;51.2;30.7
62;2021-06-24;3343;11785;747763;457952;51.5;31.5
62;2021-06-25;3726;15767;751489;473719;51.7;32.6
62;2021-06-26;3550;18423;755039;492142;52.0;33.9
62;2021-06-27;1121;9816;756160;501958;52.0;34.6
62;2021-06-28;1924;8870;758084;510828;52.2;35.2
62;2021-06-29;2973;11465;761057;522293;52.4;36.0
62;2021-06-30;4142;10812;765199;533105;52.7;36.7
62;2021-07-01;4477;10486;769676;543591;53.0;37.4
62;2021-07-02;4161;11987;773837;555578;53.3;38.2
62;2021-07-03;2995;18055;776832;573633;53.5;39.5
62;2021-07-04;1450;9195;778282;582828;53.6;40.1
62;2021-07-05;2417;6921;780699;589749;53.7;40.6
62;2021-07-06;3820;10020;784519;599769;54.0;41.3
62;2021-07-07;3914;8911;788433;608680;54.3;41.9
62;2021-07-08;5243;9094;793676;617774;54.6;42.5
62;2021-07-09;4464;10848;798140;628622;54.9;43.3
62;2021-07-10;4959;11890;803099;640512;55.3;44.1
62;2021-07-11;1337;2088;804436;642600;55.4;44.2
62;2021-07-12;2326;7135;806762;649735;55.5;44.7
62;2021-07-13;5169;12157;811931;661892;55.9;45.6
62;2021-07-14;3633;3159;815564;665051;56.1;45.8
62;2021-07-15;7582;11506;823146;676557;56.7;46.6
62;2021-07-16;7619;11050;830765;687607;57.2;47.3
62;2021-07-17;9702;10320;840467;697927;57.9;48.0
62;2021-07-18;2711;3459;843178;701386;58.0;48.3
62;2021-07-19;6004;7018;849182;708404;58.5;48.8
62;2021-07-20;7930;10727;857112;719131;59.0;49.5
62;2021-07-21;9757;9409;866869;728540;59.7;50.1
62;2021-07-22;9786;9019;876655;737559;60.3;50.8
62;2021-07-23;10609;8422;887264;745981;61.1;51.3
62;2021-07-24;9652;10317;896916;756298;61.7;52.1
62;2021-07-25;5545;1861;902461;758159;62.1;52.2
62;2021-07-26;6227;5387;908688;763546;62.5;52.6
62;2021-07-27;9770;8129;918458;771675;63.2;53.1
62;2021-07-28;10355;7492;928813;779167;63.9;53.6
62;2021-07-29;11957;7647;940770;786814;64.8;54.2
62;2021-07-30;9035;6292;949805;793106;65.4;54.6
62;2021-07-31;6612;4020;956417;797126;65.8;54.9
62;2021-08-01;2334;1099;958751;798225;66.0;54.9
62;2021-08-02;6802;4751;965553;802976;66.5;55.3
62;2021-08-03;8566;7476;974119;810452;67.1;55.8
62;2021-08-04;9421;5468;983540;815920;67.7;56.2
62;2021-08-05;8325;5624;991865;821544;68.3;56.5
62;2021-08-06;7277;5943;999142;827487;68.8;57.0
62;2021-08-07;5463;4948;1004605;832435;69.2;57.3
62;2021-08-08;1872;1302;1006477;833737;69.3;57.4
62;2021-08-09;5225;5037;1011702;838774;69.6;57.7
62;2021-08-10;6196;7363;1017898;846137;70.1;58.2
62;2021-08-11;5394;7391;1023292;853528;70.4;58.8
62;2021-08-12;5981;7013;1029273;860541;70.8;59.2
62;2021-08-13;4447;6043;1033720;866584;71.2;59.7
62;2021-08-14;3810;6856;1037530;873440;71.4;60.1
62;2021-08-15;1139;1208;1038669;874648;71.5;60.2
62;2021-08-16;3160;5867;1041829;880515;71.7;60.6
62;2021-08-17;4143;7342;1045972;887857;72.0;61.1
62;2021-08-18;4322;7227;1050294;895084;72.3;61.6
62;2021-08-19;4319;8589;1054613;903673;72.6;62.2
62;2021-08-20;3354;8451;1057967;912124;72.8;62.8
62;2021-08-21;2408;9746;1060375;921870;73.0;63.5
62;2021-08-22;389;2812;1060764;924682;73.0;63.6
63;2020-12-27;0;0;0;0;0.0;0.0
63;2020-12-28;1;0;1;0;0.0;0.0
63;2020-12-29;0;0;1;0;0.0;0.0
63;2020-12-30;0;0;1;0;0.0;0.0
63;2020-12-31;0;0;1;0;0.0;0.0
63;2021-01-01;1;0;2;0;0.0;0.0
63;2021-01-02;0;0;2;0;0.0;0.0
63;2021-01-03;1;0;3;0;0.0;0.0
63;2021-01-04;0;0;3;0;0.0;0.0
63;2021-01-05;1;0;4;0;0.0;0.0
63;2021-01-06;4;1;8;1;0.0;0.0
63;2021-01-07;310;0;318;1;0.0;0.0
63;2021-01-08;214;0;532;1;0.1;0.0
63;2021-01-09;91;0;623;1;0.1;0.0
63;2021-01-10;82;0;705;1;0.1;0.0
63;2021-01-11;430;1;1135;2;0.2;0.0
63;2021-01-12;661;1;1796;3;0.3;0.0
63;2021-01-13;873;2;2669;5;0.4;0.0
63;2021-01-14;541;8;3210;13;0.5;0.0
63;2021-01-15;431;2;3641;15;0.6;0.0
63;2021-01-16;157;0;3798;15;0.6;0.0
63;2021-01-17;133;0;3931;15;0.6;0.0
63;2021-01-18;615;2;4546;17;0.7;0.0
63;2021-01-19;866;1;5412;18;0.8;0.0
63;2021-01-20;1058;2;6470;20;1.0;0.0
63;2021-01-21;1012;3;7482;23;1.1;0.0
63;2021-01-22;968;3;8450;26;1.3;0.0
63;2021-01-23;192;0;8642;26;1.3;0.0
63;2021-01-24;164;1;8806;27;1.3;0.0
63;2021-01-25;816;1;9622;28;1.5;0.0
63;2021-01-26;972;2;10594;30;1.6;0.0
63;2021-01-27;1001;5;11595;35;1.8;0.0
63;2021-01-28;1320;67;12915;102;2.0;0.0
63;2021-01-29;1066;66;13981;168;2.1;0.0
63;2021-01-30;68;0;14049;168;2.1;0.0
63;2021-01-31;6;0;14055;168;2.1;0.0
63;2021-02-01;572;182;14627;350;2.2;0.1
63;2021-02-02;885;234;15512;584;2.3;0.1
63;2021-02-03;1473;282;16985;866;2.6;0.1
63;2021-02-04;2118;516;19103;1382;2.9;0.2
63;2021-02-05;1144;272;20247;1654;3.1;0.3
63;2021-02-06;117;0;20364;1654;3.1;0.3
63;2021-02-07;9;1;20373;1655;3.1;0.3
63;2021-02-08;538;408;20911;2063;3.2;0.3
63;2021-02-09;671;435;21582;2498;3.3;0.4
63;2021-02-10;608;602;22190;3100;3.4;0.5
63;2021-02-11;751;470;22941;3570;3.5;0.5
63;2021-02-12;821;807;23762;4377;3.6;0.7
63;2021-02-13;82;1;23844;4378;3.6;0.7
63;2021-02-14;0;65;23844;4443;3.6;0.7
63;2021-02-15;203;787;24047;5230;3.6;0.8
63;2021-02-16;413;1139;24460;6369;3.7;1.0
63;2021-02-17;349;874;24809;7243;3.8;1.1
63;2021-02-18;607;826;25416;8069;3.8;1.2
63;2021-02-19;448;971;25864;9040;3.9;1.4
63;2021-02-20;35;32;25899;9072;3.9;1.4
63;2021-02-21;2;17;25901;9089;3.9;1.4
63;2021-02-22;291;934;26192;10023;4.0;1.5
63;2021-02-23;580;1138;26772;11161;4.1;1.7
63;2021-02-24;697;1421;27469;12582;4.2;1.9
63;2021-02-25;1602;1665;29071;14247;4.4;2.2
63;2021-02-26;1625;1367;30696;15614;4.6;2.4
63;2021-02-27;642;68;31338;15682;4.7;2.4
63;2021-02-28;4;178;31342;15860;4.7;2.4
63;2021-03-01;586;523;31928;16383;4.8;2.5
63;2021-03-02;906;803;32834;17186;5.0;2.6
63;2021-03-03;1036;725;33870;17911;5.1;2.7
63;2021-03-04;1752;496;35622;18407;5.4;2.8
63;2021-03-05;2612;690;38234;19097;5.8;2.9
63;2021-03-06;1550;53;39784;19150;6.0;2.9
63;2021-03-07;511;19;40295;19169;6.1;2.9
63;2021-03-08;967;649;41262;19818;6.2;3.0
63;2021-03-09;1538;1063;42800;20881;6.5;3.2
63;2021-03-10;1651;612;44451;21493;6.7;3.3
63;2021-03-11;3051;891;47502;22384;7.2;3.4
63;2021-03-12;3513;387;51015;22771;7.7;3.4
63;2021-03-13;2049;83;53064;22854;8.0;3.5
63;2021-03-14;61;22;53125;22876;8.0;3.5
63;2021-03-15;1762;368;54887;23244;8.3;3.5
63;2021-03-16;1746;415;56633;23659;8.6;3.6
63;2021-03-17;1639;682;58272;24341;8.8;3.7
63;2021-03-18;1939;747;60211;25088;9.1;3.8
63;2021-03-19;2740;494;62951;25582;9.5;3.9
63;2021-03-20;1121;72;64072;25654;9.7;3.9
63;2021-03-21;50;45;64122;25699;9.7;3.9
63;2021-03-22;1984;257;66106;25956;10.0;3.9
63;2021-03-23;2885;346;68991;26302;10.4;4.0
63;2021-03-24;3219;338;72210;26640;10.9;4.0
63;2021-03-25;4596;388;76806;27028;11.6;4.1
63;2021-03-26;4691;567;81497;27595;12.3;4.2
63;2021-03-27;2455;230;83952;27825;12.7;4.2
63;2021-03-28;1047;82;84999;27907;12.9;4.2
63;2021-03-29;2480;522;87479;28429;13.2;4.3
63;2021-03-30;3282;629;90761;29058;13.7;4.4
63;2021-03-31;2967;753;93728;29811;14.2;4.5
63;2021-04-01;3838;530;97566;30341;14.8;4.6
63;2021-04-02;3483;712;101049;31053;15.3;4.7
63;2021-04-03;1174;180;102223;31233;15.5;4.7
63;2021-04-04;877;27;103100;31260;15.6;4.7
63;2021-04-05;803;85;103903;31345;15.7;4.7
63;2021-04-06;2475;939;106378;32284;16.1;4.9
63;2021-04-07;3206;869;109584;33153;16.6;5.0
63;2021-04-08;4722;1220;114306;34373;17.3;5.2
63;2021-04-09;5313;997;119619;35370;18.1;5.4
63;2021-04-10;2221;481;121840;35851;18.5;5.4
63;2021-04-11;834;37;122674;35888;18.6;5.4
63;2021-04-12;1602;1312;124276;37200;18.8;5.6
63;2021-04-13;1985;1967;126261;39167;19.1;5.9
63;2021-04-14;2628;1434;128889;40601;19.5;6.1
63;2021-04-15;3806;1542;132695;42143;20.1;6.4
63;2021-04-16;2841;2156;135536;44299;20.5;6.7
63;2021-04-17;1233;673;136769;44972;20.7;6.8
63;2021-04-18;802;61;137571;45033;20.8;6.8
63;2021-04-19;1655;2105;139226;47138;21.1;7.1
63;2021-04-20;1701;2300;140927;49438;21.3;7.5
63;2021-04-21;1517;2406;142444;51844;21.6;7.9
63;2021-04-22;1913;2265;144357;54109;21.9;8.2
63;2021-04-23;2018;3114;146375;57223;22.2;8.7
63;2021-04-24;1192;1128;147567;58351;22.4;8.8
63;2021-04-25;554;412;148121;58763;22.4;8.9
63;2021-04-26;1438;2241;149559;61004;22.7;9.2
63;2021-04-27;2320;2613;151879;63617;23.0;9.6
63;2021-04-28;2338;3163;154217;66780;23.4;10.1
63;2021-04-29;2877;2840;157094;69620;23.8;10.5
63;2021-04-30;2862;2820;159956;72440;24.2;11.0
63;2021-05-01;1127;1050;161083;73490;24.4;11.1
63;2021-05-02;897;640;161980;74130;24.5;11.2
63;2021-05-03;2685;2250;164665;76380;24.9;11.6
63;2021-05-04;2877;2698;167542;79078;25.4;12.0
63;2021-05-05;2935;3122;170477;82200;25.8;12.5
63;2021-05-06;3669;3057;174146;85257;26.4;12.9
63;2021-05-07;4034;3543;178180;88800;27.0;13.4
63;2021-05-08;2000;653;180180;89453;27.3;13.5
63;2021-05-09;1802;608;181982;90061;27.6;13.6
63;2021-05-10;4197;2764;186179;92825;28.2;14.1
63;2021-05-11;5337;2764;191516;95589;29.0;14.5
63;2021-05-12;5268;2910;196784;98499;29.8;14.9
63;2021-05-13;4131;698;200915;99197;30.4;15.0
63;2021-05-14;4771;1513;205686;100710;31.2;15.3
63;2021-05-15;3720;986;209406;101696;31.7;15.4
63;2021-05-16;3521;443;212927;102139;32.2;15.5
63;2021-05-17;3898;1990;216825;104129;32.8;15.8
63;2021-05-18;5119;1616;221944;105745;33.6;16.0
63;2021-05-19;5220;1624;227164;107369;34.4;16.3
63;2021-05-20;6799;2085;233963;109454;35.4;16.6
63;2021-05-21;6255;2330;240218;111784;36.4;16.9
63;2021-05-22;3353;849;243571;112633;36.9;17.1
63;2021-05-23;2384;245;245955;112878;37.3;17.1
63;2021-05-24;2639;580;248594;113458;37.7;17.2
63;2021-05-25;4268;2645;252862;116103;38.3;17.6
63;2021-05-26;5452;2419;258314;118522;39.1;18.0
63;2021-05-27;6501;2799;264815;121321;40.1;18.4
63;2021-05-28;5420;3899;270235;125220;40.9;19.0
63;2021-05-29;3360;1502;273595;126722;41.4;19.2
63;2021-05-30;1579;217;275174;126939;41.7;19.2
63;2021-05-31;4151;2286;279325;129225;42.3;19.6
63;2021-06-01;3804;2962;283129;132187;42.9;20.0
63;2021-06-02;3889;2529;287018;134716;43.5;20.4
63;2021-06-03;4901;3143;291919;137859;44.2;20.9
63;2021-06-04;5097;3621;297016;141480;45.0;21.4
63;2021-06-05;2811;1745;299827;143225;45.4;21.7
63;2021-06-06;1308;697;301135;143922;45.6;21.8
63;2021-06-07;3165;2518;304300;146440;46.1;22.2
63;2021-06-08;2878;2756;307178;149196;46.5;22.6
63;2021-06-09;3024;2275;310202;151471;47.0;22.9
63;2021-06-10;3222;2688;313424;154159;47.5;23.3
63;2021-06-11;3099;4048;316523;158207;47.9;24.0
63;2021-06-12;1638;1969;318161;160176;48.2;24.3
63;2021-06-13;480;1097;318641;161273;48.3;24.4
63;2021-06-14;1825;3474;320466;164747;48.5;25.0
63;2021-06-15;2210;3480;322676;168227;48.9;25.5
63;2021-06-16;2572;3313;325248;171540;49.3;26.0
63;2021-06-17;2399;4315;327647;175855;49.6;26.6
63;2021-06-18;2476;5829;330123;181684;50.0;27.5
63;2021-06-19;1637;2834;331760;184518;50.2;27.9
63;2021-06-20;676;2441;332436;186959;50.4;28.3
63;2021-06-21;1272;5388;333708;192347;50.5;29.1
63;2021-06-22;1233;5540;334941;197887;50.7;30.0
63;2021-06-23;1529;4761;336470;202648;51.0;30.7
63;2021-06-24;1926;5382;338396;208030;51.3;31.5
63;2021-06-25;1748;5897;340144;213927;51.5;32.4
63;2021-06-26;1072;3352;341216;217279;51.7;32.9
63;2021-06-27;712;3487;341928;220766;51.8;33.4
63;2021-06-28;1137;5662;343065;226428;52.0;34.3
63;2021-06-29;1226;5160;344291;231588;52.1;35.1
63;2021-06-30;1600;5291;345891;236879;52.4;35.9
63;2021-07-01;1912;8067;347803;244946;52.7;37.1
63;2021-07-02;2053;6543;349856;251489;53.0;38.1
63;2021-07-03;960;2927;350816;254416;53.1;38.5
63;2021-07-04;1055;1883;351871;256299;53.3;38.8
63;2021-07-05;1534;6279;353405;262578;53.5;39.8
63;2021-07-06;1600;4802;355005;267380;53.8;40.5
63;2021-07-07;1972;4086;356977;271466;54.1;41.1
63;2021-07-08;2207;4590;359184;276056;54.4;41.8
63;2021-07-09;1923;5718;361107;281774;54.7;42.7
63;2021-07-10;1533;3414;362640;285188;54.9;43.2
63;2021-07-11;908;1534;363548;286722;55.1;43.4
63;2021-07-12;1580;8707;365128;295429;55.3;44.7
63;2021-07-13;3599;6141;368727;301570;55.8;45.7
63;2021-07-14;3616;1787;372343;303357;56.4;45.9
63;2021-07-15;4400;5034;376743;308391;57.1;46.7
63;2021-07-16;4687;5783;381430;314174;57.8;47.6
63;2021-07-17;3013;2472;384443;316646;58.2;48.0
63;2021-07-18;2826;1089;387269;317735;58.7;48.1
63;2021-07-19;3999;4854;391268;322589;59.3;48.9
63;2021-07-20;4730;5451;395998;328040;60.0;49.7
63;2021-07-21;4789;3983;400787;332023;60.7;50.3
63;2021-07-22;5502;4400;406289;336423;61.5;51.0
63;2021-07-23;5151;4651;411440;341074;62.3;51.7
63;2021-07-24;3670;1950;415110;343024;62.9;52.0
63;2021-07-25;3059;1436;418169;344460;63.3;52.2
63;2021-07-26;4031;3229;422200;347689;63.9;52.7
63;2021-07-27;3921;3156;426121;350845;64.5;53.1
63;2021-07-28;3838;2716;429959;353561;65.1;53.6
63;2021-07-29;4444;3154;434403;356715;65.8;54.0
63;2021-07-30;3795;3579;438198;360294;66.4;54.6
63;2021-07-31;2153;1714;440351;362008;66.7;54.8
63;2021-08-01;1194;832;441545;362840;66.9;55.0
63;2021-08-02;2213;3071;443758;365911;67.2;55.4
63;2021-08-03;2714;3262;446472;369173;67.6;55.9
63;2021-08-04;2799;3242;449271;372415;68.0;56.4
63;2021-08-05;2413;3477;451684;375892;68.4;56.9
63;2021-08-06;2344;4153;454028;380045;68.8;57.6
63;2021-08-07;1298;2797;455326;382842;69.0;58.0
63;2021-08-08;320;1204;455646;384046;69.0;58.2
63;2021-08-09;1837;4224;457483;388270;69.3;58.8
63;2021-08-10;2213;3992;459696;392262;69.6;59.4
63;2021-08-11;2092;3625;461788;395887;69.9;60.0
63;2021-08-12;1843;4620;463631;400507;70.2;60.7
63;2021-08-13;1659;4003;465290;404510;70.5;61.3
63;2021-08-14;834;3234;466124;407744;70.6;61.8
63;2021-08-15;183;1449;466307;409193;70.6;62.0
63;2021-08-16;1162;4384;467469;413577;70.8;62.6
63;2021-08-17;1593;4041;469062;417618;71.0;63.3
63;2021-08-18;1440;3301;470502;420919;71.3;63.8
63;2021-08-19;1319;3444;471821;424363;71.5;64.3
63;2021-08-20;1366;3707;473187;428070;71.7;64.8
63;2021-08-21;671;2159;473858;430229;71.8;65.2
63;2021-08-22;211;1089;474069;431318;71.8;65.3
64;2020-12-27;1;0;1;0;0.0;0.0
64;2020-12-28;2;0;3;0;0.0;0.0
64;2020-12-29;0;0;3;0;0.0;0.0
64;2020-12-30;0;0;3;0;0.0;0.0
64;2020-12-31;0;0;3;0;0.0;0.0
64;2021-01-01;0;0;3;0;0.0;0.0
64;2021-01-02;0;0;3;0;0.0;0.0
64;2021-01-03;0;0;3;0;0.0;0.0
64;2021-01-04;29;0;32;0;0.0;0.0
64;2021-01-05;25;0;57;0;0.0;0.0
64;2021-01-06;188;0;245;0;0.0;0.0
64;2021-01-07;842;0;1087;0;0.2;0.0
64;2021-01-08;879;2;1966;2;0.3;0.0
64;2021-01-09;54;0;2020;2;0.3;0.0
64;2021-01-10;2;0;2022;2;0.3;0.0
64;2021-01-11;541;0;2563;2;0.4;0.0
64;2021-01-12;760;3;3323;5;0.5;0.0
64;2021-01-13;865;2;4188;7;0.6;0.0
64;2021-01-14;1045;3;5233;10;0.8;0.0
64;2021-01-15;929;5;6162;15;0.9;0.0
64;2021-01-16;70;0;6232;15;0.9;0.0
64;2021-01-17;5;0;6237;15;0.9;0.0
64;2021-01-18;942;8;7179;23;1.1;0.0
64;2021-01-19;1447;4;8626;27;1.3;0.0
64;2021-01-20;1617;3;10243;30;1.5;0.0
64;2021-01-21;2602;2;12845;32;1.9;0.0
64;2021-01-22;1649;4;14494;36;2.1;0.0
64;2021-01-23;524;1;15018;37;2.2;0.0
64;2021-01-24;89;0;15107;37;2.2;0.0
64;2021-01-25;973;8;16080;45;2.4;0.0
64;2021-01-26;1357;21;17437;66;2.6;0.0
64;2021-01-27;1241;119;18678;185;2.7;0.0
64;2021-01-28;1648;632;20326;817;3.0;0.1
64;2021-01-29;973;653;21299;1470;3.1;0.2
64;2021-01-30;468;59;21767;1529;3.2;0.2
64;2021-01-31;91;0;21858;1529;3.2;0.2
64;2021-02-01;674;312;22532;1841;3.3;0.3
64;2021-02-02;1133;554;23665;2395;3.5;0.4
64;2021-02-03;1042;640;24707;3035;3.6;0.4
64;2021-02-04;1029;535;25736;3570;3.8;0.5
64;2021-02-05;867;456;26603;4026;3.9;0.6
64;2021-02-06;501;34;27104;4060;4.0;0.6
64;2021-02-07;131;4;27235;4064;4.0;0.6
64;2021-02-08;769;310;28004;4374;4.1;0.6
64;2021-02-09;946;710;28950;5084;4.2;0.7
64;2021-02-10;914;796;29864;5880;4.4;0.9
64;2021-02-11;1200;1488;31064;7368;4.5;1.1
64;2021-02-12;1076;1065;32140;8433;4.7;1.2
64;2021-02-13;225;319;32365;8752;4.7;1.3
64;2021-02-14;37;47;32402;8799;4.7;1.3
64;2021-02-15;221;1129;32623;9928;4.8;1.5
64;2021-02-16;258;1406;32881;11334;4.8;1.7
64;2021-02-17;289;1249;33170;12583;4.9;1.8
64;2021-02-18;508;1714;33678;14297;4.9;2.1
64;2021-02-19;415;1287;34093;15584;5.0;2.3
64;2021-02-20;119;438;34212;16022;5.0;2.3
64;2021-02-21;20;83;34232;16105;5.0;2.4
64;2021-02-22;477;987;34709;17092;5.1;2.5
64;2021-02-23;720;1145;35429;18237;5.2;2.7
64;2021-02-24;731;1017;36160;19254;5.3;2.8
64;2021-02-25;1094;954;37254;20208;5.5;3.0
64;2021-02-26;1216;915;38470;21123;5.6;3.1
64;2021-02-27;864;405;39334;21528;5.8;3.2
64;2021-02-28;42;84;39376;21612;5.8;3.2
64;2021-03-01;765;797;40141;22409;5.9;3.3
64;2021-03-02;1078;918;41219;23327;6.0;3.4
64;2021-03-03;1251;1004;42470;24331;6.2;3.6
64;2021-03-04;1879;1187;44349;25518;6.5;3.7
64;2021-03-05;2196;1074;46545;26592;6.8;3.9
64;2021-03-06;1542;518;48087;27110;7.0;4.0
64;2021-03-07;594;110;48681;27220;7.1;4.0
64;2021-03-08;1535;766;50216;27986;7.4;4.1
64;2021-03-09;2068;847;52284;28833;7.7;4.2
64;2021-03-10;2081;762;54365;29595;8.0;4.3
64;2021-03-11;2971;1073;57336;30668;8.4;4.5
64;2021-03-12;3486;600;60822;31268;8.9;4.6
64;2021-03-13;2257;168;63079;31436;9.2;4.6
64;2021-03-14;233;15;63312;31451;9.3;4.6
64;2021-03-15;2334;226;65646;31677;9.6;4.6
64;2021-03-16;1992;267;67638;31944;9.9;4.7
64;2021-03-17;2071;238;69709;32182;10.2;4.7
64;2021-03-18;2462;205;72171;32387;10.6;4.7
64;2021-03-19;3012;284;75183;32671;11.0;4.8
64;2021-03-20;2467;90;77650;32761;11.4;4.8
64;2021-03-21;1280;26;78930;32787;11.6;4.8
64;2021-03-22;2589;550;81519;33337;11.9;4.9
64;2021-03-23;3198;649;84717;33986;12.4;5.0
64;2021-03-24;3562;702;88279;34688;12.9;5.1
64;2021-03-25;4351;806;92630;35494;13.6;5.2
64;2021-03-26;4425;701;97055;36195;14.2;5.3
64;2021-03-27;2971;431;100026;36626;14.6;5.4
64;2021-03-28;521;56;100547;36682;14.7;5.4
64;2021-03-29;3027;888;103574;37570;15.2;5.5
64;2021-03-30;4136;870;107710;38440;15.8;5.6
64;2021-03-31;3590;790;111300;39230;16.3;5.7
64;2021-04-01;4782;934;116082;40164;17.0;5.9
64;2021-04-02;4440;744;120522;40908;17.6;6.0
64;2021-04-03;2059;585;122581;41493;17.9;6.1
64;2021-04-04;308;49;122889;41542;18.0;6.1
64;2021-04-05;1689;142;124578;41684;18.2;6.1
64;2021-04-06;3655;1390;128233;43074;18.8;6.3
64;2021-04-07;3948;1514;132181;44588;19.3;6.5
64;2021-04-08;5194;1597;137375;46185;20.1;6.8
64;2021-04-09;5896;1637;143271;47822;21.0;7.0
64;2021-04-10;3223;1049;146494;48871;21.4;7.2
64;2021-04-11;446;251;146940;49122;21.5;7.2
64;2021-04-12;4046;1866;150986;50988;22.1;7.5
64;2021-04-13;4463;2167;155449;53155;22.8;7.8
64;2021-04-14;4090;2139;159539;55294;23.4;8.1
64;2021-04-15;4395;2297;163934;57591;24.0;8.4
64;2021-04-16;4297;2256;168231;59847;24.6;8.8
64;2021-04-17;2479;1498;170710;61345;25.0;9.0
64;2021-04-18;1096;1181;171806;62526;25.1;9.2
64;2021-04-19;2730;2446;174536;64972;25.5;9.5
64;2021-04-20;3207;2427;177743;67399;26.0;9.9
64;2021-04-21;3219;2565;180962;69964;26.5;10.2
64;2021-04-22;3388;2785;184350;72749;27.0;10.6
64;2021-04-23;3434;2609;187784;75358;27.5;11.0
64;2021-04-24;2067;1587;189851;76945;27.8;11.3
64;2021-04-25;290;237;190141;77182;27.8;11.3
64;2021-04-26;2658;2650;192799;79832;28.2;11.7
64;2021-04-27;3058;3129;195857;82961;28.7;12.1
64;2021-04-28;3602;3061;199459;86022;29.2;12.6
64;2021-04-29;4651;3461;204110;89483;29.9;13.1
64;2021-04-30;4084;3611;208194;93094;30.5;13.6
64;2021-05-01;1481;1030;209675;94124;30.7;13.8
64;2021-05-02;446;325;210121;94449;30.8;13.8
64;2021-05-03;2909;3522;213030;97971;31.2;14.3
64;2021-05-04;3646;3991;216676;101962;31.7;14.9
64;2021-05-05;3360;4019;220036;105981;32.2;15.5
64;2021-05-06;4110;3986;224146;109967;32.8;16.1
64;2021-05-07;3920;4193;228066;114160;33.4;16.7
64;2021-05-08;2620;1237;230686;115397;33.8;16.9
64;2021-05-09;720;306;231406;115703;33.9;16.9
64;2021-05-10;2862;4237;234268;119940;34.3;17.6
64;2021-05-11;4183;4153;238451;124093;34.9;18.2
64;2021-05-12;4485;3943;242936;128036;35.6;18.7
64;2021-05-13;3198;887;246134;128923;36.0;18.9
64;2021-05-14;5153;3150;251287;132073;36.8;19.3
64;2021-05-15;3525;1866;254812;133939;37.3;19.6
64;2021-05-16;498;225;255310;134164;37.4;19.6
64;2021-05-17;4191;2385;259501;136549;38.0;20.0
64;2021-05-18;5165;2306;264666;138855;38.7;20.3
64;2021-05-19;4979;2166;269645;141021;39.5;20.6
64;2021-05-20;5568;2160;275213;143181;40.3;21.0
64;2021-05-21;5273;2249;280486;145430;41.1;21.3
64;2021-05-22;3582;1513;284068;146943;41.6;21.5
64;2021-05-23;431;206;284499;147149;41.6;21.5
64;2021-05-24;2997;1232;287496;148381;42.1;21.7
64;2021-05-25;4334;2852;291830;151233;42.7;22.1
64;2021-05-26;4354;2717;296184;153950;43.4;22.5
64;2021-05-27;5283;3157;301467;157107;44.1;23.0
64;2021-05-28;4618;3437;306085;160544;44.8;23.5
64;2021-05-29;2810;2116;308895;162660;45.2;23.8
64;2021-05-30;436;204;309331;162864;45.3;23.8
64;2021-05-31;3891;3674;313222;166538;45.8;24.4
64;2021-06-01;5336;3568;318558;170106;46.6;24.9
64;2021-06-02;4937;3180;323495;173286;47.4;25.4
64;2021-06-03;6366;3271;329861;176557;48.3;25.8
64;2021-06-04;5144;4551;335005;181108;49.0;26.5
64;2021-06-05;3485;2526;338490;183634;49.5;26.9
64;2021-06-06;2014;330;340504;183964;49.8;26.9
64;2021-06-07;4131;4330;344635;188294;50.4;27.6
64;2021-06-08;5155;4129;349790;192423;51.2;28.2
64;2021-06-09;5153;3654;354943;196077;52.0;28.7
64;2021-06-10;6180;3143;361123;199220;52.9;29.2
64;2021-06-11;5590;4873;366713;204093;53.7;29.9
64;2021-06-12;3951;2328;370664;206421;54.3;30.2
64;2021-06-13;1555;392;372219;206813;54.5;30.3
64;2021-06-14;3671;4794;375890;211607;55.0;31.0
64;2021-06-15;4576;4708;380466;216315;55.7;31.7
64;2021-06-16;4471;4666;384937;220981;56.3;32.3
64;2021-06-17;3642;4304;388579;225285;56.9;33.0
64;2021-06-18;4424;5173;393003;230458;57.5;33.7
64;2021-06-19;2983;3284;395986;233742;58.0;34.2
64;2021-06-20;881;539;396867;234281;58.1;34.3
64;2021-06-21;2313;5128;399180;239409;58.4;35.0
64;2021-06-22;2557;5730;401737;245139;58.8;35.9
64;2021-06-23;3105;5482;404842;250621;59.3;36.7
64;2021-06-24;2720;3806;407562;254427;59.7;37.2
64;2021-06-25;2899;6439;410461;260866;60.1;38.2
64;2021-06-26;1799;3838;412260;264704;60.3;38.7
64;2021-06-27;492;713;412752;265417;60.4;38.9
64;2021-06-28;1931;6067;414683;271484;60.7;39.7
64;2021-06-29;1965;6268;416648;277752;61.0;40.7
64;2021-06-30;2254;6002;418902;283754;61.3;41.5
64;2021-07-01;2410;5343;421312;289097;61.7;42.3
64;2021-07-02;2301;6408;423613;295505;62.0;43.3
64;2021-07-03;1263;3783;424876;299288;62.2;43.8
64;2021-07-04;411;847;425287;300135;62.3;43.9
64;2021-07-05;1379;5411;426666;305546;62.5;44.7
64;2021-07-06;1995;6149;428661;311695;62.7;45.6
64;2021-07-07;2064;5751;430725;317446;63.0;46.5
64;2021-07-08;1801;4394;432526;321840;63.3;47.1
64;2021-07-09;1821;6535;434347;328375;63.6;48.1
64;2021-07-10;1170;3880;435517;332255;63.7;48.6
64;2021-07-11;253;860;435770;333115;63.8;48.8
64;2021-07-12;1500;6087;437270;339202;64.0;49.7
64;2021-07-13;2364;7249;439634;346451;64.4;50.7
64;2021-07-14;2369;3402;442003;349853;64.7;51.2
64;2021-07-15;2104;5484;444107;355337;65.0;52.0
64;2021-07-16;2843;6778;446950;362115;65.4;53.0
64;2021-07-17;2337;4589;449287;366704;65.8;53.7
64;2021-07-18;714;2050;450001;368754;65.9;54.0
64;2021-07-19;2351;6122;452352;374876;66.2;54.9
64;2021-07-20;3122;6548;455474;381424;66.7;55.8
64;2021-07-21;3335;6047;458809;387471;67.2;56.7
64;2021-07-22;3808;5718;462617;393189;67.7;57.6
64;2021-07-23;3721;5610;466338;398799;68.3;58.4
64;2021-07-24;2543;4429;468881;403228;68.6;59.0
64;2021-07-25;753;1059;469634;404287;68.7;59.2
64;2021-07-26;3080;5134;472714;409421;69.2;59.9
64;2021-07-27;4248;5138;476962;414559;69.8;60.7
64;2021-07-28;4300;4590;481262;419149;70.4;61.4
64;2021-07-29;5506;3889;486768;423038;71.3;61.9
64;2021-07-30;5117;4220;491885;427258;72.0;62.5
64;2021-07-31;3154;3347;495039;430605;72.5;63.0
64;2021-08-01;1144;582;496183;431187;72.6;63.1
64;2021-08-02;4326;2646;500509;433833;73.3;63.5
64;2021-08-03;4511;3164;505020;436997;73.9;64.0
64;2021-08-04;4099;2993;509119;439990;74.5;64.4
64;2021-08-05;3990;2612;513109;442602;75.1;64.8
64;2021-08-06;3811;3340;516920;445942;75.7;65.3
64;2021-08-07;2474;2706;519394;448648;76.0;65.7
64;2021-08-08;487;608;519881;449256;76.1;65.8
64;2021-08-09;2674;3195;522555;452451;76.5;66.2
64;2021-08-10;3276;3434;525831;455885;77.0;66.7
64;2021-08-11;3050;3259;528881;459144;77.4;67.2
64;2021-08-12;3172;3300;532053;462444;77.9;67.7
64;2021-08-13;2532;3651;534585;466095;78.3;68.2
64;2021-08-14;1625;2674;536210;468769;78.5;68.6
64;2021-08-15;202;692;536412;469461;78.5;68.7
64;2021-08-16;2096;3231;538508;472692;78.8;69.2
64;2021-08-17;2261;3697;540769;476389;79.2;69.7
64;2021-08-18;2021;3519;542790;479908;79.5;70.2
64;2021-08-19;1929;3526;544719;483434;79.7;70.8
64;2021-08-20;1553;3972;546272;487406;80.0;71.3
64;2021-08-21;970;2878;547242;490284;80.1;71.8
64;2021-08-22;148;893;547390;491177;80.1;71.9
65;2020-12-27;0;0;0;0;0.0;0.0
65;2020-12-28;0;0;0;0;0.0;0.0
65;2020-12-29;0;0;0;0;0.0;0.0
65;2020-12-30;0;0;0;0;0.0;0.0
65;2020-12-31;0;0;0;0;0.0;0.0
65;2021-01-01;0;0;0;0;0.0;0.0
65;2021-01-02;0;0;0;0;0.0;0.0
65;2021-01-03;0;0;0;0;0.0;0.0
65;2021-01-04;0;0;0;0;0.0;0.0
65;2021-01-05;1;0;1;0;0.0;0.0
65;2021-01-06;3;0;4;0;0.0;0.0
65;2021-01-07;167;0;171;0;0.1;0.0
65;2021-01-08;253;1;424;1;0.2;0.0
65;2021-01-09;176;1;600;2;0.3;0.0
65;2021-01-10;1;0;601;2;0.3;0.0
65;2021-01-11;275;3;876;5;0.4;0.0
65;2021-01-12;272;1;1148;6;0.5;0.0
65;2021-01-13;587;1;1735;7;0.8;0.0
65;2021-01-14;579;5;2314;12;1.0;0.0
65;2021-01-15;527;2;2841;14;1.3;0.0
65;2021-01-16;221;2;3062;16;1.3;0.0
65;2021-01-17;1;0;3063;16;1.4;0.0
65;2021-01-18;552;5;3615;21;1.6;0.0
65;2021-01-19;570;2;4185;23;1.8;0.0
65;2021-01-20;584;5;4769;28;2.1;0.0
65;2021-01-21;584;0;5353;28;2.4;0.0
65;2021-01-22;597;0;5950;28;2.6;0.0
65;2021-01-23;174;1;6124;29;2.7;0.0
65;2021-01-24;3;1;6127;30;2.7;0.0
65;2021-01-25;551;4;6678;34;2.9;0.0
65;2021-01-26;881;2;7559;36;3.3;0.0
65;2021-01-27;588;11;8147;47;3.6;0.0
65;2021-01-28;506;71;8653;118;3.8;0.1
65;2021-01-29;426;138;9079;256;4.0;0.1
65;2021-01-30;183;74;9262;330;4.1;0.1
65;2021-01-31;15;0;9277;330;4.1;0.1
65;2021-02-01;321;90;9598;420;4.2;0.2
65;2021-02-02;418;195;10016;615;4.4;0.3
65;2021-02-03;463;244;10479;859;4.6;0.4
65;2021-02-04;307;330;10786;1189;4.8;0.5
65;2021-02-05;285;361;11071;1550;4.9;0.7
65;2021-02-06;99;102;11170;1652;4.9;0.7
65;2021-02-07;10;0;11180;1652;4.9;0.7
65;2021-02-08;425;222;11605;1874;5.1;0.8
65;2021-02-09;272;379;11877;2253;5.2;1.0
65;2021-02-10;296;272;12173;2525;5.4;1.1
65;2021-02-11;320;275;12493;2800;5.5;1.2
65;2021-02-12;277;232;12770;3032;5.6;1.3
65;2021-02-13;125;97;12895;3129;5.7;1.4
65;2021-02-14;3;16;12898;3145;5.7;1.4
65;2021-02-15;202;414;13100;3559;5.8;1.6
65;2021-02-16;488;582;13588;4141;6.0;1.8
65;2021-02-17;230;499;13818;4640;6.1;2.0
65;2021-02-18;285;588;14103;5228;6.2;2.3
65;2021-02-19;156;479;14259;5707;6.3;2.5
65;2021-02-20;53;158;14312;5865;6.3;2.6
65;2021-02-21;3;48;14315;5913;6.3;2.6
65;2021-02-22;166;540;14481;6453;6.4;2.8
65;2021-02-23;248;526;14729;6979;6.5;3.1
65;2021-02-24;232;639;14961;7618;6.6;3.4
65;2021-02-25;212;181;15173;7799;6.7;3.4
65;2021-02-26;350;775;15523;8574;6.8;3.8
65;2021-02-27;106;202;15629;8776;6.9;3.9
65;2021-02-28;1;0;15630;8776;6.9;3.9
65;2021-03-01;378;374;16008;9150;7.1;4.0
65;2021-03-02;454;363;16462;9513;7.3;4.2
65;2021-03-03;380;390;16842;9903;7.4;4.4
65;2021-03-04;695;331;17537;10234;7.7;4.5
65;2021-03-05;678;285;18215;10519;8.0;4.6
65;2021-03-06;1187;86;19402;10605;8.6;4.7
65;2021-03-07;258;12;19660;10617;8.7;4.7
65;2021-03-08;412;343;20072;10960;8.8;4.8
65;2021-03-09;668;335;20740;11295;9.1;5.0
65;2021-03-10;625;371;21365;11666;9.4;5.1
65;2021-03-11;779;357;22144;12023;9.8;5.3
65;2021-03-12;1058;190;23202;12213;10.2;5.4
65;2021-03-13;353;93;23555;12306;10.4;5.4
65;2021-03-14;3;30;23558;12336;10.4;5.4
65;2021-03-15;815;185;24373;12521;10.7;5.5
65;2021-03-16;692;218;25065;12739;11.0;5.6
65;2021-03-17;710;208;25775;12947;11.4;5.7
65;2021-03-18;534;233;26309;13180;11.6;5.8
65;2021-03-19;878;163;27187;13343;12.0;5.9
65;2021-03-20;244;45;27431;13388;12.1;5.9
65;2021-03-21;12;2;27443;13390;12.1;5.9
65;2021-03-22;735;154;28178;13544;12.4;6.0
65;2021-03-23;837;368;29015;13912;12.8;6.1
65;2021-03-24;868;254;29883;14166;13.2;6.2
65;2021-03-25;1251;190;31134;14356;13.7;6.3
65;2021-03-26;1223;140;32357;14496;14.3;6.4
65;2021-03-27;1357;88;33714;14584;14.9;6.4
65;2021-03-28;1;2;33715;14586;14.9;6.4
65;2021-03-29;1491;359;35206;14945;15.5;6.6
65;2021-03-30;1357;405;36563;15350;16.1;6.8
65;2021-03-31;1207;372;37770;15722;16.7;6.9
65;2021-04-01;1510;397;39280;16119;17.3;7.1
65;2021-04-02;1684;288;40964;16407;18.1;7.2
65;2021-04-03;247;45;41211;16452;18.2;7.3
65;2021-04-04;4;2;41215;16454;18.2;7.3
65;2021-04-05;158;44;41373;16498;18.2;7.3
65;2021-04-06;1294;493;42667;16991;18.8;7.5
65;2021-04-07;1957;458;44624;17449;19.7;7.7
65;2021-04-08;1638;415;46262;17864;20.4;7.9
65;2021-04-09;1644;470;47906;18334;21.1;8.1
65;2021-04-10;1590;152;49496;18486;21.8;8.1
65;2021-04-11;3;0;49499;18486;21.8;8.1
65;2021-04-12;1349;737;50848;19223;22.4;8.5
65;2021-04-13;1574;590;52422;19813;23.1;8.7
65;2021-04-14;1904;744;54326;20557;23.9;9.1
65;2021-04-15;1698;667;56024;21224;24.7;9.4
65;2021-04-16;1824;529;57848;21753;25.5;9.6
65;2021-04-17;2156;129;60004;21882;26.5;9.6
65;2021-04-18;7;27;60011;21909;26.5;9.7
65;2021-04-19;1337;773;61348;22682;27.0;10.0
65;2021-04-20;1529;707;62877;23389;27.7;10.3
65;2021-04-21;1051;1048;63928;24437;28.2;10.8
65;2021-04-22;1644;726;65572;25163;28.9;11.1
65;2021-04-23;1161;1147;66733;26310;29.4;11.6
65;2021-04-24;1264;610;67997;26920;30.0;11.9
65;2021-04-25;31;15;68028;26935;30.0;11.9
65;2021-04-26;1605;1295;69633;28230;30.7;12.4
65;2021-04-27;1423;1339;71056;29569;31.3;13.0
65;2021-04-28;1729;1023;72785;30592;32.1;13.5
65;2021-04-29;1960;1033;74745;31625;33.0;13.9
65;2021-04-30;1782;925;76527;32550;33.7;14.3
65;2021-05-01;1574;227;78101;32777;34.4;14.4
65;2021-05-02;671;24;78772;32801;34.7;14.5
65;2021-05-03;1281;1620;80053;34421;35.3;15.2
65;2021-05-04;1536;1244;81589;35665;36.0;15.7
65;2021-05-05;1373;1646;82962;37311;36.6;16.4
65;2021-05-06;1556;1178;84518;38489;37.3;17.0
65;2021-05-07;1274;1569;85792;40058;37.8;17.7
65;2021-05-08;1648;443;87440;40501;38.5;17.9
65;2021-05-09;0;90;87440;40591;38.5;17.9
65;2021-05-10;952;1883;88392;42474;39.0;18.7
65;2021-05-11;1059;1811;89451;44285;39.4;19.5
65;2021-05-12;1237;1635;90688;45920;40.0;20.2
65;2021-05-13;1345;167;92033;46087;40.6;20.3
65;2021-05-14;1575;1094;93608;47181;41.3;20.8
65;2021-05-15;1401;511;95009;47692;41.9;21.0
65;2021-05-16;1444;71;96453;47763;42.5;21.1
65;2021-05-17;1036;1615;97489;49378;43.0;21.8
65;2021-05-18;1610;1209;99099;50587;43.7;22.3
65;2021-05-19;1685;1009;100784;51596;44.4;22.7
65;2021-05-20;1844;1052;102628;52648;45.2;23.2
65;2021-05-21;1791;1234;104419;53882;46.0;23.8
65;2021-05-22;1287;637;105706;54519;46.6;24.0
65;2021-05-23;689;32;106395;54551;46.9;24.0
65;2021-05-24;703;77;107098;54628;47.2;24.1
65;2021-05-25;1358;1546;108456;56174;47.8;24.8
65;2021-05-26;1472;1356;109928;57530;48.5;25.4
65;2021-05-27;1621;1463;111549;58993;49.2;26.0
65;2021-05-28;1601;1674;113150;60667;49.9;26.7
65;2021-05-29;1186;1514;114336;62181;50.4;27.4
65;2021-05-30;6;10;114342;62191;50.4;27.4
65;2021-05-31;1324;1300;115666;63491;51.0;28.0
65;2021-06-01;1833;934;117499;64425;51.8;28.4
65;2021-06-02;1576;950;119075;65375;52.5;28.8
65;2021-06-03;1341;1103;120416;66478;53.1;29.3
65;2021-06-04;1790;1561;122206;68039;53.9;30.0
65;2021-06-05;433;1240;122639;69279;54.1;30.5
65;2021-06-06;3;13;122642;69292;54.1;30.5
65;2021-06-07;674;1984;123316;71276;54.4;31.4
65;2021-06-08;956;1538;124272;72814;54.8;32.1
65;2021-06-09;826;1549;125098;74363;55.1;32.8
65;2021-06-10;740;1156;125838;75519;55.5;33.3
65;2021-06-11;910;1808;126748;77327;55.9;34.1
65;2021-06-12;150;639;126898;77966;55.9;34.4
65;2021-06-13;5;7;126903;77973;55.9;34.4
65;2021-06-14;504;2422;127407;80395;56.2;35.4
65;2021-06-15;941;1804;128348;82199;56.6;36.2
65;2021-06-16;1064;1366;129412;83565;57.1;36.8
65;2021-06-17;814;1047;130226;84612;57.4;37.3
65;2021-06-18;1018;1632;131244;86244;57.9;38.0
65;2021-06-19;691;1688;131935;87932;58.2;38.8
65;2021-06-20;2;2;131937;87934;58.2;38.8
65;2021-06-21;736;1940;132673;89874;58.5;39.6
65;2021-06-22;1045;1479;133718;91353;58.9;40.3
65;2021-06-23;1064;1233;134782;92586;59.4;40.8
65;2021-06-24;959;1143;135741;93729;59.8;41.3
65;2021-06-25;831;1966;136572;95695;60.2;42.2
65;2021-06-26;168;1658;136740;97353;60.3;42.9
65;2021-06-27;15;1101;136755;98454;60.3;43.4
65;2021-06-28;444;2301;137199;100755;60.5;44.4
65;2021-06-29;684;1919;137883;102674;60.8;45.3
65;2021-06-30;932;1678;138815;104352;61.2;46.0
65;2021-07-01;605;752;139420;105104;61.5;46.3
65;2021-07-02;1167;1733;140587;106837;62.0;47.1
65;2021-07-03;196;1916;140783;108753;62.1;47.9
65;2021-07-04;416;183;141199;108936;62.2;48.0
65;2021-07-05;640;1994;141839;110930;62.5;48.9
65;2021-07-06;897;2125;142736;113055;62.9;49.8
65;2021-07-07;972;1515;143708;114570;63.4;50.5
65;2021-07-08;326;662;144034;115232;63.5;50.8
65;2021-07-09;549;1594;144583;116826;63.7;51.5
65;2021-07-10;295;957;144878;117783;63.9;51.9
65;2021-07-11;0;0;144878;117783;63.9;51.9
65;2021-07-12;479;2221;145357;120004;64.1;52.9
65;2021-07-13;694;2148;146051;122152;64.4;53.8
65;2021-07-14;211;51;146262;122203;64.5;53.9
65;2021-07-15;1048;1660;147310;123863;64.9;54.6
65;2021-07-16;1185;1880;148495;125743;65.5;55.4
65;2021-07-17;426;543;148921;126286;65.7;55.7
65;2021-07-18;22;12;148943;126298;65.7;55.7
65;2021-07-19;630;1494;149573;127792;65.9;56.3
65;2021-07-20;1445;1700;151018;129492;66.6;57.1
65;2021-07-21;1409;1659;152427;131151;67.2;57.8
65;2021-07-22;2179;1290;154606;132441;68.2;58.4
65;2021-07-23;1611;1792;156217;134233;68.9;59.2
65;2021-07-24;1040;649;157257;134882;69.3;59.5
65;2021-07-25;22;21;157279;134903;69.3;59.5
65;2021-07-26;1135;1244;158414;136147;69.8;60.0
65;2021-07-27;1777;1956;160191;138103;70.6;60.9
65;2021-07-28;1590;1318;161781;139421;71.3;61.5
65;2021-07-29;2828;1134;164609;140555;72.6;62.0
65;2021-07-30;2416;1395;167025;141950;73.6;62.6
65;2021-07-31;2252;349;169277;142299;74.6;62.7
65;2021-08-01;14;16;169291;142315;74.6;62.7
65;2021-08-02;935;830;170226;143145;75.0;63.1
65;2021-08-03;2021;1063;172247;144208;75.9;63.6
65;2021-08-04;1761;634;174008;144842;76.7;63.9
65;2021-08-05;1782;837;175790;145679;77.5;64.2
65;2021-08-06;1640;965;177430;146644;78.2;64.6
65;2021-08-07;719;481;178149;147125;78.5;64.9
65;2021-08-08;2;9;178151;147134;78.5;64.9
65;2021-08-09;681;944;178832;148078;78.8;65.3
65;2021-08-10;1154;1547;179986;149625;79.3;66.0
65;2021-08-11;727;1262;180713;150887;79.7;66.5
65;2021-08-12;763;1080;181476;151967;80.0;67.0
65;2021-08-13;412;1006;181888;152973;80.2;67.4
65;2021-08-14;593;564;182481;153537;80.4;67.7
65;2021-08-15;6;19;182487;153556;80.4;67.7
65;2021-08-16;394;1535;182881;155091;80.6;68.4
65;2021-08-17;718;2175;183599;157266;80.9;69.3
65;2021-08-18;586;1540;184185;158806;81.2;70.0
65;2021-08-19;703;1307;184888;160113;81.5;70.6
65;2021-08-20;414;1335;185302;161448;81.7;71.2
65;2021-08-21;36;104;185338;161552;81.7;71.2
65;2021-08-22;11;13;185349;161565;81.7;71.2
66;2020-12-27;0;0;0;0;0.0;0.0
66;2020-12-28;2;0;2;0;0.0;0.0
66;2020-12-29;0;0;2;0;0.0;0.0
66;2020-12-30;0;0;2;0;0.0;0.0
66;2020-12-31;1;0;3;0;0.0;0.0
66;2021-01-01;1;0;4;0;0.0;0.0
66;2021-01-02;0;0;4;0;0.0;0.0
66;2021-01-03;0;0;4;0;0.0;0.0
66;2021-01-04;30;0;34;0;0.0;0.0
66;2021-01-05;135;0;169;0;0.0;0.0
66;2021-01-06;195;0;364;0;0.1;0.0
66;2021-01-07;182;0;546;0;0.1;0.0
66;2021-01-08;212;0;758;0;0.2;0.0
66;2021-01-09;232;0;990;0;0.2;0.0
66;2021-01-10;11;0;1001;0;0.2;0.0
66;2021-01-11;404;3;1405;3;0.3;0.0
66;2021-01-12;587;2;1992;5;0.4;0.0
66;2021-01-13;877;7;2869;12;0.6;0.0
66;2021-01-14;892;12;3761;24;0.8;0.0
66;2021-01-15;587;1;4348;25;0.9;0.0
66;2021-01-16;106;2;4454;27;0.9;0.0
66;2021-01-17;46;1;4500;28;0.9;0.0
66;2021-01-18;655;2;5155;30;1.1;0.0
66;2021-01-19;716;3;5871;33;1.2;0.0
66;2021-01-20;1169;3;7040;36;1.5;0.0
66;2021-01-21;2402;4;9442;40;2.0;0.0
66;2021-01-22;1439;10;10881;50;2.3;0.0
66;2021-01-23;399;3;11280;53;2.4;0.0
66;2021-01-24;226;9;11506;62;2.4;0.0
66;2021-01-25;738;40;12244;102;2.6;0.0
66;2021-01-26;786;68;13030;170;2.7;0.0
66;2021-01-27;866;104;13896;274;2.9;0.1
66;2021-01-28;875;128;14771;402;3.1;0.1
66;2021-01-29;817;127;15588;529;3.3;0.1
66;2021-01-30;480;70;16068;599;3.4;0.1
66;2021-01-31;202;27;16270;626;3.4;0.1
66;2021-02-01;562;189;16832;815;3.5;0.2
66;2021-02-02;621;289;17453;1104;3.6;0.2
66;2021-02-03;737;628;18190;1732;3.8;0.4
66;2021-02-04;688;621;18878;2353;3.9;0.5
66;2021-02-05;778;415;19656;2768;4.1;0.6
66;2021-02-06;417;147;20073;2915;4.2;0.6
66;2021-02-07;169;139;20242;3054;4.2;0.6
66;2021-02-08;501;393;20743;3447;4.3;0.7
66;2021-02-09;532;401;21275;3848;4.4;0.8
66;2021-02-10;616;771;21891;4619;4.6;1.0
66;2021-02-11;1104;1572;22995;6191;4.8;1.3
66;2021-02-12;1121;1202;24116;7393;5.0;1.5
66;2021-02-13;366;304;24482;7697;5.1;1.6
66;2021-02-14;111;197;24593;7894;5.1;1.6
66;2021-02-15;425;697;25018;8591;5.2;1.8
66;2021-02-16;304;787;25322;9378;5.3;2.0
66;2021-02-17;379;697;25701;10075;5.4;2.1
66;2021-02-18;366;774;26067;10849;5.4;2.3
66;2021-02-19;400;703;26467;11552;5.5;2.4
66;2021-02-20;184;407;26651;11959;5.6;2.5
66;2021-02-21;41;171;26692;12130;5.6;2.5
66;2021-02-22;416;642;27108;12772;5.7;2.7
66;2021-02-23;508;666;27616;13438;5.8;2.8
66;2021-02-24;341;750;27957;14188;5.8;3.0
66;2021-02-25;717;712;28674;14900;6.0;3.1
66;2021-02-26;954;747;29628;15647;6.2;3.3
66;2021-02-27;363;429;29991;16076;6.3;3.4
66;2021-02-28;59;172;30050;16248;6.3;3.4
66;2021-03-01;378;650;30428;16898;6.4;3.5
66;2021-03-02;334;657;30762;17555;6.4;3.7
66;2021-03-03;528;645;31290;18200;6.5;3.8
66;2021-03-04;991;1056;32281;19256;6.7;4.0
66;2021-03-05;1525;798;33806;20054;7.1;4.2
66;2021-03-06;1145;346;34951;20400;7.3;4.3
66;2021-03-07;1097;97;36048;20497;7.5;4.3
66;2021-03-08;696;544;36744;21041;7.7;4.4
66;2021-03-09;1222;593;37966;21634;7.9;4.5
66;2021-03-10;1301;505;39267;22139;8.2;4.6
66;2021-03-11;1474;594;40741;22733;8.5;4.7
66;2021-03-12;2395;579;43136;23312;9.0;4.9
66;2021-03-13;1081;307;44217;23619;9.2;4.9
66;2021-03-14;192;84;44409;23703;9.3;4.9
66;2021-03-15;1109;393;45518;24096;9.5;5.0
66;2021-03-16;952;260;46470;24356;9.7;5.1
66;2021-03-17;867;397;47337;24753;9.9;5.2
66;2021-03-18;969;344;48306;25097;10.1;5.2
66;2021-03-19;1292;317;49598;25414;10.4;5.3
66;2021-03-20;837;122;50435;25536;10.5;5.3
66;2021-03-21;185;44;50620;25580;10.6;5.3
66;2021-03-22;1111;394;51731;25974;10.8;5.4
66;2021-03-23;1757;387;53488;26361;11.2;5.5
66;2021-03-24;1795;518;55283;26879;11.5;5.6
66;2021-03-25;2536;470;57819;27349;12.1;5.7
66;2021-03-26;2577;363;60396;27712;12.6;5.8
66;2021-03-27;1208;296;61604;28008;12.9;5.8
66;2021-03-28;321;3;61925;28011;12.9;5.8
66;2021-03-29;1830;257;63755;28268;13.3;5.9
66;2021-03-30;2239;173;65994;28441;13.8;5.9
66;2021-03-31;1987;250;67981;28691;14.2;6.0
66;2021-04-01;2671;303;70652;28994;14.7;6.1
66;2021-04-02;2421;254;73073;29248;15.3;6.1
66;2021-04-03;1148;335;74221;29583;15.5;6.2
66;2021-04-04;107;125;74328;29708;15.5;6.2
66;2021-04-05;195;142;74523;29850;15.6;6.2
66;2021-04-06;1331;650;75854;30500;15.8;6.4
66;2021-04-07;1396;598;77250;31098;16.1;6.5
66;2021-04-08;2070;547;79320;31645;16.6;6.6
66;2021-04-09;3479;660;82799;32305;17.3;6.7
66;2021-04-10;2307;523;85106;32828;17.8;6.9
66;2021-04-11;1200;166;86306;32994;18.0;6.9
66;2021-04-12;2703;1022;89009;34016;18.6;7.1
66;2021-04-13;3608;1061;92617;35077;19.3;7.3
66;2021-04-14;3292;923;95909;36000;20.0;7.5
66;2021-04-15;3555;1048;99464;37048;20.8;7.7
66;2021-04-16;3592;1034;103056;38082;21.5;8.0
66;2021-04-17;2263;591;105319;38673;22.0;8.1
66;2021-04-18;1445;132;106764;38805;22.3;8.1
66;2021-04-19;2256;1121;109020;39926;22.8;8.3
66;2021-04-20;2373;1080;111393;41006;23.3;8.6
66;2021-04-21;2870;1179;114263;42185;23.9;8.8
66;2021-04-22;2659;1230;116922;43415;24.4;9.1
66;2021-04-23;2380;1236;119302;44651;24.9;9.3
66;2021-04-24;2744;880;122046;45531;25.5;9.5
66;2021-04-25;1207;267;123253;45798;25.7;9.6
66;2021-04-26;1997;1254;125250;47052;26.1;9.8
66;2021-04-27;2749;1303;127999;48355;26.7;10.1
66;2021-04-28;2421;1663;130420;50018;27.2;10.4
66;2021-04-29;2702;2127;133122;52145;27.8;10.9
66;2021-04-30;3055;1557;136177;53702;28.4;11.2
66;2021-05-01;2001;470;138178;54172;28.8;11.3
66;2021-05-02;1529;263;139707;54435;29.2;11.4
66;2021-05-03;2938;1111;142645;55546;29.8;11.6
66;2021-05-04;3169;1345;145814;56891;30.4;11.9
66;2021-05-05;3052;1543;148866;58434;31.1;12.2
66;2021-05-06;3756;2079;152622;60513;31.9;12.6
66;2021-05-07;2967;3084;155589;63597;32.5;13.3
66;2021-05-08;1730;1171;157319;64768;32.8;13.5
66;2021-05-09;887;1371;158206;66139;33.0;13.8
66;2021-05-10;1805;2972;160011;69111;33.4;14.4
66;2021-05-11;2740;3125;162751;72236;34.0;15.1
66;2021-05-12;2430;2568;165181;74804;34.5;15.6
66;2021-05-13;2260;1384;167441;76188;35.0;15.9
66;2021-05-14;2771;2118;170212;78306;35.5;16.3
66;2021-05-15;2330;1577;172542;79883;36.0;16.7
66;2021-05-16;2286;1250;174828;81133;36.5;16.9
66;2021-05-17;2052;1824;176880;82957;36.9;17.3
66;2021-05-18;3237;1808;180117;84765;37.6;17.7
66;2021-05-19;2878;1341;182995;86106;38.2;18.0
66;2021-05-20;4375;1448;187370;87554;39.1;18.3
66;2021-05-21;3268;1463;190638;89017;39.8;18.6
66;2021-05-22;3066;776;193704;89793;40.4;18.7
66;2021-05-23;1510;238;195214;90031;40.8;18.8
66;2021-05-24;1955;428;197169;90459;41.2;18.9
66;2021-05-25;2795;1688;199964;92147;41.7;19.2
66;2021-05-26;2780;1495;202744;93642;42.3;19.5
66;2021-05-27;3385;2257;206129;95899;43.0;20.0
66;2021-05-28;2685;3052;208814;98951;43.6;20.7
66;2021-05-29;2147;1519;210961;100470;44.0;21.0
66;2021-05-30;786;989;211747;101459;44.2;21.2
66;2021-05-31;2120;1784;213867;103243;44.6;21.6
66;2021-06-01;2624;2005;216491;105248;45.2;22.0
66;2021-06-02;2808;2339;219299;107587;45.8;22.5
66;2021-06-03;2477;2972;221776;110559;46.3;23.1
66;2021-06-04;1859;3353;223635;113912;46.7;23.8
66;2021-06-05;1411;2599;225046;116511;47.0;24.3
66;2021-06-06;293;1227;225339;117738;47.0;24.6
66;2021-06-07;1340;2959;226679;120697;47.3;25.2
66;2021-06-08;1739;3022;228418;123719;47.7;25.8
66;2021-06-09;2068;2787;230486;126506;48.1;26.4
66;2021-06-10;2081;2961;232567;129467;48.6;27.0
66;2021-06-11;2096;3867;234663;133334;49.0;27.8
66;2021-06-12;872;2409;235535;135743;49.2;28.3
66;2021-06-13;517;1334;236052;137077;49.3;28.6
66;2021-06-14;1361;3495;237413;140572;49.6;29.3
66;2021-06-15;2130;3572;239543;144144;50.0;30.1
66;2021-06-16;1788;3567;241331;147711;50.4;30.8
66;2021-06-17;2433;3604;243764;151315;50.9;31.6
66;2021-06-18;2227;3823;245991;155138;51.4;32.4
66;2021-06-19;1542;2319;247533;157457;51.7;32.9
66;2021-06-20;998;1266;248531;158723;51.9;33.1
66;2021-06-21;1163;2879;249694;161602;52.1;33.7
66;2021-06-22;1505;3763;251199;165365;52.4;34.5
66;2021-06-23;1326;3027;252525;168392;52.7;35.2
66;2021-06-24;1515;3229;254040;171621;53.0;35.8
66;2021-06-25;1398;3534;255438;175155;53.3;36.6
66;2021-06-26;963;2683;256401;177838;53.5;37.1
66;2021-06-27;679;1557;257080;179395;53.7;37.5
66;2021-06-28;977;2977;258057;182372;53.9;38.1
66;2021-06-29;1146;3795;259203;186167;54.1;38.9
66;2021-06-30;1277;3304;260480;189471;54.4;39.6
66;2021-07-01;1372;4044;261852;193515;54.7;40.4
66;2021-07-02;1313;3602;263165;197117;54.9;41.2
66;2021-07-03;1151;3903;264316;201020;55.2;42.0
66;2021-07-04;717;1792;265033;202812;55.3;42.3
66;2021-07-05;1092;3000;266125;205812;55.6;43.0
66;2021-07-06;1371;3784;267496;209596;55.8;43.8
66;2021-07-07;1392;3249;268888;212845;56.1;44.4
66;2021-07-08;1269;3383;270157;216228;56.4;45.1
66;2021-07-09;1421;3464;271578;219692;56.7;45.9
66;2021-07-10;1004;2402;272582;222094;56.9;46.4
66;2021-07-11;540;1539;273122;223633;57.0;46.7
66;2021-07-12;994;3641;274116;227274;57.2;47.4
66;2021-07-13;2130;4272;276246;231546;57.7;48.3
66;2021-07-14;1949;1232;278195;232778;58.1;48.6
66;2021-07-15;2779;3113;280974;235891;58.7;49.2
66;2021-07-16;3328;3201;284302;239092;59.4;49.9
66;2021-07-17;2117;2036;286419;241128;59.8;50.3
66;2021-07-18;1197;1060;287616;242188;60.0;50.6
66;2021-07-19;2790;3083;290406;245271;60.6;51.2
66;2021-07-20;3650;2882;294056;248153;61.4;51.8
66;2021-07-21;3963;2943;298019;251096;62.2;52.4
66;2021-07-22;3843;2811;301862;253907;63.0;53.0
66;2021-07-23;3887;3034;305749;256941;63.8;53.6
66;2021-07-24;2584;1921;308333;258862;64.4;54.0
66;2021-07-25;2021;1235;310354;260097;64.8;54.3
66;2021-07-26;2773;2629;313127;262726;65.4;54.8
66;2021-07-27;3219;2884;316346;265610;66.0;55.5
66;2021-07-28;3341;2570;319687;268180;66.7;56.0
66;2021-07-29;3850;2531;323537;270711;67.5;56.5
66;2021-07-30;4178;2463;327715;273174;68.4;57.0
66;2021-07-31;2216;1709;329931;274883;68.9;57.4
66;2021-08-01;1816;896;331747;275779;69.3;57.6
66;2021-08-02;2260;1919;334007;277698;69.7;58.0
66;2021-08-03;2600;2070;336607;279768;70.3;58.4
66;2021-08-04;2563;1998;339170;281766;70.8;58.8
66;2021-08-05;2423;2500;341593;284266;71.3;59.3
66;2021-08-06;2305;2638;343898;286904;71.8;59.9
66;2021-08-07;1497;2086;345395;288990;72.1;60.3
66;2021-08-08;611;1455;346006;290445;72.2;60.6
66;2021-08-09;1326;2800;347332;293245;72.5;61.2
66;2021-08-10;1633;3064;348965;296309;72.9;61.9
66;2021-08-11;1609;3014;350574;299323;73.2;62.5
66;2021-08-12;1632;2989;352206;302312;73.5;63.1
66;2021-08-13;1387;2968;353593;305280;73.8;63.7
66;2021-08-14;654;2507;354247;307787;74.0;64.3
66;2021-08-15;133;1626;354380;309413;74.0;64.6
66;2021-08-16;1266;2591;355646;312004;74.2;65.1
66;2021-08-17;1474;2977;357120;314981;74.6;65.8
66;2021-08-18;1321;3065;358441;318046;74.8;66.4
66;2021-08-19;1087;2912;359528;320958;75.1;67.0
66;2021-08-20;962;3303;360490;324261;75.3;67.7
66;2021-08-21;549;2008;361039;326269;75.4;68.1
66;2021-08-22;232;1352;361271;327621;75.4;68.4
67;2020-12-27;7;0;7;0;0.0;0.0
67;2020-12-28;3;0;10;0;0.0;0.0
67;2020-12-29;2;0;12;0;0.0;0.0
67;2020-12-30;0;0;12;0;0.0;0.0
67;2020-12-31;0;0;12;0;0.0;0.0
67;2021-01-01;3;0;15;0;0.0;0.0
67;2021-01-02;1;0;16;0;0.0;0.0
67;2021-01-03;1;0;17;0;0.0;0.0
67;2021-01-04;41;0;58;0;0.0;0.0
67;2021-01-05;167;0;225;0;0.0;0.0
67;2021-01-06;120;0;345;0;0.0;0.0
67;2021-01-07;235;1;580;1;0.1;0.0
67;2021-01-08;232;1;812;2;0.1;0.0
67;2021-01-09;113;1;925;3;0.1;0.0
67;2021-01-10;67;0;992;3;0.1;0.0
67;2021-01-11;182;1;1174;4;0.1;0.0
67;2021-01-12;511;1;1685;5;0.1;0.0
67;2021-01-13;654;2;2339;7;0.2;0.0
67;2021-01-14;1079;7;3418;14;0.3;0.0
67;2021-01-15;937;7;4355;21;0.4;0.0
67;2021-01-16;196;3;4551;24;0.4;0.0
67;2021-01-17;99;0;4650;24;0.4;0.0
67;2021-01-18;897;3;5547;27;0.5;0.0
67;2021-01-19;1424;5;6971;32;0.6;0.0
67;2021-01-20;1851;12;8822;44;0.8;0.0
67;2021-01-21;2207;9;11029;53;1.0;0.0
67;2021-01-22;1987;7;13016;60;1.1;0.0
67;2021-01-23;813;6;13829;66;1.2;0.0
67;2021-01-24;380;1;14209;67;1.3;0.0
67;2021-01-25;526;30;14735;97;1.3;0.0
67;2021-01-26;159;108;14894;205;1.3;0.0
67;2021-01-27;1391;91;16285;296;1.4;0.0
67;2021-01-28;3052;225;19337;521;1.7;0.0
67;2021-01-29;2029;161;21366;682;1.9;0.1
67;2021-01-30;1094;82;22460;764;2.0;0.1
67;2021-01-31;1161;29;23621;793;2.1;0.1
67;2021-02-01;3392;251;27013;1044;2.4;0.1
67;2021-02-02;2690;429;29703;1473;2.6;0.1
67;2021-02-03;1573;399;31276;1872;2.8;0.2
67;2021-02-04;1193;759;32469;2631;2.9;0.2
67;2021-02-05;1193;643;33662;3274;3.0;0.3
67;2021-02-06;788;145;34450;3419;3.0;0.3
67;2021-02-07;289;45;34739;3464;3.1;0.3
67;2021-02-08;839;450;35578;3914;3.1;0.3
67;2021-02-09;958;739;36536;4653;3.2;0.4
67;2021-02-10;929;792;37465;5445;3.3;0.5
67;2021-02-11;1150;1129;38615;6574;3.4;0.6
67;2021-02-12;1245;783;39860;7357;3.5;0.6
67;2021-02-13;765;280;40625;7637;3.6;0.7
67;2021-02-14;243;94;40868;7731;3.6;0.7
67;2021-02-15;779;839;41647;8570;3.7;0.8
67;2021-02-16;929;1145;42576;9715;3.8;0.9
67;2021-02-17;784;1196;43360;10911;3.8;1.0
67;2021-02-18;1398;2569;44758;13480;4.0;1.2
67;2021-02-19;1374;2111;46132;15591;4.1;1.4
67;2021-02-20;629;905;46761;16496;4.1;1.5
67;2021-02-21;209;1197;46970;17693;4.1;1.6
67;2021-02-22;1404;2167;48374;19860;4.3;1.8
67;2021-02-23;1461;1566;49835;21426;4.4;1.9
67;2021-02-24;1434;1052;51269;22478;4.5;2.0
67;2021-02-25;1615;1471;52884;23949;4.7;2.1
67;2021-02-26;2224;1409;55108;25358;4.9;2.2
67;2021-02-27;1256;784;56364;26142;5.0;2.3
67;2021-02-28;147;364;56511;26506;5.0;2.3
67;2021-03-01;639;1000;57150;27506;5.0;2.4
67;2021-03-02;893;1199;58043;28705;5.1;2.5
67;2021-03-03;1410;1284;59453;29989;5.2;2.6
67;2021-03-04;1961;1055;61414;31044;5.4;2.7
67;2021-03-05;3256;1103;64670;32147;5.7;2.8
67;2021-03-06;2335;775;67005;32922;5.9;2.9
67;2021-03-07;466;282;67471;33204;6.0;2.9
67;2021-03-08;1186;793;68657;33997;6.1;3.0
67;2021-03-09;2221;906;70878;34903;6.3;3.1
67;2021-03-10;2448;1189;73326;36092;6.5;3.2
67;2021-03-11;3205;1356;76531;37448;6.8;3.3
67;2021-03-12;5255;1371;81786;38819;7.2;3.4
67;2021-03-13;3997;883;85783;39702;7.6;3.5
67;2021-03-14;483;389;86266;40091;7.6;3.5
67;2021-03-15;2188;1159;88454;41250;7.8;3.6
67;2021-03-16;1548;1233;90002;42483;7.9;3.8
67;2021-03-17;2067;921;92069;43404;8.1;3.8
67;2021-03-18;2385;731;94454;44135;8.3;3.9
67;2021-03-19;3671;748;98125;44883;8.7;4.0
67;2021-03-20;3063;508;101188;45391;8.9;4.0
67;2021-03-21;334;16;101522;45407;9.0;4.0
67;2021-03-22;2331;778;103853;46185;9.2;4.1
67;2021-03-23;3397;776;107250;46961;9.5;4.1
67;2021-03-24;3906;809;111156;47770;9.8;4.2
67;2021-03-25;5313;537;116469;48307;10.3;4.3
67;2021-03-26;6868;477;123337;48784;10.9;4.3
67;2021-03-27;3925;340;127262;49124;11.2;4.3
67;2021-03-28;580;99;127842;49223;11.3;4.3
67;2021-03-29;3819;426;131661;49649;11.6;4.4
67;2021-03-30;4841;670;136502;50319;12.1;4.4
67;2021-03-31;4842;692;141344;51011;12.5;4.5
67;2021-04-01;5143;929;146487;51940;12.9;4.6
67;2021-04-02;1004;174;147491;52114;13.0;4.6
67;2021-04-03;1689;286;149180;52400;13.2;4.6
67;2021-04-04;326;5;149506;52405;13.2;4.6
67;2021-04-05;371;3;149877;52408;13.2;4.6
67;2021-04-06;3475;1180;153352;53588;13.5;4.7
67;2021-04-07;4533;1278;157885;54866;13.9;4.8
67;2021-04-08;5659;1403;163544;56269;14.4;5.0
67;2021-04-09;7108;1351;170652;57620;15.1;5.1
67;2021-04-10;4331;890;174983;58510;15.4;5.2
67;2021-04-11;855;426;175838;58936;15.5;5.2
67;2021-04-12;3880;1405;179718;60341;15.9;5.3
67;2021-04-13;4892;1577;184610;61918;16.3;5.5
67;2021-04-14;5274;1896;189884;63814;16.8;5.6
67;2021-04-15;6078;2107;195962;65921;17.3;5.8
67;2021-04-16;7833;2423;203795;68344;18.0;6.0
67;2021-04-17;4006;1580;207801;69924;18.3;6.2
67;2021-04-18;1111;646;208912;70570;18.4;6.2
67;2021-04-19;3630;2141;212542;72711;18.8;6.4
67;2021-04-20;4257;1922;216799;74633;19.1;6.6
67;2021-04-21;4068;2511;220867;77144;19.5;6.8
67;2021-04-22;4476;2913;225343;80057;19.9;7.1
67;2021-04-23;5239;2999;230582;83056;20.4;7.3
67;2021-04-24;3100;2022;233682;85078;20.6;7.5
67;2021-04-25;1028;452;234710;85530;20.7;7.6
67;2021-04-26;3191;2617;237901;88147;21.0;7.8
67;2021-04-27;4023;2920;241924;91067;21.4;8.0
67;2021-04-28;4251;3433;246175;94500;21.7;8.3
67;2021-04-29;5125;3513;251300;98013;22.2;8.7
67;2021-04-30;7179;2490;258479;100503;22.8;8.9
67;2021-05-01;2682;785;261161;101288;23.1;8.9
67;2021-05-02;2180;676;263341;101964;23.3;9.0
67;2021-05-03;5561;2616;268902;104580;23.7;9.2
67;2021-05-04;5853;3607;274755;108187;24.3;9.6
67;2021-05-05;5217;4203;279972;112390;24.7;9.9
67;2021-05-06;6713;4926;286685;117316;25.3;10.4
67;2021-05-07;6434;6919;293119;124235;25.9;11.0
67;2021-05-08;3575;1022;296694;125257;26.2;11.1
67;2021-05-09;3371;596;300065;125853;26.5;11.1
67;2021-05-10;4697;4531;304762;130384;26.9;11.5
67;2021-05-11;5648;4929;310410;135313;27.4;11.9
67;2021-05-12;6598;4848;317008;140161;28.0;12.4
67;2021-05-13;7310;1674;324318;141835;28.6;12.5
67;2021-05-14;8880;5364;333198;147199;29.4;13.0
67;2021-05-15;8192;3657;341390;150856;30.1;13.3
67;2021-05-16;6178;976;347568;151832;30.7;13.4
67;2021-05-17;5694;3889;353262;155721;31.2;13.7
67;2021-05-18;6901;3984;360163;159705;31.8;14.1
67;2021-05-19;7376;4174;367539;163879;32.5;14.5
67;2021-05-20;8694;4239;376233;168118;33.2;14.8
67;2021-05-21;8163;5864;384396;173982;33.9;15.4
67;2021-05-22;5936;3427;390332;177409;34.5;15.7
67;2021-05-23;2659;594;392991;178003;34.7;15.7
67;2021-05-24;4417;866;397408;178869;35.1;15.8
67;2021-05-25;5417;4771;402825;183640;35.6;16.2
67;2021-05-26;6060;4881;408885;188521;36.1;16.6
67;2021-05-27;7313;4912;416198;193433;36.7;17.1
67;2021-05-28;7967;6511;424165;199944;37.5;17.7
67;2021-05-29;6652;3878;430817;203822;38.0;18.0
67;2021-05-30;1147;809;431964;204631;38.1;18.1
67;2021-05-31;6405;4060;438369;208691;38.7;18.4
67;2021-06-01;7329;4404;445698;213095;39.4;18.8
67;2021-06-02;8063;4178;453761;217273;40.1;19.2
67;2021-06-03;8839;4868;462600;222141;40.8;19.6
67;2021-06-04;8590;6136;471190;228277;41.6;20.2
67;2021-06-05;6554;3984;477744;232261;42.2;20.5
67;2021-06-06;3478;872;481222;233133;42.5;20.6
67;2021-06-07;7414;4258;488636;237391;43.1;21.0
67;2021-06-08;8630;4924;497266;242315;43.9;21.4
67;2021-06-09;9261;4805;506527;247120;44.7;21.8
67;2021-06-10;9773;5018;516300;252138;45.6;22.3
67;2021-06-11;8072;8335;524372;260473;46.3;23.0
67;2021-06-12;6791;5202;531163;265675;46.9;23.5
67;2021-06-13;3107;1043;534270;266718;47.2;23.5
67;2021-06-14;5510;6459;539780;273177;47.7;24.1
67;2021-06-15;6687;6752;546467;279929;48.2;24.7
67;2021-06-16;6948;6703;553415;286632;48.9;25.3
67;2021-06-17;7274;9054;560689;295686;49.5;26.1
67;2021-06-18;7603;8510;568292;304196;50.2;26.9
67;2021-06-19;6384;5963;574676;310159;50.7;27.4
67;2021-06-20;1450;1412;576126;311571;50.9;27.5
67;2021-06-21;4268;6772;580394;318343;51.2;28.1
67;2021-06-22;4239;9095;584633;327438;51.6;28.9
67;2021-06-23;5288;8189;589921;335627;52.1;29.6
67;2021-06-24;4518;9098;594439;344725;52.5;30.4
67;2021-06-25;5339;9955;599778;354680;53.0;31.3
67;2021-06-26;3466;9108;603244;363788;53.3;32.1
67;2021-06-27;1023;3521;604267;367309;53.4;32.4
67;2021-06-28;2846;8735;607113;376044;53.6;33.2
67;2021-06-29;2896;8611;610009;384655;53.9;34.0
67;2021-06-30;3379;8742;613388;393397;54.2;34.7
67;2021-07-01;3604;8430;616992;401827;54.5;35.5
67;2021-07-02;3732;10935;620724;412762;54.8;36.4
67;2021-07-03;2977;7747;623701;420509;55.1;37.1
67;2021-07-04;763;1870;624464;422379;55.1;37.3
67;2021-07-05;2620;8252;627084;430631;55.4;38.0
67;2021-07-06;3099;8441;630183;439072;55.6;38.8
67;2021-07-07;3919;8738;634102;447810;56.0;39.5
67;2021-07-08;4192;7787;638294;455597;56.4;40.2
67;2021-07-09;3761;11376;642055;466973;56.7;41.2
67;2021-07-10;2859;8207;644914;475180;56.9;42.0
67;2021-07-11;943;1993;645857;477173;57.0;42.1
67;2021-07-12;2471;9722;648328;486895;57.2;43.0
67;2021-07-13;4101;9891;652429;496786;57.6;43.9
67;2021-07-14;3488;4404;655917;501190;57.9;44.3
67;2021-07-15;5125;12227;661042;513417;58.4;45.3
67;2021-07-16;4843;12293;665885;525710;58.8;46.4
67;2021-07-17;3730;8828;669615;534538;59.1;47.2
67;2021-07-18;1462;2549;671077;537087;59.3;47.4
67;2021-07-19;4624;9745;675701;546832;59.7;48.3
67;2021-07-20;5765;9816;681466;556648;60.2;49.1
67;2021-07-21;5855;10647;687321;567295;60.7;50.1
67;2021-07-22;6421;10228;693742;577523;61.3;51.0
67;2021-07-23;7380;11193;701122;588716;61.9;52.0
67;2021-07-24;5419;7578;706541;596294;62.4;52.6
67;2021-07-25;2313;1968;708854;598262;62.6;52.8
67;2021-07-26;4986;7255;713840;605517;63.0;53.5
67;2021-07-27;6571;7315;720411;612832;63.6;54.1
67;2021-07-28;7522;7215;727933;620047;64.3;54.7
67;2021-07-29;8356;6433;736289;626480;65.0;55.3
67;2021-07-30;8625;7304;744914;633784;65.8;56.0
67;2021-07-31;5090;4872;750004;638656;66.2;56.4
67;2021-08-01;2462;1421;752466;640077;66.4;56.5
67;2021-08-02;6292;5082;758758;645159;67.0;57.0
67;2021-08-03;7265;4708;766023;649867;67.6;57.4
67;2021-08-04;6830;4598;772853;654465;68.2;57.8
67;2021-08-05;5691;4213;778544;658678;68.7;58.2
67;2021-08-06;6278;5419;784822;664097;69.3;58.6
67;2021-08-07;4603;4274;789425;668371;69.7;59.0
67;2021-08-08;1277;1433;790702;669804;69.8;59.1
67;2021-08-09;3095;4480;793797;674284;70.1;59.5
67;2021-08-10;3177;4777;796974;679061;70.4;60.0
67;2021-08-11;3401;4675;800375;683736;70.7;60.4
67;2021-08-12;3105;4880;803480;688616;70.9;60.8
67;2021-08-13;3146;5380;806626;693996;71.2;61.3
67;2021-08-14;2186;5070;808812;699066;71.4;61.7
67;2021-08-15;704;1598;809516;700664;71.5;61.9
67;2021-08-16;2062;5224;811578;705888;71.7;62.3
67;2021-08-17;2067;5266;813645;711154;71.8;62.8
67;2021-08-18;2346;6335;815991;717489;72.0;63.3
67;2021-08-19;1871;6143;817862;723632;72.2;63.9
67;2021-08-20;2291;7435;820153;731067;72.4;64.5
67;2021-08-21;1499;5548;821652;736615;72.5;65.0
67;2021-08-22;374;2047;822026;738662;72.6;65.2
68;2020-12-27;0;0;0;0;0.0;0.0
68;2020-12-28;0;0;0;0;0.0;0.0
68;2020-12-29;0;0;0;0;0.0;0.0
68;2020-12-30;0;0;0;0;0.0;0.0
68;2020-12-31;0;0;0;0;0.0;0.0
68;2021-01-01;0;0;0;0;0.0;0.0
68;2021-01-02;0;0;0;0;0.0;0.0
68;2021-01-03;0;0;0;0;0.0;0.0
68;2021-01-04;1;0;1;0;0.0;0.0
68;2021-01-05;11;0;12;0;0.0;0.0
68;2021-01-06;244;1;256;1;0.0;0.0
68;2021-01-07;75;0;331;1;0.0;0.0
68;2021-01-08;118;1;449;2;0.1;0.0
68;2021-01-09;20;0;469;2;0.1;0.0
68;2021-01-10;1;0;470;2;0.1;0.0
68;2021-01-11;82;0;552;2;0.1;0.0
68;2021-01-12;386;1;938;3;0.1;0.0
68;2021-01-13;703;2;1641;5;0.2;0.0
68;2021-01-14;372;2;2013;7;0.3;0.0
68;2021-01-15;204;1;2217;8;0.3;0.0
68;2021-01-16;1;0;2218;8;0.3;0.0
68;2021-01-17;0;0;2218;8;0.3;0.0
68;2021-01-18;379;5;2597;13;0.3;0.0
68;2021-01-19;559;5;3156;18;0.4;0.0
68;2021-01-20;707;10;3863;28;0.5;0.0
68;2021-01-21;1393;12;5256;40;0.7;0.0
68;2021-01-22;1499;11;6755;51;0.9;0.0
68;2021-01-23;215;3;6970;54;0.9;0.0
68;2021-01-24;697;0;7667;54;1.0;0.0
68;2021-01-25;1390;46;9057;100;1.2;0.0
68;2021-01-26;1553;79;10610;179;1.4;0.0
68;2021-01-27;2767;153;13377;332;1.8;0.0
68;2021-01-28;2354;60;15731;392;2.1;0.1
68;2021-01-29;1509;116;17240;508;2.3;0.1
68;2021-01-30;165;3;17405;511;2.3;0.1
68;2021-01-31;0;0;17405;511;2.3;0.1
68;2021-02-01;737;116;18142;627;2.4;0.1
68;2021-02-02;869;307;19011;934;2.5;0.1
68;2021-02-03;999;621;20010;1555;2.6;0.2
68;2021-02-04;1000;324;21010;1879;2.8;0.2
68;2021-02-05;946;236;21956;2115;2.9;0.3
68;2021-02-06;140;1;22096;2116;2.9;0.3
68;2021-02-07;1;16;22097;2132;2.9;0.3
68;2021-02-08;893;23;22990;2155;3.0;0.3
68;2021-02-09;1359;47;24349;2202;3.2;0.3
68;2021-02-10;1453;64;25802;2266;3.4;0.3
68;2021-02-11;1487;470;27289;2736;3.6;0.4
68;2021-02-12;1549;449;28838;3185;3.8;0.4
68;2021-02-13;132;1;28970;3186;3.8;0.4
68;2021-02-14;58;232;29028;3418;3.8;0.4
68;2021-02-15;662;1087;29690;4505;3.9;0.6
68;2021-02-16;863;1371;30553;5876;4.0;0.8
68;2021-02-17;1285;2141;31838;8017;4.2;1.1
68;2021-02-18;1657;2058;33495;10075;4.4;1.3
68;2021-02-19;987;1368;34482;11443;4.5;1.5
68;2021-02-20;93;125;34575;11568;4.5;1.5
68;2021-02-21;1;40;34576;11608;4.5;1.5
68;2021-02-22;446;797;35022;12405;4.6;1.6
68;2021-02-23;639;1061;35661;13466;4.7;1.8
68;2021-02-24;853;1155;36514;14621;4.8;1.9
68;2021-02-25;1209;1248;37723;15869;4.9;2.1
68;2021-02-26;1200;990;38923;16859;5.1;2.2
68;2021-02-27;547;174;39470;17033;5.2;2.2
68;2021-02-28;12;1;39482;17034;5.2;2.2
68;2021-03-01;940;767;40422;17801;5.3;2.3
68;2021-03-02;1216;928;41638;18729;5.5;2.5
68;2021-03-03;1592;968;43230;19697;5.7;2.6
68;2021-03-04;1990;1045;45220;20742;5.9;2.7
68;2021-03-05;2356;1048;47576;21790;6.2;2.9
68;2021-03-06;2285;246;49861;22036;6.5;2.9
68;2021-03-07;839;108;50700;22144;6.6;2.9
68;2021-03-08;1474;980;52174;23124;6.8;3.0
68;2021-03-09;1697;1334;53871;24458;7.1;3.2
68;2021-03-10;1964;1805;55835;26263;7.3;3.4
68;2021-03-11;2639;1916;58474;28179;7.7;3.7
68;2021-03-12;2629;1424;61103;29603;8.0;3.9
68;2021-03-13;3341;256;64444;29859;8.4;3.9
68;2021-03-14;1542;65;65986;29924;8.6;3.9
68;2021-03-15;1793;624;67779;30548;8.9;4.0
68;2021-03-16;2000;601;69779;31149;9.1;4.1
68;2021-03-17;1956;729;71735;31878;9.4;4.2
68;2021-03-18;2219;951;73954;32829;9.7;4.3
68;2021-03-19;3084;738;77038;33567;10.1;4.4
68;2021-03-20;973;124;78011;33691;10.2;4.4
68;2021-03-21;68;2;78079;33693;10.2;4.4
68;2021-03-22;1965;591;80044;34284;10.5;4.5
68;2021-03-23;2860;618;82904;34902;10.9;4.6
68;2021-03-24;3178;816;86082;35718;11.3;4.7
68;2021-03-25;3502;788;89584;36506;11.7;4.8
68;2021-03-26;3892;723;93476;37229;12.2;4.9
68;2021-03-27;1102;163;94578;37392;12.4;4.9
68;2021-03-28;56;3;94634;37395;12.4;4.9
68;2021-03-29;2264;1375;96898;38770;12.7;5.1
68;2021-03-30;2934;1302;99832;40072;13.1;5.3
68;2021-03-31;2641;1365;102473;41437;13.4;5.4
68;2021-04-01;2748;1550;105221;42987;13.8;5.6
68;2021-04-02;244;88;105465;43075;13.8;5.6
68;2021-04-03;240;124;105705;43199;13.9;5.7
68;2021-04-04;5;0;105710;43199;13.9;5.7
68;2021-04-05;48;3;105758;43202;13.9;5.7
68;2021-04-06;1792;1330;107550;44532;14.1;5.8
68;2021-04-07;2585;1536;110135;46068;14.4;6.0
68;2021-04-08;3233;1501;113368;47569;14.9;6.2
68;2021-04-09;4199;1524;117567;49093;15.4;6.4
68;2021-04-10;1201;1975;118768;51068;15.6;6.7
68;2021-04-11;126;1318;118894;52386;15.6;6.9
68;2021-04-12;2667;1637;121561;54023;15.9;7.1
68;2021-04-13;2760;2109;124321;56132;16.3;7.4
68;2021-04-14;3604;2266;127925;58398;16.8;7.7
68;2021-04-15;4051;2159;131976;60557;17.3;7.9
68;2021-04-16;3942;2078;135918;62635;17.8;8.2
68;2021-04-17;1075;442;136993;63077;17.9;8.3
68;2021-04-18;85;9;137078;63086;18.0;8.3
68;2021-04-19;2359;1835;139437;64921;18.3;8.5
68;2021-04-20;2440;2329;141877;67250;18.6;8.8
68;2021-04-21;2831;2478;144708;69728;19.0;9.1
68;2021-04-22;3287;1975;147995;71703;19.4;9.4
68;2021-04-23;3413;2074;151408;73777;19.8;9.7
68;2021-04-24;842;488;152250;74265;19.9;9.7
68;2021-04-25;214;20;152464;74285;20.0;9.7
68;2021-04-26;2329;2109;154793;76394;20.3;10.0
68;2021-04-27;2600;2217;157393;78611;20.6;10.3
68;2021-04-28;3573;1763;160966;80374;21.1;10.5
68;2021-04-29;4165;1749;165131;82123;21.6;10.8
68;2021-04-30;4833;1368;169964;83491;22.3;10.9
68;2021-05-01;947;122;170911;83613;22.4;11.0
68;2021-05-02;732;70;171643;83683;22.5;11.0
68;2021-05-03;3623;1817;175266;85500;23.0;11.2
68;2021-05-04;3936;2363;179202;87863;23.5;11.5
68;2021-05-05;3632;3243;182834;91106;24.0;11.9
68;2021-05-06;4806;2866;187640;93972;24.6;12.3
68;2021-05-07;4519;2909;192159;96881;25.2;12.7
68;2021-05-08;1671;211;193830;97092;25.4;12.7
68;2021-05-09;1077;107;194907;97199;25.5;12.7
68;2021-05-10;3159;3721;198066;100920;26.0;13.2
68;2021-05-11;4717;3619;202783;104539;26.6;13.7
68;2021-05-12;5788;3295;208571;107834;27.3;14.1
68;2021-05-13;4763;839;213334;108673;28.0;14.2
68;2021-05-14;5962;2136;219296;110809;28.7;14.5
68;2021-05-15;3560;911;222856;111720;29.2;14.6
68;2021-05-16;669;122;223525;111842;29.3;14.7
68;2021-05-17;4448;2497;227973;114339;29.9;15.0
68;2021-05-18;6139;2307;234112;116646;30.7;15.3
68;2021-05-19;5869;2888;239981;119534;31.4;15.7
68;2021-05-20;5930;2419;245911;121953;32.2;16.0
68;2021-05-21;5779;2870;251690;124823;33.0;16.4
68;2021-05-22;2578;926;254268;125749;33.3;16.5
68;2021-05-23;15;17;254283;125766;33.3;16.5
68;2021-05-24;2307;969;256590;126735;33.6;16.6
68;2021-05-25;4346;3439;260936;130174;34.2;17.1
68;2021-05-26;4883;3383;265819;133557;34.8;17.5
68;2021-05-27;5408;3406;271227;136963;35.5;17.9
68;2021-05-28;5619;3733;276846;140696;36.3;18.4
68;2021-05-29;1538;1187;278384;141883;36.5;18.6
68;2021-05-30;41;46;278425;141929;36.5;18.6
68;2021-05-31;5161;2364;283586;144293;37.2;18.9
68;2021-06-01;5989;2802;289575;147095;37.9;19.3
68;2021-06-02;4887;3013;294462;150108;38.6;19.7
68;2021-06-03;5941;3101;300403;153209;39.4;20.1
68;2021-06-04;4897;3304;305300;156513;40.0;20.5
68;2021-06-05;780;1169;306080;157682;40.1;20.7
68;2021-06-06;69;115;306149;157797;40.1;20.7
68;2021-06-07;4757;3036;310906;160833;40.7;21.1
68;2021-06-08;4940;3556;315846;164389;41.4;21.5
68;2021-06-09;4993;3444;320839;167833;42.0;22.0
68;2021-06-10;5202;3148;326041;170981;42.7;22.4
68;2021-06-11;5059;4154;331100;175135;43.4;22.9
68;2021-06-12;3035;1768;334135;176903;43.8;23.2
68;2021-06-13;515;682;334650;177585;43.8;23.3
68;2021-06-14;2518;4392;337168;181977;44.2;23.8
68;2021-06-15;3111;4724;340279;186701;44.6;24.5
68;2021-06-16;3389;4442;343668;191143;45.0;25.0
68;2021-06-17;2360;4460;346028;195603;45.3;25.6
68;2021-06-18;3356;5178;349384;200781;45.8;26.3
68;2021-06-19;2255;2170;351639;202951;46.1;26.6
68;2021-06-20;258;893;351897;203844;46.1;26.7
68;2021-06-21;2062;5154;353959;208998;46.4;27.4
68;2021-06-22;1901;5177;355860;214175;46.6;28.1
68;2021-06-23;2317;5744;358177;219919;46.9;28.8
68;2021-06-24;2155;4898;360332;224817;47.2;29.5
68;2021-06-25;2287;6660;362619;231477;47.5;30.3
68;2021-06-26;1304;2608;363923;234085;47.7;30.7
68;2021-06-27;151;880;364074;234965;47.7;30.8
68;2021-06-28;1601;6443;365675;241408;47.9;31.6
68;2021-06-29;1538;6635;367213;248043;48.1;32.5
68;2021-06-30;1798;6554;369011;254597;48.4;33.4
68;2021-07-01;2107;5351;371118;259948;48.6;34.1
68;2021-07-02;2101;6484;373219;266432;48.9;34.9
68;2021-07-03;988;1936;374207;268368;49.0;35.2
68;2021-07-04;242;201;374449;268569;49.1;35.2
68;2021-07-05;1458;5519;375907;274088;49.3;35.9
68;2021-07-06;2004;5886;377911;279974;49.5;36.7
68;2021-07-07;2456;4974;380367;284948;49.8;37.3
68;2021-07-08;2434;4750;382801;289698;50.2;38.0
68;2021-07-09;2092;7368;384893;297066;50.4;38.9
68;2021-07-10;1023;2003;385916;299069;50.6;39.2
68;2021-07-11;145;155;386061;299224;50.6;39.2
68;2021-07-12;1639;6775;387700;305999;50.8;40.1
68;2021-07-13;2902;6550;390602;312549;51.2;41.0
68;2021-07-14;1842;982;392444;313531;51.4;41.1
68;2021-07-15;3184;6652;395628;320183;51.8;42.0
68;2021-07-16;3813;6760;399441;326943;52.3;42.8
68;2021-07-17;3362;2296;402803;329239;52.8;43.1
68;2021-07-18;1054;230;403857;329469;52.9;43.2
68;2021-07-19;3046;6087;406903;335556;53.3;44.0
68;2021-07-20;4002;5677;410905;341233;53.8;44.7
68;2021-07-21;4336;5824;415241;347057;54.4;45.5
68;2021-07-22;4184;4845;419425;351902;55.0;46.1
68;2021-07-23;5033;5754;424458;357656;55.6;46.9
68;2021-07-24;3345;2128;427803;359784;56.1;47.1
68;2021-07-25;823;535;428626;360319;56.2;47.2
68;2021-07-26;4829;4445;433455;364764;56.8;47.8
68;2021-07-27;6356;3751;439811;368515;57.6;48.3
68;2021-07-28;6844;3880;446655;372395;58.5;48.8
68;2021-07-29;6380;3413;453035;375808;59.4;49.2
68;2021-07-30;6327;4370;459362;380178;60.2;49.8
68;2021-07-31;3904;1425;463266;381603;60.7;50.0
68;2021-08-01;1644;481;464910;382084;60.9;50.1
68;2021-08-02;4585;3136;469495;385220;61.5;50.5
68;2021-08-03;3526;2431;473021;387651;62.0;50.8
68;2021-08-04;3128;2685;476149;390336;62.4;51.1
68;2021-08-05;2731;2635;478880;392971;62.7;51.5
68;2021-08-06;3980;4313;482860;397284;63.3;52.1
68;2021-08-07;1224;1303;484084;398587;63.4;52.2
68;2021-08-08;362;812;484446;399399;63.5;52.3
68;2021-08-09;2562;3681;487008;403080;63.8;52.8
68;2021-08-10;2204;2780;489212;405860;64.1;53.2
68;2021-08-11;1895;2722;491107;408582;64.3;53.5
68;2021-08-12;1738;2660;492845;411242;64.6;53.9
68;2021-08-13;2693;4756;495538;415998;64.9;54.5
68;2021-08-14;707;1436;496245;417434;65.0;54.7
68;2021-08-15;45;446;496290;417880;65.0;54.8
68;2021-08-16;1990;5051;498280;422931;65.3;55.4
68;2021-08-17;1788;4839;500068;427770;65.5;56.0
68;2021-08-18;1170;3684;501238;431454;65.7;56.5
68;2021-08-19;1351;3734;502589;435188;65.9;57.0
68;2021-08-20;2198;6046;504787;441234;66.1;57.8
68;2021-08-21;483;1376;505270;442610;66.2;58.0
68;2021-08-22;112;454;505382;443064;66.2;58.1
69;2020-12-27;3;0;3;0;0.0;0.0
69;2020-12-28;8;0;11;0;0.0;0.0
69;2020-12-29;5;0;16;0;0.0;0.0
69;2020-12-30;6;0;22;0;0.0;0.0
69;2020-12-31;10;0;32;0;0.0;0.0
69;2021-01-01;2;0;34;0;0.0;0.0
69;2021-01-02;1;0;35;0;0.0;0.0
69;2021-01-03;1;0;36;0;0.0;0.0
69;2021-01-04;11;0;47;0;0.0;0.0
69;2021-01-05;215;0;262;0;0.0;0.0
69;2021-01-06;509;0;771;0;0.0;0.0
69;2021-01-07;812;0;1583;0;0.1;0.0
69;2021-01-08;826;0;2409;0;0.1;0.0
69;2021-01-09;39;1;2448;1;0.1;0.0
69;2021-01-10;3;1;2451;2;0.1;0.0
69;2021-01-11;1135;2;3586;4;0.2;0.0
69;2021-01-12;1396;7;4982;11;0.3;0.0
69;2021-01-13;1392;3;6374;14;0.3;0.0
69;2021-01-14;2273;21;8647;35;0.5;0.0
69;2021-01-15;1826;8;10473;43;0.6;0.0
69;2021-01-16;928;4;11401;47;0.6;0.0
69;2021-01-17;260;2;11661;49;0.6;0.0
69;2021-01-18;1694;18;13355;67;0.7;0.0
69;2021-01-19;3511;34;16866;101;0.9;0.0
69;2021-01-20;4453;29;21319;130;1.1;0.0
69;2021-01-21;4070;29;25389;159;1.4;0.0
69;2021-01-22;3163;20;28552;179;1.5;0.0
69;2021-01-23;1284;5;29836;184;1.6;0.0
69;2021-01-24;101;1;29937;185;1.6;0.0
69;2021-01-25;2238;42;32175;227;1.7;0.0
69;2021-01-26;2563;90;34738;317;1.9;0.0
69;2021-01-27;2355;177;37093;494;2.0;0.0
69;2021-01-28;2237;377;39330;871;2.1;0.0
69;2021-01-29;2112;290;41442;1161;2.2;0.1
69;2021-01-30;889;3;42331;1164;2.3;0.1
69;2021-01-31;65;0;42396;1164;2.3;0.1
69;2021-02-01;1112;401;43508;1565;2.3;0.1
69;2021-02-02;1552;413;45060;1978;2.4;0.1
69;2021-02-03;1442;537;46502;2515;2.5;0.1
69;2021-02-04;1794;951;48296;3466;2.6;0.2
69;2021-02-05;820;822;49116;4288;2.6;0.2
69;2021-02-06;369;53;49485;4341;2.6;0.2
69;2021-02-07;0;0;49485;4341;2.6;0.2
69;2021-02-08;1133;1076;50618;5417;2.7;0.3
69;2021-02-09;2049;2113;52667;7530;2.8;0.4
69;2021-02-10;1855;2648;54522;10178;2.9;0.5
69;2021-02-11;1864;3293;56386;13471;3.0;0.7
69;2021-02-12;1900;2108;58286;15579;3.1;0.8
69;2021-02-13;458;799;58744;16378;3.1;0.9
69;2021-02-14;89;40;58833;16418;3.1;0.9
69;2021-02-15;1014;1770;59847;18188;3.2;1.0
69;2021-02-16;984;2444;60831;20632;3.2;1.1
69;2021-02-17;1027;2393;61858;23025;3.3;1.2
69;2021-02-18;967;2310;62825;25335;3.3;1.4
69;2021-02-19;891;1876;63716;27211;3.4;1.5
69;2021-02-20;321;912;64037;28123;3.4;1.5
69;2021-02-21;53;68;64090;28191;3.4;1.5
69;2021-02-22;610;2099;64700;30290;3.4;1.6
69;2021-02-23;740;2228;65440;32518;3.5;1.7
69;2021-02-24;972;2248;66412;34766;3.5;1.9
69;2021-02-25;2216;2682;68628;37448;3.7;2.0
69;2021-02-26;2775;1925;71403;39373;3.8;2.1
69;2021-02-27;924;573;72327;39946;3.9;2.1
69;2021-02-28;148;104;72475;40050;3.9;2.1
69;2021-03-01;2163;910;74638;40960;4.0;2.2
69;2021-03-02;3297;1403;77935;42363;4.2;2.3
69;2021-03-03;3670;1232;81605;43595;4.3;2.3
69;2021-03-04;4880;1294;86485;44889;4.6;2.4
69;2021-03-05;5872;1264;92357;46153;4.9;2.5
69;2021-03-06;3415;422;95772;46575;5.1;2.5
69;2021-03-07;640;42;96412;46617;5.1;2.5
69;2021-03-08;2957;1122;99369;47739;5.3;2.5
69;2021-03-09;4609;1267;103978;49006;5.5;2.6
69;2021-03-10;5067;1055;109045;50061;5.8;2.7
69;2021-03-11;6601;1053;115646;51114;6.2;2.7
69;2021-03-12;8856;1217;124502;52331;6.6;2.8
69;2021-03-13;4928;241;129430;52572;6.9;2.8
69;2021-03-14;2742;148;132172;52720;7.0;2.8
69;2021-03-15;4807;719;136979;53439;7.3;2.8
69;2021-03-16;3818;647;140797;54086;7.5;2.9
69;2021-03-17;3951;893;144748;54979;7.7;2.9
69;2021-03-18;4966;1616;149714;56595;8.0;3.0
69;2021-03-19;6688;1067;156402;57662;8.3;3.1
69;2021-03-20;3592;274;159994;57936;8.5;3.1
69;2021-03-21;1977;95;161971;58031;8.6;3.1
69;2021-03-22;4548;814;166519;58845;8.9;3.1
69;2021-03-23;7365;828;173884;59673;9.3;3.2
69;2021-03-24;6454;1008;180338;60681;9.6;3.2
69;2021-03-25;8587;1120;188925;61801;10.1;3.3
69;2021-03-26;8813;1249;197738;63050;10.5;3.4
69;2021-03-27;3155;799;200893;63849;10.7;3.4
69;2021-03-28;2216;189;203109;64038;10.8;3.4
69;2021-03-29;4098;2195;207207;66233;11.0;3.5
69;2021-03-30;7646;2546;214853;68779;11.5;3.7
69;2021-03-31;6357;3174;221210;71953;11.8;3.8
69;2021-04-01;8454;2745;229664;74698;12.2;4.0
69;2021-04-02;8311;3132;237975;77830;12.7;4.1
69;2021-04-03;5423;2166;243398;79996;13.0;4.3
69;2021-04-04;6611;550;250009;80546;13.3;4.3
69;2021-04-05;6193;818;256202;81364;13.7;4.3
69;2021-04-06;5114;3487;261316;84851;13.9;4.5
69;2021-04-07;5170;3898;266486;88749;14.2;4.7
69;2021-04-08;6425;4062;272911;92811;14.5;4.9
69;2021-04-09;9165;3779;282076;96590;15.0;5.1
69;2021-04-10;3053;2505;285129;99095;15.2;5.3
69;2021-04-11;2039;1900;287168;100995;15.3;5.4
69;2021-04-12;5471;3583;292639;104578;15.6;5.6
69;2021-04-13;7070;4123;299709;108701;16.0;5.8
69;2021-04-14;6717;4153;306426;112854;16.3;6.0
69;2021-04-15;7931;4594;314357;117448;16.8;6.3
69;2021-04-16;7864;4504;322221;121952;17.2;6.5
69;2021-04-17;5038;2318;327259;124270;17.4;6.6
69;2021-04-18;1715;1795;328974;126065;17.5;6.7
69;2021-04-19;7020;3777;335994;129842;17.9;6.9
69;2021-04-20;6485;4756;342479;134598;18.3;7.2
69;2021-04-21;5689;4417;348168;139015;18.6;7.4
69;2021-04-22;6427;5437;354595;144452;18.9;7.7
69;2021-04-23;6734;4897;361329;149349;19.3;8.0
69;2021-04-24;3157;2029;364486;151378;19.4;8.1
69;2021-04-25;2119;1545;366605;152923;19.5;8.2
69;2021-04-26;4498;3882;371103;156805;19.8;8.4
69;2021-04-27;6516;5334;377619;162139;20.1;8.6
69;2021-04-28;6275;4865;383894;167004;20.5;8.9
69;2021-04-29;6701;5396;390595;172400;20.8;9.2
69;2021-04-30;6931;6178;397526;178578;21.2;9.5
69;2021-05-01;3301;643;400827;179221;21.4;9.6
69;2021-05-02;1627;5886;402454;185107;21.5;9.9
69;2021-05-03;5858;8248;408312;193355;21.8;10.3
69;2021-05-04;7608;8171;415920;201526;22.2;10.7
69;2021-05-05;11211;5643;427131;207169;22.8;11.0
69;2021-05-06;12474;6292;439605;213461;23.4;11.4
69;2021-05-07;11686;7167;451291;220628;24.1;11.8
69;2021-05-08;4304;1653;455595;222281;24.3;11.8
69;2021-05-09;6635;2684;462230;224965;24.6;12.0
69;2021-05-10;6936;6066;469166;231031;25.0;12.3
69;2021-05-11;9829;7043;478995;238074;25.5;12.7
69;2021-05-12;12462;6817;491457;244891;26.2;13.1
69;2021-05-13;10841;2560;502298;247451;26.8;13.2
69;2021-05-14;12591;5224;514889;252675;27.4;13.5
69;2021-05-15;9142;2597;524031;255272;27.9;13.6
69;2021-05-16;8408;1877;532439;257149;28.4;13.7
69;2021-05-17;11307;5657;543746;262806;29.0;14.0
69;2021-05-18;13226;6406;556972;269212;29.7;14.3
69;2021-05-19;13699;5896;570671;275108;30.4;14.7
69;2021-05-20;11385;6088;582056;281196;31.0;15.0
69;2021-05-21;11044;6570;593100;287766;31.6;15.3
69;2021-05-22;5579;2575;598679;290341;31.9;15.5
69;2021-05-23;4569;1545;603248;291886;32.2;15.6
69;2021-05-24;8431;1864;611679;293750;32.6;15.7
69;2021-05-25;9747;6178;621426;299928;33.1;16.0
69;2021-05-26;10286;6118;631712;306046;33.7;16.3
69;2021-05-27;10436;6792;642148;312838;34.2;16.7
69;2021-05-28;11620;8750;653768;321588;34.8;17.1
69;2021-05-29;7393;6047;661161;327635;35.2;17.5
69;2021-05-30;7385;3170;668546;330805;35.6;17.6
69;2021-05-31;10963;6382;679509;337187;36.2;18.0
69;2021-06-01;12843;7523;692352;344710;36.9;18.4
69;2021-06-02;14897;6719;707249;351429;37.7;18.7
69;2021-06-03;16643;7434;723892;358863;38.6;19.1
69;2021-06-04;16207;8566;740099;367429;39.4;19.6
69;2021-06-05;10107;3415;750206;370844;40.0;19.8
69;2021-06-06;7490;1717;757696;372561;40.4;19.9
69;2021-06-07;12821;7040;770517;379601;41.1;20.2
69;2021-06-08;16380;8286;786897;387887;41.9;20.7
69;2021-06-09;15220;7366;802117;395253;42.8;21.1
69;2021-06-10;16279;7334;818396;402587;43.6;21.5
69;2021-06-11;16657;9696;835053;412283;44.5;22.0
69;2021-06-12;8538;4188;843591;416471;45.0;22.2
69;2021-06-13;5621;2146;849212;418617;45.3;22.3
69;2021-06-14;8586;9100;857798;427717;45.7;22.8
69;2021-06-15;10944;11027;868742;438744;46.3;23.4
69;2021-06-16;11352;12331;880094;451075;46.9;24.0
69;2021-06-17;11476;13257;891570;464332;47.5;24.8
69;2021-06-18;12078;14784;903648;479116;48.2;25.5
69;2021-06-19;6830;8352;910478;487468;48.5;26.0
69;2021-06-20;5276;4766;915754;492234;48.8;26.2
69;2021-06-21;6557;12125;922311;504359;49.2;26.9
69;2021-06-22;7215;13840;929526;518199;49.5;27.6
69;2021-06-23;8358;13039;937884;531238;50.0;28.3
69;2021-06-24;9300;13743;947184;544981;50.5;29.0
69;2021-06-25;7075;16315;954259;561296;50.9;29.9
69;2021-06-26;3952;9078;958211;570374;51.1;30.4
69;2021-06-27;3291;7421;961502;577795;51.3;30.8
69;2021-06-28;4548;14889;966050;592684;51.5;31.6
69;2021-06-29;5371;15660;971421;608344;51.8;32.4
69;2021-06-30;6394;14459;977815;622803;52.1;33.2
69;2021-07-01;8383;11974;986198;634777;52.6;33.8
69;2021-07-02;9548;14128;995746;648905;53.1;34.6
69;2021-07-03;5993;7773;1001739;656678;53.4;35.0
69;2021-07-04;4152;5552;1005891;662230;53.6;35.3
69;2021-07-05;6208;13024;1012099;675254;53.9;36.0
69;2021-07-06;5558;14287;1017657;689541;54.2;36.8
69;2021-07-07;7299;13565;1024956;703106;54.6;37.5
69;2021-07-08;7538;13414;1032494;716520;55.0;38.2
69;2021-07-09;7529;16474;1040023;732994;55.4;39.1
69;2021-07-10;3117;10319;1043140;743313;55.6;39.6
69;2021-07-11;4330;5832;1047470;749145;55.8;39.9
69;2021-07-12;4101;16974;1051571;766119;56.1;40.8
69;2021-07-13;6187;20734;1057758;786853;56.4;41.9
69;2021-07-14;5035;8498;1062793;795351;56.7;42.4
69;2021-07-15;7461;22602;1070254;817953;57.0;43.6
69;2021-07-16;9653;20141;1079907;838094;57.6;44.7
69;2021-07-17;4872;12238;1084779;850332;57.8;45.3
69;2021-07-18;3412;8903;1088191;859235;58.0;45.8
69;2021-07-19;6598;16473;1094789;875708;58.4;46.7
69;2021-07-20;9226;19312;1104015;895020;58.8;47.7
69;2021-07-21;9297;17415;1113312;912435;59.3;48.6
69;2021-07-22;11376;16447;1124688;928882;59.9;49.5
69;2021-07-23;10957;17679;1135645;946561;60.5;50.5
69;2021-07-24;5553;11049;1141198;957610;60.8;51.0
69;2021-07-25;4698;6630;1145896;964240;61.1;51.4
69;2021-07-26;8570;12956;1154466;977196;61.5;52.1
69;2021-07-27;12814;12173;1167280;989369;62.2;52.7
69;2021-07-28;12001;12142;1179281;1001511;62.9;53.4
69;2021-07-29;14657;12303;1193938;1013814;63.6;54.0
69;2021-07-30;13683;12229;1207621;1026043;64.4;54.7
69;2021-07-31;8124;7227;1215745;1033270;64.8;55.1
69;2021-08-01;5010;5862;1220755;1039132;65.1;55.4
69;2021-08-02;10178;9580;1230933;1048712;65.6;55.9
69;2021-08-03;12691;8969;1243624;1057681;66.3;56.4
69;2021-08-04;12309;8122;1255933;1065803;66.9;56.8
69;2021-08-05;10777;7499;1266710;1073302;67.5;57.2
69;2021-08-06;9500;7767;1276210;1081069;68.0;57.6
69;2021-08-07;4716;4805;1280926;1085874;68.3;57.9
69;2021-08-08;4260;3548;1285186;1089422;68.5;58.1
69;2021-08-09;6869;9190;1292055;1098612;68.9;58.6
69;2021-08-10;7689;7001;1299744;1105613;69.3;58.9
69;2021-08-11;7509;8093;1307253;1113706;69.7;59.4
69;2021-08-12;6951;7312;1314204;1121018;70.1;59.8
69;2021-08-13;6244;8332;1320448;1129350;70.4;60.2
69;2021-08-14;4157;5354;1324605;1134704;70.6;60.5
69;2021-08-15;2337;2519;1326942;1137223;70.7;60.6
69;2021-08-16;4852;8854;1331794;1146077;71.0;61.1
69;2021-08-17;6113;8244;1337907;1154321;71.3;61.5
69;2021-08-18;5959;9429;1343866;1163750;71.6;62.0
69;2021-08-19;6001;9275;1349867;1173025;72.0;62.5
69;2021-08-20;5669;8766;1355536;1181791;72.3;63.0
69;2021-08-21;2683;3933;1358219;1185724;72.4;63.2
69;2021-08-22;1848;2405;1360067;1188129;72.5;63.3
70;2020-12-27;0;0;0;0;0.0;0.0
70;2020-12-28;0;0;0;0;0.0;0.0
70;2020-12-29;0;0;0;0;0.0;0.0
70;2020-12-30;0;0;0;0;0.0;0.0
70;2020-12-31;0;0;0;0;0.0;0.0
70;2021-01-01;0;0;0;0;0.0;0.0
70;2021-01-02;0;0;0;0;0.0;0.0
70;2021-01-03;0;0;0;0;0.0;0.0
70;2021-01-04;0;0;0;0;0.0;0.0
70;2021-01-05;0;0;0;0;0.0;0.0
70;2021-01-06;24;0;24;0;0.0;0.0
70;2021-01-07;121;0;145;0;0.1;0.0
70;2021-01-08;22;0;167;0;0.1;0.0
70;2021-01-09;0;0;167;0;0.1;0.0
70;2021-01-10;0;0;167;0;0.1;0.0
70;2021-01-11;148;1;315;1;0.1;0.0
70;2021-01-12;201;1;516;2;0.2;0.0
70;2021-01-13;172;2;688;4;0.3;0.0
70;2021-01-14;149;6;837;10;0.4;0.0
70;2021-01-15;153;1;990;11;0.4;0.0
70;2021-01-16;65;0;1055;11;0.5;0.0
70;2021-01-17;0;0;1055;11;0.5;0.0
70;2021-01-18;394;0;1449;11;0.6;0.0
70;2021-01-19;503;2;1952;13;0.8;0.0
70;2021-01-20;494;2;2446;15;1.0;0.0
70;2021-01-21;673;2;3119;17;1.3;0.0
70;2021-01-22;458;3;3577;20;1.5;0.0
70;2021-01-23;261;2;3838;22;1.6;0.0
70;2021-01-24;4;0;3842;22;1.6;0.0
70;2021-01-25;371;1;4213;23;1.8;0.0
70;2021-01-26;335;1;4548;24;2.0;0.0
70;2021-01-27;329;10;4877;34;2.1;0.0
70;2021-01-28;365;36;5242;70;2.2;0.0
70;2021-01-29;329;52;5571;122;2.4;0.1
70;2021-01-30;228;1;5799;123;2.5;0.1
70;2021-01-31;0;0;5799;123;2.5;0.1
70;2021-02-01;260;52;6059;175;2.6;0.1
70;2021-02-02;272;98;6331;273;2.7;0.1
70;2021-02-03;251;61;6582;334;2.8;0.1
70;2021-02-04;264;122;6846;456;2.9;0.2
70;2021-02-05;254;75;7100;531;3.0;0.2
70;2021-02-06;209;38;7309;569;3.1;0.2
70;2021-02-07;0;0;7309;569;3.1;0.2
70;2021-02-08;178;233;7487;802;3.2;0.3
70;2021-02-09;205;231;7692;1033;3.3;0.4
70;2021-02-10;196;303;7888;1336;3.4;0.6
70;2021-02-11;351;331;8239;1667;3.5;0.7
70;2021-02-12;239;492;8478;2159;3.6;0.9
70;2021-02-13;75;211;8553;2370;3.7;1.0
70;2021-02-14;0;29;8553;2399;3.7;1.0
70;2021-02-15;70;340;8623;2739;3.7;1.2
70;2021-02-16;113;362;8736;3101;3.7;1.3
70;2021-02-17;167;305;8903;3406;3.8;1.5
70;2021-02-18;205;258;9108;3664;3.9;1.6
70;2021-02-19;197;206;9305;3870;4.0;1.7
70;2021-02-20;192;69;9497;3939;4.1;1.7
70;2021-02-21;1;0;9498;3939;4.1;1.7
70;2021-02-22;106;237;9604;4176;4.1;1.8
70;2021-02-23;125;260;9729;4436;4.2;1.9
70;2021-02-24;130;233;9859;4669;4.2;2.0
70;2021-02-25;315;257;10174;4926;4.4;2.1
70;2021-02-26;395;149;10569;5075;4.5;2.2
70;2021-02-27;147;202;10716;5277;4.6;2.3
70;2021-02-28;0;0;10716;5277;4.6;2.3
70;2021-03-01;249;242;10965;5519;4.7;2.4
70;2021-03-02;487;276;11452;5795;4.9;2.5
70;2021-03-03;467;260;11919;6055;5.1;2.6
70;2021-03-04;691;272;12610;6327;5.4;2.7
70;2021-03-05;766;258;13376;6585;5.7;2.8
70;2021-03-06;540;116;13916;6701;6.0;2.9
70;2021-03-07;216;23;14132;6724;6.1;2.9
70;2021-03-08;554;211;14686;6935;6.3;3.0
70;2021-03-09;866;175;15552;7110;6.7;3.0
70;2021-03-10;659;177;16211;7287;7.0;3.1
70;2021-03-11;698;255;16909;7542;7.3;3.2
70;2021-03-12;985;178;17894;7720;7.7;3.3
70;2021-03-13;582;120;18476;7840;7.9;3.4
70;2021-03-14;19;0;18495;7840;7.9;3.4
70;2021-03-15;774;110;19269;7950;8.3;3.4
70;2021-03-16;655;96;19924;8046;8.5;3.5
70;2021-03-17;595;181;20519;8227;8.8;3.5
70;2021-03-18;633;141;21152;8368;9.1;3.6
70;2021-03-19;1019;142;22171;8510;9.5;3.6
70;2021-03-20;641;186;22812;8696;9.8;3.7
70;2021-03-21;9;0;22821;8696;9.8;3.7
70;2021-03-22;757;98;23578;8794;10.1;3.8
70;2021-03-23;1309;160;24887;8954;10.7;3.8
70;2021-03-24;1270;107;26157;9061;11.2;3.9
70;2021-03-25;1245;199;27402;9260;11.8;4.0
70;2021-03-26;1487;296;28889;9556;12.4;4.1
70;2021-03-27;957;129;29846;9685;12.8;4.2
70;2021-03-28;0;10;29846;9695;12.8;4.2
70;2021-03-29;719;413;30565;10108;13.1;4.3
70;2021-03-30;1093;317;31658;10425;13.6;4.5
70;2021-03-31;878;317;32536;10742;14.0;4.6
70;2021-04-01;1154;426;33690;11168;14.4;4.8
70;2021-04-02;1310;346;35000;11514;15.0;4.9
70;2021-04-03;639;322;35639;11836;15.3;5.1
70;2021-04-04;10;0;35649;11836;15.3;5.1
70;2021-04-05;4;2;35653;11838;15.3;5.1
70;2021-04-06;831;555;36484;12393;15.6;5.3
70;2021-04-07;858;588;37342;12981;16.0;5.6
70;2021-04-08;1320;562;38662;13543;16.6;5.8
70;2021-04-09;1403;534;40065;14077;17.2;6.0
70;2021-04-10;859;348;40924;14425;17.5;6.2
70;2021-04-11;21;1;40945;14426;17.6;6.2
70;2021-04-12;695;659;41640;15085;17.9;6.5
70;2021-04-13;920;770;42560;15855;18.3;6.8
70;2021-04-14;815;576;43375;16431;18.6;7.0
70;2021-04-15;1079;605;44454;17036;19.1;7.3
70;2021-04-16;1243;554;45697;17590;19.6;7.5
70;2021-04-17;689;469;46386;18059;19.9;7.7
70;2021-04-18;59;4;46445;18063;19.9;7.7
70;2021-04-19;540;807;46985;18870;20.1;8.1
70;2021-04-20;664;855;47649;19725;20.4;8.5
70;2021-04-21;484;930;48133;20655;20.6;8.9
70;2021-04-22;776;800;48909;21455;21.0;9.2
70;2021-04-23;875;743;49784;22198;21.3;9.5
70;2021-04-24;432;642;50216;22840;21.5;9.8
70;2021-04-25;11;0;50227;22840;21.5;9.8
70;2021-04-26;925;603;51152;23443;21.9;10.1
70;2021-04-27;1209;752;52361;24195;22.5;10.4
70;2021-04-28;889;811;53250;25006;22.8;10.7
70;2021-04-29;1343;931;54593;25937;23.4;11.1
70;2021-04-30;1533;876;56126;26813;24.1;11.5
70;2021-05-01;1694;120;57820;26933;24.8;11.5
70;2021-05-02;2;0;57822;26933;24.8;11.5
70;2021-05-03;1191;579;59013;27512;25.3;11.8
70;2021-05-04;1354;753;60367;28265;25.9;12.1
70;2021-05-05;1190;874;61557;29139;26.4;12.5
70;2021-05-06;1846;1268;63403;30407;27.2;13.0
70;2021-05-07;2127;1242;65530;31649;28.1;13.6
70;2021-05-08;1341;191;66871;31840;28.7;13.7
70;2021-05-09;8;58;66879;31898;28.7;13.7
70;2021-05-10;960;946;67839;32844;29.1;14.1
70;2021-05-11;1239;1074;69078;33918;29.6;14.5
70;2021-05-12;1176;867;70254;34785;30.1;14.9
70;2021-05-13;1544;148;71798;34933;30.8;15.0
70;2021-05-14;2062;758;73860;35691;31.7;15.3
70;2021-05-15;2657;531;76517;36222;32.8;15.5
70;2021-05-16;999;72;77516;36294;33.2;15.6
70;2021-05-17;1238;385;78754;36679;33.8;15.7
70;2021-05-18;1296;591;80050;37270;34.3;16.0
70;2021-05-19;1476;480;81526;37750;35.0;16.2
70;2021-05-20;1780;633;83306;38383;35.7;16.5
70;2021-05-21;1693;822;84999;39205;36.4;16.8
70;2021-05-22;1221;665;86220;39870;37.0;17.1
70;2021-05-23;8;14;86228;39884;37.0;17.1
70;2021-05-24;227;26;86455;39910;37.1;17.1
70;2021-05-25;837;927;87292;40837;37.4;17.5
70;2021-05-26;1048;947;88340;41784;37.9;17.9
70;2021-05-27;1263;998;89603;42782;38.4;18.3
70;2021-05-28;1546;1161;91149;43943;39.1;18.8
70;2021-05-29;1371;587;92520;44530;39.7;19.1
70;2021-05-30;1;8;92521;44538;39.7;19.1
70;2021-05-31;969;678;93490;45216;40.1;19.4
70;2021-06-01;1213;849;94703;46065;40.6;19.8
70;2021-06-02;1265;680;95968;46745;41.2;20.0
70;2021-06-03;1430;839;97398;47584;41.8;20.4
70;2021-06-04;1335;1110;98733;48694;42.3;20.9
70;2021-06-05;1024;664;99757;49358;42.8;21.2
70;2021-06-06;599;79;100356;49437;43.0;21.2
70;2021-06-07;940;850;101296;50287;43.4;21.6
70;2021-06-08;1217;1185;102513;51472;44.0;22.1
70;2021-06-09;1156;987;103669;52459;44.5;22.5
70;2021-06-10;1568;830;105237;53289;45.1;22.9
70;2021-06-11;1586;1956;106823;55245;45.8;23.7
70;2021-06-12;829;1971;107652;57216;46.2;24.5
70;2021-06-13;142;14;107794;57230;46.2;24.5
70;2021-06-14;558;1245;108352;58475;46.5;25.1
70;2021-06-15;451;1507;108803;59982;46.7;25.7
70;2021-06-16;800;1393;109603;61375;47.0;26.3
70;2021-06-17;1150;2095;110753;63470;47.5;27.2
70;2021-06-18;997;2255;111750;65725;47.9;28.2
70;2021-06-19;1091;1640;112841;67365;48.4;28.9
70;2021-06-20;1;3;112842;67368;48.4;28.9
70;2021-06-21;692;1453;113534;68821;48.7;29.5
70;2021-06-22;654;1510;114188;70331;49.0;30.2
70;2021-06-23;662;1570;114850;71901;49.3;30.8
70;2021-06-24;877;2050;115727;73951;49.6;31.7
70;2021-06-25;682;2646;116409;76597;49.9;32.8
70;2021-06-26;943;2136;117352;78733;50.3;33.8
70;2021-06-27;141;761;117493;79494;50.4;34.1
70;2021-06-28;336;1349;117829;80843;50.5;34.7
70;2021-06-29;411;1610;118240;82453;50.7;35.4
70;2021-06-30;390;1635;118630;84088;50.9;36.1
70;2021-07-01;640;1751;119270;85839;51.1;36.8
70;2021-07-02;815;1577;120085;87416;51.5;37.5
70;2021-07-03;841;1082;120926;88498;51.9;38.0
70;2021-07-04;29;70;120955;88568;51.9;38.0
70;2021-07-05;610;1037;121565;89605;52.1;38.4
70;2021-07-06;681;1275;122246;90880;52.4;39.0
70;2021-07-07;508;1424;122754;92304;52.6;39.6
70;2021-07-08;816;1573;123570;93877;53.0;40.3
70;2021-07-09;871;1662;124441;95539;53.4;41.0
70;2021-07-10;831;1031;125272;96570;53.7;41.4
70;2021-07-11;7;20;125279;96590;53.7;41.4
70;2021-07-12;430;1394;125709;97984;53.9;42.0
70;2021-07-13;906;1866;126615;99850;54.3;42.8
70;2021-07-14;33;6;126648;99856;54.3;42.8
70;2021-07-15;1381;1693;128029;101549;54.9;43.5
70;2021-07-16;1627;2065;129656;103614;55.6;44.4
70;2021-07-17;1501;1451;131157;105065;56.2;45.1
70;2021-07-18;1144;640;132301;105705;56.7;45.3
70;2021-07-19;883;972;133184;106677;57.1;45.7
70;2021-07-20;1350;1353;134534;108030;57.7;46.3
70;2021-07-21;1285;1403;135819;109433;58.2;46.9
70;2021-07-22;1864;1824;137683;111257;59.0;47.7
70;2021-07-23;1828;2491;139511;113748;59.8;48.8
70;2021-07-24;1364;1804;140875;115552;60.4;49.6
70;2021-07-25;25;3;140900;115555;60.4;49.6
70;2021-07-26;1054;974;141954;116529;60.9;50.0
70;2021-07-27;1399;975;143353;117504;61.5;50.4
70;2021-07-28;1399;1163;144752;118667;62.1;50.9
70;2021-07-29;1873;1384;146625;120051;62.9;51.5
70;2021-07-30;1968;1345;148593;121396;63.7;52.1
70;2021-07-31;1744;1164;150337;122560;64.5;52.6
70;2021-08-01;1;4;150338;122564;64.5;52.6
70;2021-08-02;773;735;151111;123299;64.8;52.9
70;2021-08-03;1290;1038;152401;124337;65.4;53.3
70;2021-08-04;1209;919;153610;125256;65.9;53.7
70;2021-08-05;1657;1190;155267;126446;66.6;54.2
70;2021-08-06;1794;1332;157061;127778;67.4;54.8
70;2021-08-07;1190;1028;158251;128806;67.9;55.2
70;2021-08-08;35;28;158286;128834;67.9;55.2
70;2021-08-09;527;702;158813;129536;68.1;55.5
70;2021-08-10;896;1133;159709;130669;68.5;56.0
70;2021-08-11;806;723;160515;131392;68.8;56.3
70;2021-08-12;901;1273;161416;132665;69.2;56.9
70;2021-08-13;1040;1622;162456;134287;69.7;57.6
70;2021-08-14;770;968;163226;135255;70.0;58.0
70;2021-08-15;36;28;163262;135283;70.0;58.0
70;2021-08-16;544;906;163806;136189;70.2;58.4
70;2021-08-17;675;1194;164481;137383;70.5;58.9
70;2021-08-18;536;938;165017;138321;70.8;59.3
70;2021-08-19;565;1386;165582;139707;71.0;59.9
70;2021-08-20;509;1899;166091;141606;71.2;60.7
70;2021-08-21;447;1156;166538;142762;71.4;61.2
70;2021-08-22;2;6;166540;142768;71.4;61.2
71;2020-12-27;0;0;0;0;0.0;0.0
71;2020-12-28;0;0;0;0;0.0;0.0
71;2020-12-29;0;0;0;0;0.0;0.0
71;2020-12-30;0;0;0;0;0.0;0.0
71;2020-12-31;0;0;0;0;0.0;0.0
71;2021-01-01;1;0;1;0;0.0;0.0
71;2021-01-02;0;0;1;0;0.0;0.0
71;2021-01-03;1;0;2;0;0.0;0.0
71;2021-01-04;1;0;3;0;0.0;0.0
71;2021-01-05;12;0;15;0;0.0;0.0
71;2021-01-06;72;0;87;0;0.0;0.0
71;2021-01-07;66;0;153;0;0.0;0.0
71;2021-01-08;146;0;299;0;0.1;0.0
71;2021-01-09;117;0;416;0;0.1;0.0
71;2021-01-10;1;0;417;0;0.1;0.0
71;2021-01-11;245;1;662;1;0.1;0.0
71;2021-01-12;846;1;1508;2;0.3;0.0
71;2021-01-13;563;2;2071;4;0.4;0.0
71;2021-01-14;581;9;2652;13;0.5;0.0
71;2021-01-15;666;2;3318;15;0.6;0.0
71;2021-01-16;9;0;3327;15;0.6;0.0
71;2021-01-17;0;0;3327;15;0.6;0.0
71;2021-01-18;1094;8;4421;23;0.8;0.0
71;2021-01-19;1692;7;6113;30;1.1;0.0
71;2021-01-20;1514;5;7627;35;1.4;0.0
71;2021-01-21;2058;17;9685;52;1.8;0.0
71;2021-01-22;1411;6;11096;58;2.0;0.0
71;2021-01-23;815;6;11911;64;2.2;0.0
71;2021-01-24;0;0;11911;64;2.2;0.0
71;2021-01-25;1064;6;12975;70;2.4;0.0
71;2021-01-26;1505;22;14480;92;2.6;0.0
71;2021-01-27;1248;33;15728;125;2.9;0.0
71;2021-01-28;1082;97;16810;222;3.1;0.0
71;2021-01-29;1014;143;17824;365;3.3;0.1
71;2021-01-30;605;2;18429;367;3.4;0.1
71;2021-01-31;1;15;18430;382;3.4;0.1
71;2021-02-01;751;238;19181;620;3.5;0.1
71;2021-02-02;753;357;19934;977;3.6;0.2
71;2021-02-03;817;424;20751;1401;3.8;0.3
71;2021-02-04;780;572;21531;1973;3.9;0.4
71;2021-02-05;705;524;22236;2497;4.1;0.5
71;2021-02-06;535;9;22771;2506;4.2;0.5
71;2021-02-07;4;50;22775;2556;4.2;0.5
71;2021-02-08;603;698;23378;3254;4.3;0.6
71;2021-02-09;370;1012;23748;4266;4.3;0.8
71;2021-02-10;412;991;24160;5257;4.4;1.0
71;2021-02-11;472;1180;24632;6437;4.5;1.2
71;2021-02-12;535;1037;25167;7474;4.6;1.4
71;2021-02-13;124;510;25291;7984;4.6;1.5
71;2021-02-14;1;7;25292;7991;4.6;1.5
71;2021-02-15;323;914;25615;8905;4.7;1.6
71;2021-02-16;442;1362;26057;10267;4.8;1.9
71;2021-02-17;426;1124;26483;11391;4.8;2.1
71;2021-02-18;548;933;27031;12324;4.9;2.2
71;2021-02-19;573;849;27604;13173;5.0;2.4
71;2021-02-20;224;381;27828;13554;5.1;2.5
71;2021-02-21;4;13;27832;13567;5.1;2.5
71;2021-02-22;237;874;28069;14441;5.1;2.6
71;2021-02-23;452;926;28521;15367;5.2;2.8
71;2021-02-24;444;724;28965;16091;5.3;2.9
71;2021-02-25;533;729;29498;16820;5.4;3.1
71;2021-02-26;830;532;30328;17352;5.5;3.2
71;2021-02-27;456;339;30784;17691;5.6;3.2
71;2021-02-28;54;14;30838;17705;5.6;3.2
71;2021-03-01;1188;680;32026;18385;5.8;3.4
71;2021-03-02;1574;644;33600;19029;6.1;3.5
71;2021-03-03;1819;772;35419;19801;6.5;3.6
71;2021-03-04;2003;821;37422;20622;6.8;3.8
71;2021-03-05;2288;693;39710;21315;7.2;3.9
71;2021-03-06;755;66;40465;21381;7.4;3.9
71;2021-03-07;40;21;40505;21402;7.4;3.9
71;2021-03-08;1452;783;41957;22185;7.7;4.0
71;2021-03-09;2160;532;44117;22717;8.1;4.1
71;2021-03-10;2172;471;46289;23188;8.4;4.2
71;2021-03-11;2630;667;48919;23855;8.9;4.4
71;2021-03-12;2606;624;51525;24479;9.4;4.5
71;2021-03-13;996;101;52521;24580;9.6;4.5
71;2021-03-14;35;0;52556;24580;9.6;4.5
71;2021-03-15;1798;498;54354;25078;9.9;4.6
71;2021-03-16;1821;199;56175;25277;10.3;4.6
71;2021-03-17;2134;250;58309;25527;10.6;4.7
71;2021-03-18;1953;437;60262;25964;11.0;4.7
71;2021-03-19;2370;332;62632;26296;11.4;4.8
71;2021-03-20;1084;39;63716;26335;11.6;4.8
71;2021-03-21;17;5;63733;26340;11.6;4.8
71;2021-03-22;2576;380;66309;26720;12.1;4.9
71;2021-03-23;3347;509;69656;27229;12.7;5.0
71;2021-03-24;3348;461;73004;27690;13.3;5.1
71;2021-03-25;4027;588;77031;28278;14.1;5.2
71;2021-03-26;4056;340;81087;28618;14.8;5.2
71;2021-03-27;998;107;82085;28725;15.0;5.2
71;2021-03-28;57;8;82142;28733;15.0;5.2
71;2021-03-29;2409;1176;84551;29909;15.4;5.5
71;2021-03-30;2952;1361;87503;31270;16.0;5.7
71;2021-03-31;2550;1526;90053;32796;16.4;6.0
71;2021-04-01;2717;1301;92770;34097;16.9;6.2
71;2021-04-02;2504;1423;95274;35520;17.4;6.5
71;2021-04-03;268;34;95542;35554;17.4;6.5
71;2021-04-04;6;0;95548;35554;17.4;6.5
71;2021-04-05;61;0;95609;35554;17.5;6.5
71;2021-04-06;2259;1878;97868;37432;17.9;6.8
71;2021-04-07;2391;1793;100259;39225;18.3;7.2
71;2021-04-08;3283;1808;103542;41033;18.9;7.5
71;2021-04-09;4041;1672;107583;42705;19.6;7.8
71;2021-04-10;769;46;108352;42751;19.8;7.8
71;2021-04-11;100;3;108452;42754;19.8;7.8
71;2021-04-12;2355;1703;110807;44457;20.2;8.1
71;2021-04-13;2584;1891;113391;46348;20.7;8.5
71;2021-04-14;2373;1922;115764;48270;21.1;8.8
71;2021-04-15;2778;1690;118542;49960;21.6;9.1
71;2021-04-16;2628;1650;121170;51610;22.1;9.4
71;2021-04-17;952;344;122122;51954;22.3;9.5
71;2021-04-18;106;6;122228;51960;22.3;9.5
71;2021-04-19;1759;2573;123987;54533;22.6;10.0
71;2021-04-20;2220;2602;126207;57135;23.0;10.4
71;2021-04-21;2125;2594;128332;59729;23.4;10.9
71;2021-04-22;2511;2445;130843;62174;23.9;11.3
71;2021-04-23;2921;2271;133764;64445;24.4;11.8
71;2021-04-24;517;52;134281;64497;24.5;11.8
71;2021-04-25;26;0;134307;64497;24.5;11.8
71;2021-04-26;2567;2136;136874;66633;25.0;12.2
71;2021-04-27;2989;2266;139863;68899;25.5;12.6
71;2021-04-28;3075;2131;142938;71030;26.1;13.0
71;2021-04-29;3779;2236;146717;73266;26.8;13.4
71;2021-04-30;3928;1728;150645;74994;27.5;13.7
71;2021-05-01;39;53;150684;75047;27.5;13.7
71;2021-05-02;23;18;150707;75065;27.5;13.7
71;2021-05-03;4289;1386;154996;76451;28.3;14.0
71;2021-05-04;2956;2358;157952;78809;28.8;14.4
71;2021-05-05;3426;2095;161378;80904;29.5;14.8
71;2021-05-06;3466;2369;164844;83273;30.1;15.2
71;2021-05-07;3675;2812;168519;86085;30.8;15.7
71;2021-05-08;180;183;168699;86268;30.8;15.7
71;2021-05-09;44;47;168743;86315;30.8;15.8
71;2021-05-10;3700;2285;172443;88600;31.5;16.2
71;2021-05-11;4663;2360;177106;90960;32.3;16.6
71;2021-05-12;3976;2600;181082;93560;33.1;17.1
71;2021-05-13;1576;154;182658;93714;33.3;17.1
71;2021-05-14;3765;2194;186423;95908;34.0;17.5
71;2021-05-15;242;329;186665;96237;34.1;17.6
71;2021-05-16;2;0;186667;96237;34.1;17.6
71;2021-05-17;3864;1886;190531;98123;34.8;17.9
71;2021-05-18;3496;2428;194027;100551;35.4;18.4
71;2021-05-19;3719;2281;197746;102832;36.1;18.8
71;2021-05-20;4182;2300;201928;105132;36.9;19.2
71;2021-05-21;3723;2576;205651;107708;37.5;19.7
71;2021-05-22;168;306;205819;108014;37.6;19.7
71;2021-05-23;14;55;205833;108069;37.6;19.7
71;2021-05-24;18;96;205851;108165;37.6;19.7
71;2021-05-25;2690;3008;208541;111173;38.1;20.3
71;2021-05-26;2973;2432;211514;113605;38.6;20.7
71;2021-05-27;3387;2589;214901;116194;39.2;21.2
71;2021-05-28;2920;3163;217821;119357;39.8;21.8
71;2021-05-29;482;660;218303;120017;39.8;21.9
71;2021-05-30;75;57;218378;120074;39.9;21.9
71;2021-05-31;2776;3458;221154;123532;40.4;22.5
71;2021-06-01;3674;3542;224828;127074;41.0;23.2
71;2021-06-02;3996;2624;228824;129698;41.8;23.7
71;2021-06-03;4436;2530;233260;132228;42.6;24.1
71;2021-06-04;3717;3714;236977;135942;43.3;24.8
71;2021-06-05;683;646;237660;136588;43.4;24.9
71;2021-06-06;57;91;237717;136679;43.4;24.9
71;2021-06-07;3283;4150;241000;140829;44.0;25.7
71;2021-06-08;3897;4014;244897;144843;44.7;26.4
71;2021-06-09;4694;2751;249591;147594;45.6;26.9
71;2021-06-10;5269;2745;254860;150339;46.5;27.4
71;2021-06-11;4435;3723;259295;154062;47.3;28.1
71;2021-06-12;716;594;260011;154656;47.5;28.2
71;2021-06-13;104;187;260115;154843;47.5;28.3
71;2021-06-14;3512;3783;263627;158626;48.1;29.0
71;2021-06-15;4207;3560;267834;162186;48.9;29.6
71;2021-06-16;4596;2726;272430;164912;49.7;30.1
71;2021-06-17;4268;2998;276698;167910;50.5;30.7
71;2021-06-18;4324;3772;281022;171682;51.3;31.3
71;2021-06-19;1269;654;282291;172336;51.5;31.5
71;2021-06-20;37;27;282328;172363;51.5;31.5
71;2021-06-21;2270;4282;284598;176645;52.0;32.2
71;2021-06-22;2687;4356;287285;181001;52.4;33.0
71;2021-06-23;3061;3419;290346;184420;53.0;33.7
71;2021-06-24;3328;3021;293674;187441;53.6;34.2
71;2021-06-25;2654;4473;296328;191914;54.1;35.0
71;2021-06-26;372;551;296700;192465;54.2;35.1
71;2021-06-27;30;68;296730;192533;54.2;35.1
71;2021-06-28;1535;4621;298265;197154;54.4;36.0
71;2021-06-29;1992;4824;300257;201978;54.8;36.9
71;2021-06-30;2503;3936;302760;205914;55.3;37.6
71;2021-07-01;2826;3906;305586;209820;55.8;38.3
71;2021-07-02;3032;3984;308618;213804;56.3;39.0
71;2021-07-03;318;711;308936;214515;56.4;39.2
71;2021-07-04;28;132;308964;214647;56.4;39.2
71;2021-07-05;2477;4320;311441;218967;56.9;40.0
71;2021-07-06;2462;4566;313903;223533;57.3;40.8
71;2021-07-07;2984;3723;316887;227256;57.8;41.5
71;2021-07-08;2768;4112;319655;231368;58.3;42.2
71;2021-07-09;2381;5025;322036;236393;58.8;43.2
71;2021-07-10;211;655;322247;237048;58.8;43.3
71;2021-07-11;15;65;322262;237113;58.8;43.3
71;2021-07-12;1912;5310;324174;242423;59.2;44.3
71;2021-07-13;2540;5865;326714;248288;59.6;45.3
71;2021-07-14;948;400;327662;248688;59.8;45.4
71;2021-07-15;3019;5737;330681;254425;60.4;46.4
71;2021-07-16;3296;6012;333977;260437;61.0;47.5
71;2021-07-17;505;782;334482;261219;61.1;47.7
71;2021-07-18;89;93;334571;261312;61.1;47.7
71;2021-07-19;2863;5569;337434;266881;61.6;48.7
71;2021-07-20;3362;5920;340796;272801;62.2;49.8
71;2021-07-21;3410;5471;344206;278272;62.8;50.8
71;2021-07-22;3942;5340;348148;283612;63.6;51.8
71;2021-07-23;3233;6000;351381;289612;64.1;52.9
71;2021-07-24;705;598;352086;290210;64.3;53.0
71;2021-07-25;148;82;352234;290292;64.3;53.0
71;2021-07-26;3587;4902;355821;295194;65.0;53.9
71;2021-07-27;4077;5123;359898;300317;65.7;54.8
71;2021-07-28;4234;4823;364132;305140;66.5;55.7
71;2021-07-29;4200;4641;368332;309781;67.2;56.5
71;2021-07-30;4226;4920;372558;314701;68.0;57.4
71;2021-07-31;718;727;373276;315428;68.1;57.6
71;2021-08-01;104;35;373380;315463;68.2;57.6
71;2021-08-02;3945;3761;377325;319224;68.9;58.3
71;2021-08-03;4379;3824;381704;323048;69.7;59.0
71;2021-08-04;4370;2982;386074;326030;70.5;59.5
71;2021-08-05;4151;3257;390225;329287;71.2;60.1
71;2021-08-06;3672;4011;393897;333298;71.9;60.8
71;2021-08-07;493;329;394390;333627;72.0;60.9
71;2021-08-08;46;65;394436;333692;72.0;60.9
71;2021-08-09;3031;3423;397467;337115;72.6;61.5
71;2021-08-10;3058;3390;400525;340505;73.1;62.2
71;2021-08-11;3171;3073;403696;343578;73.7;62.7
71;2021-08-12;2985;3098;406681;346676;74.2;63.3
71;2021-08-13;2638;3328;409319;350004;74.7;63.9
71;2021-08-14;278;521;409597;350525;74.8;64.0
71;2021-08-15;49;109;409646;350634;74.8;64.0
71;2021-08-16;1700;3529;411346;354163;75.1;64.6
71;2021-08-17;1731;3433;413077;357596;75.4;65.3
71;2021-08-18;1443;3160;414520;360756;75.7;65.9
71;2021-08-19;1264;3113;415784;363869;75.9;66.4
71;2021-08-20;1270;3692;417054;367561;76.1;67.1
71;2021-08-21;144;411;417198;367972;76.2;67.2
71;2021-08-22;39;98;417237;368070;76.2;67.2
72;2020-12-27;0;0;0;0;0.0;0.0
72;2020-12-28;0;0;0;0;0.0;0.0
72;2020-12-29;0;0;0;0;0.0;0.0
72;2020-12-30;0;0;0;0;0.0;0.0
72;2020-12-31;0;0;0;0;0.0;0.0
72;2021-01-01;2;0;2;0;0.0;0.0
72;2021-01-02;0;0;2;0;0.0;0.0
72;2021-01-03;0;0;2;0;0.0;0.0
72;2021-01-04;0;0;2;0;0.0;0.0
72;2021-01-05;14;0;16;0;0.0;0.0
72;2021-01-06;27;0;43;0;0.0;0.0
72;2021-01-07;110;0;153;0;0.0;0.0
72;2021-01-08;232;0;385;0;0.1;0.0
72;2021-01-09;36;0;421;0;0.1;0.0
72;2021-01-10;0;0;421;0;0.1;0.0
72;2021-01-11;484;1;905;1;0.2;0.0
72;2021-01-12;615;1;1520;2;0.3;0.0
72;2021-01-13;500;1;2020;3;0.4;0.0
72;2021-01-14;644;3;2664;6;0.5;0.0
72;2021-01-15;478;1;3142;7;0.6;0.0
72;2021-01-16;93;0;3235;7;0.6;0.0
72;2021-01-17;0;0;3235;7;0.6;0.0
72;2021-01-18;292;0;3527;7;0.6;0.0
72;2021-01-19;776;3;4303;10;0.8;0.0
72;2021-01-20;1534;6;5837;16;1.0;0.0
72;2021-01-21;1746;5;7583;21;1.4;0.0
72;2021-01-22;1149;6;8732;27;1.6;0.0
72;2021-01-23;32;0;8764;27;1.6;0.0
72;2021-01-24;0;0;8764;27;1.6;0.0
72;2021-01-25;502;7;9266;34;1.7;0.0
72;2021-01-26;1165;21;10431;55;1.9;0.0
72;2021-01-27;882;19;11313;74;2.0;0.0
72;2021-01-28;776;68;12089;142;2.2;0.0
72;2021-01-29;712;69;12801;211;2.3;0.0
72;2021-01-30;58;0;12859;211;2.3;0.0
72;2021-01-31;1;0;12860;211;2.3;0.0
72;2021-02-01;499;229;13359;440;2.4;0.1
72;2021-02-02;507;295;13866;735;2.5;0.1
72;2021-02-03;487;229;14353;964;2.6;0.2
72;2021-02-04;476;341;14829;1305;2.6;0.2
72;2021-02-05;513;407;15342;1712;2.7;0.3
72;2021-02-06;83;14;15425;1726;2.8;0.3
72;2021-02-07;19;3;15444;1729;2.8;0.3
72;2021-02-08;310;405;15754;2134;2.8;0.4
72;2021-02-09;489;531;16243;2665;2.9;0.5
72;2021-02-10;557;929;16800;3594;3.0;0.6
72;2021-02-11;851;1347;17651;4941;3.2;0.9
72;2021-02-12;851;595;18502;5536;3.3;1.0
72;2021-02-13;108;38;18610;5574;3.3;1.0
72;2021-02-14;1;22;18611;5596;3.3;1.0
72;2021-02-15;220;503;18831;6099;3.4;1.1
72;2021-02-16;499;1028;19330;7127;3.5;1.3
72;2021-02-17;464;717;19794;7844;3.5;1.4
72;2021-02-18;594;636;20388;8480;3.6;1.5
72;2021-02-19;521;600;20909;9080;3.7;1.6
72;2021-02-20;80;57;20989;9137;3.7;1.6
72;2021-02-21;0;0;20989;9137;3.7;1.6
72;2021-02-22;328;582;21317;9719;3.8;1.7
72;2021-02-23;567;530;21884;10249;3.9;1.8
72;2021-02-24;435;472;22319;10721;4.0;1.9
72;2021-02-25;922;566;23241;11287;4.1;2.0
72;2021-02-26;600;511;23841;11798;4.3;2.1
72;2021-02-27;322;66;24163;11864;4.3;2.1
72;2021-02-28;15;17;24178;11881;4.3;2.1
72;2021-03-01;378;482;24556;12363;4.4;2.2
72;2021-03-02;503;605;25059;12968;4.5;2.3
72;2021-03-03;732;654;25791;13622;4.6;2.4
72;2021-03-04;738;783;26529;14405;4.7;2.6
72;2021-03-05;935;771;27464;15176;4.9;2.7
72;2021-03-06;761;135;28225;15311;5.0;2.7
72;2021-03-07;448;26;28673;15337;5.1;2.7
72;2021-03-08;559;453;29232;15790;5.2;2.8
72;2021-03-09;1043;650;30275;16440;5.4;2.9
72;2021-03-10;1137;658;31412;17098;5.6;3.1
72;2021-03-11;1607;493;33019;17591;5.9;3.1
72;2021-03-12;1364;518;34383;18109;6.1;3.2
72;2021-03-13;982;118;35365;18227;6.3;3.3
72;2021-03-14;14;10;35379;18237;6.3;3.3
72;2021-03-15;1159;224;36538;18461;6.5;3.3
72;2021-03-16;1052;189;37590;18650;6.7;3.3
72;2021-03-17;1035;261;38625;18911;6.9;3.4
72;2021-03-18;1086;369;39711;19280;7.1;3.4
72;2021-03-19;1275;292;40986;19572;7.3;3.5
72;2021-03-20;485;91;41471;19663;7.4;3.5
72;2021-03-21;19;0;41490;19663;7.4;3.5
72;2021-03-22;1347;342;42837;20005;7.6;3.6
72;2021-03-23;1724;480;44561;20485;8.0;3.7
72;2021-03-24;1840;305;46401;20790;8.3;3.7
72;2021-03-25;2445;464;48846;21254;8.7;3.8
72;2021-03-26;2336;374;51182;21628;9.1;3.9
72;2021-03-27;614;30;51796;21658;9.2;3.9
72;2021-03-28;22;0;51818;21658;9.2;3.9
72;2021-03-29;1616;381;53434;22039;9.5;3.9
72;2021-03-30;2496;386;55930;22425;10.0;4.0
72;2021-03-31;2139;364;58069;22789;10.4;4.1
72;2021-04-01;2839;351;60908;23140;10.9;4.1
72;2021-04-02;2248;401;63156;23541;11.3;4.2
72;2021-04-03;292;39;63448;23580;11.3;4.2
72;2021-04-04;14;3;63462;23583;11.3;4.2
72;2021-04-05;51;49;63513;23632;11.3;4.2
72;2021-04-06;1760;470;65273;24102;11.7;4.3
72;2021-04-07;2572;596;67845;24698;12.1;4.4
72;2021-04-08;2721;780;70566;25478;12.6;4.5
72;2021-04-09;3862;582;74428;26060;13.3;4.7
72;2021-04-10;1111;50;75539;26110;13.5;4.7
72;2021-04-11;8;1;75547;26111;13.5;4.7
72;2021-04-12;1850;901;77397;27012;13.8;4.8
72;2021-04-13;2368;1076;79765;28088;14.2;5.0
72;2021-04-14;2250;1096;82015;29184;14.6;5.2
72;2021-04-15;2423;1115;84438;30299;15.1;5.4
72;2021-04-16;2562;961;87000;31260;15.5;5.6
72;2021-04-17;707;144;87707;31404;15.7;5.6
72;2021-04-18;57;2;87764;31406;15.7;5.6
72;2021-04-19;1397;1096;89161;32502;15.9;5.8
72;2021-04-20;2998;1302;92159;33804;16.5;6.0
72;2021-04-21;2517;1563;94676;35367;16.9;6.3
72;2021-04-22;2814;1791;97490;37158;17.4;6.6
72;2021-04-23;3211;1452;100701;38610;18.0;6.9
72;2021-04-24;1400;267;102101;38877;18.2;6.9
72;2021-04-25;881;19;102982;38896;18.4;6.9
72;2021-04-26;3514;1481;106496;40377;19.0;7.2
72;2021-04-27;4091;1861;110587;42238;19.7;7.5
72;2021-04-28;3834;1869;114421;44107;20.4;7.9
72;2021-04-29;4159;1818;118580;45925;21.2;8.2
72;2021-04-30;3615;1708;122195;47633;21.8;8.5
72;2021-05-01;1642;226;123837;47859;22.1;8.5
72;2021-05-02;1533;160;125370;48019;22.4;8.6
72;2021-05-03;3456;1151;128826;49170;23.0;8.8
72;2021-05-04;4012;1801;132838;50971;23.7;9.1
72;2021-05-05;3868;2179;136706;53150;24.4;9.5
72;2021-05-06;3596;1942;140302;55092;25.0;9.8
72;2021-05-07;3545;2144;143847;57236;25.7;10.2
72;2021-05-08;1899;153;145746;57389;26.0;10.2
72;2021-05-09;2082;209;147828;57598;26.4;10.3
72;2021-05-10;3770;1518;151598;59116;27.1;10.6
72;2021-05-11;4597;1992;156195;61108;27.9;10.9
72;2021-05-12;4081;1821;160276;62929;28.6;11.2
72;2021-05-13;3031;272;163307;63201;29.2;11.3
72;2021-05-14;3663;1393;166970;64594;29.8;11.5
72;2021-05-15;3121;366;170091;64960;30.4;11.6
72;2021-05-16;2502;153;172593;65113;30.8;11.6
72;2021-05-17;3724;1283;176317;66396;31.5;11.9
72;2021-05-18;4331;1686;180648;68082;32.2;12.2
72;2021-05-19;3977;1510;184625;69592;33.0;12.4
72;2021-05-20;4262;1452;188887;71044;33.7;12.7
72;2021-05-21;3788;1389;192675;72433;34.4;12.9
72;2021-05-22;2561;506;195236;72939;34.8;13.0
72;2021-05-23;1391;163;196627;73102;35.1;13.0
72;2021-05-24;2353;296;198980;73398;35.5;13.1
72;2021-05-25;4075;1411;203055;74809;36.2;13.4
72;2021-05-26;4096;1412;207151;76221;37.0;13.6
72;2021-05-27;4346;2048;211497;78269;37.8;14.0
72;2021-05-28;4107;2018;215604;80287;38.5;14.3
72;2021-05-29;2668;809;218272;81096;39.0;14.5
72;2021-05-30;1142;870;219414;81966;39.2;14.6
72;2021-05-31;3121;2329;222535;84295;39.7;15.0
72;2021-06-01;3563;2668;226098;86963;40.4;15.5
72;2021-06-02;3613;2782;229711;89745;41.0;16.0
72;2021-06-03;4241;2996;233952;92741;41.8;16.6
72;2021-06-04;3892;2750;237844;95491;42.5;17.0
72;2021-06-05;1439;2567;239283;98058;42.7;17.5
72;2021-06-06;908;1541;240191;99599;42.9;17.8
72;2021-06-07;1746;3424;241937;103023;43.2;18.4
72;2021-06-08;2929;3832;244866;106855;43.7;19.1
72;2021-06-09;2649;3371;247515;110226;44.2;19.7
72;2021-06-10;2827;3317;250342;113543;44.7;20.3
72;2021-06-11;2841;3772;253183;117315;45.2;20.9
72;2021-06-12;1244;2598;254427;119913;45.4;21.4
72;2021-06-13;388;1859;254815;121772;45.5;21.7
72;2021-06-14;1336;4128;256151;125900;45.7;22.5
72;2021-06-15;2755;3513;258906;129413;46.2;23.1
72;2021-06-16;2428;3576;261334;132989;46.6;23.7
72;2021-06-17;2320;3876;263654;136865;47.1;24.4
72;2021-06-18;2308;4310;265962;141175;47.5;25.2
72;2021-06-19;1127;2763;267089;143938;47.7;25.7
72;2021-06-20;339;2057;267428;145995;47.7;26.1
72;2021-06-21;1564;4032;268992;150027;48.0;26.8
72;2021-06-22;1713;4995;270705;155022;48.3;27.7
72;2021-06-23;2005;4219;272710;159241;48.7;28.4
72;2021-06-24;2231;4013;274941;163254;49.1;29.1
72;2021-06-25;1774;4837;276715;168091;49.4;30.0
72;2021-06-26;1190;2880;277905;170971;49.6;30.5
72;2021-06-27;392;2112;278297;173083;49.7;30.9
72;2021-06-28;1440;4294;279737;177377;49.9;31.7
72;2021-06-29;1769;4741;281506;182118;50.2;32.5
72;2021-06-30;1979;4166;283485;186284;50.6;33.3
72;2021-07-01;1941;4416;285426;190700;50.9;34.0
72;2021-07-02;1852;4714;287278;195414;51.3;34.9
72;2021-07-03;1292;3122;288570;198536;51.5;35.4
72;2021-07-04;584;1950;289154;200486;51.6;35.8
72;2021-07-05;1192;4165;290346;204651;51.8;36.5
72;2021-07-06;1460;5163;291806;209814;52.1;37.5
72;2021-07-07;1581;4612;293387;214426;52.4;38.3
72;2021-07-08;1646;4328;295033;218754;52.7;39.0
72;2021-07-09;2105;4609;297138;223363;53.0;39.9
72;2021-07-10;1594;2688;298732;226051;53.3;40.3
72;2021-07-11;949;1587;299681;227638;53.5;40.6
72;2021-07-12;1592;3758;301273;231396;53.8;41.3
72;2021-07-13;2087;4775;303360;236171;54.1;42.2
72;2021-07-14;1327;2366;304687;238537;54.4;42.6
72;2021-07-15;3489;3424;308176;241961;55.0;43.2
72;2021-07-16;3171;4125;311347;246086;55.6;43.9
72;2021-07-17;2641;1762;313988;247848;56.0;44.2
72;2021-07-18;1708;822;315696;248670;56.4;44.4
72;2021-07-19;2915;3508;318611;252178;56.9;45.0
72;2021-07-20;3034;4284;321645;256462;57.4;45.8
72;2021-07-21;2878;3592;324523;260054;57.9;46.4
72;2021-07-22;3759;2914;328282;262968;58.6;46.9
72;2021-07-23;3472;3792;331754;266760;59.2;47.6
72;2021-07-24;2814;1460;334568;268220;59.7;47.9
72;2021-07-25;1449;1076;336017;269296;60.0;48.1
72;2021-07-26;2719;2919;338736;272215;60.5;48.6
72;2021-07-27;3840;3820;342576;276035;61.1;49.3
72;2021-07-28;3559;3122;346135;279157;61.8;49.8
72;2021-07-29;3559;2710;349694;281867;62.4;50.3
72;2021-07-30;3769;3379;353463;285246;63.1;50.9
72;2021-07-31;2546;1747;356009;286993;63.5;51.2
72;2021-08-01;1827;431;357836;287424;63.9;51.3
72;2021-08-02;3202;2286;361038;289710;64.4;51.7
72;2021-08-03;3225;3305;364263;293015;65.0;52.3
72;2021-08-04;3755;2549;368018;295564;65.7;52.8
72;2021-08-05;3754;2462;371772;298026;66.4;53.2
72;2021-08-06;3332;2692;375104;300718;67.0;53.7
72;2021-08-07;2342;1612;377446;302330;67.4;54.0
72;2021-08-08;1618;695;379064;303025;67.7;54.1
72;2021-08-09;2692;2671;381756;305696;68.1;54.6
72;2021-08-10;2911;2744;384667;308440;68.7;55.1
72;2021-08-11;2362;2203;387029;310643;69.1;55.4
72;2021-08-12;2371;2597;389400;313240;69.5;55.9
72;2021-08-13;2136;2285;391536;315525;69.9;56.3
72;2021-08-14;1158;1545;392694;317070;70.1;56.6
72;2021-08-15;622;613;393316;317683;70.2;56.7
72;2021-08-16;1651;2373;394967;320056;70.5;57.1
72;2021-08-17;1711;2885;396678;322941;70.8;57.6
72;2021-08-18;1705;2869;398383;325810;71.1;58.2
72;2021-08-19;1244;2914;399627;328724;71.3;58.7
72;2021-08-20;1643;3169;401270;331893;71.6;59.2
72;2021-08-21;694;2028;401964;333921;71.8;59.6
72;2021-08-22;256;1149;402220;335070;71.8;59.8
73;2020-12-27;0;0;0;0;0.0;0.0
73;2020-12-28;1;0;1;0;0.0;0.0
73;2020-12-29;0;0;1;0;0.0;0.0
73;2020-12-30;0;0;1;0;0.0;0.0
73;2020-12-31;0;0;1;0;0.0;0.0
73;2021-01-01;0;0;1;0;0.0;0.0
73;2021-01-02;0;0;1;0;0.0;0.0
73;2021-01-03;0;0;1;0;0.0;0.0
73;2021-01-04;1;0;2;0;0.0;0.0
73;2021-01-05;0;0;2;0;0.0;0.0
73;2021-01-06;1;0;3;0;0.0;0.0
73;2021-01-07;30;0;33;0;0.0;0.0
73;2021-01-08;81;0;114;0;0.0;0.0
73;2021-01-09;0;0;114;0;0.0;0.0
73;2021-01-10;0;0;114;0;0.0;0.0
73;2021-01-11;86;0;200;0;0.0;0.0
73;2021-01-12;303;1;503;1;0.1;0.0
73;2021-01-13;358;1;861;2;0.2;0.0
73;2021-01-14;514;2;1375;4;0.3;0.0
73;2021-01-15;617;1;1992;5;0.5;0.0
73;2021-01-16;128;0;2120;5;0.5;0.0
73;2021-01-17;0;0;2120;5;0.5;0.0
73;2021-01-18;624;0;2744;5;0.6;0.0
73;2021-01-19;1239;3;3983;8;0.9;0.0
73;2021-01-20;951;2;4934;10;1.1;0.0
73;2021-01-21;982;4;5916;14;1.4;0.0
73;2021-01-22;947;0;6863;14;1.6;0.0
73;2021-01-23;387;0;7250;14;1.7;0.0
73;2021-01-24;0;0;7250;14;1.7;0.0
73;2021-01-25;656;6;7906;20;1.8;0.0
73;2021-01-26;761;2;8667;22;2.0;0.0
73;2021-01-27;1105;5;9772;27;2.3;0.0
73;2021-01-28;961;5;10733;32;2.5;0.0
73;2021-01-29;683;5;11416;37;2.6;0.0
73;2021-01-30;345;3;11761;40;2.7;0.0
73;2021-01-31;0;0;11761;40;2.7;0.0
73;2021-02-01;620;40;12381;80;2.9;0.0
73;2021-02-02;751;334;13132;414;3.0;0.1
73;2021-02-03;652;349;13784;763;3.2;0.2
73;2021-02-04;624;234;14408;997;3.3;0.2
73;2021-02-05;680;410;15088;1407;3.5;0.3
73;2021-02-06;261;38;15349;1445;3.5;0.3
73;2021-02-07;1;0;15350;1445;3.5;0.3
73;2021-02-08;522;252;15872;1697;3.7;0.4
73;2021-02-09;793;448;16665;2145;3.9;0.5
73;2021-02-10;899;396;17564;2541;4.1;0.6
73;2021-02-11;958;708;18522;3249;4.3;0.8
73;2021-02-12;810;501;19332;3750;4.5;0.9
73;2021-02-13;263;59;19595;3809;4.5;0.9
73;2021-02-14;1;0;19596;3809;4.5;0.9
73;2021-02-15;346;528;19942;4337;4.6;1.0
73;2021-02-16;453;762;20395;5099;4.7;1.2
73;2021-02-17;451;968;20846;6067;4.8;1.4
73;2021-02-18;469;556;21315;6623;4.9;1.5
73;2021-02-19;445;636;21760;7259;5.0;1.7
73;2021-02-20;69;249;21829;7508;5.0;1.7
73;2021-02-21;0;0;21829;7508;5.0;1.7
73;2021-02-22;240;444;22069;7952;5.1;1.8
73;2021-02-23;325;521;22394;8473;5.2;2.0
73;2021-02-24;486;748;22880;9221;5.3;2.1
73;2021-02-25;502;508;23382;9729;5.4;2.2
73;2021-02-26;730;567;24112;10296;5.6;2.4
73;2021-02-27;330;238;24442;10534;5.7;2.4
73;2021-02-28;1;1;24443;10535;5.7;2.4
73;2021-03-01;557;510;25000;11045;5.8;2.6
73;2021-03-02;669;898;25669;11943;5.9;2.8
73;2021-03-03;642;1195;26311;13138;6.1;3.0
73;2021-03-04;1039;898;27350;14036;6.3;3.2
73;2021-03-05;1240;608;28590;14644;6.6;3.4
73;2021-03-06;1091;334;29681;14978;6.9;3.5
73;2021-03-07;455;93;30136;15071;7.0;3.5
73;2021-03-08;605;428;30741;15499;7.1;3.6
73;2021-03-09;983;538;31724;16037;7.3;3.7
73;2021-03-10;1035;870;32759;16907;7.6;3.9
73;2021-03-11;1556;656;34315;17563;7.9;4.1
73;2021-03-12;2017;533;36332;18096;8.4;4.2
73;2021-03-13;1179;205;37511;18301;8.7;4.2
73;2021-03-14;66;3;37577;18304;8.7;4.2
73;2021-03-15;1185;398;38762;18702;9.0;4.3
73;2021-03-16;794;400;39556;19102;9.1;4.4
73;2021-03-17;877;480;40433;19582;9.3;4.5
73;2021-03-18;1350;257;41783;19839;9.7;4.6
73;2021-03-19;1765;394;43548;20233;10.1;4.7
73;2021-03-20;886;127;44434;20360;10.3;4.7
73;2021-03-21;123;2;44557;20362;10.3;4.7
73;2021-03-22;1184;394;45741;20756;10.6;4.8
73;2021-03-23;1447;236;47188;20992;10.9;4.9
73;2021-03-24;1594;343;48782;21335;11.3;4.9
73;2021-03-25;2062;382;50844;21717;11.8;5.0
73;2021-03-26;2471;364;53315;22081;12.3;5.1
73;2021-03-27;885;145;54200;22226;12.5;5.1
73;2021-03-28;310;13;54510;22239;12.6;5.1
73;2021-03-29;1509;237;56019;22476;13.0;5.2
73;2021-03-30;2088;481;58107;22957;13.4;5.3
73;2021-03-31;2089;399;60196;23356;13.9;5.4
73;2021-04-01;2086;331;62282;23687;14.4;5.5
73;2021-04-02;2361;227;64643;23914;14.9;5.5
73;2021-04-03;848;146;65491;24060;15.1;5.6
73;2021-04-04;188;18;65679;24078;15.2;5.6
73;2021-04-05;212;26;65891;24104;15.2;5.6
73;2021-04-06;1509;506;67400;24610;15.6;5.7
73;2021-04-07;1947;651;69347;25261;16.0;5.8
73;2021-04-08;2491;820;71838;26081;16.6;6.0
73;2021-04-09;3059;521;74897;26602;17.3;6.2
73;2021-04-10;1135;317;76032;26919;17.6;6.2
73;2021-04-11;163;9;76195;26928;17.6;6.2
73;2021-04-12;1696;977;77891;27905;18.0;6.5
73;2021-04-13;1892;1129;79783;29034;18.4;6.7
73;2021-04-14;2017;1091;81800;30125;18.9;7.0
73;2021-04-15;2416;1188;84216;31313;19.5;7.2
73;2021-04-16;1894;930;86110;32243;19.9;7.5
73;2021-04-17;1176;557;87286;32800;20.2;7.6
73;2021-04-18;155;76;87441;32876;20.2;7.6
73;2021-04-19;1381;1058;88822;33934;20.5;7.8
73;2021-04-20;1790;1319;90612;35253;20.9;8.2
73;2021-04-21;1573;1300;92185;36553;21.3;8.5
73;2021-04-22;1814;1224;93999;37777;21.7;8.7
73;2021-04-23;1895;1254;95894;39031;22.2;9.0
73;2021-04-24;980;673;96874;39704;22.4;9.2
73;2021-04-25;79;97;96953;39801;22.4;9.2
73;2021-04-26;1164;1319;98117;41120;22.7;9.5
73;2021-04-27;1441;1470;99558;42590;23.0;9.8
73;2021-04-28;1732;1460;101290;44050;23.4;10.2
73;2021-04-29;2412;1563;103702;45613;24.0;10.5
73;2021-04-30;2397;1438;106099;47051;24.5;10.9
73;2021-05-01;1068;307;107167;47358;24.8;10.9
73;2021-05-02;34;165;107201;47523;24.8;11.0
73;2021-05-03;1392;1593;108593;49116;25.1;11.4
73;2021-05-04;1710;1830;110303;50946;25.5;11.8
73;2021-05-05;1975;1687;112278;52633;26.0;12.2
73;2021-05-06;2430;1699;114708;54332;26.5;12.6
73;2021-05-07;2261;1849;116969;56181;27.0;13.0
73;2021-05-08;1836;377;118805;56558;27.5;13.1
73;2021-05-09;127;125;118932;56683;27.5;13.1
73;2021-05-10;1608;1893;120540;58576;27.9;13.5
73;2021-05-11;2379;2369;122919;60945;28.4;14.1
73;2021-05-12;3555;2095;126474;63040;29.2;14.6
73;2021-05-13;1554;275;128028;63315;29.6;14.6
73;2021-05-14;1587;1493;129615;64808;30.0;15.0
73;2021-05-15;1448;944;131063;65752;30.3;15.2
73;2021-05-16;131;62;131194;65814;30.3;15.2
73;2021-05-17;1710;1953;132904;67767;30.7;15.7
73;2021-05-18;2496;1737;135400;69504;31.3;16.1
73;2021-05-19;2540;1623;137940;71127;31.9;16.4
73;2021-05-20;3162;1504;141102;72631;32.6;16.8
73;2021-05-21;2473;1848;143575;74479;33.2;17.2
73;2021-05-22;1989;922;145564;75401;33.7;17.4
73;2021-05-23;212;14;145776;75415;33.7;17.4
73;2021-05-24;2565;329;148341;75744;34.3;17.5
73;2021-05-25;2140;1740;150481;77484;34.8;17.9
73;2021-05-26;2342;2001;152823;79485;35.3;18.4
73;2021-05-27;3083;1714;155906;81199;36.0;18.8
73;2021-05-28;2919;2374;158825;83573;36.7;19.3
73;2021-05-29;2316;1323;161141;84896;37.3;19.6
73;2021-05-30;187;14;161328;84910;37.3;19.6
73;2021-05-31;2410;1628;163738;86538;37.9;20.0
73;2021-06-01;3180;1790;166918;88328;38.6;20.4
73;2021-06-02;3106;1461;170024;89789;39.3;20.8
73;2021-06-03;4423;1744;174447;91533;40.3;21.2
73;2021-06-04;4277;2182;178724;93715;41.3;21.7
73;2021-06-05;3158;1281;181882;94996;42.0;22.0
73;2021-06-06;1882;298;183764;95294;42.5;22.0
73;2021-06-07;2756;2147;186520;97441;43.1;22.5
73;2021-06-08;2685;1874;189205;99315;43.7;23.0
73;2021-06-09;2364;1789;191569;101104;44.3;23.4
73;2021-06-10;2006;1649;193575;102753;44.8;23.8
73;2021-06-11;2191;2441;195766;105194;45.3;24.3
73;2021-06-12;2247;1331;198013;106525;45.8;24.6
73;2021-06-13;44;82;198057;106607;45.8;24.6
73;2021-06-14;1347;2930;199404;109537;46.1;25.3
73;2021-06-15;1592;2754;200996;112291;46.5;26.0
73;2021-06-16;1467;2570;202463;114861;46.8;26.6
73;2021-06-17;944;1728;203407;116589;47.0;27.0
73;2021-06-18;1883;2932;205290;119521;47.5;27.6
73;2021-06-19;1422;1986;206712;121507;47.8;28.1
73;2021-06-20;448;306;207160;121813;47.9;28.2
73;2021-06-21;1110;2938;208270;124751;48.1;28.8
73;2021-06-22;1093;2872;209363;127623;48.4;29.5
73;2021-06-23;1085;3136;210448;130759;48.7;30.2
73;2021-06-24;883;1794;211331;132553;48.9;30.6
73;2021-06-25;1326;2802;212657;135355;49.2;31.3
73;2021-06-26;967;2396;213624;137751;49.4;31.8
73;2021-06-27;328;549;213952;138300;49.5;32.0
73;2021-06-28;969;3557;214921;141857;49.7;32.8
73;2021-06-29;1075;3338;215996;145195;49.9;33.6
73;2021-06-30;1239;3119;217235;148314;50.2;34.3
73;2021-07-01;1136;2363;218371;150677;50.5;34.8
73;2021-07-02;1206;3618;219577;154295;50.8;35.7
73;2021-07-03;960;2793;220537;157088;51.0;36.3
73;2021-07-04;301;619;220838;157707;51.1;36.5
73;2021-07-05;1155;3684;221993;161391;51.3;37.3
73;2021-07-06;1251;2949;223244;164340;51.6;38.0
73;2021-07-07;1444;2952;224688;167292;51.9;38.7
73;2021-07-08;1369;2302;226057;169594;52.3;39.2
73;2021-07-09;1429;4024;227486;173618;52.6;40.1
73;2021-07-10;890;3013;228376;176631;52.8;40.8
73;2021-07-11;561;1469;228937;178100;52.9;41.2
73;2021-07-12;1060;4197;229997;182297;53.2;42.1
73;2021-07-13;1730;4228;231727;186525;53.6;43.1
73;2021-07-14;1844;1916;233571;188441;54.0;43.6
73;2021-07-15;2743;3792;236314;192233;54.6;44.4
73;2021-07-16;2413;4017;238727;196250;55.2;45.4
73;2021-07-17;1513;2608;240240;198858;55.5;46.0
73;2021-07-18;1176;1217;241416;200075;55.8;46.3
73;2021-07-19;2446;3245;243862;203320;56.4;47.0
73;2021-07-20;3365;2855;247227;206175;57.2;47.7
73;2021-07-21;3380;2786;250607;208961;57.9;48.3
73;2021-07-22;2728;2209;253335;211170;58.6;48.8
73;2021-07-23;3410;2898;256745;214068;59.4;49.5
73;2021-07-24;2055;2273;258800;216341;59.8;50.0
73;2021-07-25;624;795;259424;217136;60.0;50.2
73;2021-07-26;2625;2491;262049;219627;60.6;50.8
73;2021-07-27;3805;2269;265854;221896;61.5;51.3
73;2021-07-28;3527;2087;269381;223983;62.3;51.8
73;2021-07-29;3966;2148;273347;226131;63.2;52.3
73;2021-07-30;3545;2470;276892;228601;64.0;52.8
73;2021-07-31;2470;1591;279362;230192;64.6;53.2
73;2021-08-01;831;620;280193;230812;64.8;53.4
73;2021-08-02;3073;2101;283266;232913;65.5;53.8
73;2021-08-03;3474;1990;286740;234903;66.3;54.3
73;2021-08-04;3283;2012;290023;236915;67.0;54.8
73;2021-08-05;2846;2226;292869;239141;67.7;55.3
73;2021-08-06;2493;2376;295362;241517;68.3;55.8
73;2021-08-07;1392;1481;296754;242998;68.6;56.2
73;2021-08-08;426;617;297180;243615;68.7;56.3
73;2021-08-09;1772;2386;298952;246001;69.1;56.9
73;2021-08-10;1864;2488;300816;248489;69.5;57.4
73;2021-08-11;1794;2534;302610;251023;70.0;58.0
73;2021-08-12;1665;2495;304275;253518;70.3;58.6
73;2021-08-13;1439;2839;305714;256357;70.7;59.3
73;2021-08-14;981;1528;306695;257885;70.9;59.6
73;2021-08-15;92;159;306787;258044;70.9;59.7
73;2021-08-16;923;1391;307710;259435;71.1;60.0
73;2021-08-17;952;1960;308662;261395;71.4;60.4
73;2021-08-18;935;2832;309597;264227;71.6;61.1
73;2021-08-19;953;3049;310550;267276;71.8;61.8
73;2021-08-20;781;3139;311331;270415;72.0;62.5
73;2021-08-21;411;1831;311742;272246;72.1;62.9
73;2021-08-22;268;933;312010;273179;72.1;63.2
74;2020-12-27;3;0;3;0;0.0;0.0
74;2020-12-28;2;0;5;0;0.0;0.0
74;2020-12-29;0;0;5;0;0.0;0.0
74;2020-12-30;0;0;5;0;0.0;0.0
74;2020-12-31;0;0;5;0;0.0;0.0
74;2021-01-01;0;0;5;0;0.0;0.0
74;2021-01-02;1;1;6;1;0.0;0.0
74;2021-01-03;0;0;6;1;0.0;0.0
74;2021-01-04;0;0;6;1;0.0;0.0
74;2021-01-05;1;0;7;1;0.0;0.0
74;2021-01-06;44;0;51;1;0.0;0.0
74;2021-01-07;219;1;270;2;0.0;0.0
74;2021-01-08;291;2;561;4;0.1;0.0
74;2021-01-09;78;0;639;4;0.1;0.0
74;2021-01-10;74;0;713;4;0.1;0.0
74;2021-01-11;373;0;1086;4;0.1;0.0
74;2021-01-12;405;3;1491;7;0.2;0.0
74;2021-01-13;396;0;1887;7;0.2;0.0
74;2021-01-14;473;1;2360;8;0.3;0.0
74;2021-01-15;644;4;3004;12;0.4;0.0
74;2021-01-16;252;1;3256;13;0.4;0.0
74;2021-01-17;131;1;3387;14;0.4;0.0
74;2021-01-18;521;0;3908;14;0.5;0.0
74;2021-01-19;808;2;4716;16;0.6;0.0
74;2021-01-20;1277;4;5993;20;0.7;0.0
74;2021-01-21;1567;1;7560;21;0.9;0.0
74;2021-01-22;1241;6;8801;27;1.1;0.0
74;2021-01-23;344;1;9145;28;1.1;0.0
74;2021-01-24;90;0;9235;28;1.1;0.0
74;2021-01-25;797;2;10032;30;1.2;0.0
74;2021-01-26;1358;14;11390;44;1.4;0.0
74;2021-01-27;1075;10;12465;54;1.5;0.0
74;2021-01-28;987;29;13452;83;1.6;0.0
74;2021-01-29;878;42;14330;125;1.7;0.0
74;2021-01-30;305;1;14635;126;1.8;0.0
74;2021-01-31;84;1;14719;127;1.8;0.0
74;2021-02-01;629;44;15348;171;1.9;0.0
74;2021-02-02;645;154;15993;325;1.9;0.0
74;2021-02-03;604;124;16597;449;2.0;0.1
74;2021-02-04;612;136;17209;585;2.1;0.1
74;2021-02-05;548;223;17757;808;2.1;0.1
74;2021-02-06;272;139;18029;947;2.2;0.1
74;2021-02-07;94;126;18123;1073;2.2;0.1
74;2021-02-08;617;349;18740;1422;2.3;0.2
74;2021-02-09;535;533;19275;1955;2.3;0.2
74;2021-02-10;688;520;19963;2475;2.4;0.3
74;2021-02-11;1068;1017;21031;3492;2.5;0.4
74;2021-02-12;909;616;21940;4108;2.6;0.5
74;2021-02-13;405;240;22345;4348;2.7;0.5
74;2021-02-14;316;114;22661;4462;2.7;0.5
74;2021-02-15;274;850;22935;5312;2.8;0.6
74;2021-02-16;488;1067;23423;6379;2.8;0.8
74;2021-02-17;541;1109;23964;7488;2.9;0.9
74;2021-02-18;474;991;24438;8479;3.0;1.0
74;2021-02-19;617;656;25055;9135;3.0;1.1
74;2021-02-20;114;189;25169;9324;3.0;1.1
74;2021-02-21;46;61;25215;9385;3.0;1.1
74;2021-02-22;318;786;25533;10171;3.1;1.2
74;2021-02-23;303;821;25836;10992;3.1;1.3
74;2021-02-24;239;681;26075;11673;3.1;1.4
74;2021-02-25;520;754;26595;12427;3.2;1.5
74;2021-02-26;972;704;27567;13131;3.3;1.6
74;2021-02-27;254;183;27821;13314;3.4;1.6
74;2021-02-28;125;71;27946;13385;3.4;1.6
74;2021-03-01;720;634;28666;14019;3.5;1.7
74;2021-03-02;1090;689;29756;14708;3.6;1.8
74;2021-03-03;1016;639;30772;15347;3.7;1.9
74;2021-03-04;1609;1020;32381;16367;3.9;2.0
74;2021-03-05;2084;898;34465;17265;4.2;2.1
74;2021-03-06;1753;323;36218;17588;4.4;2.1
74;2021-03-07;1385;105;37603;17693;4.5;2.1
74;2021-03-08;1197;959;38800;18652;4.7;2.3
74;2021-03-09;1947;668;40747;19320;4.9;2.3
74;2021-03-10;1746;911;42493;20231;5.1;2.4
74;2021-03-11;2444;724;44937;20955;5.4;2.5
74;2021-03-12;3241;1023;48178;21978;5.8;2.7
74;2021-03-13;2000;279;50178;22257;6.1;2.7
74;2021-03-14;608;103;50786;22360;6.1;2.7
74;2021-03-15;2125;558;52911;22918;6.4;2.8
74;2021-03-16;1958;413;54869;23331;6.6;2.8
74;2021-03-17;1972;319;56841;23650;6.9;2.9
74;2021-03-18;2131;288;58972;23938;7.1;2.9
74;2021-03-19;2632;297;61604;24235;7.4;2.9
74;2021-03-20;1374;103;62978;24338;7.6;2.9
74;2021-03-21;288;32;63266;24370;7.6;2.9
74;2021-03-22;2051;326;65317;24696;7.9;3.0
74;2021-03-23;2717;333;68034;25029;8.2;3.0
74;2021-03-24;2945;300;70979;25329;8.6;3.1
74;2021-03-25;3870;304;74849;25633;9.0;3.1
74;2021-03-26;4092;384;78941;26017;9.5;3.1
74;2021-03-27;1940;261;80881;26278;9.8;3.2
74;2021-03-28;437;78;81318;26356;9.8;3.2
74;2021-03-29;3030;716;84348;27072;10.2;3.3
74;2021-03-30;3540;771;87888;27843;10.6;3.4
74;2021-03-31;3142;728;91030;28571;11.0;3.4
74;2021-04-01;4236;895;95266;29466;11.5;3.6
74;2021-04-02;3701;786;98967;30252;11.9;3.7
74;2021-04-03;1694;539;100661;30791;12.2;3.7
74;2021-04-04;236;121;100897;30912;12.2;3.7
74;2021-04-05;432;18;101329;30930;12.2;3.7
74;2021-04-06;2624;1214;103953;32144;12.5;3.9
74;2021-04-07;3190;1250;107143;33394;12.9;4.0
74;2021-04-08;3862;1184;111005;34578;13.4;4.2
74;2021-04-09;4103;1173;115108;35751;13.9;4.3
74;2021-04-10;1947;1035;117055;36786;14.1;4.4
74;2021-04-11;254;183;117309;36969;14.2;4.5
74;2021-04-12;2721;1774;120030;38743;14.5;4.7
74;2021-04-13;3116;2100;123146;40843;14.9;4.9
74;2021-04-14;2900;1970;126046;42813;15.2;5.2
74;2021-04-15;3457;1910;129503;44723;15.6;5.4
74;2021-04-16;3382;1782;132885;46505;16.0;5.6
74;2021-04-17;1936;1037;134821;47542;16.3;5.7
74;2021-04-18;218;209;135039;47751;16.3;5.8
74;2021-04-19;2096;2099;137135;49850;16.6;6.0
74;2021-04-20;3067;2424;140202;52274;16.9;6.3
74;2021-04-21;2464;2376;142666;54650;17.2;6.6
74;2021-04-22;2625;2338;145291;56988;17.5;6.9
74;2021-04-23;2564;2248;147855;59236;17.8;7.2
74;2021-04-24;1486;1541;149341;60777;18.0;7.3
74;2021-04-25;227;150;149568;60927;18.1;7.4
74;2021-04-26;2393;2464;151961;63391;18.3;7.7
74;2021-04-27;3273;2912;155234;66303;18.7;8.0
74;2021-04-28;3461;2634;158695;68937;19.2;8.3
74;2021-04-29;3913;2689;162608;71626;19.6;8.6
74;2021-04-30;4076;2224;166684;73850;20.1;8.9
74;2021-05-01;2119;386;168803;74236;20.4;9.0
74;2021-05-02;205;235;169008;74471;20.4;9.0
74;2021-05-03;2594;3014;171602;77485;20.7;9.4
74;2021-05-04;3221;3107;174823;80592;21.1;9.7
74;2021-05-05;3393;3014;178216;83606;21.5;10.1
74;2021-05-06;3859;2636;182075;86242;22.0;10.4
74;2021-05-07;3592;3550;185667;89792;22.4;10.8
74;2021-05-08;1148;824;186815;90616;22.6;10.9
74;2021-05-09;194;248;187009;90864;22.6;11.0
74;2021-05-10;3468;3141;190477;94005;23.0;11.3
74;2021-05-11;4321;3429;194798;97434;23.5;11.8
74;2021-05-12;5303;2966;200101;100400;24.2;12.1
74;2021-05-13;2363;948;202464;101348;24.4;12.2
74;2021-05-14;5950;2403;208414;103751;25.2;12.5
74;2021-05-15;4517;1850;212931;105601;25.7;12.7
74;2021-05-16;3009;334;215940;105935;26.1;12.8
74;2021-05-17;5400;2889;221340;108824;26.7;13.1
74;2021-05-18;6787;2811;228127;111635;27.5;13.5
74;2021-05-19;6233;2294;234360;113929;28.3;13.8
74;2021-05-20;6643;2556;241003;116485;29.1;14.1
74;2021-05-21;6525;2990;247528;119475;29.9;14.4
74;2021-05-22;5294;1570;252822;121045;30.5;14.6
74;2021-05-23;2051;283;254873;121328;30.8;14.6
74;2021-05-24;2361;661;257234;121989;31.1;14.7
74;2021-05-25;5070;3335;262304;125324;31.7;15.1
74;2021-05-26;5250;2568;267554;127892;32.3;15.4
74;2021-05-27;6003;2982;273557;130874;33.0;15.8
74;2021-05-28;5658;3589;279215;134463;33.7;16.2
74;2021-05-29;3799;2153;283014;136616;34.2;16.5
74;2021-05-30;488;309;283502;136925;34.2;16.5
74;2021-05-31;5071;3552;288573;140477;34.8;17.0
74;2021-06-01;4930;3728;293503;144205;35.4;17.4
74;2021-06-02;5268;3205;298771;147410;36.1;17.8
74;2021-06-03;6895;3254;305666;150664;36.9;18.2
74;2021-06-04;6910;4432;312576;155096;37.7;18.7
74;2021-06-05;4611;2709;317187;157805;38.3;19.0
74;2021-06-06;123;112;317310;157917;38.3;19.1
74;2021-06-07;5033;4149;322343;162066;38.9;19.6
74;2021-06-08;5027;3948;327370;166014;39.5;20.0
74;2021-06-09;5078;3486;332448;169500;40.1;20.5
74;2021-06-10;5125;2875;337573;172375;40.7;20.8
74;2021-06-11;5215;3815;342788;176190;41.4;21.3
74;2021-06-12;3572;2386;346360;178576;41.8;21.6
74;2021-06-13;119;89;346479;178665;41.8;21.6
74;2021-06-14;3598;4485;350077;183150;42.3;22.1
74;2021-06-15;3668;3898;353745;187048;42.7;22.6
74;2021-06-16;4825;3125;358570;190173;43.3;23.0
74;2021-06-17;3819;2955;362389;193128;43.7;23.3
74;2021-06-18;4115;4666;366504;197794;44.2;23.9
74;2021-06-19;2995;3100;369499;200894;44.6;24.3
74;2021-06-20;125;97;369624;200991;44.6;24.3
74;2021-06-21;2386;5423;372010;206414;44.9;24.9
74;2021-06-22;2492;5315;374502;211729;45.2;25.6
74;2021-06-23;2976;4618;377478;216347;45.6;26.1
74;2021-06-24;2862;4626;380340;220973;45.9;26.7
74;2021-06-25;2927;6768;383267;227741;46.3;27.5
74;2021-06-26;1708;5398;384975;233139;46.5;28.1
74;2021-06-27;64;1663;385039;234802;46.5;28.3
74;2021-06-28;1918;7219;386957;242021;46.7;29.2
74;2021-06-29;2300;7427;389257;249448;47.0;30.1
74;2021-06-30;2746;6544;392003;255992;47.3;30.9
74;2021-07-01;3076;5416;395079;261408;47.7;31.6
74;2021-07-02;3003;6642;398082;268050;48.1;32.4
74;2021-07-03;1697;5082;399779;273132;48.3;33.0
74;2021-07-04;82;1022;399861;274154;48.3;33.1
74;2021-07-05;2063;6838;401924;280992;48.5;33.9
74;2021-07-06;2747;6492;404671;287484;48.8;34.7
74;2021-07-07;2977;5449;407648;292933;49.2;35.4
74;2021-07-08;3792;4908;411440;297841;49.7;36.0
74;2021-07-09;2654;6978;414094;304819;50.0;36.8
74;2021-07-10;1623;5130;415717;309949;50.2;37.4
74;2021-07-11;76;141;415793;310090;50.2;37.4
74;2021-07-12;2082;7897;417875;317987;50.4;38.4
74;2021-07-13;3961;7587;421836;325574;50.9;39.3
74;2021-07-14;1965;2237;423801;327811;51.2;39.6
74;2021-07-15;3579;6862;427380;334673;51.6;40.4
74;2021-07-16;4193;7742;431573;342415;52.1;41.3
74;2021-07-17;2926;5330;434499;347745;52.5;42.0
74;2021-07-18;152;157;434651;347902;52.5;42.0
74;2021-07-19;4270;7351;438921;355253;53.0;42.9
74;2021-07-20;5802;6457;444723;361710;53.7;43.7
74;2021-07-21;5607;6665;450330;368375;54.4;44.5
74;2021-07-22;4746;5328;455076;373703;54.9;45.1
74;2021-07-23;6095;6983;461171;380686;55.7;46.0
74;2021-07-24;3051;4312;464222;384998;56.0;46.5
74;2021-07-25;160;174;464382;385172;56.1;46.5
74;2021-07-26;5453;6129;469835;391301;56.7;47.2
74;2021-07-27;6783;5170;476618;396471;57.5;47.9
74;2021-07-28;6474;5109;483092;401580;58.3;48.5
74;2021-07-29;5252;3928;488344;405508;58.9;49.0
74;2021-07-30;6652;5492;494996;411000;59.8;49.6
74;2021-07-31;4345;3118;499341;414118;60.3;50.0
74;2021-08-01;178;149;499519;414267;60.3;50.0
74;2021-08-02;5830;4388;505349;418655;61.0;50.5
74;2021-08-03;5818;3849;511167;422504;61.7;51.0
74;2021-08-04;6067;3484;517234;425988;62.4;51.4
74;2021-08-05;4861;3261;522095;429249;63.0;51.8
74;2021-08-06;4900;4174;526995;433423;63.6;52.3
74;2021-08-07;3174;2886;530169;436309;64.0;52.7
74;2021-08-08;152;133;530321;436442;64.0;52.7
74;2021-08-09;4866;4808;535187;441250;64.6;53.3
74;2021-08-10;4864;4661;540051;445911;65.2;53.8
74;2021-08-11;4282;4878;544333;450789;65.7;54.4
74;2021-08-12;3550;3600;547883;454389;66.1;54.9
74;2021-08-13;3623;4593;551506;458982;66.6;55.4
74;2021-08-14;2157;3338;553663;462320;66.8;55.8
74;2021-08-15;59;101;553722;462421;66.8;55.8
74;2021-08-16;3138;5844;556860;468265;67.2;56.5
74;2021-08-17;2961;5475;559821;473740;67.6;57.2
74;2021-08-18;2936;5428;562757;479168;67.9;57.8
74;2021-08-19;2307;3883;565064;483051;68.2;58.3
74;2021-08-20;2484;5669;567548;488720;68.5;59.0
74;2021-08-21;1193;4252;568741;492972;68.7;59.5
74;2021-08-22;56;136;568797;493108;68.7;59.5
75;2020-12-27;50;1;50;1;0.0;0.0
75;2020-12-28;52;0;102;1;0.0;0.0
75;2020-12-29;22;0;124;1;0.0;0.0
75;2020-12-30;77;0;201;1;0.0;0.0
75;2020-12-31;34;0;235;1;0.0;0.0
75;2021-01-01;43;2;278;3;0.0;0.0
75;2021-01-02;58;1;336;4;0.0;0.0
75;2021-01-03;95;1;431;5;0.0;0.0
75;2021-01-04;301;1;732;6;0.0;0.0
75;2021-01-05;870;13;1602;19;0.1;0.0
75;2021-01-06;1356;16;2958;35;0.1;0.0
75;2021-01-07;2060;18;5018;53;0.2;0.0
75;2021-01-08;2869;32;7887;85;0.4;0.0
75;2021-01-09;1096;2;8983;87;0.4;0.0
75;2021-01-10;1096;5;10079;92;0.5;0.0
75;2021-01-11;3079;47;13158;139;0.6;0.0
75;2021-01-12;3477;54;16635;193;0.8;0.0
75;2021-01-13;3546;43;20181;236;0.9;0.0
75;2021-01-14;3709;63;23890;299;1.1;0.0
75;2021-01-15;3311;45;27201;344;1.3;0.0
75;2021-01-16;1129;16;28330;360;1.3;0.0
75;2021-01-17;550;14;28880;374;1.3;0.0
75;2021-01-18;3266;74;32146;448;1.5;0.0
75;2021-01-19;3847;48;35993;496;1.7;0.0
75;2021-01-20;4405;63;40398;559;1.9;0.0
75;2021-01-21;4905;80;45303;639;2.1;0.0
75;2021-01-22;4573;81;49876;720;2.3;0.0
75;2021-01-23;1756;15;51632;735;2.4;0.0
75;2021-01-24;741;7;52373;742;2.4;0.0
75;2021-01-25;1709;26;54082;768;2.5;0.0
75;2021-01-26;2545;87;56627;855;2.6;0.0
75;2021-01-27;3144;173;59771;1028;2.8;0.0
75;2021-01-28;4766;263;64537;1291;3.0;0.1
75;2021-01-29;4046;270;68583;1561;3.2;0.1
75;2021-01-30;1354;33;69937;1594;3.3;0.1
75;2021-01-31;221;3;70158;1597;3.3;0.1
75;2021-02-01;1617;379;71775;1976;3.3;0.1
75;2021-02-02;2128;648;73903;2624;3.4;0.1
75;2021-02-03;1877;687;75780;3311;3.5;0.2
75;2021-02-04;2136;1125;77916;4436;3.6;0.2
75;2021-02-05;2206;867;80122;5303;3.7;0.2
75;2021-02-06;1099;92;81221;5395;3.8;0.3
75;2021-02-07;172;6;81393;5401;3.8;0.3
75;2021-02-08;1255;1467;82648;6868;3.8;0.3
75;2021-02-09;1778;2382;84426;9250;3.9;0.4
75;2021-02-10;2411;2396;86837;11646;4.0;0.5
75;2021-02-11;2927;6393;89764;18039;4.2;0.8
75;2021-02-12;3113;2405;92877;20444;4.3;1.0
75;2021-02-13;847;1049;93724;21493;4.4;1.0
75;2021-02-14;204;44;93928;21537;4.4;1.0
75;2021-02-15;1000;2455;94928;23992;4.4;1.1
75;2021-02-16;1438;6525;96366;30517;4.5;1.4
75;2021-02-17;1315;3233;97681;33750;4.5;1.6
75;2021-02-18;1753;5845;99434;39595;4.6;1.8
75;2021-02-19;2211;4146;101645;43741;4.7;2.0
75;2021-02-20;472;1684;102117;45425;4.8;2.1
75;2021-02-21;189;161;102306;45586;4.8;2.1
75;2021-02-22;1212;1930;103518;47516;4.8;2.2
75;2021-02-23;1434;2720;104952;50236;4.9;2.3
75;2021-02-24;1684;2337;106636;52573;5.0;2.4
75;2021-02-25;2765;5323;109401;57896;5.1;2.7
75;2021-02-26;3359;2723;112760;60619;5.2;2.8
75;2021-02-27;1396;940;114156;61559;5.3;2.9
75;2021-02-28;319;142;114475;61701;5.3;2.9
75;2021-03-01;2587;1688;117062;63389;5.4;3.0
75;2021-03-02;4159;2216;121221;65605;5.6;3.1
75;2021-03-03;5409;2354;126630;67959;5.9;3.2
75;2021-03-04;8028;2609;134658;70568;6.3;3.3
75;2021-03-05;10535;2765;145193;73333;6.8;3.4
75;2021-03-06;11067;1095;156260;74428;7.3;3.5
75;2021-03-07;9486;1526;165746;75954;7.7;3.5
75;2021-03-08;5880;1566;171626;77520;8.0;3.6
75;2021-03-09;7506;2144;179132;79664;8.3;3.7
75;2021-03-10;7486;2141;186618;81805;8.7;3.8
75;2021-03-11;10324;2549;196942;84354;9.2;3.9
75;2021-03-12;12051;2582;208993;86936;9.7;4.0
75;2021-03-13;8534;782;217527;87718;10.1;4.1
75;2021-03-14;4156;255;221683;87973;10.3;4.1
75;2021-03-15;7436;990;229119;88963;10.7;4.1
75;2021-03-16;5135;694;234254;89657;10.9;4.2
75;2021-03-17;5417;842;239671;90499;11.2;4.2
75;2021-03-18;6601;887;246272;91386;11.5;4.3
75;2021-03-19;9729;998;256001;92384;11.9;4.3
75;2021-03-20;5924;614;261925;92998;12.2;4.3
75;2021-03-21;1579;435;263504;93433;12.3;4.3
75;2021-03-22;8625;1032;272129;94465;12.7;4.4
75;2021-03-23;10934;1265;283063;95730;13.2;4.5
75;2021-03-24;10979;1343;294042;97073;13.7;4.5
75;2021-03-25;14192;1558;308234;98631;14.3;4.6
75;2021-03-26;13947;1695;322181;100326;15.0;4.7
75;2021-03-27;7266;779;329447;101105;15.3;4.7
75;2021-03-28;1774;153;331221;101258;15.4;4.7
75;2021-03-29;7954;2217;339175;103475;15.8;4.8
75;2021-03-30;10911;3254;350086;106729;16.3;5.0
75;2021-03-31;9720;3613;359806;110342;16.7;5.1
75;2021-04-01;10668;5216;370474;115558;17.2;5.4
75;2021-04-02;9025;5587;379499;121145;17.7;5.6
75;2021-04-03;4107;4899;383606;126044;17.9;5.9
75;2021-04-04;1411;1496;385017;127540;17.9;5.9
75;2021-04-05;2233;1437;387250;128977;18.0;6.0
75;2021-04-06;6881;4311;394131;133288;18.3;6.2
75;2021-04-07;8062;4425;402193;137713;18.7;6.4
75;2021-04-08;11053;4179;413246;141892;19.2;6.6
75;2021-04-09;12189;4630;425435;146522;19.8;6.8
75;2021-04-10;5823;4274;431258;150796;20.1;7.0
75;2021-04-11;1927;1797;433185;152593;20.2;7.1
75;2021-04-12;7463;3795;440648;156388;20.5;7.3
75;2021-04-13;8549;6859;449197;163247;20.9;7.6
75;2021-04-14;8272;5227;457469;168474;21.3;7.8
75;2021-04-15;8880;6139;466349;174613;21.7;8.1
75;2021-04-16;9368;6116;475717;180729;22.1;8.4
75;2021-04-17;4810;3651;480527;184380;22.4;8.6
75;2021-04-18;1659;878;482186;185258;22.4;8.6
75;2021-04-19;5565;4952;487751;190210;22.7;8.9
75;2021-04-20;6450;5960;494201;196170;23.0;9.1
75;2021-04-21;6847;5578;501048;201748;23.3;9.4
75;2021-04-22;7534;5919;508582;207667;23.7;9.7
75;2021-04-23;8536;6340;517118;214007;24.1;10.0
75;2021-04-24;6160;3349;523278;217356;24.4;10.1
75;2021-04-25;2955;759;526233;218115;24.5;10.2
75;2021-04-26;7022;4724;533255;222839;24.8;10.4
75;2021-04-27;10582;6426;543837;229265;25.3;10.7
75;2021-04-28;12185;6033;556022;235298;25.9;11.0
75;2021-04-29;13748;6345;569770;241643;26.5;11.2
75;2021-04-30;13656;6182;583426;247825;27.2;11.5
75;2021-05-01;5070;1326;588496;249151;27.4;11.6
75;2021-05-02;2378;794;590874;249945;27.5;11.6
75;2021-05-03;10273;13508;601147;263453;28.0;12.3
75;2021-05-04;11167;8079;612314;271532;28.5;12.6
75;2021-05-05;13544;6716;625858;278248;29.1;13.0
75;2021-05-06;13985;8200;639843;286448;29.8;13.3
75;2021-05-07;13963;8598;653806;295046;30.4;13.7
75;2021-05-08;10071;5523;663877;300569;30.9;14.0
75;2021-05-09;3814;3199;667691;303768;31.1;14.1
75;2021-05-10;14287;6734;681978;310502;31.7;14.5
75;2021-05-11;16838;8435;698816;318937;32.5;14.8
75;2021-05-12;17951;8168;716767;327105;33.4;15.2
75;2021-05-13;13627;2509;730394;329614;34.0;15.3
75;2021-05-14;18374;5147;748768;334761;34.9;15.6
75;2021-05-15;12301;2650;761069;337411;35.4;15.7
75;2021-05-16;3848;762;764917;338173;35.6;15.7
75;2021-05-17;15994;4659;780911;342832;36.4;16.0
75;2021-05-18;19144;5333;800055;348165;37.2;16.2
75;2021-05-19;20707;10735;820762;358900;38.2;16.7
75;2021-05-20;21567;8685;842329;367585;39.2;17.1
75;2021-05-21;21020;6558;863349;374143;40.2;17.4
75;2021-05-22;15921;3320;879270;377463;40.9;17.6
75;2021-05-23;5627;1341;884897;378804;41.2;17.6
75;2021-05-24;15632;2566;900529;381370;41.9;17.8
75;2021-05-25;18014;9603;918543;390973;42.8;18.2
75;2021-05-26;18865;8231;937408;399204;43.6;18.6
75;2021-05-27;20134;9828;957542;409032;44.6;19.0
75;2021-05-28;19335;10875;976877;419907;45.5;19.5
75;2021-05-29;16113;5855;992990;425762;46.2;19.8
75;2021-05-30;7031;2159;1000021;427921;46.6;19.9
75;2021-05-31;18095;9469;1018116;437390;47.4;20.4
75;2021-06-01;18652;12992;1036768;450382;48.3;21.0
75;2021-06-02;18108;10309;1054876;460691;49.1;21.4
75;2021-06-03;20246;11984;1075122;472675;50.0;22.0
75;2021-06-04;18111;12875;1093233;485550;50.9;22.6
75;2021-06-05;11986;9629;1105219;495179;51.4;23.1
75;2021-06-06;6720;3160;1111939;498339;51.8;23.2
75;2021-06-07;13896;11850;1125835;510189;52.4;23.7
75;2021-06-08;14800;13985;1140635;524174;53.1;24.4
75;2021-06-09;16491;15256;1157126;539430;53.9;25.1
75;2021-06-10;18348;26330;1175474;565760;54.7;26.3
75;2021-06-11;15305;16480;1190779;582240;55.4;27.1
75;2021-06-12;13283;10003;1204062;592243;56.0;27.6
75;2021-06-13;6272;3798;1210334;596041;56.3;27.7
75;2021-06-14;11823;15429;1222157;611470;56.9;28.5
75;2021-06-15;12711;19562;1234868;631032;57.5;29.4
75;2021-06-16;12182;17246;1247050;648278;58.0;30.2
75;2021-06-17;12629;17693;1259679;665971;58.6;31.0
75;2021-06-18;11258;22629;1270937;688600;59.2;32.1
75;2021-06-19;7526;11831;1278463;700431;59.5;32.6
75;2021-06-20;2815;5487;1281278;705918;59.6;32.9
75;2021-06-21;8486;16345;1289764;722263;60.0;33.6
75;2021-06-22;8784;21815;1298548;744078;60.4;34.6
75;2021-06-23;10287;21436;1308835;765514;60.9;35.6
75;2021-06-24;11297;20647;1320132;786161;61.5;36.6
75;2021-06-25;9850;24703;1329982;810864;61.9;37.7
75;2021-06-26;7936;15429;1337918;826293;62.3;38.5
75;2021-06-27;2696;6332;1340614;832625;62.4;38.8
75;2021-06-28;8456;20154;1349070;852779;62.8;39.7
75;2021-06-29;9333;23848;1358403;876627;63.2;40.8
75;2021-06-30;10178;23622;1368581;900249;63.7;41.9
75;2021-07-01;11290;23528;1379871;923777;64.2;43.0
75;2021-07-02;10685;24781;1390556;948558;64.7;44.2
75;2021-07-03;7803;19822;1398359;968380;65.1;45.1
75;2021-07-04;3902;9556;1402261;977936;65.3;45.5
75;2021-07-05;9019;21576;1411280;999512;65.7;46.5
75;2021-07-06;10043;24013;1421323;1023525;66.2;47.6
75;2021-07-07;10038;25097;1431361;1048622;66.6;48.8
75;2021-07-08;10572;25018;1441933;1073640;67.1;50.0
75;2021-07-09;10572;24036;1452505;1097676;67.6;51.1
75;2021-07-10;7912;18516;1460417;1116192;68.0;52.0
75;2021-07-11;4342;8534;1464759;1124726;68.2;52.4
75;2021-07-12;9423;23090;1474182;1147816;68.6;53.4
75;2021-07-13;14251;24830;1488433;1172646;69.3;54.6
75;2021-07-14;8223;9722;1496656;1182368;69.7;55.0
75;2021-07-15;15118;25657;1511774;1208025;70.4;56.2
75;2021-07-16;15475;22141;1527249;1230166;71.1;57.3
75;2021-07-17;11497;16893;1538746;1247059;71.6;58.0
75;2021-07-18;6272;6829;1545018;1253888;71.9;58.4
75;2021-07-19;14262;21303;1559280;1275191;72.6;59.4
75;2021-07-20;15987;21878;1575267;1297069;73.3;60.4
75;2021-07-21;15619;20720;1590886;1317789;74.1;61.3
75;2021-07-22;17058;20071;1607944;1337860;74.8;62.3
75;2021-07-23;16886;19088;1624830;1356948;75.6;63.2
75;2021-07-24;10999;14051;1635829;1370999;76.1;63.8
75;2021-07-25;4985;5084;1640814;1376083;76.4;64.1
75;2021-07-26;15061;16869;1655875;1392952;77.1;64.8
75;2021-07-27;17966;16623;1673841;1409575;77.9;65.6
75;2021-07-28;16987;15460;1690828;1425035;78.7;66.3
75;2021-07-29;16639;15062;1707467;1440097;79.5;67.0
75;2021-07-30;16087;14299;1723554;1454396;80.2;67.7
75;2021-07-31;9245;9846;1732799;1464242;80.7;68.2
75;2021-08-01;3487;3290;1736286;1467532;80.8;68.3
75;2021-08-02;10372;11958;1746658;1479490;81.3;68.9
75;2021-08-03;10849;10798;1757507;1490288;81.8;69.4
75;2021-08-04;9358;9487;1766865;1499775;82.2;69.8
75;2021-08-05;8446;9501;1775311;1509276;82.6;70.3
75;2021-08-06;8018;9940;1783329;1519216;83.0;70.7
75;2021-08-07;5605;7131;1788934;1526347;83.3;71.1
75;2021-08-08;1910;3270;1790844;1529617;83.4;71.2
75;2021-08-09;8326;11415;1799170;1541032;83.7;71.7
75;2021-08-10;8898;11542;1808068;1552574;84.2;72.3
75;2021-08-11;7568;10098;1815636;1562672;84.5;72.7
75;2021-08-12;6742;10592;1822378;1573264;84.8;73.2
75;2021-08-13;6017;8883;1828395;1582147;85.1;73.6
75;2021-08-14;4007;7182;1832402;1589329;85.3;74.0
75;2021-08-15;920;1925;1833322;1591254;85.3;74.1
75;2021-08-16;5965;14001;1839287;1605255;85.6;74.7
75;2021-08-17;5665;13557;1844952;1618812;85.9;75.4
75;2021-08-18;4882;11963;1849834;1630775;86.1;75.9
75;2021-08-19;4600;12653;1854434;1643428;86.3;76.5
75;2021-08-20;4356;11721;1858790;1655149;86.5;77.0
75;2021-08-21;3083;8766;1861873;1663915;86.7;77.5
75;2021-08-22;961;3155;1862834;1667070;86.7;77.6
76;2020-12-27;0;0;0;0;0.0;0.0
76;2020-12-28;0;0;0;0;0.0;0.0
76;2020-12-29;0;0;0;0;0.0;0.0
76;2020-12-30;0;0;0;0;0.0;0.0
76;2020-12-31;0;0;0;0;0.0;0.0
76;2021-01-01;0;0;0;0;0.0;0.0
76;2021-01-02;0;0;0;0;0.0;0.0
76;2021-01-03;0;0;0;0;0.0;0.0
76;2021-01-04;17;0;17;0;0.0;0.0
76;2021-01-05;138;0;155;0;0.0;0.0
76;2021-01-06;682;2;837;2;0.1;0.0
76;2021-01-07;1355;7;2192;9;0.2;0.0
76;2021-01-08;1534;2;3726;11;0.3;0.0
76;2021-01-09;736;2;4462;13;0.4;0.0
76;2021-01-10;492;1;4954;14;0.4;0.0
76;2021-01-11;1358;2;6312;16;0.5;0.0
76;2021-01-12;1358;2;7670;18;0.6;0.0
76;2021-01-13;1187;5;8857;23;0.7;0.0
76;2021-01-14;2175;24;11032;47;0.9;0.0
76;2021-01-15;1911;9;12943;56;1.0;0.0
76;2021-01-16;990;7;13933;63;1.1;0.0
76;2021-01-17;2898;20;16831;83;1.4;0.0
76;2021-01-18;4396;16;21227;99;1.7;0.0
76;2021-01-19;3013;8;24240;107;1.9;0.0
76;2021-01-20;2069;9;26309;116;2.1;0.0
76;2021-01-21;1773;4;28082;120;2.3;0.0
76;2021-01-22;1706;4;29788;124;2.4;0.0
76;2021-01-23;449;1;30237;125;2.4;0.0
76;2021-01-24;99;0;30336;125;2.4;0.0
76;2021-01-25;1474;140;31810;265;2.6;0.0
76;2021-01-26;1390;335;33200;600;2.7;0.0
76;2021-01-27;1341;432;34541;1032;2.8;0.1
76;2021-01-28;1283;383;35824;1415;2.9;0.1
76;2021-01-29;1152;459;36976;1874;3.0;0.2
76;2021-01-30;283;304;37259;2178;3.0;0.2
76;2021-01-31;4;98;37263;2276;3.0;0.2
76;2021-02-01;839;815;38102;3091;3.1;0.2
76;2021-02-02;1056;1021;39158;4112;3.1;0.3
76;2021-02-03;919;1002;40077;5114;3.2;0.4
76;2021-02-04;976;1454;41053;6568;3.3;0.5
76;2021-02-05;974;1105;42027;7673;3.4;0.6
76;2021-02-06;262;881;42289;8554;3.4;0.7
76;2021-02-07;468;1659;42757;10213;3.4;0.8
76;2021-02-08;1924;3737;44681;13950;3.6;1.1
76;2021-02-09;1757;2996;46438;16946;3.7;1.4
76;2021-02-10;1488;1810;47926;18756;3.9;1.5
76;2021-02-11;1676;1530;49602;20286;4.0;1.6
76;2021-02-12;1708;1577;51310;21863;4.1;1.8
76;2021-02-13;230;337;51540;22200;4.1;1.8
76;2021-02-14;9;82;51549;22282;4.1;1.8
76;2021-02-15;554;1720;52103;24002;4.2;1.9
76;2021-02-16;741;1645;52844;25647;4.2;2.1
76;2021-02-17;625;1447;53469;27094;4.3;2.2
76;2021-02-18;780;1394;54249;28488;4.4;2.3
76;2021-02-19;868;1343;55117;29831;4.4;2.4
76;2021-02-20;270;288;55387;30119;4.5;2.4
76;2021-02-21;0;0;55387;30119;4.5;2.4
76;2021-02-22;371;1311;55758;31430;4.5;2.5
76;2021-02-23;575;1239;56333;32669;4.5;2.6
76;2021-02-24;599;1200;56932;33869;4.6;2.7
76;2021-02-25;1665;1265;58597;35134;4.7;2.8
76;2021-02-26;2171;1053;60768;36187;4.9;2.9
76;2021-02-27;1107;276;61875;36463;5.0;2.9
76;2021-02-28;27;196;61902;36659;5.0;2.9
76;2021-03-01;828;2109;62730;38768;5.0;3.1
76;2021-03-02;1381;1720;64111;40488;5.2;3.3
76;2021-03-03;1941;1403;66052;41891;5.3;3.4
76;2021-03-04;2818;1110;68870;43001;5.5;3.5
76;2021-03-05;4180;813;73050;43814;5.9;3.5
76;2021-03-06;3364;163;76414;43977;6.1;3.5
76;2021-03-07;1257;34;77671;44011;6.2;3.5
76;2021-03-08;2100;1254;79771;45265;6.4;3.6
76;2021-03-09;3574;1172;83345;46437;6.7;3.7
76;2021-03-10;3592;1069;86937;47506;7.0;3.8
76;2021-03-11;5634;946;92571;48452;7.4;3.9
76;2021-03-12;6826;599;99397;49051;8.0;3.9
76;2021-03-13;4646;148;104043;49199;8.4;4.0
76;2021-03-14;1068;28;105111;49227;8.5;4.0
76;2021-03-15;2917;236;108028;49463;8.7;4.0
76;2021-03-16;2556;402;110584;49865;8.9;4.0
76;2021-03-17;2695;317;113279;50182;9.1;4.0
76;2021-03-18;3002;311;116281;50493;9.3;4.1
76;2021-03-19;4395;430;120676;50923;9.7;4.1
76;2021-03-20;3974;289;124650;51212;10.0;4.1
76;2021-03-21;837;13;125487;51225;10.1;4.1
76;2021-03-22;3993;346;129480;51571;10.4;4.1
76;2021-03-23;5711;358;135191;51929;10.9;4.2
76;2021-03-24;5699;397;140890;52326;11.3;4.2
76;2021-03-25;7508;569;148398;52895;11.9;4.3
76;2021-03-26;8720;586;157118;53481;12.6;4.3
76;2021-03-27;4810;390;161928;53871;13.0;4.3
76;2021-03-28;1021;31;162949;53902;13.1;4.3
76;2021-03-29;5390;824;168339;54726;13.5;4.4
76;2021-03-30;6585;1061;174924;55787;14.1;4.5
76;2021-03-31;6447;1259;181371;57046;14.6;4.6
76;2021-04-01;6784;2034;188155;59080;15.1;4.8
76;2021-04-02;6488;2676;194643;61756;15.6;5.0
76;2021-04-03;2443;1080;197086;62836;15.8;5.1
76;2021-04-04;264;11;197350;62847;15.9;5.1
76;2021-04-05;868;379;198218;63226;15.9;5.1
76;2021-04-06;3557;2794;201775;66020;16.2;5.3
76;2021-04-07;4417;2405;206192;68425;16.6;5.5
76;2021-04-08;5841;2784;212033;71209;17.0;5.7
76;2021-04-09;8807;3070;220840;74279;17.8;6.0
76;2021-04-10;4877;1419;225717;75698;18.1;6.1
76;2021-04-11;814;530;226531;76228;18.2;6.1
76;2021-04-12;4725;2849;231256;79077;18.6;6.4
76;2021-04-13;5927;2871;237183;81948;19.1;6.6
76;2021-04-14;4805;3140;241988;85088;19.5;6.8
76;2021-04-15;5564;3362;247552;88450;19.9;7.1
76;2021-04-16;7353;3439;254905;91889;20.5;7.4
76;2021-04-17;4388;1429;259293;93318;20.8;7.5
76;2021-04-18;339;140;259632;93458;20.9;7.5
76;2021-04-19;3478;3775;263110;97233;21.2;7.8
76;2021-04-20;4342;4277;267452;101510;21.5;8.2
76;2021-04-21;4191;4692;271643;106202;21.8;8.5
76;2021-04-22;4561;5439;276204;111641;22.2;9.0
76;2021-04-23;5437;5962;281641;117603;22.6;9.5
76;2021-04-24;4163;2192;285804;119795;23.0;9.6
76;2021-04-25;893;267;286697;120062;23.1;9.7
76;2021-04-26;4482;4477;291179;124539;23.4;10.0
76;2021-04-27;4999;5005;296178;129544;23.8;10.4
76;2021-04-28;5347;4170;301525;133714;24.2;10.8
76;2021-04-29;6927;4171;308452;137885;24.8;11.1
76;2021-04-30;8217;4651;316669;142536;25.5;11.5
76;2021-05-01;4827;1012;321496;143548;25.8;11.5
76;2021-05-02;1843;262;323339;143810;26.0;11.6
76;2021-05-03;4703;3314;328042;147124;26.4;11.8
76;2021-05-04;4823;4560;332865;151684;26.8;12.2
76;2021-05-05;4784;5180;337649;156864;27.1;12.6
76;2021-05-06;5921;5587;343570;162451;27.6;13.1
76;2021-05-07;6138;6764;349708;169215;28.1;13.6
76;2021-05-08;5055;903;354763;170118;28.5;13.7
76;2021-05-09;2539;235;357302;170353;28.7;13.7
76;2021-05-10;4948;5060;362250;175413;29.1;14.1
76;2021-05-11;6519;5679;368769;181092;29.6;14.6
76;2021-05-12;6265;5077;375034;186169;30.2;15.0
76;2021-05-13;8845;1280;383879;187449;30.9;15.1
76;2021-05-14;10418;4665;394297;192114;31.7;15.4
76;2021-05-15;9120;2455;403417;194569;32.4;15.6
76;2021-05-16;6234;481;409651;195050;32.9;15.7
76;2021-05-17;7225;3274;416876;198324;33.5;15.9
76;2021-05-18;8304;2811;425180;201135;34.2;16.2
76;2021-05-19;8402;3191;433582;204326;34.9;16.4
76;2021-05-20;9649;3416;443231;207742;35.6;16.7
76;2021-05-21;8369;4094;451600;211836;36.3;17.0
76;2021-05-22;7164;2361;458764;214197;36.9;17.2
76;2021-05-23;6390;415;465154;214612;37.4;17.3
76;2021-05-24;6865;1529;472019;216141;38.0;17.4
76;2021-05-25;8024;4087;480043;220228;38.6;17.7
76;2021-05-26;7572;3612;487615;223840;39.2;18.0
76;2021-05-27;8346;4708;495961;228548;39.9;18.4
76;2021-05-28;8233;6577;504194;235125;40.5;18.9
76;2021-05-29;6223;3522;510417;238647;41.0;19.2
76;2021-05-30;3147;431;513564;239078;41.3;19.2
76;2021-05-31;8168;3972;521732;243050;41.9;19.5
76;2021-06-01;9211;5027;530943;248077;42.7;19.9
76;2021-06-02;7931;4447;538874;252524;43.3;20.3
76;2021-06-03;9538;5411;548412;257935;44.1;20.7
76;2021-06-04;9243;6679;557655;264614;44.8;21.3
76;2021-06-05;6289;3817;563944;268431;45.3;21.6
76;2021-06-06;2554;648;566498;269079;45.5;21.6
76;2021-06-07;6983;5454;573481;274533;46.1;22.1
76;2021-06-08;8654;6287;582135;280820;46.8;22.6
76;2021-06-09;7213;6086;589348;286906;47.4;23.1
76;2021-06-10;7993;6566;597341;293472;48.0;23.6
76;2021-06-11;7581;8238;604922;301710;48.6;24.3
76;2021-06-12;7166;5876;612088;307586;49.2;24.7
76;2021-06-13;2961;1294;615049;308880;49.4;24.8
76;2021-06-14;6490;6724;621539;315604;50.0;25.4
76;2021-06-15;6298;7466;627837;323070;50.5;26.0
76;2021-06-16;6655;7484;634492;330554;51.0;26.6
76;2021-06-17;7007;7758;641499;338312;51.6;27.2
76;2021-06-18;7689;9239;649188;347551;52.2;27.9
76;2021-06-19;5986;6263;655174;353814;52.7;28.4
76;2021-06-20;2811;1815;657985;355629;52.9;28.6
76;2021-06-21;5589;8175;663574;363804;53.4;29.2
76;2021-06-22;4925;9879;668499;373683;53.7;30.0
76;2021-06-23;4730;9435;673229;383118;54.1;30.8
76;2021-06-24;4797;9918;678026;393036;54.5;31.6
76;2021-06-25;5225;11576;683251;404612;54.9;32.5
76;2021-06-26;3454;7877;686705;412489;55.2;33.2
76;2021-06-27;1367;5164;688072;417653;55.3;33.6
76;2021-06-28;3615;9949;691687;427602;55.6;34.4
76;2021-06-29;3873;10233;695560;437835;55.9;35.2
76;2021-06-30;4271;9839;699831;447674;56.3;36.0
76;2021-07-01;4592;9905;704423;457579;56.6;36.8
76;2021-07-02;4369;12012;708792;469591;57.0;37.8
76;2021-07-03;3586;8454;712378;478045;57.3;38.4
76;2021-07-04;1487;5304;713865;483349;57.4;38.9
76;2021-07-05;3954;9331;717819;492680;57.7;39.6
76;2021-07-06;4055;10077;721874;502757;58.0;40.4
76;2021-07-07;4014;9329;725888;512086;58.4;41.2
76;2021-07-08;4466;9459;730354;521545;58.7;41.9
76;2021-07-09;4365;12411;734719;533956;59.1;42.9
76;2021-07-10;3138;8552;737857;542508;59.3;43.6
76;2021-07-11;1777;2818;739634;545326;59.5;43.8
76;2021-07-12;3157;11149;742791;556475;59.7;44.7
76;2021-07-13;4937;12261;747728;568736;60.1;45.7
76;2021-07-14;4804;5543;752532;574279;60.5;46.2
76;2021-07-15;5913;11791;758445;586070;61.0;47.1
76;2021-07-16;6720;12016;765165;598086;61.5;48.1
76;2021-07-17;5277;8704;770442;606790;61.9;48.8
76;2021-07-18;2258;3357;772700;610147;62.1;49.1
76;2021-07-19;5159;11149;777859;621296;62.5;50.0
76;2021-07-20;6274;11629;784133;632925;63.0;50.9
76;2021-07-21;6337;10558;790470;643483;63.6;51.7
76;2021-07-22;8237;9652;798707;653135;64.2;52.5
76;2021-07-23;7629;11997;806336;665132;64.8;53.5
76;2021-07-24;4992;7715;811328;672847;65.2;54.1
76;2021-07-25;2869;3142;814197;675989;65.5;54.3
76;2021-07-26;5433;10152;819630;686141;65.9;55.2
76;2021-07-27;8321;9559;827951;695700;66.6;55.9
76;2021-07-28;8239;7810;836190;703510;67.2;56.6
76;2021-07-29;9566;6973;845756;710483;68.0;57.1
76;2021-07-30;7977;7831;853733;718314;68.6;57.8
76;2021-07-31;6582;5326;860315;723640;69.2;58.2
76;2021-08-01;3862;2081;864177;725721;69.5;58.3
76;2021-08-02;6526;7097;870703;732818;70.0;58.9
76;2021-08-03;7940;6347;878643;739165;70.6;59.4
76;2021-08-04;7214;5848;885857;745013;71.2;59.9
76;2021-08-05;8017;5703;893874;750716;71.9;60.4
76;2021-08-06;6742;6870;900616;757586;72.4;60.9
76;2021-08-07;4769;4372;905385;761958;72.8;61.3
76;2021-08-08;2401;2154;907786;764112;73.0;61.4
76;2021-08-09;5591;6727;913377;770839;73.4;62.0
76;2021-08-10;6329;6542;919706;777381;73.9;62.5
76;2021-08-11;6435;5475;926141;782856;74.5;62.9
76;2021-08-12;6010;6055;932151;788911;74.9;63.4
76;2021-08-13;5023;6196;937174;795107;75.3;63.9
76;2021-08-14;3818;4588;940992;799695;75.7;64.3
76;2021-08-15;1573;2349;942565;802044;75.8;64.5
76;2021-08-16;3604;6711;946169;808755;76.1;65.0
76;2021-08-17;3884;6930;950053;815685;76.4;65.6
76;2021-08-18;3713;6729;953766;822414;76.7;66.1
76;2021-08-19;3358;7159;957124;829573;77.0;66.7
76;2021-08-20;3397;7812;960521;837385;77.2;67.3
76;2021-08-21;1810;4211;962331;841596;77.4;67.7
76;2021-08-22;854;3286;963185;844882;77.4;67.9
77;2020-12-27;1;0;1;0;0.0;0.0
77;2020-12-28;1;0;2;0;0.0;0.0
77;2020-12-29;0;0;2;0;0.0;0.0
77;2020-12-30;0;0;2;0;0.0;0.0
77;2020-12-31;0;0;2;0;0.0;0.0
77;2021-01-01;3;0;5;0;0.0;0.0
77;2021-01-02;0;0;5;0;0.0;0.0
77;2021-01-03;0;0;5;0;0.0;0.0
77;2021-01-04;7;0;12;0;0.0;0.0
77;2021-01-05;199;0;211;0;0.0;0.0
77;2021-01-06;223;2;434;2;0.0;0.0
77;2021-01-07;521;3;955;5;0.1;0.0
77;2021-01-08;612;0;1567;5;0.1;0.0
77;2021-01-09;273;1;1840;6;0.1;0.0
77;2021-01-10;235;2;2075;8;0.1;0.0
77;2021-01-11;783;2;2858;10;0.2;0.0
77;2021-01-12;884;1;3742;11;0.3;0.0
77;2021-01-13;937;1;4679;12;0.3;0.0
77;2021-01-14;847;7;5526;19;0.4;0.0
77;2021-01-15;859;11;6385;30;0.4;0.0
77;2021-01-16;168;1;6553;31;0.5;0.0
77;2021-01-17;131;2;6684;33;0.5;0.0
77;2021-01-18;1194;5;7878;38;0.6;0.0
77;2021-01-19;1719;20;9597;58;0.7;0.0
77;2021-01-20;2541;5;12138;63;0.9;0.0
77;2021-01-21;2052;23;14190;86;1.0;0.0
77;2021-01-22;1147;8;15337;94;1.1;0.0
77;2021-01-23;350;0;15687;94;1.1;0.0
77;2021-01-24;44;0;15731;94;1.1;0.0
77;2021-01-25;939;24;16670;118;1.2;0.0
77;2021-01-26;1702;25;18372;143;1.3;0.0
77;2021-01-27;1363;28;19735;171;1.4;0.0
77;2021-01-28;1697;98;21432;269;1.5;0.0
77;2021-01-29;1285;146;22717;415;1.6;0.0
77;2021-01-30;211;2;22928;417;1.6;0.0
77;2021-01-31;0;0;22928;417;1.6;0.0
77;2021-02-01;569;212;23497;629;1.7;0.0
77;2021-02-02;867;267;24364;896;1.7;0.1
77;2021-02-03;794;526;25158;1422;1.8;0.1
77;2021-02-04;789;806;25947;2228;1.8;0.2
77;2021-02-05;857;852;26804;3080;1.9;0.2
77;2021-02-06;165;101;26969;3181;1.9;0.2
77;2021-02-07;16;92;26985;3273;1.9;0.2
77;2021-02-08;495;939;27480;4212;1.9;0.3
77;2021-02-09;589;1465;28069;5677;2.0;0.4
77;2021-02-10;1029;1836;29098;7513;2.0;0.5
77;2021-02-11;1059;1652;30157;9165;2.1;0.6
77;2021-02-12;1098;1173;31255;10338;2.2;0.7
77;2021-02-13;187;175;31442;10513;2.2;0.7
77;2021-02-14;12;57;31454;10570;2.2;0.7
77;2021-02-15;555;1029;32009;11599;2.2;0.8
77;2021-02-16;599;1540;32608;13139;2.3;0.9
77;2021-02-17;515;1189;33123;14328;2.3;1.0
77;2021-02-18;840;1624;33963;15952;2.4;1.1
77;2021-02-19;776;1133;34739;17085;2.4;1.2
77;2021-02-20;54;179;34793;17264;2.4;1.2
77;2021-02-21;7;31;34800;17295;2.4;1.2
77;2021-02-22;303;773;35103;18068;2.5;1.3
77;2021-02-23;358;1131;35461;19199;2.5;1.3
77;2021-02-24;513;899;35974;20098;2.5;1.4
77;2021-02-25;793;971;36767;21069;2.6;1.5
77;2021-02-26;841;839;37608;21908;2.6;1.5
77;2021-02-27;460;169;38068;22077;2.7;1.6
77;2021-02-28;32;5;38100;22082;2.7;1.6
77;2021-03-01;676;711;38776;22793;2.7;1.6
77;2021-03-02;1092;1028;39868;23821;2.8;1.7
77;2021-03-03;1954;1178;41822;24999;2.9;1.8
77;2021-03-04;2800;1134;44622;26133;3.1;1.8
77;2021-03-05;3379;1047;48001;27180;3.4;1.9
77;2021-03-06;4824;266;52825;27446;3.7;1.9
77;2021-03-07;3191;115;56016;27561;3.9;1.9
77;2021-03-08;1230;506;57246;28067;4.0;2.0
77;2021-03-09;2504;631;59750;28698;4.2;2.0
77;2021-03-10;2398;577;62148;29275;4.4;2.1
77;2021-03-11;3500;785;65648;30060;4.6;2.1
77;2021-03-12;3888;684;69536;30744;4.9;2.2
77;2021-03-13;4481;203;74017;30947;5.2;2.2
77;2021-03-14;2152;119;76169;31066;5.4;2.2
77;2021-03-15;2509;279;78678;31345;5.5;2.2
77;2021-03-16;2444;376;81122;31721;5.7;2.2
77;2021-03-17;2551;424;83673;32145;5.9;2.3
77;2021-03-18;3010;398;86683;32543;6.1;2.3
77;2021-03-19;3358;435;90041;32978;6.3;2.3
77;2021-03-20;1966;75;92007;33053;6.5;2.3
77;2021-03-21;242;13;92249;33066;6.5;2.3
77;2021-03-22;3020;406;95269;33472;6.7;2.4
77;2021-03-23;4518;527;99787;33999;7.0;2.4
77;2021-03-24;4152;617;103939;34616;7.3;2.4
77;2021-03-25;5908;406;109847;35022;7.7;2.5
77;2021-03-26;6267;445;116114;35467;8.2;2.5
77;2021-03-27;3321;121;119435;35588;8.4;2.5
77;2021-03-28;1730;44;121165;35632;8.5;2.5
77;2021-03-29;2653;687;123818;36319;8.7;2.6
77;2021-03-30;3994;1194;127812;37513;9.0;2.6
77;2021-03-31;3753;1220;131565;38733;9.2;2.7
77;2021-04-01;4141;1818;135706;40551;9.5;2.8
77;2021-04-02;3990;2014;139696;42565;9.8;3.0
77;2021-04-03;1745;2280;141441;44845;9.9;3.2
77;2021-04-04;424;1426;141865;46271;10.0;3.3
77;2021-04-05;158;162;142023;46433;10.0;3.3
77;2021-04-06;2718;1922;144741;48355;10.2;3.4
77;2021-04-07;3317;2082;148058;50437;10.4;3.5
77;2021-04-08;4534;2364;152592;52801;10.7;3.7
77;2021-04-09;4849;2087;157441;54888;11.1;3.9
77;2021-04-10;3074;2750;160515;57638;11.3;4.0
77;2021-04-11;586;717;161101;58355;11.3;4.1
77;2021-04-12;2232;1825;163333;60180;11.5;4.2
77;2021-04-13;3358;2632;166691;62812;11.7;4.4
77;2021-04-14;2522;2648;169213;65460;11.9;4.6
77;2021-04-15;3320;3114;172533;68574;12.1;4.8
77;2021-04-16;3575;2720;176108;71294;12.4;5.0
77;2021-04-17;1387;474;177495;71768;12.5;5.0
77;2021-04-18;150;11;177645;71779;12.5;5.0
77;2021-04-19;2084;2512;179729;74291;12.6;5.2
77;2021-04-20;2569;3382;182298;77673;12.8;5.5
77;2021-04-21;2194;3477;184492;81150;13.0;5.7
77;2021-04-22;3003;3860;187495;85010;13.2;6.0
77;2021-04-23;3529;3636;191024;88646;13.4;6.2
77;2021-04-24;4901;2514;195925;91160;13.8;6.4
77;2021-04-25;4080;1239;200005;92399;14.0;6.5
77;2021-04-26;3227;2042;203232;94441;14.3;6.6
77;2021-04-27;3997;2515;207229;96956;14.6;6.8
77;2021-04-28;4070;2615;211299;99571;14.8;7.0
77;2021-04-29;4480;3081;215779;102652;15.2;7.2
77;2021-04-30;4909;3335;220688;105987;15.5;7.4
77;2021-05-01;2463;594;223151;106581;15.7;7.5
77;2021-05-02;3142;276;226293;106857;15.9;7.5
77;2021-05-03;5989;2066;232282;108923;16.3;7.7
77;2021-05-04;6441;2990;238723;111913;16.8;7.9
77;2021-05-05;6017;3023;244740;114936;17.2;8.1
77;2021-05-06;6889;3593;251629;118529;17.7;8.3
77;2021-05-07;8205;3261;259834;121790;18.3;8.6
77;2021-05-08;5710;809;265544;122599;18.7;8.6
77;2021-05-09;4906;480;270450;123079;19.0;8.6
77;2021-05-10;8089;2329;278539;125408;19.6;8.8
77;2021-05-11;9581;2918;288120;128326;20.2;9.0
77;2021-05-12;8977;2284;297097;130610;20.9;9.2
77;2021-05-13;9305;882;306402;131492;21.5;9.2
77;2021-05-14;10426;1663;316828;133155;22.3;9.4
77;2021-05-15;8992;1249;325820;134404;22.9;9.4
77;2021-05-16;5151;465;330971;134869;23.2;9.5
77;2021-05-17;10373;1473;341344;136342;24.0;9.6
77;2021-05-18;11785;1805;353129;138147;24.8;9.7
77;2021-05-19;10912;1605;364041;139752;25.6;9.8
77;2021-05-20;12213;2155;376254;141907;26.4;10.0
77;2021-05-21;11653;2699;387907;144606;27.2;10.2
77;2021-05-22;9820;1738;397727;146344;27.9;10.3
77;2021-05-23;6986;808;404713;147152;28.4;10.3
77;2021-05-24;6765;774;411478;147926;28.9;10.4
77;2021-05-25;8312;2814;419790;150740;29.5;10.6
77;2021-05-26;7565;2980;427355;153720;30.0;10.8
77;2021-05-27;7553;3962;434908;157682;30.5;11.1
77;2021-05-28;7640;4013;442548;161695;31.1;11.4
77;2021-05-29;7355;2341;449903;164036;31.6;11.5
77;2021-05-30;4360;894;454263;164930;31.9;11.6
77;2021-05-31;8385;3831;462648;168761;32.5;11.9
77;2021-06-01;9645;4382;472293;173143;33.2;12.2
77;2021-06-02;9005;3924;481298;177067;33.8;12.4
77;2021-06-03;9004;5273;490302;182340;34.4;12.8
77;2021-06-04;9117;5490;499419;187830;35.1;13.2
77;2021-06-05;6663;4992;506082;192822;35.5;13.5
77;2021-06-06;4910;3210;510992;196032;35.9;13.8
77;2021-06-07;6417;4543;517409;200575;36.3;14.1
77;2021-06-08;5722;5224;523131;205799;36.7;14.5
77;2021-06-09;5056;4963;528187;210762;37.1;14.8
77;2021-06-10;5014;5462;533201;216224;37.5;15.2
77;2021-06-11;5756;6036;538957;222260;37.9;15.6
77;2021-06-12;6545;4750;545502;227010;38.3;15.9
77;2021-06-13;3507;3051;549009;230061;38.6;16.2
77;2021-06-14;3217;7929;552226;237990;38.8;16.7
77;2021-06-15;4124;8481;556350;246471;39.1;17.3
77;2021-06-16;4806;8376;561156;254847;39.4;17.9
77;2021-06-17;4471;9027;565627;263874;39.7;18.5
77;2021-06-18;4364;9789;569991;273663;40.0;19.2
77;2021-06-19;5305;6931;575296;280594;40.4;19.7
77;2021-06-20;2094;3798;577390;284392;40.6;20.0
77;2021-06-21;3231;9581;580621;293973;40.8;20.6
77;2021-06-22;3667;11374;584288;305347;41.0;21.4
77;2021-06-23;3440;10055;587728;315402;41.3;22.2
77;2021-06-24;3358;10914;591086;326316;41.5;22.9
77;2021-06-25;3625;10805;594711;337121;41.8;23.7
77;2021-06-26;4088;10069;598799;347190;42.1;24.4
77;2021-06-27;2123;6426;600922;353616;42.2;24.8
77;2021-06-28;2801;10831;603723;364447;42.4;25.6
77;2021-06-29;3413;12525;607136;376972;42.6;26.5
77;2021-06-30;3287;11448;610423;388420;42.9;27.3
77;2021-07-01;3278;11659;613701;400079;43.1;28.1
77;2021-07-02;3452;12255;617153;412334;43.4;29.0
77;2021-07-03;3185;10793;620338;423127;43.6;29.7
77;2021-07-04;1995;6493;622333;429620;43.7;30.2
77;2021-07-05;3589;9545;625922;439165;44.0;30.8
77;2021-07-06;3737;9529;629659;448694;44.2;31.5
77;2021-07-07;4056;8954;633715;457648;44.5;32.1
77;2021-07-08;3917;8758;637632;466406;44.8;32.8
77;2021-07-09;4696;10341;642328;476747;45.1;33.5
77;2021-07-10;4048;9842;646376;486589;45.4;34.2
77;2021-07-11;3087;5087;649463;491676;45.6;34.5
77;2021-07-12;3286;10857;652749;502533;45.9;35.3
77;2021-07-13;6113;12030;658862;514563;46.3;36.1
77;2021-07-14;3547;6437;662409;521000;46.5;36.6
77;2021-07-15;7165;11970;669574;532970;47.0;37.4
77;2021-07-16;7810;9895;677384;542865;47.6;38.1
77;2021-07-17;5787;9455;683171;552320;48.0;38.8
77;2021-07-18;4141;5327;687312;557647;48.3;39.2
77;2021-07-19;7491;8941;694803;566588;48.8;39.8
77;2021-07-20;9570;8027;704373;574615;49.5;40.4
77;2021-07-21;9500;7462;713873;582077;50.1;40.9
77;2021-07-22;10498;7521;724371;589598;50.9;41.4
77;2021-07-23;9827;8187;734198;597785;51.6;42.0
77;2021-07-24;7196;7859;741394;605644;52.1;42.5
77;2021-07-25;5877;4024;747271;609668;52.5;42.8
77;2021-07-26;9178;5957;756449;615625;53.1;43.2
77;2021-07-27;10849;6026;767298;621651;53.9;43.7
77;2021-07-28;9409;6406;776707;628057;54.6;44.1
77;2021-07-29;9490;5489;786197;633546;55.2;44.5
77;2021-07-30;9664;6349;795861;639895;55.9;44.9
77;2021-07-31;7225;6631;803086;646526;56.4;45.4
77;2021-08-01;2941;1208;806027;647734;56.6;45.5
77;2021-08-02;6999;5730;813026;653464;57.1;45.9
77;2021-08-03;5726;4492;818752;657956;57.5;46.2
77;2021-08-04;4667;4379;823419;662335;57.8;46.5
77;2021-08-05;3202;2958;826621;665293;58.1;46.7
77;2021-08-06;5808;5243;832429;670536;58.5;47.1
77;2021-08-07;5242;6797;837671;677333;58.8;47.6
77;2021-08-08;1956;1858;839627;679191;59.0;47.7
77;2021-08-09;5022;6579;844649;685770;59.3;48.2
77;2021-08-10;2654;3559;847303;689329;59.5;48.4
77;2021-08-11;3088;6182;850391;695511;59.7;48.9
77;2021-08-12;2232;3558;852623;699069;59.9;49.1
77;2021-08-13;2684;4879;855307;703948;60.1;49.4
77;2021-08-14;2910;7311;858217;711259;60.3;50.0
77;2021-08-15;787;770;859004;712029;60.3;50.0
77;2021-08-16;2355;6972;861359;719001;60.5;50.5
77;2021-08-17;2866;7189;864225;726190;60.7;51.0
77;2021-08-18;2644;6543;866869;732733;60.9;51.5
77;2021-08-19;2611;5085;869480;737818;61.1;51.8
77;2021-08-20;2652;5665;872132;743483;61.3;52.2
77;2021-08-21;2709;7303;874841;750786;61.5;52.7
77;2021-08-22;1728;5329;876569;756115;61.6;53.1
78;2020-12-27;2;0;2;0;0.0;0.0
78;2020-12-28;0;0;2;0;0.0;0.0
78;2020-12-29;0;0;2;0;0.0;0.0
78;2020-12-30;0;0;2;0;0.0;0.0
78;2020-12-31;15;0;17;0;0.0;0.0
78;2021-01-01;1;0;18;0;0.0;0.0
78;2021-01-02;1;0;19;0;0.0;0.0
78;2021-01-03;2;0;21;0;0.0;0.0
78;2021-01-04;145;3;166;3;0.0;0.0
78;2021-01-05;175;1;341;4;0.0;0.0
78;2021-01-06;208;3;549;7;0.0;0.0
78;2021-01-07;469;2;1018;9;0.1;0.0
78;2021-01-08;651;3;1669;12;0.1;0.0
78;2021-01-09;22;0;1691;12;0.1;0.0
78;2021-01-10;1;0;1692;12;0.1;0.0
78;2021-01-11;792;3;2484;15;0.2;0.0
78;2021-01-12;945;5;3429;20;0.2;0.0
78;2021-01-13;740;9;4169;29;0.3;0.0
78;2021-01-14;811;9;4980;38;0.3;0.0
78;2021-01-15;847;10;5827;48;0.4;0.0
78;2021-01-16;32;1;5859;49;0.4;0.0
78;2021-01-17;0;0;5859;49;0.4;0.0
78;2021-01-18;1382;21;7241;70;0.5;0.0
78;2021-01-19;1841;27;9082;97;0.6;0.0
78;2021-01-20;1657;15;10739;112;0.7;0.0
78;2021-01-21;3252;13;13991;125;1.0;0.0
78;2021-01-22;2216;16;16207;141;1.1;0.0
78;2021-01-23;279;0;16486;141;1.1;0.0
78;2021-01-24;5;0;16491;141;1.1;0.0
78;2021-01-25;959;32;17450;173;1.2;0.0
78;2021-01-26;1560;20;19010;193;1.3;0.0
78;2021-01-27;2060;49;21070;242;1.5;0.0
78;2021-01-28;2436;108;23506;350;1.6;0.0
78;2021-01-29;1490;64;24996;414;1.7;0.0
78;2021-01-30;210;3;25206;417;1.7;0.0
78;2021-01-31;3;0;25209;417;1.7;0.0
78;2021-02-01;786;225;25995;642;1.8;0.0
78;2021-02-02;968;346;26963;988;1.9;0.1
78;2021-02-03;975;241;27938;1229;1.9;0.1
78;2021-02-04;1117;448;29055;1677;2.0;0.1
78;2021-02-05;1190;507;30245;2184;2.1;0.2
78;2021-02-06;197;44;30442;2228;2.1;0.2
78;2021-02-07;139;14;30581;2242;2.1;0.2
78;2021-02-08;760;608;31341;2850;2.2;0.2
78;2021-02-09;1122;945;32463;3795;2.2;0.3
78;2021-02-10;1248;1180;33711;4975;2.3;0.3
78;2021-02-11;1819;1895;35530;6870;2.5;0.5
78;2021-02-12;1820;1409;37350;8279;2.6;0.6
78;2021-02-13;173;79;37523;8358;2.6;0.6
78;2021-02-14;26;25;37549;8383;2.6;0.6
78;2021-02-15;446;1438;37995;9821;2.6;0.7
78;2021-02-16;627;1561;38622;11382;2.7;0.8
78;2021-02-17;585;2219;39207;13601;2.7;0.9
78;2021-02-18;996;2279;40203;15880;2.8;1.1
78;2021-02-19;819;1730;41022;17610;2.8;1.2
78;2021-02-20;148;124;41170;17734;2.8;1.2
78;2021-02-21;0;12;41170;17746;2.8;1.2
78;2021-02-22;500;1060;41670;18806;2.9;1.3
78;2021-02-23;540;1125;42210;19931;2.9;1.4
78;2021-02-24;619;1237;42829;21168;3.0;1.5
78;2021-02-25;866;1153;43695;22321;3.0;1.5
78;2021-02-26;1132;1245;44827;23566;3.1;1.6
78;2021-02-27;739;151;45566;23717;3.1;1.6
78;2021-02-28;67;18;45633;23735;3.2;1.6
78;2021-03-01;965;907;46598;24642;3.2;1.7
78;2021-03-02;1725;1058;48323;25700;3.3;1.8
78;2021-03-03;1965;1234;50288;26934;3.5;1.9
78;2021-03-04;2946;1587;53234;28521;3.7;2.0
78;2021-03-05;3253;1658;56487;30179;3.9;2.1
78;2021-03-06;6242;292;62729;30471;4.3;2.1
78;2021-03-07;3443;97;66172;30568;4.6;2.1
78;2021-03-08;1457;761;67629;31329;4.7;2.2
78;2021-03-09;2940;910;70569;32239;4.9;2.2
78;2021-03-10;3076;1119;73645;33358;5.1;2.3
78;2021-03-11;4176;1313;77821;34671;5.4;2.4
78;2021-03-12;5369;1342;83190;36013;5.7;2.5
78;2021-03-13;4655;197;87845;36210;6.1;2.5
78;2021-03-14;1035;41;88880;36251;6.1;2.5
78;2021-03-15;3621;263;92501;36514;6.4;2.5
78;2021-03-16;2565;564;95066;37078;6.6;2.6
78;2021-03-17;2966;440;98032;37518;6.8;2.6
78;2021-03-18;3780;436;101812;37954;7.0;2.6
78;2021-03-19;5316;486;107128;38440;7.4;2.7
78;2021-03-20;2258;125;109386;38565;7.6;2.7
78;2021-03-21;165;7;109551;38572;7.6;2.7
78;2021-03-22;3532;380;113083;38952;7.8;2.7
78;2021-03-23;5230;542;118313;39494;8.2;2.7
78;2021-03-24;4893;543;123206;40037;8.5;2.8
78;2021-03-25;6940;558;130146;40595;9.0;2.8
78;2021-03-26;6938;720;137084;41315;9.5;2.9
78;2021-03-27;3744;190;140828;41505;9.7;2.9
78;2021-03-28;1919;49;142747;41554;9.9;2.9
78;2021-03-29;3865;763;146612;42317;10.1;2.9
78;2021-03-30;5523;1058;152135;43375;10.5;3.0
78;2021-03-31;5330;1286;157465;44661;10.9;3.1
78;2021-04-01;5593;2347;163058;47008;11.3;3.2
78;2021-04-02;5193;2625;168251;49633;11.6;3.4
78;2021-04-03;2198;2563;170449;52196;11.8;3.6
78;2021-04-04;173;14;170622;52210;11.8;3.6
78;2021-04-05;199;19;170821;52229;11.8;3.6
78;2021-04-06;3617;2306;174438;54535;12.0;3.8
78;2021-04-07;4357;2587;178795;57122;12.3;3.9
78;2021-04-08;5525;2671;184320;59793;12.7;4.1
78;2021-04-09;6907;2449;191227;62242;13.2;4.3
78;2021-04-10;3994;1898;195221;64140;13.5;4.4
78;2021-04-11;374;606;195595;64746;13.5;4.5
78;2021-04-12;3531;2366;199126;67112;13.7;4.6
78;2021-04-13;5458;2495;204584;69607;14.1;4.8
78;2021-04-14;4955;3393;209539;73000;14.5;5.0
78;2021-04-15;4616;3845;214155;76845;14.8;5.3
78;2021-04-16;5627;4020;219782;80865;15.2;5.6
78;2021-04-17;3615;716;223397;81581;15.4;5.6
78;2021-04-18;272;42;223669;81623;15.4;5.6
78;2021-04-19;3241;2815;226910;84438;15.7;5.8
78;2021-04-20;4709;3685;231619;88123;16.0;6.1
78;2021-04-21;4533;3504;236152;91627;16.3;6.3
78;2021-04-22;4566;4690;240718;96317;16.6;6.6
78;2021-04-23;5059;4431;245777;100748;17.0;7.0
78;2021-04-24;4865;2622;250642;103370;17.3;7.1
78;2021-04-25;3047;1730;253689;105100;17.5;7.3
78;2021-04-26;4768;3318;258457;108418;17.8;7.5
78;2021-04-27;5469;4309;263926;112727;18.2;7.8
78;2021-04-28;5651;4784;269577;117511;18.6;8.1
78;2021-04-29;6258;4067;275835;121578;19.0;8.4
78;2021-04-30;7209;4465;283044;126043;19.5;8.7
78;2021-05-01;612;256;283656;126299;19.6;8.7
78;2021-05-02;2008;165;285664;126464;19.7;8.7
78;2021-05-03;7458;1276;293122;127740;20.2;8.8
78;2021-05-04;6077;3979;299199;131719;20.7;9.1
78;2021-05-05;7296;4551;306495;136270;21.2;9.4
78;2021-05-06;6478;5179;312973;141449;21.6;9.8
78;2021-05-07;8312;5142;321285;146591;22.2;10.1
78;2021-05-08;2917;1451;324202;148042;22.4;10.2
78;2021-05-09;2818;352;327020;148394;22.6;10.2
78;2021-05-10;7343;4452;334363;152846;23.1;10.6
78;2021-05-11;8144;5416;342507;158262;23.6;10.9
78;2021-05-12;8730;3916;351237;162178;24.2;11.2
78;2021-05-13;6631;599;357868;162777;24.7;11.2
78;2021-05-14;10215;2217;368083;164994;25.4;11.4
78;2021-05-15;4934;2365;373017;167359;25.7;11.6
78;2021-05-16;3697;793;376714;168152;26.0;11.6
78;2021-05-17;8743;1346;385457;169498;26.6;11.7
78;2021-05-18;9882;1883;395339;171381;27.3;11.8
78;2021-05-19;11650;1712;406989;173093;28.1;11.9
78;2021-05-20;11594;2267;418583;175360;28.9;12.1
78;2021-05-21;12127;2631;430710;177991;29.7;12.3
78;2021-05-22;6546;1373;437256;179364;30.2;12.4
78;2021-05-23;3126;389;440382;179753;30.4;12.4
78;2021-05-24;3523;415;443905;180168;30.6;12.4
78;2021-05-25;9988;2504;453893;182672;31.3;12.6
78;2021-05-26;10165;3781;464058;186453;32.0;12.9
78;2021-05-27;10958;4642;475016;191095;32.8;13.2
78;2021-05-28;11415;6034;486431;197129;33.6;13.6
78;2021-05-29;4226;3386;490657;200515;33.9;13.8
78;2021-05-30;135;346;490792;200861;33.9;13.9
78;2021-05-31;7972;5360;498764;206221;34.4;14.2
78;2021-06-01;10032;6531;508796;212752;35.1;14.7
78;2021-06-02;8582;6213;517378;218965;35.7;15.1
78;2021-06-03;9899;6473;527277;225438;36.4;15.6
78;2021-06-04;9794;8147;537071;233585;37.1;16.1
78;2021-06-05;5517;6140;542588;239725;37.5;16.5
78;2021-06-06;2148;2013;544736;241738;37.6;16.7
78;2021-06-07;8125;6520;552861;248258;38.2;17.1
78;2021-06-08;8065;7321;560926;255579;38.7;17.6
78;2021-06-09;7325;6729;568251;262308;39.2;18.1
78;2021-06-10;7111;7106;575362;269414;39.7;18.6
78;2021-06-11;7581;8187;582943;277601;40.2;19.2
78;2021-06-12;6374;2919;589317;280520;40.7;19.4
78;2021-06-13;946;2458;590263;282978;40.7;19.5
78;2021-06-14;3414;9814;593677;292792;41.0;20.2
78;2021-06-15;5802;8294;599479;301086;41.4;20.8
78;2021-06-16;5432;8634;604911;309720;41.8;21.4
78;2021-06-17;5485;8537;610396;318257;42.1;22.0
78;2021-06-18;6165;9798;616561;328055;42.6;22.6
78;2021-06-19;5221;4818;621782;332873;42.9;23.0
78;2021-06-20;624;2838;622406;335711;43.0;23.2
78;2021-06-21;4098;9469;626504;345180;43.2;23.8
78;2021-06-22;3349;10316;629853;355496;43.5;24.5
78;2021-06-23;3839;10391;633692;365887;43.7;25.3
78;2021-06-24;3799;9978;637491;375865;44.0;25.9
78;2021-06-25;4000;13153;641491;389018;44.3;26.9
78;2021-06-26;4212;7955;645703;396973;44.6;27.4
78;2021-06-27;1040;2543;646743;399516;44.6;27.6
78;2021-06-28;3294;10902;650037;410418;44.9;28.3
78;2021-06-29;3537;11252;653574;421670;45.1;29.1
78;2021-06-30;4113;13226;657687;434896;45.4;30.0
78;2021-07-01;3969;12700;661656;447596;45.7;30.9
78;2021-07-02;4257;13936;665913;461532;46.0;31.9
78;2021-07-03;3156;8622;669069;470154;46.2;32.5
78;2021-07-04;761;1742;669830;471896;46.2;32.6
78;2021-07-05;3377;9693;673207;481589;46.5;33.2
78;2021-07-06;3525;12044;676732;493633;46.7;34.1
78;2021-07-07;3759;11609;680491;505242;47.0;34.9
78;2021-07-08;3863;11677;684354;516919;47.2;35.7
78;2021-07-09;4777;12743;689131;529662;47.6;36.6
78;2021-07-10;2623;6606;691754;536268;47.8;37.0
78;2021-07-11;747;2045;692501;538313;47.8;37.2
78;2021-07-12;2995;11745;695496;550058;48.0;38.0
78;2021-07-13;5328;11976;700824;562034;48.4;38.8
78;2021-07-14;2528;4984;703352;567018;48.6;39.1
78;2021-07-15;5660;11952;709012;578970;48.9;40.0
78;2021-07-16;7258;10779;716270;589749;49.4;40.7
78;2021-07-17;4721;4890;720991;594639;49.8;41.0
78;2021-07-18;1121;466;722112;595105;49.8;41.1
78;2021-07-19;3837;10340;725949;605445;50.1;41.8
78;2021-07-20;5571;9915;731520;615360;50.5;42.5
78;2021-07-21;5894;9851;737414;625211;50.9;43.2
78;2021-07-22;5945;9292;743359;634503;51.3;43.8
78;2021-07-23;6189;9217;749548;643720;51.7;44.4
78;2021-07-24;2932;4966;752480;648686;51.9;44.8
78;2021-07-25;984;372;753464;649058;52.0;44.8
78;2021-07-26;4850;6981;758314;656039;52.3;45.3
78;2021-07-27;7549;6892;765863;662931;52.9;45.8
78;2021-07-28;6929;5926;772792;668857;53.3;46.2
78;2021-07-29;7887;5982;780679;674839;53.9;46.6
78;2021-07-30;7632;7034;788311;681873;54.4;47.1
78;2021-07-31;2642;2732;790953;684605;54.6;47.3
78;2021-08-01;104;72;791057;684677;54.6;47.3
78;2021-08-02;2369;2116;793426;686793;54.8;47.4
78;2021-08-03;4207;4249;797633;691042;55.1;47.7
78;2021-08-04;4345;2793;801978;693835;55.4;47.9
78;2021-08-05;3846;3151;805824;696986;55.6;48.1
78;2021-08-06;3843;3711;809667;700697;55.9;48.4
78;2021-08-07;2791;3435;812458;704132;56.1;48.6
78;2021-08-08;475;341;812933;704473;56.1;48.6
78;2021-08-09;1861;1647;814794;706120;56.2;48.7
78;2021-08-10;3378;3968;818172;710088;56.5;49.0
78;2021-08-11;2959;3376;821131;713464;56.7;49.3
78;2021-08-12;2720;3530;823851;716994;56.9;49.5
78;2021-08-13;2829;3166;826680;720160;57.1;49.7
78;2021-08-14;2289;3076;828969;723236;57.2;49.9
78;2021-08-15;273;375;829242;723611;57.2;50.0
78;2021-08-16;900;2338;830142;725949;57.3;50.1
78;2021-08-17;2766;4411;832908;730360;57.5;50.4
78;2021-08-18;2440;3804;835348;734164;57.7;50.7
78;2021-08-19;2213;3566;837561;737730;57.8;50.9
78;2021-08-20;2061;3983;839622;741713;58.0;51.2
78;2021-08-21;1870;3564;841492;745277;58.1;51.4
78;2021-08-22;82;146;841574;745423;58.1;51.5
79;2020-12-27;0;0;0;0;0.0;0.0
79;2020-12-28;3;0;3;0;0.0;0.0
79;2020-12-29;0;0;3;0;0.0;0.0
79;2020-12-30;0;0;3;0;0.0;0.0
79;2020-12-31;0;0;3;0;0.0;0.0
79;2021-01-01;0;0;3;0;0.0;0.0
79;2021-01-02;0;0;3;0;0.0;0.0
79;2021-01-03;0;0;3;0;0.0;0.0
79;2021-01-04;1;0;4;0;0.0;0.0
79;2021-01-05;0;0;4;0;0.0;0.0
79;2021-01-06;0;0;4;0;0.0;0.0
79;2021-01-07;158;0;162;0;0.0;0.0
79;2021-01-08;165;0;327;0;0.1;0.0
79;2021-01-09;98;0;425;0;0.1;0.0
79;2021-01-10;3;0;428;0;0.1;0.0
79;2021-01-11;184;1;612;1;0.2;0.0
79;2021-01-12;246;2;858;3;0.2;0.0
79;2021-01-13;258;0;1116;3;0.3;0.0
79;2021-01-14;505;7;1621;10;0.4;0.0
79;2021-01-15;616;5;2237;15;0.6;0.0
79;2021-01-16;66;0;2303;15;0.6;0.0
79;2021-01-17;0;0;2303;15;0.6;0.0
79;2021-01-18;477;2;2780;17;0.7;0.0
79;2021-01-19;1357;1;4137;18;1.1;0.0
79;2021-01-20;1677;1;5814;19;1.6;0.0
79;2021-01-21;1998;7;7812;26;2.1;0.0
79;2021-01-22;873;4;8685;30;2.3;0.0
79;2021-01-23;65;0;8750;30;2.3;0.0
79;2021-01-24;0;0;8750;30;2.3;0.0
79;2021-01-25;644;7;9394;37;2.5;0.0
79;2021-01-26;590;13;9984;50;2.7;0.0
79;2021-01-27;741;84;10725;134;2.9;0.0
79;2021-01-28;733;150;11458;284;3.1;0.1
79;2021-01-29;492;88;11950;372;3.2;0.1
79;2021-01-30;0;0;11950;372;3.2;0.1
79;2021-01-31;0;0;11950;372;3.2;0.1
79;2021-02-01;207;111;12157;483;3.3;0.1
79;2021-02-02;333;73;12490;556;3.4;0.1
79;2021-02-03;390;60;12880;616;3.5;0.2
79;2021-02-04;324;109;13204;725;3.5;0.2
79;2021-02-05;359;275;13563;1000;3.6;0.3
79;2021-02-06;3;0;13566;1000;3.6;0.3
79;2021-02-07;22;0;13588;1000;3.6;0.3
79;2021-02-08;283;169;13871;1169;3.7;0.3
79;2021-02-09;457;786;14328;1955;3.8;0.5
79;2021-02-10;618;1198;14946;3153;4.0;0.8
79;2021-02-11;777;1236;15723;4389;4.2;1.2
79;2021-02-12;468;767;16191;5156;4.3;1.4
79;2021-02-13;53;74;16244;5230;4.4;1.4
79;2021-02-14;0;0;16244;5230;4.4;1.4
79;2021-02-15;186;507;16430;5737;4.4;1.5
79;2021-02-16;334;733;16764;6470;4.5;1.7
79;2021-02-17;248;877;17012;7347;4.6;2.0
79;2021-02-18;353;945;17365;8292;4.7;2.2
79;2021-02-19;267;564;17632;8856;4.7;2.4
79;2021-02-20;4;22;17636;8878;4.7;2.4
79;2021-02-21;1;0;17637;8878;4.7;2.4
79;2021-02-22;136;462;17773;9340;4.8;2.5
79;2021-02-23;248;567;18021;9907;4.8;2.7
79;2021-02-24;245;543;18266;10450;4.9;2.8
79;2021-02-25;517;470;18783;10920;5.0;2.9
79;2021-02-26;599;399;19382;11319;5.2;3.0
79;2021-02-27;408;5;19790;11324;5.3;3.0
79;2021-02-28;35;0;19825;11324;5.3;3.0
79;2021-03-01;89;360;19914;11684;5.3;3.1
79;2021-03-02;302;508;20216;12192;5.4;3.3
79;2021-03-03;661;543;20877;12735;5.6;3.4
79;2021-03-04;904;571;21781;13306;5.8;3.6
79;2021-03-05;1217;450;22998;13756;6.2;3.7
79;2021-03-06;611;5;23609;13761;6.3;3.7
79;2021-03-07;77;1;23686;13762;6.4;3.7
79;2021-03-08;344;310;24030;14072;6.4;3.8
79;2021-03-09;841;343;24871;14415;6.7;3.9
79;2021-03-10;1146;405;26017;14820;7.0;4.0
79;2021-03-11;1639;326;27656;15146;7.4;4.1
79;2021-03-12;1720;120;29376;15266;7.9;4.1
79;2021-03-13;1136;12;30512;15278;8.2;4.1
79;2021-03-14;50;0;30562;15278;8.2;4.1
79;2021-03-15;497;158;31059;15436;8.3;4.1
79;2021-03-16;735;145;31794;15581;8.5;4.2
79;2021-03-17;577;108;32371;15689;8.7;4.2
79;2021-03-18;553;203;32924;15892;8.8;4.3
79;2021-03-19;662;258;33586;16150;9.0;4.3
79;2021-03-20;1007;12;34593;16162;9.3;4.3
79;2021-03-21;3;0;34596;16162;9.3;4.3
79;2021-03-22;955;206;35551;16368;9.5;4.4
79;2021-03-23;1592;170;37143;16538;10.0;4.4
79;2021-03-24;1829;161;38972;16699;10.5;4.5
79;2021-03-25;2499;190;41471;16889;11.1;4.5
79;2021-03-26;2405;136;43876;17025;11.8;4.6
79;2021-03-27;769;16;44645;17041;12.0;4.6
79;2021-03-28;1;0;44646;17041;12.0;4.6
79;2021-03-29;2148;113;46794;17154;12.6;4.6
79;2021-03-30;2816;62;49610;17216;13.3;4.6
79;2021-03-31;2777;380;52387;17596;14.1;4.7
79;2021-04-01;2696;378;55083;17974;14.8;4.8
79;2021-04-02;2822;393;57905;18367;15.5;4.9
79;2021-04-03;633;54;58538;18421;15.7;4.9
79;2021-04-04;3;0;58541;18421;15.7;4.9
79;2021-04-05;380;4;58921;18425;15.8;4.9
79;2021-04-06;1793;585;60714;19010;16.3;5.1
79;2021-04-07;3116;736;63830;19746;17.1;5.3
79;2021-04-08;2630;695;66460;20441;17.8;5.5
79;2021-04-09;3738;545;70198;20986;18.8;5.6
79;2021-04-10;1466;384;71664;21370;19.2;5.7
79;2021-04-11;4;0;71668;21370;19.2;5.7
79;2021-04-12;1753;355;73421;21725;19.7;5.8
79;2021-04-13;2174;747;75595;22472;20.3;6.0
79;2021-04-14;2481;674;78076;23146;21.0;6.2
79;2021-04-15;2216;666;80292;23812;21.5;6.4
79;2021-04-16;1414;440;81706;24252;21.9;6.5
79;2021-04-17;581;350;82287;24602;22.1;6.6
79;2021-04-18;1;14;82288;24616;22.1;6.6
79;2021-04-19;1089;842;83377;25458;22.4;6.8
79;2021-04-20;1507;1231;84884;26689;22.8;7.2
79;2021-04-21;1419;1440;86303;28129;23.2;7.5
79;2021-04-22;1572;1084;87875;29213;23.6;7.8
79;2021-04-23;1318;1188;89193;30401;23.9;8.2
79;2021-04-24;653;462;89846;30863;24.1;8.3
79;2021-04-25;1;0;89847;30863;24.1;8.3
79;2021-04-26;1343;1812;91190;32675;24.5;8.8
79;2021-04-27;1898;2350;93088;35025;25.0;9.4
79;2021-04-28;1456;2868;94544;37893;25.4;10.2
79;2021-04-29;2105;2255;96649;40148;25.9;10.8
79;2021-04-30;2114;2463;98763;42611;26.5;11.4
79;2021-05-01;519;378;99282;42989;26.6;11.5
79;2021-05-02;1;11;99283;43000;26.6;11.5
79;2021-05-03;1182;1291;100465;44291;27.0;11.9
79;2021-05-04;1733;2331;102198;46622;27.4;12.5
79;2021-05-05;1695;2484;103893;49106;27.9;13.2
79;2021-05-06;2327;2222;106220;51328;28.5;13.8
79;2021-05-07;2086;2804;108306;54132;29.1;14.5
79;2021-05-08;199;507;108505;54639;29.1;14.7
79;2021-05-09;0;0;108505;54639;29.1;14.7
79;2021-05-10;1584;1786;110089;56425;29.5;15.1
79;2021-05-11;2310;1649;112399;58074;30.2;15.6
79;2021-05-12;1998;2679;114397;60753;30.7;16.3
79;2021-05-13;640;290;115037;61043;30.9;16.4
79;2021-05-14;2100;673;117137;61716;31.4;16.6
79;2021-05-15;1399;499;118536;62215;31.8;16.7
79;2021-05-16;1;22;118537;62237;31.8;16.7
79;2021-05-17;1876;1085;120413;63322;32.3;17.0
79;2021-05-18;2971;1270;123384;64592;33.1;17.3
79;2021-05-19;2897;967;126281;65559;33.9;17.6
79;2021-05-20;3105;1246;129386;66805;34.7;17.9
79;2021-05-21;2768;1066;132154;67871;35.5;18.2
79;2021-05-22;1084;261;133238;68132;35.8;18.3
79;2021-05-23;1;0;133239;68132;35.8;18.3
79;2021-05-24;161;20;133400;68152;35.8;18.3
79;2021-05-25;3199;990;136599;69142;36.7;18.6
79;2021-05-26;3314;852;139913;69994;37.5;18.8
79;2021-05-27;3589;1718;143502;71712;38.5;19.2
79;2021-05-28;3329;1822;146831;73534;39.4;19.7
79;2021-05-29;1073;451;147904;73985;39.7;19.9
79;2021-05-30;3;1;147907;73986;39.7;19.9
79;2021-05-31;2382;733;150289;74719;40.3;20.1
79;2021-06-01;3021;1576;153310;76295;41.1;20.5
79;2021-06-02;4065;1167;157375;77462;42.2;20.8
79;2021-06-03;4089;1756;161464;79218;43.3;21.3
79;2021-06-04;4144;2034;165608;81252;44.4;21.8
79;2021-06-05;2802;759;168410;82011;45.2;22.0
79;2021-06-06;696;39;169106;82050;45.4;22.0
79;2021-06-07;2809;1412;171915;83462;46.1;22.4
79;2021-06-08;2982;2067;174897;85529;46.9;23.0
79;2021-06-09;3630;1938;178527;87467;47.9;23.5
79;2021-06-10;3020;1975;181547;89442;48.7;24.0
79;2021-06-11;3767;2314;185314;91756;49.7;24.6
79;2021-06-12;1706;609;187020;92365;50.2;24.8
79;2021-06-13;214;24;187234;92389;50.2;24.8
79;2021-06-14;1247;1692;188481;94081;50.6;25.2
79;2021-06-15;1880;2362;190361;96443;51.1;25.9
79;2021-06-16;2206;2248;192567;98691;51.7;26.5
79;2021-06-17;2238;2616;194805;101307;52.3;27.2
79;2021-06-18;2413;2323;197218;103630;52.9;27.8
79;2021-06-19;1246;582;198464;104212;53.3;28.0
79;2021-06-20;3;2;198467;104214;53.3;28.0
79;2021-06-21;1233;2282;199700;106496;53.6;28.6
79;2021-06-22;1548;2874;201248;109370;54.0;29.4
79;2021-06-23;1770;2548;203018;111918;54.5;30.0
79;2021-06-24;2107;2005;205125;113923;55.0;30.6
79;2021-06-25;1488;2843;206613;116766;55.4;31.3
79;2021-06-26;870;809;207483;117575;55.7;31.6
79;2021-06-27;13;6;207496;117581;55.7;31.6
79;2021-06-28;1056;2622;208552;120203;56.0;32.3
79;2021-06-29;1474;3550;210026;123753;56.4;33.2
79;2021-06-30;1354;3448;211380;127201;56.7;34.1
79;2021-07-01;1202;3785;212582;130986;57.0;35.2
79;2021-07-02;1489;3348;214071;134334;57.4;36.1
79;2021-07-03;399;1502;214470;135836;57.6;36.5
79;2021-07-04;2;9;214472;135845;57.6;36.5
79;2021-07-05;751;2119;215223;137964;57.8;37.0
79;2021-07-06;946;3666;216169;141630;58.0;38.0
79;2021-07-07;1332;4306;217501;145936;58.4;39.2
79;2021-07-08;1101;4043;218602;149979;58.7;40.2
79;2021-07-09;837;3719;219439;153698;58.9;41.2
79;2021-07-10;515;1316;219954;155014;59.0;41.6
79;2021-07-11;2;12;219956;155026;59.0;41.6
79;2021-07-12;543;3693;220499;158719;59.2;42.6
79;2021-07-13;999;5190;221498;163909;59.4;44.0
79;2021-07-14;133;874;221631;164783;59.5;44.2
79;2021-07-15;1231;4682;222862;169465;59.8;45.5
79;2021-07-16;1330;4362;224192;173827;60.2;46.6
79;2021-07-17;575;2422;224767;176249;60.3;47.3
79;2021-07-18;43;498;224810;176747;60.3;47.4
79;2021-07-19;735;3319;225545;180066;60.5;48.3
79;2021-07-20;1225;3948;226770;184014;60.9;49.4
79;2021-07-21;1178;4198;227948;188212;61.2;50.5
79;2021-07-22;1353;3983;229301;192195;61.5;51.6
79;2021-07-23;1351;4560;230652;196755;61.9;52.8
79;2021-07-24;865;1499;231517;198254;62.1;53.2
79;2021-07-25;55;326;231572;198580;62.1;53.3
79;2021-07-26;1369;2599;232941;201179;62.5;54.0
79;2021-07-27;2082;2998;235023;204177;63.1;54.8
79;2021-07-28;2493;2493;237516;206670;63.7;55.5
79;2021-07-29;3001;2857;240517;209527;64.5;56.2
79;2021-07-30;2133;2828;242650;212355;65.1;57.0
79;2021-07-31;883;1157;243533;213512;65.4;57.3
79;2021-08-01;3;3;243536;213515;65.4;57.3
79;2021-08-02;1784;1544;245320;215059;65.8;57.7
79;2021-08-03;2810;2049;248130;217108;66.6;58.3
79;2021-08-04;2980;1746;251110;218854;67.4;58.7
79;2021-08-05;2890;2214;254000;221068;68.2;59.3
79;2021-08-06;2518;1642;256518;222710;68.8;59.8
79;2021-08-07;869;814;257387;223524;69.1;60.0
79;2021-08-08;0;3;257387;223527;69.1;60.0
79;2021-08-09;2486;1082;259873;224609;69.7;60.3
79;2021-08-10;2970;1540;262843;226149;70.5;60.7
79;2021-08-11;2572;1660;265415;227809;71.2;61.1
79;2021-08-12;2762;1427;268177;229236;72.0;61.5
79;2021-08-13;2838;1055;271015;230291;72.7;61.8
79;2021-08-14;517;391;271532;230682;72.9;61.9
79;2021-08-15;6;5;271538;230687;72.9;61.9
79;2021-08-16;1761;1195;273299;231882;73.3;62.2
79;2021-08-17;2095;1591;275394;233473;73.9;62.7
79;2021-08-18;1914;1907;277308;235380;74.4;63.2
79;2021-08-19;1605;1703;278913;237083;74.9;63.6
79;2021-08-20;1505;2156;280418;239239;75.3;64.2
79;2021-08-21;233;539;280651;239778;75.3;64.3
79;2021-08-22;0;21;280651;239799;75.3;64.4
80;2020-12-27;0;0;0;0;0.0;0.0
80;2020-12-28;0;0;0;0;0.0;0.0
80;2020-12-29;11;0;11;0;0.0;0.0
80;2020-12-30;0;0;11;0;0.0;0.0
80;2020-12-31;0;0;11;0;0.0;0.0
80;2021-01-01;0;0;11;0;0.0;0.0
80;2021-01-02;0;0;11;0;0.0;0.0
80;2021-01-03;1;0;12;0;0.0;0.0
80;2021-01-04;0;0;12;0;0.0;0.0
80;2021-01-05;0;0;12;0;0.0;0.0
80;2021-01-06;30;0;42;0;0.0;0.0
80;2021-01-07;276;2;318;2;0.1;0.0
80;2021-01-08;330;0;648;2;0.1;0.0
80;2021-01-09;108;0;756;2;0.1;0.0
80;2021-01-10;21;0;777;2;0.1;0.0
80;2021-01-11;276;0;1053;2;0.2;0.0
80;2021-01-12;428;1;1481;3;0.3;0.0
80;2021-01-13;514;3;1995;6;0.4;0.0
80;2021-01-14;453;4;2448;10;0.4;0.0
80;2021-01-15;330;1;2778;11;0.5;0.0
80;2021-01-16;103;1;2881;12;0.5;0.0
80;2021-01-17;102;1;2983;13;0.5;0.0
80;2021-01-18;412;2;3395;15;0.6;0.0
80;2021-01-19;962;16;4357;31;0.8;0.0
80;2021-01-20;1086;9;5443;40;1.0;0.0
80;2021-01-21;1010;9;6453;49;1.1;0.0
80;2021-01-22;1113;4;7566;53;1.3;0.0
80;2021-01-23;908;2;8474;55;1.5;0.0
80;2021-01-24;824;5;9298;60;1.6;0.0
80;2021-01-25;1541;8;10839;68;1.9;0.0
80;2021-01-26;1480;11;12319;79;2.2;0.0
80;2021-01-27;822;27;13141;106;2.3;0.0
80;2021-01-28;623;173;13764;279;2.4;0.0
80;2021-01-29;637;217;14401;496;2.5;0.1
80;2021-01-30;85;59;14486;555;2.5;0.1
80;2021-01-31;0;0;14486;555;2.5;0.1
80;2021-02-01;26;256;14512;811;2.5;0.1
80;2021-02-02;21;444;14533;1255;2.6;0.2
80;2021-02-03;29;542;14562;1797;2.6;0.3
80;2021-02-04;278;349;14840;2146;2.6;0.4
80;2021-02-05;347;211;15187;2357;2.7;0.4
80;2021-02-06;168;70;15355;2427;2.7;0.4
80;2021-02-07;1;0;15356;2427;2.7;0.4
80;2021-02-08;426;242;15782;2669;2.8;0.5
80;2021-02-09;686;244;16468;2913;2.9;0.5
80;2021-02-10;606;496;17074;3409;3.0;0.6
80;2021-02-11;861;353;17935;3762;3.1;0.7
80;2021-02-12;944;314;18879;4076;3.3;0.7
80;2021-02-13;196;427;19075;4503;3.3;0.8
80;2021-02-14;78;572;19153;5075;3.4;0.9
80;2021-02-15;606;1018;19759;6093;3.5;1.1
80;2021-02-16;688;1135;20447;7228;3.6;1.3
80;2021-02-17;485;1174;20932;8402;3.7;1.5
80;2021-02-18;569;1139;21501;9541;3.8;1.7
80;2021-02-19;503;851;22004;10392;3.9;1.8
80;2021-02-20;22;513;22026;10905;3.9;1.9
80;2021-02-21;47;49;22073;10954;3.9;1.9
80;2021-02-22;149;577;22222;11531;3.9;2.0
80;2021-02-23;471;691;22693;12222;4.0;2.1
80;2021-02-24;431;677;23124;12899;4.1;2.3
80;2021-02-25;815;541;23939;13440;4.2;2.4
80;2021-02-26;1062;521;25001;13961;4.4;2.5
80;2021-02-27;476;72;25477;14033;4.5;2.5
80;2021-02-28;49;24;25526;14057;4.5;2.5
80;2021-03-01;728;66;26254;14123;4.6;2.5
80;2021-03-02;1014;90;27268;14213;4.8;2.5
80;2021-03-03;982;55;28250;14268;5.0;2.5
80;2021-03-04;1391;237;29641;14505;5.2;2.5
80;2021-03-05;1874;331;31515;14836;5.5;2.6
80;2021-03-06;2918;329;34433;15165;6.0;2.7
80;2021-03-07;1842;81;36275;15246;6.4;2.7
80;2021-03-08;715;609;36990;15855;6.5;2.8
80;2021-03-09;1310;910;38300;16765;6.7;2.9
80;2021-03-10;1724;751;40024;17516;7.0;3.1
80;2021-03-11;1910;824;41934;18340;7.4;3.2
80;2021-03-12;3138;742;45072;19082;7.9;3.3
80;2021-03-13;4006;205;49078;19287;8.6;3.4
80;2021-03-14;350;14;49428;19301;8.7;3.4
80;2021-03-15;1014;247;50442;19548;8.9;3.4
80;2021-03-16;882;341;51324;19889;9.0;3.5
80;2021-03-17;665;277;51989;20166;9.1;3.5
80;2021-03-18;1002;296;52991;20462;9.3;3.6
80;2021-03-19;1738;383;54729;20845;9.6;3.7
80;2021-03-20;3822;113;58551;20958;10.3;3.7
80;2021-03-21;486;31;59037;20989;10.4;3.7
80;2021-03-22;902;289;59939;21278;10.5;3.7
80;2021-03-23;1713;417;61652;21695;10.8;3.8
80;2021-03-24;1755;465;63407;22160;11.1;3.9
80;2021-03-25;2714;449;66121;22609;11.6;4.0
80;2021-03-26;3104;422;69225;23031;12.1;4.0
80;2021-03-27;2234;225;71459;23256;12.5;4.1
80;2021-03-28;676;94;72135;23350;12.7;4.1
80;2021-03-29;1981;753;74116;24103;13.0;4.2
80;2021-03-30;1969;869;76085;24972;13.4;4.4
80;2021-03-31;1495;981;77580;25953;13.6;4.6
80;2021-04-01;1952;1488;79532;27441;14.0;4.8
80;2021-04-02;2811;1575;82343;29016;14.5;5.1
80;2021-04-03;3046;855;85389;29871;15.0;5.2
80;2021-04-04;134;8;85523;29879;15.0;5.2
80;2021-04-05;684;199;86207;30078;15.1;5.3
80;2021-04-06;1279;965;87486;31043;15.4;5.4
80;2021-04-07;1623;1199;89109;32242;15.6;5.7
80;2021-04-08;2154;838;91263;33080;16.0;5.8
80;2021-04-09;3528;1349;94791;34429;16.6;6.0
80;2021-04-10;2738;1942;97529;36371;17.1;6.4
80;2021-04-11;189;177;97718;36548;17.2;6.4
80;2021-04-12;1813;486;99531;37034;17.5;6.5
80;2021-04-13;2383;1035;101914;38069;17.9;6.7
80;2021-04-14;2769;1146;104683;39215;18.4;6.9
80;2021-04-15;3731;869;108414;40084;19.0;7.0
80;2021-04-16;3337;872;111751;40956;19.6;7.2
80;2021-04-17;1653;2298;113404;43254;19.9;7.6
80;2021-04-18;372;388;113776;43642;20.0;7.7
80;2021-04-19;951;775;114727;44417;20.1;7.8
80;2021-04-20;1612;816;116339;45233;20.4;7.9
80;2021-04-21;1612;999;117951;46232;20.7;8.1
80;2021-04-22;2166;1250;120117;47482;21.1;8.3
80;2021-04-23;2638;1248;122755;48730;21.5;8.6
80;2021-04-24;1358;1193;124113;49923;21.8;8.8
80;2021-04-25;209;532;124322;50455;21.8;8.9
80;2021-04-26;1294;1444;125616;51899;22.0;9.1
80;2021-04-27;2024;1397;127640;53296;22.4;9.4
80;2021-04-28;2199;1397;129839;54693;22.8;9.6
80;2021-04-29;3218;1882;133057;56575;23.4;9.9
80;2021-04-30;3080;2855;136137;59430;23.9;10.4
80;2021-05-01;987;658;137124;60088;24.1;10.5
80;2021-05-02;371;53;137495;60141;24.1;10.6
80;2021-05-03;2722;1186;140217;61327;24.6;10.8
80;2021-05-04;2496;1707;142713;63034;25.0;11.1
80;2021-05-05;3365;1897;146078;64931;25.6;11.4
80;2021-05-06;3172;2553;149250;67484;26.2;11.8
80;2021-05-07;3455;2697;152705;70181;26.8;12.3
80;2021-05-08;2785;926;155490;71107;27.3;12.5
80;2021-05-09;1408;268;156898;71375;27.5;12.5
80;2021-05-10;1881;1834;158779;73209;27.9;12.8
80;2021-05-11;3276;1803;162055;75012;28.4;13.2
80;2021-05-12;4702;1573;166757;76585;29.3;13.4
80;2021-05-13;3836;366;170593;76951;29.9;13.5
80;2021-05-14;5190;1401;175783;78352;30.9;13.8
80;2021-05-15;5918;1054;181701;79406;31.9;13.9
80;2021-05-16;2678;308;184379;79714;32.4;14.0
80;2021-05-17;2372;818;186751;80532;32.8;14.1
80;2021-05-18;3948;854;190699;81386;33.5;14.3
80;2021-05-19;4020;945;194719;82331;34.2;14.4
80;2021-05-20;4568;1219;199287;83550;35.0;14.7
80;2021-05-21;4891;1670;204178;85220;35.8;15.0
80;2021-05-22;5032;1156;209210;86376;36.7;15.2
80;2021-05-23;1783;241;210993;86617;37.0;15.2
80;2021-05-24;1468;159;212461;86776;37.3;15.2
80;2021-05-25;2622;1135;215083;87911;37.7;15.4
80;2021-05-26;4250;1700;219333;89611;38.5;15.7
80;2021-05-27;3978;2470;223311;92081;39.2;16.2
80;2021-05-28;3866;2981;227177;95062;39.9;16.7
80;2021-05-29;3699;1633;230876;96695;40.5;17.0
80;2021-05-30;1182;199;232058;96894;40.7;17.0
80;2021-05-31;2604;1373;234662;98267;41.2;17.2
80;2021-06-01;4031;2435;238693;100702;41.9;17.7
80;2021-06-02;3335;2009;242028;102711;42.5;18.0
80;2021-06-03;4267;2932;246295;105643;43.2;18.5
80;2021-06-04;4794;3083;251089;108726;44.1;19.1
80;2021-06-05;3560;2078;254649;110804;44.7;19.4
80;2021-06-06;802;211;255451;111015;44.8;19.5
80;2021-06-07;1752;1945;257203;112960;45.1;19.8
80;2021-06-08;2746;2558;259949;115518;45.6;20.3
80;2021-06-09;3010;2731;262959;118249;46.2;20.8
80;2021-06-10;3168;3171;266127;121420;46.7;21.3
80;2021-06-11;3224;3894;269351;125314;47.3;22.0
80;2021-06-12;3043;2327;272394;127641;47.8;22.4
80;2021-06-13;473;405;272867;128046;47.9;22.5
80;2021-06-14;1265;2851;274132;130897;48.1;23.0
80;2021-06-15;2314;3422;276446;134319;48.5;23.6
80;2021-06-16;1563;4215;278009;138534;48.8;24.3
80;2021-06-17;2362;3625;280371;142159;49.2;25.0
80;2021-06-18;2554;3904;282925;146063;49.7;25.6
80;2021-06-19;2989;4342;285914;150405;50.2;26.4
80;2021-06-20;203;1077;286117;151482;50.2;26.6
80;2021-06-21;1016;2618;287133;154100;50.4;27.0
80;2021-06-22;1151;3935;288284;158035;50.6;27.7
80;2021-06-23;1855;5292;290139;163327;50.9;28.7
80;2021-06-24;1702;4687;291841;168014;51.2;29.5
80;2021-06-25;1375;6124;293216;174138;51.5;30.6
80;2021-06-26;1936;6180;295152;180318;51.8;31.6
80;2021-06-27;332;2029;295484;182347;51.9;32.0
80;2021-06-28;909;3169;296393;185516;52.0;32.6
80;2021-06-29;1922;4620;298315;190136;52.4;33.4
80;2021-06-30;1251;4782;299566;194918;52.6;34.2
80;2021-07-01;1629;4992;301195;199910;52.9;35.1
80;2021-07-02;1881;5984;303076;205894;53.2;36.1
80;2021-07-03;1331;5268;304407;211162;53.4;37.1
80;2021-07-04;692;1470;305099;212632;53.5;37.3
80;2021-07-05;906;2960;306005;215592;53.7;37.8
80;2021-07-06;1872;3986;307877;219578;54.0;38.5
80;2021-07-07;1578;4507;309455;224085;54.3;39.3
80;2021-07-08;2097;5004;311552;229089;54.7;40.2
80;2021-07-09;2619;5467;314171;234556;55.1;41.2
80;2021-07-10;1634;4018;315805;238574;55.4;41.9
80;2021-07-11;405;804;316210;239378;55.5;42.0
80;2021-07-12;882;3380;317092;242758;55.7;42.6
80;2021-07-13;2099;5085;319191;247843;56.0;43.5
80;2021-07-14;2802;1744;321993;249587;56.5;43.8
80;2021-07-15;2804;5296;324797;254883;57.0;44.7
80;2021-07-16;3895;5887;328692;260770;57.7;45.8
80;2021-07-17;3379;4459;332071;265229;58.3;46.6
80;2021-07-18;875;895;332946;266124;58.4;46.7
80;2021-07-19;2162;2880;335108;269004;58.8;47.2
80;2021-07-20;3326;4904;338434;273908;59.4;48.1
80;2021-07-21;3502;4492;341936;278400;60.0;48.9
80;2021-07-22;4366;4570;346302;282970;60.8;49.7
80;2021-07-23;5402;4822;351704;287792;61.7;50.5
80;2021-07-24;4366;4339;356070;292131;62.5;51.3
80;2021-07-25;1185;649;357255;292780;62.7;51.4
80;2021-07-26;2676;2333;359931;295113;63.2;51.8
80;2021-07-27;4366;3706;364297;298819;63.9;52.4
80;2021-07-28;5093;2798;369390;301617;64.8;52.9
80;2021-07-29;4979;3226;374369;304843;65.7;53.5
80;2021-07-30;5022;3633;379391;308476;66.6;54.1
80;2021-07-31;4147;2921;383538;311397;67.3;54.7
80;2021-08-01;1284;362;384822;311759;67.5;54.7
80;2021-08-02;2048;1756;386870;313515;67.9;55.0
80;2021-08-03;3701;2362;390571;315877;68.5;55.4
80;2021-08-04;3344;2497;393915;318374;69.1;55.9
80;2021-08-05;3124;2566;397039;320940;69.7;56.3
80;2021-08-06;3230;2905;400269;323845;70.3;56.8
80;2021-08-07;2411;2657;402680;326502;70.7;57.3
80;2021-08-08;614;720;403294;327222;70.8;57.4
80;2021-08-09;1381;2121;404675;329343;71.0;57.8
80;2021-08-10;2335;2848;407010;332191;71.4;58.3
80;2021-08-11;1933;2483;408943;334674;71.8;58.7
80;2021-08-12;2237;2671;411180;337345;72.2;59.2
80;2021-08-13;1874;3152;413054;340497;72.5;59.8
80;2021-08-14;1410;2140;414464;342637;72.7;60.1
80;2021-08-15;318;668;414782;343305;72.8;60.3
80;2021-08-16;894;2522;415676;345827;73.0;60.7
80;2021-08-17;1703;3546;417379;349373;73.3;61.3
80;2021-08-18;1232;3704;418611;353077;73.5;62.0
80;2021-08-19;1556;3814;420167;356891;73.7;62.6
80;2021-08-20;1245;4422;421412;361313;74.0;63.4
80;2021-08-21;1063;2676;422475;363989;74.1;63.9
80;2021-08-22;145;677;422620;364666;74.2;64.0
81;2020-12-27;0;0;0;0;0.0;0.0
81;2020-12-28;0;0;0;0;0.0;0.0
81;2020-12-29;0;0;0;0;0.0;0.0
81;2020-12-30;0;0;0;0;0.0;0.0
81;2020-12-31;0;0;0;0;0.0;0.0
81;2021-01-01;0;0;0;0;0.0;0.0
81;2021-01-02;0;0;0;0;0.0;0.0
81;2021-01-03;0;0;0;0;0.0;0.0
81;2021-01-04;1;0;1;0;0.0;0.0
81;2021-01-05;0;0;1;0;0.0;0.0
81;2021-01-06;5;0;6;0;0.0;0.0
81;2021-01-07;266;0;272;0;0.1;0.0
81;2021-01-08;312;1;584;1;0.2;0.0
81;2021-01-09;74;1;658;2;0.2;0.0
81;2021-01-10;1;0;659;2;0.2;0.0
81;2021-01-11;133;0;792;2;0.2;0.0
81;2021-01-12;167;0;959;2;0.2;0.0
81;2021-01-13;233;1;1192;3;0.3;0.0
81;2021-01-14;963;8;2155;11;0.6;0.0
81;2021-01-15;524;1;2679;12;0.7;0.0
81;2021-01-16;72;0;2751;12;0.7;0.0
81;2021-01-17;0;0;2751;12;0.7;0.0
81;2021-01-18;580;3;3331;15;0.9;0.0
81;2021-01-19;662;4;3993;19;1.0;0.0
81;2021-01-20;752;2;4745;21;1.2;0.0
81;2021-01-21;1179;5;5924;26;1.5;0.0
81;2021-01-22;855;2;6779;28;1.7;0.0
81;2021-01-23;221;2;7000;30;1.8;0.0
81;2021-01-24;102;0;7102;30;1.8;0.0
81;2021-01-25;568;3;7670;33;2.0;0.0
81;2021-01-26;634;5;8304;38;2.1;0.0
81;2021-01-27;551;4;8855;42;2.3;0.0
81;2021-01-28;700;215;9555;257;2.5;0.1
81;2021-01-29;302;183;9857;440;2.5;0.1
81;2021-01-30;204;37;10061;477;2.6;0.1
81;2021-01-31;104;1;10165;478;2.6;0.1
81;2021-02-01;320;130;10485;608;2.7;0.2
81;2021-02-02;446;142;10931;750;2.8;0.2
81;2021-02-03;476;223;11407;973;2.9;0.3
81;2021-02-04;1410;692;12817;1665;3.3;0.4
81;2021-02-05;869;315;13686;1980;3.5;0.5
81;2021-02-06;274;21;13960;2001;3.6;0.5
81;2021-02-07;103;0;14063;2001;3.6;0.5
81;2021-02-08;275;218;14338;2219;3.7;0.6
81;2021-02-09;419;219;14757;2438;3.8;0.6
81;2021-02-10;371;285;15128;2723;3.9;0.7
81;2021-02-11;651;389;15779;3112;4.1;0.8
81;2021-02-12;579;545;16358;3657;4.2;0.9
81;2021-02-13;188;156;16546;3813;4.3;1.0
81;2021-02-14;100;1;16646;3814;4.3;1.0
81;2021-02-15;234;483;16880;4297;4.4;1.1
81;2021-02-16;281;617;17161;4914;4.4;1.3
81;2021-02-17;242;521;17403;5435;4.5;1.4
81;2021-02-18;482;674;17885;6109;4.6;1.6
81;2021-02-19;567;410;18452;6519;4.8;1.7
81;2021-02-20;322;282;18774;6801;4.8;1.8
81;2021-02-21;23;80;18797;6881;4.8;1.8
81;2021-02-22;232;536;19029;7417;4.9;1.9
81;2021-02-23;168;594;19197;8011;4.9;2.1
81;2021-02-24;291;631;19488;8642;5.0;2.2
81;2021-02-25;715;1055;20203;9697;5.2;2.5
81;2021-02-26;909;961;21112;10658;5.4;2.7
81;2021-02-27;275;242;21387;10900;5.5;2.8
81;2021-02-28;21;88;21408;10988;5.5;2.8
81;2021-03-01;208;410;21616;11398;5.6;2.9
81;2021-03-02;364;544;21980;11942;5.7;3.1
81;2021-03-03;462;422;22442;12364;5.8;3.2
81;2021-03-04;1061;459;23503;12823;6.1;3.3
81;2021-03-05;1407;398;24910;13221;6.4;3.4
81;2021-03-06;981;167;25891;13388;6.7;3.5
81;2021-03-07;154;102;26045;13490;6.7;3.5
81;2021-03-08;465;359;26510;13849;6.8;3.6
81;2021-03-09;813;363;27323;14212;7.0;3.7
81;2021-03-10;899;393;28222;14605;7.3;3.8
81;2021-03-11;1351;359;29573;14964;7.6;3.9
81;2021-03-12;1690;302;31263;15266;8.1;3.9
81;2021-03-13;1030;186;32293;15452;8.3;4.0
81;2021-03-14;66;82;32359;15534;8.3;4.0
81;2021-03-15;1093;225;33452;15759;8.6;4.1
81;2021-03-16;724;227;34176;15986;8.8;4.1
81;2021-03-17;893;279;35069;16265;9.0;4.2
81;2021-03-18;969;577;36038;16842;9.3;4.3
81;2021-03-19;1271;458;37309;17300;9.6;4.5
81;2021-03-20;676;285;37985;17585;9.8;4.5
81;2021-03-21;139;22;38124;17607;9.8;4.5
81;2021-03-22;933;283;39057;17890;10.1;4.6
81;2021-03-23;1421;225;40478;18115;10.4;4.7
81;2021-03-24;1605;271;42083;18386;10.8;4.7
81;2021-03-25;2028;325;44111;18711;11.4;4.8
81;2021-03-26;2102;282;46213;18993;11.9;4.9
81;2021-03-27;1092;36;47305;19029;12.2;4.9
81;2021-03-28;734;40;48039;19069;12.4;4.9
81;2021-03-29;2867;184;50906;19253;13.1;5.0
81;2021-03-30;3055;211;53961;19464;13.9;5.0
81;2021-03-31;2690;297;56651;19761;14.6;5.1
81;2021-04-01;3314;563;59965;20324;15.5;5.2
81;2021-04-02;2613;369;62578;20693;16.1;5.3
81;2021-04-03;1147;303;63725;20996;16.4;5.4
81;2021-04-04;1402;22;65127;21018;16.8;5.4
81;2021-04-05;718;18;65845;21036;17.0;5.4
81;2021-04-06;1597;510;67442;21546;17.4;5.6
81;2021-04-07;1815;584;69257;22130;17.9;5.7
81;2021-04-08;2615;820;71872;22950;18.5;5.9
81;2021-04-09;3051;474;74923;23424;19.3;6.0
81;2021-04-10;1476;512;76399;23936;19.7;6.2
81;2021-04-11;1298;66;77697;24002;20.0;6.2
81;2021-04-12;1220;685;78917;24687;20.3;6.4
81;2021-04-13;2529;790;81446;25477;21.0;6.6
81;2021-04-14;2507;832;83953;26309;21.6;6.8
81;2021-04-15;3098;1200;87051;27509;22.4;7.1
81;2021-04-16;2821;1086;89872;28595;23.2;7.4
81;2021-04-17;1145;296;91017;28891;23.5;7.4
81;2021-04-18;519;146;91536;29037;23.6;7.5
81;2021-04-19;913;823;92449;29860;23.8;7.7
81;2021-04-20;2270;1169;94719;31029;24.4;8.0
81;2021-04-21;2224;1005;96943;32034;25.0;8.3
81;2021-04-22;2817;1058;99760;33092;25.7;8.5
81;2021-04-23;2883;968;102643;34060;26.5;8.8
81;2021-04-24;1327;743;103970;34803;26.8;9.0
81;2021-04-25;454;716;104424;35519;26.9;9.2
81;2021-04-26;1059;2423;105483;37942;27.2;9.8
81;2021-04-27;1597;2351;107080;40293;27.6;10.4
81;2021-04-28;1425;2395;108505;42688;28.0;11.0
81;2021-04-29;1818;2748;110323;45436;28.4;11.7
81;2021-04-30;2013;2352;112336;47788;29.0;12.3
81;2021-05-01;362;685;112698;48473;29.1;12.5
81;2021-05-02;291;1379;112989;49852;29.1;12.9
81;2021-05-03;1116;1169;114105;51021;29.4;13.2
81;2021-05-04;2622;1910;116727;52931;30.1;13.6
81;2021-05-05;2015;1932;118742;54863;30.6;14.1
81;2021-05-06;2748;3456;121490;58319;31.3;15.0
81;2021-05-07;2127;2868;123617;61187;31.9;15.8
81;2021-05-08;963;877;124580;62064;32.1;16.0
81;2021-05-09;534;1352;125114;63416;32.3;16.3
81;2021-05-10;825;1601;125939;65017;32.5;16.8
81;2021-05-11;1661;2576;127600;67593;32.9;17.4
81;2021-05-12;1640;2467;129240;70060;33.3;18.1
81;2021-05-13;1216;563;130456;70623;33.6;18.2
81;2021-05-14;1890;1724;132346;72347;34.1;18.7
81;2021-05-15;1511;621;133857;72968;34.5;18.8
81;2021-05-16;1368;414;135225;73382;34.9;18.9
81;2021-05-17;1167;864;136392;74246;35.2;19.1
81;2021-05-18;1701;1430;138093;75676;35.6;19.5
81;2021-05-19;2643;1244;140736;76920;36.3;19.8
81;2021-05-20;2968;1351;143704;78271;37.0;20.2
81;2021-05-21;2738;1117;146442;79388;37.8;20.5
81;2021-05-22;2815;520;149257;79908;38.5;20.6
81;2021-05-23;1178;74;150435;79982;38.8;20.6
81;2021-05-24;837;80;151272;80062;39.0;20.6
81;2021-05-25;2493;1106;153765;81168;39.6;20.9
81;2021-05-26;1891;800;155656;81968;40.1;21.1
81;2021-05-27;2555;1546;158211;83514;40.8;21.5
81;2021-05-28;2566;1663;160777;85177;41.4;22.0
81;2021-05-29;1400;542;162177;85719;41.8;22.1
81;2021-05-30;935;219;163112;85938;42.1;22.2
81;2021-05-31;1183;1340;164295;87278;42.4;22.5
81;2021-06-01;1781;2696;166076;89974;42.8;23.2
81;2021-06-02;2006;2448;168082;92422;43.3;23.8
81;2021-06-03;2004;2534;170086;94956;43.8;24.5
81;2021-06-04;1845;2948;171931;97904;44.3;25.2
81;2021-06-05;1754;1306;173685;99210;44.8;25.6
81;2021-06-06;370;366;174055;99576;44.9;25.7
81;2021-06-07;1209;1540;175264;101116;45.2;26.1
81;2021-06-08;2371;2388;177635;103504;45.8;26.7
81;2021-06-09;2440;1869;180075;105373;46.4;27.2
81;2021-06-10;1279;1564;181354;106937;46.8;27.6
81;2021-06-11;2654;2201;184008;109138;47.4;28.1
81;2021-06-12;1659;1038;185667;110176;47.9;28.4
81;2021-06-13;444;475;186111;110651;48.0;28.5
81;2021-06-14;774;1420;186885;112071;48.2;28.9
81;2021-06-15;1678;3502;188563;115573;48.6;29.8
81;2021-06-16;1269;3013;189832;118586;48.9;30.6
81;2021-06-17;1343;2525;191175;121111;49.3;31.2
81;2021-06-18;1837;2772;193012;123883;49.8;31.9
81;2021-06-19;825;949;193837;124832;50.0;32.2
81;2021-06-20;405;536;194242;125368;50.1;32.3
81;2021-06-21;425;1038;194667;126406;50.2;32.6
81;2021-06-22;1060;2566;195727;128972;50.5;33.2
81;2021-06-23;1142;2158;196869;131130;50.8;33.8
81;2021-06-24;1115;1936;197984;133066;51.0;34.3
81;2021-06-25;1241;2868;199225;135934;51.4;35.0
81;2021-06-26;722;1712;199947;137646;51.5;35.5
81;2021-06-27;526;1646;200473;139292;51.7;35.9
81;2021-06-28;476;1542;200949;140834;51.8;36.3
81;2021-06-29;1083;2639;202032;143473;52.1;37.0
81;2021-06-30;1042;3154;203074;146627;52.4;37.8
81;2021-07-01;880;2628;203954;149255;52.6;38.5
81;2021-07-02;989;2858;204943;152113;52.8;39.2
81;2021-07-03;732;2830;205675;154943;53.0;39.9
81;2021-07-04;268;1010;205943;155953;53.1;40.2
81;2021-07-05;703;1624;206646;157577;53.3;40.6
81;2021-07-06;974;3177;207620;160754;53.5;41.4
81;2021-07-07;1059;2439;208679;163193;53.8;42.1
81;2021-07-08;1030;2234;209709;165427;54.1;42.6
81;2021-07-09;1147;2702;210856;168129;54.4;43.3
81;2021-07-10;807;1523;211663;169652;54.6;43.7
81;2021-07-11;436;1011;212099;170663;54.7;44.0
81;2021-07-12;737;1726;212836;172389;54.9;44.4
81;2021-07-13;2065;3142;214901;175531;55.4;45.3
81;2021-07-14;1442;1569;216343;177100;55.8;45.7
81;2021-07-15;2545;2760;218888;179860;56.4;46.4
81;2021-07-16;2023;3030;220911;182890;57.0;47.1
81;2021-07-17;1219;2455;222130;185345;57.3;47.8
81;2021-07-18;672;1129;222802;186474;57.4;48.1
81;2021-07-19;1251;1731;224053;188205;57.8;48.5
81;2021-07-20;3061;2807;227114;191012;58.5;49.2
81;2021-07-21;3491;2345;230605;193357;59.4;49.8
81;2021-07-22;3556;2095;234161;195452;60.4;50.4
81;2021-07-23;3170;3245;237331;198697;61.2;51.2
81;2021-07-24;2517;1719;239848;200416;61.8;51.7
81;2021-07-25;1685;708;241533;201124;62.3;51.8
81;2021-07-26;2010;1542;243543;202666;62.8;52.2
81;2021-07-27;3604;2538;247147;205204;63.7;52.9
81;2021-07-28;3034;2197;250181;207401;64.5;53.5
81;2021-07-29;3332;1776;253513;209177;65.4;53.9
81;2021-07-30;2816;2262;256329;211439;66.1;54.5
81;2021-07-31;1945;1008;258274;212447;66.6;54.8
81;2021-08-01;832;636;259106;213083;66.8;54.9
81;2021-08-02;1066;987;260172;214070;67.1;55.2
81;2021-08-03;2308;2113;262480;216183;67.7;55.7
81;2021-08-04;2021;1530;264501;217713;68.2;56.1
81;2021-08-05;1518;1871;266019;219584;68.6;56.6
81;2021-08-06;1718;1971;267737;221555;69.0;57.1
81;2021-08-07;979;1041;268716;222596;69.3;57.4
81;2021-08-08;437;709;269153;223305;69.4;57.6
81;2021-08-09;799;657;269952;223962;69.6;57.7
81;2021-08-10;1599;2754;271551;226716;70.0;58.4
81;2021-08-11;1106;2404;272657;229120;70.3;59.1
81;2021-08-12;1037;2245;273694;231365;70.6;59.6
81;2021-08-13;871;2466;274565;233831;70.8;60.3
81;2021-08-14;492;1873;275057;235704;70.9;60.8
81;2021-08-15;141;1100;275198;236804;70.9;61.0
81;2021-08-16;625;1819;275823;238623;71.1;61.5
81;2021-08-17;1334;3099;277157;241722;71.5;62.3
81;2021-08-18;1054;2359;278211;244081;71.7;62.9
81;2021-08-19;936;2263;279147;246344;72.0;63.5
81;2021-08-20;906;2344;280053;248688;72.2;64.1
81;2021-08-21;465;1532;280518;250220;72.3;64.5
81;2021-08-22;184;929;280702;251149;72.4;64.7
82;2020-12-27;0;0;0;0;0.0;0.0
82;2020-12-28;2;0;2;0;0.0;0.0
82;2020-12-29;0;0;2;0;0.0;0.0
82;2020-12-30;0;0;2;0;0.0;0.0
82;2020-12-31;0;0;2;0;0.0;0.0
82;2021-01-01;0;0;2;0;0.0;0.0
82;2021-01-02;0;0;2;0;0.0;0.0
82;2021-01-03;0;0;2;0;0.0;0.0
82;2021-01-04;0;0;2;0;0.0;0.0
82;2021-01-05;86;0;88;0;0.0;0.0
82;2021-01-06;1;0;89;0;0.0;0.0
82;2021-01-07;75;0;164;0;0.1;0.0
82;2021-01-08;46;0;210;0;0.1;0.0
82;2021-01-09;77;0;287;0;0.1;0.0
82;2021-01-10;0;0;287;0;0.1;0.0
82;2021-01-11;94;0;381;0;0.1;0.0
82;2021-01-12;284;0;665;0;0.3;0.0
82;2021-01-13;336;1;1001;1;0.4;0.0
82;2021-01-14;442;3;1443;4;0.5;0.0
82;2021-01-15;612;2;2055;6;0.8;0.0
82;2021-01-16;230;3;2285;9;0.9;0.0
82;2021-01-17;89;0;2374;9;0.9;0.0
82;2021-01-18;433;0;2807;9;1.1;0.0
82;2021-01-19;479;1;3286;10;1.3;0.0
82;2021-01-20;663;2;3949;12;1.5;0.0
82;2021-01-21;447;1;4396;13;1.7;0.0
82;2021-01-22;483;2;4879;15;1.9;0.0
82;2021-01-23;151;0;5030;15;1.9;0.0
82;2021-01-24;0;0;5030;15;1.9;0.0
82;2021-01-25;376;0;5406;15;2.1;0.0
82;2021-01-26;468;0;5874;15;2.2;0.0
82;2021-01-27;519;0;6393;15;2.4;0.0
82;2021-01-28;586;34;6979;49;2.7;0.0
82;2021-01-29;405;108;7384;157;2.8;0.1
82;2021-01-30;44;22;7428;179;2.8;0.1
82;2021-01-31;0;0;7428;179;2.8;0.1
82;2021-02-01;292;55;7720;234;2.9;0.1
82;2021-02-02;344;100;8064;334;3.1;0.1
82;2021-02-03;462;66;8526;400;3.2;0.2
82;2021-02-04;765;219;9291;619;3.5;0.2
82;2021-02-05;480;148;9771;767;3.7;0.3
82;2021-02-06;93;39;9864;806;3.8;0.3
82;2021-02-07;29;79;9893;885;3.8;0.3
82;2021-02-08;149;224;10042;1109;3.8;0.4
82;2021-02-09;238;393;10280;1502;3.9;0.6
82;2021-02-10;271;602;10551;2104;4.0;0.8
82;2021-02-11;225;402;10776;2506;4.1;1.0
82;2021-02-12;190;610;10966;3116;4.2;1.2
82;2021-02-13;60;118;11026;3234;4.2;1.2
82;2021-02-14;4;81;11030;3315;4.2;1.3
82;2021-02-15;217;305;11247;3620;4.3;1.4
82;2021-02-16;280;391;11527;4011;4.4;1.5
82;2021-02-17;359;525;11886;4536;4.5;1.7
82;2021-02-18;507;505;12393;5041;4.7;1.9
82;2021-02-19;490;542;12883;5583;4.9;2.1
82;2021-02-20;78;139;12961;5722;4.9;2.2
82;2021-02-21;0;0;12961;5722;4.9;2.2
82;2021-02-22;200;408;13161;6130;5.0;2.3
82;2021-02-23;277;469;13438;6599;5.1;2.5
82;2021-02-24;283;457;13721;7056;5.2;2.7
82;2021-02-25;637;508;14358;7564;5.5;2.9
82;2021-02-26;648;397;15006;7961;5.7;3.0
82;2021-02-27;214;74;15220;8035;5.8;3.1
82;2021-02-28;30;7;15250;8042;5.8;3.1
82;2021-03-01;291;229;15541;8271;5.9;3.1
82;2021-03-02;495;403;16036;8674;6.1;3.3
82;2021-03-03;441;388;16477;9062;6.3;3.5
82;2021-03-04;600;301;17077;9363;6.5;3.6
82;2021-03-05;680;382;17757;9745;6.8;3.7
82;2021-03-06;693;43;18450;9788;7.0;3.7
82;2021-03-07;302;3;18752;9791;7.1;3.7
82;2021-03-08;603;154;19355;9945;7.4;3.8
82;2021-03-09;582;257;19937;10202;7.6;3.9
82;2021-03-10;779;247;20716;10449;7.9;4.0
82;2021-03-11;974;282;21690;10731;8.3;4.1
82;2021-03-12;992;103;22682;10834;8.6;4.1
82;2021-03-13;564;53;23246;10887;8.9;4.1
82;2021-03-14;61;5;23307;10892;8.9;4.1
82;2021-03-15;485;326;23792;11218;9.1;4.3
82;2021-03-16;197;334;23989;11552;9.1;4.4
82;2021-03-17;191;295;24180;11847;9.2;4.5
82;2021-03-18;279;350;24459;12197;9.3;4.6
82;2021-03-19;533;314;24992;12511;9.5;4.8
82;2021-03-20;251;58;25243;12569;9.6;4.8
82;2021-03-21;23;0;25266;12569;9.6;4.8
82;2021-03-22;405;320;25671;12889;9.8;4.9
82;2021-03-23;601;313;26272;13202;10.0;5.0
82;2021-03-24;620;335;26892;13537;10.2;5.2
82;2021-03-25;928;244;27820;13781;10.6;5.2
82;2021-03-26;1216;270;29036;14051;11.1;5.4
82;2021-03-27;479;78;29515;14129;11.2;5.4
82;2021-03-28;136;2;29651;14131;11.3;5.4
82;2021-03-29;925;379;30576;14510;11.6;5.5
82;2021-03-30;1188;280;31764;14790;12.1;5.6
82;2021-03-31;1019;261;32783;15051;12.5;5.7
82;2021-04-01;1072;197;33855;15248;12.9;5.8
82;2021-04-02;1212;286;35067;15534;13.4;5.9
82;2021-04-03;715;130;35782;15664;13.6;6.0
82;2021-04-04;276;14;36058;15678;13.7;6.0
82;2021-04-05;388;20;36446;15698;13.9;6.0
82;2021-04-06;953;510;37399;16208;14.2;6.2
82;2021-04-07;1017;499;38416;16707;14.6;6.4
82;2021-04-08;1454;418;39870;17125;15.2;6.5
82;2021-04-09;1656;471;41526;17596;15.8;6.7
82;2021-04-10;1714;101;43240;17697;16.5;6.7
82;2021-04-11;559;19;43799;17716;16.7;6.7
82;2021-04-12;1348;293;45147;18009;17.2;6.9
82;2021-04-13;1625;271;46772;18280;17.8;7.0
82;2021-04-14;1410;297;48182;18577;18.3;7.1
82;2021-04-15;1781;323;49963;18900;19.0;7.2
82;2021-04-16;1541;332;51504;19232;19.6;7.3
82;2021-04-17;1243;70;52747;19302;20.1;7.3
82;2021-04-18;561;15;53308;19317;20.3;7.4
82;2021-04-19;958;359;54266;19676;20.7;7.5
82;2021-04-20;1268;403;55534;20079;21.1;7.6
82;2021-04-21;1219;374;56753;20453;21.6;7.8
82;2021-04-22;1452;294;58205;20747;22.2;7.9
82;2021-04-23;1075;682;59280;21429;22.6;8.2
82;2021-04-24;1187;265;60467;21694;23.0;8.3
82;2021-04-25;736;49;61203;21743;23.3;8.3
82;2021-04-26;748;808;61951;22551;23.6;8.6
82;2021-04-27;905;924;62856;23475;23.9;8.9
82;2021-04-28;921;899;63777;24374;24.3;9.3
82;2021-04-29;1107;912;64884;25286;24.7;9.6
82;2021-04-30;1041;888;65925;26174;25.1;10.0
82;2021-05-01;1141;258;67066;26432;25.5;10.1
82;2021-05-02;697;145;67763;26577;25.8;10.1
82;2021-05-03;410;1215;68173;27792;26.0;10.6
82;2021-05-04;864;1170;69037;28962;26.3;11.0
82;2021-05-05;568;1173;69605;30135;26.5;11.5
82;2021-05-06;849;1420;70454;31555;26.8;12.0
82;2021-05-07;735;1456;71189;33011;27.1;12.6
82;2021-05-08;935;520;72124;33531;27.5;12.8
82;2021-05-09;753;579;72877;34110;27.8;13.0
82;2021-05-10;850;1364;73727;35474;28.1;13.5
82;2021-05-11;1158;1349;74885;36823;28.5;14.0
82;2021-05-12;1016;1346;75901;38169;28.9;14.5
82;2021-05-13;1454;432;77355;38601;29.5;14.7
82;2021-05-14;1691;1239;79046;39840;30.1;15.2
82;2021-05-15;1935;696;80981;40536;30.8;15.4
82;2021-05-16;558;115;81539;40651;31.0;15.5
82;2021-05-17;1090;1173;82629;41824;31.5;15.9
82;2021-05-18;1466;1190;84095;43014;32.0;16.4
82;2021-05-19;1271;978;85366;43992;32.5;16.8
82;2021-05-20;1408;1159;86774;45151;33.0;17.2
82;2021-05-21;1411;1217;88185;46368;33.6;17.7
82;2021-05-22;2069;631;90254;46999;34.4;17.9
82;2021-05-23;705;117;90959;47116;34.6;17.9
82;2021-05-24;1441;264;92400;47380;35.2;18.0
82;2021-05-25;1445;964;93845;48344;35.7;18.4
82;2021-05-26;1413;922;95258;49266;36.3;18.8
82;2021-05-27;1460;1025;96718;50291;36.8;19.1
82;2021-05-28;1540;1145;98258;51436;37.4;19.6
82;2021-05-29;1496;546;99754;51982;38.0;19.8
82;2021-05-30;402;101;100156;52083;38.1;19.8
82;2021-05-31;1492;991;101648;53074;38.7;20.2
82;2021-06-01;1751;1053;103399;54127;39.4;20.6
82;2021-06-02;1473;1005;104872;55132;39.9;21.0
82;2021-06-03;1490;1185;106362;56317;40.5;21.4
82;2021-06-04;2251;1310;108613;57627;41.4;21.9
82;2021-06-05;2271;985;110884;58612;42.2;22.3
82;2021-06-06;328;133;111212;58745;42.3;22.4
82;2021-06-07;958;1275;112170;60020;42.7;22.9
82;2021-06-08;1445;1141;113615;61161;43.3;23.3
82;2021-06-09;1709;1143;115324;62304;43.9;23.7
82;2021-06-10;1441;1208;116765;63512;44.5;24.2
82;2021-06-11;1922;1125;118687;64637;45.2;24.6
82;2021-06-12;2392;1396;121079;66033;46.1;25.1
82;2021-06-13;378;113;121457;66146;46.2;25.2
82;2021-06-14;1212;1083;122669;67229;46.7;25.6
82;2021-06-15;1462;1244;124131;68473;47.3;26.1
82;2021-06-16;1751;1168;125882;69641;47.9;26.5
82;2021-06-17;1219;1473;127101;71114;48.4;27.1
82;2021-06-18;1469;1439;128570;72553;49.0;27.6
82;2021-06-19;2271;982;130841;73535;49.8;28.0
82;2021-06-20;268;174;131109;73709;49.9;28.1
82;2021-06-21;483;1361;131592;75070;50.1;28.6
82;2021-06-22;892;1708;132484;76778;50.4;29.2
82;2021-06-23;1238;1588;133722;78366;50.9;29.8
82;2021-06-24;757;1905;134479;80271;51.2;30.6
82;2021-06-25;741;1938;135220;82209;51.5;31.3
82;2021-06-26;1240;2144;136460;84353;52.0;32.1
82;2021-06-27;195;438;136655;84791;52.0;32.3
82;2021-06-28;330;1413;136985;86204;52.2;32.8
82;2021-06-29;518;1841;137503;88045;52.4;33.5
82;2021-06-30;948;1912;138451;89957;52.7;34.3
82;2021-07-01;658;1632;139109;91589;53.0;34.9
82;2021-07-02;931;2297;140040;93886;53.3;35.8
82;2021-07-03;859;2340;140899;96226;53.7;36.6
82;2021-07-04;120;439;141019;96665;53.7;36.8
82;2021-07-05;444;1561;141463;98226;53.9;37.4
82;2021-07-06;512;1865;141975;100091;54.1;38.1
82;2021-07-07;791;1777;142766;101868;54.4;38.8
82;2021-07-08;505;1503;143271;103371;54.6;39.4
82;2021-07-09;781;2152;144052;105523;54.9;40.2
82;2021-07-10;706;2216;144758;107739;55.1;41.0
82;2021-07-11;38;380;144796;108119;55.1;41.2
82;2021-07-12;579;1884;145375;110003;55.4;41.9
82;2021-07-13;713;2004;146088;112007;55.6;42.7
82;2021-07-14;617;741;146705;112748;55.9;42.9
82;2021-07-15;858;1753;147563;114501;56.2;43.6
82;2021-07-16;1438;2638;149001;117139;56.7;44.6
82;2021-07-17;561;2186;149562;119325;57.0;45.4
82;2021-07-18;14;41;149576;119366;57.0;45.5
82;2021-07-19;733;2072;150309;121438;57.2;46.2
82;2021-07-20;918;1885;151227;123323;57.6;47.0
82;2021-07-21;1289;1762;152516;125085;58.1;47.6
82;2021-07-22;1079;1762;153595;126847;58.5;48.3
82;2021-07-23;1051;2983;154646;129830;58.9;49.4
82;2021-07-24;1102;1489;155748;131319;59.3;50.0
82;2021-07-25;303;72;156051;131391;59.4;50.0
82;2021-07-26;948;1898;156999;133289;59.8;50.8
82;2021-07-27;1338;1644;158337;134933;60.3;51.4
82;2021-07-28;1468;1500;159805;136433;60.9;52.0
82;2021-07-29;1327;1529;161132;137962;61.4;52.5
82;2021-07-30;1531;2479;162663;140441;61.9;53.5
82;2021-07-31;456;295;163119;140736;62.1;53.6
82;2021-08-01;272;50;163391;140786;62.2;53.6
82;2021-08-02;1268;875;164659;141661;62.7;53.9
82;2021-08-03;1430;828;166089;142489;63.2;54.3
82;2021-08-04;1359;1026;167448;143515;63.8;54.6
82;2021-08-05;1486;596;168934;144111;64.3;54.9
82;2021-08-06;993;646;169927;144757;64.7;55.1
82;2021-08-07;922;1191;170849;145948;65.1;55.6
82;2021-08-08;155;65;171004;146013;65.1;55.6
82;2021-08-09;1072;892;172076;146905;65.5;55.9
82;2021-08-10;1285;914;173361;147819;66.0;56.3
82;2021-08-11;1260;1125;174621;148944;66.5;56.7
82;2021-08-12;1470;945;176091;149889;67.1;57.1
82;2021-08-13;1404;994;177495;150883;67.6;57.5
82;2021-08-14;311;482;177806;151365;67.7;57.6
82;2021-08-15;61;34;177867;151399;67.7;57.6
82;2021-08-16;780;1460;178647;152859;68.0;58.2
82;2021-08-17;1058;1234;179705;154093;68.4;58.7
82;2021-08-18;611;849;180316;154942;68.7;59.0
82;2021-08-19;1001;1145;181317;156087;69.0;59.4
82;2021-08-20;1033;1898;182350;157985;69.4;60.2
82;2021-08-21;494;986;182844;158971;69.6;60.5
82;2021-08-22;19;54;182863;159025;69.6;60.6
83;2020-12-27;1;0;1;0;0.0;0.0
83;2020-12-28;0;0;1;0;0.0;0.0
83;2020-12-29;0;0;1;0;0.0;0.0
83;2020-12-30;1;0;2;0;0.0;0.0
83;2020-12-31;0;0;2;0;0.0;0.0
83;2021-01-01;1;0;3;0;0.0;0.0
83;2021-01-02;0;0;3;0;0.0;0.0
83;2021-01-03;1;0;4;0;0.0;0.0
83;2021-01-04;1;0;5;0;0.0;0.0
83;2021-01-05;3;0;8;0;0.0;0.0
83;2021-01-06;69;0;77;0;0.0;0.0
83;2021-01-07;324;0;401;0;0.0;0.0
83;2021-01-08;421;0;822;0;0.1;0.0
83;2021-01-09;48;0;870;0;0.1;0.0
83;2021-01-10;1;0;871;0;0.1;0.0
83;2021-01-11;475;0;1346;0;0.1;0.0
83;2021-01-12;1001;4;2347;4;0.2;0.0
83;2021-01-13;961;7;3308;11;0.3;0.0
83;2021-01-14;840;5;4148;16;0.4;0.0
83;2021-01-15;701;1;4849;17;0.5;0.0
83;2021-01-16;41;1;4890;18;0.5;0.0
83;2021-01-17;1;0;4891;18;0.5;0.0
83;2021-01-18;1221;4;6112;22;0.6;0.0
83;2021-01-19;2016;7;8128;29;0.8;0.0
83;2021-01-20;1659;10;9787;39;0.9;0.0
83;2021-01-21;2101;8;11888;47;1.1;0.0
83;2021-01-22;1658;5;13546;52;1.3;0.0
83;2021-01-23;244;0;13790;52;1.3;0.0
83;2021-01-24;21;1;13811;53;1.3;0.0
83;2021-01-25;1553;7;15364;60;1.4;0.0
83;2021-01-26;1757;14;17121;74;1.6;0.0
83;2021-01-27;2152;83;19273;157;1.8;0.0
83;2021-01-28;5080;359;24353;516;2.3;0.0
83;2021-01-29;2947;351;27300;867;2.5;0.1
83;2021-01-30;234;45;27534;912;2.6;0.1
83;2021-01-31;46;0;27580;912;2.6;0.1
83;2021-02-01;1277;420;28857;1332;2.7;0.1
83;2021-02-02;1438;726;30295;2058;2.8;0.2
83;2021-02-03;1526;637;31821;2695;3.0;0.3
83;2021-02-04;1483;747;33304;3442;3.1;0.3
83;2021-02-05;1218;678;34522;4120;3.2;0.4
83;2021-02-06;22;14;34544;4134;3.2;0.4
83;2021-02-07;1;0;34545;4134;3.2;0.4
83;2021-02-08;1089;626;35634;4760;3.3;0.4
83;2021-02-09;1324;915;36958;5675;3.4;0.5
83;2021-02-10;1529;806;38487;6481;3.6;0.6
83;2021-02-11;1605;1020;40092;7501;3.7;0.7
83;2021-02-12;1346;829;41438;8330;3.9;0.8
83;2021-02-13;53;25;41491;8355;3.9;0.8
83;2021-02-14;0;0;41491;8355;3.9;0.8
83;2021-02-15;669;1054;42160;9409;3.9;0.9
83;2021-02-16;541;1378;42701;10787;4.0;1.0
83;2021-02-17;804;1835;43505;12622;4.1;1.2
83;2021-02-18;1624;3871;45129;16493;4.2;1.5
83;2021-02-19;1475;2338;46604;18831;4.3;1.8
83;2021-02-20;63;170;46667;19001;4.3;1.8
83;2021-02-21;24;35;46691;19036;4.3;1.8
83;2021-02-22;501;1757;47192;20793;4.4;1.9
83;2021-02-23;670;1441;47862;22234;4.5;2.1
83;2021-02-24;722;1487;48584;23721;4.5;2.2
83;2021-02-25;1249;1414;49833;25135;4.6;2.3
83;2021-02-26;1298;1259;51131;26394;4.8;2.5
83;2021-02-27;550;55;51681;26449;4.8;2.5
83;2021-02-28;8;13;51689;26462;4.8;2.5
83;2021-03-01;811;1240;52500;27702;4.9;2.6
83;2021-03-02;989;1313;53489;29015;5.0;2.7
83;2021-03-03;1435;1527;54924;30542;5.1;2.8
83;2021-03-04;1889;1386;56813;31928;5.3;3.0
83;2021-03-05;2218;1241;59031;33169;5.5;3.1
83;2021-03-06;3006;113;62037;33282;5.8;3.1
83;2021-03-07;2224;41;64261;33323;6.0;3.1
83;2021-03-08;849;1318;65110;34641;6.1;3.2
83;2021-03-09;1929;1226;67039;35867;6.2;3.3
83;2021-03-10;2375;1366;69414;37233;6.5;3.5
83;2021-03-11;3674;2201;73088;39434;6.8;3.7
83;2021-03-12;3646;1512;76734;40946;7.1;3.8
83;2021-03-13;4601;176;81335;41122;7.6;3.8
83;2021-03-14;2332;50;83667;41172;7.8;3.8
83;2021-03-15;3337;669;87004;41841;8.1;3.9
83;2021-03-16;2600;698;89604;42539;8.3;4.0
83;2021-03-17;2848;785;92452;43324;8.6;4.0
83;2021-03-18;3550;797;96002;44121;8.9;4.1
83;2021-03-19;4173;585;100175;44706;9.3;4.2
83;2021-03-20;3475;71;103650;44777;9.7;4.2
83;2021-03-21;2011;30;105661;44807;9.8;4.2
83;2021-03-22;3965;895;109626;45702;10.2;4.3
83;2021-03-23;4752;592;114378;46294;10.7;4.3
83;2021-03-24;5049;723;119427;47017;11.1;4.4
83;2021-03-25;6532;851;125959;47868;11.7;4.5
83;2021-03-26;7173;748;133132;48616;12.4;4.5
83;2021-03-27;3966;387;137098;49003;12.8;4.6
83;2021-03-28;2183;32;139281;49035;13.0;4.6
83;2021-03-29;4554;764;143835;49799;13.4;4.6
83;2021-03-30;5965;947;149800;50746;13.9;4.7
83;2021-03-31;5553;1075;155353;51821;14.5;4.8
83;2021-04-01;5976;1258;161329;53079;15.0;4.9
83;2021-04-02;5761;1069;167090;54148;15.6;5.0
83;2021-04-03;1802;633;168892;54781;15.7;5.1
83;2021-04-04;855;346;169747;55127;15.8;5.1
83;2021-04-05;190;66;169937;55193;15.8;5.1
83;2021-04-06;4727;1402;174664;56595;16.3;5.3
83;2021-04-07;5830;1662;180494;58257;16.8;5.4
83;2021-04-08;7884;1998;188378;60255;17.5;5.6
83;2021-04-09;7587;2194;195965;62449;18.2;5.8
83;2021-04-10;2946;2653;198911;65102;18.5;6.1
83;2021-04-11;1720;2136;200631;67238;18.7;6.3
83;2021-04-12;4951;2877;205582;70115;19.1;6.5
83;2021-04-13;5408;3005;210990;73120;19.6;6.8
83;2021-04-14;5896;2946;216886;76066;20.2;7.1
83;2021-04-15;6776;3039;223662;79105;20.8;7.4
83;2021-04-16;6125;3518;229787;82623;21.4;7.7
83;2021-04-17;3511;2188;233298;84811;21.7;7.9
83;2021-04-18;2175;1297;235473;86108;21.9;8.0
83;2021-04-19;4106;3903;239579;90011;22.3;8.4
83;2021-04-20;4357;3872;243936;93883;22.7;8.7
83;2021-04-21;4302;4157;248238;98040;23.1;9.1
83;2021-04-22;5006;4304;253244;102344;23.6;9.5
83;2021-04-23;4528;4565;257772;106909;24.0;10.0
83;2021-04-24;2629;2711;260401;109620;24.2;10.2
83;2021-04-25;1926;1573;262327;111193;24.4;10.4
83;2021-04-26;3568;3852;265895;115045;24.8;10.7
83;2021-04-27;4136;4554;270031;119599;25.1;11.1
83;2021-04-28;4315;4368;274346;123967;25.5;11.5
83;2021-04-29;5813;5117;280159;129084;26.1;12.0
83;2021-04-30;5787;4307;285946;133391;26.6;12.4
83;2021-05-01;1692;428;287638;133819;26.8;12.5
83;2021-05-02;1237;755;288875;134574;26.9;12.5
83;2021-05-03;3751;4279;292626;138853;27.3;12.9
83;2021-05-04;3346;5101;295972;143954;27.6;13.4
83;2021-05-05;3642;4966;299614;148920;27.9;13.9
83;2021-05-06;4672;4957;304286;153877;28.3;14.3
83;2021-05-07;4172;5317;308458;159194;28.7;14.8
83;2021-05-08;2762;1013;311220;160207;29.0;14.9
83;2021-05-09;2152;1235;313372;161442;29.2;15.0
83;2021-05-10;3202;5423;316574;166865;29.5;15.5
83;2021-05-11;5126;5684;321700;172549;30.0;16.1
83;2021-05-12;6292;4845;327992;177394;30.5;16.5
83;2021-05-13;6582;1343;334574;178737;31.2;16.6
83;2021-05-14;7422;4113;341996;182850;31.8;17.0
83;2021-05-15;7754;2202;349750;185052;32.6;17.2
83;2021-05-16;6626;1247;356376;186299;33.2;17.3
83;2021-05-17;4893;4213;361269;190512;33.6;17.7
83;2021-05-18;5534;3862;366803;194374;34.2;18.1
83;2021-05-19;6207;3404;373010;197778;34.7;18.4
83;2021-05-20;6757;3793;379767;201571;35.4;18.8
83;2021-05-21;7909;3872;387676;205443;36.1;19.1
83;2021-05-22;6090;1718;393766;207161;36.7;19.3
83;2021-05-23;4686;707;398452;207868;37.1;19.4
83;2021-05-24;5810;972;404262;208840;37.6;19.4
83;2021-05-25;5512;4753;409774;213593;38.2;19.9
83;2021-05-26;4858;4438;414632;218031;38.6;20.3
83;2021-05-27;5073;5263;419705;223294;39.1;20.8
83;2021-05-28;4507;5767;424212;229061;39.5;21.3
83;2021-05-29;2706;4276;426918;233337;39.8;21.7
83;2021-05-30;1257;1375;428175;234712;39.9;21.9
83;2021-05-31;5488;4766;433663;239478;40.4;22.3
83;2021-06-01;5729;5305;439392;244783;40.9;22.8
83;2021-06-02;5261;4587;444653;249370;41.4;23.2
83;2021-06-03;5744;5135;450397;254505;41.9;23.7
83;2021-06-04;5447;6048;455844;260553;42.5;24.3
83;2021-06-05;3925;3199;459769;263752;42.8;24.6
83;2021-06-06;1936;1383;461705;265135;43.0;24.7
83;2021-06-07;3918;5090;465623;270225;43.4;25.2
83;2021-06-08;4173;4826;469796;275051;43.7;25.6
83;2021-06-09;4006;4701;473802;279752;44.1;26.1
83;2021-06-10;3997;4259;477799;284011;44.5;26.4
83;2021-06-11;3656;5444;481455;289455;44.8;27.0
83;2021-06-12;2912;2984;484367;292439;45.1;27.2
83;2021-06-13;995;1392;485362;293831;45.2;27.4
83;2021-06-14;2857;5658;488219;299489;45.5;27.9
83;2021-06-15;3165;4862;491384;304351;45.8;28.3
83;2021-06-16;2963;4508;494347;308859;46.0;28.8
83;2021-06-17;2767;5286;497114;314145;46.3;29.3
83;2021-06-18;3158;5962;500272;320107;46.6;29.8
83;2021-06-19;2320;4096;502592;324203;46.8;30.2
83;2021-06-20;674;1889;503266;326092;46.9;30.4
83;2021-06-21;2111;7588;505377;333680;47.1;31.1
83;2021-06-22;2100;7164;507477;340844;47.3;31.7
83;2021-06-23;1933;6928;509410;347772;47.4;32.4
83;2021-06-24;1956;7368;511366;355140;47.6;33.1
83;2021-06-25;2110;8398;513476;363538;47.8;33.9
83;2021-06-26;1465;6810;514941;370348;48.0;34.5
83;2021-06-27;692;3185;515633;373533;48.0;34.8
83;2021-06-28;1571;7892;517204;381425;48.2;35.5
83;2021-06-29;1904;7809;519108;389234;48.3;36.2
83;2021-06-30;2242;7269;521350;396503;48.6;36.9
83;2021-07-01;2552;6567;523902;403070;48.8;37.5
83;2021-07-02;2261;7798;526163;410868;49.0;38.3
83;2021-07-03;1510;5686;527673;416554;49.1;38.8
83;2021-07-04;571;2751;528244;419305;49.2;39.0
83;2021-07-05;1923;7533;530167;426838;49.4;39.7
83;2021-07-06;2573;5938;532740;432776;49.6;40.3
83;2021-07-07;2681;4671;535421;437447;49.9;40.7
83;2021-07-08;3246;4470;538667;441917;50.2;41.2
83;2021-07-09;3039;6960;541706;448877;50.4;41.8
83;2021-07-10;1576;4928;543282;453805;50.6;42.3
83;2021-07-11;1008;1763;544290;455568;50.7;42.4
83;2021-07-12;2137;7684;546427;463252;50.9;43.1
83;2021-07-13;4032;7080;550459;470332;51.3;43.8
83;2021-07-14;2094;1322;552553;471654;51.5;43.9
83;2021-07-15;4583;6842;557136;478496;51.9;44.6
83;2021-07-16;5271;7123;562407;485619;52.4;45.2
83;2021-07-17;3595;4996;566002;490615;52.7;45.7
83;2021-07-18;1603;1311;567605;491926;52.9;45.8
83;2021-07-19;3952;6313;571557;498239;53.2;46.4
83;2021-07-20;5978;6163;577535;504402;53.8;47.0
83;2021-07-21;6018;5200;583553;509602;54.3;47.5
83;2021-07-22;7097;5534;590650;515136;55.0;48.0
83;2021-07-23;7095;5892;597745;521028;55.7;48.5
83;2021-07-24;4644;4556;602389;525584;56.1;48.9
83;2021-07-25;1326;730;603715;526314;56.2;49.0
83;2021-07-26;5538;4931;609253;531245;56.7;49.5
83;2021-07-27;6807;4882;616060;536127;57.4;49.9
83;2021-07-28;6575;4390;622635;540517;58.0;50.3
83;2021-07-29;7456;4822;630091;545339;58.7;50.8
83;2021-07-30;6941;4740;637032;550079;59.3;51.2
83;2021-07-31;4660;3201;641692;553280;59.8;51.5
83;2021-08-01;1063;846;642755;554126;59.9;51.6
83;2021-08-02;5731;3685;648486;557811;60.4;51.9
83;2021-08-03;6346;3964;654832;561775;61.0;52.3
83;2021-08-04;5871;3681;660703;565456;61.5;52.7
83;2021-08-05;6128;4065;666831;569521;62.1;53.0
83;2021-08-06;6115;4897;672946;574418;62.7;53.5
83;2021-08-07;3734;3537;676680;577955;63.0;53.8
83;2021-08-08;1063;821;677743;578776;63.1;53.9
83;2021-08-09;4698;4624;682441;583400;63.6;54.3
83;2021-08-10;5209;5125;687650;588525;64.0;54.8
83;2021-08-11;4566;5058;692216;593583;64.5;55.3
83;2021-08-12;4887;5539;697103;599122;64.9;55.8
83;2021-08-13;4903;5728;702006;604850;65.4;56.3
83;2021-08-14;3192;3872;705198;608722;65.7;56.7
83;2021-08-15;202;390;705400;609112;65.7;56.7
83;2021-08-16;3604;5452;709004;614564;66.0;57.2
83;2021-08-17;3543;5250;712547;619814;66.4;57.7
83;2021-08-18;3561;4971;716108;624785;66.7;58.2
83;2021-08-19;4137;6223;720245;631008;67.1;58.8
83;2021-08-20;3568;6471;723813;637479;67.4;59.4
83;2021-08-21;2325;4470;726138;641949;67.6;59.8
83;2021-08-22;626;1022;726764;642971;67.7;59.9
84;2020-12-27;0;0;0;0;0.0;0.0
84;2020-12-28;0;0;0;0;0.0;0.0
84;2020-12-29;0;0;0;0;0.0;0.0
84;2020-12-30;0;0;0;0;0.0;0.0
84;2020-12-31;0;0;0;0;0.0;0.0
84;2021-01-01;0;0;0;0;0.0;0.0
84;2021-01-02;0;0;0;0;0.0;0.0
84;2021-01-03;0;0;0;0;0.0;0.0
84;2021-01-04;0;0;0;0;0.0;0.0
84;2021-01-05;0;0;0;0;0.0;0.0
84;2021-01-06;0;0;0;0;0.0;0.0
84;2021-01-07;69;0;69;0;0.0;0.0
84;2021-01-08;81;0;150;0;0.0;0.0
84;2021-01-09;30;0;180;0;0.0;0.0
84;2021-01-10;0;0;180;0;0.0;0.0
84;2021-01-11;219;0;399;0;0.1;0.0
84;2021-01-12;623;2;1022;2;0.2;0.0
84;2021-01-13;358;0;1380;2;0.2;0.0
84;2021-01-14;942;13;2322;15;0.4;0.0
84;2021-01-15;617;9;2939;24;0.5;0.0
84;2021-01-16;166;0;3105;24;0.6;0.0
84;2021-01-17;29;1;3134;25;0.6;0.0
84;2021-01-18;696;3;3830;28;0.7;0.0
84;2021-01-19;877;2;4707;30;0.8;0.0
84;2021-01-20;1018;3;5725;33;1.0;0.0
84;2021-01-21;1048;5;6773;38;1.2;0.0
84;2021-01-22;1132;0;7905;38;1.4;0.0
84;2021-01-23;248;0;8153;38;1.5;0.0
84;2021-01-24;3;0;8156;38;1.5;0.0
84;2021-01-25;806;0;8962;38;1.6;0.0
84;2021-01-26;938;5;9900;43;1.8;0.0
84;2021-01-27;1071;2;10971;45;2.0;0.0
84;2021-01-28;1621;18;12592;63;2.2;0.0
84;2021-01-29;1198;63;13790;126;2.5;0.0
84;2021-01-30;171;21;13961;147;2.5;0.0
84;2021-01-31;7;0;13968;147;2.5;0.0
84;2021-02-01;656;147;14624;294;2.6;0.1
84;2021-02-02;787;268;15411;562;2.7;0.1
84;2021-02-03;758;244;16169;806;2.9;0.1
84;2021-02-04;912;406;17081;1212;3.0;0.2
84;2021-02-05;727;415;17808;1627;3.2;0.3
84;2021-02-06;127;49;17935;1676;3.2;0.3
84;2021-02-07;0;0;17935;1676;3.2;0.3
84;2021-02-08;568;275;18503;1951;3.3;0.3
84;2021-02-09;693;720;19196;2671;3.4;0.5
84;2021-02-10;554;568;19750;3239;3.5;0.6
84;2021-02-11;546;585;20296;3824;3.6;0.7
84;2021-02-12;562;680;20858;4504;3.7;0.8
84;2021-02-13;46;171;20904;4675;3.7;0.8
84;2021-02-14;3;0;20907;4675;3.7;0.8
84;2021-02-15;209;890;21116;5565;3.8;1.0
84;2021-02-16;222;831;21338;6396;3.8;1.1
84;2021-02-17;447;779;21785;7175;3.9;1.3
84;2021-02-18;557;1104;22342;8279;4.0;1.5
84;2021-02-19;737;1187;23079;9466;4.1;1.7
84;2021-02-20;65;152;23144;9618;4.1;1.7
84;2021-02-21;5;37;23149;9655;4.1;1.7
84;2021-02-22;369;744;23518;10399;4.2;1.9
84;2021-02-23;269;705;23787;11104;4.2;2.0
84;2021-02-24;393;737;24180;11841;4.3;2.1
84;2021-02-25;713;853;24893;12694;4.4;2.3
84;2021-02-26;822;682;25715;13376;4.6;2.4
84;2021-02-27;133;126;25848;13502;4.6;2.4
84;2021-02-28;17;0;25865;13502;4.6;2.4
84;2021-03-01;456;668;26321;14170;4.7;2.5
84;2021-03-02;631;810;26952;14980;4.8;2.7
84;2021-03-03;821;951;27773;15931;5.0;2.8
84;2021-03-04;1095;689;28868;16620;5.1;3.0
84;2021-03-05;1310;519;30178;17139;5.4;3.1
84;2021-03-06;1460;63;31638;17202;5.6;3.1
84;2021-03-07;481;15;32119;17217;5.7;3.1
84;2021-03-08;812;610;32931;17827;5.9;3.2
84;2021-03-09;1387;783;34318;18610;6.1;3.3
84;2021-03-10;1474;669;35792;19279;6.4;3.4
84;2021-03-11;1984;645;37776;19924;6.7;3.6
84;2021-03-12;2078;630;39854;20554;7.1;3.7
84;2021-03-13;745;37;40599;20591;7.2;3.7
84;2021-03-14;247;53;40846;20644;7.3;3.7
84;2021-03-15;1069;311;41915;20955;7.5;3.7
84;2021-03-16;1180;338;43095;21293;7.7;3.8
84;2021-03-17;1146;442;44241;21735;7.9;3.9
84;2021-03-18;1456;400;45697;22135;8.1;3.9
84;2021-03-19;2175;465;47872;22600;8.5;4.0
84;2021-03-20;838;25;48710;22625;8.7;4.0
84;2021-03-21;150;11;48860;22636;8.7;4.0
84;2021-03-22;1157;462;50017;23098;8.9;4.1
84;2021-03-23;1912;469;51929;23567;9.3;4.2
84;2021-03-24;2178;400;54107;23967;9.6;4.3
84;2021-03-25;3656;401;57763;24368;10.3;4.3
84;2021-03-26;3317;486;61080;24854;10.9;4.4
84;2021-03-27;914;57;61994;24911;11.1;4.4
84;2021-03-28;73;2;62067;24913;11.1;4.4
84;2021-03-29;1716;531;63783;25444;11.4;4.5
84;2021-03-30;2667;684;66450;26128;11.8;4.7
84;2021-03-31;2400;646;68850;26774;12.3;4.8
84;2021-04-01;3020;574;71870;27348;12.8;4.9
84;2021-04-02;2450;530;74320;27878;13.2;5.0
84;2021-04-03;509;28;74829;27906;13.3;5.0
84;2021-04-04;12;0;74841;27906;13.3;5.0
84;2021-04-05;812;102;75653;28008;13.5;5.0
84;2021-04-06;2142;841;77795;28849;13.9;5.1
84;2021-04-07;2403;864;80198;29713;14.3;5.3
84;2021-04-08;3651;1036;83849;30749;14.9;5.5
84;2021-04-09;4116;944;87965;31693;15.7;5.6
84;2021-04-10;1308;130;89273;31823;15.9;5.7
84;2021-04-11;37;12;89310;31835;15.9;5.7
84;2021-04-12;2091;805;91401;32640;16.3;5.8
84;2021-04-13;2939;1369;94340;34009;16.8;6.1
84;2021-04-14;2811;1355;97151;35364;17.3;6.3
84;2021-04-15;3271;1418;100422;36782;17.9;6.6
84;2021-04-16;3429;1552;103851;38334;18.5;6.8
84;2021-04-17;1666;197;105517;38531;18.8;6.9
84;2021-04-18;38;0;105555;38531;18.8;6.9
84;2021-04-19;2505;921;108060;39452;19.3;7.0
84;2021-04-20;2626;1530;110686;40982;19.7;7.3
84;2021-04-21;2649;1488;113335;42470;20.2;7.6
84;2021-04-22;3011;1738;116346;44208;20.7;7.9
84;2021-04-23;3034;1900;119380;46108;21.3;8.2
84;2021-04-24;1530;288;120910;46396;21.6;8.3
84;2021-04-25;27;2;120937;46398;21.6;8.3
84;2021-04-26;2191;1370;123128;47768;21.9;8.5
84;2021-04-27;2553;1987;125681;49755;22.4;8.9
84;2021-04-28;2816;1842;128497;51597;22.9;9.2
84;2021-04-29;3420;2031;131917;53628;23.5;9.6
84;2021-04-30;3134;2425;135051;56053;24.1;10.0
84;2021-05-01;457;258;135508;56311;24.2;10.0
84;2021-05-02;2;0;135510;56311;24.2;10.0
84;2021-05-03;2165;1633;137675;57944;24.5;10.3
84;2021-05-04;2489;2531;140164;60475;25.0;10.8
84;2021-05-05;2353;2218;142517;62693;25.4;11.2
84;2021-05-06;3223;2255;145740;64948;26.0;11.6
84;2021-05-07;2767;2560;148507;67508;26.5;12.0
84;2021-05-08;1158;527;149665;68035;26.7;12.1
84;2021-05-09;6;52;149671;68087;26.7;12.1
84;2021-05-10;2158;2458;151829;70545;27.1;12.6
84;2021-05-11;2908;3166;154737;73711;27.6;13.1
84;2021-05-12;2849;2926;157586;76637;28.1;13.7
84;2021-05-13;2160;845;159746;77482;28.5;13.8
84;2021-05-14;2727;2034;162473;79516;29.0;14.2
84;2021-05-15;2003;986;164476;80502;29.3;14.3
84;2021-05-16;1341;185;165817;80687;29.6;14.4
84;2021-05-17;2223;2155;168040;82842;30.0;14.8
84;2021-05-18;2904;2107;170944;84949;30.5;15.1
84;2021-05-19;3233;1665;174177;86614;31.0;15.4
84;2021-05-20;3699;2207;177876;88821;31.7;15.8
84;2021-05-21;3470;2334;181346;91155;32.3;16.2
84;2021-05-22;1584;680;182930;91835;32.6;16.4
84;2021-05-23;6;9;182936;91844;32.6;16.4
84;2021-05-24;1840;426;184776;92270;32.9;16.4
84;2021-05-25;2983;2184;187759;94454;33.5;16.8
84;2021-05-26;3076;2086;190835;96540;34.0;17.2
84;2021-05-27;3857;2322;194692;98862;34.7;17.6
84;2021-05-28;3183;3305;197875;102167;35.3;18.2
84;2021-05-29;1092;1653;198967;103820;35.5;18.5
84;2021-05-30;8;85;198975;103905;35.5;18.5
84;2021-05-31;2192;2636;201167;106541;35.9;19.0
84;2021-06-01;3145;3157;204312;109698;36.4;19.6
84;2021-06-02;3173;2624;207485;112322;37.0;20.0
84;2021-06-03;4113;2985;211598;115307;37.7;20.6
84;2021-06-04;3616;3040;215214;118347;38.4;21.1
84;2021-06-05;1782;1498;216996;119845;38.7;21.4
84;2021-06-06;988;207;217984;120052;38.9;21.4
84;2021-06-07;2453;2750;220437;122802;39.3;21.9
84;2021-06-08;3318;3050;223755;125852;39.9;22.4
84;2021-06-09;3031;2679;226786;128531;40.4;22.9
84;2021-06-10;3511;2788;230297;131319;41.1;23.4
84;2021-06-11;3024;3062;233321;134381;41.6;24.0
84;2021-06-12;1965;1312;235286;135693;41.9;24.2
84;2021-06-13;414;213;235700;135906;42.0;24.2
84;2021-06-14;1929;3156;237629;139062;42.4;24.8
84;2021-06-15;2575;3457;240204;142519;42.8;25.4
84;2021-06-16;2526;2955;242730;145474;43.3;25.9
84;2021-06-17;2996;3477;245726;148951;43.8;26.6
84;2021-06-18;2424;3550;248150;152501;44.2;27.2
84;2021-06-19;1289;1546;249439;154047;44.5;27.5
84;2021-06-20;549;354;249988;154401;44.6;27.5
84;2021-06-21;1570;3132;251558;157533;44.8;28.1
84;2021-06-22;2164;4014;253722;161547;45.2;28.8
84;2021-06-23;2115;3307;255837;164854;45.6;29.4
84;2021-06-24;2200;3484;258037;168338;46.0;30.0
84;2021-06-25;1837;3886;259874;172224;46.3;30.7
84;2021-06-26;1133;1816;261007;174040;46.5;31.0
84;2021-06-27;295;345;261302;174385;46.6;31.1
84;2021-06-28;1211;3224;262513;177609;46.8;31.7
84;2021-06-29;1480;4047;263993;181656;47.1;32.4
84;2021-06-30;1716;3961;265709;185617;47.4;33.1
84;2021-07-01;1811;3950;267520;189567;47.7;33.8
84;2021-07-02;1752;3897;269272;193464;48.0;34.5
84;2021-07-03;1102;2030;270374;195494;48.2;34.8
84;2021-07-04;394;416;270768;195910;48.3;34.9
84;2021-07-05;1540;3540;272308;199450;48.5;35.6
84;2021-07-06;1631;4166;273939;203616;48.8;36.3
84;2021-07-07;1673;3103;275612;206719;49.1;36.8
84;2021-07-08;2162;3748;277774;210467;49.5;37.5
84;2021-07-09;1870;3969;279644;214436;49.8;38.2
84;2021-07-10;1254;2159;280898;216595;50.1;38.6
84;2021-07-11;356;304;281254;216899;50.1;38.7
84;2021-07-12;1404;3841;282658;220740;50.4;39.3
84;2021-07-13;2333;5010;284991;225750;50.8;40.2
84;2021-07-14;1883;1248;286874;226998;51.1;40.5
84;2021-07-15;2649;4550;289523;231548;51.6;41.3
84;2021-07-16;2775;4598;292298;236146;52.1;42.1
84;2021-07-17;1586;2443;293884;238589;52.4;42.5
84;2021-07-18;1015;550;294899;239139;52.6;42.6
84;2021-07-19;2408;3744;297307;242883;53.0;43.3
84;2021-07-20;2947;4163;300254;247046;53.5;44.0
84;2021-07-21;3179;3657;303433;250703;54.1;44.7
84;2021-07-22;3781;3790;307214;254493;54.8;45.4
84;2021-07-23;3514;3675;310728;258168;55.4;46.0
84;2021-07-24;1451;2245;312179;260413;55.6;46.4
84;2021-07-25;1032;506;313211;260919;55.8;46.5
84;2021-07-26;2709;3023;315920;263942;56.3;47.0
84;2021-07-27;3430;3564;319350;267506;56.9;47.7
84;2021-07-28;3849;3302;323199;270808;57.6;48.3
84;2021-07-29;4208;3149;327407;273957;58.4;48.8
84;2021-07-30;3998;3314;331405;277271;59.1;49.4
84;2021-07-31;1996;1680;333401;278951;59.4;49.7
84;2021-08-01;815;425;334216;279376;59.6;49.8
84;2021-08-02;2921;2685;337137;282061;60.1;50.3
84;2021-08-03;4077;2784;341214;284845;60.8;50.8
84;2021-08-04;3857;2593;345071;287438;61.5;51.2
84;2021-08-05;3840;2562;348911;290000;62.2;51.7
84;2021-08-06;3672;2850;352583;292850;62.8;52.2
84;2021-08-07;2042;1726;354625;294576;63.2;52.5
84;2021-08-08;384;733;355009;295309;63.3;52.6
84;2021-08-09;2860;2583;357869;297892;63.8;53.1
84;2021-08-10;3715;2937;361584;300829;64.5;53.6
84;2021-08-11;3256;2662;364840;303491;65.0;54.1
84;2021-08-12;3147;2973;367987;306464;65.6;54.6
84;2021-08-13;2873;2683;370860;309147;66.1;55.1
84;2021-08-14;1675;1736;372535;310883;66.4;55.4
84;2021-08-15;286;226;372821;311109;66.5;55.5
84;2021-08-16;2330;3057;375151;314166;66.9;56.0
84;2021-08-17;2694;3250;377845;317416;67.4;56.6
84;2021-08-18;2398;2787;380243;320203;67.8;57.1
84;2021-08-19;2261;3108;382504;323311;68.2;57.6
84;2021-08-20;2156;3290;384660;326601;68.6;58.2
84;2021-08-21;1220;1871;385880;328472;68.8;58.6
84;2021-08-22;168;738;386048;329210;68.8;58.7
85;2020-12-27;1;0;1;0;0.0;0.0
85;2020-12-28;0;0;1;0;0.0;0.0
85;2020-12-29;0;0;1;0;0.0;0.0
85;2020-12-30;0;0;1;0;0.0;0.0
85;2020-12-31;0;0;1;0;0.0;0.0
85;2021-01-01;0;0;1;0;0.0;0.0
85;2021-01-02;0;0;1;0;0.0;0.0
85;2021-01-03;1;0;2;0;0.0;0.0
85;2021-01-04;25;0;27;0;0.0;0.0
85;2021-01-05;62;0;89;0;0.0;0.0
85;2021-01-06;107;1;196;1;0.0;0.0
85;2021-01-07;203;0;399;1;0.1;0.0
85;2021-01-08;293;2;692;3;0.1;0.0
85;2021-01-09;288;1;980;4;0.1;0.0
85;2021-01-10;59;0;1039;4;0.2;0.0
85;2021-01-11;453;0;1492;4;0.2;0.0
85;2021-01-12;586;2;2078;6;0.3;0.0
85;2021-01-13;544;2;2622;8;0.4;0.0
85;2021-01-14;681;4;3303;12;0.5;0.0
85;2021-01-15;438;3;3741;15;0.5;0.0
85;2021-01-16;264;3;4005;18;0.6;0.0
85;2021-01-17;37;0;4042;18;0.6;0.0
85;2021-01-18;999;3;5041;21;0.7;0.0
85;2021-01-19;1427;16;6468;37;0.9;0.0
85;2021-01-20;1874;3;8342;40;1.2;0.0
85;2021-01-21;3222;10;11564;50;1.7;0.0
85;2021-01-22;1696;19;13260;69;1.9;0.0
85;2021-01-23;466;2;13726;71;2.0;0.0
85;2021-01-24;50;0;13776;71;2.0;0.0
85;2021-01-25;577;1;14353;72;2.1;0.0
85;2021-01-26;877;34;15230;106;2.2;0.0
85;2021-01-27;1804;32;17034;138;2.5;0.0
85;2021-01-28;1635;38;18669;176;2.7;0.0
85;2021-01-29;875;63;19544;239;2.9;0.0
85;2021-01-30;149;5;19693;244;2.9;0.0
85;2021-01-31;2;45;19695;289;2.9;0.0
85;2021-02-01;480;103;20175;392;3.0;0.1
85;2021-02-02;537;175;20712;567;3.0;0.1
85;2021-02-03;414;261;21126;828;3.1;0.1
85;2021-02-04;621;265;21747;1093;3.2;0.2
85;2021-02-05;624;265;22371;1358;3.3;0.2
85;2021-02-06;157;245;22528;1603;3.3;0.2
85;2021-02-07;1;0;22529;1603;3.3;0.2
85;2021-02-08;387;652;22916;2255;3.4;0.3
85;2021-02-09;663;1059;23579;3314;3.5;0.5
85;2021-02-10;583;1132;24162;4446;3.5;0.7
85;2021-02-11;1541;3042;25703;7488;3.8;1.1
85;2021-02-12;1012;1262;26715;8750;3.9;1.3
85;2021-02-13;250;502;26965;9252;3.9;1.4
85;2021-02-14;2;132;26967;9384;3.9;1.4
85;2021-02-15;336;813;27303;10197;4.0;1.5
85;2021-02-16;570;1187;27873;11384;4.1;1.7
85;2021-02-17;786;1575;28659;12959;4.2;1.9
85;2021-02-18;1278;1938;29937;14897;4.4;2.2
85;2021-02-19;958;1209;30895;16106;4.5;2.4
85;2021-02-20;174;262;31069;16368;4.5;2.4
85;2021-02-21;1;11;31070;16379;4.5;2.4
85;2021-02-22;814;886;31884;17265;4.7;2.5
85;2021-02-23;828;485;32712;17750;4.8;2.6
85;2021-02-24;756;313;33468;18063;4.9;2.6
85;2021-02-25;1336;401;34804;18464;5.1;2.7
85;2021-02-26;1228;331;36032;18795;5.3;2.8
85;2021-02-27;400;99;36432;18894;5.3;2.8
85;2021-02-28;7;1;36439;18895;5.3;2.8
85;2021-03-01;765;431;37204;19326;5.4;2.8
85;2021-03-02;1100;792;38304;20118;5.6;2.9
85;2021-03-03;843;516;39147;20634;5.7;3.0
85;2021-03-04;1576;1176;40723;21810;6.0;3.2
85;2021-03-05;1739;852;42462;22662;6.2;3.3
85;2021-03-06;1227;131;43689;22793;6.4;3.3
85;2021-03-07;333;35;44022;22828;6.4;3.3
85;2021-03-08;1741;462;45763;23290;6.7;3.4
85;2021-03-09;2239;575;48002;23865;7.0;3.5
85;2021-03-10;1863;653;49865;24518;7.3;3.6
85;2021-03-11;3119;1092;52984;25610;7.8;3.7
85;2021-03-12;2728;868;55712;26478;8.2;3.9
85;2021-03-13;1371;162;57083;26640;8.4;3.9
85;2021-03-14;182;3;57265;26643;8.4;3.9
85;2021-03-15;1919;517;59184;27160;8.7;4.0
85;2021-03-16;1630;519;60814;27679;8.9;4.1
85;2021-03-17;980;525;61794;28204;9.0;4.1
85;2021-03-18;1903;455;63697;28659;9.3;4.2
85;2021-03-19;2200;370;65897;29029;9.6;4.2
85;2021-03-20;1069;178;66966;29207;9.8;4.3
85;2021-03-21;271;5;67237;29212;9.8;4.3
85;2021-03-22;1763;560;69000;29772;10.1;4.4
85;2021-03-23;2421;735;71421;30507;10.5;4.5
85;2021-03-24;2205;532;73626;31039;10.8;4.5
85;2021-03-25;3648;597;77274;31636;11.3;4.6
85;2021-03-26;3359;652;80633;32288;11.8;4.7
85;2021-03-27;1729;123;82362;32411;12.1;4.7
85;2021-03-28;539;4;82901;32415;12.1;4.7
85;2021-03-29;2412;760;85313;33175;12.5;4.9
85;2021-03-30;2862;1024;88175;34199;12.9;5.0
85;2021-03-31;2198;673;90373;34872;13.2;5.1
85;2021-04-01;3876;913;94249;35785;13.8;5.2
85;2021-04-02;2705;1104;96954;36889;14.2;5.4
85;2021-04-03;1413;324;98367;37213;14.4;5.4
85;2021-04-04;324;29;98691;37242;14.4;5.5
85;2021-04-05;104;175;98795;37417;14.5;5.5
85;2021-04-06;2200;1600;100995;39017;14.8;5.7
85;2021-04-07;3091;1190;104086;40207;15.2;5.9
85;2021-04-08;4539;1602;108625;41809;15.9;6.1
85;2021-04-09;4602;1226;113227;43035;16.6;6.3
85;2021-04-10;1867;400;115094;43435;16.8;6.4
85;2021-04-11;27;10;115121;43445;16.9;6.4
85;2021-04-12;4285;1487;119406;44932;17.5;6.6
85;2021-04-13;4833;1873;124239;46805;18.2;6.9
85;2021-04-14;3962;1010;128201;47815;18.8;7.0
85;2021-04-15;5518;1742;133719;49557;19.6;7.3
85;2021-04-16;5241;1540;138960;51097;20.3;7.5
85;2021-04-17;1382;437;140342;51534;20.5;7.5
85;2021-04-18;351;12;140693;51546;20.6;7.5
85;2021-04-19;3367;1701;144060;53247;21.1;7.8
85;2021-04-20;3694;1925;147754;55172;21.6;8.1
85;2021-04-21;2692;1696;150446;56868;22.0;8.3
85;2021-04-22;3803;2234;154249;59102;22.6;8.7
85;2021-04-23;3903;2088;158152;61190;23.1;9.0
85;2021-04-24;1662;1534;159814;62724;23.4;9.2
85;2021-04-25;981;563;160795;63287;23.5;9.3
85;2021-04-26;3590;2350;164385;65637;24.1;9.6
85;2021-04-27;4393;2164;168778;67801;24.7;9.9
85;2021-04-28;5747;1256;174525;69057;25.5;10.1
85;2021-04-29;5634;2005;180159;71062;26.4;10.4
85;2021-04-30;5576;1678;185735;72740;27.2;10.6
85;2021-05-01;1736;637;187471;73377;27.4;10.7
85;2021-05-02;873;471;188344;73848;27.6;10.8
85;2021-05-03;3493;2385;191837;76233;28.1;11.2
85;2021-05-04;3487;3088;195324;79321;28.6;11.6
85;2021-05-05;4532;2168;199856;81489;29.3;11.9
85;2021-05-06;4920;2598;204776;84087;30.0;12.3
85;2021-05-07;3932;3861;208708;87948;30.5;12.9
85;2021-05-08;2246;229;210954;88177;30.9;12.9
85;2021-05-09;1509;184;212463;88361;31.1;12.9
85;2021-05-10;3213;4929;215676;93290;31.6;13.7
85;2021-05-11;4028;4979;219704;98269;32.2;14.4
85;2021-05-12;5019;3935;224723;102204;32.9;15.0
85;2021-05-13;5145;613;229868;102817;33.6;15.0
85;2021-05-14;4356;3167;234224;105984;34.3;15.5
85;2021-05-15;2327;776;236551;106760;34.6;15.6
85;2021-05-16;2213;162;238764;106922;34.9;15.7
85;2021-05-17;4146;3378;242910;110300;35.6;16.1
85;2021-05-18;5215;2855;248125;113155;36.3;16.6
85;2021-05-19;6493;1766;254618;114921;37.3;16.8
85;2021-05-20;6775;2178;261393;117099;38.3;17.1
85;2021-05-21;5499;2746;266892;119845;39.1;17.5
85;2021-05-22;2584;754;269476;120599;39.4;17.7
85;2021-05-23;1329;161;270805;120760;39.6;17.7
85;2021-05-24;4572;436;275377;121196;40.3;17.7
85;2021-05-25;4517;3566;279894;124762;41.0;18.3
85;2021-05-26;4947;2678;284841;127440;41.7;18.7
85;2021-05-27;4961;3693;289802;131133;42.4;19.2
85;2021-05-28;5253;4066;295055;135199;43.2;19.8
85;2021-05-29;3962;1528;299017;136727;43.8;20.0
85;2021-05-30;1292;125;300309;136852;44.0;20.0
85;2021-05-31;4689;3382;304998;140234;44.6;20.5
85;2021-06-01;5404;3399;310402;143633;45.4;21.0
85;2021-06-02;5557;2521;315959;146154;46.2;21.4
85;2021-06-03;5917;3235;321876;149389;47.1;21.9
85;2021-06-04;5837;3822;327713;153211;48.0;22.4
85;2021-06-05;2848;1942;330561;155153;48.4;22.7
85;2021-06-06;1510;803;332071;155956;48.6;22.8
85;2021-06-07;3237;4860;335308;160816;49.1;23.5
85;2021-06-08;4093;4528;339401;165344;49.7;24.2
85;2021-06-09;4848;3515;344249;168859;50.4;24.7
85;2021-06-10;5199;3705;349448;172564;51.1;25.3
85;2021-06-11;4507;4662;353955;177226;51.8;25.9
85;2021-06-12;1492;1799;355447;179025;52.0;26.2
85;2021-06-13;1220;672;356667;179697;52.2;26.3
85;2021-06-14;2680;5093;359347;184790;52.6;27.0
85;2021-06-15;3714;4934;363061;189724;53.1;27.8
85;2021-06-16;4083;3906;367144;193630;53.7;28.3
85;2021-06-17;3940;3897;371084;197527;54.3;28.9
85;2021-06-18;3626;5681;374710;203208;54.8;29.7
85;2021-06-19;1214;2030;375924;205238;55.0;30.0
85;2021-06-20;140;521;376064;205759;55.0;30.1
85;2021-06-21;2376;5812;378440;211571;55.4;31.0
85;2021-06-22;2848;5733;381288;217304;55.8;31.8
85;2021-06-23;3391;4499;384679;221803;56.3;32.5
85;2021-06-24;3641;4559;388320;226362;56.8;33.1
85;2021-06-25;2289;6178;390609;232540;57.2;34.0
85;2021-06-26;791;3761;391400;236301;57.3;34.6
85;2021-06-27;125;1370;391525;237671;57.3;34.8
85;2021-06-28;1186;6717;392711;244388;57.5;35.8
85;2021-06-29;1757;6875;394468;251263;57.7;36.8
85;2021-06-30;2213;6201;396681;257464;58.1;37.7
85;2021-07-01;2842;6058;399523;263522;58.5;38.6
85;2021-07-02;2269;7013;401792;270535;58.8;39.6
85;2021-07-03;617;3165;402409;273700;58.9;40.1
85;2021-07-04;145;1086;402554;274786;58.9;40.2
85;2021-07-05;1064;6651;403618;281437;59.1;41.2
85;2021-07-06;1581;6458;405199;287895;59.3;42.1
85;2021-07-07;1650;5863;406849;293758;59.6;43.0
85;2021-07-08;2166;5442;409015;299200;59.9;43.8
85;2021-07-09;1648;7098;410663;306298;60.1;44.8
85;2021-07-10;565;2838;411228;309136;60.2;45.2
85;2021-07-11;529;1288;411757;310424;60.3;45.4
85;2021-07-12;1409;7049;413166;317473;60.5;46.5
85;2021-07-13;2061;7391;415227;324864;60.8;47.6
85;2021-07-14;1453;2049;416680;326913;61.0;47.9
85;2021-07-15;2679;6940;419359;333853;61.4;48.9
85;2021-07-16;3429;6834;422788;340687;61.9;49.9
85;2021-07-17;1563;2152;424351;342839;62.1;50.2
85;2021-07-18;1148;1154;425499;343993;62.3;50.4
85;2021-07-19;3552;6234;429051;350227;62.8;51.3
85;2021-07-20;4298;6215;433349;356442;63.4;52.2
85;2021-07-21;3992;6198;437341;362640;64.0;53.1
85;2021-07-22;3905;6186;441246;368826;64.6;54.0
85;2021-07-23;4529;6714;445775;375540;65.2;55.0
85;2021-07-24;1044;2297;446819;377837;65.4;55.3
85;2021-07-25;491;304;447310;378141;65.5;55.3
85;2021-07-26;4503;5360;451813;383501;66.1;56.1
85;2021-07-27;5307;5396;457120;388897;66.9;56.9
85;2021-07-28;4955;4978;462075;393875;67.6;57.7
85;2021-07-29;5868;4740;467943;398615;68.5;58.3
85;2021-07-30;6009;4954;473952;403569;69.4;59.1
85;2021-07-31;1228;1577;475180;405146;69.6;59.3
85;2021-08-01;467;195;475647;405341;69.6;59.3
85;2021-08-02;4930;3954;480577;409295;70.3;59.9
85;2021-08-03;6502;3351;487079;412646;71.3;60.4
85;2021-08-04;6606;3420;493685;416066;72.3;60.9
85;2021-08-05;6162;3599;499847;419665;73.2;61.4
85;2021-08-06;5786;4513;505633;424178;74.0;62.1
85;2021-08-07;1503;1178;507136;425356;74.2;62.3
85;2021-08-08;329;231;507465;425587;74.3;62.3
85;2021-08-09;4116;3275;511581;428862;74.9;62.8
85;2021-08-10;4782;3416;516363;432278;75.6;63.3
85;2021-08-11;4650;4205;521013;436483;76.3;63.9
85;2021-08-12;4451;4294;525464;440777;76.9;64.5
85;2021-08-13;3821;3640;529285;444417;77.5;65.1
85;2021-08-14;1015;1091;530300;445508;77.6;65.2
85;2021-08-15;160;239;530460;445747;77.6;65.2
85;2021-08-16;2835;4768;533295;450515;78.1;65.9
85;2021-08-17;2960;4348;536255;454863;78.5;66.6
85;2021-08-18;3138;4093;539393;458956;79.0;67.2
85;2021-08-19;2725;4266;542118;463222;79.4;67.8
85;2021-08-20;2468;5220;544586;468442;79.7;68.6
85;2021-08-21;688;1390;545274;469832;79.8;68.8
85;2021-08-22;343;1017;545617;470849;79.9;68.9
86;2020-12-27;0;0;0;0;0.0;0.0
86;2020-12-28;1;0;1;0;0.0;0.0
86;2020-12-29;1;0;2;0;0.0;0.0
86;2020-12-30;0;0;2;0;0.0;0.0
86;2020-12-31;0;0;2;0;0.0;0.0
86;2021-01-01;0;0;2;0;0.0;0.0
86;2021-01-02;0;0;2;0;0.0;0.0
86;2021-01-03;2;0;4;0;0.0;0.0
86;2021-01-04;0;0;4;0;0.0;0.0
86;2021-01-05;1;0;5;0;0.0;0.0
86;2021-01-06;178;0;183;0;0.0;0.0
86;2021-01-07;672;0;855;0;0.2;0.0
86;2021-01-08;609;3;1464;3;0.3;0.0
86;2021-01-09;0;0;1464;3;0.3;0.0
86;2021-01-10;173;0;1637;3;0.4;0.0
86;2021-01-11;305;0;1942;3;0.4;0.0
86;2021-01-12;459;0;2401;3;0.5;0.0
86;2021-01-13;336;0;2737;3;0.6;0.0
86;2021-01-14;551;1;3288;4;0.8;0.0
86;2021-01-15;542;1;3830;5;0.9;0.0
86;2021-01-16;2;0;3832;5;0.9;0.0
86;2021-01-17;0;0;3832;5;0.9;0.0
86;2021-01-18;564;0;4396;5;1.0;0.0
86;2021-01-19;1914;1;6310;6;1.4;0.0
86;2021-01-20;1459;20;7769;26;1.8;0.0
86;2021-01-21;1292;0;9061;26;2.1;0.0
86;2021-01-22;833;0;9894;26;2.3;0.0
86;2021-01-23;313;0;10207;26;2.3;0.0
86;2021-01-24;0;0;10207;26;2.3;0.0
86;2021-01-25;583;109;10790;135;2.5;0.0
86;2021-01-26;750;122;11540;257;2.6;0.1
86;2021-01-27;764;156;12304;413;2.8;0.1
86;2021-01-28;1048;425;13352;838;3.1;0.2
86;2021-01-29;880;219;14232;1057;3.3;0.2
86;2021-01-30;275;103;14507;1160;3.3;0.3
86;2021-01-31;57;157;14564;1317;3.3;0.3
86;2021-02-01;433;207;14997;1524;3.4;0.3
86;2021-02-02;573;386;15570;1910;3.6;0.4
86;2021-02-03;525;224;16095;2134;3.7;0.5
86;2021-02-04;478;365;16573;2499;3.8;0.6
86;2021-02-05;438;742;17011;3241;3.9;0.7
86;2021-02-06;148;205;17159;3446;3.9;0.8
86;2021-02-07;120;8;17279;3454;4.0;0.8
86;2021-02-08;361;328;17640;3782;4.0;0.9
86;2021-02-09;751;1122;18391;4904;4.2;1.1
86;2021-02-10;978;942;19369;5846;4.4;1.3
86;2021-02-11;1005;975;20374;6821;4.7;1.6
86;2021-02-12;745;380;21119;7201;4.8;1.6
86;2021-02-13;191;95;21310;7296;4.9;1.7
86;2021-02-14;1;34;21311;7330;4.9;1.7
86;2021-02-15;244;507;21555;7837;4.9;1.8
86;2021-02-16;384;866;21939;8703;5.0;2.0
86;2021-02-17;453;897;22392;9600;5.1;2.2
86;2021-02-18;422;874;22814;10474;5.2;2.4
86;2021-02-19;601;641;23415;11115;5.4;2.5
86;2021-02-20;115;176;23530;11291;5.4;2.6
86;2021-02-21;1;0;23531;11291;5.4;2.6
86;2021-02-22;240;427;23771;11718;5.4;2.7
86;2021-02-23;369;605;24140;12323;5.5;2.8
86;2021-02-24;408;587;24548;12910;5.6;3.0
86;2021-02-25;902;667;25450;13577;5.8;3.1
86;2021-02-26;1030;539;26480;14116;6.1;3.2
86;2021-02-27;460;151;26940;14267;6.2;3.3
86;2021-02-28;3;2;26943;14269;6.2;3.3
86;2021-03-01;232;526;27175;14795;6.2;3.4
86;2021-03-02;1142;852;28317;15647;6.5;3.6
86;2021-03-03;792;627;29109;16274;6.7;3.7
86;2021-03-04;1495;621;30604;16895;7.0;3.9
86;2021-03-05;1578;314;32182;17209;7.4;3.9
86;2021-03-06;995;169;33177;17378;7.6;4.0
86;2021-03-07;371;32;33548;17410;7.7;4.0
86;2021-03-08;472;541;34020;17951;7.8;4.1
86;2021-03-09;1368;530;35388;18481;8.1;4.2
86;2021-03-10;948;610;36336;19091;8.3;4.4
86;2021-03-11;1798;476;38134;19567;8.7;4.5
86;2021-03-12;2206;436;40340;20003;9.2;4.6
86;2021-03-13;1445;101;41785;20104;9.6;4.6
86;2021-03-14;133;16;41918;20120;9.6;4.6
86;2021-03-15;784;159;42702;20279;9.8;4.6
86;2021-03-16;847;203;43549;20482;10.0;4.7
86;2021-03-17;786;205;44335;20687;10.1;4.7
86;2021-03-18;1005;100;45340;20787;10.4;4.8
86;2021-03-19;2141;323;47481;21110;10.9;4.8
86;2021-03-20;592;133;48073;21243;11.0;4.9
86;2021-03-21;10;0;48083;21243;11.0;4.9
86;2021-03-22;852;277;48935;21520;11.2;4.9
86;2021-03-23;2015;328;50950;21848;11.6;5.0
86;2021-03-24;1556;291;52506;22139;12.0;5.1
86;2021-03-25;2488;352;54994;22491;12.6;5.1
86;2021-03-26;3040;361;58034;22852;13.3;5.2
86;2021-03-27;732;143;58766;22995;13.4;5.3
86;2021-03-28;5;128;58771;23123;13.4;5.3
86;2021-03-29;1260;393;60031;23516;13.7;5.4
86;2021-03-30;2402;820;62433;24336;14.3;5.6
86;2021-03-31;1511;625;63944;24961;14.6;5.7
86;2021-04-01;2243;942;66187;25903;15.1;5.9
86;2021-04-02;1902;556;68089;26459;15.6;6.0
86;2021-04-03;825;323;68914;26782;15.8;6.1
86;2021-04-04;82;108;68996;26890;15.8;6.1
86;2021-04-05;314;5;69310;26895;15.8;6.1
86;2021-04-06;1534;960;70844;27855;16.2;6.4
86;2021-04-07;1633;630;72477;28485;16.6;6.5
86;2021-04-08;2567;760;75044;29245;17.2;6.7
86;2021-04-09;3251;650;78295;29895;17.9;6.8
86;2021-04-10;1663;191;79958;30086;18.3;6.9
86;2021-04-11;442;10;80400;30096;18.4;6.9
86;2021-04-12;821;766;81221;30862;18.6;7.1
86;2021-04-13;2452;940;83673;31802;19.1;7.3
86;2021-04-14;1871;878;85544;32680;19.6;7.5
86;2021-04-15;2276;727;87820;33407;20.1;7.6
86;2021-04-16;2472;1226;90292;34633;20.6;7.9
86;2021-04-17;1039;262;91331;34895;20.9;8.0
86;2021-04-18;119;4;91450;34899;20.9;8.0
86;2021-04-19;745;794;92195;35693;21.1;8.2
86;2021-04-20;2300;1501;94495;37194;21.6;8.5
86;2021-04-21;2108;1126;96603;38320;22.1;8.8
86;2021-04-22;2331;1446;98934;39766;22.6;9.1
86;2021-04-23;2393;1579;101327;41345;23.2;9.5
86;2021-04-24;1300;510;102627;41855;23.5;9.6
86;2021-04-25;825;26;103452;41881;23.7;9.6
86;2021-04-26;2079;891;105531;42772;24.1;9.8
86;2021-04-27;3156;1670;108687;44442;24.8;10.2
86;2021-04-28;3004;1522;111691;45964;25.5;10.5
86;2021-04-29;3557;1833;115248;47797;26.3;10.9
86;2021-04-30;2970;1485;118218;49282;27.0;11.3
86;2021-05-01;1580;198;119798;49480;27.4;11.3
86;2021-05-02;1280;44;121078;49524;27.7;11.3
86;2021-05-03;2562;1005;123640;50529;28.3;11.6
86;2021-05-04;3510;1902;127150;52431;29.1;12.0
86;2021-05-05;3991;1482;131141;53913;30.0;12.3
86;2021-05-06;4292;1658;135433;55571;31.0;12.7
86;2021-05-07;4047;1824;139480;57395;31.9;13.1
86;2021-05-08;1976;398;141456;57793;32.3;13.2
86;2021-05-09;1642;203;143098;57996;32.7;13.3
86;2021-05-10;1957;1174;145055;59170;33.2;13.5
86;2021-05-11;3605;2688;148660;61858;34.0;14.1
86;2021-05-12;2250;1651;150910;63509;34.5;14.5
86;2021-05-13;1685;298;152595;63807;34.9;14.6
86;2021-05-14;2098;790;154693;64597;35.4;14.8
86;2021-05-15;1467;503;156160;65100;35.7;14.9
86;2021-05-16;778;164;156938;65264;35.9;14.9
86;2021-05-17;3221;1063;160159;66327;36.6;15.2
86;2021-05-18;4307;1666;164466;67993;37.6;15.5
86;2021-05-19;3590;1437;168056;69430;38.4;15.9
86;2021-05-20;4375;1624;172431;71054;39.4;16.2
86;2021-05-21;3439;1773;175870;72827;40.2;16.7
86;2021-05-22;2076;664;177946;73491;40.7;16.8
86;2021-05-23;1439;183;179385;73674;41.0;16.8
86;2021-05-24;1848;203;181233;73877;41.4;16.9
86;2021-05-25;2849;1641;184082;75518;42.1;17.3
86;2021-05-26;2727;1526;186809;77044;42.7;17.6
86;2021-05-27;3545;1847;190354;78891;43.5;18.0
86;2021-05-28;2163;2538;192517;81429;44.0;18.6
86;2021-05-29;1527;1287;194044;82716;44.4;18.9
86;2021-05-30;934;133;194978;82849;44.6;18.9
86;2021-05-31;1922;1821;196900;84670;45.0;19.4
86;2021-06-01;2665;2593;199565;87263;45.6;20.0
86;2021-06-02;2301;2667;201866;89930;46.2;20.6
86;2021-06-03;3336;2415;205202;92345;46.9;21.1
86;2021-06-04;2239;2863;207441;95208;47.4;21.8
86;2021-06-05;1502;1578;208943;96786;47.8;22.1
86;2021-06-06;819;899;209762;97685;48.0;22.3
86;2021-06-07;1118;2466;210880;100151;48.2;22.9
86;2021-06-08;1989;3699;212869;103850;48.7;23.7
86;2021-06-09;1902;3320;214771;107170;49.1;24.5
86;2021-06-10;2352;3242;217123;110412;49.6;25.2
86;2021-06-11;1517;2791;218640;113203;50.0;25.9
86;2021-06-12;746;2245;219386;115448;50.2;26.4
86;2021-06-13;214;1477;219600;116925;50.2;26.7
86;2021-06-14;1159;2904;220759;119829;50.5;27.4
86;2021-06-15;1688;4262;222447;124091;50.9;28.4
86;2021-06-16;1809;3132;224256;127223;51.3;29.1
86;2021-06-17;1776;4447;226032;131670;51.7;30.1
86;2021-06-18;1883;4591;227915;136261;52.1;31.2
86;2021-06-19;636;2101;228551;138362;52.3;31.6
86;2021-06-20;174;1319;228725;139681;52.3;31.9
86;2021-06-21;1106;2239;229831;141920;52.5;32.4
86;2021-06-22;1298;3459;231129;145379;52.8;33.2
86;2021-06-23;1364;2401;232493;147780;53.2;33.8
86;2021-06-24;1590;2724;234083;150504;53.5;34.4
86;2021-06-25;1193;3552;235276;154056;53.8;35.2
86;2021-06-26;391;2651;235667;156707;53.9;35.8
86;2021-06-27;138;1633;235805;158340;53.9;36.2
86;2021-06-28;270;3343;236075;161683;54.0;37.0
86;2021-06-29;858;4604;236933;166287;54.2;38.0
86;2021-06-30;1050;2974;237983;169261;54.4;38.7
86;2021-07-01;1540;3005;239523;172266;54.8;39.4
86;2021-07-02;1108;3644;240631;175910;55.0;40.2
86;2021-07-03;517;2394;241148;178304;55.1;40.8
86;2021-07-04;116;1347;241264;179651;55.2;41.1
86;2021-07-05;469;2832;241733;182483;55.3;41.7
86;2021-07-06;989;4103;242722;186586;55.5;42.7
86;2021-07-07;1260;2628;243982;189214;55.8;43.3
86;2021-07-08;1618;3150;245600;192364;56.2;44.0
86;2021-07-09;1744;3083;247344;195447;56.5;44.7
86;2021-07-10;1302;1952;248646;197399;56.8;45.1
86;2021-07-11;482;839;249128;198238;57.0;45.3
86;2021-07-12;849;2404;249977;200642;57.2;45.9
86;2021-07-13;1776;3367;251753;204009;57.6;46.6
86;2021-07-14;783;1232;252536;205241;57.7;46.9
86;2021-07-15;1883;3292;254419;208533;58.2;47.7
86;2021-07-16;1672;2664;256091;211197;58.5;48.3
86;2021-07-17;1350;1600;257441;212797;58.9;48.7
86;2021-07-18;378;906;257819;213703;58.9;48.9
86;2021-07-19;1376;1886;259195;215589;59.3;49.3
86;2021-07-20;2341;2732;261536;218321;59.8;49.9
86;2021-07-21;2300;2160;263836;220481;60.3;50.4
86;2021-07-22;2898;2793;266734;223274;61.0;51.0
86;2021-07-23;2463;2164;269197;225438;61.5;51.5
86;2021-07-24;1540;1222;270737;226660;61.9;51.8
86;2021-07-25;713;322;271450;226982;62.1;51.9
86;2021-07-26;1587;2105;273037;229087;62.4;52.4
86;2021-07-27;3545;2754;276582;231841;63.2;53.0
86;2021-07-28;3267;2134;279849;233975;64.0;53.5
86;2021-07-29;3261;2541;283110;236516;64.7;54.1
86;2021-07-30;2235;2380;285345;238896;65.2;54.6
86;2021-07-31;1420;1057;286765;239953;65.6;54.9
86;2021-08-01;646;336;287411;240289;65.7;54.9
86;2021-08-02;1926;1680;289337;241969;66.1;55.3
86;2021-08-03;3266;1992;292603;243961;66.9;55.8
86;2021-08-04;2729;1784;295332;245745;67.5;56.2
86;2021-08-05;3545;2052;298877;247797;68.3;56.7
86;2021-08-06;2364;1759;301241;249556;68.9;57.1
86;2021-08-07;1568;996;302809;250552;69.2;57.3
86;2021-08-08;946;550;303755;251102;69.4;57.4
86;2021-08-09;1874;1298;305629;252400;69.9;57.7
86;2021-08-10;2672;1781;308301;254181;70.5;58.1
86;2021-08-11;2350;1437;310651;255618;71.0;58.4
86;2021-08-12;2471;1831;313122;257449;71.6;58.9
86;2021-08-13;1824;1487;314946;258936;72.0;59.2
86;2021-08-14;1327;1150;316273;260086;72.3;59.5
86;2021-08-15;561;620;316834;260706;72.4;59.6
86;2021-08-16;1137;1788;317971;262494;72.7;60.0
86;2021-08-17;1551;2215;319522;264709;73.1;60.5
86;2021-08-18;1249;1842;320771;266551;73.3;60.9
86;2021-08-19;1494;2629;322265;269180;73.7;61.5
86;2021-08-20;1241;2592;323506;271772;74.0;62.1
86;2021-08-21;865;2003;324371;273775;74.2;62.6
86;2021-08-22;335;717;324706;274492;74.2;62.8
87;2020-12-27;0;0;0;0;0.0;0.0
87;2020-12-28;1;0;1;0;0.0;0.0
87;2020-12-29;0;0;1;0;0.0;0.0
87;2020-12-30;0;0;1;0;0.0;0.0
87;2020-12-31;0;0;1;0;0.0;0.0
87;2021-01-01;0;0;1;0;0.0;0.0
87;2021-01-02;0;0;1;0;0.0;0.0
87;2021-01-03;0;0;1;0;0.0;0.0
87;2021-01-04;1;0;2;0;0.0;0.0
87;2021-01-05;1;0;3;0;0.0;0.0
87;2021-01-06;10;0;13;0;0.0;0.0
87;2021-01-07;301;0;314;0;0.1;0.0
87;2021-01-08;407;0;721;0;0.2;0.0
87;2021-01-09;64;0;785;0;0.2;0.0
87;2021-01-10;35;0;820;0;0.2;0.0
87;2021-01-11;424;0;1244;0;0.3;0.0
87;2021-01-12;652;0;1896;0;0.5;0.0
87;2021-01-13;660;3;2556;3;0.7;0.0
87;2021-01-14;517;11;3073;14;0.8;0.0
87;2021-01-15;533;3;3606;17;1.0;0.0
87;2021-01-16;204;1;3810;18;1.0;0.0
87;2021-01-17;1;0;3811;18;1.0;0.0
87;2021-01-18;646;4;4457;22;1.2;0.0
87;2021-01-19;655;1;5112;23;1.4;0.0
87;2021-01-20;674;3;5786;26;1.6;0.0
87;2021-01-21;717;1;6503;27;1.8;0.0
87;2021-01-22;758;4;7261;31;2.0;0.0
87;2021-01-23;286;0;7547;31;2.0;0.0
87;2021-01-24;0;0;7547;31;2.0;0.0
87;2021-01-25;620;10;8167;41;2.2;0.0
87;2021-01-26;570;53;8737;94;2.4;0.0
87;2021-01-27;572;40;9309;134;2.5;0.0
87;2021-01-28;857;110;10166;244;2.7;0.1
87;2021-01-29;740;272;10906;516;2.9;0.1
87;2021-01-30;327;75;11233;591;3.0;0.2
87;2021-01-31;34;71;11267;662;3.0;0.2
87;2021-02-01;413;310;11680;972;3.2;0.3
87;2021-02-02;452;482;12132;1454;3.3;0.4
87;2021-02-03;540;422;12672;1876;3.4;0.5
87;2021-02-04;613;594;13285;2470;3.6;0.7
87;2021-02-05;342;383;13627;2853;3.7;0.8
87;2021-02-06;53;154;13680;3007;3.7;0.8
87;2021-02-07;20;0;13700;3007;3.7;0.8
87;2021-02-08;245;445;13945;3452;3.8;0.9
87;2021-02-09;218;544;14163;3996;3.8;1.1
87;2021-02-10;262;626;14425;4622;3.9;1.2
87;2021-02-11;286;539;14711;5161;4.0;1.4
87;2021-02-12;287;556;14998;5717;4.0;1.5
87;2021-02-13;25;168;15023;5885;4.1;1.6
87;2021-02-14;0;3;15023;5888;4.1;1.6
87;2021-02-15;237;388;15260;6276;4.1;1.7
87;2021-02-16;330;330;15590;6606;4.2;1.8
87;2021-02-17;330;380;15920;6986;4.3;1.9
87;2021-02-18;477;646;16397;7632;4.4;2.1
87;2021-02-19;402;482;16799;8114;4.5;2.2
87;2021-02-20;123;196;16922;8310;4.6;2.2
87;2021-02-21;2;9;16924;8319;4.6;2.2
87;2021-02-22;438;576;17362;8895;4.7;2.4
87;2021-02-23;556;633;17918;9528;4.8;2.6
87;2021-02-24;450;601;18368;10129;5.0;2.7
87;2021-02-25;790;707;19158;10836;5.2;2.9
87;2021-02-26;840;477;19998;11313;5.4;3.1
87;2021-02-27;405;212;20403;11525;5.5;3.1
87;2021-02-28;3;0;20406;11525;5.5;3.1
87;2021-03-01;518;370;20924;11895;5.6;3.2
87;2021-03-02;1031;386;21955;12281;5.9;3.3
87;2021-03-03;1174;353;23129;12634;6.2;3.4
87;2021-03-04;1406;338;24535;12972;6.6;3.5
87;2021-03-05;1770;284;26305;13256;7.1;3.6
87;2021-03-06;1046;40;27351;13296;7.4;3.6
87;2021-03-07;257;6;27608;13302;7.4;3.6
87;2021-03-08;864;244;28472;13546;7.7;3.7
87;2021-03-09;1288;231;29760;13777;8.0;3.7
87;2021-03-10;1299;233;31059;14010;8.4;3.8
87;2021-03-11;1754;253;32813;14263;8.8;3.8
87;2021-03-12;2129;290;34942;14553;9.4;3.9
87;2021-03-13;1309;20;36251;14573;9.8;3.9
87;2021-03-14;80;1;36331;14574;9.8;3.9
87;2021-03-15;990;357;37321;14931;10.1;4.0
87;2021-03-16;1061;243;38382;15174;10.4;4.1
87;2021-03-17;1070;220;39452;15394;10.6;4.2
87;2021-03-18;1181;343;40633;15737;11.0;4.2
87;2021-03-19;1682;278;42315;16015;11.4;4.3
87;2021-03-20;923;85;43238;16100;11.7;4.3
87;2021-03-21;32;0;43270;16100;11.7;4.3
87;2021-03-22;1049;382;44319;16482;12.0;4.4
87;2021-03-23;1385;431;45704;16913;12.3;4.6
87;2021-03-24;1508;367;47212;17280;12.7;4.7
87;2021-03-25;2500;395;49712;17675;13.4;4.8
87;2021-03-26;2531;455;52243;18130;14.1;4.9
87;2021-03-27;889;125;53132;18255;14.3;4.9
87;2021-03-28;269;18;53401;18273;14.4;4.9
87;2021-03-29;1118;417;54519;18690;14.7;5.0
87;2021-03-30;1908;666;56427;19356;15.2;5.2
87;2021-03-31;1658;693;58085;20049;15.7;5.4
87;2021-04-01;2239;572;60324;20621;16.3;5.6
87;2021-04-02;1842;634;62166;21255;16.8;5.7
87;2021-04-03;455;265;62621;21520;16.9;5.8
87;2021-04-04;2;0;62623;21520;16.9;5.8
87;2021-04-05;82;1;62705;21521;16.9;5.8
87;2021-04-06;1000;906;63705;22427;17.2;6.0
87;2021-04-07;1486;926;65191;23353;17.6;6.3
87;2021-04-08;1785;1033;66976;24386;18.1;6.6
87;2021-04-09;2646;736;69622;25122;18.8;6.8
87;2021-04-10;1190;306;70812;25428;19.1;6.9
87;2021-04-11;68;0;70880;25428;19.1;6.9
87;2021-04-12;1618;826;72498;26254;19.6;7.1
87;2021-04-13;2290;1061;74788;27315;20.2;7.4
87;2021-04-14;2528;1186;77316;28501;20.9;7.7
87;2021-04-15;2223;1075;79539;29576;21.5;8.0
87;2021-04-16;2735;1073;82274;30649;22.2;8.3
87;2021-04-17;731;385;83005;31034;22.4;8.4
87;2021-04-18;111;141;83116;31175;22.4;8.4
87;2021-04-19;1658;835;84774;32010;22.9;8.6
87;2021-04-20;2085;880;86859;32890;23.4;8.9
87;2021-04-21;2294;992;89153;33882;24.0;9.1
87;2021-04-22;2564;1161;91717;35043;24.7;9.5
87;2021-04-23;1997;1181;93714;36224;25.3;9.8
87;2021-04-24;825;620;94539;36844;25.5;9.9
87;2021-04-25;64;103;94603;36947;25.5;10.0
87;2021-04-26;1356;915;95959;37862;25.9;10.2
87;2021-04-27;2398;1206;98357;39068;26.5;10.5
87;2021-04-28;3868;1441;102225;40509;27.6;10.9
87;2021-04-29;3077;1841;105302;42350;28.4;11.4
87;2021-04-30;3174;1359;108476;43709;29.3;11.8
87;2021-05-01;613;58;109089;43767;29.4;11.8
87;2021-05-02;361;5;109450;43772;29.5;11.8
87;2021-05-03;2322;938;111772;44710;30.1;12.1
87;2021-05-04;2906;1071;114678;45781;30.9;12.3
87;2021-05-05;2989;1512;117667;47293;31.7;12.8
87;2021-05-06;2532;1725;120199;49018;32.4;13.2
87;2021-05-07;2944;1719;123143;50737;33.2;13.7
87;2021-05-08;772;294;123915;51031;33.4;13.8
87;2021-05-09;19;133;123934;51164;33.4;13.8
87;2021-05-10;1937;1604;125871;52768;33.9;14.2
87;2021-05-11;2466;1908;128337;54676;34.6;14.7
87;2021-05-12;2620;2066;130957;56742;35.3;15.3
87;2021-05-13;1085;292;132042;57034;35.6;15.4
87;2021-05-14;2244;1772;134286;58806;36.2;15.9
87;2021-05-15;950;407;135236;59213;36.5;16.0
87;2021-05-16;141;73;135377;59286;36.5;16.0
87;2021-05-17;1628;1761;137005;61047;37.0;16.5
87;2021-05-18;2635;1818;139640;62865;37.7;17.0
87;2021-05-19;2820;1552;142460;64417;38.4;17.4
87;2021-05-20;3304;1723;145764;66140;39.3;17.8
87;2021-05-21;2765;1841;148529;67981;40.1;18.3
87;2021-05-22;1457;628;149986;68609;40.5;18.5
87;2021-05-23;210;92;150196;68701;40.5;18.5
87;2021-05-24;1056;142;151252;68843;40.8;18.6
87;2021-05-25;2118;1811;153370;70654;41.4;19.1
87;2021-05-26;3221;2477;156591;73131;42.2;19.7
87;2021-05-27;3024;2356;159615;75487;43.0;20.4
87;2021-05-28;2673;2524;162288;78011;43.8;21.0
87;2021-05-29;1060;1315;163348;79326;44.1;21.4
87;2021-05-30;258;59;163606;79385;44.1;21.4
87;2021-05-31;2287;1359;165893;80744;44.7;21.8
87;2021-06-01;2548;1867;168441;82611;45.4;22.3
87;2021-06-02;2526;1858;170967;84469;46.1;22.8
87;2021-06-03;3210;2530;174177;86999;47.0;23.5
87;2021-06-04;2839;2059;177016;89058;47.7;24.0
87;2021-06-05;1311;576;178327;89634;48.1;24.2
87;2021-06-06;262;95;178589;89729;48.2;24.2
87;2021-06-07;2100;1901;180689;91630;48.7;24.7
87;2021-06-08;2933;2573;183622;94203;49.5;25.4
87;2021-06-09;2305;2813;185927;97016;50.1;26.2
87;2021-06-10;2975;2552;188902;99568;50.9;26.9
87;2021-06-11;2363;3075;191265;102643;51.6;27.7
87;2021-06-12;1220;1104;192485;103747;51.9;28.0
87;2021-06-13;292;484;192777;104231;52.0;28.1
87;2021-06-14;980;2730;193757;106961;52.3;28.8
87;2021-06-15;1361;3320;195118;110281;52.6;29.7
87;2021-06-16;1650;3421;196768;113702;53.1;30.7
87;2021-06-17;2437;2315;199205;116017;53.7;31.3
87;2021-06-18;1790;3018;200995;119035;54.2;32.1
87;2021-06-19;1047;1177;202042;120212;54.5;32.4
87;2021-06-20;205;205;202247;120417;54.5;32.5
87;2021-06-21;1041;2643;203288;123060;54.8;33.2
87;2021-06-22;1030;2882;204318;125942;55.1;34.0
87;2021-06-23;1257;3082;205575;129024;55.4;34.8
87;2021-06-24;1620;2558;207195;131582;55.9;35.5
87;2021-06-25;1449;2713;208644;134295;56.3;36.2
87;2021-06-26;529;1203;209173;135498;56.4;36.5
87;2021-06-27;26;212;209199;135710;56.4;36.6
87;2021-06-28;717;2573;209916;138283;56.6;37.3
87;2021-06-29;1156;3417;211072;141700;56.9;38.2
87;2021-06-30;1122;2650;212194;144350;57.2;38.9
87;2021-07-01;1480;2549;213674;146899;57.6;39.6
87;2021-07-02;1200;3462;214874;150361;58.0;40.6
87;2021-07-03;413;1511;215287;151872;58.1;41.0
87;2021-07-04;24;384;215311;152256;58.1;41.1
87;2021-07-05;686;2395;215997;154651;58.3;41.7
87;2021-07-06;583;3221;216580;157872;58.4;42.6
87;2021-07-07;863;3345;217443;161217;58.6;43.5
87;2021-07-08;1119;3671;218562;164888;58.9;44.5
87;2021-07-09;1111;3699;219673;168587;59.2;45.5
87;2021-07-10;288;1358;219961;169945;59.3;45.8
87;2021-07-11;49;284;220010;170229;59.3;45.9
87;2021-07-12;559;3190;220569;173419;59.5;46.8
87;2021-07-13;832;3514;221401;176933;59.7;47.7
87;2021-07-14;517;539;221918;177472;59.9;47.9
87;2021-07-15;1360;3462;223278;180934;60.2;48.8
87;2021-07-16;1729;3598;225007;184532;60.7;49.8
87;2021-07-17;655;1373;225662;185905;60.9;50.1
87;2021-07-18;81;285;225743;186190;60.9;50.2
87;2021-07-19;1433;3402;227176;189592;61.3;51.1
87;2021-07-20;1806;3592;228982;193184;61.8;52.1
87;2021-07-21;1450;3151;230432;196335;62.1;53.0
87;2021-07-22;1878;3251;232310;199586;62.7;53.8
87;2021-07-23;1865;3172;234175;202758;63.2;54.7
87;2021-07-24;813;1283;234988;204041;63.4;55.0
87;2021-07-25;106;241;235094;204282;63.4;55.1
87;2021-07-26;1538;2326;236632;206608;63.8;55.7
87;2021-07-27;2541;2060;239173;208668;64.5;56.3
87;2021-07-28;2388;2001;241561;210669;65.2;56.8
87;2021-07-29;3001;1993;244562;212662;66.0;57.4
87;2021-07-30;2536;2075;247098;214737;66.6;57.9
87;2021-07-31;1104;837;248202;215574;66.9;58.1
87;2021-08-01;282;150;248484;215724;67.0;58.2
87;2021-08-02;2107;1512;250591;217236;67.6;58.6
87;2021-08-03;2480;1330;253071;218566;68.3;58.9
87;2021-08-04;2305;1062;255376;219628;68.9;59.2
87;2021-08-05;2515;1410;257891;221038;69.6;59.6
87;2021-08-06;2129;1658;260020;222696;70.1;60.1
87;2021-08-07;1101;782;261121;223478;70.4;60.3
87;2021-08-08;206;123;261327;223601;70.5;60.3
87;2021-08-09;1813;1531;263140;225132;71.0;60.7
87;2021-08-10;2192;1535;265332;226667;71.6;61.1
87;2021-08-11;1904;1272;267236;227939;72.1;61.5
87;2021-08-12;2090;1476;269326;229415;72.6;61.9
87;2021-08-13;1717;1632;271043;231047;73.1;62.3
87;2021-08-14;667;731;271710;231778;73.3;62.5
87;2021-08-15;72;104;271782;231882;73.3;62.5
87;2021-08-16;1499;1746;273281;233628;73.7;63.0
87;2021-08-17;1343;1664;274624;235292;74.1;63.5
87;2021-08-18;1241;1998;275865;237290;74.4;64.0
87;2021-08-19;1216;1799;277081;239089;74.7;64.5
87;2021-08-20;909;2200;277990;241289;75.0;65.1
87;2021-08-21;313;963;278303;242252;75.1;65.3
87;2021-08-22;91;234;278394;242486;75.1;65.4
88;2020-12-27;0;0;0;0;0.0;0.0
88;2020-12-28;0;0;0;0;0.0;0.0
88;2020-12-29;0;0;0;0;0.0;0.0
88;2020-12-30;0;0;0;0;0.0;0.0
88;2020-12-31;0;0;0;0;0.0;0.0
88;2021-01-01;2;0;2;0;0.0;0.0
88;2021-01-02;0;0;2;0;0.0;0.0
88;2021-01-03;0;0;2;0;0.0;0.0
88;2021-01-04;0;0;2;0;0.0;0.0
88;2021-01-05;1;0;3;0;0.0;0.0
88;2021-01-06;3;0;6;0;0.0;0.0
88;2021-01-07;71;1;77;1;0.0;0.0
88;2021-01-08;189;2;266;3;0.1;0.0
88;2021-01-09;190;0;456;3;0.1;0.0
88;2021-01-10;0;0;456;3;0.1;0.0
88;2021-01-11;227;0;683;3;0.2;0.0
88;2021-01-12;422;0;1105;3;0.3;0.0
88;2021-01-13;491;2;1596;5;0.4;0.0
88;2021-01-14;346;2;1942;7;0.5;0.0
88;2021-01-15;380;2;2322;9;0.6;0.0
88;2021-01-16;62;0;2384;9;0.7;0.0
88;2021-01-17;1;0;2385;9;0.7;0.0
88;2021-01-18;461;0;2846;9;0.8;0.0
88;2021-01-19;451;0;3297;9;0.9;0.0
88;2021-01-20;461;1;3758;10;1.0;0.0
88;2021-01-21;1544;5;5302;15;1.5;0.0
88;2021-01-22;1181;2;6483;17;1.8;0.0
88;2021-01-23;284;0;6767;17;1.9;0.0
88;2021-01-24;298;2;7065;19;2.0;0.0
88;2021-01-25;938;3;8003;22;2.2;0.0
88;2021-01-26;388;5;8391;27;2.3;0.0
88;2021-01-27;3;0;8394;27;2.3;0.0
88;2021-01-28;162;37;8556;64;2.4;0.0
88;2021-01-29;526;163;9082;227;2.5;0.1
88;2021-01-30;288;127;9370;354;2.6;0.1
88;2021-01-31;0;0;9370;354;2.6;0.1
88;2021-02-01;406;283;9776;637;2.7;0.2
88;2021-02-02;333;364;10109;1001;2.8;0.3
88;2021-02-03;437;241;10546;1242;2.9;0.3
88;2021-02-04;316;229;10862;1471;3.0;0.4
88;2021-02-05;457;252;11319;1723;3.1;0.5
88;2021-02-06;110;56;11429;1779;3.2;0.5
88;2021-02-07;0;0;11429;1779;3.2;0.5
88;2021-02-08;359;204;11788;1983;3.3;0.6
88;2021-02-09;291;288;12079;2271;3.4;0.6
88;2021-02-10;416;348;12495;2619;3.5;0.7
88;2021-02-11;850;1096;13345;3715;3.7;1.0
88;2021-02-12;938;706;14283;4421;4.0;1.2
88;2021-02-13;162;212;14445;4633;4.0;1.3
88;2021-02-14;81;216;14526;4849;4.0;1.3
88;2021-02-15;641;1075;15167;5924;4.2;1.6
88;2021-02-16;472;725;15639;6649;4.3;1.8
88;2021-02-17;456;439;16095;7088;4.5;2.0
88;2021-02-18;516;385;16611;7473;4.6;2.1
88;2021-02-19;535;461;17146;7934;4.8;2.2
88;2021-02-20;156;101;17302;8035;4.8;2.2
88;2021-02-21;1;25;17303;8060;4.8;2.2
88;2021-02-22;425;342;17728;8402;4.9;2.3
88;2021-02-23;403;234;18131;8636;5.0;2.4
88;2021-02-24;506;210;18637;8846;5.2;2.5
88;2021-02-25;675;284;19312;9130;5.4;2.5
88;2021-02-26;863;277;20175;9407;5.6;2.6
88;2021-02-27;269;34;20444;9441;5.7;2.6
88;2021-02-28;30;1;20474;9442;5.7;2.6
88;2021-03-01;359;464;20833;9906;5.8;2.8
88;2021-03-02;431;497;21264;10403;5.9;2.9
88;2021-03-03;649;464;21913;10867;6.1;3.0
88;2021-03-04;1039;755;22952;11622;6.4;3.2
88;2021-03-05;934;703;23886;12325;6.6;3.4
88;2021-03-06;1874;119;25760;12444;7.2;3.5
88;2021-03-07;1058;79;26818;12523;7.5;3.5
88;2021-03-08;726;690;27544;13213;7.7;3.7
88;2021-03-09;1095;535;28639;13748;8.0;3.8
88;2021-03-10;1083;494;29722;14242;8.3;4.0
88;2021-03-11;1441;399;31163;14641;8.7;4.1
88;2021-03-12;1309;488;32472;15129;9.0;4.2
88;2021-03-13;1210;128;33682;15257;9.4;4.2
88;2021-03-14;166;5;33848;15262;9.4;4.2
88;2021-03-15;930;448;34778;15710;9.7;4.4
88;2021-03-16;1024;345;35802;16055;10.0;4.5
88;2021-03-17;902;423;36704;16478;10.2;4.6
88;2021-03-18;1301;400;38005;16878;10.6;4.7
88;2021-03-19;1464;502;39469;17380;11.0;4.8
88;2021-03-20;1317;52;40786;17432;11.3;4.8
88;2021-03-21;37;0;40823;17432;11.4;4.8
88;2021-03-22;1231;544;42054;17976;11.7;5.0
88;2021-03-23;1780;441;43834;18417;12.2;5.1
88;2021-03-24;1876;472;45710;18889;12.7;5.3
88;2021-03-25;2499;490;48209;19379;13.4;5.4
88;2021-03-26;2480;457;50689;19836;14.1;5.5
88;2021-03-27;883;298;51572;20134;14.3;5.6
88;2021-03-28;61;4;51633;20138;14.4;5.6
88;2021-03-29;1305;447;52938;20585;14.7;5.7
88;2021-03-30;2062;394;55000;20979;15.3;5.8
88;2021-03-31;1619;577;56619;21556;15.7;6.0
88;2021-04-01;2117;715;58736;22271;16.3;6.2
88;2021-04-02;2816;641;61552;22912;17.1;6.4
88;2021-04-03;745;215;62297;23127;17.3;6.4
88;2021-04-04;16;1;62313;23128;17.3;6.4
88;2021-04-05;23;2;62336;23130;17.3;6.4
88;2021-04-06;1138;679;63474;23809;17.7;6.6
88;2021-04-07;1600;714;65074;24523;18.1;6.8
88;2021-04-08;1859;787;66933;25310;18.6;7.0
88;2021-04-09;3080;741;70013;26051;19.5;7.2
88;2021-04-10;724;648;70737;26699;19.7;7.4
88;2021-04-11;33;1;70770;26700;19.7;7.4
88;2021-04-12;1539;983;72309;27683;20.1;7.7
88;2021-04-13;2037;1091;74346;28774;20.7;8.0
88;2021-04-14;1911;949;76257;29723;21.2;8.3
88;2021-04-15;1967;1241;78224;30964;21.8;8.6
88;2021-04-16;2108;1048;80332;32012;22.3;8.9
88;2021-04-17;1429;765;81761;32777;22.7;9.1
88;2021-04-18;268;23;82029;32800;22.8;9.1
88;2021-04-19;1174;1236;83203;34036;23.1;9.5
88;2021-04-20;1190;1397;84393;35433;23.5;9.9
88;2021-04-21;1503;1297;85896;36730;23.9;10.2
88;2021-04-22;1899;1630;87795;38360;24.4;10.7
88;2021-04-23;1825;2048;89620;40408;24.9;11.2
88;2021-04-24;1184;782;90804;41190;25.3;11.5
88;2021-04-25;34;2;90838;41192;25.3;11.5
88;2021-04-26;1180;1171;92018;42363;25.6;11.8
88;2021-04-27;1278;1735;93296;44098;26.0;12.3
88;2021-04-28;1634;1497;94930;45595;26.4;12.7
88;2021-04-29;2082;1465;97012;47060;27.0;13.1
88;2021-04-30;2450;1631;99462;48691;27.7;13.5
88;2021-05-01;2008;281;101470;48972;28.2;13.6
88;2021-05-02;1301;123;102771;49095;28.6;13.7
88;2021-05-03;1558;1218;104329;50313;29.0;14.0
88;2021-05-04;1444;1468;105773;51781;29.4;14.4
88;2021-05-05;2427;1598;108200;53379;30.1;14.8
88;2021-05-06;3210;1212;111410;54591;31.0;15.2
88;2021-05-07;2939;1357;114349;55948;31.8;15.6
88;2021-05-08;1532;469;115881;56417;32.2;15.7
88;2021-05-09;1734;156;117615;56573;32.7;15.7
88;2021-05-10;1764;1571;119379;58144;33.2;16.2
88;2021-05-11;2657;1911;122036;60055;33.9;16.7
88;2021-05-12;2531;1853;124567;61908;34.6;17.2
88;2021-05-13;3258;677;127825;62585;35.6;17.4
88;2021-05-14;2501;1541;130326;64126;36.2;17.8
88;2021-05-15;1625;741;131951;64867;36.7;18.0
88;2021-05-16;1333;104;133284;64971;37.1;18.1
88;2021-05-17;1988;947;135272;65918;37.6;18.3
88;2021-05-18;2256;1110;137528;67028;38.3;18.6
88;2021-05-19;2723;1149;140251;68177;39.0;19.0
88;2021-05-20;3346;1237;143597;69414;39.9;19.3
88;2021-05-21;2875;1149;146472;70563;40.7;19.6
88;2021-05-22;1432;714;147904;71277;41.1;19.8
88;2021-05-23;557;74;148461;71351;41.3;19.8
88;2021-05-24;1675;434;150136;71785;41.8;20.0
88;2021-05-25;1647;1174;151783;72959;42.2;20.3
88;2021-05-26;2369;1139;154152;74098;42.9;20.6
88;2021-05-27;2201;1362;156353;75460;43.5;21.0
88;2021-05-28;1892;1990;158245;77450;44.0;21.5
88;2021-05-29;1232;1755;159477;79205;44.4;22.0
88;2021-05-30;587;418;160064;79623;44.5;22.1
88;2021-05-31;1327;1855;161391;81478;44.9;22.7
88;2021-06-01;1720;1988;163111;83466;45.4;23.2
88;2021-06-02;2077;1871;165188;85337;45.9;23.7
88;2021-06-03;2738;1620;167926;86957;46.7;24.2
88;2021-06-04;2043;1935;169969;88892;47.3;24.7
88;2021-06-05;1531;1139;171500;90031;47.7;25.0
88;2021-06-06;693;155;172193;90186;47.9;25.1
88;2021-06-07;1292;1709;173485;91895;48.3;25.6
88;2021-06-08;1666;1933;175151;93828;48.7;26.1
88;2021-06-09;1618;1911;176769;95739;49.2;26.6
88;2021-06-10;1780;2047;178549;97786;49.7;27.2
88;2021-06-11;1549;2217;180098;100003;50.1;27.8
88;2021-06-12;669;1657;180767;101660;50.3;28.3
88;2021-06-13;464;377;181231;102037;50.4;28.4
88;2021-06-14;1030;2249;182261;104286;50.7;29.0
88;2021-06-15;1928;2457;184189;106743;51.2;29.7
88;2021-06-16;1484;2869;185673;109612;51.6;30.5
88;2021-06-17;1600;2727;187273;112339;52.1;31.2
88;2021-06-18;1356;2461;188629;114800;52.5;31.9
88;2021-06-19;701;1090;189330;115890;52.7;32.2
88;2021-06-20;78;79;189408;115969;52.7;32.3
88;2021-06-21;672;2580;190080;118549;52.9;33.0
88;2021-06-22;869;3433;190949;121982;53.1;33.9
88;2021-06-23;1142;2877;192091;124859;53.4;34.7
88;2021-06-24;703;2603;192794;127462;53.6;35.5
88;2021-06-25;1437;3180;194231;130642;54.0;36.3
88;2021-06-26;903;2072;195134;132714;54.3;36.9
88;2021-06-27;543;634;195677;133348;54.4;37.1
88;2021-06-28;758;2511;196435;135859;54.6;37.8
88;2021-06-29;960;3355;197395;139214;54.9;38.7
88;2021-06-30;1136;3114;198531;142328;55.2;39.6
88;2021-07-01;1057;2686;199588;145014;55.5;40.3
88;2021-07-02;988;3147;200576;148161;55.8;41.2
88;2021-07-03;694;1698;201270;149859;56.0;41.7
88;2021-07-04;258;815;201528;150674;56.1;41.9
88;2021-07-05;993;2022;202521;152696;56.3;42.5
88;2021-07-06;1020;2415;203541;155111;56.6;43.1
88;2021-07-07;1179;2584;204720;157695;56.9;43.9
88;2021-07-08;1084;2064;205804;159759;57.2;44.4
88;2021-07-09;1583;2704;207387;162463;57.7;45.2
88;2021-07-10;719;1818;208106;164281;57.9;45.7
88;2021-07-11;468;696;208574;164977;58.0;45.9
88;2021-07-12;1054;2521;209628;167498;58.3;46.6
88;2021-07-13;1313;2651;210941;170149;58.7;47.3
88;2021-07-14;1205;800;212146;170949;59.0;47.5
88;2021-07-15;1744;3315;213890;174264;59.5;48.5
88;2021-07-16;1470;2963;215360;177227;59.9;49.3
88;2021-07-17;802;1589;216162;178816;60.1;49.7
88;2021-07-18;180;680;216342;179496;60.2;49.9
88;2021-07-19;1562;2230;217904;181726;60.6;50.5
88;2021-07-20;2143;2390;220047;184116;61.2;51.2
88;2021-07-21;1937;2220;221984;186336;61.7;51.8
88;2021-07-22;1697;2108;223681;188444;62.2;52.4
88;2021-07-23;2503;2782;226184;191226;62.9;53.2
88;2021-07-24;1059;1187;227243;192413;63.2;53.5
88;2021-07-25;432;608;227675;193021;63.3;53.7
88;2021-07-26;1712;2073;229387;195094;63.8;54.3
88;2021-07-27;2348;2056;231735;197150;64.5;54.8
88;2021-07-28;2205;2251;233940;199401;65.1;55.5
88;2021-07-29;3018;1632;236958;201033;65.9;55.9
88;2021-07-30;2270;2294;239228;203327;66.5;56.6
88;2021-07-31;1098;1038;240326;204365;66.8;56.8
88;2021-08-01;443;462;240769;204827;67.0;57.0
88;2021-08-02;2361;1765;243130;206592;67.6;57.5
88;2021-08-03;2864;1586;245994;208178;68.4;57.9
88;2021-08-04;2511;1526;248505;209704;69.1;58.3
88;2021-08-05;1984;1377;250489;211081;69.7;58.7
88;2021-08-06;2914;2013;253403;213094;70.5;59.3
88;2021-08-07;1170;912;254573;214006;70.8;59.5
88;2021-08-08;750;318;255323;214324;71.0;59.6
88;2021-08-09;1544;1646;256867;215970;71.4;60.1
88;2021-08-10;1934;2057;258801;218027;72.0;60.6
88;2021-08-11;1862;1748;260663;219775;72.5;61.1
88;2021-08-12;1659;1344;262322;221119;73.0;61.5
88;2021-08-13;1922;2116;264244;223235;73.5;62.1
88;2021-08-14;576;909;264820;224144;73.7;62.3
88;2021-08-15;336;522;265156;224666;73.8;62.5
88;2021-08-16;1145;1982;266301;226648;74.1;63.0
88;2021-08-17;1267;2051;267568;228699;74.4;63.6
88;2021-08-18;1202;1920;268770;230619;74.8;64.1
88;2021-08-19;1029;1579;269799;232198;75.0;64.6
88;2021-08-20;1008;2327;270807;234525;75.3;65.2
88;2021-08-21;401;1139;271208;235664;75.4;65.5
88;2021-08-22;96;478;271304;236142;75.5;65.7
89;2020-12-27;0;0;0;0;0.0;0.0
89;2020-12-28;1;0;1;0;0.0;0.0
89;2020-12-29;0;0;1;0;0.0;0.0
89;2020-12-30;0;0;1;0;0.0;0.0
89;2020-12-31;0;0;1;0;0.0;0.0
89;2021-01-01;0;0;1;0;0.0;0.0
89;2021-01-02;0;0;1;0;0.0;0.0
89;2021-01-03;0;0;1;0;0.0;0.0
89;2021-01-04;0;0;1;0;0.0;0.0
89;2021-01-05;0;0;1;0;0.0;0.0
89;2021-01-06;48;0;49;0;0.0;0.0
89;2021-01-07;201;0;250;0;0.1;0.0
89;2021-01-08;48;0;298;0;0.1;0.0
89;2021-01-09;1;0;299;0;0.1;0.0
89;2021-01-10;0;0;299;0;0.1;0.0
89;2021-01-11;220;0;519;0;0.2;0.0
89;2021-01-12;349;0;868;0;0.3;0.0
89;2021-01-13;533;3;1401;3;0.4;0.0
89;2021-01-14;709;7;2110;10;0.6;0.0
89;2021-01-15;275;2;2385;12;0.7;0.0
89;2021-01-16;90;3;2475;15;0.7;0.0
89;2021-01-17;0;0;2475;15;0.7;0.0
89;2021-01-18;503;1;2978;16;0.9;0.0
89;2021-01-19;840;3;3818;19;1.1;0.0
89;2021-01-20;760;1;4578;20;1.4;0.0
89;2021-01-21;939;4;5517;24;1.7;0.0
89;2021-01-22;1018;1;6535;25;2.0;0.0
89;2021-01-23;200;0;6735;25;2.0;0.0
89;2021-01-24;106;0;6841;25;2.1;0.0
89;2021-01-25;482;4;7323;29;2.2;0.0
89;2021-01-26;582;13;7905;42;2.4;0.0
89;2021-01-27;472;38;8377;80;2.5;0.0
89;2021-01-28;550;127;8927;207;2.7;0.1
89;2021-01-29;958;42;9885;249;3.0;0.1
89;2021-01-30;184;67;10069;316;3.0;0.1
89;2021-01-31;24;2;10093;318;3.0;0.1
89;2021-02-01;255;153;10348;471;3.1;0.1
89;2021-02-02;282;336;10630;807;3.2;0.2
89;2021-02-03;292;344;10922;1151;3.3;0.3
89;2021-02-04;432;593;11354;1744;3.4;0.5
89;2021-02-05;387;201;11741;1945;3.5;0.6
89;2021-02-06;77;66;11818;2011;3.6;0.6
89;2021-02-07;0;0;11818;2011;3.6;0.6
89;2021-02-08;288;188;12106;2199;3.6;0.7
89;2021-02-09;285;442;12391;2641;3.7;0.8
89;2021-02-10;396;314;12787;2955;3.9;0.9
89;2021-02-11;333;549;13120;3504;4.0;1.1
89;2021-02-12;432;599;13552;4103;4.1;1.2
89;2021-02-13;52;131;13604;4234;4.1;1.3
89;2021-02-14;21;116;13625;4350;4.1;1.3
89;2021-02-15;218;406;13843;4756;4.2;1.4
89;2021-02-16;134;536;13977;5292;4.2;1.6
89;2021-02-17;263;435;14240;5727;4.3;1.7
89;2021-02-18;225;557;14465;6284;4.4;1.9
89;2021-02-19;244;653;14709;6937;4.4;2.1
89;2021-02-20;33;140;14742;7077;4.4;2.1
89;2021-02-21;0;10;14742;7087;4.4;2.1
89;2021-02-22;233;452;14975;7539;4.5;2.3
89;2021-02-23;171;493;15146;8032;4.6;2.4
89;2021-02-24;341;390;15487;8422;4.7;2.5
89;2021-02-25;369;465;15856;8887;4.8;2.7
89;2021-02-26;385;337;16241;9224;4.9;2.8
89;2021-02-27;138;81;16379;9305;4.9;2.8
89;2021-02-28;6;13;16385;9318;4.9;2.8
89;2021-03-01;541;237;16926;9555;5.1;2.9
89;2021-03-02;753;355;17679;9910;5.3;3.0
89;2021-03-03;647;276;18326;10186;5.5;3.1
89;2021-03-04;633;379;18959;10565;5.7;3.2
89;2021-03-05;729;505;19688;11070;5.9;3.3
89;2021-03-06;549;133;20237;11203;6.1;3.4
89;2021-03-07;288;40;20525;11243;6.2;3.4
89;2021-03-08;558;325;21083;11568;6.3;3.5
89;2021-03-09;1000;276;22083;11844;6.6;3.6
89;2021-03-10;982;255;23065;12099;6.9;3.6
89;2021-03-11;1074;301;24139;12400;7.3;3.7
89;2021-03-12;1280;337;25419;12737;7.7;3.8
89;2021-03-13;636;44;26055;12781;7.8;3.8
89;2021-03-14;1;0;26056;12781;7.8;3.8
89;2021-03-15;814;312;26870;13093;8.1;3.9
89;2021-03-16;948;224;27818;13317;8.4;4.0
89;2021-03-17;918;269;28736;13586;8.7;4.1
89;2021-03-18;884;255;29620;13841;8.9;4.2
89;2021-03-19;1149;196;30769;14037;9.3;4.2
89;2021-03-20;844;27;31613;14064;9.5;4.2
89;2021-03-21;173;6;31786;14070;9.6;4.2
89;2021-03-22;1044;223;32830;14293;9.9;4.3
89;2021-03-23;1740;259;34570;14552;10.4;4.4
89;2021-03-24;1967;325;36537;14877;11.0;4.5
89;2021-03-25;1818;171;38355;15048;11.5;4.5
89;2021-03-26;2627;184;40982;15232;12.3;4.6
89;2021-03-27;1773;48;42755;15280;12.9;4.6
89;2021-03-28;32;3;42787;15283;12.9;4.6
89;2021-03-29;964;580;43751;15863;13.2;4.8
89;2021-03-30;1153;568;44904;16431;13.5;4.9
89;2021-03-31;2005;472;46909;16903;14.1;5.1
89;2021-04-01;2120;459;49029;17362;14.8;5.2
89;2021-04-02;2139;446;51168;17808;15.4;5.4
89;2021-04-03;1004;242;52172;18050;15.7;5.4
89;2021-04-04;16;1;52188;18051;15.7;5.4
89;2021-04-05;92;2;52280;18053;15.7;5.4
89;2021-04-06;1034;757;53314;18810;16.1;5.7
89;2021-04-07;1031;805;54345;19615;16.4;5.9
89;2021-04-08;1729;725;56074;20340;16.9;6.1
89;2021-04-09;2161;737;58235;21077;17.5;6.3
89;2021-04-10;892;181;59127;21258;17.8;6.4
89;2021-04-11;38;51;59165;21309;17.8;6.4
89;2021-04-12;1014;794;60179;22103;18.1;6.7
89;2021-04-13;1358;1079;61537;23182;18.5;7.0
89;2021-04-14;1211;1037;62748;24219;18.9;7.3
89;2021-04-15;1415;944;64163;25163;19.3;7.6
89;2021-04-16;1329;940;65492;26103;19.7;7.9
89;2021-04-17;1067;454;66559;26557;20.0;8.0
89;2021-04-18;27;154;66586;26711;20.1;8.0
89;2021-04-19;749;1038;67335;27749;20.3;8.4
89;2021-04-20;1018;1536;68353;29285;20.6;8.8
89;2021-04-21;814;1106;69167;30391;20.8;9.2
89;2021-04-22;1108;1167;70275;31558;21.2;9.5
89;2021-04-23;1824;1969;72099;33527;21.7;10.1
89;2021-04-24;1173;1175;73272;34702;22.1;10.4
89;2021-04-25;139;6;73411;34708;22.1;10.5
89;2021-04-26;1503;774;74914;35482;22.6;10.7
89;2021-04-27;1732;1054;76646;36536;23.1;11.0
89;2021-04-28;1594;1854;78240;38390;23.6;11.6
89;2021-04-29;1969;1917;80209;40307;24.2;12.1
89;2021-04-30;1804;1767;82013;42074;24.7;12.7
89;2021-05-01;846;722;82859;42796;25.0;12.9
89;2021-05-02;134;31;82993;42827;25.0;12.9
89;2021-05-03;1605;763;84598;43590;25.5;13.1
89;2021-05-04;1621;1130;86219;44720;26.0;13.5
89;2021-05-05;2319;1266;88538;45986;26.7;13.8
89;2021-05-06;2413;1377;90951;47363;27.4;14.3
89;2021-05-07;2721;1318;93672;48681;28.2;14.7
89;2021-05-08;1787;534;95459;49215;28.7;14.8
89;2021-05-09;196;18;95655;49233;28.8;14.8
89;2021-05-10;1201;962;96856;50195;29.2;15.1
89;2021-05-11;2489;1462;99345;51657;29.9;15.6
89;2021-05-12;2059;1218;101404;52875;30.5;15.9
89;2021-05-13;414;333;101818;53208;30.7;16.0
89;2021-05-14;1878;1095;103696;54303;31.2;16.4
89;2021-05-15;2248;393;105944;54696;31.9;16.5
89;2021-05-16;10;35;105954;54731;31.9;16.5
89;2021-05-17;2091;637;108045;55368;32.5;16.7
89;2021-05-18;2324;829;110369;56197;33.2;16.9
89;2021-05-19;2861;882;113230;57079;34.1;17.2
89;2021-05-20;2927;890;116157;57969;35.0;17.5
89;2021-05-21;2481;878;118638;58847;35.7;17.7
89;2021-05-22;1429;570;120067;59417;36.2;17.9
89;2021-05-23;108;10;120175;59427;36.2;17.9
89;2021-05-24;286;224;120461;59651;36.3;18.0
89;2021-05-25;1558;983;122019;60634;36.7;18.3
89;2021-05-26;1817;1020;123836;61654;37.3;18.6
89;2021-05-27;2118;1357;125954;63011;37.9;19.0
89;2021-05-28;2143;1422;128097;64433;38.6;19.4
89;2021-05-29;540;658;128637;65091;38.7;19.6
89;2021-05-30;25;22;128662;65113;38.7;19.6
89;2021-05-31;1248;969;129910;66082;39.1;19.9
89;2021-06-01;1506;984;131416;67066;39.6;20.2
89;2021-06-02;1945;1280;133361;68346;40.2;20.6
89;2021-06-03;2428;1523;135789;69869;40.9;21.0
89;2021-06-04;2142;1886;137931;71755;41.5;21.6
89;2021-06-05;1186;1225;139117;72980;41.9;22.0
89;2021-06-06;23;37;139140;73017;41.9;22.0
89;2021-06-07;2110;1449;141250;74466;42.5;22.4
89;2021-06-08;2196;1457;143446;75923;43.2;22.9
89;2021-06-09;2321;1509;145767;77432;43.9;23.3
89;2021-06-10;2791;1600;148558;79032;44.7;23.8
89;2021-06-11;1948;1749;150506;80781;45.3;24.3
89;2021-06-12;1103;757;151609;81538;45.7;24.6
89;2021-06-13;156;424;151765;81962;45.7;24.7
89;2021-06-14;1310;1824;153075;83786;46.1;25.2
89;2021-06-15;1401;2012;154476;85798;46.5;25.8
89;2021-06-16;1128;2583;155604;88381;46.9;26.6
89;2021-06-17;1430;2337;157034;90718;47.3;27.3
89;2021-06-18;1623;2878;158657;93596;47.8;28.2
89;2021-06-19;687;1662;159344;95258;48.0;28.7
89;2021-06-20;55;127;159399;95385;48.0;28.7
89;2021-06-21;759;1528;160158;96913;48.2;29.2
89;2021-06-22;1048;2679;161206;99592;48.5;30.0
89;2021-06-23;1156;1796;162362;101388;48.9;30.5
89;2021-06-24;1077;1497;163439;102885;49.2;31.0
89;2021-06-25;1007;2429;164446;105314;49.5;31.7
89;2021-06-26;561;2482;165007;107796;49.7;32.5
89;2021-06-27;14;28;165021;107824;49.7;32.5
89;2021-06-28;1033;2493;166054;110317;50.0;33.2
89;2021-06-29;688;2404;166742;112721;50.2;33.9
89;2021-06-30;1083;3182;167825;115903;50.5;34.9
89;2021-07-01;1021;2987;168846;118890;50.8;35.8
89;2021-07-02;1106;2748;169952;121638;51.2;36.6
89;2021-07-03;554;1571;170506;123209;51.3;37.1
89;2021-07-04;11;36;170517;123245;51.3;37.1
89;2021-07-05;1296;1836;171813;125081;51.7;37.7
89;2021-07-06;1050;2309;172863;127390;52.1;38.4
89;2021-07-07;668;1786;173531;129176;52.3;38.9
89;2021-07-08;792;1871;174323;131047;52.5;39.5
89;2021-07-09;1135;2606;175458;133653;52.8;40.2
89;2021-07-10;718;816;176176;134469;53.0;40.5
89;2021-07-11;26;39;176202;134508;53.1;40.5
89;2021-07-12;1424;1898;177626;136406;53.5;41.1
89;2021-07-13;2136;2743;179762;139149;54.1;41.9
89;2021-07-14;312;324;180074;139473;54.2;42.0
89;2021-07-15;2237;3163;182311;142636;54.9;43.0
89;2021-07-16;2389;2860;184700;145496;55.6;43.8
89;2021-07-17;1232;1226;185932;146722;56.0;44.2
89;2021-07-18;276;97;186208;146819;56.1;44.2
89;2021-07-19;1564;2814;187772;149633;56.5;45.1
89;2021-07-20;1926;3280;189698;152913;57.1;46.0
89;2021-07-21;2077;2723;191775;155636;57.7;46.9
89;2021-07-22;2472;2988;194247;158624;58.5;47.8
89;2021-07-23;2476;3103;196723;161727;59.2;48.7
89;2021-07-24;1238;1250;197961;162977;59.6;49.1
89;2021-07-25;68;185;198029;163162;59.6;49.1
89;2021-07-26;1718;2319;199747;165481;60.1;49.8
89;2021-07-27;2333;1910;202080;167391;60.8;50.4
89;2021-07-28;2516;1336;204596;168727;61.6;50.8
89;2021-07-29;2518;1616;207114;170343;62.4;51.3
89;2021-07-30;2672;1618;209786;171961;63.2;51.8
89;2021-07-31;1119;1071;210905;173032;63.5;52.1
89;2021-08-01;69;33;210974;173065;63.5;52.1
89;2021-08-02;1776;1281;212750;174346;64.1;52.5
89;2021-08-03;2455;1252;215205;175598;64.8;52.9
89;2021-08-04;1519;1642;216724;177240;65.3;53.4
89;2021-08-05;1527;1688;218251;178928;65.7;53.9
89;2021-08-06;2157;1646;220408;180574;66.4;54.4
89;2021-08-07;923;1091;221331;181665;66.6;54.7
89;2021-08-08;55;47;221386;181712;66.7;54.7
89;2021-08-09;1087;1172;222473;182884;67.0;55.1
89;2021-08-10;1773;1812;224246;184696;67.5;55.6
89;2021-08-11;1511;1578;225757;186274;68.0;56.1
89;2021-08-12;1349;1385;227106;187659;68.4;56.5
89;2021-08-13;1244;1950;228350;189609;68.8;57.1
89;2021-08-14;514;1016;228864;190625;68.9;57.4
89;2021-08-15;19;43;228883;190668;68.9;57.4
89;2021-08-16;985;1963;229868;192631;69.2;58.0
89;2021-08-17;825;1563;230693;194194;69.5;58.5
89;2021-08-18;599;1897;231292;196091;69.6;59.0
89;2021-08-19;654;1387;231946;197478;69.8;59.5
89;2021-08-20;1000;2259;232946;199737;70.1;60.1
89;2021-08-21;289;1002;233235;200739;70.2;60.4
89;2021-08-22;32;34;233267;200773;70.2;60.5
90;2020-12-27;0;0;0;0;0.0;0.0
90;2020-12-28;0;0;0;0;0.0;0.0
90;2020-12-29;0;0;0;0;0.0;0.0
90;2020-12-30;1;0;1;0;0.0;0.0
90;2020-12-31;0;0;1;0;0.0;0.0
90;2021-01-01;0;0;1;0;0.0;0.0
90;2021-01-02;1;0;2;0;0.0;0.0
90;2021-01-03;0;0;2;0;0.0;0.0
90;2021-01-04;2;0;4;0;0.0;0.0
90;2021-01-05;0;0;4;0;0.0;0.0
90;2021-01-06;0;0;4;0;0.0;0.0
90;2021-01-07;1;0;5;0;0.0;0.0
90;2021-01-08;170;0;175;0;0.1;0.0
90;2021-01-09;46;0;221;0;0.2;0.0
90;2021-01-10;0;0;221;0;0.2;0.0
90;2021-01-11;200;0;421;0;0.3;0.0
90;2021-01-12;430;0;851;0;0.6;0.0
90;2021-01-13;468;3;1319;3;0.9;0.0
90;2021-01-14;414;1;1733;4;1.2;0.0
90;2021-01-15;405;10;2138;14;1.5;0.0
90;2021-01-16;111;2;2249;16;1.6;0.0
90;2021-01-17;1;0;2250;16;1.6;0.0
90;2021-01-18;364;2;2614;18;1.9;0.0
90;2021-01-19;462;5;3076;23;2.2;0.0
90;2021-01-20;392;2;3468;25;2.5;0.0
90;2021-01-21;351;1;3819;26;2.7;0.0
90;2021-01-22;346;2;4165;28;3.0;0.0
90;2021-01-23;98;0;4263;28;3.0;0.0
90;2021-01-24;0;0;4263;28;3.0;0.0
90;2021-01-25;322;3;4585;31;3.3;0.0
90;2021-01-26;224;0;4809;31;3.4;0.0
90;2021-01-27;255;0;5064;31;3.6;0.0
90;2021-01-28;328;33;5392;64;3.8;0.0
90;2021-01-29;291;163;5683;227;4.1;0.2
90;2021-01-30;176;45;5859;272;4.2;0.2
90;2021-01-31;118;0;5977;272;4.3;0.2
90;2021-02-01;275;112;6252;384;4.5;0.3
90;2021-02-02;290;163;6542;547;4.7;0.4
90;2021-02-03;256;368;6798;915;4.9;0.7
90;2021-02-04;257;304;7055;1219;5.0;0.9
90;2021-02-05;266;271;7321;1490;5.2;1.1
90;2021-02-06;89;68;7410;1558;5.3;1.1
90;2021-02-07;0;0;7410;1558;5.3;1.1
90;2021-02-08;170;218;7580;1776;5.4;1.3
90;2021-02-09;139;166;7719;1942;5.5;1.4
90;2021-02-10;182;31;7901;1973;5.6;1.4
90;2021-02-11;228;109;8129;2082;5.8;1.5
90;2021-02-12;126;239;8255;2321;5.9;1.7
90;2021-02-13;95;45;8350;2366;6.0;1.7
90;2021-02-14;0;0;8350;2366;6.0;1.7
90;2021-02-15;113;280;8463;2646;6.0;1.9
90;2021-02-16;92;275;8555;2921;6.1;2.1
90;2021-02-17;178;205;8733;3126;6.2;2.2
90;2021-02-18;128;242;8861;3368;6.3;2.4
90;2021-02-19;64;272;8925;3640;6.4;2.6
90;2021-02-20;40;72;8965;3712;6.4;2.6
90;2021-02-21;0;0;8965;3712;6.4;2.6
90;2021-02-22;76;333;9041;4045;6.5;2.9
90;2021-02-23;40;259;9081;4304;6.5;3.1
90;2021-02-24;109;291;9190;4595;6.6;3.3
90;2021-02-25;89;313;9279;4908;6.6;3.5
90;2021-02-26;89;394;9368;5302;6.7;3.8
90;2021-02-27;140;178;9508;5480;6.8;3.9
90;2021-02-28;8;113;9516;5593;6.8;4.0
90;2021-03-01;212;233;9728;5826;6.9;4.2
90;2021-03-02;178;285;9906;6111;7.1;4.4
90;2021-03-03;239;355;10145;6466;7.2;4.6
90;2021-03-04;260;277;10405;6743;7.4;4.8
90;2021-03-05;359;270;10764;7013;7.7;5.0
90;2021-03-06;291;104;11055;7117;7.9;5.1
90;2021-03-07;18;1;11073;7118;7.9;5.1
90;2021-03-08;246;248;11319;7366;8.1;5.3
90;2021-03-09;430;164;11749;7530;8.4;5.4
90;2021-03-10;348;197;12097;7727;8.6;5.5
90;2021-03-11;348;119;12445;7846;8.9;5.6
90;2021-03-12;519;129;12964;7975;9.3;5.7
90;2021-03-13;539;47;13503;8022;9.6;5.7
90;2021-03-14;21;0;13524;8022;9.7;5.7
90;2021-03-15;387;117;13911;8139;9.9;5.8
90;2021-03-16;401;99;14312;8238;10.2;5.9
90;2021-03-17;323;76;14635;8314;10.4;5.9
90;2021-03-18;348;79;14983;8393;10.7;6.0
90;2021-03-19;468;79;15451;8472;11.0;6.0
90;2021-03-20;427;48;15878;8520;11.3;6.1
90;2021-03-21;7;1;15885;8521;11.3;6.1
90;2021-03-22;399;30;16284;8551;11.6;6.1
90;2021-03-23;738;73;17022;8624;12.1;6.2
90;2021-03-24;815;46;17837;8670;12.7;6.2
90;2021-03-25;948;75;18785;8745;13.4;6.2
90;2021-03-26;1227;59;20012;8804;14.3;6.3
90;2021-03-27;438;34;20450;8838;14.6;6.3
90;2021-03-28;34;0;20484;8838;14.6;6.3
90;2021-03-29;712;143;21196;8981;15.1;6.4
90;2021-03-30;674;154;21870;9135;15.6;6.5
90;2021-03-31;728;81;22598;9216;16.1;6.6
90;2021-04-01;602;118;23200;9334;16.6;6.7
90;2021-04-02;657;98;23857;9432;17.0;6.7
90;2021-04-03;370;40;24227;9472;17.3;6.8
90;2021-04-04;1;0;24228;9472;17.3;6.8
90;2021-04-05;0;0;24228;9472;17.3;6.8
90;2021-04-06;528;251;24756;9723;17.7;6.9
90;2021-04-07;485;264;25241;9987;18.0;7.1
90;2021-04-08;510;245;25751;10232;18.4;7.3
90;2021-04-09;752;266;26503;10498;18.9;7.5
90;2021-04-10;224;8;26727;10506;19.1;7.5
90;2021-04-11;7;0;26734;10506;19.1;7.5
90;2021-04-12;557;480;27291;10986;19.5;7.8
90;2021-04-13;631;530;27922;11516;19.9;8.2
90;2021-04-14;527;351;28449;11867;20.3;8.5
90;2021-04-15;905;290;29354;12157;20.9;8.7
90;2021-04-16;370;404;29724;12561;21.2;9.0
90;2021-04-17;189;128;29913;12689;21.3;9.1
90;2021-04-18;21;0;29934;12689;21.4;9.1
90;2021-04-19;435;570;30369;13259;21.7;9.5
90;2021-04-20;494;619;30863;13878;22.0;9.9
90;2021-04-21;353;497;31216;14375;22.3;10.3
90;2021-04-22;569;601;31785;14976;22.7;10.7
90;2021-04-23;505;744;32290;15720;23.0;11.2
90;2021-04-24;305;202;32595;15922;23.3;11.4
90;2021-04-25;1;0;32596;15922;23.3;11.4
90;2021-04-26;507;751;33103;16673;23.6;11.9
90;2021-04-27;641;680;33744;17353;24.1;12.4
90;2021-04-28;765;445;34509;17798;24.6;12.7
90;2021-04-29;1003;451;35512;18249;25.3;13.0
90;2021-04-30;1120;459;36632;18708;26.1;13.3
90;2021-05-01;60;42;36692;18750;26.2;13.4
90;2021-05-02;4;0;36696;18750;26.2;13.4
90;2021-05-03;903;286;37599;19036;26.8;13.6
90;2021-05-04;784;637;38383;19673;27.4;14.0
90;2021-05-05;892;505;39275;20178;28.0;14.4
90;2021-05-06;852;626;40127;20804;28.6;14.8
90;2021-05-07;440;510;40567;21314;28.9;15.2
90;2021-05-08;26;27;40593;21341;29.0;15.2
90;2021-05-09;5;33;40598;21374;29.0;15.3
90;2021-05-10;506;585;41104;21959;29.3;15.7
90;2021-05-11;778;636;41882;22595;29.9;16.1
90;2021-05-12;530;598;42412;23193;30.3;16.5
90;2021-05-13;1113;264;43525;23457;31.1;16.7
90;2021-05-14;865;403;44390;23860;31.7;17.0
90;2021-05-15;14;125;44404;23985;31.7;17.1
90;2021-05-16;2;7;44406;23992;31.7;17.1
90;2021-05-17;793;290;45199;24282;32.3;17.3
90;2021-05-18;1024;471;46223;24753;33.0;17.7
90;2021-05-19;1265;384;47488;25137;33.9;17.9
90;2021-05-20;1200;270;48688;25407;34.7;18.1
90;2021-05-21;1265;432;49953;25839;35.6;18.4
90;2021-05-22;9;131;49962;25970;35.7;18.5
90;2021-05-23;4;0;49966;25970;35.7;18.5
90;2021-05-24;368;266;50334;26236;35.9;18.7
90;2021-05-25;637;792;50971;27028;36.4;19.3
90;2021-05-26;630;568;51601;27596;36.8;19.7
90;2021-05-27;963;383;52564;27979;37.5;20.0
90;2021-05-28;668;827;53232;28806;38.0;20.6
90;2021-05-29;93;296;53325;29102;38.0;20.8
90;2021-05-30;4;1;53329;29103;38.1;20.8
90;2021-05-31;809;715;54138;29818;38.6;21.3
90;2021-06-01;968;740;55106;30558;39.3;21.8
90;2021-06-02;760;676;55866;31234;39.9;22.3
90;2021-06-03;758;743;56624;31977;40.4;22.8
90;2021-06-04;833;974;57457;32951;41.0;23.5
90;2021-06-05;54;427;57511;33378;41.0;23.8
90;2021-06-06;1;16;57512;33394;41.0;23.8
90;2021-06-07;1265;1081;58777;34475;41.9;24.6
90;2021-06-08;1481;936;60258;35411;43.0;25.3
90;2021-06-09;965;659;61223;36070;43.7;25.7
90;2021-06-10;625;496;61848;36566;44.1;26.1
90;2021-06-11;787;1126;62635;37692;44.7;26.9
90;2021-06-12;806;298;63441;37990;45.3;27.1
90;2021-06-13;10;12;63451;38002;45.3;27.1
90;2021-06-14;264;974;63715;38976;45.5;27.8
90;2021-06-15;567;880;64282;39856;45.9;28.4
90;2021-06-16;510;548;64792;40404;46.2;28.8
90;2021-06-17;444;638;65236;41042;46.5;29.3
90;2021-06-18;624;997;65860;42039;47.0;30.0
90;2021-06-19;450;170;66310;42209;47.3;30.1
90;2021-06-20;0;28;66310;42237;47.3;30.1
90;2021-06-21;257;1178;66567;43415;47.5;31.0
90;2021-06-22;384;950;66951;44365;47.8;31.7
90;2021-06-23;415;633;67366;44998;48.1;32.1
90;2021-06-24;319;602;67685;45600;48.3;32.5
90;2021-06-25;431;1273;68116;46873;48.6;33.4
90;2021-06-26;420;561;68536;47434;48.9;33.8
90;2021-06-27;2;6;68538;47440;48.9;33.9
90;2021-06-28;378;1298;68916;48738;49.2;34.8
90;2021-06-29;305;1307;69221;50045;49.4;35.7
90;2021-06-30;485;1229;69706;51274;49.7;36.6
90;2021-07-01;353;919;70059;52193;50.0;37.2
90;2021-07-02;507;1206;70566;53399;50.4;38.1
90;2021-07-03;52;129;70618;53528;50.4;38.2
90;2021-07-04;0;21;70618;53549;50.4;38.2
90;2021-07-05;401;1014;71019;54563;50.7;38.9
90;2021-07-06;514;972;71533;55535;51.0;39.6
90;2021-07-07;380;995;71913;56530;51.3;40.3
90;2021-07-08;304;608;72217;57138;51.5;40.8
90;2021-07-09;438;951;72655;58089;51.8;41.4
90;2021-07-10;32;91;72687;58180;51.9;41.5
90;2021-07-11;7;17;72694;58197;51.9;41.5
90;2021-07-12;242;1076;72936;59273;52.0;42.3
90;2021-07-13;474;1162;73410;60435;52.4;43.1
90;2021-07-14;2;8;73412;60443;52.4;43.1
90;2021-07-15;791;1452;74203;61895;52.9;44.2
90;2021-07-16;825;1683;75028;63578;53.5;45.4
90;2021-07-17;484;954;75512;64532;53.9;46.0
90;2021-07-18;4;2;75516;64534;53.9;46.0
90;2021-07-19;1182;1461;76698;65995;54.7;47.1
90;2021-07-20;1335;1137;78033;67132;55.7;47.9
90;2021-07-21;1396;983;79429;68115;56.7;48.6
90;2021-07-22;1126;696;80555;68811;57.5;49.1
90;2021-07-23;963;1023;81518;69834;58.2;49.8
90;2021-07-24;119;65;81637;69899;58.3;49.9
90;2021-07-25;2;1;81639;69900;58.3;49.9
90;2021-07-26;1068;805;82707;70705;59.0;50.5
90;2021-07-27;1080;741;83787;71446;59.8;51.0
90;2021-07-28;818;710;84605;72156;60.4;51.5
90;2021-07-29;834;437;85439;72593;61.0;51.8
90;2021-07-30;777;498;86216;73091;61.5;52.2
90;2021-07-31;479;312;86695;73403;61.9;52.4
90;2021-08-01;0;3;86695;73406;61.9;52.4
90;2021-08-02;834;512;87529;73918;62.5;52.7
90;2021-08-03;907;492;88436;74410;63.1;53.1
90;2021-08-04;1063;456;89499;74866;63.9;53.4
90;2021-08-05;519;221;90018;75087;64.2;53.6
90;2021-08-06;635;389;90653;75476;64.7;53.9
90;2021-08-07;35;63;90688;75539;64.7;53.9
90;2021-08-08;18;3;90706;75542;64.7;53.9
90;2021-08-09;721;944;91427;76486;65.2;54.6
90;2021-08-10;533;1150;91960;77636;65.6;55.4
90;2021-08-11;536;947;92496;78583;66.0;56.1
90;2021-08-12;444;816;92940;79399;66.3;56.7
90;2021-08-13;524;894;93464;80293;66.7;57.3
90;2021-08-14;30;99;93494;80392;66.7;57.4
90;2021-08-15;2;8;93496;80400;66.7;57.4
90;2021-08-16;445;633;93941;81033;67.0;57.8
90;2021-08-17;338;1165;94279;82198;67.3;58.7
90;2021-08-18;266;877;94545;83075;67.5;59.3
90;2021-08-19;239;627;94784;83702;67.6;59.7
90;2021-08-20;354;769;95138;84471;67.9;60.3
90;2021-08-21;29;69;95167;84540;67.9;60.3
90;2021-08-22;0;7;95167;84547;67.9;60.3
91;2020-12-27;0;0;0;0;0.0;0.0
91;2020-12-28;0;0;0;0;0.0;0.0
91;2020-12-29;1;0;1;0;0.0;0.0
91;2020-12-30;1;0;2;0;0.0;0.0
91;2020-12-31;0;0;2;0;0.0;0.0
91;2021-01-01;5;0;7;0;0.0;0.0
91;2021-01-02;0;0;7;0;0.0;0.0
91;2021-01-03;0;0;7;0;0.0;0.0
91;2021-01-04;1;0;8;0;0.0;0.0
91;2021-01-05;71;0;79;0;0.0;0.0
91;2021-01-06;188;2;267;2;0.0;0.0
91;2021-01-07;523;6;790;8;0.1;0.0
91;2021-01-08;394;1;1184;9;0.1;0.0
91;2021-01-09;89;3;1273;12;0.1;0.0
91;2021-01-10;1;0;1274;12;0.1;0.0
91;2021-01-11;595;2;1869;14;0.1;0.0
91;2021-01-12;899;8;2768;22;0.2;0.0
91;2021-01-13;702;7;3470;29;0.3;0.0
91;2021-01-14;721;11;4191;40;0.3;0.0
91;2021-01-15;569;4;4760;44;0.4;0.0
91;2021-01-16;316;7;5076;51;0.4;0.0
91;2021-01-17;116;1;5192;52;0.4;0.0
91;2021-01-18;992;3;6184;55;0.5;0.0
91;2021-01-19;1867;14;8051;69;0.6;0.0
91;2021-01-20;2368;18;10419;87;0.8;0.0
91;2021-01-21;2096;14;12515;101;0.9;0.0
91;2021-01-22;1861;9;14376;110;1.1;0.0
91;2021-01-23;413;1;14789;111;1.1;0.0
91;2021-01-24;53;0;14842;111;1.1;0.0
91;2021-01-25;1048;4;15890;115;1.2;0.0
91;2021-01-26;1577;38;17467;153;1.3;0.0
91;2021-01-27;2415;95;19882;248;1.5;0.0
91;2021-01-28;1982;223;21864;471;1.7;0.0
91;2021-01-29;1749;68;23613;539;1.8;0.0
91;2021-01-30;422;7;24035;546;1.8;0.0
91;2021-01-31;54;0;24089;546;1.8;0.0
91;2021-02-01;966;218;25055;764;1.9;0.1
91;2021-02-02;857;364;25912;1128;2.0;0.1
91;2021-02-03;937;570;26849;1698;2.0;0.1
91;2021-02-04;885;281;27734;1979;2.1;0.1
91;2021-02-05;1035;359;28769;2338;2.2;0.2
91;2021-02-06;337;93;29106;2431;2.2;0.2
91;2021-02-07;13;0;29119;2431;2.2;0.2
91;2021-02-08;905;607;30024;3038;2.3;0.2
91;2021-02-09;963;860;30987;3898;2.3;0.3
91;2021-02-10;1065;989;32052;4887;2.4;0.4
91;2021-02-11;1121;1019;33173;5906;2.5;0.4
91;2021-02-12;1061;834;34234;6740;2.6;0.5
91;2021-02-13;330;360;34564;7100;2.6;0.5
91;2021-02-14;18;112;34582;7212;2.6;0.5
91;2021-02-15;368;1263;34950;8475;2.6;0.6
91;2021-02-16;554;1755;35504;10230;2.7;0.8
91;2021-02-17;811;2678;36315;12908;2.8;1.0
91;2021-02-18;941;2015;37256;14923;2.8;1.1
91;2021-02-19;864;1383;38120;16306;2.9;1.2
91;2021-02-20;167;360;38287;16666;2.9;1.3
91;2021-02-21;13;50;38300;16716;2.9;1.3
91;2021-02-22;334;1203;38634;17919;2.9;1.4
91;2021-02-23;397;1075;39031;18994;3.0;1.4
91;2021-02-24;473;1059;39504;20053;3.0;1.5
91;2021-02-25;733;1019;40237;21072;3.0;1.6
91;2021-02-26;1096;1060;41333;22132;3.1;1.7
91;2021-02-27;609;330;41942;22462;3.2;1.7
91;2021-02-28;65;66;42007;22528;3.2;1.7
91;2021-03-01;931;1069;42938;23597;3.3;1.8
91;2021-03-02;1261;1094;44199;24691;3.3;1.9
91;2021-03-03;1468;1279;45667;25970;3.5;2.0
91;2021-03-04;2427;1128;48094;27098;3.6;2.1
91;2021-03-05;3350;1168;51444;28266;3.9;2.1
91;2021-03-06;4907;462;56351;28728;4.3;2.2
91;2021-03-07;3208;115;59559;28843;4.5;2.2
91;2021-03-08;1472;1065;61031;29908;4.6;2.3
91;2021-03-09;2623;996;63654;30904;4.8;2.3
91;2021-03-10;2620;1040;66274;31944;5.0;2.4
91;2021-03-11;3785;1132;70059;33076;5.3;2.5
91;2021-03-12;4788;1050;74847;34126;5.7;2.6
91;2021-03-13;5258;341;80105;34467;6.1;2.6
91;2021-03-14;302;27;80407;34494;6.1;2.6
91;2021-03-15;2983;436;83390;34930;6.3;2.6
91;2021-03-16;2617;384;86007;35314;6.5;2.7
91;2021-03-17;2227;350;88234;35664;6.7;2.7
91;2021-03-18;2389;412;90623;36076;6.9;2.7
91;2021-03-19;4094;383;94717;36459;7.2;2.8
91;2021-03-20;3609;181;98326;36640;7.5;2.8
91;2021-03-21;138;30;98464;36670;7.5;2.8
91;2021-03-22;3148;607;101612;37277;7.7;2.8
91;2021-03-23;4137;700;105749;37977;8.0;2.9
91;2021-03-24;3936;500;109685;38477;8.3;2.9
91;2021-03-25;5058;529;114743;39006;8.7;3.0
91;2021-03-26;5551;553;120294;39559;9.1;3.0
91;2021-03-27;4986;342;125280;39901;9.5;3.0
91;2021-03-28;282;59;125562;39960;9.5;3.0
91;2021-03-29;3304;1040;128866;41000;9.8;3.1
91;2021-03-30;4426;1224;133292;42224;10.1;3.2
91;2021-03-31;3367;1340;136659;43564;10.4;3.3
91;2021-04-01;3738;1683;140397;45247;10.6;3.4
91;2021-04-02;3892;2312;144289;47559;10.9;3.6
91;2021-04-03;1870;2875;146159;50434;11.1;3.8
91;2021-04-04;648;1321;146807;51755;11.1;3.9
91;2021-04-05;562;131;147369;51886;11.2;3.9
91;2021-04-06;3403;1788;150772;53674;11.4;4.1
91;2021-04-07;3419;1933;154191;55607;11.7;4.2
91;2021-04-08;4661;2161;158852;57768;12.0;4.4
91;2021-04-09;5346;2153;164198;59921;12.4;4.5
91;2021-04-10;2730;2819;166928;62740;12.7;4.8
91;2021-04-11;192;141;167120;62881;12.7;4.8
91;2021-04-12;2854;2276;169974;65157;12.9;4.9
91;2021-04-13;3757;2648;173731;67805;13.2;5.1
91;2021-04-14;3708;2322;177439;70127;13.4;5.3
91;2021-04-15;4477;2512;181916;72639;13.8;5.5
91;2021-04-16;4548;2806;186464;75445;14.1;5.7
91;2021-04-17;2982;2078;189446;77523;14.4;5.9
91;2021-04-18;269;71;189715;77594;14.4;5.9
91;2021-04-19;2305;2731;192020;80325;14.6;6.1
91;2021-04-20;3178;2986;195198;83311;14.8;6.3
91;2021-04-21;2989;2899;198187;86210;15.0;6.5
91;2021-04-22;3167;3365;201354;89575;15.3;6.8
91;2021-04-23;3716;3358;205070;92933;15.5;7.0
91;2021-04-24;3482;3730;208552;96663;15.8;7.3
91;2021-04-25;2616;640;211168;97303;16.0;7.4
91;2021-04-26;3486;2800;214654;100103;16.3;7.6
91;2021-04-27;4487;2924;219141;103027;16.6;7.8
91;2021-04-28;4567;2703;223708;105730;17.0;8.0
91;2021-04-29;5744;3056;229452;108786;17.4;8.2
91;2021-04-30;5388;2851;234840;111637;17.8;8.5
91;2021-05-01;3517;521;238357;112158;18.1;8.5
91;2021-05-02;624;132;238981;112290;18.1;8.5
91;2021-05-03;5202;2290;244183;114580;18.5;8.7
91;2021-05-04;5591;3176;249774;117756;18.9;8.9
91;2021-05-05;4851;2872;254625;120628;19.3;9.1
91;2021-05-06;5248;3373;259873;124001;19.7;9.4
91;2021-05-07;6120;3744;265993;127745;20.2;9.7
91;2021-05-08;6519;964;272512;128709;20.7;9.8
91;2021-05-09;4803;562;277315;129271;21.0;9.8
91;2021-05-10;5902;3008;283217;132279;21.5;10.0
91;2021-05-11;6833;3838;290050;136117;22.0;10.3
91;2021-05-12;5896;3443;295946;139560;22.4;10.6
91;2021-05-13;4826;1078;300772;140638;22.8;10.7
91;2021-05-14;6547;2394;307319;143032;23.3;10.8
91;2021-05-15;7797;1926;315116;144958;23.9;11.0
91;2021-05-16;4584;370;319700;145328;24.2;11.0
91;2021-05-17;6953;1710;326653;147038;24.8;11.1
91;2021-05-18;8121;1741;334774;148779;25.4;11.3
91;2021-05-19;7098;1700;341872;150479;25.9;11.4
91;2021-05-20;8201;2145;350073;152624;26.5;11.6
91;2021-05-21;8143;2581;358216;155205;27.1;11.8
91;2021-05-22;7664;1545;365880;156750;27.7;11.9
91;2021-05-23;4799;529;370679;157279;28.1;11.9
91;2021-05-24;5017;602;375696;157881;28.5;12.0
91;2021-05-25;7626;2650;383322;160531;29.1;12.2
91;2021-05-26;6872;2939;390194;163470;29.6;12.4
91;2021-05-27;7973;3446;398167;166916;30.2;12.7
91;2021-05-28;7536;4322;405703;171238;30.7;13.0
91;2021-05-29;9300;3508;415003;174746;31.5;13.2
91;2021-05-30;5954;961;420957;175707;31.9;13.3
91;2021-05-31;6741;3700;427698;179407;32.4;13.6
91;2021-06-01;7786;4777;435484;184184;33.0;14.0
91;2021-06-02;7452;3958;442936;188142;33.6;14.3
91;2021-06-03;7858;4780;450794;192922;34.2;14.6
91;2021-06-04;7184;5724;457978;198646;34.7;15.1
91;2021-06-05;6385;5816;464363;204462;35.2;15.5
91;2021-06-06;4089;2511;468452;206973;35.5;15.7
91;2021-06-07;5879;5480;474331;212453;36.0;16.1
91;2021-06-08;7041;5796;481372;218249;36.5;16.5
91;2021-06-09;6471;5146;487843;223395;37.0;16.9
91;2021-06-10;7179;5774;495022;229169;37.5;17.4
91;2021-06-11;6545;7112;501567;236281;38.0;17.9
91;2021-06-12;6221;7362;507788;243643;38.5;18.5
91;2021-06-13;2852;2317;510640;245960;38.7;18.6
91;2021-06-14;4227;7200;514867;253160;39.0;19.2
91;2021-06-15;5576;7257;520443;260417;39.4;19.7
91;2021-06-16;5303;6444;525746;266861;39.8;20.2
91;2021-06-17;6245;7134;531991;273995;40.3;20.8
91;2021-06-18;4634;8740;536625;282735;40.7;21.4
91;2021-06-19;4193;7152;540818;289887;41.0;22.0
91;2021-06-20;1006;4212;541824;294099;41.1;22.3
91;2021-06-21;3230;7237;545054;301336;41.3;22.8
91;2021-06-22;4162;9227;549216;310563;41.6;23.5
91;2021-06-23;4316;7964;553532;318527;42.0;24.1
91;2021-06-24;4907;8479;558439;327006;42.3;24.8
91;2021-06-25;3470;9174;561909;336180;42.6;25.5
91;2021-06-26;2988;8036;564897;344216;42.8;26.1
91;2021-06-27;549;2998;565446;347214;42.9;26.3
91;2021-06-28;3128;8236;568574;355450;43.1;26.9
91;2021-06-29;3585;9641;572159;365091;43.4;27.7
91;2021-06-30;3951;8698;576110;373789;43.7;28.3
91;2021-07-01;4094;8873;580204;382662;44.0;29.0
91;2021-07-02;3758;9316;583962;391978;44.3;29.7
91;2021-07-03;2880;9789;586842;401767;44.5;30.5
91;2021-07-04;849;4722;587691;406489;44.5;30.8
91;2021-07-05;2658;7262;590349;413751;44.7;31.4
91;2021-07-06;3753;9426;594102;423177;45.0;32.1
91;2021-07-07;3803;8581;597905;431758;45.3;32.7
91;2021-07-08;4357;8986;602262;440744;45.6;33.4
91;2021-07-09;3962;9957;606224;450701;45.9;34.2
91;2021-07-10;3402;10232;609626;460933;46.2;34.9
91;2021-07-11;985;4801;610611;465734;46.3;35.3
91;2021-07-12;2801;8892;613412;474626;46.5;36.0
91;2021-07-13;4458;10385;617870;485011;46.8;36.8
91;2021-07-14;2300;3583;620170;488594;47.0;37.0
91;2021-07-15;4537;9819;624707;498413;47.3;37.8
91;2021-07-16;6277;9755;630984;508168;47.8;38.5
91;2021-07-17;5738;9060;636722;517228;48.3;39.2
91;2021-07-18;3397;3676;640119;520904;48.5;39.5
91;2021-07-19;3769;7532;643888;528436;48.8;40.1
91;2021-07-20;6060;9293;649948;537729;49.3;40.8
91;2021-07-21;6228;7724;656176;545453;49.7;41.3
91;2021-07-22;6468;8386;662644;553839;50.2;42.0
91;2021-07-23;6911;8275;669555;562114;50.7;42.6
91;2021-07-24;4969;6469;674524;568583;51.1;43.1
91;2021-07-25;3254;1392;677778;569975;51.4;43.2
91;2021-07-26;4924;6588;682702;576563;51.7;43.7
91;2021-07-27;7538;7063;690240;583626;52.3;44.2
91;2021-07-28;7268;5906;697508;589532;52.9;44.7
91;2021-07-29;7362;5888;704870;595420;53.4;45.1
91;2021-07-30;6875;5760;711745;601180;53.9;45.6
91;2021-07-31;4833;4770;716578;605950;54.3;45.9
91;2021-08-01;2602;1327;719180;607277;54.5;46.0
91;2021-08-02;4645;4214;723825;611491;54.9;46.3
91;2021-08-03;5743;4680;729568;616171;55.3;46.7
91;2021-08-04;5657;4117;735225;620288;55.7;47.0
91;2021-08-05;5541;4258;740766;624546;56.1;47.3
91;2021-08-06;5635;5612;746401;630158;56.6;47.8
91;2021-08-07;3032;2416;749433;632574;56.8;47.9
91;2021-08-08;593;1094;750026;633668;56.8;48.0
91;2021-08-09;3750;3968;753776;637636;57.1;48.3
91;2021-08-10;4498;4533;758274;642169;57.5;48.7
91;2021-08-11;4073;4474;762347;646643;57.8;49.0
91;2021-08-12;3956;4751;766303;651394;58.1;49.4
91;2021-08-13;4233;4823;770536;656217;58.4;49.7
91;2021-08-14;2204;2388;772740;658605;58.6;49.9
91;2021-08-15;92;170;772832;658775;58.6;49.9
91;2021-08-16;2903;4639;775735;663414;58.8;50.3
91;2021-08-17;3583;5800;779318;669214;59.1;50.7
91;2021-08-18;2995;5773;782313;674987;59.3;51.2
91;2021-08-19;3421;5753;785734;680740;59.6;51.6
91;2021-08-20;3166;6930;788900;687670;59.8;52.1
91;2021-08-21;2423;3321;791323;690991;60.0;52.4
91;2021-08-22;731;1297;792054;692288;60.0;52.5
92;2020-12-27;20;0;20;0;0.0;0.0
92;2020-12-28;14;0;34;0;0.0;0.0
92;2020-12-29;56;0;90;0;0.0;0.0
92;2020-12-30;36;0;126;0;0.0;0.0
92;2020-12-31;5;0;131;0;0.0;0.0
92;2021-01-01;23;0;154;0;0.0;0.0
92;2021-01-02;4;0;158;0;0.0;0.0
92;2021-01-03;9;0;167;0;0.0;0.0
92;2021-01-04;62;1;229;1;0.0;0.0
92;2021-01-05;225;1;454;2;0.0;0.0
92;2021-01-06;413;3;867;5;0.1;0.0
92;2021-01-07;663;4;1530;9;0.1;0.0
92;2021-01-08;838;4;2368;13;0.1;0.0
92;2021-01-09;122;1;2490;14;0.2;0.0
92;2021-01-10;45;0;2535;14;0.2;0.0
92;2021-01-11;846;5;3381;19;0.2;0.0
92;2021-01-12;1298;9;4679;28;0.3;0.0
92;2021-01-13;1240;15;5919;43;0.4;0.0
92;2021-01-14;1205;17;7124;60;0.4;0.0
92;2021-01-15;977;7;8101;67;0.5;0.0
92;2021-01-16;179;1;8280;68;0.5;0.0
92;2021-01-17;23;0;8303;68;0.5;0.0
92;2021-01-18;1539;23;9842;91;0.6;0.0
92;2021-01-19;1552;20;11394;111;0.7;0.0
92;2021-01-20;1807;14;13201;125;0.8;0.0
92;2021-01-21;3429;21;16630;146;1.0;0.0
92;2021-01-22;2609;42;19239;188;1.2;0.0
92;2021-01-23;137;0;19376;188;1.2;0.0
92;2021-01-24;24;0;19400;188;1.2;0.0
92;2021-01-25;844;14;20244;202;1.3;0.0
92;2021-01-26;1212;12;21456;214;1.3;0.0
92;2021-01-27;2214;96;23670;310;1.5;0.0
92;2021-01-28;4177;189;27847;499;1.7;0.0
92;2021-01-29;2710;265;30557;764;1.9;0.0
92;2021-01-30;322;13;30879;777;1.9;0.0
92;2021-01-31;20;2;30899;779;1.9;0.0
92;2021-02-01;860;322;31759;1101;2.0;0.1
92;2021-02-02;1047;354;32806;1455;2.0;0.1
92;2021-02-03;997;447;33803;1902;2.1;0.1
92;2021-02-04;1040;549;34843;2451;2.2;0.2
92;2021-02-05;1330;501;36173;2952;2.2;0.2
92;2021-02-06;110;17;36283;2969;2.2;0.2
92;2021-02-07;13;14;36296;2983;2.2;0.2
92;2021-02-08;570;734;36866;3717;2.3;0.2
92;2021-02-09;1063;1301;37929;5018;2.4;0.3
92;2021-02-10;1064;1306;38993;6324;2.4;0.4
92;2021-02-11;1495;1926;40488;8250;2.5;0.5
92;2021-02-12;1415;1484;41903;9734;2.6;0.6
92;2021-02-13;69;60;41972;9794;2.6;0.6
92;2021-02-14;18;0;41990;9794;2.6;0.6
92;2021-02-15;568;1660;42558;11454;2.6;0.7
92;2021-02-16;784;2055;43342;13509;2.7;0.8
92;2021-02-17;618;1756;43960;15265;2.7;0.9
92;2021-02-18;1569;3666;45529;18931;2.8;1.2
92;2021-02-19;1728;2659;47257;21590;2.9;1.3
92;2021-02-20;143;402;47400;21992;2.9;1.4
92;2021-02-21;34;53;47434;22045;2.9;1.4
92;2021-02-22;493;1218;47927;23263;3.0;1.4
92;2021-02-23;727;1366;48654;24629;3.0;1.5
92;2021-02-24;608;1297;49262;25926;3.1;1.6
92;2021-02-25;915;1806;50177;27732;3.1;1.7
92;2021-02-26;1454;1371;51631;29103;3.2;1.8
92;2021-02-27;502;190;52133;29293;3.2;1.8
92;2021-02-28;65;56;52198;29349;3.2;1.8
92;2021-03-01;1098;1050;53296;30399;3.3;1.9
92;2021-03-02;1968;1370;55264;31769;3.4;2.0
92;2021-03-03;2790;1099;58054;32868;3.6;2.0
92;2021-03-04;3587;1529;61641;34397;3.8;2.1
92;2021-03-05;4974;1726;66615;36123;4.1;2.2
92;2021-03-06;5717;329;72332;36452;4.5;2.3
92;2021-03-07;2898;237;75230;36689;4.7;2.3
92;2021-03-08;2415;823;77645;37512;4.8;2.3
92;2021-03-09;3436;1030;81081;38542;5.0;2.4
92;2021-03-10;3935;945;85016;39487;5.3;2.4
92;2021-03-11;5012;1397;90028;40884;5.6;2.5
92;2021-03-12;6764;1561;96792;42445;6.0;2.6
92;2021-03-13;5157;235;101949;42680;6.3;2.6
92;2021-03-14;1737;75;103686;42755;6.4;2.6
92;2021-03-15;3793;601;107479;43356;6.7;2.7
92;2021-03-16;3691;600;111170;43956;6.9;2.7
92;2021-03-17;3871;418;115041;44374;7.1;2.7
92;2021-03-18;4125;754;119166;45128;7.4;2.8
92;2021-03-19;5919;731;125085;45859;7.8;2.8
92;2021-03-20;2535;74;127620;45933;7.9;2.8
92;2021-03-21;148;29;127768;45962;7.9;2.8
92;2021-03-22;4114;481;131882;46443;8.2;2.9
92;2021-03-23;6097;875;137979;47318;8.6;2.9
92;2021-03-24;6373;655;144352;47973;8.9;3.0
92;2021-03-25;8435;644;152787;48617;9.5;3.0
92;2021-03-26;8354;904;161141;49521;10.0;3.1
92;2021-03-27;2833;273;163974;49794;10.2;3.1
92;2021-03-28;541;39;164515;49833;10.2;3.1
92;2021-03-29;4656;1054;169171;50887;10.5;3.2
92;2021-03-30;6384;1553;175555;52440;10.9;3.2
92;2021-03-31;5541;2262;181096;54702;11.2;3.4
92;2021-04-01;6263;3681;187359;58383;11.6;3.6
92;2021-04-02;5628;3421;192987;61804;12.0;3.8
92;2021-04-03;870;1417;193857;63221;12.0;3.9
92;2021-04-04;486;1061;194343;64282;12.0;4.0
92;2021-04-05;811;158;195154;64440;12.1;4.0
92;2021-04-06;3649;1958;198803;66398;12.3;4.1
92;2021-04-07;4990;2891;203793;69289;12.6;4.3
92;2021-04-08;5974;3178;209767;72467;13.0;4.5
92;2021-04-09;8029;3056;217796;75523;13.5;4.7
92;2021-04-10;2631;1294;220427;76817;13.7;4.8
92;2021-04-11;156;807;220583;77624;13.7;4.8
92;2021-04-12;3683;2520;224266;80144;13.9;5.0
92;2021-04-13;4378;4429;228644;84573;14.2;5.2
92;2021-04-14;4866;4041;233510;88614;14.5;5.5
92;2021-04-15;5296;3958;238806;92572;14.8;5.7
92;2021-04-16;5071;3863;243877;96435;15.1;6.0
92;2021-04-17;1798;1193;245675;97628;15.2;6.0
92;2021-04-18;346;94;246021;97722;15.2;6.1
92;2021-04-19;2809;2840;248830;100562;15.4;6.2
92;2021-04-20;4190;3757;253020;104319;15.7;6.5
92;2021-04-21;4611;4521;257631;108840;16.0;6.7
92;2021-04-22;4658;5128;262289;113968;16.3;7.1
92;2021-04-23;5232;4697;267521;118665;16.6;7.4
92;2021-04-24;4936;1909;272457;120574;16.9;7.5
92;2021-04-25;1789;150;274246;120724;17.0;7.5
92;2021-04-26;3998;3625;278244;124349;17.2;7.7
92;2021-04-27;6042;5263;284286;129612;17.6;8.0
92;2021-04-28;7379;4504;291665;134116;18.1;8.3
92;2021-04-29;7986;4794;299651;138910;18.6;8.6
92;2021-04-30;8843;4849;308494;143759;19.1;8.9
92;2021-05-01;1201;408;309695;144167;19.2;8.9
92;2021-05-02;662;140;310357;144307;19.2;8.9
92;2021-05-03;6777;3895;317134;148202;19.7;9.2
92;2021-05-04;10418;4372;327552;152574;20.3;9.5
92;2021-05-05;10074;5264;337626;157838;20.9;9.8
92;2021-05-06;11426;4913;349052;162751;21.6;10.1
92;2021-05-07;9858;5298;358910;168049;22.2;10.4
92;2021-05-08;7211;1926;366121;169975;22.7;10.5
92;2021-05-09;3788;599;369909;170574;22.9;10.6
92;2021-05-10;9531;4000;379440;174574;23.5;10.8
92;2021-05-11;13978;5698;393418;180272;24.4;11.2
92;2021-05-12;14283;4587;407701;184859;25.3;11.5
92;2021-05-13;9164;912;416865;185771;25.8;11.5
92;2021-05-14;12029;2316;428894;188087;26.6;11.7
92;2021-05-15;8391;1229;437285;189316;27.1;11.7
92;2021-05-16;4137;451;441422;189767;27.4;11.8
92;2021-05-17;10645;2219;452067;191986;28.0;11.9
92;2021-05-18;16407;3129;468474;195115;29.0;12.1
92;2021-05-19;16032;3722;484506;198837;30.0;12.3
92;2021-05-20;16825;3982;501331;202819;31.1;12.6
92;2021-05-21;14077;3636;515408;206455;31.9;12.8
92;2021-05-22;8315;1517;523723;207972;32.5;12.9
92;2021-05-23;4084;455;527807;208427;32.7;12.9
92;2021-05-24;6122;856;533929;209283;33.1;13.0
92;2021-05-25;13109;4560;547038;213843;33.9;13.3
92;2021-05-26;11929;5041;558967;218884;34.6;13.6
92;2021-05-27;12735;6328;571702;225212;35.4;14.0
92;2021-05-28;11228;6287;582930;231499;36.1;14.3
92;2021-05-29;5448;2303;588378;233802;36.5;14.5
92;2021-05-30;2249;389;590627;234191;36.6;14.5
92;2021-05-31;12056;5306;602683;239497;37.3;14.8
92;2021-06-01;12601;7645;615284;247142;38.1;15.3
92;2021-06-02;14377;7213;629661;254355;39.0;15.8
92;2021-06-03;14585;8033;644246;262388;39.9;16.3
92;2021-06-04;12222;8227;656468;270615;40.7;16.8
92;2021-06-05;7384;6246;663852;276861;41.1;17.2
92;2021-06-06;3593;1674;667445;278535;41.4;17.3
92;2021-06-07;11443;7634;678888;286169;42.1;17.7
92;2021-06-08;12760;9607;691648;295776;42.9;18.3
92;2021-06-09;11657;9476;703305;305252;43.6;18.9
92;2021-06-10;11963;10573;715268;315825;44.3;19.6
92;2021-06-11;8145;11038;723413;326863;44.8;20.3
92;2021-06-12;6361;5100;729774;331963;45.2;20.6
92;2021-06-13;3964;2719;733738;334682;45.5;20.7
92;2021-06-14;5217;11171;738955;345853;45.8;21.4
92;2021-06-15;6520;13134;745475;358987;46.2;22.2
92;2021-06-16;6952;12993;752427;371980;46.6;23.1
92;2021-06-17;7420;14014;759847;385994;47.1;23.9
92;2021-06-18;6897;14395;766744;400389;47.5;24.8
92;2021-06-19;3960;9112;770704;409501;47.8;25.4
92;2021-06-20;1964;5611;772668;415112;47.9;25.7
92;2021-06-21;4836;12274;777504;427386;48.2;26.5
92;2021-06-22;5879;17550;783383;444936;48.5;27.6
92;2021-06-23;5482;15995;788865;460931;48.9;28.6
92;2021-06-24;6202;15125;795067;476056;49.3;29.5
92;2021-06-25;5115;16098;800182;492154;49.6;30.5
92;2021-06-26;4065;10456;804247;502610;49.8;31.1
92;2021-06-27;1859;6049;806106;508659;50.0;31.5
92;2021-06-28;3672;12054;809778;520713;50.2;32.3
92;2021-06-29;4674;18163;814452;538876;50.5;33.4
92;2021-06-30;4442;16232;818894;555108;50.7;34.4
92;2021-07-01;5543;16310;824437;571418;51.1;35.4
92;2021-07-02;4858;15279;829295;586697;51.4;36.4
92;2021-07-03;3301;10183;832596;596880;51.6;37.0
92;2021-07-04;1122;4207;833718;601087;51.7;37.2
92;2021-07-05;4805;12333;838523;613420;52.0;38.0
92;2021-07-06;5277;15816;843800;629236;52.3;39.0
92;2021-07-07;4250;11455;848050;640691;52.6;39.7
92;2021-07-08;5406;14637;853456;655328;52.9;40.6
92;2021-07-09;5876;14209;859332;669537;53.3;41.5
92;2021-07-10;4372;8450;863704;677987;53.5;42.0
92;2021-07-11;1478;2619;865182;680606;53.6;42.2
92;2021-07-12;4382;14634;869564;695240;53.9;43.1
92;2021-07-13;7846;17446;877410;712686;54.4;44.2
92;2021-07-14;5087;5741;882497;718427;54.7;44.5
92;2021-07-15;9554;16247;892051;734674;55.3;45.5
92;2021-07-16;9049;14173;901100;748847;55.8;46.4
92;2021-07-17;6563;7599;907663;756446;56.2;46.9
92;2021-07-18;1834;2481;909497;758927;56.4;47.0
92;2021-07-19;6449;13200;915946;772127;56.8;47.8
92;2021-07-20;10057;14091;926003;786218;57.4;48.7
92;2021-07-21;10423;12109;936426;798327;58.0;49.5
92;2021-07-22;12024;12958;948450;811285;58.8;50.3
92;2021-07-23;11559;11342;960009;822627;59.5;51.0
92;2021-07-24;6719;6249;966728;828876;59.9;51.4
92;2021-07-25;2764;2318;969492;831194;60.1;51.5
92;2021-07-26;9458;9171;978950;840365;60.7;52.1
92;2021-07-27;11439;9589;990389;849954;61.4;52.7
92;2021-07-28;11316;8135;1001705;858089;62.1;53.2
92;2021-07-29;10378;8601;1012083;866690;62.7;53.7
92;2021-07-30;8994;8313;1021077;875003;63.3;54.2
92;2021-07-31;5681;4800;1026758;879803;63.6;54.5
92;2021-08-01;2183;1291;1028941;881094;63.8;54.6
92;2021-08-02;4605;4920;1033546;886014;64.0;54.9
92;2021-08-03;5059;6132;1038605;892146;64.4;55.3
92;2021-08-04;4649;4852;1043254;896998;64.6;55.6
92;2021-08-05;4412;5670;1047666;902668;64.9;55.9
92;2021-08-06;4465;5950;1052131;908618;65.2;56.3
92;2021-08-07;2788;4221;1054919;912839;65.4;56.6
92;2021-08-08;950;1076;1055869;913915;65.4;56.6
92;2021-08-09;3159;4240;1059028;918155;65.6;56.9
92;2021-08-10;3756;5598;1062784;923753;65.9;57.2
92;2021-08-11;3161;4419;1065945;928172;66.1;57.5
92;2021-08-12;3348;5576;1069293;933748;66.3;57.9
92;2021-08-13;2933;5121;1072226;938869;66.4;58.2
92;2021-08-14;1854;3910;1074080;942779;66.6;58.4
92;2021-08-15;572;838;1074652;943617;66.6;58.5
92;2021-08-16;2342;5297;1076994;948914;66.7;58.8
92;2021-08-17;2599;6961;1079593;955875;66.9;59.2
92;2021-08-18;2387;5247;1081980;961122;67.0;59.6
92;2021-08-19;2480;5717;1084460;966839;67.2;59.9
92;2021-08-20;2224;5157;1086684;971996;67.3;60.2
92;2021-08-21;1371;4209;1088055;976205;67.4;60.5
92;2021-08-22;417;1592;1088472;977797;67.4;60.6
93;2020-12-27;10;3;10;3;0.0;0.0
93;2020-12-28;4;0;14;3;0.0;0.0
93;2020-12-29;0;0;14;3;0.0;0.0
93;2020-12-30;44;1;58;4;0.0;0.0
93;2020-12-31;9;0;67;4;0.0;0.0
93;2021-01-01;5;0;72;4;0.0;0.0
93;2021-01-02;0;0;72;4;0.0;0.0
93;2021-01-03;3;0;75;4;0.0;0.0
93;2021-01-04;0;0;75;4;0.0;0.0
93;2021-01-05;62;1;137;5;0.0;0.0
93;2021-01-06;179;0;316;5;0.0;0.0
93;2021-01-07;380;3;696;8;0.0;0.0
93;2021-01-08;631;1;1327;9;0.1;0.0
93;2021-01-09;21;0;1348;9;0.1;0.0
93;2021-01-10;2;0;1350;9;0.1;0.0
93;2021-01-11;502;4;1852;13;0.1;0.0
93;2021-01-12;753;7;2605;20;0.2;0.0
93;2021-01-13;750;6;3355;26;0.2;0.0
93;2021-01-14;686;18;4041;44;0.2;0.0
93;2021-01-15;516;3;4557;47;0.3;0.0
93;2021-01-16;139;3;4696;50;0.3;0.0
93;2021-01-17;6;1;4702;51;0.3;0.0
93;2021-01-18;1198;10;5900;61;0.4;0.0
93;2021-01-19;1612;17;7512;78;0.4;0.0
93;2021-01-20;1557;18;9069;96;0.5;0.0
93;2021-01-21;1917;35;10986;131;0.7;0.0
93;2021-01-22;1387;15;12373;146;0.7;0.0
93;2021-01-23;711;8;13084;154;0.8;0.0
93;2021-01-24;0;0;13084;154;0.8;0.0
93;2021-01-25;1207;16;14291;170;0.9;0.0
93;2021-01-26;1290;38;15581;208;0.9;0.0
93;2021-01-27;2156;72;17737;280;1.1;0.0
93;2021-01-28;2263;207;20000;487;1.2;0.0
93;2021-01-29;1620;228;21620;715;1.3;0.0
93;2021-01-30;927;47;22547;762;1.3;0.0
93;2021-01-31;7;7;22554;769;1.4;0.0
93;2021-02-01;1180;171;23734;940;1.4;0.1
93;2021-02-02;1166;310;24900;1250;1.5;0.1
93;2021-02-03;1231;398;26131;1648;1.6;0.1
93;2021-02-04;923;566;27054;2214;1.6;0.1
93;2021-02-05;797;432;27851;2646;1.7;0.2
93;2021-02-06;694;69;28545;2715;1.7;0.2
93;2021-02-07;3;0;28548;2715;1.7;0.2
93;2021-02-08;911;649;29459;3364;1.8;0.2
93;2021-02-09;851;599;30310;3963;1.8;0.2
93;2021-02-10;880;679;31190;4642;1.9;0.3
93;2021-02-11;1242;833;32432;5475;1.9;0.3
93;2021-02-12;1041;639;33473;6114;2.0;0.4
93;2021-02-13;394;265;33867;6379;2.0;0.4
93;2021-02-14;13;59;33880;6438;2.0;0.4
93;2021-02-15;411;1275;34291;7713;2.1;0.5
93;2021-02-16;548;1236;34839;8949;2.1;0.5
93;2021-02-17;541;1767;35380;10716;2.1;0.6
93;2021-02-18;1133;1877;36513;12593;2.2;0.8
93;2021-02-19;993;1545;37506;14138;2.2;0.8
93;2021-02-20;304;665;37810;14803;2.3;0.9
93;2021-02-21;9;23;37819;14826;2.3;0.9
93;2021-02-22;603;1295;38422;16121;2.3;1.0
93;2021-02-23;563;1128;38985;17249;2.3;1.0
93;2021-02-24;642;1224;39627;18473;2.4;1.1
93;2021-02-25;900;1078;40527;19551;2.4;1.2
93;2021-02-26;1121;984;41648;20535;2.5;1.2
93;2021-02-27;543;621;42191;21156;2.5;1.3
93;2021-02-28;87;57;42278;21213;2.5;1.3
93;2021-03-01;1081;1074;43359;22287;2.6;1.3
93;2021-03-02;1444;1148;44803;23435;2.7;1.4
93;2021-03-03;1739;1191;46542;24626;2.8;1.5
93;2021-03-04;2715;1131;49257;25757;2.9;1.5
93;2021-03-05;3819;898;53076;26655;3.2;1.6
93;2021-03-06;5049;567;58125;27222;3.5;1.6
93;2021-03-07;4301;218;62426;27440;3.7;1.6
93;2021-03-08;2036;1262;64462;28702;3.9;1.7
93;2021-03-09;2915;968;67377;29670;4.0;1.8
93;2021-03-10;2858;1112;70235;30782;4.2;1.8
93;2021-03-11;3565;1251;73800;32033;4.4;1.9
93;2021-03-12;4126;1300;77926;33333;4.7;2.0
93;2021-03-13;4287;632;82213;33965;4.9;2.0
93;2021-03-14;882;71;83095;34036;5.0;2.0
93;2021-03-15;3548;689;86643;34725;5.2;2.1
93;2021-03-16;3161;620;89804;35345;5.4;2.1
93;2021-03-17;2655;602;92459;35947;5.5;2.2
93;2021-03-18;3313;727;95772;36674;5.7;2.2
93;2021-03-19;3765;647;99537;37321;6.0;2.2
93;2021-03-20;3462;301;102999;37622;6.2;2.3
93;2021-03-21;813;271;103812;37893;6.2;2.3
93;2021-03-22;3846;619;107658;38512;6.4;2.3
93;2021-03-23;4762;811;112420;39323;6.7;2.4
93;2021-03-24;4113;682;116533;40005;7.0;2.4
93;2021-03-25;5577;861;122110;40866;7.3;2.4
93;2021-03-26;5547;888;127657;41754;7.6;2.5
93;2021-03-27;4280;310;131937;42064;7.9;2.5
93;2021-03-28;613;40;132550;42104;7.9;2.5
93;2021-03-29;3855;963;136405;43067;8.2;2.6
93;2021-03-30;4724;1267;141129;44334;8.5;2.7
93;2021-03-31;3913;1245;145042;45579;8.7;2.7
93;2021-04-01;4055;3152;149097;48731;8.9;2.9
93;2021-04-02;3221;3562;152318;52293;9.1;3.1
93;2021-04-03;2521;2263;154839;54556;9.3;3.3
93;2021-04-04;763;157;155602;54713;9.3;3.3
93;2021-04-05;707;90;156309;54803;9.4;3.3
93;2021-04-06;4561;2349;160870;57152;9.6;3.4
93;2021-04-07;4904;2095;165774;59247;9.9;3.5
93;2021-04-08;5811;2687;171585;61934;10.3;3.7
93;2021-04-09;6093;3186;177678;65120;10.6;3.9
93;2021-04-10;4197;2493;181875;67613;10.9;4.0
93;2021-04-11;575;433;182450;68046;10.9;4.1
93;2021-04-12;4099;2924;186549;70970;11.2;4.2
93;2021-04-13;4602;3662;191151;74632;11.4;4.5
93;2021-04-14;4360;2480;195511;77112;11.7;4.6
93;2021-04-15;4557;3037;200068;80149;12.0;4.8
93;2021-04-16;4437;2993;204505;83142;12.2;5.0
93;2021-04-17;3517;2508;208022;85650;12.5;5.1
93;2021-04-18;291;434;208313;86084;12.5;5.2
93;2021-04-19;3775;2863;212088;88947;12.7;5.3
93;2021-04-20;4303;3274;216391;92221;13.0;5.5
93;2021-04-21;4142;2772;220533;94993;13.2;5.7
93;2021-04-22;4512;4017;225045;99010;13.5;5.9
93;2021-04-23;5626;3241;230671;102251;13.8;6.1
93;2021-04-24;5924;3328;236595;105579;14.2;6.3
93;2021-04-25;1732;594;238327;106173;14.3;6.4
93;2021-04-26;4858;3083;243185;109256;14.6;6.5
93;2021-04-27;6455;3626;249640;112882;14.9;6.8
93;2021-04-28;6077;3431;255717;116313;15.3;7.0
93;2021-04-29;7301;3246;263018;119559;15.7;7.2
93;2021-04-30;8261;3115;271279;122674;16.2;7.3
93;2021-05-01;4949;1189;276228;123863;16.5;7.4
93;2021-05-02;418;647;276646;124510;16.6;7.5
93;2021-05-03;8166;5120;284812;129630;17.1;7.8
93;2021-05-04;7824;5409;292636;135039;17.5;8.1
93;2021-05-05;7576;4810;300212;139849;18.0;8.4
93;2021-05-06;8250;4777;308462;144626;18.5;8.7
93;2021-05-07;7011;5425;315473;150051;18.9;9.0
93;2021-05-08;8358;2388;323831;152439;19.4;9.1
93;2021-05-09;6121;1367;329952;153806;19.8;9.2
93;2021-05-10;8255;4079;338207;157885;20.3;9.5
93;2021-05-11;9309;4810;347516;162695;20.8;9.7
93;2021-05-12;9187;3656;356703;166351;21.4;10.0
93;2021-05-13;8296;1656;364999;168007;21.9;10.1
93;2021-05-14;10425;3537;375424;171544;22.5;10.3
93;2021-05-15;11128;3008;386552;174552;23.1;10.5
93;2021-05-16;5557;728;392109;175280;23.5;10.5
93;2021-05-17;11896;2262;404005;177542;24.2;10.6
93;2021-05-18;14098;2397;418103;179939;25.0;10.8
93;2021-05-19;11435;2951;429538;182890;25.7;11.0
93;2021-05-20;12619;3482;442157;186372;26.5;11.2
93;2021-05-21;13014;2891;455171;189263;27.3;11.3
93;2021-05-22;12386;2205;467557;191468;28.0;11.5
93;2021-05-23;8481;1108;476038;192576;28.5;11.5
93;2021-05-24;11201;1943;487239;194519;29.2;11.6
93;2021-05-25;12290;4318;499529;198837;29.9;11.9
93;2021-05-26;11070;3751;510599;202588;30.6;12.1
93;2021-05-27;12706;3887;523305;206475;31.3;12.4
93;2021-05-28;12653;5263;535958;211738;32.1;12.7
93;2021-05-29;11395;4265;547353;216003;32.8;12.9
93;2021-05-30;8217;1380;555570;217383;33.3;13.0
93;2021-05-31;9180;5182;564750;222565;33.8;13.3
93;2021-06-01;11387;6281;576137;228846;34.5;13.7
93;2021-06-02;10712;5196;586849;234042;35.1;14.0
93;2021-06-03;10810;5516;597659;239558;35.8;14.3
93;2021-06-04;10608;7806;608267;247364;36.4;14.8
93;2021-06-05;9020;7354;617287;254718;37.0;15.3
93;2021-06-06;8403;1747;625690;256465;37.5;15.4
93;2021-06-07;10069;7529;635759;263994;38.1;15.8
93;2021-06-08;10379;7376;646138;271370;38.7;16.2
93;2021-06-09;10239;7290;656377;278660;39.3;16.7
93;2021-06-10;9005;8186;665382;286846;39.8;17.2
93;2021-06-11;8832;8819;674214;295665;40.4;17.7
93;2021-06-12;9867;6652;684081;302317;41.0;18.1
93;2021-06-13;7169;2126;691250;304443;41.4;18.2
93;2021-06-14;5398;9731;696648;314174;41.7;18.8
93;2021-06-15;6221;9658;702869;323832;42.1;19.4
93;2021-06-16;6648;9058;709517;332890;42.5;19.9
93;2021-06-17;5740;8472;715257;341362;42.8;20.4
93;2021-06-18;7223;11128;722480;352490;43.3;21.1
93;2021-06-19;7078;11098;729558;363588;43.7;21.8
93;2021-06-20;4950;6876;734508;370464;44.0;22.2
93;2021-06-21;4073;10729;738581;381193;44.2;22.8
93;2021-06-22;4669;11310;743250;392503;44.5;23.5
93;2021-06-23;4540;10597;747790;403100;44.8;24.1
93;2021-06-24;4196;10298;751986;413398;45.0;24.8
93;2021-06-25;5180;13054;757166;426452;45.3;25.5
93;2021-06-26;5298;13918;762464;440370;45.7;26.4
93;2021-06-27;3289;7107;765753;447477;45.8;26.8
93;2021-06-28;3692;12512;769445;459989;46.1;27.5
93;2021-06-29;4017;12351;773462;472340;46.3;28.3
93;2021-06-30;4135;11300;777597;483640;46.6;29.0
93;2021-07-01;5917;11162;783514;494802;46.9;29.6
93;2021-07-02;5730;12372;789244;507174;47.3;30.4
93;2021-07-03;5352;13444;794596;520618;47.6;31.2
93;2021-07-04;3080;7887;797676;528505;47.8;31.6
93;2021-07-05;4525;10847;802201;539352;48.0;32.3
93;2021-07-06;4766;11754;806967;551106;48.3;33.0
93;2021-07-07;5030;11414;811997;562520;48.6;33.7
93;2021-07-08;5001;10260;816998;572780;48.9;34.3
93;2021-07-09;5887;13024;822885;585804;49.3;35.1
93;2021-07-10;5886;14280;828771;600084;49.6;35.9
93;2021-07-11;3689;9086;832460;609170;49.8;36.5
93;2021-07-12;5539;12069;837999;621239;50.2;37.2
93;2021-07-13;11092;13284;849091;634523;50.8;38.0
93;2021-07-14;10618;6790;859709;641313;51.5;38.4
93;2021-07-15;12456;14119;872165;655432;52.2;39.2
93;2021-07-16;13108;13683;885273;669115;53.0;40.1
93;2021-07-17;11352;13906;896625;683021;53.7;40.9
93;2021-07-18;7399;8946;904024;691967;54.1;41.4
93;2021-07-19;9575;10913;913599;702880;54.7;42.1
93;2021-07-20;12562;10665;926161;713545;55.5;42.7
93;2021-07-21;14194;10927;940355;724472;56.3;43.4
93;2021-07-22;14084;9446;954439;733918;57.1;43.9
93;2021-07-23;14502;10625;968941;744543;58.0;44.6
93;2021-07-24;13882;10625;982823;755168;58.8;45.2
93;2021-07-25;9008;6340;991831;761508;59.4;45.6
93;2021-07-26;12514;7765;1004345;769273;60.1;46.1
93;2021-07-27;14959;7385;1019304;776658;61.0;46.5
93;2021-07-28;14805;8227;1034109;784885;61.9;47.0
93;2021-07-29;13377;7026;1047486;791911;62.7;47.4
93;2021-07-30;13739;7811;1061225;799722;63.5;47.9
93;2021-07-31;12132;7679;1073357;807401;64.3;48.3
93;2021-08-01;7245;4573;1080602;811974;64.7;48.6
93;2021-08-02;7536;5680;1088138;817654;65.2;49.0
93;2021-08-03;7127;6850;1095265;824504;65.6;49.4
93;2021-08-04;7423;7960;1102688;832464;66.0;49.8
93;2021-08-05;5650;6827;1108338;839291;66.4;50.3
93;2021-08-06;6738;8313;1115076;847604;66.8;50.8
93;2021-08-07;7188;9029;1122264;856633;67.2;51.3
93;2021-08-08;4324;5533;1126588;862166;67.5;51.6
93;2021-08-09;6569;8038;1133157;870204;67.8;52.1
93;2021-08-10;7097;8819;1140254;879023;68.3;52.6
93;2021-08-11;7281;9655;1147535;888678;68.7;53.2
93;2021-08-12;6175;9000;1153710;897678;69.1;53.7
93;2021-08-13;6222;8984;1159932;906662;69.5;54.3
93;2021-08-14;5762;10460;1165694;917122;69.8;54.9
93;2021-08-15;2652;3610;1168346;920732;70.0;55.1
93;2021-08-16;5383;11172;1173729;931904;70.3;55.8
93;2021-08-17;5774;10874;1179503;942778;70.6;56.4
93;2021-08-18;5337;11113;1184840;953891;70.9;57.1
93;2021-08-19;4411;9631;1189251;963522;71.2;57.7
93;2021-08-20;4679;11168;1193930;974690;71.5;58.4
93;2021-08-21;4180;11899;1198110;986589;71.7;59.1
93;2021-08-22;2144;7015;1200254;993604;71.9;59.5
94;2020-12-27;6;0;6;0;0.0;0.0
94;2020-12-28;10;0;16;0;0.0;0.0
94;2020-12-29;0;0;16;0;0.0;0.0
94;2020-12-30;1;0;17;0;0.0;0.0
94;2020-12-31;4;0;21;0;0.0;0.0
94;2021-01-01;4;0;25;0;0.0;0.0
94;2021-01-02;0;0;25;0;0.0;0.0
94;2021-01-03;2;0;27;0;0.0;0.0
94;2021-01-04;35;2;62;2;0.0;0.0
94;2021-01-05;231;2;293;4;0.0;0.0
94;2021-01-06;332;4;625;8;0.0;0.0
94;2021-01-07;690;11;1315;19;0.1;0.0
94;2021-01-08;922;10;2237;29;0.2;0.0
94;2021-01-09;47;0;2284;29;0.2;0.0
94;2021-01-10;18;0;2302;29;0.2;0.0
94;2021-01-11;1013;9;3315;38;0.2;0.0
94;2021-01-12;1345;26;4660;64;0.3;0.0
94;2021-01-13;1407;24;6067;88;0.4;0.0
94;2021-01-14;1540;27;7607;115;0.5;0.0
94;2021-01-15;1219;22;8826;137;0.6;0.0
94;2021-01-16;197;2;9023;139;0.6;0.0
94;2021-01-17;95;1;9118;140;0.6;0.0
94;2021-01-18;1490;28;10608;168;0.8;0.0
94;2021-01-19;1951;27;12559;195;0.9;0.0
94;2021-01-20;2181;20;14740;215;1.0;0.0
94;2021-01-21;3001;16;17741;231;1.3;0.0
94;2021-01-22;2176;19;19917;250;1.4;0.0
94;2021-01-23;732;3;20649;253;1.5;0.0
94;2021-01-24;284;0;20933;253;1.5;0.0
94;2021-01-25;1467;22;22400;275;1.6;0.0
94;2021-01-26;1566;20;23966;295;1.7;0.0
94;2021-01-27;1810;31;25776;326;1.8;0.0
94;2021-01-28;1535;134;27311;460;1.9;0.0
94;2021-01-29;1379;149;28690;609;2.0;0.0
94;2021-01-30;580;4;29270;613;2.1;0.0
94;2021-01-31;120;8;29390;621;2.1;0.0
94;2021-02-01;928;154;30318;775;2.2;0.1
94;2021-02-02;852;255;31170;1030;2.2;0.1
94;2021-02-03;760;370;31930;1400;2.3;0.1
94;2021-02-04;901;434;32831;1834;2.3;0.1
94;2021-02-05;872;574;33703;2408;2.4;0.2
94;2021-02-06;405;75;34108;2483;2.4;0.2
94;2021-02-07;120;0;34228;2483;2.4;0.2
94;2021-02-08;633;549;34861;3032;2.5;0.2
94;2021-02-09;1036;988;35897;4020;2.6;0.3
94;2021-02-10;1101;1369;36998;5389;2.6;0.4
94;2021-02-11;1429;1560;38427;6949;2.7;0.5
94;2021-02-12;1388;1658;39815;8607;2.8;0.6
94;2021-02-13;300;263;40115;8870;2.9;0.6
94;2021-02-14;30;72;40145;8942;2.9;0.6
94;2021-02-15;752;1774;40897;10716;2.9;0.8
94;2021-02-16;702;2754;41599;13470;3.0;1.0
94;2021-02-17;715;1581;42314;15051;3.0;1.1
94;2021-02-18;787;1711;43101;16762;3.1;1.2
94;2021-02-19;966;1467;44067;18229;3.1;1.3
94;2021-02-20;133;925;44200;19154;3.1;1.4
94;2021-02-21;20;185;44220;19339;3.1;1.4
94;2021-02-22;522;1350;44742;20689;3.2;1.5
94;2021-02-23;625;1282;45367;21971;3.2;1.6
94;2021-02-24;693;926;46060;22897;3.3;1.6
94;2021-02-25;1070;1571;47130;24468;3.4;1.7
94;2021-02-26;1323;1075;48453;25543;3.4;1.8
94;2021-02-27;515;555;48968;26098;3.5;1.9
94;2021-02-28;91;84;49059;26182;3.5;1.9
94;2021-03-01;882;946;49941;27128;3.6;1.9
94;2021-03-02;1566;1000;51507;28128;3.7;2.0
94;2021-03-03;1948;1028;53455;29156;3.8;2.1
94;2021-03-04;2859;1196;56314;30352;4.0;2.2
94;2021-03-05;3835;1360;60149;31712;4.3;2.3
94;2021-03-06;4815;588;64964;32300;4.6;2.3
94;2021-03-07;3689;572;68653;32872;4.9;2.3
94;2021-03-08;1915;809;70568;33681;5.0;2.4
94;2021-03-09;2554;938;73122;34619;5.2;2.5
94;2021-03-10;3198;1051;76320;35670;5.4;2.5
94;2021-03-11;3839;947;80159;36617;5.7;2.6
94;2021-03-12;4580;832;84739;37449;6.0;2.7
94;2021-03-13;4129;398;88868;37847;6.3;2.7
94;2021-03-14;2115;159;90983;38006;6.5;2.7
94;2021-03-15;3170;796;94153;38802;6.7;2.8
94;2021-03-16;2774;450;96927;39252;6.9;2.8
94;2021-03-17;2859;465;99786;39717;7.1;2.8
94;2021-03-18;3264;448;103050;40165;7.3;2.9
94;2021-03-19;4272;713;107322;40878;7.6;2.9
94;2021-03-20;3692;296;111014;41174;7.9;2.9
94;2021-03-21;1463;391;112477;41565;8.0;3.0
94;2021-03-22;3217;677;115694;42242;8.2;3.0
94;2021-03-23;4511;742;120205;42984;8.5;3.1
94;2021-03-24;4628;632;124833;43616;8.9;3.1
94;2021-03-25;6322;680;131155;44296;9.3;3.2
94;2021-03-26;6087;843;137242;45139;9.8;3.2
94;2021-03-27;4472;280;141714;45419;10.1;3.2
94;2021-03-28;1887;107;143601;45526;10.2;3.2
94;2021-03-29;4124;1235;147725;46761;10.5;3.3
94;2021-03-30;5300;1361;153025;48122;10.9;3.4
94;2021-03-31;4902;1817;157927;49939;11.2;3.6
94;2021-04-01;5823;2317;163750;52256;11.6;3.7
94;2021-04-02;5246;2336;168996;54592;12.0;3.9
94;2021-04-03;3087;2532;172083;57124;12.2;4.1
94;2021-04-04;1052;780;173135;57904;12.3;4.1
94;2021-04-05;835;162;173970;58066;12.4;4.1
94;2021-04-06;3575;2614;177545;60680;12.6;4.3
94;2021-04-07;3865;2278;181410;62958;12.9;4.5
94;2021-04-08;4623;2062;186033;65020;13.2;4.6
94;2021-04-09;5362;2484;191395;67504;13.6;4.8
94;2021-04-10;2960;3010;194355;70514;13.8;5.0
94;2021-04-11;1267;1770;195622;72284;13.9;5.1
94;2021-04-12;3439;2291;199061;74575;14.2;5.3
94;2021-04-13;4314;3429;203375;78004;14.5;5.5
94;2021-04-14;3904;2703;207279;80707;14.7;5.7
94;2021-04-15;4443;2994;211722;83701;15.1;6.0
94;2021-04-16;4705;2847;216427;86548;15.4;6.2
94;2021-04-17;2462;2769;218889;89317;15.6;6.4
94;2021-04-18;921;1247;219810;90564;15.6;6.4
94;2021-04-19;2976;2448;222786;93012;15.8;6.6
94;2021-04-20;3270;2711;226056;95723;16.1;6.8
94;2021-04-21;3218;3165;229274;98888;16.3;7.0
94;2021-04-22;3911;3650;233185;102538;16.6;7.3
94;2021-04-23;4116;3995;237301;106533;16.9;7.6
94;2021-04-24;4264;3411;241565;109944;17.2;7.8
94;2021-04-25;2409;1503;243974;111447;17.4;7.9
94;2021-04-26;4011;3281;247985;114728;17.6;8.2
94;2021-04-27;5093;3379;253078;118107;18.0;8.4
94;2021-04-28;4830;3636;257908;121743;18.3;8.7
94;2021-04-29;6417;3818;264325;125561;18.8;8.9
94;2021-04-30;6485;3947;270810;129508;19.3;9.2
94;2021-05-01;4057;1064;274867;130572;19.5;9.3
94;2021-05-02;3053;1473;277920;132045;19.8;9.4
94;2021-05-03;5736;5345;283656;137390;20.2;9.8
94;2021-05-04;6099;3574;289755;140964;20.6;10.0
94;2021-05-05;6184;3430;295939;144394;21.0;10.3
94;2021-05-06;7157;3541;303096;147935;21.6;10.5
94;2021-05-07;6675;4124;309771;152059;22.0;10.8
94;2021-05-08;4900;2553;314671;154612;22.4;11.0
94;2021-05-09;4226;2254;318897;156866;22.7;11.2
94;2021-05-10;7718;3134;326615;160000;23.2;11.4
94;2021-05-11;8974;3935;335589;163935;23.9;11.7
94;2021-05-12;9574;3607;345163;167542;24.5;11.9
94;2021-05-13;8677;1372;353840;168914;25.2;12.0
94;2021-05-14;9872;3324;363712;172238;25.9;12.2
94;2021-05-15;8943;2169;372655;174407;26.5;12.4
94;2021-05-16;5069;909;377724;175316;26.9;12.5
94;2021-05-17;10839;2256;388563;177572;27.6;12.6
94;2021-05-18;11297;2457;399860;180029;28.4;12.8
94;2021-05-19;11671;3599;411531;183628;29.3;13.1
94;2021-05-20;12153;4367;423684;187995;30.1;13.4
94;2021-05-21;11874;3163;435558;191158;31.0;13.6
94;2021-05-22;10292;1970;445850;193128;31.7;13.7
94;2021-05-23;5003;711;450853;193839;32.1;13.8
94;2021-05-24;9663;1348;460516;195187;32.8;13.9
94;2021-05-25;10003;4267;470519;199454;33.5;14.2
94;2021-05-26;10280;3317;480799;202771;34.2;14.4
94;2021-05-27;10865;4590;491664;207361;35.0;14.7
94;2021-05-28;10448;4956;502112;212317;35.7;15.1
94;2021-05-29;9874;3455;511986;215772;36.4;15.3
94;2021-05-30;4787;931;516773;216703;36.8;15.4
94;2021-05-31;9986;4239;526759;220942;37.5;15.7
94;2021-06-01;10318;5107;537077;226049;38.2;16.1
94;2021-06-02;9362;4595;546439;230644;38.9;16.4
94;2021-06-03;9564;5602;556003;236246;39.5;16.8
94;2021-06-04;10415;6538;566418;242784;40.3;17.3
94;2021-06-05;9201;6263;575619;249047;40.9;17.7
94;2021-06-06;3985;1851;579604;250898;41.2;17.8
94;2021-06-07;8678;5978;588282;256876;41.8;18.3
94;2021-06-08;9012;7537;597294;264413;42.5;18.8
94;2021-06-09;8951;8165;606245;272578;43.1;19.4
94;2021-06-10;8804;10983;615049;283561;43.7;20.2
94;2021-06-11;7853;8390;622902;291951;44.3;20.8
94;2021-06-12;10263;6847;633165;298798;45.0;21.3
94;2021-06-13;3470;3259;636635;302057;45.3;21.5
94;2021-06-14;6964;8217;643599;310274;45.8;22.1
94;2021-06-15;7736;8814;651335;319088;46.3;22.7
94;2021-06-16;7242;8275;658577;327363;46.8;23.3
94;2021-06-17;6703;9073;665280;336436;47.3;23.9
94;2021-06-18;6582;11960;671862;348396;47.8;24.8
94;2021-06-19;6013;9594;677875;357990;48.2;25.5
94;2021-06-20;1889;4012;679764;362002;48.3;25.7
94;2021-06-21;4531;11184;684295;373186;48.7;26.5
94;2021-06-22;4843;10813;689138;383999;49.0;27.3
94;2021-06-23;4175;11158;693313;395157;49.3;28.1
94;2021-06-24;4967;10336;698280;405493;49.7;28.8
94;2021-06-25;4287;13742;702567;419235;50.0;29.8
94;2021-06-26;3137;11995;705704;431230;50.2;30.7
94;2021-06-27;1059;4997;706763;436227;50.3;31.0
94;2021-06-28;3498;12078;710261;448305;50.5;31.9
94;2021-06-29;4047;12180;714308;460485;50.8;32.8
94;2021-06-30;4445;11645;718753;472130;51.1;33.6
94;2021-07-01;5229;11106;723982;483236;51.5;34.4
94;2021-07-02;5568;12195;729550;495431;51.9;35.2
94;2021-07-03;3713;11806;733263;507237;52.2;36.1
94;2021-07-04;1514;5086;734777;512323;52.3;36.4
94;2021-07-05;4467;11434;739244;523757;52.6;37.3
94;2021-07-06;4529;10900;743773;534657;52.9;38.0
94;2021-07-07;4980;11075;748753;545732;53.3;38.8
94;2021-07-08;5060;10030;753813;555762;53.6;39.5
94;2021-07-09;6055;11868;759868;567630;54.0;40.4
94;2021-07-10;4105;11361;763973;578991;54.3;41.2
94;2021-07-11;1550;4716;765523;583707;54.4;41.5
94;2021-07-12;4273;11971;769796;595678;54.7;42.4
94;2021-07-13;6398;12033;776194;607711;55.2;43.2
94;2021-07-14;4144;5292;780338;613003;55.5;43.6
94;2021-07-15;7180;12363;787518;625366;56.0;44.5
94;2021-07-16;7546;11304;795064;636670;56.5;45.3
94;2021-07-17;6034;11314;801098;647984;57.0;46.1
94;2021-07-18;2606;4021;803704;652005;57.2;46.4
94;2021-07-19;6669;10437;810373;662442;57.6;47.1
94;2021-07-20;8430;10379;818803;672821;58.2;47.9
94;2021-07-21;8711;9567;827514;682388;58.9;48.5
94;2021-07-22;9724;9408;837238;691796;59.5;49.2
94;2021-07-23;9021;9401;846259;701197;60.2;49.9
94;2021-07-24;7142;8872;853401;710069;60.7;50.5
94;2021-07-25;2185;2736;855586;712805;60.9;50.7
94;2021-07-26;7849;8085;863435;720890;61.4;51.3
94;2021-07-27;8684;7123;872119;728013;62.0;51.8
94;2021-07-28;8872;6558;880991;734571;62.7;52.2
94;2021-07-29;8909;6344;889900;740915;63.3;52.7
94;2021-07-30;7765;6562;897665;747477;63.8;53.2
94;2021-07-31;7135;6297;904800;753774;64.4;53.6
94;2021-08-01;3167;1784;907967;755558;64.6;53.7
94;2021-08-02;6070;5462;914037;761020;65.0;54.1
94;2021-08-03;6138;5186;920175;766206;65.4;54.5
94;2021-08-04;6025;5113;926200;771319;65.9;54.9
94;2021-08-05;5711;5443;931911;776762;66.3;55.2
94;2021-08-06;5494;5818;937405;782580;66.7;55.7
94;2021-08-07;4194;4467;941599;787047;67.0;56.0
94;2021-08-08;1354;1704;942953;788751;67.1;56.1
94;2021-08-09;4820;6794;947773;795545;67.4;56.6
94;2021-08-10;5285;6520;953058;802065;67.8;57.0
94;2021-08-11;4189;5913;957247;807978;68.1;57.5
94;2021-08-12;4297;6474;961544;814452;68.4;57.9
94;2021-08-13;3647;5764;965191;820216;68.6;58.3
94;2021-08-14;2854;5725;968045;825941;68.8;58.7
94;2021-08-15;446;730;968491;826671;68.9;58.8
94;2021-08-16;3421;8247;971912;834918;69.1;59.4
94;2021-08-17;3322;8120;975234;843038;69.4;60.0
94;2021-08-18;3217;8586;978451;851624;69.6;60.6
94;2021-08-19;3248;6872;981699;858496;69.8;61.1
94;2021-08-20;2829;7715;984528;866211;70.0;61.6
94;2021-08-21;2504;7143;987032;873354;70.2;62.1
94;2021-08-22;884;2727;987916;876081;70.3;62.3
95;2020-12-27;3;0;3;0;0.0;0.0
95;2020-12-28;4;0;7;0;0.0;0.0
95;2020-12-29;0;0;7;0;0.0;0.0
95;2020-12-30;0;0;7;0;0.0;0.0
95;2020-12-31;2;0;9;0;0.0;0.0
95;2021-01-01;0;0;9;0;0.0;0.0
95;2021-01-02;13;0;22;0;0.0;0.0
95;2021-01-03;1;0;23;0;0.0;0.0
95;2021-01-04;48;0;71;0;0.0;0.0
95;2021-01-05;311;0;382;0;0.0;0.0
95;2021-01-06;192;0;574;0;0.0;0.0
95;2021-01-07;130;0;704;0;0.1;0.0
95;2021-01-08;277;1;981;1;0.1;0.0
95;2021-01-09;251;0;1232;1;0.1;0.0
95;2021-01-10;382;1;1614;2;0.1;0.0
95;2021-01-11;489;1;2103;3;0.2;0.0
95;2021-01-12;862;1;2965;4;0.2;0.0
95;2021-01-13;781;13;3746;17;0.3;0.0
95;2021-01-14;887;13;4633;30;0.4;0.0
95;2021-01-15;758;5;5391;35;0.4;0.0
95;2021-01-16;298;3;5689;38;0.5;0.0
95;2021-01-17;221;1;5910;39;0.5;0.0
95;2021-01-18;1338;5;7248;44;0.6;0.0
95;2021-01-19;1573;6;8821;50;0.7;0.0
95;2021-01-20;2038;5;10859;55;0.9;0.0
95;2021-01-21;1853;4;12712;59;1.0;0.0
95;2021-01-22;1326;5;14038;64;1.1;0.0
95;2021-01-23;648;0;14686;64;1.2;0.0
95;2021-01-24;181;0;14867;64;1.2;0.0
95;2021-01-25;796;37;15663;101;1.3;0.0
95;2021-01-26;987;160;16650;261;1.3;0.0
95;2021-01-27;1250;192;17900;453;1.4;0.0
95;2021-01-28;1719;36;19619;489;1.6;0.0
95;2021-01-29;1247;212;20866;701;1.7;0.1
95;2021-01-30;477;5;21343;706;1.7;0.1
95;2021-01-31;212;2;21555;708;1.7;0.1
95;2021-02-01;565;275;22120;983;1.8;0.1
95;2021-02-02;527;270;22647;1253;1.8;0.1
95;2021-02-03;612;519;23259;1772;1.9;0.1
95;2021-02-04;1065;370;24324;2142;1.9;0.2
95;2021-02-05;732;307;25056;2449;2.0;0.2
95;2021-02-06;335;255;25391;2704;2.0;0.2
95;2021-02-07;141;414;25532;3118;2.0;0.2
95;2021-02-08;764;345;26296;3463;2.1;0.3
95;2021-02-09;1131;1093;27427;4556;2.2;0.4
95;2021-02-10;1261;1410;28688;5966;2.3;0.5
95;2021-02-11;1386;1146;30074;7112;2.4;0.6
95;2021-02-12;1031;992;31105;8104;2.5;0.6
95;2021-02-13;329;319;31434;8423;2.5;0.7
95;2021-02-14;39;190;31473;8613;2.5;0.7
95;2021-02-15;425;1068;31898;9681;2.6;0.8
95;2021-02-16;493;925;32391;10606;2.6;0.8
95;2021-02-17;654;1141;33045;11747;2.6;0.9
95;2021-02-18;721;1694;33766;13441;2.7;1.1
95;2021-02-19;783;1309;34549;14750;2.8;1.2
95;2021-02-20;305;493;34854;15243;2.8;1.2
95;2021-02-21;165;318;35019;15561;2.8;1.2
95;2021-02-22;327;1023;35346;16584;2.8;1.3
95;2021-02-23;368;733;35714;17317;2.9;1.4
95;2021-02-24;309;884;36023;18201;2.9;1.5
95;2021-02-25;721;1134;36744;19335;2.9;1.5
95;2021-02-26;989;889;37733;20224;3.0;1.6
95;2021-02-27;365;434;38098;20658;3.1;1.7
95;2021-02-28;61;236;38159;20894;3.1;1.7
95;2021-03-01;770;591;38929;21485;3.1;1.7
95;2021-03-02;1320;857;40249;22342;3.2;1.8
95;2021-03-03;1597;985;41846;23327;3.4;1.9
95;2021-03-04;3192;1205;45038;24532;3.6;2.0
95;2021-03-05;3652;1102;48690;25634;3.9;2.1
95;2021-03-06;4005;502;52695;26136;4.2;2.1
95;2021-03-07;4221;324;56916;26460;4.6;2.1
95;2021-03-08;1541;871;58457;27331;4.7;2.2
95;2021-03-09;2621;505;61078;27836;4.9;2.2
95;2021-03-10;2342;856;63420;28692;5.1;2.3
95;2021-03-11;3136;1149;66556;29841;5.3;2.4
95;2021-03-12;3517;805;70073;30646;5.6;2.5
95;2021-03-13;3519;419;73592;31065;5.9;2.5
95;2021-03-14;1984;301;75576;31366;6.1;2.5
95;2021-03-15;2372;322;77948;31688;6.2;2.5
95;2021-03-16;1574;418;79522;32106;6.4;2.6
95;2021-03-17;2103;419;81625;32525;6.5;2.6
95;2021-03-18;2798;370;84423;32895;6.8;2.6
95;2021-03-19;3475;366;87898;33261;7.0;2.7
95;2021-03-20;2591;207;90489;33468;7.2;2.7
95;2021-03-21;1199;246;91688;33714;7.3;2.7
95;2021-03-22;2937;368;94625;34082;7.6;2.7
95;2021-03-23;3433;456;98058;34538;7.9;2.8
95;2021-03-24;3940;518;101998;35056;8.2;2.8
95;2021-03-25;5857;654;107855;35710;8.6;2.9
95;2021-03-26;5429;686;113284;36396;9.1;2.9
95;2021-03-27;3749;220;117033;36616;9.4;2.9
95;2021-03-28;1533;118;118566;36734;9.5;2.9
95;2021-03-29;2893;578;121459;37312;9.7;3.0
95;2021-03-30;3885;1241;125344;38553;10.0;3.1
95;2021-03-31;3658;1668;129002;40221;10.3;3.2
95;2021-04-01;5481;2275;134483;42496;10.8;3.4
95;2021-04-02;3561;2764;138044;45260;11.1;3.6
95;2021-04-03;2092;2488;140136;47748;11.2;3.8
95;2021-04-04;1245;1201;141381;48949;11.3;3.9
95;2021-04-05;594;64;141975;49013;11.4;3.9
95;2021-04-06;1856;1538;143831;50551;11.5;4.0
95;2021-04-07;4950;2185;148781;52736;11.9;4.2
95;2021-04-08;4897;2462;153678;55198;12.3;4.4
95;2021-04-09;5434;2338;159112;57536;12.7;4.6
95;2021-04-10;3708;1435;162820;58971;13.0;4.7
95;2021-04-11;1566;1037;164386;60008;13.2;4.8
95;2021-04-12;3252;1622;167638;61630;13.4;4.9
95;2021-04-13;3141;1687;170779;63317;13.7;5.1
95;2021-04-14;2748;1994;173527;65311;13.9;5.2
95;2021-04-15;3899;3339;177426;68650;14.2;5.5
95;2021-04-16;4064;3034;181490;71684;14.5;5.7
95;2021-04-17;2375;1757;183865;73441;14.7;5.9
95;2021-04-18;1508;1021;185373;74462;14.8;6.0
95;2021-04-19;2568;2370;187941;76832;15.1;6.2
95;2021-04-20;2120;2455;190061;79287;15.2;6.4
95;2021-04-21;3931;2634;193992;81921;15.5;6.6
95;2021-04-22;3411;4629;197403;86550;15.8;6.9
95;2021-04-23;2767;3564;200170;90114;16.0;7.2
95;2021-04-24;3570;2588;203740;92702;16.3;7.4
95;2021-04-25;1961;1549;205701;94251;16.5;7.6
95;2021-04-26;2749;2707;208450;96958;16.7;7.8
95;2021-04-27;3850;2176;212300;99134;17.0;7.9
95;2021-04-28;3889;2671;216189;101805;17.3;8.2
95;2021-04-29;6140;4551;222329;106356;17.8;8.5
95;2021-04-30;6902;2936;229231;109292;18.4;8.8
95;2021-05-01;2368;917;231599;110209;18.6;8.8
95;2021-05-02;2447;1498;234046;111707;18.7;8.9
95;2021-05-03;5125;1927;239171;113634;19.2;9.1
95;2021-05-04;6354;2720;245525;116354;19.7;9.3
95;2021-05-05;5146;3809;250671;120163;20.1;9.6
95;2021-05-06;8203;4927;258874;125090;20.7;10.0
95;2021-05-07;5775;4750;264649;129840;21.2;10.4
95;2021-05-08;5741;1530;270390;131370;21.7;10.5
95;2021-05-09;2827;1583;273217;132953;21.9;10.7
95;2021-05-10;9963;3187;283180;136140;22.7;10.9
95;2021-05-11;8449;3460;291629;139600;23.4;11.2
95;2021-05-12;9461;3221;301090;142821;24.1;11.4
95;2021-05-13;7956;1205;309046;144026;24.8;11.5
95;2021-05-14;7015;1909;316061;145935;25.3;11.7
95;2021-05-15;4512;1070;320573;147005;25.7;11.8
95;2021-05-16;4823;834;325396;147839;26.1;11.8
95;2021-05-17;7740;1348;333136;149187;26.7;12.0
95;2021-05-18;9467;1861;342603;151048;27.4;12.1
95;2021-05-19;9244;2508;351847;153556;28.2;12.3
95;2021-05-20;12584;2447;364431;156003;29.2;12.5
95;2021-05-21;10178;2539;374609;158542;30.0;12.7
95;2021-05-22;9399;1561;384008;160103;30.8;12.8
95;2021-05-23;4142;953;388150;161056;31.1;12.9
95;2021-05-24;2398;537;390548;161593;31.3;12.9
95;2021-05-25;7212;2081;397760;163674;31.9;13.1
95;2021-05-26;8850;3126;406610;166800;32.6;13.4
95;2021-05-27;10363;4433;416973;171233;33.4;13.7
95;2021-05-28;7687;4424;424660;175657;34.0;14.1
95;2021-05-29;5265;2764;429925;178421;34.4;14.3
95;2021-05-30;3732;1700;433657;180121;34.7;14.4
95;2021-05-31;6430;3327;440087;183448;35.3;14.7
95;2021-06-01;8784;3809;448871;187257;36.0;15.0
95;2021-06-02;8796;4745;457667;192002;36.7;15.4
95;2021-06-03;8527;6559;466194;198561;37.3;15.9
95;2021-06-04;8884;4405;475078;202966;38.1;16.3
95;2021-06-05;8341;3745;483419;206711;38.7;16.6
95;2021-06-06;4834;1613;488253;208324;39.1;16.7
95;2021-06-07;6059;4541;494312;212865;39.6;17.1
95;2021-06-08;6553;5517;500865;218382;40.1;17.5
95;2021-06-09;6266;6470;507131;224852;40.6;18.0
95;2021-06-10;6432;6815;513563;231667;41.1;18.6
95;2021-06-11;7232;6440;520795;238107;41.7;19.1
95;2021-06-12;6007;4375;526802;242482;42.2;19.4
95;2021-06-13;2084;3285;528886;245767;42.4;19.7
95;2021-06-14;5371;5989;534257;251756;42.8;20.2
95;2021-06-15;5747;8073;540004;259829;43.3;20.8
95;2021-06-16;5490;7534;545494;267363;43.7;21.4
95;2021-06-17;6607;8159;552101;275522;44.2;22.1
95;2021-06-18;5831;7855;557932;283377;44.7;22.7
95;2021-06-19;4969;8924;562901;292301;45.1;23.4
95;2021-06-20;1430;3310;564331;295611;45.2;23.7
95;2021-06-21;3542;7717;567873;303328;45.5;24.3
95;2021-06-22;5071;9045;572944;312373;45.9;25.0
95;2021-06-23;4780;10876;577724;323249;46.3;25.9
95;2021-06-24;4939;10722;582663;333971;46.7;26.8
95;2021-06-25;4889;10358;587552;344329;47.1;27.6
95;2021-06-26;4324;8483;591876;352812;47.4;28.3
95;2021-06-27;1032;3992;592908;356804;47.5;28.6
95;2021-06-28;2742;9490;595650;366294;47.7;29.3
95;2021-06-29;2535;8790;598185;375084;47.9;30.0
95;2021-06-30;3953;9991;602138;385075;48.2;30.8
95;2021-07-01;4554;11165;606692;396240;48.6;31.7
95;2021-07-02;4269;10548;610961;406788;48.9;32.6
95;2021-07-03;3538;9154;614499;415942;49.2;33.3
95;2021-07-04;1274;3403;615773;419345;49.3;33.6
95;2021-07-05;2351;4375;618124;423720;49.5;33.9
95;2021-07-06;2673;7748;620797;431468;49.7;34.6
95;2021-07-07;3961;9624;624758;441092;50.0;35.3
95;2021-07-08;5314;9817;630072;450909;50.5;36.1
95;2021-07-09;4554;10078;634626;460987;50.8;36.9
95;2021-07-10;3397;7389;638023;468376;51.1;37.5
95;2021-07-11;1523;3601;639546;471977;51.2;37.8
95;2021-07-12;2980;9682;642526;481659;51.5;38.6
95;2021-07-13;5053;10063;647579;491722;51.9;39.4
95;2021-07-14;4425;5727;652004;497449;52.2;39.8
95;2021-07-15;7387;12351;659391;509800;52.8;40.8
95;2021-07-16;7973;11983;667364;521783;53.5;41.8
95;2021-07-17;5053;7814;672417;529597;53.9;42.4
95;2021-07-18;3480;2899;675897;532496;54.1;42.7
95;2021-07-19;4834;6862;680731;539358;54.5;43.2
95;2021-07-20;6929;8376;687660;547734;55.1;43.9
95;2021-07-21;9230;9440;696890;557174;55.8;44.6
95;2021-07-22;10107;9703;706997;566877;56.6;45.4
95;2021-07-23;10879;10196;717876;577073;57.5;46.2
95;2021-07-24;5252;6235;723128;583308;57.9;46.7
95;2021-07-25;2206;2280;725334;585588;58.1;46.9
95;2021-07-26;4499;4011;729833;589599;58.5;47.2
95;2021-07-27;8447;7042;738280;596641;59.1;47.8
95;2021-07-28;9669;7540;747949;604181;59.9;48.4
95;2021-07-29;8387;5464;756336;609645;60.6;48.8
95;2021-07-30;8458;7762;764794;617407;61.3;49.5
95;2021-07-31;4222;4116;769016;621523;61.6;49.8
95;2021-08-01;2286;1369;771302;622892;61.8;49.9
95;2021-08-02;4097;3899;775399;626791;62.1;50.2
95;2021-08-03;6070;5513;781469;632304;62.6;50.7
95;2021-08-04;6412;6066;787881;638370;63.1;51.1
95;2021-08-05;6801;5722;794682;644092;63.7;51.6
95;2021-08-06;6453;7068;801135;651160;64.2;52.2
95;2021-08-07;2824;3199;803959;654359;64.4;52.4
95;2021-08-08;1326;1883;805285;656242;64.5;52.6
95;2021-08-09;3875;5035;809160;661277;64.8;53.0
95;2021-08-10;5186;5845;814346;667122;65.2;53.4
95;2021-08-11;5314;6544;819660;673666;65.7;54.0
95;2021-08-12;5181;6340;824841;680006;66.1;54.5
95;2021-08-13;3784;5448;828625;685454;66.4;54.9
95;2021-08-14;3540;3309;832165;688763;66.7;55.2
95;2021-08-15;269;349;832434;689112;66.7;55.2
95;2021-08-16;2785;6032;835219;695144;66.9;55.7
95;2021-08-17;3547;7242;838766;702386;67.2;56.3
95;2021-08-18;4209;8058;842975;710444;67.5;56.9
95;2021-08-19;3668;6546;846643;716990;67.8;57.4
95;2021-08-20;3736;7902;850379;724892;68.1;58.1
95;2021-08-21;2685;4269;853064;729161;68.3;58.4
95;2021-08-22;818;2378;853882;731539;68.4;58.6
971;2020-12-27;0;0;0;0;0.0;0.0
971;2020-12-28;0;0;0;0;0.0;0.0
971;2020-12-29;0;0;0;0;0.0;0.0
971;2020-12-30;0;0;0;0;0.0;0.0
971;2020-12-31;0;0;0;0;0.0;0.0
971;2021-01-01;1;0;1;0;0.0;0.0
971;2021-01-02;0;0;1;0;0.0;0.0
971;2021-01-03;0;0;1;0;0.0;0.0
971;2021-01-04;1;0;2;0;0.0;0.0
971;2021-01-05;0;0;2;0;0.0;0.0
971;2021-01-06;1;0;3;0;0.0;0.0
971;2021-01-07;0;0;3;0;0.0;0.0
971;2021-01-08;56;1;59;1;0.0;0.0
971;2021-01-09;20;0;79;1;0.0;0.0
971;2021-01-10;0;0;79;1;0.0;0.0
971;2021-01-11;60;0;139;1;0.0;0.0
971;2021-01-12;45;0;184;1;0.0;0.0
971;2021-01-13;47;1;231;2;0.1;0.0
971;2021-01-14;63;0;294;2;0.1;0.0
971;2021-01-15;77;0;371;2;0.1;0.0
971;2021-01-16;0;0;371;2;0.1;0.0
971;2021-01-17;0;0;371;2;0.1;0.0
971;2021-01-18;80;1;451;3;0.1;0.0
971;2021-01-19;145;0;596;3;0.2;0.0
971;2021-01-20;135;0;731;3;0.2;0.0
971;2021-01-21;154;1;885;4;0.2;0.0
971;2021-01-22;135;0;1020;4;0.3;0.0
971;2021-01-23;1;0;1021;4;0.3;0.0
971;2021-01-24;0;0;1021;4;0.3;0.0
971;2021-01-25;202;1;1223;5;0.3;0.0
971;2021-01-26;217;1;1440;6;0.4;0.0
971;2021-01-27;236;0;1676;6;0.4;0.0
971;2021-01-28;241;4;1917;10;0.5;0.0
971;2021-01-29;197;2;2114;12;0.6;0.0
971;2021-01-30;24;0;2138;12;0.6;0.0
971;2021-01-31;1;0;2139;12;0.6;0.0
971;2021-02-01;229;4;2368;16;0.6;0.0
971;2021-02-02;243;24;2611;40;0.7;0.0
971;2021-02-03;225;3;2836;43;0.8;0.0
971;2021-02-04;302;23;3138;66;0.8;0.0
971;2021-02-05;278;33;3416;99;0.9;0.0
971;2021-02-06;49;1;3465;100;0.9;0.0
971;2021-02-07;0;0;3465;100;0.9;0.0
971;2021-02-08;256;22;3721;122;1.0;0.0
971;2021-02-09;316;29;4037;151;1.1;0.0
971;2021-02-10;245;29;4282;180;1.1;0.0
971;2021-02-11;297;111;4579;291;1.2;0.1
971;2021-02-12;288;27;4867;318;1.3;0.1
971;2021-02-13;50;7;4917;325;1.3;0.1
971;2021-02-14;19;36;4936;361;1.3;0.1
971;2021-02-15;85;46;5021;407;1.3;0.1
971;2021-02-16;16;1;5037;408;1.3;0.1
971;2021-02-17;17;1;5054;409;1.3;0.1
971;2021-02-18;246;16;5300;425;1.4;0.1
971;2021-02-19;245;21;5545;446;1.5;0.1
971;2021-02-20;49;0;5594;446;1.5;0.1
971;2021-02-21;1;0;5595;446;1.5;0.1
971;2021-02-22;181;65;5776;511;1.5;0.1
971;2021-02-23;198;74;5974;585;1.6;0.2
971;2021-02-24;335;126;6309;711;1.7;0.2
971;2021-02-25;378;81;6687;792;1.8;0.2
971;2021-02-26;224;84;6911;876;1.8;0.2
971;2021-02-27;65;0;6976;876;1.9;0.2
971;2021-02-28;1;0;6977;876;1.9;0.2
971;2021-03-01;172;82;7149;958;1.9;0.3
971;2021-03-02;274;134;7423;1092;2.0;0.3
971;2021-03-03;240;121;7663;1213;2.0;0.3
971;2021-03-04;328;85;7991;1298;2.1;0.3
971;2021-03-05;365;152;8356;1450;2.2;0.4
971;2021-03-06;599;9;8955;1459;2.4;0.4
971;2021-03-07;1;0;8956;1459;2.4;0.4
971;2021-03-08;318;140;9274;1599;2.5;0.4
971;2021-03-09;387;156;9661;1755;2.6;0.5
971;2021-03-10;424;163;10085;1918;2.7;0.5
971;2021-03-11;123;46;10208;1964;2.7;0.5
971;2021-03-12;504;228;10712;2192;2.8;0.6
971;2021-03-13;137;3;10849;2195;2.9;0.6
971;2021-03-14;14;23;10863;2218;2.9;0.6
971;2021-03-15;425;46;11288;2264;3.0;0.6
971;2021-03-16;485;84;11773;2348;3.1;0.6
971;2021-03-17;470;73;12243;2421;3.2;0.6
971;2021-03-18;583;85;12826;2506;3.4;0.7
971;2021-03-19;582;91;13408;2597;3.6;0.7
971;2021-03-20;177;18;13585;2615;3.6;0.7
971;2021-03-21;8;0;13593;2615;3.6;0.7
971;2021-03-22;357;88;13950;2703;3.7;0.7
971;2021-03-23;538;157;14488;2860;3.8;0.8
971;2021-03-24;472;109;14960;2969;4.0;0.8
971;2021-03-25;759;183;15719;3152;4.2;0.8
971;2021-03-26;644;123;16363;3275;4.3;0.9
971;2021-03-27;290;35;16653;3310;4.4;0.9
971;2021-03-28;24;1;16677;3311;4.4;0.9
971;2021-03-29;384;83;17061;3394;4.5;0.9
971;2021-03-30;624;164;17685;3558;4.7;0.9
971;2021-03-31;546;133;18231;3691;4.8;1.0
971;2021-04-01;660;198;18891;3889;5.0;1.0
971;2021-04-02;38;35;18929;3924;5.0;1.0
971;2021-04-03;58;2;18987;3926;5.0;1.0
971;2021-04-04;4;18;18991;3944;5.0;1.0
971;2021-04-05;13;0;19004;3944;5.0;1.0
971;2021-04-06;481;193;19485;4137;5.2;1.1
971;2021-04-07;581;118;20066;4255;5.3;1.1
971;2021-04-08;512;159;20578;4414;5.5;1.2
971;2021-04-09;490;210;21068;4624;5.6;1.2
971;2021-04-10;101;4;21169;4628;5.6;1.2
971;2021-04-11;8;11;21177;4639;5.6;1.2
971;2021-04-12;304;263;21481;4902;5.7;1.3
971;2021-04-13;555;325;22036;5227;5.8;1.4
971;2021-04-14;438;226;22474;5453;6.0;1.4
971;2021-04-15;553;312;23027;5765;6.1;1.5
971;2021-04-16;564;274;23591;6039;6.3;1.6
971;2021-04-17;211;4;23802;6043;6.3;1.6
971;2021-04-18;6;14;23808;6057;6.3;1.6
971;2021-04-19;404;243;24212;6300;6.4;1.7
971;2021-04-20;726;347;24938;6647;6.6;1.8
971;2021-04-21;625;316;25563;6963;6.8;1.8
971;2021-04-22;811;335;26374;7298;7.0;1.9
971;2021-04-23;846;250;27220;7548;7.2;2.0
971;2021-04-24;389;75;27609;7623;7.3;2.0
971;2021-04-25;601;64;28210;7687;7.5;2.0
971;2021-04-26;966;217;29176;7904;7.7;2.1
971;2021-04-27;707;236;29883;8140;7.9;2.2
971;2021-04-28;864;266;30747;8406;8.2;2.2
971;2021-04-29;1202;207;31949;8613;8.5;2.3
971;2021-04-30;1269;186;33218;8799;8.8;2.3
971;2021-05-01;604;42;33822;8841;9.0;2.3
971;2021-05-02;355;18;34177;8859;9.1;2.4
971;2021-05-03;920;187;35097;9046;9.3;2.4
971;2021-05-04;959;207;36056;9253;9.6;2.5
971;2021-05-05;1014;252;37070;9505;9.8;2.5
971;2021-05-06;1146;176;38216;9681;10.1;2.6
971;2021-05-07;1262;272;39478;9953;10.5;2.6
971;2021-05-08;322;36;39800;9989;10.6;2.7
971;2021-05-09;183;10;39983;9999;10.6;2.7
971;2021-05-10;840;217;40823;10216;10.8;2.7
971;2021-05-11;964;317;41787;10533;11.1;2.8
971;2021-05-12;907;325;42694;10858;11.3;2.9
971;2021-05-13;211;79;42905;10937;11.4;2.9
971;2021-05-14;862;275;43767;11212;11.6;3.0
971;2021-05-15;486;15;44253;11227;11.7;3.0
971;2021-05-16;182;36;44435;11263;11.8;3.0
971;2021-05-17;720;278;45155;11541;12.0;3.1
971;2021-05-18;743;389;45898;11930;12.2;3.2
971;2021-05-19;700;531;46598;12461;12.4;3.3
971;2021-05-20;807;378;47405;12839;12.6;3.4
971;2021-05-21;824;409;48229;13248;12.8;3.5
971;2021-05-22;504;216;48733;13464;12.9;3.6
971;2021-05-23;201;114;48934;13578;13.0;3.6
971;2021-05-24;201;174;49135;13752;13.0;3.6
971;2021-05-25;548;664;49683;14416;13.2;3.8
971;2021-05-26;595;493;50278;14909;13.3;4.0
971;2021-05-27;132;183;50410;15092;13.4;4.0
971;2021-05-28;518;528;50928;15620;13.5;4.1
971;2021-05-29;237;138;51165;15758;13.6;4.2
971;2021-05-30;75;113;51240;15871;13.6;4.2
971;2021-05-31;449;537;51689;16408;13.7;4.4
971;2021-06-01;592;709;52281;17117;13.9;4.5
971;2021-06-02;577;707;52858;17824;14.0;4.7
971;2021-06-03;507;563;53365;18387;14.2;4.9
971;2021-06-04;808;805;54173;19192;14.4;5.1
971;2021-06-05;317;645;54490;19837;14.5;5.3
971;2021-06-06;139;531;54629;20368;14.5;5.4
971;2021-06-07;420;783;55049;21151;14.6;5.6
971;2021-06-08;498;894;55547;22045;14.7;5.8
971;2021-06-09;503;862;56050;22907;14.9;6.1
971;2021-06-10;537;848;56587;23755;15.0;6.3
971;2021-06-11;467;1243;57054;24998;15.1;6.6
971;2021-06-12;299;659;57353;25657;15.2;6.8
971;2021-06-13;128;313;57481;25970;15.3;6.9
971;2021-06-14;372;3786;57853;29756;15.4;7.9
971;2021-06-15;483;2000;58336;31756;15.5;8.4
971;2021-06-16;479;1477;58815;33233;15.6;8.8
971;2021-06-17;431;1013;59246;34246;15.7;9.1
971;2021-06-18;480;1019;59726;35265;15.8;9.4
971;2021-06-19;316;509;60042;35774;15.9;9.5
971;2021-06-20;111;231;60153;36005;16.0;9.6
971;2021-06-21;336;679;60489;36684;16.0;9.7
971;2021-06-22;330;873;60819;37557;16.1;10.0
971;2021-06-23;368;891;61187;38448;16.2;10.2
971;2021-06-24;416;734;61603;39182;16.3;10.4
971;2021-06-25;453;761;62056;39943;16.5;10.6
971;2021-06-26;301;514;62357;40457;16.5;10.7
971;2021-06-27;116;149;62473;40606;16.6;10.8
971;2021-06-28;303;688;62776;41294;16.7;11.0
971;2021-06-29;382;783;63158;42077;16.8;11.2
971;2021-06-30;437;923;63595;43000;16.9;11.4
971;2021-07-01;362;650;63957;43650;17.0;11.6
971;2021-07-02;423;692;64380;44342;17.1;11.8
971;2021-07-03;275;466;64655;44808;17.2;11.9
971;2021-07-04;112;239;64767;45047;17.2;12.0
971;2021-07-05;328;510;65095;45557;17.3;12.1
971;2021-07-06;381;767;65476;46324;17.4;12.3
971;2021-07-07;377;844;65853;47168;17.5;12.5
971;2021-07-08;412;790;66265;47958;17.6;12.7
971;2021-07-09;432;795;66697;48753;17.7;12.9
971;2021-07-10;245;294;66942;49047;17.8;13.0
971;2021-07-11;170;136;67112;49183;17.8;13.1
971;2021-07-12;477;608;67589;49791;17.9;13.2
971;2021-07-13;864;1009;68453;50800;18.2;13.5
971;2021-07-14;473;281;68926;51081;18.3;13.6
971;2021-07-15;871;842;69797;51923;18.5;13.8
971;2021-07-16;1087;1038;70884;52961;18.8;14.1
971;2021-07-17;649;443;71533;53404;19.0;14.2
971;2021-07-18;400;217;71933;53621;19.1;14.2
971;2021-07-19;573;580;72506;54201;19.2;14.4
971;2021-07-20;824;732;73330;54933;19.5;14.6
971;2021-07-21;761;496;74091;55429;19.7;14.7
971;2021-07-22;975;871;75066;56300;19.9;14.9
971;2021-07-23;1015;756;76081;57056;20.2;15.1
971;2021-07-24;415;381;76496;57437;20.3;15.2
971;2021-07-25;248;258;76744;57695;20.4;15.3
971;2021-07-26;632;559;77376;58254;20.5;15.5
971;2021-07-27;828;577;78204;58831;20.8;15.6
971;2021-07-28;783;648;78987;59479;21.0;15.8
971;2021-07-29;885;658;79872;60137;21.2;16.0
971;2021-07-30;1289;748;81161;60885;21.5;16.2
971;2021-07-31;553;411;81714;61296;21.7;16.3
971;2021-08-01;308;247;82022;61543;21.8;16.3
971;2021-08-02;748;420;82770;61963;22.0;16.4
971;2021-08-03;717;670;83487;62633;22.2;16.6
971;2021-08-04;657;664;84144;63297;22.3;16.8
971;2021-08-05;616;581;84760;63878;22.5;16.9
971;2021-08-06;896;632;85656;64510;22.7;17.1
971;2021-08-07;447;391;86103;64901;22.8;17.2
971;2021-08-08;271;313;86374;65214;22.9;17.3
971;2021-08-09;581;586;86955;65800;23.1;17.5
971;2021-08-10;738;800;87693;66600;23.3;17.7
971;2021-08-11;917;788;88610;67388;23.5;17.9
971;2021-08-12;926;787;89536;68175;23.8;18.1
971;2021-08-13;886;438;90422;68613;24.0;18.2
971;2021-08-14;618;696;91040;69309;24.2;18.4
971;2021-08-15;435;410;91475;69719;24.3;18.5
971;2021-08-16;750;733;92225;70452;24.5;18.7
971;2021-08-17;859;865;93084;71317;24.7;18.9
971;2021-08-18;1213;956;94297;72273;25.0;19.2
971;2021-08-19;1251;917;95548;73190;25.4;19.4
971;2021-08-20;1410;1023;96958;74213;25.7;19.7
971;2021-08-21;667;507;97625;74720;25.9;19.8
971;2021-08-22;346;269;97971;74989;26.0;19.9
972;2020-12-27;0;0;0;0;0.0;0.0
972;2020-12-28;0;0;0;0;0.0;0.0
972;2020-12-29;0;0;0;0;0.0;0.0
972;2020-12-30;0;0;0;0;0.0;0.0
972;2020-12-31;0;0;0;0;0.0;0.0
972;2021-01-01;0;0;0;0;0.0;0.0
972;2021-01-02;0;0;0;0;0.0;0.0
972;2021-01-03;0;0;0;0;0.0;0.0
972;2021-01-04;0;0;0;0;0.0;0.0
972;2021-01-05;0;0;0;0;0.0;0.0
972;2021-01-06;5;0;5;0;0.0;0.0
972;2021-01-07;31;0;36;0;0.0;0.0
972;2021-01-08;90;1;126;1;0.0;0.0
972;2021-01-09;20;0;146;1;0.0;0.0
972;2021-01-10;0;0;146;1;0.0;0.0
972;2021-01-11;122;0;268;1;0.1;0.0
972;2021-01-12;79;0;347;1;0.1;0.0
972;2021-01-13;65;0;412;1;0.1;0.0
972;2021-01-14;88;1;500;2;0.1;0.0
972;2021-01-15;164;0;664;2;0.2;0.0
972;2021-01-16;51;0;715;2;0.2;0.0
972;2021-01-17;0;0;715;2;0.2;0.0
972;2021-01-18;158;0;873;2;0.2;0.0
972;2021-01-19;168;1;1041;3;0.3;0.0
972;2021-01-20;169;0;1210;3;0.3;0.0
972;2021-01-21;181;2;1391;5;0.4;0.0
972;2021-01-22;173;0;1564;5;0.4;0.0
972;2021-01-23;58;0;1622;5;0.5;0.0
972;2021-01-24;0;0;1622;5;0.5;0.0
972;2021-01-25;161;0;1783;5;0.5;0.0
972;2021-01-26;137;1;1920;6;0.5;0.0
972;2021-01-27;163;5;2083;11;0.6;0.0
972;2021-01-28;152;12;2235;23;0.6;0.0
972;2021-01-29;143;41;2378;64;0.7;0.0
972;2021-01-30;96;16;2474;80;0.7;0.0
972;2021-01-31;0;0;2474;80;0.7;0.0
972;2021-02-01;119;73;2593;153;0.7;0.0
972;2021-02-02;184;96;2777;249;0.8;0.1
972;2021-02-03;132;79;2909;328;0.8;0.1
972;2021-02-04;160;71;3069;399;0.9;0.1
972;2021-02-05;124;96;3193;495;0.9;0.1
972;2021-02-06;62;26;3255;521;0.9;0.1
972;2021-02-07;1;0;3256;521;0.9;0.1
972;2021-02-08;137;80;3393;601;0.9;0.2
972;2021-02-09;176;78;3569;679;1.0;0.2
972;2021-02-10;153;90;3722;769;1.0;0.2
972;2021-02-11;150;103;3872;872;1.1;0.2
972;2021-02-12;148;130;4020;1002;1.1;0.3
972;2021-02-13;47;37;4067;1039;1.1;0.3
972;2021-02-14;0;0;4067;1039;1.1;0.3
972;2021-02-15;51;67;4118;1106;1.1;0.3
972;2021-02-16;0;1;4118;1107;1.1;0.3
972;2021-02-17;1;3;4119;1110;1.1;0.3
972;2021-02-18;69;127;4188;1237;1.2;0.3
972;2021-02-19;69;131;4257;1368;1.2;0.4
972;2021-02-20;48;68;4305;1436;1.2;0.4
972;2021-02-21;0;0;4305;1436;1.2;0.4
972;2021-02-22;102;60;4407;1496;1.2;0.4
972;2021-02-23;113;237;4520;1733;1.3;0.5
972;2021-02-24;106;221;4626;1954;1.3;0.5
972;2021-02-25;93;151;4719;2105;1.3;0.6
972;2021-02-26;132;169;4851;2274;1.4;0.6
972;2021-02-27;69;52;4920;2326;1.4;0.6
972;2021-02-28;0;0;4920;2326;1.4;0.6
972;2021-03-01;137;144;5057;2470;1.4;0.7
972;2021-03-02;158;79;5215;2549;1.5;0.7
972;2021-03-03;179;145;5394;2694;1.5;0.8
972;2021-03-04;152;135;5546;2829;1.5;0.8
972;2021-03-05;238;128;5784;2957;1.6;0.8
972;2021-03-06;119;58;5903;3015;1.6;0.8
972;2021-03-07;100;3;6003;3018;1.7;0.8
972;2021-03-08;196;133;6199;3151;1.7;0.9
972;2021-03-09;283;101;6482;3252;1.8;0.9
972;2021-03-10;322;134;6804;3386;1.9;0.9
972;2021-03-11;336;81;7140;3467;2.0;1.0
972;2021-03-12;413;55;7553;3522;2.1;1.0
972;2021-03-13;155;21;7708;3543;2.1;1.0
972;2021-03-14;4;1;7712;3544;2.1;1.0
972;2021-03-15;277;90;7989;3634;2.2;1.0
972;2021-03-16;305;56;8294;3690;2.3;1.0
972;2021-03-17;388;48;8682;3738;2.4;1.0
972;2021-03-18;435;44;9117;3782;2.5;1.1
972;2021-03-19;401;63;9518;3845;2.7;1.1
972;2021-03-20;149;48;9667;3893;2.7;1.1
972;2021-03-21;25;1;9692;3894;2.7;1.1
972;2021-03-22;362;118;10054;4012;2.8;1.1
972;2021-03-23;403;122;10457;4134;2.9;1.2
972;2021-03-24;429;108;10886;4242;3.0;1.2
972;2021-03-25;485;99;11371;4341;3.2;1.2
972;2021-03-26;634;102;12005;4443;3.3;1.2
972;2021-03-27;154;71;12159;4514;3.4;1.3
972;2021-03-28;81;2;12240;4516;3.4;1.3
972;2021-03-29;422;164;12662;4680;3.5;1.3
972;2021-03-30;469;244;13131;4924;3.7;1.4
972;2021-03-31;1150;192;14281;5116;4.0;1.4
972;2021-04-01;955;172;15236;5288;4.2;1.5
972;2021-04-02;895;14;16131;5302;4.5;1.5
972;2021-04-03;788;55;16919;5357;4.7;1.5
972;2021-04-04;751;13;17670;5370;4.9;1.5
972;2021-04-05;829;45;18499;5415;5.2;1.5
972;2021-04-06;885;136;19384;5551;5.4;1.5
972;2021-04-07;1436;326;20820;5877;5.8;1.6
972;2021-04-08;1308;271;22128;6148;6.2;1.7
972;2021-04-09;1240;316;23368;6464;6.5;1.8
972;2021-04-10;838;165;24206;6629;6.7;1.8
972;2021-04-11;620;14;24826;6643;6.9;1.9
972;2021-04-12;867;317;25693;6960;7.2;1.9
972;2021-04-13;881;327;26574;7287;7.4;2.0
972;2021-04-14;960;321;27534;7608;7.7;2.1
972;2021-04-15;959;298;28493;7906;7.9;2.2
972;2021-04-16;995;300;29488;8206;8.2;2.3
972;2021-04-17;530;161;30018;8367;8.4;2.3
972;2021-04-18;339;56;30357;8423;8.5;2.3
972;2021-04-19;668;343;31025;8766;8.6;2.4
972;2021-04-20;868;309;31893;9075;8.9;2.5
972;2021-04-21;1002;354;32895;9429;9.2;2.6
972;2021-04-22;605;312;33500;9741;9.3;2.7
972;2021-04-23;613;465;34113;10206;9.5;2.8
972;2021-04-24;363;197;34476;10403;9.6;2.9
972;2021-04-25;168;199;34644;10602;9.7;3.0
972;2021-04-26;516;541;35160;11143;9.8;3.1
972;2021-04-27;568;608;35728;11751;10.0;3.3
972;2021-04-28;448;691;36176;12442;10.1;3.5
972;2021-04-29;653;642;36829;13084;10.3;3.6
972;2021-04-30;771;687;37600;13771;10.5;3.8
972;2021-05-01;244;246;37844;14017;10.5;3.9
972;2021-05-02;227;513;38071;14530;10.6;4.1
972;2021-05-03;569;771;38640;15301;10.8;4.3
972;2021-05-04;526;678;39166;15979;10.9;4.5
972;2021-05-05;548;896;39714;16875;11.1;4.7
972;2021-05-06;546;785;40260;17660;11.2;4.9
972;2021-05-07;629;1014;40889;18674;11.4;5.2
972;2021-05-08;226;526;41115;19200;11.5;5.4
972;2021-05-09;172;506;41287;19706;11.5;5.5
972;2021-05-10;519;857;41806;20563;11.7;5.7
972;2021-05-11;476;871;42282;21434;11.8;6.0
972;2021-05-12;559;910;42841;22344;11.9;6.2
972;2021-05-13;274;533;43115;22877;12.0;6.4
972;2021-05-14;389;752;43504;23629;12.1;6.6
972;2021-05-15;233;578;43737;24207;12.2;6.7
972;2021-05-16;155;442;43892;24649;12.2;6.9
972;2021-05-17;474;753;44366;25402;12.4;7.1
972;2021-05-18;446;680;44812;26082;12.5;7.3
972;2021-05-19;453;743;45265;26825;12.6;7.5
972;2021-05-20;594;500;45859;27325;12.8;7.6
972;2021-05-21;545;704;46404;28029;12.9;7.8
972;2021-05-22;186;364;46590;28393;13.0;7.9
972;2021-05-23;111;182;46701;28575;13.0;8.0
972;2021-05-24;136;241;46837;28816;13.1;8.0
972;2021-05-25;351;698;47188;29514;13.2;8.2
972;2021-05-26;382;714;47570;30228;13.3;8.4
972;2021-05-27;270;647;47840;30875;13.3;8.6
972;2021-05-28;279;816;48119;31691;13.4;8.8
972;2021-05-29;154;513;48273;32204;13.5;9.0
972;2021-05-30;17;33;48290;32237;13.5;9.0
972;2021-05-31;347;682;48637;32919;13.6;9.2
972;2021-06-01;300;547;48937;33466;13.6;9.3
972;2021-06-02;325;575;49262;34041;13.7;9.5
972;2021-06-03;247;425;49509;34466;13.8;9.6
972;2021-06-04;350;643;49859;35109;13.9;9.8
972;2021-06-05;260;373;50119;35482;14.0;9.9
972;2021-06-06;25;32;50144;35514;14.0;9.9
972;2021-06-07;260;736;50404;36250;14.0;10.1
972;2021-06-08;256;589;50660;36839;14.1;10.3
972;2021-06-09;303;699;50963;37538;14.2;10.5
972;2021-06-10;307;453;51270;37991;14.3;10.6
972;2021-06-11;361;534;51631;38525;14.4;10.7
972;2021-06-12;246;322;51877;38847;14.5;10.8
972;2021-06-13;32;29;51909;38876;14.5;10.8
972;2021-06-14;367;551;52276;39427;14.6;11.0
972;2021-06-15;410;488;52686;39915;14.7;11.1
972;2021-06-16;436;436;53122;40351;14.8;11.2
972;2021-06-17;355;576;53477;40927;14.9;11.4
972;2021-06-18;458;538;53935;41465;15.0;11.6
972;2021-06-19;225;196;54160;41661;15.1;11.6
972;2021-06-20;25;17;54185;41678;15.1;11.6
972;2021-06-21;332;581;54517;42259;15.2;11.8
972;2021-06-22;297;464;54814;42723;15.3;11.9
972;2021-06-23;425;562;55239;43285;15.4;12.1
972;2021-06-24;327;437;55566;43722;15.5;12.2
972;2021-06-25;313;387;55879;44109;15.6;12.3
972;2021-06-26;221;201;56100;44310;15.6;12.4
972;2021-06-27;16;23;56116;44333;15.6;12.4
972;2021-06-28;337;425;56453;44758;15.7;12.5
972;2021-06-29;329;431;56782;45189;15.8;12.6
972;2021-06-30;441;421;57223;45610;16.0;12.7
972;2021-07-01;350;393;57573;46003;16.0;12.8
972;2021-07-02;124;201;57697;46204;16.1;12.9
972;2021-07-03;100;118;57797;46322;16.1;12.9
972;2021-07-04;24;36;57821;46358;16.1;12.9
972;2021-07-05;494;580;58315;46938;16.3;13.1
972;2021-07-06;486;428;58801;47366;16.4;13.2
972;2021-07-07;610;493;59411;47859;16.6;13.3
972;2021-07-08;494;422;59905;48281;16.7;13.5
972;2021-07-09;627;582;60532;48863;16.9;13.6
972;2021-07-10;404;308;60936;49171;17.0;13.7
972;2021-07-11;52;38;60988;49209;17.0;13.7
972;2021-07-12;847;698;61835;49907;17.2;13.9
972;2021-07-13;1472;710;63307;50617;17.6;14.1
972;2021-07-14;133;63;63440;50680;17.7;14.1
972;2021-07-15;1604;679;65044;51359;18.1;14.3
972;2021-07-16;1638;656;66682;52015;18.6;14.5
972;2021-07-17;1094;368;67776;52383;18.9;14.6
972;2021-07-18;56;39;67832;52422;18.9;14.6
972;2021-07-19;1142;652;68974;53074;19.2;14.8
972;2021-07-20;1131;576;70105;53650;19.5;15.0
972;2021-07-21;1092;596;71197;54246;19.8;15.1
972;2021-07-22;904;518;72101;54764;20.1;15.3
972;2021-07-23;956;481;73057;55245;20.4;15.4
972;2021-07-24;500;223;73557;55468;20.5;15.5
972;2021-07-25;51;63;73608;55531;20.5;15.5
972;2021-07-26;681;515;74289;56046;20.7;15.6
972;2021-07-27;1023;511;75312;56557;21.0;15.8
972;2021-07-28;634;563;75946;57120;21.2;15.9
972;2021-07-29;836;542;76782;57662;21.4;16.1
972;2021-07-30;891;618;77673;58280;21.7;16.2
972;2021-07-31;556;271;78229;58551;21.8;16.3
972;2021-08-01;82;33;78311;58584;21.8;16.3
972;2021-08-02;804;811;79115;59395;22.1;16.6
972;2021-08-03;724;741;79839;60136;22.3;16.8
972;2021-08-04;758;567;80597;60703;22.5;16.9
972;2021-08-05;903;590;81500;61293;22.7;17.1
972;2021-08-06;1176;893;82676;62186;23.0;17.3
972;2021-08-07;667;570;83343;62756;23.2;17.5
972;2021-08-08;84;83;83427;62839;23.3;17.5
972;2021-08-09;1120;1064;84547;63903;23.6;17.8
972;2021-08-10;1188;1041;85735;64944;23.9;18.1
972;2021-08-11;1231;920;86966;65864;24.2;18.4
972;2021-08-12;1445;924;88411;66788;24.6;18.6
972;2021-08-13;1268;632;89679;67420;25.0;18.8
972;2021-08-14;751;315;90430;67735;25.2;18.9
972;2021-08-15;70;55;90500;67790;25.2;18.9
972;2021-08-16;1261;1038;91761;68828;25.6;19.2
972;2021-08-17;1147;1182;92908;70010;25.9;19.5
972;2021-08-18;1217;1170;94125;71180;26.2;19.8
972;2021-08-19;1202;887;95327;72067;26.6;20.1
972;2021-08-20;1294;887;96621;72954;26.9;20.3
972;2021-08-21;682;618;97303;73572;27.1;20.5
972;2021-08-22;33;81;97336;73653;27.1;20.5
973;2020-12-27;0;0;0;0;0.0;0.0
973;2020-12-28;0;0;0;0;0.0;0.0
973;2020-12-29;0;0;0;0;0.0;0.0
973;2020-12-30;0;0;0;0;0.0;0.0
973;2020-12-31;0;0;0;0;0.0;0.0
973;2021-01-01;0;0;0;0;0.0;0.0
973;2021-01-02;2;2;2;2;0.0;0.0
973;2021-01-03;0;0;2;2;0.0;0.0
973;2021-01-04;0;0;2;2;0.0;0.0
973;2021-01-05;0;0;2;2;0.0;0.0
973;2021-01-06;0;0;2;2;0.0;0.0
973;2021-01-07;0;0;2;2;0.0;0.0
973;2021-01-08;0;0;2;2;0.0;0.0
973;2021-01-09;0;0;2;2;0.0;0.0
973;2021-01-10;0;0;2;2;0.0;0.0
973;2021-01-11;0;0;2;2;0.0;0.0
973;2021-01-12;0;0;2;2;0.0;0.0
973;2021-01-13;30;0;32;2;0.0;0.0
973;2021-01-14;46;0;78;2;0.0;0.0
973;2021-01-15;35;0;113;2;0.0;0.0
973;2021-01-16;18;1;131;3;0.0;0.0
973;2021-01-17;0;0;131;3;0.0;0.0
973;2021-01-18;63;0;194;3;0.1;0.0
973;2021-01-19;150;1;344;4;0.1;0.0
973;2021-01-20;134;0;478;4;0.2;0.0
973;2021-01-21;118;0;596;4;0.2;0.0
973;2021-01-22;76;0;672;4;0.2;0.0
973;2021-01-23;0;0;672;4;0.2;0.0
973;2021-01-24;0;0;672;4;0.2;0.0
973;2021-01-25;56;0;728;4;0.3;0.0
973;2021-01-26;100;2;828;6;0.3;0.0
973;2021-01-27;109;1;937;7;0.3;0.0
973;2021-01-28;96;3;1033;10;0.4;0.0
973;2021-01-29;104;3;1137;13;0.4;0.0
973;2021-01-30;0;0;1137;13;0.4;0.0
973;2021-01-31;0;0;1137;13;0.4;0.0
973;2021-02-01;54;0;1191;13;0.4;0.0
973;2021-02-02;122;4;1313;17;0.5;0.0
973;2021-02-03;119;7;1432;24;0.5;0.0
973;2021-02-04;79;26;1511;50;0.5;0.0
973;2021-02-05;66;8;1577;58;0.5;0.0
973;2021-02-06;0;0;1577;58;0.5;0.0
973;2021-02-07;0;0;1577;58;0.5;0.0
973;2021-02-08;52;12;1629;70;0.6;0.0
973;2021-02-09;92;39;1721;109;0.6;0.0
973;2021-02-10;101;41;1822;150;0.6;0.1
973;2021-02-11;105;93;1927;243;0.7;0.1
973;2021-02-12;88;64;2015;307;0.7;0.1
973;2021-02-13;0;0;2015;307;0.7;0.1
973;2021-02-14;0;0;2015;307;0.7;0.1
973;2021-02-15;27;65;2042;372;0.7;0.1
973;2021-02-16;123;54;2165;426;0.7;0.1
973;2021-02-17;145;120;2310;546;0.8;0.2
973;2021-02-18;103;141;2413;687;0.8;0.2
973;2021-02-19;122;74;2535;761;0.9;0.3
973;2021-02-20;0;0;2535;761;0.9;0.3
973;2021-02-21;0;0;2535;761;0.9;0.3
973;2021-02-22;78;48;2613;809;0.9;0.3
973;2021-02-23;158;102;2771;911;1.0;0.3
973;2021-02-24;190;123;2961;1034;1.0;0.4
973;2021-02-25;259;92;3220;1126;1.1;0.4
973;2021-02-26;264;70;3484;1196;1.2;0.4
973;2021-02-27;120;1;3604;1197;1.2;0.4
973;2021-02-28;0;0;3604;1197;1.2;0.4
973;2021-03-01;180;87;3784;1284;1.3;0.4
973;2021-03-02;255;108;4039;1392;1.4;0.5
973;2021-03-03;255;132;4294;1524;1.5;0.5
973;2021-03-04;281;83;4575;1607;1.6;0.6
973;2021-03-05;274;48;4849;1655;1.7;0.6
973;2021-03-06;118;2;4967;1657;1.7;0.6
973;2021-03-07;0;0;4967;1657;1.7;0.6
973;2021-03-08;188;41;5155;1698;1.8;0.6
973;2021-03-09;350;93;5505;1791;1.9;0.6
973;2021-03-10;359;105;5864;1896;2.0;0.7
973;2021-03-11;270;113;6134;2009;2.1;0.7
973;2021-03-12;287;91;6421;2100;2.2;0.7
973;2021-03-13;112;4;6533;2104;2.2;0.7
973;2021-03-14;0;0;6533;2104;2.2;0.7
973;2021-03-15;181;27;6714;2131;2.3;0.7
973;2021-03-16;243;139;6957;2270;2.4;0.8
973;2021-03-17;274;129;7231;2399;2.5;0.8
973;2021-03-18;249;155;7480;2554;2.6;0.9
973;2021-03-19;283;128;7763;2682;2.7;0.9
973;2021-03-20;259;17;8022;2699;2.8;0.9
973;2021-03-21;119;2;8141;2701;2.8;0.9
973;2021-03-22;219;110;8360;2811;2.9;1.0
973;2021-03-23;275;194;8635;3005;3.0;1.0
973;2021-03-24;235;215;8870;3220;3.1;1.1
973;2021-03-25;168;180;9038;3400;3.1;1.2
973;2021-03-26;189;308;9227;3708;3.2;1.3
973;2021-03-27;58;94;9285;3802;3.2;1.3
973;2021-03-28;0;0;9285;3802;3.2;1.3
973;2021-03-29;175;248;9460;4050;3.3;1.4
973;2021-03-30;445;237;9905;4287;3.4;1.5
973;2021-03-31;320;293;10225;4580;3.5;1.6
973;2021-04-01;445;261;10670;4841;3.7;1.7
973;2021-04-02;307;279;10977;5120;3.8;1.8
973;2021-04-03;153;121;11130;5241;3.8;1.8
973;2021-04-04;1;0;11131;5241;3.8;1.8
973;2021-04-05;118;14;11249;5255;3.9;1.8
973;2021-04-06;438;335;11687;5590;4.0;1.9
973;2021-04-07;502;344;12189;5934;4.2;2.0
973;2021-04-08;514;269;12703;6203;4.4;2.1
973;2021-04-09;497;226;13200;6429;4.5;2.2
973;2021-04-10;146;90;13346;6519;4.6;2.2
973;2021-04-11;2;0;13348;6519;4.6;2.2
973;2021-04-12;551;268;13899;6787;4.8;2.3
973;2021-04-13;673;244;14572;7031;5.0;2.4
973;2021-04-14;721;314;15293;7345;5.3;2.5
973;2021-04-15;777;247;16070;7592;5.5;2.6
973;2021-04-16;760;301;16830;7893;5.8;2.7
973;2021-04-17;499;135;17329;8028;6.0;2.8
973;2021-04-18;499;45;17828;8073;6.1;2.8
973;2021-04-19;714;251;18542;8324;6.4;2.9
973;2021-04-20;607;279;19149;8603;6.6;3.0
973;2021-04-21;874;251;20023;8854;6.9;3.0
973;2021-04-22;728;231;20751;9085;7.1;3.1
973;2021-04-23;705;232;21456;9317;7.4;3.2
973;2021-04-24;524;97;21980;9414;7.6;3.2
973;2021-04-25;611;50;22591;9464;7.8;3.3
973;2021-04-26;780;232;23371;9696;8.0;3.3
973;2021-04-27;819;345;24190;10041;8.3;3.5
973;2021-04-28;745;332;24935;10373;8.6;3.6
973;2021-04-29;664;284;25599;10657;8.8;3.7
973;2021-04-30;710;261;26309;10918;9.1;3.8
973;2021-05-01;211;27;26520;10945;9.1;3.8
973;2021-05-02;602;85;27122;11030;9.3;3.8
973;2021-05-03;555;391;27677;11421;9.5;3.9
973;2021-05-04;666;325;28343;11746;9.8;4.0
973;2021-05-05;701;450;29044;12196;10.0;4.2
973;2021-05-06;694;475;29738;12671;10.2;4.4
973;2021-05-07;595;473;30333;13144;10.4;4.5
973;2021-05-08;343;59;30676;13203;10.6;4.5
973;2021-05-09;263;72;30939;13275;10.6;4.6
973;2021-05-10;440;612;31379;13887;10.8;4.8
973;2021-05-11;398;497;31777;14384;10.9;4.9
973;2021-05-12;513;648;32290;15032;11.1;5.2
973;2021-05-13;334;98;32624;15130;11.2;5.2
973;2021-05-14;486;555;33110;15685;11.4;5.4
973;2021-05-15;258;348;33368;16033;11.5;5.5
973;2021-05-16;207;210;33575;16243;11.6;5.6
973;2021-05-17;447;600;34022;16843;11.7;5.8
973;2021-05-18;563;568;34585;17411;11.9;6.0
973;2021-05-19;534;553;35119;17964;12.1;6.2
973;2021-05-20;642;452;35761;18416;12.3;6.3
973;2021-05-21;502;609;36263;19025;12.5;6.5
973;2021-05-22;167;501;36430;19526;12.5;6.7
973;2021-05-23;271;474;36701;20000;12.6;6.9
973;2021-05-24;562;248;37263;20248;12.8;7.0
973;2021-05-25;500;744;37763;20992;13.0;7.2
973;2021-05-26;449;683;38212;21675;13.1;7.5
973;2021-05-27;706;525;38918;22200;13.4;7.6
973;2021-05-28;580;553;39498;22753;13.6;7.8
973;2021-05-29;257;360;39755;23113;13.7;8.0
973;2021-05-30;151;399;39906;23512;13.7;8.1
973;2021-05-31;356;574;40262;24086;13.9;8.3
973;2021-06-01;421;466;40683;24552;14.0;8.4
973;2021-06-02;562;555;41245;25107;14.2;8.6
973;2021-06-03;525;470;41770;25577;14.4;8.8
973;2021-06-04;599;495;42369;26072;14.6;9.0
973;2021-06-05;273;292;42642;26364;14.7;9.1
973;2021-06-06;211;300;42853;26664;14.7;9.2
973;2021-06-07;488;452;43341;27116;14.9;9.3
973;2021-06-08;546;313;43887;27429;15.1;9.4
973;2021-06-09;520;389;44407;27818;15.3;9.6
973;2021-06-10;357;291;44764;28109;15.4;9.7
973;2021-06-11;434;467;45198;28576;15.5;9.8
973;2021-06-12;170;283;45368;28859;15.6;9.9
973;2021-06-13;214;268;45582;29127;15.7;10.0
973;2021-06-14;377;549;45959;29676;15.8;10.2
973;2021-06-15;376;444;46335;30120;15.9;10.4
973;2021-06-16;483;459;46818;30579;16.1;10.5
973;2021-06-17;436;579;47254;31158;16.3;10.7
973;2021-06-18;394;565;47648;31723;16.4;10.9
973;2021-06-19;235;260;47883;31983;16.5;11.0
973;2021-06-20;127;270;48010;32253;16.5;11.1
973;2021-06-21;331;603;48341;32856;16.6;11.3
973;2021-06-22;370;462;48711;33318;16.8;11.5
973;2021-06-23;331;538;49042;33856;16.9;11.6
973;2021-06-24;442;500;49484;34356;17.0;11.8
973;2021-06-25;442;556;49926;34912;17.2;12.0
973;2021-06-26;172;320;50098;35232;17.2;12.1
973;2021-06-27;121;170;50219;35402;17.3;12.2
973;2021-06-28;316;593;50535;35995;17.4;12.4
973;2021-06-29;378;507;50913;36502;17.5;12.6
973;2021-06-30;404;680;51317;37182;17.7;12.8
973;2021-07-01;422;399;51739;37581;17.8;12.9
973;2021-07-02;489;524;52228;38105;18.0;13.1
973;2021-07-03;209;274;52437;38379;18.0;13.2
973;2021-07-04;86;243;52523;38622;18.1;13.3
973;2021-07-05;359;547;52882;39169;18.2;13.5
973;2021-07-06;348;472;53230;39641;18.3;13.6
973;2021-07-07;346;415;53576;40056;18.4;13.8
973;2021-07-08;298;329;53874;40385;18.5;13.9
973;2021-07-09;388;435;54262;40820;18.7;14.0
973;2021-07-10;165;277;54427;41097;18.7;14.1
973;2021-07-11;102;163;54529;41260;18.8;14.2
973;2021-07-12;398;497;54927;41757;18.9;14.4
973;2021-07-13;668;559;55595;42316;19.1;14.6
973;2021-07-14;389;162;55984;42478;19.3;14.6
973;2021-07-15;645;527;56629;43005;19.5;14.8
973;2021-07-16;592;486;57221;43491;19.7;15.0
973;2021-07-17;346;284;57567;43775;19.8;15.1
973;2021-07-18;252;123;57819;43898;19.9;15.1
973;2021-07-19;514;458;58333;44356;20.1;15.3
973;2021-07-20;553;492;58886;44848;20.3;15.4
973;2021-07-21;633;397;59519;45245;20.5;15.6
973;2021-07-22;651;450;60170;45695;20.7;15.7
973;2021-07-23;590;368;60760;46063;20.9;15.8
973;2021-07-24;326;240;61086;46303;21.0;15.9
973;2021-07-25;165;110;61251;46413;21.1;16.0
973;2021-07-26;426;345;61677;46758;21.2;16.1
973;2021-07-27;472;356;62149;47114;21.4;16.2
973;2021-07-28;388;371;62537;47485;21.5;16.3
973;2021-07-29;471;427;63008;47912;21.7;16.5
973;2021-07-30;440;404;63448;48316;21.8;16.6
973;2021-07-31;204;163;63652;48479;21.9;16.7
973;2021-08-01;139;132;63791;48611;21.9;16.7
973;2021-08-02;380;430;64171;49041;22.1;16.9
973;2021-08-03;411;402;64582;49443;22.2;17.0
973;2021-08-04;281;372;64863;49815;22.3;17.1
973;2021-08-05;319;355;65182;50170;22.4;17.3
973;2021-08-06;322;519;65504;50689;22.5;17.4
973;2021-08-07;161;267;65665;50956;22.6;17.5
973;2021-08-08;114;177;65779;51133;22.6;17.6
973;2021-08-09;314;471;66093;51604;22.7;17.8
973;2021-08-10;331;514;66424;52118;22.9;17.9
973;2021-08-11;514;508;66938;52626;23.0;18.1
973;2021-08-12;496;579;67434;53205;23.2;18.3
973;2021-08-13;334;232;67768;53437;23.3;18.4
973;2021-08-14;253;400;68021;53837;23.4;18.5
973;2021-08-15;121;139;68142;53976;23.4;18.6
973;2021-08-16;290;467;68432;54443;23.5;18.7
973;2021-08-17;343;396;68775;54839;23.7;18.9
973;2021-08-18;284;438;69059;55277;23.8;19.0
973;2021-08-19;318;478;69377;55755;23.9;19.2
973;2021-08-20;281;395;69658;56150;24.0;19.3
973;2021-08-21;159;256;69817;56406;24.0;19.4
973;2021-08-22;114;182;69931;56588;24.1;19.5
974;2020-12-27;0;0;0;0;0.0;0.0
974;2020-12-28;0;0;0;0;0.0;0.0
974;2020-12-29;0;0;0;0;0.0;0.0
974;2020-12-30;0;0;0;0;0.0;0.0
974;2020-12-31;0;0;0;0;0.0;0.0
974;2021-01-01;1;0;1;0;0.0;0.0
974;2021-01-02;0;0;1;0;0.0;0.0
974;2021-01-03;0;0;1;0;0.0;0.0
974;2021-01-04;0;0;1;0;0.0;0.0
974;2021-01-05;2;0;3;0;0.0;0.0
974;2021-01-06;0;0;3;0;0.0;0.0
974;2021-01-07;0;0;3;0;0.0;0.0
974;2021-01-08;0;0;3;0;0.0;0.0
974;2021-01-09;1;0;4;0;0.0;0.0
974;2021-01-10;0;0;4;0;0.0;0.0
974;2021-01-11;0;0;4;0;0.0;0.0
974;2021-01-12;0;0;4;0;0.0;0.0
974;2021-01-13;0;0;4;0;0.0;0.0
974;2021-01-14;0;0;4;0;0.0;0.0
974;2021-01-15;333;0;337;0;0.0;0.0
974;2021-01-16;27;0;364;0;0.0;0.0
974;2021-01-17;0;0;364;0;0.0;0.0
974;2021-01-18;49;1;413;1;0.0;0.0
974;2021-01-19;393;0;806;1;0.1;0.0
974;2021-01-20;482;1;1288;2;0.1;0.0
974;2021-01-21;614;2;1902;4;0.2;0.0
974;2021-01-22;414;1;2316;5;0.3;0.0
974;2021-01-23;75;0;2391;5;0.3;0.0
974;2021-01-24;0;0;2391;5;0.3;0.0
974;2021-01-25;273;2;2664;7;0.3;0.0
974;2021-01-26;429;0;3093;7;0.4;0.0
974;2021-01-27;316;0;3409;7;0.4;0.0
974;2021-01-28;409;0;3818;7;0.4;0.0
974;2021-01-29;422;3;4240;10;0.5;0.0
974;2021-01-30;421;1;4661;11;0.5;0.0
974;2021-01-31;0;0;4661;11;0.5;0.0
974;2021-02-01;373;4;5034;15;0.6;0.0
974;2021-02-02;500;4;5534;19;0.6;0.0
974;2021-02-03;602;14;6136;33;0.7;0.0
974;2021-02-04;628;21;6764;54;0.8;0.0
974;2021-02-05;564;97;7328;151;0.9;0.0
974;2021-02-06;501;5;7829;156;0.9;0.0
974;2021-02-07;0;8;7829;164;0.9;0.0
974;2021-02-08;470;34;8299;198;1.0;0.0
974;2021-02-09;787;93;9086;291;1.1;0.0
974;2021-02-10;820;87;9906;378;1.2;0.0
974;2021-02-11;796;88;10702;466;1.2;0.1
974;2021-02-12;638;93;11340;559;1.3;0.1
974;2021-02-13;653;75;11993;634;1.4;0.1
974;2021-02-14;1;0;11994;634;1.4;0.1
974;2021-02-15;526;126;12520;760;1.5;0.1
974;2021-02-16;651;533;13171;1293;1.5;0.2
974;2021-02-17;592;326;13763;1619;1.6;0.2
974;2021-02-18;494;409;14257;2028;1.7;0.2
974;2021-02-19;497;319;14754;2347;1.7;0.3
974;2021-02-20;577;117;15331;2464;1.8;0.3
974;2021-02-21;0;0;15331;2464;1.8;0.3
974;2021-02-22;403;236;15734;2700;1.8;0.3
974;2021-02-23;607;240;16341;2940;1.9;0.3
974;2021-02-24;584;251;16925;3191;2.0;0.4
974;2021-02-25;648;295;17573;3486;2.0;0.4
974;2021-02-26;485;470;18058;3956;2.1;0.5
974;2021-02-27;384;467;18442;4423;2.1;0.5
974;2021-02-28;0;0;18442;4423;2.1;0.5
974;2021-03-01;293;385;18735;4808;2.2;0.6
974;2021-03-02;486;502;19221;5310;2.2;0.6
974;2021-03-03;757;537;19978;5847;2.3;0.7
974;2021-03-04;777;492;20755;6339;2.4;0.7
974;2021-03-05;729;522;21484;6861;2.5;0.8
974;2021-03-06;812;525;22296;7386;2.6;0.9
974;2021-03-07;0;0;22296;7386;2.6;0.9
974;2021-03-08;436;555;22732;7941;2.6;0.9
974;2021-03-09;671;770;23403;8711;2.7;1.0
974;2021-03-10;643;836;24046;9547;2.8;1.1
974;2021-03-11;701;628;24747;10175;2.9;1.2
974;2021-03-12;731;654;25478;10829;3.0;1.3
974;2021-03-13;669;600;26147;11429;3.0;1.3
974;2021-03-14;2;0;26149;11429;3.0;1.3
974;2021-03-15;507;494;26656;11923;3.1;1.4
974;2021-03-16;681;691;27337;12614;3.2;1.5
974;2021-03-17;848;529;28185;13143;3.3;1.5
974;2021-03-18;1022;512;29207;13655;3.4;1.6
974;2021-03-19;786;529;29993;14184;3.5;1.6
974;2021-03-20;578;594;30571;14778;3.6;1.7
974;2021-03-21;0;0;30571;14778;3.6;1.7
974;2021-03-22;566;467;31137;15245;3.6;1.8
974;2021-03-23;780;635;31917;15880;3.7;1.8
974;2021-03-24;792;644;32709;16524;3.8;1.9
974;2021-03-25;933;539;33642;17063;3.9;2.0
974;2021-03-26;922;451;34564;17514;4.0;2.0
974;2021-03-27;782;336;35346;17850;4.1;2.1
974;2021-03-28;1;0;35347;17850;4.1;2.1
974;2021-03-29;961;270;36308;18120;4.2;2.1
974;2021-03-30;884;495;37192;18615;4.3;2.2
974;2021-03-31;740;660;37932;19275;4.4;2.2
974;2021-04-01;718;707;38650;19982;4.5;2.3
974;2021-04-02;688;757;39338;20739;4.6;2.4
974;2021-04-03;699;698;40037;21437;4.7;2.5
974;2021-04-04;0;0;40037;21437;4.7;2.5
974;2021-04-05;0;0;40037;21437;4.7;2.5
974;2021-04-06;796;635;40833;22072;4.7;2.6
974;2021-04-07;1368;783;42201;22855;4.9;2.7
974;2021-04-08;1791;769;43992;23624;5.1;2.7
974;2021-04-09;1509;775;45501;24399;5.3;2.8
974;2021-04-10;1138;648;46639;25047;5.4;2.9
974;2021-04-11;2;0;46641;25047;5.4;2.9
974;2021-04-12;1238;545;47879;25592;5.6;3.0
974;2021-04-13;1440;751;49319;26343;5.7;3.1
974;2021-04-14;2070;764;51389;27107;6.0;3.2
974;2021-04-15;2506;954;53895;28061;6.3;3.3
974;2021-04-16;1935;783;55830;28844;6.5;3.4
974;2021-04-17;1290;603;57120;29447;6.6;3.4
974;2021-04-18;0;0;57120;29447;6.6;3.4
974;2021-04-19;1375;563;58495;30010;6.8;3.5
974;2021-04-20;1651;805;60146;30815;7.0;3.6
974;2021-04-21;2126;626;62272;31441;7.2;3.7
974;2021-04-22;2953;821;65225;32262;7.6;3.8
974;2021-04-23;2312;818;67537;33080;7.9;3.8
974;2021-04-24;1109;804;68646;33884;8.0;3.9
974;2021-04-25;3;0;68649;33884;8.0;3.9
974;2021-04-26;1173;914;69822;34798;8.1;4.0
974;2021-04-27;1685;1026;71507;35824;8.3;4.2
974;2021-04-28;2900;749;74407;36573;8.7;4.3
974;2021-04-29;3950;815;78357;37388;9.1;4.3
974;2021-04-30;3447;906;81804;38294;9.5;4.5
974;2021-05-01;2106;226;83910;38520;9.8;4.5
974;2021-05-02;1;0;83911;38520;9.8;4.5
974;2021-05-03;1865;574;85776;39094;10.0;4.5
974;2021-05-04;2127;1094;87903;40188;10.2;4.7
974;2021-05-05;3120;1642;91023;41830;10.6;4.9
974;2021-05-06;4005;1586;95028;43416;11.1;5.0
974;2021-05-07;3229;1526;98257;44942;11.4;5.2
974;2021-05-08;1574;503;99831;45445;11.6;5.3
974;2021-05-09;2;1;99833;45446;11.6;5.3
974;2021-05-10;2413;1000;102246;46446;11.9;5.4
974;2021-05-11;3652;1639;105898;48085;12.3;5.6
974;2021-05-12;4724;2399;110622;50484;12.9;5.9
974;2021-05-13;3557;596;114179;51080;13.3;5.9
974;2021-05-14;5277;2515;119456;53595;13.9;6.2
974;2021-05-15;3159;1536;122615;55131;14.3;6.4
974;2021-05-16;16;19;122631;55150;14.3;6.4
974;2021-05-17;2998;1499;125629;56649;14.6;6.6
974;2021-05-18;3764;1796;129393;58445;15.0;6.8
974;2021-05-19;4693;2418;134086;60863;15.6;7.1
974;2021-05-20;5139;2853;139225;63716;16.2;7.4
974;2021-05-21;4994;2636;144219;66352;16.8;7.7
974;2021-05-22;3371;1256;147590;67608;17.2;7.9
974;2021-05-23;5;3;147595;67611;17.2;7.9
974;2021-05-24;3645;1077;151240;68688;17.6;8.0
974;2021-05-25;4248;1913;155488;70601;18.1;8.2
974;2021-05-26;4992;2992;160480;73593;18.7;8.6
974;2021-05-27;4617;4097;165097;77690;19.2;9.0
974;2021-05-28;4385;3834;169482;81524;19.7;9.5
974;2021-05-29;2555;2455;172037;83979;20.0;9.8
974;2021-05-30;8;14;172045;83993;20.0;9.8
974;2021-05-31;2348;2254;174393;86247;20.3;10.0
974;2021-06-01;3302;2762;177695;89009;20.7;10.4
974;2021-06-02;3972;3363;181667;92372;21.1;10.7
974;2021-06-03;4043;3651;185710;96023;21.6;11.2
974;2021-06-04;3849;3758;189559;99781;22.0;11.6
974;2021-06-05;2214;1925;191773;101706;22.3;11.8
974;2021-06-06;1073;134;192846;101840;22.4;11.8
974;2021-06-07;2014;2527;194860;104367;22.7;12.1
974;2021-06-08;2558;3339;197418;107706;23.0;12.5
974;2021-06-09;2982;4834;200400;112540;23.3;13.1
974;2021-06-10;3414;4464;203814;117004;23.7;13.6
974;2021-06-11;2842;4622;206656;121626;24.0;14.1
974;2021-06-12;1727;3379;208383;125005;24.2;14.5
974;2021-06-13;1324;246;209707;125251;24.4;14.6
974;2021-06-14;1490;3183;211197;128434;24.6;14.9
974;2021-06-15;2058;3618;213255;132052;24.8;15.4
974;2021-06-16;2751;4655;216006;136707;25.1;15.9
974;2021-06-17;2521;4896;218527;141603;25.4;16.5
974;2021-06-18;2600;4893;221127;146496;25.7;17.0
974;2021-06-19;1303;3517;222430;150013;25.9;17.4
974;2021-06-20;632;288;223062;150301;25.9;17.5
974;2021-06-21;1265;3234;224327;153535;26.1;17.9
974;2021-06-22;1624;3763;225951;157298;26.3;18.3
974;2021-06-23;2256;4994;228207;162292;26.5;18.9
974;2021-06-24;2284;4070;230491;166362;26.8;19.3
974;2021-06-25;2189;4104;232680;170466;27.1;19.8
974;2021-06-26;1400;2711;234080;173177;27.2;20.1
974;2021-06-27;665;268;234745;173445;27.3;20.2
974;2021-06-28;1306;2478;236051;175923;27.4;20.5
974;2021-06-29;1757;2845;237808;178768;27.7;20.8
974;2021-06-30;2562;3846;240370;182614;28.0;21.2
974;2021-07-01;2698;3826;243068;186440;28.3;21.7
974;2021-07-02;2510;3714;245578;190154;28.6;22.1
974;2021-07-03;1614;2459;247192;192613;28.7;22.4
974;2021-07-04;881;1039;248073;193652;28.8;22.5
974;2021-07-05;1693;2222;249766;195874;29.0;22.8
974;2021-07-06;2576;2542;252342;198416;29.3;23.1
974;2021-07-07;2664;3137;255006;201553;29.7;23.4
974;2021-07-08;2410;3173;257416;204726;29.9;23.8
974;2021-07-09;2760;3427;260176;208153;30.3;24.2
974;2021-07-10;1621;2192;261797;210345;30.4;24.5
974;2021-07-11;729;1016;262526;211361;30.5;24.6
974;2021-07-12;1747;2604;264273;213965;30.7;24.9
974;2021-07-13;4429;3338;268702;217303;31.2;25.3
974;2021-07-14;3295;604;271997;217907;31.6;25.3
974;2021-07-15;5554;4017;277551;221924;32.3;25.8
974;2021-07-16;6238;3291;283789;225215;33.0;26.2
974;2021-07-17;4374;1909;288163;227124;33.5;26.4
974;2021-07-18;2673;764;290836;227888;33.8;26.5
974;2021-07-19;4649;2026;295485;229914;34.4;26.7
974;2021-07-20;6230;2425;301715;232339;35.1;27.0
974;2021-07-21;6738;2852;308453;235191;35.9;27.3
974;2021-07-22;7134;2805;315587;237996;36.7;27.7
974;2021-07-23;6629;2976;322216;240972;37.5;28.0
974;2021-07-24;3798;2057;326014;243029;37.9;28.3
974;2021-07-25;2521;756;328535;243785;38.2;28.3
974;2021-07-26;4366;2084;332901;245869;38.7;28.6
974;2021-07-27;5421;2555;338322;248424;39.3;28.9
974;2021-07-28;5372;2893;343694;251317;40.0;29.2
974;2021-07-29;5709;2805;349403;254122;40.6;29.6
974;2021-07-30;5847;2575;355250;256697;41.3;29.8
974;2021-07-31;3928;1638;359178;258335;41.8;30.0
974;2021-08-01;1896;715;361074;259050;42.0;30.1
974;2021-08-02;3374;1865;364448;260915;42.4;30.3
974;2021-08-03;4261;4075;368709;264990;42.9;30.8
974;2021-08-04;4832;4222;373541;269212;43.4;31.3
974;2021-08-05;4403;4672;377944;273884;43.9;31.8
974;2021-08-06;4045;5094;381989;278978;44.4;32.4
974;2021-08-07;2734;4046;384723;283024;44.7;32.9
974;2021-08-08;1469;2265;386192;285289;44.9;33.2
974;2021-08-09;2542;4531;388734;289820;45.2;33.7
974;2021-08-10;3747;4959;392481;294779;45.6;34.3
974;2021-08-11;4573;5428;397054;300207;46.2;34.9
974;2021-08-12;4678;5920;401732;306127;46.7;35.6
974;2021-08-13;4433;5830;406165;311957;47.2;36.3
974;2021-08-14;2568;4324;408733;316281;47.5;36.8
974;2021-08-15;1566;2177;410299;318458;47.7;37.0
974;2021-08-16;2326;4169;412625;322627;48.0;37.5
974;2021-08-17;3122;4528;415747;327155;48.3;38.0
974;2021-08-18;3280;5884;419027;333039;48.7;38.7
974;2021-08-19;3239;4883;422266;337922;49.1;39.3
974;2021-08-20;3405;5266;425671;343188;49.5;39.9
974;2021-08-21;1778;4601;427449;347789;49.7;40.4
974;2021-08-22;1014;1937;428463;349726;49.8;40.7
975;2020-12-27;0;0;0;0;0.0;0.0
975;2020-12-28;0;0;0;0;0.0;0.0
975;2020-12-29;0;0;0;0;0.0;0.0
975;2020-12-30;0;0;0;0;0.0;0.0
975;2020-12-31;0;0;0;0;0.0;0.0
975;2021-01-01;0;0;0;0;0.0;0.0
975;2021-01-02;0;0;0;0;0.0;0.0
975;2021-01-03;0;0;0;0;0.0;0.0
975;2021-01-04;0;0;0;0;0.0;0.0
975;2021-01-05;0;0;0;0;0.0;0.0
975;2021-01-06;0;0;0;0;0.0;0.0
975;2021-01-07;0;0;0;0;0.0;0.0
975;2021-01-08;0;0;0;0;0.0;0.0
975;2021-01-09;0;0;0;0;0.0;0.0
975;2021-01-10;0;0;0;0;0.0;0.0
975;2021-01-11;0;0;0;0;0.0;0.0
975;2021-01-12;0;0;0;0;0.0;0.0
975;2021-01-13;0;0;0;0;0.0;0.0
975;2021-01-14;0;0;0;0;0.0;0.0
975;2021-01-15;0;0;0;0;0.0;0.0
975;2021-01-16;0;0;0;0;0.0;0.0
975;2021-01-17;0;0;0;0;0.0;0.0
975;2021-01-18;0;0;0;0;0.0;0.0
975;2021-01-19;0;0;0;0;0.0;0.0
975;2021-01-20;0;0;0;0;0.0;0.0
975;2021-01-21;0;0;0;0;0.0;0.0
975;2021-01-22;0;0;0;0;0.0;0.0
975;2021-01-23;0;0;0;0;0.0;0.0
975;2021-01-24;0;0;0;0;0.0;0.0
975;2021-01-25;0;0;0;0;0.0;0.0
975;2021-01-26;0;0;0;0;0.0;0.0
975;2021-01-27;0;0;0;0;0.0;0.0
975;2021-01-28;0;0;0;0;0.0;0.0
975;2021-01-29;0;0;0;0;0.0;0.0
975;2021-01-30;0;0;0;0;0.0;0.0
975;2021-01-31;0;0;0;0;0.0;0.0
975;2021-02-01;0;0;0;0;0.0;0.0
975;2021-02-02;0;0;0;0;0.0;0.0
975;2021-02-03;0;0;0;0;0.0;0.0
975;2021-02-04;0;0;0;0;0.0;0.0
975;2021-02-05;0;0;0;0;0.0;0.0
975;2021-02-06;0;0;0;0;0.0;0.0
975;2021-02-07;0;0;0;0;0.0;0.0
975;2021-02-08;0;0;0;0;0.0;0.0
975;2021-02-09;0;0;0;0;0.0;0.0
975;2021-02-10;0;0;0;0;0.0;0.0
975;2021-02-11;0;0;0;0;0.0;0.0
975;2021-02-12;0;0;0;0;0.0;0.0
975;2021-02-13;0;0;0;0;0.0;0.0
975;2021-02-14;0;0;0;0;0.0;0.0
975;2021-02-15;0;0;0;0;0.0;0.0
975;2021-02-16;0;0;0;0;0.0;0.0
975;2021-02-17;0;0;0;0;0.0;0.0
975;2021-02-18;0;0;0;0;0.0;0.0
975;2021-02-19;0;0;0;0;0.0;0.0
975;2021-02-20;0;0;0;0;0.0;0.0
975;2021-02-21;0;0;0;0;0.0;0.0
975;2021-02-22;0;0;0;0;0.0;0.0
975;2021-02-23;0;0;0;0;0.0;0.0
975;2021-02-24;0;0;0;0;0.0;0.0
975;2021-02-25;0;0;0;0;0.0;0.0
975;2021-02-26;0;0;0;0;0.0;0.0
975;2021-02-27;0;0;0;0;0.0;0.0
975;2021-02-28;0;0;0;0;0.0;0.0
975;2021-03-01;0;0;0;0;0.0;0.0
975;2021-03-02;0;0;0;0;0.0;0.0
975;2021-03-03;0;0;0;0;0.0;0.0
975;2021-03-04;0;0;0;0;0.0;0.0
975;2021-03-05;0;0;0;0;0.0;0.0
975;2021-03-06;0;0;0;0;0.0;0.0
975;2021-03-07;0;0;0;0;0.0;0.0
975;2021-03-08;0;0;0;0;0.0;0.0
975;2021-03-09;0;0;0;0;0.0;0.0
975;2021-03-10;0;0;0;0;0.0;0.0
975;2021-03-11;0;0;0;0;0.0;0.0
975;2021-03-12;0;0;0;0;0.0;0.0
975;2021-03-13;0;0;0;0;0.0;0.0
975;2021-03-14;0;0;0;0;0.0;0.0
975;2021-03-15;0;0;0;0;0.0;0.0
975;2021-03-16;0;0;0;0;0.0;0.0
975;2021-03-17;0;0;0;0;0.0;0.0
975;2021-03-18;0;0;0;0;0.0;0.0
975;2021-03-19;0;0;0;0;0.0;0.0
975;2021-03-20;0;0;0;0;0.0;0.0
975;2021-03-21;0;0;0;0;0.0;0.0
975;2021-03-22;0;0;0;0;0.0;0.0
975;2021-03-23;0;0;0;0;0.0;0.0
975;2021-03-24;0;0;0;0;0.0;0.0
975;2021-03-25;0;0;0;0;0.0;0.0
975;2021-03-26;0;0;0;0;0.0;0.0
975;2021-03-27;0;0;0;0;0.0;0.0
975;2021-03-28;0;0;0;0;0.0;0.0
975;2021-03-29;2;0;2;0;0.0;0.0
975;2021-03-30;0;0;2;0;0.0;0.0
975;2021-03-31;0;0;2;0;0.0;0.0
975;2021-04-01;0;0;2;0;0.0;0.0
975;2021-04-02;0;0;2;0;0.0;0.0
975;2021-04-03;0;0;2;0;0.0;0.0
975;2021-04-04;0;0;2;0;0.0;0.0
975;2021-04-05;0;0;2;0;0.0;0.0
975;2021-04-06;0;0;2;0;0.0;0.0
975;2021-04-07;0;0;2;0;0.0;0.0
975;2021-04-08;1;0;3;0;0.1;0.0
975;2021-04-09;0;0;3;0;0.1;0.0
975;2021-04-10;0;0;3;0;0.1;0.0
975;2021-04-11;0;0;3;0;0.1;0.0
975;2021-04-12;0;0;3;0;0.1;0.0
975;2021-04-13;0;0;3;0;0.1;0.0
975;2021-04-14;0;0;3;0;0.1;0.0
975;2021-04-15;0;0;3;0;0.1;0.0
975;2021-04-16;0;0;3;0;0.1;0.0
975;2021-04-17;0;0;3;0;0.1;0.0
975;2021-04-18;0;0;3;0;0.1;0.0
975;2021-04-19;0;0;3;0;0.1;0.0
975;2021-04-20;0;0;3;0;0.1;0.0
975;2021-04-21;0;0;3;0;0.1;0.0
975;2021-04-22;0;0;3;0;0.1;0.0
975;2021-04-23;0;0;3;0;0.1;0.0
975;2021-04-24;0;0;3;0;0.1;0.0
975;2021-04-25;0;0;3;0;0.1;0.0
975;2021-04-26;0;0;3;0;0.1;0.0
975;2021-04-27;0;0;3;0;0.1;0.0
975;2021-04-28;0;0;3;0;0.1;0.0
975;2021-04-29;0;0;3;0;0.1;0.0
975;2021-04-30;0;0;3;0;0.1;0.0
975;2021-05-01;0;0;3;0;0.1;0.0
975;2021-05-02;0;0;3;0;0.1;0.0
975;2021-05-03;0;0;3;0;0.1;0.0
975;2021-05-04;0;0;3;0;0.1;0.0
975;2021-05-05;0;0;3;0;0.1;0.0
975;2021-05-06;0;0;3;0;0.1;0.0
975;2021-05-07;0;0;3;0;0.1;0.0
975;2021-05-08;0;0;3;0;0.1;0.0
975;2021-05-09;0;0;3;0;0.1;0.0
975;2021-05-10;0;0;3;0;0.1;0.0
975;2021-05-11;0;0;3;0;0.1;0.0
975;2021-05-12;0;0;3;0;0.1;0.0
975;2021-05-13;0;0;3;0;0.1;0.0
975;2021-05-14;0;0;3;0;0.1;0.0
975;2021-05-15;0;0;3;0;0.1;0.0
975;2021-05-16;0;0;3;0;0.1;0.0
975;2021-05-17;0;0;3;0;0.1;0.0
975;2021-05-18;0;0;3;0;0.1;0.0
975;2021-05-19;0;0;3;0;0.1;0.0
975;2021-05-20;0;0;3;0;0.1;0.0
975;2021-05-21;0;0;3;0;0.1;0.0
975;2021-05-22;0;0;3;0;0.1;0.0
975;2021-05-23;0;0;3;0;0.1;0.0
975;2021-05-24;0;0;3;0;0.1;0.0
975;2021-05-25;0;0;3;0;0.1;0.0
975;2021-05-26;0;0;3;0;0.1;0.0
975;2021-05-27;0;0;3;0;0.1;0.0
975;2021-05-28;0;0;3;0;0.1;0.0
975;2021-05-29;0;2;3;2;0.1;0.0
975;2021-05-30;0;0;3;2;0.1;0.0
975;2021-05-31;0;0;3;2;0.1;0.0
975;2021-06-01;0;0;3;2;0.1;0.0
975;2021-06-02;0;0;3;2;0.1;0.0
975;2021-06-03;0;0;3;2;0.1;0.0
975;2021-06-04;0;0;3;2;0.1;0.0
975;2021-06-05;0;0;3;2;0.1;0.0
975;2021-06-06;0;0;3;2;0.1;0.0
975;2021-06-07;0;0;3;2;0.1;0.0
975;2021-06-08;0;0;3;2;0.1;0.0
975;2021-06-09;0;0;3;2;0.1;0.0
975;2021-06-10;0;0;3;2;0.1;0.0
975;2021-06-11;0;0;3;2;0.1;0.0
975;2021-06-12;0;0;3;2;0.1;0.0
975;2021-06-13;0;0;3;2;0.1;0.0
975;2021-06-14;0;0;3;2;0.1;0.0
975;2021-06-15;0;0;3;2;0.1;0.0
975;2021-06-16;0;0;3;2;0.1;0.0
975;2021-06-17;0;0;3;2;0.1;0.0
975;2021-06-18;0;0;3;2;0.1;0.0
975;2021-06-19;0;0;3;2;0.1;0.0
975;2021-06-20;0;0;3;2;0.1;0.0
975;2021-06-21;1;0;4;2;0.1;0.0
975;2021-06-22;0;0;4;2;0.1;0.0
975;2021-06-23;0;0;4;2;0.1;0.0
975;2021-06-24;0;0;4;2;0.1;0.0
975;2021-06-25;0;0;4;2;0.1;0.0
975;2021-06-26;0;0;4;2;0.1;0.0
975;2021-06-27;0;0;4;2;0.1;0.0
975;2021-06-28;0;0;4;2;0.1;0.0
975;2021-06-29;0;0;4;2;0.1;0.0
975;2021-06-30;0;0;4;2;0.1;0.0
975;2021-07-01;0;0;4;2;0.1;0.0
975;2021-07-02;0;0;4;2;0.1;0.0
975;2021-07-03;0;0;4;2;0.1;0.0
975;2021-07-04;0;0;4;2;0.1;0.0
975;2021-07-05;0;0;4;2;0.1;0.0
975;2021-07-06;1;0;5;2;0.1;0.0
975;2021-07-07;7;0;12;2;0.2;0.0
975;2021-07-08;0;0;12;2;0.2;0.0
975;2021-07-09;1;0;13;2;0.2;0.0
975;2021-07-10;0;0;13;2;0.2;0.0
975;2021-07-11;0;0;13;2;0.2;0.0
975;2021-07-12;1;0;14;2;0.2;0.0
975;2021-07-13;0;0;14;2;0.2;0.0
975;2021-07-14;0;0;14;2;0.2;0.0
975;2021-07-15;0;0;14;2;0.2;0.0
975;2021-07-16;0;0;14;2;0.2;0.0
975;2021-07-17;0;0;14;2;0.2;0.0
975;2021-07-18;0;0;14;2;0.2;0.0
975;2021-07-19;0;0;14;2;0.2;0.0
975;2021-07-20;0;0;14;2;0.2;0.0
975;2021-07-21;0;0;14;2;0.2;0.0
975;2021-07-22;0;0;14;2;0.2;0.0
975;2021-07-23;0;0;14;2;0.2;0.0
975;2021-07-24;0;0;14;2;0.2;0.0
975;2021-07-25;0;0;14;2;0.2;0.0
975;2021-07-26;0;0;14;2;0.2;0.0
975;2021-07-27;0;0;14;2;0.2;0.0
975;2021-07-28;0;0;14;2;0.2;0.0
975;2021-07-29;0;0;14;2;0.2;0.0
975;2021-07-30;0;0;14;2;0.2;0.0
975;2021-07-31;0;0;14;2;0.2;0.0
975;2021-08-01;0;0;14;2;0.2;0.0
975;2021-08-02;1;0;15;2;0.3;0.0
975;2021-08-03;0;0;15;2;0.3;0.0
975;2021-08-04;0;0;15;2;0.3;0.0
975;2021-08-05;0;0;15;2;0.3;0.0
975;2021-08-06;0;0;15;2;0.3;0.0
975;2021-08-07;0;0;15;2;0.3;0.0
975;2021-08-08;0;0;15;2;0.3;0.0
975;2021-08-09;0;0;15;2;0.3;0.0
975;2021-08-10;0;0;15;2;0.3;0.0
975;2021-08-11;0;0;15;2;0.3;0.0
975;2021-08-12;0;0;15;2;0.3;0.0
975;2021-08-13;0;0;15;2;0.3;0.0
975;2021-08-14;0;0;15;2;0.3;0.0
975;2021-08-15;0;0;15;2;0.3;0.0
975;2021-08-16;0;0;15;2;0.3;0.0
975;2021-08-17;0;0;15;2;0.3;0.0
975;2021-08-18;0;0;15;2;0.3;0.0
975;2021-08-19;0;1;15;3;0.3;0.1
975;2021-08-20;0;0;15;3;0.3;0.1
975;2021-08-21;0;0;15;3;0.3;0.1
975;2021-08-22;0;0;15;3;0.3;0.1
976;2020-12-27;0;0;0;0;0.0;0.0
976;2020-12-28;0;0;0;0;0.0;0.0
976;2020-12-29;0;0;0;0;0.0;0.0
976;2020-12-30;0;0;0;0;0.0;0.0
976;2020-12-31;0;0;0;0;0.0;0.0
976;2021-01-01;0;0;0;0;0.0;0.0
976;2021-01-02;0;0;0;0;0.0;0.0
976;2021-01-03;0;0;0;0;0.0;0.0
976;2021-01-04;0;0;0;0;0.0;0.0
976;2021-01-05;0;0;0;0;0.0;0.0
976;2021-01-06;0;0;0;0;0.0;0.0
976;2021-01-07;0;0;0;0;0.0;0.0
976;2021-01-08;0;0;0;0;0.0;0.0
976;2021-01-09;0;0;0;0;0.0;0.0
976;2021-01-10;0;0;0;0;0.0;0.0
976;2021-01-11;9;0;9;0;0.0;0.0
976;2021-01-12;0;0;9;0;0.0;0.0
976;2021-01-13;0;0;9;0;0.0;0.0
976;2021-01-14;0;0;9;0;0.0;0.0
976;2021-01-15;1;0;10;0;0.0;0.0
976;2021-01-16;1;0;11;0;0.0;0.0
976;2021-01-17;0;0;11;0;0.0;0.0
976;2021-01-18;1;0;12;0;0.0;0.0
976;2021-01-19;0;0;12;0;0.0;0.0
976;2021-01-20;0;0;12;0;0.0;0.0
976;2021-01-21;1;1;13;1;0.0;0.0
976;2021-01-22;0;0;13;1;0.0;0.0
976;2021-01-23;1;0;14;1;0.0;0.0
976;2021-01-24;0;0;14;1;0.0;0.0
976;2021-01-25;143;3;157;4;0.1;0.0
976;2021-01-26;165;3;322;7;0.1;0.0
976;2021-01-27;250;3;572;10;0.2;0.0
976;2021-01-28;102;8;674;18;0.2;0.0
976;2021-01-29;231;2;905;20;0.3;0.0
976;2021-01-30;285;11;1190;31;0.4;0.0
976;2021-01-31;1;0;1191;31;0.4;0.0
976;2021-02-01;161;1;1352;32;0.5;0.0
976;2021-02-02;330;9;1682;41;0.6;0.0
976;2021-02-03;228;3;1910;44;0.7;0.0
976;2021-02-04;216;9;2126;53;0.8;0.0
976;2021-02-05;213;0;2339;53;0.8;0.0
976;2021-02-06;83;10;2422;63;0.9;0.0
976;2021-02-07;0;0;2422;63;0.9;0.0
976;2021-02-08;82;4;2504;67;0.9;0.0
976;2021-02-09;194;1;2698;68;1.0;0.0
976;2021-02-10;187;5;2885;73;1.0;0.0
976;2021-02-11;236;4;3121;77;1.1;0.0
976;2021-02-12;288;4;3409;81;1.2;0.0
976;2021-02-13;56;0;3465;81;1.2;0.0
976;2021-02-14;1;0;3466;81;1.2;0.0
976;2021-02-15;359;7;3825;88;1.4;0.0
976;2021-02-16;266;10;4091;98;1.5;0.0
976;2021-02-17;167;8;4258;106;1.5;0.0
976;2021-02-18;217;12;4475;118;1.6;0.0
976;2021-02-19;237;24;4712;142;1.7;0.1
976;2021-02-20;139;9;4851;151;1.7;0.1
976;2021-02-21;0;0;4851;151;1.7;0.1
976;2021-02-22;130;122;4981;273;1.8;0.1
976;2021-02-23;184;156;5165;429;1.8;0.2
976;2021-02-24;176;146;5341;575;1.9;0.2
976;2021-02-25;227;277;5568;852;2.0;0.3
976;2021-02-26;242;246;5810;1098;2.1;0.4
976;2021-02-27;0;0;5810;1098;2.1;0.4
976;2021-02-28;0;0;5810;1098;2.1;0.4
976;2021-03-01;146;259;5956;1357;2.1;0.5
976;2021-03-02;228;260;6184;1617;2.2;0.6
976;2021-03-03;202;189;6386;1806;2.3;0.6
976;2021-03-04;205;143;6591;1949;2.4;0.7
976;2021-03-05;224;116;6815;2065;2.4;0.7
976;2021-03-06;1;0;6816;2065;2.4;0.7
976;2021-03-07;1;0;6817;2065;2.4;0.7
976;2021-03-08;189;110;7006;2175;2.5;0.8
976;2021-03-09;391;163;7397;2338;2.6;0.8
976;2021-03-10;180;178;7577;2516;2.7;0.9
976;2021-03-11;167;207;7744;2723;2.8;1.0
976;2021-03-12;237;294;7981;3017;2.9;1.1
976;2021-03-13;2;0;7983;3017;2.9;1.1
976;2021-03-14;0;0;7983;3017;2.9;1.1
976;2021-03-15;157;294;8140;3311;2.9;1.2
976;2021-03-16;237;226;8377;3537;3.0;1.3
976;2021-03-17;264;145;8641;3682;3.1;1.3
976;2021-03-18;173;236;8814;3918;3.2;1.4
976;2021-03-19;173;298;8987;4216;3.2;1.5
976;2021-03-20;0;0;8987;4216;3.2;1.5
976;2021-03-21;0;0;8987;4216;3.2;1.5
976;2021-03-22;97;136;9084;4352;3.3;1.6
976;2021-03-23;136;239;9220;4591;3.3;1.6
976;2021-03-24;160;147;9380;4738;3.4;1.7
976;2021-03-25;185;206;9565;4944;3.4;1.8
976;2021-03-26;160;212;9725;5156;3.5;1.8
976;2021-03-27;18;0;9743;5156;3.5;1.8
976;2021-03-28;1;0;9744;5156;3.5;1.8
976;2021-03-29;0;2;9744;5158;3.5;1.8
976;2021-03-30;273;336;10017;5494;3.6;2.0
976;2021-03-31;225;125;10242;5619;3.7;2.0
976;2021-04-01;245;103;10487;5722;3.8;2.0
976;2021-04-02;289;262;10776;5984;3.9;2.1
976;2021-04-03;905;309;11681;6293;4.2;2.3
976;2021-04-04;2;0;11683;6293;4.2;2.3
976;2021-04-05;1;0;11684;6293;4.2;2.3
976;2021-04-06;162;277;11846;6570;4.2;2.4
976;2021-04-07;237;266;12083;6836;4.3;2.4
976;2021-04-08;285;140;12368;6976;4.4;2.5
976;2021-04-09;249;171;12617;7147;4.5;2.6
976;2021-04-10;181;114;12798;7261;4.6;2.6
976;2021-04-11;7;0;12805;7261;4.6;2.6
976;2021-04-12;0;19;12805;7280;4.6;2.6
976;2021-04-13;394;345;13199;7625;4.7;2.7
976;2021-04-14;239;205;13438;7830;4.8;2.8
976;2021-04-15;209;117;13647;7947;4.9;2.8
976;2021-04-16;214;127;13861;8074;5.0;2.9
976;2021-04-17;226;131;14087;8205;5.0;2.9
976;2021-04-18;1;0;14088;8205;5.0;2.9
976;2021-04-19;7;1;14095;8206;5.0;2.9
976;2021-04-20;369;223;14464;8429;5.2;3.0
976;2021-04-21;413;150;14877;8579;5.3;3.1
976;2021-04-22;410;150;15287;8729;5.5;3.1
976;2021-04-23;367;166;15654;8895;5.6;3.2
976;2021-04-24;413;128;16067;9023;5.7;3.2
976;2021-04-25;2;0;16069;9023;5.7;3.2
976;2021-04-26;55;8;16124;9031;5.8;3.2
976;2021-04-27;351;293;16475;9324;5.9;3.3
976;2021-04-28;357;513;16832;9837;6.0;3.5
976;2021-04-29;559;344;17391;10181;6.2;3.6
976;2021-04-30;405;238;17796;10419;6.4;3.7
976;2021-05-01;673;286;18469;10705;6.6;3.8
976;2021-05-02;0;0;18469;10705;6.6;3.8
976;2021-05-03;141;6;18610;10711;6.7;3.8
976;2021-05-04;353;426;18963;11137;6.8;4.0
976;2021-05-05;448;318;19411;11455;6.9;4.1
976;2021-05-06;320;202;19731;11657;7.1;4.2
976;2021-05-07;341;133;20072;11790;7.2;4.2
976;2021-05-08;305;139;20377;11929;7.3;4.3
976;2021-05-09;0;0;20377;11929;7.3;4.3
976;2021-05-10;9;9;20386;11938;7.3;4.3
976;2021-05-11;363;490;20749;12428;7.4;4.4
976;2021-05-12;334;310;21083;12738;7.5;4.6
976;2021-05-13;126;96;21209;12834;7.6;4.6
976;2021-05-14;0;0;21209;12834;7.6;4.6
976;2021-05-15;486;283;21695;13117;7.8;4.7
976;2021-05-16;1;0;21696;13117;7.8;4.7
976;2021-05-17;124;51;21820;13168;7.8;4.7
976;2021-05-18;517;430;22337;13598;8.0;4.9
976;2021-05-19;652;663;22989;14261;8.2;5.1
976;2021-05-20;1057;498;24046;14759;8.6;5.3
976;2021-05-21;1046;313;25092;15072;9.0;5.4
976;2021-05-22;1243;299;26335;15371;9.4;5.5
976;2021-05-23;0;0;26335;15371;9.4;5.5
976;2021-05-24;1;0;26336;15371;9.4;5.5
976;2021-05-25;890;623;27226;15994;9.7;5.7
976;2021-05-26;1036;842;28262;16836;10.1;6.0
976;2021-05-27;1325;512;29587;17348;10.6;6.2
976;2021-05-28;957;375;30544;17723;10.9;6.3
976;2021-05-29;1131;392;31675;18115;11.3;6.5
976;2021-05-30;1;1;31676;18116;11.3;6.5
976;2021-05-31;105;6;31781;18122;11.4;6.5
976;2021-06-01;1152;652;32933;18774;11.8;6.7
976;2021-06-02;1239;529;34172;19303;12.2;6.9
976;2021-06-03;809;351;34981;19654;12.5;7.0
976;2021-06-04;1001;323;35982;19977;12.9;7.1
976;2021-06-05;679;299;36661;20276;13.1;7.3
976;2021-06-06;1;0;36662;20276;13.1;7.3
976;2021-06-07;91;12;36753;20288;13.2;7.3
976;2021-06-08;958;444;37711;20732;13.5;7.4
976;2021-06-09;971;550;38682;21282;13.8;7.6
976;2021-06-10;702;231;39384;21513;14.1;7.7
976;2021-06-11;849;366;40233;21879;14.4;7.8
976;2021-06-12;585;276;40818;22155;14.6;7.9
976;2021-06-13;2;0;40820;22155;14.6;7.9
976;2021-06-14;187;112;41007;22267;14.7;8.0
976;2021-06-15;415;839;41422;23106;14.8;8.3
976;2021-06-16;892;1442;42314;24548;15.1;8.8
976;2021-06-17;792;660;43106;25208;15.4;9.0
976;2021-06-18;708;621;43814;25829;15.7;9.2
976;2021-06-19;538;643;44352;26472;15.9;9.5
976;2021-06-20;1;0;44353;26472;15.9;9.5
976;2021-06-21;128;132;44481;26604;15.9;9.5
976;2021-06-22;431;1150;44912;27754;16.1;9.9
976;2021-06-23;664;1186;45576;28940;16.3;10.4
976;2021-06-24;469;546;46045;29486;16.5;10.6
976;2021-06-25;544;478;46589;29964;16.7;10.7
976;2021-06-26;388;692;46977;30656;16.8;11.0
976;2021-06-27;1;0;46978;30656;16.8;11.0
976;2021-06-28;107;191;47085;30847;16.8;11.0
976;2021-06-29;730;974;47815;31821;17.1;11.4
976;2021-06-30;694;947;48509;32768;17.4;11.7
976;2021-07-01;580;546;49089;33314;17.6;11.9
976;2021-07-02;452;431;49541;33745;17.7;12.1
976;2021-07-03;446;422;49987;34167;17.9;12.2
976;2021-07-04;2;0;49989;34167;17.9;12.2
976;2021-07-05;121;224;50110;34391;17.9;12.3
976;2021-07-06;503;865;50613;35256;18.1;12.6
976;2021-07-07;771;1012;51384;36268;18.4;13.0
976;2021-07-08;808;634;52192;36902;18.7;13.2
976;2021-07-09;791;517;52983;37419;19.0;13.4
976;2021-07-10;441;320;53424;37739;19.1;13.5
976;2021-07-11;0;0;53424;37739;19.1;13.5
976;2021-07-12;164;172;53588;37911;19.2;13.6
976;2021-07-13;855;1001;54443;38912;19.5;13.9
976;2021-07-14;0;5;54443;38917;19.5;13.9
976;2021-07-15;1229;816;55672;39733;19.9;14.2
976;2021-07-16;1308;660;56980;40393;20.4;14.5
976;2021-07-17;1048;376;58028;40769;20.8;14.6
976;2021-07-18;0;0;58028;40769;20.8;14.6
976;2021-07-19;205;134;58233;40903;20.8;14.6
976;2021-07-20;1160;878;59393;41781;21.3;15.0
976;2021-07-21;32;28;59425;41809;21.3;15.0
976;2021-07-22;1127;664;60552;42473;21.7;15.2
976;2021-07-23;1209;543;61761;43016;22.1;15.4
976;2021-07-24;860;440;62621;43456;22.4;15.5
976;2021-07-25;0;0;62621;43456;22.4;15.5
976;2021-07-26;179;36;62800;43492;22.5;15.6
976;2021-07-27;1135;822;63935;44314;22.9;15.9
976;2021-07-28;1015;634;64950;44948;23.2;16.1
976;2021-07-29;1200;560;66150;45508;23.7;16.3
976;2021-07-30;1200;408;67350;45916;24.1;16.4
976;2021-07-31;760;275;68110;46191;24.4;16.5
976;2021-08-01;0;0;68110;46191;24.4;16.5
976;2021-08-02;309;179;68419;46370;24.5;16.6
976;2021-08-03;1500;931;69919;47301;25.0;16.9
976;2021-08-04;1820;810;71739;48111;25.7;17.2
976;2021-08-05;1461;499;73200;48610;26.2;17.4
976;2021-08-06;1676;500;74876;49110;26.8;17.6
976;2021-08-07;912;355;75788;49465;27.1;17.7
976;2021-08-08;6;1;75794;49466;27.1;17.7
976;2021-08-09;518;235;76312;49701;27.3;17.8
976;2021-08-10;1619;1376;77931;51077;27.9;18.3
976;2021-08-11;2024;1237;79955;52314;28.6;18.7
976;2021-08-12;1692;611;81647;52925;29.2;18.9
976;2021-08-13;1530;530;83177;53455;29.8;19.1
976;2021-08-14;827;450;84004;53905;30.1;19.3
976;2021-08-15;0;0;84004;53905;30.1;19.3
976;2021-08-16;537;287;84541;54192;30.3;19.4
976;2021-08-17;1788;1298;86329;55490;30.9;19.9
976;2021-08-18;2183;1205;88512;56695;31.7;20.3
976;2021-08-19;1940;541;90452;57236;32.4;20.5
976;2021-08-20;1713;533;92165;57769;33.0;20.7
976;2021-08-21;1026;516;93191;58285;33.3;20.9
976;2021-08-22;0;0;93191;58285;33.3;20.9
977;2020-12-27;0;0;0;0;0.0;0.0
977;2020-12-28;0;0;0;0;0.0;0.0
977;2020-12-29;0;0;0;0;0.0;0.0
977;2020-12-30;0;0;0;0;0.0;0.0
977;2020-12-31;0;0;0;0;0.0;0.0
977;2021-01-01;0;0;0;0;0.0;0.0
977;2021-01-02;0;0;0;0;0.0;0.0
977;2021-01-03;0;0;0;0;0.0;0.0
977;2021-01-04;0;0;0;0;0.0;0.0
977;2021-01-05;0;0;0;0;0.0;0.0
977;2021-01-06;0;0;0;0;0.0;0.0
977;2021-01-07;0;0;0;0;0.0;0.0
977;2021-01-08;0;0;0;0;0.0;0.0
977;2021-01-09;0;0;0;0;0.0;0.0
977;2021-01-10;0;0;0;0;0.0;0.0
977;2021-01-11;0;0;0;0;0.0;0.0
977;2021-01-12;0;0;0;0;0.0;0.0
977;2021-01-13;0;0;0;0;0.0;0.0
977;2021-01-14;0;0;0;0;0.0;0.0
977;2021-01-15;0;0;0;0;0.0;0.0
977;2021-01-16;0;0;0;0;0.0;0.0
977;2021-01-17;0;0;0;0;0.0;0.0
977;2021-01-18;1;0;1;0;0.0;0.0
977;2021-01-19;0;0;1;0;0.0;0.0
977;2021-01-20;0;0;1;0;0.0;0.0
977;2021-01-21;12;0;13;0;0.1;0.0
977;2021-01-22;12;0;25;0;0.3;0.0
977;2021-01-23;0;0;25;0;0.3;0.0
977;2021-01-24;0;0;25;0;0.3;0.0
977;2021-01-25;0;0;25;0;0.3;0.0
977;2021-01-26;0;0;25;0;0.3;0.0
977;2021-01-27;12;0;37;0;0.4;0.0
977;2021-01-28;1;0;38;0;0.4;0.0
977;2021-01-29;6;0;44;0;0.4;0.0
977;2021-01-30;0;0;44;0;0.4;0.0
977;2021-01-31;0;0;44;0;0.4;0.0
977;2021-02-01;0;0;44;0;0.4;0.0
977;2021-02-02;0;0;44;0;0.4;0.0
977;2021-02-03;11;0;55;0;0.6;0.0
977;2021-02-04;12;0;67;0;0.7;0.0
977;2021-02-05;11;0;78;0;0.8;0.0
977;2021-02-06;0;0;78;0;0.8;0.0
977;2021-02-07;0;0;78;0;0.8;0.0
977;2021-02-08;0;0;78;0;0.8;0.0
977;2021-02-09;13;0;91;0;0.9;0.0
977;2021-02-10;0;0;91;0;0.9;0.0
977;2021-02-11;17;0;108;0;1.1;0.0
977;2021-02-12;45;0;153;0;1.5;0.0
977;2021-02-13;0;0;153;0;1.5;0.0
977;2021-02-14;0;0;153;0;1.5;0.0
977;2021-02-15;0;0;153;0;1.5;0.0
977;2021-02-16;0;0;153;0;1.5;0.0
977;2021-02-17;0;0;153;0;1.5;0.0
977;2021-02-18;18;0;171;0;1.7;0.0
977;2021-02-19;35;0;206;0;2.1;0.0
977;2021-02-20;0;0;206;0;2.1;0.0
977;2021-02-21;0;0;206;0;2.1;0.0
977;2021-02-22;0;0;206;0;2.1;0.0
977;2021-02-23;0;21;206;21;2.1;0.2
977;2021-02-24;0;0;206;21;2.1;0.2
977;2021-02-25;15;10;221;31;2.2;0.3
977;2021-02-26;33;20;254;51;2.5;0.5
977;2021-02-27;0;0;254;51;2.5;0.5
977;2021-02-28;0;0;254;51;2.5;0.5
977;2021-03-01;0;0;254;51;2.5;0.5
977;2021-03-02;19;11;273;62;2.7;0.6
977;2021-03-03;0;0;273;62;2.7;0.6
977;2021-03-04;16;12;289;74;2.9;0.7
977;2021-03-05;35;19;324;93;3.3;0.9
977;2021-03-06;0;0;324;93;3.3;0.9
977;2021-03-07;0;0;324;93;3.3;0.9
977;2021-03-08;0;0;324;93;3.3;0.9
977;2021-03-09;1;0;325;93;3.3;0.9
977;2021-03-10;0;0;325;93;3.3;0.9
977;2021-03-11;20;30;345;123;3.5;1.2
977;2021-03-12;62;41;407;164;4.1;1.6
977;2021-03-13;0;0;407;164;4.1;1.6
977;2021-03-14;0;0;407;164;4.1;1.6
977;2021-03-15;0;0;407;164;4.1;1.6
977;2021-03-16;30;9;437;173;4.4;1.7
977;2021-03-17;0;0;437;173;4.4;1.7
977;2021-03-18;30;16;467;189;4.7;1.9
977;2021-03-19;57;27;524;216;5.3;2.2
977;2021-03-20;0;0;524;216;5.3;2.2
977;2021-03-21;0;0;524;216;5.3;2.2
977;2021-03-22;0;0;524;216;5.3;2.2
977;2021-03-23;0;0;524;216;5.3;2.2
977;2021-03-24;0;0;524;216;5.3;2.2
977;2021-03-25;65;17;589;233;5.9;2.3
977;2021-03-26;73;26;662;259;6.6;2.6
977;2021-03-27;0;0;662;259;6.6;2.6
977;2021-03-28;0;0;662;259;6.6;2.6
977;2021-03-29;0;0;662;259;6.6;2.6
977;2021-03-30;40;18;702;277;7.0;2.8
977;2021-03-31;26;15;728;292;7.3;2.9
977;2021-04-01;25;32;753;324;7.6;3.3
977;2021-04-02;0;0;753;324;7.6;3.3
977;2021-04-03;0;0;753;324;7.6;3.3
977;2021-04-04;0;0;753;324;7.6;3.3
977;2021-04-05;9;0;762;324;7.6;3.3
977;2021-04-06;0;0;762;324;7.6;3.3
977;2021-04-07;0;0;762;324;7.6;3.3
977;2021-04-08;57;46;819;370;8.2;3.7
977;2021-04-09;58;31;877;401;8.8;4.0
977;2021-04-10;0;0;877;401;8.8;4.0
977;2021-04-11;0;0;877;401;8.8;4.0
977;2021-04-12;0;0;877;401;8.8;4.0
977;2021-04-13;0;0;877;401;8.8;4.0
977;2021-04-14;5;5;882;406;8.9;4.1
977;2021-04-15;56;70;938;476;9.4;4.8
977;2021-04-16;90;35;1028;511;10.3;5.1
977;2021-04-17;0;1;1028;512;10.3;5.1
977;2021-04-18;0;0;1028;512;10.3;5.1
977;2021-04-19;1;0;1029;512;10.3;5.1
977;2021-04-20;335;63;1364;575;13.7;5.8
977;2021-04-21;337;30;1701;605;17.1;6.1
977;2021-04-22;284;49;1985;654;19.9;6.6
977;2021-04-23;260;42;2245;696;22.5;7.0
977;2021-04-24;231;1;2476;697;24.9;7.0
977;2021-04-25;0;0;2476;697;24.9;7.0
977;2021-04-26;283;19;2759;716;27.7;7.2
977;2021-04-27;224;68;2983;784;29.9;7.9
977;2021-04-28;192;26;3175;810;31.9;8.1
977;2021-04-29;170;23;3345;833;33.6;8.4
977;2021-04-30;172;17;3517;850;35.3;8.5
977;2021-05-01;203;11;3720;861;37.3;8.6
977;2021-05-02;0;0;3720;861;37.3;8.6
977;2021-05-03;135;9;3855;870;38.7;8.7
977;2021-05-04;161;53;4016;923;40.3;9.3
977;2021-05-05;221;28;4237;951;42.5;9.5
977;2021-05-06;175;33;4412;984;44.3;9.9
977;2021-05-07;149;31;4561;1015;45.8;10.2
977;2021-05-08;1;0;4562;1015;45.8;10.2
977;2021-05-09;0;0;4562;1015;45.8;10.2
977;2021-05-10;0;0;4562;1015;45.8;10.2
977;2021-05-11;3;41;4565;1056;45.8;10.6
977;2021-05-12;6;36;4571;1092;45.9;11.0
977;2021-05-13;0;0;4571;1092;45.9;11.0
977;2021-05-14;28;98;4599;1190;46.2;11.9
977;2021-05-15;0;0;4599;1190;46.2;11.9
977;2021-05-16;1;0;4600;1190;46.2;11.9
977;2021-05-17;1;14;4601;1204;46.2;12.1
977;2021-05-18;17;32;4618;1236;46.4;12.4
977;2021-05-19;0;1;4618;1237;46.4;12.4
977;2021-05-20;0;8;4618;1245;46.4;12.5
977;2021-05-21;12;31;4630;1276;46.5;12.8
977;2021-05-22;0;0;4630;1276;46.5;12.8
977;2021-05-23;0;0;4630;1276;46.5;12.8
977;2021-05-24;0;0;4630;1276;46.5;12.8
977;2021-05-25;50;331;4680;1607;47.0;16.1
977;2021-05-26;54;360;4734;1967;47.5;19.7
977;2021-05-27;34;317;4768;2284;47.9;22.9
977;2021-05-28;27;256;4795;2540;48.1;25.5
977;2021-05-29;35;375;4830;2915;48.5;29.3
977;2021-05-30;1;0;4831;2915;48.5;29.3
977;2021-05-31;45;216;4876;3131;49.0;31.4
977;2021-06-01;48;227;4924;3358;49.4;33.7
977;2021-06-02;69;273;4993;3631;50.1;36.5
977;2021-06-03;41;252;5034;3883;50.5;39.0
977;2021-06-04;81;270;5115;4153;51.4;41.7
977;2021-06-05;1;0;5116;4153;51.4;41.7
977;2021-06-06;0;0;5116;4153;51.4;41.7
977;2021-06-07;1;1;5117;4154;51.4;41.7
977;2021-06-08;8;2;5125;4156;51.5;41.7
977;2021-06-09;0;3;5125;4159;51.5;41.8
977;2021-06-10;8;4;5133;4163;51.5;41.8
977;2021-06-11;4;8;5137;4171;51.6;41.9
977;2021-06-12;16;59;5153;4230;51.7;42.5
977;2021-06-13;0;0;5153;4230;51.7;42.5
977;2021-06-14;0;0;5153;4230;51.7;42.5
977;2021-06-15;0;1;5153;4231;51.7;42.5
977;2021-06-16;0;0;5153;4231;51.7;42.5
977;2021-06-17;2;6;5155;4237;51.8;42.5
977;2021-06-18;0;2;5155;4239;51.8;42.6
977;2021-06-19;25;49;5180;4288;52.0;43.0
977;2021-06-20;0;0;5180;4288;52.0;43.0
977;2021-06-21;1;2;5181;4290;52.0;43.1
977;2021-06-22;8;0;5189;4290;52.1;43.1
977;2021-06-23;15;9;5204;4299;52.2;43.2
977;2021-06-24;10;5;5214;4304;52.3;43.2
977;2021-06-25;0;0;5214;4304;52.3;43.2
977;2021-06-26;25;45;5239;4349;52.6;43.7
977;2021-06-27;0;0;5239;4349;52.6;43.7
977;2021-06-28;0;0;5239;4349;52.6;43.7
977;2021-06-29;0;0;5239;4349;52.6;43.7
977;2021-06-30;0;0;5239;4349;52.6;43.7
977;2021-07-01;27;36;5266;4385;52.9;44.0
977;2021-07-02;26;31;5292;4416;53.1;44.3
977;2021-07-03;27;213;5319;4629;53.4;46.5
977;2021-07-04;0;0;5319;4629;53.4;46.5
977;2021-07-05;4;8;5323;4637;53.4;46.6
977;2021-07-06;0;0;5323;4637;53.4;46.6
977;2021-07-07;8;0;5331;4637;53.5;46.6
977;2021-07-08;33;23;5364;4660;53.9;46.8
977;2021-07-09;23;32;5387;4692;54.1;47.1
977;2021-07-10;33;45;5420;4737;54.4;47.6
977;2021-07-11;0;0;5420;4737;54.4;47.6
977;2021-07-12;0;1;5420;4738;54.4;47.6
977;2021-07-13;10;10;5430;4748;54.5;47.7
977;2021-07-14;0;0;5430;4748;54.5;47.7
977;2021-07-15;1;11;5431;4759;54.5;47.8
977;2021-07-16;44;51;5475;4810;55.0;48.3
977;2021-07-17;34;39;5509;4849;55.3;48.7
977;2021-07-18;1;0;5510;4849;55.3;48.7
977;2021-07-19;3;2;5513;4851;55.3;48.7
977;2021-07-20;3;1;5516;4852;55.4;48.7
977;2021-07-21;33;16;5549;4868;55.7;48.9
977;2021-07-22;36;33;5585;4901;56.1;49.2
977;2021-07-23;32;29;5617;4930;56.4;49.5
977;2021-07-24;43;26;5660;4956;56.8;49.8
977;2021-07-25;0;0;5660;4956;56.8;49.8
977;2021-07-26;13;9;5673;4965;57.0;49.8
977;2021-07-27;0;10;5673;4975;57.0;49.9
977;2021-07-28;31;14;5704;4989;57.3;50.1
977;2021-07-29;33;32;5737;5021;57.6;50.4
977;2021-07-30;31;29;5768;5050;57.9;50.7
977;2021-07-31;53;24;5821;5074;58.4;50.9
977;2021-08-01;0;0;5821;5074;58.4;50.9
977;2021-08-02;11;1;5832;5075;58.5;50.9
977;2021-08-03;0;0;5832;5075;58.5;50.9
977;2021-08-04;40;14;5872;5089;58.9;51.1
977;2021-08-05;28;30;5900;5119;59.2;51.4
977;2021-08-06;35;35;5935;5154;59.6;51.7
977;2021-08-07;56;27;5991;5181;60.1;52.0
977;2021-08-08;0;0;5991;5181;60.1;52.0
977;2021-08-09;7;5;5998;5186;60.2;52.1
977;2021-08-10;14;8;6012;5194;60.4;52.1
977;2021-08-11;36;18;6048;5212;60.7;52.3
977;2021-08-12;24;30;6072;5242;61.0;52.6
977;2021-08-13;32;14;6104;5256;61.3;52.8
977;2021-08-14;20;27;6124;5283;61.5;53.0
977;2021-08-15;0;0;6124;5283;61.5;53.0
977;2021-08-16;14;31;6138;5314;61.6;53.3
977;2021-08-17;15;8;6153;5322;61.8;53.4
977;2021-08-18;24;27;6177;5349;62.0;53.7
977;2021-08-19;31;35;6208;5384;62.3;54.1
977;2021-08-20;27;41;6235;5425;62.6;54.5
977;2021-08-21;34;39;6269;5464;62.9;54.9
977;2021-08-22;5;0;6274;5464;63.0;54.9
978;2020-12-27;0;0;0;0;0.0;0.0
978;2020-12-28;0;0;0;0;0.0;0.0
978;2020-12-29;0;0;0;0;0.0;0.0
978;2020-12-30;0;0;0;0;0.0;0.0
978;2020-12-31;0;0;0;0;0.0;0.0
978;2021-01-01;0;0;0;0;0.0;0.0
978;2021-01-02;0;0;0;0;0.0;0.0
978;2021-01-03;0;0;0;0;0.0;0.0
978;2021-01-04;0;0;0;0;0.0;0.0
978;2021-01-05;0;0;0;0;0.0;0.0
978;2021-01-06;0;0;0;0;0.0;0.0
978;2021-01-07;0;0;0;0;0.0;0.0
978;2021-01-08;0;0;0;0;0.0;0.0
978;2021-01-09;0;0;0;0;0.0;0.0
978;2021-01-10;0;0;0;0;0.0;0.0
978;2021-01-11;0;0;0;0;0.0;0.0
978;2021-01-12;0;0;0;0;0.0;0.0
978;2021-01-13;10;0;10;0;0.0;0.0
978;2021-01-14;12;0;22;0;0.1;0.0
978;2021-01-15;9;0;31;0;0.1;0.0
978;2021-01-16;0;0;31;0;0.1;0.0
978;2021-01-17;0;0;31;0;0.1;0.0
978;2021-01-18;0;0;31;0;0.1;0.0
978;2021-01-19;12;0;43;0;0.1;0.0
978;2021-01-20;13;0;56;0;0.2;0.0
978;2021-01-21;6;0;62;0;0.2;0.0
978;2021-01-22;0;0;62;0;0.2;0.0
978;2021-01-23;0;0;62;0;0.2;0.0
978;2021-01-24;0;0;62;0;0.2;0.0
978;2021-01-25;0;0;62;0;0.2;0.0
978;2021-01-26;9;0;71;0;0.2;0.0
978;2021-01-27;10;0;81;0;0.2;0.0
978;2021-01-28;6;1;87;1;0.2;0.0
978;2021-01-29;0;0;87;1;0.2;0.0
978;2021-01-30;0;0;87;1;0.2;0.0
978;2021-01-31;0;0;87;1;0.2;0.0
978;2021-02-01;1;0;88;1;0.2;0.0
978;2021-02-02;39;0;127;1;0.4;0.0
978;2021-02-03;11;0;138;1;0.4;0.0
978;2021-02-04;31;0;169;1;0.5;0.0
978;2021-02-05;6;0;175;1;0.5;0.0
978;2021-02-06;0;0;175;1;0.5;0.0
978;2021-02-07;0;0;175;1;0.5;0.0
978;2021-02-08;0;0;175;1;0.5;0.0
978;2021-02-09;38;0;213;1;0.6;0.0
978;2021-02-10;27;1;240;2;0.7;0.0
978;2021-02-11;0;0;240;2;0.7;0.0
978;2021-02-12;36;0;276;2;0.8;0.0
978;2021-02-13;0;0;276;2;0.8;0.0
978;2021-02-14;0;0;276;2;0.8;0.0
978;2021-02-15;50;1;326;3;0.9;0.0
978;2021-02-16;0;0;326;3;0.9;0.0
978;2021-02-17;0;0;326;3;0.9;0.0
978;2021-02-18;28;0;354;3;1.0;0.0
978;2021-02-19;44;0;398;3;1.1;0.0
978;2021-02-20;0;0;398;3;1.1;0.0
978;2021-02-21;0;0;398;3;1.1;0.0
978;2021-02-22;45;4;443;7;1.3;0.0
978;2021-02-23;41;29;484;36;1.4;0.1
978;2021-02-24;35;1;519;37;1.5;0.1
978;2021-02-25;55;36;574;73;1.6;0.2
978;2021-02-26;39;5;613;78;1.7;0.2
978;2021-02-27;0;0;613;78;1.7;0.2
978;2021-02-28;0;0;613;78;1.7;0.2
978;2021-03-01;49;5;662;83;1.9;0.2
978;2021-03-02;7;27;669;110;1.9;0.3
978;2021-03-03;52;28;721;138;2.0;0.4
978;2021-03-04;31;26;752;164;2.1;0.5
978;2021-03-05;46;10;798;174;2.3;0.5
978;2021-03-06;0;0;798;174;2.3;0.5
978;2021-03-07;0;0;798;174;2.3;0.5
978;2021-03-08;32;7;830;181;2.3;0.5
978;2021-03-09;19;27;849;208;2.4;0.6
978;2021-03-10;35;28;884;236;2.5;0.7
978;2021-03-11;2;0;886;236;2.5;0.7
978;2021-03-12;52;21;938;257;2.7;0.7
978;2021-03-13;13;0;951;257;2.7;0.7
978;2021-03-14;0;0;951;257;2.7;0.7
978;2021-03-15;31;41;982;298;2.8;0.8
978;2021-03-16;73;6;1055;304;3.0;0.9
978;2021-03-17;67;13;1122;317;3.2;0.9
978;2021-03-18;82;39;1204;356;3.4;1.0
978;2021-03-19;32;50;1236;406;3.5;1.1
978;2021-03-20;0;0;1236;406;3.5;1.1
978;2021-03-21;0;0;1236;406;3.5;1.1
978;2021-03-22;35;45;1271;451;3.6;1.3
978;2021-03-23;30;43;1301;494;3.7;1.4
978;2021-03-24;38;42;1339;536;3.8;1.5
978;2021-03-25;95;34;1434;570;4.1;1.6
978;2021-03-26;45;33;1479;603;4.2;1.7
978;2021-03-27;94;3;1573;606;4.5;1.7
978;2021-03-28;0;0;1573;606;4.5;1.7
978;2021-03-29;69;48;1642;654;4.6;1.9
978;2021-03-30;98;24;1740;678;4.9;1.9
978;2021-03-31;90;49;1830;727;5.2;2.1
978;2021-04-01;57;48;1887;775;5.3;2.2
978;2021-04-02;0;0;1887;775;5.3;2.2
978;2021-04-03;1;0;1888;775;5.3;2.2
978;2021-04-04;0;0;1888;775;5.3;2.2
978;2021-04-05;2;0;1890;775;5.3;2.2
978;2021-04-06;49;63;1939;838;5.5;2.4
978;2021-04-07;93;33;2032;871;5.8;2.5
978;2021-04-08;120;7;2152;878;6.1;2.5
978;2021-04-09;90;39;2242;917;6.3;2.6
978;2021-04-10;169;12;2411;929;6.8;2.6
978;2021-04-11;0;0;2411;929;6.8;2.6
978;2021-04-12;42;75;2453;1004;6.9;2.8
978;2021-04-13;49;71;2502;1075;7.1;3.0
978;2021-04-14;82;45;2584;1120;7.3;3.2
978;2021-04-15;92;22;2676;1142;7.6;3.2
978;2021-04-16;77;42;2753;1184;7.8;3.4
978;2021-04-17;165;4;2918;1188;8.3;3.4
978;2021-04-18;0;0;2918;1188;8.3;3.4
978;2021-04-19;52;67;2970;1255;8.4;3.6
978;2021-04-20;83;27;3053;1282;8.6;3.6
978;2021-04-21;91;29;3144;1311;8.9;3.7
978;2021-04-22;101;20;3245;1331;9.2;3.8
978;2021-04-23;45;66;3290;1397;9.3;4.0
978;2021-04-24;99;78;3389;1475;9.6;4.2
978;2021-04-25;0;0;3389;1475;9.6;4.2
978;2021-04-26;29;91;3418;1566;9.7;4.4
978;2021-04-27;59;63;3477;1629;9.8;4.6
978;2021-04-28;93;39;3570;1668;10.1;4.7
978;2021-04-29;89;31;3659;1699;10.4;4.8
978;2021-04-30;104;14;3763;1713;10.6;4.8
978;2021-05-01;0;8;3763;1721;10.6;4.9
978;2021-05-02;0;0;3763;1721;10.6;4.9
978;2021-05-03;25;99;3788;1820;10.7;5.2
978;2021-05-04;159;102;3947;1922;11.2;5.4
978;2021-05-05;142;59;4089;1981;11.6;5.6
978;2021-05-06;199;49;4288;2030;12.1;5.7
978;2021-05-07;127;71;4415;2101;12.5;5.9
978;2021-05-08;69;122;4484;2223;12.7;6.3
978;2021-05-09;0;0;4484;2223;12.7;6.3
978;2021-05-10;124;99;4608;2322;13.0;6.6
978;2021-05-11;132;72;4740;2394;13.4;6.8
978;2021-05-12;156;78;4896;2472;13.9;7.0
978;2021-05-13;83;6;4979;2478;14.1;7.0
978;2021-05-14;130;62;5109;2540;14.5;7.2
978;2021-05-15;87;4;5196;2544;14.7;7.2
978;2021-05-16;0;0;5196;2544;14.7;7.2
978;2021-05-17;146;115;5342;2659;15.1;7.5
978;2021-05-18;151;94;5493;2753;15.5;7.8
978;2021-05-19;84;69;5577;2822;15.8;8.0
978;2021-05-20;104;26;5681;2848;16.1;8.1
978;2021-05-21;98;52;5779;2900;16.4;8.2
978;2021-05-22;100;11;5879;2911;16.6;8.2
978;2021-05-23;0;0;5879;2911;16.6;8.2
978;2021-05-24;33;7;5912;2918;16.7;8.3
978;2021-05-25;119;78;6031;2996;17.1;8.5
978;2021-05-26;109;49;6140;3045;17.4;8.6
978;2021-05-27;112;42;6252;3087;17.7;8.7
978;2021-05-28;33;1;6285;3088;17.8;8.7
978;2021-05-29;60;213;6345;3301;18.0;9.3
978;2021-05-30;0;0;6345;3301;18.0;9.3
978;2021-05-31;112;63;6457;3364;18.3;9.5
978;2021-06-01;116;62;6573;3426;18.6;9.7
978;2021-06-02;131;33;6704;3459;19.0;9.8
978;2021-06-03;102;38;6806;3497;19.3;9.9
978;2021-06-04;128;70;6934;3567;19.6;10.1
978;2021-06-05;83;21;7017;3588;19.9;10.2
978;2021-06-06;0;0;7017;3588;19.9;10.2
978;2021-06-07;96;96;7113;3684;20.1;10.4
978;2021-06-08;82;89;7195;3773;20.4;10.7
978;2021-06-09;99;73;7294;3846;20.6;10.9
978;2021-06-10;112;63;7406;3909;21.0;11.1
978;2021-06-11;116;106;7522;4015;21.3;11.4
978;2021-06-12;57;30;7579;4045;21.4;11.4
978;2021-06-13;0;0;7579;4045;21.4;11.4
978;2021-06-14;106;127;7685;4172;21.7;11.8
978;2021-06-15;88;120;7773;4292;22.0;12.1
978;2021-06-16;105;148;7878;4440;22.3;12.6
978;2021-06-17;85;72;7963;4512;22.5;12.8
978;2021-06-18;67;99;8030;4611;22.7;13.0
978;2021-06-19;65;79;8095;4690;22.9;13.3
978;2021-06-20;0;0;8095;4690;22.9;13.3
978;2021-06-21;78;150;8173;4840;23.1;13.7
978;2021-06-22;71;103;8244;4943;23.3;14.0
978;2021-06-23;68;115;8312;5058;23.5;14.3
978;2021-06-24;44;75;8356;5133;23.6;14.5
978;2021-06-25;63;100;8419;5233;23.8;14.8
978;2021-06-26;35;61;8454;5294;23.9;15.0
978;2021-06-27;0;0;8454;5294;23.9;15.0
978;2021-06-28;74;131;8528;5425;24.1;15.4
978;2021-06-29;62;104;8590;5529;24.3;15.6
978;2021-06-30;56;110;8646;5639;24.5;16.0
978;2021-07-01;42;87;8688;5726;24.6;16.2
978;2021-07-02;52;90;8740;5816;24.7;16.5
978;2021-07-03;40;90;8780;5906;24.8;16.7
978;2021-07-04;0;1;8780;5907;24.8;16.7
978;2021-07-05;67;93;8847;6000;25.0;17.0
978;2021-07-06;55;75;8902;6075;25.2;17.2
978;2021-07-07;55;123;8957;6198;25.3;17.5
978;2021-07-08;54;107;9011;6305;25.5;17.8
978;2021-07-09;46;92;9057;6397;25.6;18.1
978;2021-07-10;38;85;9095;6482;25.7;18.3
978;2021-07-11;0;4;9095;6486;25.7;18.4
978;2021-07-12;71;130;9166;6616;25.9;18.7
978;2021-07-13;146;162;9312;6778;26.4;19.2
978;2021-07-14;3;0;9315;6778;26.4;19.2
978;2021-07-15;162;195;9477;6973;26.8;19.7
978;2021-07-16;113;113;9590;7086;27.1;20.1
978;2021-07-17;52;100;9642;7186;27.3;20.3
978;2021-07-18;0;0;9642;7186;27.3;20.3
978;2021-07-19;99;133;9741;7319;27.6;20.7
978;2021-07-20;80;74;9821;7393;27.8;20.9
978;2021-07-21;63;50;9884;7443;28.0;21.1
978;2021-07-22;99;115;9983;7558;28.3;21.4
978;2021-07-23;67;100;10050;7658;28.4;21.7
978;2021-07-24;20;35;10070;7693;28.5;21.8
978;2021-07-25;0;0;10070;7693;28.5;21.8
978;2021-07-26;94;116;10164;7809;28.8;22.1
978;2021-07-27;68;145;10232;7954;29.0;22.5
978;2021-07-28;72;127;10304;8081;29.2;22.9
978;2021-07-29;80;98;10384;8179;29.4;23.1
978;2021-07-30;82;116;10466;8295;29.6;23.5
978;2021-07-31;48;67;10514;8362;29.8;23.7
978;2021-08-01;0;0;10514;8362;29.8;23.7
978;2021-08-02;65;95;10579;8457;29.9;23.9
978;2021-08-03;60;94;10639;8551;30.1;24.2
978;2021-08-04;63;55;10702;8606;30.3;24.4
978;2021-08-05;48;70;10750;8676;30.4;24.6
978;2021-08-06;74;128;10824;8804;30.6;24.9
978;2021-08-07;43;44;10867;8848;30.8;25.0
978;2021-08-08;0;0;10867;8848;30.8;25.0
978;2021-08-09;138;150;11005;8998;31.1;25.5
978;2021-08-10;82;93;11087;9091;31.4;25.7
978;2021-08-11;106;100;11193;9191;31.7;26.0
978;2021-08-12;99;99;11292;9290;32.0;26.3
978;2021-08-13;131;74;11423;9364;32.3;26.5
978;2021-08-14;74;99;11497;9463;32.5;26.8
978;2021-08-15;0;0;11497;9463;32.5;26.8
978;2021-08-16;45;70;11542;9533;32.7;27.0
978;2021-08-17;32;33;11574;9566;32.8;27.1
978;2021-08-18;35;55;11609;9621;32.9;27.2
978;2021-08-19;34;25;11643;9646;33.0;27.3
978;2021-08-20;46;60;11689;9706;33.1;27.5
978;2021-08-21;0;0;11689;9706;33.1;27.5
978;2021-08-22;0;0;11689;9706;33.1;27.5
